ASN00041110,19090301,PRCP,0,,,a,
ASN00041110,19090302,PRCP,0,,,a,
ASN00041110,19090303,PRCP,0,,,a,
ASN00041110,19090304,PRCP,0,,,a,
ASN00041110,19090305,PRCP,0,,,a,
ASN00041110,19090306,PRCP,0,,,a,
ASN00041110,19090307,PRCP,0,,,a,
ASN00041110,19090308,PRCP,0,,,a,
ASN00041110,19090309,PRCP,0,,,a,
ASN00041110,19090310,PRCP,0,,,a,
ASN00041110,19090311,PRCP,0,,,a,
ASN00041110,19090312,PRCP,0,,,a,
ASN00041110,19090313,PRCP,0,,,a,
ASN00041110,19090314,PRCP,0,,,a,
ASN00041110,19090315,PRCP,97,,,a,
ASN00041110,19090316,PRCP,76,,,a,
ASN00041110,19090317,PRCP,0,,,a,
ASN00041110,19090318,PRCP,0,,,a,
ASN00041110,19090319,PRCP,0,,,a,
ASN00041110,19090320,PRCP,0,,,a,
ASN00041110,19090321,PRCP,0,,,a,
ASN00041110,19090322,PRCP,0,,,a,
ASN00041110,19090323,PRCP,0,,,a,
ASN00041110,19090324,PRCP,0,,,a,
ASN00041110,19090325,PRCP,0,,,a,
ASN00041110,19090326,PRCP,0,,,a,
ASN00041110,19090327,PRCP,0,,,a,
ASN00041110,19090328,PRCP,0,,,a,
ASN00041110,19090329,PRCP,0,,,a,
ASN00041110,19090330,PRCP,0,,,a,
ASN00041110,19090331,PRCP,0,,,a,
ASN00041110,19090401,PRCP,0,,,a,
ASN00041110,19090402,PRCP,0,,,a,
ASN00041110,19090403,PRCP,0,,,a,
ASN00041110,19090404,PRCP,0,,,a,
ASN00041110,19090405,PRCP,0,,,a,
ASN00041110,19090406,PRCP,0,,,a,
ASN00041110,19090407,PRCP,0,,,a,
ASN00041110,19090408,PRCP,0,,,a,
ASN00041110,19090409,PRCP,0,,,a,
ASN00041110,19090410,PRCP,0,,,a,
ASN00041110,19090411,PRCP,0,,,a,
ASN00041110,19090412,PRCP,0,,,a,
ASN00041110,19090413,PRCP,0,,,a,
ASN00041110,19090414,PRCP,0,,,a,
ASN00041110,19090415,PRCP,0,,,a,
ASN00041110,19090416,PRCP,0,,,a,
ASN00041110,19090417,PRCP,0,,,a,
ASN00041110,19090418,PRCP,0,,,a,
ASN00041110,19090419,PRCP,0,,,a,
ASN00041110,19090420,PRCP,0,,,a,
ASN00041110,19090421,PRCP,307,,,a,
ASN00041110,19090422,PRCP,152,,,a,
ASN00041110,19090423,PRCP,0,,,a,
ASN00041110,19090424,PRCP,0,,,a,
ASN00041110,19090425,PRCP,0,,,a,
ASN00041110,19090426,PRCP,97,,,a,
ASN00041110,19090427,PRCP,0,,,a,
ASN00041110,19090428,PRCP,0,,,a,
ASN00041110,19090429,PRCP,0,,,a,
ASN00041110,19090430,PRCP,0,,,a,
ASN00041110,19090601,PRCP,0,,,a,
ASN00041110,19090602,PRCP,0,,,a,
ASN00041110,19090603,PRCP,0,,,a,
ASN00041110,19090604,PRCP,0,,,a,
ASN00041110,19090605,PRCP,0,,,a,
ASN00041110,19090606,PRCP,0,,,a,
ASN00041110,19090607,PRCP,0,,,a,
ASN00041110,19090608,PRCP,0,,,a,
ASN00041110,19090609,PRCP,0,,,a,
ASN00041110,19090610,PRCP,0,,,a,
ASN00041110,19090611,PRCP,0,,,a,
ASN00041110,19090612,PRCP,0,,,a,
ASN00041110,19090613,PRCP,0,,,a,
ASN00041110,19090614,PRCP,0,,,a,
ASN00041110,19090615,PRCP,91,,,a,
ASN00041110,19090616,PRCP,0,,,a,
ASN00041110,19090617,PRCP,0,,,a,
ASN00041110,19090618,PRCP,0,,,a,
ASN00041110,19090619,PRCP,0,,,a,
ASN00041110,19090620,PRCP,0,,,a,
ASN00041110,19090621,PRCP,0,,,a,
ASN00041110,19090622,PRCP,0,,,a,
ASN00041110,19090623,PRCP,0,,,a,
ASN00041110,19090624,PRCP,0,,,a,
ASN00041110,19090625,PRCP,0,,,a,
ASN00041110,19090626,PRCP,0,,,a,
ASN00041110,19090627,PRCP,122,,,a,
ASN00041110,19090628,PRCP,0,,,a,
ASN00041110,19090629,PRCP,0,,,a,
ASN00041110,19090630,PRCP,152,,,a,
ASN00041110,19090701,PRCP,0,,,a,
ASN00041110,19090702,PRCP,0,,,a,
ASN00041110,19090703,PRCP,0,,,a,
ASN00041110,19090704,PRCP,0,,,a,
ASN00041110,19090705,PRCP,0,,,a,
ASN00041110,19090706,PRCP,0,,,a,
ASN00041110,19090707,PRCP,38,,,a,
ASN00041110,19090708,PRCP,0,,,a,
ASN00041110,19090709,PRCP,0,,,a,
ASN00041110,19090710,PRCP,0,,,a,
ASN00041110,19090711,PRCP,0,,,a,
ASN00041110,19090712,PRCP,0,,,a,
ASN00041110,19090713,PRCP,0,,,a,
ASN00041110,19090714,PRCP,0,,,a,
ASN00041110,19090715,PRCP,0,,,a,
ASN00041110,19090716,PRCP,216,,,a,
ASN00041110,19090717,PRCP,13,,,a,
ASN00041110,19090718,PRCP,0,,,a,
ASN00041110,19090719,PRCP,0,,,a,
ASN00041110,19090720,PRCP,0,,,a,
ASN00041110,19090721,PRCP,0,,,a,
ASN00041110,19090722,PRCP,0,,,a,
ASN00041110,19090723,PRCP,0,,,a,
ASN00041110,19090724,PRCP,0,,,a,
ASN00041110,19090725,PRCP,0,,,a,
ASN00041110,19090726,PRCP,0,,,a,
ASN00041110,19090727,PRCP,0,,,a,
ASN00041110,19090728,PRCP,0,,,a,
ASN00041110,19090729,PRCP,0,,,a,
ASN00041110,19090730,PRCP,25,,,a,
ASN00041110,19090731,PRCP,0,,,a,
ASN00041110,19090801,PRCP,0,,,a,
ASN00041110,19090802,PRCP,0,,,a,
ASN00041110,19090803,PRCP,0,,,a,
ASN00041110,19090804,PRCP,0,,,a,
ASN00041110,19090805,PRCP,0,,,a,
ASN00041110,19090806,PRCP,0,,,a,
ASN00041110,19090807,PRCP,0,,,a,
ASN00041110,19090808,PRCP,0,,,a,
ASN00041110,19090809,PRCP,69,,,a,
ASN00041110,19090810,PRCP,30,,,a,
ASN00041110,19090811,PRCP,0,,,a,
ASN00041110,19090812,PRCP,160,,,a,
ASN00041110,19090813,PRCP,0,,,a,
ASN00041110,19090814,PRCP,0,,,a,
ASN00041110,19090815,PRCP,0,,,a,
ASN00041110,19090816,PRCP,0,,,a,
ASN00041110,19090817,PRCP,0,,,a,
ASN00041110,19090818,PRCP,23,,,a,
ASN00041110,19090819,PRCP,0,,,a,
ASN00041110,19090820,PRCP,0,,,a,
ASN00041110,19090821,PRCP,99,,,a,
ASN00041110,19090822,PRCP,8,,,a,
ASN00041110,19090823,PRCP,300,,,a,
ASN00041110,19090824,PRCP,0,,,a,
ASN00041110,19090825,PRCP,0,,,a,
ASN00041110,19090826,PRCP,0,,,a,
ASN00041110,19090827,PRCP,0,,,a,
ASN00041110,19090828,PRCP,0,,,a,
ASN00041110,19090829,PRCP,0,,,a,
ASN00041110,19090830,PRCP,0,,,a,
ASN00041110,19090831,PRCP,18,,,a,
ASN00041110,19090901,PRCP,0,,,a,
ASN00041110,19090902,PRCP,0,,,a,
ASN00041110,19090903,PRCP,0,,,a,
ASN00041110,19090904,PRCP,30,,,a,
ASN00041110,19090905,PRCP,0,,,a,
ASN00041110,19090906,PRCP,0,,,a,
ASN00041110,19090907,PRCP,0,,,a,
ASN00041110,19090908,PRCP,0,,,a,
ASN00041110,19090909,PRCP,0,,,a,
ASN00041110,19090910,PRCP,178,,,a,
ASN00041110,19090911,PRCP,13,,,a,
ASN00041110,19090912,PRCP,38,,,a,
ASN00041110,19090913,PRCP,0,,,a,
ASN00041110,19090914,PRCP,0,,,a,
ASN00041110,19090915,PRCP,0,,,a,
ASN00041110,19090916,PRCP,46,,,a,
ASN00041110,19090917,PRCP,0,,,a,
ASN00041110,19090918,PRCP,0,,,a,
ASN00041110,19090919,PRCP,0,,,a,
ASN00041110,19090920,PRCP,0,,,a,
ASN00041110,19090921,PRCP,0,,,a,
ASN00041110,19090922,PRCP,0,,,a,
ASN00041110,19090923,PRCP,0,,,a,
ASN00041110,19090924,PRCP,0,,,a,
ASN00041110,19090925,PRCP,0,,,a,
ASN00041110,19090926,PRCP,0,,,a,
ASN00041110,19090927,PRCP,0,,,a,
ASN00041110,19090928,PRCP,0,,,a,
ASN00041110,19090929,PRCP,0,,,a,
ASN00041110,19090930,PRCP,0,,,a,
ASN00041110,19091001,PRCP,0,,,a,
ASN00041110,19091002,PRCP,0,,,a,
ASN00041110,19091003,PRCP,0,,,a,
ASN00041110,19091004,PRCP,0,,,a,
ASN00041110,19091005,PRCP,0,,,a,
ASN00041110,19091006,PRCP,0,,,a,
ASN00041110,19091007,PRCP,0,,,a,
ASN00041110,19091008,PRCP,0,,,a,
ASN00041110,19091009,PRCP,0,,,a,
ASN00041110,19091010,PRCP,0,,,a,
ASN00041110,19091011,PRCP,0,,,a,
ASN00041110,19091012,PRCP,0,,,a,
ASN00041110,19091013,PRCP,0,,,a,
ASN00041110,19091014,PRCP,0,,,a,
ASN00041110,19091015,PRCP,0,,,a,
ASN00041110,19091016,PRCP,356,,,a,
ASN00041110,19091017,PRCP,0,,,a,
ASN00041110,19091018,PRCP,0,,,a,
ASN00041110,19091019,PRCP,0,,,a,
ASN00041110,19091020,PRCP,8,,,a,
ASN00041110,19091021,PRCP,0,,,a,
ASN00041110,19091022,PRCP,0,,,a,
ASN00041110,19091023,PRCP,0,,,a,
ASN00041110,19091024,PRCP,0,,,a,
ASN00041110,19091025,PRCP,69,,,a,
ASN00041110,19091026,PRCP,30,,,a,
ASN00041110,19091027,PRCP,0,,,a,
ASN00041110,19091028,PRCP,38,,,a,
ASN00041110,19091029,PRCP,0,,,a,
ASN00041110,19091030,PRCP,0,,,a,
ASN00041110,19091031,PRCP,0,,,a,
ASN00041110,19091101,PRCP,13,,,a,
ASN00041110,19091102,PRCP,0,,,a,
ASN00041110,19091103,PRCP,0,,,a,
ASN00041110,19091104,PRCP,0,,,a,
ASN00041110,19091105,PRCP,0,,,a,
ASN00041110,19091106,PRCP,0,,,a,
ASN00041110,19091107,PRCP,0,,,a,
ASN00041110,19091108,PRCP,0,,,a,
ASN00041110,19091109,PRCP,0,,,a,
ASN00041110,19091110,PRCP,0,,,a,
ASN00041110,19091111,PRCP,0,,,a,
ASN00041110,19091112,PRCP,0,,,a,
ASN00041110,19091113,PRCP,0,,,a,
ASN00041110,19091114,PRCP,0,,,a,
ASN00041110,19091115,PRCP,0,,,a,
ASN00041110,19091116,PRCP,0,,,a,
ASN00041110,19091117,PRCP,0,,,a,
ASN00041110,19091118,PRCP,41,,,a,
ASN00041110,19091119,PRCP,0,,,a,
ASN00041110,19091120,PRCP,0,,,a,
ASN00041110,19091121,PRCP,0,,,a,
ASN00041110,19091122,PRCP,0,,,a,
ASN00041110,19091123,PRCP,0,,,a,
ASN00041110,19091124,PRCP,0,,,a,
ASN00041110,19091125,PRCP,0,,,a,
ASN00041110,19091126,PRCP,0,,,a,
ASN00041110,19091127,PRCP,0,,,a,
ASN00041110,19091128,PRCP,198,,,a,
ASN00041110,19091129,PRCP,38,,,a,
ASN00041110,19091130,PRCP,0,,,a,
ASN00041110,19091201,PRCP,0,,,a,
ASN00041110,19091202,PRCP,119,,,a,
ASN00041110,19091203,PRCP,0,,,a,
ASN00041110,19091204,PRCP,56,,,a,
ASN00041110,19091205,PRCP,0,,,a,
ASN00041110,19091206,PRCP,0,,,a,
ASN00041110,19091207,PRCP,0,,,a,
ASN00041110,19091208,PRCP,0,,,a,
ASN00041110,19091209,PRCP,0,,,a,
ASN00041110,19091210,PRCP,0,,,a,
ASN00041110,19091211,PRCP,0,,,a,
ASN00041110,19091212,PRCP,0,,,a,
ASN00041110,19091213,PRCP,0,,,a,
ASN00041110,19091214,PRCP,0,,,a,
ASN00041110,19091215,PRCP,28,,,a,
ASN00041110,19091216,PRCP,0,,,a,
ASN00041110,19091217,PRCP,0,,,a,
ASN00041110,19091218,PRCP,0,,,a,
ASN00041110,19091219,PRCP,0,,,a,
ASN00041110,19091220,PRCP,0,,,a,
ASN00041110,19091221,PRCP,0,,,a,
ASN00041110,19091222,PRCP,0,,,a,
ASN00041110,19091223,PRCP,127,,,a,
ASN00041110,19091224,PRCP,0,,,a,
ASN00041110,19091225,PRCP,38,,,a,
ASN00041110,19091226,PRCP,53,,,a,
ASN00041110,19091227,PRCP,0,,,a,
ASN00041110,19091228,PRCP,51,,,a,
ASN00041110,19091229,PRCP,399,,,a,
ASN00041110,19091230,PRCP,76,,,a,
ASN00041110,19091231,PRCP,0,,,a,
ASN00041110,19100101,PRCP,0,,,a,
ASN00041110,19100102,PRCP,0,,,a,
ASN00041110,19100103,PRCP,0,,,a,
ASN00041110,19100104,PRCP,0,,,a,
ASN00041110,19100105,PRCP,0,,,a,
ASN00041110,19100106,PRCP,0,,,a,
ASN00041110,19100107,PRCP,0,,,a,
ASN00041110,19100108,PRCP,0,,,a,
ASN00041110,19100109,PRCP,69,,,a,
ASN00041110,19100110,PRCP,160,,,a,
ASN00041110,19100111,PRCP,25,,,a,
ASN00041110,19100112,PRCP,254,,,a,
ASN00041110,19100113,PRCP,709,,,a,
ASN00041110,19100114,PRCP,579,,,a,
ASN00041110,19100115,PRCP,340,,,a,
ASN00041110,19100116,PRCP,53,,,a,
ASN00041110,19100117,PRCP,0,,,a,
ASN00041110,19100118,PRCP,0,,,a,
ASN00041110,19100119,PRCP,0,,,a,
ASN00041110,19100120,PRCP,117,,,a,
ASN00041110,19100121,PRCP,41,,,a,
ASN00041110,19100122,PRCP,84,,,a,
ASN00041110,19100123,PRCP,0,,,a,
ASN00041110,19100124,PRCP,0,,,a,
ASN00041110,19100125,PRCP,0,,,a,
ASN00041110,19100126,PRCP,0,,,a,
ASN00041110,19100127,PRCP,0,,,a,
ASN00041110,19100128,PRCP,0,,,a,
ASN00041110,19100129,PRCP,0,,,a,
ASN00041110,19100130,PRCP,0,,,a,
ASN00041110,19100131,PRCP,0,,,a,
ASN00041110,19100201,PRCP,0,,,a,
ASN00041110,19100202,PRCP,0,,,a,
ASN00041110,19100203,PRCP,0,,,a,
ASN00041110,19100204,PRCP,0,,,a,
ASN00041110,19100205,PRCP,0,,,a,
ASN00041110,19100206,PRCP,94,,,a,
ASN00041110,19100207,PRCP,97,,,a,
ASN00041110,19100208,PRCP,0,,,a,
ASN00041110,19100209,PRCP,597,,,a,
ASN00041110,19100210,PRCP,0,,,a,
ASN00041110,19100211,PRCP,229,,,a,
ASN00041110,19100212,PRCP,53,,,a,
ASN00041110,19100213,PRCP,0,,,a,
ASN00041110,19100214,PRCP,0,,,a,
ASN00041110,19100215,PRCP,0,,,a,
ASN00041110,19100216,PRCP,0,,,a,
ASN00041110,19100217,PRCP,0,,,a,
ASN00041110,19100218,PRCP,0,,,a,
ASN00041110,19100219,PRCP,0,,,a,
ASN00041110,19100220,PRCP,0,,,a,
ASN00041110,19100221,PRCP,0,,,a,
ASN00041110,19100222,PRCP,0,,,a,
ASN00041110,19100223,PRCP,0,,,a,
ASN00041110,19100224,PRCP,0,,,a,
ASN00041110,19100225,PRCP,0,,,a,
ASN00041110,19100226,PRCP,0,,,a,
ASN00041110,19100227,PRCP,0,,,a,
ASN00041110,19100228,PRCP,0,,,a,
ASN00041110,19100301,PRCP,0,,,a,
ASN00041110,19100302,PRCP,0,,,a,
ASN00041110,19100303,PRCP,0,,,a,
ASN00041110,19100304,PRCP,0,,,a,
ASN00041110,19100305,PRCP,0,,,a,
ASN00041110,19100306,PRCP,0,,,a,
ASN00041110,19100307,PRCP,216,,,a,
ASN00041110,19100308,PRCP,0,,,a,
ASN00041110,19100309,PRCP,0,,,a,
ASN00041110,19100310,PRCP,0,,,a,
ASN00041110,19100311,PRCP,0,,,a,
ASN00041110,19100312,PRCP,0,,,a,
ASN00041110,19100313,PRCP,28,,,a,
ASN00041110,19100314,PRCP,0,,,a,
ASN00041110,19100315,PRCP,0,,,a,
ASN00041110,19100316,PRCP,152,,,a,
ASN00041110,19100317,PRCP,0,,,a,
ASN00041110,19100318,PRCP,0,,,a,
ASN00041110,19100319,PRCP,0,,,a,
ASN00041110,19100320,PRCP,254,,,a,
ASN00041110,19100321,PRCP,25,,,a,
ASN00041110,19100322,PRCP,0,,,a,
ASN00041110,19100323,PRCP,0,,,a,
ASN00041110,19100324,PRCP,0,,,a,
ASN00041110,19100325,PRCP,0,,,a,
ASN00041110,19100326,PRCP,0,,,a,
ASN00041110,19100327,PRCP,0,,,a,
ASN00041110,19100328,PRCP,0,,,a,
ASN00041110,19100329,PRCP,0,,,a,
ASN00041110,19100330,PRCP,0,,,a,
ASN00041110,19100331,PRCP,0,,,a,
ASN00041110,19100401,PRCP,0,,,a,
ASN00041110,19100402,PRCP,0,,,a,
ASN00041110,19100403,PRCP,0,,,a,
ASN00041110,19100404,PRCP,0,,,a,
ASN00041110,19100405,PRCP,0,,,a,
ASN00041110,19100406,PRCP,0,,,a,
ASN00041110,19100407,PRCP,0,,,a,
ASN00041110,19100408,PRCP,0,,,a,
ASN00041110,19100409,PRCP,0,,,a,
ASN00041110,19100410,PRCP,0,,,a,
ASN00041110,19100411,PRCP,0,,,a,
ASN00041110,19100412,PRCP,0,,,a,
ASN00041110,19100413,PRCP,0,,,a,
ASN00041110,19100414,PRCP,0,,,a,
ASN00041110,19100415,PRCP,25,,,a,
ASN00041110,19100416,PRCP,0,,,a,
ASN00041110,19100417,PRCP,0,,,a,
ASN00041110,19100418,PRCP,0,,,a,
ASN00041110,19100419,PRCP,0,,,a,
ASN00041110,19100420,PRCP,89,,,a,
ASN00041110,19100421,PRCP,0,,,a,
ASN00041110,19100422,PRCP,0,,,a,
ASN00041110,19100423,PRCP,0,,,a,
ASN00041110,19100424,PRCP,0,,,a,
ASN00041110,19100425,PRCP,0,,,a,
ASN00041110,19100426,PRCP,0,,,a,
ASN00041110,19100427,PRCP,0,,,a,
ASN00041110,19100428,PRCP,0,,,a,
ASN00041110,19100429,PRCP,0,,,a,
ASN00041110,19100430,PRCP,0,,,a,
ASN00041110,19100501,PRCP,0,,,a,
ASN00041110,19100502,PRCP,0,,,a,
ASN00041110,19100503,PRCP,0,,,a,
ASN00041110,19100504,PRCP,0,,,a,
ASN00041110,19100505,PRCP,0,,,a,
ASN00041110,19100506,PRCP,0,,,a,
ASN00041110,19100507,PRCP,0,,,a,
ASN00041110,19100508,PRCP,0,,,a,
ASN00041110,19100509,PRCP,0,,,a,
ASN00041110,19100510,PRCP,0,,,a,
ASN00041110,19100511,PRCP,0,,,a,
ASN00041110,19100512,PRCP,0,,,a,
ASN00041110,19100513,PRCP,0,,,a,
ASN00041110,19100514,PRCP,0,,,a,
ASN00041110,19100515,PRCP,0,,,a,
ASN00041110,19100516,PRCP,0,,,a,
ASN00041110,19100517,PRCP,0,,,a,
ASN00041110,19100518,PRCP,0,,,a,
ASN00041110,19100519,PRCP,89,,,a,
ASN00041110,19100520,PRCP,0,,,a,
ASN00041110,19100521,PRCP,0,,,a,
ASN00041110,19100522,PRCP,0,,,a,
ASN00041110,19100523,PRCP,0,,,a,
ASN00041110,19100524,PRCP,0,,,a,
ASN00041110,19100525,PRCP,0,,,a,
ASN00041110,19100526,PRCP,0,,,a,
ASN00041110,19100527,PRCP,0,,,a,
ASN00041110,19100528,PRCP,0,,,a,
ASN00041110,19100529,PRCP,0,,,a,
ASN00041110,19100530,PRCP,0,,,a,
ASN00041110,19100531,PRCP,0,,,a,
ASN00041110,19100601,PRCP,61,,,a,
ASN00041110,19100602,PRCP,528,,,a,
ASN00041110,19100603,PRCP,0,,,a,
ASN00041110,19100604,PRCP,0,,,a,
ASN00041110,19100605,PRCP,0,,,a,
ASN00041110,19100606,PRCP,0,,,a,
ASN00041110,19100607,PRCP,0,,,a,
ASN00041110,19100608,PRCP,0,,,a,
ASN00041110,19100609,PRCP,0,,,a,
ASN00041110,19100610,PRCP,0,,,a,
ASN00041110,19100611,PRCP,0,,,a,
ASN00041110,19100612,PRCP,0,,,a,
ASN00041110,19100613,PRCP,0,,,a,
ASN00041110,19100614,PRCP,0,,,a,
ASN00041110,19100615,PRCP,0,,,a,
ASN00041110,19100616,PRCP,0,,,a,
ASN00041110,19100617,PRCP,0,,,a,
ASN00041110,19100618,PRCP,0,,,a,
ASN00041110,19100619,PRCP,0,,,a,
ASN00041110,19100620,PRCP,0,,,a,
ASN00041110,19100621,PRCP,0,,,a,
ASN00041110,19100622,PRCP,0,,,a,
ASN00041110,19100623,PRCP,0,,,a,
ASN00041110,19100624,PRCP,145,,,a,
ASN00041110,19100625,PRCP,51,,,a,
ASN00041110,19100626,PRCP,58,,,a,
ASN00041110,19100627,PRCP,0,,,a,
ASN00041110,19100628,PRCP,0,,,a,
ASN00041110,19100629,PRCP,58,,,a,
ASN00041110,19100630,PRCP,8,,,a,
ASN00041110,19100701,PRCP,0,,,a,
ASN00041110,19100702,PRCP,0,,,a,
ASN00041110,19100703,PRCP,0,,,a,
ASN00041110,19100704,PRCP,64,,,a,
ASN00041110,19100705,PRCP,356,,,a,
ASN00041110,19100706,PRCP,124,,,a,
ASN00041110,19100707,PRCP,0,,,a,
ASN00041110,19100708,PRCP,0,,,a,
ASN00041110,19100709,PRCP,0,,,a,
ASN00041110,19100710,PRCP,0,,,a,
ASN00041110,19100711,PRCP,0,,,a,
ASN00041110,19100712,PRCP,0,,,a,
ASN00041110,19100713,PRCP,0,,,a,
ASN00041110,19100714,PRCP,25,,,a,
ASN00041110,19100715,PRCP,15,,,a,
ASN00041110,19100716,PRCP,0,,,a,
ASN00041110,19100717,PRCP,0,,,a,
ASN00041110,19100718,PRCP,0,,,a,
ASN00041110,19100719,PRCP,0,,,a,
ASN00041110,19100720,PRCP,0,,,a,
ASN00041110,19100721,PRCP,0,,,a,
ASN00041110,19100722,PRCP,0,,,a,
ASN00041110,19100723,PRCP,0,,,a,
ASN00041110,19100724,PRCP,0,,,a,
ASN00041110,19100725,PRCP,0,,,a,
ASN00041110,19100726,PRCP,0,,,a,
ASN00041110,19100727,PRCP,0,,,a,
ASN00041110,19100728,PRCP,0,,,a,
ASN00041110,19100729,PRCP,0,,,a,
ASN00041110,19100730,PRCP,0,,,a,
ASN00041110,19100731,PRCP,0,,,a,
ASN00041110,19100801,PRCP,0,,,a,
ASN00041110,19100802,PRCP,114,,,a,
ASN00041110,19100803,PRCP,0,,,a,
ASN00041110,19100804,PRCP,0,,,a,
ASN00041110,19100805,PRCP,0,,,a,
ASN00041110,19100806,PRCP,0,,,a,
ASN00041110,19100807,PRCP,0,,,a,
ASN00041110,19100808,PRCP,0,,,a,
ASN00041110,19100809,PRCP,0,,,a,
ASN00041110,19100810,PRCP,0,,,a,
ASN00041110,19100811,PRCP,0,,,a,
ASN00041110,19100812,PRCP,0,,,a,
ASN00041110,19100813,PRCP,0,,,a,
ASN00041110,19100814,PRCP,0,,,a,
ASN00041110,19100815,PRCP,0,,,a,
ASN00041110,19100816,PRCP,0,,,a,
ASN00041110,19100817,PRCP,0,,,a,
ASN00041110,19100818,PRCP,0,,,a,
ASN00041110,19100819,PRCP,0,,,a,
ASN00041110,19100820,PRCP,0,,,a,
ASN00041110,19100821,PRCP,0,,,a,
ASN00041110,19100822,PRCP,0,,,a,
ASN00041110,19100823,PRCP,0,,,a,
ASN00041110,19100824,PRCP,0,,,a,
ASN00041110,19100825,PRCP,0,,,a,
ASN00041110,19100826,PRCP,0,,,a,
ASN00041110,19100827,PRCP,0,,,a,
ASN00041110,19100828,PRCP,0,,,a,
ASN00041110,19100829,PRCP,0,,,a,
ASN00041110,19100830,PRCP,0,,,a,
ASN00041110,19100831,PRCP,0,,,a,
ASN00041110,19100901,PRCP,0,,,a,
ASN00041110,19100902,PRCP,0,,,a,
ASN00041110,19100903,PRCP,0,,,a,
ASN00041110,19100904,PRCP,0,,,a,
ASN00041110,19100905,PRCP,0,,,a,
ASN00041110,19100906,PRCP,0,,,a,
ASN00041110,19100907,PRCP,56,,,a,
ASN00041110,19100908,PRCP,0,,,a,
ASN00041110,19100909,PRCP,36,,,a,
ASN00041110,19100910,PRCP,0,,,a,
ASN00041110,19100911,PRCP,0,,,a,
ASN00041110,19100912,PRCP,0,,,a,
ASN00041110,19100913,PRCP,0,,,a,
ASN00041110,19100914,PRCP,0,,,a,
ASN00041110,19100915,PRCP,0,,,a,
ASN00041110,19100916,PRCP,0,,,a,
ASN00041110,19100917,PRCP,0,,,a,
ASN00041110,19100918,PRCP,41,,,a,
ASN00041110,19100919,PRCP,0,,,a,
ASN00041110,19100920,PRCP,0,,,a,
ASN00041110,19100921,PRCP,0,,,a,
ASN00041110,19100922,PRCP,0,,,a,
ASN00041110,19100923,PRCP,0,,,a,
ASN00041110,19100924,PRCP,0,,,a,
ASN00041110,19100925,PRCP,0,,,a,
ASN00041110,19100926,PRCP,0,,,a,
ASN00041110,19100927,PRCP,0,,,a,
ASN00041110,19100928,PRCP,239,,,a,
ASN00041110,19100929,PRCP,0,,,a,
ASN00041110,19100930,PRCP,0,,,a,
ASN00041110,19101001,PRCP,58,,,a,
ASN00041110,19101002,PRCP,0,,,a,
ASN00041110,19101003,PRCP,0,,,a,
ASN00041110,19101004,PRCP,0,,,a,
ASN00041110,19101005,PRCP,25,,,a,
ASN00041110,19101006,PRCP,0,,,a,
ASN00041110,19101007,PRCP,48,,,a,
ASN00041110,19101008,PRCP,0,,,a,
ASN00041110,19101009,PRCP,173,,,a,
ASN00041110,19101010,PRCP,0,,,a,
ASN00041110,19101011,PRCP,0,,,a,
ASN00041110,19101012,PRCP,0,,,a,
ASN00041110,19101013,PRCP,0,,,a,
ASN00041110,19101014,PRCP,0,,,a,
ASN00041110,19101015,PRCP,0,,,a,
ASN00041110,19101016,PRCP,0,,,a,
ASN00041110,19101017,PRCP,0,,,a,
ASN00041110,19101018,PRCP,0,,,a,
ASN00041110,19101019,PRCP,0,,,a,
ASN00041110,19101020,PRCP,0,,,a,
ASN00041110,19101021,PRCP,264,,,a,
ASN00041110,19101022,PRCP,0,,,a,
ASN00041110,19101023,PRCP,0,,,a,
ASN00041110,19101024,PRCP,0,,,a,
ASN00041110,19101025,PRCP,0,,,a,
ASN00041110,19101026,PRCP,0,,,a,
ASN00041110,19101027,PRCP,0,,,a,
ASN00041110,19101028,PRCP,0,,,a,
ASN00041110,19101029,PRCP,0,,,a,
ASN00041110,19101030,PRCP,0,,,a,
ASN00041110,19101031,PRCP,0,,,a,
ASN00041110,19101101,PRCP,0,,,a,
ASN00041110,19101102,PRCP,0,,,a,
ASN00041110,19101103,PRCP,0,,,a,
ASN00041110,19101104,PRCP,0,,,a,
ASN00041110,19101105,PRCP,0,,,a,
ASN00041110,19101106,PRCP,89,,,a,
ASN00041110,19101107,PRCP,160,,,a,
ASN00041110,19101108,PRCP,58,,,a,
ASN00041110,19101109,PRCP,0,,,a,
ASN00041110,19101110,PRCP,0,,,a,
ASN00041110,19101111,PRCP,23,,,a,
ASN00041110,19101112,PRCP,221,,,a,
ASN00041110,19101113,PRCP,0,,,a,
ASN00041110,19101114,PRCP,0,,,a,
ASN00041110,19101115,PRCP,0,,,a,
ASN00041110,19101116,PRCP,0,,,a,
ASN00041110,19101117,PRCP,0,,,a,
ASN00041110,19101118,PRCP,0,,,a,
ASN00041110,19101119,PRCP,0,,,a,
ASN00041110,19101120,PRCP,0,,,a,
ASN00041110,19101121,PRCP,0,,,a,
ASN00041110,19101122,PRCP,0,,,a,
ASN00041110,19101123,PRCP,0,,,a,
ASN00041110,19101124,PRCP,0,,,a,
ASN00041110,19101125,PRCP,0,,,a,
ASN00041110,19101126,PRCP,0,,,a,
ASN00041110,19101127,PRCP,0,,,a,
ASN00041110,19101128,PRCP,0,,,a,
ASN00041110,19101129,PRCP,0,,,a,
ASN00041110,19101130,PRCP,0,,,a,
ASN00041110,19101201,PRCP,18,,,a,
ASN00041110,19101202,PRCP,0,,,a,
ASN00041110,19101203,PRCP,0,,,a,
ASN00041110,19101204,PRCP,0,,,a,
ASN00041110,19101205,PRCP,0,,,a,
ASN00041110,19101206,PRCP,0,,,a,
ASN00041110,19101207,PRCP,0,,,a,
ASN00041110,19101208,PRCP,445,,,a,
ASN00041110,19101209,PRCP,244,,,a,
ASN00041110,19101210,PRCP,229,,,a,
ASN00041110,19101211,PRCP,0,,,a,
ASN00041110,19101212,PRCP,455,,,a,
ASN00041110,19101213,PRCP,0,,,a,
ASN00041110,19101214,PRCP,13,,,a,
ASN00041110,19101215,PRCP,0,,,a,
ASN00041110,19101216,PRCP,0,,,a,
ASN00041110,19101217,PRCP,51,,,a,
ASN00041110,19101218,PRCP,0,,,a,
ASN00041110,19101219,PRCP,0,,,a,
ASN00041110,19101220,PRCP,0,,,a,
ASN00041110,19101221,PRCP,0,,,a,
ASN00041110,19101222,PRCP,13,,,a,
ASN00041110,19101223,PRCP,0,,,a,
ASN00041110,19101224,PRCP,0,,,a,
ASN00041110,19101225,PRCP,0,,,a,
ASN00041110,19101226,PRCP,0,,,a,
ASN00041110,19101227,PRCP,132,,,a,
ASN00041110,19101228,PRCP,0,,,a,
ASN00041110,19101229,PRCP,0,,,a,
ASN00041110,19101230,PRCP,0,,,a,
ASN00041110,19101231,PRCP,0,,,a,
ASN00041110,19110101,PRCP,0,,,a,
ASN00041110,19110102,PRCP,0,,,a,
ASN00041110,19110103,PRCP,0,,,a,
ASN00041110,19110104,PRCP,0,,,a,
ASN00041110,19110105,PRCP,0,,,a,
ASN00041110,19110106,PRCP,0,,,a,
ASN00041110,19110107,PRCP,0,,,a,
ASN00041110,19110108,PRCP,0,,,a,
ASN00041110,19110109,PRCP,0,,,a,
ASN00041110,19110110,PRCP,0,,,a,
ASN00041110,19110111,PRCP,216,,,a,
ASN00041110,19110112,PRCP,638,,,a,
ASN00041110,19110113,PRCP,185,,,a,
ASN00041110,19110114,PRCP,0,,,a,
ASN00041110,19110115,PRCP,0,,,a,
ASN00041110,19110116,PRCP,0,,,a,
ASN00041110,19110117,PRCP,305,,,a,
ASN00041110,19110118,PRCP,0,,,a,
ASN00041110,19110119,PRCP,0,,,a,
ASN00041110,19110120,PRCP,0,,,a,
ASN00041110,19110121,PRCP,0,,,a,
ASN00041110,19110122,PRCP,208,,,a,
ASN00041110,19110123,PRCP,0,,,a,
ASN00041110,19110124,PRCP,0,,,a,
ASN00041110,19110125,PRCP,0,,,a,
ASN00041110,19110126,PRCP,114,,,a,
ASN00041110,19110127,PRCP,84,,,a,
ASN00041110,19110128,PRCP,89,,,a,
ASN00041110,19110129,PRCP,89,,,a,
ASN00041110,19110130,PRCP,38,,,a,
ASN00041110,19110131,PRCP,71,,,a,
ASN00041110,19110201,PRCP,0,,,a,
ASN00041110,19110202,PRCP,0,,,a,
ASN00041110,19110203,PRCP,152,,,a,
ASN00041110,19110204,PRCP,18,,,a,
ASN00041110,19110205,PRCP,25,,,a,
ASN00041110,19110206,PRCP,0,,,a,
ASN00041110,19110207,PRCP,0,,,a,
ASN00041110,19110208,PRCP,0,,,a,
ASN00041110,19110209,PRCP,0,,,a,
ASN00041110,19110210,PRCP,0,,,a,
ASN00041110,19110211,PRCP,0,,,a,
ASN00041110,19110212,PRCP,0,,,a,
ASN00041110,19110213,PRCP,64,,,a,
ASN00041110,19110214,PRCP,89,,,a,
ASN00041110,19110215,PRCP,76,,,a,
ASN00041110,19110216,PRCP,183,,,a,
ASN00041110,19110217,PRCP,0,,,a,
ASN00041110,19110218,PRCP,0,,,a,
ASN00041110,19110219,PRCP,0,,,a,
ASN00041110,19110220,PRCP,0,,,a,
ASN00041110,19110221,PRCP,0,,,a,
ASN00041110,19110222,PRCP,0,,,a,
ASN00041110,19110223,PRCP,0,,,a,
ASN00041110,19110224,PRCP,0,,,a,
ASN00041110,19110225,PRCP,0,,,a,
ASN00041110,19110226,PRCP,0,,,a,
ASN00041110,19110227,PRCP,0,,,a,
ASN00041110,19110228,PRCP,0,,,a,
ASN00041110,19110301,PRCP,0,,,a,
ASN00041110,19110302,PRCP,0,,,a,
ASN00041110,19110303,PRCP,0,,,a,
ASN00041110,19110304,PRCP,0,,,a,
ASN00041110,19110305,PRCP,0,,,a,
ASN00041110,19110306,PRCP,0,,,a,
ASN00041110,19110307,PRCP,0,,,a,
ASN00041110,19110308,PRCP,0,,,a,
ASN00041110,19110309,PRCP,0,,,a,
ASN00041110,19110310,PRCP,0,,,a,
ASN00041110,19110311,PRCP,0,,,a,
ASN00041110,19110312,PRCP,292,,,a,
ASN00041110,19110313,PRCP,0,,,a,
ASN00041110,19110314,PRCP,0,,,a,
ASN00041110,19110315,PRCP,0,,,a,
ASN00041110,19110316,PRCP,0,,,a,
ASN00041110,19110317,PRCP,0,,,a,
ASN00041110,19110318,PRCP,0,,,a,
ASN00041110,19110319,PRCP,0,,,a,
ASN00041110,19110320,PRCP,0,,,a,
ASN00041110,19110321,PRCP,0,,,a,
ASN00041110,19110322,PRCP,0,,,a,
ASN00041110,19110323,PRCP,0,,,a,
ASN00041110,19110324,PRCP,0,,,a,
ASN00041110,19110325,PRCP,0,,,a,
ASN00041110,19110326,PRCP,147,,,a,
ASN00041110,19110327,PRCP,320,,,a,
ASN00041110,19110328,PRCP,0,,,a,
ASN00041110,19110329,PRCP,0,,,a,
ASN00041110,19110330,PRCP,0,,,a,
ASN00041110,19110331,PRCP,0,,,a,
ASN00041110,19110401,PRCP,0,,,a,
ASN00041110,19110402,PRCP,0,,,a,
ASN00041110,19110403,PRCP,0,,,a,
ASN00041110,19110404,PRCP,0,,,a,
ASN00041110,19110405,PRCP,0,,,a,
ASN00041110,19110406,PRCP,0,,,a,
ASN00041110,19110407,PRCP,0,,,a,
ASN00041110,19110408,PRCP,0,,,a,
ASN00041110,19110409,PRCP,0,,,a,
ASN00041110,19110410,PRCP,0,,,a,
ASN00041110,19110411,PRCP,0,,,a,
ASN00041110,19110412,PRCP,0,,,a,
ASN00041110,19110413,PRCP,0,,,a,
ASN00041110,19110414,PRCP,0,,,a,
ASN00041110,19110415,PRCP,0,,,a,
ASN00041110,19110416,PRCP,0,,,a,
ASN00041110,19110417,PRCP,140,,,a,
ASN00041110,19110418,PRCP,0,,,a,
ASN00041110,19110419,PRCP,0,,,a,
ASN00041110,19110420,PRCP,0,,,a,
ASN00041110,19110421,PRCP,0,,,a,
ASN00041110,19110422,PRCP,0,,,a,
ASN00041110,19110423,PRCP,0,,,a,
ASN00041110,19110424,PRCP,0,,,a,
ASN00041110,19110425,PRCP,0,,,a,
ASN00041110,19110426,PRCP,0,,,a,
ASN00041110,19110427,PRCP,0,,,a,
ASN00041110,19110428,PRCP,0,,,a,
ASN00041110,19110429,PRCP,0,,,a,
ASN00041110,19110430,PRCP,0,,,a,
ASN00041110,19110501,PRCP,0,,,a,
ASN00041110,19110502,PRCP,0,,,a,
ASN00041110,19110503,PRCP,0,,,a,
ASN00041110,19110504,PRCP,0,,,a,
ASN00041110,19110505,PRCP,0,,,a,
ASN00041110,19110506,PRCP,0,,,a,
ASN00041110,19110507,PRCP,0,,,a,
ASN00041110,19110508,PRCP,0,,,a,
ASN00041110,19110509,PRCP,0,,,a,
ASN00041110,19110510,PRCP,0,,,a,
ASN00041110,19110511,PRCP,147,,,a,
ASN00041110,19110512,PRCP,36,,,a,
ASN00041110,19110513,PRCP,0,,,a,
ASN00041110,19110514,PRCP,0,,,a,
ASN00041110,19110515,PRCP,0,,,a,
ASN00041110,19110516,PRCP,0,,,a,
ASN00041110,19110517,PRCP,0,,,a,
ASN00041110,19110518,PRCP,0,,,a,
ASN00041110,19110519,PRCP,89,,,a,
ASN00041110,19110520,PRCP,43,,,a,
ASN00041110,19110521,PRCP,0,,,a,
ASN00041110,19110522,PRCP,0,,,a,
ASN00041110,19110523,PRCP,0,,,a,
ASN00041110,19110524,PRCP,0,,,a,
ASN00041110,19110525,PRCP,0,,,a,
ASN00041110,19110526,PRCP,0,,,a,
ASN00041110,19110527,PRCP,0,,,a,
ASN00041110,19110528,PRCP,0,,,a,
ASN00041110,19110529,PRCP,0,,,a,
ASN00041110,19110530,PRCP,0,,,a,
ASN00041110,19110531,PRCP,0,,,a,
ASN00041110,19110601,PRCP,0,,,a,
ASN00041110,19110602,PRCP,0,,,a,
ASN00041110,19110603,PRCP,0,,,a,
ASN00041110,19110604,PRCP,0,,,a,
ASN00041110,19110605,PRCP,0,,,a,
ASN00041110,19110606,PRCP,0,,,a,
ASN00041110,19110607,PRCP,0,,,a,
ASN00041110,19110608,PRCP,0,,,a,
ASN00041110,19110609,PRCP,0,,,a,
ASN00041110,19110610,PRCP,0,,,a,
ASN00041110,19110611,PRCP,0,,,a,
ASN00041110,19110612,PRCP,0,,,a,
ASN00041110,19110613,PRCP,0,,,a,
ASN00041110,19110614,PRCP,0,,,a,
ASN00041110,19110615,PRCP,0,,,a,
ASN00041110,19110616,PRCP,0,,,a,
ASN00041110,19110617,PRCP,0,,,a,
ASN00041110,19110618,PRCP,0,,,a,
ASN00041110,19110619,PRCP,0,,,a,
ASN00041110,19110620,PRCP,0,,,a,
ASN00041110,19110621,PRCP,0,,,a,
ASN00041110,19110622,PRCP,0,,,a,
ASN00041110,19110623,PRCP,0,,,a,
ASN00041110,19110624,PRCP,0,,,a,
ASN00041110,19110625,PRCP,0,,,a,
ASN00041110,19110626,PRCP,0,,,a,
ASN00041110,19110627,PRCP,0,,,a,
ASN00041110,19110628,PRCP,0,,,a,
ASN00041110,19110629,PRCP,0,,,a,
ASN00041110,19110630,PRCP,0,,,a,
ASN00041110,19110701,PRCP,0,,,a,
ASN00041110,19110702,PRCP,0,,,a,
ASN00041110,19110703,PRCP,0,,,a,
ASN00041110,19110704,PRCP,0,,,a,
ASN00041110,19110705,PRCP,0,,,a,
ASN00041110,19110706,PRCP,0,,,a,
ASN00041110,19110707,PRCP,0,,,a,
ASN00041110,19110708,PRCP,0,,,a,
ASN00041110,19110709,PRCP,99,,,a,
ASN00041110,19110710,PRCP,0,,,a,
ASN00041110,19110711,PRCP,0,,,a,
ASN00041110,19110712,PRCP,74,,,a,
ASN00041110,19110713,PRCP,0,,,a,
ASN00041110,19110714,PRCP,0,,,a,
ASN00041110,19110715,PRCP,0,,,a,
ASN00041110,19110716,PRCP,0,,,a,
ASN00041110,19110717,PRCP,0,,,a,
ASN00041110,19110718,PRCP,0,,,a,
ASN00041110,19110719,PRCP,30,,,a,
ASN00041110,19110720,PRCP,0,,,a,
ASN00041110,19110721,PRCP,0,,,a,
ASN00041110,19110722,PRCP,0,,,a,
ASN00041110,19110723,PRCP,0,,,a,
ASN00041110,19110724,PRCP,0,,,a,
ASN00041110,19110725,PRCP,0,,,a,
ASN00041110,19110726,PRCP,0,,,a,
ASN00041110,19110727,PRCP,0,,,a,
ASN00041110,19110728,PRCP,0,,,a,
ASN00041110,19110729,PRCP,0,,,a,
ASN00041110,19110730,PRCP,0,,,a,
ASN00041110,19110731,PRCP,0,,,a,
ASN00041110,19110801,PRCP,0,,,a,
ASN00041110,19110802,PRCP,0,,,a,
ASN00041110,19110803,PRCP,0,,,a,
ASN00041110,19110804,PRCP,0,,,a,
ASN00041110,19110805,PRCP,0,,,a,
ASN00041110,19110806,PRCP,0,,,a,
ASN00041110,19110807,PRCP,0,,,a,
ASN00041110,19110808,PRCP,0,,,a,
ASN00041110,19110809,PRCP,0,,,a,
ASN00041110,19110810,PRCP,0,,,a,
ASN00041110,19110811,PRCP,0,,,a,
ASN00041110,19110812,PRCP,0,,,a,
ASN00041110,19110813,PRCP,0,,,a,
ASN00041110,19110814,PRCP,0,,,a,
ASN00041110,19110815,PRCP,0,,,a,
ASN00041110,19110816,PRCP,0,,,a,
ASN00041110,19110817,PRCP,0,,,a,
ASN00041110,19110818,PRCP,0,,,a,
ASN00041110,19110819,PRCP,0,,,a,
ASN00041110,19110820,PRCP,69,,,a,
ASN00041110,19110821,PRCP,5,,,a,
ASN00041110,19110822,PRCP,0,,,a,
ASN00041110,19110823,PRCP,53,,,a,
ASN00041110,19110824,PRCP,15,,,a,
ASN00041110,19110825,PRCP,0,,,a,
ASN00041110,19110826,PRCP,0,,,a,
ASN00041110,19110827,PRCP,23,,,a,
ASN00041110,19110828,PRCP,0,,,a,
ASN00041110,19110829,PRCP,36,,,a,
ASN00041110,19110830,PRCP,0,,,a,
ASN00041110,19110831,PRCP,0,,,a,
ASN00041110,19110901,PRCP,0,,,a,
ASN00041110,19110902,PRCP,0,,,a,
ASN00041110,19110903,PRCP,36,,,a,
ASN00041110,19110904,PRCP,0,,,a,
ASN00041110,19110905,PRCP,0,,,a,
ASN00041110,19110906,PRCP,0,,,a,
ASN00041110,19110907,PRCP,0,,,a,
ASN00041110,19110908,PRCP,0,,,a,
ASN00041110,19110909,PRCP,0,,,a,
ASN00041110,19110910,PRCP,0,,,a,
ASN00041110,19110911,PRCP,0,,,a,
ASN00041110,19110912,PRCP,0,,,a,
ASN00041110,19110913,PRCP,0,,,a,
ASN00041110,19110914,PRCP,0,,,a,
ASN00041110,19110915,PRCP,0,,,a,
ASN00041110,19110916,PRCP,25,,,a,
ASN00041110,19110917,PRCP,0,,,a,
ASN00041110,19110918,PRCP,0,,,a,
ASN00041110,19110919,PRCP,0,,,a,
ASN00041110,19110920,PRCP,0,,,a,
ASN00041110,19110921,PRCP,0,,,a,
ASN00041110,19110922,PRCP,0,,,a,
ASN00041110,19110923,PRCP,38,,,a,
ASN00041110,19110924,PRCP,0,,,a,
ASN00041110,19110925,PRCP,0,,,a,
ASN00041110,19110926,PRCP,0,,,a,
ASN00041110,19110927,PRCP,0,,,a,
ASN00041110,19110928,PRCP,0,,,a,
ASN00041110,19110929,PRCP,0,,,a,
ASN00041110,19110930,PRCP,0,,,a,
ASN00041110,19111001,PRCP,10,,,a,
ASN00041110,19111002,PRCP,0,,,a,
ASN00041110,19111003,PRCP,0,,,a,
ASN00041110,19111004,PRCP,0,,,a,
ASN00041110,19111005,PRCP,0,,,a,
ASN00041110,19111006,PRCP,0,,,a,
ASN00041110,19111007,PRCP,0,,,a,
ASN00041110,19111008,PRCP,0,,,a,
ASN00041110,19111009,PRCP,0,,,a,
ASN00041110,19111010,PRCP,18,,,a,
ASN00041110,19111011,PRCP,0,,,a,
ASN00041110,19111012,PRCP,0,,,a,
ASN00041110,19111013,PRCP,0,,,a,
ASN00041110,19111014,PRCP,0,,,a,
ASN00041110,19111015,PRCP,0,,,a,
ASN00041110,19111016,PRCP,66,,,a,
ASN00041110,19111017,PRCP,99,,,a,
ASN00041110,19111018,PRCP,0,,,a,
ASN00041110,19111019,PRCP,183,,,a,
ASN00041110,19111020,PRCP,0,,,a,
ASN00041110,19111021,PRCP,0,,,a,
ASN00041110,19111022,PRCP,0,,,a,
ASN00041110,19111023,PRCP,0,,,a,
ASN00041110,19111024,PRCP,0,,,a,
ASN00041110,19111025,PRCP,0,,,a,
ASN00041110,19111026,PRCP,0,,,a,
ASN00041110,19111027,PRCP,0,,,a,
ASN00041110,19111028,PRCP,0,,,a,
ASN00041110,19111029,PRCP,0,,,a,
ASN00041110,19111030,PRCP,0,,,a,
ASN00041110,19111031,PRCP,0,,,a,
ASN00041110,19111101,PRCP,0,,,a,
ASN00041110,19111102,PRCP,0,,,a,
ASN00041110,19111103,PRCP,0,,,a,
ASN00041110,19111104,PRCP,0,,,a,
ASN00041110,19111105,PRCP,0,,,a,
ASN00041110,19111106,PRCP,0,,,a,
ASN00041110,19111107,PRCP,0,,,a,
ASN00041110,19111108,PRCP,0,,,a,
ASN00041110,19111109,PRCP,0,,,a,
ASN00041110,19111110,PRCP,0,,,a,
ASN00041110,19111111,PRCP,0,,,a,
ASN00041110,19111112,PRCP,0,,,a,
ASN00041110,19111113,PRCP,0,,,a,
ASN00041110,19111114,PRCP,0,,,a,
ASN00041110,19111115,PRCP,0,,,a,
ASN00041110,19111116,PRCP,0,,,a,
ASN00041110,19111117,PRCP,0,,,a,
ASN00041110,19111118,PRCP,0,,,a,
ASN00041110,19111119,PRCP,236,,,a,
ASN00041110,19111120,PRCP,0,,,a,
ASN00041110,19111121,PRCP,0,,,a,
ASN00041110,19111122,PRCP,0,,,a,
ASN00041110,19111123,PRCP,0,,,a,
ASN00041110,19111124,PRCP,0,,,a,
ASN00041110,19111125,PRCP,0,,,a,
ASN00041110,19111126,PRCP,36,,,a,
ASN00041110,19111127,PRCP,28,,,a,
ASN00041110,19111128,PRCP,0,,,a,
ASN00041110,19111129,PRCP,71,,,a,
ASN00041110,19111130,PRCP,76,,,a,
ASN00041110,19111201,PRCP,0,,,a,
ASN00041110,19111202,PRCP,0,,,a,
ASN00041110,19111203,PRCP,0,,,a,
ASN00041110,19111204,PRCP,0,,,a,
ASN00041110,19111205,PRCP,0,,,a,
ASN00041110,19111206,PRCP,0,,,a,
ASN00041110,19111207,PRCP,0,,,a,
ASN00041110,19111208,PRCP,0,,,a,
ASN00041110,19111209,PRCP,0,,,a,
ASN00041110,19111210,PRCP,0,,,a,
ASN00041110,19111211,PRCP,0,,,a,
ASN00041110,19111212,PRCP,0,,,a,
ASN00041110,19111213,PRCP,0,,,a,
ASN00041110,19111214,PRCP,0,,,a,
ASN00041110,19111215,PRCP,0,,,a,
ASN00041110,19111216,PRCP,0,,,a,
ASN00041110,19111217,PRCP,0,,,a,
ASN00041110,19111218,PRCP,0,,,a,
ASN00041110,19111219,PRCP,0,,,a,
ASN00041110,19111220,PRCP,0,,,a,
ASN00041110,19111221,PRCP,0,,,a,
ASN00041110,19111222,PRCP,0,,,a,
ASN00041110,19111223,PRCP,0,,,a,
ASN00041110,19111224,PRCP,0,,,a,
ASN00041110,19111225,PRCP,0,,,a,
ASN00041110,19111226,PRCP,0,,,a,
ASN00041110,19111227,PRCP,0,,,a,
ASN00041110,19111228,PRCP,0,,,a,
ASN00041110,19111229,PRCP,0,,,a,
ASN00041110,19111230,PRCP,0,,,a,
ASN00041110,19111231,PRCP,142,,,a,
ASN00041110,19120101,PRCP,13,,,a,
ASN00041110,19120102,PRCP,0,,,a,
ASN00041110,19120103,PRCP,0,,,a,
ASN00041110,19120104,PRCP,0,,,a,
ASN00041110,19120105,PRCP,0,,,a,
ASN00041110,19120106,PRCP,224,,,a,
ASN00041110,19120107,PRCP,0,,,a,
ASN00041110,19120108,PRCP,0,,,a,
ASN00041110,19120109,PRCP,8,,,a,
ASN00041110,19120110,PRCP,0,,,a,
ASN00041110,19120111,PRCP,132,,,a,
ASN00041110,19120112,PRCP,0,,,a,
ASN00041110,19120113,PRCP,0,,,a,
ASN00041110,19120114,PRCP,0,,,a,
ASN00041110,19120115,PRCP,0,,,a,
ASN00041110,19120116,PRCP,0,,,a,
ASN00041110,19120117,PRCP,0,,,a,
ASN00041110,19120118,PRCP,0,,,a,
ASN00041110,19120119,PRCP,0,,,a,
ASN00041110,19120120,PRCP,0,,,a,
ASN00041110,19120121,PRCP,0,,,a,
ASN00041110,19120122,PRCP,0,,,a,
ASN00041110,19120123,PRCP,0,,,a,
ASN00041110,19120124,PRCP,0,,,a,
ASN00041110,19120125,PRCP,0,,,a,
ASN00041110,19120126,PRCP,0,,,a,
ASN00041110,19120127,PRCP,0,,,a,
ASN00041110,19120128,PRCP,13,,,a,
ASN00041110,19120129,PRCP,0,,,a,
ASN00041110,19120130,PRCP,0,,,a,
ASN00041110,19120131,PRCP,0,,,a,
ASN00041110,19120201,PRCP,0,,,a,
ASN00041110,19120202,PRCP,0,,,a,
ASN00041110,19120203,PRCP,0,,,a,
ASN00041110,19120204,PRCP,0,,,a,
ASN00041110,19120205,PRCP,0,,,a,
ASN00041110,19120206,PRCP,0,,,a,
ASN00041110,19120207,PRCP,0,,,a,
ASN00041110,19120208,PRCP,0,,,a,
ASN00041110,19120209,PRCP,74,,,a,
ASN00041110,19120210,PRCP,307,,,a,
ASN00041110,19120211,PRCP,0,,,a,
ASN00041110,19120212,PRCP,64,,,a,
ASN00041110,19120213,PRCP,13,,,a,
ASN00041110,19120214,PRCP,165,,,a,
ASN00041110,19120215,PRCP,0,,,a,
ASN00041110,19120216,PRCP,0,,,a,
ASN00041110,19120217,PRCP,0,,,a,
ASN00041110,19120218,PRCP,0,,,a,
ASN00041110,19120219,PRCP,0,,,a,
ASN00041110,19120220,PRCP,0,,,a,
ASN00041110,19120221,PRCP,114,,,a,
ASN00041110,19120222,PRCP,0,,,a,
ASN00041110,19120223,PRCP,0,,,a,
ASN00041110,19120224,PRCP,0,,,a,
ASN00041110,19120225,PRCP,0,,,a,
ASN00041110,19120226,PRCP,0,,,a,
ASN00041110,19120227,PRCP,0,,,a,
ASN00041110,19120228,PRCP,0,,,a,
ASN00041110,19120229,PRCP,0,,,a,
ASN00041110,19120301,PRCP,145,,,a,
ASN00041110,19120302,PRCP,112,,,a,
ASN00041110,19120303,PRCP,112,,,a,
ASN00041110,19120304,PRCP,124,,,a,
ASN00041110,19120305,PRCP,0,,,a,
ASN00041110,19120306,PRCP,0,,,a,
ASN00041110,19120307,PRCP,0,,,a,
ASN00041110,19120308,PRCP,0,,,a,
ASN00041110,19120309,PRCP,0,,,a,
ASN00041110,19120310,PRCP,0,,,a,
ASN00041110,19120311,PRCP,193,,,a,
ASN00041110,19120312,PRCP,0,,,a,
ASN00041110,19120313,PRCP,46,,,a,
ASN00041110,19120314,PRCP,0,,,a,
ASN00041110,19120315,PRCP,0,,,a,
ASN00041110,19120316,PRCP,0,,,a,
ASN00041110,19120317,PRCP,0,,,a,
ASN00041110,19120318,PRCP,0,,,a,
ASN00041110,19120319,PRCP,0,,,a,
ASN00041110,19120320,PRCP,0,,,a,
ASN00041110,19120321,PRCP,0,,,a,
ASN00041110,19120322,PRCP,0,,,a,
ASN00041110,19120323,PRCP,0,,,a,
ASN00041110,19120324,PRCP,0,,,a,
ASN00041110,19120325,PRCP,0,,,a,
ASN00041110,19120326,PRCP,0,,,a,
ASN00041110,19120327,PRCP,0,,,a,
ASN00041110,19120328,PRCP,0,,,a,
ASN00041110,19120329,PRCP,152,,,a,
ASN00041110,19120330,PRCP,0,,,a,
ASN00041110,19120331,PRCP,0,,,a,
ASN00041110,19120401,PRCP,0,,,a,
ASN00041110,19120402,PRCP,0,,,a,
ASN00041110,19120403,PRCP,0,,,a,
ASN00041110,19120404,PRCP,0,,,a,
ASN00041110,19120405,PRCP,0,,,a,
ASN00041110,19120406,PRCP,0,,,a,
ASN00041110,19120407,PRCP,0,,,a,
ASN00041110,19120408,PRCP,0,,,a,
ASN00041110,19120409,PRCP,0,,,a,
ASN00041110,19120410,PRCP,0,,,a,
ASN00041110,19120411,PRCP,0,,,a,
ASN00041110,19120412,PRCP,0,,,a,
ASN00041110,19120413,PRCP,0,,,a,
ASN00041110,19120414,PRCP,0,,,a,
ASN00041110,19120415,PRCP,0,,,a,
ASN00041110,19120416,PRCP,0,,,a,
ASN00041110,19120417,PRCP,0,,,a,
ASN00041110,19120418,PRCP,0,,,a,
ASN00041110,19120419,PRCP,0,,,a,
ASN00041110,19120420,PRCP,0,,,a,
ASN00041110,19120421,PRCP,0,,,a,
ASN00041110,19120422,PRCP,0,,,a,
ASN00041110,19120423,PRCP,0,,,a,
ASN00041110,19120424,PRCP,0,,,a,
ASN00041110,19120425,PRCP,0,,,a,
ASN00041110,19120426,PRCP,0,,,a,
ASN00041110,19120427,PRCP,0,,,a,
ASN00041110,19120428,PRCP,0,,,a,
ASN00041110,19120429,PRCP,0,,,a,
ASN00041110,19120430,PRCP,0,,,a,
ASN00041110,19120501,PRCP,0,,,a,
ASN00041110,19120502,PRCP,0,,,a,
ASN00041110,19120503,PRCP,0,,,a,
ASN00041110,19120504,PRCP,0,,,a,
ASN00041110,19120505,PRCP,0,,,a,
ASN00041110,19120506,PRCP,0,,,a,
ASN00041110,19120507,PRCP,0,,,a,
ASN00041110,19120508,PRCP,0,,,a,
ASN00041110,19120509,PRCP,0,,,a,
ASN00041110,19120510,PRCP,0,,,a,
ASN00041110,19120511,PRCP,0,,,a,
ASN00041110,19120512,PRCP,0,,,a,
ASN00041110,19120513,PRCP,0,,,a,
ASN00041110,19120514,PRCP,0,,,a,
ASN00041110,19120515,PRCP,0,,,a,
ASN00041110,19120516,PRCP,0,,,a,
ASN00041110,19120517,PRCP,0,,,a,
ASN00041110,19120518,PRCP,0,,,a,
ASN00041110,19120519,PRCP,0,,,a,
ASN00041110,19120520,PRCP,0,,,a,
ASN00041110,19120521,PRCP,0,,,a,
ASN00041110,19120522,PRCP,0,,,a,
ASN00041110,19120523,PRCP,0,,,a,
ASN00041110,19120524,PRCP,0,,,a,
ASN00041110,19120525,PRCP,0,,,a,
ASN00041110,19120526,PRCP,0,,,a,
ASN00041110,19120527,PRCP,0,,,a,
ASN00041110,19120528,PRCP,0,,,a,
ASN00041110,19120529,PRCP,0,,,a,
ASN00041110,19120530,PRCP,0,,,a,
ASN00041110,19120531,PRCP,0,,,a,
ASN00041110,19120601,PRCP,0,,,a,
ASN00041110,19120602,PRCP,0,,,a,
ASN00041110,19120603,PRCP,0,,,a,
ASN00041110,19120604,PRCP,0,,,a,
ASN00041110,19120605,PRCP,0,,,a,
ASN00041110,19120606,PRCP,0,,,a,
ASN00041110,19120607,PRCP,86,,,a,
ASN00041110,19120608,PRCP,36,,,a,
ASN00041110,19120609,PRCP,323,,,a,
ASN00041110,19120610,PRCP,102,,,a,
ASN00041110,19120611,PRCP,343,,,a,
ASN00041110,19120612,PRCP,122,,,a,
ASN00041110,19120613,PRCP,0,,,a,
ASN00041110,19120614,PRCP,0,,,a,
ASN00041110,19120615,PRCP,0,,,a,
ASN00041110,19120616,PRCP,0,,,a,
ASN00041110,19120617,PRCP,381,,,a,
ASN00041110,19120618,PRCP,229,,,a,
ASN00041110,19120619,PRCP,13,,,a,
ASN00041110,19120620,PRCP,0,,,a,
ASN00041110,19120621,PRCP,0,,,a,
ASN00041110,19120622,PRCP,0,,,a,
ASN00041110,19120623,PRCP,0,,,a,
ASN00041110,19120624,PRCP,0,,,a,
ASN00041110,19120625,PRCP,0,,,a,
ASN00041110,19120626,PRCP,0,,,a,
ASN00041110,19120627,PRCP,0,,,a,
ASN00041110,19120628,PRCP,0,,,a,
ASN00041110,19120629,PRCP,0,,,a,
ASN00041110,19120630,PRCP,0,,,a,
ASN00041110,19120701,PRCP,69,,,a,
ASN00041110,19120702,PRCP,84,,,a,
ASN00041110,19120703,PRCP,338,,,a,
ASN00041110,19120704,PRCP,0,,,a,
ASN00041110,19120705,PRCP,0,,,a,
ASN00041110,19120706,PRCP,0,,,a,
ASN00041110,19120707,PRCP,0,,,a,
ASN00041110,19120708,PRCP,0,,,a,
ASN00041110,19120709,PRCP,0,,,a,
ASN00041110,19120710,PRCP,0,,,a,
ASN00041110,19120711,PRCP,0,,,a,
ASN00041110,19120712,PRCP,0,,,a,
ASN00041110,19120713,PRCP,0,,,a,
ASN00041110,19120714,PRCP,51,,,a,
ASN00041110,19120715,PRCP,114,,,a,
ASN00041110,19120716,PRCP,0,,,a,
ASN00041110,19120717,PRCP,0,,,a,
ASN00041110,19120718,PRCP,0,,,a,
ASN00041110,19120719,PRCP,0,,,a,
ASN00041110,19120720,PRCP,0,,,a,
ASN00041110,19120721,PRCP,0,,,a,
ASN00041110,19120722,PRCP,0,,,a,
ASN00041110,19120723,PRCP,0,,,a,
ASN00041110,19120724,PRCP,0,,,a,
ASN00041110,19120725,PRCP,0,,,a,
ASN00041110,19120726,PRCP,0,,,a,
ASN00041110,19120727,PRCP,0,,,a,
ASN00041110,19120728,PRCP,0,,,a,
ASN00041110,19120729,PRCP,0,,,a,
ASN00041110,19120730,PRCP,25,,,a,
ASN00041110,19120731,PRCP,0,,,a,
ASN00041110,19120801,PRCP,0,,,a,
ASN00041110,19120802,PRCP,0,,,a,
ASN00041110,19120803,PRCP,0,,,a,
ASN00041110,19120804,PRCP,0,,,a,
ASN00041110,19120805,PRCP,0,,,a,
ASN00041110,19120806,PRCP,0,,,a,
ASN00041110,19120807,PRCP,0,,,a,
ASN00041110,19120808,PRCP,0,,,a,
ASN00041110,19120809,PRCP,0,,,a,
ASN00041110,19120810,PRCP,0,,,a,
ASN00041110,19120811,PRCP,0,,,a,
ASN00041110,19120812,PRCP,0,,,a,
ASN00041110,19120813,PRCP,0,,,a,
ASN00041110,19120814,PRCP,25,,,a,
ASN00041110,19120815,PRCP,0,,,a,
ASN00041110,19120816,PRCP,0,,,a,
ASN00041110,19120817,PRCP,0,,,a,
ASN00041110,19120818,PRCP,0,,,a,
ASN00041110,19120819,PRCP,0,,,a,
ASN00041110,19120820,PRCP,0,,,a,
ASN00041110,19120821,PRCP,30,,,a,
ASN00041110,19120822,PRCP,0,,,a,
ASN00041110,19120823,PRCP,0,,,a,
ASN00041110,19120824,PRCP,0,,,a,
ASN00041110,19120825,PRCP,0,,,a,
ASN00041110,19120826,PRCP,0,,,a,
ASN00041110,19120827,PRCP,0,,,a,
ASN00041110,19120828,PRCP,0,,,a,
ASN00041110,19120829,PRCP,0,,,a,
ASN00041110,19120830,PRCP,0,,,a,
ASN00041110,19120831,PRCP,0,,,a,
ASN00041110,19120901,PRCP,0,,,a,
ASN00041110,19120902,PRCP,0,,,a,
ASN00041110,19120903,PRCP,0,,,a,
ASN00041110,19120904,PRCP,0,,,a,
ASN00041110,19120905,PRCP,0,,,a,
ASN00041110,19120906,PRCP,0,,,a,
ASN00041110,19120907,PRCP,0,,,a,
ASN00041110,19120908,PRCP,0,,,a,
ASN00041110,19120909,PRCP,0,,,a,
ASN00041110,19120910,PRCP,0,,,a,
ASN00041110,19120911,PRCP,0,,,a,
ASN00041110,19120912,PRCP,0,,,a,
ASN00041110,19120913,PRCP,0,,,a,
ASN00041110,19120914,PRCP,0,,,a,
ASN00041110,19120915,PRCP,0,,,a,
ASN00041110,19120916,PRCP,0,,,a,
ASN00041110,19120917,PRCP,0,,,a,
ASN00041110,19120918,PRCP,246,,,a,
ASN00041110,19120919,PRCP,0,,,a,
ASN00041110,19120920,PRCP,0,,,a,
ASN00041110,19120921,PRCP,0,,,a,
ASN00041110,19120922,PRCP,0,,,a,
ASN00041110,19120923,PRCP,0,,,a,
ASN00041110,19120924,PRCP,0,,,a,
ASN00041110,19120925,PRCP,0,,,a,
ASN00041110,19120926,PRCP,0,,,a,
ASN00041110,19120927,PRCP,0,,,a,
ASN00041110,19120928,PRCP,0,,,a,
ASN00041110,19120929,PRCP,0,,,a,
ASN00041110,19120930,PRCP,0,,,a,
ASN00041110,19121001,PRCP,0,,,a,
ASN00041110,19121002,PRCP,0,,,a,
ASN00041110,19121003,PRCP,0,,,a,
ASN00041110,19121004,PRCP,0,,,a,
ASN00041110,19121005,PRCP,0,,,a,
ASN00041110,19121006,PRCP,0,,,a,
ASN00041110,19121007,PRCP,0,,,a,
ASN00041110,19121008,PRCP,0,,,a,
ASN00041110,19121009,PRCP,0,,,a,
ASN00041110,19121010,PRCP,0,,,a,
ASN00041110,19121011,PRCP,0,,,a,
ASN00041110,19121012,PRCP,0,,,a,
ASN00041110,19121013,PRCP,0,,,a,
ASN00041110,19121014,PRCP,0,,,a,
ASN00041110,19121015,PRCP,71,,,a,
ASN00041110,19121016,PRCP,0,,,a,
ASN00041110,19121017,PRCP,0,,,a,
ASN00041110,19121018,PRCP,0,,,a,
ASN00041110,19121019,PRCP,0,,,a,
ASN00041110,19121020,PRCP,0,,,a,
ASN00041110,19121021,PRCP,460,,,a,
ASN00041110,19121022,PRCP,89,,,a,
ASN00041110,19121023,PRCP,36,,,a,
ASN00041110,19121024,PRCP,18,,,a,
ASN00041110,19121025,PRCP,10,,,a,
ASN00041110,19121026,PRCP,13,,,a,
ASN00041110,19121027,PRCP,165,,,a,
ASN00041110,19121028,PRCP,0,,,a,
ASN00041110,19121029,PRCP,0,,,a,
ASN00041110,19121030,PRCP,0,,,a,
ASN00041110,19121031,PRCP,0,,,a,
ASN00041110,19121101,PRCP,0,,,a,
ASN00041110,19121102,PRCP,13,,,a,
ASN00041110,19121103,PRCP,0,,,a,
ASN00041110,19121104,PRCP,0,,,a,
ASN00041110,19121105,PRCP,76,,,a,
ASN00041110,19121106,PRCP,0,,,a,
ASN00041110,19121107,PRCP,0,,,a,
ASN00041110,19121108,PRCP,0,,,a,
ASN00041110,19121109,PRCP,305,,,a,
ASN00041110,19121110,PRCP,0,,,a,
ASN00041110,19121111,PRCP,66,,,a,
ASN00041110,19121112,PRCP,43,,,a,
ASN00041110,19121113,PRCP,0,,,a,
ASN00041110,19121114,PRCP,0,,,a,
ASN00041110,19121115,PRCP,0,,,a,
ASN00041110,19121116,PRCP,0,,,a,
ASN00041110,19121117,PRCP,0,,,a,
ASN00041110,19121118,PRCP,0,,,a,
ASN00041110,19121119,PRCP,0,,,a,
ASN00041110,19121120,PRCP,0,,,a,
ASN00041110,19121121,PRCP,0,,,a,
ASN00041110,19121122,PRCP,102,,,a,
ASN00041110,19121123,PRCP,0,,,a,
ASN00041110,19121124,PRCP,43,,,a,
ASN00041110,19121125,PRCP,0,,,a,
ASN00041110,19121126,PRCP,0,,,a,
ASN00041110,19121127,PRCP,0,,,a,
ASN00041110,19121128,PRCP,0,,,a,
ASN00041110,19121129,PRCP,0,,,a,
ASN00041110,19121130,PRCP,0,,,a,
ASN00041110,19121201,PRCP,0,,,a,
ASN00041110,19121202,PRCP,0,,,a,
ASN00041110,19121203,PRCP,0,,,a,
ASN00041110,19121204,PRCP,0,,,a,
ASN00041110,19121205,PRCP,0,,,a,
ASN00041110,19121206,PRCP,0,,,a,
ASN00041110,19121207,PRCP,8,,,a,
ASN00041110,19121208,PRCP,142,,,a,
ASN00041110,19121209,PRCP,0,,,a,
ASN00041110,19121210,PRCP,0,,,a,
ASN00041110,19121211,PRCP,0,,,a,
ASN00041110,19121212,PRCP,0,,,a,
ASN00041110,19121213,PRCP,0,,,a,
ASN00041110,19121214,PRCP,0,,,a,
ASN00041110,19121215,PRCP,0,,,a,
ASN00041110,19121216,PRCP,0,,,a,
ASN00041110,19121217,PRCP,0,,,a,
ASN00041110,19121218,PRCP,0,,,a,
ASN00041110,19121219,PRCP,5,,,a,
ASN00041110,19121220,PRCP,38,,,a,
ASN00041110,19121221,PRCP,114,,,a,
ASN00041110,19121222,PRCP,0,,,a,
ASN00041110,19121223,PRCP,0,,,a,
ASN00041110,19121224,PRCP,0,,,a,
ASN00041110,19121225,PRCP,0,,,a,
ASN00041110,19121226,PRCP,0,,,a,
ASN00041110,19121227,PRCP,0,,,a,
ASN00041110,19121228,PRCP,0,,,a,
ASN00041110,19121229,PRCP,0,,,a,
ASN00041110,19121230,PRCP,0,,,a,
ASN00041110,19121231,PRCP,0,,,a,
ASN00041110,19130101,PRCP,673,,,a,
ASN00041110,19130102,PRCP,0,,,a,
ASN00041110,19130103,PRCP,0,,,a,
ASN00041110,19130104,PRCP,114,,,a,
ASN00041110,19130105,PRCP,56,,,a,
ASN00041110,19130106,PRCP,0,,,a,
ASN00041110,19130107,PRCP,109,,,a,
ASN00041110,19130108,PRCP,328,,,a,
ASN00041110,19130109,PRCP,0,,,a,
ASN00041110,19130110,PRCP,0,,,a,
ASN00041110,19130111,PRCP,0,,,a,
ASN00041110,19130112,PRCP,0,,,a,
ASN00041110,19130113,PRCP,0,,,a,
ASN00041110,19130114,PRCP,0,,,a,
ASN00041110,19130115,PRCP,0,,,a,
ASN00041110,19130116,PRCP,0,,,a,
ASN00041110,19130117,PRCP,0,,,a,
ASN00041110,19130118,PRCP,0,,,a,
ASN00041110,19130119,PRCP,0,,,a,
ASN00041110,19130120,PRCP,0,,,a,
ASN00041110,19130121,PRCP,51,,,a,
ASN00041110,19130122,PRCP,0,,,a,
ASN00041110,19130123,PRCP,0,,,a,
ASN00041110,19130124,PRCP,0,,,a,
ASN00041110,19130125,PRCP,0,,,a,
ASN00041110,19130126,PRCP,0,,,a,
ASN00041110,19130127,PRCP,0,,,a,
ASN00041110,19130128,PRCP,0,,,a,
ASN00041110,19130129,PRCP,0,,,a,
ASN00041110,19130130,PRCP,0,,,a,
ASN00041110,19130131,PRCP,0,,,a,
ASN00041110,19130201,PRCP,0,,,a,
ASN00041110,19130202,PRCP,0,,,a,
ASN00041110,19130203,PRCP,0,,,a,
ASN00041110,19130204,PRCP,0,,,a,
ASN00041110,19130205,PRCP,0,,,a,
ASN00041110,19130206,PRCP,0,,,a,
ASN00041110,19130207,PRCP,191,,,a,
ASN00041110,19130208,PRCP,0,,,a,
ASN00041110,19130209,PRCP,0,,,a,
ASN00041110,19130210,PRCP,0,,,a,
ASN00041110,19130211,PRCP,0,,,a,
ASN00041110,19130212,PRCP,53,,,a,
ASN00041110,19130213,PRCP,0,,,a,
ASN00041110,19130214,PRCP,0,,,a,
ASN00041110,19130215,PRCP,0,,,a,
ASN00041110,19130216,PRCP,0,,,a,
ASN00041110,19130217,PRCP,127,,,a,
ASN00041110,19130218,PRCP,0,,,a,
ASN00041110,19130219,PRCP,0,,,a,
ASN00041110,19130220,PRCP,0,,,a,
ASN00041110,19130221,PRCP,0,,,a,
ASN00041110,19130222,PRCP,0,,,a,
ASN00041110,19130223,PRCP,0,,,a,
ASN00041110,19130224,PRCP,0,,,a,
ASN00041110,19130225,PRCP,0,,,a,
ASN00041110,19130226,PRCP,0,,,a,
ASN00041110,19130227,PRCP,0,,,a,
ASN00041110,19130228,PRCP,0,,,a,
ASN00041110,19130301,PRCP,0,,,a,
ASN00041110,19130302,PRCP,0,,,a,
ASN00041110,19130303,PRCP,0,,,a,
ASN00041110,19130304,PRCP,0,,,a,
ASN00041110,19130305,PRCP,0,,,a,
ASN00041110,19130306,PRCP,0,,,a,
ASN00041110,19130307,PRCP,0,,,a,
ASN00041110,19130308,PRCP,0,,,a,
ASN00041110,19130309,PRCP,0,,,a,
ASN00041110,19130310,PRCP,0,,,a,
ASN00041110,19130311,PRCP,0,,,a,
ASN00041110,19130312,PRCP,0,,,a,
ASN00041110,19130313,PRCP,30,,,a,
ASN00041110,19130314,PRCP,0,,,a,
ASN00041110,19130315,PRCP,0,,,a,
ASN00041110,19130316,PRCP,0,,,a,
ASN00041110,19130317,PRCP,0,,,a,
ASN00041110,19130318,PRCP,0,,,a,
ASN00041110,19130319,PRCP,0,,,a,
ASN00041110,19130320,PRCP,0,,,a,
ASN00041110,19130321,PRCP,508,,,a,
ASN00041110,19130322,PRCP,0,,,a,
ASN00041110,19130323,PRCP,0,,,a,
ASN00041110,19130324,PRCP,0,,,a,
ASN00041110,19130325,PRCP,0,,,a,
ASN00041110,19130326,PRCP,0,,,a,
ASN00041110,19130327,PRCP,41,,,a,
ASN00041110,19130328,PRCP,0,,,a,
ASN00041110,19130329,PRCP,0,,,a,
ASN00041110,19130330,PRCP,0,,,a,
ASN00041110,19130331,PRCP,0,,,a,
ASN00041110,19130401,PRCP,0,,,a,
ASN00041110,19130402,PRCP,0,,,a,
ASN00041110,19130403,PRCP,0,,,a,
ASN00041110,19130404,PRCP,0,,,a,
ASN00041110,19130405,PRCP,0,,,a,
ASN00041110,19130406,PRCP,102,,,a,
ASN00041110,19130407,PRCP,15,,,a,
ASN00041110,19130408,PRCP,0,,,a,
ASN00041110,19130409,PRCP,0,,,a,
ASN00041110,19130410,PRCP,0,,,a,
ASN00041110,19130411,PRCP,0,,,a,
ASN00041110,19130412,PRCP,0,,,a,
ASN00041110,19130413,PRCP,0,,,a,
ASN00041110,19130414,PRCP,0,,,a,
ASN00041110,19130415,PRCP,0,,,a,
ASN00041110,19130416,PRCP,0,,,a,
ASN00041110,19130417,PRCP,0,,,a,
ASN00041110,19130418,PRCP,0,,,a,
ASN00041110,19130419,PRCP,0,,,a,
ASN00041110,19130420,PRCP,0,,,a,
ASN00041110,19130421,PRCP,0,,,a,
ASN00041110,19130422,PRCP,0,,,a,
ASN00041110,19130423,PRCP,0,,,a,
ASN00041110,19130424,PRCP,0,,,a,
ASN00041110,19130425,PRCP,0,,,a,
ASN00041110,19130426,PRCP,0,,,a,
ASN00041110,19130427,PRCP,0,,,a,
ASN00041110,19130428,PRCP,0,,,a,
ASN00041110,19130429,PRCP,0,,,a,
ASN00041110,19130430,PRCP,0,,,a,
ASN00041110,19130501,PRCP,0,,,a,
ASN00041110,19130502,PRCP,0,,,a,
ASN00041110,19130503,PRCP,0,,,a,
ASN00041110,19130504,PRCP,38,,,a,
ASN00041110,19130505,PRCP,0,,,a,
ASN00041110,19130506,PRCP,0,,,a,
ASN00041110,19130507,PRCP,0,,,a,
ASN00041110,19130508,PRCP,0,,,a,
ASN00041110,19130509,PRCP,0,,,a,
ASN00041110,19130510,PRCP,0,,,a,
ASN00041110,19130511,PRCP,0,,,a,
ASN00041110,19130512,PRCP,0,,,a,
ASN00041110,19130513,PRCP,208,,,a,
ASN00041110,19130514,PRCP,198,,,a,
ASN00041110,19130515,PRCP,56,,,a,
ASN00041110,19130516,PRCP,0,,,a,
ASN00041110,19130517,PRCP,0,,,a,
ASN00041110,19130518,PRCP,0,,,a,
ASN00041110,19130519,PRCP,0,,,a,
ASN00041110,19130520,PRCP,0,,,a,
ASN00041110,19130521,PRCP,0,,,a,
ASN00041110,19130522,PRCP,0,,,a,
ASN00041110,19130523,PRCP,0,,,a,
ASN00041110,19130524,PRCP,0,,,a,
ASN00041110,19130525,PRCP,399,,,a,
ASN00041110,19130526,PRCP,0,,,a,
ASN00041110,19130527,PRCP,0,,,a,
ASN00041110,19130528,PRCP,0,,,a,
ASN00041110,19130529,PRCP,127,,,a,
ASN00041110,19130530,PRCP,25,,,a,
ASN00041110,19130531,PRCP,25,,,a,
ASN00041110,19130601,PRCP,0,,,a,
ASN00041110,19130602,PRCP,0,,,a,
ASN00041110,19130603,PRCP,0,,,a,
ASN00041110,19130604,PRCP,0,,,a,
ASN00041110,19130605,PRCP,0,,,a,
ASN00041110,19130606,PRCP,0,,,a,
ASN00041110,19130607,PRCP,0,,,a,
ASN00041110,19130608,PRCP,0,,,a,
ASN00041110,19130609,PRCP,0,,,a,
ASN00041110,19130610,PRCP,0,,,a,
ASN00041110,19130611,PRCP,8,,,a,
ASN00041110,19130612,PRCP,0,,,a,
ASN00041110,19130613,PRCP,0,,,a,
ASN00041110,19130614,PRCP,0,,,a,
ASN00041110,19130615,PRCP,0,,,a,
ASN00041110,19130616,PRCP,0,,,a,
ASN00041110,19130617,PRCP,46,,,a,
ASN00041110,19130618,PRCP,0,,,a,
ASN00041110,19130619,PRCP,0,,,a,
ASN00041110,19130620,PRCP,0,,,a,
ASN00041110,19130621,PRCP,46,,,a,
ASN00041110,19130622,PRCP,648,,,a,
ASN00041110,19130623,PRCP,20,,,a,
ASN00041110,19130624,PRCP,0,,,a,
ASN00041110,19130625,PRCP,0,,,a,
ASN00041110,19130626,PRCP,127,,,a,
ASN00041110,19130627,PRCP,0,,,a,
ASN00041110,19130628,PRCP,0,,,a,
ASN00041110,19130629,PRCP,0,,,a,
ASN00041110,19130630,PRCP,102,,,a,
ASN00041110,19130701,PRCP,0,,,a,
ASN00041110,19130702,PRCP,0,,,a,
ASN00041110,19130703,PRCP,0,,,a,
ASN00041110,19130704,PRCP,0,,,a,
ASN00041110,19130705,PRCP,0,,,a,
ASN00041110,19130706,PRCP,0,,,a,
ASN00041110,19130707,PRCP,0,,,a,
ASN00041110,19130708,PRCP,0,,,a,
ASN00041110,19130709,PRCP,0,,,a,
ASN00041110,19130710,PRCP,0,,,a,
ASN00041110,19130711,PRCP,0,,,a,
ASN00041110,19130712,PRCP,0,,,a,
ASN00041110,19130713,PRCP,0,,,a,
ASN00041110,19130714,PRCP,0,,,a,
ASN00041110,19130715,PRCP,0,,,a,
ASN00041110,19130716,PRCP,0,,,a,
ASN00041110,19130717,PRCP,0,,,a,
ASN00041110,19130718,PRCP,0,,,a,
ASN00041110,19130719,PRCP,0,,,a,
ASN00041110,19130720,PRCP,0,,,a,
ASN00041110,19130721,PRCP,0,,,a,
ASN00041110,19130722,PRCP,0,,,a,
ASN00041110,19130723,PRCP,0,,,a,
ASN00041110,19130724,PRCP,0,,,a,
ASN00041110,19130725,PRCP,0,,,a,
ASN00041110,19130726,PRCP,0,,,a,
ASN00041110,19130727,PRCP,127,,,a,
ASN00041110,19130728,PRCP,140,,,a,
ASN00041110,19130729,PRCP,15,,,a,
ASN00041110,19130730,PRCP,0,,,a,
ASN00041110,19130731,PRCP,0,,,a,
ASN00041110,19130801,PRCP,0,,,a,
ASN00041110,19130802,PRCP,0,,,a,
ASN00041110,19130803,PRCP,0,,,a,
ASN00041110,19130804,PRCP,0,,,a,
ASN00041110,19130805,PRCP,0,,,a,
ASN00041110,19130806,PRCP,0,,,a,
ASN00041110,19130807,PRCP,0,,,a,
ASN00041110,19130808,PRCP,0,,,a,
ASN00041110,19130809,PRCP,0,,,a,
ASN00041110,19130810,PRCP,0,,,a,
ASN00041110,19130811,PRCP,0,,,a,
ASN00041110,19130812,PRCP,0,,,a,
ASN00041110,19130813,PRCP,0,,,a,
ASN00041110,19130814,PRCP,0,,,a,
ASN00041110,19130815,PRCP,0,,,a,
ASN00041110,19130816,PRCP,0,,,a,
ASN00041110,19130817,PRCP,0,,,a,
ASN00041110,19130818,PRCP,0,,,a,
ASN00041110,19130819,PRCP,0,,,a,
ASN00041110,19130820,PRCP,0,,,a,
ASN00041110,19130821,PRCP,0,,,a,
ASN00041110,19130822,PRCP,0,,,a,
ASN00041110,19130823,PRCP,0,,,a,
ASN00041110,19130824,PRCP,0,,,a,
ASN00041110,19130825,PRCP,0,,,a,
ASN00041110,19130826,PRCP,0,,,a,
ASN00041110,19130827,PRCP,0,,,a,
ASN00041110,19130828,PRCP,0,,,a,
ASN00041110,19130829,PRCP,0,,,a,
ASN00041110,19130830,PRCP,0,,,a,
ASN00041110,19130831,PRCP,0,,,a,
ASN00041110,19130901,PRCP,0,,,a,
ASN00041110,19130902,PRCP,0,,,a,
ASN00041110,19130903,PRCP,0,,,a,
ASN00041110,19130904,PRCP,0,,,a,
ASN00041110,19130905,PRCP,0,,,a,
ASN00041110,19130906,PRCP,0,,,a,
ASN00041110,19130907,PRCP,0,,,a,
ASN00041110,19130908,PRCP,0,,,a,
ASN00041110,19130909,PRCP,0,,,a,
ASN00041110,19130910,PRCP,0,,,a,
ASN00041110,19130911,PRCP,0,,,a,
ASN00041110,19130912,PRCP,0,,,a,
ASN00041110,19130913,PRCP,0,,,a,
ASN00041110,19130914,PRCP,0,,,a,
ASN00041110,19130915,PRCP,0,,,a,
ASN00041110,19130916,PRCP,0,,,a,
ASN00041110,19130917,PRCP,0,,,a,
ASN00041110,19130918,PRCP,0,,,a,
ASN00041110,19130919,PRCP,0,,,a,
ASN00041110,19130920,PRCP,64,,,a,
ASN00041110,19130921,PRCP,0,,,a,
ASN00041110,19130922,PRCP,0,,,a,
ASN00041110,19130923,PRCP,0,,,a,
ASN00041110,19130924,PRCP,0,,,a,
ASN00041110,19130925,PRCP,0,,,a,
ASN00041110,19130926,PRCP,0,,,a,
ASN00041110,19130927,PRCP,0,,,a,
ASN00041110,19130928,PRCP,127,,,a,
ASN00041110,19130929,PRCP,0,,,a,
ASN00041110,19130930,PRCP,0,,,a,
ASN00041110,19131001,PRCP,0,,,a,
ASN00041110,19131002,PRCP,0,,,a,
ASN00041110,19131003,PRCP,0,,,a,
ASN00041110,19131004,PRCP,0,,,a,
ASN00041110,19131005,PRCP,0,,,a,
ASN00041110,19131006,PRCP,0,,,a,
ASN00041110,19131007,PRCP,0,,,a,
ASN00041110,19131008,PRCP,0,,,a,
ASN00041110,19131009,PRCP,0,,,a,
ASN00041110,19131010,PRCP,0,,,a,
ASN00041110,19131011,PRCP,0,,,a,
ASN00041110,19131012,PRCP,0,,,a,
ASN00041110,19131013,PRCP,0,,,a,
ASN00041110,19131014,PRCP,51,,,a,
ASN00041110,19131015,PRCP,0,,,a,
ASN00041110,19131016,PRCP,0,,,a,
ASN00041110,19131017,PRCP,0,,,a,
ASN00041110,19131018,PRCP,0,,,a,
ASN00041110,19131019,PRCP,0,,,a,
ASN00041110,19131020,PRCP,0,,,a,
ASN00041110,19131021,PRCP,76,,,a,
ASN00041110,19131022,PRCP,160,,,a,
ASN00041110,19131023,PRCP,0,,,a,
ASN00041110,19131024,PRCP,0,,,a,
ASN00041110,19131025,PRCP,0,,,a,
ASN00041110,19131026,PRCP,0,,,a,
ASN00041110,19131027,PRCP,267,,,a,
ASN00041110,19131028,PRCP,0,,,a,
ASN00041110,19131029,PRCP,0,,,a,
ASN00041110,19131030,PRCP,0,,,a,
ASN00041110,19131031,PRCP,0,,,a,
ASN00041110,19131101,PRCP,0,,,a,
ASN00041110,19131102,PRCP,0,,,a,
ASN00041110,19131103,PRCP,0,,,a,
ASN00041110,19131104,PRCP,0,,,a,
ASN00041110,19131105,PRCP,0,,,a,
ASN00041110,19131106,PRCP,0,,,a,
ASN00041110,19131107,PRCP,0,,,a,
ASN00041110,19131108,PRCP,0,,,a,
ASN00041110,19131109,PRCP,0,,,a,
ASN00041110,19131110,PRCP,0,,,a,
ASN00041110,19131111,PRCP,0,,,a,
ASN00041110,19131112,PRCP,0,,,a,
ASN00041110,19131113,PRCP,0,,,a,
ASN00041110,19131114,PRCP,0,,,a,
ASN00041110,19131115,PRCP,0,,,a,
ASN00041110,19131116,PRCP,0,,,a,
ASN00041110,19131117,PRCP,0,,,a,
ASN00041110,19131118,PRCP,0,,,a,
ASN00041110,19131119,PRCP,0,,,a,
ASN00041110,19131120,PRCP,0,,,a,
ASN00041110,19131121,PRCP,0,,,a,
ASN00041110,19131122,PRCP,0,,,a,
ASN00041110,19131123,PRCP,0,,,a,
ASN00041110,19131124,PRCP,0,,,a,
ASN00041110,19131125,PRCP,0,,,a,
ASN00041110,19131126,PRCP,0,,,a,
ASN00041110,19131127,PRCP,0,,,a,
ASN00041110,19131128,PRCP,0,,,a,
ASN00041110,19131129,PRCP,0,,,a,
ASN00041110,19131130,PRCP,0,,,a,
ASN00041110,19131201,PRCP,0,,,a,
ASN00041110,19131202,PRCP,0,,,a,
ASN00041110,19131203,PRCP,0,,,a,
ASN00041110,19131204,PRCP,0,,,a,
ASN00041110,19131205,PRCP,0,,,a,
ASN00041110,19131206,PRCP,0,,,a,
ASN00041110,19131207,PRCP,0,,,a,
ASN00041110,19131208,PRCP,0,,,a,
ASN00041110,19131209,PRCP,0,,,a,
ASN00041110,19131210,PRCP,0,,,a,
ASN00041110,19131211,PRCP,0,,,a,
ASN00041110,19131212,PRCP,0,,,a,
ASN00041110,19131213,PRCP,213,,,a,
ASN00041110,19131214,PRCP,0,,,a,
ASN00041110,19131215,PRCP,0,,,a,
ASN00041110,19131216,PRCP,0,,,a,
ASN00041110,19131217,PRCP,0,,,a,
ASN00041110,19131218,PRCP,0,,,a,
ASN00041110,19131219,PRCP,0,,,a,
ASN00041110,19131220,PRCP,102,,,a,
ASN00041110,19131221,PRCP,0,,,a,
ASN00041110,19131222,PRCP,0,,,a,
ASN00041110,19131223,PRCP,0,,,a,
ASN00041110,19131224,PRCP,0,,,a,
ASN00041110,19131225,PRCP,0,,,a,
ASN00041110,19131226,PRCP,0,,,a,
ASN00041110,19131227,PRCP,0,,,a,
ASN00041110,19131228,PRCP,0,,,a,
ASN00041110,19131229,PRCP,0,,,a,
ASN00041110,19131230,PRCP,0,,,a,
ASN00041110,19131231,PRCP,0,,,a,
ASN00041110,19140101,PRCP,0,,,a,
ASN00041110,19140102,PRCP,0,,,a,
ASN00041110,19140103,PRCP,0,,,a,
ASN00041110,19140104,PRCP,0,,,a,
ASN00041110,19140105,PRCP,117,,,a,
ASN00041110,19140106,PRCP,0,,,a,
ASN00041110,19140107,PRCP,0,,,a,
ASN00041110,19140108,PRCP,0,,,a,
ASN00041110,19140109,PRCP,0,,,a,
ASN00041110,19140110,PRCP,28,,,a,
ASN00041110,19140111,PRCP,0,,,a,
ASN00041110,19140112,PRCP,58,,,a,
ASN00041110,19140113,PRCP,183,,,a,
ASN00041110,19140114,PRCP,0,,,a,
ASN00041110,19140115,PRCP,0,,,a,
ASN00041110,19140116,PRCP,0,,,a,
ASN00041110,19140117,PRCP,58,,,a,
ASN00041110,19140118,PRCP,0,,,a,
ASN00041110,19140119,PRCP,0,,,a,
ASN00041110,19140120,PRCP,0,,,a,
ASN00041110,19140121,PRCP,127,,,a,
ASN00041110,19140122,PRCP,0,,,a,
ASN00041110,19140123,PRCP,0,,,a,
ASN00041110,19140124,PRCP,0,,,a,
ASN00041110,19140125,PRCP,0,,,a,
ASN00041110,19140126,PRCP,0,,,a,
ASN00041110,19140127,PRCP,0,,,a,
ASN00041110,19140128,PRCP,127,,,a,
ASN00041110,19140129,PRCP,0,,,a,
ASN00041110,19140130,PRCP,0,,,a,
ASN00041110,19140131,PRCP,0,,,a,
ASN00041110,19140201,PRCP,0,,,a,
ASN00041110,19140202,PRCP,0,,,a,
ASN00041110,19140203,PRCP,0,,,a,
ASN00041110,19140204,PRCP,0,,,a,
ASN00041110,19140205,PRCP,0,,,a,
ASN00041110,19140206,PRCP,0,,,a,
ASN00041110,19140207,PRCP,0,,,a,
ASN00041110,19140208,PRCP,0,,,a,
ASN00041110,19140209,PRCP,0,,,a,
ASN00041110,19140210,PRCP,0,,,a,
ASN00041110,19140211,PRCP,0,,,a,
ASN00041110,19140212,PRCP,41,,,a,
ASN00041110,19140213,PRCP,0,,,a,
ASN00041110,19140214,PRCP,0,,,a,
ASN00041110,19140215,PRCP,0,,,a,
ASN00041110,19140216,PRCP,0,,,a,
ASN00041110,19140217,PRCP,0,,,a,
ASN00041110,19140218,PRCP,0,,,a,
ASN00041110,19140219,PRCP,0,,,a,
ASN00041110,19140220,PRCP,0,,,a,
ASN00041110,19140221,PRCP,0,,,a,
ASN00041110,19140222,PRCP,0,,,a,
ASN00041110,19140223,PRCP,0,,,a,
ASN00041110,19140224,PRCP,0,,,a,
ASN00041110,19140225,PRCP,0,,,a,
ASN00041110,19140226,PRCP,66,,,a,
ASN00041110,19140227,PRCP,0,,,a,
ASN00041110,19140228,PRCP,0,,,a,
ASN00041110,19140301,PRCP,145,,,a,
ASN00041110,19140302,PRCP,0,,,a,
ASN00041110,19140303,PRCP,147,,,a,
ASN00041110,19140304,PRCP,0,,,a,
ASN00041110,19140305,PRCP,0,,,a,
ASN00041110,19140306,PRCP,0,,,a,
ASN00041110,19140307,PRCP,178,,,a,
ASN00041110,19140308,PRCP,0,,,a,
ASN00041110,19140309,PRCP,0,,,a,
ASN00041110,19140310,PRCP,0,,,a,
ASN00041110,19140311,PRCP,0,,,a,
ASN00041110,19140312,PRCP,0,,,a,
ASN00041110,19140313,PRCP,0,,,a,
ASN00041110,19140314,PRCP,0,,,a,
ASN00041110,19140315,PRCP,0,,,a,
ASN00041110,19140316,PRCP,0,,,a,
ASN00041110,19140317,PRCP,109,,,a,
ASN00041110,19140318,PRCP,0,,,a,
ASN00041110,19140319,PRCP,0,,,a,
ASN00041110,19140320,PRCP,0,,,a,
ASN00041110,19140321,PRCP,0,,,a,
ASN00041110,19140322,PRCP,0,,,a,
ASN00041110,19140323,PRCP,142,,,a,
ASN00041110,19140324,PRCP,0,,,a,
ASN00041110,19140325,PRCP,0,,,a,
ASN00041110,19140326,PRCP,615,,,a,
ASN00041110,19140327,PRCP,0,,,a,
ASN00041110,19140328,PRCP,381,,,a,
ASN00041110,19140329,PRCP,191,,,a,
ASN00041110,19140330,PRCP,0,,,a,
ASN00041110,19140331,PRCP,0,,,a,
ASN00041110,19140401,PRCP,0,,,a,
ASN00041110,19140402,PRCP,0,,,a,
ASN00041110,19140403,PRCP,66,,,a,
ASN00041110,19140404,PRCP,0,,,a,
ASN00041110,19140405,PRCP,0,,,a,
ASN00041110,19140406,PRCP,0,,,a,
ASN00041110,19140407,PRCP,0,,,a,
ASN00041110,19140408,PRCP,0,,,a,
ASN00041110,19140409,PRCP,0,,,a,
ASN00041110,19140410,PRCP,330,,,a,
ASN00041110,19140411,PRCP,0,,,a,
ASN00041110,19140412,PRCP,0,,,a,
ASN00041110,19140413,PRCP,0,,,a,
ASN00041110,19140414,PRCP,0,,,a,
ASN00041110,19140415,PRCP,0,,,a,
ASN00041110,19140416,PRCP,0,,,a,
ASN00041110,19140417,PRCP,0,,,a,
ASN00041110,19140418,PRCP,0,,,a,
ASN00041110,19140419,PRCP,0,,,a,
ASN00041110,19140420,PRCP,0,,,a,
ASN00041110,19140421,PRCP,0,,,a,
ASN00041110,19140422,PRCP,0,,,a,
ASN00041110,19140423,PRCP,0,,,a,
ASN00041110,19140424,PRCP,0,,,a,
ASN00041110,19140425,PRCP,0,,,a,
ASN00041110,19140426,PRCP,0,,,a,
ASN00041110,19140427,PRCP,0,,,a,
ASN00041110,19140428,PRCP,0,,,a,
ASN00041110,19140429,PRCP,0,,,a,
ASN00041110,19140430,PRCP,0,,,a,
ASN00041110,19140501,PRCP,0,,,a,
ASN00041110,19140502,PRCP,0,,,a,
ASN00041110,19140503,PRCP,0,,,a,
ASN00041110,19140504,PRCP,0,,,a,
ASN00041110,19140505,PRCP,0,,,a,
ASN00041110,19140506,PRCP,0,,,a,
ASN00041110,19140507,PRCP,0,,,a,
ASN00041110,19140508,PRCP,0,,,a,
ASN00041110,19140509,PRCP,66,,,a,
ASN00041110,19140510,PRCP,10,,,a,
ASN00041110,19140511,PRCP,0,,,a,
ASN00041110,19140512,PRCP,0,,,a,
ASN00041110,19140513,PRCP,0,,,a,
ASN00041110,19140514,PRCP,0,,,a,
ASN00041110,19140515,PRCP,0,,,a,
ASN00041110,19140516,PRCP,58,,,a,
ASN00041110,19140517,PRCP,102,,,a,
ASN00041110,19140518,PRCP,340,,,a,
ASN00041110,19140519,PRCP,0,,,a,
ASN00041110,19140520,PRCP,0,,,a,
ASN00041110,19140521,PRCP,97,,,a,
ASN00041110,19140522,PRCP,0,,,a,
ASN00041110,19140523,PRCP,0,,,a,
ASN00041110,19140524,PRCP,0,,,a,
ASN00041110,19140525,PRCP,0,,,a,
ASN00041110,19140526,PRCP,0,,,a,
ASN00041110,19140527,PRCP,0,,,a,
ASN00041110,19140528,PRCP,0,,,a,
ASN00041110,19140529,PRCP,0,,,a,
ASN00041110,19140530,PRCP,0,,,a,
ASN00041110,19140531,PRCP,0,,,a,
ASN00041110,19140601,PRCP,0,,,a,
ASN00041110,19140602,PRCP,0,,,a,
ASN00041110,19140603,PRCP,0,,,a,
ASN00041110,19140604,PRCP,0,,,a,
ASN00041110,19140605,PRCP,0,,,a,
ASN00041110,19140606,PRCP,0,,,a,
ASN00041110,19140607,PRCP,132,,,a,
ASN00041110,19140608,PRCP,0,,,a,
ASN00041110,19140609,PRCP,0,,,a,
ASN00041110,19140610,PRCP,0,,,a,
ASN00041110,19140611,PRCP,0,,,a,
ASN00041110,19140612,PRCP,0,,,a,
ASN00041110,19140613,PRCP,0,,,a,
ASN00041110,19140614,PRCP,91,,,a,
ASN00041110,19140615,PRCP,0,,,a,
ASN00041110,19140616,PRCP,142,,,a,
ASN00041110,19140617,PRCP,28,,,a,
ASN00041110,19140618,PRCP,81,,,a,
ASN00041110,19140619,PRCP,0,,,a,
ASN00041110,19140620,PRCP,0,,,a,
ASN00041110,19140621,PRCP,0,,,a,
ASN00041110,19140622,PRCP,0,,,a,
ASN00041110,19140623,PRCP,0,,,a,
ASN00041110,19140624,PRCP,0,,,a,
ASN00041110,19140625,PRCP,119,,,a,
ASN00041110,19140626,PRCP,0,,,a,
ASN00041110,19140627,PRCP,0,,,a,
ASN00041110,19140628,PRCP,0,,,a,
ASN00041110,19140629,PRCP,0,,,a,
ASN00041110,19140630,PRCP,0,,,a,
ASN00041110,19140701,PRCP,15,,,a,
ASN00041110,19140702,PRCP,0,,,a,
ASN00041110,19140703,PRCP,0,,,a,
ASN00041110,19140704,PRCP,0,,,a,
ASN00041110,19140705,PRCP,0,,,a,
ASN00041110,19140706,PRCP,0,,,a,
ASN00041110,19140707,PRCP,0,,,a,
ASN00041110,19140708,PRCP,0,,,a,
ASN00041110,19140709,PRCP,0,,,a,
ASN00041110,19140710,PRCP,0,,,a,
ASN00041110,19140711,PRCP,0,,,a,
ASN00041110,19140712,PRCP,0,,,a,
ASN00041110,19140713,PRCP,0,,,a,
ASN00041110,19140714,PRCP,0,,,a,
ASN00041110,19140715,PRCP,0,,,a,
ASN00041110,19140716,PRCP,0,,,a,
ASN00041110,19140717,PRCP,0,,,a,
ASN00041110,19140718,PRCP,0,,,a,
ASN00041110,19140719,PRCP,107,,,a,
ASN00041110,19140720,PRCP,0,,,a,
ASN00041110,19140721,PRCP,0,,,a,
ASN00041110,19140722,PRCP,0,,,a,
ASN00041110,19140723,PRCP,0,,,a,
ASN00041110,19140724,PRCP,0,,,a,
ASN00041110,19140725,PRCP,0,,,a,
ASN00041110,19140726,PRCP,142,,,a,
ASN00041110,19140727,PRCP,30,,,a,
ASN00041110,19140728,PRCP,0,,,a,
ASN00041110,19140729,PRCP,0,,,a,
ASN00041110,19140730,PRCP,43,,,a,
ASN00041110,19140731,PRCP,0,,,a,
ASN00041110,19140801,PRCP,0,,,a,
ASN00041110,19140802,PRCP,0,,,a,
ASN00041110,19140803,PRCP,0,,,a,
ASN00041110,19140804,PRCP,0,,,a,
ASN00041110,19140805,PRCP,0,,,a,
ASN00041110,19140806,PRCP,0,,,a,
ASN00041110,19140807,PRCP,0,,,a,
ASN00041110,19140808,PRCP,0,,,a,
ASN00041110,19140809,PRCP,0,,,a,
ASN00041110,19140810,PRCP,0,,,a,
ASN00041110,19140811,PRCP,0,,,a,
ASN00041110,19140812,PRCP,0,,,a,
ASN00041110,19140813,PRCP,0,,,a,
ASN00041110,19140814,PRCP,0,,,a,
ASN00041110,19140815,PRCP,0,,,a,
ASN00041110,19140816,PRCP,0,,,a,
ASN00041110,19140817,PRCP,0,,,a,
ASN00041110,19140818,PRCP,0,,,a,
ASN00041110,19140819,PRCP,0,,,a,
ASN00041110,19140820,PRCP,0,,,a,
ASN00041110,19140821,PRCP,0,,,a,
ASN00041110,19140822,PRCP,0,,,a,
ASN00041110,19140823,PRCP,0,,,a,
ASN00041110,19140824,PRCP,0,,,a,
ASN00041110,19140825,PRCP,0,,,a,
ASN00041110,19140826,PRCP,0,,,a,
ASN00041110,19140827,PRCP,0,,,a,
ASN00041110,19140828,PRCP,0,,,a,
ASN00041110,19140829,PRCP,0,,,a,
ASN00041110,19140830,PRCP,0,,,a,
ASN00041110,19140831,PRCP,0,,,a,
ASN00041110,19140901,PRCP,0,,,a,
ASN00041110,19140902,PRCP,0,,,a,
ASN00041110,19140903,PRCP,0,,,a,
ASN00041110,19140904,PRCP,0,,,a,
ASN00041110,19140905,PRCP,0,,,a,
ASN00041110,19140906,PRCP,0,,,a,
ASN00041110,19140907,PRCP,0,,,a,
ASN00041110,19140908,PRCP,0,,,a,
ASN00041110,19140909,PRCP,0,,,a,
ASN00041110,19140910,PRCP,0,,,a,
ASN00041110,19140911,PRCP,0,,,a,
ASN00041110,19140912,PRCP,0,,,a,
ASN00041110,19140913,PRCP,0,,,a,
ASN00041110,19140914,PRCP,76,,,a,
ASN00041110,19140915,PRCP,0,,,a,
ASN00041110,19140916,PRCP,0,,,a,
ASN00041110,19140917,PRCP,0,,,a,
ASN00041110,19140918,PRCP,0,,,a,
ASN00041110,19140919,PRCP,0,,,a,
ASN00041110,19140920,PRCP,0,,,a,
ASN00041110,19140921,PRCP,0,,,a,
ASN00041110,19140922,PRCP,0,,,a,
ASN00041110,19140923,PRCP,0,,,a,
ASN00041110,19140924,PRCP,0,,,a,
ASN00041110,19140925,PRCP,0,,,a,
ASN00041110,19140926,PRCP,0,,,a,
ASN00041110,19140927,PRCP,0,,,a,
ASN00041110,19140928,PRCP,0,,,a,
ASN00041110,19140929,PRCP,0,,,a,
ASN00041110,19140930,PRCP,0,,,a,
ASN00041110,19141001,PRCP,0,,,a,
ASN00041110,19141002,PRCP,0,,,a,
ASN00041110,19141003,PRCP,0,,,a,
ASN00041110,19141004,PRCP,0,,,a,
ASN00041110,19141005,PRCP,0,,,a,
ASN00041110,19141006,PRCP,0,,,a,
ASN00041110,19141007,PRCP,0,,,a,
ASN00041110,19141008,PRCP,0,,,a,
ASN00041110,19141009,PRCP,152,,,a,
ASN00041110,19141010,PRCP,0,,,a,
ASN00041110,19141011,PRCP,147,,,a,
ASN00041110,19141012,PRCP,0,,,a,
ASN00041110,19141013,PRCP,0,,,a,
ASN00041110,19141014,PRCP,0,,,a,
ASN00041110,19141015,PRCP,0,,,a,
ASN00041110,19141016,PRCP,0,,,a,
ASN00041110,19141017,PRCP,0,,,a,
ASN00041110,19141018,PRCP,0,,,a,
ASN00041110,19141019,PRCP,0,,,a,
ASN00041110,19141020,PRCP,0,,,a,
ASN00041110,19141021,PRCP,0,,,a,
ASN00041110,19141022,PRCP,0,,,a,
ASN00041110,19141023,PRCP,0,,,a,
ASN00041110,19141024,PRCP,0,,,a,
ASN00041110,19141025,PRCP,0,,,a,
ASN00041110,19141026,PRCP,0,,,a,
ASN00041110,19141027,PRCP,0,,,a,
ASN00041110,19141028,PRCP,0,,,a,
ASN00041110,19141029,PRCP,0,,,a,
ASN00041110,19141030,PRCP,0,,,a,
ASN00041110,19141031,PRCP,0,,,a,
ASN00041110,19141101,PRCP,0,,,a,
ASN00041110,19141102,PRCP,0,,,a,
ASN00041110,19141103,PRCP,0,,,a,
ASN00041110,19141104,PRCP,0,,,a,
ASN00041110,19141105,PRCP,0,,,a,
ASN00041110,19141106,PRCP,0,,,a,
ASN00041110,19141107,PRCP,0,,,a,
ASN00041110,19141108,PRCP,0,,,a,
ASN00041110,19141109,PRCP,0,,,a,
ASN00041110,19141110,PRCP,0,,,a,
ASN00041110,19141111,PRCP,36,,,a,
ASN00041110,19141112,PRCP,137,,,a,
ASN00041110,19141113,PRCP,0,,,a,
ASN00041110,19141114,PRCP,0,,,a,
ASN00041110,19141115,PRCP,0,,,a,
ASN00041110,19141116,PRCP,0,,,a,
ASN00041110,19141117,PRCP,0,,,a,
ASN00041110,19141118,PRCP,0,,,a,
ASN00041110,19141119,PRCP,0,,,a,
ASN00041110,19141120,PRCP,0,,,a,
ASN00041110,19141121,PRCP,0,,,a,
ASN00041110,19141122,PRCP,0,,,a,
ASN00041110,19141123,PRCP,0,,,a,
ASN00041110,19141124,PRCP,0,,,a,
ASN00041110,19141125,PRCP,0,,,a,
ASN00041110,19141126,PRCP,122,,,a,
ASN00041110,19141127,PRCP,0,,,a,
ASN00041110,19141128,PRCP,46,,,a,
ASN00041110,19141129,PRCP,0,,,a,
ASN00041110,19141130,PRCP,0,,,a,
ASN00041110,19141201,PRCP,0,,,a,
ASN00041110,19141202,PRCP,0,,,a,
ASN00041110,19141203,PRCP,0,,,a,
ASN00041110,19141204,PRCP,0,,,a,
ASN00041110,19141205,PRCP,25,,,a,
ASN00041110,19141206,PRCP,30,,,a,
ASN00041110,19141207,PRCP,0,,,a,
ASN00041110,19141208,PRCP,0,,,a,
ASN00041110,19141209,PRCP,0,,,a,
ASN00041110,19141210,PRCP,0,,,a,
ASN00041110,19141211,PRCP,0,,,a,
ASN00041110,19141212,PRCP,0,,,a,
ASN00041110,19141213,PRCP,0,,,a,
ASN00041110,19141214,PRCP,0,,,a,
ASN00041110,19141215,PRCP,0,,,a,
ASN00041110,19141216,PRCP,0,,,a,
ASN00041110,19141217,PRCP,0,,,a,
ASN00041110,19141218,PRCP,0,,,a,
ASN00041110,19141219,PRCP,0,,,a,
ASN00041110,19141220,PRCP,0,,,a,
ASN00041110,19141221,PRCP,0,,,a,
ASN00041110,19141222,PRCP,0,,,a,
ASN00041110,19141223,PRCP,0,,,a,
ASN00041110,19141224,PRCP,0,,,a,
ASN00041110,19141225,PRCP,0,,,a,
ASN00041110,19141226,PRCP,0,,,a,
ASN00041110,19141227,PRCP,168,,,a,
ASN00041110,19141228,PRCP,0,,,a,
ASN00041110,19141229,PRCP,25,,,a,
ASN00041110,19141230,PRCP,0,,,a,
ASN00041110,19141231,PRCP,0,,,a,
ASN00041110,19150101,PRCP,0,,,a,
ASN00041110,19150102,PRCP,0,,,a,
ASN00041110,19150103,PRCP,0,,,a,
ASN00041110,19150104,PRCP,0,,,a,
ASN00041110,19150105,PRCP,0,,,a,
ASN00041110,19150106,PRCP,0,,,a,
ASN00041110,19150107,PRCP,0,,,a,
ASN00041110,19150108,PRCP,0,,,a,
ASN00041110,19150109,PRCP,0,,,a,
ASN00041110,19150110,PRCP,0,,,a,
ASN00041110,19150111,PRCP,0,,,a,
ASN00041110,19150112,PRCP,41,,,a,
ASN00041110,19150113,PRCP,0,,,a,
ASN00041110,19150114,PRCP,0,,,a,
ASN00041110,19150115,PRCP,0,,,a,
ASN00041110,19150116,PRCP,0,,,a,
ASN00041110,19150117,PRCP,0,,,a,
ASN00041110,19150118,PRCP,0,,,a,
ASN00041110,19150119,PRCP,0,,,a,
ASN00041110,19150120,PRCP,0,,,a,
ASN00041110,19150121,PRCP,0,,,a,
ASN00041110,19150122,PRCP,0,,,a,
ASN00041110,19150123,PRCP,0,,,a,
ASN00041110,19150124,PRCP,0,,,a,
ASN00041110,19150125,PRCP,0,,,a,
ASN00041110,19150126,PRCP,0,,,a,
ASN00041110,19150127,PRCP,0,,,a,
ASN00041110,19150128,PRCP,0,,,a,
ASN00041110,19150129,PRCP,0,,,a,
ASN00041110,19150130,PRCP,0,,,a,
ASN00041110,19150131,PRCP,0,,,a,
ASN00041110,19150201,PRCP,0,,,a,
ASN00041110,19150202,PRCP,0,,,a,
ASN00041110,19150203,PRCP,0,,,a,
ASN00041110,19150204,PRCP,0,,,a,
ASN00041110,19150205,PRCP,0,,,a,
ASN00041110,19150206,PRCP,0,,,a,
ASN00041110,19150207,PRCP,0,,,a,
ASN00041110,19150208,PRCP,0,,,a,
ASN00041110,19150209,PRCP,0,,,a,
ASN00041110,19150210,PRCP,0,,,a,
ASN00041110,19150211,PRCP,0,,,a,
ASN00041110,19150212,PRCP,0,,,a,
ASN00041110,19150213,PRCP,0,,,a,
ASN00041110,19150214,PRCP,0,,,a,
ASN00041110,19150215,PRCP,0,,,a,
ASN00041110,19150216,PRCP,0,,,a,
ASN00041110,19150217,PRCP,0,,,a,
ASN00041110,19150218,PRCP,0,,,a,
ASN00041110,19150219,PRCP,0,,,a,
ASN00041110,19150220,PRCP,0,,,a,
ASN00041110,19150221,PRCP,0,,,a,
ASN00041110,19150222,PRCP,0,,,a,
ASN00041110,19150223,PRCP,0,,,a,
ASN00041110,19150224,PRCP,0,,,a,
ASN00041110,19150225,PRCP,0,,,a,
ASN00041110,19150226,PRCP,0,,,a,
ASN00041110,19150227,PRCP,0,,,a,
ASN00041110,19150228,PRCP,36,,,a,
ASN00041110,19150301,PRCP,0,,,a,
ASN00041110,19150302,PRCP,0,,,a,
ASN00041110,19150303,PRCP,0,,,a,
ASN00041110,19150304,PRCP,0,,,a,
ASN00041110,19150305,PRCP,0,,,a,
ASN00041110,19150306,PRCP,0,,,a,
ASN00041110,19150307,PRCP,112,,,a,
ASN00041110,19150308,PRCP,0,,,a,
ASN00041110,19150309,PRCP,0,,,a,
ASN00041110,19150310,PRCP,0,,,a,
ASN00041110,19150311,PRCP,0,,,a,
ASN00041110,19150312,PRCP,0,,,a,
ASN00041110,19150313,PRCP,0,,,a,
ASN00041110,19150314,PRCP,0,,,a,
ASN00041110,19150315,PRCP,122,,,a,
ASN00041110,19150316,PRCP,3,,,a,
ASN00041110,19150317,PRCP,0,,,a,
ASN00041110,19150318,PRCP,0,,,a,
ASN00041110,19150319,PRCP,0,,,a,
ASN00041110,19150320,PRCP,0,,,a,
ASN00041110,19150321,PRCP,0,,,a,
ASN00041110,19150322,PRCP,0,,,a,
ASN00041110,19150323,PRCP,0,,,a,
ASN00041110,19150324,PRCP,0,,,a,
ASN00041110,19150325,PRCP,0,,,a,
ASN00041110,19150326,PRCP,0,,,a,
ASN00041110,19150327,PRCP,0,,,a,
ASN00041110,19150328,PRCP,0,,,a,
ASN00041110,19150329,PRCP,0,,,a,
ASN00041110,19150330,PRCP,0,,,a,
ASN00041110,19150331,PRCP,0,,,a,
ASN00041110,19150401,PRCP,0,,,a,
ASN00041110,19150402,PRCP,0,,,a,
ASN00041110,19150403,PRCP,0,,,a,
ASN00041110,19150404,PRCP,8,,,a,
ASN00041110,19150405,PRCP,0,,,a,
ASN00041110,19150406,PRCP,0,,,a,
ASN00041110,19150407,PRCP,0,,,a,
ASN00041110,19150408,PRCP,15,,,a,
ASN00041110,19150409,PRCP,89,,,a,
ASN00041110,19150410,PRCP,0,,,a,
ASN00041110,19150411,PRCP,0,,,a,
ASN00041110,19150412,PRCP,0,,,a,
ASN00041110,19150413,PRCP,0,,,a,
ASN00041110,19150414,PRCP,0,,,a,
ASN00041110,19150415,PRCP,0,,,a,
ASN00041110,19150416,PRCP,0,,,a,
ASN00041110,19150417,PRCP,0,,,a,
ASN00041110,19150418,PRCP,0,,,a,
ASN00041110,19150419,PRCP,0,,,a,
ASN00041110,19150420,PRCP,0,,,a,
ASN00041110,19150421,PRCP,0,,,a,
ASN00041110,19150422,PRCP,0,,,a,
ASN00041110,19150423,PRCP,0,,,a,
ASN00041110,19150424,PRCP,0,,,a,
ASN00041110,19150425,PRCP,0,,,a,
ASN00041110,19150426,PRCP,0,,,a,
ASN00041110,19150427,PRCP,0,,,a,
ASN00041110,19150428,PRCP,0,,,a,
ASN00041110,19150429,PRCP,0,,,a,
ASN00041110,19150430,PRCP,0,,,a,
ASN00041110,19150501,PRCP,0,,,a,
ASN00041110,19150502,PRCP,15,,,a,
ASN00041110,19150503,PRCP,0,,,a,
ASN00041110,19150504,PRCP,249,,,a,
ASN00041110,19150505,PRCP,0,,,a,
ASN00041110,19150506,PRCP,0,,,a,
ASN00041110,19150507,PRCP,0,,,a,
ASN00041110,19150508,PRCP,168,,,a,
ASN00041110,19150509,PRCP,0,,,a,
ASN00041110,19150510,PRCP,0,,,a,
ASN00041110,19150511,PRCP,0,,,a,
ASN00041110,19150512,PRCP,0,,,a,
ASN00041110,19150513,PRCP,0,,,a,
ASN00041110,19150514,PRCP,0,,,a,
ASN00041110,19150515,PRCP,0,,,a,
ASN00041110,19150516,PRCP,0,,,a,
ASN00041110,19150517,PRCP,0,,,a,
ASN00041110,19150518,PRCP,0,,,a,
ASN00041110,19150519,PRCP,0,,,a,
ASN00041110,19150520,PRCP,0,,,a,
ASN00041110,19150521,PRCP,0,,,a,
ASN00041110,19150522,PRCP,0,,,a,
ASN00041110,19150523,PRCP,0,,,a,
ASN00041110,19150524,PRCP,0,,,a,
ASN00041110,19150525,PRCP,0,,,a,
ASN00041110,19150526,PRCP,0,,,a,
ASN00041110,19150527,PRCP,0,,,a,
ASN00041110,19150528,PRCP,0,,,a,
ASN00041110,19150529,PRCP,0,,,a,
ASN00041110,19150530,PRCP,0,,,a,
ASN00041110,19150531,PRCP,0,,,a,
ASN00041110,19150601,PRCP,0,,,a,
ASN00041110,19150602,PRCP,0,,,a,
ASN00041110,19150603,PRCP,0,,,a,
ASN00041110,19150604,PRCP,0,,,a,
ASN00041110,19150605,PRCP,0,,,a,
ASN00041110,19150606,PRCP,0,,,a,
ASN00041110,19150607,PRCP,0,,,a,
ASN00041110,19150608,PRCP,38,,,a,
ASN00041110,19150609,PRCP,0,,,a,
ASN00041110,19150610,PRCP,0,,,a,
ASN00041110,19150611,PRCP,0,,,a,
ASN00041110,19150612,PRCP,0,,,a,
ASN00041110,19150613,PRCP,0,,,a,
ASN00041110,19150614,PRCP,0,,,a,
ASN00041110,19150615,PRCP,0,,,a,
ASN00041110,19150616,PRCP,0,,,a,
ASN00041110,19150617,PRCP,0,,,a,
ASN00041110,19150618,PRCP,0,,,a,
ASN00041110,19150619,PRCP,74,,,a,
ASN00041110,19150620,PRCP,0,,,a,
ASN00041110,19150621,PRCP,0,,,a,
ASN00041110,19150622,PRCP,10,,,a,
ASN00041110,19150623,PRCP,0,,,a,
ASN00041110,19150624,PRCP,0,,,a,
ASN00041110,19150625,PRCP,0,,,a,
ASN00041110,19150626,PRCP,0,,,a,
ASN00041110,19150627,PRCP,0,,,a,
ASN00041110,19150628,PRCP,0,,,a,
ASN00041110,19150629,PRCP,0,,,a,
ASN00041110,19150630,PRCP,0,,,a,
ASN00041110,19150701,PRCP,0,,,a,
ASN00041110,19150702,PRCP,0,,,a,
ASN00041110,19150703,PRCP,0,,,a,
ASN00041110,19150704,PRCP,0,,,a,
ASN00041110,19150705,PRCP,0,,,a,
ASN00041110,19150706,PRCP,0,,,a,
ASN00041110,19150707,PRCP,76,,,a,
ASN00041110,19150708,PRCP,30,,,a,
ASN00041110,19150709,PRCP,0,,,a,
ASN00041110,19150710,PRCP,0,,,a,
ASN00041110,19150711,PRCP,0,,,a,
ASN00041110,19150712,PRCP,0,,,a,
ASN00041110,19150713,PRCP,0,,,a,
ASN00041110,19150714,PRCP,0,,,a,
ASN00041110,19150715,PRCP,0,,,a,
ASN00041110,19150716,PRCP,51,,,a,
ASN00041110,19150717,PRCP,0,,,a,
ASN00041110,19150718,PRCP,0,,,a,
ASN00041110,19150719,PRCP,0,,,a,
ASN00041110,19150720,PRCP,94,,,a,
ASN00041110,19150721,PRCP,0,,,a,
ASN00041110,19150722,PRCP,0,,,a,
ASN00041110,19150723,PRCP,0,,,a,
ASN00041110,19150724,PRCP,18,,,a,
ASN00041110,19150725,PRCP,58,,,a,
ASN00041110,19150726,PRCP,0,,,a,
ASN00041110,19150727,PRCP,0,,,a,
ASN00041110,19150728,PRCP,0,,,a,
ASN00041110,19150729,PRCP,0,,,a,
ASN00041110,19150730,PRCP,0,,,a,
ASN00041110,19150731,PRCP,282,,,a,
ASN00041110,19150801,PRCP,0,,,a,
ASN00041110,19150802,PRCP,0,,,a,
ASN00041110,19150803,PRCP,0,,,a,
ASN00041110,19150804,PRCP,0,,,a,
ASN00041110,19150805,PRCP,0,,,a,
ASN00041110,19150806,PRCP,0,,,a,
ASN00041110,19150807,PRCP,0,,,a,
ASN00041110,19150808,PRCP,0,,,a,
ASN00041110,19150809,PRCP,0,,,a,
ASN00041110,19150810,PRCP,0,,,a,
ASN00041110,19150811,PRCP,0,,,a,
ASN00041110,19150812,PRCP,0,,,a,
ASN00041110,19150813,PRCP,0,,,a,
ASN00041110,19150814,PRCP,0,,,a,
ASN00041110,19150815,PRCP,0,,,a,
ASN00041110,19150816,PRCP,0,,,a,
ASN00041110,19150817,PRCP,0,,,a,
ASN00041110,19150818,PRCP,0,,,a,
ASN00041110,19150819,PRCP,0,,,a,
ASN00041110,19150820,PRCP,0,,,a,
ASN00041110,19150821,PRCP,0,,,a,
ASN00041110,19150822,PRCP,0,,,a,
ASN00041110,19150823,PRCP,69,,,a,
ASN00041110,19150824,PRCP,160,,,a,
ASN00041110,19150825,PRCP,13,,,a,
ASN00041110,19150826,PRCP,0,,,a,
ASN00041110,19150827,PRCP,0,,,a,
ASN00041110,19150828,PRCP,0,,,a,
ASN00041110,19150829,PRCP,0,,,a,
ASN00041110,19150830,PRCP,0,,,a,
ASN00041110,19150831,PRCP,0,,,a,
ASN00041110,19150901,PRCP,0,,,a,
ASN00041110,19150902,PRCP,0,,,a,
ASN00041110,19150903,PRCP,0,,,a,
ASN00041110,19150904,PRCP,0,,,a,
ASN00041110,19150905,PRCP,0,,,a,
ASN00041110,19150906,PRCP,0,,,a,
ASN00041110,19150907,PRCP,0,,,a,
ASN00041110,19150908,PRCP,0,,,a,
ASN00041110,19150909,PRCP,0,,,a,
ASN00041110,19150910,PRCP,0,,,a,
ASN00041110,19150911,PRCP,0,,,a,
ASN00041110,19150912,PRCP,0,,,a,
ASN00041110,19150913,PRCP,0,,,a,
ASN00041110,19150914,PRCP,0,,,a,
ASN00041110,19150915,PRCP,0,,,a,
ASN00041110,19150916,PRCP,0,,,a,
ASN00041110,19150917,PRCP,0,,,a,
ASN00041110,19150918,PRCP,0,,,a,
ASN00041110,19150919,PRCP,0,,,a,
ASN00041110,19150920,PRCP,23,,,a,
ASN00041110,19150921,PRCP,142,,,a,
ASN00041110,19150922,PRCP,0,,,a,
ASN00041110,19150923,PRCP,0,,,a,
ASN00041110,19150924,PRCP,0,,,a,
ASN00041110,19150925,PRCP,0,,,a,
ASN00041110,19150926,PRCP,0,,,a,
ASN00041110,19150927,PRCP,0,,,a,
ASN00041110,19150928,PRCP,0,,,a,
ASN00041110,19150929,PRCP,0,,,a,
ASN00041110,19150930,PRCP,0,,,a,
ASN00041110,19151001,PRCP,0,,,a,
ASN00041110,19151002,PRCP,0,,,a,
ASN00041110,19151003,PRCP,0,,,a,
ASN00041110,19151004,PRCP,0,,,a,
ASN00041110,19151005,PRCP,0,,,a,
ASN00041110,19151006,PRCP,0,,,a,
ASN00041110,19151007,PRCP,0,,,a,
ASN00041110,19151008,PRCP,0,,,a,
ASN00041110,19151009,PRCP,0,,,a,
ASN00041110,19151010,PRCP,0,,,a,
ASN00041110,19151011,PRCP,0,,,a,
ASN00041110,19151012,PRCP,0,,,a,
ASN00041110,19151013,PRCP,0,,,a,
ASN00041110,19151014,PRCP,0,,,a,
ASN00041110,19151015,PRCP,0,,,a,
ASN00041110,19151016,PRCP,43,,,a,
ASN00041110,19151017,PRCP,0,,,a,
ASN00041110,19151018,PRCP,0,,,a,
ASN00041110,19151019,PRCP,0,,,a,
ASN00041110,19151020,PRCP,0,,,a,
ASN00041110,19151021,PRCP,0,,,a,
ASN00041110,19151022,PRCP,0,,,a,
ASN00041110,19151023,PRCP,0,,,a,
ASN00041110,19151024,PRCP,0,,,a,
ASN00041110,19151025,PRCP,0,,,a,
ASN00041110,19151026,PRCP,0,,,a,
ASN00041110,19151027,PRCP,0,,,a,
ASN00041110,19151028,PRCP,0,,,a,
ASN00041110,19151029,PRCP,0,,,a,
ASN00041110,19151030,PRCP,0,,,a,
ASN00041110,19151031,PRCP,0,,,a,
ASN00041110,19151101,PRCP,0,,,a,
ASN00041110,19151102,PRCP,0,,,a,
ASN00041110,19151103,PRCP,0,,,a,
ASN00041110,19151104,PRCP,0,,,a,
ASN00041110,19151105,PRCP,0,,,a,
ASN00041110,19151106,PRCP,0,,,a,
ASN00041110,19151107,PRCP,0,,,a,
ASN00041110,19151108,PRCP,0,,,a,
ASN00041110,19151109,PRCP,0,,,a,
ASN00041110,19151110,PRCP,0,,,a,
ASN00041110,19151111,PRCP,0,,,a,
ASN00041110,19151112,PRCP,0,,,a,
ASN00041110,19151113,PRCP,0,,,a,
ASN00041110,19151114,PRCP,0,,,a,
ASN00041110,19151115,PRCP,0,,,a,
ASN00041110,19151116,PRCP,0,,,a,
ASN00041110,19151117,PRCP,0,,,a,
ASN00041110,19151118,PRCP,0,,,a,
ASN00041110,19151119,PRCP,0,,,a,
ASN00041110,19151120,PRCP,20,,,a,
ASN00041110,19151121,PRCP,0,,,a,
ASN00041110,19151122,PRCP,0,,,a,
ASN00041110,19151123,PRCP,0,,,a,
ASN00041110,19151124,PRCP,0,,,a,
ASN00041110,19151125,PRCP,61,,,a,
ASN00041110,19151126,PRCP,51,,,a,
ASN00041110,19151127,PRCP,0,,,a,
ASN00041110,19151128,PRCP,0,,,a,
ASN00041110,19151129,PRCP,0,,,a,
ASN00041110,19151130,PRCP,0,,,a,
ASN00041110,19151201,PRCP,0,,,a,
ASN00041110,19151202,PRCP,0,,,a,
ASN00041110,19151203,PRCP,0,,,a,
ASN00041110,19151204,PRCP,0,,,a,
ASN00041110,19151205,PRCP,0,,,a,
ASN00041110,19151206,PRCP,0,,,a,
ASN00041110,19151207,PRCP,0,,,a,
ASN00041110,19151208,PRCP,0,,,a,
ASN00041110,19151209,PRCP,0,,,a,
ASN00041110,19151210,PRCP,0,,,a,
ASN00041110,19151211,PRCP,0,,,a,
ASN00041110,19151212,PRCP,0,,,a,
ASN00041110,19151213,PRCP,0,,,a,
ASN00041110,19151214,PRCP,28,,,a,
ASN00041110,19151215,PRCP,152,,,a,
ASN00041110,19151216,PRCP,76,,,a,
ASN00041110,19151217,PRCP,0,,,a,
ASN00041110,19151218,PRCP,0,,,a,
ASN00041110,19151219,PRCP,0,,,a,
ASN00041110,19151220,PRCP,0,,,a,
ASN00041110,19151221,PRCP,0,,,a,
ASN00041110,19151222,PRCP,0,,,a,
ASN00041110,19151223,PRCP,0,,,a,
ASN00041110,19151224,PRCP,0,,,a,
ASN00041110,19151225,PRCP,0,,,a,
ASN00041110,19151226,PRCP,0,,,a,
ASN00041110,19151227,PRCP,0,,,a,
ASN00041110,19151228,PRCP,0,,,a,
ASN00041110,19151229,PRCP,0,,,a,
ASN00041110,19151230,PRCP,0,,,a,
ASN00041110,19151231,PRCP,0,,,a,
ASN00041110,19160101,PRCP,0,,,a,
ASN00041110,19160102,PRCP,0,,,a,
ASN00041110,19160103,PRCP,0,,,a,
ASN00041110,19160104,PRCP,0,,,a,
ASN00041110,19160105,PRCP,0,,,a,
ASN00041110,19160106,PRCP,0,,,a,
ASN00041110,19160107,PRCP,0,,,a,
ASN00041110,19160108,PRCP,0,,,a,
ASN00041110,19160109,PRCP,0,,,a,
ASN00041110,19160110,PRCP,102,,,a,
ASN00041110,19160111,PRCP,0,,,a,
ASN00041110,19160112,PRCP,94,,,a,
ASN00041110,19160113,PRCP,102,,,a,
ASN00041110,19160114,PRCP,41,,,a,
ASN00041110,19160115,PRCP,0,,,a,
ASN00041110,19160116,PRCP,0,,,a,
ASN00041110,19160117,PRCP,0,,,a,
ASN00041110,19160118,PRCP,0,,,a,
ASN00041110,19160119,PRCP,0,,,a,
ASN00041110,19160120,PRCP,23,,,a,
ASN00041110,19160121,PRCP,0,,,a,
ASN00041110,19160122,PRCP,0,,,a,
ASN00041110,19160123,PRCP,0,,,a,
ASN00041110,19160124,PRCP,0,,,a,
ASN00041110,19160125,PRCP,0,,,a,
ASN00041110,19160126,PRCP,0,,,a,
ASN00041110,19160127,PRCP,0,,,a,
ASN00041110,19160128,PRCP,0,,,a,
ASN00041110,19160129,PRCP,25,,,a,
ASN00041110,19160130,PRCP,0,,,a,
ASN00041110,19160131,PRCP,173,,,a,
ASN00041110,19160201,PRCP,0,,,a,
ASN00041110,19160202,PRCP,0,,,a,
ASN00041110,19160203,PRCP,58,,,a,
ASN00041110,19160204,PRCP,66,,,a,
ASN00041110,19160205,PRCP,0,,,a,
ASN00041110,19160206,PRCP,0,,,a,
ASN00041110,19160207,PRCP,0,,,a,
ASN00041110,19160208,PRCP,20,,,a,
ASN00041110,19160209,PRCP,0,,,a,
ASN00041110,19160210,PRCP,0,,,a,
ASN00041110,19160211,PRCP,0,,,a,
ASN00041110,19160212,PRCP,0,,,a,
ASN00041110,19160213,PRCP,0,,,a,
ASN00041110,19160214,PRCP,0,,,a,
ASN00041110,19160215,PRCP,0,,,a,
ASN00041110,19160216,PRCP,0,,,a,
ASN00041110,19160217,PRCP,0,,,a,
ASN00041110,19160218,PRCP,0,,,a,
ASN00041110,19160219,PRCP,0,,,a,
ASN00041110,19160220,PRCP,0,,,a,
ASN00041110,19160221,PRCP,0,,,a,
ASN00041110,19160222,PRCP,0,,,a,
ASN00041110,19160223,PRCP,254,,,a,
ASN00041110,19160224,PRCP,0,,,a,
ASN00041110,19160225,PRCP,0,,,a,
ASN00041110,19160226,PRCP,61,,,a,
ASN00041110,19160227,PRCP,127,,,a,
ASN00041110,19160228,PRCP,13,,,a,
ASN00041110,19160229,PRCP,0,,,a,
ASN00041110,19160301,PRCP,0,,,a,
ASN00041110,19160302,PRCP,0,,,a,
ASN00041110,19160303,PRCP,0,,,a,
ASN00041110,19160304,PRCP,0,,,a,
ASN00041110,19160305,PRCP,0,,,a,
ASN00041110,19160306,PRCP,173,,,a,
ASN00041110,19160307,PRCP,211,,,a,
ASN00041110,19160308,PRCP,0,,,a,
ASN00041110,19160309,PRCP,0,,,a,
ASN00041110,19160310,PRCP,0,,,a,
ASN00041110,19160311,PRCP,0,,,a,
ASN00041110,19160312,PRCP,132,,,a,
ASN00041110,19160313,PRCP,0,,,a,
ASN00041110,19160314,PRCP,0,,,a,
ASN00041110,19160315,PRCP,0,,,a,
ASN00041110,19160316,PRCP,0,,,a,
ASN00041110,19160317,PRCP,0,,,a,
ASN00041110,19160318,PRCP,0,,,a,
ASN00041110,19160319,PRCP,0,,,a,
ASN00041110,19160320,PRCP,0,,,a,
ASN00041110,19160321,PRCP,0,,,a,
ASN00041110,19160322,PRCP,0,,,a,
ASN00041110,19160323,PRCP,0,,,a,
ASN00041110,19160324,PRCP,0,,,a,
ASN00041110,19160325,PRCP,0,,,a,
ASN00041110,19160326,PRCP,0,,,a,
ASN00041110,19160327,PRCP,0,,,a,
ASN00041110,19160328,PRCP,0,,,a,
ASN00041110,19160329,PRCP,0,,,a,
ASN00041110,19160330,PRCP,0,,,a,
ASN00041110,19160331,PRCP,0,,,a,
ASN00041110,19160401,PRCP,0,,,a,
ASN00041110,19160402,PRCP,0,,,a,
ASN00041110,19160403,PRCP,188,,,a,
ASN00041110,19160404,PRCP,0,,,a,
ASN00041110,19160405,PRCP,0,,,a,
ASN00041110,19160406,PRCP,762,,,a,
ASN00041110,19160407,PRCP,91,,,a,
ASN00041110,19160408,PRCP,0,,,a,
ASN00041110,19160409,PRCP,0,,,a,
ASN00041110,19160410,PRCP,0,,,a,
ASN00041110,19160411,PRCP,0,,,a,
ASN00041110,19160412,PRCP,0,,,a,
ASN00041110,19160413,PRCP,0,,,a,
ASN00041110,19160414,PRCP,0,,,a,
ASN00041110,19160415,PRCP,0,,,a,
ASN00041110,19160416,PRCP,0,,,a,
ASN00041110,19160417,PRCP,0,,,a,
ASN00041110,19160418,PRCP,0,,,a,
ASN00041110,19160419,PRCP,0,,,a,
ASN00041110,19160420,PRCP,0,,,a,
ASN00041110,19160421,PRCP,0,,,a,
ASN00041110,19160422,PRCP,0,,,a,
ASN00041110,19160423,PRCP,0,,,a,
ASN00041110,19160424,PRCP,0,,,a,
ASN00041110,19160425,PRCP,0,,,a,
ASN00041110,19160426,PRCP,0,,,a,
ASN00041110,19160427,PRCP,0,,,a,
ASN00041110,19160428,PRCP,0,,,a,
ASN00041110,19160429,PRCP,0,,,a,
ASN00041110,19160430,PRCP,0,,,a,
ASN00041110,19160501,PRCP,0,,,a,
ASN00041110,19160502,PRCP,0,,,a,
ASN00041110,19160503,PRCP,0,,,a,
ASN00041110,19160504,PRCP,0,,,a,
ASN00041110,19160505,PRCP,0,,,a,
ASN00041110,19160506,PRCP,0,,,a,
ASN00041110,19160507,PRCP,0,,,a,
ASN00041110,19160508,PRCP,0,,,a,
ASN00041110,19160509,PRCP,0,,,a,
ASN00041110,19160510,PRCP,0,,,a,
ASN00041110,19160511,PRCP,0,,,a,
ASN00041110,19160512,PRCP,0,,,a,
ASN00041110,19160513,PRCP,0,,,a,
ASN00041110,19160514,PRCP,0,,,a,
ASN00041110,19160515,PRCP,0,,,a,
ASN00041110,19160516,PRCP,0,,,a,
ASN00041110,19160517,PRCP,0,,,a,
ASN00041110,19160518,PRCP,0,,,a,
ASN00041110,19160519,PRCP,0,,,a,
ASN00041110,19160520,PRCP,0,,,a,
ASN00041110,19160521,PRCP,0,,,a,
ASN00041110,19160522,PRCP,0,,,a,
ASN00041110,19160523,PRCP,0,,,a,
ASN00041110,19160524,PRCP,0,,,a,
ASN00041110,19160525,PRCP,0,,,a,
ASN00041110,19160526,PRCP,0,,,a,
ASN00041110,19160527,PRCP,0,,,a,
ASN00041110,19160528,PRCP,0,,,a,
ASN00041110,19160529,PRCP,0,,,a,
ASN00041110,19160530,PRCP,0,,,a,
ASN00041110,19160531,PRCP,0,,,a,
ASN00041110,19160601,PRCP,218,,,a,
ASN00041110,19160602,PRCP,0,,,a,
ASN00041110,19160603,PRCP,0,,,a,
ASN00041110,19160604,PRCP,0,,,a,
ASN00041110,19160605,PRCP,0,,,a,
ASN00041110,19160606,PRCP,0,,,a,
ASN00041110,19160607,PRCP,0,,,a,
ASN00041110,19160608,PRCP,0,,,a,
ASN00041110,19160609,PRCP,0,,,a,
ASN00041110,19160610,PRCP,0,,,a,
ASN00041110,19160611,PRCP,0,,,a,
ASN00041110,19160612,PRCP,25,,,a,
ASN00041110,19160613,PRCP,0,,,a,
ASN00041110,19160614,PRCP,0,,,a,
ASN00041110,19160615,PRCP,203,,,a,
ASN00041110,19160616,PRCP,33,,,a,
ASN00041110,19160617,PRCP,81,,,a,
ASN00041110,19160618,PRCP,0,,,a,
ASN00041110,19160619,PRCP,0,,,a,
ASN00041110,19160620,PRCP,170,,,a,
ASN00041110,19160621,PRCP,0,,,a,
ASN00041110,19160622,PRCP,0,,,a,
ASN00041110,19160623,PRCP,0,,,a,
ASN00041110,19160624,PRCP,0,,,a,
ASN00041110,19160625,PRCP,0,,,a,
ASN00041110,19160626,PRCP,0,,,a,
ASN00041110,19160627,PRCP,157,,,a,
ASN00041110,19160628,PRCP,0,,,a,
ASN00041110,19160629,PRCP,0,,,a,
ASN00041110,19160630,PRCP,0,,,a,
ASN00041110,19160701,PRCP,0,,,a,
ASN00041110,19160702,PRCP,0,,,a,
ASN00041110,19160703,PRCP,0,,,a,
ASN00041110,19160704,PRCP,0,,,a,
ASN00041110,19160705,PRCP,0,,,a,
ASN00041110,19160706,PRCP,0,,,a,
ASN00041110,19160707,PRCP,0,,,a,
ASN00041110,19160708,PRCP,0,,,a,
ASN00041110,19160709,PRCP,0,,,a,
ASN00041110,19160710,PRCP,0,,,a,
ASN00041110,19160711,PRCP,0,,,a,
ASN00041110,19160712,PRCP,0,,,a,
ASN00041110,19160713,PRCP,0,,,a,
ASN00041110,19160714,PRCP,0,,,a,
ASN00041110,19160715,PRCP,0,,,a,
ASN00041110,19160716,PRCP,0,,,a,
ASN00041110,19160717,PRCP,0,,,a,
ASN00041110,19160718,PRCP,0,,,a,
ASN00041110,19160719,PRCP,41,,,a,
ASN00041110,19160720,PRCP,508,,,a,
ASN00041110,19160721,PRCP,0,,,a,
ASN00041110,19160722,PRCP,0,,,a,
ASN00041110,19160723,PRCP,0,,,a,
ASN00041110,19160724,PRCP,0,,,a,
ASN00041110,19160725,PRCP,0,,,a,
ASN00041110,19160726,PRCP,0,,,a,
ASN00041110,19160727,PRCP,0,,,a,
ASN00041110,19160728,PRCP,0,,,a,
ASN00041110,19160729,PRCP,0,,,a,
ASN00041110,19160730,PRCP,117,,,a,
ASN00041110,19160731,PRCP,0,,,a,
ASN00041110,19160801,PRCP,0,,,a,
ASN00041110,19160802,PRCP,0,,,a,
ASN00041110,19160803,PRCP,0,,,a,
ASN00041110,19160804,PRCP,0,,,a,
ASN00041110,19160805,PRCP,0,,,a,
ASN00041110,19160806,PRCP,0,,,a,
ASN00041110,19160807,PRCP,0,,,a,
ASN00041110,19160808,PRCP,0,,,a,
ASN00041110,19160809,PRCP,0,,,a,
ASN00041110,19160810,PRCP,185,,,a,
ASN00041110,19160811,PRCP,0,,,a,
ASN00041110,19160812,PRCP,0,,,a,
ASN00041110,19160813,PRCP,0,,,a,
ASN00041110,19160814,PRCP,0,,,a,
ASN00041110,19160815,PRCP,69,,,a,
ASN00041110,19160816,PRCP,0,,,a,
ASN00041110,19160817,PRCP,0,,,a,
ASN00041110,19160818,PRCP,0,,,a,
ASN00041110,19160819,PRCP,264,,,a,
ASN00041110,19160820,PRCP,0,,,a,
ASN00041110,19160821,PRCP,0,,,a,
ASN00041110,19160822,PRCP,0,,,a,
ASN00041110,19160823,PRCP,0,,,a,
ASN00041110,19160824,PRCP,0,,,a,
ASN00041110,19160825,PRCP,0,,,a,
ASN00041110,19160826,PRCP,0,,,a,
ASN00041110,19160827,PRCP,0,,,a,
ASN00041110,19160828,PRCP,0,,,a,
ASN00041110,19160829,PRCP,0,,,a,
ASN00041110,19160830,PRCP,0,,,a,
ASN00041110,19160831,PRCP,0,,,a,
ASN00041110,19160901,PRCP,0,,,a,
ASN00041110,19160902,PRCP,0,,,a,
ASN00041110,19160903,PRCP,0,,,a,
ASN00041110,19160904,PRCP,0,,,a,
ASN00041110,19160905,PRCP,0,,,a,
ASN00041110,19160906,PRCP,0,,,a,
ASN00041110,19160907,PRCP,0,,,a,
ASN00041110,19160908,PRCP,0,,,a,
ASN00041110,19160909,PRCP,0,,,a,
ASN00041110,19160910,PRCP,0,,,a,
ASN00041110,19160911,PRCP,0,,,a,
ASN00041110,19160912,PRCP,0,,,a,
ASN00041110,19160913,PRCP,0,,,a,
ASN00041110,19160914,PRCP,0,,,a,
ASN00041110,19160915,PRCP,0,,,a,
ASN00041110,19160916,PRCP,0,,,a,
ASN00041110,19160917,PRCP,0,,,a,
ASN00041110,19160918,PRCP,0,,,a,
ASN00041110,19160919,PRCP,0,,,a,
ASN00041110,19160920,PRCP,0,,,a,
ASN00041110,19160921,PRCP,0,,,a,
ASN00041110,19160922,PRCP,0,,,a,
ASN00041110,19160923,PRCP,0,,,a,
ASN00041110,19160924,PRCP,0,,,a,
ASN00041110,19160925,PRCP,89,,,a,
ASN00041110,19160926,PRCP,25,,,a,
ASN00041110,19160927,PRCP,0,,,a,
ASN00041110,19160928,PRCP,0,,,a,
ASN00041110,19160929,PRCP,0,,,a,
ASN00041110,19160930,PRCP,0,,,a,
ASN00041110,19161001,PRCP,0,,,a,
ASN00041110,19161002,PRCP,0,,,a,
ASN00041110,19161003,PRCP,0,,,a,
ASN00041110,19161004,PRCP,0,,,a,
ASN00041110,19161005,PRCP,0,,,a,
ASN00041110,19161006,PRCP,0,,,a,
ASN00041110,19161007,PRCP,0,,,a,
ASN00041110,19161008,PRCP,0,,,a,
ASN00041110,19161009,PRCP,0,,,a,
ASN00041110,19161010,PRCP,0,,,a,
ASN00041110,19161011,PRCP,0,,,a,
ASN00041110,19161012,PRCP,0,,,a,
ASN00041110,19161013,PRCP,0,,,a,
ASN00041110,19161014,PRCP,0,,,a,
ASN00041110,19161015,PRCP,0,,,a,
ASN00041110,19161016,PRCP,0,,,a,
ASN00041110,19161017,PRCP,51,,,a,
ASN00041110,19161018,PRCP,152,,,a,
ASN00041110,19161019,PRCP,0,,,a,
ASN00041110,19161020,PRCP,0,,,a,
ASN00041110,19161021,PRCP,0,,,a,
ASN00041110,19161022,PRCP,28,,,a,
ASN00041110,19161023,PRCP,56,,,a,
ASN00041110,19161024,PRCP,0,,,a,
ASN00041110,19161025,PRCP,0,,,a,
ASN00041110,19161026,PRCP,0,,,a,
ASN00041110,19161027,PRCP,0,,,a,
ASN00041110,19161028,PRCP,0,,,a,
ASN00041110,19161029,PRCP,0,,,a,
ASN00041110,19161030,PRCP,127,,,a,
ASN00041110,19161031,PRCP,145,,,a,
ASN00041110,19161101,PRCP,0,,,a,
ASN00041110,19161102,PRCP,0,,,a,
ASN00041110,19161103,PRCP,0,,,a,
ASN00041110,19161104,PRCP,475,,,a,
ASN00041110,19161105,PRCP,0,,,a,
ASN00041110,19161106,PRCP,0,,,a,
ASN00041110,19161107,PRCP,0,,,a,
ASN00041110,19161108,PRCP,0,,,a,
ASN00041110,19161109,PRCP,0,,,a,
ASN00041110,19161110,PRCP,0,,,a,
ASN00041110,19161111,PRCP,0,,,a,
ASN00041110,19161112,PRCP,0,,,a,
ASN00041110,19161113,PRCP,0,,,a,
ASN00041110,19161114,PRCP,0,,,a,
ASN00041110,19161115,PRCP,79,,,a,
ASN00041110,19161116,PRCP,0,,,a,
ASN00041110,19161117,PRCP,0,,,a,
ASN00041110,19161118,PRCP,0,,,a,
ASN00041110,19161119,PRCP,0,,,a,
ASN00041110,19161120,PRCP,0,,,a,
ASN00041110,19161121,PRCP,0,,,a,
ASN00041110,19161122,PRCP,33,,,a,
ASN00041110,19161123,PRCP,0,,,a,
ASN00041110,19161124,PRCP,0,,,a,
ASN00041110,19161125,PRCP,0,,,a,
ASN00041110,19161126,PRCP,127,,,a,
ASN00041110,19161127,PRCP,0,,,a,
ASN00041110,19161128,PRCP,0,,,a,
ASN00041110,19161129,PRCP,0,,,a,
ASN00041110,19161130,PRCP,318,,,a,
ASN00041110,19161201,PRCP,0,,,a,
ASN00041110,19161202,PRCP,56,,,a,
ASN00041110,19161203,PRCP,33,,,a,
ASN00041110,19161204,PRCP,0,,,a,
ASN00041110,19161205,PRCP,0,,,a,
ASN00041110,19161206,PRCP,0,,,a,
ASN00041110,19161207,PRCP,0,,,a,
ASN00041110,19161208,PRCP,0,,,a,
ASN00041110,19161209,PRCP,0,,,a,
ASN00041110,19161210,PRCP,0,,,a,
ASN00041110,19161211,PRCP,0,,,a,
ASN00041110,19161212,PRCP,0,,,a,
ASN00041110,19161213,PRCP,119,,,a,
ASN00041110,19161214,PRCP,0,,,a,
ASN00041110,19161215,PRCP,0,,,a,
ASN00041110,19161216,PRCP,0,,,a,
ASN00041110,19161217,PRCP,0,,,a,
ASN00041110,19161218,PRCP,0,,,a,
ASN00041110,19161219,PRCP,0,,,a,
ASN00041110,19161220,PRCP,0,,,a,
ASN00041110,19161221,PRCP,0,,,a,
ASN00041110,19161222,PRCP,0,,,a,
ASN00041110,19161223,PRCP,0,,,a,
ASN00041110,19161224,PRCP,0,,,a,
ASN00041110,19161225,PRCP,0,,,a,
ASN00041110,19161226,PRCP,0,,,a,
ASN00041110,19161227,PRCP,0,,,a,
ASN00041110,19161228,PRCP,0,,,a,
ASN00041110,19161229,PRCP,0,,,a,
ASN00041110,19161230,PRCP,0,,,a,
ASN00041110,19161231,PRCP,0,,,a,
ASN00041110,19170101,PRCP,0,,,a,
ASN00041110,19170102,PRCP,0,,,a,
ASN00041110,19170103,PRCP,0,,,a,
ASN00041110,19170104,PRCP,0,,,a,
ASN00041110,19170105,PRCP,102,,,a,
ASN00041110,19170106,PRCP,61,,,a,
ASN00041110,19170107,PRCP,0,,,a,
ASN00041110,19170108,PRCP,0,,,a,
ASN00041110,19170109,PRCP,0,,,a,
ASN00041110,19170110,PRCP,0,,,a,
ASN00041110,19170111,PRCP,135,,,a,
ASN00041110,19170112,PRCP,0,,,a,
ASN00041110,19170113,PRCP,112,,,a,
ASN00041110,19170114,PRCP,0,,,a,
ASN00041110,19170115,PRCP,0,,,a,
ASN00041110,19170116,PRCP,0,,,a,
ASN00041110,19170117,PRCP,0,,,a,
ASN00041110,19170118,PRCP,114,,,a,
ASN00041110,19170119,PRCP,0,,,a,
ASN00041110,19170120,PRCP,127,,,a,
ASN00041110,19170121,PRCP,38,,,a,
ASN00041110,19170122,PRCP,0,,,a,
ASN00041110,19170123,PRCP,274,,,a,
ASN00041110,19170124,PRCP,0,,,a,
ASN00041110,19170125,PRCP,0,,,a,
ASN00041110,19170126,PRCP,0,,,a,
ASN00041110,19170127,PRCP,318,,,a,
ASN00041110,19170128,PRCP,0,,,a,
ASN00041110,19170129,PRCP,0,,,a,
ASN00041110,19170130,PRCP,155,,,a,
ASN00041110,19170131,PRCP,71,,,a,
ASN00041110,19170201,PRCP,38,,,a,
ASN00041110,19170202,PRCP,178,,,a,
ASN00041110,19170203,PRCP,622,,,a,
ASN00041110,19170204,PRCP,0,,,a,
ASN00041110,19170205,PRCP,0,,,a,
ASN00041110,19170206,PRCP,58,,,a,
ASN00041110,19170207,PRCP,0,,,a,
ASN00041110,19170208,PRCP,0,,,a,
ASN00041110,19170209,PRCP,0,,,a,
ASN00041110,19170210,PRCP,0,,,a,
ASN00041110,19170211,PRCP,0,,,a,
ASN00041110,19170212,PRCP,0,,,a,
ASN00041110,19170213,PRCP,0,,,a,
ASN00041110,19170214,PRCP,0,,,a,
ASN00041110,19170215,PRCP,0,,,a,
ASN00041110,19170216,PRCP,0,,,a,
ASN00041110,19170217,PRCP,0,,,a,
ASN00041110,19170218,PRCP,0,,,a,
ASN00041110,19170219,PRCP,0,,,a,
ASN00041110,19170220,PRCP,0,,,a,
ASN00041110,19170221,PRCP,0,,,a,
ASN00041110,19170222,PRCP,0,,,a,
ASN00041110,19170223,PRCP,76,,,a,
ASN00041110,19170224,PRCP,0,,,a,
ASN00041110,19170225,PRCP,0,,,a,
ASN00041110,19170226,PRCP,0,,,a,
ASN00041110,19170227,PRCP,0,,,a,
ASN00041110,19170228,PRCP,0,,,a,
ASN00041110,19170301,PRCP,0,,,a,
ASN00041110,19170302,PRCP,229,,,a,
ASN00041110,19170303,PRCP,0,,,a,
ASN00041110,19170304,PRCP,0,,,a,
ASN00041110,19170305,PRCP,0,,,a,
ASN00041110,19170306,PRCP,0,,,a,
ASN00041110,19170307,PRCP,0,,,a,
ASN00041110,19170308,PRCP,64,,,a,
ASN00041110,19170309,PRCP,203,,,a,
ASN00041110,19170310,PRCP,0,,,a,
ASN00041110,19170311,PRCP,0,,,a,
ASN00041110,19170312,PRCP,0,,,a,
ASN00041110,19170313,PRCP,0,,,a,
ASN00041110,19170314,PRCP,0,,,a,
ASN00041110,19170315,PRCP,0,,,a,
ASN00041110,19170316,PRCP,0,,,a,
ASN00041110,19170317,PRCP,206,,,a,
ASN00041110,19170318,PRCP,0,,,a,
ASN00041110,19170319,PRCP,0,,,a,
ASN00041110,19170320,PRCP,0,,,a,
ASN00041110,19170321,PRCP,0,,,a,
ASN00041110,19170322,PRCP,0,,,a,
ASN00041110,19170323,PRCP,0,,,a,
ASN00041110,19170324,PRCP,0,,,a,
ASN00041110,19170325,PRCP,0,,,a,
ASN00041110,19170326,PRCP,0,,,a,
ASN00041110,19170327,PRCP,0,,,a,
ASN00041110,19170328,PRCP,0,,,a,
ASN00041110,19170329,PRCP,0,,,a,
ASN00041110,19170330,PRCP,0,,,a,
ASN00041110,19170331,PRCP,0,,,a,
ASN00041110,19170401,PRCP,0,,,a,
ASN00041110,19170402,PRCP,0,,,a,
ASN00041110,19170403,PRCP,0,,,a,
ASN00041110,19170404,PRCP,117,,,a,
ASN00041110,19170405,PRCP,0,,,a,
ASN00041110,19170406,PRCP,107,,,a,
ASN00041110,19170407,PRCP,0,,,a,
ASN00041110,19170408,PRCP,0,,,a,
ASN00041110,19170409,PRCP,0,,,a,
ASN00041110,19170410,PRCP,0,,,a,
ASN00041110,19170411,PRCP,0,,,a,
ASN00041110,19170412,PRCP,0,,,a,
ASN00041110,19170413,PRCP,0,,,a,
ASN00041110,19170414,PRCP,0,,,a,
ASN00041110,19170415,PRCP,0,,,a,
ASN00041110,19170416,PRCP,0,,,a,
ASN00041110,19170417,PRCP,0,,,a,
ASN00041110,19170418,PRCP,0,,,a,
ASN00041110,19170419,PRCP,0,,,a,
ASN00041110,19170420,PRCP,0,,,a,
ASN00041110,19170421,PRCP,0,,,a,
ASN00041110,19170422,PRCP,0,,,a,
ASN00041110,19170423,PRCP,0,,,a,
ASN00041110,19170424,PRCP,0,,,a,
ASN00041110,19170425,PRCP,0,,,a,
ASN00041110,19170426,PRCP,13,,,a,
ASN00041110,19170427,PRCP,5,,,a,
ASN00041110,19170428,PRCP,0,,,a,
ASN00041110,19170429,PRCP,0,,,a,
ASN00041110,19170430,PRCP,0,,,a,
ASN00041110,19170501,PRCP,0,,,a,
ASN00041110,19170502,PRCP,0,,,a,
ASN00041110,19170503,PRCP,0,,,a,
ASN00041110,19170504,PRCP,0,,,a,
ASN00041110,19170505,PRCP,0,,,a,
ASN00041110,19170506,PRCP,0,,,a,
ASN00041110,19170507,PRCP,0,,,a,
ASN00041110,19170508,PRCP,0,,,a,
ASN00041110,19170509,PRCP,0,,,a,
ASN00041110,19170510,PRCP,0,,,a,
ASN00041110,19170511,PRCP,0,,,a,
ASN00041110,19170512,PRCP,33,,,a,
ASN00041110,19170513,PRCP,0,,,a,
ASN00041110,19170514,PRCP,0,,,a,
ASN00041110,19170515,PRCP,0,,,a,
ASN00041110,19170516,PRCP,0,,,a,
ASN00041110,19170517,PRCP,0,,,a,
ASN00041110,19170518,PRCP,0,,,a,
ASN00041110,19170519,PRCP,0,,,a,
ASN00041110,19170520,PRCP,0,,,a,
ASN00041110,19170521,PRCP,0,,,a,
ASN00041110,19170522,PRCP,0,,,a,
ASN00041110,19170523,PRCP,0,,,a,
ASN00041110,19170524,PRCP,0,,,a,
ASN00041110,19170525,PRCP,0,,,a,
ASN00041110,19170526,PRCP,0,,,a,
ASN00041110,19170527,PRCP,0,,,a,
ASN00041110,19170528,PRCP,0,,,a,
ASN00041110,19170529,PRCP,0,,,a,
ASN00041110,19170530,PRCP,0,,,a,
ASN00041110,19170531,PRCP,0,,,a,
ASN00041110,19170601,PRCP,0,,,a,
ASN00041110,19170602,PRCP,0,,,a,
ASN00041110,19170603,PRCP,0,,,a,
ASN00041110,19170604,PRCP,25,,,a,
ASN00041110,19170605,PRCP,0,,,a,
ASN00041110,19170606,PRCP,0,,,a,
ASN00041110,19170607,PRCP,0,,,a,
ASN00041110,19170608,PRCP,0,,,a,
ASN00041110,19170609,PRCP,0,,,a,
ASN00041110,19170610,PRCP,0,,,a,
ASN00041110,19170611,PRCP,0,,,a,
ASN00041110,19170612,PRCP,0,,,a,
ASN00041110,19170613,PRCP,97,,,a,
ASN00041110,19170614,PRCP,0,,,a,
ASN00041110,19170615,PRCP,0,,,a,
ASN00041110,19170616,PRCP,0,,,a,
ASN00041110,19170617,PRCP,0,,,a,
ASN00041110,19170618,PRCP,0,,,a,
ASN00041110,19170619,PRCP,0,,,a,
ASN00041110,19170620,PRCP,0,,,a,
ASN00041110,19170621,PRCP,0,,,a,
ASN00041110,19170622,PRCP,0,,,a,
ASN00041110,19170623,PRCP,0,,,a,
ASN00041110,19170624,PRCP,0,,,a,
ASN00041110,19170625,PRCP,0,,,a,
ASN00041110,19170626,PRCP,0,,,a,
ASN00041110,19170627,PRCP,0,,,a,
ASN00041110,19170628,PRCP,0,,,a,
ASN00041110,19170629,PRCP,0,,,a,
ASN00041110,19170630,PRCP,0,,,a,
ASN00041110,19170701,PRCP,0,,,a,
ASN00041110,19170702,PRCP,0,,,a,
ASN00041110,19170703,PRCP,0,,,a,
ASN00041110,19170704,PRCP,0,,,a,
ASN00041110,19170705,PRCP,0,,,a,
ASN00041110,19170706,PRCP,0,,,a,
ASN00041110,19170707,PRCP,0,,,a,
ASN00041110,19170708,PRCP,0,,,a,
ASN00041110,19170709,PRCP,0,,,a,
ASN00041110,19170710,PRCP,0,,,a,
ASN00041110,19170711,PRCP,0,,,a,
ASN00041110,19170712,PRCP,48,,,a,
ASN00041110,19170713,PRCP,0,,,a,
ASN00041110,19170714,PRCP,0,,,a,
ASN00041110,19170715,PRCP,0,,,a,
ASN00041110,19170716,PRCP,0,,,a,
ASN00041110,19170717,PRCP,0,,,a,
ASN00041110,19170718,PRCP,0,,,a,
ASN00041110,19170719,PRCP,0,,,a,
ASN00041110,19170720,PRCP,0,,,a,
ASN00041110,19170721,PRCP,0,,,a,
ASN00041110,19170722,PRCP,0,,,a,
ASN00041110,19170723,PRCP,0,,,a,
ASN00041110,19170724,PRCP,0,,,a,
ASN00041110,19170725,PRCP,0,,,a,
ASN00041110,19170726,PRCP,0,,,a,
ASN00041110,19170727,PRCP,0,,,a,
ASN00041110,19170728,PRCP,0,,,a,
ASN00041110,19170729,PRCP,0,,,a,
ASN00041110,19170730,PRCP,71,,,a,
ASN00041110,19170731,PRCP,0,,,a,
ASN00041110,19170801,PRCP,0,,,a,
ASN00041110,19170802,PRCP,0,,,a,
ASN00041110,19170803,PRCP,71,,,a,
ASN00041110,19170804,PRCP,0,,,a,
ASN00041110,19170805,PRCP,0,,,a,
ASN00041110,19170806,PRCP,0,,,a,
ASN00041110,19170807,PRCP,0,,,a,
ASN00041110,19170808,PRCP,0,,,a,
ASN00041110,19170809,PRCP,0,,,a,
ASN00041110,19170810,PRCP,0,,,a,
ASN00041110,19170811,PRCP,0,,,a,
ASN00041110,19170812,PRCP,0,,,a,
ASN00041110,19170813,PRCP,0,,,a,
ASN00041110,19170814,PRCP,0,,,a,
ASN00041110,19170815,PRCP,0,,,a,
ASN00041110,19170816,PRCP,0,,,a,
ASN00041110,19170817,PRCP,0,,,a,
ASN00041110,19170818,PRCP,0,,,a,
ASN00041110,19170819,PRCP,0,,,a,
ASN00041110,19170820,PRCP,0,,,a,
ASN00041110,19170821,PRCP,0,,,a,
ASN00041110,19170822,PRCP,0,,,a,
ASN00041110,19170823,PRCP,0,,,a,
ASN00041110,19170824,PRCP,0,,,a,
ASN00041110,19170825,PRCP,0,,,a,
ASN00041110,19170826,PRCP,0,,,a,
ASN00041110,19170827,PRCP,25,,,a,
ASN00041110,19170828,PRCP,0,,,a,
ASN00041110,19170829,PRCP,0,,,a,
ASN00041110,19170830,PRCP,0,,,a,
ASN00041110,19170831,PRCP,0,,,a,
ASN00041110,19170901,PRCP,0,,,a,
ASN00041110,19170902,PRCP,0,,,a,
ASN00041110,19170903,PRCP,0,,,a,
ASN00041110,19170904,PRCP,0,,,a,
ASN00041110,19170905,PRCP,0,,,a,
ASN00041110,19170906,PRCP,0,,,a,
ASN00041110,19170907,PRCP,0,,,a,
ASN00041110,19170908,PRCP,203,,,a,
ASN00041110,19170909,PRCP,0,,,a,
ASN00041110,19170910,PRCP,0,,,a,
ASN00041110,19170911,PRCP,0,,,a,
ASN00041110,19170912,PRCP,0,,,a,
ASN00041110,19170913,PRCP,0,,,a,
ASN00041110,19170914,PRCP,51,,,a,
ASN00041110,19170915,PRCP,25,,,a,
ASN00041110,19170916,PRCP,0,,,a,
ASN00041110,19170917,PRCP,0,,,a,
ASN00041110,19170918,PRCP,472,,,a,
ASN00041110,19170919,PRCP,64,,,a,
ASN00041110,19170920,PRCP,0,,,a,
ASN00041110,19170921,PRCP,0,,,a,
ASN00041110,19170922,PRCP,0,,,a,
ASN00041110,19170923,PRCP,18,,,a,
ASN00041110,19170924,PRCP,417,,,a,
ASN00041110,19170925,PRCP,53,,,a,
ASN00041110,19170926,PRCP,0,,,a,
ASN00041110,19170927,PRCP,0,,,a,
ASN00041110,19170928,PRCP,0,,,a,
ASN00041110,19170929,PRCP,0,,,a,
ASN00041110,19170930,PRCP,0,,,a,
ASN00041110,19171001,PRCP,43,,,a,
ASN00041110,19171002,PRCP,0,,,a,
ASN00041110,19171003,PRCP,0,,,a,
ASN00041110,19171004,PRCP,0,,,a,
ASN00041110,19171005,PRCP,0,,,a,
ASN00041110,19171006,PRCP,351,,,a,
ASN00041110,19171007,PRCP,0,,,a,
ASN00041110,19171008,PRCP,0,,,a,
ASN00041110,19171009,PRCP,0,,,a,
ASN00041110,19171010,PRCP,0,,,a,
ASN00041110,19171011,PRCP,0,,,a,
ASN00041110,19171012,PRCP,0,,,a,
ASN00041110,19171013,PRCP,0,,,a,
ASN00041110,19171014,PRCP,0,,,a,
ASN00041110,19171015,PRCP,0,,,a,
ASN00041110,19171016,PRCP,0,,,a,
ASN00041110,19171017,PRCP,0,,,a,
ASN00041110,19171018,PRCP,0,,,a,
ASN00041110,19171019,PRCP,0,,,a,
ASN00041110,19171020,PRCP,0,,,a,
ASN00041110,19171021,PRCP,0,,,a,
ASN00041110,19171022,PRCP,0,,,a,
ASN00041110,19171023,PRCP,0,,,a,
ASN00041110,19171024,PRCP,152,,,a,
ASN00041110,19171025,PRCP,81,,,a,
ASN00041110,19171026,PRCP,0,,,a,
ASN00041110,19171027,PRCP,0,,,a,
ASN00041110,19171028,PRCP,0,,,a,
ASN00041110,19171029,PRCP,0,,,a,
ASN00041110,19171030,PRCP,0,,,a,
ASN00041110,19171031,PRCP,0,,,a,
ASN00041110,19171101,PRCP,0,,,a,
ASN00041110,19171102,PRCP,0,,,a,
ASN00041110,19171103,PRCP,51,,,a,
ASN00041110,19171104,PRCP,114,,,a,
ASN00041110,19171105,PRCP,0,,,a,
ASN00041110,19171106,PRCP,0,,,a,
ASN00041110,19171107,PRCP,0,,,a,
ASN00041110,19171108,PRCP,465,,,a,
ASN00041110,19171109,PRCP,145,,,a,
ASN00041110,19171110,PRCP,0,,,a,
ASN00041110,19171111,PRCP,46,,,a,
ASN00041110,19171112,PRCP,0,,,a,
ASN00041110,19171113,PRCP,0,,,a,
ASN00041110,19171114,PRCP,0,,,a,
ASN00041110,19171115,PRCP,559,,,a,
ASN00041110,19171116,PRCP,102,,,a,
ASN00041110,19171117,PRCP,0,,,a,
ASN00041110,19171118,PRCP,0,,,a,
ASN00041110,19171119,PRCP,0,,,a,
ASN00041110,19171120,PRCP,0,,,a,
ASN00041110,19171121,PRCP,0,,,a,
ASN00041110,19171122,PRCP,0,,,a,
ASN00041110,19171123,PRCP,140,,,a,
ASN00041110,19171124,PRCP,0,,,a,
ASN00041110,19171125,PRCP,0,,,a,
ASN00041110,19171126,PRCP,0,,,a,
ASN00041110,19171127,PRCP,0,,,a,
ASN00041110,19171128,PRCP,0,,,a,
ASN00041110,19171129,PRCP,0,,,a,
ASN00041110,19171130,PRCP,0,,,a,
ASN00041110,19171201,PRCP,157,,,a,
ASN00041110,19171202,PRCP,0,,,a,
ASN00041110,19171203,PRCP,0,,,a,
ASN00041110,19171204,PRCP,0,,,a,
ASN00041110,19171205,PRCP,0,,,a,
ASN00041110,19171206,PRCP,0,,,a,
ASN00041110,19171207,PRCP,0,,,a,
ASN00041110,19171208,PRCP,0,,,a,
ASN00041110,19171209,PRCP,56,,,a,
ASN00041110,19171210,PRCP,0,,,a,
ASN00041110,19171211,PRCP,0,,,a,
ASN00041110,19171212,PRCP,584,,,a,
ASN00041110,19171213,PRCP,391,,,a,
ASN00041110,19171214,PRCP,0,,,a,
ASN00041110,19171215,PRCP,0,,,a,
ASN00041110,19171216,PRCP,0,,,a,
ASN00041110,19171217,PRCP,0,,,a,
ASN00041110,19171218,PRCP,0,,,a,
ASN00041110,19171219,PRCP,0,,,a,
ASN00041110,19171220,PRCP,0,,,a,
ASN00041110,19171221,PRCP,0,,,a,
ASN00041110,19171222,PRCP,0,,,a,
ASN00041110,19171223,PRCP,0,,,a,
ASN00041110,19171224,PRCP,0,,,a,
ASN00041110,19171225,PRCP,206,,,a,
ASN00041110,19171226,PRCP,0,,,a,
ASN00041110,19171227,PRCP,0,,,a,
ASN00041110,19171228,PRCP,0,,,a,
ASN00041110,19171229,PRCP,0,,,a,
ASN00041110,19171230,PRCP,0,,,a,
ASN00041110,19171231,PRCP,0,,,a,
ASN00041110,19180101,PRCP,0,,,a,
ASN00041110,19180102,PRCP,406,,,a,
ASN00041110,19180103,PRCP,0,,,a,
ASN00041110,19180104,PRCP,0,,,a,
ASN00041110,19180105,PRCP,0,,,a,
ASN00041110,19180106,PRCP,0,,,a,
ASN00041110,19180107,PRCP,0,,,a,
ASN00041110,19180108,PRCP,0,,,a,
ASN00041110,19180109,PRCP,0,,,a,
ASN00041110,19180110,PRCP,0,,,a,
ASN00041110,19180111,PRCP,330,,,a,
ASN00041110,19180112,PRCP,160,,,a,
ASN00041110,19180113,PRCP,0,,,a,
ASN00041110,19180114,PRCP,0,,,a,
ASN00041110,19180115,PRCP,396,,,a,
ASN00041110,19180116,PRCP,41,,,a,
ASN00041110,19180117,PRCP,0,,,a,
ASN00041110,19180118,PRCP,0,,,a,
ASN00041110,19180119,PRCP,0,,,a,
ASN00041110,19180120,PRCP,0,,,a,
ASN00041110,19180121,PRCP,0,,,a,
ASN00041110,19180122,PRCP,0,,,a,
ASN00041110,19180123,PRCP,0,,,a,
ASN00041110,19180124,PRCP,0,,,a,
ASN00041110,19180125,PRCP,0,,,a,
ASN00041110,19180126,PRCP,0,,,a,
ASN00041110,19180127,PRCP,0,,,a,
ASN00041110,19180128,PRCP,0,,,a,
ASN00041110,19180129,PRCP,0,,,a,
ASN00041110,19180130,PRCP,0,,,a,
ASN00041110,19180131,PRCP,165,,,a,
ASN00041110,19180201,PRCP,0,,,a,
ASN00041110,19180202,PRCP,0,,,a,
ASN00041110,19180203,PRCP,0,,,a,
ASN00041110,19180204,PRCP,0,,,a,
ASN00041110,19180205,PRCP,0,,,a,
ASN00041110,19180206,PRCP,0,,,a,
ASN00041110,19180207,PRCP,0,,,a,
ASN00041110,19180208,PRCP,0,,,a,
ASN00041110,19180209,PRCP,0,,,a,
ASN00041110,19180210,PRCP,0,,,a,
ASN00041110,19180211,PRCP,0,,,a,
ASN00041110,19180212,PRCP,0,,,a,
ASN00041110,19180213,PRCP,0,,,a,
ASN00041110,19180214,PRCP,0,,,a,
ASN00041110,19180215,PRCP,0,,,a,
ASN00041110,19180216,PRCP,0,,,a,
ASN00041110,19180217,PRCP,0,,,a,
ASN00041110,19180218,PRCP,0,,,a,
ASN00041110,19180219,PRCP,0,,,a,
ASN00041110,19180220,PRCP,0,,,a,
ASN00041110,19180221,PRCP,0,,,a,
ASN00041110,19180222,PRCP,0,,,a,
ASN00041110,19180223,PRCP,0,,,a,
ASN00041110,19180224,PRCP,0,,,a,
ASN00041110,19180225,PRCP,0,,,a,
ASN00041110,19180226,PRCP,0,,,a,
ASN00041110,19180227,PRCP,0,,,a,
ASN00041110,19180228,PRCP,0,,,a,
ASN00041110,19180301,PRCP,0,,,a,
ASN00041110,19180302,PRCP,0,,,a,
ASN00041110,19180303,PRCP,0,,,a,
ASN00041110,19180304,PRCP,0,,,a,
ASN00041110,19180305,PRCP,0,,,a,
ASN00041110,19180306,PRCP,0,,,a,
ASN00041110,19180307,PRCP,0,,,a,
ASN00041110,19180308,PRCP,0,,,a,
ASN00041110,19180309,PRCP,0,,,a,
ASN00041110,19180310,PRCP,0,,,a,
ASN00041110,19180311,PRCP,0,,,a,
ASN00041110,19180312,PRCP,0,,,a,
ASN00041110,19180313,PRCP,0,,,a,
ASN00041110,19180314,PRCP,0,,,a,
ASN00041110,19180315,PRCP,0,,,a,
ASN00041110,19180316,PRCP,25,,,a,
ASN00041110,19180317,PRCP,0,,,a,
ASN00041110,19180318,PRCP,0,,,a,
ASN00041110,19180319,PRCP,0,,,a,
ASN00041110,19180320,PRCP,0,,,a,
ASN00041110,19180321,PRCP,0,,,a,
ASN00041110,19180322,PRCP,0,,,a,
ASN00041110,19180323,PRCP,0,,,a,
ASN00041110,19180324,PRCP,0,,,a,
ASN00041110,19180325,PRCP,0,,,a,
ASN00041110,19180326,PRCP,0,,,a,
ASN00041110,19180327,PRCP,0,,,a,
ASN00041110,19180328,PRCP,0,,,a,
ASN00041110,19180329,PRCP,0,,,a,
ASN00041110,19180330,PRCP,0,,,a,
ASN00041110,19180331,PRCP,0,,,a,
ASN00041110,19180401,PRCP,0,,,a,
ASN00041110,19180402,PRCP,0,,,a,
ASN00041110,19180403,PRCP,0,,,a,
ASN00041110,19180404,PRCP,0,,,a,
ASN00041110,19180405,PRCP,0,,,a,
ASN00041110,19180406,PRCP,0,,,a,
ASN00041110,19180407,PRCP,310,,,a,
ASN00041110,19180408,PRCP,0,,,a,
ASN00041110,19180409,PRCP,0,,,a,
ASN00041110,19180410,PRCP,0,,,a,
ASN00041110,19180411,PRCP,0,,,a,
ASN00041110,19180412,PRCP,0,,,a,
ASN00041110,19180413,PRCP,0,,,a,
ASN00041110,19180414,PRCP,0,,,a,
ASN00041110,19180415,PRCP,0,,,a,
ASN00041110,19180416,PRCP,0,,,a,
ASN00041110,19180417,PRCP,0,,,a,
ASN00041110,19180418,PRCP,0,,,a,
ASN00041110,19180419,PRCP,0,,,a,
ASN00041110,19180420,PRCP,0,,,a,
ASN00041110,19180421,PRCP,0,,,a,
ASN00041110,19180422,PRCP,0,,,a,
ASN00041110,19180423,PRCP,0,,,a,
ASN00041110,19180424,PRCP,81,,,a,
ASN00041110,19180425,PRCP,0,,,a,
ASN00041110,19180426,PRCP,25,,,a,
ASN00041110,19180427,PRCP,0,,,a,
ASN00041110,19180428,PRCP,0,,,a,
ASN00041110,19180429,PRCP,0,,,a,
ASN00041110,19180430,PRCP,0,,,a,
ASN00041110,19180501,PRCP,0,,,a,
ASN00041110,19180502,PRCP,0,,,a,
ASN00041110,19180503,PRCP,0,,,a,
ASN00041110,19180504,PRCP,0,,,a,
ASN00041110,19180505,PRCP,0,,,a,
ASN00041110,19180506,PRCP,0,,,a,
ASN00041110,19180507,PRCP,0,,,a,
ASN00041110,19180508,PRCP,0,,,a,
ASN00041110,19180509,PRCP,0,,,a,
ASN00041110,19180510,PRCP,0,,,a,
ASN00041110,19180511,PRCP,0,,,a,
ASN00041110,19180512,PRCP,0,,,a,
ASN00041110,19180513,PRCP,0,,,a,
ASN00041110,19180514,PRCP,0,,,a,
ASN00041110,19180515,PRCP,0,,,a,
ASN00041110,19180516,PRCP,0,,,a,
ASN00041110,19180517,PRCP,0,,,a,
ASN00041110,19180518,PRCP,0,,,a,
ASN00041110,19180519,PRCP,0,,,a,
ASN00041110,19180520,PRCP,0,,,a,
ASN00041110,19180521,PRCP,0,,,a,
ASN00041110,19180522,PRCP,0,,,a,
ASN00041110,19180523,PRCP,0,,,a,
ASN00041110,19180524,PRCP,0,,,a,
ASN00041110,19180525,PRCP,0,,,a,
ASN00041110,19180526,PRCP,0,,,a,
ASN00041110,19180527,PRCP,0,,,a,
ASN00041110,19180528,PRCP,0,,,a,
ASN00041110,19180529,PRCP,0,,,a,
ASN00041110,19180530,PRCP,0,,,a,
ASN00041110,19180531,PRCP,0,,,a,
ASN00041110,19180601,PRCP,0,,,a,
ASN00041110,19180602,PRCP,0,,,a,
ASN00041110,19180603,PRCP,0,,,a,
ASN00041110,19180604,PRCP,0,,,a,
ASN00041110,19180605,PRCP,0,,,a,
ASN00041110,19180606,PRCP,89,,,a,
ASN00041110,19180607,PRCP,0,,,a,
ASN00041110,19180608,PRCP,0,,,a,
ASN00041110,19180609,PRCP,0,,,a,
ASN00041110,19180610,PRCP,0,,,a,
ASN00041110,19180611,PRCP,0,,,a,
ASN00041110,19180612,PRCP,0,,,a,
ASN00041110,19180613,PRCP,0,,,a,
ASN00041110,19180614,PRCP,0,,,a,
ASN00041110,19180615,PRCP,0,,,a,
ASN00041110,19180616,PRCP,0,,,a,
ASN00041110,19180617,PRCP,0,,,a,
ASN00041110,19180618,PRCP,0,,,a,
ASN00041110,19180619,PRCP,0,,,a,
ASN00041110,19180620,PRCP,0,,,a,
ASN00041110,19180621,PRCP,0,,,a,
ASN00041110,19180622,PRCP,0,,,a,
ASN00041110,19180623,PRCP,0,,,a,
ASN00041110,19180624,PRCP,0,,,a,
ASN00041110,19180625,PRCP,0,,,a,
ASN00041110,19180626,PRCP,0,,,a,
ASN00041110,19180627,PRCP,0,,,a,
ASN00041110,19180628,PRCP,0,,,a,
ASN00041110,19180629,PRCP,0,,,a,
ASN00041110,19180630,PRCP,0,,,a,
ASN00041110,19180701,PRCP,0,,,a,
ASN00041110,19180702,PRCP,0,,,a,
ASN00041110,19180703,PRCP,0,,,a,
ASN00041110,19180704,PRCP,0,,,a,
ASN00041110,19180705,PRCP,0,,,a,
ASN00041110,19180706,PRCP,0,,,a,
ASN00041110,19180707,PRCP,0,,,a,
ASN00041110,19180708,PRCP,0,,,a,
ASN00041110,19180709,PRCP,0,,,a,
ASN00041110,19180710,PRCP,0,,,a,
ASN00041110,19180711,PRCP,0,,,a,
ASN00041110,19180712,PRCP,0,,,a,
ASN00041110,19180713,PRCP,0,,,a,
ASN00041110,19180714,PRCP,0,,,a,
ASN00041110,19180715,PRCP,0,,,a,
ASN00041110,19180716,PRCP,0,,,a,
ASN00041110,19180717,PRCP,0,,,a,
ASN00041110,19180718,PRCP,0,,,a,
ASN00041110,19180719,PRCP,0,,,a,
ASN00041110,19180720,PRCP,0,,,a,
ASN00041110,19180721,PRCP,0,,,a,
ASN00041110,19180722,PRCP,13,,,a,
ASN00041110,19180723,PRCP,28,,,a,
ASN00041110,19180724,PRCP,0,,,a,
ASN00041110,19180725,PRCP,0,,,a,
ASN00041110,19180726,PRCP,0,,,a,
ASN00041110,19180727,PRCP,0,,,a,
ASN00041110,19180728,PRCP,0,,,a,
ASN00041110,19180729,PRCP,0,,,a,
ASN00041110,19180730,PRCP,0,,,a,
ASN00041110,19180731,PRCP,0,,,a,
ASN00041110,19180801,PRCP,0,,,a,
ASN00041110,19180802,PRCP,0,,,a,
ASN00041110,19180803,PRCP,0,,,a,
ASN00041110,19180804,PRCP,0,,,a,
ASN00041110,19180805,PRCP,0,,,a,
ASN00041110,19180806,PRCP,119,,,a,
ASN00041110,19180807,PRCP,0,,,a,
ASN00041110,19180808,PRCP,0,,,a,
ASN00041110,19180809,PRCP,0,,,a,
ASN00041110,19180810,PRCP,0,,,a,
ASN00041110,19180811,PRCP,0,,,a,
ASN00041110,19180812,PRCP,0,,,a,
ASN00041110,19180813,PRCP,0,,,a,
ASN00041110,19180814,PRCP,0,,,a,
ASN00041110,19180815,PRCP,0,,,a,
ASN00041110,19180816,PRCP,0,,,a,
ASN00041110,19180817,PRCP,279,,,a,
ASN00041110,19180818,PRCP,0,,,a,
ASN00041110,19180819,PRCP,0,,,a,
ASN00041110,19180820,PRCP,0,,,a,
ASN00041110,19180821,PRCP,0,,,a,
ASN00041110,19180822,PRCP,0,,,a,
ASN00041110,19180823,PRCP,30,,,a,
ASN00041110,19180824,PRCP,0,,,a,
ASN00041110,19180825,PRCP,0,,,a,
ASN00041110,19180826,PRCP,0,,,a,
ASN00041110,19180827,PRCP,0,,,a,
ASN00041110,19180828,PRCP,0,,,a,
ASN00041110,19180829,PRCP,0,,,a,
ASN00041110,19180830,PRCP,0,,,a,
ASN00041110,19180831,PRCP,86,,,a,
ASN00041110,19180901,PRCP,0,,,a,
ASN00041110,19180902,PRCP,0,,,a,
ASN00041110,19180903,PRCP,0,,,a,
ASN00041110,19180904,PRCP,0,,,a,
ASN00041110,19180905,PRCP,0,,,a,
ASN00041110,19180906,PRCP,0,,,a,
ASN00041110,19180907,PRCP,0,,,a,
ASN00041110,19180908,PRCP,0,,,a,
ASN00041110,19180909,PRCP,0,,,a,
ASN00041110,19180910,PRCP,0,,,a,
ASN00041110,19180911,PRCP,0,,,a,
ASN00041110,19180912,PRCP,0,,,a,
ASN00041110,19180913,PRCP,0,,,a,
ASN00041110,19180914,PRCP,0,,,a,
ASN00041110,19180915,PRCP,0,,,a,
ASN00041110,19180916,PRCP,0,,,a,
ASN00041110,19180917,PRCP,0,,,a,
ASN00041110,19180918,PRCP,0,,,a,
ASN00041110,19180919,PRCP,0,,,a,
ASN00041110,19180920,PRCP,0,,,a,
ASN00041110,19180921,PRCP,0,,,a,
ASN00041110,19180922,PRCP,0,,,a,
ASN00041110,19180923,PRCP,0,,,a,
ASN00041110,19180924,PRCP,0,,,a,
ASN00041110,19180925,PRCP,0,,,a,
ASN00041110,19180926,PRCP,0,,,a,
ASN00041110,19180927,PRCP,0,,,a,
ASN00041110,19180928,PRCP,0,,,a,
ASN00041110,19180929,PRCP,0,,,a,
ASN00041110,19180930,PRCP,0,,,a,
ASN00041110,19181001,PRCP,0,,,a,
ASN00041110,19181002,PRCP,0,,,a,
ASN00041110,19181003,PRCP,0,,,a,
ASN00041110,19181004,PRCP,0,,,a,
ASN00041110,19181005,PRCP,0,,,a,
ASN00041110,19181006,PRCP,0,,,a,
ASN00041110,19181007,PRCP,0,,,a,
ASN00041110,19181008,PRCP,0,,,a,
ASN00041110,19181009,PRCP,0,,,a,
ASN00041110,19181010,PRCP,41,,,a,
ASN00041110,19181011,PRCP,0,,,a,
ASN00041110,19181012,PRCP,0,,,a,
ASN00041110,19181013,PRCP,0,,,a,
ASN00041110,19181014,PRCP,0,,,a,
ASN00041110,19181015,PRCP,0,,,a,
ASN00041110,19181016,PRCP,0,,,a,
ASN00041110,19181017,PRCP,0,,,a,
ASN00041110,19181018,PRCP,0,,,a,
ASN00041110,19181019,PRCP,0,,,a,
ASN00041110,19181020,PRCP,20,,,a,
ASN00041110,19181021,PRCP,0,,,a,
ASN00041110,19181022,PRCP,0,,,a,
ASN00041110,19181023,PRCP,61,,,a,
ASN00041110,19181024,PRCP,0,,,a,
ASN00041110,19181025,PRCP,89,,,a,
ASN00041110,19181026,PRCP,0,,,a,
ASN00041110,19181027,PRCP,0,,,a,
ASN00041110,19181028,PRCP,0,,,a,
ASN00041110,19181029,PRCP,0,,,a,
ASN00041110,19181030,PRCP,64,,,a,
ASN00041110,19181031,PRCP,0,,,a,
ASN00041110,19181101,PRCP,0,,,a,
ASN00041110,19181102,PRCP,0,,,a,
ASN00041110,19181103,PRCP,0,,,a,
ASN00041110,19181104,PRCP,0,,,a,
ASN00041110,19181105,PRCP,0,,,a,
ASN00041110,19181106,PRCP,0,,,a,
ASN00041110,19181107,PRCP,0,,,a,
ASN00041110,19181108,PRCP,0,,,a,
ASN00041110,19181109,PRCP,0,,,a,
ASN00041110,19181110,PRCP,0,,,a,
ASN00041110,19181111,PRCP,0,,,a,
ASN00041110,19181112,PRCP,0,,,a,
ASN00041110,19181113,PRCP,0,,,a,
ASN00041110,19181114,PRCP,0,,,a,
ASN00041110,19181115,PRCP,18,,,a,
ASN00041110,19181116,PRCP,28,,,a,
ASN00041110,19181117,PRCP,0,,,a,
ASN00041110,19181118,PRCP,0,,,a,
ASN00041110,19181119,PRCP,0,,,a,
ASN00041110,19181120,PRCP,0,,,a,
ASN00041110,19181121,PRCP,0,,,a,
ASN00041110,19181122,PRCP,0,,,a,
ASN00041110,19181123,PRCP,0,,,a,
ASN00041110,19181124,PRCP,0,,,a,
ASN00041110,19181125,PRCP,0,,,a,
ASN00041110,19181126,PRCP,0,,,a,
ASN00041110,19181127,PRCP,76,,,a,
ASN00041110,19181128,PRCP,0,,,a,
ASN00041110,19181129,PRCP,0,,,a,
ASN00041110,19181130,PRCP,0,,,a,
ASN00041110,19181201,PRCP,0,,,a,
ASN00041110,19181202,PRCP,0,,,a,
ASN00041110,19181203,PRCP,0,,,a,
ASN00041110,19181204,PRCP,0,,,a,
ASN00041110,19181205,PRCP,0,,,a,
ASN00041110,19181206,PRCP,0,,,a,
ASN00041110,19181207,PRCP,56,,,a,
ASN00041110,19181208,PRCP,0,,,a,
ASN00041110,19181209,PRCP,0,,,a,
ASN00041110,19181210,PRCP,0,,,a,
ASN00041110,19181211,PRCP,0,,,a,
ASN00041110,19181212,PRCP,229,,,a,
ASN00041110,19181213,PRCP,0,,,a,
ASN00041110,19181214,PRCP,0,,,a,
ASN00041110,19181215,PRCP,254,,,a,
ASN00041110,19181216,PRCP,0,,,a,
ASN00041110,19181217,PRCP,0,,,a,
ASN00041110,19181218,PRCP,0,,,a,
ASN00041110,19181219,PRCP,0,,,a,
ASN00041110,19181220,PRCP,0,,,a,
ASN00041110,19181221,PRCP,0,,,a,
ASN00041110,19181222,PRCP,0,,,a,
ASN00041110,19181223,PRCP,0,,,a,
ASN00041110,19181224,PRCP,0,,,a,
ASN00041110,19181225,PRCP,0,,,a,
ASN00041110,19181226,PRCP,0,,,a,
ASN00041110,19181227,PRCP,0,,,a,
ASN00041110,19181228,PRCP,0,,,a,
ASN00041110,19181229,PRCP,0,,,a,
ASN00041110,19181230,PRCP,0,,,a,
ASN00041110,19181231,PRCP,0,,,a,
ASN00041110,19190101,PRCP,0,,,a,
ASN00041110,19190102,PRCP,0,,,a,
ASN00041110,19190103,PRCP,0,,,a,
ASN00041110,19190104,PRCP,0,,,a,
ASN00041110,19190105,PRCP,102,,,a,
ASN00041110,19190106,PRCP,0,,,a,
ASN00041110,19190107,PRCP,0,,,a,
ASN00041110,19190108,PRCP,0,,,a,
ASN00041110,19190109,PRCP,0,,,a,
ASN00041110,19190110,PRCP,0,,,a,
ASN00041110,19190111,PRCP,0,,,a,
ASN00041110,19190112,PRCP,0,,,a,
ASN00041110,19190113,PRCP,0,,,a,
ASN00041110,19190114,PRCP,0,,,a,
ASN00041110,19190115,PRCP,71,,,a,
ASN00041110,19190116,PRCP,0,,,a,
ASN00041110,19190117,PRCP,0,,,a,
ASN00041110,19190118,PRCP,0,,,a,
ASN00041110,19190119,PRCP,0,,,a,
ASN00041110,19190120,PRCP,0,,,a,
ASN00041110,19190121,PRCP,0,,,a,
ASN00041110,19190122,PRCP,0,,,a,
ASN00041110,19190123,PRCP,0,,,a,
ASN00041110,19190124,PRCP,0,,,a,
ASN00041110,19190125,PRCP,0,,,a,
ASN00041110,19190126,PRCP,0,,,a,
ASN00041110,19190127,PRCP,0,,,a,
ASN00041110,19190128,PRCP,0,,,a,
ASN00041110,19190129,PRCP,0,,,a,
ASN00041110,19190130,PRCP,0,,,a,
ASN00041110,19190131,PRCP,58,,,a,
ASN00041110,19190201,PRCP,0,,,a,
ASN00041110,19190202,PRCP,0,,,a,
ASN00041110,19190203,PRCP,0,,,a,
ASN00041110,19190204,PRCP,0,,,a,
ASN00041110,19190205,PRCP,0,,,a,
ASN00041110,19190206,PRCP,0,,,a,
ASN00041110,19190207,PRCP,0,,,a,
ASN00041110,19190208,PRCP,0,,,a,
ASN00041110,19190209,PRCP,0,,,a,
ASN00041110,19190210,PRCP,0,,,a,
ASN00041110,19190211,PRCP,0,,,a,
ASN00041110,19190212,PRCP,0,,,a,
ASN00041110,19190213,PRCP,533,,,a,
ASN00041110,19190214,PRCP,0,,,a,
ASN00041110,19190215,PRCP,0,,,a,
ASN00041110,19190216,PRCP,0,,,a,
ASN00041110,19190217,PRCP,0,,,a,
ASN00041110,19190218,PRCP,0,,,a,
ASN00041110,19190219,PRCP,386,,,a,
ASN00041110,19190220,PRCP,13,,,a,
ASN00041110,19190221,PRCP,0,,,a,
ASN00041110,19190222,PRCP,0,,,a,
ASN00041110,19190223,PRCP,0,,,a,
ASN00041110,19190224,PRCP,0,,,a,
ASN00041110,19190225,PRCP,0,,,a,
ASN00041110,19190226,PRCP,0,,,a,
ASN00041110,19190227,PRCP,203,,,a,
ASN00041110,19190228,PRCP,0,,,a,
ASN00041110,19190301,PRCP,0,,,a,
ASN00041110,19190302,PRCP,36,,,a,
ASN00041110,19190303,PRCP,66,,,a,
ASN00041110,19190304,PRCP,91,,,a,
ASN00041110,19190305,PRCP,0,,,a,
ASN00041110,19190306,PRCP,0,,,a,
ASN00041110,19190307,PRCP,0,,,a,
ASN00041110,19190308,PRCP,0,,,a,
ASN00041110,19190309,PRCP,0,,,a,
ASN00041110,19190310,PRCP,0,,,a,
ASN00041110,19190311,PRCP,0,,,a,
ASN00041110,19190312,PRCP,0,,,a,
ASN00041110,19190313,PRCP,0,,,a,
ASN00041110,19190314,PRCP,0,,,a,
ASN00041110,19190315,PRCP,0,,,a,
ASN00041110,19190316,PRCP,0,,,a,
ASN00041110,19190317,PRCP,0,,,a,
ASN00041110,19190318,PRCP,0,,,a,
ASN00041110,19190319,PRCP,0,,,a,
ASN00041110,19190320,PRCP,0,,,a,
ASN00041110,19190321,PRCP,0,,,a,
ASN00041110,19190322,PRCP,0,,,a,
ASN00041110,19190323,PRCP,0,,,a,
ASN00041110,19190324,PRCP,292,,,a,
ASN00041110,19190325,PRCP,8,,,a,
ASN00041110,19190326,PRCP,211,,,a,
ASN00041110,19190327,PRCP,33,,,a,
ASN00041110,19190328,PRCP,0,,,a,
ASN00041110,19190329,PRCP,0,,,a,
ASN00041110,19190330,PRCP,0,,,a,
ASN00041110,19190331,PRCP,0,,,a,
ASN00041110,19190401,PRCP,0,,,a,
ASN00041110,19190402,PRCP,0,,,a,
ASN00041110,19190403,PRCP,0,,,a,
ASN00041110,19190404,PRCP,30,,,a,
ASN00041110,19190405,PRCP,43,,,a,
ASN00041110,19190406,PRCP,0,,,a,
ASN00041110,19190407,PRCP,0,,,a,
ASN00041110,19190408,PRCP,0,,,a,
ASN00041110,19190409,PRCP,38,,,a,
ASN00041110,19190410,PRCP,0,,,a,
ASN00041110,19190411,PRCP,0,,,a,
ASN00041110,19190412,PRCP,0,,,a,
ASN00041110,19190413,PRCP,0,,,a,
ASN00041110,19190414,PRCP,0,,,a,
ASN00041110,19190415,PRCP,0,,,a,
ASN00041110,19190416,PRCP,0,,,a,
ASN00041110,19190417,PRCP,0,,,a,
ASN00041110,19190418,PRCP,0,,,a,
ASN00041110,19190419,PRCP,0,,,a,
ASN00041110,19190420,PRCP,0,,,a,
ASN00041110,19190421,PRCP,0,,,a,
ASN00041110,19190422,PRCP,0,,,a,
ASN00041110,19190423,PRCP,0,,,a,
ASN00041110,19190424,PRCP,0,,,a,
ASN00041110,19190425,PRCP,41,,,a,
ASN00041110,19190426,PRCP,0,,,a,
ASN00041110,19190427,PRCP,0,,,a,
ASN00041110,19190428,PRCP,0,,,a,
ASN00041110,19190429,PRCP,0,,,a,
ASN00041110,19190430,PRCP,0,,,a,
ASN00041110,19190501,PRCP,0,,,a,
ASN00041110,19190502,PRCP,0,,,a,
ASN00041110,19190503,PRCP,0,,,a,
ASN00041110,19190504,PRCP,36,,,a,
ASN00041110,19190505,PRCP,0,,,a,
ASN00041110,19190506,PRCP,0,,,a,
ASN00041110,19190507,PRCP,0,,,a,
ASN00041110,19190508,PRCP,0,,,a,
ASN00041110,19190509,PRCP,0,,,a,
ASN00041110,19190510,PRCP,0,,,a,
ASN00041110,19190511,PRCP,0,,,a,
ASN00041110,19190512,PRCP,0,,,a,
ASN00041110,19190513,PRCP,0,,,a,
ASN00041110,19190514,PRCP,0,,,a,
ASN00041110,19190515,PRCP,0,,,a,
ASN00041110,19190516,PRCP,0,,,a,
ASN00041110,19190517,PRCP,0,,,a,
ASN00041110,19190518,PRCP,0,,,a,
ASN00041110,19190519,PRCP,0,,,a,
ASN00041110,19190520,PRCP,0,,,a,
ASN00041110,19190521,PRCP,0,,,a,
ASN00041110,19190522,PRCP,274,,,a,
ASN00041110,19190523,PRCP,0,,,a,
ASN00041110,19190524,PRCP,0,,,a,
ASN00041110,19190525,PRCP,0,,,a,
ASN00041110,19190526,PRCP,0,,,a,
ASN00041110,19190527,PRCP,0,,,a,
ASN00041110,19190528,PRCP,0,,,a,
ASN00041110,19190529,PRCP,66,,,a,
ASN00041110,19190530,PRCP,0,,,a,
ASN00041110,19190531,PRCP,0,,,a,
ASN00041110,19190601,PRCP,0,,,a,
ASN00041110,19190602,PRCP,0,,,a,
ASN00041110,19190603,PRCP,0,,,a,
ASN00041110,19190604,PRCP,0,,,a,
ASN00041110,19190605,PRCP,0,,,a,
ASN00041110,19190606,PRCP,0,,,a,
ASN00041110,19190607,PRCP,0,,,a,
ASN00041110,19190608,PRCP,0,,,a,
ASN00041110,19190609,PRCP,0,,,a,
ASN00041110,19190610,PRCP,0,,,a,
ASN00041110,19190611,PRCP,0,,,a,
ASN00041110,19190612,PRCP,0,,,a,
ASN00041110,19190613,PRCP,165,,,a,
ASN00041110,19190614,PRCP,76,,,a,
ASN00041110,19190615,PRCP,0,,,a,
ASN00041110,19190616,PRCP,0,,,a,
ASN00041110,19190617,PRCP,0,,,a,
ASN00041110,19190618,PRCP,0,,,a,
ASN00041110,19190619,PRCP,0,,,a,
ASN00041110,19190620,PRCP,0,,,a,
ASN00041110,19190621,PRCP,0,,,a,
ASN00041110,19190622,PRCP,0,,,a,
ASN00041110,19190623,PRCP,0,,,a,
ASN00041110,19190624,PRCP,0,,,a,
ASN00041110,19190625,PRCP,0,,,a,
ASN00041110,19190626,PRCP,0,,,a,
ASN00041110,19190627,PRCP,0,,,a,
ASN00041110,19190628,PRCP,0,,,a,
ASN00041110,19190629,PRCP,0,,,a,
ASN00041110,19190630,PRCP,0,,,a,
ASN00041110,19190701,PRCP,0,,,a,
ASN00041110,19190702,PRCP,0,,,a,
ASN00041110,19190703,PRCP,0,,,a,
ASN00041110,19190704,PRCP,0,,,a,
ASN00041110,19190705,PRCP,0,,,a,
ASN00041110,19190706,PRCP,0,,,a,
ASN00041110,19190707,PRCP,0,,,a,
ASN00041110,19190708,PRCP,0,,,a,
ASN00041110,19190709,PRCP,0,,,a,
ASN00041110,19190710,PRCP,0,,,a,
ASN00041110,19190711,PRCP,0,,,a,
ASN00041110,19190712,PRCP,0,,,a,
ASN00041110,19190713,PRCP,0,,,a,
ASN00041110,19190714,PRCP,0,,,a,
ASN00041110,19190715,PRCP,0,,,a,
ASN00041110,19190716,PRCP,0,,,a,
ASN00041110,19190717,PRCP,0,,,a,
ASN00041110,19190718,PRCP,0,,,a,
ASN00041110,19190719,PRCP,0,,,a,
ASN00041110,19190720,PRCP,0,,,a,
ASN00041110,19190721,PRCP,0,,,a,
ASN00041110,19190722,PRCP,0,,,a,
ASN00041110,19190723,PRCP,0,,,a,
ASN00041110,19190724,PRCP,0,,,a,
ASN00041110,19190725,PRCP,0,,,a,
ASN00041110,19190726,PRCP,0,,,a,
ASN00041110,19190727,PRCP,0,,,a,
ASN00041110,19190728,PRCP,0,,,a,
ASN00041110,19190729,PRCP,13,,,a,
ASN00041110,19190730,PRCP,0,,,a,
ASN00041110,19190731,PRCP,0,,,a,
ASN00041110,19190801,PRCP,0,,,a,
ASN00041110,19190802,PRCP,0,,,a,
ASN00041110,19190803,PRCP,0,,,a,
ASN00041110,19190804,PRCP,0,,,a,
ASN00041110,19190805,PRCP,0,,,a,
ASN00041110,19190806,PRCP,0,,,a,
ASN00041110,19190807,PRCP,0,,,a,
ASN00041110,19190808,PRCP,0,,,a,
ASN00041110,19190809,PRCP,0,,,a,
ASN00041110,19190810,PRCP,0,,,a,
ASN00041110,19190811,PRCP,0,,,a,
ASN00041110,19190812,PRCP,0,,,a,
ASN00041110,19190813,PRCP,0,,,a,
ASN00041110,19190814,PRCP,0,,,a,
ASN00041110,19190815,PRCP,0,,,a,
ASN00041110,19190816,PRCP,0,,,a,
ASN00041110,19190817,PRCP,0,,,a,
ASN00041110,19190818,PRCP,0,,,a,
ASN00041110,19190819,PRCP,0,,,a,
ASN00041110,19190820,PRCP,0,,,a,
ASN00041110,19190821,PRCP,0,,,a,
ASN00041110,19190822,PRCP,0,,,a,
ASN00041110,19190823,PRCP,0,,,a,
ASN00041110,19190824,PRCP,0,,,a,
ASN00041110,19190825,PRCP,64,,,a,
ASN00041110,19190826,PRCP,41,,,a,
ASN00041110,19190827,PRCP,0,,,a,
ASN00041110,19190828,PRCP,0,,,a,
ASN00041110,19190829,PRCP,0,,,a,
ASN00041110,19190830,PRCP,0,,,a,
ASN00041110,19190831,PRCP,0,,,a,
ASN00041110,19190901,PRCP,48,,,a,
ASN00041110,19190902,PRCP,0,,,a,
ASN00041110,19190903,PRCP,0,,,a,
ASN00041110,19190904,PRCP,0,,,a,
ASN00041110,19190905,PRCP,0,,,a,
ASN00041110,19190906,PRCP,0,,,a,
ASN00041110,19190907,PRCP,0,,,a,
ASN00041110,19190908,PRCP,0,,,a,
ASN00041110,19190909,PRCP,0,,,a,
ASN00041110,19190910,PRCP,0,,,a,
ASN00041110,19190911,PRCP,0,,,a,
ASN00041110,19190912,PRCP,0,,,a,
ASN00041110,19190913,PRCP,0,,,a,
ASN00041110,19190914,PRCP,0,,,a,
ASN00041110,19190915,PRCP,0,,,a,
ASN00041110,19190916,PRCP,0,,,a,
ASN00041110,19190917,PRCP,0,,,a,
ASN00041110,19190918,PRCP,0,,,a,
ASN00041110,19190919,PRCP,0,,,a,
ASN00041110,19190920,PRCP,0,,,a,
ASN00041110,19190921,PRCP,0,,,a,
ASN00041110,19190922,PRCP,0,,,a,
ASN00041110,19190923,PRCP,0,,,a,
ASN00041110,19190924,PRCP,0,,,a,
ASN00041110,19190925,PRCP,0,,,a,
ASN00041110,19190926,PRCP,0,,,a,
ASN00041110,19190927,PRCP,0,,,a,
ASN00041110,19190928,PRCP,0,,,a,
ASN00041110,19190929,PRCP,0,,,a,
ASN00041110,19190930,PRCP,0,,,a,
ASN00041110,19191001,PRCP,0,,,a,
ASN00041110,19191002,PRCP,0,,,a,
ASN00041110,19191003,PRCP,0,,,a,
ASN00041110,19191004,PRCP,0,,,a,
ASN00041110,19191005,PRCP,0,,,a,
ASN00041110,19191006,PRCP,0,,,a,
ASN00041110,19191007,PRCP,0,,,a,
ASN00041110,19191008,PRCP,10,,,a,
ASN00041110,19191009,PRCP,0,,,a,
ASN00041110,19191010,PRCP,0,,,a,
ASN00041110,19191011,PRCP,0,,,a,
ASN00041110,19191012,PRCP,0,,,a,
ASN00041110,19191013,PRCP,0,,,a,
ASN00041110,19191014,PRCP,66,,,a,
ASN00041110,19191015,PRCP,0,,,a,
ASN00041110,19191016,PRCP,64,,,a,
ASN00041110,19191017,PRCP,0,,,a,
ASN00041110,19191018,PRCP,0,,,a,
ASN00041110,19191019,PRCP,0,,,a,
ASN00041110,19191020,PRCP,0,,,a,
ASN00041110,19191021,PRCP,0,,,a,
ASN00041110,19191022,PRCP,84,,,a,
ASN00041110,19191023,PRCP,0,,,a,
ASN00041110,19191024,PRCP,0,,,a,
ASN00041110,19191025,PRCP,0,,,a,
ASN00041110,19191026,PRCP,0,,,a,
ASN00041110,19191027,PRCP,0,,,a,
ASN00041110,19191028,PRCP,0,,,a,
ASN00041110,19191029,PRCP,0,,,a,
ASN00041110,19191030,PRCP,0,,,a,
ASN00041110,19191031,PRCP,0,,,a,
ASN00041110,19191101,PRCP,0,,,a,
ASN00041110,19191102,PRCP,0,,,a,
ASN00041110,19191103,PRCP,0,,,a,
ASN00041110,19191104,PRCP,0,,,a,
ASN00041110,19191105,PRCP,0,,,a,
ASN00041110,19191106,PRCP,0,,,a,
ASN00041110,19191107,PRCP,0,,,a,
ASN00041110,19191108,PRCP,0,,,a,
ASN00041110,19191109,PRCP,0,,,a,
ASN00041110,19191110,PRCP,0,,,a,
ASN00041110,19191111,PRCP,0,,,a,
ASN00041110,19191112,PRCP,0,,,a,
ASN00041110,19191113,PRCP,0,,,a,
ASN00041110,19191114,PRCP,0,,,a,
ASN00041110,19191115,PRCP,25,,,a,
ASN00041110,19191116,PRCP,81,,,a,
ASN00041110,19191117,PRCP,0,,,a,
ASN00041110,19191118,PRCP,0,,,a,
ASN00041110,19191119,PRCP,0,,,a,
ASN00041110,19191120,PRCP,0,,,a,
ASN00041110,19191121,PRCP,10,,,a,
ASN00041110,19191122,PRCP,0,,,a,
ASN00041110,19191123,PRCP,10,,,a,
ASN00041110,19191124,PRCP,0,,,a,
ASN00041110,19191125,PRCP,0,,,a,
ASN00041110,19191126,PRCP,0,,,a,
ASN00041110,19191127,PRCP,0,,,a,
ASN00041110,19191128,PRCP,0,,,a,
ASN00041110,19191129,PRCP,10,,,a,
ASN00041110,19191130,PRCP,58,,,a,
ASN00041110,19191201,PRCP,0,,,a,
ASN00041110,19191202,PRCP,25,,,a,
ASN00041110,19191203,PRCP,69,,,a,
ASN00041110,19191204,PRCP,0,,,a,
ASN00041110,19191205,PRCP,0,,,a,
ASN00041110,19191206,PRCP,0,,,a,
ASN00041110,19191207,PRCP,0,,,a,
ASN00041110,19191208,PRCP,0,,,a,
ASN00041110,19191209,PRCP,0,,,a,
ASN00041110,19191210,PRCP,46,,,a,
ASN00041110,19191211,PRCP,0,,,a,
ASN00041110,19191212,PRCP,0,,,a,
ASN00041110,19191213,PRCP,0,,,a,
ASN00041110,19191214,PRCP,0,,,a,
ASN00041110,19191215,PRCP,0,,,a,
ASN00041110,19191216,PRCP,0,,,a,
ASN00041110,19191217,PRCP,246,,,a,
ASN00041110,19191218,PRCP,30,,,a,
ASN00041110,19191219,PRCP,0,,,a,
ASN00041110,19191220,PRCP,0,,,a,
ASN00041110,19191221,PRCP,0,,,a,
ASN00041110,19191222,PRCP,0,,,a,
ASN00041110,19191223,PRCP,0,,,a,
ASN00041110,19191224,PRCP,0,,,a,
ASN00041110,19191225,PRCP,0,,,a,
ASN00041110,19191226,PRCP,0,,,a,
ASN00041110,19191227,PRCP,0,,,a,
ASN00041110,19191228,PRCP,0,,,a,
ASN00041110,19191229,PRCP,0,,,a,
ASN00041110,19191230,PRCP,0,,,a,
ASN00041110,19191231,PRCP,0,,,a,
ASN00041110,19200101,PRCP,673,,,a,
ASN00041110,19200102,PRCP,0,,,a,
ASN00041110,19200103,PRCP,0,,,a,
ASN00041110,19200104,PRCP,0,,,a,
ASN00041110,19200105,PRCP,0,,,a,
ASN00041110,19200106,PRCP,10,,,a,
ASN00041110,19200107,PRCP,0,,,a,
ASN00041110,19200108,PRCP,0,,,a,
ASN00041110,19200109,PRCP,127,,,a,
ASN00041110,19200110,PRCP,25,,,a,
ASN00041110,19200111,PRCP,0,,,a,
ASN00041110,19200112,PRCP,0,,,a,
ASN00041110,19200113,PRCP,0,,,a,
ASN00041110,19200114,PRCP,0,,,a,
ASN00041110,19200115,PRCP,130,,,a,
ASN00041110,19200116,PRCP,84,,,a,
ASN00041110,19200117,PRCP,0,,,a,
ASN00041110,19200118,PRCP,0,,,a,
ASN00041110,19200119,PRCP,13,,,a,
ASN00041110,19200120,PRCP,0,,,a,
ASN00041110,19200121,PRCP,411,,,a,
ASN00041110,19200122,PRCP,0,,,a,
ASN00041110,19200123,PRCP,0,,,a,
ASN00041110,19200124,PRCP,0,,,a,
ASN00041110,19200125,PRCP,0,,,a,
ASN00041110,19200126,PRCP,0,,,a,
ASN00041110,19200127,PRCP,0,,,a,
ASN00041110,19200128,PRCP,0,,,a,
ASN00041110,19200129,PRCP,0,,,a,
ASN00041110,19200130,PRCP,0,,,a,
ASN00041110,19200131,PRCP,0,,,a,
ASN00041110,19200201,PRCP,0,,,a,
ASN00041110,19200202,PRCP,0,,,a,
ASN00041110,19200203,PRCP,0,,,a,
ASN00041110,19200204,PRCP,0,,,a,
ASN00041110,19200205,PRCP,0,,,a,
ASN00041110,19200206,PRCP,0,,,a,
ASN00041110,19200207,PRCP,152,,,a,
ASN00041110,19200208,PRCP,0,,,a,
ASN00041110,19200209,PRCP,0,,,a,
ASN00041110,19200210,PRCP,0,,,a,
ASN00041110,19200211,PRCP,0,,,a,
ASN00041110,19200212,PRCP,0,,,a,
ASN00041110,19200213,PRCP,0,,,a,
ASN00041110,19200214,PRCP,0,,,a,
ASN00041110,19200215,PRCP,0,,,a,
ASN00041110,19200216,PRCP,0,,,a,
ASN00041110,19200217,PRCP,0,,,a,
ASN00041110,19200218,PRCP,0,,,a,
ASN00041110,19200219,PRCP,0,,,a,
ASN00041110,19200220,PRCP,0,,,a,
ASN00041110,19200221,PRCP,0,,,a,
ASN00041110,19200222,PRCP,0,,,a,
ASN00041110,19200223,PRCP,0,,,a,
ASN00041110,19200224,PRCP,0,,,a,
ASN00041110,19200225,PRCP,0,,,a,
ASN00041110,19200226,PRCP,0,,,a,
ASN00041110,19200227,PRCP,0,,,a,
ASN00041110,19200228,PRCP,0,,,a,
ASN00041110,19200229,PRCP,0,,,a,
ASN00041110,19200301,PRCP,0,,,a,
ASN00041110,19200302,PRCP,0,,,a,
ASN00041110,19200303,PRCP,152,,,a,
ASN00041110,19200304,PRCP,0,,,a,
ASN00041110,19200305,PRCP,0,,,a,
ASN00041110,19200306,PRCP,0,,,a,
ASN00041110,19200307,PRCP,0,,,a,
ASN00041110,19200308,PRCP,97,,,a,
ASN00041110,19200309,PRCP,0,,,a,
ASN00041110,19200310,PRCP,0,,,a,
ASN00041110,19200311,PRCP,0,,,a,
ASN00041110,19200312,PRCP,0,,,a,
ASN00041110,19200313,PRCP,0,,,a,
ASN00041110,19200314,PRCP,0,,,a,
ASN00041110,19200315,PRCP,0,,,a,
ASN00041110,19200316,PRCP,0,,,a,
ASN00041110,19200317,PRCP,0,,,a,
ASN00041110,19200318,PRCP,0,,,a,
ASN00041110,19200319,PRCP,0,,,a,
ASN00041110,19200320,PRCP,0,,,a,
ASN00041110,19200321,PRCP,0,,,a,
ASN00041110,19200322,PRCP,0,,,a,
ASN00041110,19200323,PRCP,0,,,a,
ASN00041110,19200324,PRCP,0,,,a,
ASN00041110,19200325,PRCP,0,,,a,
ASN00041110,19200326,PRCP,0,,,a,
ASN00041110,19200327,PRCP,0,,,a,
ASN00041110,19200328,PRCP,0,,,a,
ASN00041110,19200329,PRCP,0,,,a,
ASN00041110,19200330,PRCP,0,,,a,
ASN00041110,19200331,PRCP,0,,,a,
ASN00041110,19200401,PRCP,0,,,a,
ASN00041110,19200402,PRCP,0,,,a,
ASN00041110,19200403,PRCP,0,,,a,
ASN00041110,19200404,PRCP,0,,,a,
ASN00041110,19200405,PRCP,0,,,a,
ASN00041110,19200406,PRCP,0,,,a,
ASN00041110,19200407,PRCP,0,,,a,
ASN00041110,19200408,PRCP,0,,,a,
ASN00041110,19200409,PRCP,0,,,a,
ASN00041110,19200410,PRCP,0,,,a,
ASN00041110,19200411,PRCP,0,,,a,
ASN00041110,19200412,PRCP,0,,,a,
ASN00041110,19200413,PRCP,0,,,a,
ASN00041110,19200414,PRCP,0,,,a,
ASN00041110,19200415,PRCP,0,,,a,
ASN00041110,19200416,PRCP,0,,,a,
ASN00041110,19200417,PRCP,0,,,a,
ASN00041110,19200418,PRCP,0,,,a,
ASN00041110,19200419,PRCP,0,,,a,
ASN00041110,19200420,PRCP,0,,,a,
ASN00041110,19200421,PRCP,0,,,a,
ASN00041110,19200422,PRCP,36,,,a,
ASN00041110,19200423,PRCP,38,,,a,
ASN00041110,19200424,PRCP,0,,,a,
ASN00041110,19200425,PRCP,0,,,a,
ASN00041110,19200426,PRCP,0,,,a,
ASN00041110,19200427,PRCP,0,,,a,
ASN00041110,19200428,PRCP,0,,,a,
ASN00041110,19200429,PRCP,0,,,a,
ASN00041110,19200430,PRCP,56,,,a,
ASN00041110,19200501,PRCP,0,,,a,
ASN00041110,19200502,PRCP,0,,,a,
ASN00041110,19200503,PRCP,0,,,a,
ASN00041110,19200504,PRCP,0,,,a,
ASN00041110,19200505,PRCP,0,,,a,
ASN00041110,19200506,PRCP,71,,,a,
ASN00041110,19200507,PRCP,0,,,a,
ASN00041110,19200508,PRCP,0,,,a,
ASN00041110,19200509,PRCP,163,,,a,
ASN00041110,19200510,PRCP,0,,,a,
ASN00041110,19200511,PRCP,0,,,a,
ASN00041110,19200512,PRCP,0,,,a,
ASN00041110,19200513,PRCP,0,,,a,
ASN00041110,19200514,PRCP,0,,,a,
ASN00041110,19200515,PRCP,0,,,a,
ASN00041110,19200516,PRCP,0,,,a,
ASN00041110,19200517,PRCP,0,,,a,
ASN00041110,19200518,PRCP,0,,,a,
ASN00041110,19200519,PRCP,0,,,a,
ASN00041110,19200520,PRCP,0,,,a,
ASN00041110,19200521,PRCP,66,,,a,
ASN00041110,19200522,PRCP,0,,,a,
ASN00041110,19200523,PRCP,25,,,a,
ASN00041110,19200524,PRCP,0,,,a,
ASN00041110,19200525,PRCP,0,,,a,
ASN00041110,19200526,PRCP,0,,,a,
ASN00041110,19200527,PRCP,0,,,a,
ASN00041110,19200528,PRCP,0,,,a,
ASN00041110,19200529,PRCP,0,,,a,
ASN00041110,19200530,PRCP,0,,,a,
ASN00041110,19200531,PRCP,0,,,a,
ASN00041110,19200601,PRCP,0,,,a,
ASN00041110,19200602,PRCP,0,,,a,
ASN00041110,19200603,PRCP,51,,,a,
ASN00041110,19200604,PRCP,0,,,a,
ASN00041110,19200605,PRCP,0,,,a,
ASN00041110,19200606,PRCP,0,,,a,
ASN00041110,19200607,PRCP,0,,,a,
ASN00041110,19200608,PRCP,0,,,a,
ASN00041110,19200609,PRCP,0,,,a,
ASN00041110,19200610,PRCP,76,,,a,
ASN00041110,19200611,PRCP,0,,,a,
ASN00041110,19200612,PRCP,0,,,a,
ASN00041110,19200613,PRCP,495,,,a,
ASN00041110,19200614,PRCP,23,,,a,
ASN00041110,19200615,PRCP,0,,,a,
ASN00041110,19200616,PRCP,0,,,a,
ASN00041110,19200617,PRCP,76,,,a,
ASN00041110,19200618,PRCP,0,,,a,
ASN00041110,19200619,PRCP,0,,,a,
ASN00041110,19200620,PRCP,0,,,a,
ASN00041110,19200621,PRCP,0,,,a,
ASN00041110,19200622,PRCP,0,,,a,
ASN00041110,19200623,PRCP,15,,,a,
ASN00041110,19200624,PRCP,0,,,a,
ASN00041110,19200625,PRCP,0,,,a,
ASN00041110,19200626,PRCP,0,,,a,
ASN00041110,19200627,PRCP,0,,,a,
ASN00041110,19200628,PRCP,0,,,a,
ASN00041110,19200629,PRCP,0,,,a,
ASN00041110,19200630,PRCP,0,,,a,
ASN00041110,19200701,PRCP,0,,,a,
ASN00041110,19200702,PRCP,0,,,a,
ASN00041110,19200703,PRCP,152,,,a,
ASN00041110,19200704,PRCP,381,,,a,
ASN00041110,19200705,PRCP,292,,,a,
ASN00041110,19200706,PRCP,0,,,a,
ASN00041110,19200707,PRCP,0,,,a,
ASN00041110,19200708,PRCP,0,,,a,
ASN00041110,19200709,PRCP,0,,,a,
ASN00041110,19200710,PRCP,0,,,a,
ASN00041110,19200711,PRCP,0,,,a,
ASN00041110,19200712,PRCP,0,,,a,
ASN00041110,19200713,PRCP,229,,,a,
ASN00041110,19200714,PRCP,0,,,a,
ASN00041110,19200715,PRCP,0,,,a,
ASN00041110,19200716,PRCP,0,,,a,
ASN00041110,19200717,PRCP,0,,,a,
ASN00041110,19200718,PRCP,0,,,a,
ASN00041110,19200719,PRCP,0,,,a,
ASN00041110,19200720,PRCP,0,,,a,
ASN00041110,19200721,PRCP,0,,,a,
ASN00041110,19200722,PRCP,0,,,a,
ASN00041110,19200723,PRCP,0,,,a,
ASN00041110,19200724,PRCP,0,,,a,
ASN00041110,19200725,PRCP,0,,,a,
ASN00041110,19200726,PRCP,0,,,a,
ASN00041110,19200727,PRCP,0,,,a,
ASN00041110,19200728,PRCP,0,,,a,
ASN00041110,19200729,PRCP,0,,,a,
ASN00041110,19200730,PRCP,0,,,a,
ASN00041110,19200731,PRCP,183,,,a,
ASN00041110,19200801,PRCP,284,,,a,
ASN00041110,19200802,PRCP,0,,,a,
ASN00041110,19200803,PRCP,0,,,a,
ASN00041110,19200804,PRCP,0,,,a,
ASN00041110,19200805,PRCP,0,,,a,
ASN00041110,19200806,PRCP,0,,,a,
ASN00041110,19200807,PRCP,0,,,a,
ASN00041110,19200808,PRCP,0,,,a,
ASN00041110,19200809,PRCP,0,,,a,
ASN00041110,19200810,PRCP,0,,,a,
ASN00041110,19200811,PRCP,0,,,a,
ASN00041110,19200812,PRCP,0,,,a,
ASN00041110,19200813,PRCP,0,,,a,
ASN00041110,19200814,PRCP,0,,,a,
ASN00041110,19200815,PRCP,0,,,a,
ASN00041110,19200816,PRCP,0,,,a,
ASN00041110,19200817,PRCP,36,,,a,
ASN00041110,19200818,PRCP,0,,,a,
ASN00041110,19200819,PRCP,0,,,a,
ASN00041110,19200820,PRCP,0,,,a,
ASN00041110,19200821,PRCP,0,,,a,
ASN00041110,19200822,PRCP,0,,,a,
ASN00041110,19200823,PRCP,10,,,a,
ASN00041110,19200824,PRCP,0,,,a,
ASN00041110,19200825,PRCP,23,,,a,
ASN00041110,19200826,PRCP,0,,,a,
ASN00041110,19200827,PRCP,0,,,a,
ASN00041110,19200828,PRCP,0,,,a,
ASN00041110,19200829,PRCP,0,,,a,
ASN00041110,19200830,PRCP,0,,,a,
ASN00041110,19200831,PRCP,0,,,a,
ASN00041110,19200901,PRCP,0,,,a,
ASN00041110,19200902,PRCP,0,,,a,
ASN00041110,19200903,PRCP,64,,,a,
ASN00041110,19200904,PRCP,0,,,a,
ASN00041110,19200905,PRCP,0,,,a,
ASN00041110,19200906,PRCP,0,,,a,
ASN00041110,19200907,PRCP,0,,,a,
ASN00041110,19200908,PRCP,0,,,a,
ASN00041110,19200909,PRCP,0,,,a,
ASN00041110,19200910,PRCP,0,,,a,
ASN00041110,19200911,PRCP,244,,,a,
ASN00041110,19200912,PRCP,0,,,a,
ASN00041110,19200913,PRCP,0,,,a,
ASN00041110,19200914,PRCP,0,,,a,
ASN00041110,19200915,PRCP,0,,,a,
ASN00041110,19200916,PRCP,51,,,a,
ASN00041110,19200917,PRCP,0,,,a,
ASN00041110,19200918,PRCP,0,,,a,
ASN00041110,19200919,PRCP,0,,,a,
ASN00041110,19200920,PRCP,0,,,a,
ASN00041110,19200921,PRCP,0,,,a,
ASN00041110,19200922,PRCP,0,,,a,
ASN00041110,19200923,PRCP,0,,,a,
ASN00041110,19200924,PRCP,0,,,a,
ASN00041110,19200925,PRCP,0,,,a,
ASN00041110,19200926,PRCP,0,,,a,
ASN00041110,19200927,PRCP,0,,,a,
ASN00041110,19200928,PRCP,0,,,a,
ASN00041110,19200929,PRCP,0,,,a,
ASN00041110,19200930,PRCP,0,,,a,
ASN00041110,19201001,PRCP,0,,,a,
ASN00041110,19201002,PRCP,0,,,a,
ASN00041110,19201003,PRCP,0,,,a,
ASN00041110,19201004,PRCP,0,,,a,
ASN00041110,19201005,PRCP,0,,,a,
ASN00041110,19201006,PRCP,0,,,a,
ASN00041110,19201007,PRCP,0,,,a,
ASN00041110,19201008,PRCP,0,,,a,
ASN00041110,19201009,PRCP,0,,,a,
ASN00041110,19201010,PRCP,0,,,a,
ASN00041110,19201011,PRCP,0,,,a,
ASN00041110,19201012,PRCP,0,,,a,
ASN00041110,19201013,PRCP,15,,,a,
ASN00041110,19201014,PRCP,18,,,a,
ASN00041110,19201015,PRCP,0,,,a,
ASN00041110,19201016,PRCP,0,,,a,
ASN00041110,19201017,PRCP,267,,,a,
ASN00041110,19201018,PRCP,76,,,a,
ASN00041110,19201019,PRCP,0,,,a,
ASN00041110,19201020,PRCP,0,,,a,
ASN00041110,19201021,PRCP,0,,,a,
ASN00041110,19201022,PRCP,0,,,a,
ASN00041110,19201023,PRCP,0,,,a,
ASN00041110,19201024,PRCP,91,,,a,
ASN00041110,19201025,PRCP,38,,,a,
ASN00041110,19201026,PRCP,0,,,a,
ASN00041110,19201027,PRCP,0,,,a,
ASN00041110,19201028,PRCP,0,,,a,
ASN00041110,19201029,PRCP,0,,,a,
ASN00041110,19201030,PRCP,0,,,a,
ASN00041110,19201031,PRCP,0,,,a,
ASN00041110,19201101,PRCP,0,,,a,
ASN00041110,19201102,PRCP,0,,,a,
ASN00041110,19201103,PRCP,0,,,a,
ASN00041110,19201104,PRCP,0,,,a,
ASN00041110,19201105,PRCP,203,,,a,
ASN00041110,19201106,PRCP,127,,,a,
ASN00041110,19201107,PRCP,0,,,a,
ASN00041110,19201108,PRCP,0,,,a,
ASN00041110,19201109,PRCP,0,,,a,
ASN00041110,19201110,PRCP,0,,,a,
ASN00041110,19201111,PRCP,0,,,a,
ASN00041110,19201112,PRCP,0,,,a,
ASN00041110,19201113,PRCP,0,,,a,
ASN00041110,19201114,PRCP,0,,,a,
ASN00041110,19201115,PRCP,0,,,a,
ASN00041110,19201116,PRCP,0,,,a,
ASN00041110,19201117,PRCP,279,,,a,
ASN00041110,19201118,PRCP,51,,,a,
ASN00041110,19201119,PRCP,0,,,a,
ASN00041110,19201120,PRCP,0,,,a,
ASN00041110,19201121,PRCP,0,,,a,
ASN00041110,19201122,PRCP,0,,,a,
ASN00041110,19201123,PRCP,0,,,a,
ASN00041110,19201124,PRCP,0,,,a,
ASN00041110,19201125,PRCP,0,,,a,
ASN00041110,19201126,PRCP,0,,,a,
ASN00041110,19201127,PRCP,0,,,a,
ASN00041110,19201128,PRCP,0,,,a,
ASN00041110,19201129,PRCP,0,,,a,
ASN00041110,19201130,PRCP,0,,,a,
ASN00041110,19201201,PRCP,0,,,a,
ASN00041110,19201202,PRCP,0,,,a,
ASN00041110,19201203,PRCP,71,,,a,
ASN00041110,19201204,PRCP,0,,,a,
ASN00041110,19201205,PRCP,0,,,a,
ASN00041110,19201206,PRCP,0,,,a,
ASN00041110,19201207,PRCP,0,,,a,
ASN00041110,19201208,PRCP,71,,,a,
ASN00041110,19201209,PRCP,292,,,a,
ASN00041110,19201210,PRCP,0,,,a,
ASN00041110,19201211,PRCP,0,,,a,
ASN00041110,19201212,PRCP,0,,,a,
ASN00041110,19201213,PRCP,0,,,a,
ASN00041110,19201214,PRCP,0,,,a,
ASN00041110,19201215,PRCP,0,,,a,
ASN00041110,19201216,PRCP,0,,,a,
ASN00041110,19201217,PRCP,0,,,a,
ASN00041110,19201218,PRCP,0,,,a,
ASN00041110,19201219,PRCP,0,,,a,
ASN00041110,19201220,PRCP,0,,,a,
ASN00041110,19201221,PRCP,0,,,a,
ASN00041110,19201222,PRCP,0,,,a,
ASN00041110,19201223,PRCP,0,,,a,
ASN00041110,19201224,PRCP,0,,,a,
ASN00041110,19201225,PRCP,0,,,a,
ASN00041110,19201226,PRCP,79,,,a,
ASN00041110,19201227,PRCP,0,,,a,
ASN00041110,19201228,PRCP,0,,,a,
ASN00041110,19201229,PRCP,0,,,a,
ASN00041110,19201230,PRCP,0,,,a,
ASN00041110,19201231,PRCP,0,,,a,
ASN00041110,19210101,PRCP,0,,,a,
ASN00041110,19210102,PRCP,0,,,a,
ASN00041110,19210103,PRCP,0,,,a,
ASN00041110,19210104,PRCP,0,,,a,
ASN00041110,19210105,PRCP,0,,,a,
ASN00041110,19210106,PRCP,0,,,a,
ASN00041110,19210107,PRCP,122,,,a,
ASN00041110,19210108,PRCP,0,,,a,
ASN00041110,19210109,PRCP,0,,,a,
ASN00041110,19210110,PRCP,0,,,a,
ASN00041110,19210111,PRCP,0,,,a,
ASN00041110,19210112,PRCP,56,,,a,
ASN00041110,19210113,PRCP,0,,,a,
ASN00041110,19210114,PRCP,0,,,a,
ASN00041110,19210115,PRCP,0,,,a,
ASN00041110,19210116,PRCP,102,,,a,
ASN00041110,19210117,PRCP,0,,,a,
ASN00041110,19210118,PRCP,0,,,a,
ASN00041110,19210119,PRCP,0,,,a,
ASN00041110,19210120,PRCP,0,,,a,
ASN00041110,19210121,PRCP,0,,,a,
ASN00041110,19210122,PRCP,0,,,a,
ASN00041110,19210123,PRCP,0,,,a,
ASN00041110,19210124,PRCP,0,,,a,
ASN00041110,19210125,PRCP,0,,,a,
ASN00041110,19210126,PRCP,0,,,a,
ASN00041110,19210127,PRCP,0,,,a,
ASN00041110,19210128,PRCP,0,,,a,
ASN00041110,19210129,PRCP,0,,,a,
ASN00041110,19210130,PRCP,0,,,a,
ASN00041110,19210131,PRCP,0,,,a,
ASN00041110,19210201,PRCP,0,,,a,
ASN00041110,19210202,PRCP,0,,,a,
ASN00041110,19210203,PRCP,0,,,a,
ASN00041110,19210204,PRCP,0,,,a,
ASN00041110,19210205,PRCP,0,,,a,
ASN00041110,19210206,PRCP,0,,,a,
ASN00041110,19210207,PRCP,0,,,a,
ASN00041110,19210208,PRCP,0,,,a,
ASN00041110,19210209,PRCP,0,,,a,
ASN00041110,19210210,PRCP,0,,,a,
ASN00041110,19210211,PRCP,0,,,a,
ASN00041110,19210212,PRCP,0,,,a,
ASN00041110,19210213,PRCP,0,,,a,
ASN00041110,19210214,PRCP,0,,,a,
ASN00041110,19210215,PRCP,0,,,a,
ASN00041110,19210216,PRCP,0,,,a,
ASN00041110,19210217,PRCP,335,,,a,
ASN00041110,19210218,PRCP,318,,,a,
ASN00041110,19210219,PRCP,0,,,a,
ASN00041110,19210220,PRCP,0,,,a,
ASN00041110,19210221,PRCP,0,,,a,
ASN00041110,19210222,PRCP,0,,,a,
ASN00041110,19210223,PRCP,0,,,a,
ASN00041110,19210224,PRCP,0,,,a,
ASN00041110,19210225,PRCP,0,,,a,
ASN00041110,19210226,PRCP,0,,,a,
ASN00041110,19210227,PRCP,0,,,a,
ASN00041110,19210228,PRCP,0,,,a,
ASN00041110,19210301,PRCP,0,,,a,
ASN00041110,19210302,PRCP,0,,,a,
ASN00041110,19210303,PRCP,0,,,a,
ASN00041110,19210304,PRCP,30,,,a,
ASN00041110,19210305,PRCP,140,,,a,
ASN00041110,19210306,PRCP,0,,,a,
ASN00041110,19210307,PRCP,114,,,a,
ASN00041110,19210308,PRCP,0,,,a,
ASN00041110,19210309,PRCP,0,,,a,
ASN00041110,19210310,PRCP,0,,,a,
ASN00041110,19210311,PRCP,0,,,a,
ASN00041110,19210312,PRCP,0,,,a,
ASN00041110,19210313,PRCP,0,,,a,
ASN00041110,19210314,PRCP,0,,,a,
ASN00041110,19210315,PRCP,0,,,a,
ASN00041110,19210316,PRCP,0,,,a,
ASN00041110,19210317,PRCP,0,,,a,
ASN00041110,19210318,PRCP,0,,,a,
ASN00041110,19210319,PRCP,0,,,a,
ASN00041110,19210320,PRCP,0,,,a,
ASN00041110,19210321,PRCP,0,,,a,
ASN00041110,19210322,PRCP,0,,,a,
ASN00041110,19210323,PRCP,0,,,a,
ASN00041110,19210324,PRCP,0,,,a,
ASN00041110,19210325,PRCP,0,,,a,
ASN00041110,19210326,PRCP,0,,,a,
ASN00041110,19210327,PRCP,0,,,a,
ASN00041110,19210328,PRCP,0,,,a,
ASN00041110,19210329,PRCP,0,,,a,
ASN00041110,19210330,PRCP,0,,,a,
ASN00041110,19210331,PRCP,38,,,a,
ASN00041110,19210401,PRCP,0,,,a,
ASN00041110,19210402,PRCP,0,,,a,
ASN00041110,19210403,PRCP,0,,,a,
ASN00041110,19210404,PRCP,0,,,a,
ASN00041110,19210405,PRCP,0,,,a,
ASN00041110,19210406,PRCP,0,,,a,
ASN00041110,19210407,PRCP,0,,,a,
ASN00041110,19210408,PRCP,20,,,a,
ASN00041110,19210409,PRCP,0,,,a,
ASN00041110,19210410,PRCP,0,,,a,
ASN00041110,19210411,PRCP,0,,,a,
ASN00041110,19210412,PRCP,0,,,a,
ASN00041110,19210413,PRCP,0,,,a,
ASN00041110,19210414,PRCP,0,,,a,
ASN00041110,19210415,PRCP,0,,,a,
ASN00041110,19210416,PRCP,0,,,a,
ASN00041110,19210417,PRCP,0,,,a,
ASN00041110,19210418,PRCP,0,,,a,
ASN00041110,19210419,PRCP,0,,,a,
ASN00041110,19210420,PRCP,0,,,a,
ASN00041110,19210421,PRCP,0,,,a,
ASN00041110,19210422,PRCP,0,,,a,
ASN00041110,19210423,PRCP,0,,,a,
ASN00041110,19210424,PRCP,0,,,a,
ASN00041110,19210425,PRCP,0,,,a,
ASN00041110,19210426,PRCP,0,,,a,
ASN00041110,19210427,PRCP,0,,,a,
ASN00041110,19210428,PRCP,0,,,a,
ASN00041110,19210429,PRCP,0,,,a,
ASN00041110,19210430,PRCP,0,,,a,
ASN00041110,19210501,PRCP,0,,,a,
ASN00041110,19210502,PRCP,0,,,a,
ASN00041110,19210503,PRCP,0,,,a,
ASN00041110,19210504,PRCP,0,,,a,
ASN00041110,19210505,PRCP,0,,,a,
ASN00041110,19210506,PRCP,0,,,a,
ASN00041110,19210507,PRCP,0,,,a,
ASN00041110,19210508,PRCP,0,,,a,
ASN00041110,19210509,PRCP,0,,,a,
ASN00041110,19210510,PRCP,10,,,a,
ASN00041110,19210511,PRCP,0,,,a,
ASN00041110,19210512,PRCP,0,,,a,
ASN00041110,19210513,PRCP,0,,,a,
ASN00041110,19210514,PRCP,0,,,a,
ASN00041110,19210515,PRCP,0,,,a,
ASN00041110,19210516,PRCP,91,,,a,
ASN00041110,19210517,PRCP,0,,,a,
ASN00041110,19210518,PRCP,0,,,a,
ASN00041110,19210519,PRCP,0,,,a,
ASN00041110,19210520,PRCP,0,,,a,
ASN00041110,19210521,PRCP,25,,,a,
ASN00041110,19210522,PRCP,0,,,a,
ASN00041110,19210523,PRCP,0,,,a,
ASN00041110,19210524,PRCP,0,,,a,
ASN00041110,19210525,PRCP,0,,,a,
ASN00041110,19210526,PRCP,61,,,a,
ASN00041110,19210527,PRCP,0,,,a,
ASN00041110,19210528,PRCP,0,,,a,
ASN00041110,19210529,PRCP,145,,,a,
ASN00041110,19210530,PRCP,0,,,a,
ASN00041110,19210531,PRCP,0,,,a,
ASN00041110,19210601,PRCP,0,,,a,
ASN00041110,19210602,PRCP,0,,,a,
ASN00041110,19210603,PRCP,0,,,a,
ASN00041110,19210604,PRCP,145,,,a,
ASN00041110,19210605,PRCP,0,,,a,
ASN00041110,19210606,PRCP,0,,,a,
ASN00041110,19210607,PRCP,13,,,a,
ASN00041110,19210608,PRCP,0,,,a,
ASN00041110,19210609,PRCP,279,,,a,
ASN00041110,19210610,PRCP,508,,,a,
ASN00041110,19210611,PRCP,66,,,a,
ASN00041110,19210612,PRCP,0,,,a,
ASN00041110,19210613,PRCP,0,,,a,
ASN00041110,19210614,PRCP,0,,,a,
ASN00041110,19210615,PRCP,0,,,a,
ASN00041110,19210616,PRCP,0,,,a,
ASN00041110,19210617,PRCP,0,,,a,
ASN00041110,19210618,PRCP,178,,,a,
ASN00041110,19210619,PRCP,0,,,a,
ASN00041110,19210620,PRCP,0,,,a,
ASN00041110,19210621,PRCP,0,,,a,
ASN00041110,19210622,PRCP,0,,,a,
ASN00041110,19210623,PRCP,0,,,a,
ASN00041110,19210624,PRCP,0,,,a,
ASN00041110,19210625,PRCP,180,,,a,
ASN00041110,19210626,PRCP,0,,,a,
ASN00041110,19210627,PRCP,0,,,a,
ASN00041110,19210628,PRCP,0,,,a,
ASN00041110,19210629,PRCP,0,,,a,
ASN00041110,19210630,PRCP,0,,,a,
ASN00041110,19210701,PRCP,470,,,a,
ASN00041110,19210702,PRCP,109,,,a,
ASN00041110,19210703,PRCP,0,,,a,
ASN00041110,19210704,PRCP,0,,,a,
ASN00041110,19210705,PRCP,0,,,a,
ASN00041110,19210706,PRCP,0,,,a,
ASN00041110,19210707,PRCP,0,,,a,
ASN00041110,19210708,PRCP,0,,,a,
ASN00041110,19210709,PRCP,0,,,a,
ASN00041110,19210710,PRCP,0,,,a,
ASN00041110,19210711,PRCP,0,,,a,
ASN00041110,19210712,PRCP,0,,,a,
ASN00041110,19210713,PRCP,0,,,a,
ASN00041110,19210714,PRCP,0,,,a,
ASN00041110,19210715,PRCP,0,,,a,
ASN00041110,19210716,PRCP,0,,,a,
ASN00041110,19210717,PRCP,0,,,a,
ASN00041110,19210718,PRCP,0,,,a,
ASN00041110,19210719,PRCP,0,,,a,
ASN00041110,19210720,PRCP,0,,,a,
ASN00041110,19210721,PRCP,0,,,a,
ASN00041110,19210722,PRCP,140,,,a,
ASN00041110,19210723,PRCP,203,,,a,
ASN00041110,19210724,PRCP,76,,,a,
ASN00041110,19210725,PRCP,0,,,a,
ASN00041110,19210726,PRCP,0,,,a,
ASN00041110,19210727,PRCP,0,,,a,
ASN00041110,19210728,PRCP,0,,,a,
ASN00041110,19210729,PRCP,0,,,a,
ASN00041110,19210730,PRCP,0,,,a,
ASN00041110,19210731,PRCP,0,,,a,
ASN00041110,19210801,PRCP,0,,,a,
ASN00041110,19210802,PRCP,0,,,a,
ASN00041110,19210803,PRCP,0,,,a,
ASN00041110,19210804,PRCP,0,,,a,
ASN00041110,19210805,PRCP,0,,,a,
ASN00041110,19210806,PRCP,0,,,a,
ASN00041110,19210807,PRCP,0,,,a,
ASN00041110,19210808,PRCP,0,,,a,
ASN00041110,19210809,PRCP,0,,,a,
ASN00041110,19210810,PRCP,0,,,a,
ASN00041110,19210811,PRCP,0,,,a,
ASN00041110,19210812,PRCP,43,,,a,
ASN00041110,19210813,PRCP,0,,,a,
ASN00041110,19210814,PRCP,0,,,a,
ASN00041110,19210815,PRCP,0,,,a,
ASN00041110,19210816,PRCP,0,,,a,
ASN00041110,19210817,PRCP,0,,,a,
ASN00041110,19210818,PRCP,0,,,a,
ASN00041110,19210819,PRCP,0,,,a,
ASN00041110,19210820,PRCP,0,,,a,
ASN00041110,19210821,PRCP,0,,,a,
ASN00041110,19210822,PRCP,0,,,a,
ASN00041110,19210823,PRCP,0,,,a,
ASN00041110,19210824,PRCP,76,,,a,
ASN00041110,19210825,PRCP,0,,,a,
ASN00041110,19210826,PRCP,0,,,a,
ASN00041110,19210827,PRCP,0,,,a,
ASN00041110,19210828,PRCP,0,,,a,
ASN00041110,19210829,PRCP,0,,,a,
ASN00041110,19210830,PRCP,0,,,a,
ASN00041110,19210831,PRCP,0,,,a,
ASN00041110,19210901,PRCP,0,,,a,
ASN00041110,19210902,PRCP,0,,,a,
ASN00041110,19210903,PRCP,0,,,a,
ASN00041110,19210904,PRCP,0,,,a,
ASN00041110,19210905,PRCP,0,,,a,
ASN00041110,19210906,PRCP,0,,,a,
ASN00041110,19210907,PRCP,0,,,a,
ASN00041110,19210908,PRCP,0,,,a,
ASN00041110,19210909,PRCP,0,,,a,
ASN00041110,19210910,PRCP,0,,,a,
ASN00041110,19210911,PRCP,0,,,a,
ASN00041110,19210912,PRCP,0,,,a,
ASN00041110,19210913,PRCP,0,,,a,
ASN00041110,19210914,PRCP,216,,,a,
ASN00041110,19210915,PRCP,0,,,a,
ASN00041110,19210916,PRCP,0,,,a,
ASN00041110,19210917,PRCP,0,,,a,
ASN00041110,19210918,PRCP,0,,,a,
ASN00041110,19210919,PRCP,0,,,a,
ASN00041110,19210920,PRCP,0,,,a,
ASN00041110,19210921,PRCP,0,,,a,
ASN00041110,19210922,PRCP,0,,,a,
ASN00041110,19210923,PRCP,0,,,a,
ASN00041110,19210924,PRCP,0,,,a,
ASN00041110,19210925,PRCP,0,,,a,
ASN00041110,19210926,PRCP,0,,,a,
ASN00041110,19210927,PRCP,0,,,a,
ASN00041110,19210928,PRCP,0,,,a,
ASN00041110,19210929,PRCP,0,,,a,
ASN00041110,19210930,PRCP,0,,,a,
ASN00041110,19211001,PRCP,0,,,a,
ASN00041110,19211002,PRCP,191,,,a,
ASN00041110,19211003,PRCP,13,,,a,
ASN00041110,19211004,PRCP,0,,,a,
ASN00041110,19211005,PRCP,0,,,a,
ASN00041110,19211006,PRCP,0,,,a,
ASN00041110,19211007,PRCP,0,,,a,
ASN00041110,19211008,PRCP,0,,,a,
ASN00041110,19211009,PRCP,0,,,a,
ASN00041110,19211010,PRCP,0,,,a,
ASN00041110,19211011,PRCP,0,,,a,
ASN00041110,19211012,PRCP,0,,,a,
ASN00041110,19211013,PRCP,0,,,a,
ASN00041110,19211014,PRCP,28,,,a,
ASN00041110,19211015,PRCP,0,,,a,
ASN00041110,19211016,PRCP,0,,,a,
ASN00041110,19211017,PRCP,0,,,a,
ASN00041110,19211018,PRCP,0,,,a,
ASN00041110,19211019,PRCP,0,,,a,
ASN00041110,19211020,PRCP,0,,,a,
ASN00041110,19211021,PRCP,0,,,a,
ASN00041110,19211022,PRCP,0,,,a,
ASN00041110,19211023,PRCP,0,,,a,
ASN00041110,19211024,PRCP,0,,,a,
ASN00041110,19211025,PRCP,0,,,a,
ASN00041110,19211026,PRCP,0,,,a,
ASN00041110,19211027,PRCP,0,,,a,
ASN00041110,19211028,PRCP,0,,,a,
ASN00041110,19211029,PRCP,0,,,a,
ASN00041110,19211030,PRCP,0,,,a,
ASN00041110,19211031,PRCP,0,,,a,
ASN00041110,19211101,PRCP,0,,,a,
ASN00041110,19211102,PRCP,0,,,a,
ASN00041110,19211103,PRCP,0,,,a,
ASN00041110,19211104,PRCP,0,,,a,
ASN00041110,19211105,PRCP,0,,,a,
ASN00041110,19211106,PRCP,0,,,a,
ASN00041110,19211107,PRCP,0,,,a,
ASN00041110,19211108,PRCP,0,,,a,
ASN00041110,19211109,PRCP,0,,,a,
ASN00041110,19211110,PRCP,0,,,a,
ASN00041110,19211111,PRCP,0,,,a,
ASN00041110,19211112,PRCP,0,,,a,
ASN00041110,19211113,PRCP,38,,,a,
ASN00041110,19211114,PRCP,89,,,a,
ASN00041110,19211115,PRCP,0,,,a,
ASN00041110,19211116,PRCP,0,,,a,
ASN00041110,19211117,PRCP,0,,,a,
ASN00041110,19211118,PRCP,0,,,a,
ASN00041110,19211119,PRCP,0,,,a,
ASN00041110,19211120,PRCP,0,,,a,
ASN00041110,19211121,PRCP,0,,,a,
ASN00041110,19211122,PRCP,0,,,a,
ASN00041110,19211123,PRCP,0,,,a,
ASN00041110,19211124,PRCP,0,,,a,
ASN00041110,19211125,PRCP,0,,,a,
ASN00041110,19211126,PRCP,0,,,a,
ASN00041110,19211127,PRCP,292,,,a,
ASN00041110,19211128,PRCP,0,,,a,
ASN00041110,19211129,PRCP,0,,,a,
ASN00041110,19211130,PRCP,0,,,a,
ASN00041110,19211201,PRCP,0,,,a,
ASN00041110,19211202,PRCP,56,,,a,
ASN00041110,19211203,PRCP,0,,,a,
ASN00041110,19211204,PRCP,0,,,a,
ASN00041110,19211205,PRCP,0,,,a,
ASN00041110,19211206,PRCP,0,,,a,
ASN00041110,19211207,PRCP,0,,,a,
ASN00041110,19211208,PRCP,0,,,a,
ASN00041110,19211209,PRCP,0,,,a,
ASN00041110,19211210,PRCP,0,,,a,
ASN00041110,19211211,PRCP,254,,,a,
ASN00041110,19211212,PRCP,0,,,a,
ASN00041110,19211213,PRCP,0,,,a,
ASN00041110,19211214,PRCP,0,,,a,
ASN00041110,19211215,PRCP,0,,,a,
ASN00041110,19211216,PRCP,0,,,a,
ASN00041110,19211217,PRCP,0,,,a,
ASN00041110,19211218,PRCP,0,,,a,
ASN00041110,19211219,PRCP,0,,,a,
ASN00041110,19211220,PRCP,0,,,a,
ASN00041110,19211221,PRCP,0,,,a,
ASN00041110,19211222,PRCP,102,,,a,
ASN00041110,19211223,PRCP,0,,,a,
ASN00041110,19211224,PRCP,0,,,a,
ASN00041110,19211225,PRCP,0,,,a,
ASN00041110,19211226,PRCP,0,,,a,
ASN00041110,19211227,PRCP,559,,,a,
ASN00041110,19211228,PRCP,305,,,a,
ASN00041110,19211229,PRCP,241,,,a,
ASN00041110,19211230,PRCP,0,,,a,
ASN00041110,19211231,PRCP,0,,,a,
ASN00041110,19220101,PRCP,0,,,a,
ASN00041110,19220102,PRCP,0,,,a,
ASN00041110,19220103,PRCP,0,,,a,
ASN00041110,19220104,PRCP,0,,,a,
ASN00041110,19220105,PRCP,0,,,a,
ASN00041110,19220106,PRCP,0,,,a,
ASN00041110,19220107,PRCP,122,,,a,
ASN00041110,19220108,PRCP,0,,,a,
ASN00041110,19220109,PRCP,0,,,a,
ASN00041110,19220110,PRCP,0,,,a,
ASN00041110,19220111,PRCP,0,,,a,
ASN00041110,19220112,PRCP,0,,,a,
ASN00041110,19220113,PRCP,229,,,a,
ASN00041110,19220114,PRCP,0,,,a,
ASN00041110,19220115,PRCP,0,,,a,
ASN00041110,19220116,PRCP,0,,,a,
ASN00041110,19220117,PRCP,0,,,a,
ASN00041110,19220118,PRCP,0,,,a,
ASN00041110,19220119,PRCP,0,,,a,
ASN00041110,19220120,PRCP,0,,,a,
ASN00041110,19220121,PRCP,0,,,a,
ASN00041110,19220122,PRCP,0,,,a,
ASN00041110,19220123,PRCP,0,,,a,
ASN00041110,19220124,PRCP,0,,,a,
ASN00041110,19220125,PRCP,0,,,a,
ASN00041110,19220126,PRCP,0,,,a,
ASN00041110,19220127,PRCP,0,,,a,
ASN00041110,19220128,PRCP,0,,,a,
ASN00041110,19220129,PRCP,0,,,a,
ASN00041110,19220130,PRCP,0,,,a,
ASN00041110,19220131,PRCP,0,,,a,
ASN00041110,19220201,PRCP,0,,,a,
ASN00041110,19220202,PRCP,0,,,a,
ASN00041110,19220203,PRCP,0,,,a,
ASN00041110,19220204,PRCP,0,,,a,
ASN00041110,19220205,PRCP,0,,,a,
ASN00041110,19220206,PRCP,0,,,a,
ASN00041110,19220207,PRCP,0,,,a,
ASN00041110,19220208,PRCP,0,,,a,
ASN00041110,19220209,PRCP,165,,,a,
ASN00041110,19220210,PRCP,0,,,a,
ASN00041110,19220211,PRCP,0,,,a,
ASN00041110,19220212,PRCP,0,,,a,
ASN00041110,19220213,PRCP,0,,,a,
ASN00041110,19220214,PRCP,0,,,a,
ASN00041110,19220215,PRCP,0,,,a,
ASN00041110,19220216,PRCP,0,,,a,
ASN00041110,19220217,PRCP,0,,,a,
ASN00041110,19220218,PRCP,0,,,a,
ASN00041110,19220219,PRCP,0,,,a,
ASN00041110,19220220,PRCP,0,,,a,
ASN00041110,19220221,PRCP,0,,,a,
ASN00041110,19220222,PRCP,0,,,a,
ASN00041110,19220223,PRCP,0,,,a,
ASN00041110,19220224,PRCP,0,,,a,
ASN00041110,19220225,PRCP,0,,,a,
ASN00041110,19220226,PRCP,0,,,a,
ASN00041110,19220227,PRCP,0,,,a,
ASN00041110,19220228,PRCP,53,,,a,
ASN00041110,19220301,PRCP,0,,,a,
ASN00041110,19220302,PRCP,0,,,a,
ASN00041110,19220303,PRCP,0,,,a,
ASN00041110,19220304,PRCP,0,,,a,
ASN00041110,19220305,PRCP,0,,,a,
ASN00041110,19220306,PRCP,0,,,a,
ASN00041110,19220307,PRCP,198,,,a,
ASN00041110,19220308,PRCP,0,,,a,
ASN00041110,19220309,PRCP,0,,,a,
ASN00041110,19220310,PRCP,0,,,a,
ASN00041110,19220311,PRCP,0,,,a,
ASN00041110,19220312,PRCP,0,,,a,
ASN00041110,19220313,PRCP,43,,,a,
ASN00041110,19220314,PRCP,0,,,a,
ASN00041110,19220315,PRCP,0,,,a,
ASN00041110,19220316,PRCP,0,,,a,
ASN00041110,19220317,PRCP,0,,,a,
ASN00041110,19220318,PRCP,0,,,a,
ASN00041110,19220319,PRCP,0,,,a,
ASN00041110,19220320,PRCP,0,,,a,
ASN00041110,19220321,PRCP,0,,,a,
ASN00041110,19220322,PRCP,0,,,a,
ASN00041110,19220323,PRCP,0,,,a,
ASN00041110,19220324,PRCP,0,,,a,
ASN00041110,19220325,PRCP,0,,,a,
ASN00041110,19220326,PRCP,0,,,a,
ASN00041110,19220327,PRCP,0,,,a,
ASN00041110,19220328,PRCP,0,,,a,
ASN00041110,19220329,PRCP,0,,,a,
ASN00041110,19220330,PRCP,0,,,a,
ASN00041110,19220331,PRCP,0,,,a,
ASN00041110,19220401,PRCP,0,,,a,
ASN00041110,19220402,PRCP,0,,,a,
ASN00041110,19220403,PRCP,0,,,a,
ASN00041110,19220404,PRCP,0,,,a,
ASN00041110,19220405,PRCP,0,,,a,
ASN00041110,19220406,PRCP,0,,,a,
ASN00041110,19220407,PRCP,0,,,a,
ASN00041110,19220408,PRCP,0,,,a,
ASN00041110,19220409,PRCP,0,,,a,
ASN00041110,19220410,PRCP,0,,,a,
ASN00041110,19220411,PRCP,0,,,a,
ASN00041110,19220412,PRCP,0,,,a,
ASN00041110,19220413,PRCP,0,,,a,
ASN00041110,19220414,PRCP,0,,,a,
ASN00041110,19220415,PRCP,0,,,a,
ASN00041110,19220416,PRCP,0,,,a,
ASN00041110,19220417,PRCP,0,,,a,
ASN00041110,19220418,PRCP,0,,,a,
ASN00041110,19220419,PRCP,0,,,a,
ASN00041110,19220420,PRCP,0,,,a,
ASN00041110,19220421,PRCP,0,,,a,
ASN00041110,19220422,PRCP,0,,,a,
ASN00041110,19220423,PRCP,0,,,a,
ASN00041110,19220424,PRCP,0,,,a,
ASN00041110,19220425,PRCP,0,,,a,
ASN00041110,19220426,PRCP,0,,,a,
ASN00041110,19220427,PRCP,0,,,a,
ASN00041110,19220428,PRCP,0,,,a,
ASN00041110,19220429,PRCP,0,,,a,
ASN00041110,19220430,PRCP,0,,,a,
ASN00041110,19220501,PRCP,0,,,a,
ASN00041110,19220502,PRCP,0,,,a,
ASN00041110,19220503,PRCP,0,,,a,
ASN00041110,19220504,PRCP,0,,,a,
ASN00041110,19220505,PRCP,0,,,a,
ASN00041110,19220506,PRCP,0,,,a,
ASN00041110,19220507,PRCP,0,,,a,
ASN00041110,19220508,PRCP,0,,,a,
ASN00041110,19220509,PRCP,0,,,a,
ASN00041110,19220510,PRCP,0,,,a,
ASN00041110,19220511,PRCP,0,,,a,
ASN00041110,19220512,PRCP,0,,,a,
ASN00041110,19220513,PRCP,0,,,a,
ASN00041110,19220514,PRCP,0,,,a,
ASN00041110,19220515,PRCP,0,,,a,
ASN00041110,19220516,PRCP,0,,,a,
ASN00041110,19220517,PRCP,0,,,a,
ASN00041110,19220518,PRCP,0,,,a,
ASN00041110,19220519,PRCP,0,,,a,
ASN00041110,19220520,PRCP,0,,,a,
ASN00041110,19220521,PRCP,0,,,a,
ASN00041110,19220522,PRCP,0,,,a,
ASN00041110,19220523,PRCP,0,,,a,
ASN00041110,19220524,PRCP,0,,,a,
ASN00041110,19220525,PRCP,0,,,a,
ASN00041110,19220526,PRCP,0,,,a,
ASN00041110,19220527,PRCP,0,,,a,
ASN00041110,19220528,PRCP,0,,,a,
ASN00041110,19220529,PRCP,0,,,a,
ASN00041110,19220530,PRCP,0,,,a,
ASN00041110,19220531,PRCP,0,,,a,
ASN00041110,19220601,PRCP,0,,,a,
ASN00041110,19220602,PRCP,0,,,a,
ASN00041110,19220603,PRCP,0,,,a,
ASN00041110,19220604,PRCP,0,,,a,
ASN00041110,19220605,PRCP,0,,,a,
ASN00041110,19220606,PRCP,0,,,a,
ASN00041110,19220607,PRCP,0,,,a,
ASN00041110,19220608,PRCP,0,,,a,
ASN00041110,19220609,PRCP,0,,,a,
ASN00041110,19220610,PRCP,0,,,a,
ASN00041110,19220611,PRCP,0,,,a,
ASN00041110,19220612,PRCP,0,,,a,
ASN00041110,19220613,PRCP,0,,,a,
ASN00041110,19220614,PRCP,0,,,a,
ASN00041110,19220615,PRCP,0,,,a,
ASN00041110,19220616,PRCP,0,,,a,
ASN00041110,19220617,PRCP,0,,,a,
ASN00041110,19220618,PRCP,0,,,a,
ASN00041110,19220619,PRCP,0,,,a,
ASN00041110,19220620,PRCP,0,,,a,
ASN00041110,19220621,PRCP,173,,,a,
ASN00041110,19220622,PRCP,0,,,a,
ASN00041110,19220623,PRCP,0,,,a,
ASN00041110,19220624,PRCP,0,,,a,
ASN00041110,19220625,PRCP,0,,,a,
ASN00041110,19220626,PRCP,0,,,a,
ASN00041110,19220627,PRCP,41,,,a,
ASN00041110,19220628,PRCP,0,,,a,
ASN00041110,19220629,PRCP,185,,,a,
ASN00041110,19220630,PRCP,152,,,a,
ASN00041110,19220701,PRCP,0,,,a,
ASN00041110,19220702,PRCP,0,,,a,
ASN00041110,19220703,PRCP,0,,,a,
ASN00041110,19220704,PRCP,0,,,a,
ASN00041110,19220705,PRCP,0,,,a,
ASN00041110,19220706,PRCP,0,,,a,
ASN00041110,19220707,PRCP,0,,,a,
ASN00041110,19220708,PRCP,165,,,a,
ASN00041110,19220709,PRCP,0,,,a,
ASN00041110,19220710,PRCP,0,,,a,
ASN00041110,19220711,PRCP,0,,,a,
ASN00041110,19220712,PRCP,0,,,a,
ASN00041110,19220713,PRCP,0,,,a,
ASN00041110,19220714,PRCP,0,,,a,
ASN00041110,19220715,PRCP,0,,,a,
ASN00041110,19220716,PRCP,13,,,a,
ASN00041110,19220717,PRCP,0,,,a,
ASN00041110,19220718,PRCP,0,,,a,
ASN00041110,19220719,PRCP,0,,,a,
ASN00041110,19220720,PRCP,0,,,a,
ASN00041110,19220721,PRCP,0,,,a,
ASN00041110,19220722,PRCP,0,,,a,
ASN00041110,19220723,PRCP,381,,,a,
ASN00041110,19220724,PRCP,0,,,a,
ASN00041110,19220725,PRCP,0,,,a,
ASN00041110,19220726,PRCP,0,,,a,
ASN00041110,19220727,PRCP,0,,,a,
ASN00041110,19220728,PRCP,23,,,a,
ASN00041110,19220729,PRCP,0,,,a,
ASN00041110,19220730,PRCP,0,,,a,
ASN00041110,19220731,PRCP,0,,,a,
ASN00041110,19220801,PRCP,0,,,a,
ASN00041110,19220802,PRCP,0,,,a,
ASN00041110,19220803,PRCP,0,,,a,
ASN00041110,19220804,PRCP,0,,,a,
ASN00041110,19220805,PRCP,0,,,a,
ASN00041110,19220806,PRCP,0,,,a,
ASN00041110,19220807,PRCP,0,,,a,
ASN00041110,19220808,PRCP,0,,,a,
ASN00041110,19220809,PRCP,0,,,a,
ASN00041110,19220810,PRCP,0,,,a,
ASN00041110,19220811,PRCP,0,,,a,
ASN00041110,19220812,PRCP,0,,,a,
ASN00041110,19220813,PRCP,0,,,a,
ASN00041110,19220814,PRCP,0,,,a,
ASN00041110,19220815,PRCP,0,,,a,
ASN00041110,19220816,PRCP,0,,,a,
ASN00041110,19220817,PRCP,0,,,a,
ASN00041110,19220818,PRCP,0,,,a,
ASN00041110,19220819,PRCP,0,,,a,
ASN00041110,19220820,PRCP,0,,,a,
ASN00041110,19220821,PRCP,0,,,a,
ASN00041110,19220822,PRCP,0,,,a,
ASN00041110,19220823,PRCP,0,,,a,
ASN00041110,19220824,PRCP,0,,,a,
ASN00041110,19220825,PRCP,0,,,a,
ASN00041110,19220826,PRCP,0,,,a,
ASN00041110,19220827,PRCP,0,,,a,
ASN00041110,19220828,PRCP,0,,,a,
ASN00041110,19220829,PRCP,0,,,a,
ASN00041110,19220830,PRCP,0,,,a,
ASN00041110,19220831,PRCP,0,,,a,
ASN00041110,19220901,PRCP,0,,,a,
ASN00041110,19220902,PRCP,0,,,a,
ASN00041110,19220903,PRCP,0,,,a,
ASN00041110,19220904,PRCP,0,,,a,
ASN00041110,19220905,PRCP,0,,,a,
ASN00041110,19220906,PRCP,0,,,a,
ASN00041110,19220907,PRCP,0,,,a,
ASN00041110,19220908,PRCP,51,,,a,
ASN00041110,19220909,PRCP,0,,,a,
ASN00041110,19220910,PRCP,0,,,a,
ASN00041110,19220911,PRCP,0,,,a,
ASN00041110,19220912,PRCP,0,,,a,
ASN00041110,19220913,PRCP,254,,,a,
ASN00041110,19220914,PRCP,0,,,a,
ASN00041110,19220915,PRCP,0,,,a,
ASN00041110,19220916,PRCP,0,,,a,
ASN00041110,19220917,PRCP,69,,,a,
ASN00041110,19220918,PRCP,0,,,a,
ASN00041110,19220919,PRCP,0,,,a,
ASN00041110,19220920,PRCP,0,,,a,
ASN00041110,19220921,PRCP,0,,,a,
ASN00041110,19220922,PRCP,0,,,a,
ASN00041110,19220923,PRCP,0,,,a,
ASN00041110,19220924,PRCP,0,,,a,
ASN00041110,19220925,PRCP,0,,,a,
ASN00041110,19220926,PRCP,0,,,a,
ASN00041110,19220927,PRCP,0,,,a,
ASN00041110,19220928,PRCP,0,,,a,
ASN00041110,19220929,PRCP,0,,,a,
ASN00041110,19220930,PRCP,0,,,a,
ASN00041110,19221001,PRCP,0,,,a,
ASN00041110,19221002,PRCP,0,,,a,
ASN00041110,19221003,PRCP,0,,,a,
ASN00041110,19221004,PRCP,0,,,a,
ASN00041110,19221005,PRCP,0,,,a,
ASN00041110,19221006,PRCP,0,,,a,
ASN00041110,19221007,PRCP,0,,,a,
ASN00041110,19221008,PRCP,0,,,a,
ASN00041110,19221009,PRCP,0,,,a,
ASN00041110,19221010,PRCP,0,,,a,
ASN00041110,19221011,PRCP,0,,,a,
ASN00041110,19221012,PRCP,0,,,a,
ASN00041110,19221013,PRCP,0,,,a,
ASN00041110,19221014,PRCP,0,,,a,
ASN00041110,19221015,PRCP,0,,,a,
ASN00041110,19221016,PRCP,0,,,a,
ASN00041110,19221017,PRCP,203,,,a,
ASN00041110,19221018,PRCP,0,,,a,
ASN00041110,19221019,PRCP,0,,,a,
ASN00041110,19221020,PRCP,0,,,a,
ASN00041110,19221021,PRCP,0,,,a,
ASN00041110,19221022,PRCP,0,,,a,
ASN00041110,19221023,PRCP,0,,,a,
ASN00041110,19221024,PRCP,0,,,a,
ASN00041110,19221025,PRCP,0,,,a,
ASN00041110,19221026,PRCP,58,,,a,
ASN00041110,19221027,PRCP,0,,,a,
ASN00041110,19221028,PRCP,0,,,a,
ASN00041110,19221029,PRCP,0,,,a,
ASN00041110,19221030,PRCP,0,,,a,
ASN00041110,19221031,PRCP,0,,,a,
ASN00041110,19221101,PRCP,0,,,a,
ASN00041110,19221102,PRCP,0,,,a,
ASN00041110,19221103,PRCP,0,,,a,
ASN00041110,19221104,PRCP,0,,,a,
ASN00041110,19221105,PRCP,0,,,a,
ASN00041110,19221106,PRCP,0,,,a,
ASN00041110,19221107,PRCP,0,,,a,
ASN00041110,19221108,PRCP,0,,,a,
ASN00041110,19221109,PRCP,0,,,a,
ASN00041110,19221110,PRCP,0,,,a,
ASN00041110,19221111,PRCP,0,,,a,
ASN00041110,19221112,PRCP,0,,,a,
ASN00041110,19221113,PRCP,0,,,a,
ASN00041110,19221114,PRCP,0,,,a,
ASN00041110,19221115,PRCP,0,,,a,
ASN00041110,19221116,PRCP,0,,,a,
ASN00041110,19221117,PRCP,89,,,a,
ASN00041110,19221118,PRCP,0,,,a,
ASN00041110,19221119,PRCP,0,,,a,
ASN00041110,19221120,PRCP,0,,,a,
ASN00041110,19221121,PRCP,0,,,a,
ASN00041110,19221122,PRCP,0,,,a,
ASN00041110,19221123,PRCP,0,,,a,
ASN00041110,19221124,PRCP,0,,,a,
ASN00041110,19221125,PRCP,0,,,a,
ASN00041110,19221126,PRCP,0,,,a,
ASN00041110,19221127,PRCP,0,,,a,
ASN00041110,19221128,PRCP,0,,,a,
ASN00041110,19221129,PRCP,0,,,a,
ASN00041110,19221130,PRCP,0,,,a,
ASN00041110,19221201,PRCP,0,,,a,
ASN00041110,19221202,PRCP,0,,,a,
ASN00041110,19221203,PRCP,0,,,a,
ASN00041110,19221204,PRCP,0,,,a,
ASN00041110,19221205,PRCP,114,,,a,
ASN00041110,19221206,PRCP,15,,,a,
ASN00041110,19221207,PRCP,0,,,a,
ASN00041110,19221208,PRCP,89,,,a,
ASN00041110,19221209,PRCP,0,,,a,
ASN00041110,19221210,PRCP,0,,,a,
ASN00041110,19221211,PRCP,0,,,a,
ASN00041110,19221212,PRCP,76,,,a,
ASN00041110,19221213,PRCP,25,,,a,
ASN00041110,19221214,PRCP,0,,,a,
ASN00041110,19221215,PRCP,0,,,a,
ASN00041110,19221216,PRCP,0,,,a,
ASN00041110,19221217,PRCP,315,,,a,
ASN00041110,19221218,PRCP,0,,,a,
ASN00041110,19221219,PRCP,0,,,a,
ASN00041110,19221220,PRCP,0,,,a,
ASN00041110,19221221,PRCP,183,,,a,
ASN00041110,19221222,PRCP,0,,,a,
ASN00041110,19221223,PRCP,0,,,a,
ASN00041110,19221224,PRCP,0,,,a,
ASN00041110,19221225,PRCP,0,,,a,
ASN00041110,19221226,PRCP,216,,,a,
ASN00041110,19221227,PRCP,152,,,a,
ASN00041110,19221228,PRCP,0,,,a,
ASN00041110,19221229,PRCP,0,,,a,
ASN00041110,19221230,PRCP,0,,,a,
ASN00041110,19221231,PRCP,0,,,a,
ASN00041110,19230101,PRCP,0,,,a,
ASN00041110,19230102,PRCP,0,,,a,
ASN00041110,19230103,PRCP,0,,,a,
ASN00041110,19230104,PRCP,56,,,a,
ASN00041110,19230105,PRCP,64,,,a,
ASN00041110,19230106,PRCP,84,,,a,
ASN00041110,19230107,PRCP,89,,,a,
ASN00041110,19230108,PRCP,0,,,a,
ASN00041110,19230109,PRCP,0,,,a,
ASN00041110,19230110,PRCP,0,,,a,
ASN00041110,19230111,PRCP,0,,,a,
ASN00041110,19230112,PRCP,0,,,a,
ASN00041110,19230113,PRCP,0,,,a,
ASN00041110,19230114,PRCP,0,,,a,
ASN00041110,19230115,PRCP,0,,,a,
ASN00041110,19230116,PRCP,0,,,a,
ASN00041110,19230117,PRCP,0,,,a,
ASN00041110,19230118,PRCP,0,,,a,
ASN00041110,19230119,PRCP,0,,,a,
ASN00041110,19230120,PRCP,0,,,a,
ASN00041110,19230121,PRCP,0,,,a,
ASN00041110,19230122,PRCP,0,,,a,
ASN00041110,19230123,PRCP,0,,,a,
ASN00041110,19230124,PRCP,0,,,a,
ASN00041110,19230125,PRCP,0,,,a,
ASN00041110,19230126,PRCP,89,,,a,
ASN00041110,19230127,PRCP,0,,,a,
ASN00041110,19230128,PRCP,0,,,a,
ASN00041110,19230129,PRCP,0,,,a,
ASN00041110,19230130,PRCP,0,,,a,
ASN00041110,19230131,PRCP,0,,,a,
ASN00041110,19230201,PRCP,0,,,a,
ASN00041110,19230202,PRCP,0,,,a,
ASN00041110,19230203,PRCP,84,,,a,
ASN00041110,19230204,PRCP,0,,,a,
ASN00041110,19230205,PRCP,0,,,a,
ASN00041110,19230206,PRCP,0,,,a,
ASN00041110,19230207,PRCP,0,,,a,
ASN00041110,19230208,PRCP,0,,,a,
ASN00041110,19230209,PRCP,0,,,a,
ASN00041110,19230210,PRCP,0,,,a,
ASN00041110,19230211,PRCP,0,,,a,
ASN00041110,19230212,PRCP,0,,,a,
ASN00041110,19230213,PRCP,0,,,a,
ASN00041110,19230214,PRCP,0,,,a,
ASN00041110,19230215,PRCP,0,,,a,
ASN00041110,19230216,PRCP,0,,,a,
ASN00041110,19230217,PRCP,0,,,a,
ASN00041110,19230218,PRCP,0,,,a,
ASN00041110,19230219,PRCP,0,,,a,
ASN00041110,19230220,PRCP,0,,,a,
ASN00041110,19230221,PRCP,0,,,a,
ASN00041110,19230222,PRCP,0,,,a,
ASN00041110,19230223,PRCP,0,,,a,
ASN00041110,19230224,PRCP,0,,,a,
ASN00041110,19230225,PRCP,0,,,a,
ASN00041110,19230226,PRCP,0,,,a,
ASN00041110,19230227,PRCP,0,,,a,
ASN00041110,19230228,PRCP,0,,,a,
ASN00041110,19230301,PRCP,0,,,a,
ASN00041110,19230302,PRCP,71,,,a,
ASN00041110,19230303,PRCP,0,,,a,
ASN00041110,19230304,PRCP,0,,,a,
ASN00041110,19230305,PRCP,0,,,a,
ASN00041110,19230306,PRCP,0,,,a,
ASN00041110,19230307,PRCP,30,,,a,
ASN00041110,19230308,PRCP,0,,,a,
ASN00041110,19230309,PRCP,41,,,a,
ASN00041110,19230310,PRCP,0,,,a,
ASN00041110,19230311,PRCP,0,,,a,
ASN00041110,19230312,PRCP,0,,,a,
ASN00041110,19230313,PRCP,0,,,a,
ASN00041110,19230314,PRCP,0,,,a,
ASN00041110,19230315,PRCP,0,,,a,
ASN00041110,19230316,PRCP,0,,,a,
ASN00041110,19230317,PRCP,0,,,a,
ASN00041110,19230318,PRCP,0,,,a,
ASN00041110,19230319,PRCP,0,,,a,
ASN00041110,19230320,PRCP,0,,,a,
ASN00041110,19230321,PRCP,0,,,a,
ASN00041110,19230322,PRCP,0,,,a,
ASN00041110,19230323,PRCP,0,,,a,
ASN00041110,19230324,PRCP,0,,,a,
ASN00041110,19230325,PRCP,0,,,a,
ASN00041110,19230326,PRCP,0,,,a,
ASN00041110,19230327,PRCP,0,,,a,
ASN00041110,19230328,PRCP,0,,,a,
ASN00041110,19230329,PRCP,0,,,a,
ASN00041110,19230330,PRCP,0,,,a,
ASN00041110,19230331,PRCP,0,,,a,
ASN00041110,19230401,PRCP,0,,,a,
ASN00041110,19230402,PRCP,0,,,a,
ASN00041110,19230403,PRCP,0,,,a,
ASN00041110,19230404,PRCP,0,,,a,
ASN00041110,19230405,PRCP,0,,,a,
ASN00041110,19230406,PRCP,0,,,a,
ASN00041110,19230407,PRCP,0,,,a,
ASN00041110,19230408,PRCP,0,,,a,
ASN00041110,19230409,PRCP,0,,,a,
ASN00041110,19230410,PRCP,97,,,a,
ASN00041110,19230411,PRCP,0,,,a,
ASN00041110,19230412,PRCP,0,,,a,
ASN00041110,19230413,PRCP,0,,,a,
ASN00041110,19230414,PRCP,0,,,a,
ASN00041110,19230415,PRCP,0,,,a,
ASN00041110,19230416,PRCP,0,,,a,
ASN00041110,19230417,PRCP,0,,,a,
ASN00041110,19230418,PRCP,0,,,a,
ASN00041110,19230419,PRCP,0,,,a,
ASN00041110,19230420,PRCP,0,,,a,
ASN00041110,19230421,PRCP,0,,,a,
ASN00041110,19230422,PRCP,0,,,a,
ASN00041110,19230423,PRCP,0,,,a,
ASN00041110,19230424,PRCP,0,,,a,
ASN00041110,19230425,PRCP,0,,,a,
ASN00041110,19230426,PRCP,0,,,a,
ASN00041110,19230427,PRCP,0,,,a,
ASN00041110,19230428,PRCP,0,,,a,
ASN00041110,19230429,PRCP,0,,,a,
ASN00041110,19230430,PRCP,0,,,a,
ASN00041110,19230501,PRCP,0,,,a,
ASN00041110,19230502,PRCP,0,,,a,
ASN00041110,19230503,PRCP,0,,,a,
ASN00041110,19230504,PRCP,0,,,a,
ASN00041110,19230505,PRCP,0,,,a,
ASN00041110,19230506,PRCP,0,,,a,
ASN00041110,19230507,PRCP,0,,,a,
ASN00041110,19230508,PRCP,0,,,a,
ASN00041110,19230509,PRCP,25,,,a,
ASN00041110,19230510,PRCP,0,,,a,
ASN00041110,19230511,PRCP,0,,,a,
ASN00041110,19230512,PRCP,0,,,a,
ASN00041110,19230513,PRCP,0,,,a,
ASN00041110,19230514,PRCP,0,,,a,
ASN00041110,19230515,PRCP,0,,,a,
ASN00041110,19230516,PRCP,0,,,a,
ASN00041110,19230517,PRCP,0,,,a,
ASN00041110,19230518,PRCP,0,,,a,
ASN00041110,19230519,PRCP,0,,,a,
ASN00041110,19230520,PRCP,0,,,a,
ASN00041110,19230521,PRCP,0,,,a,
ASN00041110,19230522,PRCP,0,,,a,
ASN00041110,19230523,PRCP,0,,,a,
ASN00041110,19230524,PRCP,0,,,a,
ASN00041110,19230525,PRCP,0,,,a,
ASN00041110,19230526,PRCP,0,,,a,
ASN00041110,19230527,PRCP,0,,,a,
ASN00041110,19230528,PRCP,0,,,a,
ASN00041110,19230529,PRCP,0,,,a,
ASN00041110,19230530,PRCP,0,,,a,
ASN00041110,19230531,PRCP,0,,,a,
ASN00041110,19230601,PRCP,0,,,a,
ASN00041110,19230602,PRCP,0,,,a,
ASN00041110,19230603,PRCP,0,,,a,
ASN00041110,19230604,PRCP,338,,,a,
ASN00041110,19230605,PRCP,198,,,a,
ASN00041110,19230606,PRCP,0,,,a,
ASN00041110,19230607,PRCP,0,,,a,
ASN00041110,19230608,PRCP,0,,,a,
ASN00041110,19230609,PRCP,0,,,a,
ASN00041110,19230610,PRCP,0,,,a,
ASN00041110,19230611,PRCP,0,,,a,
ASN00041110,19230612,PRCP,0,,,a,
ASN00041110,19230613,PRCP,0,,,a,
ASN00041110,19230614,PRCP,0,,,a,
ASN00041110,19230615,PRCP,0,,,a,
ASN00041110,19230616,PRCP,0,,,a,
ASN00041110,19230617,PRCP,0,,,a,
ASN00041110,19230618,PRCP,0,,,a,
ASN00041110,19230619,PRCP,0,,,a,
ASN00041110,19230620,PRCP,0,,,a,
ASN00041110,19230621,PRCP,0,,,a,
ASN00041110,19230622,PRCP,0,,,a,
ASN00041110,19230623,PRCP,0,,,a,
ASN00041110,19230624,PRCP,0,,,a,
ASN00041110,19230625,PRCP,112,,,a,
ASN00041110,19230626,PRCP,0,,,a,
ASN00041110,19230627,PRCP,0,,,a,
ASN00041110,19230628,PRCP,0,,,a,
ASN00041110,19230629,PRCP,0,,,a,
ASN00041110,19230630,PRCP,0,,,a,
ASN00041110,19230701,PRCP,127,,,a,
ASN00041110,19230702,PRCP,0,,,a,
ASN00041110,19230703,PRCP,0,,,a,
ASN00041110,19230704,PRCP,0,,,a,
ASN00041110,19230705,PRCP,0,,,a,
ASN00041110,19230706,PRCP,0,,,a,
ASN00041110,19230707,PRCP,0,,,a,
ASN00041110,19230708,PRCP,0,,,a,
ASN00041110,19230709,PRCP,0,,,a,
ASN00041110,19230710,PRCP,0,,,a,
ASN00041110,19230711,PRCP,0,,,a,
ASN00041110,19230712,PRCP,0,,,a,
ASN00041110,19230713,PRCP,0,,,a,
ASN00041110,19230714,PRCP,0,,,a,
ASN00041110,19230715,PRCP,0,,,a,
ASN00041110,19230716,PRCP,0,,,a,
ASN00041110,19230717,PRCP,0,,,a,
ASN00041110,19230718,PRCP,0,,,a,
ASN00041110,19230719,PRCP,0,,,a,
ASN00041110,19230720,PRCP,0,,,a,
ASN00041110,19230721,PRCP,0,,,a,
ASN00041110,19230722,PRCP,0,,,a,
ASN00041110,19230723,PRCP,0,,,a,
ASN00041110,19230724,PRCP,0,,,a,
ASN00041110,19230725,PRCP,0,,,a,
ASN00041110,19230726,PRCP,0,,,a,
ASN00041110,19230727,PRCP,46,,,a,
ASN00041110,19230728,PRCP,0,,,a,
ASN00041110,19230729,PRCP,0,,,a,
ASN00041110,19230730,PRCP,89,,,a,
ASN00041110,19230731,PRCP,0,,,a,
ASN00041110,19230801,PRCP,0,,,a,
ASN00041110,19230802,PRCP,0,,,a,
ASN00041110,19230803,PRCP,0,,,a,
ASN00041110,19230804,PRCP,0,,,a,
ASN00041110,19230805,PRCP,0,,,a,
ASN00041110,19230806,PRCP,0,,,a,
ASN00041110,19230807,PRCP,0,,,a,
ASN00041110,19230808,PRCP,0,,,a,
ASN00041110,19230809,PRCP,0,,,a,
ASN00041110,19230810,PRCP,0,,,a,
ASN00041110,19230811,PRCP,0,,,a,
ASN00041110,19230812,PRCP,0,,,a,
ASN00041110,19230813,PRCP,0,,,a,
ASN00041110,19230814,PRCP,0,,,a,
ASN00041110,19230815,PRCP,0,,,a,
ASN00041110,19230816,PRCP,0,,,a,
ASN00041110,19230817,PRCP,0,,,a,
ASN00041110,19230818,PRCP,0,,,a,
ASN00041110,19230819,PRCP,0,,,a,
ASN00041110,19230820,PRCP,0,,,a,
ASN00041110,19230821,PRCP,0,,,a,
ASN00041110,19230822,PRCP,0,,,a,
ASN00041110,19230823,PRCP,0,,,a,
ASN00041110,19230824,PRCP,0,,,a,
ASN00041110,19230825,PRCP,0,,,a,
ASN00041110,19230826,PRCP,0,,,a,
ASN00041110,19230827,PRCP,0,,,a,
ASN00041110,19230828,PRCP,0,,,a,
ASN00041110,19230829,PRCP,0,,,a,
ASN00041110,19230830,PRCP,0,,,a,
ASN00041110,19230831,PRCP,0,,,a,
ASN00041110,19230901,PRCP,0,,,a,
ASN00041110,19230902,PRCP,0,,,a,
ASN00041110,19230903,PRCP,0,,,a,
ASN00041110,19230904,PRCP,508,,,a,
ASN00041110,19230905,PRCP,0,,,a,
ASN00041110,19230906,PRCP,0,,,a,
ASN00041110,19230907,PRCP,0,,,a,
ASN00041110,19230908,PRCP,0,,,a,
ASN00041110,19230909,PRCP,0,,,a,
ASN00041110,19230910,PRCP,0,,,a,
ASN00041110,19230911,PRCP,0,,,a,
ASN00041110,19230912,PRCP,0,,,a,
ASN00041110,19230913,PRCP,0,,,a,
ASN00041110,19230914,PRCP,0,,,a,
ASN00041110,19230915,PRCP,0,,,a,
ASN00041110,19230916,PRCP,0,,,a,
ASN00041110,19230917,PRCP,0,,,a,
ASN00041110,19230918,PRCP,0,,,a,
ASN00041110,19230919,PRCP,0,,,a,
ASN00041110,19230920,PRCP,0,,,a,
ASN00041110,19230921,PRCP,0,,,a,
ASN00041110,19230922,PRCP,0,,,a,
ASN00041110,19230923,PRCP,0,,,a,
ASN00041110,19230924,PRCP,0,,,a,
ASN00041110,19230925,PRCP,0,,,a,
ASN00041110,19230926,PRCP,0,,,a,
ASN00041110,19230927,PRCP,0,,,a,
ASN00041110,19230928,PRCP,25,,,a,
ASN00041110,19230929,PRCP,0,,,a,
ASN00041110,19230930,PRCP,0,,,a,
ASN00041110,19231001,PRCP,0,,,a,
ASN00041110,19231002,PRCP,0,,,a,
ASN00041110,19231003,PRCP,0,,,a,
ASN00041110,19231004,PRCP,0,,,a,
ASN00041110,19231005,PRCP,0,,,a,
ASN00041110,19231006,PRCP,0,,,a,
ASN00041110,19231007,PRCP,0,,,a,
ASN00041110,19231008,PRCP,0,,,a,
ASN00041110,19231009,PRCP,0,,,a,
ASN00041110,19231010,PRCP,0,,,a,
ASN00041110,19231011,PRCP,0,,,a,
ASN00041110,19231012,PRCP,0,,,a,
ASN00041110,19231013,PRCP,0,,,a,
ASN00041110,19231014,PRCP,0,,,a,
ASN00041110,19231015,PRCP,0,,,a,
ASN00041110,19231016,PRCP,0,,,a,
ASN00041110,19231017,PRCP,330,,,a,
ASN00041110,19231018,PRCP,0,,,a,
ASN00041110,19231019,PRCP,447,,,a,
ASN00041110,19231020,PRCP,0,,,a,
ASN00041110,19231021,PRCP,0,,,a,
ASN00041110,19231022,PRCP,0,,,a,
ASN00041110,19231023,PRCP,0,,,a,
ASN00041110,19231024,PRCP,0,,,a,
ASN00041110,19231025,PRCP,0,,,a,
ASN00041110,19231026,PRCP,0,,,a,
ASN00041110,19231027,PRCP,0,,,a,
ASN00041110,19231028,PRCP,0,,,a,
ASN00041110,19231029,PRCP,0,,,a,
ASN00041110,19231030,PRCP,0,,,a,
ASN00041110,19231031,PRCP,0,,,a,
ASN00041110,19231101,PRCP,0,,,a,
ASN00041110,19231102,PRCP,0,,,a,
ASN00041110,19231103,PRCP,0,,,a,
ASN00041110,19231104,PRCP,0,,,a,
ASN00041110,19231105,PRCP,0,,,a,
ASN00041110,19231106,PRCP,76,,,a,
ASN00041110,19231107,PRCP,0,,,a,
ASN00041110,19231108,PRCP,0,,,a,
ASN00041110,19231109,PRCP,38,,,a,
ASN00041110,19231110,PRCP,0,,,a,
ASN00041110,19231111,PRCP,0,,,a,
ASN00041110,19231112,PRCP,0,,,a,
ASN00041110,19231113,PRCP,0,,,a,
ASN00041110,19231114,PRCP,0,,,a,
ASN00041110,19231115,PRCP,0,,,a,
ASN00041110,19231116,PRCP,0,,,a,
ASN00041110,19231117,PRCP,0,,,a,
ASN00041110,19231118,PRCP,0,,,a,
ASN00041110,19231119,PRCP,0,,,a,
ASN00041110,19231120,PRCP,0,,,a,
ASN00041110,19231121,PRCP,0,,,a,
ASN00041110,19231122,PRCP,0,,,a,
ASN00041110,19231123,PRCP,0,,,a,
ASN00041110,19231124,PRCP,0,,,a,
ASN00041110,19231125,PRCP,0,,,a,
ASN00041110,19231126,PRCP,0,,,a,
ASN00041110,19231127,PRCP,0,,,a,
ASN00041110,19231128,PRCP,38,,,a,
ASN00041110,19231129,PRCP,0,,,a,
ASN00041110,19231130,PRCP,0,,,a,
ASN00041110,19231201,PRCP,0,,,a,
ASN00041110,19231202,PRCP,0,,,a,
ASN00041110,19231203,PRCP,102,,,a,
ASN00041110,19231204,PRCP,0,,,a,
ASN00041110,19231205,PRCP,193,,,a,
ASN00041110,19231206,PRCP,0,,,a,
ASN00041110,19231207,PRCP,0,,,a,
ASN00041110,19231208,PRCP,0,,,a,
ASN00041110,19231209,PRCP,0,,,a,
ASN00041110,19231210,PRCP,0,,,a,
ASN00041110,19231211,PRCP,0,,,a,
ASN00041110,19231212,PRCP,0,,,a,
ASN00041110,19231213,PRCP,0,,,a,
ASN00041110,19231214,PRCP,0,,,a,
ASN00041110,19231215,PRCP,0,,,a,
ASN00041110,19231216,PRCP,0,,,a,
ASN00041110,19231217,PRCP,0,,,a,
ASN00041110,19231218,PRCP,0,,,a,
ASN00041110,19231219,PRCP,0,,,a,
ASN00041110,19231220,PRCP,137,,,a,
ASN00041110,19231221,PRCP,102,,,a,
ASN00041110,19231222,PRCP,0,,,a,
ASN00041110,19231223,PRCP,0,,,a,
ASN00041110,19231224,PRCP,107,,,a,
ASN00041110,19231225,PRCP,234,,,a,
ASN00041110,19231226,PRCP,0,,,a,
ASN00041110,19231227,PRCP,292,,,a,
ASN00041110,19231228,PRCP,0,,,a,
ASN00041110,19231229,PRCP,0,,,a,
ASN00041110,19231230,PRCP,0,,,a,
ASN00041110,19231231,PRCP,0,,,a,
ASN00041110,19240101,PRCP,0,,,a,
ASN00041110,19240102,PRCP,0,,,a,
ASN00041110,19240103,PRCP,89,,,a,
ASN00041110,19240104,PRCP,0,,,a,
ASN00041110,19240105,PRCP,0,,,a,
ASN00041110,19240106,PRCP,894,,,a,
ASN00041110,19240107,PRCP,0,,,a,
ASN00041110,19240108,PRCP,0,,,a,
ASN00041110,19240109,PRCP,0,,,a,
ASN00041110,19240110,PRCP,0,,,a,
ASN00041110,19240111,PRCP,0,,,a,
ASN00041110,19240112,PRCP,0,,,a,
ASN00041110,19240113,PRCP,0,,,a,
ASN00041110,19240114,PRCP,0,,,a,
ASN00041110,19240115,PRCP,0,,,a,
ASN00041110,19240116,PRCP,0,,,a,
ASN00041110,19240117,PRCP,0,,,a,
ASN00041110,19240118,PRCP,0,,,a,
ASN00041110,19240119,PRCP,0,,,a,
ASN00041110,19240120,PRCP,0,,,a,
ASN00041110,19240121,PRCP,0,,,a,
ASN00041110,19240122,PRCP,74,,,a,
ASN00041110,19240123,PRCP,122,,,a,
ASN00041110,19240124,PRCP,102,,,a,
ASN00041110,19240125,PRCP,0,,,a,
ASN00041110,19240126,PRCP,0,,,a,
ASN00041110,19240127,PRCP,0,,,a,
ASN00041110,19240128,PRCP,0,,,a,
ASN00041110,19240129,PRCP,0,,,a,
ASN00041110,19240130,PRCP,0,,,a,
ASN00041110,19240131,PRCP,0,,,a,
ASN00041110,19240201,PRCP,0,,,a,
ASN00041110,19240202,PRCP,0,,,a,
ASN00041110,19240203,PRCP,89,,,a,
ASN00041110,19240204,PRCP,0,,,a,
ASN00041110,19240205,PRCP,0,,,a,
ASN00041110,19240206,PRCP,0,,,a,
ASN00041110,19240207,PRCP,89,,,a,
ASN00041110,19240208,PRCP,0,,,a,
ASN00041110,19240209,PRCP,0,,,a,
ASN00041110,19240210,PRCP,216,,,a,
ASN00041110,19240211,PRCP,122,,,a,
ASN00041110,19240212,PRCP,0,,,a,
ASN00041110,19240213,PRCP,0,,,a,
ASN00041110,19240214,PRCP,0,,,a,
ASN00041110,19240215,PRCP,30,,,a,
ASN00041110,19240216,PRCP,427,,,a,
ASN00041110,19240217,PRCP,0,,,a,
ASN00041110,19240218,PRCP,0,,,a,
ASN00041110,19240219,PRCP,465,,,a,
ASN00041110,19240220,PRCP,0,,,a,
ASN00041110,19240221,PRCP,0,,,a,
ASN00041110,19240222,PRCP,0,,,a,
ASN00041110,19240223,PRCP,41,,,a,
ASN00041110,19240224,PRCP,0,,,a,
ASN00041110,19240225,PRCP,0,,,a,
ASN00041110,19240226,PRCP,0,,,a,
ASN00041110,19240227,PRCP,0,,,a,
ASN00041110,19240228,PRCP,0,,,a,
ASN00041110,19240229,PRCP,0,,,a,
ASN00041110,19240301,PRCP,0,,,a,
ASN00041110,19240302,PRCP,0,,,a,
ASN00041110,19240303,PRCP,0,,,a,
ASN00041110,19240304,PRCP,0,,,a,
ASN00041110,19240305,PRCP,0,,,a,
ASN00041110,19240306,PRCP,0,,,a,
ASN00041110,19240307,PRCP,279,,,a,
ASN00041110,19240308,PRCP,386,,,a,
ASN00041110,19240309,PRCP,0,,,a,
ASN00041110,19240310,PRCP,0,,,a,
ASN00041110,19240311,PRCP,0,,,a,
ASN00041110,19240312,PRCP,0,,,a,
ASN00041110,19240313,PRCP,0,,,a,
ASN00041110,19240314,PRCP,0,,,a,
ASN00041110,19240315,PRCP,38,,,a,
ASN00041110,19240316,PRCP,0,,,a,
ASN00041110,19240317,PRCP,0,,,a,
ASN00041110,19240318,PRCP,0,,,a,
ASN00041110,19240319,PRCP,0,,,a,
ASN00041110,19240320,PRCP,0,,,a,
ASN00041110,19240321,PRCP,0,,,a,
ASN00041110,19240322,PRCP,0,,,a,
ASN00041110,19240323,PRCP,0,,,a,
ASN00041110,19240324,PRCP,0,,,a,
ASN00041110,19240325,PRCP,0,,,a,
ASN00041110,19240326,PRCP,0,,,a,
ASN00041110,19240327,PRCP,0,,,a,
ASN00041110,19240328,PRCP,165,,,a,
ASN00041110,19240329,PRCP,0,,,a,
ASN00041110,19240330,PRCP,0,,,a,
ASN00041110,19240331,PRCP,0,,,a,
ASN00041110,19240401,PRCP,0,,,a,
ASN00041110,19240402,PRCP,0,,,a,
ASN00041110,19240403,PRCP,142,,,a,
ASN00041110,19240404,PRCP,0,,,a,
ASN00041110,19240405,PRCP,0,,,a,
ASN00041110,19240406,PRCP,0,,,a,
ASN00041110,19240407,PRCP,0,,,a,
ASN00041110,19240408,PRCP,0,,,a,
ASN00041110,19240409,PRCP,163,,,a,
ASN00041110,19240410,PRCP,0,,,a,
ASN00041110,19240411,PRCP,0,,,a,
ASN00041110,19240412,PRCP,0,,,a,
ASN00041110,19240413,PRCP,0,,,a,
ASN00041110,19240414,PRCP,0,,,a,
ASN00041110,19240415,PRCP,0,,,a,
ASN00041110,19240416,PRCP,0,,,a,
ASN00041110,19240417,PRCP,0,,,a,
ASN00041110,19240418,PRCP,25,,,a,
ASN00041110,19240419,PRCP,5,,,a,
ASN00041110,19240420,PRCP,0,,,a,
ASN00041110,19240421,PRCP,0,,,a,
ASN00041110,19240422,PRCP,0,,,a,
ASN00041110,19240423,PRCP,0,,,a,
ASN00041110,19240424,PRCP,0,,,a,
ASN00041110,19240425,PRCP,0,,,a,
ASN00041110,19240426,PRCP,0,,,a,
ASN00041110,19240427,PRCP,0,,,a,
ASN00041110,19240428,PRCP,0,,,a,
ASN00041110,19240429,PRCP,0,,,a,
ASN00041110,19240430,PRCP,0,,,a,
ASN00041110,19240501,PRCP,0,,,a,
ASN00041110,19240502,PRCP,0,,,a,
ASN00041110,19240503,PRCP,0,,,a,
ASN00041110,19240504,PRCP,0,,,a,
ASN00041110,19240505,PRCP,0,,,a,
ASN00041110,19240506,PRCP,0,,,a,
ASN00041110,19240507,PRCP,0,,,a,
ASN00041110,19240508,PRCP,20,,,a,
ASN00041110,19240509,PRCP,0,,,a,
ASN00041110,19240510,PRCP,0,,,a,
ASN00041110,19240511,PRCP,0,,,a,
ASN00041110,19240512,PRCP,0,,,a,
ASN00041110,19240513,PRCP,0,,,a,
ASN00041110,19240514,PRCP,0,,,a,
ASN00041110,19240515,PRCP,0,,,a,
ASN00041110,19240516,PRCP,0,,,a,
ASN00041110,19240517,PRCP,0,,,a,
ASN00041110,19240518,PRCP,0,,,a,
ASN00041110,19240519,PRCP,0,,,a,
ASN00041110,19240520,PRCP,0,,,a,
ASN00041110,19240521,PRCP,0,,,a,
ASN00041110,19240522,PRCP,0,,,a,
ASN00041110,19240523,PRCP,0,,,a,
ASN00041110,19240524,PRCP,0,,,a,
ASN00041110,19240525,PRCP,0,,,a,
ASN00041110,19240526,PRCP,0,,,a,
ASN00041110,19240527,PRCP,0,,,a,
ASN00041110,19240528,PRCP,0,,,a,
ASN00041110,19240529,PRCP,0,,,a,
ASN00041110,19240530,PRCP,0,,,a,
ASN00041110,19240531,PRCP,0,,,a,
ASN00041110,19240601,PRCP,0,,,a,
ASN00041110,19240602,PRCP,0,,,a,
ASN00041110,19240603,PRCP,15,,,a,
ASN00041110,19240604,PRCP,0,,,a,
ASN00041110,19240605,PRCP,0,,,a,
ASN00041110,19240606,PRCP,0,,,a,
ASN00041110,19240607,PRCP,0,,,a,
ASN00041110,19240608,PRCP,0,,,a,
ASN00041110,19240609,PRCP,0,,,a,
ASN00041110,19240610,PRCP,25,,,a,
ASN00041110,19240611,PRCP,8,,,a,
ASN00041110,19240612,PRCP,97,,,a,
ASN00041110,19240613,PRCP,312,,,a,
ASN00041110,19240614,PRCP,0,,,a,
ASN00041110,19240615,PRCP,0,,,a,
ASN00041110,19240616,PRCP,0,,,a,
ASN00041110,19240617,PRCP,0,,,a,
ASN00041110,19240618,PRCP,0,,,a,
ASN00041110,19240619,PRCP,0,,,a,
ASN00041110,19240620,PRCP,0,,,a,
ASN00041110,19240621,PRCP,0,,,a,
ASN00041110,19240622,PRCP,0,,,a,
ASN00041110,19240623,PRCP,0,,,a,
ASN00041110,19240624,PRCP,0,,,a,
ASN00041110,19240625,PRCP,0,,,a,
ASN00041110,19240626,PRCP,0,,,a,
ASN00041110,19240627,PRCP,0,,,a,
ASN00041110,19240628,PRCP,0,,,a,
ASN00041110,19240629,PRCP,0,,,a,
ASN00041110,19240630,PRCP,0,,,a,
ASN00041110,19240701,PRCP,0,,,a,
ASN00041110,19240702,PRCP,0,,,a,
ASN00041110,19240703,PRCP,0,,,a,
ASN00041110,19240704,PRCP,0,,,a,
ASN00041110,19240705,PRCP,0,,,a,
ASN00041110,19240706,PRCP,0,,,a,
ASN00041110,19240707,PRCP,0,,,a,
ASN00041110,19240708,PRCP,71,,,a,
ASN00041110,19240709,PRCP,36,,,a,
ASN00041110,19240710,PRCP,0,,,a,
ASN00041110,19240711,PRCP,64,,,a,
ASN00041110,19240712,PRCP,0,,,a,
ASN00041110,19240713,PRCP,0,,,a,
ASN00041110,19240714,PRCP,0,,,a,
ASN00041110,19240715,PRCP,0,,,a,
ASN00041110,19240716,PRCP,0,,,a,
ASN00041110,19240717,PRCP,0,,,a,
ASN00041110,19240718,PRCP,0,,,a,
ASN00041110,19240719,PRCP,0,,,a,
ASN00041110,19240720,PRCP,0,,,a,
ASN00041110,19240721,PRCP,122,,,a,
ASN00041110,19240722,PRCP,46,,,a,
ASN00041110,19240723,PRCP,0,,,a,
ASN00041110,19240724,PRCP,0,,,a,
ASN00041110,19240725,PRCP,0,,,a,
ASN00041110,19240726,PRCP,0,,,a,
ASN00041110,19240727,PRCP,0,,,a,
ASN00041110,19240728,PRCP,0,,,a,
ASN00041110,19240729,PRCP,0,,,a,
ASN00041110,19240730,PRCP,0,,,a,
ASN00041110,19240731,PRCP,0,,,a,
ASN00041110,19240801,PRCP,0,,,a,
ASN00041110,19240802,PRCP,0,,,a,
ASN00041110,19240803,PRCP,0,,,a,
ASN00041110,19240804,PRCP,0,,,a,
ASN00041110,19240805,PRCP,0,,,a,
ASN00041110,19240806,PRCP,0,,,a,
ASN00041110,19240807,PRCP,0,,,a,
ASN00041110,19240808,PRCP,0,,,a,
ASN00041110,19240809,PRCP,0,,,a,
ASN00041110,19240810,PRCP,0,,,a,
ASN00041110,19240811,PRCP,0,,,a,
ASN00041110,19240812,PRCP,0,,,a,
ASN00041110,19240813,PRCP,0,,,a,
ASN00041110,19240814,PRCP,0,,,a,
ASN00041110,19240815,PRCP,0,,,a,
ASN00041110,19240816,PRCP,0,,,a,
ASN00041110,19240817,PRCP,0,,,a,
ASN00041110,19240818,PRCP,0,,,a,
ASN00041110,19240819,PRCP,38,,,a,
ASN00041110,19240820,PRCP,0,,,a,
ASN00041110,19240821,PRCP,0,,,a,
ASN00041110,19240822,PRCP,0,,,a,
ASN00041110,19240823,PRCP,0,,,a,
ASN00041110,19240824,PRCP,0,,,a,
ASN00041110,19240825,PRCP,0,,,a,
ASN00041110,19240826,PRCP,109,,,a,
ASN00041110,19240827,PRCP,13,,,a,
ASN00041110,19240828,PRCP,25,,,a,
ASN00041110,19240829,PRCP,114,,,a,
ASN00041110,19240830,PRCP,97,,,a,
ASN00041110,19240831,PRCP,0,,,a,
ASN00041110,19240901,PRCP,0,,,a,
ASN00041110,19240902,PRCP,0,,,a,
ASN00041110,19240903,PRCP,0,,,a,
ASN00041110,19240904,PRCP,0,,,a,
ASN00041110,19240905,PRCP,0,,,a,
ASN00041110,19240906,PRCP,0,,,a,
ASN00041110,19240907,PRCP,109,,,a,
ASN00041110,19240908,PRCP,0,,,a,
ASN00041110,19240909,PRCP,0,,,a,
ASN00041110,19240910,PRCP,0,,,a,
ASN00041110,19240911,PRCP,0,,,a,
ASN00041110,19240912,PRCP,30,,,a,
ASN00041110,19240913,PRCP,0,,,a,
ASN00041110,19240914,PRCP,0,,,a,
ASN00041110,19240915,PRCP,0,,,a,
ASN00041110,19240916,PRCP,0,,,a,
ASN00041110,19240917,PRCP,0,,,a,
ASN00041110,19240918,PRCP,0,,,a,
ASN00041110,19240919,PRCP,0,,,a,
ASN00041110,19240920,PRCP,0,,,a,
ASN00041110,19240921,PRCP,0,,,a,
ASN00041110,19240922,PRCP,0,,,a,
ASN00041110,19240923,PRCP,0,,,a,
ASN00041110,19240924,PRCP,163,,,a,
ASN00041110,19240925,PRCP,135,,,a,
ASN00041110,19240926,PRCP,0,,,a,
ASN00041110,19240927,PRCP,0,,,a,
ASN00041110,19240928,PRCP,0,,,a,
ASN00041110,19240929,PRCP,249,,,a,
ASN00041110,19240930,PRCP,0,,,a,
ASN00041110,19241001,PRCP,0,,,a,
ASN00041110,19241002,PRCP,0,,,a,
ASN00041110,19241003,PRCP,0,,,a,
ASN00041110,19241004,PRCP,0,,,a,
ASN00041110,19241005,PRCP,140,,,a,
ASN00041110,19241006,PRCP,0,,,a,
ASN00041110,19241007,PRCP,0,,,a,
ASN00041110,19241008,PRCP,0,,,a,
ASN00041110,19241009,PRCP,0,,,a,
ASN00041110,19241010,PRCP,0,,,a,
ASN00041110,19241011,PRCP,0,,,a,
ASN00041110,19241012,PRCP,0,,,a,
ASN00041110,19241013,PRCP,0,,,a,
ASN00041110,19241014,PRCP,0,,,a,
ASN00041110,19241015,PRCP,0,,,a,
ASN00041110,19241016,PRCP,0,,,a,
ASN00041110,19241017,PRCP,0,,,a,
ASN00041110,19241018,PRCP,0,,,a,
ASN00041110,19241019,PRCP,0,,,a,
ASN00041110,19241020,PRCP,64,,,a,
ASN00041110,19241021,PRCP,132,,,a,
ASN00041110,19241022,PRCP,0,,,a,
ASN00041110,19241023,PRCP,0,,,a,
ASN00041110,19241024,PRCP,25,,,a,
ASN00041110,19241025,PRCP,0,,,a,
ASN00041110,19241026,PRCP,0,,,a,
ASN00041110,19241027,PRCP,0,,,a,
ASN00041110,19241028,PRCP,0,,,a,
ASN00041110,19241029,PRCP,15,,,a,
ASN00041110,19241030,PRCP,0,,,a,
ASN00041110,19241031,PRCP,193,,,a,
ASN00041110,19241101,PRCP,0,,,a,
ASN00041110,19241102,PRCP,0,,,a,
ASN00041110,19241103,PRCP,0,,,a,
ASN00041110,19241104,PRCP,0,,,a,
ASN00041110,19241105,PRCP,0,,,a,
ASN00041110,19241106,PRCP,439,,,a,
ASN00041110,19241107,PRCP,51,,,a,
ASN00041110,19241108,PRCP,71,,,a,
ASN00041110,19241109,PRCP,0,,,a,
ASN00041110,19241110,PRCP,0,,,a,
ASN00041110,19241111,PRCP,0,,,a,
ASN00041110,19241112,PRCP,122,,,a,
ASN00041110,19241113,PRCP,366,,,a,
ASN00041110,19241114,PRCP,0,,,a,
ASN00041110,19241115,PRCP,0,,,a,
ASN00041110,19241116,PRCP,0,,,a,
ASN00041110,19241117,PRCP,0,,,a,
ASN00041110,19241118,PRCP,0,,,a,
ASN00041110,19241119,PRCP,0,,,a,
ASN00041110,19241120,PRCP,203,,,a,
ASN00041110,19241121,PRCP,0,,,a,
ASN00041110,19241122,PRCP,0,,,a,
ASN00041110,19241123,PRCP,610,,,a,
ASN00041110,19241124,PRCP,25,,,a,
ASN00041110,19241125,PRCP,0,,,a,
ASN00041110,19241126,PRCP,0,,,a,
ASN00041110,19241127,PRCP,0,,,a,
ASN00041110,19241128,PRCP,0,,,a,
ASN00041110,19241129,PRCP,0,,,a,
ASN00041110,19241130,PRCP,0,,,a,
ASN00041110,19241201,PRCP,0,,,a,
ASN00041110,19241202,PRCP,0,,,a,
ASN00041110,19241203,PRCP,0,,,a,
ASN00041110,19241204,PRCP,0,,,a,
ASN00041110,19241205,PRCP,0,,,a,
ASN00041110,19241206,PRCP,0,,,a,
ASN00041110,19241207,PRCP,0,,,a,
ASN00041110,19241208,PRCP,0,,,a,
ASN00041110,19241209,PRCP,0,,,a,
ASN00041110,19241210,PRCP,0,,,a,
ASN00041110,19241211,PRCP,0,,,a,
ASN00041110,19241212,PRCP,0,,,a,
ASN00041110,19241213,PRCP,0,,,a,
ASN00041110,19241214,PRCP,0,,,a,
ASN00041110,19241215,PRCP,64,,,a,
ASN00041110,19241216,PRCP,635,,,a,
ASN00041110,19241217,PRCP,0,,,a,
ASN00041110,19241218,PRCP,0,,,a,
ASN00041110,19241219,PRCP,0,,,a,
ASN00041110,19241220,PRCP,0,,,a,
ASN00041110,19241221,PRCP,0,,,a,
ASN00041110,19241222,PRCP,0,,,a,
ASN00041110,19241223,PRCP,0,,,a,
ASN00041110,19241224,PRCP,0,,,a,
ASN00041110,19241225,PRCP,0,,,a,
ASN00041110,19241226,PRCP,0,,,a,
ASN00041110,19241227,PRCP,0,,,a,
ASN00041110,19241228,PRCP,0,,,a,
ASN00041110,19241229,PRCP,0,,,a,
ASN00041110,19241230,PRCP,0,,,a,
ASN00041110,19241231,PRCP,71,,,a,
ASN00041110,19250101,PRCP,0,,,a,
ASN00041110,19250102,PRCP,343,,,a,
ASN00041110,19250103,PRCP,38,,,a,
ASN00041110,19250104,PRCP,389,,,a,
ASN00041110,19250105,PRCP,0,,,a,
ASN00041110,19250106,PRCP,0,,,a,
ASN00041110,19250107,PRCP,0,,,a,
ASN00041110,19250108,PRCP,0,,,a,
ASN00041110,19250109,PRCP,0,,,a,
ASN00041110,19250110,PRCP,0,,,a,
ASN00041110,19250111,PRCP,0,,,a,
ASN00041110,19250112,PRCP,0,,,a,
ASN00041110,19250113,PRCP,0,,,a,
ASN00041110,19250114,PRCP,0,,,a,
ASN00041110,19250115,PRCP,0,,,a,
ASN00041110,19250116,PRCP,0,,,a,
ASN00041110,19250117,PRCP,0,,,a,
ASN00041110,19250118,PRCP,0,,,a,
ASN00041110,19250119,PRCP,0,,,a,
ASN00041110,19250120,PRCP,0,,,a,
ASN00041110,19250121,PRCP,0,,,a,
ASN00041110,19250122,PRCP,0,,,a,
ASN00041110,19250123,PRCP,267,,,a,
ASN00041110,19250124,PRCP,0,,,a,
ASN00041110,19250125,PRCP,0,,,a,
ASN00041110,19250126,PRCP,279,,,a,
ASN00041110,19250127,PRCP,0,,,a,
ASN00041110,19250128,PRCP,0,,,a,
ASN00041110,19250129,PRCP,0,,,a,
ASN00041110,19250130,PRCP,0,,,a,
ASN00041110,19250131,PRCP,0,,,a,
ASN00041110,19250201,PRCP,0,,,a,
ASN00041110,19250202,PRCP,0,,,a,
ASN00041110,19250203,PRCP,0,,,a,
ASN00041110,19250204,PRCP,0,,,a,
ASN00041110,19250205,PRCP,0,,,a,
ASN00041110,19250206,PRCP,0,,,a,
ASN00041110,19250207,PRCP,0,,,a,
ASN00041110,19250208,PRCP,0,,,a,
ASN00041110,19250209,PRCP,0,,,a,
ASN00041110,19250210,PRCP,0,,,a,
ASN00041110,19250211,PRCP,0,,,a,
ASN00041110,19250212,PRCP,0,,,a,
ASN00041110,19250213,PRCP,0,,,a,
ASN00041110,19250214,PRCP,0,,,a,
ASN00041110,19250215,PRCP,0,,,a,
ASN00041110,19250216,PRCP,0,,,a,
ASN00041110,19250217,PRCP,0,,,a,
ASN00041110,19250218,PRCP,0,,,a,
ASN00041110,19250219,PRCP,0,,,a,
ASN00041110,19250220,PRCP,0,,,a,
ASN00041110,19250221,PRCP,0,,,a,
ASN00041110,19250222,PRCP,0,,,a,
ASN00041110,19250223,PRCP,0,,,a,
ASN00041110,19250224,PRCP,0,,,a,
ASN00041110,19250225,PRCP,704,,,a,
ASN00041110,19250226,PRCP,0,,,a,
ASN00041110,19250227,PRCP,0,,,a,
ASN00041110,19250228,PRCP,0,,,a,
ASN00041110,19250301,PRCP,0,,,a,
ASN00041110,19250302,PRCP,0,,,a,
ASN00041110,19250303,PRCP,0,,,a,
ASN00041110,19250304,PRCP,0,,,a,
ASN00041110,19250305,PRCP,140,,,a,
ASN00041110,19250306,PRCP,0,,,a,
ASN00041110,19250307,PRCP,0,,,a,
ASN00041110,19250308,PRCP,0,,,a,
ASN00041110,19250309,PRCP,0,,,a,
ASN00041110,19250310,PRCP,0,,,a,
ASN00041110,19250311,PRCP,0,,,a,
ASN00041110,19250312,PRCP,0,,,a,
ASN00041110,19250313,PRCP,0,,,a,
ASN00041110,19250314,PRCP,0,,,a,
ASN00041110,19250315,PRCP,0,,,a,
ASN00041110,19250316,PRCP,0,,,a,
ASN00041110,19250317,PRCP,0,,,a,
ASN00041110,19250318,PRCP,0,,,a,
ASN00041110,19250319,PRCP,0,,,a,
ASN00041110,19250320,PRCP,0,,,a,
ASN00041110,19250321,PRCP,0,,,a,
ASN00041110,19250322,PRCP,0,,,a,
ASN00041110,19250323,PRCP,0,,,a,
ASN00041110,19250324,PRCP,0,,,a,
ASN00041110,19250325,PRCP,0,,,a,
ASN00041110,19250326,PRCP,0,,,a,
ASN00041110,19250327,PRCP,0,,,a,
ASN00041110,19250328,PRCP,0,,,a,
ASN00041110,19250329,PRCP,0,,,a,
ASN00041110,19250330,PRCP,0,,,a,
ASN00041110,19250331,PRCP,0,,,a,
ASN00041110,19250401,PRCP,0,,,a,
ASN00041110,19250402,PRCP,0,,,a,
ASN00041110,19250403,PRCP,0,,,a,
ASN00041110,19250404,PRCP,0,,,a,
ASN00041110,19250405,PRCP,0,,,a,
ASN00041110,19250406,PRCP,0,,,a,
ASN00041110,19250407,PRCP,0,,,a,
ASN00041110,19250408,PRCP,0,,,a,
ASN00041110,19250409,PRCP,0,,,a,
ASN00041110,19250410,PRCP,0,,,a,
ASN00041110,19250411,PRCP,0,,,a,
ASN00041110,19250412,PRCP,0,,,a,
ASN00041110,19250413,PRCP,0,,,a,
ASN00041110,19250414,PRCP,0,,,a,
ASN00041110,19250415,PRCP,0,,,a,
ASN00041110,19250416,PRCP,0,,,a,
ASN00041110,19250417,PRCP,0,,,a,
ASN00041110,19250418,PRCP,0,,,a,
ASN00041110,19250419,PRCP,0,,,a,
ASN00041110,19250420,PRCP,0,,,a,
ASN00041110,19250421,PRCP,0,,,a,
ASN00041110,19250422,PRCP,0,,,a,
ASN00041110,19250423,PRCP,0,,,a,
ASN00041110,19250424,PRCP,0,,,a,
ASN00041110,19250425,PRCP,0,,,a,
ASN00041110,19250426,PRCP,0,,,a,
ASN00041110,19250427,PRCP,0,,,a,
ASN00041110,19250428,PRCP,0,,,a,
ASN00041110,19250429,PRCP,0,,,a,
ASN00041110,19250430,PRCP,0,,,a,
ASN00041110,19250501,PRCP,0,,,a,
ASN00041110,19250502,PRCP,0,,,a,
ASN00041110,19250503,PRCP,0,,,a,
ASN00041110,19250504,PRCP,0,,,a,
ASN00041110,19250505,PRCP,0,,,a,
ASN00041110,19250506,PRCP,0,,,a,
ASN00041110,19250507,PRCP,0,,,a,
ASN00041110,19250508,PRCP,122,,,a,
ASN00041110,19250509,PRCP,0,,,a,
ASN00041110,19250510,PRCP,0,,,a,
ASN00041110,19250511,PRCP,0,,,a,
ASN00041110,19250512,PRCP,0,,,a,
ASN00041110,19250513,PRCP,13,,,a,
ASN00041110,19250514,PRCP,0,,,a,
ASN00041110,19250515,PRCP,0,,,a,
ASN00041110,19250516,PRCP,0,,,a,
ASN00041110,19250517,PRCP,0,,,a,
ASN00041110,19250518,PRCP,0,,,a,
ASN00041110,19250519,PRCP,0,,,a,
ASN00041110,19250520,PRCP,0,,,a,
ASN00041110,19250521,PRCP,0,,,a,
ASN00041110,19250522,PRCP,0,,,a,
ASN00041110,19250523,PRCP,0,,,a,
ASN00041110,19250524,PRCP,0,,,a,
ASN00041110,19250525,PRCP,0,,,a,
ASN00041110,19250526,PRCP,312,,,a,
ASN00041110,19250527,PRCP,46,,,a,
ASN00041110,19250528,PRCP,0,,,a,
ASN00041110,19250529,PRCP,0,,,a,
ASN00041110,19250530,PRCP,0,,,a,
ASN00041110,19250531,PRCP,0,,,a,
ASN00041110,19250601,PRCP,0,,,a,
ASN00041110,19250602,PRCP,0,,,a,
ASN00041110,19250603,PRCP,0,,,a,
ASN00041110,19250604,PRCP,0,,,a,
ASN00041110,19250605,PRCP,0,,,a,
ASN00041110,19250606,PRCP,0,,,a,
ASN00041110,19250607,PRCP,0,,,a,
ASN00041110,19250608,PRCP,0,,,a,
ASN00041110,19250609,PRCP,0,,,a,
ASN00041110,19250610,PRCP,0,,,a,
ASN00041110,19250611,PRCP,0,,,a,
ASN00041110,19250612,PRCP,0,,,a,
ASN00041110,19250613,PRCP,0,,,a,
ASN00041110,19250614,PRCP,0,,,a,
ASN00041110,19250615,PRCP,0,,,a,
ASN00041110,19250616,PRCP,0,,,a,
ASN00041110,19250617,PRCP,0,,,a,
ASN00041110,19250618,PRCP,0,,,a,
ASN00041110,19250619,PRCP,0,,,a,
ASN00041110,19250620,PRCP,0,,,a,
ASN00041110,19250621,PRCP,0,,,a,
ASN00041110,19250622,PRCP,0,,,a,
ASN00041110,19250623,PRCP,0,,,a,
ASN00041110,19250624,PRCP,0,,,a,
ASN00041110,19250625,PRCP,0,,,a,
ASN00041110,19250626,PRCP,0,,,a,
ASN00041110,19250627,PRCP,0,,,a,
ASN00041110,19250628,PRCP,0,,,a,
ASN00041110,19250629,PRCP,0,,,a,
ASN00041110,19250630,PRCP,0,,,a,
ASN00041110,19250701,PRCP,0,,,a,
ASN00041110,19250702,PRCP,0,,,a,
ASN00041110,19250703,PRCP,0,,,a,
ASN00041110,19250704,PRCP,76,,,a,
ASN00041110,19250705,PRCP,0,,,a,
ASN00041110,19250706,PRCP,0,,,a,
ASN00041110,19250707,PRCP,0,,,a,
ASN00041110,19250708,PRCP,0,,,a,
ASN00041110,19250709,PRCP,0,,,a,
ASN00041110,19250710,PRCP,0,,,a,
ASN00041110,19250711,PRCP,114,,,a,
ASN00041110,19250712,PRCP,0,,,a,
ASN00041110,19250713,PRCP,0,,,a,
ASN00041110,19250714,PRCP,0,,,a,
ASN00041110,19250715,PRCP,0,,,a,
ASN00041110,19250716,PRCP,0,,,a,
ASN00041110,19250717,PRCP,0,,,a,
ASN00041110,19250718,PRCP,0,,,a,
ASN00041110,19250719,PRCP,0,,,a,
ASN00041110,19250720,PRCP,0,,,a,
ASN00041110,19250721,PRCP,0,,,a,
ASN00041110,19250722,PRCP,0,,,a,
ASN00041110,19250723,PRCP,0,,,a,
ASN00041110,19250724,PRCP,0,,,a,
ASN00041110,19250725,PRCP,0,,,a,
ASN00041110,19250726,PRCP,0,,,a,
ASN00041110,19250727,PRCP,0,,,a,
ASN00041110,19250728,PRCP,28,,,a,
ASN00041110,19250729,PRCP,0,,,a,
ASN00041110,19250730,PRCP,0,,,a,
ASN00041110,19250731,PRCP,0,,,a,
ASN00041110,19250801,PRCP,0,,,a,
ASN00041110,19250802,PRCP,0,,,a,
ASN00041110,19250803,PRCP,0,,,a,
ASN00041110,19250804,PRCP,0,,,a,
ASN00041110,19250805,PRCP,0,,,a,
ASN00041110,19250806,PRCP,0,,,a,
ASN00041110,19250807,PRCP,0,,,a,
ASN00041110,19250808,PRCP,0,,,a,
ASN00041110,19250809,PRCP,612,,,a,
ASN00041110,19250810,PRCP,0,,,a,
ASN00041110,19250811,PRCP,33,,,a,
ASN00041110,19250812,PRCP,0,,,a,
ASN00041110,19250813,PRCP,0,,,a,
ASN00041110,19250814,PRCP,0,,,a,
ASN00041110,19250815,PRCP,0,,,a,
ASN00041110,19250816,PRCP,0,,,a,
ASN00041110,19250817,PRCP,0,,,a,
ASN00041110,19250818,PRCP,0,,,a,
ASN00041110,19250819,PRCP,0,,,a,
ASN00041110,19250820,PRCP,127,,,a,
ASN00041110,19250821,PRCP,0,,,a,
ASN00041110,19250822,PRCP,64,,,a,
ASN00041110,19250823,PRCP,0,,,a,
ASN00041110,19250824,PRCP,0,,,a,
ASN00041110,19250825,PRCP,0,,,a,
ASN00041110,19250826,PRCP,0,,,a,
ASN00041110,19250827,PRCP,0,,,a,
ASN00041110,19250828,PRCP,0,,,a,
ASN00041110,19250829,PRCP,432,,,a,
ASN00041110,19250830,PRCP,0,,,a,
ASN00041110,19250831,PRCP,0,,,a,
ASN00041110,19250901,PRCP,0,,,a,
ASN00041110,19250902,PRCP,0,,,a,
ASN00041110,19250903,PRCP,0,,,a,
ASN00041110,19250904,PRCP,0,,,a,
ASN00041110,19250905,PRCP,0,,,a,
ASN00041110,19250906,PRCP,0,,,a,
ASN00041110,19250907,PRCP,0,,,a,
ASN00041110,19250908,PRCP,0,,,a,
ASN00041110,19250909,PRCP,0,,,a,
ASN00041110,19250910,PRCP,0,,,a,
ASN00041110,19250911,PRCP,0,,,a,
ASN00041110,19250912,PRCP,0,,,a,
ASN00041110,19250913,PRCP,0,,,a,
ASN00041110,19250914,PRCP,0,,,a,
ASN00041110,19250915,PRCP,0,,,a,
ASN00041110,19250916,PRCP,20,,,a,
ASN00041110,19250917,PRCP,0,,,a,
ASN00041110,19250918,PRCP,0,,,a,
ASN00041110,19250919,PRCP,0,,,a,
ASN00041110,19250920,PRCP,0,,,a,
ASN00041110,19250921,PRCP,0,,,a,
ASN00041110,19250922,PRCP,0,,,a,
ASN00041110,19250923,PRCP,0,,,a,
ASN00041110,19250924,PRCP,0,,,a,
ASN00041110,19250925,PRCP,0,,,a,
ASN00041110,19250926,PRCP,0,,,a,
ASN00041110,19250927,PRCP,0,,,a,
ASN00041110,19250928,PRCP,0,,,a,
ASN00041110,19250929,PRCP,0,,,a,
ASN00041110,19250930,PRCP,0,,,a,
ASN00041110,19251001,PRCP,0,,,a,
ASN00041110,19251002,PRCP,0,,,a,
ASN00041110,19251003,PRCP,0,,,a,
ASN00041110,19251004,PRCP,0,,,a,
ASN00041110,19251005,PRCP,0,,,a,
ASN00041110,19251006,PRCP,0,,,a,
ASN00041110,19251007,PRCP,0,,,a,
ASN00041110,19251008,PRCP,0,,,a,
ASN00041110,19251009,PRCP,0,,,a,
ASN00041110,19251010,PRCP,0,,,a,
ASN00041110,19251011,PRCP,0,,,a,
ASN00041110,19251012,PRCP,0,,,a,
ASN00041110,19251013,PRCP,0,,,a,
ASN00041110,19251014,PRCP,25,,,a,
ASN00041110,19251015,PRCP,0,,,a,
ASN00041110,19251016,PRCP,0,,,a,
ASN00041110,19251017,PRCP,0,,,a,
ASN00041110,19251018,PRCP,0,,,a,
ASN00041110,19251019,PRCP,0,,,a,
ASN00041110,19251020,PRCP,0,,,a,
ASN00041110,19251021,PRCP,0,,,a,
ASN00041110,19251022,PRCP,0,,,a,
ASN00041110,19251023,PRCP,0,,,a,
ASN00041110,19251024,PRCP,0,,,a,
ASN00041110,19251025,PRCP,0,,,a,
ASN00041110,19251026,PRCP,0,,,a,
ASN00041110,19251027,PRCP,0,,,a,
ASN00041110,19251028,PRCP,0,,,a,
ASN00041110,19251029,PRCP,0,,,a,
ASN00041110,19251030,PRCP,0,,,a,
ASN00041110,19251031,PRCP,53,,,a,
ASN00041110,19251101,PRCP,0,,,a,
ASN00041110,19251102,PRCP,122,,,a,
ASN00041110,19251103,PRCP,0,,,a,
ASN00041110,19251104,PRCP,0,,,a,
ASN00041110,19251105,PRCP,0,,,a,
ASN00041110,19251106,PRCP,0,,,a,
ASN00041110,19251107,PRCP,206,,,a,
ASN00041110,19251108,PRCP,0,,,a,
ASN00041110,19251109,PRCP,0,,,a,
ASN00041110,19251110,PRCP,0,,,a,
ASN00041110,19251111,PRCP,0,,,a,
ASN00041110,19251112,PRCP,0,,,a,
ASN00041110,19251113,PRCP,0,,,a,
ASN00041110,19251114,PRCP,0,,,a,
ASN00041110,19251115,PRCP,0,,,a,
ASN00041110,19251116,PRCP,0,,,a,
ASN00041110,19251117,PRCP,84,,,a,
ASN00041110,19251118,PRCP,0,,,a,
ASN00041110,19251119,PRCP,0,,,a,
ASN00041110,19251120,PRCP,152,,,a,
ASN00041110,19251121,PRCP,0,,,a,
ASN00041110,19251122,PRCP,0,,,a,
ASN00041110,19251123,PRCP,0,,,a,
ASN00041110,19251124,PRCP,0,,,a,
ASN00041110,19251125,PRCP,0,,,a,
ASN00041110,19251126,PRCP,0,,,a,
ASN00041110,19251127,PRCP,0,,,a,
ASN00041110,19251128,PRCP,0,,,a,
ASN00041110,19251129,PRCP,0,,,a,
ASN00041110,19251130,PRCP,0,,,a,
ASN00041110,19251201,PRCP,69,,,a,
ASN00041110,19251202,PRCP,152,,,a,
ASN00041110,19251203,PRCP,127,,,a,
ASN00041110,19251204,PRCP,0,,,a,
ASN00041110,19251205,PRCP,0,,,a,
ASN00041110,19251206,PRCP,0,,,a,
ASN00041110,19251207,PRCP,0,,,a,
ASN00041110,19251208,PRCP,0,,,a,
ASN00041110,19251209,PRCP,0,,,a,
ASN00041110,19251210,PRCP,0,,,a,
ASN00041110,19251211,PRCP,0,,,a,
ASN00041110,19251212,PRCP,0,,,a,
ASN00041110,19251213,PRCP,0,,,a,
ASN00041110,19251214,PRCP,0,,,a,
ASN00041110,19251215,PRCP,0,,,a,
ASN00041110,19251216,PRCP,0,,,a,
ASN00041110,19251217,PRCP,0,,,a,
ASN00041110,19251218,PRCP,122,,,a,
ASN00041110,19251219,PRCP,0,,,a,
ASN00041110,19251220,PRCP,0,,,a,
ASN00041110,19251221,PRCP,0,,,a,
ASN00041110,19251222,PRCP,0,,,a,
ASN00041110,19251223,PRCP,0,,,a,
ASN00041110,19251224,PRCP,0,,,a,
ASN00041110,19251225,PRCP,0,,,a,
ASN00041110,19251226,PRCP,0,,,a,
ASN00041110,19251227,PRCP,0,,,a,
ASN00041110,19251228,PRCP,0,,,a,
ASN00041110,19251229,PRCP,0,,,a,
ASN00041110,19251230,PRCP,343,,,a,
ASN00041110,19251231,PRCP,25,,,a,
ASN00041110,19260101,PRCP,0,,,a,
ASN00041110,19260102,PRCP,0,,,a,
ASN00041110,19260103,PRCP,0,,,a,
ASN00041110,19260104,PRCP,0,,,a,
ASN00041110,19260105,PRCP,0,,,a,
ASN00041110,19260106,PRCP,396,,,a,
ASN00041110,19260107,PRCP,46,,,a,
ASN00041110,19260108,PRCP,0,,,a,
ASN00041110,19260109,PRCP,0,,,a,
ASN00041110,19260110,PRCP,0,,,a,
ASN00041110,19260111,PRCP,0,,,a,
ASN00041110,19260112,PRCP,0,,,a,
ASN00041110,19260113,PRCP,0,,,a,
ASN00041110,19260114,PRCP,81,,,a,
ASN00041110,19260115,PRCP,0,,,a,
ASN00041110,19260116,PRCP,0,,,a,
ASN00041110,19260117,PRCP,0,,,a,
ASN00041110,19260118,PRCP,0,,,a,
ASN00041110,19260119,PRCP,0,,,a,
ASN00041110,19260120,PRCP,368,,,a,
ASN00041110,19260121,PRCP,0,,,a,
ASN00041110,19260122,PRCP,0,,,a,
ASN00041110,19260123,PRCP,0,,,a,
ASN00041110,19260124,PRCP,0,,,a,
ASN00041110,19260125,PRCP,0,,,a,
ASN00041110,19260126,PRCP,0,,,a,
ASN00041110,19260127,PRCP,0,,,a,
ASN00041110,19260128,PRCP,0,,,a,
ASN00041110,19260129,PRCP,0,,,a,
ASN00041110,19260130,PRCP,0,,,a,
ASN00041110,19260131,PRCP,0,,,a,
ASN00041110,19260201,PRCP,0,,,a,
ASN00041110,19260202,PRCP,0,,,a,
ASN00041110,19260203,PRCP,0,,,a,
ASN00041110,19260204,PRCP,0,,,a,
ASN00041110,19260205,PRCP,0,,,a,
ASN00041110,19260206,PRCP,0,,,a,
ASN00041110,19260207,PRCP,0,,,a,
ASN00041110,19260208,PRCP,0,,,a,
ASN00041110,19260209,PRCP,0,,,a,
ASN00041110,19260210,PRCP,46,,,a,
ASN00041110,19260211,PRCP,0,,,a,
ASN00041110,19260212,PRCP,23,,,a,
ASN00041110,19260213,PRCP,0,,,a,
ASN00041110,19260214,PRCP,0,,,a,
ASN00041110,19260215,PRCP,0,,,a,
ASN00041110,19260216,PRCP,0,,,a,
ASN00041110,19260217,PRCP,0,,,a,
ASN00041110,19260218,PRCP,0,,,a,
ASN00041110,19260219,PRCP,0,,,a,
ASN00041110,19260220,PRCP,0,,,a,
ASN00041110,19260221,PRCP,0,,,a,
ASN00041110,19260222,PRCP,0,,,a,
ASN00041110,19260223,PRCP,0,,,a,
ASN00041110,19260224,PRCP,0,,,a,
ASN00041110,19260225,PRCP,0,,,a,
ASN00041110,19260226,PRCP,0,,,a,
ASN00041110,19260227,PRCP,0,,,a,
ASN00041110,19260228,PRCP,0,,,a,
ASN00041110,19260301,PRCP,0,,,a,
ASN00041110,19260302,PRCP,0,,,a,
ASN00041110,19260303,PRCP,0,,,a,
ASN00041110,19260304,PRCP,0,,,a,
ASN00041110,19260305,PRCP,0,,,a,
ASN00041110,19260306,PRCP,0,,,a,
ASN00041110,19260307,PRCP,0,,,a,
ASN00041110,19260308,PRCP,0,,,a,
ASN00041110,19260309,PRCP,0,,,a,
ASN00041110,19260310,PRCP,0,,,a,
ASN00041110,19260311,PRCP,0,,,a,
ASN00041110,19260312,PRCP,0,,,a,
ASN00041110,19260313,PRCP,0,,,a,
ASN00041110,19260314,PRCP,381,,,a,
ASN00041110,19260315,PRCP,455,,,a,
ASN00041110,19260316,PRCP,0,,,a,
ASN00041110,19260317,PRCP,0,,,a,
ASN00041110,19260318,PRCP,0,,,a,
ASN00041110,19260319,PRCP,0,,,a,
ASN00041110,19260320,PRCP,0,,,a,
ASN00041110,19260321,PRCP,0,,,a,
ASN00041110,19260322,PRCP,0,,,a,
ASN00041110,19260323,PRCP,0,,,a,
ASN00041110,19260324,PRCP,64,,,a,
ASN00041110,19260325,PRCP,0,,,a,
ASN00041110,19260326,PRCP,0,,,a,
ASN00041110,19260327,PRCP,0,,,a,
ASN00041110,19260328,PRCP,0,,,a,
ASN00041110,19260329,PRCP,0,,,a,
ASN00041110,19260330,PRCP,0,,,a,
ASN00041110,19260331,PRCP,0,,,a,
ASN00041110,19260401,PRCP,0,,,a,
ASN00041110,19260402,PRCP,0,,,a,
ASN00041110,19260403,PRCP,0,,,a,
ASN00041110,19260404,PRCP,0,,,a,
ASN00041110,19260405,PRCP,0,,,a,
ASN00041110,19260406,PRCP,0,,,a,
ASN00041110,19260407,PRCP,0,,,a,
ASN00041110,19260408,PRCP,30,,,a,
ASN00041110,19260409,PRCP,97,,,a,
ASN00041110,19260410,PRCP,0,,,a,
ASN00041110,19260411,PRCP,114,,,a,
ASN00041110,19260412,PRCP,0,,,a,
ASN00041110,19260413,PRCP,0,,,a,
ASN00041110,19260414,PRCP,0,,,a,
ASN00041110,19260415,PRCP,0,,,a,
ASN00041110,19260416,PRCP,0,,,a,
ASN00041110,19260417,PRCP,0,,,a,
ASN00041110,19260418,PRCP,0,,,a,
ASN00041110,19260419,PRCP,0,,,a,
ASN00041110,19260420,PRCP,0,,,a,
ASN00041110,19260421,PRCP,0,,,a,
ASN00041110,19260422,PRCP,0,,,a,
ASN00041110,19260423,PRCP,0,,,a,
ASN00041110,19260424,PRCP,64,,,a,
ASN00041110,19260425,PRCP,0,,,a,
ASN00041110,19260426,PRCP,0,,,a,
ASN00041110,19260427,PRCP,0,,,a,
ASN00041110,19260428,PRCP,0,,,a,
ASN00041110,19260429,PRCP,0,,,a,
ASN00041110,19260430,PRCP,0,,,a,
ASN00041110,19260501,PRCP,0,,,a,
ASN00041110,19260502,PRCP,0,,,a,
ASN00041110,19260503,PRCP,0,,,a,
ASN00041110,19260504,PRCP,0,,,a,
ASN00041110,19260505,PRCP,0,,,a,
ASN00041110,19260506,PRCP,0,,,a,
ASN00041110,19260507,PRCP,0,,,a,
ASN00041110,19260508,PRCP,0,,,a,
ASN00041110,19260509,PRCP,0,,,a,
ASN00041110,19260510,PRCP,119,,,a,
ASN00041110,19260511,PRCP,0,,,a,
ASN00041110,19260512,PRCP,0,,,a,
ASN00041110,19260513,PRCP,28,,,a,
ASN00041110,19260514,PRCP,0,,,a,
ASN00041110,19260515,PRCP,0,,,a,
ASN00041110,19260516,PRCP,0,,,a,
ASN00041110,19260517,PRCP,38,,,a,
ASN00041110,19260518,PRCP,0,,,a,
ASN00041110,19260519,PRCP,0,,,a,
ASN00041110,19260520,PRCP,0,,,a,
ASN00041110,19260521,PRCP,0,,,a,
ASN00041110,19260522,PRCP,0,,,a,
ASN00041110,19260523,PRCP,0,,,a,
ASN00041110,19260524,PRCP,0,,,a,
ASN00041110,19260525,PRCP,0,,,a,
ASN00041110,19260526,PRCP,0,,,a,
ASN00041110,19260527,PRCP,0,,,a,
ASN00041110,19260528,PRCP,0,,,a,
ASN00041110,19260529,PRCP,0,,,a,
ASN00041110,19260530,PRCP,0,,,a,
ASN00041110,19260531,PRCP,51,,,a,
ASN00041110,19260601,PRCP,0,,,a,
ASN00041110,19260602,PRCP,0,,,a,
ASN00041110,19260603,PRCP,0,,,a,
ASN00041110,19260604,PRCP,0,,,a,
ASN00041110,19260605,PRCP,0,,,a,
ASN00041110,19260606,PRCP,0,,,a,
ASN00041110,19260607,PRCP,0,,,a,
ASN00041110,19260608,PRCP,213,,,a,
ASN00041110,19260609,PRCP,0,,,a,
ASN00041110,19260610,PRCP,0,,,a,
ASN00041110,19260611,PRCP,0,,,a,
ASN00041110,19260612,PRCP,0,,,a,
ASN00041110,19260613,PRCP,0,,,a,
ASN00041110,19260614,PRCP,0,,,a,
ASN00041110,19260615,PRCP,0,,,a,
ASN00041110,19260616,PRCP,0,,,a,
ASN00041110,19260617,PRCP,0,,,a,
ASN00041110,19260618,PRCP,0,,,a,
ASN00041110,19260619,PRCP,0,,,a,
ASN00041110,19260620,PRCP,0,,,a,
ASN00041110,19260621,PRCP,0,,,a,
ASN00041110,19260622,PRCP,0,,,a,
ASN00041110,19260623,PRCP,0,,,a,
ASN00041110,19260624,PRCP,203,,,a,
ASN00041110,19260625,PRCP,0,,,a,
ASN00041110,19260626,PRCP,0,,,a,
ASN00041110,19260627,PRCP,0,,,a,
ASN00041110,19260628,PRCP,0,,,a,
ASN00041110,19260629,PRCP,0,,,a,
ASN00041110,19260630,PRCP,0,,,a,
ASN00041110,19260701,PRCP,0,,,a,
ASN00041110,19260702,PRCP,0,,,a,
ASN00041110,19260703,PRCP,0,,,a,
ASN00041110,19260704,PRCP,0,,,a,
ASN00041110,19260705,PRCP,0,,,a,
ASN00041110,19260706,PRCP,0,,,a,
ASN00041110,19260707,PRCP,114,,,a,
ASN00041110,19260708,PRCP,51,,,a,
ASN00041110,19260709,PRCP,0,,,a,
ASN00041110,19260710,PRCP,0,,,a,
ASN00041110,19260711,PRCP,0,,,a,
ASN00041110,19260712,PRCP,0,,,a,
ASN00041110,19260713,PRCP,0,,,a,
ASN00041110,19260714,PRCP,254,,,a,
ASN00041110,19260715,PRCP,0,,,a,
ASN00041110,19260716,PRCP,0,,,a,
ASN00041110,19260717,PRCP,0,,,a,
ASN00041110,19260718,PRCP,0,,,a,
ASN00041110,19260719,PRCP,0,,,a,
ASN00041110,19260720,PRCP,0,,,a,
ASN00041110,19260721,PRCP,0,,,a,
ASN00041110,19260722,PRCP,0,,,a,
ASN00041110,19260723,PRCP,0,,,a,
ASN00041110,19260724,PRCP,0,,,a,
ASN00041110,19260725,PRCP,0,,,a,
ASN00041110,19260726,PRCP,0,,,a,
ASN00041110,19260727,PRCP,0,,,a,
ASN00041110,19260728,PRCP,0,,,a,
ASN00041110,19260729,PRCP,0,,,a,
ASN00041110,19260730,PRCP,0,,,a,
ASN00041110,19260731,PRCP,0,,,a,
ASN00041110,19260801,PRCP,0,,,a,
ASN00041110,19260802,PRCP,0,,,a,
ASN00041110,19260803,PRCP,0,,,a,
ASN00041110,19260804,PRCP,0,,,a,
ASN00041110,19260805,PRCP,0,,,a,
ASN00041110,19260806,PRCP,0,,,a,
ASN00041110,19260807,PRCP,0,,,a,
ASN00041110,19260808,PRCP,0,,,a,
ASN00041110,19260809,PRCP,0,,,a,
ASN00041110,19260810,PRCP,0,,,a,
ASN00041110,19260811,PRCP,0,,,a,
ASN00041110,19260812,PRCP,0,,,a,
ASN00041110,19260813,PRCP,0,,,a,
ASN00041110,19260814,PRCP,0,,,a,
ASN00041110,19260815,PRCP,0,,,a,
ASN00041110,19260816,PRCP,0,,,a,
ASN00041110,19260817,PRCP,0,,,a,
ASN00041110,19260818,PRCP,0,,,a,
ASN00041110,19260819,PRCP,0,,,a,
ASN00041110,19260820,PRCP,0,,,a,
ASN00041110,19260821,PRCP,0,,,a,
ASN00041110,19260822,PRCP,0,,,a,
ASN00041110,19260823,PRCP,0,,,a,
ASN00041110,19260824,PRCP,0,,,a,
ASN00041110,19260825,PRCP,0,,,a,
ASN00041110,19260826,PRCP,0,,,a,
ASN00041110,19260827,PRCP,89,,,a,
ASN00041110,19260828,PRCP,0,,,a,
ASN00041110,19260829,PRCP,0,,,a,
ASN00041110,19260830,PRCP,0,,,a,
ASN00041110,19260831,PRCP,0,,,a,
ASN00041110,19260901,PRCP,0,,,a,
ASN00041110,19260902,PRCP,0,,,a,
ASN00041110,19260903,PRCP,0,,,a,
ASN00041110,19260904,PRCP,0,,,a,
ASN00041110,19260905,PRCP,0,,,a,
ASN00041110,19260906,PRCP,0,,,a,
ASN00041110,19260907,PRCP,0,,,a,
ASN00041110,19260908,PRCP,0,,,a,
ASN00041110,19260909,PRCP,0,,,a,
ASN00041110,19260910,PRCP,0,,,a,
ASN00041110,19260911,PRCP,0,,,a,
ASN00041110,19260912,PRCP,0,,,a,
ASN00041110,19260913,PRCP,0,,,a,
ASN00041110,19260914,PRCP,0,,,a,
ASN00041110,19260915,PRCP,0,,,a,
ASN00041110,19260916,PRCP,0,,,a,
ASN00041110,19260917,PRCP,0,,,a,
ASN00041110,19260918,PRCP,0,,,a,
ASN00041110,19260919,PRCP,0,,,a,
ASN00041110,19260920,PRCP,0,,,a,
ASN00041110,19260921,PRCP,0,,,a,
ASN00041110,19260922,PRCP,0,,,a,
ASN00041110,19260923,PRCP,0,,,a,
ASN00041110,19260924,PRCP,0,,,a,
ASN00041110,19260925,PRCP,0,,,a,
ASN00041110,19260926,PRCP,0,,,a,
ASN00041110,19260927,PRCP,0,,,a,
ASN00041110,19260928,PRCP,0,,,a,
ASN00041110,19260929,PRCP,0,,,a,
ASN00041110,19260930,PRCP,0,,,a,
ASN00041110,19261001,PRCP,0,,,a,
ASN00041110,19261002,PRCP,0,,,a,
ASN00041110,19261003,PRCP,0,,,a,
ASN00041110,19261004,PRCP,0,,,a,
ASN00041110,19261005,PRCP,0,,,a,
ASN00041110,19261006,PRCP,0,,,a,
ASN00041110,19261007,PRCP,0,,,a,
ASN00041110,19261008,PRCP,0,,,a,
ASN00041110,19261009,PRCP,0,,,a,
ASN00041110,19261010,PRCP,0,,,a,
ASN00041110,19261011,PRCP,0,,,a,
ASN00041110,19261012,PRCP,0,,,a,
ASN00041110,19261013,PRCP,0,,,a,
ASN00041110,19261014,PRCP,0,,,a,
ASN00041110,19261015,PRCP,0,,,a,
ASN00041110,19261016,PRCP,203,,,a,
ASN00041110,19261017,PRCP,0,,,a,
ASN00041110,19261018,PRCP,0,,,a,
ASN00041110,19261019,PRCP,0,,,a,
ASN00041110,19261020,PRCP,86,,,a,
ASN00041110,19261021,PRCP,23,,,a,
ASN00041110,19261022,PRCP,0,,,a,
ASN00041110,19261023,PRCP,0,,,a,
ASN00041110,19261024,PRCP,0,,,a,
ASN00041110,19261025,PRCP,0,,,a,
ASN00041110,19261026,PRCP,0,,,a,
ASN00041110,19261027,PRCP,0,,,a,
ASN00041110,19261028,PRCP,0,,,a,
ASN00041110,19261029,PRCP,0,,,a,
ASN00041110,19261030,PRCP,0,,,a,
ASN00041110,19261031,PRCP,0,,,a,
ASN00041110,19261101,PRCP,0,,,a,
ASN00041110,19261102,PRCP,0,,,a,
ASN00041110,19261103,PRCP,0,,,a,
ASN00041110,19261104,PRCP,0,,,a,
ASN00041110,19261105,PRCP,0,,,a,
ASN00041110,19261106,PRCP,0,,,a,
ASN00041110,19261107,PRCP,0,,,a,
ASN00041110,19261108,PRCP,0,,,a,
ASN00041110,19261109,PRCP,0,,,a,
ASN00041110,19261110,PRCP,0,,,a,
ASN00041110,19261111,PRCP,0,,,a,
ASN00041110,19261112,PRCP,0,,,a,
ASN00041110,19261113,PRCP,0,,,a,
ASN00041110,19261114,PRCP,0,,,a,
ASN00041110,19261115,PRCP,0,,,a,
ASN00041110,19261116,PRCP,0,,,a,
ASN00041110,19261117,PRCP,0,,,a,
ASN00041110,19261118,PRCP,0,,,a,
ASN00041110,19261119,PRCP,0,,,a,
ASN00041110,19261120,PRCP,0,,,a,
ASN00041110,19261121,PRCP,0,,,a,
ASN00041110,19261122,PRCP,0,,,a,
ASN00041110,19261123,PRCP,0,,,a,
ASN00041110,19261124,PRCP,0,,,a,
ASN00041110,19261125,PRCP,0,,,a,
ASN00041110,19261126,PRCP,0,,,a,
ASN00041110,19261127,PRCP,0,,,a,
ASN00041110,19261128,PRCP,0,,,a,
ASN00041110,19261129,PRCP,0,,,a,
ASN00041110,19261130,PRCP,0,,,a,
ASN00041110,19261201,PRCP,0,,,a,
ASN00041110,19261202,PRCP,0,,,a,
ASN00041110,19261203,PRCP,0,,,a,
ASN00041110,19261204,PRCP,0,,,a,
ASN00041110,19261205,PRCP,0,,,a,
ASN00041110,19261206,PRCP,58,,,a,
ASN00041110,19261207,PRCP,0,,,a,
ASN00041110,19261208,PRCP,0,,,a,
ASN00041110,19261209,PRCP,0,,,a,
ASN00041110,19261210,PRCP,0,,,a,
ASN00041110,19261211,PRCP,0,,,a,
ASN00041110,19261212,PRCP,0,,,a,
ASN00041110,19261213,PRCP,0,,,a,
ASN00041110,19261214,PRCP,0,,,a,
ASN00041110,19261215,PRCP,0,,,a,
ASN00041110,19261216,PRCP,356,,,a,
ASN00041110,19261217,PRCP,0,,,a,
ASN00041110,19261218,PRCP,0,,,a,
ASN00041110,19261219,PRCP,0,,,a,
ASN00041110,19261220,PRCP,0,,,a,
ASN00041110,19261221,PRCP,0,,,a,
ASN00041110,19261222,PRCP,0,,,a,
ASN00041110,19261223,PRCP,0,,,a,
ASN00041110,19261224,PRCP,0,,,a,
ASN00041110,19261225,PRCP,0,,,a,
ASN00041110,19261226,PRCP,46,,,a,
ASN00041110,19261227,PRCP,376,,,a,
ASN00041110,19261228,PRCP,0,,,a,
ASN00041110,19261229,PRCP,0,,,a,
ASN00041110,19261230,PRCP,0,,,a,
ASN00041110,19261231,PRCP,0,,,a,
ASN00041110,19270501,PRCP,0,,,a,
ASN00041110,19270502,PRCP,0,,,a,
ASN00041110,19270503,PRCP,0,,,a,
ASN00041110,19270504,PRCP,0,,,a,
ASN00041110,19270505,PRCP,0,,,a,
ASN00041110,19270506,PRCP,0,,,a,
ASN00041110,19270507,PRCP,0,,,a,
ASN00041110,19270508,PRCP,0,,,a,
ASN00041110,19270509,PRCP,0,,,a,
ASN00041110,19270510,PRCP,0,,,a,
ASN00041110,19270511,PRCP,0,,,a,
ASN00041110,19270512,PRCP,0,,,a,
ASN00041110,19270513,PRCP,0,,,a,
ASN00041110,19270514,PRCP,0,,,a,
ASN00041110,19270515,PRCP,0,,,a,
ASN00041110,19270516,PRCP,0,,,a,
ASN00041110,19270517,PRCP,0,,,a,
ASN00041110,19270518,PRCP,0,,,a,
ASN00041110,19270519,PRCP,0,,,a,
ASN00041110,19270520,PRCP,0,,,a,
ASN00041110,19270521,PRCP,0,,,a,
ASN00041110,19270522,PRCP,0,,,a,
ASN00041110,19270523,PRCP,0,,,a,
ASN00041110,19270524,PRCP,0,,,a,
ASN00041110,19270525,PRCP,0,,,a,
ASN00041110,19270526,PRCP,0,,,a,
ASN00041110,19270527,PRCP,0,,,a,
ASN00041110,19270528,PRCP,0,,,a,
ASN00041110,19270529,PRCP,0,,,a,
ASN00041110,19270530,PRCP,0,,,a,
ASN00041110,19270531,PRCP,0,,,a,
ASN00041110,19280101,PRCP,0,,,a,
ASN00041110,19280102,PRCP,0,,,a,
ASN00041110,19280103,PRCP,0,,,a,
ASN00041110,19280104,PRCP,0,,,a,
ASN00041110,19280105,PRCP,0,,,a,
ASN00041110,19280106,PRCP,15,,,a,
ASN00041110,19280107,PRCP,18,,,a,
ASN00041110,19280108,PRCP,33,,,a,
ASN00041110,19280109,PRCP,0,,,a,
ASN00041110,19280110,PRCP,0,,,a,
ASN00041110,19280111,PRCP,0,,,a,
ASN00041110,19280112,PRCP,0,,,a,
ASN00041110,19280113,PRCP,0,,,a,
ASN00041110,19280114,PRCP,0,,,a,
ASN00041110,19280115,PRCP,0,,,a,
ASN00041110,19280116,PRCP,0,,,a,
ASN00041110,19280117,PRCP,0,,,a,
ASN00041110,19280118,PRCP,0,,,a,
ASN00041110,19280119,PRCP,0,,,a,
ASN00041110,19280120,PRCP,48,,,a,
ASN00041110,19280121,PRCP,0,,,a,
ASN00041110,19280122,PRCP,0,,,a,
ASN00041110,19280123,PRCP,0,,,a,
ASN00041110,19280124,PRCP,15,,,a,
ASN00041110,19280125,PRCP,178,,,a,
ASN00041110,19280126,PRCP,0,,,a,
ASN00041110,19280127,PRCP,0,,,a,
ASN00041110,19280128,PRCP,257,,,a,
ASN00041110,19280129,PRCP,0,,,a,
ASN00041110,19280130,PRCP,0,,,a,
ASN00041110,19280131,PRCP,8,,,a,
ASN00041110,19280201,PRCP,0,,,a,
ASN00041110,19280202,PRCP,0,,,a,
ASN00041110,19280203,PRCP,0,,,a,
ASN00041110,19280204,PRCP,0,,,a,
ASN00041110,19280205,PRCP,0,,,a,
ASN00041110,19280206,PRCP,0,,,a,
ASN00041110,19280207,PRCP,0,,,a,
ASN00041110,19280208,PRCP,315,,,a,
ASN00041110,19280209,PRCP,25,,,a,
ASN00041110,19280210,PRCP,0,,,a,
ASN00041110,19280211,PRCP,0,,,a,
ASN00041110,19280212,PRCP,18,,,a,
ASN00041110,19280213,PRCP,0,,,a,
ASN00041110,19280214,PRCP,0,,,a,
ASN00041110,19280215,PRCP,236,,,a,
ASN00041110,19280216,PRCP,76,,,a,
ASN00041110,19280217,PRCP,18,,,a,
ASN00041110,19280218,PRCP,86,,,a,
ASN00041110,19280219,PRCP,277,,,a,
ASN00041110,19280220,PRCP,625,,,a,
ASN00041110,19280221,PRCP,99,,,a,
ASN00041110,19280222,PRCP,0,,,a,
ASN00041110,19280223,PRCP,51,,,a,
ASN00041110,19280224,PRCP,0,,,a,
ASN00041110,19280225,PRCP,0,,,a,
ASN00041110,19280226,PRCP,0,,,a,
ASN00041110,19280227,PRCP,0,,,a,
ASN00041110,19280228,PRCP,0,,,a,
ASN00041110,19280229,PRCP,0,,,a,
ASN00041110,19280301,PRCP,0,,,a,
ASN00041110,19280302,PRCP,0,,,a,
ASN00041110,19280303,PRCP,0,,,a,
ASN00041110,19280304,PRCP,0,,,a,
ASN00041110,19280305,PRCP,0,,,a,
ASN00041110,19280306,PRCP,0,,,a,
ASN00041110,19280307,PRCP,0,,,a,
ASN00041110,19280308,PRCP,0,,,a,
ASN00041110,19280309,PRCP,0,,,a,
ASN00041110,19280310,PRCP,0,,,a,
ASN00041110,19280311,PRCP,0,,,a,
ASN00041110,19280312,PRCP,0,,,a,
ASN00041110,19280313,PRCP,0,,,a,
ASN00041110,19280314,PRCP,0,,,a,
ASN00041110,19280315,PRCP,0,,,a,
ASN00041110,19280316,PRCP,198,,,a,
ASN00041110,19280317,PRCP,0,,,a,
ASN00041110,19280318,PRCP,0,,,a,
ASN00041110,19280319,PRCP,0,,,a,
ASN00041110,19280320,PRCP,0,,,a,
ASN00041110,19280321,PRCP,0,,,a,
ASN00041110,19280322,PRCP,0,,,a,
ASN00041110,19280323,PRCP,0,,,a,
ASN00041110,19280324,PRCP,0,,,a,
ASN00041110,19280325,PRCP,0,,,a,
ASN00041110,19280326,PRCP,0,,,a,
ASN00041110,19280327,PRCP,0,,,a,
ASN00041110,19280328,PRCP,218,,,a,
ASN00041110,19280329,PRCP,0,,,a,
ASN00041110,19280330,PRCP,13,,,a,
ASN00041110,19280331,PRCP,0,,,a,
ASN00041110,19280401,PRCP,0,,,a,
ASN00041110,19280402,PRCP,0,,,a,
ASN00041110,19280403,PRCP,36,,,a,
ASN00041110,19280404,PRCP,0,,,a,
ASN00041110,19280405,PRCP,0,,,a,
ASN00041110,19280406,PRCP,0,,,a,
ASN00041110,19280407,PRCP,150,,,a,
ASN00041110,19280408,PRCP,0,,,a,
ASN00041110,19280409,PRCP,0,,,a,
ASN00041110,19280410,PRCP,0,,,a,
ASN00041110,19280411,PRCP,0,,,a,
ASN00041110,19280412,PRCP,0,,,a,
ASN00041110,19280413,PRCP,0,,,a,
ASN00041110,19280414,PRCP,0,,,a,
ASN00041110,19280415,PRCP,0,,,a,
ASN00041110,19280416,PRCP,0,,,a,
ASN00041110,19280417,PRCP,0,,,a,
ASN00041110,19280418,PRCP,178,,,a,
ASN00041110,19280419,PRCP,71,,,a,
ASN00041110,19280420,PRCP,33,,,a,
ASN00041110,19280421,PRCP,0,,,a,
ASN00041110,19280422,PRCP,0,,,a,
ASN00041110,19280423,PRCP,64,,,a,
ASN00041110,19280424,PRCP,0,,,a,
ASN00041110,19280425,PRCP,0,,,a,
ASN00041110,19280426,PRCP,0,,,a,
ASN00041110,19280427,PRCP,0,,,a,
ASN00041110,19280428,PRCP,0,,,a,
ASN00041110,19280429,PRCP,0,,,a,
ASN00041110,19280430,PRCP,0,,,a,
ASN00041110,19280501,PRCP,0,,,a,
ASN00041110,19280502,PRCP,0,,,a,
ASN00041110,19280503,PRCP,0,,,a,
ASN00041110,19280504,PRCP,0,,,a,
ASN00041110,19280505,PRCP,0,,,a,
ASN00041110,19280506,PRCP,0,,,a,
ASN00041110,19280507,PRCP,0,,,a,
ASN00041110,19280508,PRCP,0,,,a,
ASN00041110,19280509,PRCP,8,,,a,
ASN00041110,19280510,PRCP,0,,,a,
ASN00041110,19280511,PRCP,15,,,a,
ASN00041110,19280512,PRCP,97,,,a,
ASN00041110,19280513,PRCP,0,,,a,
ASN00041110,19280514,PRCP,0,,,a,
ASN00041110,19280515,PRCP,0,,,a,
ASN00041110,19280516,PRCP,0,,,a,
ASN00041110,19280517,PRCP,0,,,a,
ASN00041110,19280518,PRCP,0,,,a,
ASN00041110,19280519,PRCP,0,,,a,
ASN00041110,19280520,PRCP,0,,,a,
ASN00041110,19280521,PRCP,0,,,a,
ASN00041110,19280522,PRCP,0,,,a,
ASN00041110,19280523,PRCP,0,,,a,
ASN00041110,19280524,PRCP,0,,,a,
ASN00041110,19280525,PRCP,0,,,a,
ASN00041110,19280526,PRCP,0,,,a,
ASN00041110,19280527,PRCP,0,,,a,
ASN00041110,19280528,PRCP,0,,,a,
ASN00041110,19280529,PRCP,23,,,a,
ASN00041110,19280530,PRCP,25,,,a,
ASN00041110,19280531,PRCP,0,,,a,
ASN00041110,19280601,PRCP,0,,,a,
ASN00041110,19280602,PRCP,0,,,a,
ASN00041110,19280603,PRCP,0,,,a,
ASN00041110,19280604,PRCP,0,,,a,
ASN00041110,19280605,PRCP,69,,,a,
ASN00041110,19280606,PRCP,0,,,a,
ASN00041110,19280607,PRCP,0,,,a,
ASN00041110,19280608,PRCP,0,,,a,
ASN00041110,19280609,PRCP,0,,,a,
ASN00041110,19280610,PRCP,0,,,a,
ASN00041110,19280611,PRCP,0,,,a,
ASN00041110,19280612,PRCP,0,,,a,
ASN00041110,19280613,PRCP,142,,,a,
ASN00041110,19280614,PRCP,53,,,a,
ASN00041110,19280615,PRCP,0,,,a,
ASN00041110,19280616,PRCP,0,,,a,
ASN00041110,19280617,PRCP,0,,,a,
ASN00041110,19280618,PRCP,0,,,a,
ASN00041110,19280619,PRCP,0,,,a,
ASN00041110,19280620,PRCP,25,,,a,
ASN00041110,19280621,PRCP,0,,,a,
ASN00041110,19280622,PRCP,0,,,a,
ASN00041110,19280623,PRCP,0,,,a,
ASN00041110,19280624,PRCP,0,,,a,
ASN00041110,19280625,PRCP,69,,,a,
ASN00041110,19280626,PRCP,86,,,a,
ASN00041110,19280627,PRCP,0,,,a,
ASN00041110,19280628,PRCP,0,,,a,
ASN00041110,19280629,PRCP,0,,,a,
ASN00041110,19280630,PRCP,0,,,a,
ASN00041110,19280701,PRCP,0,,,a,
ASN00041110,19280702,PRCP,0,,,a,
ASN00041110,19280703,PRCP,0,,,a,
ASN00041110,19280704,PRCP,0,,,a,
ASN00041110,19280705,PRCP,0,,,a,
ASN00041110,19280706,PRCP,0,,,a,
ASN00041110,19280707,PRCP,0,,,a,
ASN00041110,19280708,PRCP,0,,,a,
ASN00041110,19280709,PRCP,0,,,a,
ASN00041110,19280710,PRCP,0,,,a,
ASN00041110,19280711,PRCP,0,,,a,
ASN00041110,19280712,PRCP,0,,,a,
ASN00041110,19280713,PRCP,0,,,a,
ASN00041110,19280714,PRCP,69,,,a,
ASN00041110,19280715,PRCP,0,,,a,
ASN00041110,19280716,PRCP,117,,,a,
ASN00041110,19280717,PRCP,46,,,a,
ASN00041110,19280718,PRCP,0,,,a,
ASN00041110,19280719,PRCP,0,,,a,
ASN00041110,19280720,PRCP,0,,,a,
ASN00041110,19280721,PRCP,0,,,a,
ASN00041110,19280722,PRCP,0,,,a,
ASN00041110,19280723,PRCP,0,,,a,
ASN00041110,19280724,PRCP,0,,,a,
ASN00041110,19280725,PRCP,152,,,a,
ASN00041110,19280726,PRCP,0,,,a,
ASN00041110,19280727,PRCP,0,,,a,
ASN00041110,19280728,PRCP,0,,,a,
ASN00041110,19280729,PRCP,0,,,a,
ASN00041110,19280730,PRCP,0,,,a,
ASN00041110,19280731,PRCP,0,,,a,
ASN00041110,19280801,PRCP,0,,,a,
ASN00041110,19280802,PRCP,0,,,a,
ASN00041110,19280803,PRCP,0,,,a,
ASN00041110,19280804,PRCP,0,,,a,
ASN00041110,19280805,PRCP,0,,,a,
ASN00041110,19280806,PRCP,0,,,a,
ASN00041110,19280807,PRCP,0,,,a,
ASN00041110,19280808,PRCP,33,,,a,
ASN00041110,19280809,PRCP,13,,,a,
ASN00041110,19280810,PRCP,0,,,a,
ASN00041110,19280811,PRCP,0,,,a,
ASN00041110,19280812,PRCP,0,,,a,
ASN00041110,19280813,PRCP,0,,,a,
ASN00041110,19280814,PRCP,0,,,a,
ASN00041110,19280815,PRCP,0,,,a,
ASN00041110,19280816,PRCP,0,,,a,
ASN00041110,19280817,PRCP,0,,,a,
ASN00041110,19280818,PRCP,0,,,a,
ASN00041110,19280819,PRCP,0,,,a,
ASN00041110,19280820,PRCP,0,,,a,
ASN00041110,19280821,PRCP,0,,,a,
ASN00041110,19280822,PRCP,0,,,a,
ASN00041110,19280823,PRCP,0,,,a,
ASN00041110,19280824,PRCP,0,,,a,
ASN00041110,19280825,PRCP,0,,,a,
ASN00041110,19280826,PRCP,0,,,a,
ASN00041110,19280827,PRCP,0,,,a,
ASN00041110,19280828,PRCP,0,,,a,
ASN00041110,19280829,PRCP,0,,,a,
ASN00041110,19280830,PRCP,0,,,a,
ASN00041110,19280831,PRCP,0,,,a,
ASN00041110,19280901,PRCP,0,,,a,
ASN00041110,19280902,PRCP,0,,,a,
ASN00041110,19280903,PRCP,0,,,a,
ASN00041110,19280904,PRCP,0,,,a,
ASN00041110,19280905,PRCP,0,,,a,
ASN00041110,19280906,PRCP,0,,,a,
ASN00041110,19280907,PRCP,0,,,a,
ASN00041110,19280908,PRCP,0,,,a,
ASN00041110,19280909,PRCP,0,,,a,
ASN00041110,19280910,PRCP,0,,,a,
ASN00041110,19280911,PRCP,0,,,a,
ASN00041110,19280912,PRCP,0,,,a,
ASN00041110,19280913,PRCP,0,,,a,
ASN00041110,19280914,PRCP,0,,,a,
ASN00041110,19280915,PRCP,0,,,a,
ASN00041110,19280916,PRCP,0,,,a,
ASN00041110,19280917,PRCP,0,,,a,
ASN00041110,19280918,PRCP,0,,,a,
ASN00041110,19280919,PRCP,0,,,a,
ASN00041110,19280920,PRCP,0,,,a,
ASN00041110,19280921,PRCP,0,,,a,
ASN00041110,19280922,PRCP,0,,,a,
ASN00041110,19280923,PRCP,0,,,a,
ASN00041110,19280924,PRCP,0,,,a,
ASN00041110,19280925,PRCP,0,,,a,
ASN00041110,19280926,PRCP,0,,,a,
ASN00041110,19280927,PRCP,0,,,a,
ASN00041110,19280928,PRCP,0,,,a,
ASN00041110,19280929,PRCP,0,,,a,
ASN00041110,19280930,PRCP,0,,,a,
ASN00041110,19281001,PRCP,0,,,a,
ASN00041110,19281002,PRCP,0,,,a,
ASN00041110,19281003,PRCP,76,,,a,
ASN00041110,19281004,PRCP,0,,,a,
ASN00041110,19281005,PRCP,0,,,a,
ASN00041110,19281006,PRCP,0,,,a,
ASN00041110,19281007,PRCP,0,,,a,
ASN00041110,19281008,PRCP,0,,,a,
ASN00041110,19281009,PRCP,0,,,a,
ASN00041110,19281010,PRCP,0,,,a,
ASN00041110,19281011,PRCP,0,,,a,
ASN00041110,19281012,PRCP,0,,,a,
ASN00041110,19281013,PRCP,0,,,a,
ASN00041110,19281014,PRCP,0,,,a,
ASN00041110,19281015,PRCP,191,,,a,
ASN00041110,19281016,PRCP,18,,,a,
ASN00041110,19281017,PRCP,0,,,a,
ASN00041110,19281018,PRCP,0,,,a,
ASN00041110,19281019,PRCP,48,,,a,
ASN00041110,19281020,PRCP,0,,,a,
ASN00041110,19281021,PRCP,0,,,a,
ASN00041110,19281022,PRCP,0,,,a,
ASN00041110,19281023,PRCP,8,,,a,
ASN00041110,19281024,PRCP,0,,,a,
ASN00041110,19281025,PRCP,0,,,a,
ASN00041110,19281026,PRCP,0,,,a,
ASN00041110,19281027,PRCP,58,,,a,
ASN00041110,19281028,PRCP,0,,,a,
ASN00041110,19281029,PRCP,0,,,a,
ASN00041110,19281030,PRCP,0,,,a,
ASN00041110,19281031,PRCP,0,,,a,
ASN00041110,19281101,PRCP,0,,,a,
ASN00041110,19281102,PRCP,71,,,a,
ASN00041110,19281103,PRCP,0,,,a,
ASN00041110,19281104,PRCP,0,,,a,
ASN00041110,19281105,PRCP,56,,,a,
ASN00041110,19281106,PRCP,89,,,a,
ASN00041110,19281107,PRCP,0,,,a,
ASN00041110,19281108,PRCP,0,,,a,
ASN00041110,19281109,PRCP,0,,,a,
ASN00041110,19281110,PRCP,0,,,a,
ASN00041110,19281111,PRCP,0,,,a,
ASN00041110,19281112,PRCP,0,,,a,
ASN00041110,19281113,PRCP,0,,,a,
ASN00041110,19281114,PRCP,0,,,a,
ASN00041110,19281115,PRCP,0,,,a,
ASN00041110,19281116,PRCP,15,,,a,
ASN00041110,19281117,PRCP,0,,,a,
ASN00041110,19281118,PRCP,0,,,a,
ASN00041110,19281119,PRCP,0,,,a,
ASN00041110,19281120,PRCP,251,,,a,
ASN00041110,19281121,PRCP,15,,,a,
ASN00041110,19281122,PRCP,0,,,a,
ASN00041110,19281123,PRCP,0,,,a,
ASN00041110,19281124,PRCP,0,,,a,
ASN00041110,19281125,PRCP,0,,,a,
ASN00041110,19281126,PRCP,0,,,a,
ASN00041110,19281127,PRCP,234,,,a,
ASN00041110,19281128,PRCP,0,,,a,
ASN00041110,19281129,PRCP,0,,,a,
ASN00041110,19281130,PRCP,0,,,a,
ASN00041110,19281201,PRCP,0,,,a,
ASN00041110,19281202,PRCP,0,,,a,
ASN00041110,19281203,PRCP,0,,,a,
ASN00041110,19281204,PRCP,48,,,a,
ASN00041110,19281205,PRCP,226,,,a,
ASN00041110,19281206,PRCP,0,,,a,
ASN00041110,19281207,PRCP,0,,,a,
ASN00041110,19281208,PRCP,0,,,a,
ASN00041110,19281209,PRCP,0,,,a,
ASN00041110,19281210,PRCP,0,,,a,
ASN00041110,19281211,PRCP,0,,,a,
ASN00041110,19281212,PRCP,0,,,a,
ASN00041110,19281213,PRCP,0,,,a,
ASN00041110,19281214,PRCP,0,,,a,
ASN00041110,19281215,PRCP,0,,,a,
ASN00041110,19281216,PRCP,0,,,a,
ASN00041110,19281217,PRCP,20,,,a,
ASN00041110,19281218,PRCP,262,,,a,
ASN00041110,19281219,PRCP,0,,,a,
ASN00041110,19281220,PRCP,0,,,a,
ASN00041110,19281221,PRCP,0,,,a,
ASN00041110,19281222,PRCP,140,,,a,
ASN00041110,19281223,PRCP,0,,,a,
ASN00041110,19281224,PRCP,64,,,a,
ASN00041110,19281225,PRCP,0,,,a,
ASN00041110,19281226,PRCP,0,,,a,
ASN00041110,19281227,PRCP,0,,,a,
ASN00041110,19281228,PRCP,0,,,a,
ASN00041110,19281229,PRCP,64,,,a,
ASN00041110,19281230,PRCP,18,,,a,
ASN00041110,19281231,PRCP,15,,,a,
ASN00041110,19290101,PRCP,0,,,a,
ASN00041110,19290102,PRCP,0,,,a,
ASN00041110,19290103,PRCP,0,,,a,
ASN00041110,19290104,PRCP,0,,,a,
ASN00041110,19290105,PRCP,0,,,a,
ASN00041110,19290106,PRCP,0,,,a,
ASN00041110,19290107,PRCP,0,,,a,
ASN00041110,19290108,PRCP,0,,,a,
ASN00041110,19290109,PRCP,0,,,a,
ASN00041110,19290110,PRCP,0,,,a,
ASN00041110,19290111,PRCP,36,,,a,
ASN00041110,19290112,PRCP,48,,,a,
ASN00041110,19290113,PRCP,0,,,a,
ASN00041110,19290114,PRCP,0,,,a,
ASN00041110,19290115,PRCP,0,,,a,
ASN00041110,19290116,PRCP,0,,,a,
ASN00041110,19290117,PRCP,0,,,a,
ASN00041110,19290118,PRCP,0,,,a,
ASN00041110,19290119,PRCP,0,,,a,
ASN00041110,19290120,PRCP,71,,,a,
ASN00041110,19290121,PRCP,89,,,a,
ASN00041110,19290122,PRCP,0,,,a,
ASN00041110,19290123,PRCP,0,,,a,
ASN00041110,19290124,PRCP,0,,,a,
ASN00041110,19290125,PRCP,0,,,a,
ASN00041110,19290126,PRCP,0,,,a,
ASN00041110,19290127,PRCP,0,,,a,
ASN00041110,19290128,PRCP,0,,,a,
ASN00041110,19290129,PRCP,0,,,a,
ASN00041110,19290130,PRCP,0,,,a,
ASN00041110,19290131,PRCP,0,,,a,
ASN00041110,19290201,PRCP,0,,,a,
ASN00041110,19290202,PRCP,0,,,a,
ASN00041110,19290203,PRCP,0,,,a,
ASN00041110,19290204,PRCP,127,,,a,
ASN00041110,19290205,PRCP,53,,,a,
ASN00041110,19290206,PRCP,142,,,a,
ASN00041110,19290207,PRCP,0,,,a,
ASN00041110,19290208,PRCP,0,,,a,
ASN00041110,19290209,PRCP,137,,,a,
ASN00041110,19290210,PRCP,18,,,a,
ASN00041110,19290211,PRCP,0,,,a,
ASN00041110,19290212,PRCP,15,,,a,
ASN00041110,19290213,PRCP,150,,,a,
ASN00041110,19290214,PRCP,94,,,a,
ASN00041110,19290215,PRCP,0,,,a,
ASN00041110,19290216,PRCP,0,,,a,
ASN00041110,19290217,PRCP,277,,,a,
ASN00041110,19290218,PRCP,173,,,a,
ASN00041110,19290219,PRCP,0,,,a,
ASN00041110,19290220,PRCP,10,,,a,
ASN00041110,19290221,PRCP,8,,,a,
ASN00041110,19290222,PRCP,0,,,a,
ASN00041110,19290223,PRCP,0,,,a,
ASN00041110,19290224,PRCP,0,,,a,
ASN00041110,19290225,PRCP,0,,,a,
ASN00041110,19290226,PRCP,0,,,a,
ASN00041110,19290227,PRCP,0,,,a,
ASN00041110,19290228,PRCP,0,,,a,
ASN00041110,19290301,PRCP,0,,,a,
ASN00041110,19290302,PRCP,13,,,a,
ASN00041110,19290303,PRCP,0,,,a,
ASN00041110,19290304,PRCP,0,,,a,
ASN00041110,19290305,PRCP,0,,,a,
ASN00041110,19290306,PRCP,0,,,a,
ASN00041110,19290307,PRCP,0,,,a,
ASN00041110,19290308,PRCP,0,,,a,
ASN00041110,19290309,PRCP,0,,,a,
ASN00041110,19290310,PRCP,0,,,a,
ASN00041110,19290311,PRCP,0,,,a,
ASN00041110,19290312,PRCP,0,,,a,
ASN00041110,19290313,PRCP,0,,,a,
ASN00041110,19290314,PRCP,0,,,a,
ASN00041110,19290315,PRCP,0,,,a,
ASN00041110,19290316,PRCP,8,,,a,
ASN00041110,19290317,PRCP,48,,,a,
ASN00041110,19290318,PRCP,0,,,a,
ASN00041110,19290319,PRCP,0,,,a,
ASN00041110,19290320,PRCP,0,,,a,
ASN00041110,19290321,PRCP,0,,,a,
ASN00041110,19290322,PRCP,0,,,a,
ASN00041110,19290323,PRCP,0,,,a,
ASN00041110,19290324,PRCP,0,,,a,
ASN00041110,19290325,PRCP,0,,,a,
ASN00041110,19290326,PRCP,165,,,a,
ASN00041110,19290327,PRCP,0,,,a,
ASN00041110,19290328,PRCP,470,,,a,
ASN00041110,19290329,PRCP,13,,,a,
ASN00041110,19290330,PRCP,0,,,a,
ASN00041110,19290331,PRCP,0,,,a,
ASN00041110,19290401,PRCP,0,,,a,
ASN00041110,19290402,PRCP,43,,,a,
ASN00041110,19290403,PRCP,490,,,a,
ASN00041110,19290404,PRCP,419,,,a,
ASN00041110,19290405,PRCP,0,,,a,
ASN00041110,19290406,PRCP,0,,,a,
ASN00041110,19290407,PRCP,0,,,a,
ASN00041110,19290408,PRCP,0,,,a,
ASN00041110,19290409,PRCP,0,,,a,
ASN00041110,19290410,PRCP,0,,,a,
ASN00041110,19290411,PRCP,0,,,a,
ASN00041110,19290412,PRCP,0,,,a,
ASN00041110,19290413,PRCP,0,,,a,
ASN00041110,19290414,PRCP,0,,,a,
ASN00041110,19290415,PRCP,0,,,a,
ASN00041110,19290416,PRCP,0,,,a,
ASN00041110,19290417,PRCP,0,,,a,
ASN00041110,19290418,PRCP,0,,,a,
ASN00041110,19290419,PRCP,0,,,a,
ASN00041110,19290420,PRCP,0,,,a,
ASN00041110,19290421,PRCP,18,,,a,
ASN00041110,19290422,PRCP,23,,,a,
ASN00041110,19290423,PRCP,0,,,a,
ASN00041110,19290424,PRCP,0,,,a,
ASN00041110,19290425,PRCP,0,,,a,
ASN00041110,19290426,PRCP,0,,,a,
ASN00041110,19290427,PRCP,0,,,a,
ASN00041110,19290428,PRCP,0,,,a,
ASN00041110,19290429,PRCP,0,,,a,
ASN00041110,19290430,PRCP,0,,,a,
ASN00041110,19290501,PRCP,0,,,a,
ASN00041110,19290502,PRCP,0,,,a,
ASN00041110,19290503,PRCP,0,,,a,
ASN00041110,19290504,PRCP,0,,,a,
ASN00041110,19290505,PRCP,0,,,a,
ASN00041110,19290506,PRCP,0,,,a,
ASN00041110,19290507,PRCP,0,,,a,
ASN00041110,19290508,PRCP,0,,,a,
ASN00041110,19290509,PRCP,0,,,a,
ASN00041110,19290510,PRCP,0,,,a,
ASN00041110,19290511,PRCP,0,,,a,
ASN00041110,19290512,PRCP,33,,,a,
ASN00041110,19290513,PRCP,0,,,a,
ASN00041110,19290514,PRCP,0,,,a,
ASN00041110,19290515,PRCP,0,,,a,
ASN00041110,19290516,PRCP,0,,,a,
ASN00041110,19290517,PRCP,0,,,a,
ASN00041110,19290518,PRCP,0,,,a,
ASN00041110,19290519,PRCP,0,,,a,
ASN00041110,19290520,PRCP,0,,,a,
ASN00041110,19290521,PRCP,0,,,a,
ASN00041110,19290522,PRCP,0,,,a,
ASN00041110,19290523,PRCP,0,,,a,
ASN00041110,19290524,PRCP,0,,,a,
ASN00041110,19290525,PRCP,0,,,a,
ASN00041110,19290526,PRCP,0,,,a,
ASN00041110,19290527,PRCP,0,,,a,
ASN00041110,19290528,PRCP,0,,,a,
ASN00041110,19290529,PRCP,0,,,a,
ASN00041110,19290530,PRCP,0,,,a,
ASN00041110,19290531,PRCP,38,,,a,
ASN00041110,19290601,PRCP,0,,,a,
ASN00041110,19290602,PRCP,0,,,a,
ASN00041110,19290603,PRCP,0,,,a,
ASN00041110,19290604,PRCP,0,,,a,
ASN00041110,19290605,PRCP,0,,,a,
ASN00041110,19290606,PRCP,74,,,a,
ASN00041110,19290607,PRCP,41,,,a,
ASN00041110,19290608,PRCP,0,,,a,
ASN00041110,19290609,PRCP,0,,,a,
ASN00041110,19290610,PRCP,0,,,a,
ASN00041110,19290611,PRCP,0,,,a,
ASN00041110,19290612,PRCP,0,,,a,
ASN00041110,19290613,PRCP,0,,,a,
ASN00041110,19290614,PRCP,0,,,a,
ASN00041110,19290615,PRCP,0,,,a,
ASN00041110,19290616,PRCP,0,,,a,
ASN00041110,19290617,PRCP,0,,,a,
ASN00041110,19290618,PRCP,0,,,a,
ASN00041110,19290619,PRCP,0,,,a,
ASN00041110,19290620,PRCP,0,,,a,
ASN00041110,19290621,PRCP,0,,,a,
ASN00041110,19290622,PRCP,0,,,a,
ASN00041110,19290623,PRCP,0,,,a,
ASN00041110,19290624,PRCP,0,,,a,
ASN00041110,19290625,PRCP,0,,,a,
ASN00041110,19290626,PRCP,0,,,a,
ASN00041110,19290627,PRCP,0,,,a,
ASN00041110,19290628,PRCP,246,,,a,
ASN00041110,19290629,PRCP,56,,,a,
ASN00041110,19290630,PRCP,53,,,a,
ASN00041110,19290701,PRCP,0,,,a,
ASN00041110,19290702,PRCP,0,,,a,
ASN00041110,19290703,PRCP,0,,,a,
ASN00041110,19290704,PRCP,0,,,a,
ASN00041110,19290705,PRCP,0,,,a,
ASN00041110,19290706,PRCP,0,,,a,
ASN00041110,19290707,PRCP,0,,,a,
ASN00041110,19290708,PRCP,0,,,a,
ASN00041110,19290709,PRCP,0,,,a,
ASN00041110,19290710,PRCP,0,,,a,
ASN00041110,19290711,PRCP,0,,,a,
ASN00041110,19290712,PRCP,23,,,a,
ASN00041110,19290713,PRCP,0,,,a,
ASN00041110,19290714,PRCP,0,,,a,
ASN00041110,19290715,PRCP,0,,,a,
ASN00041110,19290716,PRCP,0,,,a,
ASN00041110,19290717,PRCP,0,,,a,
ASN00041110,19290718,PRCP,0,,,a,
ASN00041110,19290719,PRCP,0,,,a,
ASN00041110,19290720,PRCP,0,,,a,
ASN00041110,19290721,PRCP,0,,,a,
ASN00041110,19290722,PRCP,0,,,a,
ASN00041110,19290723,PRCP,0,,,a,
ASN00041110,19290724,PRCP,0,,,a,
ASN00041110,19290725,PRCP,0,,,a,
ASN00041110,19290726,PRCP,0,,,a,
ASN00041110,19290727,PRCP,0,,,a,
ASN00041110,19290728,PRCP,0,,,a,
ASN00041110,19290729,PRCP,97,,,a,
ASN00041110,19290730,PRCP,0,,,a,
ASN00041110,19290731,PRCP,0,,,a,
ASN00041110,19290801,PRCP,0,,,a,
ASN00041110,19290802,PRCP,0,,,a,
ASN00041110,19290803,PRCP,0,,,a,
ASN00041110,19290804,PRCP,0,,,a,
ASN00041110,19290805,PRCP,0,,,a,
ASN00041110,19290806,PRCP,0,,,a,
ASN00041110,19290807,PRCP,0,,,a,
ASN00041110,19290808,PRCP,0,,,a,
ASN00041110,19290809,PRCP,0,,,a,
ASN00041110,19290810,PRCP,0,,,a,
ASN00041110,19290811,PRCP,0,,,a,
ASN00041110,19290812,PRCP,36,,,a,
ASN00041110,19290813,PRCP,0,,,a,
ASN00041110,19290814,PRCP,36,,,a,
ASN00041110,19290815,PRCP,0,,,a,
ASN00041110,19290816,PRCP,0,,,a,
ASN00041110,19290817,PRCP,0,,,a,
ASN00041110,19290818,PRCP,33,,,a,
ASN00041110,19290819,PRCP,0,,,a,
ASN00041110,19290820,PRCP,0,,,a,
ASN00041110,19290821,PRCP,0,,,a,
ASN00041110,19290822,PRCP,0,,,a,
ASN00041110,19290823,PRCP,0,,,a,
ASN00041110,19290824,PRCP,0,,,a,
ASN00041110,19290825,PRCP,0,,,a,
ASN00041110,19290826,PRCP,0,,,a,
ASN00041110,19290827,PRCP,0,,,a,
ASN00041110,19290828,PRCP,0,,,a,
ASN00041110,19290829,PRCP,0,,,a,
ASN00041110,19290830,PRCP,0,,,a,
ASN00041110,19290831,PRCP,0,,,a,
ASN00041110,19290901,PRCP,0,,,a,
ASN00041110,19290902,PRCP,0,,,a,
ASN00041110,19290903,PRCP,0,,,a,
ASN00041110,19290904,PRCP,0,,,a,
ASN00041110,19290905,PRCP,0,,,a,
ASN00041110,19290906,PRCP,5,,,a,
ASN00041110,19290907,PRCP,15,,,a,
ASN00041110,19290908,PRCP,0,,,a,
ASN00041110,19290909,PRCP,0,,,a,
ASN00041110,19290910,PRCP,0,,,a,
ASN00041110,19290911,PRCP,20,,,a,
ASN00041110,19290912,PRCP,0,,,a,
ASN00041110,19290913,PRCP,0,,,a,
ASN00041110,19290914,PRCP,0,,,a,
ASN00041110,19290915,PRCP,0,,,a,
ASN00041110,19290916,PRCP,0,,,a,
ASN00041110,19290917,PRCP,0,,,a,
ASN00041110,19290918,PRCP,0,,,a,
ASN00041110,19290919,PRCP,0,,,a,
ASN00041110,19290920,PRCP,0,,,a,
ASN00041110,19290921,PRCP,0,,,a,
ASN00041110,19290922,PRCP,0,,,a,
ASN00041110,19290923,PRCP,0,,,a,
ASN00041110,19290924,PRCP,0,,,a,
ASN00041110,19290925,PRCP,0,,,a,
ASN00041110,19290926,PRCP,0,,,a,
ASN00041110,19290927,PRCP,0,,,a,
ASN00041110,19290928,PRCP,0,,,a,
ASN00041110,19290929,PRCP,0,,,a,
ASN00041110,19290930,PRCP,53,,,a,
ASN00041110,19291001,PRCP,0,,,a,
ASN00041110,19291002,PRCP,0,,,a,
ASN00041110,19291003,PRCP,0,,,a,
ASN00041110,19291004,PRCP,0,,,a,
ASN00041110,19291005,PRCP,0,,,a,
ASN00041110,19291006,PRCP,0,,,a,
ASN00041110,19291007,PRCP,0,,,a,
ASN00041110,19291008,PRCP,0,,,a,
ASN00041110,19291009,PRCP,0,,,a,
ASN00041110,19291010,PRCP,79,,,a,
ASN00041110,19291011,PRCP,109,,,a,
ASN00041110,19291012,PRCP,66,,,a,
ASN00041110,19291013,PRCP,0,,,a,
ASN00041110,19291014,PRCP,157,,,a,
ASN00041110,19291015,PRCP,18,,,a,
ASN00041110,19291016,PRCP,0,,,a,
ASN00041110,19291017,PRCP,0,,,a,
ASN00041110,19291018,PRCP,0,,,a,
ASN00041110,19291019,PRCP,25,,,a,
ASN00041110,19291020,PRCP,0,,,a,
ASN00041110,19291021,PRCP,0,,,a,
ASN00041110,19291022,PRCP,0,,,a,
ASN00041110,19291023,PRCP,0,,,a,
ASN00041110,19291024,PRCP,0,,,a,
ASN00041110,19291025,PRCP,74,,,a,
ASN00041110,19291026,PRCP,0,,,a,
ASN00041110,19291027,PRCP,0,,,a,
ASN00041110,19291028,PRCP,0,,,a,
ASN00041110,19291029,PRCP,0,,,a,
ASN00041110,19291030,PRCP,0,,,a,
ASN00041110,19291031,PRCP,0,,,a,
ASN00041110,19291101,PRCP,0,,,a,
ASN00041110,19291102,PRCP,0,,,a,
ASN00041110,19291103,PRCP,0,,,a,
ASN00041110,19291104,PRCP,0,,,a,
ASN00041110,19291105,PRCP,0,,,a,
ASN00041110,19291106,PRCP,0,,,a,
ASN00041110,19291107,PRCP,0,,,a,
ASN00041110,19291108,PRCP,0,,,a,
ASN00041110,19291109,PRCP,0,,,a,
ASN00041110,19291110,PRCP,0,,,a,
ASN00041110,19291111,PRCP,224,,,a,
ASN00041110,19291112,PRCP,0,,,a,
ASN00041110,19291113,PRCP,0,,,a,
ASN00041110,19291114,PRCP,0,,,a,
ASN00041110,19291115,PRCP,0,,,a,
ASN00041110,19291116,PRCP,0,,,a,
ASN00041110,19291117,PRCP,0,,,a,
ASN00041110,19291118,PRCP,196,,,a,
ASN00041110,19291119,PRCP,0,,,a,
ASN00041110,19291120,PRCP,0,,,a,
ASN00041110,19291121,PRCP,0,,,a,
ASN00041110,19291122,PRCP,0,,,a,
ASN00041110,19291123,PRCP,0,,,a,
ASN00041110,19291124,PRCP,15,,,a,
ASN00041110,19291125,PRCP,0,,,a,
ASN00041110,19291126,PRCP,0,,,a,
ASN00041110,19291127,PRCP,0,,,a,
ASN00041110,19291128,PRCP,0,,,a,
ASN00041110,19291129,PRCP,0,,,a,
ASN00041110,19291130,PRCP,0,,,a,
ASN00041110,19291201,PRCP,0,,,a,
ASN00041110,19291202,PRCP,127,,,a,
ASN00041110,19291203,PRCP,130,,,a,
ASN00041110,19291204,PRCP,66,,,a,
ASN00041110,19291205,PRCP,0,,,a,
ASN00041110,19291206,PRCP,0,,,a,
ASN00041110,19291207,PRCP,0,,,a,
ASN00041110,19291208,PRCP,0,,,a,
ASN00041110,19291209,PRCP,0,,,a,
ASN00041110,19291210,PRCP,0,,,a,
ASN00041110,19291211,PRCP,0,,,a,
ASN00041110,19291212,PRCP,0,,,a,
ASN00041110,19291213,PRCP,0,,,a,
ASN00041110,19291214,PRCP,0,,,a,
ASN00041110,19291215,PRCP,0,,,a,
ASN00041110,19291216,PRCP,0,,,a,
ASN00041110,19291217,PRCP,0,,,a,
ASN00041110,19291218,PRCP,0,,,a,
ASN00041110,19291219,PRCP,0,,,a,
ASN00041110,19291220,PRCP,15,,,a,
ASN00041110,19291221,PRCP,0,,,a,
ASN00041110,19291222,PRCP,0,,,a,
ASN00041110,19291223,PRCP,0,,,a,
ASN00041110,19291224,PRCP,0,,,a,
ASN00041110,19291225,PRCP,234,,,a,
ASN00041110,19291226,PRCP,0,,,a,
ASN00041110,19291227,PRCP,0,,,a,
ASN00041110,19291228,PRCP,0,,,a,
ASN00041110,19291229,PRCP,0,,,a,
ASN00041110,19291230,PRCP,140,,,a,
ASN00041110,19291231,PRCP,114,,,a,
ASN00041110,19300101,PRCP,0,,,a,
ASN00041110,19300102,PRCP,0,,,a,
ASN00041110,19300103,PRCP,0,,,a,
ASN00041110,19300104,PRCP,0,,,a,
ASN00041110,19300105,PRCP,0,,,a,
ASN00041110,19300106,PRCP,0,,,a,
ASN00041110,19300107,PRCP,0,,,a,
ASN00041110,19300108,PRCP,0,,,a,
ASN00041110,19300109,PRCP,0,,,a,
ASN00041110,19300110,PRCP,0,,,a,
ASN00041110,19300111,PRCP,0,,,a,
ASN00041110,19300112,PRCP,0,,,a,
ASN00041110,19300113,PRCP,0,,,a,
ASN00041110,19300114,PRCP,0,,,a,
ASN00041110,19300115,PRCP,0,,,a,
ASN00041110,19300116,PRCP,0,,,a,
ASN00041110,19300117,PRCP,0,,,a,
ASN00041110,19300118,PRCP,0,,,a,
ASN00041110,19300119,PRCP,0,,,a,
ASN00041110,19300120,PRCP,0,,,a,
ASN00041110,19300121,PRCP,13,,,a,
ASN00041110,19300122,PRCP,0,,,a,
ASN00041110,19300123,PRCP,0,,,a,
ASN00041110,19300124,PRCP,241,,,a,
ASN00041110,19300125,PRCP,53,,,a,
ASN00041110,19300126,PRCP,99,,,a,
ASN00041110,19300127,PRCP,0,,,a,
ASN00041110,19300128,PRCP,0,,,a,
ASN00041110,19300129,PRCP,0,,,a,
ASN00041110,19300130,PRCP,0,,,a,
ASN00041110,19300131,PRCP,0,,,a,
ASN00041110,19300201,PRCP,10,,,a,
ASN00041110,19300202,PRCP,0,,,a,
ASN00041110,19300203,PRCP,0,,,a,
ASN00041110,19300204,PRCP,0,,,a,
ASN00041110,19300205,PRCP,0,,,a,
ASN00041110,19300206,PRCP,0,,,a,
ASN00041110,19300207,PRCP,0,,,a,
ASN00041110,19300208,PRCP,0,,,a,
ASN00041110,19300209,PRCP,0,,,a,
ASN00041110,19300210,PRCP,0,,,a,
ASN00041110,19300211,PRCP,0,,,a,
ASN00041110,19300212,PRCP,0,,,a,
ASN00041110,19300213,PRCP,0,,,a,
ASN00041110,19300214,PRCP,0,,,a,
ASN00041110,19300215,PRCP,13,,,a,
ASN00041110,19300216,PRCP,0,,,a,
ASN00041110,19300217,PRCP,36,,,a,
ASN00041110,19300218,PRCP,15,,,a,
ASN00041110,19300219,PRCP,10,,,a,
ASN00041110,19300220,PRCP,0,,,a,
ASN00041110,19300221,PRCP,0,,,a,
ASN00041110,19300222,PRCP,0,,,a,
ASN00041110,19300223,PRCP,0,,,a,
ASN00041110,19300224,PRCP,0,,,a,
ASN00041110,19300225,PRCP,0,,,a,
ASN00041110,19300226,PRCP,0,,,a,
ASN00041110,19300227,PRCP,0,,,a,
ASN00041110,19300228,PRCP,0,,,a,
ASN00041110,19300301,PRCP,0,,,a,
ASN00041110,19300302,PRCP,0,,,a,
ASN00041110,19300303,PRCP,0,,,a,
ASN00041110,19300304,PRCP,0,,,a,
ASN00041110,19300305,PRCP,0,,,a,
ASN00041110,19300306,PRCP,0,,,a,
ASN00041110,19300307,PRCP,84,,,a,
ASN00041110,19300308,PRCP,0,,,a,
ASN00041110,19300309,PRCP,0,,,a,
ASN00041110,19300310,PRCP,0,,,a,
ASN00041110,19300311,PRCP,0,,,a,
ASN00041110,19300312,PRCP,0,,,a,
ASN00041110,19300313,PRCP,0,,,a,
ASN00041110,19300314,PRCP,0,,,a,
ASN00041110,19300315,PRCP,46,,,a,
ASN00041110,19300316,PRCP,8,,,a,
ASN00041110,19300317,PRCP,104,,,a,
ASN00041110,19300318,PRCP,0,,,a,
ASN00041110,19300319,PRCP,0,,,a,
ASN00041110,19300320,PRCP,254,,,a,
ASN00041110,19300321,PRCP,122,,,a,
ASN00041110,19300322,PRCP,18,,,a,
ASN00041110,19300323,PRCP,0,,,a,
ASN00041110,19300324,PRCP,0,,,a,
ASN00041110,19300325,PRCP,0,,,a,
ASN00041110,19300326,PRCP,0,,,a,
ASN00041110,19300327,PRCP,0,,,a,
ASN00041110,19300328,PRCP,0,,,a,
ASN00041110,19300329,PRCP,0,,,a,
ASN00041110,19300330,PRCP,0,,,a,
ASN00041110,19300331,PRCP,53,,,a,
ASN00041110,19300401,PRCP,0,,,a,
ASN00041110,19300402,PRCP,0,,,a,
ASN00041110,19300403,PRCP,124,,,a,
ASN00041110,19300404,PRCP,0,,,a,
ASN00041110,19300405,PRCP,0,,,a,
ASN00041110,19300406,PRCP,0,,,a,
ASN00041110,19300407,PRCP,0,,,a,
ASN00041110,19300408,PRCP,0,,,a,
ASN00041110,19300409,PRCP,145,,,a,
ASN00041110,19300410,PRCP,251,,,a,
ASN00041110,19300411,PRCP,0,,,a,
ASN00041110,19300412,PRCP,0,,,a,
ASN00041110,19300413,PRCP,0,,,a,
ASN00041110,19300414,PRCP,0,,,a,
ASN00041110,19300415,PRCP,0,,,a,
ASN00041110,19300416,PRCP,0,,,a,
ASN00041110,19300417,PRCP,0,,,a,
ASN00041110,19300418,PRCP,0,,,a,
ASN00041110,19300419,PRCP,0,,,a,
ASN00041110,19300420,PRCP,0,,,a,
ASN00041110,19300421,PRCP,0,,,a,
ASN00041110,19300422,PRCP,0,,,a,
ASN00041110,19300423,PRCP,0,,,a,
ASN00041110,19300424,PRCP,0,,,a,
ASN00041110,19300425,PRCP,0,,,a,
ASN00041110,19300426,PRCP,0,,,a,
ASN00041110,19300427,PRCP,0,,,a,
ASN00041110,19300428,PRCP,0,,,a,
ASN00041110,19300429,PRCP,18,,,a,
ASN00041110,19300430,PRCP,25,,,a,
ASN00041110,19300501,PRCP,0,,,a,
ASN00041110,19300502,PRCP,0,,,a,
ASN00041110,19300503,PRCP,0,,,a,
ASN00041110,19300504,PRCP,64,,,a,
ASN00041110,19300505,PRCP,20,,,a,
ASN00041110,19300506,PRCP,0,,,a,
ASN00041110,19300507,PRCP,0,,,a,
ASN00041110,19300508,PRCP,0,,,a,
ASN00041110,19300509,PRCP,43,,,a,
ASN00041110,19300510,PRCP,427,,,a,
ASN00041110,19300511,PRCP,0,,,a,
ASN00041110,19300512,PRCP,0,,,a,
ASN00041110,19300513,PRCP,0,,,a,
ASN00041110,19300514,PRCP,0,,,a,
ASN00041110,19300515,PRCP,0,,,a,
ASN00041110,19300516,PRCP,0,,,a,
ASN00041110,19300517,PRCP,0,,,a,
ASN00041110,19300518,PRCP,0,,,a,
ASN00041110,19300519,PRCP,0,,,a,
ASN00041110,19300520,PRCP,0,,,a,
ASN00041110,19300521,PRCP,0,,,a,
ASN00041110,19300522,PRCP,0,,,a,
ASN00041110,19300523,PRCP,0,,,a,
ASN00041110,19300524,PRCP,0,,,a,
ASN00041110,19300525,PRCP,0,,,a,
ASN00041110,19300526,PRCP,0,,,a,
ASN00041110,19300527,PRCP,0,,,a,
ASN00041110,19300528,PRCP,0,,,a,
ASN00041110,19300529,PRCP,0,,,a,
ASN00041110,19300530,PRCP,0,,,a,
ASN00041110,19300531,PRCP,51,,,a,
ASN00041110,19300601,PRCP,251,,,a,
ASN00041110,19300602,PRCP,23,,,a,
ASN00041110,19300603,PRCP,15,,,a,
ASN00041110,19300604,PRCP,0,,,a,
ASN00041110,19300605,PRCP,0,,,a,
ASN00041110,19300606,PRCP,0,,,a,
ASN00041110,19300607,PRCP,0,,,a,
ASN00041110,19300608,PRCP,0,,,a,
ASN00041110,19300609,PRCP,0,,,a,
ASN00041110,19300610,PRCP,0,,,a,
ASN00041110,19300611,PRCP,0,,,a,
ASN00041110,19300612,PRCP,0,,,a,
ASN00041110,19300613,PRCP,0,,,a,
ASN00041110,19300614,PRCP,0,,,a,
ASN00041110,19300615,PRCP,53,,,a,
ASN00041110,19300616,PRCP,41,,,a,
ASN00041110,19300617,PRCP,58,,,a,
ASN00041110,19300618,PRCP,13,,,a,
ASN00041110,19300619,PRCP,0,,,a,
ASN00041110,19300620,PRCP,0,,,a,
ASN00041110,19300621,PRCP,0,,,a,
ASN00041110,19300622,PRCP,0,,,a,
ASN00041110,19300623,PRCP,0,,,a,
ASN00041110,19300624,PRCP,0,,,a,
ASN00041110,19300625,PRCP,0,,,a,
ASN00041110,19300626,PRCP,0,,,a,
ASN00041110,19300627,PRCP,0,,,a,
ASN00041110,19300628,PRCP,13,,,a,
ASN00041110,19300629,PRCP,30,,,a,
ASN00041110,19300630,PRCP,0,,,a,
ASN00041110,19300701,PRCP,61,,,a,
ASN00041110,19300702,PRCP,28,,,a,
ASN00041110,19300703,PRCP,0,,,a,
ASN00041110,19300704,PRCP,340,,,a,
ASN00041110,19300705,PRCP,76,,,a,
ASN00041110,19300706,PRCP,0,,,a,
ASN00041110,19300707,PRCP,0,,,a,
ASN00041110,19300708,PRCP,0,,,a,
ASN00041110,19300709,PRCP,0,,,a,
ASN00041110,19300710,PRCP,0,,,a,
ASN00041110,19300711,PRCP,0,,,a,
ASN00041110,19300712,PRCP,0,,,a,
ASN00041110,19300713,PRCP,0,,,a,
ASN00041110,19300714,PRCP,0,,,a,
ASN00041110,19300715,PRCP,0,,,a,
ASN00041110,19300716,PRCP,0,,,a,
ASN00041110,19300717,PRCP,0,,,a,
ASN00041110,19300718,PRCP,15,,,a,
ASN00041110,19300719,PRCP,0,,,a,
ASN00041110,19300720,PRCP,0,,,a,
ASN00041110,19300721,PRCP,0,,,a,
ASN00041110,19300722,PRCP,0,,,a,
ASN00041110,19300723,PRCP,0,,,a,
ASN00041110,19300724,PRCP,0,,,a,
ASN00041110,19300725,PRCP,0,,,a,
ASN00041110,19300726,PRCP,0,,,a,
ASN00041110,19300727,PRCP,30,,,a,
ASN00041110,19300728,PRCP,94,,,a,
ASN00041110,19300729,PRCP,0,,,a,
ASN00041110,19300730,PRCP,0,,,a,
ASN00041110,19300731,PRCP,0,,,a,
ASN00041110,19300801,PRCP,0,,,a,
ASN00041110,19300802,PRCP,0,,,a,
ASN00041110,19300803,PRCP,0,,,a,
ASN00041110,19300804,PRCP,0,,,a,
ASN00041110,19300805,PRCP,0,,,a,
ASN00041110,19300806,PRCP,0,,,a,
ASN00041110,19300807,PRCP,0,,,a,
ASN00041110,19300808,PRCP,0,,,a,
ASN00041110,19300809,PRCP,0,,,a,
ASN00041110,19300810,PRCP,0,,,a,
ASN00041110,19300811,PRCP,0,,,a,
ASN00041110,19300812,PRCP,0,,,a,
ASN00041110,19300813,PRCP,0,,,a,
ASN00041110,19300814,PRCP,0,,,a,
ASN00041110,19300815,PRCP,0,,,a,
ASN00041110,19300816,PRCP,0,,,a,
ASN00041110,19300817,PRCP,0,,,a,
ASN00041110,19300818,PRCP,0,,,a,
ASN00041110,19300819,PRCP,0,,,a,
ASN00041110,19300820,PRCP,23,,,a,
ASN00041110,19300821,PRCP,328,,,a,
ASN00041110,19300822,PRCP,0,,,a,
ASN00041110,19300823,PRCP,71,,,a,
ASN00041110,19300824,PRCP,132,,,a,
ASN00041110,19300825,PRCP,56,,,a,
ASN00041110,19300826,PRCP,23,,,a,
ASN00041110,19300827,PRCP,48,,,a,
ASN00041110,19300828,PRCP,0,,,a,
ASN00041110,19300829,PRCP,0,,,a,
ASN00041110,19300830,PRCP,0,,,a,
ASN00041110,19300831,PRCP,0,,,a,
ASN00041110,19300901,PRCP,0,,,a,
ASN00041110,19300902,PRCP,0,,,a,
ASN00041110,19300903,PRCP,0,,,a,
ASN00041110,19300904,PRCP,0,,,a,
ASN00041110,19300905,PRCP,0,,,a,
ASN00041110,19300906,PRCP,0,,,a,
ASN00041110,19300907,PRCP,0,,,a,
ASN00041110,19300908,PRCP,0,,,a,
ASN00041110,19300909,PRCP,0,,,a,
ASN00041110,19300910,PRCP,10,,,a,
ASN00041110,19300911,PRCP,0,,,a,
ASN00041110,19300912,PRCP,0,,,a,
ASN00041110,19300913,PRCP,46,,,a,
ASN00041110,19300914,PRCP,36,,,a,
ASN00041110,19300915,PRCP,0,,,a,
ASN00041110,19300916,PRCP,0,,,a,
ASN00041110,19300917,PRCP,0,,,a,
ASN00041110,19300918,PRCP,74,,,a,
ASN00041110,19300919,PRCP,91,,,a,
ASN00041110,19300920,PRCP,0,,,a,
ASN00041110,19300921,PRCP,0,,,a,
ASN00041110,19300922,PRCP,0,,,a,
ASN00041110,19300923,PRCP,0,,,a,
ASN00041110,19300924,PRCP,0,,,a,
ASN00041110,19300925,PRCP,0,,,a,
ASN00041110,19300926,PRCP,0,,,a,
ASN00041110,19300927,PRCP,0,,,a,
ASN00041110,19300928,PRCP,0,,,a,
ASN00041110,19300929,PRCP,0,,,a,
ASN00041110,19300930,PRCP,0,,,a,
ASN00041110,19301001,PRCP,53,,,a,
ASN00041110,19301002,PRCP,20,,,a,
ASN00041110,19301003,PRCP,43,,,a,
ASN00041110,19301004,PRCP,0,,,a,
ASN00041110,19301005,PRCP,0,,,a,
ASN00041110,19301006,PRCP,0,,,a,
ASN00041110,19301007,PRCP,0,,,a,
ASN00041110,19301008,PRCP,84,,,a,
ASN00041110,19301009,PRCP,10,,,a,
ASN00041110,19301010,PRCP,15,,,a,
ASN00041110,19301011,PRCP,328,,,a,
ASN00041110,19301012,PRCP,71,,,a,
ASN00041110,19301013,PRCP,0,,,a,
ASN00041110,19301014,PRCP,0,,,a,
ASN00041110,19301015,PRCP,0,,,a,
ASN00041110,19301016,PRCP,0,,,a,
ASN00041110,19301017,PRCP,0,,,a,
ASN00041110,19301018,PRCP,0,,,a,
ASN00041110,19301019,PRCP,0,,,a,
ASN00041110,19301020,PRCP,0,,,a,
ASN00041110,19301021,PRCP,0,,,a,
ASN00041110,19301022,PRCP,0,,,a,
ASN00041110,19301023,PRCP,0,,,a,
ASN00041110,19301024,PRCP,0,,,a,
ASN00041110,19301025,PRCP,0,,,a,
ASN00041110,19301026,PRCP,0,,,a,
ASN00041110,19301027,PRCP,0,,,a,
ASN00041110,19301028,PRCP,0,,,a,
ASN00041110,19301029,PRCP,0,,,a,
ASN00041110,19301030,PRCP,0,,,a,
ASN00041110,19301031,PRCP,8,,,a,
ASN00041110,19301101,PRCP,0,,,a,
ASN00041110,19301102,PRCP,0,,,a,
ASN00041110,19301103,PRCP,0,,,a,
ASN00041110,19301104,PRCP,0,,,a,
ASN00041110,19301105,PRCP,25,,,a,
ASN00041110,19301106,PRCP,0,,,a,
ASN00041110,19301107,PRCP,0,,,a,
ASN00041110,19301108,PRCP,462,,,a,
ASN00041110,19301109,PRCP,0,,,a,
ASN00041110,19301110,PRCP,0,,,a,
ASN00041110,19301111,PRCP,0,,,a,
ASN00041110,19301112,PRCP,0,,,a,
ASN00041110,19301113,PRCP,0,,,a,
ASN00041110,19301114,PRCP,0,,,a,
ASN00041110,19301115,PRCP,0,,,a,
ASN00041110,19301116,PRCP,0,,,a,
ASN00041110,19301117,PRCP,0,,,a,
ASN00041110,19301118,PRCP,0,,,a,
ASN00041110,19301119,PRCP,0,,,a,
ASN00041110,19301120,PRCP,0,,,a,
ASN00041110,19301121,PRCP,0,,,a,
ASN00041110,19301122,PRCP,0,,,a,
ASN00041110,19301123,PRCP,0,,,a,
ASN00041110,19301124,PRCP,328,,,a,
ASN00041110,19301125,PRCP,8,,,a,
ASN00041110,19301126,PRCP,0,,,a,
ASN00041110,19301127,PRCP,0,,,a,
ASN00041110,19301128,PRCP,0,,,a,
ASN00041110,19301129,PRCP,0,,,a,
ASN00041110,19301130,PRCP,0,,,a,
ASN00041110,19301201,PRCP,0,,,a,
ASN00041110,19301202,PRCP,0,,,a,
ASN00041110,19301203,PRCP,0,,,a,
ASN00041110,19301204,PRCP,0,,,a,
ASN00041110,19301205,PRCP,0,,,a,
ASN00041110,19301206,PRCP,0,,,a,
ASN00041110,19301207,PRCP,0,,,a,
ASN00041110,19301208,PRCP,0,,,a,
ASN00041110,19301209,PRCP,61,,,a,
ASN00041110,19301210,PRCP,0,,,a,
ASN00041110,19301211,PRCP,0,,,a,
ASN00041110,19301212,PRCP,0,,,a,
ASN00041110,19301213,PRCP,0,,,a,
ASN00041110,19301214,PRCP,0,,,a,
ASN00041110,19301215,PRCP,0,,,a,
ASN00041110,19301216,PRCP,0,,,a,
ASN00041110,19301217,PRCP,18,,,a,
ASN00041110,19301218,PRCP,76,,,a,
ASN00041110,19301219,PRCP,0,,,a,
ASN00041110,19301220,PRCP,0,,,a,
ASN00041110,19301221,PRCP,0,,,a,
ASN00041110,19301222,PRCP,0,,,a,
ASN00041110,19301223,PRCP,0,,,a,
ASN00041110,19301224,PRCP,0,,,a,
ASN00041110,19301225,PRCP,0,,,a,
ASN00041110,19301226,PRCP,0,,,a,
ASN00041110,19301227,PRCP,38,,,a,
ASN00041110,19301228,PRCP,0,,,a,
ASN00041110,19301229,PRCP,33,,,a,
ASN00041110,19301230,PRCP,0,,,a,
ASN00041110,19301231,PRCP,0,,,a,
ASN00041110,19310101,PRCP,0,,,a,
ASN00041110,19310102,PRCP,0,,,a,
ASN00041110,19310103,PRCP,0,,,a,
ASN00041110,19310104,PRCP,0,,,a,
ASN00041110,19310105,PRCP,0,,,a,
ASN00041110,19310106,PRCP,0,,,a,
ASN00041110,19310107,PRCP,0,,,a,
ASN00041110,19310108,PRCP,0,,,a,
ASN00041110,19310109,PRCP,0,,,a,
ASN00041110,19310110,PRCP,351,,,a,
ASN00041110,19310111,PRCP,0,,,a,
ASN00041110,19310112,PRCP,0,,,a,
ASN00041110,19310113,PRCP,0,,,a,
ASN00041110,19310114,PRCP,0,,,a,
ASN00041110,19310115,PRCP,0,,,a,
ASN00041110,19310116,PRCP,0,,,a,
ASN00041110,19310117,PRCP,0,,,a,
ASN00041110,19310118,PRCP,0,,,a,
ASN00041110,19310119,PRCP,66,,,a,
ASN00041110,19310120,PRCP,0,,,a,
ASN00041110,19310121,PRCP,0,,,a,
ASN00041110,19310122,PRCP,0,,,a,
ASN00041110,19310123,PRCP,0,,,a,
ASN00041110,19310124,PRCP,0,,,a,
ASN00041110,19310125,PRCP,0,,,a,
ASN00041110,19310126,PRCP,61,,,a,
ASN00041110,19310127,PRCP,0,,,a,
ASN00041110,19310128,PRCP,0,,,a,
ASN00041110,19310129,PRCP,0,,,a,
ASN00041110,19310130,PRCP,0,,,a,
ASN00041110,19310131,PRCP,0,,,a,
ASN00041110,19310201,PRCP,0,,,a,
ASN00041110,19310202,PRCP,58,,,a,
ASN00041110,19310203,PRCP,10,,,a,
ASN00041110,19310204,PRCP,122,,,a,
ASN00041110,19310205,PRCP,259,,,a,
ASN00041110,19310206,PRCP,361,,,a,
ASN00041110,19310207,PRCP,0,,,a,
ASN00041110,19310208,PRCP,0,,,a,
ASN00041110,19310209,PRCP,0,,,a,
ASN00041110,19310210,PRCP,0,,,a,
ASN00041110,19310211,PRCP,0,,,a,
ASN00041110,19310212,PRCP,0,,,a,
ASN00041110,19310213,PRCP,0,,,a,
ASN00041110,19310214,PRCP,0,,,a,
ASN00041110,19310215,PRCP,0,,,a,
ASN00041110,19310216,PRCP,0,,,a,
ASN00041110,19310217,PRCP,0,,,a,
ASN00041110,19310218,PRCP,0,,,a,
ASN00041110,19310219,PRCP,0,,,a,
ASN00041110,19310220,PRCP,0,,,a,
ASN00041110,19310221,PRCP,0,,,a,
ASN00041110,19310222,PRCP,0,,,a,
ASN00041110,19310223,PRCP,0,,,a,
ASN00041110,19310224,PRCP,0,,,a,
ASN00041110,19310225,PRCP,0,,,a,
ASN00041110,19310226,PRCP,0,,,a,
ASN00041110,19310227,PRCP,0,,,a,
ASN00041110,19310228,PRCP,0,,,a,
ASN00041110,19310301,PRCP,0,,,a,
ASN00041110,19310302,PRCP,0,,,a,
ASN00041110,19310303,PRCP,0,,,a,
ASN00041110,19310304,PRCP,0,,,a,
ASN00041110,19310305,PRCP,147,,,a,
ASN00041110,19310306,PRCP,56,,,a,
ASN00041110,19310307,PRCP,0,,,a,
ASN00041110,19310308,PRCP,0,,,a,
ASN00041110,19310309,PRCP,0,,,a,
ASN00041110,19310310,PRCP,0,,,a,
ASN00041110,19310311,PRCP,20,,,a,
ASN00041110,19310312,PRCP,0,,,a,
ASN00041110,19310313,PRCP,0,,,a,
ASN00041110,19310314,PRCP,0,,,a,
ASN00041110,19310315,PRCP,0,,,a,
ASN00041110,19310316,PRCP,0,,,a,
ASN00041110,19310317,PRCP,0,,,a,
ASN00041110,19310318,PRCP,0,,,a,
ASN00041110,19310319,PRCP,0,,,a,
ASN00041110,19310320,PRCP,0,,,a,
ASN00041110,19310321,PRCP,0,,,a,
ASN00041110,19310322,PRCP,185,,,a,
ASN00041110,19310323,PRCP,5,,,a,
ASN00041110,19310324,PRCP,188,,,a,
ASN00041110,19310325,PRCP,23,,,a,
ASN00041110,19310326,PRCP,0,,,a,
ASN00041110,19310327,PRCP,0,,,a,
ASN00041110,19310328,PRCP,0,,,a,
ASN00041110,19310329,PRCP,0,,,a,
ASN00041110,19310330,PRCP,0,,,a,
ASN00041110,19310331,PRCP,0,,,a,
ASN00041110,19310401,PRCP,0,,,a,
ASN00041110,19310402,PRCP,0,,,a,
ASN00041110,19310403,PRCP,94,,,a,
ASN00041110,19310404,PRCP,0,,,a,
ASN00041110,19310405,PRCP,0,,,a,
ASN00041110,19310406,PRCP,0,,,a,
ASN00041110,19310407,PRCP,0,,,a,
ASN00041110,19310408,PRCP,0,,,a,
ASN00041110,19310409,PRCP,0,,,a,
ASN00041110,19310410,PRCP,0,,,a,
ASN00041110,19310411,PRCP,0,,,a,
ASN00041110,19310412,PRCP,0,,,a,
ASN00041110,19310413,PRCP,0,,,a,
ASN00041110,19310414,PRCP,0,,,a,
ASN00041110,19310415,PRCP,0,,,a,
ASN00041110,19310416,PRCP,0,,,a,
ASN00041110,19310417,PRCP,0,,,a,
ASN00041110,19310418,PRCP,264,,,a,
ASN00041110,19310419,PRCP,0,,,a,
ASN00041110,19310420,PRCP,201,,,a,
ASN00041110,19310421,PRCP,0,,,a,
ASN00041110,19310422,PRCP,0,,,a,
ASN00041110,19310423,PRCP,0,,,a,
ASN00041110,19310424,PRCP,0,,,a,
ASN00041110,19310425,PRCP,0,,,a,
ASN00041110,19310426,PRCP,0,,,a,
ASN00041110,19310427,PRCP,15,,,a,
ASN00041110,19310428,PRCP,36,,,a,
ASN00041110,19310429,PRCP,0,,,a,
ASN00041110,19310430,PRCP,56,,,a,
ASN00041110,19310501,PRCP,18,,,a,
ASN00041110,19310502,PRCP,0,,,a,
ASN00041110,19310503,PRCP,0,,,a,
ASN00041110,19310504,PRCP,0,,,a,
ASN00041110,19310505,PRCP,0,,,a,
ASN00041110,19310506,PRCP,0,,,a,
ASN00041110,19310507,PRCP,0,,,a,
ASN00041110,19310508,PRCP,0,,,a,
ASN00041110,19310509,PRCP,0,,,a,
ASN00041110,19310510,PRCP,0,,,a,
ASN00041110,19310511,PRCP,0,,,a,
ASN00041110,19310512,PRCP,0,,,a,
ASN00041110,19310513,PRCP,0,,,a,
ASN00041110,19310514,PRCP,99,,,a,
ASN00041110,19310515,PRCP,147,,,a,
ASN00041110,19310516,PRCP,0,,,a,
ASN00041110,19310517,PRCP,0,,,a,
ASN00041110,19310518,PRCP,0,,,a,
ASN00041110,19310519,PRCP,0,,,a,
ASN00041110,19310520,PRCP,0,,,a,
ASN00041110,19310521,PRCP,0,,,a,
ASN00041110,19310522,PRCP,13,,,a,
ASN00041110,19310523,PRCP,8,,,a,
ASN00041110,19310524,PRCP,109,,,a,
ASN00041110,19310525,PRCP,0,,,a,
ASN00041110,19310526,PRCP,48,,,a,
ASN00041110,19310527,PRCP,5,,,a,
ASN00041110,19310528,PRCP,102,,,a,
ASN00041110,19310529,PRCP,0,,,a,
ASN00041110,19310530,PRCP,0,,,a,
ASN00041110,19310531,PRCP,0,,,a,
ASN00041110,19310601,PRCP,0,,,a,
ASN00041110,19310602,PRCP,0,,,a,
ASN00041110,19310603,PRCP,0,,,a,
ASN00041110,19310604,PRCP,0,,,a,
ASN00041110,19310605,PRCP,0,,,a,
ASN00041110,19310606,PRCP,0,,,a,
ASN00041110,19310607,PRCP,0,,,a,
ASN00041110,19310608,PRCP,0,,,a,
ASN00041110,19310609,PRCP,0,,,a,
ASN00041110,19310610,PRCP,5,,,a,
ASN00041110,19310611,PRCP,0,,,a,
ASN00041110,19310612,PRCP,0,,,a,
ASN00041110,19310613,PRCP,0,,,a,
ASN00041110,19310614,PRCP,0,,,a,
ASN00041110,19310615,PRCP,0,,,a,
ASN00041110,19310616,PRCP,0,,,a,
ASN00041110,19310617,PRCP,0,,,a,
ASN00041110,19310618,PRCP,0,,,a,
ASN00041110,19310619,PRCP,71,,,a,
ASN00041110,19310620,PRCP,20,,,a,
ASN00041110,19310621,PRCP,0,,,a,
ASN00041110,19310622,PRCP,0,,,a,
ASN00041110,19310623,PRCP,0,,,a,
ASN00041110,19310624,PRCP,0,,,a,
ASN00041110,19310625,PRCP,310,,,a,
ASN00041110,19310626,PRCP,5,,,a,
ASN00041110,19310627,PRCP,0,,,a,
ASN00041110,19310628,PRCP,0,,,a,
ASN00041110,19310629,PRCP,0,,,a,
ASN00041110,19310630,PRCP,0,,,a,
ASN00041110,19310701,PRCP,0,,,a,
ASN00041110,19310702,PRCP,0,,,a,
ASN00041110,19310703,PRCP,0,,,a,
ASN00041110,19310704,PRCP,0,,,a,
ASN00041110,19310705,PRCP,61,,,a,
ASN00041110,19310706,PRCP,69,,,a,
ASN00041110,19310707,PRCP,43,,,a,
ASN00041110,19310708,PRCP,20,,,a,
ASN00041110,19310709,PRCP,0,,,a,
ASN00041110,19310710,PRCP,36,,,a,
ASN00041110,19310711,PRCP,0,,,a,
ASN00041110,19310712,PRCP,0,,,a,
ASN00041110,19310713,PRCP,0,,,a,
ASN00041110,19310714,PRCP,0,,,a,
ASN00041110,19310715,PRCP,0,,,a,
ASN00041110,19310716,PRCP,0,,,a,
ASN00041110,19310717,PRCP,0,,,a,
ASN00041110,19310718,PRCP,0,,,a,
ASN00041110,19310719,PRCP,0,,,a,
ASN00041110,19310720,PRCP,0,,,a,
ASN00041110,19310721,PRCP,300,,,a,
ASN00041110,19310722,PRCP,25,,,a,
ASN00041110,19310723,PRCP,0,,,a,
ASN00041110,19310724,PRCP,0,,,a,
ASN00041110,19310725,PRCP,0,,,a,
ASN00041110,19310726,PRCP,0,,,a,
ASN00041110,19310727,PRCP,0,,,a,
ASN00041110,19310728,PRCP,0,,,a,
ASN00041110,19310729,PRCP,0,,,a,
ASN00041110,19310730,PRCP,0,,,a,
ASN00041110,19310731,PRCP,0,,,a,
ASN00041110,19310801,PRCP,0,,,a,
ASN00041110,19310802,PRCP,0,,,a,
ASN00041110,19310803,PRCP,0,,,a,
ASN00041110,19310804,PRCP,0,,,a,
ASN00041110,19310805,PRCP,0,,,a,
ASN00041110,19310806,PRCP,0,,,a,
ASN00041110,19310807,PRCP,8,,,a,
ASN00041110,19310808,PRCP,0,,,a,
ASN00041110,19310809,PRCP,0,,,a,
ASN00041110,19310810,PRCP,0,,,a,
ASN00041110,19310811,PRCP,0,,,a,
ASN00041110,19310812,PRCP,0,,,a,
ASN00041110,19310813,PRCP,0,,,a,
ASN00041110,19310814,PRCP,0,,,a,
ASN00041110,19310815,PRCP,71,,,a,
ASN00041110,19310816,PRCP,0,,,a,
ASN00041110,19310817,PRCP,0,,,a,
ASN00041110,19310818,PRCP,0,,,a,
ASN00041110,19310819,PRCP,0,,,a,
ASN00041110,19310820,PRCP,0,,,a,
ASN00041110,19310821,PRCP,0,,,a,
ASN00041110,19310822,PRCP,0,,,a,
ASN00041110,19310823,PRCP,0,,,a,
ASN00041110,19310824,PRCP,0,,,a,
ASN00041110,19310825,PRCP,0,,,a,
ASN00041110,19310826,PRCP,0,,,a,
ASN00041110,19310827,PRCP,0,,,a,
ASN00041110,19310828,PRCP,5,,,a,
ASN00041110,19310829,PRCP,0,,,a,
ASN00041110,19310830,PRCP,0,,,a,
ASN00041110,19310831,PRCP,0,,,a,
ASN00041110,19310901,PRCP,0,,,a,
ASN00041110,19310902,PRCP,0,,,a,
ASN00041110,19310903,PRCP,0,,,a,
ASN00041110,19310904,PRCP,13,,,a,
ASN00041110,19310905,PRCP,0,,,a,
ASN00041110,19310906,PRCP,0,,,a,
ASN00041110,19310907,PRCP,0,,,a,
ASN00041110,19310908,PRCP,20,,,a,
ASN00041110,19310909,PRCP,81,,,a,
ASN00041110,19310910,PRCP,0,,,a,
ASN00041110,19310911,PRCP,3,,,a,
ASN00041110,19310912,PRCP,66,,,a,
ASN00041110,19310913,PRCP,0,,,a,
ASN00041110,19310914,PRCP,0,,,a,
ASN00041110,19310915,PRCP,0,,,a,
ASN00041110,19310916,PRCP,0,,,a,
ASN00041110,19310917,PRCP,0,,,a,
ASN00041110,19310918,PRCP,25,,,a,
ASN00041110,19310919,PRCP,0,,,a,
ASN00041110,19310920,PRCP,0,,,a,
ASN00041110,19310921,PRCP,0,,,a,
ASN00041110,19310922,PRCP,0,,,a,
ASN00041110,19310923,PRCP,0,,,a,
ASN00041110,19310924,PRCP,0,,,a,
ASN00041110,19310925,PRCP,0,,,a,
ASN00041110,19310926,PRCP,0,,,a,
ASN00041110,19310927,PRCP,61,,,a,
ASN00041110,19310928,PRCP,0,,,a,
ASN00041110,19310929,PRCP,0,,,a,
ASN00041110,19310930,PRCP,0,,,a,
ASN00041110,19410101,PRCP,0,,,a,
ASN00041110,19410102,PRCP,0,,,a,
ASN00041110,19410103,PRCP,0,,,a,
ASN00041110,19410104,PRCP,0,,,a,
ASN00041110,19410105,PRCP,0,,,a,
ASN00041110,19410106,PRCP,89,,,a,
ASN00041110,19410107,PRCP,0,,,a,
ASN00041110,19410108,PRCP,0,,,a,
ASN00041110,19410109,PRCP,361,,,a,
ASN00041110,19410110,PRCP,0,,,a,
ASN00041110,19410111,PRCP,0,,,a,
ASN00041110,19410112,PRCP,0,,,a,
ASN00041110,19410113,PRCP,0,,,a,
ASN00041110,19410114,PRCP,777,,,a,
ASN00041110,19410115,PRCP,140,,,a,
ASN00041110,19410116,PRCP,0,,,a,
ASN00041110,19410117,PRCP,0,,,a,
ASN00041110,19410118,PRCP,0,,,a,
ASN00041110,19410119,PRCP,0,,,a,
ASN00041110,19410120,PRCP,0,,,a,
ASN00041110,19410121,PRCP,0,,,a,
ASN00041110,19410122,PRCP,0,,,a,
ASN00041110,19410123,PRCP,0,,,a,
ASN00041110,19410124,PRCP,427,,,a,
ASN00041110,19410125,PRCP,203,,,a,
ASN00041110,19410126,PRCP,0,,,a,
ASN00041110,19410127,PRCP,0,,,a,
ASN00041110,19410128,PRCP,0,,,a,
ASN00041110,19410129,PRCP,0,,,a,
ASN00041110,19410130,PRCP,0,,,a,
ASN00041110,19410131,PRCP,0,,,a,
ASN00041110,19410201,PRCP,0,,,a,
ASN00041110,19410202,PRCP,0,,,a,
ASN00041110,19410203,PRCP,56,,,a,
ASN00041110,19410204,PRCP,0,,,a,
ASN00041110,19410205,PRCP,0,,,a,
ASN00041110,19410206,PRCP,0,,,a,
ASN00041110,19410207,PRCP,0,,,a,
ASN00041110,19410208,PRCP,0,,,a,
ASN00041110,19410209,PRCP,0,,,a,
ASN00041110,19410210,PRCP,0,,,a,
ASN00041110,19410211,PRCP,122,,,a,
ASN00041110,19410212,PRCP,0,,,a,
ASN00041110,19410213,PRCP,0,,,a,
ASN00041110,19410214,PRCP,0,,,a,
ASN00041110,19410215,PRCP,0,,,a,
ASN00041110,19410216,PRCP,0,,,a,
ASN00041110,19410217,PRCP,0,,,a,
ASN00041110,19410218,PRCP,0,,,a,
ASN00041110,19410219,PRCP,0,,,a,
ASN00041110,19410220,PRCP,0,,,a,
ASN00041110,19410221,PRCP,53,,,a,
ASN00041110,19410222,PRCP,0,,,a,
ASN00041110,19410223,PRCP,0,,,a,
ASN00041110,19410224,PRCP,0,,,a,
ASN00041110,19410225,PRCP,0,,,a,
ASN00041110,19410226,PRCP,0,,,a,
ASN00041110,19410227,PRCP,145,,,a,
ASN00041110,19410228,PRCP,0,,,a,
ASN00041110,19410301,PRCP,0,,,a,
ASN00041110,19410302,PRCP,0,,,a,
ASN00041110,19410303,PRCP,0,,,a,
ASN00041110,19410304,PRCP,0,,,a,
ASN00041110,19410305,PRCP,333,,,a,
ASN00041110,19410306,PRCP,0,,,a,
ASN00041110,19410307,PRCP,0,,,a,
ASN00041110,19410308,PRCP,36,,,a,
ASN00041110,19410309,PRCP,112,,,a,
ASN00041110,19410310,PRCP,0,,,a,
ASN00041110,19410311,PRCP,0,,,a,
ASN00041110,19410312,PRCP,0,,,a,
ASN00041110,19410313,PRCP,0,,,a,
ASN00041110,19410314,PRCP,104,,,a,
ASN00041110,19410315,PRCP,28,,,a,
ASN00041110,19410316,PRCP,0,,,a,
ASN00041110,19410317,PRCP,0,,,a,
ASN00041110,19410318,PRCP,0,,,a,
ASN00041110,19410319,PRCP,0,,,a,
ASN00041110,19410320,PRCP,51,,,a,
ASN00041110,19410321,PRCP,312,,,a,
ASN00041110,19410322,PRCP,307,,,a,
ASN00041110,19410323,PRCP,0,,,a,
ASN00041110,19410324,PRCP,0,,,a,
ASN00041110,19410325,PRCP,0,,,a,
ASN00041110,19410326,PRCP,0,,,a,
ASN00041110,19410327,PRCP,0,,,a,
ASN00041110,19410328,PRCP,0,,,a,
ASN00041110,19410329,PRCP,0,,,a,
ASN00041110,19410330,PRCP,0,,,a,
ASN00041110,19410331,PRCP,0,,,a,
ASN00041110,19410401,PRCP,0,,,a,
ASN00041110,19410402,PRCP,0,,,a,
ASN00041110,19410403,PRCP,0,,,a,
ASN00041110,19410404,PRCP,0,,,a,
ASN00041110,19410405,PRCP,0,,,a,
ASN00041110,19410406,PRCP,0,,,a,
ASN00041110,19410407,PRCP,20,,,a,
ASN00041110,19410408,PRCP,0,,,a,
ASN00041110,19410409,PRCP,0,,,a,
ASN00041110,19410410,PRCP,0,,,a,
ASN00041110,19410411,PRCP,0,,,a,
ASN00041110,19410412,PRCP,0,,,a,
ASN00041110,19410413,PRCP,0,,,a,
ASN00041110,19410414,PRCP,0,,,a,
ASN00041110,19410415,PRCP,0,,,a,
ASN00041110,19410416,PRCP,0,,,a,
ASN00041110,19410417,PRCP,0,,,a,
ASN00041110,19410418,PRCP,0,,,a,
ASN00041110,19410419,PRCP,0,,,a,
ASN00041110,19410420,PRCP,0,,,a,
ASN00041110,19410421,PRCP,0,,,a,
ASN00041110,19410422,PRCP,0,,,a,
ASN00041110,19410423,PRCP,0,,,a,
ASN00041110,19410424,PRCP,0,,,a,
ASN00041110,19410425,PRCP,0,,,a,
ASN00041110,19410426,PRCP,15,,,a,
ASN00041110,19410427,PRCP,0,,,a,
ASN00041110,19410428,PRCP,0,,,a,
ASN00041110,19410429,PRCP,0,,,a,
ASN00041110,19410430,PRCP,0,,,a,
ASN00041110,19410501,PRCP,0,,,a,
ASN00041110,19410502,PRCP,0,,,a,
ASN00041110,19410503,PRCP,0,,,a,
ASN00041110,19410504,PRCP,0,,,a,
ASN00041110,19410505,PRCP,0,,,a,
ASN00041110,19410506,PRCP,0,,,a,
ASN00041110,19410507,PRCP,0,,,a,
ASN00041110,19410508,PRCP,0,,,a,
ASN00041110,19410509,PRCP,165,,,a,
ASN00041110,19410510,PRCP,0,,,a,
ASN00041110,19410511,PRCP,0,,,a,
ASN00041110,19410512,PRCP,0,,,a,
ASN00041110,19410513,PRCP,0,,,a,
ASN00041110,19410514,PRCP,0,,,a,
ASN00041110,19410515,PRCP,0,,,a,
ASN00041110,19410516,PRCP,0,,,a,
ASN00041110,19410517,PRCP,0,,,a,
ASN00041110,19410518,PRCP,0,,,a,
ASN00041110,19410519,PRCP,0,,,a,
ASN00041110,19410520,PRCP,0,,,a,
ASN00041110,19410521,PRCP,0,,,a,
ASN00041110,19410522,PRCP,0,,,a,
ASN00041110,19410523,PRCP,0,,,a,
ASN00041110,19410524,PRCP,117,,,a,
ASN00041110,19410525,PRCP,0,,,a,
ASN00041110,19410526,PRCP,0,,,a,
ASN00041110,19410527,PRCP,0,,,a,
ASN00041110,19410528,PRCP,0,,,a,
ASN00041110,19410529,PRCP,0,,,a,
ASN00041110,19410530,PRCP,0,,,a,
ASN00041110,19410531,PRCP,0,,,a,
ASN00041110,19410601,PRCP,46,,,a,
ASN00041110,19410602,PRCP,0,,,a,
ASN00041110,19410603,PRCP,0,,,a,
ASN00041110,19410604,PRCP,0,,,a,
ASN00041110,19410605,PRCP,0,,,a,
ASN00041110,19410606,PRCP,0,,,a,
ASN00041110,19410607,PRCP,0,,,a,
ASN00041110,19410608,PRCP,0,,,a,
ASN00041110,19410609,PRCP,0,,,a,
ASN00041110,19410610,PRCP,0,,,a,
ASN00041110,19410611,PRCP,0,,,a,
ASN00041110,19410612,PRCP,0,,,a,
ASN00041110,19410613,PRCP,0,,,a,
ASN00041110,19410614,PRCP,81,,,a,
ASN00041110,19410615,PRCP,0,,,a,
ASN00041110,19410616,PRCP,0,,,a,
ASN00041110,19410617,PRCP,0,,,a,
ASN00041110,19410618,PRCP,0,,,a,
ASN00041110,19410619,PRCP,0,,,a,
ASN00041110,19410620,PRCP,33,,,a,
ASN00041110,19410621,PRCP,0,,,a,
ASN00041110,19410622,PRCP,0,,,a,
ASN00041110,19410623,PRCP,0,,,a,
ASN00041110,19410624,PRCP,0,,,a,
ASN00041110,19410625,PRCP,0,,,a,
ASN00041110,19410626,PRCP,0,,,a,
ASN00041110,19410627,PRCP,0,,,a,
ASN00041110,19410628,PRCP,0,,,a,
ASN00041110,19410629,PRCP,0,,,a,
ASN00041110,19410630,PRCP,0,,,a,
ASN00041110,19420101,PRCP,0,,,a,
ASN00041110,19420102,PRCP,0,,,a,
ASN00041110,19420103,PRCP,0,,,a,
ASN00041110,19420104,PRCP,8,,,a,
ASN00041110,19420105,PRCP,0,,,a,
ASN00041110,19420106,PRCP,0,,,a,
ASN00041110,19420107,PRCP,0,,,a,
ASN00041110,19420108,PRCP,0,,,a,
ASN00041110,19420109,PRCP,48,,,a,
ASN00041110,19420110,PRCP,0,,,a,
ASN00041110,19420111,PRCP,0,,,a,
ASN00041110,19420112,PRCP,137,,,a,
ASN00041110,19420113,PRCP,297,,,a,
ASN00041110,19420114,PRCP,0,,,a,
ASN00041110,19420115,PRCP,0,,,a,
ASN00041110,19420116,PRCP,30,,,a,
ASN00041110,19420117,PRCP,117,,,a,
ASN00041110,19420118,PRCP,0,,,a,
ASN00041110,19420119,PRCP,0,,,a,
ASN00041110,19420120,PRCP,0,,,a,
ASN00041110,19420121,PRCP,0,,,a,
ASN00041110,19420122,PRCP,0,,,a,
ASN00041110,19420123,PRCP,0,,,a,
ASN00041110,19420124,PRCP,0,,,a,
ASN00041110,19420125,PRCP,0,,,a,
ASN00041110,19420126,PRCP,0,,,a,
ASN00041110,19420127,PRCP,23,,,a,
ASN00041110,19420128,PRCP,0,,,a,
ASN00041110,19420129,PRCP,140,,,a,
ASN00041110,19420130,PRCP,0,,,a,
ASN00041110,19420131,PRCP,0,,,a,
ASN00041110,19420201,PRCP,33,,,a,
ASN00041110,19420202,PRCP,137,,,a,
ASN00041110,19420203,PRCP,0,,,a,
ASN00041110,19420204,PRCP,0,,,a,
ASN00041110,19420205,PRCP,0,,,a,
ASN00041110,19420206,PRCP,0,,,a,
ASN00041110,19420207,PRCP,0,,,a,
ASN00041110,19420208,PRCP,0,,,a,
ASN00041110,19420209,PRCP,399,,,a,
ASN00041110,19420210,PRCP,859,,,a,
ASN00041110,19420211,PRCP,66,,,a,
ASN00041110,19420212,PRCP,0,,,a,
ASN00041110,19420213,PRCP,0,,,a,
ASN00041110,19420214,PRCP,0,,,a,
ASN00041110,19420215,PRCP,0,,,a,
ASN00041110,19420216,PRCP,0,,,a,
ASN00041110,19420217,PRCP,13,,,a,
ASN00041110,19420218,PRCP,0,,,a,
ASN00041110,19420219,PRCP,0,,,a,
ASN00041110,19420220,PRCP,25,,,a,
ASN00041110,19420221,PRCP,0,,,a,
ASN00041110,19420222,PRCP,0,,,a,
ASN00041110,19420223,PRCP,0,,,a,
ASN00041110,19420224,PRCP,0,,,a,
ASN00041110,19420225,PRCP,0,,,a,
ASN00041110,19420226,PRCP,0,,,a,
ASN00041110,19420227,PRCP,0,,,a,
ASN00041110,19420228,PRCP,0,,,a,
ASN00041110,19420301,PRCP,0,,,a,
ASN00041110,19420302,PRCP,0,,,a,
ASN00041110,19420303,PRCP,0,,,a,
ASN00041110,19420304,PRCP,0,,,a,
ASN00041110,19420305,PRCP,0,,,a,
ASN00041110,19420306,PRCP,0,,,a,
ASN00041110,19420307,PRCP,0,,,a,
ASN00041110,19420308,PRCP,0,,,a,
ASN00041110,19420309,PRCP,0,,,a,
ASN00041110,19420310,PRCP,0,,,a,
ASN00041110,19420311,PRCP,0,,,a,
ASN00041110,19420312,PRCP,0,,,a,
ASN00041110,19420313,PRCP,46,,,a,
ASN00041110,19420314,PRCP,38,,,a,
ASN00041110,19420315,PRCP,0,,,a,
ASN00041110,19420316,PRCP,0,,,a,
ASN00041110,19420317,PRCP,0,,,a,
ASN00041110,19420318,PRCP,0,,,a,
ASN00041110,19420319,PRCP,0,,,a,
ASN00041110,19420320,PRCP,0,,,a,
ASN00041110,19420321,PRCP,30,,,a,
ASN00041110,19420322,PRCP,198,,,a,
ASN00041110,19420323,PRCP,0,,,a,
ASN00041110,19420324,PRCP,38,,,a,
ASN00041110,19420325,PRCP,0,,,a,
ASN00041110,19420326,PRCP,0,,,a,
ASN00041110,19420327,PRCP,0,,,a,
ASN00041110,19420328,PRCP,0,,,a,
ASN00041110,19420329,PRCP,0,,,a,
ASN00041110,19420330,PRCP,0,,,a,
ASN00041110,19420331,PRCP,0,,,a,
ASN00041110,19420401,PRCP,0,,,a,
ASN00041110,19420402,PRCP,0,,,a,
ASN00041110,19420403,PRCP,13,,,a,
ASN00041110,19420404,PRCP,0,,,a,
ASN00041110,19420405,PRCP,0,,,a,
ASN00041110,19420406,PRCP,0,,,a,
ASN00041110,19420407,PRCP,0,,,a,
ASN00041110,19420408,PRCP,0,,,a,
ASN00041110,19420409,PRCP,0,,,a,
ASN00041110,19420410,PRCP,0,,,a,
ASN00041110,19420411,PRCP,0,,,a,
ASN00041110,19420412,PRCP,0,,,a,
ASN00041110,19420413,PRCP,0,,,a,
ASN00041110,19420414,PRCP,0,,,a,
ASN00041110,19420415,PRCP,0,,,a,
ASN00041110,19420416,PRCP,0,,,a,
ASN00041110,19420417,PRCP,0,,,a,
ASN00041110,19420418,PRCP,0,,,a,
ASN00041110,19420419,PRCP,0,,,a,
ASN00041110,19420420,PRCP,0,,,a,
ASN00041110,19420421,PRCP,0,,,a,
ASN00041110,19420422,PRCP,48,,,a,
ASN00041110,19420423,PRCP,0,,,a,
ASN00041110,19420424,PRCP,0,,,a,
ASN00041110,19420425,PRCP,0,,,a,
ASN00041110,19420426,PRCP,0,,,a,
ASN00041110,19420427,PRCP,43,,,a,
ASN00041110,19420428,PRCP,0,,,a,
ASN00041110,19420429,PRCP,0,,,a,
ASN00041110,19420430,PRCP,0,,,a,
ASN00041110,19420501,PRCP,0,,,a,
ASN00041110,19420502,PRCP,0,,,a,
ASN00041110,19420503,PRCP,0,,,a,
ASN00041110,19420504,PRCP,0,,,a,
ASN00041110,19420505,PRCP,0,,,a,
ASN00041110,19420506,PRCP,36,,,a,
ASN00041110,19420507,PRCP,0,,,a,
ASN00041110,19420508,PRCP,0,,,a,
ASN00041110,19420509,PRCP,0,,,a,
ASN00041110,19420510,PRCP,0,,,a,
ASN00041110,19420511,PRCP,0,,,a,
ASN00041110,19420512,PRCP,0,,,a,
ASN00041110,19420513,PRCP,0,,,a,
ASN00041110,19420514,PRCP,0,,,a,
ASN00041110,19420515,PRCP,0,,,a,
ASN00041110,19420516,PRCP,0,,,a,
ASN00041110,19420517,PRCP,0,,,a,
ASN00041110,19420518,PRCP,0,,,a,
ASN00041110,19420519,PRCP,0,,,a,
ASN00041110,19420520,PRCP,0,,,a,
ASN00041110,19420521,PRCP,0,,,a,
ASN00041110,19420522,PRCP,0,,,a,
ASN00041110,19420523,PRCP,0,,,a,
ASN00041110,19420524,PRCP,0,,,a,
ASN00041110,19420525,PRCP,0,,,a,
ASN00041110,19420526,PRCP,0,,,a,
ASN00041110,19420527,PRCP,592,,,a,
ASN00041110,19420528,PRCP,13,,,a,
ASN00041110,19420529,PRCP,0,,,a,
ASN00041110,19420530,PRCP,0,,,a,
ASN00041110,19420531,PRCP,0,,,a,
ASN00041110,19420601,PRCP,0,,,a,
ASN00041110,19420602,PRCP,0,,,a,
ASN00041110,19420603,PRCP,0,,,a,
ASN00041110,19420604,PRCP,0,,,a,
ASN00041110,19420605,PRCP,124,,,a,
ASN00041110,19420606,PRCP,0,,,a,
ASN00041110,19420607,PRCP,0,,,a,
ASN00041110,19420608,PRCP,0,,,a,
ASN00041110,19420609,PRCP,0,,,a,
ASN00041110,19420610,PRCP,0,,,a,
ASN00041110,19420611,PRCP,0,,,a,
ASN00041110,19420612,PRCP,0,,,a,
ASN00041110,19420613,PRCP,0,,,a,
ASN00041110,19420614,PRCP,0,,,a,
ASN00041110,19420615,PRCP,0,,,a,
ASN00041110,19420616,PRCP,48,,,a,
ASN00041110,19420617,PRCP,0,,,a,
ASN00041110,19420618,PRCP,0,,,a,
ASN00041110,19420619,PRCP,0,,,a,
ASN00041110,19420620,PRCP,0,,,a,
ASN00041110,19420621,PRCP,71,,,a,
ASN00041110,19420622,PRCP,0,,,a,
ASN00041110,19420623,PRCP,0,,,a,
ASN00041110,19420624,PRCP,0,,,a,
ASN00041110,19420625,PRCP,0,,,a,
ASN00041110,19420626,PRCP,0,,,a,
ASN00041110,19420627,PRCP,0,,,a,
ASN00041110,19420628,PRCP,66,,,a,
ASN00041110,19420629,PRCP,0,,,a,
ASN00041110,19420630,PRCP,0,,,a,
ASN00041110,19420701,PRCP,0,,,a,
ASN00041110,19420702,PRCP,0,,,a,
ASN00041110,19420703,PRCP,0,,,a,
ASN00041110,19420704,PRCP,0,,,a,
ASN00041110,19420705,PRCP,0,,,a,
ASN00041110,19420706,PRCP,0,,,a,
ASN00041110,19420707,PRCP,13,,,a,
ASN00041110,19420708,PRCP,0,,,a,
ASN00041110,19420709,PRCP,0,,,a,
ASN00041110,19420710,PRCP,0,,,a,
ASN00041110,19420711,PRCP,0,,,a,
ASN00041110,19420712,PRCP,320,,,a,
ASN00041110,19420713,PRCP,0,,,a,
ASN00041110,19420714,PRCP,0,,,a,
ASN00041110,19420715,PRCP,0,,,a,
ASN00041110,19420716,PRCP,135,,,a,
ASN00041110,19420717,PRCP,0,,,a,
ASN00041110,19420718,PRCP,0,,,a,
ASN00041110,19420719,PRCP,0,,,a,
ASN00041110,19420720,PRCP,0,,,a,
ASN00041110,19420721,PRCP,89,,,a,
ASN00041110,19420722,PRCP,0,,,a,
ASN00041110,19420723,PRCP,0,,,a,
ASN00041110,19420724,PRCP,0,,,a,
ASN00041110,19420725,PRCP,74,,,a,
ASN00041110,19420726,PRCP,0,,,a,
ASN00041110,19420727,PRCP,0,,,a,
ASN00041110,19420728,PRCP,0,,,a,
ASN00041110,19420729,PRCP,0,,,a,
ASN00041110,19420730,PRCP,0,,,a,
ASN00041110,19420731,PRCP,0,,,a,
ASN00041110,19420801,PRCP,0,,,a,
ASN00041110,19420802,PRCP,13,,,a,
ASN00041110,19420803,PRCP,0,,,a,
ASN00041110,19420804,PRCP,0,,,a,
ASN00041110,19420805,PRCP,38,,,a,
ASN00041110,19420806,PRCP,0,,,a,
ASN00041110,19420807,PRCP,0,,,a,
ASN00041110,19420808,PRCP,5,,,a,
ASN00041110,19420809,PRCP,0,,,a,
ASN00041110,19420810,PRCP,0,,,a,
ASN00041110,19420811,PRCP,0,,,a,
ASN00041110,19420812,PRCP,0,,,a,
ASN00041110,19420813,PRCP,74,,,a,
ASN00041110,19420814,PRCP,0,,,a,
ASN00041110,19420815,PRCP,0,,,a,
ASN00041110,19420816,PRCP,0,,,a,
ASN00041110,19420817,PRCP,0,,,a,
ASN00041110,19420818,PRCP,0,,,a,
ASN00041110,19420819,PRCP,0,,,a,
ASN00041110,19420820,PRCP,0,,,a,
ASN00041110,19420821,PRCP,0,,,a,
ASN00041110,19420822,PRCP,0,,,a,
ASN00041110,19420823,PRCP,79,,,a,
ASN00041110,19420824,PRCP,13,,,a,
ASN00041110,19420825,PRCP,0,,,a,
ASN00041110,19420826,PRCP,0,,,a,
ASN00041110,19420827,PRCP,0,,,a,
ASN00041110,19420828,PRCP,0,,,a,
ASN00041110,19420829,PRCP,0,,,a,
ASN00041110,19420830,PRCP,0,,,a,
ASN00041110,19420831,PRCP,0,,,a,
ASN00041110,19420901,PRCP,0,,,a,
ASN00041110,19420902,PRCP,0,,,a,
ASN00041110,19420903,PRCP,0,,,a,
ASN00041110,19420904,PRCP,0,,,a,
ASN00041110,19420905,PRCP,0,,,a,
ASN00041110,19420906,PRCP,13,,,a,
ASN00041110,19420907,PRCP,0,,,a,
ASN00041110,19420908,PRCP,0,,,a,
ASN00041110,19420909,PRCP,0,,,a,
ASN00041110,19420910,PRCP,0,,,a,
ASN00041110,19420911,PRCP,0,,,a,
ASN00041110,19420912,PRCP,74,,,a,
ASN00041110,19420913,PRCP,0,,,a,
ASN00041110,19420914,PRCP,0,,,a,
ASN00041110,19420915,PRCP,0,,,a,
ASN00041110,19420916,PRCP,10,,,a,
ASN00041110,19420917,PRCP,0,,,a,
ASN00041110,19420918,PRCP,0,,,a,
ASN00041110,19420919,PRCP,0,,,a,
ASN00041110,19420920,PRCP,0,,,a,
ASN00041110,19420921,PRCP,0,,,a,
ASN00041110,19420922,PRCP,0,,,a,
ASN00041110,19420923,PRCP,79,,,a,
ASN00041110,19420924,PRCP,0,,,a,
ASN00041110,19420925,PRCP,0,,,a,
ASN00041110,19420926,PRCP,0,,,a,
ASN00041110,19420927,PRCP,0,,,a,
ASN00041110,19420928,PRCP,0,,,a,
ASN00041110,19420929,PRCP,0,,,a,
ASN00041110,19420930,PRCP,0,,,a,
ASN00041110,19421001,PRCP,0,,,a,
ASN00041110,19421002,PRCP,0,,,a,
ASN00041110,19421003,PRCP,0,,,a,
ASN00041110,19421004,PRCP,0,,,a,
ASN00041110,19421005,PRCP,0,,,a,
ASN00041110,19421006,PRCP,0,,,a,
ASN00041110,19421007,PRCP,0,,,a,
ASN00041110,19421008,PRCP,0,,,a,
ASN00041110,19421009,PRCP,0,,,a,
ASN00041110,19421010,PRCP,0,,,a,
ASN00041110,19421011,PRCP,655,,,a,
ASN00041110,19421012,PRCP,0,,,a,
ASN00041110,19421013,PRCP,0,,,a,
ASN00041110,19421014,PRCP,0,,,a,
ASN00041110,19421015,PRCP,0,,,a,
ASN00041110,19421016,PRCP,0,,,a,
ASN00041110,19421017,PRCP,0,,,a,
ASN00041110,19421018,PRCP,15,,,a,
ASN00041110,19421019,PRCP,0,,,a,
ASN00041110,19421020,PRCP,0,,,a,
ASN00041110,19421021,PRCP,0,,,a,
ASN00041110,19421022,PRCP,0,,,a,
ASN00041110,19421023,PRCP,0,,,a,
ASN00041110,19421024,PRCP,0,,,a,
ASN00041110,19421025,PRCP,0,,,a,
ASN00041110,19421026,PRCP,0,,,a,
ASN00041110,19421027,PRCP,64,,,a,
ASN00041110,19421028,PRCP,0,,,a,
ASN00041110,19421029,PRCP,0,,,a,
ASN00041110,19421030,PRCP,0,,,a,
ASN00041110,19421031,PRCP,0,,,a,
ASN00041110,19421101,PRCP,0,,,a,
ASN00041110,19421102,PRCP,157,,,a,
ASN00041110,19421103,PRCP,0,,,a,
ASN00041110,19421104,PRCP,0,,,a,
ASN00041110,19421105,PRCP,0,,,a,
ASN00041110,19421106,PRCP,0,,,a,
ASN00041110,19421107,PRCP,264,,,a,
ASN00041110,19421108,PRCP,0,,,a,
ASN00041110,19421109,PRCP,0,,,a,
ASN00041110,19421110,PRCP,0,,,a,
ASN00041110,19421111,PRCP,0,,,a,
ASN00041110,19421112,PRCP,0,,,a,
ASN00041110,19421113,PRCP,0,,,a,
ASN00041110,19421114,PRCP,0,,,a,
ASN00041110,19421115,PRCP,0,,,a,
ASN00041110,19421116,PRCP,66,,,a,
ASN00041110,19421117,PRCP,0,,,a,
ASN00041110,19421118,PRCP,0,,,a,
ASN00041110,19421119,PRCP,0,,,a,
ASN00041110,19421120,PRCP,0,,,a,
ASN00041110,19421121,PRCP,0,,,a,
ASN00041110,19421122,PRCP,0,,,a,
ASN00041110,19421123,PRCP,38,,,a,
ASN00041110,19421124,PRCP,0,,,a,
ASN00041110,19421125,PRCP,0,,,a,
ASN00041110,19421126,PRCP,0,,,a,
ASN00041110,19421127,PRCP,0,,,a,
ASN00041110,19421128,PRCP,0,,,a,
ASN00041110,19421129,PRCP,0,,,a,
ASN00041110,19421130,PRCP,0,,,a,
ASN00041110,19421201,PRCP,13,,,a,
ASN00041110,19421202,PRCP,0,,,a,
ASN00041110,19421203,PRCP,0,,,a,
ASN00041110,19421204,PRCP,0,,,a,
ASN00041110,19421205,PRCP,0,,,a,
ASN00041110,19421206,PRCP,0,,,a,
ASN00041110,19421207,PRCP,0,,,a,
ASN00041110,19421208,PRCP,0,,,a,
ASN00041110,19421209,PRCP,8,,,a,
ASN00041110,19421210,PRCP,0,,,a,
ASN00041110,19421211,PRCP,89,,,a,
ASN00041110,19421212,PRCP,107,,,a,
ASN00041110,19421213,PRCP,0,,,a,
ASN00041110,19421214,PRCP,389,,,a,
ASN00041110,19421215,PRCP,0,,,a,
ASN00041110,19421216,PRCP,0,,,a,
ASN00041110,19421217,PRCP,0,,,a,
ASN00041110,19421218,PRCP,0,,,a,
ASN00041110,19421219,PRCP,0,,,a,
ASN00041110,19421220,PRCP,0,,,a,
ASN00041110,19421221,PRCP,0,,,a,
ASN00041110,19421222,PRCP,0,,,a,
ASN00041110,19421223,PRCP,0,,,a,
ASN00041110,19421224,PRCP,0,,,a,
ASN00041110,19421225,PRCP,0,,,a,
ASN00041110,19421226,PRCP,61,,,a,
ASN00041110,19421227,PRCP,216,,,a,
ASN00041110,19421228,PRCP,107,,,a,
ASN00041110,19421229,PRCP,0,,,a,
ASN00041110,19421230,PRCP,701,,,a,
ASN00041110,19421231,PRCP,330,,,a,
ASN00041110,19430101,PRCP,66,,,a,
ASN00041110,19430102,PRCP,0,,,a,
ASN00041110,19430103,PRCP,157,,,a,
ASN00041110,19430104,PRCP,0,,,a,
ASN00041110,19430105,PRCP,135,,,a,
ASN00041110,19430106,PRCP,0,,,a,
ASN00041110,19430107,PRCP,0,,,a,
ASN00041110,19430108,PRCP,0,,,a,
ASN00041110,19430109,PRCP,0,,,a,
ASN00041110,19430110,PRCP,0,,,a,
ASN00041110,19430111,PRCP,0,,,a,
ASN00041110,19430112,PRCP,0,,,a,
ASN00041110,19430113,PRCP,41,,,a,
ASN00041110,19430114,PRCP,249,,,a,
ASN00041110,19430115,PRCP,127,,,a,
ASN00041110,19430116,PRCP,0,,,a,
ASN00041110,19430117,PRCP,0,,,a,
ASN00041110,19430118,PRCP,0,,,a,
ASN00041110,19430119,PRCP,0,,,a,
ASN00041110,19430120,PRCP,0,,,a,
ASN00041110,19430121,PRCP,0,,,a,
ASN00041110,19430122,PRCP,251,,,a,
ASN00041110,19430123,PRCP,0,,,a,
ASN00041110,19430124,PRCP,0,,,a,
ASN00041110,19430125,PRCP,0,,,a,
ASN00041110,19430126,PRCP,0,,,a,
ASN00041110,19430127,PRCP,0,,,a,
ASN00041110,19430128,PRCP,0,,,a,
ASN00041110,19430129,PRCP,0,,,a,
ASN00041110,19430130,PRCP,0,,,a,
ASN00041110,19430131,PRCP,0,,,a,
ASN00041110,19430201,PRCP,0,,,a,
ASN00041110,19430202,PRCP,0,,,a,
ASN00041110,19430203,PRCP,0,,,a,
ASN00041110,19430204,PRCP,163,,,a,
ASN00041110,19430205,PRCP,0,,,a,
ASN00041110,19430206,PRCP,0,,,a,
ASN00041110,19430207,PRCP,0,,,a,
ASN00041110,19430208,PRCP,0,,,a,
ASN00041110,19430209,PRCP,0,,,a,
ASN00041110,19430210,PRCP,0,,,a,
ASN00041110,19430211,PRCP,0,,,a,
ASN00041110,19430212,PRCP,0,,,a,
ASN00041110,19430213,PRCP,0,,,a,
ASN00041110,19430214,PRCP,0,,,a,
ASN00041110,19430215,PRCP,0,,,a,
ASN00041110,19430216,PRCP,0,,,a,
ASN00041110,19430217,PRCP,0,,,a,
ASN00041110,19430218,PRCP,0,,,a,
ASN00041110,19430219,PRCP,0,,,a,
ASN00041110,19430220,PRCP,107,,,a,
ASN00041110,19430221,PRCP,0,,,a,
ASN00041110,19430222,PRCP,0,,,a,
ASN00041110,19430223,PRCP,0,,,a,
ASN00041110,19430224,PRCP,0,,,a,
ASN00041110,19430225,PRCP,0,,,a,
ASN00041110,19430226,PRCP,0,,,a,
ASN00041110,19430227,PRCP,0,,,a,
ASN00041110,19430228,PRCP,0,,,a,
ASN00041110,19430301,PRCP,0,,,a,
ASN00041110,19430302,PRCP,0,,,a,
ASN00041110,19430303,PRCP,0,,,a,
ASN00041110,19430304,PRCP,0,,,a,
ASN00041110,19430305,PRCP,0,,,a,
ASN00041110,19430306,PRCP,0,,,a,
ASN00041110,19430307,PRCP,0,,,a,
ASN00041110,19430308,PRCP,0,,,a,
ASN00041110,19430309,PRCP,0,,,a,
ASN00041110,19430310,PRCP,0,,,a,
ASN00041110,19430311,PRCP,0,,,a,
ASN00041110,19430312,PRCP,0,,,a,
ASN00041110,19430313,PRCP,0,,,a,
ASN00041110,19430314,PRCP,0,,,a,
ASN00041110,19430315,PRCP,0,,,a,
ASN00041110,19430316,PRCP,0,,,a,
ASN00041110,19430317,PRCP,0,,,a,
ASN00041110,19430318,PRCP,0,,,a,
ASN00041110,19430319,PRCP,0,,,a,
ASN00041110,19430320,PRCP,0,,,a,
ASN00041110,19430321,PRCP,0,,,a,
ASN00041110,19430322,PRCP,0,,,a,
ASN00041110,19430323,PRCP,0,,,a,
ASN00041110,19430324,PRCP,0,,,a,
ASN00041110,19430325,PRCP,0,,,a,
ASN00041110,19430326,PRCP,0,,,a,
ASN00041110,19430327,PRCP,0,,,a,
ASN00041110,19430328,PRCP,0,,,a,
ASN00041110,19430329,PRCP,38,,,a,
ASN00041110,19430330,PRCP,0,,,a,
ASN00041110,19430331,PRCP,0,,,a,
ASN00041110,19430401,PRCP,20,,,a,
ASN00041110,19430402,PRCP,0,,,a,
ASN00041110,19430403,PRCP,0,,,a,
ASN00041110,19430404,PRCP,0,,,a,
ASN00041110,19430405,PRCP,0,,,a,
ASN00041110,19430406,PRCP,0,,,a,
ASN00041110,19430407,PRCP,0,,,a,
ASN00041110,19430408,PRCP,0,,,a,
ASN00041110,19430409,PRCP,0,,,a,
ASN00041110,19430410,PRCP,0,,,a,
ASN00041110,19430411,PRCP,124,,,a,
ASN00041110,19430412,PRCP,0,,,a,
ASN00041110,19430413,PRCP,64,,,a,
ASN00041110,19430414,PRCP,0,,,a,
ASN00041110,19430415,PRCP,0,,,a,
ASN00041110,19430416,PRCP,0,,,a,
ASN00041110,19430417,PRCP,0,,,a,
ASN00041110,19430418,PRCP,0,,,a,
ASN00041110,19430419,PRCP,0,,,a,
ASN00041110,19430420,PRCP,0,,,a,
ASN00041110,19430421,PRCP,0,,,a,
ASN00041110,19430422,PRCP,20,,,a,
ASN00041110,19430423,PRCP,0,,,a,
ASN00041110,19430424,PRCP,0,,,a,
ASN00041110,19430425,PRCP,0,,,a,
ASN00041110,19430426,PRCP,0,,,a,
ASN00041110,19430427,PRCP,0,,,a,
ASN00041110,19430428,PRCP,0,,,a,
ASN00041110,19430429,PRCP,0,,,a,
ASN00041110,19430430,PRCP,0,,,a,
ASN00041110,19430501,PRCP,0,,,a,
ASN00041110,19430502,PRCP,0,,,a,
ASN00041110,19430503,PRCP,0,,,a,
ASN00041110,19430504,PRCP,0,,,a,
ASN00041110,19430505,PRCP,0,,,a,
ASN00041110,19430506,PRCP,0,,,a,
ASN00041110,19430507,PRCP,0,,,a,
ASN00041110,19430508,PRCP,0,,,a,
ASN00041110,19430509,PRCP,0,,,a,
ASN00041110,19430510,PRCP,0,,,a,
ASN00041110,19430511,PRCP,0,,,a,
ASN00041110,19430512,PRCP,0,,,a,
ASN00041110,19430513,PRCP,0,,,a,
ASN00041110,19430514,PRCP,0,,,a,
ASN00041110,19430515,PRCP,79,,,a,
ASN00041110,19430516,PRCP,38,,,a,
ASN00041110,19430517,PRCP,0,,,a,
ASN00041110,19430518,PRCP,25,,,a,
ASN00041110,19430519,PRCP,0,,,a,
ASN00041110,19430520,PRCP,0,,,a,
ASN00041110,19430521,PRCP,0,,,a,
ASN00041110,19430522,PRCP,0,,,a,
ASN00041110,19430523,PRCP,0,,,a,
ASN00041110,19430524,PRCP,0,,,a,
ASN00041110,19430525,PRCP,0,,,a,
ASN00041110,19430526,PRCP,0,,,a,
ASN00041110,19430527,PRCP,0,,,a,
ASN00041110,19430528,PRCP,0,,,a,
ASN00041110,19430529,PRCP,0,,,a,
ASN00041110,19430530,PRCP,0,,,a,
ASN00041110,19430531,PRCP,381,,,a,
ASN00041110,19430601,PRCP,320,,,a,
ASN00041110,19430602,PRCP,0,,,a,
ASN00041110,19430603,PRCP,0,,,a,
ASN00041110,19430604,PRCP,0,,,a,
ASN00041110,19430605,PRCP,0,,,a,
ASN00041110,19430606,PRCP,0,,,a,
ASN00041110,19430607,PRCP,0,,,a,
ASN00041110,19430608,PRCP,0,,,a,
ASN00041110,19430609,PRCP,0,,,a,
ASN00041110,19430610,PRCP,0,,,a,
ASN00041110,19430611,PRCP,0,,,a,
ASN00041110,19430612,PRCP,0,,,a,
ASN00041110,19430613,PRCP,0,,,a,
ASN00041110,19430614,PRCP,13,,,a,
ASN00041110,19430615,PRCP,0,,,a,
ASN00041110,19430616,PRCP,0,,,a,
ASN00041110,19430617,PRCP,0,,,a,
ASN00041110,19430618,PRCP,0,,,a,
ASN00041110,19430619,PRCP,0,,,a,
ASN00041110,19430620,PRCP,0,,,a,
ASN00041110,19430621,PRCP,13,,,a,
ASN00041110,19430622,PRCP,0,,,a,
ASN00041110,19430623,PRCP,0,,,a,
ASN00041110,19430624,PRCP,0,,,a,
ASN00041110,19430625,PRCP,0,,,a,
ASN00041110,19430626,PRCP,0,,,a,
ASN00041110,19430627,PRCP,0,,,a,
ASN00041110,19430628,PRCP,0,,,a,
ASN00041110,19430629,PRCP,0,,,a,
ASN00041110,19430630,PRCP,0,,,a,
ASN00041110,19430701,PRCP,0,,,a,
ASN00041110,19430702,PRCP,0,,,a,
ASN00041110,19430703,PRCP,0,,,a,
ASN00041110,19430704,PRCP,0,,,a,
ASN00041110,19430705,PRCP,89,,,a,
ASN00041110,19430706,PRCP,0,,,a,
ASN00041110,19430707,PRCP,0,,,a,
ASN00041110,19430708,PRCP,0,,,a,
ASN00041110,19430709,PRCP,0,,,a,
ASN00041110,19430710,PRCP,0,,,a,
ASN00041110,19430711,PRCP,0,,,a,
ASN00041110,19430712,PRCP,0,,,a,
ASN00041110,19430713,PRCP,0,,,a,
ASN00041110,19430714,PRCP,64,,,a,
ASN00041110,19430715,PRCP,0,,,a,
ASN00041110,19430716,PRCP,0,,,a,
ASN00041110,19430717,PRCP,0,,,a,
ASN00041110,19430718,PRCP,0,,,a,
ASN00041110,19430719,PRCP,0,,,a,
ASN00041110,19430720,PRCP,53,,,a,
ASN00041110,19430721,PRCP,0,,,a,
ASN00041110,19430722,PRCP,0,,,a,
ASN00041110,19430723,PRCP,0,,,a,
ASN00041110,19430724,PRCP,0,,,a,
ASN00041110,19430725,PRCP,0,,,a,
ASN00041110,19430726,PRCP,0,,,a,
ASN00041110,19430727,PRCP,20,,,a,
ASN00041110,19430728,PRCP,0,,,a,
ASN00041110,19430729,PRCP,0,,,a,
ASN00041110,19430730,PRCP,0,,,a,
ASN00041110,19430731,PRCP,0,,,a,
ASN00041110,19430801,PRCP,0,,,a,
ASN00041110,19430802,PRCP,0,,,a,
ASN00041110,19430803,PRCP,0,,,a,
ASN00041110,19430804,PRCP,0,,,a,
ASN00041110,19430805,PRCP,0,,,a,
ASN00041110,19430806,PRCP,0,,,a,
ASN00041110,19430807,PRCP,104,,,a,
ASN00041110,19430808,PRCP,109,,,a,
ASN00041110,19430809,PRCP,0,,,a,
ASN00041110,19430810,PRCP,79,,,a,
ASN00041110,19430811,PRCP,86,,,a,
ASN00041110,19430812,PRCP,20,,,a,
ASN00041110,19430813,PRCP,58,,,a,
ASN00041110,19430814,PRCP,0,,,a,
ASN00041110,19430815,PRCP,0,,,a,
ASN00041110,19430816,PRCP,20,,,a,
ASN00041110,19430817,PRCP,0,,,a,
ASN00041110,19430818,PRCP,0,,,a,
ASN00041110,19430819,PRCP,0,,,a,
ASN00041110,19430820,PRCP,0,,,a,
ASN00041110,19430821,PRCP,0,,,a,
ASN00041110,19430822,PRCP,0,,,a,
ASN00041110,19430823,PRCP,13,,,a,
ASN00041110,19430824,PRCP,0,,,a,
ASN00041110,19430825,PRCP,0,,,a,
ASN00041110,19430826,PRCP,0,,,a,
ASN00041110,19430827,PRCP,0,,,a,
ASN00041110,19430828,PRCP,0,,,a,
ASN00041110,19430829,PRCP,0,,,a,
ASN00041110,19430830,PRCP,0,,,a,
ASN00041110,19430831,PRCP,295,,,a,
ASN00041110,19430901,PRCP,84,,,a,
ASN00041110,19430902,PRCP,0,,,a,
ASN00041110,19430903,PRCP,0,,,a,
ASN00041110,19430904,PRCP,0,,,a,
ASN00041110,19430905,PRCP,0,,,a,
ASN00041110,19430906,PRCP,61,,,a,
ASN00041110,19430907,PRCP,0,,,a,
ASN00041110,19430908,PRCP,0,,,a,
ASN00041110,19430909,PRCP,0,,,a,
ASN00041110,19430910,PRCP,0,,,a,
ASN00041110,19430911,PRCP,0,,,a,
ASN00041110,19430912,PRCP,0,,,a,
ASN00041110,19430913,PRCP,0,,,a,
ASN00041110,19430914,PRCP,0,,,a,
ASN00041110,19430915,PRCP,0,,,a,
ASN00041110,19430916,PRCP,0,,,a,
ASN00041110,19430917,PRCP,0,,,a,
ASN00041110,19430918,PRCP,0,,,a,
ASN00041110,19430919,PRCP,0,,,a,
ASN00041110,19430920,PRCP,0,,,a,
ASN00041110,19430921,PRCP,0,,,a,
ASN00041110,19430922,PRCP,0,,,a,
ASN00041110,19430923,PRCP,0,,,a,
ASN00041110,19430924,PRCP,0,,,a,
ASN00041110,19430925,PRCP,0,,,a,
ASN00041110,19430926,PRCP,0,,,a,
ASN00041110,19430927,PRCP,0,,,a,
ASN00041110,19430928,PRCP,130,,,a,
ASN00041110,19430929,PRCP,43,,,a,
ASN00041110,19430930,PRCP,0,,,a,
ASN00041110,19431001,PRCP,0,,,a,
ASN00041110,19431002,PRCP,0,,,a,
ASN00041110,19431003,PRCP,0,,,a,
ASN00041110,19431004,PRCP,279,,,a,
ASN00041110,19431005,PRCP,109,,,a,
ASN00041110,19431006,PRCP,0,,,a,
ASN00041110,19431007,PRCP,0,,,a,
ASN00041110,19431008,PRCP,0,,,a,
ASN00041110,19431009,PRCP,0,,,a,
ASN00041110,19431010,PRCP,0,,,a,
ASN00041110,19431011,PRCP,0,,,a,
ASN00041110,19431012,PRCP,97,,,a,
ASN00041110,19431013,PRCP,0,,,a,
ASN00041110,19431014,PRCP,0,,,a,
ASN00041110,19431015,PRCP,0,,,a,
ASN00041110,19431016,PRCP,0,,,a,
ASN00041110,19431017,PRCP,0,,,a,
ASN00041110,19431018,PRCP,48,,,a,
ASN00041110,19431019,PRCP,0,,,a,
ASN00041110,19431020,PRCP,145,,,a,
ASN00041110,19431021,PRCP,0,,,a,
ASN00041110,19431022,PRCP,0,,,a,
ASN00041110,19431023,PRCP,99,,,a,
ASN00041110,19431024,PRCP,64,,,a,
ASN00041110,19431025,PRCP,58,,,a,
ASN00041110,19431026,PRCP,0,,,a,
ASN00041110,19431027,PRCP,0,,,a,
ASN00041110,19431028,PRCP,0,,,a,
ASN00041110,19431029,PRCP,0,,,a,
ASN00041110,19431030,PRCP,0,,,a,
ASN00041110,19431031,PRCP,0,,,a,
ASN00041110,19431101,PRCP,0,,,a,
ASN00041110,19431102,PRCP,0,,,a,
ASN00041110,19431103,PRCP,0,,,a,
ASN00041110,19431104,PRCP,0,,,a,
ASN00041110,19431105,PRCP,0,,,a,
ASN00041110,19431106,PRCP,0,,,a,
ASN00041110,19431107,PRCP,0,,,a,
ASN00041110,19431108,PRCP,358,,,a,
ASN00041110,19431109,PRCP,28,,,a,
ASN00041110,19431110,PRCP,0,,,a,
ASN00041110,19431111,PRCP,0,,,a,
ASN00041110,19431112,PRCP,0,,,a,
ASN00041110,19431113,PRCP,0,,,a,
ASN00041110,19431114,PRCP,0,,,a,
ASN00041110,19431115,PRCP,231,,,a,
ASN00041110,19431116,PRCP,25,,,a,
ASN00041110,19431117,PRCP,0,,,a,
ASN00041110,19431118,PRCP,0,,,a,
ASN00041110,19431119,PRCP,343,,,a,
ASN00041110,19431120,PRCP,38,,,a,
ASN00041110,19431121,PRCP,0,,,a,
ASN00041110,19431122,PRCP,0,,,a,
ASN00041110,19431123,PRCP,0,,,a,
ASN00041110,19431124,PRCP,0,,,a,
ASN00041110,19431125,PRCP,0,,,a,
ASN00041110,19431126,PRCP,0,,,a,
ASN00041110,19431127,PRCP,0,,,a,
ASN00041110,19431128,PRCP,23,,,a,
ASN00041110,19431129,PRCP,0,,,a,
ASN00041110,19431130,PRCP,0,,,a,
ASN00041110,19431201,PRCP,0,,,a,
ASN00041110,19431202,PRCP,0,,,a,
ASN00041110,19431203,PRCP,0,,,a,
ASN00041110,19431204,PRCP,224,,,a,
ASN00041110,19431205,PRCP,0,,,a,
ASN00041110,19431206,PRCP,0,,,a,
ASN00041110,19431207,PRCP,0,,,a,
ASN00041110,19431208,PRCP,0,,,a,
ASN00041110,19431209,PRCP,0,,,a,
ASN00041110,19431210,PRCP,0,,,a,
ASN00041110,19431211,PRCP,0,,,a,
ASN00041110,19431212,PRCP,20,,,a,
ASN00041110,19431213,PRCP,0,,,a,
ASN00041110,19431214,PRCP,38,,,a,
ASN00041110,19431215,PRCP,0,,,a,
ASN00041110,19431216,PRCP,0,,,a,
ASN00041110,19431217,PRCP,325,,,a,
ASN00041110,19431218,PRCP,330,,,a,
ASN00041110,19431219,PRCP,135,,,a,
ASN00041110,19431220,PRCP,0,,,a,
ASN00041110,19431221,PRCP,0,,,a,
ASN00041110,19431222,PRCP,0,,,a,
ASN00041110,19431223,PRCP,0,,,a,
ASN00041110,19431224,PRCP,0,,,a,
ASN00041110,19431225,PRCP,0,,,a,
ASN00041110,19431226,PRCP,0,,,a,
ASN00041110,19431227,PRCP,114,,,a,
ASN00041110,19431228,PRCP,114,,,a,
ASN00041110,19431229,PRCP,447,,,a,
ASN00041110,19431230,PRCP,0,,,a,
ASN00041110,19431231,PRCP,0,,,a,
ASN00041110,19440101,PRCP,0,,,a,
ASN00041110,19440102,PRCP,0,,,a,
ASN00041110,19440103,PRCP,0,,,a,
ASN00041110,19440104,PRCP,0,,,a,
ASN00041110,19440105,PRCP,119,,,a,
ASN00041110,19440106,PRCP,15,,,a,
ASN00041110,19440107,PRCP,0,,,a,
ASN00041110,19440108,PRCP,0,,,a,
ASN00041110,19440109,PRCP,0,,,a,
ASN00041110,19440110,PRCP,0,,,a,
ASN00041110,19440111,PRCP,0,,,a,
ASN00041110,19440112,PRCP,114,,,a,
ASN00041110,19440113,PRCP,0,,,a,
ASN00041110,19440114,PRCP,86,,,a,
ASN00041110,19440115,PRCP,0,,,a,
ASN00041110,19440116,PRCP,0,,,a,
ASN00041110,19440117,PRCP,0,,,a,
ASN00041110,19440118,PRCP,0,,,a,
ASN00041110,19440119,PRCP,0,,,a,
ASN00041110,19440120,PRCP,0,,,a,
ASN00041110,19440121,PRCP,0,,,a,
ASN00041110,19440122,PRCP,0,,,a,
ASN00041110,19440123,PRCP,0,,,a,
ASN00041110,19440124,PRCP,0,,,a,
ASN00041110,19440125,PRCP,76,,,a,
ASN00041110,19440126,PRCP,927,,,a,
ASN00041110,19440127,PRCP,157,,,a,
ASN00041110,19440128,PRCP,0,,,a,
ASN00041110,19440129,PRCP,0,,,a,
ASN00041110,19440130,PRCP,0,,,a,
ASN00041110,19440131,PRCP,0,,,a,
ASN00041110,19440201,PRCP,0,,,a,
ASN00041110,19440202,PRCP,0,,,a,
ASN00041110,19440203,PRCP,0,,,a,
ASN00041110,19440204,PRCP,0,,,a,
ASN00041110,19440205,PRCP,0,,,a,
ASN00041110,19440206,PRCP,0,,,a,
ASN00041110,19440207,PRCP,0,,,a,
ASN00041110,19440208,PRCP,76,,,a,
ASN00041110,19440209,PRCP,216,,,a,
ASN00041110,19440210,PRCP,0,,,a,
ASN00041110,19440211,PRCP,0,,,a,
ASN00041110,19440212,PRCP,0,,,a,
ASN00041110,19440213,PRCP,0,,,a,
ASN00041110,19440214,PRCP,0,,,a,
ASN00041110,19440215,PRCP,0,,,a,
ASN00041110,19440216,PRCP,0,,,a,
ASN00041110,19440217,PRCP,0,,,a,
ASN00041110,19440218,PRCP,64,,,a,
ASN00041110,19440219,PRCP,0,,,a,
ASN00041110,19440220,PRCP,0,,,a,
ASN00041110,19440221,PRCP,0,,,a,
ASN00041110,19440222,PRCP,69,,,a,
ASN00041110,19440223,PRCP,0,,,a,
ASN00041110,19440224,PRCP,89,,,a,
ASN00041110,19440225,PRCP,0,,,a,
ASN00041110,19440226,PRCP,0,,,a,
ASN00041110,19440227,PRCP,0,,,a,
ASN00041110,19440228,PRCP,0,,,a,
ASN00041110,19440229,PRCP,13,,,a,
ASN00041110,19440301,PRCP,89,,,a,
ASN00041110,19440302,PRCP,0,,,a,
ASN00041110,19440303,PRCP,0,,,a,
ASN00041110,19440304,PRCP,0,,,a,
ASN00041110,19440305,PRCP,0,,,a,
ASN00041110,19440306,PRCP,0,,,a,
ASN00041110,19440307,PRCP,0,,,a,
ASN00041110,19440308,PRCP,0,,,a,
ASN00041110,19440309,PRCP,0,,,a,
ASN00041110,19440310,PRCP,0,,,a,
ASN00041110,19440311,PRCP,0,,,a,
ASN00041110,19440312,PRCP,0,,,a,
ASN00041110,19440313,PRCP,0,,,a,
ASN00041110,19440314,PRCP,0,,,a,
ASN00041110,19440315,PRCP,0,,,a,
ASN00041110,19440316,PRCP,0,,,a,
ASN00041110,19440317,PRCP,0,,,a,
ASN00041110,19440318,PRCP,0,,,a,
ASN00041110,19440319,PRCP,0,,,a,
ASN00041110,19440320,PRCP,0,,,a,
ASN00041110,19440321,PRCP,0,,,a,
ASN00041110,19440322,PRCP,0,,,a,
ASN00041110,19440323,PRCP,0,,,a,
ASN00041110,19440324,PRCP,0,,,a,
ASN00041110,19440325,PRCP,0,,,a,
ASN00041110,19440326,PRCP,0,,,a,
ASN00041110,19440327,PRCP,0,,,a,
ASN00041110,19440328,PRCP,0,,,a,
ASN00041110,19440329,PRCP,0,,,a,
ASN00041110,19440330,PRCP,0,,,a,
ASN00041110,19440331,PRCP,0,,,a,
ASN00041110,19440401,PRCP,0,,,a,
ASN00041110,19440402,PRCP,0,,,a,
ASN00041110,19440403,PRCP,0,,,a,
ASN00041110,19440404,PRCP,0,,,a,
ASN00041110,19440405,PRCP,0,,,a,
ASN00041110,19440406,PRCP,0,,,a,
ASN00041110,19440407,PRCP,0,,,a,
ASN00041110,19440408,PRCP,0,,,a,
ASN00041110,19440409,PRCP,198,,,a,
ASN00041110,19440410,PRCP,119,,,a,
ASN00041110,19440411,PRCP,0,,,a,
ASN00041110,19440412,PRCP,0,,,a,
ASN00041110,19440413,PRCP,0,,,a,
ASN00041110,19440414,PRCP,0,,,a,
ASN00041110,19440415,PRCP,0,,,a,
ASN00041110,19440416,PRCP,0,,,a,
ASN00041110,19440417,PRCP,0,,,a,
ASN00041110,19440418,PRCP,0,,,a,
ASN00041110,19440419,PRCP,0,,,a,
ASN00041110,19440420,PRCP,0,,,a,
ASN00041110,19440421,PRCP,0,,,a,
ASN00041110,19440422,PRCP,0,,,a,
ASN00041110,19440423,PRCP,0,,,a,
ASN00041110,19440424,PRCP,0,,,a,
ASN00041110,19440425,PRCP,0,,,a,
ASN00041110,19440426,PRCP,0,,,a,
ASN00041110,19440427,PRCP,0,,,a,
ASN00041110,19440428,PRCP,0,,,a,
ASN00041110,19440429,PRCP,0,,,a,
ASN00041110,19440430,PRCP,0,,,a,
ASN00041110,19440501,PRCP,0,,,a,
ASN00041110,19440502,PRCP,0,,,a,
ASN00041110,19440503,PRCP,0,,,a,
ASN00041110,19440504,PRCP,0,,,a,
ASN00041110,19440505,PRCP,0,,,a,
ASN00041110,19440506,PRCP,0,,,a,
ASN00041110,19440507,PRCP,0,,,a,
ASN00041110,19440508,PRCP,0,,,a,
ASN00041110,19440509,PRCP,0,,,a,
ASN00041110,19440510,PRCP,0,,,a,
ASN00041110,19440511,PRCP,0,,,a,
ASN00041110,19440512,PRCP,0,,,a,
ASN00041110,19440513,PRCP,0,,,a,
ASN00041110,19440514,PRCP,0,,,a,
ASN00041110,19440515,PRCP,89,,,a,
ASN00041110,19440516,PRCP,0,,,a,
ASN00041110,19440517,PRCP,0,,,a,
ASN00041110,19440518,PRCP,0,,,a,
ASN00041110,19440519,PRCP,0,,,a,
ASN00041110,19440520,PRCP,0,,,a,
ASN00041110,19440521,PRCP,0,,,a,
ASN00041110,19440522,PRCP,0,,,a,
ASN00041110,19440523,PRCP,79,,,a,
ASN00041110,19440524,PRCP,76,,,a,
ASN00041110,19440525,PRCP,0,,,a,
ASN00041110,19440526,PRCP,5,,,a,
ASN00041110,19440527,PRCP,0,,,a,
ASN00041110,19440528,PRCP,0,,,a,
ASN00041110,19440529,PRCP,0,,,a,
ASN00041110,19440530,PRCP,0,,,a,
ASN00041110,19440531,PRCP,0,,,a,
ASN00041110,19440601,PRCP,0,,,a,
ASN00041110,19440602,PRCP,0,,,a,
ASN00041110,19440603,PRCP,0,,,a,
ASN00041110,19440604,PRCP,0,,,a,
ASN00041110,19440605,PRCP,0,,,a,
ASN00041110,19440606,PRCP,0,,,a,
ASN00041110,19440607,PRCP,0,,,a,
ASN00041110,19440608,PRCP,0,,,a,
ASN00041110,19440609,PRCP,0,,,a,
ASN00041110,19440610,PRCP,0,,,a,
ASN00041110,19440611,PRCP,0,,,a,
ASN00041110,19440612,PRCP,157,,,a,
ASN00041110,19440613,PRCP,0,,,a,
ASN00041110,19440614,PRCP,0,,,a,
ASN00041110,19440615,PRCP,0,,,a,
ASN00041110,19440616,PRCP,97,,,a,
ASN00041110,19440617,PRCP,0,,,a,
ASN00041110,19440618,PRCP,0,,,a,
ASN00041110,19440619,PRCP,0,,,a,
ASN00041110,19440620,PRCP,0,,,a,
ASN00041110,19440621,PRCP,0,,,a,
ASN00041110,19440622,PRCP,0,,,a,
ASN00041110,19440623,PRCP,0,,,a,
ASN00041110,19440624,PRCP,0,,,a,
ASN00041110,19440625,PRCP,0,,,a,
ASN00041110,19440626,PRCP,0,,,a,
ASN00041110,19440627,PRCP,0,,,a,
ASN00041110,19440628,PRCP,0,,,a,
ASN00041110,19440629,PRCP,0,,,a,
ASN00041110,19440630,PRCP,0,,,a,
ASN00041110,19440701,PRCP,0,,,a,
ASN00041110,19440702,PRCP,0,,,a,
ASN00041110,19440703,PRCP,53,,,a,
ASN00041110,19440704,PRCP,0,,,a,
ASN00041110,19440705,PRCP,0,,,a,
ASN00041110,19440706,PRCP,0,,,a,
ASN00041110,19440707,PRCP,0,,,a,
ASN00041110,19440708,PRCP,0,,,a,
ASN00041110,19440709,PRCP,0,,,a,
ASN00041110,19440710,PRCP,0,,,a,
ASN00041110,19440711,PRCP,292,,,a,
ASN00041110,19440712,PRCP,30,,,a,
ASN00041110,19440713,PRCP,0,,,a,
ASN00041110,19440714,PRCP,0,,,a,
ASN00041110,19440715,PRCP,0,,,a,
ASN00041110,19440716,PRCP,0,,,a,
ASN00041110,19440717,PRCP,15,,,a,
ASN00041110,19440718,PRCP,0,,,a,
ASN00041110,19440719,PRCP,38,,,a,
ASN00041110,19440720,PRCP,0,,,a,
ASN00041110,19440721,PRCP,0,,,a,
ASN00041110,19440722,PRCP,0,,,a,
ASN00041110,19440723,PRCP,0,,,a,
ASN00041110,19440724,PRCP,0,,,a,
ASN00041110,19440725,PRCP,0,,,a,
ASN00041110,19440726,PRCP,0,,,a,
ASN00041110,19440727,PRCP,0,,,a,
ASN00041110,19440728,PRCP,0,,,a,
ASN00041110,19440729,PRCP,0,,,a,
ASN00041110,19440730,PRCP,0,,,a,
ASN00041110,19440731,PRCP,0,,,a,
ASN00041110,19440801,PRCP,0,,,a,
ASN00041110,19440802,PRCP,0,,,a,
ASN00041110,19440803,PRCP,0,,,a,
ASN00041110,19440804,PRCP,0,,,a,
ASN00041110,19440805,PRCP,0,,,a,
ASN00041110,19440806,PRCP,0,,,a,
ASN00041110,19440807,PRCP,0,,,a,
ASN00041110,19440808,PRCP,0,,,a,
ASN00041110,19440809,PRCP,0,,,a,
ASN00041110,19440810,PRCP,254,,,a,
ASN00041110,19440811,PRCP,5,,,a,
ASN00041110,19440812,PRCP,0,,,a,
ASN00041110,19440813,PRCP,0,,,a,
ASN00041110,19440814,PRCP,0,,,a,
ASN00041110,19440815,PRCP,0,,,a,
ASN00041110,19440816,PRCP,0,,,a,
ASN00041110,19440817,PRCP,0,,,a,
ASN00041110,19440818,PRCP,0,,,a,
ASN00041110,19440819,PRCP,0,,,a,
ASN00041110,19440820,PRCP,0,,,a,
ASN00041110,19440821,PRCP,0,,,a,
ASN00041110,19440822,PRCP,160,,,a,
ASN00041110,19440823,PRCP,343,,,a,
ASN00041110,19440824,PRCP,142,,,a,
ASN00041110,19440825,PRCP,18,,,a,
ASN00041110,19440826,PRCP,0,,,a,
ASN00041110,19440827,PRCP,0,,,a,
ASN00041110,19440828,PRCP,0,,,a,
ASN00041110,19440829,PRCP,0,,,a,
ASN00041110,19440830,PRCP,0,,,a,
ASN00041110,19440831,PRCP,0,,,a,
ASN00041110,19440901,PRCP,0,,,a,
ASN00041110,19440902,PRCP,0,,,a,
ASN00041110,19440903,PRCP,0,,,a,
ASN00041110,19440904,PRCP,0,,,a,
ASN00041110,19440905,PRCP,0,,,a,
ASN00041110,19440906,PRCP,0,,,a,
ASN00041110,19440907,PRCP,0,,,a,
ASN00041110,19440908,PRCP,0,,,a,
ASN00041110,19440909,PRCP,0,,,a,
ASN00041110,19440910,PRCP,0,,,a,
ASN00041110,19440911,PRCP,0,,,a,
ASN00041110,19440912,PRCP,0,,,a,
ASN00041110,19440913,PRCP,0,,,a,
ASN00041110,19440914,PRCP,0,,,a,
ASN00041110,19440915,PRCP,56,,,a,
ASN00041110,19440916,PRCP,51,,,a,
ASN00041110,19440917,PRCP,371,,,a,
ASN00041110,19440918,PRCP,0,,,a,
ASN00041110,19440919,PRCP,0,,,a,
ASN00041110,19440920,PRCP,0,,,a,
ASN00041110,19440921,PRCP,0,,,a,
ASN00041110,19440922,PRCP,0,,,a,
ASN00041110,19440923,PRCP,0,,,a,
ASN00041110,19440924,PRCP,0,,,a,
ASN00041110,19440925,PRCP,0,,,a,
ASN00041110,19440926,PRCP,0,,,a,
ASN00041110,19440927,PRCP,0,,,a,
ASN00041110,19440928,PRCP,0,,,a,
ASN00041110,19440929,PRCP,0,,,a,
ASN00041110,19440930,PRCP,0,,,a,
ASN00041110,19441001,PRCP,0,,,a,
ASN00041110,19441002,PRCP,0,,,a,
ASN00041110,19441003,PRCP,53,,,a,
ASN00041110,19441004,PRCP,0,,,a,
ASN00041110,19441005,PRCP,0,,,a,
ASN00041110,19441006,PRCP,0,,,a,
ASN00041110,19441007,PRCP,0,,,a,
ASN00041110,19441008,PRCP,0,,,a,
ASN00041110,19441009,PRCP,0,,,a,
ASN00041110,19441010,PRCP,0,,,a,
ASN00041110,19441011,PRCP,0,,,a,
ASN00041110,19441012,PRCP,0,,,a,
ASN00041110,19441013,PRCP,0,,,a,
ASN00041110,19441014,PRCP,0,,,a,
ASN00041110,19441015,PRCP,0,,,a,
ASN00041110,19441016,PRCP,0,,,a,
ASN00041110,19441017,PRCP,3,,,a,
ASN00041110,19441018,PRCP,0,,,a,
ASN00041110,19441019,PRCP,0,,,a,
ASN00041110,19441020,PRCP,0,,,a,
ASN00041110,19441021,PRCP,0,,,a,
ASN00041110,19441022,PRCP,0,,,a,
ASN00041110,19441023,PRCP,0,,,a,
ASN00041110,19441024,PRCP,0,,,a,
ASN00041110,19441025,PRCP,0,,,a,
ASN00041110,19441026,PRCP,0,,,a,
ASN00041110,19441027,PRCP,0,,,a,
ASN00041110,19441028,PRCP,157,,,a,
ASN00041110,19441029,PRCP,0,,,a,
ASN00041110,19441030,PRCP,0,,,a,
ASN00041110,19441031,PRCP,0,,,a,
ASN00041110,19441101,PRCP,0,,,a,
ASN00041110,19441102,PRCP,0,,,a,
ASN00041110,19441103,PRCP,0,,,a,
ASN00041110,19441104,PRCP,0,,,a,
ASN00041110,19441105,PRCP,0,,,a,
ASN00041110,19441106,PRCP,0,,,a,
ASN00041110,19441107,PRCP,0,,,a,
ASN00041110,19441108,PRCP,53,,,a,
ASN00041110,19441109,PRCP,0,,,a,
ASN00041110,19441110,PRCP,0,,,a,
ASN00041110,19441111,PRCP,0,,,a,
ASN00041110,19441112,PRCP,0,,,a,
ASN00041110,19441113,PRCP,0,,,a,
ASN00041110,19441114,PRCP,0,,,a,
ASN00041110,19441115,PRCP,0,,,a,
ASN00041110,19441116,PRCP,0,,,a,
ASN00041110,19441117,PRCP,0,,,a,
ASN00041110,19441118,PRCP,0,,,a,
ASN00041110,19441119,PRCP,0,,,a,
ASN00041110,19441120,PRCP,0,,,a,
ASN00041110,19441121,PRCP,0,,,a,
ASN00041110,19441122,PRCP,0,,,a,
ASN00041110,19441123,PRCP,0,,,a,
ASN00041110,19441124,PRCP,0,,,a,
ASN00041110,19441125,PRCP,53,,,a,
ASN00041110,19441126,PRCP,0,,,a,
ASN00041110,19441127,PRCP,20,,,a,
ASN00041110,19441128,PRCP,0,,,a,
ASN00041110,19441129,PRCP,0,,,a,
ASN00041110,19441130,PRCP,0,,,a,
ASN00041110,19441201,PRCP,142,,,a,
ASN00041110,19441202,PRCP,0,,,a,
ASN00041110,19441203,PRCP,0,,,a,
ASN00041110,19441204,PRCP,0,,,a,
ASN00041110,19441205,PRCP,0,,,a,
ASN00041110,19441206,PRCP,0,,,a,
ASN00041110,19441207,PRCP,0,,,a,
ASN00041110,19441208,PRCP,0,,,a,
ASN00041110,19441209,PRCP,178,,,a,
ASN00041110,19441210,PRCP,0,,,a,
ASN00041110,19441211,PRCP,0,,,a,
ASN00041110,19441212,PRCP,0,,,a,
ASN00041110,19441213,PRCP,246,,,a,
ASN00041110,19441214,PRCP,0,,,a,
ASN00041110,19441215,PRCP,0,,,a,
ASN00041110,19441216,PRCP,0,,,a,
ASN00041110,19441217,PRCP,18,,,a,
ASN00041110,19441218,PRCP,0,,,a,
ASN00041110,19441219,PRCP,0,,,a,
ASN00041110,19441220,PRCP,0,,,a,
ASN00041110,19441221,PRCP,0,,,a,
ASN00041110,19441222,PRCP,150,,,a,
ASN00041110,19441223,PRCP,0,,,a,
ASN00041110,19441224,PRCP,0,,,a,
ASN00041110,19441225,PRCP,0,,,a,
ASN00041110,19441226,PRCP,25,,,a,
ASN00041110,19441227,PRCP,76,,,a,
ASN00041110,19441228,PRCP,0,,,a,
ASN00041110,19441229,PRCP,526,,,a,
ASN00041110,19441230,PRCP,0,,,a,
ASN00041110,19441231,PRCP,0,,,a,
ASN00041110,19450101,PRCP,0,,,a,
ASN00041110,19450102,PRCP,147,,,a,
ASN00041110,19450103,PRCP,0,,,a,
ASN00041110,19450104,PRCP,0,,,a,
ASN00041110,19450105,PRCP,0,,,a,
ASN00041110,19450106,PRCP,61,,,a,
ASN00041110,19450107,PRCP,0,,,a,
ASN00041110,19450108,PRCP,0,,,a,
ASN00041110,19450109,PRCP,0,,,a,
ASN00041110,19450110,PRCP,0,,,a,
ASN00041110,19450111,PRCP,0,,,a,
ASN00041110,19450112,PRCP,15,,,a,
ASN00041110,19450113,PRCP,41,,,a,
ASN00041110,19450114,PRCP,544,,,a,
ASN00041110,19450115,PRCP,0,,,a,
ASN00041110,19450116,PRCP,0,,,a,
ASN00041110,19450117,PRCP,191,,,a,
ASN00041110,19450118,PRCP,0,,,a,
ASN00041110,19450119,PRCP,0,,,a,
ASN00041110,19450120,PRCP,0,,,a,
ASN00041110,19450121,PRCP,0,,,a,
ASN00041110,19450122,PRCP,0,,,a,
ASN00041110,19450123,PRCP,0,,,a,
ASN00041110,19450124,PRCP,0,,,a,
ASN00041110,19450125,PRCP,0,,,a,
ASN00041110,19450126,PRCP,0,,,a,
ASN00041110,19450127,PRCP,0,,,a,
ASN00041110,19450128,PRCP,0,,,a,
ASN00041110,19450129,PRCP,0,,,a,
ASN00041110,19450130,PRCP,0,,,a,
ASN00041110,19450131,PRCP,0,,,a,
ASN00041110,19450201,PRCP,0,,,a,
ASN00041110,19450202,PRCP,0,,,a,
ASN00041110,19450203,PRCP,0,,,a,
ASN00041110,19450204,PRCP,0,,,a,
ASN00041110,19450205,PRCP,0,,,a,
ASN00041110,19450206,PRCP,0,,,a,
ASN00041110,19450207,PRCP,0,,,a,
ASN00041110,19450208,PRCP,0,,,a,
ASN00041110,19450209,PRCP,0,,,a,
ASN00041110,19450210,PRCP,0,,,a,
ASN00041110,19450211,PRCP,76,,,a,
ASN00041110,19450212,PRCP,69,,,a,
ASN00041110,19450213,PRCP,0,,,a,
ASN00041110,19450214,PRCP,0,,,a,
ASN00041110,19450215,PRCP,0,,,a,
ASN00041110,19450216,PRCP,0,,,a,
ASN00041110,19450217,PRCP,0,,,a,
ASN00041110,19450218,PRCP,28,,,a,
ASN00041110,19450219,PRCP,20,,,a,
ASN00041110,19450220,PRCP,5,,,a,
ASN00041110,19450221,PRCP,307,,,a,
ASN00041110,19450222,PRCP,56,,,a,
ASN00041110,19450223,PRCP,97,,,a,
ASN00041110,19450224,PRCP,0,,,a,
ASN00041110,19450225,PRCP,0,,,a,
ASN00041110,19450226,PRCP,38,,,a,
ASN00041110,19450227,PRCP,99,,,a,
ASN00041110,19450228,PRCP,0,,,a,
ASN00041110,19450301,PRCP,0,,,a,
ASN00041110,19450302,PRCP,0,,,a,
ASN00041110,19450303,PRCP,0,,,a,
ASN00041110,19450304,PRCP,0,,,a,
ASN00041110,19450305,PRCP,0,,,a,
ASN00041110,19450306,PRCP,71,,,a,
ASN00041110,19450307,PRCP,0,,,a,
ASN00041110,19450308,PRCP,0,,,a,
ASN00041110,19450309,PRCP,142,,,a,
ASN00041110,19450310,PRCP,0,,,a,
ASN00041110,19450311,PRCP,0,,,a,
ASN00041110,19450312,PRCP,0,,,a,
ASN00041110,19450313,PRCP,0,,,a,
ASN00041110,19450314,PRCP,0,,,a,
ASN00041110,19450315,PRCP,0,,,a,
ASN00041110,19450316,PRCP,0,,,a,
ASN00041110,19450317,PRCP,0,,,a,
ASN00041110,19450318,PRCP,0,,,a,
ASN00041110,19450319,PRCP,0,,,a,
ASN00041110,19450320,PRCP,0,,,a,
ASN00041110,19450321,PRCP,0,,,a,
ASN00041110,19450322,PRCP,0,,,a,
ASN00041110,19450323,PRCP,0,,,a,
ASN00041110,19450324,PRCP,0,,,a,
ASN00041110,19450325,PRCP,0,,,a,
ASN00041110,19450326,PRCP,0,,,a,
ASN00041110,19450327,PRCP,0,,,a,
ASN00041110,19450328,PRCP,0,,,a,
ASN00041110,19450329,PRCP,0,,,a,
ASN00041110,19450330,PRCP,0,,,a,
ASN00041110,19450331,PRCP,0,,,a,
ASN00041110,19450401,PRCP,330,,,a,
ASN00041110,19450402,PRCP,13,,,a,
ASN00041110,19450403,PRCP,0,,,a,
ASN00041110,19450404,PRCP,0,,,a,
ASN00041110,19450405,PRCP,0,,,a,
ASN00041110,19450406,PRCP,0,,,a,
ASN00041110,19450407,PRCP,0,,,a,
ASN00041110,19450408,PRCP,180,,,a,
ASN00041110,19450409,PRCP,0,,,a,
ASN00041110,19450410,PRCP,0,,,a,
ASN00041110,19450411,PRCP,0,,,a,
ASN00041110,19450412,PRCP,0,,,a,
ASN00041110,19450413,PRCP,0,,,a,
ASN00041110,19450414,PRCP,0,,,a,
ASN00041110,19450415,PRCP,0,,,a,
ASN00041110,19450416,PRCP,0,,,a,
ASN00041110,19450417,PRCP,0,,,a,
ASN00041110,19450418,PRCP,0,,,a,
ASN00041110,19450419,PRCP,0,,,a,
ASN00041110,19450420,PRCP,0,,,a,
ASN00041110,19450421,PRCP,46,,,a,
ASN00041110,19450422,PRCP,0,,,a,
ASN00041110,19450423,PRCP,0,,,a,
ASN00041110,19450424,PRCP,0,,,a,
ASN00041110,19450425,PRCP,0,,,a,
ASN00041110,19450426,PRCP,0,,,a,
ASN00041110,19450427,PRCP,330,,,a,
ASN00041110,19450428,PRCP,25,,,a,
ASN00041110,19450429,PRCP,0,,,a,
ASN00041110,19450430,PRCP,0,,,a,
ASN00041110,19450501,PRCP,0,,,a,
ASN00041110,19450502,PRCP,0,,,a,
ASN00041110,19450503,PRCP,0,,,a,
ASN00041110,19450504,PRCP,0,,,a,
ASN00041110,19450505,PRCP,8,,,a,
ASN00041110,19450506,PRCP,0,,,a,
ASN00041110,19450507,PRCP,0,,,a,
ASN00041110,19450508,PRCP,89,,,a,
ASN00041110,19450509,PRCP,0,,,a,
ASN00041110,19450510,PRCP,0,,,a,
ASN00041110,19450511,PRCP,0,,,a,
ASN00041110,19450512,PRCP,0,,,a,
ASN00041110,19450513,PRCP,0,,,a,
ASN00041110,19450514,PRCP,0,,,a,
ASN00041110,19450515,PRCP,13,,,a,
ASN00041110,19450516,PRCP,0,,,a,
ASN00041110,19450517,PRCP,0,,,a,
ASN00041110,19450518,PRCP,0,,,a,
ASN00041110,19450519,PRCP,0,,,a,
ASN00041110,19450520,PRCP,117,,,a,
ASN00041110,19450521,PRCP,0,,,a,
ASN00041110,19450522,PRCP,0,,,a,
ASN00041110,19450523,PRCP,0,,,a,
ASN00041110,19450524,PRCP,0,,,a,
ASN00041110,19450525,PRCP,0,,,a,
ASN00041110,19450526,PRCP,0,,,a,
ASN00041110,19450527,PRCP,0,,,a,
ASN00041110,19450528,PRCP,0,,,a,
ASN00041110,19450529,PRCP,0,,,a,
ASN00041110,19450530,PRCP,0,,,a,
ASN00041110,19450531,PRCP,0,,,a,
ASN00041110,19450601,PRCP,74,,,a,
ASN00041110,19450602,PRCP,8,,,a,
ASN00041110,19450603,PRCP,0,,,a,
ASN00041110,19450604,PRCP,0,,,a,
ASN00041110,19450605,PRCP,0,,,a,
ASN00041110,19450606,PRCP,0,,,a,
ASN00041110,19450607,PRCP,249,,,a,
ASN00041110,19450608,PRCP,13,,,a,
ASN00041110,19450609,PRCP,0,,,a,
ASN00041110,19450610,PRCP,0,,,a,
ASN00041110,19450611,PRCP,732,,,a,
ASN00041110,19450612,PRCP,76,,,a,
ASN00041110,19450613,PRCP,0,,,a,
ASN00041110,19450614,PRCP,0,,,a,
ASN00041110,19450615,PRCP,0,,,a,
ASN00041110,19450616,PRCP,0,,,a,
ASN00041110,19450617,PRCP,0,,,a,
ASN00041110,19450618,PRCP,0,,,a,
ASN00041110,19450619,PRCP,0,,,a,
ASN00041110,19450620,PRCP,0,,,a,
ASN00041110,19450621,PRCP,0,,,a,
ASN00041110,19450622,PRCP,0,,,a,
ASN00041110,19450623,PRCP,0,,,a,
ASN00041110,19450624,PRCP,0,,,a,
ASN00041110,19450625,PRCP,0,,,a,
ASN00041110,19450626,PRCP,0,,,a,
ASN00041110,19450627,PRCP,30,,,a,
ASN00041110,19450628,PRCP,0,,,a,
ASN00041110,19450629,PRCP,0,,,a,
ASN00041110,19450630,PRCP,0,,,a,
ASN00041110,19450701,PRCP,0,,,a,
ASN00041110,19450702,PRCP,0,,,a,
ASN00041110,19450703,PRCP,0,,,a,
ASN00041110,19450704,PRCP,0,,,a,
ASN00041110,19450705,PRCP,0,,,a,
ASN00041110,19450706,PRCP,0,,,a,
ASN00041110,19450707,PRCP,0,,,a,
ASN00041110,19450708,PRCP,0,,,a,
ASN00041110,19450709,PRCP,0,,,a,
ASN00041110,19450710,PRCP,0,,,a,
ASN00041110,19450711,PRCP,0,,,a,
ASN00041110,19450712,PRCP,312,,,a,
ASN00041110,19450713,PRCP,20,,,a,
ASN00041110,19450714,PRCP,0,,,a,
ASN00041110,19450715,PRCP,0,,,a,
ASN00041110,19450716,PRCP,0,,,a,
ASN00041110,19450717,PRCP,117,,,a,
ASN00041110,19450718,PRCP,0,,,a,
ASN00041110,19450719,PRCP,0,,,a,
ASN00041110,19450720,PRCP,0,,,a,
ASN00041110,19450721,PRCP,0,,,a,
ASN00041110,19450722,PRCP,0,,,a,
ASN00041110,19450723,PRCP,0,,,a,
ASN00041110,19450724,PRCP,0,,,a,
ASN00041110,19450725,PRCP,0,,,a,
ASN00041110,19450726,PRCP,0,,,a,
ASN00041110,19450727,PRCP,0,,,a,
ASN00041110,19450728,PRCP,0,,,a,
ASN00041110,19450729,PRCP,0,,,a,
ASN00041110,19450730,PRCP,0,,,a,
ASN00041110,19450731,PRCP,0,,,a,
ASN00041110,19450801,PRCP,0,,,a,
ASN00041110,19450802,PRCP,0,,,a,
ASN00041110,19450803,PRCP,0,,,a,
ASN00041110,19450804,PRCP,0,,,a,
ASN00041110,19450805,PRCP,0,,,a,
ASN00041110,19450806,PRCP,0,,,a,
ASN00041110,19450807,PRCP,0,,,a,
ASN00041110,19450808,PRCP,0,,,a,
ASN00041110,19450809,PRCP,0,,,a,
ASN00041110,19450810,PRCP,0,,,a,
ASN00041110,19450811,PRCP,86,,,a,
ASN00041110,19450812,PRCP,30,,,a,
ASN00041110,19450813,PRCP,0,,,a,
ASN00041110,19450814,PRCP,0,,,a,
ASN00041110,19450815,PRCP,0,,,a,
ASN00041110,19450816,PRCP,0,,,a,
ASN00041110,19450817,PRCP,0,,,a,
ASN00041110,19450818,PRCP,0,,,a,
ASN00041110,19450819,PRCP,0,,,a,
ASN00041110,19450820,PRCP,0,,,a,
ASN00041110,19450821,PRCP,0,,,a,
ASN00041110,19450822,PRCP,0,,,a,
ASN00041110,19450823,PRCP,0,,,a,
ASN00041110,19450824,PRCP,0,,,a,
ASN00041110,19450825,PRCP,0,,,a,
ASN00041110,19450826,PRCP,0,,,a,
ASN00041110,19450827,PRCP,0,,,a,
ASN00041110,19450828,PRCP,0,,,a,
ASN00041110,19450829,PRCP,0,,,a,
ASN00041110,19450830,PRCP,0,,,a,
ASN00041110,19450831,PRCP,602,,,a,
ASN00041110,19450901,PRCP,0,,,a,
ASN00041110,19450902,PRCP,0,,,a,
ASN00041110,19450903,PRCP,0,,,a,
ASN00041110,19450904,PRCP,0,,,a,
ASN00041110,19450905,PRCP,0,,,a,
ASN00041110,19450906,PRCP,0,,,a,
ASN00041110,19450907,PRCP,0,,,a,
ASN00041110,19450908,PRCP,0,,,a,
ASN00041110,19450909,PRCP,0,,,a,
ASN00041110,19450910,PRCP,0,,,a,
ASN00041110,19450911,PRCP,0,,,a,
ASN00041110,19450912,PRCP,0,,,a,
ASN00041110,19450913,PRCP,0,,,a,
ASN00041110,19450914,PRCP,0,,,a,
ASN00041110,19450915,PRCP,0,,,a,
ASN00041110,19450916,PRCP,0,,,a,
ASN00041110,19450917,PRCP,0,,,a,
ASN00041110,19450918,PRCP,84,,,a,
ASN00041110,19450919,PRCP,0,,,a,
ASN00041110,19450920,PRCP,0,,,a,
ASN00041110,19450921,PRCP,0,,,a,
ASN00041110,19450922,PRCP,0,,,a,
ASN00041110,19450923,PRCP,0,,,a,
ASN00041110,19450924,PRCP,0,,,a,
ASN00041110,19450925,PRCP,0,,,a,
ASN00041110,19450926,PRCP,0,,,a,
ASN00041110,19450927,PRCP,0,,,a,
ASN00041110,19450928,PRCP,0,,,a,
ASN00041110,19450929,PRCP,0,,,a,
ASN00041110,19450930,PRCP,0,,,a,
ASN00041110,19451001,PRCP,0,,,a,
ASN00041110,19451002,PRCP,0,,,a,
ASN00041110,19451003,PRCP,0,,,a,
ASN00041110,19451004,PRCP,0,,,a,
ASN00041110,19451005,PRCP,0,,,a,
ASN00041110,19451006,PRCP,0,,,a,
ASN00041110,19451007,PRCP,0,,,a,
ASN00041110,19451008,PRCP,0,,,a,
ASN00041110,19451009,PRCP,0,,,a,
ASN00041110,19451010,PRCP,0,,,a,
ASN00041110,19451011,PRCP,0,,,a,
ASN00041110,19451012,PRCP,0,,,a,
ASN00041110,19451013,PRCP,0,,,a,
ASN00041110,19451014,PRCP,0,,,a,
ASN00041110,19451015,PRCP,0,,,a,
ASN00041110,19451016,PRCP,0,,,a,
ASN00041110,19451017,PRCP,114,,,a,
ASN00041110,19451018,PRCP,8,,,a,
ASN00041110,19451019,PRCP,0,,,a,
ASN00041110,19451020,PRCP,0,,,a,
ASN00041110,19451021,PRCP,0,,,a,
ASN00041110,19451022,PRCP,0,,,a,
ASN00041110,19451023,PRCP,0,,,a,
ASN00041110,19451024,PRCP,0,,,a,
ASN00041110,19451025,PRCP,0,,,a,
ASN00041110,19451026,PRCP,0,,,a,
ASN00041110,19451027,PRCP,0,,,a,
ASN00041110,19451028,PRCP,0,,,a,
ASN00041110,19451029,PRCP,13,,,a,
ASN00041110,19451030,PRCP,0,,,a,
ASN00041110,19451031,PRCP,0,,,a,
ASN00041110,19451101,PRCP,0,,,a,
ASN00041110,19451102,PRCP,0,,,a,
ASN00041110,19451103,PRCP,0,,,a,
ASN00041110,19451104,PRCP,0,,,a,
ASN00041110,19451105,PRCP,0,,,a,
ASN00041110,19451106,PRCP,0,,,a,
ASN00041110,19451107,PRCP,0,,,a,
ASN00041110,19451108,PRCP,0,,,a,
ASN00041110,19451109,PRCP,0,,,a,
ASN00041110,19451110,PRCP,0,,,a,
ASN00041110,19451111,PRCP,0,,,a,
ASN00041110,19451112,PRCP,76,,,a,
ASN00041110,19451113,PRCP,0,,,a,
ASN00041110,19451114,PRCP,5,,,a,
ASN00041110,19451115,PRCP,0,,,a,
ASN00041110,19451116,PRCP,0,,,a,
ASN00041110,19451117,PRCP,0,,,a,
ASN00041110,19451118,PRCP,13,,,a,
ASN00041110,19451119,PRCP,145,,,a,
ASN00041110,19451120,PRCP,246,,,a,
ASN00041110,19451121,PRCP,0,,,a,
ASN00041110,19451122,PRCP,0,,,a,
ASN00041110,19451123,PRCP,0,,,a,
ASN00041110,19451124,PRCP,0,,,a,
ASN00041110,19451125,PRCP,0,,,a,
ASN00041110,19451126,PRCP,0,,,a,
ASN00041110,19451127,PRCP,0,,,a,
ASN00041110,19451128,PRCP,0,,,a,
ASN00041110,19451129,PRCP,97,,,a,
ASN00041110,19451130,PRCP,0,,,a,
ASN00041110,19451201,PRCP,0,,,a,
ASN00041110,19451202,PRCP,0,,,a,
ASN00041110,19451203,PRCP,0,,,a,
ASN00041110,19451204,PRCP,81,,,a,
ASN00041110,19451205,PRCP,193,,,a,
ASN00041110,19451206,PRCP,0,,,a,
ASN00041110,19451207,PRCP,0,,,a,
ASN00041110,19451208,PRCP,102,,,a,
ASN00041110,19451209,PRCP,79,,,a,
ASN00041110,19451210,PRCP,0,,,a,
ASN00041110,19451211,PRCP,0,,,a,
ASN00041110,19451212,PRCP,0,,,a,
ASN00041110,19451213,PRCP,0,,,a,
ASN00041110,19451214,PRCP,0,,,a,
ASN00041110,19451215,PRCP,0,,,a,
ASN00041110,19451216,PRCP,0,,,a,
ASN00041110,19451217,PRCP,0,,,a,
ASN00041110,19451218,PRCP,0,,,a,
ASN00041110,19451219,PRCP,191,,,a,
ASN00041110,19451220,PRCP,0,,,a,
ASN00041110,19451221,PRCP,0,,,a,
ASN00041110,19451222,PRCP,0,,,a,
ASN00041110,19451223,PRCP,0,,,a,
ASN00041110,19451224,PRCP,0,,,a,
ASN00041110,19451225,PRCP,0,,,a,
ASN00041110,19451226,PRCP,0,,,a,
ASN00041110,19451227,PRCP,0,,,a,
ASN00041110,19451228,PRCP,0,,,a,
ASN00041110,19451229,PRCP,0,,,a,
ASN00041110,19451230,PRCP,0,,,a,
ASN00041110,19451231,PRCP,0,,,a,
ASN00041110,19460101,PRCP,0,,,a,
ASN00041110,19460102,PRCP,0,,,a,
ASN00041110,19460103,PRCP,58,,,a,
ASN00041110,19460104,PRCP,0,,,a,
ASN00041110,19460105,PRCP,0,,,a,
ASN00041110,19460106,PRCP,109,,,a,
ASN00041110,19460107,PRCP,64,,,a,
ASN00041110,19460108,PRCP,0,,,a,
ASN00041110,19460109,PRCP,0,,,a,
ASN00041110,19460110,PRCP,0,,,a,
ASN00041110,19460111,PRCP,0,,,a,
ASN00041110,19460112,PRCP,0,,,a,
ASN00041110,19460113,PRCP,0,,,a,
ASN00041110,19460114,PRCP,0,,,a,
ASN00041110,19460115,PRCP,0,,,a,
ASN00041110,19460116,PRCP,0,,,a,
ASN00041110,19460117,PRCP,0,,,a,
ASN00041110,19460118,PRCP,0,,,a,
ASN00041110,19460119,PRCP,0,,,a,
ASN00041110,19460120,PRCP,0,,,a,
ASN00041110,19460121,PRCP,0,,,a,
ASN00041110,19460122,PRCP,13,,,a,
ASN00041110,19460123,PRCP,686,,,a,
ASN00041110,19460124,PRCP,686,,,a,
ASN00041110,19460125,PRCP,13,,,a,
ASN00041110,19460126,PRCP,0,,,a,
ASN00041110,19460127,PRCP,0,,,a,
ASN00041110,19460128,PRCP,0,,,a,
ASN00041110,19460129,PRCP,0,,,a,
ASN00041110,19460130,PRCP,0,,,a,
ASN00041110,19460131,PRCP,0,,,a,
ASN00041110,19460201,PRCP,0,,,a,
ASN00041110,19460202,PRCP,0,,,a,
ASN00041110,19460203,PRCP,0,,,a,
ASN00041110,19460204,PRCP,0,,,a,
ASN00041110,19460205,PRCP,0,,,a,
ASN00041110,19460206,PRCP,0,,,a,
ASN00041110,19460207,PRCP,0,,,a,
ASN00041110,19460208,PRCP,0,,,a,
ASN00041110,19460209,PRCP,0,,,a,
ASN00041110,19460210,PRCP,140,,,a,
ASN00041110,19460211,PRCP,0,,,a,
ASN00041110,19460212,PRCP,0,,,a,
ASN00041110,19460213,PRCP,0,,,a,
ASN00041110,19460214,PRCP,0,,,a,
ASN00041110,19460215,PRCP,0,,,a,
ASN00041110,19460216,PRCP,0,,,a,
ASN00041110,19460217,PRCP,0,,,a,
ASN00041110,19460218,PRCP,0,,,a,
ASN00041110,19460219,PRCP,0,,,a,
ASN00041110,19460220,PRCP,0,,,a,
ASN00041110,19460221,PRCP,0,,,a,
ASN00041110,19460222,PRCP,10,,,a,
ASN00041110,19460223,PRCP,0,,,a,
ASN00041110,19460224,PRCP,0,,,a,
ASN00041110,19460225,PRCP,0,,,a,
ASN00041110,19460226,PRCP,0,,,a,
ASN00041110,19460227,PRCP,0,,,a,
ASN00041110,19460228,PRCP,127,,,a,
ASN00041110,19460301,PRCP,0,,,a,
ASN00041110,19460302,PRCP,0,,,a,
ASN00041110,19460303,PRCP,0,,,a,
ASN00041110,19460304,PRCP,0,,,a,
ASN00041110,19460305,PRCP,0,,,a,
ASN00041110,19460306,PRCP,0,,,a,
ASN00041110,19460307,PRCP,0,,,a,
ASN00041110,19460308,PRCP,25,,,a,
ASN00041110,19460309,PRCP,0,,,a,
ASN00041110,19460310,PRCP,0,,,a,
ASN00041110,19460311,PRCP,0,,,a,
ASN00041110,19460312,PRCP,0,,,a,
ASN00041110,19460313,PRCP,0,,,a,
ASN00041110,19460314,PRCP,0,,,a,
ASN00041110,19460315,PRCP,0,,,a,
ASN00041110,19460316,PRCP,0,,,a,
ASN00041110,19460317,PRCP,0,,,a,
ASN00041110,19460318,PRCP,0,,,a,
ASN00041110,19460319,PRCP,0,,,a,
ASN00041110,19460320,PRCP,0,,,a,
ASN00041110,19460321,PRCP,0,,,a,
ASN00041110,19460322,PRCP,0,,,a,
ASN00041110,19460323,PRCP,0,,,a,
ASN00041110,19460324,PRCP,0,,,a,
ASN00041110,19460325,PRCP,0,,,a,
ASN00041110,19460326,PRCP,8,,,a,
ASN00041110,19460327,PRCP,0,,,a,
ASN00041110,19460328,PRCP,0,,,a,
ASN00041110,19460329,PRCP,0,,,a,
ASN00041110,19460330,PRCP,0,,,a,
ASN00041110,19460331,PRCP,0,,,a,
ASN00041110,19460401,PRCP,0,,,a,
ASN00041110,19460402,PRCP,0,,,a,
ASN00041110,19460403,PRCP,0,,,a,
ASN00041110,19460404,PRCP,417,,,a,
ASN00041110,19460405,PRCP,0,,,a,
ASN00041110,19460406,PRCP,0,,,a,
ASN00041110,19460407,PRCP,0,,,a,
ASN00041110,19460408,PRCP,0,,,a,
ASN00041110,19460409,PRCP,0,,,a,
ASN00041110,19460410,PRCP,0,,,a,
ASN00041110,19460411,PRCP,0,,,a,
ASN00041110,19460412,PRCP,0,,,a,
ASN00041110,19460413,PRCP,0,,,a,
ASN00041110,19460414,PRCP,0,,,a,
ASN00041110,19460415,PRCP,0,,,a,
ASN00041110,19460416,PRCP,0,,,a,
ASN00041110,19460417,PRCP,0,,,a,
ASN00041110,19460418,PRCP,0,,,a,
ASN00041110,19460419,PRCP,0,,,a,
ASN00041110,19460420,PRCP,0,,,a,
ASN00041110,19460421,PRCP,0,,,a,
ASN00041110,19460422,PRCP,0,,,a,
ASN00041110,19460423,PRCP,0,,,a,
ASN00041110,19460424,PRCP,48,,,a,
ASN00041110,19460425,PRCP,0,,,a,
ASN00041110,19460426,PRCP,0,,,a,
ASN00041110,19460427,PRCP,0,,,a,
ASN00041110,19460428,PRCP,0,,,a,
ASN00041110,19460429,PRCP,0,,,a,
ASN00041110,19460430,PRCP,0,,,a,
ASN00041110,19460501,PRCP,51,,,a,
ASN00041110,19460502,PRCP,0,,,a,
ASN00041110,19460503,PRCP,0,,,a,
ASN00041110,19460504,PRCP,0,,,a,
ASN00041110,19460505,PRCP,0,,,a,
ASN00041110,19460506,PRCP,0,,,a,
ASN00041110,19460507,PRCP,0,,,a,
ASN00041110,19460508,PRCP,0,,,a,
ASN00041110,19460509,PRCP,0,,,a,
ASN00041110,19460510,PRCP,0,,,a,
ASN00041110,19460511,PRCP,0,,,a,
ASN00041110,19460512,PRCP,0,,,a,
ASN00041110,19460513,PRCP,0,,,a,
ASN00041110,19460514,PRCP,0,,,a,
ASN00041110,19460515,PRCP,0,,,a,
ASN00041110,19460516,PRCP,0,,,a,
ASN00041110,19460517,PRCP,0,,,a,
ASN00041110,19460518,PRCP,0,,,a,
ASN00041110,19460519,PRCP,33,,,a,
ASN00041110,19460520,PRCP,0,,,a,
ASN00041110,19460521,PRCP,0,,,a,
ASN00041110,19460522,PRCP,0,,,a,
ASN00041110,19460523,PRCP,0,,,a,
ASN00041110,19460524,PRCP,0,,,a,
ASN00041110,19460525,PRCP,0,,,a,
ASN00041110,19460526,PRCP,0,,,a,
ASN00041110,19460527,PRCP,0,,,a,
ASN00041110,19460528,PRCP,0,,,a,
ASN00041110,19460529,PRCP,0,,,a,
ASN00041110,19460530,PRCP,0,,,a,
ASN00041110,19460531,PRCP,0,,,a,
ASN00041110,19460601,PRCP,0,,,a,
ASN00041110,19460602,PRCP,0,,,a,
ASN00041110,19460603,PRCP,0,,,a,
ASN00041110,19460604,PRCP,0,,,a,
ASN00041110,19460605,PRCP,0,,,a,
ASN00041110,19460606,PRCP,0,,,a,
ASN00041110,19460607,PRCP,0,,,a,
ASN00041110,19460608,PRCP,0,,,a,
ASN00041110,19460609,PRCP,0,,,a,
ASN00041110,19460610,PRCP,0,,,a,
ASN00041110,19460611,PRCP,0,,,a,
ASN00041110,19460612,PRCP,0,,,a,
ASN00041110,19460613,PRCP,0,,,a,
ASN00041110,19460614,PRCP,0,,,a,
ASN00041110,19460615,PRCP,0,,,a,
ASN00041110,19460616,PRCP,0,,,a,
ASN00041110,19460617,PRCP,0,,,a,
ASN00041110,19460618,PRCP,20,,,a,
ASN00041110,19460619,PRCP,0,,,a,
ASN00041110,19460620,PRCP,0,,,a,
ASN00041110,19460621,PRCP,0,,,a,
ASN00041110,19460622,PRCP,0,,,a,
ASN00041110,19460623,PRCP,0,,,a,
ASN00041110,19460624,PRCP,0,,,a,
ASN00041110,19460625,PRCP,0,,,a,
ASN00041110,19460626,PRCP,0,,,a,
ASN00041110,19460627,PRCP,0,,,a,
ASN00041110,19460628,PRCP,0,,,a,
ASN00041110,19460629,PRCP,10,,,a,
ASN00041110,19460630,PRCP,0,,,a,
ASN00041110,19460701,PRCP,0,,,a,
ASN00041110,19460702,PRCP,0,,,a,
ASN00041110,19460703,PRCP,0,,,a,
ASN00041110,19460704,PRCP,0,,,a,
ASN00041110,19460705,PRCP,0,,,a,
ASN00041110,19460706,PRCP,0,,,a,
ASN00041110,19460707,PRCP,0,,,a,
ASN00041110,19460708,PRCP,0,,,a,
ASN00041110,19460709,PRCP,0,,,a,
ASN00041110,19460710,PRCP,0,,,a,
ASN00041110,19460711,PRCP,0,,,a,
ASN00041110,19460712,PRCP,0,,,a,
ASN00041110,19460713,PRCP,0,,,a,
ASN00041110,19460714,PRCP,0,,,a,
ASN00041110,19460715,PRCP,20,,,a,
ASN00041110,19460716,PRCP,0,,,a,
ASN00041110,19460717,PRCP,0,,,a,
ASN00041110,19460718,PRCP,0,,,a,
ASN00041110,19460719,PRCP,0,,,a,
ASN00041110,19460720,PRCP,0,,,a,
ASN00041110,19460721,PRCP,0,,,a,
ASN00041110,19460722,PRCP,0,,,a,
ASN00041110,19460723,PRCP,0,,,a,
ASN00041110,19460724,PRCP,0,,,a,
ASN00041110,19460725,PRCP,0,,,a,
ASN00041110,19460726,PRCP,0,,,a,
ASN00041110,19460727,PRCP,0,,,a,
ASN00041110,19460728,PRCP,0,,,a,
ASN00041110,19460729,PRCP,0,,,a,
ASN00041110,19460730,PRCP,0,,,a,
ASN00041110,19460731,PRCP,0,,,a,
ASN00041110,19460801,PRCP,0,,,a,
ASN00041110,19460802,PRCP,0,,,a,
ASN00041110,19460803,PRCP,0,,,a,
ASN00041110,19460804,PRCP,0,,,a,
ASN00041110,19460805,PRCP,0,,,a,
ASN00041110,19460806,PRCP,0,,,a,
ASN00041110,19460807,PRCP,0,,,a,
ASN00041110,19460808,PRCP,0,,,a,
ASN00041110,19460809,PRCP,0,,,a,
ASN00041110,19460810,PRCP,0,,,a,
ASN00041110,19460811,PRCP,0,,,a,
ASN00041110,19460812,PRCP,0,,,a,
ASN00041110,19460813,PRCP,0,,,a,
ASN00041110,19460814,PRCP,0,,,a,
ASN00041110,19460815,PRCP,0,,,a,
ASN00041110,19460816,PRCP,0,,,a,
ASN00041110,19460817,PRCP,0,,,a,
ASN00041110,19460818,PRCP,0,,,a,
ASN00041110,19460819,PRCP,0,,,a,
ASN00041110,19460820,PRCP,0,,,a,
ASN00041110,19460821,PRCP,0,,,a,
ASN00041110,19460822,PRCP,0,,,a,
ASN00041110,19460823,PRCP,0,,,a,
ASN00041110,19460824,PRCP,0,,,a,
ASN00041110,19460825,PRCP,0,,,a,
ASN00041110,19460826,PRCP,0,,,a,
ASN00041110,19460827,PRCP,0,,,a,
ASN00041110,19460828,PRCP,33,,,a,
ASN00041110,19460829,PRCP,0,,,a,
ASN00041110,19460830,PRCP,0,,,a,
ASN00041110,19460831,PRCP,0,,,a,
ASN00041110,19460901,PRCP,0,,,a,
ASN00041110,19460902,PRCP,0,,,a,
ASN00041110,19460903,PRCP,0,,,a,
ASN00041110,19460904,PRCP,0,,,a,
ASN00041110,19460905,PRCP,0,,,a,
ASN00041110,19460906,PRCP,0,,,a,
ASN00041110,19460907,PRCP,0,,,a,
ASN00041110,19460908,PRCP,0,,,a,
ASN00041110,19460909,PRCP,0,,,a,
ASN00041110,19460910,PRCP,0,,,a,
ASN00041110,19460911,PRCP,0,,,a,
ASN00041110,19460912,PRCP,0,,,a,
ASN00041110,19460913,PRCP,0,,,a,
ASN00041110,19460914,PRCP,0,,,a,
ASN00041110,19460915,PRCP,0,,,a,
ASN00041110,19460916,PRCP,0,,,a,
ASN00041110,19460917,PRCP,0,,,a,
ASN00041110,19460918,PRCP,36,,,a,
ASN00041110,19460919,PRCP,343,,,a,
ASN00041110,19460920,PRCP,724,,,a,
ASN00041110,19460921,PRCP,0,,,a,
ASN00041110,19460922,PRCP,0,,,a,
ASN00041110,19460923,PRCP,0,,,a,
ASN00041110,19460924,PRCP,0,,,a,
ASN00041110,19460925,PRCP,0,,,a,
ASN00041110,19460926,PRCP,0,,,a,
ASN00041110,19460927,PRCP,0,,,a,
ASN00041110,19460928,PRCP,0,,,a,
ASN00041110,19460929,PRCP,0,,,a,
ASN00041110,19460930,PRCP,0,,,a,
ASN00041110,19461001,PRCP,0,,,a,
ASN00041110,19461002,PRCP,0,,,a,
ASN00041110,19461003,PRCP,0,,,a,
ASN00041110,19461004,PRCP,0,,,a,
ASN00041110,19461005,PRCP,0,,,a,
ASN00041110,19461006,PRCP,86,,,a,
ASN00041110,19461007,PRCP,30,,,a,
ASN00041110,19461008,PRCP,0,,,a,
ASN00041110,19461009,PRCP,0,,,a,
ASN00041110,19461010,PRCP,0,,,a,
ASN00041110,19461011,PRCP,0,,,a,
ASN00041110,19461012,PRCP,0,,,a,
ASN00041110,19461013,PRCP,0,,,a,
ASN00041110,19461014,PRCP,0,,,a,
ASN00041110,19461015,PRCP,0,,,a,
ASN00041110,19461016,PRCP,51,,,a,
ASN00041110,19461017,PRCP,0,,,a,
ASN00041110,19461018,PRCP,0,,,a,
ASN00041110,19461019,PRCP,0,,,a,
ASN00041110,19461020,PRCP,0,,,a,
ASN00041110,19461021,PRCP,0,,,a,
ASN00041110,19461022,PRCP,18,,,a,
ASN00041110,19461023,PRCP,86,,,a,
ASN00041110,19461024,PRCP,0,,,a,
ASN00041110,19461025,PRCP,0,,,a,
ASN00041110,19461026,PRCP,0,,,a,
ASN00041110,19461027,PRCP,0,,,a,
ASN00041110,19461028,PRCP,0,,,a,
ASN00041110,19461029,PRCP,0,,,a,
ASN00041110,19461030,PRCP,0,,,a,
ASN00041110,19461031,PRCP,0,,,a,
ASN00041110,19461101,PRCP,0,,,a,
ASN00041110,19461102,PRCP,0,,,a,
ASN00041110,19461103,PRCP,0,,,a,
ASN00041110,19461104,PRCP,0,,,a,
ASN00041110,19461105,PRCP,0,,,a,
ASN00041110,19461106,PRCP,0,,,a,
ASN00041110,19461107,PRCP,0,,,a,
ASN00041110,19461108,PRCP,0,,,a,
ASN00041110,19461109,PRCP,10,,,a,
ASN00041110,19461110,PRCP,0,,,a,
ASN00041110,19461111,PRCP,0,,,a,
ASN00041110,19461112,PRCP,0,,,a,
ASN00041110,19461113,PRCP,0,,,a,
ASN00041110,19461114,PRCP,18,,,a,
ASN00041110,19461115,PRCP,0,,,a,
ASN00041110,19461116,PRCP,0,,,a,
ASN00041110,19461117,PRCP,0,,,a,
ASN00041110,19461118,PRCP,224,,,a,
ASN00041110,19461119,PRCP,66,,,a,
ASN00041110,19461120,PRCP,0,,,a,
ASN00041110,19461121,PRCP,0,,,a,
ASN00041110,19461122,PRCP,0,,,a,
ASN00041110,19461123,PRCP,0,,,a,
ASN00041110,19461124,PRCP,0,,,a,
ASN00041110,19461125,PRCP,0,,,a,
ASN00041110,19461126,PRCP,0,,,a,
ASN00041110,19461127,PRCP,0,,,a,
ASN00041110,19461128,PRCP,0,,,a,
ASN00041110,19461129,PRCP,0,,,a,
ASN00041110,19461130,PRCP,0,,,a,
ASN00041110,19461201,PRCP,0,,,a,
ASN00041110,19461202,PRCP,48,,,a,
ASN00041110,19461203,PRCP,74,,,a,
ASN00041110,19461204,PRCP,94,,,a,
ASN00041110,19461205,PRCP,0,,,a,
ASN00041110,19461206,PRCP,234,,,a,
ASN00041110,19461207,PRCP,94,,,a,
ASN00041110,19461208,PRCP,0,,,a,
ASN00041110,19461209,PRCP,0,,,a,
ASN00041110,19461210,PRCP,0,,,a,
ASN00041110,19461211,PRCP,0,,,a,
ASN00041110,19461212,PRCP,0,,,a,
ASN00041110,19461213,PRCP,122,,,a,
ASN00041110,19461214,PRCP,0,,,a,
ASN00041110,19461215,PRCP,0,,,a,
ASN00041110,19461216,PRCP,122,,,a,
ASN00041110,19461217,PRCP,0,,,a,
ASN00041110,19461218,PRCP,0,,,a,
ASN00041110,19461219,PRCP,0,,,a,
ASN00041110,19461220,PRCP,0,,,a,
ASN00041110,19461221,PRCP,0,,,a,
ASN00041110,19461222,PRCP,0,,,a,
ASN00041110,19461223,PRCP,0,,,a,
ASN00041110,19461224,PRCP,0,,,a,
ASN00041110,19461225,PRCP,0,,,a,
ASN00041110,19461226,PRCP,0,,,a,
ASN00041110,19461227,PRCP,0,,,a,
ASN00041110,19461228,PRCP,0,,,a,
ASN00041110,19461229,PRCP,0,,,a,
ASN00041110,19461230,PRCP,0,,,a,
ASN00041110,19461231,PRCP,25,,,a,
ASN00041110,19470101,PRCP,0,,,a,
ASN00041110,19470102,PRCP,89,,,a,
ASN00041110,19470103,PRCP,25,,,a,
ASN00041110,19470104,PRCP,0,,,a,
ASN00041110,19470105,PRCP,0,,,a,
ASN00041110,19470106,PRCP,0,,,a,
ASN00041110,19470107,PRCP,0,,,a,
ASN00041110,19470108,PRCP,0,,,a,
ASN00041110,19470109,PRCP,0,,,a,
ASN00041110,19470110,PRCP,0,,,a,
ASN00041110,19470111,PRCP,0,,,a,
ASN00041110,19470112,PRCP,0,,,a,
ASN00041110,19470113,PRCP,0,,,a,
ASN00041110,19470114,PRCP,25,,,a,
ASN00041110,19470115,PRCP,0,,,a,
ASN00041110,19470116,PRCP,0,,,a,
ASN00041110,19470117,PRCP,0,,,a,
ASN00041110,19470118,PRCP,0,,,a,
ASN00041110,19470119,PRCP,0,,,a,
ASN00041110,19470120,PRCP,0,,,a,
ASN00041110,19470121,PRCP,0,,,a,
ASN00041110,19470122,PRCP,0,,,a,
ASN00041110,19470123,PRCP,102,,,a,
ASN00041110,19470124,PRCP,1323,,,a,
ASN00041110,19470125,PRCP,61,,,a,
ASN00041110,19470126,PRCP,0,,,a,
ASN00041110,19470127,PRCP,0,,,a,
ASN00041110,19470128,PRCP,28,,,a,
ASN00041110,19470129,PRCP,0,,,a,
ASN00041110,19470130,PRCP,142,,,a,
ASN00041110,19470131,PRCP,130,,,a,
ASN00041110,19470201,PRCP,0,,,a,
ASN00041110,19470202,PRCP,61,,,a,
ASN00041110,19470203,PRCP,0,,,a,
ASN00041110,19470204,PRCP,0,,,a,
ASN00041110,19470205,PRCP,0,,,a,
ASN00041110,19470206,PRCP,0,,,a,
ASN00041110,19470207,PRCP,0,,,a,
ASN00041110,19470208,PRCP,0,,,a,
ASN00041110,19470209,PRCP,0,,,a,
ASN00041110,19470210,PRCP,0,,,a,
ASN00041110,19470211,PRCP,0,,,a,
ASN00041110,19470212,PRCP,401,,,a,
ASN00041110,19470213,PRCP,249,,,a,
ASN00041110,19470214,PRCP,13,,,a,
ASN00041110,19470215,PRCP,13,,,a,
ASN00041110,19470216,PRCP,0,,,a,
ASN00041110,19470217,PRCP,0,,,a,
ASN00041110,19470218,PRCP,0,,,a,
ASN00041110,19470219,PRCP,0,,,a,
ASN00041110,19470220,PRCP,0,,,a,
ASN00041110,19470221,PRCP,0,,,a,
ASN00041110,19470222,PRCP,0,,,a,
ASN00041110,19470223,PRCP,0,,,a,
ASN00041110,19470224,PRCP,224,,,a,
ASN00041110,19470225,PRCP,0,,,a,
ASN00041110,19470226,PRCP,0,,,a,
ASN00041110,19470227,PRCP,0,,,a,
ASN00041110,19470228,PRCP,51,,,a,
ASN00041110,19470301,PRCP,64,,,a,
ASN00041110,19470302,PRCP,84,,,a,
ASN00041110,19470303,PRCP,0,,,a,
ASN00041110,19470304,PRCP,0,,,a,
ASN00041110,19470305,PRCP,0,,,a,
ASN00041110,19470306,PRCP,38,,,a,
ASN00041110,19470307,PRCP,0,,,a,
ASN00041110,19470308,PRCP,0,,,a,
ASN00041110,19470309,PRCP,0,,,a,
ASN00041110,19470310,PRCP,0,,,a,
ASN00041110,19470311,PRCP,0,,,a,
ASN00041110,19470312,PRCP,0,,,a,
ASN00041110,19470313,PRCP,0,,,a,
ASN00041110,19470314,PRCP,0,,,a,
ASN00041110,19470315,PRCP,0,,,a,
ASN00041110,19470316,PRCP,0,,,a,
ASN00041110,19470317,PRCP,0,,,a,
ASN00041110,19470318,PRCP,0,,,a,
ASN00041110,19470319,PRCP,0,,,a,
ASN00041110,19470320,PRCP,64,,,a,
ASN00041110,19470321,PRCP,23,,,a,
ASN00041110,19470322,PRCP,0,,,a,
ASN00041110,19470323,PRCP,0,,,a,
ASN00041110,19470324,PRCP,0,,,a,
ASN00041110,19470325,PRCP,0,,,a,
ASN00041110,19470326,PRCP,0,,,a,
ASN00041110,19470327,PRCP,0,,,a,
ASN00041110,19470328,PRCP,0,,,a,
ASN00041110,19470329,PRCP,0,,,a,
ASN00041110,19470330,PRCP,0,,,a,
ASN00041110,19470331,PRCP,1069,,,a,
ASN00041110,19470401,PRCP,25,,,a,
ASN00041110,19470402,PRCP,0,,,a,
ASN00041110,19470403,PRCP,0,,,a,
ASN00041110,19470404,PRCP,0,,,a,
ASN00041110,19470405,PRCP,0,,,a,
ASN00041110,19470406,PRCP,0,,,a,
ASN00041110,19470407,PRCP,0,,,a,
ASN00041110,19470408,PRCP,0,,,a,
ASN00041110,19470409,PRCP,0,,,a,
ASN00041110,19470410,PRCP,0,,,a,
ASN00041110,19470411,PRCP,0,,,a,
ASN00041110,19470412,PRCP,0,,,a,
ASN00041110,19470413,PRCP,0,,,a,
ASN00041110,19470414,PRCP,0,,,a,
ASN00041110,19470415,PRCP,0,,,a,
ASN00041110,19470416,PRCP,71,,,a,
ASN00041110,19470417,PRCP,0,,,a,
ASN00041110,19470418,PRCP,0,,,a,
ASN00041110,19470419,PRCP,0,,,a,
ASN00041110,19470420,PRCP,0,,,a,
ASN00041110,19470421,PRCP,0,,,a,
ASN00041110,19470422,PRCP,0,,,a,
ASN00041110,19470423,PRCP,0,,,a,
ASN00041110,19470424,PRCP,0,,,a,
ASN00041110,19470425,PRCP,0,,,a,
ASN00041110,19470426,PRCP,0,,,a,
ASN00041110,19470427,PRCP,76,,,a,
ASN00041110,19470428,PRCP,0,,,a,
ASN00041110,19470429,PRCP,0,,,a,
ASN00041110,19470430,PRCP,0,,,a,
ASN00041110,19470501,PRCP,0,,,a,
ASN00041110,19470502,PRCP,0,,,a,
ASN00041110,19470503,PRCP,0,,,a,
ASN00041110,19470504,PRCP,0,,,a,
ASN00041110,19470505,PRCP,0,,,a,
ASN00041110,19470506,PRCP,0,,,a,
ASN00041110,19470507,PRCP,0,,,a,
ASN00041110,19470508,PRCP,0,,,a,
ASN00041110,19470509,PRCP,0,,,a,
ASN00041110,19470510,PRCP,13,,,a,
ASN00041110,19470511,PRCP,0,,,a,
ASN00041110,19470512,PRCP,0,,,a,
ASN00041110,19470513,PRCP,0,,,a,
ASN00041110,19470514,PRCP,0,,,a,
ASN00041110,19470515,PRCP,0,,,a,
ASN00041110,19470516,PRCP,0,,,a,
ASN00041110,19470517,PRCP,0,,,a,
ASN00041110,19470518,PRCP,0,,,a,
ASN00041110,19470519,PRCP,0,,,a,
ASN00041110,19470520,PRCP,38,,,a,
ASN00041110,19470521,PRCP,0,,,a,
ASN00041110,19470522,PRCP,0,,,a,
ASN00041110,19470523,PRCP,0,,,a,
ASN00041110,19470524,PRCP,0,,,a,
ASN00041110,19470525,PRCP,0,,,a,
ASN00041110,19470526,PRCP,389,,,a,
ASN00041110,19470527,PRCP,0,,,a,
ASN00041110,19470528,PRCP,0,,,a,
ASN00041110,19470529,PRCP,0,,,a,
ASN00041110,19470530,PRCP,0,,,a,
ASN00041110,19470531,PRCP,0,,,a,
ASN00041110,19470601,PRCP,0,,,a,
ASN00041110,19470602,PRCP,0,,,a,
ASN00041110,19470603,PRCP,0,,,a,
ASN00041110,19470604,PRCP,0,,,a,
ASN00041110,19470605,PRCP,109,,,a,
ASN00041110,19470606,PRCP,0,,,a,
ASN00041110,19470607,PRCP,0,,,a,
ASN00041110,19470608,PRCP,0,,,a,
ASN00041110,19470609,PRCP,0,,,a,
ASN00041110,19470610,PRCP,0,,,a,
ASN00041110,19470611,PRCP,0,,,a,
ASN00041110,19470612,PRCP,0,,,a,
ASN00041110,19470613,PRCP,0,,,a,
ASN00041110,19470614,PRCP,0,,,a,
ASN00041110,19470615,PRCP,0,,,a,
ASN00041110,19470616,PRCP,0,,,a,
ASN00041110,19470617,PRCP,0,,,a,
ASN00041110,19470618,PRCP,0,,,a,
ASN00041110,19470619,PRCP,0,,,a,
ASN00041110,19470620,PRCP,0,,,a,
ASN00041110,19470621,PRCP,0,,,a,
ASN00041110,19470622,PRCP,0,,,a,
ASN00041110,19470623,PRCP,0,,,a,
ASN00041110,19470624,PRCP,0,,,a,
ASN00041110,19470625,PRCP,0,,,a,
ASN00041110,19470626,PRCP,0,,,a,
ASN00041110,19470627,PRCP,0,,,a,
ASN00041110,19470628,PRCP,0,,,a,
ASN00041110,19470629,PRCP,0,,,a,
ASN00041110,19470630,PRCP,0,,,a,
ASN00041110,19470701,PRCP,0,,,a,
ASN00041110,19470702,PRCP,0,,,a,
ASN00041110,19470703,PRCP,0,,,a,
ASN00041110,19470704,PRCP,0,,,a,
ASN00041110,19470705,PRCP,0,,,a,
ASN00041110,19470706,PRCP,0,,,a,
ASN00041110,19470707,PRCP,0,,,a,
ASN00041110,19470708,PRCP,0,,,a,
ASN00041110,19470709,PRCP,0,,,a,
ASN00041110,19470710,PRCP,0,,,a,
ASN00041110,19470711,PRCP,0,,,a,
ASN00041110,19470712,PRCP,0,,,a,
ASN00041110,19470713,PRCP,0,,,a,
ASN00041110,19470714,PRCP,0,,,a,
ASN00041110,19470715,PRCP,0,,,a,
ASN00041110,19470716,PRCP,0,,,a,
ASN00041110,19470717,PRCP,0,,,a,
ASN00041110,19470718,PRCP,0,,,a,
ASN00041110,19470719,PRCP,0,,,a,
ASN00041110,19470720,PRCP,0,,,a,
ASN00041110,19470721,PRCP,0,,,a,
ASN00041110,19470722,PRCP,0,,,a,
ASN00041110,19470723,PRCP,30,,,a,
ASN00041110,19470724,PRCP,0,,,a,
ASN00041110,19470725,PRCP,0,,,a,
ASN00041110,19470726,PRCP,0,,,a,
ASN00041110,19470727,PRCP,0,,,a,
ASN00041110,19470728,PRCP,0,,,a,
ASN00041110,19470729,PRCP,0,,,a,
ASN00041110,19470730,PRCP,0,,,a,
ASN00041110,19470731,PRCP,0,,,a,
ASN00041110,19470801,PRCP,0,,,a,
ASN00041110,19470802,PRCP,0,,,a,
ASN00041110,19470803,PRCP,0,,,a,
ASN00041110,19470804,PRCP,0,,,a,
ASN00041110,19470805,PRCP,0,,,a,
ASN00041110,19470806,PRCP,0,,,a,
ASN00041110,19470807,PRCP,0,,,a,
ASN00041110,19470808,PRCP,0,,,a,
ASN00041110,19470809,PRCP,0,,,a,
ASN00041110,19470810,PRCP,0,,,a,
ASN00041110,19470811,PRCP,53,,,a,
ASN00041110,19470812,PRCP,0,,,a,
ASN00041110,19470813,PRCP,0,,,a,
ASN00041110,19470814,PRCP,0,,,a,
ASN00041110,19470815,PRCP,0,,,a,
ASN00041110,19470816,PRCP,0,,,a,
ASN00041110,19470817,PRCP,0,,,a,
ASN00041110,19470818,PRCP,13,,,a,
ASN00041110,19470819,PRCP,152,,,a,
ASN00041110,19470820,PRCP,178,,,a,
ASN00041110,19470821,PRCP,0,,,a,
ASN00041110,19470822,PRCP,0,,,a,
ASN00041110,19470823,PRCP,0,,,a,
ASN00041110,19470824,PRCP,0,,,a,
ASN00041110,19470825,PRCP,0,,,a,
ASN00041110,19470826,PRCP,0,,,a,
ASN00041110,19470827,PRCP,0,,,a,
ASN00041110,19470828,PRCP,0,,,a,
ASN00041110,19470829,PRCP,0,,,a,
ASN00041110,19470830,PRCP,0,,,a,
ASN00041110,19470831,PRCP,0,,,a,
ASN00041110,19470901,PRCP,0,,,a,
ASN00041110,19470902,PRCP,130,,,a,
ASN00041110,19470903,PRCP,445,,,a,
ASN00041110,19470904,PRCP,0,,,a,
ASN00041110,19470905,PRCP,0,,,a,
ASN00041110,19470906,PRCP,170,,,a,
ASN00041110,19470907,PRCP,13,,,a,
ASN00041110,19470908,PRCP,0,,,a,
ASN00041110,19470909,PRCP,0,,,a,
ASN00041110,19470910,PRCP,0,,,a,
ASN00041110,19470911,PRCP,0,,,a,
ASN00041110,19470912,PRCP,0,,,a,
ASN00041110,19470913,PRCP,0,,,a,
ASN00041110,19470914,PRCP,0,,,a,
ASN00041110,19470915,PRCP,0,,,a,
ASN00041110,19470916,PRCP,0,,,a,
ASN00041110,19470917,PRCP,25,,,a,
ASN00041110,19470918,PRCP,0,,,a,
ASN00041110,19470919,PRCP,0,,,a,
ASN00041110,19470920,PRCP,0,,,a,
ASN00041110,19470921,PRCP,0,,,a,
ASN00041110,19470922,PRCP,0,,,a,
ASN00041110,19470923,PRCP,0,,,a,
ASN00041110,19470924,PRCP,0,,,a,
ASN00041110,19470925,PRCP,0,,,a,
ASN00041110,19470926,PRCP,0,,,a,
ASN00041110,19470927,PRCP,0,,,a,
ASN00041110,19470928,PRCP,0,,,a,
ASN00041110,19470929,PRCP,0,,,a,
ASN00041110,19470930,PRCP,0,,,a,
ASN00041110,19471001,PRCP,0,,,a,
ASN00041110,19471002,PRCP,84,,,a,
ASN00041110,19471003,PRCP,152,,,a,
ASN00041110,19471004,PRCP,191,,,a,
ASN00041110,19471005,PRCP,0,,,a,
ASN00041110,19471006,PRCP,0,,,a,
ASN00041110,19471007,PRCP,0,,,a,
ASN00041110,19471008,PRCP,0,,,a,
ASN00041110,19471009,PRCP,0,,,a,
ASN00041110,19471010,PRCP,36,,,a,
ASN00041110,19471011,PRCP,0,,,a,
ASN00041110,19471012,PRCP,0,,,a,
ASN00041110,19471013,PRCP,0,,,a,
ASN00041110,19471014,PRCP,0,,,a,
ASN00041110,19471015,PRCP,0,,,a,
ASN00041110,19471016,PRCP,41,,,a,
ASN00041110,19471017,PRCP,0,,,a,
ASN00041110,19471018,PRCP,0,,,a,
ASN00041110,19471019,PRCP,0,,,a,
ASN00041110,19471020,PRCP,0,,,a,
ASN00041110,19471021,PRCP,0,,,a,
ASN00041110,19471022,PRCP,0,,,a,
ASN00041110,19471023,PRCP,0,,,a,
ASN00041110,19471024,PRCP,117,,,a,
ASN00041110,19471025,PRCP,0,,,a,
ASN00041110,19471026,PRCP,0,,,a,
ASN00041110,19471027,PRCP,0,,,a,
ASN00041110,19471028,PRCP,0,,,a,
ASN00041110,19471029,PRCP,0,,,a,
ASN00041110,19471030,PRCP,0,,,a,
ASN00041110,19471031,PRCP,0,,,a,
ASN00041110,19471101,PRCP,0,,,a,
ASN00041110,19471102,PRCP,0,,,a,
ASN00041110,19471103,PRCP,0,,,a,
ASN00041110,19471104,PRCP,132,,,a,
ASN00041110,19471105,PRCP,0,,,a,
ASN00041110,19471106,PRCP,0,,,a,
ASN00041110,19471107,PRCP,0,,,a,
ASN00041110,19471108,PRCP,0,,,a,
ASN00041110,19471109,PRCP,0,,,a,
ASN00041110,19471110,PRCP,0,,,a,
ASN00041110,19471111,PRCP,0,,,a,
ASN00041110,19471112,PRCP,0,,,a,
ASN00041110,19471113,PRCP,0,,,a,
ASN00041110,19471114,PRCP,0,,,a,
ASN00041110,19471115,PRCP,0,,,a,
ASN00041110,19471116,PRCP,0,,,a,
ASN00041110,19471117,PRCP,0,,,a,
ASN00041110,19471118,PRCP,0,,,a,
ASN00041110,19471119,PRCP,0,,,a,
ASN00041110,19471120,PRCP,0,,,a,
ASN00041110,19471121,PRCP,0,,,a,
ASN00041110,19471122,PRCP,0,,,a,
ASN00041110,19471123,PRCP,284,,,a,
ASN00041110,19471124,PRCP,102,,,a,
ASN00041110,19471125,PRCP,46,,,a,
ASN00041110,19471126,PRCP,0,,,a,
ASN00041110,19471127,PRCP,0,,,a,
ASN00041110,19471128,PRCP,0,,,a,
ASN00041110,19471129,PRCP,386,,,a,
ASN00041110,19471130,PRCP,312,,,a,
ASN00041110,19471201,PRCP,0,,,a,
ASN00041110,19471202,PRCP,305,,,a,
ASN00041110,19471203,PRCP,356,,,a,
ASN00041110,19471204,PRCP,18,,,a,
ASN00041110,19471205,PRCP,0,,,a,
ASN00041110,19471206,PRCP,0,,,a,
ASN00041110,19471207,PRCP,0,,,a,
ASN00041110,19471208,PRCP,15,,,a,
ASN00041110,19471209,PRCP,119,,,a,
ASN00041110,19471210,PRCP,114,,,a,
ASN00041110,19471211,PRCP,0,,,a,
ASN00041110,19471212,PRCP,0,,,a,
ASN00041110,19471213,PRCP,0,,,a,
ASN00041110,19471214,PRCP,0,,,a,
ASN00041110,19471215,PRCP,0,,,a,
ASN00041110,19471216,PRCP,0,,,a,
ASN00041110,19471217,PRCP,0,,,a,
ASN00041110,19471218,PRCP,0,,,a,
ASN00041110,19471219,PRCP,0,,,a,
ASN00041110,19471220,PRCP,25,,,a,
ASN00041110,19471221,PRCP,0,,,a,
ASN00041110,19471222,PRCP,30,,,a,
ASN00041110,19471223,PRCP,0,,,a,
ASN00041110,19471224,PRCP,272,,,a,
ASN00041110,19471225,PRCP,0,,,a,
ASN00041110,19471226,PRCP,0,,,a,
ASN00041110,19471227,PRCP,0,,,a,
ASN00041110,19471228,PRCP,0,,,a,
ASN00041110,19471229,PRCP,0,,,a,
ASN00041110,19471230,PRCP,0,,,a,
ASN00041110,19471231,PRCP,0,,,a,
ASN00041110,19480101,PRCP,0,,,a,
ASN00041110,19480102,PRCP,132,,,a,
ASN00041110,19480103,PRCP,178,,,a,
ASN00041110,19480104,PRCP,0,,,a,
ASN00041110,19480105,PRCP,0,,,a,
ASN00041110,19480106,PRCP,0,,,a,
ASN00041110,19480107,PRCP,0,,,a,
ASN00041110,19480108,PRCP,0,,,a,
ASN00041110,19480109,PRCP,0,,,a,
ASN00041110,19480110,PRCP,0,,,a,
ASN00041110,19480111,PRCP,0,,,a,
ASN00041110,19480112,PRCP,0,,,a,
ASN00041110,19480113,PRCP,0,,,a,
ASN00041110,19480114,PRCP,0,,,a,
ASN00041110,19480115,PRCP,0,,,a,
ASN00041110,19480116,PRCP,0,,,a,
ASN00041110,19480117,PRCP,0,,,a,
ASN00041110,19480118,PRCP,0,,,a,
ASN00041110,19480119,PRCP,0,,,a,
ASN00041110,19480120,PRCP,0,,,a,
ASN00041110,19480121,PRCP,0,,,a,
ASN00041110,19480122,PRCP,0,,,a,
ASN00041110,19480123,PRCP,0,,,a,
ASN00041110,19480124,PRCP,0,,,a,
ASN00041110,19480125,PRCP,0,,,a,
ASN00041110,19480126,PRCP,0,,,a,
ASN00041110,19480127,PRCP,0,,,a,
ASN00041110,19480128,PRCP,0,,,a,
ASN00041110,19480129,PRCP,0,,,a,
ASN00041110,19480130,PRCP,0,,,a,
ASN00041110,19480131,PRCP,0,,,a,
ASN00041110,19480201,PRCP,0,,,a,
ASN00041110,19480202,PRCP,102,,,a,
ASN00041110,19480203,PRCP,0,,,a,
ASN00041110,19480204,PRCP,0,,,a,
ASN00041110,19480205,PRCP,51,,,a,
ASN00041110,19480206,PRCP,0,,,a,
ASN00041110,19480207,PRCP,0,,,a,
ASN00041110,19480208,PRCP,0,,,a,
ASN00041110,19480209,PRCP,0,,,a,
ASN00041110,19480210,PRCP,0,,,a,
ASN00041110,19480211,PRCP,0,,,a,
ASN00041110,19480212,PRCP,119,,,a,
ASN00041110,19480213,PRCP,0,,,a,
ASN00041110,19480214,PRCP,0,,,a,
ASN00041110,19480215,PRCP,0,,,a,
ASN00041110,19480216,PRCP,0,,,a,
ASN00041110,19480217,PRCP,0,,,a,
ASN00041110,19480218,PRCP,0,,,a,
ASN00041110,19480219,PRCP,0,,,a,
ASN00041110,19480220,PRCP,0,,,a,
ASN00041110,19480221,PRCP,0,,,a,
ASN00041110,19480222,PRCP,0,,,a,
ASN00041110,19480223,PRCP,0,,,a,
ASN00041110,19480224,PRCP,0,,,a,
ASN00041110,19480225,PRCP,0,,,a,
ASN00041110,19480226,PRCP,0,,,a,
ASN00041110,19480227,PRCP,0,,,a,
ASN00041110,19480228,PRCP,381,,,a,
ASN00041110,19480229,PRCP,20,,,a,
ASN00041110,19480301,PRCP,272,,,a,
ASN00041110,19480302,PRCP,0,,,a,
ASN00041110,19480303,PRCP,0,,,a,
ASN00041110,19480304,PRCP,0,,,a,
ASN00041110,19480305,PRCP,0,,,a,
ASN00041110,19480306,PRCP,0,,,a,
ASN00041110,19480307,PRCP,0,,,a,
ASN00041110,19480308,PRCP,0,,,a,
ASN00041110,19480309,PRCP,0,,,a,
ASN00041110,19480310,PRCP,0,,,a,
ASN00041110,19480311,PRCP,135,,,a,
ASN00041110,19480312,PRCP,0,,,a,
ASN00041110,19480313,PRCP,0,,,a,
ASN00041110,19480314,PRCP,0,,,a,
ASN00041110,19480315,PRCP,155,,,a,
ASN00041110,19480316,PRCP,0,,,a,
ASN00041110,19480317,PRCP,0,,,a,
ASN00041110,19480318,PRCP,0,,,a,
ASN00041110,19480319,PRCP,0,,,a,
ASN00041110,19480320,PRCP,0,,,a,
ASN00041110,19480321,PRCP,168,,,a,
ASN00041110,19480322,PRCP,0,,,a,
ASN00041110,19480323,PRCP,0,,,a,
ASN00041110,19480324,PRCP,0,,,a,
ASN00041110,19480325,PRCP,0,,,a,
ASN00041110,19480326,PRCP,0,,,a,
ASN00041110,19480327,PRCP,0,,,a,
ASN00041110,19480328,PRCP,0,,,a,
ASN00041110,19480329,PRCP,0,,,a,
ASN00041110,19480330,PRCP,0,,,a,
ASN00041110,19480331,PRCP,0,,,a,
ASN00041110,19480401,PRCP,0,,,a,
ASN00041110,19480402,PRCP,0,,,a,
ASN00041110,19480403,PRCP,0,,,a,
ASN00041110,19480404,PRCP,0,,,a,
ASN00041110,19480405,PRCP,0,,,a,
ASN00041110,19480406,PRCP,0,,,a,
ASN00041110,19480407,PRCP,0,,,a,
ASN00041110,19480408,PRCP,0,,,a,
ASN00041110,19480409,PRCP,0,,,a,
ASN00041110,19480410,PRCP,0,,,a,
ASN00041110,19480411,PRCP,0,,,a,
ASN00041110,19480412,PRCP,0,,,a,
ASN00041110,19480413,PRCP,0,,,a,
ASN00041110,19480414,PRCP,0,,,a,
ASN00041110,19480415,PRCP,0,,,a,
ASN00041110,19480416,PRCP,0,,,a,
ASN00041110,19480417,PRCP,0,,,a,
ASN00041110,19480418,PRCP,0,,,a,
ASN00041110,19480419,PRCP,0,,,a,
ASN00041110,19480420,PRCP,0,,,a,
ASN00041110,19480421,PRCP,0,,,a,
ASN00041110,19480422,PRCP,0,,,a,
ASN00041110,19480423,PRCP,0,,,a,
ASN00041110,19480424,PRCP,0,,,a,
ASN00041110,19480425,PRCP,0,,,a,
ASN00041110,19480426,PRCP,0,,,a,
ASN00041110,19480427,PRCP,0,,,a,
ASN00041110,19480428,PRCP,0,,,a,
ASN00041110,19480429,PRCP,61,,,a,
ASN00041110,19480430,PRCP,48,,,a,
ASN00041110,19480501,PRCP,173,,,a,
ASN00041110,19480502,PRCP,381,,,a,
ASN00041110,19480503,PRCP,25,,,a,
ASN00041110,19480504,PRCP,0,,,a,
ASN00041110,19480505,PRCP,0,,,a,
ASN00041110,19480506,PRCP,0,,,a,
ASN00041110,19480507,PRCP,0,,,a,
ASN00041110,19480508,PRCP,0,,,a,
ASN00041110,19480509,PRCP,0,,,a,
ASN00041110,19480510,PRCP,0,,,a,
ASN00041110,19480511,PRCP,0,,,a,
ASN00041110,19480512,PRCP,0,,,a,
ASN00041110,19480513,PRCP,0,,,a,
ASN00041110,19480514,PRCP,0,,,a,
ASN00041110,19480515,PRCP,114,,,a,
ASN00041110,19480516,PRCP,0,,,a,
ASN00041110,19480517,PRCP,0,,,a,
ASN00041110,19480518,PRCP,0,,,a,
ASN00041110,19480519,PRCP,0,,,a,
ASN00041110,19480520,PRCP,0,,,a,
ASN00041110,19480521,PRCP,0,,,a,
ASN00041110,19480522,PRCP,0,,,a,
ASN00041110,19480523,PRCP,0,,,a,
ASN00041110,19480524,PRCP,0,,,a,
ASN00041110,19480525,PRCP,0,,,a,
ASN00041110,19480526,PRCP,0,,,a,
ASN00041110,19480527,PRCP,0,,,a,
ASN00041110,19480528,PRCP,0,,,a,
ASN00041110,19480529,PRCP,0,,,a,
ASN00041110,19480530,PRCP,0,,,a,
ASN00041110,19480531,PRCP,0,,,a,
ASN00041110,19480601,PRCP,0,,,a,
ASN00041110,19480602,PRCP,0,,,a,
ASN00041110,19480603,PRCP,0,,,a,
ASN00041110,19480604,PRCP,0,,,a,
ASN00041110,19480605,PRCP,0,,,a,
ASN00041110,19480606,PRCP,0,,,a,
ASN00041110,19480607,PRCP,0,,,a,
ASN00041110,19480608,PRCP,165,,,a,
ASN00041110,19480609,PRCP,0,,,a,
ASN00041110,19480610,PRCP,0,,,a,
ASN00041110,19480611,PRCP,0,,,a,
ASN00041110,19480612,PRCP,0,,,a,
ASN00041110,19480613,PRCP,0,,,a,
ASN00041110,19480614,PRCP,0,,,a,
ASN00041110,19480615,PRCP,513,,,a,
ASN00041110,19480616,PRCP,386,,,a,
ASN00041110,19480617,PRCP,0,,,a,
ASN00041110,19480618,PRCP,0,,,a,
ASN00041110,19480619,PRCP,0,,,a,
ASN00041110,19480620,PRCP,0,,,a,
ASN00041110,19480621,PRCP,0,,,a,
ASN00041110,19480622,PRCP,0,,,a,
ASN00041110,19480623,PRCP,102,,,a,
ASN00041110,19480624,PRCP,0,,,a,
ASN00041110,19480625,PRCP,0,,,a,
ASN00041110,19480626,PRCP,0,,,a,
ASN00041110,19480627,PRCP,0,,,a,
ASN00041110,19480628,PRCP,0,,,a,
ASN00041110,19480629,PRCP,0,,,a,
ASN00041110,19480630,PRCP,0,,,a,
ASN00041110,19480701,PRCP,0,,,a,
ASN00041110,19480702,PRCP,0,,,a,
ASN00041110,19480703,PRCP,15,,,a,
ASN00041110,19480704,PRCP,0,,,a,
ASN00041110,19480705,PRCP,0,,,a,
ASN00041110,19480706,PRCP,117,,,a,
ASN00041110,19480707,PRCP,0,,,a,
ASN00041110,19480708,PRCP,0,,,a,
ASN00041110,19480709,PRCP,0,,,a,
ASN00041110,19480710,PRCP,0,,,a,
ASN00041110,19480711,PRCP,0,,,a,
ASN00041110,19480712,PRCP,104,,,a,
ASN00041110,19480713,PRCP,13,,,a,
ASN00041110,19480714,PRCP,0,,,a,
ASN00041110,19480715,PRCP,0,,,a,
ASN00041110,19480716,PRCP,0,,,a,
ASN00041110,19480717,PRCP,0,,,a,
ASN00041110,19480718,PRCP,0,,,a,
ASN00041110,19480719,PRCP,0,,,a,
ASN00041110,19480720,PRCP,0,,,a,
ASN00041110,19480721,PRCP,0,,,a,
ASN00041110,19480722,PRCP,0,,,a,
ASN00041110,19480723,PRCP,99,,,a,
ASN00041110,19480724,PRCP,20,,,a,
ASN00041110,19480725,PRCP,0,,,a,
ASN00041110,19480726,PRCP,0,,,a,
ASN00041110,19480727,PRCP,0,,,a,
ASN00041110,19480728,PRCP,0,,,a,
ASN00041110,19480729,PRCP,0,,,a,
ASN00041110,19480730,PRCP,0,,,a,
ASN00041110,19480731,PRCP,0,,,a,
ASN00041110,19480801,PRCP,0,,,a,
ASN00041110,19480802,PRCP,0,,,a,
ASN00041110,19480803,PRCP,0,,,a,
ASN00041110,19480804,PRCP,0,,,a,
ASN00041110,19480805,PRCP,0,,,a,
ASN00041110,19480806,PRCP,0,,,a,
ASN00041110,19480807,PRCP,0,,,a,
ASN00041110,19480808,PRCP,0,,,a,
ASN00041110,19480809,PRCP,0,,,a,
ASN00041110,19480810,PRCP,0,,,a,
ASN00041110,19480811,PRCP,0,,,a,
ASN00041110,19480812,PRCP,0,,,a,
ASN00041110,19480813,PRCP,0,,,a,
ASN00041110,19480814,PRCP,0,,,a,
ASN00041110,19480815,PRCP,0,,,a,
ASN00041110,19480816,PRCP,0,,,a,
ASN00041110,19480817,PRCP,0,,,a,
ASN00041110,19480818,PRCP,0,,,a,
ASN00041110,19480819,PRCP,0,,,a,
ASN00041110,19480820,PRCP,0,,,a,
ASN00041110,19480821,PRCP,0,,,a,
ASN00041110,19480822,PRCP,0,,,a,
ASN00041110,19480823,PRCP,0,,,a,
ASN00041110,19480824,PRCP,0,,,a,
ASN00041110,19480825,PRCP,0,,,a,
ASN00041110,19480826,PRCP,0,,,a,
ASN00041110,19480827,PRCP,0,,,a,
ASN00041110,19480828,PRCP,0,,,a,
ASN00041110,19480829,PRCP,0,,,a,
ASN00041110,19480830,PRCP,0,,,a,
ASN00041110,19480831,PRCP,0,,,a,
ASN00041110,19480901,PRCP,0,,,a,
ASN00041110,19480902,PRCP,0,,,a,
ASN00041110,19480903,PRCP,0,,,a,
ASN00041110,19480904,PRCP,0,,,a,
ASN00041110,19480905,PRCP,0,,,a,
ASN00041110,19480906,PRCP,0,,,a,
ASN00041110,19480907,PRCP,0,,,a,
ASN00041110,19480908,PRCP,0,,,a,
ASN00041110,19480909,PRCP,0,,,a,
ASN00041110,19480910,PRCP,0,,,a,
ASN00041110,19480911,PRCP,0,,,a,
ASN00041110,19480912,PRCP,0,,,a,
ASN00041110,19480913,PRCP,0,,,a,
ASN00041110,19480914,PRCP,0,,,a,
ASN00041110,19480915,PRCP,76,,,a,
ASN00041110,19480916,PRCP,0,,,a,
ASN00041110,19480917,PRCP,43,,,a,
ASN00041110,19480918,PRCP,30,,,a,
ASN00041110,19480919,PRCP,0,,,a,
ASN00041110,19480920,PRCP,15,,,a,
ASN00041110,19480921,PRCP,0,,,a,
ASN00041110,19480922,PRCP,114,,,a,
ASN00041110,19480923,PRCP,0,,,a,
ASN00041110,19480924,PRCP,0,,,a,
ASN00041110,19480925,PRCP,117,,,a,
ASN00041110,19480926,PRCP,0,,,a,
ASN00041110,19480927,PRCP,0,,,a,
ASN00041110,19480928,PRCP,0,,,a,
ASN00041110,19480929,PRCP,0,,,a,
ASN00041110,19480930,PRCP,0,,,a,
ASN00041110,19481001,PRCP,0,,,a,
ASN00041110,19481002,PRCP,0,,,a,
ASN00041110,19481003,PRCP,0,,,a,
ASN00041110,19481004,PRCP,0,,,a,
ASN00041110,19481005,PRCP,0,,,a,
ASN00041110,19481006,PRCP,0,,,a,
ASN00041110,19481007,PRCP,0,,,a,
ASN00041110,19481008,PRCP,0,,,a,
ASN00041110,19481009,PRCP,0,,,a,
ASN00041110,19481010,PRCP,0,,,a,
ASN00041110,19481011,PRCP,0,,,a,
ASN00041110,19481012,PRCP,0,,,a,
ASN00041110,19481013,PRCP,0,,,a,
ASN00041110,19481014,PRCP,0,,,a,
ASN00041110,19481015,PRCP,0,,,a,
ASN00041110,19481016,PRCP,0,,,a,
ASN00041110,19481017,PRCP,0,,,a,
ASN00041110,19481018,PRCP,0,,,a,
ASN00041110,19481019,PRCP,0,,,a,
ASN00041110,19481020,PRCP,0,,,a,
ASN00041110,19481021,PRCP,0,,,a,
ASN00041110,19481022,PRCP,0,,,a,
ASN00041110,19481023,PRCP,0,,,a,
ASN00041110,19481024,PRCP,0,,,a,
ASN00041110,19481025,PRCP,0,,,a,
ASN00041110,19481026,PRCP,0,,,a,
ASN00041110,19481027,PRCP,0,,,a,
ASN00041110,19481028,PRCP,0,,,a,
ASN00041110,19481029,PRCP,0,,,a,
ASN00041110,19481030,PRCP,0,,,a,
ASN00041110,19481031,PRCP,0,,,a,
ASN00041110,19481101,PRCP,81,,,a,
ASN00041110,19481102,PRCP,0,,,a,
ASN00041110,19481103,PRCP,0,,,a,
ASN00041110,19481104,PRCP,0,,,a,
ASN00041110,19481105,PRCP,0,,,a,
ASN00041110,19481106,PRCP,86,,,a,
ASN00041110,19481107,PRCP,0,,,a,
ASN00041110,19481108,PRCP,81,,,a,
ASN00041110,19481109,PRCP,0,,,a,
ASN00041110,19481110,PRCP,0,,,a,
ASN00041110,19481111,PRCP,0,,,a,
ASN00041110,19481112,PRCP,0,,,a,
ASN00041110,19481113,PRCP,0,,,a,
ASN00041110,19481114,PRCP,0,,,a,
ASN00041110,19481115,PRCP,0,,,a,
ASN00041110,19481116,PRCP,0,,,a,
ASN00041110,19481117,PRCP,51,,,a,
ASN00041110,19481118,PRCP,38,,,a,
ASN00041110,19481119,PRCP,0,,,a,
ASN00041110,19481120,PRCP,0,,,a,
ASN00041110,19481121,PRCP,0,,,a,
ASN00041110,19481122,PRCP,0,,,a,
ASN00041110,19481123,PRCP,0,,,a,
ASN00041110,19481124,PRCP,0,,,a,
ASN00041110,19481125,PRCP,0,,,a,
ASN00041110,19481126,PRCP,0,,,a,
ASN00041110,19481127,PRCP,0,,,a,
ASN00041110,19481128,PRCP,0,,,a,
ASN00041110,19481129,PRCP,20,,,a,
ASN00041110,19481130,PRCP,0,,,a,
ASN00041110,19481201,PRCP,0,,,a,
ASN00041110,19481202,PRCP,0,,,a,
ASN00041110,19481203,PRCP,0,,,a,
ASN00041110,19481204,PRCP,30,,,a,
ASN00041110,19481205,PRCP,0,,,a,
ASN00041110,19481206,PRCP,41,,,a,
ASN00041110,19481207,PRCP,23,,,a,
ASN00041110,19481208,PRCP,18,,,a,
ASN00041110,19481209,PRCP,74,,,a,
ASN00041110,19481210,PRCP,175,,,a,
ASN00041110,19481211,PRCP,0,,,a,
ASN00041110,19481212,PRCP,0,,,a,
ASN00041110,19481213,PRCP,0,,,a,
ASN00041110,19481214,PRCP,0,,,a,
ASN00041110,19481215,PRCP,0,,,a,
ASN00041110,19481216,PRCP,0,,,a,
ASN00041110,19481217,PRCP,221,,,a,
ASN00041110,19481218,PRCP,0,,,a,
ASN00041110,19481219,PRCP,0,,,a,
ASN00041110,19481220,PRCP,0,,,a,
ASN00041110,19481221,PRCP,0,,,a,
ASN00041110,19481222,PRCP,0,,,a,
ASN00041110,19481223,PRCP,0,,,a,
ASN00041110,19481224,PRCP,0,,,a,
ASN00041110,19481225,PRCP,0,,,a,
ASN00041110,19481226,PRCP,0,,,a,
ASN00041110,19481227,PRCP,0,,,a,
ASN00041110,19481228,PRCP,0,,,a,
ASN00041110,19481229,PRCP,0,,,a,
ASN00041110,19481230,PRCP,0,,,a,
ASN00041110,19481231,PRCP,196,,,a,
ASN00041110,19490101,PRCP,0,,,a,
ASN00041110,19490102,PRCP,0,,,a,
ASN00041110,19490103,PRCP,0,,,a,
ASN00041110,19490104,PRCP,0,,,a,
ASN00041110,19490105,PRCP,0,,,a,
ASN00041110,19490106,PRCP,0,,,a,
ASN00041110,19490107,PRCP,0,,,a,
ASN00041110,19490108,PRCP,0,,,a,
ASN00041110,19490109,PRCP,66,,,a,
ASN00041110,19490110,PRCP,178,,,a,
ASN00041110,19490111,PRCP,0,,,a,
ASN00041110,19490112,PRCP,0,,,a,
ASN00041110,19490113,PRCP,0,,,a,
ASN00041110,19490114,PRCP,0,,,a,
ASN00041110,19490115,PRCP,0,,,a,
ASN00041110,19490116,PRCP,51,,,a,
ASN00041110,19490117,PRCP,0,,,a,
ASN00041110,19490118,PRCP,0,,,a,
ASN00041110,19490119,PRCP,0,,,a,
ASN00041110,19490120,PRCP,0,,,a,
ASN00041110,19490121,PRCP,0,,,a,
ASN00041110,19490122,PRCP,0,,,a,
ASN00041110,19490123,PRCP,0,,,a,
ASN00041110,19490124,PRCP,0,,,a,
ASN00041110,19490125,PRCP,0,,,a,
ASN00041110,19490126,PRCP,0,,,a,
ASN00041110,19490127,PRCP,0,,,a,
ASN00041110,19490128,PRCP,0,,,a,
ASN00041110,19490129,PRCP,0,,,a,
ASN00041110,19490130,PRCP,0,,,a,
ASN00041110,19490131,PRCP,0,,,a,
ASN00041110,19490201,PRCP,185,,,a,
ASN00041110,19490202,PRCP,0,,,a,
ASN00041110,19490203,PRCP,0,,,a,
ASN00041110,19490204,PRCP,0,,,a,
ASN00041110,19490205,PRCP,0,,,a,
ASN00041110,19490206,PRCP,0,,,a,
ASN00041110,19490207,PRCP,99,,,a,
ASN00041110,19490208,PRCP,69,,,a,
ASN00041110,19490209,PRCP,0,,,a,
ASN00041110,19490210,PRCP,8,,,a,
ASN00041110,19490211,PRCP,23,,,a,
ASN00041110,19490212,PRCP,0,,,a,
ASN00041110,19490213,PRCP,15,,,a,
ASN00041110,19490214,PRCP,0,,,a,
ASN00041110,19490215,PRCP,51,,,a,
ASN00041110,19490216,PRCP,0,,,a,
ASN00041110,19490217,PRCP,0,,,a,
ASN00041110,19490218,PRCP,0,,,a,
ASN00041110,19490219,PRCP,0,,,a,
ASN00041110,19490220,PRCP,0,,,a,
ASN00041110,19490221,PRCP,272,,,a,
ASN00041110,19490222,PRCP,224,,,a,
ASN00041110,19490223,PRCP,0,,,a,
ASN00041110,19490224,PRCP,0,,,a,
ASN00041110,19490225,PRCP,0,,,a,
ASN00041110,19490226,PRCP,0,,,a,
ASN00041110,19490227,PRCP,0,,,a,
ASN00041110,19490228,PRCP,0,,,a,
ASN00041110,19490301,PRCP,0,,,a,
ASN00041110,19490302,PRCP,0,,,a,
ASN00041110,19490303,PRCP,25,,,a,
ASN00041110,19490304,PRCP,0,,,a,
ASN00041110,19490305,PRCP,0,,,a,
ASN00041110,19490306,PRCP,0,,,a,
ASN00041110,19490307,PRCP,0,,,a,
ASN00041110,19490308,PRCP,0,,,a,
ASN00041110,19490309,PRCP,0,,,a,
ASN00041110,19490310,PRCP,0,,,a,
ASN00041110,19490311,PRCP,0,,,a,
ASN00041110,19490312,PRCP,0,,,a,
ASN00041110,19490313,PRCP,0,,,a,
ASN00041110,19490314,PRCP,0,,,a,
ASN00041110,19490315,PRCP,0,,,a,
ASN00041110,19490316,PRCP,0,,,a,
ASN00041110,19490317,PRCP,0,,,a,
ASN00041110,19490318,PRCP,0,,,a,
ASN00041110,19490319,PRCP,0,,,a,
ASN00041110,19490320,PRCP,0,,,a,
ASN00041110,19490321,PRCP,0,,,a,
ASN00041110,19490322,PRCP,0,,,a,
ASN00041110,19490323,PRCP,0,,,a,
ASN00041110,19490324,PRCP,18,,,a,
ASN00041110,19490325,PRCP,218,,,a,
ASN00041110,19490326,PRCP,231,,,a,
ASN00041110,19490327,PRCP,0,,,a,
ASN00041110,19490328,PRCP,0,,,a,
ASN00041110,19490329,PRCP,0,,,a,
ASN00041110,19490330,PRCP,0,,,a,
ASN00041110,19490331,PRCP,0,,,a,
ASN00041110,19490401,PRCP,0,,,a,
ASN00041110,19490402,PRCP,0,,,a,
ASN00041110,19490403,PRCP,0,,,a,
ASN00041110,19490404,PRCP,0,,,a,
ASN00041110,19490405,PRCP,0,,,a,
ASN00041110,19490406,PRCP,0,,,a,
ASN00041110,19490407,PRCP,0,,,a,
ASN00041110,19490408,PRCP,0,,,a,
ASN00041110,19490409,PRCP,0,,,a,
ASN00041110,19490410,PRCP,0,,,a,
ASN00041110,19490411,PRCP,0,,,a,
ASN00041110,19490412,PRCP,0,,,a,
ASN00041110,19490413,PRCP,0,,,a,
ASN00041110,19490414,PRCP,0,,,a,
ASN00041110,19490415,PRCP,0,,,a,
ASN00041110,19490416,PRCP,0,,,a,
ASN00041110,19490417,PRCP,0,,,a,
ASN00041110,19490418,PRCP,0,,,a,
ASN00041110,19490419,PRCP,0,,,a,
ASN00041110,19490420,PRCP,0,,,a,
ASN00041110,19490421,PRCP,0,,,a,
ASN00041110,19490422,PRCP,28,,,a,
ASN00041110,19490423,PRCP,0,,,a,
ASN00041110,19490424,PRCP,0,,,a,
ASN00041110,19490425,PRCP,0,,,a,
ASN00041110,19490426,PRCP,0,,,a,
ASN00041110,19490427,PRCP,0,,,a,
ASN00041110,19490428,PRCP,0,,,a,
ASN00041110,19490429,PRCP,0,,,a,
ASN00041110,19490430,PRCP,0,,,a,
ASN00041110,19490501,PRCP,0,,,a,
ASN00041110,19490502,PRCP,0,,,a,
ASN00041110,19490503,PRCP,0,,,a,
ASN00041110,19490504,PRCP,23,,,a,
ASN00041110,19490505,PRCP,15,,,a,
ASN00041110,19490506,PRCP,0,,,a,
ASN00041110,19490507,PRCP,0,,,a,
ASN00041110,19490508,PRCP,0,,,a,
ASN00041110,19490509,PRCP,0,,,a,
ASN00041110,19490510,PRCP,0,,,a,
ASN00041110,19490511,PRCP,0,,,a,
ASN00041110,19490512,PRCP,0,,,a,
ASN00041110,19490513,PRCP,0,,,a,
ASN00041110,19490514,PRCP,0,,,a,
ASN00041110,19490515,PRCP,0,,,a,
ASN00041110,19490516,PRCP,0,,,a,
ASN00041110,19490517,PRCP,0,,,a,
ASN00041110,19490518,PRCP,30,,,a,
ASN00041110,19490519,PRCP,0,,,a,
ASN00041110,19490520,PRCP,0,,,a,
ASN00041110,19490521,PRCP,46,,,a,
ASN00041110,19490522,PRCP,0,,,a,
ASN00041110,19490523,PRCP,0,,,a,
ASN00041110,19490524,PRCP,0,,,a,
ASN00041110,19490525,PRCP,0,,,a,
ASN00041110,19490526,PRCP,0,,,a,
ASN00041110,19490527,PRCP,0,,,a,
ASN00041110,19490528,PRCP,0,,,a,
ASN00041110,19490529,PRCP,0,,,a,
ASN00041110,19490530,PRCP,0,,,a,
ASN00041110,19490531,PRCP,0,,,a,
ASN00041110,19490601,PRCP,185,,,a,
ASN00041110,19490602,PRCP,79,,,a,
ASN00041110,19490603,PRCP,0,,,a,
ASN00041110,19490604,PRCP,0,,,a,
ASN00041110,19490605,PRCP,0,,,a,
ASN00041110,19490606,PRCP,0,,,a,
ASN00041110,19490607,PRCP,0,,,a,
ASN00041110,19490608,PRCP,0,,,a,
ASN00041110,19490609,PRCP,0,,,a,
ASN00041110,19490610,PRCP,0,,,a,
ASN00041110,19490611,PRCP,0,,,a,
ASN00041110,19490612,PRCP,0,,,a,
ASN00041110,19490613,PRCP,0,,,a,
ASN00041110,19490614,PRCP,0,,,a,
ASN00041110,19490615,PRCP,10,,,a,
ASN00041110,19490616,PRCP,66,,,a,
ASN00041110,19490617,PRCP,8,,,a,
ASN00041110,19490618,PRCP,0,,,a,
ASN00041110,19490619,PRCP,0,,,a,
ASN00041110,19490620,PRCP,51,,,a,
ASN00041110,19490621,PRCP,0,,,a,
ASN00041110,19490622,PRCP,0,,,a,
ASN00041110,19490623,PRCP,0,,,a,
ASN00041110,19490624,PRCP,0,,,a,
ASN00041110,19490625,PRCP,0,,,a,
ASN00041110,19490626,PRCP,0,,,a,
ASN00041110,19490627,PRCP,0,,,a,
ASN00041110,19490628,PRCP,0,,,a,
ASN00041110,19490629,PRCP,0,,,a,
ASN00041110,19490630,PRCP,0,,,a,
ASN00041110,19490701,PRCP,0,,,a,
ASN00041110,19490702,PRCP,0,,,a,
ASN00041110,19490703,PRCP,0,,,a,
ASN00041110,19490704,PRCP,0,,,a,
ASN00041110,19490705,PRCP,0,,,a,
ASN00041110,19490706,PRCP,0,,,a,
ASN00041110,19490707,PRCP,0,,,a,
ASN00041110,19490708,PRCP,0,,,a,
ASN00041110,19490709,PRCP,0,,,a,
ASN00041110,19490710,PRCP,0,,,a,
ASN00041110,19490711,PRCP,0,,,a,
ASN00041110,19490712,PRCP,0,,,a,
ASN00041110,19490713,PRCP,0,,,a,
ASN00041110,19490714,PRCP,0,,,a,
ASN00041110,19490715,PRCP,0,,,a,
ASN00041110,19490716,PRCP,0,,,a,
ASN00041110,19490717,PRCP,0,,,a,
ASN00041110,19490718,PRCP,8,,,a,
ASN00041110,19490719,PRCP,109,,,a,
ASN00041110,19490720,PRCP,0,,,a,
ASN00041110,19490721,PRCP,0,,,a,
ASN00041110,19490722,PRCP,0,,,a,
ASN00041110,19490723,PRCP,0,,,a,
ASN00041110,19490724,PRCP,46,,,a,
ASN00041110,19490725,PRCP,28,,,a,
ASN00041110,19490726,PRCP,0,,,a,
ASN00041110,19490727,PRCP,0,,,a,
ASN00041110,19490728,PRCP,0,,,a,
ASN00041110,19490729,PRCP,0,,,a,
ASN00041110,19490730,PRCP,0,,,a,
ASN00041110,19490731,PRCP,0,,,a,
ASN00041110,19490801,PRCP,0,,,a,
ASN00041110,19490802,PRCP,0,,,a,
ASN00041110,19490803,PRCP,0,,,a,
ASN00041110,19490804,PRCP,0,,,a,
ASN00041110,19490805,PRCP,0,,,a,
ASN00041110,19490806,PRCP,0,,,a,
ASN00041110,19490807,PRCP,0,,,a,
ASN00041110,19490808,PRCP,0,,,a,
ASN00041110,19490809,PRCP,0,,,a,
ASN00041110,19490810,PRCP,0,,,a,
ASN00041110,19490811,PRCP,0,,,a,
ASN00041110,19490812,PRCP,0,,,a,
ASN00041110,19490813,PRCP,0,,,a,
ASN00041110,19490814,PRCP,0,,,a,
ASN00041110,19490815,PRCP,0,,,a,
ASN00041110,19490816,PRCP,0,,,a,
ASN00041110,19490817,PRCP,0,,,a,
ASN00041110,19490818,PRCP,0,,,a,
ASN00041110,19490819,PRCP,0,,,a,
ASN00041110,19490820,PRCP,0,,,a,
ASN00041110,19490821,PRCP,0,,,a,
ASN00041110,19490822,PRCP,0,,,a,
ASN00041110,19490823,PRCP,0,,,a,
ASN00041110,19490824,PRCP,0,,,a,
ASN00041110,19490825,PRCP,170,,,a,
ASN00041110,19490826,PRCP,0,,,a,
ASN00041110,19490827,PRCP,0,,,a,
ASN00041110,19490828,PRCP,0,,,a,
ASN00041110,19490829,PRCP,0,,,a,
ASN00041110,19490830,PRCP,0,,,a,
ASN00041110,19490831,PRCP,0,,,a,
ASN00041110,19490901,PRCP,0,,,a,
ASN00041110,19490902,PRCP,0,,,a,
ASN00041110,19490903,PRCP,0,,,a,
ASN00041110,19490904,PRCP,0,,,a,
ASN00041110,19490905,PRCP,0,,,a,
ASN00041110,19490906,PRCP,0,,,a,
ASN00041110,19490907,PRCP,18,,,a,
ASN00041110,19490908,PRCP,0,,,a,
ASN00041110,19490909,PRCP,0,,,a,
ASN00041110,19490910,PRCP,91,,,a,
ASN00041110,19490911,PRCP,292,,,a,
ASN00041110,19490912,PRCP,0,,,a,
ASN00041110,19490913,PRCP,0,,,a,
ASN00041110,19490914,PRCP,43,,,a,
ASN00041110,19490915,PRCP,0,,,a,
ASN00041110,19490916,PRCP,0,,,a,
ASN00041110,19490917,PRCP,0,,,a,
ASN00041110,19490918,PRCP,0,,,a,
ASN00041110,19490919,PRCP,0,,,a,
ASN00041110,19490920,PRCP,0,,,a,
ASN00041110,19490921,PRCP,0,,,a,
ASN00041110,19490922,PRCP,0,,,a,
ASN00041110,19490923,PRCP,0,,,a,
ASN00041110,19490924,PRCP,30,,,a,
ASN00041110,19490925,PRCP,0,,,a,
ASN00041110,19490926,PRCP,0,,,a,
ASN00041110,19490927,PRCP,0,,,a,
ASN00041110,19490928,PRCP,0,,,a,
ASN00041110,19490929,PRCP,0,,,a,
ASN00041110,19490930,PRCP,0,,,a,
ASN00041110,19491001,PRCP,8,,,a,
ASN00041110,19491002,PRCP,0,,,a,
ASN00041110,19491003,PRCP,0,,,a,
ASN00041110,19491004,PRCP,0,,,a,
ASN00041110,19491005,PRCP,38,,,a,
ASN00041110,19491006,PRCP,74,,,a,
ASN00041110,19491007,PRCP,0,,,a,
ASN00041110,19491008,PRCP,53,,,a,
ASN00041110,19491009,PRCP,48,,,a,
ASN00041110,19491010,PRCP,15,,,a,
ASN00041110,19491011,PRCP,0,,,a,
ASN00041110,19491012,PRCP,0,,,a,
ASN00041110,19491013,PRCP,0,,,a,
ASN00041110,19491014,PRCP,310,,,a,
ASN00041110,19491015,PRCP,61,,,a,
ASN00041110,19491016,PRCP,147,,,a,
ASN00041110,19491017,PRCP,0,,,a,
ASN00041110,19491018,PRCP,0,,,a,
ASN00041110,19491019,PRCP,0,,,a,
ASN00041110,19491020,PRCP,0,,,a,
ASN00041110,19491021,PRCP,0,,,a,
ASN00041110,19491022,PRCP,0,,,a,
ASN00041110,19491023,PRCP,0,,,a,
ASN00041110,19491024,PRCP,0,,,a,
ASN00041110,19491025,PRCP,551,,,a,
ASN00041110,19491026,PRCP,0,,,a,
ASN00041110,19491027,PRCP,0,,,a,
ASN00041110,19491028,PRCP,0,,,a,
ASN00041110,19491029,PRCP,46,,,a,
ASN00041110,19491030,PRCP,0,,,a,
ASN00041110,19491031,PRCP,89,,,a,
ASN00041110,19491101,PRCP,0,,,a,
ASN00041110,19491102,PRCP,0,,,a,
ASN00041110,19491103,PRCP,0,,,a,
ASN00041110,19491104,PRCP,0,,,a,
ASN00041110,19491105,PRCP,0,,,a,
ASN00041110,19491106,PRCP,0,,,a,
ASN00041110,19491107,PRCP,0,,,a,
ASN00041110,19491108,PRCP,0,,,a,
ASN00041110,19491109,PRCP,0,,,a,
ASN00041110,19491110,PRCP,0,,,a,
ASN00041110,19491111,PRCP,0,,,a,
ASN00041110,19491112,PRCP,0,,,a,
ASN00041110,19491113,PRCP,0,,,a,
ASN00041110,19491114,PRCP,0,,,a,
ASN00041110,19491115,PRCP,0,,,a,
ASN00041110,19491116,PRCP,0,,,a,
ASN00041110,19491117,PRCP,0,,,a,
ASN00041110,19491118,PRCP,0,,,a,
ASN00041110,19491119,PRCP,38,,,a,
ASN00041110,19491120,PRCP,201,,,a,
ASN00041110,19491121,PRCP,0,,,a,
ASN00041110,19491122,PRCP,381,,,a,
ASN00041110,19491123,PRCP,8,,,a,
ASN00041110,19491124,PRCP,0,,,a,
ASN00041110,19491125,PRCP,0,,,a,
ASN00041110,19491126,PRCP,0,,,a,
ASN00041110,19491127,PRCP,203,,,a,
ASN00041110,19491128,PRCP,0,,,a,
ASN00041110,19491129,PRCP,145,,,a,
ASN00041110,19491130,PRCP,0,,,a,
ASN00041110,19491201,PRCP,0,,,a,
ASN00041110,19491202,PRCP,0,,,a,
ASN00041110,19491203,PRCP,0,,,a,
ASN00041110,19491204,PRCP,0,,,a,
ASN00041110,19491205,PRCP,0,,,a,
ASN00041110,19491206,PRCP,0,,,a,
ASN00041110,19491207,PRCP,0,,,a,
ASN00041110,19491208,PRCP,69,,,a,
ASN00041110,19491209,PRCP,0,,,a,
ASN00041110,19491210,PRCP,46,,,a,
ASN00041110,19491211,PRCP,64,,,a,
ASN00041110,19491212,PRCP,0,,,a,
ASN00041110,19491213,PRCP,0,,,a,
ASN00041110,19491214,PRCP,15,,,a,
ASN00041110,19491215,PRCP,0,,,a,
ASN00041110,19491216,PRCP,0,,,a,
ASN00041110,19491217,PRCP,51,,,a,
ASN00041110,19491218,PRCP,0,,,a,
ASN00041110,19491219,PRCP,0,,,a,
ASN00041110,19491220,PRCP,0,,,a,
ASN00041110,19491221,PRCP,61,,,a,
ASN00041110,19491222,PRCP,0,,,a,
ASN00041110,19491223,PRCP,0,,,a,
ASN00041110,19491224,PRCP,0,,,a,
ASN00041110,19491225,PRCP,0,,,a,
ASN00041110,19491226,PRCP,0,,,a,
ASN00041110,19491227,PRCP,0,,,a,
ASN00041110,19491228,PRCP,0,,,a,
ASN00041110,19491229,PRCP,0,,,a,
ASN00041110,19491230,PRCP,20,,,a,
ASN00041110,19491231,PRCP,0,,,a,
ASN00041110,19500101,PRCP,0,,,a,
ASN00041110,19500102,PRCP,0,,,a,
ASN00041110,19500103,PRCP,25,,,a,
ASN00041110,19500104,PRCP,0,,,a,
ASN00041110,19500105,PRCP,0,,,a,
ASN00041110,19500106,PRCP,0,,,a,
ASN00041110,19500107,PRCP,0,,,a,
ASN00041110,19500108,PRCP,0,,,a,
ASN00041110,19500109,PRCP,0,,,a,
ASN00041110,19500110,PRCP,36,,,a,
ASN00041110,19500111,PRCP,0,,,a,
ASN00041110,19500112,PRCP,0,,,a,
ASN00041110,19500113,PRCP,0,,,a,
ASN00041110,19500114,PRCP,0,,,a,
ASN00041110,19500115,PRCP,0,,,a,
ASN00041110,19500116,PRCP,0,,,a,
ASN00041110,19500117,PRCP,0,,,a,
ASN00041110,19500118,PRCP,315,,,a,
ASN00041110,19500119,PRCP,358,,,a,
ASN00041110,19500120,PRCP,0,,,a,
ASN00041110,19500121,PRCP,0,,,a,
ASN00041110,19500122,PRCP,0,,,a,
ASN00041110,19500123,PRCP,0,,,a,
ASN00041110,19500124,PRCP,0,,,a,
ASN00041110,19500125,PRCP,46,,,a,
ASN00041110,19500126,PRCP,0,,,a,
ASN00041110,19500127,PRCP,0,,,a,
ASN00041110,19500128,PRCP,155,,,a,
ASN00041110,19500129,PRCP,0,,,a,
ASN00041110,19500130,PRCP,0,,,a,
ASN00041110,19500131,PRCP,0,,,a,
ASN00041110,19500201,PRCP,0,,,a,
ASN00041110,19500202,PRCP,0,,,a,
ASN00041110,19500203,PRCP,0,,,a,
ASN00041110,19500204,PRCP,0,,,a,
ASN00041110,19500205,PRCP,0,,,a,
ASN00041110,19500206,PRCP,0,,,a,
ASN00041110,19500207,PRCP,0,,,a,
ASN00041110,19500208,PRCP,0,,,a,
ASN00041110,19500209,PRCP,0,,,a,
ASN00041110,19500210,PRCP,0,,,a,
ASN00041110,19500211,PRCP,208,,,a,
ASN00041110,19500212,PRCP,13,,,a,
ASN00041110,19500213,PRCP,0,,,a,
ASN00041110,19500214,PRCP,86,,,a,
ASN00041110,19500215,PRCP,150,,,a,
ASN00041110,19500216,PRCP,51,,,a,
ASN00041110,19500217,PRCP,0,,,a,
ASN00041110,19500218,PRCP,457,,,a,
ASN00041110,19500219,PRCP,0,,,a,
ASN00041110,19500220,PRCP,0,,,a,
ASN00041110,19500221,PRCP,0,,,a,
ASN00041110,19500222,PRCP,0,,,a,
ASN00041110,19500223,PRCP,0,,,a,
ASN00041110,19500224,PRCP,0,,,a,
ASN00041110,19500225,PRCP,0,,,a,
ASN00041110,19500226,PRCP,0,,,a,
ASN00041110,19500227,PRCP,0,,,a,
ASN00041110,19500228,PRCP,86,,,a,
ASN00041110,19500301,PRCP,0,,,a,
ASN00041110,19500302,PRCP,0,,,a,
ASN00041110,19500303,PRCP,0,,,a,
ASN00041110,19500304,PRCP,0,,,a,
ASN00041110,19500305,PRCP,0,,,a,
ASN00041110,19500306,PRCP,0,,,a,
ASN00041110,19500307,PRCP,0,,,a,
ASN00041110,19500308,PRCP,0,,,a,
ASN00041110,19500309,PRCP,0,,,a,
ASN00041110,19500310,PRCP,0,,,a,
ASN00041110,19500311,PRCP,0,,,a,
ASN00041110,19500312,PRCP,0,,,a,
ASN00041110,19500313,PRCP,0,,,a,
ASN00041110,19500314,PRCP,127,,,a,
ASN00041110,19500315,PRCP,5,,,a,
ASN00041110,19500316,PRCP,3,,,a,
ASN00041110,19500317,PRCP,0,,,a,
ASN00041110,19500318,PRCP,0,,,a,
ASN00041110,19500319,PRCP,0,,,a,
ASN00041110,19500320,PRCP,0,,,a,
ASN00041110,19500321,PRCP,0,,,a,
ASN00041110,19500322,PRCP,0,,,a,
ASN00041110,19500323,PRCP,0,,,a,
ASN00041110,19500324,PRCP,0,,,a,
ASN00041110,19500325,PRCP,0,,,a,
ASN00041110,19500326,PRCP,0,,,a,
ASN00041110,19500327,PRCP,127,,,a,
ASN00041110,19500328,PRCP,8,,,a,
ASN00041110,19500329,PRCP,0,,,a,
ASN00041110,19500330,PRCP,0,,,a,
ASN00041110,19500331,PRCP,20,,,a,
ASN00041110,19500401,PRCP,0,,,a,
ASN00041110,19500402,PRCP,0,,,a,
ASN00041110,19500403,PRCP,0,,,a,
ASN00041110,19500404,PRCP,0,,,a,
ASN00041110,19500405,PRCP,51,,,a,
ASN00041110,19500406,PRCP,0,,,a,
ASN00041110,19500407,PRCP,0,,,a,
ASN00041110,19500408,PRCP,0,,,a,
ASN00041110,19500409,PRCP,0,,,a,
ASN00041110,19500410,PRCP,46,,,a,
ASN00041110,19500411,PRCP,117,,,a,
ASN00041110,19500412,PRCP,0,,,a,
ASN00041110,19500413,PRCP,0,,,a,
ASN00041110,19500414,PRCP,0,,,a,
ASN00041110,19500415,PRCP,0,,,a,
ASN00041110,19500416,PRCP,0,,,a,
ASN00041110,19500417,PRCP,0,,,a,
ASN00041110,19500418,PRCP,0,,,a,
ASN00041110,19500419,PRCP,18,,,a,
ASN00041110,19500420,PRCP,0,,,a,
ASN00041110,19500421,PRCP,0,,,a,
ASN00041110,19500422,PRCP,0,,,a,
ASN00041110,19500423,PRCP,0,,,a,
ASN00041110,19500424,PRCP,0,,,a,
ASN00041110,19500425,PRCP,0,,,a,
ASN00041110,19500426,PRCP,0,,,a,
ASN00041110,19500427,PRCP,0,,,a,
ASN00041110,19500428,PRCP,0,,,a,
ASN00041110,19500429,PRCP,0,,,a,
ASN00041110,19500430,PRCP,0,,,a,
ASN00041110,19500501,PRCP,0,,,a,
ASN00041110,19500502,PRCP,0,,,a,
ASN00041110,19500503,PRCP,0,,,a,
ASN00041110,19500504,PRCP,0,,,a,
ASN00041110,19500505,PRCP,0,,,a,
ASN00041110,19500506,PRCP,0,,,a,
ASN00041110,19500507,PRCP,0,,,a,
ASN00041110,19500508,PRCP,0,,,a,
ASN00041110,19500509,PRCP,0,,,a,
ASN00041110,19500510,PRCP,0,,,a,
ASN00041110,19500511,PRCP,0,,,a,
ASN00041110,19500512,PRCP,0,,,a,
ASN00041110,19500513,PRCP,0,,,a,
ASN00041110,19500514,PRCP,0,,,a,
ASN00041110,19500515,PRCP,0,,,a,
ASN00041110,19500516,PRCP,0,,,a,
ASN00041110,19500517,PRCP,0,,,a,
ASN00041110,19500518,PRCP,0,,,a,
ASN00041110,19500519,PRCP,0,,,a,
ASN00041110,19500520,PRCP,0,,,a,
ASN00041110,19500521,PRCP,0,,,a,
ASN00041110,19500522,PRCP,0,,,a,
ASN00041110,19500523,PRCP,0,,,a,
ASN00041110,19500524,PRCP,122,,,a,
ASN00041110,19500525,PRCP,38,,,a,
ASN00041110,19500526,PRCP,0,,,a,
ASN00041110,19500527,PRCP,0,,,a,
ASN00041110,19500528,PRCP,0,,,a,
ASN00041110,19500529,PRCP,0,,,a,
ASN00041110,19500530,PRCP,0,,,a,
ASN00041110,19500531,PRCP,0,,,a,
ASN00041110,19500601,PRCP,0,,,a,
ASN00041110,19500602,PRCP,0,,,a,
ASN00041110,19500603,PRCP,0,,,a,
ASN00041110,19500604,PRCP,0,,,a,
ASN00041110,19500605,PRCP,0,,,a,
ASN00041110,19500606,PRCP,0,,,a,
ASN00041110,19500607,PRCP,132,,,a,
ASN00041110,19500608,PRCP,178,,,a,
ASN00041110,19500609,PRCP,0,,,a,
ASN00041110,19500610,PRCP,0,,,a,
ASN00041110,19500611,PRCP,0,,,a,
ASN00041110,19500612,PRCP,0,,,a,
ASN00041110,19500613,PRCP,0,,,a,
ASN00041110,19500614,PRCP,0,,,a,
ASN00041110,19500615,PRCP,142,,,a,
ASN00041110,19500616,PRCP,0,,,a,
ASN00041110,19500617,PRCP,10,,,a,
ASN00041110,19500618,PRCP,0,,,a,
ASN00041110,19500619,PRCP,168,,,a,
ASN00041110,19500620,PRCP,81,,,a,
ASN00041110,19500621,PRCP,0,,,a,
ASN00041110,19500622,PRCP,46,,,a,
ASN00041110,19500623,PRCP,787,,,a,
ASN00041110,19500624,PRCP,165,,,a,
ASN00041110,19500625,PRCP,0,,,a,
ASN00041110,19500626,PRCP,61,,,a,
ASN00041110,19500627,PRCP,0,,,a,
ASN00041110,19500628,PRCP,0,,,a,
ASN00041110,19500629,PRCP,0,,,a,
ASN00041110,19500630,PRCP,0,,,a,
ASN00041110,19500701,PRCP,0,,,a,
ASN00041110,19500702,PRCP,0,,,a,
ASN00041110,19500703,PRCP,0,,,a,
ASN00041110,19500704,PRCP,0,,,a,
ASN00041110,19500705,PRCP,0,,,a,
ASN00041110,19500706,PRCP,0,,,a,
ASN00041110,19500707,PRCP,0,,,a,
ASN00041110,19500708,PRCP,0,,,a,
ASN00041110,19500709,PRCP,0,,,a,
ASN00041110,19500710,PRCP,69,,,a,
ASN00041110,19500711,PRCP,41,,,a,
ASN00041110,19500712,PRCP,3,,,a,
ASN00041110,19500713,PRCP,0,,,a,
ASN00041110,19500714,PRCP,0,,,a,
ASN00041110,19500715,PRCP,0,,,a,
ASN00041110,19500716,PRCP,0,,,a,
ASN00041110,19500717,PRCP,0,,,a,
ASN00041110,19500718,PRCP,0,,,a,
ASN00041110,19500719,PRCP,0,,,a,
ASN00041110,19500720,PRCP,0,,,a,
ASN00041110,19500721,PRCP,66,,,a,
ASN00041110,19500722,PRCP,41,,,a,
ASN00041110,19500723,PRCP,0,,,a,
ASN00041110,19500724,PRCP,137,,,a,
ASN00041110,19500725,PRCP,69,,,a,
ASN00041110,19500726,PRCP,0,,,a,
ASN00041110,19500727,PRCP,69,,,a,
ASN00041110,19500728,PRCP,236,,,a,
ASN00041110,19500729,PRCP,99,,,a,
ASN00041110,19500730,PRCP,0,,,a,
ASN00041110,19500731,PRCP,0,,,a,
ASN00041110,19500801,PRCP,0,,,a,
ASN00041110,19500802,PRCP,0,,,a,
ASN00041110,19500803,PRCP,0,,,a,
ASN00041110,19500804,PRCP,0,,,a,
ASN00041110,19500805,PRCP,0,,,a,
ASN00041110,19500806,PRCP,0,,,a,
ASN00041110,19500807,PRCP,0,,,a,
ASN00041110,19500808,PRCP,0,,,a,
ASN00041110,19500809,PRCP,0,,,a,
ASN00041110,19500810,PRCP,0,,,a,
ASN00041110,19500811,PRCP,0,,,a,
ASN00041110,19500812,PRCP,79,,,a,
ASN00041110,19500813,PRCP,0,,,a,
ASN00041110,19500814,PRCP,0,,,a,
ASN00041110,19500815,PRCP,0,,,a,
ASN00041110,19500816,PRCP,0,,,a,
ASN00041110,19500817,PRCP,0,,,a,
ASN00041110,19500818,PRCP,0,,,a,
ASN00041110,19500819,PRCP,0,,,a,
ASN00041110,19500820,PRCP,0,,,a,
ASN00041110,19500821,PRCP,0,,,a,
ASN00041110,19500822,PRCP,0,,,a,
ASN00041110,19500823,PRCP,0,,,a,
ASN00041110,19500824,PRCP,0,,,a,
ASN00041110,19500825,PRCP,0,,,a,
ASN00041110,19500826,PRCP,0,,,a,
ASN00041110,19500827,PRCP,0,,,a,
ASN00041110,19500828,PRCP,0,,,a,
ASN00041110,19500829,PRCP,0,,,a,
ASN00041110,19500830,PRCP,0,,,a,
ASN00041110,19500831,PRCP,0,,,a,
ASN00041110,19500901,PRCP,0,,,a,
ASN00041110,19500902,PRCP,0,,,a,
ASN00041110,19500903,PRCP,0,,,a,
ASN00041110,19500904,PRCP,0,,,a,
ASN00041110,19500905,PRCP,0,,,a,
ASN00041110,19500906,PRCP,0,,,a,
ASN00041110,19500907,PRCP,0,,,a,
ASN00041110,19500908,PRCP,0,,,a,
ASN00041110,19500909,PRCP,0,,,a,
ASN00041110,19500910,PRCP,0,,,a,
ASN00041110,19500911,PRCP,0,,,a,
ASN00041110,19500912,PRCP,0,,,a,
ASN00041110,19500913,PRCP,0,,,a,
ASN00041110,19500914,PRCP,0,,,a,
ASN00041110,19500915,PRCP,0,,,a,
ASN00041110,19500916,PRCP,0,,,a,
ASN00041110,19500917,PRCP,0,,,a,
ASN00041110,19500918,PRCP,173,,,a,
ASN00041110,19500919,PRCP,419,,,a,
ASN00041110,19500920,PRCP,69,,,a,
ASN00041110,19500921,PRCP,0,,,a,
ASN00041110,19500922,PRCP,0,,,a,
ASN00041110,19500923,PRCP,0,,,a,
ASN00041110,19500924,PRCP,0,,,a,
ASN00041110,19500925,PRCP,0,,,a,
ASN00041110,19500926,PRCP,0,,,a,
ASN00041110,19500927,PRCP,13,,,a,
ASN00041110,19500928,PRCP,0,,,a,
ASN00041110,19500929,PRCP,0,,,a,
ASN00041110,19500930,PRCP,0,,,a,
ASN00041110,19501001,PRCP,0,,,a,
ASN00041110,19501002,PRCP,0,,,a,
ASN00041110,19501003,PRCP,15,,,a,
ASN00041110,19501004,PRCP,160,,,a,
ASN00041110,19501005,PRCP,0,,,a,
ASN00041110,19501006,PRCP,0,,,a,
ASN00041110,19501007,PRCP,0,,,a,
ASN00041110,19501008,PRCP,262,,,a,
ASN00041110,19501009,PRCP,76,,,a,
ASN00041110,19501010,PRCP,381,,,a,
ASN00041110,19501011,PRCP,142,,,a,
ASN00041110,19501012,PRCP,0,,,a,
ASN00041110,19501013,PRCP,0,,,a,
ASN00041110,19501014,PRCP,0,,,a,
ASN00041110,19501015,PRCP,0,,,a,
ASN00041110,19501016,PRCP,0,,,a,
ASN00041110,19501017,PRCP,0,,,a,
ASN00041110,19501018,PRCP,0,,,a,
ASN00041110,19501019,PRCP,155,,,a,
ASN00041110,19501020,PRCP,20,,,a,
ASN00041110,19501021,PRCP,0,,,a,
ASN00041110,19501022,PRCP,0,,,a,
ASN00041110,19501023,PRCP,0,,,a,
ASN00041110,19501024,PRCP,0,,,a,
ASN00041110,19501025,PRCP,0,,,a,
ASN00041110,19501026,PRCP,117,,,a,
ASN00041110,19501027,PRCP,0,,,a,
ASN00041110,19501028,PRCP,0,,,a,
ASN00041110,19501029,PRCP,0,,,a,
ASN00041110,19501030,PRCP,0,,,a,
ASN00041110,19501031,PRCP,0,,,a,
ASN00041110,19501101,PRCP,0,,,a,
ASN00041110,19501102,PRCP,0,,,a,
ASN00041110,19501103,PRCP,0,,,a,
ASN00041110,19501104,PRCP,28,,,a,
ASN00041110,19501105,PRCP,0,,,a,
ASN00041110,19501106,PRCP,0,,,a,
ASN00041110,19501107,PRCP,0,,,a,
ASN00041110,19501108,PRCP,0,,,a,
ASN00041110,19501109,PRCP,0,,,a,
ASN00041110,19501110,PRCP,0,,,a,
ASN00041110,19501111,PRCP,107,,,a,
ASN00041110,19501112,PRCP,0,,,a,
ASN00041110,19501113,PRCP,0,,,a,
ASN00041110,19501114,PRCP,23,,,a,
ASN00041110,19501115,PRCP,102,,,a,
ASN00041110,19501116,PRCP,231,,,a,
ASN00041110,19501117,PRCP,381,,,a,
ASN00041110,19501118,PRCP,0,,,a,
ASN00041110,19501119,PRCP,0,,,a,
ASN00041110,19501120,PRCP,0,,,a,
ASN00041110,19501121,PRCP,0,,,a,
ASN00041110,19501122,PRCP,25,,,a,
ASN00041110,19501123,PRCP,18,,,a,
ASN00041110,19501124,PRCP,58,,,a,
ASN00041110,19501125,PRCP,381,,,a,
ASN00041110,19501126,PRCP,13,,,a,
ASN00041110,19501127,PRCP,0,,,a,
ASN00041110,19501128,PRCP,0,,,a,
ASN00041110,19501129,PRCP,0,,,a,
ASN00041110,19501130,PRCP,0,,,a,
ASN00041110,19501201,PRCP,0,,,a,
ASN00041110,19501202,PRCP,0,,,a,
ASN00041110,19501203,PRCP,0,,,a,
ASN00041110,19501204,PRCP,0,,,a,
ASN00041110,19501205,PRCP,0,,,a,
ASN00041110,19501206,PRCP,0,,,a,
ASN00041110,19501207,PRCP,0,,,a,
ASN00041110,19501208,PRCP,0,,,a,
ASN00041110,19501209,PRCP,0,,,a,
ASN00041110,19501210,PRCP,0,,,a,
ASN00041110,19501211,PRCP,0,,,a,
ASN00041110,19501212,PRCP,0,,,a,
ASN00041110,19501213,PRCP,0,,,a,
ASN00041110,19501214,PRCP,0,,,a,
ASN00041110,19501215,PRCP,127,,,a,
ASN00041110,19501216,PRCP,0,,,a,
ASN00041110,19501217,PRCP,0,,,a,
ASN00041110,19501218,PRCP,0,,,a,
ASN00041110,19501219,PRCP,0,,,a,
ASN00041110,19501220,PRCP,0,,,a,
ASN00041110,19501221,PRCP,0,,,a,
ASN00041110,19501222,PRCP,0,,,a,
ASN00041110,19501223,PRCP,0,,,a,
ASN00041110,19501224,PRCP,0,,,a,
ASN00041110,19501225,PRCP,0,,,a,
ASN00041110,19501226,PRCP,0,,,a,
ASN00041110,19501227,PRCP,0,,,a,
ASN00041110,19501228,PRCP,0,,,a,
ASN00041110,19501229,PRCP,0,,,a,
ASN00041110,19501230,PRCP,0,,,a,
ASN00041110,19501231,PRCP,30,,,a,
ASN00041110,19510101,PRCP,102,,,a,
ASN00041110,19510102,PRCP,0,,,a,
ASN00041110,19510103,PRCP,0,,,a,
ASN00041110,19510104,PRCP,0,,,a,
ASN00041110,19510105,PRCP,0,,,a,
ASN00041110,19510106,PRCP,0,,,a,
ASN00041110,19510107,PRCP,0,,,a,
ASN00041110,19510108,PRCP,53,,,a,
ASN00041110,19510109,PRCP,0,,,a,
ASN00041110,19510110,PRCP,0,,,a,
ASN00041110,19510111,PRCP,0,,,a,
ASN00041110,19510112,PRCP,0,,,a,
ASN00041110,19510113,PRCP,0,,,a,
ASN00041110,19510114,PRCP,0,,,a,
ASN00041110,19510115,PRCP,147,,,a,
ASN00041110,19510116,PRCP,183,,,a,
ASN00041110,19510117,PRCP,114,,,a,
ASN00041110,19510118,PRCP,295,,,a,
ASN00041110,19510119,PRCP,38,,,a,
ASN00041110,19510120,PRCP,0,,,a,
ASN00041110,19510121,PRCP,0,,,a,
ASN00041110,19510122,PRCP,0,,,a,
ASN00041110,19510123,PRCP,0,,,a,
ASN00041110,19510124,PRCP,89,,,a,
ASN00041110,19510125,PRCP,295,,,a,
ASN00041110,19510126,PRCP,348,,,a,
ASN00041110,19510127,PRCP,0,,,a,
ASN00041110,19510128,PRCP,0,,,a,
ASN00041110,19510129,PRCP,0,,,a,
ASN00041110,19510130,PRCP,183,,,a,
ASN00041110,19510131,PRCP,249,,,a,
ASN00041110,19510201,PRCP,58,,,a,
ASN00041110,19510202,PRCP,0,,,a,
ASN00041110,19510203,PRCP,0,,,a,
ASN00041110,19510204,PRCP,0,,,a,
ASN00041110,19510205,PRCP,0,,,a,
ASN00041110,19510206,PRCP,0,,,a,
ASN00041110,19510207,PRCP,0,,,a,
ASN00041110,19510208,PRCP,0,,,a,
ASN00041110,19510209,PRCP,0,,,a,
ASN00041110,19510210,PRCP,0,,,a,
ASN00041110,19510211,PRCP,0,,,a,
ASN00041110,19510212,PRCP,0,,,a,
ASN00041110,19510213,PRCP,0,,,a,
ASN00041110,19510214,PRCP,0,,,a,
ASN00041110,19510215,PRCP,0,,,a,
ASN00041110,19510216,PRCP,0,,,a,
ASN00041110,19510217,PRCP,0,,,a,
ASN00041110,19510218,PRCP,0,,,a,
ASN00041110,19510219,PRCP,0,,,a,
ASN00041110,19510220,PRCP,10,,,a,
ASN00041110,19510221,PRCP,0,,,a,
ASN00041110,19510222,PRCP,0,,,a,
ASN00041110,19510223,PRCP,0,,,a,
ASN00041110,19510224,PRCP,13,,,a,
ASN00041110,19510225,PRCP,0,,,a,
ASN00041110,19510226,PRCP,0,,,a,
ASN00041110,19510227,PRCP,0,,,a,
ASN00041110,19510228,PRCP,0,,,a,
ASN00041110,19510301,PRCP,0,,,a,
ASN00041110,19510302,PRCP,0,,,a,
ASN00041110,19510303,PRCP,122,,,a,
ASN00041110,19510304,PRCP,0,,,a,
ASN00041110,19510305,PRCP,0,,,a,
ASN00041110,19510306,PRCP,0,,,a,
ASN00041110,19510307,PRCP,0,,,a,
ASN00041110,19510308,PRCP,0,,,a,
ASN00041110,19510309,PRCP,640,,,a,
ASN00041110,19510310,PRCP,0,,,a,
ASN00041110,19510311,PRCP,0,,,a,
ASN00041110,19510312,PRCP,0,,,a,
ASN00041110,19510313,PRCP,0,,,a,
ASN00041110,19510314,PRCP,0,,,a,
ASN00041110,19510315,PRCP,0,,,a,
ASN00041110,19510316,PRCP,0,,,a,
ASN00041110,19510317,PRCP,0,,,a,
ASN00041110,19510318,PRCP,0,,,a,
ASN00041110,19510319,PRCP,277,,,a,
ASN00041110,19510320,PRCP,25,,,a,
ASN00041110,19510321,PRCP,0,,,a,
ASN00041110,19510322,PRCP,0,,,a,
ASN00041110,19510323,PRCP,0,,,a,
ASN00041110,19510324,PRCP,0,,,a,
ASN00041110,19510325,PRCP,0,,,a,
ASN00041110,19510326,PRCP,0,,,a,
ASN00041110,19510327,PRCP,0,,,a,
ASN00041110,19510328,PRCP,0,,,a,
ASN00041110,19510329,PRCP,0,,,a,
ASN00041110,19510330,PRCP,0,,,a,
ASN00041110,19510331,PRCP,0,,,a,
ASN00041110,19510401,PRCP,0,,,a,
ASN00041110,19510402,PRCP,0,,,a,
ASN00041110,19510403,PRCP,0,,,a,
ASN00041110,19510404,PRCP,0,,,a,
ASN00041110,19510405,PRCP,0,,,a,
ASN00041110,19510406,PRCP,0,,,a,
ASN00041110,19510407,PRCP,0,,,a,
ASN00041110,19510408,PRCP,0,,,a,
ASN00041110,19510409,PRCP,0,,,a,
ASN00041110,19510410,PRCP,0,,,a,
ASN00041110,19510411,PRCP,0,,,a,
ASN00041110,19510412,PRCP,48,,,a,
ASN00041110,19510413,PRCP,0,,,a,
ASN00041110,19510414,PRCP,0,,,a,
ASN00041110,19510415,PRCP,0,,,a,
ASN00041110,19510416,PRCP,0,,,a,
ASN00041110,19510417,PRCP,0,,,a,
ASN00041110,19510418,PRCP,51,,,a,
ASN00041110,19510419,PRCP,23,,,a,
ASN00041110,19510420,PRCP,0,,,a,
ASN00041110,19510421,PRCP,0,,,a,
ASN00041110,19510422,PRCP,0,,,a,
ASN00041110,19510423,PRCP,0,,,a,
ASN00041110,19510424,PRCP,0,,,a,
ASN00041110,19510425,PRCP,0,,,a,
ASN00041110,19510426,PRCP,0,,,a,
ASN00041110,19510427,PRCP,0,,,a,
ASN00041110,19510428,PRCP,0,,,a,
ASN00041110,19510429,PRCP,0,,,a,
ASN00041110,19510430,PRCP,0,,,a,
ASN00041110,19510501,PRCP,0,,,a,
ASN00041110,19510502,PRCP,0,,,a,
ASN00041110,19510503,PRCP,0,,,a,
ASN00041110,19510504,PRCP,0,,,a,
ASN00041110,19510505,PRCP,0,,,a,
ASN00041110,19510506,PRCP,0,,,a,
ASN00041110,19510507,PRCP,0,,,a,
ASN00041110,19510508,PRCP,0,,,a,
ASN00041110,19510509,PRCP,0,,,a,
ASN00041110,19510510,PRCP,0,,,a,
ASN00041110,19510511,PRCP,0,,,a,
ASN00041110,19510512,PRCP,0,,,a,
ASN00041110,19510513,PRCP,0,,,a,
ASN00041110,19510514,PRCP,0,,,a,
ASN00041110,19510515,PRCP,0,,,a,
ASN00041110,19510516,PRCP,0,,,a,
ASN00041110,19510517,PRCP,0,,,a,
ASN00041110,19510518,PRCP,0,,,a,
ASN00041110,19510519,PRCP,114,,,a,
ASN00041110,19510520,PRCP,119,,,a,
ASN00041110,19510521,PRCP,0,,,a,
ASN00041110,19510522,PRCP,0,,,a,
ASN00041110,19510523,PRCP,0,,,a,
ASN00041110,19510524,PRCP,0,,,a,
ASN00041110,19510525,PRCP,127,,,a,
ASN00041110,19510526,PRCP,102,,,a,
ASN00041110,19510527,PRCP,0,,,a,
ASN00041110,19510528,PRCP,0,,,a,
ASN00041110,19510529,PRCP,0,,,a,
ASN00041110,19510530,PRCP,0,,,a,
ASN00041110,19510531,PRCP,0,,,a,
ASN00041110,19510601,PRCP,0,,,a,
ASN00041110,19510602,PRCP,0,,,a,
ASN00041110,19510603,PRCP,0,,,a,
ASN00041110,19510604,PRCP,0,,,a,
ASN00041110,19510605,PRCP,0,,,a,
ASN00041110,19510606,PRCP,0,,,a,
ASN00041110,19510607,PRCP,0,,,a,
ASN00041110,19510608,PRCP,0,,,a,
ASN00041110,19510609,PRCP,165,,,a,
ASN00041110,19510610,PRCP,0,,,a,
ASN00041110,19510611,PRCP,0,,,a,
ASN00041110,19510612,PRCP,0,,,a,
ASN00041110,19510613,PRCP,0,,,a,
ASN00041110,19510614,PRCP,99,,,a,
ASN00041110,19510615,PRCP,28,,,a,
ASN00041110,19510616,PRCP,0,,,a,
ASN00041110,19510617,PRCP,0,,,a,
ASN00041110,19510618,PRCP,142,,,a,
ASN00041110,19510619,PRCP,0,,,a,
ASN00041110,19510620,PRCP,0,,,a,
ASN00041110,19510621,PRCP,0,,,a,
ASN00041110,19510622,PRCP,0,,,a,
ASN00041110,19510623,PRCP,0,,,a,
ASN00041110,19510624,PRCP,0,,,a,
ASN00041110,19510625,PRCP,0,,,a,
ASN00041110,19510626,PRCP,30,,,a,
ASN00041110,19510627,PRCP,0,,,a,
ASN00041110,19510628,PRCP,0,,,a,
ASN00041110,19510629,PRCP,0,,,a,
ASN00041110,19510630,PRCP,0,,,a,
ASN00041110,19510701,PRCP,0,,,a,
ASN00041110,19510702,PRCP,0,,,a,
ASN00041110,19510703,PRCP,0,,,a,
ASN00041110,19510704,PRCP,0,,,a,
ASN00041110,19510705,PRCP,0,,,a,
ASN00041110,19510706,PRCP,0,,,a,
ASN00041110,19510707,PRCP,0,,,a,
ASN00041110,19510708,PRCP,0,,,a,
ASN00041110,19510709,PRCP,0,,,a,
ASN00041110,19510710,PRCP,0,,,a,
ASN00041110,19510711,PRCP,0,,,a,
ASN00041110,19510712,PRCP,0,,,a,
ASN00041110,19510713,PRCP,0,,,a,
ASN00041110,19510714,PRCP,0,,,a,
ASN00041110,19510715,PRCP,0,,,a,
ASN00041110,19510716,PRCP,0,,,a,
ASN00041110,19510717,PRCP,43,,,a,
ASN00041110,19510718,PRCP,0,,,a,
ASN00041110,19510719,PRCP,0,,,a,
ASN00041110,19510720,PRCP,0,,,a,
ASN00041110,19510721,PRCP,0,,,a,
ASN00041110,19510722,PRCP,0,,,a,
ASN00041110,19510723,PRCP,0,,,a,
ASN00041110,19510724,PRCP,0,,,a,
ASN00041110,19510725,PRCP,0,,,a,
ASN00041110,19510726,PRCP,0,,,a,
ASN00041110,19510727,PRCP,0,,,a,
ASN00041110,19510728,PRCP,0,,,a,
ASN00041110,19510729,PRCP,0,,,a,
ASN00041110,19510730,PRCP,0,,,a,
ASN00041110,19510731,PRCP,0,,,a,
ASN00041110,19510801,PRCP,0,,,a,
ASN00041110,19510802,PRCP,0,,,a,
ASN00041110,19510803,PRCP,0,,,a,
ASN00041110,19510804,PRCP,38,,,a,
ASN00041110,19510805,PRCP,0,,,a,
ASN00041110,19510806,PRCP,0,,,a,
ASN00041110,19510807,PRCP,0,,,a,
ASN00041110,19510808,PRCP,0,,,a,
ASN00041110,19510809,PRCP,0,,,a,
ASN00041110,19510810,PRCP,0,,,a,
ASN00041110,19510811,PRCP,0,,,a,
ASN00041110,19510812,PRCP,0,,,a,
ASN00041110,19510813,PRCP,0,,,a,
ASN00041110,19510814,PRCP,0,,,a,
ASN00041110,19510815,PRCP,0,,,a,
ASN00041110,19510816,PRCP,0,,,a,
ASN00041110,19510817,PRCP,0,,,a,
ASN00041110,19510818,PRCP,0,,,a,
ASN00041110,19510819,PRCP,0,,,a,
ASN00041110,19510820,PRCP,0,,,a,
ASN00041110,19510821,PRCP,51,,,a,
ASN00041110,19510822,PRCP,0,,,a,
ASN00041110,19510823,PRCP,0,,,a,
ASN00041110,19510824,PRCP,0,,,a,
ASN00041110,19510825,PRCP,0,,,a,
ASN00041110,19510826,PRCP,0,,,a,
ASN00041110,19510827,PRCP,0,,,a,
ASN00041110,19510828,PRCP,0,,,a,
ASN00041110,19510829,PRCP,0,,,a,
ASN00041110,19510830,PRCP,0,,,a,
ASN00041110,19510831,PRCP,0,,,a,
ASN00041110,19510901,PRCP,0,,,a,
ASN00041110,19510902,PRCP,0,,,a,
ASN00041110,19510903,PRCP,0,,,a,
ASN00041110,19510904,PRCP,0,,,a,
ASN00041110,19510905,PRCP,0,,,a,
ASN00041110,19510906,PRCP,0,,,a,
ASN00041110,19510907,PRCP,0,,,a,
ASN00041110,19510908,PRCP,0,,,a,
ASN00041110,19510909,PRCP,0,,,a,
ASN00041110,19510910,PRCP,0,,,a,
ASN00041110,19510911,PRCP,0,,,a,
ASN00041110,19510912,PRCP,0,,,a,
ASN00041110,19510913,PRCP,0,,,a,
ASN00041110,19510914,PRCP,0,,,a,
ASN00041110,19510915,PRCP,0,,,a,
ASN00041110,19510916,PRCP,0,,,a,
ASN00041110,19510917,PRCP,0,,,a,
ASN00041110,19510918,PRCP,0,,,a,
ASN00041110,19510919,PRCP,0,,,a,
ASN00041110,19510920,PRCP,0,,,a,
ASN00041110,19510921,PRCP,0,,,a,
ASN00041110,19510922,PRCP,0,,,a,
ASN00041110,19510923,PRCP,0,,,a,
ASN00041110,19510924,PRCP,135,,,a,
ASN00041110,19510925,PRCP,41,,,a,
ASN00041110,19510926,PRCP,0,,,a,
ASN00041110,19510927,PRCP,13,,,a,
ASN00041110,19510928,PRCP,0,,,a,
ASN00041110,19510929,PRCP,0,,,a,
ASN00041110,19510930,PRCP,0,,,a,
ASN00041110,19511001,PRCP,0,,,a,
ASN00041110,19511002,PRCP,0,,,a,
ASN00041110,19511003,PRCP,0,,,a,
ASN00041110,19511004,PRCP,0,,,a,
ASN00041110,19511005,PRCP,0,,,a,
ASN00041110,19511006,PRCP,211,,,a,
ASN00041110,19511007,PRCP,0,,,a,
ASN00041110,19511008,PRCP,0,,,a,
ASN00041110,19511009,PRCP,25,,,a,
ASN00041110,19511010,PRCP,0,,,a,
ASN00041110,19511011,PRCP,0,,,a,
ASN00041110,19511012,PRCP,0,,,a,
ASN00041110,19511013,PRCP,20,,,a,
ASN00041110,19511014,PRCP,0,,,a,
ASN00041110,19511015,PRCP,51,,,a,
ASN00041110,19511016,PRCP,0,,,a,
ASN00041110,19511017,PRCP,0,,,a,
ASN00041110,19511018,PRCP,0,,,a,
ASN00041110,19511019,PRCP,0,,,a,
ASN00041110,19511020,PRCP,0,,,a,
ASN00041110,19511021,PRCP,0,,,a,
ASN00041110,19511022,PRCP,0,,,a,
ASN00041110,19511023,PRCP,0,,,a,
ASN00041110,19511024,PRCP,0,,,a,
ASN00041110,19511025,PRCP,0,,,a,
ASN00041110,19511026,PRCP,0,,,a,
ASN00041110,19511027,PRCP,0,,,a,
ASN00041110,19511028,PRCP,0,,,a,
ASN00041110,19511029,PRCP,0,,,a,
ASN00041110,19511030,PRCP,0,,,a,
ASN00041110,19511031,PRCP,0,,,a,
ASN00041110,19511101,PRCP,0,,,a,
ASN00041110,19511102,PRCP,0,,,a,
ASN00041110,19511103,PRCP,0,,,a,
ASN00041110,19511104,PRCP,0,,,a,
ASN00041110,19511105,PRCP,0,,,a,
ASN00041110,19511106,PRCP,0,,,a,
ASN00041110,19511107,PRCP,0,,,a,
ASN00041110,19511108,PRCP,0,,,a,
ASN00041110,19511109,PRCP,234,,,a,
ASN00041110,19511110,PRCP,0,,,a,
ASN00041110,19511111,PRCP,0,,,a,
ASN00041110,19511112,PRCP,0,,,a,
ASN00041110,19511113,PRCP,0,,,a,
ASN00041110,19511114,PRCP,0,,,a,
ASN00041110,19511115,PRCP,0,,,a,
ASN00041110,19511116,PRCP,0,,,a,
ASN00041110,19511117,PRCP,0,,,a,
ASN00041110,19511118,PRCP,0,,,a,
ASN00041110,19511119,PRCP,0,,,a,
ASN00041110,19511120,PRCP,0,,,a,
ASN00041110,19511121,PRCP,5,,,a,
ASN00041110,19511122,PRCP,0,,,a,
ASN00041110,19511123,PRCP,0,,,a,
ASN00041110,19511124,PRCP,0,,,a,
ASN00041110,19511125,PRCP,0,,,a,
ASN00041110,19511126,PRCP,0,,,a,
ASN00041110,19511127,PRCP,0,,,a,
ASN00041110,19511128,PRCP,0,,,a,
ASN00041110,19511129,PRCP,0,,,a,
ASN00041110,19511130,PRCP,0,,,a,
ASN00041110,19511201,PRCP,0,,,a,
ASN00041110,19511202,PRCP,0,,,a,
ASN00041110,19511203,PRCP,0,,,a,
ASN00041110,19511204,PRCP,0,,,a,
ASN00041110,19511205,PRCP,0,,,a,
ASN00041110,19511206,PRCP,0,,,a,
ASN00041110,19511207,PRCP,0,,,a,
ASN00041110,19511208,PRCP,0,,,a,
ASN00041110,19511209,PRCP,0,,,a,
ASN00041110,19511210,PRCP,142,,,a,
ASN00041110,19511211,PRCP,0,,,a,
ASN00041110,19511212,PRCP,0,,,a,
ASN00041110,19511213,PRCP,0,,,a,
ASN00041110,19511214,PRCP,0,,,a,
ASN00041110,19511215,PRCP,0,,,a,
ASN00041110,19511216,PRCP,0,,,a,
ASN00041110,19511217,PRCP,0,,,a,
ASN00041110,19511218,PRCP,0,,,a,
ASN00041110,19511219,PRCP,0,,,a,
ASN00041110,19511220,PRCP,0,,,a,
ASN00041110,19511221,PRCP,0,,,a,
ASN00041110,19511222,PRCP,0,,,a,
ASN00041110,19511223,PRCP,0,,,a,
ASN00041110,19511224,PRCP,0,,,a,
ASN00041110,19511225,PRCP,0,,,a,
ASN00041110,19511226,PRCP,0,,,a,
ASN00041110,19511227,PRCP,0,,,a,
ASN00041110,19511228,PRCP,0,,,a,
ASN00041110,19511229,PRCP,0,,,a,
ASN00041110,19511230,PRCP,0,,,a,
ASN00041110,19511231,PRCP,0,,,a,
ASN00041110,19520101,PRCP,0,,,a,
ASN00041110,19520102,PRCP,0,,,a,
ASN00041110,19520103,PRCP,0,,,a,
ASN00041110,19520104,PRCP,0,,,a,
ASN00041110,19520105,PRCP,0,,,a,
ASN00041110,19520106,PRCP,0,,,a,
ASN00041110,19520107,PRCP,8,,,a,
ASN00041110,19520108,PRCP,30,,,a,
ASN00041110,19520109,PRCP,41,,,a,
ASN00041110,19520110,PRCP,196,,,a,
ASN00041110,19520111,PRCP,0,,,a,
ASN00041110,19520112,PRCP,0,,,a,
ASN00041110,19520113,PRCP,0,,,a,
ASN00041110,19520114,PRCP,0,,,a,
ASN00041110,19520115,PRCP,0,,,a,
ASN00041110,19520116,PRCP,201,,,a,
ASN00041110,19520117,PRCP,0,,,a,
ASN00041110,19520118,PRCP,0,,,a,
ASN00041110,19520119,PRCP,38,,,a,
ASN00041110,19520120,PRCP,0,,,a,
ASN00041110,19520121,PRCP,0,,,a,
ASN00041110,19520122,PRCP,0,,,a,
ASN00041110,19520123,PRCP,0,,,a,
ASN00041110,19520124,PRCP,0,,,a,
ASN00041110,19520125,PRCP,0,,,a,
ASN00041110,19520126,PRCP,0,,,a,
ASN00041110,19520127,PRCP,0,,,a,
ASN00041110,19520128,PRCP,0,,,a,
ASN00041110,19520129,PRCP,0,,,a,
ASN00041110,19520130,PRCP,0,,,a,
ASN00041110,19520131,PRCP,0,,,a,
ASN00041110,19520201,PRCP,15,,,a,
ASN00041110,19520202,PRCP,0,,,a,
ASN00041110,19520203,PRCP,0,,,a,
ASN00041110,19520204,PRCP,0,,,a,
ASN00041110,19520205,PRCP,0,,,a,
ASN00041110,19520206,PRCP,0,,,a,
ASN00041110,19520207,PRCP,0,,,a,
ASN00041110,19520208,PRCP,0,,,a,
ASN00041110,19520209,PRCP,0,,,a,
ASN00041110,19520210,PRCP,0,,,a,
ASN00041110,19520211,PRCP,0,,,a,
ASN00041110,19520212,PRCP,0,,,a,
ASN00041110,19520213,PRCP,0,,,a,
ASN00041110,19520214,PRCP,0,,,a,
ASN00041110,19520215,PRCP,0,,,a,
ASN00041110,19520216,PRCP,0,,,a,
ASN00041110,19520217,PRCP,0,,,a,
ASN00041110,19520218,PRCP,0,,,a,
ASN00041110,19520219,PRCP,38,,,a,
ASN00041110,19520220,PRCP,0,,,a,
ASN00041110,19520221,PRCP,0,,,a,
ASN00041110,19520222,PRCP,0,,,a,
ASN00041110,19520223,PRCP,23,,,a,
ASN00041110,19520224,PRCP,356,,,a,
ASN00041110,19520225,PRCP,20,,,a,
ASN00041110,19520226,PRCP,28,,,a,
ASN00041110,19520227,PRCP,79,,,a,
ASN00041110,19520228,PRCP,0,,,a,
ASN00041110,19520229,PRCP,0,,,a,
ASN00041110,19520301,PRCP,0,,,a,
ASN00041110,19520302,PRCP,0,,,a,
ASN00041110,19520303,PRCP,0,,,a,
ASN00041110,19520304,PRCP,0,,,a,
ASN00041110,19520305,PRCP,0,,,a,
ASN00041110,19520306,PRCP,0,,,a,
ASN00041110,19520307,PRCP,0,,,a,
ASN00041110,19520308,PRCP,0,,,a,
ASN00041110,19520309,PRCP,0,,,a,
ASN00041110,19520310,PRCP,0,,,a,
ASN00041110,19520311,PRCP,0,,,a,
ASN00041110,19520312,PRCP,0,,,a,
ASN00041110,19520313,PRCP,0,,,a,
ASN00041110,19520314,PRCP,0,,,a,
ASN00041110,19520315,PRCP,0,,,a,
ASN00041110,19520316,PRCP,0,,,a,
ASN00041110,19520317,PRCP,0,,,a,
ASN00041110,19520318,PRCP,0,,,a,
ASN00041110,19520319,PRCP,0,,,a,
ASN00041110,19520320,PRCP,150,,,a,
ASN00041110,19520321,PRCP,5,,,a,
ASN00041110,19520322,PRCP,132,,,a,
ASN00041110,19520323,PRCP,384,,,a,
ASN00041110,19520324,PRCP,0,,,a,
ASN00041110,19520325,PRCP,0,,,a,
ASN00041110,19520326,PRCP,0,,,a,
ASN00041110,19520327,PRCP,0,,,a,
ASN00041110,19520328,PRCP,0,,,a,
ASN00041110,19520329,PRCP,0,,,a,
ASN00041110,19520330,PRCP,0,,,a,
ASN00041110,19520331,PRCP,0,,,a,
ASN00041110,19520401,PRCP,0,,,a,
ASN00041110,19520402,PRCP,0,,,a,
ASN00041110,19520403,PRCP,0,,,a,
ASN00041110,19520404,PRCP,0,,,a,
ASN00041110,19520405,PRCP,0,,,a,
ASN00041110,19520406,PRCP,0,,,a,
ASN00041110,19520407,PRCP,0,,,a,
ASN00041110,19520408,PRCP,10,,,a,
ASN00041110,19520409,PRCP,122,,,a,
ASN00041110,19520410,PRCP,292,,,a,
ASN00041110,19520411,PRCP,0,,,a,
ASN00041110,19520412,PRCP,0,,,a,
ASN00041110,19520413,PRCP,0,,,a,
ASN00041110,19520414,PRCP,66,,,a,
ASN00041110,19520415,PRCP,0,,,a,
ASN00041110,19520416,PRCP,0,,,a,
ASN00041110,19520417,PRCP,0,,,a,
ASN00041110,19520418,PRCP,0,,,a,
ASN00041110,19520419,PRCP,0,,,a,
ASN00041110,19520420,PRCP,0,,,a,
ASN00041110,19520421,PRCP,0,,,a,
ASN00041110,19520422,PRCP,0,,,a,
ASN00041110,19520423,PRCP,0,,,a,
ASN00041110,19520424,PRCP,0,,,a,
ASN00041110,19520425,PRCP,0,,,a,
ASN00041110,19520426,PRCP,0,,,a,
ASN00041110,19520427,PRCP,0,,,a,
ASN00041110,19520428,PRCP,0,,,a,
ASN00041110,19520429,PRCP,229,,,a,
ASN00041110,19520430,PRCP,0,,,a,
ASN00041110,19520501,PRCP,0,,,a,
ASN00041110,19520502,PRCP,0,,,a,
ASN00041110,19520503,PRCP,0,,,a,
ASN00041110,19520504,PRCP,0,,,a,
ASN00041110,19520505,PRCP,0,,,a,
ASN00041110,19520506,PRCP,0,,,a,
ASN00041110,19520507,PRCP,0,,,a,
ASN00041110,19520508,PRCP,0,,,a,
ASN00041110,19520509,PRCP,0,,,a,
ASN00041110,19520510,PRCP,25,,,a,
ASN00041110,19520511,PRCP,0,,,a,
ASN00041110,19520512,PRCP,0,,,a,
ASN00041110,19520513,PRCP,0,,,a,
ASN00041110,19520514,PRCP,0,,,a,
ASN00041110,19520515,PRCP,122,,,a,
ASN00041110,19520516,PRCP,119,,,a,
ASN00041110,19520517,PRCP,292,,,a,
ASN00041110,19520518,PRCP,0,,,a,
ASN00041110,19520519,PRCP,0,,,a,
ASN00041110,19520520,PRCP,0,,,a,
ASN00041110,19520521,PRCP,0,,,a,
ASN00041110,19520522,PRCP,0,,,a,
ASN00041110,19520523,PRCP,0,,,a,
ASN00041110,19520524,PRCP,366,,,a,
ASN00041110,19520525,PRCP,0,,,a,
ASN00041110,19520526,PRCP,0,,,a,
ASN00041110,19520527,PRCP,0,,,a,
ASN00041110,19520528,PRCP,0,,,a,
ASN00041110,19520529,PRCP,0,,,a,
ASN00041110,19520530,PRCP,0,,,a,
ASN00041110,19520531,PRCP,0,,,a,
ASN00041110,19520601,PRCP,0,,,a,
ASN00041110,19520602,PRCP,0,,,a,
ASN00041110,19520603,PRCP,0,,,a,
ASN00041110,19520604,PRCP,0,,,a,
ASN00041110,19520605,PRCP,0,,,a,
ASN00041110,19520606,PRCP,0,,,a,
ASN00041110,19520607,PRCP,0,,,a,
ASN00041110,19520608,PRCP,0,,,a,
ASN00041110,19520609,PRCP,0,,,a,
ASN00041110,19520610,PRCP,0,,,a,
ASN00041110,19520611,PRCP,0,,,a,
ASN00041110,19520612,PRCP,0,,,a,
ASN00041110,19520613,PRCP,109,,,a,
ASN00041110,19520614,PRCP,310,,,a,
ASN00041110,19520615,PRCP,0,,,a,
ASN00041110,19520616,PRCP,257,,,a,
ASN00041110,19520617,PRCP,0,,,a,
ASN00041110,19520618,PRCP,0,,,a,
ASN00041110,19520619,PRCP,0,,,a,
ASN00041110,19520620,PRCP,0,,,a,
ASN00041110,19520621,PRCP,0,,,a,
ASN00041110,19520622,PRCP,0,,,a,
ASN00041110,19520623,PRCP,0,,,a,
ASN00041110,19520624,PRCP,0,,,a,
ASN00041110,19520625,PRCP,0,,,a,
ASN00041110,19520626,PRCP,0,,,a,
ASN00041110,19520627,PRCP,0,,,a,
ASN00041110,19520628,PRCP,0,,,a,
ASN00041110,19520629,PRCP,0,,,a,
ASN00041110,19520630,PRCP,0,,,a,
ASN00041110,19520701,PRCP,0,,,a,
ASN00041110,19520702,PRCP,0,,,a,
ASN00041110,19520703,PRCP,0,,,a,
ASN00041110,19520704,PRCP,0,,,a,
ASN00041110,19520705,PRCP,0,,,a,
ASN00041110,19520706,PRCP,0,,,a,
ASN00041110,19520707,PRCP,0,,,a,
ASN00041110,19520708,PRCP,0,,,a,
ASN00041110,19520709,PRCP,0,,,a,
ASN00041110,19520710,PRCP,0,,,a,
ASN00041110,19520711,PRCP,0,,,a,
ASN00041110,19520712,PRCP,0,,,a,
ASN00041110,19520713,PRCP,0,,,a,
ASN00041110,19520714,PRCP,0,,,a,
ASN00041110,19520715,PRCP,0,,,a,
ASN00041110,19520716,PRCP,0,,,a,
ASN00041110,19520717,PRCP,15,,,a,
ASN00041110,19520718,PRCP,0,,,a,
ASN00041110,19520719,PRCP,38,,,a,
ASN00041110,19520720,PRCP,0,,,a,
ASN00041110,19520721,PRCP,0,,,a,
ASN00041110,19520722,PRCP,0,,,a,
ASN00041110,19520723,PRCP,64,,,a,
ASN00041110,19520724,PRCP,0,,,a,
ASN00041110,19520725,PRCP,0,,,a,
ASN00041110,19520726,PRCP,0,,,a,
ASN00041110,19520727,PRCP,0,,,a,
ASN00041110,19520728,PRCP,0,,,a,
ASN00041110,19520729,PRCP,25,,,a,
ASN00041110,19520730,PRCP,0,,,a,
ASN00041110,19520731,PRCP,0,,,a,
ASN00041110,19520801,PRCP,0,,,a,
ASN00041110,19520802,PRCP,28,,,a,
ASN00041110,19520803,PRCP,0,,,a,
ASN00041110,19520804,PRCP,0,,,a,
ASN00041110,19520805,PRCP,0,,,a,
ASN00041110,19520806,PRCP,0,,,a,
ASN00041110,19520807,PRCP,0,,,a,
ASN00041110,19520808,PRCP,0,,,a,
ASN00041110,19520809,PRCP,0,,,a,
ASN00041110,19520810,PRCP,0,,,a,
ASN00041110,19520811,PRCP,0,,,a,
ASN00041110,19520812,PRCP,0,,,a,
ASN00041110,19520813,PRCP,178,,,a,
ASN00041110,19520814,PRCP,0,,,a,
ASN00041110,19520815,PRCP,18,,,a,
ASN00041110,19520816,PRCP,0,,,a,
ASN00041110,19520817,PRCP,0,,,a,
ASN00041110,19520818,PRCP,0,,,a,
ASN00041110,19520819,PRCP,0,,,a,
ASN00041110,19520820,PRCP,211,,,a,
ASN00041110,19520821,PRCP,0,,,a,
ASN00041110,19520822,PRCP,53,,,a,
ASN00041110,19520823,PRCP,0,,,a,
ASN00041110,19520824,PRCP,0,,,a,
ASN00041110,19520825,PRCP,0,,,a,
ASN00041110,19520826,PRCP,0,,,a,
ASN00041110,19520827,PRCP,0,,,a,
ASN00041110,19520828,PRCP,0,,,a,
ASN00041110,19520829,PRCP,0,,,a,
ASN00041110,19520830,PRCP,0,,,a,
ASN00041110,19520831,PRCP,0,,,a,
ASN00041110,19520901,PRCP,0,,,a,
ASN00041110,19520902,PRCP,0,,,a,
ASN00041110,19520903,PRCP,0,,,a,
ASN00041110,19520904,PRCP,0,,,a,
ASN00041110,19520905,PRCP,0,,,a,
ASN00041110,19520906,PRCP,0,,,a,
ASN00041110,19520907,PRCP,0,,,a,
ASN00041110,19520908,PRCP,51,,,a,
ASN00041110,19520909,PRCP,0,,,a,
ASN00041110,19520910,PRCP,0,,,a,
ASN00041110,19520911,PRCP,0,,,a,
ASN00041110,19520912,PRCP,0,,,a,
ASN00041110,19520913,PRCP,0,,,a,
ASN00041110,19520914,PRCP,0,,,a,
ASN00041110,19520915,PRCP,0,,,a,
ASN00041110,19520916,PRCP,0,,,a,
ASN00041110,19520917,PRCP,109,,,a,
ASN00041110,19520918,PRCP,0,,,a,
ASN00041110,19520919,PRCP,0,,,a,
ASN00041110,19520920,PRCP,0,,,a,
ASN00041110,19520921,PRCP,0,,,a,
ASN00041110,19520922,PRCP,0,,,a,
ASN00041110,19520923,PRCP,0,,,a,
ASN00041110,19520924,PRCP,0,,,a,
ASN00041110,19520925,PRCP,74,,,a,
ASN00041110,19520926,PRCP,15,,,a,
ASN00041110,19520927,PRCP,0,,,a,
ASN00041110,19520928,PRCP,0,,,a,
ASN00041110,19520929,PRCP,0,,,a,
ASN00041110,19520930,PRCP,0,,,a,
ASN00041110,19521001,PRCP,0,,,a,
ASN00041110,19521002,PRCP,0,,,a,
ASN00041110,19521003,PRCP,0,,,a,
ASN00041110,19521004,PRCP,244,,,a,
ASN00041110,19521005,PRCP,607,,,a,
ASN00041110,19521006,PRCP,69,,,a,
ASN00041110,19521007,PRCP,0,,,a,
ASN00041110,19521008,PRCP,0,,,a,
ASN00041110,19521009,PRCP,0,,,a,
ASN00041110,19521010,PRCP,0,,,a,
ASN00041110,19521011,PRCP,155,,,a,
ASN00041110,19521012,PRCP,0,,,a,
ASN00041110,19521013,PRCP,0,,,a,
ASN00041110,19521014,PRCP,0,,,a,
ASN00041110,19521015,PRCP,0,,,a,
ASN00041110,19521016,PRCP,0,,,a,
ASN00041110,19521017,PRCP,0,,,a,
ASN00041110,19521018,PRCP,0,,,a,
ASN00041110,19521019,PRCP,0,,,a,
ASN00041110,19521020,PRCP,0,,,a,
ASN00041110,19521021,PRCP,0,,,a,
ASN00041110,19521022,PRCP,0,,,a,
ASN00041110,19521023,PRCP,0,,,a,
ASN00041110,19521024,PRCP,0,,,a,
ASN00041110,19521025,PRCP,0,,,a,
ASN00041110,19521026,PRCP,71,,,a,
ASN00041110,19521027,PRCP,445,,,a,
ASN00041110,19521028,PRCP,94,,,a,
ASN00041110,19521029,PRCP,0,,,a,
ASN00041110,19521030,PRCP,28,,,a,
ASN00041110,19521031,PRCP,178,,,a,
ASN00041110,19521101,PRCP,0,,,a,
ASN00041110,19521102,PRCP,0,,,a,
ASN00041110,19521103,PRCP,0,,,a,
ASN00041110,19521104,PRCP,0,,,a,
ASN00041110,19521105,PRCP,23,,,a,
ASN00041110,19521106,PRCP,0,,,a,
ASN00041110,19521107,PRCP,0,,,a,
ASN00041110,19521108,PRCP,0,,,a,
ASN00041110,19521109,PRCP,0,,,a,
ASN00041110,19521110,PRCP,0,,,a,
ASN00041110,19521111,PRCP,0,,,a,
ASN00041110,19521112,PRCP,0,,,a,
ASN00041110,19521113,PRCP,0,,,a,
ASN00041110,19521114,PRCP,0,,,a,
ASN00041110,19521115,PRCP,0,,,a,
ASN00041110,19521116,PRCP,0,,,a,
ASN00041110,19521117,PRCP,13,,,a,
ASN00041110,19521118,PRCP,0,,,a,
ASN00041110,19521119,PRCP,0,,,a,
ASN00041110,19521120,PRCP,0,,,a,
ASN00041110,19521121,PRCP,325,,,a,
ASN00041110,19521122,PRCP,0,,,a,
ASN00041110,19521123,PRCP,0,,,a,
ASN00041110,19521124,PRCP,0,,,a,
ASN00041110,19521125,PRCP,0,,,a,
ASN00041110,19521126,PRCP,0,,,a,
ASN00041110,19521127,PRCP,0,,,a,
ASN00041110,19521128,PRCP,0,,,a,
ASN00041110,19521129,PRCP,46,,,a,
ASN00041110,19521130,PRCP,0,,,a,
ASN00041110,19521201,PRCP,0,,,a,
ASN00041110,19521202,PRCP,0,,,a,
ASN00041110,19521203,PRCP,165,,,a,
ASN00041110,19521204,PRCP,0,,,a,
ASN00041110,19521205,PRCP,0,,,a,
ASN00041110,19521206,PRCP,0,,,a,
ASN00041110,19521207,PRCP,0,,,a,
ASN00041110,19521208,PRCP,0,,,a,
ASN00041110,19521209,PRCP,0,,,a,
ASN00041110,19521210,PRCP,0,,,a,
ASN00041110,19521211,PRCP,0,,,a,
ASN00041110,19521212,PRCP,0,,,a,
ASN00041110,19521213,PRCP,0,,,a,
ASN00041110,19521214,PRCP,0,,,a,
ASN00041110,19521215,PRCP,0,,,a,
ASN00041110,19521216,PRCP,0,,,a,
ASN00041110,19521217,PRCP,0,,,a,
ASN00041110,19521218,PRCP,0,,,a,
ASN00041110,19521219,PRCP,0,,,a,
ASN00041110,19521220,PRCP,0,,,a,
ASN00041110,19521221,PRCP,0,,,a,
ASN00041110,19521222,PRCP,0,,,a,
ASN00041110,19521223,PRCP,0,,,a,
ASN00041110,19521224,PRCP,0,,,a,
ASN00041110,19521225,PRCP,0,,,a,
ASN00041110,19521226,PRCP,0,,,a,
ASN00041110,19521227,PRCP,0,,,a,
ASN00041110,19521228,PRCP,0,,,a,
ASN00041110,19521229,PRCP,0,,,a,
ASN00041110,19521230,PRCP,0,,,a,
ASN00041110,19521231,PRCP,48,,,a,
ASN00041110,19530101,PRCP,0,,,a,
ASN00041110,19530102,PRCP,0,,,a,
ASN00041110,19530103,PRCP,0,,,a,
ASN00041110,19530104,PRCP,0,,,a,
ASN00041110,19530105,PRCP,0,,,a,
ASN00041110,19530106,PRCP,0,,,a,
ASN00041110,19530107,PRCP,0,,,a,
ASN00041110,19530108,PRCP,279,,,a,
ASN00041110,19530109,PRCP,0,,,a,
ASN00041110,19530110,PRCP,18,,,a,
ASN00041110,19530111,PRCP,0,,,a,
ASN00041110,19530112,PRCP,0,,,a,
ASN00041110,19530113,PRCP,0,,,a,
ASN00041110,19530114,PRCP,0,,,a,
ASN00041110,19530115,PRCP,0,,,a,
ASN00041110,19530116,PRCP,0,,,a,
ASN00041110,19530117,PRCP,0,,,a,
ASN00041110,19530118,PRCP,0,,,a,
ASN00041110,19530119,PRCP,0,,,a,
ASN00041110,19530120,PRCP,0,,,a,
ASN00041110,19530121,PRCP,188,,,a,
ASN00041110,19530122,PRCP,5,,,a,
ASN00041110,19530123,PRCP,76,,,a,
ASN00041110,19530124,PRCP,10,,,a,
ASN00041110,19530125,PRCP,25,,,a,
ASN00041110,19530126,PRCP,0,,,a,
ASN00041110,19530127,PRCP,0,,,a,
ASN00041110,19530128,PRCP,0,,,a,
ASN00041110,19530129,PRCP,0,,,a,
ASN00041110,19530130,PRCP,0,,,a,
ASN00041110,19530131,PRCP,0,,,a,
ASN00041110,19530201,PRCP,0,,,a,
ASN00041110,19530202,PRCP,0,,,a,
ASN00041110,19530203,PRCP,0,,,a,
ASN00041110,19530204,PRCP,0,,,a,
ASN00041110,19530205,PRCP,0,,,a,
ASN00041110,19530206,PRCP,0,,,a,
ASN00041110,19530207,PRCP,0,,,a,
ASN00041110,19530208,PRCP,0,,,a,
ASN00041110,19530209,PRCP,0,,,a,
ASN00041110,19530210,PRCP,25,,,a,
ASN00041110,19530211,PRCP,0,,,a,
ASN00041110,19530212,PRCP,0,,,a,
ASN00041110,19530213,PRCP,0,,,a,
ASN00041110,19530214,PRCP,0,,,a,
ASN00041110,19530215,PRCP,0,,,a,
ASN00041110,19530216,PRCP,538,,,a,
ASN00041110,19530217,PRCP,208,,,a,
ASN00041110,19530218,PRCP,0,,,a,
ASN00041110,19530219,PRCP,0,,,a,
ASN00041110,19530220,PRCP,127,,,a,
ASN00041110,19530221,PRCP,257,,,a,
ASN00041110,19530222,PRCP,272,,,a,
ASN00041110,19530223,PRCP,0,,,a,
ASN00041110,19530224,PRCP,109,,,a,
ASN00041110,19530225,PRCP,69,,,a,
ASN00041110,19530226,PRCP,0,,,a,
ASN00041110,19530227,PRCP,0,,,a,
ASN00041110,19530228,PRCP,0,,,a,
ASN00041110,19530301,PRCP,0,,,a,
ASN00041110,19530302,PRCP,0,,,a,
ASN00041110,19530303,PRCP,0,,,a,
ASN00041110,19530304,PRCP,0,,,a,
ASN00041110,19530305,PRCP,0,,,a,
ASN00041110,19530306,PRCP,0,,,a,
ASN00041110,19530307,PRCP,0,,,a,
ASN00041110,19530308,PRCP,0,,,a,
ASN00041110,19530309,PRCP,0,,,a,
ASN00041110,19530310,PRCP,0,,,a,
ASN00041110,19530311,PRCP,0,,,a,
ASN00041110,19530312,PRCP,0,,,a,
ASN00041110,19530313,PRCP,0,,,a,
ASN00041110,19530314,PRCP,0,,,a,
ASN00041110,19530315,PRCP,0,,,a,
ASN00041110,19530316,PRCP,0,,,a,
ASN00041110,19530317,PRCP,0,,,a,
ASN00041110,19530318,PRCP,0,,,a,
ASN00041110,19530319,PRCP,0,,,a,
ASN00041110,19530320,PRCP,216,,,a,
ASN00041110,19530321,PRCP,0,,,a,
ASN00041110,19530322,PRCP,0,,,a,
ASN00041110,19530323,PRCP,152,,,a,
ASN00041110,19530324,PRCP,28,,,a,
ASN00041110,19530325,PRCP,0,,,a,
ASN00041110,19530326,PRCP,23,,,a,
ASN00041110,19530327,PRCP,0,,,a,
ASN00041110,19530328,PRCP,0,,,a,
ASN00041110,19530329,PRCP,0,,,a,
ASN00041110,19530330,PRCP,0,,,a,
ASN00041110,19530331,PRCP,0,,,a,
ASN00041110,19530401,PRCP,0,,,a,
ASN00041110,19530402,PRCP,0,,,a,
ASN00041110,19530403,PRCP,0,,,a,
ASN00041110,19530404,PRCP,0,,,a,
ASN00041110,19530405,PRCP,0,,,a,
ASN00041110,19530406,PRCP,0,,,a,
ASN00041110,19530407,PRCP,0,,,a,
ASN00041110,19530408,PRCP,0,,,a,
ASN00041110,19530409,PRCP,0,,,a,
ASN00041110,19530410,PRCP,0,,,a,
ASN00041110,19530411,PRCP,25,,,a,
ASN00041110,19530412,PRCP,0,,,a,
ASN00041110,19530413,PRCP,0,,,a,
ASN00041110,19530414,PRCP,0,,,a,
ASN00041110,19530415,PRCP,0,,,a,
ASN00041110,19530416,PRCP,0,,,a,
ASN00041110,19530417,PRCP,0,,,a,
ASN00041110,19530418,PRCP,0,,,a,
ASN00041110,19530419,PRCP,0,,,a,
ASN00041110,19530420,PRCP,0,,,a,
ASN00041110,19530421,PRCP,0,,,a,
ASN00041110,19530422,PRCP,0,,,a,
ASN00041110,19530423,PRCP,0,,,a,
ASN00041110,19530424,PRCP,0,,,a,
ASN00041110,19530425,PRCP,0,,,a,
ASN00041110,19530426,PRCP,0,,,a,
ASN00041110,19530427,PRCP,0,,,a,
ASN00041110,19530428,PRCP,0,,,a,
ASN00041110,19530429,PRCP,41,,,a,
ASN00041110,19530430,PRCP,102,,,a,
ASN00041110,19530501,PRCP,0,,,a,
ASN00041110,19530502,PRCP,157,,,a,
ASN00041110,19530503,PRCP,0,,,a,
ASN00041110,19530504,PRCP,0,,,a,
ASN00041110,19530505,PRCP,0,,,a,
ASN00041110,19530506,PRCP,0,,,a,
ASN00041110,19530507,PRCP,0,,,a,
ASN00041110,19530508,PRCP,0,,,a,
ASN00041110,19530509,PRCP,0,,,a,
ASN00041110,19530510,PRCP,0,,,a,
ASN00041110,19530511,PRCP,0,,,a,
ASN00041110,19530512,PRCP,0,,,a,
ASN00041110,19530513,PRCP,0,,,a,
ASN00041110,19530514,PRCP,0,,,a,
ASN00041110,19530515,PRCP,0,,,a,
ASN00041110,19530516,PRCP,0,,,a,
ASN00041110,19530517,PRCP,0,,,a,
ASN00041110,19530518,PRCP,0,,,a,
ASN00041110,19530519,PRCP,89,,,a,
ASN00041110,19530520,PRCP,0,,,a,
ASN00041110,19530521,PRCP,0,,,a,
ASN00041110,19530522,PRCP,0,,,a,
ASN00041110,19530523,PRCP,0,,,a,
ASN00041110,19530524,PRCP,0,,,a,
ASN00041110,19530525,PRCP,0,,,a,
ASN00041110,19530526,PRCP,0,,,a,
ASN00041110,19530527,PRCP,0,,,a,
ASN00041110,19530528,PRCP,0,,,a,
ASN00041110,19530529,PRCP,0,,,a,
ASN00041110,19530530,PRCP,0,,,a,
ASN00041110,19530531,PRCP,0,,,a,
ASN00041110,19530601,PRCP,0,,,a,
ASN00041110,19530602,PRCP,0,,,a,
ASN00041110,19530603,PRCP,0,,,a,
ASN00041110,19530604,PRCP,0,,,a,
ASN00041110,19530605,PRCP,0,,,a,
ASN00041110,19530606,PRCP,0,,,a,
ASN00041110,19530607,PRCP,69,,,a,
ASN00041110,19530608,PRCP,0,,,a,
ASN00041110,19530609,PRCP,0,,,a,
ASN00041110,19530610,PRCP,0,,,a,
ASN00041110,19530611,PRCP,0,,,a,
ASN00041110,19530612,PRCP,0,,,a,
ASN00041110,19530613,PRCP,0,,,a,
ASN00041110,19530614,PRCP,0,,,a,
ASN00041110,19530615,PRCP,0,,,a,
ASN00041110,19530616,PRCP,0,,,a,
ASN00041110,19530617,PRCP,0,,,a,
ASN00041110,19530618,PRCP,0,,,a,
ASN00041110,19530619,PRCP,0,,,a,
ASN00041110,19530620,PRCP,0,,,a,
ASN00041110,19530621,PRCP,0,,,a,
ASN00041110,19530622,PRCP,0,,,a,
ASN00041110,19530623,PRCP,0,,,a,
ASN00041110,19530624,PRCP,0,,,a,
ASN00041110,19530625,PRCP,0,,,a,
ASN00041110,19530626,PRCP,0,,,a,
ASN00041110,19530627,PRCP,0,,,a,
ASN00041110,19530628,PRCP,0,,,a,
ASN00041110,19530629,PRCP,0,,,a,
ASN00041110,19530630,PRCP,0,,,a,
ASN00041110,19530701,PRCP,0,,,a,
ASN00041110,19530702,PRCP,0,,,a,
ASN00041110,19530703,PRCP,0,,,a,
ASN00041110,19530704,PRCP,0,,,a,
ASN00041110,19530705,PRCP,0,,,a,
ASN00041110,19530706,PRCP,0,,,a,
ASN00041110,19530707,PRCP,0,,,a,
ASN00041110,19530708,PRCP,0,,,a,
ASN00041110,19530709,PRCP,0,,,a,
ASN00041110,19530710,PRCP,28,,,a,
ASN00041110,19530711,PRCP,0,,,a,
ASN00041110,19530712,PRCP,0,,,a,
ASN00041110,19530713,PRCP,0,,,a,
ASN00041110,19530714,PRCP,0,,,a,
ASN00041110,19530715,PRCP,0,,,a,
ASN00041110,19530716,PRCP,0,,,a,
ASN00041110,19530717,PRCP,0,,,a,
ASN00041110,19530718,PRCP,0,,,a,
ASN00041110,19530719,PRCP,0,,,a,
ASN00041110,19530720,PRCP,0,,,a,
ASN00041110,19530721,PRCP,0,,,a,
ASN00041110,19530722,PRCP,0,,,a,
ASN00041110,19530723,PRCP,0,,,a,
ASN00041110,19530724,PRCP,0,,,a,
ASN00041110,19530725,PRCP,0,,,a,
ASN00041110,19530726,PRCP,0,,,a,
ASN00041110,19530727,PRCP,0,,,a,
ASN00041110,19530728,PRCP,0,,,a,
ASN00041110,19530729,PRCP,0,,,a,
ASN00041110,19530730,PRCP,0,,,a,
ASN00041110,19530731,PRCP,0,,,a,
ASN00041110,19530801,PRCP,0,,,a,
ASN00041110,19530802,PRCP,0,,,a,
ASN00041110,19530803,PRCP,0,,,a,
ASN00041110,19530804,PRCP,0,,,a,
ASN00041110,19530805,PRCP,107,,,a,
ASN00041110,19530806,PRCP,0,,,a,
ASN00041110,19530807,PRCP,0,,,a,
ASN00041110,19530808,PRCP,0,,,a,
ASN00041110,19530809,PRCP,0,,,a,
ASN00041110,19530810,PRCP,0,,,a,
ASN00041110,19530811,PRCP,0,,,a,
ASN00041110,19530812,PRCP,0,,,a,
ASN00041110,19530813,PRCP,0,,,a,
ASN00041110,19530814,PRCP,0,,,a,
ASN00041110,19530815,PRCP,0,,,a,
ASN00041110,19530816,PRCP,0,,,a,
ASN00041110,19530817,PRCP,0,,,a,
ASN00041110,19530818,PRCP,0,,,a,
ASN00041110,19530819,PRCP,0,,,a,
ASN00041110,19530820,PRCP,0,,,a,
ASN00041110,19530821,PRCP,0,,,a,
ASN00041110,19530822,PRCP,51,,,a,
ASN00041110,19530823,PRCP,0,,,a,
ASN00041110,19530824,PRCP,0,,,a,
ASN00041110,19530825,PRCP,0,,,a,
ASN00041110,19530826,PRCP,0,,,a,
ASN00041110,19530827,PRCP,0,,,a,
ASN00041110,19530828,PRCP,0,,,a,
ASN00041110,19530829,PRCP,368,,,a,
ASN00041110,19530830,PRCP,246,,,a,
ASN00041110,19530831,PRCP,0,,,a,
ASN00041110,19530901,PRCP,0,,,a,
ASN00041110,19530902,PRCP,0,,,a,
ASN00041110,19530903,PRCP,0,,,a,
ASN00041110,19530904,PRCP,0,,,a,
ASN00041110,19530905,PRCP,0,,,a,
ASN00041110,19530906,PRCP,0,,,a,
ASN00041110,19530907,PRCP,0,,,a,
ASN00041110,19530908,PRCP,0,,,a,
ASN00041110,19530909,PRCP,0,,,a,
ASN00041110,19530910,PRCP,0,,,a,
ASN00041110,19530911,PRCP,0,,,a,
ASN00041110,19530912,PRCP,0,,,a,
ASN00041110,19530913,PRCP,0,,,a,
ASN00041110,19530914,PRCP,0,,,a,
ASN00041110,19530915,PRCP,0,,,a,
ASN00041110,19530916,PRCP,0,,,a,
ASN00041110,19530917,PRCP,0,,,a,
ASN00041110,19530918,PRCP,0,,,a,
ASN00041110,19530919,PRCP,0,,,a,
ASN00041110,19530920,PRCP,0,,,a,
ASN00041110,19530921,PRCP,0,,,a,
ASN00041110,19530922,PRCP,0,,,a,
ASN00041110,19530923,PRCP,0,,,a,
ASN00041110,19530924,PRCP,0,,,a,
ASN00041110,19530925,PRCP,0,,,a,
ASN00041110,19530926,PRCP,0,,,a,
ASN00041110,19530927,PRCP,0,,,a,
ASN00041110,19530928,PRCP,0,,,a,
ASN00041110,19530929,PRCP,0,,,a,
ASN00041110,19530930,PRCP,0,,,a,
ASN00041110,19531001,PRCP,0,,,a,
ASN00041110,19531002,PRCP,0,,,a,
ASN00041110,19531003,PRCP,0,,,a,
ASN00041110,19531004,PRCP,0,,,a,
ASN00041110,19531005,PRCP,0,,,a,
ASN00041110,19531006,PRCP,0,,,a,
ASN00041110,19531007,PRCP,20,,,a,
ASN00041110,19531008,PRCP,0,,,a,
ASN00041110,19531009,PRCP,0,,,a,
ASN00041110,19531010,PRCP,0,,,a,
ASN00041110,19531011,PRCP,0,,,a,
ASN00041110,19531012,PRCP,0,,,a,
ASN00041110,19531013,PRCP,0,,,a,
ASN00041110,19531014,PRCP,38,,,a,
ASN00041110,19531015,PRCP,0,,,a,
ASN00041110,19531016,PRCP,142,,,a,
ASN00041110,19531017,PRCP,0,,,a,
ASN00041110,19531018,PRCP,0,,,a,
ASN00041110,19531019,PRCP,0,,,a,
ASN00041110,19531020,PRCP,0,,,a,
ASN00041110,19531021,PRCP,0,,,a,
ASN00041110,19531022,PRCP,13,,,a,
ASN00041110,19531023,PRCP,0,,,a,
ASN00041110,19531024,PRCP,0,,,a,
ASN00041110,19531025,PRCP,0,,,a,
ASN00041110,19531026,PRCP,20,,,a,
ASN00041110,19531027,PRCP,0,,,a,
ASN00041110,19531028,PRCP,0,,,a,
ASN00041110,19531029,PRCP,0,,,a,
ASN00041110,19531030,PRCP,5,,,a,
ASN00041110,19531031,PRCP,0,,,a,
ASN00041110,19531101,PRCP,0,,,a,
ASN00041110,19531102,PRCP,0,,,a,
ASN00041110,19531103,PRCP,0,,,a,
ASN00041110,19531104,PRCP,0,,,a,
ASN00041110,19531105,PRCP,76,,,a,
ASN00041110,19531106,PRCP,127,,,a,
ASN00041110,19531107,PRCP,0,,,a,
ASN00041110,19531108,PRCP,0,,,a,
ASN00041110,19531109,PRCP,0,,,a,
ASN00041110,19531110,PRCP,0,,,a,
ASN00041110,19531111,PRCP,0,,,a,
ASN00041110,19531112,PRCP,0,,,a,
ASN00041110,19531113,PRCP,0,,,a,
ASN00041110,19531114,PRCP,0,,,a,
ASN00041110,19531115,PRCP,0,,,a,
ASN00041110,19531116,PRCP,0,,,a,
ASN00041110,19531117,PRCP,0,,,a,
ASN00041110,19531118,PRCP,0,,,a,
ASN00041110,19531119,PRCP,0,,,a,
ASN00041110,19531120,PRCP,0,,,a,
ASN00041110,19531121,PRCP,0,,,a,
ASN00041110,19531122,PRCP,0,,,a,
ASN00041110,19531123,PRCP,0,,,a,
ASN00041110,19531124,PRCP,0,,,a,
ASN00041110,19531125,PRCP,0,,,a,
ASN00041110,19531126,PRCP,0,,,a,
ASN00041110,19531127,PRCP,81,,,a,
ASN00041110,19531128,PRCP,0,,,a,
ASN00041110,19531129,PRCP,0,,,a,
ASN00041110,19531130,PRCP,0,,,a,
ASN00041110,19531201,PRCP,0,,,a,
ASN00041110,19531202,PRCP,0,,,a,
ASN00041110,19531203,PRCP,0,,,a,
ASN00041110,19531204,PRCP,0,,,a,
ASN00041110,19531205,PRCP,0,,,a,
ASN00041110,19531206,PRCP,0,,,a,
ASN00041110,19531207,PRCP,0,,,a,
ASN00041110,19531208,PRCP,0,,,a,
ASN00041110,19531209,PRCP,20,,,a,
ASN00041110,19531210,PRCP,0,,,a,
ASN00041110,19531211,PRCP,0,,,a,
ASN00041110,19531212,PRCP,0,,,a,
ASN00041110,19531213,PRCP,0,,,a,
ASN00041110,19531214,PRCP,0,,,a,
ASN00041110,19531215,PRCP,0,,,a,
ASN00041110,19531216,PRCP,0,,,a,
ASN00041110,19531217,PRCP,0,,,a,
ASN00041110,19531218,PRCP,0,,,a,
ASN00041110,19531219,PRCP,0,,,a,
ASN00041110,19531220,PRCP,0,,,a,
ASN00041110,19531221,PRCP,0,,,a,
ASN00041110,19531222,PRCP,0,,,a,
ASN00041110,19531223,PRCP,0,,,a,
ASN00041110,19531224,PRCP,0,,,a,
ASN00041110,19531225,PRCP,241,,,a,
ASN00041110,19531226,PRCP,0,,,a,
ASN00041110,19531227,PRCP,38,,,a,
ASN00041110,19531228,PRCP,386,,,a,
ASN00041110,19531229,PRCP,0,,,a,
ASN00041110,19531230,PRCP,0,,,a,
ASN00041110,19531231,PRCP,0,,,a,
ASN00041110,19540101,PRCP,0,,,a,
ASN00041110,19540102,PRCP,0,,,a,
ASN00041110,19540103,PRCP,69,,,a,
ASN00041110,19540104,PRCP,13,,,a,
ASN00041110,19540105,PRCP,0,,,a,
ASN00041110,19540106,PRCP,0,,,a,
ASN00041110,19540107,PRCP,0,,,a,
ASN00041110,19540108,PRCP,0,,,a,
ASN00041110,19540109,PRCP,0,,,a,
ASN00041110,19540110,PRCP,0,,,a,
ASN00041110,19540111,PRCP,0,,,a,
ASN00041110,19540112,PRCP,0,,,a,
ASN00041110,19540113,PRCP,0,,,a,
ASN00041110,19540114,PRCP,0,,,a,
ASN00041110,19540115,PRCP,0,,,a,
ASN00041110,19540116,PRCP,0,,,a,
ASN00041110,19540117,PRCP,81,,,a,
ASN00041110,19540118,PRCP,0,,,a,
ASN00041110,19540119,PRCP,0,,,a,
ASN00041110,19540120,PRCP,0,,,a,
ASN00041110,19540121,PRCP,0,,,a,
ASN00041110,19540122,PRCP,0,,,a,
ASN00041110,19540123,PRCP,0,,,a,
ASN00041110,19540124,PRCP,0,,,a,
ASN00041110,19540125,PRCP,0,,,a,
ASN00041110,19540126,PRCP,0,,,a,
ASN00041110,19540127,PRCP,0,,,a,
ASN00041110,19540128,PRCP,0,,,a,
ASN00041110,19540129,PRCP,0,,,a,
ASN00041110,19540130,PRCP,0,,,a,
ASN00041110,19540131,PRCP,0,,,a,
ASN00041110,19540201,PRCP,216,,,a,
ASN00041110,19540202,PRCP,305,,,a,
ASN00041110,19540203,PRCP,0,,,a,
ASN00041110,19540204,PRCP,0,,,a,
ASN00041110,19540205,PRCP,23,,,a,
ASN00041110,19540206,PRCP,0,,,a,
ASN00041110,19540207,PRCP,97,,,a,
ASN00041110,19540208,PRCP,0,,,a,
ASN00041110,19540209,PRCP,132,,,a,
ASN00041110,19540210,PRCP,102,,,a,
ASN00041110,19540211,PRCP,91,,,a,
ASN00041110,19540212,PRCP,127,,,a,
ASN00041110,19540213,PRCP,43,,,a,
ASN00041110,19540214,PRCP,0,,,a,
ASN00041110,19540215,PRCP,30,,,a,
ASN00041110,19540216,PRCP,0,,,a,
ASN00041110,19540217,PRCP,0,,,a,
ASN00041110,19540218,PRCP,0,,,a,
ASN00041110,19540219,PRCP,36,,,a,
ASN00041110,19540220,PRCP,0,,,a,
ASN00041110,19540221,PRCP,262,,,a,
ASN00041110,19540222,PRCP,0,,,a,
ASN00041110,19540223,PRCP,0,,,a,
ASN00041110,19540224,PRCP,0,,,a,
ASN00041110,19540225,PRCP,20,,,a,
ASN00041110,19540226,PRCP,0,,,a,
ASN00041110,19540227,PRCP,147,,,a,
ASN00041110,19540228,PRCP,450,,,a,
ASN00041110,19540301,PRCP,0,,,a,
ASN00041110,19540302,PRCP,0,,,a,
ASN00041110,19540303,PRCP,0,,,a,
ASN00041110,19540304,PRCP,0,,,a,
ASN00041110,19540305,PRCP,0,,,a,
ASN00041110,19540306,PRCP,0,,,a,
ASN00041110,19540307,PRCP,0,,,a,
ASN00041110,19540308,PRCP,0,,,a,
ASN00041110,19540309,PRCP,0,,,a,
ASN00041110,19540310,PRCP,0,,,a,
ASN00041110,19540311,PRCP,0,,,a,
ASN00041110,19540312,PRCP,0,,,a,
ASN00041110,19540313,PRCP,0,,,a,
ASN00041110,19540314,PRCP,0,,,a,
ASN00041110,19540315,PRCP,325,,,a,
ASN00041110,19540316,PRCP,51,,,a,
ASN00041110,19540317,PRCP,0,,,a,
ASN00041110,19540318,PRCP,0,,,a,
ASN00041110,19540319,PRCP,0,,,a,
ASN00041110,19540320,PRCP,0,,,a,
ASN00041110,19540321,PRCP,0,,,a,
ASN00041110,19540322,PRCP,41,,,a,
ASN00041110,19540323,PRCP,15,,,a,
ASN00041110,19540324,PRCP,0,,,a,
ASN00041110,19540325,PRCP,0,,,a,
ASN00041110,19540326,PRCP,0,,,a,
ASN00041110,19540327,PRCP,0,,,a,
ASN00041110,19540328,PRCP,0,,,a,
ASN00041110,19540329,PRCP,0,,,a,
ASN00041110,19540330,PRCP,0,,,a,
ASN00041110,19540331,PRCP,0,,,a,
ASN00041110,19540401,PRCP,0,,,a,
ASN00041110,19540402,PRCP,0,,,a,
ASN00041110,19540403,PRCP,0,,,a,
ASN00041110,19540404,PRCP,0,,,a,
ASN00041110,19540405,PRCP,0,,,a,
ASN00041110,19540406,PRCP,0,,,a,
ASN00041110,19540407,PRCP,0,,,a,
ASN00041110,19540408,PRCP,0,,,a,
ASN00041110,19540409,PRCP,0,,,a,
ASN00041110,19540410,PRCP,0,,,a,
ASN00041110,19540411,PRCP,0,,,a,
ASN00041110,19540412,PRCP,0,,,a,
ASN00041110,19540413,PRCP,0,,,a,
ASN00041110,19540414,PRCP,0,,,a,
ASN00041110,19540415,PRCP,0,,,a,
ASN00041110,19540416,PRCP,0,,,a,
ASN00041110,19540417,PRCP,20,,,a,
ASN00041110,19540418,PRCP,0,,,a,
ASN00041110,19540419,PRCP,0,,,a,
ASN00041110,19540420,PRCP,0,,,a,
ASN00041110,19540421,PRCP,0,,,a,
ASN00041110,19540422,PRCP,0,,,a,
ASN00041110,19540423,PRCP,0,,,a,
ASN00041110,19540424,PRCP,0,,,a,
ASN00041110,19540425,PRCP,0,,,a,
ASN00041110,19540426,PRCP,0,,,a,
ASN00041110,19540427,PRCP,0,,,a,
ASN00041110,19540428,PRCP,0,,,a,
ASN00041110,19540429,PRCP,0,,,a,
ASN00041110,19540430,PRCP,0,,,a,
ASN00041110,19540501,PRCP,0,,,a,
ASN00041110,19540502,PRCP,0,,,a,
ASN00041110,19540503,PRCP,0,,,a,
ASN00041110,19540504,PRCP,0,,,a,
ASN00041110,19540505,PRCP,0,,,a,
ASN00041110,19540506,PRCP,0,,,a,
ASN00041110,19540507,PRCP,0,,,a,
ASN00041110,19540508,PRCP,175,,,a,
ASN00041110,19540509,PRCP,0,,,a,
ASN00041110,19540510,PRCP,0,,,a,
ASN00041110,19540511,PRCP,0,,,a,
ASN00041110,19540512,PRCP,0,,,a,
ASN00041110,19540513,PRCP,0,,,a,
ASN00041110,19540514,PRCP,66,,,a,
ASN00041110,19540515,PRCP,0,,,a,
ASN00041110,19540516,PRCP,0,,,a,
ASN00041110,19540517,PRCP,0,,,a,
ASN00041110,19540518,PRCP,0,,,a,
ASN00041110,19540519,PRCP,0,,,a,
ASN00041110,19540520,PRCP,0,,,a,
ASN00041110,19540521,PRCP,0,,,a,
ASN00041110,19540522,PRCP,0,,,a,
ASN00041110,19540523,PRCP,0,,,a,
ASN00041110,19540524,PRCP,0,,,a,
ASN00041110,19540525,PRCP,0,,,a,
ASN00041110,19540526,PRCP,0,,,a,
ASN00041110,19540527,PRCP,0,,,a,
ASN00041110,19540528,PRCP,0,,,a,
ASN00041110,19540529,PRCP,0,,,a,
ASN00041110,19540530,PRCP,0,,,a,
ASN00041110,19540531,PRCP,0,,,a,
ASN00041110,19540601,PRCP,0,,,a,
ASN00041110,19540602,PRCP,0,,,a,
ASN00041110,19540603,PRCP,18,,,a,
ASN00041110,19540604,PRCP,91,,,a,
ASN00041110,19540605,PRCP,71,,,a,
ASN00041110,19540606,PRCP,0,,,a,
ASN00041110,19540607,PRCP,0,,,a,
ASN00041110,19540608,PRCP,0,,,a,
ASN00041110,19540609,PRCP,0,,,a,
ASN00041110,19540610,PRCP,0,,,a,
ASN00041110,19540611,PRCP,0,,,a,
ASN00041110,19540612,PRCP,0,,,a,
ASN00041110,19540613,PRCP,0,,,a,
ASN00041110,19540614,PRCP,0,,,a,
ASN00041110,19540615,PRCP,0,,,a,
ASN00041110,19540616,PRCP,0,,,a,
ASN00041110,19540617,PRCP,0,,,a,
ASN00041110,19540618,PRCP,0,,,a,
ASN00041110,19540619,PRCP,0,,,a,
ASN00041110,19540620,PRCP,0,,,a,
ASN00041110,19540621,PRCP,0,,,a,
ASN00041110,19540622,PRCP,0,,,a,
ASN00041110,19540623,PRCP,0,,,a,
ASN00041110,19540624,PRCP,0,,,a,
ASN00041110,19540625,PRCP,0,,,a,
ASN00041110,19540626,PRCP,0,,,a,
ASN00041110,19540627,PRCP,0,,,a,
ASN00041110,19540628,PRCP,0,,,a,
ASN00041110,19540629,PRCP,0,,,a,
ASN00041110,19540630,PRCP,0,,,a,
ASN00041110,19540701,PRCP,0,,,a,
ASN00041110,19540702,PRCP,0,,,a,
ASN00041110,19540703,PRCP,0,,,a,
ASN00041110,19540704,PRCP,0,,,a,
ASN00041110,19540705,PRCP,0,,,a,
ASN00041110,19540706,PRCP,0,,,a,
ASN00041110,19540707,PRCP,0,,,a,
ASN00041110,19540708,PRCP,0,,,a,
ASN00041110,19540709,PRCP,356,,,a,
ASN00041110,19540710,PRCP,0,,,a,
ASN00041110,19540711,PRCP,0,,,a,
ASN00041110,19540712,PRCP,0,,,a,
ASN00041110,19540713,PRCP,0,,,a,
ASN00041110,19540714,PRCP,0,,,a,
ASN00041110,19540715,PRCP,0,,,a,
ASN00041110,19540716,PRCP,0,,,a,
ASN00041110,19540717,PRCP,0,,,a,
ASN00041110,19540718,PRCP,0,,,a,
ASN00041110,19540719,PRCP,0,,,a,
ASN00041110,19540720,PRCP,0,,,a,
ASN00041110,19540721,PRCP,0,,,a,
ASN00041110,19540722,PRCP,0,,,a,
ASN00041110,19540723,PRCP,0,,,a,
ASN00041110,19540724,PRCP,0,,,a,
ASN00041110,19540725,PRCP,0,,,a,
ASN00041110,19540726,PRCP,0,,,a,
ASN00041110,19540727,PRCP,0,,,a,
ASN00041110,19540728,PRCP,0,,,a,
ASN00041110,19540729,PRCP,0,,,a,
ASN00041110,19540730,PRCP,0,,,a,
ASN00041110,19540731,PRCP,0,,,a,
ASN00041110,19540801,PRCP,0,,,a,
ASN00041110,19540802,PRCP,0,,,a,
ASN00041110,19540803,PRCP,0,,,a,
ASN00041110,19540804,PRCP,0,,,a,
ASN00041110,19540805,PRCP,0,,,a,
ASN00041110,19540806,PRCP,0,,,a,
ASN00041110,19540807,PRCP,0,,,a,
ASN00041110,19540808,PRCP,102,,,a,
ASN00041110,19540809,PRCP,0,,,a,
ASN00041110,19540810,PRCP,0,,,a,
ASN00041110,19540811,PRCP,94,,,a,
ASN00041110,19540812,PRCP,188,,,a,
ASN00041110,19540813,PRCP,117,,,a,
ASN00041110,19540814,PRCP,0,,,a,
ASN00041110,19540815,PRCP,0,,,a,
ASN00041110,19540816,PRCP,0,,,a,
ASN00041110,19540817,PRCP,0,,,a,
ASN00041110,19540818,PRCP,0,,,a,
ASN00041110,19540819,PRCP,0,,,a,
ASN00041110,19540820,PRCP,0,,,a,
ASN00041110,19540821,PRCP,0,,,a,
ASN00041110,19540822,PRCP,0,,,a,
ASN00041110,19540823,PRCP,0,,,a,
ASN00041110,19540824,PRCP,0,,,a,
ASN00041110,19540825,PRCP,0,,,a,
ASN00041110,19540826,PRCP,0,,,a,
ASN00041110,19540827,PRCP,0,,,a,
ASN00041110,19540828,PRCP,15,,,a,
ASN00041110,19540829,PRCP,0,,,a,
ASN00041110,19540830,PRCP,0,,,a,
ASN00041110,19540831,PRCP,0,,,a,
ASN00041110,19540901,PRCP,0,,,a,
ASN00041110,19540902,PRCP,0,,,a,
ASN00041110,19540903,PRCP,0,,,a,
ASN00041110,19540904,PRCP,0,,,a,
ASN00041110,19540905,PRCP,191,,,a,
ASN00041110,19540906,PRCP,61,,,a,
ASN00041110,19540907,PRCP,0,,,a,
ASN00041110,19540908,PRCP,0,,,a,
ASN00041110,19540909,PRCP,0,,,a,
ASN00041110,19540910,PRCP,0,,,a,
ASN00041110,19540911,PRCP,0,,,a,
ASN00041110,19540912,PRCP,0,,,a,
ASN00041110,19540913,PRCP,0,,,a,
ASN00041110,19540914,PRCP,0,,,a,
ASN00041110,19540915,PRCP,150,,,a,
ASN00041110,19540916,PRCP,0,,,a,
ASN00041110,19540917,PRCP,0,,,a,
ASN00041110,19540918,PRCP,0,,,a,
ASN00041110,19540919,PRCP,0,,,a,
ASN00041110,19540920,PRCP,0,,,a,
ASN00041110,19540921,PRCP,0,,,a,
ASN00041110,19540922,PRCP,8,,,a,
ASN00041110,19540923,PRCP,0,,,a,
ASN00041110,19540924,PRCP,0,,,a,
ASN00041110,19540925,PRCP,0,,,a,
ASN00041110,19540926,PRCP,33,,,a,
ASN00041110,19540927,PRCP,15,,,a,
ASN00041110,19540928,PRCP,0,,,a,
ASN00041110,19540929,PRCP,0,,,a,
ASN00041110,19540930,PRCP,0,,,a,
ASN00041110,19541001,PRCP,15,,,a,
ASN00041110,19541002,PRCP,0,,,a,
ASN00041110,19541003,PRCP,0,,,a,
ASN00041110,19541004,PRCP,0,,,a,
ASN00041110,19541005,PRCP,0,,,a,
ASN00041110,19541006,PRCP,0,,,a,
ASN00041110,19541007,PRCP,0,,,a,
ASN00041110,19541008,PRCP,0,,,a,
ASN00041110,19541009,PRCP,71,,,a,
ASN00041110,19541010,PRCP,0,,,a,
ASN00041110,19541011,PRCP,150,,,a,
ASN00041110,19541012,PRCP,0,,,a,
ASN00041110,19541013,PRCP,0,,,a,
ASN00041110,19541014,PRCP,0,,,a,
ASN00041110,19541015,PRCP,0,,,a,
ASN00041110,19541016,PRCP,488,,,a,
ASN00041110,19541017,PRCP,343,,,a,
ASN00041110,19541018,PRCP,279,,,a,
ASN00041110,19541019,PRCP,241,,,a,
ASN00041110,19541020,PRCP,0,,,a,
ASN00041110,19541021,PRCP,0,,,a,
ASN00041110,19541022,PRCP,0,,,a,
ASN00041110,19541023,PRCP,0,,,a,
ASN00041110,19541024,PRCP,0,,,a,
ASN00041110,19541025,PRCP,0,,,a,
ASN00041110,19541026,PRCP,0,,,a,
ASN00041110,19541027,PRCP,0,,,a,
ASN00041110,19541028,PRCP,318,,,a,
ASN00041110,19541029,PRCP,5,,,a,
ASN00041110,19541030,PRCP,0,,,a,
ASN00041110,19541031,PRCP,0,,,a,
ASN00041110,19541101,PRCP,0,,,a,
ASN00041110,19541102,PRCP,0,,,a,
ASN00041110,19541103,PRCP,0,,,a,
ASN00041110,19541104,PRCP,84,,,a,
ASN00041110,19541105,PRCP,51,,,a,
ASN00041110,19541106,PRCP,0,,,a,
ASN00041110,19541107,PRCP,0,,,a,
ASN00041110,19541108,PRCP,0,,,a,
ASN00041110,19541109,PRCP,0,,,a,
ASN00041110,19541110,PRCP,76,,,a,
ASN00041110,19541111,PRCP,0,,,a,
ASN00041110,19541112,PRCP,0,,,a,
ASN00041110,19541113,PRCP,0,,,a,
ASN00041110,19541114,PRCP,0,,,a,
ASN00041110,19541115,PRCP,0,,,a,
ASN00041110,19541116,PRCP,0,,,a,
ASN00041110,19541117,PRCP,0,,,a,
ASN00041110,19541118,PRCP,0,,,a,
ASN00041110,19541119,PRCP,0,,,a,
ASN00041110,19541120,PRCP,91,,,a,
ASN00041110,19541121,PRCP,91,,,a,
ASN00041110,19541122,PRCP,0,,,a,
ASN00041110,19541123,PRCP,0,,,a,
ASN00041110,19541124,PRCP,0,,,a,
ASN00041110,19541125,PRCP,0,,,a,
ASN00041110,19541126,PRCP,0,,,a,
ASN00041110,19541127,PRCP,0,,,a,
ASN00041110,19541128,PRCP,0,,,a,
ASN00041110,19541129,PRCP,0,,,a,
ASN00041110,19541130,PRCP,0,,,a,
ASN00041110,19541201,PRCP,0,,,a,
ASN00041110,19541202,PRCP,0,,,a,
ASN00041110,19541203,PRCP,0,,,a,
ASN00041110,19541204,PRCP,0,,,a,
ASN00041110,19541205,PRCP,0,,,a,
ASN00041110,19541206,PRCP,56,,,a,
ASN00041110,19541207,PRCP,0,,,a,
ASN00041110,19541208,PRCP,99,,,a,
ASN00041110,19541209,PRCP,0,,,a,
ASN00041110,19541210,PRCP,0,,,a,
ASN00041110,19541211,PRCP,0,,,a,
ASN00041110,19541212,PRCP,0,,,a,
ASN00041110,19541213,PRCP,0,,,a,
ASN00041110,19541214,PRCP,0,,,a,
ASN00041110,19541215,PRCP,0,,,a,
ASN00041110,19541216,PRCP,86,,,a,
ASN00041110,19541217,PRCP,0,,,a,
ASN00041110,19541218,PRCP,0,,,a,
ASN00041110,19541219,PRCP,0,,,a,
ASN00041110,19541220,PRCP,0,,,a,
ASN00041110,19541221,PRCP,0,,,a,
ASN00041110,19541222,PRCP,0,,,a,
ASN00041110,19541223,PRCP,0,,,a,
ASN00041110,19541224,PRCP,0,,,a,
ASN00041110,19541225,PRCP,84,,,a,
ASN00041110,19541226,PRCP,43,,,a,
ASN00041110,19541227,PRCP,0,,,a,
ASN00041110,19541228,PRCP,0,,,a,
ASN00041110,19541229,PRCP,0,,,a,
ASN00041110,19541230,PRCP,0,,,a,
ASN00041110,19541231,PRCP,0,,,a,
ASN00041110,19550101,PRCP,0,,,a,
ASN00041110,19550102,PRCP,0,,,a,
ASN00041110,19550103,PRCP,0,,,a,
ASN00041110,19550104,PRCP,0,,,a,
ASN00041110,19550105,PRCP,0,,,a,
ASN00041110,19550106,PRCP,30,,,a,
ASN00041110,19550107,PRCP,0,,,a,
ASN00041110,19550108,PRCP,592,,,a,
ASN00041110,19550109,PRCP,0,,,a,
ASN00041110,19550110,PRCP,0,,,a,
ASN00041110,19550111,PRCP,0,,,a,
ASN00041110,19550112,PRCP,0,,,a,
ASN00041110,19550113,PRCP,30,,,a,
ASN00041110,19550114,PRCP,0,,,a,
ASN00041110,19550115,PRCP,0,,,a,
ASN00041110,19550116,PRCP,0,,,a,
ASN00041110,19550117,PRCP,0,,,a,
ASN00041110,19550118,PRCP,0,,,a,
ASN00041110,19550119,PRCP,0,,,a,
ASN00041110,19550120,PRCP,0,,,a,
ASN00041110,19550121,PRCP,46,,,a,
ASN00041110,19550122,PRCP,0,,,a,
ASN00041110,19550123,PRCP,0,,,a,
ASN00041110,19550124,PRCP,191,,,a,
ASN00041110,19550125,PRCP,0,,,a,
ASN00041110,19550126,PRCP,0,,,a,
ASN00041110,19550127,PRCP,0,,,a,
ASN00041110,19550128,PRCP,0,,,a,
ASN00041110,19550129,PRCP,0,,,a,
ASN00041110,19550130,PRCP,0,,,a,
ASN00041110,19550131,PRCP,0,,,a,
ASN00041110,19550201,PRCP,0,,,a,
ASN00041110,19550202,PRCP,0,,,a,
ASN00041110,19550203,PRCP,0,,,a,
ASN00041110,19550204,PRCP,0,,,a,
ASN00041110,19550205,PRCP,0,,,a,
ASN00041110,19550206,PRCP,0,,,a,
ASN00041110,19550207,PRCP,0,,,a,
ASN00041110,19550208,PRCP,0,,,a,
ASN00041110,19550209,PRCP,0,,,a,
ASN00041110,19550210,PRCP,0,,,a,
ASN00041110,19550211,PRCP,0,,,a,
ASN00041110,19550212,PRCP,0,,,a,
ASN00041110,19550213,PRCP,0,,,a,
ASN00041110,19550214,PRCP,0,,,a,
ASN00041110,19550215,PRCP,0,,,a,
ASN00041110,19550216,PRCP,0,,,a,
ASN00041110,19550217,PRCP,178,,,a,
ASN00041110,19550218,PRCP,0,,,a,
ASN00041110,19550219,PRCP,0,,,a,
ASN00041110,19550220,PRCP,0,,,a,
ASN00041110,19550221,PRCP,0,,,a,
ASN00041110,19550222,PRCP,0,,,a,
ASN00041110,19550223,PRCP,8,,,a,
ASN00041110,19550224,PRCP,97,,,a,
ASN00041110,19550225,PRCP,0,,,a,
ASN00041110,19550226,PRCP,279,,,a,
ASN00041110,19550227,PRCP,5,,,a,
ASN00041110,19550228,PRCP,0,,,a,
ASN00041110,19550301,PRCP,0,,,a,
ASN00041110,19550302,PRCP,0,,,a,
ASN00041110,19550303,PRCP,0,,,a,
ASN00041110,19550304,PRCP,0,,,a,
ASN00041110,19550305,PRCP,0,,,a,
ASN00041110,19550306,PRCP,0,,,a,
ASN00041110,19550307,PRCP,0,,,a,
ASN00041110,19550308,PRCP,0,,,a,
ASN00041110,19550309,PRCP,0,,,a,
ASN00041110,19550310,PRCP,0,,,a,
ASN00041110,19550311,PRCP,30,,,a,
ASN00041110,19550312,PRCP,0,,,a,
ASN00041110,19550313,PRCP,0,,,a,
ASN00041110,19550314,PRCP,0,,,a,
ASN00041110,19550315,PRCP,0,,,a,
ASN00041110,19550316,PRCP,0,,,a,
ASN00041110,19550317,PRCP,0,,,a,
ASN00041110,19550318,PRCP,0,,,a,
ASN00041110,19550319,PRCP,0,,,a,
ASN00041110,19550320,PRCP,0,,,a,
ASN00041110,19550321,PRCP,0,,,a,
ASN00041110,19550322,PRCP,0,,,a,
ASN00041110,19550323,PRCP,0,,,a,
ASN00041110,19550324,PRCP,0,,,a,
ASN00041110,19550325,PRCP,18,,,a,
ASN00041110,19550326,PRCP,0,,,a,
ASN00041110,19550327,PRCP,0,,,a,
ASN00041110,19550328,PRCP,178,,,a,
ASN00041110,19550329,PRCP,56,,,a,
ASN00041110,19550330,PRCP,0,,,a,
ASN00041110,19550331,PRCP,0,,,a,
ASN00041110,19550401,PRCP,0,,,a,
ASN00041110,19550402,PRCP,0,,,a,
ASN00041110,19550403,PRCP,0,,,a,
ASN00041110,19550404,PRCP,0,,,a,
ASN00041110,19550405,PRCP,0,,,a,
ASN00041110,19550406,PRCP,0,,,a,
ASN00041110,19550407,PRCP,0,,,a,
ASN00041110,19550408,PRCP,0,,,a,
ASN00041110,19550409,PRCP,0,,,a,
ASN00041110,19550410,PRCP,0,,,a,
ASN00041110,19550411,PRCP,0,,,a,
ASN00041110,19550412,PRCP,0,,,a,
ASN00041110,19550413,PRCP,0,,,a,
ASN00041110,19550414,PRCP,0,,,a,
ASN00041110,19550415,PRCP,0,,,a,
ASN00041110,19550416,PRCP,0,,,a,
ASN00041110,19550417,PRCP,0,,,a,
ASN00041110,19550418,PRCP,41,,,a,
ASN00041110,19550419,PRCP,0,,,a,
ASN00041110,19550420,PRCP,0,,,a,
ASN00041110,19550421,PRCP,0,,,a,
ASN00041110,19550422,PRCP,0,,,a,
ASN00041110,19550423,PRCP,0,,,a,
ASN00041110,19550424,PRCP,0,,,a,
ASN00041110,19550425,PRCP,0,,,a,
ASN00041110,19550426,PRCP,0,,,a,
ASN00041110,19550427,PRCP,0,,,a,
ASN00041110,19550428,PRCP,0,,,a,
ASN00041110,19550429,PRCP,109,,,a,
ASN00041110,19550430,PRCP,483,,,a,
ASN00041110,19550501,PRCP,0,,,a,
ASN00041110,19550502,PRCP,0,,,a,
ASN00041110,19550503,PRCP,0,,,a,
ASN00041110,19550504,PRCP,0,,,a,
ASN00041110,19550505,PRCP,0,,,a,
ASN00041110,19550506,PRCP,0,,,a,
ASN00041110,19550507,PRCP,0,,,a,
ASN00041110,19550508,PRCP,0,,,a,
ASN00041110,19550509,PRCP,0,,,a,
ASN00041110,19550510,PRCP,0,,,a,
ASN00041110,19550511,PRCP,0,,,a,
ASN00041110,19550512,PRCP,0,,,a,
ASN00041110,19550513,PRCP,0,,,a,
ASN00041110,19550514,PRCP,0,,,a,
ASN00041110,19550515,PRCP,0,,,a,
ASN00041110,19550516,PRCP,0,,,a,
ASN00041110,19550517,PRCP,0,,,a,
ASN00041110,19550518,PRCP,300,,,a,
ASN00041110,19550519,PRCP,0,,,a,
ASN00041110,19550520,PRCP,0,,,a,
ASN00041110,19550521,PRCP,0,,,a,
ASN00041110,19550522,PRCP,0,,,a,
ASN00041110,19550523,PRCP,0,,,a,
ASN00041110,19550524,PRCP,0,,,a,
ASN00041110,19550525,PRCP,0,,,a,
ASN00041110,19550526,PRCP,312,,,a,
ASN00041110,19550527,PRCP,127,,,a,
ASN00041110,19550528,PRCP,0,,,a,
ASN00041110,19550529,PRCP,0,,,a,
ASN00041110,19550530,PRCP,0,,,a,
ASN00041110,19550531,PRCP,0,,,a,
ASN00041110,19550601,PRCP,0,,,a,
ASN00041110,19550602,PRCP,0,,,a,
ASN00041110,19550603,PRCP,0,,,a,
ASN00041110,19550604,PRCP,0,,,a,
ASN00041110,19550605,PRCP,0,,,a,
ASN00041110,19550606,PRCP,0,,,a,
ASN00041110,19550607,PRCP,0,,,a,
ASN00041110,19550608,PRCP,0,,,a,
ASN00041110,19550609,PRCP,0,,,a,
ASN00041110,19550610,PRCP,0,,,a,
ASN00041110,19550611,PRCP,0,,,a,
ASN00041110,19550612,PRCP,0,,,a,
ASN00041110,19550613,PRCP,0,,,a,
ASN00041110,19550614,PRCP,0,,,a,
ASN00041110,19550615,PRCP,0,,,a,
ASN00041110,19550616,PRCP,0,,,a,
ASN00041110,19550617,PRCP,0,,,a,
ASN00041110,19550618,PRCP,0,,,a,
ASN00041110,19550619,PRCP,0,,,a,
ASN00041110,19550620,PRCP,0,,,a,
ASN00041110,19550621,PRCP,0,,,a,
ASN00041110,19550622,PRCP,0,,,a,
ASN00041110,19550623,PRCP,0,,,a,
ASN00041110,19550624,PRCP,0,,,a,
ASN00041110,19550625,PRCP,0,,,a,
ASN00041110,19550626,PRCP,0,,,a,
ASN00041110,19550627,PRCP,0,,,a,
ASN00041110,19550628,PRCP,0,,,a,
ASN00041110,19550629,PRCP,0,,,a,
ASN00041110,19550630,PRCP,0,,,a,
ASN00041110,19550701,PRCP,0,,,a,
ASN00041110,19550702,PRCP,0,,,a,
ASN00041110,19550703,PRCP,0,,,a,
ASN00041110,19550704,PRCP,0,,,a,
ASN00041110,19550705,PRCP,0,,,a,
ASN00041110,19550706,PRCP,0,,,a,
ASN00041110,19550707,PRCP,0,,,a,
ASN00041110,19550708,PRCP,0,,,a,
ASN00041110,19550709,PRCP,0,,,a,
ASN00041110,19550710,PRCP,0,,,a,
ASN00041110,19550711,PRCP,0,,,a,
ASN00041110,19550712,PRCP,0,,,a,
ASN00041110,19550713,PRCP,0,,,a,
ASN00041110,19550714,PRCP,152,,,a,
ASN00041110,19550715,PRCP,64,,,a,
ASN00041110,19550716,PRCP,0,,,a,
ASN00041110,19550717,PRCP,0,,,a,
ASN00041110,19550718,PRCP,0,,,a,
ASN00041110,19550719,PRCP,0,,,a,
ASN00041110,19550720,PRCP,0,,,a,
ASN00041110,19550721,PRCP,0,,,a,
ASN00041110,19550722,PRCP,0,,,a,
ASN00041110,19550723,PRCP,36,,,a,
ASN00041110,19550724,PRCP,0,,,a,
ASN00041110,19550725,PRCP,0,,,a,
ASN00041110,19550726,PRCP,0,,,a,
ASN00041110,19550727,PRCP,0,,,a,
ASN00041110,19550728,PRCP,0,,,a,
ASN00041110,19550729,PRCP,46,,,a,
ASN00041110,19550730,PRCP,0,,,a,
ASN00041110,19550731,PRCP,0,,,a,
ASN00041110,19550801,PRCP,0,,,a,
ASN00041110,19550802,PRCP,0,,,a,
ASN00041110,19550803,PRCP,0,,,a,
ASN00041110,19550804,PRCP,0,,,a,
ASN00041110,19550805,PRCP,0,,,a,
ASN00041110,19550806,PRCP,15,,,a,
ASN00041110,19550807,PRCP,0,,,a,
ASN00041110,19550808,PRCP,0,,,a,
ASN00041110,19550809,PRCP,0,,,a,
ASN00041110,19550810,PRCP,0,,,a,
ASN00041110,19550811,PRCP,0,,,a,
ASN00041110,19550812,PRCP,0,,,a,
ASN00041110,19550813,PRCP,0,,,a,
ASN00041110,19550814,PRCP,0,,,a,
ASN00041110,19550815,PRCP,0,,,a,
ASN00041110,19550816,PRCP,0,,,a,
ASN00041110,19550817,PRCP,0,,,a,
ASN00041110,19550818,PRCP,0,,,a,
ASN00041110,19550819,PRCP,0,,,a,
ASN00041110,19550820,PRCP,0,,,a,
ASN00041110,19550821,PRCP,183,,,a,
ASN00041110,19550822,PRCP,0,,,a,
ASN00041110,19550823,PRCP,0,,,a,
ASN00041110,19550824,PRCP,0,,,a,
ASN00041110,19550825,PRCP,0,,,a,
ASN00041110,19550826,PRCP,0,,,a,
ASN00041110,19550827,PRCP,0,,,a,
ASN00041110,19550828,PRCP,0,,,a,
ASN00041110,19550829,PRCP,0,,,a,
ASN00041110,19550830,PRCP,0,,,a,
ASN00041110,19550831,PRCP,0,,,a,
ASN00041110,19550901,PRCP,0,,,a,
ASN00041110,19550902,PRCP,0,,,a,
ASN00041110,19550903,PRCP,0,,,a,
ASN00041110,19550904,PRCP,0,,,a,
ASN00041110,19550905,PRCP,0,,,a,
ASN00041110,19550906,PRCP,0,,,a,
ASN00041110,19550907,PRCP,0,,,a,
ASN00041110,19550908,PRCP,0,,,a,
ASN00041110,19550909,PRCP,18,,,a,
ASN00041110,19550910,PRCP,0,,,a,
ASN00041110,19550911,PRCP,0,,,a,
ASN00041110,19550912,PRCP,0,,,a,
ASN00041110,19550913,PRCP,0,,,a,
ASN00041110,19550914,PRCP,0,,,a,
ASN00041110,19550915,PRCP,0,,,a,
ASN00041110,19550916,PRCP,0,,,a,
ASN00041110,19550917,PRCP,0,,,a,
ASN00041110,19550918,PRCP,0,,,a,
ASN00041110,19550919,PRCP,0,,,a,
ASN00041110,19550920,PRCP,0,,,a,
ASN00041110,19550921,PRCP,0,,,a,
ASN00041110,19550922,PRCP,0,,,a,
ASN00041110,19550923,PRCP,0,,,a,
ASN00041110,19550924,PRCP,5,,,a,
ASN00041110,19550925,PRCP,0,,,a,
ASN00041110,19550926,PRCP,0,,,a,
ASN00041110,19550927,PRCP,140,,,a,
ASN00041110,19550928,PRCP,127,,,a,
ASN00041110,19550929,PRCP,0,,,a,
ASN00041110,19550930,PRCP,0,,,a,
ASN00041110,19551001,PRCP,0,,,a,
ASN00041110,19551002,PRCP,0,,,a,
ASN00041110,19551003,PRCP,0,,,a,
ASN00041110,19551004,PRCP,0,,,a,
ASN00041110,19551005,PRCP,0,,,a,
ASN00041110,19551006,PRCP,0,,,a,
ASN00041110,19551007,PRCP,0,,,a,
ASN00041110,19551008,PRCP,0,,,a,
ASN00041110,19551009,PRCP,84,,,a,
ASN00041110,19551010,PRCP,0,,,a,
ASN00041110,19551011,PRCP,0,,,a,
ASN00041110,19551012,PRCP,0,,,a,
ASN00041110,19551013,PRCP,0,,,a,
ASN00041110,19551014,PRCP,0,,,a,
ASN00041110,19551015,PRCP,0,,,a,
ASN00041110,19551016,PRCP,0,,,a,
ASN00041110,19551017,PRCP,0,,,a,
ASN00041110,19551018,PRCP,102,,,a,
ASN00041110,19551019,PRCP,51,,,a,
ASN00041110,19551020,PRCP,244,,,a,
ASN00041110,19551021,PRCP,25,,,a,
ASN00041110,19551022,PRCP,0,,,a,
ASN00041110,19551023,PRCP,0,,,a,
ASN00041110,19551024,PRCP,0,,,a,
ASN00041110,19551025,PRCP,0,,,a,
ASN00041110,19551026,PRCP,13,,,a,
ASN00041110,19551027,PRCP,132,,,a,
ASN00041110,19551028,PRCP,8,,,a,
ASN00041110,19551029,PRCP,0,,,a,
ASN00041110,19551030,PRCP,0,,,a,
ASN00041110,19551031,PRCP,51,,,a,
ASN00041110,19551101,PRCP,20,,,a,
ASN00041110,19551102,PRCP,0,,,a,
ASN00041110,19551103,PRCP,0,,,a,
ASN00041110,19551104,PRCP,0,,,a,
ASN00041110,19551105,PRCP,0,,,a,
ASN00041110,19551106,PRCP,0,,,a,
ASN00041110,19551107,PRCP,0,,,a,
ASN00041110,19551108,PRCP,0,,,a,
ASN00041110,19551109,PRCP,30,,,a,
ASN00041110,19551110,PRCP,0,,,a,
ASN00041110,19551111,PRCP,8,,,a,
ASN00041110,19551112,PRCP,0,,,a,
ASN00041110,19551113,PRCP,0,,,a,
ASN00041110,19551114,PRCP,0,,,a,
ASN00041110,19551115,PRCP,0,,,a,
ASN00041110,19551116,PRCP,25,,,a,
ASN00041110,19551117,PRCP,211,,,a,
ASN00041110,19551118,PRCP,0,,,a,
ASN00041110,19551119,PRCP,0,,,a,
ASN00041110,19551120,PRCP,0,,,a,
ASN00041110,19551121,PRCP,0,,,a,
ASN00041110,19551122,PRCP,0,,,a,
ASN00041110,19551123,PRCP,0,,,a,
ASN00041110,19551124,PRCP,0,,,a,
ASN00041110,19551125,PRCP,0,,,a,
ASN00041110,19551126,PRCP,0,,,a,
ASN00041110,19551127,PRCP,0,,,a,
ASN00041110,19551128,PRCP,0,,,a,
ASN00041110,19551129,PRCP,0,,,a,
ASN00041110,19551130,PRCP,0,,,a,
ASN00041110,19551201,PRCP,0,,,a,
ASN00041110,19551202,PRCP,33,,,a,
ASN00041110,19551203,PRCP,0,,,a,
ASN00041110,19551204,PRCP,0,,,a,
ASN00041110,19551205,PRCP,0,,,a,
ASN00041110,19551206,PRCP,0,,,a,
ASN00041110,19551207,PRCP,0,,,a,
ASN00041110,19551208,PRCP,0,,,a,
ASN00041110,19551209,PRCP,0,,,a,
ASN00041110,19551210,PRCP,0,,,a,
ASN00041110,19551211,PRCP,135,,,a,
ASN00041110,19551212,PRCP,38,,,a,
ASN00041110,19551213,PRCP,30,,,a,
ASN00041110,19551214,PRCP,114,,,a,
ASN00041110,19551215,PRCP,0,,,a,
ASN00041110,19551216,PRCP,0,,,a,
ASN00041110,19551217,PRCP,188,,,a,
ASN00041110,19551218,PRCP,0,,,a,
ASN00041110,19551219,PRCP,135,,,a,
ASN00041110,19551220,PRCP,0,,,a,
ASN00041110,19551221,PRCP,0,,,a,
ASN00041110,19551222,PRCP,0,,,a,
ASN00041110,19551223,PRCP,0,,,a,
ASN00041110,19551224,PRCP,0,,,a,
ASN00041110,19551225,PRCP,0,,,a,
ASN00041110,19551226,PRCP,0,,,a,
ASN00041110,19551227,PRCP,0,,,a,
ASN00041110,19551228,PRCP,0,,,a,
ASN00041110,19551229,PRCP,0,,,a,
ASN00041110,19551230,PRCP,0,,,a,
ASN00041110,19551231,PRCP,231,,,a,
ASN00041110,19560101,PRCP,0,,,a,
ASN00041110,19560102,PRCP,0,,,a,
ASN00041110,19560103,PRCP,0,,,a,
ASN00041110,19560104,PRCP,0,,,a,
ASN00041110,19560105,PRCP,0,,,a,
ASN00041110,19560106,PRCP,0,,,a,
ASN00041110,19560107,PRCP,0,,,a,
ASN00041110,19560108,PRCP,0,,,a,
ASN00041110,19560109,PRCP,0,,,a,
ASN00041110,19560110,PRCP,0,,,a,
ASN00041110,19560111,PRCP,0,,,a,
ASN00041110,19560112,PRCP,25,,,a,
ASN00041110,19560113,PRCP,137,,,a,
ASN00041110,19560114,PRCP,155,,,a,
ASN00041110,19560115,PRCP,0,,,a,
ASN00041110,19560116,PRCP,0,,,a,
ASN00041110,19560117,PRCP,0,,,a,
ASN00041110,19560118,PRCP,0,,,a,
ASN00041110,19560119,PRCP,0,,,a,
ASN00041110,19560120,PRCP,58,,,a,
ASN00041110,19560121,PRCP,1397,,,a,
ASN00041110,19560122,PRCP,1039,,,a,
ASN00041110,19560123,PRCP,0,,,a,
ASN00041110,19560124,PRCP,0,,,a,
ASN00041110,19560125,PRCP,0,,,a,
ASN00041110,19560126,PRCP,0,,,a,
ASN00041110,19560127,PRCP,130,,,a,
ASN00041110,19560128,PRCP,0,,,a,
ASN00041110,19560129,PRCP,0,,,a,
ASN00041110,19560130,PRCP,384,,,a,
ASN00041110,19560131,PRCP,0,,,a,
ASN00041110,19560201,PRCP,0,,,a,
ASN00041110,19560202,PRCP,0,,,a,
ASN00041110,19560203,PRCP,0,,,a,
ASN00041110,19560204,PRCP,33,,,a,
ASN00041110,19560205,PRCP,84,,,a,
ASN00041110,19560206,PRCP,36,,,a,
ASN00041110,19560207,PRCP,18,,,a,
ASN00041110,19560208,PRCP,0,,,a,
ASN00041110,19560209,PRCP,335,,,a,
ASN00041110,19560210,PRCP,165,,,a,
ASN00041110,19560211,PRCP,0,,,a,
ASN00041110,19560212,PRCP,0,,,a,
ASN00041110,19560213,PRCP,127,,,a,
ASN00041110,19560214,PRCP,114,,,a,
ASN00041110,19560215,PRCP,0,,,a,
ASN00041110,19560216,PRCP,0,,,a,
ASN00041110,19560217,PRCP,0,,,a,
ASN00041110,19560218,PRCP,399,,,a,
ASN00041110,19560219,PRCP,30,,,a,
ASN00041110,19560220,PRCP,74,,,a,
ASN00041110,19560221,PRCP,0,,,a,
ASN00041110,19560222,PRCP,0,,,a,
ASN00041110,19560223,PRCP,0,,,a,
ASN00041110,19560224,PRCP,0,,,a,
ASN00041110,19560225,PRCP,20,,,a,
ASN00041110,19560226,PRCP,0,,,a,
ASN00041110,19560227,PRCP,0,,,a,
ASN00041110,19560228,PRCP,46,,,a,
ASN00041110,19560229,PRCP,0,,,a,
ASN00041110,19560301,PRCP,0,,,a,
ASN00041110,19560302,PRCP,0,,,a,
ASN00041110,19560303,PRCP,51,,,a,
ASN00041110,19560304,PRCP,0,,,a,
ASN00041110,19560305,PRCP,0,,,a,
ASN00041110,19560306,PRCP,0,,,a,
ASN00041110,19560307,PRCP,0,,,a,
ASN00041110,19560308,PRCP,56,,,a,
ASN00041110,19560309,PRCP,0,,,a,
ASN00041110,19560310,PRCP,0,,,a,
ASN00041110,19560311,PRCP,0,,,a,
ASN00041110,19560312,PRCP,0,,,a,
ASN00041110,19560313,PRCP,0,,,a,
ASN00041110,19560314,PRCP,0,,,a,
ASN00041110,19560315,PRCP,0,,,a,
ASN00041110,19560316,PRCP,0,,,a,
ASN00041110,19560317,PRCP,0,,,a,
ASN00041110,19560318,PRCP,0,,,a,
ASN00041110,19560319,PRCP,0,,,a,
ASN00041110,19560320,PRCP,0,,,a,
ASN00041110,19560321,PRCP,0,,,a,
ASN00041110,19560322,PRCP,0,,,a,
ASN00041110,19560323,PRCP,0,,,a,
ASN00041110,19560324,PRCP,23,,,a,
ASN00041110,19560325,PRCP,0,,,a,
ASN00041110,19560326,PRCP,0,,,a,
ASN00041110,19560327,PRCP,0,,,a,
ASN00041110,19560328,PRCP,0,,,a,
ASN00041110,19560329,PRCP,0,,,a,
ASN00041110,19560330,PRCP,0,,,a,
ASN00041110,19560331,PRCP,0,,,a,
ASN00041110,19560401,PRCP,0,,,a,
ASN00041110,19560402,PRCP,0,,,a,
ASN00041110,19560403,PRCP,0,,,a,
ASN00041110,19560404,PRCP,0,,,a,
ASN00041110,19560405,PRCP,0,,,a,
ASN00041110,19560406,PRCP,0,,,a,
ASN00041110,19560407,PRCP,0,,,a,
ASN00041110,19560408,PRCP,0,,,a,
ASN00041110,19560409,PRCP,0,,,a,
ASN00041110,19560410,PRCP,0,,,a,
ASN00041110,19560411,PRCP,0,,,a,
ASN00041110,19560412,PRCP,0,,,a,
ASN00041110,19560413,PRCP,0,,,a,
ASN00041110,19560414,PRCP,0,,,a,
ASN00041110,19560415,PRCP,0,,,a,
ASN00041110,19560416,PRCP,0,,,a,
ASN00041110,19560417,PRCP,254,,,a,
ASN00041110,19560418,PRCP,20,,,a,
ASN00041110,19560419,PRCP,0,,,a,
ASN00041110,19560420,PRCP,0,,,a,
ASN00041110,19560421,PRCP,0,,,a,
ASN00041110,19560422,PRCP,0,,,a,
ASN00041110,19560423,PRCP,0,,,a,
ASN00041110,19560424,PRCP,0,,,a,
ASN00041110,19560425,PRCP,56,,,a,
ASN00041110,19560426,PRCP,399,,,a,
ASN00041110,19560427,PRCP,0,,,a,
ASN00041110,19560428,PRCP,0,,,a,
ASN00041110,19560429,PRCP,0,,,a,
ASN00041110,19560430,PRCP,0,,,a,
ASN00041110,19560501,PRCP,323,,,a,
ASN00041110,19560502,PRCP,495,,,a,
ASN00041110,19560503,PRCP,0,,,a,
ASN00041110,19560504,PRCP,0,,,a,
ASN00041110,19560505,PRCP,0,,,a,
ASN00041110,19560506,PRCP,0,,,a,
ASN00041110,19560507,PRCP,0,,,a,
ASN00041110,19560508,PRCP,0,,,a,
ASN00041110,19560509,PRCP,0,,,a,
ASN00041110,19560510,PRCP,0,,,a,
ASN00041110,19560511,PRCP,0,,,a,
ASN00041110,19560512,PRCP,43,,,a,
ASN00041110,19560513,PRCP,0,,,a,
ASN00041110,19560514,PRCP,0,,,a,
ASN00041110,19560515,PRCP,0,,,a,
ASN00041110,19560516,PRCP,0,,,a,
ASN00041110,19560517,PRCP,0,,,a,
ASN00041110,19560518,PRCP,71,,,a,
ASN00041110,19560519,PRCP,0,,,a,
ASN00041110,19560520,PRCP,0,,,a,
ASN00041110,19560521,PRCP,0,,,a,
ASN00041110,19560522,PRCP,0,,,a,
ASN00041110,19560523,PRCP,0,,,a,
ASN00041110,19560524,PRCP,114,,,a,
ASN00041110,19560525,PRCP,0,,,a,
ASN00041110,19560526,PRCP,0,,,a,
ASN00041110,19560527,PRCP,147,,,a,
ASN00041110,19560528,PRCP,0,,,a,
ASN00041110,19560529,PRCP,0,,,a,
ASN00041110,19560530,PRCP,0,,,a,
ASN00041110,19560531,PRCP,0,,,a,
ASN00041110,19560601,PRCP,0,,,a,
ASN00041110,19560602,PRCP,0,,,a,
ASN00041110,19560603,PRCP,0,,,a,
ASN00041110,19560604,PRCP,0,,,a,
ASN00041110,19560605,PRCP,0,,,a,
ASN00041110,19560606,PRCP,0,,,a,
ASN00041110,19560607,PRCP,0,,,a,
ASN00041110,19560608,PRCP,0,,,a,
ASN00041110,19560609,PRCP,0,,,a,
ASN00041110,19560610,PRCP,0,,,a,
ASN00041110,19560611,PRCP,18,,,a,
ASN00041110,19560612,PRCP,0,,,a,
ASN00041110,19560613,PRCP,0,,,a,
ASN00041110,19560614,PRCP,0,,,a,
ASN00041110,19560615,PRCP,0,,,a,
ASN00041110,19560616,PRCP,0,,,a,
ASN00041110,19560617,PRCP,0,,,a,
ASN00041110,19560618,PRCP,0,,,a,
ASN00041110,19560619,PRCP,0,,,a,
ASN00041110,19560620,PRCP,0,,,a,
ASN00041110,19560621,PRCP,0,,,a,
ASN00041110,19560622,PRCP,51,,,a,
ASN00041110,19560623,PRCP,102,,,a,
ASN00041110,19560624,PRCP,196,,,a,
ASN00041110,19560625,PRCP,279,,,a,
ASN00041110,19560626,PRCP,0,,,a,
ASN00041110,19560627,PRCP,0,,,a,
ASN00041110,19560628,PRCP,0,,,a,
ASN00041110,19560629,PRCP,0,,,a,
ASN00041110,19560630,PRCP,0,,,a,
ASN00041110,19560701,PRCP,0,,,a,
ASN00041110,19560702,PRCP,0,,,a,
ASN00041110,19560703,PRCP,0,,,a,
ASN00041110,19560704,PRCP,0,,,a,
ASN00041110,19560705,PRCP,0,,,a,
ASN00041110,19560706,PRCP,0,,,a,
ASN00041110,19560707,PRCP,0,,,a,
ASN00041110,19560708,PRCP,241,,,a,
ASN00041110,19560709,PRCP,0,,,a,
ASN00041110,19560710,PRCP,0,,,a,
ASN00041110,19560711,PRCP,0,,,a,
ASN00041110,19560712,PRCP,71,,,a,
ASN00041110,19560713,PRCP,0,,,a,
ASN00041110,19560714,PRCP,0,,,a,
ASN00041110,19560715,PRCP,0,,,a,
ASN00041110,19560716,PRCP,0,,,a,
ASN00041110,19560717,PRCP,0,,,a,
ASN00041110,19560718,PRCP,18,,,a,
ASN00041110,19560719,PRCP,0,,,a,
ASN00041110,19560720,PRCP,0,,,a,
ASN00041110,19560721,PRCP,0,,,a,
ASN00041110,19560722,PRCP,0,,,a,
ASN00041110,19560723,PRCP,0,,,a,
ASN00041110,19560724,PRCP,0,,,a,
ASN00041110,19560725,PRCP,0,,,a,
ASN00041110,19560726,PRCP,0,,,a,
ASN00041110,19560727,PRCP,0,,,a,
ASN00041110,19560728,PRCP,0,,,a,
ASN00041110,19560729,PRCP,0,,,a,
ASN00041110,19560730,PRCP,0,,,a,
ASN00041110,19560731,PRCP,0,,,a,
ASN00041110,19560801,PRCP,0,,,a,
ASN00041110,19560802,PRCP,0,,,a,
ASN00041110,19560803,PRCP,0,,,a,
ASN00041110,19560804,PRCP,0,,,a,
ASN00041110,19560805,PRCP,0,,,a,
ASN00041110,19560806,PRCP,0,,,a,
ASN00041110,19560807,PRCP,0,,,a,
ASN00041110,19560808,PRCP,0,,,a,
ASN00041110,19560809,PRCP,0,,,a,
ASN00041110,19560810,PRCP,0,,,a,
ASN00041110,19560811,PRCP,0,,,a,
ASN00041110,19560812,PRCP,0,,,a,
ASN00041110,19560813,PRCP,0,,,a,
ASN00041110,19560814,PRCP,0,,,a,
ASN00041110,19560815,PRCP,0,,,a,
ASN00041110,19560816,PRCP,0,,,a,
ASN00041110,19560817,PRCP,0,,,a,
ASN00041110,19560818,PRCP,0,,,a,
ASN00041110,19560819,PRCP,0,,,a,
ASN00041110,19560820,PRCP,0,,,a,
ASN00041110,19560821,PRCP,0,,,a,
ASN00041110,19560822,PRCP,0,,,a,
ASN00041110,19560823,PRCP,0,,,a,
ASN00041110,19560824,PRCP,0,,,a,
ASN00041110,19560825,PRCP,0,,,a,
ASN00041110,19560826,PRCP,0,,,a,
ASN00041110,19560827,PRCP,0,,,a,
ASN00041110,19560828,PRCP,0,,,a,
ASN00041110,19560829,PRCP,0,,,a,
ASN00041110,19560830,PRCP,0,,,a,
ASN00041110,19560831,PRCP,43,,,a,
ASN00041110,19560901,PRCP,0,,,a,
ASN00041110,19560902,PRCP,0,,,a,
ASN00041110,19560903,PRCP,0,,,a,
ASN00041110,19560904,PRCP,0,,,a,
ASN00041110,19560905,PRCP,0,,,a,
ASN00041110,19560906,PRCP,0,,,a,
ASN00041110,19560907,PRCP,0,,,a,
ASN00041110,19560908,PRCP,0,,,a,
ASN00041110,19560909,PRCP,0,,,a,
ASN00041110,19560910,PRCP,0,,,a,
ASN00041110,19560911,PRCP,0,,,a,
ASN00041110,19560912,PRCP,0,,,a,
ASN00041110,19560913,PRCP,0,,,a,
ASN00041110,19560914,PRCP,0,,,a,
ASN00041110,19560915,PRCP,0,,,a,
ASN00041110,19560916,PRCP,0,,,a,
ASN00041110,19560917,PRCP,0,,,a,
ASN00041110,19560918,PRCP,0,,,a,
ASN00041110,19560919,PRCP,0,,,a,
ASN00041110,19560920,PRCP,0,,,a,
ASN00041110,19560921,PRCP,119,,,a,
ASN00041110,19560922,PRCP,0,,,a,
ASN00041110,19560923,PRCP,0,,,a,
ASN00041110,19560924,PRCP,0,,,a,
ASN00041110,19560925,PRCP,0,,,a,
ASN00041110,19560926,PRCP,0,,,a,
ASN00041110,19560927,PRCP,0,,,a,
ASN00041110,19560928,PRCP,0,,,a,
ASN00041110,19560929,PRCP,0,,,a,
ASN00041110,19560930,PRCP,30,,,a,
ASN00041110,19561001,PRCP,0,,,a,
ASN00041110,19561002,PRCP,0,,,a,
ASN00041110,19561003,PRCP,0,,,a,
ASN00041110,19561004,PRCP,0,,,a,
ASN00041110,19561005,PRCP,0,,,a,
ASN00041110,19561006,PRCP,0,,,a,
ASN00041110,19561007,PRCP,0,,,a,
ASN00041110,19561008,PRCP,33,,,a,
ASN00041110,19561009,PRCP,0,,,a,
ASN00041110,19561010,PRCP,0,,,a,
ASN00041110,19561011,PRCP,97,,,a,
ASN00041110,19561012,PRCP,0,,,a,
ASN00041110,19561013,PRCP,0,,,a,
ASN00041110,19561014,PRCP,0,,,a,
ASN00041110,19561015,PRCP,0,,,a,
ASN00041110,19561016,PRCP,48,,,a,
ASN00041110,19561017,PRCP,0,,,a,
ASN00041110,19561018,PRCP,0,,,a,
ASN00041110,19561019,PRCP,0,,,a,
ASN00041110,19561020,PRCP,0,,,a,
ASN00041110,19561021,PRCP,0,,,a,
ASN00041110,19561022,PRCP,0,,,a,
ASN00041110,19561023,PRCP,0,,,a,
ASN00041110,19561024,PRCP,0,,,a,
ASN00041110,19561025,PRCP,13,,,a,
ASN00041110,19561026,PRCP,0,,,a,
ASN00041110,19561027,PRCP,38,,,a,
ASN00041110,19561028,PRCP,0,,,a,
ASN00041110,19561029,PRCP,0,,,a,
ASN00041110,19561030,PRCP,0,,,a,
ASN00041110,19561031,PRCP,76,,,a,
ASN00041110,19561101,PRCP,0,,,a,
ASN00041110,19561102,PRCP,0,,,a,
ASN00041110,19561103,PRCP,180,,,a,
ASN00041110,19561104,PRCP,0,,,a,
ASN00041110,19561105,PRCP,0,,,a,
ASN00041110,19561106,PRCP,0,,,a,
ASN00041110,19561107,PRCP,30,,,a,
ASN00041110,19561108,PRCP,0,,,a,
ASN00041110,19561109,PRCP,0,,,a,
ASN00041110,19561110,PRCP,0,,,a,
ASN00041110,19561111,PRCP,76,,,a,
ASN00041110,19561112,PRCP,0,,,a,
ASN00041110,19561113,PRCP,0,,,a,
ASN00041110,19561114,PRCP,0,,,a,
ASN00041110,19561115,PRCP,0,,,a,
ASN00041110,19561116,PRCP,0,,,a,
ASN00041110,19561117,PRCP,76,,,a,
ASN00041110,19561118,PRCP,0,,,a,
ASN00041110,19561119,PRCP,0,,,a,
ASN00041110,19561120,PRCP,48,,,a,
ASN00041110,19561121,PRCP,0,,,a,
ASN00041110,19561122,PRCP,0,,,a,
ASN00041110,19561123,PRCP,0,,,a,
ASN00041110,19561124,PRCP,0,,,a,
ASN00041110,19561125,PRCP,0,,,a,
ASN00041110,19561126,PRCP,185,,,a,
ASN00041110,19561127,PRCP,79,,,a,
ASN00041110,19561128,PRCP,0,,,a,
ASN00041110,19561129,PRCP,0,,,a,
ASN00041110,19561130,PRCP,163,,,a,
ASN00041110,19561201,PRCP,0,,,a,
ASN00041110,19561202,PRCP,0,,,a,
ASN00041110,19561203,PRCP,58,,,a,
ASN00041110,19561204,PRCP,23,,,a,
ASN00041110,19561205,PRCP,0,,,a,
ASN00041110,19561206,PRCP,0,,,a,
ASN00041110,19561207,PRCP,0,,,a,
ASN00041110,19561208,PRCP,0,,,a,
ASN00041110,19561209,PRCP,84,,,a,
ASN00041110,19561210,PRCP,0,,,a,
ASN00041110,19561211,PRCP,0,,,a,
ASN00041110,19561212,PRCP,0,,,a,
ASN00041110,19561213,PRCP,0,,,a,
ASN00041110,19561214,PRCP,0,,,a,
ASN00041110,19561215,PRCP,193,,,a,
ASN00041110,19561216,PRCP,0,,,a,
ASN00041110,19561217,PRCP,0,,,a,
ASN00041110,19561218,PRCP,0,,,a,
ASN00041110,19561219,PRCP,8,,,a,
ASN00041110,19561220,PRCP,36,,,a,
ASN00041110,19561221,PRCP,439,,,a,
ASN00041110,19561222,PRCP,704,,,a,
ASN00041110,19561223,PRCP,0,,,a,
ASN00041110,19561224,PRCP,0,,,a,
ASN00041110,19561225,PRCP,0,,,a,
ASN00041110,19561226,PRCP,0,,,a,
ASN00041110,19561227,PRCP,0,,,a,
ASN00041110,19561228,PRCP,0,,,a,
ASN00041110,19561229,PRCP,0,,,a,
ASN00041110,19561230,PRCP,0,,,a,
ASN00041110,19561231,PRCP,0,,,a,
ASN00041110,19570101,PRCP,0,,,a,
ASN00041110,19570102,PRCP,0,,,a,
ASN00041110,19570103,PRCP,0,,,a,
ASN00041110,19570104,PRCP,0,,,a,
ASN00041110,19570105,PRCP,0,,,a,
ASN00041110,19570106,PRCP,13,,,a,
ASN00041110,19570107,PRCP,76,,,a,
ASN00041110,19570108,PRCP,0,,,a,
ASN00041110,19570109,PRCP,8,,,a,
ASN00041110,19570110,PRCP,112,,,a,
ASN00041110,19570111,PRCP,0,,,a,
ASN00041110,19570112,PRCP,0,,,a,
ASN00041110,19570113,PRCP,0,,,a,
ASN00041110,19570114,PRCP,0,,,a,
ASN00041110,19570115,PRCP,0,,,a,
ASN00041110,19570116,PRCP,0,,,a,
ASN00041110,19570117,PRCP,36,,,a,
ASN00041110,19570118,PRCP,0,,,a,
ASN00041110,19570119,PRCP,0,,,a,
ASN00041110,19570120,PRCP,0,,,a,
ASN00041110,19570121,PRCP,0,,,a,
ASN00041110,19570122,PRCP,0,,,a,
ASN00041110,19570123,PRCP,0,,,a,
ASN00041110,19570124,PRCP,0,,,a,
ASN00041110,19570125,PRCP,0,,,a,
ASN00041110,19570126,PRCP,358,,,a,
ASN00041110,19570127,PRCP,0,,,a,
ASN00041110,19570128,PRCP,0,,,a,
ASN00041110,19570129,PRCP,0,,,a,
ASN00041110,19570130,PRCP,0,,,a,
ASN00041110,19570131,PRCP,0,,,a,
ASN00041110,19570201,PRCP,0,,,a,
ASN00041110,19570202,PRCP,0,,,a,
ASN00041110,19570203,PRCP,0,,,a,
ASN00041110,19570204,PRCP,53,,,a,
ASN00041110,19570205,PRCP,74,,,a,
ASN00041110,19570206,PRCP,0,,,a,
ASN00041110,19570207,PRCP,0,,,a,
ASN00041110,19570208,PRCP,0,,,a,
ASN00041110,19570209,PRCP,0,,,a,
ASN00041110,19570210,PRCP,0,,,a,
ASN00041110,19570211,PRCP,0,,,a,
ASN00041110,19570212,PRCP,0,,,a,
ASN00041110,19570213,PRCP,0,,,a,
ASN00041110,19570214,PRCP,0,,,a,
ASN00041110,19570215,PRCP,0,,,a,
ASN00041110,19570216,PRCP,0,,,a,
ASN00041110,19570217,PRCP,0,,,a,
ASN00041110,19570218,PRCP,0,,,a,
ASN00041110,19570219,PRCP,13,,,a,
ASN00041110,19570220,PRCP,0,,,a,
ASN00041110,19570221,PRCP,0,,,a,
ASN00041110,19570222,PRCP,0,,,a,
ASN00041110,19570223,PRCP,0,,,a,
ASN00041110,19570224,PRCP,0,,,a,
ASN00041110,19570225,PRCP,0,,,a,
ASN00041110,19570226,PRCP,13,,,a,
ASN00041110,19570227,PRCP,0,,,a,
ASN00041110,19570228,PRCP,0,,,a,
ASN00041110,19570301,PRCP,0,,,a,
ASN00041110,19570302,PRCP,0,,,a,
ASN00041110,19570303,PRCP,0,,,a,
ASN00041110,19570304,PRCP,0,,,a,
ASN00041110,19570305,PRCP,130,,,a,
ASN00041110,19570306,PRCP,0,,,a,
ASN00041110,19570307,PRCP,0,,,a,
ASN00041110,19570308,PRCP,0,,,a,
ASN00041110,19570309,PRCP,0,,,a,
ASN00041110,19570310,PRCP,0,,,a,
ASN00041110,19570311,PRCP,178,,,a,
ASN00041110,19570312,PRCP,0,,,a,
ASN00041110,19570313,PRCP,0,,,a,
ASN00041110,19570314,PRCP,51,,,a,
ASN00041110,19570315,PRCP,46,,,a,
ASN00041110,19570316,PRCP,0,,,a,
ASN00041110,19570317,PRCP,0,,,a,
ASN00041110,19570318,PRCP,0,,,a,
ASN00041110,19570319,PRCP,0,,,a,
ASN00041110,19570320,PRCP,0,,,a,
ASN00041110,19570321,PRCP,0,,,a,
ASN00041110,19570322,PRCP,0,,,a,
ASN00041110,19570323,PRCP,0,,,a,
ASN00041110,19570324,PRCP,0,,,a,
ASN00041110,19570325,PRCP,53,,,a,
ASN00041110,19570326,PRCP,0,,,a,
ASN00041110,19570327,PRCP,0,,,a,
ASN00041110,19570328,PRCP,0,,,a,
ASN00041110,19570329,PRCP,0,,,a,
ASN00041110,19570330,PRCP,0,,,a,
ASN00041110,19570331,PRCP,0,,,a,
ASN00041110,19570401,PRCP,0,,,a,
ASN00041110,19570402,PRCP,0,,,a,
ASN00041110,19570403,PRCP,0,,,a,
ASN00041110,19570404,PRCP,0,,,a,
ASN00041110,19570405,PRCP,0,,,a,
ASN00041110,19570406,PRCP,0,,,a,
ASN00041110,19570407,PRCP,0,,,a,
ASN00041110,19570408,PRCP,0,,,a,
ASN00041110,19570409,PRCP,0,,,a,
ASN00041110,19570410,PRCP,0,,,a,
ASN00041110,19570411,PRCP,0,,,a,
ASN00041110,19570412,PRCP,0,,,a,
ASN00041110,19570413,PRCP,0,,,a,
ASN00041110,19570414,PRCP,0,,,a,
ASN00041110,19570415,PRCP,0,,,a,
ASN00041110,19570416,PRCP,0,,,a,
ASN00041110,19570417,PRCP,0,,,a,
ASN00041110,19570418,PRCP,0,,,a,
ASN00041110,19570419,PRCP,0,,,a,
ASN00041110,19570420,PRCP,0,,,a,
ASN00041110,19570421,PRCP,0,,,a,
ASN00041110,19570422,PRCP,0,,,a,
ASN00041110,19570423,PRCP,38,,,a,
ASN00041110,19570424,PRCP,0,,,a,
ASN00041110,19570425,PRCP,0,,,a,
ASN00041110,19570426,PRCP,0,,,a,
ASN00041110,19570427,PRCP,0,,,a,
ASN00041110,19570428,PRCP,0,,,a,
ASN00041110,19570429,PRCP,5,,,a,
ASN00041110,19570430,PRCP,0,,,a,
ASN00041110,19570501,PRCP,0,,,a,
ASN00041110,19570502,PRCP,0,,,a,
ASN00041110,19570503,PRCP,0,,,a,
ASN00041110,19570504,PRCP,0,,,a,
ASN00041110,19570505,PRCP,0,,,a,
ASN00041110,19570506,PRCP,0,,,a,
ASN00041110,19570507,PRCP,0,,,a,
ASN00041110,19570508,PRCP,0,,,a,
ASN00041110,19570509,PRCP,0,,,a,
ASN00041110,19570510,PRCP,0,,,a,
ASN00041110,19570511,PRCP,0,,,a,
ASN00041110,19570512,PRCP,0,,,a,
ASN00041110,19570513,PRCP,0,,,a,
ASN00041110,19570514,PRCP,0,,,a,
ASN00041110,19570515,PRCP,0,,,a,
ASN00041110,19570516,PRCP,0,,,a,
ASN00041110,19570517,PRCP,0,,,a,
ASN00041110,19570518,PRCP,0,,,a,
ASN00041110,19570519,PRCP,0,,,a,
ASN00041110,19570520,PRCP,0,,,a,
ASN00041110,19570521,PRCP,0,,,a,
ASN00041110,19570522,PRCP,0,,,a,
ASN00041110,19570523,PRCP,0,,,a,
ASN00041110,19570524,PRCP,0,,,a,
ASN00041110,19570525,PRCP,0,,,a,
ASN00041110,19570526,PRCP,0,,,a,
ASN00041110,19570527,PRCP,0,,,a,
ASN00041110,19570528,PRCP,0,,,a,
ASN00041110,19570529,PRCP,0,,,a,
ASN00041110,19570530,PRCP,3,,,a,
ASN00041110,19570531,PRCP,0,,,a,
ASN00041110,19570601,PRCP,0,,,a,
ASN00041110,19570602,PRCP,0,,,a,
ASN00041110,19570603,PRCP,0,,,a,
ASN00041110,19570604,PRCP,0,,,a,
ASN00041110,19570605,PRCP,0,,,a,
ASN00041110,19570606,PRCP,0,,,a,
ASN00041110,19570607,PRCP,0,,,a,
ASN00041110,19570608,PRCP,0,,,a,
ASN00041110,19570609,PRCP,0,,,a,
ASN00041110,19570610,PRCP,0,,,a,
ASN00041110,19570611,PRCP,0,,,a,
ASN00041110,19570612,PRCP,0,,,a,
ASN00041110,19570613,PRCP,0,,,a,
ASN00041110,19570614,PRCP,0,,,a,
ASN00041110,19570615,PRCP,0,,,a,
ASN00041110,19570616,PRCP,0,,,a,
ASN00041110,19570617,PRCP,0,,,a,
ASN00041110,19570618,PRCP,0,,,a,
ASN00041110,19570619,PRCP,0,,,a,
ASN00041110,19570620,PRCP,0,,,a,
ASN00041110,19570621,PRCP,312,,,a,
ASN00041110,19570622,PRCP,23,,,a,
ASN00041110,19570623,PRCP,0,,,a,
ASN00041110,19570624,PRCP,0,,,a,
ASN00041110,19570625,PRCP,0,,,a,
ASN00041110,19570626,PRCP,0,,,a,
ASN00041110,19570627,PRCP,0,,,a,
ASN00041110,19570628,PRCP,0,,,a,
ASN00041110,19570629,PRCP,0,,,a,
ASN00041110,19570630,PRCP,0,,,a,
ASN00041110,19570701,PRCP,104,,,a,
ASN00041110,19570702,PRCP,216,,,a,
ASN00041110,19570703,PRCP,0,,,a,
ASN00041110,19570704,PRCP,0,,,a,
ASN00041110,19570705,PRCP,0,,,a,
ASN00041110,19570706,PRCP,0,,,a,
ASN00041110,19570707,PRCP,48,,,a,
ASN00041110,19570708,PRCP,0,,,a,
ASN00041110,19570709,PRCP,0,,,a,
ASN00041110,19570710,PRCP,0,,,a,
ASN00041110,19570711,PRCP,0,,,a,
ASN00041110,19570712,PRCP,0,,,a,
ASN00041110,19570713,PRCP,0,,,a,
ASN00041110,19570714,PRCP,0,,,a,
ASN00041110,19570715,PRCP,0,,,a,
ASN00041110,19570716,PRCP,0,,,a,
ASN00041110,19570717,PRCP,0,,,a,
ASN00041110,19570718,PRCP,0,,,a,
ASN00041110,19570719,PRCP,0,,,a,
ASN00041110,19570720,PRCP,0,,,a,
ASN00041110,19570721,PRCP,0,,,a,
ASN00041110,19570722,PRCP,0,,,a,
ASN00041110,19570723,PRCP,0,,,a,
ASN00041110,19570724,PRCP,0,,,a,
ASN00041110,19570725,PRCP,0,,,a,
ASN00041110,19570726,PRCP,0,,,a,
ASN00041110,19570727,PRCP,94,,,a,
ASN00041110,19570728,PRCP,0,,,a,
ASN00041110,19570729,PRCP,0,,,a,
ASN00041110,19570730,PRCP,0,,,a,
ASN00041110,19570731,PRCP,0,,,a,
ASN00041110,19570801,PRCP,0,,,a,
ASN00041110,19570802,PRCP,0,,,a,
ASN00041110,19570803,PRCP,0,,,a,
ASN00041110,19570804,PRCP,0,,,a,
ASN00041110,19570805,PRCP,0,,,a,
ASN00041110,19570806,PRCP,0,,,a,
ASN00041110,19570807,PRCP,0,,,a,
ASN00041110,19570808,PRCP,15,,,a,
ASN00041110,19570809,PRCP,0,,,a,
ASN00041110,19570810,PRCP,0,,,a,
ASN00041110,19570811,PRCP,0,,,a,
ASN00041110,19570812,PRCP,0,,,a,
ASN00041110,19570813,PRCP,0,,,a,
ASN00041110,19570814,PRCP,0,,,a,
ASN00041110,19570815,PRCP,0,,,a,
ASN00041110,19570816,PRCP,23,,,a,
ASN00041110,19570817,PRCP,0,,,a,
ASN00041110,19570818,PRCP,0,,,a,
ASN00041110,19570819,PRCP,0,,,a,
ASN00041110,19570820,PRCP,0,,,a,
ASN00041110,19570821,PRCP,0,,,a,
ASN00041110,19570822,PRCP,0,,,a,
ASN00041110,19570823,PRCP,30,,,a,
ASN00041110,19570824,PRCP,0,,,a,
ASN00041110,19570825,PRCP,0,,,a,
ASN00041110,19570826,PRCP,130,,,a,
ASN00041110,19570827,PRCP,0,,,a,
ASN00041110,19570828,PRCP,0,,,a,
ASN00041110,19570829,PRCP,0,,,a,
ASN00041110,19570830,PRCP,0,,,a,
ASN00041110,19570831,PRCP,0,,,a,
ASN00041110,19570901,PRCP,0,,,a,
ASN00041110,19570902,PRCP,0,,,a,
ASN00041110,19570903,PRCP,0,,,a,
ASN00041110,19570904,PRCP,0,,,a,
ASN00041110,19570905,PRCP,0,,,a,
ASN00041110,19570906,PRCP,0,,,a,
ASN00041110,19570907,PRCP,71,,,a,
ASN00041110,19570908,PRCP,0,,,a,
ASN00041110,19570909,PRCP,0,,,a,
ASN00041110,19570910,PRCP,0,,,a,
ASN00041110,19570911,PRCP,0,,,a,
ASN00041110,19570912,PRCP,0,,,a,
ASN00041110,19570913,PRCP,0,,,a,
ASN00041110,19570914,PRCP,0,,,a,
ASN00041110,19570915,PRCP,0,,,a,
ASN00041110,19570916,PRCP,0,,,a,
ASN00041110,19570917,PRCP,0,,,a,
ASN00041110,19570918,PRCP,0,,,a,
ASN00041110,19570919,PRCP,0,,,a,
ASN00041110,19570920,PRCP,0,,,a,
ASN00041110,19570921,PRCP,0,,,a,
ASN00041110,19570922,PRCP,0,,,a,
ASN00041110,19570923,PRCP,0,,,a,
ASN00041110,19570924,PRCP,0,,,a,
ASN00041110,19570925,PRCP,0,,,a,
ASN00041110,19570926,PRCP,0,,,a,
ASN00041110,19570927,PRCP,0,,,a,
ASN00041110,19570928,PRCP,0,,,a,
ASN00041110,19570929,PRCP,0,,,a,
ASN00041110,19570930,PRCP,0,,,a,
ASN00041110,19571001,PRCP,0,,,a,
ASN00041110,19571002,PRCP,0,,,a,
ASN00041110,19571003,PRCP,0,,,a,
ASN00041110,19571004,PRCP,0,,,a,
ASN00041110,19571005,PRCP,0,,,a,
ASN00041110,19571006,PRCP,0,,,a,
ASN00041110,19571007,PRCP,64,,,a,
ASN00041110,19571008,PRCP,0,,,a,
ASN00041110,19571009,PRCP,0,,,a,
ASN00041110,19571010,PRCP,0,,,a,
ASN00041110,19571011,PRCP,0,,,a,
ASN00041110,19571012,PRCP,0,,,a,
ASN00041110,19571013,PRCP,0,,,a,
ASN00041110,19571014,PRCP,0,,,a,
ASN00041110,19571015,PRCP,0,,,a,
ASN00041110,19571016,PRCP,0,,,a,
ASN00041110,19571017,PRCP,0,,,a,
ASN00041110,19571018,PRCP,0,,,a,
ASN00041110,19571019,PRCP,0,,,a,
ASN00041110,19571020,PRCP,0,,,a,
ASN00041110,19571021,PRCP,0,,,a,
ASN00041110,19571022,PRCP,0,,,a,
ASN00041110,19571023,PRCP,0,,,a,
ASN00041110,19571024,PRCP,0,,,a,
ASN00041110,19571025,PRCP,0,,,a,
ASN00041110,19571026,PRCP,0,,,a,
ASN00041110,19571027,PRCP,76,,,a,
ASN00041110,19571028,PRCP,13,,,a,
ASN00041110,19571029,PRCP,36,,,a,
ASN00041110,19571030,PRCP,163,,,a,
ASN00041110,19571031,PRCP,25,,,a,
ASN00041110,19571101,PRCP,0,,,a,
ASN00041110,19571102,PRCP,0,,,a,
ASN00041110,19571103,PRCP,0,,,a,
ASN00041110,19571104,PRCP,5,,,a,
ASN00041110,19571105,PRCP,5,,,a,
ASN00041110,19571106,PRCP,0,,,a,
ASN00041110,19571107,PRCP,0,,,a,
ASN00041110,19571108,PRCP,0,,,a,
ASN00041110,19571109,PRCP,0,,,a,
ASN00041110,19571110,PRCP,0,,,a,
ASN00041110,19571111,PRCP,0,,,a,
ASN00041110,19571112,PRCP,0,,,a,
ASN00041110,19571113,PRCP,0,,,a,
ASN00041110,19571114,PRCP,0,,,a,
ASN00041110,19571115,PRCP,0,,,a,
ASN00041110,19571116,PRCP,0,,,a,
ASN00041110,19571117,PRCP,3,,,a,
ASN00041110,19571118,PRCP,104,,,a,
ASN00041110,19571119,PRCP,0,,,a,
ASN00041110,19571120,PRCP,0,,,a,
ASN00041110,19571121,PRCP,0,,,a,
ASN00041110,19571122,PRCP,0,,,a,
ASN00041110,19571123,PRCP,0,,,a,
ASN00041110,19571124,PRCP,0,,,a,
ASN00041110,19571125,PRCP,0,,,a,
ASN00041110,19571126,PRCP,20,,,a,
ASN00041110,19571127,PRCP,0,,,a,
ASN00041110,19571128,PRCP,0,,,a,
ASN00041110,19571129,PRCP,0,,,a,
ASN00041110,19571130,PRCP,0,,,a,
ASN00041110,19571201,PRCP,0,,,a,
ASN00041110,19571202,PRCP,0,,,a,
ASN00041110,19571203,PRCP,0,,,a,
ASN00041110,19571204,PRCP,0,,,a,
ASN00041110,19571205,PRCP,0,,,a,
ASN00041110,19571206,PRCP,0,,,a,
ASN00041110,19571207,PRCP,0,,,a,
ASN00041110,19571208,PRCP,0,,,a,
ASN00041110,19571209,PRCP,0,,,a,
ASN00041110,19571210,PRCP,0,,,a,
ASN00041110,19571211,PRCP,46,,,a,
ASN00041110,19571212,PRCP,0,,,a,
ASN00041110,19571213,PRCP,0,,,a,
ASN00041110,19571214,PRCP,0,,,a,
ASN00041110,19571215,PRCP,0,,,a,
ASN00041110,19571216,PRCP,0,,,a,
ASN00041110,19571217,PRCP,84,,,a,
ASN00041110,19571218,PRCP,0,,,a,
ASN00041110,19571219,PRCP,0,,,a,
ASN00041110,19571220,PRCP,0,,,a,
ASN00041110,19571221,PRCP,0,,,a,
ASN00041110,19571222,PRCP,0,,,a,
ASN00041110,19571223,PRCP,0,,,a,
ASN00041110,19571224,PRCP,0,,,a,
ASN00041110,19571225,PRCP,0,,,a,
ASN00041110,19571226,PRCP,0,,,a,
ASN00041110,19571227,PRCP,0,,,a,
ASN00041110,19571228,PRCP,25,,,a,
ASN00041110,19571229,PRCP,0,,,a,
ASN00041110,19571230,PRCP,0,,,a,
ASN00041110,19571231,PRCP,0,,,a,
ASN00041110,19580101,PRCP,262,,,a,
ASN00041110,19580102,PRCP,0,,,a,
ASN00041110,19580103,PRCP,0,,,a,
ASN00041110,19580104,PRCP,0,,,a,
ASN00041110,19580105,PRCP,0,,,a,
ASN00041110,19580106,PRCP,0,,,a,
ASN00041110,19580107,PRCP,0,,,a,
ASN00041110,19580108,PRCP,0,,,a,
ASN00041110,19580109,PRCP,0,,,a,
ASN00041110,19580110,PRCP,0,,,a,
ASN00041110,19580111,PRCP,0,,,a,
ASN00041110,19580112,PRCP,0,,,a,
ASN00041110,19580113,PRCP,0,,,a,
ASN00041110,19580114,PRCP,0,,,a,
ASN00041110,19580115,PRCP,0,,,a,
ASN00041110,19580116,PRCP,0,,,a,
ASN00041110,19580117,PRCP,0,,,a,
ASN00041110,19580118,PRCP,0,,,a,
ASN00041110,19580119,PRCP,0,,,a,
ASN00041110,19580120,PRCP,145,,,a,
ASN00041110,19580121,PRCP,0,,,a,
ASN00041110,19580122,PRCP,58,,,a,
ASN00041110,19580123,PRCP,0,,,a,
ASN00041110,19580124,PRCP,0,,,a,
ASN00041110,19580125,PRCP,221,,,a,
ASN00041110,19580126,PRCP,28,,,a,
ASN00041110,19580127,PRCP,0,,,a,
ASN00041110,19580128,PRCP,0,,,a,
ASN00041110,19580129,PRCP,0,,,a,
ASN00041110,19580130,PRCP,25,,,a,
ASN00041110,19580131,PRCP,135,,,a,
ASN00041110,19580201,PRCP,0,,,a,
ASN00041110,19580202,PRCP,127,,,a,
ASN00041110,19580203,PRCP,0,,,a,
ASN00041110,19580204,PRCP,0,,,a,
ASN00041110,19580205,PRCP,0,,,a,
ASN00041110,19580206,PRCP,0,,,a,
ASN00041110,19580207,PRCP,0,,,a,
ASN00041110,19580208,PRCP,69,,,a,
ASN00041110,19580209,PRCP,114,,,a,
ASN00041110,19580210,PRCP,0,,,a,
ASN00041110,19580211,PRCP,0,,,a,
ASN00041110,19580212,PRCP,0,,,a,
ASN00041110,19580213,PRCP,0,,,a,
ASN00041110,19580214,PRCP,0,,,a,
ASN00041110,19580215,PRCP,0,,,a,
ASN00041110,19580216,PRCP,0,,,a,
ASN00041110,19580217,PRCP,0,,,a,
ASN00041110,19580218,PRCP,0,,,a,
ASN00041110,19580219,PRCP,0,,,a,
ASN00041110,19580220,PRCP,0,,,a,
ASN00041110,19580221,PRCP,86,,,a,
ASN00041110,19580222,PRCP,0,,,a,
ASN00041110,19580223,PRCP,0,,,a,
ASN00041110,19580224,PRCP,0,,,a,
ASN00041110,19580225,PRCP,0,,,a,
ASN00041110,19580226,PRCP,0,,,a,
ASN00041110,19580227,PRCP,0,,,a,
ASN00041110,19580228,PRCP,0,,,a,
ASN00041110,19580301,PRCP,0,,,a,
ASN00041110,19580302,PRCP,0,,,a,
ASN00041110,19580303,PRCP,0,,,a,
ASN00041110,19580304,PRCP,33,,,a,
ASN00041110,19580305,PRCP,18,,,a,
ASN00041110,19580306,PRCP,130,,,a,
ASN00041110,19580307,PRCP,0,,,a,
ASN00041110,19580308,PRCP,0,,,a,
ASN00041110,19580309,PRCP,51,,,a,
ASN00041110,19580310,PRCP,406,,,a,
ASN00041110,19580311,PRCP,0,,,a,
ASN00041110,19580312,PRCP,99,,,a,
ASN00041110,19580313,PRCP,13,,,a,
ASN00041110,19580314,PRCP,0,,,a,
ASN00041110,19580315,PRCP,0,,,a,
ASN00041110,19580316,PRCP,0,,,a,
ASN00041110,19580317,PRCP,0,,,a,
ASN00041110,19580318,PRCP,0,,,a,
ASN00041110,19580319,PRCP,0,,,a,
ASN00041110,19580320,PRCP,0,,,a,
ASN00041110,19580321,PRCP,8,,,a,
ASN00041110,19580322,PRCP,0,,,a,
ASN00041110,19580323,PRCP,0,,,a,
ASN00041110,19580324,PRCP,0,,,a,
ASN00041110,19580325,PRCP,0,,,a,
ASN00041110,19580326,PRCP,0,,,a,
ASN00041110,19580327,PRCP,0,,,a,
ASN00041110,19580328,PRCP,0,,,a,
ASN00041110,19580329,PRCP,0,,,a,
ASN00041110,19580330,PRCP,155,,,a,
ASN00041110,19580331,PRCP,0,,,a,
ASN00041110,19580401,PRCP,74,,,a,
ASN00041110,19580402,PRCP,0,,,a,
ASN00041110,19580403,PRCP,229,,,a,
ASN00041110,19580404,PRCP,66,,,a,
ASN00041110,19580405,PRCP,0,,,a,
ASN00041110,19580406,PRCP,0,,,a,
ASN00041110,19580407,PRCP,0,,,a,
ASN00041110,19580408,PRCP,0,,,a,
ASN00041110,19580409,PRCP,0,,,a,
ASN00041110,19580410,PRCP,51,,,a,
ASN00041110,19580411,PRCP,0,,,a,
ASN00041110,19580412,PRCP,0,,,a,
ASN00041110,19580413,PRCP,0,,,a,
ASN00041110,19580414,PRCP,0,,,a,
ASN00041110,19580415,PRCP,0,,,a,
ASN00041110,19580416,PRCP,94,,,a,
ASN00041110,19580417,PRCP,0,,,a,
ASN00041110,19580418,PRCP,0,,,a,
ASN00041110,19580419,PRCP,0,,,a,
ASN00041110,19580420,PRCP,0,,,a,
ASN00041110,19580421,PRCP,0,,,a,
ASN00041110,19580422,PRCP,0,,,a,
ASN00041110,19580423,PRCP,0,,,a,
ASN00041110,19580424,PRCP,0,,,a,
ASN00041110,19580425,PRCP,0,,,a,
ASN00041110,19580426,PRCP,0,,,a,
ASN00041110,19580427,PRCP,0,,,a,
ASN00041110,19580428,PRCP,0,,,a,
ASN00041110,19580429,PRCP,0,,,a,
ASN00041110,19580430,PRCP,0,,,a,
ASN00041110,19580501,PRCP,0,,,a,
ASN00041110,19580502,PRCP,0,,,a,
ASN00041110,19580503,PRCP,0,,,a,
ASN00041110,19580504,PRCP,0,,,a,
ASN00041110,19580505,PRCP,0,,,a,
ASN00041110,19580506,PRCP,0,,,a,
ASN00041110,19580507,PRCP,0,,,a,
ASN00041110,19580508,PRCP,0,,,a,
ASN00041110,19580509,PRCP,0,,,a,
ASN00041110,19580510,PRCP,0,,,a,
ASN00041110,19580511,PRCP,0,,,a,
ASN00041110,19580512,PRCP,0,,,a,
ASN00041110,19580513,PRCP,0,,,a,
ASN00041110,19580514,PRCP,0,,,a,
ASN00041110,19580515,PRCP,0,,,a,
ASN00041110,19580516,PRCP,0,,,a,
ASN00041110,19580517,PRCP,0,,,a,
ASN00041110,19580518,PRCP,0,,,a,
ASN00041110,19580519,PRCP,0,,,a,
ASN00041110,19580520,PRCP,0,,,a,
ASN00041110,19580521,PRCP,0,,,a,
ASN00041110,19580522,PRCP,0,,,a,
ASN00041110,19580523,PRCP,38,,,a,
ASN00041110,19580524,PRCP,0,,,a,
ASN00041110,19580525,PRCP,0,,,a,
ASN00041110,19580526,PRCP,0,,,a,
ASN00041110,19580527,PRCP,0,,,a,
ASN00041110,19580528,PRCP,0,,,a,
ASN00041110,19580529,PRCP,0,,,a,
ASN00041110,19580530,PRCP,0,,,a,
ASN00041110,19580531,PRCP,0,,,a,
ASN00041110,19580601,PRCP,0,,,a,
ASN00041110,19580602,PRCP,71,,,a,
ASN00041110,19580603,PRCP,0,,,a,
ASN00041110,19580604,PRCP,0,,,a,
ASN00041110,19580605,PRCP,0,,,a,
ASN00041110,19580606,PRCP,0,,,a,
ASN00041110,19580607,PRCP,0,,,a,
ASN00041110,19580608,PRCP,69,,,a,
ASN00041110,19580609,PRCP,142,,,a,
ASN00041110,19580610,PRCP,310,,,a,
ASN00041110,19580611,PRCP,203,,,a,
ASN00041110,19580612,PRCP,0,,,a,
ASN00041110,19580613,PRCP,0,,,a,
ASN00041110,19580614,PRCP,0,,,a,
ASN00041110,19580615,PRCP,0,,,a,
ASN00041110,19580616,PRCP,0,,,a,
ASN00041110,19580617,PRCP,0,,,a,
ASN00041110,19580618,PRCP,0,,,a,
ASN00041110,19580619,PRCP,0,,,a,
ASN00041110,19580620,PRCP,0,,,a,
ASN00041110,19580621,PRCP,0,,,a,
ASN00041110,19580622,PRCP,0,,,a,
ASN00041110,19580623,PRCP,0,,,a,
ASN00041110,19580624,PRCP,0,,,a,
ASN00041110,19580625,PRCP,36,,,a,
ASN00041110,19580626,PRCP,0,,,a,
ASN00041110,19580627,PRCP,0,,,a,
ASN00041110,19580628,PRCP,0,,,a,
ASN00041110,19580629,PRCP,206,,,a,
ASN00041110,19580630,PRCP,0,,,a,
ASN00041110,19580701,PRCP,0,,,a,
ASN00041110,19580702,PRCP,10,,,a,
ASN00041110,19580703,PRCP,0,,,a,
ASN00041110,19580704,PRCP,0,,,a,
ASN00041110,19580705,PRCP,0,,,a,
ASN00041110,19580706,PRCP,0,,,a,
ASN00041110,19580707,PRCP,0,,,a,
ASN00041110,19580708,PRCP,0,,,a,
ASN00041110,19580709,PRCP,0,,,a,
ASN00041110,19580710,PRCP,0,,,a,
ASN00041110,19580711,PRCP,0,,,a,
ASN00041110,19580712,PRCP,0,,,a,
ASN00041110,19580713,PRCP,0,,,a,
ASN00041110,19580714,PRCP,0,,,a,
ASN00041110,19580715,PRCP,0,,,a,
ASN00041110,19580716,PRCP,0,,,a,
ASN00041110,19580717,PRCP,234,,,a,
ASN00041110,19580718,PRCP,0,,,a,
ASN00041110,19580719,PRCP,0,,,a,
ASN00041110,19580720,PRCP,0,,,a,
ASN00041110,19580721,PRCP,0,,,a,
ASN00041110,19580722,PRCP,0,,,a,
ASN00041110,19580723,PRCP,0,,,a,
ASN00041110,19580724,PRCP,0,,,a,
ASN00041110,19580725,PRCP,0,,,a,
ASN00041110,19580726,PRCP,0,,,a,
ASN00041110,19580727,PRCP,0,,,a,
ASN00041110,19580728,PRCP,0,,,a,
ASN00041110,19580729,PRCP,0,,,a,
ASN00041110,19580730,PRCP,0,,,a,
ASN00041110,19580731,PRCP,0,,,a,
ASN00041110,19580801,PRCP,0,,,a,
ASN00041110,19580802,PRCP,0,,,a,
ASN00041110,19580803,PRCP,0,,,a,
ASN00041110,19580804,PRCP,147,,,a,
ASN00041110,19580805,PRCP,81,,,a,
ASN00041110,19580806,PRCP,0,,,a,
ASN00041110,19580807,PRCP,0,,,a,
ASN00041110,19580808,PRCP,79,,,a,
ASN00041110,19580809,PRCP,0,,,a,
ASN00041110,19580810,PRCP,0,,,a,
ASN00041110,19580811,PRCP,0,,,a,
ASN00041110,19580812,PRCP,0,,,a,
ASN00041110,19580813,PRCP,0,,,a,
ASN00041110,19580814,PRCP,0,,,a,
ASN00041110,19580815,PRCP,0,,,a,
ASN00041110,19580816,PRCP,0,,,a,
ASN00041110,19580817,PRCP,0,,,a,
ASN00041110,19580818,PRCP,0,,,a,
ASN00041110,19580819,PRCP,0,,,a,
ASN00041110,19580820,PRCP,0,,,a,
ASN00041110,19580821,PRCP,0,,,a,
ASN00041110,19580822,PRCP,0,,,a,
ASN00041110,19580823,PRCP,0,,,a,
ASN00041110,19580824,PRCP,0,,,a,
ASN00041110,19580825,PRCP,0,,,a,
ASN00041110,19580826,PRCP,94,,,a,
ASN00041110,19580827,PRCP,0,,,a,
ASN00041110,19580828,PRCP,0,,,a,
ASN00041110,19580829,PRCP,0,,,a,
ASN00041110,19580830,PRCP,0,,,a,
ASN00041110,19580831,PRCP,0,,,a,
ASN00041110,19580901,PRCP,0,,,a,
ASN00041110,19580902,PRCP,0,,,a,
ASN00041110,19580903,PRCP,244,,,a,
ASN00041110,19580904,PRCP,0,,,a,
ASN00041110,19580905,PRCP,0,,,a,
ASN00041110,19580906,PRCP,0,,,a,
ASN00041110,19580907,PRCP,0,,,a,
ASN00041110,19580908,PRCP,0,,,a,
ASN00041110,19580909,PRCP,0,,,a,
ASN00041110,19580910,PRCP,0,,,a,
ASN00041110,19580911,PRCP,36,,,a,
ASN00041110,19580912,PRCP,0,,,a,
ASN00041110,19580913,PRCP,0,,,a,
ASN00041110,19580914,PRCP,0,,,a,
ASN00041110,19580915,PRCP,0,,,a,
ASN00041110,19580916,PRCP,0,,,a,
ASN00041110,19580917,PRCP,0,,,a,
ASN00041110,19580918,PRCP,0,,,a,
ASN00041110,19580919,PRCP,0,,,a,
ASN00041110,19580920,PRCP,0,,,a,
ASN00041110,19580921,PRCP,0,,,a,
ASN00041110,19580922,PRCP,0,,,a,
ASN00041110,19580923,PRCP,0,,,a,
ASN00041110,19580924,PRCP,0,,,a,
ASN00041110,19580925,PRCP,0,,,a,
ASN00041110,19580926,PRCP,0,,,a,
ASN00041110,19580927,PRCP,0,,,a,
ASN00041110,19580928,PRCP,58,,,a,
ASN00041110,19580929,PRCP,0,,,a,
ASN00041110,19580930,PRCP,0,,,a,
ASN00041110,19581001,PRCP,0,,,a,
ASN00041110,19581002,PRCP,0,,,a,
ASN00041110,19581003,PRCP,0,,,a,
ASN00041110,19581004,PRCP,0,,,a,
ASN00041110,19581005,PRCP,0,,,a,
ASN00041110,19581006,PRCP,0,,,a,
ASN00041110,19581007,PRCP,574,,,a,
ASN00041110,19581008,PRCP,15,,,a,
ASN00041110,19581009,PRCP,0,,,a,
ASN00041110,19581010,PRCP,0,,,a,
ASN00041110,19581011,PRCP,94,,,a,
ASN00041110,19581012,PRCP,0,,,a,
ASN00041110,19581013,PRCP,0,,,a,
ASN00041110,19581014,PRCP,0,,,a,
ASN00041110,19581015,PRCP,0,,,a,
ASN00041110,19581016,PRCP,0,,,a,
ASN00041110,19581017,PRCP,340,,,a,
ASN00041110,19581018,PRCP,0,,,a,
ASN00041110,19581019,PRCP,0,,,a,
ASN00041110,19581020,PRCP,0,,,a,
ASN00041110,19581021,PRCP,0,,,a,
ASN00041110,19581022,PRCP,0,,,a,
ASN00041110,19581023,PRCP,0,,,a,
ASN00041110,19581024,PRCP,0,,,a,
ASN00041110,19581025,PRCP,0,,,a,
ASN00041110,19581026,PRCP,0,,,a,
ASN00041110,19581027,PRCP,0,,,a,
ASN00041110,19581028,PRCP,0,,,a,
ASN00041110,19581029,PRCP,0,,,a,
ASN00041110,19581030,PRCP,0,,,a,
ASN00041110,19581031,PRCP,0,,,a,
ASN00041110,19581101,PRCP,0,,,a,
ASN00041110,19581102,PRCP,0,,,a,
ASN00041110,19581103,PRCP,0,,,a,
ASN00041110,19581104,PRCP,51,,,a,
ASN00041110,19581105,PRCP,13,,,a,
ASN00041110,19581106,PRCP,0,,,a,
ASN00041110,19581107,PRCP,0,,,a,
ASN00041110,19581108,PRCP,0,,,a,
ASN00041110,19581109,PRCP,178,,,a,
ASN00041110,19581110,PRCP,0,,,a,
ASN00041110,19581111,PRCP,0,,,a,
ASN00041110,19581112,PRCP,0,,,a,
ASN00041110,19581113,PRCP,0,,,a,
ASN00041110,19581114,PRCP,135,,,a,
ASN00041110,19581115,PRCP,0,,,a,
ASN00041110,19581116,PRCP,0,,,a,
ASN00041110,19581117,PRCP,0,,,a,
ASN00041110,19581118,PRCP,0,,,a,
ASN00041110,19581119,PRCP,0,,,a,
ASN00041110,19581120,PRCP,0,,,a,
ASN00041110,19581121,PRCP,0,,,a,
ASN00041110,19581122,PRCP,0,,,a,
ASN00041110,19581123,PRCP,0,,,a,
ASN00041110,19581124,PRCP,0,,,a,
ASN00041110,19581125,PRCP,0,,,a,
ASN00041110,19581126,PRCP,0,,,a,
ASN00041110,19581127,PRCP,0,,,a,
ASN00041110,19581128,PRCP,13,,,a,
ASN00041110,19581129,PRCP,0,,,a,
ASN00041110,19581130,PRCP,0,,,a,
ASN00041110,19581201,PRCP,0,,,a,
ASN00041110,19581202,PRCP,0,,,a,
ASN00041110,19581203,PRCP,15,,,a,
ASN00041110,19581204,PRCP,15,,,a,
ASN00041110,19581205,PRCP,0,,,a,
ASN00041110,19581206,PRCP,0,,,a,
ASN00041110,19581207,PRCP,0,,,a,
ASN00041110,19581208,PRCP,0,,,a,
ASN00041110,19581209,PRCP,0,,,a,
ASN00041110,19581210,PRCP,28,,,a,
ASN00041110,19581211,PRCP,0,,,a,
ASN00041110,19581212,PRCP,0,,,a,
ASN00041110,19581213,PRCP,0,,,a,
ASN00041110,19581214,PRCP,0,,,a,
ASN00041110,19581215,PRCP,0,,,a,
ASN00041110,19581216,PRCP,46,,,a,
ASN00041110,19581217,PRCP,23,,,a,
ASN00041110,19581218,PRCP,0,,,a,
ASN00041110,19581219,PRCP,152,,,a,
ASN00041110,19581220,PRCP,0,,,a,
ASN00041110,19581221,PRCP,51,,,a,
ASN00041110,19581222,PRCP,33,,,a,
ASN00041110,19581223,PRCP,0,,,a,
ASN00041110,19581224,PRCP,0,,,a,
ASN00041110,19581225,PRCP,0,,,a,
ASN00041110,19581226,PRCP,36,,,a,
ASN00041110,19581227,PRCP,10,,,a,
ASN00041110,19581228,PRCP,0,,,a,
ASN00041110,19581229,PRCP,43,,,a,
ASN00041110,19581230,PRCP,0,,,a,
ASN00041110,19581231,PRCP,0,,,a,
ASN00041110,19590101,PRCP,0,,,a,
ASN00041110,19590102,PRCP,0,,,a,
ASN00041110,19590103,PRCP,97,,,a,
ASN00041110,19590104,PRCP,0,,,a,
ASN00041110,19590105,PRCP,168,,,a,
ASN00041110,19590106,PRCP,0,,,a,
ASN00041110,19590107,PRCP,0,,,a,
ASN00041110,19590108,PRCP,0,,,a,
ASN00041110,19590109,PRCP,36,,,a,
ASN00041110,19590110,PRCP,0,,,a,
ASN00041110,19590111,PRCP,33,,,a,
ASN00041110,19590112,PRCP,135,,,a,
ASN00041110,19590113,PRCP,23,,,a,
ASN00041110,19590114,PRCP,0,,,a,
ASN00041110,19590115,PRCP,0,,,a,
ASN00041110,19590116,PRCP,0,,,a,
ASN00041110,19590117,PRCP,0,,,a,
ASN00041110,19590118,PRCP,0,,,a,
ASN00041110,19590119,PRCP,0,,,a,
ASN00041110,19590120,PRCP,0,,,a,
ASN00041110,19590121,PRCP,0,,,a,
ASN00041110,19590122,PRCP,76,,,a,
ASN00041110,19590123,PRCP,137,,,a,
ASN00041110,19590124,PRCP,15,,,a,
ASN00041110,19590125,PRCP,0,,,a,
ASN00041110,19590126,PRCP,0,,,a,
ASN00041110,19590127,PRCP,0,,,a,
ASN00041110,19590128,PRCP,33,,,a,
ASN00041110,19590129,PRCP,0,,,a,
ASN00041110,19590130,PRCP,0,,,a,
ASN00041110,19590131,PRCP,0,,,a,
ASN00041110,19590201,PRCP,0,,,a,
ASN00041110,19590202,PRCP,0,,,a,
ASN00041110,19590203,PRCP,0,,,a,
ASN00041110,19590204,PRCP,0,,,a,
ASN00041110,19590205,PRCP,0,,,a,
ASN00041110,19590206,PRCP,0,,,a,
ASN00041110,19590207,PRCP,0,,,a,
ASN00041110,19590208,PRCP,0,,,a,
ASN00041110,19590209,PRCP,0,,,a,
ASN00041110,19590210,PRCP,175,,,a,
ASN00041110,19590211,PRCP,41,,,a,
ASN00041110,19590212,PRCP,56,,,a,
ASN00041110,19590213,PRCP,0,,,a,
ASN00041110,19590214,PRCP,0,,,a,
ASN00041110,19590215,PRCP,572,,,a,
ASN00041110,19590216,PRCP,99,,,a,
ASN00041110,19590217,PRCP,91,,,a,
ASN00041110,19590218,PRCP,1062,,,a,
ASN00041110,19590219,PRCP,0,,,a,
ASN00041110,19590220,PRCP,0,,,a,
ASN00041110,19590221,PRCP,0,,,a,
ASN00041110,19590222,PRCP,0,,,a,
ASN00041110,19590223,PRCP,0,,,a,
ASN00041110,19590224,PRCP,0,,,a,
ASN00041110,19590225,PRCP,0,,,a,
ASN00041110,19590226,PRCP,0,,,a,
ASN00041110,19590227,PRCP,0,,,a,
ASN00041110,19590228,PRCP,0,,,a,
ASN00041110,19590301,PRCP,0,,,a,
ASN00041110,19590302,PRCP,0,,,a,
ASN00041110,19590303,PRCP,0,,,a,
ASN00041110,19590304,PRCP,0,,,a,
ASN00041110,19590305,PRCP,0,,,a,
ASN00041110,19590306,PRCP,0,,,a,
ASN00041110,19590307,PRCP,0,,,a,
ASN00041110,19590308,PRCP,0,,,a,
ASN00041110,19590309,PRCP,0,,,a,
ASN00041110,19590310,PRCP,0,,,a,
ASN00041110,19590311,PRCP,0,,,a,
ASN00041110,19590312,PRCP,0,,,a,
ASN00041110,19590313,PRCP,0,,,a,
ASN00041110,19590314,PRCP,0,,,a,
ASN00041110,19590315,PRCP,0,,,a,
ASN00041110,19590316,PRCP,0,,,a,
ASN00041110,19590317,PRCP,0,,,a,
ASN00041110,19590318,PRCP,0,,,a,
ASN00041110,19590319,PRCP,254,,,a,
ASN00041110,19590320,PRCP,0,,,a,
ASN00041110,19590321,PRCP,0,,,a,
ASN00041110,19590322,PRCP,0,,,a,
ASN00041110,19590323,PRCP,0,,,a,
ASN00041110,19590324,PRCP,0,,,a,
ASN00041110,19590325,PRCP,0,,,a,
ASN00041110,19590326,PRCP,0,,,a,
ASN00041110,19590327,PRCP,25,,,a,
ASN00041110,19590328,PRCP,0,,,a,
ASN00041110,19590329,PRCP,178,,,a,
ASN00041110,19590330,PRCP,0,,,a,
ASN00041110,19590331,PRCP,0,,,a,
ASN00041110,19590401,PRCP,0,,,a,
ASN00041110,19590402,PRCP,0,,,a,
ASN00041110,19590403,PRCP,0,,,a,
ASN00041110,19590404,PRCP,0,,,a,
ASN00041110,19590405,PRCP,0,,,a,
ASN00041110,19590406,PRCP,0,,,a,
ASN00041110,19590407,PRCP,0,,,a,
ASN00041110,19590408,PRCP,0,,,a,
ASN00041110,19590409,PRCP,0,,,a,
ASN00041110,19590410,PRCP,0,,,a,
ASN00041110,19590411,PRCP,0,,,a,
ASN00041110,19590412,PRCP,0,,,a,
ASN00041110,19590413,PRCP,0,,,a,
ASN00041110,19590414,PRCP,0,,,a,
ASN00041110,19590415,PRCP,0,,,a,
ASN00041110,19590416,PRCP,0,,,a,
ASN00041110,19590417,PRCP,0,,,a,
ASN00041110,19590418,PRCP,0,,,a,
ASN00041110,19590419,PRCP,0,,,a,
ASN00041110,19590420,PRCP,0,,,a,
ASN00041110,19590421,PRCP,0,,,a,
ASN00041110,19590422,PRCP,0,,,a,
ASN00041110,19590423,PRCP,0,,,a,
ASN00041110,19590424,PRCP,0,,,a,
ASN00041110,19590425,PRCP,0,,,a,
ASN00041110,19590426,PRCP,0,,,a,
ASN00041110,19590427,PRCP,43,,,a,
ASN00041110,19590428,PRCP,0,,,a,
ASN00041110,19590429,PRCP,0,,,a,
ASN00041110,19590430,PRCP,0,,,a,
ASN00041110,19590501,PRCP,0,,,a,
ASN00041110,19590502,PRCP,0,,,a,
ASN00041110,19590503,PRCP,0,,,a,
ASN00041110,19590504,PRCP,0,,,a,
ASN00041110,19590505,PRCP,28,,,a,
ASN00041110,19590506,PRCP,0,,,a,
ASN00041110,19590507,PRCP,0,,,a,
ASN00041110,19590508,PRCP,0,,,a,
ASN00041110,19590509,PRCP,0,,,a,
ASN00041110,19590510,PRCP,0,,,a,
ASN00041110,19590511,PRCP,0,,,a,
ASN00041110,19590512,PRCP,0,,,a,
ASN00041110,19590513,PRCP,0,,,a,
ASN00041110,19590514,PRCP,0,,,a,
ASN00041110,19590515,PRCP,0,,,a,
ASN00041110,19590516,PRCP,0,,,a,
ASN00041110,19590517,PRCP,0,,,a,
ASN00041110,19590518,PRCP,0,,,a,
ASN00041110,19590519,PRCP,0,,,a,
ASN00041110,19590520,PRCP,0,,,a,
ASN00041110,19590521,PRCP,114,,,a,
ASN00041110,19590522,PRCP,13,,,a,
ASN00041110,19590523,PRCP,0,,,a,
ASN00041110,19590524,PRCP,81,,,a,
ASN00041110,19590525,PRCP,51,,,a,
ASN00041110,19590526,PRCP,0,,,a,
ASN00041110,19590527,PRCP,0,,,a,
ASN00041110,19590528,PRCP,0,,,a,
ASN00041110,19590529,PRCP,0,,,a,
ASN00041110,19590530,PRCP,0,,,a,
ASN00041110,19590531,PRCP,0,,,a,
ASN00041110,19590601,PRCP,0,,,a,
ASN00041110,19590602,PRCP,0,,,a,
ASN00041110,19590603,PRCP,0,,,a,
ASN00041110,19590604,PRCP,0,,,a,
ASN00041110,19590605,PRCP,0,,,a,
ASN00041110,19590606,PRCP,0,,,a,
ASN00041110,19590607,PRCP,71,,,a,
ASN00041110,19590608,PRCP,0,,,a,
ASN00041110,19590609,PRCP,0,,,a,
ASN00041110,19590610,PRCP,0,,,a,
ASN00041110,19590611,PRCP,0,,,a,
ASN00041110,19590612,PRCP,0,,,a,
ASN00041110,19590613,PRCP,0,,,a,
ASN00041110,19590614,PRCP,0,,,a,
ASN00041110,19590615,PRCP,0,,,a,
ASN00041110,19590616,PRCP,0,,,a,
ASN00041110,19590617,PRCP,0,,,a,
ASN00041110,19590618,PRCP,0,,,a,
ASN00041110,19590619,PRCP,15,,,a,
ASN00041110,19590620,PRCP,0,,,a,
ASN00041110,19590621,PRCP,0,,,a,
ASN00041110,19590622,PRCP,0,,,a,
ASN00041110,19590623,PRCP,0,,,a,
ASN00041110,19590624,PRCP,0,,,a,
ASN00041110,19590625,PRCP,0,,,a,
ASN00041110,19590626,PRCP,0,,,a,
ASN00041110,19590627,PRCP,0,,,a,
ASN00041110,19590628,PRCP,0,,,a,
ASN00041110,19590629,PRCP,0,,,a,
ASN00041110,19590630,PRCP,0,,,a,
ASN00041110,19590701,PRCP,0,,,a,
ASN00041110,19590702,PRCP,0,,,a,
ASN00041110,19590703,PRCP,0,,,a,
ASN00041110,19590704,PRCP,0,,,a,
ASN00041110,19590705,PRCP,0,,,a,
ASN00041110,19590706,PRCP,0,,,a,
ASN00041110,19590707,PRCP,41,,,a,
ASN00041110,19590708,PRCP,5,,,a,
ASN00041110,19590709,PRCP,0,,,a,
ASN00041110,19590710,PRCP,0,,,a,
ASN00041110,19590711,PRCP,0,,,a,
ASN00041110,19590712,PRCP,0,,,a,
ASN00041110,19590713,PRCP,0,,,a,
ASN00041110,19590714,PRCP,10,,,a,
ASN00041110,19590715,PRCP,51,,,a,
ASN00041110,19590716,PRCP,0,,,a,
ASN00041110,19590717,PRCP,0,,,a,
ASN00041110,19590718,PRCP,0,,,a,
ASN00041110,19590719,PRCP,107,,,a,
ASN00041110,19590720,PRCP,76,,,a,
ASN00041110,19590721,PRCP,107,,,a,
ASN00041110,19590722,PRCP,0,,,a,
ASN00041110,19590723,PRCP,0,,,a,
ASN00041110,19590724,PRCP,0,,,a,
ASN00041110,19590725,PRCP,0,,,a,
ASN00041110,19590726,PRCP,0,,,a,
ASN00041110,19590727,PRCP,0,,,a,
ASN00041110,19590728,PRCP,0,,,a,
ASN00041110,19590729,PRCP,0,,,a,
ASN00041110,19590730,PRCP,0,,,a,
ASN00041110,19590731,PRCP,23,,,a,
ASN00041110,19590801,PRCP,0,,,a,
ASN00041110,19590802,PRCP,0,,,a,
ASN00041110,19590803,PRCP,0,,,a,
ASN00041110,19590804,PRCP,0,,,a,
ASN00041110,19590805,PRCP,0,,,a,
ASN00041110,19590806,PRCP,0,,,a,
ASN00041110,19590807,PRCP,0,,,a,
ASN00041110,19590808,PRCP,0,,,a,
ASN00041110,19590809,PRCP,0,,,a,
ASN00041110,19590810,PRCP,0,,,a,
ASN00041110,19590811,PRCP,0,,,a,
ASN00041110,19590812,PRCP,0,,,a,
ASN00041110,19590813,PRCP,0,,,a,
ASN00041110,19590814,PRCP,0,,,a,
ASN00041110,19590815,PRCP,0,,,a,
ASN00041110,19590816,PRCP,0,,,a,
ASN00041110,19590817,PRCP,0,,,a,
ASN00041110,19590818,PRCP,0,,,a,
ASN00041110,19590819,PRCP,0,,,a,
ASN00041110,19590820,PRCP,0,,,a,
ASN00041110,19590821,PRCP,0,,,a,
ASN00041110,19590822,PRCP,0,,,a,
ASN00041110,19590823,PRCP,0,,,a,
ASN00041110,19590824,PRCP,0,,,a,
ASN00041110,19590825,PRCP,0,,,a,
ASN00041110,19590826,PRCP,0,,,a,
ASN00041110,19590827,PRCP,0,,,a,
ASN00041110,19590828,PRCP,0,,,a,
ASN00041110,19590829,PRCP,0,,,a,
ASN00041110,19590830,PRCP,0,,,a,
ASN00041110,19590831,PRCP,0,,,a,
ASN00041110,19590901,PRCP,0,,,a,
ASN00041110,19590902,PRCP,0,,,a,
ASN00041110,19590903,PRCP,0,,,a,
ASN00041110,19590904,PRCP,0,,,a,
ASN00041110,19590905,PRCP,0,,,a,
ASN00041110,19590906,PRCP,0,,,a,
ASN00041110,19590907,PRCP,0,,,a,
ASN00041110,19590908,PRCP,0,,,a,
ASN00041110,19590909,PRCP,0,,,a,
ASN00041110,19590910,PRCP,0,,,a,
ASN00041110,19590911,PRCP,0,,,a,
ASN00041110,19590912,PRCP,0,,,a,
ASN00041110,19590913,PRCP,33,,,a,
ASN00041110,19590914,PRCP,0,,,a,
ASN00041110,19590915,PRCP,0,,,a,
ASN00041110,19590916,PRCP,0,,,a,
ASN00041110,19590917,PRCP,0,,,a,
ASN00041110,19590918,PRCP,0,,,a,
ASN00041110,19590919,PRCP,0,,,a,
ASN00041110,19590920,PRCP,97,,,a,
ASN00041110,19590921,PRCP,0,,,a,
ASN00041110,19590922,PRCP,0,,,a,
ASN00041110,19590923,PRCP,0,,,a,
ASN00041110,19590924,PRCP,0,,,a,
ASN00041110,19590925,PRCP,0,,,a,
ASN00041110,19590926,PRCP,15,,,a,
ASN00041110,19590927,PRCP,23,,,a,
ASN00041110,19590928,PRCP,0,,,a,
ASN00041110,19590929,PRCP,0,,,a,
ASN00041110,19590930,PRCP,0,,,a,
ASN00041110,19591001,PRCP,0,,,a,
ASN00041110,19591002,PRCP,0,,,a,
ASN00041110,19591003,PRCP,0,,,a,
ASN00041110,19591004,PRCP,104,,,a,
ASN00041110,19591005,PRCP,61,,,a,
ASN00041110,19591006,PRCP,41,,,a,
ASN00041110,19591007,PRCP,0,,,a,
ASN00041110,19591008,PRCP,0,,,a,
ASN00041110,19591009,PRCP,0,,,a,
ASN00041110,19591010,PRCP,152,,,a,
ASN00041110,19591011,PRCP,0,,,a,
ASN00041110,19591012,PRCP,0,,,a,
ASN00041110,19591013,PRCP,0,,,a,
ASN00041110,19591014,PRCP,0,,,a,
ASN00041110,19591015,PRCP,0,,,a,
ASN00041110,19591016,PRCP,18,,,a,
ASN00041110,19591017,PRCP,467,,,a,
ASN00041110,19591018,PRCP,0,,,a,
ASN00041110,19591019,PRCP,0,,,a,
ASN00041110,19591020,PRCP,38,,,a,
ASN00041110,19591021,PRCP,0,,,a,
ASN00041110,19591022,PRCP,0,,,a,
ASN00041110,19591023,PRCP,0,,,a,
ASN00041110,19591024,PRCP,0,,,a,
ASN00041110,19591025,PRCP,0,,,a,
ASN00041110,19591026,PRCP,0,,,a,
ASN00041110,19591027,PRCP,0,,,a,
ASN00041110,19591028,PRCP,0,,,a,
ASN00041110,19591029,PRCP,0,,,a,
ASN00041110,19591030,PRCP,81,,,a,
ASN00041110,19591031,PRCP,46,,,a,
ASN00041110,19591101,PRCP,267,,,a,
ASN00041110,19591102,PRCP,0,,,a,
ASN00041110,19591103,PRCP,0,,,a,
ASN00041110,19591104,PRCP,0,,,a,
ASN00041110,19591105,PRCP,0,,,a,
ASN00041110,19591106,PRCP,0,,,a,
ASN00041110,19591107,PRCP,0,,,a,
ASN00041110,19591108,PRCP,0,,,a,
ASN00041110,19591109,PRCP,0,,,a,
ASN00041110,19591110,PRCP,0,,,a,
ASN00041110,19591111,PRCP,335,,,a,
ASN00041110,19591112,PRCP,41,,,a,
ASN00041110,19591113,PRCP,81,,,a,
ASN00041110,19591114,PRCP,0,,,a,
ASN00041110,19591115,PRCP,20,,,a,
ASN00041110,19591116,PRCP,0,,,a,
ASN00041110,19591117,PRCP,0,,,a,
ASN00041110,19591118,PRCP,64,,,a,
ASN00041110,19591119,PRCP,0,,,a,
ASN00041110,19591120,PRCP,0,,,a,
ASN00041110,19591121,PRCP,0,,,a,
ASN00041110,19591122,PRCP,0,,,a,
ASN00041110,19591123,PRCP,0,,,a,
ASN00041110,19591124,PRCP,0,,,a,
ASN00041110,19591125,PRCP,0,,,a,
ASN00041110,19591126,PRCP,0,,,a,
ASN00041110,19591127,PRCP,0,,,a,
ASN00041110,19591128,PRCP,0,,,a,
ASN00041110,19591129,PRCP,0,,,a,
ASN00041110,19591130,PRCP,0,,,a,
ASN00041110,19591201,PRCP,130,,,a,
ASN00041110,19591202,PRCP,13,,,a,
ASN00041110,19591203,PRCP,0,,,a,
ASN00041110,19591204,PRCP,0,,,a,
ASN00041110,19591205,PRCP,0,,,a,
ASN00041110,19591206,PRCP,0,,,a,
ASN00041110,19591207,PRCP,69,,,a,
ASN00041110,19591208,PRCP,699,,,a,
ASN00041110,19591209,PRCP,0,,,a,
ASN00041110,19591210,PRCP,0,,,a,
ASN00041110,19591211,PRCP,0,,,a,
ASN00041110,19591212,PRCP,0,,,a,
ASN00041110,19591213,PRCP,0,,,a,
ASN00041110,19591214,PRCP,0,,,a,
ASN00041110,19591215,PRCP,0,,,a,
ASN00041110,19591216,PRCP,0,,,a,
ASN00041110,19591217,PRCP,0,,,a,
ASN00041110,19591218,PRCP,84,,,a,
ASN00041110,19591219,PRCP,0,,,a,
ASN00041110,19591220,PRCP,0,,,a,
ASN00041110,19591221,PRCP,0,,,a,
ASN00041110,19591222,PRCP,292,,,a,
ASN00041110,19591223,PRCP,244,,,a,
ASN00041110,19591224,PRCP,0,,,a,
ASN00041110,19591225,PRCP,0,,,a,
ASN00041110,19591226,PRCP,0,,,a,
ASN00041110,19591227,PRCP,0,,,a,
ASN00041110,19591228,PRCP,114,,,a,
ASN00041110,19591229,PRCP,0,,,a,
ASN00041110,19591230,PRCP,0,,,a,
ASN00041110,19591231,PRCP,0,,,a,
ASN00041110,19600101,PRCP,0,,,a,
ASN00041110,19600102,PRCP,0,,,a,
ASN00041110,19600103,PRCP,0,,,a,
ASN00041110,19600104,PRCP,0,,,a,
ASN00041110,19600105,PRCP,0,,,a,
ASN00041110,19600106,PRCP,28,,,a,
ASN00041110,19600107,PRCP,0,,,a,
ASN00041110,19600108,PRCP,0,,,a,
ASN00041110,19600109,PRCP,0,,,a,
ASN00041110,19600110,PRCP,0,,,a,
ASN00041110,19600111,PRCP,0,,,a,
ASN00041110,19600112,PRCP,0,,,a,
ASN00041110,19600113,PRCP,0,,,a,
ASN00041110,19600114,PRCP,0,,,a,
ASN00041110,19600115,PRCP,0,,,a,
ASN00041110,19600116,PRCP,0,,,a,
ASN00041110,19600117,PRCP,0,,,a,
ASN00041110,19600118,PRCP,0,,,a,
ASN00041110,19600119,PRCP,0,,,a,
ASN00041110,19600120,PRCP,69,,,a,
ASN00041110,19600121,PRCP,0,,,a,
ASN00041110,19600122,PRCP,135,,,a,
ASN00041110,19600123,PRCP,0,,,a,
ASN00041110,19600124,PRCP,0,,,a,
ASN00041110,19600125,PRCP,0,,,a,
ASN00041110,19600126,PRCP,0,,,a,
ASN00041110,19600127,PRCP,0,,,a,
ASN00041110,19600128,PRCP,0,,,a,
ASN00041110,19600129,PRCP,0,,,a,
ASN00041110,19600130,PRCP,0,,,a,
ASN00041110,19600131,PRCP,0,,,a,
ASN00041110,19600201,PRCP,0,,,a,
ASN00041110,19600202,PRCP,0,,,a,
ASN00041110,19600203,PRCP,0,,,a,
ASN00041110,19600204,PRCP,0,,,a,
ASN00041110,19600205,PRCP,0,,,a,
ASN00041110,19600206,PRCP,213,,,a,
ASN00041110,19600207,PRCP,297,,,a,
ASN00041110,19600208,PRCP,0,,,a,
ASN00041110,19600209,PRCP,0,,,a,
ASN00041110,19600210,PRCP,0,,,a,
ASN00041110,19600211,PRCP,0,,,a,
ASN00041110,19600212,PRCP,0,,,a,
ASN00041110,19600213,PRCP,0,,,a,
ASN00041110,19600214,PRCP,0,,,a,
ASN00041110,19600215,PRCP,66,,,a,
ASN00041110,19600216,PRCP,0,,,a,
ASN00041110,19600217,PRCP,0,,,a,
ASN00041110,19600218,PRCP,274,,,a,
ASN00041110,19600219,PRCP,0,,,a,
ASN00041110,19600220,PRCP,0,,,a,
ASN00041110,19600221,PRCP,0,,,a,
ASN00041110,19600222,PRCP,0,,,a,
ASN00041110,19600223,PRCP,0,,,a,
ASN00041110,19600224,PRCP,0,,,a,
ASN00041110,19600225,PRCP,89,,,a,
ASN00041110,19600226,PRCP,0,,,a,
ASN00041110,19600227,PRCP,0,,,a,
ASN00041110,19600228,PRCP,0,,,a,
ASN00041110,19600229,PRCP,0,,,a,
ASN00041110,19600301,PRCP,0,,,a,
ASN00041110,19600302,PRCP,0,,,a,
ASN00041110,19600303,PRCP,0,,,a,
ASN00041110,19600304,PRCP,0,,,a,
ASN00041110,19600305,PRCP,0,,,a,
ASN00041110,19600306,PRCP,0,,,a,
ASN00041110,19600307,PRCP,0,,,a,
ASN00041110,19600308,PRCP,0,,,a,
ASN00041110,19600309,PRCP,0,,,a,
ASN00041110,19600310,PRCP,0,,,a,
ASN00041110,19600311,PRCP,0,,,a,
ASN00041110,19600312,PRCP,109,,,a,
ASN00041110,19600313,PRCP,0,,,a,
ASN00041110,19600314,PRCP,0,,,a,
ASN00041110,19600315,PRCP,279,,,a,
ASN00041110,19600316,PRCP,0,,,a,
ASN00041110,19600317,PRCP,0,,,a,
ASN00041110,19600318,PRCP,0,,,a,
ASN00041110,19600319,PRCP,0,,,a,
ASN00041110,19600320,PRCP,0,,,a,
ASN00041110,19600321,PRCP,0,,,a,
ASN00041110,19600322,PRCP,0,,,a,
ASN00041110,19600323,PRCP,0,,,a,
ASN00041110,19600324,PRCP,0,,,a,
ASN00041110,19600325,PRCP,0,,,a,
ASN00041110,19600326,PRCP,0,,,a,
ASN00041110,19600327,PRCP,0,,,a,
ASN00041110,19600328,PRCP,0,,,a,
ASN00041110,19600329,PRCP,0,,,a,
ASN00041110,19600330,PRCP,0,,,a,
ASN00041110,19600331,PRCP,0,,,a,
ASN00041110,19600401,PRCP,0,,,a,
ASN00041110,19600402,PRCP,0,,,a,
ASN00041110,19600403,PRCP,0,,,a,
ASN00041110,19600404,PRCP,0,,,a,
ASN00041110,19600405,PRCP,0,,,a,
ASN00041110,19600406,PRCP,0,,,a,
ASN00041110,19600407,PRCP,0,,,a,
ASN00041110,19600408,PRCP,0,,,a,
ASN00041110,19600409,PRCP,0,,,a,
ASN00041110,19600410,PRCP,0,,,a,
ASN00041110,19600411,PRCP,0,,,a,
ASN00041110,19600412,PRCP,0,,,a,
ASN00041110,19600413,PRCP,0,,,a,
ASN00041110,19600414,PRCP,0,,,a,
ASN00041110,19600415,PRCP,0,,,a,
ASN00041110,19600416,PRCP,0,,,a,
ASN00041110,19600417,PRCP,0,,,a,
ASN00041110,19600418,PRCP,0,,,a,
ASN00041110,19600419,PRCP,0,,,a,
ASN00041110,19600420,PRCP,246,,,a,
ASN00041110,19600421,PRCP,0,,,a,
ASN00041110,19600422,PRCP,58,,,a,
ASN00041110,19600423,PRCP,0,,,a,
ASN00041110,19600424,PRCP,0,,,a,
ASN00041110,19600425,PRCP,0,,,a,
ASN00041110,19600426,PRCP,0,,,a,
ASN00041110,19600427,PRCP,0,,,a,
ASN00041110,19600428,PRCP,48,,,a,
ASN00041110,19600429,PRCP,0,,,a,
ASN00041110,19600430,PRCP,0,,,a,
ASN00041110,19600501,PRCP,0,,,a,
ASN00041110,19600502,PRCP,122,,,a,
ASN00041110,19600503,PRCP,0,,,a,
ASN00041110,19600504,PRCP,0,,,a,
ASN00041110,19600505,PRCP,0,,,a,
ASN00041110,19600506,PRCP,0,,,a,
ASN00041110,19600507,PRCP,0,,,a,
ASN00041110,19600508,PRCP,0,,,a,
ASN00041110,19600509,PRCP,0,,,a,
ASN00041110,19600510,PRCP,0,,,a,
ASN00041110,19600511,PRCP,0,,,a,
ASN00041110,19600512,PRCP,0,,,a,
ASN00041110,19600513,PRCP,142,,,a,
ASN00041110,19600514,PRCP,0,,,a,
ASN00041110,19600515,PRCP,0,,,a,
ASN00041110,19600516,PRCP,0,,,a,
ASN00041110,19600517,PRCP,0,,,a,
ASN00041110,19600518,PRCP,0,,,a,
ASN00041110,19600519,PRCP,0,,,a,
ASN00041110,19600520,PRCP,0,,,a,
ASN00041110,19600521,PRCP,0,,,a,
ASN00041110,19600522,PRCP,0,,,a,
ASN00041110,19600523,PRCP,0,,,a,
ASN00041110,19600524,PRCP,0,,,a,
ASN00041110,19600525,PRCP,0,,,a,
ASN00041110,19600526,PRCP,0,,,a,
ASN00041110,19600527,PRCP,0,,,a,
ASN00041110,19600528,PRCP,0,,,a,
ASN00041110,19600529,PRCP,0,,,a,
ASN00041110,19600530,PRCP,0,,,a,
ASN00041110,19600531,PRCP,0,,,a,
ASN00041110,19600601,PRCP,0,,,a,
ASN00041110,19600602,PRCP,0,,,a,
ASN00041110,19600603,PRCP,0,,,a,
ASN00041110,19600604,PRCP,0,,,a,
ASN00041110,19600605,PRCP,0,,,a,
ASN00041110,19600606,PRCP,58,,,a,
ASN00041110,19600607,PRCP,0,,,a,
ASN00041110,19600608,PRCP,0,,,a,
ASN00041110,19600609,PRCP,0,,,a,
ASN00041110,19600610,PRCP,0,,,a,
ASN00041110,19600611,PRCP,0,,,a,
ASN00041110,19600612,PRCP,0,,,a,
ASN00041110,19600613,PRCP,0,,,a,
ASN00041110,19600614,PRCP,0,,,a,
ASN00041110,19600615,PRCP,0,,,a,
ASN00041110,19600616,PRCP,79,,,a,
ASN00041110,19600617,PRCP,0,,,a,
ASN00041110,19600618,PRCP,0,,,a,
ASN00041110,19600619,PRCP,0,,,a,
ASN00041110,19600620,PRCP,0,,,a,
ASN00041110,19600621,PRCP,0,,,a,
ASN00041110,19600622,PRCP,43,,,a,
ASN00041110,19600623,PRCP,132,,,a,
ASN00041110,19600624,PRCP,0,,,a,
ASN00041110,19600625,PRCP,0,,,a,
ASN00041110,19600626,PRCP,0,,,a,
ASN00041110,19600627,PRCP,0,,,a,
ASN00041110,19600628,PRCP,0,,,a,
ASN00041110,19600629,PRCP,0,,,a,
ASN00041110,19600630,PRCP,0,,,a,
ASN00041110,19600701,PRCP,0,,,a,
ASN00041110,19600702,PRCP,0,,,a,
ASN00041110,19600703,PRCP,0,,,a,
ASN00041110,19600704,PRCP,28,,,a,
ASN00041110,19600705,PRCP,0,,,a,
ASN00041110,19600706,PRCP,0,,,a,
ASN00041110,19600707,PRCP,0,,,a,
ASN00041110,19600708,PRCP,0,,,a,
ASN00041110,19600709,PRCP,0,,,a,
ASN00041110,19600710,PRCP,0,,,a,
ASN00041110,19600711,PRCP,112,,,a,
ASN00041110,19600712,PRCP,46,,,a,
ASN00041110,19600713,PRCP,0,,,a,
ASN00041110,19600714,PRCP,0,,,a,
ASN00041110,19600715,PRCP,0,,,a,
ASN00041110,19600716,PRCP,0,,,a,
ASN00041110,19600717,PRCP,0,,,a,
ASN00041110,19600718,PRCP,0,,,a,
ASN00041110,19600719,PRCP,0,,,a,
ASN00041110,19600720,PRCP,0,,,a,
ASN00041110,19600721,PRCP,0,,,a,
ASN00041110,19600722,PRCP,0,,,a,
ASN00041110,19600723,PRCP,0,,,a,
ASN00041110,19600724,PRCP,0,,,a,
ASN00041110,19600725,PRCP,0,,,a,
ASN00041110,19600726,PRCP,0,,,a,
ASN00041110,19600727,PRCP,0,,,a,
ASN00041110,19600728,PRCP,0,,,a,
ASN00041110,19600729,PRCP,0,,,a,
ASN00041110,19600730,PRCP,0,,,a,
ASN00041110,19600731,PRCP,0,,,a,
ASN00041110,19600801,PRCP,0,,,a,
ASN00041110,19600802,PRCP,239,,,a,
ASN00041110,19600803,PRCP,89,,,a,
ASN00041110,19600804,PRCP,0,,,a,
ASN00041110,19600805,PRCP,0,,,a,
ASN00041110,19600806,PRCP,0,,,a,
ASN00041110,19600807,PRCP,0,,,a,
ASN00041110,19600808,PRCP,0,,,a,
ASN00041110,19600809,PRCP,0,,,a,
ASN00041110,19600810,PRCP,0,,,a,
ASN00041110,19600811,PRCP,0,,,a,
ASN00041110,19600812,PRCP,0,,,a,
ASN00041110,19600813,PRCP,0,,,a,
ASN00041110,19600814,PRCP,0,,,a,
ASN00041110,19600815,PRCP,0,,,a,
ASN00041110,19600816,PRCP,0,,,a,
ASN00041110,19600817,PRCP,0,,,a,
ASN00041110,19600818,PRCP,0,,,a,
ASN00041110,19600819,PRCP,0,,,a,
ASN00041110,19600820,PRCP,0,,,a,
ASN00041110,19600821,PRCP,0,,,a,
ASN00041110,19600822,PRCP,0,,,a,
ASN00041110,19600823,PRCP,0,,,a,
ASN00041110,19600824,PRCP,0,,,a,
ASN00041110,19600825,PRCP,0,,,a,
ASN00041110,19600826,PRCP,0,,,a,
ASN00041110,19600827,PRCP,0,,,a,
ASN00041110,19600828,PRCP,0,,,a,
ASN00041110,19600829,PRCP,0,,,a,
ASN00041110,19600830,PRCP,0,,,a,
ASN00041110,19600831,PRCP,0,,,a,
ASN00041110,19600901,PRCP,0,,,a,
ASN00041110,19600902,PRCP,0,,,a,
ASN00041110,19600903,PRCP,0,,,a,
ASN00041110,19600904,PRCP,0,,,a,
ASN00041110,19600905,PRCP,0,,,a,
ASN00041110,19600906,PRCP,0,,,a,
ASN00041110,19600907,PRCP,0,,,a,
ASN00041110,19600908,PRCP,0,,,a,
ASN00041110,19600909,PRCP,0,,,a,
ASN00041110,19600910,PRCP,0,,,a,
ASN00041110,19600911,PRCP,0,,,a,
ASN00041110,19600912,PRCP,0,,,a,
ASN00041110,19600913,PRCP,0,,,a,
ASN00041110,19600914,PRCP,0,,,a,
ASN00041110,19600915,PRCP,0,,,a,
ASN00041110,19600916,PRCP,0,,,a,
ASN00041110,19600917,PRCP,0,,,a,
ASN00041110,19600918,PRCP,0,,,a,
ASN00041110,19600919,PRCP,0,,,a,
ASN00041110,19600920,PRCP,0,,,a,
ASN00041110,19600921,PRCP,0,,,a,
ASN00041110,19600922,PRCP,0,,,a,
ASN00041110,19600923,PRCP,8,,,a,
ASN00041110,19600924,PRCP,41,,,a,
ASN00041110,19600925,PRCP,20,,,a,
ASN00041110,19600926,PRCP,0,,,a,
ASN00041110,19600927,PRCP,0,,,a,
ASN00041110,19600928,PRCP,0,,,a,
ASN00041110,19600929,PRCP,0,,,a,
ASN00041110,19600930,PRCP,0,,,a,
ASN00041110,19601001,PRCP,0,,,a,
ASN00041110,19601002,PRCP,0,,,a,
ASN00041110,19601003,PRCP,0,,,a,
ASN00041110,19601004,PRCP,0,,,a,
ASN00041110,19601005,PRCP,0,,,a,
ASN00041110,19601006,PRCP,0,,,a,
ASN00041110,19601007,PRCP,0,,,a,
ASN00041110,19601008,PRCP,0,,,a,
ASN00041110,19601009,PRCP,0,,,a,
ASN00041110,19601010,PRCP,0,,,a,
ASN00041110,19601011,PRCP,0,,,a,
ASN00041110,19601012,PRCP,18,,,a,
ASN00041110,19601013,PRCP,0,,,a,
ASN00041110,19601014,PRCP,0,,,a,
ASN00041110,19601015,PRCP,0,,,a,
ASN00041110,19601016,PRCP,25,,,a,
ASN00041110,19601017,PRCP,0,,,a,
ASN00041110,19601018,PRCP,0,,,a,
ASN00041110,19601019,PRCP,81,,,a,
ASN00041110,19601020,PRCP,0,,,a,
ASN00041110,19601021,PRCP,74,,,a,
ASN00041110,19601022,PRCP,89,,,a,
ASN00041110,19601023,PRCP,61,,,a,
ASN00041110,19601024,PRCP,0,,,a,
ASN00041110,19601025,PRCP,0,,,a,
ASN00041110,19601026,PRCP,0,,,a,
ASN00041110,19601027,PRCP,0,,,a,
ASN00041110,19601028,PRCP,0,,,a,
ASN00041110,19601029,PRCP,0,,,a,
ASN00041110,19601030,PRCP,0,,,a,
ASN00041110,19601031,PRCP,0,,,a,
ASN00041110,19601101,PRCP,20,,,a,
ASN00041110,19601102,PRCP,104,,,a,
ASN00041110,19601103,PRCP,0,,,a,
ASN00041110,19601104,PRCP,0,,,a,
ASN00041110,19601105,PRCP,0,,,a,
ASN00041110,19601106,PRCP,0,,,a,
ASN00041110,19601107,PRCP,0,,,a,
ASN00041110,19601108,PRCP,0,,,a,
ASN00041110,19601109,PRCP,0,,,a,
ASN00041110,19601110,PRCP,41,,,a,
ASN00041110,19601111,PRCP,0,,,a,
ASN00041110,19601112,PRCP,0,,,a,
ASN00041110,19601113,PRCP,0,,,a,
ASN00041110,19601114,PRCP,0,,,a,
ASN00041110,19601115,PRCP,0,,,a,
ASN00041110,19601116,PRCP,0,,,a,
ASN00041110,19601117,PRCP,0,,,a,
ASN00041110,19601118,PRCP,0,,,a,
ASN00041110,19601119,PRCP,267,,,a,
ASN00041110,19601120,PRCP,0,,,a,
ASN00041110,19601121,PRCP,0,,,a,
ASN00041110,19601122,PRCP,64,,,a,
ASN00041110,19601123,PRCP,61,,,a,
ASN00041110,19601124,PRCP,0,,,a,
ASN00041110,19601125,PRCP,0,,,a,
ASN00041110,19601126,PRCP,0,,,a,
ASN00041110,19601127,PRCP,86,,,a,
ASN00041110,19601128,PRCP,0,,,a,
ASN00041110,19601129,PRCP,0,,,a,
ASN00041110,19601130,PRCP,0,,,a,
ASN00041110,19601201,PRCP,0,,,a,
ASN00041110,19601202,PRCP,0,,,a,
ASN00041110,19601203,PRCP,0,,,a,
ASN00041110,19601204,PRCP,0,,,a,
ASN00041110,19601205,PRCP,0,,,a,
ASN00041110,19601206,PRCP,0,,,a,
ASN00041110,19601207,PRCP,185,,,a,
ASN00041110,19601208,PRCP,0,,,a,
ASN00041110,19601209,PRCP,0,,,a,
ASN00041110,19601210,PRCP,0,,,a,
ASN00041110,19601211,PRCP,0,,,a,
ASN00041110,19601212,PRCP,0,,,a,
ASN00041110,19601213,PRCP,0,,,a,
ASN00041110,19601214,PRCP,0,,,a,
ASN00041110,19601215,PRCP,0,,,a,
ASN00041110,19601216,PRCP,56,,,a,
ASN00041110,19601217,PRCP,0,,,a,
ASN00041110,19601218,PRCP,0,,,a,
ASN00041110,19601219,PRCP,0,,,a,
ASN00041110,19601220,PRCP,0,,,a,
ASN00041110,19601221,PRCP,0,,,a,
ASN00041110,19601222,PRCP,0,,,a,
ASN00041110,19601223,PRCP,0,,,a,
ASN00041110,19601224,PRCP,0,,,a,
ASN00041110,19601225,PRCP,0,,,a,
ASN00041110,19601226,PRCP,0,,,a,
ASN00041110,19601227,PRCP,0,,,a,
ASN00041110,19601228,PRCP,0,,,a,
ASN00041110,19601229,PRCP,0,,,a,
ASN00041110,19601230,PRCP,0,,,a,
ASN00041110,19601231,PRCP,0,,,a,
ASN00041110,19610101,PRCP,0,,,a,
ASN00041110,19610102,PRCP,0,,,a,
ASN00041110,19610103,PRCP,0,,,a,
ASN00041110,19610104,PRCP,56,,,a,
ASN00041110,19610105,PRCP,0,,,a,
ASN00041110,19610106,PRCP,0,,,a,
ASN00041110,19610107,PRCP,0,,,a,
ASN00041110,19610108,PRCP,0,,,a,
ASN00041110,19610109,PRCP,0,,,a,
ASN00041110,19610110,PRCP,0,,,a,
ASN00041110,19610111,PRCP,0,,,a,
ASN00041110,19610112,PRCP,0,,,a,
ASN00041110,19610113,PRCP,0,,,a,
ASN00041110,19610114,PRCP,0,,,a,
ASN00041110,19610115,PRCP,0,,,a,
ASN00041110,19610116,PRCP,0,,,a,
ASN00041110,19610117,PRCP,277,,,a,
ASN00041110,19610118,PRCP,0,,,a,
ASN00041110,19610119,PRCP,0,,,a,
ASN00041110,19610120,PRCP,0,,,a,
ASN00041110,19610121,PRCP,0,,,a,
ASN00041110,19610122,PRCP,0,,,a,
ASN00041110,19610123,PRCP,0,,,a,
ASN00041110,19610124,PRCP,0,,,a,
ASN00041110,19610125,PRCP,0,,,a,
ASN00041110,19610126,PRCP,0,,,a,
ASN00041110,19610127,PRCP,0,,,a,
ASN00041110,19610128,PRCP,0,,,a,
ASN00041110,19610129,PRCP,0,,,a,
ASN00041110,19610130,PRCP,0,,,a,
ASN00041110,19610131,PRCP,0,,,a,
ASN00041110,19610201,PRCP,36,,,a,
ASN00041110,19610202,PRCP,0,,,a,
ASN00041110,19610203,PRCP,0,,,a,
ASN00041110,19610204,PRCP,0,,,a,
ASN00041110,19610205,PRCP,0,,,a,
ASN00041110,19610206,PRCP,0,,,a,
ASN00041110,19610207,PRCP,0,,,a,
ASN00041110,19610208,PRCP,0,,,a,
ASN00041110,19610209,PRCP,0,,,a,
ASN00041110,19610210,PRCP,76,,,a,
ASN00041110,19610211,PRCP,51,,,a,
ASN00041110,19610212,PRCP,0,,,a,
ASN00041110,19610213,PRCP,0,,,a,
ASN00041110,19610214,PRCP,0,,,a,
ASN00041110,19610215,PRCP,0,,,a,
ASN00041110,19610216,PRCP,0,,,a,
ASN00041110,19610217,PRCP,0,,,a,
ASN00041110,19610218,PRCP,229,,,a,
ASN00041110,19610219,PRCP,198,,,a,
ASN00041110,19610220,PRCP,0,,,a,
ASN00041110,19610221,PRCP,0,,,a,
ASN00041110,19610222,PRCP,0,,,a,
ASN00041110,19610223,PRCP,0,,,a,
ASN00041110,19610224,PRCP,0,,,a,
ASN00041110,19610225,PRCP,0,,,a,
ASN00041110,19610226,PRCP,0,,,a,
ASN00041110,19610227,PRCP,0,,,a,
ASN00041110,19610228,PRCP,0,,,a,
ASN00041110,19610301,PRCP,295,,,a,
ASN00041110,19610302,PRCP,0,,,a,
ASN00041110,19610303,PRCP,0,,,a,
ASN00041110,19610304,PRCP,0,,,a,
ASN00041110,19610305,PRCP,0,,,a,
ASN00041110,19610306,PRCP,0,,,a,
ASN00041110,19610307,PRCP,0,,,a,
ASN00041110,19610308,PRCP,0,,,a,
ASN00041110,19610309,PRCP,0,,,a,
ASN00041110,19610310,PRCP,0,,,a,
ASN00041110,19610311,PRCP,0,,,a,
ASN00041110,19610312,PRCP,508,,,a,
ASN00041110,19610313,PRCP,0,,,a,
ASN00041110,19610314,PRCP,0,,,a,
ASN00041110,19610315,PRCP,0,,,a,
ASN00041110,19610316,PRCP,0,,,a,
ASN00041110,19610317,PRCP,0,,,a,
ASN00041110,19610318,PRCP,0,,,a,
ASN00041110,19610319,PRCP,0,,,a,
ASN00041110,19610320,PRCP,0,,,a,
ASN00041110,19610321,PRCP,0,,,a,
ASN00041110,19610322,PRCP,0,,,a,
ASN00041110,19610323,PRCP,0,,,a,
ASN00041110,19610324,PRCP,0,,,a,
ASN00041110,19610325,PRCP,66,,,a,
ASN00041110,19610326,PRCP,0,,,a,
ASN00041110,19610327,PRCP,0,,,a,
ASN00041110,19610328,PRCP,0,,,a,
ASN00041110,19610329,PRCP,0,,,a,
ASN00041110,19610330,PRCP,0,,,a,
ASN00041110,19610331,PRCP,0,,,a,
ASN00041110,19610401,PRCP,0,,,a,
ASN00041110,19610402,PRCP,0,,,a,
ASN00041110,19610403,PRCP,0,,,a,
ASN00041110,19610404,PRCP,0,,,a,
ASN00041110,19610405,PRCP,0,,,a,
ASN00041110,19610406,PRCP,0,,,a,
ASN00041110,19610407,PRCP,0,,,a,
ASN00041110,19610408,PRCP,0,,,a,
ASN00041110,19610409,PRCP,0,,,a,
ASN00041110,19610410,PRCP,0,,,a,
ASN00041110,19610411,PRCP,0,,,a,
ASN00041110,19610412,PRCP,0,,,a,
ASN00041110,19610413,PRCP,0,,,a,
ASN00041110,19610414,PRCP,0,,,a,
ASN00041110,19610415,PRCP,0,,,a,
ASN00041110,19610416,PRCP,0,,,a,
ASN00041110,19610417,PRCP,0,,,a,
ASN00041110,19610418,PRCP,0,,,a,
ASN00041110,19610419,PRCP,0,,,a,
ASN00041110,19610420,PRCP,0,,,a,
ASN00041110,19610421,PRCP,0,,,a,
ASN00041110,19610422,PRCP,0,,,a,
ASN00041110,19610423,PRCP,0,,,a,
ASN00041110,19610424,PRCP,0,,,a,
ASN00041110,19610425,PRCP,76,,,a,
ASN00041110,19610426,PRCP,0,,,a,
ASN00041110,19610427,PRCP,0,,,a,
ASN00041110,19610428,PRCP,0,,,a,
ASN00041110,19610429,PRCP,0,,,a,
ASN00041110,19610430,PRCP,0,,,a,
ASN00041110,19610501,PRCP,0,,,a,
ASN00041110,19610502,PRCP,0,,,a,
ASN00041110,19610503,PRCP,0,,,a,
ASN00041110,19610504,PRCP,0,,,a,
ASN00041110,19610505,PRCP,0,,,a,
ASN00041110,19610506,PRCP,0,,,a,
ASN00041110,19610507,PRCP,0,,,a,
ASN00041110,19610508,PRCP,0,,,a,
ASN00041110,19610509,PRCP,0,,,a,
ASN00041110,19610510,PRCP,0,,,a,
ASN00041110,19610511,PRCP,0,,,a,
ASN00041110,19610512,PRCP,0,,,a,
ASN00041110,19610513,PRCP,0,,,a,
ASN00041110,19610514,PRCP,0,,,a,
ASN00041110,19610515,PRCP,0,,,a,
ASN00041110,19610516,PRCP,0,,,a,
ASN00041110,19610517,PRCP,0,,,a,
ASN00041110,19610518,PRCP,0,,,a,
ASN00041110,19610519,PRCP,0,,,a,
ASN00041110,19610520,PRCP,0,,,a,
ASN00041110,19610521,PRCP,0,,,a,
ASN00041110,19610522,PRCP,0,,,a,
ASN00041110,19610523,PRCP,0,,,a,
ASN00041110,19610524,PRCP,0,,,a,
ASN00041110,19610525,PRCP,0,,,a,
ASN00041110,19610526,PRCP,0,,,a,
ASN00041110,19610527,PRCP,0,,,a,
ASN00041110,19610528,PRCP,0,,,a,
ASN00041110,19610529,PRCP,330,,,a,
ASN00041110,19610530,PRCP,0,,,a,
ASN00041110,19610531,PRCP,0,,,a,
ASN00041110,19610601,PRCP,0,,,a,
ASN00041110,19610602,PRCP,0,,,a,
ASN00041110,19610603,PRCP,48,,,a,
ASN00041110,19610604,PRCP,53,,,a,
ASN00041110,19610605,PRCP,0,,,a,
ASN00041110,19610606,PRCP,0,,,a,
ASN00041110,19610607,PRCP,0,,,a,
ASN00041110,19610608,PRCP,0,,,a,
ASN00041110,19610609,PRCP,0,,,a,
ASN00041110,19610610,PRCP,0,,,a,
ASN00041110,19610611,PRCP,0,,,a,
ASN00041110,19610612,PRCP,0,,,a,
ASN00041110,19610613,PRCP,13,,,a,
ASN00041110,19610614,PRCP,0,,,a,
ASN00041110,19610615,PRCP,0,,,a,
ASN00041110,19610616,PRCP,0,,,a,
ASN00041110,19610617,PRCP,0,,,a,
ASN00041110,19610618,PRCP,0,,,a,
ASN00041110,19610619,PRCP,0,,,a,
ASN00041110,19610620,PRCP,0,,,a,
ASN00041110,19610621,PRCP,0,,,a,
ASN00041110,19610622,PRCP,0,,,a,
ASN00041110,19610623,PRCP,0,,,a,
ASN00041110,19610624,PRCP,0,,,a,
ASN00041110,19610625,PRCP,0,,,a,
ASN00041110,19610626,PRCP,0,,,a,
ASN00041110,19610627,PRCP,0,,,a,
ASN00041110,19610628,PRCP,0,,,a,
ASN00041110,19610629,PRCP,0,,,a,
ASN00041110,19610630,PRCP,0,,,a,
ASN00041110,19610701,PRCP,30,,,a,
ASN00041110,19610702,PRCP,0,,,a,
ASN00041110,19610703,PRCP,0,,,a,
ASN00041110,19610704,PRCP,0,,,a,
ASN00041110,19610705,PRCP,0,,,a,
ASN00041110,19610706,PRCP,0,,,a,
ASN00041110,19610707,PRCP,0,,,a,
ASN00041110,19610708,PRCP,0,,,a,
ASN00041110,19610709,PRCP,0,,,a,
ASN00041110,19610710,PRCP,0,,,a,
ASN00041110,19610711,PRCP,0,,,a,
ASN00041110,19610712,PRCP,0,,,a,
ASN00041110,19610713,PRCP,0,,,a,
ASN00041110,19610714,PRCP,0,,,a,
ASN00041110,19610715,PRCP,0,,,a,
ASN00041110,19610716,PRCP,0,,,a,
ASN00041110,19610717,PRCP,0,,,a,
ASN00041110,19610718,PRCP,0,,,a,
ASN00041110,19610719,PRCP,0,,,a,
ASN00041110,19610720,PRCP,0,,,a,
ASN00041110,19610721,PRCP,0,,,a,
ASN00041110,19610722,PRCP,0,,,a,
ASN00041110,19610723,PRCP,183,,,a,
ASN00041110,19610724,PRCP,335,,,a,
ASN00041110,19610725,PRCP,0,,,a,
ASN00041110,19610726,PRCP,333,,,a,
ASN00041110,19610727,PRCP,0,,,a,
ASN00041110,19610728,PRCP,0,,,a,
ASN00041110,19610729,PRCP,0,,,a,
ASN00041110,19610730,PRCP,0,,,a,
ASN00041110,19610731,PRCP,0,,,a,
ASN00041110,19610801,PRCP,0,,,a,
ASN00041110,19610802,PRCP,0,,,a,
ASN00041110,19610803,PRCP,135,,,a,
ASN00041110,19610804,PRCP,0,,,a,
ASN00041110,19610805,PRCP,0,,,a,
ASN00041110,19610806,PRCP,0,,,a,
ASN00041110,19610807,PRCP,0,,,a,
ASN00041110,19610808,PRCP,0,,,a,
ASN00041110,19610809,PRCP,0,,,a,
ASN00041110,19610810,PRCP,269,,,a,
ASN00041110,19610811,PRCP,25,,,a,
ASN00041110,19610812,PRCP,0,,,a,
ASN00041110,19610813,PRCP,0,,,a,
ASN00041110,19610814,PRCP,0,,,a,
ASN00041110,19610815,PRCP,0,,,a,
ASN00041110,19610816,PRCP,0,,,a,
ASN00041110,19610817,PRCP,38,,,a,
ASN00041110,19610818,PRCP,0,,,a,
ASN00041110,19610819,PRCP,0,,,a,
ASN00041110,19610820,PRCP,0,,,a,
ASN00041110,19610821,PRCP,0,,,a,
ASN00041110,19610822,PRCP,0,,,a,
ASN00041110,19610823,PRCP,0,,,a,
ASN00041110,19610824,PRCP,0,,,a,
ASN00041110,19610825,PRCP,0,,,a,
ASN00041110,19610826,PRCP,0,,,a,
ASN00041110,19610827,PRCP,0,,,a,
ASN00041110,19610828,PRCP,0,,,a,
ASN00041110,19610829,PRCP,0,,,a,
ASN00041110,19610830,PRCP,0,,,a,
ASN00041110,19610831,PRCP,0,,,a,
ASN00041110,19610901,PRCP,0,,,a,
ASN00041110,19610902,PRCP,0,,,a,
ASN00041110,19610903,PRCP,0,,,a,
ASN00041110,19610904,PRCP,0,,,a,
ASN00041110,19610905,PRCP,0,,,a,
ASN00041110,19610906,PRCP,0,,,a,
ASN00041110,19610907,PRCP,0,,,a,
ASN00041110,19610908,PRCP,0,,,a,
ASN00041110,19610909,PRCP,0,,,a,
ASN00041110,19610910,PRCP,0,,,a,
ASN00041110,19610911,PRCP,0,,,a,
ASN00041110,19610912,PRCP,0,,,a,
ASN00041110,19610913,PRCP,0,,,a,
ASN00041110,19610914,PRCP,0,,,a,
ASN00041110,19610915,PRCP,109,,,a,
ASN00041110,19610916,PRCP,0,,,a,
ASN00041110,19610917,PRCP,0,,,a,
ASN00041110,19610918,PRCP,0,,,a,
ASN00041110,19610919,PRCP,0,,,a,
ASN00041110,19610920,PRCP,0,,,a,
ASN00041110,19610921,PRCP,0,,,a,
ASN00041110,19610922,PRCP,0,,,a,
ASN00041110,19610923,PRCP,0,,,a,
ASN00041110,19610924,PRCP,0,,,a,
ASN00041110,19610925,PRCP,0,,,a,
ASN00041110,19610926,PRCP,0,,,a,
ASN00041110,19610927,PRCP,0,,,a,
ASN00041110,19610928,PRCP,0,,,a,
ASN00041110,19610929,PRCP,0,,,a,
ASN00041110,19610930,PRCP,0,,,a,
ASN00041110,19611001,PRCP,0,,,a,
ASN00041110,19611002,PRCP,0,,,a,
ASN00041110,19611003,PRCP,0,,,a,
ASN00041110,19611004,PRCP,0,,,a,
ASN00041110,19611005,PRCP,0,,,a,
ASN00041110,19611006,PRCP,137,,,a,
ASN00041110,19611007,PRCP,310,,,a,
ASN00041110,19611008,PRCP,0,,,a,
ASN00041110,19611009,PRCP,74,,,a,
ASN00041110,19611010,PRCP,0,,,a,
ASN00041110,19611011,PRCP,0,,,a,
ASN00041110,19611012,PRCP,0,,,a,
ASN00041110,19611013,PRCP,0,,,a,
ASN00041110,19611014,PRCP,0,,,a,
ASN00041110,19611015,PRCP,0,,,a,
ASN00041110,19611016,PRCP,0,,,a,
ASN00041110,19611017,PRCP,168,,,a,
ASN00041110,19611018,PRCP,0,,,a,
ASN00041110,19611019,PRCP,0,,,a,
ASN00041110,19611020,PRCP,0,,,a,
ASN00041110,19611021,PRCP,0,,,a,
ASN00041110,19611022,PRCP,0,,,a,
ASN00041110,19611023,PRCP,0,,,a,
ASN00041110,19611024,PRCP,0,,,a,
ASN00041110,19611025,PRCP,36,,,a,
ASN00041110,19611026,PRCP,0,,,a,
ASN00041110,19611027,PRCP,0,,,a,
ASN00041110,19611028,PRCP,0,,,a,
ASN00041110,19611029,PRCP,0,,,a,
ASN00041110,19611030,PRCP,0,,,a,
ASN00041110,19611031,PRCP,0,,,a,
ASN00041110,19611101,PRCP,0,,,a,
ASN00041110,19611102,PRCP,84,,,a,
ASN00041110,19611103,PRCP,0,,,a,
ASN00041110,19611104,PRCP,0,,,a,
ASN00041110,19611105,PRCP,0,,,a,
ASN00041110,19611106,PRCP,0,,,a,
ASN00041110,19611107,PRCP,0,,,a,
ASN00041110,19611108,PRCP,0,,,a,
ASN00041110,19611109,PRCP,0,,,a,
ASN00041110,19611110,PRCP,239,,,a,
ASN00041110,19611111,PRCP,208,,,a,
ASN00041110,19611112,PRCP,0,,,a,
ASN00041110,19611113,PRCP,0,,,a,
ASN00041110,19611114,PRCP,0,,,a,
ASN00041110,19611115,PRCP,0,,,a,
ASN00041110,19611116,PRCP,0,,,a,
ASN00041110,19611117,PRCP,160,,,a,
ASN00041110,19611118,PRCP,272,,,a,
ASN00041110,19611119,PRCP,0,,,a,
ASN00041110,19611120,PRCP,0,,,a,
ASN00041110,19611121,PRCP,0,,,a,
ASN00041110,19611122,PRCP,38,,,a,
ASN00041110,19611123,PRCP,0,,,a,
ASN00041110,19611124,PRCP,135,,,a,
ASN00041110,19611125,PRCP,0,,,a,
ASN00041110,19611126,PRCP,13,,,a,
ASN00041110,19611127,PRCP,0,,,a,
ASN00041110,19611128,PRCP,262,,,a,
ASN00041110,19611129,PRCP,0,,,a,
ASN00041110,19611130,PRCP,48,,,a,
ASN00041110,19611201,PRCP,124,,,a,
ASN00041110,19611202,PRCP,0,,,a,
ASN00041110,19611203,PRCP,0,,,a,
ASN00041110,19611204,PRCP,0,,,a,
ASN00041110,19611205,PRCP,0,,,a,
ASN00041110,19611206,PRCP,0,,,a,
ASN00041110,19611207,PRCP,0,,,a,
ASN00041110,19611208,PRCP,178,,,a,
ASN00041110,19611209,PRCP,0,,,a,
ASN00041110,19611210,PRCP,0,,,a,
ASN00041110,19611211,PRCP,0,,,a,
ASN00041110,19611212,PRCP,0,,,a,
ASN00041110,19611213,PRCP,0,,,a,
ASN00041110,19611214,PRCP,43,,,a,
ASN00041110,19611215,PRCP,20,,,a,
ASN00041110,19611216,PRCP,0,,,a,
ASN00041110,19611217,PRCP,0,,,a,
ASN00041110,19611218,PRCP,18,,,a,
ASN00041110,19611219,PRCP,0,,,a,
ASN00041110,19611220,PRCP,168,,,a,
ASN00041110,19611221,PRCP,0,,,a,
ASN00041110,19611222,PRCP,0,,,a,
ASN00041110,19611223,PRCP,0,,,a,
ASN00041110,19611224,PRCP,0,,,a,
ASN00041110,19611225,PRCP,0,,,a,
ASN00041110,19611226,PRCP,0,,,a,
ASN00041110,19611227,PRCP,0,,,a,
ASN00041110,19611228,PRCP,0,,,a,
ASN00041110,19611229,PRCP,0,,,a,
ASN00041110,19611230,PRCP,0,,,a,
ASN00041110,19611231,PRCP,0,,,a,
ASN00041110,19620101,PRCP,41,,,a,
ASN00041110,19620102,PRCP,1354,,,a,
ASN00041110,19620103,PRCP,0,,,a,
ASN00041110,19620104,PRCP,20,,,a,
ASN00041110,19620105,PRCP,43,,,a,
ASN00041110,19620106,PRCP,64,,,a,
ASN00041110,19620107,PRCP,0,,,a,
ASN00041110,19620108,PRCP,165,,,a,
ASN00041110,19620109,PRCP,30,,,a,
ASN00041110,19620110,PRCP,0,,,a,
ASN00041110,19620111,PRCP,0,,,a,
ASN00041110,19620112,PRCP,193,,,a,
ASN00041110,19620113,PRCP,231,,,a,
ASN00041110,19620114,PRCP,109,,,a,
ASN00041110,19620115,PRCP,145,,,a,
ASN00041110,19620116,PRCP,86,,,a,
ASN00041110,19620117,PRCP,0,,,a,
ASN00041110,19620118,PRCP,0,,,a,
ASN00041110,19620119,PRCP,0,,,a,
ASN00041110,19620120,PRCP,0,,,a,
ASN00041110,19620121,PRCP,0,,,a,
ASN00041110,19620122,PRCP,0,,,a,
ASN00041110,19620123,PRCP,0,,,a,
ASN00041110,19620124,PRCP,0,,,a,
ASN00041110,19620125,PRCP,0,,,a,
ASN00041110,19620126,PRCP,0,,,a,
ASN00041110,19620127,PRCP,0,,,a,
ASN00041110,19620128,PRCP,0,,,a,
ASN00041110,19620129,PRCP,0,,,a,
ASN00041110,19620130,PRCP,0,,,a,
ASN00041110,19620131,PRCP,0,,,a,
ASN00041110,19620201,PRCP,0,,,a,
ASN00041110,19620202,PRCP,51,,,a,
ASN00041110,19620203,PRCP,0,,,a,
ASN00041110,19620204,PRCP,0,,,a,
ASN00041110,19620205,PRCP,0,,,a,
ASN00041110,19620206,PRCP,0,,,a,
ASN00041110,19620207,PRCP,20,,,a,
ASN00041110,19620208,PRCP,246,,,a,
ASN00041110,19620209,PRCP,0,,,a,
ASN00041110,19620210,PRCP,0,,,a,
ASN00041110,19620211,PRCP,0,,,a,
ASN00041110,19620212,PRCP,61,,,a,
ASN00041110,19620213,PRCP,76,,,a,
ASN00041110,19620214,PRCP,0,,,a,
ASN00041110,19620215,PRCP,0,,,a,
ASN00041110,19620216,PRCP,0,,,a,
ASN00041110,19620217,PRCP,0,,,a,
ASN00041110,19620218,PRCP,0,,,a,
ASN00041110,19620219,PRCP,124,,,a,
ASN00041110,19620220,PRCP,0,,,a,
ASN00041110,19620221,PRCP,0,,,a,
ASN00041110,19620222,PRCP,0,,,a,
ASN00041110,19620223,PRCP,0,,,a,
ASN00041110,19620224,PRCP,0,,,a,
ASN00041110,19620225,PRCP,0,,,a,
ASN00041110,19620226,PRCP,0,,,a,
ASN00041110,19620227,PRCP,0,,,a,
ASN00041110,19620228,PRCP,0,,,a,
ASN00041110,19620301,PRCP,0,,,a,
ASN00041110,19620302,PRCP,0,,,a,
ASN00041110,19620303,PRCP,0,,,a,
ASN00041110,19620304,PRCP,0,,,a,
ASN00041110,19620305,PRCP,0,,,a,
ASN00041110,19620306,PRCP,117,,,a,
ASN00041110,19620307,PRCP,297,,,a,
ASN00041110,19620308,PRCP,119,,,a,
ASN00041110,19620309,PRCP,33,,,a,
ASN00041110,19620310,PRCP,188,,,a,
ASN00041110,19620311,PRCP,152,,,a,
ASN00041110,19620312,PRCP,493,,,a,
ASN00041110,19620313,PRCP,5,,,a,
ASN00041110,19620314,PRCP,0,,,a,
ASN00041110,19620315,PRCP,0,,,a,
ASN00041110,19620316,PRCP,0,,,a,
ASN00041110,19620317,PRCP,0,,,a,
ASN00041110,19620318,PRCP,0,,,a,
ASN00041110,19620319,PRCP,0,,,a,
ASN00041110,19620320,PRCP,0,,,a,
ASN00041110,19620321,PRCP,0,,,a,
ASN00041110,19620322,PRCP,0,,,a,
ASN00041110,19620323,PRCP,61,,,a,
ASN00041110,19620324,PRCP,0,,,a,
ASN00041110,19620325,PRCP,0,,,a,
ASN00041110,19620326,PRCP,0,,,a,
ASN00041110,19620327,PRCP,0,,,a,
ASN00041110,19620328,PRCP,0,,,a,
ASN00041110,19620329,PRCP,0,,,a,
ASN00041110,19620330,PRCP,33,,,a,
ASN00041110,19620331,PRCP,0,,,a,
ASN00041110,19620401,PRCP,0,,,a,
ASN00041110,19620402,PRCP,0,,,a,
ASN00041110,19620403,PRCP,0,,,a,
ASN00041110,19620404,PRCP,0,,,a,
ASN00041110,19620405,PRCP,33,,,a,
ASN00041110,19620406,PRCP,254,,,a,
ASN00041110,19620407,PRCP,0,,,a,
ASN00041110,19620408,PRCP,94,,,a,
ASN00041110,19620409,PRCP,0,,,a,
ASN00041110,19620410,PRCP,0,,,a,
ASN00041110,19620411,PRCP,79,,,a,
ASN00041110,19620412,PRCP,0,,,a,
ASN00041110,19620413,PRCP,41,,,a,
ASN00041110,19620414,PRCP,0,,,a,
ASN00041110,19620415,PRCP,0,,,a,
ASN00041110,19620416,PRCP,0,,,a,
ASN00041110,19620417,PRCP,0,,,a,
ASN00041110,19620418,PRCP,0,,,a,
ASN00041110,19620419,PRCP,0,,,a,
ASN00041110,19620420,PRCP,0,,,a,
ASN00041110,19620421,PRCP,0,,,a,
ASN00041110,19620422,PRCP,0,,,a,
ASN00041110,19620423,PRCP,0,,,a,
ASN00041110,19620424,PRCP,0,,,a,
ASN00041110,19620425,PRCP,0,,,a,
ASN00041110,19620426,PRCP,0,,,a,
ASN00041110,19620427,PRCP,0,,,a,
ASN00041110,19620428,PRCP,0,,,a,
ASN00041110,19620429,PRCP,0,,,a,
ASN00041110,19620430,PRCP,0,,,a,
ASN00041110,19620501,PRCP,0,,,a,
ASN00041110,19620502,PRCP,0,,,a,
ASN00041110,19620503,PRCP,0,,,a,
ASN00041110,19620504,PRCP,0,,,a,
ASN00041110,19620505,PRCP,0,,,a,
ASN00041110,19620506,PRCP,0,,,a,
ASN00041110,19620507,PRCP,0,,,a,
ASN00041110,19620508,PRCP,0,,,a,
ASN00041110,19620509,PRCP,0,,,a,
ASN00041110,19620510,PRCP,0,,,a,
ASN00041110,19620511,PRCP,0,,,a,
ASN00041110,19620512,PRCP,0,,,a,
ASN00041110,19620513,PRCP,0,,,a,
ASN00041110,19620514,PRCP,0,,,a,
ASN00041110,19620515,PRCP,0,,,a,
ASN00041110,19620516,PRCP,0,,,a,
ASN00041110,19620517,PRCP,0,,,a,
ASN00041110,19620518,PRCP,0,,,a,
ASN00041110,19620519,PRCP,0,,,a,
ASN00041110,19620520,PRCP,0,,,a,
ASN00041110,19620521,PRCP,0,,,a,
ASN00041110,19620522,PRCP,0,,,a,
ASN00041110,19620523,PRCP,0,,,a,
ASN00041110,19620524,PRCP,0,,,a,
ASN00041110,19620525,PRCP,0,,,a,
ASN00041110,19620526,PRCP,0,,,a,
ASN00041110,19620527,PRCP,0,,,a,
ASN00041110,19620528,PRCP,69,,,a,
ASN00041110,19620529,PRCP,0,,,a,
ASN00041110,19620530,PRCP,0,,,a,
ASN00041110,19620531,PRCP,0,,,a,
ASN00041110,19620601,PRCP,0,,,a,
ASN00041110,19620602,PRCP,0,,,a,
ASN00041110,19620603,PRCP,43,,,a,
ASN00041110,19620604,PRCP,0,,,a,
ASN00041110,19620605,PRCP,66,,,a,
ASN00041110,19620606,PRCP,0,,,a,
ASN00041110,19620607,PRCP,0,,,a,
ASN00041110,19620608,PRCP,0,,,a,
ASN00041110,19620609,PRCP,0,,,a,
ASN00041110,19620610,PRCP,0,,,a,
ASN00041110,19620611,PRCP,0,,,a,
ASN00041110,19620612,PRCP,0,,,a,
ASN00041110,19620613,PRCP,0,,,a,
ASN00041110,19620614,PRCP,0,,,a,
ASN00041110,19620615,PRCP,0,,,a,
ASN00041110,19620616,PRCP,0,,,a,
ASN00041110,19620617,PRCP,0,,,a,
ASN00041110,19620618,PRCP,0,,,a,
ASN00041110,19620619,PRCP,0,,,a,
ASN00041110,19620620,PRCP,0,,,a,
ASN00041110,19620621,PRCP,0,,,a,
ASN00041110,19620622,PRCP,0,,,a,
ASN00041110,19620623,PRCP,0,,,a,
ASN00041110,19620624,PRCP,0,,,a,
ASN00041110,19620625,PRCP,0,,,a,
ASN00041110,19620626,PRCP,0,,,a,
ASN00041110,19620627,PRCP,0,,,a,
ASN00041110,19620628,PRCP,0,,,a,
ASN00041110,19620629,PRCP,0,,,a,
ASN00041110,19620630,PRCP,0,,,a,
ASN00041110,19620701,PRCP,0,,,a,
ASN00041110,19620702,PRCP,15,,,a,
ASN00041110,19620703,PRCP,0,,,a,
ASN00041110,19620704,PRCP,0,,,a,
ASN00041110,19620705,PRCP,0,,,a,
ASN00041110,19620706,PRCP,0,,,a,
ASN00041110,19620707,PRCP,0,,,a,
ASN00041110,19620708,PRCP,0,,,a,
ASN00041110,19620709,PRCP,0,,,a,
ASN00041110,19620710,PRCP,107,,,a,
ASN00041110,19620711,PRCP,175,,,a,
ASN00041110,19620712,PRCP,0,,,a,
ASN00041110,19620713,PRCP,0,,,a,
ASN00041110,19620714,PRCP,99,,,a,
ASN00041110,19620715,PRCP,0,,,a,
ASN00041110,19620716,PRCP,0,,,a,
ASN00041110,19620717,PRCP,0,,,a,
ASN00041110,19620718,PRCP,0,,,a,
ASN00041110,19620719,PRCP,0,,,a,
ASN00041110,19620720,PRCP,0,,,a,
ASN00041110,19620721,PRCP,0,,,a,
ASN00041110,19620722,PRCP,0,,,a,
ASN00041110,19620723,PRCP,0,,,a,
ASN00041110,19620724,PRCP,0,,,a,
ASN00041110,19620725,PRCP,140,,,a,
ASN00041110,19620726,PRCP,0,,,a,
ASN00041110,19620727,PRCP,0,,,a,
ASN00041110,19620728,PRCP,0,,,a,
ASN00041110,19620729,PRCP,0,,,a,
ASN00041110,19620730,PRCP,0,,,a,
ASN00041110,19620731,PRCP,0,,,a,
ASN00041110,19620801,PRCP,0,,,a,
ASN00041110,19620802,PRCP,0,,,a,
ASN00041110,19620803,PRCP,0,,,a,
ASN00041110,19620804,PRCP,0,,,a,
ASN00041110,19620805,PRCP,0,,,a,
ASN00041110,19620806,PRCP,0,,,a,
ASN00041110,19620807,PRCP,0,,,a,
ASN00041110,19620808,PRCP,0,,,a,
ASN00041110,19620809,PRCP,0,,,a,
ASN00041110,19620810,PRCP,0,,,a,
ASN00041110,19620811,PRCP,0,,,a,
ASN00041110,19620812,PRCP,157,,,a,
ASN00041110,19620813,PRCP,0,,,a,
ASN00041110,19620814,PRCP,0,,,a,
ASN00041110,19620815,PRCP,0,,,a,
ASN00041110,19620816,PRCP,142,,,a,
ASN00041110,19620817,PRCP,0,,,a,
ASN00041110,19620818,PRCP,0,,,a,
ASN00041110,19620819,PRCP,0,,,a,
ASN00041110,19620820,PRCP,188,,,a,
ASN00041110,19620821,PRCP,0,,,a,
ASN00041110,19620822,PRCP,0,,,a,
ASN00041110,19620823,PRCP,0,,,a,
ASN00041110,19620824,PRCP,0,,,a,
ASN00041110,19620825,PRCP,0,,,a,
ASN00041110,19620826,PRCP,0,,,a,
ASN00041110,19620827,PRCP,0,,,a,
ASN00041110,19620828,PRCP,0,,,a,
ASN00041110,19620829,PRCP,0,,,a,
ASN00041110,19620830,PRCP,0,,,a,
ASN00041110,19620831,PRCP,0,,,a,
ASN00041110,19620901,PRCP,0,,,a,
ASN00041110,19620902,PRCP,0,,,a,
ASN00041110,19620903,PRCP,0,,,a,
ASN00041110,19620904,PRCP,0,,,a,
ASN00041110,19620905,PRCP,0,,,a,
ASN00041110,19620906,PRCP,0,,,a,
ASN00041110,19620907,PRCP,0,,,a,
ASN00041110,19620908,PRCP,0,,,a,
ASN00041110,19620909,PRCP,0,,,a,
ASN00041110,19620910,PRCP,0,,,a,
ASN00041110,19620911,PRCP,0,,,a,
ASN00041110,19620912,PRCP,127,,,a,
ASN00041110,19620913,PRCP,0,,,a,
ASN00041110,19620914,PRCP,0,,,a,
ASN00041110,19620915,PRCP,0,,,a,
ASN00041110,19620916,PRCP,203,,,a,
ASN00041110,19620917,PRCP,0,,,a,
ASN00041110,19620918,PRCP,0,,,a,
ASN00041110,19620919,PRCP,0,,,a,
ASN00041110,19620920,PRCP,0,,,a,
ASN00041110,19620921,PRCP,0,,,a,
ASN00041110,19620922,PRCP,0,,,a,
ASN00041110,19620923,PRCP,0,,,a,
ASN00041110,19620924,PRCP,0,,,a,
ASN00041110,19620925,PRCP,0,,,a,
ASN00041110,19620926,PRCP,97,,,a,
ASN00041110,19620927,PRCP,0,,,a,
ASN00041110,19620928,PRCP,0,,,a,
ASN00041110,19620929,PRCP,0,,,a,
ASN00041110,19620930,PRCP,0,,,a,
ASN00041110,19621001,PRCP,0,,,a,
ASN00041110,19621002,PRCP,0,,,a,
ASN00041110,19621003,PRCP,0,,,a,
ASN00041110,19621004,PRCP,0,,,a,
ASN00041110,19621005,PRCP,0,,,a,
ASN00041110,19621006,PRCP,0,,,a,
ASN00041110,19621007,PRCP,0,,,a,
ASN00041110,19621008,PRCP,0,,,a,
ASN00041110,19621009,PRCP,0,,,a,
ASN00041110,19621010,PRCP,0,,,a,
ASN00041110,19621011,PRCP,0,,,a,
ASN00041110,19621012,PRCP,0,,,a,
ASN00041110,19621013,PRCP,0,,,a,
ASN00041110,19621014,PRCP,0,,,a,
ASN00041110,19621015,PRCP,0,,,a,
ASN00041110,19621016,PRCP,0,,,a,
ASN00041110,19621017,PRCP,0,,,a,
ASN00041110,19621018,PRCP,0,,,a,
ASN00041110,19621019,PRCP,15,,,a,
ASN00041110,19621020,PRCP,0,,,a,
ASN00041110,19621021,PRCP,229,,,a,
ASN00041110,19621022,PRCP,0,,,a,
ASN00041110,19621023,PRCP,0,,,a,
ASN00041110,19621024,PRCP,48,,,a,
ASN00041110,19621025,PRCP,0,,,a,
ASN00041110,19621026,PRCP,0,,,a,
ASN00041110,19621027,PRCP,0,,,a,
ASN00041110,19621028,PRCP,0,,,a,
ASN00041110,19621029,PRCP,0,,,a,
ASN00041110,19621030,PRCP,25,,,a,
ASN00041110,19621031,PRCP,0,,,a,
ASN00041110,19621101,PRCP,0,,,a,
ASN00041110,19621102,PRCP,0,,,a,
ASN00041110,19621103,PRCP,0,,,a,
ASN00041110,19621104,PRCP,0,,,a,
ASN00041110,19621105,PRCP,0,,,a,
ASN00041110,19621106,PRCP,0,,,a,
ASN00041110,19621107,PRCP,0,,,a,
ASN00041110,19621108,PRCP,0,,,a,
ASN00041110,19621109,PRCP,0,,,a,
ASN00041110,19621110,PRCP,0,,,a,
ASN00041110,19621111,PRCP,0,,,a,
ASN00041110,19621112,PRCP,10,,,a,
ASN00041110,19621113,PRCP,0,,,a,
ASN00041110,19621114,PRCP,0,,,a,
ASN00041110,19621115,PRCP,0,,,a,
ASN00041110,19621116,PRCP,0,,,a,
ASN00041110,19621117,PRCP,0,,,a,
ASN00041110,19621118,PRCP,0,,,a,
ASN00041110,19621119,PRCP,0,,,a,
ASN00041110,19621120,PRCP,0,,,a,
ASN00041110,19621121,PRCP,0,,,a,
ASN00041110,19621122,PRCP,30,,,a,
ASN00041110,19621123,PRCP,0,,,a,
ASN00041110,19621124,PRCP,0,,,a,
ASN00041110,19621125,PRCP,0,,,a,
ASN00041110,19621126,PRCP,0,,,a,
ASN00041110,19621127,PRCP,0,,,a,
ASN00041110,19621128,PRCP,0,,,a,
ASN00041110,19621129,PRCP,0,,,a,
ASN00041110,19621130,PRCP,0,,,a,
ASN00041110,19621201,PRCP,0,,,a,
ASN00041110,19621202,PRCP,0,,,a,
ASN00041110,19621203,PRCP,0,,,a,
ASN00041110,19621204,PRCP,0,,,a,
ASN00041110,19621205,PRCP,0,,,a,
ASN00041110,19621206,PRCP,0,,,a,
ASN00041110,19621207,PRCP,18,,,a,
ASN00041110,19621208,PRCP,0,,,a,
ASN00041110,19621209,PRCP,0,,,a,
ASN00041110,19621210,PRCP,0,,,a,
ASN00041110,19621211,PRCP,0,,,a,
ASN00041110,19621212,PRCP,0,,,a,
ASN00041110,19621213,PRCP,0,,,a,
ASN00041110,19621214,PRCP,0,,,a,
ASN00041110,19621215,PRCP,330,,,a,
ASN00041110,19621216,PRCP,0,,,a,
ASN00041110,19621217,PRCP,0,,,a,
ASN00041110,19621218,PRCP,0,,,a,
ASN00041110,19621219,PRCP,0,,,a,
ASN00041110,19621220,PRCP,0,,,a,
ASN00041110,19621221,PRCP,0,,,a,
ASN00041110,19621222,PRCP,0,,,a,
ASN00041110,19621223,PRCP,0,,,a,
ASN00041110,19621224,PRCP,297,,,a,
ASN00041110,19621225,PRCP,0,,,a,
ASN00041110,19621226,PRCP,0,,,a,
ASN00041110,19621227,PRCP,0,,,a,
ASN00041110,19621228,PRCP,0,,,a,
ASN00041110,19621229,PRCP,0,,,a,
ASN00041110,19621230,PRCP,0,,,a,
ASN00041110,19621231,PRCP,132,,,a,
ASN00041110,19630101,PRCP,0,,,a,
ASN00041110,19630102,PRCP,0,,,a,
ASN00041110,19630103,PRCP,0,,,a,
ASN00041110,19630104,PRCP,0,,,a,
ASN00041110,19630105,PRCP,0,,,a,
ASN00041110,19630106,PRCP,0,,,a,
ASN00041110,19630107,PRCP,0,,,a,
ASN00041110,19630108,PRCP,0,,,a,
ASN00041110,19630109,PRCP,0,,,a,
ASN00041110,19630110,PRCP,0,,,a,
ASN00041110,19630111,PRCP,99,,,a,
ASN00041110,19630112,PRCP,0,,,a,
ASN00041110,19630113,PRCP,0,,,a,
ASN00041110,19630114,PRCP,30,,,a,
ASN00041110,19630115,PRCP,0,,,a,
ASN00041110,19630116,PRCP,0,,,a,
ASN00041110,19630117,PRCP,18,,,a,
ASN00041110,19630118,PRCP,18,,,a,
ASN00041110,19630119,PRCP,0,,,a,
ASN00041110,19630120,PRCP,0,,,a,
ASN00041110,19630121,PRCP,0,,,a,
ASN00041110,19630122,PRCP,0,,,a,
ASN00041110,19630123,PRCP,0,,,a,
ASN00041110,19630124,PRCP,0,,,a,
ASN00041110,19630125,PRCP,0,,,a,
ASN00041110,19630126,PRCP,0,,,a,
ASN00041110,19630127,PRCP,0,,,a,
ASN00041110,19630128,PRCP,0,,,a,
ASN00041110,19630129,PRCP,0,,,a,
ASN00041110,19630130,PRCP,0,,,a,
ASN00041110,19630131,PRCP,0,,,a,
ASN00041110,19630201,PRCP,0,,,a,
ASN00041110,19630202,PRCP,0,,,a,
ASN00041110,19630203,PRCP,0,,,a,
ASN00041110,19630204,PRCP,135,,,a,
ASN00041110,19630205,PRCP,28,,,a,
ASN00041110,19630206,PRCP,0,,,a,
ASN00041110,19630207,PRCP,0,,,a,
ASN00041110,19630208,PRCP,0,,,a,
ASN00041110,19630209,PRCP,0,,,a,
ASN00041110,19630210,PRCP,0,,,a,
ASN00041110,19630211,PRCP,0,,,a,
ASN00041110,19630212,PRCP,0,,,a,
ASN00041110,19630213,PRCP,8,,,a,
ASN00041110,19630214,PRCP,0,,,a,
ASN00041110,19630215,PRCP,0,,,a,
ASN00041110,19630216,PRCP,0,,,a,
ASN00041110,19630217,PRCP,0,,,a,
ASN00041110,19630218,PRCP,0,,,a,
ASN00041110,19630219,PRCP,0,,,a,
ASN00041110,19630220,PRCP,0,,,a,
ASN00041110,19630221,PRCP,0,,,a,
ASN00041110,19630222,PRCP,0,,,a,
ASN00041110,19630223,PRCP,0,,,a,
ASN00041110,19630224,PRCP,0,,,a,
ASN00041110,19630225,PRCP,0,,,a,
ASN00041110,19630226,PRCP,20,,,a,
ASN00041110,19630227,PRCP,0,,,a,
ASN00041110,19630228,PRCP,0,,,a,
ASN00041110,19630301,PRCP,0,,,a,
ASN00041110,19630302,PRCP,0,,,a,
ASN00041110,19630303,PRCP,0,,,a,
ASN00041110,19630304,PRCP,0,,,a,
ASN00041110,19630305,PRCP,0,,,a,
ASN00041110,19630306,PRCP,0,,,a,
ASN00041110,19630307,PRCP,0,,,a,
ASN00041110,19630308,PRCP,76,,,a,
ASN00041110,19630309,PRCP,0,,,a,
ASN00041110,19630310,PRCP,0,,,a,
ASN00041110,19630311,PRCP,0,,,a,
ASN00041110,19630312,PRCP,0,,,a,
ASN00041110,19630313,PRCP,0,,,a,
ASN00041110,19630314,PRCP,0,,,a,
ASN00041110,19630315,PRCP,18,,,a,
ASN00041110,19630316,PRCP,0,,,a,
ASN00041110,19630317,PRCP,0,,,a,
ASN00041110,19630318,PRCP,919,,,a,
ASN00041110,19630319,PRCP,0,,,a,
ASN00041110,19630320,PRCP,56,,,a,
ASN00041110,19630321,PRCP,18,,,a,
ASN00041110,19630322,PRCP,0,,,a,
ASN00041110,19630323,PRCP,0,,,a,
ASN00041110,19630324,PRCP,0,,,a,
ASN00041110,19630325,PRCP,1013,,,a,
ASN00041110,19630326,PRCP,107,,,a,
ASN00041110,19630327,PRCP,333,,,a,
ASN00041110,19630328,PRCP,267,,,a,
ASN00041110,19630329,PRCP,206,,,a,
ASN00041110,19630330,PRCP,0,,,a,
ASN00041110,19630331,PRCP,0,,,a,
ASN00041110,19630401,PRCP,0,,,a,
ASN00041110,19630402,PRCP,0,,,a,
ASN00041110,19630403,PRCP,0,,,a,
ASN00041110,19630404,PRCP,0,,,a,
ASN00041110,19630405,PRCP,0,,,a,
ASN00041110,19630406,PRCP,0,,,a,
ASN00041110,19630407,PRCP,0,,,a,
ASN00041110,19630408,PRCP,0,,,a,
ASN00041110,19630409,PRCP,0,,,a,
ASN00041110,19630410,PRCP,0,,,a,
ASN00041110,19630411,PRCP,0,,,a,
ASN00041110,19630412,PRCP,0,,,a,
ASN00041110,19630413,PRCP,0,,,a,
ASN00041110,19630414,PRCP,0,,,a,
ASN00041110,19630415,PRCP,0,,,a,
ASN00041110,19630416,PRCP,0,,,a,
ASN00041110,19630417,PRCP,0,,,a,
ASN00041110,19630418,PRCP,0,,,a,
ASN00041110,19630419,PRCP,0,,,a,
ASN00041110,19630420,PRCP,0,,,a,
ASN00041110,19630421,PRCP,0,,,a,
ASN00041110,19630422,PRCP,0,,,a,
ASN00041110,19630423,PRCP,0,,,a,
ASN00041110,19630424,PRCP,0,,,a,
ASN00041110,19630425,PRCP,0,,,a,
ASN00041110,19630426,PRCP,0,,,a,
ASN00041110,19630427,PRCP,0,,,a,
ASN00041110,19630428,PRCP,0,,,a,
ASN00041110,19630429,PRCP,0,,,a,
ASN00041110,19630430,PRCP,0,,,a,
ASN00041110,19630501,PRCP,0,,,a,
ASN00041110,19630502,PRCP,0,,,a,
ASN00041110,19630503,PRCP,0,,,a,
ASN00041110,19630504,PRCP,0,,,a,
ASN00041110,19630505,PRCP,0,,,a,
ASN00041110,19630506,PRCP,145,,,a,
ASN00041110,19630507,PRCP,48,,,a,
ASN00041110,19630508,PRCP,127,,,a,
ASN00041110,19630509,PRCP,38,,,a,
ASN00041110,19630510,PRCP,0,,,a,
ASN00041110,19630511,PRCP,0,,,a,
ASN00041110,19630512,PRCP,0,,,a,
ASN00041110,19630513,PRCP,0,,,a,
ASN00041110,19630514,PRCP,0,,,a,
ASN00041110,19630515,PRCP,0,,,a,
ASN00041110,19630516,PRCP,0,,,a,
ASN00041110,19630517,PRCP,0,,,a,
ASN00041110,19630518,PRCP,0,,,a,
ASN00041110,19630519,PRCP,0,,,a,
ASN00041110,19630520,PRCP,366,,,a,
ASN00041110,19630521,PRCP,0,,,a,
ASN00041110,19630522,PRCP,0,,,a,
ASN00041110,19630523,PRCP,0,,,a,
ASN00041110,19630524,PRCP,0,,,a,
ASN00041110,19630525,PRCP,0,,,a,
ASN00041110,19630526,PRCP,0,,,a,
ASN00041110,19630527,PRCP,0,,,a,
ASN00041110,19630528,PRCP,0,,,a,
ASN00041110,19630529,PRCP,0,,,a,
ASN00041110,19630530,PRCP,13,,,a,
ASN00041110,19630531,PRCP,0,,,a,
ASN00041110,19630601,PRCP,0,,,a,
ASN00041110,19630602,PRCP,0,,,a,
ASN00041110,19630603,PRCP,0,,,a,
ASN00041110,19630604,PRCP,64,,,a,
ASN00041110,19630605,PRCP,0,,,a,
ASN00041110,19630606,PRCP,64,,,a,
ASN00041110,19630607,PRCP,0,,,a,
ASN00041110,19630608,PRCP,10,,,a,
ASN00041110,19630609,PRCP,0,,,a,
ASN00041110,19630610,PRCP,0,,,a,
ASN00041110,19630611,PRCP,0,,,a,
ASN00041110,19630612,PRCP,0,,,a,
ASN00041110,19630613,PRCP,0,,,a,
ASN00041110,19630614,PRCP,0,,,a,
ASN00041110,19630615,PRCP,0,,,a,
ASN00041110,19630616,PRCP,0,,,a,
ASN00041110,19630617,PRCP,0,,,a,
ASN00041110,19630618,PRCP,0,,,a,
ASN00041110,19630619,PRCP,0,,,a,
ASN00041110,19630620,PRCP,0,,,a,
ASN00041110,19630621,PRCP,0,,,a,
ASN00041110,19630622,PRCP,0,,,a,
ASN00041110,19630623,PRCP,0,,,a,
ASN00041110,19630624,PRCP,0,,,a,
ASN00041110,19630625,PRCP,0,,,a,
ASN00041110,19630626,PRCP,0,,,a,
ASN00041110,19630627,PRCP,0,,,a,
ASN00041110,19630628,PRCP,0,,,a,
ASN00041110,19630629,PRCP,0,,,a,
ASN00041110,19630630,PRCP,0,,,a,
ASN00041110,19630701,PRCP,0,,,a,
ASN00041110,19630702,PRCP,0,,,a,
ASN00041110,19630703,PRCP,0,,,a,
ASN00041110,19630704,PRCP,0,,,a,
ASN00041110,19630705,PRCP,0,,,a,
ASN00041110,19630706,PRCP,0,,,a,
ASN00041110,19630707,PRCP,0,,,a,
ASN00041110,19630708,PRCP,0,,,a,
ASN00041110,19630709,PRCP,0,,,a,
ASN00041110,19630710,PRCP,0,,,a,
ASN00041110,19630711,PRCP,0,,,a,
ASN00041110,19630712,PRCP,0,,,a,
ASN00041110,19630713,PRCP,0,,,a,
ASN00041110,19630714,PRCP,0,,,a,
ASN00041110,19630715,PRCP,0,,,a,
ASN00041110,19630716,PRCP,0,,,a,
ASN00041110,19630717,PRCP,0,,,a,
ASN00041110,19630718,PRCP,0,,,a,
ASN00041110,19630719,PRCP,0,,,a,
ASN00041110,19630720,PRCP,0,,,a,
ASN00041110,19630721,PRCP,0,,,a,
ASN00041110,19630722,PRCP,0,,,a,
ASN00041110,19630723,PRCP,0,,,a,
ASN00041110,19630724,PRCP,0,,,a,
ASN00041110,19630725,PRCP,0,,,a,
ASN00041110,19630726,PRCP,0,,,a,
ASN00041110,19630727,PRCP,0,,,a,
ASN00041110,19630728,PRCP,0,,,a,
ASN00041110,19630729,PRCP,0,,,a,
ASN00041110,19630730,PRCP,0,,,a,
ASN00041110,19630731,PRCP,0,,,a,
ASN00041110,19630801,PRCP,0,,,a,
ASN00041110,19630802,PRCP,0,,,a,
ASN00041110,19630803,PRCP,0,,,a,
ASN00041110,19630804,PRCP,0,,,a,
ASN00041110,19630805,PRCP,0,,,a,
ASN00041110,19630806,PRCP,0,,,a,
ASN00041110,19630807,PRCP,0,,,a,
ASN00041110,19630808,PRCP,0,,,a,
ASN00041110,19630809,PRCP,0,,,a,
ASN00041110,19630810,PRCP,0,,,a,
ASN00041110,19630811,PRCP,0,,,a,
ASN00041110,19630812,PRCP,0,,,a,
ASN00041110,19630813,PRCP,0,,,a,
ASN00041110,19630814,PRCP,0,,,a,
ASN00041110,19630815,PRCP,20,,,a,
ASN00041110,19630816,PRCP,0,,,a,
ASN00041110,19630817,PRCP,0,,,a,
ASN00041110,19630818,PRCP,0,,,a,
ASN00041110,19630819,PRCP,0,,,a,
ASN00041110,19630820,PRCP,0,,,a,
ASN00041110,19630821,PRCP,0,,,a,
ASN00041110,19630822,PRCP,0,,,a,
ASN00041110,19630823,PRCP,0,,,a,
ASN00041110,19630824,PRCP,0,,,a,
ASN00041110,19630825,PRCP,25,,,a,
ASN00041110,19630826,PRCP,18,,,a,
ASN00041110,19630827,PRCP,0,,,a,
ASN00041110,19630828,PRCP,48,,,a,
ASN00041110,19630829,PRCP,188,,,a,
ASN00041110,19630830,PRCP,23,,,a,
ASN00041110,19630831,PRCP,0,,,a,
ASN00041110,19630901,PRCP,0,,,a,
ASN00041110,19630902,PRCP,0,,,a,
ASN00041110,19630903,PRCP,0,,,a,
ASN00041110,19630904,PRCP,0,,,a,
ASN00041110,19630905,PRCP,0,,,a,
ASN00041110,19630906,PRCP,0,,,a,
ASN00041110,19630907,PRCP,0,,,a,
ASN00041110,19630908,PRCP,0,,,a,
ASN00041110,19630909,PRCP,0,,,a,
ASN00041110,19630910,PRCP,0,,,a,
ASN00041110,19630911,PRCP,0,,,a,
ASN00041110,19630912,PRCP,0,,,a,
ASN00041110,19630913,PRCP,0,,,a,
ASN00041110,19630914,PRCP,0,,,a,
ASN00041110,19630915,PRCP,0,,,a,
ASN00041110,19630916,PRCP,0,,,a,
ASN00041110,19630917,PRCP,0,,,a,
ASN00041110,19630918,PRCP,0,,,a,
ASN00041110,19630919,PRCP,0,,,a,
ASN00041110,19630920,PRCP,0,,,a,
ASN00041110,19630921,PRCP,0,,,a,
ASN00041110,19630922,PRCP,0,,,a,
ASN00041110,19630923,PRCP,0,,,a,
ASN00041110,19630924,PRCP,0,,,a,
ASN00041110,19630925,PRCP,0,,,a,
ASN00041110,19630926,PRCP,0,,,a,
ASN00041110,19630927,PRCP,0,,,a,
ASN00041110,19630928,PRCP,0,,,a,
ASN00041110,19630929,PRCP,0,,,a,
ASN00041110,19630930,PRCP,0,,,a,
ASN00041110,19631001,PRCP,36,,,a,
ASN00041110,19631002,PRCP,0,,,a,
ASN00041110,19631003,PRCP,0,,,a,
ASN00041110,19631004,PRCP,0,,,a,
ASN00041110,19631005,PRCP,0,,,a,
ASN00041110,19631006,PRCP,0,,,a,
ASN00041110,19631007,PRCP,0,,,a,
ASN00041110,19631008,PRCP,0,,,a,
ASN00041110,19631009,PRCP,0,,,a,
ASN00041110,19631010,PRCP,0,,,a,
ASN00041110,19631011,PRCP,0,,,a,
ASN00041110,19631012,PRCP,0,,,a,
ASN00041110,19631013,PRCP,0,,,a,
ASN00041110,19631014,PRCP,0,,,a,
ASN00041110,19631015,PRCP,0,,,a,
ASN00041110,19631016,PRCP,0,,,a,
ASN00041110,19631017,PRCP,0,,,a,
ASN00041110,19631018,PRCP,0,,,a,
ASN00041110,19631019,PRCP,0,,,a,
ASN00041110,19631020,PRCP,0,,,a,
ASN00041110,19631021,PRCP,0,,,a,
ASN00041110,19631022,PRCP,0,,,a,
ASN00041110,19631023,PRCP,0,,,a,
ASN00041110,19631024,PRCP,0,,,a,
ASN00041110,19631025,PRCP,0,,,a,
ASN00041110,19631026,PRCP,0,,,a,
ASN00041110,19631027,PRCP,0,,,a,
ASN00041110,19631028,PRCP,0,,,a,
ASN00041110,19631029,PRCP,0,,,a,
ASN00041110,19631030,PRCP,8,,,a,
ASN00041110,19631031,PRCP,221,,,a,
ASN00041110,19631101,PRCP,0,,,a,
ASN00041110,19631102,PRCP,0,,,a,
ASN00041110,19631103,PRCP,0,,,a,
ASN00041110,19631104,PRCP,0,,,a,
ASN00041110,19631105,PRCP,0,,,a,
ASN00041110,19631106,PRCP,0,,,a,
ASN00041110,19631107,PRCP,0,,,a,
ASN00041110,19631108,PRCP,23,,,a,
ASN00041110,19631109,PRCP,0,,,a,
ASN00041110,19631110,PRCP,0,,,a,
ASN00041110,19631111,PRCP,0,,,a,
ASN00041110,19631112,PRCP,18,,,a,
ASN00041110,19631113,PRCP,0,,,a,
ASN00041110,19631114,PRCP,0,,,a,
ASN00041110,19631115,PRCP,0,,,a,
ASN00041110,19631116,PRCP,305,,,a,
ASN00041110,19631117,PRCP,282,,,a,
ASN00041110,19631118,PRCP,0,,,a,
ASN00041110,19631119,PRCP,0,,,a,
ASN00041110,19631120,PRCP,0,,,a,
ASN00041110,19631121,PRCP,0,,,a,
ASN00041110,19631122,PRCP,0,,,a,
ASN00041110,19631123,PRCP,0,,,a,
ASN00041110,19631124,PRCP,0,,,a,
ASN00041110,19631125,PRCP,0,,,a,
ASN00041110,19631126,PRCP,274,,,a,
ASN00041110,19631127,PRCP,48,,,a,
ASN00041110,19631128,PRCP,0,,,a,
ASN00041110,19631129,PRCP,0,,,a,
ASN00041110,19631130,PRCP,46,,,a,
ASN00041110,19631201,PRCP,0,,,a,
ASN00041110,19631202,PRCP,0,,,a,
ASN00041110,19631203,PRCP,0,,,a,
ASN00041110,19631204,PRCP,0,,,a,
ASN00041110,19631205,PRCP,0,,,a,
ASN00041110,19631206,PRCP,0,,,a,
ASN00041110,19631207,PRCP,0,,,a,
ASN00041110,19631208,PRCP,0,,,a,
ASN00041110,19631209,PRCP,244,,,a,
ASN00041110,19631210,PRCP,135,,,a,
ASN00041110,19631211,PRCP,66,,,a,
ASN00041110,19631212,PRCP,0,,,a,
ASN00041110,19631213,PRCP,0,,,a,
ASN00041110,19631214,PRCP,203,,,a,
ASN00041110,19631215,PRCP,0,,,a,
ASN00041110,19631216,PRCP,0,,,a,
ASN00041110,19631217,PRCP,43,,,a,
ASN00041110,19631218,PRCP,0,,,a,
ASN00041110,19631219,PRCP,0,,,a,
ASN00041110,19631220,PRCP,0,,,a,
ASN00041110,19631221,PRCP,0,,,a,
ASN00041110,19631222,PRCP,0,,,a,
ASN00041110,19631223,PRCP,0,,,a,
ASN00041110,19631224,PRCP,0,,,a,
ASN00041110,19631225,PRCP,0,,,a,
ASN00041110,19631226,PRCP,0,,,a,
ASN00041110,19631227,PRCP,0,,,a,
ASN00041110,19631228,PRCP,0,,,a,
ASN00041110,19631229,PRCP,0,,,a,
ASN00041110,19631230,PRCP,0,,,a,
ASN00041110,19631231,PRCP,191,,,a,
ASN00041110,19640101,PRCP,0,,,a,
ASN00041110,19640102,PRCP,0,,,a,
ASN00041110,19640103,PRCP,0,,,a,
ASN00041110,19640104,PRCP,0,,,a,
ASN00041110,19640105,PRCP,0,,,a,
ASN00041110,19640106,PRCP,0,,,a,
ASN00041110,19640107,PRCP,0,,,a,
ASN00041110,19640108,PRCP,0,,,a,
ASN00041110,19640109,PRCP,0,,,a,
ASN00041110,19640110,PRCP,0,,,a,
ASN00041110,19640111,PRCP,0,,,a,
ASN00041110,19640112,PRCP,0,,,a,
ASN00041110,19640113,PRCP,0,,,a,
ASN00041110,19640114,PRCP,0,,,a,
ASN00041110,19640115,PRCP,135,,,a,
ASN00041110,19640116,PRCP,0,,,a,
ASN00041110,19640117,PRCP,0,,,a,
ASN00041110,19640118,PRCP,0,,,a,
ASN00041110,19640119,PRCP,0,,,a,
ASN00041110,19640120,PRCP,0,,,a,
ASN00041110,19640121,PRCP,0,,,a,
ASN00041110,19640122,PRCP,0,,,a,
ASN00041110,19640123,PRCP,417,,,a,
ASN00041110,19640124,PRCP,0,,,a,
ASN00041110,19640125,PRCP,173,,,a,
ASN00041110,19640126,PRCP,0,,,a,
ASN00041110,19640127,PRCP,0,,,a,
ASN00041110,19640128,PRCP,0,,,a,
ASN00041110,19640129,PRCP,0,,,a,
ASN00041110,19640130,PRCP,0,,,a,
ASN00041110,19640131,PRCP,0,,,a,
ASN00041110,19640201,PRCP,0,,,a,
ASN00041110,19640202,PRCP,0,,,a,
ASN00041110,19640203,PRCP,0,,,a,
ASN00041110,19640204,PRCP,0,,,a,
ASN00041110,19640205,PRCP,0,,,a,
ASN00041110,19640206,PRCP,0,,,a,
ASN00041110,19640207,PRCP,0,,,a,
ASN00041110,19640208,PRCP,0,,,a,
ASN00041110,19640209,PRCP,549,,,a,
ASN00041110,19640210,PRCP,0,,,a,
ASN00041110,19640211,PRCP,0,,,a,
ASN00041110,19640212,PRCP,0,,,a,
ASN00041110,19640213,PRCP,262,,,a,
ASN00041110,19640214,PRCP,0,,,a,
ASN00041110,19640215,PRCP,0,,,a,
ASN00041110,19640216,PRCP,0,,,a,
ASN00041110,19640217,PRCP,0,,,a,
ASN00041110,19640218,PRCP,0,,,a,
ASN00041110,19640219,PRCP,0,,,a,
ASN00041110,19640220,PRCP,0,,,a,
ASN00041110,19640221,PRCP,0,,,a,
ASN00041110,19640222,PRCP,0,,,a,
ASN00041110,19640223,PRCP,0,,,a,
ASN00041110,19640224,PRCP,160,,,a,
ASN00041110,19640225,PRCP,0,,,a,
ASN00041110,19640226,PRCP,0,,,a,
ASN00041110,19640227,PRCP,0,,,a,
ASN00041110,19640228,PRCP,231,,,a,
ASN00041110,19640229,PRCP,0,,,a,
ASN00041110,19640301,PRCP,0,,,a,
ASN00041110,19640302,PRCP,318,,,a,
ASN00041110,19640303,PRCP,0,,,a,
ASN00041110,19640304,PRCP,0,,,a,
ASN00041110,19640305,PRCP,0,,,a,
ASN00041110,19640306,PRCP,0,,,a,
ASN00041110,19640307,PRCP,0,,,a,
ASN00041110,19640308,PRCP,216,,,a,
ASN00041110,19640309,PRCP,127,,,a,
ASN00041110,19640310,PRCP,0,,,a,
ASN00041110,19640311,PRCP,0,,,a,
ASN00041110,19640312,PRCP,0,,,a,
ASN00041110,19640313,PRCP,0,,,a,
ASN00041110,19640314,PRCP,0,,,a,
ASN00041110,19640315,PRCP,0,,,a,
ASN00041110,19640316,PRCP,0,,,a,
ASN00041110,19640317,PRCP,0,,,a,
ASN00041110,19640318,PRCP,0,,,a,
ASN00041110,19640319,PRCP,0,,,a,
ASN00041110,19640320,PRCP,0,,,a,
ASN00041110,19640321,PRCP,0,,,a,
ASN00041110,19640322,PRCP,0,,,a,
ASN00041110,19640323,PRCP,0,,,a,
ASN00041110,19640324,PRCP,0,,,a,
ASN00041110,19640325,PRCP,0,,,a,
ASN00041110,19640326,PRCP,0,,,a,
ASN00041110,19640327,PRCP,0,,,a,
ASN00041110,19640328,PRCP,0,,,a,
ASN00041110,19640329,PRCP,0,,,a,
ASN00041110,19640330,PRCP,0,,,a,
ASN00041110,19640331,PRCP,0,,,a,
ASN00041110,19640401,PRCP,0,,,a,
ASN00041110,19640402,PRCP,0,,,a,
ASN00041110,19640403,PRCP,0,,,a,
ASN00041110,19640404,PRCP,0,,,a,
ASN00041110,19640405,PRCP,0,,,a,
ASN00041110,19640406,PRCP,0,,,a,
ASN00041110,19640407,PRCP,0,,,a,
ASN00041110,19640408,PRCP,0,,,a,
ASN00041110,19640409,PRCP,0,,,a,
ASN00041110,19640410,PRCP,0,,,a,
ASN00041110,19640411,PRCP,0,,,a,
ASN00041110,19640412,PRCP,0,,,a,
ASN00041110,19640413,PRCP,0,,,a,
ASN00041110,19640414,PRCP,0,,,a,
ASN00041110,19640415,PRCP,0,,,a,
ASN00041110,19640416,PRCP,15,,,a,
ASN00041110,19640417,PRCP,64,,,a,
ASN00041110,19640418,PRCP,0,,,a,
ASN00041110,19640419,PRCP,0,,,a,
ASN00041110,19640420,PRCP,0,,,a,
ASN00041110,19640421,PRCP,71,,,a,
ASN00041110,19640422,PRCP,439,,,a,
ASN00041110,19640423,PRCP,279,,,a,
ASN00041110,19640424,PRCP,0,,,a,
ASN00041110,19640425,PRCP,0,,,a,
ASN00041110,19640426,PRCP,0,,,a,
ASN00041110,19640427,PRCP,0,,,a,
ASN00041110,19640428,PRCP,0,,,a,
ASN00041110,19640429,PRCP,0,,,a,
ASN00041110,19640430,PRCP,0,,,a,
ASN00041110,19640501,PRCP,0,,,a,
ASN00041110,19640502,PRCP,0,,,a,
ASN00041110,19640503,PRCP,0,,,a,
ASN00041110,19640504,PRCP,206,,,a,
ASN00041110,19640505,PRCP,76,,,a,
ASN00041110,19640506,PRCP,0,,,a,
ASN00041110,19640507,PRCP,0,,,a,
ASN00041110,19640508,PRCP,0,,,a,
ASN00041110,19640509,PRCP,0,,,a,
ASN00041110,19640510,PRCP,0,,,a,
ASN00041110,19640511,PRCP,0,,,a,
ASN00041110,19640512,PRCP,0,,,a,
ASN00041110,19640513,PRCP,38,,,a,
ASN00041110,19640514,PRCP,0,,,a,
ASN00041110,19640515,PRCP,0,,,a,
ASN00041110,19640516,PRCP,0,,,a,
ASN00041110,19640517,PRCP,0,,,a,
ASN00041110,19640518,PRCP,0,,,a,
ASN00041110,19640519,PRCP,0,,,a,
ASN00041110,19640520,PRCP,0,,,a,
ASN00041110,19640521,PRCP,0,,,a,
ASN00041110,19640522,PRCP,0,,,a,
ASN00041110,19640523,PRCP,0,,,a,
ASN00041110,19640524,PRCP,0,,,a,
ASN00041110,19640525,PRCP,0,,,a,
ASN00041110,19640526,PRCP,0,,,a,
ASN00041110,19640527,PRCP,0,,,a,
ASN00041110,19640528,PRCP,0,,,a,
ASN00041110,19640529,PRCP,0,,,a,
ASN00041110,19640530,PRCP,0,,,a,
ASN00041110,19640531,PRCP,490,,,a,
ASN00041110,19640601,PRCP,5,,,a,
ASN00041110,19640602,PRCP,0,,,a,
ASN00041110,19640603,PRCP,0,,,a,
ASN00041110,19640604,PRCP,0,,,a,
ASN00041110,19640605,PRCP,0,,,a,
ASN00041110,19640606,PRCP,0,,,a,
ASN00041110,19640607,PRCP,0,,,a,
ASN00041110,19640608,PRCP,0,,,a,
ASN00041110,19640609,PRCP,0,,,a,
ASN00041110,19640610,PRCP,15,,,a,
ASN00041110,19640611,PRCP,0,,,a,
ASN00041110,19640612,PRCP,0,,,a,
ASN00041110,19640613,PRCP,0,,,a,
ASN00041110,19640614,PRCP,0,,,a,
ASN00041110,19640615,PRCP,0,,,a,
ASN00041110,19640616,PRCP,0,,,a,
ASN00041110,19640617,PRCP,0,,,a,
ASN00041110,19640618,PRCP,0,,,a,
ASN00041110,19640619,PRCP,0,,,a,
ASN00041110,19640620,PRCP,175,,,a,
ASN00041110,19640621,PRCP,0,,,a,
ASN00041110,19640622,PRCP,0,,,a,
ASN00041110,19640623,PRCP,0,,,a,
ASN00041110,19640624,PRCP,0,,,a,
ASN00041110,19640625,PRCP,0,,,a,
ASN00041110,19640626,PRCP,0,,,a,
ASN00041110,19640627,PRCP,0,,,a,
ASN00041110,19640628,PRCP,0,,,a,
ASN00041110,19640629,PRCP,0,,,a,
ASN00041110,19640630,PRCP,0,,,a,
ASN00041110,19640701,PRCP,0,,,a,
ASN00041110,19640702,PRCP,0,,,a,
ASN00041110,19640703,PRCP,168,,,a,
ASN00041110,19640704,PRCP,0,,,a,
ASN00041110,19640705,PRCP,0,,,a,
ASN00041110,19640706,PRCP,0,,,a,
ASN00041110,19640707,PRCP,0,,,a,
ASN00041110,19640708,PRCP,0,,,a,
ASN00041110,19640709,PRCP,0,,,a,
ASN00041110,19640710,PRCP,0,,,a,
ASN00041110,19640711,PRCP,267,,,a,
ASN00041110,19640712,PRCP,0,,,a,
ASN00041110,19640713,PRCP,0,,,a,
ASN00041110,19640714,PRCP,0,,,a,
ASN00041110,19640715,PRCP,0,,,a,
ASN00041110,19640716,PRCP,0,,,a,
ASN00041110,19640717,PRCP,0,,,a,
ASN00041110,19640718,PRCP,0,,,a,
ASN00041110,19640719,PRCP,0,,,a,
ASN00041110,19640720,PRCP,0,,,a,
ASN00041110,19640721,PRCP,0,,,a,
ASN00041110,19640722,PRCP,0,,,a,
ASN00041110,19640723,PRCP,0,,,a,
ASN00041110,19640724,PRCP,0,,,a,
ASN00041110,19640725,PRCP,0,,,a,
ASN00041110,19640726,PRCP,0,,,a,
ASN00041110,19640727,PRCP,0,,,a,
ASN00041110,19640728,PRCP,0,,,a,
ASN00041110,19640729,PRCP,0,,,a,
ASN00041110,19640730,PRCP,0,,,a,
ASN00041110,19640731,PRCP,0,,,a,
ASN00041110,19640801,PRCP,0,,,a,
ASN00041110,19640802,PRCP,0,,,a,
ASN00041110,19640803,PRCP,0,,,a,
ASN00041110,19640804,PRCP,0,,,a,
ASN00041110,19640805,PRCP,0,,,a,
ASN00041110,19640806,PRCP,0,,,a,
ASN00041110,19640807,PRCP,0,,,a,
ASN00041110,19640808,PRCP,0,,,a,
ASN00041110,19640809,PRCP,0,,,a,
ASN00041110,19640810,PRCP,0,,,a,
ASN00041110,19640811,PRCP,0,,,a,
ASN00041110,19640812,PRCP,0,,,a,
ASN00041110,19640813,PRCP,0,,,a,
ASN00041110,19640814,PRCP,0,,,a,
ASN00041110,19640815,PRCP,0,,,a,
ASN00041110,19640816,PRCP,0,,,a,
ASN00041110,19640817,PRCP,0,,,a,
ASN00041110,19640818,PRCP,0,,,a,
ASN00041110,19640819,PRCP,0,,,a,
ASN00041110,19640820,PRCP,0,,,a,
ASN00041110,19640821,PRCP,0,,,a,
ASN00041110,19640822,PRCP,0,,,a,
ASN00041110,19640823,PRCP,0,,,a,
ASN00041110,19640824,PRCP,216,,,a,
ASN00041110,19640825,PRCP,48,,,a,
ASN00041110,19640826,PRCP,0,,,a,
ASN00041110,19640827,PRCP,0,,,a,
ASN00041110,19640828,PRCP,0,,,a,
ASN00041110,19640829,PRCP,0,,,a,
ASN00041110,19640830,PRCP,0,,,a,
ASN00041110,19640831,PRCP,0,,,a,
ASN00041110,19640901,PRCP,0,,,a,
ASN00041110,19640902,PRCP,0,,,a,
ASN00041110,19640903,PRCP,0,,,a,
ASN00041110,19640904,PRCP,0,,,a,
ASN00041110,19640905,PRCP,0,,,a,
ASN00041110,19640906,PRCP,0,,,a,
ASN00041110,19640907,PRCP,0,,,a,
ASN00041110,19640908,PRCP,0,,,a,
ASN00041110,19640909,PRCP,0,,,a,
ASN00041110,19640910,PRCP,0,,,a,
ASN00041110,19640911,PRCP,0,,,a,
ASN00041110,19640912,PRCP,51,,,a,
ASN00041110,19640913,PRCP,0,,,a,
ASN00041110,19640914,PRCP,0,,,a,
ASN00041110,19640915,PRCP,0,,,a,
ASN00041110,19640916,PRCP,0,,,a,
ASN00041110,19640917,PRCP,0,,,a,
ASN00041110,19640918,PRCP,0,,,a,
ASN00041110,19640919,PRCP,0,,,a,
ASN00041110,19640920,PRCP,0,,,a,
ASN00041110,19640921,PRCP,0,,,a,
ASN00041110,19640922,PRCP,0,,,a,
ASN00041110,19640923,PRCP,0,,,a,
ASN00041110,19640924,PRCP,0,,,a,
ASN00041110,19640925,PRCP,0,,,a,
ASN00041110,19640926,PRCP,0,,,a,
ASN00041110,19640927,PRCP,203,,,a,
ASN00041110,19640928,PRCP,23,,,a,
ASN00041110,19640929,PRCP,178,,,a,
ASN00041110,19640930,PRCP,0,,,a,
ASN00041110,19641001,PRCP,0,,,a,
ASN00041110,19641002,PRCP,0,,,a,
ASN00041110,19641003,PRCP,241,,,a,
ASN00041110,19641004,PRCP,0,,,a,
ASN00041110,19641005,PRCP,0,,,a,
ASN00041110,19641006,PRCP,15,,,a,
ASN00041110,19641007,PRCP,0,,,a,
ASN00041110,19641008,PRCP,20,,,a,
ASN00041110,19641009,PRCP,0,,,a,
ASN00041110,19641010,PRCP,0,,,a,
ASN00041110,19641011,PRCP,178,,,a,
ASN00041110,19641012,PRCP,0,,,a,
ASN00041110,19641013,PRCP,0,,,a,
ASN00041110,19641014,PRCP,0,,,a,
ASN00041110,19641015,PRCP,0,,,a,
ASN00041110,19641016,PRCP,0,,,a,
ASN00041110,19641017,PRCP,102,,,a,
ASN00041110,19641018,PRCP,0,,,a,
ASN00041110,19641019,PRCP,0,,,a,
ASN00041110,19641020,PRCP,0,,,a,
ASN00041110,19641021,PRCP,0,,,a,
ASN00041110,19641022,PRCP,0,,,a,
ASN00041110,19641023,PRCP,0,,,a,
ASN00041110,19641024,PRCP,127,,,a,
ASN00041110,19641025,PRCP,0,,,a,
ASN00041110,19641026,PRCP,0,,,a,
ASN00041110,19641027,PRCP,8,,,a,
ASN00041110,19641028,PRCP,0,,,a,
ASN00041110,19641029,PRCP,0,,,a,
ASN00041110,19641030,PRCP,0,,,a,
ASN00041110,19641031,PRCP,135,,,a,
ASN00041110,19641101,PRCP,0,,,a,
ASN00041110,19641102,PRCP,0,,,a,
ASN00041110,19641103,PRCP,0,,,a,
ASN00041110,19641104,PRCP,0,,,a,
ASN00041110,19641105,PRCP,0,,,a,
ASN00041110,19641106,PRCP,0,,,a,
ASN00041110,19641107,PRCP,0,,,a,
ASN00041110,19641108,PRCP,0,,,a,
ASN00041110,19641109,PRCP,0,,,a,
ASN00041110,19641110,PRCP,0,,,a,
ASN00041110,19641111,PRCP,0,,,a,
ASN00041110,19641112,PRCP,20,,,a,
ASN00041110,19641113,PRCP,58,,,a,
ASN00041110,19641114,PRCP,0,,,a,
ASN00041110,19641115,PRCP,0,,,a,
ASN00041110,19641116,PRCP,0,,,a,
ASN00041110,19641117,PRCP,0,,,a,
ASN00041110,19641118,PRCP,0,,,a,
ASN00041110,19641119,PRCP,0,,,a,
ASN00041110,19641120,PRCP,0,,,a,
ASN00041110,19641121,PRCP,0,,,a,
ASN00041110,19641122,PRCP,0,,,a,
ASN00041110,19641123,PRCP,89,,,a,
ASN00041110,19641124,PRCP,0,,,a,
ASN00041110,19641125,PRCP,0,,,a,
ASN00041110,19641126,PRCP,0,,,a,
ASN00041110,19641127,PRCP,0,,,a,
ASN00041110,19641128,PRCP,0,,,a,
ASN00041110,19641129,PRCP,0,,,a,
ASN00041110,19641130,PRCP,0,,,a,
ASN00041110,19641201,PRCP,0,,,a,
ASN00041110,19641202,PRCP,0,,,a,
ASN00041110,19641203,PRCP,0,,,a,
ASN00041110,19641204,PRCP,0,,,a,
ASN00041110,19641205,PRCP,0,,,a,
ASN00041110,19641206,PRCP,0,,,a,
ASN00041110,19641207,PRCP,0,,,a,
ASN00041110,19641208,PRCP,0,,,a,
ASN00041110,19641209,PRCP,0,,,a,
ASN00041110,19641210,PRCP,76,,,a,
ASN00041110,19641211,PRCP,0,,,a,
ASN00041110,19641212,PRCP,0,,,a,
ASN00041110,19641213,PRCP,0,,,a,
ASN00041110,19641214,PRCP,0,,,a,
ASN00041110,19641215,PRCP,0,,,a,
ASN00041110,19641216,PRCP,0,,,a,
ASN00041110,19641217,PRCP,0,,,a,
ASN00041110,19641218,PRCP,0,,,a,
ASN00041110,19641219,PRCP,0,,,a,
ASN00041110,19641220,PRCP,0,,,a,
ASN00041110,19641221,PRCP,0,,,a,
ASN00041110,19641222,PRCP,0,,,a,
ASN00041110,19641223,PRCP,43,,,a,
ASN00041110,19641224,PRCP,0,,,a,
ASN00041110,19641225,PRCP,0,,,a,
ASN00041110,19641226,PRCP,191,,,a,
ASN00041110,19641227,PRCP,318,,,a,
ASN00041110,19641228,PRCP,79,,,a,
ASN00041110,19641229,PRCP,0,,,a,
ASN00041110,19641230,PRCP,0,,,a,
ASN00041110,19641231,PRCP,0,,,a,
ASN00041110,19650101,PRCP,0,,,a,
ASN00041110,19650102,PRCP,0,,,a,
ASN00041110,19650103,PRCP,0,,,a,
ASN00041110,19650104,PRCP,76,,,a,
ASN00041110,19650105,PRCP,0,,,a,
ASN00041110,19650106,PRCP,0,,,a,
ASN00041110,19650107,PRCP,18,,,a,
ASN00041110,19650108,PRCP,0,,,a,
ASN00041110,19650109,PRCP,0,,,a,
ASN00041110,19650110,PRCP,0,,,a,
ASN00041110,19650111,PRCP,0,,,a,
ASN00041110,19650112,PRCP,0,,,a,
ASN00041110,19650113,PRCP,0,,,a,
ASN00041110,19650114,PRCP,0,,,a,
ASN00041110,19650115,PRCP,0,,,a,
ASN00041110,19650116,PRCP,0,,,a,
ASN00041110,19650117,PRCP,0,,,a,
ASN00041110,19650118,PRCP,0,,,a,
ASN00041110,19650119,PRCP,0,,,a,
ASN00041110,19650120,PRCP,0,,,a,
ASN00041110,19650121,PRCP,0,,,a,
ASN00041110,19650122,PRCP,0,,,a,
ASN00041110,19650123,PRCP,457,,,a,
ASN00041110,19650124,PRCP,41,,,a,
ASN00041110,19650125,PRCP,0,,,a,
ASN00041110,19650126,PRCP,43,,,a,
ASN00041110,19650127,PRCP,0,,,a,
ASN00041110,19650128,PRCP,0,,,a,
ASN00041110,19650129,PRCP,0,,,a,
ASN00041110,19650130,PRCP,0,,,a,
ASN00041110,19650131,PRCP,429,,,a,
ASN00041110,19650201,PRCP,0,,,a,
ASN00041110,19650202,PRCP,0,,,a,
ASN00041110,19650203,PRCP,0,,,a,
ASN00041110,19650204,PRCP,0,,,a,
ASN00041110,19650205,PRCP,0,,,a,
ASN00041110,19650206,PRCP,0,,,a,
ASN00041110,19650207,PRCP,0,,,a,
ASN00041110,19650208,PRCP,0,,,a,
ASN00041110,19650209,PRCP,0,,,a,
ASN00041110,19650210,PRCP,20,,,a,
ASN00041110,19650211,PRCP,0,,,a,
ASN00041110,19650212,PRCP,0,,,a,
ASN00041110,19650213,PRCP,0,,,a,
ASN00041110,19650214,PRCP,0,,,a,
ASN00041110,19650215,PRCP,0,,,a,
ASN00041110,19650216,PRCP,0,,,a,
ASN00041110,19650217,PRCP,0,,,a,
ASN00041110,19650218,PRCP,0,,,a,
ASN00041110,19650219,PRCP,0,,,a,
ASN00041110,19650220,PRCP,0,,,a,
ASN00041110,19650221,PRCP,0,,,a,
ASN00041110,19650222,PRCP,0,,,a,
ASN00041110,19650223,PRCP,0,,,a,
ASN00041110,19650224,PRCP,0,,,a,
ASN00041110,19650225,PRCP,0,,,a,
ASN00041110,19650226,PRCP,0,,,a,
ASN00041110,19650227,PRCP,0,,,a,
ASN00041110,19650228,PRCP,33,,,a,
ASN00041110,19650301,PRCP,0,,,a,
ASN00041110,19650302,PRCP,0,,,a,
ASN00041110,19650303,PRCP,0,,,a,
ASN00041110,19650304,PRCP,0,,,a,
ASN00041110,19650305,PRCP,0,,,a,
ASN00041110,19650306,PRCP,0,,,a,
ASN00041110,19650307,PRCP,0,,,a,
ASN00041110,19650308,PRCP,0,,,a,
ASN00041110,19650309,PRCP,0,,,a,
ASN00041110,19650310,PRCP,0,,,a,
ASN00041110,19650311,PRCP,48,,,a,
ASN00041110,19650312,PRCP,0,,,a,
ASN00041110,19650313,PRCP,0,,,a,
ASN00041110,19650314,PRCP,0,,,a,
ASN00041110,19650315,PRCP,0,,,a,
ASN00041110,19650316,PRCP,0,,,a,
ASN00041110,19650317,PRCP,0,,,a,
ASN00041110,19650318,PRCP,0,,,a,
ASN00041110,19650319,PRCP,0,,,a,
ASN00041110,19650320,PRCP,0,,,a,
ASN00041110,19650321,PRCP,0,,,a,
ASN00041110,19650322,PRCP,0,,,a,
ASN00041110,19650323,PRCP,0,,,a,
ASN00041110,19650324,PRCP,0,,,a,
ASN00041110,19650325,PRCP,0,,,a,
ASN00041110,19650326,PRCP,0,,,a,
ASN00041110,19650327,PRCP,0,,,a,
ASN00041110,19650328,PRCP,0,,,a,
ASN00041110,19650329,PRCP,0,,,a,
ASN00041110,19650330,PRCP,0,,,a,
ASN00041110,19650331,PRCP,0,,,a,
ASN00041110,19650401,PRCP,0,,,a,
ASN00041110,19650402,PRCP,0,,,a,
ASN00041110,19650403,PRCP,0,,,a,
ASN00041110,19650404,PRCP,0,,,a,
ASN00041110,19650405,PRCP,0,,,a,
ASN00041110,19650406,PRCP,0,,,a,
ASN00041110,19650407,PRCP,84,,,a,
ASN00041110,19650408,PRCP,0,,,a,
ASN00041110,19650409,PRCP,0,,,a,
ASN00041110,19650410,PRCP,0,,,a,
ASN00041110,19650411,PRCP,0,,,a,
ASN00041110,19650412,PRCP,0,,,a,
ASN00041110,19650413,PRCP,30,,,a,
ASN00041110,19650414,PRCP,0,,,a,
ASN00041110,19650415,PRCP,0,,,a,
ASN00041110,19650416,PRCP,0,,,a,
ASN00041110,19650417,PRCP,0,,,a,
ASN00041110,19650418,PRCP,0,,,a,
ASN00041110,19650419,PRCP,0,,,a,
ASN00041110,19650420,PRCP,0,,,a,
ASN00041110,19650421,PRCP,0,,,a,
ASN00041110,19650422,PRCP,0,,,a,
ASN00041110,19650423,PRCP,0,,,a,
ASN00041110,19650424,PRCP,0,,,a,
ASN00041110,19650425,PRCP,0,,,a,
ASN00041110,19650426,PRCP,0,,,a,
ASN00041110,19650427,PRCP,51,,,a,
ASN00041110,19650428,PRCP,0,,,a,
ASN00041110,19650429,PRCP,0,,,a,
ASN00041110,19650430,PRCP,0,,,a,
ASN00041110,19650501,PRCP,30,,,a,
ASN00041110,19650502,PRCP,58,,,a,
ASN00041110,19650503,PRCP,0,,,a,
ASN00041110,19650504,PRCP,0,,,a,
ASN00041110,19650505,PRCP,0,,,a,
ASN00041110,19650506,PRCP,3,,,a,
ASN00041110,19650507,PRCP,10,,,a,
ASN00041110,19650508,PRCP,18,,,a,
ASN00041110,19650509,PRCP,0,,,a,
ASN00041110,19650510,PRCP,0,,,a,
ASN00041110,19650511,PRCP,0,,,a,
ASN00041110,19650512,PRCP,0,,,a,
ASN00041110,19650513,PRCP,0,,,a,
ASN00041110,19650514,PRCP,0,,,a,
ASN00041110,19650515,PRCP,0,,,a,
ASN00041110,19650516,PRCP,0,,,a,
ASN00041110,19650517,PRCP,0,,,a,
ASN00041110,19650518,PRCP,0,,,a,
ASN00041110,19650519,PRCP,0,,,a,
ASN00041110,19650520,PRCP,0,,,a,
ASN00041110,19650521,PRCP,0,,,a,
ASN00041110,19650522,PRCP,0,,,a,
ASN00041110,19650523,PRCP,0,,,a,
ASN00041110,19650524,PRCP,0,,,a,
ASN00041110,19650525,PRCP,0,,,a,
ASN00041110,19650526,PRCP,0,,,a,
ASN00041110,19650527,PRCP,0,,,a,
ASN00041110,19650528,PRCP,0,,,a,
ASN00041110,19650529,PRCP,0,,,a,
ASN00041110,19650530,PRCP,0,,,a,
ASN00041110,19650531,PRCP,0,,,a,
ASN00041110,19650601,PRCP,0,,,a,
ASN00041110,19650602,PRCP,0,,,a,
ASN00041110,19650603,PRCP,13,,,a,
ASN00041110,19650604,PRCP,0,,,a,
ASN00041110,19650605,PRCP,0,,,a,
ASN00041110,19650606,PRCP,0,,,a,
ASN00041110,19650607,PRCP,0,,,a,
ASN00041110,19650608,PRCP,0,,,a,
ASN00041110,19650609,PRCP,0,,,a,
ASN00041110,19650610,PRCP,0,,,a,
ASN00041110,19650611,PRCP,0,,,a,
ASN00041110,19650612,PRCP,0,,,a,
ASN00041110,19650613,PRCP,0,,,a,
ASN00041110,19650614,PRCP,0,,,a,
ASN00041110,19650615,PRCP,10,,,a,
ASN00041110,19650616,PRCP,0,,,a,
ASN00041110,19650617,PRCP,0,,,a,
ASN00041110,19650618,PRCP,0,,,a,
ASN00041110,19650619,PRCP,0,,,a,
ASN00041110,19650620,PRCP,0,,,a,
ASN00041110,19650621,PRCP,152,,,a,
ASN00041110,19650622,PRCP,8,,,a,
ASN00041110,19650623,PRCP,23,,,a,
ASN00041110,19650624,PRCP,38,,,a,
ASN00041110,19650625,PRCP,0,,,a,
ASN00041110,19650626,PRCP,0,,,a,
ASN00041110,19650627,PRCP,0,,,a,
ASN00041110,19650628,PRCP,0,,,a,
ASN00041110,19650629,PRCP,0,,,a,
ASN00041110,19650630,PRCP,0,,,a,
ASN00041110,19650701,PRCP,0,,,a,
ASN00041110,19650702,PRCP,0,,,a,
ASN00041110,19650703,PRCP,0,,,a,
ASN00041110,19650704,PRCP,71,,,a,
ASN00041110,19650705,PRCP,0,,,a,
ASN00041110,19650706,PRCP,0,,,a,
ASN00041110,19650707,PRCP,0,,,a,
ASN00041110,19650708,PRCP,0,,,a,
ASN00041110,19650709,PRCP,0,,,a,
ASN00041110,19650710,PRCP,0,,,a,
ASN00041110,19650711,PRCP,0,,,a,
ASN00041110,19650712,PRCP,0,,,a,
ASN00041110,19650713,PRCP,0,,,a,
ASN00041110,19650714,PRCP,0,,,a,
ASN00041110,19650715,PRCP,0,,,a,
ASN00041110,19650716,PRCP,0,,,a,
ASN00041110,19650717,PRCP,0,,,a,
ASN00041110,19650718,PRCP,0,,,a,
ASN00041110,19650719,PRCP,46,,,a,
ASN00041110,19650720,PRCP,523,,,a,
ASN00041110,19650721,PRCP,559,,,a,
ASN00041110,19650722,PRCP,0,,,a,
ASN00041110,19650723,PRCP,0,,,a,
ASN00041110,19650724,PRCP,0,,,a,
ASN00041110,19650725,PRCP,0,,,a,
ASN00041110,19650726,PRCP,0,,,a,
ASN00041110,19650727,PRCP,0,,,a,
ASN00041110,19650728,PRCP,0,,,a,
ASN00041110,19650729,PRCP,0,,,a,
ASN00041110,19650730,PRCP,0,,,a,
ASN00041110,19650731,PRCP,0,,,a,
ASN00041110,19650801,PRCP,216,,,a,
ASN00041110,19650802,PRCP,0,,,a,
ASN00041110,19650803,PRCP,0,,,a,
ASN00041110,19650804,PRCP,18,,,a,
ASN00041110,19650805,PRCP,0,,,a,
ASN00041110,19650806,PRCP,0,,,a,
ASN00041110,19650807,PRCP,0,,,a,
ASN00041110,19650808,PRCP,0,,,a,
ASN00041110,19650809,PRCP,0,,,a,
ASN00041110,19650810,PRCP,0,,,a,
ASN00041110,19650811,PRCP,0,,,a,
ASN00041110,19650812,PRCP,0,,,a,
ASN00041110,19650813,PRCP,0,,,a,
ASN00041110,19650814,PRCP,0,,,a,
ASN00041110,19650815,PRCP,0,,,a,
ASN00041110,19650816,PRCP,0,,,a,
ASN00041110,19650817,PRCP,53,,,a,
ASN00041110,19650818,PRCP,15,,,a,
ASN00041110,19650819,PRCP,0,,,a,
ASN00041110,19650820,PRCP,0,,,a,
ASN00041110,19650821,PRCP,0,,,a,
ASN00041110,19650822,PRCP,0,,,a,
ASN00041110,19650823,PRCP,0,,,a,
ASN00041110,19650824,PRCP,0,,,a,
ASN00041110,19650825,PRCP,0,,,a,
ASN00041110,19650826,PRCP,119,,,a,
ASN00041110,19650827,PRCP,0,,,a,
ASN00041110,19650828,PRCP,0,,,a,
ASN00041110,19650829,PRCP,0,,,a,
ASN00041110,19650830,PRCP,0,,,a,
ASN00041110,19650831,PRCP,0,,,a,
ASN00041110,19650901,PRCP,0,,,a,
ASN00041110,19650902,PRCP,0,,,a,
ASN00041110,19650903,PRCP,0,,,a,
ASN00041110,19650904,PRCP,0,,,a,
ASN00041110,19650905,PRCP,0,,,a,
ASN00041110,19650906,PRCP,0,,,a,
ASN00041110,19650907,PRCP,0,,,a,
ASN00041110,19650908,PRCP,130,,,a,
ASN00041110,19650909,PRCP,0,,,a,
ASN00041110,19650910,PRCP,0,,,a,
ASN00041110,19650911,PRCP,0,,,a,
ASN00041110,19650912,PRCP,0,,,a,
ASN00041110,19650913,PRCP,196,,,a,
ASN00041110,19650914,PRCP,8,,,a,
ASN00041110,19650915,PRCP,0,,,a,
ASN00041110,19650916,PRCP,0,,,a,
ASN00041110,19650917,PRCP,0,,,a,
ASN00041110,19650918,PRCP,0,,,a,
ASN00041110,19650919,PRCP,0,,,a,
ASN00041110,19650920,PRCP,0,,,a,
ASN00041110,19650921,PRCP,0,,,a,
ASN00041110,19650922,PRCP,0,,,a,
ASN00041110,19650923,PRCP,0,,,a,
ASN00041110,19650924,PRCP,0,,,a,
ASN00041110,19650925,PRCP,0,,,a,
ASN00041110,19650926,PRCP,0,,,a,
ASN00041110,19650927,PRCP,0,,,a,
ASN00041110,19650928,PRCP,0,,,a,
ASN00041110,19650929,PRCP,0,,,a,
ASN00041110,19650930,PRCP,0,,,a,
ASN00041110,19651001,PRCP,0,,,a,
ASN00041110,19651002,PRCP,0,,,a,
ASN00041110,19651003,PRCP,0,,,a,
ASN00041110,19651004,PRCP,0,,,a,
ASN00041110,19651005,PRCP,0,,,a,
ASN00041110,19651006,PRCP,0,,,a,
ASN00041110,19651007,PRCP,0,,,a,
ASN00041110,19651008,PRCP,0,,,a,
ASN00041110,19651009,PRCP,0,,,a,
ASN00041110,19651010,PRCP,25,,,a,
ASN00041110,19651011,PRCP,109,,,a,
ASN00041110,19651012,PRCP,0,,,a,
ASN00041110,19651013,PRCP,0,,,a,
ASN00041110,19651014,PRCP,0,,,a,
ASN00041110,19651015,PRCP,0,,,a,
ASN00041110,19651016,PRCP,0,,,a,
ASN00041110,19651017,PRCP,0,,,a,
ASN00041110,19651018,PRCP,127,,,a,
ASN00041110,19651019,PRCP,0,,,a,
ASN00041110,19651020,PRCP,0,,,a,
ASN00041110,19651021,PRCP,0,,,a,
ASN00041110,19651022,PRCP,0,,,a,
ASN00041110,19651023,PRCP,0,,,a,
ASN00041110,19651024,PRCP,0,,,a,
ASN00041110,19651025,PRCP,0,,,a,
ASN00041110,19651026,PRCP,0,,,a,
ASN00041110,19651027,PRCP,0,,,a,
ASN00041110,19651028,PRCP,0,,,a,
ASN00041110,19651029,PRCP,0,,,a,
ASN00041110,19651030,PRCP,0,,,a,
ASN00041110,19651031,PRCP,0,,,a,
ASN00041110,19651101,PRCP,0,,,a,
ASN00041110,19651102,PRCP,0,,,a,
ASN00041110,19651103,PRCP,0,,,a,
ASN00041110,19651104,PRCP,0,,,a,
ASN00041110,19651105,PRCP,0,,,a,
ASN00041110,19651106,PRCP,0,,,a,
ASN00041110,19651107,PRCP,0,,,a,
ASN00041110,19651108,PRCP,0,,,a,
ASN00041110,19651109,PRCP,0,,,a,
ASN00041110,19651110,PRCP,71,,,a,
ASN00041110,19651111,PRCP,0,,,a,
ASN00041110,19651112,PRCP,0,,,a,
ASN00041110,19651113,PRCP,0,,,a,
ASN00041110,19651114,PRCP,0,,,a,
ASN00041110,19651115,PRCP,0,,,a,
ASN00041110,19651116,PRCP,0,,,a,
ASN00041110,19651117,PRCP,0,,,a,
ASN00041110,19651118,PRCP,0,,,a,
ASN00041110,19651119,PRCP,0,,,a,
ASN00041110,19651120,PRCP,0,,,a,
ASN00041110,19651121,PRCP,0,,,a,
ASN00041110,19651122,PRCP,0,,,a,
ASN00041110,19651123,PRCP,10,,,a,
ASN00041110,19651124,PRCP,0,,,a,
ASN00041110,19651125,PRCP,0,,,a,
ASN00041110,19651126,PRCP,0,,,a,
ASN00041110,19651127,PRCP,0,,,a,
ASN00041110,19651128,PRCP,0,,,a,
ASN00041110,19651129,PRCP,13,,,a,
ASN00041110,19651130,PRCP,46,,,a,
ASN00041110,19651201,PRCP,404,,,a,
ASN00041110,19651202,PRCP,0,,,a,
ASN00041110,19651203,PRCP,0,,,a,
ASN00041110,19651204,PRCP,0,,,a,
ASN00041110,19651205,PRCP,112,,,a,
ASN00041110,19651206,PRCP,732,,,a,
ASN00041110,19651207,PRCP,0,,,a,
ASN00041110,19651208,PRCP,152,,,a,
ASN00041110,19651209,PRCP,56,,,a,
ASN00041110,19651210,PRCP,0,,,a,
ASN00041110,19651211,PRCP,142,,,a,
ASN00041110,19651212,PRCP,13,,,a,
ASN00041110,19651213,PRCP,0,,,a,
ASN00041110,19651214,PRCP,0,,,a,
ASN00041110,19651215,PRCP,81,,,a,
ASN00041110,19651216,PRCP,0,,,a,
ASN00041110,19651217,PRCP,0,,,a,
ASN00041110,19651218,PRCP,0,,,a,
ASN00041110,19651219,PRCP,0,,,a,
ASN00041110,19651220,PRCP,0,,,a,
ASN00041110,19651221,PRCP,0,,,a,
ASN00041110,19651222,PRCP,0,,,a,
ASN00041110,19651223,PRCP,0,,,a,
ASN00041110,19651224,PRCP,0,,,a,
ASN00041110,19651225,PRCP,0,,,a,
ASN00041110,19651226,PRCP,0,,,a,
ASN00041110,19651227,PRCP,0,,,a,
ASN00041110,19651228,PRCP,0,,,a,
ASN00041110,19651229,PRCP,0,,,a,
ASN00041110,19651230,PRCP,0,,,a,
ASN00041110,19651231,PRCP,0,,,a,
ASN00041110,19660101,PRCP,0,,,a,
ASN00041110,19660102,PRCP,0,,,a,
ASN00041110,19660103,PRCP,0,,,a,
ASN00041110,19660104,PRCP,0,,,a,
ASN00041110,19660105,PRCP,0,,,a,
ASN00041110,19660106,PRCP,0,,,a,
ASN00041110,19660107,PRCP,0,,,a,
ASN00041110,19660108,PRCP,0,,,a,
ASN00041110,19660109,PRCP,0,,,a,
ASN00041110,19660110,PRCP,0,,,a,
ASN00041110,19660111,PRCP,0,,,a,
ASN00041110,19660112,PRCP,0,,,a,
ASN00041110,19660113,PRCP,0,,,a,
ASN00041110,19660114,PRCP,0,,,a,
ASN00041110,19660115,PRCP,0,,,a,
ASN00041110,19660116,PRCP,0,,,a,
ASN00041110,19660117,PRCP,0,,,a,
ASN00041110,19660118,PRCP,109,,,a,
ASN00041110,19660119,PRCP,0,,,a,
ASN00041110,19660120,PRCP,0,,,a,
ASN00041110,19660121,PRCP,0,,,a,
ASN00041110,19660122,PRCP,0,,,a,
ASN00041110,19660123,PRCP,145,,,a,
ASN00041110,19660124,PRCP,0,,,a,
ASN00041110,19660125,PRCP,0,,,a,
ASN00041110,19660126,PRCP,0,,,a,
ASN00041110,19660127,PRCP,0,,,a,
ASN00041110,19660128,PRCP,0,,,a,
ASN00041110,19660129,PRCP,0,,,a,
ASN00041110,19660130,PRCP,0,,,a,
ASN00041110,19660131,PRCP,0,,,a,
ASN00041110,19660201,PRCP,0,,,a,
ASN00041110,19660202,PRCP,0,,,a,
ASN00041110,19660203,PRCP,0,,,a,
ASN00041110,19660204,PRCP,0,,,a,
ASN00041110,19660205,PRCP,0,,,a,
ASN00041110,19660206,PRCP,74,,,a,
ASN00041110,19660207,PRCP,0,,,a,
ASN00041110,19660208,PRCP,0,,,a,
ASN00041110,19660209,PRCP,0,,,a,
ASN00041110,19660210,PRCP,0,,,a,
ASN00041110,19660211,PRCP,0,,,a,
ASN00041110,19660212,PRCP,0,,,a,
ASN00041110,19660213,PRCP,0,,,a,
ASN00041110,19660214,PRCP,0,,,a,
ASN00041110,19660215,PRCP,0,,,a,
ASN00041110,19660216,PRCP,0,,,a,
ASN00041110,19660217,PRCP,0,,,a,
ASN00041110,19660218,PRCP,33,,,a,
ASN00041110,19660219,PRCP,0,,,a,
ASN00041110,19660220,PRCP,0,,,a,
ASN00041110,19660221,PRCP,109,,,a,
ASN00041110,19660222,PRCP,0,,,a,
ASN00041110,19660223,PRCP,0,,,a,
ASN00041110,19660224,PRCP,0,,,a,
ASN00041110,19660225,PRCP,18,,,a,
ASN00041110,19660226,PRCP,0,,,a,
ASN00041110,19660227,PRCP,0,,,a,
ASN00041110,19660228,PRCP,0,,,a,
ASN00041110,19660301,PRCP,0,,,a,
ASN00041110,19660302,PRCP,0,,,a,
ASN00041110,19660303,PRCP,0,,,a,
ASN00041110,19660304,PRCP,0,,,a,
ASN00041110,19660305,PRCP,0,,,a,
ASN00041110,19660306,PRCP,0,,,a,
ASN00041110,19660307,PRCP,0,,,a,
ASN00041110,19660308,PRCP,0,,,a,
ASN00041110,19660309,PRCP,0,,,a,
ASN00041110,19660310,PRCP,0,,,a,
ASN00041110,19660311,PRCP,0,,,a,
ASN00041110,19660312,PRCP,0,,,a,
ASN00041110,19660313,PRCP,0,,,a,
ASN00041110,19660314,PRCP,0,,,a,
ASN00041110,19660315,PRCP,0,,,a,
ASN00041110,19660316,PRCP,0,,,a,
ASN00041110,19660317,PRCP,145,,,a,
ASN00041110,19660318,PRCP,0,,,a,
ASN00041110,19660319,PRCP,0,,,a,
ASN00041110,19660320,PRCP,279,,,a,
ASN00041110,19660321,PRCP,0,,,a,
ASN00041110,19660322,PRCP,112,,,a,
ASN00041110,19660323,PRCP,0,,,a,
ASN00041110,19660324,PRCP,84,,,a,
ASN00041110,19660325,PRCP,112,,,a,
ASN00041110,19660326,PRCP,0,,,a,
ASN00041110,19660327,PRCP,0,,,a,
ASN00041110,19660328,PRCP,0,,,a,
ASN00041110,19660329,PRCP,0,,,a,
ASN00041110,19660330,PRCP,0,,,a,
ASN00041110,19660331,PRCP,0,,,a,
ASN00041110,19660401,PRCP,0,,,a,
ASN00041110,19660402,PRCP,0,,,a,
ASN00041110,19660403,PRCP,0,,,a,
ASN00041110,19660404,PRCP,0,,,a,
ASN00041110,19660405,PRCP,0,,,a,
ASN00041110,19660406,PRCP,0,,,a,
ASN00041110,19660407,PRCP,0,,,a,
ASN00041110,19660408,PRCP,0,,,a,
ASN00041110,19660409,PRCP,0,,,a,
ASN00041110,19660410,PRCP,0,,,a,
ASN00041110,19660411,PRCP,0,,,a,
ASN00041110,19660412,PRCP,0,,,a,
ASN00041110,19660413,PRCP,0,,,a,
ASN00041110,19660414,PRCP,0,,,a,
ASN00041110,19660415,PRCP,0,,,a,
ASN00041110,19660416,PRCP,0,,,a,
ASN00041110,19660417,PRCP,0,,,a,
ASN00041110,19660418,PRCP,0,,,a,
ASN00041110,19660419,PRCP,0,,,a,
ASN00041110,19660420,PRCP,0,,,a,
ASN00041110,19660421,PRCP,0,,,a,
ASN00041110,19660422,PRCP,0,,,a,
ASN00041110,19660423,PRCP,0,,,a,
ASN00041110,19660424,PRCP,119,,,a,
ASN00041110,19660425,PRCP,0,,,a,
ASN00041110,19660426,PRCP,64,,,a,
ASN00041110,19660427,PRCP,315,,,a,
ASN00041110,19660428,PRCP,0,,,a,
ASN00041110,19660429,PRCP,0,,,a,
ASN00041110,19660430,PRCP,0,,,a,
ASN00041110,19660501,PRCP,0,,,a,
ASN00041110,19660502,PRCP,0,,,a,
ASN00041110,19660503,PRCP,0,,,a,
ASN00041110,19660504,PRCP,0,,,a,
ASN00041110,19660505,PRCP,0,,,a,
ASN00041110,19660506,PRCP,38,,,a,
ASN00041110,19660507,PRCP,0,,,a,
ASN00041110,19660508,PRCP,0,,,a,
ASN00041110,19660509,PRCP,0,,,a,
ASN00041110,19660510,PRCP,0,,,a,
ASN00041110,19660511,PRCP,0,,,a,
ASN00041110,19660512,PRCP,0,,,a,
ASN00041110,19660513,PRCP,0,,,a,
ASN00041110,19660514,PRCP,0,,,a,
ASN00041110,19660515,PRCP,0,,,a,
ASN00041110,19660516,PRCP,0,,,a,
ASN00041110,19660517,PRCP,0,,,a,
ASN00041110,19660518,PRCP,0,,,a,
ASN00041110,19660519,PRCP,0,,,a,
ASN00041110,19660520,PRCP,0,,,a,
ASN00041110,19660521,PRCP,0,,,a,
ASN00041110,19660522,PRCP,0,,,a,
ASN00041110,19660523,PRCP,0,,,a,
ASN00041110,19660524,PRCP,0,,,a,
ASN00041110,19660525,PRCP,0,,,a,
ASN00041110,19660526,PRCP,0,,,a,
ASN00041110,19660527,PRCP,0,,,a,
ASN00041110,19660528,PRCP,0,,,a,
ASN00041110,19660529,PRCP,0,,,a,
ASN00041110,19660530,PRCP,0,,,a,
ASN00041110,19660531,PRCP,0,,,a,
ASN00041110,19660601,PRCP,180,,,a,
ASN00041110,19660602,PRCP,0,,,a,
ASN00041110,19660603,PRCP,0,,,a,
ASN00041110,19660604,PRCP,0,,,a,
ASN00041110,19660605,PRCP,0,,,a,
ASN00041110,19660606,PRCP,0,,,a,
ASN00041110,19660607,PRCP,0,,,a,
ASN00041110,19660608,PRCP,119,,,a,
ASN00041110,19660609,PRCP,25,,,a,
ASN00041110,19660610,PRCP,79,,,a,
ASN00041110,19660611,PRCP,0,,,a,
ASN00041110,19660612,PRCP,0,,,a,
ASN00041110,19660613,PRCP,0,,,a,
ASN00041110,19660614,PRCP,0,,,a,
ASN00041110,19660615,PRCP,0,,,a,
ASN00041110,19660616,PRCP,0,,,a,
ASN00041110,19660617,PRCP,0,,,a,
ASN00041110,19660618,PRCP,0,,,a,
ASN00041110,19660619,PRCP,0,,,a,
ASN00041110,19660620,PRCP,0,,,a,
ASN00041110,19660621,PRCP,0,,,a,
ASN00041110,19660622,PRCP,0,,,a,
ASN00041110,19660623,PRCP,0,,,a,
ASN00041110,19660624,PRCP,0,,,a,
ASN00041110,19660625,PRCP,0,,,a,
ASN00041110,19660626,PRCP,0,,,a,
ASN00041110,19660627,PRCP,0,,,a,
ASN00041110,19660628,PRCP,0,,,a,
ASN00041110,19660629,PRCP,0,,,a,
ASN00041110,19660630,PRCP,0,,,a,
ASN00041110,19660701,PRCP,0,,,a,
ASN00041110,19660702,PRCP,0,,,a,
ASN00041110,19660703,PRCP,0,,,a,
ASN00041110,19660704,PRCP,0,,,a,
ASN00041110,19660705,PRCP,8,,,a,
ASN00041110,19660706,PRCP,0,,,a,
ASN00041110,19660707,PRCP,0,,,a,
ASN00041110,19660708,PRCP,0,,,a,
ASN00041110,19660709,PRCP,0,,,a,
ASN00041110,19660710,PRCP,0,,,a,
ASN00041110,19660711,PRCP,0,,,a,
ASN00041110,19660712,PRCP,0,,,a,
ASN00041110,19660713,PRCP,10,,,a,
ASN00041110,19660714,PRCP,0,,,a,
ASN00041110,19660715,PRCP,0,,,a,
ASN00041110,19660716,PRCP,0,,,a,
ASN00041110,19660717,PRCP,0,,,a,
ASN00041110,19660718,PRCP,0,,,a,
ASN00041110,19660719,PRCP,0,,,a,
ASN00041110,19660720,PRCP,0,,,a,
ASN00041110,19660721,PRCP,0,,,a,
ASN00041110,19660722,PRCP,0,,,a,
ASN00041110,19660723,PRCP,0,,,a,
ASN00041110,19660724,PRCP,0,,,a,
ASN00041110,19660725,PRCP,0,,,a,
ASN00041110,19660726,PRCP,0,,,a,
ASN00041110,19660727,PRCP,0,,,a,
ASN00041110,19660728,PRCP,0,,,a,
ASN00041110,19660729,PRCP,0,,,a,
ASN00041110,19660730,PRCP,0,,,a,
ASN00041110,19660731,PRCP,0,,,a,
ASN00041110,19660801,PRCP,0,,,a,
ASN00041110,19660802,PRCP,0,,,a,
ASN00041110,19660803,PRCP,0,,,a,
ASN00041110,19660804,PRCP,0,,,a,
ASN00041110,19660805,PRCP,0,,,a,
ASN00041110,19660806,PRCP,0,,,a,
ASN00041110,19660807,PRCP,0,,,a,
ASN00041110,19660808,PRCP,30,,,a,
ASN00041110,19660809,PRCP,0,,,a,
ASN00041110,19660810,PRCP,0,,,a,
ASN00041110,19660811,PRCP,300,,,a,
ASN00041110,19660812,PRCP,0,,,a,
ASN00041110,19660813,PRCP,0,,,a,
ASN00041110,19660814,PRCP,0,,,a,
ASN00041110,19660815,PRCP,0,,,a,
ASN00041110,19660816,PRCP,0,,,a,
ASN00041110,19660817,PRCP,0,,,a,
ASN00041110,19660818,PRCP,15,,,a,
ASN00041110,19660819,PRCP,152,,,a,
ASN00041110,19660820,PRCP,577,,,a,
ASN00041110,19660821,PRCP,0,,,a,
ASN00041110,19660822,PRCP,0,,,a,
ASN00041110,19660823,PRCP,0,,,a,
ASN00041110,19660824,PRCP,0,,,a,
ASN00041110,19660825,PRCP,0,,,a,
ASN00041110,19660826,PRCP,0,,,a,
ASN00041110,19660827,PRCP,0,,,a,
ASN00041110,19660828,PRCP,0,,,a,
ASN00041110,19660829,PRCP,0,,,a,
ASN00041110,19660830,PRCP,0,,,a,
ASN00041110,19660831,PRCP,147,,,a,
ASN00041110,19660901,PRCP,66,,,a,
ASN00041110,19660902,PRCP,0,,,a,
ASN00041110,19660903,PRCP,0,,,a,
ASN00041110,19660904,PRCP,0,,,a,
ASN00041110,19660905,PRCP,0,,,a,
ASN00041110,19660906,PRCP,0,,,a,
ASN00041110,19660907,PRCP,0,,,a,
ASN00041110,19660908,PRCP,28,,,a,
ASN00041110,19660909,PRCP,0,,,a,
ASN00041110,19660910,PRCP,0,,,a,
ASN00041110,19660911,PRCP,0,,,a,
ASN00041110,19660912,PRCP,0,,,a,
ASN00041110,19660913,PRCP,0,,,a,
ASN00041110,19660914,PRCP,0,,,a,
ASN00041110,19660915,PRCP,0,,,a,
ASN00041110,19660916,PRCP,160,,,a,
ASN00041110,19660917,PRCP,0,,,a,
ASN00041110,19660918,PRCP,0,,,a,
ASN00041110,19660919,PRCP,0,,,a,
ASN00041110,19660920,PRCP,0,,,a,
ASN00041110,19660921,PRCP,0,,,a,
ASN00041110,19660922,PRCP,0,,,a,
ASN00041110,19660923,PRCP,0,,,a,
ASN00041110,19660924,PRCP,0,,,a,
ASN00041110,19660925,PRCP,0,,,a,
ASN00041110,19660926,PRCP,0,,,a,
ASN00041110,19660927,PRCP,0,,,a,
ASN00041110,19660928,PRCP,91,,,a,
ASN00041110,19660929,PRCP,0,,,a,
ASN00041110,19660930,PRCP,0,,,a,
ASN00041110,19661001,PRCP,41,,,a,
ASN00041110,19661002,PRCP,0,,,a,
ASN00041110,19661003,PRCP,0,,,a,
ASN00041110,19661004,PRCP,0,,,a,
ASN00041110,19661005,PRCP,0,,,a,
ASN00041110,19661006,PRCP,0,,,a,
ASN00041110,19661007,PRCP,0,,,a,
ASN00041110,19661008,PRCP,0,,,a,
ASN00041110,19661009,PRCP,0,,,a,
ASN00041110,19661010,PRCP,0,,,a,
ASN00041110,19661011,PRCP,0,,,a,
ASN00041110,19661012,PRCP,0,,,a,
ASN00041110,19661013,PRCP,0,,,a,
ASN00041110,19661014,PRCP,0,,,a,
ASN00041110,19661015,PRCP,119,,,a,
ASN00041110,19661016,PRCP,0,,,a,
ASN00041110,19661017,PRCP,269,,,a,
ASN00041110,19661018,PRCP,0,,,a,
ASN00041110,19661019,PRCP,0,,,a,
ASN00041110,19661020,PRCP,0,,,a,
ASN00041110,19661021,PRCP,64,,,a,
ASN00041110,19661022,PRCP,0,,,a,
ASN00041110,19661023,PRCP,0,,,a,
ASN00041110,19661024,PRCP,0,,,a,
ASN00041110,19661025,PRCP,0,,,a,
ASN00041110,19661026,PRCP,0,,,a,
ASN00041110,19661027,PRCP,0,,,a,
ASN00041110,19661028,PRCP,112,,,a,
ASN00041110,19661029,PRCP,0,,,a,
ASN00041110,19661030,PRCP,0,,,a,
ASN00041110,19661031,PRCP,0,,,a,
ASN00041110,19661101,PRCP,0,,,a,
ASN00041110,19661102,PRCP,0,,,a,
ASN00041110,19661103,PRCP,127,,,a,
ASN00041110,19661104,PRCP,0,,,a,
ASN00041110,19661105,PRCP,0,,,a,
ASN00041110,19661106,PRCP,0,,,a,
ASN00041110,19661107,PRCP,0,,,a,
ASN00041110,19661108,PRCP,137,,,a,
ASN00041110,19661109,PRCP,175,,,a,
ASN00041110,19661110,PRCP,0,,,a,
ASN00041110,19661111,PRCP,0,,,a,
ASN00041110,19661112,PRCP,0,,,a,
ASN00041110,19661113,PRCP,0,,,a,
ASN00041110,19661114,PRCP,0,,,a,
ASN00041110,19661115,PRCP,0,,,a,
ASN00041110,19661116,PRCP,0,,,a,
ASN00041110,19661117,PRCP,0,,,a,
ASN00041110,19661118,PRCP,0,,,a,
ASN00041110,19661119,PRCP,0,,,a,
ASN00041110,19661120,PRCP,0,,,a,
ASN00041110,19661121,PRCP,0,,,a,
ASN00041110,19661122,PRCP,0,,,a,
ASN00041110,19661123,PRCP,0,,,a,
ASN00041110,19661124,PRCP,0,,,a,
ASN00041110,19661125,PRCP,0,,,a,
ASN00041110,19661126,PRCP,5,,,a,
ASN00041110,19661127,PRCP,0,,,a,
ASN00041110,19661128,PRCP,0,,,a,
ASN00041110,19661129,PRCP,0,,,a,
ASN00041110,19661130,PRCP,0,,,a,
ASN00041110,19661201,PRCP,0,,,a,
ASN00041110,19661202,PRCP,0,,,a,
ASN00041110,19661203,PRCP,0,,,a,
ASN00041110,19661204,PRCP,0,,,a,
ASN00041110,19661205,PRCP,0,,,a,
ASN00041110,19661206,PRCP,119,,,a,
ASN00041110,19661207,PRCP,191,,,a,
ASN00041110,19661208,PRCP,43,,,a,
ASN00041110,19661209,PRCP,0,,,a,
ASN00041110,19661210,PRCP,0,,,a,
ASN00041110,19661211,PRCP,0,,,a,
ASN00041110,19661212,PRCP,0,,,a,
ASN00041110,19661213,PRCP,0,,,a,
ASN00041110,19661214,PRCP,0,,,a,
ASN00041110,19661215,PRCP,0,,,a,
ASN00041110,19661216,PRCP,0,,,a,
ASN00041110,19661217,PRCP,0,,,a,
ASN00041110,19661218,PRCP,0,,,a,
ASN00041110,19661219,PRCP,0,,,a,
ASN00041110,19661220,PRCP,43,,,a,
ASN00041110,19661221,PRCP,0,,,a,
ASN00041110,19661222,PRCP,0,,,a,
ASN00041110,19661223,PRCP,0,,,a,
ASN00041110,19661224,PRCP,0,,,a,
ASN00041110,19661225,PRCP,0,,,a,
ASN00041110,19661226,PRCP,0,,,a,
ASN00041110,19661227,PRCP,0,,,a,
ASN00041110,19661228,PRCP,0,,,a,
ASN00041110,19661229,PRCP,119,,,a,
ASN00041110,19661230,PRCP,112,,,a,
ASN00041110,19661231,PRCP,178,,,a,
ASN00041110,19670101,PRCP,0,,,a,
ASN00041110,19670102,PRCP,0,,,a,
ASN00041110,19670103,PRCP,0,,,a,
ASN00041110,19670104,PRCP,0,,,a,
ASN00041110,19670105,PRCP,5,,,a,
ASN00041110,19670106,PRCP,41,,,a,
ASN00041110,19670107,PRCP,0,,,a,
ASN00041110,19670108,PRCP,0,,,a,
ASN00041110,19670109,PRCP,0,,,a,
ASN00041110,19670110,PRCP,0,,,a,
ASN00041110,19670111,PRCP,0,,,a,
ASN00041110,19670112,PRCP,0,,,a,
ASN00041110,19670113,PRCP,0,,,a,
ASN00041110,19670114,PRCP,0,,,a,
ASN00041110,19670115,PRCP,0,,,a,
ASN00041110,19670116,PRCP,0,,,a,
ASN00041110,19670117,PRCP,0,,,a,
ASN00041110,19670118,PRCP,0,,,a,
ASN00041110,19670119,PRCP,89,,,a,
ASN00041110,19670120,PRCP,0,,,a,
ASN00041110,19670121,PRCP,0,,,a,
ASN00041110,19670122,PRCP,0,,,a,
ASN00041110,19670123,PRCP,0,,,a,
ASN00041110,19670124,PRCP,0,,,a,
ASN00041110,19670125,PRCP,0,,,a,
ASN00041110,19670126,PRCP,0,,,a,
ASN00041110,19670127,PRCP,0,,,a,
ASN00041110,19670128,PRCP,0,,,a,
ASN00041110,19670129,PRCP,0,,,a,
ASN00041110,19670130,PRCP,41,,,a,
ASN00041110,19670131,PRCP,0,,,a,
ASN00041110,19670201,PRCP,56,,,a,
ASN00041110,19670202,PRCP,48,,,a,
ASN00041110,19670203,PRCP,0,,,a,
ASN00041110,19670204,PRCP,0,,,a,
ASN00041110,19670205,PRCP,0,,,a,
ASN00041110,19670206,PRCP,0,,,a,
ASN00041110,19670207,PRCP,0,,,a,
ASN00041110,19670208,PRCP,0,,,a,
ASN00041110,19670209,PRCP,0,,,a,
ASN00041110,19670210,PRCP,0,,,a,
ASN00041110,19670211,PRCP,0,,,a,
ASN00041110,19670212,PRCP,0,,,a,
ASN00041110,19670213,PRCP,0,,,a,
ASN00041110,19670214,PRCP,0,,,a,
ASN00041110,19670215,PRCP,0,,,a,
ASN00041110,19670216,PRCP,0,,,a,
ASN00041110,19670217,PRCP,0,,,a,
ASN00041110,19670218,PRCP,8,,,a,
ASN00041110,19670219,PRCP,0,,,a,
ASN00041110,19670220,PRCP,0,,,a,
ASN00041110,19670221,PRCP,0,,,a,
ASN00041110,19670222,PRCP,36,,,a,
ASN00041110,19670223,PRCP,188,,,a,
ASN00041110,19670224,PRCP,147,,,a,
ASN00041110,19670225,PRCP,0,,,a,
ASN00041110,19670226,PRCP,0,,,a,
ASN00041110,19670227,PRCP,0,,,a,
ASN00041110,19670228,PRCP,0,,,a,
ASN00041110,19670301,PRCP,18,,,a,
ASN00041110,19670302,PRCP,0,,,a,
ASN00041110,19670303,PRCP,274,,,a,
ASN00041110,19670304,PRCP,0,,,a,
ASN00041110,19670305,PRCP,0,,,a,
ASN00041110,19670306,PRCP,0,,,a,
ASN00041110,19670307,PRCP,0,,,a,
ASN00041110,19670308,PRCP,203,,,a,
ASN00041110,19670309,PRCP,183,,,a,
ASN00041110,19670310,PRCP,15,,,a,
ASN00041110,19670311,PRCP,0,,,a,
ASN00041110,19670312,PRCP,0,,,a,
ASN00041110,19670313,PRCP,0,,,a,
ASN00041110,19670314,PRCP,0,,,a,
ASN00041110,19670315,PRCP,0,,,a,
ASN00041110,19670316,PRCP,0,,,a,
ASN00041110,19670317,PRCP,0,,,a,
ASN00041110,19670318,PRCP,137,,,a,
ASN00041110,19670319,PRCP,18,,,a,
ASN00041110,19670320,PRCP,0,,,a,
ASN00041110,19670321,PRCP,0,,,a,
ASN00041110,19670322,PRCP,0,,,a,
ASN00041110,19670323,PRCP,0,,,a,
ASN00041110,19670324,PRCP,0,,,a,
ASN00041110,19670325,PRCP,0,,,a,
ASN00041110,19670326,PRCP,0,,,a,
ASN00041110,19670327,PRCP,0,,,a,
ASN00041110,19670328,PRCP,0,,,a,
ASN00041110,19670329,PRCP,0,,,a,
ASN00041110,19670330,PRCP,0,,,a,
ASN00041110,19670331,PRCP,0,,,a,
ASN00041110,19670401,PRCP,0,,,a,
ASN00041110,19670402,PRCP,0,,,a,
ASN00041110,19670403,PRCP,0,,,a,
ASN00041110,19670404,PRCP,0,,,a,
ASN00041110,19670405,PRCP,0,,,a,
ASN00041110,19670406,PRCP,0,,,a,
ASN00041110,19670407,PRCP,0,,,a,
ASN00041110,19670408,PRCP,0,,,a,
ASN00041110,19670409,PRCP,0,,,a,
ASN00041110,19670410,PRCP,53,,,a,
ASN00041110,19670411,PRCP,0,,,a,
ASN00041110,19670412,PRCP,0,,,a,
ASN00041110,19670413,PRCP,0,,,a,
ASN00041110,19670414,PRCP,0,,,a,
ASN00041110,19670415,PRCP,0,,,a,
ASN00041110,19670416,PRCP,0,,,a,
ASN00041110,19670417,PRCP,0,,,a,
ASN00041110,19670418,PRCP,0,,,a,
ASN00041110,19670419,PRCP,0,,,a,
ASN00041110,19670420,PRCP,0,,,a,
ASN00041110,19670421,PRCP,0,,,a,
ASN00041110,19670422,PRCP,0,,,a,
ASN00041110,19670423,PRCP,0,,,a,
ASN00041110,19670424,PRCP,0,,,a,
ASN00041110,19670425,PRCP,0,,,a,
ASN00041110,19670426,PRCP,0,,,a,
ASN00041110,19670427,PRCP,0,,,a,
ASN00041110,19670428,PRCP,0,,,a,
ASN00041110,19670429,PRCP,0,,,a,
ASN00041110,19670430,PRCP,0,,,a,
ASN00041110,19670501,PRCP,0,,,a,
ASN00041110,19670502,PRCP,0,,,a,
ASN00041110,19670503,PRCP,0,,,a,
ASN00041110,19670504,PRCP,0,,,a,
ASN00041110,19670505,PRCP,0,,,a,
ASN00041110,19670506,PRCP,0,,,a,
ASN00041110,19670507,PRCP,196,,,a,
ASN00041110,19670508,PRCP,0,,,a,
ASN00041110,19670509,PRCP,0,,,a,
ASN00041110,19670510,PRCP,0,,,a,
ASN00041110,19670511,PRCP,0,,,a,
ASN00041110,19670512,PRCP,0,,,a,
ASN00041110,19670513,PRCP,0,,,a,
ASN00041110,19670514,PRCP,0,,,a,
ASN00041110,19670515,PRCP,0,,,a,
ASN00041110,19670516,PRCP,0,,,a,
ASN00041110,19670517,PRCP,0,,,a,
ASN00041110,19670518,PRCP,0,,,a,
ASN00041110,19670519,PRCP,0,,,a,
ASN00041110,19670520,PRCP,0,,,a,
ASN00041110,19670521,PRCP,38,,,a,
ASN00041110,19670522,PRCP,0,,,a,
ASN00041110,19670523,PRCP,0,,,a,
ASN00041110,19670524,PRCP,0,,,a,
ASN00041110,19670525,PRCP,0,,,a,
ASN00041110,19670526,PRCP,0,,,a,
ASN00041110,19670527,PRCP,0,,,a,
ASN00041110,19670528,PRCP,0,,,a,
ASN00041110,19670529,PRCP,0,,,a,
ASN00041110,19670530,PRCP,0,,,a,
ASN00041110,19670531,PRCP,0,,,a,
ASN00041110,19670601,PRCP,0,,,a,
ASN00041110,19670602,PRCP,0,,,a,
ASN00041110,19670603,PRCP,0,,,a,
ASN00041110,19670604,PRCP,0,,,a,
ASN00041110,19670605,PRCP,53,,,a,
ASN00041110,19670606,PRCP,0,,,a,
ASN00041110,19670607,PRCP,0,,,a,
ASN00041110,19670608,PRCP,30,,,a,
ASN00041110,19670609,PRCP,0,,,a,
ASN00041110,19670610,PRCP,36,,,a,
ASN00041110,19670611,PRCP,0,,,a,
ASN00041110,19670612,PRCP,257,,,a,
ASN00041110,19670613,PRCP,0,,,a,
ASN00041110,19670614,PRCP,41,,,a,
ASN00041110,19670615,PRCP,0,,,a,
ASN00041110,19670616,PRCP,0,,,a,
ASN00041110,19670617,PRCP,0,,,a,
ASN00041110,19670618,PRCP,0,,,a,
ASN00041110,19670619,PRCP,0,,,a,
ASN00041110,19670620,PRCP,0,,,a,
ASN00041110,19670621,PRCP,124,,,a,
ASN00041110,19670622,PRCP,86,,,a,
ASN00041110,19670623,PRCP,18,,,a,
ASN00041110,19670624,PRCP,0,,,a,
ASN00041110,19670625,PRCP,0,,,a,
ASN00041110,19670626,PRCP,409,,,a,
ASN00041110,19670627,PRCP,0,,,a,
ASN00041110,19670628,PRCP,0,,,a,
ASN00041110,19670629,PRCP,0,,,a,
ASN00041110,19670630,PRCP,0,,,a,
ASN00041110,19670701,PRCP,0,,,a,
ASN00041110,19670702,PRCP,0,,,a,
ASN00041110,19670703,PRCP,0,,,a,
ASN00041110,19670704,PRCP,0,,,a,
ASN00041110,19670705,PRCP,0,,,a,
ASN00041110,19670706,PRCP,0,,,a,
ASN00041110,19670707,PRCP,0,,,a,
ASN00041110,19670708,PRCP,0,,,a,
ASN00041110,19670709,PRCP,0,,,a,
ASN00041110,19670710,PRCP,81,,,a,
ASN00041110,19670711,PRCP,0,,,a,
ASN00041110,19670712,PRCP,0,,,a,
ASN00041110,19670713,PRCP,71,,,a,
ASN00041110,19670714,PRCP,0,,,a,
ASN00041110,19670715,PRCP,0,,,a,
ASN00041110,19670716,PRCP,0,,,a,
ASN00041110,19670717,PRCP,0,,,a,
ASN00041110,19670718,PRCP,0,,,a,
ASN00041110,19670719,PRCP,0,,,a,
ASN00041110,19670720,PRCP,0,,,a,
ASN00041110,19670721,PRCP,0,,,a,
ASN00041110,19670722,PRCP,0,,,a,
ASN00041110,19670723,PRCP,0,,,a,
ASN00041110,19670724,PRCP,0,,,a,
ASN00041110,19670725,PRCP,0,,,a,
ASN00041110,19670726,PRCP,0,,,a,
ASN00041110,19670727,PRCP,51,,,a,
ASN00041110,19670728,PRCP,0,,,a,
ASN00041110,19670729,PRCP,0,,,a,
ASN00041110,19670730,PRCP,0,,,a,
ASN00041110,19670731,PRCP,0,,,a,
ASN00041110,19670801,PRCP,0,,,a,
ASN00041110,19670802,PRCP,0,,,a,
ASN00041110,19670803,PRCP,0,,,a,
ASN00041110,19670804,PRCP,0,,,a,
ASN00041110,19670805,PRCP,0,,,a,
ASN00041110,19670806,PRCP,282,,,a,
ASN00041110,19670807,PRCP,0,,,a,
ASN00041110,19670808,PRCP,0,,,a,
ASN00041110,19670809,PRCP,0,,,a,
ASN00041110,19670810,PRCP,0,,,a,
ASN00041110,19670811,PRCP,0,,,a,
ASN00041110,19670812,PRCP,0,,,a,
ASN00041110,19670813,PRCP,0,,,a,
ASN00041110,19670814,PRCP,0,,,a,
ASN00041110,19670815,PRCP,0,,,a,
ASN00041110,19670816,PRCP,0,,,a,
ASN00041110,19670817,PRCP,0,,,a,
ASN00041110,19670818,PRCP,0,,,a,
ASN00041110,19670819,PRCP,0,,,a,
ASN00041110,19670820,PRCP,79,,,a,
ASN00041110,19670821,PRCP,0,,,a,
ASN00041110,19670822,PRCP,0,,,a,
ASN00041110,19670823,PRCP,0,,,a,
ASN00041110,19670824,PRCP,0,,,a,
ASN00041110,19670825,PRCP,0,,,a,
ASN00041110,19670826,PRCP,0,,,a,
ASN00041110,19670827,PRCP,0,,,a,
ASN00041110,19670828,PRCP,0,,,a,
ASN00041110,19670829,PRCP,0,,,a,
ASN00041110,19670830,PRCP,0,,,a,
ASN00041110,19670831,PRCP,0,,,a,
ASN00041110,19670901,PRCP,0,,,a,
ASN00041110,19670902,PRCP,0,,,a,
ASN00041110,19670903,PRCP,0,,,a,
ASN00041110,19670904,PRCP,0,,,a,
ASN00041110,19670905,PRCP,0,,,a,
ASN00041110,19670906,PRCP,0,,,a,
ASN00041110,19670907,PRCP,0,,,a,
ASN00041110,19670908,PRCP,0,,,a,
ASN00041110,19670909,PRCP,0,,,a,
ASN00041110,19670910,PRCP,0,,,a,
ASN00041110,19670911,PRCP,0,,,a,
ASN00041110,19670912,PRCP,0,,,a,
ASN00041110,19670913,PRCP,0,,,a,
ASN00041110,19670914,PRCP,0,,,a,
ASN00041110,19670915,PRCP,0,,,a,
ASN00041110,19670916,PRCP,0,,,a,
ASN00041110,19670917,PRCP,0,,,a,
ASN00041110,19670918,PRCP,0,,,a,
ASN00041110,19670919,PRCP,10,,,a,
ASN00041110,19670920,PRCP,0,,,a,
ASN00041110,19670921,PRCP,0,,,a,
ASN00041110,19670922,PRCP,0,,,a,
ASN00041110,19670923,PRCP,0,,,a,
ASN00041110,19670924,PRCP,0,,,a,
ASN00041110,19670925,PRCP,0,,,a,
ASN00041110,19670926,PRCP,0,,,a,
ASN00041110,19670927,PRCP,0,,,a,
ASN00041110,19670928,PRCP,0,,,a,
ASN00041110,19670929,PRCP,8,,,a,
ASN00041110,19670930,PRCP,0,,,a,
ASN00041110,19671001,PRCP,0,,,a,
ASN00041110,19671002,PRCP,0,,,a,
ASN00041110,19671003,PRCP,0,,,a,
ASN00041110,19671004,PRCP,0,,,a,
ASN00041110,19671005,PRCP,0,,,a,
ASN00041110,19671006,PRCP,0,,,a,
ASN00041110,19671007,PRCP,0,,,a,
ASN00041110,19671008,PRCP,86,,,a,
ASN00041110,19671009,PRCP,51,,,a,
ASN00041110,19671010,PRCP,0,,,a,
ASN00041110,19671011,PRCP,0,,,a,
ASN00041110,19671012,PRCP,0,,,a,
ASN00041110,19671013,PRCP,0,,,a,
ASN00041110,19671014,PRCP,79,,,a,
ASN00041110,19671015,PRCP,99,,,a,
ASN00041110,19671016,PRCP,0,,,a,
ASN00041110,19671017,PRCP,5,,,a,
ASN00041110,19671018,PRCP,0,,,a,
ASN00041110,19671019,PRCP,0,,,a,
ASN00041110,19671020,PRCP,99,,,a,
ASN00041110,19671021,PRCP,193,,,a,
ASN00041110,19671022,PRCP,0,,,a,
ASN00041110,19671023,PRCP,86,,,a,
ASN00041110,19671024,PRCP,0,,,a,
ASN00041110,19671025,PRCP,0,,,a,
ASN00041110,19671026,PRCP,0,,,a,
ASN00041110,19671027,PRCP,0,,,a,
ASN00041110,19671028,PRCP,0,,,a,
ASN00041110,19671029,PRCP,0,,,a,
ASN00041110,19671030,PRCP,0,,,a,
ASN00041110,19671031,PRCP,0,,,a,
ASN00041110,19671101,PRCP,0,,,a,
ASN00041110,19671102,PRCP,0,,,a,
ASN00041110,19671103,PRCP,0,,,a,
ASN00041110,19671104,PRCP,0,,,a,
ASN00041110,19671105,PRCP,0,,,a,
ASN00041110,19671106,PRCP,8,,,a,
ASN00041110,19671107,PRCP,0,,,a,
ASN00041110,19671108,PRCP,0,,,a,
ASN00041110,19671109,PRCP,137,,,a,
ASN00041110,19671110,PRCP,0,,,a,
ASN00041110,19671111,PRCP,0,,,a,
ASN00041110,19671112,PRCP,0,,,a,
ASN00041110,19671113,PRCP,0,,,a,
ASN00041110,19671114,PRCP,0,,,a,
ASN00041110,19671115,PRCP,0,,,a,
ASN00041110,19671116,PRCP,0,,,a,
ASN00041110,19671117,PRCP,0,,,a,
ASN00041110,19671118,PRCP,0,,,a,
ASN00041110,19671119,PRCP,0,,,a,
ASN00041110,19671120,PRCP,0,,,a,
ASN00041110,19671121,PRCP,0,,,a,
ASN00041110,19671122,PRCP,0,,,a,
ASN00041110,19671123,PRCP,0,,,a,
ASN00041110,19671124,PRCP,0,,,a,
ASN00041110,19671125,PRCP,0,,,a,
ASN00041110,19671126,PRCP,36,,,a,
ASN00041110,19671127,PRCP,0,,,a,
ASN00041110,19671128,PRCP,0,,,a,
ASN00041110,19671129,PRCP,0,,,a,
ASN00041110,19671130,PRCP,0,,,a,
ASN00041110,19671201,PRCP,0,,,a,
ASN00041110,19671202,PRCP,0,,,a,
ASN00041110,19671203,PRCP,0,,,a,
ASN00041110,19671204,PRCP,0,,,a,
ASN00041110,19671205,PRCP,0,,,a,
ASN00041110,19671206,PRCP,0,,,a,
ASN00041110,19671207,PRCP,0,,,a,
ASN00041110,19671208,PRCP,0,,,a,
ASN00041110,19671209,PRCP,0,,,a,
ASN00041110,19671210,PRCP,0,,,a,
ASN00041110,19671211,PRCP,0,,,a,
ASN00041110,19671212,PRCP,0,,,a,
ASN00041110,19671213,PRCP,0,,,a,
ASN00041110,19671214,PRCP,0,,,a,
ASN00041110,19671215,PRCP,0,,,a,
ASN00041110,19671216,PRCP,0,,,a,
ASN00041110,19671217,PRCP,0,,,a,
ASN00041110,19671218,PRCP,0,,,a,
ASN00041110,19671219,PRCP,0,,,a,
ASN00041110,19671220,PRCP,0,,,a,
ASN00041110,19671221,PRCP,0,,,a,
ASN00041110,19671222,PRCP,0,,,a,
ASN00041110,19671223,PRCP,0,,,a,
ASN00041110,19671224,PRCP,0,,,a,
ASN00041110,19671225,PRCP,0,,,a,
ASN00041110,19671226,PRCP,0,,,a,
ASN00041110,19671227,PRCP,0,,,a,
ASN00041110,19671228,PRCP,0,,,a,
ASN00041110,19671229,PRCP,102,,,a,
ASN00041110,19671230,PRCP,0,,,a,
ASN00041110,19671231,PRCP,0,,,a,
ASN00041110,19680101,PRCP,0,,,a,
ASN00041110,19680102,PRCP,0,,,a,
ASN00041110,19680103,PRCP,0,,,a,
ASN00041110,19680104,PRCP,0,,,a,
ASN00041110,19680105,PRCP,226,,,a,
ASN00041110,19680106,PRCP,130,,,a,
ASN00041110,19680107,PRCP,130,,,a,
ASN00041110,19680108,PRCP,102,,,a,
ASN00041110,19680109,PRCP,15,,,a,
ASN00041110,19680110,PRCP,48,,,a,
ASN00041110,19680111,PRCP,18,,,a,
ASN00041110,19680112,PRCP,28,,,a,
ASN00041110,19680113,PRCP,23,,,a,
ASN00041110,19680114,PRCP,71,,,a,
ASN00041110,19680115,PRCP,0,,,a,
ASN00041110,19680116,PRCP,0,,,a,
ASN00041110,19680117,PRCP,0,,,a,
ASN00041110,19680118,PRCP,0,,,a,
ASN00041110,19680119,PRCP,0,,,a,
ASN00041110,19680120,PRCP,0,,,a,
ASN00041110,19680121,PRCP,0,,,a,
ASN00041110,19680122,PRCP,0,,,a,
ASN00041110,19680123,PRCP,0,,,a,
ASN00041110,19680124,PRCP,0,,,a,
ASN00041110,19680125,PRCP,0,,,a,
ASN00041110,19680126,PRCP,0,,,a,
ASN00041110,19680127,PRCP,0,,,a,
ASN00041110,19680128,PRCP,0,,,a,
ASN00041110,19680129,PRCP,0,,,a,
ASN00041110,19680130,PRCP,5,,,a,
ASN00041110,19680131,PRCP,0,,,a,
ASN00041110,19680201,PRCP,0,,,a,
ASN00041110,19680202,PRCP,0,,,a,
ASN00041110,19680203,PRCP,0,,,a,
ASN00041110,19680204,PRCP,0,,,a,
ASN00041110,19680205,PRCP,0,,,a,
ASN00041110,19680206,PRCP,0,,,a,
ASN00041110,19680207,PRCP,0,,,a,
ASN00041110,19680208,PRCP,0,,,a,
ASN00041110,19680209,PRCP,0,,,a,
ASN00041110,19680210,PRCP,23,,,a,
ASN00041110,19680211,PRCP,422,,,a,
ASN00041110,19680212,PRCP,0,,,a,
ASN00041110,19680213,PRCP,13,,,a,
ASN00041110,19680214,PRCP,48,,,a,
ASN00041110,19680215,PRCP,0,,,a,
ASN00041110,19680216,PRCP,0,,,a,
ASN00041110,19680217,PRCP,0,,,a,
ASN00041110,19680218,PRCP,0,,,a,
ASN00041110,19680219,PRCP,0,,,a,
ASN00041110,19680220,PRCP,0,,,a,
ASN00041110,19680221,PRCP,0,,,a,
ASN00041110,19680222,PRCP,0,,,a,
ASN00041110,19680223,PRCP,0,,,a,
ASN00041110,19680224,PRCP,0,,,a,
ASN00041110,19680225,PRCP,0,,,a,
ASN00041110,19680226,PRCP,0,,,a,
ASN00041110,19680227,PRCP,0,,,a,
ASN00041110,19680228,PRCP,0,,,a,
ASN00041110,19680229,PRCP,0,,,a,
ASN00041110,19680301,PRCP,0,,,a,
ASN00041110,19680302,PRCP,0,,,a,
ASN00041110,19680303,PRCP,0,,,a,
ASN00041110,19680304,PRCP,69,,,a,
ASN00041110,19680305,PRCP,23,,,a,
ASN00041110,19680306,PRCP,0,,,a,
ASN00041110,19680307,PRCP,119,,,a,
ASN00041110,19680308,PRCP,0,,,a,
ASN00041110,19680309,PRCP,0,,,a,
ASN00041110,19680310,PRCP,0,,,a,
ASN00041110,19680311,PRCP,0,,,a,
ASN00041110,19680312,PRCP,0,,,a,
ASN00041110,19680313,PRCP,0,,,a,
ASN00041110,19680314,PRCP,0,,,a,
ASN00041110,19680315,PRCP,0,,,a,
ASN00041110,19680316,PRCP,208,,,a,
ASN00041110,19680317,PRCP,0,,,a,
ASN00041110,19680318,PRCP,0,,,a,
ASN00041110,19680319,PRCP,0,,,a,
ASN00041110,19680320,PRCP,89,,,a,
ASN00041110,19680321,PRCP,61,,,a,
ASN00041110,19680322,PRCP,0,,,a,
ASN00041110,19680323,PRCP,0,,,a,
ASN00041110,19680324,PRCP,0,,,a,
ASN00041110,19680325,PRCP,0,,,a,
ASN00041110,19680326,PRCP,0,,,a,
ASN00041110,19680327,PRCP,0,,,a,
ASN00041110,19680328,PRCP,0,,,a,
ASN00041110,19680329,PRCP,0,,,a,
ASN00041110,19680330,PRCP,0,,,a,
ASN00041110,19680331,PRCP,0,,,a,
ASN00041110,19680401,PRCP,0,,,a,
ASN00041110,19680402,PRCP,0,,,a,
ASN00041110,19680403,PRCP,0,,,a,
ASN00041110,19680404,PRCP,0,,,a,
ASN00041110,19680405,PRCP,0,,,a,
ASN00041110,19680406,PRCP,0,,,a,
ASN00041110,19680407,PRCP,0,,,a,
ASN00041110,19680408,PRCP,0,,,a,
ASN00041110,19680409,PRCP,0,,,a,
ASN00041110,19680410,PRCP,0,,,a,
ASN00041110,19680411,PRCP,0,,,a,
ASN00041110,19680412,PRCP,0,,,a,
ASN00041110,19680413,PRCP,0,,,a,
ASN00041110,19680414,PRCP,0,,,a,
ASN00041110,19680415,PRCP,0,,,a,
ASN00041110,19680416,PRCP,0,,,a,
ASN00041110,19680417,PRCP,0,,,a,
ASN00041110,19680418,PRCP,0,,,a,
ASN00041110,19680419,PRCP,0,,,a,
ASN00041110,19680420,PRCP,0,,,a,
ASN00041110,19680421,PRCP,0,,,a,
ASN00041110,19680422,PRCP,0,,,a,
ASN00041110,19680423,PRCP,0,,,a,
ASN00041110,19680424,PRCP,0,,,a,
ASN00041110,19680425,PRCP,183,,,a,
ASN00041110,19680426,PRCP,0,,,a,
ASN00041110,19680427,PRCP,0,,,a,
ASN00041110,19680428,PRCP,0,,,a,
ASN00041110,19680429,PRCP,0,,,a,
ASN00041110,19680430,PRCP,396,,,a,
ASN00041110,19680501,PRCP,76,,,a,
ASN00041110,19680502,PRCP,0,,,a,
ASN00041110,19680503,PRCP,0,,,a,
ASN00041110,19680504,PRCP,0,,,a,
ASN00041110,19680505,PRCP,0,,,a,
ASN00041110,19680506,PRCP,0,,,a,
ASN00041110,19680507,PRCP,0,,,a,
ASN00041110,19680508,PRCP,0,,,a,
ASN00041110,19680509,PRCP,0,,,a,
ASN00041110,19680510,PRCP,0,,,a,
ASN00041110,19680511,PRCP,0,,,a,
ASN00041110,19680512,PRCP,53,,,a,
ASN00041110,19680513,PRCP,119,,,a,
ASN00041110,19680514,PRCP,150,,,a,
ASN00041110,19680515,PRCP,0,,,a,
ASN00041110,19680516,PRCP,0,,,a,
ASN00041110,19680517,PRCP,0,,,a,
ASN00041110,19680518,PRCP,0,,,a,
ASN00041110,19680519,PRCP,0,,,a,
ASN00041110,19680520,PRCP,0,,,a,
ASN00041110,19680521,PRCP,0,,,a,
ASN00041110,19680522,PRCP,0,,,a,
ASN00041110,19680523,PRCP,58,,,a,
ASN00041110,19680524,PRCP,23,,,a,
ASN00041110,19680525,PRCP,0,,,a,
ASN00041110,19680526,PRCP,0,,,a,
ASN00041110,19680527,PRCP,0,,,a,
ASN00041110,19680528,PRCP,0,,,a,
ASN00041110,19680529,PRCP,0,,,a,
ASN00041110,19680530,PRCP,0,,,a,
ASN00041110,19680531,PRCP,0,,,a,
ASN00041110,19680601,PRCP,0,,,a,
ASN00041110,19680602,PRCP,0,,,a,
ASN00041110,19680603,PRCP,0,,,a,
ASN00041110,19680604,PRCP,0,,,a,
ASN00041110,19680605,PRCP,0,,,a,
ASN00041110,19680606,PRCP,0,,,a,
ASN00041110,19680607,PRCP,0,,,a,
ASN00041110,19680608,PRCP,0,,,a,
ASN00041110,19680609,PRCP,0,,,a,
ASN00041110,19680610,PRCP,0,,,a,
ASN00041110,19680611,PRCP,0,,,a,
ASN00041110,19680612,PRCP,0,,,a,
ASN00041110,19680613,PRCP,0,,,a,
ASN00041110,19680614,PRCP,13,,,a,
ASN00041110,19680615,PRCP,0,,,a,
ASN00041110,19680616,PRCP,0,,,a,
ASN00041110,19680617,PRCP,0,,,a,
ASN00041110,19680618,PRCP,0,,,a,
ASN00041110,19680619,PRCP,0,,,a,
ASN00041110,19680620,PRCP,0,,,a,
ASN00041110,19680621,PRCP,0,,,a,
ASN00041110,19680622,PRCP,0,,,a,
ASN00041110,19680623,PRCP,0,,,a,
ASN00041110,19680624,PRCP,0,,,a,
ASN00041110,19680625,PRCP,0,,,a,
ASN00041110,19680626,PRCP,0,,,a,
ASN00041110,19680627,PRCP,0,,,a,
ASN00041110,19680628,PRCP,0,,,a,
ASN00041110,19680629,PRCP,61,,,a,
ASN00041110,19680630,PRCP,0,,,a,
ASN00041110,19680701,PRCP,0,,,a,
ASN00041110,19680702,PRCP,0,,,a,
ASN00041110,19680703,PRCP,0,,,a,
ASN00041110,19680704,PRCP,89,,,a,
ASN00041110,19680705,PRCP,274,,,a,
ASN00041110,19680706,PRCP,0,,,a,
ASN00041110,19680707,PRCP,0,,,a,
ASN00041110,19680708,PRCP,0,,,a,
ASN00041110,19680709,PRCP,0,,,a,
ASN00041110,19680710,PRCP,0,,,a,
ASN00041110,19680711,PRCP,0,,,a,
ASN00041110,19680712,PRCP,0,,,a,
ASN00041110,19680713,PRCP,0,,,a,
ASN00041110,19680714,PRCP,0,,,a,
ASN00041110,19680715,PRCP,0,,,a,
ASN00041110,19680716,PRCP,0,,,a,
ASN00041110,19680717,PRCP,0,,,a,
ASN00041110,19680718,PRCP,157,,,a,
ASN00041110,19680719,PRCP,328,,,a,
ASN00041110,19680720,PRCP,0,,,a,
ASN00041110,19680721,PRCP,0,,,a,
ASN00041110,19680722,PRCP,0,,,a,
ASN00041110,19680723,PRCP,0,,,a,
ASN00041110,19680724,PRCP,0,,,a,
ASN00041110,19680725,PRCP,0,,,a,
ASN00041110,19680726,PRCP,0,,,a,
ASN00041110,19680727,PRCP,0,,,a,
ASN00041110,19680728,PRCP,0,,,a,
ASN00041110,19680729,PRCP,0,,,a,
ASN00041110,19680730,PRCP,0,,,a,
ASN00041110,19680731,PRCP,0,,,a,
ASN00041110,19680801,PRCP,0,,,a,
ASN00041110,19680802,PRCP,0,,,a,
ASN00041110,19680803,PRCP,0,,,a,
ASN00041110,19680804,PRCP,0,,,a,
ASN00041110,19680805,PRCP,0,,,a,
ASN00041110,19680806,PRCP,0,,,a,
ASN00041110,19680807,PRCP,0,,,a,
ASN00041110,19680808,PRCP,0,,,a,
ASN00041110,19680809,PRCP,30,,,a,
ASN00041110,19680810,PRCP,178,,,a,
ASN00041110,19680811,PRCP,0,,,a,
ASN00041110,19680812,PRCP,0,,,a,
ASN00041110,19680813,PRCP,183,,,a,
ASN00041110,19680814,PRCP,84,,,a,
ASN00041110,19680815,PRCP,0,,,a,
ASN00041110,19680816,PRCP,0,,,a,
ASN00041110,19680817,PRCP,0,,,a,
ASN00041110,19680818,PRCP,0,,,a,
ASN00041110,19680819,PRCP,0,,,a,
ASN00041110,19680820,PRCP,0,,,a,
ASN00041110,19680821,PRCP,81,,,a,
ASN00041110,19680822,PRCP,0,,,a,
ASN00041110,19680823,PRCP,0,,,a,
ASN00041110,19680824,PRCP,0,,,a,
ASN00041110,19680825,PRCP,0,,,a,
ASN00041110,19680826,PRCP,0,,,a,
ASN00041110,19680827,PRCP,28,,,a,
ASN00041110,19680828,PRCP,33,,,a,
ASN00041110,19680829,PRCP,20,,,a,
ASN00041110,19680830,PRCP,18,,,a,
ASN00041110,19680831,PRCP,0,,,a,
ASN00041110,19680901,PRCP,0,,,a,
ASN00041110,19680902,PRCP,0,,,a,
ASN00041110,19680903,PRCP,25,,,a,
ASN00041110,19680904,PRCP,0,,,a,
ASN00041110,19680905,PRCP,13,,,a,
ASN00041110,19680906,PRCP,0,,,a,
ASN00041110,19680907,PRCP,221,,,a,
ASN00041110,19680908,PRCP,0,,,a,
ASN00041110,19680909,PRCP,0,,,a,
ASN00041110,19680910,PRCP,0,,,a,
ASN00041110,19680911,PRCP,0,,,a,
ASN00041110,19680912,PRCP,0,,,a,
ASN00041110,19680913,PRCP,0,,,a,
ASN00041110,19680914,PRCP,0,,,a,
ASN00041110,19680915,PRCP,51,,,a,
ASN00041110,19680916,PRCP,0,,,a,
ASN00041110,19680917,PRCP,0,,,a,
ASN00041110,19680918,PRCP,0,,,a,
ASN00041110,19680919,PRCP,0,,,a,
ASN00041110,19680920,PRCP,0,,,a,
ASN00041110,19680921,PRCP,0,,,a,
ASN00041110,19680922,PRCP,0,,,a,
ASN00041110,19680923,PRCP,0,,,a,
ASN00041110,19680924,PRCP,0,,,a,
ASN00041110,19680925,PRCP,0,,,a,
ASN00041110,19680926,PRCP,0,,,a,
ASN00041110,19680927,PRCP,0,,,a,
ASN00041110,19680928,PRCP,0,,,a,
ASN00041110,19680929,PRCP,0,,,a,
ASN00041110,19680930,PRCP,0,,,a,
ASN00041110,19681001,PRCP,20,,,a,
ASN00041110,19681002,PRCP,0,,,a,
ASN00041110,19681003,PRCP,0,,,a,
ASN00041110,19681004,PRCP,0,,,a,
ASN00041110,19681005,PRCP,0,,,a,
ASN00041110,19681006,PRCP,0,,,a,
ASN00041110,19681007,PRCP,0,,,a,
ASN00041110,19681008,PRCP,0,,,a,
ASN00041110,19681009,PRCP,0,,,a,
ASN00041110,19681010,PRCP,0,,,a,
ASN00041110,19681011,PRCP,0,,,a,
ASN00041110,19681012,PRCP,0,,,a,
ASN00041110,19681013,PRCP,0,,,a,
ASN00041110,19681014,PRCP,0,,,a,
ASN00041110,19681015,PRCP,0,,,a,
ASN00041110,19681016,PRCP,0,,,a,
ASN00041110,19681017,PRCP,0,,,a,
ASN00041110,19681018,PRCP,0,,,a,
ASN00041110,19681019,PRCP,0,,,a,
ASN00041110,19681020,PRCP,0,,,a,
ASN00041110,19681021,PRCP,0,,,a,
ASN00041110,19681022,PRCP,0,,,a,
ASN00041110,19681023,PRCP,0,,,a,
ASN00041110,19681024,PRCP,0,,,a,
ASN00041110,19681025,PRCP,124,,,a,
ASN00041110,19681026,PRCP,0,,,a,
ASN00041110,19681027,PRCP,0,,,a,
ASN00041110,19681028,PRCP,0,,,a,
ASN00041110,19681029,PRCP,0,,,a,
ASN00041110,19681030,PRCP,0,,,a,
ASN00041110,19681031,PRCP,0,,,a,
ASN00041110,19681101,PRCP,0,,,a,
ASN00041110,19681102,PRCP,0,,,a,
ASN00041110,19681103,PRCP,0,,,a,
ASN00041110,19681104,PRCP,201,,,a,
ASN00041110,19681105,PRCP,0,,,a,
ASN00041110,19681106,PRCP,0,,,a,
ASN00041110,19681107,PRCP,0,,,a,
ASN00041110,19681108,PRCP,0,,,a,
ASN00041110,19681109,PRCP,343,,,a,
ASN00041110,19681110,PRCP,0,,,a,
ASN00041110,19681111,PRCP,0,,,a,
ASN00041110,19681112,PRCP,0,,,a,
ASN00041110,19681113,PRCP,0,,,a,
ASN00041110,19681114,PRCP,0,,,a,
ASN00041110,19681115,PRCP,0,,,a,
ASN00041110,19681116,PRCP,0,,,a,
ASN00041110,19681117,PRCP,0,,,a,
ASN00041110,19681118,PRCP,0,,,a,
ASN00041110,19681119,PRCP,0,,,a,
ASN00041110,19681120,PRCP,0,,,a,
ASN00041110,19681121,PRCP,0,,,a,
ASN00041110,19681122,PRCP,0,,,a,
ASN00041110,19681123,PRCP,25,,,a,
ASN00041110,19681124,PRCP,48,,,a,
ASN00041110,19681125,PRCP,0,,,a,
ASN00041110,19681126,PRCP,0,,,a,
ASN00041110,19681127,PRCP,0,,,a,
ASN00041110,19681128,PRCP,0,,,a,
ASN00041110,19681129,PRCP,0,,,a,
ASN00041110,19681130,PRCP,0,,,a,
ASN00041110,19681201,PRCP,25,,,a,
ASN00041110,19681202,PRCP,0,,,a,
ASN00041110,19681203,PRCP,170,,,a,
ASN00041110,19681204,PRCP,56,,,a,
ASN00041110,19681205,PRCP,107,,,a,
ASN00041110,19681206,PRCP,38,,,a,
ASN00041110,19681207,PRCP,0,,,a,
ASN00041110,19681208,PRCP,0,,,a,
ASN00041110,19681209,PRCP,0,,,a,
ASN00041110,19681210,PRCP,0,,,a,
ASN00041110,19681211,PRCP,13,,,a,
ASN00041110,19681212,PRCP,0,,,a,
ASN00041110,19681213,PRCP,5,,,a,
ASN00041110,19681214,PRCP,0,,,a,
ASN00041110,19681215,PRCP,0,,,a,
ASN00041110,19681216,PRCP,0,,,a,
ASN00041110,19681217,PRCP,0,,,a,
ASN00041110,19681218,PRCP,0,,,a,
ASN00041110,19681219,PRCP,0,,,a,
ASN00041110,19681220,PRCP,0,,,a,
ASN00041110,19681221,PRCP,0,,,a,
ASN00041110,19681222,PRCP,254,,,a,
ASN00041110,19681223,PRCP,0,,,a,
ASN00041110,19681224,PRCP,0,,,a,
ASN00041110,19681225,PRCP,0,,,a,
ASN00041110,19681226,PRCP,0,,,a,
ASN00041110,19681227,PRCP,53,,,a,
ASN00041110,19681228,PRCP,0,,,a,
ASN00041110,19681229,PRCP,0,,,a,
ASN00041110,19681230,PRCP,0,,,a,
ASN00041110,19681231,PRCP,0,,,a,
ASN00041110,19690101,PRCP,0,,,a,
ASN00041110,19690102,PRCP,196,,,a,
ASN00041110,19690103,PRCP,20,,,a,
ASN00041110,19690104,PRCP,0,,,a,
ASN00041110,19690105,PRCP,0,,,a,
ASN00041110,19690106,PRCP,0,,,a,
ASN00041110,19690107,PRCP,0,,,a,
ASN00041110,19690108,PRCP,0,,,a,
ASN00041110,19690109,PRCP,0,,,a,
ASN00041110,19690110,PRCP,0,,,a,
ASN00041110,19690111,PRCP,104,,,a,
ASN00041110,19690112,PRCP,0,,,a,
ASN00041110,19690113,PRCP,236,,,a,
ASN00041110,19690114,PRCP,0,,,a,
ASN00041110,19690115,PRCP,0,,,a,
ASN00041110,19690116,PRCP,20,,,a,
ASN00041110,19690117,PRCP,0,,,a,
ASN00041110,19690118,PRCP,0,,,a,
ASN00041110,19690119,PRCP,43,,,a,
ASN00041110,19690120,PRCP,48,,,a,
ASN00041110,19690121,PRCP,0,,,a,
ASN00041110,19690122,PRCP,0,,,a,
ASN00041110,19690123,PRCP,0,,,a,
ASN00041110,19690124,PRCP,0,,,a,
ASN00041110,19690125,PRCP,0,,,a,
ASN00041110,19690126,PRCP,0,,,a,
ASN00041110,19690127,PRCP,0,,,a,
ASN00041110,19690128,PRCP,0,,,a,
ASN00041110,19690129,PRCP,0,,,a,
ASN00041110,19690130,PRCP,0,,,a,
ASN00041110,19690131,PRCP,0,,,a,
ASN00041110,19690201,PRCP,0,,,a,
ASN00041110,19690202,PRCP,0,,,a,
ASN00041110,19690203,PRCP,0,,,a,
ASN00041110,19690204,PRCP,0,,,a,
ASN00041110,19690205,PRCP,0,,,a,
ASN00041110,19690206,PRCP,0,,,a,
ASN00041110,19690207,PRCP,25,,,a,
ASN00041110,19690208,PRCP,0,,,a,
ASN00041110,19690209,PRCP,43,,,a,
ASN00041110,19690210,PRCP,0,,,a,
ASN00041110,19690211,PRCP,0,,,a,
ASN00041110,19690212,PRCP,61,,,a,
ASN00041110,19690213,PRCP,0,,,a,
ASN00041110,19690214,PRCP,0,,,a,
ASN00041110,19690215,PRCP,0,,,a,
ASN00041110,19690216,PRCP,0,,,a,
ASN00041110,19690217,PRCP,0,,,a,
ASN00041110,19690218,PRCP,0,,,a,
ASN00041110,19690219,PRCP,0,,,a,
ASN00041110,19690220,PRCP,0,,,a,
ASN00041110,19690221,PRCP,0,,,a,
ASN00041110,19690222,PRCP,0,,,a,
ASN00041110,19690223,PRCP,0,,,a,
ASN00041110,19690224,PRCP,0,,,a,
ASN00041110,19690225,PRCP,0,,,a,
ASN00041110,19690226,PRCP,0,,,a,
ASN00041110,19690227,PRCP,0,,,a,
ASN00041110,19690228,PRCP,0,,,a,
ASN00041110,19690301,PRCP,0,,,a,
ASN00041110,19690302,PRCP,0,,,a,
ASN00041110,19690303,PRCP,0,,,a,
ASN00041110,19690304,PRCP,0,,,a,
ASN00041110,19690305,PRCP,0,,,a,
ASN00041110,19690306,PRCP,0,,,a,
ASN00041110,19690307,PRCP,0,,,a,
ASN00041110,19690308,PRCP,0,,,a,
ASN00041110,19690309,PRCP,0,,,a,
ASN00041110,19690310,PRCP,0,,,a,
ASN00041110,19690311,PRCP,0,,,a,
ASN00041110,19690312,PRCP,0,,,a,
ASN00041110,19690313,PRCP,0,,,a,
ASN00041110,19690314,PRCP,0,,,a,
ASN00041110,19690315,PRCP,0,,,a,
ASN00041110,19690316,PRCP,0,,,a,
ASN00041110,19690317,PRCP,0,,,a,
ASN00041110,19690318,PRCP,36,,,a,
ASN00041110,19690319,PRCP,0,,,a,
ASN00041110,19690320,PRCP,0,,,a,
ASN00041110,19690321,PRCP,0,,,a,
ASN00041110,19690322,PRCP,61,,,a,
ASN00041110,19690323,PRCP,0,,,a,
ASN00041110,19690324,PRCP,0,,,a,
ASN00041110,19690325,PRCP,0,,,a,
ASN00041110,19690326,PRCP,0,,,a,
ASN00041110,19690327,PRCP,0,,,a,
ASN00041110,19690328,PRCP,0,,,a,
ASN00041110,19690329,PRCP,0,,,a,
ASN00041110,19690330,PRCP,231,,,a,
ASN00041110,19690331,PRCP,0,,,a,
ASN00041110,19690401,PRCP,0,,,a,
ASN00041110,19690402,PRCP,0,,,a,
ASN00041110,19690403,PRCP,0,,,a,
ASN00041110,19690404,PRCP,0,,,a,
ASN00041110,19690405,PRCP,0,,,a,
ASN00041110,19690406,PRCP,0,,,a,
ASN00041110,19690407,PRCP,0,,,a,
ASN00041110,19690408,PRCP,0,,,a,
ASN00041110,19690409,PRCP,0,,,a,
ASN00041110,19690410,PRCP,0,,,a,
ASN00041110,19690411,PRCP,0,,,a,
ASN00041110,19690412,PRCP,0,,,a,
ASN00041110,19690413,PRCP,0,,,a,
ASN00041110,19690414,PRCP,0,,,a,
ASN00041110,19690415,PRCP,0,,,a,
ASN00041110,19690416,PRCP,254,,,a,
ASN00041110,19690417,PRCP,0,,,a,
ASN00041110,19690418,PRCP,0,,,a,
ASN00041110,19690419,PRCP,0,,,a,
ASN00041110,19690420,PRCP,0,,,a,
ASN00041110,19690421,PRCP,0,,,a,
ASN00041110,19690422,PRCP,0,,,a,
ASN00041110,19690423,PRCP,0,,,a,
ASN00041110,19690424,PRCP,0,,,a,
ASN00041110,19690425,PRCP,0,,,a,
ASN00041110,19690426,PRCP,0,,,a,
ASN00041110,19690427,PRCP,0,,,a,
ASN00041110,19690428,PRCP,0,,,a,
ASN00041110,19690429,PRCP,0,,,a,
ASN00041110,19690430,PRCP,0,,,a,
ASN00041110,19690501,PRCP,0,,,a,
ASN00041110,19690502,PRCP,13,,,a,
ASN00041110,19690503,PRCP,0,,,a,
ASN00041110,19690504,PRCP,0,,,a,
ASN00041110,19690505,PRCP,0,,,a,
ASN00041110,19690506,PRCP,0,,,a,
ASN00041110,19690507,PRCP,0,,,a,
ASN00041110,19690508,PRCP,0,,,a,
ASN00041110,19690509,PRCP,0,,,a,
ASN00041110,19690510,PRCP,0,,,a,
ASN00041110,19690511,PRCP,0,,,a,
ASN00041110,19690512,PRCP,0,,,a,
ASN00041110,19690513,PRCP,312,,,a,
ASN00041110,19690514,PRCP,0,,,a,
ASN00041110,19690515,PRCP,211,,,a,
ASN00041110,19690516,PRCP,0,,,a,
ASN00041110,19690517,PRCP,0,,,a,
ASN00041110,19690518,PRCP,0,,,a,
ASN00041110,19690519,PRCP,0,,,a,
ASN00041110,19690520,PRCP,0,,,a,
ASN00041110,19690521,PRCP,0,,,a,
ASN00041110,19690522,PRCP,0,,,a,
ASN00041110,19690523,PRCP,0,,,a,
ASN00041110,19690524,PRCP,0,,,a,
ASN00041110,19690525,PRCP,0,,,a,
ASN00041110,19690526,PRCP,76,,,a,
ASN00041110,19690527,PRCP,58,,,a,
ASN00041110,19690528,PRCP,112,,,a,
ASN00041110,19690529,PRCP,43,,,a,
ASN00041110,19690530,PRCP,0,,,a,
ASN00041110,19690531,PRCP,0,,,a,
ASN00041110,19690601,PRCP,0,,,a,
ASN00041110,19690602,PRCP,0,,,a,
ASN00041110,19690603,PRCP,0,,,a,
ASN00041110,19690604,PRCP,0,,,a,
ASN00041110,19690605,PRCP,0,,,a,
ASN00041110,19690606,PRCP,0,,,a,
ASN00041110,19690607,PRCP,0,,,a,
ASN00041110,19690608,PRCP,0,,,a,
ASN00041110,19690609,PRCP,0,,,a,
ASN00041110,19690610,PRCP,0,,,a,
ASN00041110,19690611,PRCP,0,,,a,
ASN00041110,19690612,PRCP,0,,,a,
ASN00041110,19690613,PRCP,0,,,a,
ASN00041110,19690614,PRCP,0,,,a,
ASN00041110,19690615,PRCP,0,,,a,
ASN00041110,19690616,PRCP,0,,,a,
ASN00041110,19690617,PRCP,0,,,a,
ASN00041110,19690618,PRCP,0,,,a,
ASN00041110,19690619,PRCP,0,,,a,
ASN00041110,19690620,PRCP,244,,,a,
ASN00041110,19690621,PRCP,61,,,a,
ASN00041110,19690622,PRCP,0,,,a,
ASN00041110,19690623,PRCP,23,,,a,
ASN00041110,19690624,PRCP,0,,,a,
ASN00041110,19690625,PRCP,0,,,a,
ASN00041110,19690626,PRCP,0,,,a,
ASN00041110,19690627,PRCP,0,,,a,
ASN00041110,19690628,PRCP,0,,,a,
ASN00041110,19690629,PRCP,0,,,a,
ASN00041110,19690630,PRCP,0,,,a,
ASN00041110,19690701,PRCP,0,,,a,
ASN00041110,19690702,PRCP,0,,,a,
ASN00041110,19690703,PRCP,0,,,a,
ASN00041110,19690704,PRCP,0,,,a,
ASN00041110,19690705,PRCP,0,,,a,
ASN00041110,19690706,PRCP,0,,,a,
ASN00041110,19690707,PRCP,0,,,a,
ASN00041110,19690708,PRCP,0,,,a,
ASN00041110,19690709,PRCP,0,,,a,
ASN00041110,19690710,PRCP,0,,,a,
ASN00041110,19690711,PRCP,0,,,a,
ASN00041110,19690712,PRCP,0,,,a,
ASN00041110,19690713,PRCP,0,,,a,
ASN00041110,19690714,PRCP,0,,,a,
ASN00041110,19690715,PRCP,5,,,a,
ASN00041110,19690716,PRCP,0,,,a,
ASN00041110,19690717,PRCP,0,,,a,
ASN00041110,19690718,PRCP,0,,,a,
ASN00041110,19690719,PRCP,0,,,a,
ASN00041110,19690720,PRCP,0,,,a,
ASN00041110,19690721,PRCP,0,,,a,
ASN00041110,19690722,PRCP,86,,,a,
ASN00041110,19690723,PRCP,0,,,a,
ASN00041110,19690724,PRCP,0,,,a,
ASN00041110,19690725,PRCP,0,,,a,
ASN00041110,19690726,PRCP,0,,,a,
ASN00041110,19690727,PRCP,0,,,a,
ASN00041110,19690728,PRCP,0,,,a,
ASN00041110,19690729,PRCP,0,,,a,
ASN00041110,19690730,PRCP,0,,,a,
ASN00041110,19690731,PRCP,0,,,a,
ASN00041110,19690801,PRCP,0,,,a,
ASN00041110,19690802,PRCP,0,,,a,
ASN00041110,19690803,PRCP,0,,,a,
ASN00041110,19690804,PRCP,0,,,a,
ASN00041110,19690805,PRCP,0,,,a,
ASN00041110,19690806,PRCP,0,,,a,
ASN00041110,19690807,PRCP,0,,,a,
ASN00041110,19690808,PRCP,56,,,a,
ASN00041110,19690809,PRCP,0,,,a,
ASN00041110,19690810,PRCP,0,,,a,
ASN00041110,19690811,PRCP,0,,,a,
ASN00041110,19690812,PRCP,0,,,a,
ASN00041110,19690813,PRCP,0,,,a,
ASN00041110,19690814,PRCP,0,,,a,
ASN00041110,19690815,PRCP,0,,,a,
ASN00041110,19690816,PRCP,0,,,a,
ASN00041110,19690817,PRCP,0,,,a,
ASN00041110,19690818,PRCP,0,,,a,
ASN00041110,19690819,PRCP,0,,,a,
ASN00041110,19690820,PRCP,0,,,a,
ASN00041110,19690821,PRCP,0,,,a,
ASN00041110,19690822,PRCP,18,,,a,
ASN00041110,19690823,PRCP,0,,,a,
ASN00041110,19690824,PRCP,0,,,a,
ASN00041110,19690825,PRCP,0,,,a,
ASN00041110,19690826,PRCP,46,,,a,
ASN00041110,19690827,PRCP,561,,,a,
ASN00041110,19690828,PRCP,109,,,a,
ASN00041110,19690829,PRCP,23,,,a,
ASN00041110,19690830,PRCP,0,,,a,
ASN00041110,19690831,PRCP,0,,,a,
ASN00041110,19690901,PRCP,0,,,a,
ASN00041110,19690902,PRCP,0,,,a,
ASN00041110,19690903,PRCP,0,,,a,
ASN00041110,19690904,PRCP,0,,,a,
ASN00041110,19690905,PRCP,51,,,a,
ASN00041110,19690906,PRCP,30,,,a,
ASN00041110,19690907,PRCP,137,,,a,
ASN00041110,19690908,PRCP,0,,,a,
ASN00041110,19690909,PRCP,0,,,a,
ASN00041110,19690910,PRCP,0,,,a,
ASN00041110,19690911,PRCP,0,,,a,
ASN00041110,19690912,PRCP,0,,,a,
ASN00041110,19690913,PRCP,0,,,a,
ASN00041110,19690914,PRCP,0,,,a,
ASN00041110,19690915,PRCP,0,,,a,
ASN00041110,19690916,PRCP,0,,,a,
ASN00041110,19690917,PRCP,0,,,a,
ASN00041110,19690918,PRCP,0,,,a,
ASN00041110,19690919,PRCP,0,,,a,
ASN00041110,19690920,PRCP,0,,,a,
ASN00041110,19690921,PRCP,0,,,a,
ASN00041110,19690922,PRCP,0,,,a,
ASN00041110,19690923,PRCP,38,,,a,
ASN00041110,19690924,PRCP,0,,,a,
ASN00041110,19690925,PRCP,0,,,a,
ASN00041110,19690926,PRCP,0,,,a,
ASN00041110,19690927,PRCP,0,,,a,
ASN00041110,19690928,PRCP,0,,,a,
ASN00041110,19690929,PRCP,0,,,a,
ASN00041110,19690930,PRCP,0,,,a,
ASN00041110,19691001,PRCP,0,,,a,
ASN00041110,19691002,PRCP,241,,,a,
ASN00041110,19691003,PRCP,71,,,a,
ASN00041110,19691004,PRCP,0,,,a,
ASN00041110,19691005,PRCP,0,,,a,
ASN00041110,19691006,PRCP,0,,,a,
ASN00041110,19691007,PRCP,0,,,a,
ASN00041110,19691008,PRCP,0,,,a,
ASN00041110,19691009,PRCP,0,,,a,
ASN00041110,19691010,PRCP,0,,,a,
ASN00041110,19691011,PRCP,0,,,a,
ASN00041110,19691012,PRCP,173,,,a,
ASN00041110,19691013,PRCP,46,,,a,
ASN00041110,19691014,PRCP,0,,,a,
ASN00041110,19691015,PRCP,0,,,a,
ASN00041110,19691016,PRCP,0,,,a,
ASN00041110,19691017,PRCP,0,,,a,
ASN00041110,19691018,PRCP,142,,,a,
ASN00041110,19691019,PRCP,76,,,a,
ASN00041110,19691020,PRCP,0,,,a,
ASN00041110,19691021,PRCP,0,,,a,
ASN00041110,19691022,PRCP,0,,,a,
ASN00041110,19691023,PRCP,0,,,a,
ASN00041110,19691024,PRCP,0,,,a,
ASN00041110,19691025,PRCP,0,,,a,
ASN00041110,19691026,PRCP,0,,,a,
ASN00041110,19691027,PRCP,0,,,a,
ASN00041110,19691028,PRCP,0,,,a,
ASN00041110,19691029,PRCP,0,,,a,
ASN00041110,19691030,PRCP,0,,,a,
ASN00041110,19691031,PRCP,145,,,a,
ASN00041110,19691101,PRCP,0,,,a,
ASN00041110,19691102,PRCP,0,,,a,
ASN00041110,19691103,PRCP,0,,,a,
ASN00041110,19691104,PRCP,0,,,a,
ASN00041110,19691105,PRCP,0,,,a,
ASN00041110,19691106,PRCP,0,,,a,
ASN00041110,19691107,PRCP,79,,,a,
ASN00041110,19691108,PRCP,0,,,a,
ASN00041110,19691109,PRCP,0,,,a,
ASN00041110,19691110,PRCP,0,,,a,
ASN00041110,19691111,PRCP,0,,,a,
ASN00041110,19691112,PRCP,335,,,a,
ASN00041110,19691113,PRCP,0,,,a,
ASN00041110,19691114,PRCP,264,,,a,
ASN00041110,19691115,PRCP,79,,,a,
ASN00041110,19691116,PRCP,0,,,a,
ASN00041110,19691117,PRCP,58,,,a,
ASN00041110,19691118,PRCP,0,,,a,
ASN00041110,19691119,PRCP,0,,,a,
ASN00041110,19691120,PRCP,0,,,a,
ASN00041110,19691121,PRCP,0,,,a,
ASN00041110,19691122,PRCP,277,,,a,
ASN00041110,19691123,PRCP,0,,,a,
ASN00041110,19691124,PRCP,0,,,a,
ASN00041110,19691125,PRCP,0,,,a,
ASN00041110,19691126,PRCP,0,,,a,
ASN00041110,19691127,PRCP,0,,,a,
ASN00041110,19691128,PRCP,0,,,a,
ASN00041110,19691129,PRCP,0,,,a,
ASN00041110,19691130,PRCP,0,,,a,
ASN00041110,19691201,PRCP,0,,,a,
ASN00041110,19691202,PRCP,0,,,a,
ASN00041110,19691203,PRCP,0,,,a,
ASN00041110,19691204,PRCP,0,,,a,
ASN00041110,19691205,PRCP,0,,,a,
ASN00041110,19691206,PRCP,0,,,a,
ASN00041110,19691207,PRCP,69,,,a,
ASN00041110,19691208,PRCP,0,,,a,
ASN00041110,19691209,PRCP,0,,,a,
ASN00041110,19691210,PRCP,0,,,a,
ASN00041110,19691211,PRCP,0,,,a,
ASN00041110,19691212,PRCP,0,,,a,
ASN00041110,19691213,PRCP,0,,,a,
ASN00041110,19691214,PRCP,0,,,a,
ASN00041110,19691215,PRCP,0,,,a,
ASN00041110,19691216,PRCP,0,,,a,
ASN00041110,19691217,PRCP,0,,,a,
ASN00041110,19691218,PRCP,8,,,a,
ASN00041110,19691219,PRCP,0,,,a,
ASN00041110,19691220,PRCP,0,,,a,
ASN00041110,19691221,PRCP,0,,,a,
ASN00041110,19691222,PRCP,56,,,a,
ASN00041110,19691223,PRCP,0,,,a,
ASN00041110,19691224,PRCP,0,,,a,
ASN00041110,19691225,PRCP,0,,,a,
ASN00041110,19691226,PRCP,0,,,a,
ASN00041110,19691227,PRCP,0,,,a,
ASN00041110,19691228,PRCP,0,,,a,
ASN00041110,19691229,PRCP,0,,,a,
ASN00041110,19691230,PRCP,0,,,a,
ASN00041110,19691231,PRCP,76,,,a,
ASN00041110,19700101,PRCP,0,,,a,
ASN00041110,19700102,PRCP,48,,,a,
ASN00041110,19700103,PRCP,0,,,a,
ASN00041110,19700104,PRCP,0,,,a,
ASN00041110,19700105,PRCP,0,,,a,
ASN00041110,19700106,PRCP,0,,,a,
ASN00041110,19700107,PRCP,0,,,a,
ASN00041110,19700108,PRCP,373,,,a,
ASN00041110,19700109,PRCP,142,,,a,
ASN00041110,19700110,PRCP,0,,,a,
ASN00041110,19700111,PRCP,0,,,a,
ASN00041110,19700112,PRCP,48,,,a,
ASN00041110,19700113,PRCP,193,,,a,
ASN00041110,19700114,PRCP,0,,,a,
ASN00041110,19700115,PRCP,0,,,a,
ASN00041110,19700116,PRCP,0,,,a,
ASN00041110,19700117,PRCP,0,,,a,
ASN00041110,19700118,PRCP,0,,,a,
ASN00041110,19700119,PRCP,0,,,a,
ASN00041110,19700120,PRCP,23,,,a,
ASN00041110,19700121,PRCP,0,,,a,
ASN00041110,19700122,PRCP,0,,,a,
ASN00041110,19700123,PRCP,0,,,a,
ASN00041110,19700124,PRCP,0,,,a,
ASN00041110,19700125,PRCP,0,,,a,
ASN00041110,19700126,PRCP,0,,,a,
ASN00041110,19700127,PRCP,46,,,a,
ASN00041110,19700128,PRCP,117,,,a,
ASN00041110,19700129,PRCP,122,,,a,
ASN00041110,19700130,PRCP,51,,,a,
ASN00041110,19700131,PRCP,18,,,a,
ASN00041110,19700201,PRCP,0,,,a,
ASN00041110,19700202,PRCP,0,,,a,
ASN00041110,19700203,PRCP,0,,,a,
ASN00041110,19700204,PRCP,0,,,a,
ASN00041110,19700205,PRCP,0,,,a,
ASN00041110,19700206,PRCP,0,,,a,
ASN00041110,19700207,PRCP,0,,,a,
ASN00041110,19700208,PRCP,0,,,a,
ASN00041110,19700209,PRCP,0,,,a,
ASN00041110,19700210,PRCP,0,,,a,
ASN00041110,19700211,PRCP,0,,,a,
ASN00041110,19700212,PRCP,0,,,a,
ASN00041110,19700213,PRCP,0,,,a,
ASN00041110,19700214,PRCP,0,,,a,
ASN00041110,19700215,PRCP,0,,,a,
ASN00041110,19700216,PRCP,15,,,a,
ASN00041110,19700217,PRCP,114,,,a,
ASN00041110,19700218,PRCP,0,,,a,
ASN00041110,19700219,PRCP,0,,,a,
ASN00041110,19700220,PRCP,0,,,a,
ASN00041110,19700221,PRCP,0,,,a,
ASN00041110,19700222,PRCP,0,,,a,
ASN00041110,19700223,PRCP,58,,,a,
ASN00041110,19700224,PRCP,25,,,a,
ASN00041110,19700225,PRCP,56,,,a,
ASN00041110,19700226,PRCP,0,,,a,
ASN00041110,19700227,PRCP,0,,,a,
ASN00041110,19700228,PRCP,0,,,a,
ASN00041110,19700301,PRCP,0,,,a,
ASN00041110,19700302,PRCP,178,,,a,
ASN00041110,19700303,PRCP,0,,,a,
ASN00041110,19700304,PRCP,0,,,a,
ASN00041110,19700305,PRCP,0,,,a,
ASN00041110,19700306,PRCP,0,,,a,
ASN00041110,19700307,PRCP,89,,,a,
ASN00041110,19700308,PRCP,0,,,a,
ASN00041110,19700309,PRCP,0,,,a,
ASN00041110,19700310,PRCP,0,,,a,
ASN00041110,19700311,PRCP,0,,,a,
ASN00041110,19700312,PRCP,0,,,a,
ASN00041110,19700313,PRCP,0,,,a,
ASN00041110,19700314,PRCP,0,,,a,
ASN00041110,19700315,PRCP,0,,,a,
ASN00041110,19700316,PRCP,0,,,a,
ASN00041110,19700317,PRCP,0,,,a,
ASN00041110,19700318,PRCP,0,,,a,
ASN00041110,19700319,PRCP,0,,,a,
ASN00041110,19700320,PRCP,0,,,a,
ASN00041110,19700321,PRCP,30,,,a,
ASN00041110,19700322,PRCP,36,,,a,
ASN00041110,19700323,PRCP,0,,,a,
ASN00041110,19700324,PRCP,0,,,a,
ASN00041110,19700325,PRCP,0,,,a,
ASN00041110,19700326,PRCP,0,,,a,
ASN00041110,19700327,PRCP,0,,,a,
ASN00041110,19700328,PRCP,0,,,a,
ASN00041110,19700329,PRCP,0,,,a,
ASN00041110,19700330,PRCP,0,,,a,
ASN00041110,19700331,PRCP,36,,,a,
ASN00041110,19700401,PRCP,0,,,a,
ASN00041110,19700402,PRCP,0,,,a,
ASN00041110,19700403,PRCP,0,,,a,
ASN00041110,19700404,PRCP,0,,,a,
ASN00041110,19700405,PRCP,0,,,a,
ASN00041110,19700406,PRCP,0,,,a,
ASN00041110,19700407,PRCP,0,,,a,
ASN00041110,19700408,PRCP,0,,,a,
ASN00041110,19700409,PRCP,0,,,a,
ASN00041110,19700410,PRCP,0,,,a,
ASN00041110,19700411,PRCP,0,,,a,
ASN00041110,19700412,PRCP,0,,,a,
ASN00041110,19700413,PRCP,0,,,a,
ASN00041110,19700414,PRCP,0,,,a,
ASN00041110,19700415,PRCP,0,,,a,
ASN00041110,19700416,PRCP,0,,,a,
ASN00041110,19700417,PRCP,0,,,a,
ASN00041110,19700418,PRCP,0,,,a,
ASN00041110,19700419,PRCP,0,,,a,
ASN00041110,19700420,PRCP,0,,,a,
ASN00041110,19700421,PRCP,0,,,a,
ASN00041110,19700422,PRCP,0,,,a,
ASN00041110,19700423,PRCP,0,,,a,
ASN00041110,19700424,PRCP,221,,,a,
ASN00041110,19700425,PRCP,0,,,a,
ASN00041110,19700426,PRCP,0,,,a,
ASN00041110,19700427,PRCP,0,,,a,
ASN00041110,19700428,PRCP,0,,,a,
ASN00041110,19700429,PRCP,0,,,a,
ASN00041110,19700430,PRCP,0,,,a,
ASN00041110,19700501,PRCP,0,,,a,
ASN00041110,19700502,PRCP,0,,,a,
ASN00041110,19700503,PRCP,0,,,a,
ASN00041110,19700504,PRCP,0,,,a,
ASN00041110,19700505,PRCP,0,,,a,
ASN00041110,19700506,PRCP,0,,,a,
ASN00041110,19700507,PRCP,0,,,a,
ASN00041110,19700508,PRCP,0,,,a,
ASN00041110,19700509,PRCP,0,,,a,
ASN00041110,19700510,PRCP,0,,,a,
ASN00041110,19700511,PRCP,0,,,a,
ASN00041110,19700512,PRCP,0,,,a,
ASN00041110,19700513,PRCP,0,,,a,
ASN00041110,19700514,PRCP,0,,,a,
ASN00041110,19700515,PRCP,0,,,a,
ASN00041110,19700516,PRCP,8,,,a,
ASN00041110,19700517,PRCP,0,,,a,
ASN00041110,19700518,PRCP,0,,,a,
ASN00041110,19700519,PRCP,0,,,a,
ASN00041110,19700520,PRCP,0,,,a,
ASN00041110,19700521,PRCP,0,,,a,
ASN00041110,19700522,PRCP,0,,,a,
ASN00041110,19700523,PRCP,0,,,a,
ASN00041110,19700524,PRCP,0,,,a,
ASN00041110,19700525,PRCP,0,,,a,
ASN00041110,19700526,PRCP,0,,,a,
ASN00041110,19700527,PRCP,0,,,a,
ASN00041110,19700528,PRCP,0,,,a,
ASN00041110,19700529,PRCP,20,,,a,
ASN00041110,19700530,PRCP,0,,,a,
ASN00041110,19700531,PRCP,28,,,a,
ASN00041110,19700601,PRCP,0,,,a,
ASN00041110,19700602,PRCP,0,,,a,
ASN00041110,19700603,PRCP,0,,,a,
ASN00041110,19700604,PRCP,28,,,a,
ASN00041110,19700605,PRCP,0,,,a,
ASN00041110,19700606,PRCP,0,,,a,
ASN00041110,19700607,PRCP,0,,,a,
ASN00041110,19700608,PRCP,0,,,a,
ASN00041110,19700609,PRCP,0,,,a,
ASN00041110,19700610,PRCP,0,,,a,
ASN00041110,19700611,PRCP,0,,,a,
ASN00041110,19700612,PRCP,0,,,a,
ASN00041110,19700613,PRCP,0,,,a,
ASN00041110,19700614,PRCP,0,,,a,
ASN00041110,19700615,PRCP,0,,,a,
ASN00041110,19700616,PRCP,0,,,a,
ASN00041110,19700617,PRCP,0,,,a,
ASN00041110,19700618,PRCP,0,,,a,
ASN00041110,19700619,PRCP,0,,,a,
ASN00041110,19700620,PRCP,0,,,a,
ASN00041110,19700621,PRCP,0,,,a,
ASN00041110,19700622,PRCP,5,,,a,
ASN00041110,19700623,PRCP,8,,,a,
ASN00041110,19700624,PRCP,0,,,a,
ASN00041110,19700625,PRCP,0,,,a,
ASN00041110,19700626,PRCP,0,,,a,
ASN00041110,19700627,PRCP,0,,,a,
ASN00041110,19700628,PRCP,0,,,a,
ASN00041110,19700629,PRCP,0,,,a,
ASN00041110,19700630,PRCP,0,,,a,
ASN00041110,19700701,PRCP,0,,,a,
ASN00041110,19700702,PRCP,0,,,a,
ASN00041110,19700703,PRCP,0,,,a,
ASN00041110,19700704,PRCP,0,,,a,
ASN00041110,19700705,PRCP,0,,,a,
ASN00041110,19700706,PRCP,0,,,a,
ASN00041110,19700707,PRCP,0,,,a,
ASN00041110,19700708,PRCP,0,,,a,
ASN00041110,19700709,PRCP,0,,,a,
ASN00041110,19700710,PRCP,0,,,a,
ASN00041110,19700711,PRCP,0,,,a,
ASN00041110,19700712,PRCP,0,,,a,
ASN00041110,19700713,PRCP,0,,,a,
ASN00041110,19700714,PRCP,0,,,a,
ASN00041110,19700715,PRCP,0,,,a,
ASN00041110,19700716,PRCP,0,,,a,
ASN00041110,19700717,PRCP,0,,,a,
ASN00041110,19700718,PRCP,0,,,a,
ASN00041110,19700719,PRCP,0,,,a,
ASN00041110,19700720,PRCP,0,,,a,
ASN00041110,19700721,PRCP,0,,,a,
ASN00041110,19700722,PRCP,0,,,a,
ASN00041110,19700723,PRCP,0,,,a,
ASN00041110,19700724,PRCP,0,,,a,
ASN00041110,19700725,PRCP,0,,,a,
ASN00041110,19700726,PRCP,0,,,a,
ASN00041110,19700727,PRCP,0,,,a,
ASN00041110,19700728,PRCP,0,,,a,
ASN00041110,19700729,PRCP,0,,,a,
ASN00041110,19700730,PRCP,0,,,a,
ASN00041110,19700731,PRCP,0,,,a,
ASN00041110,19700801,PRCP,0,,,a,
ASN00041110,19700802,PRCP,0,,,a,
ASN00041110,19700803,PRCP,0,,,a,
ASN00041110,19700804,PRCP,0,,,a,
ASN00041110,19700805,PRCP,0,,,a,
ASN00041110,19700806,PRCP,0,,,a,
ASN00041110,19700807,PRCP,0,,,a,
ASN00041110,19700808,PRCP,0,,,a,
ASN00041110,19700809,PRCP,0,,,a,
ASN00041110,19700810,PRCP,0,,,a,
ASN00041110,19700811,PRCP,0,,,a,
ASN00041110,19700812,PRCP,0,,,a,
ASN00041110,19700813,PRCP,0,,,a,
ASN00041110,19700814,PRCP,0,,,a,
ASN00041110,19700815,PRCP,0,,,a,
ASN00041110,19700816,PRCP,0,,,a,
ASN00041110,19700817,PRCP,0,,,a,
ASN00041110,19700818,PRCP,0,,,a,
ASN00041110,19700819,PRCP,0,,,a,
ASN00041110,19700820,PRCP,0,,,a,
ASN00041110,19700821,PRCP,0,,,a,
ASN00041110,19700822,PRCP,0,,,a,
ASN00041110,19700823,PRCP,0,,,a,
ASN00041110,19700824,PRCP,25,,,a,
ASN00041110,19700825,PRCP,0,,,a,
ASN00041110,19700826,PRCP,0,,,a,
ASN00041110,19700827,PRCP,0,,,a,
ASN00041110,19700828,PRCP,0,,,a,
ASN00041110,19700829,PRCP,0,,,a,
ASN00041110,19700830,PRCP,0,,,a,
ASN00041110,19700831,PRCP,0,,,a,
ASN00041110,19700901,PRCP,0,,,a,
ASN00041110,19700902,PRCP,0,,,a,
ASN00041110,19700903,PRCP,0,,,a,
ASN00041110,19700904,PRCP,0,,,a,
ASN00041110,19700905,PRCP,0,,,a,
ASN00041110,19700906,PRCP,0,,,a,
ASN00041110,19700907,PRCP,0,,,a,
ASN00041110,19700908,PRCP,0,,,a,
ASN00041110,19700909,PRCP,0,,,a,
ASN00041110,19700910,PRCP,0,,,a,
ASN00041110,19700911,PRCP,0,,,a,
ASN00041110,19700912,PRCP,0,,,a,
ASN00041110,19700913,PRCP,23,,,a,
ASN00041110,19700914,PRCP,0,,,a,
ASN00041110,19700915,PRCP,76,,,a,
ASN00041110,19700916,PRCP,20,,,a,
ASN00041110,19700917,PRCP,0,,,a,
ASN00041110,19700918,PRCP,0,,,a,
ASN00041110,19700919,PRCP,0,,,a,
ASN00041110,19700920,PRCP,0,,,a,
ASN00041110,19700921,PRCP,0,,,a,
ASN00041110,19700922,PRCP,33,,,a,
ASN00041110,19700923,PRCP,366,,,a,
ASN00041110,19700924,PRCP,0,,,a,
ASN00041110,19700925,PRCP,8,,,a,
ASN00041110,19700926,PRCP,0,,,a,
ASN00041110,19700927,PRCP,0,,,a,
ASN00041110,19700928,PRCP,216,,,a,
ASN00041110,19700929,PRCP,0,,,a,
ASN00041110,19700930,PRCP,0,,,a,
ASN00041110,19701001,PRCP,0,,,a,
ASN00041110,19701002,PRCP,0,,,a,
ASN00041110,19701003,PRCP,0,,,a,
ASN00041110,19701004,PRCP,0,,,a,
ASN00041110,19701005,PRCP,0,,,a,
ASN00041110,19701006,PRCP,0,,,a,
ASN00041110,19701007,PRCP,0,,,a,
ASN00041110,19701008,PRCP,0,,,a,
ASN00041110,19701009,PRCP,0,,,a,
ASN00041110,19701010,PRCP,0,,,a,
ASN00041110,19701011,PRCP,0,,,a,
ASN00041110,19701012,PRCP,0,,,a,
ASN00041110,19701013,PRCP,0,,,a,
ASN00041110,19701014,PRCP,0,,,a,
ASN00041110,19701015,PRCP,0,,,a,
ASN00041110,19701016,PRCP,0,,,a,
ASN00041110,19701017,PRCP,0,,,a,
ASN00041110,19701018,PRCP,0,,,a,
ASN00041110,19701019,PRCP,0,,,a,
ASN00041110,19701020,PRCP,0,,,a,
ASN00041110,19701021,PRCP,251,,,a,
ASN00041110,19701022,PRCP,0,,,a,
ASN00041110,19701023,PRCP,0,,,a,
ASN00041110,19701024,PRCP,0,,,a,
ASN00041110,19701025,PRCP,0,,,a,
ASN00041110,19701026,PRCP,0,,,a,
ASN00041110,19701027,PRCP,0,,,a,
ASN00041110,19701028,PRCP,0,,,a,
ASN00041110,19701029,PRCP,0,,,a,
ASN00041110,19701030,PRCP,145,,,a,
ASN00041110,19701031,PRCP,0,,,a,
ASN00041110,19701101,PRCP,0,,,a,
ASN00041110,19701102,PRCP,0,,,a,
ASN00041110,19701103,PRCP,0,,,a,
ASN00041110,19701104,PRCP,0,,,a,
ASN00041110,19701105,PRCP,0,,,a,
ASN00041110,19701106,PRCP,0,,,a,
ASN00041110,19701107,PRCP,0,,,a,
ASN00041110,19701108,PRCP,0,,,a,
ASN00041110,19701109,PRCP,0,,,a,
ASN00041110,19701110,PRCP,102,,,a,
ASN00041110,19701111,PRCP,0,,,a,
ASN00041110,19701112,PRCP,3,,,a,
ASN00041110,19701113,PRCP,0,,,a,
ASN00041110,19701114,PRCP,0,,,a,
ASN00041110,19701115,PRCP,246,,,a,
ASN00041110,19701116,PRCP,264,,,a,
ASN00041110,19701117,PRCP,0,,,a,
ASN00041110,19701118,PRCP,0,,,a,
ASN00041110,19701119,PRCP,28,,,a,
ASN00041110,19701120,PRCP,0,,,a,
ASN00041110,19701121,PRCP,0,,,a,
ASN00041110,19701122,PRCP,0,,,a,
ASN00041110,19701123,PRCP,0,,,a,
ASN00041110,19701124,PRCP,0,,,a,
ASN00041110,19701125,PRCP,0,,,a,
ASN00041110,19701126,PRCP,0,,,a,
ASN00041110,19701127,PRCP,25,,,a,
ASN00041110,19701128,PRCP,0,,,a,
ASN00041110,19701129,PRCP,0,,,a,
ASN00041110,19701130,PRCP,0,,,a,
ASN00041110,19701201,PRCP,0,,,a,
ASN00041110,19701202,PRCP,64,,,a,
ASN00041110,19701203,PRCP,0,,,a,
ASN00041110,19701204,PRCP,0,,,a,
ASN00041110,19701205,PRCP,0,,,a,
ASN00041110,19701206,PRCP,0,,,a,
ASN00041110,19701207,PRCP,290,,,a,
ASN00041110,19701208,PRCP,315,,,a,
ASN00041110,19701209,PRCP,1120,,,a,
ASN00041110,19701210,PRCP,198,,,a,
ASN00041110,19701211,PRCP,0,,,a,
ASN00041110,19701212,PRCP,0,,,a,
ASN00041110,19701213,PRCP,0,,,a,
ASN00041110,19701214,PRCP,0,,,a,
ASN00041110,19701215,PRCP,0,,,a,
ASN00041110,19701216,PRCP,69,,,a,
ASN00041110,19701217,PRCP,643,,,a,
ASN00041110,19701218,PRCP,0,,,a,
ASN00041110,19701219,PRCP,0,,,a,
ASN00041110,19701220,PRCP,0,,,a,
ASN00041110,19701221,PRCP,221,,,a,
ASN00041110,19701222,PRCP,0,,,a,
ASN00041110,19701223,PRCP,13,,,a,
ASN00041110,19701224,PRCP,76,,,a,
ASN00041110,19701225,PRCP,0,,,a,
ASN00041110,19701226,PRCP,0,,,a,
ASN00041110,19701227,PRCP,203,,,a,
ASN00041110,19701228,PRCP,15,,,a,
ASN00041110,19701229,PRCP,74,,,a,
ASN00041110,19701230,PRCP,33,,,a,
ASN00041110,19701231,PRCP,0,,,a,
ASN00041110,19710101,PRCP,0,,,a,
ASN00041110,19710102,PRCP,0,,,a,
ASN00041110,19710103,PRCP,0,,,a,
ASN00041110,19710104,PRCP,0,,,a,
ASN00041110,19710105,PRCP,0,,,a,
ASN00041110,19710106,PRCP,0,,,a,
ASN00041110,19710107,PRCP,0,,,a,
ASN00041110,19710108,PRCP,0,,,a,
ASN00041110,19710109,PRCP,0,,,a,
ASN00041110,19710110,PRCP,0,,,a,
ASN00041110,19710111,PRCP,163,,,a,
ASN00041110,19710112,PRCP,0,,,a,
ASN00041110,19710113,PRCP,368,,,a,
ASN00041110,19710114,PRCP,0,,,a,
ASN00041110,19710115,PRCP,0,,,a,
ASN00041110,19710116,PRCP,0,,,a,
ASN00041110,19710117,PRCP,0,,,a,
ASN00041110,19710118,PRCP,0,,,a,
ASN00041110,19710119,PRCP,556,,,a,
ASN00041110,19710120,PRCP,89,,,a,
ASN00041110,19710121,PRCP,0,,,a,
ASN00041110,19710122,PRCP,0,,,a,
ASN00041110,19710123,PRCP,0,,,a,
ASN00041110,19710124,PRCP,173,,,a,
ASN00041110,19710125,PRCP,30,,,a,
ASN00041110,19710126,PRCP,51,,,a,
ASN00041110,19710127,PRCP,38,,,a,
ASN00041110,19710128,PRCP,439,,,a,
ASN00041110,19710129,PRCP,221,,,a,
ASN00041110,19710130,PRCP,61,,,a,
ASN00041110,19710131,PRCP,0,,,a,
ASN00041110,19710201,PRCP,33,,,a,
ASN00041110,19710202,PRCP,15,,,a,
ASN00041110,19710203,PRCP,157,,,a,
ASN00041110,19710204,PRCP,66,,,a,
ASN00041110,19710205,PRCP,56,,,a,
ASN00041110,19710206,PRCP,404,,,a,
ASN00041110,19710207,PRCP,0,,,a,
ASN00041110,19710208,PRCP,18,,,a,
ASN00041110,19710209,PRCP,300,,,a,
ASN00041110,19710210,PRCP,33,,,a,
ASN00041110,19710211,PRCP,0,,,a,
ASN00041110,19710212,PRCP,0,,,a,
ASN00041110,19710213,PRCP,0,,,a,
ASN00041110,19710214,PRCP,0,,,a,
ASN00041110,19710215,PRCP,0,,,a,
ASN00041110,19710216,PRCP,0,,,a,
ASN00041110,19710217,PRCP,0,,,a,
ASN00041110,19710218,PRCP,13,,,a,
ASN00041110,19710219,PRCP,89,,,a,
ASN00041110,19710220,PRCP,0,,,a,
ASN00041110,19710221,PRCP,0,,,a,
ASN00041110,19710222,PRCP,0,,,a,
ASN00041110,19710223,PRCP,71,,,a,
ASN00041110,19710224,PRCP,23,,,a,
ASN00041110,19710225,PRCP,0,,,a,
ASN00041110,19710226,PRCP,0,,,a,
ASN00041110,19710227,PRCP,0,,,a,
ASN00041110,19710228,PRCP,0,,,a,
ASN00041110,19710301,PRCP,0,,,a,
ASN00041110,19710302,PRCP,0,,,a,
ASN00041110,19710303,PRCP,0,,,a,
ASN00041110,19710304,PRCP,0,,,a,
ASN00041110,19710305,PRCP,0,,,a,
ASN00041110,19710306,PRCP,0,,,a,
ASN00041110,19710307,PRCP,0,,,a,
ASN00041110,19710308,PRCP,0,,,a,
ASN00041110,19710309,PRCP,0,,,a,
ASN00041110,19710310,PRCP,0,,,a,
ASN00041110,19710311,PRCP,0,,,a,
ASN00041110,19710312,PRCP,0,,,a,
ASN00041110,19710313,PRCP,0,,,a,
ASN00041110,19710314,PRCP,0,,,a,
ASN00041110,19710315,PRCP,0,,,a,
ASN00041110,19710316,PRCP,0,,,a,
ASN00041110,19710317,PRCP,0,,,a,
ASN00041110,19710318,PRCP,0,,,a,
ASN00041110,19710319,PRCP,0,,,a,
ASN00041110,19710320,PRCP,0,,,a,
ASN00041110,19710321,PRCP,0,,,a,
ASN00041110,19710322,PRCP,0,,,a,
ASN00041110,19710323,PRCP,0,,,a,
ASN00041110,19710324,PRCP,0,,,a,
ASN00041110,19710325,PRCP,0,,,a,
ASN00041110,19710326,PRCP,0,,,a,
ASN00041110,19710327,PRCP,0,,,a,
ASN00041110,19710328,PRCP,0,,,a,
ASN00041110,19710329,PRCP,0,,,a,
ASN00041110,19710330,PRCP,0,,,a,
ASN00041110,19710331,PRCP,0,,,a,
ASN00041110,19710401,PRCP,0,,,a,
ASN00041110,19710402,PRCP,0,,,a,
ASN00041110,19710403,PRCP,0,,,a,
ASN00041110,19710404,PRCP,0,,,a,
ASN00041110,19710405,PRCP,0,,,a,
ASN00041110,19710406,PRCP,0,,,a,
ASN00041110,19710407,PRCP,0,,,a,
ASN00041110,19710408,PRCP,0,,,a,
ASN00041110,19710409,PRCP,0,,,a,
ASN00041110,19710410,PRCP,0,,,a,
ASN00041110,19710411,PRCP,0,,,a,
ASN00041110,19710412,PRCP,0,,,a,
ASN00041110,19710413,PRCP,0,,,a,
ASN00041110,19710414,PRCP,23,,,a,
ASN00041110,19710415,PRCP,0,,,a,
ASN00041110,19710416,PRCP,0,,,a,
ASN00041110,19710417,PRCP,0,,,a,
ASN00041110,19710418,PRCP,46,,,a,
ASN00041110,19710419,PRCP,0,,,a,
ASN00041110,19710420,PRCP,0,,,a,
ASN00041110,19710421,PRCP,0,,,a,
ASN00041110,19710422,PRCP,0,,,a,
ASN00041110,19710423,PRCP,0,,,a,
ASN00041110,19710424,PRCP,0,,,a,
ASN00041110,19710425,PRCP,0,,,a,
ASN00041110,19710426,PRCP,0,,,a,
ASN00041110,19710427,PRCP,0,,,a,
ASN00041110,19710428,PRCP,0,,,a,
ASN00041110,19710429,PRCP,0,,,a,
ASN00041110,19710430,PRCP,0,,,a,
ASN00041110,19710501,PRCP,0,,,a,
ASN00041110,19710502,PRCP,0,,,a,
ASN00041110,19710503,PRCP,0,,,a,
ASN00041110,19710504,PRCP,0,,,a,
ASN00041110,19710505,PRCP,0,,,a,
ASN00041110,19710506,PRCP,0,,,a,
ASN00041110,19710507,PRCP,0,,,a,
ASN00041110,19710508,PRCP,0,,,a,
ASN00041110,19710509,PRCP,0,,,a,
ASN00041110,19710510,PRCP,0,,,a,
ASN00041110,19710511,PRCP,0,,,a,
ASN00041110,19710512,PRCP,0,,,a,
ASN00041110,19710513,PRCP,0,,,a,
ASN00041110,19710514,PRCP,0,,,a,
ASN00041110,19710515,PRCP,0,,,a,
ASN00041110,19710516,PRCP,0,,,a,
ASN00041110,19710517,PRCP,0,,,a,
ASN00041110,19710518,PRCP,0,,,a,
ASN00041110,19710519,PRCP,0,,,a,
ASN00041110,19710520,PRCP,0,,,a,
ASN00041110,19710521,PRCP,157,,,a,
ASN00041110,19710522,PRCP,0,,,a,
ASN00041110,19710523,PRCP,0,,,a,
ASN00041110,19710524,PRCP,0,,,a,
ASN00041110,19710525,PRCP,0,,,a,
ASN00041110,19710526,PRCP,0,,,a,
ASN00041110,19710527,PRCP,0,,,a,
ASN00041110,19710528,PRCP,0,,,a,
ASN00041110,19710529,PRCP,0,,,a,
ASN00041110,19710530,PRCP,41,,,a,
ASN00041110,19710531,PRCP,0,,,a,
ASN00041110,19710601,PRCP,0,,,a,
ASN00041110,19710602,PRCP,0,,,a,
ASN00041110,19710603,PRCP,0,,,a,
ASN00041110,19710604,PRCP,0,,,a,
ASN00041110,19710605,PRCP,0,,,a,
ASN00041110,19710606,PRCP,0,,,a,
ASN00041110,19710607,PRCP,0,,,a,
ASN00041110,19710608,PRCP,0,,,a,
ASN00041110,19710609,PRCP,0,,,a,
ASN00041110,19710610,PRCP,0,,,a,
ASN00041110,19710611,PRCP,0,,,a,
ASN00041110,19710612,PRCP,137,,,a,
ASN00041110,19710613,PRCP,0,,,a,
ASN00041110,19710614,PRCP,0,,,a,
ASN00041110,19710615,PRCP,0,,,a,
ASN00041110,19710616,PRCP,0,,,a,
ASN00041110,19710617,PRCP,0,,,a,
ASN00041110,19710618,PRCP,5,,,a,
ASN00041110,19710619,PRCP,0,,,a,
ASN00041110,19710620,PRCP,0,,,a,
ASN00041110,19710621,PRCP,0,,,a,
ASN00041110,19710622,PRCP,0,,,a,
ASN00041110,19710623,PRCP,0,,,a,
ASN00041110,19710624,PRCP,0,,,a,
ASN00041110,19710625,PRCP,0,,,a,
ASN00041110,19710626,PRCP,0,,,a,
ASN00041110,19710627,PRCP,0,,,a,
ASN00041110,19710628,PRCP,0,,,a,
ASN00041110,19710629,PRCP,0,,,a,
ASN00041110,19710630,PRCP,0,,,a,
ASN00041110,19710701,PRCP,0,,,a,
ASN00041110,19710702,PRCP,0,,,a,
ASN00041110,19710703,PRCP,0,,,a,
ASN00041110,19710704,PRCP,0,,,a,
ASN00041110,19710705,PRCP,0,,,a,
ASN00041110,19710706,PRCP,0,,,a,
ASN00041110,19710707,PRCP,0,,,a,
ASN00041110,19710708,PRCP,0,,,a,
ASN00041110,19710709,PRCP,0,,,a,
ASN00041110,19710710,PRCP,0,,,a,
ASN00041110,19710711,PRCP,0,,,a,
ASN00041110,19710712,PRCP,0,,,a,
ASN00041110,19710713,PRCP,0,,,a,
ASN00041110,19710714,PRCP,0,,,a,
ASN00041110,19710715,PRCP,58,,,a,
ASN00041110,19710716,PRCP,23,,,a,
ASN00041110,19710717,PRCP,249,,,a,
ASN00041110,19710718,PRCP,0,,,a,
ASN00041110,19710719,PRCP,0,,,a,
ASN00041110,19710720,PRCP,0,,,a,
ASN00041110,19710721,PRCP,0,,,a,
ASN00041110,19710722,PRCP,0,,,a,
ASN00041110,19710723,PRCP,0,,,a,
ASN00041110,19710724,PRCP,0,,,a,
ASN00041110,19710725,PRCP,0,,,a,
ASN00041110,19710726,PRCP,0,,,a,
ASN00041110,19710727,PRCP,0,,,a,
ASN00041110,19710728,PRCP,0,,,a,
ASN00041110,19710729,PRCP,0,,,a,
ASN00041110,19710730,PRCP,0,,,a,
ASN00041110,19710731,PRCP,0,,,a,
ASN00041110,19710801,PRCP,0,,,a,
ASN00041110,19710802,PRCP,0,,,a,
ASN00041110,19710803,PRCP,0,,,a,
ASN00041110,19710804,PRCP,0,,,a,
ASN00041110,19710805,PRCP,0,,,a,
ASN00041110,19710806,PRCP,333,,,a,
ASN00041110,19710807,PRCP,0,,,a,
ASN00041110,19710808,PRCP,0,,,a,
ASN00041110,19710809,PRCP,0,,,a,
ASN00041110,19710810,PRCP,0,,,a,
ASN00041110,19710811,PRCP,89,,,a,
ASN00041110,19710812,PRCP,0,,,a,
ASN00041110,19710813,PRCP,0,,,a,
ASN00041110,19710814,PRCP,0,,,a,
ASN00041110,19710815,PRCP,71,,,a,
ASN00041110,19710816,PRCP,0,,,a,
ASN00041110,19710817,PRCP,0,,,a,
ASN00041110,19710818,PRCP,0,,,a,
ASN00041110,19710819,PRCP,0,,,a,
ASN00041110,19710820,PRCP,0,,,a,
ASN00041110,19710821,PRCP,0,,,a,
ASN00041110,19710822,PRCP,198,,,a,
ASN00041110,19710823,PRCP,0,,,a,
ASN00041110,19710824,PRCP,0,,,a,
ASN00041110,19710825,PRCP,0,,,a,
ASN00041110,19710826,PRCP,0,,,a,
ASN00041110,19710827,PRCP,0,,,a,
ASN00041110,19710828,PRCP,0,,,a,
ASN00041110,19710829,PRCP,180,,,a,
ASN00041110,19710830,PRCP,0,,,a,
ASN00041110,19710831,PRCP,0,,,a,
ASN00041110,19710901,PRCP,0,,,a,
ASN00041110,19710902,PRCP,0,,,a,
ASN00041110,19710903,PRCP,0,,,a,
ASN00041110,19710904,PRCP,53,,,a,
ASN00041110,19710905,PRCP,23,,,a,
ASN00041110,19710906,PRCP,0,,,a,
ASN00041110,19710907,PRCP,0,,,a,
ASN00041110,19710908,PRCP,0,,,a,
ASN00041110,19710909,PRCP,0,,,a,
ASN00041110,19710910,PRCP,0,,,a,
ASN00041110,19710911,PRCP,0,,,a,
ASN00041110,19710912,PRCP,0,,,a,
ASN00041110,19710913,PRCP,38,,,a,
ASN00041110,19710914,PRCP,23,,,a,
ASN00041110,19710915,PRCP,0,,,a,
ASN00041110,19710916,PRCP,86,,,a,
ASN00041110,19710917,PRCP,10,,,a,
ASN00041110,19710918,PRCP,0,,,a,
ASN00041110,19710919,PRCP,0,,,a,
ASN00041110,19710920,PRCP,0,,,a,
ASN00041110,19710921,PRCP,0,,,a,
ASN00041110,19710922,PRCP,0,,,a,
ASN00041110,19710923,PRCP,0,,,a,
ASN00041110,19710924,PRCP,0,,,a,
ASN00041110,19710925,PRCP,0,,,a,
ASN00041110,19710926,PRCP,0,,,a,
ASN00041110,19710927,PRCP,0,,,a,
ASN00041110,19710928,PRCP,0,,,a,
ASN00041110,19710929,PRCP,0,,,a,
ASN00041110,19710930,PRCP,0,,,a,
ASN00041110,19711001,PRCP,0,,,a,
ASN00041110,19711002,PRCP,0,,,a,
ASN00041110,19711003,PRCP,0,,,a,
ASN00041110,19711004,PRCP,0,,,a,
ASN00041110,19711005,PRCP,0,,,a,
ASN00041110,19711006,PRCP,0,,,a,
ASN00041110,19711007,PRCP,0,,,a,
ASN00041110,19711008,PRCP,0,,,a,
ASN00041110,19711009,PRCP,0,,,a,
ASN00041110,19711010,PRCP,0,,,a,
ASN00041110,19711011,PRCP,0,,,a,
ASN00041110,19711012,PRCP,0,,,a,
ASN00041110,19711013,PRCP,292,,,a,
ASN00041110,19711014,PRCP,38,,,a,
ASN00041110,19711015,PRCP,0,,,a,
ASN00041110,19711016,PRCP,0,,,a,
ASN00041110,19711017,PRCP,0,,,a,
ASN00041110,19711018,PRCP,117,,,a,
ASN00041110,19711019,PRCP,0,,,a,
ASN00041110,19711020,PRCP,0,,,a,
ASN00041110,19711021,PRCP,0,,,a,
ASN00041110,19711022,PRCP,0,,,a,
ASN00041110,19711023,PRCP,0,,,a,
ASN00041110,19711024,PRCP,0,,,a,
ASN00041110,19711025,PRCP,0,,,a,
ASN00041110,19711026,PRCP,0,,,a,
ASN00041110,19711027,PRCP,0,,,a,
ASN00041110,19711028,PRCP,0,,,a,
ASN00041110,19711029,PRCP,0,,,a,
ASN00041110,19711030,PRCP,0,,,a,
ASN00041110,19711031,PRCP,0,,,a,
ASN00041110,19711101,PRCP,0,,,a,
ASN00041110,19711102,PRCP,0,,,a,
ASN00041110,19711103,PRCP,206,,,a,
ASN00041110,19711104,PRCP,0,,,a,
ASN00041110,19711105,PRCP,0,,,a,
ASN00041110,19711106,PRCP,0,,,a,
ASN00041110,19711107,PRCP,10,,,a,
ASN00041110,19711108,PRCP,66,,,a,
ASN00041110,19711109,PRCP,0,,,a,
ASN00041110,19711110,PRCP,0,,,a,
ASN00041110,19711111,PRCP,0,,,a,
ASN00041110,19711112,PRCP,0,,,a,
ASN00041110,19711113,PRCP,0,,,a,
ASN00041110,19711114,PRCP,71,,,a,
ASN00041110,19711115,PRCP,0,,,a,
ASN00041110,19711116,PRCP,0,,,a,
ASN00041110,19711117,PRCP,0,,,a,
ASN00041110,19711118,PRCP,0,,,a,
ASN00041110,19711119,PRCP,0,,,a,
ASN00041110,19711120,PRCP,0,,,a,
ASN00041110,19711121,PRCP,0,,,a,
ASN00041110,19711122,PRCP,0,,,a,
ASN00041110,19711123,PRCP,0,,,a,
ASN00041110,19711124,PRCP,0,,,a,
ASN00041110,19711125,PRCP,0,,,a,
ASN00041110,19711126,PRCP,0,,,a,
ASN00041110,19711127,PRCP,99,,,a,
ASN00041110,19711128,PRCP,0,,,a,
ASN00041110,19711129,PRCP,69,,,a,
ASN00041110,19711130,PRCP,211,,,a,
ASN00041110,19711201,PRCP,0,,,a,
ASN00041110,19711202,PRCP,0,,,a,
ASN00041110,19711203,PRCP,0,,,a,
ASN00041110,19711204,PRCP,0,,,a,
ASN00041110,19711205,PRCP,0,,,a,
ASN00041110,19711206,PRCP,0,,,a,
ASN00041110,19711207,PRCP,0,,,a,
ASN00041110,19711208,PRCP,0,,,a,
ASN00041110,19711209,PRCP,0,,,a,
ASN00041110,19711210,PRCP,0,,,a,
ASN00041110,19711211,PRCP,0,,,a,
ASN00041110,19711212,PRCP,0,,,a,
ASN00041110,19711213,PRCP,0,,,a,
ASN00041110,19711214,PRCP,0,,,a,
ASN00041110,19711215,PRCP,323,,,a,
ASN00041110,19711216,PRCP,0,,,a,
ASN00041110,19711217,PRCP,0,,,a,
ASN00041110,19711218,PRCP,0,,,a,
ASN00041110,19711219,PRCP,0,,,a,
ASN00041110,19711220,PRCP,104,,,a,
ASN00041110,19711221,PRCP,0,,,a,
ASN00041110,19711222,PRCP,0,,,a,
ASN00041110,19711223,PRCP,0,,,a,
ASN00041110,19711224,PRCP,0,,,a,
ASN00041110,19711225,PRCP,0,,,a,
ASN00041110,19711228,PRCP,452,,,a,
ASN00041110,19711229,PRCP,0,,,a,
ASN00041110,19711230,PRCP,0,,,a,
ASN00041110,19711231,PRCP,0,,,a,
ASN00041110,19711227,DAPR,2,,,a,
ASN00041110,19711227,DWPR,2,,,a,
ASN00041110,19711227,MDPR,254,,,a,
ASN00041110,19720101,PRCP,0,,,a,
ASN00041110,19720102,PRCP,0,,,a,
ASN00041110,19720103,PRCP,0,,,a,
ASN00041110,19720104,PRCP,165,,,a,
ASN00041110,19720105,PRCP,0,,,a,
ASN00041110,19720106,PRCP,0,,,a,
ASN00041110,19720107,PRCP,0,,,a,
ASN00041110,19720108,PRCP,0,,,a,
ASN00041110,19720109,PRCP,0,,,a,
ASN00041110,19720110,PRCP,0,,,a,
ASN00041110,19720111,PRCP,0,,,a,
ASN00041110,19720112,PRCP,0,,,a,
ASN00041110,19720113,PRCP,0,,,a,
ASN00041110,19720114,PRCP,371,,,a,
ASN00041110,19720115,PRCP,196,,,a,
ASN00041110,19720116,PRCP,0,,,a,
ASN00041110,19720117,PRCP,0,,,a,
ASN00041110,19720118,PRCP,0,,,a,
ASN00041110,19720119,PRCP,246,,,a,
ASN00041110,19720120,PRCP,0,,,a,
ASN00041110,19720121,PRCP,0,,,a,
ASN00041110,19720122,PRCP,0,,,a,
ASN00041110,19720123,PRCP,0,,,a,
ASN00041110,19720124,PRCP,0,,,a,
ASN00041110,19720125,PRCP,0,,,a,
ASN00041110,19720126,PRCP,15,,,a,
ASN00041110,19720127,PRCP,0,,,a,
ASN00041110,19720128,PRCP,0,,,a,
ASN00041110,19720129,PRCP,38,,,a,
ASN00041110,19720130,PRCP,0,,,a,
ASN00041110,19720131,PRCP,0,,,a,
ASN00041110,19720201,PRCP,0,,,a,
ASN00041110,19720202,PRCP,0,,,a,
ASN00041110,19720203,PRCP,53,,,a,
ASN00041110,19720204,PRCP,0,,,a,
ASN00041110,19720205,PRCP,0,,,a,
ASN00041110,19720206,PRCP,0,,,a,
ASN00041110,19720207,PRCP,0,,,a,
ASN00041110,19720208,PRCP,0,,,a,
ASN00041110,19720209,PRCP,0,,,a,
ASN00041110,19720210,PRCP,0,,,a,
ASN00041110,19720211,PRCP,0,,,a,
ASN00041110,19720212,PRCP,86,,,a,
ASN00041110,19720213,PRCP,0,,,a,
ASN00041110,19720214,PRCP,0,,,a,
ASN00041110,19720215,PRCP,0,,,a,
ASN00041110,19720216,PRCP,0,,,a,
ASN00041110,19720217,PRCP,127,,,a,
ASN00041110,19720218,PRCP,8,,,a,
ASN00041110,19720219,PRCP,135,,,a,
ASN00041110,19720220,PRCP,0,,,a,
ASN00041110,19720221,PRCP,0,,,a,
ASN00041110,19720222,PRCP,84,,,a,
ASN00041110,19720223,PRCP,0,,,a,
ASN00041110,19720224,PRCP,0,,,a,
ASN00041110,19720225,PRCP,0,,,a,
ASN00041110,19720226,PRCP,0,,,a,
ASN00041110,19720227,PRCP,0,,,a,
ASN00041110,19720228,PRCP,0,,,a,
ASN00041110,19720229,PRCP,0,,,a,
ASN00041110,19720301,PRCP,0,,,a,
ASN00041110,19720302,PRCP,0,,,a,
ASN00041110,19720303,PRCP,0,,,a,
ASN00041110,19720304,PRCP,0,,,a,
ASN00041110,19720305,PRCP,0,,,a,
ASN00041110,19720306,PRCP,0,,,a,
ASN00041110,19720307,PRCP,86,,,a,
ASN00041110,19720308,PRCP,0,,,a,
ASN00041110,19720309,PRCP,0,,,a,
ASN00041110,19720310,PRCP,0,,,a,
ASN00041110,19720311,PRCP,0,,,a,
ASN00041110,19720312,PRCP,0,,,a,
ASN00041110,19720313,PRCP,0,,,a,
ASN00041110,19720314,PRCP,0,,,a,
ASN00041110,19720315,PRCP,0,,,a,
ASN00041110,19720316,PRCP,0,,,a,
ASN00041110,19720317,PRCP,0,,,a,
ASN00041110,19720318,PRCP,0,,,a,
ASN00041110,19720319,PRCP,0,,,a,
ASN00041110,19720320,PRCP,157,,,a,
ASN00041110,19720321,PRCP,61,,,a,
ASN00041110,19720322,PRCP,13,,,a,
ASN00041110,19720323,PRCP,0,,,a,
ASN00041110,19720324,PRCP,0,,,a,
ASN00041110,19720325,PRCP,0,,,a,
ASN00041110,19720326,PRCP,0,,,a,
ASN00041110,19720327,PRCP,0,,,a,
ASN00041110,19720328,PRCP,0,,,a,
ASN00041110,19720329,PRCP,0,,,a,
ASN00041110,19720330,PRCP,0,,,a,
ASN00041110,19720331,PRCP,0,,,a,
ASN00041110,19720401,PRCP,0,,,a,
ASN00041110,19720404,PRCP,28,,,a,
ASN00041110,19720405,PRCP,0,,,a,
ASN00041110,19720406,PRCP,0,,,a,
ASN00041110,19720407,PRCP,0,,,a,
ASN00041110,19720408,PRCP,0,,,a,
ASN00041110,19720409,PRCP,0,,,a,
ASN00041110,19720410,PRCP,0,,,a,
ASN00041110,19720411,PRCP,0,,,a,
ASN00041110,19720412,PRCP,0,,,a,
ASN00041110,19720413,PRCP,0,,,a,
ASN00041110,19720414,PRCP,0,,,a,
ASN00041110,19720415,PRCP,0,,,a,
ASN00041110,19720416,PRCP,0,,,a,
ASN00041110,19720417,PRCP,0,,,a,
ASN00041110,19720418,PRCP,0,,,a,
ASN00041110,19720419,PRCP,0,,,a,
ASN00041110,19720420,PRCP,0,,,a,
ASN00041110,19720421,PRCP,0,,,a,
ASN00041110,19720422,PRCP,0,,,a,
ASN00041110,19720423,PRCP,0,,,a,
ASN00041110,19720424,PRCP,0,,,a,
ASN00041110,19720425,PRCP,0,,,a,
ASN00041110,19720426,PRCP,0,,,a,
ASN00041110,19720427,PRCP,0,,,a,
ASN00041110,19720428,PRCP,0,,,a,
ASN00041110,19720429,PRCP,0,,,a,
ASN00041110,19720430,PRCP,0,,,a,
ASN00041110,19720403,DAPR,2,,,a,
ASN00041110,19720403,DWPR,2,,,a,
ASN00041110,19720403,MDPR,305,,,a,
ASN00041110,19720501,PRCP,0,,,a,
ASN00041110,19720502,PRCP,0,,,a,
ASN00041110,19720503,PRCP,0,,,a,
ASN00041110,19720504,PRCP,0,,,a,
ASN00041110,19720505,PRCP,0,,,a,
ASN00041110,19720506,PRCP,0,,,a,
ASN00041110,19720507,PRCP,0,,,a,
ASN00041110,19720508,PRCP,0,,,a,
ASN00041110,19720509,PRCP,0,,,a,
ASN00041110,19720510,PRCP,0,,,a,
ASN00041110,19720511,PRCP,81,,,a,
ASN00041110,19720512,PRCP,66,,,a,
ASN00041110,19720513,PRCP,0,,,a,
ASN00041110,19720514,PRCP,0,,,a,
ASN00041110,19720515,PRCP,0,,,a,
ASN00041110,19720516,PRCP,0,,,a,
ASN00041110,19720517,PRCP,0,,,a,
ASN00041110,19720518,PRCP,0,,,a,
ASN00041110,19720519,PRCP,0,,,a,
ASN00041110,19720520,PRCP,0,,,a,
ASN00041110,19720521,PRCP,0,,,a,
ASN00041110,19720522,PRCP,0,,,a,
ASN00041110,19720523,PRCP,0,,,a,
ASN00041110,19720524,PRCP,0,,,a,
ASN00041110,19720525,PRCP,13,,,a,
ASN00041110,19720526,PRCP,0,,,a,
ASN00041110,19720527,PRCP,0,,,a,
ASN00041110,19720528,PRCP,0,,,a,
ASN00041110,19720529,PRCP,0,,,a,
ASN00041110,19720530,PRCP,0,,,a,
ASN00041110,19720531,PRCP,0,,,a,
ASN00041110,19720601,PRCP,0,,,a,
ASN00041110,19720602,PRCP,0,,,a,
ASN00041110,19720603,PRCP,0,,,a,
ASN00041110,19720604,PRCP,0,,,a,
ASN00041110,19720605,PRCP,0,,,a,
ASN00041110,19720606,PRCP,0,,,a,
ASN00041110,19720607,PRCP,0,,,a,
ASN00041110,19720608,PRCP,0,,,a,
ASN00041110,19720609,PRCP,0,,,a,
ASN00041110,19720610,PRCP,0,,,a,
ASN00041110,19720611,PRCP,0,,,a,
ASN00041110,19720612,PRCP,0,,,a,
ASN00041110,19720613,PRCP,0,,,a,
ASN00041110,19720614,PRCP,0,,,a,
ASN00041110,19720615,PRCP,0,,,a,
ASN00041110,19720616,PRCP,0,,,a,
ASN00041110,19720617,PRCP,0,,,a,
ASN00041110,19720618,PRCP,0,,,a,
ASN00041110,19720619,PRCP,0,,,a,
ASN00041110,19720620,PRCP,0,,,a,
ASN00041110,19720621,PRCP,10,,,a,
ASN00041110,19720622,PRCP,0,,,a,
ASN00041110,19720623,PRCP,10,,,a,
ASN00041110,19720624,PRCP,0,,,a,
ASN00041110,19720625,PRCP,0,,,a,
ASN00041110,19720626,PRCP,0,,,a,
ASN00041110,19720627,PRCP,0,,,a,
ASN00041110,19720628,PRCP,0,,,a,
ASN00041110,19720629,PRCP,0,,,a,
ASN00041110,19720630,PRCP,0,,,a,
ASN00041110,19720701,PRCP,0,,,a,
ASN00041110,19720702,PRCP,0,,,a,
ASN00041110,19720703,PRCP,0,,,a,
ASN00041110,19720704,PRCP,0,,,a,
ASN00041110,19720705,PRCP,0,,,a,
ASN00041110,19720706,PRCP,0,,,a,
ASN00041110,19720707,PRCP,0,,,a,
ASN00041110,19720708,PRCP,0,,,a,
ASN00041110,19720709,PRCP,0,,,a,
ASN00041110,19720710,PRCP,0,,,a,
ASN00041110,19720711,PRCP,0,,,a,
ASN00041110,19720712,PRCP,0,,,a,
ASN00041110,19720713,PRCP,0,,,a,
ASN00041110,19720714,PRCP,0,,,a,
ASN00041110,19720715,PRCP,0,,,a,
ASN00041110,19720716,PRCP,0,,,a,
ASN00041110,19720717,PRCP,0,,,a,
ASN00041110,19720718,PRCP,0,,,a,
ASN00041110,19720719,PRCP,0,,,a,
ASN00041110,19720720,PRCP,0,,,a,
ASN00041110,19720721,PRCP,0,,,a,
ASN00041110,19720722,PRCP,0,,,a,
ASN00041110,19720723,PRCP,0,,,a,
ASN00041110,19720724,PRCP,0,,,a,
ASN00041110,19720725,PRCP,0,,,a,
ASN00041110,19720726,PRCP,0,,,a,
ASN00041110,19720727,PRCP,0,,,a,
ASN00041110,19720728,PRCP,0,,,a,
ASN00041110,19720729,PRCP,0,,,a,
ASN00041110,19720730,PRCP,0,,,a,
ASN00041110,19720731,PRCP,0,,,a,
ASN00041110,19720801,PRCP,0,,,a,
ASN00041110,19720802,PRCP,0,,,a,
ASN00041110,19720803,PRCP,0,,,a,
ASN00041110,19720804,PRCP,0,,,a,
ASN00041110,19720805,PRCP,76,,,a,
ASN00041110,19720806,PRCP,20,,,a,
ASN00041110,19720807,PRCP,0,,,a,
ASN00041110,19720808,PRCP,0,,,a,
ASN00041110,19720809,PRCP,0,,,a,
ASN00041110,19720810,PRCP,109,,,a,
ASN00041110,19720811,PRCP,30,,,a,
ASN00041110,19720812,PRCP,0,,,a,
ASN00041110,19720813,PRCP,0,,,a,
ASN00041110,19720814,PRCP,0,,,a,
ASN00041110,19720815,PRCP,0,,,a,
ASN00041110,19720816,PRCP,25,,,a,
ASN00041110,19720817,PRCP,112,,,a,
ASN00041110,19720818,PRCP,0,,,a,
ASN00041110,19720819,PRCP,0,,,a,
ASN00041110,19720820,PRCP,0,,,a,
ASN00041110,19720821,PRCP,0,,,a,
ASN00041110,19720822,PRCP,0,,,a,
ASN00041110,19720823,PRCP,0,,,a,
ASN00041110,19720824,PRCP,0,,,a,
ASN00041110,19720825,PRCP,0,,,a,
ASN00041110,19720826,PRCP,0,,,a,
ASN00041110,19720827,PRCP,0,,,a,
ASN00041110,19720828,PRCP,0,,,a,
ASN00041110,19720829,PRCP,0,,,a,
ASN00041110,19720830,PRCP,5,,,a,
ASN00041110,19720831,PRCP,0,,,a,
ASN00041110,19720901,PRCP,0,,,a,
ASN00041110,19720902,PRCP,0,,,a,
ASN00041110,19720903,PRCP,0,,,a,
ASN00041110,19720904,PRCP,0,,,a,
ASN00041110,19720905,PRCP,0,,,a,
ASN00041110,19720906,PRCP,0,,,a,
ASN00041110,19720907,PRCP,0,,,a,
ASN00041110,19720908,PRCP,0,,,a,
ASN00041110,19720909,PRCP,46,,,a,
ASN00041110,19720910,PRCP,0,,,a,
ASN00041110,19720911,PRCP,0,,,a,
ASN00041110,19720912,PRCP,0,,,a,
ASN00041110,19720913,PRCP,0,,,a,
ASN00041110,19720914,PRCP,0,,,a,
ASN00041110,19720915,PRCP,0,,,a,
ASN00041110,19720916,PRCP,0,,,a,
ASN00041110,19720917,PRCP,0,,,a,
ASN00041110,19720918,PRCP,0,,,a,
ASN00041110,19720919,PRCP,0,,,a,
ASN00041110,19720920,PRCP,0,,,a,
ASN00041110,19720921,PRCP,0,,,a,
ASN00041110,19720922,PRCP,0,,,a,
ASN00041110,19720923,PRCP,0,,,a,
ASN00041110,19720924,PRCP,0,,,a,
ASN00041110,19720925,PRCP,13,,,a,
ASN00041110,19720926,PRCP,5,,,a,
ASN00041110,19720927,PRCP,0,,,a,
ASN00041110,19720928,PRCP,0,,,a,
ASN00041110,19720929,PRCP,165,,,a,
ASN00041110,19720930,PRCP,48,,,a,
ASN00041110,19721001,PRCP,183,,,a,
ASN00041110,19721002,PRCP,28,,,a,
ASN00041110,19721003,PRCP,0,,,a,
ASN00041110,19721004,PRCP,0,,,a,
ASN00041110,19721005,PRCP,0,,,a,
ASN00041110,19721006,PRCP,0,,,a,
ASN00041110,19721007,PRCP,0,,,a,
ASN00041110,19721008,PRCP,0,,,a,
ASN00041110,19721009,PRCP,0,,,a,
ASN00041110,19721010,PRCP,0,,,a,
ASN00041110,19721011,PRCP,5,,,a,
ASN00041110,19721012,PRCP,0,,,a,
ASN00041110,19721013,PRCP,0,,,a,
ASN00041110,19721014,PRCP,0,,,a,
ASN00041110,19721015,PRCP,0,,,a,
ASN00041110,19721016,PRCP,0,,,a,
ASN00041110,19721017,PRCP,246,,,a,
ASN00041110,19721018,PRCP,0,,,a,
ASN00041110,19721019,PRCP,74,,,a,
ASN00041110,19721020,PRCP,0,,,a,
ASN00041110,19721021,PRCP,0,,,a,
ASN00041110,19721022,PRCP,86,,,a,
ASN00041110,19721023,PRCP,0,,,a,
ASN00041110,19721024,PRCP,51,,,a,
ASN00041110,19721025,PRCP,33,,,a,
ASN00041110,19721026,PRCP,0,,,a,
ASN00041110,19721027,PRCP,36,,,a,
ASN00041110,19721028,PRCP,406,,,a,
ASN00041110,19721029,PRCP,643,,,a,
ASN00041110,19721030,PRCP,180,,,a,
ASN00041110,19721031,PRCP,0,,,a,
ASN00041110,19721101,PRCP,0,,,a,
ASN00041110,19721102,PRCP,0,,,a,
ASN00041110,19721103,PRCP,0,,,a,
ASN00041110,19721104,PRCP,0,,,a,
ASN00041110,19721105,PRCP,0,,,a,
ASN00041110,19721106,PRCP,0,,,a,
ASN00041110,19721107,PRCP,0,,,a,
ASN00041110,19721108,PRCP,0,,,a,
ASN00041110,19721109,PRCP,0,,,a,
ASN00041110,19721110,PRCP,191,,,a,
ASN00041110,19721111,PRCP,124,,,a,
ASN00041110,19721112,PRCP,3,,,a,
ASN00041110,19721113,PRCP,191,,,a,
ASN00041110,19721114,PRCP,0,,,a,
ASN00041110,19721115,PRCP,0,,,a,
ASN00041110,19721116,PRCP,0,,,a,
ASN00041110,19721117,PRCP,0,,,a,
ASN00041110,19721118,PRCP,0,,,a,
ASN00041110,19721119,PRCP,0,,,a,
ASN00041110,19721120,PRCP,0,,,a,
ASN00041110,19721121,PRCP,0,,,a,
ASN00041110,19721122,PRCP,0,,,a,
ASN00041110,19721123,PRCP,0,,,a,
ASN00041110,19721124,PRCP,0,,,a,
ASN00041110,19721125,PRCP,0,,,a,
ASN00041110,19721126,PRCP,0,,,a,
ASN00041110,19721127,PRCP,180,,,a,
ASN00041110,19721128,PRCP,99,,,a,
ASN00041110,19721129,PRCP,0,,,a,
ASN00041110,19721130,PRCP,0,,,a,
ASN00041110,19721201,PRCP,0,,,a,
ASN00041110,19721202,PRCP,0,,,a,
ASN00041110,19721203,PRCP,0,,,a,
ASN00041110,19721204,PRCP,0,,,a,
ASN00041110,19721205,PRCP,0,,,a,
ASN00041110,19721206,PRCP,0,,,a,
ASN00041110,19721207,PRCP,0,,,a,
ASN00041110,19721208,PRCP,0,,,a,
ASN00041110,19721209,PRCP,178,,,a,
ASN00041110,19721210,PRCP,0,,,a,
ASN00041110,19721211,PRCP,0,,,a,
ASN00041110,19721212,PRCP,0,,,a,
ASN00041110,19721213,PRCP,0,,,a,
ASN00041110,19721214,PRCP,0,,,a,
ASN00041110,19721215,PRCP,0,,,a,
ASN00041110,19721216,PRCP,0,,,a,
ASN00041110,19721217,PRCP,0,,,a,
ASN00041110,19721218,PRCP,0,,,a,
ASN00041110,19721219,PRCP,0,,,a,
ASN00041110,19721220,PRCP,0,,,a,
ASN00041110,19721221,PRCP,0,,,a,
ASN00041110,19721222,PRCP,0,,,a,
ASN00041110,19721223,PRCP,0,,,a,
ASN00041110,19721224,PRCP,0,,,a,
ASN00041110,19721225,PRCP,0,,,a,
ASN00041110,19721226,PRCP,0,,,a,
ASN00041110,19721227,PRCP,51,,,a,
ASN00041110,19721228,PRCP,262,,,a,
ASN00041110,19721229,PRCP,0,,,a,
ASN00041110,19721230,PRCP,0,,,a,
ASN00041110,19721231,PRCP,0,,,a,
ASN00041110,19730101,PRCP,203,,,a,
ASN00041110,19730102,PRCP,0,,,a,
ASN00041110,19730103,PRCP,0,,,a,
ASN00041110,19730104,PRCP,0,,,a,
ASN00041110,19730105,PRCP,356,,,a,
ASN00041110,19730106,PRCP,287,,,a,
ASN00041110,19730107,PRCP,0,,,a,
ASN00041110,19730108,PRCP,0,,,a,
ASN00041110,19730109,PRCP,0,,,a,
ASN00041110,19730110,PRCP,0,,,a,
ASN00041110,19730111,PRCP,0,,,a,
ASN00041110,19730112,PRCP,0,,,a,
ASN00041110,19730113,PRCP,368,,,a,
ASN00041110,19730114,PRCP,76,,,a,
ASN00041110,19730115,PRCP,864,,,a,
ASN00041110,19730116,PRCP,0,,,a,
ASN00041110,19730117,PRCP,0,,,a,
ASN00041110,19730118,PRCP,0,,,a,
ASN00041110,19730119,PRCP,0,,,a,
ASN00041110,19730120,PRCP,0,,,a,
ASN00041110,19730121,PRCP,0,,,a,
ASN00041110,19730122,PRCP,0,,,a,
ASN00041110,19730123,PRCP,0,,,a,
ASN00041110,19730124,PRCP,15,,,a,
ASN00041110,19730125,PRCP,33,,,a,
ASN00041110,19730126,PRCP,0,,,a,
ASN00041110,19730127,PRCP,0,,,a,
ASN00041110,19730128,PRCP,0,,,a,
ASN00041110,19730129,PRCP,0,,,a,
ASN00041110,19730130,PRCP,0,,,a,
ASN00041110,19730131,PRCP,0,,,a,
ASN00041110,19730201,PRCP,0,,,a,
ASN00041110,19730202,PRCP,0,,,a,
ASN00041110,19730203,PRCP,0,,,a,
ASN00041110,19730204,PRCP,0,,,a,
ASN00041110,19730205,PRCP,0,,,a,
ASN00041110,19730206,PRCP,0,,,a,
ASN00041110,19730207,PRCP,0,,,a,
ASN00041110,19730208,PRCP,0,,,a,
ASN00041110,19730209,PRCP,0,,,a,
ASN00041110,19730210,PRCP,0,,,a,
ASN00041110,19730211,PRCP,0,,,a,
ASN00041110,19730212,PRCP,282,,,a,
ASN00041110,19730213,PRCP,0,,,a,
ASN00041110,19730214,PRCP,0,,,a,
ASN00041110,19730215,PRCP,0,,,a,
ASN00041110,19730216,PRCP,0,,,a,
ASN00041110,19730217,PRCP,51,,,a,
ASN00041110,19730218,PRCP,335,,,a,
ASN00041110,19730219,PRCP,91,,,a,
ASN00041110,19730220,PRCP,0,,,a,
ASN00041110,19730221,PRCP,0,,,a,
ASN00041110,19730222,PRCP,0,,,a,
ASN00041110,19730223,PRCP,0,,,a,
ASN00041110,19730224,PRCP,28,,,a,
ASN00041110,19730225,PRCP,0,,,a,
ASN00041110,19730226,PRCP,0,,,a,
ASN00041110,19730227,PRCP,0,,,a,
ASN00041110,19730228,PRCP,0,,,a,
ASN00041110,19730301,PRCP,0,,,a,
ASN00041110,19730302,PRCP,0,,,a,
ASN00041110,19730303,PRCP,0,,,a,
ASN00041110,19730304,PRCP,0,,,a,
ASN00041110,19730305,PRCP,0,,,a,
ASN00041110,19730306,PRCP,0,,,a,
ASN00041110,19730307,PRCP,0,,,a,
ASN00041110,19730308,PRCP,0,,,a,
ASN00041110,19730309,PRCP,0,,,a,
ASN00041110,19730310,PRCP,0,,,a,
ASN00041110,19730311,PRCP,0,,,a,
ASN00041110,19730312,PRCP,15,,,a,
ASN00041110,19730313,PRCP,0,,,a,
ASN00041110,19730314,PRCP,18,,,a,
ASN00041110,19730315,PRCP,0,,,a,
ASN00041110,19730316,PRCP,0,,,a,
ASN00041110,19730317,PRCP,0,,,a,
ASN00041110,19730318,PRCP,0,,,a,
ASN00041110,19730319,PRCP,0,,,a,
ASN00041110,19730320,PRCP,0,,,a,
ASN00041110,19730321,PRCP,0,,,a,
ASN00041110,19730322,PRCP,0,,,a,
ASN00041110,19730323,PRCP,0,,,a,
ASN00041110,19730324,PRCP,173,,,a,
ASN00041110,19730325,PRCP,0,,,a,
ASN00041110,19730326,PRCP,0,,,a,
ASN00041110,19730327,PRCP,0,,,a,
ASN00041110,19730328,PRCP,0,,,a,
ASN00041110,19730329,PRCP,0,,,a,
ASN00041110,19730330,PRCP,20,,,a,
ASN00041110,19730331,PRCP,183,,,a,
ASN00041110,19730401,PRCP,0,,,a,
ASN00041110,19730402,PRCP,0,,,a,
ASN00041110,19730403,PRCP,0,,,a,
ASN00041110,19730404,PRCP,0,,,a,
ASN00041110,19730405,PRCP,0,,,a,
ASN00041110,19730406,PRCP,0,,,a,
ASN00041110,19730407,PRCP,0,,,a,
ASN00041110,19730408,PRCP,0,,,a,
ASN00041110,19730409,PRCP,0,,,a,
ASN00041110,19730410,PRCP,0,,,a,
ASN00041110,19730411,PRCP,0,,,a,
ASN00041110,19730412,PRCP,0,,,a,
ASN00041110,19730413,PRCP,0,,,a,
ASN00041110,19730414,PRCP,0,,,a,
ASN00041110,19730415,PRCP,0,,,a,
ASN00041110,19730416,PRCP,0,,,a,
ASN00041110,19730417,PRCP,0,,,a,
ASN00041110,19730418,PRCP,0,,,a,
ASN00041110,19730419,PRCP,0,,,a,
ASN00041110,19730420,PRCP,0,,,a,
ASN00041110,19730421,PRCP,0,,,a,
ASN00041110,19730422,PRCP,0,,,a,
ASN00041110,19730423,PRCP,0,,,a,
ASN00041110,19730424,PRCP,0,,,a,
ASN00041110,19730425,PRCP,0,,,a,
ASN00041110,19730426,PRCP,0,,,a,
ASN00041110,19730427,PRCP,0,,,a,
ASN00041110,19730428,PRCP,0,,,a,
ASN00041110,19730429,PRCP,0,,,a,
ASN00041110,19730430,PRCP,0,,,a,
ASN00041110,19730501,PRCP,0,,,a,
ASN00041110,19730502,PRCP,38,,,a,
ASN00041110,19730503,PRCP,0,,,a,
ASN00041110,19730504,PRCP,0,,,a,
ASN00041110,19730505,PRCP,0,,,a,
ASN00041110,19730506,PRCP,0,,,a,
ASN00041110,19730507,PRCP,0,,,a,
ASN00041110,19730508,PRCP,0,,,a,
ASN00041110,19730509,PRCP,0,,,a,
ASN00041110,19730510,PRCP,0,,,a,
ASN00041110,19730511,PRCP,0,,,a,
ASN00041110,19730512,PRCP,0,,,a,
ASN00041110,19730513,PRCP,0,,,a,
ASN00041110,19730514,PRCP,0,,,a,
ASN00041110,19730515,PRCP,0,,,a,
ASN00041110,19730516,PRCP,0,,,a,
ASN00041110,19730517,PRCP,0,,,a,
ASN00041110,19730518,PRCP,0,,,a,
ASN00041110,19730519,PRCP,0,,,a,
ASN00041110,19730520,PRCP,0,,,a,
ASN00041110,19730521,PRCP,0,,,a,
ASN00041110,19730522,PRCP,0,,,a,
ASN00041110,19730523,PRCP,0,,,a,
ASN00041110,19730524,PRCP,0,,,a,
ASN00041110,19730525,PRCP,0,,,a,
ASN00041110,19730526,PRCP,0,,,a,
ASN00041110,19730527,PRCP,0,,,a,
ASN00041110,19730528,PRCP,112,,,a,
ASN00041110,19730529,PRCP,0,,,a,
ASN00041110,19730530,PRCP,0,,,a,
ASN00041110,19730531,PRCP,0,,,a,
ASN00041110,19730601,PRCP,0,,,a,
ASN00041110,19730602,PRCP,13,,,a,
ASN00041110,19730603,PRCP,15,,,a,
ASN00041110,19730604,PRCP,0,,,a,
ASN00041110,19730605,PRCP,0,,,a,
ASN00041110,19730606,PRCP,0,,,a,
ASN00041110,19730607,PRCP,0,,,a,
ASN00041110,19730608,PRCP,33,,,a,
ASN00041110,19730609,PRCP,0,,,a,
ASN00041110,19730610,PRCP,0,,,a,
ASN00041110,19730611,PRCP,0,,,a,
ASN00041110,19730612,PRCP,0,,,a,
ASN00041110,19730613,PRCP,0,,,a,
ASN00041110,19730614,PRCP,0,,,a,
ASN00041110,19730615,PRCP,0,,,a,
ASN00041110,19730616,PRCP,0,,,a,
ASN00041110,19730617,PRCP,0,,,a,
ASN00041110,19730618,PRCP,0,,,a,
ASN00041110,19730619,PRCP,0,,,a,
ASN00041110,19730620,PRCP,0,,,a,
ASN00041110,19730621,PRCP,0,,,a,
ASN00041110,19730622,PRCP,0,,,a,
ASN00041110,19730623,PRCP,0,,,a,
ASN00041110,19730624,PRCP,0,,,a,
ASN00041110,19730625,PRCP,0,,,a,
ASN00041110,19730626,PRCP,0,,,a,
ASN00041110,19730627,PRCP,0,,,a,
ASN00041110,19730628,PRCP,0,,,a,
ASN00041110,19730629,PRCP,0,,,a,
ASN00041110,19730630,PRCP,0,,,a,
ASN00041110,19730701,PRCP,18,,,a,
ASN00041110,19730702,PRCP,38,,,a,
ASN00041110,19730703,PRCP,0,,,a,
ASN00041110,19730704,PRCP,0,,,a,
ASN00041110,19730705,PRCP,0,,,a,
ASN00041110,19730706,PRCP,269,,,a,
ASN00041110,19730707,PRCP,185,,,a,
ASN00041110,19730708,PRCP,43,,,a,
ASN00041110,19730709,PRCP,0,,,a,
ASN00041110,19730710,PRCP,0,,,a,
ASN00041110,19730711,PRCP,0,,,a,
ASN00041110,19730712,PRCP,0,,,a,
ASN00041110,19730713,PRCP,0,,,a,
ASN00041110,19730714,PRCP,0,,,a,
ASN00041110,19730715,PRCP,0,,,a,
ASN00041110,19730716,PRCP,0,,,a,
ASN00041110,19730717,PRCP,30,,,a,
ASN00041110,19730718,PRCP,338,,,a,
ASN00041110,19730719,PRCP,0,,,a,
ASN00041110,19730720,PRCP,0,,,a,
ASN00041110,19730721,PRCP,0,,,a,
ASN00041110,19730722,PRCP,0,,,a,
ASN00041110,19730723,PRCP,74,,,a,
ASN00041110,19730724,PRCP,71,,,a,
ASN00041110,19730725,PRCP,10,,,a,
ASN00041110,19730726,PRCP,0,,,a,
ASN00041110,19730727,PRCP,0,,,a,
ASN00041110,19730728,PRCP,61,,,a,
ASN00041110,19730729,PRCP,0,,,a,
ASN00041110,19730730,PRCP,0,,,a,
ASN00041110,19730731,PRCP,0,,,a,
ASN00041110,19730801,PRCP,25,,,a,
ASN00041110,19730802,PRCP,0,,,a,
ASN00041110,19730803,PRCP,0,,,a,
ASN00041110,19730804,PRCP,0,,,a,
ASN00041110,19730805,PRCP,0,,,a,
ASN00041110,19730806,PRCP,0,,,a,
ASN00041110,19730807,PRCP,0,,,a,
ASN00041110,19730808,PRCP,0,,,a,
ASN00041110,19730809,PRCP,8,,,a,
ASN00041110,19730810,PRCP,117,,,a,
ASN00041110,19730811,PRCP,0,,,a,
ASN00041110,19730812,PRCP,0,,,a,
ASN00041110,19730813,PRCP,0,,,a,
ASN00041110,19730814,PRCP,0,,,a,
ASN00041110,19730815,PRCP,53,,,a,
ASN00041110,19730816,PRCP,147,,,a,
ASN00041110,19730817,PRCP,69,,,a,
ASN00041110,19730818,PRCP,0,,,a,
ASN00041110,19730819,PRCP,0,,,a,
ASN00041110,19730820,PRCP,0,,,a,
ASN00041110,19730821,PRCP,0,,,a,
ASN00041110,19730822,PRCP,0,,,a,
ASN00041110,19730823,PRCP,0,,,a,
ASN00041110,19730824,PRCP,0,,,a,
ASN00041110,19730825,PRCP,38,,,a,
ASN00041110,19730826,PRCP,0,,,a,
ASN00041110,19730827,PRCP,0,,,a,
ASN00041110,19730828,PRCP,28,,,a,
ASN00041110,19730829,PRCP,0,,,a,
ASN00041110,19730830,PRCP,0,,,a,
ASN00041110,19730831,PRCP,0,,,a,
ASN00041110,19730901,PRCP,0,,,a,
ASN00041110,19730902,PRCP,20,,,a,
ASN00041110,19730903,PRCP,33,,,a,
ASN00041110,19730904,PRCP,0,,,a,
ASN00041110,19730905,PRCP,0,,,a,
ASN00041110,19730906,PRCP,0,,,a,
ASN00041110,19730907,PRCP,0,,,a,
ASN00041110,19730908,PRCP,0,,,a,
ASN00041110,19730909,PRCP,0,,,a,
ASN00041110,19730910,PRCP,10,,,a,
ASN00041110,19730911,PRCP,69,,,a,
ASN00041110,19730912,PRCP,0,,,a,
ASN00041110,19730913,PRCP,140,,,a,
ASN00041110,19730914,PRCP,38,,,a,
ASN00041110,19730915,PRCP,114,,,a,
ASN00041110,19730916,PRCP,0,,,a,
ASN00041110,19730917,PRCP,0,,,a,
ASN00041110,19730918,PRCP,0,,,a,
ASN00041110,19730919,PRCP,0,,,a,
ASN00041110,19730920,PRCP,0,,,a,
ASN00041110,19730921,PRCP,0,,,a,
ASN00041110,19730922,PRCP,0,,,a,
ASN00041110,19730923,PRCP,0,,,a,
ASN00041110,19730924,PRCP,84,,,a,
ASN00041110,19730925,PRCP,0,,,a,
ASN00041110,19730926,PRCP,0,,,a,
ASN00041110,19730927,PRCP,0,,,a,
ASN00041110,19730928,PRCP,0,,,a,
ASN00041110,19730929,PRCP,0,,,a,
ASN00041110,19730930,PRCP,0,,,a,
ASN00041110,19731001,PRCP,0,,,a,
ASN00041110,19731002,PRCP,0,,,a,
ASN00041110,19731003,PRCP,0,,,a,
ASN00041110,19731004,PRCP,0,,,a,
ASN00041110,19731005,PRCP,0,,,a,
ASN00041110,19731006,PRCP,0,,,a,
ASN00041110,19731007,PRCP,0,,,a,
ASN00041110,19731008,PRCP,0,,,a,
ASN00041110,19731009,PRCP,0,,,a,
ASN00041110,19731010,PRCP,114,,,a,
ASN00041110,19731011,PRCP,0,,,a,
ASN00041110,19731012,PRCP,0,,,a,
ASN00041110,19731013,PRCP,0,,,a,
ASN00041110,19731014,PRCP,0,,,a,
ASN00041110,19731015,PRCP,0,,,a,
ASN00041110,19731016,PRCP,0,,,a,
ASN00041110,19731017,PRCP,0,,,a,
ASN00041110,19731018,PRCP,0,,,a,
ASN00041110,19731019,PRCP,0,,,a,
ASN00041110,19731020,PRCP,0,,,a,
ASN00041110,19731021,PRCP,0,,,a,
ASN00041110,19731022,PRCP,0,,,a,
ASN00041110,19731023,PRCP,0,,,a,
ASN00041110,19731024,PRCP,0,,,a,
ASN00041110,19731025,PRCP,0,,,a,
ASN00041110,19731026,PRCP,0,,,a,
ASN00041110,19731027,PRCP,0,,,a,
ASN00041110,19731028,PRCP,0,,,a,
ASN00041110,19731029,PRCP,58,,,a,
ASN00041110,19731030,PRCP,124,,,a,
ASN00041110,19731031,PRCP,0,,,a,
ASN00041110,19731101,PRCP,0,,,a,
ASN00041110,19731102,PRCP,30,,,a,
ASN00041110,19731103,PRCP,0,,,a,
ASN00041110,19731104,PRCP,51,,,a,
ASN00041110,19731105,PRCP,30,,,a,
ASN00041110,19731106,PRCP,0,,,a,
ASN00041110,19731107,PRCP,145,,,a,
ASN00041110,19731108,PRCP,0,,,a,
ASN00041110,19731109,PRCP,0,,,a,
ASN00041110,19731110,PRCP,0,,,a,
ASN00041110,19731111,PRCP,0,,,a,
ASN00041110,19731112,PRCP,269,,,a,
ASN00041110,19731113,PRCP,0,,,a,
ASN00041110,19731114,PRCP,0,,,a,
ASN00041110,19731115,PRCP,0,,,a,
ASN00041110,19731116,PRCP,0,,,a,
ASN00041110,19731117,PRCP,0,,,a,
ASN00041110,19731118,PRCP,0,,,a,
ASN00041110,19731119,PRCP,0,,,a,
ASN00041110,19731120,PRCP,0,,,a,
ASN00041110,19731121,PRCP,0,,,a,
ASN00041110,19731122,PRCP,0,,,a,
ASN00041110,19731123,PRCP,28,,,a,
ASN00041110,19731124,PRCP,0,,,a,
ASN00041110,19731125,PRCP,0,,,a,
ASN00041110,19731126,PRCP,0,,,a,
ASN00041110,19731127,PRCP,13,,,a,
ASN00041110,19731128,PRCP,142,,,a,
ASN00041110,19731129,PRCP,0,,,a,
ASN00041110,19731130,PRCP,0,,,a,
ASN00041110,19731201,PRCP,0,,,a,
ASN00041110,19731202,PRCP,0,,,a,
ASN00041110,19731203,PRCP,0,,,a,
ASN00041110,19731204,PRCP,0,,,a,
ASN00041110,19731205,PRCP,0,,,a,
ASN00041110,19731206,PRCP,127,,,a,
ASN00041110,19731207,PRCP,185,,,a,
ASN00041110,19731208,PRCP,0,,,a,
ASN00041110,19731209,PRCP,0,,,a,
ASN00041110,19731210,PRCP,0,,,a,
ASN00041110,19731211,PRCP,0,,,a,
ASN00041110,19731212,PRCP,0,,,a,
ASN00041110,19731213,PRCP,0,,,a,
ASN00041110,19731214,PRCP,0,,,a,
ASN00041110,19731215,PRCP,0,,,a,
ASN00041110,19731216,PRCP,0,,,a,
ASN00041110,19731217,PRCP,0,,,a,
ASN00041110,19731218,PRCP,0,,,a,
ASN00041110,19731219,PRCP,0,,,a,
ASN00041110,19731220,PRCP,28,,,a,
ASN00041110,19731221,PRCP,0,,,a,
ASN00041110,19731222,PRCP,48,,,a,
ASN00041110,19731223,PRCP,0,,,a,
ASN00041110,19731224,PRCP,0,,,a,
ASN00041110,19731225,PRCP,0,,,a,
ASN00041110,19731226,PRCP,155,,,a,
ASN00041110,19731227,PRCP,0,,,a,
ASN00041110,19731228,PRCP,84,,,a,
ASN00041110,19731229,PRCP,0,,,a,
ASN00041110,19731230,PRCP,0,,,a,
ASN00041110,19731231,PRCP,0,,,a,
ASN00041110,19740101,PRCP,146,,,a,
ASN00041110,19740102,PRCP,0,,,a,
ASN00041110,19740103,PRCP,0,,,a,
ASN00041110,19740104,PRCP,0,,,a,
ASN00041110,19740105,PRCP,0,,,a,
ASN00041110,19740106,PRCP,50,,,a,
ASN00041110,19740107,PRCP,0,,,a,
ASN00041110,19740108,PRCP,0,,,a,
ASN00041110,19740109,PRCP,0,,,a,
ASN00041110,19740110,PRCP,0,,,a,
ASN00041110,19740111,PRCP,0,,,a,
ASN00041110,19740112,PRCP,0,,,a,
ASN00041110,19740113,PRCP,0,,,a,
ASN00041110,19740114,PRCP,0,,,a,
ASN00041110,19740115,PRCP,0,,,a,
ASN00041110,19740116,PRCP,0,,,a,
ASN00041110,19740117,PRCP,0,,,a,
ASN00041110,19740118,PRCP,0,,,a,
ASN00041110,19740119,PRCP,0,,,a,
ASN00041110,19740120,PRCP,0,,,a,
ASN00041110,19740121,PRCP,0,,,a,
ASN00041110,19740122,PRCP,0,,,a,
ASN00041110,19740123,PRCP,0,,,a,
ASN00041110,19740124,PRCP,0,,,a,
ASN00041110,19740125,PRCP,0,,,a,
ASN00041110,19740126,PRCP,230,,,a,
ASN00041110,19740127,PRCP,570,,,a,
ASN00041110,19740128,PRCP,160,,,a,
ASN00041110,19740129,PRCP,0,,,a,
ASN00041110,19740130,PRCP,0,,,a,
ASN00041110,19740131,PRCP,0,,,a,
ASN00041110,19740201,PRCP,0,,,a,
ASN00041110,19740202,PRCP,0,,,a,
ASN00041110,19740203,PRCP,0,,,a,
ASN00041110,19740204,PRCP,0,,,a,
ASN00041110,19740205,PRCP,0,,,a,
ASN00041110,19740206,PRCP,0,,,a,
ASN00041110,19740207,PRCP,0,,,a,
ASN00041110,19740208,PRCP,0,,,a,
ASN00041110,19740209,PRCP,0,,,a,
ASN00041110,19740210,PRCP,0,,,a,
ASN00041110,19740211,PRCP,0,,,a,
ASN00041110,19740212,PRCP,0,,,a,
ASN00041110,19740213,PRCP,0,,,a,
ASN00041110,19740214,PRCP,0,,,a,
ASN00041110,19740215,PRCP,0,,,a,
ASN00041110,19740216,PRCP,60,,,a,
ASN00041110,19740217,PRCP,0,,,a,
ASN00041110,19740218,PRCP,152,,,a,
ASN00041110,19740219,PRCP,0,,,a,
ASN00041110,19740220,PRCP,0,,,a,
ASN00041110,19740221,PRCP,24,,,a,
ASN00041110,19740222,PRCP,0,,,a,
ASN00041110,19740223,PRCP,0,,,a,
ASN00041110,19740224,PRCP,0,,,a,
ASN00041110,19740225,PRCP,0,,,a,
ASN00041110,19740226,PRCP,0,,,a,
ASN00041110,19740227,PRCP,0,,,a,
ASN00041110,19740228,PRCP,0,,,a,
ASN00041110,19740301,PRCP,0,,,a,
ASN00041110,19740302,PRCP,0,,,a,
ASN00041110,19740303,PRCP,0,,,a,
ASN00041110,19740304,PRCP,0,,,a,
ASN00041110,19740305,PRCP,0,,,a,
ASN00041110,19740306,PRCP,0,,,a,
ASN00041110,19740307,PRCP,0,,,a,
ASN00041110,19740308,PRCP,0,,,a,
ASN00041110,19740309,PRCP,0,,,a,
ASN00041110,19740310,PRCP,0,,,a,
ASN00041110,19740311,PRCP,0,,,a,
ASN00041110,19740312,PRCP,12,,,a,
ASN00041110,19740313,PRCP,0,,,a,
ASN00041110,19740314,PRCP,0,,,a,
ASN00041110,19740315,PRCP,0,,,a,
ASN00041110,19740316,PRCP,0,,,a,
ASN00041110,19740317,PRCP,0,,,a,
ASN00041110,19740318,PRCP,0,,,a,
ASN00041110,19740319,PRCP,0,,,a,
ASN00041110,19740320,PRCP,0,,,a,
ASN00041110,19740321,PRCP,0,,,a,
ASN00041110,19740322,PRCP,0,,,a,
ASN00041110,19740323,PRCP,0,,,a,
ASN00041110,19740324,PRCP,0,,,a,
ASN00041110,19740325,PRCP,0,,,a,
ASN00041110,19740326,PRCP,0,,,a,
ASN00041110,19740327,PRCP,0,,,a,
ASN00041110,19740328,PRCP,0,,,a,
ASN00041110,19740329,PRCP,0,,,a,
ASN00041110,19740330,PRCP,0,,,a,
ASN00041110,19740331,PRCP,0,,,a,
ASN00041110,19740401,PRCP,0,,,a,
ASN00041110,19740402,PRCP,0,,,a,
ASN00041110,19740403,PRCP,0,,,a,
ASN00041110,19740404,PRCP,0,,,a,
ASN00041110,19740405,PRCP,0,,,a,
ASN00041110,19740406,PRCP,0,,,a,
ASN00041110,19740407,PRCP,0,,,a,
ASN00041110,19740408,PRCP,0,,,a,
ASN00041110,19740409,PRCP,0,,,a,
ASN00041110,19740410,PRCP,0,,,a,
ASN00041110,19740411,PRCP,0,,,a,
ASN00041110,19740412,PRCP,0,,,a,
ASN00041110,19740413,PRCP,0,,,a,
ASN00041110,19740414,PRCP,0,,,a,
ASN00041110,19740415,PRCP,0,,,a,
ASN00041110,19740416,PRCP,0,,,a,
ASN00041110,19740417,PRCP,0,,,a,
ASN00041110,19740418,PRCP,0,,,a,
ASN00041110,19740419,PRCP,0,,,a,
ASN00041110,19740420,PRCP,22,,,a,
ASN00041110,19740421,PRCP,0,,,a,
ASN00041110,19740422,PRCP,0,,,a,
ASN00041110,19740423,PRCP,0,,,a,
ASN00041110,19740424,PRCP,0,,,a,
ASN00041110,19740425,PRCP,24,,,a,
ASN00041110,19740426,PRCP,0,,,a,
ASN00041110,19740427,PRCP,250,,,a,
ASN00041110,19740428,PRCP,0,,,a,
ASN00041110,19740429,PRCP,0,,,a,
ASN00041110,19740430,PRCP,0,,,a,
ASN00041110,19740501,PRCP,0,,,a,
ASN00041110,19740502,PRCP,0,,,a,
ASN00041110,19740503,PRCP,0,,,a,
ASN00041110,19740504,PRCP,0,,,a,
ASN00041110,19740505,PRCP,0,,,a,
ASN00041110,19740506,PRCP,0,,,a,
ASN00041110,19740507,PRCP,0,,,a,
ASN00041110,19740508,PRCP,0,,,a,
ASN00041110,19740509,PRCP,0,,,a,
ASN00041110,19740510,PRCP,0,,,a,
ASN00041110,19740511,PRCP,0,,,a,
ASN00041110,19740512,PRCP,0,,,a,
ASN00041110,19740513,PRCP,0,,,a,
ASN00041110,19740514,PRCP,0,,,a,
ASN00041110,19740515,PRCP,0,,,a,
ASN00041110,19740516,PRCP,0,,,a,
ASN00041110,19740517,PRCP,0,,,a,
ASN00041110,19740518,PRCP,340,,,a,
ASN00041110,19740519,PRCP,0,,,a,
ASN00041110,19740520,PRCP,0,,,a,
ASN00041110,19740521,PRCP,0,,,a,
ASN00041110,19740522,PRCP,0,,,a,
ASN00041110,19740523,PRCP,176,,,a,
ASN00041110,19740524,PRCP,194,,,a,
ASN00041110,19740525,PRCP,0,,,a,
ASN00041110,19740526,PRCP,56,,,a,
ASN00041110,19740527,PRCP,0,,,a,
ASN00041110,19740528,PRCP,0,,,a,
ASN00041110,19740529,PRCP,0,,,a,
ASN00041110,19740530,PRCP,0,,,a,
ASN00041110,19740531,PRCP,0,,,a,
ASN00041110,19740601,PRCP,0,,,a,
ASN00041110,19740602,PRCP,0,,,a,
ASN00041110,19740603,PRCP,0,,,a,
ASN00041110,19740604,PRCP,32,,,a,
ASN00041110,19740605,PRCP,286,,,a,
ASN00041110,19740606,PRCP,0,,,a,
ASN00041110,19740607,PRCP,0,,,a,
ASN00041110,19740608,PRCP,0,,,a,
ASN00041110,19740609,PRCP,0,,,a,
ASN00041110,19740610,PRCP,0,,,a,
ASN00041110,19740611,PRCP,0,,,a,
ASN00041110,19740612,PRCP,0,,,a,
ASN00041110,19740613,PRCP,0,,,a,
ASN00041110,19740614,PRCP,0,,,a,
ASN00041110,19740615,PRCP,0,,,a,
ASN00041110,19740616,PRCP,0,,,a,
ASN00041110,19740617,PRCP,0,,,a,
ASN00041110,19740618,PRCP,0,,,a,
ASN00041110,19740619,PRCP,0,,,a,
ASN00041110,19740620,PRCP,0,,,a,
ASN00041110,19740621,PRCP,0,,,a,
ASN00041110,19740622,PRCP,0,,,a,
ASN00041110,19740623,PRCP,0,,,a,
ASN00041110,19740624,PRCP,0,,,a,
ASN00041110,19740625,PRCP,0,,,a,
ASN00041110,19740626,PRCP,96,,,a,
ASN00041110,19740627,PRCP,0,,,a,
ASN00041110,19740628,PRCP,0,,,a,
ASN00041110,19740629,PRCP,0,,,a,
ASN00041110,19740630,PRCP,0,,,a,
ASN00041110,19740701,PRCP,0,,,a,
ASN00041110,19740702,PRCP,0,,,a,
ASN00041110,19740703,PRCP,0,,,a,
ASN00041110,19740704,PRCP,0,,,a,
ASN00041110,19740705,PRCP,0,,,a,
ASN00041110,19740706,PRCP,0,,,a,
ASN00041110,19740707,PRCP,0,,,a,
ASN00041110,19740708,PRCP,0,,,a,
ASN00041110,19740709,PRCP,0,,,a,
ASN00041110,19740710,PRCP,0,,,a,
ASN00041110,19740711,PRCP,0,,,a,
ASN00041110,19740712,PRCP,0,,,a,
ASN00041110,19740713,PRCP,0,,,a,
ASN00041110,19740714,PRCP,0,,,a,
ASN00041110,19740715,PRCP,0,,,a,
ASN00041110,19740716,PRCP,0,,,a,
ASN00041110,19740717,PRCP,0,,,a,
ASN00041110,19740718,PRCP,0,,,a,
ASN00041110,19740719,PRCP,0,,,a,
ASN00041110,19740720,PRCP,0,,,a,
ASN00041110,19740721,PRCP,0,,,a,
ASN00041110,19740722,PRCP,0,,,a,
ASN00041110,19740723,PRCP,0,,,a,
ASN00041110,19740724,PRCP,0,,,a,
ASN00041110,19740725,PRCP,0,,,a,
ASN00041110,19740726,PRCP,0,,,a,
ASN00041110,19740727,PRCP,0,,,a,
ASN00041110,19740728,PRCP,0,,,a,
ASN00041110,19740729,PRCP,0,,,a,
ASN00041110,19740730,PRCP,0,,,a,
ASN00041110,19740731,PRCP,0,,,a,
ASN00041110,19740801,PRCP,0,,,a,
ASN00041110,19740802,PRCP,82,,,a,
ASN00041110,19740803,PRCP,0,,,a,
ASN00041110,19740804,PRCP,0,,,a,
ASN00041110,19740805,PRCP,0,,,a,
ASN00041110,19740806,PRCP,0,,,a,
ASN00041110,19740807,PRCP,0,,,a,
ASN00041110,19740808,PRCP,0,,,a,
ASN00041110,19740809,PRCP,0,,,a,
ASN00041110,19740810,PRCP,0,,,a,
ASN00041110,19740811,PRCP,0,,,a,
ASN00041110,19740812,PRCP,0,,,a,
ASN00041110,19740813,PRCP,0,,,a,
ASN00041110,19740814,PRCP,0,,,a,
ASN00041110,19740815,PRCP,0,,,a,
ASN00041110,19740816,PRCP,0,,,a,
ASN00041110,19740817,PRCP,0,,,a,
ASN00041110,19740818,PRCP,0,,,a,
ASN00041110,19740819,PRCP,0,,,a,
ASN00041110,19740820,PRCP,0,,,a,
ASN00041110,19740821,PRCP,0,,,a,
ASN00041110,19740822,PRCP,0,,,a,
ASN00041110,19740823,PRCP,20,,,a,
ASN00041110,19740824,PRCP,0,,,a,
ASN00041110,19740825,PRCP,0,,,a,
ASN00041110,19740826,PRCP,58,,,a,
ASN00041110,19740827,PRCP,0,,,a,
ASN00041110,19740828,PRCP,0,,,a,
ASN00041110,19740829,PRCP,0,,,a,
ASN00041110,19740830,PRCP,0,,,a,
ASN00041110,19740831,PRCP,0,,,a,
ASN00041110,19740901,PRCP,0,,,a,
ASN00041110,19740902,PRCP,0,,,a,
ASN00041110,19740903,PRCP,0,,,a,
ASN00041110,19740904,PRCP,0,,,a,
ASN00041110,19740905,PRCP,120,,,a,
ASN00041110,19740906,PRCP,0,,,a,
ASN00041110,19740907,PRCP,0,,,a,
ASN00041110,19740908,PRCP,0,,,a,
ASN00041110,19740909,PRCP,0,,,a,
ASN00041110,19740910,PRCP,0,,,a,
ASN00041110,19740911,PRCP,160,,,a,
ASN00041110,19740912,PRCP,0,,,a,
ASN00041110,19740913,PRCP,0,,,a,
ASN00041110,19740914,PRCP,0,,,a,
ASN00041110,19740915,PRCP,0,,,a,
ASN00041110,19740916,PRCP,0,,,a,
ASN00041110,19740917,PRCP,0,,,a,
ASN00041110,19740918,PRCP,14,,,a,
ASN00041110,19740919,PRCP,0,,,a,
ASN00041110,19740920,PRCP,0,,,a,
ASN00041110,19740921,PRCP,0,,,a,
ASN00041110,19740922,PRCP,0,,,a,
ASN00041110,19740923,PRCP,0,,,a,
ASN00041110,19740924,PRCP,0,,,a,
ASN00041110,19740925,PRCP,0,,,a,
ASN00041110,19740926,PRCP,0,,,a,
ASN00041110,19740927,PRCP,0,,,a,
ASN00041110,19740928,PRCP,0,,,a,
ASN00041110,19740929,PRCP,0,,,a,
ASN00041110,19740930,PRCP,0,,,a,
ASN00041110,19741001,PRCP,0,,,a,
ASN00041110,19741002,PRCP,0,,,a,
ASN00041110,19741003,PRCP,0,,,a,
ASN00041110,19741004,PRCP,0,,,a,
ASN00041110,19741008,PRCP,0,,,a,
ASN00041110,19741009,PRCP,0,,,a,
ASN00041110,19741010,PRCP,0,,,a,
ASN00041110,19741011,PRCP,91,,,a,
ASN00041110,19741012,PRCP,0,,,a,
ASN00041110,19741013,PRCP,80,,,a,
ASN00041110,19741014,PRCP,0,,,a,
ASN00041110,19741015,PRCP,0,,,a,
ASN00041110,19741016,PRCP,0,,,a,
ASN00041110,19741017,PRCP,0,,,a,
ASN00041110,19741018,PRCP,90,,,a,
ASN00041110,19741019,PRCP,0,,,a,
ASN00041110,19741020,PRCP,0,,,a,
ASN00041110,19741021,PRCP,0,,,a,
ASN00041110,19741022,PRCP,0,,,a,
ASN00041110,19741023,PRCP,0,,,a,
ASN00041110,19741024,PRCP,0,,,a,
ASN00041110,19741025,PRCP,0,,,a,
ASN00041110,19741026,PRCP,0,,,a,
ASN00041110,19741027,PRCP,0,,,a,
ASN00041110,19741028,PRCP,0,,,a,
ASN00041110,19741029,PRCP,0,,,a,
ASN00041110,19741030,PRCP,0,,,a,
ASN00041110,19741031,PRCP,170,,,a,
ASN00041110,19741007,DAPR,3,,,a,
ASN00041110,19741007,DWPR,1,,,a,
ASN00041110,19741007,MDPR,140,,,a,
ASN00041110,19741101,PRCP,0,,,a,
ASN00041110,19741102,PRCP,536,,,a,
ASN00041110,19741103,PRCP,0,,,a,
ASN00041110,19741104,PRCP,0,,,a,
ASN00041110,19741105,PRCP,0,,,a,
ASN00041110,19741106,PRCP,0,,,a,
ASN00041110,19741107,PRCP,0,,,a,
ASN00041110,19741108,PRCP,0,,,a,
ASN00041110,19741109,PRCP,0,,,a,
ASN00041110,19741110,PRCP,0,,,a,
ASN00041110,19741111,PRCP,0,,,a,
ASN00041110,19741112,PRCP,0,,,a,
ASN00041110,19741113,PRCP,0,,,a,
ASN00041110,19741114,PRCP,248,,,a,
ASN00041110,19741115,PRCP,0,,,a,
ASN00041110,19741116,PRCP,0,,,a,
ASN00041110,19741117,PRCP,0,,,a,
ASN00041110,19741118,PRCP,84,,,a,
ASN00041110,19741119,PRCP,661,,,a,
ASN00041110,19741120,PRCP,0,,,a,
ASN00041110,19741121,PRCP,0,,,a,
ASN00041110,19741122,PRCP,0,,,a,
ASN00041110,19741123,PRCP,0,,,a,
ASN00041110,19741124,PRCP,0,,,a,
ASN00041110,19741125,PRCP,0,,,a,
ASN00041110,19741126,PRCP,0,,,a,
ASN00041110,19741127,PRCP,190,,,a,
ASN00041110,19741128,PRCP,0,,,a,
ASN00041110,19741129,PRCP,0,,,a,
ASN00041110,19741130,PRCP,0,,,a,
ASN00041110,19741201,PRCP,0,,,a,
ASN00041110,19741202,PRCP,0,,,a,
ASN00041110,19741203,PRCP,0,,,a,
ASN00041110,19741204,PRCP,0,,,a,
ASN00041110,19741205,PRCP,0,,,a,
ASN00041110,19741206,PRCP,0,,,a,
ASN00041110,19741207,PRCP,104,,,a,
ASN00041110,19741208,PRCP,0,,,a,
ASN00041110,19741209,PRCP,20,,,a,
ASN00041110,19741210,PRCP,122,,,a,
ASN00041110,19741211,PRCP,0,,,a,
ASN00041110,19741212,PRCP,0,,,a,
ASN00041110,19741213,PRCP,0,,,a,
ASN00041110,19741214,PRCP,0,,,a,
ASN00041110,19741215,PRCP,0,,,a,
ASN00041110,19741216,PRCP,0,,,a,
ASN00041110,19741217,PRCP,0,,,a,
ASN00041110,19741218,PRCP,0,,,a,
ASN00041110,19741219,PRCP,0,,,a,
ASN00041110,19741220,PRCP,0,,,a,
ASN00041110,19741221,PRCP,0,,,a,
ASN00041110,19741222,PRCP,0,,,a,
ASN00041110,19741223,PRCP,0,,,a,
ASN00041110,19741224,PRCP,0,,,a,
ASN00041110,19741225,PRCP,0,,,a,
ASN00041110,19741226,PRCP,0,,,a,
ASN00041110,19741227,PRCP,0,,,a,
ASN00041110,19741228,PRCP,674,,,a,
ASN00041110,19741229,PRCP,0,,,a,
ASN00041110,19741230,PRCP,42,,,a,
ASN00041110,19741231,PRCP,0,,,a,
ASN00041110,19750101,PRCP,0,,,a,
ASN00041110,19750102,PRCP,0,,,a,
ASN00041110,19750103,PRCP,0,,,a,
ASN00041110,19750104,PRCP,170,,,a,
ASN00041110,19750105,PRCP,0,,,a,
ASN00041110,19750106,PRCP,0,,,a,
ASN00041110,19750107,PRCP,0,,,a,
ASN00041110,19750108,PRCP,44,,,a,
ASN00041110,19750109,PRCP,0,,,a,
ASN00041110,19750110,PRCP,0,,,a,
ASN00041110,19750111,PRCP,0,,,a,
ASN00041110,19750112,PRCP,0,,,a,
ASN00041110,19750113,PRCP,0,,,a,
ASN00041110,19750114,PRCP,0,,,a,
ASN00041110,19750115,PRCP,0,,,a,
ASN00041110,19750116,PRCP,0,,,a,
ASN00041110,19750117,PRCP,0,,,a,
ASN00041110,19750118,PRCP,0,,,a,
ASN00041110,19750119,PRCP,0,,,a,
ASN00041110,19750120,PRCP,0,,,a,
ASN00041110,19750121,PRCP,0,,,a,
ASN00041110,19750122,PRCP,0,,,a,
ASN00041110,19750123,PRCP,0,,,a,
ASN00041110,19750124,PRCP,0,,,a,
ASN00041110,19750125,PRCP,0,,,a,
ASN00041110,19750126,PRCP,0,,,a,
ASN00041110,19750127,PRCP,0,,,a,
ASN00041110,19750128,PRCP,0,,,a,
ASN00041110,19750129,PRCP,0,,,a,
ASN00041110,19750130,PRCP,0,,,a,
ASN00041110,19750131,PRCP,0,,,a,
ASN00041110,19750201,PRCP,0,,,a,
ASN00041110,19750202,PRCP,0,,,a,
ASN00041110,19750203,PRCP,0,,,a,
ASN00041110,19750204,PRCP,0,,,a,
ASN00041110,19750205,PRCP,0,,,a,
ASN00041110,19750206,PRCP,0,,,a,
ASN00041110,19750207,PRCP,0,,,a,
ASN00041110,19750208,PRCP,0,,,a,
ASN00041110,19750209,PRCP,0,,,a,
ASN00041110,19750210,PRCP,0,,,a,
ASN00041110,19750211,PRCP,0,,,a,
ASN00041110,19750212,PRCP,0,,,a,
ASN00041110,19750213,PRCP,0,,,a,
ASN00041110,19750214,PRCP,0,,,a,
ASN00041110,19750215,PRCP,0,,,a,
ASN00041110,19750216,PRCP,0,,,a,
ASN00041110,19750217,PRCP,0,,,a,
ASN00041110,19750218,PRCP,0,,,a,
ASN00041110,19750219,PRCP,0,,,a,
ASN00041110,19750220,PRCP,0,,,a,
ASN00041110,19750221,PRCP,0,,,a,
ASN00041110,19750222,PRCP,0,,,a,
ASN00041110,19750223,PRCP,0,,,a,
ASN00041110,19750224,PRCP,254,,,a,
ASN00041110,19750225,PRCP,89,,,a,
ASN00041110,19750226,PRCP,10,,,a,
ASN00041110,19750227,PRCP,0,,,a,
ASN00041110,19750228,PRCP,0,,,a,
ASN00041110,19750301,PRCP,50,,,a,
ASN00041110,19750302,PRCP,0,,,a,
ASN00041110,19750303,PRCP,0,,,a,
ASN00041110,19750304,PRCP,0,,,a,
ASN00041110,19750305,PRCP,0,,,a,
ASN00041110,19750306,PRCP,0,,,a,
ASN00041110,19750307,PRCP,0,,,a,
ASN00041110,19750308,PRCP,0,,,a,
ASN00041110,19750309,PRCP,0,,,a,
ASN00041110,19750310,PRCP,0,,,a,
ASN00041110,19750311,PRCP,0,,,a,
ASN00041110,19750312,PRCP,102,,,a,
ASN00041110,19750313,PRCP,164,,,a,
ASN00041110,19750314,PRCP,96,,,a,
ASN00041110,19750315,PRCP,0,,,a,
ASN00041110,19750316,PRCP,66,,,a,
ASN00041110,19750317,PRCP,0,,,a,
ASN00041110,19750318,PRCP,110,,,a,
ASN00041110,19750319,PRCP,0,,,a,
ASN00041110,19750320,PRCP,116,,,a,
ASN00041110,19750321,PRCP,94,,,a,
ASN00041110,19750322,PRCP,0,,,a,
ASN00041110,19750323,PRCP,0,,,a,
ASN00041110,19750324,PRCP,0,,,a,
ASN00041110,19750325,PRCP,0,,,a,
ASN00041110,19750326,PRCP,0,,,a,
ASN00041110,19750327,PRCP,0,,,a,
ASN00041110,19750328,PRCP,0,,,a,
ASN00041110,19750329,PRCP,0,,,a,
ASN00041110,19750330,PRCP,141,,,a,
ASN00041110,19750331,PRCP,14,,,a,
ASN00041110,19750401,PRCP,108,,,a,
ASN00041110,19750402,PRCP,0,,,a,
ASN00041110,19750403,PRCP,0,,,a,
ASN00041110,19750404,PRCP,0,,,a,
ASN00041110,19750405,PRCP,0,,,a,
ASN00041110,19750406,PRCP,0,,,a,
ASN00041110,19750407,PRCP,0,,,a,
ASN00041110,19750408,PRCP,0,,,a,
ASN00041110,19750409,PRCP,0,,,a,
ASN00041110,19750410,PRCP,0,,,a,
ASN00041110,19750411,PRCP,0,,,a,
ASN00041110,19750412,PRCP,0,,,a,
ASN00041110,19750413,PRCP,0,,,a,
ASN00041110,19750414,PRCP,0,,,a,
ASN00041110,19750415,PRCP,0,,,a,
ASN00041110,19750416,PRCP,0,,,a,
ASN00041110,19750417,PRCP,0,,,a,
ASN00041110,19750418,PRCP,100,,,a,
ASN00041110,19750419,PRCP,0,,,a,
ASN00041110,19750420,PRCP,0,,,a,
ASN00041110,19750421,PRCP,0,,,a,
ASN00041110,19750422,PRCP,0,,,a,
ASN00041110,19750423,PRCP,54,,,a,
ASN00041110,19750424,PRCP,0,,,a,
ASN00041110,19750425,PRCP,128,,,a,
ASN00041110,19750426,PRCP,0,,,a,
ASN00041110,19750427,PRCP,0,,,a,
ASN00041110,19750428,PRCP,0,,,a,
ASN00041110,19750429,PRCP,0,,,a,
ASN00041110,19750430,PRCP,0,,,a,
ASN00041110,19750501,PRCP,0,,,a,
ASN00041110,19750502,PRCP,0,,,a,
ASN00041110,19750503,PRCP,0,,,a,
ASN00041110,19750504,PRCP,0,,,a,
ASN00041110,19750505,PRCP,0,,,a,
ASN00041110,19750506,PRCP,0,,,a,
ASN00041110,19750507,PRCP,0,,,a,
ASN00041110,19750508,PRCP,0,,,a,
ASN00041110,19750509,PRCP,0,,,a,
ASN00041110,19750510,PRCP,0,,,a,
ASN00041110,19750511,PRCP,0,,,a,
ASN00041110,19750512,PRCP,0,,,a,
ASN00041110,19750513,PRCP,0,,,a,
ASN00041110,19750514,PRCP,0,,,a,
ASN00041110,19750515,PRCP,0,,,a,
ASN00041110,19750516,PRCP,0,,,a,
ASN00041110,19750517,PRCP,0,,,a,
ASN00041110,19750518,PRCP,0,,,a,
ASN00041110,19750519,PRCP,0,,,a,
ASN00041110,19750520,PRCP,0,,,a,
ASN00041110,19750521,PRCP,0,,,a,
ASN00041110,19750522,PRCP,0,,,a,
ASN00041110,19750523,PRCP,0,,,a,
ASN00041110,19750524,PRCP,0,,,a,
ASN00041110,19750525,PRCP,20,,,a,
ASN00041110,19750526,PRCP,0,,,a,
ASN00041110,19750527,PRCP,0,,,a,
ASN00041110,19750528,PRCP,0,,,a,
ASN00041110,19750529,PRCP,0,,,a,
ASN00041110,19750530,PRCP,0,,,a,
ASN00041110,19750531,PRCP,0,,,a,
ASN00041110,19750601,PRCP,0,,,a,
ASN00041110,19750602,PRCP,0,,,a,
ASN00041110,19750603,PRCP,0,,,a,
ASN00041110,19750604,PRCP,0,,,a,
ASN00041110,19750605,PRCP,0,,,a,
ASN00041110,19750606,PRCP,0,,,a,
ASN00041110,19750607,PRCP,0,,,a,
ASN00041110,19750608,PRCP,0,,,a,
ASN00041110,19750609,PRCP,0,,,a,
ASN00041110,19750610,PRCP,0,,,a,
ASN00041110,19750611,PRCP,0,,,a,
ASN00041110,19750612,PRCP,4,,,a,
ASN00041110,19750613,PRCP,0,,,a,
ASN00041110,19750614,PRCP,0,,,a,
ASN00041110,19750615,PRCP,0,,,a,
ASN00041110,19750616,PRCP,0,,,a,
ASN00041110,19750617,PRCP,0,,,a,
ASN00041110,19750618,PRCP,0,,,a,
ASN00041110,19750619,PRCP,72,,,a,
ASN00041110,19750620,PRCP,36,,,a,
ASN00041110,19750621,PRCP,200,,,a,
ASN00041110,19750622,PRCP,22,,,a,
ASN00041110,19750623,PRCP,4,,,a,
ASN00041110,19750624,PRCP,4,,,a,
ASN00041110,19750625,PRCP,4,,,a,
ASN00041110,19750626,PRCP,16,,,a,
ASN00041110,19750627,PRCP,0,,,a,
ASN00041110,19750628,PRCP,0,,,a,
ASN00041110,19750629,PRCP,0,,,a,
ASN00041110,19750630,PRCP,0,,,a,
ASN00041110,19750701,PRCP,0,,,a,
ASN00041110,19750702,PRCP,0,,,a,
ASN00041110,19750703,PRCP,380,,,a,
ASN00041110,19750704,PRCP,96,,,a,
ASN00041110,19750705,PRCP,30,,,a,
ASN00041110,19750706,PRCP,0,,,a,
ASN00041110,19750707,PRCP,0,,,a,
ASN00041110,19750708,PRCP,0,,,a,
ASN00041110,19750709,PRCP,0,,,a,
ASN00041110,19750710,PRCP,0,,,a,
ASN00041110,19750711,PRCP,0,,,a,
ASN00041110,19750712,PRCP,0,,,a,
ASN00041110,19750713,PRCP,0,,,a,
ASN00041110,19750714,PRCP,0,,,a,
ASN00041110,19750715,PRCP,0,,,a,
ASN00041110,19750716,PRCP,0,,,a,
ASN00041110,19750717,PRCP,0,,,a,
ASN00041110,19750718,PRCP,0,,,a,
ASN00041110,19750719,PRCP,60,,,a,
ASN00041110,19750720,PRCP,34,,,a,
ASN00041110,19750721,PRCP,0,,,a,
ASN00041110,19750722,PRCP,0,,,a,
ASN00041110,19750723,PRCP,0,,,a,
ASN00041110,19750724,PRCP,14,,,a,
ASN00041110,19750725,PRCP,44,,,a,
ASN00041110,19750726,PRCP,0,,,a,
ASN00041110,19750727,PRCP,0,,,a,
ASN00041110,19750728,PRCP,0,,,a,
ASN00041110,19750729,PRCP,0,,,a,
ASN00041110,19750730,PRCP,0,,,a,
ASN00041110,19750731,PRCP,0,,,a,
ASN00041110,19750801,PRCP,0,,,a,
ASN00041110,19750802,PRCP,0,,,a,
ASN00041110,19750803,PRCP,0,,,a,
ASN00041110,19750804,PRCP,16,,,a,
ASN00041110,19750805,PRCP,124,,,a,
ASN00041110,19750806,PRCP,0,,,a,
ASN00041110,19750807,PRCP,0,,,a,
ASN00041110,19750808,PRCP,0,,,a,
ASN00041110,19750809,PRCP,0,,,a,
ASN00041110,19750810,PRCP,14,,,a,
ASN00041110,19750811,PRCP,46,,,a,
ASN00041110,19750812,PRCP,54,,,a,
ASN00041110,19750813,PRCP,0,,,a,
ASN00041110,19750814,PRCP,0,,,a,
ASN00041110,19750815,PRCP,0,,,a,
ASN00041110,19750816,PRCP,42,,,a,
ASN00041110,19750817,PRCP,0,,,a,
ASN00041110,19750818,PRCP,0,,,a,
ASN00041110,19750819,PRCP,0,,,a,
ASN00041110,19750820,PRCP,0,,,a,
ASN00041110,19750821,PRCP,0,,,a,
ASN00041110,19750822,PRCP,0,,,a,
ASN00041110,19750823,PRCP,0,,,a,
ASN00041110,19750824,PRCP,0,,,a,
ASN00041110,19750825,PRCP,0,,,a,
ASN00041110,19750826,PRCP,0,,,a,
ASN00041110,19750827,PRCP,0,,,a,
ASN00041110,19750828,PRCP,30,,,a,
ASN00041110,19750829,PRCP,0,,,a,
ASN00041110,19750830,PRCP,0,,,a,
ASN00041110,19750831,PRCP,75,,,a,
ASN00041110,19750901,PRCP,131,,,a,
ASN00041110,19750902,PRCP,16,,,a,
ASN00041110,19750903,PRCP,0,,,a,
ASN00041110,19750904,PRCP,0,,,a,
ASN00041110,19750905,PRCP,0,,,a,
ASN00041110,19750906,PRCP,0,,,a,
ASN00041110,19750907,PRCP,0,,,a,
ASN00041110,19750908,PRCP,0,,,a,
ASN00041110,19750909,PRCP,0,,,a,
ASN00041110,19750910,PRCP,0,,,a,
ASN00041110,19750911,PRCP,0,,,a,
ASN00041110,19750912,PRCP,0,,,a,
ASN00041110,19750913,PRCP,12,,,a,
ASN00041110,19750914,PRCP,0,,,a,
ASN00041110,19750915,PRCP,0,,,a,
ASN00041110,19750916,PRCP,0,,,a,
ASN00041110,19750917,PRCP,0,,,a,
ASN00041110,19750918,PRCP,0,,,a,
ASN00041110,19750919,PRCP,0,,,a,
ASN00041110,19750920,PRCP,0,,,a,
ASN00041110,19750921,PRCP,0,,,a,
ASN00041110,19750922,PRCP,0,,,a,
ASN00041110,19750923,PRCP,0,,,a,
ASN00041110,19750924,PRCP,68,,,a,
ASN00041110,19750925,PRCP,0,,,a,
ASN00041110,19750926,PRCP,0,,,a,
ASN00041110,19750927,PRCP,0,,,a,
ASN00041110,19750928,PRCP,0,,,a,
ASN00041110,19750929,PRCP,0,,,a,
ASN00041110,19750930,PRCP,0,,,a,
ASN00041110,19751001,PRCP,260,,,a,
ASN00041110,19751002,PRCP,112,,,a,
ASN00041110,19751003,PRCP,0,,,a,
ASN00041110,19751004,PRCP,0,,,a,
ASN00041110,19751005,PRCP,0,,,a,
ASN00041110,19751006,PRCP,0,,,a,
ASN00041110,19751007,PRCP,0,,,a,
ASN00041110,19751008,PRCP,0,,,a,
ASN00041110,19751009,PRCP,6,,,a,
ASN00041110,19751010,PRCP,190,,,a,
ASN00041110,19751011,PRCP,22,,,a,
ASN00041110,19751012,PRCP,2,,,a,
ASN00041110,19751013,PRCP,0,,,a,
ASN00041110,19751014,PRCP,0,,,a,
ASN00041110,19751015,PRCP,0,,,a,
ASN00041110,19751016,PRCP,0,,,a,
ASN00041110,19751017,PRCP,64,,,a,
ASN00041110,19751018,PRCP,0,,,a,
ASN00041110,19751019,PRCP,44,,,a,
ASN00041110,19751020,PRCP,100,,,a,
ASN00041110,19751021,PRCP,92,,,a,
ASN00041110,19751022,PRCP,0,,,a,
ASN00041110,19751023,PRCP,14,,,a,
ASN00041110,19751024,PRCP,212,,,a,
ASN00041110,19751025,PRCP,10,,,a,
ASN00041110,19751026,PRCP,0,,,a,
ASN00041110,19751027,PRCP,0,,,a,
ASN00041110,19751028,PRCP,0,,,a,
ASN00041110,19751029,PRCP,0,,,a,
ASN00041110,19751030,PRCP,0,,,a,
ASN00041110,19751031,PRCP,10,,,a,
ASN00041110,19751101,PRCP,48,,,a,
ASN00041110,19751102,PRCP,0,,,a,
ASN00041110,19751103,PRCP,0,,,a,
ASN00041110,19751104,PRCP,52,,,a,
ASN00041110,19751105,PRCP,202,,,a,
ASN00041110,19751106,PRCP,10,,,a,
ASN00041110,19751107,PRCP,0,,,a,
ASN00041110,19751108,PRCP,0,,,a,
ASN00041110,19751109,PRCP,56,,,a,
ASN00041110,19751110,PRCP,230,,,a,
ASN00041110,19751111,PRCP,36,,,a,
ASN00041110,19751112,PRCP,6,,,a,
ASN00041110,19751113,PRCP,0,,,a,
ASN00041110,19751114,PRCP,0,,,a,
ASN00041110,19751115,PRCP,92,,,a,
ASN00041110,19751116,PRCP,6,,,a,
ASN00041110,19751117,PRCP,0,,,a,
ASN00041110,19751118,PRCP,0,,,a,
ASN00041110,19751119,PRCP,0,,,a,
ASN00041110,19751120,PRCP,0,,,a,
ASN00041110,19751121,PRCP,0,,,a,
ASN00041110,19751122,PRCP,0,,,a,
ASN00041110,19751123,PRCP,0,,,a,
ASN00041110,19751124,PRCP,10,,,a,
ASN00041110,19751125,PRCP,72,,,a,
ASN00041110,19751126,PRCP,186,,,a,
ASN00041110,19751127,PRCP,0,,,a,
ASN00041110,19751128,PRCP,0,,,a,
ASN00041110,19751129,PRCP,0,,,a,
ASN00041110,19751130,PRCP,0,,,a,
ASN00041110,19751201,PRCP,0,,,a,
ASN00041110,19751202,PRCP,0,,,a,
ASN00041110,19751203,PRCP,0,,,a,
ASN00041110,19751204,PRCP,0,,,a,
ASN00041110,19751205,PRCP,0,,,a,
ASN00041110,19751206,PRCP,3,,,a,
ASN00041110,19751207,PRCP,40,,,a,
ASN00041110,19751208,PRCP,23,,,a,
ASN00041110,19751209,PRCP,4,,,a,
ASN00041110,19751210,PRCP,0,,,a,
ASN00041110,19751211,PRCP,0,,,a,
ASN00041110,19751212,PRCP,0,,,a,
ASN00041110,19751213,PRCP,0,,,a,
ASN00041110,19751214,PRCP,0,,,a,
ASN00041110,19751215,PRCP,0,,,a,
ASN00041110,19751216,PRCP,0,,,a,
ASN00041110,19751217,PRCP,0,,,a,
ASN00041110,19751218,PRCP,18,,,a,
ASN00041110,19751219,PRCP,34,,,a,
ASN00041110,19751220,PRCP,138,,,a,
ASN00041110,19751221,PRCP,550,,,a,
ASN00041110,19751222,PRCP,402,,,a,
ASN00041110,19751223,PRCP,505,,,a,
ASN00041110,19751224,PRCP,86,,,a,
ASN00041110,19751225,PRCP,1,,,a,
ASN00041110,19751226,PRCP,0,,,a,
ASN00041110,19751227,PRCP,0,,,a,
ASN00041110,19751228,PRCP,24,,,a,
ASN00041110,19751229,PRCP,16,,,a,
ASN00041110,19751230,PRCP,0,,,a,
ASN00041110,19751231,PRCP,26,,,a,
ASN00041110,19760101,PRCP,0,,,a,
ASN00041110,19760102,PRCP,32,,,a,
ASN00041110,19760103,PRCP,0,,,a,
ASN00041110,19760104,PRCP,0,,,a,
ASN00041110,19760105,PRCP,40,,,a,
ASN00041110,19760106,PRCP,0,,,a,
ASN00041110,19760107,PRCP,0,,,a,
ASN00041110,19760108,PRCP,0,,,a,
ASN00041110,19760109,PRCP,52,,,a,
ASN00041110,19760110,PRCP,10,,,a,
ASN00041110,19760111,PRCP,206,,,a,
ASN00041110,19760112,PRCP,0,,,a,
ASN00041110,19760113,PRCP,54,,,a,
ASN00041110,19760114,PRCP,322,,,a,
ASN00041110,19760115,PRCP,0,,,a,
ASN00041110,19760116,PRCP,0,,,a,
ASN00041110,19760117,PRCP,0,,,a,
ASN00041110,19760118,PRCP,0,,,a,
ASN00041110,19760119,PRCP,0,,,a,
ASN00041110,19760120,PRCP,46,,,a,
ASN00041110,19760121,PRCP,26,,,a,
ASN00041110,19760122,PRCP,1,,,a,
ASN00041110,19760123,PRCP,0,,,a,
ASN00041110,19760124,PRCP,10,,,a,
ASN00041110,19760125,PRCP,26,,,a,
ASN00041110,19760126,PRCP,0,,,a,
ASN00041110,19760127,PRCP,0,,,a,
ASN00041110,19760128,PRCP,0,,,a,
ASN00041110,19760129,PRCP,0,,,a,
ASN00041110,19760130,PRCP,0,,,a,
ASN00041110,19760131,PRCP,0,,,a,
ASN00041110,19760201,PRCP,0,,,a,
ASN00041110,19760202,PRCP,0,,,a,
ASN00041110,19760203,PRCP,296,,,a,
ASN00041110,19760204,PRCP,0,,,a,
ASN00041110,19760205,PRCP,0,,,a,
ASN00041110,19760206,PRCP,0,,,a,
ASN00041110,19760207,PRCP,0,,,a,
ASN00041110,19760208,PRCP,0,,,a,
ASN00041110,19760209,PRCP,0,,,a,
ASN00041110,19760210,PRCP,288,,,a,
ASN00041110,19760211,PRCP,642,,,a,
ASN00041110,19760212,PRCP,20,,,a,
ASN00041110,19760213,PRCP,0,,,a,
ASN00041110,19760214,PRCP,0,,,a,
ASN00041110,19760215,PRCP,0,,,a,
ASN00041110,19760216,PRCP,0,,,a,
ASN00041110,19760217,PRCP,0,,,a,
ASN00041110,19760218,PRCP,0,,,a,
ASN00041110,19760219,PRCP,0,,,a,
ASN00041110,19760220,PRCP,0,,,a,
ASN00041110,19760221,PRCP,0,,,a,
ASN00041110,19760222,PRCP,0,,,a,
ASN00041110,19760223,PRCP,40,,,a,
ASN00041110,19760224,PRCP,36,,,a,
ASN00041110,19760225,PRCP,0,,,a,
ASN00041110,19760226,PRCP,260,,,a,
ASN00041110,19760227,PRCP,106,,,a,
ASN00041110,19760228,PRCP,0,,,a,
ASN00041110,19760229,PRCP,40,,,a,
ASN00041110,19760301,PRCP,0,,,a,
ASN00041110,19760302,PRCP,0,,,a,
ASN00041110,19760303,PRCP,0,,,a,
ASN00041110,19760304,PRCP,0,,,a,
ASN00041110,19760305,PRCP,0,,,a,
ASN00041110,19760306,PRCP,0,,,a,
ASN00041110,19760307,PRCP,74,,,a,
ASN00041110,19760308,PRCP,0,,,a,
ASN00041110,19760309,PRCP,0,,,a,
ASN00041110,19760310,PRCP,0,,,a,
ASN00041110,19760311,PRCP,0,,,a,
ASN00041110,19760312,PRCP,0,,,a,
ASN00041110,19760313,PRCP,0,,,a,
ASN00041110,19760314,PRCP,14,,,a,
ASN00041110,19760315,PRCP,0,,,a,
ASN00041110,19760316,PRCP,0,,,a,
ASN00041110,19760317,PRCP,0,,,a,
ASN00041110,19760318,PRCP,0,,,a,
ASN00041110,19760319,PRCP,0,,,a,
ASN00041110,19760320,PRCP,0,,,a,
ASN00041110,19760321,PRCP,290,,,a,
ASN00041110,19760322,PRCP,0,,,a,
ASN00041110,19760323,PRCP,0,,,a,
ASN00041110,19760324,PRCP,0,,,a,
ASN00041110,19760325,PRCP,0,,,a,
ASN00041110,19760326,PRCP,34,,,a,
ASN00041110,19760327,PRCP,0,,,a,
ASN00041110,19760328,PRCP,0,,,a,
ASN00041110,19760329,PRCP,0,,,a,
ASN00041110,19760330,PRCP,0,,,a,
ASN00041110,19760331,PRCP,0,,,a,
ASN00041110,19760401,PRCP,0,,,a,
ASN00041110,19760402,PRCP,0,,,a,
ASN00041110,19760403,PRCP,0,,,a,
ASN00041110,19760404,PRCP,0,,,a,
ASN00041110,19760405,PRCP,0,,,a,
ASN00041110,19760406,PRCP,0,,,a,
ASN00041110,19760407,PRCP,0,,,a,
ASN00041110,19760408,PRCP,0,,,a,
ASN00041110,19760409,PRCP,0,,,a,
ASN00041110,19760410,PRCP,0,,,a,
ASN00041110,19760411,PRCP,0,,,a,
ASN00041110,19760412,PRCP,0,,,a,
ASN00041110,19760413,PRCP,0,,,a,
ASN00041110,19760414,PRCP,0,,,a,
ASN00041110,19760415,PRCP,46,,,a,
ASN00041110,19760416,PRCP,0,,,a,
ASN00041110,19760417,PRCP,0,,,a,
ASN00041110,19760418,PRCP,0,,,a,
ASN00041110,19760419,PRCP,0,,,a,
ASN00041110,19760420,PRCP,8,,,a,
ASN00041110,19760421,PRCP,0,,,a,
ASN00041110,19760422,PRCP,0,,,a,
ASN00041110,19760423,PRCP,0,,,a,
ASN00041110,19760424,PRCP,0,,,a,
ASN00041110,19760425,PRCP,0,,,a,
ASN00041110,19760426,PRCP,0,,,a,
ASN00041110,19760427,PRCP,0,,,a,
ASN00041110,19760428,PRCP,0,,,a,
ASN00041110,19760429,PRCP,0,,,a,
ASN00041110,19760430,PRCP,0,,,a,
ASN00041110,19760501,PRCP,0,,,a,
ASN00041110,19760502,PRCP,0,,,a,
ASN00041110,19760503,PRCP,0,,,a,
ASN00041110,19760504,PRCP,0,,,a,
ASN00041110,19760505,PRCP,0,,,a,
ASN00041110,19760506,PRCP,0,,,a,
ASN00041110,19760507,PRCP,0,,,a,
ASN00041110,19760508,PRCP,0,,,a,
ASN00041110,19760509,PRCP,8,,,a,
ASN00041110,19760510,PRCP,0,,,a,
ASN00041110,19760511,PRCP,280,,,a,
ASN00041110,19760512,PRCP,0,,,a,
ASN00041110,19760513,PRCP,0,,,a,
ASN00041110,19760514,PRCP,8,,,a,
ASN00041110,19760515,PRCP,0,,,a,
ASN00041110,19760516,PRCP,0,,,a,
ASN00041110,19760517,PRCP,0,,,a,
ASN00041110,19760518,PRCP,24,,,a,
ASN00041110,19760519,PRCP,0,,,a,
ASN00041110,19760520,PRCP,0,,,a,
ASN00041110,19760521,PRCP,0,,,a,
ASN00041110,19760522,PRCP,0,,,a,
ASN00041110,19760523,PRCP,18,,,a,
ASN00041110,19760524,PRCP,0,,,a,
ASN00041110,19760525,PRCP,0,,,a,
ASN00041110,19760526,PRCP,0,,,a,
ASN00041110,19760527,PRCP,0,,,a,
ASN00041110,19760528,PRCP,0,,,a,
ASN00041110,19760529,PRCP,0,,,a,
ASN00041110,19760530,PRCP,0,,,a,
ASN00041110,19760531,PRCP,0,,,a,
ASN00041110,19760601,PRCP,0,,,a,
ASN00041110,19760602,PRCP,8,,,a,
ASN00041110,19760603,PRCP,0,,,a,
ASN00041110,19760604,PRCP,0,,,a,
ASN00041110,19760605,PRCP,0,,,a,
ASN00041110,19760606,PRCP,0,,,a,
ASN00041110,19760607,PRCP,0,,,a,
ASN00041110,19760608,PRCP,0,,,a,
ASN00041110,19760609,PRCP,0,,,a,
ASN00041110,19760610,PRCP,0,,,a,
ASN00041110,19760611,PRCP,0,,,a,
ASN00041110,19760612,PRCP,0,,,a,
ASN00041110,19760613,PRCP,0,,,a,
ASN00041110,19760614,PRCP,8,,,a,
ASN00041110,19760615,PRCP,62,,,a,
ASN00041110,19760616,PRCP,0,,,a,
ASN00041110,19760617,PRCP,0,,,a,
ASN00041110,19760618,PRCP,0,,,a,
ASN00041110,19760619,PRCP,28,,,a,
ASN00041110,19760620,PRCP,110,,,a,
ASN00041110,19760621,PRCP,6,,,a,
ASN00041110,19760622,PRCP,0,,,a,
ASN00041110,19760623,PRCP,0,,,a,
ASN00041110,19760624,PRCP,0,,,a,
ASN00041110,19760625,PRCP,0,,,a,
ASN00041110,19760626,PRCP,0,,,a,
ASN00041110,19760627,PRCP,80,,,a,
ASN00041110,19760628,PRCP,0,,,a,
ASN00041110,19760629,PRCP,0,,,a,
ASN00041110,19760630,PRCP,0,,,a,
ASN00041110,19760701,PRCP,0,,,a,
ASN00041110,19760702,PRCP,0,,,a,
ASN00041110,19760703,PRCP,0,,,a,
ASN00041110,19760704,PRCP,0,,,a,
ASN00041110,19760705,PRCP,0,,,a,
ASN00041110,19760706,PRCP,0,,,a,
ASN00041110,19760707,PRCP,0,,,a,
ASN00041110,19760708,PRCP,0,,,a,
ASN00041110,19760709,PRCP,0,,,a,
ASN00041110,19760710,PRCP,0,,,a,
ASN00041110,19760711,PRCP,0,,,a,
ASN00041110,19760712,PRCP,0,,,a,
ASN00041110,19760713,PRCP,0,,,a,
ASN00041110,19760714,PRCP,10,,,a,
ASN00041110,19760715,PRCP,110,,,a,
ASN00041110,19760716,PRCP,2,,,a,
ASN00041110,19760717,PRCP,0,,,a,
ASN00041110,19760718,PRCP,0,,,a,
ASN00041110,19760719,PRCP,0,,,a,
ASN00041110,19760720,PRCP,0,,,a,
ASN00041110,19760721,PRCP,0,,,a,
ASN00041110,19760722,PRCP,0,,,a,
ASN00041110,19760723,PRCP,0,,,a,
ASN00041110,19760724,PRCP,0,,,a,
ASN00041110,19760725,PRCP,0,,,a,
ASN00041110,19760726,PRCP,204,,,a,
ASN00041110,19760727,PRCP,0,,,a,
ASN00041110,19760728,PRCP,4,,,a,
ASN00041110,19760729,PRCP,24,,,a,
ASN00041110,19760730,PRCP,18,,,a,
ASN00041110,19760731,PRCP,0,,,a,
ASN00041110,19760801,PRCP,0,,,a,
ASN00041110,19760802,PRCP,0,,,a,
ASN00041110,19760803,PRCP,0,,,a,
ASN00041110,19760804,PRCP,0,,,a,
ASN00041110,19760805,PRCP,0,,,a,
ASN00041110,19760806,PRCP,0,,,a,
ASN00041110,19760807,PRCP,0,,,a,
ASN00041110,19760808,PRCP,0,,,a,
ASN00041110,19760809,PRCP,0,,,a,
ASN00041110,19760810,PRCP,0,,,a,
ASN00041110,19760811,PRCP,6,,,a,
ASN00041110,19760812,PRCP,0,,,a,
ASN00041110,19760813,PRCP,0,,,a,
ASN00041110,19760814,PRCP,0,,,a,
ASN00041110,19760815,PRCP,0,,,a,
ASN00041110,19760816,PRCP,0,,,a,
ASN00041110,19760817,PRCP,0,,,a,
ASN00041110,19760818,PRCP,0,,,a,
ASN00041110,19760819,PRCP,0,,,a,
ASN00041110,19760820,PRCP,0,,,a,
ASN00041110,19760821,PRCP,0,,,a,
ASN00041110,19760822,PRCP,0,,,a,
ASN00041110,19760823,PRCP,0,,,a,
ASN00041110,19760824,PRCP,0,,,a,
ASN00041110,19760825,PRCP,0,,,a,
ASN00041110,19760826,PRCP,0,,,a,
ASN00041110,19760827,PRCP,168,,,a,
ASN00041110,19760828,PRCP,4,,,a,
ASN00041110,19760829,PRCP,0,,,a,
ASN00041110,19760830,PRCP,0,,,a,
ASN00041110,19760831,PRCP,0,,,a,
ASN00041110,19760901,PRCP,0,,,a,
ASN00041110,19760902,PRCP,90,,,a,
ASN00041110,19760903,PRCP,0,,,a,
ASN00041110,19760904,PRCP,0,,,a,
ASN00041110,19760905,PRCP,0,,,a,
ASN00041110,19760906,PRCP,0,,,a,
ASN00041110,19760907,PRCP,0,,,a,
ASN00041110,19760908,PRCP,0,,,a,
ASN00041110,19760909,PRCP,0,,,a,
ASN00041110,19760910,PRCP,0,,,a,
ASN00041110,19760911,PRCP,0,,,a,
ASN00041110,19760912,PRCP,0,,,a,
ASN00041110,19760913,PRCP,0,,,a,
ASN00041110,19760914,PRCP,0,,,a,
ASN00041110,19760915,PRCP,0,,,a,
ASN00041110,19760916,PRCP,0,,,a,
ASN00041110,19760917,PRCP,0,,,a,
ASN00041110,19760918,PRCP,500,,,a,
ASN00041110,19760919,PRCP,50,,,a,
ASN00041110,19760920,PRCP,0,,,a,
ASN00041110,19760921,PRCP,0,,,a,
ASN00041110,19760922,PRCP,84,,,a,
ASN00041110,19760923,PRCP,0,,,a,
ASN00041110,19760924,PRCP,0,,,a,
ASN00041110,19760925,PRCP,0,,,a,
ASN00041110,19760926,PRCP,0,,,a,
ASN00041110,19760927,PRCP,56,,,a,
ASN00041110,19760928,PRCP,172,,,a,
ASN00041110,19760929,PRCP,0,,,a,
ASN00041110,19760930,PRCP,0,,,a,
ASN00041110,19761001,PRCP,0,,,a,
ASN00041110,19761002,PRCP,0,,,a,
ASN00041110,19761003,PRCP,0,,,a,
ASN00041110,19761004,PRCP,0,,,a,
ASN00041110,19761005,PRCP,0,,,a,
ASN00041110,19761006,PRCP,0,,,a,
ASN00041110,19761007,PRCP,56,,,a,
ASN00041110,19761008,PRCP,0,,,a,
ASN00041110,19761009,PRCP,0,,,a,
ASN00041110,19761010,PRCP,0,,,a,
ASN00041110,19761011,PRCP,0,,,a,
ASN00041110,19761012,PRCP,0,,,a,
ASN00041110,19761013,PRCP,0,,,a,
ASN00041110,19761014,PRCP,260,,,a,
ASN00041110,19761015,PRCP,0,,,a,
ASN00041110,19761016,PRCP,0,,,a,
ASN00041110,19761017,PRCP,0,,,a,
ASN00041110,19761018,PRCP,0,,,a,
ASN00041110,19761019,PRCP,10,,,a,
ASN00041110,19761020,PRCP,0,,,a,
ASN00041110,19761021,PRCP,0,,,a,
ASN00041110,19761022,PRCP,0,,,a,
ASN00041110,19761023,PRCP,72,,,a,
ASN00041110,19761024,PRCP,0,,,a,
ASN00041110,19761025,PRCP,0,,,a,
ASN00041110,19761026,PRCP,0,,,a,
ASN00041110,19761027,PRCP,130,,,a,
ASN00041110,19761028,PRCP,4,,,a,
ASN00041110,19761029,PRCP,0,,,a,
ASN00041110,19761030,PRCP,0,,,a,
ASN00041110,19761031,PRCP,0,,,a,
ASN00041110,19761101,PRCP,480,,,a,
ASN00041110,19761102,PRCP,0,,,a,
ASN00041110,19761103,PRCP,0,,,a,
ASN00041110,19761104,PRCP,0,,,a,
ASN00041110,19761105,PRCP,0,,,a,
ASN00041110,19761106,PRCP,0,,,a,
ASN00041110,19761107,PRCP,0,,,a,
ASN00041110,19761108,PRCP,0,,,a,
ASN00041110,19761109,PRCP,0,,,a,
ASN00041110,19761110,PRCP,88,,,a,
ASN00041110,19761111,PRCP,66,,,a,
ASN00041110,19761112,PRCP,0,,,a,
ASN00041110,19761113,PRCP,0,,,a,
ASN00041110,19761114,PRCP,6,,,a,
ASN00041110,19761115,PRCP,36,,,a,
ASN00041110,19761116,PRCP,166,,,a,
ASN00041110,19761117,PRCP,0,,,a,
ASN00041110,19761118,PRCP,0,,,a,
ASN00041110,19761119,PRCP,0,,,a,
ASN00041110,19761120,PRCP,32,,,a,
ASN00041110,19761121,PRCP,0,,,a,
ASN00041110,19761122,PRCP,0,,,a,
ASN00041110,19761123,PRCP,0,,,a,
ASN00041110,19761124,PRCP,0,,,a,
ASN00041110,19761125,PRCP,0,,,a,
ASN00041110,19761126,PRCP,16,,,a,
ASN00041110,19761127,PRCP,50,,,a,
ASN00041110,19761128,PRCP,0,,,a,
ASN00041110,19761129,PRCP,0,,,a,
ASN00041110,19761130,PRCP,32,,,a,
ASN00041110,19761201,PRCP,0,,,a,
ASN00041110,19761202,PRCP,0,,,a,
ASN00041110,19761203,PRCP,0,,,a,
ASN00041110,19761204,PRCP,0,,,a,
ASN00041110,19761205,PRCP,30,,,a,
ASN00041110,19761206,PRCP,0,,,a,
ASN00041110,19761207,PRCP,0,,,a,
ASN00041110,19761208,PRCP,0,,,a,
ASN00041110,19761209,PRCP,0,,,a,
ASN00041110,19761210,PRCP,0,,,a,
ASN00041110,19761211,PRCP,0,,,a,
ASN00041110,19761212,PRCP,6,,,a,
ASN00041110,19761213,PRCP,36,,,a,
ASN00041110,19761214,PRCP,0,,,a,
ASN00041110,19761215,PRCP,0,,,a,
ASN00041110,19761216,PRCP,0,,,a,
ASN00041110,19761217,PRCP,0,,,a,
ASN00041110,19761218,PRCP,0,,,a,
ASN00041110,19761219,PRCP,0,,,a,
ASN00041110,19761220,PRCP,0,,,a,
ASN00041110,19761221,PRCP,0,,,a,
ASN00041110,19761222,PRCP,0,,,a,
ASN00041110,19761223,PRCP,0,,,a,
ASN00041110,19761224,PRCP,136,,,a,
ASN00041110,19761225,PRCP,4,,,a,
ASN00041110,19761226,PRCP,0,,,a,
ASN00041110,19761227,PRCP,0,,,a,
ASN00041110,19761228,PRCP,0,,,a,
ASN00041110,19761229,PRCP,0,,,a,
ASN00041110,19761230,PRCP,0,,,a,
ASN00041110,19761231,PRCP,0,,,a,
ASN00041110,19770101,PRCP,0,,,a,
ASN00041110,19770102,PRCP,0,,,a,
ASN00041110,19770103,PRCP,0,,,a,
ASN00041110,19770104,PRCP,0,,,a,
ASN00041110,19770105,PRCP,0,,,a,
ASN00041110,19770106,PRCP,0,,,a,
ASN00041110,19770107,PRCP,0,,,a,
ASN00041110,19770108,PRCP,0,,,a,
ASN00041110,19770109,PRCP,0,,,a,
ASN00041110,19770110,PRCP,0,,,a,
ASN00041110,19770111,PRCP,0,,,a,
ASN00041110,19770112,PRCP,442,,,a,
ASN00041110,19770113,PRCP,2,,,a,
ASN00041110,19770114,PRCP,0,,,a,
ASN00041110,19770115,PRCP,0,,,a,
ASN00041110,19770116,PRCP,0,,,a,
ASN00041110,19770117,PRCP,172,,,a,
ASN00041110,19770118,PRCP,0,,,a,
ASN00041110,19770119,PRCP,0,,,a,
ASN00041110,19770120,PRCP,0,,,a,
ASN00041110,19770121,PRCP,0,,,a,
ASN00041110,19770122,PRCP,0,,,a,
ASN00041110,19770123,PRCP,86,,,a,
ASN00041110,19770124,PRCP,0,,,a,
ASN00041110,19770125,PRCP,0,,,a,
ASN00041110,19770126,PRCP,0,,,a,
ASN00041110,19770127,PRCP,0,,,a,
ASN00041110,19770128,PRCP,0,,,a,
ASN00041110,19770129,PRCP,0,,,a,
ASN00041110,19770130,PRCP,0,,,a,
ASN00041110,19770131,PRCP,0,,,a,
ASN00041110,19770201,PRCP,0,,,a,
ASN00041110,19770202,PRCP,0,,,a,
ASN00041110,19770203,PRCP,0,,,a,
ASN00041110,19770204,PRCP,14,,,a,
ASN00041110,19770205,PRCP,0,,,a,
ASN00041110,19770206,PRCP,12,,,a,
ASN00041110,19770207,PRCP,0,,,a,
ASN00041110,19770208,PRCP,2,,,a,
ASN00041110,19770209,PRCP,0,,,a,
ASN00041110,19770210,PRCP,0,,,a,
ASN00041110,19770211,PRCP,0,,,a,
ASN00041110,19770212,PRCP,0,,,a,
ASN00041110,19770213,PRCP,0,,,a,
ASN00041110,19770214,PRCP,0,,,a,
ASN00041110,19770215,PRCP,0,,,a,
ASN00041110,19770216,PRCP,0,,,a,
ASN00041110,19770217,PRCP,0,,,a,
ASN00041110,19770218,PRCP,0,,,a,
ASN00041110,19770219,PRCP,0,,,a,
ASN00041110,19770220,PRCP,206,,,a,
ASN00041110,19770221,PRCP,136,,,a,
ASN00041110,19770222,PRCP,162,,,a,
ASN00041110,19770223,PRCP,20,,,a,
ASN00041110,19770224,PRCP,0,,,a,
ASN00041110,19770225,PRCP,0,,,a,
ASN00041110,19770226,PRCP,0,,,a,
ASN00041110,19770227,PRCP,0,,,a,
ASN00041110,19770228,PRCP,0,,,a,
ASN00041110,19770301,PRCP,36,,,a,
ASN00041110,19770302,PRCP,174,,,a,
ASN00041110,19770303,PRCP,0,,,a,
ASN00041110,19770304,PRCP,474,,,a,
ASN00041110,19770305,PRCP,52,,,a,
ASN00041110,19770306,PRCP,0,,,a,
ASN00041110,19770307,PRCP,0,,,a,
ASN00041110,19770308,PRCP,146,,,a,
ASN00041110,19770309,PRCP,62,,,a,
ASN00041110,19770310,PRCP,600,,,a,
ASN00041110,19770311,PRCP,96,,,a,
ASN00041110,19770312,PRCP,16,,,a,
ASN00041110,19770313,PRCP,0,,,a,
ASN00041110,19770314,PRCP,0,,,a,
ASN00041110,19770315,PRCP,0,,,a,
ASN00041110,19770316,PRCP,0,,,a,
ASN00041110,19770317,PRCP,6,,,a,
ASN00041110,19770318,PRCP,0,,,a,
ASN00041110,19770319,PRCP,0,,,a,
ASN00041110,19770320,PRCP,0,,,a,
ASN00041110,19770321,PRCP,0,,,a,
ASN00041110,19770322,PRCP,6,,,a,
ASN00041110,19770323,PRCP,0,,,a,
ASN00041110,19770324,PRCP,0,,,a,
ASN00041110,19770325,PRCP,0,,,a,
ASN00041110,19770326,PRCP,0,,,a,
ASN00041110,19770327,PRCP,10,,,a,
ASN00041110,19770328,PRCP,6,,,a,
ASN00041110,19770329,PRCP,0,,,a,
ASN00041110,19770330,PRCP,0,,,a,
ASN00041110,19770331,PRCP,0,,,a,
ASN00041110,19770401,PRCP,110,,,a,
ASN00041110,19770402,PRCP,0,,,a,
ASN00041110,19770403,PRCP,0,,,a,
ASN00041110,19770404,PRCP,198,,,a,
ASN00041110,19770405,PRCP,0,,,a,
ASN00041110,19770406,PRCP,0,,,a,
ASN00041110,19770407,PRCP,0,,,a,
ASN00041110,19770408,PRCP,16,,,a,
ASN00041110,19770409,PRCP,0,,,a,
ASN00041110,19770410,PRCP,0,,,a,
ASN00041110,19770411,PRCP,0,,,a,
ASN00041110,19770412,PRCP,0,,,a,
ASN00041110,19770413,PRCP,0,,,a,
ASN00041110,19770414,PRCP,0,,,a,
ASN00041110,19770415,PRCP,0,,,a,
ASN00041110,19770416,PRCP,70,,,a,
ASN00041110,19770417,PRCP,124,,,a,
ASN00041110,19770418,PRCP,6,,,a,
ASN00041110,19770419,PRCP,0,,,a,
ASN00041110,19770420,PRCP,0,,,a,
ASN00041110,19770421,PRCP,0,,,a,
ASN00041110,19770422,PRCP,16,,,a,
ASN00041110,19770423,PRCP,0,,,a,
ASN00041110,19770424,PRCP,0,,,a,
ASN00041110,19770425,PRCP,0,,,a,
ASN00041110,19770426,PRCP,0,,,a,
ASN00041110,19770427,PRCP,0,,,a,
ASN00041110,19770428,PRCP,0,,,a,
ASN00041110,19770429,PRCP,0,,,a,
ASN00041110,19770430,PRCP,0,,,a,
ASN00041110,19770501,PRCP,0,,,a,
ASN00041110,19770502,PRCP,0,,,a,
ASN00041110,19770503,PRCP,0,,,a,
ASN00041110,19770504,PRCP,0,,,a,
ASN00041110,19770505,PRCP,0,,,a,
ASN00041110,19770506,PRCP,0,,,a,
ASN00041110,19770507,PRCP,0,,,a,
ASN00041110,19770508,PRCP,0,,,a,
ASN00041110,19770509,PRCP,0,,,a,
ASN00041110,19770510,PRCP,0,,,a,
ASN00041110,19770511,PRCP,14,,,a,
ASN00041110,19770512,PRCP,44,,,a,
ASN00041110,19770513,PRCP,0,,,a,
ASN00041110,19770514,PRCP,28,,,a,
ASN00041110,19770515,PRCP,414,,,a,
ASN00041110,19770516,PRCP,240,,,a,
ASN00041110,19770517,PRCP,12,,,a,
ASN00041110,19770518,PRCP,12,,,a,
ASN00041110,19770519,PRCP,0,,,a,
ASN00041110,19770520,PRCP,0,,,a,
ASN00041110,19770521,PRCP,0,,,a,
ASN00041110,19770522,PRCP,0,,,a,
ASN00041110,19770523,PRCP,0,,,a,
ASN00041110,19770524,PRCP,0,,,a,
ASN00041110,19770525,PRCP,0,,,a,
ASN00041110,19770526,PRCP,0,,,a,
ASN00041110,19770527,PRCP,0,,,a,
ASN00041110,19770528,PRCP,122,,,a,
ASN00041110,19770529,PRCP,0,,,a,
ASN00041110,19770530,PRCP,0,,,a,
ASN00041110,19770531,PRCP,0,,,a,
ASN00041110,19770601,PRCP,0,,,a,
ASN00041110,19770602,PRCP,0,,,a,
ASN00041110,19770603,PRCP,0,,,a,
ASN00041110,19770604,PRCP,0,,,a,
ASN00041110,19770605,PRCP,0,,,a,
ASN00041110,19770606,PRCP,0,,,a,
ASN00041110,19770607,PRCP,0,,,a,
ASN00041110,19770608,PRCP,0,,,a,
ASN00041110,19770609,PRCP,0,,,a,
ASN00041110,19770610,PRCP,0,,,a,
ASN00041110,19770611,PRCP,0,,,a,
ASN00041110,19770612,PRCP,0,,,a,
ASN00041110,19770613,PRCP,0,,,a,
ASN00041110,19770614,PRCP,0,,,a,
ASN00041110,19770615,PRCP,0,,,a,
ASN00041110,19770616,PRCP,0,,,a,
ASN00041110,19770617,PRCP,0,,,a,
ASN00041110,19770618,PRCP,0,,,a,
ASN00041110,19770619,PRCP,4,,,a,
ASN00041110,19770620,PRCP,0,,,a,
ASN00041110,19770621,PRCP,0,,,a,
ASN00041110,19770622,PRCP,0,,,a,
ASN00041110,19770623,PRCP,0,,,a,
ASN00041110,19770627,PRCP,0,,,a,
ASN00041110,19770628,PRCP,0,,,a,
ASN00041110,19770629,PRCP,0,,,a,
ASN00041110,19770630,PRCP,4,,,a,
ASN00041110,19770626,DAPR,3,,,a,
ASN00041110,19770626,DWPR,1,,,a,
ASN00041110,19770626,MDPR,40,,,a,
ASN00041110,19770701,PRCP,2,,,a,
ASN00041110,19770702,PRCP,0,,,a,
ASN00041110,19770703,PRCP,0,,,a,
ASN00041110,19770704,PRCP,0,,,a,
ASN00041110,19770705,PRCP,0,,,a,
ASN00041110,19770706,PRCP,0,,,a,
ASN00041110,19770707,PRCP,6,,,a,
ASN00041110,19770708,PRCP,0,,,a,
ASN00041110,19770709,PRCP,0,,,a,
ASN00041110,19770710,PRCP,0,,,a,
ASN00041110,19770711,PRCP,0,,,a,
ASN00041110,19770712,PRCP,0,,,a,
ASN00041110,19770713,PRCP,0,,,a,
ASN00041110,19770714,PRCP,0,,,a,
ASN00041110,19770715,PRCP,0,,,a,
ASN00041110,19770716,PRCP,0,,,a,
ASN00041110,19770717,PRCP,0,,,a,
ASN00041110,19770718,PRCP,0,,,a,
ASN00041110,19770719,PRCP,0,,,a,
ASN00041110,19770720,PRCP,0,,,a,
ASN00041110,19770721,PRCP,0,,,a,
ASN00041110,19770722,PRCP,0,,,a,
ASN00041110,19770723,PRCP,0,,,a,
ASN00041110,19770724,PRCP,0,,,a,
ASN00041110,19770725,PRCP,0,,,a,
ASN00041110,19770726,PRCP,0,,,a,
ASN00041110,19770727,PRCP,0,,,a,
ASN00041110,19770728,PRCP,0,,,a,
ASN00041110,19770729,PRCP,0,,,a,
ASN00041110,19770730,PRCP,0,,,a,
ASN00041110,19770731,PRCP,0,,,a,
ASN00041110,19770801,PRCP,0,,,a,
ASN00041110,19770802,PRCP,0,,,a,
ASN00041110,19770803,PRCP,0,,,a,
ASN00041110,19770804,PRCP,0,,,a,
ASN00041110,19770805,PRCP,0,,,a,
ASN00041110,19770806,PRCP,0,,,a,
ASN00041110,19770807,PRCP,0,,,a,
ASN00041110,19770808,PRCP,0,,,a,
ASN00041110,19770809,PRCP,0,,,a,
ASN00041110,19770810,PRCP,0,,,a,
ASN00041110,19770811,PRCP,0,,,a,
ASN00041110,19770812,PRCP,0,,,a,
ASN00041110,19770813,PRCP,74,,,a,
ASN00041110,19770814,PRCP,0,,,a,
ASN00041110,19770815,PRCP,0,,,a,
ASN00041110,19770816,PRCP,0,,,a,
ASN00041110,19770817,PRCP,0,,,a,
ASN00041110,19770818,PRCP,0,,,a,
ASN00041110,19770819,PRCP,0,,,a,
ASN00041110,19770820,PRCP,0,,,a,
ASN00041110,19770821,PRCP,0,,,a,
ASN00041110,19770822,PRCP,0,,,a,
ASN00041110,19770823,PRCP,0,,,a,
ASN00041110,19770824,PRCP,0,,,a,
ASN00041110,19770825,PRCP,0,,,a,
ASN00041110,19770826,PRCP,0,,,a,
ASN00041110,19770827,PRCP,0,,,a,
ASN00041110,19770828,PRCP,0,,,a,
ASN00041110,19770829,PRCP,0,,,a,
ASN00041110,19770830,PRCP,0,,,a,
ASN00041110,19770831,PRCP,0,,,a,
ASN00041110,19770901,PRCP,0,,,a,
ASN00041110,19770902,PRCP,0,,,a,
ASN00041110,19770903,PRCP,4,,,a,
ASN00041110,19770904,PRCP,0,,,a,
ASN00041110,19770905,PRCP,0,,,a,
ASN00041110,19770906,PRCP,0,,,a,
ASN00041110,19770907,PRCP,0,,,a,
ASN00041110,19770908,PRCP,42,,,a,
ASN00041110,19770909,PRCP,0,,,a,
ASN00041110,19770910,PRCP,0,,,a,
ASN00041110,19770911,PRCP,0,,,a,
ASN00041110,19770912,PRCP,0,,,a,
ASN00041110,19770913,PRCP,0,,,a,
ASN00041110,19770914,PRCP,0,,,a,
ASN00041110,19770915,PRCP,0,,,a,
ASN00041110,19770916,PRCP,0,,,a,
ASN00041110,19770917,PRCP,0,,,a,
ASN00041110,19770918,PRCP,0,,,a,
ASN00041110,19770919,PRCP,0,,,a,
ASN00041110,19770920,PRCP,0,,,a,
ASN00041110,19770921,PRCP,0,,,a,
ASN00041110,19770922,PRCP,0,,,a,
ASN00041110,19770923,PRCP,0,,,a,
ASN00041110,19770924,PRCP,0,,,a,
ASN00041110,19770925,PRCP,0,,,a,
ASN00041110,19770926,PRCP,0,,,a,
ASN00041110,19770927,PRCP,74,,,a,
ASN00041110,19770928,PRCP,0,,,a,
ASN00041110,19770929,PRCP,0,,,a,
ASN00041110,19770930,PRCP,0,,,a,
ASN00041110,19771001,PRCP,0,,,a,
ASN00041110,19771002,PRCP,0,,,a,
ASN00041110,19771003,PRCP,0,,,a,
ASN00041110,19771004,PRCP,0,,,a,
ASN00041110,19771005,PRCP,6,,,a,
ASN00041110,19771006,PRCP,20,,,a,
ASN00041110,19771007,PRCP,0,,,a,
ASN00041110,19771008,PRCP,0,,,a,
ASN00041110,19771009,PRCP,0,,,a,
ASN00041110,19771010,PRCP,0,,,a,
ASN00041110,19771011,PRCP,0,,,a,
ASN00041110,19771012,PRCP,0,,,a,
ASN00041110,19771013,PRCP,0,,,a,
ASN00041110,19771014,PRCP,0,,,a,
ASN00041110,19771015,PRCP,0,,,a,
ASN00041110,19771016,PRCP,0,,,a,
ASN00041110,19771017,PRCP,0,,,a,
ASN00041110,19771018,PRCP,0,,,a,
ASN00041110,19771019,PRCP,0,,,a,
ASN00041110,19771020,PRCP,0,,,a,
ASN00041110,19771021,PRCP,0,,,a,
ASN00041110,19771022,PRCP,0,,,a,
ASN00041110,19771023,PRCP,0,,,a,
ASN00041110,19771024,PRCP,140,,,a,
ASN00041110,19771025,PRCP,213,,,a,
ASN00041110,19771026,PRCP,90,,,a,
ASN00041110,19771027,PRCP,62,,,a,
ASN00041110,19771028,PRCP,0,,,a,
ASN00041110,19771029,PRCP,0,,,a,
ASN00041110,19771030,PRCP,0,,,a,
ASN00041110,19771031,PRCP,0,,,a,
ASN00041110,19771101,PRCP,0,,,a,
ASN00041110,19771102,PRCP,0,,,a,
ASN00041110,19771103,PRCP,0,,,a,
ASN00041110,19771104,PRCP,62,,,a,
ASN00041110,19771105,PRCP,122,,,a,
ASN00041110,19771106,PRCP,0,,,a,
ASN00041110,19771107,PRCP,0,,,a,
ASN00041110,19771108,PRCP,50,,,a,
ASN00041110,19771109,PRCP,0,,,a,
ASN00041110,19771110,PRCP,0,,,a,
ASN00041110,19771111,PRCP,0,,,a,
ASN00041110,19771112,PRCP,0,,,a,
ASN00041110,19771113,PRCP,0,,,a,
ASN00041110,19771114,PRCP,236,,,a,
ASN00041110,19771115,PRCP,146,,,a,
ASN00041110,19771116,PRCP,0,,,a,
ASN00041110,19771117,PRCP,0,,,a,
ASN00041110,19771118,PRCP,76,,,a,
ASN00041110,19771119,PRCP,50,,,a,
ASN00041110,19771120,PRCP,0,,,a,
ASN00041110,19771121,PRCP,70,,,a,
ASN00041110,19771122,PRCP,0,,,a,
ASN00041110,19771123,PRCP,0,,,a,
ASN00041110,19771124,PRCP,0,,,a,
ASN00041110,19771125,PRCP,0,,,a,
ASN00041110,19771126,PRCP,0,,,a,
ASN00041110,19771127,PRCP,0,,,a,
ASN00041110,19771128,PRCP,0,,,a,
ASN00041110,19771129,PRCP,0,,,a,
ASN00041110,19771130,PRCP,0,,,a,
ASN00041110,19771201,PRCP,0,,,a,
ASN00041110,19771202,PRCP,142,,,a,
ASN00041110,19771203,PRCP,18,,,a,
ASN00041110,19771204,PRCP,0,,,a,
ASN00041110,19771205,PRCP,0,,,a,
ASN00041110,19771206,PRCP,0,,,a,
ASN00041110,19771207,PRCP,0,,,a,
ASN00041110,19771208,PRCP,0,,,a,
ASN00041110,19771209,PRCP,0,,,a,
ASN00041110,19771210,PRCP,0,,,a,
ASN00041110,19771211,PRCP,0,,,a,
ASN00041110,19771212,PRCP,0,,,a,
ASN00041110,19771213,PRCP,0,,,a,
ASN00041110,19771214,PRCP,0,,,a,
ASN00041110,19771215,PRCP,0,,,a,
ASN00041110,19771216,PRCP,0,,,a,
ASN00041110,19771217,PRCP,0,,,a,
ASN00041110,19771218,PRCP,0,,,a,
ASN00041110,19771219,PRCP,40,,,a,
ASN00041110,19771220,PRCP,0,,,a,
ASN00041110,19771221,PRCP,0,,,a,
ASN00041110,19771222,PRCP,0,,,a,
ASN00041110,19771223,PRCP,104,,,a,
ASN00041110,19771224,PRCP,0,,,a,
ASN00041110,19771225,PRCP,0,,,a,
ASN00041110,19771226,PRCP,0,,,a,
ASN00041110,19771227,PRCP,4,,,a,
ASN00041110,19771228,PRCP,0,,,a,
ASN00041110,19771229,PRCP,0,,,a,
ASN00041110,19771230,PRCP,0,,,a,
ASN00041110,19771231,PRCP,0,,,a,
ASN00041110,19780101,PRCP,0,,,a,
ASN00041110,19780102,PRCP,0,,,a,
ASN00041110,19780103,PRCP,26,,,a,
ASN00041110,19780104,PRCP,0,,,a,
ASN00041110,19780105,PRCP,8,,,a,
ASN00041110,19780106,PRCP,6,,,a,
ASN00041110,19780107,PRCP,22,,,a,
ASN00041110,19780108,PRCP,0,,,a,
ASN00041110,19780109,PRCP,102,,,a,
ASN00041110,19780110,PRCP,4,,,a,
ASN00041110,19780111,PRCP,0,,,a,
ASN00041110,19780112,PRCP,0,,,a,
ASN00041110,19780113,PRCP,0,,,a,
ASN00041110,19780114,PRCP,0,,,a,
ASN00041110,19780115,PRCP,0,,,a,
ASN00041110,19780116,PRCP,140,,,a,
ASN00041110,19780117,PRCP,0,,,a,
ASN00041110,19780118,PRCP,0,,,a,
ASN00041110,19780119,PRCP,0,,,a,
ASN00041110,19780120,PRCP,0,,,a,
ASN00041110,19780121,PRCP,644,,,a,
ASN00041110,19780122,PRCP,0,,,a,
ASN00041110,19780123,PRCP,0,,,a,
ASN00041110,19780124,PRCP,0,,,a,
ASN00041110,19780125,PRCP,0,,,a,
ASN00041110,19780126,PRCP,0,,,a,
ASN00041110,19780127,PRCP,0,,,a,
ASN00041110,19780128,PRCP,34,,,a,
ASN00041110,19780129,PRCP,500,,,a,
ASN00041110,19780130,PRCP,6,,,a,
ASN00041110,19780131,PRCP,20,,,a,
ASN00041110,19780201,PRCP,90,,,a,
ASN00041110,19780202,PRCP,34,,,a,
ASN00041110,19780203,PRCP,0,,,a,
ASN00041110,19780204,PRCP,0,,,a,
ASN00041110,19780205,PRCP,0,,,a,
ASN00041110,19780206,PRCP,0,,,a,
ASN00041110,19780207,PRCP,0,,,a,
ASN00041110,19780208,PRCP,0,,,a,
ASN00041110,19780209,PRCP,0,,,a,
ASN00041110,19780210,PRCP,0,,,a,
ASN00041110,19780211,PRCP,0,,,a,
ASN00041110,19780212,PRCP,12,,,a,
ASN00041110,19780213,PRCP,0,,,a,
ASN00041110,19780214,PRCP,0,,,a,
ASN00041110,19780215,PRCP,0,,,a,
ASN00041110,19780216,PRCP,0,,,a,
ASN00041110,19780217,PRCP,0,,,a,
ASN00041110,19780218,PRCP,0,,,a,
ASN00041110,19780219,PRCP,0,,,a,
ASN00041110,19780220,PRCP,0,,,a,
ASN00041110,19780221,PRCP,0,,,a,
ASN00041110,19780222,PRCP,8,,,a,
ASN00041110,19780223,PRCP,0,,,a,
ASN00041110,19780224,PRCP,0,,,a,
ASN00041110,19780225,PRCP,0,,,a,
ASN00041110,19780226,PRCP,0,,,a,
ASN00041110,19780227,PRCP,0,,,a,
ASN00041110,19780228,PRCP,0,,,a,
ASN00041110,19780301,PRCP,0,,,a,
ASN00041110,19780302,PRCP,78,,,a,
ASN00041110,19780303,PRCP,0,,,a,
ASN00041110,19780304,PRCP,0,,,a,
ASN00041110,19780305,PRCP,0,,,a,
ASN00041110,19780306,PRCP,0,,,a,
ASN00041110,19780307,PRCP,0,,,a,
ASN00041110,19780308,PRCP,0,,,a,
ASN00041110,19780309,PRCP,0,,,a,
ASN00041110,19780310,PRCP,10,,,a,
ASN00041110,19780311,PRCP,0,,,a,
ASN00041110,19780312,PRCP,0,,,a,
ASN00041110,19780313,PRCP,0,,,a,
ASN00041110,19780314,PRCP,0,,,a,
ASN00041110,19780315,PRCP,0,,,a,
ASN00041110,19780316,PRCP,0,,,a,
ASN00041110,19780317,PRCP,50,,,a,
ASN00041110,19780318,PRCP,66,,,a,
ASN00041110,19780319,PRCP,40,,,a,
ASN00041110,19780320,PRCP,0,,,a,
ASN00041110,19780321,PRCP,0,,,a,
ASN00041110,19780322,PRCP,26,,,a,
ASN00041110,19780323,PRCP,0,,,a,
ASN00041110,19780324,PRCP,0,,,a,
ASN00041110,19780325,PRCP,0,,,a,
ASN00041110,19780326,PRCP,0,,,a,
ASN00041110,19780327,PRCP,0,,,a,
ASN00041110,19780328,PRCP,0,,,a,
ASN00041110,19780329,PRCP,0,,,a,
ASN00041110,19780330,PRCP,0,,,a,
ASN00041110,19780331,PRCP,62,,,a,
ASN00041110,19780401,PRCP,140,,,a,
ASN00041110,19780402,PRCP,198,,,a,
ASN00041110,19780403,PRCP,5,,,a,
ASN00041110,19780404,PRCP,0,,,a,
ASN00041110,19780405,PRCP,0,,,a,
ASN00041110,19780406,PRCP,0,,,a,
ASN00041110,19780407,PRCP,0,,,a,
ASN00041110,19780408,PRCP,0,,,a,
ASN00041110,19780409,PRCP,0,,,a,
ASN00041110,19780410,PRCP,0,,,a,
ASN00041110,19780411,PRCP,0,,,a,
ASN00041110,19780412,PRCP,0,,,a,
ASN00041110,19780413,PRCP,0,,,a,
ASN00041110,19780414,PRCP,0,,,a,
ASN00041110,19780415,PRCP,0,,,a,
ASN00041110,19780416,PRCP,0,,,a,
ASN00041110,19780417,PRCP,0,,,a,
ASN00041110,19780418,PRCP,0,,,a,
ASN00041110,19780419,PRCP,0,,,a,
ASN00041110,19780420,PRCP,0,,,a,
ASN00041110,19780421,PRCP,0,,,a,
ASN00041110,19780422,PRCP,0,,,a,
ASN00041110,19780423,PRCP,0,,,a,
ASN00041110,19780424,PRCP,0,,,a,
ASN00041110,19780425,PRCP,0,,,a,
ASN00041110,19780426,PRCP,0,,,a,
ASN00041110,19780427,PRCP,0,,,a,
ASN00041110,19780428,PRCP,0,,,a,
ASN00041110,19780429,PRCP,0,,,a,
ASN00041110,19780430,PRCP,0,,,a,
ASN00041110,19780501,PRCP,0,,,a,
ASN00041110,19780502,PRCP,0,,,a,
ASN00041110,19780503,PRCP,0,,,a,
ASN00041110,19780504,PRCP,0,,,a,
ASN00041110,19780505,PRCP,0,,,a,
ASN00041110,19780506,PRCP,0,,,a,
ASN00041110,19780507,PRCP,24,,,a,
ASN00041110,19780508,PRCP,0,,,a,
ASN00041110,19780509,PRCP,0,,,a,
ASN00041110,19780510,PRCP,0,,,a,
ASN00041110,19780511,PRCP,260,,,a,
ASN00041110,19780512,PRCP,0,,,a,
ASN00041110,19780513,PRCP,0,,,a,
ASN00041110,19780514,PRCP,0,,,a,
ASN00041110,19780515,PRCP,0,,,a,
ASN00041110,19780516,PRCP,0,,,a,
ASN00041110,19780517,PRCP,0,,,a,
ASN00041110,19780518,PRCP,0,,,a,
ASN00041110,19780519,PRCP,292,,,a,
ASN00041110,19780520,PRCP,44,,,a,
ASN00041110,19780521,PRCP,0,,,a,
ASN00041110,19780522,PRCP,4,,,a,
ASN00041110,19780523,PRCP,0,,,a,
ASN00041110,19780524,PRCP,0,,,a,
ASN00041110,19780525,PRCP,0,,,a,
ASN00041110,19780526,PRCP,0,,,a,
ASN00041110,19780527,PRCP,0,,,a,
ASN00041110,19780528,PRCP,0,,,a,
ASN00041110,19780529,PRCP,0,,,a,
ASN00041110,19780530,PRCP,0,,,a,
ASN00041110,19780531,PRCP,0,,,a,
ASN00041110,19780601,PRCP,132,,,a,
ASN00041110,19780602,PRCP,4,,,a,
ASN00041110,19780603,PRCP,0,,,a,
ASN00041110,19780604,PRCP,0,,,a,
ASN00041110,19780605,PRCP,0,,,a,
ASN00041110,19780606,PRCP,136,,,a,
ASN00041110,19780607,PRCP,0,,,a,
ASN00041110,19780608,PRCP,0,,,a,
ASN00041110,19780609,PRCP,0,,,a,
ASN00041110,19780610,PRCP,0,,,a,
ASN00041110,19780611,PRCP,8,,,a,
ASN00041110,19780612,PRCP,120,,,a,
ASN00041110,19780613,PRCP,2,,,a,
ASN00041110,19780614,PRCP,36,,,a,
ASN00041110,19780615,PRCP,28,,,a,
ASN00041110,19780616,PRCP,4,,,a,
ASN00041110,19780617,PRCP,0,,,a,
ASN00041110,19780618,PRCP,0,,,a,
ASN00041110,19780619,PRCP,0,,,a,
ASN00041110,19780620,PRCP,0,,,a,
ASN00041110,19780621,PRCP,0,,,a,
ASN00041110,19780622,PRCP,0,,,a,
ASN00041110,19780623,PRCP,0,,,a,
ASN00041110,19780624,PRCP,0,,,a,
ASN00041110,19780625,PRCP,0,,,a,
ASN00041110,19780626,PRCP,0,,,a,
ASN00041110,19780627,PRCP,2,,,a,
ASN00041110,19780628,PRCP,30,,,a,
ASN00041110,19780629,PRCP,200,,,a,
ASN00041110,19780630,PRCP,10,,,a,
ASN00041110,19780701,PRCP,0,,,a,
ASN00041110,19780702,PRCP,280,,,a,
ASN00041110,19780703,PRCP,270,,,a,
ASN00041110,19780704,PRCP,8,,,a,
ASN00041110,19780705,PRCP,0,,,a,
ASN00041110,19780706,PRCP,0,,,a,
ASN00041110,19780707,PRCP,0,,,a,
ASN00041110,19780708,PRCP,0,,,a,
ASN00041110,19780709,PRCP,0,,,a,
ASN00041110,19780710,PRCP,264,,,a,
ASN00041110,19780711,PRCP,50,,,a,
ASN00041110,19780712,PRCP,0,,,a,
ASN00041110,19780713,PRCP,0,,,a,
ASN00041110,19780714,PRCP,0,,,a,
ASN00041110,19780715,PRCP,0,,,a,
ASN00041110,19780716,PRCP,0,,,a,
ASN00041110,19780717,PRCP,0,,,a,
ASN00041110,19780718,PRCP,0,,,a,
ASN00041110,19780719,PRCP,0,,,a,
ASN00041110,19780720,PRCP,0,,,a,
ASN00041110,19780721,PRCP,0,,,a,
ASN00041110,19780722,PRCP,0,,,a,
ASN00041110,19780723,PRCP,0,,,a,
ASN00041110,19780724,PRCP,0,,,a,
ASN00041110,19780725,PRCP,0,,,a,
ASN00041110,19780726,PRCP,0,,,a,
ASN00041110,19780727,PRCP,0,,,a,
ASN00041110,19780728,PRCP,0,,,a,
ASN00041110,19780729,PRCP,0,,,a,
ASN00041110,19780730,PRCP,0,,,a,
ASN00041110,19780731,PRCP,0,,,a,
ASN00041110,19780801,PRCP,0,,,a,
ASN00041110,19780802,PRCP,0,,,a,
ASN00041110,19780803,PRCP,68,,,a,
ASN00041110,19780804,PRCP,0,,,a,
ASN00041110,19780805,PRCP,0,,,a,
ASN00041110,19780806,PRCP,0,,,a,
ASN00041110,19780807,PRCP,0,,,a,
ASN00041110,19780808,PRCP,116,,,a,
ASN00041110,19780809,PRCP,64,,,a,
ASN00041110,19780810,PRCP,0,,,a,
ASN00041110,19780811,PRCP,0,,,a,
ASN00041110,19780812,PRCP,0,,,a,
ASN00041110,19780813,PRCP,0,,,a,
ASN00041110,19780814,PRCP,0,,,a,
ASN00041110,19780815,PRCP,0,,,a,
ASN00041110,19780816,PRCP,0,,,a,
ASN00041110,19780817,PRCP,0,,,a,
ASN00041110,19780818,PRCP,0,,,a,
ASN00041110,19780819,PRCP,100,,,a,
ASN00041110,19780820,PRCP,0,,,a,
ASN00041110,19780821,PRCP,0,,,a,
ASN00041110,19780822,PRCP,0,,,a,
ASN00041110,19780823,PRCP,0,,,a,
ASN00041110,19780824,PRCP,0,,,a,
ASN00041110,19780825,PRCP,0,,,a,
ASN00041110,19780826,PRCP,0,,,a,
ASN00041110,19780827,PRCP,0,,,a,
ASN00041110,19780828,PRCP,0,,,a,
ASN00041110,19780829,PRCP,66,,,a,
ASN00041110,19780830,PRCP,0,,,a,
ASN00041110,19780831,PRCP,30,,,a,
ASN00041110,19780901,PRCP,214,,,a,
ASN00041110,19780902,PRCP,0,,,a,
ASN00041110,19780903,PRCP,0,,,a,
ASN00041110,19780904,PRCP,0,,,a,
ASN00041110,19780905,PRCP,164,,,a,
ASN00041110,19780906,PRCP,140,,,a,
ASN00041110,19780907,PRCP,270,,,a,
ASN00041110,19780908,PRCP,86,,,a,
ASN00041110,19780909,PRCP,8,,,a,
ASN00041110,19780910,PRCP,0,,,a,
ASN00041110,19780911,PRCP,0,,,a,
ASN00041110,19780912,PRCP,0,,,a,
ASN00041110,19780913,PRCP,0,,,a,
ASN00041110,19780914,PRCP,0,,,a,
ASN00041110,19780915,PRCP,0,,,a,
ASN00041110,19780916,PRCP,0,,,a,
ASN00041110,19780917,PRCP,0,,,a,
ASN00041110,19780918,PRCP,0,,,a,
ASN00041110,19780919,PRCP,6,,,a,
ASN00041110,19780920,PRCP,0,,,a,
ASN00041110,19780921,PRCP,0,,,a,
ASN00041110,19780922,PRCP,0,,,a,
ASN00041110,19780923,PRCP,26,,,a,
ASN00041110,19780924,PRCP,0,,,a,
ASN00041110,19780925,PRCP,0,,,a,
ASN00041110,19780926,PRCP,0,,,a,
ASN00041110,19780927,PRCP,20,,,a,
ASN00041110,19780928,PRCP,10,,,a,
ASN00041110,19780929,PRCP,52,,,a,
ASN00041110,19780930,PRCP,26,,,a,
ASN00041110,19781001,PRCP,12,,,a,
ASN00041110,19781002,PRCP,0,,,a,
ASN00041110,19781003,PRCP,0,,,a,
ASN00041110,19781004,PRCP,0,,,a,
ASN00041110,19781005,PRCP,0,,,a,
ASN00041110,19781006,PRCP,0,,,a,
ASN00041110,19781007,PRCP,0,,,a,
ASN00041110,19781008,PRCP,8,,,a,
ASN00041110,19781009,PRCP,0,,,a,
ASN00041110,19781010,PRCP,0,,,a,
ASN00041110,19781011,PRCP,0,,,a,
ASN00041110,19781012,PRCP,0,,,a,
ASN00041110,19781013,PRCP,0,,,a,
ASN00041110,19781014,PRCP,0,,,a,
ASN00041110,19781015,PRCP,0,,,a,
ASN00041110,19781016,PRCP,304,,,a,
ASN00041110,19781017,PRCP,230,,,a,
ASN00041110,19781018,PRCP,128,,,a,
ASN00041110,19781019,PRCP,0,,,a,
ASN00041110,19781020,PRCP,0,,,a,
ASN00041110,19781021,PRCP,0,,,a,
ASN00041110,19781022,PRCP,18,,,a,
ASN00041110,19781023,PRCP,0,,,a,
ASN00041110,19781024,PRCP,0,,,a,
ASN00041110,19781025,PRCP,0,,,a,
ASN00041110,19781026,PRCP,0,,,a,
ASN00041110,19781027,PRCP,0,,,a,
ASN00041110,19781028,PRCP,0,,,a,
ASN00041110,19781029,PRCP,0,,,a,
ASN00041110,19781030,PRCP,0,,,a,
ASN00041110,19781031,PRCP,0,,,a,
ASN00041110,19781101,PRCP,36,,,a,
ASN00041110,19781102,PRCP,192,,,a,
ASN00041110,19781103,PRCP,270,,,a,
ASN00041110,19781104,PRCP,50,,,a,
ASN00041110,19781105,PRCP,2,,,a,
ASN00041110,19781106,PRCP,130,,,a,
ASN00041110,19781107,PRCP,0,,,a,
ASN00041110,19781108,PRCP,0,,,a,
ASN00041110,19781109,PRCP,0,,,a,
ASN00041110,19781110,PRCP,0,,,a,
ASN00041110,19781111,PRCP,544,,,a,
ASN00041110,19781112,PRCP,6,,,a,
ASN00041110,19781113,PRCP,0,,,a,
ASN00041110,19781114,PRCP,0,,,a,
ASN00041110,19781115,PRCP,0,,,a,
ASN00041110,19781116,PRCP,0,,,a,
ASN00041110,19781117,PRCP,0,,,a,
ASN00041110,19781118,PRCP,0,,,a,
ASN00041110,19781119,PRCP,0,,,a,
ASN00041110,19781120,PRCP,88,,,a,
ASN00041110,19781121,PRCP,0,,,a,
ASN00041110,19781122,PRCP,0,,,a,
ASN00041110,19781123,PRCP,0,,,a,
ASN00041110,19781124,PRCP,0,,,a,
ASN00041110,19781125,PRCP,0,,,a,
ASN00041110,19781126,PRCP,0,,,a,
ASN00041110,19781127,PRCP,0,,,a,
ASN00041110,19781128,PRCP,0,,,a,
ASN00041110,19781129,PRCP,0,,,a,
ASN00041110,19781130,PRCP,0,,,a,
ASN00041110,19781201,PRCP,2,,,a,
ASN00041110,19781202,PRCP,10,,,a,
ASN00041110,19781203,PRCP,0,,,a,
ASN00041110,19781204,PRCP,125,,,a,
ASN00041110,19781205,PRCP,142,,,a,
ASN00041110,19781206,PRCP,0,,,a,
ASN00041110,19781207,PRCP,0,,,a,
ASN00041110,19781208,PRCP,0,,,a,
ASN00041110,19781209,PRCP,0,,,a,
ASN00041110,19781210,PRCP,90,,,a,
ASN00041110,19781211,PRCP,0,,,a,
ASN00041110,19781212,PRCP,0,,,a,
ASN00041110,19781213,PRCP,54,,,a,
ASN00041110,19781214,PRCP,86,,,a,
ASN00041110,19781215,PRCP,0,,,a,
ASN00041110,19781216,PRCP,0,,,a,
ASN00041110,19781217,PRCP,95,,,a,
ASN00041110,19781218,PRCP,0,,,a,
ASN00041110,19781219,PRCP,0,,,a,
ASN00041110,19781220,PRCP,0,,,a,
ASN00041110,19781221,PRCP,0,,,a,
ASN00041110,19781222,PRCP,0,,,a,
ASN00041110,19781223,PRCP,60,,,a,
ASN00041110,19781224,PRCP,72,,,a,
ASN00041110,19781225,PRCP,0,,,a,
ASN00041110,19781226,PRCP,0,,,a,
ASN00041110,19781227,PRCP,224,,,a,
ASN00041110,19781228,PRCP,24,,,a,
ASN00041110,19781229,PRCP,212,,,a,
ASN00041110,19781230,PRCP,94,,,a,
ASN00041110,19781231,PRCP,0,,,a,
ASN00041110,19790101,PRCP,0,,,a,
ASN00041110,19790102,PRCP,0,,,a,
ASN00041110,19790103,PRCP,0,,,a,
ASN00041110,19790104,PRCP,0,,,a,
ASN00041110,19790105,PRCP,0,,,a,
ASN00041110,19790106,PRCP,0,,,a,
ASN00041110,19790107,PRCP,0,,,a,
ASN00041110,19790108,PRCP,0,,,a,
ASN00041110,19790109,PRCP,0,,,a,
ASN00041110,19790110,PRCP,0,,,a,
ASN00041110,19790111,PRCP,0,,,a,
ASN00041110,19790112,PRCP,0,,,a,
ASN00041110,19790113,PRCP,0,,,a,
ASN00041110,19790114,PRCP,14,,,a,
ASN00041110,19790115,PRCP,0,,,a,
ASN00041110,19790116,PRCP,0,,,a,
ASN00041110,19790117,PRCP,200,,,a,
ASN00041110,19790118,PRCP,0,,,a,
ASN00041110,19790119,PRCP,64,,,a,
ASN00041110,19790120,PRCP,0,,,a,
ASN00041110,19790121,PRCP,0,,,a,
ASN00041110,19790122,PRCP,4,,,a,
ASN00041110,19790123,PRCP,0,,,a,
ASN00041110,19790124,PRCP,42,,,a,
ASN00041110,19790125,PRCP,0,,,a,
ASN00041110,19790126,PRCP,0,,,a,
ASN00041110,19790127,PRCP,0,,,a,
ASN00041110,19790128,PRCP,0,,,a,
ASN00041110,19790129,PRCP,0,,,a,
ASN00041110,19790130,PRCP,0,,,a,
ASN00041110,19790131,PRCP,0,,,a,
ASN00041110,19790201,PRCP,52,,,a,
ASN00041110,19790202,PRCP,0,,,a,
ASN00041110,19790203,PRCP,0,,,a,
ASN00041110,19790204,PRCP,0,,,a,
ASN00041110,19790205,PRCP,0,,,a,
ASN00041110,19790206,PRCP,64,,,a,
ASN00041110,19790207,PRCP,22,,,a,
ASN00041110,19790208,PRCP,0,,,a,
ASN00041110,19790209,PRCP,0,,,a,
ASN00041110,19790210,PRCP,244,,,a,
ASN00041110,19790211,PRCP,0,,,a,
ASN00041110,19790212,PRCP,0,,,a,
ASN00041110,19790213,PRCP,0,,,a,
ASN00041110,19790214,PRCP,0,,,a,
ASN00041110,19790215,PRCP,0,,,a,
ASN00041110,19790216,PRCP,0,,,a,
ASN00041110,19790217,PRCP,14,,,a,
ASN00041110,19790218,PRCP,0,,,a,
ASN00041110,19790219,PRCP,0,,,a,
ASN00041110,19790220,PRCP,0,,,a,
ASN00041110,19790221,PRCP,0,,,a,
ASN00041110,19790222,PRCP,0,,,a,
ASN00041110,19790223,PRCP,0,,,a,
ASN00041110,19790224,PRCP,0,,,a,
ASN00041110,19790225,PRCP,0,,,a,
ASN00041110,19790226,PRCP,0,,,a,
ASN00041110,19790227,PRCP,0,,,a,
ASN00041110,19790228,PRCP,0,,,a,
ASN00041110,19790301,PRCP,0,,,a,
ASN00041110,19790302,PRCP,0,,,a,
ASN00041110,19790303,PRCP,0,,,a,
ASN00041110,19790304,PRCP,350,,,a,
ASN00041110,19790305,PRCP,190,,,a,
ASN00041110,19790306,PRCP,0,,,a,
ASN00041110,19790307,PRCP,0,,,a,
ASN00041110,19790308,PRCP,0,,,a,
ASN00041110,19790309,PRCP,0,,,a,
ASN00041110,19790310,PRCP,0,,,a,
ASN00041110,19790311,PRCP,0,,,a,
ASN00041110,19790312,PRCP,0,,,a,
ASN00041110,19790313,PRCP,0,,,a,
ASN00041110,19790314,PRCP,0,,,a,
ASN00041110,19790315,PRCP,0,,,a,
ASN00041110,19790316,PRCP,76,,,a,
ASN00041110,19790317,PRCP,0,,,a,
ASN00041110,19790318,PRCP,0,,,a,
ASN00041110,19790319,PRCP,0,,,a,
ASN00041110,19790320,PRCP,6,,,a,
ASN00041110,19790321,PRCP,0,,,a,
ASN00041110,19790322,PRCP,2,,,a,
ASN00041110,19790323,PRCP,30,,,a,
ASN00041110,19790324,PRCP,0,,,a,
ASN00041110,19790325,PRCP,0,,,a,
ASN00041110,19790326,PRCP,0,,,a,
ASN00041110,19790327,PRCP,0,,,a,
ASN00041110,19790328,PRCP,0,,,a,
ASN00041110,19790329,PRCP,0,,,a,
ASN00041110,19790330,PRCP,0,,,a,
ASN00041110,19790331,PRCP,0,,,a,
ASN00041110,19790401,PRCP,0,,,a,
ASN00041110,19790402,PRCP,0,,,a,
ASN00041110,19790403,PRCP,0,,,a,
ASN00041110,19790404,PRCP,0,,,a,
ASN00041110,19790405,PRCP,0,,,a,
ASN00041110,19790406,PRCP,0,,,a,
ASN00041110,19790407,PRCP,0,,,a,
ASN00041110,19790408,PRCP,0,,,a,
ASN00041110,19790409,PRCP,102,,,a,
ASN00041110,19790410,PRCP,0,,,a,
ASN00041110,19790411,PRCP,0,,,a,
ASN00041110,19790412,PRCP,0,,,a,
ASN00041110,19790413,PRCP,0,,,a,
ASN00041110,19790414,PRCP,0,,,a,
ASN00041110,19790415,PRCP,0,,,a,
ASN00041110,19790416,PRCP,0,,,a,
ASN00041110,19790417,PRCP,216,,,a,
ASN00041110,19790418,PRCP,122,,,a,
ASN00041110,19790419,PRCP,0,,,a,
ASN00041110,19790420,PRCP,0,,,a,
ASN00041110,19790421,PRCP,0,,,a,
ASN00041110,19790422,PRCP,0,,,a,
ASN00041110,19790423,PRCP,0,,,a,
ASN00041110,19790424,PRCP,0,,,a,
ASN00041110,19790425,PRCP,0,,,a,
ASN00041110,19790426,PRCP,0,,,a,
ASN00041110,19790427,PRCP,0,,,a,
ASN00041110,19790428,PRCP,5,,,a,
ASN00041110,19790429,PRCP,0,,,a,
ASN00041110,19790430,PRCP,0,,,a,
ASN00041110,19790501,PRCP,0,,,a,
ASN00041110,19790502,PRCP,0,,,a,
ASN00041110,19790503,PRCP,0,,,a,
ASN00041110,19790504,PRCP,0,,,a,
ASN00041110,19790505,PRCP,20,,,a,
ASN00041110,19790506,PRCP,180,,,a,
ASN00041110,19790507,PRCP,92,,,a,
ASN00041110,19790508,PRCP,0,,,a,
ASN00041110,19790509,PRCP,0,,,a,
ASN00041110,19790510,PRCP,0,,,a,
ASN00041110,19790511,PRCP,0,,,a,
ASN00041110,19790512,PRCP,0,,,a,
ASN00041110,19790513,PRCP,0,,,a,
ASN00041110,19790514,PRCP,0,,,a,
ASN00041110,19790515,PRCP,26,,,a,
ASN00041110,19790516,PRCP,0,,,a,
ASN00041110,19790517,PRCP,0,,,a,
ASN00041110,19790518,PRCP,0,,,a,
ASN00041110,19790519,PRCP,0,,,a,
ASN00041110,19790520,PRCP,0,,,a,
ASN00041110,19790521,PRCP,0,,,a,
ASN00041110,19790522,PRCP,0,,,a,
ASN00041110,19790523,PRCP,0,,,a,
ASN00041110,19790524,PRCP,0,,,a,
ASN00041110,19790525,PRCP,0,,,a,
ASN00041110,19790526,PRCP,0,,,a,
ASN00041110,19790527,PRCP,0,,,a,
ASN00041110,19790528,PRCP,20,,,a,
ASN00041110,19790529,PRCP,0,,,a,
ASN00041110,19790530,PRCP,0,,,a,
ASN00041110,19790531,PRCP,0,,,a,
ASN00041110,19790601,PRCP,0,,,a,
ASN00041110,19790602,PRCP,0,,,a,
ASN00041110,19790603,PRCP,0,,,a,
ASN00041110,19790604,PRCP,0,,,a,
ASN00041110,19790605,PRCP,0,,,a,
ASN00041110,19790606,PRCP,0,,,a,
ASN00041110,19790607,PRCP,0,,,a,
ASN00041110,19790608,PRCP,0,,,a,
ASN00041110,19790609,PRCP,0,,,a,
ASN00041110,19790610,PRCP,0,,,a,
ASN00041110,19790611,PRCP,0,,,a,
ASN00041110,19790612,PRCP,0,,,a,
ASN00041110,19790613,PRCP,0,,,a,
ASN00041110,19790614,PRCP,0,,,a,
ASN00041110,19790615,PRCP,0,,,a,
ASN00041110,19790616,PRCP,0,,,a,
ASN00041110,19790617,PRCP,0,,,a,
ASN00041110,19790618,PRCP,0,,,a,
ASN00041110,19790619,PRCP,10,,,a,
ASN00041110,19790620,PRCP,4,,,a,
ASN00041110,19790621,PRCP,590,,,a,
ASN00041110,19790622,PRCP,4,,,a,
ASN00041110,19790623,PRCP,0,,,a,
ASN00041110,19790624,PRCP,0,,,a,
ASN00041110,19790625,PRCP,0,,,a,
ASN00041110,19790626,PRCP,0,,,a,
ASN00041110,19790627,PRCP,0,,,a,
ASN00041110,19790628,PRCP,0,,,a,
ASN00041110,19790629,PRCP,0,,,a,
ASN00041110,19790630,PRCP,0,,,a,
ASN00041110,19790701,PRCP,0,,,a,
ASN00041110,19790702,PRCP,0,,,a,
ASN00041110,19790703,PRCP,0,,,a,
ASN00041110,19790704,PRCP,0,,,a,
ASN00041110,19790705,PRCP,0,,,a,
ASN00041110,19790706,PRCP,0,,,a,
ASN00041110,19790707,PRCP,0,,,a,
ASN00041110,19790708,PRCP,0,,,a,
ASN00041110,19790709,PRCP,0,,,a,
ASN00041110,19790710,PRCP,0,,,a,
ASN00041110,19790711,PRCP,0,,,a,
ASN00041110,19790712,PRCP,0,,,a,
ASN00041110,19790713,PRCP,0,,,a,
ASN00041110,19790714,PRCP,0,,,a,
ASN00041110,19790715,PRCP,0,,,a,
ASN00041110,19790716,PRCP,0,,,a,
ASN00041110,19790717,PRCP,0,,,a,
ASN00041110,19790718,PRCP,0,,,a,
ASN00041110,19790719,PRCP,0,,,a,
ASN00041110,19790720,PRCP,0,,,a,
ASN00041110,19790721,PRCP,0,,,a,
ASN00041110,19790722,PRCP,10,,,a,
ASN00041110,19790723,PRCP,0,,,a,
ASN00041110,19790724,PRCP,0,,,a,
ASN00041110,19790725,PRCP,0,,,a,
ASN00041110,19790726,PRCP,90,,,a,
ASN00041110,19790727,PRCP,0,,,a,
ASN00041110,19790728,PRCP,0,,,a,
ASN00041110,19790729,PRCP,0,,,a,
ASN00041110,19790730,PRCP,36,,,a,
ASN00041110,19790731,PRCP,4,,,a,
ASN00041110,19790801,PRCP,0,,,a,
ASN00041110,19790802,PRCP,0,,,a,
ASN00041110,19790803,PRCP,0,,,a,
ASN00041110,19790804,PRCP,0,,,a,
ASN00041110,19790805,PRCP,0,,,a,
ASN00041110,19790806,PRCP,0,,,a,
ASN00041110,19790807,PRCP,0,,,a,
ASN00041110,19790808,PRCP,0,,,a,
ASN00041110,19790809,PRCP,0,,,a,
ASN00041110,19790810,PRCP,0,,,a,
ASN00041110,19790811,PRCP,0,,,a,
ASN00041110,19790812,PRCP,0,,,a,
ASN00041110,19790813,PRCP,6,,,a,
ASN00041110,19790814,PRCP,0,,,a,
ASN00041110,19790815,PRCP,0,,,a,
ASN00041110,19790816,PRCP,0,,,a,
ASN00041110,19790817,PRCP,0,,,a,
ASN00041110,19790818,PRCP,0,,,a,
ASN00041110,19790819,PRCP,7,,,a,
ASN00041110,19790820,PRCP,0,,,a,
ASN00041110,19790821,PRCP,0,,,a,
ASN00041110,19790822,PRCP,0,,,a,
ASN00041110,19790823,PRCP,0,,,a,
ASN00041110,19790824,PRCP,0,,,a,
ASN00041110,19790825,PRCP,0,,,a,
ASN00041110,19790826,PRCP,0,,,a,
ASN00041110,19790827,PRCP,0,,,a,
ASN00041110,19790828,PRCP,110,,,a,
ASN00041110,19790829,PRCP,0,,,a,
ASN00041110,19790830,PRCP,0,,,a,
ASN00041110,19790831,PRCP,0,,,a,
ASN00041110,19790901,PRCP,0,,,a,
ASN00041110,19790902,PRCP,0,,,a,
ASN00041110,19790903,PRCP,0,,,a,
ASN00041110,19790904,PRCP,0,,,a,
ASN00041110,19790905,PRCP,0,,,a,
ASN00041110,19790906,PRCP,42,,,a,
ASN00041110,19790907,PRCP,0,,,a,
ASN00041110,19790908,PRCP,0,,,a,
ASN00041110,19790909,PRCP,0,,,a,
ASN00041110,19790910,PRCP,0,,,a,
ASN00041110,19790911,PRCP,0,,,a,
ASN00041110,19790912,PRCP,100,,,a,
ASN00041110,19790913,PRCP,0,,,a,
ASN00041110,19790914,PRCP,0,,,a,
ASN00041110,19790915,PRCP,0,,,a,
ASN00041110,19790916,PRCP,0,,,a,
ASN00041110,19790917,PRCP,0,,,a,
ASN00041110,19790918,PRCP,0,,,a,
ASN00041110,19790919,PRCP,0,,,a,
ASN00041110,19790920,PRCP,130,,,a,
ASN00041110,19790921,PRCP,0,,,a,
ASN00041110,19790922,PRCP,0,,,a,
ASN00041110,19790923,PRCP,0,,,a,
ASN00041110,19790924,PRCP,0,,,a,
ASN00041110,19790925,PRCP,0,,,a,
ASN00041110,19790926,PRCP,0,,,a,
ASN00041110,19790927,PRCP,0,,,a,
ASN00041110,19790928,PRCP,0,,,a,
ASN00041110,19790929,PRCP,0,,,a,
ASN00041110,19790930,PRCP,20,,,a,
ASN00041110,19791001,PRCP,16,,,a,
ASN00041110,19791002,PRCP,0,,,a,
ASN00041110,19791003,PRCP,0,,,a,
ASN00041110,19791004,PRCP,134,,,a,
ASN00041110,19791005,PRCP,0,,,a,
ASN00041110,19791006,PRCP,0,,,a,
ASN00041110,19791007,PRCP,0,,,a,
ASN00041110,19791008,PRCP,0,,,a,
ASN00041110,19791009,PRCP,0,,,a,
ASN00041110,19791010,PRCP,0,,,a,
ASN00041110,19791011,PRCP,0,,,a,
ASN00041110,19791012,PRCP,0,,,a,
ASN00041110,19791013,PRCP,2,,,a,
ASN00041110,19791014,PRCP,0,,,a,
ASN00041110,19791015,PRCP,0,,,a,
ASN00041110,19791016,PRCP,0,,,a,
ASN00041110,19791017,PRCP,0,,,a,
ASN00041110,19791018,PRCP,0,,,a,
ASN00041110,19791019,PRCP,0,,,a,
ASN00041110,19791020,PRCP,110,,,a,
ASN00041110,19791021,PRCP,254,,,a,
ASN00041110,19791022,PRCP,0,,,a,
ASN00041110,19791023,PRCP,0,,,a,
ASN00041110,19791024,PRCP,0,,,a,
ASN00041110,19791025,PRCP,0,,,a,
ASN00041110,19791026,PRCP,10,,,a,
ASN00041110,19791027,PRCP,0,,,a,
ASN00041110,19791028,PRCP,63,,,a,
ASN00041110,19791029,PRCP,0,,,a,
ASN00041110,19791030,PRCP,0,,,a,
ASN00041110,19791031,PRCP,0,,,a,
ASN00041110,19791101,PRCP,0,,,a,
ASN00041110,19791102,PRCP,0,,,a,
ASN00041110,19791103,PRCP,184,,,a,
ASN00041110,19791104,PRCP,0,,,a,
ASN00041110,19791105,PRCP,0,,,a,
ASN00041110,19791106,PRCP,0,,,a,
ASN00041110,19791107,PRCP,0,,,a,
ASN00041110,19791108,PRCP,180,,,a,
ASN00041110,19791109,PRCP,180,,,a,
ASN00041110,19791110,PRCP,0,,,a,
ASN00041110,19791111,PRCP,0,,,a,
ASN00041110,19791112,PRCP,306,,,a,
ASN00041110,19791113,PRCP,72,,,a,
ASN00041110,19791114,PRCP,0,,,a,
ASN00041110,19791115,PRCP,0,,,a,
ASN00041110,19791116,PRCP,6,,,a,
ASN00041110,19791117,PRCP,127,,,a,
ASN00041110,19791118,PRCP,63,,,a,
ASN00041110,19791119,PRCP,0,,,a,
ASN00041110,19791120,PRCP,50,,,a,
ASN00041110,19791121,PRCP,104,,,a,
ASN00041110,19791122,PRCP,0,,,a,
ASN00041110,19791123,PRCP,0,,,a,
ASN00041110,19791124,PRCP,0,,,a,
ASN00041110,19791125,PRCP,8,,,a,
ASN00041110,19791126,PRCP,0,,,a,
ASN00041110,19791127,PRCP,0,,,a,
ASN00041110,19791128,PRCP,0,,,a,
ASN00041110,19791129,PRCP,38,,,a,
ASN00041110,19791130,PRCP,0,,,a,
ASN00041110,19791201,PRCP,0,,,a,
ASN00041110,19791202,PRCP,0,,,a,
ASN00041110,19791203,PRCP,0,,,a,
ASN00041110,19791204,PRCP,0,,,a,
ASN00041110,19791205,PRCP,0,,,a,
ASN00041110,19791206,PRCP,0,,,a,
ASN00041110,19791207,PRCP,0,,,a,
ASN00041110,19791208,PRCP,0,,,a,
ASN00041110,19791209,PRCP,0,,,a,
ASN00041110,19791210,PRCP,0,,,a,
ASN00041110,19791211,PRCP,0,,,a,
ASN00041110,19791212,PRCP,0,,,a,
ASN00041110,19791213,PRCP,0,,,a,
ASN00041110,19791214,PRCP,36,,,a,
ASN00041110,19791215,PRCP,590,,,a,
ASN00041110,19791216,PRCP,20,,,a,
ASN00041110,19791217,PRCP,44,,,a,
ASN00041110,19791218,PRCP,0,,,a,
ASN00041110,19791219,PRCP,0,,,a,
ASN00041110,19791220,PRCP,56,,,a,
ASN00041110,19791221,PRCP,48,,,a,
ASN00041110,19791222,PRCP,32,,,a,
ASN00041110,19791223,PRCP,0,,,a,
ASN00041110,19791224,PRCP,0,,,a,
ASN00041110,19791225,PRCP,0,,,a,
ASN00041110,19791226,PRCP,0,,,a,
ASN00041110,19791227,PRCP,0,,,a,
ASN00041110,19791228,PRCP,0,,,a,
ASN00041110,19791229,PRCP,0,,,a,
ASN00041110,19791230,PRCP,0,,,a,
ASN00041110,19791231,PRCP,0,,,a,
ASN00041110,19800101,PRCP,0,,,a,
ASN00041110,19800102,PRCP,0,,,a,
ASN00041110,19800103,PRCP,0,,,a,
ASN00041110,19800104,PRCP,0,,,a,
ASN00041110,19800105,PRCP,0,,,a,
ASN00041110,19800106,PRCP,10,,,a,
ASN00041110,19800107,PRCP,0,,,a,
ASN00041110,19800108,PRCP,0,,,a,
ASN00041110,19800109,PRCP,24,,,a,
ASN00041110,19800110,PRCP,108,,,a,
ASN00041110,19800111,PRCP,0,,,a,
ASN00041110,19800112,PRCP,0,,,a,
ASN00041110,19800113,PRCP,14,,,a,
ASN00041110,19800114,PRCP,0,,,a,
ASN00041110,19800115,PRCP,0,,,a,
ASN00041110,19800116,PRCP,0,,,a,
ASN00041110,19800117,PRCP,0,,,a,
ASN00041110,19800118,PRCP,0,,,a,
ASN00041110,19800119,PRCP,0,,,a,
ASN00041110,19800120,PRCP,0,,,a,
ASN00041110,19800121,PRCP,0,,,a,
ASN00041110,19800122,PRCP,0,,,a,
ASN00041110,19800123,PRCP,0,,,a,
ASN00041110,19800124,PRCP,0,,,a,
ASN00041110,19800125,PRCP,0,,,a,
ASN00041110,19800126,PRCP,0,,,a,
ASN00041110,19800127,PRCP,8,,,a,
ASN00041110,19800128,PRCP,310,,,a,
ASN00041110,19800129,PRCP,0,,,a,
ASN00041110,19800130,PRCP,0,,,a,
ASN00041110,19800131,PRCP,0,,,a,
ASN00041110,19800201,PRCP,0,,,a,
ASN00041110,19800202,PRCP,0,,,a,
ASN00041110,19800203,PRCP,0,,,a,
ASN00041110,19800204,PRCP,0,,,a,
ASN00041110,19800205,PRCP,21,,,a,
ASN00041110,19800206,PRCP,294,,,a,
ASN00041110,19800207,PRCP,0,,,a,
ASN00041110,19800208,PRCP,0,,,a,
ASN00041110,19800209,PRCP,0,,,a,
ASN00041110,19800210,PRCP,77,,,a,
ASN00041110,19800211,PRCP,0,,,a,
ASN00041110,19800212,PRCP,0,,,a,
ASN00041110,19800213,PRCP,0,,,a,
ASN00041110,19800214,PRCP,0,,,a,
ASN00041110,19800215,PRCP,0,,,a,
ASN00041110,19800216,PRCP,0,,,a,
ASN00041110,19800217,PRCP,0,,,a,
ASN00041110,19800218,PRCP,0,,,a,
ASN00041110,19800219,PRCP,0,,,a,
ASN00041110,19800220,PRCP,0,,,a,
ASN00041110,19800221,PRCP,0,,,a,
ASN00041110,19800222,PRCP,0,,,a,
ASN00041110,19800223,PRCP,0,,,a,
ASN00041110,19800224,PRCP,0,,,a,
ASN00041110,19800225,PRCP,0,,,a,
ASN00041110,19800226,PRCP,0,,,a,
ASN00041110,19800227,PRCP,0,,,a,
ASN00041110,19800228,PRCP,0,,,a,
ASN00041110,19800229,PRCP,0,,,a,
ASN00041110,19800301,PRCP,132,,,a,
ASN00041110,19800302,PRCP,0,,,a,
ASN00041110,19800303,PRCP,0,,,a,
ASN00041110,19800304,PRCP,0,,,a,
ASN00041110,19800305,PRCP,0,,,a,
ASN00041110,19800306,PRCP,0,,,a,
ASN00041110,19800307,PRCP,0,,,a,
ASN00041110,19800308,PRCP,0,,,a,
ASN00041110,19800309,PRCP,0,,,a,
ASN00041110,19800310,PRCP,20,,,a,
ASN00041110,19800311,PRCP,30,,,a,
ASN00041110,19800312,PRCP,0,,,a,
ASN00041110,19800313,PRCP,0,,,a,
ASN00041110,19800314,PRCP,0,,,a,
ASN00041110,19800315,PRCP,0,,,a,
ASN00041110,19800316,PRCP,0,,,a,
ASN00041110,19800317,PRCP,0,,,a,
ASN00041110,19800318,PRCP,0,,,a,
ASN00041110,19800319,PRCP,0,,,a,
ASN00041110,19800320,PRCP,0,,,a,
ASN00041110,19800321,PRCP,0,,,a,
ASN00041110,19800322,PRCP,0,,,a,
ASN00041110,19800323,PRCP,0,,,a,
ASN00041110,19800324,PRCP,0,,,a,
ASN00041110,19800325,PRCP,0,,,a,
ASN00041110,19800326,PRCP,0,,,a,
ASN00041110,19800327,PRCP,0,,,a,
ASN00041110,19800328,PRCP,0,,,a,
ASN00041110,19800329,PRCP,0,,,a,
ASN00041110,19800330,PRCP,0,,,a,
ASN00041110,19800331,PRCP,0,,,a,
ASN00041110,19800401,PRCP,0,,,a,
ASN00041110,19800402,PRCP,0,,,a,
ASN00041110,19800403,PRCP,0,,,a,
ASN00041110,19800404,PRCP,0,,,a,
ASN00041110,19800405,PRCP,0,,,a,
ASN00041110,19800406,PRCP,0,,,a,
ASN00041110,19800407,PRCP,0,,,a,
ASN00041110,19800408,PRCP,0,,,a,
ASN00041110,19800409,PRCP,0,,,a,
ASN00041110,19800410,PRCP,0,,,a,
ASN00041110,19800411,PRCP,0,,,a,
ASN00041110,19800412,PRCP,0,,,a,
ASN00041110,19800413,PRCP,0,,,a,
ASN00041110,19800414,PRCP,0,,,a,
ASN00041110,19800415,PRCP,0,,,a,
ASN00041110,19800416,PRCP,0,,,a,
ASN00041110,19800417,PRCP,0,,,a,
ASN00041110,19800418,PRCP,0,,,a,
ASN00041110,19800419,PRCP,0,,,a,
ASN00041110,19800420,PRCP,0,,,a,
ASN00041110,19800421,PRCP,0,,,a,
ASN00041110,19800422,PRCP,0,,,a,
ASN00041110,19800423,PRCP,0,,,a,
ASN00041110,19800424,PRCP,0,,,a,
ASN00041110,19800425,PRCP,0,,,a,
ASN00041110,19800426,PRCP,0,,,a,
ASN00041110,19800427,PRCP,0,,,a,
ASN00041110,19800428,PRCP,0,,,a,
ASN00041110,19800429,PRCP,0,,,a,
ASN00041110,19800430,PRCP,0,,,a,
ASN00041110,19800501,PRCP,0,,,a,
ASN00041110,19800502,PRCP,0,,,a,
ASN00041110,19800503,PRCP,0,,,a,
ASN00041110,19800504,PRCP,0,,,a,
ASN00041110,19800505,PRCP,0,,,a,
ASN00041110,19800506,PRCP,0,,,a,
ASN00041110,19800507,PRCP,0,,,a,
ASN00041110,19800508,PRCP,8,,,a,
ASN00041110,19800509,PRCP,126,,,a,
ASN00041110,19800510,PRCP,0,,,a,
ASN00041110,19800511,PRCP,0,,,a,
ASN00041110,19800512,PRCP,0,,,a,
ASN00041110,19800513,PRCP,0,,,a,
ASN00041110,19800514,PRCP,0,,,a,
ASN00041110,19800515,PRCP,0,,,a,
ASN00041110,19800516,PRCP,0,,,a,
ASN00041110,19800517,PRCP,0,,,a,
ASN00041110,19800518,PRCP,0,,,a,
ASN00041110,19800519,PRCP,0,,,a,
ASN00041110,19800520,PRCP,0,,,a,
ASN00041110,19800521,PRCP,0,,,a,
ASN00041110,19800522,PRCP,0,,,a,
ASN00041110,19800523,PRCP,62,,,a,
ASN00041110,19800524,PRCP,0,,,a,
ASN00041110,19800525,PRCP,0,,,a,
ASN00041110,19800526,PRCP,0,,,a,
ASN00041110,19800527,PRCP,0,,,a,
ASN00041110,19800528,PRCP,100,,,a,
ASN00041110,19800529,PRCP,252,,,a,
ASN00041110,19800530,PRCP,0,,,a,
ASN00041110,19800531,PRCP,0,,,a,
ASN00041110,19800601,PRCP,0,,,a,
ASN00041110,19800602,PRCP,0,,,a,
ASN00041110,19800603,PRCP,0,,,a,
ASN00041110,19800604,PRCP,0,,,a,
ASN00041110,19800605,PRCP,0,,,a,
ASN00041110,19800606,PRCP,0,,,a,
ASN00041110,19800607,PRCP,0,,,a,
ASN00041110,19800608,PRCP,0,,,a,
ASN00041110,19800609,PRCP,0,,,a,
ASN00041110,19800610,PRCP,0,,,a,
ASN00041110,19800611,PRCP,0,,,a,
ASN00041110,19800612,PRCP,0,,,a,
ASN00041110,19800613,PRCP,0,,,a,
ASN00041110,19800614,PRCP,0,,,a,
ASN00041110,19800615,PRCP,0,,,a,
ASN00041110,19800616,PRCP,0,,,a,
ASN00041110,19800617,PRCP,18,,,a,
ASN00041110,19800618,PRCP,0,,,a,
ASN00041110,19800619,PRCP,0,,,a,
ASN00041110,19800620,PRCP,0,,,a,
ASN00041110,19800621,PRCP,6,,,a,
ASN00041110,19800622,PRCP,0,,,a,
ASN00041110,19800623,PRCP,0,,,a,
ASN00041110,19800624,PRCP,0,,,a,
ASN00041110,19800625,PRCP,0,,,a,
ASN00041110,19800626,PRCP,0,,,a,
ASN00041110,19800627,PRCP,0,,,a,
ASN00041110,19800628,PRCP,40,,,a,
ASN00041110,19800629,PRCP,0,,,a,
ASN00041110,19800630,PRCP,0,,,a,
ASN00041110,19800701,PRCP,0,,,a,
ASN00041110,19800702,PRCP,44,,,a,
ASN00041110,19800703,PRCP,0,,,a,
ASN00041110,19800704,PRCP,0,,,a,
ASN00041110,19800705,PRCP,0,,,a,
ASN00041110,19800706,PRCP,0,,,a,
ASN00041110,19800707,PRCP,0,,,a,
ASN00041110,19800708,PRCP,0,,,a,
ASN00041110,19800709,PRCP,0,,,a,
ASN00041110,19800710,PRCP,0,,,a,
ASN00041110,19800711,PRCP,0,,,a,
ASN00041110,19800712,PRCP,0,,,a,
ASN00041110,19800713,PRCP,0,,,a,
ASN00041110,19800714,PRCP,0,,,a,
ASN00041110,19800715,PRCP,0,,,a,
ASN00041110,19800716,PRCP,92,,,a,
ASN00041110,19800717,PRCP,0,,,a,
ASN00041110,19800718,PRCP,0,,,a,
ASN00041110,19800719,PRCP,0,,,a,
ASN00041110,19800720,PRCP,0,,,a,
ASN00041110,19800721,PRCP,0,,,a,
ASN00041110,19800722,PRCP,0,,,a,
ASN00041110,19800723,PRCP,0,,,a,
ASN00041110,19800724,PRCP,0,,,a,
ASN00041110,19800725,PRCP,0,,,a,
ASN00041110,19800726,PRCP,6,,,a,
ASN00041110,19800727,PRCP,8,,,a,
ASN00041110,19800728,PRCP,0,,,a,
ASN00041110,19800729,PRCP,0,,,a,
ASN00041110,19800730,PRCP,42,,,a,
ASN00041110,19800731,PRCP,170,,,a,
ASN00041110,19800801,PRCP,0,,,a,
ASN00041110,19800802,PRCP,0,,,a,
ASN00041110,19800803,PRCP,0,,,a,
ASN00041110,19800804,PRCP,0,,,a,
ASN00041110,19800805,PRCP,0,,,a,
ASN00041110,19800806,PRCP,0,,,a,
ASN00041110,19800807,PRCP,0,,,a,
ASN00041110,19800808,PRCP,0,,,a,
ASN00041110,19800809,PRCP,0,,,a,
ASN00041110,19800810,PRCP,0,,,a,
ASN00041110,19800811,PRCP,0,,,a,
ASN00041110,19800812,PRCP,0,,,a,
ASN00041110,19800813,PRCP,0,,,a,
ASN00041110,19800814,PRCP,0,,,a,
ASN00041110,19800815,PRCP,0,,,a,
ASN00041110,19800816,PRCP,0,,,a,
ASN00041110,19800817,PRCP,0,,,a,
ASN00041110,19800818,PRCP,0,,,a,
ASN00041110,19800819,PRCP,0,,,a,
ASN00041110,19800820,PRCP,0,,,a,
ASN00041110,19800821,PRCP,10,,,a,
ASN00041110,19800822,PRCP,0,,,a,
ASN00041110,19800823,PRCP,0,,,a,
ASN00041110,19800824,PRCP,0,,,a,
ASN00041110,19800825,PRCP,0,,,a,
ASN00041110,19800826,PRCP,220,,,a,
ASN00041110,19800827,PRCP,0,,,a,
ASN00041110,19800828,PRCP,0,,,a,
ASN00041110,19800829,PRCP,0,,,a,
ASN00041110,19800830,PRCP,0,,,a,
ASN00041110,19800831,PRCP,0,,,a,
ASN00041110,19800901,PRCP,0,,,a,
ASN00041110,19800902,PRCP,0,,,a,
ASN00041110,19800903,PRCP,0,,,a,
ASN00041110,19800904,PRCP,0,,,a,
ASN00041110,19800905,PRCP,0,,,a,
ASN00041110,19800906,PRCP,0,,,a,
ASN00041110,19800907,PRCP,0,,,a,
ASN00041110,19800908,PRCP,0,,,a,
ASN00041110,19800909,PRCP,0,,,a,
ASN00041110,19800910,PRCP,0,,,a,
ASN00041110,19800911,PRCP,0,,,a,
ASN00041110,19800912,PRCP,0,,,a,
ASN00041110,19800913,PRCP,0,,,a,
ASN00041110,19800914,PRCP,0,,,a,
ASN00041110,19800915,PRCP,0,,,a,
ASN00041110,19800916,PRCP,0,,,a,
ASN00041110,19800917,PRCP,0,,,a,
ASN00041110,19800918,PRCP,1,,,a,
ASN00041110,19800919,PRCP,0,,,a,
ASN00041110,19800920,PRCP,0,,,a,
ASN00041110,19800921,PRCP,0,,,a,
ASN00041110,19800922,PRCP,0,,,a,
ASN00041110,19800923,PRCP,0,,,a,
ASN00041110,19800924,PRCP,0,,,a,
ASN00041110,19800925,PRCP,0,,,a,
ASN00041110,19800926,PRCP,0,,,a,
ASN00041110,19800927,PRCP,0,,,a,
ASN00041110,19800928,PRCP,0,,,a,
ASN00041110,19800929,PRCP,0,,,a,
ASN00041110,19800930,PRCP,0,,,a,
ASN00041110,19801001,PRCP,0,,,a,
ASN00041110,19801002,PRCP,0,,,a,
ASN00041110,19801003,PRCP,0,,,a,
ASN00041110,19801004,PRCP,0,,,a,
ASN00041110,19801005,PRCP,58,,,a,
ASN00041110,19801006,PRCP,0,,,a,
ASN00041110,19801007,PRCP,0,,,a,
ASN00041110,19801008,PRCP,0,,,a,
ASN00041110,19801009,PRCP,0,,,a,
ASN00041110,19801010,PRCP,0,,,a,
ASN00041110,19801011,PRCP,0,,,a,
ASN00041110,19801012,PRCP,31,,,a,
ASN00041110,19801013,PRCP,63,,,a,
ASN00041110,19801014,PRCP,22,,,a,
ASN00041110,19801015,PRCP,32,,,a,
ASN00041110,19801016,PRCP,0,,,a,
ASN00041110,19801017,PRCP,0,,,a,
ASN00041110,19801018,PRCP,100,,,a,
ASN00041110,19801019,PRCP,4,,,a,
ASN00041110,19801020,PRCP,20,,,a,
ASN00041110,19801021,PRCP,20,,,a,
ASN00041110,19801022,PRCP,0,,,a,
ASN00041110,19801023,PRCP,0,,,a,
ASN00041110,19801024,PRCP,0,,,a,
ASN00041110,19801025,PRCP,530,,,a,
ASN00041110,19801026,PRCP,195,,,a,
ASN00041110,19801027,PRCP,0,,,a,
ASN00041110,19801028,PRCP,0,,,a,
ASN00041110,19801029,PRCP,0,,,a,
ASN00041110,19801030,PRCP,0,,,a,
ASN00041110,19801031,PRCP,0,,,a,
ASN00041110,19801101,PRCP,0,,,a,
ASN00041110,19801102,PRCP,0,,,a,
ASN00041110,19801103,PRCP,0,,,a,
ASN00041110,19801104,PRCP,0,,,a,
ASN00041110,19801105,PRCP,0,,,a,
ASN00041110,19801106,PRCP,10,,,a,
ASN00041110,19801107,PRCP,0,,,a,
ASN00041110,19801108,PRCP,0,,,a,
ASN00041110,19801109,PRCP,0,,,a,
ASN00041110,19801110,PRCP,0,,,a,
ASN00041110,19801111,PRCP,0,,,a,
ASN00041110,19801112,PRCP,0,,,a,
ASN00041110,19801113,PRCP,0,,,a,
ASN00041110,19801114,PRCP,0,,,a,
ASN00041110,19801115,PRCP,0,,,a,
ASN00041110,19801116,PRCP,12,,,a,
ASN00041110,19801117,PRCP,0,,,a,
ASN00041110,19801118,PRCP,0,,,a,
ASN00041110,19801119,PRCP,0,,,a,
ASN00041110,19801120,PRCP,0,,,a,
ASN00041110,19801121,PRCP,0,,,a,
ASN00041110,19801122,PRCP,90,,,a,
ASN00041110,19801123,PRCP,0,,,a,
ASN00041110,19801124,PRCP,0,,,a,
ASN00041110,19801125,PRCP,16,,,a,
ASN00041110,19801126,PRCP,66,,,a,
ASN00041110,19801127,PRCP,0,,,a,
ASN00041110,19801128,PRCP,0,,,a,
ASN00041110,19801129,PRCP,0,,,a,
ASN00041110,19801130,PRCP,0,,,a,
ASN00041110,19801201,PRCP,0,,,a,
ASN00041110,19801202,PRCP,0,,,a,
ASN00041110,19801203,PRCP,0,,,a,
ASN00041110,19801204,PRCP,80,,,a,
ASN00041110,19801205,PRCP,0,,,a,
ASN00041110,19801206,PRCP,194,,,a,
ASN00041110,19801207,PRCP,22,,,a,
ASN00041110,19801208,PRCP,0,,,a,
ASN00041110,19801209,PRCP,0,,,a,
ASN00041110,19801210,PRCP,0,,,a,
ASN00041110,19801211,PRCP,0,,,a,
ASN00041110,19801212,PRCP,0,,,a,
ASN00041110,19801213,PRCP,0,,,a,
ASN00041110,19801214,PRCP,0,,,a,
ASN00041110,19801215,PRCP,74,,,a,
ASN00041110,19801216,PRCP,64,,,a,
ASN00041110,19801217,PRCP,92,,,a,
ASN00041110,19801218,PRCP,0,,,a,
ASN00041110,19801219,PRCP,0,,,a,
ASN00041110,19801220,PRCP,0,,,a,
ASN00041110,19801221,PRCP,0,,,a,
ASN00041110,19801222,PRCP,0,,,a,
ASN00041110,19801223,PRCP,0,,,a,
ASN00041110,19801224,PRCP,0,,,a,
ASN00041110,19801225,PRCP,0,,,a,
ASN00041110,19801226,PRCP,16,,,a,
ASN00041110,19801227,PRCP,862,,,a,
ASN00041110,19801228,PRCP,200,,,a,
ASN00041110,19801229,PRCP,0,,,a,
ASN00041110,19801230,PRCP,316,,,a,
ASN00041110,19801231,PRCP,132,,,a,
ASN00041110,19810101,PRCP,200,,,a,
ASN00041110,19810102,PRCP,5,,,a,
ASN00041110,19810103,PRCP,0,,,a,
ASN00041110,19810104,PRCP,0,,,a,
ASN00041110,19810105,PRCP,0,,,a,
ASN00041110,19810106,PRCP,0,,,a,
ASN00041110,19810107,PRCP,0,,,a,
ASN00041110,19810108,PRCP,0,,,a,
ASN00041110,19810109,PRCP,0,,,a,
ASN00041110,19810110,PRCP,0,,,a,
ASN00041110,19810111,PRCP,0,,,a,
ASN00041110,19810112,PRCP,0,,,a,
ASN00041110,19810113,PRCP,0,,,a,
ASN00041110,19810114,PRCP,0,,,a,
ASN00041110,19810115,PRCP,0,,,a,
ASN00041110,19810116,PRCP,0,,,a,
ASN00041110,19810117,PRCP,0,,,a,
ASN00041110,19810118,PRCP,0,,,a,
ASN00041110,19810119,PRCP,0,,,a,
ASN00041110,19810120,PRCP,0,,,a,
ASN00041110,19810121,PRCP,0,,,a,
ASN00041110,19810122,PRCP,0,,,a,
ASN00041110,19810123,PRCP,0,,,a,
ASN00041110,19810124,PRCP,0,,,a,
ASN00041110,19810125,PRCP,0,,,a,
ASN00041110,19810126,PRCP,0,,,a,
ASN00041110,19810127,PRCP,0,,,a,
ASN00041110,19810128,PRCP,0,,,a,
ASN00041110,19810129,PRCP,0,,,a,
ASN00041110,19810130,PRCP,0,,,a,
ASN00041110,19810131,PRCP,4,,,a,
ASN00041110,19810201,PRCP,0,,,a,
ASN00041110,19810202,PRCP,0,,,a,
ASN00041110,19810203,PRCP,0,,,a,
ASN00041110,19810204,PRCP,0,,,a,
ASN00041110,19810205,PRCP,0,,,a,
ASN00041110,19810206,PRCP,270,,,a,
ASN00041110,19810207,PRCP,196,,,a,
ASN00041110,19810208,PRCP,10,,,a,
ASN00041110,19810209,PRCP,0,,,a,
ASN00041110,19810210,PRCP,122,,,a,
ASN00041110,19810211,PRCP,0,,,a,
ASN00041110,19810212,PRCP,0,,,a,
ASN00041110,19810213,PRCP,0,,,a,
ASN00041110,19810214,PRCP,0,,,a,
ASN00041110,19810215,PRCP,20,,,a,
ASN00041110,19810216,PRCP,20,,,a,
ASN00041110,19810217,PRCP,2,,,a,
ASN00041110,19810218,PRCP,0,,,a,
ASN00041110,19810219,PRCP,0,,,a,
ASN00041110,19810220,PRCP,0,,,a,
ASN00041110,19810221,PRCP,0,,,a,
ASN00041110,19810222,PRCP,118,,,a,
ASN00041110,19810223,PRCP,0,,,a,
ASN00041110,19810224,PRCP,0,,,a,
ASN00041110,19810225,PRCP,0,,,a,
ASN00041110,19810226,PRCP,0,,,a,
ASN00041110,19810227,PRCP,0,,,a,
ASN00041110,19810228,PRCP,0,,,a,
ASN00041110,19810301,PRCP,0,,,a,
ASN00041110,19810302,PRCP,0,,,a,
ASN00041110,19810303,PRCP,0,,,a,
ASN00041110,19810304,PRCP,0,,,a,
ASN00041110,19810305,PRCP,0,,,a,
ASN00041110,19810306,PRCP,0,,,a,
ASN00041110,19810307,PRCP,0,,,a,
ASN00041110,19810308,PRCP,0,,,a,
ASN00041110,19810309,PRCP,0,,,a,
ASN00041110,19810310,PRCP,0,,,a,
ASN00041110,19810311,PRCP,0,,,a,
ASN00041110,19810312,PRCP,0,,,a,
ASN00041110,19810313,PRCP,0,,,a,
ASN00041110,19810314,PRCP,223,,,a,
ASN00041110,19810315,PRCP,0,,,a,
ASN00041110,19810316,PRCP,0,,,a,
ASN00041110,19810317,PRCP,0,,,a,
ASN00041110,19810318,PRCP,0,,,a,
ASN00041110,19810319,PRCP,0,,,a,
ASN00041110,19810320,PRCP,0,,,a,
ASN00041110,19810321,PRCP,0,,,a,
ASN00041110,19810322,PRCP,0,,,a,
ASN00041110,19810323,PRCP,24,,,a,
ASN00041110,19810324,PRCP,60,,,a,
ASN00041110,19810325,PRCP,0,,,a,
ASN00041110,19810326,PRCP,0,,,a,
ASN00041110,19810327,PRCP,0,,,a,
ASN00041110,19810328,PRCP,0,,,a,
ASN00041110,19810329,PRCP,0,,,a,
ASN00041110,19810330,PRCP,0,,,a,
ASN00041110,19810331,PRCP,0,,,a,
ASN00041110,19810401,PRCP,50,,,a,
ASN00041110,19810402,PRCP,840,,,a,
ASN00041110,19810403,PRCP,14,,,a,
ASN00041110,19810404,PRCP,0,,,a,
ASN00041110,19810405,PRCP,184,,,a,
ASN00041110,19810406,PRCP,48,,,a,
ASN00041110,19810407,PRCP,62,,,a,
ASN00041110,19810408,PRCP,0,,,a,
ASN00041110,19810409,PRCP,44,,,a,
ASN00041110,19810410,PRCP,22,,,a,
ASN00041110,19810411,PRCP,0,,,a,
ASN00041110,19810412,PRCP,0,,,a,
ASN00041110,19810413,PRCP,0,,,a,
ASN00041110,19810414,PRCP,0,,,a,
ASN00041110,19810415,PRCP,0,,,a,
ASN00041110,19810416,PRCP,0,,,a,
ASN00041110,19810417,PRCP,0,,,a,
ASN00041110,19810418,PRCP,0,,,a,
ASN00041110,19810419,PRCP,0,,,a,
ASN00041110,19810420,PRCP,0,,,a,
ASN00041110,19810421,PRCP,0,,,a,
ASN00041110,19810422,PRCP,0,,,a,
ASN00041110,19810423,PRCP,0,,,a,
ASN00041110,19810424,PRCP,0,,,a,
ASN00041110,19810425,PRCP,0,,,a,
ASN00041110,19810426,PRCP,24,,,a,
ASN00041110,19810427,PRCP,0,,,a,
ASN00041110,19810428,PRCP,0,,,a,
ASN00041110,19810429,PRCP,0,,,a,
ASN00041110,19810430,PRCP,0,,,a,
ASN00041110,19810501,PRCP,0,,,a,
ASN00041110,19810502,PRCP,0,,,a,
ASN00041110,19810503,PRCP,0,,,a,
ASN00041110,19810504,PRCP,0,,,a,
ASN00041110,19810505,PRCP,0,,,a,
ASN00041110,19810506,PRCP,0,,,a,
ASN00041110,19810507,PRCP,0,,,a,
ASN00041110,19810508,PRCP,0,,,a,
ASN00041110,19810509,PRCP,0,,,a,
ASN00041110,19810510,PRCP,0,,,a,
ASN00041110,19810511,PRCP,0,,,a,
ASN00041110,19810512,PRCP,0,,,a,
ASN00041110,19810513,PRCP,0,,,a,
ASN00041110,19810514,PRCP,0,,,a,
ASN00041110,19810515,PRCP,0,,,a,
ASN00041110,19810516,PRCP,0,,,a,
ASN00041110,19810517,PRCP,0,,,a,
ASN00041110,19810518,PRCP,0,,,a,
ASN00041110,19810519,PRCP,0,,,a,
ASN00041110,19810520,PRCP,0,,,a,
ASN00041110,19810521,PRCP,72,,,a,
ASN00041110,19810522,PRCP,420,,,a,
ASN00041110,19810523,PRCP,34,,,a,
ASN00041110,19810524,PRCP,0,,,a,
ASN00041110,19810525,PRCP,4,,,a,
ASN00041110,19810526,PRCP,0,,,a,
ASN00041110,19810527,PRCP,0,,,a,
ASN00041110,19810528,PRCP,0,,,a,
ASN00041110,19810529,PRCP,0,,,a,
ASN00041110,19810530,PRCP,10,,,a,
ASN00041110,19810531,PRCP,8,,,a,
ASN00041110,19810601,PRCP,237,,,a,
ASN00041110,19810602,PRCP,60,,,a,
ASN00041110,19810603,PRCP,0,,,a,
ASN00041110,19810604,PRCP,0,,,a,
ASN00041110,19810605,PRCP,6,,,a,
ASN00041110,19810606,PRCP,0,,,a,
ASN00041110,19810607,PRCP,0,,,a,
ASN00041110,19810608,PRCP,0,,,a,
ASN00041110,19810609,PRCP,0,,,a,
ASN00041110,19810610,PRCP,6,,,a,
ASN00041110,19810611,PRCP,74,,,a,
ASN00041110,19810612,PRCP,8,,,a,
ASN00041110,19810613,PRCP,0,,,a,
ASN00041110,19810614,PRCP,0,,,a,
ASN00041110,19810615,PRCP,0,,,a,
ASN00041110,19810616,PRCP,0,,,a,
ASN00041110,19810617,PRCP,0,,,a,
ASN00041110,19810618,PRCP,0,,,a,
ASN00041110,19810619,PRCP,34,,,a,
ASN00041110,19810620,PRCP,0,,,a,
ASN00041110,19810621,PRCP,0,,,a,
ASN00041110,19810622,PRCP,6,,,a,
ASN00041110,19810623,PRCP,0,,,a,
ASN00041110,19810624,PRCP,24,,,a,
ASN00041110,19810625,PRCP,0,,,a,
ASN00041110,19810626,PRCP,0,,,a,
ASN00041110,19810627,PRCP,0,,,a,
ASN00041110,19810628,PRCP,0,,,a,
ASN00041110,19810629,PRCP,0,,,a,
ASN00041110,19810630,PRCP,56,,,a,
ASN00041110,19810701,PRCP,36,,,a,
ASN00041110,19810702,PRCP,58,,,a,
ASN00041110,19810703,PRCP,26,,,a,
ASN00041110,19810704,PRCP,0,,,a,
ASN00041110,19810705,PRCP,0,,,a,
ASN00041110,19810706,PRCP,0,,,a,
ASN00041110,19810707,PRCP,0,,,a,
ASN00041110,19810708,PRCP,0,,,a,
ASN00041110,19810709,PRCP,0,,,a,
ASN00041110,19810710,PRCP,0,,,a,
ASN00041110,19810711,PRCP,0,,,a,
ASN00041110,19810712,PRCP,0,,,a,
ASN00041110,19810713,PRCP,0,,,a,
ASN00041110,19810714,PRCP,0,,,a,
ASN00041110,19810715,PRCP,0,,,a,
ASN00041110,19810716,PRCP,0,,,a,
ASN00041110,19810717,PRCP,0,,,a,
ASN00041110,19810718,PRCP,0,,,a,
ASN00041110,19810719,PRCP,0,,,a,
ASN00041110,19810720,PRCP,0,,,a,
ASN00041110,19810721,PRCP,0,,,a,
ASN00041110,19810722,PRCP,430,,,a,
ASN00041110,19810723,PRCP,0,,,a,
ASN00041110,19810724,PRCP,0,,,a,
ASN00041110,19810725,PRCP,104,,,a,
ASN00041110,19810726,PRCP,0,,,a,
ASN00041110,19810727,PRCP,4,,,a,
ASN00041110,19810728,PRCP,0,,,a,
ASN00041110,19810729,PRCP,30,,,a,
ASN00041110,19810730,PRCP,0,,,a,
ASN00041110,19810731,PRCP,0,,,a,
ASN00041110,19810801,PRCP,0,,,a,
ASN00041110,19810802,PRCP,0,,,a,
ASN00041110,19810803,PRCP,0,,,a,
ASN00041110,19810804,PRCP,0,,,a,
ASN00041110,19810805,PRCP,0,,,a,
ASN00041110,19810806,PRCP,0,,,a,
ASN00041110,19810807,PRCP,0,,,a,
ASN00041110,19810808,PRCP,0,,,a,
ASN00041110,19810809,PRCP,6,,,a,
ASN00041110,19810810,PRCP,0,,,a,
ASN00041110,19810811,PRCP,0,,,a,
ASN00041110,19810812,PRCP,0,,,a,
ASN00041110,19810813,PRCP,2,,,a,
ASN00041110,19810814,PRCP,66,,,a,
ASN00041110,19810815,PRCP,0,,,a,
ASN00041110,19810816,PRCP,0,,,a,
ASN00041110,19810817,PRCP,0,,,a,
ASN00041110,19810818,PRCP,0,,,a,
ASN00041110,19810819,PRCP,0,,,a,
ASN00041110,19810820,PRCP,0,,,a,
ASN00041110,19810821,PRCP,0,,,a,
ASN00041110,19810822,PRCP,0,,,a,
ASN00041110,19810823,PRCP,0,,,a,
ASN00041110,19810824,PRCP,0,,,a,
ASN00041110,19810825,PRCP,0,,,a,
ASN00041110,19810826,PRCP,220,,,a,
ASN00041110,19810827,PRCP,0,,,a,
ASN00041110,19810828,PRCP,0,,,a,
ASN00041110,19810829,PRCP,0,,,a,
ASN00041110,19810830,PRCP,0,,,a,
ASN00041110,19810831,PRCP,0,,,a,
ASN00041110,19810901,PRCP,0,,,a,
ASN00041110,19810902,PRCP,0,,,a,
ASN00041110,19810903,PRCP,0,,,a,
ASN00041110,19810904,PRCP,0,,,a,
ASN00041110,19810905,PRCP,0,,,a,
ASN00041110,19810906,PRCP,0,,,a,
ASN00041110,19810907,PRCP,0,,,a,
ASN00041110,19810908,PRCP,0,,,a,
ASN00041110,19810909,PRCP,0,,,a,
ASN00041110,19810910,PRCP,0,,,a,
ASN00041110,19810911,PRCP,0,,,a,
ASN00041110,19810912,PRCP,0,,,a,
ASN00041110,19810913,PRCP,0,,,a,
ASN00041110,19810914,PRCP,0,,,a,
ASN00041110,19810915,PRCP,0,,,a,
ASN00041110,19810916,PRCP,0,,,a,
ASN00041110,19810917,PRCP,0,,,a,
ASN00041110,19810918,PRCP,0,,,a,
ASN00041110,19810919,PRCP,0,,,a,
ASN00041110,19810920,PRCP,0,,,a,
ASN00041110,19810921,PRCP,44,,,a,
ASN00041110,19810922,PRCP,0,,,a,
ASN00041110,19810923,PRCP,0,,,a,
ASN00041110,19810924,PRCP,0,,,a,
ASN00041110,19810925,PRCP,0,,,a,
ASN00041110,19810926,PRCP,0,,,a,
ASN00041110,19810927,PRCP,44,,,a,
ASN00041110,19810928,PRCP,0,,,a,
ASN00041110,19810929,PRCP,0,,,a,
ASN00041110,19810930,PRCP,0,,,a,
ASN00041110,19811001,PRCP,0,,,a,
ASN00041110,19811002,PRCP,0,,,a,
ASN00041110,19811003,PRCP,0,,,a,
ASN00041110,19811004,PRCP,70,,,a,
ASN00041110,19811005,PRCP,0,,,a,
ASN00041110,19811006,PRCP,0,,,a,
ASN00041110,19811007,PRCP,0,,,a,
ASN00041110,19811008,PRCP,0,,,a,
ASN00041110,19811009,PRCP,0,,,a,
ASN00041110,19811010,PRCP,0,,,a,
ASN00041110,19811011,PRCP,0,,,a,
ASN00041110,19811012,PRCP,0,,,a,
ASN00041110,19811013,PRCP,0,,,a,
ASN00041110,19811014,PRCP,0,,,a,
ASN00041110,19811015,PRCP,0,,,a,
ASN00041110,19811016,PRCP,0,,,a,
ASN00041110,19811017,PRCP,0,,,a,
ASN00041110,19811018,PRCP,134,,,a,
ASN00041110,19811019,PRCP,104,,,a,
ASN00041110,19811020,PRCP,0,,,a,
ASN00041110,19811021,PRCP,0,,,a,
ASN00041110,19811022,PRCP,0,,,a,
ASN00041110,19811023,PRCP,0,,,a,
ASN00041110,19811024,PRCP,0,,,a,
ASN00041110,19811025,PRCP,0,,,a,
ASN00041110,19811026,PRCP,0,,,a,
ASN00041110,19811027,PRCP,0,,,a,
ASN00041110,19811028,PRCP,0,,,a,
ASN00041110,19811029,PRCP,0,,,a,
ASN00041110,19811030,PRCP,0,,,a,
ASN00041110,19811031,PRCP,0,,,a,
ASN00041110,19811101,PRCP,60,,,a,
ASN00041110,19811102,PRCP,304,,,a,
ASN00041110,19811103,PRCP,68,,,a,
ASN00041110,19811104,PRCP,4,,,a,
ASN00041110,19811105,PRCP,4,,,a,
ASN00041110,19811106,PRCP,0,,,a,
ASN00041110,19811107,PRCP,0,,,a,
ASN00041110,19811108,PRCP,0,,,a,
ASN00041110,19811109,PRCP,0,,,a,
ASN00041110,19811110,PRCP,22,,,a,
ASN00041110,19811111,PRCP,24,,,a,
ASN00041110,19811112,PRCP,0,,,a,
ASN00041110,19811113,PRCP,0,,,a,
ASN00041110,19811114,PRCP,6,,,a,
ASN00041110,19811115,PRCP,0,,,a,
ASN00041110,19811116,PRCP,0,,,a,
ASN00041110,19811117,PRCP,0,,,a,
ASN00041110,19811118,PRCP,0,,,a,
ASN00041110,19811119,PRCP,0,,,a,
ASN00041110,19811120,PRCP,182,,,a,
ASN00041110,19811121,PRCP,22,,,a,
ASN00041110,19811122,PRCP,0,,,a,
ASN00041110,19811123,PRCP,0,,,a,
ASN00041110,19811124,PRCP,0,,,a,
ASN00041110,19811125,PRCP,0,,,a,
ASN00041110,19811126,PRCP,26,,,a,
ASN00041110,19811127,PRCP,0,,,a,
ASN00041110,19811128,PRCP,0,,,a,
ASN00041110,19811129,PRCP,0,,,a,
ASN00041110,19811130,PRCP,140,,,a,
ASN00041110,19811201,PRCP,214,,,a,
ASN00041110,19811202,PRCP,336,,,a,
ASN00041110,19811203,PRCP,42,,,a,
ASN00041110,19811204,PRCP,110,,,a,
ASN00041110,19811205,PRCP,0,,,a,
ASN00041110,19811206,PRCP,0,,,a,
ASN00041110,19811207,PRCP,0,,,a,
ASN00041110,19811208,PRCP,0,,,a,
ASN00041110,19811209,PRCP,0,,,a,
ASN00041110,19811210,PRCP,0,,,a,
ASN00041110,19811211,PRCP,0,,,a,
ASN00041110,19811212,PRCP,0,,,a,
ASN00041110,19811213,PRCP,0,,,a,
ASN00041110,19811214,PRCP,48,,,a,
ASN00041110,19811215,PRCP,0,,,a,
ASN00041110,19811216,PRCP,71,,,a,
ASN00041110,19811217,PRCP,49,,,a,
ASN00041110,19811218,PRCP,0,,,a,
ASN00041110,19811219,PRCP,0,,,a,
ASN00041110,19811220,PRCP,0,,,a,
ASN00041110,19811221,PRCP,0,,,a,
ASN00041110,19811222,PRCP,482,,,a,
ASN00041110,19811223,PRCP,425,,,a,
ASN00041110,19811224,PRCP,288,,,a,
ASN00041110,19811225,PRCP,0,,,a,
ASN00041110,19811226,PRCP,0,,,a,
ASN00041110,19811227,PRCP,0,,,a,
ASN00041110,19811228,PRCP,0,,,a,
ASN00041110,19811229,PRCP,0,,,a,
ASN00041110,19811230,PRCP,12,,,a,
ASN00041110,19811231,PRCP,0,,,a,
ASN00041110,19820101,PRCP,0,,,a,
ASN00041110,19820102,PRCP,0,,,a,
ASN00041110,19820103,PRCP,0,,,a,
ASN00041110,19820104,PRCP,0,,,a,
ASN00041110,19820105,PRCP,0,,,a,
ASN00041110,19820106,PRCP,0,,,a,
ASN00041110,19820107,PRCP,0,,,a,
ASN00041110,19820108,PRCP,0,,,a,
ASN00041110,19820109,PRCP,0,,,a,
ASN00041110,19820110,PRCP,0,,,a,
ASN00041110,19820111,PRCP,0,,,a,
ASN00041110,19820112,PRCP,0,,,a,
ASN00041110,19820113,PRCP,0,,,a,
ASN00041110,19820114,PRCP,0,,,a,
ASN00041110,19820115,PRCP,0,,,a,
ASN00041110,19820116,PRCP,52,,,a,
ASN00041110,19820117,PRCP,10,,,a,
ASN00041110,19820118,PRCP,210,,,a,
ASN00041110,19820119,PRCP,132,,,a,
ASN00041110,19820120,PRCP,60,,,a,
ASN00041110,19820121,PRCP,86,,,a,
ASN00041110,19820122,PRCP,70,,,a,
ASN00041110,19820123,PRCP,4,,,a,
ASN00041110,19820124,PRCP,0,,,a,
ASN00041110,19820125,PRCP,0,,,a,
ASN00041110,19820126,PRCP,0,,,a,
ASN00041110,19820127,PRCP,0,,,a,
ASN00041110,19820128,PRCP,0,,,a,
ASN00041110,19820129,PRCP,0,,,a,
ASN00041110,19820130,PRCP,0,,,a,
ASN00041110,19820131,PRCP,0,,,a,
ASN00041110,19820201,PRCP,0,,,a,
ASN00041110,19820202,PRCP,180,,,a,
ASN00041110,19820203,PRCP,0,,,a,
ASN00041110,19820204,PRCP,0,,,a,
ASN00041110,19820205,PRCP,0,,,a,
ASN00041110,19820206,PRCP,0,,,a,
ASN00041110,19820207,PRCP,0,,,a,
ASN00041110,19820208,PRCP,0,,,a,
ASN00041110,19820209,PRCP,0,,,a,
ASN00041110,19820210,PRCP,0,,,a,
ASN00041110,19820211,PRCP,0,,,a,
ASN00041110,19820212,PRCP,0,,,a,
ASN00041110,19820213,PRCP,0,,,a,
ASN00041110,19820214,PRCP,0,,,a,
ASN00041110,19820215,PRCP,0,,,a,
ASN00041110,19820216,PRCP,0,,,a,
ASN00041110,19820217,PRCP,0,,,a,
ASN00041110,19820218,PRCP,0,,,a,
ASN00041110,19820219,PRCP,0,,,a,
ASN00041110,19820220,PRCP,0,,,a,
ASN00041110,19820221,PRCP,0,,,a,
ASN00041110,19820222,PRCP,150,,,a,
ASN00041110,19820223,PRCP,0,,,a,
ASN00041110,19820224,PRCP,150,,,a,
ASN00041110,19820225,PRCP,98,,,a,
ASN00041110,19820226,PRCP,10,,,a,
ASN00041110,19820227,PRCP,0,,,a,
ASN00041110,19820228,PRCP,100,,,a,
ASN00041110,19820301,PRCP,0,,,a,
ASN00041110,19820302,PRCP,240,,,a,
ASN00041110,19820303,PRCP,84,,,a,
ASN00041110,19820304,PRCP,2,,,a,
ASN00041110,19820305,PRCP,0,,,a,
ASN00041110,19820306,PRCP,14,,,a,
ASN00041110,19820307,PRCP,1,,,a,
ASN00041110,19820308,PRCP,0,,,a,
ASN00041110,19820309,PRCP,0,,,a,
ASN00041110,19820310,PRCP,280,,,a,
ASN00041110,19820311,PRCP,270,,,a,
ASN00041110,19820312,PRCP,8,,,a,
ASN00041110,19820313,PRCP,0,,,a,
ASN00041110,19820314,PRCP,0,,,a,
ASN00041110,19820315,PRCP,0,,,a,
ASN00041110,19820316,PRCP,0,,,a,
ASN00041110,19820317,PRCP,0,,,a,
ASN00041110,19820318,PRCP,0,,,a,
ASN00041110,19820319,PRCP,0,,,a,
ASN00041110,19820320,PRCP,0,,,a,
ASN00041110,19820321,PRCP,0,,,a,
ASN00041110,19820322,PRCP,0,,,a,
ASN00041110,19820323,PRCP,0,,,a,
ASN00041110,19820324,PRCP,0,,,a,
ASN00041110,19820325,PRCP,0,,,a,
ASN00041110,19820326,PRCP,0,,,a,
ASN00041110,19820327,PRCP,0,,,a,
ASN00041110,19820328,PRCP,0,,,a,
ASN00041110,19820329,PRCP,0,,,a,
ASN00041110,19820330,PRCP,0,,,a,
ASN00041110,19820331,PRCP,0,,,a,
ASN00041110,19820401,PRCP,230,,,a,
ASN00041110,19820402,PRCP,0,,,a,
ASN00041110,19820403,PRCP,0,,,a,
ASN00041110,19820404,PRCP,0,,,a,
ASN00041110,19820405,PRCP,0,,,a,
ASN00041110,19820406,PRCP,0,,,a,
ASN00041110,19820407,PRCP,0,,,a,
ASN00041110,19820408,PRCP,0,,,a,
ASN00041110,19820409,PRCP,0,,,a,
ASN00041110,19820410,PRCP,0,,,a,
ASN00041110,19820411,PRCP,0,,,a,
ASN00041110,19820412,PRCP,0,,,a,
ASN00041110,19820413,PRCP,0,,,a,
ASN00041110,19820414,PRCP,0,,,a,
ASN00041110,19820415,PRCP,0,,,a,
ASN00041110,19820416,PRCP,0,,,a,
ASN00041110,19820417,PRCP,0,,,a,
ASN00041110,19820418,PRCP,0,,,a,
ASN00041110,19820419,PRCP,0,,,a,
ASN00041110,19820420,PRCP,0,,,a,
ASN00041110,19820421,PRCP,0,,,a,
ASN00041110,19820422,PRCP,0,,,a,
ASN00041110,19820423,PRCP,6,,,a,
ASN00041110,19820424,PRCP,0,,,a,
ASN00041110,19820425,PRCP,0,,,a,
ASN00041110,19820426,PRCP,0,,,a,
ASN00041110,19820427,PRCP,50,,,a,
ASN00041110,19820428,PRCP,10,,,a,
ASN00041110,19820429,PRCP,0,,,a,
ASN00041110,19820430,PRCP,0,,,a,
ASN00041110,19820501,PRCP,0,,,a,
ASN00041110,19820502,PRCP,0,,,a,
ASN00041110,19820503,PRCP,0,,,a,
ASN00041110,19820504,PRCP,0,,,a,
ASN00041110,19820505,PRCP,0,,,a,
ASN00041110,19820506,PRCP,70,,,a,
ASN00041110,19820507,PRCP,0,,,a,
ASN00041110,19820508,PRCP,0,,,a,
ASN00041110,19820509,PRCP,0,,,a,
ASN00041110,19820510,PRCP,0,,,a,
ASN00041110,19820511,PRCP,0,,,a,
ASN00041110,19820512,PRCP,0,,,a,
ASN00041110,19820513,PRCP,0,,,a,
ASN00041110,19820514,PRCP,0,,,a,
ASN00041110,19820515,PRCP,0,,,a,
ASN00041110,19820516,PRCP,0,,,a,
ASN00041110,19820517,PRCP,0,,,a,
ASN00041110,19820518,PRCP,0,,,a,
ASN00041110,19820519,PRCP,0,,,a,
ASN00041110,19820520,PRCP,0,,,a,
ASN00041110,19820521,PRCP,0,,,a,
ASN00041110,19820522,PRCP,0,,,a,
ASN00041110,19820523,PRCP,0,,,a,
ASN00041110,19820524,PRCP,0,,,a,
ASN00041110,19820525,PRCP,10,,,a,
ASN00041110,19820526,PRCP,0,,,a,
ASN00041110,19820527,PRCP,0,,,a,
ASN00041110,19820528,PRCP,0,,,a,
ASN00041110,19820529,PRCP,0,,,a,
ASN00041110,19820530,PRCP,80,,,a,
ASN00041110,19820531,PRCP,0,,,a,
ASN00041110,19820601,PRCP,0,,,a,
ASN00041110,19820602,PRCP,0,,,a,
ASN00041110,19820603,PRCP,0,,,a,
ASN00041110,19820604,PRCP,0,,,a,
ASN00041110,19820605,PRCP,0,,,a,
ASN00041110,19820606,PRCP,0,,,a,
ASN00041110,19820607,PRCP,0,,,a,
ASN00041110,19820608,PRCP,0,,,a,
ASN00041110,19820609,PRCP,0,,,a,
ASN00041110,19820610,PRCP,8,,,a,
ASN00041110,19820611,PRCP,0,,,a,
ASN00041110,19820612,PRCP,0,,,a,
ASN00041110,19820613,PRCP,6,,,a,
ASN00041110,19820614,PRCP,0,,,a,
ASN00041110,19820615,PRCP,0,,,a,
ASN00041110,19820616,PRCP,0,,,a,
ASN00041110,19820617,PRCP,0,,,a,
ASN00041110,19820618,PRCP,0,,,a,
ASN00041110,19820619,PRCP,0,,,a,
ASN00041110,19820620,PRCP,0,,,a,
ASN00041110,19820621,PRCP,0,,,a,
ASN00041110,19820622,PRCP,0,,,a,
ASN00041110,19820623,PRCP,0,,,a,
ASN00041110,19820624,PRCP,0,,,a,
ASN00041110,19820625,PRCP,0,,,a,
ASN00041110,19820626,PRCP,0,,,a,
ASN00041110,19820627,PRCP,0,,,a,
ASN00041110,19820628,PRCP,0,,,a,
ASN00041110,19820629,PRCP,0,,,a,
ASN00041110,19820630,PRCP,0,,,a,
ASN00041110,19820701,PRCP,0,,,a,
ASN00041110,19820702,PRCP,0,,,a,
ASN00041110,19820703,PRCP,0,,,a,
ASN00041110,19820704,PRCP,0,,,a,
ASN00041110,19820705,PRCP,0,,,a,
ASN00041110,19820706,PRCP,0,,,a,
ASN00041110,19820707,PRCP,0,,,a,
ASN00041110,19820708,PRCP,0,,,a,
ASN00041110,19820709,PRCP,0,,,a,
ASN00041110,19820710,PRCP,0,,,a,
ASN00041110,19820711,PRCP,0,,,a,
ASN00041110,19820712,PRCP,0,,,a,
ASN00041110,19820713,PRCP,0,,,a,
ASN00041110,19820714,PRCP,64,,,a,
ASN00041110,19820715,PRCP,22,,,a,
ASN00041110,19820716,PRCP,0,,,a,
ASN00041110,19820717,PRCP,62,,,a,
ASN00041110,19820718,PRCP,0,,,a,
ASN00041110,19820719,PRCP,14,,,a,
ASN00041110,19820720,PRCP,0,,,a,
ASN00041110,19820721,PRCP,0,,,a,
ASN00041110,19820722,PRCP,0,,,a,
ASN00041110,19820723,PRCP,6,,,a,
ASN00041110,19820724,PRCP,34,,,a,
ASN00041110,19820725,PRCP,42,,,a,
ASN00041110,19820726,PRCP,0,,,a,
ASN00041110,19820727,PRCP,0,,,a,
ASN00041110,19820728,PRCP,0,,,a,
ASN00041110,19820729,PRCP,0,,,a,
ASN00041110,19820730,PRCP,0,,,a,
ASN00041110,19820731,PRCP,0,,,a,
ASN00041110,19820801,PRCP,0,,,a,
ASN00041110,19820802,PRCP,0,,,a,
ASN00041110,19820803,PRCP,0,,,a,
ASN00041110,19820804,PRCP,0,,,a,
ASN00041110,19820805,PRCP,0,,,a,
ASN00041110,19820806,PRCP,0,,,a,
ASN00041110,19820807,PRCP,0,,,a,
ASN00041110,19820808,PRCP,0,,,a,
ASN00041110,19820809,PRCP,0,,,a,
ASN00041110,19820810,PRCP,0,,,a,
ASN00041110,19820811,PRCP,0,,,a,
ASN00041110,19820812,PRCP,0,,,a,
ASN00041110,19820813,PRCP,0,,,a,
ASN00041110,19820814,PRCP,0,,,a,
ASN00041110,19820815,PRCP,0,,,a,
ASN00041110,19820816,PRCP,0,,,a,
ASN00041110,19820817,PRCP,40,,,a,
ASN00041110,19820818,PRCP,0,,,a,
ASN00041110,19820819,PRCP,0,,,a,
ASN00041110,19820820,PRCP,0,,,a,
ASN00041110,19820821,PRCP,0,,,a,
ASN00041110,19820822,PRCP,0,,,a,
ASN00041110,19820823,PRCP,0,,,a,
ASN00041110,19820824,PRCP,0,,,a,
ASN00041110,19820825,PRCP,0,,,a,
ASN00041110,19820826,PRCP,0,,,a,
ASN00041110,19820827,PRCP,0,,,a,
ASN00041110,19820828,PRCP,0,,,a,
ASN00041110,19820829,PRCP,0,,,a,
ASN00041110,19820830,PRCP,0,,,a,
ASN00041110,19820831,PRCP,0,,,a,
ASN00041110,19820901,PRCP,0,,,a,
ASN00041110,19820902,PRCP,0,,,a,
ASN00041110,19820903,PRCP,0,,,a,
ASN00041110,19820904,PRCP,0,,,a,
ASN00041110,19820905,PRCP,0,,,a,
ASN00041110,19820906,PRCP,150,,,a,
ASN00041110,19820907,PRCP,4,,,a,
ASN00041110,19820908,PRCP,0,,,a,
ASN00041110,19820909,PRCP,190,,,a,
ASN00041110,19820910,PRCP,0,,,a,
ASN00041110,19820911,PRCP,0,,,a,
ASN00041110,19820912,PRCP,0,,,a,
ASN00041110,19820913,PRCP,0,,,a,
ASN00041110,19820914,PRCP,0,,,a,
ASN00041110,19820915,PRCP,32,,,a,
ASN00041110,19820916,PRCP,0,,,a,
ASN00041110,19820917,PRCP,0,,,a,
ASN00041110,19820918,PRCP,0,,,a,
ASN00041110,19820919,PRCP,4,,,a,
ASN00041110,19820920,PRCP,2,,,a,
ASN00041110,19820921,PRCP,62,,,a,
ASN00041110,19820922,PRCP,144,,,a,
ASN00041110,19820923,PRCP,20,,,a,
ASN00041110,19820924,PRCP,0,,,a,
ASN00041110,19820925,PRCP,0,,,a,
ASN00041110,19820926,PRCP,0,,,a,
ASN00041110,19820927,PRCP,0,,,a,
ASN00041110,19820928,PRCP,0,,,a,
ASN00041110,19820929,PRCP,0,,,a,
ASN00041110,19820930,PRCP,0,,,a,
ASN00041110,19821001,PRCP,0,,,a,
ASN00041110,19821002,PRCP,0,,,a,
ASN00041110,19821003,PRCP,0,,,a,
ASN00041110,19821004,PRCP,0,,,a,
ASN00041110,19821005,PRCP,0,,,a,
ASN00041110,19821006,PRCP,0,,,a,
ASN00041110,19821007,PRCP,0,,,a,
ASN00041110,19821008,PRCP,26,,,a,
ASN00041110,19821009,PRCP,0,,,a,
ASN00041110,19821010,PRCP,462,,,a,
ASN00041110,19821011,PRCP,250,,,a,
ASN00041110,19821012,PRCP,0,,,a,
ASN00041110,19821013,PRCP,0,,,a,
ASN00041110,19821014,PRCP,2,,,a,
ASN00041110,19821015,PRCP,0,,,a,
ASN00041110,19821016,PRCP,0,,,a,
ASN00041110,19821017,PRCP,0,,,a,
ASN00041110,19821018,PRCP,0,,,a,
ASN00041110,19821019,PRCP,0,,,a,
ASN00041110,19821020,PRCP,0,,,a,
ASN00041110,19821021,PRCP,0,,,a,
ASN00041110,19821022,PRCP,0,,,a,
ASN00041110,19821023,PRCP,0,,,a,
ASN00041110,19821024,PRCP,0,,,a,
ASN00041110,19821025,PRCP,0,,,a,
ASN00041110,19821026,PRCP,0,,,a,
ASN00041110,19821027,PRCP,0,,,a,
ASN00041110,19821028,PRCP,0,,,a,
ASN00041110,19821029,PRCP,0,,,a,
ASN00041110,19821030,PRCP,0,,,a,
ASN00041110,19821031,PRCP,0,,,a,
ASN00041110,19821101,PRCP,130,,,a,
ASN00041110,19821102,PRCP,0,,,a,
ASN00041110,19821103,PRCP,0,,,a,
ASN00041110,19821104,PRCP,0,,,a,
ASN00041110,19821105,PRCP,0,,,a,
ASN00041110,19821106,PRCP,0,,,a,
ASN00041110,19821107,PRCP,0,,,a,
ASN00041110,19821108,PRCP,0,,,a,
ASN00041110,19821109,PRCP,0,,,a,
ASN00041110,19821110,PRCP,1,,,a,
ASN00041110,19821111,PRCP,0,,,a,
ASN00041110,19821112,PRCP,0,,,a,
ASN00041110,19821113,PRCP,0,,,a,
ASN00041110,19821114,PRCP,0,,,a,
ASN00041110,19821115,PRCP,0,,,a,
ASN00041110,19821116,PRCP,0,,,a,
ASN00041110,19821117,PRCP,0,,,a,
ASN00041110,19821118,PRCP,0,,,a,
ASN00041110,19821119,PRCP,0,,,a,
ASN00041110,19821120,PRCP,0,,,a,
ASN00041110,19821121,PRCP,0,,,a,
ASN00041110,19821122,PRCP,0,,,a,
ASN00041110,19821123,PRCP,0,,,a,
ASN00041110,19821124,PRCP,0,,,a,
ASN00041110,19821125,PRCP,0,,,a,
ASN00041110,19821126,PRCP,0,,,a,
ASN00041110,19821127,PRCP,0,,,a,
ASN00041110,19821128,PRCP,0,,,a,
ASN00041110,19821129,PRCP,0,,,a,
ASN00041110,19821130,PRCP,0,,,a,
ASN00041110,19821201,PRCP,0,,,a,
ASN00041110,19821202,PRCP,44,,,a,
ASN00041110,19821203,PRCP,260,,,a,
ASN00041110,19821204,PRCP,0,,,a,
ASN00041110,19821205,PRCP,0,,,a,
ASN00041110,19821206,PRCP,0,,,a,
ASN00041110,19821207,PRCP,0,,,a,
ASN00041110,19821208,PRCP,60,,,a,
ASN00041110,19821209,PRCP,0,,,a,
ASN00041110,19821210,PRCP,0,,,a,
ASN00041110,19821211,PRCP,0,,,a,
ASN00041110,19821212,PRCP,0,,,a,
ASN00041110,19821213,PRCP,530,,,a,
ASN00041110,19821214,PRCP,34,,,a,
ASN00041110,19821215,PRCP,0,,,a,
ASN00041110,19821216,PRCP,0,,,a,
ASN00041110,19821217,PRCP,82,,,a,
ASN00041110,19821218,PRCP,0,,,a,
ASN00041110,19821219,PRCP,0,,,a,
ASN00041110,19821220,PRCP,30,,,a,
ASN00041110,19821221,PRCP,32,,,a,
ASN00041110,19821222,PRCP,0,,,a,
ASN00041110,19821223,PRCP,0,,,a,
ASN00041110,19821224,PRCP,0,,,a,
ASN00041110,19821225,PRCP,0,,,a,
ASN00041110,19821226,PRCP,0,,,a,
ASN00041110,19821227,PRCP,0,,,a,
ASN00041110,19821228,PRCP,0,,,a,
ASN00041110,19821229,PRCP,0,,,a,
ASN00041110,19821230,PRCP,424,,,a,
ASN00041110,19821231,PRCP,0,,,a,
ASN00041110,19830101,PRCP,42,,,a,
ASN00041110,19830102,PRCP,0,,,a,
ASN00041110,19830103,PRCP,152,,,a,
ASN00041110,19830104,PRCP,0,,,a,
ASN00041110,19830105,PRCP,0,,,a,
ASN00041110,19830106,PRCP,0,,,a,
ASN00041110,19830107,PRCP,0,,,a,
ASN00041110,19830108,PRCP,0,,,a,
ASN00041110,19830109,PRCP,0,,,a,
ASN00041110,19830110,PRCP,40,,,a,
ASN00041110,19830111,PRCP,252,,,a,
ASN00041110,19830112,PRCP,24,,,a,
ASN00041110,19830113,PRCP,0,,,a,
ASN00041110,19830114,PRCP,2,,,a,
ASN00041110,19830115,PRCP,0,,,a,
ASN00041110,19830116,PRCP,0,,,a,
ASN00041110,19830117,PRCP,0,,,a,
ASN00041110,19830118,PRCP,0,,,a,
ASN00041110,19830119,PRCP,0,,,a,
ASN00041110,19830120,PRCP,0,,,a,
ASN00041110,19830121,PRCP,0,,,a,
ASN00041110,19830122,PRCP,0,,,a,
ASN00041110,19830123,PRCP,0,,,a,
ASN00041110,19830124,PRCP,0,,,a,
ASN00041110,19830125,PRCP,0,,,a,
ASN00041110,19830126,PRCP,0,,,a,
ASN00041110,19830127,PRCP,0,,,a,
ASN00041110,19830128,PRCP,4,,,a,
ASN00041110,19830129,PRCP,0,,,a,
ASN00041110,19830130,PRCP,0,,,a,
ASN00041110,19830131,PRCP,0,,,a,
ASN00041110,19830201,PRCP,0,,,a,
ASN00041110,19830202,PRCP,0,,,a,
ASN00041110,19830203,PRCP,0,,,a,
ASN00041110,19830204,PRCP,0,,,a,
ASN00041110,19830205,PRCP,0,,,a,
ASN00041110,19830206,PRCP,0,,,a,
ASN00041110,19830207,PRCP,0,,,a,
ASN00041110,19830208,PRCP,0,,,a,
ASN00041110,19830209,PRCP,0,,,a,
ASN00041110,19830210,PRCP,0,,,a,
ASN00041110,19830211,PRCP,0,,,a,
ASN00041110,19830212,PRCP,0,,,a,
ASN00041110,19830213,PRCP,20,,,a,
ASN00041110,19830214,PRCP,20,,,a,
ASN00041110,19830215,PRCP,36,,,a,
ASN00041110,19830216,PRCP,0,,,a,
ASN00041110,19830217,PRCP,0,,,a,
ASN00041110,19830218,PRCP,0,,,a,
ASN00041110,19830219,PRCP,0,,,a,
ASN00041110,19830220,PRCP,0,,,a,
ASN00041110,19830221,PRCP,0,,,a,
ASN00041110,19830222,PRCP,0,,,a,
ASN00041110,19830223,PRCP,0,,,a,
ASN00041110,19830224,PRCP,0,,,a,
ASN00041110,19830225,PRCP,70,,,a,
ASN00041110,19830226,PRCP,0,,,a,
ASN00041110,19830227,PRCP,0,,,a,
ASN00041110,19830228,PRCP,4,,,a,
ASN00041110,19830301,PRCP,0,,,a,
ASN00041110,19830302,PRCP,0,,,a,
ASN00041110,19830303,PRCP,0,,,a,
ASN00041110,19830304,PRCP,0,,,a,
ASN00041110,19830305,PRCP,0,,,a,
ASN00041110,19830306,PRCP,0,,,a,
ASN00041110,19830307,PRCP,0,,,a,
ASN00041110,19830308,PRCP,0,,,a,
ASN00041110,19830309,PRCP,0,,,a,
ASN00041110,19830310,PRCP,0,,,a,
ASN00041110,19830311,PRCP,0,,,a,
ASN00041110,19830312,PRCP,0,,,a,
ASN00041110,19830313,PRCP,0,,,a,
ASN00041110,19830314,PRCP,0,,,a,
ASN00041110,19830315,PRCP,0,,,a,
ASN00041110,19830316,PRCP,0,,,a,
ASN00041110,19830317,PRCP,160,,,a,
ASN00041110,19830318,PRCP,242,,,a,
ASN00041110,19830322,PRCP,0,,,a,
ASN00041110,19830323,PRCP,0,,,a,
ASN00041110,19830324,PRCP,0,,,a,
ASN00041110,19830325,PRCP,0,,,a,
ASN00041110,19830329,PRCP,0,,,a,
ASN00041110,19830330,PRCP,0,,,a,
ASN00041110,19830331,PRCP,0,,,a,
ASN00041110,19830321,DAPR,3,,,a,
ASN00041110,19830328,DAPR,3,,,a,
ASN00041110,19830321,DWPR,1,,,a,
ASN00041110,19830328,DWPR,1,,,a,
ASN00041110,19830321,MDPR,164,,,a,
ASN00041110,19830328,MDPR,58,,,a,
ASN00041110,19830401,PRCP,0,,,a,
ASN00041110,19830402,PRCP,0,,,a,
ASN00041110,19830403,PRCP,0,,,a,
ASN00041110,19830404,PRCP,8,,,a,
ASN00041110,19830405,PRCP,270,,,a,
ASN00041110,19830406,PRCP,0,,,a,
ASN00041110,19830407,PRCP,0,,,a,
ASN00041110,19830408,PRCP,0,,,a,
ASN00041110,19830409,PRCP,0,,,a,
ASN00041110,19830410,PRCP,0,,,a,
ASN00041110,19830411,PRCP,0,,,a,
ASN00041110,19830412,PRCP,0,,,a,
ASN00041110,19830413,PRCP,46,,,a,
ASN00041110,19830414,PRCP,0,,,a,
ASN00041110,19830415,PRCP,0,,,a,
ASN00041110,19830416,PRCP,0,,,a,
ASN00041110,19830417,PRCP,0,,,a,
ASN00041110,19830418,PRCP,0,,,a,
ASN00041110,19830419,PRCP,0,,,a,
ASN00041110,19830420,PRCP,0,,,a,
ASN00041110,19830421,PRCP,0,,,a,
ASN00041110,19830422,PRCP,0,,,a,
ASN00041110,19830423,PRCP,0,,,a,
ASN00041110,19830424,PRCP,44,,,a,
ASN00041110,19830425,PRCP,240,,,a,
ASN00041110,19830426,PRCP,56,,,a,
ASN00041110,19830427,PRCP,2,,,a,
ASN00041110,19830428,PRCP,220,,,a,
ASN00041110,19830429,PRCP,36,,,a,
ASN00041110,19830430,PRCP,82,,,a,
ASN00041110,19830501,PRCP,630,,,a,
ASN00041110,19830502,PRCP,460,,,a,
ASN00041110,19830503,PRCP,628,,,a,
ASN00041110,19830504,PRCP,6,,,a,
ASN00041110,19830505,PRCP,0,,,a,
ASN00041110,19830506,PRCP,0,,,a,
ASN00041110,19830507,PRCP,0,,,a,
ASN00041110,19830508,PRCP,0,,,a,
ASN00041110,19830509,PRCP,0,,,a,
ASN00041110,19830510,PRCP,0,,,a,
ASN00041110,19830511,PRCP,0,,,a,
ASN00041110,19830512,PRCP,0,,,a,
ASN00041110,19830513,PRCP,0,,,a,
ASN00041110,19830514,PRCP,0,,,a,
ASN00041110,19830515,PRCP,0,,,a,
ASN00041110,19830516,PRCP,20,,,a,
ASN00041110,19830517,PRCP,0,,,a,
ASN00041110,19830518,PRCP,0,,,a,
ASN00041110,19830519,PRCP,6,,,a,
ASN00041110,19830520,PRCP,0,,,a,
ASN00041110,19830521,PRCP,86,,,a,
ASN00041110,19830522,PRCP,82,,,a,
ASN00041110,19830523,PRCP,0,,,a,
ASN00041110,19830524,PRCP,38,,,a,
ASN00041110,19830525,PRCP,76,,,a,
ASN00041110,19830526,PRCP,2,,,a,
ASN00041110,19830527,PRCP,54,,,a,
ASN00041110,19830528,PRCP,626,,,a,
ASN00041110,19830529,PRCP,0,,,a,
ASN00041110,19830530,PRCP,0,,,a,
ASN00041110,19830531,PRCP,0,,,a,
ASN00041110,19830601,PRCP,0,,,a,
ASN00041110,19830602,PRCP,0,,,a,
ASN00041110,19830603,PRCP,0,,,a,
ASN00041110,19830604,PRCP,0,,,a,
ASN00041110,19830605,PRCP,0,,,a,
ASN00041110,19830606,PRCP,0,,,a,
ASN00041110,19830607,PRCP,0,,,a,
ASN00041110,19830608,PRCP,0,,,a,
ASN00041110,19830609,PRCP,0,,,a,
ASN00041110,19830610,PRCP,0,,,a,
ASN00041110,19830611,PRCP,0,,,a,
ASN00041110,19830612,PRCP,0,,,a,
ASN00041110,19830613,PRCP,0,,,a,
ASN00041110,19830614,PRCP,0,,,a,
ASN00041110,19830615,PRCP,0,,,a,
ASN00041110,19830616,PRCP,0,,,a,
ASN00041110,19830617,PRCP,0,,,a,
ASN00041110,19830618,PRCP,90,,,a,
ASN00041110,19830619,PRCP,37,,,a,
ASN00041110,19830620,PRCP,4,,,a,
ASN00041110,19830621,PRCP,140,,,a,
ASN00041110,19830622,PRCP,500,,,a,
ASN00041110,19830623,PRCP,112,,,a,
ASN00041110,19830624,PRCP,4,,,a,
ASN00041110,19830625,PRCP,1,,,a,
ASN00041110,19830626,PRCP,0,,,a,
ASN00041110,19830627,PRCP,6,,,a,
ASN00041110,19830628,PRCP,0,,,a,
ASN00041110,19830629,PRCP,0,,,a,
ASN00041110,19830630,PRCP,0,,,a,
ASN00041110,19830701,PRCP,0,,,a,
ASN00041110,19830702,PRCP,50,,,a,
ASN00041110,19830703,PRCP,0,,,a,
ASN00041110,19830704,PRCP,0,,,a,
ASN00041110,19830705,PRCP,0,,,a,
ASN00041110,19830706,PRCP,127,,,a,
ASN00041110,19830707,PRCP,0,,,a,
ASN00041110,19830708,PRCP,0,,,a,
ASN00041110,19830709,PRCP,18,,,a,
ASN00041110,19830710,PRCP,0,,,a,
ASN00041110,19830711,PRCP,0,,,a,
ASN00041110,19830712,PRCP,0,,,a,
ASN00041110,19830713,PRCP,8,,,a,
ASN00041110,19830714,PRCP,0,,,a,
ASN00041110,19830715,PRCP,0,,,a,
ASN00041110,19830716,PRCP,0,,,a,
ASN00041110,19830717,PRCP,0,,,a,
ASN00041110,19830718,PRCP,0,,,a,
ASN00041110,19830719,PRCP,0,,,a,
ASN00041110,19830720,PRCP,0,,,a,
ASN00041110,19830721,PRCP,0,,,a,
ASN00041110,19830722,PRCP,0,,,a,
ASN00041110,19830723,PRCP,0,,,a,
ASN00041110,19830724,PRCP,0,,,a,
ASN00041110,19830725,PRCP,0,,,a,
ASN00041110,19830726,PRCP,0,,,a,
ASN00041110,19830727,PRCP,0,,,a,
ASN00041110,19830728,PRCP,0,,,a,
ASN00041110,19830729,PRCP,162,,,a,
ASN00041110,19830730,PRCP,0,,,a,
ASN00041110,19830731,PRCP,0,,,a,
ASN00041110,19830801,PRCP,0,,,a,
ASN00041110,19830802,PRCP,0,,,a,
ASN00041110,19830803,PRCP,0,,,a,
ASN00041110,19830804,PRCP,0,,,a,
ASN00041110,19830805,PRCP,0,,,a,
ASN00041110,19830806,PRCP,0,,,a,
ASN00041110,19830807,PRCP,0,,,a,
ASN00041110,19830808,PRCP,0,,,a,
ASN00041110,19830809,PRCP,0,,,a,
ASN00041110,19830810,PRCP,0,,,a,
ASN00041110,19830811,PRCP,0,,,a,
ASN00041110,19830812,PRCP,0,,,a,
ASN00041110,19830813,PRCP,0,,,a,
ASN00041110,19830814,PRCP,16,,,a,
ASN00041110,19830815,PRCP,0,,,a,
ASN00041110,19830816,PRCP,0,,,a,
ASN00041110,19830817,PRCP,5,,,a,
ASN00041110,19830818,PRCP,82,,,a,
ASN00041110,19830819,PRCP,0,,,a,
ASN00041110,19830820,PRCP,0,,,a,
ASN00041110,19830821,PRCP,0,,,a,
ASN00041110,19830822,PRCP,0,,,a,
ASN00041110,19830823,PRCP,0,,,a,
ASN00041110,19830824,PRCP,0,,,a,
ASN00041110,19830825,PRCP,0,,,a,
ASN00041110,19830826,PRCP,0,,,a,
ASN00041110,19830827,PRCP,170,,,a,
ASN00041110,19830828,PRCP,0,,,a,
ASN00041110,19830829,PRCP,0,,,a,
ASN00041110,19830830,PRCP,0,,,a,
ASN00041110,19830831,PRCP,0,,,a,
ASN00041110,19830901,PRCP,0,,,a,
ASN00041110,19830902,PRCP,0,,,a,
ASN00041110,19830903,PRCP,0,,,a,
ASN00041110,19830904,PRCP,0,,,a,
ASN00041110,19830905,PRCP,0,,,a,
ASN00041110,19830906,PRCP,130,,,a,
ASN00041110,19830907,PRCP,0,,,a,
ASN00041110,19830908,PRCP,10,,,a,
ASN00041110,19830909,PRCP,40,,,a,
ASN00041110,19830910,PRCP,0,,,a,
ASN00041110,19830911,PRCP,0,,,a,
ASN00041110,19830912,PRCP,0,,,a,
ASN00041110,19830913,PRCP,0,,,a,
ASN00041110,19830914,PRCP,0,,,a,
ASN00041110,19830915,PRCP,84,,,a,
ASN00041110,19830916,PRCP,0,,,a,
ASN00041110,19830917,PRCP,0,,,a,
ASN00041110,19830918,PRCP,68,,,a,
ASN00041110,19830919,PRCP,0,,,a,
ASN00041110,19830920,PRCP,0,,,a,
ASN00041110,19830921,PRCP,0,,,a,
ASN00041110,19830922,PRCP,0,,,a,
ASN00041110,19830923,PRCP,0,,,a,
ASN00041110,19830924,PRCP,0,,,a,
ASN00041110,19830925,PRCP,0,,,a,
ASN00041110,19830926,PRCP,0,,,a,
ASN00041110,19830927,PRCP,0,,,a,
ASN00041110,19830928,PRCP,0,,,a,
ASN00041110,19830929,PRCP,0,,,a,
ASN00041110,19830930,PRCP,0,,,a,
ASN00041110,19831001,PRCP,76,,,a,
ASN00041110,19831002,PRCP,0,,,a,
ASN00041110,19831003,PRCP,0,,,a,
ASN00041110,19831004,PRCP,0,,,a,
ASN00041110,19831005,PRCP,10,,,a,
ASN00041110,19831006,PRCP,100,,,a,
ASN00041110,19831007,PRCP,0,,,a,
ASN00041110,19831008,PRCP,0,,,a,
ASN00041110,19831009,PRCP,0,,,a,
ASN00041110,19831010,PRCP,24,,,a,
ASN00041110,19831011,PRCP,122,,,a,
ASN00041110,19831012,PRCP,12,,,a,
ASN00041110,19831013,PRCP,8,,,a,
ASN00041110,19831014,PRCP,36,,,a,
ASN00041110,19831015,PRCP,0,,,a,
ASN00041110,19831016,PRCP,196,,,a,
ASN00041110,19831017,PRCP,0,,,a,
ASN00041110,19831018,PRCP,0,,,a,
ASN00041110,19831019,PRCP,62,,,a,
ASN00041110,19831020,PRCP,100,,,a,
ASN00041110,19831021,PRCP,0,,,a,
ASN00041110,19831022,PRCP,0,,,a,
ASN00041110,19831023,PRCP,0,,,a,
ASN00041110,19831024,PRCP,14,,,a,
ASN00041110,19831025,PRCP,92,,,a,
ASN00041110,19831026,PRCP,0,,,a,
ASN00041110,19831027,PRCP,0,,,a,
ASN00041110,19831028,PRCP,0,,,a,
ASN00041110,19831029,PRCP,0,,,a,
ASN00041110,19831030,PRCP,0,,,a,
ASN00041110,19831031,PRCP,0,,,a,
ASN00041110,19831101,PRCP,0,,,a,
ASN00041110,19831102,PRCP,0,,,a,
ASN00041110,19831103,PRCP,0,,,a,
ASN00041110,19831104,PRCP,112,,,a,
ASN00041110,19831105,PRCP,82,,,a,
ASN00041110,19831106,PRCP,0,,,a,
ASN00041110,19831107,PRCP,0,,,a,
ASN00041110,19831108,PRCP,0,,,a,
ASN00041110,19831109,PRCP,0,,,a,
ASN00041110,19831110,PRCP,0,,,a,
ASN00041110,19831111,PRCP,0,,,a,
ASN00041110,19831112,PRCP,0,,,a,
ASN00041110,19831113,PRCP,8,,,a,
ASN00041110,19831114,PRCP,0,,,a,
ASN00041110,19831115,PRCP,0,,,a,
ASN00041110,19831116,PRCP,72,,,a,
ASN00041110,19831117,PRCP,90,,,a,
ASN00041110,19831118,PRCP,0,,,a,
ASN00041110,19831119,PRCP,0,,,a,
ASN00041110,19831120,PRCP,34,,,a,
ASN00041110,19831121,PRCP,550,,,a,
ASN00041110,19831122,PRCP,0,,,a,
ASN00041110,19831123,PRCP,2,,,a,
ASN00041110,19831124,PRCP,0,,,a,
ASN00041110,19831125,PRCP,4,,,a,
ASN00041110,19831126,PRCP,0,,,a,
ASN00041110,19831127,PRCP,0,,,a,
ASN00041110,19831128,PRCP,0,,,a,
ASN00041110,19831129,PRCP,16,,,a,
ASN00041110,19831130,PRCP,142,,,a,
ASN00041110,19831201,PRCP,0,,,a,
ASN00041110,19831202,PRCP,0,,,a,
ASN00041110,19831203,PRCP,0,,,a,
ASN00041110,19831204,PRCP,44,,,a,
ASN00041110,19831205,PRCP,61,,,a,
ASN00041110,19831206,PRCP,0,,,a,
ASN00041110,19831207,PRCP,26,,,a,
ASN00041110,19831208,PRCP,0,,,a,
ASN00041110,19831209,PRCP,0,,,a,
ASN00041110,19831210,PRCP,0,,,a,
ASN00041110,19831211,PRCP,551,,,a,
ASN00041110,19831212,PRCP,26,,,a,
ASN00041110,19831213,PRCP,0,,,a,
ASN00041110,19831214,PRCP,0,,,a,
ASN00041110,19831215,PRCP,71,,,a,
ASN00041110,19831216,PRCP,0,,,a,
ASN00041110,19831217,PRCP,0,,,a,
ASN00041110,19831218,PRCP,0,,,a,
ASN00041110,19831219,PRCP,0,,,a,
ASN00041110,19831220,PRCP,0,,,a,
ASN00041110,19831221,PRCP,0,,,a,
ASN00041110,19831222,PRCP,0,,,a,
ASN00041110,19831223,PRCP,0,,,a,
ASN00041110,19831224,PRCP,0,,,a,
ASN00041110,19831225,PRCP,0,,,a,
ASN00041110,19831226,PRCP,0,,,a,
ASN00041110,19831227,PRCP,0,,,a,
ASN00041110,19831228,PRCP,220,,,a,
ASN00041110,19831229,PRCP,0,,,a,
ASN00041110,19831230,PRCP,0,,,a,
ASN00041110,19831231,PRCP,0,,,a,
ASN00041110,19840101,PRCP,16,,,a,
ASN00041110,19840102,PRCP,18,,,a,
ASN00041110,19840103,PRCP,48,,,a,
ASN00041110,19840104,PRCP,0,,,a,
ASN00041110,19840105,PRCP,22,,,a,
ASN00041110,19840106,PRCP,0,,,a,
ASN00041110,19840107,PRCP,0,,,a,
ASN00041110,19840108,PRCP,2,,,a,
ASN00041110,19840109,PRCP,0,,,a,
ASN00041110,19840110,PRCP,186,,,a,
ASN00041110,19840111,PRCP,82,,,a,
ASN00041110,19840112,PRCP,0,,,a,
ASN00041110,19840113,PRCP,0,,,a,
ASN00041110,19840114,PRCP,0,,,a,
ASN00041110,19840115,PRCP,222,,,a,
ASN00041110,19840116,PRCP,0,,,a,
ASN00041110,19840117,PRCP,226,,,a,
ASN00041110,19840118,PRCP,14,,,a,
ASN00041110,19840119,PRCP,0,,,a,
ASN00041110,19840120,PRCP,0,,,a,
ASN00041110,19840121,PRCP,0,,,a,
ASN00041110,19840122,PRCP,0,,,a,
ASN00041110,19840123,PRCP,0,,,a,
ASN00041110,19840124,PRCP,0,,,a,
ASN00041110,19840125,PRCP,0,,,a,
ASN00041110,19840126,PRCP,0,,,a,
ASN00041110,19840127,PRCP,2,,,a,
ASN00041110,19840128,PRCP,360,,,a,
ASN00041110,19840129,PRCP,54,,,a,
ASN00041110,19840130,PRCP,374,,,a,
ASN00041110,19840131,PRCP,18,,,a,
ASN00041110,19840201,PRCP,0,,,a,
ASN00041110,19840202,PRCP,0,,,a,
ASN00041110,19840203,PRCP,0,,,a,
ASN00041110,19840204,PRCP,0,,,a,
ASN00041110,19840205,PRCP,0,,,a,
ASN00041110,19840206,PRCP,0,,,a,
ASN00041110,19840207,PRCP,0,,,a,
ASN00041110,19840208,PRCP,14,,,a,
ASN00041110,19840209,PRCP,2,,,a,
ASN00041110,19840210,PRCP,0,,,a,
ASN00041110,19840211,PRCP,0,,,a,
ASN00041110,19840212,PRCP,0,,,a,
ASN00041110,19840213,PRCP,0,,,a,
ASN00041110,19840214,PRCP,48,,,a,
ASN00041110,19840215,PRCP,0,,,a,
ASN00041110,19840216,PRCP,566,,,a,
ASN00041110,19840217,PRCP,56,,,a,
ASN00041110,19840218,PRCP,320,,,a,
ASN00041110,19840219,PRCP,2,,,a,
ASN00041110,19840220,PRCP,0,,,a,
ASN00041110,19840221,PRCP,0,,,a,
ASN00041110,19840222,PRCP,0,,,a,
ASN00041110,19840223,PRCP,0,,,a,
ASN00041110,19840224,PRCP,0,,,a,
ASN00041110,19840225,PRCP,38,,,a,
ASN00041110,19840226,PRCP,0,,,a,
ASN00041110,19840227,PRCP,0,,,a,
ASN00041110,19840228,PRCP,0,,,a,
ASN00041110,19840229,PRCP,0,,,a,
ASN00041110,19840301,PRCP,0,,,a,
ASN00041110,19840302,PRCP,0,,,a,
ASN00041110,19840303,PRCP,0,,,a,
ASN00041110,19840304,PRCP,0,,,a,
ASN00041110,19840305,PRCP,8,,,a,
ASN00041110,19840306,PRCP,0,,,a,
ASN00041110,19840307,PRCP,0,,,a,
ASN00041110,19840308,PRCP,0,,,a,
ASN00041110,19840309,PRCP,0,,,a,
ASN00041110,19840310,PRCP,144,,,a,
ASN00041110,19840311,PRCP,0,,,a,
ASN00041110,19840312,PRCP,150,,,a,
ASN00041110,19840313,PRCP,0,,,a,
ASN00041110,19840314,PRCP,180,,,a,
ASN00041110,19840315,PRCP,60,,,a,
ASN00041110,19840316,PRCP,0,,,a,
ASN00041110,19840317,PRCP,0,,,a,
ASN00041110,19840318,PRCP,0,,,a,
ASN00041110,19840319,PRCP,0,,,a,
ASN00041110,19840320,PRCP,0,,,a,
ASN00041110,19840321,PRCP,0,,,a,
ASN00041110,19840322,PRCP,0,,,a,
ASN00041110,19840323,PRCP,0,,,a,
ASN00041110,19840324,PRCP,0,,,a,
ASN00041110,19840325,PRCP,0,,,a,
ASN00041110,19840326,PRCP,42,,,a,
ASN00041110,19840327,PRCP,0,,,a,
ASN00041110,19840328,PRCP,0,,,a,
ASN00041110,19840329,PRCP,0,,,a,
ASN00041110,19840330,PRCP,0,,,a,
ASN00041110,19840331,PRCP,0,,,a,
ASN00041110,19840401,PRCP,0,,,a,
ASN00041110,19840402,PRCP,0,,,a,
ASN00041110,19840403,PRCP,0,,,a,
ASN00041110,19840404,PRCP,0,,,a,
ASN00041110,19840405,PRCP,0,,,a,
ASN00041110,19840406,PRCP,0,,,a,
ASN00041110,19840407,PRCP,20,,,a,
ASN00041110,19840408,PRCP,564,,,a,
ASN00041110,19840409,PRCP,490,,,a,
ASN00041110,19840410,PRCP,0,,,a,
ASN00041110,19840411,PRCP,0,,,a,
ASN00041110,19840412,PRCP,0,,,a,
ASN00041110,19840413,PRCP,0,,,a,
ASN00041110,19840414,PRCP,0,,,a,
ASN00041110,19840415,PRCP,0,,,a,
ASN00041110,19840416,PRCP,0,,,a,
ASN00041110,19840417,PRCP,4,,,a,
ASN00041110,19840418,PRCP,20,,,a,
ASN00041110,19840419,PRCP,0,,,a,
ASN00041110,19840420,PRCP,0,,,a,
ASN00041110,19840421,PRCP,590,,,a,
ASN00041110,19840422,PRCP,64,,,a,
ASN00041110,19840423,PRCP,0,,,a,
ASN00041110,19840424,PRCP,0,,,a,
ASN00041110,19840425,PRCP,0,,,a,
ASN00041110,19840426,PRCP,0,,,a,
ASN00041110,19840427,PRCP,0,,,a,
ASN00041110,19840428,PRCP,0,,,a,
ASN00041110,19840429,PRCP,0,,,a,
ASN00041110,19840430,PRCP,0,,,a,
ASN00041110,19840501,PRCP,0,,,a,
ASN00041110,19840502,PRCP,0,,,a,
ASN00041110,19840503,PRCP,0,,,a,
ASN00041110,19840504,PRCP,0,,,a,
ASN00041110,19840505,PRCP,0,,,a,
ASN00041110,19840506,PRCP,0,,,a,
ASN00041110,19840507,PRCP,32,,,a,
ASN00041110,19840508,PRCP,0,,,a,
ASN00041110,19840509,PRCP,0,,,a,
ASN00041110,19840510,PRCP,0,,,a,
ASN00041110,19840511,PRCP,0,,,a,
ASN00041110,19840512,PRCP,0,,,a,
ASN00041110,19840513,PRCP,20,,,a,
ASN00041110,19840514,PRCP,24,,,a,
ASN00041110,19840515,PRCP,0,,,a,
ASN00041110,19840516,PRCP,0,,,a,
ASN00041110,19840517,PRCP,0,,,a,
ASN00041110,19840518,PRCP,8,,,a,
ASN00041110,19840519,PRCP,0,,,a,
ASN00041110,19840520,PRCP,0,,,a,
ASN00041110,19840521,PRCP,0,,,a,
ASN00041110,19840522,PRCP,4,,,a,
ASN00041110,19840523,PRCP,0,,,a,
ASN00041110,19840524,PRCP,0,,,a,
ASN00041110,19840525,PRCP,0,,,a,
ASN00041110,19840526,PRCP,0,,,a,
ASN00041110,19840527,PRCP,0,,,a,
ASN00041110,19840528,PRCP,0,,,a,
ASN00041110,19840529,PRCP,0,,,a,
ASN00041110,19840530,PRCP,0,,,a,
ASN00041110,19840531,PRCP,0,,,a,
ASN00041110,19840601,PRCP,0,,,a,
ASN00041110,19840602,PRCP,0,,,a,
ASN00041110,19840603,PRCP,0,,,a,
ASN00041110,19840604,PRCP,0,,,a,
ASN00041110,19840605,PRCP,0,,,a,
ASN00041110,19840606,PRCP,0,,,a,
ASN00041110,19840607,PRCP,0,,,a,
ASN00041110,19840608,PRCP,0,,,a,
ASN00041110,19840609,PRCP,0,,,a,
ASN00041110,19840610,PRCP,0,,,a,
ASN00041110,19840611,PRCP,0,,,a,
ASN00041110,19840612,PRCP,0,,,a,
ASN00041110,19840613,PRCP,0,,,a,
ASN00041110,19840614,PRCP,0,,,a,
ASN00041110,19840615,PRCP,0,,,a,
ASN00041110,19840616,PRCP,0,,,a,
ASN00041110,19840617,PRCP,0,,,a,
ASN00041110,19840618,PRCP,106,,,a,
ASN00041110,19840619,PRCP,0,,,a,
ASN00041110,19840620,PRCP,0,,,a,
ASN00041110,19840621,PRCP,0,,,a,
ASN00041110,19840622,PRCP,0,,,a,
ASN00041110,19840623,PRCP,0,,,a,
ASN00041110,19840624,PRCP,0,,,a,
ASN00041110,19840625,PRCP,0,,,a,
ASN00041110,19840626,PRCP,126,,,a,
ASN00041110,19840627,PRCP,0,,,a,
ASN00041110,19840628,PRCP,0,,,a,
ASN00041110,19840629,PRCP,0,,,a,
ASN00041110,19840630,PRCP,0,,,a,
ASN00041110,19840701,PRCP,0,,,a,
ASN00041110,19840702,PRCP,0,,,a,
ASN00041110,19840703,PRCP,0,,,a,
ASN00041110,19840704,PRCP,62,,,a,
ASN00041110,19840705,PRCP,16,,,a,
ASN00041110,19840706,PRCP,0,,,a,
ASN00041110,19840707,PRCP,0,,,a,
ASN00041110,19840708,PRCP,0,,,a,
ASN00041110,19840709,PRCP,0,,,a,
ASN00041110,19840710,PRCP,0,,,a,
ASN00041110,19840711,PRCP,4,,,a,
ASN00041110,19840712,PRCP,0,,,a,
ASN00041110,19840713,PRCP,42,,,a,
ASN00041110,19840714,PRCP,148,,,a,
ASN00041110,19840715,PRCP,60,,,a,
ASN00041110,19840716,PRCP,20,,,a,
ASN00041110,19840717,PRCP,122,,,a,
ASN00041110,19840718,PRCP,68,,,a,
ASN00041110,19840719,PRCP,0,,,a,
ASN00041110,19840720,PRCP,0,,,a,
ASN00041110,19840721,PRCP,0,,,a,
ASN00041110,19840722,PRCP,0,,,a,
ASN00041110,19840723,PRCP,43,,,a,
ASN00041110,19840724,PRCP,127,,,a,
ASN00041110,19840725,PRCP,224,,,a,
ASN00041110,19840726,PRCP,140,,,a,
ASN00041110,19840727,PRCP,460,,,a,
ASN00041110,19840728,PRCP,16,,,a,
ASN00041110,19840729,PRCP,2,,,a,
ASN00041110,19840730,PRCP,4,,,a,
ASN00041110,19840731,PRCP,0,,,a,
ASN00041110,19840801,PRCP,0,,,a,
ASN00041110,19840802,PRCP,0,,,a,
ASN00041110,19840803,PRCP,0,,,a,
ASN00041110,19840804,PRCP,0,,,a,
ASN00041110,19840805,PRCP,0,,,a,
ASN00041110,19840806,PRCP,0,,,a,
ASN00041110,19840807,PRCP,34,,,a,
ASN00041110,19840808,PRCP,0,,,a,
ASN00041110,19840809,PRCP,0,,,a,
ASN00041110,19840810,PRCP,0,,,a,
ASN00041110,19840811,PRCP,108,,,a,
ASN00041110,19840812,PRCP,0,,,a,
ASN00041110,19840813,PRCP,0,,,a,
ASN00041110,19840814,PRCP,0,,,a,
ASN00041110,19840815,PRCP,0,,,a,
ASN00041110,19840816,PRCP,0,,,a,
ASN00041110,19840817,PRCP,0,,,a,
ASN00041110,19840818,PRCP,0,,,a,
ASN00041110,19840819,PRCP,0,,,a,
ASN00041110,19840820,PRCP,0,,,a,
ASN00041110,19840821,PRCP,100,,,a,
ASN00041110,19840822,PRCP,0,,,a,
ASN00041110,19840823,PRCP,0,,,a,
ASN00041110,19840824,PRCP,0,,,a,
ASN00041110,19840825,PRCP,74,,,a,
ASN00041110,19840826,PRCP,0,,,a,
ASN00041110,19840827,PRCP,0,,,a,
ASN00041110,19840828,PRCP,0,,,a,
ASN00041110,19840829,PRCP,0,,,a,
ASN00041110,19840830,PRCP,0,,,a,
ASN00041110,19840831,PRCP,0,,,a,
ASN00041110,19840901,PRCP,0,,,a,
ASN00041110,19840902,PRCP,12,,,a,
ASN00041110,19840903,PRCP,0,,,a,
ASN00041110,19840904,PRCP,0,,,a,
ASN00041110,19840905,PRCP,234,,,a,
ASN00041110,19840906,PRCP,0,,,a,
ASN00041110,19840907,PRCP,0,,,a,
ASN00041110,19840908,PRCP,0,,,a,
ASN00041110,19840909,PRCP,14,,,a,
ASN00041110,19840910,PRCP,0,,,a,
ASN00041110,19840911,PRCP,0,,,a,
ASN00041110,19840912,PRCP,38,,,a,
ASN00041110,19840913,PRCP,0,,,a,
ASN00041110,19840914,PRCP,140,,,a,
ASN00041110,19840915,PRCP,0,,,a,
ASN00041110,19840916,PRCP,0,,,a,
ASN00041110,19840917,PRCP,140,,,a,
ASN00041110,19840918,PRCP,0,,,a,
ASN00041110,19840919,PRCP,0,,,a,
ASN00041110,19840920,PRCP,0,,,a,
ASN00041110,19840921,PRCP,0,,,a,
ASN00041110,19840922,PRCP,0,,,a,
ASN00041110,19840923,PRCP,0,,,a,
ASN00041110,19840924,PRCP,0,,,a,
ASN00041110,19840925,PRCP,0,,,a,
ASN00041110,19840926,PRCP,0,,,a,
ASN00041110,19840927,PRCP,0,,,a,
ASN00041110,19840928,PRCP,0,,,a,
ASN00041110,19840929,PRCP,0,,,a,
ASN00041110,19840930,PRCP,0,,,a,
ASN00041110,19841001,PRCP,0,,,a,
ASN00041110,19841002,PRCP,0,,,a,
ASN00041110,19841003,PRCP,0,,,a,
ASN00041110,19841004,PRCP,74,,,a,
ASN00041110,19841005,PRCP,0,,,a,
ASN00041110,19841006,PRCP,0,,,a,
ASN00041110,19841007,PRCP,0,,,a,
ASN00041110,19841008,PRCP,0,,,a,
ASN00041110,19841009,PRCP,0,,,a,
ASN00041110,19841010,PRCP,0,,,a,
ASN00041110,19841011,PRCP,0,,,a,
ASN00041110,19841012,PRCP,0,,,a,
ASN00041110,19841013,PRCP,0,,,a,
ASN00041110,19841014,PRCP,0,,,a,
ASN00041110,19841015,PRCP,0,,,a,
ASN00041110,19841016,PRCP,0,,,a,
ASN00041110,19841017,PRCP,4,,,a,
ASN00041110,19841018,PRCP,0,,,a,
ASN00041110,19841019,PRCP,0,,,a,
ASN00041110,19841020,PRCP,0,,,a,
ASN00041110,19841021,PRCP,0,,,a,
ASN00041110,19841022,PRCP,0,,,a,
ASN00041110,19841023,PRCP,1,,,a,
ASN00041110,19841024,PRCP,0,,,a,
ASN00041110,19841025,PRCP,0,,,a,
ASN00041110,19841026,PRCP,0,,,a,
ASN00041110,19841027,PRCP,0,,,a,
ASN00041110,19841028,PRCP,0,,,a,
ASN00041110,19841029,PRCP,0,,,a,
ASN00041110,19841030,PRCP,210,,,a,
ASN00041110,19841031,PRCP,6,,,a,
ASN00041110,19841101,PRCP,0,,,a,
ASN00041110,19841102,PRCP,0,,,a,
ASN00041110,19841103,PRCP,0,,,a,
ASN00041110,19841104,PRCP,74,,,a,
ASN00041110,19841105,PRCP,430,,,a,
ASN00041110,19841106,PRCP,0,,,a,
ASN00041110,19841107,PRCP,0,,,a,
ASN00041110,19841108,PRCP,0,,,a,
ASN00041110,19841109,PRCP,32,,,a,
ASN00041110,19841110,PRCP,0,,,a,
ASN00041110,19841111,PRCP,238,,,a,
ASN00041110,19841112,PRCP,0,,,a,
ASN00041110,19841113,PRCP,0,,,a,
ASN00041110,19841114,PRCP,0,,,a,
ASN00041110,19841115,PRCP,0,,,a,
ASN00041110,19841116,PRCP,0,,,a,
ASN00041110,19841117,PRCP,0,,,a,
ASN00041110,19841118,PRCP,0,,,a,
ASN00041110,19841119,PRCP,0,,,a,
ASN00041110,19841120,PRCP,0,,,a,
ASN00041110,19841121,PRCP,0,,,a,
ASN00041110,19841122,PRCP,0,,,a,
ASN00041110,19841123,PRCP,0,,,a,
ASN00041110,19841124,PRCP,0,,,a,
ASN00041110,19841125,PRCP,0,,,a,
ASN00041110,19841126,PRCP,0,,,a,
ASN00041110,19841127,PRCP,0,,,a,
ASN00041110,19841128,PRCP,0,,,a,
ASN00041110,19841129,PRCP,0,,,a,
ASN00041110,19841130,PRCP,0,,,a,
ASN00041110,19841201,PRCP,0,,,a,
ASN00041110,19841202,PRCP,0,,,a,
ASN00041110,19841203,PRCP,0,,,a,
ASN00041110,19841204,PRCP,0,,,a,
ASN00041110,19841205,PRCP,0,,,a,
ASN00041110,19841206,PRCP,0,,,a,
ASN00041110,19841207,PRCP,92,,,a,
ASN00041110,19841208,PRCP,16,,,a,
ASN00041110,19841209,PRCP,0,,,a,
ASN00041110,19841210,PRCP,0,,,a,
ASN00041110,19841211,PRCP,0,,,a,
ASN00041110,19841212,PRCP,84,,,a,
ASN00041110,19841213,PRCP,0,,,a,
ASN00041110,19841214,PRCP,0,,,a,
ASN00041110,19841215,PRCP,0,,,a,
ASN00041110,19841216,PRCP,0,,,a,
ASN00041110,19841217,PRCP,0,,,a,
ASN00041110,19841218,PRCP,0,,,a,
ASN00041110,19841219,PRCP,68,,,a,
ASN00041110,19841220,PRCP,0,,,a,
ASN00041110,19841221,PRCP,0,,,a,
ASN00041110,19841222,PRCP,0,,,a,
ASN00041110,19841223,PRCP,0,,,a,
ASN00041110,19841224,PRCP,0,,,a,
ASN00041110,19841225,PRCP,0,,,a,
ASN00041110,19841226,PRCP,0,,,a,
ASN00041110,19841227,PRCP,0,,,a,
ASN00041110,19841228,PRCP,8,,,a,
ASN00041110,19841229,PRCP,8,,,a,
ASN00041110,19841230,PRCP,150,,,a,
ASN00041110,19841231,PRCP,0,,,a,
ASN00041110,19850101,PRCP,110,,,a,
ASN00041110,19850102,PRCP,0,,,a,
ASN00041110,19850103,PRCP,0,,,a,
ASN00041110,19850104,PRCP,0,,,a,
ASN00041110,19850105,PRCP,0,,,a,
ASN00041110,19850106,PRCP,0,,,a,
ASN00041110,19850107,PRCP,0,,,a,
ASN00041110,19850108,PRCP,5,,,a,
ASN00041110,19850109,PRCP,40,,,a,
ASN00041110,19850110,PRCP,0,,,a,
ASN00041110,19850111,PRCP,0,,,a,
ASN00041110,19850112,PRCP,0,,,a,
ASN00041110,19850113,PRCP,0,,,a,
ASN00041110,19850114,PRCP,0,,,a,
ASN00041110,19850115,PRCP,0,,,a,
ASN00041110,19850116,PRCP,0,,,a,
ASN00041110,19850117,PRCP,0,,,a,
ASN00041110,19850118,PRCP,0,,,a,
ASN00041110,19850119,PRCP,0,,,a,
ASN00041110,19850120,PRCP,0,,,a,
ASN00041110,19850121,PRCP,0,,,a,
ASN00041110,19850122,PRCP,0,,,a,
ASN00041110,19850123,PRCP,0,,,a,
ASN00041110,19850124,PRCP,60,,,a,
ASN00041110,19850125,PRCP,142,,,a,
ASN00041110,19850126,PRCP,22,,,a,
ASN00041110,19850127,PRCP,0,,,a,
ASN00041110,19850128,PRCP,0,,,a,
ASN00041110,19850129,PRCP,10,,,a,
ASN00041110,19850130,PRCP,0,,,a,
ASN00041110,19850131,PRCP,0,,,a,
ASN00041110,19850201,PRCP,16,,,a,
ASN00041110,19850202,PRCP,0,,,a,
ASN00041110,19850203,PRCP,0,,,a,
ASN00041110,19850204,PRCP,0,,,a,
ASN00041110,19850205,PRCP,0,,,a,
ASN00041110,19850206,PRCP,0,,,a,
ASN00041110,19850207,PRCP,0,,,a,
ASN00041110,19850208,PRCP,0,,,a,
ASN00041110,19850209,PRCP,0,,,a,
ASN00041110,19850210,PRCP,0,,,a,
ASN00041110,19850211,PRCP,0,,,a,
ASN00041110,19850212,PRCP,0,,,a,
ASN00041110,19850213,PRCP,0,,,a,
ASN00041110,19850214,PRCP,0,,,a,
ASN00041110,19850215,PRCP,0,,,a,
ASN00041110,19850216,PRCP,0,,,a,
ASN00041110,19850217,PRCP,0,,,a,
ASN00041110,19850218,PRCP,12,,,a,
ASN00041110,19850219,PRCP,630,,,a,
ASN00041110,19850220,PRCP,0,,,a,
ASN00041110,19850221,PRCP,0,,,a,
ASN00041110,19850222,PRCP,0,,,a,
ASN00041110,19850223,PRCP,8,,,a,
ASN00041110,19850224,PRCP,0,,,a,
ASN00041110,19850225,PRCP,0,,,a,
ASN00041110,19850226,PRCP,0,,,a,
ASN00041110,19850227,PRCP,18,,,a,
ASN00041110,19850228,PRCP,0,,,a,
ASN00041110,19850301,PRCP,0,,,a,
ASN00041110,19850302,PRCP,0,,,a,
ASN00041110,19850303,PRCP,0,,,a,
ASN00041110,19850304,PRCP,0,,,a,
ASN00041110,19850305,PRCP,0,,,a,
ASN00041110,19850306,PRCP,0,,,a,
ASN00041110,19850307,PRCP,0,,,a,
ASN00041110,19850308,PRCP,0,,,a,
ASN00041110,19850309,PRCP,20,,,a,
ASN00041110,19850310,PRCP,0,,,a,
ASN00041110,19850311,PRCP,1,,,a,
ASN00041110,19850312,PRCP,0,,,a,
ASN00041110,19850313,PRCP,0,,,a,
ASN00041110,19850314,PRCP,0,,,a,
ASN00041110,19850315,PRCP,0,,,a,
ASN00041110,19850316,PRCP,0,,,a,
ASN00041110,19850317,PRCP,0,,,a,
ASN00041110,19850318,PRCP,0,,,a,
ASN00041110,19850319,PRCP,0,,,a,
ASN00041110,19850320,PRCP,0,,,a,
ASN00041110,19850321,PRCP,0,,,a,
ASN00041110,19850322,PRCP,0,,,a,
ASN00041110,19850323,PRCP,0,,,a,
ASN00041110,19850324,PRCP,0,,,a,
ASN00041110,19850325,PRCP,0,,,a,
ASN00041110,19850326,PRCP,50,,,a,
ASN00041110,19850327,PRCP,10,,,a,
ASN00041110,19850328,PRCP,0,,,a,
ASN00041110,19850329,PRCP,0,,,a,
ASN00041110,19850330,PRCP,0,,,a,
ASN00041110,19850331,PRCP,0,,,a,
ASN00041110,19850401,PRCP,30,,,a,
ASN00041110,19850402,PRCP,6,,,a,
ASN00041110,19850403,PRCP,2,,,a,
ASN00041110,19850404,PRCP,172,,,a,
ASN00041110,19850405,PRCP,0,,,a,
ASN00041110,19850406,PRCP,0,,,a,
ASN00041110,19850407,PRCP,0,,,a,
ASN00041110,19850408,PRCP,0,,,a,
ASN00041110,19850409,PRCP,52,,,a,
ASN00041110,19850410,PRCP,0,,,a,
ASN00041110,19850411,PRCP,2,,,a,
ASN00041110,19850412,PRCP,0,,,a,
ASN00041110,19850413,PRCP,0,,,a,
ASN00041110,19850414,PRCP,0,,,a,
ASN00041110,19850415,PRCP,0,,,a,
ASN00041110,19850416,PRCP,0,,,a,
ASN00041110,19850417,PRCP,0,,,a,
ASN00041110,19850418,PRCP,0,,,a,
ASN00041110,19850419,PRCP,0,,,a,
ASN00041110,19850420,PRCP,0,,,a,
ASN00041110,19850421,PRCP,0,,,a,
ASN00041110,19850422,PRCP,76,,,a,
ASN00041110,19850423,PRCP,90,,,a,
ASN00041110,19850424,PRCP,0,,,a,
ASN00041110,19850425,PRCP,0,,,a,
ASN00041110,19850426,PRCP,94,,,a,
ASN00041110,19850427,PRCP,0,,,a,
ASN00041110,19850428,PRCP,0,,,a,
ASN00041110,19850429,PRCP,0,,,a,
ASN00041110,19850430,PRCP,0,,,a,
ASN00041110,19850501,PRCP,0,,,a,
ASN00041110,19850502,PRCP,0,,,a,
ASN00041110,19850503,PRCP,0,,,a,
ASN00041110,19850504,PRCP,0,,,a,
ASN00041110,19850505,PRCP,0,,,a,
ASN00041110,19850506,PRCP,0,,,a,
ASN00041110,19850507,PRCP,0,,,a,
ASN00041110,19850508,PRCP,180,,,a,
ASN00041110,19850509,PRCP,0,,,a,
ASN00041110,19850510,PRCP,0,,,a,
ASN00041110,19850511,PRCP,0,,,a,
ASN00041110,19850512,PRCP,0,,,a,
ASN00041110,19850513,PRCP,0,,,a,
ASN00041110,19850514,PRCP,0,,,a,
ASN00041110,19850515,PRCP,0,,,a,
ASN00041110,19850516,PRCP,0,,,a,
ASN00041110,19850517,PRCP,70,,,a,
ASN00041110,19850518,PRCP,0,,,a,
ASN00041110,19850519,PRCP,0,,,a,
ASN00041110,19850520,PRCP,156,,,a,
ASN00041110,19850521,PRCP,0,,,a,
ASN00041110,19850522,PRCP,0,,,a,
ASN00041110,19850523,PRCP,0,,,a,
ASN00041110,19850524,PRCP,0,,,a,
ASN00041110,19850525,PRCP,0,,,a,
ASN00041110,19850526,PRCP,0,,,a,
ASN00041110,19850527,PRCP,0,,,a,
ASN00041110,19850528,PRCP,0,,,a,
ASN00041110,19850529,PRCP,0,,,a,
ASN00041110,19850530,PRCP,0,,,a,
ASN00041110,19850531,PRCP,0,,,a,
ASN00041110,19850601,PRCP,0,,,a,
ASN00041110,19850602,PRCP,16,,,a,
ASN00041110,19850603,PRCP,116,,,a,
ASN00041110,19850604,PRCP,284,,,a,
ASN00041110,19850605,PRCP,0,,,a,
ASN00041110,19850606,PRCP,16,,,a,
ASN00041110,19850607,PRCP,2,,,a,
ASN00041110,19850608,PRCP,0,,,a,
ASN00041110,19850609,PRCP,0,,,a,
ASN00041110,19850610,PRCP,0,,,a,
ASN00041110,19850611,PRCP,10,,,a,
ASN00041110,19850612,PRCP,0,,,a,
ASN00041110,19850613,PRCP,0,,,a,
ASN00041110,19850614,PRCP,0,,,a,
ASN00041110,19850615,PRCP,0,,,a,
ASN00041110,19850616,PRCP,0,,,a,
ASN00041110,19850617,PRCP,0,,,a,
ASN00041110,19850618,PRCP,0,,,a,
ASN00041110,19850619,PRCP,0,,,a,
ASN00041110,19850620,PRCP,0,,,a,
ASN00041110,19850621,PRCP,0,,,a,
ASN00041110,19850622,PRCP,0,,,a,
ASN00041110,19850623,PRCP,0,,,a,
ASN00041110,19850624,PRCP,0,,,a,
ASN00041110,19850625,PRCP,0,,,a,
ASN00041110,19850626,PRCP,0,,,a,
ASN00041110,19850627,PRCP,0,,,a,
ASN00041110,19850628,PRCP,0,,,a,
ASN00041110,19850629,PRCP,0,,,a,
ASN00041110,19850630,PRCP,0,,,a,
ASN00041110,19850701,PRCP,0,,,a,
ASN00041110,19850702,PRCP,0,,,a,
ASN00041110,19850703,PRCP,0,,,a,
ASN00041110,19850704,PRCP,0,,,a,
ASN00041110,19850705,PRCP,0,,,a,
ASN00041110,19850706,PRCP,0,,,a,
ASN00041110,19850707,PRCP,20,,,a,
ASN00041110,19850708,PRCP,54,,,a,
ASN00041110,19850709,PRCP,470,,,a,
ASN00041110,19850710,PRCP,52,,,a,
ASN00041110,19850711,PRCP,0,,,a,
ASN00041110,19850712,PRCP,0,,,a,
ASN00041110,19850713,PRCP,0,,,a,
ASN00041110,19850714,PRCP,0,,,a,
ASN00041110,19850715,PRCP,0,,,a,
ASN00041110,19850716,PRCP,0,,,a,
ASN00041110,19850717,PRCP,0,,,a,
ASN00041110,19850718,PRCP,0,,,a,
ASN00041110,19850719,PRCP,0,,,a,
ASN00041110,19850720,PRCP,0,,,a,
ASN00041110,19850721,PRCP,0,,,a,
ASN00041110,19850722,PRCP,0,,,a,
ASN00041110,19850723,PRCP,0,,,a,
ASN00041110,19850724,PRCP,0,,,a,
ASN00041110,19850725,PRCP,0,,,a,
ASN00041110,19850726,PRCP,0,,,a,
ASN00041110,19850727,PRCP,0,,,a,
ASN00041110,19850728,PRCP,0,,,a,
ASN00041110,19850729,PRCP,0,,,a,
ASN00041110,19850730,PRCP,0,,,a,
ASN00041110,19850731,PRCP,0,,,a,
ASN00041110,19850801,PRCP,0,,,a,
ASN00041110,19850802,PRCP,0,,,a,
ASN00041110,19850803,PRCP,0,,,a,
ASN00041110,19850804,PRCP,0,,,a,
ASN00041110,19850805,PRCP,0,,,a,
ASN00041110,19850806,PRCP,0,,,a,
ASN00041110,19850807,PRCP,14,,,a,
ASN00041110,19850808,PRCP,0,,,a,
ASN00041110,19850809,PRCP,0,,,a,
ASN00041110,19850810,PRCP,0,,,a,
ASN00041110,19850811,PRCP,0,,,a,
ASN00041110,19850812,PRCP,0,,,a,
ASN00041110,19850813,PRCP,0,,,a,
ASN00041110,19850814,PRCP,110,,,a,
ASN00041110,19850815,PRCP,0,,,a,
ASN00041110,19850816,PRCP,40,,,a,
ASN00041110,19850817,PRCP,76,,,a,
ASN00041110,19850818,PRCP,36,,,a,
ASN00041110,19850819,PRCP,0,,,a,
ASN00041110,19850820,PRCP,0,,,a,
ASN00041110,19850821,PRCP,0,,,a,
ASN00041110,19850822,PRCP,0,,,a,
ASN00041110,19850823,PRCP,70,,,a,
ASN00041110,19850824,PRCP,0,,,a,
ASN00041110,19850825,PRCP,0,,,a,
ASN00041110,19850826,PRCP,0,,,a,
ASN00041110,19850827,PRCP,0,,,a,
ASN00041110,19850828,PRCP,0,,,a,
ASN00041110,19850829,PRCP,0,,,a,
ASN00041110,19850830,PRCP,144,,,a,
ASN00041110,19850831,PRCP,88,,,a,
ASN00041110,19850901,PRCP,16,,,a,
ASN00041110,19850902,PRCP,0,,,a,
ASN00041110,19850903,PRCP,40,,,a,
ASN00041110,19850904,PRCP,0,,,a,
ASN00041110,19850905,PRCP,0,,,a,
ASN00041110,19850906,PRCP,0,,,a,
ASN00041110,19850907,PRCP,0,,,a,
ASN00041110,19850908,PRCP,0,,,a,
ASN00041110,19850909,PRCP,0,,,a,
ASN00041110,19850910,PRCP,0,,,a,
ASN00041110,19850911,PRCP,4,,,a,
ASN00041110,19850912,PRCP,0,,,a,
ASN00041110,19850913,PRCP,0,,,a,
ASN00041110,19850914,PRCP,0,,,a,
ASN00041110,19850915,PRCP,0,,,a,
ASN00041110,19850916,PRCP,0,,,a,
ASN00041110,19850917,PRCP,0,,,a,
ASN00041110,19850918,PRCP,0,,,a,
ASN00041110,19850919,PRCP,0,,,a,
ASN00041110,19850920,PRCP,66,,,a,
ASN00041110,19850921,PRCP,70,,,a,
ASN00041110,19850922,PRCP,0,,,a,
ASN00041110,19850923,PRCP,0,,,a,
ASN00041110,19850924,PRCP,0,,,a,
ASN00041110,19850925,PRCP,0,,,a,
ASN00041110,19850926,PRCP,0,,,a,
ASN00041110,19850927,PRCP,0,,,a,
ASN00041110,19850928,PRCP,0,,,a,
ASN00041110,19850929,PRCP,0,,,a,
ASN00041110,19850930,PRCP,0,,,a,
ASN00041110,19851001,PRCP,0,,,a,
ASN00041110,19851002,PRCP,0,,,a,
ASN00041110,19851003,PRCP,0,,,a,
ASN00041110,19851004,PRCP,0,,,a,
ASN00041110,19851005,PRCP,0,,,a,
ASN00041110,19851006,PRCP,0,,,a,
ASN00041110,19851007,PRCP,0,,,a,
ASN00041110,19851008,PRCP,0,,,a,
ASN00041110,19851009,PRCP,0,,,a,
ASN00041110,19851010,PRCP,6,,,a,
ASN00041110,19851011,PRCP,0,,,a,
ASN00041110,19851012,PRCP,2,,,a,
ASN00041110,19851013,PRCP,10,,,a,
ASN00041110,19851014,PRCP,100,,,a,
ASN00041110,19851015,PRCP,0,,,a,
ASN00041110,19851016,PRCP,20,,,a,
ASN00041110,19851017,PRCP,1,,,a,
ASN00041110,19851018,PRCP,0,,,a,
ASN00041110,19851019,PRCP,0,,,a,
ASN00041110,19851020,PRCP,14,,,a,
ASN00041110,19851021,PRCP,0,,,a,
ASN00041110,19851022,PRCP,0,,,a,
ASN00041110,19851023,PRCP,400,,,a,
ASN00041110,19851024,PRCP,24,,,a,
ASN00041110,19851025,PRCP,0,,,a,
ASN00041110,19851026,PRCP,0,,,a,
ASN00041110,19851027,PRCP,60,,,a,
ASN00041110,19851028,PRCP,0,,,a,
ASN00041110,19851029,PRCP,0,,,a,
ASN00041110,19851030,PRCP,0,,,a,
ASN00041110,19851031,PRCP,72,,,a,
ASN00041110,19851101,PRCP,0,,,a,
ASN00041110,19851102,PRCP,0,,,a,
ASN00041110,19851103,PRCP,0,,,a,
ASN00041110,19851104,PRCP,0,,,a,
ASN00041110,19851105,PRCP,0,,,a,
ASN00041110,19851106,PRCP,0,,,a,
ASN00041110,19851107,PRCP,0,,,a,
ASN00041110,19851108,PRCP,124,,,a,
ASN00041110,19851109,PRCP,22,,,a,
ASN00041110,19851110,PRCP,0,,,a,
ASN00041110,19851111,PRCP,0,,,a,
ASN00041110,19851112,PRCP,0,,,a,
ASN00041110,19851113,PRCP,0,,,a,
ASN00041110,19851114,PRCP,0,,,a,
ASN00041110,19851115,PRCP,0,,,a,
ASN00041110,19851116,PRCP,0,,,a,
ASN00041110,19851117,PRCP,0,,,a,
ASN00041110,19851118,PRCP,0,,,a,
ASN00041110,19851119,PRCP,0,,,a,
ASN00041110,19851120,PRCP,0,,,a,
ASN00041110,19851121,PRCP,0,,,a,
ASN00041110,19851122,PRCP,110,,,a,
ASN00041110,19851123,PRCP,0,,,a,
ASN00041110,19851124,PRCP,0,,,a,
ASN00041110,19851125,PRCP,0,,,a,
ASN00041110,19851126,PRCP,50,,,a,
ASN00041110,19851127,PRCP,6,,,a,
ASN00041110,19851128,PRCP,0,,,a,
ASN00041110,19851129,PRCP,0,,,a,
ASN00041110,19851130,PRCP,0,,,a,
ASN00041110,19851201,PRCP,0,,,a,
ASN00041110,19851202,PRCP,102,,,a,
ASN00041110,19851203,PRCP,22,,,a,
ASN00041110,19851204,PRCP,0,,,a,
ASN00041110,19851205,PRCP,70,,,a,
ASN00041110,19851206,PRCP,0,,,a,
ASN00041110,19851207,PRCP,0,,,a,
ASN00041110,19851208,PRCP,6,,,a,
ASN00041110,19851209,PRCP,152,,,a,
ASN00041110,19851210,PRCP,48,,,a,
ASN00041110,19851211,PRCP,0,,,a,
ASN00041110,19851212,PRCP,0,,,a,
ASN00041110,19851213,PRCP,0,,,a,
ASN00041110,19851214,PRCP,0,,,a,
ASN00041110,19851215,PRCP,0,,,a,
ASN00041110,19851216,PRCP,0,,,a,
ASN00041110,19851217,PRCP,110,,,a,
ASN00041110,19851218,PRCP,4,,,a,
ASN00041110,19851219,PRCP,0,,,a,
ASN00041110,19851220,PRCP,0,,,a,
ASN00041110,19851221,PRCP,0,,,a,
ASN00041110,19851222,PRCP,70,,,a,
ASN00041110,19851223,PRCP,232,,,a,
ASN00041110,19851224,PRCP,0,,,a,
ASN00041110,19851225,PRCP,0,,,a,
ASN00041110,19851226,PRCP,0,,,a,
ASN00041110,19851227,PRCP,0,,,a,
ASN00041110,19851228,PRCP,0,,,a,
ASN00041110,19851229,PRCP,0,,,a,
ASN00041110,19851230,PRCP,0,,,a,
ASN00041110,19851231,PRCP,0,,,a,
ASN00041110,19860101,PRCP,66,,,a,
ASN00041110,19860102,PRCP,0,,,a,
ASN00041110,19860103,PRCP,0,,,a,
ASN00041110,19860104,PRCP,0,,,a,
ASN00041110,19860105,PRCP,0,,,a,
ASN00041110,19860106,PRCP,0,,,a,
ASN00041110,19860107,PRCP,160,,,a,
ASN00041110,19860108,PRCP,0,,,a,
ASN00041110,19860109,PRCP,0,,,a,
ASN00041110,19860110,PRCP,74,,,a,
ASN00041110,19860111,PRCP,30,,,a,
ASN00041110,19860112,PRCP,0,,,a,
ASN00041110,19860113,PRCP,0,,,a,
ASN00041110,19860114,PRCP,0,,,a,
ASN00041110,19860115,PRCP,0,,,a,
ASN00041110,19860116,PRCP,0,,,a,
ASN00041110,19860117,PRCP,0,,,a,
ASN00041110,19860118,PRCP,0,,,a,
ASN00041110,19860119,PRCP,0,,,a,
ASN00041110,19860120,PRCP,0,,,a,
ASN00041110,19860121,PRCP,0,,,a,
ASN00041110,19860122,PRCP,0,,,a,
ASN00041110,19860123,PRCP,0,,,a,
ASN00041110,19860124,PRCP,10,,,a,
ASN00041110,19860125,PRCP,340,,,a,
ASN00041110,19860126,PRCP,0,,,a,
ASN00041110,19860127,PRCP,0,,,a,
ASN00041110,19860128,PRCP,0,,,a,
ASN00041110,19860129,PRCP,0,,,a,
ASN00041110,19860130,PRCP,0,,,a,
ASN00041110,19860131,PRCP,0,,,a,
ASN00041110,19860201,PRCP,0,,,a,
ASN00041110,19860202,PRCP,0,,,a,
ASN00041110,19860203,PRCP,0,,,a,
ASN00041110,19860204,PRCP,0,,,a,
ASN00041110,19860205,PRCP,136,,,a,
ASN00041110,19860206,PRCP,20,,,a,
ASN00041110,19860207,PRCP,0,,,a,
ASN00041110,19860208,PRCP,122,,,a,
ASN00041110,19860209,PRCP,0,,,a,
ASN00041110,19860210,PRCP,0,,,a,
ASN00041110,19860211,PRCP,306,,,a,
ASN00041110,19860212,PRCP,122,,,a,
ASN00041110,19860213,PRCP,110,,,a,
ASN00041110,19860214,PRCP,0,,,a,
ASN00041110,19860215,PRCP,0,,,a,
ASN00041110,19860216,PRCP,0,,,a,
ASN00041110,19860217,PRCP,0,,,a,
ASN00041110,19860218,PRCP,0,,,a,
ASN00041110,19860219,PRCP,0,,,a,
ASN00041110,19860220,PRCP,0,,,a,
ASN00041110,19860221,PRCP,0,,,a,
ASN00041110,19860222,PRCP,54,,,a,
ASN00041110,19860223,PRCP,46,,,a,
ASN00041110,19860224,PRCP,50,,,a,
ASN00041110,19860225,PRCP,16,,,a,
ASN00041110,19860226,PRCP,0,,,a,
ASN00041110,19860227,PRCP,0,,,a,
ASN00041110,19860228,PRCP,0,,,a,
ASN00041110,19860301,PRCP,0,,,a,
ASN00041110,19860302,PRCP,0,,,a,
ASN00041110,19860303,PRCP,0,,,a,
ASN00041110,19860304,PRCP,0,,,a,
ASN00041110,19860305,PRCP,0,,,a,
ASN00041110,19860306,PRCP,0,,,a,
ASN00041110,19860307,PRCP,0,,,a,
ASN00041110,19860308,PRCP,0,,,a,
ASN00041110,19860309,PRCP,0,,,a,
ASN00041110,19860310,PRCP,0,,,a,
ASN00041110,19860311,PRCP,0,,,a,
ASN00041110,19860312,PRCP,0,,,a,
ASN00041110,19860313,PRCP,0,,,a,
ASN00041110,19860314,PRCP,0,,,a,
ASN00041110,19860315,PRCP,0,,,a,
ASN00041110,19860316,PRCP,0,,,a,
ASN00041110,19860317,PRCP,0,,,a,
ASN00041110,19860318,PRCP,0,,,a,
ASN00041110,19860319,PRCP,0,,,a,
ASN00041110,19860320,PRCP,0,,,a,
ASN00041110,19860321,PRCP,0,,,a,
ASN00041110,19860322,PRCP,0,,,a,
ASN00041110,19860323,PRCP,0,,,a,
ASN00041110,19860324,PRCP,0,,,a,
ASN00041110,19860325,PRCP,0,,,a,
ASN00041110,19860326,PRCP,0,,,a,
ASN00041110,19860327,PRCP,0,,,a,
ASN00041110,19860328,PRCP,22,,,a,
ASN00041110,19860329,PRCP,0,,,a,
ASN00041110,19860330,PRCP,0,,,a,
ASN00041110,19860331,PRCP,0,,,a,
ASN00041110,19860401,PRCP,0,,,a,
ASN00041110,19860402,PRCP,0,,,a,
ASN00041110,19860403,PRCP,0,,,a,
ASN00041110,19860404,PRCP,0,,,a,
ASN00041110,19860405,PRCP,0,,,a,
ASN00041110,19860406,PRCP,0,,,a,
ASN00041110,19860407,PRCP,0,,,a,
ASN00041110,19860408,PRCP,0,,,a,
ASN00041110,19860409,PRCP,0,,,a,
ASN00041110,19860410,PRCP,0,,,a,
ASN00041110,19860411,PRCP,0,,,a,
ASN00041110,19860412,PRCP,0,,,a,
ASN00041110,19860413,PRCP,0,,,a,
ASN00041110,19860414,PRCP,0,,,a,
ASN00041110,19860415,PRCP,0,,,a,
ASN00041110,19860416,PRCP,0,,,a,
ASN00041110,19860417,PRCP,0,,,a,
ASN00041110,19860418,PRCP,0,,,a,
ASN00041110,19860419,PRCP,68,,,a,
ASN00041110,19860420,PRCP,0,,,a,
ASN00041110,19860421,PRCP,0,,,a,
ASN00041110,19860422,PRCP,0,,,a,
ASN00041110,19860423,PRCP,0,,,a,
ASN00041110,19860424,PRCP,0,,,a,
ASN00041110,19860425,PRCP,0,,,a,
ASN00041110,19860426,PRCP,0,,,a,
ASN00041110,19860427,PRCP,0,,,a,
ASN00041110,19860428,PRCP,0,,,a,
ASN00041110,19860429,PRCP,18,,,a,
ASN00041110,19860430,PRCP,42,,,a,
ASN00041110,19860501,PRCP,0,,,a,
ASN00041110,19860502,PRCP,140,,,a,
ASN00041110,19860503,PRCP,92,,,a,
ASN00041110,19860504,PRCP,0,,,a,
ASN00041110,19860505,PRCP,0,,,a,
ASN00041110,19860506,PRCP,0,,,a,
ASN00041110,19860507,PRCP,4,,,a,
ASN00041110,19860508,PRCP,130,,,a,
ASN00041110,19860509,PRCP,0,,,a,
ASN00041110,19860510,PRCP,0,,,a,
ASN00041110,19860511,PRCP,170,,,a,
ASN00041110,19860512,PRCP,0,,,a,
ASN00041110,19860513,PRCP,0,,,a,
ASN00041110,19860514,PRCP,0,,,a,
ASN00041110,19860515,PRCP,0,,,a,
ASN00041110,19860516,PRCP,0,,,a,
ASN00041110,19860517,PRCP,0,,,a,
ASN00041110,19860518,PRCP,0,,,a,
ASN00041110,19860519,PRCP,0,,,a,
ASN00041110,19860520,PRCP,0,,,a,
ASN00041110,19860521,PRCP,0,,,a,
ASN00041110,19860522,PRCP,0,,,a,
ASN00041110,19860523,PRCP,0,,,a,
ASN00041110,19860524,PRCP,0,,,a,
ASN00041110,19860525,PRCP,0,,,a,
ASN00041110,19860526,PRCP,0,,,a,
ASN00041110,19860527,PRCP,0,,,a,
ASN00041110,19860528,PRCP,0,,,a,
ASN00041110,19860529,PRCP,0,,,a,
ASN00041110,19860530,PRCP,0,,,a,
ASN00041110,19860531,PRCP,0,,,a,
ASN00041110,19860601,PRCP,0,,,a,
ASN00041110,19860602,PRCP,0,,,a,
ASN00041110,19860603,PRCP,0,,,a,
ASN00041110,19860604,PRCP,0,,,a,
ASN00041110,19860605,PRCP,1,,,a,
ASN00041110,19860606,PRCP,0,,,a,
ASN00041110,19860607,PRCP,0,,,a,
ASN00041110,19860608,PRCP,0,,,a,
ASN00041110,19860609,PRCP,0,,,a,
ASN00041110,19860610,PRCP,0,,,a,
ASN00041110,19860611,PRCP,0,,,a,
ASN00041110,19860612,PRCP,0,,,a,
ASN00041110,19860613,PRCP,0,,,a,
ASN00041110,19860614,PRCP,0,,,a,
ASN00041110,19860615,PRCP,8,,,a,
ASN00041110,19860616,PRCP,0,,,a,
ASN00041110,19860617,PRCP,0,,,a,
ASN00041110,19860618,PRCP,0,,,a,
ASN00041110,19860619,PRCP,0,,,a,
ASN00041110,19860620,PRCP,0,,,a,
ASN00041110,19860621,PRCP,0,,,a,
ASN00041110,19860622,PRCP,0,,,a,
ASN00041110,19860623,PRCP,0,,,a,
ASN00041110,19860624,PRCP,0,,,a,
ASN00041110,19860625,PRCP,0,,,a,
ASN00041110,19860626,PRCP,0,,,a,
ASN00041110,19860627,PRCP,0,,,a,
ASN00041110,19860628,PRCP,0,,,a,
ASN00041110,19860629,PRCP,0,,,a,
ASN00041110,19860630,PRCP,0,,,a,
ASN00041110,19860701,PRCP,0,,,a,
ASN00041110,19860702,PRCP,0,,,a,
ASN00041110,19860703,PRCP,82,,,a,
ASN00041110,19860704,PRCP,18,,,a,
ASN00041110,19860705,PRCP,14,,,a,
ASN00041110,19860706,PRCP,0,,,a,
ASN00041110,19860707,PRCP,0,,,a,
ASN00041110,19860708,PRCP,0,,,a,
ASN00041110,19860709,PRCP,0,,,a,
ASN00041110,19860710,PRCP,0,,,a,
ASN00041110,19860711,PRCP,0,,,a,
ASN00041110,19860712,PRCP,0,,,a,
ASN00041110,19860713,PRCP,0,,,a,
ASN00041110,19860714,PRCP,0,,,a,
ASN00041110,19860715,PRCP,4,,,a,
ASN00041110,19860716,PRCP,0,,,a,
ASN00041110,19860717,PRCP,0,,,a,
ASN00041110,19860718,PRCP,74,,,a,
ASN00041110,19860719,PRCP,0,,,a,
ASN00041110,19860720,PRCP,0,,,a,
ASN00041110,19860721,PRCP,0,,,a,
ASN00041110,19860722,PRCP,0,,,a,
ASN00041110,19860723,PRCP,0,,,a,
ASN00041110,19860724,PRCP,0,,,a,
ASN00041110,19860725,PRCP,16,,,a,
ASN00041110,19860726,PRCP,4,,,a,
ASN00041110,19860727,PRCP,0,,,a,
ASN00041110,19860728,PRCP,290,,,a,
ASN00041110,19860729,PRCP,0,,,a,
ASN00041110,19860730,PRCP,0,,,a,
ASN00041110,19860731,PRCP,0,,,a,
ASN00041110,19860801,PRCP,0,,,a,
ASN00041110,19860802,PRCP,0,,,a,
ASN00041110,19860803,PRCP,0,,,a,
ASN00041110,19860804,PRCP,0,,,a,
ASN00041110,19860805,PRCP,0,,,a,
ASN00041110,19860806,PRCP,22,,,a,
ASN00041110,19860807,PRCP,8,,,a,
ASN00041110,19860808,PRCP,0,,,a,
ASN00041110,19860809,PRCP,16,,,a,
ASN00041110,19860810,PRCP,68,,,a,
ASN00041110,19860811,PRCP,0,,,a,
ASN00041110,19860812,PRCP,0,,,a,
ASN00041110,19860813,PRCP,0,,,a,
ASN00041110,19860814,PRCP,0,,,a,
ASN00041110,19860815,PRCP,210,,,a,
ASN00041110,19860816,PRCP,40,,,a,
ASN00041110,19860817,PRCP,0,,,a,
ASN00041110,19860818,PRCP,0,,,a,
ASN00041110,19860819,PRCP,0,,,a,
ASN00041110,19860820,PRCP,0,,,a,
ASN00041110,19860821,PRCP,0,,,a,
ASN00041110,19860822,PRCP,0,,,a,
ASN00041110,19860823,PRCP,0,,,a,
ASN00041110,19860824,PRCP,0,,,a,
ASN00041110,19860825,PRCP,42,,,a,
ASN00041110,19860826,PRCP,0,,,a,
ASN00041110,19860827,PRCP,0,,,a,
ASN00041110,19860828,PRCP,0,,,a,
ASN00041110,19860829,PRCP,0,,,a,
ASN00041110,19860830,PRCP,0,,,a,
ASN00041110,19860831,PRCP,46,,,a,
ASN00041110,19860901,PRCP,0,,,a,
ASN00041110,19860902,PRCP,0,,,a,
ASN00041110,19860903,PRCP,0,,,a,
ASN00041110,19860904,PRCP,0,,,a,
ASN00041110,19860905,PRCP,0,,,a,
ASN00041110,19860906,PRCP,0,,,a,
ASN00041110,19860907,PRCP,0,,,a,
ASN00041110,19860908,PRCP,0,,,a,
ASN00041110,19860909,PRCP,0,,,a,
ASN00041110,19860910,PRCP,0,,,a,
ASN00041110,19860911,PRCP,0,,,a,
ASN00041110,19860912,PRCP,0,,,a,
ASN00041110,19860913,PRCP,0,,,a,
ASN00041110,19860914,PRCP,0,,,a,
ASN00041110,19860915,PRCP,0,,,a,
ASN00041110,19860916,PRCP,0,,,a,
ASN00041110,19860917,PRCP,0,,,a,
ASN00041110,19860918,PRCP,0,,,a,
ASN00041110,19860919,PRCP,0,,,a,
ASN00041110,19860920,PRCP,0,,,a,
ASN00041110,19860921,PRCP,0,,,a,
ASN00041110,19860922,PRCP,0,,,a,
ASN00041110,19860923,PRCP,0,,,a,
ASN00041110,19860924,PRCP,0,,,a,
ASN00041110,19860925,PRCP,0,,,a,
ASN00041110,19860926,PRCP,0,,,a,
ASN00041110,19860927,PRCP,0,,,a,
ASN00041110,19860928,PRCP,180,,,a,
ASN00041110,19860929,PRCP,150,,,a,
ASN00041110,19860930,PRCP,12,,,a,
ASN00041110,19861001,PRCP,87,,,a,
ASN00041110,19861002,PRCP,0,,,a,
ASN00041110,19861003,PRCP,0,,,a,
ASN00041110,19861004,PRCP,94,,,a,
ASN00041110,19861005,PRCP,0,,,a,
ASN00041110,19861006,PRCP,0,,,a,
ASN00041110,19861007,PRCP,26,,,a,
ASN00041110,19861008,PRCP,0,,,a,
ASN00041110,19861009,PRCP,18,,,a,
ASN00041110,19861010,PRCP,76,,,a,
ASN00041110,19861011,PRCP,0,,,a,
ASN00041110,19861012,PRCP,0,,,a,
ASN00041110,19861013,PRCP,0,,,a,
ASN00041110,19861014,PRCP,0,,,a,
ASN00041110,19861015,PRCP,2,,,a,
ASN00041110,19861016,PRCP,0,,,a,
ASN00041110,19861017,PRCP,62,,,a,
ASN00041110,19861018,PRCP,0,,,a,
ASN00041110,19861019,PRCP,16,,,a,
ASN00041110,19861020,PRCP,0,,,a,
ASN00041110,19861021,PRCP,0,,,a,
ASN00041110,19861022,PRCP,0,,,a,
ASN00041110,19861023,PRCP,320,,,a,
ASN00041110,19861024,PRCP,0,,,a,
ASN00041110,19861025,PRCP,0,,,a,
ASN00041110,19861026,PRCP,0,,,a,
ASN00041110,19861027,PRCP,0,,,a,
ASN00041110,19861028,PRCP,16,,,a,
ASN00041110,19861029,PRCP,0,,,a,
ASN00041110,19861030,PRCP,0,,,a,
ASN00041110,19861031,PRCP,0,,,a,
ASN00041110,19861101,PRCP,80,,,a,
ASN00041110,19861102,PRCP,0,,,a,
ASN00041110,19861103,PRCP,0,,,a,
ASN00041110,19861104,PRCP,0,,,a,
ASN00041110,19861105,PRCP,0,,,a,
ASN00041110,19861106,PRCP,0,,,a,
ASN00041110,19861107,PRCP,0,,,a,
ASN00041110,19861108,PRCP,0,,,a,
ASN00041110,19861109,PRCP,156,,,a,
ASN00041110,19861110,PRCP,470,,,a,
ASN00041110,19861111,PRCP,0,,,a,
ASN00041110,19861112,PRCP,0,,,a,
ASN00041110,19861113,PRCP,302,,,a,
ASN00041110,19861114,PRCP,44,,,a,
ASN00041110,19861115,PRCP,50,,,a,
ASN00041110,19861116,PRCP,0,,,a,
ASN00041110,19861117,PRCP,0,,,a,
ASN00041110,19861118,PRCP,0,,,a,
ASN00041110,19861119,PRCP,160,,,a,
ASN00041110,19861120,PRCP,0,,,a,
ASN00041110,19861121,PRCP,0,,,a,
ASN00041110,19861122,PRCP,0,,,a,
ASN00041110,19861123,PRCP,0,,,a,
ASN00041110,19861124,PRCP,0,,,a,
ASN00041110,19861125,PRCP,0,,,a,
ASN00041110,19861126,PRCP,0,,,a,
ASN00041110,19861127,PRCP,0,,,a,
ASN00041110,19861128,PRCP,0,,,a,
ASN00041110,19861129,PRCP,45,,,a,
ASN00041110,19861130,PRCP,82,,,a,
ASN00041110,19861201,PRCP,82,,,a,
ASN00041110,19861202,PRCP,20,,,a,
ASN00041110,19861203,PRCP,0,,,a,
ASN00041110,19861204,PRCP,0,,,a,
ASN00041110,19861205,PRCP,0,,,a,
ASN00041110,19861206,PRCP,0,,,a,
ASN00041110,19861207,PRCP,0,,,a,
ASN00041110,19861208,PRCP,64,,,a,
ASN00041110,19861209,PRCP,0,,,a,
ASN00041110,19861210,PRCP,0,,,a,
ASN00041110,19861211,PRCP,0,,,a,
ASN00041110,19861212,PRCP,64,,,a,
ASN00041110,19861213,PRCP,0,,,a,
ASN00041110,19861214,PRCP,0,,,a,
ASN00041110,19861215,PRCP,0,,,a,
ASN00041110,19861216,PRCP,0,,,a,
ASN00041110,19861217,PRCP,0,,,a,
ASN00041110,19861218,PRCP,110,,,a,
ASN00041110,19861219,PRCP,0,,,a,
ASN00041110,19861220,PRCP,0,,,a,
ASN00041110,19861221,PRCP,0,,,a,
ASN00041110,19861222,PRCP,0,,,a,
ASN00041110,19861223,PRCP,0,,,a,
ASN00041110,19861224,PRCP,0,,,a,
ASN00041110,19861225,PRCP,0,,,a,
ASN00041110,19861226,PRCP,0,,,a,
ASN00041110,19861227,PRCP,300,,,a,
ASN00041110,19861228,PRCP,0,,,a,
ASN00041110,19861229,PRCP,0,,,a,
ASN00041110,19861230,PRCP,20,,,a,
ASN00041110,19861231,PRCP,0,,,a,
ASN00041110,19870101,PRCP,0,,,a,
ASN00041110,19870102,PRCP,0,,,a,
ASN00041110,19870103,PRCP,0,,,a,
ASN00041110,19870104,PRCP,174,,,a,
ASN00041110,19870105,PRCP,486,,,a,
ASN00041110,19870106,PRCP,0,,,a,
ASN00041110,19870107,PRCP,110,,,a,
ASN00041110,19870108,PRCP,60,,,a,
ASN00041110,19870109,PRCP,0,,,a,
ASN00041110,19870110,PRCP,4,,,a,
ASN00041110,19870111,PRCP,0,,,a,
ASN00041110,19870112,PRCP,0,,,a,
ASN00041110,19870113,PRCP,0,,,a,
ASN00041110,19870114,PRCP,100,,,a,
ASN00041110,19870115,PRCP,0,,,a,
ASN00041110,19870116,PRCP,0,,,a,
ASN00041110,19870117,PRCP,0,,,a,
ASN00041110,19870118,PRCP,0,,,a,
ASN00041110,19870119,PRCP,0,,,a,
ASN00041110,19870120,PRCP,6,,,a,
ASN00041110,19870121,PRCP,0,,,a,
ASN00041110,19870122,PRCP,4,,,a,
ASN00041110,19870123,PRCP,0,,,a,
ASN00041110,19870124,PRCP,0,,,a,
ASN00041110,19870125,PRCP,0,,,a,
ASN00041110,19870126,PRCP,0,,,a,
ASN00041110,19870127,PRCP,240,,,a,
ASN00041110,19870128,PRCP,160,,,a,
ASN00041110,19870129,PRCP,40,,,a,
ASN00041110,19870130,PRCP,0,,,a,
ASN00041110,19870131,PRCP,0,,,a,
ASN00041110,19870201,PRCP,0,,,a,
ASN00041110,19870202,PRCP,0,,,a,
ASN00041110,19870203,PRCP,0,,,a,
ASN00041110,19870204,PRCP,8,,,a,
ASN00041110,19870205,PRCP,535,,,a,
ASN00041110,19870206,PRCP,0,,,a,
ASN00041110,19870207,PRCP,0,,,a,
ASN00041110,19870208,PRCP,0,,,a,
ASN00041110,19870209,PRCP,0,,,a,
ASN00041110,19870210,PRCP,0,,,a,
ASN00041110,19870211,PRCP,0,,,a,
ASN00041110,19870212,PRCP,0,,,a,
ASN00041110,19870213,PRCP,0,,,a,
ASN00041110,19870214,PRCP,0,,,a,
ASN00041110,19870215,PRCP,0,,,a,
ASN00041110,19870216,PRCP,0,,,a,
ASN00041110,19870217,PRCP,26,,,a,
ASN00041110,19870218,PRCP,0,,,a,
ASN00041110,19870219,PRCP,0,,,a,
ASN00041110,19870220,PRCP,0,,,a,
ASN00041110,19870221,PRCP,0,,,a,
ASN00041110,19870222,PRCP,4,,,a,
ASN00041110,19870223,PRCP,0,,,a,
ASN00041110,19870224,PRCP,0,,,a,
ASN00041110,19870225,PRCP,0,,,a,
ASN00041110,19870226,PRCP,0,,,a,
ASN00041110,19870227,PRCP,0,,,a,
ASN00041110,19870228,PRCP,0,,,a,
ASN00041110,19870301,PRCP,0,,,a,
ASN00041110,19870302,PRCP,0,,,a,
ASN00041110,19870303,PRCP,140,,,a,
ASN00041110,19870304,PRCP,196,,,a,
ASN00041110,19870305,PRCP,0,,,a,
ASN00041110,19870306,PRCP,0,,,a,
ASN00041110,19870307,PRCP,0,,,a,
ASN00041110,19870308,PRCP,0,,,a,
ASN00041110,19870309,PRCP,0,,,a,
ASN00041110,19870310,PRCP,0,,,a,
ASN00041110,19870311,PRCP,0,,,a,
ASN00041110,19870312,PRCP,0,,,a,
ASN00041110,19870313,PRCP,0,,,a,
ASN00041110,19870314,PRCP,0,,,a,
ASN00041110,19870315,PRCP,0,,,a,
ASN00041110,19870316,PRCP,0,,,a,
ASN00041110,19870317,PRCP,0,,,a,
ASN00041110,19870318,PRCP,0,,,a,
ASN00041110,19870319,PRCP,0,,,a,
ASN00041110,19870320,PRCP,0,,,a,
ASN00041110,19870321,PRCP,172,,,a,
ASN00041110,19870322,PRCP,0,,,a,
ASN00041110,19870323,PRCP,0,,,a,
ASN00041110,19870324,PRCP,0,,,a,
ASN00041110,19870325,PRCP,0,,,a,
ASN00041110,19870326,PRCP,0,,,a,
ASN00041110,19870327,PRCP,0,,,a,
ASN00041110,19870328,PRCP,0,,,a,
ASN00041110,19870329,PRCP,0,,,a,
ASN00041110,19870330,PRCP,40,,,a,
ASN00041110,19870331,PRCP,0,,,a,
ASN00041110,19870401,PRCP,0,,,a,
ASN00041110,19870402,PRCP,0,,,a,
ASN00041110,19870403,PRCP,0,,,a,
ASN00041110,19870404,PRCP,0,,,a,
ASN00041110,19870405,PRCP,0,,,a,
ASN00041110,19870406,PRCP,0,,,a,
ASN00041110,19870407,PRCP,0,,,a,
ASN00041110,19870408,PRCP,0,,,a,
ASN00041110,19870409,PRCP,0,,,a,
ASN00041110,19870410,PRCP,0,,,a,
ASN00041110,19870411,PRCP,0,,,a,
ASN00041110,19870412,PRCP,0,,,a,
ASN00041110,19870413,PRCP,0,,,a,
ASN00041110,19870414,PRCP,0,,,a,
ASN00041110,19870415,PRCP,0,,,a,
ASN00041110,19870416,PRCP,0,,,a,
ASN00041110,19870417,PRCP,0,,,a,
ASN00041110,19870418,PRCP,0,,,a,
ASN00041110,19870419,PRCP,0,,,a,
ASN00041110,19870420,PRCP,0,,,a,
ASN00041110,19870421,PRCP,0,,,a,
ASN00041110,19870422,PRCP,0,,,a,
ASN00041110,19870423,PRCP,0,,,a,
ASN00041110,19870424,PRCP,0,,,a,
ASN00041110,19870425,PRCP,0,,,a,
ASN00041110,19870426,PRCP,0,,,a,
ASN00041110,19870427,PRCP,0,,,a,
ASN00041110,19870428,PRCP,4,,,a,
ASN00041110,19870429,PRCP,0,,,a,
ASN00041110,19870430,PRCP,204,,,a,
ASN00041110,19870501,PRCP,8,,,a,
ASN00041110,19870502,PRCP,0,,,a,
ASN00041110,19870503,PRCP,100,,,a,
ASN00041110,19870504,PRCP,80,,,a,
ASN00041110,19870505,PRCP,0,,,a,
ASN00041110,19870506,PRCP,0,,,a,
ASN00041110,19870507,PRCP,0,,,a,
ASN00041110,19870508,PRCP,0,,,a,
ASN00041110,19870509,PRCP,0,,,a,
ASN00041110,19870510,PRCP,28,,,a,
ASN00041110,19870511,PRCP,8,,,a,
ASN00041110,19870512,PRCP,0,,,a,
ASN00041110,19870513,PRCP,0,,,a,
ASN00041110,19870514,PRCP,0,,,a,
ASN00041110,19870515,PRCP,70,,,a,
ASN00041110,19870516,PRCP,110,,,a,
ASN00041110,19870517,PRCP,0,,,a,
ASN00041110,19870518,PRCP,0,,,a,
ASN00041110,19870519,PRCP,0,,,a,
ASN00041110,19870520,PRCP,0,,,a,
ASN00041110,19870521,PRCP,0,,,a,
ASN00041110,19870522,PRCP,0,,,a,
ASN00041110,19870523,PRCP,0,,,a,
ASN00041110,19870524,PRCP,0,,,a,
ASN00041110,19870525,PRCP,0,,,a,
ASN00041110,19870526,PRCP,0,,,a,
ASN00041110,19870527,PRCP,0,,,a,
ASN00041110,19870528,PRCP,0,,,a,
ASN00041110,19870529,PRCP,0,,,a,
ASN00041110,19870530,PRCP,0,,,a,
ASN00041110,19870531,PRCP,0,,,a,
ASN00041110,19870601,PRCP,0,,,a,
ASN00041110,19870602,PRCP,0,,,a,
ASN00041110,19870603,PRCP,0,,,a,
ASN00041110,19870604,PRCP,0,,,a,
ASN00041110,19870605,PRCP,0,,,a,
ASN00041110,19870606,PRCP,0,,,a,
ASN00041110,19870607,PRCP,0,,,a,
ASN00041110,19870608,PRCP,0,,,a,
ASN00041110,19870609,PRCP,0,,,a,
ASN00041110,19870610,PRCP,0,,,a,
ASN00041110,19870611,PRCP,0,,,a,
ASN00041110,19870612,PRCP,0,,,a,
ASN00041110,19870613,PRCP,0,,,a,
ASN00041110,19870614,PRCP,0,,,a,
ASN00041110,19870615,PRCP,0,,,a,
ASN00041110,19870616,PRCP,0,,,a,
ASN00041110,19870617,PRCP,0,,,a,
ASN00041110,19870618,PRCP,0,,,a,
ASN00041110,19870619,PRCP,0,,,a,
ASN00041110,19870620,PRCP,0,,,a,
ASN00041110,19870621,PRCP,0,,,a,
ASN00041110,19870622,PRCP,190,,,a,
ASN00041110,19870623,PRCP,46,,,a,
ASN00041110,19870624,PRCP,0,,,a,
ASN00041110,19870625,PRCP,0,,,a,
ASN00041110,19870626,PRCP,0,,,a,
ASN00041110,19870627,PRCP,0,,,a,
ASN00041110,19870628,PRCP,0,,,a,
ASN00041110,19870629,PRCP,0,,,a,
ASN00041110,19870630,PRCP,0,,,a,
ASN00041110,19870701,PRCP,0,,,a,
ASN00041110,19870702,PRCP,0,,,a,
ASN00041110,19870703,PRCP,0,,,a,
ASN00041110,19870704,PRCP,0,,,a,
ASN00041110,19870705,PRCP,0,,,a,
ASN00041110,19870706,PRCP,0,,,a,
ASN00041110,19870707,PRCP,0,,,a,
ASN00041110,19870708,PRCP,0,,,a,
ASN00041110,19870709,PRCP,0,,,a,
ASN00041110,19870710,PRCP,0,,,a,
ASN00041110,19870711,PRCP,0,,,a,
ASN00041110,19870712,PRCP,0,,,a,
ASN00041110,19870713,PRCP,0,,,a,
ASN00041110,19870714,PRCP,0,,,a,
ASN00041110,19870715,PRCP,0,,,a,
ASN00041110,19870716,PRCP,0,,,a,
ASN00041110,19870717,PRCP,0,,,a,
ASN00041110,19870718,PRCP,0,,,a,
ASN00041110,19870719,PRCP,0,,,a,
ASN00041110,19870720,PRCP,4,,,a,
ASN00041110,19870721,PRCP,24,,,a,
ASN00041110,19870722,PRCP,0,,,a,
ASN00041110,19870723,PRCP,0,,,a,
ASN00041110,19870724,PRCP,0,,,a,
ASN00041110,19870725,PRCP,0,,,a,
ASN00041110,19870726,PRCP,0,,,a,
ASN00041110,19870727,PRCP,0,,,a,
ASN00041110,19870728,PRCP,180,,,a,
ASN00041110,19870729,PRCP,130,,,a,
ASN00041110,19870730,PRCP,0,,,a,
ASN00041110,19870731,PRCP,0,,,a,
ASN00041110,19870801,PRCP,0,,,a,
ASN00041110,19870802,PRCP,0,,,a,
ASN00041110,19870803,PRCP,192,,,a,
ASN00041110,19870804,PRCP,0,,,a,
ASN00041110,19870805,PRCP,0,,,a,
ASN00041110,19870806,PRCP,0,,,a,
ASN00041110,19870807,PRCP,0,,,a,
ASN00041110,19870808,PRCP,0,,,a,
ASN00041110,19870809,PRCP,0,,,a,
ASN00041110,19870810,PRCP,0,,,a,
ASN00041110,19870811,PRCP,0,,,a,
ASN00041110,19870812,PRCP,0,,,a,
ASN00041110,19870813,PRCP,10,,,a,
ASN00041110,19870814,PRCP,4,,,a,
ASN00041110,19870815,PRCP,0,,,a,
ASN00041110,19870816,PRCP,0,,,a,
ASN00041110,19870817,PRCP,314,,,a,
ASN00041110,19870818,PRCP,130,,,a,
ASN00041110,19870819,PRCP,0,,,a,
ASN00041110,19870820,PRCP,28,,,a,
ASN00041110,19870821,PRCP,0,,,a,
ASN00041110,19870822,PRCP,0,,,a,
ASN00041110,19870823,PRCP,0,,,a,
ASN00041110,19870824,PRCP,0,,,a,
ASN00041110,19870825,PRCP,0,,,a,
ASN00041110,19870826,PRCP,0,,,a,
ASN00041110,19870827,PRCP,0,,,a,
ASN00041110,19870828,PRCP,0,,,a,
ASN00041110,19870829,PRCP,0,,,a,
ASN00041110,19870830,PRCP,10,,,a,
ASN00041110,19870831,PRCP,180,,,a,
ASN00041110,19870901,PRCP,0,,,a,
ASN00041110,19870902,PRCP,0,,,a,
ASN00041110,19870903,PRCP,0,,,a,
ASN00041110,19870904,PRCP,0,,,a,
ASN00041110,19870905,PRCP,0,,,a,
ASN00041110,19870906,PRCP,30,,,a,
ASN00041110,19870907,PRCP,1,,,a,
ASN00041110,19870908,PRCP,0,,,a,
ASN00041110,19870909,PRCP,0,,,a,
ASN00041110,19870910,PRCP,0,,,a,
ASN00041110,19870911,PRCP,0,,,a,
ASN00041110,19870912,PRCP,0,,,a,
ASN00041110,19870913,PRCP,0,,,a,
ASN00041110,19870914,PRCP,0,,,a,
ASN00041110,19870915,PRCP,0,,,a,
ASN00041110,19870916,PRCP,0,,,a,
ASN00041110,19870917,PRCP,0,,,a,
ASN00041110,19870918,PRCP,48,,,a,
ASN00041110,19870919,PRCP,0,,,a,
ASN00041110,19870920,PRCP,0,,,a,
ASN00041110,19870921,PRCP,0,,,a,
ASN00041110,19870922,PRCP,0,,,a,
ASN00041110,19870923,PRCP,0,,,a,
ASN00041110,19870924,PRCP,0,,,a,
ASN00041110,19870925,PRCP,0,,,a,
ASN00041110,19870926,PRCP,0,,,a,
ASN00041110,19870927,PRCP,0,,,a,
ASN00041110,19870928,PRCP,0,,,a,
ASN00041110,19870929,PRCP,0,,,a,
ASN00041110,19870930,PRCP,0,,,a,
ASN00041110,19871001,PRCP,0,,,a,
ASN00041110,19871002,PRCP,0,,,a,
ASN00041110,19871003,PRCP,0,,,a,
ASN00041110,19871004,PRCP,42,,,a,
ASN00041110,19871005,PRCP,0,,,a,
ASN00041110,19871006,PRCP,0,,,a,
ASN00041110,19871007,PRCP,0,,,a,
ASN00041110,19871008,PRCP,0,,,a,
ASN00041110,19871009,PRCP,0,,,a,
ASN00041110,19871010,PRCP,0,,,a,
ASN00041110,19871011,PRCP,520,,,a,
ASN00041110,19871012,PRCP,40,,,a,
ASN00041110,19871013,PRCP,4,,,a,
ASN00041110,19871014,PRCP,0,,,a,
ASN00041110,19871015,PRCP,0,,,a,
ASN00041110,19871016,PRCP,228,,,a,
ASN00041110,19871017,PRCP,310,,,a,
ASN00041110,19871018,PRCP,0,,,a,
ASN00041110,19871019,PRCP,0,,,a,
ASN00041110,19871020,PRCP,0,,,a,
ASN00041110,19871021,PRCP,0,,,a,
ASN00041110,19871022,PRCP,0,,,a,
ASN00041110,19871023,PRCP,0,,,a,
ASN00041110,19871024,PRCP,0,,,a,
ASN00041110,19871025,PRCP,290,,,a,
ASN00041110,19871026,PRCP,0,,,a,
ASN00041110,19871027,PRCP,0,,,a,
ASN00041110,19871028,PRCP,0,,,a,
ASN00041110,19871029,PRCP,0,,,a,
ASN00041110,19871030,PRCP,20,,,a,
ASN00041110,19871031,PRCP,0,,,a,
ASN00041110,19871101,PRCP,0,,,a,
ASN00041110,19871102,PRCP,0,,,a,
ASN00041110,19871103,PRCP,0,,,a,
ASN00041110,19871104,PRCP,0,,,a,
ASN00041110,19871105,PRCP,24,,,a,
ASN00041110,19871106,PRCP,0,,,a,
ASN00041110,19871107,PRCP,0,,,a,
ASN00041110,19871108,PRCP,0,,,a,
ASN00041110,19871109,PRCP,0,,,a,
ASN00041110,19871110,PRCP,52,,,a,
ASN00041110,19871111,PRCP,0,,,a,
ASN00041110,19871112,PRCP,172,,,a,
ASN00041110,19871113,PRCP,0,,,a,
ASN00041110,19871114,PRCP,0,,,a,
ASN00041110,19871115,PRCP,0,,,a,
ASN00041110,19871116,PRCP,0,,,a,
ASN00041110,19871117,PRCP,0,,,a,
ASN00041110,19871118,PRCP,0,,,a,
ASN00041110,19871119,PRCP,0,,,a,
ASN00041110,19871120,PRCP,0,,,a,
ASN00041110,19871121,PRCP,40,,,a,
ASN00041110,19871122,PRCP,0,,,a,
ASN00041110,19871123,PRCP,0,,,a,
ASN00041110,19871124,PRCP,0,,,a,
ASN00041110,19871125,PRCP,0,,,a,
ASN00041110,19871126,PRCP,0,,,a,
ASN00041110,19871127,PRCP,0,,,a,
ASN00041110,19871128,PRCP,0,,,a,
ASN00041110,19871129,PRCP,0,,,a,
ASN00041110,19871130,PRCP,50,,,a,
ASN00041110,19871201,PRCP,704,,,a,
ASN00041110,19871202,PRCP,452,,,a,
ASN00041110,19871203,PRCP,0,,,a,
ASN00041110,19871204,PRCP,0,,,a,
ASN00041110,19871205,PRCP,0,,,a,
ASN00041110,19871206,PRCP,0,,,a,
ASN00041110,19871207,PRCP,0,,,a,
ASN00041110,19871208,PRCP,0,,,a,
ASN00041110,19871209,PRCP,0,,,a,
ASN00041110,19871210,PRCP,0,,,a,
ASN00041110,19871211,PRCP,220,,,a,
ASN00041110,19871212,PRCP,78,,,a,
ASN00041110,19871213,PRCP,26,,,a,
ASN00041110,19871214,PRCP,0,,,a,
ASN00041110,19871215,PRCP,0,,,a,
ASN00041110,19871216,PRCP,0,,,a,
ASN00041110,19871217,PRCP,0,,,a,
ASN00041110,19871218,PRCP,0,,,a,
ASN00041110,19871219,PRCP,0,,,a,
ASN00041110,19871220,PRCP,0,,,a,
ASN00041110,19871221,PRCP,0,,,a,
ASN00041110,19871222,PRCP,0,,,a,
ASN00041110,19871223,PRCP,0,,,a,
ASN00041110,19871224,PRCP,0,,,a,
ASN00041110,19871225,PRCP,12,,,a,
ASN00041110,19871226,PRCP,0,,,a,
ASN00041110,19871227,PRCP,0,,,a,
ASN00041110,19871228,PRCP,0,,,a,
ASN00041110,19871229,PRCP,0,,,a,
ASN00041110,19871230,PRCP,4,,,a,
ASN00041110,19871231,PRCP,0,,,a,
ASN00041110,19880101,PRCP,0,,,a,
ASN00041110,19880102,PRCP,0,,,a,
ASN00041110,19880103,PRCP,0,,,a,
ASN00041110,19880104,PRCP,44,,,a,
ASN00041110,19880105,PRCP,110,,,a,
ASN00041110,19880106,PRCP,0,,,a,
ASN00041110,19880107,PRCP,0,,,a,
ASN00041110,19880108,PRCP,0,,,a,
ASN00041110,19880109,PRCP,0,,,a,
ASN00041110,19880110,PRCP,0,,,a,
ASN00041110,19880111,PRCP,0,,,a,
ASN00041110,19880112,PRCP,0,,,a,
ASN00041110,19880113,PRCP,0,,,a,
ASN00041110,19880114,PRCP,0,,,a,
ASN00041110,19880115,PRCP,0,,,a,
ASN00041110,19880116,PRCP,160,,,a,
ASN00041110,19880117,PRCP,60,,,a,
ASN00041110,19880118,PRCP,0,,,a,
ASN00041110,19880119,PRCP,360,,,a,
ASN00041110,19880120,PRCP,270,,,a,
ASN00041110,19880121,PRCP,90,,,a,
ASN00041110,19880122,PRCP,32,,,a,
ASN00041110,19880123,PRCP,0,,,a,
ASN00041110,19880124,PRCP,0,,,a,
ASN00041110,19880125,PRCP,90,,,a,
ASN00041110,19880126,PRCP,0,,,a,
ASN00041110,19880127,PRCP,0,,,a,
ASN00041110,19880128,PRCP,0,,,a,
ASN00041110,19880129,PRCP,0,,,a,
ASN00041110,19880130,PRCP,0,,,a,
ASN00041110,19880131,PRCP,72,,,a,
ASN00041110,19880201,PRCP,0,,,a,
ASN00041110,19880202,PRCP,0,,,a,
ASN00041110,19880203,PRCP,30,,,a,
ASN00041110,19880204,PRCP,0,,,a,
ASN00041110,19880205,PRCP,0,,,a,
ASN00041110,19880206,PRCP,0,,,a,
ASN00041110,19880207,PRCP,0,,,a,
ASN00041110,19880208,PRCP,140,,,a,
ASN00041110,19880209,PRCP,0,,,a,
ASN00041110,19880210,PRCP,0,,,a,
ASN00041110,19880211,PRCP,0,,,a,
ASN00041110,19880212,PRCP,0,,,a,
ASN00041110,19880213,PRCP,430,,,a,
ASN00041110,19880214,PRCP,318,,,a,
ASN00041110,19880215,PRCP,130,,,a,
ASN00041110,19880216,PRCP,0,,,a,
ASN00041110,19880217,PRCP,0,,,a,
ASN00041110,19880218,PRCP,0,,,a,
ASN00041110,19880219,PRCP,0,,,a,
ASN00041110,19880220,PRCP,0,,,a,
ASN00041110,19880221,PRCP,0,,,a,
ASN00041110,19880222,PRCP,0,,,a,
ASN00041110,19880223,PRCP,0,,,a,
ASN00041110,19880224,PRCP,0,,,a,
ASN00041110,19880225,PRCP,0,,,a,
ASN00041110,19880226,PRCP,0,,,a,
ASN00041110,19880227,PRCP,0,,,a,
ASN00041110,19880228,PRCP,0,,,a,
ASN00041110,19880229,PRCP,60,,,a,
ASN00041110,19880301,PRCP,356,,,a,
ASN00041110,19880302,PRCP,20,,,a,
ASN00041110,19880303,PRCP,6,,,a,
ASN00041110,19880304,PRCP,0,,,a,
ASN00041110,19880305,PRCP,0,,,a,
ASN00041110,19880306,PRCP,116,,,a,
ASN00041110,19880307,PRCP,0,,,a,
ASN00041110,19880308,PRCP,0,,,a,
ASN00041110,19880309,PRCP,0,,,a,
ASN00041110,19880310,PRCP,0,,,a,
ASN00041110,19880311,PRCP,0,,,a,
ASN00041110,19880312,PRCP,20,,,a,
ASN00041110,19880313,PRCP,0,,,a,
ASN00041110,19880314,PRCP,0,,,a,
ASN00041110,19880315,PRCP,0,,,a,
ASN00041110,19880316,PRCP,0,,,a,
ASN00041110,19880317,PRCP,0,,,a,
ASN00041110,19880318,PRCP,0,,,a,
ASN00041110,19880319,PRCP,0,,,a,
ASN00041110,19880320,PRCP,0,,,a,
ASN00041110,19880321,PRCP,0,,,a,
ASN00041110,19880322,PRCP,0,,,a,
ASN00041110,19880323,PRCP,0,,,a,
ASN00041110,19880324,PRCP,0,,,a,
ASN00041110,19880325,PRCP,0,,,a,
ASN00041110,19880326,PRCP,0,,,a,
ASN00041110,19880327,PRCP,0,,,a,
ASN00041110,19880328,PRCP,0,,,a,
ASN00041110,19880329,PRCP,0,,,a,
ASN00041110,19880330,PRCP,0,,,a,
ASN00041110,19880331,PRCP,0,,,a,
ASN00041110,19880401,PRCP,720,,,a,
ASN00041110,19880402,PRCP,252,,,a,
ASN00041110,19880403,PRCP,22,,,a,
ASN00041110,19880404,PRCP,260,,,a,
ASN00041110,19880405,PRCP,62,,,a,
ASN00041110,19880406,PRCP,150,,,a,
ASN00041110,19880407,PRCP,52,,,a,
ASN00041110,19880408,PRCP,36,,,a,
ASN00041110,19880409,PRCP,0,,,a,
ASN00041110,19880410,PRCP,0,,,a,
ASN00041110,19880411,PRCP,390,,,a,
ASN00041110,19880412,PRCP,322,,,a,
ASN00041110,19880413,PRCP,72,,,a,
ASN00041110,19880414,PRCP,0,,,a,
ASN00041110,19880415,PRCP,0,,,a,
ASN00041110,19880416,PRCP,0,,,a,
ASN00041110,19880417,PRCP,0,,,a,
ASN00041110,19880418,PRCP,0,,,a,
ASN00041110,19880419,PRCP,12,,,a,
ASN00041110,19880420,PRCP,0,,,a,
ASN00041110,19880421,PRCP,0,,,a,
ASN00041110,19880422,PRCP,0,,,a,
ASN00041110,19880423,PRCP,0,,,a,
ASN00041110,19880424,PRCP,0,,,a,
ASN00041110,19880425,PRCP,0,,,a,
ASN00041110,19880426,PRCP,0,,,a,
ASN00041110,19880427,PRCP,0,,,a,
ASN00041110,19880428,PRCP,50,,,a,
ASN00041110,19880429,PRCP,0,,,a,
ASN00041110,19880430,PRCP,280,,,a,
ASN00041110,19880501,PRCP,0,,,a,
ASN00041110,19880502,PRCP,0,,,a,
ASN00041110,19880503,PRCP,0,,,a,
ASN00041110,19880504,PRCP,0,,,a,
ASN00041110,19880505,PRCP,0,,,a,
ASN00041110,19880506,PRCP,0,,,a,
ASN00041110,19880507,PRCP,0,,,a,
ASN00041110,19880508,PRCP,0,,,a,
ASN00041110,19880509,PRCP,0,,,a,
ASN00041110,19880510,PRCP,0,,,a,
ASN00041110,19880511,PRCP,0,,,a,
ASN00041110,19880512,PRCP,0,,,a,
ASN00041110,19880513,PRCP,0,,,a,
ASN00041110,19880514,PRCP,0,,,a,
ASN00041110,19880515,PRCP,0,,,a,
ASN00041110,19880516,PRCP,0,,,a,
ASN00041110,19880517,PRCP,0,,,a,
ASN00041110,19880518,PRCP,150,,,a,
ASN00041110,19880519,PRCP,0,,,a,
ASN00041110,19880520,PRCP,0,,,a,
ASN00041110,19880521,PRCP,34,,,a,
ASN00041110,19880522,PRCP,0,,,a,
ASN00041110,19880523,PRCP,0,,,a,
ASN00041110,19880524,PRCP,0,,,a,
ASN00041110,19880525,PRCP,0,,,a,
ASN00041110,19880526,PRCP,0,,,a,
ASN00041110,19880527,PRCP,0,,,a,
ASN00041110,19880528,PRCP,0,,,a,
ASN00041110,19880529,PRCP,0,,,a,
ASN00041110,19880530,PRCP,0,,,a,
ASN00041110,19880531,PRCP,0,,,a,
ASN00041110,19880601,PRCP,0,,,a,
ASN00041110,19880602,PRCP,0,,,a,
ASN00041110,19880603,PRCP,0,,,a,
ASN00041110,19880604,PRCP,0,,,a,
ASN00041110,19880605,PRCP,138,,,a,
ASN00041110,19880606,PRCP,0,,,a,
ASN00041110,19880607,PRCP,18,,,a,
ASN00041110,19880608,PRCP,0,,,a,
ASN00041110,19880609,PRCP,0,,,a,
ASN00041110,19880610,PRCP,0,,,a,
ASN00041110,19880611,PRCP,0,,,a,
ASN00041110,19880612,PRCP,0,,,a,
ASN00041110,19880613,PRCP,0,,,a,
ASN00041110,19880614,PRCP,0,,,a,
ASN00041110,19880615,PRCP,0,,,a,
ASN00041110,19880616,PRCP,0,,,a,
ASN00041110,19880617,PRCP,0,,,a,
ASN00041110,19880618,PRCP,0,,,a,
ASN00041110,19880619,PRCP,0,,,a,
ASN00041110,19880620,PRCP,0,,,a,
ASN00041110,19880621,PRCP,0,,,a,
ASN00041110,19880622,PRCP,0,,,a,
ASN00041110,19880623,PRCP,0,,,a,
ASN00041110,19880624,PRCP,0,,,a,
ASN00041110,19880625,PRCP,0,,,a,
ASN00041110,19880626,PRCP,0,,,a,
ASN00041110,19880627,PRCP,0,,,a,
ASN00041110,19880628,PRCP,0,,,a,
ASN00041110,19880629,PRCP,0,,,a,
ASN00041110,19880630,PRCP,0,,,a,
ASN00041110,19880701,PRCP,0,,,a,
ASN00041110,19880702,PRCP,0,,,a,
ASN00041110,19880703,PRCP,0,,,a,
ASN00041110,19880704,PRCP,0,,,a,
ASN00041110,19880705,PRCP,270,,,a,
ASN00041110,19880706,PRCP,290,,,a,
ASN00041110,19880707,PRCP,60,,,a,
ASN00041110,19880708,PRCP,0,,,a,
ASN00041110,19880709,PRCP,0,,,a,
ASN00041110,19880710,PRCP,0,,,a,
ASN00041110,19880711,PRCP,150,,,a,
ASN00041110,19880712,PRCP,0,,,a,
ASN00041110,19880713,PRCP,0,,,a,
ASN00041110,19880714,PRCP,0,,,a,
ASN00041110,19880715,PRCP,0,,,a,
ASN00041110,19880716,PRCP,0,,,a,
ASN00041110,19880717,PRCP,0,,,a,
ASN00041110,19880718,PRCP,0,,,a,
ASN00041110,19880719,PRCP,0,,,a,
ASN00041110,19880720,PRCP,0,,,a,
ASN00041110,19880721,PRCP,0,,,a,
ASN00041110,19880722,PRCP,182,,,a,
ASN00041110,19880723,PRCP,0,,,a,
ASN00041110,19880724,PRCP,0,,,a,
ASN00041110,19880725,PRCP,0,,,a,
ASN00041110,19880726,PRCP,0,,,a,
ASN00041110,19880727,PRCP,0,,,a,
ASN00041110,19880728,PRCP,0,,,a,
ASN00041110,19880729,PRCP,0,,,a,
ASN00041110,19880730,PRCP,0,,,a,
ASN00041110,19880731,PRCP,0,,,a,
ASN00041110,19880801,PRCP,0,,,a,
ASN00041110,19880802,PRCP,0,,,a,
ASN00041110,19880803,PRCP,0,,,a,
ASN00041110,19880804,PRCP,0,,,a,
ASN00041110,19880805,PRCP,0,,,a,
ASN00041110,19880806,PRCP,0,,,a,
ASN00041110,19880807,PRCP,0,,,a,
ASN00041110,19880808,PRCP,0,,,a,
ASN00041110,19880809,PRCP,0,,,a,
ASN00041110,19880810,PRCP,0,,,a,
ASN00041110,19880811,PRCP,0,,,a,
ASN00041110,19880812,PRCP,0,,,a,
ASN00041110,19880813,PRCP,0,,,a,
ASN00041110,19880814,PRCP,0,,,a,
ASN00041110,19880815,PRCP,0,,,a,
ASN00041110,19880816,PRCP,8,,,a,
ASN00041110,19880817,PRCP,0,,,a,
ASN00041110,19880818,PRCP,0,,,a,
ASN00041110,19880819,PRCP,40,,,a,
ASN00041110,19880820,PRCP,0,,,a,
ASN00041110,19880821,PRCP,0,,,a,
ASN00041110,19880822,PRCP,0,,,a,
ASN00041110,19880823,PRCP,310,,,a,
ASN00041110,19880824,PRCP,38,,,a,
ASN00041110,19880825,PRCP,0,,,a,
ASN00041110,19880826,PRCP,0,,,a,
ASN00041110,19880827,PRCP,0,,,a,
ASN00041110,19880828,PRCP,0,,,a,
ASN00041110,19880829,PRCP,0,,,a,
ASN00041110,19880830,PRCP,0,,,a,
ASN00041110,19880831,PRCP,0,,,a,
ASN00041110,19880901,PRCP,0,,,a,
ASN00041110,19880902,PRCP,0,,,a,
ASN00041110,19880903,PRCP,0,,,a,
ASN00041110,19880904,PRCP,0,,,a,
ASN00041110,19880905,PRCP,0,,,a,
ASN00041110,19880906,PRCP,0,,,a,
ASN00041110,19880907,PRCP,82,,,a,
ASN00041110,19880908,PRCP,0,,,a,
ASN00041110,19880909,PRCP,0,,,a,
ASN00041110,19880910,PRCP,0,,,a,
ASN00041110,19880911,PRCP,0,,,a,
ASN00041110,19880912,PRCP,238,,,a,
ASN00041110,19880913,PRCP,0,,,a,
ASN00041110,19880914,PRCP,8,,,a,
ASN00041110,19880915,PRCP,34,,,a,
ASN00041110,19880916,PRCP,0,,,a,
ASN00041110,19880917,PRCP,0,,,a,
ASN00041110,19880918,PRCP,0,,,a,
ASN00041110,19880919,PRCP,0,,,a,
ASN00041110,19880920,PRCP,0,,,a,
ASN00041110,19880921,PRCP,0,,,a,
ASN00041110,19880922,PRCP,0,,,a,
ASN00041110,19880923,PRCP,0,,,a,
ASN00041110,19880924,PRCP,0,,,a,
ASN00041110,19880925,PRCP,0,,,a,
ASN00041110,19880926,PRCP,0,,,a,
ASN00041110,19880927,PRCP,0,,,a,
ASN00041110,19880928,PRCP,194,,,a,
ASN00041110,19880929,PRCP,0,,,a,
ASN00041110,19880930,PRCP,0,,,a,
ASN00041110,19881001,PRCP,0,,,a,
ASN00041110,19881002,PRCP,0,,,a,
ASN00041110,19881003,PRCP,0,,,a,
ASN00041110,19881004,PRCP,0,,,a,
ASN00041110,19881005,PRCP,0,,,a,
ASN00041110,19881006,PRCP,0,,,a,
ASN00041110,19881007,PRCP,0,,,a,
ASN00041110,19881008,PRCP,0,,,a,
ASN00041110,19881009,PRCP,52,,,a,
ASN00041110,19881010,PRCP,0,,,a,
ASN00041110,19881011,PRCP,0,,,a,
ASN00041110,19881012,PRCP,0,,,a,
ASN00041110,19881013,PRCP,0,,,a,
ASN00041110,19881014,PRCP,0,,,a,
ASN00041110,19881015,PRCP,0,,,a,
ASN00041110,19881016,PRCP,0,,,a,
ASN00041110,19881017,PRCP,0,,,a,
ASN00041110,19881018,PRCP,0,,,a,
ASN00041110,19881019,PRCP,0,,,a,
ASN00041110,19881020,PRCP,0,,,a,
ASN00041110,19881021,PRCP,0,,,a,
ASN00041110,19881022,PRCP,0,,,a,
ASN00041110,19881023,PRCP,0,,,a,
ASN00041110,19881024,PRCP,10,,,a,
ASN00041110,19881025,PRCP,0,,,a,
ASN00041110,19881026,PRCP,0,,,a,
ASN00041110,19881027,PRCP,0,,,a,
ASN00041110,19881028,PRCP,0,,,a,
ASN00041110,19881029,PRCP,0,,,a,
ASN00041110,19881030,PRCP,0,,,a,
ASN00041110,19881031,PRCP,0,,,a,
ASN00041110,19881101,PRCP,0,,,a,
ASN00041110,19881102,PRCP,0,,,a,
ASN00041110,19881103,PRCP,0,,,a,
ASN00041110,19881104,PRCP,0,,,a,
ASN00041110,19881105,PRCP,0,,,a,
ASN00041110,19881106,PRCP,0,,,a,
ASN00041110,19881107,PRCP,10,,,a,
ASN00041110,19881108,PRCP,0,,,a,
ASN00041110,19881109,PRCP,0,,,a,
ASN00041110,19881110,PRCP,0,,,a,
ASN00041110,19881111,PRCP,0,,,a,
ASN00041110,19881112,PRCP,0,,,a,
ASN00041110,19881113,PRCP,0,,,a,
ASN00041110,19881114,PRCP,0,,,a,
ASN00041110,19881115,PRCP,0,,,a,
ASN00041110,19881116,PRCP,160,,,a,
ASN00041110,19881117,PRCP,0,,,a,
ASN00041110,19881118,PRCP,0,,,a,
ASN00041110,19881119,PRCP,0,,,a,
ASN00041110,19881120,PRCP,0,,,a,
ASN00041110,19881121,PRCP,14,,,a,
ASN00041110,19881122,PRCP,0,,,a,
ASN00041110,19881123,PRCP,0,,,a,
ASN00041110,19881124,PRCP,0,,,a,
ASN00041110,19881125,PRCP,0,,,a,
ASN00041110,19881126,PRCP,0,,,a,
ASN00041110,19881127,PRCP,0,,,a,
ASN00041110,19881128,PRCP,110,,,a,
ASN00041110,19881129,PRCP,0,,,a,
ASN00041110,19881130,PRCP,0,,,a,
ASN00041110,19881201,PRCP,0,,,a,
ASN00041110,19881202,PRCP,0,,,a,
ASN00041110,19881203,PRCP,0,,,a,
ASN00041110,19881204,PRCP,0,,,a,
ASN00041110,19881205,PRCP,0,,,a,
ASN00041110,19881206,PRCP,0,,,a,
ASN00041110,19881207,PRCP,0,,,a,
ASN00041110,19881208,PRCP,0,,,a,
ASN00041110,19881209,PRCP,0,,,a,
ASN00041110,19881210,PRCP,66,,,a,
ASN00041110,19881211,PRCP,78,,,a,
ASN00041110,19881212,PRCP,102,,,a,
ASN00041110,19881213,PRCP,0,,,a,
ASN00041110,19881214,PRCP,0,,,a,
ASN00041110,19881215,PRCP,0,,,a,
ASN00041110,19881216,PRCP,8,,,a,
ASN00041110,19881217,PRCP,0,,,a,
ASN00041110,19881218,PRCP,158,,,a,
ASN00041110,19881219,PRCP,70,,,a,
ASN00041110,19881220,PRCP,48,,,a,
ASN00041110,19881221,PRCP,0,,,a,
ASN00041110,19881222,PRCP,0,,,a,
ASN00041110,19881223,PRCP,0,,,a,
ASN00041110,19881224,PRCP,0,,,a,
ASN00041110,19881225,PRCP,0,,,a,
ASN00041110,19881226,PRCP,0,,,a,
ASN00041110,19881227,PRCP,156,,,a,
ASN00041110,19881228,PRCP,0,,,a,
ASN00041110,19881229,PRCP,0,,,a,
ASN00041110,19881230,PRCP,0,,,a,
ASN00041110,19881231,PRCP,0,,,a,
ASN00041110,19890101,PRCP,0,,,a,
ASN00041110,19890102,PRCP,0,,,a,
ASN00041110,19890103,PRCP,0,,,a,
ASN00041110,19890104,PRCP,0,,,a,
ASN00041110,19890105,PRCP,0,,,a,
ASN00041110,19890106,PRCP,270,,,a,
ASN00041110,19890107,PRCP,0,,,a,
ASN00041110,19890108,PRCP,0,,,a,
ASN00041110,19890109,PRCP,0,,,a,
ASN00041110,19890110,PRCP,0,,,a,
ASN00041110,19890111,PRCP,30,,,a,
ASN00041110,19890112,PRCP,0,,,a,
ASN00041110,19890113,PRCP,0,,,a,
ASN00041110,19890114,PRCP,0,,,a,
ASN00041110,19890115,PRCP,0,,,a,
ASN00041110,19890116,PRCP,0,,,a,
ASN00041110,19890117,PRCP,0,,,a,
ASN00041110,19890118,PRCP,0,,,a,
ASN00041110,19890119,PRCP,0,,,a,
ASN00041110,19890120,PRCP,0,,,a,
ASN00041110,19890121,PRCP,0,,,a,
ASN00041110,19890122,PRCP,0,,,a,
ASN00041110,19890123,PRCP,4,,,a,
ASN00041110,19890124,PRCP,0,,,a,
ASN00041110,19890125,PRCP,0,,,a,
ASN00041110,19890126,PRCP,0,,,a,
ASN00041110,19890127,PRCP,0,,,a,
ASN00041110,19890128,PRCP,10,,,a,
ASN00041110,19890129,PRCP,0,,,a,
ASN00041110,19890130,PRCP,14,,,a,
ASN00041110,19890131,PRCP,0,,,a,
ASN00041110,19890201,PRCP,0,,,a,
ASN00041110,19890202,PRCP,0,,,a,
ASN00041110,19890203,PRCP,0,,,a,
ASN00041110,19890204,PRCP,0,,,a,
ASN00041110,19890205,PRCP,30,,,a,
ASN00041110,19890206,PRCP,78,,,a,
ASN00041110,19890207,PRCP,62,,,a,
ASN00041110,19890208,PRCP,8,,,a,
ASN00041110,19890209,PRCP,0,,,a,
ASN00041110,19890210,PRCP,0,,,a,
ASN00041110,19890211,PRCP,30,,,a,
ASN00041110,19890212,PRCP,0,,,a,
ASN00041110,19890213,PRCP,0,,,a,
ASN00041110,19890214,PRCP,0,,,a,
ASN00041110,19890215,PRCP,10,,,a,
ASN00041110,19890216,PRCP,0,,,a,
ASN00041110,19890217,PRCP,0,,,a,
ASN00041110,19890218,PRCP,0,,,a,
ASN00041110,19890219,PRCP,0,,,a,
ASN00041110,19890220,PRCP,0,,,a,
ASN00041110,19890221,PRCP,1,,,a,
ASN00041110,19890222,PRCP,0,,,a,
ASN00041110,19890223,PRCP,0,,,a,
ASN00041110,19890224,PRCP,0,,,a,
ASN00041110,19890225,PRCP,0,,,a,
ASN00041110,19890226,PRCP,0,,,a,
ASN00041110,19890227,PRCP,0,,,a,
ASN00041110,19890228,PRCP,0,,,a,
ASN00041110,19890301,PRCP,0,,,a,
ASN00041110,19890302,PRCP,0,,,a,
ASN00041110,19890303,PRCP,0,,,a,
ASN00041110,19890304,PRCP,0,,,a,
ASN00041110,19890305,PRCP,10,,,a,
ASN00041110,19890306,PRCP,0,,,a,
ASN00041110,19890307,PRCP,0,,,a,
ASN00041110,19890308,PRCP,0,,,a,
ASN00041110,19890309,PRCP,0,,,a,
ASN00041110,19890310,PRCP,0,,,a,
ASN00041110,19890311,PRCP,0,,,a,
ASN00041110,19890312,PRCP,0,,,a,
ASN00041110,19890313,PRCP,0,,,a,
ASN00041110,19890314,PRCP,0,,,a,
ASN00041110,19890315,PRCP,0,,,a,
ASN00041110,19890316,PRCP,0,,,a,
ASN00041110,19890317,PRCP,580,,,a,
ASN00041110,19890318,PRCP,0,,,a,
ASN00041110,19890319,PRCP,0,,,a,
ASN00041110,19890320,PRCP,0,,,a,
ASN00041110,19890321,PRCP,0,,,a,
ASN00041110,19890322,PRCP,0,,,a,
ASN00041110,19890323,PRCP,0,,,a,
ASN00041110,19890324,PRCP,0,,,a,
ASN00041110,19890325,PRCP,0,,,a,
ASN00041110,19890326,PRCP,390,,,a,
ASN00041110,19890327,PRCP,690,,,a,
ASN00041110,19890328,PRCP,284,,,a,
ASN00041110,19890329,PRCP,0,,,a,
ASN00041110,19890330,PRCP,0,,,a,
ASN00041110,19890331,PRCP,0,,,a,
ASN00041110,19890401,PRCP,0,,,a,
ASN00041110,19890402,PRCP,35,,,a,
ASN00041110,19890403,PRCP,120,,,a,
ASN00041110,19890404,PRCP,10,,,a,
ASN00041110,19890405,PRCP,20,,,a,
ASN00041110,19890406,PRCP,0,,,a,
ASN00041110,19890407,PRCP,0,,,a,
ASN00041110,19890408,PRCP,0,,,a,
ASN00041110,19890409,PRCP,0,,,a,
ASN00041110,19890410,PRCP,0,,,a,
ASN00041110,19890411,PRCP,80,,,a,
ASN00041110,19890412,PRCP,32,,,a,
ASN00041110,19890413,PRCP,12,,,a,
ASN00041110,19890414,PRCP,0,,,a,
ASN00041110,19890415,PRCP,0,,,a,
ASN00041110,19890416,PRCP,0,,,a,
ASN00041110,19890417,PRCP,0,,,a,
ASN00041110,19890418,PRCP,0,,,a,
ASN00041110,19890419,PRCP,0,,,a,
ASN00041110,19890420,PRCP,0,,,a,
ASN00041110,19890421,PRCP,0,,,a,
ASN00041110,19890422,PRCP,0,,,a,
ASN00041110,19890423,PRCP,0,,,a,
ASN00041110,19890424,PRCP,130,,,a,
ASN00041110,19890425,PRCP,44,,,a,
ASN00041110,19890426,PRCP,130,,,a,
ASN00041110,19890427,PRCP,14,,,a,
ASN00041110,19890428,PRCP,0,,,a,
ASN00041110,19890429,PRCP,0,,,a,
ASN00041110,19890430,PRCP,0,,,a,
ASN00041110,19890501,PRCP,0,,,a,
ASN00041110,19890502,PRCP,0,,,a,
ASN00041110,19890503,PRCP,0,,,a,
ASN00041110,19890504,PRCP,0,,,a,
ASN00041110,19890505,PRCP,0,,,a,
ASN00041110,19890506,PRCP,0,,,a,
ASN00041110,19890507,PRCP,20,,,a,
ASN00041110,19890508,PRCP,62,,,a,
ASN00041110,19890509,PRCP,6,,,a,
ASN00041110,19890510,PRCP,0,,,a,
ASN00041110,19890511,PRCP,0,,,a,
ASN00041110,19890512,PRCP,0,,,a,
ASN00041110,19890513,PRCP,0,,,a,
ASN00041110,19890514,PRCP,0,,,a,
ASN00041110,19890515,PRCP,0,,,a,
ASN00041110,19890516,PRCP,0,,,a,
ASN00041110,19890517,PRCP,30,,,a,
ASN00041110,19890518,PRCP,30,,,a,
ASN00041110,19890519,PRCP,10,,,a,
ASN00041110,19890520,PRCP,0,,,a,
ASN00041110,19890521,PRCP,0,,,a,
ASN00041110,19890522,PRCP,0,,,a,
ASN00041110,19890523,PRCP,60,,,a,
ASN00041110,19890524,PRCP,0,,,a,
ASN00041110,19890525,PRCP,0,,,a,
ASN00041110,19890526,PRCP,0,,,a,
ASN00041110,19890527,PRCP,10,,,a,
ASN00041110,19890528,PRCP,0,,,a,
ASN00041110,19890529,PRCP,0,,,a,
ASN00041110,19890530,PRCP,0,,,a,
ASN00041110,19890531,PRCP,0,,,a,
ASN00041110,19890601,PRCP,24,,,a,
ASN00041110,19890602,PRCP,0,,,a,
ASN00041110,19890603,PRCP,45,,,a,
ASN00041110,19890604,PRCP,0,,,a,
ASN00041110,19890605,PRCP,92,,,a,
ASN00041110,19890606,PRCP,200,,,a,
ASN00041110,19890607,PRCP,0,,,a,
ASN00041110,19890608,PRCP,0,,,a,
ASN00041110,19890609,PRCP,0,,,a,
ASN00041110,19890610,PRCP,20,,,a,
ASN00041110,19890611,PRCP,6,,,a,
ASN00041110,19890612,PRCP,14,,,a,
ASN00041110,19890613,PRCP,0,,,a,
ASN00041110,19890614,PRCP,0,,,a,
ASN00041110,19890615,PRCP,0,,,a,
ASN00041110,19890616,PRCP,0,,,a,
ASN00041110,19890617,PRCP,0,,,a,
ASN00041110,19890618,PRCP,0,,,a,
ASN00041110,19890619,PRCP,0,,,a,
ASN00041110,19890620,PRCP,0,,,a,
ASN00041110,19890621,PRCP,0,,,a,
ASN00041110,19890622,PRCP,0,,,a,
ASN00041110,19890623,PRCP,0,,,a,
ASN00041110,19890624,PRCP,0,,,a,
ASN00041110,19890625,PRCP,10,,,a,
ASN00041110,19890626,PRCP,0,,,a,
ASN00041110,19890627,PRCP,0,,,a,
ASN00041110,19890628,PRCP,0,,,a,
ASN00041110,19890629,PRCP,4,,,a,
ASN00041110,19890630,PRCP,0,,,a,
ASN00041110,19890701,PRCP,0,,,a,
ASN00041110,19890702,PRCP,0,,,a,
ASN00041110,19890703,PRCP,0,,,a,
ASN00041110,19890704,PRCP,42,,,a,
ASN00041110,19890705,PRCP,0,,,a,
ASN00041110,19890706,PRCP,0,,,a,
ASN00041110,19890707,PRCP,0,,,a,
ASN00041110,19890708,PRCP,0,,,a,
ASN00041110,19890709,PRCP,0,,,a,
ASN00041110,19890710,PRCP,130,,,a,
ASN00041110,19890711,PRCP,0,,,a,
ASN00041110,19890712,PRCP,0,,,a,
ASN00041110,19890713,PRCP,0,,,a,
ASN00041110,19890714,PRCP,0,,,a,
ASN00041110,19890715,PRCP,0,,,a,
ASN00041110,19890716,PRCP,20,,,a,
ASN00041110,19890717,PRCP,0,,,a,
ASN00041110,19890718,PRCP,10,,,a,
ASN00041110,19890719,PRCP,0,,,a,
ASN00041110,19890720,PRCP,0,,,a,
ASN00041110,19890721,PRCP,0,,,a,
ASN00041110,19890722,PRCP,0,,,a,
ASN00041110,19890723,PRCP,0,,,a,
ASN00041110,19890724,PRCP,100,,,a,
ASN00041110,19890725,PRCP,4,,,a,
ASN00041110,19890726,PRCP,0,,,a,
ASN00041110,19890727,PRCP,0,,,a,
ASN00041110,19890728,PRCP,0,,,a,
ASN00041110,19890729,PRCP,0,,,a,
ASN00041110,19890730,PRCP,0,,,a,
ASN00041110,19890731,PRCP,0,,,a,
ASN00041110,19890801,PRCP,40,,,a,
ASN00041110,19890802,PRCP,0,,,a,
ASN00041110,19890803,PRCP,0,,,a,
ASN00041110,19890804,PRCP,0,,,a,
ASN00041110,19890805,PRCP,0,,,a,
ASN00041110,19890806,PRCP,0,,,a,
ASN00041110,19890807,PRCP,0,,,a,
ASN00041110,19890808,PRCP,0,,,a,
ASN00041110,19890809,PRCP,0,,,a,
ASN00041110,19890810,PRCP,0,,,a,
ASN00041110,19890811,PRCP,0,,,a,
ASN00041110,19890812,PRCP,0,,,a,
ASN00041110,19890813,PRCP,0,,,a,
ASN00041110,19890814,PRCP,0,,,a,
ASN00041110,19890815,PRCP,0,,,a,
ASN00041110,19890816,PRCP,0,,,a,
ASN00041110,19890817,PRCP,0,,,a,
ASN00041110,19890818,PRCP,30,,,a,
ASN00041110,19890819,PRCP,0,,,a,
ASN00041110,19890820,PRCP,0,,,a,
ASN00041110,19890821,PRCP,0,,,a,
ASN00041110,19890822,PRCP,0,,,a,
ASN00041110,19890823,PRCP,0,,,a,
ASN00041110,19890824,PRCP,0,,,a,
ASN00041110,19890825,PRCP,0,,,a,
ASN00041110,19890826,PRCP,0,,,a,
ASN00041110,19890827,PRCP,0,,,a,
ASN00041110,19890828,PRCP,0,,,a,
ASN00041110,19890829,PRCP,0,,,a,
ASN00041110,19890830,PRCP,0,,,a,
ASN00041110,19890831,PRCP,0,,,a,
ASN00041110,19890901,PRCP,0,,,a,
ASN00041110,19890902,PRCP,0,,,a,
ASN00041110,19890903,PRCP,0,,,a,
ASN00041110,19890904,PRCP,0,,,a,
ASN00041110,19890905,PRCP,0,,,a,
ASN00041110,19890906,PRCP,0,,,a,
ASN00041110,19890907,PRCP,0,,,a,
ASN00041110,19890908,PRCP,0,,,a,
ASN00041110,19890909,PRCP,0,,,a,
ASN00041110,19890910,PRCP,0,,,a,
ASN00041110,19890911,PRCP,0,,,a,
ASN00041110,19890912,PRCP,114,,,a,
ASN00041110,19890913,PRCP,0,,,a,
ASN00041110,19890914,PRCP,0,,,a,
ASN00041110,19890915,PRCP,0,,,a,
ASN00041110,19890916,PRCP,0,,,a,
ASN00041110,19890917,PRCP,0,,,a,
ASN00041110,19890918,PRCP,0,,,a,
ASN00041110,19890919,PRCP,0,,,a,
ASN00041110,19890920,PRCP,0,,,a,
ASN00041110,19890921,PRCP,0,,,a,
ASN00041110,19890922,PRCP,0,,,a,
ASN00041110,19890923,PRCP,0,,,a,
ASN00041110,19890924,PRCP,0,,,a,
ASN00041110,19890925,PRCP,0,,,a,
ASN00041110,19890926,PRCP,26,,,a,
ASN00041110,19890927,PRCP,0,,,a,
ASN00041110,19890928,PRCP,0,,,a,
ASN00041110,19890929,PRCP,0,,,a,
ASN00041110,19890930,PRCP,0,,,a,
ASN00041110,19891001,PRCP,0,,,a,
ASN00041110,19891002,PRCP,0,,,a,
ASN00041110,19891003,PRCP,0,,,a,
ASN00041110,19891004,PRCP,0,,,a,
ASN00041110,19891005,PRCP,0,,,a,
ASN00041110,19891006,PRCP,0,,,a,
ASN00041110,19891007,PRCP,0,,,a,
ASN00041110,19891008,PRCP,0,,,a,
ASN00041110,19891009,PRCP,0,,,a,
ASN00041110,19891010,PRCP,0,,,a,
ASN00041110,19891011,PRCP,0,,,a,
ASN00041110,19891012,PRCP,0,,,a,
ASN00041110,19891013,PRCP,0,,,a,
ASN00041110,19891014,PRCP,0,,,a,
ASN00041110,19891015,PRCP,0,,,a,
ASN00041110,19891016,PRCP,0,,,a,
ASN00041110,19891017,PRCP,0,,,a,
ASN00041110,19891018,PRCP,80,,,a,
ASN00041110,19891019,PRCP,4,,,a,
ASN00041110,19891020,PRCP,12,,,a,
ASN00041110,19891021,PRCP,30,,,a,
ASN00041110,19891022,PRCP,0,,,a,
ASN00041110,19891023,PRCP,0,,,a,
ASN00041110,19891024,PRCP,210,,,a,
ASN00041110,19891025,PRCP,110,,,a,
ASN00041110,19891026,PRCP,14,,,a,
ASN00041110,19891027,PRCP,50,,,a,
ASN00041110,19891028,PRCP,0,,,a,
ASN00041110,19891029,PRCP,0,,,a,
ASN00041110,19891030,PRCP,0,,,a,
ASN00041110,19891031,PRCP,0,,,a,
ASN00041110,19891101,PRCP,0,,,a,
ASN00041110,19891102,PRCP,50,,,a,
ASN00041110,19891103,PRCP,230,,,a,
ASN00041110,19891104,PRCP,70,,,a,
ASN00041110,19891105,PRCP,140,,,a,
ASN00041110,19891106,PRCP,40,,,a,
ASN00041110,19891107,PRCP,118,,,a,
ASN00041110,19891108,PRCP,0,,,a,
ASN00041110,19891109,PRCP,0,,,a,
ASN00041110,19891110,PRCP,18,,,a,
ASN00041110,19891111,PRCP,80,,,a,
ASN00041110,19891112,PRCP,150,,,a,
ASN00041110,19891113,PRCP,76,,,a,
ASN00041110,19891114,PRCP,0,,,a,
ASN00041110,19891115,PRCP,0,,,a,
ASN00041110,19891116,PRCP,0,,,a,
ASN00041110,19891117,PRCP,0,,,a,
ASN00041110,19891118,PRCP,360,,,a,
ASN00041110,19891119,PRCP,6,,,a,
ASN00041110,19891120,PRCP,8,,,a,
ASN00041110,19891121,PRCP,0,,,a,
ASN00041110,19891122,PRCP,0,,,a,
ASN00041110,19891123,PRCP,0,,,a,
ASN00041110,19891124,PRCP,0,,,a,
ASN00041110,19891125,PRCP,0,,,a,
ASN00041110,19891126,PRCP,0,,,a,
ASN00041110,19891127,PRCP,0,,,a,
ASN00041110,19891128,PRCP,0,,,a,
ASN00041110,19891129,PRCP,0,,,a,
ASN00041110,19891130,PRCP,0,,,a,
ASN00041110,19891201,PRCP,0,,,a,
ASN00041110,19891202,PRCP,0,,,a,
ASN00041110,19891203,PRCP,0,,,a,
ASN00041110,19891204,PRCP,56,,,a,
ASN00041110,19891205,PRCP,44,,,a,
ASN00041110,19891206,PRCP,114,,,a,
ASN00041110,19891207,PRCP,0,,,a,
ASN00041110,19891208,PRCP,0,,,a,
ASN00041110,19891209,PRCP,256,,,a,
ASN00041110,19891210,PRCP,0,,,a,
ASN00041110,19891211,PRCP,0,,,a,
ASN00041110,19891212,PRCP,0,,,a,
ASN00041110,19891213,PRCP,0,,,a,
ASN00041110,19891214,PRCP,30,,,a,
ASN00041110,19891215,PRCP,70,,,a,
ASN00041110,19891216,PRCP,0,,,a,
ASN00041110,19891217,PRCP,0,,,a,
ASN00041110,19891218,PRCP,0,,,a,
ASN00041110,19891219,PRCP,0,,,a,
ASN00041110,19891220,PRCP,0,,,a,
ASN00041110,19891221,PRCP,0,,,a,
ASN00041110,19891222,PRCP,6,,,a,
ASN00041110,19891223,PRCP,110,,,a,
ASN00041110,19891224,PRCP,62,,,a,
ASN00041110,19891225,PRCP,0,,,a,
ASN00041110,19891226,PRCP,0,,,a,
ASN00041110,19891227,PRCP,62,,,a,
ASN00041110,19891228,PRCP,0,,,a,
ASN00041110,19891229,PRCP,0,,,a,
ASN00041110,19891230,PRCP,0,,,a,
ASN00041110,19891231,PRCP,0,,,a,
ASN00041110,19900101,PRCP,0,,,a,
ASN00041110,19900102,PRCP,0,,,a,
ASN00041110,19900103,PRCP,0,,,a,
ASN00041110,19900104,PRCP,0,,,a,
ASN00041110,19900105,PRCP,0,,,a,
ASN00041110,19900106,PRCP,0,,,a,
ASN00041110,19900107,PRCP,0,,,a,
ASN00041110,19900108,PRCP,0,,,a,
ASN00041110,19900109,PRCP,0,,,a,
ASN00041110,19900110,PRCP,0,,,a,
ASN00041110,19900111,PRCP,0,,,a,
ASN00041110,19900112,PRCP,320,,,a,
ASN00041110,19900113,PRCP,10,,,a,
ASN00041110,19900114,PRCP,50,,,a,
ASN00041110,19900115,PRCP,0,,,a,
ASN00041110,19900116,PRCP,310,,,a,
ASN00041110,19900117,PRCP,4,,,a,
ASN00041110,19900118,PRCP,0,,,a,
ASN00041110,19900119,PRCP,0,,,a,
ASN00041110,19900120,PRCP,0,,,a,
ASN00041110,19900121,PRCP,0,,,a,
ASN00041110,19900122,PRCP,0,,,a,
ASN00041110,19900123,PRCP,0,,,a,
ASN00041110,19900124,PRCP,0,,,a,
ASN00041110,19900125,PRCP,0,,,a,
ASN00041110,19900126,PRCP,0,,,a,
ASN00041110,19900127,PRCP,0,,,a,
ASN00041110,19900128,PRCP,0,,,a,
ASN00041110,19900129,PRCP,0,,,a,
ASN00041110,19900130,PRCP,0,,,a,
ASN00041110,19900131,PRCP,0,,,a,
ASN00041110,19900201,PRCP,0,,,a,
ASN00041110,19900202,PRCP,30,,,a,
ASN00041110,19900203,PRCP,600,,,a,
ASN00041110,19900204,PRCP,50,,,a,
ASN00041110,19900205,PRCP,0,,,a,
ASN00041110,19900206,PRCP,0,,,a,
ASN00041110,19900207,PRCP,0,,,a,
ASN00041110,19900208,PRCP,450,,,a,
ASN00041110,19900209,PRCP,200,,,a,
ASN00041110,19900210,PRCP,0,,,a,
ASN00041110,19900211,PRCP,0,,,a,
ASN00041110,19900212,PRCP,0,,,a,
ASN00041110,19900213,PRCP,0,,,a,
ASN00041110,19900214,PRCP,250,,,a,
ASN00041110,19900215,PRCP,0,,,a,
ASN00041110,19900216,PRCP,0,,,a,
ASN00041110,19900217,PRCP,0,,,a,
ASN00041110,19900218,PRCP,0,,,a,
ASN00041110,19900219,PRCP,0,,,a,
ASN00041110,19900220,PRCP,0,,,a,
ASN00041110,19900221,PRCP,0,,,a,
ASN00041110,19900222,PRCP,0,,,a,
ASN00041110,19900223,PRCP,0,,,a,
ASN00041110,19900224,PRCP,0,,,a,
ASN00041110,19900225,PRCP,0,,,a,
ASN00041110,19900226,PRCP,0,,,a,
ASN00041110,19900227,PRCP,0,,,a,
ASN00041110,19900228,PRCP,0,,,a,
ASN00041110,19900301,PRCP,0,,,a,
ASN00041110,19900302,PRCP,0,,,a,
ASN00041110,19900303,PRCP,0,,,a,
ASN00041110,19900304,PRCP,0,,,a,
ASN00041110,19900305,PRCP,66,,,a,
ASN00041110,19900306,PRCP,0,,,a,
ASN00041110,19900307,PRCP,4,,,a,
ASN00041110,19900308,PRCP,0,,,a,
ASN00041110,19900309,PRCP,0,,,a,
ASN00041110,19900310,PRCP,0,,,a,
ASN00041110,19900311,PRCP,0,,,a,
ASN00041110,19900312,PRCP,0,,,a,
ASN00041110,19900313,PRCP,0,,,a,
ASN00041110,19900314,PRCP,0,,,a,
ASN00041110,19900315,PRCP,0,,,a,
ASN00041110,19900316,PRCP,0,,,a,
ASN00041110,19900317,PRCP,0,,,a,
ASN00041110,19900318,PRCP,0,,,a,
ASN00041110,19900319,PRCP,0,,,a,
ASN00041110,19900320,PRCP,0,,,a,
ASN00041110,19900321,PRCP,0,,,a,
ASN00041110,19900322,PRCP,0,,,a,
ASN00041110,19900323,PRCP,0,,,a,
ASN00041110,19900324,PRCP,28,,,a,
ASN00041110,19900325,PRCP,8,,,a,
ASN00041110,19900326,PRCP,90,,,a,
ASN00041110,19900327,PRCP,200,,,a,
ASN00041110,19900328,PRCP,60,,,a,
ASN00041110,19900329,PRCP,0,,,a,
ASN00041110,19900330,PRCP,0,,,a,
ASN00041110,19900331,PRCP,0,,,a,
ASN00041110,19900401,PRCP,0,,,a,
ASN00041110,19900402,PRCP,14,,,a,
ASN00041110,19900403,PRCP,12,,,a,
ASN00041110,19900404,PRCP,0,,,a,
ASN00041110,19900405,PRCP,148,,,a,
ASN00041110,19900406,PRCP,12,,,a,
ASN00041110,19900407,PRCP,60,,,a,
ASN00041110,19900408,PRCP,30,,,a,
ASN00041110,19900409,PRCP,74,,,a,
ASN00041110,19900410,PRCP,0,,,a,
ASN00041110,19900411,PRCP,0,,,a,
ASN00041110,19900412,PRCP,0,,,a,
ASN00041110,19900413,PRCP,0,,,a,
ASN00041110,19900414,PRCP,0,,,a,
ASN00041110,19900415,PRCP,50,,,a,
ASN00041110,19900416,PRCP,170,,,a,
ASN00041110,19900417,PRCP,32,,,a,
ASN00041110,19900418,PRCP,0,,,a,
ASN00041110,19900419,PRCP,0,,,a,
ASN00041110,19900420,PRCP,106,,,a,
ASN00041110,19900421,PRCP,330,,,a,
ASN00041110,19900422,PRCP,0,,,a,
ASN00041110,19900423,PRCP,0,,,a,
ASN00041110,19900424,PRCP,0,,,a,
ASN00041110,19900425,PRCP,0,,,a,
ASN00041110,19900426,PRCP,0,,,a,
ASN00041110,19900427,PRCP,0,,,a,
ASN00041110,19900428,PRCP,0,,,a,
ASN00041110,19900429,PRCP,0,,,a,
ASN00041110,19900430,PRCP,0,,,a,
ASN00041110,19900501,PRCP,0,,,a,
ASN00041110,19900502,PRCP,0,,,a,
ASN00041110,19900503,PRCP,0,,,a,
ASN00041110,19900504,PRCP,0,,,a,
ASN00041110,19900505,PRCP,0,,,a,
ASN00041110,19900506,PRCP,0,,,a,
ASN00041110,19900507,PRCP,0,,,a,
ASN00041110,19900508,PRCP,0,,,a,
ASN00041110,19900509,PRCP,0,,,a,
ASN00041110,19900510,PRCP,0,,,a,
ASN00041110,19900511,PRCP,0,,,a,
ASN00041110,19900512,PRCP,0,,,a,
ASN00041110,19900513,PRCP,0,,,a,
ASN00041110,19900514,PRCP,0,,,a,
ASN00041110,19900515,PRCP,0,,,a,
ASN00041110,19900516,PRCP,0,,,a,
ASN00041110,19900517,PRCP,44,,,a,
ASN00041110,19900518,PRCP,812,,,a,
ASN00041110,19900519,PRCP,0,,,a,
ASN00041110,19900520,PRCP,0,,,a,
ASN00041110,19900521,PRCP,0,,,a,
ASN00041110,19900522,PRCP,60,,,a,
ASN00041110,19900523,PRCP,300,,,a,
ASN00041110,19900524,PRCP,120,,,a,
ASN00041110,19900525,PRCP,0,,,a,
ASN00041110,19900526,PRCP,0,,,a,
ASN00041110,19900527,PRCP,136,,,a,
ASN00041110,19900528,PRCP,46,,,a,
ASN00041110,19900529,PRCP,0,,,a,
ASN00041110,19900530,PRCP,0,,,a,
ASN00041110,19900531,PRCP,0,,,a,
ASN00041110,19900601,PRCP,0,,,a,
ASN00041110,19900602,PRCP,0,,,a,
ASN00041110,19900603,PRCP,0,,,a,
ASN00041110,19900604,PRCP,0,,,a,
ASN00041110,19900605,PRCP,0,,,a,
ASN00041110,19900606,PRCP,0,,,a,
ASN00041110,19900607,PRCP,110,,,a,
ASN00041110,19900608,PRCP,0,,,a,
ASN00041110,19900609,PRCP,0,,,a,
ASN00041110,19900610,PRCP,0,,,a,
ASN00041110,19900611,PRCP,0,,,a,
ASN00041110,19900612,PRCP,0,,,a,
ASN00041110,19900613,PRCP,0,,,a,
ASN00041110,19900614,PRCP,0,,,a,
ASN00041110,19900615,PRCP,0,,,a,
ASN00041110,19900616,PRCP,0,,,a,
ASN00041110,19900617,PRCP,0,,,a,
ASN00041110,19900618,PRCP,0,,,a,
ASN00041110,19900619,PRCP,146,,,a,
ASN00041110,19900620,PRCP,0,,,a,
ASN00041110,19900621,PRCP,0,,,a,
ASN00041110,19900622,PRCP,0,,,a,
ASN00041110,19900623,PRCP,0,,,a,
ASN00041110,19900624,PRCP,0,,,a,
ASN00041110,19900625,PRCP,74,,,a,
ASN00041110,19900626,PRCP,0,,,a,
ASN00041110,19900627,PRCP,0,,,a,
ASN00041110,19900628,PRCP,0,,,a,
ASN00041110,19900629,PRCP,0,,,a,
ASN00041110,19900630,PRCP,0,,,a,
ASN00041110,19900701,PRCP,0,,,a,
ASN00041110,19900702,PRCP,0,,,a,
ASN00041110,19900703,PRCP,0,,,a,
ASN00041110,19900704,PRCP,0,,,a,
ASN00041110,19900705,PRCP,0,,,a,
ASN00041110,19900706,PRCP,0,,,a,
ASN00041110,19900707,PRCP,0,,,a,
ASN00041110,19900708,PRCP,0,,,a,
ASN00041110,19900709,PRCP,0,,,a,
ASN00041110,19900710,PRCP,0,,,a,
ASN00041110,19900711,PRCP,0,,,a,
ASN00041110,19900712,PRCP,0,,,a,
ASN00041110,19900713,PRCP,146,,,a,
ASN00041110,19900714,PRCP,0,,,a,
ASN00041110,19900715,PRCP,0,,,a,
ASN00041110,19900716,PRCP,0,,,a,
ASN00041110,19900717,PRCP,0,,,a,
ASN00041110,19900718,PRCP,0,,,a,
ASN00041110,19900719,PRCP,0,,,a,
ASN00041110,19900720,PRCP,0,,,a,
ASN00041110,19900721,PRCP,0,,,a,
ASN00041110,19900722,PRCP,0,,,a,
ASN00041110,19900723,PRCP,0,,,a,
ASN00041110,19900724,PRCP,0,,,a,
ASN00041110,19900725,PRCP,0,,,a,
ASN00041110,19900726,PRCP,0,,,a,
ASN00041110,19900727,PRCP,0,,,a,
ASN00041110,19900728,PRCP,40,,,a,
ASN00041110,19900729,PRCP,0,,,a,
ASN00041110,19900730,PRCP,70,,,a,
ASN00041110,19900731,PRCP,64,,,a,
ASN00041110,19900801,PRCP,6,,,a,
ASN00041110,19900802,PRCP,0,,,a,
ASN00041110,19900803,PRCP,40,,,a,
ASN00041110,19900804,PRCP,4,,,a,
ASN00041110,19900805,PRCP,0,,,a,
ASN00041110,19900806,PRCP,0,,,a,
ASN00041110,19900807,PRCP,0,,,a,
ASN00041110,19900808,PRCP,0,,,a,
ASN00041110,19900809,PRCP,0,,,a,
ASN00041110,19900810,PRCP,72,,,a,
ASN00041110,19900811,PRCP,0,,,a,
ASN00041110,19900812,PRCP,0,,,a,
ASN00041110,19900813,PRCP,0,,,a,
ASN00041110,19900814,PRCP,0,,,a,
ASN00041110,19900815,PRCP,26,,,a,
ASN00041110,19900816,PRCP,0,,,a,
ASN00041110,19900817,PRCP,0,,,a,
ASN00041110,19900818,PRCP,0,,,a,
ASN00041110,19900819,PRCP,0,,,a,
ASN00041110,19900820,PRCP,0,,,a,
ASN00041110,19900821,PRCP,0,,,a,
ASN00041110,19900822,PRCP,0,,,a,
ASN00041110,19900823,PRCP,0,,,a,
ASN00041110,19900824,PRCP,0,,,a,
ASN00041110,19900825,PRCP,0,,,a,
ASN00041110,19900826,PRCP,0,,,a,
ASN00041110,19900827,PRCP,0,,,a,
ASN00041110,19900828,PRCP,0,,,a,
ASN00041110,19900829,PRCP,0,,,a,
ASN00041110,19900830,PRCP,0,,,a,
ASN00041110,19900831,PRCP,26,,,a,
ASN00041110,19900901,PRCP,52,,,a,
ASN00041110,19900902,PRCP,0,,,a,
ASN00041110,19900903,PRCP,0,,,a,
ASN00041110,19900904,PRCP,0,,,a,
ASN00041110,19900905,PRCP,0,,,a,
ASN00041110,19900906,PRCP,0,,,a,
ASN00041110,19900907,PRCP,0,,,a,
ASN00041110,19900908,PRCP,0,,,a,
ASN00041110,19900909,PRCP,0,,,a,
ASN00041110,19900910,PRCP,0,,,a,
ASN00041110,19900911,PRCP,0,,,a,
ASN00041110,19900912,PRCP,0,,,a,
ASN00041110,19900913,PRCP,44,,,a,
ASN00041110,19900914,PRCP,30,,,a,
ASN00041110,19900915,PRCP,20,,,a,
ASN00041110,19900916,PRCP,0,,,a,
ASN00041110,19900917,PRCP,0,,,a,
ASN00041110,19900918,PRCP,0,,,a,
ASN00041110,19900919,PRCP,0,,,a,
ASN00041110,19900920,PRCP,0,,,a,
ASN00041110,19900921,PRCP,0,,,a,
ASN00041110,19900922,PRCP,0,,,a,
ASN00041110,19900923,PRCP,0,,,a,
ASN00041110,19900924,PRCP,0,,,a,
ASN00041110,19900925,PRCP,0,,,a,
ASN00041110,19900926,PRCP,0,,,a,
ASN00041110,19900927,PRCP,0,,,a,
ASN00041110,19900928,PRCP,0,,,a,
ASN00041110,19900929,PRCP,0,,,a,
ASN00041110,19900930,PRCP,0,,,a,
ASN00041110,19901001,PRCP,24,,,a,
ASN00041110,19901002,PRCP,0,,,a,
ASN00041110,19901003,PRCP,0,,,a,
ASN00041110,19901004,PRCP,0,,,a,
ASN00041110,19901005,PRCP,0,,,a,
ASN00041110,19901006,PRCP,0,,,a,
ASN00041110,19901007,PRCP,0,,,a,
ASN00041110,19901008,PRCP,0,,,a,
ASN00041110,19901009,PRCP,108,,,a,
ASN00041110,19901010,PRCP,20,,,a,
ASN00041110,19901011,PRCP,0,,,a,
ASN00041110,19901012,PRCP,0,,,a,
ASN00041110,19901013,PRCP,0,,,a,
ASN00041110,19901014,PRCP,0,,,a,
ASN00041110,19901015,PRCP,0,,,a,
ASN00041110,19901016,PRCP,0,,,a,
ASN00041110,19901017,PRCP,0,,,a,
ASN00041110,19901018,PRCP,0,,,a,
ASN00041110,19901019,PRCP,0,,,a,
ASN00041110,19901020,PRCP,72,,,a,
ASN00041110,19901021,PRCP,0,,,a,
ASN00041110,19901022,PRCP,0,,,a,
ASN00041110,19901023,PRCP,0,,,a,
ASN00041110,19901024,PRCP,0,,,a,
ASN00041110,19901025,PRCP,0,,,a,
ASN00041110,19901026,PRCP,0,,,a,
ASN00041110,19901027,PRCP,0,,,a,
ASN00041110,19901028,PRCP,0,,,a,
ASN00041110,19901029,PRCP,0,,,a,
ASN00041110,19901030,PRCP,0,,,a,
ASN00041110,19901031,PRCP,0,,,a,
ASN00041110,19901101,PRCP,0,,,a,
ASN00041110,19901102,PRCP,0,,,a,
ASN00041110,19901103,PRCP,0,,,a,
ASN00041110,19901104,PRCP,88,,,a,
ASN00041110,19901105,PRCP,44,,,a,
ASN00041110,19901106,PRCP,0,,,a,
ASN00041110,19901107,PRCP,0,,,a,
ASN00041110,19901108,PRCP,0,,,a,
ASN00041110,19901109,PRCP,0,,,a,
ASN00041110,19901110,PRCP,0,,,a,
ASN00041110,19901111,PRCP,0,,,a,
ASN00041110,19901112,PRCP,0,,,a,
ASN00041110,19901113,PRCP,0,,,a,
ASN00041110,19901114,PRCP,0,,,a,
ASN00041110,19901115,PRCP,0,,,a,
ASN00041110,19901116,PRCP,0,,,a,
ASN00041110,19901117,PRCP,0,,,a,
ASN00041110,19901118,PRCP,0,,,a,
ASN00041110,19901119,PRCP,0,,,a,
ASN00041110,19901120,PRCP,0,,,a,
ASN00041110,19901121,PRCP,0,,,a,
ASN00041110,19901122,PRCP,0,,,a,
ASN00041110,19901123,PRCP,10,,,a,
ASN00041110,19901124,PRCP,0,,,a,
ASN00041110,19901125,PRCP,0,,,a,
ASN00041110,19901126,PRCP,0,,,a,
ASN00041110,19901127,PRCP,0,,,a,
ASN00041110,19901128,PRCP,0,,,a,
ASN00041110,19901129,PRCP,0,,,a,
ASN00041110,19901130,PRCP,0,,,a,
ASN00041110,19901201,PRCP,0,,,a,
ASN00041110,19901202,PRCP,0,,,a,
ASN00041110,19901203,PRCP,0,,,a,
ASN00041110,19901204,PRCP,190,,,a,
ASN00041110,19901205,PRCP,4,,,a,
ASN00041110,19901206,PRCP,0,,,a,
ASN00041110,19901207,PRCP,0,,,a,
ASN00041110,19901208,PRCP,0,,,a,
ASN00041110,19901209,PRCP,0,,,a,
ASN00041110,19901210,PRCP,30,,,a,
ASN00041110,19901211,PRCP,0,,,a,
ASN00041110,19901212,PRCP,0,,,a,
ASN00041110,19901213,PRCP,0,,,a,
ASN00041110,19901214,PRCP,50,,,a,
ASN00041110,19901215,PRCP,0,,,a,
ASN00041110,19901216,PRCP,0,,,a,
ASN00041110,19901217,PRCP,0,,,a,
ASN00041110,19901218,PRCP,0,,,a,
ASN00041110,19901219,PRCP,0,,,a,
ASN00041110,19901220,PRCP,0,,,a,
ASN00041110,19901221,PRCP,0,,,a,
ASN00041110,19901222,PRCP,0,,,a,
ASN00041110,19901223,PRCP,72,,,a,
ASN00041110,19901224,PRCP,50,,,a,
ASN00041110,19901225,PRCP,0,,,a,
ASN00041110,19901226,PRCP,0,,,a,
ASN00041110,19901227,PRCP,0,,,a,
ASN00041110,19901228,PRCP,0,,,a,
ASN00041110,19901229,PRCP,0,,,a,
ASN00041110,19901230,PRCP,0,,,a,
ASN00041110,19901231,PRCP,0,,,a,
ASN00041110,19910101,PRCP,148,,,a,
ASN00041110,19910102,PRCP,0,,,a,
ASN00041110,19910103,PRCP,0,,,a,
ASN00041110,19910104,PRCP,0,,,a,
ASN00041110,19910105,PRCP,24,,,a,
ASN00041110,19910106,PRCP,520,,,a,
ASN00041110,19910107,PRCP,88,,,a,
ASN00041110,19910108,PRCP,0,,,a,
ASN00041110,19910109,PRCP,0,,,a,
ASN00041110,19910110,PRCP,0,,,a,
ASN00041110,19910111,PRCP,0,,,a,
ASN00041110,19910112,PRCP,0,,,a,
ASN00041110,19910113,PRCP,0,,,a,
ASN00041110,19910114,PRCP,0,,,a,
ASN00041110,19910115,PRCP,0,,,a,
ASN00041110,19910116,PRCP,0,,,a,
ASN00041110,19910117,PRCP,0,,,a,
ASN00041110,19910118,PRCP,10,,,a,
ASN00041110,19910119,PRCP,8,,,a,
ASN00041110,19910120,PRCP,4,,,a,
ASN00041110,19910121,PRCP,90,,,a,
ASN00041110,19910122,PRCP,0,,,a,
ASN00041110,19910123,PRCP,76,,,a,
ASN00041110,19910124,PRCP,12,,,a,
ASN00041110,19910125,PRCP,0,,,a,
ASN00041110,19910126,PRCP,0,,,a,
ASN00041110,19910127,PRCP,560,,,a,
ASN00041110,19910128,PRCP,0,,,a,
ASN00041110,19910129,PRCP,0,,,a,
ASN00041110,19910130,PRCP,0,,,a,
ASN00041110,19910131,PRCP,0,,,a,
ASN00041110,19910201,PRCP,0,,,a,
ASN00041110,19910202,PRCP,0,,,a,
ASN00041110,19910203,PRCP,0,,,a,
ASN00041110,19910204,PRCP,0,,,a,
ASN00041110,19910205,PRCP,0,,,a,
ASN00041110,19910206,PRCP,0,,,a,
ASN00041110,19910207,PRCP,40,,,a,
ASN00041110,19910208,PRCP,470,,,a,
ASN00041110,19910209,PRCP,710,,,a,
ASN00041110,19910210,PRCP,0,,,a,
ASN00041110,19910211,PRCP,0,,,a,
ASN00041110,19910212,PRCP,0,,,a,
ASN00041110,19910213,PRCP,0,,,a,
ASN00041110,19910214,PRCP,0,,,a,
ASN00041110,19910215,PRCP,0,,,a,
ASN00041110,19910216,PRCP,0,,,a,
ASN00041110,19910217,PRCP,0,,,a,
ASN00041110,19910218,PRCP,0,,,a,
ASN00041110,19910219,PRCP,0,,,a,
ASN00041110,19910220,PRCP,0,,,a,
ASN00041110,19910221,PRCP,0,,,a,
ASN00041110,19910222,PRCP,0,,,a,
ASN00041110,19910223,PRCP,0,,,a,
ASN00041110,19910224,PRCP,0,,,a,
ASN00041110,19910225,PRCP,0,,,a,
ASN00041110,19910226,PRCP,0,,,a,
ASN00041110,19910227,PRCP,0,,,a,
ASN00041110,19910228,PRCP,0,,,a,
ASN00041110,19910301,PRCP,0,,,a,
ASN00041110,19910302,PRCP,0,,,a,
ASN00041110,19910303,PRCP,0,,,a,
ASN00041110,19910304,PRCP,0,,,a,
ASN00041110,19910305,PRCP,0,,,a,
ASN00041110,19910306,PRCP,0,,,a,
ASN00041110,19910307,PRCP,0,,,a,
ASN00041110,19910308,PRCP,0,,,a,
ASN00041110,19910309,PRCP,0,,,a,
ASN00041110,19910310,PRCP,0,,,a,
ASN00041110,19910311,PRCP,0,,,a,
ASN00041110,19910312,PRCP,0,,,a,
ASN00041110,19910313,PRCP,0,,,a,
ASN00041110,19910314,PRCP,0,,,a,
ASN00041110,19910315,PRCP,0,,,a,
ASN00041110,19910316,PRCP,0,,,a,
ASN00041110,19910317,PRCP,0,,,a,
ASN00041110,19910318,PRCP,0,,,a,
ASN00041110,19910319,PRCP,0,,,a,
ASN00041110,19910320,PRCP,0,,,a,
ASN00041110,19910321,PRCP,0,,,a,
ASN00041110,19910322,PRCP,30,,,a,
ASN00041110,19910323,PRCP,0,,,a,
ASN00041110,19910324,PRCP,0,,,a,
ASN00041110,19910325,PRCP,0,,,a,
ASN00041110,19910326,PRCP,0,,,a,
ASN00041110,19910327,PRCP,0,,,a,
ASN00041110,19910328,PRCP,0,,,a,
ASN00041110,19910329,PRCP,30,,,a,
ASN00041110,19910330,PRCP,0,,,a,
ASN00041110,19910331,PRCP,24,,,a,
ASN00041110,19910401,PRCP,0,,,a,
ASN00041110,19910402,PRCP,0,,,a,
ASN00041110,19910403,PRCP,0,,,a,
ASN00041110,19910404,PRCP,0,,,a,
ASN00041110,19910405,PRCP,0,,,a,
ASN00041110,19910406,PRCP,0,,,a,
ASN00041110,19910407,PRCP,0,,,a,
ASN00041110,19910408,PRCP,0,,,a,
ASN00041110,19910409,PRCP,0,,,a,
ASN00041110,19910410,PRCP,0,,,a,
ASN00041110,19910411,PRCP,0,,,a,
ASN00041110,19910412,PRCP,0,,,a,
ASN00041110,19910413,PRCP,0,,,a,
ASN00041110,19910414,PRCP,0,,,a,
ASN00041110,19910415,PRCP,0,,,a,
ASN00041110,19910416,PRCP,0,,,a,
ASN00041110,19910417,PRCP,0,,,a,
ASN00041110,19910418,PRCP,0,,,a,
ASN00041110,19910419,PRCP,0,,,a,
ASN00041110,19910420,PRCP,0,,,a,
ASN00041110,19910421,PRCP,0,,,a,
ASN00041110,19910422,PRCP,0,,,a,
ASN00041110,19910423,PRCP,0,,,a,
ASN00041110,19910424,PRCP,0,,,a,
ASN00041110,19910425,PRCP,0,,,a,
ASN00041110,19910426,PRCP,0,,,a,
ASN00041110,19910427,PRCP,0,,,a,
ASN00041110,19910428,PRCP,0,,,a,
ASN00041110,19910429,PRCP,0,,,a,
ASN00041110,19910430,PRCP,0,,,a,
ASN00041110,19910501,PRCP,0,,,a,
ASN00041110,19910502,PRCP,0,,,a,
ASN00041110,19910503,PRCP,0,,,a,
ASN00041110,19910504,PRCP,0,,,a,
ASN00041110,19910505,PRCP,0,,,a,
ASN00041110,19910506,PRCP,0,,,a,
ASN00041110,19910507,PRCP,0,,,a,
ASN00041110,19910508,PRCP,0,,,a,
ASN00041110,19910509,PRCP,10,,,a,
ASN00041110,19910510,PRCP,0,,,a,
ASN00041110,19910511,PRCP,0,,,a,
ASN00041110,19910512,PRCP,0,,,a,
ASN00041110,19910513,PRCP,0,,,a,
ASN00041110,19910514,PRCP,0,,,a,
ASN00041110,19910515,PRCP,100,,,a,
ASN00041110,19910516,PRCP,0,,,a,
ASN00041110,19910517,PRCP,0,,,a,
ASN00041110,19910518,PRCP,0,,,a,
ASN00041110,19910519,PRCP,0,,,a,
ASN00041110,19910520,PRCP,0,,,a,
ASN00041110,19910521,PRCP,30,,,a,
ASN00041110,19910522,PRCP,130,,,a,
ASN00041110,19910523,PRCP,0,,,a,
ASN00041110,19910524,PRCP,0,,,a,
ASN00041110,19910525,PRCP,0,,,a,
ASN00041110,19910526,PRCP,0,,,a,
ASN00041110,19910527,PRCP,0,,,a,
ASN00041110,19910528,PRCP,0,,,a,
ASN00041110,19910529,PRCP,470,,,a,
ASN00041110,19910530,PRCP,0,,,a,
ASN00041110,19910531,PRCP,0,,,a,
ASN00041110,19910601,PRCP,0,,,a,
ASN00041110,19910602,PRCP,0,,,a,
ASN00041110,19910603,PRCP,0,,,a,
ASN00041110,19910604,PRCP,0,,,a,
ASN00041110,19910605,PRCP,6,,,a,
ASN00041110,19910606,PRCP,4,,,a,
ASN00041110,19910607,PRCP,0,,,a,
ASN00041110,19910608,PRCP,10,,,a,
ASN00041110,19910609,PRCP,4,,,a,
ASN00041110,19910610,PRCP,18,,,a,
ASN00041110,19910611,PRCP,0,,,a,
ASN00041110,19910612,PRCP,0,,,a,
ASN00041110,19910613,PRCP,0,,,a,
ASN00041110,19910614,PRCP,8,,,a,
ASN00041110,19910615,PRCP,0,,,a,
ASN00041110,19910616,PRCP,0,,,a,
ASN00041110,19910617,PRCP,0,,,a,
ASN00041110,19910618,PRCP,0,,,a,
ASN00041110,19910619,PRCP,0,,,a,
ASN00041110,19910620,PRCP,0,,,a,
ASN00041110,19910621,PRCP,0,,,a,
ASN00041110,19910622,PRCP,0,,,a,
ASN00041110,19910623,PRCP,0,,,a,
ASN00041110,19910624,PRCP,0,,,a,
ASN00041110,19910625,PRCP,0,,,a,
ASN00041110,19910626,PRCP,0,,,a,
ASN00041110,19910627,PRCP,0,,,a,
ASN00041110,19910628,PRCP,0,,,a,
ASN00041110,19910629,PRCP,0,,,a,
ASN00041110,19910630,PRCP,0,,,a,
ASN00041110,19910701,PRCP,0,,,a,
ASN00041110,19910702,PRCP,0,,,a,
ASN00041110,19910703,PRCP,0,,,a,
ASN00041110,19910704,PRCP,0,,,a,
ASN00041110,19910705,PRCP,0,,,a,
ASN00041110,19910706,PRCP,0,,,a,
ASN00041110,19910707,PRCP,0,,,a,
ASN00041110,19910708,PRCP,0,,,a,
ASN00041110,19910709,PRCP,70,,,a,
ASN00041110,19910710,PRCP,290,,,a,
ASN00041110,19910711,PRCP,0,,,a,
ASN00041110,19910712,PRCP,0,,,a,
ASN00041110,19910713,PRCP,0,,,a,
ASN00041110,19910714,PRCP,0,,,a,
ASN00041110,19910715,PRCP,0,,,a,
ASN00041110,19910716,PRCP,0,,,a,
ASN00041110,19910717,PRCP,0,,,a,
ASN00041110,19910718,PRCP,0,,,a,
ASN00041110,19910719,PRCP,0,,,a,
ASN00041110,19910720,PRCP,0,,,a,
ASN00041110,19910721,PRCP,0,,,a,
ASN00041110,19910722,PRCP,0,,,a,
ASN00041110,19910723,PRCP,68,,,a,
ASN00041110,19910724,PRCP,0,,,a,
ASN00041110,19910725,PRCP,0,,,a,
ASN00041110,19910726,PRCP,0,,,a,
ASN00041110,19910727,PRCP,0,,,a,
ASN00041110,19910728,PRCP,0,,,a,
ASN00041110,19910729,PRCP,0,,,a,
ASN00041110,19910730,PRCP,0,,,a,
ASN00041110,19910731,PRCP,0,,,a,
ASN00041110,19910801,PRCP,0,,,a,
ASN00041110,19910802,PRCP,0,,,a,
ASN00041110,19910803,PRCP,0,,,a,
ASN00041110,19910804,PRCP,0,,,a,
ASN00041110,19910805,PRCP,0,,,a,
ASN00041110,19910806,PRCP,0,,,a,
ASN00041110,19910807,PRCP,0,,,a,
ASN00041110,19910808,PRCP,0,,,a,
ASN00041110,19910809,PRCP,0,,,a,
ASN00041110,19910810,PRCP,0,,,a,
ASN00041110,19910811,PRCP,0,,,a,
ASN00041110,19910812,PRCP,0,,,a,
ASN00041110,19910813,PRCP,0,,,a,
ASN00041110,19910814,PRCP,0,,,a,
ASN00041110,19910815,PRCP,0,,,a,
ASN00041110,19910816,PRCP,0,,,a,
ASN00041110,19910817,PRCP,0,,,a,
ASN00041110,19910818,PRCP,0,,,a,
ASN00041110,19910819,PRCP,0,,,a,
ASN00041110,19910820,PRCP,0,,,a,
ASN00041110,19910821,PRCP,0,,,a,
ASN00041110,19910822,PRCP,0,,,a,
ASN00041110,19910823,PRCP,0,,,a,
ASN00041110,19910824,PRCP,0,,,a,
ASN00041110,19910825,PRCP,0,,,a,
ASN00041110,19910826,PRCP,0,,,a,
ASN00041110,19910827,PRCP,0,,,a,
ASN00041110,19910828,PRCP,0,,,a,
ASN00041110,19910829,PRCP,0,,,a,
ASN00041110,19910830,PRCP,0,,,a,
ASN00041110,19910831,PRCP,0,,,a,
ASN00041110,19910901,PRCP,0,,,a,
ASN00041110,19910902,PRCP,0,,,a,
ASN00041110,19910903,PRCP,0,,,a,
ASN00041110,19910904,PRCP,0,,,a,
ASN00041110,19910905,PRCP,0,,,a,
ASN00041110,19910906,PRCP,0,,,a,
ASN00041110,19910907,PRCP,0,,,a,
ASN00041110,19910908,PRCP,0,,,a,
ASN00041110,19910909,PRCP,0,,,a,
ASN00041110,19910910,PRCP,0,,,a,
ASN00041110,19910911,PRCP,4,,,a,
ASN00041110,19910912,PRCP,0,,,a,
ASN00041110,19910913,PRCP,0,,,a,
ASN00041110,19910914,PRCP,0,,,a,
ASN00041110,19910915,PRCP,0,,,a,
ASN00041110,19910916,PRCP,0,,,a,
ASN00041110,19910917,PRCP,0,,,a,
ASN00041110,19910918,PRCP,8,,,a,
ASN00041110,19910919,PRCP,0,,,a,
ASN00041110,19910920,PRCP,0,,,a,
ASN00041110,19910921,PRCP,0,,,a,
ASN00041110,19910922,PRCP,0,,,a,
ASN00041110,19910923,PRCP,0,,,a,
ASN00041110,19910924,PRCP,0,,,a,
ASN00041110,19910925,PRCP,0,,,a,
ASN00041110,19910926,PRCP,0,,,a,
ASN00041110,19910927,PRCP,8,,,a,
ASN00041110,19910928,PRCP,0,,,a,
ASN00041110,19910929,PRCP,0,,,a,
ASN00041110,19910930,PRCP,0,,,a,
ASN00041110,19911001,PRCP,0,,,a,
ASN00041110,19911002,PRCP,0,,,a,
ASN00041110,19911003,PRCP,0,,,a,
ASN00041110,19911004,PRCP,0,,,a,
ASN00041110,19911005,PRCP,0,,,a,
ASN00041110,19911006,PRCP,0,,,a,
ASN00041110,19911007,PRCP,0,,,a,
ASN00041110,19911008,PRCP,12,,,a,
ASN00041110,19911009,PRCP,0,,,a,
ASN00041110,19911010,PRCP,0,,,a,
ASN00041110,19911011,PRCP,0,,,a,
ASN00041110,19911012,PRCP,0,,,a,
ASN00041110,19911013,PRCP,0,,,a,
ASN00041110,19911014,PRCP,0,,,a,
ASN00041110,19911015,PRCP,0,,,a,
ASN00041110,19911016,PRCP,0,,,a,
ASN00041110,19911017,PRCP,0,,,a,
ASN00041110,19911018,PRCP,0,,,a,
ASN00041110,19911019,PRCP,0,,,a,
ASN00041110,19911020,PRCP,0,,,a,
ASN00041110,19911021,PRCP,0,,,a,
ASN00041110,19911022,PRCP,0,,,a,
ASN00041110,19911023,PRCP,0,,,a,
ASN00041110,19911024,PRCP,46,,,a,
ASN00041110,19911025,PRCP,46,,,a,
ASN00041110,19911026,PRCP,0,,,a,
ASN00041110,19911027,PRCP,0,,,a,
ASN00041110,19911028,PRCP,0,,,a,
ASN00041110,19911029,PRCP,0,,,a,
ASN00041110,19911030,PRCP,0,,,a,
ASN00041110,19911031,PRCP,0,,,a,
ASN00041110,19911101,PRCP,94,,,a,
ASN00041110,19911102,PRCP,0,,,a,
ASN00041110,19911103,PRCP,0,,,a,
ASN00041110,19911104,PRCP,0,,,a,
ASN00041110,19911105,PRCP,0,,,a,
ASN00041110,19911106,PRCP,0,,,a,
ASN00041110,19911107,PRCP,0,,,a,
ASN00041110,19911108,PRCP,0,,,a,
ASN00041110,19911109,PRCP,0,,,a,
ASN00041110,19911110,PRCP,0,,,a,
ASN00041110,19911111,PRCP,0,,,a,
ASN00041110,19911112,PRCP,0,,,a,
ASN00041110,19911113,PRCP,0,,,a,
ASN00041110,19911114,PRCP,0,,,a,
ASN00041110,19911115,PRCP,0,,,a,
ASN00041110,19911116,PRCP,0,,,a,
ASN00041110,19911117,PRCP,168,,,a,
ASN00041110,19911118,PRCP,0,,,a,
ASN00041110,19911119,PRCP,0,,,a,
ASN00041110,19911120,PRCP,0,,,a,
ASN00041110,19911121,PRCP,0,,,a,
ASN00041110,19911122,PRCP,30,,,a,
ASN00041110,19911123,PRCP,0,,,a,
ASN00041110,19911124,PRCP,0,,,a,
ASN00041110,19911125,PRCP,0,,,a,
ASN00041110,19911126,PRCP,0,,,a,
ASN00041110,19911127,PRCP,0,,,a,
ASN00041110,19911128,PRCP,0,,,a,
ASN00041110,19911129,PRCP,38,,,a,
ASN00041110,19911130,PRCP,268,,,a,
ASN00041110,19911201,PRCP,34,,,a,
ASN00041110,19911202,PRCP,34,,,a,
ASN00041110,19911203,PRCP,0,,,a,
ASN00041110,19911204,PRCP,0,,,a,
ASN00041110,19911205,PRCP,0,,,a,
ASN00041110,19911206,PRCP,0,,,a,
ASN00041110,19911207,PRCP,0,,,a,
ASN00041110,19911208,PRCP,34,,,a,
ASN00041110,19911209,PRCP,0,,,a,
ASN00041110,19911210,PRCP,0,,,a,
ASN00041110,19911211,PRCP,54,,,a,
ASN00041110,19911212,PRCP,390,,,a,
ASN00041110,19911213,PRCP,358,,,a,
ASN00041110,19911214,PRCP,0,,,a,
ASN00041110,19911215,PRCP,0,,,a,
ASN00041110,19911216,PRCP,0,,,a,
ASN00041110,19911217,PRCP,0,,,a,
ASN00041110,19911218,PRCP,0,,,a,
ASN00041110,19911219,PRCP,0,,,a,
ASN00041110,19911220,PRCP,0,,,a,
ASN00041110,19911221,PRCP,0,,,a,
ASN00041110,19911222,PRCP,0,,,a,
ASN00041110,19911223,PRCP,0,,,a,
ASN00041110,19911224,PRCP,0,,,a,
ASN00041110,19911225,PRCP,0,,,a,
ASN00041110,19911226,PRCP,0,,,a,
ASN00041110,19911227,PRCP,0,,,a,
ASN00041110,19911228,PRCP,0,,,a,
ASN00041110,19911229,PRCP,180,,,a,
ASN00041110,19911230,PRCP,80,,,a,
ASN00041110,19911231,PRCP,50,,,a,
ASN00041110,19920101,PRCP,122,,,a,
ASN00041110,19920102,PRCP,0,,,a,
ASN00041110,19920103,PRCP,0,,,a,
ASN00041110,19920104,PRCP,14,,,a,
ASN00041110,19920105,PRCP,0,,,a,
ASN00041110,19920106,PRCP,0,,,a,
ASN00041110,19920107,PRCP,0,,,a,
ASN00041110,19920108,PRCP,74,,,a,
ASN00041110,19920109,PRCP,116,,,a,
ASN00041110,19920110,PRCP,150,,,a,
ASN00041110,19920111,PRCP,0,,,a,
ASN00041110,19920112,PRCP,0,,,a,
ASN00041110,19920113,PRCP,0,,,a,
ASN00041110,19920114,PRCP,0,,,a,
ASN00041110,19920115,PRCP,0,,,a,
ASN00041110,19920116,PRCP,0,,,a,
ASN00041110,19920117,PRCP,0,,,a,
ASN00041110,19920118,PRCP,0,,,a,
ASN00041110,19920119,PRCP,0,,,a,
ASN00041110,19920120,PRCP,0,,,a,
ASN00041110,19920121,PRCP,0,,,a,
ASN00041110,19920122,PRCP,0,,,a,
ASN00041110,19920123,PRCP,0,,,a,
ASN00041110,19920124,PRCP,0,,,a,
ASN00041110,19920125,PRCP,0,,,a,
ASN00041110,19920126,PRCP,12,,,a,
ASN00041110,19920127,PRCP,0,,,a,
ASN00041110,19920128,PRCP,0,,,a,
ASN00041110,19920129,PRCP,8,,,a,
ASN00041110,19920130,PRCP,0,,,a,
ASN00041110,19920131,PRCP,0,,,a,
ASN00041110,19920201,PRCP,684,,,a,
ASN00041110,19920202,PRCP,20,,,a,
ASN00041110,19920203,PRCP,0,,,a,
ASN00041110,19920204,PRCP,0,,,a,
ASN00041110,19920205,PRCP,0,,,a,
ASN00041110,19920206,PRCP,0,,,a,
ASN00041110,19920207,PRCP,0,,,a,
ASN00041110,19920208,PRCP,0,,,a,
ASN00041110,19920209,PRCP,52,,,a,
ASN00041110,19920210,PRCP,130,,,a,
ASN00041110,19920211,PRCP,42,,,a,
ASN00041110,19920212,PRCP,212,,,a,
ASN00041110,19920213,PRCP,98,,,a,
ASN00041110,19920214,PRCP,0,,,a,
ASN00041110,19920215,PRCP,0,,,a,
ASN00041110,19920216,PRCP,46,,,a,
ASN00041110,19920217,PRCP,0,,,a,
ASN00041110,19920218,PRCP,0,,,a,
ASN00041110,19920219,PRCP,0,,,a,
ASN00041110,19920220,PRCP,0,,,a,
ASN00041110,19920221,PRCP,0,,,a,
ASN00041110,19920222,PRCP,0,,,a,
ASN00041110,19920223,PRCP,0,,,a,
ASN00041110,19920224,PRCP,0,,,a,
ASN00041110,19920225,PRCP,300,,,a,
ASN00041110,19920226,PRCP,50,,,a,
ASN00041110,19920227,PRCP,0,,,a,
ASN00041110,19920228,PRCP,0,,,a,
ASN00041110,19920229,PRCP,0,,,a,
ASN00041110,19920301,PRCP,0,,,a,
ASN00041110,19920302,PRCP,0,,,a,
ASN00041110,19920303,PRCP,0,,,a,
ASN00041110,19920304,PRCP,0,,,a,
ASN00041110,19920305,PRCP,0,,,a,
ASN00041110,19920306,PRCP,0,,,a,
ASN00041110,19920307,PRCP,0,,,a,
ASN00041110,19920308,PRCP,0,,,a,
ASN00041110,19920309,PRCP,0,,,a,
ASN00041110,19920310,PRCP,0,,,a,
ASN00041110,19920311,PRCP,0,,,a,
ASN00041110,19920312,PRCP,0,,,a,
ASN00041110,19920313,PRCP,0,,,a,
ASN00041110,19920314,PRCP,0,,,a,
ASN00041110,19920315,PRCP,0,,,a,
ASN00041110,19920316,PRCP,0,,,a,
ASN00041110,19920317,PRCP,20,,,a,
ASN00041110,19920318,PRCP,0,,,a,
ASN00041110,19920319,PRCP,0,,,a,
ASN00041110,19920320,PRCP,0,,,a,
ASN00041110,19920321,PRCP,0,,,a,
ASN00041110,19920322,PRCP,0,,,a,
ASN00041110,19920323,PRCP,0,,,a,
ASN00041110,19920324,PRCP,0,,,a,
ASN00041110,19920325,PRCP,20,,,a,
ASN00041110,19920326,PRCP,0,,,a,
ASN00041110,19920327,PRCP,0,,,a,
ASN00041110,19920328,PRCP,0,,,a,
ASN00041110,19920329,PRCP,0,,,a,
ASN00041110,19920330,PRCP,0,,,a,
ASN00041110,19920331,PRCP,0,,,a,
ASN00041110,19920401,PRCP,190,,,a,
ASN00041110,19920402,PRCP,0,,,a,
ASN00041110,19920403,PRCP,0,,,a,
ASN00041110,19920404,PRCP,0,,,a,
ASN00041110,19920405,PRCP,0,,,a,
ASN00041110,19920406,PRCP,0,,,a,
ASN00041110,19920407,PRCP,0,,,a,
ASN00041110,19920408,PRCP,0,,,a,
ASN00041110,19920409,PRCP,0,,,a,
ASN00041110,19920410,PRCP,0,,,a,
ASN00041110,19920411,PRCP,0,,,a,
ASN00041110,19920412,PRCP,0,,,a,
ASN00041110,19920413,PRCP,0,,,a,
ASN00041110,19920414,PRCP,0,,,a,
ASN00041110,19920415,PRCP,0,,,a,
ASN00041110,19920416,PRCP,28,,,a,
ASN00041110,19920417,PRCP,0,,,a,
ASN00041110,19920418,PRCP,0,,,a,
ASN00041110,19920419,PRCP,0,,,a,
ASN00041110,19920420,PRCP,0,,,a,
ASN00041110,19920421,PRCP,0,,,a,
ASN00041110,19920422,PRCP,0,,,a,
ASN00041110,19920423,PRCP,166,,,a,
ASN00041110,19920424,PRCP,0,,,a,
ASN00041110,19920425,PRCP,0,,,a,
ASN00041110,19920426,PRCP,0,,,a,
ASN00041110,19920427,PRCP,70,,,a,
ASN00041110,19920428,PRCP,24,,,a,
ASN00041110,19920429,PRCP,0,,,a,
ASN00041110,19920430,PRCP,0,,,a,
ASN00041110,19920501,PRCP,0,,,a,
ASN00041110,19920502,PRCP,0,,,a,
ASN00041110,19920503,PRCP,0,,,a,
ASN00041110,19920504,PRCP,0,,,a,
ASN00041110,19920505,PRCP,0,,,a,
ASN00041110,19920506,PRCP,0,,,a,
ASN00041110,19920507,PRCP,0,,,a,
ASN00041110,19920508,PRCP,0,,,a,
ASN00041110,19920509,PRCP,0,,,a,
ASN00041110,19920510,PRCP,0,,,a,
ASN00041110,19920511,PRCP,0,,,a,
ASN00041110,19920512,PRCP,0,,,a,
ASN00041110,19920513,PRCP,220,,,a,
ASN00041110,19920514,PRCP,0,,,a,
ASN00041110,19920515,PRCP,0,,,a,
ASN00041110,19920516,PRCP,0,,,a,
ASN00041110,19920517,PRCP,180,,,a,
ASN00041110,19920518,PRCP,42,,,a,
ASN00041110,19920519,PRCP,0,,,a,
ASN00041110,19920520,PRCP,16,,,a,
ASN00041110,19920521,PRCP,164,,,a,
ASN00041110,19920522,PRCP,34,,,a,
ASN00041110,19920523,PRCP,0,,,a,
ASN00041110,19920524,PRCP,0,,,a,
ASN00041110,19920525,PRCP,0,,,a,
ASN00041110,19920526,PRCP,0,,,a,
ASN00041110,19920527,PRCP,0,,,a,
ASN00041110,19920528,PRCP,0,,,a,
ASN00041110,19920529,PRCP,0,,,a,
ASN00041110,19920530,PRCP,0,,,a,
ASN00041110,19920531,PRCP,0,,,a,
ASN00041110,19920601,PRCP,0,,,a,
ASN00041110,19920602,PRCP,0,,,a,
ASN00041110,19920603,PRCP,6,,,a,
ASN00041110,19920604,PRCP,18,,,a,
ASN00041110,19920605,PRCP,0,,,a,
ASN00041110,19920606,PRCP,0,,,a,
ASN00041110,19920607,PRCP,0,,,a,
ASN00041110,19920608,PRCP,0,,,a,
ASN00041110,19920609,PRCP,0,,,a,
ASN00041110,19920610,PRCP,0,,,a,
ASN00041110,19920611,PRCP,0,,,a,
ASN00041110,19920612,PRCP,0,,,a,
ASN00041110,19920613,PRCP,0,,,a,
ASN00041110,19920614,PRCP,0,,,a,
ASN00041110,19920615,PRCP,0,,,a,
ASN00041110,19920616,PRCP,6,,,a,
ASN00041110,19920617,PRCP,0,,,a,
ASN00041110,19920618,PRCP,0,,,a,
ASN00041110,19920619,PRCP,0,,,a,
ASN00041110,19920620,PRCP,0,,,a,
ASN00041110,19920621,PRCP,0,,,a,
ASN00041110,19920622,PRCP,0,,,a,
ASN00041110,19920623,PRCP,0,,,a,
ASN00041110,19920624,PRCP,0,,,a,
ASN00041110,19920625,PRCP,0,,,a,
ASN00041110,19920626,PRCP,0,,,a,
ASN00041110,19920627,PRCP,0,,,a,
ASN00041110,19920628,PRCP,0,,,a,
ASN00041110,19920629,PRCP,0,,,a,
ASN00041110,19920630,PRCP,0,,,a,
ASN00041110,19920701,PRCP,118,,,a,
ASN00041110,19920702,PRCP,0,,,a,
ASN00041110,19920703,PRCP,0,,,a,
ASN00041110,19920704,PRCP,14,,,a,
ASN00041110,19920705,PRCP,0,,,a,
ASN00041110,19920706,PRCP,0,,,a,
ASN00041110,19920707,PRCP,0,,,a,
ASN00041110,19920708,PRCP,0,,,a,
ASN00041110,19920709,PRCP,0,,,a,
ASN00041110,19920710,PRCP,0,,,a,
ASN00041110,19920711,PRCP,0,,,a,
ASN00041110,19920712,PRCP,0,,,a,
ASN00041110,19920713,PRCP,0,,,a,
ASN00041110,19920714,PRCP,0,,,a,
ASN00041110,19920715,PRCP,0,,,a,
ASN00041110,19920716,PRCP,0,,,a,
ASN00041110,19920717,PRCP,0,,,a,
ASN00041110,19920718,PRCP,122,,,a,
ASN00041110,19920719,PRCP,0,,,a,
ASN00041110,19920720,PRCP,0,,,a,
ASN00041110,19920721,PRCP,12,,,a,
ASN00041110,19920722,PRCP,0,,,a,
ASN00041110,19920723,PRCP,0,,,a,
ASN00041110,19920724,PRCP,0,,,a,
ASN00041110,19920725,PRCP,0,,,a,
ASN00041110,19920726,PRCP,0,,,a,
ASN00041110,19920727,PRCP,0,,,a,
ASN00041110,19920728,PRCP,0,,,a,
ASN00041110,19920729,PRCP,0,,,a,
ASN00041110,19920730,PRCP,0,,,a,
ASN00041110,19920731,PRCP,0,,,a,
ASN00041110,19920801,PRCP,0,,,a,
ASN00041110,19920802,PRCP,0,,,a,
ASN00041110,19920803,PRCP,0,,,a,
ASN00041110,19920804,PRCP,0,,,a,
ASN00041110,19920805,PRCP,0,,,a,
ASN00041110,19920806,PRCP,0,,,a,
ASN00041110,19920807,PRCP,116,,,a,
ASN00041110,19920808,PRCP,0,,,a,
ASN00041110,19920809,PRCP,4,,,a,
ASN00041110,19920810,PRCP,0,,,a,
ASN00041110,19920811,PRCP,0,,,a,
ASN00041110,19920812,PRCP,0,,,a,
ASN00041110,19920813,PRCP,0,,,a,
ASN00041110,19920814,PRCP,0,,,a,
ASN00041110,19920815,PRCP,0,,,a,
ASN00041110,19920816,PRCP,0,,,a,
ASN00041110,19920817,PRCP,0,,,a,
ASN00041110,19920818,PRCP,0,,,a,
ASN00041110,19920819,PRCP,0,,,a,
ASN00041110,19920820,PRCP,0,,,a,
ASN00041110,19920821,PRCP,0,,,a,
ASN00041110,19920822,PRCP,0,,,a,
ASN00041110,19920823,PRCP,0,,,a,
ASN00041110,19920824,PRCP,0,,,a,
ASN00041110,19920825,PRCP,0,,,a,
ASN00041110,19920826,PRCP,0,,,a,
ASN00041110,19920827,PRCP,0,,,a,
ASN00041110,19920828,PRCP,0,,,a,
ASN00041110,19920829,PRCP,0,,,a,
ASN00041110,19920830,PRCP,180,,,a,
ASN00041110,19920831,PRCP,0,,,a,
ASN00041110,19920901,PRCP,0,,,a,
ASN00041110,19920902,PRCP,72,,,a,
ASN00041110,19920903,PRCP,36,,,a,
ASN00041110,19920904,PRCP,0,,,a,
ASN00041110,19920905,PRCP,0,,,a,
ASN00041110,19920906,PRCP,0,,,a,
ASN00041110,19920907,PRCP,10,,,a,
ASN00041110,19920908,PRCP,0,,,a,
ASN00041110,19920909,PRCP,0,,,a,
ASN00041110,19920910,PRCP,0,,,a,
ASN00041110,19920911,PRCP,0,,,a,
ASN00041110,19920912,PRCP,0,,,a,
ASN00041110,19920913,PRCP,0,,,a,
ASN00041110,19920914,PRCP,0,,,a,
ASN00041110,19920915,PRCP,0,,,a,
ASN00041110,19920916,PRCP,80,,,a,
ASN00041110,19920917,PRCP,0,,,a,
ASN00041110,19920918,PRCP,0,,,a,
ASN00041110,19920919,PRCP,0,,,a,
ASN00041110,19920920,PRCP,0,,,a,
ASN00041110,19920921,PRCP,0,,,a,
ASN00041110,19920922,PRCP,0,,,a,
ASN00041110,19920923,PRCP,0,,,a,
ASN00041110,19920924,PRCP,0,,,a,
ASN00041110,19920925,PRCP,0,,,a,
ASN00041110,19920926,PRCP,0,,,a,
ASN00041110,19920927,PRCP,0,,,a,
ASN00041110,19920928,PRCP,0,,,a,
ASN00041110,19920929,PRCP,0,,,a,
ASN00041110,19920930,PRCP,20,,,a,
ASN00041110,19921001,PRCP,0,,,a,
ASN00041110,19921002,PRCP,0,,,a,
ASN00041110,19921003,PRCP,0,,,a,
ASN00041110,19921004,PRCP,0,,,a,
ASN00041110,19921005,PRCP,30,,,a,
ASN00041110,19921006,PRCP,0,,,a,
ASN00041110,19921007,PRCP,0,,,a,
ASN00041110,19921008,PRCP,0,,,a,
ASN00041110,19921009,PRCP,0,,,a,
ASN00041110,19921010,PRCP,90,,,a,
ASN00041110,19921011,PRCP,0,,,a,
ASN00041110,19921012,PRCP,0,,,a,
ASN00041110,19921013,PRCP,0,,,a,
ASN00041110,19921014,PRCP,0,,,a,
ASN00041110,19921015,PRCP,0,,,a,
ASN00041110,19921016,PRCP,0,,,a,
ASN00041110,19921017,PRCP,0,,,a,
ASN00041110,19921018,PRCP,0,,,a,
ASN00041110,19921019,PRCP,46,,,a,
ASN00041110,19921020,PRCP,0,,,a,
ASN00041110,19921021,PRCP,0,,,a,
ASN00041110,19921022,PRCP,0,,,a,
ASN00041110,19921023,PRCP,0,,,a,
ASN00041110,19921024,PRCP,0,,,a,
ASN00041110,19921025,PRCP,0,,,a,
ASN00041110,19921026,PRCP,0,,,a,
ASN00041110,19921027,PRCP,0,,,a,
ASN00041110,19921028,PRCP,20,,,a,
ASN00041110,19921029,PRCP,106,,,a,
ASN00041110,19921030,PRCP,0,,,a,
ASN00041110,19921031,PRCP,0,,,a,
ASN00041110,19921101,PRCP,0,,,a,
ASN00041110,19921102,PRCP,0,,,a,
ASN00041110,19921103,PRCP,0,,,a,
ASN00041110,19921104,PRCP,40,,,a,
ASN00041110,19921105,PRCP,0,,,a,
ASN00041110,19921106,PRCP,140,,,a,
ASN00041110,19921107,PRCP,0,,,a,
ASN00041110,19921108,PRCP,0,,,a,
ASN00041110,19921109,PRCP,0,,,a,
ASN00041110,19921110,PRCP,28,,,a,
ASN00041110,19921111,PRCP,0,,,a,
ASN00041110,19921112,PRCP,4,,,a,
ASN00041110,19921113,PRCP,0,,,a,
ASN00041110,19921114,PRCP,0,,,a,
ASN00041110,19921115,PRCP,0,,,a,
ASN00041110,19921116,PRCP,0,,,a,
ASN00041110,19921117,PRCP,0,,,a,
ASN00041110,19921118,PRCP,40,,,a,
ASN00041110,19921119,PRCP,19,,,a,
ASN00041110,19921120,PRCP,44,,,a,
ASN00041110,19921121,PRCP,0,,,a,
ASN00041110,19921122,PRCP,4,,,a,
ASN00041110,19921123,PRCP,0,,,a,
ASN00041110,19921124,PRCP,0,,,a,
ASN00041110,19921125,PRCP,0,,,a,
ASN00041110,19921126,PRCP,62,,,a,
ASN00041110,19921127,PRCP,0,,,a,
ASN00041110,19921128,PRCP,0,,,a,
ASN00041110,19921129,PRCP,0,,,a,
ASN00041110,19921130,PRCP,0,,,a,
ASN00041110,19921201,PRCP,0,,,a,
ASN00041110,19921202,PRCP,0,,,a,
ASN00041110,19921203,PRCP,0,,,a,
ASN00041110,19921204,PRCP,0,,,a,
ASN00041110,19921205,PRCP,310,,,a,
ASN00041110,19921206,PRCP,0,,,a,
ASN00041110,19921207,PRCP,0,,,a,
ASN00041110,19921208,PRCP,190,,,a,
ASN00041110,19921209,PRCP,0,,,a,
ASN00041110,19921210,PRCP,0,,,a,
ASN00041110,19921211,PRCP,0,,,a,
ASN00041110,19921212,PRCP,0,,,a,
ASN00041110,19921213,PRCP,0,,,a,
ASN00041110,19921214,PRCP,0,,,a,
ASN00041110,19921215,PRCP,0,,,a,
ASN00041110,19921216,PRCP,0,,,a,
ASN00041110,19921217,PRCP,0,,,a,
ASN00041110,19921218,PRCP,0,,,a,
ASN00041110,19921219,PRCP,0,,,a,
ASN00041110,19921220,PRCP,0,,,a,
ASN00041110,19921221,PRCP,0,,,a,
ASN00041110,19921222,PRCP,0,,,a,
ASN00041110,19921223,PRCP,0,,,a,
ASN00041110,19921224,PRCP,0,,,a,
ASN00041110,19921225,PRCP,0,,,a,
ASN00041110,19921226,PRCP,0,,,a,
ASN00041110,19921227,PRCP,0,,,a,
ASN00041110,19921228,PRCP,28,,,a,
ASN00041110,19921229,PRCP,0,,,a,
ASN00041110,19921230,PRCP,0,,,a,
ASN00041110,19921231,PRCP,0,,,a,
ASN00041110,19930101,PRCP,0,,,a,
ASN00041110,19930102,PRCP,0,,,a,
ASN00041110,19930103,PRCP,0,,,a,
ASN00041110,19930104,PRCP,0,,,a,
ASN00041110,19930105,PRCP,22,,,a,
ASN00041110,19930106,PRCP,4,,,a,
ASN00041110,19930107,PRCP,40,,,a,
ASN00041110,19930108,PRCP,24,,,a,
ASN00041110,19930109,PRCP,64,,,a,
ASN00041110,19930110,PRCP,0,,,a,
ASN00041110,19930111,PRCP,0,,,a,
ASN00041110,19930112,PRCP,0,,,a,
ASN00041110,19930113,PRCP,0,,,a,
ASN00041110,19930114,PRCP,0,,,a,
ASN00041110,19930115,PRCP,0,,,a,
ASN00041110,19930116,PRCP,0,,,a,
ASN00041110,19930117,PRCP,0,,,a,
ASN00041110,19930118,PRCP,0,,,a,
ASN00041110,19930119,PRCP,0,,,a,
ASN00041110,19930120,PRCP,0,,,a,
ASN00041110,19930121,PRCP,0,,,a,
ASN00041110,19930122,PRCP,0,,,a,
ASN00041110,19930123,PRCP,0,,,a,
ASN00041110,19930124,PRCP,24,,,a,
ASN00041110,19930125,PRCP,0,,,a,
ASN00041110,19930126,PRCP,32,,,a,
ASN00041110,19930127,PRCP,0,,,a,
ASN00041110,19930128,PRCP,0,,,a,
ASN00041110,19930129,PRCP,0,,,a,
ASN00041110,19930130,PRCP,0,,,a,
ASN00041110,19930131,PRCP,0,,,a,
ASN00041110,19930201,PRCP,0,,,a,
ASN00041110,19930202,PRCP,0,,,a,
ASN00041110,19930203,PRCP,0,,,a,
ASN00041110,19930204,PRCP,0,,,a,
ASN00041110,19930205,PRCP,0,,,a,
ASN00041110,19930206,PRCP,106,,,a,
ASN00041110,19930207,PRCP,0,,,a,
ASN00041110,19930208,PRCP,0,,,a,
ASN00041110,19930209,PRCP,0,,,a,
ASN00041110,19930210,PRCP,0,,,a,
ASN00041110,19930211,PRCP,0,,,a,
ASN00041110,19930212,PRCP,0,,,a,
ASN00041110,19930213,PRCP,0,,,a,
ASN00041110,19930214,PRCP,0,,,a,
ASN00041110,19930215,PRCP,0,,,a,
ASN00041110,19930216,PRCP,0,,,a,
ASN00041110,19930217,PRCP,0,,,a,
ASN00041110,19930218,PRCP,6,,,a,
ASN00041110,19930219,PRCP,0,,,a,
ASN00041110,19930220,PRCP,0,,,a,
ASN00041110,19930221,PRCP,0,,,a,
ASN00041110,19930222,PRCP,0,,,a,
ASN00041110,19930223,PRCP,26,,,a,
ASN00041110,19930224,PRCP,0,,,a,
ASN00041110,19930225,PRCP,0,,,a,
ASN00041110,19930226,PRCP,160,,,a,
ASN00041110,19930227,PRCP,2,,,a,
ASN00041110,19930228,PRCP,4,,,a,
ASN00041110,19930301,PRCP,0,,,a,
ASN00041110,19930302,PRCP,0,,,a,
ASN00041110,19930303,PRCP,0,,,a,
ASN00041110,19930304,PRCP,0,,,a,
ASN00041110,19930305,PRCP,0,,,a,
ASN00041110,19930306,PRCP,0,,,a,
ASN00041110,19930307,PRCP,0,,,a,
ASN00041110,19930308,PRCP,0,,,a,
ASN00041110,19930309,PRCP,0,,,a,
ASN00041110,19930310,PRCP,4,,,a,
ASN00041110,19930311,PRCP,0,,,a,
ASN00041110,19930312,PRCP,0,,,a,
ASN00041110,19930313,PRCP,0,,,a,
ASN00041110,19930314,PRCP,0,,,a,
ASN00041110,19930315,PRCP,0,,,a,
ASN00041110,19930316,PRCP,0,,,a,
ASN00041110,19930317,PRCP,0,,,a,
ASN00041110,19930318,PRCP,0,,,a,
ASN00041110,19930319,PRCP,0,,,a,
ASN00041110,19930320,PRCP,0,,,a,
ASN00041110,19930321,PRCP,0,,,a,
ASN00041110,19930322,PRCP,0,,,a,
ASN00041110,19930323,PRCP,0,,,a,
ASN00041110,19930324,PRCP,0,,,a,
ASN00041110,19930325,PRCP,0,,,a,
ASN00041110,19930326,PRCP,0,,,a,
ASN00041110,19930327,PRCP,0,,,a,
ASN00041110,19930328,PRCP,0,,,a,
ASN00041110,19930329,PRCP,4,,,a,
ASN00041110,19930330,PRCP,0,,,a,
ASN00041110,19930331,PRCP,0,,,a,
ASN00041110,19930401,PRCP,0,,,a,
ASN00041110,19930402,PRCP,0,,,a,
ASN00041110,19930403,PRCP,0,,,a,
ASN00041110,19930404,PRCP,0,,,a,
ASN00041110,19930405,PRCP,0,,,a,
ASN00041110,19930406,PRCP,0,,,a,
ASN00041110,19930407,PRCP,0,,,a,
ASN00041110,19930408,PRCP,0,,,a,
ASN00041110,19930409,PRCP,0,,,a,
ASN00041110,19930410,PRCP,0,,,a,
ASN00041110,19930411,PRCP,0,,,a,
ASN00041110,19930412,PRCP,0,,,a,
ASN00041110,19930413,PRCP,0,,,a,
ASN00041110,19930414,PRCP,0,,,a,
ASN00041110,19930415,PRCP,0,,,a,
ASN00041110,19930416,PRCP,0,,,a,
ASN00041110,19930417,PRCP,0,,,a,
ASN00041110,19930418,PRCP,0,,,a,
ASN00041110,19930419,PRCP,0,,,a,
ASN00041110,19930420,PRCP,0,,,a,
ASN00041110,19930421,PRCP,0,,,a,
ASN00041110,19930422,PRCP,0,,,a,
ASN00041110,19930423,PRCP,0,,,a,
ASN00041110,19930424,PRCP,0,,,a,
ASN00041110,19930425,PRCP,0,,,a,
ASN00041110,19930426,PRCP,0,,,a,
ASN00041110,19930427,PRCP,0,,,a,
ASN00041110,19930428,PRCP,0,,,a,
ASN00041110,19930429,PRCP,0,,,a,
ASN00041110,19930430,PRCP,0,,,a,
ASN00041110,19930501,PRCP,0,,,a,
ASN00041110,19930502,PRCP,2,,,a,
ASN00041110,19930503,PRCP,0,,,a,
ASN00041110,19930504,PRCP,0,,,a,
ASN00041110,19930505,PRCP,0,,,a,
ASN00041110,19930506,PRCP,0,,,a,
ASN00041110,19930507,PRCP,0,,,a,
ASN00041110,19930508,PRCP,0,,,a,
ASN00041110,19930509,PRCP,0,,,a,
ASN00041110,19930510,PRCP,0,,,a,
ASN00041110,19930511,PRCP,0,,,a,
ASN00041110,19930512,PRCP,0,,,a,
ASN00041110,19930513,PRCP,0,,,a,
ASN00041110,19930514,PRCP,346,,,a,
ASN00041110,19930515,PRCP,0,,,a,
ASN00041110,19930516,PRCP,0,,,a,
ASN00041110,19930517,PRCP,0,,,a,
ASN00041110,19930518,PRCP,0,,,a,
ASN00041110,19930519,PRCP,0,,,a,
ASN00041110,19930520,PRCP,0,,,a,
ASN00041110,19930521,PRCP,0,,,a,
ASN00041110,19930522,PRCP,0,,,a,
ASN00041110,19930523,PRCP,0,,,a,
ASN00041110,19930524,PRCP,0,,,a,
ASN00041110,19930525,PRCP,0,,,a,
ASN00041110,19930526,PRCP,0,,,a,
ASN00041110,19930527,PRCP,0,,,a,
ASN00041110,19930528,PRCP,0,,,a,
ASN00041110,19930529,PRCP,0,,,a,
ASN00041110,19930530,PRCP,0,,,a,
ASN00041110,19930531,PRCP,0,,,a,
ASN00041110,19930601,PRCP,0,,,a,
ASN00041110,19930602,PRCP,160,,,a,
ASN00041110,19930603,PRCP,32,,,a,
ASN00041110,19930604,PRCP,0,,,a,
ASN00041110,19930605,PRCP,0,,,a,
ASN00041110,19930606,PRCP,0,,,a,
ASN00041110,19930607,PRCP,0,,,a,
ASN00041110,19930608,PRCP,14,,,a,
ASN00041110,19930609,PRCP,0,,,a,
ASN00041110,19930610,PRCP,0,,,a,
ASN00041110,19930611,PRCP,0,,,a,
ASN00041110,19930612,PRCP,8,,,a,
ASN00041110,19930613,PRCP,0,,,a,
ASN00041110,19930614,PRCP,0,,,a,
ASN00041110,19930615,PRCP,0,,,a,
ASN00041110,19930616,PRCP,0,,,a,
ASN00041110,19930617,PRCP,0,,,a,
ASN00041110,19930618,PRCP,0,,,a,
ASN00041110,19930619,PRCP,0,,,a,
ASN00041110,19930620,PRCP,0,,,a,
ASN00041110,19930621,PRCP,0,,,a,
ASN00041110,19930622,PRCP,0,,,a,
ASN00041110,19930623,PRCP,0,,,a,
ASN00041110,19930624,PRCP,0,,,a,
ASN00041110,19930625,PRCP,0,,,a,
ASN00041110,19930626,PRCP,0,,,a,
ASN00041110,19930627,PRCP,0,,,a,
ASN00041110,19930628,PRCP,0,,,a,
ASN00041110,19930629,PRCP,0,,,a,
ASN00041110,19930630,PRCP,0,,,a,
ASN00041110,19930701,PRCP,0,,,a,
ASN00041110,19930702,PRCP,0,,,a,
ASN00041110,19930703,PRCP,0,,,a,
ASN00041110,19930704,PRCP,0,,,a,
ASN00041110,19930705,PRCP,0,,,a,
ASN00041110,19930706,PRCP,0,,,a,
ASN00041110,19930707,PRCP,0,,,a,
ASN00041110,19930708,PRCP,0,,,a,
ASN00041110,19930709,PRCP,30,,,a,
ASN00041110,19930710,PRCP,100,,,a,
ASN00041110,19930711,PRCP,64,,,a,
ASN00041110,19930712,PRCP,278,,,a,
ASN00041110,19930713,PRCP,0,,,a,
ASN00041110,19930714,PRCP,2,,,a,
ASN00041110,19930715,PRCP,0,,,a,
ASN00041110,19930716,PRCP,0,,,a,
ASN00041110,19930717,PRCP,0,,,a,
ASN00041110,19930718,PRCP,0,,,a,
ASN00041110,19930719,PRCP,0,,,a,
ASN00041110,19930720,PRCP,0,,,a,
ASN00041110,19930721,PRCP,0,,,a,
ASN00041110,19930722,PRCP,0,,,a,
ASN00041110,19930723,PRCP,0,,,a,
ASN00041110,19930724,PRCP,0,,,a,
ASN00041110,19930725,PRCP,0,,,a,
ASN00041110,19930726,PRCP,12,,,a,
ASN00041110,19930727,PRCP,0,,,a,
ASN00041110,19930728,PRCP,0,,,a,
ASN00041110,19930729,PRCP,14,,,a,
ASN00041110,19930730,PRCP,0,,,a,
ASN00041110,19930731,PRCP,0,,,a,
ASN00041110,19930801,PRCP,0,,,a,
ASN00041110,19930802,PRCP,4,,,a,
ASN00041110,19930803,PRCP,0,,,a,
ASN00041110,19930804,PRCP,0,,,a,
ASN00041110,19930805,PRCP,0,,,a,
ASN00041110,19930806,PRCP,0,,,a,
ASN00041110,19930807,PRCP,0,,,a,
ASN00041110,19930808,PRCP,0,,,a,
ASN00041110,19930809,PRCP,0,,,a,
ASN00041110,19930810,PRCP,0,,,a,
ASN00041110,19930811,PRCP,0,,,a,
ASN00041110,19930812,PRCP,0,,,a,
ASN00041110,19930813,PRCP,0,,,a,
ASN00041110,19930814,PRCP,0,,,a,
ASN00041110,19930815,PRCP,0,,,a,
ASN00041110,19930816,PRCP,0,,,a,
ASN00041110,19930817,PRCP,0,,,a,
ASN00041110,19930818,PRCP,0,,,a,
ASN00041110,19930819,PRCP,0,,,a,
ASN00041110,19930820,PRCP,0,,,a,
ASN00041110,19930821,PRCP,0,,,a,
ASN00041110,19930822,PRCP,0,,,a,
ASN00041110,19930823,PRCP,0,,,a,
ASN00041110,19930824,PRCP,0,,,a,
ASN00041110,19930825,PRCP,0,,,a,
ASN00041110,19930826,PRCP,0,,,a,
ASN00041110,19930827,PRCP,0,,,a,
ASN00041110,19930828,PRCP,0,,,a,
ASN00041110,19930829,PRCP,90,,,a,
ASN00041110,19930830,PRCP,50,,,a,
ASN00041110,19930831,PRCP,0,,,a,
ASN00041110,19930901,PRCP,0,,,a,
ASN00041110,19930902,PRCP,40,,,a,
ASN00041110,19930903,PRCP,0,,,a,
ASN00041110,19930904,PRCP,0,,,a,
ASN00041110,19930905,PRCP,0,,,a,
ASN00041110,19930906,PRCP,20,,,a,
ASN00041110,19930907,PRCP,0,,,a,
ASN00041110,19930908,PRCP,0,,,a,
ASN00041110,19930909,PRCP,0,,,a,
ASN00041110,19930910,PRCP,80,,,a,
ASN00041110,19930911,PRCP,0,,,a,
ASN00041110,19930912,PRCP,0,,,a,
ASN00041110,19930913,PRCP,0,,,a,
ASN00041110,19930914,PRCP,0,,,a,
ASN00041110,19930915,PRCP,188,,,a,
ASN00041110,19930916,PRCP,0,,,a,
ASN00041110,19930917,PRCP,0,,,a,
ASN00041110,19930918,PRCP,0,,,a,
ASN00041110,19930919,PRCP,0,,,a,
ASN00041110,19930920,PRCP,0,,,a,
ASN00041110,19930921,PRCP,0,,,a,
ASN00041110,19930922,PRCP,0,,,a,
ASN00041110,19930923,PRCP,0,,,a,
ASN00041110,19930924,PRCP,0,,,a,
ASN00041110,19930925,PRCP,0,,,a,
ASN00041110,19930926,PRCP,0,,,a,
ASN00041110,19930927,PRCP,0,,,a,
ASN00041110,19930928,PRCP,0,,,a,
ASN00041110,19930929,PRCP,0,,,a,
ASN00041110,19930930,PRCP,0,,,a,
ASN00041110,19931001,PRCP,0,,,a,
ASN00041110,19931002,PRCP,0,,,a,
ASN00041110,19931003,PRCP,0,,,a,
ASN00041110,19931004,PRCP,0,,,a,
ASN00041110,19931005,PRCP,110,,,a,
ASN00041110,19931006,PRCP,0,,,a,
ASN00041110,19931007,PRCP,0,,,a,
ASN00041110,19931008,PRCP,0,,,a,
ASN00041110,19931009,PRCP,0,,,a,
ASN00041110,19931010,PRCP,0,,,a,
ASN00041110,19931011,PRCP,0,,,a,
ASN00041110,19931012,PRCP,0,,,a,
ASN00041110,19931013,PRCP,0,,,a,
ASN00041110,19931014,PRCP,0,,,a,
ASN00041110,19931015,PRCP,26,,,a,
ASN00041110,19931016,PRCP,124,,,a,
ASN00041110,19931017,PRCP,64,,,a,
ASN00041110,19931018,PRCP,30,,,a,
ASN00041110,19931019,PRCP,50,,,a,
ASN00041110,19931020,PRCP,0,,,a,
ASN00041110,19931021,PRCP,40,,,a,
ASN00041110,19931022,PRCP,0,,,a,
ASN00041110,19931023,PRCP,0,,,a,
ASN00041110,19931024,PRCP,4,,,a,
ASN00041110,19931025,PRCP,36,,,a,
ASN00041110,19931026,PRCP,30,,,a,
ASN00041110,19931027,PRCP,0,,,a,
ASN00041110,19931028,PRCP,0,,,a,
ASN00041110,19931029,PRCP,0,,,a,
ASN00041110,19931030,PRCP,0,,,a,
ASN00041110,19931031,PRCP,128,,,a,
ASN00041110,19931101,PRCP,164,,,a,
ASN00041110,19931102,PRCP,0,,,a,
ASN00041110,19931103,PRCP,0,,,a,
ASN00041110,19931104,PRCP,0,,,a,
ASN00041110,19931105,PRCP,0,,,a,
ASN00041110,19931106,PRCP,0,,,a,
ASN00041110,19931107,PRCP,0,,,a,
ASN00041110,19931108,PRCP,0,,,a,
ASN00041110,19931109,PRCP,0,,,a,
ASN00041110,19931110,PRCP,28,,,a,
ASN00041110,19931111,PRCP,0,,,a,
ASN00041110,19931112,PRCP,0,,,a,
ASN00041110,19931113,PRCP,0,,,a,
ASN00041110,19931114,PRCP,4,,,a,
ASN00041110,19931115,PRCP,0,,,a,
ASN00041110,19931116,PRCP,0,,,a,
ASN00041110,19931117,PRCP,0,,,a,
ASN00041110,19931118,PRCP,0,,,a,
ASN00041110,19931119,PRCP,0,,,a,
ASN00041110,19931120,PRCP,0,,,a,
ASN00041110,19931121,PRCP,30,,,a,
ASN00041110,19931122,PRCP,0,,,a,
ASN00041110,19931123,PRCP,0,,,a,
ASN00041110,19931124,PRCP,0,,,a,
ASN00041110,19931125,PRCP,0,,,a,
ASN00041110,19931126,PRCP,40,,,a,
ASN00041110,19931127,PRCP,0,,,a,
ASN00041110,19931128,PRCP,0,,,a,
ASN00041110,19931129,PRCP,0,,,a,
ASN00041110,19931130,PRCP,0,,,a,
ASN00041110,19931201,PRCP,0,,,a,
ASN00041110,19931202,PRCP,0,,,a,
ASN00041110,19931203,PRCP,0,,,a,
ASN00041110,19931204,PRCP,0,,,a,
ASN00041110,19931205,PRCP,0,,,a,
ASN00041110,19931206,PRCP,174,,,a,
ASN00041110,19931207,PRCP,20,,,a,
ASN00041110,19931208,PRCP,560,,,a,
ASN00041110,19931209,PRCP,126,,,a,
ASN00041110,19931210,PRCP,0,,,a,
ASN00041110,19931211,PRCP,0,,,a,
ASN00041110,19931212,PRCP,0,,,a,
ASN00041110,19931213,PRCP,0,,,a,
ASN00041110,19931214,PRCP,0,,,a,
ASN00041110,19931215,PRCP,0,,,a,
ASN00041110,19931216,PRCP,34,,,a,
ASN00041110,19931217,PRCP,0,,,a,
ASN00041110,19931218,PRCP,0,,,a,
ASN00041110,19931219,PRCP,0,,,a,
ASN00041110,19931220,PRCP,0,,,a,
ASN00041110,19931221,PRCP,0,,,a,
ASN00041110,19931222,PRCP,0,,,a,
ASN00041110,19931223,PRCP,210,,,a,
ASN00041110,19931224,PRCP,0,,,a,
ASN00041110,19931225,PRCP,0,,,a,
ASN00041110,19931226,PRCP,0,,,a,
ASN00041110,19931227,PRCP,0,,,a,
ASN00041110,19931228,PRCP,0,,,a,
ASN00041110,19931229,PRCP,0,,,a,
ASN00041110,19931230,PRCP,0,,,a,
ASN00041110,19931231,PRCP,0,,,a,
ASN00041110,19940101,PRCP,0,,,a,
ASN00041110,19940102,PRCP,0,,,a,
ASN00041110,19940103,PRCP,0,,,a,
ASN00041110,19940104,PRCP,0,,,a,
ASN00041110,19940105,PRCP,0,,,a,
ASN00041110,19940106,PRCP,0,,,a,
ASN00041110,19940107,PRCP,0,,,a,
ASN00041110,19940108,PRCP,0,,,a,
ASN00041110,19940109,PRCP,0,,,a,
ASN00041110,19940110,PRCP,0,,,a,
ASN00041110,19940111,PRCP,0,,,a,
ASN00041110,19940112,PRCP,0,,,a,
ASN00041110,19940113,PRCP,64,,,a,
ASN00041110,19940114,PRCP,0,,,a,
ASN00041110,19940115,PRCP,12,,,a,
ASN00041110,19940116,PRCP,0,,,a,
ASN00041110,19940117,PRCP,0,,,a,
ASN00041110,19940118,PRCP,0,,,a,
ASN00041110,19940119,PRCP,0,,,a,
ASN00041110,19940120,PRCP,392,,,a,
ASN00041110,19940121,PRCP,0,,,a,
ASN00041110,19940122,PRCP,0,,,a,
ASN00041110,19940123,PRCP,0,,,a,
ASN00041110,19940124,PRCP,0,,,a,
ASN00041110,19940125,PRCP,0,,,a,
ASN00041110,19940126,PRCP,0,,,a,
ASN00041110,19940127,PRCP,0,,,a,
ASN00041110,19940128,PRCP,0,,,a,
ASN00041110,19940129,PRCP,0,,,a,
ASN00041110,19940130,PRCP,0,,,a,
ASN00041110,19940131,PRCP,0,,,a,
ASN00041110,19940201,PRCP,0,,,a,
ASN00041110,19940202,PRCP,26,,,a,
ASN00041110,19940203,PRCP,60,,,a,
ASN00041110,19940204,PRCP,64,,,a,
ASN00041110,19940205,PRCP,0,,,a,
ASN00041110,19940206,PRCP,0,,,a,
ASN00041110,19940207,PRCP,0,,,a,
ASN00041110,19940208,PRCP,0,,,a,
ASN00041110,19940209,PRCP,0,,,a,
ASN00041110,19940210,PRCP,0,,,a,
ASN00041110,19940211,PRCP,0,,,a,
ASN00041110,19940212,PRCP,0,,,a,
ASN00041110,19940213,PRCP,0,,,a,
ASN00041110,19940214,PRCP,0,,,a,
ASN00041110,19940215,PRCP,0,,,a,
ASN00041110,19940216,PRCP,0,,,a,
ASN00041110,19940217,PRCP,0,,,a,
ASN00041110,19940218,PRCP,34,,,a,
ASN00041110,19940219,PRCP,748,,,a,
ASN00041110,19940220,PRCP,574,,,a,
ASN00041110,19940221,PRCP,0,,,a,
ASN00041110,19940222,PRCP,0,,,a,
ASN00041110,19940223,PRCP,0,,,a,
ASN00041110,19940224,PRCP,0,,,a,
ASN00041110,19940225,PRCP,0,,,a,
ASN00041110,19940226,PRCP,0,,,a,
ASN00041110,19940227,PRCP,0,,,a,
ASN00041110,19940228,PRCP,0,,,a,
ASN00041110,19940301,PRCP,430,,,a,
ASN00041110,19940302,PRCP,36,,,a,
ASN00041110,19940303,PRCP,13,,,a,
ASN00041110,19940304,PRCP,0,,,a,
ASN00041110,19940305,PRCP,0,,,a,
ASN00041110,19940306,PRCP,260,,,a,
ASN00041110,19940307,PRCP,0,,,a,
ASN00041110,19940308,PRCP,12,,,a,
ASN00041110,19940309,PRCP,154,,,a,
ASN00041110,19940310,PRCP,220,,,a,
ASN00041110,19940311,PRCP,30,,,a,
ASN00041110,19940312,PRCP,0,,,a,
ASN00041110,19940313,PRCP,0,,,a,
ASN00041110,19940314,PRCP,0,,,a,
ASN00041110,19940315,PRCP,0,,,a,
ASN00041110,19940316,PRCP,0,,,a,
ASN00041110,19940317,PRCP,0,,,a,
ASN00041110,19940318,PRCP,0,,,a,
ASN00041110,19940319,PRCP,0,,,a,
ASN00041110,19940320,PRCP,0,,,a,
ASN00041110,19940321,PRCP,0,,,a,
ASN00041110,19940322,PRCP,0,,,a,
ASN00041110,19940323,PRCP,0,,,a,
ASN00041110,19940324,PRCP,0,,,a,
ASN00041110,19940325,PRCP,0,,,a,
ASN00041110,19940326,PRCP,0,,,a,
ASN00041110,19940327,PRCP,0,,,a,
ASN00041110,19940328,PRCP,0,,,a,
ASN00041110,19940329,PRCP,0,,,a,
ASN00041110,19940330,PRCP,0,,,a,
ASN00041110,19940331,PRCP,0,,,a,
ASN00041110,19940401,PRCP,0,,,a,
ASN00041110,19940402,PRCP,0,,,a,
ASN00041110,19940403,PRCP,0,,,a,
ASN00041110,19940404,PRCP,0,,,a,
ASN00041110,19940405,PRCP,0,,,a,
ASN00041110,19940406,PRCP,0,,,a,
ASN00041110,19940407,PRCP,0,,,a,
ASN00041110,19940408,PRCP,34,,,a,
ASN00041110,19940409,PRCP,0,,,a,
ASN00041110,19940410,PRCP,0,,,a,
ASN00041110,19940411,PRCP,0,,,a,
ASN00041110,19940412,PRCP,0,,,a,
ASN00041110,19940413,PRCP,0,,,a,
ASN00041110,19940414,PRCP,0,,,a,
ASN00041110,19940415,PRCP,0,,,a,
ASN00041110,19940416,PRCP,0,,,a,
ASN00041110,19940417,PRCP,0,,,a,
ASN00041110,19940418,PRCP,0,,,a,
ASN00041110,19940419,PRCP,0,,,a,
ASN00041110,19940420,PRCP,0,,,a,
ASN00041110,19940421,PRCP,0,,,a,
ASN00041110,19940422,PRCP,0,,,a,
ASN00041110,19940423,PRCP,0,,,a,
ASN00041110,19940424,PRCP,0,,,a,
ASN00041110,19940425,PRCP,0,,,a,
ASN00041110,19940426,PRCP,0,,,a,
ASN00041110,19940427,PRCP,0,,,a,
ASN00041110,19940428,PRCP,0,,,a,
ASN00041110,19940429,PRCP,0,,,a,
ASN00041110,19940430,PRCP,0,,,a,
ASN00041110,19940501,PRCP,4,,,a,
ASN00041110,19940502,PRCP,62,,,a,
ASN00041110,19940503,PRCP,0,,,a,
ASN00041110,19940504,PRCP,0,,,a,
ASN00041110,19940505,PRCP,0,,,a,
ASN00041110,19940506,PRCP,40,,,a,
ASN00041110,19940507,PRCP,60,,,a,
ASN00041110,19940508,PRCP,0,,,a,
ASN00041110,19940509,PRCP,0,,,a,
ASN00041110,19940510,PRCP,0,,,a,
ASN00041110,19940511,PRCP,0,,,a,
ASN00041110,19940512,PRCP,0,,,a,
ASN00041110,19940513,PRCP,0,,,a,
ASN00041110,19940514,PRCP,0,,,a,
ASN00041110,19940515,PRCP,0,,,a,
ASN00041110,19940516,PRCP,0,,,a,
ASN00041110,19940517,PRCP,0,,,a,
ASN00041110,19940518,PRCP,0,,,a,
ASN00041110,19940519,PRCP,0,,,a,
ASN00041110,19940520,PRCP,0,,,a,
ASN00041110,19940521,PRCP,0,,,a,
ASN00041110,19940522,PRCP,0,,,a,
ASN00041110,19940523,PRCP,0,,,a,
ASN00041110,19940524,PRCP,0,,,a,
ASN00041110,19940525,PRCP,0,,,a,
ASN00041110,19940526,PRCP,0,,,a,
ASN00041110,19940527,PRCP,0,,,a,
ASN00041110,19940528,PRCP,0,,,a,
ASN00041110,19940529,PRCP,0,,,a,
ASN00041110,19940530,PRCP,10,,,a,
ASN00041110,19940531,PRCP,66,,,a,
ASN00041110,19940601,PRCP,0,,,a,
ASN00041110,19940602,PRCP,0,,,a,
ASN00041110,19940603,PRCP,0,,,a,
ASN00041110,19940604,PRCP,0,,,a,
ASN00041110,19940605,PRCP,0,,,a,
ASN00041110,19940606,PRCP,0,,,a,
ASN00041110,19940607,PRCP,10,,,a,
ASN00041110,19940608,PRCP,100,,,a,
ASN00041110,19940609,PRCP,0,,,a,
ASN00041110,19940610,PRCP,0,,,a,
ASN00041110,19940611,PRCP,0,,,a,
ASN00041110,19940612,PRCP,0,,,a,
ASN00041110,19940613,PRCP,0,,,a,
ASN00041110,19940614,PRCP,0,,,a,
ASN00041110,19940615,PRCP,0,,,a,
ASN00041110,19940616,PRCP,0,,,a,
ASN00041110,19940617,PRCP,0,,,a,
ASN00041110,19940618,PRCP,0,,,a,
ASN00041110,19940619,PRCP,0,,,a,
ASN00041110,19940620,PRCP,0,,,a,
ASN00041110,19940621,PRCP,0,,,a,
ASN00041110,19940622,PRCP,0,,,a,
ASN00041110,19940623,PRCP,0,,,a,
ASN00041110,19940624,PRCP,34,,,a,
ASN00041110,19940625,PRCP,0,,,a,
ASN00041110,19940626,PRCP,0,,,a,
ASN00041110,19940627,PRCP,0,,,a,
ASN00041110,19940628,PRCP,0,,,a,
ASN00041110,19940629,PRCP,0,,,a,
ASN00041110,19940630,PRCP,0,,,a,
ASN00041110,19940701,PRCP,0,,,a,
ASN00041110,19940702,PRCP,0,,,a,
ASN00041110,19940703,PRCP,0,,,a,
ASN00041110,19940704,PRCP,0,,,a,
ASN00041110,19940705,PRCP,0,,,a,
ASN00041110,19940706,PRCP,0,,,a,
ASN00041110,19940707,PRCP,0,,,a,
ASN00041110,19940708,PRCP,0,,,a,
ASN00041110,19940709,PRCP,0,,,a,
ASN00041110,19940710,PRCP,30,,,a,
ASN00041110,19940711,PRCP,0,,,a,
ASN00041110,19940712,PRCP,0,,,a,
ASN00041110,19940713,PRCP,0,,,a,
ASN00041110,19940714,PRCP,0,,,a,
ASN00041110,19940715,PRCP,0,,,a,
ASN00041110,19940716,PRCP,0,,,a,
ASN00041110,19940717,PRCP,0,,,a,
ASN00041110,19940718,PRCP,0,,,a,
ASN00041110,19940719,PRCP,0,,,a,
ASN00041110,19940720,PRCP,0,,,a,
ASN00041110,19940721,PRCP,0,,,a,
ASN00041110,19940722,PRCP,0,,,a,
ASN00041110,19940723,PRCP,0,,,a,
ASN00041110,19940724,PRCP,0,,,a,
ASN00041110,19940725,PRCP,0,,,a,
ASN00041110,19940726,PRCP,0,,,a,
ASN00041110,19940727,PRCP,0,,,a,
ASN00041110,19940728,PRCP,0,,,a,
ASN00041110,19940729,PRCP,0,,,a,
ASN00041110,19940730,PRCP,2,,,a,
ASN00041110,19940731,PRCP,0,,,a,
ASN00041110,19940801,PRCP,0,,,a,
ASN00041110,19940802,PRCP,0,,,a,
ASN00041110,19940803,PRCP,0,,,a,
ASN00041110,19940804,PRCP,0,,,a,
ASN00041110,19940805,PRCP,0,,,a,
ASN00041110,19940806,PRCP,0,,,a,
ASN00041110,19940807,PRCP,0,,,a,
ASN00041110,19940808,PRCP,0,,,a,
ASN00041110,19940809,PRCP,0,,,a,
ASN00041110,19940810,PRCP,0,,,a,
ASN00041110,19940811,PRCP,0,,,a,
ASN00041110,19940812,PRCP,0,,,a,
ASN00041110,19940813,PRCP,0,,,a,
ASN00041110,19940814,PRCP,0,,,a,
ASN00041110,19940815,PRCP,0,,,a,
ASN00041110,19940816,PRCP,0,,,a,
ASN00041110,19940817,PRCP,0,,,a,
ASN00041110,19940818,PRCP,0,,,a,
ASN00041110,19940819,PRCP,0,,,a,
ASN00041110,19940820,PRCP,0,,,a,
ASN00041110,19940821,PRCP,0,,,a,
ASN00041110,19940822,PRCP,14,,,a,
ASN00041110,19940823,PRCP,0,,,a,
ASN00041110,19940824,PRCP,0,,,a,
ASN00041110,19940825,PRCP,0,,,a,
ASN00041110,19940826,PRCP,0,,,a,
ASN00041110,19940827,PRCP,0,,,a,
ASN00041110,19940828,PRCP,0,,,a,
ASN00041110,19940829,PRCP,0,,,a,
ASN00041110,19940830,PRCP,0,,,a,
ASN00041110,19940831,PRCP,0,,,a,
ASN00041110,19940901,PRCP,10,,,a,
ASN00041110,19940902,PRCP,0,,,a,
ASN00041110,19940903,PRCP,0,,,a,
ASN00041110,19940904,PRCP,0,,,a,
ASN00041110,19940905,PRCP,0,,,a,
ASN00041110,19940906,PRCP,2,,,a,
ASN00041110,19940907,PRCP,0,,,a,
ASN00041110,19940908,PRCP,0,,,a,
ASN00041110,19940909,PRCP,0,,,a,
ASN00041110,19940910,PRCP,70,,,a,
ASN00041110,19940911,PRCP,0,,,a,
ASN00041110,19940912,PRCP,0,,,a,
ASN00041110,19940913,PRCP,10,,,a,
ASN00041110,19940914,PRCP,0,,,a,
ASN00041110,19940915,PRCP,0,,,a,
ASN00041110,19940916,PRCP,0,,,a,
ASN00041110,19940917,PRCP,0,,,a,
ASN00041110,19940918,PRCP,0,,,a,
ASN00041110,19940919,PRCP,0,,,a,
ASN00041110,19940920,PRCP,0,,,a,
ASN00041110,19940921,PRCP,0,,,a,
ASN00041110,19940922,PRCP,0,,,a,
ASN00041110,19940923,PRCP,0,,,a,
ASN00041110,19940924,PRCP,0,,,a,
ASN00041110,19940925,PRCP,0,,,a,
ASN00041110,19940926,PRCP,0,,,a,
ASN00041110,19940927,PRCP,0,,,a,
ASN00041110,19940928,PRCP,0,,,a,
ASN00041110,19940929,PRCP,0,,,a,
ASN00041110,19940930,PRCP,0,,,a,
ASN00041110,19941001,PRCP,0,,,a,
ASN00041110,19941002,PRCP,0,,,a,
ASN00041110,19941003,PRCP,0,,,a,
ASN00041110,19941004,PRCP,0,,,a,
ASN00041110,19941005,PRCP,0,,,a,
ASN00041110,19941006,PRCP,0,,,a,
ASN00041110,19941007,PRCP,0,,,a,
ASN00041110,19941008,PRCP,80,,,a,
ASN00041110,19941009,PRCP,0,,,a,
ASN00041110,19941010,PRCP,0,,,a,
ASN00041110,19941011,PRCP,0,,,a,
ASN00041110,19941012,PRCP,0,,,a,
ASN00041110,19941013,PRCP,30,,,a,
ASN00041110,19941014,PRCP,0,,,a,
ASN00041110,19941015,PRCP,0,,,a,
ASN00041110,19941016,PRCP,0,,,a,
ASN00041110,19941017,PRCP,0,,,a,
ASN00041110,19941018,PRCP,0,,,a,
ASN00041110,19941019,PRCP,0,,,a,
ASN00041110,19941020,PRCP,0,,,a,
ASN00041110,19941021,PRCP,0,,,a,
ASN00041110,19941022,PRCP,0,,,a,
ASN00041110,19941023,PRCP,0,,,a,
ASN00041110,19941024,PRCP,210,,,a,
ASN00041110,19941025,PRCP,0,,,a,
ASN00041110,19941026,PRCP,0,,,a,
ASN00041110,19941027,PRCP,0,,,a,
ASN00041110,19941028,PRCP,0,,,a,
ASN00041110,19941029,PRCP,134,,,a,
ASN00041110,19941030,PRCP,54,,,a,
ASN00041110,19941031,PRCP,0,,,a,
ASN00041110,19941101,PRCP,0,,,a,
ASN00041110,19941102,PRCP,70,,,a,
ASN00041110,19941103,PRCP,0,,,a,
ASN00041110,19941104,PRCP,0,,,a,
ASN00041110,19941105,PRCP,0,,,a,
ASN00041110,19941106,PRCP,0,,,a,
ASN00041110,19941107,PRCP,0,,,a,
ASN00041110,19941108,PRCP,0,,,a,
ASN00041110,19941109,PRCP,0,,,a,
ASN00041110,19941110,PRCP,0,,,a,
ASN00041110,19941111,PRCP,0,,,a,
ASN00041110,19941112,PRCP,0,,,a,
ASN00041110,19941113,PRCP,0,,,a,
ASN00041110,19941114,PRCP,0,,,a,
ASN00041110,19941115,PRCP,0,,,a,
ASN00041110,19941116,PRCP,4,,,a,
ASN00041110,19941117,PRCP,254,,,a,
ASN00041110,19941118,PRCP,0,,,a,
ASN00041110,19941119,PRCP,0,,,a,
ASN00041110,19941120,PRCP,84,,,a,
ASN00041110,19941121,PRCP,144,,,a,
ASN00041110,19941122,PRCP,0,,,a,
ASN00041110,19941123,PRCP,0,,,a,
ASN00041110,19941124,PRCP,0,,,a,
ASN00041110,19941125,PRCP,0,,,a,
ASN00041110,19941126,PRCP,0,,,a,
ASN00041110,19941127,PRCP,94,,,a,
ASN00041110,19941128,PRCP,0,,,a,
ASN00041110,19941129,PRCP,0,,,a,
ASN00041110,19941130,PRCP,0,,,a,
ASN00041110,19941201,PRCP,74,,,a,
ASN00041110,19941202,PRCP,186,,,a,
ASN00041110,19941203,PRCP,16,,,a,
ASN00041110,19941204,PRCP,0,,,a,
ASN00041110,19941205,PRCP,0,,,a,
ASN00041110,19941206,PRCP,0,,,a,
ASN00041110,19941207,PRCP,0,,,a,
ASN00041110,19941208,PRCP,0,,,a,
ASN00041110,19941209,PRCP,0,,,a,
ASN00041110,19941210,PRCP,44,,,a,
ASN00041110,19941211,PRCP,0,,,a,
ASN00041110,19941212,PRCP,0,,,a,
ASN00041110,19941213,PRCP,0,,,a,
ASN00041110,19941214,PRCP,0,,,a,
ASN00041110,19941215,PRCP,0,,,a,
ASN00041110,19941216,PRCP,0,,,a,
ASN00041110,19941217,PRCP,0,,,a,
ASN00041110,19941218,PRCP,0,,,a,
ASN00041110,19941219,PRCP,0,,,a,
ASN00041110,19941220,PRCP,0,,,a,
ASN00041110,19941221,PRCP,0,,,a,
ASN00041110,19941222,PRCP,0,,,a,
ASN00041110,19941223,PRCP,0,,,a,
ASN00041110,19941224,PRCP,0,,,a,
ASN00041110,19941225,PRCP,0,,,a,
ASN00041110,19941226,PRCP,110,,,a,
ASN00041110,19941227,PRCP,0,,,a,
ASN00041110,19941228,PRCP,0,,,a,
ASN00041110,19941229,PRCP,0,,,a,
ASN00041110,19941230,PRCP,0,,,a,
ASN00041110,19941231,PRCP,0,,,a,
ASN00041110,19950101,PRCP,0,,,a,
ASN00041110,19950102,PRCP,0,,,a,
ASN00041110,19950103,PRCP,0,,,a,
ASN00041110,19950104,PRCP,610,,,a,
ASN00041110,19950105,PRCP,8,,,a,
ASN00041110,19950106,PRCP,0,,,a,
ASN00041110,19950107,PRCP,390,,,a,
ASN00041110,19950108,PRCP,98,,,a,
ASN00041110,19950109,PRCP,0,,,a,
ASN00041110,19950110,PRCP,0,,,a,
ASN00041110,19950111,PRCP,0,,,a,
ASN00041110,19950112,PRCP,0,,,a,
ASN00041110,19950113,PRCP,0,,,a,
ASN00041110,19950114,PRCP,0,,,a,
ASN00041110,19950115,PRCP,0,,,a,
ASN00041110,19950116,PRCP,0,,,a,
ASN00041110,19950117,PRCP,0,,,a,
ASN00041110,19950118,PRCP,0,,,a,
ASN00041110,19950119,PRCP,498,,,a,
ASN00041110,19950120,PRCP,110,,,a,
ASN00041110,19950121,PRCP,162,,,a,
ASN00041110,19950122,PRCP,6,,,a,
ASN00041110,19950123,PRCP,0,,,a,
ASN00041110,19950124,PRCP,0,,,a,
ASN00041110,19950125,PRCP,0,,,a,
ASN00041110,19950126,PRCP,0,,,a,
ASN00041110,19950127,PRCP,0,,,a,
ASN00041110,19950128,PRCP,0,,,a,
ASN00041110,19950129,PRCP,116,,,a,
ASN00041110,19950130,PRCP,0,,,a,
ASN00041110,19950131,PRCP,0,,,a,
ASN00041110,19950201,PRCP,0,,,a,
ASN00041110,19950202,PRCP,0,,,a,
ASN00041110,19950203,PRCP,0,,,a,
ASN00041110,19950204,PRCP,36,,,a,
ASN00041110,19950205,PRCP,0,,,a,
ASN00041110,19950206,PRCP,0,,,a,
ASN00041110,19950207,PRCP,0,,,a,
ASN00041110,19950208,PRCP,0,,,a,
ASN00041110,19950209,PRCP,0,,,a,
ASN00041110,19950210,PRCP,0,,,a,
ASN00041110,19950211,PRCP,0,,,a,
ASN00041110,19950212,PRCP,78,,,a,
ASN00041110,19950213,PRCP,0,,,a,
ASN00041110,19950214,PRCP,60,,,a,
ASN00041110,19950215,PRCP,192,,,a,
ASN00041110,19950216,PRCP,0,,,a,
ASN00041110,19950217,PRCP,0,,,a,
ASN00041110,19950218,PRCP,38,,,a,
ASN00041110,19950219,PRCP,128,,,a,
ASN00041110,19950220,PRCP,24,,,a,
ASN00041110,19950221,PRCP,0,,,a,
ASN00041110,19950222,PRCP,0,,,a,
ASN00041110,19950223,PRCP,0,,,a,
ASN00041110,19950224,PRCP,0,,,a,
ASN00041110,19950225,PRCP,0,,,a,
ASN00041110,19950226,PRCP,0,,,a,
ASN00041110,19950227,PRCP,0,,,a,
ASN00041110,19950228,PRCP,0,,,a,
ASN00041110,19950301,PRCP,0,,,a,
ASN00041110,19950302,PRCP,0,,,a,
ASN00041110,19950303,PRCP,0,,,a,
ASN00041110,19950304,PRCP,0,,,a,
ASN00041110,19950305,PRCP,0,,,a,
ASN00041110,19950306,PRCP,0,,,a,
ASN00041110,19950307,PRCP,0,,,a,
ASN00041110,19950308,PRCP,0,,,a,
ASN00041110,19950309,PRCP,0,,,a,
ASN00041110,19950310,PRCP,0,,,a,
ASN00041110,19950311,PRCP,0,,,a,
ASN00041110,19950312,PRCP,0,,,a,
ASN00041110,19950313,PRCP,0,,,a,
ASN00041110,19950314,PRCP,0,,,a,
ASN00041110,19950315,PRCP,0,,,a,
ASN00041110,19950316,PRCP,0,,,a,
ASN00041110,19950317,PRCP,0,,,a,
ASN00041110,19950318,PRCP,0,,,a,
ASN00041110,19950319,PRCP,0,,,a,
ASN00041110,19950320,PRCP,182,,,a,
ASN00041110,19950321,PRCP,0,,,a,
ASN00041110,19950322,PRCP,0,,,a,
ASN00041110,19950323,PRCP,0,,,a,
ASN00041110,19950324,PRCP,0,,,a,
ASN00041110,19950325,PRCP,0,,,a,
ASN00041110,19950326,PRCP,0,,,a,
ASN00041110,19950327,PRCP,22,,,a,
ASN00041110,19950328,PRCP,70,,,a,
ASN00041110,19950329,PRCP,0,,,a,
ASN00041110,19950330,PRCP,0,,,a,
ASN00041110,19950331,PRCP,0,,,a,
ASN00041110,19950401,PRCP,0,,,a,
ASN00041110,19950402,PRCP,0,,,a,
ASN00041110,19950403,PRCP,0,,,a,
ASN00041110,19950404,PRCP,0,,,a,
ASN00041110,19950405,PRCP,0,,,a,
ASN00041110,19950406,PRCP,0,,,a,
ASN00041110,19950407,PRCP,0,,,a,
ASN00041110,19950408,PRCP,0,,,a,
ASN00041110,19950409,PRCP,0,,,a,
ASN00041110,19950410,PRCP,0,,,a,
ASN00041110,19950411,PRCP,0,,,a,
ASN00041110,19950412,PRCP,0,,,a,
ASN00041110,19950413,PRCP,0,,,a,
ASN00041110,19950414,PRCP,2,,,a,
ASN00041110,19950415,PRCP,0,,,a,
ASN00041110,19950416,PRCP,10,,,a,
ASN00041110,19950417,PRCP,0,,,a,
ASN00041110,19950418,PRCP,0,,,a,
ASN00041110,19950419,PRCP,0,,,a,
ASN00041110,19950420,PRCP,0,,,a,
ASN00041110,19950421,PRCP,0,,,a,
ASN00041110,19950422,PRCP,0,,,a,
ASN00041110,19950423,PRCP,0,,,a,
ASN00041110,19950424,PRCP,0,,,a,
ASN00041110,19950425,PRCP,0,,,a,
ASN00041110,19950426,PRCP,0,,,a,
ASN00041110,19950427,PRCP,30,,,a,
ASN00041110,19950428,PRCP,0,,,a,
ASN00041110,19950429,PRCP,0,,,a,
ASN00041110,19950430,PRCP,0,,,a,
ASN00041110,19950501,PRCP,0,,,a,
ASN00041110,19950502,PRCP,0,,,a,
ASN00041110,19950503,PRCP,0,,,a,
ASN00041110,19950504,PRCP,215,,,a,
ASN00041110,19950505,PRCP,6,,,a,
ASN00041110,19950506,PRCP,0,,,a,
ASN00041110,19950507,PRCP,0,,,a,
ASN00041110,19950508,PRCP,0,,,a,
ASN00041110,19950509,PRCP,0,,,a,
ASN00041110,19950510,PRCP,0,,,a,
ASN00041110,19950511,PRCP,0,,,a,
ASN00041110,19950512,PRCP,0,,,a,
ASN00041110,19950513,PRCP,0,,,a,
ASN00041110,19950514,PRCP,0,,,a,
ASN00041110,19950515,PRCP,0,,,a,
ASN00041110,19950516,PRCP,0,,,a,
ASN00041110,19950517,PRCP,0,,,a,
ASN00041110,19950518,PRCP,200,,,a,
ASN00041110,19950519,PRCP,0,,,a,
ASN00041110,19950520,PRCP,0,,,a,
ASN00041110,19950521,PRCP,0,,,a,
ASN00041110,19950522,PRCP,120,,,a,
ASN00041110,19950523,PRCP,0,,,a,
ASN00041110,19950524,PRCP,0,,,a,
ASN00041110,19950525,PRCP,0,,,a,
ASN00041110,19950526,PRCP,0,,,a,
ASN00041110,19950527,PRCP,0,,,a,
ASN00041110,19950528,PRCP,0,,,a,
ASN00041110,19950529,PRCP,0,,,a,
ASN00041110,19950530,PRCP,0,,,a,
ASN00041110,19950531,PRCP,0,,,a,
ASN00041110,19950601,PRCP,50,,,a,
ASN00041110,19950602,PRCP,0,,,a,
ASN00041110,19950603,PRCP,0,,,a,
ASN00041110,19950604,PRCP,0,,,a,
ASN00041110,19950605,PRCP,0,,,a,
ASN00041110,19950606,PRCP,22,,,a,
ASN00041110,19950607,PRCP,0,,,a,
ASN00041110,19950608,PRCP,0,,,a,
ASN00041110,19950609,PRCP,0,,,a,
ASN00041110,19950610,PRCP,0,,,a,
ASN00041110,19950611,PRCP,0,,,a,
ASN00041110,19950612,PRCP,0,,,a,
ASN00041110,19950613,PRCP,0,,,a,
ASN00041110,19950614,PRCP,0,,,a,
ASN00041110,19950615,PRCP,0,,,a,
ASN00041110,19950616,PRCP,244,,,a,
ASN00041110,19950617,PRCP,0,,,a,
ASN00041110,19950618,PRCP,0,,,a,
ASN00041110,19950619,PRCP,0,,,a,
ASN00041110,19950620,PRCP,0,,,a,
ASN00041110,19950621,PRCP,0,,,a,
ASN00041110,19950622,PRCP,0,,,a,
ASN00041110,19950623,PRCP,0,,,a,
ASN00041110,19950624,PRCP,0,,,a,
ASN00041110,19950625,PRCP,0,,,a,
ASN00041110,19950626,PRCP,0,,,a,
ASN00041110,19950627,PRCP,0,,,a,
ASN00041110,19950628,PRCP,4,,,a,
ASN00041110,19950629,PRCP,8,,,a,
ASN00041110,19950630,PRCP,0,,,a,
ASN00041110,19950701,PRCP,0,,,a,
ASN00041110,19950702,PRCP,0,,,a,
ASN00041110,19950703,PRCP,0,,,a,
ASN00041110,19950704,PRCP,0,,,a,
ASN00041110,19950705,PRCP,0,,,a,
ASN00041110,19950706,PRCP,0,,,a,
ASN00041110,19950707,PRCP,100,,,a,
ASN00041110,19950708,PRCP,0,,,a,
ASN00041110,19950709,PRCP,0,,,a,
ASN00041110,19950710,PRCP,0,,,a,
ASN00041110,19950711,PRCP,0,,,a,
ASN00041110,19950712,PRCP,0,,,a,
ASN00041110,19950713,PRCP,0,,,a,
ASN00041110,19950714,PRCP,0,,,a,
ASN00041110,19950715,PRCP,0,,,a,
ASN00041110,19950716,PRCP,0,,,a,
ASN00041110,19950717,PRCP,0,,,a,
ASN00041110,19950718,PRCP,0,,,a,
ASN00041110,19950719,PRCP,18,,,a,
ASN00041110,19950720,PRCP,0,,,a,
ASN00041110,19950721,PRCP,0,,,a,
ASN00041110,19950722,PRCP,0,,,a,
ASN00041110,19950723,PRCP,0,,,a,
ASN00041110,19950724,PRCP,0,,,a,
ASN00041110,19950725,PRCP,0,,,a,
ASN00041110,19950726,PRCP,0,,,a,
ASN00041110,19950727,PRCP,0,,,a,
ASN00041110,19950728,PRCP,0,,,a,
ASN00041110,19950729,PRCP,0,,,a,
ASN00041110,19950730,PRCP,0,,,a,
ASN00041110,19950731,PRCP,0,,,a,
ASN00041110,19950801,PRCP,0,,,a,
ASN00041110,19950802,PRCP,0,,,a,
ASN00041110,19950803,PRCP,0,,,a,
ASN00041110,19950804,PRCP,0,,,a,
ASN00041110,19950805,PRCP,0,,,a,
ASN00041110,19950806,PRCP,0,,,a,
ASN00041110,19950807,PRCP,0,,,a,
ASN00041110,19950808,PRCP,0,,,a,
ASN00041110,19950809,PRCP,0,,,a,
ASN00041110,19950810,PRCP,0,,,a,
ASN00041110,19950811,PRCP,0,,,a,
ASN00041110,19950812,PRCP,0,,,a,
ASN00041110,19950813,PRCP,0,,,a,
ASN00041110,19950814,PRCP,0,,,a,
ASN00041110,19950815,PRCP,54,,,a,
ASN00041110,19950816,PRCP,0,,,a,
ASN00041110,19950817,PRCP,0,,,a,
ASN00041110,19950818,PRCP,0,,,a,
ASN00041110,19950819,PRCP,0,,,a,
ASN00041110,19950820,PRCP,0,,,a,
ASN00041110,19950821,PRCP,0,,,a,
ASN00041110,19950822,PRCP,0,,,a,
ASN00041110,19950823,PRCP,0,,,a,
ASN00041110,19950824,PRCP,0,,,a,
ASN00041110,19950825,PRCP,0,,,a,
ASN00041110,19950826,PRCP,0,,,a,
ASN00041110,19950827,PRCP,0,,,a,
ASN00041110,19950828,PRCP,0,,,a,
ASN00041110,19950829,PRCP,0,,,a,
ASN00041110,19950830,PRCP,0,,,a,
ASN00041110,19950831,PRCP,0,,,a,
ASN00041110,19950901,PRCP,0,,,a,
ASN00041110,19950902,PRCP,0,,,a,
ASN00041110,19950903,PRCP,139,,,a,
ASN00041110,19950904,PRCP,10,,,a,
ASN00041110,19950905,PRCP,0,,,a,
ASN00041110,19950906,PRCP,30,,,a,
ASN00041110,19950907,PRCP,0,,,a,
ASN00041110,19950908,PRCP,0,,,a,
ASN00041110,19950909,PRCP,0,,,a,
ASN00041110,19950910,PRCP,0,,,a,
ASN00041110,19950911,PRCP,36,,,a,
ASN00041110,19950912,PRCP,0,,,a,
ASN00041110,19950913,PRCP,0,,,a,
ASN00041110,19950914,PRCP,0,,,a,
ASN00041110,19950915,PRCP,0,,,a,
ASN00041110,19950916,PRCP,0,,,a,
ASN00041110,19950917,PRCP,0,,,a,
ASN00041110,19950918,PRCP,0,,,a,
ASN00041110,19950919,PRCP,0,,,a,
ASN00041110,19950920,PRCP,0,,,a,
ASN00041110,19950921,PRCP,24,,,a,
ASN00041110,19950922,PRCP,0,,,a,
ASN00041110,19950923,PRCP,0,,,a,
ASN00041110,19950924,PRCP,56,,,a,
ASN00041110,19950925,PRCP,322,,,a,
ASN00041110,19950926,PRCP,0,,,a,
ASN00041110,19950927,PRCP,0,,,a,
ASN00041110,19950928,PRCP,0,,,a,
ASN00041110,19950929,PRCP,0,,,a,
ASN00041110,19950930,PRCP,0,,,a,
ASN00041110,19951001,PRCP,0,,,a,
ASN00041110,19951002,PRCP,0,,,a,
ASN00041110,19951003,PRCP,84,,,a,
ASN00041110,19951004,PRCP,54,,,a,
ASN00041110,19951005,PRCP,0,,,a,
ASN00041110,19951006,PRCP,0,,,a,
ASN00041110,19951007,PRCP,2,,,a,
ASN00041110,19951008,PRCP,0,,,a,
ASN00041110,19951009,PRCP,90,,,a,
ASN00041110,19951010,PRCP,0,,,a,
ASN00041110,19951011,PRCP,0,,,a,
ASN00041110,19951012,PRCP,0,,,a,
ASN00041110,19951013,PRCP,0,,,a,
ASN00041110,19951014,PRCP,0,,,a,
ASN00041110,19951015,PRCP,0,,,a,
ASN00041110,19951016,PRCP,0,,,a,
ASN00041110,19951017,PRCP,0,,,a,
ASN00041110,19951018,PRCP,0,,,a,
ASN00041110,19951019,PRCP,0,,,a,
ASN00041110,19951020,PRCP,0,,,a,
ASN00041110,19951021,PRCP,0,,,a,
ASN00041110,19951022,PRCP,0,,,a,
ASN00041110,19951023,PRCP,130,,,a,
ASN00041110,19951024,PRCP,0,,,a,
ASN00041110,19951025,PRCP,0,,,a,
ASN00041110,19951026,PRCP,324,,,a,
ASN00041110,19951027,PRCP,60,,,a,
ASN00041110,19951028,PRCP,0,,,a,
ASN00041110,19951029,PRCP,0,,,a,
ASN00041110,19951030,PRCP,0,,,a,
ASN00041110,19951031,PRCP,0,,,a,
ASN00041110,19951101,PRCP,0,,,a,
ASN00041110,19951102,PRCP,0,,,a,
ASN00041110,19951103,PRCP,0,,,a,
ASN00041110,19951104,PRCP,24,,,a,
ASN00041110,19951105,PRCP,70,,,a,
ASN00041110,19951106,PRCP,206,,,a,
ASN00041110,19951107,PRCP,0,,,a,
ASN00041110,19951108,PRCP,0,,,a,
ASN00041110,19951109,PRCP,0,,,a,
ASN00041110,19951110,PRCP,0,,,a,
ASN00041110,19951111,PRCP,0,,,a,
ASN00041110,19951112,PRCP,10,,,a,
ASN00041110,19951113,PRCP,0,,,a,
ASN00041110,19951114,PRCP,0,,,a,
ASN00041110,19951115,PRCP,0,,,a,
ASN00041110,19951116,PRCP,200,,,a,
ASN00041110,19951117,PRCP,0,,,a,
ASN00041110,19951118,PRCP,130,,,a,
ASN00041110,19951119,PRCP,0,,,a,
ASN00041110,19951120,PRCP,732,,,a,
ASN00041110,19951121,PRCP,264,,,a,
ASN00041110,19951122,PRCP,0,,,a,
ASN00041110,19951123,PRCP,50,,,a,
ASN00041110,19951124,PRCP,0,,,a,
ASN00041110,19951125,PRCP,0,,,a,
ASN00041110,19951126,PRCP,0,,,a,
ASN00041110,19951127,PRCP,0,,,a,
ASN00041110,19951128,PRCP,0,,,a,
ASN00041110,19951129,PRCP,0,,,a,
ASN00041110,19951130,PRCP,0,,,a,
ASN00041110,19951201,PRCP,0,,,a,
ASN00041110,19951202,PRCP,100,,,a,
ASN00041110,19951203,PRCP,0,,,a,
ASN00041110,19951204,PRCP,0,,,a,
ASN00041110,19951205,PRCP,0,,,a,
ASN00041110,19951206,PRCP,180,,,a,
ASN00041110,19951207,PRCP,0,,,a,
ASN00041110,19951208,PRCP,0,,,a,
ASN00041110,19951209,PRCP,0,,,a,
ASN00041110,19951210,PRCP,0,,,a,
ASN00041110,19951211,PRCP,300,,,a,
ASN00041110,19951212,PRCP,90,,,a,
ASN00041110,19951213,PRCP,0,,,a,
ASN00041110,19951214,PRCP,0,,,a,
ASN00041110,19951215,PRCP,0,,,a,
ASN00041110,19951216,PRCP,0,,,a,
ASN00041110,19951217,PRCP,0,,,a,
ASN00041110,19951218,PRCP,60,,,a,
ASN00041110,19951219,PRCP,18,,,a,
ASN00041110,19951220,PRCP,0,,,a,
ASN00041110,19951221,PRCP,0,,,a,
ASN00041110,19951222,PRCP,0,,,a,
ASN00041110,19951223,PRCP,120,,,a,
ASN00041110,19951224,PRCP,494,,,a,
ASN00041110,19951225,PRCP,0,,,a,
ASN00041110,19951226,PRCP,0,,,a,
ASN00041110,19951227,PRCP,0,,,a,
ASN00041110,19951228,PRCP,184,,,a,
ASN00041110,19951229,PRCP,0,,,a,
ASN00041110,19951230,PRCP,0,,,a,
ASN00041110,19951231,PRCP,0,,,a,
ASN00041110,19960101,PRCP,0,,,a,
ASN00041110,19960102,PRCP,2,,,a,
ASN00041110,19960103,PRCP,1060,,,a,
ASN00041110,19960104,PRCP,10,,,a,
ASN00041110,19960105,PRCP,2,,,a,
ASN00041110,19960106,PRCP,3,,,a,
ASN00041110,19960107,PRCP,22,,,a,
ASN00041110,19960108,PRCP,0,,,a,
ASN00041110,19960109,PRCP,242,,,a,
ASN00041110,19960110,PRCP,408,,,a,
ASN00041110,19960111,PRCP,2,,,a,
ASN00041110,19960112,PRCP,0,,,a,
ASN00041110,19960113,PRCP,0,,,a,
ASN00041110,19960114,PRCP,0,,,a,
ASN00041110,19960115,PRCP,0,,,a,
ASN00041110,19960116,PRCP,0,,,a,
ASN00041110,19960117,PRCP,0,,,a,
ASN00041110,19960118,PRCP,0,,,a,
ASN00041110,19960119,PRCP,0,,,a,
ASN00041110,19960120,PRCP,0,,,a,
ASN00041110,19960121,PRCP,0,,,a,
ASN00041110,19960122,PRCP,30,,,a,
ASN00041110,19960123,PRCP,18,,,a,
ASN00041110,19960124,PRCP,250,,,a,
ASN00041110,19960125,PRCP,0,,,a,
ASN00041110,19960126,PRCP,28,,,a,
ASN00041110,19960127,PRCP,50,,,a,
ASN00041110,19960128,PRCP,0,,,a,
ASN00041110,19960129,PRCP,0,,,a,
ASN00041110,19960130,PRCP,0,,,a,
ASN00041110,19960131,PRCP,0,,,a,
ASN00041110,19960201,PRCP,14,,,a,
ASN00041110,19960202,PRCP,0,,,a,
ASN00041110,19960203,PRCP,0,,,a,
ASN00041110,19960204,PRCP,0,,,a,
ASN00041110,19960205,PRCP,46,,,a,
ASN00041110,19960206,PRCP,140,,,a,
ASN00041110,19960207,PRCP,70,,,a,
ASN00041110,19960208,PRCP,0,,,a,
ASN00041110,19960209,PRCP,30,,,a,
ASN00041110,19960210,PRCP,0,,,a,
ASN00041110,19960211,PRCP,0,,,a,
ASN00041110,19960212,PRCP,0,,,a,
ASN00041110,19960213,PRCP,0,,,a,
ASN00041110,19960214,PRCP,40,,,a,
ASN00041110,19960215,PRCP,0,,,a,
ASN00041110,19960216,PRCP,14,,,a,
ASN00041110,19960217,PRCP,0,,,a,
ASN00041110,19960218,PRCP,0,,,a,
ASN00041110,19960219,PRCP,0,,,a,
ASN00041110,19960220,PRCP,0,,,a,
ASN00041110,19960221,PRCP,17,,,a,
ASN00041110,19960222,PRCP,0,,,a,
ASN00041110,19960223,PRCP,0,,,a,
ASN00041110,19960224,PRCP,0,,,a,
ASN00041110,19960225,PRCP,0,,,a,
ASN00041110,19960226,PRCP,0,,,a,
ASN00041110,19960227,PRCP,8,,,a,
ASN00041110,19960228,PRCP,0,,,a,
ASN00041110,19960229,PRCP,160,,,a,
ASN00041110,19960301,PRCP,290,,,a,
ASN00041110,19960302,PRCP,0,,,a,
ASN00041110,19960303,PRCP,0,,,a,
ASN00041110,19960304,PRCP,0,,,a,
ASN00041110,19960305,PRCP,0,,,a,
ASN00041110,19960306,PRCP,0,,,a,
ASN00041110,19960307,PRCP,0,,,a,
ASN00041110,19960308,PRCP,0,,,a,
ASN00041110,19960309,PRCP,30,,,a,
ASN00041110,19960310,PRCP,0,,,a,
ASN00041110,19960311,PRCP,0,,,a,
ASN00041110,19960312,PRCP,0,,,a,
ASN00041110,19960313,PRCP,0,,,a,
ASN00041110,19960314,PRCP,0,,,a,
ASN00041110,19960315,PRCP,0,,,a,
ASN00041110,19960316,PRCP,0,,,a,
ASN00041110,19960317,PRCP,0,,,a,
ASN00041110,19960318,PRCP,0,,,a,
ASN00041110,19960319,PRCP,0,,,a,
ASN00041110,19960320,PRCP,0,,,a,
ASN00041110,19960321,PRCP,0,,,a,
ASN00041110,19960322,PRCP,0,,,a,
ASN00041110,19960323,PRCP,0,,,a,
ASN00041110,19960324,PRCP,0,,,a,
ASN00041110,19960325,PRCP,0,,,a,
ASN00041110,19960326,PRCP,0,,,a,
ASN00041110,19960327,PRCP,0,,,a,
ASN00041110,19960328,PRCP,0,,,a,
ASN00041110,19960329,PRCP,0,,,a,
ASN00041110,19960330,PRCP,0,,,a,
ASN00041110,19960331,PRCP,0,,,a,
ASN00041110,19960401,PRCP,0,,,a,
ASN00041110,19960402,PRCP,0,,,a,
ASN00041110,19960403,PRCP,0,,,a,
ASN00041110,19960404,PRCP,0,,,a,
ASN00041110,19960405,PRCP,0,,,a,
ASN00041110,19960406,PRCP,0,,,a,
ASN00041110,19960407,PRCP,0,,,a,
ASN00041110,19960408,PRCP,0,,,a,
ASN00041110,19960409,PRCP,20,,,a,
ASN00041110,19960410,PRCP,0,,,a,
ASN00041110,19960411,PRCP,0,,,a,
ASN00041110,19960412,PRCP,0,,,a,
ASN00041110,19960413,PRCP,0,,,a,
ASN00041110,19960414,PRCP,0,,,a,
ASN00041110,19960415,PRCP,0,,,a,
ASN00041110,19960416,PRCP,0,,,a,
ASN00041110,19960417,PRCP,0,,,a,
ASN00041110,19960418,PRCP,0,,,a,
ASN00041110,19960419,PRCP,0,,,a,
ASN00041110,19960420,PRCP,0,,,a,
ASN00041110,19960421,PRCP,0,,,a,
ASN00041110,19960422,PRCP,0,,,a,
ASN00041110,19960423,PRCP,0,,,a,
ASN00041110,19960424,PRCP,184,,,a,
ASN00041110,19960425,PRCP,0,,,a,
ASN00041110,19960426,PRCP,0,,,a,
ASN00041110,19960427,PRCP,0,,,a,
ASN00041110,19960428,PRCP,0,,,a,
ASN00041110,19960429,PRCP,0,,,a,
ASN00041110,19960430,PRCP,40,,,a,
ASN00041110,19960501,PRCP,194,,,a,
ASN00041110,19960502,PRCP,750,,,a,
ASN00041110,19960503,PRCP,582,,,a,
ASN00041110,19960504,PRCP,180,,,a,
ASN00041110,19960505,PRCP,530,,,a,
ASN00041110,19960506,PRCP,44,,,a,
ASN00041110,19960507,PRCP,4,,,a,
ASN00041110,19960508,PRCP,0,,,a,
ASN00041110,19960509,PRCP,0,,,a,
ASN00041110,19960510,PRCP,0,,,a,
ASN00041110,19960511,PRCP,0,,,a,
ASN00041110,19960512,PRCP,0,,,a,
ASN00041110,19960513,PRCP,0,,,a,
ASN00041110,19960514,PRCP,0,,,a,
ASN00041110,19960515,PRCP,240,,,a,
ASN00041110,19960516,PRCP,3,,,a,
ASN00041110,19960517,PRCP,10,,,a,
ASN00041110,19960518,PRCP,0,,,a,
ASN00041110,19960519,PRCP,0,,,a,
ASN00041110,19960520,PRCP,0,,,a,
ASN00041110,19960521,PRCP,0,,,a,
ASN00041110,19960522,PRCP,0,,,a,
ASN00041110,19960523,PRCP,0,,,a,
ASN00041110,19960524,PRCP,0,,,a,
ASN00041110,19960525,PRCP,0,,,a,
ASN00041110,19960526,PRCP,0,,,a,
ASN00041110,19960527,PRCP,0,,,a,
ASN00041110,19960528,PRCP,0,,,a,
ASN00041110,19960529,PRCP,4,,,a,
ASN00041110,19960530,PRCP,0,,,a,
ASN00041110,19960531,PRCP,0,,,a,
ASN00041110,19960601,PRCP,0,,,a,
ASN00041110,19960602,PRCP,0,,,a,
ASN00041110,19960603,PRCP,0,,,a,
ASN00041110,19960604,PRCP,0,,,a,
ASN00041110,19960605,PRCP,0,,,a,
ASN00041110,19960606,PRCP,0,,,a,
ASN00041110,19960607,PRCP,0,,,a,
ASN00041110,19960608,PRCP,4,,,a,
ASN00041110,19960609,PRCP,10,,,a,
ASN00041110,19960610,PRCP,0,,,a,
ASN00041110,19960611,PRCP,0,,,a,
ASN00041110,19960612,PRCP,0,,,a,
ASN00041110,19960613,PRCP,24,,,a,
ASN00041110,19960614,PRCP,0,,,a,
ASN00041110,19960615,PRCP,13,,,a,
ASN00041110,19960616,PRCP,90,,,a,
ASN00041110,19960617,PRCP,0,,,a,
ASN00041110,19960618,PRCP,0,,,a,
ASN00041110,19960619,PRCP,0,,,a,
ASN00041110,19960620,PRCP,0,,,a,
ASN00041110,19960621,PRCP,0,,,a,
ASN00041110,19960622,PRCP,0,,,a,
ASN00041110,19960623,PRCP,0,,,a,
ASN00041110,19960624,PRCP,0,,,a,
ASN00041110,19960625,PRCP,0,,,a,
ASN00041110,19960626,PRCP,6,,,a,
ASN00041110,19960627,PRCP,0,,,a,
ASN00041110,19960628,PRCP,0,,,a,
ASN00041110,19960629,PRCP,0,,,a,
ASN00041110,19960630,PRCP,0,,,a,
ASN00041110,19960701,PRCP,0,,,a,
ASN00041110,19960702,PRCP,0,,,a,
ASN00041110,19960703,PRCP,0,,,a,
ASN00041110,19960704,PRCP,0,,,a,
ASN00041110,19960705,PRCP,0,,,a,
ASN00041110,19960706,PRCP,0,,,a,
ASN00041110,19960707,PRCP,4,,,a,
ASN00041110,19960708,PRCP,0,,,a,
ASN00041110,19960709,PRCP,0,,,a,
ASN00041110,19960710,PRCP,0,,,a,
ASN00041110,19960711,PRCP,0,,,a,
ASN00041110,19960712,PRCP,0,,,a,
ASN00041110,19960713,PRCP,0,,,a,
ASN00041110,19960714,PRCP,24,,,a,
ASN00041110,19960715,PRCP,0,,,a,
ASN00041110,19960716,PRCP,0,,,a,
ASN00041110,19960717,PRCP,0,,,a,
ASN00041110,19960718,PRCP,0,,,a,
ASN00041110,19960719,PRCP,0,,,a,
ASN00041110,19960720,PRCP,0,,,a,
ASN00041110,19960721,PRCP,0,,,a,
ASN00041110,19960722,PRCP,0,,,a,
ASN00041110,19960723,PRCP,0,,,a,
ASN00041110,19960724,PRCP,0,,,a,
ASN00041110,19960725,PRCP,0,,,a,
ASN00041110,19960726,PRCP,0,,,a,
ASN00041110,19960727,PRCP,0,,,a,
ASN00041110,19960728,PRCP,146,,,a,
ASN00041110,19960729,PRCP,10,,,a,
ASN00041110,19960730,PRCP,0,,,a,
ASN00041110,19960731,PRCP,40,,,a,
ASN00041110,19960801,PRCP,0,,,a,
ASN00041110,19960802,PRCP,0,,,a,
ASN00041110,19960803,PRCP,0,,,a,
ASN00041110,19960804,PRCP,0,,,a,
ASN00041110,19960805,PRCP,0,,,a,
ASN00041110,19960806,PRCP,0,,,a,
ASN00041110,19960807,PRCP,0,,,a,
ASN00041110,19960808,PRCP,68,,,a,
ASN00041110,19960809,PRCP,0,,,a,
ASN00041110,19960810,PRCP,0,,,a,
ASN00041110,19960811,PRCP,0,,,a,
ASN00041110,19960812,PRCP,0,,,a,
ASN00041110,19960813,PRCP,0,,,a,
ASN00041110,19960814,PRCP,0,,,a,
ASN00041110,19960815,PRCP,0,,,a,
ASN00041110,19960816,PRCP,0,,,a,
ASN00041110,19960817,PRCP,40,,,a,
ASN00041110,19960818,PRCP,100,,,a,
ASN00041110,19960819,PRCP,0,,,a,
ASN00041110,19960820,PRCP,0,,,a,
ASN00041110,19960821,PRCP,0,,,a,
ASN00041110,19960822,PRCP,0,,,a,
ASN00041110,19960823,PRCP,0,,,a,
ASN00041110,19960824,PRCP,0,,,a,
ASN00041110,19960825,PRCP,0,,,a,
ASN00041110,19960826,PRCP,0,,,a,
ASN00041110,19960827,PRCP,0,,,a,
ASN00041110,19960828,PRCP,0,,,a,
ASN00041110,19960829,PRCP,0,,,a,
ASN00041110,19960830,PRCP,0,,,a,
ASN00041110,19960831,PRCP,186,,,a,
ASN00041110,19960901,PRCP,10,,,a,
ASN00041110,19960902,PRCP,220,,,a,
ASN00041110,19960903,PRCP,0,,,a,
ASN00041110,19960904,PRCP,0,,,a,
ASN00041110,19960905,PRCP,0,,,a,
ASN00041110,19960906,PRCP,0,,,a,
ASN00041110,19960907,PRCP,0,,,a,
ASN00041110,19960908,PRCP,0,,,a,
ASN00041110,19960909,PRCP,0,,,a,
ASN00041110,19960910,PRCP,0,,,a,
ASN00041110,19960911,PRCP,0,,,a,
ASN00041110,19960912,PRCP,0,,,a,
ASN00041110,19960913,PRCP,0,,,a,
ASN00041110,19960914,PRCP,0,,,a,
ASN00041110,19960915,PRCP,0,,,a,
ASN00041110,19960916,PRCP,0,,,a,
ASN00041110,19960917,PRCP,0,,,a,
ASN00041110,19960918,PRCP,0,,,a,
ASN00041110,19960919,PRCP,0,,,a,
ASN00041110,19960920,PRCP,0,,,a,
ASN00041110,19960921,PRCP,140,,,a,
ASN00041110,19960922,PRCP,0,,,a,
ASN00041110,19960923,PRCP,0,,,a,
ASN00041110,19960924,PRCP,0,,,a,
ASN00041110,19960925,PRCP,0,,,a,
ASN00041110,19960926,PRCP,0,,,a,
ASN00041110,19960927,PRCP,0,,,a,
ASN00041110,19960928,PRCP,0,,,a,
ASN00041110,19960929,PRCP,30,,,a,
ASN00041110,19960930,PRCP,160,,,a,
ASN00041110,19961001,PRCP,78,,,a,
ASN00041110,19961002,PRCP,0,,,a,
ASN00041110,19961003,PRCP,0,,,a,
ASN00041110,19961004,PRCP,0,,,a,
ASN00041110,19961005,PRCP,134,,,a,
ASN00041110,19961006,PRCP,178,,,a,
ASN00041110,19961007,PRCP,18,,,a,
ASN00041110,19961008,PRCP,0,,,a,
ASN00041110,19961009,PRCP,0,,,a,
ASN00041110,19961010,PRCP,0,,,a,
ASN00041110,19961011,PRCP,0,,,a,
ASN00041110,19961012,PRCP,0,,,a,
ASN00041110,19961013,PRCP,10,,,a,
ASN00041110,19961014,PRCP,0,,,a,
ASN00041110,19961015,PRCP,0,,,a,
ASN00041110,19961016,PRCP,0,,,a,
ASN00041110,19961017,PRCP,0,,,a,
ASN00041110,19961018,PRCP,0,,,a,
ASN00041110,19961019,PRCP,80,,,a,
ASN00041110,19961020,PRCP,28,,,a,
ASN00041110,19961021,PRCP,0,,,a,
ASN00041110,19961022,PRCP,0,,,a,
ASN00041110,19961023,PRCP,0,,,a,
ASN00041110,19961024,PRCP,0,,,a,
ASN00041110,19961025,PRCP,0,,,a,
ASN00041110,19961026,PRCP,0,,,a,
ASN00041110,19961027,PRCP,0,,,a,
ASN00041110,19961028,PRCP,0,,,a,
ASN00041110,19961029,PRCP,0,,,a,
ASN00041110,19961030,PRCP,20,,,a,
ASN00041110,19961031,PRCP,24,,,a,
ASN00041110,19961101,PRCP,20,,,a,
ASN00041110,19961102,PRCP,0,,,a,
ASN00041110,19961103,PRCP,0,,,a,
ASN00041110,19961104,PRCP,0,,,a,
ASN00041110,19961105,PRCP,144,,,a,
ASN00041110,19961106,PRCP,300,,,a,
ASN00041110,19961107,PRCP,142,,,a,
ASN00041110,19961108,PRCP,0,,,a,
ASN00041110,19961109,PRCP,10,,,a,
ASN00041110,19961110,PRCP,0,,,a,
ASN00041110,19961111,PRCP,0,,,a,
ASN00041110,19961112,PRCP,0,,,a,
ASN00041110,19961113,PRCP,0,,,a,
ASN00041110,19961114,PRCP,0,,,a,
ASN00041110,19961115,PRCP,0,,,a,
ASN00041110,19961116,PRCP,0,,,a,
ASN00041110,19961117,PRCP,290,,,a,
ASN00041110,19961118,PRCP,32,,,a,
ASN00041110,19961119,PRCP,0,,,a,
ASN00041110,19961120,PRCP,0,,,a,
ASN00041110,19961121,PRCP,40,,,a,
ASN00041110,19961122,PRCP,0,,,a,
ASN00041110,19961123,PRCP,0,,,a,
ASN00041110,19961124,PRCP,0,,,a,
ASN00041110,19961125,PRCP,0,,,a,
ASN00041110,19961126,PRCP,0,,,a,
ASN00041110,19961127,PRCP,0,,,a,
ASN00041110,19961128,PRCP,0,,,a,
ASN00041110,19961129,PRCP,0,,,a,
ASN00041110,19961130,PRCP,0,,,a,
ASN00041110,19961201,PRCP,0,,,a,
ASN00041110,19961202,PRCP,25,,,a,
ASN00041110,19961203,PRCP,70,,,a,
ASN00041110,19961204,PRCP,50,,,a,
ASN00041110,19961205,PRCP,0,,,a,
ASN00041110,19961206,PRCP,0,,,a,
ASN00041110,19961207,PRCP,75,,,a,
ASN00041110,19961208,PRCP,108,,,a,
ASN00041110,19961209,PRCP,0,,,a,
ASN00041110,19961210,PRCP,0,,,a,
ASN00041110,19961211,PRCP,0,,,a,
ASN00041110,19961212,PRCP,280,,,a,
ASN00041110,19961213,PRCP,0,,,a,
ASN00041110,19961214,PRCP,0,,,a,
ASN00041110,19961215,PRCP,0,,,a,
ASN00041110,19961216,PRCP,0,,,a,
ASN00041110,19961217,PRCP,0,,,a,
ASN00041110,19961218,PRCP,0,,,a,
ASN00041110,19961219,PRCP,198,,,a,
ASN00041110,19961220,PRCP,0,,,a,
ASN00041110,19961221,PRCP,0,,,a,
ASN00041110,19961222,PRCP,0,,,a,
ASN00041110,19961223,PRCP,0,,,a,
ASN00041110,19961224,PRCP,0,,,a,
ASN00041110,19961225,PRCP,0,,,a,
ASN00041110,19961226,PRCP,0,,,a,
ASN00041110,19961227,PRCP,0,,,a,
ASN00041110,19961228,PRCP,0,,,a,
ASN00041110,19961229,PRCP,0,,,a,
ASN00041110,19961230,PRCP,0,,,a,
ASN00041110,19961231,PRCP,200,,,a,
ASN00041110,19970101,PRCP,0,,,a,
ASN00041110,19970102,PRCP,0,,,a,
ASN00041110,19970103,PRCP,0,,,a,
ASN00041110,19970104,PRCP,0,,,a,
ASN00041110,19970105,PRCP,0,,,a,
ASN00041110,19970106,PRCP,0,,,a,
ASN00041110,19970107,PRCP,0,,,a,
ASN00041110,19970108,PRCP,0,,,a,
ASN00041110,19970109,PRCP,0,,,a,
ASN00041110,19970110,PRCP,0,,,a,
ASN00041110,19970111,PRCP,0,,,a,
ASN00041110,19970112,PRCP,0,,,a,
ASN00041110,19970113,PRCP,0,,,a,
ASN00041110,19970114,PRCP,0,,,a,
ASN00041110,19970115,PRCP,0,,,a,
ASN00041110,19970116,PRCP,0,,,a,
ASN00041110,19970117,PRCP,0,,,a,
ASN00041110,19970118,PRCP,72,,,a,
ASN00041110,19970119,PRCP,86,,,a,
ASN00041110,19970120,PRCP,0,,,a,
ASN00041110,19970121,PRCP,0,,,a,
ASN00041110,19970122,PRCP,0,,,a,
ASN00041110,19970123,PRCP,0,,,a,
ASN00041110,19970124,PRCP,0,,,a,
ASN00041110,19970125,PRCP,0,,,a,
ASN00041110,19970126,PRCP,2,,,a,
ASN00041110,19970127,PRCP,0,,,a,
ASN00041110,19970128,PRCP,0,,,a,
ASN00041110,19970129,PRCP,0,,,a,
ASN00041110,19970130,PRCP,0,,,a,
ASN00041110,19970131,PRCP,0,,,a,
ASN00041110,19970201,PRCP,0,,,a,
ASN00041110,19970202,PRCP,0,,,a,
ASN00041110,19970203,PRCP,178,,,a,
ASN00041110,19970204,PRCP,0,,,a,
ASN00041110,19970205,PRCP,0,,,a,
ASN00041110,19970206,PRCP,0,,,a,
ASN00041110,19970207,PRCP,0,,,a,
ASN00041110,19970208,PRCP,0,,,a,
ASN00041110,19970209,PRCP,0,,,a,
ASN00041110,19970210,PRCP,0,,,a,
ASN00041110,19970211,PRCP,0,,,a,
ASN00041110,19970212,PRCP,0,,,a,
ASN00041110,19970213,PRCP,0,,,a,
ASN00041110,19970214,PRCP,142,,,a,
ASN00041110,19970215,PRCP,214,,,a,
ASN00041110,19970216,PRCP,66,,,a,
ASN00041110,19970217,PRCP,70,,,a,
ASN00041110,19970218,PRCP,38,,,a,
ASN00041110,19970219,PRCP,0,,,a,
ASN00041110,19970220,PRCP,0,,,a,
ASN00041110,19970221,PRCP,0,,,a,
ASN00041110,19970222,PRCP,0,,,a,
ASN00041110,19970223,PRCP,0,,,a,
ASN00041110,19970224,PRCP,0,,,a,
ASN00041110,19970225,PRCP,0,,,a,
ASN00041110,19970226,PRCP,12,,,a,
ASN00041110,19970227,PRCP,12,,,a,
ASN00041110,19970228,PRCP,74,,,a,
ASN00041110,19970301,PRCP,0,,,a,
ASN00041110,19970302,PRCP,0,,,a,
ASN00041110,19970303,PRCP,0,,,a,
ASN00041110,19970304,PRCP,0,,,a,
ASN00041110,19970305,PRCP,0,,,a,
ASN00041110,19970306,PRCP,50,,,a,
ASN00041110,19970307,PRCP,0,,,a,
ASN00041110,19970308,PRCP,0,,,a,
ASN00041110,19970309,PRCP,0,,,a,
ASN00041110,19970310,PRCP,0,,,a,
ASN00041110,19970311,PRCP,0,,,a,
ASN00041110,19970312,PRCP,0,,,a,
ASN00041110,19970313,PRCP,0,,,a,
ASN00041110,19970314,PRCP,0,,,a,
ASN00041110,19970315,PRCP,0,,,a,
ASN00041110,19970316,PRCP,0,,,a,
ASN00041110,19970317,PRCP,0,,,a,
ASN00041110,19970318,PRCP,0,,,a,
ASN00041110,19970319,PRCP,0,,,a,
ASN00041110,19970320,PRCP,0,,,a,
ASN00041110,19970321,PRCP,0,,,a,
ASN00041110,19970322,PRCP,0,,,a,
ASN00041110,19970323,PRCP,0,,,a,
ASN00041110,19970324,PRCP,0,,,a,
ASN00041110,19970325,PRCP,0,,,a,
ASN00041110,19970326,PRCP,0,,,a,
ASN00041110,19970327,PRCP,0,,,a,
ASN00041110,19970328,PRCP,0,,,a,
ASN00041110,19970329,PRCP,0,,,a,
ASN00041110,19970330,PRCP,40,,,a,
ASN00041110,19970331,PRCP,14,,,a,
ASN00041110,19970401,PRCP,0,,,a,
ASN00041110,19970402,PRCP,0,,,a,
ASN00041110,19970403,PRCP,0,,,a,
ASN00041110,19970404,PRCP,0,,,a,
ASN00041110,19970405,PRCP,0,,,a,
ASN00041110,19970406,PRCP,0,,,a,
ASN00041110,19970407,PRCP,0,,,a,
ASN00041110,19970408,PRCP,0,,,a,
ASN00041110,19970409,PRCP,0,,,a,
ASN00041110,19970410,PRCP,0,,,a,
ASN00041110,19970411,PRCP,0,,,a,
ASN00041110,19970412,PRCP,0,,,a,
ASN00041110,19970413,PRCP,0,,,a,
ASN00041110,19970414,PRCP,0,,,a,
ASN00041110,19970415,PRCP,0,,,a,
ASN00041110,19970416,PRCP,0,,,a,
ASN00041110,19970417,PRCP,0,,,a,
ASN00041110,19970418,PRCP,0,,,a,
ASN00041110,19970419,PRCP,0,,,a,
ASN00041110,19970420,PRCP,0,,,a,
ASN00041110,19970421,PRCP,0,,,a,
ASN00041110,19970422,PRCP,0,,,a,
ASN00041110,19970423,PRCP,0,,,a,
ASN00041110,19970424,PRCP,0,,,a,
ASN00041110,19970425,PRCP,0,,,a,
ASN00041110,19970426,PRCP,18,,,a,
ASN00041110,19970427,PRCP,0,,,a,
ASN00041110,19970428,PRCP,0,,,a,
ASN00041110,19970429,PRCP,0,,,a,
ASN00041110,19970430,PRCP,0,,,a,
ASN00041110,19970501,PRCP,0,,,a,
ASN00041110,19970502,PRCP,0,,,a,
ASN00041110,19970503,PRCP,0,,,a,
ASN00041110,19970504,PRCP,0,,,a,
ASN00041110,19970505,PRCP,16,,,a,
ASN00041110,19970506,PRCP,100,,,a,
ASN00041110,19970507,PRCP,0,,,a,
ASN00041110,19970508,PRCP,98,,,a,
ASN00041110,19970509,PRCP,0,,,a,
ASN00041110,19970510,PRCP,0,,,a,
ASN00041110,19970511,PRCP,0,,,a,
ASN00041110,19970512,PRCP,0,,,a,
ASN00041110,19970513,PRCP,0,,,a,
ASN00041110,19970514,PRCP,0,,,a,
ASN00041110,19970515,PRCP,0,,,a,
ASN00041110,19970516,PRCP,250,,,a,
ASN00041110,19970517,PRCP,408,,,a,
ASN00041110,19970518,PRCP,0,,,a,
ASN00041110,19970519,PRCP,0,,,a,
ASN00041110,19970520,PRCP,0,,,a,
ASN00041110,19970521,PRCP,0,,,a,
ASN00041110,19970522,PRCP,0,,,a,
ASN00041110,19970523,PRCP,50,,,a,
ASN00041110,19970524,PRCP,22,,,a,
ASN00041110,19970525,PRCP,0,,,a,
ASN00041110,19970526,PRCP,0,,,a,
ASN00041110,19970527,PRCP,0,,,a,
ASN00041110,19970528,PRCP,0,,,a,
ASN00041110,19970529,PRCP,0,,,a,
ASN00041110,19970530,PRCP,0,,,a,
ASN00041110,19970531,PRCP,40,,,a,
ASN00041110,19970601,PRCP,0,,,a,
ASN00041110,19970602,PRCP,0,,,a,
ASN00041110,19970603,PRCP,0,,,a,
ASN00041110,19970604,PRCP,0,,,a,
ASN00041110,19970605,PRCP,0,,,a,
ASN00041110,19970606,PRCP,0,,,a,
ASN00041110,19970607,PRCP,0,,,a,
ASN00041110,19970608,PRCP,0,,,a,
ASN00041110,19970609,PRCP,0,,,a,
ASN00041110,19970610,PRCP,0,,,a,
ASN00041110,19970611,PRCP,0,,,a,
ASN00041110,19970612,PRCP,0,,,a,
ASN00041110,19970613,PRCP,0,,,a,
ASN00041110,19970614,PRCP,40,,,a,
ASN00041110,19970615,PRCP,0,,,a,
ASN00041110,19970616,PRCP,0,,,a,
ASN00041110,19970617,PRCP,0,,,a,
ASN00041110,19970618,PRCP,0,,,a,
ASN00041110,19970619,PRCP,0,,,a,
ASN00041110,19970620,PRCP,0,,,a,
ASN00041110,19970621,PRCP,0,,,a,
ASN00041110,19970622,PRCP,0,,,a,
ASN00041110,19970623,PRCP,0,,,a,
ASN00041110,19970624,PRCP,0,,,a,
ASN00041110,19970625,PRCP,0,,,a,
ASN00041110,19970626,PRCP,0,,,a,
ASN00041110,19970627,PRCP,0,,,a,
ASN00041110,19970628,PRCP,0,,,a,
ASN00041110,19970629,PRCP,28,,,a,
ASN00041110,19970630,PRCP,0,,,a,
ASN00041110,19970701,PRCP,0,,,a,
ASN00041110,19970702,PRCP,0,,,a,
ASN00041110,19970703,PRCP,0,,,a,
ASN00041110,19970704,PRCP,0,,,a,
ASN00041110,19970705,PRCP,0,,,a,
ASN00041110,19970706,PRCP,0,,,a,
ASN00041110,19970707,PRCP,0,,,a,
ASN00041110,19970708,PRCP,0,,,a,
ASN00041110,19970709,PRCP,0,,,a,
ASN00041110,19970710,PRCP,0,,,a,
ASN00041110,19970711,PRCP,0,,,a,
ASN00041110,19970712,PRCP,0,,,a,
ASN00041110,19970713,PRCP,10,,,a,
ASN00041110,19970714,PRCP,0,,,a,
ASN00041110,19970715,PRCP,0,,,a,
ASN00041110,19970716,PRCP,0,,,a,
ASN00041110,19970717,PRCP,0,,,a,
ASN00041110,19970718,PRCP,0,,,a,
ASN00041110,19970719,PRCP,0,,,a,
ASN00041110,19970720,PRCP,0,,,a,
ASN00041110,19970721,PRCP,0,,,a,
ASN00041110,19970722,PRCP,0,,,a,
ASN00041110,19970723,PRCP,0,,,a,
ASN00041110,19970724,PRCP,0,,,a,
ASN00041110,19970725,PRCP,0,,,a,
ASN00041110,19970726,PRCP,0,,,a,
ASN00041110,19970727,PRCP,0,,,a,
ASN00041110,19970728,PRCP,20,,,a,
ASN00041110,19970729,PRCP,0,,,a,
ASN00041110,19970730,PRCP,0,,,a,
ASN00041110,19970731,PRCP,0,,,a,
ASN00041110,19970801,PRCP,0,,,a,
ASN00041110,19970802,PRCP,0,,,a,
ASN00041110,19970803,PRCP,0,,,a,
ASN00041110,19970804,PRCP,0,,,a,
ASN00041110,19970805,PRCP,0,,,a,
ASN00041110,19970806,PRCP,0,,,a,
ASN00041110,19970807,PRCP,30,,,a,
ASN00041110,19970808,PRCP,10,,,a,
ASN00041110,19970809,PRCP,0,,,a,
ASN00041110,19970810,PRCP,0,,,a,
ASN00041110,19970811,PRCP,0,,,a,
ASN00041110,19970812,PRCP,0,,,a,
ASN00041110,19970813,PRCP,0,,,a,
ASN00041110,19970814,PRCP,0,,,a,
ASN00041110,19970815,PRCP,0,,,a,
ASN00041110,19970816,PRCP,0,,,a,
ASN00041110,19970817,PRCP,0,,,a,
ASN00041110,19970818,PRCP,0,,,a,
ASN00041110,19970819,PRCP,0,,,a,
ASN00041110,19970820,PRCP,0,,,a,
ASN00041110,19970821,PRCP,0,,,a,
ASN00041110,19970822,PRCP,0,,,a,
ASN00041110,19970823,PRCP,0,,,a,
ASN00041110,19970824,PRCP,0,,,a,
ASN00041110,19970825,PRCP,0,,,a,
ASN00041110,19970826,PRCP,0,,,a,
ASN00041110,19970827,PRCP,0,,,a,
ASN00041110,19970828,PRCP,0,,,a,
ASN00041110,19970829,PRCP,0,,,a,
ASN00041110,19970830,PRCP,0,,,a,
ASN00041110,19970831,PRCP,0,,,a,
ASN00041110,19970901,PRCP,0,,,a,
ASN00041110,19970902,PRCP,18,,,a,
ASN00041110,19970903,PRCP,44,,,a,
ASN00041110,19970904,PRCP,0,,,a,
ASN00041110,19970905,PRCP,58,,,a,
ASN00041110,19970906,PRCP,0,,,a,
ASN00041110,19970907,PRCP,0,,,a,
ASN00041110,19970908,PRCP,0,,,a,
ASN00041110,19970909,PRCP,0,,,a,
ASN00041110,19970910,PRCP,0,,,a,
ASN00041110,19970911,PRCP,0,,,a,
ASN00041110,19970912,PRCP,0,,,a,
ASN00041110,19970913,PRCP,0,,,a,
ASN00041110,19970914,PRCP,0,,,a,
ASN00041110,19970915,PRCP,0,,,a,
ASN00041110,19970916,PRCP,0,,,a,
ASN00041110,19970917,PRCP,0,,,a,
ASN00041110,19970918,PRCP,0,,,a,
ASN00041110,19970919,PRCP,0,,,a,
ASN00041110,19970920,PRCP,320,,,a,
ASN00041110,19970921,PRCP,104,,,a,
ASN00041110,19970922,PRCP,0,,,a,
ASN00041110,19970923,PRCP,0,,,a,
ASN00041110,19970924,PRCP,0,,,a,
ASN00041110,19970925,PRCP,0,,,a,
ASN00041110,19970926,PRCP,0,,,a,
ASN00041110,19970927,PRCP,0,,,a,
ASN00041110,19970928,PRCP,0,,,a,
ASN00041110,19970929,PRCP,0,,,a,
ASN00041110,19970930,PRCP,0,,,a,
ASN00041110,19971001,PRCP,0,,,a,
ASN00041110,19971002,PRCP,0,,,a,
ASN00041110,19971003,PRCP,0,,,a,
ASN00041110,19971004,PRCP,0,,,a,
ASN00041110,19971005,PRCP,0,,,a,
ASN00041110,19971006,PRCP,98,,,a,
ASN00041110,19971007,PRCP,340,,,a,
ASN00041110,19971008,PRCP,300,,,a,
ASN00041110,19971009,PRCP,0,,,a,
ASN00041110,19971010,PRCP,0,,,a,
ASN00041110,19971011,PRCP,0,,,a,
ASN00041110,19971012,PRCP,0,,,a,
ASN00041110,19971013,PRCP,0,,,a,
ASN00041110,19971014,PRCP,0,,,a,
ASN00041110,19971015,PRCP,0,,,a,
ASN00041110,19971016,PRCP,0,,,a,
ASN00041110,19971017,PRCP,0,,,a,
ASN00041110,19971018,PRCP,0,,,a,
ASN00041110,19971019,PRCP,0,,,a,
ASN00041110,19971020,PRCP,146,,,a,
ASN00041110,19971021,PRCP,0,,,a,
ASN00041110,19971022,PRCP,0,,,a,
ASN00041110,19971023,PRCP,0,,,a,
ASN00041110,19971024,PRCP,0,,,a,
ASN00041110,19971025,PRCP,0,,,a,
ASN00041110,19971026,PRCP,0,,,a,
ASN00041110,19971027,PRCP,0,,,a,
ASN00041110,19971028,PRCP,0,,,a,
ASN00041110,19971029,PRCP,0,,,a,
ASN00041110,19971030,PRCP,0,,,a,
ASN00041110,19971031,PRCP,0,,,a,
ASN00041110,19971101,PRCP,0,,,a,
ASN00041110,19971102,PRCP,0,,,a,
ASN00041110,19971103,PRCP,150,,,a,
ASN00041110,19971104,PRCP,12,,,a,
ASN00041110,19971105,PRCP,0,,,a,
ASN00041110,19971106,PRCP,90,,,a,
ASN00041110,19971107,PRCP,0,,,a,
ASN00041110,19971108,PRCP,0,,,a,
ASN00041110,19971109,PRCP,14,,,a,
ASN00041110,19971110,PRCP,0,,,a,
ASN00041110,19971111,PRCP,90,,,a,
ASN00041110,19971112,PRCP,68,,,a,
ASN00041110,19971113,PRCP,0,,,a,
ASN00041110,19971114,PRCP,0,,,a,
ASN00041110,19971115,PRCP,94,,,a,
ASN00041110,19971116,PRCP,0,,,a,
ASN00041110,19971117,PRCP,68,,,a,
ASN00041110,19971118,PRCP,50,,,a,
ASN00041110,19971119,PRCP,0,,,a,
ASN00041110,19971120,PRCP,0,,,a,
ASN00041110,19971121,PRCP,0,,,a,
ASN00041110,19971122,PRCP,0,,,a,
ASN00041110,19971123,PRCP,0,,,a,
ASN00041110,19971124,PRCP,0,,,a,
ASN00041110,19971125,PRCP,0,,,a,
ASN00041110,19971126,PRCP,0,,,a,
ASN00041110,19971127,PRCP,0,,,a,
ASN00041110,19971128,PRCP,0,,,a,
ASN00041110,19971129,PRCP,0,,,a,
ASN00041110,19971130,PRCP,0,,,a,
ASN00041110,19971201,PRCP,0,,,a,
ASN00041110,19971202,PRCP,0,,,a,
ASN00041110,19971203,PRCP,0,,,a,
ASN00041110,19971204,PRCP,0,,,a,
ASN00041110,19971205,PRCP,0,,,a,
ASN00041110,19971206,PRCP,0,,,a,
ASN00041110,19971207,PRCP,0,,,a,
ASN00041110,19971208,PRCP,0,,,a,
ASN00041110,19971209,PRCP,180,,,a,
ASN00041110,19971210,PRCP,125,,,a,
ASN00041110,19971211,PRCP,90,,,a,
ASN00041110,19971212,PRCP,0,,,a,
ASN00041110,19971213,PRCP,0,,,a,
ASN00041110,19971214,PRCP,0,,,a,
ASN00041110,19971215,PRCP,60,,,a,
ASN00041110,19971216,PRCP,0,,,a,
ASN00041110,19971217,PRCP,0,,,a,
ASN00041110,19971218,PRCP,0,,,a,
ASN00041110,19971219,PRCP,0,,,a,
ASN00041110,19971220,PRCP,30,,,a,
ASN00041110,19971221,PRCP,0,,,a,
ASN00041110,19971222,PRCP,0,,,a,
ASN00041110,19971223,PRCP,74,,,a,
ASN00041110,19971224,PRCP,144,,,a,
ASN00041110,19971225,PRCP,0,,,a,
ASN00041110,19971226,PRCP,0,,,a,
ASN00041110,19971227,PRCP,0,,,a,
ASN00041110,19971228,PRCP,0,,,a,
ASN00041110,19971229,PRCP,0,,,a,
ASN00041110,19971230,PRCP,0,,,a,
ASN00041110,19971231,PRCP,0,,,a,
ASN00041110,19980101,PRCP,0,,,a,
ASN00041110,19980102,PRCP,0,,,a,
ASN00041110,19980103,PRCP,0,,,a,
ASN00041110,19980104,PRCP,0,,,a,
ASN00041110,19980105,PRCP,0,,,a,
ASN00041110,19980106,PRCP,0,,,a,
ASN00041110,19980107,PRCP,0,,,a,
ASN00041110,19980108,PRCP,0,,,a,
ASN00041110,19980109,PRCP,0,,,a,
ASN00041110,19980110,PRCP,0,,,a,
ASN00041110,19980111,PRCP,0,,,a,
ASN00041110,19980112,PRCP,0,,,a,
ASN00041110,19980113,PRCP,0,,,a,
ASN00041110,19980114,PRCP,0,,,a,
ASN00041110,19980115,PRCP,8,,,a,
ASN00041110,19980116,PRCP,10,,,a,
ASN00041110,19980117,PRCP,0,,,a,
ASN00041110,19980118,PRCP,0,,,a,
ASN00041110,19980119,PRCP,0,,,a,
ASN00041110,19980120,PRCP,0,,,a,
ASN00041110,19980121,PRCP,0,,,a,
ASN00041110,19980122,PRCP,66,,,a,
ASN00041110,19980123,PRCP,0,,,a,
ASN00041110,19980124,PRCP,0,,,a,
ASN00041110,19980125,PRCP,0,,,a,
ASN00041110,19980126,PRCP,0,,,a,
ASN00041110,19980127,PRCP,0,,,a,
ASN00041110,19980128,PRCP,0,,,a,
ASN00041110,19980129,PRCP,56,,,a,
ASN00041110,19980130,PRCP,0,,,a,
ASN00041110,19980131,PRCP,128,,,a,
ASN00041110,19980201,PRCP,0,,,a,
ASN00041110,19980202,PRCP,0,,,a,
ASN00041110,19980203,PRCP,0,,,a,
ASN00041110,19980204,PRCP,0,,,a,
ASN00041110,19980205,PRCP,0,,,a,
ASN00041110,19980206,PRCP,0,,,a,
ASN00041110,19980207,PRCP,64,,,a,
ASN00041110,19980208,PRCP,0,,,a,
ASN00041110,19980209,PRCP,0,,,a,
ASN00041110,19980210,PRCP,370,,,a,
ASN00041110,19980211,PRCP,36,,,a,
ASN00041110,19980212,PRCP,20,,,a,
ASN00041110,19980213,PRCP,0,,,a,
ASN00041110,19980214,PRCP,0,,,a,
ASN00041110,19980215,PRCP,0,,,a,
ASN00041110,19980216,PRCP,0,,,a,
ASN00041110,19980217,PRCP,20,,,a,
ASN00041110,19980218,PRCP,0,,,a,
ASN00041110,19980219,PRCP,0,,,a,
ASN00041110,19980220,PRCP,0,,,a,
ASN00041110,19980221,PRCP,16,,,a,
ASN00041110,19980222,PRCP,0,,,a,
ASN00041110,19980223,PRCP,0,,,a,
ASN00041110,19980224,PRCP,0,,,a,
ASN00041110,19980225,PRCP,0,,,a,
ASN00041110,19980226,PRCP,0,,,a,
ASN00041110,19980227,PRCP,0,,,a,
ASN00041110,19980228,PRCP,0,,,a,
ASN00041110,19980301,PRCP,0,,,a,
ASN00041110,19980302,PRCP,0,,,a,
ASN00041110,19980303,PRCP,0,,,a,
ASN00041110,19980304,PRCP,0,,,a,
ASN00041110,19980305,PRCP,0,,,a,
ASN00041110,19980306,PRCP,0,,,a,
ASN00041110,19980307,PRCP,0,,,a,
ASN00041110,19980308,PRCP,0,,,a,
ASN00041110,19980309,PRCP,0,,,a,
ASN00041110,19980310,PRCP,0,,,a,
ASN00041110,19980311,PRCP,0,,,a,
ASN00041110,19980312,PRCP,0,,,a,
ASN00041110,19980313,PRCP,0,,,a,
ASN00041110,19980314,PRCP,0,,,a,
ASN00041110,19980315,PRCP,0,,,a,
ASN00041110,19980316,PRCP,0,,,a,
ASN00041110,19980317,PRCP,0,,,a,
ASN00041110,19980318,PRCP,0,,,a,
ASN00041110,19980319,PRCP,0,,,a,
ASN00041110,19980320,PRCP,0,,,a,
ASN00041110,19980321,PRCP,0,,,a,
ASN00041110,19980322,PRCP,0,,,a,
ASN00041110,19980323,PRCP,0,,,a,
ASN00041110,19980324,PRCP,0,,,a,
ASN00041110,19980325,PRCP,0,,,a,
ASN00041110,19980326,PRCP,0,,,a,
ASN00041110,19980327,PRCP,0,,,a,
ASN00041110,19980328,PRCP,0,,,a,
ASN00041110,19980329,PRCP,0,,,a,
ASN00041110,19980330,PRCP,0,,,a,
ASN00041110,19980331,PRCP,0,,,a,
ASN00041110,19980401,PRCP,0,,,a,
ASN00041110,19980402,PRCP,0,,,a,
ASN00041110,19980403,PRCP,0,,,a,
ASN00041110,19980404,PRCP,0,,,a,
ASN00041110,19980405,PRCP,0,,,a,
ASN00041110,19980406,PRCP,0,,,a,
ASN00041110,19980407,PRCP,0,,,a,
ASN00041110,19980408,PRCP,0,,,a,
ASN00041110,19980409,PRCP,0,,,a,
ASN00041110,19980410,PRCP,0,,,a,
ASN00041110,19980411,PRCP,0,,,a,
ASN00041110,19980412,PRCP,0,,,a,
ASN00041110,19980413,PRCP,0,,,a,
ASN00041110,19980414,PRCP,0,,,a,
ASN00041110,19980415,PRCP,78,,,a,
ASN00041110,19980416,PRCP,20,,,a,
ASN00041110,19980417,PRCP,0,,,a,
ASN00041110,19980418,PRCP,0,,,a,
ASN00041110,19980419,PRCP,0,,,a,
ASN00041110,19980420,PRCP,0,,,a,
ASN00041110,19980421,PRCP,0,,,a,
ASN00041110,19980422,PRCP,0,,,a,
ASN00041110,19980423,PRCP,130,,,a,
ASN00041110,19980424,PRCP,154,,,a,
ASN00041110,19980425,PRCP,0,,,a,
ASN00041110,19980426,PRCP,0,,,a,
ASN00041110,19980427,PRCP,0,,,a,
ASN00041110,19980428,PRCP,0,,,a,
ASN00041110,19980429,PRCP,0,,,a,
ASN00041110,19980430,PRCP,0,,,a,
ASN00041110,19980501,PRCP,0,,,a,
ASN00041110,19980502,PRCP,0,,,a,
ASN00041110,19980503,PRCP,64,,,a,
ASN00041110,19980504,PRCP,40,,,a,
ASN00041110,19980505,PRCP,806,,,a,
ASN00041110,19980506,PRCP,40,,,a,
ASN00041110,19980507,PRCP,12,,,a,
ASN00041110,19980508,PRCP,0,,,a,
ASN00041110,19980509,PRCP,0,,,a,
ASN00041110,19980510,PRCP,0,,,a,
ASN00041110,19980511,PRCP,0,,,a,
ASN00041110,19980512,PRCP,0,,,a,
ASN00041110,19980513,PRCP,0,,,a,
ASN00041110,19980514,PRCP,0,,,a,
ASN00041110,19980515,PRCP,56,,,a,
ASN00041110,19980516,PRCP,40,,,a,
ASN00041110,19980517,PRCP,0,,,a,
ASN00041110,19980518,PRCP,28,,,a,
ASN00041110,19980519,PRCP,8,,,a,
ASN00041110,19980520,PRCP,0,,,a,
ASN00041110,19980521,PRCP,0,,,a,
ASN00041110,19980522,PRCP,0,,,a,
ASN00041110,19980523,PRCP,0,,,a,
ASN00041110,19980524,PRCP,0,,,a,
ASN00041110,19980525,PRCP,0,,,a,
ASN00041110,19980526,PRCP,0,,,a,
ASN00041110,19980527,PRCP,0,,,a,
ASN00041110,19980528,PRCP,0,,,a,
ASN00041110,19980529,PRCP,0,,,a,
ASN00041110,19980530,PRCP,0,,,a,
ASN00041110,19980531,PRCP,0,,,a,
ASN00041110,19980601,PRCP,0,,,a,
ASN00041110,19980602,PRCP,0,,,a,
ASN00041110,19980603,PRCP,0,,,a,
ASN00041110,19980604,PRCP,0,,,a,
ASN00041110,19980605,PRCP,0,,,a,
ASN00041110,19980606,PRCP,0,,,a,
ASN00041110,19980607,PRCP,0,,,a,
ASN00041110,19980608,PRCP,0,,,a,
ASN00041110,19980609,PRCP,0,,,a,
ASN00041110,19980610,PRCP,0,,,a,
ASN00041110,19980611,PRCP,0,,,a,
ASN00041110,19980612,PRCP,0,,,a,
ASN00041110,19980613,PRCP,0,,,a,
ASN00041110,19980614,PRCP,0,,,a,
ASN00041110,19980615,PRCP,0,,,a,
ASN00041110,19980616,PRCP,40,,,a,
ASN00041110,19980617,PRCP,70,,,a,
ASN00041110,19980618,PRCP,0,,,a,
ASN00041110,19980619,PRCP,0,,,a,
ASN00041110,19980620,PRCP,0,,,a,
ASN00041110,19980621,PRCP,0,,,a,
ASN00041110,19980622,PRCP,0,,,a,
ASN00041110,19980623,PRCP,248,,,a,
ASN00041110,19980624,PRCP,0,,,a,
ASN00041110,19980625,PRCP,0,,,a,
ASN00041110,19980626,PRCP,0,,,a,
ASN00041110,19980627,PRCP,0,,,a,
ASN00041110,19980628,PRCP,0,,,a,
ASN00041110,19980629,PRCP,0,,,a,
ASN00041110,19980630,PRCP,140,,,a,
ASN00041110,19980701,PRCP,40,,,a,
ASN00041110,19980702,PRCP,0,,,a,
ASN00041110,19980703,PRCP,0,,,a,
ASN00041110,19980704,PRCP,0,,,a,
ASN00041110,19980705,PRCP,56,,,a,
ASN00041110,19980706,PRCP,0,,,a,
ASN00041110,19980707,PRCP,0,,,a,
ASN00041110,19980708,PRCP,0,,,a,
ASN00041110,19980709,PRCP,160,,,a,
ASN00041110,19980710,PRCP,0,,,a,
ASN00041110,19980711,PRCP,0,,,a,
ASN00041110,19980712,PRCP,0,,,a,
ASN00041110,19980713,PRCP,12,,,a,
ASN00041110,19980714,PRCP,14,,,a,
ASN00041110,19980715,PRCP,0,,,a,
ASN00041110,19980716,PRCP,0,,,a,
ASN00041110,19980717,PRCP,0,,,a,
ASN00041110,19980718,PRCP,0,,,a,
ASN00041110,19980719,PRCP,124,,,a,
ASN00041110,19980720,PRCP,0,,,a,
ASN00041110,19980721,PRCP,64,,,a,
ASN00041110,19980722,PRCP,0,,,a,
ASN00041110,19980723,PRCP,0,,,a,
ASN00041110,19980724,PRCP,0,,,a,
ASN00041110,19980725,PRCP,0,,,a,
ASN00041110,19980726,PRCP,40,,,a,
ASN00041110,19980727,PRCP,146,,,a,
ASN00041110,19980728,PRCP,246,,,a,
ASN00041110,19980729,PRCP,32,,,a,
ASN00041110,19980730,PRCP,0,,,a,
ASN00041110,19980731,PRCP,0,,,a,
ASN00041110,19980801,PRCP,0,,,a,
ASN00041110,19980802,PRCP,0,,,a,
ASN00041110,19980803,PRCP,0,,,a,
ASN00041110,19980804,PRCP,0,,,a,
ASN00041110,19980805,PRCP,44,,,a,
ASN00041110,19980806,PRCP,122,,,a,
ASN00041110,19980807,PRCP,0,,,a,
ASN00041110,19980808,PRCP,0,,,a,
ASN00041110,19980809,PRCP,0,,,a,
ASN00041110,19980810,PRCP,0,,,a,
ASN00041110,19980811,PRCP,0,,,a,
ASN00041110,19980812,PRCP,0,,,a,
ASN00041110,19980813,PRCP,0,,,a,
ASN00041110,19980814,PRCP,0,,,a,
ASN00041110,19980815,PRCP,0,,,a,
ASN00041110,19980816,PRCP,60,,,a,
ASN00041110,19980817,PRCP,0,,,a,
ASN00041110,19980818,PRCP,0,,,a,
ASN00041110,19980819,PRCP,0,,,a,
ASN00041110,19980820,PRCP,0,,,a,
ASN00041110,19980821,PRCP,0,,,a,
ASN00041110,19980822,PRCP,42,,,a,
ASN00041110,19980823,PRCP,0,,,a,
ASN00041110,19980824,PRCP,34,,,a,
ASN00041110,19980825,PRCP,0,,,a,
ASN00041110,19980826,PRCP,0,,,a,
ASN00041110,19980827,PRCP,980,,,a,
ASN00041110,19980828,PRCP,126,,,a,
ASN00041110,19980829,PRCP,0,,,a,
ASN00041110,19980830,PRCP,0,,,a,
ASN00041110,19980831,PRCP,0,,,a,
ASN00041110,19980901,PRCP,60,,,a,
ASN00041110,19980902,PRCP,64,,,a,
ASN00041110,19980903,PRCP,0,,,a,
ASN00041110,19980904,PRCP,0,,,a,
ASN00041110,19980905,PRCP,0,,,a,
ASN00041110,19980906,PRCP,100,,,a,
ASN00041110,19980907,PRCP,0,,,a,
ASN00041110,19980908,PRCP,0,,,a,
ASN00041110,19980909,PRCP,0,,,a,
ASN00041110,19980910,PRCP,0,,,a,
ASN00041110,19980911,PRCP,250,,,a,
ASN00041110,19980912,PRCP,162,,,a,
ASN00041110,19980913,PRCP,134,,,a,
ASN00041110,19980914,PRCP,0,,,a,
ASN00041110,19980915,PRCP,190,,,a,
ASN00041110,19980916,PRCP,0,,,a,
ASN00041110,19980917,PRCP,0,,,a,
ASN00041110,19980918,PRCP,0,,,a,
ASN00041110,19980919,PRCP,0,,,a,
ASN00041110,19980920,PRCP,0,,,a,
ASN00041110,19980921,PRCP,0,,,a,
ASN00041110,19980922,PRCP,0,,,a,
ASN00041110,19980923,PRCP,0,,,a,
ASN00041110,19980924,PRCP,0,,,a,
ASN00041110,19980925,PRCP,30,,,a,
ASN00041110,19980926,PRCP,0,,,a,
ASN00041110,19980927,PRCP,0,,,a,
ASN00041110,19980928,PRCP,0,,,a,
ASN00041110,19980929,PRCP,0,,,a,
ASN00041110,19980930,PRCP,0,,,a,
ASN00041110,19981001,PRCP,0,,,a,
ASN00041110,19981002,PRCP,0,,,a,
ASN00041110,19981003,PRCP,0,,,a,
ASN00041110,19981004,PRCP,0,,,a,
ASN00041110,19981005,PRCP,0,,,a,
ASN00041110,19981006,PRCP,38,,,a,
ASN00041110,19981007,PRCP,38,,,a,
ASN00041110,19981008,PRCP,0,,,a,
ASN00041110,19981009,PRCP,0,,,a,
ASN00041110,19981010,PRCP,12,,,a,
ASN00041110,19981011,PRCP,0,,,a,
ASN00041110,19981012,PRCP,0,,,a,
ASN00041110,19981013,PRCP,0,,,a,
ASN00041110,19981014,PRCP,0,,,a,
ASN00041110,19981015,PRCP,0,,,a,
ASN00041110,19981016,PRCP,0,,,a,
ASN00041110,19981017,PRCP,0,,,a,
ASN00041110,19981018,PRCP,0,,,a,
ASN00041110,19981019,PRCP,0,,,a,
ASN00041110,19981020,PRCP,0,,,a,
ASN00041110,19981021,PRCP,0,,,a,
ASN00041110,19981022,PRCP,0,,,a,
ASN00041110,19981023,PRCP,0,,,a,
ASN00041110,19981024,PRCP,0,,,a,
ASN00041110,19981025,PRCP,0,,,a,
ASN00041110,19981026,PRCP,180,,,a,
ASN00041110,19981027,PRCP,12,,,a,
ASN00041110,19981028,PRCP,0,,,a,
ASN00041110,19981029,PRCP,0,,,a,
ASN00041110,19981030,PRCP,0,,,a,
ASN00041110,19981031,PRCP,54,,,a,
ASN00041110,19981101,PRCP,0,,,a,
ASN00041110,19981102,PRCP,15,,,a,
ASN00041110,19981103,PRCP,0,,,a,
ASN00041110,19981104,PRCP,0,,,a,
ASN00041110,19981105,PRCP,0,,,a,
ASN00041110,19981106,PRCP,0,,,a,
ASN00041110,19981107,PRCP,0,,,a,
ASN00041110,19981108,PRCP,0,,,a,
ASN00041110,19981109,PRCP,0,,,a,
ASN00041110,19981110,PRCP,10,,,a,
ASN00041110,19981111,PRCP,0,,,a,
ASN00041110,19981112,PRCP,0,,,a,
ASN00041110,19981113,PRCP,20,,,a,
ASN00041110,19981114,PRCP,8,,,a,
ASN00041110,19981115,PRCP,0,,,a,
ASN00041110,19981116,PRCP,0,,,a,
ASN00041110,19981117,PRCP,0,,,a,
ASN00041110,19981118,PRCP,40,,,a,
ASN00041110,19981119,PRCP,0,,,a,
ASN00041110,19981120,PRCP,0,,,a,
ASN00041110,19981121,PRCP,0,,,a,
ASN00041110,19981122,PRCP,130,,,a,
ASN00041110,19981123,PRCP,0,,,a,
ASN00041110,19981124,PRCP,40,,,a,
ASN00041110,19981125,PRCP,130,,,a,
ASN00041110,19981126,PRCP,0,,,a,
ASN00041110,19981127,PRCP,0,,,a,
ASN00041110,19981128,PRCP,0,,,a,
ASN00041110,19981129,PRCP,0,,,a,
ASN00041110,19981130,PRCP,0,,,a,
ASN00041110,19981201,PRCP,0,,,a,
ASN00041110,19981202,PRCP,0,,,a,
ASN00041110,19981203,PRCP,0,,,a,
ASN00041110,19981204,PRCP,0,,,a,
ASN00041110,19981205,PRCP,0,,,a,
ASN00041110,19981206,PRCP,0,,,a,
ASN00041110,19981207,PRCP,0,,,a,
ASN00041110,19981208,PRCP,0,,,a,
ASN00041110,19981209,PRCP,4,,,a,
ASN00041110,19981210,PRCP,0,,,a,
ASN00041110,19981211,PRCP,0,,,a,
ASN00041110,19981212,PRCP,0,,,a,
ASN00041110,19981213,PRCP,0,,,a,
ASN00041110,19981214,PRCP,0,,,a,
ASN00041110,19981215,PRCP,0,,,a,
ASN00041110,19981216,PRCP,90,,,a,
ASN00041110,19981217,PRCP,36,,,a,
ASN00041110,19981218,PRCP,0,,,a,
ASN00041110,19981219,PRCP,0,,,a,
ASN00041110,19981220,PRCP,0,,,a,
ASN00041110,19981221,PRCP,118,,,a,
ASN00041110,19981222,PRCP,0,,,a,
ASN00041110,19981223,PRCP,0,,,a,
ASN00041110,19981224,PRCP,0,,,a,
ASN00041110,19981225,PRCP,0,,,a,
ASN00041110,19981226,PRCP,0,,,a,
ASN00041110,19981227,PRCP,0,,,a,
ASN00041110,19981228,PRCP,0,,,a,
ASN00041110,19981229,PRCP,0,,,a,
ASN00041110,19981230,PRCP,0,,,a,
ASN00041110,19981231,PRCP,150,,,a,
ASN00041110,19990101,PRCP,23,,,a,
ASN00041110,19990102,PRCP,154,,,a,
ASN00041110,19990103,PRCP,0,,,a,
ASN00041110,19990104,PRCP,10,,,a,
ASN00041110,19990105,PRCP,0,,,a,
ASN00041110,19990106,PRCP,0,,,a,
ASN00041110,19990107,PRCP,0,,,a,
ASN00041110,19990108,PRCP,0,,,a,
ASN00041110,19990109,PRCP,0,,,a,
ASN00041110,19990110,PRCP,60,,,a,
ASN00041110,19990111,PRCP,40,,,a,
ASN00041110,19990112,PRCP,78,,,a,
ASN00041110,19990113,PRCP,180,,,a,
ASN00041110,19990114,PRCP,0,,,a,
ASN00041110,19990115,PRCP,0,,,a,
ASN00041110,19990116,PRCP,0,,,a,
ASN00041110,19990117,PRCP,0,,,a,
ASN00041110,19990118,PRCP,0,,,a,
ASN00041110,19990119,PRCP,0,,,a,
ASN00041110,19990120,PRCP,0,,,a,
ASN00041110,19990121,PRCP,0,,,a,
ASN00041110,19990122,PRCP,0,,,a,
ASN00041110,19990123,PRCP,0,,,a,
ASN00041110,19990124,PRCP,0,,,a,
ASN00041110,19990125,PRCP,0,,,a,
ASN00041110,19990126,PRCP,0,,,a,
ASN00041110,19990127,PRCP,0,,,a,
ASN00041110,19990128,PRCP,0,,,a,
ASN00041110,19990129,PRCP,44,,,a,
ASN00041110,19990130,PRCP,0,,,a,
ASN00041110,19990131,PRCP,130,,,a,
ASN00041110,19990201,PRCP,144,,,a,
ASN00041110,19990202,PRCP,422,,,a,
ASN00041110,19990203,PRCP,0,,,a,
ASN00041110,19990204,PRCP,0,,,a,
ASN00041110,19990205,PRCP,0,,,a,
ASN00041110,19990206,PRCP,0,,,a,
ASN00041110,19990207,PRCP,0,,,a,
ASN00041110,19990208,PRCP,26,,,a,
ASN00041110,19990209,PRCP,424,,,a,
ASN00041110,19990210,PRCP,8,,,a,
ASN00041110,19990211,PRCP,0,,,a,
ASN00041110,19990212,PRCP,0,,,a,
ASN00041110,19990213,PRCP,0,,,a,
ASN00041110,19990214,PRCP,0,,,a,
ASN00041110,19990215,PRCP,0,,,a,
ASN00041110,19990216,PRCP,0,,,a,
ASN00041110,19990217,PRCP,0,,,a,
ASN00041110,19990218,PRCP,30,,,a,
ASN00041110,19990219,PRCP,0,,,a,
ASN00041110,19990220,PRCP,0,,,a,
ASN00041110,19990221,PRCP,0,,,a,
ASN00041110,19990222,PRCP,0,,,a,
ASN00041110,19990223,PRCP,0,,,a,
ASN00041110,19990224,PRCP,0,,,a,
ASN00041110,19990225,PRCP,34,,,a,
ASN00041110,19990226,PRCP,0,,,a,
ASN00041110,19990227,PRCP,406,,,a,
ASN00041110,19990228,PRCP,0,,,a,
ASN00041110,19990301,PRCP,62,,,a,
ASN00041110,19990302,PRCP,210,,,a,
ASN00041110,19990303,PRCP,960,,,a,
ASN00041110,19990304,PRCP,448,,,a,
ASN00041110,19990305,PRCP,0,,,a,
ASN00041110,19990306,PRCP,0,,,a,
ASN00041110,19990307,PRCP,0,,,a,
ASN00041110,19990308,PRCP,0,,,a,
ASN00041110,19990309,PRCP,0,,,a,
ASN00041110,19990310,PRCP,0,,,a,
ASN00041110,19990311,PRCP,0,,,a,
ASN00041110,19990312,PRCP,0,,,a,
ASN00041110,19990313,PRCP,0,,,a,
ASN00041110,19990314,PRCP,0,,,a,
ASN00041110,19990315,PRCP,0,,,a,
ASN00041110,19990316,PRCP,0,,,a,
ASN00041110,19990317,PRCP,0,,,a,
ASN00041110,19990318,PRCP,248,,,a,
ASN00041110,19990319,PRCP,0,,,a,
ASN00041110,19990320,PRCP,0,,,a,
ASN00041110,19990321,PRCP,46,,,a,
ASN00041110,19990322,PRCP,0,,,a,
ASN00041110,19990323,PRCP,248,,,a,
ASN00041110,19990324,PRCP,0,,,a,
ASN00041110,19990325,PRCP,0,,,a,
ASN00041110,19990326,PRCP,0,,,a,
ASN00041110,19990327,PRCP,0,,,a,
ASN00041110,19990328,PRCP,0,,,a,
ASN00041110,19990329,PRCP,0,,,a,
ASN00041110,19990330,PRCP,0,,,a,
ASN00041110,19990331,PRCP,0,,,a,
ASN00041110,19990401,PRCP,0,,,a,
ASN00041110,19990402,PRCP,0,,,a,
ASN00041110,19990403,PRCP,0,,,a,
ASN00041110,19990404,PRCP,0,,,a,
ASN00041110,19990405,PRCP,36,,,a,
ASN00041110,19990406,PRCP,38,,,a,
ASN00041110,19990407,PRCP,0,,,a,
ASN00041110,19990408,PRCP,0,,,a,
ASN00041110,19990409,PRCP,0,,,a,
ASN00041110,19990410,PRCP,0,,,a,
ASN00041110,19990411,PRCP,0,,,a,
ASN00041110,19990412,PRCP,0,,,a,
ASN00041110,19990413,PRCP,0,,,a,
ASN00041110,19990414,PRCP,0,,,a,
ASN00041110,19990415,PRCP,0,,,a,
ASN00041110,19990416,PRCP,0,,,a,
ASN00041110,19990417,PRCP,0,,,a,
ASN00041110,19990418,PRCP,84,,,a,
ASN00041110,19990419,PRCP,0,,,a,
ASN00041110,19990420,PRCP,0,,,a,
ASN00041110,19990421,PRCP,0,,,a,
ASN00041110,19990422,PRCP,0,,,a,
ASN00041110,19990423,PRCP,0,,,a,
ASN00041110,19990424,PRCP,0,,,a,
ASN00041110,19990425,PRCP,0,,,a,
ASN00041110,19990426,PRCP,0,,,a,
ASN00041110,19990427,PRCP,0,,,a,
ASN00041110,19990428,PRCP,0,,,a,
ASN00041110,19990429,PRCP,0,,,a,
ASN00041110,19990430,PRCP,0,,,a,
ASN00041110,19990501,PRCP,0,,,a,
ASN00041110,19990502,PRCP,32,,,a,
ASN00041110,19990503,PRCP,0,,,a,
ASN00041110,19990504,PRCP,0,,,a,
ASN00041110,19990505,PRCP,0,,,a,
ASN00041110,19990506,PRCP,0,,,a,
ASN00041110,19990507,PRCP,0,,,a,
ASN00041110,19990508,PRCP,0,,,a,
ASN00041110,19990509,PRCP,0,,,a,
ASN00041110,19990510,PRCP,0,,,a,
ASN00041110,19990511,PRCP,34,,,a,
ASN00041110,19990512,PRCP,18,,,a,
ASN00041110,19990513,PRCP,0,,,a,
ASN00041110,19990514,PRCP,110,,,a,
ASN00041110,19990515,PRCP,0,,,a,
ASN00041110,19990516,PRCP,0,,,a,
ASN00041110,19990517,PRCP,0,,,a,
ASN00041110,19990518,PRCP,0,,,a,
ASN00041110,19990519,PRCP,0,,,a,
ASN00041110,19990520,PRCP,0,,,a,
ASN00041110,19990521,PRCP,0,,,a,
ASN00041110,19990522,PRCP,0,,,a,
ASN00041110,19990523,PRCP,10,,,a,
ASN00041110,19990524,PRCP,0,,,a,
ASN00041110,19990525,PRCP,0,,,a,
ASN00041110,19990526,PRCP,0,,,a,
ASN00041110,19990527,PRCP,0,,,a,
ASN00041110,19990528,PRCP,0,,,a,
ASN00041110,19990529,PRCP,0,,,a,
ASN00041110,19990530,PRCP,0,,,a,
ASN00041110,19990531,PRCP,0,,,a,
ASN00041110,19990601,PRCP,0,,,a,
ASN00041110,19990602,PRCP,0,,,a,
ASN00041110,19990603,PRCP,0,,,a,
ASN00041110,19990604,PRCP,0,,,a,
ASN00041110,19990605,PRCP,0,,,a,
ASN00041110,19990606,PRCP,0,,,a,
ASN00041110,19990607,PRCP,0,,,a,
ASN00041110,19990608,PRCP,0,,,a,
ASN00041110,19990609,PRCP,0,,,a,
ASN00041110,19990610,PRCP,102,,,a,
ASN00041110,19990611,PRCP,0,,,a,
ASN00041110,19990612,PRCP,0,,,a,
ASN00041110,19990613,PRCP,0,,,a,
ASN00041110,19990614,PRCP,0,,,a,
ASN00041110,19990615,PRCP,0,,,a,
ASN00041110,19990616,PRCP,0,,,a,
ASN00041110,19990617,PRCP,0,,,a,
ASN00041110,19990618,PRCP,0,,,a,
ASN00041110,19990619,PRCP,0,,,a,
ASN00041110,19990620,PRCP,0,,,a,
ASN00041110,19990621,PRCP,0,,,a,
ASN00041110,19990622,PRCP,0,,,a,
ASN00041110,19990623,PRCP,40,,,a,
ASN00041110,19990624,PRCP,0,,,a,
ASN00041110,19990625,PRCP,0,,,a,
ASN00041110,19990626,PRCP,0,,,a,
ASN00041110,19990627,PRCP,0,,,a,
ASN00041110,19990628,PRCP,4,,,a,
ASN00041110,19990629,PRCP,0,,,a,
ASN00041110,19990630,PRCP,0,,,a,
ASN00041110,19990701,PRCP,324,,,a,
ASN00041110,19990702,PRCP,0,,,a,
ASN00041110,19990703,PRCP,0,,,a,
ASN00041110,19990704,PRCP,0,,,a,
ASN00041110,19990705,PRCP,0,,,a,
ASN00041110,19990706,PRCP,0,,,a,
ASN00041110,19990707,PRCP,0,,,a,
ASN00041110,19990708,PRCP,0,,,a,
ASN00041110,19990709,PRCP,0,,,a,
ASN00041110,19990710,PRCP,0,,,a,
ASN00041110,19990711,PRCP,0,,,a,
ASN00041110,19990712,PRCP,0,,,a,
ASN00041110,19990713,PRCP,10,,,a,
ASN00041110,19990714,PRCP,0,,,a,
ASN00041110,19990715,PRCP,10,,,a,
ASN00041110,19990716,PRCP,0,,,a,
ASN00041110,19990717,PRCP,82,,,a,
ASN00041110,19990718,PRCP,0,,,a,
ASN00041110,19990719,PRCP,0,,,a,
ASN00041110,19990720,PRCP,0,,,a,
ASN00041110,19990721,PRCP,0,,,a,
ASN00041110,19990722,PRCP,0,,,a,
ASN00041110,19990723,PRCP,0,,,a,
ASN00041110,19990724,PRCP,124,,,a,
ASN00041110,19990725,PRCP,120,,,a,
ASN00041110,19990726,PRCP,0,,,a,
ASN00041110,19990727,PRCP,0,,,a,
ASN00041110,19990728,PRCP,0,,,a,
ASN00041110,19990729,PRCP,0,,,a,
ASN00041110,19990730,PRCP,0,,,a,
ASN00041110,19990731,PRCP,0,,,a,
ASN00041110,19990801,PRCP,0,,,a,
ASN00041110,19990802,PRCP,0,,,a,
ASN00041110,19990803,PRCP,0,,,a,
ASN00041110,19990804,PRCP,0,,,a,
ASN00041110,19990805,PRCP,0,,,a,
ASN00041110,19990806,PRCP,0,,,a,
ASN00041110,19990807,PRCP,0,,,a,
ASN00041110,19990808,PRCP,0,,,a,
ASN00041110,19990809,PRCP,26,,,a,
ASN00041110,19990810,PRCP,0,,,a,
ASN00041110,19990811,PRCP,0,,,a,
ASN00041110,19990812,PRCP,0,,,a,
ASN00041110,19990813,PRCP,0,,,a,
ASN00041110,19990814,PRCP,0,,,a,
ASN00041110,19990815,PRCP,0,,,a,
ASN00041110,19990816,PRCP,0,,,a,
ASN00041110,19990817,PRCP,0,,,a,
ASN00041110,19990818,PRCP,0,,,a,
ASN00041110,19990819,PRCP,0,,,a,
ASN00041110,19990820,PRCP,0,,,a,
ASN00041110,19990821,PRCP,0,,,a,
ASN00041110,19990822,PRCP,0,,,a,
ASN00041110,19990823,PRCP,0,,,a,
ASN00041110,19990824,PRCP,0,,,a,
ASN00041110,19990825,PRCP,4,,,a,
ASN00041110,19990826,PRCP,0,,,a,
ASN00041110,19990827,PRCP,46,,,a,
ASN00041110,19990828,PRCP,100,,,a,
ASN00041110,19990829,PRCP,0,,,a,
ASN00041110,19990830,PRCP,10,,,a,
ASN00041110,19990831,PRCP,0,,,a,
ASN00041110,19990901,PRCP,0,,,a,
ASN00041110,19990902,PRCP,0,,,a,
ASN00041110,19990903,PRCP,20,,,a,
ASN00041110,19990904,PRCP,0,,,a,
ASN00041110,19990905,PRCP,0,,,a,
ASN00041110,19990906,PRCP,4,,,a,
ASN00041110,19990907,PRCP,0,,,a,
ASN00041110,19990908,PRCP,0,,,a,
ASN00041110,19990909,PRCP,0,,,a,
ASN00041110,19990910,PRCP,10,,,a,
ASN00041110,19990911,PRCP,0,,,a,
ASN00041110,19990912,PRCP,0,,,a,
ASN00041110,19990913,PRCP,0,,,a,
ASN00041110,19990914,PRCP,0,,,a,
ASN00041110,19990915,PRCP,0,,,a,
ASN00041110,19990916,PRCP,0,,,a,
ASN00041110,19990917,PRCP,0,,,a,
ASN00041110,19990918,PRCP,0,,,a,
ASN00041110,19990919,PRCP,0,,,a,
ASN00041110,19990920,PRCP,0,,,a,
ASN00041110,19990921,PRCP,0,,,a,
ASN00041110,19990922,PRCP,0,,,a,
ASN00041110,19990923,PRCP,0,,,a,
ASN00041110,19990924,PRCP,0,,,a,
ASN00041110,19990925,PRCP,0,,,a,
ASN00041110,19990926,PRCP,0,,,a,
ASN00041110,19990927,PRCP,0,,,a,
ASN00041110,19990928,PRCP,0,,,a,
ASN00041110,19990929,PRCP,4,,,a,
ASN00041110,19990930,PRCP,0,,,a,
ASN00041110,19991001,PRCP,0,,,a,
ASN00041110,19991002,PRCP,0,,,a,
ASN00041110,19991003,PRCP,0,,,a,
ASN00041110,19991004,PRCP,0,,,a,
ASN00041110,19991005,PRCP,90,,,a,
ASN00041110,19991006,PRCP,0,,,a,
ASN00041110,19991007,PRCP,0,,,a,
ASN00041110,19991008,PRCP,0,,,a,
ASN00041110,19991009,PRCP,0,,,a,
ASN00041110,19991010,PRCP,0,,,a,
ASN00041110,19991011,PRCP,0,,,a,
ASN00041110,19991012,PRCP,0,,,a,
ASN00041110,19991013,PRCP,0,,,a,
ASN00041110,19991014,PRCP,110,,,a,
ASN00041110,19991015,PRCP,42,,,a,
ASN00041110,19991016,PRCP,0,,,a,
ASN00041110,19991017,PRCP,0,,,a,
ASN00041110,19991018,PRCP,0,,,a,
ASN00041110,19991019,PRCP,0,,,a,
ASN00041110,19991020,PRCP,0,,,a,
ASN00041110,19991021,PRCP,0,,,a,
ASN00041110,19991022,PRCP,0,,,a,
ASN00041110,19991023,PRCP,0,,,a,
ASN00041110,19991024,PRCP,230,,,a,
ASN00041110,19991025,PRCP,0,,,a,
ASN00041110,19991026,PRCP,0,,,a,
ASN00041110,19991027,PRCP,0,,,a,
ASN00041110,19991028,PRCP,86,,,a,
ASN00041110,19991029,PRCP,0,,,a,
ASN00041110,19991030,PRCP,0,,,a,
ASN00041110,19991031,PRCP,0,,,a,
ASN00041110,19991101,PRCP,590,,,a,
ASN00041110,19991102,PRCP,0,,,a,
ASN00041110,19991103,PRCP,0,,,a,
ASN00041110,19991104,PRCP,0,,,a,
ASN00041110,19991105,PRCP,0,,,a,
ASN00041110,19991106,PRCP,0,,,a,
ASN00041110,19991107,PRCP,200,,,a,
ASN00041110,19991108,PRCP,28,,,a,
ASN00041110,19991109,PRCP,230,,,a,
ASN00041110,19991110,PRCP,0,,,a,
ASN00041110,19991111,PRCP,0,,,a,
ASN00041110,19991112,PRCP,0,,,a,
ASN00041110,19991113,PRCP,0,,,a,
ASN00041110,19991114,PRCP,0,,,a,
ASN00041110,19991115,PRCP,0,,,a,
ASN00041110,19991116,PRCP,26,,,a,
ASN00041110,19991117,PRCP,8,,,a,
ASN00041110,19991118,PRCP,0,,,a,
ASN00041110,19991119,PRCP,12,,,a,
ASN00041110,19991120,PRCP,0,,,a,
ASN00041110,19991121,PRCP,14,,,a,
ASN00041110,19991122,PRCP,0,,,a,
ASN00041110,19991123,PRCP,10,,,a,
ASN00041110,19991124,PRCP,0,,,a,
ASN00041110,19991125,PRCP,0,,,a,
ASN00041110,19991126,PRCP,0,,,a,
ASN00041110,19991127,PRCP,0,,,a,
ASN00041110,19991128,PRCP,0,,,a,
ASN00041110,19991129,PRCP,0,,,a,
ASN00041110,19991130,PRCP,0,,,a,
ASN00041110,19991201,PRCP,0,,,a,
ASN00041110,19991202,PRCP,0,,,a,
ASN00041110,19991203,PRCP,0,,,a,
ASN00041110,19991204,PRCP,0,,,a,
ASN00041110,19991205,PRCP,0,,,a,
ASN00041110,19991206,PRCP,0,,,a,
ASN00041110,19991207,PRCP,0,,,a,
ASN00041110,19991208,PRCP,0,,,a,
ASN00041110,19991209,PRCP,0,,,a,
ASN00041110,19991210,PRCP,0,,,a,
ASN00041110,19991211,PRCP,0,,,a,
ASN00041110,19991212,PRCP,250,,,a,
ASN00041110,19991213,PRCP,0,,,a,
ASN00041110,19991214,PRCP,0,,,a,
ASN00041110,19991215,PRCP,0,,,a,
ASN00041110,19991216,PRCP,0,,,a,
ASN00041110,19991217,PRCP,0,,,a,
ASN00041110,19991220,PRCP,0,,,a,
ASN00041110,19991221,PRCP,0,,,a,
ASN00041110,19991222,PRCP,0,,,a,
ASN00041110,19991223,PRCP,0,,,a,
ASN00041110,19991224,PRCP,0,,,a,
ASN00041110,19991225,PRCP,0,,,a,
ASN00041110,19991226,PRCP,0,,,a,
ASN00041110,19991227,PRCP,258,,,a,
ASN00041110,19991228,PRCP,404,,,a,
ASN00041110,19991229,PRCP,136,,,a,
ASN00041110,19991230,PRCP,0,,,a,
ASN00041110,19991231,PRCP,0,,,a,
ASN00041110,19991219,DAPR,2,,,a,
ASN00041110,19991219,DWPR,2,,,a,
ASN00041110,19991219,MDPR,470,,,a,
ASN00041110,20000101,PRCP,0,,,a,
ASN00041110,20000102,PRCP,0,,,a,
ASN00041110,20000103,PRCP,4,,,a,
ASN00041110,20000104,PRCP,0,,,a,
ASN00041110,20000105,PRCP,80,,,a,
ASN00041110,20000106,PRCP,0,,,a,
ASN00041110,20000107,PRCP,0,,,a,
ASN00041110,20000108,PRCP,0,,,a,
ASN00041110,20000109,PRCP,380,,,a,
ASN00041110,20000110,PRCP,0,,,a,
ASN00041110,20000111,PRCP,0,,,a,
ASN00041110,20000112,PRCP,0,,,a,
ASN00041110,20000113,PRCP,0,,,a,
ASN00041110,20000114,PRCP,0,,,a,
ASN00041110,20000115,PRCP,50,,,a,
ASN00041110,20000116,PRCP,0,,,a,
ASN00041110,20000117,PRCP,0,,,a,
ASN00041110,20000118,PRCP,42,,,a,
ASN00041110,20000119,PRCP,0,,,a,
ASN00041110,20000120,PRCP,0,,,a,
ASN00041110,20000121,PRCP,0,,,a,
ASN00041110,20000122,PRCP,0,,,a,
ASN00041110,20000123,PRCP,0,,,a,
ASN00041110,20000124,PRCP,0,,,a,
ASN00041110,20000125,PRCP,0,,,a,
ASN00041110,20000126,PRCP,0,,,a,
ASN00041110,20000127,PRCP,0,,,a,
ASN00041110,20000128,PRCP,480,,,a,
ASN00041110,20000129,PRCP,0,,,a,
ASN00041110,20000130,PRCP,0,,,a,
ASN00041110,20000131,PRCP,0,,,a,
ASN00041110,20000201,PRCP,0,,,a,
ASN00041110,20000202,PRCP,0,,,a,
ASN00041110,20000203,PRCP,0,,,a,
ASN00041110,20000204,PRCP,0,,,a,
ASN00041110,20000205,PRCP,0,,,a,
ASN00041110,20000206,PRCP,0,,,a,
ASN00041110,20000207,PRCP,0,,,a,
ASN00041110,20000208,PRCP,0,,,a,
ASN00041110,20000209,PRCP,0,,,a,
ASN00041110,20000210,PRCP,0,,,a,
ASN00041110,20000211,PRCP,0,,,a,
ASN00041110,20000212,PRCP,0,,,a,
ASN00041110,20000213,PRCP,26,,,a,
ASN00041110,20000214,PRCP,426,,,a,
ASN00041110,20000215,PRCP,14,,,a,
ASN00041110,20000216,PRCP,0,,,a,
ASN00041110,20000217,PRCP,0,,,a,
ASN00041110,20000218,PRCP,0,,,a,
ASN00041110,20000219,PRCP,0,,,a,
ASN00041110,20000220,PRCP,0,,,a,
ASN00041110,20000221,PRCP,0,,,a,
ASN00041110,20000222,PRCP,0,,,a,
ASN00041110,20000223,PRCP,0,,,a,
ASN00041110,20000224,PRCP,0,,,a,
ASN00041110,20000225,PRCP,0,,,a,
ASN00041110,20000226,PRCP,0,,,a,
ASN00041110,20000227,PRCP,0,,,a,
ASN00041110,20000228,PRCP,0,,,a,
ASN00041110,20000229,PRCP,0,,,a,
ASN00041110,20000301,PRCP,0,,,a,
ASN00041110,20000302,PRCP,0,,,a,
ASN00041110,20000303,PRCP,0,,,a,
ASN00041110,20000304,PRCP,0,,,a,
ASN00041110,20000305,PRCP,0,,,a,
ASN00041110,20000306,PRCP,0,,,a,
ASN00041110,20000307,PRCP,0,,,a,
ASN00041110,20000308,PRCP,36,,,a,
ASN00041110,20000309,PRCP,16,,,a,
ASN00041110,20000310,PRCP,0,,,a,
ASN00041110,20000311,PRCP,0,,,a,
ASN00041110,20000312,PRCP,0,,,a,
ASN00041110,20000313,PRCP,0,,,a,
ASN00041110,20000314,PRCP,0,,,a,
ASN00041110,20000315,PRCP,0,,,a,
ASN00041110,20000316,PRCP,0,,,a,
ASN00041110,20000317,PRCP,0,,,a,
ASN00041110,20000318,PRCP,0,,,a,
ASN00041110,20000319,PRCP,0,,,a,
ASN00041110,20000320,PRCP,0,,,a,
ASN00041110,20000321,PRCP,0,,,a,
ASN00041110,20000322,PRCP,0,,,a,
ASN00041110,20000323,PRCP,82,,,a,
ASN00041110,20000324,PRCP,100,,,a,
ASN00041110,20000325,PRCP,0,,,a,
ASN00041110,20000326,PRCP,0,,,a,
ASN00041110,20000327,PRCP,0,,,a,
ASN00041110,20000328,PRCP,0,,,a,
ASN00041110,20000329,PRCP,0,,,a,
ASN00041110,20000330,PRCP,0,,,a,
ASN00041110,20000331,PRCP,0,,,a,
ASN00041110,20000401,PRCP,0,,,a,
ASN00041110,20000402,PRCP,0,,,a,
ASN00041110,20000403,PRCP,0,,,a,
ASN00041110,20000404,PRCP,0,,,a,
ASN00041110,20000405,PRCP,0,,,a,
ASN00041110,20000406,PRCP,186,,,a,
ASN00041110,20000407,PRCP,0,,,a,
ASN00041110,20000408,PRCP,0,,,a,
ASN00041110,20000409,PRCP,0,,,a,
ASN00041110,20000410,PRCP,0,,,a,
ASN00041110,20000411,PRCP,0,,,a,
ASN00041110,20000412,PRCP,0,,,a,
ASN00041110,20000413,PRCP,0,,,a,
ASN00041110,20000414,PRCP,0,,,a,
ASN00041110,20000415,PRCP,0,,,a,
ASN00041110,20000416,PRCP,0,,,a,
ASN00041110,20000417,PRCP,54,,,a,
ASN00041110,20000418,PRCP,0,,,a,
ASN00041110,20000419,PRCP,0,,,a,
ASN00041110,20000420,PRCP,0,,,a,
ASN00041110,20000421,PRCP,0,,,a,
ASN00041110,20000422,PRCP,0,,,a,
ASN00041110,20000423,PRCP,0,,,a,
ASN00041110,20000424,PRCP,0,,,a,
ASN00041110,20000425,PRCP,0,,,a,
ASN00041110,20000426,PRCP,0,,,a,
ASN00041110,20000427,PRCP,0,,,a,
ASN00041110,20000428,PRCP,0,,,a,
ASN00041110,20000429,PRCP,0,,,a,
ASN00041110,20000430,PRCP,0,,,a,
ASN00041110,20000501,PRCP,0,,,a,
ASN00041110,20000502,PRCP,0,,,a,
ASN00041110,20000503,PRCP,0,,,a,
ASN00041110,20000504,PRCP,0,,,a,
ASN00041110,20000505,PRCP,0,,,a,
ASN00041110,20000506,PRCP,26,,,a,
ASN00041110,20000507,PRCP,0,,,a,
ASN00041110,20000508,PRCP,0,,,a,
ASN00041110,20000509,PRCP,0,,,a,
ASN00041110,20000510,PRCP,0,,,a,
ASN00041110,20000511,PRCP,0,,,a,
ASN00041110,20000512,PRCP,0,,,a,
ASN00041110,20000513,PRCP,0,,,a,
ASN00041110,20000514,PRCP,0,,,a,
ASN00041110,20000515,PRCP,0,,,a,
ASN00041110,20000516,PRCP,0,,,a,
ASN00041110,20000517,PRCP,0,,,a,
ASN00041110,20000518,PRCP,0,,,a,
ASN00041110,20000519,PRCP,0,,,a,
ASN00041110,20000520,PRCP,0,,,a,
ASN00041110,20000521,PRCP,0,,,a,
ASN00041110,20000522,PRCP,0,,,a,
ASN00041110,20000523,PRCP,0,,,a,
ASN00041110,20000524,PRCP,0,,,a,
ASN00041110,20000525,PRCP,0,,,a,
ASN00041110,20000526,PRCP,0,,,a,
ASN00041110,20000527,PRCP,220,,,a,
ASN00041110,20000528,PRCP,0,,,a,
ASN00041110,20000529,PRCP,0,,,a,
ASN00041110,20000530,PRCP,0,,,a,
ASN00041110,20000531,PRCP,0,,,a,
ASN00041110,20000601,PRCP,0,,,a,
ASN00041110,20000602,PRCP,0,,,a,
ASN00041110,20000603,PRCP,0,,,a,
ASN00041110,20000604,PRCP,0,,,a,
ASN00041110,20000605,PRCP,0,,,a,
ASN00041110,20000606,PRCP,0,,,a,
ASN00041110,20000607,PRCP,0,,,a,
ASN00041110,20000608,PRCP,0,,,a,
ASN00041110,20000609,PRCP,0,,,a,
ASN00041110,20000610,PRCP,0,,,a,
ASN00041110,20000611,PRCP,152,,,a,
ASN00041110,20000612,PRCP,74,,,a,
ASN00041110,20000613,PRCP,0,,,a,
ASN00041110,20000614,PRCP,0,,,a,
ASN00041110,20000615,PRCP,0,,,a,
ASN00041110,20000616,PRCP,0,,,a,
ASN00041110,20000617,PRCP,0,,,a,
ASN00041110,20000618,PRCP,0,,,a,
ASN00041110,20000619,PRCP,0,,,a,
ASN00041110,20000620,PRCP,35,,,a,
ASN00041110,20000621,PRCP,0,,,a,
ASN00041110,20000622,PRCP,0,,,a,
ASN00041110,20000623,PRCP,0,,,a,
ASN00041110,20000624,PRCP,0,,,a,
ASN00041110,20000625,PRCP,0,,,a,
ASN00041110,20000626,PRCP,0,,,a,
ASN00041110,20000627,PRCP,0,,,a,
ASN00041110,20000628,PRCP,0,,,a,
ASN00041110,20000629,PRCP,14,,,a,
ASN00041110,20000630,PRCP,0,,,a,
ASN00041110,20000701,PRCP,0,,,a,
ASN00041110,20000702,PRCP,0,,,a,
ASN00041110,20000703,PRCP,0,,,a,
ASN00041110,20000704,PRCP,0,,,a,
ASN00041110,20000705,PRCP,0,,,a,
ASN00041110,20000706,PRCP,0,,,a,
ASN00041110,20000707,PRCP,0,,,a,
ASN00041110,20000708,PRCP,0,,,a,
ASN00041110,20000709,PRCP,0,,,a,
ASN00041110,20000710,PRCP,0,,,a,
ASN00041110,20000711,PRCP,110,,,a,
ASN00041110,20000712,PRCP,0,,,a,
ASN00041110,20000713,PRCP,0,,,a,
ASN00041110,20000714,PRCP,0,,,a,
ASN00041110,20000715,PRCP,0,,,a,
ASN00041110,20000716,PRCP,0,,,a,
ASN00041110,20000717,PRCP,0,,,a,
ASN00041110,20000718,PRCP,0,,,a,
ASN00041110,20000719,PRCP,0,,,a,
ASN00041110,20000720,PRCP,0,,,a,
ASN00041110,20000721,PRCP,0,,,a,
ASN00041110,20000722,PRCP,0,,,a,
ASN00041110,20000723,PRCP,0,,,a,
ASN00041110,20000724,PRCP,0,,,a,
ASN00041110,20000725,PRCP,0,,,a,
ASN00041110,20000726,PRCP,0,,,a,
ASN00041110,20000727,PRCP,14,,,a,
ASN00041110,20000728,PRCP,0,,,a,
ASN00041110,20000729,PRCP,0,,,a,
ASN00041110,20000730,PRCP,0,,,a,
ASN00041110,20000731,PRCP,0,,,a,
ASN00041110,20000801,PRCP,0,,,a,
ASN00041110,20000802,PRCP,0,,,a,
ASN00041110,20000803,PRCP,0,,,a,
ASN00041110,20000804,PRCP,0,,,a,
ASN00041110,20000805,PRCP,0,,,a,
ASN00041110,20000806,PRCP,0,,,a,
ASN00041110,20000807,PRCP,0,,,a,
ASN00041110,20000808,PRCP,0,,,a,
ASN00041110,20000809,PRCP,0,,,a,
ASN00041110,20000810,PRCP,0,,,a,
ASN00041110,20000811,PRCP,0,,,a,
ASN00041110,20000812,PRCP,0,,,a,
ASN00041110,20000813,PRCP,0,,,a,
ASN00041110,20000814,PRCP,42,,,a,
ASN00041110,20000815,PRCP,0,,,a,
ASN00041110,20000816,PRCP,0,,,a,
ASN00041110,20000817,PRCP,0,,,a,
ASN00041110,20000818,PRCP,0,,,a,
ASN00041110,20000819,PRCP,0,,,a,
ASN00041110,20000820,PRCP,0,,,a,
ASN00041110,20000821,PRCP,0,,,a,
ASN00041110,20000822,PRCP,0,,,a,
ASN00041110,20000823,PRCP,0,,,a,
ASN00041110,20000824,PRCP,0,,,a,
ASN00041110,20000825,PRCP,0,,,a,
ASN00041110,20000826,PRCP,0,,,a,
ASN00041110,20000827,PRCP,0,,,a,
ASN00041110,20000828,PRCP,0,,,a,
ASN00041110,20000829,PRCP,10,,,a,
ASN00041110,20000830,PRCP,0,,,a,
ASN00041110,20000831,PRCP,0,,,a,
ASN00041110,20000901,PRCP,0,,,a,
ASN00041110,20000902,PRCP,56,,,a,
ASN00041110,20000903,PRCP,0,,,a,
ASN00041110,20000904,PRCP,0,,,a,
ASN00041110,20000905,PRCP,0,,,a,
ASN00041110,20000906,PRCP,0,,,a,
ASN00041110,20000907,PRCP,0,,,a,
ASN00041110,20000908,PRCP,0,,,a,
ASN00041110,20000909,PRCP,0,,,a,
ASN00041110,20000910,PRCP,0,,,a,
ASN00041110,20000911,PRCP,0,,,a,
ASN00041110,20000912,PRCP,0,,,a,
ASN00041110,20000913,PRCP,0,,,a,
ASN00041110,20000914,PRCP,0,,,a,
ASN00041110,20000915,PRCP,0,,,a,
ASN00041110,20000916,PRCP,0,,,a,
ASN00041110,20000917,PRCP,0,,,a,
ASN00041110,20000918,PRCP,0,,,a,
ASN00041110,20000919,PRCP,0,,,a,
ASN00041110,20000920,PRCP,0,,,a,
ASN00041110,20000921,PRCP,0,,,a,
ASN00041110,20000922,PRCP,0,,,a,
ASN00041110,20000923,PRCP,0,,,a,
ASN00041110,20000924,PRCP,1,,,a,
ASN00041110,20000925,PRCP,0,,,a,
ASN00041110,20000926,PRCP,0,,,a,
ASN00041110,20000927,PRCP,0,,,a,
ASN00041110,20000928,PRCP,0,,,a,
ASN00041110,20000929,PRCP,0,,,a,
ASN00041110,20000930,PRCP,0,,,a,
ASN00041110,20001001,PRCP,0,,,a,
ASN00041110,20001002,PRCP,0,,,a,
ASN00041110,20001003,PRCP,0,,,a,
ASN00041110,20001004,PRCP,0,,,a,
ASN00041110,20001005,PRCP,0,,,a,
ASN00041110,20001006,PRCP,0,,,a,
ASN00041110,20001007,PRCP,0,,,a,
ASN00041110,20001008,PRCP,0,,,a,
ASN00041110,20001009,PRCP,0,,,a,
ASN00041110,20001010,PRCP,0,,,a,
ASN00041110,20001011,PRCP,88,,,a,
ASN00041110,20001012,PRCP,0,,,a,
ASN00041110,20001013,PRCP,0,,,a,
ASN00041110,20001014,PRCP,120,,,a,
ASN00041110,20001015,PRCP,0,,,a,
ASN00041110,20001016,PRCP,0,,,a,
ASN00041110,20001017,PRCP,0,,,a,
ASN00041110,20001018,PRCP,0,,,a,
ASN00041110,20001019,PRCP,0,,,a,
ASN00041110,20001020,PRCP,0,,,a,
ASN00041110,20001021,PRCP,0,,,a,
ASN00041110,20001022,PRCP,0,,,a,
ASN00041110,20001023,PRCP,0,,,a,
ASN00041110,20001024,PRCP,0,,,a,
ASN00041110,20001025,PRCP,70,,,a,
ASN00041110,20001026,PRCP,40,,,a,
ASN00041110,20001027,PRCP,0,,,a,
ASN00041110,20001028,PRCP,0,,,a,
ASN00041110,20001029,PRCP,0,,,a,
ASN00041110,20001030,PRCP,30,,,a,
ASN00041110,20001031,PRCP,14,,,a,
ASN00041110,20001101,PRCP,0,,,a,
ASN00041110,20001102,PRCP,100,,,a,
ASN00041110,20001103,PRCP,22,,,a,
ASN00041110,20001104,PRCP,0,,,a,
ASN00041110,20001105,PRCP,0,,,a,
ASN00041110,20001106,PRCP,20,,,a,
ASN00041110,20001107,PRCP,0,,,a,
ASN00041110,20001108,PRCP,0,,,a,
ASN00041110,20001109,PRCP,0,,,a,
ASN00041110,20001110,PRCP,0,,,a,
ASN00041110,20001111,PRCP,0,,,a,
ASN00041110,20001112,PRCP,0,,,a,
ASN00041110,20001113,PRCP,0,,,a,
ASN00041110,20001114,PRCP,14,,,a,
ASN00041110,20001115,PRCP,102,,,a,
ASN00041110,20001116,PRCP,10,,,a,
ASN00041110,20001117,PRCP,10,,,a,
ASN00041110,20001118,PRCP,40,,,a,
ASN00041110,20001119,PRCP,0,,,a,
ASN00041110,20001120,PRCP,20,,,a,
ASN00041110,20001121,PRCP,82,,,a,
ASN00041110,20001122,PRCP,18,,,a,
ASN00041110,20001123,PRCP,0,,,a,
ASN00041110,20001124,PRCP,0,,,a,
ASN00041110,20001125,PRCP,0,,,a,
ASN00041110,20001126,PRCP,0,,,a,
ASN00041110,20001127,PRCP,0,,,a,
ASN00041110,20001128,PRCP,0,,,a,
ASN00041110,20001129,PRCP,0,,,a,
ASN00041110,20001130,PRCP,0,,,a,
ASN00041110,20001201,PRCP,0,,,a,
ASN00041110,20001202,PRCP,0,,,a,
ASN00041110,20001203,PRCP,0,,,a,
ASN00041110,20001204,PRCP,0,,,a,
ASN00041110,20001205,PRCP,0,,,a,
ASN00041110,20001206,PRCP,0,,,a,
ASN00041110,20001207,PRCP,0,,,a,
ASN00041110,20001208,PRCP,0,,,a,
ASN00041110,20001209,PRCP,20,,,a,
ASN00041110,20001210,PRCP,0,,,a,
ASN00041110,20001211,PRCP,100,,,a,
ASN00041110,20001212,PRCP,0,,,a,
ASN00041110,20001213,PRCP,25,,,a,
ASN00041110,20001214,PRCP,82,,,a,
ASN00041110,20001215,PRCP,2,,,a,
ASN00041110,20001216,PRCP,0,,,a,
ASN00041110,20001217,PRCP,0,,,a,
ASN00041110,20001218,PRCP,0,,,a,
ASN00041110,20001219,PRCP,0,,,a,
ASN00041110,20001220,PRCP,0,,,a,
ASN00041110,20001221,PRCP,0,,,a,
ASN00041110,20001222,PRCP,0,,,a,
ASN00041110,20001223,PRCP,0,,,a,
ASN00041110,20001224,PRCP,0,,,a,
ASN00041110,20001225,PRCP,0,,,a,
ASN00041110,20001226,PRCP,0,,,a,
ASN00041110,20001227,PRCP,48,,,a,
ASN00041110,20001228,PRCP,38,,,a,
ASN00041110,20001229,PRCP,146,,,a,
ASN00041110,20001230,PRCP,0,,,a,
ASN00041110,20001231,PRCP,0,,,a,
ASN00041110,20010101,PRCP,0,,,a,
ASN00041110,20010102,PRCP,0,,,a,
ASN00041110,20010103,PRCP,0,,,a,
ASN00041110,20010104,PRCP,0,,,a,
ASN00041110,20010105,PRCP,0,,,a,
ASN00041110,20010106,PRCP,0,,,a,
ASN00041110,20010107,PRCP,0,,,a,
ASN00041110,20010108,PRCP,0,,,a,
ASN00041110,20010109,PRCP,50,,,a,
ASN00041110,20010110,PRCP,0,,,a,
ASN00041110,20010111,PRCP,0,,,a,
ASN00041110,20010112,PRCP,0,,,a,
ASN00041110,20010113,PRCP,0,,,a,
ASN00041110,20010114,PRCP,0,,,a,
ASN00041110,20010115,PRCP,0,,,a,
ASN00041110,20010116,PRCP,0,,,a,
ASN00041110,20010117,PRCP,96,,,a,
ASN00041110,20010118,PRCP,0,,,a,
ASN00041110,20010119,PRCP,20,,,a,
ASN00041110,20010120,PRCP,0,,,a,
ASN00041110,20010121,PRCP,0,,,a,
ASN00041110,20010122,PRCP,0,,,a,
ASN00041110,20010123,PRCP,0,,,a,
ASN00041110,20010124,PRCP,0,,,a,
ASN00041110,20010125,PRCP,0,,,a,
ASN00041110,20010126,PRCP,0,,,a,
ASN00041110,20010127,PRCP,0,,,a,
ASN00041110,20010128,PRCP,6,,,a,
ASN00041110,20010129,PRCP,60,,,a,
ASN00041110,20010130,PRCP,0,,,a,
ASN00041110,20010131,PRCP,340,,,a,
ASN00041110,20010201,PRCP,460,,,a,
ASN00041110,20010202,PRCP,230,,,a,
ASN00041110,20010203,PRCP,268,,,a,
ASN00041110,20010204,PRCP,46,,,a,
ASN00041110,20010205,PRCP,0,,,a,
ASN00041110,20010206,PRCP,0,,,a,
ASN00041110,20010207,PRCP,0,,,a,
ASN00041110,20010208,PRCP,0,,,a,
ASN00041110,20010209,PRCP,0,,,a,
ASN00041110,20010210,PRCP,0,,,a,
ASN00041110,20010211,PRCP,0,,,a,
ASN00041110,20010212,PRCP,0,,,a,
ASN00041110,20010213,PRCP,0,,,a,
ASN00041110,20010214,PRCP,0,,,a,
ASN00041110,20010215,PRCP,0,,,a,
ASN00041110,20010216,PRCP,36,,,a,
ASN00041110,20010217,PRCP,0,,,a,
ASN00041110,20010218,PRCP,0,,,a,
ASN00041110,20010219,PRCP,0,,,a,
ASN00041110,20010220,PRCP,0,,,a,
ASN00041110,20010221,PRCP,0,,,a,
ASN00041110,20010222,PRCP,0,,,a,
ASN00041110,20010223,PRCP,0,,,a,
ASN00041110,20010224,PRCP,0,,,a,
ASN00041110,20010225,PRCP,0,,,a,
ASN00041110,20010226,PRCP,0,,,a,
ASN00041110,20010227,PRCP,0,,,a,
ASN00041110,20010228,PRCP,0,,,a,
ASN00041110,20010301,PRCP,0,,,a,
ASN00041110,20010302,PRCP,0,,,a,
ASN00041110,20010303,PRCP,60,,,a,
ASN00041110,20010304,PRCP,0,,,a,
ASN00041110,20010305,PRCP,0,,,a,
ASN00041110,20010306,PRCP,0,,,a,
ASN00041110,20010307,PRCP,0,,,a,
ASN00041110,20010308,PRCP,0,,,a,
ASN00041110,20010309,PRCP,50,,,a,
ASN00041110,20010310,PRCP,130,,,a,
ASN00041110,20010311,PRCP,0,,,a,
ASN00041110,20010312,PRCP,18,,,a,
ASN00041110,20010313,PRCP,100,,,a,
ASN00041110,20010314,PRCP,0,,,a,
ASN00041110,20010315,PRCP,0,,,a,
ASN00041110,20010316,PRCP,0,,,a,
ASN00041110,20010317,PRCP,0,,,a,
ASN00041110,20010318,PRCP,0,,,a,
ASN00041110,20010319,PRCP,0,,,a,
ASN00041110,20010320,PRCP,70,,,a,
ASN00041110,20010321,PRCP,0,,,a,
ASN00041110,20010322,PRCP,20,,,a,
ASN00041110,20010323,PRCP,0,,,a,
ASN00041110,20010324,PRCP,0,,,a,
ASN00041110,20010325,PRCP,0,,,a,
ASN00041110,20010326,PRCP,86,,,a,
ASN00041110,20010327,PRCP,0,,,a,
ASN00041110,20010328,PRCP,0,,,a,
ASN00041110,20010329,PRCP,0,,,a,
ASN00041110,20010330,PRCP,0,,,a,
ASN00041110,20010331,PRCP,0,,,a,
ASN00041110,20010401,PRCP,0,,,a,
ASN00041110,20010402,PRCP,0,,,a,
ASN00041110,20010403,PRCP,0,,,a,
ASN00041110,20010404,PRCP,0,,,a,
ASN00041110,20010405,PRCP,0,,,a,
ASN00041110,20010406,PRCP,0,,,a,
ASN00041110,20010407,PRCP,0,,,a,
ASN00041110,20010408,PRCP,0,,,a,
ASN00041110,20010409,PRCP,0,,,a,
ASN00041110,20010410,PRCP,0,,,a,
ASN00041110,20010411,PRCP,0,,,a,
ASN00041110,20010412,PRCP,0,,,a,
ASN00041110,20010413,PRCP,0,,,a,
ASN00041110,20010414,PRCP,0,,,a,
ASN00041110,20010415,PRCP,0,,,a,
ASN00041110,20010416,PRCP,0,,,a,
ASN00041110,20010417,PRCP,0,,,a,
ASN00041110,20010418,PRCP,0,,,a,
ASN00041110,20010419,PRCP,0,,,a,
ASN00041110,20010420,PRCP,0,,,a,
ASN00041110,20010421,PRCP,0,,,a,
ASN00041110,20010422,PRCP,136,,,a,
ASN00041110,20010423,PRCP,220,,,a,
ASN00041110,20010424,PRCP,0,,,a,
ASN00041110,20010425,PRCP,0,,,a,
ASN00041110,20010426,PRCP,0,,,a,
ASN00041110,20010427,PRCP,20,,,a,
ASN00041110,20010428,PRCP,284,,,a,
ASN00041110,20010429,PRCP,0,,,a,
ASN00041110,20010430,PRCP,0,,,a,
ASN00041110,20010501,PRCP,14,,,a,
ASN00041110,20010502,PRCP,36,,,a,
ASN00041110,20010503,PRCP,0,,,a,
ASN00041110,20010504,PRCP,0,,,a,
ASN00041110,20010505,PRCP,0,,,a,
ASN00041110,20010506,PRCP,6,,,a,
ASN00041110,20010507,PRCP,0,,,a,
ASN00041110,20010508,PRCP,0,,,a,
ASN00041110,20010509,PRCP,0,,,a,
ASN00041110,20010510,PRCP,0,,,a,
ASN00041110,20010511,PRCP,0,,,a,
ASN00041110,20010512,PRCP,0,,,a,
ASN00041110,20010513,PRCP,0,,,a,
ASN00041110,20010514,PRCP,0,,,a,
ASN00041110,20010515,PRCP,0,,,a,
ASN00041110,20010516,PRCP,0,,,a,
ASN00041110,20010517,PRCP,76,,,a,
ASN00041110,20010518,PRCP,0,,,a,
ASN00041110,20010519,PRCP,0,,,a,
ASN00041110,20010520,PRCP,0,,,a,
ASN00041110,20010521,PRCP,36,,,a,
ASN00041110,20010522,PRCP,12,,,a,
ASN00041110,20010523,PRCP,0,,,a,
ASN00041110,20010524,PRCP,0,,,a,
ASN00041110,20010525,PRCP,0,,,a,
ASN00041110,20010526,PRCP,0,,,a,
ASN00041110,20010527,PRCP,0,,,a,
ASN00041110,20010528,PRCP,0,,,a,
ASN00041110,20010529,PRCP,0,,,a,
ASN00041110,20010530,PRCP,0,,,a,
ASN00041110,20010531,PRCP,0,,,a,
ASN00041110,20010601,PRCP,0,,,a,
ASN00041110,20010602,PRCP,0,,,a,
ASN00041110,20010603,PRCP,0,,,a,
ASN00041110,20010604,PRCP,0,,,a,
ASN00041110,20010605,PRCP,0,,,a,
ASN00041110,20010606,PRCP,0,,,a,
ASN00041110,20010607,PRCP,0,,,a,
ASN00041110,20010608,PRCP,0,,,a,
ASN00041110,20010609,PRCP,0,,,a,
ASN00041110,20010610,PRCP,0,,,a,
ASN00041110,20010611,PRCP,0,,,a,
ASN00041110,20010612,PRCP,0,,,a,
ASN00041110,20010613,PRCP,0,,,a,
ASN00041110,20010614,PRCP,0,,,a,
ASN00041110,20010615,PRCP,0,,,a,
ASN00041110,20010616,PRCP,0,,,a,
ASN00041110,20010617,PRCP,0,,,a,
ASN00041110,20010618,PRCP,0,,,a,
ASN00041110,20010619,PRCP,0,,,a,
ASN00041110,20010620,PRCP,0,,,a,
ASN00041110,20010621,PRCP,0,,,a,
ASN00041110,20010622,PRCP,0,,,a,
ASN00041110,20010623,PRCP,0,,,a,
ASN00041110,20010624,PRCP,0,,,a,
ASN00041110,20010625,PRCP,0,,,a,
ASN00041110,20010626,PRCP,0,,,a,
ASN00041110,20010627,PRCP,0,,,a,
ASN00041110,20010628,PRCP,0,,,a,
ASN00041110,20010629,PRCP,0,,,a,
ASN00041110,20010630,PRCP,0,,,a,
ASN00041110,20010701,PRCP,0,,,a,
ASN00041110,20010702,PRCP,0,,,a,
ASN00041110,20010703,PRCP,0,,,a,
ASN00041110,20010704,PRCP,0,,,a,
ASN00041110,20010705,PRCP,0,,,a,
ASN00041110,20010706,PRCP,0,,,a,
ASN00041110,20010707,PRCP,0,,,a,
ASN00041110,20010708,PRCP,0,,,a,
ASN00041110,20010709,PRCP,0,,,a,
ASN00041110,20010710,PRCP,0,,,a,
ASN00041110,20010711,PRCP,0,,,a,
ASN00041110,20010712,PRCP,0,,,a,
ASN00041110,20010713,PRCP,0,,,a,
ASN00041110,20010714,PRCP,0,,,a,
ASN00041110,20010715,PRCP,0,,,a,
ASN00041110,20010716,PRCP,0,,,a,
ASN00041110,20010717,PRCP,0,,,a,
ASN00041110,20010718,PRCP,0,,,a,
ASN00041110,20010719,PRCP,0,,,a,
ASN00041110,20010720,PRCP,0,,,a,
ASN00041110,20010721,PRCP,0,,,a,
ASN00041110,20010722,PRCP,0,,,a,
ASN00041110,20010723,PRCP,0,,,a,
ASN00041110,20010724,PRCP,14,,,a,
ASN00041110,20010725,PRCP,24,,,a,
ASN00041110,20010726,PRCP,0,,,a,
ASN00041110,20010727,PRCP,364,,,a,
ASN00041110,20010728,PRCP,18,,,a,
ASN00041110,20010729,PRCP,0,,,a,
ASN00041110,20010730,PRCP,0,,,a,
ASN00041110,20010731,PRCP,0,,,a,
ASN00041110,20010801,PRCP,0,,,a,
ASN00041110,20010802,PRCP,0,,,a,
ASN00041110,20010803,PRCP,0,,,a,
ASN00041110,20010804,PRCP,0,,,a,
ASN00041110,20010805,PRCP,0,,,a,
ASN00041110,20010806,PRCP,0,,,a,
ASN00041110,20010807,PRCP,0,,,a,
ASN00041110,20010808,PRCP,0,,,a,
ASN00041110,20010809,PRCP,0,,,a,
ASN00041110,20010810,PRCP,0,,,a,
ASN00041110,20010811,PRCP,0,,,a,
ASN00041110,20010812,PRCP,0,,,a,
ASN00041110,20010813,PRCP,0,,,a,
ASN00041110,20010814,PRCP,0,,,a,
ASN00041110,20010815,PRCP,0,,,a,
ASN00041110,20010816,PRCP,0,,,a,
ASN00041110,20010817,PRCP,0,,,a,
ASN00041110,20010818,PRCP,0,,,a,
ASN00041110,20010819,PRCP,0,,,a,
ASN00041110,20010820,PRCP,0,,,a,
ASN00041110,20010821,PRCP,0,,,a,
ASN00041110,20010822,PRCP,0,,,a,
ASN00041110,20010823,PRCP,0,,,a,
ASN00041110,20010824,PRCP,0,,,a,
ASN00041110,20010825,PRCP,0,,,a,
ASN00041110,20010826,PRCP,144,,,a,
ASN00041110,20010827,PRCP,14,,,a,
ASN00041110,20010828,PRCP,0,,,a,
ASN00041110,20010829,PRCP,0,,,a,
ASN00041110,20010830,PRCP,0,,,a,
ASN00041110,20010831,PRCP,0,,,a,
ASN00041110,20010901,PRCP,0,,,a,
ASN00041110,20010902,PRCP,152,,,a,
ASN00041110,20010903,PRCP,0,,,a,
ASN00041110,20010904,PRCP,0,,,a,
ASN00041110,20010905,PRCP,0,,,a,
ASN00041110,20010906,PRCP,0,,,a,
ASN00041110,20010907,PRCP,0,,,a,
ASN00041110,20010908,PRCP,10,,,a,
ASN00041110,20010909,PRCP,78,,,a,
ASN00041110,20010910,PRCP,0,,,a,
ASN00041110,20010911,PRCP,0,,,a,
ASN00041110,20010912,PRCP,14,,,a,
ASN00041110,20010913,PRCP,0,,,a,
ASN00041110,20010914,PRCP,0,,,a,
ASN00041110,20010915,PRCP,0,,,a,
ASN00041110,20010916,PRCP,0,,,a,
ASN00041110,20010917,PRCP,0,,,a,
ASN00041110,20010918,PRCP,0,,,a,
ASN00041110,20010919,PRCP,0,,,a,
ASN00041110,20010920,PRCP,0,,,a,
ASN00041110,20010921,PRCP,0,,,a,
ASN00041110,20010922,PRCP,0,,,a,
ASN00041110,20010923,PRCP,0,,,a,
ASN00041110,20010924,PRCP,0,,,a,
ASN00041110,20010925,PRCP,0,,,a,
ASN00041110,20010926,PRCP,0,,,a,
ASN00041110,20010927,PRCP,0,,,a,
ASN00041110,20010928,PRCP,0,,,a,
ASN00041110,20010929,PRCP,0,,,a,
ASN00041110,20010930,PRCP,0,,,a,
ASN00041110,20011001,PRCP,0,,,a,
ASN00041110,20011002,PRCP,0,,,a,
ASN00041110,20011003,PRCP,0,,,a,
ASN00041110,20011004,PRCP,0,,,a,
ASN00041110,20011005,PRCP,0,,,a,
ASN00041110,20011006,PRCP,0,,,a,
ASN00041110,20011007,PRCP,0,,,a,
ASN00041110,20011008,PRCP,0,,,a,
ASN00041110,20011009,PRCP,0,,,a,
ASN00041110,20011010,PRCP,0,,,a,
ASN00041110,20011011,PRCP,0,,,a,
ASN00041110,20011012,PRCP,132,,,a,
ASN00041110,20011013,PRCP,0,,,a,
ASN00041110,20011014,PRCP,190,,,a,
ASN00041110,20011015,PRCP,0,,,a,
ASN00041110,20011016,PRCP,0,,,a,
ASN00041110,20011017,PRCP,78,,,a,
ASN00041110,20011018,PRCP,0,,,a,
ASN00041110,20011019,PRCP,0,,,a,
ASN00041110,20011020,PRCP,0,,,a,
ASN00041110,20011021,PRCP,0,,,a,
ASN00041110,20011022,PRCP,0,,,a,
ASN00041110,20011023,PRCP,0,,,a,
ASN00041110,20011024,PRCP,0,,,a,
ASN00041110,20011025,PRCP,0,,,a,
ASN00041110,20011026,PRCP,296,,,a,
ASN00041110,20011027,PRCP,178,,,a,
ASN00041110,20011028,PRCP,0,,,a,
ASN00041110,20011029,PRCP,0,,,a,
ASN00041110,20011030,PRCP,0,,,a,
ASN00041110,20011031,PRCP,0,,,a,
ASN00041110,20011101,PRCP,0,,,a,
ASN00041110,20011102,PRCP,0,,,a,
ASN00041110,20011103,PRCP,0,,,a,
ASN00041110,20011104,PRCP,0,,,a,
ASN00041110,20011105,PRCP,0,,,a,
ASN00041110,20011106,PRCP,0,,,a,
ASN00041110,20011107,PRCP,0,,,a,
ASN00041110,20011108,PRCP,136,,,a,
ASN00041110,20011109,PRCP,0,,,a,
ASN00041110,20011110,PRCP,210,,,a,
ASN00041110,20011111,PRCP,56,,,a,
ASN00041110,20011112,PRCP,50,,,a,
ASN00041110,20011113,PRCP,0,,,a,
ASN00041110,20011114,PRCP,0,,,a,
ASN00041110,20011115,PRCP,0,,,a,
ASN00041110,20011116,PRCP,0,,,a,
ASN00041110,20011117,PRCP,0,,,a,
ASN00041110,20011118,PRCP,0,,,a,
ASN00041110,20011119,PRCP,186,,,a,
ASN00041110,20011120,PRCP,0,,,a,
ASN00041110,20011121,PRCP,0,,,a,
ASN00041110,20011122,PRCP,0,,,a,
ASN00041110,20011123,PRCP,0,,,a,
ASN00041110,20011124,PRCP,0,,,a,
ASN00041110,20011125,PRCP,12,,,a,
ASN00041110,20011126,PRCP,20,,,a,
ASN00041110,20011127,PRCP,340,,,a,
ASN00041110,20011128,PRCP,180,,,a,
ASN00041110,20011129,PRCP,0,,,a,
ASN00041110,20011130,PRCP,0,,,a,
ASN00041110,20011201,PRCP,0,,,a,
ASN00041110,20011202,PRCP,0,,,a,
ASN00041110,20011203,PRCP,0,,,a,
ASN00041110,20011204,PRCP,0,,,a,
ASN00041110,20011205,PRCP,0,,,a,
ASN00041110,20011206,PRCP,0,,,a,
ASN00041110,20011207,PRCP,286,,,a,
ASN00041110,20011208,PRCP,40,,,a,
ASN00041110,20011209,PRCP,0,,,a,
ASN00041110,20011210,PRCP,50,,,a,
ASN00041110,20011211,PRCP,0,,,a,
ASN00041110,20011212,PRCP,0,,,a,
ASN00041110,20011213,PRCP,0,,,a,
ASN00041110,20011214,PRCP,0,,,a,
ASN00041110,20011215,PRCP,40,,,a,
ASN00041110,20011216,PRCP,300,,,a,
ASN00041110,20011217,PRCP,0,,,a,
ASN00041110,20011218,PRCP,0,,,a,
ASN00041110,20011219,PRCP,0,,,a,
ASN00041110,20011220,PRCP,0,,,a,
ASN00041110,20011221,PRCP,0,,,a,
ASN00041110,20011222,PRCP,20,,,a,
ASN00041110,20011223,PRCP,16,,,a,
ASN00041110,20011224,PRCP,0,,,a,
ASN00041110,20011225,PRCP,0,,,a,
ASN00041110,20011226,PRCP,0,,,a,
ASN00041110,20011227,PRCP,0,,,a,
ASN00041110,20011228,PRCP,0,,,a,
ASN00041110,20011229,PRCP,0,,,a,
ASN00041110,20011230,PRCP,0,,,a,
ASN00041110,20011231,PRCP,76,,,a,
ASN00041110,20020101,PRCP,40,,,a,
ASN00041110,20020102,PRCP,0,,,a,
ASN00041110,20020103,PRCP,0,,,a,
ASN00041110,20020104,PRCP,0,,,a,
ASN00041110,20020105,PRCP,0,,,a,
ASN00041110,20020106,PRCP,0,,,a,
ASN00041110,20020107,PRCP,0,,,a,
ASN00041110,20020108,PRCP,0,,,a,
ASN00041110,20020109,PRCP,0,,,a,
ASN00041110,20020110,PRCP,0,,,a,
ASN00041110,20020111,PRCP,0,,,a,
ASN00041110,20020112,PRCP,0,,,a,
ASN00041110,20020113,PRCP,0,,,a,
ASN00041110,20020114,PRCP,0,,,a,
ASN00041110,20020115,PRCP,0,,,a,
ASN00041110,20020116,PRCP,0,,,a,
ASN00041110,20020117,PRCP,69,,,a,
ASN00041110,20020118,PRCP,0,,,a,
ASN00041110,20020119,PRCP,0,,,a,
ASN00041110,20020120,PRCP,0,,,a,
ASN00041110,20020121,PRCP,0,,,a,
ASN00041110,20020122,PRCP,0,,,a,
ASN00041110,20020123,PRCP,0,,,a,
ASN00041110,20020124,PRCP,150,,,a,
ASN00041110,20020125,PRCP,14,,,a,
ASN00041110,20020126,PRCP,0,,,a,
ASN00041110,20020127,PRCP,0,,,a,
ASN00041110,20020128,PRCP,0,,,a,
ASN00041110,20020129,PRCP,0,,,a,
ASN00041110,20020130,PRCP,0,,,a,
ASN00041110,20020131,PRCP,0,,,a,
ASN00041110,20020201,PRCP,0,,,a,
ASN00041110,20020202,PRCP,0,,,a,
ASN00041110,20020203,PRCP,30,,,a,
ASN00041110,20020204,PRCP,0,,,a,
ASN00041110,20020205,PRCP,40,,,a,
ASN00041110,20020206,PRCP,360,,,a,
ASN00041110,20020207,PRCP,0,,,a,
ASN00041110,20020208,PRCP,0,,,a,
ASN00041110,20020209,PRCP,0,,,a,
ASN00041110,20020210,PRCP,0,,,a,
ASN00041110,20020211,PRCP,0,,,a,
ASN00041110,20020212,PRCP,0,,,a,
ASN00041110,20020213,PRCP,0,,,a,
ASN00041110,20020214,PRCP,0,,,a,
ASN00041110,20020215,PRCP,0,,,a,
ASN00041110,20020216,PRCP,0,,,a,
ASN00041110,20020217,PRCP,0,,,a,
ASN00041110,20020218,PRCP,0,,,a,
ASN00041110,20020219,PRCP,0,,,a,
ASN00041110,20020220,PRCP,0,,,a,
ASN00041110,20020221,PRCP,0,,,a,
ASN00041110,20020222,PRCP,0,,,a,
ASN00041110,20020223,PRCP,0,,,a,
ASN00041110,20020224,PRCP,0,,,a,
ASN00041110,20020225,PRCP,84,,,a,
ASN00041110,20020226,PRCP,46,,,a,
ASN00041110,20020227,PRCP,0,,,a,
ASN00041110,20020228,PRCP,0,,,a,
ASN00041110,20020301,PRCP,0,,,a,
ASN00041110,20020302,PRCP,30,,,a,
ASN00041110,20020303,PRCP,30,,,a,
ASN00041110,20020304,PRCP,0,,,a,
ASN00041110,20020305,PRCP,0,,,a,
ASN00041110,20020306,PRCP,0,,,a,
ASN00041110,20020307,PRCP,0,,,a,
ASN00041110,20020308,PRCP,0,,,a,
ASN00041110,20020309,PRCP,0,,,a,
ASN00041110,20020310,PRCP,40,,,a,
ASN00041110,20020311,PRCP,0,,,a,
ASN00041110,20020312,PRCP,0,,,a,
ASN00041110,20020313,PRCP,0,,,a,
ASN00041110,20020314,PRCP,0,,,a,
ASN00041110,20020315,PRCP,0,,,a,
ASN00041110,20020316,PRCP,0,,,a,
ASN00041110,20020317,PRCP,0,,,a,
ASN00041110,20020318,PRCP,0,,,a,
ASN00041110,20020319,PRCP,0,,,a,
ASN00041110,20020320,PRCP,0,,,a,
ASN00041110,20020321,PRCP,0,,,a,
ASN00041110,20020322,PRCP,0,,,a,
ASN00041110,20020323,PRCP,0,,,a,
ASN00041110,20020324,PRCP,0,,,a,
ASN00041110,20020325,PRCP,0,,,a,
ASN00041110,20020326,PRCP,0,,,a,
ASN00041110,20020327,PRCP,160,,,a,
ASN00041110,20020328,PRCP,320,,,a,
ASN00041110,20020329,PRCP,340,,,a,
ASN00041110,20020330,PRCP,0,,,a,
ASN00041110,20020331,PRCP,0,,,a,
ASN00041110,20020401,PRCP,0,,,a,
ASN00041110,20020402,PRCP,0,,,a,
ASN00041110,20020403,PRCP,0,,,a,
ASN00041110,20020404,PRCP,0,,,a,
ASN00041110,20020405,PRCP,0,,,a,
ASN00041110,20020406,PRCP,0,,,a,
ASN00041110,20020407,PRCP,0,,,a,
ASN00041110,20020408,PRCP,0,,,a,
ASN00041110,20020409,PRCP,0,,,a,
ASN00041110,20020410,PRCP,0,,,a,
ASN00041110,20020411,PRCP,0,,,a,
ASN00041110,20020412,PRCP,0,,,a,
ASN00041110,20020413,PRCP,0,,,a,
ASN00041110,20020414,PRCP,0,,,a,
ASN00041110,20020415,PRCP,0,,,a,
ASN00041110,20020416,PRCP,0,,,a,
ASN00041110,20020417,PRCP,530,,,a,
ASN00041110,20020418,PRCP,0,,,a,
ASN00041110,20020419,PRCP,0,,,a,
ASN00041110,20020420,PRCP,0,,,a,
ASN00041110,20020421,PRCP,0,,,a,
ASN00041110,20020422,PRCP,0,,,a,
ASN00041110,20020423,PRCP,0,,,a,
ASN00041110,20020424,PRCP,0,,,a,
ASN00041110,20020425,PRCP,0,,,a,
ASN00041110,20020426,PRCP,0,,,a,
ASN00041110,20020427,PRCP,0,,,a,
ASN00041110,20020428,PRCP,0,,,a,
ASN00041110,20020429,PRCP,0,,,a,
ASN00041110,20020430,PRCP,0,,,a,
ASN00041110,20020501,PRCP,0,,,a,
ASN00041110,20020502,PRCP,0,,,a,
ASN00041110,20020503,PRCP,0,,,a,
ASN00041110,20020504,PRCP,0,,,a,
ASN00041110,20020505,PRCP,40,,,a,
ASN00041110,20020506,PRCP,0,,,a,
ASN00041110,20020507,PRCP,0,,,a,
ASN00041110,20020508,PRCP,0,,,a,
ASN00041110,20020509,PRCP,0,,,a,
ASN00041110,20020510,PRCP,0,,,a,
ASN00041110,20020511,PRCP,0,,,a,
ASN00041110,20020512,PRCP,0,,,a,
ASN00041110,20020513,PRCP,0,,,a,
ASN00041110,20020514,PRCP,0,,,a,
ASN00041110,20020515,PRCP,0,,,a,
ASN00041110,20020516,PRCP,0,,,a,
ASN00041110,20020517,PRCP,0,,,a,
ASN00041110,20020518,PRCP,0,,,a,
ASN00041110,20020519,PRCP,0,,,a,
ASN00041110,20020520,PRCP,0,,,a,
ASN00041110,20020521,PRCP,0,,,a,
ASN00041110,20020522,PRCP,0,,,a,
ASN00041110,20020523,PRCP,0,,,a,
ASN00041110,20020524,PRCP,0,,,a,
ASN00041110,20020525,PRCP,0,,,a,
ASN00041110,20020526,PRCP,10,,,a,
ASN00041110,20020527,PRCP,0,,,a,
ASN00041110,20020528,PRCP,0,,,a,
ASN00041110,20020529,PRCP,40,,,a,
ASN00041110,20020530,PRCP,0,,,a,
ASN00041110,20020531,PRCP,0,,,a,
ASN00041110,20020601,PRCP,0,,,a,
ASN00041110,20020602,PRCP,0,,,a,
ASN00041110,20020603,PRCP,40,,,a,
ASN00041110,20020604,PRCP,0,,,a,
ASN00041110,20020605,PRCP,0,,,a,
ASN00041110,20020606,PRCP,0,,,a,
ASN00041110,20020607,PRCP,0,,,a,
ASN00041110,20020608,PRCP,0,,,a,
ASN00041110,20020609,PRCP,120,,,a,
ASN00041110,20020610,PRCP,0,,,a,
ASN00041110,20020611,PRCP,0,,,a,
ASN00041110,20020612,PRCP,0,,,a,
ASN00041110,20020613,PRCP,0,,,a,
ASN00041110,20020614,PRCP,0,,,a,
ASN00041110,20020615,PRCP,0,,,a,
ASN00041110,20020616,PRCP,0,,,a,
ASN00041110,20020617,PRCP,280,,,a,
ASN00041110,20020618,PRCP,0,,,a,
ASN00041110,20020619,PRCP,0,,,a,
ASN00041110,20020620,PRCP,0,,,a,
ASN00041110,20020621,PRCP,0,,,a,
ASN00041110,20020622,PRCP,0,,,a,
ASN00041110,20020623,PRCP,0,,,a,
ASN00041110,20020624,PRCP,0,,,a,
ASN00041110,20020625,PRCP,0,,,a,
ASN00041110,20020626,PRCP,0,,,a,
ASN00041110,20020627,PRCP,0,,,a,
ASN00041110,20020628,PRCP,0,,,a,
ASN00041110,20020629,PRCP,0,,,a,
ASN00041110,20020630,PRCP,0,,,a,
ASN00041110,20020701,PRCP,0,,,a,
ASN00041110,20020702,PRCP,0,,,a,
ASN00041110,20020703,PRCP,0,,,a,
ASN00041110,20020704,PRCP,0,,,a,
ASN00041110,20020705,PRCP,0,,,a,
ASN00041110,20020706,PRCP,0,,,a,
ASN00041110,20020707,PRCP,0,,,a,
ASN00041110,20020708,PRCP,0,,,a,
ASN00041110,20020709,PRCP,0,,,a,
ASN00041110,20020710,PRCP,0,,,a,
ASN00041110,20020711,PRCP,0,,,a,
ASN00041110,20020712,PRCP,0,,,a,
ASN00041110,20020713,PRCP,0,,,a,
ASN00041110,20020714,PRCP,0,,,a,
ASN00041110,20020715,PRCP,0,,,a,
ASN00041110,20020716,PRCP,0,,,a,
ASN00041110,20020717,PRCP,0,,,a,
ASN00041110,20020718,PRCP,0,,,a,
ASN00041110,20020719,PRCP,0,,,a,
ASN00041110,20020720,PRCP,0,,,a,
ASN00041110,20020721,PRCP,0,,,a,
ASN00041110,20020722,PRCP,0,,,a,
ASN00041110,20020723,PRCP,0,,,a,
ASN00041110,20020724,PRCP,0,,,a,
ASN00041110,20020725,PRCP,0,,,a,
ASN00041110,20020726,PRCP,0,,,a,
ASN00041110,20020727,PRCP,0,,,a,
ASN00041110,20020728,PRCP,0,,,a,
ASN00041110,20020729,PRCP,0,,,a,
ASN00041110,20020730,PRCP,0,,,a,
ASN00041110,20020731,PRCP,0,,,a,
ASN00041110,20020801,PRCP,0,,,a,
ASN00041110,20020802,PRCP,0,,,a,
ASN00041110,20020803,PRCP,0,,,a,
ASN00041110,20020804,PRCP,0,,,a,
ASN00041110,20020805,PRCP,0,,,a,
ASN00041110,20020806,PRCP,0,,,a,
ASN00041110,20020807,PRCP,0,,,a,
ASN00041110,20020808,PRCP,0,,,a,
ASN00041110,20020809,PRCP,0,,,a,
ASN00041110,20020810,PRCP,0,,,a,
ASN00041110,20020811,PRCP,0,,,a,
ASN00041110,20020812,PRCP,0,,,a,
ASN00041110,20020813,PRCP,0,,,a,
ASN00041110,20020814,PRCP,0,,,a,
ASN00041110,20020815,PRCP,0,,,a,
ASN00041110,20020816,PRCP,0,,,a,
ASN00041110,20020817,PRCP,0,,,a,
ASN00041110,20020818,PRCP,0,,,a,
ASN00041110,20020819,PRCP,0,,,a,
ASN00041110,20020820,PRCP,0,,,a,
ASN00041110,20020821,PRCP,0,,,a,
ASN00041110,20020822,PRCP,240,,,a,
ASN00041110,20020823,PRCP,18,,,a,
ASN00041110,20020824,PRCP,0,,,a,
ASN00041110,20020825,PRCP,0,,,a,
ASN00041110,20020826,PRCP,198,,,a,
ASN00041110,20020827,PRCP,0,,,a,
ASN00041110,20020828,PRCP,0,,,a,
ASN00041110,20020829,PRCP,0,,,a,
ASN00041110,20020830,PRCP,0,,,a,
ASN00041110,20020831,PRCP,0,,,a,
ASN00041110,20020901,PRCP,0,,,a,
ASN00041110,20020902,PRCP,0,,,a,
ASN00041110,20020903,PRCP,0,,,a,
ASN00041110,20020904,PRCP,0,,,a,
ASN00041110,20020905,PRCP,0,,,a,
ASN00041110,20020906,PRCP,30,,,a,
ASN00041110,20020907,PRCP,0,,,a,
ASN00041110,20020908,PRCP,0,,,a,
ASN00041110,20020909,PRCP,0,,,a,
ASN00041110,20020910,PRCP,0,,,a,
ASN00041110,20020911,PRCP,0,,,a,
ASN00041110,20020912,PRCP,0,,,a,
ASN00041110,20020913,PRCP,0,,,a,
ASN00041110,20020914,PRCP,0,,,a,
ASN00041110,20020915,PRCP,0,,,a,
ASN00041110,20020916,PRCP,0,,,a,
ASN00041110,20020917,PRCP,0,,,a,
ASN00041110,20020918,PRCP,30,,,a,
ASN00041110,20020919,PRCP,0,,,a,
ASN00041110,20020920,PRCP,0,,,a,
ASN00041110,20020921,PRCP,0,,,a,
ASN00041110,20020922,PRCP,0,,,a,
ASN00041110,20020923,PRCP,0,,,a,
ASN00041110,20020924,PRCP,0,,,a,
ASN00041110,20020925,PRCP,0,,,a,
ASN00041110,20020926,PRCP,0,,,a,
ASN00041110,20020927,PRCP,0,,,a,
ASN00041110,20020928,PRCP,0,,,a,
ASN00041110,20020929,PRCP,0,,,a,
ASN00041110,20020930,PRCP,0,,,a,
ASN00041110,20021001,PRCP,0,,,a,
ASN00041110,20021002,PRCP,0,,,a,
ASN00041110,20021003,PRCP,0,,,a,
ASN00041110,20021004,PRCP,0,,,a,
ASN00041110,20021005,PRCP,0,,,a,
ASN00041110,20021006,PRCP,0,,,a,
ASN00041110,20021007,PRCP,0,,,a,
ASN00041110,20021008,PRCP,0,,,a,
ASN00041110,20021009,PRCP,0,,,a,
ASN00041110,20021010,PRCP,0,,,a,
ASN00041110,20021011,PRCP,10,,,a,
ASN00041110,20021012,PRCP,0,,,a,
ASN00041110,20021013,PRCP,132,,,a,
ASN00041110,20021014,PRCP,0,,,a,
ASN00041110,20021015,PRCP,0,,,a,
ASN00041110,20021016,PRCP,0,,,a,
ASN00041110,20021017,PRCP,0,,,a,
ASN00041110,20021018,PRCP,0,,,a,
ASN00041110,20021019,PRCP,0,,,a,
ASN00041110,20021020,PRCP,0,,,a,
ASN00041110,20021021,PRCP,0,,,a,
ASN00041110,20021022,PRCP,0,,,a,
ASN00041110,20021023,PRCP,0,,,a,
ASN00041110,20021024,PRCP,0,,,a,
ASN00041110,20021025,PRCP,0,,,a,
ASN00041110,20021026,PRCP,0,,,a,
ASN00041110,20021027,PRCP,0,,,a,
ASN00041110,20021028,PRCP,110,,,a,
ASN00041110,20021029,PRCP,0,,,a,
ASN00041110,20021030,PRCP,0,,,a,
ASN00041110,20021031,PRCP,0,,,a,
ASN00041110,20021101,PRCP,0,,,a,
ASN00041110,20021102,PRCP,0,,,a,
ASN00041110,20021103,PRCP,0,,,a,
ASN00041110,20021104,PRCP,0,,,a,
ASN00041110,20021105,PRCP,0,,,a,
ASN00041110,20021106,PRCP,0,,,a,
ASN00041110,20021107,PRCP,0,,,a,
ASN00041110,20021108,PRCP,0,,,a,
ASN00041110,20021109,PRCP,0,,,a,
ASN00041110,20021110,PRCP,0,,,a,
ASN00041110,20021111,PRCP,0,,,a,
ASN00041110,20021112,PRCP,146,,,a,
ASN00041110,20021113,PRCP,0,,,a,
ASN00041110,20021114,PRCP,760,,,a,
ASN00041110,20021115,PRCP,50,,,a,
ASN00041110,20021116,PRCP,0,,,a,
ASN00041110,20021117,PRCP,0,,,a,
ASN00041110,20021118,PRCP,0,,,a,
ASN00041110,20021119,PRCP,0,,,a,
ASN00041110,20021120,PRCP,0,,,a,
ASN00041110,20021121,PRCP,0,,,a,
ASN00041110,20021122,PRCP,0,,,a,
ASN00041110,20021123,PRCP,0,,,a,
ASN00041110,20021124,PRCP,0,,,a,
ASN00041110,20021125,PRCP,0,,,a,
ASN00041110,20021126,PRCP,0,,,a,
ASN00041110,20021127,PRCP,0,,,a,
ASN00041110,20021128,PRCP,0,,,a,
ASN00041110,20021129,PRCP,10,,,a,
ASN00041110,20021130,PRCP,40,,,a,
ASN00041110,20021201,PRCP,0,,,a,
ASN00041110,20021202,PRCP,0,,,a,
ASN00041110,20021203,PRCP,0,,,a,
ASN00041110,20021204,PRCP,0,,,a,
ASN00041110,20021205,PRCP,0,,,a,
ASN00041110,20021206,PRCP,0,,,a,
ASN00041110,20021207,PRCP,0,,,a,
ASN00041110,20021208,PRCP,0,,,a,
ASN00041110,20021209,PRCP,0,,,a,
ASN00041110,20021210,PRCP,380,,,a,
ASN00041110,20021211,PRCP,75,,,a,
ASN00041110,20021212,PRCP,0,,,a,
ASN00041110,20021213,PRCP,0,,,a,
ASN00041110,20021214,PRCP,0,,,a,
ASN00041110,20021215,PRCP,0,,,a,
ASN00041110,20021216,PRCP,0,,,a,
ASN00041110,20021217,PRCP,0,,,a,
ASN00041110,20021218,PRCP,0,,,a,
ASN00041110,20021219,PRCP,0,,,a,
ASN00041110,20021220,PRCP,60,,,a,
ASN00041110,20021221,PRCP,0,,,a,
ASN00041110,20021222,PRCP,0,,,a,
ASN00041110,20021223,PRCP,0,,,a,
ASN00041110,20021224,PRCP,96,,,a,
ASN00041110,20021225,PRCP,0,,,a,
ASN00041110,20021226,PRCP,15,,,a,
ASN00041110,20021227,PRCP,22,,,a,
ASN00041110,20021228,PRCP,0,,,a,
ASN00041110,20021229,PRCP,0,,,a,
ASN00041110,20021230,PRCP,0,,,a,
ASN00041110,20021231,PRCP,0,,,a,
ASN00041110,20030101,PRCP,0,,,a,
ASN00041110,20030102,PRCP,20,,,a,
ASN00041110,20030103,PRCP,0,,,a,
ASN00041110,20030104,PRCP,0,,,a,
ASN00041110,20030105,PRCP,0,,,a,
ASN00041110,20030106,PRCP,0,,,a,
ASN00041110,20030107,PRCP,0,,,a,
ASN00041110,20030108,PRCP,0,,,a,
ASN00041110,20030109,PRCP,0,,,a,
ASN00041110,20030110,PRCP,0,,,a,
ASN00041110,20030111,PRCP,0,,,a,
ASN00041110,20030112,PRCP,0,,,a,
ASN00041110,20030113,PRCP,0,,,a,
ASN00041110,20030114,PRCP,0,,,a,
ASN00041110,20030115,PRCP,0,,,a,
ASN00041110,20030116,PRCP,0,,,a,
ASN00041110,20030117,PRCP,0,,,a,
ASN00041110,20030118,PRCP,0,,,a,
ASN00041110,20030119,PRCP,0,,,a,
ASN00041110,20030120,PRCP,60,,,a,
ASN00041110,20030121,PRCP,0,,,a,
ASN00041110,20030122,PRCP,0,,,a,
ASN00041110,20030123,PRCP,150,,,a,
ASN00041110,20030124,PRCP,0,,,a,
ASN00041110,20030125,PRCP,0,,,a,
ASN00041110,20030126,PRCP,0,,,a,
ASN00041110,20030127,PRCP,0,,,a,
ASN00041110,20030128,PRCP,0,,,a,
ASN00041110,20030129,PRCP,0,,,a,
ASN00041110,20030130,PRCP,0,,,a,
ASN00041110,20030131,PRCP,0,,,a,
ASN00041110,20030201,PRCP,0,,,a,
ASN00041110,20030202,PRCP,0,,,a,
ASN00041110,20030203,PRCP,0,,,a,
ASN00041110,20030204,PRCP,0,,,a,
ASN00041110,20030205,PRCP,166,,,a,
ASN00041110,20030206,PRCP,0,,,a,
ASN00041110,20030207,PRCP,0,,,a,
ASN00041110,20030208,PRCP,0,,,a,
ASN00041110,20030209,PRCP,0,,,a,
ASN00041110,20030210,PRCP,10,,,a,
ASN00041110,20030211,PRCP,0,,,a,
ASN00041110,20030212,PRCP,80,,,a,
ASN00041110,20030213,PRCP,0,,,a,
ASN00041110,20030214,PRCP,0,,,a,
ASN00041110,20030215,PRCP,0,,,a,
ASN00041110,20030216,PRCP,0,,,a,
ASN00041110,20030217,PRCP,0,,,a,
ASN00041110,20030218,PRCP,0,,,a,
ASN00041110,20030219,PRCP,26,,,a,
ASN00041110,20030220,PRCP,20,,,a,
ASN00041110,20030221,PRCP,0,,,a,
ASN00041110,20030222,PRCP,460,,,a,
ASN00041110,20030223,PRCP,458,,,a,
ASN00041110,20030224,PRCP,0,,,a,
ASN00041110,20030225,PRCP,0,,,a,
ASN00041110,20030226,PRCP,0,,,a,
ASN00041110,20030227,PRCP,0,,,a,
ASN00041110,20030228,PRCP,0,,,a,
ASN00041110,20030301,PRCP,0,,,a,
ASN00041110,20030302,PRCP,10,,,a,
ASN00041110,20030303,PRCP,0,,,a,
ASN00041110,20030304,PRCP,0,,,a,
ASN00041110,20030305,PRCP,0,,,a,
ASN00041110,20030306,PRCP,0,,,a,
ASN00041110,20030307,PRCP,0,,,a,
ASN00041110,20030308,PRCP,0,,,a,
ASN00041110,20030309,PRCP,0,,,a,
ASN00041110,20030310,PRCP,0,,,a,
ASN00041110,20030311,PRCP,0,,,a,
ASN00041110,20030312,PRCP,0,,,a,
ASN00041110,20030313,PRCP,30,,,a,
ASN00041110,20030314,PRCP,270,,,a,
ASN00041110,20030315,PRCP,0,,,a,
ASN00041110,20030316,PRCP,0,,,a,
ASN00041110,20030317,PRCP,112,,,a,
ASN00041110,20030318,PRCP,0,,,a,
ASN00041110,20030319,PRCP,0,,,a,
ASN00041110,20030320,PRCP,0,,,a,
ASN00041110,20030321,PRCP,0,,,a,
ASN00041110,20030322,PRCP,190,,,a,
ASN00041110,20030323,PRCP,0,,,a,
ASN00041110,20030324,PRCP,0,,,a,
ASN00041110,20030325,PRCP,20,,,a,
ASN00041110,20030326,PRCP,0,,,a,
ASN00041110,20030327,PRCP,0,,,a,
ASN00041110,20030328,PRCP,70,,,a,
ASN00041110,20030329,PRCP,80,,,a,
ASN00041110,20030330,PRCP,40,,,a,
ASN00041110,20030331,PRCP,0,,,a,
ASN00041110,20030401,PRCP,0,,,a,
ASN00041110,20030402,PRCP,0,,,a,
ASN00041110,20030403,PRCP,28,,,a,
ASN00041110,20030404,PRCP,60,,,a,
ASN00041110,20030405,PRCP,300,,,a,
ASN00041110,20030406,PRCP,0,,,a,
ASN00041110,20030407,PRCP,0,,,a,
ASN00041110,20030408,PRCP,0,,,a,
ASN00041110,20030409,PRCP,0,,,a,
ASN00041110,20030410,PRCP,0,,,a,
ASN00041110,20030411,PRCP,18,,,a,
ASN00041110,20030412,PRCP,94,,,a,
ASN00041110,20030413,PRCP,0,,,a,
ASN00041110,20030414,PRCP,60,,,a,
ASN00041110,20030415,PRCP,46,,,a,
ASN00041110,20030416,PRCP,0,,,a,
ASN00041110,20030417,PRCP,0,,,a,
ASN00041110,20030418,PRCP,0,,,a,
ASN00041110,20030419,PRCP,0,,,a,
ASN00041110,20030420,PRCP,0,,,a,
ASN00041110,20030421,PRCP,0,,,a,
ASN00041110,20030422,PRCP,0,,,a,
ASN00041110,20030423,PRCP,0,,,a,
ASN00041110,20030424,PRCP,26,,,a,
ASN00041110,20030425,PRCP,0,,,a,
ASN00041110,20030426,PRCP,0,,,a,
ASN00041110,20030427,PRCP,0,,,a,
ASN00041110,20030428,PRCP,56,,,a,
ASN00041110,20030429,PRCP,0,,,a,
ASN00041110,20030430,PRCP,0,,,a,
ASN00041110,20030501,PRCP,0,,,a,
ASN00041110,20030502,PRCP,124,,,a,
ASN00041110,20030503,PRCP,144,,,a,
ASN00041110,20030504,PRCP,0,,,a,
ASN00041110,20030505,PRCP,0,,,a,
ASN00041110,20030506,PRCP,0,,,a,
ASN00041110,20030507,PRCP,0,,,a,
ASN00041110,20030508,PRCP,0,,,a,
ASN00041110,20030509,PRCP,0,,,a,
ASN00041110,20030510,PRCP,0,,,a,
ASN00041110,20030511,PRCP,0,,,a,
ASN00041110,20030512,PRCP,0,,,a,
ASN00041110,20030513,PRCP,16,,,a,
ASN00041110,20030514,PRCP,0,,,a,
ASN00041110,20030515,PRCP,0,,,a,
ASN00041110,20030516,PRCP,76,,,a,
ASN00041110,20030517,PRCP,0,,,a,
ASN00041110,20030518,PRCP,0,,,a,
ASN00041110,20030519,PRCP,0,,,a,
ASN00041110,20030520,PRCP,0,,,a,
ASN00041110,20030521,PRCP,0,,,a,
ASN00041110,20030522,PRCP,0,,,a,
ASN00041110,20030523,PRCP,0,,,a,
ASN00041110,20030524,PRCP,0,,,a,
ASN00041110,20030525,PRCP,0,,,a,
ASN00041110,20030526,PRCP,0,,,a,
ASN00041110,20030527,PRCP,0,,,a,
ASN00041110,20030528,PRCP,0,,,a,
ASN00041110,20030529,PRCP,26,,,a,
ASN00041110,20030530,PRCP,0,,,a,
ASN00041110,20030531,PRCP,0,,,a,
ASN00041110,20030601,PRCP,0,,,a,
ASN00041110,20030602,PRCP,0,,,a,
ASN00041110,20030603,PRCP,14,,,a,
ASN00041110,20030604,PRCP,152,,,a,
ASN00041110,20030605,PRCP,0,,,a,
ASN00041110,20030606,PRCP,0,,,a,
ASN00041110,20030607,PRCP,0,,,a,
ASN00041110,20030608,PRCP,0,,,a,
ASN00041110,20030609,PRCP,0,,,a,
ASN00041110,20030610,PRCP,0,,,a,
ASN00041110,20030611,PRCP,0,,,a,
ASN00041110,20030612,PRCP,0,,,a,
ASN00041110,20030613,PRCP,0,,,a,
ASN00041110,20030614,PRCP,0,,,a,
ASN00041110,20030615,PRCP,0,,,a,
ASN00041110,20030616,PRCP,0,,,a,
ASN00041110,20030617,PRCP,0,,,a,
ASN00041110,20030618,PRCP,0,,,a,
ASN00041110,20030619,PRCP,0,,,a,
ASN00041110,20030620,PRCP,0,,,a,
ASN00041110,20030621,PRCP,166,,,a,
ASN00041110,20030622,PRCP,0,,,a,
ASN00041110,20030623,PRCP,0,,,a,
ASN00041110,20030624,PRCP,0,,,a,
ASN00041110,20030625,PRCP,0,,,a,
ASN00041110,20030626,PRCP,0,,,a,
ASN00041110,20030627,PRCP,68,,,a,
ASN00041110,20030628,PRCP,0,,,a,
ASN00041110,20030629,PRCP,0,,,a,
ASN00041110,20030630,PRCP,0,,,a,
ASN00041110,20030701,PRCP,64,,,a,
ASN00041110,20030702,PRCP,200,,,a,
ASN00041110,20030703,PRCP,0,,,a,
ASN00041110,20030704,PRCP,0,,,a,
ASN00041110,20030705,PRCP,0,,,a,
ASN00041110,20030706,PRCP,0,,,a,
ASN00041110,20030707,PRCP,0,,,a,
ASN00041110,20030708,PRCP,0,,,a,
ASN00041110,20030709,PRCP,0,,,a,
ASN00041110,20030710,PRCP,18,,,a,
ASN00041110,20030711,PRCP,0,,,a,
ASN00041110,20030712,PRCP,0,,,a,
ASN00041110,20030713,PRCP,0,,,a,
ASN00041110,20030714,PRCP,0,,,a,
ASN00041110,20030715,PRCP,0,,,a,
ASN00041110,20030716,PRCP,0,,,a,
ASN00041110,20030717,PRCP,0,,,a,
ASN00041110,20030718,PRCP,0,,,a,
ASN00041110,20030719,PRCP,0,,,a,
ASN00041110,20030720,PRCP,0,,,a,
ASN00041110,20030721,PRCP,0,,,a,
ASN00041110,20030722,PRCP,0,,,a,
ASN00041110,20030723,PRCP,0,,,a,
ASN00041110,20030724,PRCP,30,,,a,
ASN00041110,20030725,PRCP,0,,,a,
ASN00041110,20030726,PRCP,0,,,a,
ASN00041110,20030727,PRCP,0,,,a,
ASN00041110,20030728,PRCP,0,,,a,
ASN00041110,20030729,PRCP,0,,,a,
ASN00041110,20030730,PRCP,0,,,a,
ASN00041110,20030731,PRCP,0,,,a,
ASN00041110,20030801,PRCP,0,,,a,
ASN00041110,20030802,PRCP,0,,,a,
ASN00041110,20030803,PRCP,0,,,a,
ASN00041110,20030804,PRCP,0,,,a,
ASN00041110,20030805,PRCP,0,,,a,
ASN00041110,20030806,PRCP,0,,,a,
ASN00041110,20030807,PRCP,0,,,a,
ASN00041110,20030808,PRCP,34,,,a,
ASN00041110,20030809,PRCP,0,,,a,
ASN00041110,20030810,PRCP,0,,,a,
ASN00041110,20030811,PRCP,0,,,a,
ASN00041110,20030812,PRCP,0,,,a,
ASN00041110,20030813,PRCP,0,,,a,
ASN00041110,20030814,PRCP,0,,,a,
ASN00041110,20030815,PRCP,0,,,a,
ASN00041110,20030816,PRCP,0,,,a,
ASN00041110,20030817,PRCP,0,,,a,
ASN00041110,20030818,PRCP,0,,,a,
ASN00041110,20030819,PRCP,0,,,a,
ASN00041110,20030820,PRCP,0,,,a,
ASN00041110,20030821,PRCP,0,,,a,
ASN00041110,20030822,PRCP,0,,,a,
ASN00041110,20030823,PRCP,0,,,a,
ASN00041110,20030824,PRCP,92,,,a,
ASN00041110,20030825,PRCP,0,,,a,
ASN00041110,20030826,PRCP,0,,,a,
ASN00041110,20030827,PRCP,0,,,a,
ASN00041110,20030828,PRCP,0,,,a,
ASN00041110,20030829,PRCP,0,,,a,
ASN00041110,20030830,PRCP,0,,,a,
ASN00041110,20030831,PRCP,0,,,a,
ASN00041110,20030901,PRCP,0,,,a,
ASN00041110,20030902,PRCP,0,,,a,
ASN00041110,20030903,PRCP,0,,,a,
ASN00041110,20030904,PRCP,0,,,a,
ASN00041110,20030905,PRCP,0,,,a,
ASN00041110,20030906,PRCP,0,,,a,
ASN00041110,20030907,PRCP,0,,,a,
ASN00041110,20030908,PRCP,0,,,a,
ASN00041110,20030909,PRCP,0,,,a,
ASN00041110,20030910,PRCP,0,,,a,
ASN00041110,20030911,PRCP,0,,,a,
ASN00041110,20030912,PRCP,0,,,a,
ASN00041110,20030913,PRCP,0,,,a,
ASN00041110,20030914,PRCP,0,,,a,
ASN00041110,20030915,PRCP,0,,,a,
ASN00041110,20030916,PRCP,0,,,a,
ASN00041110,20030917,PRCP,0,,,a,
ASN00041110,20030918,PRCP,0,,,a,
ASN00041110,20030919,PRCP,0,,,a,
ASN00041110,20030920,PRCP,0,,,a,
ASN00041110,20030921,PRCP,0,,,a,
ASN00041110,20030922,PRCP,0,,,a,
ASN00041110,20030923,PRCP,0,,,a,
ASN00041110,20030924,PRCP,0,,,a,
ASN00041110,20030925,PRCP,0,,,a,
ASN00041110,20030928,PRCP,0,,,a,
ASN00041110,20030929,PRCP,0,,,a,
ASN00041110,20030930,PRCP,0,,,a,
ASN00041110,20030927,DAPR,2,,,a,
ASN00041110,20030927,DWPR,2,,,a,
ASN00041110,20030927,MDPR,100,,,a,
ASN00041110,20031001,PRCP,0,,,a,
ASN00041110,20031002,PRCP,300,,,a,
ASN00041110,20031003,PRCP,270,,,a,
ASN00041110,20031004,PRCP,96,,,a,
ASN00041110,20031005,PRCP,0,,,a,
ASN00041110,20031006,PRCP,0,,,a,
ASN00041110,20031007,PRCP,200,,,a,
ASN00041110,20031008,PRCP,0,,,a,
ASN00041110,20031009,PRCP,0,,,a,
ASN00041110,20031010,PRCP,0,,,a,
ASN00041110,20031011,PRCP,0,,,a,
ASN00041110,20031012,PRCP,0,,,a,
ASN00041110,20031013,PRCP,0,,,a,
ASN00041110,20031014,PRCP,0,,,a,
ASN00041110,20031015,PRCP,0,,,a,
ASN00041110,20031016,PRCP,0,,,a,
ASN00041110,20031017,PRCP,0,,,a,
ASN00041110,20031018,PRCP,0,,,a,
ASN00041110,20031019,PRCP,0,,,a,
ASN00041110,20031020,PRCP,26,,,a,
ASN00041110,20031021,PRCP,120,,,a,
ASN00041110,20031022,PRCP,0,,,a,
ASN00041110,20031023,PRCP,0,,,a,
ASN00041110,20031024,PRCP,0,,,a,
ASN00041110,20031025,PRCP,88,,,a,
ASN00041110,20031026,PRCP,0,,,a,
ASN00041110,20031027,PRCP,68,,,a,
ASN00041110,20031028,PRCP,0,,,a,
ASN00041110,20031029,PRCP,10,,,a,
ASN00041110,20031030,PRCP,0,,,a,
ASN00041110,20031031,PRCP,0,,,a,
ASN00041110,20031101,PRCP,0,,,a,
ASN00041110,20031102,PRCP,0,,,a,
ASN00041110,20031103,PRCP,0,,,a,
ASN00041110,20031104,PRCP,0,,,a,
ASN00041110,20031105,PRCP,0,,,a,
ASN00041110,20031106,PRCP,0,,,a,
ASN00041110,20031107,PRCP,0,,,a,
ASN00041110,20031108,PRCP,0,,,a,
ASN00041110,20031109,PRCP,268,,,a,
ASN00041110,20031110,PRCP,0,,,a,
ASN00041110,20031111,PRCP,0,,,a,
ASN00041110,20031112,PRCP,0,,,a,
ASN00041110,20031113,PRCP,0,,,a,
ASN00041110,20031114,PRCP,0,,,a,
ASN00041110,20031115,PRCP,0,,,a,
ASN00041110,20031116,PRCP,0,,,a,
ASN00041110,20031117,PRCP,0,,,a,
ASN00041110,20031118,PRCP,0,,,a,
ASN00041110,20031119,PRCP,0,,,a,
ASN00041110,20031120,PRCP,0,,,a,
ASN00041110,20031121,PRCP,0,,,a,
ASN00041110,20031122,PRCP,46,,,a,
ASN00041110,20031123,PRCP,250,,,a,
ASN00041110,20031124,PRCP,0,,,a,
ASN00041110,20031125,PRCP,0,,,a,
ASN00041110,20031126,PRCP,0,,,a,
ASN00041110,20031127,PRCP,0,,,a,
ASN00041110,20031128,PRCP,0,,,a,
ASN00041110,20031129,PRCP,0,,,a,
ASN00041110,20031130,PRCP,0,,,a,
ASN00041110,20031201,PRCP,0,,,a,
ASN00041110,20031202,PRCP,0,,,a,
ASN00041110,20031203,PRCP,0,,,a,
ASN00041110,20031204,PRCP,0,,,a,
ASN00041110,20031205,PRCP,0,,,a,
ASN00041110,20031206,PRCP,1542,,,a,
ASN00041110,20031207,PRCP,520,,,a,
ASN00041110,20031208,PRCP,0,,,a,
ASN00041110,20031209,PRCP,0,,,a,
ASN00041110,20031210,PRCP,0,,,a,
ASN00041110,20031211,PRCP,0,,,a,
ASN00041110,20031212,PRCP,0,,,a,
ASN00041110,20031213,PRCP,67,,,a,
ASN00041110,20031214,PRCP,22,,,a,
ASN00041110,20031215,PRCP,0,,,a,
ASN00041110,20031216,PRCP,0,,,a,
ASN00041110,20031217,PRCP,0,,,a,
ASN00041110,20031218,PRCP,0,,,a,
ASN00041110,20031219,PRCP,0,,,a,
ASN00041110,20031220,PRCP,0,,,a,
ASN00041110,20031221,PRCP,0,,,a,
ASN00041110,20031222,PRCP,0,,,a,
ASN00041110,20031223,PRCP,0,,,a,
ASN00041110,20031224,PRCP,0,,,a,
ASN00041110,20031225,PRCP,0,,,a,
ASN00041110,20031226,PRCP,0,,,a,
ASN00041110,20031227,PRCP,0,,,a,
ASN00041110,20031228,PRCP,0,,,a,
ASN00041110,20031229,PRCP,0,,,a,
ASN00041110,20031230,PRCP,0,,,a,
ASN00041110,20031231,PRCP,0,,,a,
ASN00041110,20040101,PRCP,0,,,a,
ASN00041110,20040102,PRCP,0,,,a,
ASN00041110,20040103,PRCP,0,,,a,
ASN00041110,20040104,PRCP,0,,,a,
ASN00041110,20040105,PRCP,0,,,a,
ASN00041110,20040106,PRCP,0,,,a,
ASN00041110,20040107,PRCP,0,,,a,
ASN00041110,20040108,PRCP,138,,,a,
ASN00041110,20040109,PRCP,0,,,a,
ASN00041110,20040110,PRCP,0,,,a,
ASN00041110,20040111,PRCP,156,,,a,
ASN00041110,20040112,PRCP,240,,,a,
ASN00041110,20040113,PRCP,0,,,a,
ASN00041110,20040114,PRCP,0,,,a,
ASN00041110,20040115,PRCP,446,,,a,
ASN00041110,20040116,PRCP,1060,,,a,
ASN00041110,20040117,PRCP,210,,,a,
ASN00041110,20040118,PRCP,0,,,a,
ASN00041110,20040119,PRCP,0,,,a,
ASN00041110,20040120,PRCP,0,,,a,
ASN00041110,20040121,PRCP,0,,,a,
ASN00041110,20040122,PRCP,0,,,a,
ASN00041110,20040123,PRCP,0,,,a,
ASN00041110,20040124,PRCP,0,,,a,
ASN00041110,20040125,PRCP,18,,,a,
ASN00041110,20040126,PRCP,70,,,a,
ASN00041110,20040127,PRCP,0,,,a,
ASN00041110,20040128,PRCP,0,,,a,
ASN00041110,20040129,PRCP,0,,,a,
ASN00041110,20040130,PRCP,48,,,a,
ASN00041110,20040131,PRCP,0,,,a,
ASN00041110,20040201,PRCP,0,,,a,
ASN00041110,20040202,PRCP,0,,,a,
ASN00041110,20040203,PRCP,350,,,a,
ASN00041110,20040204,PRCP,40,,,a,
ASN00041110,20040205,PRCP,0,,,a,
ASN00041110,20040206,PRCP,0,,,a,
ASN00041110,20040207,PRCP,0,,,a,
ASN00041110,20040208,PRCP,0,,,a,
ASN00041110,20040209,PRCP,0,,,a,
ASN00041110,20040210,PRCP,0,,,a,
ASN00041110,20040211,PRCP,0,,,a,
ASN00041110,20040212,PRCP,0,,,a,
ASN00041110,20040213,PRCP,0,,,a,
ASN00041110,20040214,PRCP,66,,,a,
ASN00041110,20040215,PRCP,0,,,a,
ASN00041110,20040216,PRCP,8,,,a,
ASN00041110,20040217,PRCP,0,,,a,
ASN00041110,20040218,PRCP,0,,,a,
ASN00041110,20040219,PRCP,0,,,a,
ASN00041110,20040220,PRCP,0,,,a,
ASN00041110,20040221,PRCP,0,,,a,
ASN00041110,20040222,PRCP,0,,,a,
ASN00041110,20040223,PRCP,0,,,a,
ASN00041110,20040224,PRCP,0,,,a,
ASN00041110,20040225,PRCP,80,,,a,
ASN00041110,20040226,PRCP,30,,,a,
ASN00041110,20040227,PRCP,0,,,a,
ASN00041110,20040228,PRCP,0,,,a,
ASN00041110,20040229,PRCP,0,,,a,
ASN00041110,20040301,PRCP,0,,,a,
ASN00041110,20040302,PRCP,0,,,a,
ASN00041110,20040303,PRCP,0,,,a,
ASN00041110,20040304,PRCP,0,,,a,
ASN00041110,20040305,PRCP,0,,,a,
ASN00041110,20040306,PRCP,380,,,a,
ASN00041110,20040307,PRCP,40,,,a,
ASN00041110,20040308,PRCP,0,,,a,
ASN00041110,20040309,PRCP,0,,,a,
ASN00041110,20040310,PRCP,0,,,a,
ASN00041110,20040311,PRCP,330,,,a,
ASN00041110,20040312,PRCP,0,,,a,
ASN00041110,20040313,PRCP,0,,,a,
ASN00041110,20040314,PRCP,158,,,a,
ASN00041110,20040315,PRCP,0,,,a,
ASN00041110,20040316,PRCP,0,,,a,
ASN00041110,20040317,PRCP,0,,,a,
ASN00041110,20040318,PRCP,0,,,a,
ASN00041110,20040319,PRCP,72,,,a,
ASN00041110,20040320,PRCP,0,,,a,
ASN00041110,20040321,PRCP,0,,,a,
ASN00041110,20040322,PRCP,0,,,a,
ASN00041110,20040323,PRCP,0,,,a,
ASN00041110,20040324,PRCP,10,,,a,
ASN00041110,20040325,PRCP,0,,,a,
ASN00041110,20040326,PRCP,0,,,a,
ASN00041110,20040327,PRCP,0,,,a,
ASN00041110,20040328,PRCP,0,,,a,
ASN00041110,20040329,PRCP,0,,,a,
ASN00041110,20040330,PRCP,0,,,a,
ASN00041110,20040331,PRCP,0,,,a,
ASN00041110,20040401,PRCP,0,,,a,
ASN00041110,20040402,PRCP,0,,,a,
ASN00041110,20040403,PRCP,0,,,a,
ASN00041110,20040404,PRCP,0,,,a,
ASN00041110,20040405,PRCP,0,,,a,
ASN00041110,20040406,PRCP,0,,,a,
ASN00041110,20040407,PRCP,0,,,a,
ASN00041110,20040408,PRCP,0,,,a,
ASN00041110,20040409,PRCP,0,,,a,
ASN00041110,20040410,PRCP,0,,,a,
ASN00041110,20040411,PRCP,0,,,a,
ASN00041110,20040412,PRCP,0,,,a,
ASN00041110,20040413,PRCP,0,,,a,
ASN00041110,20040414,PRCP,0,,,a,
ASN00041110,20040415,PRCP,0,,,a,
ASN00041110,20040416,PRCP,0,,,a,
ASN00041110,20040417,PRCP,0,,,a,
ASN00041110,20040418,PRCP,0,,,a,
ASN00041110,20040419,PRCP,0,,,a,
ASN00041110,20040420,PRCP,0,,,a,
ASN00041110,20040421,PRCP,0,,,a,
ASN00041110,20040422,PRCP,0,,,a,
ASN00041110,20040423,PRCP,0,,,a,
ASN00041110,20040424,PRCP,0,,,a,
ASN00041110,20040425,PRCP,0,,,a,
ASN00041110,20040426,PRCP,0,,,a,
ASN00041110,20040427,PRCP,0,,,a,
ASN00041110,20040428,PRCP,0,,,a,
ASN00041110,20040429,PRCP,310,,,a,
ASN00041110,20040430,PRCP,134,,,a,
ASN00041110,20040501,PRCP,0,,,a,
ASN00041110,20040502,PRCP,0,,,a,
ASN00041110,20040503,PRCP,0,,,a,
ASN00041110,20040504,PRCP,0,,,a,
ASN00041110,20040505,PRCP,0,,,a,
ASN00041110,20040506,PRCP,0,,,a,
ASN00041110,20040507,PRCP,0,,,a,
ASN00041110,20040508,PRCP,0,,,a,
ASN00041110,20040509,PRCP,0,,,a,
ASN00041110,20040510,PRCP,0,,,a,
ASN00041110,20040511,PRCP,0,,,a,
ASN00041110,20040512,PRCP,0,,,a,
ASN00041110,20040513,PRCP,0,,,a,
ASN00041110,20040514,PRCP,0,,,a,
ASN00041110,20040515,PRCP,0,,,a,
ASN00041110,20040516,PRCP,0,,,a,
ASN00041110,20040517,PRCP,0,,,a,
ASN00041110,20040518,PRCP,0,,,a,
ASN00041110,20040519,PRCP,0,,,a,
ASN00041110,20040520,PRCP,0,,,a,
ASN00041110,20040521,PRCP,0,,,a,
ASN00041110,20040522,PRCP,0,,,a,
ASN00041110,20040523,PRCP,0,,,a,
ASN00041110,20040524,PRCP,0,,,a,
ASN00041110,20040525,PRCP,0,,,a,
ASN00041110,20040526,PRCP,16,,,a,
ASN00041110,20040527,PRCP,100,,,a,
ASN00041110,20040528,PRCP,0,,,a,
ASN00041110,20040529,PRCP,0,,,a,
ASN00041110,20040530,PRCP,0,,,a,
ASN00041110,20040531,PRCP,0,,,a,
ASN00041110,20040601,PRCP,0,,,a,
ASN00041110,20040602,PRCP,0,,,a,
ASN00041110,20040603,PRCP,0,,,a,
ASN00041110,20040604,PRCP,0,,,a,
ASN00041110,20040605,PRCP,0,,,a,
ASN00041110,20040606,PRCP,0,,,a,
ASN00041110,20040607,PRCP,0,,,a,
ASN00041110,20040608,PRCP,0,,,a,
ASN00041110,20040609,PRCP,0,,,a,
ASN00041110,20040610,PRCP,0,,,a,
ASN00041110,20040611,PRCP,168,,,a,
ASN00041110,20040612,PRCP,0,,,a,
ASN00041110,20040613,PRCP,0,,,a,
ASN00041110,20040614,PRCP,0,,,a,
ASN00041110,20040615,PRCP,0,,,a,
ASN00041110,20040616,PRCP,0,,,a,
ASN00041110,20040617,PRCP,0,,,a,
ASN00041110,20040618,PRCP,0,,,a,
ASN00041110,20040619,PRCP,0,,,a,
ASN00041110,20040620,PRCP,0,,,a,
ASN00041110,20040621,PRCP,0,,,a,
ASN00041110,20040622,PRCP,0,,,a,
ASN00041110,20040623,PRCP,0,,,a,
ASN00041110,20040624,PRCP,0,,,a,
ASN00041110,20040625,PRCP,0,,,a,
ASN00041110,20040626,PRCP,0,,,a,
ASN00041110,20040627,PRCP,0,,,a,
ASN00041110,20040628,PRCP,0,,,a,
ASN00041110,20040629,PRCP,0,,,a,
ASN00041110,20040630,PRCP,0,,,a,
ASN00041110,20040701,PRCP,0,,,a,
ASN00041110,20040702,PRCP,0,,,a,
ASN00041110,20040703,PRCP,0,,,a,
ASN00041110,20040704,PRCP,0,,,a,
ASN00041110,20040705,PRCP,0,,,a,
ASN00041110,20040706,PRCP,0,,,a,
ASN00041110,20040707,PRCP,0,,,a,
ASN00041110,20040708,PRCP,0,,,a,
ASN00041110,20040709,PRCP,0,,,a,
ASN00041110,20040710,PRCP,0,,,a,
ASN00041110,20040711,PRCP,0,,,a,
ASN00041110,20040712,PRCP,0,,,a,
ASN00041110,20040713,PRCP,0,,,a,
ASN00041110,20040714,PRCP,0,,,a,
ASN00041110,20040715,PRCP,0,,,a,
ASN00041110,20040716,PRCP,0,,,a,
ASN00041110,20040717,PRCP,0,,,a,
ASN00041110,20040718,PRCP,0,,,a,
ASN00041110,20040719,PRCP,0,,,a,
ASN00041110,20040720,PRCP,0,,,a,
ASN00041110,20040721,PRCP,0,,,a,
ASN00041110,20040722,PRCP,0,,,a,
ASN00041110,20040723,PRCP,0,,,a,
ASN00041110,20040724,PRCP,0,,,a,
ASN00041110,20040725,PRCP,0,,,a,
ASN00041110,20040726,PRCP,0,,,a,
ASN00041110,20040727,PRCP,80,,,a,
ASN00041110,20040728,PRCP,0,,,a,
ASN00041110,20040729,PRCP,0,,,a,
ASN00041110,20040730,PRCP,0,,,a,
ASN00041110,20040731,PRCP,0,,,a,
ASN00041110,20040801,PRCP,0,,,a,
ASN00041110,20040802,PRCP,0,,,a,
ASN00041110,20040803,PRCP,68,,,a,
ASN00041110,20040804,PRCP,0,,,a,
ASN00041110,20040805,PRCP,0,,,a,
ASN00041110,20040806,PRCP,0,,,a,
ASN00041110,20040807,PRCP,0,,,a,
ASN00041110,20040808,PRCP,0,,,a,
ASN00041110,20040809,PRCP,0,,,a,
ASN00041110,20040810,PRCP,0,,,a,
ASN00041110,20040811,PRCP,0,,,a,
ASN00041110,20040812,PRCP,0,,,a,
ASN00041110,20040813,PRCP,0,,,a,
ASN00041110,20040814,PRCP,0,,,a,
ASN00041110,20040815,PRCP,0,,,a,
ASN00041110,20040816,PRCP,0,,,a,
ASN00041110,20040817,PRCP,0,,,a,
ASN00041110,20040818,PRCP,60,,,a,
ASN00041110,20040819,PRCP,0,,,a,
ASN00041110,20040820,PRCP,0,,,a,
ASN00041110,20040821,PRCP,0,,,a,
ASN00041110,20040822,PRCP,0,,,a,
ASN00041110,20040823,PRCP,0,,,a,
ASN00041110,20040824,PRCP,0,,,a,
ASN00041110,20040825,PRCP,0,,,a,
ASN00041110,20040826,PRCP,0,,,a,
ASN00041110,20040827,PRCP,0,,,a,
ASN00041110,20040828,PRCP,0,,,a,
ASN00041110,20040829,PRCP,0,,,a,
ASN00041110,20040830,PRCP,0,,,a,
ASN00041110,20040831,PRCP,90,,,a,
ASN00041110,20040901,PRCP,40,,,a,
ASN00041110,20040902,PRCP,0,,,a,
ASN00041110,20040903,PRCP,0,,,a,
ASN00041110,20040904,PRCP,0,,,a,
ASN00041110,20040905,PRCP,0,,,a,
ASN00041110,20040906,PRCP,0,,,a,
ASN00041110,20040907,PRCP,0,,,a,
ASN00041110,20040908,PRCP,0,,,a,
ASN00041110,20040909,PRCP,200,,,a,
ASN00041110,20040910,PRCP,70,,,a,
ASN00041110,20040911,PRCP,0,,,a,
ASN00041110,20040912,PRCP,0,,,a,
ASN00041110,20040913,PRCP,0,,,a,
ASN00041110,20040914,PRCP,0,,,a,
ASN00041110,20040915,PRCP,0,,,a,
ASN00041110,20040916,PRCP,0,,,a,
ASN00041110,20040917,PRCP,0,,,a,
ASN00041110,20040918,PRCP,0,,,a,
ASN00041110,20040919,PRCP,0,,,a,
ASN00041110,20040920,PRCP,0,,,a,
ASN00041110,20040921,PRCP,0,,,a,
ASN00041110,20040922,PRCP,0,,,a,
ASN00041110,20040923,PRCP,0,,,a,
ASN00041110,20040924,PRCP,0,,,a,
ASN00041110,20040925,PRCP,0,,,a,
ASN00041110,20040926,PRCP,0,,,a,
ASN00041110,20040927,PRCP,0,,,a,
ASN00041110,20040928,PRCP,0,,,a,
ASN00041110,20040929,PRCP,0,,,a,
ASN00041110,20040930,PRCP,0,,,a,
ASN00041110,20041001,PRCP,50,,,a,
ASN00041110,20041002,PRCP,0,,,a,
ASN00041110,20041003,PRCP,0,,,a,
ASN00041110,20041004,PRCP,0,,,a,
ASN00041110,20041005,PRCP,0,,,a,
ASN00041110,20041006,PRCP,0,,,a,
ASN00041110,20041007,PRCP,0,,,a,
ASN00041110,20041008,PRCP,0,,,a,
ASN00041110,20041009,PRCP,0,,,a,
ASN00041110,20041010,PRCP,0,,,a,
ASN00041110,20041011,PRCP,0,,,a,
ASN00041110,20041012,PRCP,0,,,a,
ASN00041110,20041013,PRCP,0,,,a,
ASN00041110,20041014,PRCP,0,,,a,
ASN00041110,20041015,PRCP,0,,,a,
ASN00041110,20041016,PRCP,0,,,a,
ASN00041110,20041017,PRCP,0,,,a,
ASN00041110,20041018,PRCP,154,,,a,
ASN00041110,20041019,PRCP,40,,,a,
ASN00041110,20041020,PRCP,2,,,a,
ASN00041110,20041021,PRCP,316,,,a,
ASN00041110,20041022,PRCP,34,,,a,
ASN00041110,20041023,PRCP,0,,,a,
ASN00041110,20041024,PRCP,0,,,a,
ASN00041110,20041025,PRCP,0,,,a,
ASN00041110,20041026,PRCP,0,,,a,
ASN00041110,20041027,PRCP,166,,,a,
ASN00041110,20041028,PRCP,0,,,a,
ASN00041110,20041029,PRCP,0,,,a,
ASN00041110,20041030,PRCP,0,,,a,
ASN00041110,20041031,PRCP,0,,,a,
ASN00041110,20041101,PRCP,0,,,a,
ASN00041110,20041102,PRCP,0,,,a,
ASN00041110,20041103,PRCP,50,,,a,
ASN00041110,20041104,PRCP,300,,,a,
ASN00041110,20041105,PRCP,0,,,a,
ASN00041110,20041106,PRCP,174,,,a,
ASN00041110,20041107,PRCP,0,,,a,
ASN00041110,20041108,PRCP,0,,,a,
ASN00041110,20041109,PRCP,14,,,a,
ASN00041110,20041110,PRCP,160,,,a,
ASN00041110,20041111,PRCP,0,,,a,
ASN00041110,20041112,PRCP,40,,,a,
ASN00041110,20041113,PRCP,0,,,a,
ASN00041110,20041114,PRCP,0,,,a,
ASN00041110,20041115,PRCP,0,,,a,
ASN00041110,20041116,PRCP,0,,,a,
ASN00041110,20041117,PRCP,0,,,a,
ASN00041110,20041118,PRCP,0,,,a,
ASN00041110,20041119,PRCP,0,,,a,
ASN00041110,20041120,PRCP,0,,,a,
ASN00041110,20041121,PRCP,342,,,a,
ASN00041110,20041122,PRCP,28,,,a,
ASN00041110,20041123,PRCP,90,,,a,
ASN00041110,20041124,PRCP,0,,,a,
ASN00041110,20041125,PRCP,0,,,a,
ASN00041110,20041126,PRCP,0,,,a,
ASN00041110,20041127,PRCP,0,,,a,
ASN00041110,20041128,PRCP,0,,,a,
ASN00041110,20041129,PRCP,0,,,a,
ASN00041110,20041130,PRCP,0,,,a,
ASN00041110,20041201,PRCP,0,,,a,
ASN00041110,20041202,PRCP,0,,,a,
ASN00041110,20041203,PRCP,0,,,a,
ASN00041110,20041204,PRCP,0,,,a,
ASN00041110,20041205,PRCP,0,,,a,
ASN00041110,20041206,PRCP,0,,,a,
ASN00041110,20041207,PRCP,146,,,a,
ASN00041110,20041208,PRCP,164,,,a,
ASN00041110,20041209,PRCP,200,,,a,
ASN00041110,20041210,PRCP,30,,,a,
ASN00041110,20041211,PRCP,190,,,a,
ASN00041110,20041212,PRCP,0,,,a,
ASN00041110,20041213,PRCP,8,,,a,
ASN00041110,20041214,PRCP,0,,,a,
ASN00041110,20041215,PRCP,0,,,a,
ASN00041110,20041216,PRCP,0,,,a,
ASN00041110,20041217,PRCP,0,,,a,
ASN00041110,20041218,PRCP,0,,,a,
ASN00041110,20041219,PRCP,0,,,a,
ASN00041110,20041220,PRCP,2,,,a,
ASN00041110,20041221,PRCP,0,,,a,
ASN00041110,20041222,PRCP,0,,,a,
ASN00041110,20041223,PRCP,80,,,a,
ASN00041110,20041224,PRCP,0,,,a,
ASN00041110,20041225,PRCP,94,,,a,
ASN00041110,20041226,PRCP,90,,,a,
ASN00041110,20041227,PRCP,0,,,a,
ASN00041110,20041228,PRCP,140,,,a,
ASN00041110,20041229,PRCP,0,,,a,
ASN00041110,20041230,PRCP,0,,,a,
ASN00041110,20041231,PRCP,0,,,a,
ASN00041110,20050101,PRCP,0,,,a,
ASN00041110,20050102,PRCP,0,,,a,
ASN00041110,20050103,PRCP,0,,,a,
ASN00041110,20050104,PRCP,0,,,a,
ASN00041110,20050105,PRCP,0,,,a,
ASN00041110,20050106,PRCP,0,,,a,
ASN00041110,20050107,PRCP,0,,,a,
ASN00041110,20050108,PRCP,0,,,a,
ASN00041110,20050109,PRCP,0,,,a,
ASN00041110,20050110,PRCP,0,,,a,
ASN00041110,20050111,PRCP,0,,,a,
ASN00041110,20050112,PRCP,0,,,a,
ASN00041110,20050113,PRCP,0,,,a,
ASN00041110,20050114,PRCP,0,,,a,
ASN00041110,20050115,PRCP,0,,,a,
ASN00041110,20050116,PRCP,0,,,a,
ASN00041110,20050117,PRCP,0,,,a,
ASN00041110,20050118,PRCP,0,,,a,
ASN00041110,20050119,PRCP,0,,,a,
ASN00041110,20050120,PRCP,0,,,a,
ASN00041110,20050121,PRCP,0,,,a,
ASN00041110,20050122,PRCP,90,,,a,
ASN00041110,20050123,PRCP,50,,,a,
ASN00041110,20050124,PRCP,0,,,a,
ASN00041110,20050125,PRCP,0,,,a,
ASN00041110,20050126,PRCP,0,,,a,
ASN00041110,20050127,PRCP,0,,,a,
ASN00041110,20050128,PRCP,0,,,a,
ASN00041110,20050129,PRCP,0,,,a,
ASN00041110,20050130,PRCP,0,,,a,
ASN00041110,20050131,PRCP,0,,,a,
ASN00041110,20050201,PRCP,0,,,a,
ASN00041110,20050202,PRCP,0,,,a,
ASN00041110,20050203,PRCP,0,,,a,
ASN00041110,20050204,PRCP,0,,,a,
ASN00041110,20050205,PRCP,0,,,a,
ASN00041110,20050206,PRCP,0,,,a,
ASN00041110,20050207,PRCP,0,,,a,
ASN00041110,20050208,PRCP,0,,,a,
ASN00041110,20050209,PRCP,0,,,a,
ASN00041110,20050210,PRCP,30,,,a,
ASN00041110,20050211,PRCP,140,,,a,
ASN00041110,20050212,PRCP,0,,,a,
ASN00041110,20050213,PRCP,0,,,a,
ASN00041110,20050214,PRCP,0,,,a,
ASN00041110,20050215,PRCP,0,,,a,
ASN00041110,20050216,PRCP,0,,,a,
ASN00041110,20050217,PRCP,0,,,a,
ASN00041110,20050218,PRCP,94,,,a,
ASN00041110,20050219,PRCP,0,,,a,
ASN00041110,20050220,PRCP,0,,,a,
ASN00041110,20050221,PRCP,0,,,a,
ASN00041110,20050222,PRCP,0,,,a,
ASN00041110,20050223,PRCP,0,,,a,
ASN00041110,20050224,PRCP,0,,,a,
ASN00041110,20050225,PRCP,0,,,a,
ASN00041110,20050226,PRCP,0,,,a,
ASN00041110,20050227,PRCP,0,,,a,
ASN00041110,20050228,PRCP,0,,,a,
ASN00041110,20050301,PRCP,0,,,a,
ASN00041110,20050302,PRCP,0,,,a,
ASN00041110,20050303,PRCP,0,,,a,
ASN00041110,20050304,PRCP,0,,,a,
ASN00041110,20050305,PRCP,0,,,a,
ASN00041110,20050306,PRCP,0,,,a,
ASN00041110,20050307,PRCP,0,,,a,
ASN00041110,20050308,PRCP,0,,,a,
ASN00041110,20050309,PRCP,26,,,a,
ASN00041110,20050310,PRCP,0,,,a,
ASN00041110,20050311,PRCP,0,,,a,
ASN00041110,20050312,PRCP,0,,,a,
ASN00041110,20050313,PRCP,0,,,a,
ASN00041110,20050314,PRCP,0,,,a,
ASN00041110,20050315,PRCP,0,,,a,
ASN00041110,20050316,PRCP,0,,,a,
ASN00041110,20050317,PRCP,0,,,a,
ASN00041110,20050318,PRCP,90,,,a,
ASN00041110,20050319,PRCP,114,,,a,
ASN00041110,20050320,PRCP,0,,,a,
ASN00041110,20050321,PRCP,0,,,a,
ASN00041110,20050322,PRCP,0,,,a,
ASN00041110,20050323,PRCP,0,,,a,
ASN00041110,20050324,PRCP,0,,,a,
ASN00041110,20050325,PRCP,0,,,a,
ASN00041110,20050326,PRCP,0,,,a,
ASN00041110,20050327,PRCP,0,,,a,
ASN00041110,20050328,PRCP,0,,,a,
ASN00041110,20050329,PRCP,0,,,a,
ASN00041110,20050330,PRCP,0,,,a,
ASN00041110,20050331,PRCP,40,,,a,
ASN00041110,20050401,PRCP,0,,,a,
ASN00041110,20050402,PRCP,0,,,a,
ASN00041110,20050403,PRCP,0,,,a,
ASN00041110,20050404,PRCP,0,,,a,
ASN00041110,20050405,PRCP,0,,,a,
ASN00041110,20050406,PRCP,0,,,a,
ASN00041110,20050407,PRCP,0,,,a,
ASN00041110,20050408,PRCP,0,,,a,
ASN00041110,20050409,PRCP,0,,,a,
ASN00041110,20050410,PRCP,0,,,a,
ASN00041110,20050411,PRCP,0,,,a,
ASN00041110,20050412,PRCP,0,,,a,
ASN00041110,20050413,PRCP,0,,,a,
ASN00041110,20050414,PRCP,0,,,a,
ASN00041110,20050415,PRCP,0,,,a,
ASN00041110,20050416,PRCP,0,,,a,
ASN00041110,20050417,PRCP,0,,,a,
ASN00041110,20050418,PRCP,0,,,a,
ASN00041110,20050419,PRCP,0,,,a,
ASN00041110,20050420,PRCP,0,,,a,
ASN00041110,20050421,PRCP,0,,,a,
ASN00041110,20050422,PRCP,0,,,a,
ASN00041110,20050423,PRCP,0,,,a,
ASN00041110,20050424,PRCP,0,,,a,
ASN00041110,20050425,PRCP,0,,,a,
ASN00041110,20050426,PRCP,0,,,a,
ASN00041110,20050427,PRCP,0,,,a,
ASN00041110,20050428,PRCP,32,,,a,
ASN00041110,20050429,PRCP,0,,,a,
ASN00041110,20050430,PRCP,0,,,a,
ASN00041110,20050501,PRCP,0,,,a,
ASN00041110,20050502,PRCP,0,,,a,
ASN00041110,20050503,PRCP,0,,,a,
ASN00041110,20050504,PRCP,0,,,a,
ASN00041110,20050505,PRCP,0,,,a,
ASN00041110,20050506,PRCP,0,,,a,
ASN00041110,20050507,PRCP,0,,,a,
ASN00041110,20050508,PRCP,0,,,a,
ASN00041110,20050509,PRCP,0,,,a,
ASN00041110,20050510,PRCP,0,,,a,
ASN00041110,20050511,PRCP,0,,,a,
ASN00041110,20050512,PRCP,232,,,a,
ASN00041110,20050513,PRCP,0,,,a,
ASN00041110,20050514,PRCP,0,,,a,
ASN00041110,20050515,PRCP,0,,,a,
ASN00041110,20050516,PRCP,0,,,a,
ASN00041110,20050517,PRCP,0,,,a,
ASN00041110,20050518,PRCP,0,,,a,
ASN00041110,20050519,PRCP,0,,,a,
ASN00041110,20050520,PRCP,0,,,a,
ASN00041110,20050521,PRCP,0,,,a,
ASN00041110,20050522,PRCP,0,,,a,
ASN00041110,20050523,PRCP,0,,,a,
ASN00041110,20050524,PRCP,0,,,a,
ASN00041110,20050525,PRCP,0,,,a,
ASN00041110,20050526,PRCP,0,,,a,
ASN00041110,20050527,PRCP,0,,,a,
ASN00041110,20050528,PRCP,0,,,a,
ASN00041110,20050529,PRCP,0,,,a,
ASN00041110,20050530,PRCP,0,,,a,
ASN00041110,20050531,PRCP,0,,,a,
ASN00041110,20050601,PRCP,0,,,a,
ASN00041110,20050602,PRCP,0,,,a,
ASN00041110,20050603,PRCP,0,,,a,
ASN00041110,20050604,PRCP,0,,,a,
ASN00041110,20050605,PRCP,0,,,a,
ASN00041110,20050606,PRCP,0,,,a,
ASN00041110,20050607,PRCP,0,,,a,
ASN00041110,20050608,PRCP,0,,,a,
ASN00041110,20050609,PRCP,0,,,a,
ASN00041110,20050610,PRCP,0,,,a,
ASN00041110,20050611,PRCP,0,,,a,
ASN00041110,20050612,PRCP,100,,,a,
ASN00041110,20050613,PRCP,0,,,a,
ASN00041110,20050614,PRCP,0,,,a,
ASN00041110,20050615,PRCP,234,,,a,
ASN00041110,20050616,PRCP,0,,,a,
ASN00041110,20050617,PRCP,0,,,a,
ASN00041110,20050618,PRCP,0,,,a,
ASN00041110,20050619,PRCP,0,,,a,
ASN00041110,20050620,PRCP,230,,,a,
ASN00041110,20050621,PRCP,20,,,a,
ASN00041110,20050622,PRCP,0,,,a,
ASN00041110,20050623,PRCP,8,,,a,
ASN00041110,20050624,PRCP,0,,,a,
ASN00041110,20050625,PRCP,0,,,a,
ASN00041110,20050626,PRCP,0,,,a,
ASN00041110,20050627,PRCP,0,,,a,
ASN00041110,20050628,PRCP,16,,,a,
ASN00041110,20050629,PRCP,110,,,a,
ASN00041110,20050630,PRCP,390,,,a,
ASN00041110,20050701,PRCP,18,,,a,
ASN00041110,20050702,PRCP,0,,,a,
ASN00041110,20050703,PRCP,0,,,a,
ASN00041110,20050704,PRCP,0,,,a,
ASN00041110,20050705,PRCP,0,,,a,
ASN00041110,20050706,PRCP,0,,,a,
ASN00041110,20050707,PRCP,0,,,a,
ASN00041110,20050708,PRCP,0,,,a,
ASN00041110,20050709,PRCP,0,,,a,
ASN00041110,20050710,PRCP,10,,,a,
ASN00041110,20050711,PRCP,0,,,a,
ASN00041110,20050712,PRCP,0,,,a,
ASN00041110,20050713,PRCP,0,,,a,
ASN00041110,20050714,PRCP,0,,,a,
ASN00041110,20050715,PRCP,8,,,a,
ASN00041110,20050716,PRCP,0,,,a,
ASN00041110,20050717,PRCP,0,,,a,
ASN00041110,20050718,PRCP,0,,,a,
ASN00041110,20050719,PRCP,0,,,a,
ASN00041110,20050720,PRCP,0,,,a,
ASN00041110,20050721,PRCP,0,,,a,
ASN00041110,20050722,PRCP,0,,,a,
ASN00041110,20050723,PRCP,0,,,a,
ASN00041110,20050724,PRCP,0,,,a,
ASN00041110,20050725,PRCP,0,,,a,
ASN00041110,20050726,PRCP,0,,,a,
ASN00041110,20050727,PRCP,0,,,a,
ASN00041110,20050728,PRCP,0,,,a,
ASN00041110,20050729,PRCP,0,,,a,
ASN00041110,20050730,PRCP,0,,,a,
ASN00041110,20050731,PRCP,0,,,a,
ASN00041110,20050801,PRCP,0,,,a,
ASN00041110,20050802,PRCP,0,,,a,
ASN00041110,20050803,PRCP,0,,,a,
ASN00041110,20050804,PRCP,0,,,a,
ASN00041110,20050805,PRCP,68,,,a,
ASN00041110,20050806,PRCP,0,,,a,
ASN00041110,20050807,PRCP,0,,,a,
ASN00041110,20050808,PRCP,0,,,a,
ASN00041110,20050809,PRCP,0,,,a,
ASN00041110,20050810,PRCP,0,,,a,
ASN00041110,20050811,PRCP,0,,,a,
ASN00041110,20050812,PRCP,0,,,a,
ASN00041110,20050813,PRCP,0,,,a,
ASN00041110,20050814,PRCP,0,,,a,
ASN00041110,20050815,PRCP,0,,,a,
ASN00041110,20050816,PRCP,0,,,a,
ASN00041110,20050817,PRCP,0,,,a,
ASN00041110,20050818,PRCP,0,,,a,
ASN00041110,20050819,PRCP,0,,,a,
ASN00041110,20050820,PRCP,0,,,a,
ASN00041110,20050821,PRCP,0,,,a,
ASN00041110,20050822,PRCP,0,,,a,
ASN00041110,20050823,PRCP,0,,,a,
ASN00041110,20050824,PRCP,0,,,a,
ASN00041110,20050825,PRCP,0,,,a,
ASN00041110,20050826,PRCP,0,,,a,
ASN00041110,20050827,PRCP,0,,,a,
ASN00041110,20050828,PRCP,0,,,a,
ASN00041110,20050829,PRCP,0,,,a,
ASN00041110,20050830,PRCP,0,,,a,
ASN00041110,20050831,PRCP,0,,,a,
ASN00041110,20050901,PRCP,0,,,a,
ASN00041110,20050902,PRCP,0,,,a,
ASN00041110,20050903,PRCP,20,,,a,
ASN00041110,20050904,PRCP,0,,,a,
ASN00041110,20050905,PRCP,0,,,a,
ASN00041110,20050906,PRCP,0,,,a,
ASN00041110,20050907,PRCP,0,,,a,
ASN00041110,20050908,PRCP,0,,,a,
ASN00041110,20050909,PRCP,0,,,a,
ASN00041110,20050910,PRCP,0,,,a,
ASN00041110,20050911,PRCP,0,,,a,
ASN00041110,20050912,PRCP,0,,,a,
ASN00041110,20050913,PRCP,0,,,a,
ASN00041110,20050914,PRCP,0,,,a,
ASN00041110,20050915,PRCP,0,,,a,
ASN00041110,20050916,PRCP,0,,,a,
ASN00041110,20050917,PRCP,50,,,a,
ASN00041110,20050918,PRCP,0,,,a,
ASN00041110,20050919,PRCP,0,,,a,
ASN00041110,20050920,PRCP,0,,,a,
ASN00041110,20050921,PRCP,0,,,a,
ASN00041110,20050922,PRCP,0,,,a,
ASN00041110,20050923,PRCP,0,,,a,
ASN00041110,20050924,PRCP,0,,,a,
ASN00041110,20050925,PRCP,0,,,a,
ASN00041110,20050926,PRCP,0,,,a,
ASN00041110,20050927,PRCP,0,,,a,
ASN00041110,20050928,PRCP,16,,,a,
ASN00041110,20050929,PRCP,0,,,a,
ASN00041110,20050930,PRCP,0,,,a,
ASN00041110,20051001,PRCP,4,,,a,
ASN00041110,20051002,PRCP,0,,,a,
ASN00041110,20051003,PRCP,0,,,a,
ASN00041110,20051004,PRCP,0,,,a,
ASN00041110,20051005,PRCP,0,,,a,
ASN00041110,20051006,PRCP,0,,,a,
ASN00041110,20051007,PRCP,0,,,a,
ASN00041110,20051008,PRCP,0,,,a,
ASN00041110,20051009,PRCP,0,,,a,
ASN00041110,20051010,PRCP,0,,,a,
ASN00041110,20051011,PRCP,0,,,a,
ASN00041110,20051012,PRCP,0,,,a,
ASN00041110,20051013,PRCP,0,,,a,
ASN00041110,20051014,PRCP,130,,,a,
ASN00041110,20051015,PRCP,120,,,a,
ASN00041110,20051016,PRCP,514,,,a,
ASN00041110,20051017,PRCP,20,,,a,
ASN00041110,20051018,PRCP,0,,,a,
ASN00041110,20051019,PRCP,0,,,a,
ASN00041110,20051020,PRCP,18,,,a,
ASN00041110,20051021,PRCP,38,,,a,
ASN00041110,20051022,PRCP,0,,,a,
ASN00041110,20051023,PRCP,0,,,a,
ASN00041110,20051024,PRCP,0,,,a,
ASN00041110,20051025,PRCP,80,,,a,
ASN00041110,20051026,PRCP,180,,,a,
ASN00041110,20051027,PRCP,0,,,a,
ASN00041110,20051028,PRCP,30,,,a,
ASN00041110,20051029,PRCP,0,,,a,
ASN00041110,20051030,PRCP,0,,,a,
ASN00041110,20051031,PRCP,0,,,a,
ASN00041110,20051101,PRCP,0,,,a,
ASN00041110,20051102,PRCP,0,,,a,
ASN00041110,20051103,PRCP,0,,,a,
ASN00041110,20051104,PRCP,0,,,a,
ASN00041110,20051105,PRCP,0,,,a,
ASN00041110,20051106,PRCP,200,,,a,
ASN00041110,20051107,PRCP,0,,,a,
ASN00041110,20051108,PRCP,0,,,a,
ASN00041110,20051109,PRCP,0,,,a,
ASN00041110,20051110,PRCP,200,,,a,
ASN00041110,20051111,PRCP,288,,,a,
ASN00041110,20051112,PRCP,0,,,a,
ASN00041110,20051113,PRCP,0,,,a,
ASN00041110,20051114,PRCP,0,,,a,
ASN00041110,20051115,PRCP,74,,,a,
ASN00041110,20051116,PRCP,0,,,a,
ASN00041110,20051117,PRCP,0,,,a,
ASN00041110,20051118,PRCP,0,,,a,
ASN00041110,20051119,PRCP,0,,,a,
ASN00041110,20051120,PRCP,0,,,a,
ASN00041110,20051121,PRCP,2,,,a,
ASN00041110,20051122,PRCP,1200,,,a,
ASN00041110,20051123,PRCP,240,,,a,
ASN00041110,20051124,PRCP,50,,,a,
ASN00041110,20051125,PRCP,0,,,a,
ASN00041110,20051126,PRCP,0,,,a,
ASN00041110,20051127,PRCP,0,,,a,
ASN00041110,20051128,PRCP,0,,,a,
ASN00041110,20051129,PRCP,0,,,a,
ASN00041110,20051130,PRCP,0,,,a,
ASN00041110,20051201,PRCP,51,,,a,
ASN00041110,20051202,PRCP,132,,,a,
ASN00041110,20051203,PRCP,220,,,a,
ASN00041110,20051204,PRCP,0,,,a,
ASN00041110,20051205,PRCP,0,,,a,
ASN00041110,20051206,PRCP,0,,,a,
ASN00041110,20051207,PRCP,0,,,a,
ASN00041110,20051208,PRCP,98,,,a,
ASN00041110,20051209,PRCP,0,,,a,
ASN00041110,20051210,PRCP,0,,,a,
ASN00041110,20051211,PRCP,0,,,a,
ASN00041110,20051212,PRCP,0,,,a,
ASN00041110,20051213,PRCP,0,,,a,
ASN00041110,20051214,PRCP,60,,,a,
ASN00041110,20051215,PRCP,0,,,a,
ASN00041110,20051216,PRCP,0,,,a,
ASN00041110,20051217,PRCP,162,,,a,
ASN00041110,20051218,PRCP,0,,,a,
ASN00041110,20051219,PRCP,0,,,a,
ASN00041110,20051220,PRCP,0,,,a,
ASN00041110,20051221,PRCP,0,,,a,
ASN00041110,20051222,PRCP,0,,,a,
ASN00041110,20051223,PRCP,0,,,a,
ASN00041110,20051224,PRCP,0,,,a,
ASN00041110,20051225,PRCP,0,,,a,
ASN00041110,20051226,PRCP,0,,,a,
ASN00041110,20051227,PRCP,0,,,a,
ASN00041110,20051228,PRCP,0,,,a,
ASN00041110,20051229,PRCP,0,,,a,
ASN00041110,20051230,PRCP,0,,,a,
ASN00041110,20051231,PRCP,0,,,a,
ASN00041110,20060101,PRCP,0,,,a,
ASN00041110,20060102,PRCP,0,,,a,
ASN00041110,20060103,PRCP,0,,,a,
ASN00041110,20060104,PRCP,70,,,a,
ASN00041110,20060105,PRCP,380,,,a,
ASN00041110,20060106,PRCP,0,,,a,
ASN00041110,20060107,PRCP,120,,,a,
ASN00041110,20060108,PRCP,250,,,a,
ASN00041110,20060109,PRCP,0,,,a,
ASN00041110,20060110,PRCP,22,,,a,
ASN00041110,20060111,PRCP,0,,,a,
ASN00041110,20060112,PRCP,0,,,a,
ASN00041110,20060113,PRCP,40,,,a,
ASN00041110,20060114,PRCP,0,,,a,
ASN00041110,20060115,PRCP,0,,,a,
ASN00041110,20060116,PRCP,0,,,a,
ASN00041110,20060117,PRCP,0,,,a,
ASN00041110,20060118,PRCP,0,,,a,
ASN00041110,20060119,PRCP,94,,,a,
ASN00041110,20060120,PRCP,0,,,a,
ASN00041110,20060121,PRCP,0,,,a,
ASN00041110,20060122,PRCP,0,,,a,
ASN00041110,20060123,PRCP,0,,,a,
ASN00041110,20060124,PRCP,0,,,a,
ASN00041110,20060125,PRCP,0,,,a,
ASN00041110,20060126,PRCP,0,,,a,
ASN00041110,20060127,PRCP,0,,,a,
ASN00041110,20060128,PRCP,0,,,a,
ASN00041110,20060129,PRCP,0,,,a,
ASN00041110,20060130,PRCP,0,,,a,
ASN00041110,20060131,PRCP,0,,,a,
ASN00041110,20060201,PRCP,0,,,a,
ASN00041110,20060202,PRCP,0,,,a,
ASN00041110,20060203,PRCP,0,,,a,
ASN00041110,20060204,PRCP,0,,,a,
ASN00041110,20060205,PRCP,0,,,a,
ASN00041110,20060206,PRCP,68,,,a,
ASN00041110,20060207,PRCP,116,,,a,
ASN00041110,20060208,PRCP,0,,,a,
ASN00041110,20060209,PRCP,0,,,a,
ASN00041110,20060210,PRCP,0,,,a,
ASN00041110,20060211,PRCP,0,,,a,
ASN00041110,20060212,PRCP,0,,,a,
ASN00041110,20060213,PRCP,70,,,a,
ASN00041110,20060214,PRCP,0,,,a,
ASN00041110,20060215,PRCP,0,,,a,
ASN00041110,20060216,PRCP,0,,,a,
ASN00041110,20060217,PRCP,0,,,a,
ASN00041110,20060218,PRCP,0,,,a,
ASN00041110,20060219,PRCP,0,,,a,
ASN00041110,20060220,PRCP,0,,,a,
ASN00041110,20060221,PRCP,0,,,a,
ASN00041110,20060222,PRCP,0,,,a,
ASN00041110,20060223,PRCP,0,,,a,
ASN00041110,20060224,PRCP,0,,,a,
ASN00041110,20060225,PRCP,0,,,a,
ASN00041110,20060226,PRCP,0,,,a,
ASN00041110,20060227,PRCP,48,,,a,
ASN00041110,20060228,PRCP,0,,,a,
ASN00041110,20060301,PRCP,10,,,a,
ASN00041110,20060302,PRCP,0,,,a,
ASN00041110,20060303,PRCP,0,,,a,
ASN00041110,20060304,PRCP,0,,,a,
ASN00041110,20060305,PRCP,0,,,a,
ASN00041110,20060306,PRCP,0,,,a,
ASN00041110,20060307,PRCP,0,,,a,
ASN00041110,20060308,PRCP,0,,,a,
ASN00041110,20060309,PRCP,0,,,a,
ASN00041110,20060310,PRCP,0,,,a,
ASN00041110,20060311,PRCP,0,,,a,
ASN00041110,20060312,PRCP,0,,,a,
ASN00041110,20060313,PRCP,0,,,a,
ASN00041110,20060314,PRCP,0,,,a,
ASN00041110,20060315,PRCP,0,,,a,
ASN00041110,20060316,PRCP,0,,,a,
ASN00041110,20060317,PRCP,0,,,a,
ASN00041110,20060318,PRCP,0,,,a,
ASN00041110,20060319,PRCP,0,,,a,
ASN00041110,20060320,PRCP,0,,,a,
ASN00041110,20060321,PRCP,0,,,a,
ASN00041110,20060322,PRCP,0,,,a,
ASN00041110,20060323,PRCP,0,,,a,
ASN00041110,20060324,PRCP,0,,,a,
ASN00041110,20060325,PRCP,0,,,a,
ASN00041110,20060326,PRCP,0,,,a,
ASN00041110,20060327,PRCP,0,,,a,
ASN00041110,20060328,PRCP,0,,,a,
ASN00041110,20060329,PRCP,0,,,a,
ASN00041110,20060330,PRCP,40,,,a,
ASN00041110,20060331,PRCP,30,,,a,
ASN00041110,20060401,PRCP,14,,,a,
ASN00041110,20060402,PRCP,0,,,a,
ASN00041110,20060403,PRCP,0,,,a,
ASN00041110,20060404,PRCP,0,,,a,
ASN00041110,20060405,PRCP,34,,,a,
ASN00041110,20060406,PRCP,0,,,a,
ASN00041110,20060407,PRCP,0,,,a,
ASN00041110,20060408,PRCP,0,,,a,
ASN00041110,20060409,PRCP,0,,,a,
ASN00041110,20060410,PRCP,0,,,a,
ASN00041110,20060411,PRCP,0,,,a,
ASN00041110,20060412,PRCP,0,,,a,
ASN00041110,20060413,PRCP,0,,,a,
ASN00041110,20060414,PRCP,0,,,a,
ASN00041110,20060415,PRCP,0,,,a,
ASN00041110,20060416,PRCP,0,,,a,
ASN00041110,20060417,PRCP,0,,,a,
ASN00041110,20060418,PRCP,0,,,a,
ASN00041110,20060419,PRCP,0,,,a,
ASN00041110,20060420,PRCP,0,,,a,
ASN00041110,20060421,PRCP,0,,,a,
ASN00041110,20060422,PRCP,0,,,a,
ASN00041110,20060423,PRCP,0,,,a,
ASN00041110,20060424,PRCP,0,,,a,
ASN00041110,20060425,PRCP,0,,,a,
ASN00041110,20060426,PRCP,0,,,a,
ASN00041110,20060427,PRCP,0,,,a,
ASN00041110,20060428,PRCP,0,,,a,
ASN00041110,20060429,PRCP,0,,,a,
ASN00041110,20060430,PRCP,0,,,a,
ASN00041110,20060501,PRCP,66,,,a,
ASN00041110,20060502,PRCP,0,,,a,
ASN00041110,20060503,PRCP,0,,,a,
ASN00041110,20060504,PRCP,0,,,a,
ASN00041110,20060505,PRCP,0,,,a,
ASN00041110,20060506,PRCP,0,,,a,
ASN00041110,20060507,PRCP,0,,,a,
ASN00041110,20060508,PRCP,0,,,a,
ASN00041110,20060509,PRCP,0,,,a,
ASN00041110,20060510,PRCP,0,,,a,
ASN00041110,20060511,PRCP,0,,,a,
ASN00041110,20060512,PRCP,0,,,a,
ASN00041110,20060513,PRCP,0,,,a,
ASN00041110,20060514,PRCP,0,,,a,
ASN00041110,20060515,PRCP,0,,,a,
ASN00041110,20060516,PRCP,0,,,a,
ASN00041110,20060517,PRCP,0,,,a,
ASN00041110,20060518,PRCP,0,,,a,
ASN00041110,20060519,PRCP,0,,,a,
ASN00041110,20060520,PRCP,0,,,a,
ASN00041110,20060521,PRCP,0,,,a,
ASN00041110,20060522,PRCP,0,,,a,
ASN00041110,20060523,PRCP,118,,,a,
ASN00041110,20060524,PRCP,0,,,a,
ASN00041110,20060525,PRCP,0,,,a,
ASN00041110,20060526,PRCP,0,,,a,
ASN00041110,20060527,PRCP,0,,,a,
ASN00041110,20060528,PRCP,0,,,a,
ASN00041110,20060529,PRCP,0,,,a,
ASN00041110,20060530,PRCP,0,,,a,
ASN00041110,20060531,PRCP,0,,,a,
ASN00041110,20060601,PRCP,0,,,a,
ASN00041110,20060602,PRCP,0,,,a,
ASN00041110,20060603,PRCP,0,,,a,
ASN00041110,20060604,PRCP,0,,,a,
ASN00041110,20060605,PRCP,0,,,a,
ASN00041110,20060606,PRCP,0,,,a,
ASN00041110,20060607,PRCP,0,,,a,
ASN00041110,20060608,PRCP,0,,,a,
ASN00041110,20060609,PRCP,0,,,a,
ASN00041110,20060610,PRCP,0,,,a,
ASN00041110,20060611,PRCP,50,,,a,
ASN00041110,20060612,PRCP,0,,,a,
ASN00041110,20060613,PRCP,0,,,a,
ASN00041110,20060614,PRCP,0,,,a,
ASN00041110,20060615,PRCP,0,,,a,
ASN00041110,20060616,PRCP,0,,,a,
ASN00041110,20060617,PRCP,0,,,a,
ASN00041110,20060618,PRCP,0,,,a,
ASN00041110,20060619,PRCP,0,,,a,
ASN00041110,20060620,PRCP,0,,,a,
ASN00041110,20060621,PRCP,0,,,a,
ASN00041110,20060622,PRCP,0,,,a,
ASN00041110,20060623,PRCP,0,,,a,
ASN00041110,20060624,PRCP,0,,,a,
ASN00041110,20060625,PRCP,0,,,a,
ASN00041110,20060626,PRCP,0,,,a,
ASN00041110,20060627,PRCP,0,,,a,
ASN00041110,20060628,PRCP,0,,,a,
ASN00041110,20060629,PRCP,0,,,a,
ASN00041110,20060630,PRCP,0,,,a,
ASN00041110,20060701,PRCP,0,,,a,
ASN00041110,20060702,PRCP,0,,,a,
ASN00041110,20060703,PRCP,0,,,a,
ASN00041110,20060704,PRCP,0,,,a,
ASN00041110,20060705,PRCP,0,,,a,
ASN00041110,20060706,PRCP,0,,,a,
ASN00041110,20060707,PRCP,0,,,a,
ASN00041110,20060708,PRCP,0,,,a,
ASN00041110,20060709,PRCP,0,,,a,
ASN00041110,20060710,PRCP,0,,,a,
ASN00041110,20060711,PRCP,0,,,a,
ASN00041110,20060712,PRCP,0,,,a,
ASN00041110,20060713,PRCP,0,,,a,
ASN00041110,20060714,PRCP,0,,,a,
ASN00041110,20060715,PRCP,0,,,a,
ASN00041110,20060716,PRCP,124,,,a,
ASN00041110,20060717,PRCP,0,,,a,
ASN00041110,20060718,PRCP,0,,,a,
ASN00041110,20060719,PRCP,0,,,a,
ASN00041110,20060720,PRCP,0,,,a,
ASN00041110,20060721,PRCP,0,,,a,
ASN00041110,20060722,PRCP,0,,,a,
ASN00041110,20060723,PRCP,0,,,a,
ASN00041110,20060724,PRCP,40,,,a,
ASN00041110,20060725,PRCP,120,,,a,
ASN00041110,20060726,PRCP,112,,,a,
ASN00041110,20060727,PRCP,0,,,a,
ASN00041110,20060728,PRCP,34,,,a,
ASN00041110,20060729,PRCP,36,,,a,
ASN00041110,20060730,PRCP,0,,,a,
ASN00041110,20060731,PRCP,0,,,a,
ASN00041110,20060801,PRCP,0,,,a,
ASN00041110,20060802,PRCP,0,,,a,
ASN00041110,20060803,PRCP,0,,,a,
ASN00041110,20060804,PRCP,0,,,a,
ASN00041110,20060805,PRCP,0,,,a,
ASN00041110,20060806,PRCP,0,,,a,
ASN00041110,20060807,PRCP,0,,,a,
ASN00041110,20060808,PRCP,0,,,a,
ASN00041110,20060809,PRCP,0,,,a,
ASN00041110,20060810,PRCP,0,,,a,
ASN00041110,20060811,PRCP,0,,,a,
ASN00041110,20060812,PRCP,0,,,a,
ASN00041110,20060813,PRCP,0,,,a,
ASN00041110,20060814,PRCP,0,,,a,
ASN00041110,20060815,PRCP,0,,,a,
ASN00041110,20060816,PRCP,0,,,a,
ASN00041110,20060817,PRCP,0,,,a,
ASN00041110,20060818,PRCP,0,,,a,
ASN00041110,20060819,PRCP,0,,,a,
ASN00041110,20060820,PRCP,0,,,a,
ASN00041110,20060821,PRCP,0,,,a,
ASN00041110,20060822,PRCP,0,,,a,
ASN00041110,20060823,PRCP,0,,,a,
ASN00041110,20060824,PRCP,0,,,a,
ASN00041110,20060825,PRCP,0,,,a,
ASN00041110,20060826,PRCP,0,,,a,
ASN00041110,20060827,PRCP,0,,,a,
ASN00041110,20060828,PRCP,5,,,a,
ASN00041110,20060829,PRCP,15,,,a,
ASN00041110,20060830,PRCP,0,,,a,
ASN00041110,20060831,PRCP,30,,,a,
ASN00041110,20060901,PRCP,15,,,a,
ASN00041110,20060902,PRCP,0,,,a,
ASN00041110,20060903,PRCP,0,,,a,
ASN00041110,20060904,PRCP,0,,,a,
ASN00041110,20060905,PRCP,0,,,a,
ASN00041110,20060906,PRCP,0,,,a,
ASN00041110,20060907,PRCP,0,,,a,
ASN00041110,20060908,PRCP,0,,,a,
ASN00041110,20060909,PRCP,0,,,a,
ASN00041110,20060910,PRCP,185,,,a,
ASN00041110,20060911,PRCP,130,,,a,
ASN00041110,20060912,PRCP,0,,,a,
ASN00041110,20060913,PRCP,0,,,a,
ASN00041110,20060914,PRCP,0,,,a,
ASN00041110,20060915,PRCP,0,,,a,
ASN00041110,20060916,PRCP,0,,,a,
ASN00041110,20060917,PRCP,0,,,a,
ASN00041110,20060918,PRCP,0,,,a,
ASN00041110,20060919,PRCP,0,,,a,
ASN00041110,20060920,PRCP,0,,,a,
ASN00041110,20060921,PRCP,0,,,a,
ASN00041110,20060922,PRCP,0,,,a,
ASN00041110,20060923,PRCP,0,,,a,
ASN00041110,20060924,PRCP,0,,,a,
ASN00041110,20060925,PRCP,0,,,a,
ASN00041110,20060926,PRCP,0,,,a,
ASN00041110,20060927,PRCP,0,,,a,
ASN00041110,20060928,PRCP,14,,,a,
ASN00041110,20060929,PRCP,0,,,a,
ASN00041110,20060930,PRCP,0,,,a,
ASN00041110,20061001,PRCP,0,,,a,
ASN00041110,20061002,PRCP,0,,,a,
ASN00041110,20061003,PRCP,0,,,a,
ASN00041110,20061004,PRCP,0,,,a,
ASN00041110,20061005,PRCP,0,,,a,
ASN00041110,20061006,PRCP,0,,,a,
ASN00041110,20061007,PRCP,0,,,a,
ASN00041110,20061008,PRCP,0,,,a,
ASN00041110,20061009,PRCP,0,,,a,
ASN00041110,20061010,PRCP,0,,,a,
ASN00041110,20061011,PRCP,0,,,a,
ASN00041110,20061012,PRCP,0,,,a,
ASN00041110,20061013,PRCP,0,,,a,
ASN00041110,20061014,PRCP,0,,,a,
ASN00041110,20061015,PRCP,0,,,a,
ASN00041110,20061016,PRCP,0,,,a,
ASN00041110,20061017,PRCP,0,,,a,
ASN00041110,20061018,PRCP,0,,,a,
ASN00041110,20061019,PRCP,0,,,a,
ASN00041110,20061020,PRCP,5,,,a,
ASN00041110,20061021,PRCP,0,,,a,
ASN00041110,20061022,PRCP,0,,,a,
ASN00041110,20061023,PRCP,0,,,a,
ASN00041110,20061024,PRCP,0,,,a,
ASN00041110,20061025,PRCP,0,,,a,
ASN00041110,20061026,PRCP,0,,,a,
ASN00041110,20061027,PRCP,0,,,a,
ASN00041110,20061028,PRCP,0,,,a,
ASN00041110,20061029,PRCP,0,,,a,
ASN00041110,20061030,PRCP,0,,,a,
ASN00041110,20061031,PRCP,0,,,a,
ASN00041110,20061101,PRCP,0,,,a,
ASN00041110,20061102,PRCP,0,,,a,
ASN00041110,20061103,PRCP,0,,,a,
ASN00041110,20061104,PRCP,534,,,a,
ASN00041110,20061105,PRCP,108,,,a,
ASN00041110,20061106,PRCP,0,,,a,
ASN00041110,20061107,PRCP,0,,,a,
ASN00041110,20061108,PRCP,0,,,a,
ASN00041110,20061109,PRCP,40,,,a,
ASN00041110,20061110,PRCP,0,,,a,
ASN00041110,20061111,PRCP,22,,,a,
ASN00041110,20061112,PRCP,0,,,a,
ASN00041110,20061113,PRCP,0,,,a,
ASN00041110,20061114,PRCP,0,,,a,
ASN00041110,20061115,PRCP,0,,,a,
ASN00041110,20061116,PRCP,0,,,a,
ASN00041110,20061117,PRCP,0,,,a,
ASN00041110,20061118,PRCP,0,,,a,
ASN00041110,20061119,PRCP,0,,,a,
ASN00041110,20061120,PRCP,0,,,a,
ASN00041110,20061121,PRCP,0,,,a,
ASN00041110,20061122,PRCP,0,,,a,
ASN00041110,20061123,PRCP,0,,,a,
ASN00041110,20061124,PRCP,0,,,a,
ASN00041110,20061125,PRCP,0,,,a,
ASN00041110,20061126,PRCP,0,,,a,
ASN00041110,20061127,PRCP,0,,,a,
ASN00041110,20061128,PRCP,0,,,a,
ASN00041110,20061129,PRCP,0,,,a,
ASN00041110,20061130,PRCP,0,,,a,
ASN00041110,20061201,PRCP,0,,,a,
ASN00041110,20061202,PRCP,0,,,a,
ASN00041110,20061203,PRCP,12,,,a,
ASN00041110,20061204,PRCP,0,,,a,
ASN00041110,20061205,PRCP,0,,,a,
ASN00041110,20061206,PRCP,0,,,a,
ASN00041110,20061207,PRCP,0,,,a,
ASN00041110,20061208,PRCP,0,,,a,
ASN00041110,20061209,PRCP,0,,,a,
ASN00041110,20061210,PRCP,0,,,a,
ASN00041110,20061211,PRCP,0,,,a,
ASN00041110,20061212,PRCP,0,,,a,
ASN00041110,20061213,PRCP,80,,,a,
ASN00041110,20061214,PRCP,0,,,a,
ASN00041110,20061215,PRCP,0,,,a,
ASN00041110,20061216,PRCP,22,,,a,
ASN00041110,20061217,PRCP,14,,,a,
ASN00041110,20061218,PRCP,0,,,a,
ASN00041110,20061219,PRCP,0,,,a,
ASN00041110,20061220,PRCP,0,,,a,
ASN00041110,20061221,PRCP,0,,,a,
ASN00041110,20061222,PRCP,0,,,a,
ASN00041110,20061223,PRCP,0,,,a,
ASN00041110,20061224,PRCP,0,,,a,
ASN00041110,20061225,PRCP,0,,,a,
ASN00041110,20061226,PRCP,10,,,a,
ASN00041110,20061227,PRCP,20,,,a,
ASN00041110,20061228,PRCP,0,,,a,
ASN00041110,20061229,PRCP,0,,,a,
ASN00041110,20061230,PRCP,0,,,a,
ASN00041110,20061231,PRCP,0,,,a,
ASN00041110,20070101,PRCP,0,,,a,
ASN00041110,20070102,PRCP,0,,,a,
ASN00041110,20070103,PRCP,0,,,a,
ASN00041110,20070104,PRCP,78,,,a,
ASN00041110,20070105,PRCP,0,,,a,
ASN00041110,20070106,PRCP,0,,,a,
ASN00041110,20070107,PRCP,0,,,a,
ASN00041110,20070108,PRCP,0,,,a,
ASN00041110,20070109,PRCP,0,,,a,
ASN00041110,20070110,PRCP,44,,,a,
ASN00041110,20070111,PRCP,0,,,a,
ASN00041110,20070112,PRCP,0,,,a,
ASN00041110,20070113,PRCP,0,,,a,
ASN00041110,20070114,PRCP,0,,,a,
ASN00041110,20070115,PRCP,0,,,a,
ASN00041110,20070116,PRCP,0,,,a,
ASN00041110,20070117,PRCP,0,,,a,
ASN00041110,20070118,PRCP,0,,,a,
ASN00041110,20070119,PRCP,0,,,a,
ASN00041110,20070120,PRCP,0,,,a,
ASN00041110,20070121,PRCP,0,,,a,
ASN00041110,20070122,PRCP,0,,,a,
ASN00041110,20070123,PRCP,0,,,a,
ASN00041110,20070124,PRCP,0,,,a,
ASN00041110,20070125,PRCP,30,,,a,
ASN00041110,20070126,PRCP,54,,,a,
ASN00041110,20070127,PRCP,0,,,a,
ASN00041110,20070128,PRCP,0,,,a,
ASN00041110,20070129,PRCP,0,,,a,
ASN00041110,20070130,PRCP,0,,,a,
ASN00041110,20070131,PRCP,6,,,a,
ASN00041110,20070201,PRCP,34,,,a,
ASN00041110,20070202,PRCP,0,,,a,
ASN00041110,20070203,PRCP,0,,,a,
ASN00041110,20070204,PRCP,0,,,a,
ASN00041110,20070205,PRCP,0,,,a,
ASN00041110,20070206,PRCP,0,,,a,
ASN00041110,20070207,PRCP,0,,,a,
ASN00041110,20070208,PRCP,0,,,a,
ASN00041110,20070209,PRCP,0,,,a,
ASN00041110,20070210,PRCP,200,,,a,
ASN00041110,20070211,PRCP,210,,,a,
ASN00041110,20070212,PRCP,0,,,a,
ASN00041110,20070213,PRCP,0,,,a,
ASN00041110,20070214,PRCP,0,,,a,
ASN00041110,20070215,PRCP,0,,,a,
ASN00041110,20070217,PRCP,0,,,a,
ASN00041110,20070218,PRCP,0,,,a,
ASN00041110,20070219,PRCP,0,,,a,
ASN00041110,20070220,PRCP,0,,,a,
ASN00041110,20070221,PRCP,0,,,a,
ASN00041110,20070222,PRCP,0,,,a,
ASN00041110,20070223,PRCP,0,,,a,
ASN00041110,20070224,PRCP,0,,,a,
ASN00041110,20070225,PRCP,0,,,a,
ASN00041110,20070226,PRCP,0,,,a,
ASN00041110,20070227,PRCP,0,,,a,
ASN00041110,20070228,PRCP,0,,,a,
ASN00041110,20070301,PRCP,0,,,a,
ASN00041110,20070302,PRCP,158,,,a,
ASN00041110,20070303,PRCP,0,,,a,
ASN00041110,20070304,PRCP,0,,,a,
ASN00041110,20070305,PRCP,0,,,a,
ASN00041110,20070306,PRCP,26,,,a,
ASN00041110,20070307,PRCP,0,,,a,
ASN00041110,20070308,PRCP,0,,,a,
ASN00041110,20070309,PRCP,120,,,a,
ASN00041110,20070310,PRCP,0,,,a,
ASN00041110,20070311,PRCP,0,,,a,
ASN00041110,20070312,PRCP,0,,,a,
ASN00041110,20070313,PRCP,0,,,a,
ASN00041110,20070314,PRCP,0,,,a,
ASN00041110,20070315,PRCP,0,,,a,
ASN00041110,20070316,PRCP,0,,,a,
ASN00041110,20070317,PRCP,0,,,a,
ASN00041110,20070318,PRCP,0,,,a,
ASN00041110,20070319,PRCP,0,,,a,
ASN00041110,20070320,PRCP,0,,,a,
ASN00041110,20070321,PRCP,0,,,a,
ASN00041110,20070322,PRCP,0,,,a,
ASN00041110,20070323,PRCP,0,,,a,
ASN00041110,20070324,PRCP,0,,,a,
ASN00041110,20070325,PRCP,0,,,a,
ASN00041110,20070326,PRCP,120,,,a,
ASN00041110,20070327,PRCP,0,,,a,
ASN00041110,20070328,PRCP,0,,,a,
ASN00041110,20070329,PRCP,0,,,a,
ASN00041110,20070330,PRCP,0,,,a,
ASN00041110,20070331,PRCP,0,,,a,
ASN00041110,20070401,PRCP,0,,,a,
ASN00041110,20070402,PRCP,0,,,a,
ASN00041110,20070403,PRCP,0,,,a,
ASN00041110,20070404,PRCP,0,,,a,
ASN00041110,20070405,PRCP,0,,,a,
ASN00041110,20070406,PRCP,0,,,a,
ASN00041110,20070407,PRCP,10,,,a,
ASN00041110,20070408,PRCP,0,,,a,
ASN00041110,20070409,PRCP,0,,,a,
ASN00041110,20070410,PRCP,0,,,a,
ASN00041110,20070411,PRCP,0,,,a,
ASN00041110,20070412,PRCP,0,,,a,
ASN00041110,20070413,PRCP,0,,,a,
ASN00041110,20070414,PRCP,0,,,a,
ASN00041110,20070415,PRCP,0,,,a,
ASN00041110,20070416,PRCP,0,,,a,
ASN00041110,20070417,PRCP,0,,,a,
ASN00041110,20070418,PRCP,0,,,a,
ASN00041110,20070419,PRCP,0,,,a,
ASN00041110,20070420,PRCP,0,,,a,
ASN00041110,20070421,PRCP,0,,,a,
ASN00041110,20070422,PRCP,0,,,a,
ASN00041110,20070423,PRCP,0,,,a,
ASN00041110,20070424,PRCP,0,,,a,
ASN00041110,20070425,PRCP,0,,,a,
ASN00041110,20070426,PRCP,0,,,a,
ASN00041110,20070427,PRCP,0,,,a,
ASN00041110,20070428,PRCP,80,,,a,
ASN00041110,20070429,PRCP,0,,,a,
ASN00041110,20070430,PRCP,0,,,a,
ASN00041110,20070501,PRCP,0,,,a,
ASN00041110,20070502,PRCP,0,,,a,
ASN00041110,20070503,PRCP,0,,,a,
ASN00041110,20070504,PRCP,0,,,a,
ASN00041110,20070505,PRCP,0,,,a,
ASN00041110,20070506,PRCP,0,,,a,
ASN00041110,20070507,PRCP,0,,,a,
ASN00041110,20070508,PRCP,0,,,a,
ASN00041110,20070509,PRCP,0,,,a,
ASN00041110,20070510,PRCP,0,,,a,
ASN00041110,20070511,PRCP,0,,,a,
ASN00041110,20070512,PRCP,0,,,a,
ASN00041110,20070513,PRCP,0,,,a,
ASN00041110,20070514,PRCP,0,,,a,
ASN00041110,20070515,PRCP,0,,,a,
ASN00041110,20070516,PRCP,0,,,a,
ASN00041110,20070517,PRCP,0,,,a,
ASN00041110,20070518,PRCP,0,,,a,
ASN00041110,20070519,PRCP,15,,,a,
ASN00041110,20070520,PRCP,0,,,a,
ASN00041110,20070521,PRCP,0,,,a,
ASN00041110,20070522,PRCP,0,,,a,
ASN00041110,20070523,PRCP,0,,,a,
ASN00041110,20070524,PRCP,0,,,a,
ASN00041110,20070525,PRCP,0,,,a,
ASN00041110,20070526,PRCP,0,,,a,
ASN00041110,20070527,PRCP,0,,,a,
ASN00041110,20070528,PRCP,0,,,a,
ASN00041110,20070529,PRCP,0,,,a,
ASN00041110,20070530,PRCP,30,,,a,
ASN00041110,20070531,PRCP,0,,,a,
ASN00041110,20070601,PRCP,0,,,a,
ASN00041110,20070602,PRCP,0,,,a,
ASN00041110,20070603,PRCP,0,,,a,
ASN00041110,20070604,PRCP,50,,,a,
ASN00041110,20070605,PRCP,0,,,a,
ASN00041110,20070606,PRCP,200,,,a,
ASN00041110,20070607,PRCP,80,,,a,
ASN00041110,20070608,PRCP,0,,,a,
ASN00041110,20070609,PRCP,0,,,a,
ASN00041110,20070610,PRCP,0,,,a,
ASN00041110,20070611,PRCP,0,,,a,
ASN00041110,20070612,PRCP,0,,,a,
ASN00041110,20070613,PRCP,0,,,a,
ASN00041110,20070614,PRCP,0,,,a,
ASN00041110,20070615,PRCP,0,,,a,
ASN00041110,20070616,PRCP,0,,,a,
ASN00041110,20070617,PRCP,0,,,a,
ASN00041110,20070618,PRCP,0,,,a,
ASN00041110,20070619,PRCP,12,,,a,
ASN00041110,20070620,PRCP,0,,,a,
ASN00041110,20070621,PRCP,0,,,a,
ASN00041110,20070622,PRCP,0,,,a,
ASN00041110,20070623,PRCP,0,,,a,
ASN00041110,20070624,PRCP,52,,,a,
ASN00041110,20070625,PRCP,0,,,a,
ASN00041110,20070626,PRCP,280,,,a,
ASN00041110,20070627,PRCP,110,,,a,
ASN00041110,20070628,PRCP,0,,,a,
ASN00041110,20070629,PRCP,18,,,a,
ASN00041110,20070630,PRCP,0,,,a,
ASN00041110,20070701,PRCP,0,,,a,
ASN00041110,20070702,PRCP,0,,,a,
ASN00041110,20070703,PRCP,0,,,a,
ASN00041110,20070704,PRCP,0,,,a,
ASN00041110,20070705,PRCP,0,,,a,
ASN00041110,20070706,PRCP,0,,,a,
ASN00041110,20070707,PRCP,0,,,a,
ASN00041110,20070708,PRCP,0,,,a,
ASN00041110,20070709,PRCP,0,,,a,
ASN00041110,20070710,PRCP,0,,,a,
ASN00041110,20070711,PRCP,0,,,a,
ASN00041110,20070712,PRCP,0,,,a,
ASN00041110,20070713,PRCP,0,,,a,
ASN00041110,20070714,PRCP,0,,,a,
ASN00041110,20070715,PRCP,0,,,a,
ASN00041110,20070716,PRCP,0,,,a,
ASN00041110,20070717,PRCP,0,,,a,
ASN00041110,20070718,PRCP,0,,,a,
ASN00041110,20070719,PRCP,0,,,a,
ASN00041110,20070720,PRCP,0,,,a,
ASN00041110,20070721,PRCP,0,,,a,
ASN00041110,20070722,PRCP,0,,,a,
ASN00041110,20070723,PRCP,0,,,a,
ASN00041110,20070724,PRCP,0,,,a,
ASN00041110,20070725,PRCP,0,,,a,
ASN00041110,20070726,PRCP,0,,,a,
ASN00041110,20070727,PRCP,0,,,a,
ASN00041110,20070728,PRCP,0,,,a,
ASN00041110,20070729,PRCP,0,,,a,
ASN00041110,20070730,PRCP,0,,,a,
ASN00041110,20070731,PRCP,0,,,a,
ASN00041110,20070801,PRCP,0,,,a,
ASN00041110,20070802,PRCP,0,,,a,
ASN00041110,20070803,PRCP,0,,,a,
ASN00041110,20070804,PRCP,0,,,a,
ASN00041110,20070805,PRCP,0,,,a,
ASN00041110,20070806,PRCP,0,,,a,
ASN00041110,20070807,PRCP,0,,,a,
ASN00041110,20070808,PRCP,0,,,a,
ASN00041110,20070809,PRCP,0,,,a,
ASN00041110,20070810,PRCP,0,,,a,
ASN00041110,20070811,PRCP,0,,,a,
ASN00041110,20070812,PRCP,0,,,a,
ASN00041110,20070813,PRCP,0,,,a,
ASN00041110,20070814,PRCP,0,,,a,
ASN00041110,20070815,PRCP,0,,,a,
ASN00041110,20070816,PRCP,0,,,a,
ASN00041110,20070817,PRCP,30,,,a,
ASN00041110,20070818,PRCP,0,,,a,
ASN00041110,20070819,PRCP,220,,,a,
ASN00041110,20070820,PRCP,538,,,a,
ASN00041110,20070821,PRCP,26,,,a,
ASN00041110,20070822,PRCP,0,,,a,
ASN00041110,20070823,PRCP,108,,,a,
ASN00041110,20070824,PRCP,84,,,a,
ASN00041110,20070825,PRCP,0,,,a,
ASN00041110,20070826,PRCP,8,,,a,
ASN00041110,20070827,PRCP,0,,,a,
ASN00041110,20070828,PRCP,0,,,a,
ASN00041110,20070829,PRCP,0,,,a,
ASN00041110,20070830,PRCP,0,,,a,
ASN00041110,20070831,PRCP,0,,,a,
ASN00041110,20070901,PRCP,0,,,a,
ASN00041110,20070902,PRCP,0,,,a,
ASN00041110,20070903,PRCP,0,,,a,
ASN00041110,20070904,PRCP,0,,,a,
ASN00041110,20070905,PRCP,30,,,a,
ASN00041110,20070906,PRCP,70,,,a,
ASN00041110,20070907,PRCP,160,,,a,
ASN00041110,20070908,PRCP,2,,,a,
ASN00041110,20070909,PRCP,14,,,a,
ASN00041110,20070910,PRCP,0,,,a,
ASN00041110,20070911,PRCP,0,,,a,
ASN00041110,20070912,PRCP,0,,,a,
ASN00041110,20070913,PRCP,0,,,a,
ASN00041110,20070914,PRCP,0,,,a,
ASN00041110,20070915,PRCP,0,,,a,
ASN00041110,20070916,PRCP,10,,,a,
ASN00041110,20070917,PRCP,0,,,a,
ASN00041110,20070918,PRCP,0,,,a,
ASN00041110,20070919,PRCP,0,,,a,
ASN00041110,20070920,PRCP,0,,,a,
ASN00041110,20070921,PRCP,0,,,a,
ASN00041110,20070922,PRCP,0,,,a,
ASN00041110,20070923,PRCP,0,,,a,
ASN00041110,20070924,PRCP,0,,,a,
ASN00041110,20070925,PRCP,0,,,a,
ASN00041110,20070926,PRCP,0,,,a,
ASN00041110,20070927,PRCP,20,,,a,
ASN00041110,20070928,PRCP,0,,,a,
ASN00041110,20070929,PRCP,0,,,a,
ASN00041110,20070930,PRCP,0,,,a,
ASN00041110,20071001,PRCP,0,,,a,
ASN00041110,20071002,PRCP,0,,,a,
ASN00041110,20071003,PRCP,0,,,a,
ASN00041110,20071004,PRCP,0,,,a,
ASN00041110,20071005,PRCP,0,,,a,
ASN00041110,20071006,PRCP,0,,,a,
ASN00041110,20071007,PRCP,0,,,a,
ASN00041110,20071008,PRCP,6,,,a,
ASN00041110,20071009,PRCP,4,,,a,
ASN00041110,20071010,PRCP,20,,,a,
ASN00041110,20071011,PRCP,300,,,a,
ASN00041110,20071012,PRCP,8,,,a,
ASN00041110,20071013,PRCP,0,,,a,
ASN00041110,20071014,PRCP,0,,,a,
ASN00041110,20071015,PRCP,0,,,a,
ASN00041110,20071016,PRCP,0,,,a,
ASN00041110,20071017,PRCP,0,,,a,
ASN00041110,20071018,PRCP,0,,,a,
ASN00041110,20071019,PRCP,0,,,a,
ASN00041110,20071020,PRCP,0,,,a,
ASN00041110,20071021,PRCP,0,,,a,
ASN00041110,20071022,PRCP,0,,,a,
ASN00041110,20071023,PRCP,0,,,a,
ASN00041110,20071024,PRCP,0,,,a,
ASN00041110,20071025,PRCP,12,,,a,
ASN00041110,20071026,PRCP,336,,,a,
ASN00041110,20071027,PRCP,0,,,a,
ASN00041110,20071028,PRCP,0,,,a,
ASN00041110,20071029,PRCP,14,,,a,
ASN00041110,20071030,PRCP,50,,,a,
ASN00041110,20071031,PRCP,0,,,a,
ASN00041110,20071101,PRCP,70,,,a,
ASN00041110,20071102,PRCP,360,,,a,
ASN00041110,20071103,PRCP,0,,,a,
ASN00041110,20071104,PRCP,0,,,a,
ASN00041110,20071105,PRCP,0,,,a,
ASN00041110,20071106,PRCP,78,,,a,
ASN00041110,20071107,PRCP,248,,,a,
ASN00041110,20071108,PRCP,20,,,a,
ASN00041110,20071109,PRCP,14,,,a,
ASN00041110,20071110,PRCP,16,,,a,
ASN00041110,20071111,PRCP,0,,,a,
ASN00041110,20071112,PRCP,0,,,a,
ASN00041110,20071113,PRCP,0,,,a,
ASN00041110,20071114,PRCP,0,,,a,
ASN00041110,20071115,PRCP,0,,,a,
ASN00041110,20071116,PRCP,0,,,a,
ASN00041110,20071117,PRCP,0,,,a,
ASN00041110,20071118,PRCP,30,,,a,
ASN00041110,20071119,PRCP,0,,,a,
ASN00041110,20071120,PRCP,0,,,a,
ASN00041110,20071121,PRCP,0,,,a,
ASN00041110,20071122,PRCP,0,,,a,
ASN00041110,20071123,PRCP,100,,,a,
ASN00041110,20071124,PRCP,160,,,a,
ASN00041110,20071125,PRCP,0,,,a,
ASN00041110,20071126,PRCP,0,,,a,
ASN00041110,20071127,PRCP,0,,,a,
ASN00041110,20071128,PRCP,0,,,a,
ASN00041110,20071129,PRCP,0,,,a,
ASN00041110,20071130,PRCP,0,,,a,
ASN00041110,20071201,PRCP,0,,,a,
ASN00041110,20071202,PRCP,0,,,a,
ASN00041110,20071203,PRCP,0,,,a,
ASN00041110,20071204,PRCP,0,,,a,
ASN00041110,20071205,PRCP,20,,,a,
ASN00041110,20071206,PRCP,0,,,a,
ASN00041110,20071207,PRCP,0,,,a,
ASN00041110,20071208,PRCP,120,,,a,
ASN00041110,20071209,PRCP,20,,,a,
ASN00041110,20071210,PRCP,270,,,a,
ASN00041110,20071211,PRCP,40,,,a,
ASN00041110,20071212,PRCP,35,,,a,
ASN00041110,20071213,PRCP,0,,,a,
ASN00041110,20071214,PRCP,0,,,a,
ASN00041110,20071215,PRCP,0,,,a,
ASN00041110,20071216,PRCP,0,,,a,
ASN00041110,20071217,PRCP,20,,,a,
ASN00041110,20071218,PRCP,0,,,a,
ASN00041110,20071219,PRCP,0,,,a,
ASN00041110,20071220,PRCP,20,,,a,
ASN00041110,20071221,PRCP,0,,,a,
ASN00041110,20071222,PRCP,0,,,a,
ASN00041110,20071223,PRCP,64,,,a,
ASN00041110,20071224,PRCP,0,,,a,
ASN00041110,20071225,PRCP,0,,,a,
ASN00041110,20071226,PRCP,0,,,a,
ASN00041110,20071227,PRCP,0,,,a,
ASN00041110,20071228,PRCP,8,,,a,
ASN00041110,20071229,PRCP,0,,,a,
ASN00041110,20071230,PRCP,0,,,a,
ASN00041110,20071231,PRCP,0,,,a,
ASN00041110,20080101,PRCP,0,,,a,
ASN00041110,20080102,PRCP,0,,,a,
ASN00041110,20080103,PRCP,0,,,a,
ASN00041110,20080104,PRCP,40,,,a,
ASN00041110,20080105,PRCP,14,,,a,
ASN00041110,20080106,PRCP,2,,,a,
ASN00041110,20080107,PRCP,0,,,a,
ASN00041110,20080108,PRCP,186,,,a,
ASN00041110,20080109,PRCP,0,,,a,
ASN00041110,20080110,PRCP,2,,,a,
ASN00041110,20080111,PRCP,2,,,a,
ASN00041110,20080112,PRCP,0,,,a,
ASN00041110,20080113,PRCP,0,,,a,
ASN00041110,20080114,PRCP,0,,,a,
ASN00041110,20080115,PRCP,0,,,a,
ASN00041110,20080116,PRCP,24,,,a,
ASN00041110,20080117,PRCP,2,,,a,
ASN00041110,20080118,PRCP,0,,,a,
ASN00041110,20080119,PRCP,0,,,a,
ASN00041110,20080120,PRCP,10,,,a,
ASN00041110,20080121,PRCP,0,,,a,
ASN00041110,20080122,PRCP,0,,,a,
ASN00041110,20080123,PRCP,8,,,a,
ASN00041110,20080124,PRCP,0,,,a,
ASN00041110,20080125,PRCP,0,,,a,
ASN00041110,20080126,PRCP,0,,,a,
ASN00041110,20080127,PRCP,0,,,a,
ASN00041110,20080128,PRCP,90,,,a,
ASN00041110,20080129,PRCP,0,,,a,
ASN00041110,20080130,PRCP,0,,,a,
ASN00041110,20080131,PRCP,0,,,a,
ASN00041110,20080201,PRCP,0,,,a,
ASN00041110,20080202,PRCP,0,,,a,
ASN00041110,20080203,PRCP,0,,,a,
ASN00041110,20080204,PRCP,230,,,a,
ASN00041110,20080205,PRCP,240,,,a,
ASN00041110,20080206,PRCP,68,,,a,
ASN00041110,20080207,PRCP,266,,,a,
ASN00041110,20080208,PRCP,0,,,a,
ASN00041110,20080209,PRCP,0,,,a,
ASN00041110,20080210,PRCP,0,,,a,
ASN00041110,20080211,PRCP,0,,,a,
ASN00041110,20080212,PRCP,40,,,a,
ASN00041110,20080213,PRCP,42,,,a,
ASN00041110,20080214,PRCP,150,,,a,
ASN00041110,20080215,PRCP,0,,,a,
ASN00041110,20080216,PRCP,0,,,a,
ASN00041110,20080217,PRCP,0,,,a,
ASN00041110,20080218,PRCP,0,,,a,
ASN00041110,20080219,PRCP,0,,,a,
ASN00041110,20080220,PRCP,0,,,a,
ASN00041110,20080221,PRCP,0,,,a,
ASN00041110,20080222,PRCP,0,,,a,
ASN00041110,20080223,PRCP,0,,,a,
ASN00041110,20080224,PRCP,0,,,a,
ASN00041110,20080225,PRCP,0,,,a,
ASN00041110,20080226,PRCP,58,,,a,
ASN00041110,20080227,PRCP,168,,,a,
ASN00041110,20080228,PRCP,0,,,a,
ASN00041110,20080229,PRCP,90,,,a,
ASN00041110,20080301,PRCP,14,,,a,
ASN00041110,20080302,PRCP,0,,,a,
ASN00041110,20080303,PRCP,0,,,a,
ASN00041110,20080304,PRCP,0,,,a,
ASN00041110,20080305,PRCP,0,,,a,
ASN00041110,20080306,PRCP,0,,,a,
ASN00041110,20080307,PRCP,0,,,a,
ASN00041110,20080308,PRCP,0,,,a,
ASN00041110,20080309,PRCP,0,,,a,
ASN00041110,20080310,PRCP,0,,,a,
ASN00041110,20080311,PRCP,0,,,a,
ASN00041110,20080312,PRCP,0,,,a,
ASN00041110,20080313,PRCP,0,,,a,
ASN00041110,20080314,PRCP,0,,,a,
ASN00041110,20080315,PRCP,0,,,a,
ASN00041110,20080316,PRCP,0,,,a,
ASN00041110,20080317,PRCP,0,,,a,
ASN00041110,20080318,PRCP,0,,,a,
ASN00041110,20080319,PRCP,0,,,a,
ASN00041110,20080320,PRCP,0,,,a,
ASN00041110,20080321,PRCP,0,,,a,
ASN00041110,20080322,PRCP,0,,,a,
ASN00041110,20080323,PRCP,0,,,a,
ASN00041110,20080324,PRCP,0,,,a,
ASN00041110,20080325,PRCP,0,,,a,
ASN00041110,20080326,PRCP,0,,,a,
ASN00041110,20080327,PRCP,30,,,a,
ASN00041110,20080328,PRCP,15,,,a,
ASN00041110,20080329,PRCP,0,,,a,
ASN00041110,20080330,PRCP,0,,,a,
ASN00041110,20080331,PRCP,0,,,a,
ASN00041110,20080401,PRCP,0,,,a,
ASN00041110,20080402,PRCP,0,,,a,
ASN00041110,20080403,PRCP,0,,,a,
ASN00041110,20080404,PRCP,0,,,a,
ASN00041110,20080405,PRCP,0,,,a,
ASN00041110,20080406,PRCP,0,,,a,
ASN00041110,20080407,PRCP,0,,,a,
ASN00041110,20080408,PRCP,0,,,a,
ASN00041110,20080409,PRCP,80,,,a,
ASN00041110,20080410,PRCP,6,,,a,
ASN00041110,20080411,PRCP,0,,,a,
ASN00041110,20080412,PRCP,0,,,a,
ASN00041110,20080413,PRCP,0,,,a,
ASN00041110,20080414,PRCP,0,,,a,
ASN00041110,20080415,PRCP,0,,,a,
ASN00041110,20080416,PRCP,0,,,a,
ASN00041110,20080417,PRCP,0,,,a,
ASN00041110,20080418,PRCP,0,,,a,
ASN00041110,20080419,PRCP,0,,,a,
ASN00041110,20080420,PRCP,0,,,a,
ASN00041110,20080421,PRCP,0,,,a,
ASN00041110,20080422,PRCP,0,,,a,
ASN00041110,20080423,PRCP,205,,,a,
ASN00041110,20080424,PRCP,0,,,a,
ASN00041110,20080425,PRCP,25,,,a,
ASN00041110,20080426,PRCP,0,,,a,
ASN00041110,20080427,PRCP,0,,,a,
ASN00041110,20080428,PRCP,0,,,a,
ASN00041110,20080429,PRCP,0,,,a,
ASN00041110,20080430,PRCP,0,,,a,
ASN00041110,20080501,PRCP,0,,,a,
ASN00041110,20080502,PRCP,0,,,a,
ASN00041110,20080503,PRCP,0,,,a,
ASN00041110,20080504,PRCP,0,,,a,
ASN00041110,20080505,PRCP,0,,,a,
ASN00041110,20080506,PRCP,0,,,a,
ASN00041110,20080507,PRCP,0,,,a,
ASN00041110,20080508,PRCP,0,,,a,
ASN00041110,20080509,PRCP,0,,,a,
ASN00041110,20080510,PRCP,0,,,a,
ASN00041110,20080511,PRCP,0,,,a,
ASN00041110,20080512,PRCP,0,,,a,
ASN00041110,20080513,PRCP,0,,,a,
ASN00041110,20080514,PRCP,0,,,a,
ASN00041110,20080515,PRCP,24,,,a,
ASN00041110,20080516,PRCP,0,,,a,
ASN00041110,20080517,PRCP,0,,,a,
ASN00041110,20080518,PRCP,10,,,a,
ASN00041110,20080519,PRCP,24,,,a,
ASN00041110,20080520,PRCP,0,,,a,
ASN00041110,20080521,PRCP,0,,,a,
ASN00041110,20080522,PRCP,0,,,a,
ASN00041110,20080523,PRCP,0,,,a,
ASN00041110,20080524,PRCP,0,,,a,
ASN00041110,20080525,PRCP,0,,,a,
ASN00041110,20080526,PRCP,0,,,a,
ASN00041110,20080527,PRCP,0,,,a,
ASN00041110,20080528,PRCP,0,,,a,
ASN00041110,20080529,PRCP,4,,,a,
ASN00041110,20080530,PRCP,10,,,a,
ASN00041110,20080531,PRCP,4,,,a,
ASN00041110,20080601,PRCP,0,,,a,
ASN00041110,20080602,PRCP,30,,,a,
ASN00041110,20080603,PRCP,186,,,a,
ASN00041110,20080604,PRCP,48,,,a,
ASN00041110,20080605,PRCP,0,,,a,
ASN00041110,20080606,PRCP,0,,,a,
ASN00041110,20080607,PRCP,0,,,a,
ASN00041110,20080608,PRCP,0,,,a,
ASN00041110,20080609,PRCP,0,,,a,
ASN00041110,20080610,PRCP,0,,,a,
ASN00041110,20080611,PRCP,0,,,a,
ASN00041110,20080612,PRCP,0,,,a,
ASN00041110,20080613,PRCP,0,,,a,
ASN00041110,20080614,PRCP,0,,,a,
ASN00041110,20080615,PRCP,0,,,a,
ASN00041110,20080616,PRCP,0,,,a,
ASN00041110,20080617,PRCP,0,,,a,
ASN00041110,20080618,PRCP,0,,,a,
ASN00041110,20080619,PRCP,8,,,a,
ASN00041110,20080620,PRCP,18,,,a,
ASN00041110,20080621,PRCP,0,,,a,
ASN00041110,20080622,PRCP,0,,,a,
ASN00041110,20080623,PRCP,0,,,a,
ASN00041110,20080624,PRCP,0,,,a,
ASN00041110,20080625,PRCP,0,,,a,
ASN00041110,20080626,PRCP,0,,,a,
ASN00041110,20080627,PRCP,0,,,a,
ASN00041110,20080628,PRCP,0,,,a,
ASN00041110,20080629,PRCP,0,,,a,
ASN00041110,20080630,PRCP,0,,,a,
ASN00041110,20080701,PRCP,0,,,a,
ASN00041110,20080702,PRCP,0,,,a,
ASN00041110,20080703,PRCP,0,,,a,
ASN00041110,20080704,PRCP,0,,,a,
ASN00041110,20080705,PRCP,0,,,a,
ASN00041110,20080706,PRCP,0,,,a,
ASN00041110,20080707,PRCP,0,,,a,
ASN00041110,20080708,PRCP,120,,,a,
ASN00041110,20080709,PRCP,0,,,a,
ASN00041110,20080710,PRCP,0,,,a,
ASN00041110,20080711,PRCP,0,,,a,
ASN00041110,20080712,PRCP,0,,,a,
ASN00041110,20080713,PRCP,0,,,a,
ASN00041110,20080714,PRCP,0,,,a,
ASN00041110,20080715,PRCP,0,,,a,
ASN00041110,20080716,PRCP,0,,,a,
ASN00041110,20080717,PRCP,0,,,a,
ASN00041110,20080718,PRCP,0,,,a,
ASN00041110,20080719,PRCP,0,,,a,
ASN00041110,20080720,PRCP,0,,,a,
ASN00041110,20080721,PRCP,50,,,a,
ASN00041110,20080722,PRCP,0,,,a,
ASN00041110,20080723,PRCP,0,,,a,
ASN00041110,20080724,PRCP,110,,,a,
ASN00041110,20080725,PRCP,90,,,a,
ASN00041110,20080726,PRCP,0,,,a,
ASN00041110,20080727,PRCP,0,,,a,
ASN00041110,20080728,PRCP,65,,,a,
ASN00041110,20080729,PRCP,10,,,a,
ASN00041110,20080730,PRCP,0,,,a,
ASN00041110,20080731,PRCP,0,,,a,
ASN00041110,20080801,PRCP,0,,,a,
ASN00041110,20080802,PRCP,0,,,a,
ASN00041110,20080803,PRCP,0,,,a,
ASN00041110,20080804,PRCP,0,,,a,
ASN00041110,20080805,PRCP,0,,,a,
ASN00041110,20080806,PRCP,0,,,a,
ASN00041110,20080807,PRCP,0,,,a,
ASN00041110,20080808,PRCP,0,,,a,
ASN00041110,20080809,PRCP,0,,,a,
ASN00041110,20080810,PRCP,0,,,a,
ASN00041110,20080811,PRCP,0,,,a,
ASN00041110,20080812,PRCP,0,,,a,
ASN00041110,20080813,PRCP,0,,,a,
ASN00041110,20080814,PRCP,0,,,a,
ASN00041110,20080815,PRCP,0,,,a,
ASN00041110,20080816,PRCP,0,,,a,
ASN00041110,20080817,PRCP,0,,,a,
ASN00041110,20080818,PRCP,0,,,a,
ASN00041110,20080819,PRCP,0,,,a,
ASN00041110,20080820,PRCP,0,,,a,
ASN00041110,20080821,PRCP,0,,,a,
ASN00041110,20080822,PRCP,70,,,a,
ASN00041110,20080823,PRCP,35,,,a,
ASN00041110,20080824,PRCP,0,,,a,
ASN00041110,20080825,PRCP,0,,,a,
ASN00041110,20080826,PRCP,0,,,a,
ASN00041110,20080827,PRCP,0,,,a,
ASN00041110,20080828,PRCP,35,,,a,
ASN00041110,20080829,PRCP,65,,,a,
ASN00041110,20080830,PRCP,5,,,a,
ASN00041110,20080831,PRCP,0,,,a,
ASN00041110,20080901,PRCP,0,,,a,
ASN00041110,20080902,PRCP,0,,,a,
ASN00041110,20080903,PRCP,0,,,a,
ASN00041110,20080904,PRCP,0,,,a,
ASN00041110,20080905,PRCP,390,,,a,
ASN00041110,20080906,PRCP,30,,,a,
ASN00041110,20080907,PRCP,13,,,a,
ASN00041110,20080908,PRCP,0,,,a,
ASN00041110,20080909,PRCP,0,,,a,
ASN00041110,20080910,PRCP,0,,,a,
ASN00041110,20080911,PRCP,0,,,a,
ASN00041110,20080912,PRCP,0,,,a,
ASN00041110,20080913,PRCP,0,,,a,
ASN00041110,20080914,PRCP,0,,,a,
ASN00041110,20080915,PRCP,60,,,a,
ASN00041110,20080916,PRCP,0,,,a,
ASN00041110,20080917,PRCP,0,,,a,
ASN00041110,20080918,PRCP,0,,,a,
ASN00041110,20080919,PRCP,0,,,a,
ASN00041110,20080920,PRCP,0,,,a,
ASN00041110,20080921,PRCP,90,,,a,
ASN00041110,20080922,PRCP,0,,,a,
ASN00041110,20080923,PRCP,0,,,a,
ASN00041110,20080924,PRCP,35,,,a,
ASN00041110,20080925,PRCP,0,,,a,
ASN00041110,20080926,PRCP,0,,,a,
ASN00041110,20080927,PRCP,0,,,a,
ASN00041110,20080928,PRCP,0,,,a,
ASN00041110,20080929,PRCP,0,,,a,
ASN00041110,20080930,PRCP,0,,,a,
ASN00041110,20081001,PRCP,0,,,a,
ASN00041110,20081002,PRCP,0,,,a,
ASN00041110,20081003,PRCP,0,,,a,
ASN00041110,20081004,PRCP,0,,,a,
ASN00041110,20081005,PRCP,0,,,a,
ASN00041110,20081006,PRCP,0,,,a,
ASN00041110,20081007,PRCP,48,,,a,
ASN00041110,20081008,PRCP,0,,,a,
ASN00041110,20081009,PRCP,0,,,a,
ASN00041110,20081010,PRCP,0,,,a,
ASN00041110,20081011,PRCP,80,,,a,
ASN00041110,20081012,PRCP,0,,,a,
ASN00041110,20081013,PRCP,0,,,a,
ASN00041110,20081014,PRCP,0,,,a,
ASN00041110,20081015,PRCP,0,,,a,
ASN00041110,20081016,PRCP,0,,,a,
ASN00041110,20081017,PRCP,75,,,a,
ASN00041110,20081018,PRCP,0,,,a,
ASN00041110,20081019,PRCP,0,,,a,
ASN00041110,20081020,PRCP,0,,,a,
ASN00041110,20081021,PRCP,0,,,a,
ASN00041110,20081022,PRCP,40,,,a,
ASN00041110,20081023,PRCP,0,,,a,
ASN00041110,20081024,PRCP,0,,,a,
ASN00041110,20081025,PRCP,0,,,a,
ASN00041110,20081026,PRCP,0,,,a,
ASN00041110,20081027,PRCP,0,,,a,
ASN00041110,20081028,PRCP,0,,,a,
ASN00041110,20081029,PRCP,0,,,a,
ASN00041110,20081030,PRCP,0,,,a,
ASN00041110,20081031,PRCP,0,,,a,
ASN00041110,20081101,PRCP,0,,,a,
ASN00041110,20081102,PRCP,2,,,a,
ASN00041110,20081103,PRCP,0,,,a,
ASN00041110,20081104,PRCP,62,,,a,
ASN00041110,20081105,PRCP,0,,,a,
ASN00041110,20081106,PRCP,40,,,a,
ASN00041110,20081107,PRCP,0,,,a,
ASN00041110,20081108,PRCP,28,,,a,
ASN00041110,20081109,PRCP,70,,,a,
ASN00041110,20081110,PRCP,0,,,a,
ASN00041110,20081111,PRCP,0,,,a,
ASN00041110,20081112,PRCP,0,,,a,
ASN00041110,20081113,PRCP,0,,,a,
ASN00041110,20081114,PRCP,0,,,a,
ASN00041110,20081115,PRCP,0,,,a,
ASN00041110,20081116,PRCP,0,,,a,
ASN00041110,20081119,PRCP,180,,,a,
ASN00041110,20081122,PRCP,0,,,a,
ASN00041110,20081123,PRCP,0,,,a,
ASN00041110,20081124,PRCP,0,,,a,
ASN00041110,20081125,PRCP,0,,,a,
ASN00041110,20081126,PRCP,0,,,a,
ASN00041110,20081127,PRCP,30,,,a,
ASN00041110,20081128,PRCP,0,,,a,
ASN00041110,20081129,PRCP,0,,,a,
ASN00041110,20081130,PRCP,62,,,a,
ASN00041110,20081118,DAPR,2,,,a,
ASN00041110,20081121,DAPR,2,,,a,
ASN00041110,20081118,DWPR,2,,,a,
ASN00041110,20081121,DWPR,2,,,a,
ASN00041110,20081118,MDPR,120,,,a,
ASN00041110,20081121,MDPR,260,,,a,
ASN00041110,20081201,PRCP,0,,,a,
ASN00041110,20081202,PRCP,0,,,a,
ASN00041110,20081203,PRCP,0,,,a,
ASN00041110,20081204,PRCP,60,,,a,
ASN00041110,20081205,PRCP,0,,,a,
ASN00041110,20081206,PRCP,100,,,a,
ASN00041110,20081207,PRCP,600,,,a,
ASN00041110,20081208,PRCP,10,,,a,
ASN00041110,20081209,PRCP,70,,,a,
ASN00041110,20081210,PRCP,0,,,a,
ASN00041110,20081211,PRCP,0,,,a,
ASN00041110,20081212,PRCP,24,,,a,
ASN00041110,20081213,PRCP,0,,,a,
ASN00041110,20081214,PRCP,48,,,a,
ASN00041110,20081215,PRCP,0,,,a,
ASN00041110,20081216,PRCP,0,,,a,
ASN00041110,20081217,PRCP,0,,,a,
ASN00041110,20081218,PRCP,0,,,a,
ASN00041110,20081219,PRCP,0,,,a,
ASN00041110,20081220,PRCP,0,,,a,
ASN00041110,20081221,PRCP,0,,,a,
ASN00041110,20081222,PRCP,0,,,a,
ASN00041110,20081223,PRCP,0,,,a,
ASN00041110,20081224,PRCP,0,,,a,
ASN00041110,20081225,PRCP,22,,,a,
ASN00041110,20081226,PRCP,0,,,a,
ASN00041110,20081227,PRCP,0,,,a,
ASN00041110,20081228,PRCP,54,,,a,
ASN00041110,20081229,PRCP,0,,,a,
ASN00041110,20081230,PRCP,194,,,a,
ASN00041110,20081231,PRCP,0,,,a,
ASN00041110,20090101,PRCP,0,,,a,
ASN00041110,20090102,PRCP,100,,,a,
ASN00041110,20090103,PRCP,4,,,a,
ASN00041110,20090104,PRCP,0,,,a,
ASN00041110,20090105,PRCP,0,,,a,
ASN00041110,20090106,PRCP,0,,,a,
ASN00041110,20090107,PRCP,0,,,a,
ASN00041110,20090108,PRCP,0,,,a,
ASN00041110,20090109,PRCP,0,,,a,
ASN00041110,20090110,PRCP,0,,,a,
ASN00041110,20090111,PRCP,0,,,a,
ASN00041110,20090112,PRCP,0,,,a,
ASN00041110,20090113,PRCP,0,,,a,
ASN00041110,20090114,PRCP,0,,,a,
ASN00041110,20090115,PRCP,0,,,a,
ASN00041110,20090116,PRCP,0,,,a,
ASN00041110,20090117,PRCP,0,,,a,
ASN00041110,20090118,PRCP,0,,,a,
ASN00041110,20090119,PRCP,0,,,a,
ASN00041110,20090120,PRCP,0,,,a,
ASN00041110,20090121,PRCP,0,,,a,
ASN00041110,20090122,PRCP,0,,,a,
ASN00041110,20090123,PRCP,124,,,a,
ASN00041110,20090124,PRCP,370,,,a,
ASN00041110,20090125,PRCP,0,,,a,
ASN00041110,20090126,PRCP,22,,,a,
ASN00041110,20090127,PRCP,4,,,a,
ASN00041110,20090128,PRCP,0,,,a,
ASN00041110,20090129,PRCP,0,,,a,
ASN00041110,20090130,PRCP,0,,,a,
ASN00041110,20090131,PRCP,0,,,a,
ASN00041110,20090201,PRCP,0,,,a,
ASN00041110,20090202,PRCP,0,,,a,
ASN00041110,20090203,PRCP,0,,,a,
ASN00041110,20090204,PRCP,0,,,a,
ASN00041110,20090205,PRCP,0,,,a,
ASN00041110,20090206,PRCP,0,,,a,
ASN00041110,20090207,PRCP,0,,,a,
ASN00041110,20090208,PRCP,0,,,a,
ASN00041110,20090209,PRCP,0,,,a,
ASN00041110,20090210,PRCP,0,,,a,
ASN00041110,20090211,PRCP,0,,,a,
ASN00041110,20090212,PRCP,0,,,a,
ASN00041110,20090213,PRCP,110,,,a,
ASN00041110,20090214,PRCP,90,,,a,
ASN00041110,20090215,PRCP,30,,,a,
ASN00041110,20090216,PRCP,0,,,a,
ASN00041110,20090217,PRCP,290,,,a,
ASN00041110,20090218,PRCP,15,,,a,
ASN00041110,20090219,PRCP,105,,,a,
ASN00041110,20090220,PRCP,270,,,a,
ASN00041110,20090221,PRCP,378,,,a,
ASN00041110,20090222,PRCP,0,,,a,
ASN00041110,20090223,PRCP,0,,,a,
ASN00041110,20090224,PRCP,0,,,a,
ASN00041110,20090225,PRCP,0,,,a,
ASN00041110,20090226,PRCP,0,,,a,
ASN00041110,20090227,PRCP,0,,,a,
ASN00041110,20090228,PRCP,0,,,a,
ASN00041110,20090301,PRCP,0,,,a,
ASN00041110,20090302,PRCP,0,,,a,
ASN00041110,20090303,PRCP,0,,,a,
ASN00041110,20090304,PRCP,0,,,a,
ASN00041110,20090305,PRCP,110,,,a,
ASN00041110,20090306,PRCP,0,,,a,
ASN00041110,20090307,PRCP,0,,,a,
ASN00041110,20090308,PRCP,0,,,a,
ASN00041110,20090309,PRCP,0,,,a,
ASN00041110,20090310,PRCP,0,,,a,
ASN00041110,20090311,PRCP,0,,,a,
ASN00041110,20090312,PRCP,0,,,a,
ASN00041110,20090313,PRCP,0,,,a,
ASN00041110,20090314,PRCP,0,,,a,
ASN00041110,20090315,PRCP,0,,,a,
ASN00041110,20090316,PRCP,234,,,a,
ASN00041110,20090317,PRCP,0,,,a,
ASN00041110,20090318,PRCP,0,,,a,
ASN00041110,20090319,PRCP,0,,,a,
ASN00041110,20090320,PRCP,0,,,a,
ASN00041110,20090321,PRCP,0,,,a,
ASN00041110,20090322,PRCP,0,,,a,
ASN00041110,20090323,PRCP,0,,,a,
ASN00041110,20090324,PRCP,0,,,a,
ASN00041110,20090325,PRCP,0,,,a,
ASN00041110,20090326,PRCP,0,,,a,
ASN00041110,20090327,PRCP,0,,,a,
ASN00041110,20090328,PRCP,16,,,a,
ASN00041110,20090329,PRCP,0,,,a,
ASN00041110,20090330,PRCP,0,,,a,
ASN00041110,20090331,PRCP,0,,,a,
ASN00041110,20090401,PRCP,0,,,a,
ASN00041110,20090402,PRCP,0,,,a,
ASN00041110,20090403,PRCP,30,,,a,
ASN00041110,20090404,PRCP,0,,,a,
ASN00041110,20090405,PRCP,0,,,a,
ASN00041110,20090406,PRCP,74,,,a,
ASN00041110,20090407,PRCP,0,,,a,
ASN00041110,20090408,PRCP,0,,,a,
ASN00041110,20090409,PRCP,0,,,a,
ASN00041110,20090410,PRCP,0,,,a,
ASN00041110,20090411,PRCP,0,,,a,
ASN00041110,20090412,PRCP,98,,,a,
ASN00041110,20090413,PRCP,6,,,a,
ASN00041110,20090414,PRCP,20,,,a,
ASN00041110,20090415,PRCP,0,,,a,
ASN00041110,20090416,PRCP,0,,,a,
ASN00041110,20090417,PRCP,0,,,a,
ASN00041110,20090418,PRCP,0,,,a,
ASN00041110,20090419,PRCP,0,,,a,
ASN00041110,20090420,PRCP,0,,,a,
ASN00041110,20090421,PRCP,0,,,a,
ASN00041110,20090422,PRCP,0,,,a,
ASN00041110,20090423,PRCP,0,,,a,
ASN00041110,20090424,PRCP,0,,,a,
ASN00041110,20090425,PRCP,0,,,a,
ASN00041110,20090426,PRCP,0,,,a,
ASN00041110,20090427,PRCP,0,,,a,
ASN00041110,20090428,PRCP,0,,,a,
ASN00041110,20090429,PRCP,0,,,a,
ASN00041110,20090430,PRCP,0,,,a,
ASN00041110,20090501,PRCP,0,,,a,
ASN00041110,20090502,PRCP,0,,,a,
ASN00041110,20090503,PRCP,0,,,a,
ASN00041110,20090504,PRCP,0,,,a,
ASN00041110,20090505,PRCP,0,,,a,
ASN00041110,20090506,PRCP,0,,,a,
ASN00041110,20090507,PRCP,0,,,a,
ASN00041110,20090508,PRCP,0,,,a,
ASN00041110,20090509,PRCP,0,,,a,
ASN00041110,20090510,PRCP,0,,,a,
ASN00041110,20090511,PRCP,0,,,a,
ASN00041110,20090512,PRCP,0,,,a,
ASN00041110,20090513,PRCP,34,,,a,
ASN00041110,20090514,PRCP,6,,,a,
ASN00041110,20090515,PRCP,0,,,a,
ASN00041110,20090516,PRCP,0,,,a,
ASN00041110,20090517,PRCP,0,,,a,
ASN00041110,20090518,PRCP,0,,,a,
ASN00041110,20090519,PRCP,78,,,a,
ASN00041110,20090520,PRCP,300,,,a,
ASN00041110,20090521,PRCP,240,,,a,
ASN00041110,20090522,PRCP,70,,,a,
ASN00041110,20090523,PRCP,0,,,a,
ASN00041110,20090524,PRCP,8,,,a,
ASN00041110,20090525,PRCP,0,,,a,
ASN00041110,20090526,PRCP,0,,,a,
ASN00041110,20090527,PRCP,0,,,a,
ASN00041110,20090528,PRCP,0,,,a,
ASN00041110,20090529,PRCP,0,,,a,
ASN00041110,20090530,PRCP,0,,,a,
ASN00041110,20090531,PRCP,0,,,a,
ASN00041110,20090601,PRCP,0,,,a,
ASN00041110,20090602,PRCP,0,,,a,
ASN00041110,20090603,PRCP,6,,,a,
ASN00041110,20090604,PRCP,264,,,a,
ASN00041110,20090605,PRCP,4,,,a,
ASN00041110,20090606,PRCP,0,,,a,
ASN00041110,20090607,PRCP,78,,,a,
ASN00041110,20090608,PRCP,0,,,a,
ASN00041110,20090609,PRCP,4,,,a,
ASN00041110,20090610,PRCP,0,,,a,
ASN00041110,20090611,PRCP,0,,,a,
ASN00041110,20090612,PRCP,0,,,a,
ASN00041110,20090613,PRCP,0,,,a,
ASN00041110,20090614,PRCP,0,,,a,
ASN00041110,20090615,PRCP,0,,,a,
ASN00041110,20090616,PRCP,0,,,a,
ASN00041110,20090617,PRCP,0,,,a,
ASN00041110,20090618,PRCP,0,,,a,
ASN00041110,20090619,PRCP,0,,,a,
ASN00041110,20090620,PRCP,0,,,a,
ASN00041110,20090621,PRCP,0,,,a,
ASN00041110,20090622,PRCP,0,,,a,
ASN00041110,20090623,PRCP,0,,,a,
ASN00041110,20090624,PRCP,0,,,a,
ASN00041110,20090625,PRCP,0,,,a,
ASN00041110,20090626,PRCP,0,,,a,
ASN00041110,20090627,PRCP,95,,,a,
ASN00041110,20090628,PRCP,20,,,a,
ASN00041110,20090629,PRCP,0,,,a,
ASN00041110,20090630,PRCP,0,,,a,
ASN00041110,20090701,PRCP,0,,,a,
ASN00041110,20090702,PRCP,0,,,a,
ASN00041110,20090703,PRCP,0,,,a,
ASN00041110,20090704,PRCP,0,,,a,
ASN00041110,20090705,PRCP,0,,,a,
ASN00041110,20090706,PRCP,0,,,a,
ASN00041110,20090707,PRCP,0,,,a,
ASN00041110,20090708,PRCP,0,,,a,
ASN00041110,20090709,PRCP,0,,,a,
ASN00041110,20090710,PRCP,0,,,a,
ASN00041110,20090711,PRCP,0,,,a,
ASN00041110,20090712,PRCP,0,,,a,
ASN00041110,20090713,PRCP,0,,,a,
ASN00041110,20090714,PRCP,0,,,a,
ASN00041110,20090715,PRCP,0,,,a,
ASN00041110,20090716,PRCP,0,,,a,
ASN00041110,20090717,PRCP,0,,,a,
ASN00041110,20090718,PRCP,0,,,a,
ASN00041110,20090719,PRCP,0,,,a,
ASN00041110,20090720,PRCP,0,,,a,
ASN00041110,20090721,PRCP,100,,,a,
ASN00041110,20090722,PRCP,30,,,a,
ASN00041110,20090723,PRCP,20,,,a,
ASN00041110,20090724,PRCP,0,,,a,
ASN00041110,20090725,PRCP,0,,,a,
ASN00041110,20090726,PRCP,0,,,a,
ASN00041110,20090727,PRCP,0,,,a,
ASN00041110,20090728,PRCP,0,,,a,
ASN00041110,20090729,PRCP,0,,,a,
ASN00041110,20090730,PRCP,0,,,a,
ASN00041110,20090731,PRCP,0,,,a,
ASN00041110,20090801,PRCP,0,,,a,
ASN00041110,20090802,PRCP,0,,,a,
ASN00041110,20090803,PRCP,0,,,a,
ASN00041110,20090804,PRCP,0,,,a,
ASN00041110,20090805,PRCP,0,,,a,
ASN00041110,20090806,PRCP,0,,,a,
ASN00041110,20090807,PRCP,0,,,a,
ASN00041110,20090808,PRCP,0,,,a,
ASN00041110,20090809,PRCP,0,,,a,
ASN00041110,20090810,PRCP,0,,,a,
ASN00041110,20090811,PRCP,0,,,a,
ASN00041110,20090812,PRCP,0,,,a,
ASN00041110,20090813,PRCP,0,,,a,
ASN00041110,20090814,PRCP,0,,,a,
ASN00041110,20090815,PRCP,0,,,a,
ASN00041110,20090816,PRCP,0,,,a,
ASN00041110,20090817,PRCP,0,,,a,
ASN00041110,20090818,PRCP,0,,,a,
ASN00041110,20090819,PRCP,0,,,a,
ASN00041110,20090820,PRCP,0,,,a,
ASN00041110,20090821,PRCP,0,,,a,
ASN00041110,20090822,PRCP,0,,,a,
ASN00041110,20090823,PRCP,0,,,a,
ASN00041110,20090824,PRCP,0,,,a,
ASN00041110,20090825,PRCP,0,,,a,
ASN00041110,20090826,PRCP,0,,,a,
ASN00041110,20090827,PRCP,0,,,a,
ASN00041110,20090828,PRCP,2,,,a,
ASN00041110,20090829,PRCP,2,,,a,
ASN00041110,20090830,PRCP,0,,,a,
ASN00041110,20090831,PRCP,16,,,a,
ASN00041110,20090901,PRCP,0,,,a,
ASN00041110,20090902,PRCP,0,,,a,
ASN00041110,20090903,PRCP,0,,,a,
ASN00041110,20090904,PRCP,0,,,a,
ASN00041110,20090905,PRCP,90,,,a,
ASN00041110,20090906,PRCP,0,,,a,
ASN00041110,20090907,PRCP,0,,,a,
ASN00041110,20090908,PRCP,42,,,a,
ASN00041110,20090909,PRCP,0,,,a,
ASN00041110,20090910,PRCP,0,,,a,
ASN00041110,20090911,PRCP,0,,,a,
ASN00041110,20090912,PRCP,0,,,a,
ASN00041110,20090913,PRCP,0,,,a,
ASN00041110,20090914,PRCP,0,,,a,
ASN00041110,20090915,PRCP,0,,,a,
ASN00041110,20090916,PRCP,0,,,a,
ASN00041110,20090917,PRCP,0,,,a,
ASN00041110,20090918,PRCP,0,,,a,
ASN00041110,20090919,PRCP,0,,,a,
ASN00041110,20090920,PRCP,0,,,a,
ASN00041110,20090921,PRCP,0,,,a,
ASN00041110,20090922,PRCP,0,,,a,
ASN00041110,20090923,PRCP,0,,,a,
ASN00041110,20090924,PRCP,0,,,a,
ASN00041110,20090925,PRCP,0,,,a,
ASN00041110,20090926,PRCP,0,,,a,
ASN00041110,20090927,PRCP,0,,,a,
ASN00041110,20090928,PRCP,0,,,a,
ASN00041110,20090929,PRCP,0,,,a,
ASN00041110,20090930,PRCP,0,,,a,
ASN00041110,20091001,PRCP,0,,,a,
ASN00041110,20091002,PRCP,0,,,a,
ASN00041110,20091003,PRCP,0,,,a,
ASN00041110,20091004,PRCP,0,,,a,
ASN00041110,20091005,PRCP,0,,,a,
ASN00041110,20091006,PRCP,0,,,a,
ASN00041110,20091007,PRCP,0,,,a,
ASN00041110,20091008,PRCP,0,,,a,
ASN00041110,20091009,PRCP,0,,,a,
ASN00041110,20091010,PRCP,0,,,a,
ASN00041110,20091011,PRCP,0,,,a,
ASN00041110,20091012,PRCP,46,,,a,
ASN00041110,20091013,PRCP,66,,,a,
ASN00041110,20091014,PRCP,0,,,a,
ASN00041110,20091015,PRCP,0,,,a,
ASN00041110,20091016,PRCP,0,,,a,
ASN00041110,20091017,PRCP,0,,,a,
ASN00041110,20091018,PRCP,0,,,a,
ASN00041110,20091019,PRCP,0,,,a,
ASN00041110,20091020,PRCP,0,,,a,
ASN00041110,20091021,PRCP,0,,,a,
ASN00041110,20091022,PRCP,0,,,a,
ASN00041110,20091023,PRCP,0,,,a,
ASN00041110,20091024,PRCP,0,,,a,
ASN00041110,20091025,PRCP,0,,,a,
ASN00041110,20091026,PRCP,0,,,a,
ASN00041110,20091027,PRCP,120,,,a,
ASN00041110,20091028,PRCP,0,,,a,
ASN00041110,20091029,PRCP,0,,,a,
ASN00041110,20091030,PRCP,0,,,a,
ASN00041110,20091031,PRCP,0,,,a,
ASN00041110,20091101,PRCP,0,,,a,
ASN00041110,20091102,PRCP,0,,,a,
ASN00041110,20091103,PRCP,0,,,a,
ASN00041110,20091104,PRCP,0,,,a,
ASN00041110,20091105,PRCP,0,,,a,
ASN00041110,20091106,PRCP,2,,,a,
ASN00041110,20091107,PRCP,420,,,a,
ASN00041110,20091108,PRCP,0,,,a,
ASN00041110,20091109,PRCP,0,,,a,
ASN00041110,20091110,PRCP,2,,,a,
ASN00041110,20091111,PRCP,0,,,a,
ASN00041110,20091112,PRCP,0,,,a,
ASN00041110,20091113,PRCP,0,,,a,
ASN00041110,20091114,PRCP,12,,,a,
ASN00041110,20091115,PRCP,0,,,a,
ASN00041110,20091116,PRCP,0,,,a,
ASN00041110,20091117,PRCP,0,,,a,
ASN00041110,20091118,PRCP,0,,,a,
ASN00041110,20091119,PRCP,0,,,a,
ASN00041110,20091120,PRCP,0,,,a,
ASN00041110,20091121,PRCP,0,,,a,
ASN00041110,20091122,PRCP,0,,,a,
ASN00041110,20091123,PRCP,0,,,a,
ASN00041110,20091124,PRCP,0,,,a,
ASN00041110,20091125,PRCP,0,,,a,
ASN00041110,20091126,PRCP,0,,,a,
ASN00041110,20091127,PRCP,0,,,a,
ASN00041110,20091128,PRCP,0,,,a,
ASN00041110,20091129,PRCP,0,,,a,
ASN00041110,20091130,PRCP,0,,,a,
ASN00041110,20091201,PRCP,0,,,a,
ASN00041110,20091202,PRCP,0,,,a,
ASN00041110,20091203,PRCP,0,,,a,
ASN00041110,20091204,PRCP,0,,,a,
ASN00041110,20091205,PRCP,0,,,a,
ASN00041110,20091206,PRCP,0,,,a,
ASN00041110,20091207,PRCP,0,,,a,
ASN00041110,20091208,PRCP,0,,,a,
ASN00041110,20091209,PRCP,0,,,a,
ASN00041110,20091210,PRCP,0,,,a,
ASN00041110,20091211,PRCP,0,,,a,
ASN00041110,20091212,PRCP,0,,,a,
ASN00041110,20091213,PRCP,0,,,a,
ASN00041110,20091214,PRCP,0,,,a,
ASN00041110,20091215,PRCP,0,,,a,
ASN00041110,20091216,PRCP,6,,,a,
ASN00041110,20091217,PRCP,0,,,a,
ASN00041110,20091218,PRCP,0,,,a,
ASN00041110,20091219,PRCP,30,,,a,
ASN00041110,20091220,PRCP,30,,,a,
ASN00041110,20091221,PRCP,66,,,a,
ASN00041110,20091222,PRCP,0,,,a,
ASN00041110,20091223,PRCP,0,,,a,
ASN00041110,20091224,PRCP,0,,,a,
ASN00041110,20091225,PRCP,0,,,a,
ASN00041110,20091226,PRCP,0,,,a,
ASN00041110,20091227,PRCP,2,,,a,
ASN00041110,20091228,PRCP,70,,,a,
ASN00041110,20091229,PRCP,0,,,a,
ASN00041110,20091230,PRCP,632,,,a,
ASN00041110,20091231,PRCP,10,,,a,
ASN00041110,20100101,PRCP,2,,,a,
ASN00041110,20100102,PRCP,20,,,a,
ASN00041110,20100103,PRCP,76,,,a,
ASN00041110,20100104,PRCP,246,,,a,
ASN00041110,20100105,PRCP,0,,,a,
ASN00041110,20100106,PRCP,0,,,a,
ASN00041110,20100107,PRCP,0,,,a,
ASN00041110,20100108,PRCP,64,,,a,
ASN00041110,20100109,PRCP,0,,,a,
ASN00041110,20100110,PRCP,0,,,a,
ASN00041110,20100111,PRCP,0,,,a,
ASN00041110,20100112,PRCP,0,,,a,
ASN00041110,20100113,PRCP,0,,,a,
ASN00041110,20100114,PRCP,0,,,a,
ASN00041110,20100115,PRCP,0,,,a,
ASN00041110,20100116,PRCP,0,,,a,
ASN00041110,20100117,PRCP,46,,,a,
ASN00041110,20100118,PRCP,20,,,a,
ASN00041110,20100119,PRCP,0,,,a,
ASN00041110,20100120,PRCP,0,,,a,
ASN00041110,20100121,PRCP,0,,,a,
ASN00041110,20100122,PRCP,0,,,a,
ASN00041110,20100123,PRCP,0,,,a,
ASN00041110,20100124,PRCP,0,,,a,
ASN00041110,20100125,PRCP,0,,,a,
ASN00041110,20100126,PRCP,0,,,a,
ASN00041110,20100127,PRCP,0,,,a,
ASN00041110,20100128,PRCP,0,,,a,
ASN00041110,20100129,PRCP,44,,,a,
ASN00041110,20100130,PRCP,0,,,a,
ASN00041110,20100131,PRCP,0,,,a,
ASN00041110,20100201,PRCP,48,,,a,
ASN00041110,20100202,PRCP,30,,,a,
ASN00041110,20100203,PRCP,0,,,a,
ASN00041110,20100204,PRCP,10,,,a,
ASN00041110,20100205,PRCP,16,,,a,
ASN00041110,20100206,PRCP,130,,,a,
ASN00041110,20100207,PRCP,626,,,a,
ASN00041110,20100208,PRCP,0,,,a,
ASN00041110,20100209,PRCP,26,,,a,
ASN00041110,20100210,PRCP,0,,,a,
ASN00041110,20100211,PRCP,0,,,a,
ASN00041110,20100212,PRCP,0,,,a,
ASN00041110,20100213,PRCP,0,,,a,
ASN00041110,20100214,PRCP,0,,,a,
ASN00041110,20100215,PRCP,10,,,a,
ASN00041110,20100216,PRCP,178,,,a,
ASN00041110,20100217,PRCP,386,,,a,
ASN00041110,20100218,PRCP,0,,,a,
ASN00041110,20100219,PRCP,0,,,a,
ASN00041110,20100220,PRCP,0,,,a,
ASN00041110,20100221,PRCP,0,,,a,
ASN00041110,20100222,PRCP,0,,,a,
ASN00041110,20100223,PRCP,0,,,a,
ASN00041110,20100224,PRCP,0,,,a,
ASN00041110,20100225,PRCP,58,,,a,
ASN00041110,20100226,PRCP,0,,,a,
ASN00041110,20100227,PRCP,0,,,a,
ASN00041110,20100228,PRCP,0,,,a,
ASN00041110,20100301,PRCP,110,,,a,
ASN00041110,20100302,PRCP,850,,,a,
ASN00041110,20100303,PRCP,220,,,a,
ASN00041110,20100304,PRCP,0,,,a,
ASN00041110,20100305,PRCP,600,,,a,
ASN00041110,20100306,PRCP,0,,,a,
ASN00041110,20100307,PRCP,14,,,a,
ASN00041110,20100308,PRCP,20,,,a,
ASN00041110,20100309,PRCP,0,,,a,
ASN00041110,20100310,PRCP,0,,,a,
ASN00041110,20100311,PRCP,0,,,a,
ASN00041110,20100312,PRCP,0,,,a,
ASN00041110,20100313,PRCP,0,,,a,
ASN00041110,20100314,PRCP,0,,,a,
ASN00041110,20100315,PRCP,5,,,a,
ASN00041110,20100316,PRCP,0,,,a,
ASN00041110,20100317,PRCP,0,,,a,
ASN00041110,20100318,PRCP,0,,,a,
ASN00041110,20100319,PRCP,0,,,a,
ASN00041110,20100320,PRCP,0,,,a,
ASN00041110,20100321,PRCP,0,,,a,
ASN00041110,20100322,PRCP,0,,,a,
ASN00041110,20100323,PRCP,0,,,a,
ASN00041110,20100324,PRCP,10,,,a,
ASN00041110,20100325,PRCP,0,,,a,
ASN00041110,20100326,PRCP,0,,,a,
ASN00041110,20100327,PRCP,0,,,a,
ASN00041110,20100328,PRCP,0,,,a,
ASN00041110,20100329,PRCP,0,,,a,
ASN00041110,20100330,PRCP,0,,,a,
ASN00041110,20100331,PRCP,564,,,a,
ASN00041110,20100401,PRCP,42,,,a,
ASN00041110,20100402,PRCP,0,,,a,
ASN00041110,20100403,PRCP,0,,,a,
ASN00041110,20100404,PRCP,0,,,a,
ASN00041110,20100405,PRCP,0,,,a,
ASN00041110,20100406,PRCP,0,,,a,
ASN00041110,20100407,PRCP,0,,,a,
ASN00041110,20100408,PRCP,0,,,a,
ASN00041110,20100409,PRCP,0,,,a,
ASN00041110,20100410,PRCP,0,,,a,
ASN00041110,20100411,PRCP,0,,,a,
ASN00041110,20100412,PRCP,0,,,a,
ASN00041110,20100413,PRCP,12,,,a,
ASN00041110,20100414,PRCP,0,,,a,
ASN00041110,20100415,PRCP,0,,,a,
ASN00041110,20100416,PRCP,0,,,a,
ASN00041110,20100417,PRCP,0,,,a,
ASN00041110,20100418,PRCP,0,,,a,
ASN00041110,20100419,PRCP,0,,,a,
ASN00041110,20100420,PRCP,0,,,a,
ASN00041110,20100421,PRCP,0,,,a,
ASN00041110,20100422,PRCP,20,,,a,
ASN00041110,20100423,PRCP,0,,,a,
ASN00041110,20100424,PRCP,0,,,a,
ASN00041110,20100425,PRCP,0,,,a,
ASN00041110,20100426,PRCP,0,,,a,
ASN00041110,20100427,PRCP,0,,,a,
ASN00041110,20100428,PRCP,0,,,a,
ASN00041110,20100429,PRCP,0,,,a,
ASN00041110,20100430,PRCP,0,,,a,
ASN00041110,20100501,PRCP,0,,,a,
ASN00041110,20100502,PRCP,0,,,a,
ASN00041110,20100503,PRCP,0,,,a,
ASN00041110,20100504,PRCP,12,,,a,
ASN00041110,20100505,PRCP,10,,,a,
ASN00041110,20100506,PRCP,0,,,a,
ASN00041110,20100507,PRCP,0,,,a,
ASN00041110,20100508,PRCP,0,,,a,
ASN00041110,20100509,PRCP,0,,,a,
ASN00041110,20100510,PRCP,0,,,a,
ASN00041110,20100511,PRCP,0,,,a,
ASN00041110,20100512,PRCP,0,,,a,
ASN00041110,20100513,PRCP,0,,,a,
ASN00041110,20100514,PRCP,0,,,a,
ASN00041110,20100515,PRCP,0,,,a,
ASN00041110,20100516,PRCP,0,,,a,
ASN00041110,20100517,PRCP,0,,,a,
ASN00041110,20100518,PRCP,0,,,a,
ASN00041110,20100519,PRCP,0,,,a,
ASN00041110,20100520,PRCP,0,,,a,
ASN00041110,20100521,PRCP,0,,,a,
ASN00041110,20100522,PRCP,65,,,a,
ASN00041110,20100523,PRCP,0,,,a,
ASN00041110,20100524,PRCP,0,,,a,
ASN00041110,20100525,PRCP,26,,,a,
ASN00041110,20100526,PRCP,70,,,a,
ASN00041110,20100527,PRCP,0,,,a,
ASN00041110,20100528,PRCP,0,,,a,
ASN00041110,20100529,PRCP,0,,,a,
ASN00041110,20100530,PRCP,0,,,a,
ASN00041110,20100531,PRCP,0,,,a,
ASN00041110,20100601,PRCP,0,,,a,
ASN00041110,20100602,PRCP,0,,,a,
ASN00041110,20100603,PRCP,0,,,a,
ASN00041110,20100604,PRCP,0,,,a,
ASN00041110,20100605,PRCP,0,,,a,
ASN00041110,20100606,PRCP,0,,,a,
ASN00041110,20100607,PRCP,0,,,a,
ASN00041110,20100608,PRCP,0,,,a,
ASN00041110,20100609,PRCP,0,,,a,
ASN00041110,20100610,PRCP,0,,,a,
ASN00041110,20100611,PRCP,0,,,a,
ASN00041110,20100612,PRCP,0,,,a,
ASN00041110,20100613,PRCP,0,,,a,
ASN00041110,20100614,PRCP,0,,,a,
ASN00041110,20100615,PRCP,0,,,a,
ASN00041110,20100616,PRCP,0,,,a,
ASN00041110,20100617,PRCP,0,,,a,
ASN00041110,20100618,PRCP,0,,,a,
ASN00041110,20100619,PRCP,0,,,a,
ASN00041110,20100620,PRCP,15,,,a,
ASN00041110,20100621,PRCP,0,,,a,
ASN00041110,20100622,PRCP,0,,,a,
ASN00041110,20100623,PRCP,0,,,a,
ASN00041110,20100624,PRCP,0,,,a,
ASN00041110,20100625,PRCP,0,,,a,
ASN00041110,20100626,PRCP,0,,,a,
ASN00041110,20100627,PRCP,15,,,a,
ASN00041110,20100628,PRCP,5,,,a,
ASN00041110,20100629,PRCP,0,,,a,
ASN00041110,20100630,PRCP,0,,,a,
ASN00041110,20100701,PRCP,0,,,a,
ASN00041110,20100702,PRCP,0,,,a,
ASN00041110,20100703,PRCP,130,,,a,
ASN00041110,20100704,PRCP,0,,,a,
ASN00041110,20100705,PRCP,0,,,a,
ASN00041110,20100706,PRCP,0,,,a,
ASN00041110,20100707,PRCP,0,,,a,
ASN00041110,20100708,PRCP,35,,,a,
ASN00041110,20100709,PRCP,0,,,a,
ASN00041110,20100710,PRCP,0,,,a,
ASN00041110,20100711,PRCP,0,,,a,
ASN00041110,20100712,PRCP,0,,,a,
ASN00041110,20100713,PRCP,0,,,a,
ASN00041110,20100714,PRCP,0,,,a,
ASN00041110,20100715,PRCP,30,,,a,
ASN00041110,20100716,PRCP,0,,,a,
ASN00041110,20100717,PRCP,0,,,a,
ASN00041110,20100718,PRCP,20,,,a,
ASN00041110,20100719,PRCP,0,,,a,
ASN00041110,20100720,PRCP,0,,,a,
ASN00041110,20100721,PRCP,0,,,a,
ASN00041110,20100722,PRCP,0,,,a,
ASN00041110,20100723,PRCP,0,,,a,
ASN00041110,20100724,PRCP,0,,,a,
ASN00041110,20100725,PRCP,10,,,a,
ASN00041110,20100726,PRCP,0,,,a,
ASN00041110,20100727,PRCP,0,,,a,
ASN00041110,20100728,PRCP,0,,,a,
ASN00041110,20100729,PRCP,0,,,a,
ASN00041110,20100730,PRCP,230,,,a,
ASN00041110,20100731,PRCP,45,,,a,
ASN00041110,20100801,PRCP,60,,,a,
ASN00041110,20100802,PRCP,0,,,a,
ASN00041110,20100803,PRCP,0,,,a,
ASN00041110,20100804,PRCP,0,,,a,
ASN00041110,20100805,PRCP,0,,,a,
ASN00041110,20100806,PRCP,0,,,a,
ASN00041110,20100807,PRCP,0,,,a,
ASN00041110,20100808,PRCP,0,,,a,
ASN00041110,20100809,PRCP,0,,,a,
ASN00041110,20100810,PRCP,0,,,a,
ASN00041110,20100811,PRCP,300,,,a,
ASN00041110,20100812,PRCP,0,,,a,
ASN00041110,20100813,PRCP,0,,,a,
ASN00041110,20100814,PRCP,0,,,a,
ASN00041110,20100815,PRCP,0,,,a,
ASN00041110,20100816,PRCP,0,,,a,
ASN00041110,20100817,PRCP,0,,,a,
ASN00041110,20100818,PRCP,0,,,a,
ASN00041110,20100819,PRCP,0,,,a,
ASN00041110,20100820,PRCP,32,,,a,
ASN00041110,20100821,PRCP,42,,,a,
ASN00041110,20100822,PRCP,0,,,a,
ASN00041110,20100823,PRCP,0,,,a,
ASN00041110,20100824,PRCP,386,,,a,
ASN00041110,20100825,PRCP,0,,,a,
ASN00041110,20100826,PRCP,12,,,a,
ASN00041110,20100827,PRCP,0,,,a,
ASN00041110,20100828,PRCP,0,,,a,
ASN00041110,20100829,PRCP,0,,,a,
ASN00041110,20100830,PRCP,0,,,a,
ASN00041110,20100831,PRCP,0,,,a,
ASN00041110,20100901,PRCP,0,,,a,
ASN00041110,20100902,PRCP,0,,,a,
ASN00041110,20100903,PRCP,0,,,a,
ASN00041110,20100904,PRCP,0,,,a,
ASN00041110,20100905,PRCP,350,,,a,
ASN00041110,20100906,PRCP,20,,,a,
ASN00041110,20100907,PRCP,0,,,a,
ASN00041110,20100908,PRCP,0,,,a,
ASN00041110,20100909,PRCP,0,,,a,
ASN00041110,20100910,PRCP,50,,,a,
ASN00041110,20100911,PRCP,34,,,a,
ASN00041110,20100912,PRCP,0,,,a,
ASN00041110,20100913,PRCP,0,,,a,
ASN00041110,20100914,PRCP,0,,,a,
ASN00041110,20100915,PRCP,0,,,a,
ASN00041110,20100916,PRCP,0,,,a,
ASN00041110,20100917,PRCP,0,,,a,
ASN00041110,20100918,PRCP,0,,,a,
ASN00041110,20100919,PRCP,30,,,a,
ASN00041110,20100920,PRCP,145,,,a,
ASN00041110,20100921,PRCP,15,,,a,
ASN00041110,20100922,PRCP,5,,,a,
ASN00041110,20100923,PRCP,0,,,a,
ASN00041110,20100924,PRCP,2,,,a,
ASN00041110,20100925,PRCP,220,,,a,
ASN00041110,20100926,PRCP,0,,,a,
ASN00041110,20100927,PRCP,10,,,a,
ASN00041110,20100928,PRCP,60,,,a,
ASN00041110,20100929,PRCP,130,,,a,
ASN00041110,20100930,PRCP,0,,,a,
ASN00041110,20101001,PRCP,0,,,a,
ASN00041110,20101002,PRCP,0,,,a,
ASN00041110,20101003,PRCP,0,,,a,
ASN00041110,20101004,PRCP,0,,,a,
ASN00041110,20101005,PRCP,0,,,a,
ASN00041110,20101006,PRCP,0,,,a,
ASN00041110,20101007,PRCP,0,,,a,
ASN00041110,20101008,PRCP,400,,,a,
ASN00041110,20101009,PRCP,15,,,a,
ASN00041110,20101010,PRCP,10,,,a,
ASN00041110,20101011,PRCP,25,,,a,
ASN00041110,20101012,PRCP,0,,,a,
ASN00041110,20101013,PRCP,0,,,a,
ASN00041110,20101014,PRCP,0,,,a,
ASN00041110,20101015,PRCP,0,,,a,
ASN00041110,20101016,PRCP,450,,,a,
ASN00041110,20101017,PRCP,0,,,a,
ASN00041110,20101018,PRCP,0,,,a,
ASN00041110,20101019,PRCP,0,,,a,
ASN00041110,20101020,PRCP,0,,,a,
ASN00041110,20101021,PRCP,0,,,a,
ASN00041110,20101022,PRCP,0,,,a,
ASN00041110,20101023,PRCP,0,,,a,
ASN00041110,20101024,PRCP,0,,,a,
ASN00041110,20101025,PRCP,210,,,a,
ASN00041110,20101026,PRCP,0,,,a,
ASN00041110,20101027,PRCP,0,,,a,
ASN00041110,20101028,PRCP,0,,,a,
ASN00041110,20101029,PRCP,0,,,a,
ASN00041110,20101030,PRCP,0,,,a,
ASN00041110,20101031,PRCP,0,,,a,
ASN00041110,20101101,PRCP,0,,,a,
ASN00041110,20101102,PRCP,0,,,a,
ASN00041110,20101103,PRCP,32,,,a,
ASN00041110,20101104,PRCP,0,,,a,
ASN00041110,20101105,PRCP,126,,,a,
ASN00041110,20101106,PRCP,0,,,a,
ASN00041110,20101107,PRCP,0,,,a,
ASN00041110,20101108,PRCP,64,,,a,
ASN00041110,20101109,PRCP,0,,,a,
ASN00041110,20101110,PRCP,0,,,a,
ASN00041110,20101111,PRCP,0,,,a,
ASN00041110,20101112,PRCP,16,,,a,
ASN00041110,20101113,PRCP,0,,,a,
ASN00041110,20101114,PRCP,0,,,a,
ASN00041110,20101115,PRCP,0,,,a,
ASN00041110,20101116,PRCP,6,,,a,
ASN00041110,20101117,PRCP,8,,,a,
ASN00041110,20101118,PRCP,0,,,a,
ASN00041110,20101119,PRCP,230,,,a,
ASN00041110,20101120,PRCP,96,,,a,
ASN00041110,20101121,PRCP,10,,,a,
ASN00041110,20101122,PRCP,0,,,a,
ASN00041110,20101123,PRCP,0,,,a,
ASN00041110,20101124,PRCP,0,,,a,
ASN00041110,20101125,PRCP,0,,,a,
ASN00041110,20101126,PRCP,0,,,a,
ASN00041110,20101127,PRCP,0,,,a,
ASN00041110,20101128,PRCP,0,,,a,
ASN00041110,20101129,PRCP,4,,,a,
ASN00041110,20101130,PRCP,0,,,a,
ASN00041110,20101201,PRCP,0,,,a,
ASN00041110,20101202,PRCP,130,,,a,
ASN00041110,20101203,PRCP,0,,,a,
ASN00041110,20101204,PRCP,56,,,a,
ASN00041110,20101205,PRCP,340,,,a,
ASN00041110,20101206,PRCP,254,,,a,
ASN00041110,20101207,PRCP,20,,,a,
ASN00041110,20101208,PRCP,0,,,a,
ASN00041110,20101209,PRCP,3,,,a,
ASN00041110,20101210,PRCP,0,,,a,
ASN00041110,20101211,PRCP,134,,,a,
ASN00041110,20101212,PRCP,130,,,a,
ASN00041110,20101213,PRCP,0,,,a,
ASN00041110,20101214,PRCP,0,,,a,
ASN00041110,20101215,PRCP,0,,,a,
ASN00041110,20101216,PRCP,0,,,a,
ASN00041110,20101217,PRCP,124,,,a,
ASN00041110,20101218,PRCP,0,,,a,
ASN00041110,20101219,PRCP,126,,,a,
ASN00041110,20101220,PRCP,286,,,a,
ASN00041110,20101221,PRCP,0,,,a,
ASN00041110,20101222,PRCP,0,,,a,
ASN00041110,20101223,PRCP,12,,,a,
ASN00041110,20101224,PRCP,28,,,a,
ASN00041110,20101225,PRCP,8,,,a,
ASN00041110,20101226,PRCP,80,,,a,
ASN00041110,20101227,PRCP,850,,,a,
ASN00041110,20101228,PRCP,754,,,a,
ASN00041110,20101229,PRCP,0,,,a,
ASN00041110,20101230,PRCP,0,,,a,
ASN00041110,20101231,PRCP,0,,,a,
ASN00041110,20110101,PRCP,0,,,a,
ASN00041110,20110102,PRCP,2,,,a,
ASN00041110,20110103,PRCP,76,,,a,
ASN00041110,20110104,PRCP,24,,,a,
ASN00041110,20110105,PRCP,0,,,a,
ASN00041110,20110106,PRCP,105,,,a,
ASN00041110,20110107,PRCP,30,,,a,
ASN00041110,20110108,PRCP,0,,,a,
ASN00041110,20110109,PRCP,28,,,a,
ASN00041110,20110110,PRCP,180,,,a,
ASN00041110,20110111,PRCP,522,,,a,
ASN00041110,20110112,PRCP,72,,,a,
ASN00041110,20110113,PRCP,0,,,a,
ASN00041110,20110114,PRCP,0,,,a,
ASN00041110,20110115,PRCP,0,,,a,
ASN00041110,20110116,PRCP,0,,,a,
ASN00041110,20110117,PRCP,0,,,a,
ASN00041110,20110118,PRCP,0,,,a,
ASN00041110,20110119,PRCP,0,,,a,
ASN00041110,20110120,PRCP,10,,,a,
ASN00041110,20110121,PRCP,42,,,a,
ASN00041110,20110122,PRCP,0,,,a,
ASN00041110,20110123,PRCP,0,,,a,
ASN00041110,20110124,PRCP,0,,,a,
ASN00041110,20110125,PRCP,0,,,a,
ASN00041110,20110126,PRCP,0,,,a,
ASN00041110,20110127,PRCP,0,,,a,
ASN00041110,20110128,PRCP,0,,,a,
ASN00041110,20110129,PRCP,0,,,a,
ASN00041110,20110130,PRCP,0,,,a,
ASN00041110,20110131,PRCP,0,,,a,
ASN00041110,20110201,PRCP,0,,,a,
ASN00041110,20110202,PRCP,0,,,a,
ASN00041110,20110203,PRCP,0,,,a,
ASN00041110,20110204,PRCP,0,,,a,
ASN00041110,20110205,PRCP,0,,,a,
ASN00041110,20110206,PRCP,20,,,a,
ASN00041110,20110207,PRCP,0,,,a,
ASN00041110,20110208,PRCP,80,,,a,
ASN00041110,20110209,PRCP,42,,,a,
ASN00041110,20110210,PRCP,0,,,a,
ASN00041110,20110211,PRCP,0,,,a,
ASN00041110,20110212,PRCP,0,,,a,
ASN00041110,20110213,PRCP,0,,,a,
ASN00041110,20110214,PRCP,0,,,a,
ASN00041110,20110215,PRCP,0,,,a,
ASN00041110,20110216,PRCP,22,,,a,
ASN00041110,20110217,PRCP,0,,,a,
ASN00041110,20110218,PRCP,0,,,a,
ASN00041110,20110219,PRCP,0,,,a,
ASN00041110,20110220,PRCP,0,,,a,
ASN00041110,20110221,PRCP,0,,,a,
ASN00041110,20110222,PRCP,0,,,a,
ASN00041110,20110223,PRCP,0,,,a,
ASN00041110,20110224,PRCP,0,,,a,
ASN00041110,20110225,PRCP,0,,,a,
ASN00041110,20110226,PRCP,0,,,a,
ASN00041110,20110227,PRCP,0,,,a,
ASN00041110,20110228,PRCP,0,,,a,
ASN00041110,20110301,PRCP,0,,,a,
ASN00041110,20110302,PRCP,0,,,a,
ASN00041110,20110303,PRCP,0,,,a,
ASN00041110,20110304,PRCP,0,,,a,
ASN00041110,20110305,PRCP,0,,,a,
ASN00041110,20110306,PRCP,0,,,a,
ASN00041110,20110307,PRCP,0,,,a,
ASN00041110,20110308,PRCP,0,,,a,
ASN00041110,20110309,PRCP,0,,,a,
ASN00041110,20110310,PRCP,0,,,a,
ASN00041110,20110311,PRCP,0,,,a,
ASN00041110,20110312,PRCP,0,,,a,
ASN00041110,20110313,PRCP,0,,,a,
ASN00041110,20110314,PRCP,0,,,a,
ASN00041110,20110315,PRCP,0,,,a,
ASN00041110,20110316,PRCP,0,,,a,
ASN00041110,20110317,PRCP,0,,,a,
ASN00041110,20110318,PRCP,0,,,a,
ASN00041110,20110319,PRCP,180,,,a,
ASN00041110,20110320,PRCP,180,,,a,
ASN00041110,20110321,PRCP,72,,,a,
ASN00041110,20110322,PRCP,10,,,a,
ASN00041110,20110323,PRCP,0,,,a,
ASN00041110,20110324,PRCP,0,,,a,
ASN00041110,20110325,PRCP,0,,,a,
ASN00041110,20110326,PRCP,0,,,a,
ASN00041110,20110327,PRCP,0,,,a,
ASN00041110,20110328,PRCP,0,,,a,
ASN00041110,20110329,PRCP,0,,,a,
ASN00041110,20110330,PRCP,0,,,a,
ASN00041110,20110331,PRCP,0,,,a,
ASN00041110,20110401,PRCP,0,,,a,
ASN00041110,20110402,PRCP,0,,,a,
ASN00041110,20110403,PRCP,0,,,a,
ASN00041110,20110404,PRCP,0,,,a,
ASN00041110,20110405,PRCP,0,,,a,
ASN00041110,20110406,PRCP,0,,,a,
ASN00041110,20110407,PRCP,0,,,a,
ASN00041110,20110408,PRCP,0,,,a,
ASN00041110,20110409,PRCP,0,,,a,
ASN00041110,20110410,PRCP,0,,,a,
ASN00041110,20110411,PRCP,0,,,a,
ASN00041110,20110412,PRCP,50,,,a,
ASN00041110,20110413,PRCP,0,,,a,
ASN00041110,20110414,PRCP,0,,,a,
ASN00041110,20110415,PRCP,0,,,a,
ASN00041110,20110416,PRCP,176,,,a,
ASN00041110,20110417,PRCP,0,,,a,
ASN00041110,20110418,PRCP,0,,,a,
ASN00041110,20110419,PRCP,10,,,a,
ASN00041110,20110420,PRCP,0,,,a,
ASN00041110,20110421,PRCP,30,,,a,
ASN00041110,20110422,PRCP,0,,,a,
ASN00041110,20110423,PRCP,0,,,a,
ASN00041110,20110424,PRCP,0,,,a,
ASN00041110,20110425,PRCP,0,,,a,
ASN00041110,20110426,PRCP,0,,,a,
ASN00041110,20110427,PRCP,8,,,a,
ASN00041110,20110428,PRCP,0,,,a,
ASN00041110,20110429,PRCP,0,,,a,
ASN00041110,20110430,PRCP,0,,,a,
ASN00041110,20110501,PRCP,0,,,a,
ASN00041110,20110502,PRCP,0,,,a,
ASN00041110,20110503,PRCP,0,,,a,
ASN00041110,20110504,PRCP,46,,,a,
ASN00041110,20110505,PRCP,0,,,a,
ASN00041110,20110506,PRCP,0,,,a,
ASN00041110,20110507,PRCP,0,,,a,
ASN00041110,20110508,PRCP,0,,,a,
ASN00041110,20110509,PRCP,100,,,a,
ASN00041110,20110510,PRCP,0,,,a,
ASN00041110,20110511,PRCP,76,,,a,
ASN00041110,20110512,PRCP,0,,,a,
ASN00041110,20110513,PRCP,0,,,a,
ASN00041110,20110514,PRCP,0,,,a,
ASN00041110,20110515,PRCP,0,,,a,
ASN00041110,20110516,PRCP,0,,,a,
ASN00041110,20110517,PRCP,0,,,a,
ASN00041110,20110518,PRCP,0,,,a,
ASN00041110,20110519,PRCP,0,,,a,
ASN00041110,20110520,PRCP,0,,,a,
ASN00041110,20110521,PRCP,0,,,a,
ASN00041110,20110522,PRCP,10,,,a,
ASN00041110,20110523,PRCP,10,,,a,
ASN00041110,20110524,PRCP,260,,,a,
ASN00041110,20110525,PRCP,0,,,a,
ASN00041110,20110526,PRCP,0,,,a,
ASN00041110,20110527,PRCP,0,,,a,
ASN00041110,20110528,PRCP,0,,,a,
ASN00041110,20110529,PRCP,0,,,a,
ASN00041110,20110530,PRCP,0,,,a,
ASN00041110,20110531,PRCP,0,,,a,
ASN00041110,20110601,PRCP,0,,,a,
ASN00041110,20110602,PRCP,0,,,a,
ASN00041110,20110603,PRCP,0,,,a,
ASN00041110,20110604,PRCP,0,,,a,
ASN00041110,20110605,PRCP,0,,,a,
ASN00041110,20110606,PRCP,0,,,a,
ASN00041110,20110607,PRCP,0,,,a,
ASN00041110,20110608,PRCP,0,,,a,
ASN00041110,20110609,PRCP,0,,,a,
ASN00041110,20110610,PRCP,0,,,a,
ASN00041110,20110611,PRCP,0,,,a,
ASN00041110,20110612,PRCP,30,,,a,
ASN00041110,20110613,PRCP,0,,,a,
ASN00041110,20110614,PRCP,0,,,a,
ASN00041110,20110615,PRCP,0,,,a,
ASN00041110,20110616,PRCP,0,,,a,
ASN00041110,20110617,PRCP,0,,,a,
ASN00041110,20110618,PRCP,0,,,a,
ASN00041110,20110619,PRCP,110,,,a,
ASN00041110,20110620,PRCP,0,,,a,
ASN00041110,20110621,PRCP,0,,,a,
ASN00041110,20110622,PRCP,0,,,a,
ASN00041110,20110623,PRCP,0,,,a,
ASN00041110,20110624,PRCP,0,,,a,
ASN00041110,20110625,PRCP,0,,,a,
ASN00041110,20110626,PRCP,0,,,a,
ASN00041110,20110627,PRCP,0,,,a,
ASN00041110,20110628,PRCP,0,,,a,
ASN00041110,20110629,PRCP,0,,,a,
ASN00041110,20110630,PRCP,0,,,a,
ASN00041110,20110701,PRCP,0,,,a,
ASN00041110,20110702,PRCP,0,,,a,
ASN00041110,20110703,PRCP,0,,,a,
ASN00041110,20110704,PRCP,0,,,a,
ASN00041110,20110705,PRCP,0,,,a,
ASN00041110,20110706,PRCP,0,,,a,
ASN00041110,20110707,PRCP,0,,,a,
ASN00041110,20110708,PRCP,0,,,a,
ASN00041110,20110709,PRCP,0,,,a,
ASN00041110,20110710,PRCP,0,,,a,
ASN00041110,20110711,PRCP,0,,,a,
ASN00041110,20110712,PRCP,0,,,a,
ASN00041110,20110713,PRCP,0,,,a,
ASN00041110,20110714,PRCP,0,,,a,
ASN00041110,20110715,PRCP,0,,,a,
ASN00041110,20110716,PRCP,0,,,a,
ASN00041110,20110717,PRCP,0,,,a,
ASN00041110,20110718,PRCP,0,,,a,
ASN00041110,20110719,PRCP,0,,,a,
ASN00041110,20110720,PRCP,0,,,a,
ASN00041110,20110721,PRCP,0,,,a,
ASN00041110,20110722,PRCP,0,,,a,
ASN00041110,20110723,PRCP,0,,,a,
ASN00041110,20110724,PRCP,0,,,a,
ASN00041110,20110725,PRCP,0,,,a,
ASN00041110,20110726,PRCP,0,,,a,
ASN00041110,20110727,PRCP,0,,,a,
ASN00041110,20110728,PRCP,0,,,a,
ASN00041110,20110729,PRCP,0,,,a,
ASN00041110,20110730,PRCP,0,,,a,
ASN00041110,20110731,PRCP,0,,,a,
ASN00041110,20110801,PRCP,0,,,a,
ASN00041110,20110802,PRCP,0,,,a,
ASN00041110,20110803,PRCP,0,,,a,
ASN00041110,20110804,PRCP,0,,,a,
ASN00041110,20110805,PRCP,0,,,a,
ASN00041110,20110806,PRCP,0,,,a,
ASN00041110,20110807,PRCP,0,,,a,
ASN00041110,20110808,PRCP,14,,,a,
ASN00041110,20110809,PRCP,0,,,a,
ASN00041110,20110810,PRCP,0,,,a,
ASN00041110,20110811,PRCP,0,,,a,
ASN00041110,20110812,PRCP,0,,,a,
ASN00041110,20110813,PRCP,0,,,a,
ASN00041110,20110814,PRCP,0,,,a,
ASN00041110,20110815,PRCP,3,,,a,
ASN00041110,20110816,PRCP,0,,,a,
ASN00041110,20110817,PRCP,0,,,a,
ASN00041110,20110818,PRCP,0,,,a,
ASN00041110,20110819,PRCP,0,,,a,
ASN00041110,20110820,PRCP,0,,,a,
ASN00041110,20110821,PRCP,0,,,a,
ASN00041110,20110822,PRCP,0,,,a,
ASN00041110,20110823,PRCP,0,,,a,
ASN00041110,20110824,PRCP,0,,,a,
ASN00041110,20110825,PRCP,0,,,a,
ASN00041110,20110826,PRCP,0,,,a,
ASN00041110,20110827,PRCP,84,,,a,
ASN00041110,20110828,PRCP,224,,,a,
ASN00041110,20110829,PRCP,0,,,a,
ASN00041110,20110830,PRCP,0,,,a,
ASN00041110,20110831,PRCP,0,,,a,
ASN00041110,20110901,PRCP,40,,,a,
ASN00041110,20110902,PRCP,0,,,a,
ASN00041110,20110903,PRCP,0,,,a,
ASN00041110,20110904,PRCP,0,,,a,
ASN00041110,20110905,PRCP,0,,,a,
ASN00041110,20110906,PRCP,0,,,a,
ASN00041110,20110907,PRCP,0,,,a,
ASN00041110,20110908,PRCP,0,,,a,
ASN00041110,20110909,PRCP,0,,,a,
ASN00041110,20110910,PRCP,189,,,a,
ASN00041110,20110911,PRCP,0,,,a,
ASN00041110,20110912,PRCP,0,,,a,
ASN00041110,20110913,PRCP,0,,,a,
ASN00041110,20110914,PRCP,0,,,a,
ASN00041110,20110915,PRCP,0,,,a,
ASN00041110,20110916,PRCP,0,,,a,
ASN00041110,20110917,PRCP,0,,,a,
ASN00041110,20110918,PRCP,0,,,a,
ASN00041110,20110919,PRCP,0,,,a,
ASN00041110,20110920,PRCP,0,,,a,
ASN00041110,20110921,PRCP,0,,,a,
ASN00041110,20110922,PRCP,0,,,a,
ASN00041110,20110923,PRCP,0,,,a,
ASN00041110,20110924,PRCP,0,,,a,
ASN00041110,20110925,PRCP,4,,,a,
ASN00041110,20110926,PRCP,0,,,a,
ASN00041110,20110927,PRCP,0,,,a,
ASN00041110,20110928,PRCP,0,,,a,
ASN00041110,20110929,PRCP,98,,,a,
ASN00041110,20110930,PRCP,20,,,a,
ASN00041110,20111001,PRCP,0,,,a,
ASN00041110,20111002,PRCP,0,,,a,
ASN00041110,20111003,PRCP,0,,,a,
ASN00041110,20111004,PRCP,0,,,a,
ASN00041110,20111005,PRCP,0,,,a,
ASN00041110,20111006,PRCP,100,,,a,
ASN00041110,20111007,PRCP,120,,,a,
ASN00041110,20111008,PRCP,148,,,a,
ASN00041110,20111009,PRCP,28,,,a,
ASN00041110,20111010,PRCP,0,,,a,
ASN00041110,20111011,PRCP,0,,,a,
ASN00041110,20111012,PRCP,0,,,a,
ASN00041110,20111013,PRCP,0,,,a,
ASN00041110,20111014,PRCP,250,,,a,
ASN00041110,20111015,PRCP,310,,,a,
ASN00041110,20111016,PRCP,98,,,a,
ASN00041110,20111017,PRCP,0,,,a,
ASN00041110,20111018,PRCP,0,,,a,
ASN00041110,20111019,PRCP,0,,,a,
ASN00041110,20111020,PRCP,0,,,a,
ASN00041110,20111021,PRCP,0,,,a,
ASN00041110,20111022,PRCP,0,,,a,
ASN00041110,20111023,PRCP,0,,,a,
ASN00041110,20111024,PRCP,0,,,a,
ASN00041110,20111025,PRCP,0,,,a,
ASN00041110,20111026,PRCP,10,,,a,
ASN00041110,20111027,PRCP,240,,,a,
ASN00041110,20111028,PRCP,0,,,a,
ASN00041110,20111029,PRCP,0,,,a,
ASN00041110,20111030,PRCP,0,,,a,
ASN00041110,20111031,PRCP,24,,,a,
ASN00041110,20120101,PRCP,0,,,a,
ASN00041110,20120102,PRCP,0,,,a,
ASN00041110,20120103,PRCP,0,,,a,
ASN00041110,20120104,PRCP,0,,,a,
ASN00041110,20120105,PRCP,0,,,a,
ASN00041110,20120106,PRCP,80,,,a,
ASN00041110,20120107,PRCP,0,,,a,
ASN00041110,20120108,PRCP,0,,,a,
ASN00041110,20120109,PRCP,0,,,a,
ASN00041110,20120110,PRCP,0,,,a,
ASN00041110,20120111,PRCP,0,,,a,
ASN00041110,20120112,PRCP,0,,,a,
ASN00041110,20120113,PRCP,0,,,a,
ASN00041110,20120114,PRCP,0,,,a,
ASN00041110,20120115,PRCP,220,,,a,
ASN00041110,20120116,PRCP,10,,,a,
ASN00041110,20120117,PRCP,0,,,a,
ASN00041110,20120118,PRCP,0,,,a,
ASN00041110,20120119,PRCP,10,,,a,
ASN00041110,20120120,PRCP,0,,,a,
ASN00041110,20120121,PRCP,0,,,a,
ASN00041110,20120122,PRCP,0,,,a,
ASN00041110,20120123,PRCP,0,,,a,
ASN00041110,20120124,PRCP,0,,,a,
ASN00041110,20120125,PRCP,98,,,a,
ASN00041110,20120126,PRCP,260,,,a,
ASN00041110,20120127,PRCP,32,,,a,
ASN00041110,20120128,PRCP,112,,,a,
ASN00041110,20120129,PRCP,34,,,a,
ASN00041110,20120130,PRCP,0,,,a,
ASN00041110,20120131,PRCP,0,,,a,
ASN00041110,20120201,PRCP,0,,,a,
ASN00041110,20120202,PRCP,0,,,a,
ASN00041110,20120203,PRCP,0,,,a,
ASN00041110,20120204,PRCP,0,,,a,
ASN00041110,20120205,PRCP,0,,,a,
ASN00041110,20120206,PRCP,0,,,a,
ASN00041110,20120207,PRCP,0,,,a,
ASN00041110,20120208,PRCP,264,,,a,
ASN00041110,20120209,PRCP,12,,,a,
ASN00041110,20120210,PRCP,0,,,a,
ASN00041110,20120211,PRCP,100,,,a,
ASN00041110,20120212,PRCP,0,,,a,
ASN00041110,20120213,PRCP,0,,,a,
ASN00041110,20120214,PRCP,16,,,a,
ASN00041110,20120215,PRCP,100,,,a,
ASN00041110,20120216,PRCP,0,,,a,
ASN00041110,20120217,PRCP,0,,,a,
ASN00041110,20120218,PRCP,0,,,a,
ASN00041110,20120219,PRCP,0,,,a,
ASN00041110,20120220,PRCP,0,,,a,
ASN00041110,20120221,PRCP,70,,,a,
ASN00041110,20120222,PRCP,0,,,a,
ASN00041110,20120223,PRCP,12,,,a,
ASN00041110,20120224,PRCP,0,,,a,
ASN00041110,20120225,PRCP,0,,,a,
ASN00041110,20120226,PRCP,44,,,a,
ASN00041110,20120227,PRCP,0,,,a,
ASN00041110,20120228,PRCP,0,,,a,
ASN00041110,20120229,PRCP,0,,,a,
ASN00041110,20120801,PRCP,0,,,a,
ASN00041110,20120802,PRCP,0,,,a,
ASN00041110,20120803,PRCP,0,,,a,
ASN00041110,20120804,PRCP,0,,,a,
ASN00041110,20120805,PRCP,0,,,a,
ASN00041110,20120806,PRCP,0,,,a,
ASN00041110,20120807,PRCP,0,,,a,
ASN00041110,20120808,PRCP,0,,,a,
ASN00041110,20120809,PRCP,0,,,a,
ASN00041110,20120810,PRCP,0,,,a,
ASN00041110,20120811,PRCP,0,,,a,
ASN00041110,20120812,PRCP,0,,,a,
ASN00041110,20120813,PRCP,0,,,a,
ASN00041110,20120814,PRCP,0,,,a,
ASN00041110,20120815,PRCP,0,,,a,
ASN00041110,20120816,PRCP,0,,,a,
ASN00041110,20120817,PRCP,0,,,a,
ASN00041110,20120818,PRCP,0,,,a,
ASN00041110,20120819,PRCP,0,,,a,
ASN00041110,20120820,PRCP,0,,,a,
ASN00041110,20120821,PRCP,0,,,a,
ASN00041110,20120822,PRCP,0,,,a,
ASN00041110,20120823,PRCP,0,,,a,
ASN00041110,20120824,PRCP,0,,,a,
ASN00041110,20120825,PRCP,0,,,a,
ASN00041110,20120826,PRCP,0,,,a,
ASN00041110,20120827,PRCP,0,,,a,
ASN00041110,20120828,PRCP,0,,,a,
ASN00041110,20120829,PRCP,0,,,a,
ASN00041110,20120830,PRCP,0,,,a,
ASN00041110,20120831,PRCP,80,,,a,
ASN00041110,20120901,PRCP,0,,,a,
ASN00041110,20120902,PRCP,0,,,a,
ASN00041110,20120903,PRCP,0,,,a,
ASN00041110,20120904,PRCP,0,,,a,
ASN00041110,20120905,PRCP,0,,,a,
ASN00041110,20120906,PRCP,0,,,a,
ASN00041110,20120907,PRCP,0,,,a,
ASN00041110,20120908,PRCP,0,,,a,
ASN00041110,20120909,PRCP,0,,,a,
ASN00041110,20120910,PRCP,0,,,a,
ASN00041110,20120911,PRCP,0,,,a,
ASN00041110,20120912,PRCP,0,,,a,
ASN00041110,20120913,PRCP,0,,,a,
ASN00041110,20120914,PRCP,18,,,a,
ASN00041110,20120915,PRCP,0,,,a,
ASN00041110,20120916,PRCP,0,,,a,
ASN00041110,20120917,PRCP,0,,,a,
ASN00041110,20120918,PRCP,0,,,a,
ASN00041110,20120919,PRCP,0,,,a,
ASN00041110,20120920,PRCP,0,,,a,
ASN00041110,20120921,PRCP,14,,,a,
ASN00041110,20120922,PRCP,0,,,a,
ASN00041110,20120923,PRCP,0,,,a,
ASN00041110,20120924,PRCP,0,,,a,
ASN00041110,20120925,PRCP,0,,,a,
ASN00041110,20120926,PRCP,0,,,a,
ASN00041110,20120927,PRCP,0,,,a,
ASN00041110,20120928,PRCP,0,,,a,
ASN00041110,20120929,PRCP,0,,,a,
ASN00041110,20120930,PRCP,66,,,a,
ASN00041110,20140201,PRCP,0,,,a,
ASN00041110,20140202,PRCP,0,,,a,
ASN00041110,20140203,PRCP,0,,,a,
ASN00041110,20140204,PRCP,0,,,a,
ASN00041110,20140205,PRCP,0,,,a,
ASN00041110,20140206,PRCP,0,,,a,
ASN00041110,20140207,PRCP,0,,,a,
ASN00041110,20140208,PRCP,0,,,a,
ASN00041110,20140209,PRCP,0,,,a,
ASN00041110,20140210,PRCP,0,,,a,
ASN00041110,20140211,PRCP,0,,,a,
ASN00041110,20140212,PRCP,0,,,a,
ASN00041110,20140213,PRCP,0,,,a,
ASN00041110,20140214,PRCP,0,,,a,
ASN00041110,20140215,PRCP,0,,,a,
ASN00041110,20140216,PRCP,0,,,a,
ASN00041110,20140217,PRCP,0,,,a,
ASN00041110,20140218,PRCP,0,,,a,
ASN00041110,20140219,PRCP,90,,,a,
ASN00041110,20140220,PRCP,50,,,a,
ASN00041110,20140221,PRCP,0,,,a,
ASN00041110,20140222,PRCP,0,,,a,
ASN00041110,20140223,PRCP,42,,,a,
ASN00041110,20140301,PRCP,0,,,a,
ASN00041110,20140302,PRCP,0,,,a,
ASN00041110,20140303,PRCP,0,,,a,
ASN00041110,20140304,PRCP,0,,,a,
ASN00041110,20140305,PRCP,0,,,a,
ASN00041110,20140306,PRCP,0,,,a,
ASN00041110,20140307,PRCP,0,,,a,
ASN00041110,20140308,PRCP,0,,,a,
ASN00041110,20140309,PRCP,0,,,a,
ASN00041110,20140310,PRCP,0,,,a,
ASN00041110,20140311,PRCP,0,,,a,
ASN00041110,20140312,PRCP,0,,,a,
ASN00041110,20140313,PRCP,0,,,a,
ASN00041110,20140314,PRCP,0,,,a,
ASN00041110,20140315,PRCP,0,,,a,
ASN00041110,20140316,PRCP,0,,,a,
ASN00041110,20140317,PRCP,0,,,a,
ASN00041110,20140318,PRCP,0,,,a,
ASN00041110,20140319,PRCP,0,,,a,
ASN00041110,20140320,PRCP,0,,,a,
ASN00041110,20140321,PRCP,0,,,a,
ASN00041110,20140322,PRCP,0,,,a,
ASN00041110,20140323,PRCP,0,,,a,
ASN00041110,20140324,PRCP,0,,,a,
ASN00041110,20140325,PRCP,970,,,a,
ASN00041110,20140326,PRCP,166,,,a,
ASN00041110,20140327,PRCP,0,,,a,
ASN00041110,20140328,PRCP,530,,,a,
ASN00041110,20140329,PRCP,0,,,a,
ASN00041110,20140330,PRCP,120,,,a,
ASN00041110,20140331,PRCP,322,,,a,
ASN00041110,20140401,PRCP,0,,,a,
ASN00041110,20140402,PRCP,0,,,a,
ASN00041110,20140403,PRCP,0,,,a,
ASN00041110,20140404,PRCP,0,,,a,
ASN00041110,20140405,PRCP,0,,,a,
ASN00041110,20140406,PRCP,0,,,a,
ASN00041110,20140407,PRCP,0,,,a,
ASN00041110,20140408,PRCP,0,,,a,
ASN00041110,20140409,PRCP,0,,,a,
ASN00041110,20140410,PRCP,0,,,a,
ASN00041110,20140411,PRCP,0,,,a,
ASN00041110,20140412,PRCP,0,,,a,
ASN00041110,20140413,PRCP,0,,,a,
ASN00041110,20140414,PRCP,0,,,a,
ASN00041110,20140415,PRCP,0,,,a,
ASN00041110,20140416,PRCP,0,,,a,
ASN00041110,20140417,PRCP,0,,,a,
ASN00041110,20140418,PRCP,0,,,a,
ASN00041110,20140419,PRCP,0,,,a,
ASN00041110,20140420,PRCP,0,,,a,
ASN00041110,20140421,PRCP,0,,,a,
ASN00041110,20140422,PRCP,0,,,a,
ASN00041110,20140423,PRCP,0,,,a,
ASN00041110,20140424,PRCP,0,,,a,
ASN00041110,20140425,PRCP,0,,,a,
ASN00041110,20140426,PRCP,0,,,a,
ASN00041110,20140427,PRCP,0,,,a,
ASN00041110,20140428,PRCP,0,,,a,
ASN00041110,20140429,PRCP,0,,,a,
ASN00041110,20140430,PRCP,0,,,a,
ASN00041110,20140501,PRCP,0,,,a,
ASN00041110,20140502,PRCP,160,,,a,
ASN00041110,20140503,PRCP,80,,,a,
ASN00041110,20140504,PRCP,0,,,a,
ASN00041110,20140505,PRCP,0,,,a,
ASN00041110,20140506,PRCP,0,,,a,
ASN00041110,20140507,PRCP,0,,,a,
ASN00041110,20140508,PRCP,0,,,a,
ASN00041110,20140509,PRCP,0,,,a,
ASN00041110,20140510,PRCP,0,,,a,
ASN00041110,20140511,PRCP,0,,,a,
ASN00041110,20140512,PRCP,0,,,a,
ASN00041110,20140513,PRCP,0,,,a,
ASN00041110,20140514,PRCP,0,,,a,
ASN00041110,20140515,PRCP,60,,,a,
ASN00041110,20140516,PRCP,0,,,a,
ASN00041110,20140517,PRCP,0,,,a,
ASN00041110,20140518,PRCP,0,,,a,
ASN00041110,20140519,PRCP,0,,,a,
ASN00041110,20140520,PRCP,0,,,a,
ASN00041110,20140521,PRCP,0,,,a,
ASN00041110,20140522,PRCP,0,,,a,
ASN00041110,20140523,PRCP,0,,,a,
ASN00041110,20140524,PRCP,0,,,a,
ASN00041110,20140525,PRCP,0,,,a,
ASN00041110,20140526,PRCP,0,,,a,
ASN00041110,20140527,PRCP,0,,,a,
ASN00041110,20140528,PRCP,0,,,a,
ASN00041110,20140529,PRCP,0,,,a,
ASN00041110,20140530,PRCP,0,,,a,
ASN00041110,20140531,PRCP,0,,,a,
ASN00041110,20140601,PRCP,0,,,a,
ASN00041110,20140602,PRCP,0,,,a,
ASN00041110,20140603,PRCP,0,,,a,
ASN00041110,20140604,PRCP,0,,,a,
ASN00041110,20140605,PRCP,0,,,a,
ASN00041110,20140606,PRCP,0,,,a,
ASN00041110,20140607,PRCP,0,,,a,
ASN00041110,20140608,PRCP,0,,,a,
ASN00041110,20140609,PRCP,0,,,a,
ASN00041110,20140610,PRCP,0,,,a,
ASN00041110,20140611,PRCP,0,,,a,
ASN00041110,20140612,PRCP,0,,,a,
ASN00041110,20140613,PRCP,0,,,a,
ASN00041110,20140614,PRCP,74,,,a,
ASN00041110,20140615,PRCP,20,,,a,
ASN00041110,20140616,PRCP,0,,,a,
ASN00041110,20140617,PRCP,0,,,a,
ASN00041110,20140618,PRCP,0,,,a,
ASN00041110,20140619,PRCP,0,,,a,
ASN00041110,20140620,PRCP,0,,,a,
ASN00041110,20140621,PRCP,0,,,a,
ASN00041110,20140622,PRCP,0,,,a,
ASN00041110,20140623,PRCP,0,,,a,
ASN00041110,20140624,PRCP,0,,,a,
ASN00041110,20140625,PRCP,0,,,a,
ASN00041110,20140626,PRCP,0,,,a,
ASN00041110,20140627,PRCP,0,,,a,
ASN00041110,20140628,PRCP,0,,,a,
ASN00041110,20140629,PRCP,32,,,a,
ASN00041110,20140630,PRCP,0,,,a,
ASN00041110,20140701,PRCP,0,,,a,
ASN00041110,20140702,PRCP,0,,,a,
ASN00041110,20140703,PRCP,0,,,a,
ASN00041110,20140704,PRCP,0,,,a,
ASN00041110,20140705,PRCP,0,,,a,
ASN00041110,20141201,PRCP,0,,,a,
ASN00041110,20141202,PRCP,0,,,a,
ASN00041110,20141203,PRCP,0,,,a,
ASN00041110,20141204,PRCP,0,,,a,
ASN00041110,20141205,PRCP,90,,,a,
ASN00041110,20141206,PRCP,120,,,a,
ASN00041110,20141207,PRCP,42,,,a,
ASN00041110,20141208,PRCP,74,,,a,
ASN00041110,20141209,PRCP,188,,,a,
ASN00041110,20141210,PRCP,31,,,a,
ASN00041110,20141211,PRCP,0,,,a,
ASN00041110,20141212,PRCP,180,,,a,
ASN00041110,20141213,PRCP,24,,,a,
ASN00041110,20141214,PRCP,0,,,a,
ASN00041110,20141215,PRCP,0,,,a,
ASN00041110,20141216,PRCP,0,,,a,
ASN00041110,20141217,PRCP,2,,,a,
ASN00041110,20141218,PRCP,0,,,a,
ASN00041110,20141219,PRCP,0,,,a,
ASN00041110,20141220,PRCP,0,,,a,
ASN00041110,20141221,PRCP,0,,,a,
ASN00041110,20141222,PRCP,0,,,a,
ASN00041110,20141223,PRCP,0,,,a,
ASN00041110,20141224,PRCP,0,,,a,
ASN00041110,20141225,PRCP,0,,,a,
ASN00041110,20141226,PRCP,100,,,a,
ASN00041110,20141227,PRCP,110,,,a,
ASN00041110,20141228,PRCP,370,,,a,
ASN00041110,20141229,PRCP,60,,,a,
ASN00041110,20141230,PRCP,0,,,a,
ASN00041110,20141231,PRCP,0,,,a,
ASN00041110,20150101,PRCP,0,,,a,
ASN00041110,20150102,PRCP,0,,,a,
ASN00041110,20150103,PRCP,170,,,a,
ASN00041110,20150104,PRCP,0,,,a,
ASN00041110,20150105,PRCP,0,,,a,
ASN00041110,20150106,PRCP,0,,,a,
ASN00041110,20150107,PRCP,0,,,a,
ASN00041110,20150108,PRCP,0,,,a,
ASN00041110,20150109,PRCP,0,,,a,
ASN00041110,20150110,PRCP,0,,,a,
ASN00041110,20150111,PRCP,0,,,a,
ASN00041110,20150112,PRCP,0,,,a,
ASN00041110,20150113,PRCP,0,,,a,
ASN00041110,20150114,PRCP,24,,,a,
ASN00041110,20150115,PRCP,134,,,a,
ASN00041110,20150116,PRCP,0,,,a,
ASN00041110,20150117,PRCP,0,,,a,
ASN00041110,20150118,PRCP,0,,,a,
ASN00041110,20150119,PRCP,0,,,a,
ASN00041110,20150120,PRCP,0,,,a,
ASN00041110,20150121,PRCP,0,,,a,
ASN00041110,20150122,PRCP,32,,,a,
ASN00041110,20150123,PRCP,44,,,a,
ASN00041110,20150124,PRCP,264,,,a,
ASN00041110,20150125,PRCP,0,,,a,
ASN00041110,20150126,PRCP,0,,,a,
ASN00041110,20150127,PRCP,0,,,a,
ASN00041110,20150128,PRCP,796,,,a,
ASN00041110,20150129,PRCP,0,,,a,
ASN00041110,20150130,PRCP,0,,,a,
ASN00041110,20150131,PRCP,0,,,a,
ASN00041110,20150201,PRCP,0,,,a,
ASN00041110,20150202,PRCP,0,,,a,
ASN00041110,20150203,PRCP,0,,,a,
ASN00041110,20150204,PRCP,14,,,a,
ASN00041110,20150205,PRCP,0,,,a,
ASN00041110,20150206,PRCP,0,,,a,
ASN00041110,20150207,PRCP,0,,,a,
ASN00041110,20150208,PRCP,0,,,a,
ASN00041110,20150209,PRCP,0,,,a,
ASN00041110,20150210,PRCP,0,,,a,
ASN00041110,20150211,PRCP,0,,,a,
ASN00041110,20150212,PRCP,0,,,a,
ASN00041110,20150213,PRCP,0,,,a,
ASN00041110,20150214,PRCP,0,,,a,
ASN00041110,20150215,PRCP,0,,,a,
ASN00041110,20150216,PRCP,0,,,a,
ASN00041110,20150217,PRCP,0,,,a,
ASN00041110,20150218,PRCP,0,,,a,
ASN00041110,20150219,PRCP,0,,,a,
ASN00041110,20150220,PRCP,194,,,a,
ASN00041110,20150221,PRCP,0,,,a,
ASN00041110,20150222,PRCP,64,,,a,
ASN00041110,20150223,PRCP,0,,,a,
ASN00041110,20150224,PRCP,0,,,a,
ASN00041110,20150225,PRCP,0,,,a,
ASN00041110,20150226,PRCP,0,,,a,
ASN00041110,20150227,PRCP,68,,,a,
ASN00041110,20150401,PRCP,0,,,a,
ASN00041110,20150402,PRCP,0,,,a,
ASN00041110,20150403,PRCP,0,,,a,
ASN00041110,20150404,PRCP,0,,,a,
ASN00041110,20150405,PRCP,0,,,a,
ASN00041110,20150406,PRCP,0,,,a,
ASN00041110,20150407,PRCP,0,,,a,
ASN00041110,20150408,PRCP,0,,,a,
ASN00041110,20150409,PRCP,0,,,a,
ASN00041110,20150410,PRCP,0,,,a,
ASN00041110,20150411,PRCP,0,,,a,
ASN00041110,20150412,PRCP,0,,,a,
ASN00041110,20150413,PRCP,0,,,a,
ASN00041110,20150414,PRCP,0,,,a,
ASN00041110,20150415,PRCP,0,,,a,
ASN00041110,20150416,PRCP,0,,,a,
ASN00041110,20150417,PRCP,0,,,a,
ASN00041110,20150418,PRCP,0,,,a,
ASN00041110,20150419,PRCP,0,,,a,
ASN00041110,20150420,PRCP,70,,,a,
ASN00041110,20150501,PRCP,262,,,a,
