ASN00082076,19180501,PRCP,0,,,a,
ASN00082076,19180502,PRCP,0,,,a,
ASN00082076,19180503,PRCP,0,,,a,
ASN00082076,19180504,PRCP,0,,,a,
ASN00082076,19180505,PRCP,0,,,a,
ASN00082076,19180506,PRCP,0,,,a,
ASN00082076,19180507,PRCP,0,,,a,
ASN00082076,19180508,PRCP,0,,,a,
ASN00082076,19180509,PRCP,0,,,a,
ASN00082076,19180510,PRCP,0,,,a,
ASN00082076,19180511,PRCP,28,,,a,
ASN00082076,19180512,PRCP,508,,,a,
ASN00082076,19180513,PRCP,912,,,a,
ASN00082076,19180514,PRCP,0,,,a,
ASN00082076,19180515,PRCP,25,,,a,
ASN00082076,19180516,PRCP,467,,,a,
ASN00082076,19180517,PRCP,66,,,a,
ASN00082076,19180518,PRCP,20,,,a,
ASN00082076,19180519,PRCP,89,,,a,
ASN00082076,19180520,PRCP,99,,,a,
ASN00082076,19180521,PRCP,20,,,a,
ASN00082076,19180522,PRCP,0,,,a,
ASN00082076,19180523,PRCP,13,,,a,
ASN00082076,19180524,PRCP,0,,,a,
ASN00082076,19180525,PRCP,0,,,a,
ASN00082076,19180526,PRCP,0,,,a,
ASN00082076,19180527,PRCP,0,,,a,
ASN00082076,19180528,PRCP,0,,,a,
ASN00082076,19180529,PRCP,15,,,a,
ASN00082076,19180530,PRCP,20,,,a,
ASN00082076,19180531,PRCP,15,,,a,
ASN00082076,19180601,PRCP,0,,,a,
ASN00082076,19180602,PRCP,0,,,a,
ASN00082076,19180603,PRCP,0,,,a,
ASN00082076,19180604,PRCP,0,,,a,
ASN00082076,19180605,PRCP,51,,,a,
ASN00082076,19180606,PRCP,0,,,a,
ASN00082076,19180607,PRCP,0,,,a,
ASN00082076,19180608,PRCP,13,,,a,
ASN00082076,19180609,PRCP,0,,,a,
ASN00082076,19180610,PRCP,0,,,a,
ASN00082076,19180611,PRCP,0,,,a,
ASN00082076,19180612,PRCP,0,,,a,
ASN00082076,19180613,PRCP,0,,,a,
ASN00082076,19180614,PRCP,277,,,a,
ASN00082076,19180615,PRCP,25,,,a,
ASN00082076,19180616,PRCP,135,,,a,
ASN00082076,19180617,PRCP,18,,,a,
ASN00082076,19180618,PRCP,234,,,a,
ASN00082076,19180619,PRCP,508,,,a,
ASN00082076,19180620,PRCP,91,,,a,
ASN00082076,19180621,PRCP,43,,,a,
ASN00082076,19180622,PRCP,0,,,a,
ASN00082076,19180623,PRCP,0,,,a,
ASN00082076,19180624,PRCP,0,,,a,
ASN00082076,19180625,PRCP,0,,,a,
ASN00082076,19180626,PRCP,41,,,a,
ASN00082076,19180627,PRCP,0,,,a,
ASN00082076,19180628,PRCP,0,,,a,
ASN00082076,19180629,PRCP,18,,,a,
ASN00082076,19180630,PRCP,48,,,a,
ASN00082076,19180701,PRCP,10,,,a,
ASN00082076,19180702,PRCP,20,,,a,
ASN00082076,19180703,PRCP,0,,,a,
ASN00082076,19180704,PRCP,28,,,a,
ASN00082076,19180705,PRCP,51,,,a,
ASN00082076,19180706,PRCP,15,,,a,
ASN00082076,19180707,PRCP,10,,,a,
ASN00082076,19180708,PRCP,15,,,a,
ASN00082076,19180709,PRCP,203,,,a,
ASN00082076,19180710,PRCP,135,,,a,
ASN00082076,19180711,PRCP,218,,,a,
ASN00082076,19180712,PRCP,396,,,a,
ASN00082076,19180713,PRCP,25,,,a,
ASN00082076,19180714,PRCP,0,,,a,
ASN00082076,19180715,PRCP,0,,,a,
ASN00082076,19180716,PRCP,0,,,a,
ASN00082076,19180717,PRCP,0,,,a,
ASN00082076,19180718,PRCP,0,,,a,
ASN00082076,19180719,PRCP,0,,,a,
ASN00082076,19180720,PRCP,0,,,a,
ASN00082076,19180721,PRCP,0,,,a,
ASN00082076,19180722,PRCP,0,,,a,
ASN00082076,19180723,PRCP,0,,,a,
ASN00082076,19180724,PRCP,0,,,a,
ASN00082076,19180725,PRCP,127,,,a,
ASN00082076,19180726,PRCP,30,,,a,
ASN00082076,19180727,PRCP,15,,,a,
ASN00082076,19180728,PRCP,0,,,a,
ASN00082076,19180729,PRCP,0,,,a,
ASN00082076,19180730,PRCP,0,,,a,
ASN00082076,19180731,PRCP,0,,,a,
ASN00082076,19180801,PRCP,0,,,a,
ASN00082076,19180802,PRCP,0,,,a,
ASN00082076,19180803,PRCP,0,,,a,
ASN00082076,19180804,PRCP,0,,,a,
ASN00082076,19180805,PRCP,15,,,a,
ASN00082076,19180806,PRCP,254,,,a,
ASN00082076,19180807,PRCP,10,,,a,
ASN00082076,19180808,PRCP,15,,,a,
ASN00082076,19180809,PRCP,236,,,a,
ASN00082076,19180810,PRCP,0,,,a,
ASN00082076,19180811,PRCP,0,,,a,
ASN00082076,19180812,PRCP,0,,,a,
ASN00082076,19180813,PRCP,0,,,a,
ASN00082076,19180814,PRCP,0,,,a,
ASN00082076,19180815,PRCP,0,,,a,
ASN00082076,19180816,PRCP,0,,,a,
ASN00082076,19180817,PRCP,43,,,a,
ASN00082076,19180818,PRCP,0,,,a,
ASN00082076,19180819,PRCP,0,,,a,
ASN00082076,19180820,PRCP,0,,,a,
ASN00082076,19180821,PRCP,330,,,a,
ASN00082076,19180822,PRCP,127,,,a,
ASN00082076,19180823,PRCP,109,,,a,
ASN00082076,19180824,PRCP,20,,,a,
ASN00082076,19180825,PRCP,0,,,a,
ASN00082076,19180826,PRCP,0,,,a,
ASN00082076,19180827,PRCP,0,,,a,
ASN00082076,19180828,PRCP,0,,,a,
ASN00082076,19180829,PRCP,0,,,a,
ASN00082076,19180830,PRCP,102,,,a,
ASN00082076,19180831,PRCP,25,,,a,
ASN00082076,19180901,PRCP,20,,,a,
ASN00082076,19180902,PRCP,0,,,a,
ASN00082076,19180903,PRCP,269,,,a,
ASN00082076,19180904,PRCP,203,,,a,
ASN00082076,19180905,PRCP,30,,,a,
ASN00082076,19180906,PRCP,20,,,a,
ASN00082076,19180907,PRCP,0,,,a,
ASN00082076,19180908,PRCP,0,,,a,
ASN00082076,19180909,PRCP,0,,,a,
ASN00082076,19180910,PRCP,0,,,a,
ASN00082076,19180911,PRCP,0,,,a,
ASN00082076,19180912,PRCP,0,,,a,
ASN00082076,19180913,PRCP,0,,,a,
ASN00082076,19180914,PRCP,0,,,a,
ASN00082076,19180915,PRCP,18,,,a,
ASN00082076,19180916,PRCP,36,,,a,
ASN00082076,19180917,PRCP,0,,,a,
ASN00082076,19180918,PRCP,0,,,a,
ASN00082076,19180919,PRCP,0,,,a,
ASN00082076,19180920,PRCP,0,,,a,
ASN00082076,19180921,PRCP,20,,,a,
ASN00082076,19180922,PRCP,43,,,a,
ASN00082076,19180923,PRCP,0,,,a,
ASN00082076,19180924,PRCP,0,,,a,
ASN00082076,19180925,PRCP,0,,,a,
ASN00082076,19180926,PRCP,0,,,a,
ASN00082076,19180927,PRCP,0,,,a,
ASN00082076,19180928,PRCP,0,,,a,
ASN00082076,19180929,PRCP,5,,,a,
ASN00082076,19180930,PRCP,0,,,a,
ASN00082076,19181001,PRCP,0,,,a,
ASN00082076,19181002,PRCP,0,,,a,
ASN00082076,19181003,PRCP,10,,,a,
ASN00082076,19181004,PRCP,0,,,a,
ASN00082076,19181005,PRCP,46,,,a,
ASN00082076,19181006,PRCP,0,,,a,
ASN00082076,19181007,PRCP,8,,,a,
ASN00082076,19181008,PRCP,0,,,a,
ASN00082076,19181009,PRCP,0,,,a,
ASN00082076,19181010,PRCP,0,,,a,
ASN00082076,19181011,PRCP,0,,,a,
ASN00082076,19181012,PRCP,0,,,a,
ASN00082076,19181013,PRCP,102,,,a,
ASN00082076,19181014,PRCP,0,,,a,
ASN00082076,19181015,PRCP,0,,,a,
ASN00082076,19181016,PRCP,0,,,a,
ASN00082076,19181017,PRCP,0,,,a,
ASN00082076,19181018,PRCP,0,,,a,
ASN00082076,19181019,PRCP,0,,,a,
ASN00082076,19181020,PRCP,0,,,a,
ASN00082076,19181021,PRCP,23,,,a,
ASN00082076,19181022,PRCP,0,,,a,
ASN00082076,19181023,PRCP,0,,,a,
ASN00082076,19181024,PRCP,185,,,a,
ASN00082076,19181025,PRCP,38,,,a,
ASN00082076,19181026,PRCP,117,,,a,
ASN00082076,19181027,PRCP,66,,,a,
ASN00082076,19181028,PRCP,127,,,a,
ASN00082076,19181029,PRCP,18,,,a,
ASN00082076,19181030,PRCP,38,,,a,
ASN00082076,19181031,PRCP,0,,,a,
ASN00082076,19181101,PRCP,53,,,a,
ASN00082076,19181102,PRCP,0,,,a,
ASN00082076,19181103,PRCP,0,,,a,
ASN00082076,19181104,PRCP,0,,,a,
ASN00082076,19181105,PRCP,13,,,a,
ASN00082076,19181106,PRCP,0,,,a,
ASN00082076,19181107,PRCP,0,,,a,
ASN00082076,19181108,PRCP,0,,,a,
ASN00082076,19181109,PRCP,0,,,a,
ASN00082076,19181110,PRCP,0,,,a,
ASN00082076,19181111,PRCP,0,,,a,
ASN00082076,19181112,PRCP,0,,,a,
ASN00082076,19181113,PRCP,0,,,a,
ASN00082076,19181114,PRCP,0,,,a,
ASN00082076,19181115,PRCP,0,,,a,
ASN00082076,19181116,PRCP,0,,,a,
ASN00082076,19181117,PRCP,0,,,a,
ASN00082076,19181118,PRCP,0,,,a,
ASN00082076,19181119,PRCP,0,,,a,
ASN00082076,19181120,PRCP,0,,,a,
ASN00082076,19181121,PRCP,0,,,a,
ASN00082076,19181122,PRCP,0,,,a,
ASN00082076,19181123,PRCP,0,,,a,
ASN00082076,19181124,PRCP,0,,,a,
ASN00082076,19181125,PRCP,0,,,a,
ASN00082076,19181126,PRCP,0,,,a,
ASN00082076,19181127,PRCP,0,,,a,
ASN00082076,19181128,PRCP,0,,,a,
ASN00082076,19181129,PRCP,0,,,a,
ASN00082076,19181130,PRCP,0,,,a,
ASN00082076,19181201,PRCP,53,,,a,
ASN00082076,19181202,PRCP,0,,,a,
ASN00082076,19181203,PRCP,0,,,a,
ASN00082076,19181204,PRCP,0,,,a,
ASN00082076,19181205,PRCP,0,,,a,
ASN00082076,19181206,PRCP,0,,,a,
ASN00082076,19181207,PRCP,0,,,a,
ASN00082076,19181208,PRCP,0,,,a,
ASN00082076,19181209,PRCP,0,,,a,
ASN00082076,19181210,PRCP,0,,,a,
ASN00082076,19181211,PRCP,0,,,a,
ASN00082076,19181212,PRCP,0,,,a,
ASN00082076,19181213,PRCP,0,,,a,
ASN00082076,19181214,PRCP,43,,,a,
ASN00082076,19181215,PRCP,0,,,a,
ASN00082076,19181216,PRCP,0,,,a,
ASN00082076,19181217,PRCP,0,,,a,
ASN00082076,19181218,PRCP,0,,,a,
ASN00082076,19181219,PRCP,0,,,a,
ASN00082076,19181220,PRCP,0,,,a,
ASN00082076,19181221,PRCP,0,,,a,
ASN00082076,19181222,PRCP,0,,,a,
ASN00082076,19181223,PRCP,0,,,a,
ASN00082076,19181224,PRCP,279,,,a,
ASN00082076,19181225,PRCP,38,,,a,
ASN00082076,19181226,PRCP,15,,,a,
ASN00082076,19181227,PRCP,0,,,a,
ASN00082076,19181228,PRCP,0,,,a,
ASN00082076,19181229,PRCP,0,,,a,
ASN00082076,19181230,PRCP,0,,,a,
ASN00082076,19181231,PRCP,0,,,a,
ASN00082076,19190101,PRCP,0,,,a,
ASN00082076,19190102,PRCP,0,,,a,
ASN00082076,19190103,PRCP,0,,,a,
ASN00082076,19190104,PRCP,0,,,a,
ASN00082076,19190105,PRCP,0,,,a,
ASN00082076,19190106,PRCP,15,,,a,
ASN00082076,19190107,PRCP,0,,,a,
ASN00082076,19190108,PRCP,0,,,a,
ASN00082076,19190109,PRCP,0,,,a,
ASN00082076,19190110,PRCP,0,,,a,
ASN00082076,19190111,PRCP,0,,,a,
ASN00082076,19190112,PRCP,0,,,a,
ASN00082076,19190113,PRCP,0,,,a,
ASN00082076,19190114,PRCP,0,,,a,
ASN00082076,19190115,PRCP,0,,,a,
ASN00082076,19190116,PRCP,0,,,a,
ASN00082076,19190117,PRCP,0,,,a,
ASN00082076,19190118,PRCP,0,,,a,
ASN00082076,19190119,PRCP,0,,,a,
ASN00082076,19190120,PRCP,0,,,a,
ASN00082076,19190121,PRCP,0,,,a,
ASN00082076,19190122,PRCP,0,,,a,
ASN00082076,19190123,PRCP,0,,,a,
ASN00082076,19190124,PRCP,0,,,a,
ASN00082076,19190125,PRCP,0,,,a,
ASN00082076,19190126,PRCP,0,,,a,
ASN00082076,19190127,PRCP,0,,,a,
ASN00082076,19190128,PRCP,0,,,a,
ASN00082076,19190129,PRCP,0,,,a,
ASN00082076,19190130,PRCP,0,,,a,
ASN00082076,19190131,PRCP,0,,,a,
ASN00082076,19190201,PRCP,0,,,a,
ASN00082076,19190202,PRCP,0,,,a,
ASN00082076,19190203,PRCP,0,,,a,
ASN00082076,19190204,PRCP,0,,,a,
ASN00082076,19190205,PRCP,0,,,a,
ASN00082076,19190206,PRCP,0,,,a,
ASN00082076,19190207,PRCP,0,,,a,
ASN00082076,19190208,PRCP,0,,,a,
ASN00082076,19190209,PRCP,0,,,a,
ASN00082076,19190210,PRCP,0,,,a,
ASN00082076,19190211,PRCP,66,,,a,
ASN00082076,19190212,PRCP,0,,,a,
ASN00082076,19190213,PRCP,0,,,a,
ASN00082076,19190214,PRCP,0,,,a,
ASN00082076,19190215,PRCP,0,,,a,
ASN00082076,19190216,PRCP,0,,,a,
ASN00082076,19190217,PRCP,0,,,a,
ASN00082076,19190218,PRCP,229,,,a,
ASN00082076,19190219,PRCP,264,,,a,
ASN00082076,19190220,PRCP,0,,,a,
ASN00082076,19190221,PRCP,0,,,a,
ASN00082076,19190222,PRCP,0,,,a,
ASN00082076,19190223,PRCP,0,,,a,
ASN00082076,19190224,PRCP,23,,,a,
ASN00082076,19190225,PRCP,18,,,a,
ASN00082076,19190226,PRCP,0,,,a,
ASN00082076,19190227,PRCP,23,,,a,
ASN00082076,19190228,PRCP,0,,,a,
ASN00082076,19190301,PRCP,0,,,a,
ASN00082076,19190302,PRCP,0,,,a,
ASN00082076,19190303,PRCP,0,,,a,
ASN00082076,19190304,PRCP,290,,,a,
ASN00082076,19190305,PRCP,310,,,a,
ASN00082076,19190306,PRCP,56,,,a,
ASN00082076,19190307,PRCP,81,,,a,
ASN00082076,19190308,PRCP,0,,,a,
ASN00082076,19190309,PRCP,0,,,a,
ASN00082076,19190310,PRCP,0,,,a,
ASN00082076,19190311,PRCP,0,,,a,
ASN00082076,19190312,PRCP,0,,,a,
ASN00082076,19190313,PRCP,13,,,a,
ASN00082076,19190314,PRCP,0,,,a,
ASN00082076,19190315,PRCP,0,,,a,
ASN00082076,19190316,PRCP,0,,,a,
ASN00082076,19190317,PRCP,0,,,a,
ASN00082076,19190318,PRCP,0,,,a,
ASN00082076,19190319,PRCP,0,,,a,
ASN00082076,19190320,PRCP,0,,,a,
ASN00082076,19190321,PRCP,0,,,a,
ASN00082076,19190322,PRCP,0,,,a,
ASN00082076,19190323,PRCP,0,,,a,
ASN00082076,19190324,PRCP,0,,,a,
ASN00082076,19190325,PRCP,0,,,a,
ASN00082076,19190326,PRCP,18,,,a,
ASN00082076,19190327,PRCP,0,,,a,
ASN00082076,19190328,PRCP,0,,,a,
ASN00082076,19190329,PRCP,0,,,a,
ASN00082076,19190330,PRCP,0,,,a,
ASN00082076,19190331,PRCP,46,,,a,
ASN00082076,19190401,PRCP,295,,,a,
ASN00082076,19190402,PRCP,0,,,a,
ASN00082076,19190403,PRCP,0,,,a,
ASN00082076,19190404,PRCP,0,,,a,
ASN00082076,19190405,PRCP,0,,,a,
ASN00082076,19190406,PRCP,36,,,a,
ASN00082076,19190407,PRCP,226,,,a,
ASN00082076,19190408,PRCP,0,,,a,
ASN00082076,19190409,PRCP,0,,,a,
ASN00082076,19190410,PRCP,0,,,a,
ASN00082076,19190411,PRCP,0,,,a,
ASN00082076,19190412,PRCP,0,,,a,
ASN00082076,19190413,PRCP,0,,,a,
ASN00082076,19190414,PRCP,0,,,a,
ASN00082076,19190415,PRCP,0,,,a,
ASN00082076,19190416,PRCP,0,,,a,
ASN00082076,19190417,PRCP,0,,,a,
ASN00082076,19190418,PRCP,0,,,a,
ASN00082076,19190419,PRCP,0,,,a,
ASN00082076,19190420,PRCP,0,,,a,
ASN00082076,19190421,PRCP,0,,,a,
ASN00082076,19190422,PRCP,0,,,a,
ASN00082076,19190423,PRCP,0,,,a,
ASN00082076,19190424,PRCP,0,,,a,
ASN00082076,19190425,PRCP,0,,,a,
ASN00082076,19190426,PRCP,0,,,a,
ASN00082076,19190427,PRCP,15,,,a,
ASN00082076,19190428,PRCP,0,,,a,
ASN00082076,19190429,PRCP,0,,,a,
ASN00082076,19190430,PRCP,165,,,a,
ASN00082076,19190501,PRCP,193,,,a,
ASN00082076,19190502,PRCP,0,,,a,
ASN00082076,19190503,PRCP,0,,,a,
ASN00082076,19190504,PRCP,0,,,a,
ASN00082076,19190505,PRCP,0,,,a,
ASN00082076,19190506,PRCP,0,,,a,
ASN00082076,19190507,PRCP,0,,,a,
ASN00082076,19190508,PRCP,188,,,a,
ASN00082076,19190509,PRCP,0,,,a,
ASN00082076,19190510,PRCP,15,,,a,
ASN00082076,19190511,PRCP,0,,,a,
ASN00082076,19190512,PRCP,0,,,a,
ASN00082076,19190513,PRCP,0,,,a,
ASN00082076,19190514,PRCP,91,,,a,
ASN00082076,19190515,PRCP,0,,,a,
ASN00082076,19190516,PRCP,0,,,a,
ASN00082076,19190517,PRCP,0,,,a,
ASN00082076,19190518,PRCP,0,,,a,
ASN00082076,19190519,PRCP,0,,,a,
ASN00082076,19190520,PRCP,0,,,a,
ASN00082076,19190521,PRCP,0,,,a,
ASN00082076,19190522,PRCP,74,,,a,
ASN00082076,19190523,PRCP,191,,,a,
ASN00082076,19190524,PRCP,69,,,a,
ASN00082076,19190525,PRCP,0,,,a,
ASN00082076,19190526,PRCP,0,,,a,
ASN00082076,19190527,PRCP,0,,,a,
ASN00082076,19190528,PRCP,0,,,a,
ASN00082076,19190529,PRCP,0,,,a,
ASN00082076,19190530,PRCP,51,,,a,
ASN00082076,19190531,PRCP,25,,,a,
ASN00082076,19190601,PRCP,0,,,a,
ASN00082076,19190602,PRCP,0,,,a,
ASN00082076,19190603,PRCP,10,,,a,
ASN00082076,19190604,PRCP,0,,,a,
ASN00082076,19190605,PRCP,0,,,a,
ASN00082076,19190606,PRCP,0,,,a,
ASN00082076,19190607,PRCP,0,,,a,
ASN00082076,19190608,PRCP,0,,,a,
ASN00082076,19190609,PRCP,0,,,a,
ASN00082076,19190610,PRCP,185,,,a,
ASN00082076,19190611,PRCP,0,,,a,
ASN00082076,19190612,PRCP,0,,,a,
ASN00082076,19190613,PRCP,76,,,a,
ASN00082076,19190614,PRCP,0,,,a,
ASN00082076,19190615,PRCP,25,,,a,
ASN00082076,19190616,PRCP,470,,,a,
ASN00082076,19190617,PRCP,124,,,a,
ASN00082076,19190618,PRCP,279,,,a,
ASN00082076,19190619,PRCP,18,,,a,
ASN00082076,19190620,PRCP,112,,,a,
ASN00082076,19190621,PRCP,18,,,a,
ASN00082076,19190622,PRCP,0,,,a,
ASN00082076,19190623,PRCP,0,,,a,
ASN00082076,19190624,PRCP,0,,,a,
ASN00082076,19190625,PRCP,0,,,a,
ASN00082076,19190626,PRCP,0,,,a,
ASN00082076,19190627,PRCP,89,,,a,
ASN00082076,19190628,PRCP,30,,,a,
ASN00082076,19190629,PRCP,13,,,a,
ASN00082076,19190630,PRCP,33,,,a,
ASN00082076,19190701,PRCP,25,,,a,
ASN00082076,19190702,PRCP,0,,,a,
ASN00082076,19190703,PRCP,0,,,a,
ASN00082076,19190704,PRCP,0,,,a,
ASN00082076,19190705,PRCP,0,,,a,
ASN00082076,19190706,PRCP,0,,,a,
ASN00082076,19190707,PRCP,0,,,a,
ASN00082076,19190708,PRCP,0,,,a,
ASN00082076,19190709,PRCP,0,,,a,
ASN00082076,19190710,PRCP,0,,,a,
ASN00082076,19190711,PRCP,0,,,a,
ASN00082076,19190712,PRCP,76,,,a,
ASN00082076,19190713,PRCP,254,,,a,
ASN00082076,19190714,PRCP,48,,,a,
ASN00082076,19190715,PRCP,15,,,a,
ASN00082076,19190716,PRCP,0,,,a,
ASN00082076,19190717,PRCP,0,,,a,
ASN00082076,19190718,PRCP,0,,,a,
ASN00082076,19190719,PRCP,0,,,a,
ASN00082076,19190720,PRCP,0,,,a,
ASN00082076,19190721,PRCP,0,,,a,
ASN00082076,19190722,PRCP,0,,,a,
ASN00082076,19190723,PRCP,0,,,a,
ASN00082076,19190724,PRCP,0,,,a,
ASN00082076,19190725,PRCP,0,,,a,
ASN00082076,19190726,PRCP,0,,,a,
ASN00082076,19190727,PRCP,0,,,a,
ASN00082076,19190728,PRCP,0,,,a,
ASN00082076,19190729,PRCP,0,,,a,
ASN00082076,19190730,PRCP,0,,,a,
ASN00082076,19190731,PRCP,89,,,a,
ASN00082076,19190801,PRCP,104,,,a,
ASN00082076,19190802,PRCP,0,,,a,
ASN00082076,19190803,PRCP,0,,,a,
ASN00082076,19190804,PRCP,0,,,a,
ASN00082076,19190805,PRCP,0,,,a,
ASN00082076,19190806,PRCP,0,,,a,
ASN00082076,19190807,PRCP,107,,,a,
ASN00082076,19190808,PRCP,8,,,a,
ASN00082076,19190809,PRCP,0,,,a,
ASN00082076,19190810,PRCP,0,,,a,
ASN00082076,19190811,PRCP,0,,,a,
ASN00082076,19190812,PRCP,0,,,a,
ASN00082076,19190813,PRCP,0,,,a,
ASN00082076,19190814,PRCP,170,,,a,
ASN00082076,19190815,PRCP,18,,,a,
ASN00082076,19190816,PRCP,0,,,a,
ASN00082076,19190817,PRCP,0,,,a,
ASN00082076,19190818,PRCP,0,,,a,
ASN00082076,19190819,PRCP,0,,,a,
ASN00082076,19190820,PRCP,0,,,a,
ASN00082076,19190821,PRCP,114,,,a,
ASN00082076,19190822,PRCP,0,,,a,
ASN00082076,19190823,PRCP,0,,,a,
ASN00082076,19190824,PRCP,18,,,a,
ASN00082076,19190825,PRCP,23,,,a,
ASN00082076,19190826,PRCP,36,,,a,
ASN00082076,19190827,PRCP,20,,,a,
ASN00082076,19190828,PRCP,0,,,a,
ASN00082076,19190829,PRCP,0,,,a,
ASN00082076,19190830,PRCP,0,,,a,
ASN00082076,19190831,PRCP,0,,,a,
ASN00082076,19190901,PRCP,0,,,a,
ASN00082076,19190902,PRCP,0,,,a,
ASN00082076,19190903,PRCP,10,,,a,
ASN00082076,19190904,PRCP,0,,,a,
ASN00082076,19190905,PRCP,0,,,a,
ASN00082076,19190906,PRCP,0,,,a,
ASN00082076,19190907,PRCP,102,,,a,
ASN00082076,19190908,PRCP,64,,,a,
ASN00082076,19190909,PRCP,152,,,a,
ASN00082076,19190910,PRCP,0,,,a,
ASN00082076,19190911,PRCP,0,,,a,
ASN00082076,19190912,PRCP,0,,,a,
ASN00082076,19190913,PRCP,13,,,a,
ASN00082076,19190914,PRCP,97,,,a,
ASN00082076,19190915,PRCP,188,,,a,
ASN00082076,19190916,PRCP,53,,,a,
ASN00082076,19190917,PRCP,15,,,a,
ASN00082076,19190918,PRCP,0,,,a,
ASN00082076,19190919,PRCP,0,,,a,
ASN00082076,19190920,PRCP,0,,,a,
ASN00082076,19190921,PRCP,13,,,a,
ASN00082076,19190922,PRCP,0,,,a,
ASN00082076,19190923,PRCP,0,,,a,
ASN00082076,19190924,PRCP,0,,,a,
ASN00082076,19190925,PRCP,0,,,a,
ASN00082076,19190926,PRCP,0,,,a,
ASN00082076,19190927,PRCP,0,,,a,
ASN00082076,19190928,PRCP,51,,,a,
ASN00082076,19190929,PRCP,0,,,a,
ASN00082076,19190930,PRCP,0,,,a,
ASN00082076,19191001,PRCP,15,,,a,
ASN00082076,19191002,PRCP,43,,,a,
ASN00082076,19191003,PRCP,0,,,a,
ASN00082076,19191004,PRCP,0,,,a,
ASN00082076,19191005,PRCP,0,,,a,
ASN00082076,19191006,PRCP,0,,,a,
ASN00082076,19191007,PRCP,33,,,a,
ASN00082076,19191008,PRCP,165,,,a,
ASN00082076,19191009,PRCP,8,,,a,
ASN00082076,19191010,PRCP,23,,,a,
ASN00082076,19191011,PRCP,0,,,a,
ASN00082076,19191012,PRCP,0,,,a,
ASN00082076,19191013,PRCP,0,,,a,
ASN00082076,19191014,PRCP,56,,,a,
ASN00082076,19191015,PRCP,127,,,a,
ASN00082076,19191016,PRCP,0,,,a,
ASN00082076,19191017,PRCP,0,,,a,
ASN00082076,19191018,PRCP,0,,,a,
ASN00082076,19191019,PRCP,0,,,a,
ASN00082076,19191020,PRCP,0,,,a,
ASN00082076,19191021,PRCP,165,,,a,
ASN00082076,19191022,PRCP,89,,,a,
ASN00082076,19191023,PRCP,0,,,a,
ASN00082076,19191024,PRCP,0,,,a,
ASN00082076,19191025,PRCP,0,,,a,
ASN00082076,19191026,PRCP,0,,,a,
ASN00082076,19191027,PRCP,0,,,a,
ASN00082076,19191028,PRCP,0,,,a,
ASN00082076,19191029,PRCP,0,,,a,
ASN00082076,19191030,PRCP,0,,,a,
ASN00082076,19191031,PRCP,0,,,a,
ASN00082076,19191101,PRCP,0,,,a,
ASN00082076,19191102,PRCP,0,,,a,
ASN00082076,19191103,PRCP,0,,,a,
ASN00082076,19191104,PRCP,0,,,a,
ASN00082076,19191105,PRCP,0,,,a,
ASN00082076,19191106,PRCP,0,,,a,
ASN00082076,19191107,PRCP,0,,,a,
ASN00082076,19191108,PRCP,0,,,a,
ASN00082076,19191109,PRCP,0,,,a,
ASN00082076,19191110,PRCP,76,,,a,
ASN00082076,19191111,PRCP,224,,,a,
ASN00082076,19191112,PRCP,15,,,a,
ASN00082076,19191113,PRCP,97,,,a,
ASN00082076,19191114,PRCP,0,,,a,
ASN00082076,19191115,PRCP,0,,,a,
ASN00082076,19191116,PRCP,0,,,a,
ASN00082076,19191117,PRCP,0,,,a,
ASN00082076,19191118,PRCP,0,,,a,
ASN00082076,19191119,PRCP,0,,,a,
ASN00082076,19191120,PRCP,0,,,a,
ASN00082076,19191121,PRCP,0,,,a,
ASN00082076,19191122,PRCP,0,,,a,
ASN00082076,19191123,PRCP,0,,,a,
ASN00082076,19191124,PRCP,0,,,a,
ASN00082076,19191125,PRCP,0,,,a,
ASN00082076,19191126,PRCP,0,,,a,
ASN00082076,19191127,PRCP,15,,,a,
ASN00082076,19191128,PRCP,0,,,a,
ASN00082076,19191129,PRCP,0,,,a,
ASN00082076,19191130,PRCP,0,,,a,
ASN00082076,19191201,PRCP,0,,,a,
ASN00082076,19191202,PRCP,0,,,a,
ASN00082076,19191203,PRCP,0,,,a,
ASN00082076,19191204,PRCP,170,,,a,
ASN00082076,19191205,PRCP,23,,,a,
ASN00082076,19191206,PRCP,0,,,a,
ASN00082076,19191207,PRCP,0,,,a,
ASN00082076,19191208,PRCP,0,,,a,
ASN00082076,19191209,PRCP,0,,,a,
ASN00082076,19191210,PRCP,0,,,a,
ASN00082076,19191211,PRCP,3,,,a,
ASN00082076,19191212,PRCP,0,,,a,
ASN00082076,19191213,PRCP,0,,,a,
ASN00082076,19191214,PRCP,18,,,a,
ASN00082076,19191215,PRCP,0,,,a,
ASN00082076,19191216,PRCP,0,,,a,
ASN00082076,19191217,PRCP,0,,,a,
ASN00082076,19191218,PRCP,0,,,a,
ASN00082076,19191219,PRCP,0,,,a,
ASN00082076,19191220,PRCP,0,,,a,
ASN00082076,19191221,PRCP,0,,,a,
ASN00082076,19191222,PRCP,0,,,a,
ASN00082076,19191223,PRCP,0,,,a,
ASN00082076,19191224,PRCP,0,,,a,
ASN00082076,19191225,PRCP,973,,,a,
ASN00082076,19191226,PRCP,0,,,a,
ASN00082076,19191227,PRCP,0,,,a,
ASN00082076,19191228,PRCP,724,,,a,
ASN00082076,19191229,PRCP,41,,,a,
ASN00082076,19191230,PRCP,0,,,a,
ASN00082076,19191231,PRCP,8,,,a,
ASN00082076,19200101,PRCP,36,,,a,
ASN00082076,19200102,PRCP,74,,,a,
ASN00082076,19200103,PRCP,0,,,a,
ASN00082076,19200104,PRCP,76,,,a,
ASN00082076,19200105,PRCP,0,,,a,
ASN00082076,19200106,PRCP,0,,,a,
ASN00082076,19200107,PRCP,0,,,a,
ASN00082076,19200108,PRCP,28,,,a,
ASN00082076,19200109,PRCP,76,,,a,
ASN00082076,19200110,PRCP,0,,,a,
ASN00082076,19200111,PRCP,0,,,a,
ASN00082076,19200112,PRCP,0,,,a,
ASN00082076,19200113,PRCP,0,,,a,
ASN00082076,19200114,PRCP,0,,,a,
ASN00082076,19200115,PRCP,0,,,a,
ASN00082076,19200116,PRCP,0,,,a,
ASN00082076,19200117,PRCP,91,,,a,
ASN00082076,19200118,PRCP,0,,,a,
ASN00082076,19200119,PRCP,0,,,a,
ASN00082076,19200120,PRCP,0,,,a,
ASN00082076,19200121,PRCP,0,,,a,
ASN00082076,19200122,PRCP,0,,,a,
ASN00082076,19200123,PRCP,0,,,a,
ASN00082076,19200124,PRCP,0,,,a,
ASN00082076,19200125,PRCP,0,,,a,
ASN00082076,19200126,PRCP,0,,,a,
ASN00082076,19200127,PRCP,0,,,a,
ASN00082076,19200128,PRCP,81,,,a,
ASN00082076,19200129,PRCP,0,,,a,
ASN00082076,19200130,PRCP,0,,,a,
ASN00082076,19200131,PRCP,0,,,a,
ASN00082076,19200201,PRCP,0,,,a,
ASN00082076,19200202,PRCP,0,,,a,
ASN00082076,19200203,PRCP,0,,,a,
ASN00082076,19200204,PRCP,0,,,a,
ASN00082076,19200205,PRCP,0,,,a,
ASN00082076,19200206,PRCP,0,,,a,
ASN00082076,19200207,PRCP,0,,,a,
ASN00082076,19200208,PRCP,0,,,a,
ASN00082076,19200209,PRCP,0,,,a,
ASN00082076,19200210,PRCP,0,,,a,
ASN00082076,19200211,PRCP,0,,,a,
ASN00082076,19200212,PRCP,0,,,a,
ASN00082076,19200213,PRCP,0,,,a,
ASN00082076,19200214,PRCP,0,,,a,
ASN00082076,19200215,PRCP,5,,,a,
ASN00082076,19200216,PRCP,0,,,a,
ASN00082076,19200217,PRCP,0,,,a,
ASN00082076,19200218,PRCP,0,,,a,
ASN00082076,19200219,PRCP,0,,,a,
ASN00082076,19200220,PRCP,0,,,a,
ASN00082076,19200221,PRCP,0,,,a,
ASN00082076,19200222,PRCP,0,,,a,
ASN00082076,19200223,PRCP,0,,,a,
ASN00082076,19200224,PRCP,0,,,a,
ASN00082076,19200225,PRCP,0,,,a,
ASN00082076,19200226,PRCP,0,,,a,
ASN00082076,19200227,PRCP,0,,,a,
ASN00082076,19200228,PRCP,0,,,a,
ASN00082076,19200229,PRCP,0,,,a,
ASN00082076,19200301,PRCP,0,,,a,
ASN00082076,19200302,PRCP,0,,,a,
ASN00082076,19200303,PRCP,0,,,a,
ASN00082076,19200304,PRCP,0,,,a,
ASN00082076,19200305,PRCP,0,,,a,
ASN00082076,19200306,PRCP,76,,,a,
ASN00082076,19200307,PRCP,287,,,a,
ASN00082076,19200308,PRCP,30,,,a,
ASN00082076,19200309,PRCP,0,,,a,
ASN00082076,19200310,PRCP,0,,,a,
ASN00082076,19200311,PRCP,0,,,a,
ASN00082076,19200312,PRCP,0,,,a,
ASN00082076,19200313,PRCP,0,,,a,
ASN00082076,19200314,PRCP,157,,,a,
ASN00082076,19200315,PRCP,0,,,a,
ASN00082076,19200316,PRCP,0,,,a,
ASN00082076,19200317,PRCP,0,,,a,
ASN00082076,19200318,PRCP,0,,,a,
ASN00082076,19200319,PRCP,0,,,a,
ASN00082076,19200320,PRCP,0,,,a,
ASN00082076,19200321,PRCP,38,,,a,
ASN00082076,19200322,PRCP,0,,,a,
ASN00082076,19200323,PRCP,0,,,a,
ASN00082076,19200324,PRCP,0,,,a,
ASN00082076,19200325,PRCP,0,,,a,
ASN00082076,19200326,PRCP,0,,,a,
ASN00082076,19200327,PRCP,0,,,a,
ASN00082076,19200328,PRCP,0,,,a,
ASN00082076,19200329,PRCP,0,,,a,
ASN00082076,19200330,PRCP,0,,,a,
ASN00082076,19200331,PRCP,0,,,a,
ASN00082076,19200401,PRCP,0,,,a,
ASN00082076,19200402,PRCP,0,,,a,
ASN00082076,19200403,PRCP,0,,,a,
ASN00082076,19200404,PRCP,53,,,a,
ASN00082076,19200405,PRCP,0,,,a,
ASN00082076,19200406,PRCP,0,,,a,
ASN00082076,19200407,PRCP,0,,,a,
ASN00082076,19200408,PRCP,0,,,a,
ASN00082076,19200409,PRCP,0,,,a,
ASN00082076,19200410,PRCP,0,,,a,
ASN00082076,19200411,PRCP,74,,,a,
ASN00082076,19200412,PRCP,0,,,a,
ASN00082076,19200413,PRCP,130,,,a,
ASN00082076,19200414,PRCP,8,,,a,
ASN00082076,19200415,PRCP,0,,,a,
ASN00082076,19200416,PRCP,0,,,a,
ASN00082076,19200417,PRCP,23,,,a,
ASN00082076,19200418,PRCP,46,,,a,
ASN00082076,19200419,PRCP,0,,,a,
ASN00082076,19200420,PRCP,0,,,a,
ASN00082076,19200421,PRCP,0,,,a,
ASN00082076,19200422,PRCP,0,,,a,
ASN00082076,19200423,PRCP,0,,,a,
ASN00082076,19200424,PRCP,20,,,a,
ASN00082076,19200425,PRCP,0,,,a,
ASN00082076,19200426,PRCP,0,,,a,
ASN00082076,19200427,PRCP,0,,,a,
ASN00082076,19200428,PRCP,0,,,a,
ASN00082076,19200429,PRCP,0,,,a,
ASN00082076,19200430,PRCP,0,,,a,
ASN00082076,19200501,PRCP,0,,,a,
ASN00082076,19200502,PRCP,0,,,a,
ASN00082076,19200503,PRCP,0,,,a,
ASN00082076,19200504,PRCP,0,,,a,
ASN00082076,19200505,PRCP,36,,,a,
ASN00082076,19200506,PRCP,0,,,a,
ASN00082076,19200507,PRCP,0,,,a,
ASN00082076,19200508,PRCP,0,,,a,
ASN00082076,19200509,PRCP,0,,,a,
ASN00082076,19200510,PRCP,0,,,a,
ASN00082076,19200511,PRCP,124,,,a,
ASN00082076,19200512,PRCP,38,,,a,
ASN00082076,19200513,PRCP,13,,,a,
ASN00082076,19200514,PRCP,97,,,a,
ASN00082076,19200515,PRCP,58,,,a,
ASN00082076,19200516,PRCP,211,,,a,
ASN00082076,19200517,PRCP,229,,,a,
ASN00082076,19200518,PRCP,0,,,a,
ASN00082076,19200519,PRCP,0,,,a,
ASN00082076,19200520,PRCP,0,,,a,
ASN00082076,19200521,PRCP,0,,,a,
ASN00082076,19200522,PRCP,0,,,a,
ASN00082076,19200523,PRCP,0,,,a,
ASN00082076,19200524,PRCP,0,,,a,
ASN00082076,19200525,PRCP,0,,,a,
ASN00082076,19200526,PRCP,0,,,a,
ASN00082076,19200527,PRCP,0,,,a,
ASN00082076,19200528,PRCP,0,,,a,
ASN00082076,19200529,PRCP,0,,,a,
ASN00082076,19200530,PRCP,0,,,a,
ASN00082076,19200531,PRCP,0,,,a,
ASN00082076,19200601,PRCP,0,,,a,
ASN00082076,19200602,PRCP,371,,,a,
ASN00082076,19200603,PRCP,64,,,a,
ASN00082076,19200604,PRCP,0,,,a,
ASN00082076,19200605,PRCP,0,,,a,
ASN00082076,19200606,PRCP,0,,,a,
ASN00082076,19200607,PRCP,20,,,a,
ASN00082076,19200608,PRCP,0,,,a,
ASN00082076,19200609,PRCP,140,,,a,
ASN00082076,19200610,PRCP,25,,,a,
ASN00082076,19200611,PRCP,544,,,a,
ASN00082076,19200612,PRCP,33,,,a,
ASN00082076,19200613,PRCP,0,,,a,
ASN00082076,19200614,PRCP,0,,,a,
ASN00082076,19200615,PRCP,0,,,a,
ASN00082076,19200616,PRCP,0,,,a,
ASN00082076,19200617,PRCP,0,,,a,
ASN00082076,19200618,PRCP,46,,,a,
ASN00082076,19200619,PRCP,94,,,a,
ASN00082076,19200620,PRCP,41,,,a,
ASN00082076,19200621,PRCP,140,,,a,
ASN00082076,19200622,PRCP,140,,,a,
ASN00082076,19200623,PRCP,267,,,a,
ASN00082076,19200624,PRCP,76,,,a,
ASN00082076,19200625,PRCP,56,,,a,
ASN00082076,19200626,PRCP,0,,,a,
ASN00082076,19200627,PRCP,69,,,a,
ASN00082076,19200628,PRCP,178,,,a,
ASN00082076,19200629,PRCP,239,,,a,
ASN00082076,19200630,PRCP,0,,,a,
ASN00082076,19200701,PRCP,579,,,a,
ASN00082076,19200702,PRCP,51,,,a,
ASN00082076,19200703,PRCP,0,,,a,
ASN00082076,19200704,PRCP,0,,,a,
ASN00082076,19200705,PRCP,66,,,a,
ASN00082076,19200706,PRCP,18,,,a,
ASN00082076,19200707,PRCP,0,,,a,
ASN00082076,19200708,PRCP,460,,,a,
ASN00082076,19200709,PRCP,28,,,a,
ASN00082076,19200710,PRCP,173,,,a,
ASN00082076,19200711,PRCP,58,,,a,
ASN00082076,19200712,PRCP,15,,,a,
ASN00082076,19200713,PRCP,43,,,a,
ASN00082076,19200714,PRCP,8,,,a,
ASN00082076,19200715,PRCP,0,,,a,
ASN00082076,19200716,PRCP,0,,,a,
ASN00082076,19200717,PRCP,0,,,a,
ASN00082076,19200718,PRCP,0,,,a,
ASN00082076,19200719,PRCP,0,,,a,
ASN00082076,19200720,PRCP,0,,,a,
ASN00082076,19200721,PRCP,0,,,a,
ASN00082076,19200722,PRCP,30,,,a,
ASN00082076,19200723,PRCP,25,,,a,
ASN00082076,19200724,PRCP,0,,,a,
ASN00082076,19200725,PRCP,38,,,a,
ASN00082076,19200726,PRCP,0,,,a,
ASN00082076,19200727,PRCP,0,,,a,
ASN00082076,19200728,PRCP,0,,,a,
ASN00082076,19200729,PRCP,20,,,a,
ASN00082076,19200730,PRCP,206,,,a,
ASN00082076,19200731,PRCP,38,,,a,
ASN00082076,19200801,PRCP,20,,,a,
ASN00082076,19200802,PRCP,43,,,a,
ASN00082076,19200803,PRCP,43,,,a,
ASN00082076,19200804,PRCP,0,,,a,
ASN00082076,19200805,PRCP,152,,,a,
ASN00082076,19200806,PRCP,8,,,a,
ASN00082076,19200807,PRCP,20,,,a,
ASN00082076,19200808,PRCP,0,,,a,
ASN00082076,19200809,PRCP,432,,,a,
ASN00082076,19200810,PRCP,292,,,a,
ASN00082076,19200811,PRCP,135,,,a,
ASN00082076,19200812,PRCP,38,,,a,
ASN00082076,19200813,PRCP,23,,,a,
ASN00082076,19200814,PRCP,10,,,a,
ASN00082076,19200815,PRCP,0,,,a,
ASN00082076,19200816,PRCP,25,,,a,
ASN00082076,19200817,PRCP,64,,,a,
ASN00082076,19200818,PRCP,25,,,a,
ASN00082076,19200819,PRCP,23,,,a,
ASN00082076,19200820,PRCP,15,,,a,
ASN00082076,19200821,PRCP,0,,,a,
ASN00082076,19200822,PRCP,0,,,a,
ASN00082076,19200823,PRCP,66,,,a,
ASN00082076,19200824,PRCP,119,,,a,
ASN00082076,19200825,PRCP,0,,,a,
ASN00082076,19200826,PRCP,0,,,a,
ASN00082076,19200827,PRCP,0,,,a,
ASN00082076,19200828,PRCP,0,,,a,
ASN00082076,19200829,PRCP,0,,,a,
ASN00082076,19200830,PRCP,0,,,a,
ASN00082076,19200831,PRCP,0,,,a,
ASN00082076,19200901,PRCP,142,,,a,
ASN00082076,19200902,PRCP,0,,,a,
ASN00082076,19200903,PRCP,0,,,a,
ASN00082076,19200904,PRCP,0,,,a,
ASN00082076,19200905,PRCP,10,,,a,
ASN00082076,19200906,PRCP,86,,,a,
ASN00082076,19200907,PRCP,290,,,a,
ASN00082076,19200908,PRCP,0,,,a,
ASN00082076,19200909,PRCP,0,,,a,
ASN00082076,19200910,PRCP,127,,,a,
ASN00082076,19200911,PRCP,66,,,a,
ASN00082076,19200912,PRCP,18,,,a,
ASN00082076,19200913,PRCP,0,,,a,
ASN00082076,19200914,PRCP,0,,,a,
ASN00082076,19200915,PRCP,0,,,a,
ASN00082076,19200916,PRCP,51,,,a,
ASN00082076,19200917,PRCP,147,,,a,
ASN00082076,19200918,PRCP,36,,,a,
ASN00082076,19200919,PRCP,25,,,a,
ASN00082076,19200920,PRCP,0,,,a,
ASN00082076,19200921,PRCP,0,,,a,
ASN00082076,19200922,PRCP,94,,,a,
ASN00082076,19200923,PRCP,0,,,a,
ASN00082076,19200924,PRCP,0,,,a,
ASN00082076,19200925,PRCP,61,,,a,
ASN00082076,19200926,PRCP,0,,,a,
ASN00082076,19200927,PRCP,0,,,a,
ASN00082076,19200928,PRCP,0,,,a,
ASN00082076,19200929,PRCP,0,,,a,
ASN00082076,19200930,PRCP,0,,,a,
ASN00082076,19201001,PRCP,0,,,a,
ASN00082076,19201002,PRCP,69,,,a,
ASN00082076,19201003,PRCP,8,,,a,
ASN00082076,19201004,PRCP,0,,,a,
ASN00082076,19201005,PRCP,0,,,a,
ASN00082076,19201006,PRCP,0,,,a,
ASN00082076,19201007,PRCP,0,,,a,
ASN00082076,19201008,PRCP,0,,,a,
ASN00082076,19201009,PRCP,8,,,a,
ASN00082076,19201010,PRCP,107,,,a,
ASN00082076,19201011,PRCP,0,,,a,
ASN00082076,19201012,PRCP,15,,,a,
ASN00082076,19201013,PRCP,348,,,a,
ASN00082076,19201014,PRCP,0,,,a,
ASN00082076,19201015,PRCP,23,,,a,
ASN00082076,19201016,PRCP,0,,,a,
ASN00082076,19201017,PRCP,0,,,a,
ASN00082076,19201018,PRCP,0,,,a,
ASN00082076,19201019,PRCP,0,,,a,
ASN00082076,19201020,PRCP,0,,,a,
ASN00082076,19201021,PRCP,0,,,a,
ASN00082076,19201022,PRCP,130,,,a,
ASN00082076,19201023,PRCP,0,,,a,
ASN00082076,19201024,PRCP,297,,,a,
ASN00082076,19201025,PRCP,41,,,a,
ASN00082076,19201026,PRCP,0,,,a,
ASN00082076,19201027,PRCP,0,,,a,
ASN00082076,19201028,PRCP,0,,,a,
ASN00082076,19201029,PRCP,0,,,a,
ASN00082076,19201030,PRCP,0,,,a,
ASN00082076,19201031,PRCP,10,,,a,
ASN00082076,19201101,PRCP,5,,,a,
ASN00082076,19201102,PRCP,0,,,a,
ASN00082076,19201103,PRCP,0,,,a,
ASN00082076,19201104,PRCP,18,,,a,
ASN00082076,19201105,PRCP,366,,,a,
ASN00082076,19201106,PRCP,0,,,a,
ASN00082076,19201107,PRCP,0,,,a,
ASN00082076,19201108,PRCP,0,,,a,
ASN00082076,19201109,PRCP,0,,,a,
ASN00082076,19201110,PRCP,0,,,a,
ASN00082076,19201111,PRCP,0,,,a,
ASN00082076,19201112,PRCP,0,,,a,
ASN00082076,19201113,PRCP,36,,,a,
ASN00082076,19201114,PRCP,38,,,a,
ASN00082076,19201115,PRCP,102,,,a,
ASN00082076,19201116,PRCP,0,,,a,
ASN00082076,19201117,PRCP,0,,,a,
ASN00082076,19201118,PRCP,0,,,a,
ASN00082076,19201119,PRCP,0,,,a,
ASN00082076,19201120,PRCP,0,,,a,
ASN00082076,19201121,PRCP,30,,,a,
ASN00082076,19201122,PRCP,0,,,a,
ASN00082076,19201123,PRCP,0,,,a,
ASN00082076,19201124,PRCP,0,,,a,
ASN00082076,19201125,PRCP,0,,,a,
ASN00082076,19201126,PRCP,0,,,a,
ASN00082076,19201127,PRCP,18,,,a,
ASN00082076,19201128,PRCP,0,,,a,
ASN00082076,19201129,PRCP,0,,,a,
ASN00082076,19201130,PRCP,0,,,a,
ASN00082076,19201201,PRCP,0,,,a,
ASN00082076,19201202,PRCP,0,,,a,
ASN00082076,19201203,PRCP,0,,,a,
ASN00082076,19201204,PRCP,0,,,a,
ASN00082076,19201205,PRCP,168,,,a,
ASN00082076,19201206,PRCP,28,,,a,
ASN00082076,19201207,PRCP,0,,,a,
ASN00082076,19201208,PRCP,0,,,a,
ASN00082076,19201209,PRCP,0,,,a,
ASN00082076,19201210,PRCP,0,,,a,
ASN00082076,19201211,PRCP,0,,,a,
ASN00082076,19201212,PRCP,0,,,a,
ASN00082076,19201213,PRCP,28,,,a,
ASN00082076,19201214,PRCP,0,,,a,
ASN00082076,19201215,PRCP,15,,,a,
ASN00082076,19201216,PRCP,0,,,a,
ASN00082076,19201217,PRCP,0,,,a,
ASN00082076,19201218,PRCP,0,,,a,
ASN00082076,19201219,PRCP,0,,,a,
ASN00082076,19201220,PRCP,0,,,a,
ASN00082076,19201221,PRCP,0,,,a,
ASN00082076,19201222,PRCP,0,,,a,
ASN00082076,19201223,PRCP,0,,,a,
ASN00082076,19201224,PRCP,0,,,a,
ASN00082076,19201225,PRCP,0,,,a,
ASN00082076,19201226,PRCP,10,,,a,
ASN00082076,19201227,PRCP,213,,,a,
ASN00082076,19201228,PRCP,0,,,a,
ASN00082076,19201229,PRCP,0,,,a,
ASN00082076,19201230,PRCP,0,,,a,
ASN00082076,19201231,PRCP,0,,,a,
ASN00082076,19210101,PRCP,0,,,a,
ASN00082076,19210102,PRCP,211,,,a,
ASN00082076,19210103,PRCP,229,,,a,
ASN00082076,19210104,PRCP,0,,,a,
ASN00082076,19210105,PRCP,0,,,a,
ASN00082076,19210106,PRCP,0,,,a,
ASN00082076,19210107,PRCP,0,,,a,
ASN00082076,19210108,PRCP,274,,,a,
ASN00082076,19210109,PRCP,157,,,a,
ASN00082076,19210110,PRCP,0,,,a,
ASN00082076,19210111,PRCP,28,,,a,
ASN00082076,19210112,PRCP,0,,,a,
ASN00082076,19210113,PRCP,0,,,a,
ASN00082076,19210114,PRCP,0,,,a,
ASN00082076,19210115,PRCP,0,,,a,
ASN00082076,19210116,PRCP,0,,,a,
ASN00082076,19210117,PRCP,0,,,a,
ASN00082076,19210118,PRCP,0,,,a,
ASN00082076,19210119,PRCP,0,,,a,
ASN00082076,19210120,PRCP,0,,,a,
ASN00082076,19210121,PRCP,0,,,a,
ASN00082076,19210122,PRCP,0,,,a,
ASN00082076,19210123,PRCP,0,,,a,
ASN00082076,19210124,PRCP,0,,,a,
ASN00082076,19210125,PRCP,0,,,a,
ASN00082076,19210126,PRCP,0,,,a,
ASN00082076,19210127,PRCP,0,,,a,
ASN00082076,19210128,PRCP,0,,,a,
ASN00082076,19210129,PRCP,0,,,a,
ASN00082076,19210130,PRCP,0,,,a,
ASN00082076,19210131,PRCP,0,,,a,
ASN00082076,19210201,PRCP,0,,,a,
ASN00082076,19210202,PRCP,0,,,a,
ASN00082076,19210203,PRCP,0,,,a,
ASN00082076,19210204,PRCP,0,,,a,
ASN00082076,19210205,PRCP,10,,,a,
ASN00082076,19210206,PRCP,0,,,a,
ASN00082076,19210207,PRCP,0,,,a,
ASN00082076,19210208,PRCP,0,,,a,
ASN00082076,19210209,PRCP,0,,,a,
ASN00082076,19210210,PRCP,0,,,a,
ASN00082076,19210211,PRCP,0,,,a,
ASN00082076,19210212,PRCP,5,,,a,
ASN00082076,19210213,PRCP,0,,,a,
ASN00082076,19210214,PRCP,0,,,a,
ASN00082076,19210215,PRCP,0,,,a,
ASN00082076,19210216,PRCP,15,,,a,
ASN00082076,19210217,PRCP,330,,,a,
ASN00082076,19210218,PRCP,18,,,a,
ASN00082076,19210219,PRCP,0,,,a,
ASN00082076,19210220,PRCP,0,,,a,
ASN00082076,19210221,PRCP,0,,,a,
ASN00082076,19210222,PRCP,0,,,a,
ASN00082076,19210223,PRCP,0,,,a,
ASN00082076,19210224,PRCP,0,,,a,
ASN00082076,19210225,PRCP,0,,,a,
ASN00082076,19210226,PRCP,38,,,a,
ASN00082076,19210227,PRCP,170,,,a,
ASN00082076,19210228,PRCP,20,,,a,
ASN00082076,19210301,PRCP,140,,,a,
ASN00082076,19210302,PRCP,71,,,a,
ASN00082076,19210303,PRCP,0,,,a,
ASN00082076,19210304,PRCP,0,,,a,
ASN00082076,19210305,PRCP,0,,,a,
ASN00082076,19210306,PRCP,0,,,a,
ASN00082076,19210307,PRCP,0,,,a,
ASN00082076,19210308,PRCP,0,,,a,
ASN00082076,19210309,PRCP,0,,,a,
ASN00082076,19210310,PRCP,0,,,a,
ASN00082076,19210311,PRCP,0,,,a,
ASN00082076,19210312,PRCP,0,,,a,
ASN00082076,19210313,PRCP,0,,,a,
ASN00082076,19210314,PRCP,345,,,a,
ASN00082076,19210315,PRCP,0,,,a,
ASN00082076,19210316,PRCP,0,,,a,
ASN00082076,19210317,PRCP,0,,,a,
ASN00082076,19210318,PRCP,0,,,a,
ASN00082076,19210319,PRCP,0,,,a,
ASN00082076,19210320,PRCP,0,,,a,
ASN00082076,19210321,PRCP,0,,,a,
ASN00082076,19210322,PRCP,0,,,a,
ASN00082076,19210323,PRCP,0,,,a,
ASN00082076,19210324,PRCP,0,,,a,
ASN00082076,19210325,PRCP,0,,,a,
ASN00082076,19210326,PRCP,0,,,a,
ASN00082076,19210327,PRCP,0,,,a,
ASN00082076,19210328,PRCP,0,,,a,
ASN00082076,19210329,PRCP,0,,,a,
ASN00082076,19210330,PRCP,0,,,a,
ASN00082076,19210331,PRCP,64,,,a,
ASN00082076,19210401,PRCP,76,,,a,
ASN00082076,19210402,PRCP,0,,,a,
ASN00082076,19210403,PRCP,0,,,a,
ASN00082076,19210404,PRCP,74,,,a,
ASN00082076,19210405,PRCP,33,,,a,
ASN00082076,19210406,PRCP,15,,,a,
ASN00082076,19210407,PRCP,89,,,a,
ASN00082076,19210408,PRCP,224,,,a,
ASN00082076,19210409,PRCP,0,,,a,
ASN00082076,19210410,PRCP,0,,,a,
ASN00082076,19210411,PRCP,0,,,a,
ASN00082076,19210412,PRCP,0,,,a,
ASN00082076,19210413,PRCP,0,,,a,
ASN00082076,19210414,PRCP,0,,,a,
ASN00082076,19210415,PRCP,0,,,a,
ASN00082076,19210416,PRCP,0,,,a,
ASN00082076,19210417,PRCP,0,,,a,
ASN00082076,19210418,PRCP,0,,,a,
ASN00082076,19210419,PRCP,0,,,a,
ASN00082076,19210420,PRCP,0,,,a,
ASN00082076,19210421,PRCP,0,,,a,
ASN00082076,19210422,PRCP,0,,,a,
ASN00082076,19210423,PRCP,0,,,a,
ASN00082076,19210424,PRCP,0,,,a,
ASN00082076,19210425,PRCP,0,,,a,
ASN00082076,19210426,PRCP,0,,,a,
ASN00082076,19210427,PRCP,0,,,a,
ASN00082076,19210428,PRCP,0,,,a,
ASN00082076,19210429,PRCP,0,,,a,
ASN00082076,19210430,PRCP,0,,,a,
ASN00082076,19210501,PRCP,13,,,a,
ASN00082076,19210502,PRCP,0,,,a,
ASN00082076,19210503,PRCP,5,,,a,
ASN00082076,19210504,PRCP,0,,,a,
ASN00082076,19210505,PRCP,0,,,a,
ASN00082076,19210506,PRCP,0,,,a,
ASN00082076,19210507,PRCP,0,,,a,
ASN00082076,19210508,PRCP,0,,,a,
ASN00082076,19210509,PRCP,0,,,a,
ASN00082076,19210510,PRCP,0,,,a,
ASN00082076,19210511,PRCP,0,,,a,
ASN00082076,19210512,PRCP,0,,,a,
ASN00082076,19210513,PRCP,0,,,a,
ASN00082076,19210514,PRCP,0,,,a,
ASN00082076,19210515,PRCP,0,,,a,
ASN00082076,19210516,PRCP,0,,,a,
ASN00082076,19210517,PRCP,0,,,a,
ASN00082076,19210518,PRCP,0,,,a,
ASN00082076,19210519,PRCP,56,,,a,
ASN00082076,19210520,PRCP,145,,,a,
ASN00082076,19210521,PRCP,104,,,a,
ASN00082076,19210522,PRCP,0,,,a,
ASN00082076,19210523,PRCP,0,,,a,
ASN00082076,19210524,PRCP,58,,,a,
ASN00082076,19210525,PRCP,76,,,a,
ASN00082076,19210526,PRCP,15,,,a,
ASN00082076,19210527,PRCP,0,,,a,
ASN00082076,19210528,PRCP,0,,,a,
ASN00082076,19210529,PRCP,0,,,a,
ASN00082076,19210530,PRCP,193,,,a,
ASN00082076,19210531,PRCP,191,,,a,
ASN00082076,19210601,PRCP,191,,,a,
ASN00082076,19210602,PRCP,0,,,a,
ASN00082076,19210603,PRCP,0,,,a,
ASN00082076,19210604,PRCP,0,,,a,
ASN00082076,19210605,PRCP,0,,,a,
ASN00082076,19210606,PRCP,0,,,a,
ASN00082076,19210607,PRCP,38,,,a,
ASN00082076,19210608,PRCP,467,,,a,
ASN00082076,19210609,PRCP,127,,,a,
ASN00082076,19210610,PRCP,183,,,a,
ASN00082076,19210611,PRCP,23,,,a,
ASN00082076,19210612,PRCP,33,,,a,
ASN00082076,19210613,PRCP,10,,,a,
ASN00082076,19210614,PRCP,0,,,a,
ASN00082076,19210615,PRCP,180,,,a,
ASN00082076,19210616,PRCP,0,,,a,
ASN00082076,19210617,PRCP,0,,,a,
ASN00082076,19210618,PRCP,0,,,a,
ASN00082076,19210619,PRCP,0,,,a,
ASN00082076,19210620,PRCP,0,,,a,
ASN00082076,19210621,PRCP,0,,,a,
ASN00082076,19210622,PRCP,0,,,a,
ASN00082076,19210623,PRCP,0,,,a,
ASN00082076,19210624,PRCP,0,,,a,
ASN00082076,19210625,PRCP,0,,,a,
ASN00082076,19210626,PRCP,0,,,a,
ASN00082076,19210627,PRCP,0,,,a,
ASN00082076,19210628,PRCP,0,,,a,
ASN00082076,19210629,PRCP,0,,,a,
ASN00082076,19210630,PRCP,0,,,a,
ASN00082076,19210701,PRCP,46,,,a,
ASN00082076,19210702,PRCP,0,,,a,
ASN00082076,19210703,PRCP,0,,,a,
ASN00082076,19210704,PRCP,0,,,a,
ASN00082076,19210705,PRCP,0,,,a,
ASN00082076,19210706,PRCP,0,,,a,
ASN00082076,19210707,PRCP,0,,,a,
ASN00082076,19210708,PRCP,0,,,a,
ASN00082076,19210709,PRCP,0,,,a,
ASN00082076,19210710,PRCP,0,,,a,
ASN00082076,19210711,PRCP,254,,,a,
ASN00082076,19210712,PRCP,13,,,a,
ASN00082076,19210713,PRCP,0,,,a,
ASN00082076,19210714,PRCP,152,,,a,
ASN00082076,19210715,PRCP,147,,,a,
ASN00082076,19210716,PRCP,13,,,a,
ASN00082076,19210717,PRCP,89,,,a,
ASN00082076,19210718,PRCP,0,,,a,
ASN00082076,19210719,PRCP,0,,,a,
ASN00082076,19210720,PRCP,0,,,a,
ASN00082076,19210721,PRCP,0,,,a,
ASN00082076,19210722,PRCP,0,,,a,
ASN00082076,19210723,PRCP,0,,,a,
ASN00082076,19210724,PRCP,0,,,a,
ASN00082076,19210725,PRCP,0,,,a,
ASN00082076,19210726,PRCP,0,,,a,
ASN00082076,19210727,PRCP,457,,,a,
ASN00082076,19210728,PRCP,122,,,a,
ASN00082076,19210729,PRCP,0,,,a,
ASN00082076,19210730,PRCP,229,,,a,
ASN00082076,19210731,PRCP,89,,,a,
ASN00082076,19210801,PRCP,10,,,a,
ASN00082076,19210802,PRCP,10,,,a,
ASN00082076,19210803,PRCP,307,,,a,
ASN00082076,19210804,PRCP,51,,,a,
ASN00082076,19210805,PRCP,20,,,a,
ASN00082076,19210806,PRCP,0,,,a,
ASN00082076,19210807,PRCP,0,,,a,
ASN00082076,19210808,PRCP,0,,,a,
ASN00082076,19210809,PRCP,0,,,a,
ASN00082076,19210810,PRCP,0,,,a,
ASN00082076,19210811,PRCP,533,,,a,
ASN00082076,19210812,PRCP,150,,,a,
ASN00082076,19210813,PRCP,0,,,a,
ASN00082076,19210814,PRCP,0,,,a,
ASN00082076,19210815,PRCP,0,,,a,
ASN00082076,19210816,PRCP,0,,,a,
ASN00082076,19210817,PRCP,0,,,a,
ASN00082076,19210818,PRCP,0,,,a,
ASN00082076,19210819,PRCP,0,,,a,
ASN00082076,19210820,PRCP,0,,,a,
ASN00082076,19210821,PRCP,0,,,a,
ASN00082076,19210822,PRCP,0,,,a,
ASN00082076,19210823,PRCP,406,,,a,
ASN00082076,19210824,PRCP,157,,,a,
ASN00082076,19210825,PRCP,5,,,a,
ASN00082076,19210826,PRCP,25,,,a,
ASN00082076,19210827,PRCP,15,,,a,
ASN00082076,19210828,PRCP,25,,,a,
ASN00082076,19210829,PRCP,0,,,a,
ASN00082076,19210830,PRCP,0,,,a,
ASN00082076,19210831,PRCP,0,,,a,
ASN00082076,19210901,PRCP,0,,,a,
ASN00082076,19210902,PRCP,0,,,a,
ASN00082076,19210903,PRCP,0,,,a,
ASN00082076,19210904,PRCP,0,,,a,
ASN00082076,19210905,PRCP,0,,,a,
ASN00082076,19210906,PRCP,0,,,a,
ASN00082076,19210907,PRCP,0,,,a,
ASN00082076,19210908,PRCP,140,,,a,
ASN00082076,19210909,PRCP,89,,,a,
ASN00082076,19210910,PRCP,767,,,a,
ASN00082076,19210911,PRCP,0,,,a,
ASN00082076,19210912,PRCP,15,,,a,
ASN00082076,19210913,PRCP,0,,,a,
ASN00082076,19210914,PRCP,0,,,a,
ASN00082076,19210915,PRCP,53,,,a,
ASN00082076,19210916,PRCP,20,,,a,
ASN00082076,19210917,PRCP,79,,,a,
ASN00082076,19210918,PRCP,142,,,a,
ASN00082076,19210919,PRCP,290,,,a,
ASN00082076,19210920,PRCP,0,,,a,
ASN00082076,19210921,PRCP,36,,,a,
ASN00082076,19210922,PRCP,0,,,a,
ASN00082076,19210923,PRCP,0,,,a,
ASN00082076,19210924,PRCP,0,,,a,
ASN00082076,19210925,PRCP,0,,,a,
ASN00082076,19210926,PRCP,0,,,a,
ASN00082076,19210927,PRCP,38,,,a,
ASN00082076,19210928,PRCP,401,,,a,
ASN00082076,19210929,PRCP,64,,,a,
ASN00082076,19210930,PRCP,0,,,a,
ASN00082076,19211001,PRCP,0,,,a,
ASN00082076,19211002,PRCP,0,,,a,
ASN00082076,19211003,PRCP,0,,,a,
ASN00082076,19211004,PRCP,0,,,a,
ASN00082076,19211005,PRCP,0,,,a,
ASN00082076,19211006,PRCP,0,,,a,
ASN00082076,19211007,PRCP,0,,,a,
ASN00082076,19211008,PRCP,0,,,a,
ASN00082076,19211009,PRCP,429,,,a,
ASN00082076,19211010,PRCP,117,,,a,
ASN00082076,19211011,PRCP,0,,,a,
ASN00082076,19211012,PRCP,0,,,a,
ASN00082076,19211013,PRCP,0,,,a,
ASN00082076,19211014,PRCP,0,,,a,
ASN00082076,19211015,PRCP,338,,,a,
ASN00082076,19211016,PRCP,30,,,a,
ASN00082076,19211017,PRCP,51,,,a,
ASN00082076,19211018,PRCP,0,,,a,
ASN00082076,19211019,PRCP,0,,,a,
ASN00082076,19211020,PRCP,0,,,a,
ASN00082076,19211021,PRCP,0,,,a,
ASN00082076,19211022,PRCP,0,,,a,
ASN00082076,19211023,PRCP,0,,,a,
ASN00082076,19211024,PRCP,0,,,a,
ASN00082076,19211025,PRCP,0,,,a,
ASN00082076,19211026,PRCP,0,,,a,
ASN00082076,19211027,PRCP,0,,,a,
ASN00082076,19211028,PRCP,10,,,a,
ASN00082076,19211029,PRCP,0,,,a,
ASN00082076,19211030,PRCP,0,,,a,
ASN00082076,19211031,PRCP,0,,,a,
ASN00082076,19211101,PRCP,64,,,a,
ASN00082076,19211102,PRCP,0,,,a,
ASN00082076,19211103,PRCP,0,,,a,
ASN00082076,19211104,PRCP,0,,,a,
ASN00082076,19211105,PRCP,53,,,a,
ASN00082076,19211106,PRCP,18,,,a,
ASN00082076,19211107,PRCP,0,,,a,
ASN00082076,19211108,PRCP,15,,,a,
ASN00082076,19211109,PRCP,0,,,a,
ASN00082076,19211110,PRCP,0,,,a,
ASN00082076,19211111,PRCP,0,,,a,
ASN00082076,19211112,PRCP,0,,,a,
ASN00082076,19211113,PRCP,0,,,a,
ASN00082076,19211114,PRCP,0,,,a,
ASN00082076,19211115,PRCP,25,,,a,
ASN00082076,19211116,PRCP,0,,,a,
ASN00082076,19211117,PRCP,0,,,a,
ASN00082076,19211118,PRCP,0,,,a,
ASN00082076,19211119,PRCP,0,,,a,
ASN00082076,19211120,PRCP,0,,,a,
ASN00082076,19211121,PRCP,0,,,a,
ASN00082076,19211122,PRCP,0,,,a,
ASN00082076,19211123,PRCP,10,,,a,
ASN00082076,19211124,PRCP,0,,,a,
ASN00082076,19211125,PRCP,8,,,a,
ASN00082076,19211126,PRCP,0,,,a,
ASN00082076,19211127,PRCP,0,,,a,
ASN00082076,19211128,PRCP,114,,,a,
ASN00082076,19211129,PRCP,0,,,a,
ASN00082076,19211130,PRCP,0,,,a,
ASN00082076,19211201,PRCP,0,,,a,
ASN00082076,19211202,PRCP,0,,,a,
ASN00082076,19211203,PRCP,0,,,a,
ASN00082076,19211204,PRCP,0,,,a,
ASN00082076,19211205,PRCP,15,,,a,
ASN00082076,19211206,PRCP,23,,,a,
ASN00082076,19211207,PRCP,0,,,a,
ASN00082076,19211208,PRCP,0,,,a,
ASN00082076,19211209,PRCP,0,,,a,
ASN00082076,19211210,PRCP,0,,,a,
ASN00082076,19211211,PRCP,0,,,a,
ASN00082076,19211212,PRCP,0,,,a,
ASN00082076,19211213,PRCP,0,,,a,
ASN00082076,19211214,PRCP,0,,,a,
ASN00082076,19211215,PRCP,0,,,a,
ASN00082076,19211216,PRCP,0,,,a,
ASN00082076,19211217,PRCP,0,,,a,
ASN00082076,19211218,PRCP,0,,,a,
ASN00082076,19211219,PRCP,0,,,a,
ASN00082076,19211220,PRCP,0,,,a,
ASN00082076,19211221,PRCP,10,,,a,
ASN00082076,19211222,PRCP,36,,,a,
ASN00082076,19211223,PRCP,582,,,a,
ASN00082076,19211224,PRCP,0,,,a,
ASN00082076,19211225,PRCP,0,,,a,
ASN00082076,19211226,PRCP,0,,,a,
ASN00082076,19211227,PRCP,145,,,a,
ASN00082076,19211228,PRCP,0,,,a,
ASN00082076,19211229,PRCP,0,,,a,
ASN00082076,19211230,PRCP,10,,,a,
ASN00082076,19211231,PRCP,0,,,a,
ASN00082076,19220101,PRCP,0,,,a,
ASN00082076,19220102,PRCP,0,,,a,
ASN00082076,19220103,PRCP,0,,,a,
ASN00082076,19220104,PRCP,0,,,a,
ASN00082076,19220105,PRCP,0,,,a,
ASN00082076,19220106,PRCP,0,,,a,
ASN00082076,19220107,PRCP,0,,,a,
ASN00082076,19220108,PRCP,13,,,a,
ASN00082076,19220109,PRCP,71,,,a,
ASN00082076,19220110,PRCP,0,,,a,
ASN00082076,19220111,PRCP,0,,,a,
ASN00082076,19220112,PRCP,0,,,a,
ASN00082076,19220113,PRCP,401,,,a,
ASN00082076,19220114,PRCP,0,,,a,
ASN00082076,19220115,PRCP,0,,,a,
ASN00082076,19220116,PRCP,0,,,a,
ASN00082076,19220117,PRCP,0,,,a,
ASN00082076,19220118,PRCP,23,,,a,
ASN00082076,19220119,PRCP,0,,,a,
ASN00082076,19220120,PRCP,0,,,a,
ASN00082076,19220121,PRCP,0,,,a,
ASN00082076,19220122,PRCP,0,,,a,
ASN00082076,19220123,PRCP,0,,,a,
ASN00082076,19220124,PRCP,30,,,a,
ASN00082076,19220125,PRCP,0,,,a,
ASN00082076,19220126,PRCP,0,,,a,
ASN00082076,19220127,PRCP,0,,,a,
ASN00082076,19220128,PRCP,0,,,a,
ASN00082076,19220129,PRCP,0,,,a,
ASN00082076,19220130,PRCP,8,,,a,
ASN00082076,19220131,PRCP,0,,,a,
ASN00082076,19220201,PRCP,0,,,a,
ASN00082076,19220202,PRCP,0,,,a,
ASN00082076,19220203,PRCP,0,,,a,
ASN00082076,19220204,PRCP,0,,,a,
ASN00082076,19220205,PRCP,0,,,a,
ASN00082076,19220206,PRCP,0,,,a,
ASN00082076,19220207,PRCP,0,,,a,
ASN00082076,19220208,PRCP,0,,,a,
ASN00082076,19220209,PRCP,0,,,a,
ASN00082076,19220210,PRCP,0,,,a,
ASN00082076,19220211,PRCP,0,,,a,
ASN00082076,19220212,PRCP,0,,,a,
ASN00082076,19220213,PRCP,0,,,a,
ASN00082076,19220214,PRCP,0,,,a,
ASN00082076,19220215,PRCP,0,,,a,
ASN00082076,19220216,PRCP,0,,,a,
ASN00082076,19220217,PRCP,0,,,a,
ASN00082076,19220218,PRCP,0,,,a,
ASN00082076,19220219,PRCP,0,,,a,
ASN00082076,19220220,PRCP,13,,,a,
ASN00082076,19220221,PRCP,122,,,a,
ASN00082076,19220222,PRCP,272,,,a,
ASN00082076,19220223,PRCP,0,,,a,
ASN00082076,19220224,PRCP,13,,,a,
ASN00082076,19220225,PRCP,0,,,a,
ASN00082076,19220226,PRCP,5,,,a,
ASN00082076,19220227,PRCP,0,,,a,
ASN00082076,19220228,PRCP,178,,,a,
ASN00082076,19220301,PRCP,0,,,a,
ASN00082076,19220302,PRCP,0,,,a,
ASN00082076,19220303,PRCP,0,,,a,
ASN00082076,19220304,PRCP,0,,,a,
ASN00082076,19220305,PRCP,0,,,a,
ASN00082076,19220306,PRCP,0,,,a,
ASN00082076,19220307,PRCP,0,,,a,
ASN00082076,19220308,PRCP,0,,,a,
ASN00082076,19220309,PRCP,0,,,a,
ASN00082076,19220310,PRCP,0,,,a,
ASN00082076,19220311,PRCP,0,,,a,
ASN00082076,19220312,PRCP,0,,,a,
ASN00082076,19220313,PRCP,0,,,a,
ASN00082076,19220314,PRCP,0,,,a,
ASN00082076,19220315,PRCP,0,,,a,
ASN00082076,19220316,PRCP,0,,,a,
ASN00082076,19220317,PRCP,0,,,a,
ASN00082076,19220318,PRCP,0,,,a,
ASN00082076,19220319,PRCP,20,,,a,
ASN00082076,19220320,PRCP,0,,,a,
ASN00082076,19220321,PRCP,0,,,a,
ASN00082076,19220322,PRCP,0,,,a,
ASN00082076,19220323,PRCP,0,,,a,
ASN00082076,19220324,PRCP,0,,,a,
ASN00082076,19220325,PRCP,0,,,a,
ASN00082076,19220326,PRCP,0,,,a,
ASN00082076,19220327,PRCP,0,,,a,
ASN00082076,19220328,PRCP,0,,,a,
ASN00082076,19220329,PRCP,0,,,a,
ASN00082076,19220330,PRCP,0,,,a,
ASN00082076,19220331,PRCP,0,,,a,
ASN00082076,19220401,PRCP,0,,,a,
ASN00082076,19220402,PRCP,0,,,a,
ASN00082076,19220403,PRCP,0,,,a,
ASN00082076,19220404,PRCP,0,,,a,
ASN00082076,19220405,PRCP,15,,,a,
ASN00082076,19220406,PRCP,211,,,a,
ASN00082076,19220407,PRCP,0,,,a,
ASN00082076,19220408,PRCP,0,,,a,
ASN00082076,19220409,PRCP,0,,,a,
ASN00082076,19220410,PRCP,0,,,a,
ASN00082076,19220411,PRCP,0,,,a,
ASN00082076,19220412,PRCP,0,,,a,
ASN00082076,19220413,PRCP,0,,,a,
ASN00082076,19220414,PRCP,0,,,a,
ASN00082076,19220415,PRCP,0,,,a,
ASN00082076,19220416,PRCP,0,,,a,
ASN00082076,19220417,PRCP,0,,,a,
ASN00082076,19220418,PRCP,0,,,a,
ASN00082076,19220419,PRCP,33,,,a,
ASN00082076,19220420,PRCP,0,,,a,
ASN00082076,19220421,PRCP,0,,,a,
ASN00082076,19220422,PRCP,0,,,a,
ASN00082076,19220423,PRCP,0,,,a,
ASN00082076,19220424,PRCP,25,,,a,
ASN00082076,19220425,PRCP,13,,,a,
ASN00082076,19220426,PRCP,25,,,a,
ASN00082076,19220427,PRCP,0,,,a,
ASN00082076,19220428,PRCP,76,,,a,
ASN00082076,19220429,PRCP,0,,,a,
ASN00082076,19220430,PRCP,0,,,a,
ASN00082076,19220501,PRCP,0,,,a,
ASN00082076,19220502,PRCP,0,,,a,
ASN00082076,19220503,PRCP,0,,,a,
ASN00082076,19220504,PRCP,0,,,a,
ASN00082076,19220505,PRCP,178,,,a,
ASN00082076,19220506,PRCP,122,,,a,
ASN00082076,19220507,PRCP,109,,,a,
ASN00082076,19220508,PRCP,127,,,a,
ASN00082076,19220509,PRCP,0,,,a,
ASN00082076,19220510,PRCP,0,,,a,
ASN00082076,19220511,PRCP,0,,,a,
ASN00082076,19220512,PRCP,10,,,a,
ASN00082076,19220513,PRCP,0,,,a,
ASN00082076,19220514,PRCP,0,,,a,
ASN00082076,19220515,PRCP,0,,,a,
ASN00082076,19220516,PRCP,0,,,a,
ASN00082076,19220517,PRCP,0,,,a,
ASN00082076,19220518,PRCP,0,,,a,
ASN00082076,19220519,PRCP,0,,,a,
ASN00082076,19220520,PRCP,0,,,a,
ASN00082076,19220521,PRCP,0,,,a,
ASN00082076,19220522,PRCP,0,,,a,
ASN00082076,19220523,PRCP,0,,,a,
ASN00082076,19220524,PRCP,0,,,a,
ASN00082076,19220525,PRCP,0,,,a,
ASN00082076,19220526,PRCP,0,,,a,
ASN00082076,19220527,PRCP,0,,,a,
ASN00082076,19220528,PRCP,33,,,a,
ASN00082076,19220529,PRCP,8,,,a,
ASN00082076,19220530,PRCP,0,,,a,
ASN00082076,19220531,PRCP,0,,,a,
ASN00082076,19220601,PRCP,0,,,a,
ASN00082076,19220602,PRCP,0,,,a,
ASN00082076,19220603,PRCP,0,,,a,
ASN00082076,19220604,PRCP,5,,,a,
ASN00082076,19220605,PRCP,10,,,a,
ASN00082076,19220606,PRCP,23,,,a,
ASN00082076,19220607,PRCP,30,,,a,
ASN00082076,19220608,PRCP,107,,,a,
ASN00082076,19220609,PRCP,33,,,a,
ASN00082076,19220610,PRCP,0,,,a,
ASN00082076,19220611,PRCP,0,,,a,
ASN00082076,19220612,PRCP,0,,,a,
ASN00082076,19220613,PRCP,8,,,a,
ASN00082076,19220614,PRCP,46,,,a,
ASN00082076,19220615,PRCP,0,,,a,
ASN00082076,19220616,PRCP,0,,,a,
ASN00082076,19220617,PRCP,0,,,a,
ASN00082076,19220618,PRCP,0,,,a,
ASN00082076,19220619,PRCP,0,,,a,
ASN00082076,19220620,PRCP,0,,,a,
ASN00082076,19220621,PRCP,0,,,a,
ASN00082076,19220622,PRCP,76,,,a,
ASN00082076,19220623,PRCP,0,,,a,
ASN00082076,19220624,PRCP,0,,,a,
ASN00082076,19220625,PRCP,0,,,a,
ASN00082076,19220626,PRCP,0,,,a,
ASN00082076,19220627,PRCP,15,,,a,
ASN00082076,19220628,PRCP,18,,,a,
ASN00082076,19220629,PRCP,152,,,a,
ASN00082076,19220630,PRCP,99,,,a,
ASN00082076,19220701,PRCP,0,,,a,
ASN00082076,19220702,PRCP,0,,,a,
ASN00082076,19220703,PRCP,0,,,a,
ASN00082076,19220704,PRCP,0,,,a,
ASN00082076,19220705,PRCP,203,,,a,
ASN00082076,19220706,PRCP,0,,,a,
ASN00082076,19220707,PRCP,234,,,a,
ASN00082076,19220708,PRCP,152,,,a,
ASN00082076,19220709,PRCP,10,,,a,
ASN00082076,19220710,PRCP,0,,,a,
ASN00082076,19220711,PRCP,0,,,a,
ASN00082076,19220712,PRCP,0,,,a,
ASN00082076,19220713,PRCP,0,,,a,
ASN00082076,19220714,PRCP,0,,,a,
ASN00082076,19220715,PRCP,28,,,a,
ASN00082076,19220716,PRCP,452,,,a,
ASN00082076,19220717,PRCP,376,,,a,
ASN00082076,19220718,PRCP,109,,,a,
ASN00082076,19220719,PRCP,0,,,a,
ASN00082076,19220720,PRCP,0,,,a,
ASN00082076,19220721,PRCP,0,,,a,
ASN00082076,19220722,PRCP,0,,,a,
ASN00082076,19220723,PRCP,0,,,a,
ASN00082076,19220724,PRCP,0,,,a,
ASN00082076,19220725,PRCP,0,,,a,
ASN00082076,19220726,PRCP,0,,,a,
ASN00082076,19220727,PRCP,0,,,a,
ASN00082076,19220728,PRCP,0,,,a,
ASN00082076,19220729,PRCP,0,,,a,
ASN00082076,19220730,PRCP,0,,,a,
ASN00082076,19220731,PRCP,0,,,a,
ASN00082076,19220801,PRCP,0,,,a,
ASN00082076,19220802,PRCP,0,,,a,
ASN00082076,19220803,PRCP,0,,,a,
ASN00082076,19220804,PRCP,25,,,a,
ASN00082076,19220805,PRCP,0,,,a,
ASN00082076,19220806,PRCP,0,,,a,
ASN00082076,19220807,PRCP,0,,,a,
ASN00082076,19220808,PRCP,10,,,a,
ASN00082076,19220809,PRCP,15,,,a,
ASN00082076,19220810,PRCP,198,,,a,
ASN00082076,19220811,PRCP,97,,,a,
ASN00082076,19220812,PRCP,64,,,a,
ASN00082076,19220813,PRCP,10,,,a,
ASN00082076,19220814,PRCP,0,,,a,
ASN00082076,19220815,PRCP,0,,,a,
ASN00082076,19220816,PRCP,97,,,a,
ASN00082076,19220817,PRCP,203,,,a,
ASN00082076,19220818,PRCP,132,,,a,
ASN00082076,19220819,PRCP,13,,,a,
ASN00082076,19220820,PRCP,10,,,a,
ASN00082076,19220821,PRCP,0,,,a,
ASN00082076,19220822,PRCP,0,,,a,
ASN00082076,19220823,PRCP,0,,,a,
ASN00082076,19220824,PRCP,0,,,a,
ASN00082076,19220825,PRCP,0,,,a,
ASN00082076,19220826,PRCP,51,,,a,
ASN00082076,19220827,PRCP,0,,,a,
ASN00082076,19220828,PRCP,0,,,a,
ASN00082076,19220829,PRCP,74,,,a,
ASN00082076,19220830,PRCP,0,,,a,
ASN00082076,19220831,PRCP,0,,,a,
ASN00082076,19220901,PRCP,5,,,a,
ASN00082076,19220902,PRCP,0,,,a,
ASN00082076,19220903,PRCP,0,,,a,
ASN00082076,19220904,PRCP,0,,,a,
ASN00082076,19220905,PRCP,0,,,a,
ASN00082076,19220906,PRCP,23,,,a,
ASN00082076,19220907,PRCP,3,,,a,
ASN00082076,19220908,PRCP,0,,,a,
ASN00082076,19220909,PRCP,0,,,a,
ASN00082076,19220910,PRCP,330,,,a,
ASN00082076,19220911,PRCP,46,,,a,
ASN00082076,19220912,PRCP,114,,,a,
ASN00082076,19220913,PRCP,51,,,a,
ASN00082076,19220914,PRCP,23,,,a,
ASN00082076,19220915,PRCP,0,,,a,
ASN00082076,19220916,PRCP,0,,,a,
ASN00082076,19220917,PRCP,0,,,a,
ASN00082076,19220918,PRCP,0,,,a,
ASN00082076,19220919,PRCP,0,,,a,
ASN00082076,19220920,PRCP,0,,,a,
ASN00082076,19220921,PRCP,0,,,a,
ASN00082076,19220922,PRCP,0,,,a,
ASN00082076,19220923,PRCP,0,,,a,
ASN00082076,19220924,PRCP,0,,,a,
ASN00082076,19220925,PRCP,0,,,a,
ASN00082076,19220926,PRCP,0,,,a,
ASN00082076,19220927,PRCP,241,,,a,
ASN00082076,19220928,PRCP,33,,,a,
ASN00082076,19220929,PRCP,0,,,a,
ASN00082076,19220930,PRCP,0,,,a,
ASN00082076,19221001,PRCP,99,,,a,
ASN00082076,19221002,PRCP,38,,,a,
ASN00082076,19221003,PRCP,0,,,a,
ASN00082076,19221004,PRCP,25,,,a,
ASN00082076,19221005,PRCP,58,,,a,
ASN00082076,19221006,PRCP,84,,,a,
ASN00082076,19221007,PRCP,18,,,a,
ASN00082076,19221008,PRCP,0,,,a,
ASN00082076,19221009,PRCP,0,,,a,
ASN00082076,19221010,PRCP,15,,,a,
ASN00082076,19221011,PRCP,0,,,a,
ASN00082076,19221012,PRCP,0,,,a,
ASN00082076,19221013,PRCP,20,,,a,
ASN00082076,19221014,PRCP,18,,,a,
ASN00082076,19221015,PRCP,0,,,a,
ASN00082076,19221016,PRCP,3,,,a,
ASN00082076,19221017,PRCP,46,,,a,
ASN00082076,19221018,PRCP,0,,,a,
ASN00082076,19221019,PRCP,0,,,a,
ASN00082076,19221020,PRCP,0,,,a,
ASN00082076,19221021,PRCP,0,,,a,
ASN00082076,19221022,PRCP,91,,,a,
ASN00082076,19221023,PRCP,0,,,a,
ASN00082076,19221024,PRCP,0,,,a,
ASN00082076,19221025,PRCP,0,,,a,
ASN00082076,19221026,PRCP,0,,,a,
ASN00082076,19221027,PRCP,0,,,a,
ASN00082076,19221028,PRCP,0,,,a,
ASN00082076,19221029,PRCP,150,,,a,
ASN00082076,19221030,PRCP,0,,,a,
ASN00082076,19221031,PRCP,0,,,a,
ASN00082076,19221101,PRCP,0,,,a,
ASN00082076,19221102,PRCP,0,,,a,
ASN00082076,19221103,PRCP,0,,,a,
ASN00082076,19221104,PRCP,0,,,a,
ASN00082076,19221105,PRCP,0,,,a,
ASN00082076,19221106,PRCP,0,,,a,
ASN00082076,19221107,PRCP,51,,,a,
ASN00082076,19221108,PRCP,0,,,a,
ASN00082076,19221109,PRCP,41,,,a,
ASN00082076,19221110,PRCP,0,,,a,
ASN00082076,19221111,PRCP,0,,,a,
ASN00082076,19221112,PRCP,0,,,a,
ASN00082076,19221113,PRCP,0,,,a,
ASN00082076,19221114,PRCP,0,,,a,
ASN00082076,19221115,PRCP,0,,,a,
ASN00082076,19221116,PRCP,0,,,a,
ASN00082076,19221117,PRCP,0,,,a,
ASN00082076,19221118,PRCP,0,,,a,
ASN00082076,19221119,PRCP,0,,,a,
ASN00082076,19221120,PRCP,0,,,a,
ASN00082076,19221121,PRCP,0,,,a,
ASN00082076,19221122,PRCP,0,,,a,
ASN00082076,19221123,PRCP,0,,,a,
ASN00082076,19221124,PRCP,25,,,a,
ASN00082076,19221125,PRCP,0,,,a,
ASN00082076,19221126,PRCP,0,,,a,
ASN00082076,19221127,PRCP,13,,,a,
ASN00082076,19221128,PRCP,0,,,a,
ASN00082076,19221129,PRCP,0,,,a,
ASN00082076,19221130,PRCP,0,,,a,
ASN00082076,19221201,PRCP,0,,,a,
ASN00082076,19221202,PRCP,0,,,a,
ASN00082076,19221203,PRCP,3,,,a,
ASN00082076,19221204,PRCP,208,,,a,
ASN00082076,19221205,PRCP,0,,,a,
ASN00082076,19221206,PRCP,0,,,a,
ASN00082076,19221207,PRCP,0,,,a,
ASN00082076,19221208,PRCP,0,,,a,
ASN00082076,19221209,PRCP,0,,,a,
ASN00082076,19221210,PRCP,127,,,a,
ASN00082076,19221211,PRCP,30,,,a,
ASN00082076,19221212,PRCP,0,,,a,
ASN00082076,19221213,PRCP,0,,,a,
ASN00082076,19221214,PRCP,0,,,a,
ASN00082076,19221215,PRCP,0,,,a,
ASN00082076,19221216,PRCP,0,,,a,
ASN00082076,19221217,PRCP,0,,,a,
ASN00082076,19221218,PRCP,0,,,a,
ASN00082076,19221219,PRCP,0,,,a,
ASN00082076,19221220,PRCP,0,,,a,
ASN00082076,19221221,PRCP,0,,,a,
ASN00082076,19221222,PRCP,0,,,a,
ASN00082076,19221223,PRCP,0,,,a,
ASN00082076,19221224,PRCP,0,,,a,
ASN00082076,19221225,PRCP,0,,,a,
ASN00082076,19221226,PRCP,8,,,a,
ASN00082076,19221227,PRCP,23,,,a,
ASN00082076,19221228,PRCP,0,,,a,
ASN00082076,19221229,PRCP,51,,,a,
ASN00082076,19221230,PRCP,0,,,a,
ASN00082076,19221231,PRCP,279,,,a,
ASN00082076,19230101,PRCP,0,,,a,
ASN00082076,19230102,PRCP,0,,,a,
ASN00082076,19230103,PRCP,0,,,a,
ASN00082076,19230104,PRCP,3,,,a,
ASN00082076,19230105,PRCP,0,,,a,
ASN00082076,19230106,PRCP,66,,,a,
ASN00082076,19230107,PRCP,0,,,a,
ASN00082076,19230108,PRCP,0,,,a,
ASN00082076,19230109,PRCP,0,,,a,
ASN00082076,19230110,PRCP,0,,,a,
ASN00082076,19230111,PRCP,0,,,a,
ASN00082076,19230112,PRCP,0,,,a,
ASN00082076,19230113,PRCP,0,,,a,
ASN00082076,19230114,PRCP,0,,,a,
ASN00082076,19230115,PRCP,0,,,a,
ASN00082076,19230116,PRCP,0,,,a,
ASN00082076,19230117,PRCP,0,,,a,
ASN00082076,19230118,PRCP,234,,,a,
ASN00082076,19230119,PRCP,15,,,a,
ASN00082076,19230120,PRCP,0,,,a,
ASN00082076,19230121,PRCP,0,,,a,
ASN00082076,19230122,PRCP,23,,,a,
ASN00082076,19230123,PRCP,0,,,a,
ASN00082076,19230124,PRCP,0,,,a,
ASN00082076,19230125,PRCP,64,,,a,
ASN00082076,19230126,PRCP,0,,,a,
ASN00082076,19230127,PRCP,0,,,a,
ASN00082076,19230128,PRCP,0,,,a,
ASN00082076,19230129,PRCP,0,,,a,
ASN00082076,19230130,PRCP,0,,,a,
ASN00082076,19230131,PRCP,0,,,a,
ASN00082076,19230201,PRCP,0,,,a,
ASN00082076,19230202,PRCP,0,,,a,
ASN00082076,19230203,PRCP,0,,,a,
ASN00082076,19230204,PRCP,0,,,a,
ASN00082076,19230205,PRCP,0,,,a,
ASN00082076,19230206,PRCP,0,,,a,
ASN00082076,19230207,PRCP,0,,,a,
ASN00082076,19230208,PRCP,0,,,a,
ASN00082076,19230209,PRCP,0,,,a,
ASN00082076,19230210,PRCP,0,,,a,
ASN00082076,19230211,PRCP,0,,,a,
ASN00082076,19230212,PRCP,0,,,a,
ASN00082076,19230213,PRCP,0,,,a,
ASN00082076,19230214,PRCP,0,,,a,
ASN00082076,19230215,PRCP,0,,,a,
ASN00082076,19230216,PRCP,0,,,a,
ASN00082076,19230217,PRCP,0,,,a,
ASN00082076,19230218,PRCP,0,,,a,
ASN00082076,19230219,PRCP,0,,,a,
ASN00082076,19230220,PRCP,0,,,a,
ASN00082076,19230221,PRCP,0,,,a,
ASN00082076,19230222,PRCP,0,,,a,
ASN00082076,19230223,PRCP,0,,,a,
ASN00082076,19230224,PRCP,0,,,a,
ASN00082076,19230225,PRCP,0,,,a,
ASN00082076,19230226,PRCP,0,,,a,
ASN00082076,19230227,PRCP,0,,,a,
ASN00082076,19230228,PRCP,0,,,a,
ASN00082076,19230301,PRCP,0,,,a,
ASN00082076,19230302,PRCP,0,,,a,
ASN00082076,19230303,PRCP,0,,,a,
ASN00082076,19230304,PRCP,0,,,a,
ASN00082076,19230305,PRCP,0,,,a,
ASN00082076,19230306,PRCP,0,,,a,
ASN00082076,19230307,PRCP,0,,,a,
ASN00082076,19230308,PRCP,0,,,a,
ASN00082076,19230309,PRCP,0,,,a,
ASN00082076,19230310,PRCP,0,,,a,
ASN00082076,19230311,PRCP,0,,,a,
ASN00082076,19230312,PRCP,0,,,a,
ASN00082076,19230313,PRCP,0,,,a,
ASN00082076,19230314,PRCP,51,,,a,
ASN00082076,19230315,PRCP,0,,,a,
ASN00082076,19230316,PRCP,0,,,a,
ASN00082076,19230317,PRCP,0,,,a,
ASN00082076,19230318,PRCP,0,,,a,
ASN00082076,19230319,PRCP,0,,,a,
ASN00082076,19230320,PRCP,0,,,a,
ASN00082076,19230321,PRCP,0,,,a,
ASN00082076,19230322,PRCP,0,,,a,
ASN00082076,19230323,PRCP,0,,,a,
ASN00082076,19230324,PRCP,0,,,a,
ASN00082076,19230325,PRCP,0,,,a,
ASN00082076,19230326,PRCP,0,,,a,
ASN00082076,19230327,PRCP,0,,,a,
ASN00082076,19230328,PRCP,0,,,a,
ASN00082076,19230329,PRCP,0,,,a,
ASN00082076,19230330,PRCP,0,,,a,
ASN00082076,19230331,PRCP,0,,,a,
ASN00082076,19230401,PRCP,0,,,a,
ASN00082076,19230402,PRCP,0,,,a,
ASN00082076,19230403,PRCP,0,,,a,
ASN00082076,19230404,PRCP,0,,,a,
ASN00082076,19230405,PRCP,0,,,a,
ASN00082076,19230406,PRCP,0,,,a,
ASN00082076,19230407,PRCP,18,,,a,
ASN00082076,19230408,PRCP,0,,,a,
ASN00082076,19230409,PRCP,0,,,a,
ASN00082076,19230410,PRCP,0,,,a,
ASN00082076,19230411,PRCP,0,,,a,
ASN00082076,19230412,PRCP,0,,,a,
ASN00082076,19230413,PRCP,0,,,a,
ASN00082076,19230414,PRCP,0,,,a,
ASN00082076,19230415,PRCP,0,,,a,
ASN00082076,19230416,PRCP,0,,,a,
ASN00082076,19230417,PRCP,0,,,a,
ASN00082076,19230418,PRCP,0,,,a,
ASN00082076,19230419,PRCP,0,,,a,
ASN00082076,19230420,PRCP,0,,,a,
ASN00082076,19230421,PRCP,0,,,a,
ASN00082076,19230422,PRCP,0,,,a,
ASN00082076,19230423,PRCP,0,,,a,
ASN00082076,19230424,PRCP,0,,,a,
ASN00082076,19230425,PRCP,0,,,a,
ASN00082076,19230426,PRCP,0,,,a,
ASN00082076,19230427,PRCP,0,,,a,
ASN00082076,19230428,PRCP,0,,,a,
ASN00082076,19230429,PRCP,0,,,a,
ASN00082076,19230430,PRCP,0,,,a,
ASN00082076,19230501,PRCP,0,,,a,
ASN00082076,19230502,PRCP,0,,,a,
ASN00082076,19230503,PRCP,0,,,a,
ASN00082076,19230504,PRCP,0,,,a,
ASN00082076,19230505,PRCP,0,,,a,
ASN00082076,19230506,PRCP,0,,,a,
ASN00082076,19230507,PRCP,0,,,a,
ASN00082076,19230508,PRCP,84,,,a,
ASN00082076,19230509,PRCP,236,,,a,
ASN00082076,19230510,PRCP,183,,,a,
ASN00082076,19230511,PRCP,58,,,a,
ASN00082076,19230512,PRCP,84,,,a,
ASN00082076,19230513,PRCP,10,,,a,
ASN00082076,19230514,PRCP,0,,,a,
ASN00082076,19230515,PRCP,0,,,a,
ASN00082076,19230516,PRCP,155,,,a,
ASN00082076,19230517,PRCP,10,,,a,
ASN00082076,19230518,PRCP,175,,,a,
ASN00082076,19230519,PRCP,10,,,a,
ASN00082076,19230520,PRCP,86,,,a,
ASN00082076,19230521,PRCP,284,,,a,
ASN00082076,19230522,PRCP,127,,,a,
ASN00082076,19230523,PRCP,102,,,a,
ASN00082076,19230524,PRCP,155,,,a,
ASN00082076,19230525,PRCP,107,,,a,
ASN00082076,19230526,PRCP,13,,,a,
ASN00082076,19230527,PRCP,0,,,a,
ASN00082076,19230528,PRCP,25,,,a,
ASN00082076,19230529,PRCP,8,,,a,
ASN00082076,19230530,PRCP,226,,,a,
ASN00082076,19230531,PRCP,132,,,a,
ASN00082076,19230601,PRCP,0,,,a,
ASN00082076,19230602,PRCP,0,,,a,
ASN00082076,19230603,PRCP,81,,,a,
ASN00082076,19230604,PRCP,493,,,a,
ASN00082076,19230605,PRCP,297,,,a,
ASN00082076,19230606,PRCP,38,,,a,
ASN00082076,19230607,PRCP,0,,,a,
ASN00082076,19230608,PRCP,3,,,a,
ASN00082076,19230609,PRCP,0,,,a,
ASN00082076,19230610,PRCP,170,,,a,
ASN00082076,19230611,PRCP,109,,,a,
ASN00082076,19230612,PRCP,229,,,a,
ASN00082076,19230613,PRCP,81,,,a,
ASN00082076,19230614,PRCP,41,,,a,
ASN00082076,19230615,PRCP,30,,,a,
ASN00082076,19230616,PRCP,20,,,a,
ASN00082076,19230617,PRCP,20,,,a,
ASN00082076,19230618,PRCP,0,,,a,
ASN00082076,19230619,PRCP,0,,,a,
ASN00082076,19230620,PRCP,0,,,a,
ASN00082076,19230621,PRCP,0,,,a,
ASN00082076,19230622,PRCP,0,,,a,
ASN00082076,19230623,PRCP,30,,,a,
ASN00082076,19230624,PRCP,107,,,a,
ASN00082076,19230625,PRCP,8,,,a,
ASN00082076,19230626,PRCP,0,,,a,
ASN00082076,19230627,PRCP,0,,,a,
ASN00082076,19230628,PRCP,0,,,a,
ASN00082076,19230629,PRCP,0,,,a,
ASN00082076,19230630,PRCP,0,,,a,
ASN00082076,19230701,PRCP,91,,,a,
ASN00082076,19230702,PRCP,259,,,a,
ASN00082076,19230703,PRCP,208,,,a,
ASN00082076,19230704,PRCP,13,,,a,
ASN00082076,19230705,PRCP,0,,,a,
ASN00082076,19230706,PRCP,41,,,a,
ASN00082076,19230707,PRCP,28,,,a,
ASN00082076,19230708,PRCP,0,,,a,
ASN00082076,19230709,PRCP,0,,,a,
ASN00082076,19230710,PRCP,0,,,a,
ASN00082076,19230711,PRCP,0,,,a,
ASN00082076,19230712,PRCP,0,,,a,
ASN00082076,19230713,PRCP,28,,,a,
ASN00082076,19230714,PRCP,36,,,a,
ASN00082076,19230715,PRCP,15,,,a,
ASN00082076,19230716,PRCP,368,,,a,
ASN00082076,19230717,PRCP,64,,,a,
ASN00082076,19230718,PRCP,119,,,a,
ASN00082076,19230719,PRCP,76,,,a,
ASN00082076,19230720,PRCP,30,,,a,
ASN00082076,19230721,PRCP,38,,,a,
ASN00082076,19230722,PRCP,0,,,a,
ASN00082076,19230723,PRCP,0,,,a,
ASN00082076,19230724,PRCP,0,,,a,
ASN00082076,19230725,PRCP,0,,,a,
ASN00082076,19230726,PRCP,0,,,a,
ASN00082076,19230727,PRCP,0,,,a,
ASN00082076,19230728,PRCP,0,,,a,
ASN00082076,19230729,PRCP,10,,,a,
ASN00082076,19230730,PRCP,76,,,a,
ASN00082076,19230731,PRCP,84,,,a,
ASN00082076,19230801,PRCP,124,,,a,
ASN00082076,19230802,PRCP,84,,,a,
ASN00082076,19230803,PRCP,33,,,a,
ASN00082076,19230804,PRCP,13,,,a,
ASN00082076,19230805,PRCP,38,,,a,
ASN00082076,19230806,PRCP,0,,,a,
ASN00082076,19230807,PRCP,0,,,a,
ASN00082076,19230808,PRCP,0,,,a,
ASN00082076,19230809,PRCP,13,,,a,
ASN00082076,19230810,PRCP,48,,,a,
ASN00082076,19230811,PRCP,0,,,a,
ASN00082076,19230812,PRCP,0,,,a,
ASN00082076,19230813,PRCP,127,,,a,
ASN00082076,19230814,PRCP,102,,,a,
ASN00082076,19230815,PRCP,0,,,a,
ASN00082076,19230816,PRCP,5,,,a,
ASN00082076,19230817,PRCP,0,,,a,
ASN00082076,19230818,PRCP,0,,,a,
ASN00082076,19230819,PRCP,0,,,a,
ASN00082076,19230820,PRCP,0,,,a,
ASN00082076,19230821,PRCP,0,,,a,
ASN00082076,19230822,PRCP,0,,,a,
ASN00082076,19230823,PRCP,0,,,a,
ASN00082076,19230824,PRCP,0,,,a,
ASN00082076,19230825,PRCP,0,,,a,
ASN00082076,19230826,PRCP,0,,,a,
ASN00082076,19230827,PRCP,5,,,a,
ASN00082076,19230828,PRCP,51,,,a,
ASN00082076,19230829,PRCP,152,,,a,
ASN00082076,19230830,PRCP,0,,,a,
ASN00082076,19230831,PRCP,61,,,a,
ASN00082076,19230901,PRCP,0,,,a,
ASN00082076,19230902,PRCP,0,,,a,
ASN00082076,19230903,PRCP,0,,,a,
ASN00082076,19230904,PRCP,53,,,a,
ASN00082076,19230905,PRCP,51,,,a,
ASN00082076,19230906,PRCP,18,,,a,
ASN00082076,19230907,PRCP,0,,,a,
ASN00082076,19230908,PRCP,0,,,a,
ASN00082076,19230909,PRCP,0,,,a,
ASN00082076,19230910,PRCP,0,,,a,
ASN00082076,19230911,PRCP,0,,,a,
ASN00082076,19230912,PRCP,0,,,a,
ASN00082076,19230913,PRCP,43,,,a,
ASN00082076,19230914,PRCP,107,,,a,
ASN00082076,19230915,PRCP,38,,,a,
ASN00082076,19230916,PRCP,5,,,a,
ASN00082076,19230917,PRCP,0,,,a,
ASN00082076,19230918,PRCP,41,,,a,
ASN00082076,19230919,PRCP,5,,,a,
ASN00082076,19230920,PRCP,343,,,a,
ASN00082076,19230921,PRCP,97,,,a,
ASN00082076,19230922,PRCP,30,,,a,
ASN00082076,19230923,PRCP,0,,,a,
ASN00082076,19230924,PRCP,0,,,a,
ASN00082076,19230925,PRCP,0,,,a,
ASN00082076,19230926,PRCP,61,,,a,
ASN00082076,19230927,PRCP,69,,,a,
ASN00082076,19230928,PRCP,0,,,a,
ASN00082076,19230929,PRCP,46,,,a,
ASN00082076,19230930,PRCP,0,,,a,
ASN00082076,19231001,PRCP,500,,,a,
ASN00082076,19231002,PRCP,48,,,a,
ASN00082076,19231003,PRCP,0,,,a,
ASN00082076,19231004,PRCP,13,,,a,
ASN00082076,19231005,PRCP,0,,,a,
ASN00082076,19231006,PRCP,0,,,a,
ASN00082076,19231007,PRCP,25,,,a,
ASN00082076,19231008,PRCP,89,,,a,
ASN00082076,19231009,PRCP,0,,,a,
ASN00082076,19231010,PRCP,33,,,a,
ASN00082076,19231011,PRCP,211,,,a,
ASN00082076,19231012,PRCP,81,,,a,
ASN00082076,19231013,PRCP,107,,,a,
ASN00082076,19231014,PRCP,0,,,a,
ASN00082076,19231015,PRCP,0,,,a,
ASN00082076,19231016,PRCP,0,,,a,
ASN00082076,19231017,PRCP,0,,,a,
ASN00082076,19231018,PRCP,36,,,a,
ASN00082076,19231019,PRCP,0,,,a,
ASN00082076,19231020,PRCP,0,,,a,
ASN00082076,19231021,PRCP,0,,,a,
ASN00082076,19231022,PRCP,0,,,a,
ASN00082076,19231023,PRCP,0,,,a,
ASN00082076,19231024,PRCP,0,,,a,
ASN00082076,19231025,PRCP,0,,,a,
ASN00082076,19231026,PRCP,0,,,a,
ASN00082076,19231027,PRCP,0,,,a,
ASN00082076,19231028,PRCP,0,,,a,
ASN00082076,19231029,PRCP,0,,,a,
ASN00082076,19231030,PRCP,23,,,a,
ASN00082076,19231031,PRCP,76,,,a,
ASN00082076,19231101,PRCP,51,,,a,
ASN00082076,19231102,PRCP,23,,,a,
ASN00082076,19231103,PRCP,0,,,a,
ASN00082076,19231104,PRCP,5,,,a,
ASN00082076,19231105,PRCP,0,,,a,
ASN00082076,19231106,PRCP,0,,,a,
ASN00082076,19231107,PRCP,0,,,a,
ASN00082076,19231108,PRCP,0,,,a,
ASN00082076,19231109,PRCP,94,,,a,
ASN00082076,19231110,PRCP,0,,,a,
ASN00082076,19231111,PRCP,0,,,a,
ASN00082076,19231112,PRCP,76,,,a,
ASN00082076,19231113,PRCP,0,,,a,
ASN00082076,19231114,PRCP,89,,,a,
ASN00082076,19231115,PRCP,79,,,a,
ASN00082076,19231116,PRCP,114,,,a,
ASN00082076,19231117,PRCP,0,,,a,
ASN00082076,19231118,PRCP,0,,,a,
ASN00082076,19231119,PRCP,0,,,a,
ASN00082076,19231120,PRCP,10,,,a,
ASN00082076,19231121,PRCP,0,,,a,
ASN00082076,19231122,PRCP,0,,,a,
ASN00082076,19231123,PRCP,0,,,a,
ASN00082076,19231124,PRCP,0,,,a,
ASN00082076,19231125,PRCP,0,,,a,
ASN00082076,19231126,PRCP,0,,,a,
ASN00082076,19231127,PRCP,0,,,a,
ASN00082076,19231128,PRCP,0,,,a,
ASN00082076,19231129,PRCP,0,,,a,
ASN00082076,19231130,PRCP,0,,,a,
ASN00082076,19231201,PRCP,0,,,a,
ASN00082076,19231202,PRCP,0,,,a,
ASN00082076,19231203,PRCP,0,,,a,
ASN00082076,19231204,PRCP,157,,,a,
ASN00082076,19231205,PRCP,124,,,a,
ASN00082076,19231206,PRCP,264,,,a,
ASN00082076,19231207,PRCP,0,,,a,
ASN00082076,19231208,PRCP,0,,,a,
ASN00082076,19231209,PRCP,0,,,a,
ASN00082076,19231210,PRCP,0,,,a,
ASN00082076,19231211,PRCP,0,,,a,
ASN00082076,19231212,PRCP,0,,,a,
ASN00082076,19231213,PRCP,0,,,a,
ASN00082076,19231214,PRCP,58,,,a,
ASN00082076,19231215,PRCP,66,,,a,
ASN00082076,19231216,PRCP,0,,,a,
ASN00082076,19231217,PRCP,91,,,a,
ASN00082076,19231218,PRCP,254,,,a,
ASN00082076,19231219,PRCP,41,,,a,
ASN00082076,19231220,PRCP,0,,,a,
ASN00082076,19231221,PRCP,0,,,a,
ASN00082076,19231222,PRCP,0,,,a,
ASN00082076,19231223,PRCP,0,,,a,
ASN00082076,19231224,PRCP,0,,,a,
ASN00082076,19231225,PRCP,28,,,a,
ASN00082076,19231226,PRCP,0,,,a,
ASN00082076,19231227,PRCP,284,,,a,
ASN00082076,19231228,PRCP,0,,,a,
ASN00082076,19231229,PRCP,0,,,a,
ASN00082076,19231230,PRCP,0,,,a,
ASN00082076,19231231,PRCP,0,,,a,
ASN00082076,19240101,PRCP,0,,,a,
ASN00082076,19240102,PRCP,152,,,a,
ASN00082076,19240103,PRCP,0,,,a,
ASN00082076,19240104,PRCP,0,,,a,
ASN00082076,19240105,PRCP,0,,,a,
ASN00082076,19240106,PRCP,396,,,a,
ASN00082076,19240107,PRCP,0,,,a,
ASN00082076,19240108,PRCP,0,,,a,
ASN00082076,19240109,PRCP,0,,,a,
ASN00082076,19240110,PRCP,41,,,a,
ASN00082076,19240111,PRCP,163,,,a,
ASN00082076,19240112,PRCP,99,,,a,
ASN00082076,19240113,PRCP,0,,,a,
ASN00082076,19240114,PRCP,0,,,a,
ASN00082076,19240115,PRCP,0,,,a,
ASN00082076,19240116,PRCP,0,,,a,
ASN00082076,19240117,PRCP,0,,,a,
ASN00082076,19240118,PRCP,0,,,a,
ASN00082076,19240119,PRCP,0,,,a,
ASN00082076,19240120,PRCP,0,,,a,
ASN00082076,19240121,PRCP,102,,,a,
ASN00082076,19240122,PRCP,0,,,a,
ASN00082076,19240123,PRCP,0,,,a,
ASN00082076,19240124,PRCP,13,,,a,
ASN00082076,19240125,PRCP,0,,,a,
ASN00082076,19240126,PRCP,0,,,a,
ASN00082076,19240127,PRCP,0,,,a,
ASN00082076,19240128,PRCP,0,,,a,
ASN00082076,19240129,PRCP,38,,,a,
ASN00082076,19240130,PRCP,0,,,a,
ASN00082076,19240131,PRCP,0,,,a,
ASN00082076,19240201,PRCP,0,,,a,
ASN00082076,19240202,PRCP,0,,,a,
ASN00082076,19240203,PRCP,38,,,a,
ASN00082076,19240204,PRCP,241,,,a,
ASN00082076,19240205,PRCP,10,,,a,
ASN00082076,19240206,PRCP,56,,,a,
ASN00082076,19240207,PRCP,231,,,a,
ASN00082076,19240208,PRCP,38,,,a,
ASN00082076,19240209,PRCP,18,,,a,
ASN00082076,19240210,PRCP,0,,,a,
ASN00082076,19240211,PRCP,0,,,a,
ASN00082076,19240212,PRCP,0,,,a,
ASN00082076,19240213,PRCP,0,,,a,
ASN00082076,19240214,PRCP,0,,,a,
ASN00082076,19240215,PRCP,0,,,a,
ASN00082076,19240216,PRCP,203,,,a,
ASN00082076,19240217,PRCP,0,,,a,
ASN00082076,19240218,PRCP,0,,,a,
ASN00082076,19240219,PRCP,312,,,a,
ASN00082076,19240220,PRCP,455,,,a,
ASN00082076,19240221,PRCP,0,,,a,
ASN00082076,19240222,PRCP,13,,,a,
ASN00082076,19240223,PRCP,0,,,a,
ASN00082076,19240224,PRCP,0,,,a,
ASN00082076,19240225,PRCP,0,,,a,
ASN00082076,19240226,PRCP,51,,,a,
ASN00082076,19240227,PRCP,0,,,a,
ASN00082076,19240228,PRCP,0,,,a,
ASN00082076,19240229,PRCP,0,,,a,
ASN00082076,19240301,PRCP,0,,,a,
ASN00082076,19240302,PRCP,0,,,a,
ASN00082076,19240303,PRCP,0,,,a,
ASN00082076,19240304,PRCP,30,,,a,
ASN00082076,19240305,PRCP,53,,,a,
ASN00082076,19240306,PRCP,193,,,a,
ASN00082076,19240307,PRCP,66,,,a,
ASN00082076,19240308,PRCP,0,,,a,
ASN00082076,19240309,PRCP,0,,,a,
ASN00082076,19240310,PRCP,0,,,a,
ASN00082076,19240311,PRCP,0,,,a,
ASN00082076,19240312,PRCP,0,,,a,
ASN00082076,19240313,PRCP,0,,,a,
ASN00082076,19240314,PRCP,0,,,a,
ASN00082076,19240315,PRCP,0,,,a,
ASN00082076,19240316,PRCP,0,,,a,
ASN00082076,19240317,PRCP,0,,,a,
ASN00082076,19240318,PRCP,0,,,a,
ASN00082076,19240319,PRCP,0,,,a,
ASN00082076,19240320,PRCP,0,,,a,
ASN00082076,19240321,PRCP,0,,,a,
ASN00082076,19240322,PRCP,0,,,a,
ASN00082076,19240323,PRCP,0,,,a,
ASN00082076,19240324,PRCP,0,,,a,
ASN00082076,19240325,PRCP,0,,,a,
ASN00082076,19240326,PRCP,0,,,a,
ASN00082076,19240327,PRCP,254,,,a,
ASN00082076,19240328,PRCP,244,,,a,
ASN00082076,19240329,PRCP,94,,,a,
ASN00082076,19240330,PRCP,0,,,a,
ASN00082076,19240331,PRCP,0,,,a,
ASN00082076,19240401,PRCP,20,,,a,
ASN00082076,19240402,PRCP,23,,,a,
ASN00082076,19240403,PRCP,117,,,a,
ASN00082076,19240404,PRCP,0,,,a,
ASN00082076,19240405,PRCP,0,,,a,
ASN00082076,19240406,PRCP,0,,,a,
ASN00082076,19240407,PRCP,0,,,a,
ASN00082076,19240408,PRCP,0,,,a,
ASN00082076,19240409,PRCP,0,,,a,
ASN00082076,19240410,PRCP,0,,,a,
ASN00082076,19240411,PRCP,0,,,a,
ASN00082076,19240412,PRCP,0,,,a,
ASN00082076,19240413,PRCP,0,,,a,
ASN00082076,19240414,PRCP,0,,,a,
ASN00082076,19240415,PRCP,53,,,a,
ASN00082076,19240416,PRCP,0,,,a,
ASN00082076,19240417,PRCP,89,,,a,
ASN00082076,19240418,PRCP,0,,,a,
ASN00082076,19240419,PRCP,0,,,a,
ASN00082076,19240420,PRCP,0,,,a,
ASN00082076,19240421,PRCP,71,,,a,
ASN00082076,19240422,PRCP,0,,,a,
ASN00082076,19240423,PRCP,0,,,a,
ASN00082076,19240424,PRCP,0,,,a,
ASN00082076,19240425,PRCP,0,,,a,
ASN00082076,19240426,PRCP,0,,,a,
ASN00082076,19240427,PRCP,0,,,a,
ASN00082076,19240428,PRCP,0,,,a,
ASN00082076,19240429,PRCP,0,,,a,
ASN00082076,19240430,PRCP,0,,,a,
ASN00082076,19240501,PRCP,0,,,a,
ASN00082076,19240502,PRCP,173,,,a,
ASN00082076,19240503,PRCP,0,,,a,
ASN00082076,19240504,PRCP,0,,,a,
ASN00082076,19240505,PRCP,0,,,a,
ASN00082076,19240506,PRCP,0,,,a,
ASN00082076,19240507,PRCP,0,,,a,
ASN00082076,19240508,PRCP,0,,,a,
ASN00082076,19240509,PRCP,0,,,a,
ASN00082076,19240510,PRCP,0,,,a,
ASN00082076,19240511,PRCP,0,,,a,
ASN00082076,19240512,PRCP,0,,,a,
ASN00082076,19240513,PRCP,0,,,a,
ASN00082076,19240514,PRCP,157,,,a,
ASN00082076,19240515,PRCP,38,,,a,
ASN00082076,19240516,PRCP,127,,,a,
ASN00082076,19240517,PRCP,0,,,a,
ASN00082076,19240518,PRCP,0,,,a,
ASN00082076,19240519,PRCP,0,,,a,
ASN00082076,19240520,PRCP,0,,,a,
ASN00082076,19240521,PRCP,91,,,a,
ASN00082076,19240522,PRCP,0,,,a,
ASN00082076,19240523,PRCP,191,,,a,
ASN00082076,19240524,PRCP,127,,,a,
ASN00082076,19240525,PRCP,0,,,a,
ASN00082076,19240526,PRCP,0,,,a,
ASN00082076,19240527,PRCP,25,,,a,
ASN00082076,19240528,PRCP,0,,,a,
ASN00082076,19240529,PRCP,0,,,a,
ASN00082076,19240530,PRCP,0,,,a,
ASN00082076,19240531,PRCP,0,,,a,
ASN00082076,19240601,PRCP,33,,,a,
ASN00082076,19240602,PRCP,30,,,a,
ASN00082076,19240603,PRCP,81,,,a,
ASN00082076,19240604,PRCP,0,,,a,
ASN00082076,19240605,PRCP,51,,,a,
ASN00082076,19240606,PRCP,140,,,a,
ASN00082076,19240607,PRCP,0,,,a,
ASN00082076,19240608,PRCP,0,,,a,
ASN00082076,19240609,PRCP,0,,,a,
ASN00082076,19240610,PRCP,0,,,a,
ASN00082076,19240611,PRCP,0,,,a,
ASN00082076,19240612,PRCP,0,,,a,
ASN00082076,19240613,PRCP,0,,,a,
ASN00082076,19240614,PRCP,0,,,a,
ASN00082076,19240615,PRCP,198,,,a,
ASN00082076,19240616,PRCP,274,,,a,
ASN00082076,19240617,PRCP,0,,,a,
ASN00082076,19240618,PRCP,0,,,a,
ASN00082076,19240619,PRCP,0,,,a,
ASN00082076,19240620,PRCP,76,,,a,
ASN00082076,19240621,PRCP,0,,,a,
ASN00082076,19240622,PRCP,104,,,a,
ASN00082076,19240623,PRCP,23,,,a,
ASN00082076,19240624,PRCP,0,,,a,
ASN00082076,19240625,PRCP,0,,,a,
ASN00082076,19240626,PRCP,0,,,a,
ASN00082076,19240627,PRCP,0,,,a,
ASN00082076,19240628,PRCP,0,,,a,
ASN00082076,19240629,PRCP,0,,,a,
ASN00082076,19240630,PRCP,0,,,a,
ASN00082076,19240701,PRCP,0,,,a,
ASN00082076,19240702,PRCP,0,,,a,
ASN00082076,19240703,PRCP,0,,,a,
ASN00082076,19240704,PRCP,0,,,a,
ASN00082076,19240705,PRCP,0,,,a,
ASN00082076,19240706,PRCP,0,,,a,
ASN00082076,19240707,PRCP,0,,,a,
ASN00082076,19240708,PRCP,0,,,a,
ASN00082076,19240709,PRCP,0,,,a,
ASN00082076,19240710,PRCP,0,,,a,
ASN00082076,19240711,PRCP,71,,,a,
ASN00082076,19240712,PRCP,0,,,a,
ASN00082076,19240713,PRCP,0,,,a,
ASN00082076,19240714,PRCP,0,,,a,
ASN00082076,19240715,PRCP,46,,,a,
ASN00082076,19240716,PRCP,0,,,a,
ASN00082076,19240717,PRCP,0,,,a,
ASN00082076,19240718,PRCP,0,,,a,
ASN00082076,19240719,PRCP,0,,,a,
ASN00082076,19240720,PRCP,0,,,a,
ASN00082076,19240721,PRCP,0,,,a,
ASN00082076,19240722,PRCP,38,,,a,
ASN00082076,19240723,PRCP,0,,,a,
ASN00082076,19240724,PRCP,33,,,a,
ASN00082076,19240725,PRCP,0,,,a,
ASN00082076,19240726,PRCP,0,,,a,
ASN00082076,19240727,PRCP,0,,,a,
ASN00082076,19240728,PRCP,0,,,a,
ASN00082076,19240729,PRCP,160,,,a,
ASN00082076,19240730,PRCP,64,,,a,
ASN00082076,19240731,PRCP,0,,,a,
ASN00082076,19240801,PRCP,5,,,a,
ASN00082076,19240802,PRCP,8,,,a,
ASN00082076,19240803,PRCP,183,,,a,
ASN00082076,19240804,PRCP,0,,,a,
ASN00082076,19240805,PRCP,0,,,a,
ASN00082076,19240806,PRCP,0,,,a,
ASN00082076,19240807,PRCP,0,,,a,
ASN00082076,19240808,PRCP,0,,,a,
ASN00082076,19240809,PRCP,0,,,a,
ASN00082076,19240810,PRCP,76,,,a,
ASN00082076,19240811,PRCP,0,,,a,
ASN00082076,19240812,PRCP,8,,,a,
ASN00082076,19240813,PRCP,152,,,a,
ASN00082076,19240814,PRCP,267,,,a,
ASN00082076,19240815,PRCP,0,,,a,
ASN00082076,19240816,PRCP,0,,,a,
ASN00082076,19240817,PRCP,0,,,a,
ASN00082076,19240818,PRCP,0,,,a,
ASN00082076,19240819,PRCP,0,,,a,
ASN00082076,19240820,PRCP,48,,,a,
ASN00082076,19240821,PRCP,0,,,a,
ASN00082076,19240822,PRCP,58,,,a,
ASN00082076,19240823,PRCP,224,,,a,
ASN00082076,19240824,PRCP,775,,,a,
ASN00082076,19240825,PRCP,231,,,a,
ASN00082076,19240826,PRCP,0,,,a,
ASN00082076,19240827,PRCP,0,,,a,
ASN00082076,19240828,PRCP,0,,,a,
ASN00082076,19240829,PRCP,0,,,a,
ASN00082076,19240830,PRCP,0,,,a,
ASN00082076,19240831,PRCP,0,,,a,
ASN00082076,19240901,PRCP,51,,,a,
ASN00082076,19240902,PRCP,5,,,a,
ASN00082076,19240903,PRCP,0,,,a,
ASN00082076,19240904,PRCP,0,,,a,
ASN00082076,19240905,PRCP,66,,,a,
ASN00082076,19240906,PRCP,0,,,a,
ASN00082076,19240907,PRCP,0,,,a,
ASN00082076,19240908,PRCP,0,,,a,
ASN00082076,19240909,PRCP,5,,,a,
ASN00082076,19240910,PRCP,25,,,a,
ASN00082076,19240911,PRCP,175,,,a,
ASN00082076,19240912,PRCP,0,,,a,
ASN00082076,19240913,PRCP,89,,,a,
ASN00082076,19240914,PRCP,18,,,a,
ASN00082076,19240915,PRCP,5,,,a,
ASN00082076,19240916,PRCP,0,,,a,
ASN00082076,19240917,PRCP,0,,,a,
ASN00082076,19240918,PRCP,0,,,a,
ASN00082076,19240919,PRCP,0,,,a,
ASN00082076,19240920,PRCP,0,,,a,
ASN00082076,19240921,PRCP,287,,,a,
ASN00082076,19240922,PRCP,224,,,a,
ASN00082076,19240923,PRCP,135,,,a,
ASN00082076,19240924,PRCP,109,,,a,
ASN00082076,19240925,PRCP,239,,,a,
ASN00082076,19240926,PRCP,25,,,a,
ASN00082076,19240927,PRCP,0,,,a,
ASN00082076,19240928,PRCP,69,,,a,
ASN00082076,19240929,PRCP,0,,,a,
ASN00082076,19240930,PRCP,0,,,a,
ASN00082076,19241001,PRCP,0,,,a,
ASN00082076,19241002,PRCP,0,,,a,
ASN00082076,19241003,PRCP,0,,,a,
ASN00082076,19241004,PRCP,124,,,a,
ASN00082076,19241005,PRCP,15,,,a,
ASN00082076,19241006,PRCP,201,,,a,
ASN00082076,19241007,PRCP,147,,,a,
ASN00082076,19241008,PRCP,28,,,a,
ASN00082076,19241009,PRCP,58,,,a,
ASN00082076,19241010,PRCP,46,,,a,
ASN00082076,19241011,PRCP,76,,,a,
ASN00082076,19241012,PRCP,0,,,a,
ASN00082076,19241013,PRCP,0,,,a,
ASN00082076,19241014,PRCP,127,,,a,
ASN00082076,19241015,PRCP,69,,,a,
ASN00082076,19241016,PRCP,0,,,a,
ASN00082076,19241017,PRCP,0,,,a,
ASN00082076,19241018,PRCP,0,,,a,
ASN00082076,19241019,PRCP,0,,,a,
ASN00082076,19241020,PRCP,84,,,a,
ASN00082076,19241021,PRCP,0,,,a,
ASN00082076,19241022,PRCP,0,,,a,
ASN00082076,19241023,PRCP,0,,,a,
ASN00082076,19241024,PRCP,0,,,a,
ASN00082076,19241025,PRCP,0,,,a,
ASN00082076,19241026,PRCP,0,,,a,
ASN00082076,19241027,PRCP,0,,,a,
ASN00082076,19241028,PRCP,0,,,a,
ASN00082076,19241029,PRCP,0,,,a,
ASN00082076,19241030,PRCP,0,,,a,
ASN00082076,19241031,PRCP,0,,,a,
ASN00082076,19241101,PRCP,0,,,a,
ASN00082076,19241102,PRCP,0,,,a,
ASN00082076,19241103,PRCP,0,,,a,
ASN00082076,19241104,PRCP,94,,,a,
ASN00082076,19241105,PRCP,107,,,a,
ASN00082076,19241106,PRCP,234,,,a,
ASN00082076,19241107,PRCP,0,,,a,
ASN00082076,19241108,PRCP,432,,,a,
ASN00082076,19241109,PRCP,0,,,a,
ASN00082076,19241110,PRCP,0,,,a,
ASN00082076,19241111,PRCP,0,,,a,
ASN00082076,19241112,PRCP,0,,,a,
ASN00082076,19241113,PRCP,0,,,a,
ASN00082076,19241114,PRCP,0,,,a,
ASN00082076,19241115,PRCP,0,,,a,
ASN00082076,19241116,PRCP,0,,,a,
ASN00082076,19241117,PRCP,0,,,a,
ASN00082076,19241118,PRCP,0,,,a,
ASN00082076,19241119,PRCP,0,,,a,
ASN00082076,19241120,PRCP,36,,,a,
ASN00082076,19241121,PRCP,107,,,a,
ASN00082076,19241122,PRCP,0,,,a,
ASN00082076,19241123,PRCP,0,,,a,
ASN00082076,19241124,PRCP,0,,,a,
ASN00082076,19241125,PRCP,0,,,a,
ASN00082076,19241126,PRCP,0,,,a,
ASN00082076,19241127,PRCP,0,,,a,
ASN00082076,19241128,PRCP,0,,,a,
ASN00082076,19241129,PRCP,0,,,a,
ASN00082076,19241130,PRCP,0,,,a,
ASN00082076,19241201,PRCP,25,,,a,
ASN00082076,19241202,PRCP,0,,,a,
ASN00082076,19241203,PRCP,20,,,a,
ASN00082076,19241204,PRCP,0,,,a,
ASN00082076,19241205,PRCP,0,,,a,
ASN00082076,19241206,PRCP,0,,,a,
ASN00082076,19241207,PRCP,0,,,a,
ASN00082076,19241208,PRCP,0,,,a,
ASN00082076,19241209,PRCP,0,,,a,
ASN00082076,19241210,PRCP,0,,,a,
ASN00082076,19241211,PRCP,0,,,a,
ASN00082076,19241212,PRCP,0,,,a,
ASN00082076,19241213,PRCP,0,,,a,
ASN00082076,19241214,PRCP,0,,,a,
ASN00082076,19241215,PRCP,0,,,a,
ASN00082076,19241216,PRCP,168,,,a,
ASN00082076,19241217,PRCP,406,,,a,
ASN00082076,19241218,PRCP,0,,,a,
ASN00082076,19241219,PRCP,0,,,a,
ASN00082076,19241220,PRCP,0,,,a,
ASN00082076,19241221,PRCP,0,,,a,
ASN00082076,19241222,PRCP,0,,,a,
ASN00082076,19241223,PRCP,0,,,a,
ASN00082076,19241224,PRCP,0,,,a,
ASN00082076,19241225,PRCP,0,,,a,
ASN00082076,19241226,PRCP,180,,,a,
ASN00082076,19241227,PRCP,0,,,a,
ASN00082076,19241228,PRCP,0,,,a,
ASN00082076,19241229,PRCP,0,,,a,
ASN00082076,19241230,PRCP,0,,,a,
ASN00082076,19241231,PRCP,0,,,a,
ASN00082076,19250101,PRCP,0,,,a,
ASN00082076,19250102,PRCP,0,,,a,
ASN00082076,19250103,PRCP,38,,,a,
ASN00082076,19250104,PRCP,0,,,a,
ASN00082076,19250105,PRCP,0,,,a,
ASN00082076,19250106,PRCP,0,,,a,
ASN00082076,19250107,PRCP,0,,,a,
ASN00082076,19250108,PRCP,0,,,a,
ASN00082076,19250109,PRCP,0,,,a,
ASN00082076,19250110,PRCP,0,,,a,
ASN00082076,19250111,PRCP,0,,,a,
ASN00082076,19250112,PRCP,0,,,a,
ASN00082076,19250113,PRCP,208,,,a,
ASN00082076,19250114,PRCP,381,,,a,
ASN00082076,19250115,PRCP,551,,,a,
ASN00082076,19250116,PRCP,0,,,a,
ASN00082076,19250117,PRCP,0,,,a,
ASN00082076,19250118,PRCP,0,,,a,
ASN00082076,19250119,PRCP,33,,,a,
ASN00082076,19250120,PRCP,8,,,a,
ASN00082076,19250121,PRCP,0,,,a,
ASN00082076,19250122,PRCP,170,,,a,
ASN00082076,19250123,PRCP,0,,,a,
ASN00082076,19250124,PRCP,0,,,a,
ASN00082076,19250125,PRCP,0,,,a,
ASN00082076,19250126,PRCP,0,,,a,
ASN00082076,19250127,PRCP,0,,,a,
ASN00082076,19250128,PRCP,0,,,a,
ASN00082076,19250129,PRCP,0,,,a,
ASN00082076,19250130,PRCP,0,,,a,
ASN00082076,19250131,PRCP,0,,,a,
ASN00082076,19250201,PRCP,86,,,a,
ASN00082076,19250202,PRCP,0,,,a,
ASN00082076,19250203,PRCP,0,,,a,
ASN00082076,19250204,PRCP,0,,,a,
ASN00082076,19250205,PRCP,0,,,a,
ASN00082076,19250206,PRCP,0,,,a,
ASN00082076,19250207,PRCP,0,,,a,
ASN00082076,19250208,PRCP,173,,,a,
ASN00082076,19250209,PRCP,178,,,a,
ASN00082076,19250210,PRCP,173,,,a,
ASN00082076,19250211,PRCP,25,,,a,
ASN00082076,19250212,PRCP,0,,,a,
ASN00082076,19250213,PRCP,0,,,a,
ASN00082076,19250214,PRCP,0,,,a,
ASN00082076,19250215,PRCP,0,,,a,
ASN00082076,19250216,PRCP,0,,,a,
ASN00082076,19250217,PRCP,290,,,a,
ASN00082076,19250218,PRCP,0,,,a,
ASN00082076,19250219,PRCP,0,,,a,
ASN00082076,19250220,PRCP,0,,,a,
ASN00082076,19250221,PRCP,0,,,a,
ASN00082076,19250222,PRCP,28,,,a,
ASN00082076,19250223,PRCP,0,,,a,
ASN00082076,19250224,PRCP,0,,,a,
ASN00082076,19250225,PRCP,0,,,a,
ASN00082076,19250226,PRCP,0,,,a,
ASN00082076,19250227,PRCP,0,,,a,
ASN00082076,19250228,PRCP,0,,,a,
ASN00082076,19250401,PRCP,0,,,a,
ASN00082076,19250402,PRCP,0,,,a,
ASN00082076,19250403,PRCP,0,,,a,
ASN00082076,19250404,PRCP,0,,,a,
ASN00082076,19250405,PRCP,0,,,a,
ASN00082076,19250406,PRCP,0,,,a,
ASN00082076,19250407,PRCP,0,,,a,
ASN00082076,19250408,PRCP,0,,,a,
ASN00082076,19250409,PRCP,0,,,a,
ASN00082076,19250410,PRCP,0,,,a,
ASN00082076,19250411,PRCP,0,,,a,
ASN00082076,19250412,PRCP,0,,,a,
ASN00082076,19250413,PRCP,0,,,a,
ASN00082076,19250414,PRCP,0,,,a,
ASN00082076,19250415,PRCP,0,,,a,
ASN00082076,19250416,PRCP,0,,,a,
ASN00082076,19250417,PRCP,0,,,a,
ASN00082076,19250418,PRCP,0,,,a,
ASN00082076,19250419,PRCP,0,,,a,
ASN00082076,19250420,PRCP,0,,,a,
ASN00082076,19250421,PRCP,0,,,a,
ASN00082076,19250422,PRCP,0,,,a,
ASN00082076,19250423,PRCP,0,,,a,
ASN00082076,19250424,PRCP,0,,,a,
ASN00082076,19250425,PRCP,0,,,a,
ASN00082076,19250426,PRCP,0,,,a,
ASN00082076,19250427,PRCP,0,,,a,
ASN00082076,19250428,PRCP,0,,,a,
ASN00082076,19250429,PRCP,0,,,a,
ASN00082076,19250430,PRCP,0,,,a,
ASN00082076,19250501,PRCP,0,,,a,
ASN00082076,19250502,PRCP,0,,,a,
ASN00082076,19250503,PRCP,0,,,a,
ASN00082076,19250504,PRCP,0,,,a,
ASN00082076,19250505,PRCP,0,,,a,
ASN00082076,19250506,PRCP,0,,,a,
ASN00082076,19250507,PRCP,0,,,a,
ASN00082076,19250508,PRCP,0,,,a,
ASN00082076,19250509,PRCP,0,,,a,
ASN00082076,19250510,PRCP,0,,,a,
ASN00082076,19250511,PRCP,25,,,a,
ASN00082076,19250512,PRCP,259,,,a,
ASN00082076,19250513,PRCP,0,,,a,
ASN00082076,19250514,PRCP,0,,,a,
ASN00082076,19250515,PRCP,0,,,a,
ASN00082076,19250516,PRCP,0,,,a,
ASN00082076,19250517,PRCP,0,,,a,
ASN00082076,19250518,PRCP,0,,,a,
ASN00082076,19250519,PRCP,0,,,a,
ASN00082076,19250520,PRCP,0,,,a,
ASN00082076,19250521,PRCP,0,,,a,
ASN00082076,19250522,PRCP,10,,,a,
ASN00082076,19250523,PRCP,41,,,a,
ASN00082076,19250524,PRCP,58,,,a,
ASN00082076,19250525,PRCP,3,,,a,
ASN00082076,19250526,PRCP,0,,,a,
ASN00082076,19250527,PRCP,0,,,a,
ASN00082076,19250528,PRCP,0,,,a,
ASN00082076,19250529,PRCP,0,,,a,
ASN00082076,19250530,PRCP,0,,,a,
ASN00082076,19250531,PRCP,124,,,a,
ASN00082076,19250601,PRCP,102,,,a,
ASN00082076,19250602,PRCP,10,,,a,
ASN00082076,19250603,PRCP,0,,,a,
ASN00082076,19250604,PRCP,0,,,a,
ASN00082076,19250605,PRCP,0,,,a,
ASN00082076,19250606,PRCP,152,,,a,
ASN00082076,19250607,PRCP,0,,,a,
ASN00082076,19250608,PRCP,43,,,a,
ASN00082076,19250609,PRCP,0,,,a,
ASN00082076,19250610,PRCP,0,,,a,
ASN00082076,19250611,PRCP,0,,,a,
ASN00082076,19250612,PRCP,0,,,a,
ASN00082076,19250613,PRCP,0,,,a,
ASN00082076,19250614,PRCP,0,,,a,
ASN00082076,19250615,PRCP,0,,,a,
ASN00082076,19250616,PRCP,0,,,a,
ASN00082076,19250617,PRCP,0,,,a,
ASN00082076,19250618,PRCP,0,,,a,
ASN00082076,19250619,PRCP,25,,,a,
ASN00082076,19250620,PRCP,0,,,a,
ASN00082076,19250621,PRCP,97,,,a,
ASN00082076,19250622,PRCP,0,,,a,
ASN00082076,19250623,PRCP,0,,,a,
ASN00082076,19250624,PRCP,0,,,a,
ASN00082076,19250625,PRCP,0,,,a,
ASN00082076,19250626,PRCP,61,,,a,
ASN00082076,19250627,PRCP,0,,,a,
ASN00082076,19250628,PRCP,0,,,a,
ASN00082076,19250629,PRCP,0,,,a,
ASN00082076,19250630,PRCP,0,,,a,
ASN00082076,19250701,PRCP,0,,,a,
ASN00082076,19250702,PRCP,0,,,a,
ASN00082076,19250703,PRCP,137,,,a,
ASN00082076,19250704,PRCP,30,,,a,
ASN00082076,19250705,PRCP,122,,,a,
ASN00082076,19250706,PRCP,33,,,a,
ASN00082076,19250707,PRCP,0,,,a,
ASN00082076,19250708,PRCP,0,,,a,
ASN00082076,19250709,PRCP,0,,,a,
ASN00082076,19250710,PRCP,0,,,a,
ASN00082076,19250711,PRCP,0,,,a,
ASN00082076,19250712,PRCP,224,,,a,
ASN00082076,19250713,PRCP,0,,,a,
ASN00082076,19250714,PRCP,0,,,a,
ASN00082076,19250715,PRCP,0,,,a,
ASN00082076,19250716,PRCP,0,,,a,
ASN00082076,19250717,PRCP,18,,,a,
ASN00082076,19250718,PRCP,58,,,a,
ASN00082076,19250719,PRCP,41,,,a,
ASN00082076,19250720,PRCP,112,,,a,
ASN00082076,19250721,PRCP,185,,,a,
ASN00082076,19250722,PRCP,20,,,a,
ASN00082076,19250723,PRCP,0,,,a,
ASN00082076,19250724,PRCP,10,,,a,
ASN00082076,19250725,PRCP,0,,,a,
ASN00082076,19250726,PRCP,0,,,a,
ASN00082076,19250727,PRCP,0,,,a,
ASN00082076,19250728,PRCP,0,,,a,
ASN00082076,19250729,PRCP,36,,,a,
ASN00082076,19250730,PRCP,104,,,a,
ASN00082076,19250731,PRCP,86,,,a,
ASN00082076,19250801,PRCP,97,,,a,
ASN00082076,19250802,PRCP,8,,,a,
ASN00082076,19250803,PRCP,0,,,a,
ASN00082076,19250804,PRCP,0,,,a,
ASN00082076,19250805,PRCP,0,,,a,
ASN00082076,19250806,PRCP,0,,,a,
ASN00082076,19250807,PRCP,0,,,a,
ASN00082076,19250808,PRCP,0,,,a,
ASN00082076,19250809,PRCP,0,,,a,
ASN00082076,19250810,PRCP,0,,,a,
ASN00082076,19250811,PRCP,0,,,a,
ASN00082076,19250812,PRCP,0,,,a,
ASN00082076,19250813,PRCP,0,,,a,
ASN00082076,19250814,PRCP,0,,,a,
ASN00082076,19250815,PRCP,0,,,a,
ASN00082076,19250816,PRCP,0,,,a,
ASN00082076,19250817,PRCP,91,,,a,
ASN00082076,19250818,PRCP,422,,,a,
ASN00082076,19250819,PRCP,20,,,a,
ASN00082076,19250820,PRCP,0,,,a,
ASN00082076,19250821,PRCP,203,,,a,
ASN00082076,19250822,PRCP,300,,,a,
ASN00082076,19250823,PRCP,97,,,a,
ASN00082076,19250824,PRCP,10,,,a,
ASN00082076,19250825,PRCP,0,,,a,
ASN00082076,19250826,PRCP,0,,,a,
ASN00082076,19250827,PRCP,0,,,a,
ASN00082076,19250828,PRCP,0,,,a,
ASN00082076,19250829,PRCP,0,,,a,
ASN00082076,19250830,PRCP,0,,,a,
ASN00082076,19250831,PRCP,0,,,a,
ASN00082076,19250901,PRCP,0,,,a,
ASN00082076,19250902,PRCP,0,,,a,
ASN00082076,19250903,PRCP,0,,,a,
ASN00082076,19250904,PRCP,0,,,a,
ASN00082076,19250905,PRCP,0,,,a,
ASN00082076,19250906,PRCP,0,,,a,
ASN00082076,19250907,PRCP,0,,,a,
ASN00082076,19250908,PRCP,0,,,a,
ASN00082076,19250909,PRCP,0,,,a,
ASN00082076,19250910,PRCP,0,,,a,
ASN00082076,19250911,PRCP,0,,,a,
ASN00082076,19250912,PRCP,0,,,a,
ASN00082076,19250913,PRCP,157,,,a,
ASN00082076,19250914,PRCP,69,,,a,
ASN00082076,19250915,PRCP,127,,,a,
ASN00082076,19250916,PRCP,64,,,a,
ASN00082076,19250917,PRCP,409,,,a,
ASN00082076,19250918,PRCP,122,,,a,
ASN00082076,19250919,PRCP,10,,,a,
ASN00082076,19250920,PRCP,0,,,a,
ASN00082076,19250921,PRCP,0,,,a,
ASN00082076,19250922,PRCP,28,,,a,
ASN00082076,19250923,PRCP,3,,,a,
ASN00082076,19250924,PRCP,0,,,a,
ASN00082076,19250925,PRCP,0,,,a,
ASN00082076,19250926,PRCP,0,,,a,
ASN00082076,19250927,PRCP,0,,,a,
ASN00082076,19250928,PRCP,155,,,a,
ASN00082076,19250929,PRCP,91,,,a,
ASN00082076,19250930,PRCP,0,,,a,
ASN00082076,19251001,PRCP,0,,,a,
ASN00082076,19251002,PRCP,18,,,a,
ASN00082076,19251003,PRCP,0,,,a,
ASN00082076,19251004,PRCP,0,,,a,
ASN00082076,19251005,PRCP,0,,,a,
ASN00082076,19251006,PRCP,0,,,a,
ASN00082076,19251007,PRCP,0,,,a,
ASN00082076,19251008,PRCP,0,,,a,
ASN00082076,19251009,PRCP,0,,,a,
ASN00082076,19251010,PRCP,41,,,a,
ASN00082076,19251011,PRCP,8,,,a,
ASN00082076,19251012,PRCP,0,,,a,
ASN00082076,19251013,PRCP,76,,,a,
ASN00082076,19251014,PRCP,0,,,a,
ASN00082076,19251015,PRCP,0,,,a,
ASN00082076,19251016,PRCP,0,,,a,
ASN00082076,19251017,PRCP,56,,,a,
ASN00082076,19251018,PRCP,46,,,a,
ASN00082076,19251019,PRCP,0,,,a,
ASN00082076,19251020,PRCP,0,,,a,
ASN00082076,19251021,PRCP,0,,,a,
ASN00082076,19251022,PRCP,0,,,a,
ASN00082076,19251023,PRCP,0,,,a,
ASN00082076,19251024,PRCP,0,,,a,
ASN00082076,19251025,PRCP,0,,,a,
ASN00082076,19251026,PRCP,0,,,a,
ASN00082076,19251027,PRCP,0,,,a,
ASN00082076,19251028,PRCP,0,,,a,
ASN00082076,19251029,PRCP,274,,,a,
ASN00082076,19251030,PRCP,0,,,a,
ASN00082076,19251031,PRCP,0,,,a,
ASN00082076,19251101,PRCP,0,,,a,
ASN00082076,19251102,PRCP,0,,,a,
ASN00082076,19251103,PRCP,0,,,a,
ASN00082076,19251104,PRCP,0,,,a,
ASN00082076,19251105,PRCP,0,,,a,
ASN00082076,19251106,PRCP,0,,,a,
ASN00082076,19251107,PRCP,0,,,a,
ASN00082076,19251108,PRCP,0,,,a,
ASN00082076,19251109,PRCP,0,,,a,
ASN00082076,19251110,PRCP,0,,,a,
ASN00082076,19251111,PRCP,0,,,a,
ASN00082076,19251112,PRCP,0,,,a,
ASN00082076,19251113,PRCP,0,,,a,
ASN00082076,19251114,PRCP,0,,,a,
ASN00082076,19251115,PRCP,8,,,a,
ASN00082076,19251116,PRCP,0,,,a,
ASN00082076,19251117,PRCP,0,,,a,
ASN00082076,19251118,PRCP,117,,,a,
ASN00082076,19251119,PRCP,183,,,a,
ASN00082076,19251120,PRCP,107,,,a,
ASN00082076,19251121,PRCP,0,,,a,
ASN00082076,19251122,PRCP,0,,,a,
ASN00082076,19251123,PRCP,25,,,a,
ASN00082076,19251124,PRCP,0,,,a,
ASN00082076,19251125,PRCP,0,,,a,
ASN00082076,19251126,PRCP,0,,,a,
ASN00082076,19251127,PRCP,0,,,a,
ASN00082076,19251128,PRCP,0,,,a,
ASN00082076,19251129,PRCP,0,,,a,
ASN00082076,19251130,PRCP,0,,,a,
ASN00082076,19251201,PRCP,0,,,a,
ASN00082076,19251202,PRCP,0,,,a,
ASN00082076,19251203,PRCP,0,,,a,
ASN00082076,19251204,PRCP,0,,,a,
ASN00082076,19251205,PRCP,0,,,a,
ASN00082076,19251206,PRCP,0,,,a,
ASN00082076,19251207,PRCP,0,,,a,
ASN00082076,19251208,PRCP,0,,,a,
ASN00082076,19251209,PRCP,0,,,a,
ASN00082076,19251210,PRCP,0,,,a,
ASN00082076,19251211,PRCP,0,,,a,
ASN00082076,19251212,PRCP,0,,,a,
ASN00082076,19251213,PRCP,0,,,a,
ASN00082076,19251214,PRCP,0,,,a,
ASN00082076,19251215,PRCP,0,,,a,
ASN00082076,19251216,PRCP,0,,,a,
ASN00082076,19251217,PRCP,0,,,a,
ASN00082076,19251218,PRCP,0,,,a,
ASN00082076,19251219,PRCP,0,,,a,
ASN00082076,19251220,PRCP,0,,,a,
ASN00082076,19251221,PRCP,0,,,a,
ASN00082076,19251222,PRCP,0,,,a,
ASN00082076,19251223,PRCP,15,,,a,
ASN00082076,19251224,PRCP,0,,,a,
ASN00082076,19251225,PRCP,0,,,a,
ASN00082076,19251226,PRCP,0,,,a,
ASN00082076,19251227,PRCP,0,,,a,
ASN00082076,19251228,PRCP,0,,,a,
ASN00082076,19251229,PRCP,0,,,a,
ASN00082076,19251230,PRCP,0,,,a,
ASN00082076,19251231,PRCP,0,,,a,
ASN00082076,19260101,PRCP,0,,,a,
ASN00082076,19260102,PRCP,0,,,a,
ASN00082076,19260103,PRCP,0,,,a,
ASN00082076,19260104,PRCP,15,,,a,
ASN00082076,19260105,PRCP,147,,,a,
ASN00082076,19260106,PRCP,0,,,a,
ASN00082076,19260107,PRCP,0,,,a,
ASN00082076,19260108,PRCP,0,,,a,
ASN00082076,19260109,PRCP,0,,,a,
ASN00082076,19260110,PRCP,0,,,a,
ASN00082076,19260111,PRCP,0,,,a,
ASN00082076,19260112,PRCP,0,,,a,
ASN00082076,19260113,PRCP,0,,,a,
ASN00082076,19260114,PRCP,0,,,a,
ASN00082076,19260115,PRCP,0,,,a,
ASN00082076,19260116,PRCP,0,,,a,
ASN00082076,19260117,PRCP,0,,,a,
ASN00082076,19260118,PRCP,0,,,a,
ASN00082076,19260119,PRCP,0,,,a,
ASN00082076,19260120,PRCP,0,,,a,
ASN00082076,19260121,PRCP,0,,,a,
ASN00082076,19260122,PRCP,0,,,a,
ASN00082076,19260123,PRCP,0,,,a,
ASN00082076,19260124,PRCP,0,,,a,
ASN00082076,19260125,PRCP,0,,,a,
ASN00082076,19260126,PRCP,0,,,a,
ASN00082076,19260127,PRCP,0,,,a,
ASN00082076,19260128,PRCP,0,,,a,
ASN00082076,19260129,PRCP,0,,,a,
ASN00082076,19260130,PRCP,0,,,a,
ASN00082076,19260131,PRCP,0,,,a,
ASN00082076,19260201,PRCP,0,,,a,
ASN00082076,19260202,PRCP,0,,,a,
ASN00082076,19260203,PRCP,0,,,a,
ASN00082076,19260204,PRCP,0,,,a,
ASN00082076,19260205,PRCP,0,,,a,
ASN00082076,19260206,PRCP,0,,,a,
ASN00082076,19260207,PRCP,0,,,a,
ASN00082076,19260208,PRCP,0,,,a,
ASN00082076,19260209,PRCP,0,,,a,
ASN00082076,19260210,PRCP,0,,,a,
ASN00082076,19260211,PRCP,0,,,a,
ASN00082076,19260212,PRCP,0,,,a,
ASN00082076,19260213,PRCP,0,,,a,
ASN00082076,19260214,PRCP,0,,,a,
ASN00082076,19260215,PRCP,0,,,a,
ASN00082076,19260216,PRCP,0,,,a,
ASN00082076,19260217,PRCP,0,,,a,
ASN00082076,19260218,PRCP,0,,,a,
ASN00082076,19260219,PRCP,0,,,a,
ASN00082076,19260220,PRCP,0,,,a,
ASN00082076,19260221,PRCP,0,,,a,
ASN00082076,19260222,PRCP,0,,,a,
ASN00082076,19260223,PRCP,0,,,a,
ASN00082076,19260224,PRCP,0,,,a,
ASN00082076,19260225,PRCP,0,,,a,
ASN00082076,19260226,PRCP,0,,,a,
ASN00082076,19260227,PRCP,0,,,a,
ASN00082076,19260228,PRCP,0,,,a,
ASN00082076,19260301,PRCP,0,,,a,
ASN00082076,19260302,PRCP,0,,,a,
ASN00082076,19260303,PRCP,0,,,a,
ASN00082076,19260304,PRCP,0,,,a,
ASN00082076,19260305,PRCP,0,,,a,
ASN00082076,19260306,PRCP,5,,,a,
ASN00082076,19260307,PRCP,203,,,a,
ASN00082076,19260308,PRCP,0,,,a,
ASN00082076,19260309,PRCP,0,,,a,
ASN00082076,19260310,PRCP,0,,,a,
ASN00082076,19260311,PRCP,0,,,a,
ASN00082076,19260312,PRCP,0,,,a,
ASN00082076,19260313,PRCP,0,,,a,
ASN00082076,19260314,PRCP,0,,,a,
ASN00082076,19260315,PRCP,0,,,a,
ASN00082076,19260316,PRCP,0,,,a,
ASN00082076,19260317,PRCP,0,,,a,
ASN00082076,19260318,PRCP,38,,,a,
ASN00082076,19260319,PRCP,0,,,a,
ASN00082076,19260320,PRCP,0,,,a,
ASN00082076,19260321,PRCP,135,,,a,
ASN00082076,19260322,PRCP,617,,,a,
ASN00082076,19260323,PRCP,0,,,a,
ASN00082076,19260324,PRCP,0,,,a,
ASN00082076,19260325,PRCP,0,,,a,
ASN00082076,19260326,PRCP,0,,,a,
ASN00082076,19260327,PRCP,0,,,a,
ASN00082076,19260328,PRCP,0,,,a,
ASN00082076,19260329,PRCP,0,,,a,
ASN00082076,19260330,PRCP,0,,,a,
ASN00082076,19260331,PRCP,0,,,a,
ASN00082076,19260401,PRCP,0,,,a,
ASN00082076,19260402,PRCP,0,,,a,
ASN00082076,19260403,PRCP,0,,,a,
ASN00082076,19260404,PRCP,0,,,a,
ASN00082076,19260405,PRCP,20,,,a,
ASN00082076,19260406,PRCP,137,,,a,
ASN00082076,19260407,PRCP,0,,,a,
ASN00082076,19260408,PRCP,0,,,a,
ASN00082076,19260409,PRCP,0,,,a,
ASN00082076,19260410,PRCP,0,,,a,
ASN00082076,19260411,PRCP,231,,,a,
ASN00082076,19260412,PRCP,30,,,a,
ASN00082076,19260413,PRCP,0,,,a,
ASN00082076,19260414,PRCP,28,,,a,
ASN00082076,19260415,PRCP,56,,,a,
ASN00082076,19260416,PRCP,18,,,a,
ASN00082076,19260417,PRCP,0,,,a,
ASN00082076,19260418,PRCP,0,,,a,
ASN00082076,19260419,PRCP,0,,,a,
ASN00082076,19260420,PRCP,0,,,a,
ASN00082076,19260421,PRCP,0,,,a,
ASN00082076,19260422,PRCP,0,,,a,
ASN00082076,19260423,PRCP,0,,,a,
ASN00082076,19260424,PRCP,3,,,a,
ASN00082076,19260425,PRCP,323,,,a,
ASN00082076,19260426,PRCP,561,,,a,
ASN00082076,19260427,PRCP,102,,,a,
ASN00082076,19260428,PRCP,5,,,a,
ASN00082076,19260429,PRCP,0,,,a,
ASN00082076,19260430,PRCP,224,,,a,
ASN00082076,19260501,PRCP,145,,,a,
ASN00082076,19260502,PRCP,437,,,a,
ASN00082076,19260503,PRCP,246,,,a,
ASN00082076,19260504,PRCP,0,,,a,
ASN00082076,19260505,PRCP,0,,,a,
ASN00082076,19260506,PRCP,0,,,a,
ASN00082076,19260507,PRCP,0,,,a,
ASN00082076,19260508,PRCP,99,,,a,
ASN00082076,19260509,PRCP,0,,,a,
ASN00082076,19260510,PRCP,0,,,a,
ASN00082076,19260511,PRCP,61,,,a,
ASN00082076,19260512,PRCP,102,,,a,
ASN00082076,19260513,PRCP,8,,,a,
ASN00082076,19260514,PRCP,0,,,a,
ASN00082076,19260515,PRCP,0,,,a,
ASN00082076,19260516,PRCP,0,,,a,
ASN00082076,19260517,PRCP,0,,,a,
ASN00082076,19260518,PRCP,0,,,a,
ASN00082076,19260519,PRCP,0,,,a,
ASN00082076,19260520,PRCP,0,,,a,
ASN00082076,19260521,PRCP,25,,,a,
ASN00082076,19260522,PRCP,119,,,a,
ASN00082076,19260523,PRCP,38,,,a,
ASN00082076,19260524,PRCP,84,,,a,
ASN00082076,19260525,PRCP,0,,,a,
ASN00082076,19260526,PRCP,48,,,a,
ASN00082076,19260527,PRCP,18,,,a,
ASN00082076,19260528,PRCP,0,,,a,
ASN00082076,19260529,PRCP,0,,,a,
ASN00082076,19260530,PRCP,0,,,a,
ASN00082076,19260531,PRCP,102,,,a,
ASN00082076,19260601,PRCP,0,,,a,
ASN00082076,19260602,PRCP,53,,,a,
ASN00082076,19260603,PRCP,102,,,a,
ASN00082076,19260604,PRCP,28,,,a,
ASN00082076,19260605,PRCP,208,,,a,
ASN00082076,19260606,PRCP,0,,,a,
ASN00082076,19260607,PRCP,10,,,a,
ASN00082076,19260608,PRCP,0,,,a,
ASN00082076,19260609,PRCP,0,,,a,
ASN00082076,19260610,PRCP,0,,,a,
ASN00082076,19260611,PRCP,0,,,a,
ASN00082076,19260612,PRCP,0,,,a,
ASN00082076,19260613,PRCP,0,,,a,
ASN00082076,19260614,PRCP,0,,,a,
ASN00082076,19260615,PRCP,0,,,a,
ASN00082076,19260616,PRCP,0,,,a,
ASN00082076,19260617,PRCP,0,,,a,
ASN00082076,19260618,PRCP,0,,,a,
ASN00082076,19260619,PRCP,0,,,a,
ASN00082076,19260620,PRCP,0,,,a,
ASN00082076,19260621,PRCP,0,,,a,
ASN00082076,19260622,PRCP,0,,,a,
ASN00082076,19260623,PRCP,432,,,a,
ASN00082076,19260624,PRCP,117,,,a,
ASN00082076,19260625,PRCP,127,,,a,
ASN00082076,19260626,PRCP,23,,,a,
ASN00082076,19260627,PRCP,28,,,a,
ASN00082076,19260628,PRCP,51,,,a,
ASN00082076,19260629,PRCP,0,,,a,
ASN00082076,19260630,PRCP,0,,,a,
ASN00082076,19260701,PRCP,0,,,a,
ASN00082076,19260702,PRCP,0,,,a,
ASN00082076,19260703,PRCP,0,,,a,
ASN00082076,19260704,PRCP,0,,,a,
ASN00082076,19260705,PRCP,0,,,a,
ASN00082076,19260706,PRCP,0,,,a,
ASN00082076,19260707,PRCP,43,,,a,
ASN00082076,19260708,PRCP,51,,,a,
ASN00082076,19260709,PRCP,0,,,a,
ASN00082076,19260710,PRCP,0,,,a,
ASN00082076,19260711,PRCP,183,,,a,
ASN00082076,19260712,PRCP,0,,,a,
ASN00082076,19260713,PRCP,81,,,a,
ASN00082076,19260714,PRCP,81,,,a,
ASN00082076,19260715,PRCP,97,,,a,
ASN00082076,19260716,PRCP,23,,,a,
ASN00082076,19260717,PRCP,8,,,a,
ASN00082076,19260718,PRCP,0,,,a,
ASN00082076,19260719,PRCP,0,,,a,
ASN00082076,19260720,PRCP,38,,,a,
ASN00082076,19260721,PRCP,0,,,a,
ASN00082076,19260722,PRCP,8,,,a,
ASN00082076,19260723,PRCP,130,,,a,
ASN00082076,19260724,PRCP,150,,,a,
ASN00082076,19260725,PRCP,0,,,a,
ASN00082076,19260726,PRCP,0,,,a,
ASN00082076,19260727,PRCP,28,,,a,
ASN00082076,19260728,PRCP,0,,,a,
ASN00082076,19260729,PRCP,20,,,a,
ASN00082076,19260730,PRCP,0,,,a,
ASN00082076,19260731,PRCP,193,,,a,
ASN00082076,19260801,PRCP,320,,,a,
ASN00082076,19260802,PRCP,89,,,a,
ASN00082076,19260803,PRCP,13,,,a,
ASN00082076,19260804,PRCP,122,,,a,
ASN00082076,19260805,PRCP,0,,,a,
ASN00082076,19260806,PRCP,0,,,a,
ASN00082076,19260807,PRCP,0,,,a,
ASN00082076,19260808,PRCP,28,,,a,
ASN00082076,19260809,PRCP,0,,,a,
ASN00082076,19260810,PRCP,30,,,a,
ASN00082076,19260811,PRCP,0,,,a,
ASN00082076,19260812,PRCP,20,,,a,
ASN00082076,19260813,PRCP,76,,,a,
ASN00082076,19260814,PRCP,0,,,a,
ASN00082076,19260815,PRCP,13,,,a,
ASN00082076,19260816,PRCP,84,,,a,
ASN00082076,19260817,PRCP,272,,,a,
ASN00082076,19260818,PRCP,79,,,a,
ASN00082076,19260819,PRCP,0,,,a,
ASN00082076,19260820,PRCP,30,,,a,
ASN00082076,19260821,PRCP,0,,,a,
ASN00082076,19260822,PRCP,0,,,a,
ASN00082076,19260823,PRCP,0,,,a,
ASN00082076,19260824,PRCP,0,,,a,
ASN00082076,19260825,PRCP,0,,,a,
ASN00082076,19260826,PRCP,140,,,a,
ASN00082076,19260827,PRCP,0,,,a,
ASN00082076,19260828,PRCP,0,,,a,
ASN00082076,19260829,PRCP,119,,,a,
ASN00082076,19260830,PRCP,160,,,a,
ASN00082076,19260831,PRCP,147,,,a,
ASN00082076,19260901,PRCP,0,,,a,
ASN00082076,19260902,PRCP,0,,,a,
ASN00082076,19260903,PRCP,0,,,a,
ASN00082076,19260904,PRCP,102,,,a,
ASN00082076,19260905,PRCP,28,,,a,
ASN00082076,19260906,PRCP,23,,,a,
ASN00082076,19260907,PRCP,0,,,a,
ASN00082076,19260908,PRCP,0,,,a,
ASN00082076,19260909,PRCP,28,,,a,
ASN00082076,19260910,PRCP,196,,,a,
ASN00082076,19260911,PRCP,0,,,a,
ASN00082076,19260912,PRCP,0,,,a,
ASN00082076,19260913,PRCP,0,,,a,
ASN00082076,19260914,PRCP,0,,,a,
ASN00082076,19260915,PRCP,0,,,a,
ASN00082076,19260916,PRCP,0,,,a,
ASN00082076,19260917,PRCP,0,,,a,
ASN00082076,19260918,PRCP,0,,,a,
ASN00082076,19260919,PRCP,0,,,a,
ASN00082076,19260920,PRCP,0,,,a,
ASN00082076,19260921,PRCP,0,,,a,
ASN00082076,19260922,PRCP,0,,,a,
ASN00082076,19260923,PRCP,0,,,a,
ASN00082076,19260924,PRCP,0,,,a,
ASN00082076,19260925,PRCP,0,,,a,
ASN00082076,19260926,PRCP,0,,,a,
ASN00082076,19260927,PRCP,0,,,a,
ASN00082076,19260928,PRCP,91,,,a,
ASN00082076,19260929,PRCP,0,,,a,
ASN00082076,19260930,PRCP,0,,,a,
ASN00082076,19261001,PRCP,0,,,a,
ASN00082076,19261002,PRCP,0,,,a,
ASN00082076,19261003,PRCP,0,,,a,
ASN00082076,19261004,PRCP,13,,,a,
ASN00082076,19261005,PRCP,41,,,a,
ASN00082076,19261006,PRCP,127,,,a,
ASN00082076,19261007,PRCP,348,,,a,
ASN00082076,19261008,PRCP,155,,,a,
ASN00082076,19261009,PRCP,0,,,a,
ASN00082076,19261010,PRCP,33,,,a,
ASN00082076,19261011,PRCP,236,,,a,
ASN00082076,19261012,PRCP,0,,,a,
ASN00082076,19261013,PRCP,0,,,a,
ASN00082076,19261014,PRCP,0,,,a,
ASN00082076,19261015,PRCP,0,,,a,
ASN00082076,19261016,PRCP,0,,,a,
ASN00082076,19261017,PRCP,0,,,a,
ASN00082076,19261018,PRCP,0,,,a,
ASN00082076,19261019,PRCP,0,,,a,
ASN00082076,19261020,PRCP,0,,,a,
ASN00082076,19261021,PRCP,0,,,a,
ASN00082076,19261022,PRCP,0,,,a,
ASN00082076,19261023,PRCP,0,,,a,
ASN00082076,19261024,PRCP,0,,,a,
ASN00082076,19261025,PRCP,97,,,a,
ASN00082076,19261026,PRCP,0,,,a,
ASN00082076,19261027,PRCP,0,,,a,
ASN00082076,19261028,PRCP,0,,,a,
ASN00082076,19261029,PRCP,0,,,a,
ASN00082076,19261030,PRCP,0,,,a,
ASN00082076,19261031,PRCP,0,,,a,
ASN00082076,19261101,PRCP,0,,,a,
ASN00082076,19261102,PRCP,0,,,a,
ASN00082076,19261103,PRCP,0,,,a,
ASN00082076,19261104,PRCP,0,,,a,
ASN00082076,19261105,PRCP,0,,,a,
ASN00082076,19261106,PRCP,0,,,a,
ASN00082076,19261107,PRCP,0,,,a,
ASN00082076,19261108,PRCP,0,,,a,
ASN00082076,19261109,PRCP,0,,,a,
ASN00082076,19261110,PRCP,107,,,a,
ASN00082076,19261111,PRCP,102,,,a,
ASN00082076,19261112,PRCP,107,,,a,
ASN00082076,19261113,PRCP,51,,,a,
ASN00082076,19261114,PRCP,0,,,a,
ASN00082076,19261115,PRCP,0,,,a,
ASN00082076,19261116,PRCP,0,,,a,
ASN00082076,19261117,PRCP,89,,,a,
ASN00082076,19261118,PRCP,86,,,a,
ASN00082076,19261119,PRCP,0,,,a,
ASN00082076,19261120,PRCP,0,,,a,
ASN00082076,19261121,PRCP,0,,,a,
ASN00082076,19261122,PRCP,0,,,a,
ASN00082076,19261123,PRCP,0,,,a,
ASN00082076,19261124,PRCP,0,,,a,
ASN00082076,19261125,PRCP,0,,,a,
ASN00082076,19261126,PRCP,0,,,a,
ASN00082076,19261127,PRCP,0,,,a,
ASN00082076,19261128,PRCP,0,,,a,
ASN00082076,19261129,PRCP,0,,,a,
ASN00082076,19261130,PRCP,0,,,a,
ASN00082076,19261201,PRCP,0,,,a,
ASN00082076,19261202,PRCP,0,,,a,
ASN00082076,19261203,PRCP,0,,,a,
ASN00082076,19261204,PRCP,0,,,a,
ASN00082076,19261205,PRCP,0,,,a,
ASN00082076,19261206,PRCP,254,,,a,
ASN00082076,19261207,PRCP,0,,,a,
ASN00082076,19261208,PRCP,0,,,a,
ASN00082076,19261209,PRCP,0,,,a,
ASN00082076,19261210,PRCP,0,,,a,
ASN00082076,19261211,PRCP,8,,,a,
ASN00082076,19261212,PRCP,0,,,a,
ASN00082076,19261213,PRCP,0,,,a,
ASN00082076,19261214,PRCP,0,,,a,
ASN00082076,19261215,PRCP,0,,,a,
ASN00082076,19261216,PRCP,0,,,a,
ASN00082076,19261217,PRCP,0,,,a,
ASN00082076,19261218,PRCP,140,,,a,
ASN00082076,19261219,PRCP,0,,,a,
ASN00082076,19261220,PRCP,0,,,a,
ASN00082076,19261221,PRCP,0,,,a,
ASN00082076,19261222,PRCP,150,,,a,
ASN00082076,19261223,PRCP,160,,,a,
ASN00082076,19261224,PRCP,0,,,a,
ASN00082076,19261225,PRCP,0,,,a,
ASN00082076,19261226,PRCP,0,,,a,
ASN00082076,19261227,PRCP,0,,,a,
ASN00082076,19261228,PRCP,0,,,a,
ASN00082076,19261229,PRCP,0,,,a,
ASN00082076,19261230,PRCP,0,,,a,
ASN00082076,19261231,PRCP,0,,,a,
ASN00082076,19270101,PRCP,0,,,a,
ASN00082076,19270102,PRCP,0,,,a,
ASN00082076,19270103,PRCP,0,,,a,
ASN00082076,19270104,PRCP,0,,,a,
ASN00082076,19270105,PRCP,592,,,a,
ASN00082076,19270106,PRCP,0,,,a,
ASN00082076,19270107,PRCP,0,,,a,
ASN00082076,19270108,PRCP,0,,,a,
ASN00082076,19270109,PRCP,0,,,a,
ASN00082076,19270110,PRCP,0,,,a,
ASN00082076,19270111,PRCP,0,,,a,
ASN00082076,19270112,PRCP,0,,,a,
ASN00082076,19270113,PRCP,25,,,a,
ASN00082076,19270114,PRCP,0,,,a,
ASN00082076,19270115,PRCP,0,,,a,
ASN00082076,19270116,PRCP,0,,,a,
ASN00082076,19270117,PRCP,0,,,a,
ASN00082076,19270118,PRCP,254,,,a,
ASN00082076,19270119,PRCP,0,,,a,
ASN00082076,19270120,PRCP,0,,,a,
ASN00082076,19270121,PRCP,25,,,a,
ASN00082076,19270122,PRCP,0,,,a,
ASN00082076,19270123,PRCP,0,,,a,
ASN00082076,19270124,PRCP,0,,,a,
ASN00082076,19270125,PRCP,0,,,a,
ASN00082076,19270126,PRCP,0,,,a,
ASN00082076,19270127,PRCP,38,,,a,
ASN00082076,19270128,PRCP,0,,,a,
ASN00082076,19270129,PRCP,0,,,a,
ASN00082076,19270130,PRCP,0,,,a,
ASN00082076,19270131,PRCP,0,,,a,
ASN00082076,19270201,PRCP,0,,,a,
ASN00082076,19270202,PRCP,0,,,a,
ASN00082076,19270203,PRCP,20,,,a,
ASN00082076,19270204,PRCP,0,,,a,
ASN00082076,19270205,PRCP,0,,,a,
ASN00082076,19270206,PRCP,102,,,a,
ASN00082076,19270207,PRCP,0,,,a,
ASN00082076,19270208,PRCP,0,,,a,
ASN00082076,19270209,PRCP,0,,,a,
ASN00082076,19270210,PRCP,0,,,a,
ASN00082076,19270211,PRCP,0,,,a,
ASN00082076,19270212,PRCP,0,,,a,
ASN00082076,19270213,PRCP,0,,,a,
ASN00082076,19270214,PRCP,0,,,a,
ASN00082076,19270215,PRCP,0,,,a,
ASN00082076,19270216,PRCP,0,,,a,
ASN00082076,19270217,PRCP,0,,,a,
ASN00082076,19270218,PRCP,8,,,a,
ASN00082076,19270219,PRCP,0,,,a,
ASN00082076,19270220,PRCP,0,,,a,
ASN00082076,19270221,PRCP,0,,,a,
ASN00082076,19270222,PRCP,0,,,a,
ASN00082076,19270223,PRCP,86,,,a,
ASN00082076,19270224,PRCP,0,,,a,
ASN00082076,19270225,PRCP,0,,,a,
ASN00082076,19270226,PRCP,0,,,a,
ASN00082076,19270227,PRCP,0,,,a,
ASN00082076,19270228,PRCP,0,,,a,
ASN00082076,19270301,PRCP,0,,,a,
ASN00082076,19270302,PRCP,0,,,a,
ASN00082076,19270303,PRCP,0,,,a,
ASN00082076,19270304,PRCP,0,,,a,
ASN00082076,19270305,PRCP,0,,,a,
ASN00082076,19270306,PRCP,0,,,a,
ASN00082076,19270307,PRCP,0,,,a,
ASN00082076,19270308,PRCP,0,,,a,
ASN00082076,19270309,PRCP,0,,,a,
ASN00082076,19270310,PRCP,0,,,a,
ASN00082076,19270311,PRCP,0,,,a,
ASN00082076,19270312,PRCP,0,,,a,
ASN00082076,19270313,PRCP,0,,,a,
ASN00082076,19270314,PRCP,0,,,a,
ASN00082076,19270315,PRCP,0,,,a,
ASN00082076,19270316,PRCP,0,,,a,
ASN00082076,19270317,PRCP,0,,,a,
ASN00082076,19270318,PRCP,0,,,a,
ASN00082076,19270319,PRCP,71,,,a,
ASN00082076,19270320,PRCP,0,,,a,
ASN00082076,19270321,PRCP,0,,,a,
ASN00082076,19270322,PRCP,0,,,a,
ASN00082076,19270323,PRCP,30,,,a,
ASN00082076,19270324,PRCP,0,,,a,
ASN00082076,19270325,PRCP,0,,,a,
ASN00082076,19270326,PRCP,0,,,a,
ASN00082076,19270327,PRCP,0,,,a,
ASN00082076,19270328,PRCP,0,,,a,
ASN00082076,19270329,PRCP,0,,,a,
ASN00082076,19270330,PRCP,0,,,a,
ASN00082076,19270331,PRCP,0,,,a,
ASN00082076,19270501,PRCP,0,,,a,
ASN00082076,19270502,PRCP,0,,,a,
ASN00082076,19270503,PRCP,3,,,a,
ASN00082076,19270504,PRCP,28,,,a,
ASN00082076,19270505,PRCP,114,,,a,
ASN00082076,19270506,PRCP,0,,,a,
ASN00082076,19270507,PRCP,0,,,a,
ASN00082076,19270508,PRCP,0,,,a,
ASN00082076,19270509,PRCP,0,,,a,
ASN00082076,19270510,PRCP,0,,,a,
ASN00082076,19270511,PRCP,0,,,a,
ASN00082076,19270512,PRCP,165,,,a,
ASN00082076,19270513,PRCP,0,,,a,
ASN00082076,19270514,PRCP,0,,,a,
ASN00082076,19270515,PRCP,0,,,a,
ASN00082076,19270516,PRCP,0,,,a,
ASN00082076,19270517,PRCP,104,,,a,
ASN00082076,19270518,PRCP,216,,,a,
ASN00082076,19270519,PRCP,18,,,a,
ASN00082076,19270520,PRCP,41,,,a,
ASN00082076,19270521,PRCP,0,,,a,
ASN00082076,19270522,PRCP,0,,,a,
ASN00082076,19270523,PRCP,48,,,a,
ASN00082076,19270524,PRCP,239,,,a,
ASN00082076,19270525,PRCP,137,,,a,
ASN00082076,19270526,PRCP,147,,,a,
ASN00082076,19270527,PRCP,3,,,a,
ASN00082076,19270528,PRCP,0,,,a,
ASN00082076,19270529,PRCP,0,,,a,
ASN00082076,19270530,PRCP,0,,,a,
ASN00082076,19270531,PRCP,0,,,a,
ASN00082076,19270601,PRCP,0,,,a,
ASN00082076,19270602,PRCP,0,,,a,
ASN00082076,19270603,PRCP,0,,,a,
ASN00082076,19270604,PRCP,79,,,a,
ASN00082076,19270605,PRCP,0,,,a,
ASN00082076,19270606,PRCP,0,,,a,
ASN00082076,19270607,PRCP,0,,,a,
ASN00082076,19270608,PRCP,0,,,a,
ASN00082076,19270609,PRCP,0,,,a,
ASN00082076,19270610,PRCP,0,,,a,
ASN00082076,19270611,PRCP,0,,,a,
ASN00082076,19270612,PRCP,0,,,a,
ASN00082076,19270613,PRCP,0,,,a,
ASN00082076,19270614,PRCP,0,,,a,
ASN00082076,19270615,PRCP,0,,,a,
ASN00082076,19270616,PRCP,0,,,a,
ASN00082076,19270617,PRCP,0,,,a,
ASN00082076,19270618,PRCP,0,,,a,
ASN00082076,19270619,PRCP,74,,,a,
ASN00082076,19270620,PRCP,229,,,a,
ASN00082076,19270621,PRCP,122,,,a,
ASN00082076,19270622,PRCP,0,,,a,
ASN00082076,19270623,PRCP,0,,,a,
ASN00082076,19270624,PRCP,0,,,a,
ASN00082076,19270625,PRCP,0,,,a,
ASN00082076,19270626,PRCP,0,,,a,
ASN00082076,19270627,PRCP,0,,,a,
ASN00082076,19270628,PRCP,0,,,a,
ASN00082076,19270629,PRCP,0,,,a,
ASN00082076,19270630,PRCP,0,,,a,
ASN00082076,19270701,PRCP,0,,,a,
ASN00082076,19270702,PRCP,0,,,a,
ASN00082076,19270703,PRCP,193,,,a,
ASN00082076,19270704,PRCP,213,,,a,
ASN00082076,19270705,PRCP,0,,,a,
ASN00082076,19270706,PRCP,64,,,a,
ASN00082076,19270707,PRCP,368,,,a,
ASN00082076,19270708,PRCP,157,,,a,
ASN00082076,19270709,PRCP,107,,,a,
ASN00082076,19270710,PRCP,0,,,a,
ASN00082076,19270711,PRCP,0,,,a,
ASN00082076,19270712,PRCP,0,,,a,
ASN00082076,19270713,PRCP,8,,,a,
ASN00082076,19270714,PRCP,0,,,a,
ASN00082076,19270715,PRCP,0,,,a,
ASN00082076,19270716,PRCP,0,,,a,
ASN00082076,19270717,PRCP,18,,,a,
ASN00082076,19270718,PRCP,20,,,a,
ASN00082076,19270719,PRCP,51,,,a,
ASN00082076,19270720,PRCP,0,,,a,
ASN00082076,19270721,PRCP,25,,,a,
ASN00082076,19270722,PRCP,20,,,a,
ASN00082076,19270723,PRCP,0,,,a,
ASN00082076,19270724,PRCP,114,,,a,
ASN00082076,19270725,PRCP,104,,,a,
ASN00082076,19270726,PRCP,0,,,a,
ASN00082076,19270727,PRCP,8,,,a,
ASN00082076,19270728,PRCP,0,,,a,
ASN00082076,19270729,PRCP,0,,,a,
ASN00082076,19270730,PRCP,0,,,a,
ASN00082076,19270731,PRCP,0,,,a,
ASN00082076,19270801,PRCP,203,,,a,
ASN00082076,19270802,PRCP,185,,,a,
ASN00082076,19270803,PRCP,0,,,a,
ASN00082076,19270804,PRCP,119,,,a,
ASN00082076,19270805,PRCP,432,,,a,
ASN00082076,19270806,PRCP,356,,,a,
ASN00082076,19270807,PRCP,0,,,a,
ASN00082076,19270808,PRCP,203,,,a,
ASN00082076,19270809,PRCP,178,,,a,
ASN00082076,19270810,PRCP,25,,,a,
ASN00082076,19270811,PRCP,0,,,a,
ASN00082076,19270812,PRCP,20,,,a,
ASN00082076,19270813,PRCP,0,,,a,
ASN00082076,19270814,PRCP,94,,,a,
ASN00082076,19270815,PRCP,0,,,a,
ASN00082076,19270816,PRCP,0,,,a,
ASN00082076,19270817,PRCP,0,,,a,
ASN00082076,19270818,PRCP,0,,,a,
ASN00082076,19270819,PRCP,56,,,a,
ASN00082076,19270820,PRCP,41,,,a,
ASN00082076,19270821,PRCP,0,,,a,
ASN00082076,19270822,PRCP,15,,,a,
ASN00082076,19270823,PRCP,0,,,a,
ASN00082076,19270824,PRCP,0,,,a,
ASN00082076,19270825,PRCP,0,,,a,
ASN00082076,19270826,PRCP,0,,,a,
ASN00082076,19270827,PRCP,5,,,a,
ASN00082076,19270828,PRCP,61,,,a,
ASN00082076,19270829,PRCP,351,,,a,
ASN00082076,19270830,PRCP,0,,,a,
ASN00082076,19270831,PRCP,0,,,a,
ASN00082076,19270901,PRCP,30,,,a,
ASN00082076,19270902,PRCP,0,,,a,
ASN00082076,19270903,PRCP,0,,,a,
ASN00082076,19270904,PRCP,0,,,a,
ASN00082076,19270905,PRCP,13,,,a,
ASN00082076,19270906,PRCP,0,,,a,
ASN00082076,19270907,PRCP,0,,,a,
ASN00082076,19270908,PRCP,0,,,a,
ASN00082076,19270909,PRCP,13,,,a,
ASN00082076,19270910,PRCP,0,,,a,
ASN00082076,19270911,PRCP,0,,,a,
ASN00082076,19270912,PRCP,0,,,a,
ASN00082076,19270913,PRCP,0,,,a,
ASN00082076,19270914,PRCP,0,,,a,
ASN00082076,19270915,PRCP,0,,,a,
ASN00082076,19270916,PRCP,0,,,a,
ASN00082076,19270917,PRCP,0,,,a,
ASN00082076,19270918,PRCP,0,,,a,
ASN00082076,19270919,PRCP,0,,,a,
ASN00082076,19270920,PRCP,0,,,a,
ASN00082076,19270921,PRCP,0,,,a,
ASN00082076,19270922,PRCP,5,,,a,
ASN00082076,19270923,PRCP,25,,,a,
ASN00082076,19270924,PRCP,114,,,a,
ASN00082076,19270925,PRCP,13,,,a,
ASN00082076,19270926,PRCP,0,,,a,
ASN00082076,19270927,PRCP,0,,,a,
ASN00082076,19270928,PRCP,0,,,a,
ASN00082076,19270929,PRCP,33,,,a,
ASN00082076,19270930,PRCP,0,,,a,
ASN00082076,19271001,PRCP,399,,,a,
ASN00082076,19271002,PRCP,1041,,,a,
ASN00082076,19271003,PRCP,0,,,a,
ASN00082076,19271004,PRCP,0,,,a,
ASN00082076,19271005,PRCP,0,,,a,
ASN00082076,19271006,PRCP,0,,,a,
ASN00082076,19271007,PRCP,0,,,a,
ASN00082076,19271008,PRCP,0,,,a,
ASN00082076,19271009,PRCP,0,,,a,
ASN00082076,19271010,PRCP,0,,,a,
ASN00082076,19271011,PRCP,191,,,a,
ASN00082076,19271012,PRCP,0,,,a,
ASN00082076,19271013,PRCP,69,,,a,
ASN00082076,19271014,PRCP,0,,,a,
ASN00082076,19271015,PRCP,0,,,a,
ASN00082076,19271016,PRCP,20,,,a,
ASN00082076,19271017,PRCP,0,,,a,
ASN00082076,19271018,PRCP,0,,,a,
ASN00082076,19271019,PRCP,0,,,a,
ASN00082076,19271020,PRCP,152,,,a,
ASN00082076,19271021,PRCP,267,,,a,
ASN00082076,19271022,PRCP,0,,,a,
ASN00082076,19271023,PRCP,0,,,a,
ASN00082076,19271024,PRCP,0,,,a,
ASN00082076,19271025,PRCP,114,,,a,
ASN00082076,19271026,PRCP,0,,,a,
ASN00082076,19271027,PRCP,221,,,a,
ASN00082076,19271028,PRCP,0,,,a,
ASN00082076,19271029,PRCP,0,,,a,
ASN00082076,19271030,PRCP,0,,,a,
ASN00082076,19271031,PRCP,0,,,a,
ASN00082076,19271101,PRCP,15,,,a,
ASN00082076,19271102,PRCP,89,,,a,
ASN00082076,19271103,PRCP,10,,,a,
ASN00082076,19271104,PRCP,0,,,a,
ASN00082076,19271105,PRCP,0,,,a,
ASN00082076,19271106,PRCP,0,,,a,
ASN00082076,19271107,PRCP,0,,,a,
ASN00082076,19271108,PRCP,0,,,a,
ASN00082076,19271109,PRCP,0,,,a,
ASN00082076,19271110,PRCP,0,,,a,
ASN00082076,19271111,PRCP,0,,,a,
ASN00082076,19271112,PRCP,0,,,a,
ASN00082076,19271113,PRCP,0,,,a,
ASN00082076,19271114,PRCP,0,,,a,
ASN00082076,19271115,PRCP,0,,,a,
ASN00082076,19271116,PRCP,0,,,a,
ASN00082076,19271117,PRCP,0,,,a,
ASN00082076,19271118,PRCP,0,,,a,
ASN00082076,19271119,PRCP,0,,,a,
ASN00082076,19271120,PRCP,0,,,a,
ASN00082076,19271121,PRCP,0,,,a,
ASN00082076,19271122,PRCP,0,,,a,
ASN00082076,19271123,PRCP,0,,,a,
ASN00082076,19271124,PRCP,211,,,a,
ASN00082076,19271125,PRCP,0,,,a,
ASN00082076,19271126,PRCP,25,,,a,
ASN00082076,19271127,PRCP,0,,,a,
ASN00082076,19271128,PRCP,0,,,a,
ASN00082076,19271129,PRCP,0,,,a,
ASN00082076,19271130,PRCP,0,,,a,
ASN00082076,19271201,PRCP,0,,,a,
ASN00082076,19271202,PRCP,0,,,a,
ASN00082076,19271203,PRCP,10,,,a,
ASN00082076,19271204,PRCP,0,,,a,
ASN00082076,19271205,PRCP,0,,,a,
ASN00082076,19271206,PRCP,0,,,a,
ASN00082076,19271207,PRCP,0,,,a,
ASN00082076,19271208,PRCP,0,,,a,
ASN00082076,19271209,PRCP,0,,,a,
ASN00082076,19271210,PRCP,165,,,a,
ASN00082076,19271211,PRCP,0,,,a,
ASN00082076,19271212,PRCP,0,,,a,
ASN00082076,19271213,PRCP,0,,,a,
ASN00082076,19271214,PRCP,0,,,a,
ASN00082076,19271215,PRCP,0,,,a,
ASN00082076,19271216,PRCP,8,,,a,
ASN00082076,19271217,PRCP,0,,,a,
ASN00082076,19271218,PRCP,0,,,a,
ASN00082076,19271219,PRCP,30,,,a,
ASN00082076,19271220,PRCP,0,,,a,
ASN00082076,19271221,PRCP,0,,,a,
ASN00082076,19271222,PRCP,0,,,a,
ASN00082076,19271223,PRCP,0,,,a,
ASN00082076,19271224,PRCP,0,,,a,
ASN00082076,19271225,PRCP,0,,,a,
ASN00082076,19271226,PRCP,10,,,a,
ASN00082076,19271227,PRCP,0,,,a,
ASN00082076,19271228,PRCP,0,,,a,
ASN00082076,19271229,PRCP,0,,,a,
ASN00082076,19271230,PRCP,0,,,a,
ASN00082076,19271231,PRCP,0,,,a,
ASN00082076,19280101,PRCP,0,,,a,
ASN00082076,19280102,PRCP,0,,,a,
ASN00082076,19280103,PRCP,0,,,a,
ASN00082076,19280104,PRCP,0,,,a,
ASN00082076,19280105,PRCP,0,,,a,
ASN00082076,19280106,PRCP,0,,,a,
ASN00082076,19280107,PRCP,0,,,a,
ASN00082076,19280108,PRCP,0,,,a,
ASN00082076,19280109,PRCP,0,,,a,
ASN00082076,19280110,PRCP,0,,,a,
ASN00082076,19280111,PRCP,0,,,a,
ASN00082076,19280112,PRCP,0,,,a,
ASN00082076,19280113,PRCP,0,,,a,
ASN00082076,19280114,PRCP,0,,,a,
ASN00082076,19280115,PRCP,0,,,a,
ASN00082076,19280116,PRCP,0,,,a,
ASN00082076,19280117,PRCP,0,,,a,
ASN00082076,19280118,PRCP,43,,,a,
ASN00082076,19280119,PRCP,302,,,a,
ASN00082076,19280120,PRCP,30,,,a,
ASN00082076,19280121,PRCP,33,,,a,
ASN00082076,19280122,PRCP,0,,,a,
ASN00082076,19280123,PRCP,25,,,a,
ASN00082076,19280124,PRCP,0,,,a,
ASN00082076,19280125,PRCP,0,,,a,
ASN00082076,19280126,PRCP,0,,,a,
ASN00082076,19280127,PRCP,0,,,a,
ASN00082076,19280128,PRCP,94,,,a,
ASN00082076,19280129,PRCP,0,,,a,
ASN00082076,19280130,PRCP,0,,,a,
ASN00082076,19280131,PRCP,0,,,a,
ASN00082076,19280201,PRCP,0,,,a,
ASN00082076,19280202,PRCP,8,,,a,
ASN00082076,19280203,PRCP,0,,,a,
ASN00082076,19280204,PRCP,191,,,a,
ASN00082076,19280205,PRCP,51,,,a,
ASN00082076,19280206,PRCP,0,,,a,
ASN00082076,19280207,PRCP,0,,,a,
ASN00082076,19280208,PRCP,0,,,a,
ASN00082076,19280209,PRCP,0,,,a,
ASN00082076,19280210,PRCP,0,,,a,
ASN00082076,19280211,PRCP,53,,,a,
ASN00082076,19280212,PRCP,0,,,a,
ASN00082076,19280213,PRCP,178,,,a,
ASN00082076,19280214,PRCP,0,,,a,
ASN00082076,19280215,PRCP,0,,,a,
ASN00082076,19280216,PRCP,91,,,a,
ASN00082076,19280217,PRCP,351,,,a,
ASN00082076,19280218,PRCP,404,,,a,
ASN00082076,19280219,PRCP,91,,,a,
ASN00082076,19280220,PRCP,152,,,a,
ASN00082076,19280221,PRCP,0,,,a,
ASN00082076,19280222,PRCP,0,,,a,
ASN00082076,19280223,PRCP,43,,,a,
ASN00082076,19280224,PRCP,0,,,a,
ASN00082076,19280225,PRCP,0,,,a,
ASN00082076,19280226,PRCP,0,,,a,
ASN00082076,19280227,PRCP,0,,,a,
ASN00082076,19280228,PRCP,0,,,a,
ASN00082076,19280229,PRCP,0,,,a,
ASN00082076,19280301,PRCP,0,,,a,
ASN00082076,19280302,PRCP,28,,,a,
ASN00082076,19280303,PRCP,51,,,a,
ASN00082076,19280304,PRCP,0,,,a,
ASN00082076,19280305,PRCP,0,,,a,
ASN00082076,19280306,PRCP,0,,,a,
ASN00082076,19280307,PRCP,0,,,a,
ASN00082076,19280308,PRCP,0,,,a,
ASN00082076,19280309,PRCP,0,,,a,
ASN00082076,19280310,PRCP,0,,,a,
ASN00082076,19280311,PRCP,0,,,a,
ASN00082076,19280312,PRCP,0,,,a,
ASN00082076,19280313,PRCP,0,,,a,
ASN00082076,19280314,PRCP,254,,,a,
ASN00082076,19280315,PRCP,104,,,a,
ASN00082076,19280316,PRCP,18,,,a,
ASN00082076,19280317,PRCP,30,,,a,
ASN00082076,19280318,PRCP,23,,,a,
ASN00082076,19280319,PRCP,0,,,a,
ASN00082076,19280320,PRCP,0,,,a,
ASN00082076,19280321,PRCP,178,,,a,
ASN00082076,19280322,PRCP,0,,,a,
ASN00082076,19280323,PRCP,0,,,a,
ASN00082076,19280324,PRCP,0,,,a,
ASN00082076,19280325,PRCP,282,,,a,
ASN00082076,19280326,PRCP,178,,,a,
ASN00082076,19280327,PRCP,0,,,a,
ASN00082076,19280328,PRCP,0,,,a,
ASN00082076,19280329,PRCP,130,,,a,
ASN00082076,19280330,PRCP,74,,,a,
ASN00082076,19280331,PRCP,0,,,a,
ASN00082076,19280401,PRCP,0,,,a,
ASN00082076,19280402,PRCP,0,,,a,
ASN00082076,19280403,PRCP,0,,,a,
ASN00082076,19280404,PRCP,183,,,a,
ASN00082076,19280405,PRCP,18,,,a,
ASN00082076,19280406,PRCP,0,,,a,
ASN00082076,19280407,PRCP,0,,,a,
ASN00082076,19280408,PRCP,0,,,a,
ASN00082076,19280409,PRCP,0,,,a,
ASN00082076,19280410,PRCP,0,,,a,
ASN00082076,19280411,PRCP,0,,,a,
ASN00082076,19280412,PRCP,0,,,a,
ASN00082076,19280413,PRCP,0,,,a,
ASN00082076,19280414,PRCP,0,,,a,
ASN00082076,19280415,PRCP,0,,,a,
ASN00082076,19280416,PRCP,0,,,a,
ASN00082076,19280417,PRCP,0,,,a,
ASN00082076,19280418,PRCP,0,,,a,
ASN00082076,19280419,PRCP,0,,,a,
ASN00082076,19280420,PRCP,0,,,a,
ASN00082076,19280421,PRCP,0,,,a,
ASN00082076,19280422,PRCP,0,,,a,
ASN00082076,19280423,PRCP,0,,,a,
ASN00082076,19280424,PRCP,0,,,a,
ASN00082076,19280425,PRCP,25,,,a,
ASN00082076,19280426,PRCP,8,,,a,
ASN00082076,19280427,PRCP,122,,,a,
ASN00082076,19280428,PRCP,0,,,a,
ASN00082076,19280429,PRCP,28,,,a,
ASN00082076,19280430,PRCP,0,,,a,
ASN00082076,19280501,PRCP,0,,,a,
ASN00082076,19280502,PRCP,0,,,a,
ASN00082076,19280503,PRCP,0,,,a,
ASN00082076,19280504,PRCP,0,,,a,
ASN00082076,19280505,PRCP,0,,,a,
ASN00082076,19280506,PRCP,0,,,a,
ASN00082076,19280507,PRCP,0,,,a,
ASN00082076,19280508,PRCP,0,,,a,
ASN00082076,19280509,PRCP,0,,,a,
ASN00082076,19280510,PRCP,0,,,a,
ASN00082076,19280511,PRCP,422,,,a,
ASN00082076,19280512,PRCP,51,,,a,
ASN00082076,19280513,PRCP,254,,,a,
ASN00082076,19280514,PRCP,122,,,a,
ASN00082076,19280515,PRCP,10,,,a,
ASN00082076,19280516,PRCP,71,,,a,
ASN00082076,19280517,PRCP,0,,,a,
ASN00082076,19280518,PRCP,0,,,a,
ASN00082076,19280519,PRCP,0,,,a,
ASN00082076,19280520,PRCP,0,,,a,
ASN00082076,19280521,PRCP,0,,,a,
ASN00082076,19280522,PRCP,0,,,a,
ASN00082076,19280523,PRCP,0,,,a,
ASN00082076,19280524,PRCP,0,,,a,
ASN00082076,19280525,PRCP,0,,,a,
ASN00082076,19280526,PRCP,0,,,a,
ASN00082076,19280527,PRCP,0,,,a,
ASN00082076,19280528,PRCP,0,,,a,
ASN00082076,19280529,PRCP,0,,,a,
ASN00082076,19280530,PRCP,0,,,a,
ASN00082076,19280531,PRCP,0,,,a,
ASN00082076,19280601,PRCP,0,,,a,
ASN00082076,19280602,PRCP,145,,,a,
ASN00082076,19280603,PRCP,76,,,a,
ASN00082076,19280604,PRCP,191,,,a,
ASN00082076,19280605,PRCP,89,,,a,
ASN00082076,19280606,PRCP,127,,,a,
ASN00082076,19280607,PRCP,23,,,a,
ASN00082076,19280608,PRCP,0,,,a,
ASN00082076,19280609,PRCP,0,,,a,
ASN00082076,19280610,PRCP,10,,,a,
ASN00082076,19280611,PRCP,145,,,a,
ASN00082076,19280612,PRCP,279,,,a,
ASN00082076,19280613,PRCP,56,,,a,
ASN00082076,19280614,PRCP,0,,,a,
ASN00082076,19280615,PRCP,0,,,a,
ASN00082076,19280616,PRCP,0,,,a,
ASN00082076,19280617,PRCP,0,,,a,
ASN00082076,19280618,PRCP,0,,,a,
ASN00082076,19280619,PRCP,0,,,a,
ASN00082076,19280620,PRCP,0,,,a,
ASN00082076,19280621,PRCP,0,,,a,
ASN00082076,19280622,PRCP,0,,,a,
ASN00082076,19280623,PRCP,0,,,a,
ASN00082076,19280624,PRCP,0,,,a,
ASN00082076,19280625,PRCP,0,,,a,
ASN00082076,19280626,PRCP,0,,,a,
ASN00082076,19280627,PRCP,0,,,a,
ASN00082076,19280628,PRCP,0,,,a,
ASN00082076,19280629,PRCP,0,,,a,
ASN00082076,19280630,PRCP,0,,,a,
ASN00082076,19280701,PRCP,0,,,a,
ASN00082076,19280702,PRCP,0,,,a,
ASN00082076,19280703,PRCP,0,,,a,
ASN00082076,19280704,PRCP,41,,,a,
ASN00082076,19280705,PRCP,15,,,a,
ASN00082076,19280706,PRCP,15,,,a,
ASN00082076,19280707,PRCP,0,,,a,
ASN00082076,19280708,PRCP,0,,,a,
ASN00082076,19280709,PRCP,0,,,a,
ASN00082076,19280710,PRCP,0,,,a,
ASN00082076,19280711,PRCP,0,,,a,
ASN00082076,19280712,PRCP,0,,,a,
ASN00082076,19280713,PRCP,15,,,a,
ASN00082076,19280714,PRCP,0,,,a,
ASN00082076,19280715,PRCP,0,,,a,
ASN00082076,19280716,PRCP,257,,,a,
ASN00082076,19280717,PRCP,127,,,a,
ASN00082076,19280718,PRCP,30,,,a,
ASN00082076,19280719,PRCP,107,,,a,
ASN00082076,19280720,PRCP,386,,,a,
ASN00082076,19280721,PRCP,51,,,a,
ASN00082076,19280722,PRCP,0,,,a,
ASN00082076,19280723,PRCP,0,,,a,
ASN00082076,19280724,PRCP,0,,,a,
ASN00082076,19280725,PRCP,0,,,a,
ASN00082076,19280726,PRCP,0,,,a,
ASN00082076,19280727,PRCP,0,,,a,
ASN00082076,19280728,PRCP,0,,,a,
ASN00082076,19280729,PRCP,0,,,a,
ASN00082076,19280730,PRCP,0,,,a,
ASN00082076,19280731,PRCP,0,,,a,
ASN00082076,19280801,PRCP,0,,,a,
ASN00082076,19280802,PRCP,0,,,a,
ASN00082076,19280803,PRCP,0,,,a,
ASN00082076,19280804,PRCP,0,,,a,
ASN00082076,19280805,PRCP,0,,,a,
ASN00082076,19280806,PRCP,0,,,a,
ASN00082076,19280807,PRCP,0,,,a,
ASN00082076,19280808,PRCP,0,,,a,
ASN00082076,19280809,PRCP,0,,,a,
ASN00082076,19280810,PRCP,0,,,a,
ASN00082076,19280811,PRCP,0,,,a,
ASN00082076,19280812,PRCP,0,,,a,
ASN00082076,19280813,PRCP,0,,,a,
ASN00082076,19280814,PRCP,0,,,a,
ASN00082076,19280815,PRCP,76,,,a,
ASN00082076,19280816,PRCP,0,,,a,
ASN00082076,19280817,PRCP,0,,,a,
ASN00082076,19280818,PRCP,18,,,a,
ASN00082076,19280819,PRCP,0,,,a,
ASN00082076,19280820,PRCP,66,,,a,
ASN00082076,19280821,PRCP,0,,,a,
ASN00082076,19280822,PRCP,0,,,a,
ASN00082076,19280823,PRCP,28,,,a,
ASN00082076,19280824,PRCP,10,,,a,
ASN00082076,19280825,PRCP,13,,,a,
ASN00082076,19280826,PRCP,0,,,a,
ASN00082076,19280827,PRCP,0,,,a,
ASN00082076,19280828,PRCP,0,,,a,
ASN00082076,19280829,PRCP,0,,,a,
ASN00082076,19280830,PRCP,76,,,a,
ASN00082076,19280831,PRCP,0,,,a,
ASN00082076,19280901,PRCP,0,,,a,
ASN00082076,19280902,PRCP,38,,,a,
ASN00082076,19280903,PRCP,25,,,a,
ASN00082076,19280904,PRCP,41,,,a,
ASN00082076,19280905,PRCP,104,,,a,
ASN00082076,19280906,PRCP,109,,,a,
ASN00082076,19280907,PRCP,0,,,a,
ASN00082076,19280908,PRCP,0,,,a,
ASN00082076,19280909,PRCP,0,,,a,
ASN00082076,19280910,PRCP,15,,,a,
ASN00082076,19280911,PRCP,20,,,a,
ASN00082076,19280912,PRCP,0,,,a,
ASN00082076,19280913,PRCP,234,,,a,
ASN00082076,19280914,PRCP,15,,,a,
ASN00082076,19280915,PRCP,0,,,a,
ASN00082076,19280916,PRCP,0,,,a,
ASN00082076,19280917,PRCP,0,,,a,
ASN00082076,19280918,PRCP,0,,,a,
ASN00082076,19280919,PRCP,0,,,a,
ASN00082076,19280920,PRCP,25,,,a,
ASN00082076,19280921,PRCP,0,,,a,
ASN00082076,19280922,PRCP,0,,,a,
ASN00082076,19280923,PRCP,132,,,a,
ASN00082076,19280924,PRCP,46,,,a,
ASN00082076,19280925,PRCP,38,,,a,
ASN00082076,19280926,PRCP,0,,,a,
ASN00082076,19280927,PRCP,0,,,a,
ASN00082076,19280928,PRCP,0,,,a,
ASN00082076,19280929,PRCP,0,,,a,
ASN00082076,19280930,PRCP,41,,,a,
ASN00082076,19281001,PRCP,71,,,a,
ASN00082076,19281002,PRCP,193,,,a,
ASN00082076,19281003,PRCP,193,,,a,
ASN00082076,19281004,PRCP,56,,,a,
ASN00082076,19281005,PRCP,338,,,a,
ASN00082076,19281006,PRCP,109,,,a,
ASN00082076,19281007,PRCP,0,,,a,
ASN00082076,19281008,PRCP,71,,,a,
ASN00082076,19281009,PRCP,0,,,a,
ASN00082076,19281010,PRCP,0,,,a,
ASN00082076,19281011,PRCP,0,,,a,
ASN00082076,19281012,PRCP,0,,,a,
ASN00082076,19281013,PRCP,0,,,a,
ASN00082076,19281014,PRCP,0,,,a,
ASN00082076,19281015,PRCP,643,,,a,
ASN00082076,19281016,PRCP,28,,,a,
ASN00082076,19281017,PRCP,0,,,a,
ASN00082076,19281018,PRCP,41,,,a,
ASN00082076,19281019,PRCP,0,,,a,
ASN00082076,19281020,PRCP,114,,,a,
ASN00082076,19281021,PRCP,0,,,a,
ASN00082076,19281022,PRCP,81,,,a,
ASN00082076,19281023,PRCP,264,,,a,
ASN00082076,19281024,PRCP,0,,,a,
ASN00082076,19281025,PRCP,0,,,a,
ASN00082076,19281026,PRCP,0,,,a,
ASN00082076,19281027,PRCP,102,,,a,
ASN00082076,19281028,PRCP,23,,,a,
ASN00082076,19281029,PRCP,0,,,a,
ASN00082076,19281030,PRCP,0,,,a,
ASN00082076,19281031,PRCP,0,,,a,
ASN00082076,19281101,PRCP,0,,,a,
ASN00082076,19281102,PRCP,0,,,a,
ASN00082076,19281103,PRCP,0,,,a,
ASN00082076,19281104,PRCP,114,,,a,
ASN00082076,19281105,PRCP,38,,,a,
ASN00082076,19281106,PRCP,0,,,a,
ASN00082076,19281107,PRCP,0,,,a,
ASN00082076,19281108,PRCP,0,,,a,
ASN00082076,19281109,PRCP,0,,,a,
ASN00082076,19281110,PRCP,0,,,a,
ASN00082076,19281111,PRCP,0,,,a,
ASN00082076,19281112,PRCP,0,,,a,
ASN00082076,19281113,PRCP,0,,,a,
ASN00082076,19281114,PRCP,0,,,a,
ASN00082076,19281115,PRCP,0,,,a,
ASN00082076,19281116,PRCP,0,,,a,
ASN00082076,19281117,PRCP,0,,,a,
ASN00082076,19281118,PRCP,0,,,a,
ASN00082076,19281119,PRCP,0,,,a,
ASN00082076,19281120,PRCP,0,,,a,
ASN00082076,19281121,PRCP,0,,,a,
ASN00082076,19281122,PRCP,0,,,a,
ASN00082076,19281123,PRCP,0,,,a,
ASN00082076,19281124,PRCP,0,,,a,
ASN00082076,19281125,PRCP,0,,,a,
ASN00082076,19281126,PRCP,0,,,a,
ASN00082076,19281127,PRCP,0,,,a,
ASN00082076,19281128,PRCP,0,,,a,
ASN00082076,19281129,PRCP,0,,,a,
ASN00082076,19281130,PRCP,0,,,a,
ASN00082076,19281201,PRCP,0,,,a,
ASN00082076,19281202,PRCP,0,,,a,
ASN00082076,19281203,PRCP,0,,,a,
ASN00082076,19281204,PRCP,0,,,a,
ASN00082076,19281205,PRCP,0,,,a,
ASN00082076,19281206,PRCP,0,,,a,
ASN00082076,19281207,PRCP,0,,,a,
ASN00082076,19281208,PRCP,0,,,a,
ASN00082076,19281209,PRCP,0,,,a,
ASN00082076,19281210,PRCP,0,,,a,
ASN00082076,19281211,PRCP,0,,,a,
ASN00082076,19281212,PRCP,0,,,a,
ASN00082076,19281213,PRCP,0,,,a,
ASN00082076,19281214,PRCP,0,,,a,
ASN00082076,19281215,PRCP,56,,,a,
ASN00082076,19281216,PRCP,0,,,a,
ASN00082076,19281217,PRCP,0,,,a,
ASN00082076,19281218,PRCP,0,,,a,
ASN00082076,19281219,PRCP,0,,,a,
ASN00082076,19281220,PRCP,0,,,a,
ASN00082076,19281221,PRCP,13,,,a,
ASN00082076,19281222,PRCP,178,,,a,
ASN00082076,19281223,PRCP,0,,,a,
ASN00082076,19281224,PRCP,0,,,a,
ASN00082076,19281225,PRCP,0,,,a,
ASN00082076,19281226,PRCP,0,,,a,
ASN00082076,19281227,PRCP,0,,,a,
ASN00082076,19281228,PRCP,0,,,a,
ASN00082076,19281229,PRCP,0,,,a,
ASN00082076,19281230,PRCP,0,,,a,
ASN00082076,19281231,PRCP,0,,,a,
ASN00082076,19290101,PRCP,0,,,a,
ASN00082076,19290102,PRCP,0,,,a,
ASN00082076,19290103,PRCP,0,,,a,
ASN00082076,19290104,PRCP,0,,,a,
ASN00082076,19290105,PRCP,0,,,a,
ASN00082076,19290106,PRCP,0,,,a,
ASN00082076,19290107,PRCP,0,,,a,
ASN00082076,19290108,PRCP,0,,,a,
ASN00082076,19290109,PRCP,0,,,a,
ASN00082076,19290110,PRCP,0,,,a,
ASN00082076,19290111,PRCP,0,,,a,
ASN00082076,19290112,PRCP,0,,,a,
ASN00082076,19290113,PRCP,0,,,a,
ASN00082076,19290114,PRCP,0,,,a,
ASN00082076,19290115,PRCP,0,,,a,
ASN00082076,19290116,PRCP,0,,,a,
ASN00082076,19290117,PRCP,0,,,a,
ASN00082076,19290118,PRCP,0,,,a,
ASN00082076,19290119,PRCP,0,,,a,
ASN00082076,19290120,PRCP,0,,,a,
ASN00082076,19290121,PRCP,0,,,a,
ASN00082076,19290122,PRCP,0,,,a,
ASN00082076,19290123,PRCP,0,,,a,
ASN00082076,19290124,PRCP,0,,,a,
ASN00082076,19290125,PRCP,0,,,a,
ASN00082076,19290126,PRCP,127,,,a,
ASN00082076,19290127,PRCP,0,,,a,
ASN00082076,19290128,PRCP,0,,,a,
ASN00082076,19290129,PRCP,0,,,a,
ASN00082076,19290130,PRCP,0,,,a,
ASN00082076,19290131,PRCP,76,,,a,
ASN00082076,19290201,PRCP,0,,,a,
ASN00082076,19290202,PRCP,0,,,a,
ASN00082076,19290203,PRCP,0,,,a,
ASN00082076,19290204,PRCP,0,,,a,
ASN00082076,19290205,PRCP,0,,,a,
ASN00082076,19290206,PRCP,0,,,a,
ASN00082076,19290207,PRCP,0,,,a,
ASN00082076,19290208,PRCP,0,,,a,
ASN00082076,19290209,PRCP,0,,,a,
ASN00082076,19290210,PRCP,0,,,a,
ASN00082076,19290211,PRCP,0,,,a,
ASN00082076,19290212,PRCP,0,,,a,
ASN00082076,19290213,PRCP,0,,,a,
ASN00082076,19290214,PRCP,0,,,a,
ASN00082076,19290215,PRCP,84,,,a,
ASN00082076,19290216,PRCP,69,,,a,
ASN00082076,19290217,PRCP,0,,,a,
ASN00082076,19290218,PRCP,0,,,a,
ASN00082076,19290219,PRCP,0,,,a,
ASN00082076,19290220,PRCP,0,,,a,
ASN00082076,19290221,PRCP,0,,,a,
ASN00082076,19290222,PRCP,0,,,a,
ASN00082076,19290223,PRCP,0,,,a,
ASN00082076,19290224,PRCP,0,,,a,
ASN00082076,19290225,PRCP,0,,,a,
ASN00082076,19290226,PRCP,0,,,a,
ASN00082076,19290227,PRCP,0,,,a,
ASN00082076,19290228,PRCP,0,,,a,
ASN00082076,19290301,PRCP,0,,,a,
ASN00082076,19290302,PRCP,0,,,a,
ASN00082076,19290303,PRCP,0,,,a,
ASN00082076,19290304,PRCP,0,,,a,
ASN00082076,19290305,PRCP,0,,,a,
ASN00082076,19290306,PRCP,0,,,a,
ASN00082076,19290307,PRCP,0,,,a,
ASN00082076,19290308,PRCP,0,,,a,
ASN00082076,19290309,PRCP,0,,,a,
ASN00082076,19290310,PRCP,0,,,a,
ASN00082076,19290311,PRCP,0,,,a,
ASN00082076,19290312,PRCP,0,,,a,
ASN00082076,19290313,PRCP,0,,,a,
ASN00082076,19290314,PRCP,0,,,a,
ASN00082076,19290315,PRCP,0,,,a,
ASN00082076,19290316,PRCP,0,,,a,
ASN00082076,19290317,PRCP,0,,,a,
ASN00082076,19290318,PRCP,0,,,a,
ASN00082076,19290319,PRCP,0,,,a,
ASN00082076,19290320,PRCP,0,,,a,
ASN00082076,19290321,PRCP,0,,,a,
ASN00082076,19290322,PRCP,0,,,a,
ASN00082076,19290323,PRCP,51,,,a,
ASN00082076,19290324,PRCP,30,,,a,
ASN00082076,19290325,PRCP,254,,,a,
ASN00082076,19290326,PRCP,15,,,a,
ASN00082076,19290327,PRCP,0,,,a,
ASN00082076,19290328,PRCP,0,,,a,
ASN00082076,19290329,PRCP,0,,,a,
ASN00082076,19290330,PRCP,0,,,a,
ASN00082076,19290331,PRCP,0,,,a,
ASN00082076,19290401,PRCP,0,,,a,
ASN00082076,19290402,PRCP,0,,,a,
ASN00082076,19290403,PRCP,66,,,a,
ASN00082076,19290404,PRCP,109,,,a,
ASN00082076,19290405,PRCP,218,,,a,
ASN00082076,19290406,PRCP,20,,,a,
ASN00082076,19290407,PRCP,10,,,a,
ASN00082076,19290408,PRCP,0,,,a,
ASN00082076,19290409,PRCP,0,,,a,
ASN00082076,19290410,PRCP,0,,,a,
ASN00082076,19290411,PRCP,0,,,a,
ASN00082076,19290412,PRCP,0,,,a,
ASN00082076,19290413,PRCP,0,,,a,
ASN00082076,19290414,PRCP,0,,,a,
ASN00082076,19290415,PRCP,0,,,a,
ASN00082076,19290416,PRCP,0,,,a,
ASN00082076,19290417,PRCP,0,,,a,
ASN00082076,19290418,PRCP,0,,,a,
ASN00082076,19290419,PRCP,0,,,a,
ASN00082076,19290420,PRCP,0,,,a,
ASN00082076,19290421,PRCP,0,,,a,
ASN00082076,19290422,PRCP,0,,,a,
ASN00082076,19290423,PRCP,0,,,a,
ASN00082076,19290424,PRCP,0,,,a,
ASN00082076,19290425,PRCP,56,,,a,
ASN00082076,19290426,PRCP,5,,,a,
ASN00082076,19290427,PRCP,0,,,a,
ASN00082076,19290428,PRCP,0,,,a,
ASN00082076,19290429,PRCP,0,,,a,
ASN00082076,19290430,PRCP,0,,,a,
ASN00082076,19290501,PRCP,0,,,a,
ASN00082076,19290502,PRCP,0,,,a,
ASN00082076,19290503,PRCP,0,,,a,
ASN00082076,19290504,PRCP,0,,,a,
ASN00082076,19290505,PRCP,0,,,a,
ASN00082076,19290506,PRCP,168,,,a,
ASN00082076,19290507,PRCP,89,,,a,
ASN00082076,19290508,PRCP,114,,,a,
ASN00082076,19290509,PRCP,0,,,a,
ASN00082076,19290510,PRCP,0,,,a,
ASN00082076,19290511,PRCP,0,,,a,
ASN00082076,19290512,PRCP,0,,,a,
ASN00082076,19290513,PRCP,0,,,a,
ASN00082076,19290514,PRCP,0,,,a,
ASN00082076,19290515,PRCP,0,,,a,
ASN00082076,19290516,PRCP,0,,,a,
ASN00082076,19290517,PRCP,0,,,a,
ASN00082076,19290518,PRCP,0,,,a,
ASN00082076,19290519,PRCP,0,,,a,
ASN00082076,19290520,PRCP,0,,,a,
ASN00082076,19290521,PRCP,0,,,a,
ASN00082076,19290522,PRCP,323,,,a,
ASN00082076,19290523,PRCP,53,,,a,
ASN00082076,19290524,PRCP,0,,,a,
ASN00082076,19290525,PRCP,53,,,a,
ASN00082076,19290526,PRCP,0,,,a,
ASN00082076,19290527,PRCP,0,,,a,
ASN00082076,19290528,PRCP,0,,,a,
ASN00082076,19290529,PRCP,0,,,a,
ASN00082076,19290530,PRCP,0,,,a,
ASN00082076,19290531,PRCP,0,,,a,
ASN00082076,19290601,PRCP,0,,,a,
ASN00082076,19290602,PRCP,0,,,a,
ASN00082076,19290603,PRCP,0,,,a,
ASN00082076,19290604,PRCP,61,,,a,
ASN00082076,19290605,PRCP,25,,,a,
ASN00082076,19290606,PRCP,196,,,a,
ASN00082076,19290607,PRCP,64,,,a,
ASN00082076,19290608,PRCP,25,,,a,
ASN00082076,19290609,PRCP,292,,,a,
ASN00082076,19290610,PRCP,0,,,a,
ASN00082076,19290611,PRCP,0,,,a,
ASN00082076,19290612,PRCP,0,,,a,
ASN00082076,19290613,PRCP,0,,,a,
ASN00082076,19290614,PRCP,0,,,a,
ASN00082076,19290615,PRCP,0,,,a,
ASN00082076,19290616,PRCP,0,,,a,
ASN00082076,19290617,PRCP,0,,,a,
ASN00082076,19290618,PRCP,81,,,a,
ASN00082076,19290619,PRCP,0,,,a,
ASN00082076,19290620,PRCP,0,,,a,
ASN00082076,19290621,PRCP,25,,,a,
ASN00082076,19290622,PRCP,218,,,a,
ASN00082076,19290623,PRCP,320,,,a,
ASN00082076,19290624,PRCP,48,,,a,
ASN00082076,19290625,PRCP,61,,,a,
ASN00082076,19290626,PRCP,0,,,a,
ASN00082076,19290627,PRCP,0,,,a,
ASN00082076,19290628,PRCP,0,,,a,
ASN00082076,19290629,PRCP,0,,,a,
ASN00082076,19290630,PRCP,0,,,a,
ASN00082076,19290701,PRCP,0,,,a,
ASN00082076,19290702,PRCP,33,,,a,
ASN00082076,19290703,PRCP,0,,,a,
ASN00082076,19290704,PRCP,61,,,a,
ASN00082076,19290705,PRCP,244,,,a,
ASN00082076,19290706,PRCP,0,,,a,
ASN00082076,19290707,PRCP,0,,,a,
ASN00082076,19290708,PRCP,0,,,a,
ASN00082076,19290709,PRCP,0,,,a,
ASN00082076,19290710,PRCP,0,,,a,
ASN00082076,19290711,PRCP,0,,,a,
ASN00082076,19290712,PRCP,25,,,a,
ASN00082076,19290713,PRCP,0,,,a,
ASN00082076,19290714,PRCP,0,,,a,
ASN00082076,19290715,PRCP,0,,,a,
ASN00082076,19290716,PRCP,0,,,a,
ASN00082076,19290717,PRCP,0,,,a,
ASN00082076,19290718,PRCP,0,,,a,
ASN00082076,19290719,PRCP,0,,,a,
ASN00082076,19290720,PRCP,0,,,a,
ASN00082076,19290721,PRCP,0,,,a,
ASN00082076,19290722,PRCP,94,,,a,
ASN00082076,19290723,PRCP,132,,,a,
ASN00082076,19290724,PRCP,0,,,a,
ASN00082076,19290725,PRCP,0,,,a,
ASN00082076,19290726,PRCP,0,,,a,
ASN00082076,19290727,PRCP,36,,,a,
ASN00082076,19290728,PRCP,0,,,a,
ASN00082076,19290729,PRCP,0,,,a,
ASN00082076,19290730,PRCP,0,,,a,
ASN00082076,19290731,PRCP,0,,,a,
ASN00082076,19290801,PRCP,0,,,a,
ASN00082076,19290802,PRCP,0,,,a,
ASN00082076,19290803,PRCP,0,,,a,
ASN00082076,19290804,PRCP,61,,,a,
ASN00082076,19290805,PRCP,8,,,a,
ASN00082076,19290806,PRCP,30,,,a,
ASN00082076,19290807,PRCP,0,,,a,
ASN00082076,19290808,PRCP,0,,,a,
ASN00082076,19290809,PRCP,0,,,a,
ASN00082076,19290810,PRCP,0,,,a,
ASN00082076,19290811,PRCP,0,,,a,
ASN00082076,19290812,PRCP,23,,,a,
ASN00082076,19290813,PRCP,89,,,a,
ASN00082076,19290814,PRCP,69,,,a,
ASN00082076,19290815,PRCP,38,,,a,
ASN00082076,19290816,PRCP,343,,,a,
ASN00082076,19290817,PRCP,0,,,a,
ASN00082076,19290818,PRCP,0,,,a,
ASN00082076,19290819,PRCP,0,,,a,
ASN00082076,19290820,PRCP,0,,,a,
ASN00082076,19290821,PRCP,188,,,a,
ASN00082076,19290822,PRCP,117,,,a,
ASN00082076,19290823,PRCP,51,,,a,
ASN00082076,19290824,PRCP,36,,,a,
ASN00082076,19290825,PRCP,0,,,a,
ASN00082076,19290826,PRCP,0,,,a,
ASN00082076,19290827,PRCP,0,,,a,
ASN00082076,19290828,PRCP,0,,,a,
ASN00082076,19290829,PRCP,0,,,a,
ASN00082076,19290830,PRCP,0,,,a,
ASN00082076,19290831,PRCP,0,,,a,
ASN00082076,19290901,PRCP,254,,,a,
ASN00082076,19290902,PRCP,58,,,a,
ASN00082076,19290903,PRCP,0,,,a,
ASN00082076,19290904,PRCP,0,,,a,
ASN00082076,19290905,PRCP,0,,,a,
ASN00082076,19290906,PRCP,0,,,a,
ASN00082076,19290907,PRCP,8,,,a,
ASN00082076,19290908,PRCP,69,,,a,
ASN00082076,19290909,PRCP,69,,,a,
ASN00082076,19290910,PRCP,8,,,a,
ASN00082076,19290911,PRCP,0,,,a,
ASN00082076,19290912,PRCP,0,,,a,
ASN00082076,19290913,PRCP,0,,,a,
ASN00082076,19290914,PRCP,0,,,a,
ASN00082076,19290915,PRCP,0,,,a,
ASN00082076,19290916,PRCP,0,,,a,
ASN00082076,19290917,PRCP,0,,,a,
ASN00082076,19290918,PRCP,0,,,a,
ASN00082076,19290919,PRCP,0,,,a,
ASN00082076,19290920,PRCP,0,,,a,
ASN00082076,19290921,PRCP,25,,,a,
ASN00082076,19290922,PRCP,30,,,a,
ASN00082076,19290923,PRCP,8,,,a,
ASN00082076,19290924,PRCP,0,,,a,
ASN00082076,19290925,PRCP,0,,,a,
ASN00082076,19290926,PRCP,0,,,a,
ASN00082076,19290927,PRCP,0,,,a,
ASN00082076,19290928,PRCP,406,,,a,
ASN00082076,19290929,PRCP,262,,,a,
ASN00082076,19290930,PRCP,0,,,a,
ASN00082076,19291001,PRCP,0,,,a,
ASN00082076,19291002,PRCP,109,,,a,
ASN00082076,19291003,PRCP,0,,,a,
ASN00082076,19291004,PRCP,0,,,a,
ASN00082076,19291005,PRCP,0,,,a,
ASN00082076,19291006,PRCP,0,,,a,
ASN00082076,19291007,PRCP,0,,,a,
ASN00082076,19291008,PRCP,18,,,a,
ASN00082076,19291009,PRCP,0,,,a,
ASN00082076,19291010,PRCP,0,,,a,
ASN00082076,19291011,PRCP,0,,,a,
ASN00082076,19291012,PRCP,0,,,a,
ASN00082076,19291013,PRCP,0,,,a,
ASN00082076,19291014,PRCP,0,,,a,
ASN00082076,19291015,PRCP,36,,,a,
ASN00082076,19291016,PRCP,0,,,a,
ASN00082076,19291017,PRCP,0,,,a,
ASN00082076,19291018,PRCP,56,,,a,
ASN00082076,19291019,PRCP,0,,,a,
ASN00082076,19291020,PRCP,0,,,a,
ASN00082076,19291021,PRCP,0,,,a,
ASN00082076,19291022,PRCP,0,,,a,
ASN00082076,19291023,PRCP,0,,,a,
ASN00082076,19291024,PRCP,0,,,a,
ASN00082076,19291025,PRCP,94,,,a,
ASN00082076,19291026,PRCP,13,,,a,
ASN00082076,19291027,PRCP,0,,,a,
ASN00082076,19291028,PRCP,180,,,a,
ASN00082076,19291029,PRCP,0,,,a,
ASN00082076,19291030,PRCP,51,,,a,
ASN00082076,19291031,PRCP,0,,,a,
ASN00082076,19291101,PRCP,0,,,a,
ASN00082076,19291102,PRCP,0,,,a,
ASN00082076,19291103,PRCP,0,,,a,
ASN00082076,19291104,PRCP,127,,,a,
ASN00082076,19291105,PRCP,0,,,a,
ASN00082076,19291106,PRCP,0,,,a,
ASN00082076,19291107,PRCP,0,,,a,
ASN00082076,19291108,PRCP,0,,,a,
ASN00082076,19291109,PRCP,0,,,a,
ASN00082076,19291110,PRCP,0,,,a,
ASN00082076,19291111,PRCP,0,,,a,
ASN00082076,19291112,PRCP,0,,,a,
ASN00082076,19291113,PRCP,81,,,a,
ASN00082076,19291114,PRCP,69,,,a,
ASN00082076,19291115,PRCP,0,,,a,
ASN00082076,19291116,PRCP,0,,,a,
ASN00082076,19291117,PRCP,71,,,a,
ASN00082076,19291118,PRCP,127,,,a,
ASN00082076,19291119,PRCP,0,,,a,
ASN00082076,19291120,PRCP,112,,,a,
ASN00082076,19291121,PRCP,0,,,a,
ASN00082076,19291122,PRCP,0,,,a,
ASN00082076,19291123,PRCP,0,,,a,
ASN00082076,19291124,PRCP,0,,,a,
ASN00082076,19291125,PRCP,0,,,a,
ASN00082076,19291126,PRCP,69,,,a,
ASN00082076,19291127,PRCP,0,,,a,
ASN00082076,19291128,PRCP,0,,,a,
ASN00082076,19291129,PRCP,0,,,a,
ASN00082076,19291130,PRCP,0,,,a,
ASN00082076,19291201,PRCP,0,,,a,
ASN00082076,19291202,PRCP,152,,,a,
ASN00082076,19291203,PRCP,69,,,a,
ASN00082076,19291204,PRCP,0,,,a,
ASN00082076,19291205,PRCP,0,,,a,
ASN00082076,19291206,PRCP,0,,,a,
ASN00082076,19291207,PRCP,0,,,a,
ASN00082076,19291208,PRCP,0,,,a,
ASN00082076,19291209,PRCP,0,,,a,
ASN00082076,19291210,PRCP,0,,,a,
ASN00082076,19291211,PRCP,0,,,a,
ASN00082076,19291212,PRCP,0,,,a,
ASN00082076,19291213,PRCP,0,,,a,
ASN00082076,19291214,PRCP,0,,,a,
ASN00082076,19291215,PRCP,0,,,a,
ASN00082076,19291216,PRCP,8,,,a,
ASN00082076,19291217,PRCP,0,,,a,
ASN00082076,19291218,PRCP,0,,,a,
ASN00082076,19291219,PRCP,0,,,a,
ASN00082076,19291220,PRCP,0,,,a,
ASN00082076,19291221,PRCP,0,,,a,
ASN00082076,19291222,PRCP,0,,,a,
ASN00082076,19291223,PRCP,0,,,a,
ASN00082076,19291224,PRCP,0,,,a,
ASN00082076,19291225,PRCP,0,,,a,
ASN00082076,19291226,PRCP,15,,,a,
ASN00082076,19291227,PRCP,155,,,a,
ASN00082076,19291228,PRCP,483,,,a,
ASN00082076,19291229,PRCP,0,,,a,
ASN00082076,19291230,PRCP,0,,,a,
ASN00082076,19291231,PRCP,0,,,a,
ASN00082076,19300101,PRCP,0,,,a,
ASN00082076,19300102,PRCP,0,,,a,
ASN00082076,19300103,PRCP,0,,,a,
ASN00082076,19300104,PRCP,0,,,a,
ASN00082076,19300105,PRCP,0,,,a,
ASN00082076,19300106,PRCP,0,,,a,
ASN00082076,19300107,PRCP,0,,,a,
ASN00082076,19300108,PRCP,0,,,a,
ASN00082076,19300109,PRCP,0,,,a,
ASN00082076,19300110,PRCP,0,,,a,
ASN00082076,19300111,PRCP,0,,,a,
ASN00082076,19300112,PRCP,0,,,a,
ASN00082076,19300113,PRCP,0,,,a,
ASN00082076,19300114,PRCP,0,,,a,
ASN00082076,19300115,PRCP,0,,,a,
ASN00082076,19300116,PRCP,0,,,a,
ASN00082076,19300117,PRCP,0,,,a,
ASN00082076,19300118,PRCP,0,,,a,
ASN00082076,19300119,PRCP,0,,,a,
ASN00082076,19300120,PRCP,0,,,a,
ASN00082076,19300121,PRCP,0,,,a,
ASN00082076,19300122,PRCP,0,,,a,
ASN00082076,19300123,PRCP,0,,,a,
ASN00082076,19300124,PRCP,0,,,a,
ASN00082076,19300125,PRCP,0,,,a,
ASN00082076,19300126,PRCP,0,,,a,
ASN00082076,19300127,PRCP,0,,,a,
ASN00082076,19300128,PRCP,0,,,a,
ASN00082076,19300129,PRCP,0,,,a,
ASN00082076,19300130,PRCP,0,,,a,
ASN00082076,19300131,PRCP,0,,,a,
ASN00082076,19300201,PRCP,0,,,a,
ASN00082076,19300202,PRCP,0,,,a,
ASN00082076,19300203,PRCP,0,,,a,
ASN00082076,19300204,PRCP,0,,,a,
ASN00082076,19300205,PRCP,0,,,a,
ASN00082076,19300206,PRCP,0,,,a,
ASN00082076,19300207,PRCP,0,,,a,
ASN00082076,19300208,PRCP,0,,,a,
ASN00082076,19300209,PRCP,0,,,a,
ASN00082076,19300210,PRCP,0,,,a,
ASN00082076,19300211,PRCP,0,,,a,
ASN00082076,19300212,PRCP,58,,,a,
ASN00082076,19300213,PRCP,43,,,a,
ASN00082076,19300214,PRCP,0,,,a,
ASN00082076,19300215,PRCP,0,,,a,
ASN00082076,19300216,PRCP,0,,,a,
ASN00082076,19300217,PRCP,0,,,a,
ASN00082076,19300218,PRCP,0,,,a,
ASN00082076,19300219,PRCP,0,,,a,
ASN00082076,19300220,PRCP,25,,,a,
ASN00082076,19300221,PRCP,28,,,a,
ASN00082076,19300222,PRCP,89,,,a,
ASN00082076,19300223,PRCP,0,,,a,
ASN00082076,19300224,PRCP,0,,,a,
ASN00082076,19300225,PRCP,0,,,a,
ASN00082076,19300226,PRCP,0,,,a,
ASN00082076,19300227,PRCP,0,,,a,
ASN00082076,19300228,PRCP,0,,,a,
ASN00082076,19300301,PRCP,0,,,a,
ASN00082076,19300302,PRCP,0,,,a,
ASN00082076,19300303,PRCP,0,,,a,
ASN00082076,19300304,PRCP,0,,,a,
ASN00082076,19300305,PRCP,0,,,a,
ASN00082076,19300306,PRCP,0,,,a,
ASN00082076,19300307,PRCP,25,,,a,
ASN00082076,19300308,PRCP,0,,,a,
ASN00082076,19300309,PRCP,0,,,a,
ASN00082076,19300310,PRCP,0,,,a,
ASN00082076,19300311,PRCP,0,,,a,
ASN00082076,19300312,PRCP,0,,,a,
ASN00082076,19300313,PRCP,0,,,a,
ASN00082076,19300314,PRCP,0,,,a,
ASN00082076,19300315,PRCP,0,,,a,
ASN00082076,19300316,PRCP,0,,,a,
ASN00082076,19300317,PRCP,0,,,a,
ASN00082076,19300318,PRCP,0,,,a,
ASN00082076,19300319,PRCP,0,,,a,
ASN00082076,19300320,PRCP,18,,,a,
ASN00082076,19300321,PRCP,0,,,a,
ASN00082076,19300322,PRCP,0,,,a,
ASN00082076,19300323,PRCP,0,,,a,
ASN00082076,19300324,PRCP,0,,,a,
ASN00082076,19300325,PRCP,0,,,a,
ASN00082076,19300326,PRCP,0,,,a,
ASN00082076,19300327,PRCP,0,,,a,
ASN00082076,19300328,PRCP,0,,,a,
ASN00082076,19300329,PRCP,0,,,a,
ASN00082076,19300330,PRCP,0,,,a,
ASN00082076,19300331,PRCP,0,,,a,
ASN00082076,19300401,PRCP,0,,,a,
ASN00082076,19300402,PRCP,213,,,a,
ASN00082076,19300403,PRCP,0,,,a,
ASN00082076,19300404,PRCP,0,,,a,
ASN00082076,19300405,PRCP,0,,,a,
ASN00082076,19300406,PRCP,0,,,a,
ASN00082076,19300407,PRCP,0,,,a,
ASN00082076,19300408,PRCP,0,,,a,
ASN00082076,19300409,PRCP,0,,,a,
ASN00082076,19300410,PRCP,0,,,a,
ASN00082076,19300411,PRCP,0,,,a,
ASN00082076,19300412,PRCP,0,,,a,
ASN00082076,19300413,PRCP,0,,,a,
ASN00082076,19300414,PRCP,0,,,a,
ASN00082076,19300415,PRCP,0,,,a,
ASN00082076,19300416,PRCP,0,,,a,
ASN00082076,19300417,PRCP,0,,,a,
ASN00082076,19300418,PRCP,0,,,a,
ASN00082076,19300419,PRCP,0,,,a,
ASN00082076,19300420,PRCP,0,,,a,
ASN00082076,19300421,PRCP,0,,,a,
ASN00082076,19300422,PRCP,0,,,a,
ASN00082076,19300423,PRCP,20,,,a,
ASN00082076,19300424,PRCP,135,,,a,
ASN00082076,19300425,PRCP,231,,,a,
ASN00082076,19300426,PRCP,0,,,a,
ASN00082076,19300427,PRCP,0,,,a,
ASN00082076,19300428,PRCP,0,,,a,
ASN00082076,19300429,PRCP,0,,,a,
ASN00082076,19300430,PRCP,0,,,a,
ASN00082076,19300501,PRCP,0,,,a,
ASN00082076,19300502,PRCP,0,,,a,
ASN00082076,19300503,PRCP,0,,,a,
ASN00082076,19300504,PRCP,0,,,a,
ASN00082076,19300505,PRCP,0,,,a,
ASN00082076,19300506,PRCP,0,,,a,
ASN00082076,19300507,PRCP,0,,,a,
ASN00082076,19300508,PRCP,18,,,a,
ASN00082076,19300509,PRCP,0,,,a,
ASN00082076,19300510,PRCP,140,,,a,
ASN00082076,19300511,PRCP,89,,,a,
ASN00082076,19300512,PRCP,229,,,a,
ASN00082076,19300513,PRCP,180,,,a,
ASN00082076,19300514,PRCP,20,,,a,
ASN00082076,19300515,PRCP,0,,,a,
ASN00082076,19300516,PRCP,0,,,a,
ASN00082076,19300517,PRCP,0,,,a,
ASN00082076,19300518,PRCP,0,,,a,
ASN00082076,19300519,PRCP,0,,,a,
ASN00082076,19300520,PRCP,0,,,a,
ASN00082076,19300521,PRCP,0,,,a,
ASN00082076,19300522,PRCP,0,,,a,
ASN00082076,19300523,PRCP,0,,,a,
ASN00082076,19300524,PRCP,0,,,a,
ASN00082076,19300525,PRCP,0,,,a,
ASN00082076,19300526,PRCP,0,,,a,
ASN00082076,19300527,PRCP,0,,,a,
ASN00082076,19300528,PRCP,0,,,a,
ASN00082076,19300529,PRCP,0,,,a,
ASN00082076,19300530,PRCP,0,,,a,
ASN00082076,19300531,PRCP,15,,,a,
ASN00082076,19300601,PRCP,84,,,a,
ASN00082076,19300602,PRCP,0,,,a,
ASN00082076,19300603,PRCP,165,,,a,
ASN00082076,19300604,PRCP,94,,,a,
ASN00082076,19300605,PRCP,28,,,a,
ASN00082076,19300606,PRCP,0,,,a,
ASN00082076,19300607,PRCP,41,,,a,
ASN00082076,19300608,PRCP,0,,,a,
ASN00082076,19300609,PRCP,0,,,a,
ASN00082076,19300610,PRCP,0,,,a,
ASN00082076,19300611,PRCP,0,,,a,
ASN00082076,19300612,PRCP,0,,,a,
ASN00082076,19300613,PRCP,0,,,a,
ASN00082076,19300614,PRCP,0,,,a,
ASN00082076,19300615,PRCP,0,,,a,
ASN00082076,19300616,PRCP,0,,,a,
ASN00082076,19300617,PRCP,0,,,a,
ASN00082076,19300618,PRCP,0,,,a,
ASN00082076,19300619,PRCP,0,,,a,
ASN00082076,19300620,PRCP,0,,,a,
ASN00082076,19300621,PRCP,0,,,a,
ASN00082076,19300622,PRCP,0,,,a,
ASN00082076,19300623,PRCP,0,,,a,
ASN00082076,19300624,PRCP,0,,,a,
ASN00082076,19300625,PRCP,0,,,a,
ASN00082076,19300626,PRCP,0,,,a,
ASN00082076,19300627,PRCP,0,,,a,
ASN00082076,19300628,PRCP,0,,,a,
ASN00082076,19300629,PRCP,0,,,a,
ASN00082076,19300630,PRCP,0,,,a,
ASN00082076,19300701,PRCP,0,,,a,
ASN00082076,19300702,PRCP,0,,,a,
ASN00082076,19300703,PRCP,114,,,a,
ASN00082076,19300704,PRCP,0,,,a,
ASN00082076,19300705,PRCP,0,,,a,
ASN00082076,19300706,PRCP,0,,,a,
ASN00082076,19300707,PRCP,0,,,a,
ASN00082076,19300708,PRCP,0,,,a,
ASN00082076,19300709,PRCP,0,,,a,
ASN00082076,19300710,PRCP,0,,,a,
ASN00082076,19300711,PRCP,0,,,a,
ASN00082076,19300712,PRCP,0,,,a,
ASN00082076,19300713,PRCP,0,,,a,
ASN00082076,19300714,PRCP,28,,,a,
ASN00082076,19300715,PRCP,305,,,a,
ASN00082076,19300716,PRCP,81,,,a,
ASN00082076,19300717,PRCP,25,,,a,
ASN00082076,19300718,PRCP,0,,,a,
ASN00082076,19300719,PRCP,0,,,a,
ASN00082076,19300720,PRCP,0,,,a,
ASN00082076,19300721,PRCP,0,,,a,
ASN00082076,19300722,PRCP,0,,,a,
ASN00082076,19300723,PRCP,0,,,a,
ASN00082076,19300724,PRCP,0,,,a,
ASN00082076,19300725,PRCP,0,,,a,
ASN00082076,19300726,PRCP,0,,,a,
ASN00082076,19300727,PRCP,0,,,a,
ASN00082076,19300728,PRCP,86,,,a,
ASN00082076,19300729,PRCP,38,,,a,
ASN00082076,19300730,PRCP,64,,,a,
ASN00082076,19300731,PRCP,0,,,a,
ASN00082076,19300801,PRCP,94,,,a,
ASN00082076,19300802,PRCP,249,,,a,
ASN00082076,19300803,PRCP,61,,,a,
ASN00082076,19300804,PRCP,0,,,a,
ASN00082076,19300805,PRCP,0,,,a,
ASN00082076,19300806,PRCP,0,,,a,
ASN00082076,19300807,PRCP,53,,,a,
ASN00082076,19300808,PRCP,53,,,a,
ASN00082076,19300809,PRCP,114,,,a,
ASN00082076,19300810,PRCP,41,,,a,
ASN00082076,19300811,PRCP,76,,,a,
ASN00082076,19300812,PRCP,0,,,a,
ASN00082076,19300813,PRCP,135,,,a,
ASN00082076,19300814,PRCP,262,,,a,
ASN00082076,19300815,PRCP,0,,,a,
ASN00082076,19300816,PRCP,0,,,a,
ASN00082076,19300817,PRCP,0,,,a,
ASN00082076,19300818,PRCP,0,,,a,
ASN00082076,19300819,PRCP,23,,,a,
ASN00082076,19300820,PRCP,89,,,a,
ASN00082076,19300821,PRCP,0,,,a,
ASN00082076,19300822,PRCP,0,,,a,
ASN00082076,19300823,PRCP,0,,,a,
ASN00082076,19300824,PRCP,0,,,a,
ASN00082076,19300825,PRCP,0,,,a,
ASN00082076,19300826,PRCP,0,,,a,
ASN00082076,19300827,PRCP,0,,,a,
ASN00082076,19300828,PRCP,28,,,a,
ASN00082076,19300829,PRCP,0,,,a,
ASN00082076,19300830,PRCP,66,,,a,
ASN00082076,19300831,PRCP,0,,,a,
ASN00082076,19300901,PRCP,13,,,a,
ASN00082076,19300902,PRCP,43,,,a,
ASN00082076,19300903,PRCP,0,,,a,
ASN00082076,19300904,PRCP,0,,,a,
ASN00082076,19300905,PRCP,0,,,a,
ASN00082076,19300906,PRCP,38,,,a,
ASN00082076,19300907,PRCP,0,,,a,
ASN00082076,19300908,PRCP,10,,,a,
ASN00082076,19300909,PRCP,43,,,a,
ASN00082076,19300910,PRCP,274,,,a,
ASN00082076,19300911,PRCP,0,,,a,
ASN00082076,19300912,PRCP,0,,,a,
ASN00082076,19300913,PRCP,0,,,a,
ASN00082076,19300914,PRCP,150,,,a,
ASN00082076,19300915,PRCP,58,,,a,
ASN00082076,19300916,PRCP,0,,,a,
ASN00082076,19300917,PRCP,0,,,a,
ASN00082076,19300918,PRCP,0,,,a,
ASN00082076,19300919,PRCP,0,,,a,
ASN00082076,19300920,PRCP,0,,,a,
ASN00082076,19300921,PRCP,0,,,a,
ASN00082076,19300922,PRCP,0,,,a,
ASN00082076,19300923,PRCP,142,,,a,
ASN00082076,19300924,PRCP,127,,,a,
ASN00082076,19300925,PRCP,0,,,a,
ASN00082076,19300926,PRCP,0,,,a,
ASN00082076,19300927,PRCP,53,,,a,
ASN00082076,19300928,PRCP,15,,,a,
ASN00082076,19300929,PRCP,0,,,a,
ASN00082076,19300930,PRCP,0,,,a,
ASN00082076,19301001,PRCP,0,,,a,
ASN00082076,19301002,PRCP,0,,,a,
ASN00082076,19301003,PRCP,0,,,a,
ASN00082076,19301004,PRCP,0,,,a,
ASN00082076,19301005,PRCP,0,,,a,
ASN00082076,19301006,PRCP,475,,,a,
ASN00082076,19301007,PRCP,483,,,a,
ASN00082076,19301008,PRCP,5,,,a,
ASN00082076,19301009,PRCP,0,,,a,
ASN00082076,19301010,PRCP,0,,,a,
ASN00082076,19301011,PRCP,0,,,a,
ASN00082076,19301012,PRCP,269,,,a,
ASN00082076,19301013,PRCP,94,,,a,
ASN00082076,19301014,PRCP,18,,,a,
ASN00082076,19301015,PRCP,0,,,a,
ASN00082076,19301016,PRCP,0,,,a,
ASN00082076,19301017,PRCP,0,,,a,
ASN00082076,19301018,PRCP,0,,,a,
ASN00082076,19301019,PRCP,0,,,a,
ASN00082076,19301020,PRCP,0,,,a,
ASN00082076,19301021,PRCP,104,,,a,
ASN00082076,19301022,PRCP,69,,,a,
ASN00082076,19301023,PRCP,0,,,a,
ASN00082076,19301024,PRCP,0,,,a,
ASN00082076,19301025,PRCP,0,,,a,
ASN00082076,19301026,PRCP,0,,,a,
ASN00082076,19301027,PRCP,0,,,a,
ASN00082076,19301028,PRCP,64,,,a,
ASN00082076,19301029,PRCP,208,,,a,
ASN00082076,19301030,PRCP,157,,,a,
ASN00082076,19301031,PRCP,0,,,a,
ASN00082076,19301101,PRCP,0,,,a,
ASN00082076,19301102,PRCP,0,,,a,
ASN00082076,19301103,PRCP,0,,,a,
ASN00082076,19301104,PRCP,117,,,a,
ASN00082076,19301105,PRCP,46,,,a,
ASN00082076,19301106,PRCP,0,,,a,
ASN00082076,19301107,PRCP,0,,,a,
ASN00082076,19301108,PRCP,0,,,a,
ASN00082076,19301109,PRCP,0,,,a,
ASN00082076,19301110,PRCP,0,,,a,
ASN00082076,19301111,PRCP,0,,,a,
ASN00082076,19301112,PRCP,0,,,a,
ASN00082076,19301113,PRCP,0,,,a,
ASN00082076,19301114,PRCP,66,,,a,
ASN00082076,19301115,PRCP,38,,,a,
ASN00082076,19301116,PRCP,0,,,a,
ASN00082076,19301117,PRCP,91,,,a,
ASN00082076,19301118,PRCP,135,,,a,
ASN00082076,19301119,PRCP,0,,,a,
ASN00082076,19301120,PRCP,0,,,a,
ASN00082076,19301121,PRCP,0,,,a,
ASN00082076,19301122,PRCP,0,,,a,
ASN00082076,19301123,PRCP,0,,,a,
ASN00082076,19301124,PRCP,61,,,a,
ASN00082076,19301125,PRCP,127,,,a,
ASN00082076,19301126,PRCP,0,,,a,
ASN00082076,19301127,PRCP,0,,,a,
ASN00082076,19301128,PRCP,36,,,a,
ASN00082076,19301129,PRCP,0,,,a,
ASN00082076,19301130,PRCP,0,,,a,
ASN00082076,19301201,PRCP,0,,,a,
ASN00082076,19301202,PRCP,0,,,a,
ASN00082076,19301203,PRCP,0,,,a,
ASN00082076,19301204,PRCP,0,,,a,
ASN00082076,19301205,PRCP,51,,,a,
ASN00082076,19301206,PRCP,0,,,a,
ASN00082076,19301207,PRCP,236,,,a,
ASN00082076,19301208,PRCP,41,,,a,
ASN00082076,19301209,PRCP,76,,,a,
ASN00082076,19301210,PRCP,0,,,a,
ASN00082076,19301211,PRCP,0,,,a,
ASN00082076,19301212,PRCP,0,,,a,
ASN00082076,19301213,PRCP,0,,,a,
ASN00082076,19301214,PRCP,0,,,a,
ASN00082076,19301215,PRCP,0,,,a,
ASN00082076,19301216,PRCP,102,,,a,
ASN00082076,19301217,PRCP,0,,,a,
ASN00082076,19301218,PRCP,51,,,a,
ASN00082076,19301219,PRCP,0,,,a,
ASN00082076,19301220,PRCP,0,,,a,
ASN00082076,19301221,PRCP,0,,,a,
ASN00082076,19301222,PRCP,0,,,a,
ASN00082076,19301223,PRCP,0,,,a,
ASN00082076,19301224,PRCP,0,,,a,
ASN00082076,19301225,PRCP,538,,,a,
ASN00082076,19301226,PRCP,127,,,a,
ASN00082076,19301227,PRCP,41,,,a,
ASN00082076,19301228,PRCP,0,,,a,
ASN00082076,19301229,PRCP,0,,,a,
ASN00082076,19301230,PRCP,0,,,a,
ASN00082076,19301231,PRCP,0,,,a,
ASN00082076,19310101,PRCP,84,,,a,
ASN00082076,19310102,PRCP,0,,,a,
ASN00082076,19310103,PRCP,0,,,a,
ASN00082076,19310104,PRCP,0,,,a,
ASN00082076,19310105,PRCP,0,,,a,
ASN00082076,19310106,PRCP,0,,,a,
ASN00082076,19310107,PRCP,102,,,a,
ASN00082076,19310108,PRCP,0,,,a,
ASN00082076,19310109,PRCP,0,,,a,
ASN00082076,19310110,PRCP,0,,,a,
ASN00082076,19310111,PRCP,0,,,a,
ASN00082076,19310112,PRCP,0,,,a,
ASN00082076,19310113,PRCP,0,,,a,
ASN00082076,19310114,PRCP,0,,,a,
ASN00082076,19310115,PRCP,0,,,a,
ASN00082076,19310116,PRCP,0,,,a,
ASN00082076,19310117,PRCP,0,,,a,
ASN00082076,19310118,PRCP,0,,,a,
ASN00082076,19310119,PRCP,25,,,a,
ASN00082076,19310120,PRCP,0,,,a,
ASN00082076,19310121,PRCP,0,,,a,
ASN00082076,19310122,PRCP,0,,,a,
ASN00082076,19310123,PRCP,0,,,a,
ASN00082076,19310124,PRCP,0,,,a,
ASN00082076,19310125,PRCP,160,,,a,
ASN00082076,19310126,PRCP,91,,,a,
ASN00082076,19310127,PRCP,0,,,a,
ASN00082076,19310128,PRCP,0,,,a,
ASN00082076,19310129,PRCP,0,,,a,
ASN00082076,19310130,PRCP,0,,,a,
ASN00082076,19310131,PRCP,5,,,a,
ASN00082076,19310201,PRCP,0,,,a,
ASN00082076,19310202,PRCP,0,,,a,
ASN00082076,19310203,PRCP,0,,,a,
ASN00082076,19310204,PRCP,0,,,a,
ASN00082076,19310205,PRCP,0,,,a,
ASN00082076,19310206,PRCP,0,,,a,
ASN00082076,19310207,PRCP,0,,,a,
ASN00082076,19310208,PRCP,0,,,a,
ASN00082076,19310209,PRCP,0,,,a,
ASN00082076,19310210,PRCP,0,,,a,
ASN00082076,19310211,PRCP,0,,,a,
ASN00082076,19310212,PRCP,0,,,a,
ASN00082076,19310213,PRCP,0,,,a,
ASN00082076,19310214,PRCP,201,,,a,
ASN00082076,19310215,PRCP,178,,,a,
ASN00082076,19310216,PRCP,0,,,a,
ASN00082076,19310217,PRCP,0,,,a,
ASN00082076,19310218,PRCP,0,,,a,
ASN00082076,19310219,PRCP,0,,,a,
ASN00082076,19310220,PRCP,0,,,a,
ASN00082076,19310221,PRCP,0,,,a,
ASN00082076,19310222,PRCP,0,,,a,
ASN00082076,19310223,PRCP,0,,,a,
ASN00082076,19310224,PRCP,0,,,a,
ASN00082076,19310225,PRCP,0,,,a,
ASN00082076,19310226,PRCP,0,,,a,
ASN00082076,19310227,PRCP,0,,,a,
ASN00082076,19310228,PRCP,0,,,a,
ASN00082076,19310301,PRCP,18,,,a,
ASN00082076,19310302,PRCP,508,,,a,
ASN00082076,19310303,PRCP,5,,,a,
ASN00082076,19310304,PRCP,30,,,a,
ASN00082076,19310305,PRCP,0,,,a,
ASN00082076,19310306,PRCP,0,,,a,
ASN00082076,19310307,PRCP,0,,,a,
ASN00082076,19310308,PRCP,0,,,a,
ASN00082076,19310309,PRCP,0,,,a,
ASN00082076,19310310,PRCP,0,,,a,
ASN00082076,19310311,PRCP,0,,,a,
ASN00082076,19310312,PRCP,0,,,a,
ASN00082076,19310313,PRCP,0,,,a,
ASN00082076,19310314,PRCP,264,,,a,
ASN00082076,19310315,PRCP,0,,,a,
ASN00082076,19310316,PRCP,0,,,a,
ASN00082076,19310317,PRCP,0,,,a,
ASN00082076,19310318,PRCP,0,,,a,
ASN00082076,19310319,PRCP,0,,,a,
ASN00082076,19310320,PRCP,340,,,a,
ASN00082076,19310321,PRCP,475,,,a,
ASN00082076,19310322,PRCP,122,,,a,
ASN00082076,19310323,PRCP,0,,,a,
ASN00082076,19310324,PRCP,0,,,a,
ASN00082076,19310325,PRCP,0,,,a,
ASN00082076,19310326,PRCP,0,,,a,
ASN00082076,19310327,PRCP,0,,,a,
ASN00082076,19310328,PRCP,30,,,a,
ASN00082076,19310329,PRCP,0,,,a,
ASN00082076,19310330,PRCP,0,,,a,
ASN00082076,19310331,PRCP,0,,,a,
ASN00082076,19310401,PRCP,279,,,a,
ASN00082076,19310402,PRCP,0,,,a,
ASN00082076,19310403,PRCP,66,,,a,
ASN00082076,19310404,PRCP,0,,,a,
ASN00082076,19310405,PRCP,0,,,a,
ASN00082076,19310406,PRCP,0,,,a,
ASN00082076,19310407,PRCP,0,,,a,
ASN00082076,19310408,PRCP,0,,,a,
ASN00082076,19310409,PRCP,0,,,a,
ASN00082076,19310410,PRCP,0,,,a,
ASN00082076,19310411,PRCP,0,,,a,
ASN00082076,19310412,PRCP,0,,,a,
ASN00082076,19310413,PRCP,0,,,a,
ASN00082076,19310414,PRCP,0,,,a,
ASN00082076,19310415,PRCP,305,,,a,
ASN00082076,19310416,PRCP,0,,,a,
ASN00082076,19310417,PRCP,0,,,a,
ASN00082076,19310418,PRCP,0,,,a,
ASN00082076,19310419,PRCP,0,,,a,
ASN00082076,19310420,PRCP,0,,,a,
ASN00082076,19310421,PRCP,0,,,a,
ASN00082076,19310422,PRCP,0,,,a,
ASN00082076,19310423,PRCP,0,,,a,
ASN00082076,19310424,PRCP,0,,,a,
ASN00082076,19310425,PRCP,0,,,a,
ASN00082076,19310426,PRCP,0,,,a,
ASN00082076,19310427,PRCP,0,,,a,
ASN00082076,19310428,PRCP,0,,,a,
ASN00082076,19310429,PRCP,0,,,a,
ASN00082076,19310430,PRCP,58,,,a,
ASN00082076,19310501,PRCP,196,,,a,
ASN00082076,19310502,PRCP,5,,,a,
ASN00082076,19310503,PRCP,0,,,a,
ASN00082076,19310504,PRCP,0,,,a,
ASN00082076,19310505,PRCP,56,,,a,
ASN00082076,19310506,PRCP,0,,,a,
ASN00082076,19310507,PRCP,10,,,a,
ASN00082076,19310508,PRCP,0,,,a,
ASN00082076,19310509,PRCP,333,,,a,
ASN00082076,19310510,PRCP,0,,,a,
ASN00082076,19310511,PRCP,0,,,a,
ASN00082076,19310512,PRCP,91,,,a,
ASN00082076,19310513,PRCP,66,,,a,
ASN00082076,19310514,PRCP,345,,,a,
ASN00082076,19310515,PRCP,30,,,a,
ASN00082076,19310516,PRCP,541,,,a,
ASN00082076,19310517,PRCP,0,,,a,
ASN00082076,19310518,PRCP,13,,,a,
ASN00082076,19310519,PRCP,0,,,a,
ASN00082076,19310520,PRCP,0,,,a,
ASN00082076,19310521,PRCP,0,,,a,
ASN00082076,19310522,PRCP,89,,,a,
ASN00082076,19310523,PRCP,119,,,a,
ASN00082076,19310524,PRCP,5,,,a,
ASN00082076,19310525,PRCP,0,,,a,
ASN00082076,19310526,PRCP,0,,,a,
ASN00082076,19310527,PRCP,0,,,a,
ASN00082076,19310528,PRCP,0,,,a,
ASN00082076,19310529,PRCP,0,,,a,
ASN00082076,19310530,PRCP,0,,,a,
ASN00082076,19310531,PRCP,0,,,a,
ASN00082076,19310601,PRCP,0,,,a,
ASN00082076,19310602,PRCP,0,,,a,
ASN00082076,19310603,PRCP,0,,,a,
ASN00082076,19310604,PRCP,0,,,a,
ASN00082076,19310605,PRCP,0,,,a,
ASN00082076,19310606,PRCP,76,,,a,
ASN00082076,19310607,PRCP,335,,,a,
ASN00082076,19310608,PRCP,3,,,a,
ASN00082076,19310609,PRCP,137,,,a,
ASN00082076,19310610,PRCP,0,,,a,
ASN00082076,19310611,PRCP,196,,,a,
ASN00082076,19310612,PRCP,64,,,a,
ASN00082076,19310613,PRCP,15,,,a,
ASN00082076,19310614,PRCP,0,,,a,
ASN00082076,19310615,PRCP,102,,,a,
ASN00082076,19310616,PRCP,0,,,a,
ASN00082076,19310617,PRCP,0,,,a,
ASN00082076,19310618,PRCP,0,,,a,
ASN00082076,19310619,PRCP,307,,,a,
ASN00082076,19310620,PRCP,0,,,a,
ASN00082076,19310621,PRCP,0,,,a,
ASN00082076,19310622,PRCP,0,,,a,
ASN00082076,19310623,PRCP,0,,,a,
ASN00082076,19310624,PRCP,483,,,a,
ASN00082076,19310625,PRCP,254,,,a,
ASN00082076,19310626,PRCP,20,,,a,
ASN00082076,19310627,PRCP,0,,,a,
ASN00082076,19310628,PRCP,0,,,a,
ASN00082076,19310629,PRCP,239,,,a,
ASN00082076,19310630,PRCP,241,,,a,
ASN00082076,19310701,PRCP,127,,,a,
ASN00082076,19310702,PRCP,71,,,a,
ASN00082076,19310703,PRCP,30,,,a,
ASN00082076,19310704,PRCP,0,,,a,
ASN00082076,19310705,PRCP,41,,,a,
ASN00082076,19310706,PRCP,0,,,a,
ASN00082076,19310707,PRCP,0,,,a,
ASN00082076,19310708,PRCP,0,,,a,
ASN00082076,19310709,PRCP,76,,,a,
ASN00082076,19310710,PRCP,46,,,a,
ASN00082076,19310711,PRCP,0,,,a,
ASN00082076,19310712,PRCP,114,,,a,
ASN00082076,19310713,PRCP,5,,,a,
ASN00082076,19310714,PRCP,20,,,a,
ASN00082076,19310715,PRCP,10,,,a,
ASN00082076,19310716,PRCP,0,,,a,
ASN00082076,19310717,PRCP,0,,,a,
ASN00082076,19310718,PRCP,0,,,a,
ASN00082076,19310719,PRCP,0,,,a,
ASN00082076,19310720,PRCP,0,,,a,
ASN00082076,19310721,PRCP,18,,,a,
ASN00082076,19310722,PRCP,69,,,a,
ASN00082076,19310723,PRCP,76,,,a,
ASN00082076,19310724,PRCP,76,,,a,
ASN00082076,19310725,PRCP,53,,,a,
ASN00082076,19310726,PRCP,30,,,a,
ASN00082076,19310727,PRCP,0,,,a,
ASN00082076,19310728,PRCP,61,,,a,
ASN00082076,19310729,PRCP,142,,,a,
ASN00082076,19310730,PRCP,221,,,a,
ASN00082076,19310731,PRCP,25,,,a,
ASN00082076,19310801,PRCP,15,,,a,
ASN00082076,19310802,PRCP,0,,,a,
ASN00082076,19310803,PRCP,0,,,a,
ASN00082076,19310804,PRCP,0,,,a,
ASN00082076,19310805,PRCP,25,,,a,
ASN00082076,19310806,PRCP,203,,,a,
ASN00082076,19310807,PRCP,183,,,a,
ASN00082076,19310808,PRCP,0,,,a,
ASN00082076,19310809,PRCP,0,,,a,
ASN00082076,19310810,PRCP,0,,,a,
ASN00082076,19310811,PRCP,0,,,a,
ASN00082076,19310812,PRCP,117,,,a,
ASN00082076,19310813,PRCP,0,,,a,
ASN00082076,19310814,PRCP,127,,,a,
ASN00082076,19310815,PRCP,71,,,a,
ASN00082076,19310816,PRCP,0,,,a,
ASN00082076,19310817,PRCP,66,,,a,
ASN00082076,19310818,PRCP,48,,,a,
ASN00082076,19310819,PRCP,0,,,a,
ASN00082076,19310820,PRCP,119,,,a,
ASN00082076,19310821,PRCP,0,,,a,
ASN00082076,19310822,PRCP,406,,,a,
ASN00082076,19310823,PRCP,15,,,a,
ASN00082076,19310824,PRCP,0,,,a,
ASN00082076,19310825,PRCP,0,,,a,
ASN00082076,19310826,PRCP,0,,,a,
ASN00082076,19310827,PRCP,15,,,a,
ASN00082076,19310828,PRCP,165,,,a,
ASN00082076,19310829,PRCP,38,,,a,
ASN00082076,19310830,PRCP,5,,,a,
ASN00082076,19310831,PRCP,10,,,a,
ASN00082076,19310901,PRCP,25,,,a,
ASN00082076,19310902,PRCP,0,,,a,
ASN00082076,19310903,PRCP,0,,,a,
ASN00082076,19310904,PRCP,43,,,a,
ASN00082076,19310905,PRCP,5,,,a,
ASN00082076,19310906,PRCP,0,,,a,
ASN00082076,19310907,PRCP,89,,,a,
ASN00082076,19310908,PRCP,229,,,a,
ASN00082076,19310909,PRCP,0,,,a,
ASN00082076,19310910,PRCP,0,,,a,
ASN00082076,19310911,PRCP,23,,,a,
ASN00082076,19310912,PRCP,71,,,a,
ASN00082076,19310913,PRCP,86,,,a,
ASN00082076,19310914,PRCP,178,,,a,
ASN00082076,19310915,PRCP,76,,,a,
ASN00082076,19310916,PRCP,18,,,a,
ASN00082076,19310917,PRCP,0,,,a,
ASN00082076,19310918,PRCP,0,,,a,
ASN00082076,19310919,PRCP,0,,,a,
ASN00082076,19310920,PRCP,0,,,a,
ASN00082076,19310921,PRCP,0,,,a,
ASN00082076,19310922,PRCP,0,,,a,
ASN00082076,19310923,PRCP,0,,,a,
ASN00082076,19310924,PRCP,79,,,a,
ASN00082076,19310925,PRCP,0,,,a,
ASN00082076,19310926,PRCP,0,,,a,
ASN00082076,19310927,PRCP,76,,,a,
ASN00082076,19310928,PRCP,0,,,a,
ASN00082076,19310929,PRCP,0,,,a,
ASN00082076,19310930,PRCP,23,,,a,
ASN00082076,19311001,PRCP,0,,,a,
ASN00082076,19311002,PRCP,0,,,a,
ASN00082076,19311003,PRCP,0,,,a,
ASN00082076,19311004,PRCP,0,,,a,
ASN00082076,19311005,PRCP,0,,,a,
ASN00082076,19311006,PRCP,0,,,a,
ASN00082076,19311007,PRCP,0,,,a,
ASN00082076,19311008,PRCP,0,,,a,
ASN00082076,19311009,PRCP,165,,,a,
ASN00082076,19311010,PRCP,160,,,a,
ASN00082076,19311011,PRCP,0,,,a,
ASN00082076,19311012,PRCP,0,,,a,
ASN00082076,19311013,PRCP,0,,,a,
ASN00082076,19311014,PRCP,0,,,a,
ASN00082076,19311015,PRCP,0,,,a,
ASN00082076,19311016,PRCP,0,,,a,
ASN00082076,19311017,PRCP,10,,,a,
ASN00082076,19311018,PRCP,478,,,a,
ASN00082076,19311019,PRCP,13,,,a,
ASN00082076,19311020,PRCP,0,,,a,
ASN00082076,19311021,PRCP,0,,,a,
ASN00082076,19311022,PRCP,0,,,a,
ASN00082076,19311023,PRCP,0,,,a,
ASN00082076,19311024,PRCP,0,,,a,
ASN00082076,19311025,PRCP,0,,,a,
ASN00082076,19311026,PRCP,0,,,a,
ASN00082076,19311027,PRCP,0,,,a,
ASN00082076,19311028,PRCP,0,,,a,
ASN00082076,19311029,PRCP,0,,,a,
ASN00082076,19311030,PRCP,0,,,a,
ASN00082076,19311031,PRCP,0,,,a,
ASN00082076,19311101,PRCP,0,,,a,
ASN00082076,19311102,PRCP,0,,,a,
ASN00082076,19311103,PRCP,0,,,a,
ASN00082076,19311104,PRCP,0,,,a,
ASN00082076,19311105,PRCP,0,,,a,
ASN00082076,19311106,PRCP,0,,,a,
ASN00082076,19311107,PRCP,0,,,a,
ASN00082076,19311108,PRCP,0,,,a,
ASN00082076,19311109,PRCP,127,,,a,
ASN00082076,19311110,PRCP,0,,,a,
ASN00082076,19311111,PRCP,0,,,a,
ASN00082076,19311112,PRCP,0,,,a,
ASN00082076,19311113,PRCP,0,,,a,
ASN00082076,19311114,PRCP,0,,,a,
ASN00082076,19311115,PRCP,46,,,a,
ASN00082076,19311116,PRCP,635,,,a,
ASN00082076,19311117,PRCP,178,,,a,
ASN00082076,19311118,PRCP,18,,,a,
ASN00082076,19311119,PRCP,30,,,a,
ASN00082076,19311120,PRCP,0,,,a,
ASN00082076,19311121,PRCP,0,,,a,
ASN00082076,19311122,PRCP,0,,,a,
ASN00082076,19311123,PRCP,0,,,a,
ASN00082076,19311124,PRCP,0,,,a,
ASN00082076,19311125,PRCP,0,,,a,
ASN00082076,19311126,PRCP,0,,,a,
ASN00082076,19311127,PRCP,0,,,a,
ASN00082076,19311128,PRCP,0,,,a,
ASN00082076,19311129,PRCP,0,,,a,
ASN00082076,19311130,PRCP,0,,,a,
ASN00082076,19311201,PRCP,0,,,a,
ASN00082076,19311202,PRCP,46,,,a,
ASN00082076,19311203,PRCP,0,,,a,
ASN00082076,19311204,PRCP,0,,,a,
ASN00082076,19311205,PRCP,0,,,a,
ASN00082076,19311206,PRCP,0,,,a,
ASN00082076,19311207,PRCP,0,,,a,
ASN00082076,19311208,PRCP,0,,,a,
ASN00082076,19311209,PRCP,0,,,a,
ASN00082076,19311210,PRCP,0,,,a,
ASN00082076,19311211,PRCP,25,,,a,
ASN00082076,19311212,PRCP,0,,,a,
ASN00082076,19311213,PRCP,0,,,a,
ASN00082076,19311214,PRCP,0,,,a,
ASN00082076,19311215,PRCP,0,,,a,
ASN00082076,19311216,PRCP,0,,,a,
ASN00082076,19311217,PRCP,0,,,a,
ASN00082076,19311218,PRCP,0,,,a,
ASN00082076,19311219,PRCP,0,,,a,
ASN00082076,19311220,PRCP,0,,,a,
ASN00082076,19311221,PRCP,0,,,a,
ASN00082076,19311222,PRCP,0,,,a,
ASN00082076,19311223,PRCP,0,,,a,
ASN00082076,19311224,PRCP,0,,,a,
ASN00082076,19311225,PRCP,0,,,a,
ASN00082076,19311226,PRCP,0,,,a,
ASN00082076,19311227,PRCP,0,,,a,
ASN00082076,19311228,PRCP,0,,,a,
ASN00082076,19311229,PRCP,0,,,a,
ASN00082076,19311230,PRCP,0,,,a,
ASN00082076,19311231,PRCP,0,,,a,
ASN00082076,19320101,PRCP,0,,,a,
ASN00082076,19320102,PRCP,0,,,a,
ASN00082076,19320103,PRCP,0,,,a,
ASN00082076,19320104,PRCP,0,,,a,
ASN00082076,19320105,PRCP,0,,,a,
ASN00082076,19320106,PRCP,0,,,a,
ASN00082076,19320107,PRCP,0,,,a,
ASN00082076,19320108,PRCP,0,,,a,
ASN00082076,19320109,PRCP,0,,,a,
ASN00082076,19320110,PRCP,0,,,a,
ASN00082076,19320111,PRCP,0,,,a,
ASN00082076,19320112,PRCP,0,,,a,
ASN00082076,19320113,PRCP,25,,,a,
ASN00082076,19320114,PRCP,0,,,a,
ASN00082076,19320115,PRCP,0,,,a,
ASN00082076,19320116,PRCP,0,,,a,
ASN00082076,19320117,PRCP,0,,,a,
ASN00082076,19320118,PRCP,0,,,a,
ASN00082076,19320119,PRCP,0,,,a,
ASN00082076,19320120,PRCP,0,,,a,
ASN00082076,19320121,PRCP,0,,,a,
ASN00082076,19320122,PRCP,0,,,a,
ASN00082076,19320123,PRCP,0,,,a,
ASN00082076,19320124,PRCP,0,,,a,
ASN00082076,19320125,PRCP,0,,,a,
ASN00082076,19320126,PRCP,0,,,a,
ASN00082076,19320127,PRCP,0,,,a,
ASN00082076,19320128,PRCP,0,,,a,
ASN00082076,19320129,PRCP,0,,,a,
ASN00082076,19320130,PRCP,0,,,a,
ASN00082076,19320131,PRCP,0,,,a,
ASN00082076,19320201,PRCP,0,,,a,
ASN00082076,19320202,PRCP,0,,,a,
ASN00082076,19320203,PRCP,0,,,a,
ASN00082076,19320204,PRCP,0,,,a,
ASN00082076,19320205,PRCP,368,,,a,
ASN00082076,19320206,PRCP,56,,,a,
ASN00082076,19320207,PRCP,0,,,a,
ASN00082076,19320208,PRCP,373,,,a,
ASN00082076,19320209,PRCP,8,,,a,
ASN00082076,19320210,PRCP,0,,,a,
ASN00082076,19320211,PRCP,94,,,a,
ASN00082076,19320212,PRCP,0,,,a,
ASN00082076,19320213,PRCP,13,,,a,
ASN00082076,19320214,PRCP,64,,,a,
ASN00082076,19320215,PRCP,0,,,a,
ASN00082076,19320216,PRCP,0,,,a,
ASN00082076,19320217,PRCP,0,,,a,
ASN00082076,19320218,PRCP,0,,,a,
ASN00082076,19320219,PRCP,0,,,a,
ASN00082076,19320220,PRCP,0,,,a,
ASN00082076,19320221,PRCP,0,,,a,
ASN00082076,19320222,PRCP,0,,,a,
ASN00082076,19320223,PRCP,0,,,a,
ASN00082076,19320224,PRCP,61,,,a,
ASN00082076,19320225,PRCP,0,,,a,
ASN00082076,19320226,PRCP,0,,,a,
ASN00082076,19320227,PRCP,0,,,a,
ASN00082076,19320228,PRCP,0,,,a,
ASN00082076,19320229,PRCP,0,,,a,
ASN00082076,19320301,PRCP,0,,,a,
ASN00082076,19320302,PRCP,0,,,a,
ASN00082076,19320303,PRCP,0,,,a,
ASN00082076,19320304,PRCP,15,,,a,
ASN00082076,19320305,PRCP,8,,,a,
ASN00082076,19320306,PRCP,0,,,a,
ASN00082076,19320307,PRCP,25,,,a,
ASN00082076,19320308,PRCP,165,,,a,
ASN00082076,19320309,PRCP,38,,,a,
ASN00082076,19320310,PRCP,102,,,a,
ASN00082076,19320311,PRCP,0,,,a,
ASN00082076,19320312,PRCP,0,,,a,
ASN00082076,19320313,PRCP,0,,,a,
ASN00082076,19320314,PRCP,0,,,a,
ASN00082076,19320315,PRCP,25,,,a,
ASN00082076,19320316,PRCP,102,,,a,
ASN00082076,19320317,PRCP,0,,,a,
ASN00082076,19320318,PRCP,5,,,a,
ASN00082076,19320319,PRCP,0,,,a,
ASN00082076,19320320,PRCP,0,,,a,
ASN00082076,19320321,PRCP,20,,,a,
ASN00082076,19320322,PRCP,0,,,a,
ASN00082076,19320323,PRCP,0,,,a,
ASN00082076,19320324,PRCP,0,,,a,
ASN00082076,19320325,PRCP,0,,,a,
ASN00082076,19320326,PRCP,56,,,a,
ASN00082076,19320327,PRCP,584,,,a,
ASN00082076,19320328,PRCP,76,,,a,
ASN00082076,19320329,PRCP,0,,,a,
ASN00082076,19320330,PRCP,0,,,a,
ASN00082076,19320331,PRCP,0,,,a,
ASN00082076,19320401,PRCP,0,,,a,
ASN00082076,19320402,PRCP,51,,,a,
ASN00082076,19320403,PRCP,157,,,a,
ASN00082076,19320404,PRCP,81,,,a,
ASN00082076,19320405,PRCP,107,,,a,
ASN00082076,19320406,PRCP,58,,,a,
ASN00082076,19320407,PRCP,8,,,a,
ASN00082076,19320408,PRCP,0,,,a,
ASN00082076,19320409,PRCP,0,,,a,
ASN00082076,19320410,PRCP,91,,,a,
ASN00082076,19320411,PRCP,297,,,a,
ASN00082076,19320412,PRCP,15,,,a,
ASN00082076,19320413,PRCP,0,,,a,
ASN00082076,19320414,PRCP,0,,,a,
ASN00082076,19320415,PRCP,0,,,a,
ASN00082076,19320416,PRCP,135,,,a,
ASN00082076,19320417,PRCP,411,,,a,
ASN00082076,19320418,PRCP,94,,,a,
ASN00082076,19320419,PRCP,41,,,a,
ASN00082076,19320420,PRCP,0,,,a,
ASN00082076,19320421,PRCP,0,,,a,
ASN00082076,19320422,PRCP,0,,,a,
ASN00082076,19320423,PRCP,0,,,a,
ASN00082076,19320424,PRCP,0,,,a,
ASN00082076,19320425,PRCP,91,,,a,
ASN00082076,19320426,PRCP,38,,,a,
ASN00082076,19320427,PRCP,0,,,a,
ASN00082076,19320428,PRCP,3,,,a,
ASN00082076,19320429,PRCP,0,,,a,
ASN00082076,19320430,PRCP,0,,,a,
ASN00082076,19320501,PRCP,0,,,a,
ASN00082076,19320502,PRCP,0,,,a,
ASN00082076,19320503,PRCP,0,,,a,
ASN00082076,19320504,PRCP,0,,,a,
ASN00082076,19320505,PRCP,0,,,a,
ASN00082076,19320506,PRCP,0,,,a,
ASN00082076,19320507,PRCP,0,,,a,
ASN00082076,19320508,PRCP,0,,,a,
ASN00082076,19320509,PRCP,0,,,a,
ASN00082076,19320510,PRCP,0,,,a,
ASN00082076,19320511,PRCP,0,,,a,
ASN00082076,19320512,PRCP,0,,,a,
ASN00082076,19320513,PRCP,0,,,a,
ASN00082076,19320514,PRCP,0,,,a,
ASN00082076,19320515,PRCP,0,,,a,
ASN00082076,19320516,PRCP,0,,,a,
ASN00082076,19320517,PRCP,0,,,a,
ASN00082076,19320518,PRCP,0,,,a,
ASN00082076,19320519,PRCP,0,,,a,
ASN00082076,19320520,PRCP,46,,,a,
ASN00082076,19320521,PRCP,36,,,a,
ASN00082076,19320522,PRCP,0,,,a,
ASN00082076,19320523,PRCP,0,,,a,
ASN00082076,19320524,PRCP,0,,,a,
ASN00082076,19320525,PRCP,0,,,a,
ASN00082076,19320526,PRCP,0,,,a,
ASN00082076,19320527,PRCP,0,,,a,
ASN00082076,19320528,PRCP,0,,,a,
ASN00082076,19320529,PRCP,0,,,a,
ASN00082076,19320530,PRCP,0,,,a,
ASN00082076,19320531,PRCP,0,,,a,
ASN00082076,19320601,PRCP,0,,,a,
ASN00082076,19320602,PRCP,165,,,a,
ASN00082076,19320603,PRCP,155,,,a,
ASN00082076,19320604,PRCP,51,,,a,
ASN00082076,19320605,PRCP,18,,,a,
ASN00082076,19320606,PRCP,15,,,a,
ASN00082076,19320607,PRCP,0,,,a,
ASN00082076,19320608,PRCP,0,,,a,
ASN00082076,19320609,PRCP,0,,,a,
ASN00082076,19320610,PRCP,0,,,a,
ASN00082076,19320611,PRCP,0,,,a,
ASN00082076,19320612,PRCP,0,,,a,
ASN00082076,19320613,PRCP,330,,,a,
ASN00082076,19320614,PRCP,236,,,a,
ASN00082076,19320615,PRCP,155,,,a,
ASN00082076,19320616,PRCP,150,,,a,
ASN00082076,19320617,PRCP,84,,,a,
ASN00082076,19320618,PRCP,23,,,a,
ASN00082076,19320619,PRCP,20,,,a,
ASN00082076,19320620,PRCP,135,,,a,
ASN00082076,19320621,PRCP,20,,,a,
ASN00082076,19320622,PRCP,351,,,a,
ASN00082076,19320623,PRCP,38,,,a,
ASN00082076,19320624,PRCP,38,,,a,
ASN00082076,19320625,PRCP,0,,,a,
ASN00082076,19320626,PRCP,56,,,a,
ASN00082076,19320627,PRCP,0,,,a,
ASN00082076,19320628,PRCP,0,,,a,
ASN00082076,19320629,PRCP,0,,,a,
ASN00082076,19320630,PRCP,0,,,a,
ASN00082076,19320701,PRCP,0,,,a,
ASN00082076,19320702,PRCP,0,,,a,
ASN00082076,19320703,PRCP,0,,,a,
ASN00082076,19320704,PRCP,282,,,a,
ASN00082076,19320705,PRCP,155,,,a,
ASN00082076,19320706,PRCP,0,,,a,
ASN00082076,19320707,PRCP,64,,,a,
ASN00082076,19320708,PRCP,0,,,a,
ASN00082076,19320709,PRCP,0,,,a,
ASN00082076,19320710,PRCP,0,,,a,
ASN00082076,19320711,PRCP,0,,,a,
ASN00082076,19320712,PRCP,0,,,a,
ASN00082076,19320713,PRCP,0,,,a,
ASN00082076,19320714,PRCP,0,,,a,
ASN00082076,19320715,PRCP,0,,,a,
ASN00082076,19320716,PRCP,0,,,a,
ASN00082076,19320717,PRCP,0,,,a,
ASN00082076,19320718,PRCP,25,,,a,
ASN00082076,19320719,PRCP,23,,,a,
ASN00082076,19320720,PRCP,0,,,a,
ASN00082076,19320721,PRCP,33,,,a,
ASN00082076,19320722,PRCP,0,,,a,
ASN00082076,19320723,PRCP,0,,,a,
ASN00082076,19320724,PRCP,0,,,a,
ASN00082076,19320725,PRCP,173,,,a,
ASN00082076,19320726,PRCP,0,,,a,
ASN00082076,19320727,PRCP,0,,,a,
ASN00082076,19320728,PRCP,0,,,a,
ASN00082076,19320729,PRCP,0,,,a,
ASN00082076,19320730,PRCP,25,,,a,
ASN00082076,19320731,PRCP,94,,,a,
ASN00082076,19320801,PRCP,0,,,a,
ASN00082076,19320802,PRCP,0,,,a,
ASN00082076,19320803,PRCP,0,,,a,
ASN00082076,19320804,PRCP,0,,,a,
ASN00082076,19320805,PRCP,102,,,a,
ASN00082076,19320806,PRCP,0,,,a,
ASN00082076,19320807,PRCP,119,,,a,
ASN00082076,19320808,PRCP,0,,,a,
ASN00082076,19320809,PRCP,36,,,a,
ASN00082076,19320810,PRCP,41,,,a,
ASN00082076,19320811,PRCP,0,,,a,
ASN00082076,19320812,PRCP,89,,,a,
ASN00082076,19320813,PRCP,150,,,a,
ASN00082076,19320814,PRCP,76,,,a,
ASN00082076,19320815,PRCP,30,,,a,
ASN00082076,19320816,PRCP,0,,,a,
ASN00082076,19320817,PRCP,0,,,a,
ASN00082076,19320818,PRCP,13,,,a,
ASN00082076,19320819,PRCP,0,,,a,
ASN00082076,19320820,PRCP,0,,,a,
ASN00082076,19320821,PRCP,0,,,a,
ASN00082076,19320822,PRCP,0,,,a,
ASN00082076,19320823,PRCP,109,,,a,
ASN00082076,19320824,PRCP,33,,,a,
ASN00082076,19320825,PRCP,0,,,a,
ASN00082076,19320826,PRCP,76,,,a,
ASN00082076,19320827,PRCP,282,,,a,
ASN00082076,19320828,PRCP,25,,,a,
ASN00082076,19320829,PRCP,10,,,a,
ASN00082076,19320830,PRCP,368,,,a,
ASN00082076,19320831,PRCP,323,,,a,
ASN00082076,19320901,PRCP,46,,,a,
ASN00082076,19320902,PRCP,53,,,a,
ASN00082076,19320903,PRCP,0,,,a,
ASN00082076,19320904,PRCP,0,,,a,
ASN00082076,19320905,PRCP,114,,,a,
ASN00082076,19320906,PRCP,0,,,a,
ASN00082076,19320907,PRCP,0,,,a,
ASN00082076,19320908,PRCP,0,,,a,
ASN00082076,19320909,PRCP,0,,,a,
ASN00082076,19320910,PRCP,0,,,a,
ASN00082076,19320911,PRCP,0,,,a,
ASN00082076,19320912,PRCP,0,,,a,
ASN00082076,19320913,PRCP,0,,,a,
ASN00082076,19320914,PRCP,0,,,a,
ASN00082076,19320915,PRCP,0,,,a,
ASN00082076,19320916,PRCP,0,,,a,
ASN00082076,19320917,PRCP,0,,,a,
ASN00082076,19320918,PRCP,0,,,a,
ASN00082076,19320919,PRCP,94,,,a,
ASN00082076,19320920,PRCP,56,,,a,
ASN00082076,19320921,PRCP,0,,,a,
ASN00082076,19320922,PRCP,81,,,a,
ASN00082076,19320923,PRCP,36,,,a,
ASN00082076,19320924,PRCP,0,,,a,
ASN00082076,19320925,PRCP,0,,,a,
ASN00082076,19320926,PRCP,0,,,a,
ASN00082076,19320927,PRCP,0,,,a,
ASN00082076,19320928,PRCP,0,,,a,
ASN00082076,19320929,PRCP,0,,,a,
ASN00082076,19320930,PRCP,180,,,a,
ASN00082076,19321001,PRCP,10,,,a,
ASN00082076,19321002,PRCP,0,,,a,
ASN00082076,19321003,PRCP,0,,,a,
ASN00082076,19321004,PRCP,5,,,a,
ASN00082076,19321005,PRCP,89,,,a,
ASN00082076,19321006,PRCP,0,,,a,
ASN00082076,19321007,PRCP,0,,,a,
ASN00082076,19321008,PRCP,0,,,a,
ASN00082076,19321009,PRCP,41,,,a,
ASN00082076,19321010,PRCP,28,,,a,
ASN00082076,19321011,PRCP,107,,,a,
ASN00082076,19321012,PRCP,193,,,a,
ASN00082076,19321013,PRCP,0,,,a,
ASN00082076,19321014,PRCP,145,,,a,
ASN00082076,19321015,PRCP,51,,,a,
ASN00082076,19321016,PRCP,13,,,a,
ASN00082076,19321017,PRCP,10,,,a,
ASN00082076,19321018,PRCP,13,,,a,
ASN00082076,19321019,PRCP,51,,,a,
ASN00082076,19321020,PRCP,0,,,a,
ASN00082076,19321021,PRCP,51,,,a,
ASN00082076,19321022,PRCP,0,,,a,
ASN00082076,19321023,PRCP,0,,,a,
ASN00082076,19321024,PRCP,0,,,a,
ASN00082076,19321025,PRCP,0,,,a,
ASN00082076,19321026,PRCP,0,,,a,
ASN00082076,19321027,PRCP,127,,,a,
ASN00082076,19321028,PRCP,0,,,a,
ASN00082076,19321029,PRCP,0,,,a,
ASN00082076,19321030,PRCP,0,,,a,
ASN00082076,19321031,PRCP,28,,,a,
ASN00082076,19321101,PRCP,43,,,a,
ASN00082076,19321102,PRCP,23,,,a,
ASN00082076,19321103,PRCP,0,,,a,
ASN00082076,19321104,PRCP,58,,,a,
ASN00082076,19321105,PRCP,0,,,a,
ASN00082076,19321106,PRCP,0,,,a,
ASN00082076,19321107,PRCP,13,,,a,
ASN00082076,19321108,PRCP,0,,,a,
ASN00082076,19321109,PRCP,0,,,a,
ASN00082076,19321110,PRCP,0,,,a,
ASN00082076,19321111,PRCP,0,,,a,
ASN00082076,19321112,PRCP,0,,,a,
ASN00082076,19321113,PRCP,269,,,a,
ASN00082076,19321114,PRCP,41,,,a,
ASN00082076,19321115,PRCP,0,,,a,
ASN00082076,19321116,PRCP,0,,,a,
ASN00082076,19321117,PRCP,0,,,a,
ASN00082076,19321118,PRCP,0,,,a,
ASN00082076,19321119,PRCP,0,,,a,
ASN00082076,19321120,PRCP,0,,,a,
ASN00082076,19321121,PRCP,25,,,a,
ASN00082076,19321122,PRCP,0,,,a,
ASN00082076,19321123,PRCP,10,,,a,
ASN00082076,19321124,PRCP,0,,,a,
ASN00082076,19321125,PRCP,0,,,a,
ASN00082076,19321126,PRCP,0,,,a,
ASN00082076,19321127,PRCP,0,,,a,
ASN00082076,19321128,PRCP,0,,,a,
ASN00082076,19321129,PRCP,0,,,a,
ASN00082076,19321130,PRCP,10,,,a,
ASN00082076,19321201,PRCP,0,,,a,
ASN00082076,19321202,PRCP,1186,,S,a,
ASN00082076,19321203,PRCP,0,,,a,
ASN00082076,19321204,PRCP,0,,,a,
ASN00082076,19321205,PRCP,0,,,a,
ASN00082076,19321206,PRCP,0,,,a,
ASN00082076,19321207,PRCP,0,,,a,
ASN00082076,19321208,PRCP,0,,,a,
ASN00082076,19321209,PRCP,0,,,a,
ASN00082076,19321210,PRCP,0,,,a,
ASN00082076,19321211,PRCP,0,,,a,
ASN00082076,19321212,PRCP,0,,,a,
ASN00082076,19321213,PRCP,0,,,a,
ASN00082076,19321214,PRCP,0,,,a,
ASN00082076,19321215,PRCP,0,,,a,
ASN00082076,19321216,PRCP,0,,,a,
ASN00082076,19321217,PRCP,0,,,a,
ASN00082076,19321218,PRCP,0,,,a,
ASN00082076,19321219,PRCP,0,,,a,
ASN00082076,19321220,PRCP,0,,,a,
ASN00082076,19321221,PRCP,0,,,a,
ASN00082076,19321222,PRCP,89,,,a,
ASN00082076,19321223,PRCP,94,,,a,
ASN00082076,19321224,PRCP,23,,,a,
ASN00082076,19321225,PRCP,0,,,a,
ASN00082076,19321226,PRCP,0,,,a,
ASN00082076,19321227,PRCP,0,,,a,
ASN00082076,19321228,PRCP,0,,,a,
ASN00082076,19321229,PRCP,0,,,a,
ASN00082076,19321230,PRCP,0,,,a,
ASN00082076,19321231,PRCP,0,,,a,
ASN00082076,19330101,PRCP,0,,,a,
ASN00082076,19330102,PRCP,0,,,a,
ASN00082076,19330103,PRCP,0,,,a,
ASN00082076,19330104,PRCP,0,,,a,
ASN00082076,19330105,PRCP,23,,,a,
ASN00082076,19330106,PRCP,0,,,a,
ASN00082076,19330107,PRCP,0,,,a,
ASN00082076,19330108,PRCP,0,,,a,
ASN00082076,19330109,PRCP,0,,,a,
ASN00082076,19330110,PRCP,0,,,a,
ASN00082076,19330111,PRCP,0,,,a,
ASN00082076,19330112,PRCP,0,,,a,
ASN00082076,19330113,PRCP,0,,,a,
ASN00082076,19330114,PRCP,0,,,a,
ASN00082076,19330115,PRCP,0,,,a,
ASN00082076,19330116,PRCP,8,,,a,
ASN00082076,19330117,PRCP,0,,,a,
ASN00082076,19330118,PRCP,0,,,a,
ASN00082076,19330119,PRCP,0,,,a,
ASN00082076,19330120,PRCP,0,,,a,
ASN00082076,19330121,PRCP,5,,,a,
ASN00082076,19330122,PRCP,0,,,a,
ASN00082076,19330123,PRCP,25,,,a,
ASN00082076,19330124,PRCP,114,,,a,
ASN00082076,19330125,PRCP,38,,,a,
ASN00082076,19330126,PRCP,0,,,a,
ASN00082076,19330127,PRCP,0,,,a,
ASN00082076,19330128,PRCP,0,,,a,
ASN00082076,19330129,PRCP,0,,,a,
ASN00082076,19330130,PRCP,0,,,a,
ASN00082076,19330131,PRCP,36,,,a,
ASN00082076,19330201,PRCP,0,,,a,
ASN00082076,19330202,PRCP,0,,,a,
ASN00082076,19330203,PRCP,0,,,a,
ASN00082076,19330204,PRCP,0,,,a,
ASN00082076,19330205,PRCP,0,,,a,
ASN00082076,19330206,PRCP,0,,,a,
ASN00082076,19330207,PRCP,0,,,a,
ASN00082076,19330208,PRCP,0,,,a,
ASN00082076,19330209,PRCP,33,,,a,
ASN00082076,19330210,PRCP,0,,,a,
ASN00082076,19330211,PRCP,0,,,a,
ASN00082076,19330212,PRCP,0,,,a,
ASN00082076,19330213,PRCP,0,,,a,
ASN00082076,19330214,PRCP,0,,,a,
ASN00082076,19330215,PRCP,0,,,a,
ASN00082076,19330216,PRCP,0,,,a,
ASN00082076,19330217,PRCP,0,,,a,
ASN00082076,19330218,PRCP,0,,,a,
ASN00082076,19330219,PRCP,0,,,a,
ASN00082076,19330220,PRCP,0,,,a,
ASN00082076,19330221,PRCP,0,,,a,
ASN00082076,19330222,PRCP,0,,,a,
ASN00082076,19330223,PRCP,0,,,a,
ASN00082076,19330224,PRCP,0,,,a,
ASN00082076,19330225,PRCP,0,,,a,
ASN00082076,19330226,PRCP,0,,,a,
ASN00082076,19330227,PRCP,0,,,a,
ASN00082076,19330228,PRCP,0,,,a,
ASN00082076,19330301,PRCP,0,,,a,
ASN00082076,19330302,PRCP,0,,,a,
ASN00082076,19330303,PRCP,0,,,a,
ASN00082076,19330304,PRCP,0,,,a,
ASN00082076,19330305,PRCP,135,,,a,
ASN00082076,19330306,PRCP,0,,,a,
ASN00082076,19330307,PRCP,0,,,a,
ASN00082076,19330308,PRCP,0,,,a,
ASN00082076,19330309,PRCP,0,,,a,
ASN00082076,19330310,PRCP,0,,,a,
ASN00082076,19330311,PRCP,0,,,a,
ASN00082076,19330312,PRCP,53,,,a,
ASN00082076,19330313,PRCP,0,,,a,
ASN00082076,19330314,PRCP,0,,,a,
ASN00082076,19330315,PRCP,0,,,a,
ASN00082076,19330316,PRCP,0,,,a,
ASN00082076,19330317,PRCP,43,,,a,
ASN00082076,19330318,PRCP,0,,,a,
ASN00082076,19330319,PRCP,13,,,a,
ASN00082076,19330320,PRCP,0,,,a,
ASN00082076,19330321,PRCP,13,,,a,
ASN00082076,19330322,PRCP,0,,,a,
ASN00082076,19330323,PRCP,0,,,a,
ASN00082076,19330324,PRCP,0,,,a,
ASN00082076,19330325,PRCP,0,,,a,
ASN00082076,19330326,PRCP,0,,,a,
ASN00082076,19330327,PRCP,0,,,a,
ASN00082076,19330328,PRCP,0,,,a,
ASN00082076,19330329,PRCP,0,,,a,
ASN00082076,19330330,PRCP,0,,,a,
ASN00082076,19330331,PRCP,0,,,a,
ASN00082076,19330401,PRCP,0,,,a,
ASN00082076,19330402,PRCP,0,,,a,
ASN00082076,19330403,PRCP,0,,,a,
ASN00082076,19330404,PRCP,0,,,a,
ASN00082076,19330405,PRCP,0,,,a,
ASN00082076,19330406,PRCP,84,,,a,
ASN00082076,19330407,PRCP,13,,,a,
ASN00082076,19330408,PRCP,0,,,a,
ASN00082076,19330409,PRCP,0,,,a,
ASN00082076,19330410,PRCP,25,,,a,
ASN00082076,19330411,PRCP,25,,,a,
ASN00082076,19330412,PRCP,66,,,a,
ASN00082076,19330413,PRCP,13,,,a,
ASN00082076,19330414,PRCP,0,,,a,
ASN00082076,19330415,PRCP,0,,,a,
ASN00082076,19330416,PRCP,0,,,a,
ASN00082076,19330417,PRCP,0,,,a,
ASN00082076,19330418,PRCP,0,,,a,
ASN00082076,19330419,PRCP,0,,,a,
ASN00082076,19330420,PRCP,0,,,a,
ASN00082076,19330421,PRCP,0,,,a,
ASN00082076,19330422,PRCP,0,,,a,
ASN00082076,19330423,PRCP,0,,,a,
ASN00082076,19330424,PRCP,0,,,a,
ASN00082076,19330425,PRCP,0,,,a,
ASN00082076,19330426,PRCP,0,,,a,
ASN00082076,19330427,PRCP,0,,,a,
ASN00082076,19330428,PRCP,56,,,a,
ASN00082076,19330429,PRCP,0,,,a,
ASN00082076,19330430,PRCP,0,,,a,
ASN00082076,19330501,PRCP,0,,,a,
ASN00082076,19330502,PRCP,140,,,a,
ASN00082076,19330503,PRCP,0,,,a,
ASN00082076,19330504,PRCP,15,,,a,
ASN00082076,19330505,PRCP,0,,,a,
ASN00082076,19330506,PRCP,0,,,a,
ASN00082076,19330507,PRCP,0,,,a,
ASN00082076,19330508,PRCP,0,,,a,
ASN00082076,19330509,PRCP,0,,,a,
ASN00082076,19330510,PRCP,0,,,a,
ASN00082076,19330511,PRCP,0,,,a,
ASN00082076,19330512,PRCP,0,,,a,
ASN00082076,19330513,PRCP,0,,,a,
ASN00082076,19330514,PRCP,305,,,a,
ASN00082076,19330515,PRCP,213,,,a,
ASN00082076,19330516,PRCP,0,,,a,
ASN00082076,19330517,PRCP,0,,,a,
ASN00082076,19330518,PRCP,0,,,a,
ASN00082076,19330519,PRCP,0,,,a,
ASN00082076,19330520,PRCP,0,,,a,
ASN00082076,19330521,PRCP,0,,,a,
ASN00082076,19330522,PRCP,0,,,a,
ASN00082076,19330523,PRCP,0,,,a,
ASN00082076,19330524,PRCP,0,,,a,
ASN00082076,19330525,PRCP,0,,,a,
ASN00082076,19330526,PRCP,315,,,a,
ASN00082076,19330527,PRCP,0,,,a,
ASN00082076,19330528,PRCP,64,,,a,
ASN00082076,19330529,PRCP,127,,,a,
ASN00082076,19330530,PRCP,254,,,a,
ASN00082076,19330531,PRCP,170,,,a,
ASN00082076,19330601,PRCP,0,,,a,
ASN00082076,19330602,PRCP,15,,,a,
ASN00082076,19330603,PRCP,5,,,a,
ASN00082076,19330604,PRCP,0,,,a,
ASN00082076,19330605,PRCP,0,,,a,
ASN00082076,19330606,PRCP,0,,,a,
ASN00082076,19330607,PRCP,0,,,a,
ASN00082076,19330608,PRCP,0,,,a,
ASN00082076,19330609,PRCP,64,,,a,
ASN00082076,19330610,PRCP,25,,,a,
ASN00082076,19330611,PRCP,0,,,a,
ASN00082076,19330612,PRCP,0,,,a,
ASN00082076,19330613,PRCP,0,,,a,
ASN00082076,19330614,PRCP,0,,,a,
ASN00082076,19330615,PRCP,0,,,a,
ASN00082076,19330616,PRCP,0,,,a,
ASN00082076,19330617,PRCP,23,,,a,
ASN00082076,19330618,PRCP,0,,,a,
ASN00082076,19330619,PRCP,0,,,a,
ASN00082076,19330620,PRCP,0,,,a,
ASN00082076,19330621,PRCP,0,,,a,
ASN00082076,19330622,PRCP,0,,,a,
ASN00082076,19330623,PRCP,127,,,a,
ASN00082076,19330624,PRCP,498,,,a,
ASN00082076,19330625,PRCP,0,,,a,
ASN00082076,19330626,PRCP,10,,,a,
ASN00082076,19330627,PRCP,51,,,a,
ASN00082076,19330628,PRCP,15,,,a,
ASN00082076,19330629,PRCP,25,,,a,
ASN00082076,19330630,PRCP,76,,,a,
ASN00082076,19330701,PRCP,0,,,a,
ASN00082076,19330702,PRCP,0,,,a,
ASN00082076,19330703,PRCP,0,,,a,
ASN00082076,19330704,PRCP,0,,,a,
ASN00082076,19330705,PRCP,0,,,a,
ASN00082076,19330706,PRCP,56,,,a,
ASN00082076,19330707,PRCP,0,,,a,
ASN00082076,19330708,PRCP,0,,,a,
ASN00082076,19330709,PRCP,0,,,a,
ASN00082076,19330710,PRCP,0,,,a,
ASN00082076,19330711,PRCP,10,,,a,
ASN00082076,19330712,PRCP,267,,,a,
ASN00082076,19330713,PRCP,432,,,a,
ASN00082076,19330714,PRCP,434,,,a,
ASN00082076,19330715,PRCP,0,,,a,
ASN00082076,19330716,PRCP,0,,,a,
ASN00082076,19330717,PRCP,0,,,a,
ASN00082076,19330718,PRCP,0,,,a,
ASN00082076,19330719,PRCP,0,,,a,
ASN00082076,19330720,PRCP,25,,,a,
ASN00082076,19330721,PRCP,0,,,a,
ASN00082076,19330722,PRCP,0,,,a,
ASN00082076,19330723,PRCP,0,,,a,
ASN00082076,19330724,PRCP,0,,,a,
ASN00082076,19330725,PRCP,0,,,a,
ASN00082076,19330726,PRCP,0,,,a,
ASN00082076,19330727,PRCP,38,,,a,
ASN00082076,19330728,PRCP,0,,,a,
ASN00082076,19330729,PRCP,198,,,a,
ASN00082076,19330730,PRCP,102,,,a,
ASN00082076,19330731,PRCP,30,,,a,
ASN00082076,19330801,PRCP,0,,,a,
ASN00082076,19330802,PRCP,152,,,a,
ASN00082076,19330803,PRCP,69,,,a,
ASN00082076,19330804,PRCP,0,,,a,
ASN00082076,19330805,PRCP,0,,,a,
ASN00082076,19330806,PRCP,0,,,a,
ASN00082076,19330807,PRCP,0,,,a,
ASN00082076,19330808,PRCP,0,,,a,
ASN00082076,19330809,PRCP,152,,,a,
ASN00082076,19330810,PRCP,0,,,a,
ASN00082076,19330811,PRCP,0,,,a,
ASN00082076,19330812,PRCP,0,,,a,
ASN00082076,19330813,PRCP,0,,,a,
ASN00082076,19330814,PRCP,0,,,a,
ASN00082076,19330815,PRCP,0,,,a,
ASN00082076,19330816,PRCP,0,,,a,
ASN00082076,19330817,PRCP,28,,,a,
ASN00082076,19330818,PRCP,0,,,a,
ASN00082076,19330819,PRCP,0,,,a,
ASN00082076,19330820,PRCP,25,,,a,
ASN00082076,19330821,PRCP,0,,,a,
ASN00082076,19330822,PRCP,0,,,a,
ASN00082076,19330823,PRCP,107,,,a,
ASN00082076,19330824,PRCP,20,,,a,
ASN00082076,19330825,PRCP,0,,,a,
ASN00082076,19330826,PRCP,0,,,a,
ASN00082076,19330827,PRCP,0,,,a,
ASN00082076,19330828,PRCP,0,,,a,
ASN00082076,19330829,PRCP,38,,,a,
ASN00082076,19330830,PRCP,241,,,a,
ASN00082076,19330831,PRCP,0,,,a,
ASN00082076,19330901,PRCP,638,,,a,
ASN00082076,19330902,PRCP,79,,,a,
ASN00082076,19330903,PRCP,0,,,a,
ASN00082076,19330904,PRCP,0,,,a,
ASN00082076,19330905,PRCP,0,,,a,
ASN00082076,19330906,PRCP,0,,,a,
ASN00082076,19330907,PRCP,170,,,a,
ASN00082076,19330908,PRCP,432,,,a,
ASN00082076,19330909,PRCP,0,,,a,
ASN00082076,19330910,PRCP,0,,,a,
ASN00082076,19330911,PRCP,10,,,a,
ASN00082076,19330912,PRCP,15,,,a,
ASN00082076,19330913,PRCP,0,,,a,
ASN00082076,19330914,PRCP,0,,,a,
ASN00082076,19330915,PRCP,0,,,a,
ASN00082076,19330916,PRCP,0,,,a,
ASN00082076,19330917,PRCP,109,,,a,
ASN00082076,19330918,PRCP,13,,,a,
ASN00082076,19330919,PRCP,241,,,a,
ASN00082076,19330920,PRCP,122,,,a,
ASN00082076,19330921,PRCP,0,,,a,
ASN00082076,19330922,PRCP,20,,,a,
ASN00082076,19330923,PRCP,0,,,a,
ASN00082076,19330924,PRCP,0,,,a,
ASN00082076,19330925,PRCP,0,,,a,
ASN00082076,19330926,PRCP,0,,,a,
ASN00082076,19330927,PRCP,0,,,a,
ASN00082076,19330928,PRCP,0,,,a,
ASN00082076,19330929,PRCP,43,,,a,
ASN00082076,19330930,PRCP,137,,,a,
ASN00082076,19331001,PRCP,43,,,a,
ASN00082076,19331002,PRCP,89,,,a,
ASN00082076,19331003,PRCP,30,,,a,
ASN00082076,19331004,PRCP,76,,,a,
ASN00082076,19331005,PRCP,140,,,a,
ASN00082076,19331006,PRCP,20,,,a,
ASN00082076,19331007,PRCP,0,,,a,
ASN00082076,19331008,PRCP,0,,,a,
ASN00082076,19331009,PRCP,198,,,a,
ASN00082076,19331010,PRCP,0,,,a,
ASN00082076,19331011,PRCP,0,,,a,
ASN00082076,19331012,PRCP,0,,,a,
ASN00082076,19331013,PRCP,0,,,a,
ASN00082076,19331014,PRCP,0,,,a,
ASN00082076,19331015,PRCP,0,,,a,
ASN00082076,19331016,PRCP,0,,,a,
ASN00082076,19331017,PRCP,23,,,a,
ASN00082076,19331018,PRCP,0,,,a,
ASN00082076,19331019,PRCP,0,,,a,
ASN00082076,19331020,PRCP,0,,,a,
ASN00082076,19331021,PRCP,0,,,a,
ASN00082076,19331022,PRCP,0,,,a,
ASN00082076,19331023,PRCP,122,,,a,
ASN00082076,19331024,PRCP,0,,,a,
ASN00082076,19331025,PRCP,51,,,a,
ASN00082076,19331026,PRCP,0,,,a,
ASN00082076,19331027,PRCP,0,,,a,
ASN00082076,19331028,PRCP,0,,,a,
ASN00082076,19331029,PRCP,0,,,a,
ASN00082076,19331030,PRCP,0,,,a,
ASN00082076,19331031,PRCP,15,,,a,
ASN00082076,19331201,PRCP,152,,,a,
ASN00082076,19331202,PRCP,36,,,a,
ASN00082076,19331203,PRCP,0,,,a,
ASN00082076,19331204,PRCP,104,,,a,
ASN00082076,19331205,PRCP,178,,,a,
ASN00082076,19331206,PRCP,69,,,a,
ASN00082076,19331207,PRCP,0,,,a,
ASN00082076,19331208,PRCP,0,,,a,
ASN00082076,19331209,PRCP,0,,,a,
ASN00082076,19331210,PRCP,0,,,a,
ASN00082076,19331211,PRCP,0,,,a,
ASN00082076,19331212,PRCP,0,,,a,
ASN00082076,19331213,PRCP,229,,,a,
ASN00082076,19331214,PRCP,312,,,a,
ASN00082076,19331215,PRCP,168,,,a,
ASN00082076,19331216,PRCP,0,,,a,
ASN00082076,19331217,PRCP,0,,,a,
ASN00082076,19331218,PRCP,0,,,a,
ASN00082076,19331219,PRCP,0,,,a,
ASN00082076,19331220,PRCP,0,,,a,
ASN00082076,19331221,PRCP,30,,,a,
ASN00082076,19331222,PRCP,0,,,a,
ASN00082076,19331223,PRCP,0,,,a,
ASN00082076,19331224,PRCP,0,,,a,
ASN00082076,19331225,PRCP,0,,,a,
ASN00082076,19331226,PRCP,0,,,a,
ASN00082076,19331227,PRCP,41,,,a,
ASN00082076,19331228,PRCP,0,,,a,
ASN00082076,19331229,PRCP,0,,,a,
ASN00082076,19331230,PRCP,0,,,a,
ASN00082076,19331231,PRCP,0,,,a,
ASN00082076,19340101,PRCP,0,,,a,
ASN00082076,19340102,PRCP,0,,,a,
ASN00082076,19340103,PRCP,0,,,a,
ASN00082076,19340104,PRCP,0,,,a,
ASN00082076,19340105,PRCP,0,,,a,
ASN00082076,19340106,PRCP,211,,,a,
ASN00082076,19340107,PRCP,150,,,a,
ASN00082076,19340108,PRCP,229,,,a,
ASN00082076,19340109,PRCP,114,,,a,
ASN00082076,19340110,PRCP,56,,,a,
ASN00082076,19340111,PRCP,0,,,a,
ASN00082076,19340112,PRCP,0,,,a,
ASN00082076,19340113,PRCP,0,,,a,
ASN00082076,19340114,PRCP,0,,,a,
ASN00082076,19340115,PRCP,0,,,a,
ASN00082076,19340116,PRCP,0,,,a,
ASN00082076,19340117,PRCP,0,,,a,
ASN00082076,19340118,PRCP,23,,,a,
ASN00082076,19340119,PRCP,76,,,a,
ASN00082076,19340120,PRCP,0,,,a,
ASN00082076,19340121,PRCP,0,,,a,
ASN00082076,19340122,PRCP,0,,,a,
ASN00082076,19340123,PRCP,0,,,a,
ASN00082076,19340124,PRCP,0,,,a,
ASN00082076,19340125,PRCP,0,,,a,
ASN00082076,19340126,PRCP,0,,,a,
ASN00082076,19340127,PRCP,71,,,a,
ASN00082076,19340128,PRCP,0,,,a,
ASN00082076,19340129,PRCP,0,,,a,
ASN00082076,19340130,PRCP,0,,,a,
ASN00082076,19340131,PRCP,216,,,a,
ASN00082076,19340201,PRCP,0,,,a,
ASN00082076,19340202,PRCP,0,,,a,
ASN00082076,19340203,PRCP,0,,,a,
ASN00082076,19340204,PRCP,0,,,a,
ASN00082076,19340205,PRCP,0,,,a,
ASN00082076,19340206,PRCP,0,,,a,
ASN00082076,19340207,PRCP,0,,,a,
ASN00082076,19340208,PRCP,0,,,a,
ASN00082076,19340209,PRCP,0,,,a,
ASN00082076,19340210,PRCP,0,,,a,
ASN00082076,19340211,PRCP,0,,,a,
ASN00082076,19340212,PRCP,0,,,a,
ASN00082076,19340213,PRCP,0,,,a,
ASN00082076,19340214,PRCP,0,,,a,
ASN00082076,19340215,PRCP,0,,,a,
ASN00082076,19340216,PRCP,0,,,a,
ASN00082076,19340217,PRCP,0,,,a,
ASN00082076,19340218,PRCP,0,,,a,
ASN00082076,19340219,PRCP,114,,,a,
ASN00082076,19340220,PRCP,0,,,a,
ASN00082076,19340221,PRCP,0,,,a,
ASN00082076,19340222,PRCP,107,,,a,
ASN00082076,19340223,PRCP,119,,,a,
ASN00082076,19340224,PRCP,56,,,a,
ASN00082076,19340225,PRCP,0,,,a,
ASN00082076,19340226,PRCP,0,,,a,
ASN00082076,19340227,PRCP,0,,,a,
ASN00082076,19340228,PRCP,0,,,a,
ASN00082076,19340301,PRCP,0,,,a,
ASN00082076,19340302,PRCP,0,,,a,
ASN00082076,19340303,PRCP,0,,,a,
ASN00082076,19340304,PRCP,0,,,a,
ASN00082076,19340305,PRCP,0,,,a,
ASN00082076,19340306,PRCP,0,,,a,
ASN00082076,19340307,PRCP,0,,,a,
ASN00082076,19340308,PRCP,0,,,a,
ASN00082076,19340309,PRCP,0,,,a,
ASN00082076,19340310,PRCP,0,,,a,
ASN00082076,19340311,PRCP,0,,,a,
ASN00082076,19340312,PRCP,0,,,a,
ASN00082076,19340313,PRCP,0,,,a,
ASN00082076,19340314,PRCP,0,,,a,
ASN00082076,19340315,PRCP,0,,,a,
ASN00082076,19340316,PRCP,356,,,a,
ASN00082076,19340317,PRCP,234,,,a,
ASN00082076,19340318,PRCP,23,,,a,
ASN00082076,19340319,PRCP,81,,,a,
ASN00082076,19340320,PRCP,0,,,a,
ASN00082076,19340321,PRCP,0,,,a,
ASN00082076,19340322,PRCP,0,,,a,
ASN00082076,19340323,PRCP,0,,,a,
ASN00082076,19340324,PRCP,0,,,a,
ASN00082076,19340325,PRCP,0,,,a,
ASN00082076,19340326,PRCP,0,,,a,
ASN00082076,19340327,PRCP,0,,,a,
ASN00082076,19340328,PRCP,0,,,a,
ASN00082076,19340329,PRCP,0,,,a,
ASN00082076,19340330,PRCP,0,,,a,
ASN00082076,19340331,PRCP,0,,,a,
ASN00082076,19340401,PRCP,0,,,a,
ASN00082076,19340402,PRCP,0,,,a,
ASN00082076,19340403,PRCP,0,,,a,
ASN00082076,19340404,PRCP,0,,,a,
ASN00082076,19340405,PRCP,145,,,a,
ASN00082076,19340406,PRCP,0,,,a,
ASN00082076,19340407,PRCP,0,,,a,
ASN00082076,19340408,PRCP,0,,,a,
ASN00082076,19340409,PRCP,0,,,a,
ASN00082076,19340410,PRCP,0,,,a,
ASN00082076,19340411,PRCP,0,,,a,
ASN00082076,19340412,PRCP,0,,,a,
ASN00082076,19340413,PRCP,0,,,a,
ASN00082076,19340414,PRCP,0,,,a,
ASN00082076,19340415,PRCP,114,,,a,
ASN00082076,19340416,PRCP,36,,,a,
ASN00082076,19340417,PRCP,10,,,a,
ASN00082076,19340418,PRCP,76,,,a,
ASN00082076,19340419,PRCP,203,,,a,
ASN00082076,19340420,PRCP,0,,,a,
ASN00082076,19340421,PRCP,157,,,a,
ASN00082076,19340422,PRCP,51,,,a,
ASN00082076,19340423,PRCP,114,,,a,
ASN00082076,19340424,PRCP,0,,,a,
ASN00082076,19340425,PRCP,0,,,a,
ASN00082076,19340426,PRCP,0,,,a,
ASN00082076,19340427,PRCP,0,,,a,
ASN00082076,19340428,PRCP,0,,,a,
ASN00082076,19340429,PRCP,0,,,a,
ASN00082076,19340430,PRCP,0,,,a,
ASN00082076,19340501,PRCP,0,,,a,
ASN00082076,19340502,PRCP,0,,,a,
ASN00082076,19340503,PRCP,0,,,a,
ASN00082076,19340504,PRCP,0,,,a,
ASN00082076,19340505,PRCP,0,,,a,
ASN00082076,19340506,PRCP,0,,,a,
ASN00082076,19340507,PRCP,0,,,a,
ASN00082076,19340508,PRCP,0,,,a,
ASN00082076,19340509,PRCP,0,,,a,
ASN00082076,19340510,PRCP,0,,,a,
ASN00082076,19340511,PRCP,0,,,a,
ASN00082076,19340512,PRCP,0,,,a,
ASN00082076,19340513,PRCP,0,,,a,
ASN00082076,19340514,PRCP,0,,,a,
ASN00082076,19340515,PRCP,0,,,a,
ASN00082076,19340516,PRCP,0,,,a,
ASN00082076,19340517,PRCP,0,,,a,
ASN00082076,19340518,PRCP,0,,,a,
ASN00082076,19340519,PRCP,0,,,a,
ASN00082076,19340520,PRCP,0,,,a,
ASN00082076,19340521,PRCP,0,,,a,
ASN00082076,19340522,PRCP,0,,,a,
ASN00082076,19340523,PRCP,0,,,a,
ASN00082076,19340524,PRCP,0,,,a,
ASN00082076,19340525,PRCP,0,,,a,
ASN00082076,19340526,PRCP,0,,,a,
ASN00082076,19340527,PRCP,0,,,a,
ASN00082076,19340528,PRCP,0,,,a,
ASN00082076,19340529,PRCP,0,,,a,
ASN00082076,19340530,PRCP,0,,,a,
ASN00082076,19340531,PRCP,0,,,a,
ASN00082076,19340601,PRCP,0,,,a,
ASN00082076,19340602,PRCP,13,,,a,
ASN00082076,19340603,PRCP,0,,,a,
ASN00082076,19340604,PRCP,51,,,a,
ASN00082076,19340605,PRCP,0,,,a,
ASN00082076,19340606,PRCP,0,,,a,
ASN00082076,19340607,PRCP,0,,,a,
ASN00082076,19340608,PRCP,0,,,a,
ASN00082076,19340609,PRCP,0,,,a,
ASN00082076,19340610,PRCP,0,,,a,
ASN00082076,19340611,PRCP,0,,,a,
ASN00082076,19340612,PRCP,0,,,a,
ASN00082076,19340613,PRCP,0,,,a,
ASN00082076,19340614,PRCP,0,,,a,
ASN00082076,19340615,PRCP,114,,,a,
ASN00082076,19340616,PRCP,142,,,a,
ASN00082076,19340617,PRCP,0,,,a,
ASN00082076,19340618,PRCP,0,,,a,
ASN00082076,19340619,PRCP,0,,,a,
ASN00082076,19340620,PRCP,0,,,a,
ASN00082076,19340621,PRCP,0,,,a,
ASN00082076,19340622,PRCP,0,,,a,
ASN00082076,19340623,PRCP,0,,,a,
ASN00082076,19340624,PRCP,0,,,a,
ASN00082076,19340625,PRCP,114,,,a,
ASN00082076,19340626,PRCP,254,,,a,
ASN00082076,19340627,PRCP,71,,,a,
ASN00082076,19340628,PRCP,0,,,a,
ASN00082076,19340629,PRCP,0,,,a,
ASN00082076,19340630,PRCP,0,,,a,
ASN00082076,19340701,PRCP,0,,,a,
ASN00082076,19340702,PRCP,0,,,a,
ASN00082076,19340703,PRCP,0,,,a,
ASN00082076,19340704,PRCP,0,,,a,
ASN00082076,19340705,PRCP,38,,,a,
ASN00082076,19340706,PRCP,13,,,a,
ASN00082076,19340707,PRCP,0,,,a,
ASN00082076,19340708,PRCP,102,,,a,
ASN00082076,19340709,PRCP,533,,,a,
ASN00082076,19340710,PRCP,292,,,a,
ASN00082076,19340711,PRCP,325,,,a,
ASN00082076,19340712,PRCP,0,,,a,
ASN00082076,19340713,PRCP,0,,,a,
ASN00082076,19340714,PRCP,0,,,a,
ASN00082076,19340715,PRCP,0,,,a,
ASN00082076,19340716,PRCP,0,,,a,
ASN00082076,19340717,PRCP,0,,,a,
ASN00082076,19340718,PRCP,127,,,a,
ASN00082076,19340719,PRCP,38,,,a,
ASN00082076,19340720,PRCP,0,,,a,
ASN00082076,19340721,PRCP,25,,,a,
ASN00082076,19340722,PRCP,0,,,a,
ASN00082076,19340723,PRCP,0,,,a,
ASN00082076,19340724,PRCP,0,,,a,
ASN00082076,19340725,PRCP,0,,,a,
ASN00082076,19340726,PRCP,51,,,a,
ASN00082076,19340727,PRCP,0,,,a,
ASN00082076,19340728,PRCP,0,,,a,
ASN00082076,19340729,PRCP,0,,,a,
ASN00082076,19340730,PRCP,0,,,a,
ASN00082076,19340731,PRCP,91,,,a,
ASN00082076,19340801,PRCP,0,,,a,
ASN00082076,19340802,PRCP,0,,,a,
ASN00082076,19340803,PRCP,10,,,a,
ASN00082076,19340804,PRCP,137,,,a,
ASN00082076,19340805,PRCP,30,,,a,
ASN00082076,19340806,PRCP,10,,,a,
ASN00082076,19340807,PRCP,0,,,a,
ASN00082076,19340808,PRCP,15,,,a,
ASN00082076,19340809,PRCP,56,,,a,
ASN00082076,19340810,PRCP,0,,,a,
ASN00082076,19340811,PRCP,13,,,a,
ASN00082076,19340812,PRCP,25,,,a,
ASN00082076,19340813,PRCP,76,,,a,
ASN00082076,19340814,PRCP,254,,,a,
ASN00082076,19340815,PRCP,432,,,a,
ASN00082076,19340816,PRCP,0,,,a,
ASN00082076,19340817,PRCP,0,,,a,
ASN00082076,19340818,PRCP,0,,,a,
ASN00082076,19340819,PRCP,102,,,a,
ASN00082076,19340820,PRCP,0,,,a,
ASN00082076,19340821,PRCP,0,,,a,
ASN00082076,19340822,PRCP,0,,,a,
ASN00082076,19340823,PRCP,0,,,a,
ASN00082076,19340824,PRCP,0,,,a,
ASN00082076,19340825,PRCP,0,,,a,
ASN00082076,19340826,PRCP,0,,,a,
ASN00082076,19340827,PRCP,191,,,a,
ASN00082076,19340828,PRCP,97,,,a,
ASN00082076,19340829,PRCP,229,,,a,
ASN00082076,19340830,PRCP,76,,,a,
ASN00082076,19340831,PRCP,0,,,a,
ASN00082076,19340901,PRCP,0,,,a,
ASN00082076,19340902,PRCP,0,,,a,
ASN00082076,19340903,PRCP,0,,,a,
ASN00082076,19340904,PRCP,0,,,a,
ASN00082076,19340905,PRCP,0,,,a,
ASN00082076,19340906,PRCP,119,,,a,
ASN00082076,19340907,PRCP,0,,,a,
ASN00082076,19340908,PRCP,38,,,a,
ASN00082076,19340909,PRCP,0,,,a,
ASN00082076,19340910,PRCP,0,,,a,
ASN00082076,19340911,PRCP,0,,,a,
ASN00082076,19340912,PRCP,0,,,a,
ASN00082076,19340913,PRCP,0,,,a,
ASN00082076,19340914,PRCP,0,,,a,
ASN00082076,19340915,PRCP,0,,,a,
ASN00082076,19340916,PRCP,178,,,a,
ASN00082076,19340917,PRCP,0,,,a,
ASN00082076,19340918,PRCP,0,,,a,
ASN00082076,19340919,PRCP,0,,,a,
ASN00082076,19340920,PRCP,0,,,a,
ASN00082076,19340921,PRCP,292,,,a,
ASN00082076,19340922,PRCP,97,,,a,
ASN00082076,19340923,PRCP,0,,,a,
ASN00082076,19340924,PRCP,0,,,a,
ASN00082076,19340925,PRCP,15,,,a,
ASN00082076,19340926,PRCP,0,,,a,
ASN00082076,19340927,PRCP,18,,,a,
ASN00082076,19340928,PRCP,178,,,a,
ASN00082076,19340929,PRCP,0,,,a,
ASN00082076,19340930,PRCP,213,,,a,
ASN00082076,19341101,PRCP,0,,,a,
ASN00082076,19341102,PRCP,76,,,a,
ASN00082076,19341103,PRCP,20,,,a,
ASN00082076,19341104,PRCP,0,,,a,
ASN00082076,19341105,PRCP,0,,,a,
ASN00082076,19341106,PRCP,0,,,a,
ASN00082076,19341107,PRCP,300,,,a,
ASN00082076,19341108,PRCP,152,,,a,
ASN00082076,19341109,PRCP,389,,,a,
ASN00082076,19341110,PRCP,102,,,a,
ASN00082076,19341111,PRCP,0,,,a,
ASN00082076,19341112,PRCP,0,,,a,
ASN00082076,19341113,PRCP,0,,,a,
ASN00082076,19341114,PRCP,0,,,a,
ASN00082076,19341115,PRCP,0,,,a,
ASN00082076,19341116,PRCP,0,,,a,
ASN00082076,19341117,PRCP,46,,,a,
ASN00082076,19341118,PRCP,0,,,a,
ASN00082076,19341119,PRCP,0,,,a,
ASN00082076,19341120,PRCP,0,,,a,
ASN00082076,19341121,PRCP,0,,,a,
ASN00082076,19341122,PRCP,0,,,a,
ASN00082076,19341123,PRCP,0,,,a,
ASN00082076,19341124,PRCP,0,,,a,
ASN00082076,19341125,PRCP,0,,,a,
ASN00082076,19341126,PRCP,107,,,a,
ASN00082076,19341127,PRCP,0,,,a,
ASN00082076,19341128,PRCP,0,,,a,
ASN00082076,19341129,PRCP,0,,,a,
ASN00082076,19341130,PRCP,521,,,a,
ASN00082076,19350101,PRCP,0,,,a,
ASN00082076,19350102,PRCP,0,,,a,
ASN00082076,19350103,PRCP,0,,,a,
ASN00082076,19350104,PRCP,0,,,a,
ASN00082076,19350105,PRCP,127,,,a,
ASN00082076,19350106,PRCP,135,,,a,
ASN00082076,19350107,PRCP,30,,,a,
ASN00082076,19350108,PRCP,0,,,a,
ASN00082076,19350109,PRCP,0,,,a,
ASN00082076,19350110,PRCP,0,,,a,
ASN00082076,19350111,PRCP,0,,,a,
ASN00082076,19350112,PRCP,0,,,a,
ASN00082076,19350113,PRCP,165,,,a,
ASN00082076,19350114,PRCP,381,,,a,
ASN00082076,19350115,PRCP,0,,,a,
ASN00082076,19350116,PRCP,0,,,a,
ASN00082076,19350117,PRCP,0,,,a,
ASN00082076,19350118,PRCP,0,,,a,
ASN00082076,19350119,PRCP,0,,,a,
ASN00082076,19350120,PRCP,0,,,a,
ASN00082076,19350121,PRCP,0,,,a,
ASN00082076,19350122,PRCP,0,,,a,
ASN00082076,19350123,PRCP,0,,,a,
ASN00082076,19350124,PRCP,0,,,a,
ASN00082076,19350125,PRCP,0,,,a,
ASN00082076,19350126,PRCP,0,,,a,
ASN00082076,19350127,PRCP,0,,,a,
ASN00082076,19350128,PRCP,0,,,a,
ASN00082076,19350129,PRCP,0,,,a,
ASN00082076,19350130,PRCP,0,,,a,
ASN00082076,19350131,PRCP,0,,,a,
ASN00082076,19350201,PRCP,0,,,a,
ASN00082076,19350202,PRCP,25,,,a,
ASN00082076,19350203,PRCP,30,,,a,
ASN00082076,19350204,PRCP,0,,,a,
ASN00082076,19350205,PRCP,0,,,a,
ASN00082076,19350206,PRCP,0,,,a,
ASN00082076,19350207,PRCP,0,,,a,
ASN00082076,19350208,PRCP,229,,,a,
ASN00082076,19350209,PRCP,36,,,a,
ASN00082076,19350210,PRCP,163,,,a,
ASN00082076,19350211,PRCP,262,,,a,
ASN00082076,19350212,PRCP,91,,,a,
ASN00082076,19350213,PRCP,13,,,a,
ASN00082076,19350214,PRCP,0,,,a,
ASN00082076,19350215,PRCP,0,,,a,
ASN00082076,19350216,PRCP,0,,,a,
ASN00082076,19350217,PRCP,0,,,a,
ASN00082076,19350218,PRCP,0,,,a,
ASN00082076,19350219,PRCP,0,,,a,
ASN00082076,19350220,PRCP,0,,,a,
ASN00082076,19350221,PRCP,0,,,a,
ASN00082076,19350222,PRCP,0,,,a,
ASN00082076,19350223,PRCP,0,,,a,
ASN00082076,19350224,PRCP,0,,,a,
ASN00082076,19350225,PRCP,0,,,a,
ASN00082076,19350226,PRCP,0,,,a,
ASN00082076,19350227,PRCP,0,,,a,
ASN00082076,19350228,PRCP,0,,,a,
ASN00082076,19350301,PRCP,0,,,a,
ASN00082076,19350302,PRCP,0,,,a,
ASN00082076,19350303,PRCP,0,,,a,
ASN00082076,19350304,PRCP,0,,,a,
ASN00082076,19350305,PRCP,0,,,a,
ASN00082076,19350306,PRCP,0,,,a,
ASN00082076,19350307,PRCP,0,,,a,
ASN00082076,19350308,PRCP,0,,,a,
ASN00082076,19350309,PRCP,0,,,a,
ASN00082076,19350310,PRCP,0,,,a,
ASN00082076,19350311,PRCP,0,,,a,
ASN00082076,19350312,PRCP,23,,,a,
ASN00082076,19350313,PRCP,0,,,a,
ASN00082076,19350314,PRCP,0,,,a,
ASN00082076,19350315,PRCP,76,,,a,
ASN00082076,19350316,PRCP,38,,,a,
ASN00082076,19350317,PRCP,10,,,a,
ASN00082076,19350318,PRCP,0,,,a,
ASN00082076,19350319,PRCP,33,,,a,
ASN00082076,19350320,PRCP,18,,,a,
ASN00082076,19350321,PRCP,64,,,a,
ASN00082076,19350322,PRCP,211,,,a,
ASN00082076,19350323,PRCP,20,,,a,
ASN00082076,19350324,PRCP,0,,,a,
ASN00082076,19350325,PRCP,15,,,a,
ASN00082076,19350326,PRCP,0,,,a,
ASN00082076,19350327,PRCP,0,,,a,
ASN00082076,19350328,PRCP,0,,,a,
ASN00082076,19350329,PRCP,0,,,a,
ASN00082076,19350330,PRCP,0,,,a,
ASN00082076,19350331,PRCP,0,,,a,
ASN00082076,19350401,PRCP,0,,,a,
ASN00082076,19350402,PRCP,0,,,a,
ASN00082076,19350403,PRCP,0,,,a,
ASN00082076,19350404,PRCP,0,,,a,
ASN00082076,19350405,PRCP,0,,,a,
ASN00082076,19350406,PRCP,0,,,a,
ASN00082076,19350407,PRCP,0,,,a,
ASN00082076,19350408,PRCP,373,,,a,
ASN00082076,19350409,PRCP,0,,,a,
ASN00082076,19350410,PRCP,0,,,a,
ASN00082076,19350411,PRCP,0,,,a,
ASN00082076,19350412,PRCP,0,,,a,
ASN00082076,19350413,PRCP,127,,,a,
ASN00082076,19350414,PRCP,191,,,a,
ASN00082076,19350415,PRCP,46,,,a,
ASN00082076,19350416,PRCP,36,,,a,
ASN00082076,19350417,PRCP,277,,,a,
ASN00082076,19350418,PRCP,41,,,a,
ASN00082076,19350419,PRCP,18,,,a,
ASN00082076,19350420,PRCP,165,,,a,
ASN00082076,19350421,PRCP,102,,,a,
ASN00082076,19350422,PRCP,51,,,a,
ASN00082076,19350423,PRCP,18,,,a,
ASN00082076,19350424,PRCP,8,,,a,
ASN00082076,19350425,PRCP,0,,,a,
ASN00082076,19350426,PRCP,0,,,a,
ASN00082076,19350427,PRCP,0,,,a,
ASN00082076,19350428,PRCP,0,,,a,
ASN00082076,19350429,PRCP,155,,,a,
ASN00082076,19350430,PRCP,224,,,a,
ASN00082076,19350501,PRCP,0,,,a,
ASN00082076,19350502,PRCP,0,,,a,
ASN00082076,19350503,PRCP,0,,,a,
ASN00082076,19350504,PRCP,0,,,a,
ASN00082076,19350505,PRCP,0,,,a,
ASN00082076,19350506,PRCP,0,,,a,
ASN00082076,19350507,PRCP,0,,,a,
ASN00082076,19350508,PRCP,0,,,a,
ASN00082076,19350509,PRCP,0,,,a,
ASN00082076,19350510,PRCP,20,,,a,
ASN00082076,19350511,PRCP,81,,,a,
ASN00082076,19350512,PRCP,0,,,a,
ASN00082076,19350513,PRCP,0,,,a,
ASN00082076,19350514,PRCP,76,,,a,
ASN00082076,19350515,PRCP,0,,,a,
ASN00082076,19350516,PRCP,28,,,a,
ASN00082076,19350517,PRCP,30,,,a,
ASN00082076,19350518,PRCP,0,,,a,
ASN00082076,19350519,PRCP,20,,,a,
ASN00082076,19350520,PRCP,0,,,a,
ASN00082076,19350521,PRCP,0,,,a,
ASN00082076,19350522,PRCP,0,,,a,
ASN00082076,19350523,PRCP,0,,,a,
ASN00082076,19350524,PRCP,0,,,a,
ASN00082076,19350525,PRCP,0,,,a,
ASN00082076,19350526,PRCP,0,,,a,
ASN00082076,19350527,PRCP,0,,,a,
ASN00082076,19350528,PRCP,0,,,a,
ASN00082076,19350529,PRCP,81,,,a,
ASN00082076,19350530,PRCP,51,,,a,
ASN00082076,19350531,PRCP,0,,,a,
ASN00082076,19350601,PRCP,41,,,a,
ASN00082076,19350602,PRCP,0,,,a,
ASN00082076,19350603,PRCP,0,,,a,
ASN00082076,19350604,PRCP,0,,,a,
ASN00082076,19350605,PRCP,0,,,a,
ASN00082076,19350606,PRCP,0,,,a,
ASN00082076,19350607,PRCP,51,,,a,
ASN00082076,19350608,PRCP,290,,,a,
ASN00082076,19350609,PRCP,127,,,a,
ASN00082076,19350610,PRCP,10,,,a,
ASN00082076,19350611,PRCP,10,,,a,
ASN00082076,19350612,PRCP,25,,,a,
ASN00082076,19350613,PRCP,8,,,a,
ASN00082076,19350614,PRCP,51,,,a,
ASN00082076,19350615,PRCP,25,,,a,
ASN00082076,19350616,PRCP,0,,,a,
ASN00082076,19350617,PRCP,0,,,a,
ASN00082076,19350618,PRCP,0,,,a,
ASN00082076,19350619,PRCP,0,,,a,
ASN00082076,19350620,PRCP,0,,,a,
ASN00082076,19350621,PRCP,112,,,a,
ASN00082076,19350622,PRCP,218,,,a,
ASN00082076,19350623,PRCP,23,,,a,
ASN00082076,19350624,PRCP,51,,,a,
ASN00082076,19350625,PRCP,0,,,a,
ASN00082076,19350626,PRCP,0,,,a,
ASN00082076,19350627,PRCP,0,,,a,
ASN00082076,19350628,PRCP,0,,,a,
ASN00082076,19350629,PRCP,0,,,a,
ASN00082076,19350630,PRCP,0,,,a,
ASN00082076,19350701,PRCP,0,,,a,
ASN00082076,19350702,PRCP,0,,,a,
ASN00082076,19350703,PRCP,0,,,a,
ASN00082076,19350704,PRCP,183,,,a,
ASN00082076,19350705,PRCP,8,,,a,
ASN00082076,19350706,PRCP,0,,,a,
ASN00082076,19350707,PRCP,0,,,a,
ASN00082076,19350708,PRCP,0,,,a,
ASN00082076,19350709,PRCP,0,,,a,
ASN00082076,19350710,PRCP,0,,,a,
ASN00082076,19350711,PRCP,0,,,a,
ASN00082076,19350712,PRCP,64,,,a,
ASN00082076,19350713,PRCP,84,,,a,
ASN00082076,19350714,PRCP,0,,,a,
ASN00082076,19350715,PRCP,38,,,a,
ASN00082076,19350716,PRCP,102,,,a,
ASN00082076,19350717,PRCP,203,,,a,
ASN00082076,19350718,PRCP,69,,,a,
ASN00082076,19350719,PRCP,0,,,a,
ASN00082076,19350720,PRCP,305,,,a,
ASN00082076,19350721,PRCP,64,,,a,
ASN00082076,19350722,PRCP,0,,,a,
ASN00082076,19350723,PRCP,0,,,a,
ASN00082076,19350724,PRCP,0,,,a,
ASN00082076,19350725,PRCP,25,,,a,
ASN00082076,19350726,PRCP,0,,,a,
ASN00082076,19350727,PRCP,0,,,a,
ASN00082076,19350728,PRCP,0,,,a,
ASN00082076,19350729,PRCP,0,,,a,
ASN00082076,19350730,PRCP,109,,,a,
ASN00082076,19350731,PRCP,58,,,a,
ASN00082076,19350801,PRCP,38,,,a,
ASN00082076,19350802,PRCP,178,,,a,
ASN00082076,19350803,PRCP,356,,,a,
ASN00082076,19350804,PRCP,64,,,a,
ASN00082076,19350805,PRCP,97,,,a,
ASN00082076,19350806,PRCP,0,,,a,
ASN00082076,19350807,PRCP,0,,,a,
ASN00082076,19350808,PRCP,0,,,a,
ASN00082076,19350809,PRCP,295,,,a,
ASN00082076,19350810,PRCP,94,,,a,
ASN00082076,19350811,PRCP,23,,,a,
ASN00082076,19350812,PRCP,0,,,a,
ASN00082076,19350813,PRCP,53,,,a,
ASN00082076,19350814,PRCP,48,,,a,
ASN00082076,19350815,PRCP,0,,,a,
ASN00082076,19350816,PRCP,13,,,a,
ASN00082076,19350817,PRCP,0,,,a,
ASN00082076,19350818,PRCP,0,,,a,
ASN00082076,19350819,PRCP,0,,,a,
ASN00082076,19350820,PRCP,0,,,a,
ASN00082076,19350821,PRCP,0,,,a,
ASN00082076,19350822,PRCP,0,,,a,
ASN00082076,19350823,PRCP,0,,,a,
ASN00082076,19350824,PRCP,0,,,a,
ASN00082076,19350825,PRCP,0,,,a,
ASN00082076,19350826,PRCP,0,,,a,
ASN00082076,19350827,PRCP,0,,,a,
ASN00082076,19350828,PRCP,0,,,a,
ASN00082076,19350829,PRCP,0,,,a,
ASN00082076,19350830,PRCP,0,,,a,
ASN00082076,19350831,PRCP,305,,,a,
ASN00082076,19350901,PRCP,0,,,a,
ASN00082076,19350902,PRCP,28,,,a,
ASN00082076,19350903,PRCP,0,,,a,
ASN00082076,19350904,PRCP,0,,,a,
ASN00082076,19350905,PRCP,170,,,a,
ASN00082076,19350906,PRCP,0,,,a,
ASN00082076,19350907,PRCP,0,,,a,
ASN00082076,19350908,PRCP,0,,,a,
ASN00082076,19350909,PRCP,0,,,a,
ASN00082076,19350910,PRCP,0,,,a,
ASN00082076,19350911,PRCP,0,,,a,
ASN00082076,19350912,PRCP,20,,,a,
ASN00082076,19350913,PRCP,142,,,a,
ASN00082076,19350914,PRCP,46,,,a,
ASN00082076,19350915,PRCP,152,,,a,
ASN00082076,19350916,PRCP,353,,,a,
ASN00082076,19350917,PRCP,10,,,a,
ASN00082076,19350918,PRCP,0,,,a,
ASN00082076,19350919,PRCP,28,,,a,
ASN00082076,19350920,PRCP,178,,,a,
ASN00082076,19350921,PRCP,0,,,a,
ASN00082076,19350922,PRCP,0,,,a,
ASN00082076,19350923,PRCP,0,,,a,
ASN00082076,19350924,PRCP,0,,,a,
ASN00082076,19350925,PRCP,0,,,a,
ASN00082076,19350926,PRCP,0,,,a,
ASN00082076,19350927,PRCP,0,,,a,
ASN00082076,19350928,PRCP,0,,,a,
ASN00082076,19350929,PRCP,46,,,a,
ASN00082076,19350930,PRCP,0,,,a,
ASN00082076,19351001,PRCP,0,,,a,
ASN00082076,19351002,PRCP,0,,,a,
ASN00082076,19351003,PRCP,0,,,a,
ASN00082076,19351004,PRCP,0,,,a,
ASN00082076,19351005,PRCP,13,,,a,
ASN00082076,19351006,PRCP,0,,,a,
ASN00082076,19351007,PRCP,0,,,a,
ASN00082076,19351008,PRCP,0,,,a,
ASN00082076,19351009,PRCP,0,,,a,
ASN00082076,19351010,PRCP,0,,,a,
ASN00082076,19351011,PRCP,229,,,a,
ASN00082076,19351012,PRCP,33,,,a,
ASN00082076,19351013,PRCP,10,,,a,
ASN00082076,19351014,PRCP,0,,,a,
ASN00082076,19351015,PRCP,0,,,a,
ASN00082076,19351016,PRCP,0,,,a,
ASN00082076,19351017,PRCP,0,,,a,
ASN00082076,19351018,PRCP,0,,,a,
ASN00082076,19351019,PRCP,0,,,a,
ASN00082076,19351020,PRCP,102,,,a,
ASN00082076,19351021,PRCP,10,,,a,
ASN00082076,19351022,PRCP,152,,,a,
ASN00082076,19351023,PRCP,107,,,a,
ASN00082076,19351024,PRCP,53,,,a,
ASN00082076,19351025,PRCP,0,,,a,
ASN00082076,19351026,PRCP,38,,,a,
ASN00082076,19351027,PRCP,0,,,a,
ASN00082076,19351028,PRCP,272,,,a,
ASN00082076,19351029,PRCP,56,,,a,
ASN00082076,19351030,PRCP,0,,,a,
ASN00082076,19351031,PRCP,0,,,a,
ASN00082076,19351101,PRCP,0,,,a,
ASN00082076,19351102,PRCP,36,,,a,
ASN00082076,19351103,PRCP,15,,,a,
ASN00082076,19351104,PRCP,0,,,a,
ASN00082076,19351105,PRCP,0,,,a,
ASN00082076,19351106,PRCP,0,,,a,
ASN00082076,19351107,PRCP,0,,,a,
ASN00082076,19351108,PRCP,0,,,a,
ASN00082076,19351109,PRCP,25,,,a,
ASN00082076,19351110,PRCP,0,,,a,
ASN00082076,19351111,PRCP,0,,,a,
ASN00082076,19351112,PRCP,94,,,a,
ASN00082076,19351113,PRCP,152,,,a,
ASN00082076,19351114,PRCP,0,,,a,
ASN00082076,19351115,PRCP,13,,,a,
ASN00082076,19351116,PRCP,76,,,a,
ASN00082076,19351117,PRCP,0,,,a,
ASN00082076,19351118,PRCP,0,,,a,
ASN00082076,19351119,PRCP,0,,,a,
ASN00082076,19351120,PRCP,0,,,a,
ASN00082076,19351121,PRCP,30,,,a,
ASN00082076,19351122,PRCP,18,,,a,
ASN00082076,19351123,PRCP,0,,,a,
ASN00082076,19351124,PRCP,0,,,a,
ASN00082076,19351125,PRCP,0,,,a,
ASN00082076,19351126,PRCP,0,,,a,
ASN00082076,19351127,PRCP,0,,,a,
ASN00082076,19351128,PRCP,81,,,a,
ASN00082076,19351129,PRCP,0,,,a,
ASN00082076,19351130,PRCP,0,,,a,
ASN00082076,19351201,PRCP,64,,,a,
ASN00082076,19351202,PRCP,30,,,a,
ASN00082076,19351203,PRCP,671,,,a,
ASN00082076,19351204,PRCP,0,,,a,
ASN00082076,19351205,PRCP,0,,,a,
ASN00082076,19351206,PRCP,0,,,a,
ASN00082076,19351207,PRCP,0,,,a,
ASN00082076,19351208,PRCP,0,,,a,
ASN00082076,19351209,PRCP,0,,,a,
ASN00082076,19351210,PRCP,0,,,a,
ASN00082076,19351211,PRCP,46,,,a,
ASN00082076,19351212,PRCP,0,,,a,
ASN00082076,19351213,PRCP,0,,,a,
ASN00082076,19351214,PRCP,0,,,a,
ASN00082076,19351215,PRCP,0,,,a,
ASN00082076,19351216,PRCP,0,,,a,
ASN00082076,19351217,PRCP,0,,,a,
ASN00082076,19351218,PRCP,0,,,a,
ASN00082076,19351219,PRCP,0,,,a,
ASN00082076,19351220,PRCP,0,,,a,
ASN00082076,19351221,PRCP,0,,,a,
ASN00082076,19351222,PRCP,25,,,a,
ASN00082076,19351223,PRCP,0,,,a,
ASN00082076,19351224,PRCP,0,,,a,
ASN00082076,19351225,PRCP,0,,,a,
ASN00082076,19351226,PRCP,361,,,a,
ASN00082076,19351227,PRCP,25,,,a,
ASN00082076,19351228,PRCP,0,,,a,
ASN00082076,19351229,PRCP,0,,,a,
ASN00082076,19351230,PRCP,0,,,a,
ASN00082076,19351231,PRCP,0,,,a,
ASN00082076,19360101,PRCP,0,,,a,
ASN00082076,19360102,PRCP,0,,,a,
ASN00082076,19360103,PRCP,0,,,a,
ASN00082076,19360104,PRCP,229,,,a,
ASN00082076,19360105,PRCP,297,,,a,
ASN00082076,19360106,PRCP,0,,,a,
ASN00082076,19360107,PRCP,0,,,a,
ASN00082076,19360108,PRCP,0,,,a,
ASN00082076,19360109,PRCP,0,,,a,
ASN00082076,19360110,PRCP,109,,,a,
ASN00082076,19360111,PRCP,0,,,a,
ASN00082076,19360112,PRCP,20,,,a,
ASN00082076,19360113,PRCP,0,,,a,
ASN00082076,19360114,PRCP,0,,,a,
ASN00082076,19360115,PRCP,0,,,a,
ASN00082076,19360116,PRCP,0,,,a,
ASN00082076,19360117,PRCP,0,,,a,
ASN00082076,19360118,PRCP,0,,,a,
ASN00082076,19360119,PRCP,0,,,a,
ASN00082076,19360120,PRCP,0,,,a,
ASN00082076,19360121,PRCP,0,,,a,
ASN00082076,19360122,PRCP,0,,,a,
ASN00082076,19360123,PRCP,0,,,a,
ASN00082076,19360124,PRCP,0,,,a,
ASN00082076,19360125,PRCP,0,,,a,
ASN00082076,19360126,PRCP,0,,,a,
ASN00082076,19360127,PRCP,0,,,a,
ASN00082076,19360128,PRCP,91,,,a,
ASN00082076,19360129,PRCP,0,,,a,
ASN00082076,19360130,PRCP,0,,,a,
ASN00082076,19360131,PRCP,0,,,a,
ASN00082076,19360201,PRCP,0,,,a,
ASN00082076,19360202,PRCP,0,,,a,
ASN00082076,19360203,PRCP,0,,,a,
ASN00082076,19360204,PRCP,10,,,a,
ASN00082076,19360205,PRCP,38,,,a,
ASN00082076,19360206,PRCP,0,,,a,
ASN00082076,19360207,PRCP,0,,,a,
ASN00082076,19360208,PRCP,0,,,a,
ASN00082076,19360209,PRCP,41,,,a,
ASN00082076,19360210,PRCP,0,,,a,
ASN00082076,19360211,PRCP,0,,,a,
ASN00082076,19360212,PRCP,0,,,a,
ASN00082076,19360213,PRCP,267,,,a,
ASN00082076,19360214,PRCP,0,,,a,
ASN00082076,19360215,PRCP,0,,,a,
ASN00082076,19360216,PRCP,25,,,a,
ASN00082076,19360217,PRCP,0,,,a,
ASN00082076,19360218,PRCP,0,,,a,
ASN00082076,19360219,PRCP,0,,,a,
ASN00082076,19360220,PRCP,0,,,a,
ASN00082076,19360221,PRCP,51,,,a,
ASN00082076,19360222,PRCP,279,,,a,
ASN00082076,19360223,PRCP,0,,,a,
ASN00082076,19360224,PRCP,0,,,a,
ASN00082076,19360225,PRCP,0,,,a,
ASN00082076,19360226,PRCP,0,,,a,
ASN00082076,19360227,PRCP,0,,,a,
ASN00082076,19360228,PRCP,81,,,a,
ASN00082076,19360229,PRCP,0,,,a,
ASN00082076,19360301,PRCP,0,,,a,
ASN00082076,19360302,PRCP,114,,,a,
ASN00082076,19360303,PRCP,0,,,a,
ASN00082076,19360304,PRCP,0,,,a,
ASN00082076,19360305,PRCP,0,,,a,
ASN00082076,19360306,PRCP,0,,,a,
ASN00082076,19360307,PRCP,0,,,a,
ASN00082076,19360308,PRCP,0,,,a,
ASN00082076,19360309,PRCP,0,,,a,
ASN00082076,19360310,PRCP,0,,,a,
ASN00082076,19360311,PRCP,0,,,a,
ASN00082076,19360312,PRCP,0,,,a,
ASN00082076,19360313,PRCP,0,,,a,
ASN00082076,19360314,PRCP,0,,,a,
ASN00082076,19360315,PRCP,211,,,a,
ASN00082076,19360316,PRCP,114,,,a,
ASN00082076,19360317,PRCP,0,,,a,
ASN00082076,19360318,PRCP,56,,,a,
ASN00082076,19360319,PRCP,0,,,a,
ASN00082076,19360320,PRCP,0,,,a,
ASN00082076,19360321,PRCP,0,,,a,
ASN00082076,19360322,PRCP,0,,,a,
ASN00082076,19360323,PRCP,0,,,a,
ASN00082076,19360324,PRCP,0,,,a,
ASN00082076,19360325,PRCP,0,,,a,
ASN00082076,19360326,PRCP,0,,,a,
ASN00082076,19360327,PRCP,0,,,a,
ASN00082076,19360328,PRCP,0,,,a,
ASN00082076,19360329,PRCP,0,,,a,
ASN00082076,19360330,PRCP,0,,,a,
ASN00082076,19360331,PRCP,0,,,a,
ASN00082076,19360401,PRCP,0,,,a,
ASN00082076,19360402,PRCP,0,,,a,
ASN00082076,19360403,PRCP,0,,,a,
ASN00082076,19360404,PRCP,0,,,a,
ASN00082076,19360405,PRCP,0,,,a,
ASN00082076,19360406,PRCP,0,,,a,
ASN00082076,19360407,PRCP,0,,,a,
ASN00082076,19360408,PRCP,373,,,a,
ASN00082076,19360409,PRCP,51,,,a,
ASN00082076,19360410,PRCP,0,,,a,
ASN00082076,19360411,PRCP,0,,,a,
ASN00082076,19360412,PRCP,0,,,a,
ASN00082076,19360413,PRCP,0,,,a,
ASN00082076,19360414,PRCP,0,,,a,
ASN00082076,19360415,PRCP,0,,,a,
ASN00082076,19360416,PRCP,0,,,a,
ASN00082076,19360417,PRCP,0,,,a,
ASN00082076,19360418,PRCP,46,,,a,
ASN00082076,19360419,PRCP,69,,,a,
ASN00082076,19360420,PRCP,0,,,a,
ASN00082076,19360421,PRCP,191,,,a,
ASN00082076,19360422,PRCP,20,,,a,
ASN00082076,19360423,PRCP,0,,,a,
ASN00082076,19360424,PRCP,0,,,a,
ASN00082076,19360425,PRCP,0,,,a,
ASN00082076,19360426,PRCP,0,,,a,
ASN00082076,19360427,PRCP,0,,,a,
ASN00082076,19360428,PRCP,0,,,a,
ASN00082076,19360429,PRCP,0,,,a,
ASN00082076,19360430,PRCP,0,,,a,
ASN00082076,19360501,PRCP,0,,,a,
ASN00082076,19360502,PRCP,0,,,a,
ASN00082076,19360503,PRCP,0,,,a,
ASN00082076,19360504,PRCP,0,,,a,
ASN00082076,19360505,PRCP,41,,,a,
ASN00082076,19360506,PRCP,0,,,a,
ASN00082076,19360507,PRCP,0,,,a,
ASN00082076,19360508,PRCP,0,,,a,
ASN00082076,19360509,PRCP,0,,,a,
ASN00082076,19360510,PRCP,0,,,a,
ASN00082076,19360511,PRCP,127,,,a,
ASN00082076,19360512,PRCP,0,,,a,
ASN00082076,19360513,PRCP,0,,,a,
ASN00082076,19360514,PRCP,76,,,a,
ASN00082076,19360515,PRCP,25,,,a,
ASN00082076,19360516,PRCP,0,,,a,
ASN00082076,19360517,PRCP,0,,,a,
ASN00082076,19360518,PRCP,0,,,a,
ASN00082076,19360519,PRCP,0,,,a,
ASN00082076,19360520,PRCP,0,,,a,
ASN00082076,19360521,PRCP,0,,,a,
ASN00082076,19360522,PRCP,0,,,a,
ASN00082076,19360523,PRCP,0,,,a,
ASN00082076,19360524,PRCP,0,,,a,
ASN00082076,19360525,PRCP,0,,,a,
ASN00082076,19360526,PRCP,0,,,a,
ASN00082076,19360527,PRCP,0,,,a,
ASN00082076,19360528,PRCP,0,,,a,
ASN00082076,19360529,PRCP,71,,,a,
ASN00082076,19360530,PRCP,0,,,a,
ASN00082076,19360531,PRCP,152,,,a,
ASN00082076,19360601,PRCP,89,,,a,
ASN00082076,19360602,PRCP,102,,,a,
ASN00082076,19360603,PRCP,0,,,a,
ASN00082076,19360604,PRCP,0,,,a,
ASN00082076,19360605,PRCP,30,,,a,
ASN00082076,19360606,PRCP,0,,,a,
ASN00082076,19360607,PRCP,0,,,a,
ASN00082076,19360608,PRCP,0,,,a,
ASN00082076,19360609,PRCP,0,,,a,
ASN00082076,19360610,PRCP,0,,,a,
ASN00082076,19360611,PRCP,0,,,a,
ASN00082076,19360612,PRCP,191,,,a,
ASN00082076,19360613,PRCP,20,,,a,
ASN00082076,19360614,PRCP,0,,,a,
ASN00082076,19360615,PRCP,0,,,a,
ASN00082076,19360616,PRCP,0,,,a,
ASN00082076,19360617,PRCP,0,,,a,
ASN00082076,19360618,PRCP,23,,,a,
ASN00082076,19360619,PRCP,0,,,a,
ASN00082076,19360620,PRCP,0,,,a,
ASN00082076,19360621,PRCP,0,,,a,
ASN00082076,19360622,PRCP,0,,,a,
ASN00082076,19360623,PRCP,0,,,a,
ASN00082076,19360624,PRCP,127,,,a,
ASN00082076,19360625,PRCP,127,,,a,
ASN00082076,19360626,PRCP,5,,,a,
ASN00082076,19360627,PRCP,0,,,a,
ASN00082076,19360628,PRCP,254,,,a,
ASN00082076,19360629,PRCP,104,,,a,
ASN00082076,19360630,PRCP,0,,,a,
ASN00082076,19360701,PRCP,66,,,a,
ASN00082076,19360702,PRCP,0,,,a,
ASN00082076,19360703,PRCP,51,,,a,
ASN00082076,19360704,PRCP,406,,,a,
ASN00082076,19360705,PRCP,191,,,a,
ASN00082076,19360706,PRCP,15,,,a,
ASN00082076,19360707,PRCP,0,,,a,
ASN00082076,19360708,PRCP,0,,,a,
ASN00082076,19360709,PRCP,0,,,a,
ASN00082076,19360710,PRCP,0,,,a,
ASN00082076,19360711,PRCP,0,,,a,
ASN00082076,19360712,PRCP,0,,,a,
ASN00082076,19360713,PRCP,0,,,a,
ASN00082076,19360714,PRCP,13,,,a,
ASN00082076,19360715,PRCP,0,,,a,
ASN00082076,19360716,PRCP,157,,,a,
ASN00082076,19360717,PRCP,127,,,a,
ASN00082076,19360718,PRCP,13,,,a,
ASN00082076,19360719,PRCP,38,,,a,
ASN00082076,19360720,PRCP,0,,,a,
ASN00082076,19360721,PRCP,0,,,a,
ASN00082076,19360722,PRCP,0,,,a,
ASN00082076,19360723,PRCP,0,,,a,
ASN00082076,19360724,PRCP,41,,,a,
ASN00082076,19360725,PRCP,0,,,a,
ASN00082076,19360726,PRCP,89,,,a,
ASN00082076,19360727,PRCP,97,,,a,
ASN00082076,19360728,PRCP,8,,,a,
ASN00082076,19360729,PRCP,0,,,a,
ASN00082076,19360730,PRCP,140,,,a,
ASN00082076,19360731,PRCP,0,,,a,
ASN00082076,19360801,PRCP,0,,,a,
ASN00082076,19360802,PRCP,0,,,a,
ASN00082076,19360803,PRCP,310,,,a,
ASN00082076,19360804,PRCP,328,,,a,
ASN00082076,19360805,PRCP,76,,,a,
ASN00082076,19360806,PRCP,0,,,a,
ASN00082076,19360807,PRCP,0,,,a,
ASN00082076,19360808,PRCP,0,,,a,
ASN00082076,19360809,PRCP,66,,,a,
ASN00082076,19360810,PRCP,0,,,a,
ASN00082076,19360811,PRCP,221,,,a,
ASN00082076,19360812,PRCP,51,,,a,
ASN00082076,19360813,PRCP,160,,,a,
ASN00082076,19360814,PRCP,114,,,a,
ASN00082076,19360815,PRCP,46,,,a,
ASN00082076,19360816,PRCP,48,,,a,
ASN00082076,19360817,PRCP,0,,,a,
ASN00082076,19360818,PRCP,0,,,a,
ASN00082076,19360819,PRCP,76,,,a,
ASN00082076,19360820,PRCP,58,,,a,
ASN00082076,19360821,PRCP,0,,,a,
ASN00082076,19360822,PRCP,147,,,a,
ASN00082076,19360823,PRCP,36,,,a,
ASN00082076,19360824,PRCP,262,,,a,
ASN00082076,19360825,PRCP,297,,,a,
ASN00082076,19360826,PRCP,30,,,a,
ASN00082076,19360827,PRCP,137,,,a,
ASN00082076,19360828,PRCP,58,,,a,
ASN00082076,19360829,PRCP,0,,,a,
ASN00082076,19360830,PRCP,0,,,a,
ASN00082076,19360831,PRCP,0,,,a,
ASN00082076,19360901,PRCP,0,,,a,
ASN00082076,19360902,PRCP,0,,,a,
ASN00082076,19360903,PRCP,0,,,a,
ASN00082076,19360904,PRCP,0,,,a,
ASN00082076,19360905,PRCP,0,,,a,
ASN00082076,19360906,PRCP,0,,,a,
ASN00082076,19360907,PRCP,28,,,a,
ASN00082076,19360908,PRCP,145,,,a,
ASN00082076,19360909,PRCP,38,,,a,
ASN00082076,19360910,PRCP,0,,,a,
ASN00082076,19360911,PRCP,5,,,a,
ASN00082076,19360912,PRCP,91,,,a,
ASN00082076,19360913,PRCP,13,,,a,
ASN00082076,19360914,PRCP,0,,,a,
ASN00082076,19360915,PRCP,0,,,a,
ASN00082076,19360916,PRCP,76,,,a,
ASN00082076,19360917,PRCP,0,,,a,
ASN00082076,19360918,PRCP,0,,,a,
ASN00082076,19360919,PRCP,0,,,a,
ASN00082076,19360920,PRCP,36,,,a,
ASN00082076,19360921,PRCP,0,,,a,
ASN00082076,19360922,PRCP,0,,,a,
ASN00082076,19360923,PRCP,0,,,a,
ASN00082076,19360924,PRCP,0,,,a,
ASN00082076,19360925,PRCP,0,,,a,
ASN00082076,19360926,PRCP,0,,,a,
ASN00082076,19360927,PRCP,0,,,a,
ASN00082076,19360928,PRCP,0,,,a,
ASN00082076,19360929,PRCP,0,,,a,
ASN00082076,19360930,PRCP,0,,,a,
ASN00082076,19361001,PRCP,0,,,a,
ASN00082076,19361002,PRCP,0,,,a,
ASN00082076,19361003,PRCP,0,,,a,
ASN00082076,19361004,PRCP,0,,,a,
ASN00082076,19361005,PRCP,0,,,a,
ASN00082076,19361006,PRCP,0,,,a,
ASN00082076,19361007,PRCP,0,,,a,
ASN00082076,19361008,PRCP,0,,,a,
ASN00082076,19361009,PRCP,46,,,a,
ASN00082076,19361010,PRCP,0,,,a,
ASN00082076,19361011,PRCP,0,,,a,
ASN00082076,19361012,PRCP,0,,,a,
ASN00082076,19361013,PRCP,0,,,a,
ASN00082076,19361014,PRCP,0,,,a,
ASN00082076,19361015,PRCP,0,,,a,
ASN00082076,19361016,PRCP,0,,,a,
ASN00082076,19361017,PRCP,0,,,a,
ASN00082076,19361018,PRCP,102,,,a,
ASN00082076,19361019,PRCP,33,,,a,
ASN00082076,19361020,PRCP,23,,,a,
ASN00082076,19361021,PRCP,0,,,a,
ASN00082076,19361022,PRCP,0,,,a,
ASN00082076,19361023,PRCP,0,,,a,
ASN00082076,19361024,PRCP,0,,,a,
ASN00082076,19361025,PRCP,71,,,a,
ASN00082076,19361026,PRCP,30,,,a,
ASN00082076,19361027,PRCP,51,,,a,
ASN00082076,19361028,PRCP,5,,,a,
ASN00082076,19361029,PRCP,135,,,a,
ASN00082076,19361030,PRCP,122,,,a,
ASN00082076,19361031,PRCP,46,,,a,
ASN00082076,19361101,PRCP,84,,,a,
ASN00082076,19361102,PRCP,0,,,a,
ASN00082076,19361103,PRCP,0,,,a,
ASN00082076,19361104,PRCP,0,,,a,
ASN00082076,19361105,PRCP,0,,,a,
ASN00082076,19361106,PRCP,0,,,a,
ASN00082076,19361107,PRCP,0,,,a,
ASN00082076,19361108,PRCP,53,,,a,
ASN00082076,19361109,PRCP,0,,,a,
ASN00082076,19361110,PRCP,0,,,a,
ASN00082076,19361111,PRCP,0,,,a,
ASN00082076,19361112,PRCP,0,,,a,
ASN00082076,19361113,PRCP,0,,,a,
ASN00082076,19361114,PRCP,0,,,a,
ASN00082076,19361115,PRCP,64,,,a,
ASN00082076,19361116,PRCP,36,,,a,
ASN00082076,19361117,PRCP,66,,,a,
ASN00082076,19361118,PRCP,0,,,a,
ASN00082076,19361119,PRCP,0,,,a,
ASN00082076,19361120,PRCP,0,,,a,
ASN00082076,19361121,PRCP,0,,,a,
ASN00082076,19361122,PRCP,0,,,a,
ASN00082076,19361123,PRCP,0,,,a,
ASN00082076,19361124,PRCP,0,,,a,
ASN00082076,19361125,PRCP,0,,,a,
ASN00082076,19361126,PRCP,0,,,a,
ASN00082076,19361127,PRCP,0,,,a,
ASN00082076,19361128,PRCP,0,,,a,
ASN00082076,19361129,PRCP,0,,,a,
ASN00082076,19361130,PRCP,0,,,a,
ASN00082076,19361201,PRCP,0,,,a,
ASN00082076,19361202,PRCP,15,,,a,
ASN00082076,19361203,PRCP,282,,,a,
ASN00082076,19361204,PRCP,236,,,a,
ASN00082076,19361205,PRCP,28,,,a,
ASN00082076,19361206,PRCP,0,,,a,
ASN00082076,19361207,PRCP,0,,,a,
ASN00082076,19361208,PRCP,0,,,a,
ASN00082076,19361209,PRCP,0,,,a,
ASN00082076,19361210,PRCP,81,,,a,
ASN00082076,19361211,PRCP,20,,,a,
ASN00082076,19361212,PRCP,0,,,a,
ASN00082076,19361213,PRCP,0,,,a,
ASN00082076,19361214,PRCP,33,,,a,
ASN00082076,19361215,PRCP,15,,,a,
ASN00082076,19361216,PRCP,0,,,a,
ASN00082076,19361217,PRCP,5,,,a,
ASN00082076,19361218,PRCP,15,,,a,
ASN00082076,19361219,PRCP,216,,,a,
ASN00082076,19361220,PRCP,0,,,a,
ASN00082076,19361221,PRCP,330,,,a,
ASN00082076,19361222,PRCP,0,,,a,
ASN00082076,19361223,PRCP,10,,,a,
ASN00082076,19361224,PRCP,0,,,a,
ASN00082076,19361225,PRCP,0,,,a,
ASN00082076,19361226,PRCP,0,,,a,
ASN00082076,19361227,PRCP,0,,,a,
ASN00082076,19361228,PRCP,43,,,a,
ASN00082076,19361229,PRCP,18,,,a,
ASN00082076,19361230,PRCP,64,,,a,
ASN00082076,19361231,PRCP,51,,,a,
ASN00082076,19370101,PRCP,18,,,a,
ASN00082076,19370102,PRCP,102,,,a,
ASN00082076,19370103,PRCP,10,,,a,
ASN00082076,19370104,PRCP,28,,,a,
ASN00082076,19370105,PRCP,0,,,a,
ASN00082076,19370106,PRCP,0,,,a,
ASN00082076,19370107,PRCP,0,,,a,
ASN00082076,19370108,PRCP,0,,,a,
ASN00082076,19370109,PRCP,0,,,a,
ASN00082076,19370110,PRCP,0,,,a,
ASN00082076,19370111,PRCP,0,,,a,
ASN00082076,19370112,PRCP,0,,,a,
ASN00082076,19370113,PRCP,0,,,a,
ASN00082076,19370114,PRCP,0,,,a,
ASN00082076,19370115,PRCP,0,,,a,
ASN00082076,19370116,PRCP,0,,,a,
ASN00082076,19370117,PRCP,0,,,a,
ASN00082076,19370118,PRCP,0,,,a,
ASN00082076,19370119,PRCP,381,,,a,
ASN00082076,19370120,PRCP,56,,,a,
ASN00082076,19370121,PRCP,0,,,a,
ASN00082076,19370122,PRCP,0,,,a,
ASN00082076,19370123,PRCP,0,,,a,
ASN00082076,19370124,PRCP,0,,,a,
ASN00082076,19370125,PRCP,38,,,a,
ASN00082076,19370126,PRCP,178,,,a,
ASN00082076,19370127,PRCP,76,,,a,
ASN00082076,19370128,PRCP,0,,,a,
ASN00082076,19370129,PRCP,0,,,a,
ASN00082076,19370130,PRCP,0,,,a,
ASN00082076,19370131,PRCP,0,,,a,
ASN00082076,19370201,PRCP,0,,,a,
ASN00082076,19370202,PRCP,0,,,a,
ASN00082076,19370203,PRCP,0,,,a,
ASN00082076,19370204,PRCP,0,,,a,
ASN00082076,19370205,PRCP,0,,,a,
ASN00082076,19370206,PRCP,0,,,a,
ASN00082076,19370207,PRCP,0,,,a,
ASN00082076,19370208,PRCP,0,,,a,
ASN00082076,19370209,PRCP,0,,,a,
ASN00082076,19370210,PRCP,0,,,a,
ASN00082076,19370211,PRCP,0,,,a,
ASN00082076,19370212,PRCP,0,,,a,
ASN00082076,19370213,PRCP,0,,,a,
ASN00082076,19370214,PRCP,0,,,a,
ASN00082076,19370215,PRCP,0,,,a,
ASN00082076,19370216,PRCP,0,,,a,
ASN00082076,19370217,PRCP,0,,,a,
ASN00082076,19370218,PRCP,0,,,a,
ASN00082076,19370219,PRCP,38,,,a,
ASN00082076,19370220,PRCP,0,,,a,
ASN00082076,19370221,PRCP,0,,,a,
ASN00082076,19370222,PRCP,25,,,a,
ASN00082076,19370223,PRCP,0,,,a,
ASN00082076,19370224,PRCP,0,,,a,
ASN00082076,19370225,PRCP,0,,,a,
ASN00082076,19370226,PRCP,0,,,a,
ASN00082076,19370227,PRCP,0,,,a,
ASN00082076,19370228,PRCP,15,,,a,
ASN00082076,19370301,PRCP,0,,,a,
ASN00082076,19370302,PRCP,25,,,a,
ASN00082076,19370303,PRCP,84,,,a,
ASN00082076,19370304,PRCP,0,,,a,
ASN00082076,19370305,PRCP,0,,,a,
ASN00082076,19370306,PRCP,0,,,a,
ASN00082076,19370307,PRCP,51,,,a,
ASN00082076,19370308,PRCP,0,,,a,
ASN00082076,19370309,PRCP,0,,,a,
ASN00082076,19370310,PRCP,0,,,a,
ASN00082076,19370311,PRCP,0,,,a,
ASN00082076,19370312,PRCP,0,,,a,
ASN00082076,19370313,PRCP,0,,,a,
ASN00082076,19370314,PRCP,0,,,a,
ASN00082076,19370315,PRCP,0,,,a,
ASN00082076,19370316,PRCP,36,,,a,
ASN00082076,19370317,PRCP,203,,,a,
ASN00082076,19370318,PRCP,0,,,a,
ASN00082076,19370319,PRCP,10,,,a,
ASN00082076,19370320,PRCP,0,,,a,
ASN00082076,19370321,PRCP,0,,,a,
ASN00082076,19370322,PRCP,0,,,a,
ASN00082076,19370323,PRCP,0,,,a,
ASN00082076,19370324,PRCP,0,,,a,
ASN00082076,19370325,PRCP,0,,,a,
ASN00082076,19370326,PRCP,0,,,a,
ASN00082076,19370327,PRCP,0,,,a,
ASN00082076,19370328,PRCP,36,,,a,
ASN00082076,19370329,PRCP,33,,,a,
ASN00082076,19370330,PRCP,0,,,a,
ASN00082076,19370331,PRCP,0,,,a,
ASN00082076,19370401,PRCP,0,,,a,
ASN00082076,19370402,PRCP,0,,,a,
ASN00082076,19370403,PRCP,0,,,a,
ASN00082076,19370404,PRCP,0,,,a,
ASN00082076,19370405,PRCP,0,,,a,
ASN00082076,19370406,PRCP,0,,,a,
ASN00082076,19370407,PRCP,0,,,a,
ASN00082076,19370408,PRCP,0,,,a,
ASN00082076,19370409,PRCP,0,,,a,
ASN00082076,19370410,PRCP,0,,,a,
ASN00082076,19370411,PRCP,0,,,a,
ASN00082076,19370412,PRCP,0,,,a,
ASN00082076,19370413,PRCP,0,,,a,
ASN00082076,19370414,PRCP,0,,,a,
ASN00082076,19370415,PRCP,0,,,a,
ASN00082076,19370416,PRCP,0,,,a,
ASN00082076,19370417,PRCP,0,,,a,
ASN00082076,19370418,PRCP,0,,,a,
ASN00082076,19370419,PRCP,0,,,a,
ASN00082076,19370420,PRCP,0,,,a,
ASN00082076,19370421,PRCP,0,,,a,
ASN00082076,19370422,PRCP,0,,,a,
ASN00082076,19370423,PRCP,0,,,a,
ASN00082076,19370424,PRCP,0,,,a,
ASN00082076,19370425,PRCP,0,,,a,
ASN00082076,19370426,PRCP,0,,,a,
ASN00082076,19370427,PRCP,23,,,a,
ASN00082076,19370428,PRCP,15,,,a,
ASN00082076,19370429,PRCP,25,,,a,
ASN00082076,19370430,PRCP,30,,,a,
ASN00082076,19370501,PRCP,18,,,a,
ASN00082076,19370502,PRCP,0,,,a,
ASN00082076,19370503,PRCP,0,,,a,
ASN00082076,19370504,PRCP,0,,,a,
ASN00082076,19370505,PRCP,0,,,a,
ASN00082076,19370506,PRCP,0,,,a,
ASN00082076,19370507,PRCP,0,,,a,
ASN00082076,19370508,PRCP,43,,,a,
ASN00082076,19370509,PRCP,28,,,a,
ASN00082076,19370510,PRCP,0,,,a,
ASN00082076,19370511,PRCP,0,,,a,
ASN00082076,19370512,PRCP,0,,,a,
ASN00082076,19370513,PRCP,0,,,a,
ASN00082076,19370514,PRCP,0,,,a,
ASN00082076,19370515,PRCP,140,,,a,
ASN00082076,19370516,PRCP,107,,,a,
ASN00082076,19370517,PRCP,10,,,a,
ASN00082076,19370518,PRCP,0,,,a,
ASN00082076,19370519,PRCP,0,,,a,
ASN00082076,19370520,PRCP,0,,,a,
ASN00082076,19370521,PRCP,0,,,a,
ASN00082076,19370522,PRCP,10,,,a,
ASN00082076,19370523,PRCP,0,,,a,
ASN00082076,19370524,PRCP,0,,,a,
ASN00082076,19370525,PRCP,127,,,a,
ASN00082076,19370526,PRCP,0,,,a,
ASN00082076,19370527,PRCP,30,,,a,
ASN00082076,19370528,PRCP,0,,,a,
ASN00082076,19370529,PRCP,0,,,a,
ASN00082076,19370530,PRCP,0,,,a,
ASN00082076,19370531,PRCP,0,,,a,
ASN00082076,19370601,PRCP,208,,,a,
ASN00082076,19370602,PRCP,25,,,a,
ASN00082076,19370603,PRCP,0,,,a,
ASN00082076,19370604,PRCP,0,,,a,
ASN00082076,19370605,PRCP,0,,,a,
ASN00082076,19370606,PRCP,0,,,a,
ASN00082076,19370607,PRCP,0,,,a,
ASN00082076,19370608,PRCP,0,,,a,
ASN00082076,19370609,PRCP,0,,,a,
ASN00082076,19370610,PRCP,0,,,a,
ASN00082076,19370611,PRCP,0,,,a,
ASN00082076,19370612,PRCP,0,,,a,
ASN00082076,19370613,PRCP,0,,,a,
ASN00082076,19370614,PRCP,163,,,a,
ASN00082076,19370615,PRCP,18,,,a,
ASN00082076,19370616,PRCP,0,,,a,
ASN00082076,19370617,PRCP,0,,,a,
ASN00082076,19370618,PRCP,0,,,a,
ASN00082076,19370619,PRCP,0,,,a,
ASN00082076,19370620,PRCP,0,,,a,
ASN00082076,19370621,PRCP,0,,,a,
ASN00082076,19370622,PRCP,0,,,a,
ASN00082076,19370623,PRCP,0,,,a,
ASN00082076,19370624,PRCP,0,,,a,
ASN00082076,19370625,PRCP,0,,,a,
ASN00082076,19370626,PRCP,0,,,a,
ASN00082076,19370627,PRCP,0,,,a,
ASN00082076,19370628,PRCP,0,,,a,
ASN00082076,19370629,PRCP,0,,,a,
ASN00082076,19370630,PRCP,0,,,a,
ASN00082076,19370701,PRCP,0,,,a,
ASN00082076,19370702,PRCP,0,,,a,
ASN00082076,19370703,PRCP,0,,,a,
ASN00082076,19370704,PRCP,137,,,a,
ASN00082076,19370705,PRCP,0,,,a,
ASN00082076,19370706,PRCP,0,,,a,
ASN00082076,19370707,PRCP,0,,,a,
ASN00082076,19370708,PRCP,0,,,a,
ASN00082076,19370709,PRCP,0,,,a,
ASN00082076,19370710,PRCP,0,,,a,
ASN00082076,19370711,PRCP,64,,,a,
ASN00082076,19370712,PRCP,8,,,a,
ASN00082076,19370713,PRCP,0,,,a,
ASN00082076,19370714,PRCP,0,,,a,
ASN00082076,19370715,PRCP,0,,,a,
ASN00082076,19370716,PRCP,0,,,a,
ASN00082076,19370717,PRCP,0,,,a,
ASN00082076,19370718,PRCP,384,,,a,
ASN00082076,19370719,PRCP,51,,,a,
ASN00082076,19370720,PRCP,15,,,a,
ASN00082076,19370721,PRCP,0,,,a,
ASN00082076,19370722,PRCP,0,,,a,
ASN00082076,19370723,PRCP,0,,,a,
ASN00082076,19370724,PRCP,81,,,a,
ASN00082076,19370725,PRCP,0,,,a,
ASN00082076,19370726,PRCP,0,,,a,
ASN00082076,19370727,PRCP,0,,,a,
ASN00082076,19370728,PRCP,0,,,a,
ASN00082076,19370729,PRCP,0,,,a,
ASN00082076,19370730,PRCP,0,,,a,
ASN00082076,19370731,PRCP,0,,,a,
ASN00082076,19370801,PRCP,178,,,a,
ASN00082076,19370802,PRCP,0,,,a,
ASN00082076,19370803,PRCP,84,,,a,
ASN00082076,19370804,PRCP,0,,,a,
ASN00082076,19370805,PRCP,5,,,a,
ASN00082076,19370806,PRCP,0,,,a,
ASN00082076,19370807,PRCP,0,,,a,
ASN00082076,19370808,PRCP,0,,,a,
ASN00082076,19370809,PRCP,0,,,a,
ASN00082076,19370810,PRCP,0,,,a,
ASN00082076,19370811,PRCP,0,,,a,
ASN00082076,19370812,PRCP,0,,,a,
ASN00082076,19370813,PRCP,0,,,a,
ASN00082076,19370814,PRCP,0,,,a,
ASN00082076,19370815,PRCP,0,,,a,
ASN00082076,19370816,PRCP,0,,,a,
ASN00082076,19370817,PRCP,483,,,a,
ASN00082076,19370818,PRCP,66,,,a,
ASN00082076,19370819,PRCP,41,,,a,
ASN00082076,19370820,PRCP,0,,,a,
ASN00082076,19370821,PRCP,0,,,a,
ASN00082076,19370822,PRCP,0,,,a,
ASN00082076,19370823,PRCP,0,,,a,
ASN00082076,19370824,PRCP,0,,,a,
ASN00082076,19370825,PRCP,0,,,a,
ASN00082076,19370826,PRCP,0,,,a,
ASN00082076,19370827,PRCP,0,,,a,
ASN00082076,19370828,PRCP,0,,,a,
ASN00082076,19370829,PRCP,41,,,a,
ASN00082076,19370830,PRCP,61,,,a,
ASN00082076,19370831,PRCP,0,,,a,
ASN00082076,19370901,PRCP,5,,,a,
ASN00082076,19370902,PRCP,262,,,a,
ASN00082076,19370903,PRCP,498,,,a,
ASN00082076,19370904,PRCP,91,,,a,
ASN00082076,19370905,PRCP,10,,,a,
ASN00082076,19370906,PRCP,10,,,a,
ASN00082076,19370907,PRCP,0,,,a,
ASN00082076,19370908,PRCP,0,,,a,
ASN00082076,19370909,PRCP,0,,,a,
ASN00082076,19370910,PRCP,183,,,a,
ASN00082076,19370911,PRCP,18,,,a,
ASN00082076,19370912,PRCP,0,,,a,
ASN00082076,19370913,PRCP,0,,,a,
ASN00082076,19370914,PRCP,0,,,a,
ASN00082076,19370915,PRCP,0,,,a,
ASN00082076,19370916,PRCP,292,,,a,
ASN00082076,19370917,PRCP,8,,,a,
ASN00082076,19370918,PRCP,10,,,a,
ASN00082076,19370919,PRCP,69,,,a,
ASN00082076,19370920,PRCP,152,,,a,
ASN00082076,19370921,PRCP,178,,,a,
ASN00082076,19370922,PRCP,8,,,a,
ASN00082076,19370923,PRCP,0,,,a,
ASN00082076,19370924,PRCP,0,,,a,
ASN00082076,19370925,PRCP,0,,,a,
ASN00082076,19370926,PRCP,0,,,a,
ASN00082076,19370927,PRCP,0,,,a,
ASN00082076,19370928,PRCP,0,,,a,
ASN00082076,19370929,PRCP,0,,,a,
ASN00082076,19370930,PRCP,36,,,a,
ASN00082076,19371001,PRCP,41,,,a,
ASN00082076,19371002,PRCP,0,,,a,
ASN00082076,19371003,PRCP,0,,,a,
ASN00082076,19371004,PRCP,0,,,a,
ASN00082076,19371005,PRCP,0,,,a,
ASN00082076,19371006,PRCP,0,,,a,
ASN00082076,19371007,PRCP,0,,,a,
ASN00082076,19371008,PRCP,20,,,a,
ASN00082076,19371009,PRCP,0,,,a,
ASN00082076,19371010,PRCP,185,,,a,
ASN00082076,19371011,PRCP,109,,,a,
ASN00082076,19371012,PRCP,0,,,a,
ASN00082076,19371013,PRCP,0,,,a,
ASN00082076,19371014,PRCP,0,,,a,
ASN00082076,19371015,PRCP,0,,,a,
ASN00082076,19371016,PRCP,147,,,a,
ASN00082076,19371017,PRCP,185,,,a,
ASN00082076,19371018,PRCP,81,,,a,
ASN00082076,19371019,PRCP,84,,,a,
ASN00082076,19371020,PRCP,0,,,a,
ASN00082076,19371021,PRCP,0,,,a,
ASN00082076,19371022,PRCP,0,,,a,
ASN00082076,19371023,PRCP,0,,,a,
ASN00082076,19371024,PRCP,0,,,a,
ASN00082076,19371025,PRCP,0,,,a,
ASN00082076,19371026,PRCP,51,,,a,
ASN00082076,19371027,PRCP,0,,,a,
ASN00082076,19371028,PRCP,0,,,a,
ASN00082076,19371029,PRCP,0,,,a,
ASN00082076,19371030,PRCP,0,,,a,
ASN00082076,19371031,PRCP,152,,,a,
ASN00082076,19371101,PRCP,0,,,a,
ASN00082076,19371102,PRCP,0,,,a,
ASN00082076,19371103,PRCP,0,,,a,
ASN00082076,19371104,PRCP,0,,,a,
ASN00082076,19371105,PRCP,20,,,a,
ASN00082076,19371106,PRCP,5,,,a,
ASN00082076,19371107,PRCP,81,,,a,
ASN00082076,19371108,PRCP,0,,,a,
ASN00082076,19371109,PRCP,0,,,a,
ASN00082076,19371110,PRCP,0,,,a,
ASN00082076,19371111,PRCP,0,,,a,
ASN00082076,19371112,PRCP,0,,,a,
ASN00082076,19371113,PRCP,38,,,a,
ASN00082076,19371114,PRCP,0,,,a,
ASN00082076,19371115,PRCP,191,,,a,
ASN00082076,19371116,PRCP,25,,,a,
ASN00082076,19371117,PRCP,0,,,a,
ASN00082076,19371118,PRCP,0,,,a,
ASN00082076,19371119,PRCP,0,,,a,
ASN00082076,19371120,PRCP,0,,,a,
ASN00082076,19371121,PRCP,8,,,a,
ASN00082076,19371122,PRCP,0,,,a,
ASN00082076,19371123,PRCP,0,,,a,
ASN00082076,19371124,PRCP,0,,,a,
ASN00082076,19371125,PRCP,0,,,a,
ASN00082076,19371126,PRCP,0,,,a,
ASN00082076,19371127,PRCP,0,,,a,
ASN00082076,19371128,PRCP,0,,,a,
ASN00082076,19371129,PRCP,0,,,a,
ASN00082076,19371130,PRCP,0,,,a,
ASN00082076,19371201,PRCP,0,,,a,
ASN00082076,19371202,PRCP,0,,,a,
ASN00082076,19371203,PRCP,107,,,a,
ASN00082076,19371204,PRCP,61,,,a,
ASN00082076,19371205,PRCP,41,,,a,
ASN00082076,19371206,PRCP,0,,,a,
ASN00082076,19371207,PRCP,0,,,a,
ASN00082076,19371208,PRCP,0,,,a,
ASN00082076,19371209,PRCP,0,,,a,
ASN00082076,19371210,PRCP,0,,,a,
ASN00082076,19371211,PRCP,191,,,a,
ASN00082076,19371212,PRCP,76,,,a,
ASN00082076,19371213,PRCP,0,,,a,
ASN00082076,19371214,PRCP,41,,,a,
ASN00082076,19371215,PRCP,0,,,a,
ASN00082076,19371216,PRCP,0,,,a,
ASN00082076,19371217,PRCP,0,,,a,
ASN00082076,19371218,PRCP,0,,,a,
ASN00082076,19371219,PRCP,0,,,a,
ASN00082076,19371220,PRCP,0,,,a,
ASN00082076,19371221,PRCP,0,,,a,
ASN00082076,19371222,PRCP,0,,,a,
ASN00082076,19371223,PRCP,0,,,a,
ASN00082076,19371224,PRCP,0,,,a,
ASN00082076,19371225,PRCP,0,,,a,
ASN00082076,19371226,PRCP,69,,,a,
ASN00082076,19371227,PRCP,43,,,a,
ASN00082076,19371228,PRCP,25,,,a,
ASN00082076,19371229,PRCP,8,,,a,
ASN00082076,19371230,PRCP,0,,,a,
ASN00082076,19371231,PRCP,0,,,a,
ASN00082076,19380101,PRCP,0,,,a,
ASN00082076,19380102,PRCP,0,,,a,
ASN00082076,19380103,PRCP,48,,,a,
ASN00082076,19380104,PRCP,5,,,a,
ASN00082076,19380105,PRCP,0,,,a,
ASN00082076,19380106,PRCP,0,,,a,
ASN00082076,19380107,PRCP,0,,,a,
ASN00082076,19380108,PRCP,0,,,a,
ASN00082076,19380109,PRCP,0,,,a,
ASN00082076,19380110,PRCP,0,,,a,
ASN00082076,19380111,PRCP,0,,,a,
ASN00082076,19380112,PRCP,0,,,a,
ASN00082076,19380113,PRCP,0,,,a,
ASN00082076,19380114,PRCP,0,,,a,
ASN00082076,19380115,PRCP,0,,,a,
ASN00082076,19380116,PRCP,84,,,a,
ASN00082076,19380117,PRCP,0,,,a,
ASN00082076,19380118,PRCP,0,,,a,
ASN00082076,19380119,PRCP,0,,,a,
ASN00082076,19380120,PRCP,0,,,a,
ASN00082076,19380121,PRCP,0,,,a,
ASN00082076,19380122,PRCP,0,,,a,
ASN00082076,19380123,PRCP,0,,,a,
ASN00082076,19380124,PRCP,0,,,a,
ASN00082076,19380125,PRCP,0,,,a,
ASN00082076,19380126,PRCP,0,,,a,
ASN00082076,19380127,PRCP,175,,,a,
ASN00082076,19380128,PRCP,5,,,a,
ASN00082076,19380129,PRCP,0,,,a,
ASN00082076,19380130,PRCP,0,,,a,
ASN00082076,19380131,PRCP,0,,,a,
ASN00082076,19380201,PRCP,0,,,a,
ASN00082076,19380202,PRCP,20,,,a,
ASN00082076,19380203,PRCP,0,,,a,
ASN00082076,19380204,PRCP,0,,,a,
ASN00082076,19380205,PRCP,439,,,a,
ASN00082076,19380206,PRCP,0,,,a,
ASN00082076,19380207,PRCP,0,,,a,
ASN00082076,19380208,PRCP,0,,,a,
ASN00082076,19380209,PRCP,0,,,a,
ASN00082076,19380210,PRCP,18,,,a,
ASN00082076,19380211,PRCP,0,,,a,
ASN00082076,19380212,PRCP,0,,,a,
ASN00082076,19380213,PRCP,0,,,a,
ASN00082076,19380214,PRCP,0,,,a,
ASN00082076,19380215,PRCP,0,,,a,
ASN00082076,19380216,PRCP,0,,,a,
ASN00082076,19380217,PRCP,0,,,a,
ASN00082076,19380218,PRCP,0,,,a,
ASN00082076,19380219,PRCP,0,,,a,
ASN00082076,19380220,PRCP,0,,,a,
ASN00082076,19380221,PRCP,0,,,a,
ASN00082076,19380222,PRCP,0,,,a,
ASN00082076,19380223,PRCP,315,,,a,
ASN00082076,19380224,PRCP,0,,,a,
ASN00082076,19380225,PRCP,0,,,a,
ASN00082076,19380226,PRCP,0,,,a,
ASN00082076,19380227,PRCP,0,,,a,
ASN00082076,19380228,PRCP,0,,,a,
ASN00082076,19380301,PRCP,0,,,a,
ASN00082076,19380302,PRCP,0,,,a,
ASN00082076,19380303,PRCP,0,,,a,
ASN00082076,19380304,PRCP,0,,,a,
ASN00082076,19380305,PRCP,0,,,a,
ASN00082076,19380306,PRCP,140,,,a,
ASN00082076,19380307,PRCP,0,,,a,
ASN00082076,19380308,PRCP,0,,,a,
ASN00082076,19380309,PRCP,0,,,a,
ASN00082076,19380310,PRCP,0,,,a,
ASN00082076,19380311,PRCP,0,,,a,
ASN00082076,19380312,PRCP,0,,,a,
ASN00082076,19380313,PRCP,0,,,a,
ASN00082076,19380314,PRCP,0,,,a,
ASN00082076,19380315,PRCP,0,,,a,
ASN00082076,19380316,PRCP,0,,,a,
ASN00082076,19380317,PRCP,69,,,a,
ASN00082076,19380318,PRCP,147,,,a,
ASN00082076,19380319,PRCP,0,,,a,
ASN00082076,19380320,PRCP,0,,,a,
ASN00082076,19380321,PRCP,0,,,a,
ASN00082076,19380322,PRCP,0,,,a,
ASN00082076,19380323,PRCP,0,,,a,
ASN00082076,19380324,PRCP,0,,,a,
ASN00082076,19380325,PRCP,0,,,a,
ASN00082076,19380326,PRCP,0,,,a,
ASN00082076,19380327,PRCP,0,,,a,
ASN00082076,19380328,PRCP,0,,,a,
ASN00082076,19380329,PRCP,0,,,a,
ASN00082076,19380330,PRCP,0,,,a,
ASN00082076,19380331,PRCP,0,,,a,
ASN00082076,19380401,PRCP,0,,,a,
ASN00082076,19380402,PRCP,0,,,a,
ASN00082076,19380403,PRCP,0,,,a,
ASN00082076,19380404,PRCP,0,,,a,
ASN00082076,19380405,PRCP,0,,,a,
ASN00082076,19380406,PRCP,0,,,a,
ASN00082076,19380407,PRCP,0,,,a,
ASN00082076,19380408,PRCP,0,,,a,
ASN00082076,19380409,PRCP,0,,,a,
ASN00082076,19380410,PRCP,0,,,a,
ASN00082076,19380411,PRCP,0,,,a,
ASN00082076,19380412,PRCP,0,,,a,
ASN00082076,19380413,PRCP,0,,,a,
ASN00082076,19380414,PRCP,0,,,a,
ASN00082076,19380415,PRCP,0,,,a,
ASN00082076,19380416,PRCP,114,,,a,
ASN00082076,19380417,PRCP,13,,,a,
ASN00082076,19380418,PRCP,0,,,a,
ASN00082076,19380419,PRCP,419,,,a,
ASN00082076,19380420,PRCP,0,,,a,
ASN00082076,19380421,PRCP,0,,,a,
ASN00082076,19380422,PRCP,0,,,a,
ASN00082076,19380423,PRCP,0,,,a,
ASN00082076,19380424,PRCP,0,,,a,
ASN00082076,19380425,PRCP,0,,,a,
ASN00082076,19380426,PRCP,333,,,a,
ASN00082076,19380427,PRCP,66,,,a,
ASN00082076,19380428,PRCP,41,,,a,
ASN00082076,19380429,PRCP,0,,,a,
ASN00082076,19380430,PRCP,0,,,a,
ASN00082076,19380501,PRCP,0,,,a,
ASN00082076,19380502,PRCP,0,,,a,
ASN00082076,19380503,PRCP,51,,,a,
ASN00082076,19380504,PRCP,0,,,a,
ASN00082076,19380505,PRCP,0,,,a,
ASN00082076,19380506,PRCP,0,,,a,
ASN00082076,19380507,PRCP,0,,,a,
ASN00082076,19380508,PRCP,0,,,a,
ASN00082076,19380509,PRCP,0,,,a,
ASN00082076,19380510,PRCP,0,,,a,
ASN00082076,19380511,PRCP,0,,,a,
ASN00082076,19380512,PRCP,0,,,a,
ASN00082076,19380513,PRCP,0,,,a,
ASN00082076,19380514,PRCP,15,,,a,
ASN00082076,19380515,PRCP,0,,,a,
ASN00082076,19380516,PRCP,0,,,a,
ASN00082076,19380517,PRCP,0,,,a,
ASN00082076,19380518,PRCP,0,,,a,
ASN00082076,19380519,PRCP,0,,,a,
ASN00082076,19380520,PRCP,0,,,a,
ASN00082076,19380521,PRCP,0,,,a,
ASN00082076,19380522,PRCP,0,,,a,
ASN00082076,19380523,PRCP,0,,,a,
ASN00082076,19380524,PRCP,0,,,a,
ASN00082076,19380525,PRCP,0,,,a,
ASN00082076,19380526,PRCP,0,,,a,
ASN00082076,19380527,PRCP,20,,,a,
ASN00082076,19380528,PRCP,71,,,a,
ASN00082076,19380529,PRCP,10,,,a,
ASN00082076,19380530,PRCP,0,,,a,
ASN00082076,19380531,PRCP,0,,,a,
ASN00082076,19380601,PRCP,0,,,a,
ASN00082076,19380602,PRCP,249,,,a,
ASN00082076,19380603,PRCP,0,,,a,
ASN00082076,19380604,PRCP,0,,,a,
ASN00082076,19380605,PRCP,0,,,a,
ASN00082076,19380606,PRCP,86,,,a,
ASN00082076,19380607,PRCP,30,,,a,
ASN00082076,19380608,PRCP,48,,,a,
ASN00082076,19380609,PRCP,0,,,a,
ASN00082076,19380610,PRCP,0,,,a,
ASN00082076,19380611,PRCP,25,,,a,
ASN00082076,19380612,PRCP,0,,,a,
ASN00082076,19380613,PRCP,0,,,a,
ASN00082076,19380614,PRCP,0,,,a,
ASN00082076,19380615,PRCP,0,,,a,
ASN00082076,19380616,PRCP,178,,,a,
ASN00082076,19380617,PRCP,0,,,a,
ASN00082076,19380618,PRCP,0,,,a,
ASN00082076,19380619,PRCP,18,,,a,
ASN00082076,19380620,PRCP,0,,,a,
ASN00082076,19380621,PRCP,0,,,a,
ASN00082076,19380622,PRCP,0,,,a,
ASN00082076,19380623,PRCP,0,,,a,
ASN00082076,19380624,PRCP,86,,,a,
ASN00082076,19380625,PRCP,203,,,a,
ASN00082076,19380626,PRCP,203,,,a,
ASN00082076,19380627,PRCP,53,,,a,
ASN00082076,19380628,PRCP,170,,,a,
ASN00082076,19380629,PRCP,104,,,a,
ASN00082076,19380630,PRCP,41,,,a,
ASN00082076,19380701,PRCP,0,,,a,
ASN00082076,19380702,PRCP,51,,,a,
ASN00082076,19380703,PRCP,30,,,a,
ASN00082076,19380704,PRCP,15,,,a,
ASN00082076,19380705,PRCP,0,,,a,
ASN00082076,19380706,PRCP,0,,,a,
ASN00082076,19380707,PRCP,0,,,a,
ASN00082076,19380708,PRCP,0,,,a,
ASN00082076,19380709,PRCP,0,,,a,
ASN00082076,19380710,PRCP,0,,,a,
ASN00082076,19380711,PRCP,0,,,a,
ASN00082076,19380712,PRCP,0,,,a,
ASN00082076,19380713,PRCP,0,,,a,
ASN00082076,19380714,PRCP,0,,,a,
ASN00082076,19380715,PRCP,0,,,a,
ASN00082076,19380716,PRCP,0,,,a,
ASN00082076,19380717,PRCP,0,,,a,
ASN00082076,19380718,PRCP,0,,,a,
ASN00082076,19380719,PRCP,91,,,a,
ASN00082076,19380720,PRCP,0,,,a,
ASN00082076,19380721,PRCP,0,,,a,
ASN00082076,19380722,PRCP,0,,,a,
ASN00082076,19380723,PRCP,0,,,a,
ASN00082076,19380724,PRCP,8,,,a,
ASN00082076,19380725,PRCP,28,,,a,
ASN00082076,19380726,PRCP,0,,,a,
ASN00082076,19380727,PRCP,0,,,a,
ASN00082076,19380728,PRCP,0,,,a,
ASN00082076,19380729,PRCP,0,,,a,
ASN00082076,19380730,PRCP,51,,,a,
ASN00082076,19380731,PRCP,53,,,a,
ASN00082076,19380801,PRCP,0,,,a,
ASN00082076,19380802,PRCP,28,,,a,
ASN00082076,19380803,PRCP,0,,,a,
ASN00082076,19380804,PRCP,0,,,a,
ASN00082076,19380805,PRCP,0,,,a,
ASN00082076,19380806,PRCP,0,,,a,
ASN00082076,19380807,PRCP,0,,,a,
ASN00082076,19380808,PRCP,211,,,a,
ASN00082076,19380809,PRCP,0,,,a,
ASN00082076,19380810,PRCP,0,,,a,
ASN00082076,19380811,PRCP,0,,,a,
ASN00082076,19380812,PRCP,0,,,a,
ASN00082076,19380813,PRCP,0,,,a,
ASN00082076,19380814,PRCP,20,,,a,
ASN00082076,19380815,PRCP,152,,,a,
ASN00082076,19380816,PRCP,147,,,a,
ASN00082076,19380817,PRCP,20,,,a,
ASN00082076,19380818,PRCP,0,,,a,
ASN00082076,19380819,PRCP,0,,,a,
ASN00082076,19380820,PRCP,0,,,a,
ASN00082076,19380821,PRCP,0,,,a,
ASN00082076,19380822,PRCP,0,,,a,
ASN00082076,19380823,PRCP,0,,,a,
ASN00082076,19380824,PRCP,13,,,a,
ASN00082076,19380825,PRCP,0,,,a,
ASN00082076,19380826,PRCP,0,,,a,
ASN00082076,19380827,PRCP,10,,,a,
ASN00082076,19380828,PRCP,170,,,a,
ASN00082076,19380829,PRCP,51,,,a,
ASN00082076,19380830,PRCP,23,,,a,
ASN00082076,19380831,PRCP,10,,,a,
ASN00082076,19380901,PRCP,114,,,a,
ASN00082076,19380902,PRCP,0,,,a,
ASN00082076,19380903,PRCP,0,,,a,
ASN00082076,19380904,PRCP,0,,,a,
ASN00082076,19380905,PRCP,0,,,a,
ASN00082076,19380906,PRCP,0,,,a,
ASN00082076,19380907,PRCP,0,,,a,
ASN00082076,19380908,PRCP,0,,,a,
ASN00082076,19380909,PRCP,0,,,a,
ASN00082076,19380910,PRCP,216,,,a,
ASN00082076,19380911,PRCP,0,,,a,
ASN00082076,19380912,PRCP,0,,,a,
ASN00082076,19380913,PRCP,0,,,a,
ASN00082076,19380914,PRCP,64,,,a,
ASN00082076,19380915,PRCP,0,,,a,
ASN00082076,19380916,PRCP,38,,,a,
ASN00082076,19380917,PRCP,145,,,a,
ASN00082076,19380918,PRCP,0,,,a,
ASN00082076,19380919,PRCP,0,,,a,
ASN00082076,19380920,PRCP,0,,,a,
ASN00082076,19380921,PRCP,0,,,a,
ASN00082076,19380922,PRCP,0,,,a,
ASN00082076,19380923,PRCP,20,,,a,
ASN00082076,19380924,PRCP,0,,,a,
ASN00082076,19380925,PRCP,0,,,a,
ASN00082076,19380926,PRCP,0,,,a,
ASN00082076,19380927,PRCP,0,,,a,
ASN00082076,19380928,PRCP,0,,,a,
ASN00082076,19380929,PRCP,5,,,a,
ASN00082076,19380930,PRCP,0,,,a,
ASN00082076,19381001,PRCP,0,,,a,
ASN00082076,19381002,PRCP,0,,,a,
ASN00082076,19381003,PRCP,0,,,a,
ASN00082076,19381004,PRCP,0,,,a,
ASN00082076,19381005,PRCP,0,,,a,
ASN00082076,19381006,PRCP,0,,,a,
ASN00082076,19381007,PRCP,0,,,a,
ASN00082076,19381008,PRCP,61,,,a,
ASN00082076,19381009,PRCP,0,,,a,
ASN00082076,19381010,PRCP,0,,,a,
ASN00082076,19381011,PRCP,0,,,a,
ASN00082076,19381012,PRCP,0,,,a,
ASN00082076,19381013,PRCP,23,,,a,
ASN00082076,19381014,PRCP,15,,,a,
ASN00082076,19381015,PRCP,20,,,a,
ASN00082076,19381016,PRCP,0,,,a,
ASN00082076,19381017,PRCP,0,,,a,
ASN00082076,19381018,PRCP,0,,,a,
ASN00082076,19381019,PRCP,8,,,a,
ASN00082076,19381020,PRCP,0,,,a,
ASN00082076,19381021,PRCP,0,,,a,
ASN00082076,19381022,PRCP,0,,,a,
ASN00082076,19381023,PRCP,0,,,a,
ASN00082076,19381024,PRCP,0,,,a,
ASN00082076,19381025,PRCP,58,,,a,
ASN00082076,19381026,PRCP,43,,,a,
ASN00082076,19381027,PRCP,0,,,a,
ASN00082076,19381028,PRCP,0,,,a,
ASN00082076,19381029,PRCP,0,,,a,
ASN00082076,19381030,PRCP,15,,,a,
ASN00082076,19381031,PRCP,71,,,a,
ASN00082076,19381101,PRCP,13,,,a,
ASN00082076,19381102,PRCP,5,,,a,
ASN00082076,19381103,PRCP,0,,,a,
ASN00082076,19381104,PRCP,0,,,a,
ASN00082076,19381105,PRCP,0,,,a,
ASN00082076,19381106,PRCP,0,,,a,
ASN00082076,19381107,PRCP,0,,,a,
ASN00082076,19381108,PRCP,0,,,a,
ASN00082076,19381109,PRCP,0,,,a,
ASN00082076,19381110,PRCP,33,,,a,
ASN00082076,19381111,PRCP,0,,,a,
ASN00082076,19381112,PRCP,0,,,a,
ASN00082076,19381113,PRCP,0,,,a,
ASN00082076,19381114,PRCP,0,,,a,
ASN00082076,19381115,PRCP,0,,,a,
ASN00082076,19381116,PRCP,0,,,a,
ASN00082076,19381117,PRCP,0,,,a,
ASN00082076,19381118,PRCP,0,,,a,
ASN00082076,19381119,PRCP,0,,,a,
ASN00082076,19381120,PRCP,0,,,a,
ASN00082076,19381121,PRCP,0,,,a,
ASN00082076,19381122,PRCP,56,,,a,
ASN00082076,19381123,PRCP,0,,,a,
ASN00082076,19381124,PRCP,0,,,a,
ASN00082076,19381125,PRCP,0,,,a,
ASN00082076,19381126,PRCP,0,,,a,
ASN00082076,19381127,PRCP,0,,,a,
ASN00082076,19381128,PRCP,46,,,a,
ASN00082076,19381129,PRCP,0,,,a,
ASN00082076,19381130,PRCP,0,,,a,
ASN00082076,19390101,PRCP,0,,,a,
ASN00082076,19390102,PRCP,0,,,a,
ASN00082076,19390103,PRCP,0,,,a,
ASN00082076,19390104,PRCP,0,,,a,
ASN00082076,19390105,PRCP,0,,,a,
ASN00082076,19390106,PRCP,0,,,a,
ASN00082076,19390107,PRCP,0,,,a,
ASN00082076,19390108,PRCP,0,,,a,
ASN00082076,19390109,PRCP,0,,,a,
ASN00082076,19390110,PRCP,0,,,a,
ASN00082076,19390111,PRCP,5,,,a,
ASN00082076,19390112,PRCP,0,,,a,
ASN00082076,19390113,PRCP,0,,,a,
ASN00082076,19390114,PRCP,0,,,a,
ASN00082076,19390115,PRCP,0,,,a,
ASN00082076,19390116,PRCP,0,,,a,
ASN00082076,19390117,PRCP,0,,,a,
ASN00082076,19390118,PRCP,137,,,a,
ASN00082076,19390119,PRCP,191,,,a,
ASN00082076,19390120,PRCP,23,,,a,
ASN00082076,19390121,PRCP,3,,,a,
ASN00082076,19390122,PRCP,0,,,a,
ASN00082076,19390123,PRCP,0,,,a,
ASN00082076,19390124,PRCP,0,,,a,
ASN00082076,19390125,PRCP,0,,,a,
ASN00082076,19390126,PRCP,0,,,a,
ASN00082076,19390127,PRCP,0,,,a,
ASN00082076,19390128,PRCP,0,,,a,
ASN00082076,19390129,PRCP,0,,,a,
ASN00082076,19390130,PRCP,0,,,a,
ASN00082076,19390131,PRCP,0,,,a,
ASN00082076,19390201,PRCP,0,,,a,
ASN00082076,19390202,PRCP,3,,,a,
ASN00082076,19390203,PRCP,0,,,a,
ASN00082076,19390204,PRCP,0,,,a,
ASN00082076,19390205,PRCP,0,,,a,
ASN00082076,19390206,PRCP,0,,,a,
ASN00082076,19390207,PRCP,0,,,a,
ASN00082076,19390208,PRCP,33,,,a,
ASN00082076,19390209,PRCP,0,,,a,
ASN00082076,19390210,PRCP,0,,,a,
ASN00082076,19390211,PRCP,5,,,a,
ASN00082076,19390212,PRCP,0,,,a,
ASN00082076,19390213,PRCP,0,,,a,
ASN00082076,19390214,PRCP,0,,,a,
ASN00082076,19390215,PRCP,0,,,a,
ASN00082076,19390216,PRCP,0,,,a,
ASN00082076,19390217,PRCP,0,,,a,
ASN00082076,19390218,PRCP,203,,,a,
ASN00082076,19390219,PRCP,102,,,a,
ASN00082076,19390220,PRCP,0,,,a,
ASN00082076,19390221,PRCP,0,,,a,
ASN00082076,19390222,PRCP,0,,,a,
ASN00082076,19390223,PRCP,0,,,a,
ASN00082076,19390224,PRCP,0,,,a,
ASN00082076,19390225,PRCP,0,,,a,
ASN00082076,19390226,PRCP,51,,,a,
ASN00082076,19390227,PRCP,991,,,a,
ASN00082076,19390228,PRCP,978,,,a,
ASN00082076,19390301,PRCP,0,,,a,
ASN00082076,19390302,PRCP,0,,,a,
ASN00082076,19390303,PRCP,0,,,a,
ASN00082076,19390304,PRCP,0,,,a,
ASN00082076,19390305,PRCP,0,,,a,
ASN00082076,19390306,PRCP,0,,,a,
ASN00082076,19390307,PRCP,0,,,a,
ASN00082076,19390308,PRCP,0,,,a,
ASN00082076,19390309,PRCP,0,,,a,
ASN00082076,19390310,PRCP,18,,,a,
ASN00082076,19390311,PRCP,20,,,a,
ASN00082076,19390312,PRCP,51,,,a,
ASN00082076,19390313,PRCP,569,,,a,
ASN00082076,19390314,PRCP,0,,,a,
ASN00082076,19390315,PRCP,0,,,a,
ASN00082076,19390316,PRCP,450,,,a,
ASN00082076,19390317,PRCP,0,,,a,
ASN00082076,19390318,PRCP,0,,,a,
ASN00082076,19390319,PRCP,0,,,a,
ASN00082076,19390320,PRCP,0,,,a,
ASN00082076,19390321,PRCP,0,,,a,
ASN00082076,19390322,PRCP,274,,,a,
ASN00082076,19390323,PRCP,99,,,a,
ASN00082076,19390324,PRCP,0,,,a,
ASN00082076,19390325,PRCP,0,,,a,
ASN00082076,19390326,PRCP,0,,,a,
ASN00082076,19390327,PRCP,0,,,a,
ASN00082076,19390328,PRCP,0,,,a,
ASN00082076,19390329,PRCP,0,,,a,
ASN00082076,19390330,PRCP,0,,,a,
ASN00082076,19390331,PRCP,0,,,a,
ASN00082076,19410923,PRCP,221,,,a,
ASN00082076,19410924,PRCP,127,,,a,
ASN00082076,19410925,PRCP,38,,,a,
ASN00082076,19410926,PRCP,5,,,a,
ASN00082076,19410927,PRCP,20,,,a,
ASN00082076,19410928,PRCP,119,,,a,
ASN00082076,19410929,PRCP,0,,,a,
ASN00082076,19410930,PRCP,0,,,a,
ASN00082076,19740101,PRCP,0,,,a,
ASN00082076,19740102,PRCP,0,,,a,
ASN00082076,19740103,PRCP,0,,,a,
ASN00082076,19740104,PRCP,254,,,a,
ASN00082076,19740105,PRCP,650,,,a,
ASN00082076,19740106,PRCP,0,,,a,
ASN00082076,19740107,PRCP,0,,,a,
ASN00082076,19740108,PRCP,0,,,a,
ASN00082076,19740109,PRCP,0,,,a,
ASN00082076,19740110,PRCP,145,,,a,
ASN00082076,19740111,PRCP,572,,,a,
ASN00082076,19740112,PRCP,0,,,a,
ASN00082076,19740113,PRCP,0,,,a,
ASN00082076,19740114,PRCP,0,,,a,
ASN00082076,19740115,PRCP,0,,,a,
ASN00082076,19740116,PRCP,0,,,a,
ASN00082076,19740117,PRCP,132,,,a,
ASN00082076,19740118,PRCP,79,,,a,
ASN00082076,19740119,PRCP,0,,,a,
ASN00082076,19740120,PRCP,0,,,a,
ASN00082076,19740121,PRCP,0,,,a,
ASN00082076,19740122,PRCP,71,,,a,
ASN00082076,19740123,PRCP,0,,,a,
ASN00082076,19740124,PRCP,0,,,a,
ASN00082076,19740125,PRCP,0,,,a,
ASN00082076,19740126,PRCP,0,,,a,
ASN00082076,19740127,PRCP,0,,,a,
ASN00082076,19740128,PRCP,0,,,a,
ASN00082076,19740129,PRCP,0,,,a,
ASN00082076,19740130,PRCP,0,,,a,
ASN00082076,19740131,PRCP,0,,,a,
ASN00082076,19740201,PRCP,0,,,a,
ASN00082076,19740202,PRCP,266,,,a,
ASN00082076,19740203,PRCP,0,,,a,
ASN00082076,19740204,PRCP,0,,,a,
ASN00082076,19740205,PRCP,0,,,a,
ASN00082076,19740206,PRCP,0,,,a,
ASN00082076,19740207,PRCP,0,,,a,
ASN00082076,19740208,PRCP,0,,,a,
ASN00082076,19740209,PRCP,0,,,a,
ASN00082076,19740210,PRCP,0,,,a,
ASN00082076,19740211,PRCP,0,,,a,
ASN00082076,19740212,PRCP,0,,,a,
ASN00082076,19740213,PRCP,0,,,a,
ASN00082076,19740214,PRCP,0,,,a,
ASN00082076,19740215,PRCP,0,,,a,
ASN00082076,19740216,PRCP,0,,,a,
ASN00082076,19740217,PRCP,0,,,a,
ASN00082076,19740218,PRCP,18,,,a,
ASN00082076,19740219,PRCP,73,,,a,
ASN00082076,19740220,PRCP,194,,,a,
ASN00082076,19740221,PRCP,0,,,a,
ASN00082076,19740222,PRCP,0,,,a,
ASN00082076,19740223,PRCP,0,,,a,
ASN00082076,19740224,PRCP,0,,,a,
ASN00082076,19740225,PRCP,0,,,a,
ASN00082076,19740226,PRCP,0,,,a,
ASN00082076,19740227,PRCP,0,,,a,
ASN00082076,19740228,PRCP,0,,,a,
ASN00082076,19740301,PRCP,2,,,a,
ASN00082076,19740302,PRCP,0,,,a,
ASN00082076,19740303,PRCP,0,,,a,
ASN00082076,19740304,PRCP,0,,,a,
ASN00082076,19740305,PRCP,0,,,a,
ASN00082076,19740306,PRCP,0,,,a,
ASN00082076,19740307,PRCP,0,,,a,
ASN00082076,19740308,PRCP,44,,,a,
ASN00082076,19740309,PRCP,0,,,a,
ASN00082076,19740310,PRCP,0,,,a,
ASN00082076,19740311,PRCP,0,,,a,
ASN00082076,19740312,PRCP,0,,,a,
ASN00082076,19740313,PRCP,0,,,a,
ASN00082076,19740314,PRCP,0,,,a,
ASN00082076,19740315,PRCP,0,,,a,
ASN00082076,19740316,PRCP,0,,,a,
ASN00082076,19740317,PRCP,0,,,a,
ASN00082076,19740318,PRCP,0,,,a,
ASN00082076,19740319,PRCP,0,,,a,
ASN00082076,19740320,PRCP,0,,,a,
ASN00082076,19740321,PRCP,40,,,a,
ASN00082076,19740322,PRCP,0,,,a,
ASN00082076,19740323,PRCP,30,,,a,
ASN00082076,19740324,PRCP,0,,,a,
ASN00082076,19740325,PRCP,22,,,a,
ASN00082076,19740326,PRCP,0,,,a,
ASN00082076,19740327,PRCP,0,,,a,
ASN00082076,19740328,PRCP,88,,,a,
ASN00082076,19740329,PRCP,6,,,a,
ASN00082076,19740330,PRCP,0,,,a,
ASN00082076,19740331,PRCP,0,,,a,
ASN00082076,19740401,PRCP,128,,,a,
ASN00082076,19740404,PRCP,0,,,a,
ASN00082076,19740405,PRCP,0,,,a,
ASN00082076,19740406,PRCP,0,,,a,
ASN00082076,19740407,PRCP,298,,,a,
ASN00082076,19740408,PRCP,66,,,a,
ASN00082076,19740409,PRCP,48,,,a,
ASN00082076,19740410,PRCP,112,,,a,
ASN00082076,19740411,PRCP,372,,,a,
ASN00082076,19740412,PRCP,134,,,a,
ASN00082076,19740413,PRCP,2,,,a,
ASN00082076,19740414,PRCP,8,,,a,
ASN00082076,19740415,PRCP,0,,,a,
ASN00082076,19740416,PRCP,0,,,a,
ASN00082076,19740417,PRCP,0,,,a,
ASN00082076,19740418,PRCP,0,,,a,
ASN00082076,19740419,PRCP,18,,,a,
ASN00082076,19740420,PRCP,26,,,a,
ASN00082076,19740421,PRCP,8,,,a,
ASN00082076,19740422,PRCP,0,,,a,
ASN00082076,19740423,PRCP,0,,,a,
ASN00082076,19740424,PRCP,16,,,a,
ASN00082076,19740425,PRCP,20,,,a,
ASN00082076,19740426,PRCP,22,,,a,
ASN00082076,19740427,PRCP,0,,,a,
ASN00082076,19740428,PRCP,46,,,a,
ASN00082076,19740429,PRCP,48,,,a,
ASN00082076,19740430,PRCP,128,,,a,
ASN00082076,19740403,DAPR,2,,,a,
ASN00082076,19740403,DWPR,1,,,a,
ASN00082076,19740403,MDPR,100,,,a,
ASN00082076,19740501,PRCP,124,,,a,
ASN00082076,19740502,PRCP,0,,,a,
ASN00082076,19740503,PRCP,0,,,a,
ASN00082076,19740504,PRCP,0,,,a,
ASN00082076,19740505,PRCP,0,,,a,
ASN00082076,19740506,PRCP,66,,,a,
ASN00082076,19740507,PRCP,12,,,a,
ASN00082076,19740508,PRCP,2,,,a,
ASN00082076,19740509,PRCP,1,,,a,
ASN00082076,19740510,PRCP,48,,,a,
ASN00082076,19740511,PRCP,138,,,a,
ASN00082076,19740512,PRCP,6,,,a,
ASN00082076,19740513,PRCP,2,,,a,
ASN00082076,19740514,PRCP,205,,,a,
ASN00082076,19740515,PRCP,260,,,a,
ASN00082076,19740516,PRCP,178,,,a,
ASN00082076,19740517,PRCP,20,,,a,
ASN00082076,19740518,PRCP,0,,,a,
ASN00082076,19740519,PRCP,0,,,a,
ASN00082076,19740520,PRCP,0,,,a,
ASN00082076,19740521,PRCP,0,,,a,
ASN00082076,19740522,PRCP,0,,,a,
ASN00082076,19740523,PRCP,2,,,a,
ASN00082076,19740524,PRCP,12,,,a,
ASN00082076,19740525,PRCP,0,,,a,
ASN00082076,19740526,PRCP,8,,,a,
ASN00082076,19740527,PRCP,0,,,a,
ASN00082076,19740528,PRCP,0,,,a,
ASN00082076,19740529,PRCP,0,,,a,
ASN00082076,19740530,PRCP,0,,,a,
ASN00082076,19740531,PRCP,0,,,a,
ASN00082076,19740601,PRCP,0,,,a,
ASN00082076,19740602,PRCP,0,,,a,
ASN00082076,19740603,PRCP,0,,,a,
ASN00082076,19740604,PRCP,0,,,a,
ASN00082076,19740605,PRCP,0,,,a,
ASN00082076,19740606,PRCP,0,,,a,
ASN00082076,19740607,PRCP,0,,,a,
ASN00082076,19740608,PRCP,8,,,a,
ASN00082076,19740609,PRCP,0,,,a,
ASN00082076,19740610,PRCP,0,,,a,
ASN00082076,19740611,PRCP,0,,,a,
ASN00082076,19740612,PRCP,0,,,a,
ASN00082076,19740613,PRCP,0,,,a,
ASN00082076,19740614,PRCP,0,,,a,
ASN00082076,19740615,PRCP,0,,,a,
ASN00082076,19740616,PRCP,0,,,a,
ASN00082076,19740617,PRCP,0,,,a,
ASN00082076,19740618,PRCP,0,,,a,
ASN00082076,19740619,PRCP,0,,,a,
ASN00082076,19740620,PRCP,52,,,a,
ASN00082076,19740621,PRCP,10,,,a,
ASN00082076,19740622,PRCP,16,,,a,
ASN00082076,19740623,PRCP,16,,,a,
ASN00082076,19740624,PRCP,0,,,a,
ASN00082076,19740625,PRCP,0,,,a,
ASN00082076,19740626,PRCP,0,,,a,
ASN00082076,19740627,PRCP,0,,,a,
ASN00082076,19740628,PRCP,0,,,a,
ASN00082076,19740629,PRCP,288,,,a,
ASN00082076,19740630,PRCP,96,,,a,
ASN00082076,19740701,PRCP,102,,,a,
ASN00082076,19740702,PRCP,24,,,a,
ASN00082076,19740703,PRCP,0,,,a,
ASN00082076,19740704,PRCP,12,,,a,
ASN00082076,19740705,PRCP,8,,,a,
ASN00082076,19740706,PRCP,82,,,a,
ASN00082076,19740707,PRCP,9,,,a,
ASN00082076,19740708,PRCP,16,,,a,
ASN00082076,19740709,PRCP,6,,,a,
ASN00082076,19740710,PRCP,18,,,a,
ASN00082076,19740711,PRCP,0,,,a,
ASN00082076,19740712,PRCP,0,,,a,
ASN00082076,19740713,PRCP,9,,,a,
ASN00082076,19740714,PRCP,28,,,a,
ASN00082076,19740715,PRCP,94,,,a,
ASN00082076,19740716,PRCP,162,,,a,
ASN00082076,19740717,PRCP,32,,,a,
ASN00082076,19740718,PRCP,312,,,a,
ASN00082076,19740719,PRCP,230,,,a,
ASN00082076,19740720,PRCP,146,,,a,
ASN00082076,19740721,PRCP,94,,,a,
ASN00082076,19740722,PRCP,156,,,a,
ASN00082076,19740723,PRCP,0,,,a,
ASN00082076,19740724,PRCP,20,,,a,
ASN00082076,19740725,PRCP,0,,,a,
ASN00082076,19740726,PRCP,122,,,a,
ASN00082076,19740730,PRCP,10,,,a,
ASN00082076,19740731,PRCP,164,,,a,
ASN00082076,19740729,DAPR,3,,,a,
ASN00082076,19740729,DWPR,1,,,a,
ASN00082076,19740729,MDPR,90,,,a,
ASN00082076,19740801,PRCP,66,,,a,
ASN00082076,19740802,PRCP,0,,,a,
ASN00082076,19740803,PRCP,182,,,a,
ASN00082076,19740804,PRCP,92,,,a,
ASN00082076,19740805,PRCP,26,,,a,
ASN00082076,19740806,PRCP,0,,,a,
ASN00082076,19740807,PRCP,10,,,a,
ASN00082076,19740808,PRCP,26,,,a,
ASN00082076,19740809,PRCP,120,,,a,
ASN00082076,19740810,PRCP,0,,,a,
ASN00082076,19740811,PRCP,68,,,a,
ASN00082076,19740812,PRCP,5,,,a,
ASN00082076,19740813,PRCP,0,,,a,
ASN00082076,19740814,PRCP,100,,,a,
ASN00082076,19740815,PRCP,110,,,a,
ASN00082076,19740816,PRCP,34,,,a,
ASN00082076,19740817,PRCP,0,,,a,
ASN00082076,19740820,PRCP,44,,,a,
ASN00082076,19740821,PRCP,5,,,a,
ASN00082076,19740822,PRCP,34,,,a,
ASN00082076,19740823,PRCP,1,,,a,
ASN00082076,19740824,PRCP,0,,,a,
ASN00082076,19740825,PRCP,0,,,a,
ASN00082076,19740826,PRCP,3,,,a,
ASN00082076,19740827,PRCP,80,,,a,
ASN00082076,19740828,PRCP,148,,,a,
ASN00082076,19740829,PRCP,233,,,a,
ASN00082076,19740830,PRCP,51,,,a,
ASN00082076,19740831,PRCP,9,,,a,
ASN00082076,19740819,DAPR,2,,,a,
ASN00082076,19740819,DWPR,1,,,a,
ASN00082076,19740819,MDPR,30,,,a,
ASN00082076,19740901,PRCP,18,,,a,
ASN00082076,19740902,PRCP,80,,,a,
ASN00082076,19740903,PRCP,2,,,a,
ASN00082076,19740904,PRCP,0,,,a,
ASN00082076,19740905,PRCP,350,,,a,
ASN00082076,19740906,PRCP,30,,,a,
ASN00082076,19740907,PRCP,0,,,a,
ASN00082076,19740908,PRCP,20,,,a,
ASN00082076,19740909,PRCP,0,,,a,
ASN00082076,19740910,PRCP,3,,,a,
ASN00082076,19740911,PRCP,0,,,a,
ASN00082076,19740912,PRCP,0,,,a,
ASN00082076,19740913,PRCP,168,,,a,
ASN00082076,19740914,PRCP,155,,,a,
ASN00082076,19740915,PRCP,54,,,a,
ASN00082076,19740916,PRCP,15,,,a,
ASN00082076,19740917,PRCP,30,,,a,
ASN00082076,19740918,PRCP,0,,,a,
ASN00082076,19740919,PRCP,0,,,a,
ASN00082076,19740920,PRCP,112,,,a,
ASN00082076,19740921,PRCP,0,,,a,
ASN00082076,19740922,PRCP,30,,,a,
ASN00082076,19740923,PRCP,2,,,a,
ASN00082076,19740924,PRCP,30,,,a,
ASN00082076,19740925,PRCP,0,,,a,
ASN00082076,19740926,PRCP,124,,,a,
ASN00082076,19740927,PRCP,0,,,a,
ASN00082076,19740928,PRCP,0,,,a,
ASN00082076,19740929,PRCP,8,,,a,
ASN00082076,19740930,PRCP,34,,,a,
ASN00082076,19741001,PRCP,16,,,a,
ASN00082076,19741002,PRCP,16,,,a,
ASN00082076,19741003,PRCP,0,,,a,
ASN00082076,19741004,PRCP,90,,,a,
ASN00082076,19741005,PRCP,186,,,a,
ASN00082076,19741006,PRCP,96,,,a,
ASN00082076,19741007,PRCP,0,,,a,
ASN00082076,19741008,PRCP,68,,,a,
ASN00082076,19741009,PRCP,46,,,a,
ASN00082076,19741010,PRCP,0,,,a,
ASN00082076,19741011,PRCP,52,,,a,
ASN00082076,19741012,PRCP,2,,,a,
ASN00082076,19741013,PRCP,85,,,a,
ASN00082076,19741014,PRCP,0,,,a,
ASN00082076,19741015,PRCP,0,,,a,
ASN00082076,19741016,PRCP,0,,,a,
ASN00082076,19741017,PRCP,722,,,a,
ASN00082076,19741018,PRCP,42,,,a,
ASN00082076,19741019,PRCP,28,,,a,
ASN00082076,19741020,PRCP,14,,,a,
ASN00082076,19741021,PRCP,0,,,a,
ASN00082076,19741022,PRCP,0,,,a,
ASN00082076,19741023,PRCP,22,,,a,
ASN00082076,19741024,PRCP,0,,,a,
ASN00082076,19741025,PRCP,304,,,a,
ASN00082076,19741026,PRCP,30,,,a,
ASN00082076,19741027,PRCP,0,,,a,
ASN00082076,19741028,PRCP,0,,,a,
ASN00082076,19741029,PRCP,0,,,a,
ASN00082076,19741030,PRCP,0,,,a,
ASN00082076,19741031,PRCP,0,,,a,
ASN00082076,19741102,PRCP,6,,,a,
ASN00082076,19741103,PRCP,4,,,a,
ASN00082076,19741104,PRCP,0,,,a,
ASN00082076,19741105,PRCP,0,,,a,
ASN00082076,19741106,PRCP,0,,,a,
ASN00082076,19741107,PRCP,0,,,a,
ASN00082076,19741108,PRCP,0,,,a,
ASN00082076,19741109,PRCP,0,,,a,
ASN00082076,19741110,PRCP,0,,,a,
ASN00082076,19741111,PRCP,0,,,a,
ASN00082076,19741112,PRCP,1,,,a,
ASN00082076,19741113,PRCP,28,,,a,
ASN00082076,19741114,PRCP,0,,,a,
ASN00082076,19741115,PRCP,0,,,a,
ASN00082076,19741116,PRCP,0,,,a,
ASN00082076,19741117,PRCP,0,,,a,
ASN00082076,19741118,PRCP,32,,,a,
ASN00082076,19741119,PRCP,0,,,a,
ASN00082076,19741120,PRCP,0,,,a,
ASN00082076,19741121,PRCP,0,,,a,
ASN00082076,19741122,PRCP,0,,,a,
ASN00082076,19741123,PRCP,0,,,a,
ASN00082076,19741124,PRCP,0,,,a,
ASN00082076,19741125,PRCP,0,,,a,
ASN00082076,19741126,PRCP,0,,,a,
ASN00082076,19741128,PRCP,0,,,a,
ASN00082076,19741129,PRCP,0,,,a,
ASN00082076,19741130,PRCP,0,,,a,
ASN00082076,19741201,PRCP,8,,,a,
ASN00082076,19741202,PRCP,0,,,a,
ASN00082076,19741203,PRCP,0,,,a,
ASN00082076,19741204,PRCP,0,,,a,
ASN00082076,19741205,PRCP,0,,,a,
ASN00082076,19741206,PRCP,0,,,a,
ASN00082076,19741207,PRCP,2,,,a,
ASN00082076,19741208,PRCP,0,,,a,
ASN00082076,19741209,PRCP,0,,,a,
ASN00082076,19741210,PRCP,134,,,a,
ASN00082076,19741211,PRCP,0,,,a,
ASN00082076,19741212,PRCP,72,,,a,
ASN00082076,19741213,PRCP,0,,,a,
ASN00082076,19741214,PRCP,0,,,a,
ASN00082076,19741215,PRCP,0,,,a,
ASN00082076,19741216,PRCP,0,,,a,
ASN00082076,19741217,PRCP,0,,,a,
ASN00082076,19741218,PRCP,0,,,a,
ASN00082076,19741219,PRCP,0,,,a,
ASN00082076,19741220,PRCP,18,,,a,
ASN00082076,19741221,PRCP,0,,,a,
ASN00082076,19741222,PRCP,0,,,a,
ASN00082076,19741223,PRCP,0,,,a,
ASN00082076,19741224,PRCP,0,,,a,
ASN00082076,19741225,PRCP,0,,,a,
ASN00082076,19741226,PRCP,0,,,a,
ASN00082076,19741227,PRCP,0,,,a,
ASN00082076,19741228,PRCP,40,,,a,
ASN00082076,19741229,PRCP,0,,,a,
ASN00082076,19741230,PRCP,0,,,a,
ASN00082076,19741231,PRCP,0,,,a,
ASN00082076,19750109,TMAX,240,,,a,
ASN00082076,19750110,TMAX,230,,,a,
ASN00082076,19750111,TMAX,180,,,a,
ASN00082076,19750112,TMAX,198,,,a,
ASN00082076,19750113,TMAX,202,,,a,
ASN00082076,19750114,TMAX,280,,,a,
ASN00082076,19750115,TMAX,294,,,a,
ASN00082076,19750116,TMAX,300,,,a,
ASN00082076,19750117,TMAX,280,,,a,
ASN00082076,19750118,TMAX,237,,,a,
ASN00082076,19750119,TMAX,295,,,a,
ASN00082076,19750120,TMAX,320,,,a,
ASN00082076,19750121,TMAX,314,,,a,
ASN00082076,19750122,TMAX,319,,,a,
ASN00082076,19750123,TMAX,274,,,a,
ASN00082076,19750124,TMAX,237,,,a,
ASN00082076,19750125,TMAX,164,,,a,
ASN00082076,19750126,TMAX,191,,,a,
ASN00082076,19750127,TMAX,210,,,a,
ASN00082076,19750128,TMAX,262,,,a,
ASN00082076,19750129,TMAX,290,,,a,
ASN00082076,19750130,TMAX,306,,,a,
ASN00082076,19750131,TMAX,295,,,a,
ASN00082076,19750109,TMIN,150,,,a,
ASN00082076,19750110,TMIN,122,,,a,
ASN00082076,19750111,TMIN,115,,,a,
ASN00082076,19750113,TMIN,38,,,a,
ASN00082076,19750114,TMIN,102,,,a,
ASN00082076,19750115,TMIN,134,,,a,
ASN00082076,19750116,TMIN,125,,,a,
ASN00082076,19750117,TMIN,113,,,a,
ASN00082076,19750118,TMIN,135,,,a,
ASN00082076,19750119,TMIN,80,,,a,
ASN00082076,19750120,TMIN,93,,,a,
ASN00082076,19750121,TMIN,102,,,a,
ASN00082076,19750122,TMIN,123,,,a,
ASN00082076,19750123,TMIN,102,,,a,
ASN00082076,19750125,TMIN,157,,,a,
ASN00082076,19750126,TMIN,59,,,a,
ASN00082076,19750127,TMIN,49,,,a,
ASN00082076,19750128,TMIN,75,,,a,
ASN00082076,19750129,TMIN,82,,,a,
ASN00082076,19750130,TMIN,98,,,a,
ASN00082076,19750131,TMIN,100,,,a,
ASN00082076,19750101,PRCP,0,,,a,
ASN00082076,19750102,PRCP,0,,,a,
ASN00082076,19750103,PRCP,0,,,a,
ASN00082076,19750104,PRCP,0,,,a,
ASN00082076,19750105,PRCP,0,,,a,
ASN00082076,19750106,PRCP,0,,,a,
ASN00082076,19750107,PRCP,0,,,a,
ASN00082076,19750108,PRCP,0,,,a,
ASN00082076,19750109,PRCP,0,,,a,
ASN00082076,19750110,PRCP,132,,,a,
ASN00082076,19750111,PRCP,5,,,a,
ASN00082076,19750112,PRCP,0,,,a,
ASN00082076,19750113,PRCP,0,,,a,
ASN00082076,19750114,PRCP,0,,,a,
ASN00082076,19750115,PRCP,0,,,a,
ASN00082076,19750116,PRCP,0,,,a,
ASN00082076,19750117,PRCP,0,,,a,
ASN00082076,19750118,PRCP,0,,,a,
ASN00082076,19750119,PRCP,0,,,a,
ASN00082076,19750120,PRCP,0,,,a,
ASN00082076,19750121,PRCP,0,,,a,
ASN00082076,19750122,PRCP,0,,,a,
ASN00082076,19750123,PRCP,0,,,a,
ASN00082076,19750124,PRCP,0,,,a,
ASN00082076,19750125,PRCP,123,,,a,
ASN00082076,19750126,PRCP,172,,,a,
ASN00082076,19750127,PRCP,0,,,a,
ASN00082076,19750128,PRCP,0,,,a,
ASN00082076,19750129,PRCP,0,,,a,
ASN00082076,19750130,PRCP,0,,,a,
ASN00082076,19750131,PRCP,0,,,a,
ASN00082076,19750201,PRCP,20,,,a,
ASN00082076,19750202,PRCP,0,,,a,
ASN00082076,19750203,PRCP,0,,,a,
ASN00082076,19750204,PRCP,0,,,a,
ASN00082076,19750205,PRCP,0,,,a,
ASN00082076,19750206,PRCP,0,,,a,
ASN00082076,19750207,PRCP,0,,,a,
ASN00082076,19750208,PRCP,0,,,a,
ASN00082076,19750209,PRCP,8,,,a,
ASN00082076,19750210,PRCP,0,,,a,
ASN00082076,19750211,PRCP,9,,,a,
ASN00082076,19750212,PRCP,262,,,a,
ASN00082076,19750213,PRCP,0,,,a,
ASN00082076,19750214,PRCP,0,,,a,
ASN00082076,19750215,PRCP,0,,,a,
ASN00082076,19750216,PRCP,0,,,a,
ASN00082076,19750217,PRCP,0,,,a,
ASN00082076,19750218,PRCP,0,,,a,
ASN00082076,19750219,PRCP,0,,,a,
ASN00082076,19750220,PRCP,0,,,a,
ASN00082076,19750221,PRCP,30,,,a,
ASN00082076,19750222,PRCP,32,,,a,
ASN00082076,19750223,PRCP,0,,,a,
ASN00082076,19750224,PRCP,0,,,a,
ASN00082076,19750225,PRCP,0,,,a,
ASN00082076,19750226,PRCP,0,,,a,
ASN00082076,19750227,PRCP,20,,,a,
ASN00082076,19750228,PRCP,0,,,a,
ASN00082076,19750301,TMAX,266,,,a,
ASN00082076,19750302,TMAX,255,,,a,
ASN00082076,19750303,TMAX,228,,,a,
ASN00082076,19750304,TMAX,278,,,a,
ASN00082076,19750305,TMAX,297,,,a,
ASN00082076,19750306,TMAX,308,,,a,
ASN00082076,19750307,TMAX,290,,,a,
ASN00082076,19750308,TMAX,255,,,a,
ASN00082076,19750309,TMAX,258,,,a,
ASN00082076,19750310,TMAX,185,,,a,
ASN00082076,19750311,TMAX,201,,,a,
ASN00082076,19750312,TMAX,288,,,a,
ASN00082076,19750313,TMAX,272,,,a,
ASN00082076,19750314,TMAX,284,,,a,
ASN00082076,19750315,TMAX,194,,,a,
ASN00082076,19750316,TMAX,195,,,a,
ASN00082076,19750317,TMAX,249,,,a,
ASN00082076,19750318,TMAX,176,,,a,
ASN00082076,19750319,TMAX,195,,,a,
ASN00082076,19750320,TMAX,140,,,a,
ASN00082076,19750321,TMAX,166,,,a,
ASN00082076,19750322,TMAX,196,,,a,
ASN00082076,19750323,TMAX,225,,,a,
ASN00082076,19750324,TMAX,245,,,a,
ASN00082076,19750325,TMAX,250,,,a,
ASN00082076,19750326,TMAX,252,,,a,
ASN00082076,19750327,TMAX,230,,,a,
ASN00082076,19750328,TMAX,234,,,a,
ASN00082076,19750329,TMAX,225,,,a,
ASN00082076,19750330,TMAX,194,,,a,
ASN00082076,19750331,TMAX,164,,,a,
ASN00082076,19750301,TMIN,66,,,a,
ASN00082076,19750302,TMIN,60,,,a,
ASN00082076,19750303,TMIN,65,,,a,
ASN00082076,19750304,TMIN,103,,,a,
ASN00082076,19750305,TMIN,100,,,a,
ASN00082076,19750306,TMIN,115,,,a,
ASN00082076,19750307,TMIN,119,,,a,
ASN00082076,19750308,TMIN,158,,,a,
ASN00082076,19750309,TMIN,158,,,a,
ASN00082076,19750310,TMIN,144,,,a,
ASN00082076,19750311,TMIN,144,,,a,
ASN00082076,19750312,TMIN,117,,,a,
ASN00082076,19750313,TMIN,118,,,a,
ASN00082076,19750314,TMIN,105,,,a,
ASN00082076,19750315,TMIN,144,,,a,
ASN00082076,19750316,TMIN,118,,,a,
ASN00082076,19750317,TMIN,78,,,a,
ASN00082076,19750318,TMIN,102,,,a,
ASN00082076,19750319,TMIN,148,,,a,
ASN00082076,19750320,TMIN,45,,,a,
ASN00082076,19750321,TMIN,63,,,a,
ASN00082076,19750322,TMIN,35,,,a,
ASN00082076,19750323,TMIN,47,,,a,
ASN00082076,19750324,TMIN,69,,,a,
ASN00082076,19750325,TMIN,102,,,a,
ASN00082076,19750326,TMIN,66,,,a,
ASN00082076,19750327,TMIN,108,,,a,
ASN00082076,19750328,TMIN,142,,,a,
ASN00082076,19750329,TMIN,104,,,a,
ASN00082076,19750330,TMIN,81,,,a,
ASN00082076,19750331,TMIN,109,,,a,
ASN00082076,19750301,PRCP,0,,,a,
ASN00082076,19750302,PRCP,0,,,a,
ASN00082076,19750303,PRCP,0,,,a,
ASN00082076,19750304,PRCP,0,,,a,
ASN00082076,19750305,PRCP,0,,,a,
ASN00082076,19750306,PRCP,0,,,a,
ASN00082076,19750307,PRCP,0,,,a,
ASN00082076,19750308,PRCP,0,,,a,
ASN00082076,19750309,PRCP,0,,,a,
ASN00082076,19750310,PRCP,26,,,a,
ASN00082076,19750311,PRCP,62,,,a,
ASN00082076,19750312,PRCP,12,,,a,
ASN00082076,19750313,PRCP,1,,,a,
ASN00082076,19750314,PRCP,0,,,a,
ASN00082076,19750315,PRCP,50,,,a,
ASN00082076,19750316,PRCP,62,,,a,
ASN00082076,19750317,PRCP,0,,,a,
ASN00082076,19750318,PRCP,10,,,a,
ASN00082076,19750319,PRCP,164,,,a,
ASN00082076,19750320,PRCP,15,,,a,
ASN00082076,19750321,PRCP,30,,,a,
ASN00082076,19750322,PRCP,0,,,a,
ASN00082076,19750323,PRCP,0,,,a,
ASN00082076,19750324,PRCP,0,,,a,
ASN00082076,19750325,PRCP,0,,,a,
ASN00082076,19750326,PRCP,0,,,a,
ASN00082076,19750327,PRCP,0,,,a,
ASN00082076,19750328,PRCP,34,,,a,
ASN00082076,19750329,PRCP,0,,,a,
ASN00082076,19750330,PRCP,0,,,a,
ASN00082076,19750331,PRCP,18,,,a,
ASN00082076,19750401,TMAX,139,,,a,
ASN00082076,19750402,TMAX,151,,,a,
ASN00082076,19750403,TMAX,201,,,a,
ASN00082076,19750404,TMAX,235,,,a,
ASN00082076,19750405,TMAX,242,,,a,
ASN00082076,19750406,TMAX,150,,,a,
ASN00082076,19750407,TMAX,177,,,a,
ASN00082076,19750408,TMAX,201,,,a,
ASN00082076,19750409,TMAX,216,,,a,
ASN00082076,19750410,TMAX,220,,,a,
ASN00082076,19750411,TMAX,231,,,a,
ASN00082076,19750412,TMAX,223,,,a,
ASN00082076,19750413,TMAX,228,,,a,
ASN00082076,19750414,TMAX,229,,,a,
ASN00082076,19750415,TMAX,245,,,a,
ASN00082076,19750416,TMAX,226,,,a,
ASN00082076,19750417,TMAX,231,,,a,
ASN00082076,19750418,TMAX,212,,,a,
ASN00082076,19750419,TMAX,213,,,a,
ASN00082076,19750420,TMAX,215,,,a,
ASN00082076,19750421,TMAX,190,,,a,
ASN00082076,19750422,TMAX,187,,,a,
ASN00082076,19750423,TMAX,208,,,a,
ASN00082076,19750424,TMAX,202,,,a,
ASN00082076,19750425,TMAX,195,,,a,
ASN00082076,19750426,TMAX,183,,,a,
ASN00082076,19750427,TMAX,196,,,a,
ASN00082076,19750428,TMAX,212,,,a,
ASN00082076,19750429,TMAX,222,,,a,
ASN00082076,19750430,TMAX,187,,,a,
ASN00082076,19750401,TMIN,30,,,a,
ASN00082076,19750402,TMIN,27,,,a,
ASN00082076,19750403,TMIN,36,,,a,
ASN00082076,19750404,TMIN,57,,,a,
ASN00082076,19750405,TMIN,95,,,a,
ASN00082076,19750406,TMIN,115,,,a,
ASN00082076,19750407,TMIN,26,,,a,
ASN00082076,19750408,TMIN,36,,,a,
ASN00082076,19750409,TMIN,49,,,a,
ASN00082076,19750410,TMIN,43,,,a,
ASN00082076,19750411,TMIN,79,,,a,
ASN00082076,19750412,TMIN,65,,,a,
ASN00082076,19750413,TMIN,79,,,a,
ASN00082076,19750414,TMIN,62,,,a,
ASN00082076,19750415,TMIN,57,,,a,
ASN00082076,19750416,TMIN,87,,,a,
ASN00082076,19750417,TMIN,109,,,a,
ASN00082076,19750418,TMIN,141,,,a,
ASN00082076,19750419,TMIN,148,,,a,
ASN00082076,19750420,TMIN,147,,,a,
ASN00082076,19750421,TMIN,86,,,a,
ASN00082076,19750422,TMIN,112,,,a,
ASN00082076,19750423,TMIN,90,,,a,
ASN00082076,19750424,TMIN,20,,,a,
ASN00082076,19750425,TMIN,80,,,a,
ASN00082076,19750426,TMIN,24,,,a,
ASN00082076,19750427,TMIN,24,,,a,
ASN00082076,19750428,TMIN,44,,,a,
ASN00082076,19750429,TMIN,48,,,a,
ASN00082076,19750430,TMIN,66,,,a,
ASN00082076,19750401,PRCP,76,,,a,
ASN00082076,19750402,PRCP,2,,,a,
ASN00082076,19750403,PRCP,0,,,a,
ASN00082076,19750404,PRCP,0,,,a,
ASN00082076,19750405,PRCP,0,,,a,
ASN00082076,19750406,PRCP,134,,,a,
ASN00082076,19750407,PRCP,46,,,a,
ASN00082076,19750408,PRCP,0,,,a,
ASN00082076,19750409,PRCP,0,,,a,
ASN00082076,19750410,PRCP,0,,,a,
ASN00082076,19750411,PRCP,0,,,a,
ASN00082076,19750412,PRCP,0,,,a,
ASN00082076,19750413,PRCP,0,,,a,
ASN00082076,19750414,PRCP,0,,,a,
ASN00082076,19750415,PRCP,0,,,a,
ASN00082076,19750416,PRCP,18,,,a,
ASN00082076,19750417,PRCP,0,,,a,
ASN00082076,19750418,PRCP,26,,,a,
ASN00082076,19750419,PRCP,72,,,a,
ASN00082076,19750420,PRCP,18,,,a,
ASN00082076,19750421,PRCP,0,,,a,
ASN00082076,19750422,PRCP,0,,,a,
ASN00082076,19750423,PRCP,0,,,a,
ASN00082076,19750424,PRCP,0,,,a,
ASN00082076,19750425,PRCP,0,,,a,
ASN00082076,19750426,PRCP,0,,,a,
ASN00082076,19750427,PRCP,0,,,a,
ASN00082076,19750428,PRCP,0,,,a,
ASN00082076,19750429,PRCP,0,,,a,
ASN00082076,19750430,PRCP,2,,,a,
ASN00082076,19750501,TMAX,178,,,a,
ASN00082076,19750502,TMAX,206,,,a,
ASN00082076,19750503,TMAX,199,,,a,
ASN00082076,19750504,TMAX,198,,,a,
ASN00082076,19750505,TMAX,166,,,a,
ASN00082076,19750506,TMAX,175,,,a,
ASN00082076,19750507,TMAX,202,,,a,
ASN00082076,19750508,TMAX,141,,,a,
ASN00082076,19750509,TMAX,137,,,a,
ASN00082076,19750510,TMAX,151,,,a,
ASN00082076,19750511,TMAX,128,,,a,
ASN00082076,19750512,TMAX,138,,,a,
ASN00082076,19750513,TMAX,136,,,a,
ASN00082076,19750514,TMAX,135,,,a,
ASN00082076,19750515,TMAX,125,,,a,
ASN00082076,19750516,TMAX,119,,,a,
ASN00082076,19750517,TMAX,136,,,a,
ASN00082076,19750518,TMAX,159,,,a,
ASN00082076,19750519,TMAX,181,,,a,
ASN00082076,19750520,TMAX,180,,,a,
ASN00082076,19750521,TMAX,195,,,a,
ASN00082076,19750522,TMAX,149,,,a,
ASN00082076,19750523,TMAX,179,,,a,
ASN00082076,19750524,TMAX,151,,,a,
ASN00082076,19750525,TMAX,104,,,a,
ASN00082076,19750526,TMAX,143,,,a,
ASN00082076,19750527,TMAX,142,,,a,
ASN00082076,19750528,TMAX,109,,,a,
ASN00082076,19750529,TMAX,159,,,a,
ASN00082076,19750530,TMAX,136,,,a,
ASN00082076,19750531,TMAX,109,,,a,
ASN00082076,19750501,TMIN,93,,,a,
ASN00082076,19750502,TMIN,34,,,a,
ASN00082076,19750503,TMIN,29,,,a,
ASN00082076,19750504,TMIN,27,,,a,
ASN00082076,19750505,TMIN,47,,,a,
ASN00082076,19750506,TMIN,76,,,a,
ASN00082076,19750507,TMIN,75,,,a,
ASN00082076,19750508,TMIN,107,,,a,
ASN00082076,19750509,TMIN,29,,,a,
ASN00082076,19750510,TMIN,57,,,a,
ASN00082076,19750511,TMIN,39,,,a,
ASN00082076,19750512,TMIN,44,,,a,
ASN00082076,19750513,TMIN,98,,,a,
ASN00082076,19750514,TMIN,83,,,a,
ASN00082076,19750515,TMIN,75,,,a,
ASN00082076,19750516,TMIN,82,,,a,
ASN00082076,19750517,TMIN,97,,,a,
ASN00082076,19750518,TMIN,115,,,a,
ASN00082076,19750519,TMIN,122,,,a,
ASN00082076,19750520,TMIN,62,,,a,
ASN00082076,19750521,TMIN,61,,,a,
ASN00082076,19750522,TMIN,46,,,a,
ASN00082076,19750523,TMIN,40,,,a,
ASN00082076,19750524,TMIN,46,,,a,
ASN00082076,19750525,TMIN,77,,,a,
ASN00082076,19750526,TMIN,82,,,a,
ASN00082076,19750527,TMIN,36,,,a,
ASN00082076,19750528,TMIN,18,,,a,
ASN00082076,19750529,TMIN,20,,,a,
ASN00082076,19750530,TMIN,6,,,a,
ASN00082076,19750531,TMIN,31,,,a,
ASN00082076,19750501,PRCP,0,,,a,
ASN00082076,19750502,PRCP,0,,,a,
ASN00082076,19750503,PRCP,0,,,a,
ASN00082076,19750504,PRCP,0,,,a,
ASN00082076,19750505,PRCP,0,,,a,
ASN00082076,19750506,PRCP,0,,,a,
ASN00082076,19750507,PRCP,6,,,a,
ASN00082076,19750508,PRCP,118,,,a,
ASN00082076,19750509,PRCP,32,,,a,
ASN00082076,19750510,PRCP,128,,,a,
ASN00082076,19750511,PRCP,2,,,a,
ASN00082076,19750512,PRCP,82,,,a,
ASN00082076,19750513,PRCP,35,,,a,
ASN00082076,19750514,PRCP,168,,,a,
ASN00082076,19750515,PRCP,20,,,a,
ASN00082076,19750516,PRCP,164,,,a,
ASN00082076,19750517,PRCP,160,,,a,
ASN00082076,19750518,PRCP,16,,,a,
ASN00082076,19750519,PRCP,2,,,a,
ASN00082076,19750520,PRCP,2,,,a,
ASN00082076,19750521,PRCP,30,,,a,
ASN00082076,19750522,PRCP,0,,,a,
ASN00082076,19750523,PRCP,2,,,a,
ASN00082076,19750524,PRCP,14,,,a,
ASN00082076,19750525,PRCP,214,,,a,
ASN00082076,19750526,PRCP,164,,,a,
ASN00082076,19750527,PRCP,20,,,a,
ASN00082076,19750528,PRCP,0,,,a,
ASN00082076,19750529,PRCP,0,,,a,
ASN00082076,19750530,PRCP,0,,,a,
ASN00082076,19750531,PRCP,0,,,a,
ASN00082076,19750601,TMAX,165,,,a,
ASN00082076,19750602,TMAX,138,,,a,
ASN00082076,19750603,TMAX,157,,,a,
ASN00082076,19750604,TMAX,114,,,a,
ASN00082076,19750605,TMAX,76,,,a,
ASN00082076,19750606,TMAX,79,,,a,
ASN00082076,19750607,TMAX,146,,,a,
ASN00082076,19750608,TMAX,157,,,a,
ASN00082076,19750609,TMAX,164,,,a,
ASN00082076,19750610,TMAX,154,,,a,
ASN00082076,19750611,TMAX,131,,,a,
ASN00082076,19750612,TMAX,104,,,a,
ASN00082076,19750613,TMAX,122,,,a,
ASN00082076,19750614,TMAX,122,,,a,
ASN00082076,19750615,TMAX,122,,,a,
ASN00082076,19750616,TMAX,133,,,a,
ASN00082076,19750617,TMAX,147,,,a,
ASN00082076,19750618,TMAX,130,,,a,
ASN00082076,19750619,TMAX,115,,,a,
ASN00082076,19750620,TMAX,133,,,a,
ASN00082076,19750621,TMAX,139,,,a,
ASN00082076,19750622,TMAX,142,,,a,
ASN00082076,19750623,TMAX,158,,,a,
ASN00082076,19750624,TMAX,158,,,a,
ASN00082076,19750625,TMAX,112,,,a,
ASN00082076,19750626,TMAX,151,,,a,
ASN00082076,19750627,TMAX,138,,,a,
ASN00082076,19750628,TMAX,98,,,a,
ASN00082076,19750629,TMAX,97,,,a,
ASN00082076,19750630,TMAX,113,,,a,
ASN00082076,19750601,TMIN,36,,,a,
ASN00082076,19750602,TMIN,18,,,a,
ASN00082076,19750603,TMIN,22,,,a,
ASN00082076,19750604,TMIN,55,,,a,
ASN00082076,19750605,TMIN,42,,,a,
ASN00082076,19750606,TMIN,20,,,a,
ASN00082076,19750607,TMIN,26,,,a,
ASN00082076,19750608,TMIN,15,,,a,
ASN00082076,19750609,TMIN,10,,,a,
ASN00082076,19750610,TMIN,5,,,a,
ASN00082076,19750611,TMIN,13,,,a,
ASN00082076,19750612,TMIN,-3,,,a,
ASN00082076,19750613,TMIN,34,,,a,
ASN00082076,19750614,TMIN,0,,,a,
ASN00082076,19750615,TMIN,-12,,,a,
ASN00082076,19750616,TMIN,-5,,,a,
ASN00082076,19750617,TMIN,-12,,,a,
ASN00082076,19750618,TMIN,-28,,,a,
ASN00082076,19750619,TMIN,-3,,,a,
ASN00082076,19750620,TMIN,-26,,,a,
ASN00082076,19750621,TMIN,72,,,a,
ASN00082076,19750622,TMIN,110,,,a,
ASN00082076,19750623,TMIN,112,,,a,
ASN00082076,19750624,TMIN,5,,,a,
ASN00082076,19750625,TMIN,35,,,a,
ASN00082076,19750626,TMIN,65,,,a,
ASN00082076,19750627,TMIN,30,,,a,
ASN00082076,19750628,TMIN,51,,,a,
ASN00082076,19750629,TMIN,9,,,a,
ASN00082076,19750630,TMIN,21,,,a,
ASN00082076,19750601,PRCP,0,,,a,
ASN00082076,19750602,PRCP,2,,,a,
ASN00082076,19750603,PRCP,8,,,a,
ASN00082076,19750604,PRCP,8,,,a,
ASN00082076,19750605,PRCP,84,,,a,
ASN00082076,19750606,PRCP,4,,,a,
ASN00082076,19750607,PRCP,0,,,a,
ASN00082076,19750608,PRCP,0,,,a,
ASN00082076,19750609,PRCP,0,,,a,
ASN00082076,19750610,PRCP,0,,,a,
ASN00082076,19750611,PRCP,2,,,a,
ASN00082076,19750612,PRCP,32,,,a,
ASN00082076,19750613,PRCP,0,,,a,
ASN00082076,19750614,PRCP,0,,,a,
ASN00082076,19750615,PRCP,0,,,a,
ASN00082076,19750616,PRCP,0,,,a,
ASN00082076,19750617,PRCP,0,,,a,
ASN00082076,19750618,PRCP,0,,,a,
ASN00082076,19750619,PRCP,0,,,a,
ASN00082076,19750620,PRCP,0,,,a,
ASN00082076,19750621,PRCP,0,,,a,
ASN00082076,19750622,PRCP,0,,,a,
ASN00082076,19750623,PRCP,0,,,a,
ASN00082076,19750624,PRCP,0,,,a,
ASN00082076,19750625,PRCP,2,,,a,
ASN00082076,19750626,PRCP,4,,,a,
ASN00082076,19750627,PRCP,8,,,a,
ASN00082076,19750628,PRCP,116,,,a,
ASN00082076,19750629,PRCP,46,,,a,
ASN00082076,19750630,PRCP,0,,,a,
ASN00082076,19750701,TMAX,124,,,a,
ASN00082076,19750702,TMAX,135,,,a,
ASN00082076,19750703,TMAX,102,,,a,
ASN00082076,19750704,TMAX,134,,,a,
ASN00082076,19750705,TMAX,82,,,a,
ASN00082076,19750706,TMAX,49,,,a,
ASN00082076,19750707,TMAX,73,,,a,
ASN00082076,19750708,TMAX,111,,,a,
ASN00082076,19750709,TMAX,118,,,a,
ASN00082076,19750710,TMAX,125,,,a,
ASN00082076,19750711,TMAX,90,,,a,
ASN00082076,19750712,TMAX,130,,,a,
ASN00082076,19750713,TMAX,128,,,a,
ASN00082076,19750714,TMAX,96,,,a,
ASN00082076,19750715,TMAX,106,,,a,
ASN00082076,19750716,TMAX,108,,,a,
ASN00082076,19750717,TMAX,105,,,a,
ASN00082076,19750718,TMAX,110,,,a,
ASN00082076,19750719,TMAX,117,,,a,
ASN00082076,19750720,TMAX,127,,,a,
ASN00082076,19750721,TMAX,134,,,a,
ASN00082076,19750722,TMAX,150,,,a,
ASN00082076,19750723,TMAX,160,,,a,
ASN00082076,19750724,TMAX,148,,,a,
ASN00082076,19750725,TMAX,156,,,a,
ASN00082076,19750726,TMAX,168,,,a,
ASN00082076,19750727,TMAX,165,,,a,
ASN00082076,19750728,TMAX,196,,,a,
ASN00082076,19750729,TMAX,185,,,a,
ASN00082076,19750730,TMAX,173,,,a,
ASN00082076,19750731,TMAX,158,,,a,
ASN00082076,19750701,TMIN,43,,,a,
ASN00082076,19750702,TMIN,-5,,,a,
ASN00082076,19750703,TMIN,-4,,,a,
ASN00082076,19750704,TMIN,33,,,a,
ASN00082076,19750705,TMIN,25,,,a,
ASN00082076,19750706,TMIN,20,,,a,
ASN00082076,19750707,TMIN,17,,,a,
ASN00082076,19750708,TMIN,36,,,a,
ASN00082076,19750709,TMIN,40,,,a,
ASN00082076,19750710,TMIN,15,,,a,
ASN00082076,19750711,TMIN,17,,,a,
ASN00082076,19750712,TMIN,31,,,a,
ASN00082076,19750713,TMIN,40,,,a,
ASN00082076,19750714,TMIN,75,,,a,
ASN00082076,19750715,TMIN,65,,,a,
ASN00082076,19750716,TMIN,56,,,a,
ASN00082076,19750717,TMIN,47,,,a,
ASN00082076,19750718,TMIN,6,,,a,
ASN00082076,19750719,TMIN,8,,,a,
ASN00082076,19750720,TMIN,42,,,a,
ASN00082076,19750721,TMIN,37,,,a,
ASN00082076,19750722,TMIN,44,,,a,
ASN00082076,19750723,TMIN,37,,,a,
ASN00082076,19750724,TMIN,28,,,a,
ASN00082076,19750725,TMIN,55,,,a,
ASN00082076,19750726,TMIN,73,,,a,
ASN00082076,19750727,TMIN,30,,,a,
ASN00082076,19750728,TMIN,31,,,a,
ASN00082076,19750729,TMIN,59,,,a,
ASN00082076,19750730,TMIN,73,,,a,
ASN00082076,19750731,TMIN,89,,,a,
ASN00082076,19750701,PRCP,2,,,a,
ASN00082076,19750702,PRCP,0,,,a,
ASN00082076,19750703,PRCP,0,,,a,
ASN00082076,19750704,PRCP,0,,,a,
ASN00082076,19750705,PRCP,44,,,a,
ASN00082076,19750706,PRCP,72,,,a,
ASN00082076,19750707,PRCP,214,,,a,
ASN00082076,19750708,PRCP,24,,,a,
ASN00082076,19750709,PRCP,4,,,a,
ASN00082076,19750710,PRCP,0,,,a,
ASN00082076,19750711,PRCP,70,,,a,
ASN00082076,19750712,PRCP,12,,,a,
ASN00082076,19750713,PRCP,492,,,a,
ASN00082076,19750714,PRCP,276,,,a,
ASN00082076,19750715,PRCP,47,,,a,
ASN00082076,19750716,PRCP,10,,,a,
ASN00082076,19750717,PRCP,0,,,a,
ASN00082076,19750718,PRCP,0,,,a,
ASN00082076,19750719,PRCP,6,,,a,
ASN00082076,19750720,PRCP,40,,,a,
ASN00082076,19750721,PRCP,0,,,a,
ASN00082076,19750722,PRCP,3,,,a,
ASN00082076,19750723,PRCP,0,,,a,
ASN00082076,19750724,PRCP,0,,,a,
ASN00082076,19750725,PRCP,0,,,a,
ASN00082076,19750726,PRCP,0,,,a,
ASN00082076,19750727,PRCP,0,,,a,
ASN00082076,19750728,PRCP,0,,,a,
ASN00082076,19750729,PRCP,18,,,a,
ASN00082076,19750730,PRCP,3,,,a,
ASN00082076,19750731,PRCP,40,,,a,
ASN00082076,19750801,TMAX,121,,,a,
ASN00082076,19750802,TMAX,135,,,a,
ASN00082076,19750803,TMAX,135,,,a,
ASN00082076,19750804,TMAX,105,,,a,
ASN00082076,19750805,TMAX,109,,,a,
ASN00082076,19750806,TMAX,130,,,a,
ASN00082076,19750807,TMAX,141,,,a,
ASN00082076,19750808,TMAX,130,,,a,
ASN00082076,19750809,TMAX,152,,,a,
ASN00082076,19750810,TMAX,141,,,a,
ASN00082076,19750811,TMAX,115,,,a,
ASN00082076,19750812,TMAX,100,,,a,
ASN00082076,19750813,TMAX,140,,,a,
ASN00082076,19750814,TMAX,150,,,a,
ASN00082076,19750815,TMAX,147,,,a,
ASN00082076,19750816,TMAX,145,,,a,
ASN00082076,19750817,TMAX,142,,,a,
ASN00082076,19750818,TMAX,140,,,a,
ASN00082076,19750819,TMAX,138,,,a,
ASN00082076,19750820,TMAX,125,,,a,
ASN00082076,19750821,TMAX,96,,,a,
ASN00082076,19750822,TMAX,118,,,a,
ASN00082076,19750823,TMAX,123,,,a,
ASN00082076,19750824,TMAX,143,,,a,
ASN00082076,19750825,TMAX,128,,,a,
ASN00082076,19750826,TMAX,121,,,a,
ASN00082076,19750827,TMAX,135,,,a,
ASN00082076,19750828,TMAX,95,,,a,
ASN00082076,19750829,TMAX,101,,,a,
ASN00082076,19750830,TMAX,135,,,a,
ASN00082076,19750831,TMAX,144,,,a,
ASN00082076,19750801,TMIN,37,,,a,
ASN00082076,19750802,TMIN,7,,,a,
ASN00082076,19750803,TMIN,48,,,a,
ASN00082076,19750804,TMIN,64,,,a,
ASN00082076,19750805,TMIN,64,,,a,
ASN00082076,19750806,TMIN,34,,,a,
ASN00082076,19750807,TMIN,-4,,,a,
ASN00082076,19750808,TMIN,-1,,,a,
ASN00082076,19750809,TMIN,25,,,a,
ASN00082076,19750810,TMIN,33,,,a,
ASN00082076,19750811,TMIN,57,,,a,
ASN00082076,19750812,TMIN,52,,,a,
ASN00082076,19750813,TMIN,-14,,,a,
ASN00082076,19750814,TMIN,-25,,,a,
ASN00082076,19750815,TMIN,-6,,,a,
ASN00082076,19750816,TMIN,-2,,,a,
ASN00082076,19750817,TMIN,-12,,,a,
ASN00082076,19750818,TMIN,14,,,a,
ASN00082076,19750819,TMIN,41,,,a,
ASN00082076,19750820,TMIN,30,,,a,
ASN00082076,19750821,TMIN,65,,,a,
ASN00082076,19750822,TMIN,73,,,a,
ASN00082076,19750823,TMIN,58,,,a,
ASN00082076,19750824,TMIN,44,,,a,
ASN00082076,19750825,TMIN,26,,,a,
ASN00082076,19750826,TMIN,47,,,a,
ASN00082076,19750827,TMIN,69,,,a,
ASN00082076,19750828,TMIN,37,,,a,
ASN00082076,19750829,TMIN,45,,,a,
ASN00082076,19750830,TMIN,64,,,a,
ASN00082076,19750831,TMIN,13,,,a,
ASN00082076,19750801,PRCP,126,,,a,
ASN00082076,19750802,PRCP,0,,,a,
ASN00082076,19750803,PRCP,331,,,a,
ASN00082076,19750804,PRCP,126,,,a,
ASN00082076,19750805,PRCP,60,,,a,
ASN00082076,19750806,PRCP,16,,,a,
ASN00082076,19750807,PRCP,0,,,a,
ASN00082076,19750808,PRCP,0,,,a,
ASN00082076,19750809,PRCP,0,,,a,
ASN00082076,19750810,PRCP,76,,,a,
ASN00082076,19750811,PRCP,104,,,a,
ASN00082076,19750812,PRCP,64,,,a,
ASN00082076,19750813,PRCP,2,,,a,
ASN00082076,19750814,PRCP,0,,,a,
ASN00082076,19750815,PRCP,0,,,a,
ASN00082076,19750816,PRCP,0,,,a,
ASN00082076,19750817,PRCP,0,,,a,
ASN00082076,19750818,PRCP,0,,,a,
ASN00082076,19750819,PRCP,0,,,a,
ASN00082076,19750820,PRCP,14,,,a,
ASN00082076,19750821,PRCP,154,,,a,
ASN00082076,19750822,PRCP,102,,,a,
ASN00082076,19750823,PRCP,126,,,a,
ASN00082076,19750824,PRCP,13,,,a,
ASN00082076,19750825,PRCP,1,,,a,
ASN00082076,19750826,PRCP,13,,,a,
ASN00082076,19750827,PRCP,331,,,a,
ASN00082076,19750828,PRCP,42,,,a,
ASN00082076,19750829,PRCP,16,,,a,
ASN00082076,19750830,PRCP,22,,,a,
ASN00082076,19750831,PRCP,0,,,a,
ASN00082076,19750901,TMAX,150,,,a,
ASN00082076,19750902,TMAX,174,,,a,
ASN00082076,19750903,TMAX,120,,,a,
ASN00082076,19750904,TMAX,125,,,a,
ASN00082076,19750905,TMAX,138,,,a,
ASN00082076,19750906,TMAX,142,,,a,
ASN00082076,19750907,TMAX,171,,,a,
ASN00082076,19750908,TMAX,170,,,a,
ASN00082076,19750909,TMAX,199,,,a,
ASN00082076,19750910,TMAX,202,,,a,
ASN00082076,19750911,TMAX,220,,,a,
ASN00082076,19750912,TMAX,235,,,a,
ASN00082076,19750913,TMAX,145,,,a,
ASN00082076,19750914,TMAX,211,,,a,
ASN00082076,19750915,TMAX,224,,,a,
ASN00082076,19750916,TMAX,178,,,a,
ASN00082076,19750917,TMAX,248,,,a,
ASN00082076,19750918,TMAX,167,,,a,
ASN00082076,19750919,TMAX,150,,,a,
ASN00082076,19750920,TMAX,157,,,a,
ASN00082076,19750921,TMAX,148,,,a,
ASN00082076,19750922,TMAX,192,,,a,
ASN00082076,19750923,TMAX,153,,,a,
ASN00082076,19750924,TMAX,182,,,a,
ASN00082076,19750925,TMAX,190,,,a,
ASN00082076,19750926,TMAX,188,,,a,
ASN00082076,19750927,TMAX,177,,,a,
ASN00082076,19750928,TMAX,192,,,a,
ASN00082076,19750929,TMAX,155,,,a,
ASN00082076,19750930,TMAX,160,,,a,
ASN00082076,19750901,TMIN,10,,,a,
ASN00082076,19750902,TMIN,65,,,a,
ASN00082076,19750903,TMIN,64,,,a,
ASN00082076,19750904,TMIN,16,,,a,
ASN00082076,19750905,TMIN,42,,,a,
ASN00082076,19750906,TMIN,-15,,,a,
ASN00082076,19750907,TMIN,10,,,a,
ASN00082076,19750908,TMIN,12,,,a,
ASN00082076,19750909,TMIN,35,,,a,
ASN00082076,19750910,TMIN,46,,,a,
ASN00082076,19750911,TMIN,26,,,a,
ASN00082076,19750912,TMIN,45,,,a,
ASN00082076,19750913,TMIN,82,,,a,
ASN00082076,19750914,TMIN,100,,,a,
ASN00082076,19750915,TMIN,76,,,a,
ASN00082076,19750916,TMIN,92,,,a,
ASN00082076,19750917,TMIN,105,,,a,
ASN00082076,19750918,TMIN,141,,,a,
ASN00082076,19750919,TMIN,80,,,a,
ASN00082076,19750920,TMIN,90,,,a,
ASN00082076,19750921,TMIN,34,,,a,
ASN00082076,19750922,TMIN,51,,,a,
ASN00082076,19750923,TMIN,76,,,a,
ASN00082076,19750924,TMIN,54,,,a,
ASN00082076,19750925,TMIN,31,,,a,
ASN00082076,19750926,TMIN,40,,,a,
ASN00082076,19750927,TMIN,42,,,a,
ASN00082076,19750928,TMIN,97,,,a,
ASN00082076,19750929,TMIN,114,,,a,
ASN00082076,19750930,TMIN,88,,,a,
ASN00082076,19750901,PRCP,0,,,a,
ASN00082076,19750902,PRCP,8,,,a,
ASN00082076,19750903,PRCP,102,,,a,
ASN00082076,19750904,PRCP,26,,,a,
ASN00082076,19750905,PRCP,0,,,a,
ASN00082076,19750906,PRCP,0,,,a,
ASN00082076,19750907,PRCP,0,,,a,
ASN00082076,19750908,PRCP,0,,,a,
ASN00082076,19750909,PRCP,0,,,a,
ASN00082076,19750910,PRCP,23,,,a,
ASN00082076,19750911,PRCP,0,,,a,
ASN00082076,19750912,PRCP,0,,,a,
ASN00082076,19750913,PRCP,180,,,a,
ASN00082076,19750914,PRCP,280,,,a,
ASN00082076,19750915,PRCP,0,,,a,
ASN00082076,19750916,PRCP,12,,,a,
ASN00082076,19750917,PRCP,232,,,a,
ASN00082076,19750918,PRCP,613,,,a,
ASN00082076,19750919,PRCP,82,,,a,
ASN00082076,19750920,PRCP,50,,,a,
ASN00082076,19750921,PRCP,14,,,a,
ASN00082076,19750922,PRCP,158,,,a,
ASN00082076,19750923,PRCP,30,,,a,
ASN00082076,19750924,PRCP,14,,,a,
ASN00082076,19750925,PRCP,0,,,a,
ASN00082076,19750926,PRCP,0,,,a,
ASN00082076,19750927,PRCP,0,,,a,
ASN00082076,19750928,PRCP,166,,,a,
ASN00082076,19750929,PRCP,0,,,a,
ASN00082076,19750930,PRCP,106,,,a,
ASN00082076,19751001,TMAX,154,,,a,
ASN00082076,19751002,TMAX,126,,,a,
ASN00082076,19751003,TMAX,174,,,a,
ASN00082076,19751004,TMAX,195,,,a,
ASN00082076,19751005,TMAX,209,,,a,
ASN00082076,19751006,TMAX,210,,,a,
ASN00082076,19751007,TMAX,210,,,a,
ASN00082076,19751008,TMAX,164,,,a,
ASN00082076,19751009,TMAX,166,,,a,
ASN00082076,19751010,TMAX,195,,,a,
ASN00082076,19751011,TMAX,148,,,a,
ASN00082076,19751012,TMAX,136,,,a,
ASN00082076,19751013,TMAX,136,,,a,
ASN00082076,19751014,TMAX,157,,,a,
ASN00082076,19751015,TMAX,172,,,a,
ASN00082076,19751016,TMAX,164,,,a,
ASN00082076,19751017,TMAX,165,,,a,
ASN00082076,19751018,TMAX,195,,,a,
ASN00082076,19751019,TMAX,200,,,a,
ASN00082076,19751020,TMAX,234,,,a,
ASN00082076,19751021,TMAX,185,,,a,
ASN00082076,19751022,TMAX,220,,,a,
ASN00082076,19751023,TMAX,208,,,a,
ASN00082076,19751024,TMAX,207,,,a,
ASN00082076,19751025,TMAX,124,,,a,
ASN00082076,19751026,TMAX,170,,,a,
ASN00082076,19751027,TMAX,210,,,a,
ASN00082076,19751028,TMAX,230,,,a,
ASN00082076,19751029,TMAX,254,,,a,
ASN00082076,19751030,TMAX,230,,,a,
ASN00082076,19751031,TMAX,181,,,a,
ASN00082076,19751001,TMIN,70,,,a,
ASN00082076,19751002,TMIN,44,,,a,
ASN00082076,19751003,TMIN,48,,,a,
ASN00082076,19751004,TMIN,28,,,a,
ASN00082076,19751005,TMIN,34,,,a,
ASN00082076,19751006,TMIN,52,,,a,
ASN00082076,19751007,TMIN,65,,,a,
ASN00082076,19751008,TMIN,118,,,a,
ASN00082076,19751009,TMIN,129,,,a,
ASN00082076,19751010,TMIN,124,,,a,
ASN00082076,19751011,TMIN,97,,,a,
ASN00082076,19751012,TMIN,53,,,a,
ASN00082076,19751013,TMIN,60,,,a,
ASN00082076,19751014,TMIN,86,,,a,
ASN00082076,19751015,TMIN,88,,,a,
ASN00082076,19751016,TMIN,41,,,a,
ASN00082076,19751017,TMIN,36,,,a,
ASN00082076,19751018,TMIN,47,,,a,
ASN00082076,19751019,TMIN,52,,,a,
ASN00082076,19751020,TMIN,63,,,a,
ASN00082076,19751021,TMIN,121,,,a,
ASN00082076,19751022,TMIN,101,,,a,
ASN00082076,19751023,TMIN,117,,,a,
ASN00082076,19751024,TMIN,127,,,a,
ASN00082076,19751025,TMIN,110,,,a,
ASN00082076,19751026,TMIN,106,,,a,
ASN00082076,19751027,TMIN,68,,,a,
ASN00082076,19751028,TMIN,72,,,a,
ASN00082076,19751029,TMIN,85,,,a,
ASN00082076,19751030,TMIN,115,,,a,
ASN00082076,19751031,TMIN,119,,,a,
ASN00082076,19751001,PRCP,0,,,a,
ASN00082076,19751002,PRCP,0,,,a,
ASN00082076,19751003,PRCP,54,,,a,
ASN00082076,19751004,PRCP,0,,,a,
ASN00082076,19751005,PRCP,0,,,a,
ASN00082076,19751006,PRCP,0,,,a,
ASN00082076,19751007,PRCP,0,,,a,
ASN00082076,19751008,PRCP,156,,,a,
ASN00082076,19751009,PRCP,212,,,a,
ASN00082076,19751010,PRCP,62,,,a,
ASN00082076,19751011,PRCP,12,,,a,
ASN00082076,19751012,PRCP,214,,,a,
ASN00082076,19751013,PRCP,69,,,a,
ASN00082076,19751014,PRCP,31,,,a,
ASN00082076,19751015,PRCP,3,,,a,
ASN00082076,19751016,PRCP,0,,,a,
ASN00082076,19751017,PRCP,0,,,a,
ASN00082076,19751018,PRCP,0,,,a,
ASN00082076,19751019,PRCP,0,,,a,
ASN00082076,19751020,PRCP,0,,,a,
ASN00082076,19751021,PRCP,312,,,a,
ASN00082076,19751022,PRCP,12,,,a,
ASN00082076,19751023,PRCP,0,,,a,
ASN00082076,19751024,PRCP,222,,,a,
ASN00082076,19751025,PRCP,291,,,a,
ASN00082076,19751026,PRCP,82,,,a,
ASN00082076,19751027,PRCP,40,,,a,
ASN00082076,19751028,PRCP,0,,,a,
ASN00082076,19751029,PRCP,0,,,a,
ASN00082076,19751030,PRCP,0,,,a,
ASN00082076,19751031,PRCP,26,,,a,
ASN00082076,19751101,TMAX,222,,,a,
ASN00082076,19751102,TMAX,218,,,a,
ASN00082076,19751103,TMAX,225,,,a,
ASN00082076,19751104,TMAX,157,,,a,
ASN00082076,19751105,TMAX,162,,,a,
ASN00082076,19751106,TMAX,178,,,a,
ASN00082076,19751107,TMAX,178,,,a,
ASN00082076,19751108,TMAX,185,,,a,
ASN00082076,19751109,TMAX,210,,,a,
ASN00082076,19751110,TMAX,251,,,a,
ASN00082076,19751111,TMAX,254,,,a,
ASN00082076,19751112,TMAX,268,,,a,
ASN00082076,19751113,TMAX,280,,,a,
ASN00082076,19751114,TMAX,260,,,a,
ASN00082076,19751115,TMAX,259,,,a,
ASN00082076,19751116,TMAX,265,,,a,
ASN00082076,19751117,TMAX,275,,,a,
ASN00082076,19751118,TMAX,276,,,a,
ASN00082076,19751119,TMAX,304,,,a,
ASN00082076,19751120,TMAX,260,,,a,
ASN00082076,19751121,TMAX,260,,,a,
ASN00082076,19751122,TMAX,277,,,a,
ASN00082076,19751123,TMAX,233,,,a,
ASN00082076,19751124,TMAX,233,,,a,
ASN00082076,19751125,TMAX,200,,,a,
ASN00082076,19751126,TMAX,195,,,a,
ASN00082076,19751127,TMAX,258,,,a,
ASN00082076,19751128,TMAX,287,,,a,
ASN00082076,19751129,TMAX,322,,,a,
ASN00082076,19751130,TMAX,331,,,a,
ASN00082076,19751101,TMIN,111,,,a,
ASN00082076,19751102,TMIN,112,,,a,
ASN00082076,19751103,TMIN,115,,,a,
ASN00082076,19751104,TMIN,89,,,a,
ASN00082076,19751105,TMIN,105,,,a,
ASN00082076,19751106,TMIN,101,,,a,
ASN00082076,19751107,TMIN,81,,,a,
ASN00082076,19751108,TMIN,42,,,a,
ASN00082076,19751109,TMIN,48,,,a,
ASN00082076,19751110,TMIN,64,,,a,
ASN00082076,19751111,TMIN,100,,,a,
ASN00082076,19751112,TMIN,117,,,a,
ASN00082076,19751113,TMIN,118,,,a,
ASN00082076,19751114,TMIN,124,,,a,
ASN00082076,19751115,TMIN,121,,,a,
ASN00082076,19751116,TMIN,120,,,a,
ASN00082076,19751117,TMIN,114,,,a,
ASN00082076,19751118,TMIN,107,,,a,
ASN00082076,19751119,TMIN,122,,,a,
ASN00082076,19751120,TMIN,127,,,a,
ASN00082076,19751121,TMIN,115,,,a,
ASN00082076,19751122,TMIN,117,,,a,
ASN00082076,19751123,TMIN,145,,,a,
ASN00082076,19751124,TMIN,77,,,a,
ASN00082076,19751125,TMIN,147,,,a,
ASN00082076,19751126,TMIN,39,,,a,
ASN00082076,19751127,TMIN,54,,,a,
ASN00082076,19751128,TMIN,95,,,a,
ASN00082076,19751129,TMIN,120,,,a,
ASN00082076,19751130,TMIN,116,,,a,
ASN00082076,19751101,PRCP,34,,,a,
ASN00082076,19751102,PRCP,0,,,a,
ASN00082076,19751103,PRCP,0,,,a,
ASN00082076,19751104,PRCP,108,,,a,
ASN00082076,19751105,PRCP,92,,,a,
ASN00082076,19751106,PRCP,128,,,a,
ASN00082076,19751107,PRCP,32,,,a,
ASN00082076,19751108,PRCP,48,,,a,
ASN00082076,19751109,PRCP,0,,,a,
ASN00082076,19751110,PRCP,0,,,a,
ASN00082076,19751111,PRCP,0,,,a,
ASN00082076,19751112,PRCP,0,,,a,
ASN00082076,19751113,PRCP,0,,,a,
ASN00082076,19751114,PRCP,0,,,a,
ASN00082076,19751115,PRCP,0,,,a,
ASN00082076,19751116,PRCP,58,,,a,
ASN00082076,19751117,PRCP,0,,,a,
ASN00082076,19751118,PRCP,0,,,a,
ASN00082076,19751119,PRCP,0,,,a,
ASN00082076,19751120,PRCP,0,,,a,
ASN00082076,19751121,PRCP,6,,,a,
ASN00082076,19751122,PRCP,0,,,a,
ASN00082076,19751123,PRCP,8,,,a,
ASN00082076,19751124,PRCP,18,,,a,
ASN00082076,19751125,PRCP,0,,,a,
ASN00082076,19751126,PRCP,0,,,a,
ASN00082076,19751127,PRCP,0,,,a,
ASN00082076,19751128,PRCP,0,,,a,
ASN00082076,19751129,PRCP,0,,,a,
ASN00082076,19751130,PRCP,0,,,a,
ASN00082076,19751201,TMAX,315,,,a,
ASN00082076,19751202,TMAX,320,,,a,
ASN00082076,19751203,TMAX,284,,,a,
ASN00082076,19751204,TMAX,247,,,a,
ASN00082076,19751205,TMAX,278,,,a,
ASN00082076,19751206,TMAX,245,,,a,
ASN00082076,19751207,TMAX,285,,,a,
ASN00082076,19751208,TMAX,326,,,a,
ASN00082076,19751209,TMAX,310,,,a,
ASN00082076,19751210,TMAX,320,,,a,
ASN00082076,19751211,TMAX,347,,,a,
ASN00082076,19751212,TMAX,357,,,a,
ASN00082076,19751213,TMAX,190,,,a,
ASN00082076,19751214,TMAX,220,,,a,
ASN00082076,19751215,TMAX,290,,,a,
ASN00082076,19751216,TMAX,280,,,a,
ASN00082076,19751217,TMAX,225,,,a,
ASN00082076,19751218,TMAX,218,,,a,
ASN00082076,19751219,TMAX,225,,,a,
ASN00082076,19751220,TMAX,261,,,a,
ASN00082076,19751221,TMAX,285,,,a,
ASN00082076,19751222,TMAX,305,,,a,
ASN00082076,19751223,TMAX,302,,,a,
ASN00082076,19751228,TMAX,282,,,a,
ASN00082076,19751229,TMAX,220,,,a,
ASN00082076,19751230,TMAX,294,,,a,
ASN00082076,19751231,TMAX,348,,,a,
ASN00082076,19751201,TMIN,177,,,a,
ASN00082076,19751202,TMIN,145,,,a,
ASN00082076,19751203,TMIN,162,,,a,
ASN00082076,19751204,TMIN,143,,,a,
ASN00082076,19751205,TMIN,120,,,a,
ASN00082076,19751206,TMIN,152,,,a,
ASN00082076,19751207,TMIN,203,,,a,
ASN00082076,19751208,TMIN,147,,,a,
ASN00082076,19751209,TMIN,137,,,a,
ASN00082076,19751210,TMIN,154,,,a,
ASN00082076,19751211,TMIN,140,,,a,
ASN00082076,19751212,TMIN,168,,,a,
ASN00082076,19751213,TMIN,179,,,a,
ASN00082076,19751214,TMIN,149,,,a,
ASN00082076,19751215,TMIN,166,,,a,
ASN00082076,19751216,TMIN,170,,,a,
ASN00082076,19751217,TMIN,169,,,a,
ASN00082076,19751218,TMIN,67,,,a,
ASN00082076,19751219,TMIN,150,,,a,
ASN00082076,19751220,TMIN,107,,,a,
ASN00082076,19751221,TMIN,100,,,a,
ASN00082076,19751222,TMIN,116,,,a,
ASN00082076,19751223,TMIN,135,,,a,
ASN00082076,19751224,TMIN,144,,,a,
ASN00082076,19751229,TMIN,102,,,a,
ASN00082076,19751230,TMIN,162,,,a,
ASN00082076,19751231,TMIN,165,,,a,
ASN00082076,19751201,PRCP,134,,,a,
ASN00082076,19751202,PRCP,0,,,a,
ASN00082076,19751203,PRCP,0,,,a,
ASN00082076,19751204,PRCP,212,,,a,
ASN00082076,19751205,PRCP,0,,,a,
ASN00082076,19751206,PRCP,64,,,a,
ASN00082076,19751207,PRCP,8,,,a,
ASN00082076,19751208,PRCP,0,,,a,
ASN00082076,19751209,PRCP,0,,,a,
ASN00082076,19751210,PRCP,0,,,a,
ASN00082076,19751211,PRCP,0,,,a,
ASN00082076,19751212,PRCP,0,,,a,
ASN00082076,19751213,PRCP,148,,,a,
ASN00082076,19751214,PRCP,266,,,a,
ASN00082076,19751215,PRCP,444,,,a,
ASN00082076,19751216,PRCP,0,,,a,
ASN00082076,19751217,PRCP,8,,,a,
ASN00082076,19751218,PRCP,0,,,a,
ASN00082076,19751219,PRCP,0,,,a,
ASN00082076,19751220,PRCP,0,,,a,
ASN00082076,19751221,PRCP,0,,,a,
ASN00082076,19751222,PRCP,0,,,a,
ASN00082076,19751223,PRCP,0,,,a,
ASN00082076,19751224,PRCP,0,,,a,
ASN00082076,19751225,PRCP,0,,,a,
ASN00082076,19751226,PRCP,0,,,a,
ASN00082076,19751227,PRCP,0,,,a,
ASN00082076,19751228,PRCP,0,,,a,
ASN00082076,19751229,PRCP,82,,,a,
ASN00082076,19751230,PRCP,144,,,a,
ASN00082076,19751231,PRCP,0,,,a,
ASN00082076,19760104,TMAX,348,,,a,
ASN00082076,19760105,TMAX,225,,,a,
ASN00082076,19760106,TMAX,240,,,a,
ASN00082076,19760107,TMAX,280,,,a,
ASN00082076,19760108,TMAX,284,,,a,
ASN00082076,19760109,TMAX,204,,,a,
ASN00082076,19760110,TMAX,262,,,a,
ASN00082076,19760111,TMAX,245,,,a,
ASN00082076,19760112,TMAX,272,,,a,
ASN00082076,19760113,TMAX,245,,,a,
ASN00082076,19760114,TMAX,288,,,a,
ASN00082076,19760115,TMAX,252,,,a,
ASN00082076,19760116,TMAX,270,,,a,
ASN00082076,19760117,TMAX,284,,,a,
ASN00082076,19760118,TMAX,316,,,a,
ASN00082076,19760119,TMAX,302,,,a,
ASN00082076,19760120,TMAX,317,,,a,
ASN00082076,19760121,TMAX,225,,,a,
ASN00082076,19760122,TMAX,222,,,a,
ASN00082076,19760123,TMAX,267,,,a,
ASN00082076,19760124,TMAX,273,,,a,
ASN00082076,19760125,TMAX,178,,,a,
ASN00082076,19760126,TMAX,226,,,a,
ASN00082076,19760127,TMAX,257,,,a,
ASN00082076,19760128,TMAX,304,,,a,
ASN00082076,19760129,TMAX,310,,,a,
ASN00082076,19760130,TMAX,328,,,a,
ASN00082076,19760131,TMAX,310,,,a,
ASN00082076,19760105,TMIN,146,,,a,
ASN00082076,19760106,TMIN,146,,,a,
ASN00082076,19760107,TMIN,130,,,a,
ASN00082076,19760108,TMIN,136,,,a,
ASN00082076,19760109,TMIN,147,,,a,
ASN00082076,19760110,TMIN,112,,,a,
ASN00082076,19760111,TMIN,106,,,a,
ASN00082076,19760112,TMIN,120,,,a,
ASN00082076,19760113,TMIN,155,,,a,
ASN00082076,19760114,TMIN,140,,,a,
ASN00082076,19760115,TMIN,169,,,a,
ASN00082076,19760116,TMIN,155,,,a,
ASN00082076,19760117,TMIN,110,,,a,
ASN00082076,19760118,TMIN,121,,,a,
ASN00082076,19760119,TMIN,122,,,a,
ASN00082076,19760120,TMIN,130,,,a,
ASN00082076,19760121,TMIN,178,,,a,
ASN00082076,19760122,TMIN,154,,,a,
ASN00082076,19760123,TMIN,114,,,a,
ASN00082076,19760124,TMIN,108,,,a,
ASN00082076,19760125,TMIN,85,,,a,
ASN00082076,19760126,TMIN,47,,,a,
ASN00082076,19760127,TMIN,74,,,a,
ASN00082076,19760128,TMIN,98,,,a,
ASN00082076,19760129,TMIN,120,,,a,
ASN00082076,19760130,TMIN,110,,,a,
ASN00082076,19760131,TMIN,131,,,a,
ASN00082076,19760101,PRCP,0,,,a,
ASN00082076,19760102,PRCP,0,,,a,
ASN00082076,19760103,PRCP,0,,,a,
ASN00082076,19760104,PRCP,0,,,a,
ASN00082076,19760105,PRCP,198,,,a,
ASN00082076,19760106,PRCP,34,,,a,
ASN00082076,19760107,PRCP,0,,,a,
ASN00082076,19760108,PRCP,0,,,a,
ASN00082076,19760109,PRCP,48,,,a,
ASN00082076,19760110,PRCP,0,,,a,
ASN00082076,19760111,PRCP,0,,,a,
ASN00082076,19760112,PRCP,0,,,a,
ASN00082076,19760113,PRCP,18,,,a,
ASN00082076,19760114,PRCP,6,,,a,
ASN00082076,19760115,PRCP,17,,,a,
ASN00082076,19760116,PRCP,0,,,a,
ASN00082076,19760117,PRCP,0,,,a,
ASN00082076,19760118,PRCP,0,,,a,
ASN00082076,19760119,PRCP,0,,,a,
ASN00082076,19760120,PRCP,0,,,a,
ASN00082076,19760121,PRCP,0,,,a,
ASN00082076,19760122,PRCP,20,,,a,
ASN00082076,19760123,PRCP,19,,,a,
ASN00082076,19760124,PRCP,4,,,a,
ASN00082076,19760125,PRCP,1,,,a,
ASN00082076,19760126,PRCP,16,,,a,
ASN00082076,19760127,PRCP,3,,,a,
ASN00082076,19760128,PRCP,0,,,a,
ASN00082076,19760129,PRCP,0,,,a,
ASN00082076,19760130,PRCP,0,,,a,
ASN00082076,19760131,PRCP,0,,,a,
ASN00082076,19760201,TMAX,241,,,a,
ASN00082076,19760202,TMAX,284,,,a,
ASN00082076,19760203,TMAX,309,,,a,
ASN00082076,19760204,TMAX,308,,,a,
ASN00082076,19760205,TMAX,305,,,a,
ASN00082076,19760206,TMAX,302,,,a,
ASN00082076,19760207,TMAX,304,,,a,
ASN00082076,19760208,TMAX,294,,,a,
ASN00082076,19760209,TMAX,263,,,a,
ASN00082076,19760210,TMAX,260,,,a,
ASN00082076,19760211,TMAX,263,,,a,
ASN00082076,19760212,TMAX,292,,,a,
ASN00082076,19760213,TMAX,307,,,a,
ASN00082076,19760214,TMAX,314,,,a,
ASN00082076,19760215,TMAX,341,,,a,
ASN00082076,19760216,TMAX,318,,,a,
ASN00082076,19760217,TMAX,322,,,a,
ASN00082076,19760218,TMAX,285,,,a,
ASN00082076,19760219,TMAX,244,,,a,
ASN00082076,19760220,TMAX,272,,,a,
ASN00082076,19760221,TMAX,311,,,a,
ASN00082076,19760222,TMAX,316,,,a,
ASN00082076,19760223,TMAX,303,,,a,
ASN00082076,19760224,TMAX,266,,,a,
ASN00082076,19760225,TMAX,275,,,a,
ASN00082076,19760226,TMAX,315,,,a,
ASN00082076,19760227,TMAX,320,,,a,
ASN00082076,19760228,TMAX,315,,,a,
ASN00082076,19760229,TMAX,260,,,a,
ASN00082076,19760201,TMIN,182,,,a,
ASN00082076,19760202,TMIN,138,,,a,
ASN00082076,19760203,TMIN,140,,,a,
ASN00082076,19760204,TMIN,150,,,a,
ASN00082076,19760205,TMIN,150,,,a,
ASN00082076,19760206,TMIN,180,,,a,
ASN00082076,19760207,TMIN,126,,,a,
ASN00082076,19760208,TMIN,110,,,a,
ASN00082076,19760209,TMIN,170,,,a,
ASN00082076,19760210,TMIN,172,,,a,
ASN00082076,19760211,TMIN,155,,,a,
ASN00082076,19760212,TMIN,140,,,a,
ASN00082076,19760213,TMIN,125,,,a,
ASN00082076,19760214,TMIN,160,,,a,
ASN00082076,19760215,TMIN,198,,,a,
ASN00082076,19760216,TMIN,176,,,a,
ASN00082076,19760217,TMIN,164,,,a,
ASN00082076,19760218,TMIN,180,,,a,
ASN00082076,19760219,TMIN,160,,,a,
ASN00082076,19760220,TMIN,156,,,a,
ASN00082076,19760221,TMIN,121,,,a,
ASN00082076,19760222,TMIN,126,,,a,
ASN00082076,19760223,TMIN,139,,,a,
ASN00082076,19760224,TMIN,172,,,a,
ASN00082076,19760225,TMIN,147,,,a,
ASN00082076,19760226,TMIN,174,,,a,
ASN00082076,19760227,TMIN,154,,,a,
ASN00082076,19760228,TMIN,180,,,a,
ASN00082076,19760229,TMIN,157,,,a,
ASN00082076,19760201,PRCP,142,,,a,
ASN00082076,19760202,PRCP,8,,,a,
ASN00082076,19760203,PRCP,0,,,a,
ASN00082076,19760204,PRCP,0,,,a,
ASN00082076,19760205,PRCP,0,,,a,
ASN00082076,19760206,PRCP,0,,,a,
ASN00082076,19760207,PRCP,0,,,a,
ASN00082076,19760208,PRCP,0,,,a,
ASN00082076,19760209,PRCP,25,,,a,
ASN00082076,19760210,PRCP,2,,,a,
ASN00082076,19760211,PRCP,0,,,a,
ASN00082076,19760212,PRCP,0,,,a,
ASN00082076,19760213,PRCP,0,,,a,
ASN00082076,19760214,PRCP,0,,,a,
ASN00082076,19760215,PRCP,0,,,a,
ASN00082076,19760216,PRCP,0,,,a,
ASN00082076,19760217,PRCP,0,,,a,
ASN00082076,19760218,PRCP,32,,,a,
ASN00082076,19760219,PRCP,115,,,a,
ASN00082076,19760220,PRCP,63,,,a,
ASN00082076,19760221,PRCP,0,,,a,
ASN00082076,19760222,PRCP,0,,,a,
ASN00082076,19760223,PRCP,0,,,a,
ASN00082076,19760224,PRCP,42,,,a,
ASN00082076,19760225,PRCP,93,,,a,
ASN00082076,19760226,PRCP,0,,,a,
ASN00082076,19760227,PRCP,0,,,a,
ASN00082076,19760228,PRCP,0,,,a,
ASN00082076,19760229,PRCP,0,,,a,
ASN00082076,19760301,TMAX,250,,,a,
ASN00082076,19760302,TMAX,284,,,a,
ASN00082076,19760303,TMAX,246,,,a,
ASN00082076,19760304,TMAX,217,,,a,
ASN00082076,19760305,TMAX,214,,,a,
ASN00082076,19760306,TMAX,250,,,a,
ASN00082076,19760307,TMAX,242,,,a,
ASN00082076,19760308,TMAX,266,,,a,
ASN00082076,19760309,TMAX,289,,,a,
ASN00082076,19760310,TMAX,289,,,a,
ASN00082076,19760311,TMAX,283,,,a,
ASN00082076,19760314,TMAX,291,,,a,
ASN00082076,19760315,TMAX,318,,,a,
ASN00082076,19760316,TMAX,318,,,a,
ASN00082076,19760317,TMAX,288,,,a,
ASN00082076,19760318,TMAX,308,,,a,
ASN00082076,19760321,TMAX,285,,,a,
ASN00082076,19760322,TMAX,256,,,a,
ASN00082076,19760323,TMAX,263,,,a,
ASN00082076,19760324,TMAX,268,,,a,
ASN00082076,19760325,TMAX,284,,,a,
ASN00082076,19760326,TMAX,250,,,a,
ASN00082076,19760328,TMAX,250,,,a,
ASN00082076,19760329,TMAX,262,,,a,
ASN00082076,19760330,TMAX,240,,,a,
ASN00082076,19760331,TMAX,234,,,a,
ASN00082076,19760301,TMIN,167,,,a,
ASN00082076,19760302,TMIN,150,,,a,
ASN00082076,19760303,TMIN,145,,,a,
ASN00082076,19760304,TMIN,124,,,a,
ASN00082076,19760305,TMIN,117,,,a,
ASN00082076,19760306,TMIN,98,,,a,
ASN00082076,19760307,TMIN,82,,,a,
ASN00082076,19760308,TMIN,45,,,a,
ASN00082076,19760309,TMIN,68,,,a,
ASN00082076,19760310,TMIN,113,,,a,
ASN00082076,19760311,TMIN,113,,,a,
ASN00082076,19760312,TMIN,107,,,a,
ASN00082076,19760315,TMIN,106,,,a,
ASN00082076,19760316,TMIN,110,,,a,
ASN00082076,19760317,TMIN,107,,,a,
ASN00082076,19760318,TMIN,109,,,a,
ASN00082076,19760319,TMIN,158,,,a,
ASN00082076,19760322,TMIN,55,,,a,
ASN00082076,19760323,TMIN,121,,,a,
ASN00082076,19760324,TMIN,96,,,a,
ASN00082076,19760325,TMIN,108,,,a,
ASN00082076,19760326,TMIN,135,,,a,
ASN00082076,19760329,TMIN,102,,,a,
ASN00082076,19760330,TMIN,112,,,a,
ASN00082076,19760331,TMIN,74,,,a,
ASN00082076,19760301,PRCP,40,,,a,
ASN00082076,19760302,PRCP,0,,,a,
ASN00082076,19760303,PRCP,0,,,a,
ASN00082076,19760304,PRCP,0,,,a,
ASN00082076,19760305,PRCP,0,,,a,
ASN00082076,19760306,PRCP,0,,,a,
ASN00082076,19760307,PRCP,0,,,a,
ASN00082076,19760308,PRCP,12,,,a,
ASN00082076,19760309,PRCP,0,,,a,
ASN00082076,19760310,PRCP,0,,,a,
ASN00082076,19760311,PRCP,0,,,a,
ASN00082076,19760312,PRCP,0,,,a,
ASN00082076,19760313,PRCP,0,,,a,
ASN00082076,19760314,PRCP,0,,,a,
ASN00082076,19760315,PRCP,0,,,a,
ASN00082076,19760316,PRCP,0,,,a,
ASN00082076,19760317,PRCP,0,,,a,
ASN00082076,19760318,PRCP,0,,,a,
ASN00082076,19760319,PRCP,20,,,a,
ASN00082076,19760320,PRCP,12,,,a,
ASN00082076,19760321,PRCP,0,,,a,
ASN00082076,19760322,PRCP,0,,,a,
ASN00082076,19760323,PRCP,0,,,a,
ASN00082076,19760324,PRCP,0,,,a,
ASN00082076,19760325,PRCP,0,,,a,
ASN00082076,19760326,PRCP,0,,,a,
ASN00082076,19760327,PRCP,0,,,a,
ASN00082076,19760328,PRCP,211,,,a,
ASN00082076,19760329,PRCP,0,,,a,
ASN00082076,19760330,PRCP,0,,,a,
ASN00082076,19760331,PRCP,0,,,a,
ASN00082076,19760401,TMAX,248,,,a,
ASN00082076,19760404,TMAX,278,,,a,
ASN00082076,19760405,TMAX,178,,,a,
ASN00082076,19760406,TMAX,171,,,a,
ASN00082076,19760407,TMAX,206,,,a,
ASN00082076,19760408,TMAX,212,,,a,
ASN00082076,19760411,TMAX,234,,,a,
ASN00082076,19760412,TMAX,239,,,a,
ASN00082076,19760413,TMAX,227,,,a,
ASN00082076,19760414,TMAX,221,,,a,
ASN00082076,19760419,TMAX,265,,,a,
ASN00082076,19760420,TMAX,197,,,a,
ASN00082076,19760421,TMAX,195,,,a,
ASN00082076,19760422,TMAX,175,,,a,
ASN00082076,19760423,TMAX,187,,,a,
ASN00082076,19760424,TMAX,195,,,a,
ASN00082076,19760425,TMAX,202,,,a,
ASN00082076,19760426,TMAX,180,,,a,
ASN00082076,19760427,TMAX,164,,,a,
ASN00082076,19760428,TMAX,129,,,a,
ASN00082076,19760429,TMAX,145,,,a,
ASN00082076,19760430,TMAX,178,,,a,
ASN00082076,19760401,TMIN,75,,,a,
ASN00082076,19760402,TMIN,88,,,a,
ASN00082076,19760405,TMIN,116,,,a,
ASN00082076,19760406,TMIN,36,,,a,
ASN00082076,19760407,TMIN,57,,,a,
ASN00082076,19760408,TMIN,42,,,a,
ASN00082076,19760409,TMIN,85,,,a,
ASN00082076,19760412,TMIN,61,,,a,
ASN00082076,19760413,TMIN,102,,,a,
ASN00082076,19760414,TMIN,72,,,a,
ASN00082076,19760415,TMIN,64,,,a,
ASN00082076,19760420,TMIN,24,,,a,
ASN00082076,19760421,TMIN,16,,,a,
ASN00082076,19760422,TMIN,38,,,a,
ASN00082076,19760423,TMIN,16,,,a,
ASN00082076,19760424,TMIN,22,,,a,
ASN00082076,19760425,TMIN,24,,,a,
ASN00082076,19760426,TMIN,38,,,a,
ASN00082076,19760427,TMIN,91,,,a,
ASN00082076,19760428,TMIN,60,,,a,
ASN00082076,19760429,TMIN,53,,,a,
ASN00082076,19760430,TMIN,1,,,a,
ASN00082076,19760401,PRCP,0,,,a,
ASN00082076,19760402,PRCP,0,,,a,
ASN00082076,19760403,PRCP,0,,,a,
ASN00082076,19760404,PRCP,32,,,a,
ASN00082076,19760405,PRCP,52,,,a,
ASN00082076,19760406,PRCP,32,,,a,
ASN00082076,19760407,PRCP,0,,,a,
ASN00082076,19760408,PRCP,0,,,a,
ASN00082076,19760409,PRCP,0,,,a,
ASN00082076,19760410,PRCP,0,,,a,
ASN00082076,19760411,PRCP,0,,,a,
ASN00082076,19760412,PRCP,0,,,a,
ASN00082076,19760413,PRCP,0,,,a,
ASN00082076,19760414,PRCP,0,,,a,
ASN00082076,19760415,PRCP,0,,,a,
ASN00082076,19760416,PRCP,0,,,a,
ASN00082076,19760417,PRCP,0,,,a,
ASN00082076,19760418,PRCP,0,,,a,
ASN00082076,19760419,PRCP,0,,,a,
ASN00082076,19760420,PRCP,0,,,a,
ASN00082076,19760421,PRCP,0,,,a,
ASN00082076,19760422,PRCP,0,,,a,
ASN00082076,19760423,PRCP,0,,,a,
ASN00082076,19760424,PRCP,0,,,a,
ASN00082076,19760425,PRCP,0,,,a,
ASN00082076,19760426,PRCP,0,,,a,
ASN00082076,19760427,PRCP,18,,,a,
ASN00082076,19760428,PRCP,38,,,a,
ASN00082076,19760429,PRCP,21,,,a,
ASN00082076,19760430,PRCP,0,,,a,
ASN00082076,19760501,TMAX,190,,,a,
ASN00082076,19760502,TMAX,200,,,a,
ASN00082076,19760503,TMAX,206,,,a,
ASN00082076,19760504,TMAX,146,,,a,
ASN00082076,19760505,TMAX,179,,,a,
ASN00082076,19760506,TMAX,174,,,a,
ASN00082076,19760507,TMAX,175,,,a,
ASN00082076,19760508,TMAX,175,,,a,
ASN00082076,19760509,TMAX,167,,,a,
ASN00082076,19760510,TMAX,175,,,a,
ASN00082076,19760511,TMAX,161,,,a,
ASN00082076,19760512,TMAX,180,,,a,
ASN00082076,19760513,TMAX,185,,,a,
ASN00082076,19760514,TMAX,175,,,a,
ASN00082076,19760515,TMAX,186,,,a,
ASN00082076,19760516,TMAX,136,,,a,
ASN00082076,19760517,TMAX,138,,,a,
ASN00082076,19760518,TMAX,110,,,a,
ASN00082076,19760519,TMAX,164,,,a,
ASN00082076,19760520,TMAX,155,,,a,
ASN00082076,19760521,TMAX,160,,,a,
ASN00082076,19760522,TMAX,167,,,a,
ASN00082076,19760523,TMAX,164,,,a,
ASN00082076,19760524,TMAX,102,,,a,
ASN00082076,19760525,TMAX,127,,,a,
ASN00082076,19760526,TMAX,149,,,a,
ASN00082076,19760527,TMAX,136,,,a,
ASN00082076,19760528,TMAX,122,,,a,
ASN00082076,19760529,TMAX,130,,,a,
ASN00082076,19760530,TMAX,145,,,a,
ASN00082076,19760531,TMAX,155,,,a,
ASN00082076,19760501,TMIN,2,,,a,
ASN00082076,19760502,TMIN,14,,,a,
ASN00082076,19760503,TMIN,25,,,a,
ASN00082076,19760504,TMIN,55,,,a,
ASN00082076,19760505,TMIN,27,,,a,
ASN00082076,19760506,TMIN,6,,,a,
ASN00082076,19760507,TMIN,10,,,a,
ASN00082076,19760508,TMIN,10,,,a,
ASN00082076,19760509,TMIN,0,,,a,
ASN00082076,19760510,TMIN,-5,,,a,
ASN00082076,19760511,TMIN,-4,,,a,
ASN00082076,19760512,TMIN,20,,,a,
ASN00082076,19760513,TMIN,8,,,a,
ASN00082076,19760514,TMIN,22,,,a,
ASN00082076,19760515,TMIN,22,,,a,
ASN00082076,19760516,TMIN,40,,,a,
ASN00082076,19760517,TMIN,72,,,a,
ASN00082076,19760518,TMIN,60,,,a,
ASN00082076,19760519,TMIN,43,,,a,
ASN00082076,19760520,TMIN,19,,,a,
ASN00082076,19760521,TMIN,28,,,a,
ASN00082076,19760522,TMIN,48,,,a,
ASN00082076,19760523,TMIN,62,,,a,
ASN00082076,19760524,TMIN,40,,,a,
ASN00082076,19760525,TMIN,70,,,a,
ASN00082076,19760526,TMIN,65,,,a,
ASN00082076,19760527,TMIN,73,,,a,
ASN00082076,19760528,TMIN,15,,,a,
ASN00082076,19760529,TMIN,12,,,a,
ASN00082076,19760530,TMIN,-7,,,a,
ASN00082076,19760531,TMIN,-20,,,a,
ASN00082076,19760501,PRCP,0,,,a,
ASN00082076,19760502,PRCP,0,,,a,
ASN00082076,19760503,PRCP,0,,,a,
ASN00082076,19760504,PRCP,6,,,a,
ASN00082076,19760505,PRCP,0,,,a,
ASN00082076,19760506,PRCP,0,,,a,
ASN00082076,19760507,PRCP,0,,,a,
ASN00082076,19760508,PRCP,0,,,a,
ASN00082076,19760509,PRCP,0,,,a,
ASN00082076,19760510,PRCP,0,,,a,
ASN00082076,19760511,PRCP,0,,,a,
ASN00082076,19760512,PRCP,0,,,a,
ASN00082076,19760513,PRCP,0,,,a,
ASN00082076,19760514,PRCP,2,,,a,
ASN00082076,19760515,PRCP,0,,,a,
ASN00082076,19760516,PRCP,20,,,a,
ASN00082076,19760517,PRCP,142,,,a,
ASN00082076,19760518,PRCP,0,,,a,
ASN00082076,19760519,PRCP,0,,,a,
ASN00082076,19760520,PRCP,0,,,a,
ASN00082076,19760521,PRCP,0,,,a,
ASN00082076,19760522,PRCP,0,,,a,
ASN00082076,19760523,PRCP,18,,,a,
ASN00082076,19760524,PRCP,16,,,a,
ASN00082076,19760525,PRCP,20,,,a,
ASN00082076,19760526,PRCP,8,,,a,
ASN00082076,19760527,PRCP,10,,,a,
ASN00082076,19760528,PRCP,0,,,a,
ASN00082076,19760529,PRCP,0,,,a,
ASN00082076,19760530,PRCP,0,,,a,
ASN00082076,19760531,PRCP,0,,,a,
ASN00082076,19760601,TMAX,163,,,a,
ASN00082076,19760602,TMAX,106,,,a,
ASN00082076,19760603,TMAX,97,,,a,
ASN00082076,19760604,TMAX,127,,,a,
ASN00082076,19760605,TMAX,117,,,a,
ASN00082076,19760606,TMAX,113,,,a,
ASN00082076,19760607,TMAX,85,,,a,
ASN00082076,19760608,TMAX,92,,,a,
ASN00082076,19760609,TMAX,152,,,a,
ASN00082076,19760610,TMAX,133,,,a,
ASN00082076,19760611,TMAX,155,,,a,
ASN00082076,19760612,TMAX,182,,,a,
ASN00082076,19760613,TMAX,110,,,a,
ASN00082076,19760614,TMAX,122,,,a,
ASN00082076,19760615,TMAX,142,,,a,
ASN00082076,19760616,TMAX,130,,,a,
ASN00082076,19760617,TMAX,133,,,a,
ASN00082076,19760618,TMAX,155,,,a,
ASN00082076,19760619,TMAX,140,,,a,
ASN00082076,19760620,TMAX,140,,,a,
ASN00082076,19760621,TMAX,142,,,a,
ASN00082076,19760622,TMAX,132,,,a,
ASN00082076,19760623,TMAX,148,,,a,
ASN00082076,19760624,TMAX,130,,,a,
ASN00082076,19760625,TMAX,162,,,a,
ASN00082076,19760626,TMAX,164,,,a,
ASN00082076,19760627,TMAX,101,,,a,
ASN00082076,19760628,TMAX,116,,,a,
ASN00082076,19760629,TMAX,128,,,a,
ASN00082076,19760630,TMAX,115,,,a,
ASN00082076,19760601,TMIN,-8,,,a,
ASN00082076,19760602,TMIN,35,,,a,
ASN00082076,19760603,TMIN,0,,,a,
ASN00082076,19760604,TMIN,6,,,a,
ASN00082076,19760605,TMIN,7,,,a,
ASN00082076,19760606,TMIN,17,,,a,
ASN00082076,19760607,TMIN,50,,,a,
ASN00082076,19760608,TMIN,50,,,a,
ASN00082076,19760609,TMIN,57,,,a,
ASN00082076,19760610,TMIN,58,,,a,
ASN00082076,19760611,TMIN,65,,,a,
ASN00082076,19760612,TMIN,7,,,a,
ASN00082076,19760613,TMIN,21,,,a,
ASN00082076,19760614,TMIN,13,,,a,
ASN00082076,19760615,TMIN,27,,,a,
ASN00082076,19760616,TMIN,-4,,,a,
ASN00082076,19760617,TMIN,37,,,a,
ASN00082076,19760618,TMIN,69,,,a,
ASN00082076,19760619,TMIN,-4,,,a,
ASN00082076,19760620,TMIN,27,,,a,
ASN00082076,19760621,TMIN,-3,,,a,
ASN00082076,19760622,TMIN,-28,,,a,
ASN00082076,19760623,TMIN,-23,,,a,
ASN00082076,19760624,TMIN,-10,,,a,
ASN00082076,19760625,TMIN,13,,,a,
ASN00082076,19760626,TMIN,15,,,a,
ASN00082076,19760627,TMIN,25,,,a,
ASN00082076,19760628,TMIN,45,,,a,
ASN00082076,19760629,TMIN,60,,,a,
ASN00082076,19760630,TMIN,30,,,a,
ASN00082076,19760601,PRCP,0,,,a,
ASN00082076,19760602,PRCP,50,,,a,
ASN00082076,19760603,PRCP,0,,,a,
ASN00082076,19760604,PRCP,21,,,a,
ASN00082076,19760605,PRCP,0,,,a,
ASN00082076,19760606,PRCP,0,,,a,
ASN00082076,19760607,PRCP,74,,,a,
ASN00082076,19760608,PRCP,6,,,a,
ASN00082076,19760609,PRCP,21,,,a,
ASN00082076,19760610,PRCP,4,,,a,
ASN00082076,19760611,PRCP,0,,,a,
ASN00082076,19760612,PRCP,0,,,a,
ASN00082076,19760613,PRCP,0,,,a,
ASN00082076,19760614,PRCP,0,,,a,
ASN00082076,19760615,PRCP,0,,,a,
ASN00082076,19760616,PRCP,0,,,a,
ASN00082076,19760617,PRCP,0,,,a,
ASN00082076,19760618,PRCP,0,,,a,
ASN00082076,19760619,PRCP,0,,,a,
ASN00082076,19760620,PRCP,0,,,a,
ASN00082076,19760621,PRCP,0,,,a,
ASN00082076,19760622,PRCP,0,,,a,
ASN00082076,19760623,PRCP,0,,,a,
ASN00082076,19760624,PRCP,0,,,a,
ASN00082076,19760625,PRCP,14,,,a,
ASN00082076,19760626,PRCP,0,,,a,
ASN00082076,19760627,PRCP,38,,,a,
ASN00082076,19760628,PRCP,144,,,a,
ASN00082076,19760629,PRCP,63,,,a,
ASN00082076,19760630,PRCP,56,,,a,
ASN00082076,19760701,TMAX,131,,,a,
ASN00082076,19760702,TMAX,102,,,a,
ASN00082076,19760703,TMAX,100,,,a,
ASN00082076,19760704,TMAX,98,,,a,
ASN00082076,19760705,TMAX,82,,,a,
ASN00082076,19760706,TMAX,106,,,a,
ASN00082076,19760707,TMAX,120,,,a,
ASN00082076,19760708,TMAX,125,,,a,
ASN00082076,19760712,TMAX,132,,,a,
ASN00082076,19760713,TMAX,137,,,a,
ASN00082076,19760714,TMAX,114,,,a,
ASN00082076,19760715,TMAX,110,,,a,
ASN00082076,19760716,TMAX,122,,,a,
ASN00082076,19760717,TMAX,130,,,a,
ASN00082076,19760718,TMAX,134,,,a,
ASN00082076,19760719,TMAX,145,,,a,
ASN00082076,19760720,TMAX,114,,,a,
ASN00082076,19760721,TMAX,141,,,a,
ASN00082076,19760722,TMAX,139,,,a,
ASN00082076,19760723,TMAX,138,,,a,
ASN00082076,19760724,TMAX,165,,,a,
ASN00082076,19760725,TMAX,168,,,a,
ASN00082076,19760726,TMAX,130,,,a,
ASN00082076,19760727,TMAX,122,,,a,
ASN00082076,19760728,TMAX,127,,,a,
ASN00082076,19760729,TMAX,94,,,a,
ASN00082076,19760730,TMAX,109,,,a,
ASN00082076,19760731,TMAX,104,,,a,
ASN00082076,19760701,TMIN,35,,,a,
ASN00082076,19760702,TMIN,8,,,a,
ASN00082076,19760703,TMIN,-12,,,a,
ASN00082076,19760704,TMIN,-8,,,a,
ASN00082076,19760705,TMIN,4,,,a,
ASN00082076,19760706,TMIN,17,,,a,
ASN00082076,19760707,TMIN,50,,,a,
ASN00082076,19760708,TMIN,34,,,a,
ASN00082076,19760709,TMIN,5,,,a,
ASN00082076,19760713,TMIN,1,,,a,
ASN00082076,19760714,TMIN,5,,,a,
ASN00082076,19760715,TMIN,-13,,,a,
ASN00082076,19760716,TMIN,-30,,,a,
ASN00082076,19760717,TMIN,-36,,,a,
ASN00082076,19760718,TMIN,-30,,,a,
ASN00082076,19760719,TMIN,-20,,,a,
ASN00082076,19760720,TMIN,-7,,,a,
ASN00082076,19760721,TMIN,8,,,a,
ASN00082076,19760722,TMIN,-15,,,a,
ASN00082076,19760723,TMIN,-7,,,a,
ASN00082076,19760724,TMIN,20,,,a,
ASN00082076,19760725,TMIN,12,,,a,
ASN00082076,19760726,TMIN,37,,,a,
ASN00082076,19760727,TMIN,20,,,a,
ASN00082076,19760728,TMIN,-30,,,a,
ASN00082076,19760729,TMIN,-6,,,a,
ASN00082076,19760730,TMIN,40,,,a,
ASN00082076,19760731,TMIN,51,,,a,
ASN00082076,19760701,PRCP,0,,,a,
ASN00082076,19760702,PRCP,1,,,a,
ASN00082076,19760703,PRCP,0,,,a,
ASN00082076,19760704,PRCP,132,,,a,
ASN00082076,19760705,PRCP,6,,,a,
ASN00082076,19760706,PRCP,22,,,a,
ASN00082076,19760707,PRCP,0,,,a,
ASN00082076,19760708,PRCP,0,,,a,
ASN00082076,19760709,PRCP,0,,,a,
ASN00082076,19760710,PRCP,0,,,a,
ASN00082076,19760711,PRCP,0,,,a,
ASN00082076,19760712,PRCP,0,,,a,
ASN00082076,19760713,PRCP,0,,,a,
ASN00082076,19760714,PRCP,4,,,a,
ASN00082076,19760715,PRCP,0,,,a,
ASN00082076,19760716,PRCP,0,,,a,
ASN00082076,19760717,PRCP,0,,,a,
ASN00082076,19760718,PRCP,0,,,a,
ASN00082076,19760719,PRCP,0,,,a,
ASN00082076,19760720,PRCP,0,,,a,
ASN00082076,19760721,PRCP,0,,,a,
ASN00082076,19760722,PRCP,0,,,a,
ASN00082076,19760723,PRCP,0,,,a,
ASN00082076,19760724,PRCP,0,,,a,
ASN00082076,19760725,PRCP,0,,,a,
ASN00082076,19760726,PRCP,174,,,a,
ASN00082076,19760727,PRCP,0,,,a,
ASN00082076,19760728,PRCP,0,,,a,
ASN00082076,19760729,PRCP,33,,,a,
ASN00082076,19760730,PRCP,145,,,a,
ASN00082076,19760731,PRCP,24,,,a,
ASN00082076,19760801,TMAX,76,,,a,
ASN00082076,19760802,TMAX,90,,,a,
ASN00082076,19760803,TMAX,105,,,a,
ASN00082076,19760804,TMAX,92,,,a,
ASN00082076,19760805,TMAX,95,,,a,
ASN00082076,19760806,TMAX,113,,,a,
ASN00082076,19760807,TMAX,80,,,a,
ASN00082076,19760808,TMAX,145,,,a,
ASN00082076,19760809,TMAX,138,,,a,
ASN00082076,19760810,TMAX,144,,,a,
ASN00082076,19760811,TMAX,131,,,a,
ASN00082076,19760812,TMAX,120,,,a,
ASN00082076,19760813,TMAX,88,,,a,
ASN00082076,19760814,TMAX,115,,,a,
ASN00082076,19760815,TMAX,133,,,a,
ASN00082076,19760816,TMAX,120,,,a,
ASN00082076,19760817,TMAX,114,,,a,
ASN00082076,19760818,TMAX,151,,,a,
ASN00082076,19760819,TMAX,155,,,a,
ASN00082076,19760820,TMAX,157,,,a,
ASN00082076,19760821,TMAX,184,,,a,
ASN00082076,19760822,TMAX,218,,,a,
ASN00082076,19760823,TMAX,134,,,a,
ASN00082076,19760824,TMAX,115,,,a,
ASN00082076,19760825,TMAX,130,,,a,
ASN00082076,19760826,TMAX,140,,,a,
ASN00082076,19760827,TMAX,142,,,a,
ASN00082076,19760828,TMAX,157,,,a,
ASN00082076,19760829,TMAX,165,,,a,
ASN00082076,19760830,TMAX,167,,,a,
ASN00082076,19760831,TMAX,192,,,a,
ASN00082076,19760801,TMIN,67,,,a,
ASN00082076,19760802,TMIN,17,,,a,
ASN00082076,19760803,TMIN,40,,,a,
ASN00082076,19760804,TMIN,25,,,a,
ASN00082076,19760805,TMIN,40,,,a,
ASN00082076,19760806,TMIN,42,,,a,
ASN00082076,19760807,TMIN,47,,,a,
ASN00082076,19760808,TMIN,43,,,a,
ASN00082076,19760809,TMIN,35,,,a,
ASN00082076,19760810,TMIN,28,,,a,
ASN00082076,19760811,TMIN,-24,,,a,
ASN00082076,19760812,TMIN,-33,,,a,
ASN00082076,19760813,TMIN,-3,,,a,
ASN00082076,19760814,TMIN,-50,,,a,
ASN00082076,19760815,TMIN,-35,,,a,
ASN00082076,19760816,TMIN,-13,,,a,
ASN00082076,19760817,TMIN,-15,,,a,
ASN00082076,19760818,TMIN,-7,,,a,
ASN00082076,19760819,TMIN,-32,,,a,
ASN00082076,19760820,TMIN,-24,,,a,
ASN00082076,19760821,TMIN,-12,,,a,
ASN00082076,19760822,TMIN,-5,,,a,
ASN00082076,19760823,TMIN,37,,,a,
ASN00082076,19760824,TMIN,44,,,a,
ASN00082076,19760825,TMIN,36,,,a,
ASN00082076,19760826,TMIN,-16,,,a,
ASN00082076,19760827,TMIN,8,,,a,
ASN00082076,19760828,TMIN,7,,,a,
ASN00082076,19760829,TMIN,-3,,,a,
ASN00082076,19760830,TMIN,-5,,,a,
ASN00082076,19760831,TMIN,2,,,a,
ASN00082076,19760801,PRCP,204,,,a,
ASN00082076,19760802,PRCP,120,,,a,
ASN00082076,19760803,PRCP,81,,,a,
ASN00082076,19760804,PRCP,0,,,a,
ASN00082076,19760805,PRCP,13,,,a,
ASN00082076,19760806,PRCP,162,,,a,
ASN00082076,19760807,PRCP,28,,,a,
ASN00082076,19760808,PRCP,38,,,a,
ASN00082076,19760809,PRCP,0,,,a,
ASN00082076,19760810,PRCP,0,,,a,
ASN00082076,19760811,PRCP,0,,,a,
ASN00082076,19760812,PRCP,0,,,a,
ASN00082076,19760813,PRCP,90,,,a,
ASN00082076,19760814,PRCP,1,,,a,
ASN00082076,19760815,PRCP,0,,,a,
ASN00082076,19760816,PRCP,0,,,a,
ASN00082076,19760817,PRCP,0,,,a,
ASN00082076,19760818,PRCP,11,,,a,
ASN00082076,19760819,PRCP,2,,,a,
ASN00082076,19760820,PRCP,0,,,a,
ASN00082076,19760821,PRCP,0,,,a,
ASN00082076,19760822,PRCP,0,,,a,
ASN00082076,19760823,PRCP,88,,,a,
ASN00082076,19760824,PRCP,70,,,a,
ASN00082076,19760825,PRCP,0,,,a,
ASN00082076,19760826,PRCP,0,,,a,
ASN00082076,19760827,PRCP,0,,,a,
ASN00082076,19760828,PRCP,2,,,a,
ASN00082076,19760829,PRCP,0,,,a,
ASN00082076,19760830,PRCP,0,,,a,
ASN00082076,19760831,PRCP,0,,,a,
ASN00082076,19760901,TMAX,105,,,a,
ASN00082076,19760902,TMAX,165,,,a,
ASN00082076,19760903,TMAX,160,,,a,
ASN00082076,19760904,TMAX,155,,,a,
ASN00082076,19760905,TMAX,131,,,a,
ASN00082076,19760906,TMAX,171,,,a,
ASN00082076,19760907,TMAX,173,,,a,
ASN00082076,19760908,TMAX,138,,,a,
ASN00082076,19760909,TMAX,88,,,a,
ASN00082076,19760910,TMAX,108,,,a,
ASN00082076,19760911,TMAX,115,,,a,
ASN00082076,19760912,TMAX,134,,,a,
ASN00082076,19760913,TMAX,152,,,a,
ASN00082076,19760914,TMAX,165,,,a,
ASN00082076,19760915,TMAX,173,,,a,
ASN00082076,19760916,TMAX,164,,,a,
ASN00082076,19760917,TMAX,187,,,a,
ASN00082076,19760918,TMAX,187,,,a,
ASN00082076,19760919,TMAX,205,,,a,
ASN00082076,19760920,TMAX,192,,,a,
ASN00082076,19760921,TMAX,125,,,a,
ASN00082076,19760922,TMAX,151,,,a,
ASN00082076,19760923,TMAX,177,,,a,
ASN00082076,19760924,TMAX,109,,,a,
ASN00082076,19760925,TMAX,155,,,a,
ASN00082076,19760926,TMAX,184,,,a,
ASN00082076,19760927,TMAX,190,,,a,
ASN00082076,19760928,TMAX,210,,,a,
ASN00082076,19760929,TMAX,200,,,a,
ASN00082076,19760930,TMAX,175,,,a,
ASN00082076,19760901,TMIN,30,,,a,
ASN00082076,19760902,TMIN,55,,,a,
ASN00082076,19760903,TMIN,45,,,a,
ASN00082076,19760904,TMIN,48,,,a,
ASN00082076,19760905,TMIN,-6,,,a,
ASN00082076,19760906,TMIN,11,,,a,
ASN00082076,19760907,TMIN,20,,,a,
ASN00082076,19760908,TMIN,-5,,,a,
ASN00082076,19760909,TMIN,37,,,a,
ASN00082076,19760910,TMIN,44,,,a,
ASN00082076,19760911,TMIN,50,,,a,
ASN00082076,19760912,TMIN,0,,,a,
ASN00082076,19760913,TMIN,-7,,,a,
ASN00082076,19760914,TMIN,31,,,a,
ASN00082076,19760915,TMIN,7,,,a,
ASN00082076,19760916,TMIN,9,,,a,
ASN00082076,19760917,TMIN,25,,,a,
ASN00082076,19760918,TMIN,20,,,a,
ASN00082076,19760919,TMIN,35,,,a,
ASN00082076,19760920,TMIN,76,,,a,
ASN00082076,19760921,TMIN,98,,,a,
ASN00082076,19760922,TMIN,79,,,a,
ASN00082076,19760923,TMIN,75,,,a,
ASN00082076,19760924,TMIN,55,,,a,
ASN00082076,19760925,TMIN,45,,,a,
ASN00082076,19760926,TMIN,20,,,a,
ASN00082076,19760927,TMIN,8,,,a,
ASN00082076,19760928,TMIN,13,,,a,
ASN00082076,19760929,TMIN,60,,,a,
ASN00082076,19760930,TMIN,98,,,a,
ASN00082076,19760901,PRCP,6,,,a,
ASN00082076,19760902,PRCP,135,,,a,
ASN00082076,19760903,PRCP,29,,,a,
ASN00082076,19760904,PRCP,15,,,a,
ASN00082076,19760905,PRCP,0,,,a,
ASN00082076,19760906,PRCP,0,,,a,
ASN00082076,19760907,PRCP,0,,,a,
ASN00082076,19760908,PRCP,0,,,a,
ASN00082076,19760909,PRCP,126,,,a,
ASN00082076,19760910,PRCP,80,,,a,
ASN00082076,19760911,PRCP,50,,,a,
ASN00082076,19760912,PRCP,6,,,a,
ASN00082076,19760913,PRCP,0,,,a,
ASN00082076,19760914,PRCP,0,,,a,
ASN00082076,19760915,PRCP,0,,,a,
ASN00082076,19760916,PRCP,0,,,a,
ASN00082076,19760917,PRCP,0,,,a,
ASN00082076,19760918,PRCP,0,,,a,
ASN00082076,19760919,PRCP,0,,,a,
ASN00082076,19760920,PRCP,55,,,a,
ASN00082076,19760921,PRCP,205,,,a,
ASN00082076,19760922,PRCP,61,,,a,
ASN00082076,19760923,PRCP,71,,,a,
ASN00082076,19760924,PRCP,0,,,a,
ASN00082076,19760925,PRCP,0,,,a,
ASN00082076,19760926,PRCP,0,,,a,
ASN00082076,19760927,PRCP,0,,,a,
ASN00082076,19760928,PRCP,0,,,a,
ASN00082076,19760929,PRCP,0,,,a,
ASN00082076,19760930,PRCP,4,,,a,
ASN00082076,19761001,TMAX,199,,,a,
ASN00082076,19761002,TMAX,203,,,a,
ASN00082076,19761003,TMAX,192,,,a,
ASN00082076,19761004,TMAX,179,,,a,
ASN00082076,19761005,TMAX,236,,,a,
ASN00082076,19761006,TMAX,188,,,a,
ASN00082076,19761007,TMAX,157,,,a,
ASN00082076,19761010,TMAX,175,,,a,
ASN00082076,19761011,TMAX,163,,,a,
ASN00082076,19761012,TMAX,175,,,a,
ASN00082076,19761013,TMAX,132,,,a,
ASN00082076,19761014,TMAX,175,,,a,
ASN00082076,19761017,TMAX,165,,,a,
ASN00082076,19761018,TMAX,146,,,a,
ASN00082076,19761019,TMAX,166,,,a,
ASN00082076,19761020,TMAX,171,,,a,
ASN00082076,19761021,TMAX,151,,,a,
ASN00082076,19761022,TMAX,200,,,a,
ASN00082076,19761023,TMAX,192,,,a,
ASN00082076,19761024,TMAX,197,,,a,
ASN00082076,19761025,TMAX,193,,,a,
ASN00082076,19761026,TMAX,167,,,a,
ASN00082076,19761027,TMAX,182,,,a,
ASN00082076,19761028,TMAX,220,,,a,
ASN00082076,19761029,TMAX,218,,,a,
ASN00082076,19761030,TMAX,222,,,a,
ASN00082076,19761031,TMAX,237,,,a,
ASN00082076,19761001,TMIN,80,,,a,
ASN00082076,19761002,TMIN,45,,,a,
ASN00082076,19761003,TMIN,95,,,a,
ASN00082076,19761004,TMIN,109,,,a,
ASN00082076,19761005,TMIN,118,,,a,
ASN00082076,19761006,TMIN,99,,,a,
ASN00082076,19761007,TMIN,64,,,a,
ASN00082076,19761008,TMIN,52,,,a,
ASN00082076,19761011,TMIN,26,,,a,
ASN00082076,19761012,TMIN,46,,,a,
ASN00082076,19761013,TMIN,69,,,a,
ASN00082076,19761014,TMIN,91,,,a,
ASN00082076,19761015,TMIN,98,,,a,
ASN00082076,19761018,TMIN,58,,,a,
ASN00082076,19761019,TMIN,68,,,a,
ASN00082076,19761020,TMIN,27,,,a,
ASN00082076,19761021,TMIN,49,,,a,
ASN00082076,19761022,TMIN,62,,,a,
ASN00082076,19761023,TMIN,51,,,a,
ASN00082076,19761024,TMIN,75,,,a,
ASN00082076,19761025,TMIN,76,,,a,
ASN00082076,19761026,TMIN,86,,,a,
ASN00082076,19761027,TMIN,46,,,a,
ASN00082076,19761028,TMIN,68,,,a,
ASN00082076,19761029,TMIN,52,,,a,
ASN00082076,19761030,TMIN,50,,,a,
ASN00082076,19761031,TMIN,65,,,a,
ASN00082076,19761001,PRCP,8,,,a,
ASN00082076,19761002,PRCP,0,,,a,
ASN00082076,19761003,PRCP,172,,,a,
ASN00082076,19761004,PRCP,196,,,a,
ASN00082076,19761005,PRCP,310,,,a,
ASN00082076,19761006,PRCP,76,,,a,
ASN00082076,19761007,PRCP,94,,,a,
ASN00082076,19761008,PRCP,2,,,a,
ASN00082076,19761009,PRCP,0,,,a,
ASN00082076,19761010,PRCP,21,,,a,
ASN00082076,19761011,PRCP,0,,,a,
ASN00082076,19761012,PRCP,0,,,a,
ASN00082076,19761013,PRCP,3,,,a,
ASN00082076,19761014,PRCP,66,,,a,
ASN00082076,19761015,PRCP,71,,,a,
ASN00082076,19761018,PRCP,0,,,a,
ASN00082076,19761019,PRCP,0,,,a,
ASN00082076,19761020,PRCP,0,,,a,
ASN00082076,19761021,PRCP,0,,,a,
ASN00082076,19761022,PRCP,50,,,a,
ASN00082076,19761023,PRCP,0,,,a,
ASN00082076,19761024,PRCP,0,,,a,
ASN00082076,19761025,PRCP,2,,,a,
ASN00082076,19761026,PRCP,0,,,a,
ASN00082076,19761027,PRCP,18,,,a,
ASN00082076,19761028,PRCP,0,,,a,
ASN00082076,19761029,PRCP,0,,,a,
ASN00082076,19761030,PRCP,0,,,a,
ASN00082076,19761031,PRCP,0,,,a,
ASN00082076,19761017,DAPR,2,,,a,
ASN00082076,19761017,DWPR,2,,,a,
ASN00082076,19761017,MDPR,302,,,a,
ASN00082076,19761101,TMAX,238,,,a,
ASN00082076,19761102,TMAX,248,,,a,
ASN00082076,19761103,TMAX,157,,,a,
ASN00082076,19761104,TMAX,175,,,a,
ASN00082076,19761105,TMAX,200,,,a,
ASN00082076,19761106,TMAX,205,,,a,
ASN00082076,19761107,TMAX,206,,,a,
ASN00082076,19761108,TMAX,240,,,a,
ASN00082076,19761109,TMAX,257,,,a,
ASN00082076,19761110,TMAX,277,,,a,
ASN00082076,19761111,TMAX,289,,,a,
ASN00082076,19761112,TMAX,289,,,a,
ASN00082076,19761113,TMAX,232,,,a,
ASN00082076,19761114,TMAX,253,,,a,
ASN00082076,19761115,TMAX,195,,,a,
ASN00082076,19761116,TMAX,192,,,a,
ASN00082076,19761117,TMAX,182,,,a,
ASN00082076,19761118,TMAX,148,,,a,
ASN00082076,19761119,TMAX,197,,,a,
ASN00082076,19761120,TMAX,217,,,a,
ASN00082076,19761121,TMAX,187,,,a,
ASN00082076,19761122,TMAX,192,,,a,
ASN00082076,19761123,TMAX,216,,,a,
ASN00082076,19761124,TMAX,234,,,a,
ASN00082076,19761125,TMAX,253,,,a,
ASN00082076,19761126,TMAX,203,,,a,
ASN00082076,19761127,TMAX,245,,,a,
ASN00082076,19761128,TMAX,241,,,a,
ASN00082076,19761129,TMAX,273,,,a,
ASN00082076,19761130,TMAX,190,,,a,
ASN00082076,19761101,TMIN,85,,,a,
ASN00082076,19761102,TMIN,130,,,a,
ASN00082076,19761103,TMIN,55,,,a,
ASN00082076,19761104,TMIN,67,,,a,
ASN00082076,19761105,TMIN,32,,,a,
ASN00082076,19761106,TMIN,58,,,a,
ASN00082076,19761107,TMIN,50,,,a,
ASN00082076,19761108,TMIN,48,,,a,
ASN00082076,19761109,TMIN,72,,,a,
ASN00082076,19761110,TMIN,137,,,a,
ASN00082076,19761111,TMIN,127,,,a,
ASN00082076,19761112,TMIN,137,,,a,
ASN00082076,19761113,TMIN,132,,,a,
ASN00082076,19761114,TMIN,130,,,a,
ASN00082076,19761115,TMIN,110,,,a,
ASN00082076,19761116,TMIN,50,,,a,
ASN00082076,19761117,TMIN,25,,,a,
ASN00082076,19761118,TMIN,35,,,a,
ASN00082076,19761119,TMIN,23,,,a,
ASN00082076,19761120,TMIN,57,,,a,
ASN00082076,19761121,TMIN,127,,,a,
ASN00082076,19761122,TMIN,90,,,a,
ASN00082076,19761123,TMIN,42,,,a,
ASN00082076,19761124,TMIN,48,,,a,
ASN00082076,19761125,TMIN,103,,,a,
ASN00082076,19761126,TMIN,113,,,a,
ASN00082076,19761127,TMIN,115,,,a,
ASN00082076,19761128,TMIN,125,,,a,
ASN00082076,19761129,TMIN,83,,,a,
ASN00082076,19761130,TMIN,121,,,a,
ASN00082076,19761101,PRCP,0,,,a,
ASN00082076,19761102,PRCP,72,,,a,
ASN00082076,19761103,PRCP,126,,,a,
ASN00082076,19761104,PRCP,48,,,a,
ASN00082076,19761105,PRCP,0,,,a,
ASN00082076,19761106,PRCP,0,,,a,
ASN00082076,19761107,PRCP,0,,,a,
ASN00082076,19761108,PRCP,0,,,a,
ASN00082076,19761109,PRCP,0,,,a,
ASN00082076,19761110,PRCP,0,,,a,
ASN00082076,19761111,PRCP,0,,,a,
ASN00082076,19761112,PRCP,0,,,a,
ASN00082076,19761113,PRCP,8,,,a,
ASN00082076,19761114,PRCP,54,,,a,
ASN00082076,19761115,PRCP,42,,,a,
ASN00082076,19761116,PRCP,41,,,a,
ASN00082076,19761117,PRCP,7,,,a,
ASN00082076,19761118,PRCP,14,,,a,
ASN00082076,19761119,PRCP,0,,,a,
ASN00082076,19761120,PRCP,0,,,a,
ASN00082076,19761121,PRCP,0,,,a,
ASN00082076,19761122,PRCP,88,,,a,
ASN00082076,19761123,PRCP,122,,,a,
ASN00082076,19761124,PRCP,0,,,a,
ASN00082076,19761125,PRCP,0,,,a,
ASN00082076,19761126,PRCP,195,,,a,
ASN00082076,19761127,PRCP,43,,,a,
ASN00082076,19761128,PRCP,0,,,a,
ASN00082076,19761129,PRCP,0,,,a,
ASN00082076,19761130,PRCP,152,,,a,
ASN00082076,19761201,TMAX,220,,,a,
ASN00082076,19761202,TMAX,232,,,a,
ASN00082076,19761203,TMAX,255,,,a,
ASN00082076,19761204,TMAX,170,,,a,
ASN00082076,19761205,TMAX,213,,,a,
ASN00082076,19761206,TMAX,282,,,a,
ASN00082076,19761207,TMAX,257,,,a,
ASN00082076,19761208,TMAX,270,,,a,
ASN00082076,19761209,TMAX,203,,,a,
ASN00082076,19761210,TMAX,276,,,a,
ASN00082076,19761211,TMAX,265,,,a,
ASN00082076,19761212,TMAX,205,,,a,
ASN00082076,19761213,TMAX,219,,,a,
ASN00082076,19761214,TMAX,292,,,a,
ASN00082076,19761215,TMAX,196,,,a,
ASN00082076,19761216,TMAX,177,,,a,
ASN00082076,19761217,TMAX,198,,,a,
ASN00082076,19761218,TMAX,203,,,a,
ASN00082076,19761219,TMAX,246,,,a,
ASN00082076,19761220,TMAX,282,,,a,
ASN00082076,19761221,TMAX,324,,,a,
ASN00082076,19761222,TMAX,334,,,a,
ASN00082076,19761223,TMAX,219,,,a,
ASN00082076,19761228,TMAX,272,,,a,
ASN00082076,19761229,TMAX,285,,,a,
ASN00082076,19761230,TMAX,310,,,a,
ASN00082076,19761201,TMIN,75,,,a,
ASN00082076,19761202,TMIN,67,,,a,
ASN00082076,19761203,TMIN,72,,,a,
ASN00082076,19761204,TMIN,90,,,a,
ASN00082076,19761205,TMIN,30,,,a,
ASN00082076,19761206,TMIN,50,,,a,
ASN00082076,19761207,TMIN,110,,,a,
ASN00082076,19761208,TMIN,77,,,a,
ASN00082076,19761209,TMIN,75,,,a,
ASN00082076,19761210,TMIN,116,,,a,
ASN00082076,19761211,TMIN,113,,,a,
ASN00082076,19761212,TMIN,108,,,a,
ASN00082076,19761213,TMIN,47,,,a,
ASN00082076,19761214,TMIN,64,,,a,
ASN00082076,19761215,TMIN,143,,,a,
ASN00082076,19761216,TMIN,103,,,a,
ASN00082076,19761217,TMIN,89,,,a,
ASN00082076,19761218,TMIN,67,,,a,
ASN00082076,19761219,TMIN,38,,,a,
ASN00082076,19761220,TMIN,80,,,a,
ASN00082076,19761221,TMIN,98,,,a,
ASN00082076,19761222,TMIN,130,,,a,
ASN00082076,19761223,TMIN,164,,,a,
ASN00082076,19761224,TMIN,133,,,a,
ASN00082076,19761229,TMIN,81,,,a,
ASN00082076,19761230,TMIN,112,,,a,
ASN00082076,19761231,TMIN,113,,,a,
ASN00082076,19761201,PRCP,0,,,a,
ASN00082076,19761202,PRCP,0,,,a,
ASN00082076,19761203,PRCP,0,,,a,
ASN00082076,19761204,PRCP,4,,,a,
ASN00082076,19761205,PRCP,8,,,a,
ASN00082076,19761206,PRCP,0,,,a,
ASN00082076,19761207,PRCP,55,,,a,
ASN00082076,19761208,PRCP,0,,,a,
ASN00082076,19761209,PRCP,0,,,a,
ASN00082076,19761210,PRCP,115,,,a,
ASN00082076,19761211,PRCP,0,,,a,
ASN00082076,19761212,PRCP,22,,,a,
ASN00082076,19761213,PRCP,0,,,a,
ASN00082076,19761214,PRCP,0,,,a,
ASN00082076,19761215,PRCP,0,,,a,
ASN00082076,19761216,PRCP,344,,,a,
ASN00082076,19761217,PRCP,10,,,a,
ASN00082076,19761218,PRCP,0,,,a,
ASN00082076,19761219,PRCP,0,,,a,
ASN00082076,19761220,PRCP,0,,,a,
ASN00082076,19761221,PRCP,0,,,a,
ASN00082076,19761222,PRCP,0,,,a,
ASN00082076,19761223,PRCP,8,,,a,
ASN00082076,19761224,PRCP,190,,,a,
ASN00082076,19761225,PRCP,0,,,a,
ASN00082076,19761226,PRCP,0,,,a,
ASN00082076,19761227,PRCP,0,,,a,
ASN00082076,19761228,PRCP,0,,,a,
ASN00082076,19761229,PRCP,0,,,a,
ASN00082076,19761230,PRCP,0,,,a,
ASN00082076,19761231,PRCP,0,,,a,
ASN00082076,19770103,TMAX,326,,,a,
ASN00082076,19770104,TMAX,239,,,a,
ASN00082076,19770105,TMAX,249,,,a,
ASN00082076,19770106,TMAX,299,,,a,
ASN00082076,19770107,TMAX,327,,,a,
ASN00082076,19770108,TMAX,335,,,a,
ASN00082076,19770109,TMAX,347,,,a,
ASN00082076,19770110,TMAX,315,,,a,
ASN00082076,19770111,TMAX,319,,,a,
ASN00082076,19770112,TMAX,320,,,a,
ASN00082076,19770113,TMAX,285,,,a,
ASN00082076,19770114,TMAX,283,,,a,
ASN00082076,19770115,TMAX,241,,,a,
ASN00082076,19770116,TMAX,293,,,a,
ASN00082076,19770117,TMAX,235,,,a,
ASN00082076,19770118,TMAX,234,,,a,
ASN00082076,19770119,TMAX,270,,,a,
ASN00082076,19770120,TMAX,301,,,a,
ASN00082076,19770121,TMAX,286,,,a,
ASN00082076,19770122,TMAX,267,,,a,
ASN00082076,19770123,TMAX,258,,,a,
ASN00082076,19770124,TMAX,257,,,a,
ASN00082076,19770125,TMAX,282,,,a,
ASN00082076,19770126,TMAX,292,,,a,
ASN00082076,19770127,TMAX,304,,,a,
ASN00082076,19770128,TMAX,327,,,a,
ASN00082076,19770129,TMAX,357,,,a,
ASN00082076,19770130,TMAX,323,,,a,
ASN00082076,19770131,TMAX,336,,,a,
ASN00082076,19770104,TMIN,64,,,a,
ASN00082076,19770105,TMIN,112,,,a,
ASN00082076,19770106,TMIN,101,,,a,
ASN00082076,19770107,TMIN,108,,,a,
ASN00082076,19770108,TMIN,128,,,a,
ASN00082076,19770109,TMIN,147,,,a,
ASN00082076,19770110,TMIN,158,,,a,
ASN00082076,19770111,TMIN,155,,,a,
ASN00082076,19770112,TMIN,123,,,a,
ASN00082076,19770113,TMIN,141,,,a,
ASN00082076,19770114,TMIN,190,,,a,
ASN00082076,19770115,TMIN,185,,,a,
ASN00082076,19770116,TMIN,125,,,a,
ASN00082076,19770117,TMIN,120,,,a,
ASN00082076,19770118,TMIN,132,,,a,
ASN00082076,19770119,TMIN,115,,,a,
ASN00082076,19770120,TMIN,90,,,a,
ASN00082076,19770121,TMIN,130,,,a,
ASN00082076,19770122,TMIN,100,,,a,
ASN00082076,19770123,TMIN,85,,,a,
ASN00082076,19770124,TMIN,86,,,a,
ASN00082076,19770125,TMIN,92,,,a,
ASN00082076,19770126,TMIN,147,,,a,
ASN00082076,19770127,TMIN,113,,,a,
ASN00082076,19770128,TMIN,110,,,a,
ASN00082076,19770129,TMIN,110,,,a,
ASN00082076,19770130,TMIN,110,,,a,
ASN00082076,19770131,TMIN,125,,,a,
ASN00082076,19770103,PRCP,0,,,a,
ASN00082076,19770104,PRCP,0,,,a,
ASN00082076,19770105,PRCP,0,,,a,
ASN00082076,19770106,PRCP,0,,,a,
ASN00082076,19770107,PRCP,0,,,a,
ASN00082076,19770108,PRCP,0,,,a,
ASN00082076,19770109,PRCP,0,,,a,
ASN00082076,19770110,PRCP,0,,,a,
ASN00082076,19770111,PRCP,0,,,a,
ASN00082076,19770112,PRCP,0,,,a,
ASN00082076,19770113,PRCP,0,,,a,
ASN00082076,19770114,PRCP,26,,,a,
ASN00082076,19770115,PRCP,246,,,a,
ASN00082076,19770116,PRCP,74,,,a,
ASN00082076,19770117,PRCP,0,,,a,
ASN00082076,19770118,PRCP,6,,,a,
ASN00082076,19770119,PRCP,0,,,a,
ASN00082076,19770120,PRCP,0,,,a,
ASN00082076,19770121,PRCP,0,,,a,
ASN00082076,19770122,PRCP,0,,,a,
ASN00082076,19770123,PRCP,0,,,a,
ASN00082076,19770124,PRCP,0,,,a,
ASN00082076,19770125,PRCP,0,,,a,
ASN00082076,19770126,PRCP,0,,,a,
ASN00082076,19770127,PRCP,0,,,a,
ASN00082076,19770128,PRCP,0,,,a,
ASN00082076,19770129,PRCP,0,,,a,
ASN00082076,19770130,PRCP,0,,,a,
ASN00082076,19770131,PRCP,0,,,a,
ASN00082076,19770102,DAPR,2,,,a,
ASN00082076,19770102,DWPR,2,,,a,
ASN00082076,19770102,MDPR,151,,,a,
ASN00082076,19770201,TMAX,314,,,a,
ASN00082076,19770202,TMAX,277,,,a,
ASN00082076,19770203,TMAX,318,,,a,
ASN00082076,19770204,TMAX,326,,,a,
ASN00082076,19770205,TMAX,287,,,a,
ASN00082076,19770206,TMAX,201,,,a,
ASN00082076,19770207,TMAX,287,,,a,
ASN00082076,19770208,TMAX,296,,,a,
ASN00082076,19770209,TMAX,333,,,a,
ASN00082076,19770210,TMAX,344,,,a,
ASN00082076,19770211,TMAX,346,,,a,
ASN00082076,19770212,TMAX,333,,,a,
ASN00082076,19770213,TMAX,327,,,a,
ASN00082076,19770214,TMAX,345,,,a,
ASN00082076,19770215,TMAX,357,,,a,
ASN00082076,19770216,TMAX,358,,,a,
ASN00082076,19770217,TMAX,373,,,a,
ASN00082076,19770218,TMAX,319,,,a,
ASN00082076,19770219,TMAX,293,,,a,
ASN00082076,19770220,TMAX,283,,,a,
ASN00082076,19770221,TMAX,292,,,a,
ASN00082076,19770222,TMAX,212,,,a,
ASN00082076,19770223,TMAX,273,,,a,
ASN00082076,19770224,TMAX,250,,,a,
ASN00082076,19770225,TMAX,240,,,a,
ASN00082076,19770226,TMAX,246,,,a,
ASN00082076,19770227,TMAX,270,,,a,
ASN00082076,19770228,TMAX,258,,,a,
ASN00082076,19770201,TMIN,115,,,a,
ASN00082076,19770202,TMIN,113,,,a,
ASN00082076,19770203,TMIN,95,,,a,
ASN00082076,19770204,TMIN,116,,,a,
ASN00082076,19770205,TMIN,143,,,a,
ASN00082076,19770206,TMIN,148,,,a,
ASN00082076,19770207,TMIN,140,,,a,
ASN00082076,19770208,TMIN,140,,,a,
ASN00082076,19770209,TMIN,132,,,a,
ASN00082076,19770210,TMIN,155,,,a,
ASN00082076,19770211,TMIN,118,,,a,
ASN00082076,19770212,TMIN,162,,,a,
ASN00082076,19770213,TMIN,175,,,a,
ASN00082076,19770214,TMIN,71,,,a,
ASN00082076,19770215,TMIN,176,,,a,
ASN00082076,19770216,TMIN,56,,,a,
ASN00082076,19770217,TMIN,138,,,a,
ASN00082076,19770218,TMIN,73,,,a,
ASN00082076,19770219,TMIN,110,,,a,
ASN00082076,19770220,TMIN,120,,,a,
ASN00082076,19770221,TMIN,132,,,a,
ASN00082076,19770222,TMIN,162,,,a,
ASN00082076,19770223,TMIN,160,,,a,
ASN00082076,19770224,TMIN,184,,,a,
ASN00082076,19770225,TMIN,165,,,a,
ASN00082076,19770226,TMIN,130,,,a,
ASN00082076,19770227,TMIN,103,,,a,
ASN00082076,19770228,TMIN,139,,,a,
ASN00082076,19770201,PRCP,0,,,a,
ASN00082076,19770202,PRCP,0,,,a,
ASN00082076,19770203,PRCP,0,,,a,
ASN00082076,19770204,PRCP,0,,,a,
ASN00082076,19770205,PRCP,0,,,a,
ASN00082076,19770206,PRCP,198,,,a,
ASN00082076,19770207,PRCP,0,,,a,
ASN00082076,19770208,PRCP,0,,,a,
ASN00082076,19770209,PRCP,0,,,a,
ASN00082076,19770210,PRCP,0,,,a,
ASN00082076,19770211,PRCP,0,,,a,
ASN00082076,19770212,PRCP,0,,,a,
ASN00082076,19770213,PRCP,0,,,a,
ASN00082076,19770214,PRCP,0,,,a,
ASN00082076,19770215,PRCP,20,,,a,
ASN00082076,19770216,PRCP,0,,,a,
ASN00082076,19770217,PRCP,0,,,a,
ASN00082076,19770218,PRCP,0,,,a,
ASN00082076,19770219,PRCP,12,,,a,
ASN00082076,19770220,PRCP,0,,,a,
ASN00082076,19770221,PRCP,0,,,a,
ASN00082076,19770222,PRCP,0,,,a,
ASN00082076,19770223,PRCP,87,,,a,
ASN00082076,19770224,PRCP,0,,,a,
ASN00082076,19770225,PRCP,456,,,a,
ASN00082076,19770226,PRCP,77,,,a,
ASN00082076,19770227,PRCP,0,,,a,
ASN00082076,19770228,PRCP,0,,,a,
ASN00082076,19770301,TMAX,223,,,a,
ASN00082076,19770302,TMAX,268,,,a,
ASN00082076,19770303,TMAX,297,,,a,
ASN00082076,19770306,TMAX,295,,,a,
ASN00082076,19770307,TMAX,233,,,a,
ASN00082076,19770308,TMAX,279,,,a,
ASN00082076,19770309,TMAX,292,,,a,
ASN00082076,19770310,TMAX,305,,,a,
ASN00082076,19770311,TMAX,283,,,a,
ASN00082076,19770314,TMAX,295,,,a,
ASN00082076,19770315,TMAX,222,,,a,
ASN00082076,19770316,TMAX,214,,,a,
ASN00082076,19770317,TMAX,224,,,a,
ASN00082076,19770318,TMAX,238,,,a,
ASN00082076,19770319,TMAX,242,,,a,
ASN00082076,19770320,TMAX,235,,,a,
ASN00082076,19770321,TMAX,240,,,a,
ASN00082076,19770322,TMAX,246,,,a,
ASN00082076,19770323,TMAX,246,,,a,
ASN00082076,19770324,TMAX,196,,,a,
ASN00082076,19770325,TMAX,223,,,a,
ASN00082076,19770326,TMAX,155,,,a,
ASN00082076,19770327,TMAX,180,,,a,
ASN00082076,19770328,TMAX,190,,,a,
ASN00082076,19770329,TMAX,195,,,a,
ASN00082076,19770330,TMAX,214,,,a,
ASN00082076,19770331,TMAX,210,,,a,
ASN00082076,19770301,TMIN,141,,,a,
ASN00082076,19770302,TMIN,74,,,a,
ASN00082076,19770303,TMIN,92,,,a,
ASN00082076,19770304,TMIN,125,,,a,
ASN00082076,19770307,TMIN,125,,,a,
ASN00082076,19770308,TMIN,97,,,a,
ASN00082076,19770309,TMIN,109,,,a,
ASN00082076,19770310,TMIN,125,,,a,
ASN00082076,19770311,TMIN,139,,,a,
ASN00082076,19770312,TMIN,155,,,a,
ASN00082076,19770315,TMIN,46,,,a,
ASN00082076,19770316,TMIN,56,,,a,
ASN00082076,19770317,TMIN,50,,,a,
ASN00082076,19770318,TMIN,67,,,a,
ASN00082076,19770319,TMIN,103,,,a,
ASN00082076,19770320,TMIN,95,,,a,
ASN00082076,19770321,TMIN,80,,,a,
ASN00082076,19770322,TMIN,64,,,a,
ASN00082076,19770323,TMIN,90,,,a,
ASN00082076,19770324,TMIN,75,,,a,
ASN00082076,19770325,TMIN,92,,,a,
ASN00082076,19770326,TMIN,135,,,a,
ASN00082076,19770327,TMIN,111,,,a,
ASN00082076,19770328,TMIN,113,,,a,
ASN00082076,19770329,TMIN,88,,,a,
ASN00082076,19770330,TMIN,90,,,a,
ASN00082076,19770331,TMIN,103,,,a,
ASN00082076,19770301,PRCP,75,,,a,
ASN00082076,19770302,PRCP,0,,,a,
ASN00082076,19770303,PRCP,0,,,a,
ASN00082076,19770304,PRCP,73,,,a,
ASN00082076,19770305,PRCP,133,,,a,
ASN00082076,19770306,PRCP,0,,,a,
ASN00082076,19770307,PRCP,0,,,a,
ASN00082076,19770308,PRCP,0,,,a,
ASN00082076,19770309,PRCP,0,,,a,
ASN00082076,19770310,PRCP,0,,,a,
ASN00082076,19770311,PRCP,0,,,a,
ASN00082076,19770312,PRCP,34,,,a,
ASN00082076,19770313,PRCP,0,,,a,
ASN00082076,19770314,PRCP,0,,,a,
ASN00082076,19770315,PRCP,248,,,a,
ASN00082076,19770316,PRCP,215,,,a,
ASN00082076,19770317,PRCP,0,,,a,
ASN00082076,19770318,PRCP,0,,,a,
ASN00082076,19770319,PRCP,0,,,a,
ASN00082076,19770320,PRCP,0,,,a,
ASN00082076,19770321,PRCP,0,,,a,
ASN00082076,19770322,PRCP,0,,,a,
ASN00082076,19770323,PRCP,0,,,a,
ASN00082076,19770324,PRCP,0,,,a,
ASN00082076,19770325,PRCP,3,,,a,
ASN00082076,19770326,PRCP,108,,,a,
ASN00082076,19770327,PRCP,154,,,a,
ASN00082076,19770328,PRCP,10,,,a,
ASN00082076,19770329,PRCP,0,,,a,
ASN00082076,19770330,PRCP,0,,,a,
ASN00082076,19770331,PRCP,134,,,a,
ASN00082076,19770401,TMAX,207,,,a,
ASN00082076,19770402,TMAX,210,,,a,
ASN00082076,19770403,TMAX,232,,,a,
ASN00082076,19770404,TMAX,238,,,a,
ASN00082076,19770405,TMAX,263,,,a,
ASN00082076,19770406,TMAX,224,,,a,
ASN00082076,19770411,TMAX,200,,,a,
ASN00082076,19770412,TMAX,215,,,a,
ASN00082076,19770413,TMAX,208,,,a,
ASN00082076,19770414,TMAX,205,,,a,
ASN00082076,19770415,TMAX,192,,,a,
ASN00082076,19770416,TMAX,190,,,a,
ASN00082076,19770417,TMAX,190,,,a,
ASN00082076,19770418,TMAX,178,,,a,
ASN00082076,19770419,TMAX,200,,,a,
ASN00082076,19770420,TMAX,213,,,a,
ASN00082076,19770421,TMAX,213,,,a,
ASN00082076,19770422,TMAX,205,,,a,
ASN00082076,19770423,TMAX,200,,,a,
ASN00082076,19770425,TMAX,181,,,a,
ASN00082076,19770426,TMAX,176,,,a,
ASN00082076,19770427,TMAX,193,,,a,
ASN00082076,19770428,TMAX,188,,,a,
ASN00082076,19770429,TMAX,160,,,a,
ASN00082076,19770430,TMAX,162,,,a,
ASN00082076,19770401,TMIN,61,,,a,
ASN00082076,19770402,TMIN,55,,,a,
ASN00082076,19770403,TMIN,44,,,a,
ASN00082076,19770404,TMIN,59,,,a,
ASN00082076,19770405,TMIN,68,,,a,
ASN00082076,19770406,TMIN,93,,,a,
ASN00082076,19770407,TMIN,126,,,a,
ASN00082076,19770412,TMIN,10,,,a,
ASN00082076,19770413,TMIN,35,,,a,
ASN00082076,19770414,TMIN,36,,,a,
ASN00082076,19770415,TMIN,24,,,a,
ASN00082076,19770416,TMIN,27,,,a,
ASN00082076,19770417,TMIN,42,,,a,
ASN00082076,19770418,TMIN,49,,,a,
ASN00082076,19770419,TMIN,22,,,a,
ASN00082076,19770420,TMIN,43,,,a,
ASN00082076,19770421,TMIN,43,,,a,
ASN00082076,19770422,TMIN,47,,,a,
ASN00082076,19770423,TMIN,38,,,a,
ASN00082076,19770424,TMIN,27,,,a,
ASN00082076,19770426,TMIN,15,,,a,
ASN00082076,19770427,TMIN,12,,,a,
ASN00082076,19770428,TMIN,37,,,a,
ASN00082076,19770429,TMIN,48,,,a,
ASN00082076,19770430,TMIN,-8,,,a,
ASN00082076,19770401,PRCP,48,,,a,
ASN00082076,19770402,PRCP,0,,,a,
ASN00082076,19770403,PRCP,0,,,a,
ASN00082076,19770404,PRCP,0,,,a,
ASN00082076,19770405,PRCP,0,,,a,
ASN00082076,19770406,PRCP,0,,,a,
ASN00082076,19770407,PRCP,60,,,a,
ASN00082076,19770408,PRCP,156,,,a,
ASN00082076,19770409,PRCP,44,,,a,
ASN00082076,19770410,PRCP,0,,,a,
ASN00082076,19770411,PRCP,0,,,a,
ASN00082076,19770412,PRCP,0,,,a,
ASN00082076,19770413,PRCP,2,,,a,
ASN00082076,19770414,PRCP,0,,,a,
ASN00082076,19770415,PRCP,0,,,a,
ASN00082076,19770416,PRCP,0,,,a,
ASN00082076,19770417,PRCP,0,,,a,
ASN00082076,19770418,PRCP,0,,,a,
ASN00082076,19770419,PRCP,0,,,a,
ASN00082076,19770420,PRCP,0,,,a,
ASN00082076,19770421,PRCP,0,,,a,
ASN00082076,19770422,PRCP,0,,,a,
ASN00082076,19770423,PRCP,0,,,a,
ASN00082076,19770424,PRCP,0,,,a,
ASN00082076,19770425,PRCP,0,,,a,
ASN00082076,19770426,PRCP,0,,,a,
ASN00082076,19770427,PRCP,0,,,a,
ASN00082076,19770428,PRCP,0,,,a,
ASN00082076,19770429,PRCP,0,,,a,
ASN00082076,19770430,PRCP,0,,,a,
ASN00082076,19770501,TMAX,171,,,a,
ASN00082076,19770502,TMAX,183,,,a,
ASN00082076,19770503,TMAX,190,,,a,
ASN00082076,19770504,TMAX,195,,,a,
ASN00082076,19770505,TMAX,137,,,a,
ASN00082076,19770512,TMAX,191,,,a,
ASN00082076,19770513,TMAX,130,,,a,
ASN00082076,19770514,TMAX,173,,,a,
ASN00082076,19770515,TMAX,162,,,a,
ASN00082076,19770516,TMAX,167,,,a,
ASN00082076,19770517,TMAX,177,,,a,
ASN00082076,19770518,TMAX,175,,,a,
ASN00082076,19770519,TMAX,166,,,a,
ASN00082076,19770520,TMAX,150,,,a,
ASN00082076,19770521,TMAX,96,,,a,
ASN00082076,19770522,TMAX,98,,,a,
ASN00082076,19770523,TMAX,117,,,a,
ASN00082076,19770524,TMAX,122,,,a,
ASN00082076,19770525,TMAX,154,,,a,
ASN00082076,19770526,TMAX,158,,,a,
ASN00082076,19770527,TMAX,95,,,a,
ASN00082076,19770528,TMAX,143,,,a,
ASN00082076,19770529,TMAX,108,,,a,
ASN00082076,19770530,TMAX,81,,,a,
ASN00082076,19770531,TMAX,45,,,a,
ASN00082076,19770501,TMIN,14,,,a,
ASN00082076,19770502,TMIN,4,,,a,
ASN00082076,19770503,TMIN,20,,,a,
ASN00082076,19770504,TMIN,17,,,a,
ASN00082076,19770505,TMIN,31,,,a,
ASN00082076,19770506,TMIN,77,,,a,
ASN00082076,19770513,TMIN,16,,,a,
ASN00082076,19770514,TMIN,69,,,a,
ASN00082076,19770515,TMIN,104,,,a,
ASN00082076,19770516,TMIN,80,,,a,
ASN00082076,19770517,TMIN,52,,,a,
ASN00082076,19770518,TMIN,85,,,a,
ASN00082076,19770519,TMIN,61,,,a,
ASN00082076,19770520,TMIN,81,,,a,
ASN00082076,19770521,TMIN,68,,,a,
ASN00082076,19770522,TMIN,51,,,a,
ASN00082076,19770523,TMIN,27,,,a,
ASN00082076,19770524,TMIN,60,,,a,
ASN00082076,19770525,TMIN,70,,,a,
ASN00082076,19770526,TMIN,46,,,a,
ASN00082076,19770527,TMIN,29,,,a,
ASN00082076,19770528,TMIN,41,,,a,
ASN00082076,19770529,TMIN,5,,,a,
ASN00082076,19770530,TMIN,11,,,a,
ASN00082076,19770531,TMIN,28,,,a,
ASN00082076,19770501,PRCP,0,,,a,
ASN00082076,19770502,PRCP,0,,,a,
ASN00082076,19770503,PRCP,0,,,a,
ASN00082076,19770504,PRCP,0,,,a,
ASN00082076,19770505,PRCP,0,,,a,
ASN00082076,19770506,PRCP,450,,,a,
ASN00082076,19770507,PRCP,0,,,a,
ASN00082076,19770508,PRCP,0,,,a,
ASN00082076,19770509,PRCP,0,,,a,
ASN00082076,19770510,PRCP,0,,,a,
ASN00082076,19770511,PRCP,4,,,a,
ASN00082076,19770512,PRCP,0,,,a,
ASN00082076,19770513,PRCP,0,,,a,
ASN00082076,19770514,PRCP,14,,,a,
ASN00082076,19770515,PRCP,0,,,a,
ASN00082076,19770516,PRCP,0,,,a,
ASN00082076,19770517,PRCP,0,,,a,
ASN00082076,19770518,PRCP,0,,,a,
ASN00082076,19770519,PRCP,0,,,a,
ASN00082076,19770520,PRCP,3,,,a,
ASN00082076,19770521,PRCP,134,,,a,
ASN00082076,19770522,PRCP,106,,,a,
ASN00082076,19770523,PRCP,8,,,a,
ASN00082076,19770524,PRCP,68,,,a,
ASN00082076,19770525,PRCP,138,,,a,
ASN00082076,19770526,PRCP,1,,,a,
ASN00082076,19770527,PRCP,1,,,a,
ASN00082076,19770528,PRCP,58,,,a,
ASN00082076,19770529,PRCP,4,,,a,
ASN00082076,19770530,PRCP,1,,,a,
ASN00082076,19770531,PRCP,262,,,a,
ASN00082076,19770601,TMAX,77,,,a,
ASN00082076,19770602,TMAX,126,,,a,
ASN00082076,19770605,TMAX,147,,,a,
ASN00082076,19770606,TMAX,161,,,a,
ASN00082076,19770607,TMAX,115,,,a,
ASN00082076,19770608,TMAX,125,,,a,
ASN00082076,19770609,TMAX,114,,,a,
ASN00082076,19770613,TMAX,135,,,a,
ASN00082076,19770614,TMAX,84,,,a,
ASN00082076,19770615,TMAX,97,,,a,
ASN00082076,19770616,TMAX,93,,,a,
ASN00082076,19770617,TMAX,123,,,a,
ASN00082076,19770618,TMAX,135,,,a,
ASN00082076,19770619,TMAX,157,,,a,
ASN00082076,19770620,TMAX,157,,,a,
ASN00082076,19770621,TMAX,143,,,a,
ASN00082076,19770622,TMAX,127,,,a,
ASN00082076,19770623,TMAX,148,,,a,
ASN00082076,19770624,TMAX,132,,,a,
ASN00082076,19770626,TMAX,131,,,a,
ASN00082076,19770627,TMAX,86,,,a,
ASN00082076,19770628,TMAX,93,,,a,
ASN00082076,19770629,TMAX,90,,,a,
ASN00082076,19770630,TMAX,94,,,a,
ASN00082076,19770601,TMIN,19,,,a,
ASN00082076,19770602,TMIN,35,,,a,
ASN00082076,19770603,TMIN,68,,,a,
ASN00082076,19770606,TMIN,5,,,a,
ASN00082076,19770607,TMIN,7,,,a,
ASN00082076,19770608,TMIN,21,,,a,
ASN00082076,19770609,TMIN,-5,,,a,
ASN00082076,19770610,TMIN,5,,,a,
ASN00082076,19770614,TMIN,7,,,a,
ASN00082076,19770615,TMIN,34,,,a,
ASN00082076,19770616,TMIN,58,,,a,
ASN00082076,19770617,TMIN,77,,,a,
ASN00082076,19770618,TMIN,68,,,a,
ASN00082076,19770619,TMIN,65,,,a,
ASN00082076,19770620,TMIN,36,,,a,
ASN00082076,19770621,TMIN,38,,,a,
ASN00082076,19770622,TMIN,-5,,,a,
ASN00082076,19770623,TMIN,18,,,a,
ASN00082076,19770624,TMIN,49,,,a,
ASN00082076,19770625,TMIN,65,,,a,
ASN00082076,19770627,TMIN,11,,,a,
ASN00082076,19770628,TMIN,7,,,a,
ASN00082076,19770629,TMIN,44,,,a,
ASN00082076,19770630,TMIN,34,,,a,
ASN00082076,19770601,PRCP,28,,,a,
ASN00082076,19770602,PRCP,1,,,a,
ASN00082076,19770603,PRCP,5,,,a,
ASN00082076,19770604,PRCP,5,,,a,
ASN00082076,19770605,PRCP,0,,,a,
ASN00082076,19770606,PRCP,0,,,a,
ASN00082076,19770607,PRCP,1,,,a,
ASN00082076,19770608,PRCP,58,,,a,
ASN00082076,19770609,PRCP,0,,,a,
ASN00082076,19770610,PRCP,0,,,a,
ASN00082076,19770611,PRCP,0,,,a,
ASN00082076,19770612,PRCP,0,,,a,
ASN00082076,19770613,PRCP,0,,,a,
ASN00082076,19770614,PRCP,0,,,a,
ASN00082076,19770615,PRCP,1,,,a,
ASN00082076,19770616,PRCP,118,,,a,
ASN00082076,19770617,PRCP,42,,,a,
ASN00082076,19770618,PRCP,194,,,a,
ASN00082076,19770619,PRCP,132,,,a,
ASN00082076,19770620,PRCP,0,,,a,
ASN00082076,19770621,PRCP,0,,,a,
ASN00082076,19770622,PRCP,0,,,a,
ASN00082076,19770623,PRCP,0,,,a,
ASN00082076,19770624,PRCP,14,,,a,
ASN00082076,19770625,PRCP,7,,,a,
ASN00082076,19770626,PRCP,26,,,a,
ASN00082076,19770627,PRCP,0,,,a,
ASN00082076,19770628,PRCP,48,,,a,
ASN00082076,19770629,PRCP,305,,,a,
ASN00082076,19770630,PRCP,164,,,a,
ASN00082076,19770701,TMAX,94,,,a,
ASN00082076,19770702,TMAX,112,,,a,
ASN00082076,19770703,TMAX,107,,,a,
ASN00082076,19770704,TMAX,122,,,a,
ASN00082076,19770705,TMAX,148,,,a,
ASN00082076,19770707,TMAX,154,,,a,
ASN00082076,19770709,TMAX,140,,,a,
ASN00082076,19770710,TMAX,110,,,a,
ASN00082076,19770711,TMAX,155,,,a,
ASN00082076,19770712,TMAX,136,,,a,
ASN00082076,19770713,TMAX,105,,,a,
ASN00082076,19770714,TMAX,66,,,a,
ASN00082076,19770715,TMAX,90,,,a,
ASN00082076,19770716,TMAX,136,,,a,
ASN00082076,19770717,TMAX,118,,,a,
ASN00082076,19770718,TMAX,131,,,a,
ASN00082076,19770719,TMAX,120,,,a,
ASN00082076,19770720,TMAX,113,,,a,
ASN00082076,19770721,TMAX,105,,,a,
ASN00082076,19770722,TMAX,139,,,a,
ASN00082076,19770723,TMAX,117,,,a,
ASN00082076,19770724,TMAX,63,,,a,
ASN00082076,19770725,TMAX,94,,,a,
ASN00082076,19770726,TMAX,78,,,a,
ASN00082076,19770727,TMAX,78,,,a,
ASN00082076,19770728,TMAX,86,,,a,
ASN00082076,19770729,TMAX,114,,,a,
ASN00082076,19770730,TMAX,111,,,a,
ASN00082076,19770731,TMAX,97,,,a,
ASN00082076,19770701,TMIN,-14,,,a,
ASN00082076,19770702,TMIN,-35,,,a,
ASN00082076,19770703,TMIN,-22,,,a,
ASN00082076,19770704,TMIN,-46,,,a,
ASN00082076,19770705,TMIN,-22,,,a,
ASN00082076,19770706,TMIN,-23,,,a,
ASN00082076,19770708,TMIN,14,,,a,
ASN00082076,19770710,TMIN,6,,,a,
ASN00082076,19770711,TMIN,-4,,,a,
ASN00082076,19770712,TMIN,11,,,a,
ASN00082076,19770713,TMIN,26,,,a,
ASN00082076,19770714,TMIN,36,,,a,
ASN00082076,19770715,TMIN,-15,,,a,
ASN00082076,19770716,TMIN,25,,,a,
ASN00082076,19770717,TMIN,-23,,,a,
ASN00082076,19770718,TMIN,-33,,,a,
ASN00082076,19770719,TMIN,-23,,,a,
ASN00082076,19770720,TMIN,-20,,,a,
ASN00082076,19770721,TMIN,-20,,,a,
ASN00082076,19770722,TMIN,-20,,,a,
ASN00082076,19770723,TMIN,4,,,a,
ASN00082076,19770724,TMIN,25,,,a,
ASN00082076,19770725,TMIN,41,,,a,
ASN00082076,19770726,TMIN,44,,,a,
ASN00082076,19770727,TMIN,0,,,a,
ASN00082076,19770728,TMIN,28,,,a,
ASN00082076,19770729,TMIN,12,,,a,
ASN00082076,19770730,TMIN,17,,,a,
ASN00082076,19770731,TMIN,19,,,a,
ASN00082076,19770701,PRCP,10,,,a,
ASN00082076,19770702,PRCP,2,,,a,
ASN00082076,19770703,PRCP,0,,,a,
ASN00082076,19770704,PRCP,0,,,a,
ASN00082076,19770705,PRCP,0,,,a,
ASN00082076,19770706,PRCP,0,,,a,
ASN00082076,19770707,PRCP,0,,,a,
ASN00082076,19770708,PRCP,0,,,a,
ASN00082076,19770709,PRCP,0,,,a,
ASN00082076,19770710,PRCP,0,,,a,
ASN00082076,19770711,PRCP,8,,,a,
ASN00082076,19770712,PRCP,0,,,a,
ASN00082076,19770713,PRCP,0,,,a,
ASN00082076,19770714,PRCP,56,,,a,
ASN00082076,19770715,PRCP,5,,,a,
ASN00082076,19770716,PRCP,0,,,a,
ASN00082076,19770717,PRCP,0,,,a,
ASN00082076,19770718,PRCP,1,,,a,
ASN00082076,19770719,PRCP,1,,,a,
ASN00082076,19770720,PRCP,1,,,a,
ASN00082076,19770721,PRCP,0,,,a,
ASN00082076,19770722,PRCP,0,,,a,
ASN00082076,19770723,PRCP,0,,,a,
ASN00082076,19770724,PRCP,70,,,a,
ASN00082076,19770725,PRCP,223,,,a,
ASN00082076,19770726,PRCP,102,,,a,
ASN00082076,19770727,PRCP,107,,,a,
ASN00082076,19770728,PRCP,24,,,a,
ASN00082076,19770729,PRCP,3,,,a,
ASN00082076,19770730,PRCP,2,,,a,
ASN00082076,19770731,PRCP,0,,,a,
ASN00082076,19770801,TMAX,94,,,a,
ASN00082076,19770807,TMAX,138,,,a,
ASN00082076,19770808,TMAX,127,,,a,
ASN00082076,19770809,TMAX,127,,,a,
ASN00082076,19770810,TMAX,162,,,a,
ASN00082076,19770811,TMAX,195,,,a,
ASN00082076,19770812,TMAX,132,,,a,
ASN00082076,19770813,TMAX,108,,,a,
ASN00082076,19770814,TMAX,125,,,a,
ASN00082076,19770815,TMAX,115,,,a,
ASN00082076,19770816,TMAX,150,,,a,
ASN00082076,19770817,TMAX,143,,,a,
ASN00082076,19770818,TMAX,158,,,a,
ASN00082076,19770819,TMAX,176,,,a,
ASN00082076,19770820,TMAX,178,,,a,
ASN00082076,19770821,TMAX,136,,,a,
ASN00082076,19770822,TMAX,143,,,a,
ASN00082076,19770823,TMAX,147,,,a,
ASN00082076,19770824,TMAX,194,,,a,
ASN00082076,19770825,TMAX,194,,,a,
ASN00082076,19770826,TMAX,200,,,a,
ASN00082076,19770827,TMAX,204,,,a,
ASN00082076,19770828,TMAX,188,,,a,
ASN00082076,19770829,TMAX,223,,,a,
ASN00082076,19770830,TMAX,155,,,a,
ASN00082076,19770831,TMAX,166,,,a,
ASN00082076,19770801,TMIN,34,,,a,
ASN00082076,19770802,TMIN,32,,,a,
ASN00082076,19770808,TMIN,7,,,a,
ASN00082076,19770809,TMIN,-7,,,a,
ASN00082076,19770810,TMIN,-6,,,a,
ASN00082076,19770811,TMIN,5,,,a,
ASN00082076,19770812,TMIN,17,,,a,
ASN00082076,19770813,TMIN,50,,,a,
ASN00082076,19770814,TMIN,-4,,,a,
ASN00082076,19770815,TMIN,4,,,a,
ASN00082076,19770816,TMIN,17,,,a,
ASN00082076,19770817,TMIN,12,,,a,
ASN00082076,19770818,TMIN,24,,,a,
ASN00082076,19770819,TMIN,14,,,a,
ASN00082076,19770820,TMIN,17,,,a,
ASN00082076,19770821,TMIN,56,,,a,
ASN00082076,19770822,TMIN,26,,,a,
ASN00082076,19770823,TMIN,6,,,a,
ASN00082076,19770824,TMIN,14,,,a,
ASN00082076,19770825,TMIN,28,,,a,
ASN00082076,19770826,TMIN,13,,,a,
ASN00082076,19770827,TMIN,25,,,a,
ASN00082076,19770828,TMIN,38,,,a,
ASN00082076,19770829,TMIN,38,,,a,
ASN00082076,19770830,TMIN,55,,,a,
ASN00082076,19770831,TMIN,79,,,a,
ASN00082076,19770801,PRCP,73,,,a,
ASN00082076,19770802,PRCP,18,,,a,
ASN00082076,19770803,PRCP,20,,,a,
ASN00082076,19770804,PRCP,95,,,a,
ASN00082076,19770805,PRCP,5,,,a,
ASN00082076,19770806,PRCP,0,,,a,
ASN00082076,19770807,PRCP,20,,,a,
ASN00082076,19770808,PRCP,5,,,a,
ASN00082076,19770809,PRCP,0,,,a,
ASN00082076,19770810,PRCP,0,,,a,
ASN00082076,19770811,PRCP,0,,,a,
ASN00082076,19770812,PRCP,152,,,a,
ASN00082076,19770813,PRCP,28,,,a,
ASN00082076,19770814,PRCP,71,,,a,
ASN00082076,19770815,PRCP,0,,,a,
ASN00082076,19770816,PRCP,0,,,a,
ASN00082076,19770817,PRCP,0,,,a,
ASN00082076,19770818,PRCP,0,,,a,
ASN00082076,19770819,PRCP,0,,,a,
ASN00082076,19770820,PRCP,0,,,a,
ASN00082076,19770821,PRCP,14,,,a,
ASN00082076,19770822,PRCP,92,,,a,
ASN00082076,19770823,PRCP,0,,,a,
ASN00082076,19770824,PRCP,0,,,a,
ASN00082076,19770825,PRCP,0,,,a,
ASN00082076,19770826,PRCP,0,,,a,
ASN00082076,19770827,PRCP,0,,,a,
ASN00082076,19770828,PRCP,0,,,a,
ASN00082076,19770829,PRCP,0,,,a,
ASN00082076,19770830,PRCP,0,,,a,
ASN00082076,19770831,PRCP,2,,,a,
ASN00082076,19770901,TMAX,136,,,a,
ASN00082076,19770902,TMAX,104,,,a,
ASN00082076,19770903,TMAX,138,,,a,
ASN00082076,19770904,TMAX,109,,,a,
ASN00082076,19770905,TMAX,135,,,a,
ASN00082076,19770906,TMAX,148,,,a,
ASN00082076,19770907,TMAX,142,,,a,
ASN00082076,19770908,TMAX,140,,,a,
ASN00082076,19770909,TMAX,146,,,a,
ASN00082076,19770910,TMAX,119,,,a,
ASN00082076,19770911,TMAX,151,,,a,
ASN00082076,19770912,TMAX,133,,,a,
ASN00082076,19770913,TMAX,104,,,a,
ASN00082076,19770914,TMAX,137,,,a,
ASN00082076,19770915,TMAX,152,,,a,
ASN00082076,19770916,TMAX,156,,,a,
ASN00082076,19770917,TMAX,160,,,a,
ASN00082076,19770918,TMAX,179,,,a,
ASN00082076,19770919,TMAX,174,,,a,
ASN00082076,19770920,TMAX,185,,,a,
ASN00082076,19770921,TMAX,187,,,a,
ASN00082076,19770922,TMAX,203,,,a,
ASN00082076,19770923,TMAX,188,,,a,
ASN00082076,19770924,TMAX,187,,,a,
ASN00082076,19770925,TMAX,197,,,a,
ASN00082076,19770926,TMAX,208,,,a,
ASN00082076,19770927,TMAX,219,,,a,
ASN00082076,19770928,TMAX,223,,,a,
ASN00082076,19770929,TMAX,239,,,a,
ASN00082076,19770930,TMAX,218,,,a,
ASN00082076,19770901,TMIN,84,,,a,
ASN00082076,19770902,TMIN,67,,,a,
ASN00082076,19770903,TMIN,75,,,a,
ASN00082076,19770904,TMIN,24,,,a,
ASN00082076,19770905,TMIN,-23,,,a,
ASN00082076,19770906,TMIN,-13,,,a,
ASN00082076,19770907,TMIN,28,,,a,
ASN00082076,19770908,TMIN,10,,,a,
ASN00082076,19770909,TMIN,-4,,,a,
ASN00082076,19770910,TMIN,46,,,a,
ASN00082076,19770911,TMIN,57,,,a,
ASN00082076,19770912,TMIN,10,,,a,
ASN00082076,19770913,TMIN,33,,,a,
ASN00082076,19770914,TMIN,11,,,a,
ASN00082076,19770915,TMIN,6,,,a,
ASN00082076,19770916,TMIN,-6,,,a,
ASN00082076,19770917,TMIN,-2,,,a,
ASN00082076,19770918,TMIN,10,,,a,
ASN00082076,19770919,TMIN,66,,,a,
ASN00082076,19770920,TMIN,1,,,a,
ASN00082076,19770921,TMIN,6,,,a,
ASN00082076,19770922,TMIN,17,,,a,
ASN00082076,19770923,TMIN,61,,,a,
ASN00082076,19770924,TMIN,54,,,a,
ASN00082076,19770925,TMIN,6,,,a,
ASN00082076,19770926,TMIN,13,,,a,
ASN00082076,19770927,TMIN,58,,,a,
ASN00082076,19770928,TMIN,45,,,a,
ASN00082076,19770929,TMIN,87,,,a,
ASN00082076,19770930,TMIN,105,,,a,
ASN00082076,19770901,PRCP,0,,,a,
ASN00082076,19770902,PRCP,28,,,a,
ASN00082076,19770903,PRCP,98,,,a,
ASN00082076,19770904,PRCP,56,,,a,
ASN00082076,19770905,PRCP,0,,,a,
ASN00082076,19770906,PRCP,0,,,a,
ASN00082076,19770907,PRCP,0,,,a,
ASN00082076,19770908,PRCP,2,,,a,
ASN00082076,19770909,PRCP,0,,,a,
ASN00082076,19770910,PRCP,56,,,a,
ASN00082076,19770911,PRCP,2,,,a,
ASN00082076,19770912,PRCP,0,,,a,
ASN00082076,19770913,PRCP,80,,,a,
ASN00082076,19770914,PRCP,7,,,a,
ASN00082076,19770915,PRCP,0,,,a,
ASN00082076,19770916,PRCP,0,,,a,
ASN00082076,19770917,PRCP,0,,,a,
ASN00082076,19770918,PRCP,0,,,a,
ASN00082076,19770919,PRCP,0,,,a,
ASN00082076,19770920,PRCP,0,,,a,
ASN00082076,19770921,PRCP,0,,,a,
ASN00082076,19770922,PRCP,0,,,a,
ASN00082076,19770923,PRCP,0,,,a,
ASN00082076,19770924,PRCP,0,,,a,
ASN00082076,19770925,PRCP,0,,,a,
ASN00082076,19770926,PRCP,0,,,a,
ASN00082076,19770927,PRCP,0,,,a,
ASN00082076,19770928,PRCP,0,,,a,
ASN00082076,19770929,PRCP,16,,,a,
ASN00082076,19770930,PRCP,21,,,a,
ASN00082076,19771001,TMAX,220,,,a,
ASN00082076,19771002,TMAX,172,,,a,
ASN00082076,19771003,TMAX,194,,,a,
ASN00082076,19771004,TMAX,220,,,a,
ASN00082076,19771005,TMAX,184,,,a,
ASN00082076,19771006,TMAX,167,,,a,
ASN00082076,19771007,TMAX,206,,,a,
ASN00082076,19771008,TMAX,214,,,a,
ASN00082076,19771009,TMAX,218,,,a,
ASN00082076,19771010,TMAX,249,,,a,
ASN00082076,19771011,TMAX,281,,,a,
ASN00082076,19771012,TMAX,299,,,a,
ASN00082076,19771013,TMAX,283,,,a,
ASN00082076,19771014,TMAX,162,,,a,
ASN00082076,19771015,TMAX,185,,,a,
ASN00082076,19771016,TMAX,185,,,a,
ASN00082076,19771017,TMAX,189,,,a,
ASN00082076,19771018,TMAX,195,,,a,
ASN00082076,19771019,TMAX,137,,,a,
ASN00082076,19771020,TMAX,158,,,a,
ASN00082076,19771021,TMAX,196,,,a,
ASN00082076,19771022,TMAX,178,,,a,
ASN00082076,19771023,TMAX,223,,,a,
ASN00082076,19771024,TMAX,265,,,a,
ASN00082076,19771025,TMAX,268,,,a,
ASN00082076,19771026,TMAX,276,,,a,
ASN00082076,19771027,TMAX,292,,,a,
ASN00082076,19771001,TMIN,60,,,a,
ASN00082076,19771002,TMIN,35,,,a,
ASN00082076,19771003,TMIN,109,,,a,
ASN00082076,19771004,TMIN,54,,,a,
ASN00082076,19771005,TMIN,85,,,a,
ASN00082076,19771006,TMIN,21,,,a,
ASN00082076,19771007,TMIN,53,,,a,
ASN00082076,19771008,TMIN,36,,,a,
ASN00082076,19771009,TMIN,40,,,a,
ASN00082076,19771010,TMIN,65,,,a,
ASN00082076,19771011,TMIN,56,,,a,
ASN00082076,19771012,TMIN,87,,,a,
ASN00082076,19771013,TMIN,115,,,a,
ASN00082076,19771014,TMIN,62,,,a,
ASN00082076,19771015,TMIN,43,,,a,
ASN00082076,19771016,TMIN,16,,,a,
ASN00082076,19771017,TMIN,4,,,a,
ASN00082076,19771018,TMIN,5,,,a,
ASN00082076,19771019,TMIN,33,,,a,
ASN00082076,19771020,TMIN,18,,,a,
ASN00082076,19771021,TMIN,68,,,a,
ASN00082076,19771022,TMIN,76,,,a,
ASN00082076,19771023,TMIN,24,,,a,
ASN00082076,19771024,TMIN,47,,,a,
ASN00082076,19771025,TMIN,53,,,a,
ASN00082076,19771026,TMIN,66,,,a,
ASN00082076,19771027,TMIN,74,,,a,
ASN00082076,19771028,TMIN,99,,,a,
ASN00082076,19771001,PRCP,0,,,a,
ASN00082076,19771002,PRCP,0,,,a,
ASN00082076,19771003,PRCP,138,,,a,
ASN00082076,19771004,PRCP,0,,,a,
ASN00082076,19771005,PRCP,32,,,a,
ASN00082076,19771006,PRCP,24,,,a,
ASN00082076,19771007,PRCP,0,,,a,
ASN00082076,19771008,PRCP,0,,,a,
ASN00082076,19771009,PRCP,0,,,a,
ASN00082076,19771010,PRCP,0,,,a,
ASN00082076,19771011,PRCP,0,,,a,
ASN00082076,19771012,PRCP,0,,,a,
ASN00082076,19771013,PRCP,0,,,a,
ASN00082076,19771014,PRCP,1,,,a,
ASN00082076,19771015,PRCP,4,,,a,
ASN00082076,19771016,PRCP,0,,,a,
ASN00082076,19771017,PRCP,0,,,a,
ASN00082076,19771018,PRCP,0,,,a,
ASN00082076,19771019,PRCP,0,,,a,
ASN00082076,19771020,PRCP,66,,,a,
ASN00082076,19771021,PRCP,0,,,a,
ASN00082076,19771022,PRCP,0,,,a,
ASN00082076,19771023,PRCP,0,,,a,
ASN00082076,19771024,PRCP,0,,,a,
ASN00082076,19771025,PRCP,0,,,a,
ASN00082076,19771026,PRCP,0,,,a,
ASN00082076,19771027,PRCP,0,,,a,
ASN00082076,19771028,PRCP,0,,,a,
ASN00082076,19771029,PRCP,0,,,a,
ASN00082076,19771030,PRCP,0,,,a,
ASN00082076,19771031,PRCP,0,,,a,
ASN00082076,19771101,TMAX,302,,,a,
ASN00082076,19771102,TMAX,215,,,a,
ASN00082076,19771103,TMAX,225,,,a,
ASN00082076,19771104,TMAX,264,,,a,
ASN00082076,19771105,TMAX,178,,,a,
ASN00082076,19771106,TMAX,208,,,a,
ASN00082076,19771107,TMAX,242,,,a,
ASN00082076,19771108,TMAX,249,,,a,
ASN00082076,19771109,TMAX,292,,,a,
ASN00082076,19771110,TMAX,177,,,a,
ASN00082076,19771111,TMAX,157,,,a,
ASN00082076,19771112,TMAX,196,,,a,
ASN00082076,19771113,TMAX,246,,,a,
ASN00082076,19771114,TMAX,238,,,a,
ASN00082076,19771115,TMAX,193,,,a,
ASN00082076,19771116,TMAX,228,,,a,
ASN00082076,19771117,TMAX,244,,,a,
ASN00082076,19771118,TMAX,224,,,a,
ASN00082076,19771119,TMAX,236,,,a,
ASN00082076,19771120,TMAX,206,,,a,
ASN00082076,19771121,TMAX,253,,,a,
ASN00082076,19771122,TMAX,287,,,a,
ASN00082076,19771123,TMAX,278,,,a,
ASN00082076,19771124,TMAX,271,,,a,
ASN00082076,19771125,TMAX,303,,,a,
ASN00082076,19771126,TMAX,324,,,a,
ASN00082076,19771127,TMAX,328,,,a,
ASN00082076,19771128,TMAX,327,,,a,
ASN00082076,19771129,TMAX,264,,,a,
ASN00082076,19771130,TMAX,265,,,a,
ASN00082076,19771102,TMIN,53,,,a,
ASN00082076,19771103,TMIN,37,,,a,
ASN00082076,19771104,TMIN,45,,,a,
ASN00082076,19771105,TMIN,100,,,a,
ASN00082076,19771106,TMIN,61,,,a,
ASN00082076,19771107,TMIN,24,,,a,
ASN00082076,19771108,TMIN,52,,,a,
ASN00082076,19771109,TMIN,30,,,a,
ASN00082076,19771110,TMIN,122,,,a,
ASN00082076,19771111,TMIN,102,,,a,
ASN00082076,19771112,TMIN,-2,,,a,
ASN00082076,19771113,TMIN,32,,,a,
ASN00082076,19771114,TMIN,75,,,a,
ASN00082076,19771115,TMIN,20,,,a,
ASN00082076,19771116,TMIN,42,,,a,
ASN00082076,19771117,TMIN,56,,,a,
ASN00082076,19771118,TMIN,48,,,a,
ASN00082076,19771119,TMIN,36,,,a,
ASN00082076,19771120,TMIN,61,,,a,
ASN00082076,19771121,TMIN,90,,,a,
ASN00082076,19771122,TMIN,70,,,a,
ASN00082076,19771123,TMIN,148,,,a,
ASN00082076,19771124,TMIN,135,,,a,
ASN00082076,19771125,TMIN,77,,,a,
ASN00082076,19771126,TMIN,101,,,a,
ASN00082076,19771127,TMIN,113,,,a,
ASN00082076,19771128,TMIN,181,,,a,
ASN00082076,19771129,TMIN,175,,,a,
ASN00082076,19771130,TMIN,162,,,a,
ASN00082076,19771103,PRCP,0,,,a,
ASN00082076,19771104,PRCP,0,,,a,
ASN00082076,19771105,PRCP,84,,,a,
ASN00082076,19771106,PRCP,0,,,a,
ASN00082076,19771107,PRCP,0,,,a,
ASN00082076,19771108,PRCP,0,,,a,
ASN00082076,19771109,PRCP,0,,,a,
ASN00082076,19771110,PRCP,90,,,a,
ASN00082076,19771111,PRCP,138,,,a,
ASN00082076,19771112,PRCP,14,,,a,
ASN00082076,19771113,PRCP,0,,,a,
ASN00082076,19771114,PRCP,0,,,a,
ASN00082076,19771115,PRCP,0,,,a,
ASN00082076,19771116,PRCP,0,,,a,
ASN00082076,19771117,PRCP,0,,,a,
ASN00082076,19771118,PRCP,0,,,a,
ASN00082076,19771119,PRCP,0,,,a,
ASN00082076,19771120,PRCP,0,,,a,
ASN00082076,19771121,PRCP,16,,,a,
ASN00082076,19771122,PRCP,0,,,a,
ASN00082076,19771123,PRCP,0,,,a,
ASN00082076,19771124,PRCP,0,,,a,
ASN00082076,19771125,PRCP,0,,,a,
ASN00082076,19771126,PRCP,0,,,a,
ASN00082076,19771127,PRCP,0,,,a,
ASN00082076,19771128,PRCP,4,,,a,
ASN00082076,19771129,PRCP,0,,,a,
ASN00082076,19771130,PRCP,228,,,a,
ASN00082076,19771102,DAPR,2,,,a,
ASN00082076,19771102,DWPR,2,,,a,
ASN00082076,19771102,MDPR,80,,,a,
ASN00082076,19771201,TMAX,283,,,a,
ASN00082076,19771202,TMAX,260,,,a,
ASN00082076,19771203,TMAX,226,,,a,
ASN00082076,19771204,TMAX,226,,,a,
ASN00082076,19771205,TMAX,251,,,a,
ASN00082076,19771206,TMAX,280,,,a,
ASN00082076,19771207,TMAX,289,,,a,
ASN00082076,19771208,TMAX,315,,,a,
ASN00082076,19771209,TMAX,339,,,a,
ASN00082076,19771210,TMAX,314,,,a,
ASN00082076,19771211,TMAX,264,,,a,
ASN00082076,19771212,TMAX,306,,,a,
ASN00082076,19771213,TMAX,330,,,a,
ASN00082076,19771214,TMAX,358,,,a,
ASN00082076,19771215,TMAX,300,,,a,
ASN00082076,19771216,TMAX,265,,,a,
ASN00082076,19771217,TMAX,297,,,a,
ASN00082076,19771218,TMAX,207,,,a,
ASN00082076,19771219,TMAX,233,,,a,
ASN00082076,19771220,TMAX,279,,,a,
ASN00082076,19771221,TMAX,268,,,a,
ASN00082076,19771222,TMAX,314,,,a,
ASN00082076,19771227,TMAX,326,,,a,
ASN00082076,19771228,TMAX,212,,,a,
ASN00082076,19771229,TMAX,271,,,a,
ASN00082076,19771201,TMIN,70,,,a,
ASN00082076,19771202,TMIN,153,,,a,
ASN00082076,19771203,TMIN,154,,,a,
ASN00082076,19771204,TMIN,91,,,a,
ASN00082076,19771205,TMIN,50,,,a,
ASN00082076,19771206,TMIN,93,,,a,
ASN00082076,19771207,TMIN,147,,,a,
ASN00082076,19771208,TMIN,95,,,a,
ASN00082076,19771209,TMIN,120,,,a,
ASN00082076,19771210,TMIN,122,,,a,
ASN00082076,19771211,TMIN,123,,,a,
ASN00082076,19771212,TMIN,121,,,a,
ASN00082076,19771213,TMIN,80,,,a,
ASN00082076,19771214,TMIN,110,,,a,
ASN00082076,19771215,TMIN,140,,,a,
ASN00082076,19771216,TMIN,72,,,a,
ASN00082076,19771217,TMIN,62,,,a,
ASN00082076,19771218,TMIN,165,,,a,
ASN00082076,19771219,TMIN,21,,,a,
ASN00082076,19771220,TMIN,104,,,a,
ASN00082076,19771221,TMIN,82,,,a,
ASN00082076,19771222,TMIN,96,,,a,
ASN00082076,19771223,TMIN,112,,,a,
ASN00082076,19771228,TMIN,25,,,a,
ASN00082076,19771229,TMIN,75,,,a,
ASN00082076,19771230,TMIN,112,,,a,
ASN00082076,19771201,PRCP,0,,,a,
ASN00082076,19771202,PRCP,6,,,a,
ASN00082076,19771203,PRCP,0,,,a,
ASN00082076,19771204,PRCP,0,,,a,
ASN00082076,19771205,PRCP,0,,,a,
ASN00082076,19771206,PRCP,0,,,a,
ASN00082076,19771207,PRCP,0,,,a,
ASN00082076,19771208,PRCP,0,,,a,
ASN00082076,19771209,PRCP,0,,,a,
ASN00082076,19771210,PRCP,0,,,a,
ASN00082076,19771211,PRCP,0,,,a,
ASN00082076,19771212,PRCP,0,,,a,
ASN00082076,19771213,PRCP,0,,,a,
ASN00082076,19771214,PRCP,0,,,a,
ASN00082076,19771215,PRCP,0,,,a,
ASN00082076,19771216,PRCP,0,,,a,
ASN00082076,19771217,PRCP,0,,,a,
ASN00082076,19771218,PRCP,0,,,a,
ASN00082076,19771219,PRCP,0,,,a,
ASN00082076,19771220,PRCP,0,,,a,
ASN00082076,19771221,PRCP,0,,,a,
ASN00082076,19771222,PRCP,0,,,a,
ASN00082076,19771223,PRCP,0,,,a,
ASN00082076,19771224,PRCP,0,,,a,
ASN00082076,19771225,PRCP,0,,,a,
ASN00082076,19771226,PRCP,36,,,a,
ASN00082076,19771227,PRCP,0,,,a,
ASN00082076,19771228,PRCP,25,,,a,
ASN00082076,19771229,PRCP,0,,,a,
ASN00082076,19771230,PRCP,0,,,a,
ASN00082076,19771231,PRCP,0,,,a,
ASN00082076,19780102,TMAX,353,,,a,
ASN00082076,19780103,TMAX,250,,,a,
ASN00082076,19780104,TMAX,240,,,a,
ASN00082076,19780105,TMAX,198,,,a,
ASN00082076,19780106,TMAX,221,,,a,
ASN00082076,19780107,TMAX,284,,,a,
ASN00082076,19780108,TMAX,306,,,a,
ASN00082076,19780109,TMAX,320,,,a,
ASN00082076,19780110,TMAX,338,,,a,
ASN00082076,19780111,TMAX,237,,,a,
ASN00082076,19780112,TMAX,280,,,a,
ASN00082076,19780113,TMAX,317,,,a,
ASN00082076,19780114,TMAX,352,,,a,
ASN00082076,19780115,TMAX,380,,,a,
ASN00082076,19780116,TMAX,284,,,a,
ASN00082076,19780117,TMAX,263,,,a,
ASN00082076,19780118,TMAX,256,,,a,
ASN00082076,19780119,TMAX,301,,,a,
ASN00082076,19780120,TMAX,326,,,a,
ASN00082076,19780121,TMAX,307,,,a,
ASN00082076,19780122,TMAX,264,,,a,
ASN00082076,19780123,TMAX,226,,,a,
ASN00082076,19780124,TMAX,308,,,a,
ASN00082076,19780125,TMAX,322,,,a,
ASN00082076,19780126,TMAX,321,,,a,
ASN00082076,19780127,TMAX,310,,,a,
ASN00082076,19780128,TMAX,203,,,a,
ASN00082076,19780129,TMAX,148,,,a,
ASN00082076,19780130,TMAX,173,,,a,
ASN00082076,19780131,TMAX,286,,,a,
ASN00082076,19780103,TMIN,116,,,a,
ASN00082076,19780104,TMIN,152,,,a,
ASN00082076,19780105,TMIN,141,,,a,
ASN00082076,19780106,TMIN,157,,,a,
ASN00082076,19780107,TMIN,152,,,a,
ASN00082076,19780108,TMIN,133,,,a,
ASN00082076,19780109,TMIN,136,,,a,
ASN00082076,19780110,TMIN,111,,,a,
ASN00082076,19780111,TMIN,95,,,a,
ASN00082076,19780112,TMIN,82,,,a,
ASN00082076,19780113,TMIN,93,,,a,
ASN00082076,19780114,TMIN,92,,,a,
ASN00082076,19780115,TMIN,123,,,a,
ASN00082076,19780116,TMIN,80,,,a,
ASN00082076,19780117,TMIN,130,,,a,
ASN00082076,19780118,TMIN,67,,,a,
ASN00082076,19780119,TMIN,97,,,a,
ASN00082076,19780120,TMIN,128,,,a,
ASN00082076,19780121,TMIN,126,,,a,
ASN00082076,19780122,TMIN,167,,,a,
ASN00082076,19780123,TMIN,175,,,a,
ASN00082076,19780124,TMIN,185,,,a,
ASN00082076,19780125,TMIN,149,,,a,
ASN00082076,19780126,TMIN,125,,,a,
ASN00082076,19780127,TMIN,145,,,a,
ASN00082076,19780128,TMIN,113,,,a,
ASN00082076,19780129,TMIN,119,,,a,
ASN00082076,19780130,TMIN,112,,,a,
ASN00082076,19780131,TMIN,94,,,a,
ASN00082076,19780101,PRCP,0,,,a,
ASN00082076,19780102,PRCP,0,,,a,
ASN00082076,19780103,PRCP,0,,,a,
ASN00082076,19780104,PRCP,0,,,a,
ASN00082076,19780105,PRCP,9,,,a,
ASN00082076,19780106,PRCP,118,,,a,
ASN00082076,19780107,PRCP,18,,,a,
ASN00082076,19780108,PRCP,0,,,a,
ASN00082076,19780109,PRCP,0,,,a,
ASN00082076,19780110,PRCP,0,,,a,
ASN00082076,19780111,PRCP,0,,,a,
ASN00082076,19780112,PRCP,0,,,a,
ASN00082076,19780113,PRCP,0,,,a,
ASN00082076,19780114,PRCP,0,,,a,
ASN00082076,19780115,PRCP,0,,,a,
ASN00082076,19780116,PRCP,1,,,a,
ASN00082076,19780117,PRCP,0,,,a,
ASN00082076,19780118,PRCP,0,,,a,
ASN00082076,19780119,PRCP,0,,,a,
ASN00082076,19780120,PRCP,0,,,a,
ASN00082076,19780121,PRCP,0,,,a,
ASN00082076,19780122,PRCP,18,,,a,
ASN00082076,19780123,PRCP,29,,,a,
ASN00082076,19780124,PRCP,96,,,a,
ASN00082076,19780125,PRCP,0,,,a,
ASN00082076,19780126,PRCP,0,,,a,
ASN00082076,19780127,PRCP,0,,,a,
ASN00082076,19780128,PRCP,0,,,a,
ASN00082076,19780129,PRCP,0,,,a,
ASN00082076,19780130,PRCP,190,,,a,
ASN00082076,19780131,PRCP,4,,,a,
ASN00082076,19780201,TMAX,322,,,a,
ASN00082076,19780202,TMAX,324,,,a,
ASN00082076,19780203,TMAX,337,,,a,
ASN00082076,19780204,TMAX,286,,,a,
ASN00082076,19780205,TMAX,255,,,a,
ASN00082076,19780206,TMAX,217,,,a,
ASN00082076,19780207,TMAX,236,,,a,
ASN00082076,19780208,TMAX,286,,,a,
ASN00082076,19780209,TMAX,242,,,a,
ASN00082076,19780210,TMAX,294,,,a,
ASN00082076,19780211,TMAX,254,,,a,
ASN00082076,19780212,TMAX,241,,,a,
ASN00082076,19780213,TMAX,302,,,a,
ASN00082076,19780214,TMAX,331,,,a,
ASN00082076,19780215,TMAX,317,,,a,
ASN00082076,19780216,TMAX,307,,,a,
ASN00082076,19780217,TMAX,346,,,a,
ASN00082076,19780218,TMAX,347,,,a,
ASN00082076,19780219,TMAX,354,,,a,
ASN00082076,19780220,TMAX,382,,,a,
ASN00082076,19780221,TMAX,326,,,a,
ASN00082076,19780222,TMAX,269,,,a,
ASN00082076,19780223,TMAX,302,,,a,
ASN00082076,19780224,TMAX,325,,,a,
ASN00082076,19780225,TMAX,312,,,a,
ASN00082076,19780226,TMAX,322,,,a,
ASN00082076,19780227,TMAX,333,,,a,
ASN00082076,19780228,TMAX,272,,,a,
ASN00082076,19780201,TMIN,119,,,a,
ASN00082076,19780202,TMIN,127,,,a,
ASN00082076,19780203,TMIN,140,,,a,
ASN00082076,19780204,TMIN,159,,,a,
ASN00082076,19780205,TMIN,147,,,a,
ASN00082076,19780206,TMIN,103,,,a,
ASN00082076,19780207,TMIN,66,,,a,
ASN00082076,19780208,TMIN,87,,,a,
ASN00082076,19780209,TMIN,142,,,a,
ASN00082076,19780210,TMIN,49,,,a,
ASN00082076,19780211,TMIN,66,,,a,
ASN00082076,19780212,TMIN,89,,,a,
ASN00082076,19780213,TMIN,77,,,a,
ASN00082076,19780214,TMIN,103,,,a,
ASN00082076,19780215,TMIN,145,,,a,
ASN00082076,19780216,TMIN,130,,,a,
ASN00082076,19780217,TMIN,131,,,a,
ASN00082076,19780218,TMIN,110,,,a,
ASN00082076,19780219,TMIN,135,,,a,
ASN00082076,19780220,TMIN,132,,,a,
ASN00082076,19780221,TMIN,158,,,a,
ASN00082076,19780222,TMIN,102,,,a,
ASN00082076,19780223,TMIN,90,,,a,
ASN00082076,19780224,TMIN,106,,,a,
ASN00082076,19780225,TMIN,145,,,a,
ASN00082076,19780226,TMIN,135,,,a,
ASN00082076,19780227,TMIN,154,,,a,
ASN00082076,19780228,TMIN,156,,,a,
ASN00082076,19780201,PRCP,0,,,a,
ASN00082076,19780202,PRCP,0,,,a,
ASN00082076,19780203,PRCP,0,,,a,
ASN00082076,19780204,PRCP,0,,,a,
ASN00082076,19780205,PRCP,8,,,a,
ASN00082076,19780206,PRCP,0,,,a,
ASN00082076,19780207,PRCP,14,,,a,
ASN00082076,19780208,PRCP,0,,,a,
ASN00082076,19780209,PRCP,0,,,a,
ASN00082076,19780210,PRCP,0,,,a,
ASN00082076,19780211,PRCP,0,,,a,
ASN00082076,19780212,PRCP,44,,,a,
ASN00082076,19780213,PRCP,0,,,a,
ASN00082076,19780214,PRCP,0,,,a,
ASN00082076,19780215,PRCP,0,,,a,
ASN00082076,19780216,PRCP,0,,,a,
ASN00082076,19780217,PRCP,0,,,a,
ASN00082076,19780218,PRCP,0,,,a,
ASN00082076,19780219,PRCP,0,,,a,
ASN00082076,19780220,PRCP,0,,,a,
ASN00082076,19780221,PRCP,0,,,a,
ASN00082076,19780222,PRCP,2,,,a,
ASN00082076,19780223,PRCP,0,,,a,
ASN00082076,19780224,PRCP,0,,,a,
ASN00082076,19780225,PRCP,2,,,a,
ASN00082076,19780226,PRCP,0,,,a,
ASN00082076,19780227,PRCP,0,,,a,
ASN00082076,19780228,PRCP,6,,,a,
ASN00082076,19780301,TMAX,281,,,a,
ASN00082076,19780302,TMAX,278,,,a,
ASN00082076,19780303,TMAX,252,,,a,
ASN00082076,19780304,TMAX,290,,,a,
ASN00082076,19780305,TMAX,320,,,a,
ASN00082076,19780306,TMAX,339,,,a,
ASN00082076,19780307,TMAX,311,,,a,
ASN00082076,19780308,TMAX,300,,,a,
ASN00082076,19780309,TMAX,338,,,a,
ASN00082076,19780310,TMAX,353,,,a,
ASN00082076,19780311,TMAX,352,,,a,
ASN00082076,19780312,TMAX,335,,,a,
ASN00082076,19780313,TMAX,297,,,a,
ASN00082076,19780314,TMAX,315,,,a,
ASN00082076,19780315,TMAX,315,,,a,
ASN00082076,19780316,TMAX,304,,,a,
ASN00082076,19780317,TMAX,288,,,a,
ASN00082076,19780318,TMAX,262,,,a,
ASN00082076,19780319,TMAX,219,,,a,
ASN00082076,19780320,TMAX,198,,,a,
ASN00082076,19780321,TMAX,261,,,a,
ASN00082076,19780322,TMAX,241,,,a,
ASN00082076,19780327,TMAX,271,,,a,
ASN00082076,19780328,TMAX,209,,,a,
ASN00082076,19780329,TMAX,227,,,a,
ASN00082076,19780330,TMAX,204,,,a,
ASN00082076,19780331,TMAX,178,,,a,
ASN00082076,19780301,TMIN,113,,,a,
ASN00082076,19780302,TMIN,90,,,a,
ASN00082076,19780303,TMIN,118,,,a,
ASN00082076,19780304,TMIN,99,,,a,
ASN00082076,19780305,TMIN,96,,,a,
ASN00082076,19780306,TMIN,106,,,a,
ASN00082076,19780307,TMIN,173,,,a,
ASN00082076,19780308,TMIN,56,,,a,
ASN00082076,19780309,TMIN,126,,,a,
ASN00082076,19780310,TMIN,142,,,a,
ASN00082076,19780311,TMIN,131,,,a,
ASN00082076,19780312,TMIN,140,,,a,
ASN00082076,19780313,TMIN,156,,,a,
ASN00082076,19780314,TMIN,56,,,a,
ASN00082076,19780315,TMIN,135,,,a,
ASN00082076,19780316,TMIN,141,,,a,
ASN00082076,19780317,TMIN,132,,,a,
ASN00082076,19780318,TMIN,184,,,a,
ASN00082076,19780319,TMIN,165,,,a,
ASN00082076,19780320,TMIN,143,,,a,
ASN00082076,19780321,TMIN,148,,,a,
ASN00082076,19780322,TMIN,163,,,a,
ASN00082076,19780323,TMIN,163,,,a,
ASN00082076,19780328,TMIN,44,,,a,
ASN00082076,19780329,TMIN,52,,,a,
ASN00082076,19780330,TMIN,118,,,a,
ASN00082076,19780331,TMIN,107,,,a,
ASN00082076,19780301,PRCP,0,,,a,
ASN00082076,19780302,PRCP,0,,,a,
ASN00082076,19780303,PRCP,0,,,a,
ASN00082076,19780304,PRCP,0,,,a,
ASN00082076,19780305,PRCP,0,,,a,
ASN00082076,19780306,PRCP,0,,,a,
ASN00082076,19780307,PRCP,0,,,a,
ASN00082076,19780308,PRCP,0,,,a,
ASN00082076,19780309,PRCP,0,,,a,
ASN00082076,19780310,PRCP,0,,,a,
ASN00082076,19780311,PRCP,0,,,a,
ASN00082076,19780312,PRCP,0,,,a,
ASN00082076,19780313,PRCP,54,,,a,
ASN00082076,19780314,PRCP,0,,,a,
ASN00082076,19780315,PRCP,0,,,a,
ASN00082076,19780316,PRCP,0,,,a,
ASN00082076,19780317,PRCP,8,,,a,
ASN00082076,19780318,PRCP,0,,,a,
ASN00082076,19780319,PRCP,0,,,a,
ASN00082076,19780320,PRCP,12,,,a,
ASN00082076,19780321,PRCP,168,,,a,
ASN00082076,19780322,PRCP,16,,,a,
ASN00082076,19780323,PRCP,34,,,a,
ASN00082076,19780324,PRCP,0,,,a,
ASN00082076,19780325,PRCP,0,,,a,
ASN00082076,19780328,PRCP,0,,,a,
ASN00082076,19780329,PRCP,0,,,a,
ASN00082076,19780330,PRCP,364,,,a,
ASN00082076,19780331,PRCP,90,,,a,
ASN00082076,19780327,DAPR,2,,,a,
ASN00082076,19780327,DWPR,2,,,a,
ASN00082076,19780327,MDPR,180,,,a,
ASN00082076,19780401,TMAX,175,,,a,
ASN00082076,19780402,TMAX,172,,,a,
ASN00082076,19780403,TMAX,209,,,a,
ASN00082076,19780404,TMAX,223,,,a,
ASN00082076,19780405,TMAX,255,,,a,
ASN00082076,19780406,TMAX,278,,,a,
ASN00082076,19780407,TMAX,267,,,a,
ASN00082076,19780408,TMAX,268,,,a,
ASN00082076,19780409,TMAX,216,,,a,
ASN00082076,19780410,TMAX,224,,,a,
ASN00082076,19780411,TMAX,192,,,a,
ASN00082076,19780412,TMAX,203,,,a,
ASN00082076,19780413,TMAX,196,,,a,
ASN00082076,19780414,TMAX,202,,,a,
ASN00082076,19780415,TMAX,223,,,a,
ASN00082076,19780416,TMAX,227,,,a,
ASN00082076,19780417,TMAX,224,,,a,
ASN00082076,19780418,TMAX,223,,,a,
ASN00082076,19780419,TMAX,208,,,a,
ASN00082076,19780420,TMAX,232,,,a,
ASN00082076,19780421,TMAX,227,,,a,
ASN00082076,19780422,TMAX,226,,,a,
ASN00082076,19780423,TMAX,191,,,a,
ASN00082076,19780424,TMAX,166,,,a,
ASN00082076,19780425,TMAX,133,,,a,
ASN00082076,19780426,TMAX,106,,,a,
ASN00082076,19780427,TMAX,134,,,a,
ASN00082076,19780428,TMAX,148,,,a,
ASN00082076,19780429,TMAX,158,,,a,
ASN00082076,19780430,TMAX,206,,,a,
ASN00082076,19780401,TMIN,106,,,a,
ASN00082076,19780402,TMIN,103,,,a,
ASN00082076,19780403,TMIN,108,,,a,
ASN00082076,19780404,TMIN,63,,,a,
ASN00082076,19780405,TMIN,58,,,a,
ASN00082076,19780406,TMIN,73,,,a,
ASN00082076,19780407,TMIN,64,,,a,
ASN00082076,19780408,TMIN,92,,,a,
ASN00082076,19780409,TMIN,123,,,a,
ASN00082076,19780410,TMIN,147,,,a,
ASN00082076,19780411,TMIN,107,,,a,
ASN00082076,19780412,TMIN,113,,,a,
ASN00082076,19780413,TMIN,108,,,a,
ASN00082076,19780414,TMIN,74,,,a,
ASN00082076,19780415,TMIN,56,,,a,
ASN00082076,19780416,TMIN,60,,,a,
ASN00082076,19780417,TMIN,68,,,a,
ASN00082076,19780418,TMIN,93,,,a,
ASN00082076,19780419,TMIN,48,,,a,
ASN00082076,19780420,TMIN,40,,,a,
ASN00082076,19780421,TMIN,45,,,a,
ASN00082076,19780422,TMIN,80,,,a,
ASN00082076,19780423,TMIN,118,,,a,
ASN00082076,19780424,TMIN,18,,,a,
ASN00082076,19780425,TMIN,76,,,a,
ASN00082076,19780426,TMIN,40,,,a,
ASN00082076,19780427,TMIN,-2,,,a,
ASN00082076,19780428,TMIN,2,,,a,
ASN00082076,19780429,TMIN,20,,,a,
ASN00082076,19780430,TMIN,19,,,a,
ASN00082076,19780401,PRCP,2,,,a,
ASN00082076,19780402,PRCP,165,,,a,
ASN00082076,19780403,PRCP,1,,,a,
ASN00082076,19780404,PRCP,0,,,a,
ASN00082076,19780405,PRCP,0,,,a,
ASN00082076,19780406,PRCP,0,,,a,
ASN00082076,19780407,PRCP,0,,,a,
ASN00082076,19780408,PRCP,0,,,a,
ASN00082076,19780409,PRCP,0,,,a,
ASN00082076,19780410,PRCP,146,,,a,
ASN00082076,19780411,PRCP,20,,,a,
ASN00082076,19780412,PRCP,27,,,a,
ASN00082076,19780413,PRCP,0,,,a,
ASN00082076,19780414,PRCP,0,,,a,
ASN00082076,19780415,PRCP,0,,,a,
ASN00082076,19780416,PRCP,0,,,a,
ASN00082076,19780417,PRCP,0,,,a,
ASN00082076,19780418,PRCP,0,,,a,
ASN00082076,19780419,PRCP,0,,,a,
ASN00082076,19780420,PRCP,0,,,a,
ASN00082076,19780421,PRCP,0,,,a,
ASN00082076,19780422,PRCP,0,,,a,
ASN00082076,19780423,PRCP,0,,,a,
ASN00082076,19780424,PRCP,0,,,a,
ASN00082076,19780425,PRCP,0,,,a,
ASN00082076,19780426,PRCP,66,,,a,
ASN00082076,19780427,PRCP,14,,,a,
ASN00082076,19780428,PRCP,0,,,a,
ASN00082076,19780429,PRCP,0,,,a,
ASN00082076,19780430,PRCP,0,,,a,
ASN00082076,19780501,TMAX,225,,,a,
ASN00082076,19780502,TMAX,233,,,a,
ASN00082076,19780503,TMAX,213,,,a,
ASN00082076,19780504,TMAX,217,,,a,
ASN00082076,19780505,TMAX,230,,,a,
ASN00082076,19780506,TMAX,230,,,a,
ASN00082076,19780507,TMAX,235,,,a,
ASN00082076,19780508,TMAX,233,,,a,
ASN00082076,19780509,TMAX,164,,,a,
ASN00082076,19780510,TMAX,142,,,a,
ASN00082076,19780511,TMAX,122,,,a,
ASN00082076,19780512,TMAX,124,,,a,
ASN00082076,19780513,TMAX,140,,,a,
ASN00082076,19780514,TMAX,133,,,a,
ASN00082076,19780515,TMAX,158,,,a,
ASN00082076,19780516,TMAX,182,,,a,
ASN00082076,19780517,TMAX,133,,,a,
ASN00082076,19780518,TMAX,112,,,a,
ASN00082076,19780519,TMAX,122,,,a,
ASN00082076,19780520,TMAX,167,,,a,
ASN00082076,19780521,TMAX,175,,,a,
ASN00082076,19780522,TMAX,181,,,a,
ASN00082076,19780523,TMAX,164,,,a,
ASN00082076,19780524,TMAX,147,,,a,
ASN00082076,19780525,TMAX,140,,,a,
ASN00082076,19780526,TMAX,152,,,a,
ASN00082076,19780527,TMAX,180,,,a,
ASN00082076,19780528,TMAX,177,,,a,
ASN00082076,19780529,TMAX,188,,,a,
ASN00082076,19780530,TMAX,144,,,a,
ASN00082076,19780531,TMAX,137,,,a,
ASN00082076,19780501,TMIN,48,,,a,
ASN00082076,19780502,TMIN,32,,,a,
ASN00082076,19780503,TMIN,53,,,a,
ASN00082076,19780504,TMIN,67,,,a,
ASN00082076,19780505,TMIN,78,,,a,
ASN00082076,19780506,TMIN,51,,,a,
ASN00082076,19780507,TMIN,57,,,a,
ASN00082076,19780508,TMIN,86,,,a,
ASN00082076,19780509,TMIN,72,,,a,
ASN00082076,19780510,TMIN,102,,,a,
ASN00082076,19780511,TMIN,61,,,a,
ASN00082076,19780512,TMIN,13,,,a,
ASN00082076,19780513,TMIN,15,,,a,
ASN00082076,19780514,TMIN,19,,,a,
ASN00082076,19780515,TMIN,-3,,,a,
ASN00082076,19780516,TMIN,14,,,a,
ASN00082076,19780517,TMIN,42,,,a,
ASN00082076,19780518,TMIN,67,,,a,
ASN00082076,19780519,TMIN,93,,,a,
ASN00082076,19780520,TMIN,45,,,a,
ASN00082076,19780521,TMIN,74,,,a,
ASN00082076,19780522,TMIN,32,,,a,
ASN00082076,19780523,TMIN,48,,,a,
ASN00082076,19780524,TMIN,63,,,a,
ASN00082076,19780525,TMIN,58,,,a,
ASN00082076,19780526,TMIN,88,,,a,
ASN00082076,19780527,TMIN,54,,,a,
ASN00082076,19780528,TMIN,46,,,a,
ASN00082076,19780529,TMIN,63,,,a,
ASN00082076,19780530,TMIN,91,,,a,
ASN00082076,19780531,TMIN,88,,,a,
ASN00082076,19780501,PRCP,0,,,a,
ASN00082076,19780502,PRCP,0,,,a,
ASN00082076,19780503,PRCP,0,,,a,
ASN00082076,19780504,PRCP,0,,,a,
ASN00082076,19780505,PRCP,0,,,a,
ASN00082076,19780506,PRCP,0,,,a,
ASN00082076,19780507,PRCP,0,,,a,
ASN00082076,19780508,PRCP,6,,,a,
ASN00082076,19780509,PRCP,0,,,a,
ASN00082076,19780510,PRCP,318,,,a,
ASN00082076,19780511,PRCP,120,,,a,
ASN00082076,19780512,PRCP,34,,,a,
ASN00082076,19780513,PRCP,0,,,a,
ASN00082076,19780514,PRCP,5,,,a,
ASN00082076,19780515,PRCP,0,,,a,
ASN00082076,19780516,PRCP,0,,,a,
ASN00082076,19780517,PRCP,0,,,a,
ASN00082076,19780518,PRCP,50,,,a,
ASN00082076,19780519,PRCP,342,,,a,
ASN00082076,19780520,PRCP,24,,,a,
ASN00082076,19780521,PRCP,2,,,a,
ASN00082076,19780522,PRCP,0,,,a,
ASN00082076,19780523,PRCP,0,,,a,
ASN00082076,19780524,PRCP,68,,,a,
ASN00082076,19780525,PRCP,6,,,a,
ASN00082076,19780526,PRCP,36,,,a,
ASN00082076,19780527,PRCP,0,,,a,
ASN00082076,19780528,PRCP,0,,,a,
ASN00082076,19780529,PRCP,4,,,a,
ASN00082076,19780530,PRCP,256,,,a,
ASN00082076,19780531,PRCP,184,,,a,
ASN00082076,19780601,TMAX,128,,,a,
ASN00082076,19780602,TMAX,136,,,a,
ASN00082076,19780603,TMAX,142,,,a,
ASN00082076,19780604,TMAX,112,,,a,
ASN00082076,19780605,TMAX,122,,,a,
ASN00082076,19780606,TMAX,119,,,a,
ASN00082076,19780607,TMAX,113,,,a,
ASN00082076,19780608,TMAX,119,,,a,
ASN00082076,19780609,TMAX,126,,,a,
ASN00082076,19780610,TMAX,98,,,a,
ASN00082076,19780611,TMAX,78,,,a,
ASN00082076,19780612,TMAX,125,,,a,
ASN00082076,19780613,TMAX,66,,,a,
ASN00082076,19780614,TMAX,132,,,a,
ASN00082076,19780615,TMAX,130,,,a,
ASN00082076,19780616,TMAX,154,,,a,
ASN00082076,19780617,TMAX,125,,,a,
ASN00082076,19780618,TMAX,122,,,a,
ASN00082076,19780619,TMAX,138,,,a,
ASN00082076,19780620,TMAX,147,,,a,
ASN00082076,19780621,TMAX,112,,,a,
ASN00082076,19780622,TMAX,89,,,a,
ASN00082076,19780623,TMAX,101,,,a,
ASN00082076,19780624,TMAX,129,,,a,
ASN00082076,19780625,TMAX,107,,,a,
ASN00082076,19780626,TMAX,118,,,a,
ASN00082076,19780627,TMAX,106,,,a,
ASN00082076,19780628,TMAX,112,,,a,
ASN00082076,19780629,TMAX,132,,,a,
ASN00082076,19780630,TMAX,149,,,a,
ASN00082076,19780601,TMIN,85,,,a,
ASN00082076,19780602,TMIN,70,,,a,
ASN00082076,19780603,TMIN,106,,,a,
ASN00082076,19780604,TMIN,92,,,a,
ASN00082076,19780605,TMIN,64,,,a,
ASN00082076,19780606,TMIN,75,,,a,
ASN00082076,19780607,TMIN,83,,,a,
ASN00082076,19780608,TMIN,79,,,a,
ASN00082076,19780609,TMIN,67,,,a,
ASN00082076,19780610,TMIN,46,,,a,
ASN00082076,19780611,TMIN,31,,,a,
ASN00082076,19780612,TMIN,50,,,a,
ASN00082076,19780613,TMIN,53,,,a,
ASN00082076,19780614,TMIN,0,,,a,
ASN00082076,19780615,TMIN,30,,,a,
ASN00082076,19780616,TMIN,62,,,a,
ASN00082076,19780617,TMIN,20,,,a,
ASN00082076,19780618,TMIN,52,,,a,
ASN00082076,19780619,TMIN,55,,,a,
ASN00082076,19780620,TMIN,5,,,a,
ASN00082076,19780621,TMIN,8,,,a,
ASN00082076,19780622,TMIN,42,,,a,
ASN00082076,19780623,TMIN,44,,,a,
ASN00082076,19780624,TMIN,55,,,a,
ASN00082076,19780625,TMIN,15,,,a,
ASN00082076,19780626,TMIN,38,,,a,
ASN00082076,19780627,TMIN,-15,,,a,
ASN00082076,19780628,TMIN,7,,,a,
ASN00082076,19780629,TMIN,66,,,a,
ASN00082076,19780630,TMIN,33,,,a,
ASN00082076,19780601,PRCP,0,,,a,
ASN00082076,19780602,PRCP,0,,,a,
ASN00082076,19780603,PRCP,54,,,a,
ASN00082076,19780604,PRCP,144,,,a,
ASN00082076,19780605,PRCP,20,,,a,
ASN00082076,19780606,PRCP,72,,,a,
ASN00082076,19780607,PRCP,22,,,a,
ASN00082076,19780608,PRCP,5,,,a,
ASN00082076,19780609,PRCP,62,,,a,
ASN00082076,19780610,PRCP,72,,,a,
ASN00082076,19780611,PRCP,0,,,a,
ASN00082076,19780612,PRCP,14,,,a,
ASN00082076,19780613,PRCP,52,,,a,
ASN00082076,19780614,PRCP,237,,,a,
ASN00082076,19780615,PRCP,3,,,a,
ASN00082076,19780616,PRCP,0,,,a,
ASN00082076,19780617,PRCP,0,,,a,
ASN00082076,19780618,PRCP,19,,,a,
ASN00082076,19780619,PRCP,0,,,a,
ASN00082076,19780620,PRCP,0,,,a,
ASN00082076,19780621,PRCP,0,,,a,
ASN00082076,19780622,PRCP,0,,,a,
ASN00082076,19780623,PRCP,6,,,a,
ASN00082076,19780624,PRCP,4,,,a,
ASN00082076,19780625,PRCP,128,,,a,
ASN00082076,19780626,PRCP,0,,,a,
ASN00082076,19780627,PRCP,0,,,a,
ASN00082076,19780628,PRCP,0,,,a,
ASN00082076,19780629,PRCP,16,,,a,
ASN00082076,19780630,PRCP,0,,,a,
ASN00082076,19780701,TMAX,150,,,a,
ASN00082076,19780702,TMAX,84,,,a,
ASN00082076,19780703,TMAX,96,,,a,
ASN00082076,19780704,TMAX,89,,,a,
ASN00082076,19780705,TMAX,86,,,a,
ASN00082076,19780706,TMAX,59,,,a,
ASN00082076,19780707,TMAX,96,,,a,
ASN00082076,19780708,TMAX,70,,,a,
ASN00082076,19780709,TMAX,68,,,a,
ASN00082076,19780710,TMAX,84,,,a,
ASN00082076,19780711,TMAX,77,,,a,
ASN00082076,19780712,TMAX,104,,,a,
ASN00082076,19780713,TMAX,102,,,a,
ASN00082076,19780714,TMAX,86,,,a,
ASN00082076,19780715,TMAX,97,,,a,
ASN00082076,19780716,TMAX,108,,,a,
ASN00082076,19780717,TMAX,82,,,a,
ASN00082076,19780718,TMAX,105,,,a,
ASN00082076,19780719,TMAX,152,,,a,
ASN00082076,19780720,TMAX,107,,,a,
ASN00082076,19780721,TMAX,139,,,a,
ASN00082076,19780722,TMAX,104,,,a,
ASN00082076,19780723,TMAX,98,,,a,
ASN00082076,19780724,TMAX,116,,,a,
ASN00082076,19780725,TMAX,133,,,a,
ASN00082076,19780726,TMAX,112,,,a,
ASN00082076,19780727,TMAX,105,,,a,
ASN00082076,19780728,TMAX,125,,,a,
ASN00082076,19780729,TMAX,98,,,a,
ASN00082076,19780730,TMAX,134,,,a,
ASN00082076,19780731,TMAX,148,,,a,
ASN00082076,19780701,TMIN,3,,,a,
ASN00082076,19780702,TMIN,37,,,a,
ASN00082076,19780703,TMIN,62,,,a,
ASN00082076,19780704,TMIN,24,,,a,
ASN00082076,19780705,TMIN,48,,,a,
ASN00082076,19780706,TMIN,24,,,a,
ASN00082076,19780707,TMIN,-12,,,a,
ASN00082076,19780708,TMIN,-2,,,a,
ASN00082076,19780709,TMIN,23,,,a,
ASN00082076,19780710,TMIN,13,,,a,
ASN00082076,19780711,TMIN,4,,,a,
ASN00082076,19780712,TMIN,27,,,a,
ASN00082076,19780713,TMIN,7,,,a,
ASN00082076,19780714,TMIN,37,,,a,
ASN00082076,19780715,TMIN,2,,,a,
ASN00082076,19780716,TMIN,15,,,a,
ASN00082076,19780717,TMIN,-2,,,a,
ASN00082076,19780718,TMIN,28,,,a,
ASN00082076,19780719,TMIN,65,,,a,
ASN00082076,19780720,TMIN,38,,,a,
ASN00082076,19780721,TMIN,69,,,a,
ASN00082076,19780722,TMIN,42,,,a,
ASN00082076,19780723,TMIN,65,,,a,
ASN00082076,19780724,TMIN,56,,,a,
ASN00082076,19780725,TMIN,42,,,a,
ASN00082076,19780726,TMIN,20,,,a,
ASN00082076,19780727,TMIN,-4,,,a,
ASN00082076,19780728,TMIN,7,,,a,
ASN00082076,19780729,TMIN,6,,,a,
ASN00082076,19780730,TMIN,29,,,a,
ASN00082076,19780731,TMIN,15,,,a,
ASN00082076,19780701,PRCP,0,,,a,
ASN00082076,19780702,PRCP,28,,,a,
ASN00082076,19780703,PRCP,66,,,a,
ASN00082076,19780704,PRCP,92,,,a,
ASN00082076,19780705,PRCP,86,,,a,
ASN00082076,19780706,PRCP,318,,,a,
ASN00082076,19780707,PRCP,26,,,a,
ASN00082076,19780708,PRCP,0,,,a,
ASN00082076,19780709,PRCP,7,,,a,
ASN00082076,19780710,PRCP,2,,,a,
ASN00082076,19780711,PRCP,0,,,a,
ASN00082076,19780712,PRCP,38,,,a,
ASN00082076,19780713,PRCP,16,,,a,
ASN00082076,19780714,PRCP,18,,,a,
ASN00082076,19780715,PRCP,0,,,a,
ASN00082076,19780716,PRCP,0,,,a,
ASN00082076,19780717,PRCP,0,,,a,
ASN00082076,19780718,PRCP,76,,,a,
ASN00082076,19780719,PRCP,24,,,a,
ASN00082076,19780720,PRCP,70,,,a,
ASN00082076,19780721,PRCP,32,,,a,
ASN00082076,19780722,PRCP,116,,,a,
ASN00082076,19780723,PRCP,666,,,a,
ASN00082076,19780724,PRCP,48,,,a,
ASN00082076,19780725,PRCP,40,,,a,
ASN00082076,19780726,PRCP,0,,,a,
ASN00082076,19780727,PRCP,14,,,a,
ASN00082076,19780728,PRCP,2,,,a,
ASN00082076,19780729,PRCP,0,,,a,
ASN00082076,19780730,PRCP,0,,,a,
ASN00082076,19780731,PRCP,0,,,a,
ASN00082076,19780801,TMAX,137,,,a,
ASN00082076,19780802,TMAX,135,,,a,
ASN00082076,19780803,TMAX,141,,,a,
ASN00082076,19780804,TMAX,152,,,a,
ASN00082076,19780805,TMAX,133,,,a,
ASN00082076,19780806,TMAX,118,,,a,
ASN00082076,19780807,TMAX,152,,,a,
ASN00082076,19780808,TMAX,97,,,a,
ASN00082076,19780809,TMAX,72,,,a,
ASN00082076,19780810,TMAX,106,,,a,
ASN00082076,19780811,TMAX,103,,,a,
ASN00082076,19780812,TMAX,90,,,a,
ASN00082076,19780813,TMAX,116,,,a,
ASN00082076,19780814,TMAX,131,,,a,
ASN00082076,19780815,TMAX,94,,,a,
ASN00082076,19780816,TMAX,99,,,a,
ASN00082076,19780817,TMAX,122,,,a,
ASN00082076,19780820,TMAX,157,,,a,
ASN00082076,19780821,TMAX,126,,,a,
ASN00082076,19780822,TMAX,132,,,a,
ASN00082076,19780823,TMAX,123,,,a,
ASN00082076,19780824,TMAX,140,,,a,
ASN00082076,19780825,TMAX,122,,,a,
ASN00082076,19780826,TMAX,136,,,a,
ASN00082076,19780827,TMAX,130,,,a,
ASN00082076,19780828,TMAX,153,,,a,
ASN00082076,19780829,TMAX,159,,,a,
ASN00082076,19780830,TMAX,173,,,a,
ASN00082076,19780831,TMAX,182,,,a,
ASN00082076,19780801,TMIN,5,,,a,
ASN00082076,19780802,TMIN,32,,,a,
ASN00082076,19780803,TMIN,47,,,a,
ASN00082076,19780804,TMIN,16,,,a,
ASN00082076,19780805,TMIN,24,,,a,
ASN00082076,19780806,TMIN,38,,,a,
ASN00082076,19780807,TMIN,86,,,a,
ASN00082076,19780808,TMIN,74,,,a,
ASN00082076,19780809,TMIN,45,,,a,
ASN00082076,19780810,TMIN,51,,,a,
ASN00082076,19780811,TMIN,47,,,a,
ASN00082076,19780812,TMIN,64,,,a,
ASN00082076,19780813,TMIN,-24,,,a,
ASN00082076,19780814,TMIN,-23,,,a,
ASN00082076,19780815,TMIN,5,,,a,
ASN00082076,19780816,TMIN,36,,,a,
ASN00082076,19780817,TMIN,31,,,a,
ASN00082076,19780818,TMIN,8,,,a,
ASN00082076,19780821,TMIN,25,,,a,
ASN00082076,19780822,TMIN,49,,,a,
ASN00082076,19780823,TMIN,-2,,,a,
ASN00082076,19780824,TMIN,-19,,,a,
ASN00082076,19780825,TMIN,-16,,,a,
ASN00082076,19780826,TMIN,6,,,a,
ASN00082076,19780827,TMIN,-22,,,a,
ASN00082076,19780828,TMIN,-13,,,a,
ASN00082076,19780829,TMIN,-3,,,a,
ASN00082076,19780830,TMIN,12,,,a,
ASN00082076,19780831,TMIN,16,,,a,
ASN00082076,19780801,PRCP,0,,,a,
ASN00082076,19780802,PRCP,38,,,a,
ASN00082076,19780803,PRCP,0,,,a,
ASN00082076,19780804,PRCP,0,,,a,
ASN00082076,19780805,PRCP,0,,,a,
ASN00082076,19780806,PRCP,38,,,a,
ASN00082076,19780807,PRCP,84,,,a,
ASN00082076,19780808,PRCP,150,,,a,
ASN00082076,19780809,PRCP,76,,,a,
ASN00082076,19780810,PRCP,74,,,a,
ASN00082076,19780811,PRCP,16,,,a,
ASN00082076,19780812,PRCP,124,,,a,
ASN00082076,19780813,PRCP,61,,,a,
ASN00082076,19780814,PRCP,0,,,a,
ASN00082076,19780815,PRCP,4,,,a,
ASN00082076,19780816,PRCP,20,,,a,
ASN00082076,19780817,PRCP,0,,,a,
ASN00082076,19780818,PRCP,0,,,a,
ASN00082076,19780819,PRCP,20,,,a,
ASN00082076,19780820,PRCP,0,,,a,
ASN00082076,19780821,PRCP,24,,,a,
ASN00082076,19780822,PRCP,24,,,a,
ASN00082076,19780823,PRCP,0,,,a,
ASN00082076,19780824,PRCP,0,,,a,
ASN00082076,19780825,PRCP,0,,,a,
ASN00082076,19780826,PRCP,0,,,a,
ASN00082076,19780827,PRCP,0,,,a,
ASN00082076,19780828,PRCP,0,,,a,
ASN00082076,19780829,PRCP,0,,,a,
ASN00082076,19780830,PRCP,0,,,a,
ASN00082076,19780831,PRCP,0,,,a,
ASN00082076,19780901,TMAX,198,,,a,
ASN00082076,19780902,TMAX,185,,,a,
ASN00082076,19780903,TMAX,144,,,a,
ASN00082076,19780904,TMAX,166,,,a,
ASN00082076,19780905,TMAX,144,,,a,
ASN00082076,19780906,TMAX,174,,,a,
ASN00082076,19780907,TMAX,137,,,a,
ASN00082076,19780908,TMAX,160,,,a,
ASN00082076,19780909,TMAX,157,,,a,
ASN00082076,19780910,TMAX,159,,,a,
ASN00082076,19780911,TMAX,191,,,a,
ASN00082076,19780912,TMAX,132,,,a,
ASN00082076,19780913,TMAX,94,,,a,
ASN00082076,19780914,TMAX,102,,,a,
ASN00082076,19780915,TMAX,138,,,a,
ASN00082076,19780916,TMAX,147,,,a,
ASN00082076,19780917,TMAX,172,,,a,
ASN00082076,19780918,TMAX,112,,,a,
ASN00082076,19780919,TMAX,160,,,a,
ASN00082076,19780920,TMAX,188,,,a,
ASN00082076,19780921,TMAX,190,,,a,
ASN00082076,19780922,TMAX,142,,,a,
ASN00082076,19780923,TMAX,179,,,a,
ASN00082076,19780924,TMAX,197,,,a,
ASN00082076,19780925,TMAX,200,,,a,
ASN00082076,19780926,TMAX,185,,,a,
ASN00082076,19780927,TMAX,168,,,a,
ASN00082076,19780928,TMAX,185,,,a,
ASN00082076,19780929,TMAX,180,,,a,
ASN00082076,19780930,TMAX,191,,,a,
ASN00082076,19780901,TMIN,69,,,a,
ASN00082076,19780902,TMIN,46,,,a,
ASN00082076,19780903,TMIN,38,,,a,
ASN00082076,19780904,TMIN,74,,,a,
ASN00082076,19780905,TMIN,95,,,a,
ASN00082076,19780906,TMIN,32,,,a,
ASN00082076,19780907,TMIN,52,,,a,
ASN00082076,19780908,TMIN,92,,,a,
ASN00082076,19780909,TMIN,25,,,a,
ASN00082076,19780910,TMIN,34,,,a,
ASN00082076,19780911,TMIN,27,,,a,
ASN00082076,19780912,TMIN,69,,,a,
ASN00082076,19780913,TMIN,41,,,a,
ASN00082076,19780914,TMIN,6,,,a,
ASN00082076,19780915,TMIN,44,,,a,
ASN00082076,19780916,TMIN,48,,,a,
ASN00082076,19780917,TMIN,33,,,a,
ASN00082076,19780918,TMIN,72,,,a,
ASN00082076,19780919,TMIN,41,,,a,
ASN00082076,19780920,TMIN,35,,,a,
ASN00082076,19780921,TMIN,43,,,a,
ASN00082076,19780922,TMIN,68,,,a,
ASN00082076,19780923,TMIN,89,,,a,
ASN00082076,19780924,TMIN,33,,,a,
ASN00082076,19780925,TMIN,43,,,a,
ASN00082076,19780926,TMIN,52,,,a,
ASN00082076,19780927,TMIN,112,,,a,
ASN00082076,19780928,TMIN,99,,,a,
ASN00082076,19780929,TMIN,64,,,a,
ASN00082076,19780930,TMIN,31,,,a,
ASN00082076,19780901,PRCP,8,,,a,
ASN00082076,19780902,PRCP,10,,,a,
ASN00082076,19780903,PRCP,0,,,a,
ASN00082076,19780904,PRCP,154,,,a,
ASN00082076,19780905,PRCP,266,,,a,
ASN00082076,19780906,PRCP,11,,,a,
ASN00082076,19780907,PRCP,4,,,a,
ASN00082076,19780908,PRCP,18,,,a,
ASN00082076,19780909,PRCP,0,,,a,
ASN00082076,19780910,PRCP,0,,,a,
ASN00082076,19780911,PRCP,0,,,a,
ASN00082076,19780912,PRCP,164,,,a,
ASN00082076,19780913,PRCP,86,,,a,
ASN00082076,19780914,PRCP,66,,,a,
ASN00082076,19780915,PRCP,0,,,a,
ASN00082076,19780916,PRCP,0,,,a,
ASN00082076,19780917,PRCP,0,,,a,
ASN00082076,19780918,PRCP,64,,,a,
ASN00082076,19780919,PRCP,180,,,a,
ASN00082076,19780920,PRCP,0,,,a,
ASN00082076,19780921,PRCP,0,,,a,
ASN00082076,19780922,PRCP,4,,,a,
ASN00082076,19780923,PRCP,108,,,a,
ASN00082076,19780924,PRCP,0,,,a,
ASN00082076,19780925,PRCP,0,,,a,
ASN00082076,19780926,PRCP,0,,,a,
ASN00082076,19780927,PRCP,460,,,a,
ASN00082076,19780928,PRCP,20,,,a,
ASN00082076,19780929,PRCP,0,,,a,
ASN00082076,19780930,PRCP,0,,,a,
ASN00082076,19781001,TMAX,197,,,a,
ASN00082076,19781002,TMAX,214,,,a,
ASN00082076,19781003,TMAX,219,,,a,
ASN00082076,19781004,TMAX,181,,,a,
ASN00082076,19781005,TMAX,186,,,a,
ASN00082076,19781006,TMAX,179,,,a,
ASN00082076,19781007,TMAX,186,,,a,
ASN00082076,19781008,TMAX,194,,,a,
ASN00082076,19781009,TMAX,199,,,a,
ASN00082076,19781010,TMAX,224,,,a,
ASN00082076,19781011,TMAX,242,,,a,
ASN00082076,19781012,TMAX,258,,,a,
ASN00082076,19781013,TMAX,132,,,a,
ASN00082076,19781014,TMAX,159,,,a,
ASN00082076,19781015,TMAX,116,,,a,
ASN00082076,19781016,TMAX,157,,,a,
ASN00082076,19781017,TMAX,154,,,a,
ASN00082076,19781018,TMAX,141,,,a,
ASN00082076,19781019,TMAX,190,,,a,
ASN00082076,19781020,TMAX,217,,,a,
ASN00082076,19781021,TMAX,234,,,a,
ASN00082076,19781022,TMAX,253,,,a,
ASN00082076,19781023,TMAX,252,,,a,
ASN00082076,19781024,TMAX,255,,,a,
ASN00082076,19781025,TMAX,255,,,a,
ASN00082076,19781026,TMAX,270,,,a,
ASN00082076,19781027,TMAX,156,,,a,
ASN00082076,19781028,TMAX,210,,,a,
ASN00082076,19781029,TMAX,220,,,a,
ASN00082076,19781030,TMAX,227,,,a,
ASN00082076,19781031,TMAX,218,,,a,
ASN00082076,19781001,TMIN,44,,,a,
ASN00082076,19781002,TMIN,58,,,a,
ASN00082076,19781003,TMIN,99,,,a,
ASN00082076,19781004,TMIN,73,,,a,
ASN00082076,19781005,TMIN,18,,,a,
ASN00082076,19781006,TMIN,83,,,a,
ASN00082076,19781007,TMIN,44,,,a,
ASN00082076,19781008,TMIN,36,,,a,
ASN00082076,19781009,TMIN,42,,,a,
ASN00082076,19781010,TMIN,40,,,a,
ASN00082076,19781011,TMIN,82,,,a,
ASN00082076,19781012,TMIN,77,,,a,
ASN00082076,19781013,TMIN,128,,,a,
ASN00082076,19781014,TMIN,-8,,,a,
ASN00082076,19781015,TMIN,43,,,a,
ASN00082076,19781016,TMIN,45,,,a,
ASN00082076,19781017,TMIN,56,,,a,
ASN00082076,19781018,TMIN,66,,,a,
ASN00082076,19781019,TMIN,2,,,a,
ASN00082076,19781020,TMIN,20,,,a,
ASN00082076,19781021,TMIN,38,,,a,
ASN00082076,19781022,TMIN,50,,,a,
ASN00082076,19781023,TMIN,56,,,a,
ASN00082076,19781024,TMIN,72,,,a,
ASN00082076,19781025,TMIN,80,,,a,
ASN00082076,19781026,TMIN,120,,,a,
ASN00082076,19781027,TMIN,138,,,a,
ASN00082076,19781028,TMIN,96,,,a,
ASN00082076,19781029,TMIN,70,,,a,
ASN00082076,19781030,TMIN,72,,,a,
ASN00082076,19781031,TMIN,120,,,a,
ASN00082076,19781001,PRCP,0,,,a,
ASN00082076,19781002,PRCP,0,,,a,
ASN00082076,19781003,PRCP,0,,,a,
ASN00082076,19781004,PRCP,0,,,a,
ASN00082076,19781005,PRCP,0,,,a,
ASN00082076,19781006,PRCP,0,,,a,
ASN00082076,19781007,PRCP,0,,,a,
ASN00082076,19781008,PRCP,0,,,a,
ASN00082076,19781009,PRCP,0,,,a,
ASN00082076,19781010,PRCP,0,,,a,
ASN00082076,19781011,PRCP,4,,,a,
ASN00082076,19781012,PRCP,0,,,a,
ASN00082076,19781013,PRCP,42,,,a,
ASN00082076,19781014,PRCP,130,,,a,
ASN00082076,19781015,PRCP,0,,,a,
ASN00082076,19781016,PRCP,0,,,a,
ASN00082076,19781017,PRCP,114,,,a,
ASN00082076,19781018,PRCP,0,,,a,
ASN00082076,19781019,PRCP,4,,,a,
ASN00082076,19781020,PRCP,0,,,a,
ASN00082076,19781021,PRCP,0,,,a,
ASN00082076,19781022,PRCP,0,,,a,
ASN00082076,19781023,PRCP,0,,,a,
ASN00082076,19781024,PRCP,0,,,a,
ASN00082076,19781025,PRCP,0,,,a,
ASN00082076,19781026,PRCP,0,,,a,
ASN00082076,19781027,PRCP,84,,,a,
ASN00082076,19781028,PRCP,246,,,a,
ASN00082076,19781029,PRCP,0,,,a,
ASN00082076,19781030,PRCP,0,,,a,
ASN00082076,19781031,PRCP,222,,,a,
ASN00082076,19781101,TMAX,177,,,a,
ASN00082076,19781102,TMAX,236,,,a,
ASN00082076,19781103,TMAX,255,,,a,
ASN00082076,19781104,TMAX,238,,,a,
ASN00082076,19781105,TMAX,227,,,a,
ASN00082076,19781106,TMAX,237,,,a,
ASN00082076,19781107,TMAX,228,,,a,
ASN00082076,19781108,TMAX,222,,,a,
ASN00082076,19781109,TMAX,178,,,a,
ASN00082076,19781110,TMAX,180,,,a,
ASN00082076,19781111,TMAX,133,,,a,
ASN00082076,19781112,TMAX,159,,,a,
ASN00082076,19781113,TMAX,194,,,a,
ASN00082076,19781114,TMAX,221,,,a,
ASN00082076,19781115,TMAX,247,,,a,
ASN00082076,19781116,TMAX,268,,,a,
ASN00082076,19781117,TMAX,292,,,a,
ASN00082076,19781118,TMAX,287,,,a,
ASN00082076,19781119,TMAX,165,,,a,
ASN00082076,19781120,TMAX,182,,,a,
ASN00082076,19781121,TMAX,220,,,a,
ASN00082076,19781122,TMAX,221,,,a,
ASN00082076,19781123,TMAX,250,,,a,
ASN00082076,19781124,TMAX,272,,,a,
ASN00082076,19781125,TMAX,287,,,a,
ASN00082076,19781126,TMAX,318,,,a,
ASN00082076,19781127,TMAX,309,,,a,
ASN00082076,19781128,TMAX,318,,,a,
ASN00082076,19781129,TMAX,222,,,a,
ASN00082076,19781130,TMAX,195,,,a,
ASN00082076,19781101,TMIN,99,,,a,
ASN00082076,19781102,TMIN,49,,,a,
ASN00082076,19781103,TMIN,112,,,a,
ASN00082076,19781104,TMIN,127,,,a,
ASN00082076,19781105,TMIN,120,,,a,
ASN00082076,19781106,TMIN,87,,,a,
ASN00082076,19781107,TMIN,133,,,a,
ASN00082076,19781108,TMIN,135,,,a,
ASN00082076,19781109,TMIN,108,,,a,
ASN00082076,19781110,TMIN,59,,,a,
ASN00082076,19781111,TMIN,69,,,a,
ASN00082076,19781112,TMIN,29,,,a,
ASN00082076,19781113,TMIN,83,,,a,
ASN00082076,19781114,TMIN,24,,,a,
ASN00082076,19781115,TMIN,76,,,a,
ASN00082076,19781116,TMIN,84,,,a,
ASN00082076,19781117,TMIN,95,,,a,
ASN00082076,19781118,TMIN,166,,,a,
ASN00082076,19781119,TMIN,139,,,a,
ASN00082076,19781120,TMIN,40,,,a,
ASN00082076,19781121,TMIN,83,,,a,
ASN00082076,19781122,TMIN,61,,,a,
ASN00082076,19781123,TMIN,57,,,a,
ASN00082076,19781124,TMIN,85,,,a,
ASN00082076,19781125,TMIN,97,,,a,
ASN00082076,19781126,TMIN,120,,,a,
ASN00082076,19781127,TMIN,150,,,a,
ASN00082076,19781128,TMIN,152,,,a,
ASN00082076,19781129,TMIN,175,,,a,
ASN00082076,19781130,TMIN,73,,,a,
ASN00082076,19781101,PRCP,4,,,a,
ASN00082076,19781102,PRCP,0,,,a,
ASN00082076,19781103,PRCP,0,,,a,
ASN00082076,19781104,PRCP,0,,,a,
ASN00082076,19781105,PRCP,116,,,a,
ASN00082076,19781106,PRCP,56,,,a,
ASN00082076,19781107,PRCP,60,,,a,
ASN00082076,19781108,PRCP,72,,,a,
ASN00082076,19781109,PRCP,76,,,a,
ASN00082076,19781110,PRCP,0,,,a,
ASN00082076,19781111,PRCP,258,,,a,
ASN00082076,19781112,PRCP,0,,,a,
ASN00082076,19781113,PRCP,112,,,a,
ASN00082076,19781114,PRCP,0,,,a,
ASN00082076,19781115,PRCP,0,,,a,
ASN00082076,19781116,PRCP,0,,,a,
ASN00082076,19781117,PRCP,0,,,a,
ASN00082076,19781118,PRCP,0,,,a,
ASN00082076,19781119,PRCP,234,,,a,
ASN00082076,19781120,PRCP,98,,,a,
ASN00082076,19781121,PRCP,0,,,a,
ASN00082076,19781122,PRCP,0,,,a,
ASN00082076,19781123,PRCP,0,,,a,
ASN00082076,19781124,PRCP,0,,,a,
ASN00082076,19781125,PRCP,0,,,a,
ASN00082076,19781126,PRCP,0,,,a,
ASN00082076,19781127,PRCP,171,,,a,
ASN00082076,19781128,PRCP,0,,,a,
ASN00082076,19781129,PRCP,12,,,a,
ASN00082076,19781130,PRCP,249,,,a,
ASN00082076,19781201,TMAX,227,,,a,
ASN00082076,19781202,TMAX,253,,,a,
ASN00082076,19781203,TMAX,206,,,a,
ASN00082076,19781204,TMAX,190,,,a,
ASN00082076,19781205,TMAX,152,,,a,
ASN00082076,19781206,TMAX,220,,,a,
ASN00082076,19781207,TMAX,250,,,a,
ASN00082076,19781208,TMAX,258,,,a,
ASN00082076,19781209,TMAX,260,,,a,
ASN00082076,19781210,TMAX,274,,,a,
ASN00082076,19781211,TMAX,289,,,a,
ASN00082076,19781212,TMAX,178,,,a,
ASN00082076,19781213,TMAX,156,,,a,
ASN00082076,19781214,TMAX,205,,,a,
ASN00082076,19781215,TMAX,258,,,a,
ASN00082076,19781216,TMAX,274,,,a,
ASN00082076,19781217,TMAX,190,,,a,
ASN00082076,19781218,TMAX,215,,,a,
ASN00082076,19781219,TMAX,195,,,a,
ASN00082076,19781220,TMAX,220,,,a,
ASN00082076,19781221,TMAX,260,,,a,
ASN00082076,19781222,TMAX,280,,,a,
ASN00082076,19781226,TMAX,310,,,a,
ASN00082076,19781227,TMAX,260,,,a,
ASN00082076,19781228,TMAX,280,,,a,
ASN00082076,19781229,TMAX,280,,,a,
ASN00082076,19781201,TMIN,83,,,a,
ASN00082076,19781202,TMIN,87,,,a,
ASN00082076,19781203,TMIN,100,,,a,
ASN00082076,19781204,TMIN,133,,,a,
ASN00082076,19781205,TMIN,69,,,a,
ASN00082076,19781206,TMIN,63,,,a,
ASN00082076,19781207,TMIN,80,,,a,
ASN00082076,19781208,TMIN,110,,,a,
ASN00082076,19781209,TMIN,121,,,a,
ASN00082076,19781210,TMIN,149,,,a,
ASN00082076,19781211,TMIN,112,,,a,
ASN00082076,19781212,TMIN,132,,,a,
ASN00082076,19781213,TMIN,89,,,a,
ASN00082076,19781214,TMIN,100,,,a,
ASN00082076,19781215,TMIN,102,,,a,
ASN00082076,19781216,TMIN,104,,,a,
ASN00082076,19781217,TMIN,143,,,a,
ASN00082076,19781218,TMIN,103,,,a,
ASN00082076,19781219,TMIN,77,,,a,
ASN00082076,19781220,TMIN,85,,,a,
ASN00082076,19781221,TMIN,70,,,a,
ASN00082076,19781222,TMIN,85,,,a,
ASN00082076,19781223,TMIN,138,,,a,
ASN00082076,19781227,TMIN,115,,,a,
ASN00082076,19781228,TMIN,135,,,a,
ASN00082076,19781229,TMIN,170,,,a,
ASN00082076,19781230,TMIN,145,,,a,
ASN00082076,19781201,PRCP,0,,,a,
ASN00082076,19781202,PRCP,0,,,a,
ASN00082076,19781203,PRCP,0,,,a,
ASN00082076,19781204,PRCP,112,,,a,
ASN00082076,19781205,PRCP,30,,,a,
ASN00082076,19781206,PRCP,0,,,a,
ASN00082076,19781207,PRCP,0,,,a,
ASN00082076,19781208,PRCP,0,,,a,
ASN00082076,19781209,PRCP,0,,,a,
ASN00082076,19781210,PRCP,0,,,a,
ASN00082076,19781211,PRCP,0,,,a,
ASN00082076,19781212,PRCP,72,,,a,
ASN00082076,19781213,PRCP,163,,,a,
ASN00082076,19781214,PRCP,93,,,a,
ASN00082076,19781215,PRCP,0,,,a,
ASN00082076,19781216,PRCP,0,,,a,
ASN00082076,19781217,PRCP,33,,,a,
ASN00082076,19781218,PRCP,80,,,a,
ASN00082076,19781219,PRCP,0,,,a,
ASN00082076,19781220,PRCP,0,,,a,
ASN00082076,19781221,PRCP,0,,,a,
ASN00082076,19781222,PRCP,0,,,a,
ASN00082076,19781223,PRCP,0,,,a,
ASN00082076,19781224,PRCP,0,,,a,
ASN00082076,19781225,PRCP,0,,,a,
ASN00082076,19781228,PRCP,0,,,a,
ASN00082076,19781229,PRCP,0,,,a,
ASN00082076,19781230,PRCP,0,,,a,
ASN00082076,19781231,PRCP,0,,,a,
ASN00082076,19781227,DAPR,2,,,a,
ASN00082076,19781227,DWPR,2,,,a,
ASN00082076,19781227,MDPR,178,,,a,
ASN00082076,19790102,TMAX,345,,,a,
ASN00082076,19790103,TMAX,305,,,a,
ASN00082076,19790104,TMAX,318,,,a,
ASN00082076,19790105,TMAX,354,,,a,
ASN00082076,19790106,TMAX,378,,,a,
ASN00082076,19790107,TMAX,307,,,a,
ASN00082076,19790108,TMAX,349,,,a,
ASN00082076,19790109,TMAX,391,,,a,
ASN00082076,19790110,TMAX,298,,,a,
ASN00082076,19790111,TMAX,317,,,a,
ASN00082076,19790112,TMAX,307,,,a,
ASN00082076,19790113,TMAX,297,,,a,
ASN00082076,19790114,TMAX,349,,,a,
ASN00082076,19790115,TMAX,315,,,a,
ASN00082076,19790116,TMAX,315,,,a,
ASN00082076,19790117,TMAX,241,,,a,
ASN00082076,19790118,TMAX,312,,,a,
ASN00082076,19790119,TMAX,332,,,a,
ASN00082076,19790120,TMAX,342,,,a,
ASN00082076,19790121,TMAX,279,,,a,
ASN00082076,19790122,TMAX,291,,,a,
ASN00082076,19790123,TMAX,320,,,a,
ASN00082076,19790124,TMAX,329,,,a,
ASN00082076,19790125,TMAX,340,,,a,
ASN00082076,19790126,TMAX,300,,,a,
ASN00082076,19790127,TMAX,270,,,a,
ASN00082076,19790128,TMAX,310,,,a,
ASN00082076,19790129,TMAX,305,,,a,
ASN00082076,19790130,TMAX,337,,,a,
ASN00082076,19790131,TMAX,353,,,a,
ASN00082076,19790103,TMIN,125,,,a,
ASN00082076,19790104,TMIN,131,,,a,
ASN00082076,19790105,TMIN,145,,,a,
ASN00082076,19790106,TMIN,188,,,a,
ASN00082076,19790107,TMIN,166,,,a,
ASN00082076,19790108,TMIN,166,,,a,
ASN00082076,19790109,TMIN,158,,,a,
ASN00082076,19790110,TMIN,184,,,a,
ASN00082076,19790111,TMIN,130,,,a,
ASN00082076,19790112,TMIN,143,,,a,
ASN00082076,19790113,TMIN,150,,,a,
ASN00082076,19790114,TMIN,133,,,a,
ASN00082076,19790115,TMIN,185,,,a,
ASN00082076,19790116,TMIN,131,,,a,
ASN00082076,19790117,TMIN,190,,,a,
ASN00082076,19790118,TMIN,155,,,a,
ASN00082076,19790119,TMIN,156,,,a,
ASN00082076,19790120,TMIN,150,,,a,
ASN00082076,19790121,TMIN,205,,,a,
ASN00082076,19790122,TMIN,170,,,a,
ASN00082076,19790123,TMIN,135,,,a,
ASN00082076,19790124,TMIN,130,,,a,
ASN00082076,19790125,TMIN,145,,,a,
ASN00082076,19790126,TMIN,145,,,a,
ASN00082076,19790127,TMIN,145,,,a,
ASN00082076,19790128,TMIN,145,,,a,
ASN00082076,19790129,TMIN,105,,,a,
ASN00082076,19790130,TMIN,112,,,a,
ASN00082076,19790131,TMIN,149,,,a,
ASN00082076,19790101,PRCP,0,,,a,
ASN00082076,19790102,PRCP,0,,,a,
ASN00082076,19790103,PRCP,0,,,a,
ASN00082076,19790104,PRCP,0,,,a,
ASN00082076,19790105,PRCP,0,,,a,
ASN00082076,19790106,PRCP,0,,,a,
ASN00082076,19790107,PRCP,0,,,a,
ASN00082076,19790108,PRCP,12,,,a,
ASN00082076,19790109,PRCP,0,,,a,
ASN00082076,19790110,PRCP,2,,,a,
ASN00082076,19790111,PRCP,0,,,a,
ASN00082076,19790112,PRCP,0,,,a,
ASN00082076,19790113,PRCP,0,,,a,
ASN00082076,19790114,PRCP,0,,,a,
ASN00082076,19790115,PRCP,0,,,a,
ASN00082076,19790116,PRCP,0,,,a,
ASN00082076,19790117,PRCP,18,,,a,
ASN00082076,19790118,PRCP,42,,,a,
ASN00082076,19790119,PRCP,0,,,a,
ASN00082076,19790120,PRCP,0,,,a,
ASN00082076,19790121,PRCP,0,,,a,
ASN00082076,19790122,PRCP,0,,,a,
ASN00082076,19790123,PRCP,0,,,a,
ASN00082076,19790124,PRCP,0,,,a,
ASN00082076,19790125,PRCP,0,,,a,
ASN00082076,19790126,PRCP,30,,,a,
ASN00082076,19790127,PRCP,0,,,a,
ASN00082076,19790128,PRCP,0,,,a,
ASN00082076,19790129,PRCP,0,,,a,
ASN00082076,19790130,PRCP,0,,,a,
ASN00082076,19790131,PRCP,0,,,a,
ASN00082076,19790201,TMAX,348,,,a,
ASN00082076,19790202,TMAX,363,,,a,
ASN00082076,19790203,TMAX,342,,,a,
ASN00082076,19790204,TMAX,270,,,a,
ASN00082076,19790205,TMAX,307,,,a,
ASN00082076,19790206,TMAX,325,,,a,
ASN00082076,19790207,TMAX,334,,,a,
ASN00082076,19790208,TMAX,332,,,a,
ASN00082076,19790209,TMAX,340,,,a,
ASN00082076,19790210,TMAX,344,,,a,
ASN00082076,19790211,TMAX,356,,,a,
ASN00082076,19790212,TMAX,358,,,a,
ASN00082076,19790213,TMAX,295,,,a,
ASN00082076,19790214,TMAX,236,,,a,
ASN00082076,19790215,TMAX,250,,,a,
ASN00082076,19790216,TMAX,217,,,a,
ASN00082076,19790217,TMAX,260,,,a,
ASN00082076,19790218,TMAX,243,,,a,
ASN00082076,19790219,TMAX,310,,,a,
ASN00082076,19790220,TMAX,319,,,a,
ASN00082076,19790221,TMAX,325,,,a,
ASN00082076,19790222,TMAX,315,,,a,
ASN00082076,19790223,TMAX,330,,,a,
ASN00082076,19790224,TMAX,340,,,a,
ASN00082076,19790225,TMAX,344,,,a,
ASN00082076,19790226,TMAX,298,,,a,
ASN00082076,19790227,TMAX,303,,,a,
ASN00082076,19790228,TMAX,311,,,a,
ASN00082076,19790201,TMIN,152,,,a,
ASN00082076,19790202,TMIN,149,,,a,
ASN00082076,19790203,TMIN,161,,,a,
ASN00082076,19790204,TMIN,142,,,a,
ASN00082076,19790205,TMIN,133,,,a,
ASN00082076,19790206,TMIN,118,,,a,
ASN00082076,19790207,TMIN,146,,,a,
ASN00082076,19790208,TMIN,181,,,a,
ASN00082076,19790209,TMIN,193,,,a,
ASN00082076,19790210,TMIN,145,,,a,
ASN00082076,19790211,TMIN,122,,,a,
ASN00082076,19790212,TMIN,127,,,a,
ASN00082076,19790213,TMIN,128,,,a,
ASN00082076,19790214,TMIN,145,,,a,
ASN00082076,19790215,TMIN,51,,,a,
ASN00082076,19790216,TMIN,65,,,a,
ASN00082076,19790217,TMIN,85,,,a,
ASN00082076,19790218,TMIN,125,,,a,
ASN00082076,19790219,TMIN,130,,,a,
ASN00082076,19790220,TMIN,110,,,a,
ASN00082076,19790221,TMIN,116,,,a,
ASN00082076,19790222,TMIN,121,,,a,
ASN00082076,19790223,TMIN,130,,,a,
ASN00082076,19790224,TMIN,177,,,a,
ASN00082076,19790225,TMIN,152,,,a,
ASN00082076,19790226,TMIN,154,,,a,
ASN00082076,19790227,TMIN,110,,,a,
ASN00082076,19790228,TMIN,170,,,a,
ASN00082076,19790201,PRCP,0,,,a,
ASN00082076,19790202,PRCP,0,,,a,
ASN00082076,19790203,PRCP,0,,,a,
ASN00082076,19790204,PRCP,0,,,a,
ASN00082076,19790205,PRCP,0,,,a,
ASN00082076,19790206,PRCP,0,,,a,
ASN00082076,19790207,PRCP,0,,,a,
ASN00082076,19790208,PRCP,0,,,a,
ASN00082076,19790209,PRCP,0,,,a,
ASN00082076,19790210,PRCP,0,,,a,
ASN00082076,19790211,PRCP,0,,,a,
ASN00082076,19790212,PRCP,0,,,a,
ASN00082076,19790213,PRCP,0,,,a,
ASN00082076,19790214,PRCP,5,,,a,
ASN00082076,19790215,PRCP,0,,,a,
ASN00082076,19790216,PRCP,0,,,a,
ASN00082076,19790217,PRCP,0,,,a,
ASN00082076,19790218,PRCP,0,,,a,
ASN00082076,19790219,PRCP,0,,,a,
ASN00082076,19790220,PRCP,0,,,a,
ASN00082076,19790221,PRCP,0,,,a,
ASN00082076,19790222,PRCP,0,,,a,
ASN00082076,19790223,PRCP,0,,,a,
ASN00082076,19790224,PRCP,0,,,a,
ASN00082076,19790225,PRCP,0,,,a,
ASN00082076,19790226,PRCP,10,,,a,
ASN00082076,19790227,PRCP,0,,,a,
ASN00082076,19790228,PRCP,0,,,a,
ASN00082076,19790301,TMAX,325,,,a,
ASN00082076,19790302,TMAX,240,,,a,
ASN00082076,19790303,TMAX,215,,,a,
ASN00082076,19790304,TMAX,225,,,a,
ASN00082076,19790305,TMAX,257,,,a,
ASN00082076,19790306,TMAX,208,,,a,
ASN00082076,19790307,TMAX,235,,,a,
ASN00082076,19790308,TMAX,275,,,a,
ASN00082076,19790309,TMAX,304,,,a,
ASN00082076,19790312,TMAX,320,,,a,
ASN00082076,19790313,TMAX,321,,,a,
ASN00082076,19790314,TMAX,280,,,a,
ASN00082076,19790315,TMAX,211,,,a,
ASN00082076,19790316,TMAX,261,,,a,
ASN00082076,19790318,TMAX,288,,,a,
ASN00082076,19790319,TMAX,281,,,a,
ASN00082076,19790320,TMAX,297,,,a,
ASN00082076,19790321,TMAX,294,,,a,
ASN00082076,19790322,TMAX,270,,,a,
ASN00082076,19790323,TMAX,255,,,a,
ASN00082076,19790325,TMAX,240,,,a,
ASN00082076,19790326,TMAX,248,,,a,
ASN00082076,19790327,TMAX,227,,,a,
ASN00082076,19790328,TMAX,244,,,a,
ASN00082076,19790329,TMAX,255,,,a,
ASN00082076,19790330,TMAX,257,,,a,
ASN00082076,19790301,TMIN,140,,,a,
ASN00082076,19790302,TMIN,170,,,a,
ASN00082076,19790303,TMIN,155,,,a,
ASN00082076,19790304,TMIN,155,,,a,
ASN00082076,19790305,TMIN,99,,,a,
ASN00082076,19790306,TMIN,82,,,a,
ASN00082076,19790307,TMIN,120,,,a,
ASN00082076,19790308,TMIN,73,,,a,
ASN00082076,19790309,TMIN,67,,,a,
ASN00082076,19790310,TMIN,145,,,a,
ASN00082076,19790313,TMIN,108,,,a,
ASN00082076,19790314,TMIN,72,,,a,
ASN00082076,19790315,TMIN,129,,,a,
ASN00082076,19790316,TMIN,167,,,a,
ASN00082076,19790317,TMIN,127,,,a,
ASN00082076,19790319,TMIN,114,,,a,
ASN00082076,19790320,TMIN,114,,,a,
ASN00082076,19790321,TMIN,153,,,a,
ASN00082076,19790322,TMIN,85,,,a,
ASN00082076,19790323,TMIN,82,,,a,
ASN00082076,19790324,TMIN,90,,,a,
ASN00082076,19790326,TMIN,44,,,a,
ASN00082076,19790327,TMIN,35,,,a,
ASN00082076,19790328,TMIN,128,,,a,
ASN00082076,19790329,TMIN,133,,,a,
ASN00082076,19790330,TMIN,73,,,a,
ASN00082076,19790331,TMIN,64,,,a,
ASN00082076,19790301,PRCP,0,,,a,
ASN00082076,19790302,PRCP,20,,,a,
ASN00082076,19790303,PRCP,87,,,a,
ASN00082076,19790304,PRCP,0,,,a,
ASN00082076,19790305,PRCP,0,,,a,
ASN00082076,19790306,PRCP,0,,,a,
ASN00082076,19790307,PRCP,18,,,a,
ASN00082076,19790308,PRCP,0,,,a,
ASN00082076,19790309,PRCP,0,,,a,
ASN00082076,19790310,PRCP,0,,,a,
ASN00082076,19790311,PRCP,0,,,a,
ASN00082076,19790312,PRCP,0,,,a,
ASN00082076,19790313,PRCP,0,,,a,
ASN00082076,19790314,PRCP,264,,,a,
ASN00082076,19790315,PRCP,0,,,a,
ASN00082076,19790316,PRCP,14,,,a,
ASN00082076,19790317,PRCP,0,,,a,
ASN00082076,19790318,PRCP,0,,,a,
ASN00082076,19790319,PRCP,0,,,a,
ASN00082076,19790320,PRCP,0,,,a,
ASN00082076,19790321,PRCP,38,,,a,
ASN00082076,19790322,PRCP,0,,,a,
ASN00082076,19790323,PRCP,0,,,a,
ASN00082076,19790324,PRCP,0,,,a,
ASN00082076,19790325,PRCP,0,,,a,
ASN00082076,19790326,PRCP,0,,,a,
ASN00082076,19790327,PRCP,1,,,a,
ASN00082076,19790328,PRCP,0,,,a,
ASN00082076,19790329,PRCP,0,,,a,
ASN00082076,19790330,PRCP,0,,,a,
ASN00082076,19790331,PRCP,0,,,a,
ASN00082076,19790401,TMAX,265,,,a,
ASN00082076,19790402,TMAX,205,,,a,
ASN00082076,19790403,TMAX,151,,,a,
ASN00082076,19790404,TMAX,184,,,a,
ASN00082076,19790405,TMAX,175,,,a,
ASN00082076,19790406,TMAX,202,,,a,
ASN00082076,19790408,TMAX,217,,,a,
ASN00082076,19790409,TMAX,195,,,a,
ASN00082076,19790410,TMAX,158,,,a,
ASN00082076,19790411,TMAX,169,,,a,
ASN00082076,19790413,TMAX,205,,,a,
ASN00082076,19790416,TMAX,244,,,a,
ASN00082076,19790417,TMAX,212,,,a,
ASN00082076,19790418,TMAX,157,,,a,
ASN00082076,19790419,TMAX,158,,,a,
ASN00082076,19790420,TMAX,165,,,a,
ASN00082076,19790422,TMAX,237,,,a,
ASN00082076,19790423,TMAX,168,,,a,
ASN00082076,19790425,TMAX,185,,,a,
ASN00082076,19790426,TMAX,148,,,a,
ASN00082076,19790427,TMAX,195,,,a,
ASN00082076,19790429,TMAX,205,,,a,
ASN00082076,19790402,TMIN,105,,,a,
ASN00082076,19790403,TMIN,59,,,a,
ASN00082076,19790404,TMIN,85,,,a,
ASN00082076,19790405,TMIN,52,,,a,
ASN00082076,19790406,TMIN,68,,,a,
ASN00082076,19790407,TMIN,60,,,a,
ASN00082076,19790409,TMIN,48,,,a,
ASN00082076,19790410,TMIN,24,,,a,
ASN00082076,19790411,TMIN,41,,,a,
ASN00082076,19790412,TMIN,50,,,a,
ASN00082076,19790414,TMIN,40,,,a,
ASN00082076,19790417,TMIN,42,,,a,
ASN00082076,19790418,TMIN,110,,,a,
ASN00082076,19790419,TMIN,92,,,a,
ASN00082076,19790420,TMIN,62,,,a,
ASN00082076,19790421,TMIN,106,,,a,
ASN00082076,19790423,TMIN,30,,,a,
ASN00082076,19790424,TMIN,30,,,a,
ASN00082076,19790426,TMIN,28,,,a,
ASN00082076,19790427,TMIN,93,,,a,
ASN00082076,19790428,TMIN,42,,,a,
ASN00082076,19790430,TMIN,46,,,a,
ASN00082076,19790403,PRCP,3,,,a,
ASN00082076,19790404,PRCP,124,,,a,
ASN00082076,19790405,PRCP,0,,,a,
ASN00082076,19790406,PRCP,50,,,a,
ASN00082076,19790407,PRCP,0,,,a,
ASN00082076,19790408,PRCP,0,,,a,
ASN00082076,19790409,PRCP,0,,,a,
ASN00082076,19790410,PRCP,0,,,a,
ASN00082076,19790411,PRCP,0,,,a,
ASN00082076,19790412,PRCP,0,,,a,
ASN00082076,19790413,PRCP,0,,,a,
ASN00082076,19790414,PRCP,0,,,a,
ASN00082076,19790415,PRCP,0,,,a,
ASN00082076,19790416,PRCP,0,,,a,
ASN00082076,19790417,PRCP,0,,,a,
ASN00082076,19790418,PRCP,196,,,a,
ASN00082076,19790419,PRCP,7,,,a,
ASN00082076,19790420,PRCP,70,,,a,
ASN00082076,19790421,PRCP,15,,,a,
ASN00082076,19790422,PRCP,16,,,a,
ASN00082076,19790423,PRCP,0,,,a,
ASN00082076,19790424,PRCP,0,,,a,
ASN00082076,19790425,PRCP,0,,,a,
ASN00082076,19790426,PRCP,34,,,a,
ASN00082076,19790427,PRCP,5,,,a,
ASN00082076,19790428,PRCP,0,,,a,
ASN00082076,19790429,PRCP,0,,,a,
ASN00082076,19790430,PRCP,0,,,a,
ASN00082076,19790402,DAPR,2,,,a,
ASN00082076,19790402,DWPR,2,,,a,
ASN00082076,19790402,MDPR,294,,,a,
ASN00082076,19790501,TMAX,217,,,a,
ASN00082076,19790502,TMAX,207,,,a,
ASN00082076,19790503,TMAX,142,,,a,
ASN00082076,19790504,TMAX,149,,,a,
ASN00082076,19790506,TMAX,170,,,a,
ASN00082076,19790507,TMAX,145,,,a,
ASN00082076,19790508,TMAX,170,,,a,
ASN00082076,19790509,TMAX,181,,,a,
ASN00082076,19790510,TMAX,157,,,a,
ASN00082076,19790511,TMAX,130,,,a,
ASN00082076,19790513,TMAX,149,,,a,
ASN00082076,19790514,TMAX,148,,,a,
ASN00082076,19790515,TMAX,130,,,a,
ASN00082076,19790516,TMAX,149,,,a,
ASN00082076,19790517,TMAX,136,,,a,
ASN00082076,19790518,TMAX,154,,,a,
ASN00082076,19790520,TMAX,164,,,a,
ASN00082076,19790521,TMAX,187,,,a,
ASN00082076,19790522,TMAX,167,,,a,
ASN00082076,19790523,TMAX,130,,,a,
ASN00082076,19790524,TMAX,117,,,a,
ASN00082076,19790525,TMAX,160,,,a,
ASN00082076,19790527,TMAX,135,,,a,
ASN00082076,19790528,TMAX,129,,,a,
ASN00082076,19790529,TMAX,114,,,a,
ASN00082076,19790530,TMAX,140,,,a,
ASN00082076,19790531,TMAX,144,,,a,
ASN00082076,19790501,TMIN,50,,,a,
ASN00082076,19790502,TMIN,66,,,a,
ASN00082076,19790503,TMIN,75,,,a,
ASN00082076,19790504,TMIN,96,,,a,
ASN00082076,19790505,TMIN,85,,,a,
ASN00082076,19790507,TMIN,30,,,a,
ASN00082076,19790508,TMIN,54,,,a,
ASN00082076,19790509,TMIN,31,,,a,
ASN00082076,19790510,TMIN,22,,,a,
ASN00082076,19790511,TMIN,7,,,a,
ASN00082076,19790512,TMIN,8,,,a,
ASN00082076,19790514,TMIN,11,,,a,
ASN00082076,19790515,TMIN,25,,,a,
ASN00082076,19790516,TMIN,-24,,,a,
ASN00082076,19790517,TMIN,-11,,,a,
ASN00082076,19790518,TMIN,-10,,,a,
ASN00082076,19790519,TMIN,-1,,,a,
ASN00082076,19790521,TMIN,12,,,a,
ASN00082076,19790522,TMIN,-16,,,a,
ASN00082076,19790523,TMIN,19,,,a,
ASN00082076,19790524,TMIN,46,,,a,
ASN00082076,19790525,TMIN,85,,,a,
ASN00082076,19790526,TMIN,65,,,a,
ASN00082076,19790528,TMIN,41,,,a,
ASN00082076,19790529,TMIN,42,,,a,
ASN00082076,19790530,TMIN,70,,,a,
ASN00082076,19790531,TMIN,17,,,a,
ASN00082076,19790501,PRCP,0,,,a,
ASN00082076,19790502,PRCP,0,,,a,
ASN00082076,19790503,PRCP,60,,,a,
ASN00082076,19790504,PRCP,60,,,a,
ASN00082076,19790505,PRCP,0,,,a,
ASN00082076,19790506,PRCP,0,,,a,
ASN00082076,19790507,PRCP,0,,,a,
ASN00082076,19790508,PRCP,0,,,a,
ASN00082076,19790509,PRCP,0,,,a,
ASN00082076,19790510,PRCP,0,,,a,
ASN00082076,19790511,PRCP,75,,,a,
ASN00082076,19790512,PRCP,5,,,a,
ASN00082076,19790513,PRCP,0,,,a,
ASN00082076,19790514,PRCP,2,,,a,
ASN00082076,19790515,PRCP,0,,,a,
ASN00082076,19790516,PRCP,0,,,a,
ASN00082076,19790517,PRCP,0,,,a,
ASN00082076,19790518,PRCP,0,,,a,
ASN00082076,19790519,PRCP,0,,,a,
ASN00082076,19790520,PRCP,0,,,a,
ASN00082076,19790521,PRCP,0,,,a,
ASN00082076,19790522,PRCP,0,,,a,
ASN00082076,19790523,PRCP,0,,,a,
ASN00082076,19790524,PRCP,17,,,a,
ASN00082076,19790525,PRCP,19,,,a,
ASN00082076,19790526,PRCP,0,,,a,
ASN00082076,19790527,PRCP,0,,,a,
ASN00082076,19790528,PRCP,312,,,a,
ASN00082076,19790529,PRCP,28,,,a,
ASN00082076,19790530,PRCP,84,,,a,
ASN00082076,19790531,PRCP,0,,,a,
ASN00082076,19790601,TMAX,160,,,a,
ASN00082076,19790603,TMAX,149,,,a,
ASN00082076,19790604,TMAX,142,,,a,
ASN00082076,19790605,TMAX,156,,,a,
ASN00082076,19790606,TMAX,150,,,a,
ASN00082076,19790607,TMAX,152,,,a,
ASN00082076,19790608,TMAX,126,,,a,
ASN00082076,19790610,TMAX,130,,,a,
ASN00082076,19790611,TMAX,120,,,a,
ASN00082076,19790612,TMAX,103,,,a,
ASN00082076,19790613,TMAX,101,,,a,
ASN00082076,19790614,TMAX,125,,,a,
ASN00082076,19790618,TMAX,133,,,a,
ASN00082076,19790619,TMAX,130,,,a,
ASN00082076,19790620,TMAX,157,,,a,
ASN00082076,19790621,TMAX,190,,,a,
ASN00082076,19790622,TMAX,152,,,a,
ASN00082076,19790625,TMAX,160,,,a,
ASN00082076,19790626,TMAX,118,,,a,
ASN00082076,19790627,TMAX,129,,,a,
ASN00082076,19790628,TMAX,131,,,a,
ASN00082076,19790629,TMAX,75,,,a,
ASN00082076,19790630,TMAX,90,,,a,
ASN00082076,19790601,TMIN,40,,,a,
ASN00082076,19790602,TMIN,6,,,a,
ASN00082076,19790604,TMIN,10,,,a,
ASN00082076,19790605,TMIN,16,,,a,
ASN00082076,19790606,TMIN,24,,,a,
ASN00082076,19790607,TMIN,36,,,a,
ASN00082076,19790608,TMIN,61,,,a,
ASN00082076,19790609,TMIN,70,,,a,
ASN00082076,19790611,TMIN,57,,,a,
ASN00082076,19790612,TMIN,87,,,a,
ASN00082076,19790613,TMIN,64,,,a,
ASN00082076,19790614,TMIN,60,,,a,
ASN00082076,19790615,TMIN,74,,,a,
ASN00082076,19790619,TMIN,27,,,a,
ASN00082076,19790620,TMIN,51,,,a,
ASN00082076,19790621,TMIN,61,,,a,
ASN00082076,19790622,TMIN,85,,,a,
ASN00082076,19790623,TMIN,5,,,a,
ASN00082076,19790625,TMIN,-20,,,a,
ASN00082076,19790626,TMIN,7,,,a,
ASN00082076,19790627,TMIN,51,,,a,
ASN00082076,19790628,TMIN,96,,,a,
ASN00082076,19790629,TMIN,30,,,a,
ASN00082076,19790630,TMIN,38,,,a,
ASN00082076,19790601,PRCP,0,,,a,
ASN00082076,19790602,PRCP,0,,,a,
ASN00082076,19790603,PRCP,0,,,a,
ASN00082076,19790604,PRCP,0,,,a,
ASN00082076,19790605,PRCP,0,,,a,
ASN00082076,19790606,PRCP,0,,,a,
ASN00082076,19790607,PRCP,0,,,a,
ASN00082076,19790608,PRCP,114,,,a,
ASN00082076,19790609,PRCP,106,,,a,
ASN00082076,19790612,PRCP,51,,,a,
ASN00082076,19790613,PRCP,13,,,a,
ASN00082076,19790614,PRCP,13,,,a,
ASN00082076,19790615,PRCP,9,,,a,
ASN00082076,19790616,PRCP,0,,,a,
ASN00082076,19790617,PRCP,0,,,a,
ASN00082076,19790618,PRCP,0,,,a,
ASN00082076,19790619,PRCP,0,,,a,
ASN00082076,19790620,PRCP,10,,,a,
ASN00082076,19790621,PRCP,0,,,a,
ASN00082076,19790622,PRCP,0,,,a,
ASN00082076,19790623,PRCP,0,,,a,
ASN00082076,19790624,PRCP,0,,,a,
ASN00082076,19790625,PRCP,0,,,a,
ASN00082076,19790626,PRCP,12,,,a,
ASN00082076,19790627,PRCP,23,,,a,
ASN00082076,19790628,PRCP,254,,,a,
ASN00082076,19790629,PRCP,19,,,a,
ASN00082076,19790630,PRCP,46,,,a,
ASN00082076,19790611,DAPR,2,,,a,
ASN00082076,19790611,DWPR,2,,,a,
ASN00082076,19790611,MDPR,42,,,a,
ASN00082076,19790701,TMAX,90,,,a,
ASN00082076,19790702,TMAX,100,,,a,
ASN00082076,19790703,TMAX,116,,,a,
ASN00082076,19790704,TMAX,113,,,a,
ASN00082076,19790705,TMAX,103,,,a,
ASN00082076,19790706,TMAX,107,,,a,
ASN00082076,19790708,TMAX,111,,,a,
ASN00082076,19790709,TMAX,120,,,a,
ASN00082076,19790710,TMAX,125,,,a,
ASN00082076,19790711,TMAX,113,,,a,
ASN00082076,19790712,TMAX,100,,,a,
ASN00082076,19790713,TMAX,140,,,a,
ASN00082076,19790715,TMAX,125,,,a,
ASN00082076,19790716,TMAX,132,,,a,
ASN00082076,19790717,TMAX,120,,,a,
ASN00082076,19790718,TMAX,141,,,a,
ASN00082076,19790719,TMAX,134,,,a,
ASN00082076,19790720,TMAX,143,,,a,
ASN00082076,19790722,TMAX,148,,,a,
ASN00082076,19790723,TMAX,90,,,a,
ASN00082076,19790724,TMAX,119,,,a,
ASN00082076,19790725,TMAX,126,,,a,
ASN00082076,19790726,TMAX,129,,,a,
ASN00082076,19790727,TMAX,112,,,a,
ASN00082076,19790729,TMAX,142,,,a,
ASN00082076,19790730,TMAX,126,,,a,
ASN00082076,19790731,TMAX,120,,,a,
ASN00082076,19790702,TMIN,39,,,a,
ASN00082076,19790703,TMIN,32,,,a,
ASN00082076,19790704,TMIN,20,,,a,
ASN00082076,19790705,TMIN,35,,,a,
ASN00082076,19790706,TMIN,33,,,a,
ASN00082076,19790707,TMIN,28,,,a,
ASN00082076,19790709,TMIN,19,,,a,
ASN00082076,19790710,TMIN,60,,,a,
ASN00082076,19790711,TMIN,28,,,a,
ASN00082076,19790712,TMIN,55,,,a,
ASN00082076,19790713,TMIN,56,,,a,
ASN00082076,19790714,TMIN,15,,,a,
ASN00082076,19790716,TMIN,-10,,,a,
ASN00082076,19790717,TMIN,20,,,a,
ASN00082076,19790718,TMIN,51,,,a,
ASN00082076,19790719,TMIN,29,,,a,
ASN00082076,19790720,TMIN,15,,,a,
ASN00082076,19790721,TMIN,6,,,a,
ASN00082076,19790723,TMIN,22,,,a,
ASN00082076,19790724,TMIN,35,,,a,
ASN00082076,19790725,TMIN,-19,,,a,
ASN00082076,19790726,TMIN,0,,,a,
ASN00082076,19790727,TMIN,-20,,,a,
ASN00082076,19790728,TMIN,8,,,a,
ASN00082076,19790730,TMIN,-2,,,a,
ASN00082076,19790731,TMIN,-5,,,a,
ASN00082076,19790703,PRCP,46,,,a,
ASN00082076,19790704,PRCP,40,,,a,
ASN00082076,19790705,PRCP,0,,,a,
ASN00082076,19790706,PRCP,2,,,a,
ASN00082076,19790707,PRCP,0,,,a,
ASN00082076,19790708,PRCP,0,,,a,
ASN00082076,19790709,PRCP,60,,,a,
ASN00082076,19790710,PRCP,49,,,a,
ASN00082076,19790711,PRCP,6,,,a,
ASN00082076,19790712,PRCP,9,,,a,
ASN00082076,19790713,PRCP,6,,,a,
ASN00082076,19790714,PRCP,0,,,a,
ASN00082076,19790715,PRCP,0,,,a,
ASN00082076,19790716,PRCP,0,,,a,
ASN00082076,19790717,PRCP,0,,,a,
ASN00082076,19790718,PRCP,43,,,a,
ASN00082076,19790719,PRCP,44,,,a,
ASN00082076,19790720,PRCP,0,,,a,
ASN00082076,19790721,PRCP,0,,,a,
ASN00082076,19790724,PRCP,22,,,a,
ASN00082076,19790725,PRCP,0,,,a,
ASN00082076,19790726,PRCP,0,,,a,
ASN00082076,19790727,PRCP,0,,,a,
ASN00082076,19790728,PRCP,0,,,a,
ASN00082076,19790729,PRCP,0,,,a,
ASN00082076,19790730,PRCP,0,,,a,
ASN00082076,19790731,PRCP,0,,,a,
ASN00082076,19790702,DAPR,2,,,a,
ASN00082076,19790723,DAPR,2,,,a,
ASN00082076,19790702,DWPR,2,,,a,
ASN00082076,19790723,DWPR,2,,,a,
ASN00082076,19790702,MDPR,128,,,a,
ASN00082076,19790723,MDPR,55,,,a,
ASN00082076,19790801,TMAX,115,,,a,
ASN00082076,19790802,TMAX,76,,,a,
ASN00082076,19790803,TMAX,105,,,a,
ASN00082076,19790805,TMAX,133,,,a,
ASN00082076,19790806,TMAX,125,,,a,
ASN00082076,19790807,TMAX,141,,,a,
ASN00082076,19790808,TMAX,105,,,a,
ASN00082076,19790809,TMAX,113,,,a,
ASN00082076,19790810,TMAX,90,,,a,
ASN00082076,19790812,TMAX,107,,,a,
ASN00082076,19790813,TMAX,120,,,a,
ASN00082076,19790814,TMAX,120,,,a,
ASN00082076,19790815,TMAX,120,,,a,
ASN00082076,19790816,TMAX,155,,,a,
ASN00082076,19790817,TMAX,128,,,a,
ASN00082076,19790819,TMAX,140,,,a,
ASN00082076,19790820,TMAX,146,,,a,
ASN00082076,19790821,TMAX,137,,,a,
ASN00082076,19790822,TMAX,107,,,a,
ASN00082076,19790823,TMAX,150,,,a,
ASN00082076,19790824,TMAX,180,,,a,
ASN00082076,19790825,TMAX,180,,,a,
ASN00082076,19790826,TMAX,180,,,a,
ASN00082076,19790827,TMAX,117,,,a,
ASN00082076,19790828,TMAX,150,,,a,
ASN00082076,19790829,TMAX,140,,,a,
ASN00082076,19790830,TMAX,124,,,a,
ASN00082076,19790831,TMAX,116,,,a,
ASN00082076,19790801,TMIN,15,,,a,
ASN00082076,19790802,TMIN,-16,,,a,
ASN00082076,19790803,TMIN,13,,,a,
ASN00082076,19790804,TMIN,0,,,a,
ASN00082076,19790806,TMIN,-11,,,a,
ASN00082076,19790807,TMIN,56,,,a,
ASN00082076,19790808,TMIN,41,,,a,
ASN00082076,19790809,TMIN,35,,,a,
ASN00082076,19790810,TMIN,60,,,a,
ASN00082076,19790811,TMIN,56,,,a,
ASN00082076,19790813,TMIN,2,,,a,
ASN00082076,19790814,TMIN,-9,,,a,
ASN00082076,19790815,TMIN,12,,,a,
ASN00082076,19790816,TMIN,15,,,a,
ASN00082076,19790817,TMIN,25,,,a,
ASN00082076,19790818,TMIN,25,,,a,
ASN00082076,19790820,TMIN,48,,,a,
ASN00082076,19790821,TMIN,13,,,a,
ASN00082076,19790822,TMIN,-8,,,a,
ASN00082076,19790823,TMIN,5,,,a,
ASN00082076,19790824,TMIN,2,,,a,
ASN00082076,19790825,TMIN,0,,,a,
ASN00082076,19790827,TMIN,2,,,a,
ASN00082076,19790828,TMIN,80,,,a,
ASN00082076,19790829,TMIN,30,,,a,
ASN00082076,19790830,TMIN,43,,,a,
ASN00082076,19790831,TMIN,61,,,a,
ASN00082076,19790801,PRCP,18,,,a,
ASN00082076,19790802,PRCP,1,,,a,
ASN00082076,19790803,PRCP,0,,,a,
ASN00082076,19790804,PRCP,0,,,a,
ASN00082076,19790805,PRCP,0,,,a,
ASN00082076,19790806,PRCP,26,,,a,
ASN00082076,19790807,PRCP,16,,,a,
ASN00082076,19790808,PRCP,64,,,a,
ASN00082076,19790809,PRCP,72,,,a,
ASN00082076,19790810,PRCP,87,,,a,
ASN00082076,19790811,PRCP,97,,,a,
ASN00082076,19790814,PRCP,1,,,a,
ASN00082076,19790815,PRCP,0,,,a,
ASN00082076,19790816,PRCP,0,,,a,
ASN00082076,19790817,PRCP,10,,,a,
ASN00082076,19790818,PRCP,24,,,a,
ASN00082076,19790821,PRCP,32,,,a,
ASN00082076,19790822,PRCP,0,,,a,
ASN00082076,19790823,PRCP,0,,,a,
ASN00082076,19790824,PRCP,0,,,a,
ASN00082076,19790825,PRCP,0,,,a,
ASN00082076,19790826,PRCP,0,,,a,
ASN00082076,19790827,PRCP,31,,,a,
ASN00082076,19790828,PRCP,153,,,a,
ASN00082076,19790829,PRCP,0,,,a,
ASN00082076,19790830,PRCP,0,,,a,
ASN00082076,19790831,PRCP,22,,,a,
ASN00082076,19790813,DAPR,2,,,a,
ASN00082076,19790820,DAPR,2,,,a,
ASN00082076,19790813,DWPR,2,,,a,
ASN00082076,19790820,DWPR,2,,,a,
ASN00082076,19790813,MDPR,234,,,a,
ASN00082076,19790820,MDPR,178,,,a,
ASN00082076,19790902,TMAX,144,,,a,
ASN00082076,19790903,TMAX,87,,,a,
ASN00082076,19790904,TMAX,162,,,a,
ASN00082076,19790905,TMAX,98,,,a,
ASN00082076,19790906,TMAX,88,,,a,
ASN00082076,19790907,TMAX,109,,,a,
ASN00082076,19790909,TMAX,180,,,a,
ASN00082076,19790910,TMAX,132,,,a,
ASN00082076,19790911,TMAX,152,,,a,
ASN00082076,19790912,TMAX,143,,,a,
ASN00082076,19790913,TMAX,144,,,a,
ASN00082076,19790914,TMAX,146,,,a,
ASN00082076,19790916,TMAX,190,,,a,
ASN00082076,19790917,TMAX,151,,,a,
ASN00082076,19790918,TMAX,156,,,a,
ASN00082076,19790919,TMAX,156,,,a,
ASN00082076,19790920,TMAX,172,,,a,
ASN00082076,19790921,TMAX,175,,,a,
ASN00082076,19790923,TMAX,145,,,a,
ASN00082076,19790924,TMAX,202,,,a,
ASN00082076,19790925,TMAX,150,,,a,
ASN00082076,19790926,TMAX,220,,,a,
ASN00082076,19790927,TMAX,170,,,a,
ASN00082076,19790928,TMAX,137,,,a,
ASN00082076,19790930,TMAX,178,,,a,
ASN00082076,19790901,TMIN,-24,,,a,
ASN00082076,19790903,TMIN,0,,,a,
ASN00082076,19790904,TMIN,52,,,a,
ASN00082076,19790905,TMIN,47,,,a,
ASN00082076,19790906,TMIN,51,,,a,
ASN00082076,19790907,TMIN,59,,,a,
ASN00082076,19790908,TMIN,80,,,a,
ASN00082076,19790910,TMIN,65,,,a,
ASN00082076,19790911,TMIN,80,,,a,
ASN00082076,19790912,TMIN,67,,,a,
ASN00082076,19790913,TMIN,89,,,a,
ASN00082076,19790914,TMIN,-13,,,a,
ASN00082076,19790915,TMIN,7,,,a,
ASN00082076,19790917,TMIN,34,,,a,
ASN00082076,19790918,TMIN,-10,,,a,
ASN00082076,19790919,TMIN,10,,,a,
ASN00082076,19790920,TMIN,20,,,a,
ASN00082076,19790921,TMIN,47,,,a,
ASN00082076,19790922,TMIN,15,,,a,
ASN00082076,19790924,TMIN,27,,,a,
ASN00082076,19790925,TMIN,60,,,a,
ASN00082076,19790926,TMIN,74,,,a,
ASN00082076,19790927,TMIN,117,,,a,
ASN00082076,19790928,TMIN,121,,,a,
ASN00082076,19790929,TMIN,79,,,a,
ASN00082076,19790901,PRCP,26,,,a,
ASN00082076,19790902,PRCP,0,,,a,
ASN00082076,19790903,PRCP,46,,,a,
ASN00082076,19790904,PRCP,102,,,a,
ASN00082076,19790905,PRCP,62,,,a,
ASN00082076,19790906,PRCP,119,,,a,
ASN00082076,19790907,PRCP,189,,,a,
ASN00082076,19790908,PRCP,100,,,a,
ASN00082076,19790909,PRCP,0,,,a,
ASN00082076,19790910,PRCP,23,,,a,
ASN00082076,19790911,PRCP,117,,,a,
ASN00082076,19790912,PRCP,98,,,a,
ASN00082076,19790913,PRCP,109,,,a,
ASN00082076,19790914,PRCP,34,,,a,
ASN00082076,19790915,PRCP,0,,,a,
ASN00082076,19790916,PRCP,0,,,a,
ASN00082076,19790917,PRCP,20,,,a,
ASN00082076,19790918,PRCP,0,,,a,
ASN00082076,19790919,PRCP,0,,,a,
ASN00082076,19790920,PRCP,0,,,a,
ASN00082076,19790921,PRCP,0,,,a,
ASN00082076,19790922,PRCP,0,,,a,
ASN00082076,19790923,PRCP,0,,,a,
ASN00082076,19790924,PRCP,0,,,a,
ASN00082076,19790925,PRCP,0,,,a,
ASN00082076,19790926,PRCP,18,,,a,
ASN00082076,19790927,PRCP,59,,,a,
ASN00082076,19790928,PRCP,425,,,a,
ASN00082076,19790929,PRCP,236,,,a,
ASN00082076,19790930,PRCP,71,,,a,
ASN00082076,19791001,TMAX,193,,,a,
ASN00082076,19791002,TMAX,200,,,a,
ASN00082076,19791003,TMAX,210,,,a,
ASN00082076,19791004,TMAX,215,,,a,
ASN00082076,19791005,TMAX,156,,,a,
ASN00082076,19791007,TMAX,140,,,a,
ASN00082076,19791008,TMAX,184,,,a,
ASN00082076,19791009,TMAX,213,,,a,
ASN00082076,19791010,TMAX,175,,,a,
ASN00082076,19791011,TMAX,151,,,a,
ASN00082076,19791012,TMAX,142,,,a,
ASN00082076,19791014,TMAX,141,,,a,
ASN00082076,19791015,TMAX,127,,,a,
ASN00082076,19791016,TMAX,185,,,a,
ASN00082076,19791017,TMAX,208,,,a,
ASN00082076,19791018,TMAX,193,,,a,
ASN00082076,19791019,TMAX,211,,,a,
ASN00082076,19791021,TMAX,279,,,a,
ASN00082076,19791022,TMAX,259,,,a,
ASN00082076,19791023,TMAX,190,,,a,
ASN00082076,19791024,TMAX,187,,,a,
ASN00082076,19791025,TMAX,248,,,a,
ASN00082076,19791026,TMAX,240,,,a,
ASN00082076,19791028,TMAX,245,,,a,
ASN00082076,19791029,TMAX,199,,,a,
ASN00082076,19791030,TMAX,221,,,a,
ASN00082076,19791031,TMAX,248,,,a,
ASN00082076,19791001,TMIN,73,,,a,
ASN00082076,19791002,TMIN,40,,,a,
ASN00082076,19791003,TMIN,60,,,a,
ASN00082076,19791004,TMIN,56,,,a,
ASN00082076,19791005,TMIN,105,,,a,
ASN00082076,19791006,TMIN,98,,,a,
ASN00082076,19791008,TMIN,41,,,a,
ASN00082076,19791009,TMIN,80,,,a,
ASN00082076,19791010,TMIN,104,,,a,
ASN00082076,19791011,TMIN,91,,,a,
ASN00082076,19791012,TMIN,90,,,a,
ASN00082076,19791013,TMIN,40,,,a,
ASN00082076,19791015,TMIN,0,,,a,
ASN00082076,19791016,TMIN,49,,,a,
ASN00082076,19791017,TMIN,30,,,a,
ASN00082076,19791018,TMIN,51,,,a,
ASN00082076,19791019,TMIN,105,,,a,
ASN00082076,19791020,TMIN,85,,,a,
ASN00082076,19791022,TMIN,92,,,a,
ASN00082076,19791023,TMIN,128,,,a,
ASN00082076,19791024,TMIN,90,,,a,
ASN00082076,19791025,TMIN,80,,,a,
ASN00082076,19791026,TMIN,84,,,a,
ASN00082076,19791027,TMIN,94,,,a,
ASN00082076,19791029,TMIN,17,,,a,
ASN00082076,19791030,TMIN,63,,,a,
ASN00082076,19791031,TMIN,53,,,a,
ASN00082076,19791001,PRCP,6,,,a,
ASN00082076,19791002,PRCP,0,,,a,
ASN00082076,19791003,PRCP,0,,,a,
ASN00082076,19791004,PRCP,0,,,a,
ASN00082076,19791005,PRCP,8,,,a,
ASN00082076,19791006,PRCP,192,,,a,
ASN00082076,19791009,PRCP,21,,,a,
ASN00082076,19791010,PRCP,1,,,a,
ASN00082076,19791011,PRCP,271,,,a,
ASN00082076,19791012,PRCP,139,,,a,
ASN00082076,19791013,PRCP,78,,,a,
ASN00082076,19791014,PRCP,27,,,a,
ASN00082076,19791015,PRCP,0,,,a,
ASN00082076,19791016,PRCP,56,,,a,
ASN00082076,19791017,PRCP,0,,,a,
ASN00082076,19791018,PRCP,0,,,a,
ASN00082076,19791019,PRCP,0,,,a,
ASN00082076,19791020,PRCP,2,,,a,
ASN00082076,19791021,PRCP,0,,,a,
ASN00082076,19791022,PRCP,0,,,a,
ASN00082076,19791023,PRCP,210,,,a,
ASN00082076,19791024,PRCP,41,,,a,
ASN00082076,19791025,PRCP,0,,,a,
ASN00082076,19791026,PRCP,0,,,a,
ASN00082076,19791027,PRCP,0,,,a,
ASN00082076,19791028,PRCP,0,,,a,
ASN00082076,19791029,PRCP,0,,,a,
ASN00082076,19791030,PRCP,0,,,a,
ASN00082076,19791031,PRCP,0,,,a,
ASN00082076,19791008,DAPR,2,,,a,
ASN00082076,19791008,DWPR,2,,,a,
ASN00082076,19791008,MDPR,166,,,a,
ASN00082076,19791101,TMAX,254,,,a,
ASN00082076,19791102,TMAX,241,,,a,
ASN00082076,19791104,TMAX,286,,,a,
ASN00082076,19791105,TMAX,288,,,a,
ASN00082076,19791106,TMAX,257,,,a,
ASN00082076,19791107,TMAX,244,,,a,
ASN00082076,19791108,TMAX,258,,,a,
ASN00082076,19791112,TMAX,260,,,a,
ASN00082076,19791113,TMAX,230,,,a,
ASN00082076,19791114,TMAX,235,,,a,
ASN00082076,19791115,TMAX,240,,,a,
ASN00082076,19791116,TMAX,206,,,a,
ASN00082076,19791118,TMAX,255,,,a,
ASN00082076,19791119,TMAX,292,,,a,
ASN00082076,19791120,TMAX,234,,,a,
ASN00082076,19791121,TMAX,190,,,a,
ASN00082076,19791122,TMAX,226,,,a,
ASN00082076,19791123,TMAX,245,,,a,
ASN00082076,19791125,TMAX,244,,,a,
ASN00082076,19791126,TMAX,235,,,a,
ASN00082076,19791127,TMAX,252,,,a,
ASN00082076,19791128,TMAX,218,,,a,
ASN00082076,19791129,TMAX,240,,,a,
ASN00082076,19791130,TMAX,269,,,a,
ASN00082076,19791101,TMIN,70,,,a,
ASN00082076,19791102,TMIN,106,,,a,
ASN00082076,19791103,TMIN,85,,,a,
ASN00082076,19791105,TMIN,81,,,a,
ASN00082076,19791106,TMIN,123,,,a,
ASN00082076,19791107,TMIN,102,,,a,
ASN00082076,19791108,TMIN,105,,,a,
ASN00082076,19791109,TMIN,88,,,a,
ASN00082076,19791113,TMIN,59,,,a,
ASN00082076,19791114,TMIN,78,,,a,
ASN00082076,19791115,TMIN,134,,,a,
ASN00082076,19791116,TMIN,125,,,a,
ASN00082076,19791117,TMIN,65,,,a,
ASN00082076,19791119,TMIN,93,,,a,
ASN00082076,19791120,TMIN,149,,,a,
ASN00082076,19791121,TMIN,75,,,a,
ASN00082076,19791122,TMIN,34,,,a,
ASN00082076,19791123,TMIN,74,,,a,
ASN00082076,19791124,TMIN,139,,,a,
ASN00082076,19791126,TMIN,78,,,a,
ASN00082076,19791127,TMIN,80,,,a,
ASN00082076,19791128,TMIN,80,,,a,
ASN00082076,19791129,TMIN,57,,,a,
ASN00082076,19791130,TMIN,84,,,a,
ASN00082076,19791101,PRCP,0,,,a,
ASN00082076,19791102,PRCP,0,,,a,
ASN00082076,19791103,PRCP,0,,,a,
ASN00082076,19791104,PRCP,0,,,a,
ASN00082076,19791105,PRCP,0,,,a,
ASN00082076,19791106,PRCP,0,,,a,
ASN00082076,19791107,PRCP,0,,,a,
ASN00082076,19791108,PRCP,0,,,a,
ASN00082076,19791109,PRCP,0,,,a,
ASN00082076,19791110,PRCP,0,,,a,
ASN00082076,19791113,PRCP,0,,,a,
ASN00082076,19791114,PRCP,0,,,a,
ASN00082076,19791115,PRCP,8,,,a,
ASN00082076,19791116,PRCP,67,,,a,
ASN00082076,19791117,PRCP,0,,,a,
ASN00082076,19791118,PRCP,0,,,a,
ASN00082076,19791119,PRCP,0,,,a,
ASN00082076,19791120,PRCP,42,,,a,
ASN00082076,19791121,PRCP,18,,,a,
ASN00082076,19791122,PRCP,0,,,a,
ASN00082076,19791123,PRCP,0,,,a,
ASN00082076,19791124,PRCP,62,,,a,
ASN00082076,19791127,PRCP,0,,,a,
ASN00082076,19791128,PRCP,0,,,a,
ASN00082076,19791129,PRCP,0,,,a,
ASN00082076,19791130,PRCP,0,,,a,
ASN00082076,19791112,DAPR,2,,,a,
ASN00082076,19791126,DAPR,2,,,a,
ASN00082076,19791112,DWPR,2,,,a,
ASN00082076,19791126,DWPR,2,,,a,
ASN00082076,19791112,MDPR,316,,,a,
ASN00082076,19791126,MDPR,100,,,a,
ASN00082076,19791202,TMAX,318,,,a,
ASN00082076,19791203,TMAX,280,,,a,
ASN00082076,19791204,TMAX,308,,,a,
ASN00082076,19791205,TMAX,270,,,a,
ASN00082076,19791206,TMAX,288,,,a,
ASN00082076,19791207,TMAX,320,,,a,
ASN00082076,19791209,TMAX,274,,,a,
ASN00082076,19791210,TMAX,265,,,a,
ASN00082076,19791211,TMAX,254,,,a,
ASN00082076,19791212,TMAX,250,,,a,
ASN00082076,19791213,TMAX,253,,,a,
ASN00082076,19791214,TMAX,283,,,a,
ASN00082076,19791216,TMAX,315,,,a,
ASN00082076,19791217,TMAX,150,,,a,
ASN00082076,19791218,TMAX,232,,,a,
ASN00082076,19791219,TMAX,260,,,a,
ASN00082076,19791220,TMAX,275,,,a,
ASN00082076,19791226,TMAX,320,,,a,
ASN00082076,19791227,TMAX,340,,,a,
ASN00082076,19791231,TMAX,365,,,a,
ASN00082076,19791201,TMIN,88,,,a,
ASN00082076,19791203,TMIN,88,,,a,
ASN00082076,19791204,TMIN,109,,,a,
ASN00082076,19791205,TMIN,122,,,a,
ASN00082076,19791206,TMIN,54,,,a,
ASN00082076,19791207,TMIN,68,,,a,
ASN00082076,19791208,TMIN,108,,,a,
ASN00082076,19791210,TMIN,95,,,a,
ASN00082076,19791211,TMIN,38,,,a,
ASN00082076,19791212,TMIN,62,,,a,
ASN00082076,19791213,TMIN,95,,,a,
ASN00082076,19791214,TMIN,50,,,a,
ASN00082076,19791215,TMIN,58,,,a,
ASN00082076,19791217,TMIN,80,,,a,
ASN00082076,19791218,TMIN,14,,,a,
ASN00082076,19791219,TMIN,50,,,a,
ASN00082076,19791220,TMIN,80,,,a,
ASN00082076,19791221,TMIN,78,,,a,
ASN00082076,19791227,TMIN,45,,,a,
ASN00082076,19791228,TMIN,118,,,a,
ASN00082076,19791201,PRCP,0,,,a,
ASN00082076,19791202,PRCP,0,,,a,
ASN00082076,19791203,PRCP,0,,,a,
ASN00082076,19791204,PRCP,0,,,a,
ASN00082076,19791205,PRCP,0,,,a,
ASN00082076,19791206,PRCP,0,,,a,
ASN00082076,19791207,PRCP,0,,,a,
ASN00082076,19791208,PRCP,0,,,a,
ASN00082076,19791209,PRCP,0,,,a,
ASN00082076,19791210,PRCP,0,,,a,
ASN00082076,19791211,PRCP,0,,,a,
ASN00082076,19791212,PRCP,0,,,a,
ASN00082076,19791213,PRCP,0,,,a,
ASN00082076,19791214,PRCP,0,,,a,
ASN00082076,19791215,PRCP,0,,,a,
ASN00082076,19791216,PRCP,0,,,a,
ASN00082076,19791217,PRCP,12,,,a,
ASN00082076,19791218,PRCP,40,,,a,
ASN00082076,19791219,PRCP,0,,,a,
ASN00082076,19791220,PRCP,0,,,a,
ASN00082076,19791221,PRCP,0,,,a,
ASN00082076,19791222,PRCP,0,,,a,
ASN00082076,19791223,PRCP,0,,,a,
ASN00082076,19791224,PRCP,0,,,a,
ASN00082076,19791225,PRCP,0,,,a,
ASN00082076,19791226,PRCP,0,,,a,
ASN00082076,19791227,PRCP,0,,,a,
ASN00082076,19791228,PRCP,0,,,a,
ASN00082076,19791229,PRCP,0,,,a,
ASN00082076,19791230,PRCP,0,,,a,
ASN00082076,19791231,PRCP,0,,,a,
ASN00082076,19800102,TMAX,298,,,a,
ASN00082076,19800103,TMAX,290,,,a,
ASN00082076,19800104,TMAX,292,,,a,
ASN00082076,19800106,TMAX,300,,,a,
ASN00082076,19800107,TMAX,234,,,a,
ASN00082076,19800108,TMAX,266,,,a,
ASN00082076,19800109,TMAX,265,,,a,
ASN00082076,19800110,TMAX,270,,,a,
ASN00082076,19800111,TMAX,318,,,a,
ASN00082076,19800113,TMAX,222,,,a,
ASN00082076,19800114,TMAX,280,,,a,
ASN00082076,19800115,TMAX,287,,,a,
ASN00082076,19800116,TMAX,268,,,a,
ASN00082076,19800117,TMAX,296,,,a,
ASN00082076,19800118,TMAX,273,,,a,
ASN00082076,19800120,TMAX,259,,,a,
ASN00082076,19800121,TMAX,282,,,a,
ASN00082076,19800122,TMAX,299,,,a,
ASN00082076,19800123,TMAX,302,,,a,
ASN00082076,19800124,TMAX,300,,,a,
ASN00082076,19800125,TMAX,299,,,a,
ASN00082076,19800128,TMAX,326,,,a,
ASN00082076,19800129,TMAX,282,,,a,
ASN00082076,19800130,TMAX,282,,,a,
ASN00082076,19800131,TMAX,331,,,a,
ASN00082076,19800102,TMIN,139,,,a,
ASN00082076,19800103,TMIN,127,,,a,
ASN00082076,19800104,TMIN,171,,,a,
ASN00082076,19800105,TMIN,120,,,a,
ASN00082076,19800107,TMIN,145,,,a,
ASN00082076,19800108,TMIN,136,,,a,
ASN00082076,19800109,TMIN,145,,,a,
ASN00082076,19800110,TMIN,165,,,a,
ASN00082076,19800111,TMIN,105,,,a,
ASN00082076,19800112,TMIN,94,,,a,
ASN00082076,19800114,TMIN,106,,,a,
ASN00082076,19800115,TMIN,102,,,a,
ASN00082076,19800116,TMIN,105,,,a,
ASN00082076,19800117,TMIN,80,,,a,
ASN00082076,19800118,TMIN,108,,,a,
ASN00082076,19800119,TMIN,102,,,a,
ASN00082076,19800121,TMIN,71,,,a,
ASN00082076,19800122,TMIN,111,,,a,
ASN00082076,19800123,TMIN,90,,,a,
ASN00082076,19800124,TMIN,90,,,a,
ASN00082076,19800125,TMIN,142,,,a,
ASN00082076,19800126,TMIN,142,,,a,
ASN00082076,19800129,TMIN,68,,,a,
ASN00082076,19800130,TMIN,108,,,a,
ASN00082076,19800131,TMIN,45,,,a,
ASN00082076,19800103,PRCP,30,,,a,
ASN00082076,19800104,PRCP,154,,,a,
ASN00082076,19800105,PRCP,0,,,a,
ASN00082076,19800106,PRCP,0,,,a,
ASN00082076,19800107,PRCP,0,,,a,
ASN00082076,19800108,PRCP,0,,,a,
ASN00082076,19800109,PRCP,0,,,a,
ASN00082076,19800110,PRCP,0,,,a,
ASN00082076,19800111,PRCP,0,,,a,
ASN00082076,19800112,PRCP,3,,,a,
ASN00082076,19800113,PRCP,88,,,a,
ASN00082076,19800114,PRCP,0,,,a,
ASN00082076,19800115,PRCP,0,,,a,
ASN00082076,19800116,PRCP,0,,,a,
ASN00082076,19800117,PRCP,0,,,a,
ASN00082076,19800118,PRCP,0,,,a,
ASN00082076,19800119,PRCP,2,,,a,
ASN00082076,19800120,PRCP,0,,,a,
ASN00082076,19800121,PRCP,0,,,a,
ASN00082076,19800122,PRCP,0,,,a,
ASN00082076,19800123,PRCP,0,,,a,
ASN00082076,19800124,PRCP,0,,,a,
ASN00082076,19800125,PRCP,0,,,a,
ASN00082076,19800126,PRCP,15,,,a,
ASN00082076,19800127,PRCP,0,,,a,
ASN00082076,19800128,PRCP,0,,,a,
ASN00082076,19800129,PRCP,0,,,a,
ASN00082076,19800130,PRCP,0,,,a,
ASN00082076,19800131,PRCP,0,,,a,
ASN00082076,19800102,DAPR,2,,,a,
ASN00082076,19800102,DWPR,2,,,a,
ASN00082076,19800102,MDPR,28,,,a,
ASN00082076,19800201,TMAX,235,,,a,
ASN00082076,19800204,TMAX,285,,,a,
ASN00082076,19800205,TMAX,305,,,a,
ASN00082076,19800206,TMAX,262,,,a,
ASN00082076,19800207,TMAX,261,,,a,
ASN00082076,19800208,TMAX,248,,,a,
ASN00082076,19800210,TMAX,276,,,a,
ASN00082076,19800211,TMAX,320,,,a,
ASN00082076,19800212,TMAX,330,,,a,
ASN00082076,19800213,TMAX,355,,,a,
ASN00082076,19800214,TMAX,359,,,a,
ASN00082076,19800215,TMAX,354,,,a,
ASN00082076,19800217,TMAX,375,,,a,
ASN00082076,19800218,TMAX,357,,,a,
ASN00082076,19800219,TMAX,356,,,a,
ASN00082076,19800220,TMAX,388,,,a,
ASN00082076,19800221,TMAX,319,,,a,
ASN00082076,19800222,TMAX,316,,,a,
ASN00082076,19800224,TMAX,301,,,a,
ASN00082076,19800225,TMAX,272,,,a,
ASN00082076,19800226,TMAX,277,,,a,
ASN00082076,19800227,TMAX,265,,,a,
ASN00082076,19800228,TMAX,320,,,a,
ASN00082076,19800229,TMAX,292,,,a,
ASN00082076,19800201,TMIN,155,,,a,
ASN00082076,19800202,TMIN,184,,,a,
ASN00082076,19800205,TMIN,45,,,a,
ASN00082076,19800206,TMIN,84,,,a,
ASN00082076,19800207,TMIN,100,,,a,
ASN00082076,19800208,TMIN,43,,,a,
ASN00082076,19800209,TMIN,23,,,a,
ASN00082076,19800211,TMIN,85,,,a,
ASN00082076,19800212,TMIN,123,,,a,
ASN00082076,19800213,TMIN,134,,,a,
ASN00082076,19800214,TMIN,143,,,a,
ASN00082076,19800215,TMIN,107,,,a,
ASN00082076,19800216,TMIN,155,,,a,
ASN00082076,19800218,TMIN,150,,,a,
ASN00082076,19800219,TMIN,158,,,a,
ASN00082076,19800220,TMIN,173,,,a,
ASN00082076,19800221,TMIN,192,,,a,
ASN00082076,19800222,TMIN,173,,,a,
ASN00082076,19800223,TMIN,128,,,a,
ASN00082076,19800225,TMIN,107,,,a,
ASN00082076,19800226,TMIN,86,,,a,
ASN00082076,19800227,TMIN,103,,,a,
ASN00082076,19800228,TMIN,106,,,a,
ASN00082076,19800229,TMIN,123,,,a,
ASN00082076,19800201,PRCP,5,,,a,
ASN00082076,19800202,PRCP,51,,,a,
ASN00082076,19800203,PRCP,17,,,a,
ASN00082076,19800204,PRCP,0,,,a,
ASN00082076,19800205,PRCP,0,,,a,
ASN00082076,19800206,PRCP,0,,,a,
ASN00082076,19800207,PRCP,0,,,a,
ASN00082076,19800208,PRCP,0,,,a,
ASN00082076,19800209,PRCP,0,,,a,
ASN00082076,19800210,PRCP,0,,,a,
ASN00082076,19800211,PRCP,0,,,a,
ASN00082076,19800212,PRCP,0,,,a,
ASN00082076,19800213,PRCP,0,,,a,
ASN00082076,19800214,PRCP,0,,,a,
ASN00082076,19800215,PRCP,0,,,a,
ASN00082076,19800216,PRCP,0,,,a,
ASN00082076,19800217,PRCP,0,,,a,
ASN00082076,19800218,PRCP,0,,,a,
ASN00082076,19800219,PRCP,0,,,a,
ASN00082076,19800220,PRCP,0,,,a,
ASN00082076,19800221,PRCP,6,,,a,
ASN00082076,19800222,PRCP,6,,,a,
ASN00082076,19800223,PRCP,0,,,a,
ASN00082076,19800224,PRCP,0,,,a,
ASN00082076,19800225,PRCP,0,,,a,
ASN00082076,19800226,PRCP,0,,,a,
ASN00082076,19800227,PRCP,0,,,a,
ASN00082076,19800228,PRCP,5,,,a,
ASN00082076,19800229,PRCP,8,,,a,
ASN00082076,19800302,TMAX,308,,,a,
ASN00082076,19800303,TMAX,300,,,a,
ASN00082076,19800304,TMAX,320,,,a,
ASN00082076,19800305,TMAX,354,,,a,
ASN00082076,19800306,TMAX,348,,,a,
ASN00082076,19800307,TMAX,315,,,a,
ASN00082076,19800310,TMAX,209,,,a,
ASN00082076,19800311,TMAX,236,,,a,
ASN00082076,19800312,TMAX,266,,,a,
ASN00082076,19800313,TMAX,258,,,a,
ASN00082076,19800314,TMAX,230,,,a,
ASN00082076,19800316,TMAX,275,,,a,
ASN00082076,19800317,TMAX,303,,,a,
ASN00082076,19800318,TMAX,309,,,a,
ASN00082076,19800319,TMAX,318,,,a,
ASN00082076,19800320,TMAX,305,,,a,
ASN00082076,19800321,TMAX,336,,,a,
ASN00082076,19800323,TMAX,299,,,a,
ASN00082076,19800324,TMAX,278,,,a,
ASN00082076,19800325,TMAX,272,,,a,
ASN00082076,19800326,TMAX,266,,,a,
ASN00082076,19800327,TMAX,301,,,a,
ASN00082076,19800328,TMAX,248,,,a,
ASN00082076,19800330,TMAX,228,,,a,
ASN00082076,19800331,TMAX,241,,,a,
ASN00082076,19800301,TMIN,168,,,a,
ASN00082076,19800303,TMIN,78,,,a,
ASN00082076,19800304,TMIN,56,,,a,
ASN00082076,19800305,TMIN,121,,,a,
ASN00082076,19800306,TMIN,128,,,a,
ASN00082076,19800307,TMIN,135,,,a,
ASN00082076,19800308,TMIN,176,,,a,
ASN00082076,19800311,TMIN,99,,,a,
ASN00082076,19800312,TMIN,95,,,a,
ASN00082076,19800313,TMIN,95,,,a,
ASN00082076,19800314,TMIN,103,,,a,
ASN00082076,19800315,TMIN,100,,,a,
ASN00082076,19800317,TMIN,105,,,a,
ASN00082076,19800318,TMIN,115,,,a,
ASN00082076,19800319,TMIN,95,,,a,
ASN00082076,19800320,TMIN,105,,,a,
ASN00082076,19800321,TMIN,58,,,a,
ASN00082076,19800322,TMIN,142,,,a,
ASN00082076,19800324,TMIN,55,,,a,
ASN00082076,19800325,TMIN,91,,,a,
ASN00082076,19800326,TMIN,70,,,a,
ASN00082076,19800327,TMIN,139,,,a,
ASN00082076,19800328,TMIN,146,,,a,
ASN00082076,19800329,TMIN,55,,,a,
ASN00082076,19800331,TMIN,20,,,a,
ASN00082076,19800301,PRCP,0,,,a,
ASN00082076,19800302,PRCP,0,,,a,
ASN00082076,19800303,PRCP,0,,,a,
ASN00082076,19800304,PRCP,0,,,a,
ASN00082076,19800305,PRCP,0,,,a,
ASN00082076,19800306,PRCP,0,,,a,
ASN00082076,19800307,PRCP,0,,,a,
ASN00082076,19800308,PRCP,215,,,a,
ASN00082076,19800309,PRCP,188,,,a,
ASN00082076,19800310,PRCP,0,,,a,
ASN00082076,19800311,PRCP,0,,,a,
ASN00082076,19800312,PRCP,0,,,a,
ASN00082076,19800313,PRCP,0,,,a,
ASN00082076,19800314,PRCP,0,,,a,
ASN00082076,19800315,PRCP,0,,,a,
ASN00082076,19800316,PRCP,0,,,a,
ASN00082076,19800317,PRCP,0,,,a,
ASN00082076,19800318,PRCP,0,,,a,
ASN00082076,19800319,PRCP,0,,,a,
ASN00082076,19800320,PRCP,0,,,a,
ASN00082076,19800321,PRCP,0,,,a,
ASN00082076,19800322,PRCP,0,,,a,
ASN00082076,19800323,PRCP,0,,,a,
ASN00082076,19800324,PRCP,0,,,a,
ASN00082076,19800325,PRCP,0,,,a,
ASN00082076,19800326,PRCP,0,,,a,
ASN00082076,19800327,PRCP,0,,,a,
ASN00082076,19800328,PRCP,0,,,a,
ASN00082076,19800329,PRCP,0,,,a,
ASN00082076,19800330,PRCP,0,,,a,
ASN00082076,19800331,PRCP,0,,,a,
ASN00082076,19800401,TMAX,255,,,a,
ASN00082076,19800402,TMAX,239,,,a,
ASN00082076,19800407,TMAX,247,,,a,
ASN00082076,19800408,TMAX,246,,,a,
ASN00082076,19800409,TMAX,267,,,a,
ASN00082076,19800410,TMAX,259,,,a,
ASN00082076,19800411,TMAX,265,,,a,
ASN00082076,19800413,TMAX,292,,,a,
ASN00082076,19800414,TMAX,290,,,a,
ASN00082076,19800415,TMAX,277,,,a,
ASN00082076,19800416,TMAX,220,,,a,
ASN00082076,19800417,TMAX,270,,,a,
ASN00082076,19800418,TMAX,251,,,a,
ASN00082076,19800420,TMAX,186,,,a,
ASN00082076,19800421,TMAX,221,,,a,
ASN00082076,19800422,TMAX,200,,,a,
ASN00082076,19800423,TMAX,169,,,a,
ASN00082076,19800424,TMAX,180,,,a,
ASN00082076,19800425,TMAX,188,,,a,
ASN00082076,19800426,TMAX,193,,,a,
ASN00082076,19800427,TMAX,145,,,a,
ASN00082076,19800428,TMAX,175,,,a,
ASN00082076,19800429,TMAX,178,,,a,
ASN00082076,19800430,TMAX,184,,,a,
ASN00082076,19800401,TMIN,45,,,a,
ASN00082076,19800402,TMIN,45,,,a,
ASN00082076,19800403,TMIN,35,,,a,
ASN00082076,19800408,TMIN,29,,,a,
ASN00082076,19800409,TMIN,55,,,a,
ASN00082076,19800410,TMIN,36,,,a,
ASN00082076,19800411,TMIN,40,,,a,
ASN00082076,19800412,TMIN,36,,,a,
ASN00082076,19800414,TMIN,60,,,a,
ASN00082076,19800415,TMIN,62,,,a,
ASN00082076,19800416,TMIN,96,,,a,
ASN00082076,19800417,TMIN,108,,,a,
ASN00082076,19800418,TMIN,95,,,a,
ASN00082076,19800419,TMIN,140,,,a,
ASN00082076,19800421,TMIN,90,,,a,
ASN00082076,19800422,TMIN,72,,,a,
ASN00082076,19800423,TMIN,113,,,a,
ASN00082076,19800424,TMIN,120,,,a,
ASN00082076,19800425,TMIN,32,,,a,
ASN00082076,19800426,TMIN,27,,,a,
ASN00082076,19800427,TMIN,70,,,a,
ASN00082076,19800428,TMIN,55,,,a,
ASN00082076,19800429,TMIN,13,,,a,
ASN00082076,19800430,TMIN,33,,,a,
ASN00082076,19800401,PRCP,0,,,a,
ASN00082076,19800402,PRCP,0,,,a,
ASN00082076,19800403,PRCP,0,,,a,
ASN00082076,19800404,PRCP,0,,,a,
ASN00082076,19800405,PRCP,0,,,a,
ASN00082076,19800406,PRCP,0,,,a,
ASN00082076,19800407,PRCP,0,,,a,
ASN00082076,19800408,PRCP,0,,,a,
ASN00082076,19800409,PRCP,0,,,a,
ASN00082076,19800410,PRCP,0,,,a,
ASN00082076,19800411,PRCP,0,,,a,
ASN00082076,19800412,PRCP,0,,,a,
ASN00082076,19800413,PRCP,0,,,a,
ASN00082076,19800414,PRCP,0,,,a,
ASN00082076,19800415,PRCP,0,,,a,
ASN00082076,19800416,PRCP,5,,,a,
ASN00082076,19800417,PRCP,23,,,a,
ASN00082076,19800418,PRCP,0,,,a,
ASN00082076,19800419,PRCP,12,,,a,
ASN00082076,19800422,PRCP,0,,,a,
ASN00082076,19800423,PRCP,0,,,a,
ASN00082076,19800424,PRCP,288,,,a,
ASN00082076,19800425,PRCP,1,,,a,
ASN00082076,19800426,PRCP,0,,,a,
ASN00082076,19800427,PRCP,0,,,a,
ASN00082076,19800428,PRCP,0,,,a,
ASN00082076,19800429,PRCP,0,,,a,
ASN00082076,19800430,PRCP,0,,,a,
ASN00082076,19800421,DAPR,2,,,a,
ASN00082076,19800421,DWPR,2,,,a,
ASN00082076,19800421,MDPR,104,,,a,
ASN00082076,19800501,TMAX,203,,,a,
ASN00082076,19800502,TMAX,211,,,a,
ASN00082076,19800504,TMAX,220,,,a,
ASN00082076,19800505,TMAX,206,,,a,
ASN00082076,19800506,TMAX,219,,,a,
ASN00082076,19800507,TMAX,156,,,a,
ASN00082076,19800508,TMAX,247,,,a,
ASN00082076,19800509,TMAX,240,,,a,
ASN00082076,19800510,TMAX,200,,,a,
ASN00082076,19800511,TMAX,189,,,a,
ASN00082076,19800512,TMAX,129,,,a,
ASN00082076,19800513,TMAX,183,,,a,
ASN00082076,19800514,TMAX,218,,,a,
ASN00082076,19800515,TMAX,200,,,a,
ASN00082076,19800516,TMAX,175,,,a,
ASN00082076,19800517,TMAX,163,,,a,
ASN00082076,19800518,TMAX,145,,,a,
ASN00082076,19800519,TMAX,116,,,a,
ASN00082076,19800520,TMAX,130,,,a,
ASN00082076,19800521,TMAX,98,,,a,
ASN00082076,19800522,TMAX,121,,,a,
ASN00082076,19800523,TMAX,120,,,a,
ASN00082076,19800524,TMAX,129,,,a,
ASN00082076,19800525,TMAX,167,,,a,
ASN00082076,19800526,TMAX,132,,,a,
ASN00082076,19800527,TMAX,123,,,a,
ASN00082076,19800528,TMAX,174,,,a,
ASN00082076,19800529,TMAX,164,,,a,
ASN00082076,19800530,TMAX,123,,,a,
ASN00082076,19800501,TMIN,32,,,a,
ASN00082076,19800502,TMIN,84,,,a,
ASN00082076,19800503,TMIN,39,,,a,
ASN00082076,19800505,TMIN,65,,,a,
ASN00082076,19800506,TMIN,53,,,a,
ASN00082076,19800507,TMIN,63,,,a,
ASN00082076,19800508,TMIN,68,,,a,
ASN00082076,19800509,TMIN,80,,,a,
ASN00082076,19800510,TMIN,93,,,a,
ASN00082076,19800511,TMIN,138,,,a,
ASN00082076,19800512,TMIN,93,,,a,
ASN00082076,19800513,TMIN,91,,,a,
ASN00082076,19800514,TMIN,50,,,a,
ASN00082076,19800515,TMIN,27,,,a,
ASN00082076,19800516,TMIN,39,,,a,
ASN00082076,19800517,TMIN,58,,,a,
ASN00082076,19800518,TMIN,10,,,a,
ASN00082076,19800519,TMIN,3,,,a,
ASN00082076,19800520,TMIN,31,,,a,
ASN00082076,19800521,TMIN,-20,,,a,
ASN00082076,19800522,TMIN,-5,,,a,
ASN00082076,19800523,TMIN,43,,,a,
ASN00082076,19800524,TMIN,62,,,a,
ASN00082076,19800525,TMIN,40,,,a,
ASN00082076,19800526,TMIN,49,,,a,
ASN00082076,19800527,TMIN,53,,,a,
ASN00082076,19800528,TMIN,89,,,a,
ASN00082076,19800529,TMIN,118,,,a,
ASN00082076,19800530,TMIN,105,,,a,
ASN00082076,19800531,TMIN,103,,,a,
ASN00082076,19800501,PRCP,0,,,a,
ASN00082076,19800502,PRCP,0,,,a,
ASN00082076,19800503,PRCP,0,,,a,
ASN00082076,19800504,PRCP,0,,,a,
ASN00082076,19800505,PRCP,0,,,a,
ASN00082076,19800506,PRCP,0,,,a,
ASN00082076,19800507,PRCP,0,,,a,
ASN00082076,19800508,PRCP,0,,,a,
ASN00082076,19800509,PRCP,0,,,a,
ASN00082076,19800510,PRCP,17,,,a,
ASN00082076,19800511,PRCP,118,,,a,
ASN00082076,19800512,PRCP,202,,,a,
ASN00082076,19800513,PRCP,2,,,a,
ASN00082076,19800514,PRCP,0,,,a,
ASN00082076,19800515,PRCP,0,,,a,
ASN00082076,19800516,PRCP,0,,,a,
ASN00082076,19800517,PRCP,28,,,a,
ASN00082076,19800518,PRCP,0,,,a,
ASN00082076,19800519,PRCP,0,,,a,
ASN00082076,19800520,PRCP,71,,,a,
ASN00082076,19800521,PRCP,12,,,a,
ASN00082076,19800522,PRCP,1,,,a,
ASN00082076,19800523,PRCP,0,,,a,
ASN00082076,19800524,PRCP,0,,,a,
ASN00082076,19800525,PRCP,0,,,a,
ASN00082076,19800526,PRCP,0,,,a,
ASN00082076,19800527,PRCP,0,,,a,
ASN00082076,19800528,PRCP,204,,,a,
ASN00082076,19800529,PRCP,1,,,a,
ASN00082076,19800530,PRCP,15,,,a,
ASN00082076,19800531,PRCP,12,,,a,
ASN00082076,19800601,TMAX,162,,,a,
ASN00082076,19800602,TMAX,144,,,a,
ASN00082076,19800603,TMAX,119,,,a,
ASN00082076,19800604,TMAX,91,,,a,
ASN00082076,19800605,TMAX,140,,,a,
ASN00082076,19800606,TMAX,140,,,a,
ASN00082076,19800608,TMAX,130,,,a,
ASN00082076,19800609,TMAX,123,,,a,
ASN00082076,19800610,TMAX,112,,,a,
ASN00082076,19800611,TMAX,121,,,a,
ASN00082076,19800612,TMAX,131,,,a,
ASN00082076,19800613,TMAX,138,,,a,
ASN00082076,19800616,TMAX,142,,,a,
ASN00082076,19800617,TMAX,114,,,a,
ASN00082076,19800618,TMAX,132,,,a,
ASN00082076,19800619,TMAX,150,,,a,
ASN00082076,19800620,TMAX,142,,,a,
ASN00082076,19800622,TMAX,147,,,a,
ASN00082076,19800623,TMAX,125,,,a,
ASN00082076,19800624,TMAX,135,,,a,
ASN00082076,19800625,TMAX,147,,,a,
ASN00082076,19800626,TMAX,142,,,a,
ASN00082076,19800627,TMAX,110,,,a,
ASN00082076,19800629,TMAX,93,,,a,
ASN00082076,19800630,TMAX,108,,,a,
ASN00082076,19800602,TMIN,43,,,a,
ASN00082076,19800603,TMIN,24,,,a,
ASN00082076,19800604,TMIN,54,,,a,
ASN00082076,19800605,TMIN,50,,,a,
ASN00082076,19800606,TMIN,-2,,,a,
ASN00082076,19800607,TMIN,23,,,a,
ASN00082076,19800609,TMIN,33,,,a,
ASN00082076,19800610,TMIN,60,,,a,
ASN00082076,19800611,TMIN,-7,,,a,
ASN00082076,19800612,TMIN,-25,,,a,
ASN00082076,19800613,TMIN,-14,,,a,
ASN00082076,19800614,TMIN,-3,,,a,
ASN00082076,19800617,TMIN,1,,,a,
ASN00082076,19800618,TMIN,6,,,a,
ASN00082076,19800619,TMIN,25,,,a,
ASN00082076,19800620,TMIN,-12,,,a,
ASN00082076,19800621,TMIN,-16,,,a,
ASN00082076,19800623,TMIN,-12,,,a,
ASN00082076,19800624,TMIN,8,,,a,
ASN00082076,19800625,TMIN,6,,,a,
ASN00082076,19800626,TMIN,6,,,a,
ASN00082076,19800627,TMIN,35,,,a,
ASN00082076,19800628,TMIN,40,,,a,
ASN00082076,19800630,TMIN,43,,,a,
ASN00082076,19800601,PRCP,4,,,a,
ASN00082076,19800602,PRCP,0,,,a,
ASN00082076,19800603,PRCP,0,,,a,
ASN00082076,19800604,PRCP,11,,,a,
ASN00082076,19800605,PRCP,0,,,a,
ASN00082076,19800606,PRCP,0,,,a,
ASN00082076,19800607,PRCP,0,,,a,
ASN00082076,19800608,PRCP,0,,,a,
ASN00082076,19800609,PRCP,0,,,a,
ASN00082076,19800610,PRCP,100,,,a,
ASN00082076,19800611,PRCP,5,,,a,
ASN00082076,19800612,PRCP,0,,,a,
ASN00082076,19800613,PRCP,0,,,a,
ASN00082076,19800614,PRCP,0,,,a,
ASN00082076,19800615,PRCP,0,,,a,
ASN00082076,19800616,PRCP,80,,,a,
ASN00082076,19800617,PRCP,37,,,a,
ASN00082076,19800618,PRCP,16,,,a,
ASN00082076,19800619,PRCP,0,,,a,
ASN00082076,19800620,PRCP,0,,,a,
ASN00082076,19800621,PRCP,0,,,a,
ASN00082076,19800622,PRCP,0,,,a,
ASN00082076,19800623,PRCP,0,,,a,
ASN00082076,19800624,PRCP,0,,,a,
ASN00082076,19800625,PRCP,0,,,a,
ASN00082076,19800626,PRCP,0,,,a,
ASN00082076,19800627,PRCP,0,,,a,
ASN00082076,19800628,PRCP,482,,,a,
ASN00082076,19800630,DAPR,2,,,a,
ASN00082076,19800630,DWPR,2,,,a,
ASN00082076,19800630,MDPR,414,,,a,
ASN00082076,19800701,TMAX,83,,,a,
ASN00082076,19800702,TMAX,73,,,a,
ASN00082076,19800703,TMAX,84,,,a,
ASN00082076,19800704,TMAX,91,,,a,
ASN00082076,19800706,TMAX,98,,,a,
ASN00082076,19800707,TMAX,102,,,a,
ASN00082076,19800708,TMAX,102,,,a,
ASN00082076,19800709,TMAX,104,,,a,
ASN00082076,19800710,TMAX,112,,,a,
ASN00082076,19800711,TMAX,67,,,a,
ASN00082076,19800712,TMAX,130,,,a,
ASN00082076,19800713,TMAX,73,,,a,
ASN00082076,19800714,TMAX,117,,,a,
ASN00082076,19800715,TMAX,155,,,a,
ASN00082076,19800716,TMAX,144,,,a,
ASN00082076,19800717,TMAX,150,,,a,
ASN00082076,19800718,TMAX,120,,,a,
ASN00082076,19800719,TMAX,115,,,a,
ASN00082076,19800720,TMAX,112,,,a,
ASN00082076,19800721,TMAX,115,,,a,
ASN00082076,19800722,TMAX,133,,,a,
ASN00082076,19800723,TMAX,135,,,a,
ASN00082076,19800724,TMAX,166,,,a,
ASN00082076,19800725,TMAX,170,,,a,
ASN00082076,19800726,TMAX,170,,,a,
ASN00082076,19800727,TMAX,120,,,a,
ASN00082076,19800728,TMAX,125,,,a,
ASN00082076,19800729,TMAX,122,,,a,
ASN00082076,19800730,TMAX,117,,,a,
ASN00082076,19800731,TMAX,122,,,a,
ASN00082076,19800701,TMIN,49,,,a,
ASN00082076,19800702,TMIN,38,,,a,
ASN00082076,19800703,TMIN,51,,,a,
ASN00082076,19800704,TMIN,40,,,a,
ASN00082076,19800705,TMIN,36,,,a,
ASN00082076,19800707,TMIN,41,,,a,
ASN00082076,19800708,TMIN,68,,,a,
ASN00082076,19800709,TMIN,19,,,a,
ASN00082076,19800710,TMIN,-24,,,a,
ASN00082076,19800711,TMIN,-23,,,a,
ASN00082076,19800712,TMIN,5,,,a,
ASN00082076,19800713,TMIN,-10,,,a,
ASN00082076,19800714,TMIN,8,,,a,
ASN00082076,19800715,TMIN,45,,,a,
ASN00082076,19800716,TMIN,51,,,a,
ASN00082076,19800717,TMIN,31,,,a,
ASN00082076,19800718,TMIN,53,,,a,
ASN00082076,19800719,TMIN,-10,,,a,
ASN00082076,19800720,TMIN,2,,,a,
ASN00082076,19800721,TMIN,16,,,a,
ASN00082076,19800722,TMIN,12,,,a,
ASN00082076,19800723,TMIN,5,,,a,
ASN00082076,19800724,TMIN,7,,,a,
ASN00082076,19800725,TMIN,8,,,a,
ASN00082076,19800726,TMIN,7,,,a,
ASN00082076,19800727,TMIN,35,,,a,
ASN00082076,19800728,TMIN,68,,,a,
ASN00082076,19800729,TMIN,68,,,a,
ASN00082076,19800730,TMIN,38,,,a,
ASN00082076,19800731,TMIN,32,,,a,
ASN00082076,19800701,PRCP,28,,,a,
ASN00082076,19800702,PRCP,24,,,a,
ASN00082076,19800703,PRCP,54,,,a,
ASN00082076,19800704,PRCP,161,,,a,
ASN00082076,19800705,PRCP,21,,,a,
ASN00082076,19800706,PRCP,1,,,a,
ASN00082076,19800707,PRCP,28,,,a,
ASN00082076,19800708,PRCP,32,,,a,
ASN00082076,19800709,PRCP,9,,,a,
ASN00082076,19800710,PRCP,0,,,a,
ASN00082076,19800711,PRCP,2,,,a,
ASN00082076,19800712,PRCP,0,,,a,
ASN00082076,19800713,PRCP,0,,,a,
ASN00082076,19800714,PRCP,15,,,a,
ASN00082076,19800715,PRCP,10,,,a,
ASN00082076,19800716,PRCP,25,,,a,
ASN00082076,19800717,PRCP,3,,,a,
ASN00082076,19800718,PRCP,50,,,a,
ASN00082076,19800719,PRCP,0,,,a,
ASN00082076,19800720,PRCP,0,,,a,
ASN00082076,19800721,PRCP,146,,,a,
ASN00082076,19800722,PRCP,2,,,a,
ASN00082076,19800723,PRCP,0,,,a,
ASN00082076,19800724,PRCP,0,,,a,
ASN00082076,19800725,PRCP,0,,,a,
ASN00082076,19800726,PRCP,0,,,a,
ASN00082076,19800727,PRCP,0,,,a,
ASN00082076,19800728,PRCP,412,,,a,
ASN00082076,19800729,PRCP,86,,,a,
ASN00082076,19800730,PRCP,36,,,a,
ASN00082076,19800731,PRCP,16,,,a,
ASN00082076,19800802,TMAX,110,,,a,
ASN00082076,19800803,TMAX,138,,,a,
ASN00082076,19800804,TMAX,118,,,a,
ASN00082076,19800805,TMAX,141,,,a,
ASN00082076,19800806,TMAX,143,,,a,
ASN00082076,19800807,TMAX,148,,,a,
ASN00082076,19800808,TMAX,130,,,a,
ASN00082076,19800809,TMAX,136,,,a,
ASN00082076,19800810,TMAX,156,,,a,
ASN00082076,19800811,TMAX,144,,,a,
ASN00082076,19800812,TMAX,100,,,a,
ASN00082076,19800813,TMAX,142,,,a,
ASN00082076,19800814,TMAX,105,,,a,
ASN00082076,19800815,TMAX,122,,,a,
ASN00082076,19800816,TMAX,140,,,a,
ASN00082076,19800817,TMAX,150,,,a,
ASN00082076,19800818,TMAX,162,,,a,
ASN00082076,19800819,TMAX,171,,,a,
ASN00082076,19800820,TMAX,123,,,a,
ASN00082076,19800821,TMAX,128,,,a,
ASN00082076,19800822,TMAX,160,,,a,
ASN00082076,19800823,TMAX,155,,,a,
ASN00082076,19800824,TMAX,124,,,a,
ASN00082076,19800825,TMAX,125,,,a,
ASN00082076,19800826,TMAX,141,,,a,
ASN00082076,19800827,TMAX,118,,,a,
ASN00082076,19800828,TMAX,138,,,a,
ASN00082076,19800829,TMAX,147,,,a,
ASN00082076,19800830,TMAX,210,,,a,
ASN00082076,19800831,TMAX,133,,,a,
ASN00082076,19800801,TMIN,23,,,a,
ASN00082076,19800803,TMIN,15,,,a,
ASN00082076,19800804,TMIN,35,,,a,
ASN00082076,19800805,TMIN,7,,,a,
ASN00082076,19800806,TMIN,3,,,a,
ASN00082076,19800807,TMIN,24,,,a,
ASN00082076,19800808,TMIN,18,,,a,
ASN00082076,19800809,TMIN,6,,,a,
ASN00082076,19800810,TMIN,15,,,a,
ASN00082076,19800811,TMIN,-8,,,a,
ASN00082076,19800812,TMIN,11,,,a,
ASN00082076,19800813,TMIN,34,,,a,
ASN00082076,19800814,TMIN,28,,,a,
ASN00082076,19800815,TMIN,44,,,a,
ASN00082076,19800816,TMIN,-25,,,a,
ASN00082076,19800817,TMIN,-5,,,a,
ASN00082076,19800818,TMIN,-5,,,a,
ASN00082076,19800819,TMIN,10,,,a,
ASN00082076,19800820,TMIN,33,,,a,
ASN00082076,19800821,TMIN,80,,,a,
ASN00082076,19800822,TMIN,78,,,a,
ASN00082076,19800823,TMIN,20,,,a,
ASN00082076,19800824,TMIN,70,,,a,
ASN00082076,19800825,TMIN,34,,,a,
ASN00082076,19800826,TMIN,15,,,a,
ASN00082076,19800827,TMIN,-10,,,a,
ASN00082076,19800828,TMIN,20,,,a,
ASN00082076,19800829,TMIN,39,,,a,
ASN00082076,19800830,TMIN,40,,,a,
ASN00082076,19800831,TMIN,60,,,a,
ASN00082076,19800801,PRCP,0,,,a,
ASN00082076,19800802,PRCP,0,,,a,
ASN00082076,19800803,PRCP,106,,,a,
ASN00082076,19800804,PRCP,3,,,a,
ASN00082076,19800805,PRCP,0,,,a,
ASN00082076,19800806,PRCP,0,,,a,
ASN00082076,19800807,PRCP,192,,,a,
ASN00082076,19800808,PRCP,58,,,a,
ASN00082076,19800809,PRCP,0,,,a,
ASN00082076,19800810,PRCP,0,,,a,
ASN00082076,19800811,PRCP,0,,,a,
ASN00082076,19800812,PRCP,52,,,a,
ASN00082076,19800813,PRCP,28,,,a,
ASN00082076,19800814,PRCP,0,,,a,
ASN00082076,19800815,PRCP,46,,,a,
ASN00082076,19800816,PRCP,0,,,a,
ASN00082076,19800817,PRCP,0,,,a,
ASN00082076,19800818,PRCP,0,,,a,
ASN00082076,19800819,PRCP,0,,,a,
ASN00082076,19800820,PRCP,0,,,a,
ASN00082076,19800821,PRCP,180,,,a,
ASN00082076,19800822,PRCP,5,,,a,
ASN00082076,19800823,PRCP,0,,,a,
ASN00082076,19800824,PRCP,46,,,a,
ASN00082076,19800825,PRCP,66,,,a,
ASN00082076,19800826,PRCP,10,,,a,
ASN00082076,19800827,PRCP,0,,,a,
ASN00082076,19800828,PRCP,0,,,a,
ASN00082076,19800829,PRCP,0,,,a,
ASN00082076,19800830,PRCP,0,,,a,
ASN00082076,19800831,PRCP,146,,,a,
ASN00082076,19800901,TMAX,132,,,a,
ASN00082076,19800902,TMAX,118,,,a,
ASN00082076,19800903,TMAX,165,,,a,
ASN00082076,19800904,TMAX,180,,,a,
ASN00082076,19800905,TMAX,180,,,a,
ASN00082076,19800906,TMAX,193,,,a,
ASN00082076,19800907,TMAX,187,,,a,
ASN00082076,19800908,TMAX,178,,,a,
ASN00082076,19800909,TMAX,97,,,a,
ASN00082076,19800910,TMAX,125,,,a,
ASN00082076,19800911,TMAX,151,,,a,
ASN00082076,19800912,TMAX,160,,,a,
ASN00082076,19800913,TMAX,160,,,a,
ASN00082076,19800914,TMAX,181,,,a,
ASN00082076,19800915,TMAX,124,,,a,
ASN00082076,19800916,TMAX,153,,,a,
ASN00082076,19800917,TMAX,102,,,a,
ASN00082076,19800918,TMAX,123,,,a,
ASN00082076,19800919,TMAX,120,,,a,
ASN00082076,19800920,TMAX,158,,,a,
ASN00082076,19800921,TMAX,148,,,a,
ASN00082076,19800922,TMAX,166,,,a,
ASN00082076,19800923,TMAX,210,,,a,
ASN00082076,19800924,TMAX,256,,,a,
ASN00082076,19800925,TMAX,208,,,a,
ASN00082076,19800926,TMAX,175,,,a,
ASN00082076,19800927,TMAX,188,,,a,
ASN00082076,19800928,TMAX,210,,,a,
ASN00082076,19800929,TMAX,228,,,a,
ASN00082076,19800930,TMAX,284,,,a,
ASN00082076,19800901,TMIN,73,,,a,
ASN00082076,19800902,TMIN,65,,,a,
ASN00082076,19800903,TMIN,44,,,a,
ASN00082076,19800904,TMIN,43,,,a,
ASN00082076,19800905,TMIN,25,,,a,
ASN00082076,19800906,TMIN,16,,,a,
ASN00082076,19800907,TMIN,4,,,a,
ASN00082076,19800908,TMIN,42,,,a,
ASN00082076,19800909,TMIN,69,,,a,
ASN00082076,19800910,TMIN,67,,,a,
ASN00082076,19800911,TMIN,83,,,a,
ASN00082076,19800912,TMIN,46,,,a,
ASN00082076,19800913,TMIN,25,,,a,
ASN00082076,19800914,TMIN,10,,,a,
ASN00082076,19800915,TMIN,60,,,a,
ASN00082076,19800916,TMIN,69,,,a,
ASN00082076,19800917,TMIN,25,,,a,
ASN00082076,19800918,TMIN,58,,,a,
ASN00082076,19800919,TMIN,55,,,a,
ASN00082076,19800920,TMIN,18,,,a,
ASN00082076,19800921,TMIN,62,,,a,
ASN00082076,19800922,TMIN,90,,,a,
ASN00082076,19800923,TMIN,31,,,a,
ASN00082076,19800924,TMIN,95,,,a,
ASN00082076,19800925,TMIN,102,,,a,
ASN00082076,19800926,TMIN,38,,,a,
ASN00082076,19800927,TMIN,25,,,a,
ASN00082076,19800928,TMIN,50,,,a,
ASN00082076,19800929,TMIN,36,,,a,
ASN00082076,19800930,TMIN,42,,,a,
ASN00082076,19800901,PRCP,76,,,a,
ASN00082076,19800902,PRCP,40,,,a,
ASN00082076,19800903,PRCP,42,,,a,
ASN00082076,19800904,PRCP,0,,,a,
ASN00082076,19800905,PRCP,0,,,a,
ASN00082076,19800906,PRCP,0,,,a,
ASN00082076,19800907,PRCP,0,,,a,
ASN00082076,19800908,PRCP,1,,,a,
ASN00082076,19800909,PRCP,20,,,a,
ASN00082076,19800910,PRCP,59,,,a,
ASN00082076,19800911,PRCP,0,,,a,
ASN00082076,19800912,PRCP,12,,,a,
ASN00082076,19800913,PRCP,39,,,a,
ASN00082076,19800914,PRCP,0,,,a,
ASN00082076,19800915,PRCP,223,,,a,
ASN00082076,19800916,PRCP,16,,,a,
ASN00082076,19800917,PRCP,12,,,a,
ASN00082076,19800918,PRCP,484,,,a,
ASN00082076,19800919,PRCP,16,,,a,
ASN00082076,19800920,PRCP,30,,,a,
ASN00082076,19800921,PRCP,6,,,a,
ASN00082076,19800922,PRCP,4,,,a,
ASN00082076,19800923,PRCP,0,,,a,
ASN00082076,19800924,PRCP,0,,,a,
ASN00082076,19800925,PRCP,0,,,a,
ASN00082076,19800926,PRCP,0,,,a,
ASN00082076,19800927,PRCP,0,,,a,
ASN00082076,19800928,PRCP,0,,,a,
ASN00082076,19800929,PRCP,0,,,a,
ASN00082076,19800930,PRCP,0,,,a,
ASN00082076,19801001,TMAX,253,,,a,
ASN00082076,19801002,TMAX,220,,,a,
ASN00082076,19801003,TMAX,185,,,a,
ASN00082076,19801004,TMAX,210,,,a,
ASN00082076,19801005,TMAX,232,,,a,
ASN00082076,19801006,TMAX,186,,,a,
ASN00082076,19801007,TMAX,158,,,a,
ASN00082076,19801008,TMAX,183,,,a,
ASN00082076,19801009,TMAX,184,,,a,
ASN00082076,19801010,TMAX,200,,,a,
ASN00082076,19801011,TMAX,248,,,a,
ASN00082076,19801012,TMAX,201,,,a,
ASN00082076,19801013,TMAX,157,,,a,
ASN00082076,19801014,TMAX,209,,,a,
ASN00082076,19801015,TMAX,214,,,a,
ASN00082076,19801016,TMAX,228,,,a,
ASN00082076,19801017,TMAX,225,,,a,
ASN00082076,19801018,TMAX,242,,,a,
ASN00082076,19801019,TMAX,212,,,a,
ASN00082076,19801020,TMAX,230,,,a,
ASN00082076,19801021,TMAX,253,,,a,
ASN00082076,19801022,TMAX,272,,,a,
ASN00082076,19801023,TMAX,260,,,a,
ASN00082076,19801024,TMAX,195,,,a,
ASN00082076,19801025,TMAX,235,,,a,
ASN00082076,19801026,TMAX,247,,,a,
ASN00082076,19801027,TMAX,275,,,a,
ASN00082076,19801028,TMAX,163,,,a,
ASN00082076,19801029,TMAX,186,,,a,
ASN00082076,19801030,TMAX,166,,,a,
ASN00082076,19801031,TMAX,151,,,a,
ASN00082076,19801001,TMIN,67,,,a,
ASN00082076,19801002,TMIN,30,,,a,
ASN00082076,19801003,TMIN,73,,,a,
ASN00082076,19801004,TMIN,45,,,a,
ASN00082076,19801005,TMIN,35,,,a,
ASN00082076,19801006,TMIN,93,,,a,
ASN00082076,19801007,TMIN,114,,,a,
ASN00082076,19801008,TMIN,6,,,a,
ASN00082076,19801009,TMIN,46,,,a,
ASN00082076,19801010,TMIN,56,,,a,
ASN00082076,19801011,TMIN,50,,,a,
ASN00082076,19801012,TMIN,107,,,a,
ASN00082076,19801013,TMIN,85,,,a,
ASN00082076,19801014,TMIN,42,,,a,
ASN00082076,19801015,TMIN,48,,,a,
ASN00082076,19801016,TMIN,52,,,a,
ASN00082076,19801017,TMIN,52,,,a,
ASN00082076,19801018,TMIN,55,,,a,
ASN00082076,19801019,TMIN,105,,,a,
ASN00082076,19801020,TMIN,114,,,a,
ASN00082076,19801021,TMIN,111,,,a,
ASN00082076,19801022,TMIN,90,,,a,
ASN00082076,19801023,TMIN,96,,,a,
ASN00082076,19801024,TMIN,98,,,a,
ASN00082076,19801025,TMIN,58,,,a,
ASN00082076,19801026,TMIN,75,,,a,
ASN00082076,19801027,TMIN,130,,,a,
ASN00082076,19801028,TMIN,62,,,a,
ASN00082076,19801029,TMIN,48,,,a,
ASN00082076,19801030,TMIN,72,,,a,
ASN00082076,19801031,TMIN,74,,,a,
ASN00082076,19801001,PRCP,0,,,a,
ASN00082076,19801002,PRCP,0,,,a,
ASN00082076,19801003,PRCP,42,,,a,
ASN00082076,19801004,PRCP,0,,,a,
ASN00082076,19801005,PRCP,0,,,a,
ASN00082076,19801006,PRCP,0,,,a,
ASN00082076,19801007,PRCP,92,,,a,
ASN00082076,19801008,PRCP,26,,,a,
ASN00082076,19801009,PRCP,0,,,a,
ASN00082076,19801010,PRCP,0,,,a,
ASN00082076,19801011,PRCP,0,,,a,
ASN00082076,19801012,PRCP,14,,,a,
ASN00082076,19801013,PRCP,156,,,a,
ASN00082076,19801014,PRCP,34,,,a,
ASN00082076,19801015,PRCP,0,,,a,
ASN00082076,19801016,PRCP,0,,,a,
ASN00082076,19801017,PRCP,0,,,a,
ASN00082076,19801018,PRCP,0,,,a,
ASN00082076,19801019,PRCP,82,,,a,
ASN00082076,19801020,PRCP,30,,,a,
ASN00082076,19801021,PRCP,116,,,a,
ASN00082076,19801022,PRCP,0,,,a,
ASN00082076,19801023,PRCP,0,,,a,
ASN00082076,19801024,PRCP,270,,,a,
ASN00082076,19801025,PRCP,0,,,a,
ASN00082076,19801026,PRCP,0,,,a,
ASN00082076,19801027,PRCP,0,,,a,
ASN00082076,19801028,PRCP,284,,,a,
ASN00082076,19801029,PRCP,1,,,a,
ASN00082076,19801030,PRCP,0,,,a,
ASN00082076,19801031,PRCP,20,,,a,
ASN00082076,19801101,TMAX,152,,,a,
ASN00082076,19801102,TMAX,166,,,a,
ASN00082076,19801103,TMAX,165,,,a,
ASN00082076,19801104,TMAX,207,,,a,
ASN00082076,19801105,TMAX,246,,,a,
ASN00082076,19801106,TMAX,188,,,a,
ASN00082076,19801107,TMAX,210,,,a,
ASN00082076,19801108,TMAX,215,,,a,
ASN00082076,19801109,TMAX,220,,,a,
ASN00082076,19801110,TMAX,248,,,a,
ASN00082076,19801111,TMAX,270,,,a,
ASN00082076,19801112,TMAX,310,,,a,
ASN00082076,19801113,TMAX,325,,,a,
ASN00082076,19801114,TMAX,257,,,a,
ASN00082076,19801115,TMAX,297,,,a,
ASN00082076,19801116,TMAX,318,,,a,
ASN00082076,19801117,TMAX,342,,,a,
ASN00082076,19801118,TMAX,330,,,a,
ASN00082076,19801119,TMAX,198,,,a,
ASN00082076,19801120,TMAX,249,,,a,
ASN00082076,19801121,TMAX,270,,,a,
ASN00082076,19801122,TMAX,215,,,a,
ASN00082076,19801123,TMAX,242,,,a,
ASN00082076,19801124,TMAX,229,,,a,
ASN00082076,19801125,TMAX,260,,,a,
ASN00082076,19801126,TMAX,270,,,a,
ASN00082076,19801127,TMAX,305,,,a,
ASN00082076,19801128,TMAX,207,,,a,
ASN00082076,19801129,TMAX,227,,,a,
ASN00082076,19801130,TMAX,278,,,a,
ASN00082076,19801101,TMIN,100,,,a,
ASN00082076,19801102,TMIN,55,,,a,
ASN00082076,19801103,TMIN,58,,,a,
ASN00082076,19801104,TMIN,22,,,a,
ASN00082076,19801105,TMIN,84,,,a,
ASN00082076,19801106,TMIN,120,,,a,
ASN00082076,19801107,TMIN,120,,,a,
ASN00082076,19801108,TMIN,32,,,a,
ASN00082076,19801109,TMIN,102,,,a,
ASN00082076,19801110,TMIN,78,,,a,
ASN00082076,19801111,TMIN,85,,,a,
ASN00082076,19801112,TMIN,92,,,a,
ASN00082076,19801113,TMIN,105,,,a,
ASN00082076,19801114,TMIN,104,,,a,
ASN00082076,19801115,TMIN,125,,,a,
ASN00082076,19801116,TMIN,106,,,a,
ASN00082076,19801117,TMIN,154,,,a,
ASN00082076,19801118,TMIN,172,,,a,
ASN00082076,19801119,TMIN,99,,,a,
ASN00082076,19801120,TMIN,46,,,a,
ASN00082076,19801121,TMIN,65,,,a,
ASN00082076,19801122,TMIN,110,,,a,
ASN00082076,19801123,TMIN,90,,,a,
ASN00082076,19801124,TMIN,112,,,a,
ASN00082076,19801125,TMIN,102,,,a,
ASN00082076,19801126,TMIN,72,,,a,
ASN00082076,19801127,TMIN,117,,,a,
ASN00082076,19801128,TMIN,140,,,a,
ASN00082076,19801129,TMIN,128,,,a,
ASN00082076,19801130,TMIN,100,,,a,
ASN00082076,19801101,PRCP,0,,,a,
ASN00082076,19801102,PRCP,28,,,a,
ASN00082076,19801103,PRCP,70,,,a,
ASN00082076,19801104,PRCP,0,,,a,
ASN00082076,19801105,PRCP,8,,,a,
ASN00082076,19801106,PRCP,38,,,a,
ASN00082076,19801107,PRCP,30,,,a,
ASN00082076,19801108,PRCP,40,,,a,
ASN00082076,19801109,PRCP,48,,,a,
ASN00082076,19801110,PRCP,0,,,a,
ASN00082076,19801111,PRCP,0,,,a,
ASN00082076,19801112,PRCP,0,,,a,
ASN00082076,19801113,PRCP,0,,,a,
ASN00082076,19801114,PRCP,0,,,a,
ASN00082076,19801115,PRCP,2,,,a,
ASN00082076,19801116,PRCP,0,,,a,
ASN00082076,19801117,PRCP,2,,,a,
ASN00082076,19801118,PRCP,0,,,a,
ASN00082076,19801119,PRCP,166,,,a,
ASN00082076,19801120,PRCP,0,,,a,
ASN00082076,19801121,PRCP,0,,,a,
ASN00082076,19801122,PRCP,0,,,a,
ASN00082076,19801123,PRCP,0,,,a,
ASN00082076,19801124,PRCP,0,,,a,
ASN00082076,19801125,PRCP,0,,,a,
ASN00082076,19801126,PRCP,0,,,a,
ASN00082076,19801127,PRCP,0,,,a,
ASN00082076,19801128,PRCP,0,,,a,
ASN00082076,19801129,PRCP,40,,,a,
ASN00082076,19801130,PRCP,0,,,a,
ASN00082076,19801201,TMAX,292,,,a,
ASN00082076,19801202,TMAX,218,,,a,
ASN00082076,19801203,TMAX,233,,,a,
ASN00082076,19801204,TMAX,242,,,a,
ASN00082076,19801205,TMAX,258,,,a,
ASN00082076,19801206,TMAX,250,,,a,
ASN00082076,19801207,TMAX,288,,,a,
ASN00082076,19801208,TMAX,298,,,a,
ASN00082076,19801209,TMAX,315,,,a,
ASN00082076,19801210,TMAX,339,,,a,
ASN00082076,19801211,TMAX,344,,,a,
ASN00082076,19801212,TMAX,335,,,a,
ASN00082076,19801213,TMAX,243,,,a,
ASN00082076,19801214,TMAX,207,,,a,
ASN00082076,19801215,TMAX,220,,,a,
ASN00082076,19801216,TMAX,153,,,a,
ASN00082076,19801217,TMAX,166,,,a,
ASN00082076,19801218,TMAX,196,,,a,
ASN00082076,19801219,TMAX,242,,,a,
ASN00082076,19801220,TMAX,280,,,a,
ASN00082076,19801221,TMAX,333,,,a,
ASN00082076,19801222,TMAX,360,,,a,
ASN00082076,19801223,TMAX,338,,,a,
ASN00082076,19801224,TMAX,325,,,a,
ASN00082076,19801225,TMAX,325,,,a,
ASN00082076,19801226,TMAX,312,,,a,
ASN00082076,19801227,TMAX,312,,,a,
ASN00082076,19801228,TMAX,315,,,a,
ASN00082076,19801229,TMAX,252,,,a,
ASN00082076,19801230,TMAX,238,,,a,
ASN00082076,19801231,TMAX,302,,,a,
ASN00082076,19801201,TMIN,148,,,a,
ASN00082076,19801202,TMIN,164,,,a,
ASN00082076,19801203,TMIN,157,,,a,
ASN00082076,19801204,TMIN,85,,,a,
ASN00082076,19801205,TMIN,116,,,a,
ASN00082076,19801206,TMIN,115,,,a,
ASN00082076,19801207,TMIN,160,,,a,
ASN00082076,19801208,TMIN,126,,,a,
ASN00082076,19801209,TMIN,135,,,a,
ASN00082076,19801210,TMIN,143,,,a,
ASN00082076,19801211,TMIN,147,,,a,
ASN00082076,19801212,TMIN,154,,,a,
ASN00082076,19801213,TMIN,175,,,a,
ASN00082076,19801214,TMIN,135,,,a,
ASN00082076,19801215,TMIN,78,,,a,
ASN00082076,19801216,TMIN,65,,,a,
ASN00082076,19801217,TMIN,94,,,a,
ASN00082076,19801218,TMIN,38,,,a,
ASN00082076,19801219,TMIN,53,,,a,
ASN00082076,19801220,TMIN,55,,,a,
ASN00082076,19801221,TMIN,92,,,a,
ASN00082076,19801222,TMIN,123,,,a,
ASN00082076,19801223,TMIN,175,,,a,
ASN00082076,19801224,TMIN,151,,,a,
ASN00082076,19801225,TMIN,140,,,a,
ASN00082076,19801226,TMIN,190,,,a,
ASN00082076,19801227,TMIN,180,,,a,
ASN00082076,19801228,TMIN,160,,,a,
ASN00082076,19801229,TMIN,164,,,a,
ASN00082076,19801230,TMIN,152,,,a,
ASN00082076,19801231,TMIN,121,,,a,
ASN00082076,19801201,PRCP,0,,,a,
ASN00082076,19801202,PRCP,118,,,a,
ASN00082076,19801203,PRCP,614,,,a,
ASN00082076,19801204,PRCP,0,,,a,
ASN00082076,19801205,PRCP,0,,,a,
ASN00082076,19801206,PRCP,0,,,a,
ASN00082076,19801207,PRCP,0,,,a,
ASN00082076,19801208,PRCP,0,,,a,
ASN00082076,19801209,PRCP,0,,,a,
ASN00082076,19801210,PRCP,0,,,a,
ASN00082076,19801211,PRCP,0,,,a,
ASN00082076,19801212,PRCP,0,,,a,
ASN00082076,19801213,PRCP,6,,,a,
ASN00082076,19801214,PRCP,254,,,a,
ASN00082076,19801215,PRCP,0,,,a,
ASN00082076,19801216,PRCP,0,,,a,
ASN00082076,19801217,PRCP,266,,,a,
ASN00082076,19801218,PRCP,14,,,a,
ASN00082076,19801219,PRCP,0,,,a,
ASN00082076,19801220,PRCP,0,,,a,
ASN00082076,19801221,PRCP,0,,,a,
ASN00082076,19801222,PRCP,0,,,a,
ASN00082076,19801223,PRCP,0,,,a,
ASN00082076,19801224,PRCP,0,,,a,
ASN00082076,19801225,PRCP,0,,,a,
ASN00082076,19801226,PRCP,0,,,a,
ASN00082076,19801227,PRCP,0,,,a,
ASN00082076,19801228,PRCP,0,,,a,
ASN00082076,19801229,PRCP,76,,,a,
ASN00082076,19801230,PRCP,0,,,a,
ASN00082076,19801231,PRCP,0,,,a,
ASN00082076,19810101,TMAX,331,,,a,
ASN00082076,19810102,TMAX,328,,,a,
ASN00082076,19810103,TMAX,350,,,a,
ASN00082076,19810104,TMAX,322,,,a,
ASN00082076,19810105,TMAX,333,,,a,
ASN00082076,19810106,TMAX,327,,,a,
ASN00082076,19810107,TMAX,300,,,a,
ASN00082076,19810108,TMAX,323,,,a,
ASN00082076,19810109,TMAX,350,,,a,
ASN00082076,19810110,TMAX,315,,,a,
ASN00082076,19810111,TMAX,288,,,a,
ASN00082076,19810112,TMAX,324,,,a,
ASN00082076,19810113,TMAX,342,,,a,
ASN00082076,19810114,TMAX,356,,,a,
ASN00082076,19810115,TMAX,369,,,a,
ASN00082076,19810116,TMAX,320,,,a,
ASN00082076,19810117,TMAX,315,,,a,
ASN00082076,19810118,TMAX,341,,,a,
ASN00082076,19810119,TMAX,330,,,a,
ASN00082076,19810120,TMAX,340,,,a,
ASN00082076,19810121,TMAX,335,,,a,
ASN00082076,19810122,TMAX,292,,,a,
ASN00082076,19810123,TMAX,325,,,a,
ASN00082076,19810124,TMAX,342,,,a,
ASN00082076,19810125,TMAX,365,,,a,
ASN00082076,19810126,TMAX,386,,,a,
ASN00082076,19810127,TMAX,376,,,a,
ASN00082076,19810128,TMAX,259,,,a,
ASN00082076,19810129,TMAX,234,,,a,
ASN00082076,19810130,TMAX,270,,,a,
ASN00082076,19810131,TMAX,322,,,a,
ASN00082076,19810101,TMIN,125,,,a,
ASN00082076,19810102,TMIN,155,,,a,
ASN00082076,19810103,TMIN,154,,,a,
ASN00082076,19810104,TMIN,142,,,a,
ASN00082076,19810105,TMIN,187,,,a,
ASN00082076,19810106,TMIN,156,,,a,
ASN00082076,19810107,TMIN,186,,,a,
ASN00082076,19810108,TMIN,148,,,a,
ASN00082076,19810109,TMIN,161,,,a,
ASN00082076,19810110,TMIN,202,,,a,
ASN00082076,19810111,TMIN,195,,,a,
ASN00082076,19810112,TMIN,160,,,a,
ASN00082076,19810113,TMIN,152,,,a,
ASN00082076,19810114,TMIN,162,,,a,
ASN00082076,19810115,TMIN,155,,,a,
ASN00082076,19810116,TMIN,214,,,a,
ASN00082076,19810117,TMIN,155,,,a,
ASN00082076,19810118,TMIN,125,,,a,
ASN00082076,19810119,TMIN,150,,,a,
ASN00082076,19810120,TMIN,192,,,a,
ASN00082076,19810121,TMIN,142,,,a,
ASN00082076,19810122,TMIN,146,,,a,
ASN00082076,19810123,TMIN,140,,,a,
ASN00082076,19810124,TMIN,155,,,a,
ASN00082076,19810125,TMIN,165,,,a,
ASN00082076,19810126,TMIN,152,,,a,
ASN00082076,19810127,TMIN,202,,,a,
ASN00082076,19810128,TMIN,197,,,a,
ASN00082076,19810129,TMIN,168,,,a,
ASN00082076,19810130,TMIN,157,,,a,
ASN00082076,19810131,TMIN,130,,,a,
ASN00082076,19810101,PRCP,0,,,a,
ASN00082076,19810102,PRCP,0,,,a,
ASN00082076,19810103,PRCP,0,,,a,
ASN00082076,19810104,PRCP,0,,,a,
ASN00082076,19810105,PRCP,0,,,a,
ASN00082076,19810106,PRCP,0,,,a,
ASN00082076,19810107,PRCP,0,,,a,
ASN00082076,19810108,PRCP,0,,,a,
ASN00082076,19810109,PRCP,0,,,a,
ASN00082076,19810110,PRCP,10,,,a,
ASN00082076,19810111,PRCP,0,,,a,
ASN00082076,19810112,PRCP,0,,,a,
ASN00082076,19810113,PRCP,0,,,a,
ASN00082076,19810114,PRCP,0,,,a,
ASN00082076,19810115,PRCP,0,,,a,
ASN00082076,19810116,PRCP,0,,,a,
ASN00082076,19810117,PRCP,0,,,a,
ASN00082076,19810118,PRCP,0,,,a,
ASN00082076,19810119,PRCP,20,,,a,
ASN00082076,19810120,PRCP,0,,,a,
ASN00082076,19810121,PRCP,0,,,a,
ASN00082076,19810122,PRCP,4,,,a,
ASN00082076,19810123,PRCP,0,,,a,
ASN00082076,19810124,PRCP,0,,,a,
ASN00082076,19810125,PRCP,0,,,a,
ASN00082076,19810126,PRCP,0,,,a,
ASN00082076,19810127,PRCP,0,,,a,
ASN00082076,19810128,PRCP,38,,,a,
ASN00082076,19810129,PRCP,432,,,a,
ASN00082076,19810130,PRCP,0,,,a,
ASN00082076,19810131,PRCP,0,,,a,
ASN00082076,19810201,TMAX,318,,,a,
ASN00082076,19810202,TMAX,318,,,a,
ASN00082076,19810203,TMAX,328,,,a,
ASN00082076,19810204,TMAX,349,,,a,
ASN00082076,19810205,TMAX,208,,,a,
ASN00082076,19810206,TMAX,245,,,a,
ASN00082076,19810207,TMAX,300,,,a,
ASN00082076,19810208,TMAX,306,,,a,
ASN00082076,19810209,TMAX,339,,,a,
ASN00082076,19810210,TMAX,268,,,a,
ASN00082076,19810211,TMAX,271,,,a,
ASN00082076,19810212,TMAX,284,,,a,
ASN00082076,19810213,TMAX,332,,,a,
ASN00082076,19810214,TMAX,350,,,a,
ASN00082076,19810215,TMAX,338,,,a,
ASN00082076,19810216,TMAX,358,,,a,
ASN00082076,19810217,TMAX,352,,,a,
ASN00082076,19810218,TMAX,261,,,a,
ASN00082076,19810219,TMAX,243,,,a,
ASN00082076,19810220,TMAX,310,,,a,
ASN00082076,19810221,TMAX,290,,,a,
ASN00082076,19810222,TMAX,253,,,a,
ASN00082076,19810223,TMAX,271,,,a,
ASN00082076,19810224,TMAX,288,,,a,
ASN00082076,19810225,TMAX,300,,,a,
ASN00082076,19810226,TMAX,287,,,a,
ASN00082076,19810227,TMAX,297,,,a,
ASN00082076,19810228,TMAX,313,,,a,
ASN00082076,19810201,TMIN,190,,,a,
ASN00082076,19810202,TMIN,147,,,a,
ASN00082076,19810203,TMIN,133,,,a,
ASN00082076,19810204,TMIN,131,,,a,
ASN00082076,19810205,TMIN,155,,,a,
ASN00082076,19810206,TMIN,180,,,a,
ASN00082076,19810207,TMIN,180,,,a,
ASN00082076,19810208,TMIN,145,,,a,
ASN00082076,19810209,TMIN,155,,,a,
ASN00082076,19810210,TMIN,133,,,a,
ASN00082076,19810211,TMIN,150,,,a,
ASN00082076,19810212,TMIN,149,,,a,
ASN00082076,19810213,TMIN,138,,,a,
ASN00082076,19810214,TMIN,142,,,a,
ASN00082076,19810215,TMIN,132,,,a,
ASN00082076,19810216,TMIN,160,,,a,
ASN00082076,19810217,TMIN,183,,,a,
ASN00082076,19810218,TMIN,203,,,a,
ASN00082076,19810219,TMIN,147,,,a,
ASN00082076,19810220,TMIN,141,,,a,
ASN00082076,19810221,TMIN,160,,,a,
ASN00082076,19810222,TMIN,160,,,a,
ASN00082076,19810223,TMIN,153,,,a,
ASN00082076,19810224,TMIN,112,,,a,
ASN00082076,19810225,TMIN,128,,,a,
ASN00082076,19810226,TMIN,137,,,a,
ASN00082076,19810227,TMIN,116,,,a,
ASN00082076,19810228,TMIN,117,,,a,
ASN00082076,19810201,PRCP,0,,,a,
ASN00082076,19810202,PRCP,0,,,a,
ASN00082076,19810203,PRCP,0,,,a,
ASN00082076,19810204,PRCP,0,,,a,
ASN00082076,19810205,PRCP,16,,,a,
ASN00082076,19810206,PRCP,238,,,a,
ASN00082076,19810207,PRCP,0,,,a,
ASN00082076,19810208,PRCP,0,,,a,
ASN00082076,19810209,PRCP,0,,,a,
ASN00082076,19810210,PRCP,0,,,a,
ASN00082076,19810211,PRCP,2,,,a,
ASN00082076,19810212,PRCP,82,,,a,
ASN00082076,19810213,PRCP,182,,,a,
ASN00082076,19810214,PRCP,0,,,a,
ASN00082076,19810215,PRCP,0,,,a,
ASN00082076,19810216,PRCP,0,,,a,
ASN00082076,19810217,PRCP,0,,,a,
ASN00082076,19810218,PRCP,0,,,a,
ASN00082076,19810219,PRCP,24,,,a,
ASN00082076,19810220,PRCP,0,,,a,
ASN00082076,19810221,PRCP,0,,,a,
ASN00082076,19810222,PRCP,294,,,a,
ASN00082076,19810223,PRCP,34,,,a,
ASN00082076,19810224,PRCP,0,,,a,
ASN00082076,19810225,PRCP,0,,,a,
ASN00082076,19810226,PRCP,0,,,a,
ASN00082076,19810227,PRCP,0,,,a,
ASN00082076,19810228,PRCP,0,,,a,
ASN00082076,19810301,TMAX,318,,,a,
ASN00082076,19810302,TMAX,216,,,a,
ASN00082076,19810303,TMAX,238,,,a,
ASN00082076,19810304,TMAX,223,,,a,
ASN00082076,19810305,TMAX,224,,,a,
ASN00082076,19810306,TMAX,262,,,a,
ASN00082076,19810307,TMAX,270,,,a,
ASN00082076,19810308,TMAX,240,,,a,
ASN00082076,19810309,TMAX,213,,,a,
ASN00082076,19810310,TMAX,207,,,a,
ASN00082076,19810311,TMAX,237,,,a,
ASN00082076,19810312,TMAX,236,,,a,
ASN00082076,19810313,TMAX,200,,,a,
ASN00082076,19810314,TMAX,210,,,a,
ASN00082076,19810315,TMAX,230,,,a,
ASN00082076,19810316,TMAX,231,,,a,
ASN00082076,19810317,TMAX,227,,,a,
ASN00082076,19810318,TMAX,247,,,a,
ASN00082076,19810319,TMAX,298,,,a,
ASN00082076,19810320,TMAX,250,,,a,
ASN00082076,19810321,TMAX,212,,,a,
ASN00082076,19810322,TMAX,222,,,a,
ASN00082076,19810323,TMAX,247,,,a,
ASN00082076,19810324,TMAX,243,,,a,
ASN00082076,19810325,TMAX,224,,,a,
ASN00082076,19810326,TMAX,255,,,a,
ASN00082076,19810327,TMAX,257,,,a,
ASN00082076,19810328,TMAX,205,,,a,
ASN00082076,19810329,TMAX,271,,,a,
ASN00082076,19810330,TMAX,277,,,a,
ASN00082076,19810331,TMAX,268,,,a,
ASN00082076,19810301,TMIN,136,,,a,
ASN00082076,19810302,TMIN,162,,,a,
ASN00082076,19810303,TMIN,82,,,a,
ASN00082076,19810304,TMIN,87,,,a,
ASN00082076,19810305,TMIN,104,,,a,
ASN00082076,19810306,TMIN,124,,,a,
ASN00082076,19810307,TMIN,90,,,a,
ASN00082076,19810308,TMIN,105,,,a,
ASN00082076,19810309,TMIN,98,,,a,
ASN00082076,19810310,TMIN,72,,,a,
ASN00082076,19810311,TMIN,47,,,a,
ASN00082076,19810312,TMIN,88,,,a,
ASN00082076,19810313,TMIN,89,,,a,
ASN00082076,19810314,TMIN,58,,,a,
ASN00082076,19810315,TMIN,57,,,a,
ASN00082076,19810316,TMIN,47,,,a,
ASN00082076,19810317,TMIN,67,,,a,
ASN00082076,19810318,TMIN,71,,,a,
ASN00082076,19810319,TMIN,92,,,a,
ASN00082076,19810320,TMIN,94,,,a,
ASN00082076,19810321,TMIN,70,,,a,
ASN00082076,19810322,TMIN,45,,,a,
ASN00082076,19810323,TMIN,110,,,a,
ASN00082076,19810324,TMIN,114,,,a,
ASN00082076,19810325,TMIN,77,,,a,
ASN00082076,19810326,TMIN,113,,,a,
ASN00082076,19810327,TMIN,79,,,a,
ASN00082076,19810328,TMIN,111,,,a,
ASN00082076,19810329,TMIN,115,,,a,
ASN00082076,19810330,TMIN,150,,,a,
ASN00082076,19810331,TMIN,118,,,a,
ASN00082076,19810301,PRCP,0,,,a,
ASN00082076,19810302,PRCP,16,,,a,
ASN00082076,19810303,PRCP,240,,,a,
ASN00082076,19810304,PRCP,0,,,a,
ASN00082076,19810305,PRCP,0,,,a,
ASN00082076,19810306,PRCP,0,,,a,
ASN00082076,19810307,PRCP,0,,,a,
ASN00082076,19810308,PRCP,0,,,a,
ASN00082076,19810309,PRCP,2,,,a,
ASN00082076,19810310,PRCP,40,,,a,
ASN00082076,19810311,PRCP,0,,,a,
ASN00082076,19810312,PRCP,0,,,a,
ASN00082076,19810313,PRCP,0,,,a,
ASN00082076,19810314,PRCP,0,,,a,
ASN00082076,19810315,PRCP,0,,,a,
ASN00082076,19810316,PRCP,0,,,a,
ASN00082076,19810317,PRCP,0,,,a,
ASN00082076,19810318,PRCP,0,,,a,
ASN00082076,19810319,PRCP,0,,,a,
ASN00082076,19810320,PRCP,0,,,a,
ASN00082076,19810321,PRCP,0,,,a,
ASN00082076,19810322,PRCP,0,,,a,
ASN00082076,19810323,PRCP,0,,,a,
ASN00082076,19810324,PRCP,0,,,a,
ASN00082076,19810325,PRCP,0,,,a,
ASN00082076,19810326,PRCP,0,,,a,
ASN00082076,19810327,PRCP,0,,,a,
ASN00082076,19810328,PRCP,0,,,a,
ASN00082076,19810329,PRCP,20,,,a,
ASN00082076,19810330,PRCP,0,,,a,
ASN00082076,19810331,PRCP,0,,,a,
ASN00082076,19810401,TMAX,268,,,a,
ASN00082076,19810402,TMAX,277,,,a,
ASN00082076,19810403,TMAX,285,,,a,
ASN00082076,19810404,TMAX,247,,,a,
ASN00082076,19810405,TMAX,258,,,a,
ASN00082076,19810406,TMAX,230,,,a,
ASN00082076,19810407,TMAX,280,,,a,
ASN00082076,19810408,TMAX,280,,,a,
ASN00082076,19810409,TMAX,268,,,a,
ASN00082076,19810410,TMAX,220,,,a,
ASN00082076,19810411,TMAX,246,,,a,
ASN00082076,19810412,TMAX,246,,,a,
ASN00082076,19810413,TMAX,217,,,a,
ASN00082076,19810414,TMAX,205,,,a,
ASN00082076,19810415,TMAX,221,,,a,
ASN00082076,19810416,TMAX,210,,,a,
ASN00082076,19810417,TMAX,205,,,a,
ASN00082076,19810418,TMAX,228,,,a,
ASN00082076,19810419,TMAX,230,,,a,
ASN00082076,19810420,TMAX,212,,,a,
ASN00082076,19810421,TMAX,213,,,a,
ASN00082076,19810422,TMAX,227,,,a,
ASN00082076,19810423,TMAX,235,,,a,
ASN00082076,19810424,TMAX,202,,,a,
ASN00082076,19810425,TMAX,180,,,a,
ASN00082076,19810426,TMAX,185,,,a,
ASN00082076,19810427,TMAX,173,,,a,
ASN00082076,19810428,TMAX,175,,,a,
ASN00082076,19810429,TMAX,179,,,a,
ASN00082076,19810430,TMAX,212,,,a,
ASN00082076,19810401,TMIN,147,,,a,
ASN00082076,19810402,TMIN,110,,,a,
ASN00082076,19810403,TMIN,103,,,a,
ASN00082076,19810404,TMIN,150,,,a,
ASN00082076,19810405,TMIN,126,,,a,
ASN00082076,19810406,TMIN,151,,,a,
ASN00082076,19810407,TMIN,93,,,a,
ASN00082076,19810408,TMIN,113,,,a,
ASN00082076,19810409,TMIN,106,,,a,
ASN00082076,19810410,TMIN,116,,,a,
ASN00082076,19810411,TMIN,65,,,a,
ASN00082076,19810412,TMIN,28,,,a,
ASN00082076,19810413,TMIN,65,,,a,
ASN00082076,19810414,TMIN,93,,,a,
ASN00082076,19810415,TMIN,43,,,a,
ASN00082076,19810416,TMIN,62,,,a,
ASN00082076,19810417,TMIN,20,,,a,
ASN00082076,19810418,TMIN,25,,,a,
ASN00082076,19810419,TMIN,38,,,a,
ASN00082076,19810420,TMIN,26,,,a,
ASN00082076,19810421,TMIN,10,,,a,
ASN00082076,19810422,TMIN,23,,,a,
ASN00082076,19810423,TMIN,46,,,a,
ASN00082076,19810424,TMIN,26,,,a,
ASN00082076,19810425,TMIN,15,,,a,
ASN00082076,19810426,TMIN,10,,,a,
ASN00082076,19810427,TMIN,27,,,a,
ASN00082076,19810428,TMIN,-4,,,a,
ASN00082076,19810429,TMIN,-6,,,a,
ASN00082076,19810430,TMIN,20,,,a,
ASN00082076,19810401,PRCP,28,,,a,
ASN00082076,19810402,PRCP,36,,,a,
ASN00082076,19810403,PRCP,0,,,a,
ASN00082076,19810404,PRCP,20,,,a,
ASN00082076,19810405,PRCP,12,,,a,
ASN00082076,19810406,PRCP,10,,,a,
ASN00082076,19810407,PRCP,0,,,a,
ASN00082076,19810408,PRCP,0,,,a,
ASN00082076,19810409,PRCP,0,,,a,
ASN00082076,19810410,PRCP,0,,,a,
ASN00082076,19810411,PRCP,0,,,a,
ASN00082076,19810412,PRCP,0,,,a,
ASN00082076,19810413,PRCP,0,,,a,
ASN00082076,19810414,PRCP,0,,,a,
ASN00082076,19810415,PRCP,0,,,a,
ASN00082076,19810416,PRCP,0,,,a,
ASN00082076,19810417,PRCP,0,,,a,
ASN00082076,19810418,PRCP,0,,,a,
ASN00082076,19810419,PRCP,0,,,a,
ASN00082076,19810420,PRCP,0,,,a,
ASN00082076,19810421,PRCP,0,,,a,
ASN00082076,19810422,PRCP,0,,,a,
ASN00082076,19810423,PRCP,0,,,a,
ASN00082076,19810424,PRCP,2,,,a,
ASN00082076,19810425,PRCP,10,,,a,
ASN00082076,19810426,PRCP,0,,,a,
ASN00082076,19810427,PRCP,0,,,a,
ASN00082076,19810428,PRCP,0,,,a,
ASN00082076,19810429,PRCP,0,,,a,
ASN00082076,19810430,PRCP,0,,,a,
ASN00082076,19810501,TMAX,218,,,a,
ASN00082076,19810502,TMAX,213,,,a,
ASN00082076,19810503,TMAX,232,,,a,
ASN00082076,19810504,TMAX,227,,,a,
ASN00082076,19810505,TMAX,215,,,a,
ASN00082076,19810506,TMAX,134,,,a,
ASN00082076,19810507,TMAX,177,,,a,
ASN00082076,19810508,TMAX,170,,,a,
ASN00082076,19810509,TMAX,140,,,a,
ASN00082076,19810510,TMAX,87,,,a,
ASN00082076,19810511,TMAX,139,,,a,
ASN00082076,19810512,TMAX,170,,,a,
ASN00082076,19810513,TMAX,161,,,a,
ASN00082076,19810514,TMAX,175,,,a,
ASN00082076,19810515,TMAX,175,,,a,
ASN00082076,19810516,TMAX,165,,,a,
ASN00082076,19810517,TMAX,166,,,a,
ASN00082076,19810518,TMAX,130,,,a,
ASN00082076,19810519,TMAX,144,,,a,
ASN00082076,19810520,TMAX,143,,,a,
ASN00082076,19810521,TMAX,126,,,a,
ASN00082076,19810522,TMAX,165,,,a,
ASN00082076,19810523,TMAX,180,,,a,
ASN00082076,19810524,TMAX,152,,,a,
ASN00082076,19810525,TMAX,116,,,a,
ASN00082076,19810526,TMAX,148,,,a,
ASN00082076,19810527,TMAX,133,,,a,
ASN00082076,19810528,TMAX,156,,,a,
ASN00082076,19810529,TMAX,177,,,a,
ASN00082076,19810530,TMAX,146,,,a,
ASN00082076,19810531,TMAX,124,,,a,
ASN00082076,19810501,TMIN,20,,,a,
ASN00082076,19810502,TMIN,12,,,a,
ASN00082076,19810503,TMIN,55,,,a,
ASN00082076,19810504,TMIN,54,,,a,
ASN00082076,19810505,TMIN,33,,,a,
ASN00082076,19810506,TMIN,23,,,a,
ASN00082076,19810507,TMIN,64,,,a,
ASN00082076,19810508,TMIN,31,,,a,
ASN00082076,19810509,TMIN,70,,,a,
ASN00082076,19810510,TMIN,2,,,a,
ASN00082076,19810511,TMIN,27,,,a,
ASN00082076,19810512,TMIN,18,,,a,
ASN00082076,19810513,TMIN,14,,,a,
ASN00082076,19810514,TMIN,27,,,a,
ASN00082076,19810515,TMIN,23,,,a,
ASN00082076,19810516,TMIN,26,,,a,
ASN00082076,19810517,TMIN,68,,,a,
ASN00082076,19810518,TMIN,73,,,a,
ASN00082076,19810519,TMIN,67,,,a,
ASN00082076,19810520,TMIN,-15,,,a,
ASN00082076,19810521,TMIN,7,,,a,
ASN00082076,19810522,TMIN,38,,,a,
ASN00082076,19810523,TMIN,100,,,a,
ASN00082076,19810524,TMIN,95,,,a,
ASN00082076,19810525,TMIN,112,,,a,
ASN00082076,19810526,TMIN,88,,,a,
ASN00082076,19810527,TMIN,103,,,a,
ASN00082076,19810528,TMIN,105,,,a,
ASN00082076,19810529,TMIN,83,,,a,
ASN00082076,19810530,TMIN,55,,,a,
ASN00082076,19810531,TMIN,76,,,a,
ASN00082076,19810501,PRCP,0,,,a,
ASN00082076,19810502,PRCP,0,,,a,
ASN00082076,19810503,PRCP,0,,,a,
ASN00082076,19810504,PRCP,0,,,a,
ASN00082076,19810505,PRCP,0,,,a,
ASN00082076,19810506,PRCP,0,,,a,
ASN00082076,19810507,PRCP,46,,,a,
ASN00082076,19810508,PRCP,0,,,a,
ASN00082076,19810509,PRCP,42,,,a,
ASN00082076,19810510,PRCP,165,,,a,
ASN00082076,19810511,PRCP,12,,,a,
ASN00082076,19810512,PRCP,0,,,a,
ASN00082076,19810513,PRCP,0,,,a,
ASN00082076,19810514,PRCP,0,,,a,
ASN00082076,19810515,PRCP,0,,,a,
ASN00082076,19810516,PRCP,0,,,a,
ASN00082076,19810517,PRCP,6,,,a,
ASN00082076,19810518,PRCP,0,,,a,
ASN00082076,19810519,PRCP,0,,,a,
ASN00082076,19810520,PRCP,0,,,a,
ASN00082076,19810521,PRCP,0,,,a,
ASN00082076,19810522,PRCP,0,,,a,
ASN00082076,19810523,PRCP,11,,,a,
ASN00082076,19810524,PRCP,18,,,a,
ASN00082076,19810525,PRCP,60,,,a,
ASN00082076,19810526,PRCP,456,,,a,
ASN00082076,19810527,PRCP,4,,,a,
ASN00082076,19810528,PRCP,56,,,a,
ASN00082076,19810529,PRCP,56,,,a,
ASN00082076,19810530,PRCP,68,,,a,
ASN00082076,19810531,PRCP,8,,,a,
ASN00082076,19810601,TMAX,148,,,a,
ASN00082076,19810602,TMAX,104,,,a,
ASN00082076,19810603,TMAX,127,,,a,
ASN00082076,19810604,TMAX,105,,,a,
ASN00082076,19810605,TMAX,130,,,a,
ASN00082076,19810606,TMAX,130,,,a,
ASN00082076,19810607,TMAX,130,,,a,
ASN00082076,19810608,TMAX,106,,,a,
ASN00082076,19810609,TMAX,124,,,a,
ASN00082076,19810610,TMAX,86,,,a,
ASN00082076,19810611,TMAX,127,,,a,
ASN00082076,19810612,TMAX,125,,,a,
ASN00082076,19810613,TMAX,105,,,a,
ASN00082076,19810614,TMAX,115,,,a,
ASN00082076,19810615,TMAX,137,,,a,
ASN00082076,19810616,TMAX,114,,,a,
ASN00082076,19810617,TMAX,84,,,a,
ASN00082076,19810618,TMAX,101,,,a,
ASN00082076,19810619,TMAX,140,,,a,
ASN00082076,19810620,TMAX,135,,,a,
ASN00082076,19810621,TMAX,122,,,a,
ASN00082076,19810622,TMAX,133,,,a,
ASN00082076,19810623,TMAX,55,,,a,
ASN00082076,19810624,TMAX,70,,,a,
ASN00082076,19810625,TMAX,90,,,a,
ASN00082076,19810626,TMAX,105,,,a,
ASN00082076,19810627,TMAX,119,,,a,
ASN00082076,19810628,TMAX,133,,,a,
ASN00082076,19810629,TMAX,152,,,a,
ASN00082076,19810630,TMAX,158,,,a,
ASN00082076,19810601,TMIN,92,,,a,
ASN00082076,19810602,TMIN,71,,,a,
ASN00082076,19810603,TMIN,73,,,a,
ASN00082076,19810604,TMIN,88,,,a,
ASN00082076,19810605,TMIN,40,,,a,
ASN00082076,19810606,TMIN,45,,,a,
ASN00082076,19810607,TMIN,45,,,a,
ASN00082076,19810608,TMIN,-10,,,a,
ASN00082076,19810609,TMIN,7,,,a,
ASN00082076,19810610,TMIN,39,,,a,
ASN00082076,19810611,TMIN,68,,,a,
ASN00082076,19810612,TMIN,35,,,a,
ASN00082076,19810613,TMIN,47,,,a,
ASN00082076,19810614,TMIN,76,,,a,
ASN00082076,19810615,TMIN,66,,,a,
ASN00082076,19810616,TMIN,32,,,a,
ASN00082076,19810617,TMIN,-16,,,a,
ASN00082076,19810618,TMIN,0,,,a,
ASN00082076,19810619,TMIN,31,,,a,
ASN00082076,19810620,TMIN,-10,,,a,
ASN00082076,19810621,TMIN,-5,,,a,
ASN00082076,19810622,TMIN,36,,,a,
ASN00082076,19810623,TMIN,37,,,a,
ASN00082076,19810624,TMIN,22,,,a,
ASN00082076,19810625,TMIN,4,,,a,
ASN00082076,19810626,TMIN,58,,,a,
ASN00082076,19810627,TMIN,59,,,a,
ASN00082076,19810628,TMIN,82,,,a,
ASN00082076,19810629,TMIN,64,,,a,
ASN00082076,19810630,TMIN,52,,,a,
ASN00082076,19810601,PRCP,118,,,a,
ASN00082076,19810602,PRCP,164,,,a,
ASN00082076,19810603,PRCP,182,,,a,
ASN00082076,19810604,PRCP,28,,,a,
ASN00082076,19810605,PRCP,20,,,a,
ASN00082076,19810606,PRCP,6,,,a,
ASN00082076,19810607,PRCP,0,,,a,
ASN00082076,19810608,PRCP,0,,,a,
ASN00082076,19810609,PRCP,0,,,a,
ASN00082076,19810610,PRCP,164,,,a,
ASN00082076,19810611,PRCP,289,,,a,
ASN00082076,19810612,PRCP,2,,,a,
ASN00082076,19810613,PRCP,3,,,a,
ASN00082076,19810614,PRCP,140,,,a,
ASN00082076,19810615,PRCP,78,,,a,
ASN00082076,19810616,PRCP,8,,,a,
ASN00082076,19810617,PRCP,0,,,a,
ASN00082076,19810618,PRCP,0,,,a,
ASN00082076,19810619,PRCP,0,,,a,
ASN00082076,19810620,PRCP,0,,,a,
ASN00082076,19810621,PRCP,0,,,a,
ASN00082076,19810622,PRCP,6,,,a,
ASN00082076,19810623,PRCP,100,,,a,
ASN00082076,19810624,PRCP,54,,,a,
ASN00082076,19810625,PRCP,484,,,a,
ASN00082076,19810626,PRCP,294,,,a,
ASN00082076,19810627,PRCP,244,,,a,
ASN00082076,19810628,PRCP,52,,,a,
ASN00082076,19810629,PRCP,6,,,a,
ASN00082076,19810630,PRCP,0,,,a,
ASN00082076,19810701,TMAX,121,,,a,
ASN00082076,19810702,TMAX,104,,,a,
ASN00082076,19810703,TMAX,85,,,a,
ASN00082076,19810704,TMAX,80,,,a,
ASN00082076,19810705,TMAX,86,,,a,
ASN00082076,19810706,TMAX,91,,,a,
ASN00082076,19810707,TMAX,89,,,a,
ASN00082076,19810708,TMAX,97,,,a,
ASN00082076,19810709,TMAX,112,,,a,
ASN00082076,19810710,TMAX,94,,,a,
ASN00082076,19810711,TMAX,80,,,a,
ASN00082076,19810712,TMAX,82,,,a,
ASN00082076,19810713,TMAX,84,,,a,
ASN00082076,19810714,TMAX,98,,,a,
ASN00082076,19810715,TMAX,117,,,a,
ASN00082076,19810716,TMAX,130,,,a,
ASN00082076,19810717,TMAX,142,,,a,
ASN00082076,19810718,TMAX,152,,,a,
ASN00082076,19810719,TMAX,148,,,a,
ASN00082076,19810720,TMAX,108,,,a,
ASN00082076,19810721,TMAX,130,,,a,
ASN00082076,19810722,TMAX,98,,,a,
ASN00082076,19810723,TMAX,131,,,a,
ASN00082076,19810724,TMAX,93,,,a,
ASN00082076,19810725,TMAX,95,,,a,
ASN00082076,19810726,TMAX,96,,,a,
ASN00082076,19810727,TMAX,90,,,a,
ASN00082076,19810728,TMAX,67,,,a,
ASN00082076,19810729,TMAX,92,,,a,
ASN00082076,19810730,TMAX,131,,,a,
ASN00082076,19810731,TMAX,120,,,a,
ASN00082076,19810701,TMIN,53,,,a,
ASN00082076,19810702,TMIN,71,,,a,
ASN00082076,19810703,TMIN,56,,,a,
ASN00082076,19810704,TMIN,48,,,a,
ASN00082076,19810705,TMIN,15,,,a,
ASN00082076,19810706,TMIN,24,,,a,
ASN00082076,19810707,TMIN,33,,,a,
ASN00082076,19810708,TMIN,42,,,a,
ASN00082076,19810709,TMIN,28,,,a,
ASN00082076,19810710,TMIN,-30,,,a,
ASN00082076,19810711,TMIN,-22,,,a,
ASN00082076,19810712,TMIN,20,,,a,
ASN00082076,19810713,TMIN,20,,,a,
ASN00082076,19810714,TMIN,-7,,,a,
ASN00082076,19810715,TMIN,6,,,a,
ASN00082076,19810716,TMIN,-21,,,a,
ASN00082076,19810717,TMIN,-4,,,a,
ASN00082076,19810718,TMIN,2,,,a,
ASN00082076,19810719,TMIN,5,,,a,
ASN00082076,19810720,TMIN,25,,,a,
ASN00082076,19810721,TMIN,62,,,a,
ASN00082076,19810722,TMIN,80,,,a,
ASN00082076,19810723,TMIN,80,,,a,
ASN00082076,19810724,TMIN,46,,,a,
ASN00082076,19810725,TMIN,70,,,a,
ASN00082076,19810726,TMIN,44,,,a,
ASN00082076,19810727,TMIN,54,,,a,
ASN00082076,19810728,TMIN,24,,,a,
ASN00082076,19810729,TMIN,24,,,a,
ASN00082076,19810730,TMIN,36,,,a,
ASN00082076,19810731,TMIN,13,,,a,
ASN00082076,19810701,PRCP,74,,,a,
ASN00082076,19810702,PRCP,116,,,a,
ASN00082076,19810703,PRCP,82,,,a,
ASN00082076,19810704,PRCP,220,,,a,
ASN00082076,19810705,PRCP,94,,,a,
ASN00082076,19810706,PRCP,14,,,a,
ASN00082076,19810707,PRCP,40,,,a,
ASN00082076,19810708,PRCP,6,,,a,
ASN00082076,19810709,PRCP,44,,,a,
ASN00082076,19810710,PRCP,0,,,a,
ASN00082076,19810711,PRCP,2,,,a,
ASN00082076,19810712,PRCP,60,,,a,
ASN00082076,19810713,PRCP,8,,,a,
ASN00082076,19810714,PRCP,0,,,a,
ASN00082076,19810715,PRCP,0,,,a,
ASN00082076,19810716,PRCP,0,,,a,
ASN00082076,19810717,PRCP,0,,,a,
ASN00082076,19810718,PRCP,0,,,a,
ASN00082076,19810719,PRCP,0,,,a,
ASN00082076,19810720,PRCP,6,,,a,
ASN00082076,19810721,PRCP,322,,,a,
ASN00082076,19810722,PRCP,374,,,a,
ASN00082076,19810723,PRCP,94,,,a,
ASN00082076,19810724,PRCP,380,,,a,
ASN00082076,19810725,PRCP,134,,,a,
ASN00082076,19810726,PRCP,40,,,a,
ASN00082076,19810727,PRCP,28,,,a,
ASN00082076,19810728,PRCP,4,,,a,
ASN00082076,19810729,PRCP,208,,,a,
ASN00082076,19810730,PRCP,2,,,a,
ASN00082076,19810731,PRCP,0,,,a,
ASN00082076,19810801,TMAX,85,,,a,
ASN00082076,19810802,TMAX,77,,,a,
ASN00082076,19810803,TMAX,84,,,a,
ASN00082076,19810804,TMAX,142,,,a,
ASN00082076,19810805,TMAX,143,,,a,
ASN00082076,19810806,TMAX,143,,,a,
ASN00082076,19810807,TMAX,138,,,a,
ASN00082076,19810808,TMAX,90,,,a,
ASN00082076,19810809,TMAX,92,,,a,
ASN00082076,19810810,TMAX,118,,,a,
ASN00082076,19810811,TMAX,137,,,a,
ASN00082076,19810812,TMAX,94,,,a,
ASN00082076,19810813,TMAX,118,,,a,
ASN00082076,19810814,TMAX,85,,,a,
ASN00082076,19810815,TMAX,120,,,a,
ASN00082076,19810816,TMAX,124,,,a,
ASN00082076,19810817,TMAX,97,,,a,
ASN00082076,19810818,TMAX,104,,,a,
ASN00082076,19810819,TMAX,123,,,a,
ASN00082076,19810820,TMAX,165,,,a,
ASN00082076,19810821,TMAX,91,,,a,
ASN00082076,19810822,TMAX,90,,,a,
ASN00082076,19810823,TMAX,127,,,a,
ASN00082076,19810824,TMAX,138,,,a,
ASN00082076,19810825,TMAX,162,,,a,
ASN00082076,19810826,TMAX,144,,,a,
ASN00082076,19810827,TMAX,121,,,a,
ASN00082076,19810828,TMAX,80,,,a,
ASN00082076,19810829,TMAX,125,,,a,
ASN00082076,19810830,TMAX,130,,,a,
ASN00082076,19810831,TMAX,122,,,a,
ASN00082076,19810801,TMIN,15,,,a,
ASN00082076,19810802,TMIN,45,,,a,
ASN00082076,19810803,TMIN,56,,,a,
ASN00082076,19810804,TMIN,59,,,a,
ASN00082076,19810805,TMIN,15,,,a,
ASN00082076,19810806,TMIN,25,,,a,
ASN00082076,19810807,TMIN,15,,,a,
ASN00082076,19810808,TMIN,-4,,,a,
ASN00082076,19810809,TMIN,22,,,a,
ASN00082076,19810810,TMIN,30,,,a,
ASN00082076,19810811,TMIN,30,,,a,
ASN00082076,19810812,TMIN,36,,,a,
ASN00082076,19810813,TMIN,43,,,a,
ASN00082076,19810814,TMIN,58,,,a,
ASN00082076,19810815,TMIN,60,,,a,
ASN00082076,19810816,TMIN,68,,,a,
ASN00082076,19810817,TMIN,81,,,a,
ASN00082076,19810818,TMIN,57,,,a,
ASN00082076,19810819,TMIN,70,,,a,
ASN00082076,19810820,TMIN,69,,,a,
ASN00082076,19810821,TMIN,66,,,a,
ASN00082076,19810822,TMIN,40,,,a,
ASN00082076,19810823,TMIN,3,,,a,
ASN00082076,19810824,TMIN,-6,,,a,
ASN00082076,19810825,TMIN,12,,,a,
ASN00082076,19810826,TMIN,19,,,a,
ASN00082076,19810827,TMIN,50,,,a,
ASN00082076,19810828,TMIN,8,,,a,
ASN00082076,19810829,TMIN,20,,,a,
ASN00082076,19810830,TMIN,38,,,a,
ASN00082076,19810831,TMIN,38,,,a,
ASN00082076,19810801,PRCP,0,,,a,
ASN00082076,19810802,PRCP,0,,,a,
ASN00082076,19810803,PRCP,134,,,a,
ASN00082076,19810804,PRCP,262,,,a,
ASN00082076,19810805,PRCP,4,,,a,
ASN00082076,19810806,PRCP,40,,,a,
ASN00082076,19810807,PRCP,4,,,a,
ASN00082076,19810808,PRCP,0,,,a,
ASN00082076,19810809,PRCP,164,,,a,
ASN00082076,19810810,PRCP,74,,,a,
ASN00082076,19810811,PRCP,6,,,a,
ASN00082076,19810812,PRCP,0,,,a,
ASN00082076,19810813,PRCP,150,,,a,
ASN00082076,19810814,PRCP,110,,,a,
ASN00082076,19810815,PRCP,146,,,a,
ASN00082076,19810816,PRCP,4,,,a,
ASN00082076,19810817,PRCP,70,,,a,
ASN00082076,19810818,PRCP,186,,,a,
ASN00082076,19810819,PRCP,74,,,a,
ASN00082076,19810820,PRCP,60,,,a,
ASN00082076,19810821,PRCP,104,,,a,
ASN00082076,19810822,PRCP,42,,,a,
ASN00082076,19810823,PRCP,44,,,a,
ASN00082076,19810824,PRCP,0,,,a,
ASN00082076,19810825,PRCP,0,,,a,
ASN00082076,19810826,PRCP,36,,,a,
ASN00082076,19810827,PRCP,278,,,a,
ASN00082076,19810828,PRCP,42,,,a,
ASN00082076,19810829,PRCP,12,,,a,
ASN00082076,19810830,PRCP,16,,,a,
ASN00082076,19810831,PRCP,34,,,a,
ASN00082076,19810901,TMAX,128,,,a,
ASN00082076,19810902,TMAX,152,,,a,
ASN00082076,19810903,TMAX,135,,,a,
ASN00082076,19810904,TMAX,158,,,a,
ASN00082076,19810905,TMAX,174,,,a,
ASN00082076,19810906,TMAX,162,,,a,
ASN00082076,19810907,TMAX,188,,,a,
ASN00082076,19810908,TMAX,217,,,a,
ASN00082076,19810909,TMAX,186,,,a,
ASN00082076,19810910,TMAX,229,,,a,
ASN00082076,19810911,TMAX,220,,,a,
ASN00082076,19810912,TMAX,178,,,a,
ASN00082076,19810913,TMAX,182,,,a,
ASN00082076,19810914,TMAX,196,,,a,
ASN00082076,19810915,TMAX,202,,,a,
ASN00082076,19810916,TMAX,232,,,a,
ASN00082076,19810917,TMAX,267,,,a,
ASN00082076,19810918,TMAX,274,,,a,
ASN00082076,19810919,TMAX,210,,,a,
ASN00082076,19810920,TMAX,216,,,a,
ASN00082076,19810921,TMAX,204,,,a,
ASN00082076,19810922,TMAX,188,,,a,
ASN00082076,19810923,TMAX,126,,,a,
ASN00082076,19810924,TMAX,98,,,a,
ASN00082076,19810925,TMAX,145,,,a,
ASN00082076,19810926,TMAX,135,,,a,
ASN00082076,19810927,TMAX,97,,,a,
ASN00082076,19810928,TMAX,153,,,a,
ASN00082076,19810929,TMAX,177,,,a,
ASN00082076,19810930,TMAX,202,,,a,
ASN00082076,19810901,TMIN,44,,,a,
ASN00082076,19810902,TMIN,45,,,a,
ASN00082076,19810903,TMIN,58,,,a,
ASN00082076,19810904,TMIN,61,,,a,
ASN00082076,19810905,TMIN,26,,,a,
ASN00082076,19810906,TMIN,-6,,,a,
ASN00082076,19810907,TMIN,32,,,a,
ASN00082076,19810908,TMIN,48,,,a,
ASN00082076,19810909,TMIN,56,,,a,
ASN00082076,19810910,TMIN,62,,,a,
ASN00082076,19810911,TMIN,69,,,a,
ASN00082076,19810912,TMIN,20,,,a,
ASN00082076,19810913,TMIN,20,,,a,
ASN00082076,19810914,TMIN,51,,,a,
ASN00082076,19810915,TMIN,40,,,a,
ASN00082076,19810916,TMIN,64,,,a,
ASN00082076,19810917,TMIN,66,,,a,
ASN00082076,19810918,TMIN,83,,,a,
ASN00082076,19810919,TMIN,100,,,a,
ASN00082076,19810920,TMIN,38,,,a,
ASN00082076,19810921,TMIN,86,,,a,
ASN00082076,19810922,TMIN,53,,,a,
ASN00082076,19810923,TMIN,32,,,a,
ASN00082076,19810924,TMIN,42,,,a,
ASN00082076,19810925,TMIN,55,,,a,
ASN00082076,19810926,TMIN,15,,,a,
ASN00082076,19810927,TMIN,42,,,a,
ASN00082076,19810928,TMIN,20,,,a,
ASN00082076,19810929,TMIN,46,,,a,
ASN00082076,19810930,TMIN,64,,,a,
ASN00082076,19810901,PRCP,6,,,a,
ASN00082076,19810902,PRCP,2,,,a,
ASN00082076,19810903,PRCP,0,,,a,
ASN00082076,19810904,PRCP,4,,,a,
ASN00082076,19810905,PRCP,20,,,a,
ASN00082076,19810906,PRCP,0,,,a,
ASN00082076,19810907,PRCP,0,,,a,
ASN00082076,19810908,PRCP,0,,,a,
ASN00082076,19810909,PRCP,0,,,a,
ASN00082076,19810910,PRCP,0,,,a,
ASN00082076,19810911,PRCP,0,,,a,
ASN00082076,19810912,PRCP,6,,,a,
ASN00082076,19810913,PRCP,0,,,a,
ASN00082076,19810914,PRCP,0,,,a,
ASN00082076,19810915,PRCP,0,,,a,
ASN00082076,19810916,PRCP,0,,,a,
ASN00082076,19810917,PRCP,0,,,a,
ASN00082076,19810918,PRCP,0,,,a,
ASN00082076,19810919,PRCP,2,,,a,
ASN00082076,19810920,PRCP,0,,,a,
ASN00082076,19810921,PRCP,8,,,a,
ASN00082076,19810922,PRCP,4,,,a,
ASN00082076,19810923,PRCP,48,,,a,
ASN00082076,19810924,PRCP,198,,,a,
ASN00082076,19810925,PRCP,104,,,a,
ASN00082076,19810926,PRCP,0,,,a,
ASN00082076,19810927,PRCP,210,,,a,
ASN00082076,19810928,PRCP,16,,,a,
ASN00082076,19810929,PRCP,0,,,a,
ASN00082076,19810930,PRCP,0,,,a,
ASN00082076,19811001,TMAX,222,,,a,
ASN00082076,19811002,TMAX,265,,,a,
ASN00082076,19811003,TMAX,132,,,a,
ASN00082076,19811004,TMAX,125,,,a,
ASN00082076,19811005,TMAX,188,,,a,
ASN00082076,19811006,TMAX,225,,,a,
ASN00082076,19811007,TMAX,228,,,a,
ASN00082076,19811008,TMAX,212,,,a,
ASN00082076,19811009,TMAX,262,,,a,
ASN00082076,19811010,TMAX,200,,,a,
ASN00082076,19811011,TMAX,215,,,a,
ASN00082076,19811012,TMAX,232,,,a,
ASN00082076,19811013,TMAX,233,,,a,
ASN00082076,19811014,TMAX,200,,,a,
ASN00082076,19811015,TMAX,205,,,a,
ASN00082076,19811016,TMAX,210,,,a,
ASN00082076,19811017,TMAX,125,,,a,
ASN00082076,19811018,TMAX,186,,,a,
ASN00082076,19811019,TMAX,186,,,a,
ASN00082076,19811020,TMAX,204,,,a,
ASN00082076,19811021,TMAX,191,,,a,
ASN00082076,19811022,TMAX,196,,,a,
ASN00082076,19811023,TMAX,207,,,a,
ASN00082076,19811024,TMAX,230,,,a,
ASN00082076,19811025,TMAX,237,,,a,
ASN00082076,19811026,TMAX,267,,,a,
ASN00082076,19811027,TMAX,284,,,a,
ASN00082076,19811028,TMAX,257,,,a,
ASN00082076,19811029,TMAX,266,,,a,
ASN00082076,19811030,TMAX,235,,,a,
ASN00082076,19811031,TMAX,258,,,a,
ASN00082076,19811001,TMIN,68,,,a,
ASN00082076,19811002,TMIN,76,,,a,
ASN00082076,19811003,TMIN,130,,,a,
ASN00082076,19811004,TMIN,17,,,a,
ASN00082076,19811005,TMIN,78,,,a,
ASN00082076,19811006,TMIN,32,,,a,
ASN00082076,19811007,TMIN,43,,,a,
ASN00082076,19811008,TMIN,54,,,a,
ASN00082076,19811009,TMIN,36,,,a,
ASN00082076,19811010,TMIN,108,,,a,
ASN00082076,19811011,TMIN,50,,,a,
ASN00082076,19811012,TMIN,69,,,a,
ASN00082076,19811013,TMIN,60,,,a,
ASN00082076,19811014,TMIN,102,,,a,
ASN00082076,19811015,TMIN,21,,,a,
ASN00082076,19811016,TMIN,82,,,a,
ASN00082076,19811017,TMIN,95,,,a,
ASN00082076,19811018,TMIN,40,,,a,
ASN00082076,19811019,TMIN,42,,,a,
ASN00082076,19811020,TMIN,76,,,a,
ASN00082076,19811021,TMIN,100,,,a,
ASN00082076,19811022,TMIN,112,,,a,
ASN00082076,19811023,TMIN,78,,,a,
ASN00082076,19811024,TMIN,60,,,a,
ASN00082076,19811025,TMIN,50,,,a,
ASN00082076,19811026,TMIN,60,,,a,
ASN00082076,19811027,TMIN,84,,,a,
ASN00082076,19811028,TMIN,100,,,a,
ASN00082076,19811029,TMIN,73,,,a,
ASN00082076,19811030,TMIN,81,,,a,
ASN00082076,19811031,TMIN,89,,,a,
ASN00082076,19811001,PRCP,4,,,a,
ASN00082076,19811002,PRCP,0,,,a,
ASN00082076,19811003,PRCP,226,,,a,
ASN00082076,19811004,PRCP,50,,,a,
ASN00082076,19811005,PRCP,8,,,a,
ASN00082076,19811006,PRCP,0,,,a,
ASN00082076,19811007,PRCP,0,,,a,
ASN00082076,19811008,PRCP,0,,,a,
ASN00082076,19811009,PRCP,0,,,a,
ASN00082076,19811010,PRCP,0,,,a,
ASN00082076,19811011,PRCP,0,,,a,
ASN00082076,19811012,PRCP,0,,,a,
ASN00082076,19811013,PRCP,0,,,a,
ASN00082076,19811014,PRCP,0,,,a,
ASN00082076,19811015,PRCP,10,,,a,
ASN00082076,19811016,PRCP,0,,,a,
ASN00082076,19811017,PRCP,4,,,a,
ASN00082076,19811018,PRCP,60,,,a,
ASN00082076,19811019,PRCP,30,,,a,
ASN00082076,19811020,PRCP,82,,,a,
ASN00082076,19811021,PRCP,122,,,a,
ASN00082076,19811022,PRCP,0,,,a,
ASN00082076,19811023,PRCP,0,,,a,
ASN00082076,19811024,PRCP,0,,,a,
ASN00082076,19811025,PRCP,0,,,a,
ASN00082076,19811026,PRCP,0,,,a,
ASN00082076,19811027,PRCP,0,,,a,
ASN00082076,19811028,PRCP,14,,,a,
ASN00082076,19811029,PRCP,4,,,a,
ASN00082076,19811030,PRCP,0,,,a,
ASN00082076,19811031,PRCP,0,,,a,
ASN00082076,19811101,TMAX,242,,,a,
ASN00082076,19811102,TMAX,259,,,a,
ASN00082076,19811103,TMAX,258,,,a,
ASN00082076,19811104,TMAX,195,,,a,
ASN00082076,19811105,TMAX,207,,,a,
ASN00082076,19811106,TMAX,217,,,a,
ASN00082076,19811107,TMAX,230,,,a,
ASN00082076,19811108,TMAX,252,,,a,
ASN00082076,19811109,TMAX,196,,,a,
ASN00082076,19811110,TMAX,188,,,a,
ASN00082076,19811111,TMAX,167,,,a,
ASN00082076,19811112,TMAX,192,,,a,
ASN00082076,19811113,TMAX,170,,,a,
ASN00082076,19811114,TMAX,218,,,a,
ASN00082076,19811115,TMAX,170,,,a,
ASN00082076,19811116,TMAX,156,,,a,
ASN00082076,19811117,TMAX,182,,,a,
ASN00082076,19811118,TMAX,253,,,a,
ASN00082076,19811119,TMAX,262,,,a,
ASN00082076,19811120,TMAX,205,,,a,
ASN00082076,19811121,TMAX,250,,,a,
ASN00082076,19811122,TMAX,258,,,a,
ASN00082076,19811123,TMAX,267,,,a,
ASN00082076,19811124,TMAX,240,,,a,
ASN00082076,19811125,TMAX,274,,,a,
ASN00082076,19811126,TMAX,279,,,a,
ASN00082076,19811127,TMAX,305,,,a,
ASN00082076,19811128,TMAX,300,,,a,
ASN00082076,19811129,TMAX,283,,,a,
ASN00082076,19811130,TMAX,281,,,a,
ASN00082076,19811101,TMIN,123,,,a,
ASN00082076,19811102,TMIN,65,,,a,
ASN00082076,19811103,TMIN,90,,,a,
ASN00082076,19811104,TMIN,125,,,a,
ASN00082076,19811105,TMIN,39,,,a,
ASN00082076,19811106,TMIN,30,,,a,
ASN00082076,19811107,TMIN,77,,,a,
ASN00082076,19811108,TMIN,55,,,a,
ASN00082076,19811109,TMIN,95,,,a,
ASN00082076,19811110,TMIN,137,,,a,
ASN00082076,19811111,TMIN,71,,,a,
ASN00082076,19811112,TMIN,27,,,a,
ASN00082076,19811113,TMIN,87,,,a,
ASN00082076,19811114,TMIN,45,,,a,
ASN00082076,19811115,TMIN,98,,,a,
ASN00082076,19811116,TMIN,61,,,a,
ASN00082076,19811117,TMIN,15,,,a,
ASN00082076,19811118,TMIN,52,,,a,
ASN00082076,19811119,TMIN,118,,,a,
ASN00082076,19811120,TMIN,128,,,a,
ASN00082076,19811121,TMIN,95,,,a,
ASN00082076,19811122,TMIN,98,,,a,
ASN00082076,19811123,TMIN,88,,,a,
ASN00082076,19811124,TMIN,100,,,a,
ASN00082076,19811125,TMIN,127,,,a,
ASN00082076,19811126,TMIN,109,,,a,
ASN00082076,19811127,TMIN,135,,,a,
ASN00082076,19811128,TMIN,136,,,a,
ASN00082076,19811129,TMIN,157,,,a,
ASN00082076,19811130,TMIN,137,,,a,
ASN00082076,19811101,PRCP,0,,,a,
ASN00082076,19811102,PRCP,0,,,a,
ASN00082076,19811103,PRCP,0,,,a,
ASN00082076,19811104,PRCP,0,,,a,
ASN00082076,19811105,PRCP,44,,,a,
ASN00082076,19811106,PRCP,0,,,a,
ASN00082076,19811107,PRCP,0,,,a,
ASN00082076,19811108,PRCP,0,,,a,
ASN00082076,19811109,PRCP,0,,,a,
ASN00082076,19811110,PRCP,108,,,a,
ASN00082076,19811111,PRCP,36,,,a,
ASN00082076,19811112,PRCP,0,,,a,
ASN00082076,19811113,PRCP,20,,,a,
ASN00082076,19811114,PRCP,0,,,a,
ASN00082076,19811115,PRCP,74,,,a,
ASN00082076,19811116,PRCP,64,,,a,
ASN00082076,19811117,PRCP,0,,,a,
ASN00082076,19811118,PRCP,0,,,a,
ASN00082076,19811119,PRCP,0,,,a,
ASN00082076,19811120,PRCP,64,,,a,
ASN00082076,19811121,PRCP,0,,,a,
ASN00082076,19811122,PRCP,0,,,a,
ASN00082076,19811123,PRCP,0,,,a,
ASN00082076,19811124,PRCP,0,,,a,
ASN00082076,19811125,PRCP,86,,,a,
ASN00082076,19811126,PRCP,0,,,a,
ASN00082076,19811127,PRCP,0,,,a,
ASN00082076,19811128,PRCP,0,,,a,
ASN00082076,19811129,PRCP,4,,,a,
ASN00082076,19811130,PRCP,0,,,a,
ASN00082076,19811201,TMAX,274,,,a,
ASN00082076,19811202,TMAX,257,,,a,
ASN00082076,19811203,TMAX,298,,,a,
ASN00082076,19811204,TMAX,298,,,a,
ASN00082076,19811205,TMAX,317,,,a,
ASN00082076,19811206,TMAX,316,,,a,
ASN00082076,19811207,TMAX,210,,,a,
ASN00082076,19811208,TMAX,189,,,a,
ASN00082076,19811209,TMAX,222,,,a,
ASN00082076,19811210,TMAX,268,,,a,
ASN00082076,19811211,TMAX,301,,,a,
ASN00082076,19811212,TMAX,200,,,a,
ASN00082076,19811213,TMAX,222,,,a,
ASN00082076,19811214,TMAX,186,,,a,
ASN00082076,19811215,TMAX,223,,,a,
ASN00082076,19811216,TMAX,290,,,a,
ASN00082076,19811217,TMAX,313,,,a,
ASN00082076,19811218,TMAX,305,,,a,
ASN00082076,19811219,TMAX,260,,,a,
ASN00082076,19811220,TMAX,263,,,a,
ASN00082076,19811221,TMAX,272,,,a,
ASN00082076,19811222,TMAX,296,,,a,
ASN00082076,19811223,TMAX,273,,,a,
ASN00082076,19811224,TMAX,258,,,a,
ASN00082076,19811225,TMAX,207,,,a,
ASN00082076,19811226,TMAX,210,,,a,
ASN00082076,19811227,TMAX,249,,,a,
ASN00082076,19811228,TMAX,284,,,a,
ASN00082076,19811229,TMAX,299,,,a,
ASN00082076,19811230,TMAX,307,,,a,
ASN00082076,19811231,TMAX,310,,,a,
ASN00082076,19811201,TMIN,140,,,a,
ASN00082076,19811202,TMIN,93,,,a,
ASN00082076,19811203,TMIN,124,,,a,
ASN00082076,19811204,TMIN,98,,,a,
ASN00082076,19811205,TMIN,110,,,a,
ASN00082076,19811206,TMIN,120,,,a,
ASN00082076,19811207,TMIN,150,,,a,
ASN00082076,19811208,TMIN,37,,,a,
ASN00082076,19811209,TMIN,56,,,a,
ASN00082076,19811210,TMIN,69,,,a,
ASN00082076,19811211,TMIN,95,,,a,
ASN00082076,19811212,TMIN,148,,,a,
ASN00082076,19811213,TMIN,130,,,a,
ASN00082076,19811214,TMIN,96,,,a,
ASN00082076,19811215,TMIN,110,,,a,
ASN00082076,19811216,TMIN,77,,,a,
ASN00082076,19811217,TMIN,113,,,a,
ASN00082076,19811218,TMIN,117,,,a,
ASN00082076,19811219,TMIN,142,,,a,
ASN00082076,19811220,TMIN,90,,,a,
ASN00082076,19811221,TMIN,96,,,a,
ASN00082076,19811222,TMIN,99,,,a,
ASN00082076,19811223,TMIN,145,,,a,
ASN00082076,19811224,TMIN,153,,,a,
ASN00082076,19811225,TMIN,163,,,a,
ASN00082076,19811226,TMIN,172,,,a,
ASN00082076,19811227,TMIN,155,,,a,
ASN00082076,19811228,TMIN,142,,,a,
ASN00082076,19811229,TMIN,125,,,a,
ASN00082076,19811230,TMIN,135,,,a,
ASN00082076,19811231,TMIN,143,,,a,
ASN00082076,19811201,PRCP,0,,,a,
ASN00082076,19811202,PRCP,0,,,a,
ASN00082076,19811203,PRCP,2,,,a,
ASN00082076,19811204,PRCP,0,,,a,
ASN00082076,19811205,PRCP,6,,,a,
ASN00082076,19811206,PRCP,0,,,a,
ASN00082076,19811207,PRCP,54,,,a,
ASN00082076,19811208,PRCP,0,,,a,
ASN00082076,19811209,PRCP,0,,,a,
ASN00082076,19811210,PRCP,0,,,a,
ASN00082076,19811211,PRCP,0,,,a,
ASN00082076,19811212,PRCP,220,,,a,
ASN00082076,19811213,PRCP,220,,,a,
ASN00082076,19811214,PRCP,62,,,a,
ASN00082076,19811215,PRCP,0,,,a,
ASN00082076,19811216,PRCP,0,,,a,
ASN00082076,19811217,PRCP,0,,,a,
ASN00082076,19811218,PRCP,0,,,a,
ASN00082076,19811219,PRCP,44,,,a,
ASN00082076,19811220,PRCP,0,,,a,
ASN00082076,19811221,PRCP,0,,,a,
ASN00082076,19811222,PRCP,0,,,a,
ASN00082076,19811223,PRCP,0,,,a,
ASN00082076,19811224,PRCP,0,,,a,
ASN00082076,19811225,PRCP,0,,,a,
ASN00082076,19811226,PRCP,0,,,a,
ASN00082076,19811227,PRCP,0,,,a,
ASN00082076,19811228,PRCP,12,,,a,
ASN00082076,19811229,PRCP,0,,,a,
ASN00082076,19811230,PRCP,0,,,a,
ASN00082076,19811231,PRCP,0,,,a,
ASN00082076,19820101,TMAX,290,,,a,
ASN00082076,19820102,TMAX,260,,,a,
ASN00082076,19820103,TMAX,282,,,a,
ASN00082076,19820104,TMAX,294,,,a,
ASN00082076,19820105,TMAX,307,,,a,
ASN00082076,19820106,TMAX,275,,,a,
ASN00082076,19820107,TMAX,277,,,a,
ASN00082076,19820108,TMAX,282,,,a,
ASN00082076,19820109,TMAX,328,,,a,
ASN00082076,19820110,TMAX,342,,,a,
ASN00082076,19820111,TMAX,372,,,a,
ASN00082076,19820112,TMAX,273,,,a,
ASN00082076,19820113,TMAX,230,,,a,
ASN00082076,19820114,TMAX,302,,,a,
ASN00082076,19820115,TMAX,320,,,a,
ASN00082076,19820116,TMAX,298,,,a,
ASN00082076,19820117,TMAX,318,,,a,
ASN00082076,19820118,TMAX,320,,,a,
ASN00082076,19820119,TMAX,336,,,a,
ASN00082076,19820120,TMAX,336,,,a,
ASN00082076,19820121,TMAX,367,,,a,
ASN00082076,19820122,TMAX,324,,,a,
ASN00082076,19820123,TMAX,350,,,a,
ASN00082076,19820124,TMAX,390,,,a,
ASN00082076,19820125,TMAX,249,,,a,
ASN00082076,19820126,TMAX,217,,,a,
ASN00082076,19820127,TMAX,273,,,a,
ASN00082076,19820128,TMAX,288,,,a,
ASN00082076,19820129,TMAX,325,,,a,
ASN00082076,19820130,TMAX,290,,,a,
ASN00082076,19820131,TMAX,274,,,a,
ASN00082076,19820101,TMIN,190,,,a,
ASN00082076,19820102,TMIN,85,,,a,
ASN00082076,19820103,TMIN,70,,,a,
ASN00082076,19820104,TMIN,98,,,a,
ASN00082076,19820105,TMIN,151,,,a,
ASN00082076,19820106,TMIN,118,,,a,
ASN00082076,19820107,TMIN,135,,,a,
ASN00082076,19820108,TMIN,139,,,a,
ASN00082076,19820109,TMIN,130,,,a,
ASN00082076,19820110,TMIN,148,,,a,
ASN00082076,19820111,TMIN,151,,,a,
ASN00082076,19820112,TMIN,158,,,a,
ASN00082076,19820113,TMIN,192,,,a,
ASN00082076,19820114,TMIN,60,,,a,
ASN00082076,19820115,TMIN,157,,,a,
ASN00082076,19820116,TMIN,135,,,a,
ASN00082076,19820117,TMIN,135,,,a,
ASN00082076,19820118,TMIN,159,,,a,
ASN00082076,19820119,TMIN,134,,,a,
ASN00082076,19820120,TMIN,160,,,a,
ASN00082076,19820121,TMIN,155,,,a,
ASN00082076,19820122,TMIN,198,,,a,
ASN00082076,19820123,TMIN,195,,,a,
ASN00082076,19820124,TMIN,185,,,a,
ASN00082076,19820125,TMIN,244,,,a,
ASN00082076,19820126,TMIN,128,,,a,
ASN00082076,19820127,TMIN,94,,,a,
ASN00082076,19820128,TMIN,106,,,a,
ASN00082076,19820129,TMIN,103,,,a,
ASN00082076,19820130,TMIN,141,,,a,
ASN00082076,19820131,TMIN,130,,,a,
ASN00082076,19820101,PRCP,0,,,a,
ASN00082076,19820102,PRCP,0,,,a,
ASN00082076,19820103,PRCP,0,,,a,
ASN00082076,19820104,PRCP,0,,,a,
ASN00082076,19820105,PRCP,0,,,a,
ASN00082076,19820106,PRCP,0,,,a,
ASN00082076,19820107,PRCP,0,,,a,
ASN00082076,19820108,PRCP,0,,,a,
ASN00082076,19820109,PRCP,0,,,a,
ASN00082076,19820110,PRCP,0,,,a,
ASN00082076,19820111,PRCP,0,,,a,
ASN00082076,19820112,PRCP,0,,,a,
ASN00082076,19820113,PRCP,182,,,a,
ASN00082076,19820114,PRCP,0,,,a,
ASN00082076,19820115,PRCP,0,,,a,
ASN00082076,19820116,PRCP,0,,,a,
ASN00082076,19820117,PRCP,0,,,a,
ASN00082076,19820118,PRCP,0,,,a,
ASN00082076,19820119,PRCP,0,,,a,
ASN00082076,19820120,PRCP,0,,,a,
ASN00082076,19820121,PRCP,0,,,a,
ASN00082076,19820122,PRCP,90,,,a,
ASN00082076,19820123,PRCP,0,,,a,
ASN00082076,19820124,PRCP,0,,,a,
ASN00082076,19820125,PRCP,4,,,a,
ASN00082076,19820126,PRCP,306,,,a,
ASN00082076,19820127,PRCP,0,,,a,
ASN00082076,19820128,PRCP,0,,,a,
ASN00082076,19820129,PRCP,0,,,a,
ASN00082076,19820130,PRCP,52,,,a,
ASN00082076,19820131,PRCP,0,,,a,
ASN00082076,19820201,TMAX,252,,,a,
ASN00082076,19820202,TMAX,295,,,a,
ASN00082076,19820203,TMAX,288,,,a,
ASN00082076,19820204,TMAX,293,,,a,
ASN00082076,19820205,TMAX,305,,,a,
ASN00082076,19820206,TMAX,320,,,a,
ASN00082076,19820207,TMAX,338,,,a,
ASN00082076,19820208,TMAX,370,,,a,
ASN00082076,19820209,TMAX,342,,,a,
ASN00082076,19820210,TMAX,324,,,a,
ASN00082076,19820211,TMAX,340,,,a,
ASN00082076,19820212,TMAX,362,,,a,
ASN00082076,19820213,TMAX,354,,,a,
ASN00082076,19820214,TMAX,355,,,a,
ASN00082076,19820215,TMAX,353,,,a,
ASN00082076,19820216,TMAX,292,,,a,
ASN00082076,19820217,TMAX,297,,,a,
ASN00082076,19820218,TMAX,246,,,a,
ASN00082076,19820219,TMAX,275,,,a,
ASN00082076,19820220,TMAX,280,,,a,
ASN00082076,19820221,TMAX,320,,,a,
ASN00082076,19820222,TMAX,325,,,a,
ASN00082076,19820223,TMAX,315,,,a,
ASN00082076,19820224,TMAX,300,,,a,
ASN00082076,19820225,TMAX,301,,,a,
ASN00082076,19820226,TMAX,242,,,a,
ASN00082076,19820227,TMAX,272,,,a,
ASN00082076,19820228,TMAX,268,,,a,
ASN00082076,19820201,TMIN,147,,,a,
ASN00082076,19820202,TMIN,127,,,a,
ASN00082076,19820203,TMIN,140,,,a,
ASN00082076,19820204,TMIN,167,,,a,
ASN00082076,19820205,TMIN,147,,,a,
ASN00082076,19820206,TMIN,115,,,a,
ASN00082076,19820207,TMIN,120,,,a,
ASN00082076,19820208,TMIN,135,,,a,
ASN00082076,19820209,TMIN,162,,,a,
ASN00082076,19820210,TMIN,146,,,a,
ASN00082076,19820211,TMIN,126,,,a,
ASN00082076,19820212,TMIN,155,,,a,
ASN00082076,19820213,TMIN,185,,,a,
ASN00082076,19820214,TMIN,160,,,a,
ASN00082076,19820215,TMIN,148,,,a,
ASN00082076,19820216,TMIN,168,,,a,
ASN00082076,19820217,TMIN,174,,,a,
ASN00082076,19820218,TMIN,80,,,a,
ASN00082076,19820219,TMIN,59,,,a,
ASN00082076,19820220,TMIN,80,,,a,
ASN00082076,19820221,TMIN,105,,,a,
ASN00082076,19820222,TMIN,107,,,a,
ASN00082076,19820223,TMIN,140,,,a,
ASN00082076,19820224,TMIN,156,,,a,
ASN00082076,19820225,TMIN,113,,,a,
ASN00082076,19820226,TMIN,135,,,a,
ASN00082076,19820227,TMIN,108,,,a,
ASN00082076,19820228,TMIN,87,,,a,
ASN00082076,19820201,PRCP,0,,,a,
ASN00082076,19820202,PRCP,0,,,a,
ASN00082076,19820203,PRCP,0,,,a,
ASN00082076,19820204,PRCP,0,,,a,
ASN00082076,19820205,PRCP,0,,,a,
ASN00082076,19820206,PRCP,0,,,a,
ASN00082076,19820207,PRCP,0,,,a,
ASN00082076,19820208,PRCP,0,,,a,
ASN00082076,19820209,PRCP,0,,,a,
ASN00082076,19820210,PRCP,0,,,a,
ASN00082076,19820211,PRCP,0,,,a,
ASN00082076,19820212,PRCP,0,,,a,
ASN00082076,19820213,PRCP,0,,,a,
ASN00082076,19820214,PRCP,0,,,a,
ASN00082076,19820215,PRCP,0,,,a,
ASN00082076,19820216,PRCP,0,,,a,
ASN00082076,19820217,PRCP,0,,,a,
ASN00082076,19820218,PRCP,0,,,a,
ASN00082076,19820219,PRCP,0,,,a,
ASN00082076,19820220,PRCP,0,,,a,
ASN00082076,19820221,PRCP,4,,,a,
ASN00082076,19820222,PRCP,0,,,a,
ASN00082076,19820223,PRCP,0,,,a,
ASN00082076,19820224,PRCP,0,,,a,
ASN00082076,19820225,PRCP,0,,,a,
ASN00082076,19820226,PRCP,0,,,a,
ASN00082076,19820227,PRCP,0,,,a,
ASN00082076,19820228,PRCP,0,,,a,
ASN00082076,19820301,TMAX,276,,,a,
ASN00082076,19820302,TMAX,285,,,a,
ASN00082076,19820303,TMAX,315,,,a,
ASN00082076,19820304,TMAX,290,,,a,
ASN00082076,19820305,TMAX,333,,,a,
ASN00082076,19820306,TMAX,295,,,a,
ASN00082076,19820307,TMAX,344,,,a,
ASN00082076,19820308,TMAX,323,,,a,
ASN00082076,19820309,TMAX,198,,,a,
ASN00082076,19820310,TMAX,237,,,a,
ASN00082076,19820311,TMAX,263,,,a,
ASN00082076,19820312,TMAX,290,,,a,
ASN00082076,19820313,TMAX,302,,,a,
ASN00082076,19820314,TMAX,292,,,a,
ASN00082076,19820315,TMAX,293,,,a,
ASN00082076,19820316,TMAX,297,,,a,
ASN00082076,19820317,TMAX,284,,,a,
ASN00082076,19820318,TMAX,277,,,a,
ASN00082076,19820319,TMAX,288,,,a,
ASN00082076,19820320,TMAX,288,,,a,
ASN00082076,19820321,TMAX,287,,,a,
ASN00082076,19820322,TMAX,293,,,a,
ASN00082076,19820323,TMAX,185,,,a,
ASN00082076,19820324,TMAX,190,,,a,
ASN00082076,19820325,TMAX,253,,,a,
ASN00082076,19820326,TMAX,255,,,a,
ASN00082076,19820327,TMAX,255,,,a,
ASN00082076,19820328,TMAX,223,,,a,
ASN00082076,19820329,TMAX,162,,,a,
ASN00082076,19820330,TMAX,218,,,a,
ASN00082076,19820331,TMAX,254,,,a,
ASN00082076,19820301,TMIN,84,,,a,
ASN00082076,19820302,TMIN,99,,,a,
ASN00082076,19820303,TMIN,96,,,a,
ASN00082076,19820304,TMIN,121,,,a,
ASN00082076,19820305,TMIN,122,,,a,
ASN00082076,19820306,TMIN,129,,,a,
ASN00082076,19820307,TMIN,150,,,a,
ASN00082076,19820308,TMIN,190,,,a,
ASN00082076,19820309,TMIN,112,,,a,
ASN00082076,19820310,TMIN,87,,,a,
ASN00082076,19820311,TMIN,87,,,a,
ASN00082076,19820312,TMIN,118,,,a,
ASN00082076,19820313,TMIN,115,,,a,
ASN00082076,19820314,TMIN,110,,,a,
ASN00082076,19820315,TMIN,137,,,a,
ASN00082076,19820316,TMIN,138,,,a,
ASN00082076,19820317,TMIN,155,,,a,
ASN00082076,19820318,TMIN,142,,,a,
ASN00082076,19820319,TMIN,114,,,a,
ASN00082076,19820320,TMIN,117,,,a,
ASN00082076,19820321,TMIN,100,,,a,
ASN00082076,19820322,TMIN,98,,,a,
ASN00082076,19820323,TMIN,126,,,a,
ASN00082076,19820324,TMIN,133,,,a,
ASN00082076,19820325,TMIN,128,,,a,
ASN00082076,19820326,TMIN,118,,,a,
ASN00082076,19820327,TMIN,93,,,a,
ASN00082076,19820328,TMIN,128,,,a,
ASN00082076,19820329,TMIN,95,,,a,
ASN00082076,19820330,TMIN,106,,,a,
ASN00082076,19820331,TMIN,82,,,a,
ASN00082076,19820301,PRCP,0,,,a,
ASN00082076,19820302,PRCP,0,,,a,
ASN00082076,19820303,PRCP,0,,,a,
ASN00082076,19820304,PRCP,2,,,a,
ASN00082076,19820305,PRCP,2,,,a,
ASN00082076,19820306,PRCP,0,,,a,
ASN00082076,19820307,PRCP,30,,,a,
ASN00082076,19820308,PRCP,0,,,a,
ASN00082076,19820309,PRCP,188,,,a,
ASN00082076,19820310,PRCP,0,,,a,
ASN00082076,19820311,PRCP,0,,,a,
ASN00082076,19820312,PRCP,0,,,a,
ASN00082076,19820313,PRCP,0,,,a,
ASN00082076,19820314,PRCP,0,,,a,
ASN00082076,19820315,PRCP,0,,,a,
ASN00082076,19820316,PRCP,2,,,a,
ASN00082076,19820317,PRCP,122,,,a,
ASN00082076,19820318,PRCP,0,,,a,
ASN00082076,19820319,PRCP,0,,,a,
ASN00082076,19820320,PRCP,0,,,a,
ASN00082076,19820321,PRCP,0,,,a,
ASN00082076,19820322,PRCP,0,,,a,
ASN00082076,19820323,PRCP,38,,,a,
ASN00082076,19820324,PRCP,292,,,a,
ASN00082076,19820325,PRCP,4,,,a,
ASN00082076,19820326,PRCP,0,,,a,
ASN00082076,19820327,PRCP,0,,,a,
ASN00082076,19820328,PRCP,14,,,a,
ASN00082076,19820329,PRCP,4,,,a,
ASN00082076,19820330,PRCP,40,,,a,
ASN00082076,19820331,PRCP,0,,,a,
ASN00082076,19820401,TMAX,250,,,a,
ASN00082076,19820402,TMAX,265,,,a,
ASN00082076,19820403,TMAX,210,,,a,
ASN00082076,19820404,TMAX,217,,,a,
ASN00082076,19820405,TMAX,216,,,a,
ASN00082076,19820406,TMAX,235,,,a,
ASN00082076,19820407,TMAX,240,,,a,
ASN00082076,19820408,TMAX,230,,,a,
ASN00082076,19820409,TMAX,240,,,a,
ASN00082076,19820410,TMAX,252,,,a,
ASN00082076,19820411,TMAX,255,,,a,
ASN00082076,19820412,TMAX,255,,,a,
ASN00082076,19820413,TMAX,243,,,a,
ASN00082076,19820414,TMAX,258,,,a,
ASN00082076,19820415,TMAX,257,,,a,
ASN00082076,19820416,TMAX,190,,,a,
ASN00082076,19820417,TMAX,205,,,a,
ASN00082076,19820418,TMAX,193,,,a,
ASN00082076,19820419,TMAX,206,,,a,
ASN00082076,19820420,TMAX,208,,,a,
ASN00082076,19820421,TMAX,225,,,a,
ASN00082076,19820422,TMAX,231,,,a,
ASN00082076,19820423,TMAX,205,,,a,
ASN00082076,19820424,TMAX,215,,,a,
ASN00082076,19820425,TMAX,213,,,a,
ASN00082076,19820426,TMAX,114,,,a,
ASN00082076,19820427,TMAX,113,,,a,
ASN00082076,19820428,TMAX,113,,,a,
ASN00082076,19820429,TMAX,148,,,a,
ASN00082076,19820430,TMAX,168,,,a,
ASN00082076,19820401,TMIN,87,,,a,
ASN00082076,19820402,TMIN,113,,,a,
ASN00082076,19820403,TMIN,67,,,a,
ASN00082076,19820404,TMIN,89,,,a,
ASN00082076,19820405,TMIN,47,,,a,
ASN00082076,19820406,TMIN,40,,,a,
ASN00082076,19820407,TMIN,58,,,a,
ASN00082076,19820408,TMIN,88,,,a,
ASN00082076,19820409,TMIN,90,,,a,
ASN00082076,19820410,TMIN,150,,,a,
ASN00082076,19820411,TMIN,100,,,a,
ASN00082076,19820412,TMIN,95,,,a,
ASN00082076,19820413,TMIN,80,,,a,
ASN00082076,19820414,TMIN,63,,,a,
ASN00082076,19820415,TMIN,68,,,a,
ASN00082076,19820416,TMIN,86,,,a,
ASN00082076,19820417,TMIN,110,,,a,
ASN00082076,19820418,TMIN,50,,,a,
ASN00082076,19820419,TMIN,57,,,a,
ASN00082076,19820420,TMIN,47,,,a,
ASN00082076,19820421,TMIN,55,,,a,
ASN00082076,19820422,TMIN,33,,,a,
ASN00082076,19820423,TMIN,41,,,a,
ASN00082076,19820424,TMIN,62,,,a,
ASN00082076,19820425,TMIN,90,,,a,
ASN00082076,19820426,TMIN,18,,,a,
ASN00082076,19820427,TMIN,40,,,a,
ASN00082076,19820428,TMIN,50,,,a,
ASN00082076,19820429,TMIN,33,,,a,
ASN00082076,19820430,TMIN,20,,,a,
ASN00082076,19820401,PRCP,0,,,a,
ASN00082076,19820402,PRCP,44,,,a,
ASN00082076,19820403,PRCP,0,,,a,
ASN00082076,19820404,PRCP,0,,,a,
ASN00082076,19820405,PRCP,0,,,a,
ASN00082076,19820406,PRCP,0,,,a,
ASN00082076,19820407,PRCP,0,,,a,
ASN00082076,19820408,PRCP,0,,,a,
ASN00082076,19820409,PRCP,0,,,a,
ASN00082076,19820410,PRCP,0,,,a,
ASN00082076,19820411,PRCP,0,,,a,
ASN00082076,19820412,PRCP,8,,,a,
ASN00082076,19820413,PRCP,0,,,a,
ASN00082076,19820414,PRCP,0,,,a,
ASN00082076,19820415,PRCP,0,,,a,
ASN00082076,19820416,PRCP,2,,,a,
ASN00082076,19820417,PRCP,18,,,a,
ASN00082076,19820418,PRCP,0,,,a,
ASN00082076,19820419,PRCP,0,,,a,
ASN00082076,19820420,PRCP,0,,,a,
ASN00082076,19820421,PRCP,0,,,a,
ASN00082076,19820422,PRCP,0,,,a,
ASN00082076,19820423,PRCP,0,,,a,
ASN00082076,19820424,PRCP,10,,,a,
ASN00082076,19820425,PRCP,4,,,a,
ASN00082076,19820426,PRCP,2,,,a,
ASN00082076,19820427,PRCP,188,,,a,
ASN00082076,19820428,PRCP,52,,,a,
ASN00082076,19820429,PRCP,4,,,a,
ASN00082076,19820430,PRCP,0,,,a,
ASN00082076,19820501,TMAX,187,,,a,
ASN00082076,19820502,TMAX,191,,,a,
ASN00082076,19820503,TMAX,176,,,a,
ASN00082076,19820504,TMAX,198,,,a,
ASN00082076,19820505,TMAX,185,,,a,
ASN00082076,19820506,TMAX,130,,,a,
ASN00082076,19820507,TMAX,135,,,a,
ASN00082076,19820508,TMAX,160,,,a,
ASN00082076,19820509,TMAX,133,,,a,
ASN00082076,19820510,TMAX,139,,,a,
ASN00082076,19820511,TMAX,141,,,a,
ASN00082076,19820512,TMAX,116,,,a,
ASN00082076,19820513,TMAX,160,,,a,
ASN00082076,19820514,TMAX,162,,,a,
ASN00082076,19820515,TMAX,185,,,a,
ASN00082076,19820516,TMAX,182,,,a,
ASN00082076,19820517,TMAX,175,,,a,
ASN00082076,19820518,TMAX,207,,,a,
ASN00082076,19820519,TMAX,146,,,a,
ASN00082076,19820520,TMAX,112,,,a,
ASN00082076,19820521,TMAX,123,,,a,
ASN00082076,19820522,TMAX,71,,,a,
ASN00082076,19820523,TMAX,108,,,a,
ASN00082076,19820524,TMAX,157,,,a,
ASN00082076,19820525,TMAX,143,,,a,
ASN00082076,19820526,TMAX,152,,,a,
ASN00082076,19820527,TMAX,168,,,a,
ASN00082076,19820528,TMAX,141,,,a,
ASN00082076,19820529,TMAX,155,,,a,
ASN00082076,19820530,TMAX,164,,,a,
ASN00082076,19820531,TMAX,118,,,a,
ASN00082076,19820501,TMIN,32,,,a,
ASN00082076,19820502,TMIN,25,,,a,
ASN00082076,19820503,TMIN,47,,,a,
ASN00082076,19820504,TMIN,36,,,a,
ASN00082076,19820505,TMIN,60,,,a,
ASN00082076,19820506,TMIN,78,,,a,
ASN00082076,19820507,TMIN,90,,,a,
ASN00082076,19820508,TMIN,40,,,a,
ASN00082076,19820509,TMIN,8,,,a,
ASN00082076,19820510,TMIN,40,,,a,
ASN00082076,19820511,TMIN,46,,,a,
ASN00082076,19820512,TMIN,21,,,a,
ASN00082076,19820513,TMIN,21,,,a,
ASN00082076,19820514,TMIN,25,,,a,
ASN00082076,19820515,TMIN,8,,,a,
ASN00082076,19820516,TMIN,-5,,,a,
ASN00082076,19820517,TMIN,7,,,a,
ASN00082076,19820518,TMIN,6,,,a,
ASN00082076,19820519,TMIN,66,,,a,
ASN00082076,19820520,TMIN,-13,,,a,
ASN00082076,19820521,TMIN,-11,,,a,
ASN00082076,19820522,TMIN,-17,,,a,
ASN00082076,19820523,TMIN,0,,,a,
ASN00082076,19820524,TMIN,8,,,a,
ASN00082076,19820525,TMIN,-2,,,a,
ASN00082076,19820526,TMIN,35,,,a,
ASN00082076,19820527,TMIN,48,,,a,
ASN00082076,19820528,TMIN,63,,,a,
ASN00082076,19820529,TMIN,115,,,a,
ASN00082076,19820530,TMIN,110,,,a,
ASN00082076,19820531,TMIN,83,,,a,
ASN00082076,19820501,PRCP,0,,,a,
ASN00082076,19820502,PRCP,0,,,a,
ASN00082076,19820503,PRCP,0,,,a,
ASN00082076,19820504,PRCP,0,,,a,
ASN00082076,19820505,PRCP,2,,,a,
ASN00082076,19820506,PRCP,114,,,a,
ASN00082076,19820507,PRCP,20,,,a,
ASN00082076,19820508,PRCP,0,,,a,
ASN00082076,19820509,PRCP,0,,,a,
ASN00082076,19820510,PRCP,0,,,a,
ASN00082076,19820511,PRCP,12,,,a,
ASN00082076,19820512,PRCP,0,,,a,
ASN00082076,19820513,PRCP,32,,,a,
ASN00082076,19820514,PRCP,0,,,a,
ASN00082076,19820515,PRCP,0,,,a,
ASN00082076,19820516,PRCP,0,,,a,
ASN00082076,19820517,PRCP,0,,,a,
ASN00082076,19820518,PRCP,0,,,a,
ASN00082076,19820519,PRCP,8,,,a,
ASN00082076,19820520,PRCP,48,,,a,
ASN00082076,19820521,PRCP,52,,,a,
ASN00082076,19820522,PRCP,0,,,a,
ASN00082076,19820523,PRCP,0,,,a,
ASN00082076,19820524,PRCP,0,,,a,
ASN00082076,19820525,PRCP,0,,,a,
ASN00082076,19820526,PRCP,8,,,a,
ASN00082076,19820527,PRCP,0,,,a,
ASN00082076,19820528,PRCP,106,,,a,
ASN00082076,19820529,PRCP,460,,,a,
ASN00082076,19820530,PRCP,10,,,a,
ASN00082076,19820531,PRCP,170,,,a,
ASN00082076,19820601,TMAX,117,,,a,
ASN00082076,19820602,TMAX,105,,,a,
ASN00082076,19820603,TMAX,118,,,a,
ASN00082076,19820604,TMAX,145,,,a,
ASN00082076,19820605,TMAX,160,,,a,
ASN00082076,19820606,TMAX,153,,,a,
ASN00082076,19820607,TMAX,126,,,a,
ASN00082076,19820608,TMAX,128,,,a,
ASN00082076,19820609,TMAX,133,,,a,
ASN00082076,19820610,TMAX,157,,,a,
ASN00082076,19820611,TMAX,123,,,a,
ASN00082076,19820612,TMAX,155,,,a,
ASN00082076,19820613,TMAX,124,,,a,
ASN00082076,19820614,TMAX,170,,,a,
ASN00082076,19820615,TMAX,132,,,a,
ASN00082076,19820616,TMAX,139,,,a,
ASN00082076,19820617,TMAX,122,,,a,
ASN00082076,19820618,TMAX,100,,,a,
ASN00082076,19820619,TMAX,107,,,a,
ASN00082076,19820620,TMAX,90,,,a,
ASN00082076,19820621,TMAX,69,,,a,
ASN00082076,19820622,TMAX,93,,,a,
ASN00082076,19820623,TMAX,123,,,a,
ASN00082076,19820624,TMAX,117,,,a,
ASN00082076,19820625,TMAX,140,,,a,
ASN00082076,19820626,TMAX,120,,,a,
ASN00082076,19820627,TMAX,60,,,a,
ASN00082076,19820628,TMAX,128,,,a,
ASN00082076,19820629,TMAX,127,,,a,
ASN00082076,19820630,TMAX,128,,,a,
ASN00082076,19820601,TMIN,-5,,,a,
ASN00082076,19820602,TMIN,-4,,,a,
ASN00082076,19820603,TMIN,51,,,a,
ASN00082076,19820604,TMIN,-12,,,a,
ASN00082076,19820605,TMIN,-15,,,a,
ASN00082076,19820606,TMIN,-16,,,a,
ASN00082076,19820607,TMIN,-5,,,a,
ASN00082076,19820608,TMIN,-2,,,a,
ASN00082076,19820609,TMIN,-2,,,a,
ASN00082076,19820610,TMIN,8,,,a,
ASN00082076,19820611,TMIN,31,,,a,
ASN00082076,19820612,TMIN,12,,,a,
ASN00082076,19820613,TMIN,31,,,a,
ASN00082076,19820614,TMIN,45,,,a,
ASN00082076,19820615,TMIN,56,,,a,
ASN00082076,19820616,TMIN,64,,,a,
ASN00082076,19820617,TMIN,-4,,,a,
ASN00082076,19820618,TMIN,20,,,a,
ASN00082076,19820619,TMIN,38,,,a,
ASN00082076,19820620,TMIN,30,,,a,
ASN00082076,19820621,TMIN,20,,,a,
ASN00082076,19820622,TMIN,8,,,a,
ASN00082076,19820623,TMIN,15,,,a,
ASN00082076,19820624,TMIN,7,,,a,
ASN00082076,19820625,TMIN,2,,,a,
ASN00082076,19820626,TMIN,-15,,,a,
ASN00082076,19820627,TMIN,-15,,,a,
ASN00082076,19820628,TMIN,5,,,a,
ASN00082076,19820629,TMIN,-3,,,a,
ASN00082076,19820630,TMIN,-7,,,a,
ASN00082076,19820601,PRCP,64,,,a,
ASN00082076,19820602,PRCP,0,,,a,
ASN00082076,19820603,PRCP,4,,,a,
ASN00082076,19820604,PRCP,0,,,a,
ASN00082076,19820605,PRCP,0,,,a,
ASN00082076,19820606,PRCP,0,,,a,
ASN00082076,19820607,PRCP,0,,,a,
ASN00082076,19820608,PRCP,0,,,a,
ASN00082076,19820609,PRCP,0,,,a,
ASN00082076,19820610,PRCP,0,,,a,
ASN00082076,19820611,PRCP,38,,,a,
ASN00082076,19820612,PRCP,18,,,a,
ASN00082076,19820613,PRCP,0,,,a,
ASN00082076,19820614,PRCP,0,,,a,
ASN00082076,19820615,PRCP,0,,,a,
ASN00082076,19820616,PRCP,78,,,a,
ASN00082076,19820617,PRCP,0,,,a,
ASN00082076,19820618,PRCP,46,,,a,
ASN00082076,19820619,PRCP,20,,,a,
ASN00082076,19820620,PRCP,4,,,a,
ASN00082076,19820621,PRCP,48,,,a,
ASN00082076,19820622,PRCP,22,,,a,
ASN00082076,19820623,PRCP,0,,,a,
ASN00082076,19820624,PRCP,0,,,a,
ASN00082076,19820625,PRCP,0,,,a,
ASN00082076,19820626,PRCP,0,,,a,
ASN00082076,19820627,PRCP,2,,,a,
ASN00082076,19820628,PRCP,34,,,a,
ASN00082076,19820629,PRCP,0,,,a,
ASN00082076,19820630,PRCP,0,,,a,
ASN00082076,19820701,TMAX,121,,,a,
ASN00082076,19820702,TMAX,125,,,a,
ASN00082076,19820703,TMAX,135,,,a,
ASN00082076,19820704,TMAX,133,,,a,
ASN00082076,19820705,TMAX,93,,,a,
ASN00082076,19820706,TMAX,87,,,a,
ASN00082076,19820707,TMAX,99,,,a,
ASN00082076,19820708,TMAX,102,,,a,
ASN00082076,19820709,TMAX,138,,,a,
ASN00082076,19820710,TMAX,132,,,a,
ASN00082076,19820711,TMAX,132,,,a,
ASN00082076,19820712,TMAX,129,,,a,
ASN00082076,19820713,TMAX,123,,,a,
ASN00082076,19820714,TMAX,127,,,a,
ASN00082076,19820715,TMAX,121,,,a,
ASN00082076,19820716,TMAX,123,,,a,
ASN00082076,19820717,TMAX,98,,,a,
ASN00082076,19820718,TMAX,75,,,a,
ASN00082076,19820719,TMAX,78,,,a,
ASN00082076,19820720,TMAX,105,,,a,
ASN00082076,19820721,TMAX,105,,,a,
ASN00082076,19820722,TMAX,94,,,a,
ASN00082076,19820723,TMAX,136,,,a,
ASN00082076,19820724,TMAX,136,,,a,
ASN00082076,19820725,TMAX,146,,,a,
ASN00082076,19820726,TMAX,159,,,a,
ASN00082076,19820727,TMAX,143,,,a,
ASN00082076,19820728,TMAX,106,,,a,
ASN00082076,19820729,TMAX,84,,,a,
ASN00082076,19820730,TMAX,85,,,a,
ASN00082076,19820731,TMAX,92,,,a,
ASN00082076,19820701,TMIN,0,,,a,
ASN00082076,19820702,TMIN,-8,,,a,
ASN00082076,19820703,TMIN,-15,,,a,
ASN00082076,19820704,TMIN,8,,,a,
ASN00082076,19820705,TMIN,-1,,,a,
ASN00082076,19820706,TMIN,31,,,a,
ASN00082076,19820707,TMIN,44,,,a,
ASN00082076,19820708,TMIN,23,,,a,
ASN00082076,19820709,TMIN,33,,,a,
ASN00082076,19820710,TMIN,-5,,,a,
ASN00082076,19820711,TMIN,2,,,a,
ASN00082076,19820712,TMIN,10,,,a,
ASN00082076,19820713,TMIN,-7,,,a,
ASN00082076,19820714,TMIN,44,,,a,
ASN00082076,19820715,TMIN,-22,,,a,
ASN00082076,19820716,TMIN,-32,,,a,
ASN00082076,19820717,TMIN,-27,,,a,
ASN00082076,19820718,TMIN,-24,,,a,
ASN00082076,19820719,TMIN,-5,,,a,
ASN00082076,19820720,TMIN,-28,,,a,
ASN00082076,19820721,TMIN,-42,,,a,
ASN00082076,19820722,TMIN,-45,,,a,
ASN00082076,19820723,TMIN,-23,,,a,
ASN00082076,19820724,TMIN,5,,,a,
ASN00082076,19820725,TMIN,-2,,,a,
ASN00082076,19820726,TMIN,35,,,a,
ASN00082076,19820727,TMIN,-8,,,a,
ASN00082076,19820728,TMIN,-1,,,a,
ASN00082076,19820729,TMIN,34,,,a,
ASN00082076,19820730,TMIN,19,,,a,
ASN00082076,19820731,TMIN,8,,,a,
ASN00082076,19820701,PRCP,0,,,a,
ASN00082076,19820702,PRCP,0,,,a,
ASN00082076,19820703,PRCP,0,,,a,
ASN00082076,19820704,PRCP,0,,,a,
ASN00082076,19820705,PRCP,0,,,a,
ASN00082076,19820706,PRCP,24,,,a,
ASN00082076,19820707,PRCP,36,,,a,
ASN00082076,19820708,PRCP,2,,,a,
ASN00082076,19820709,PRCP,4,,,a,
ASN00082076,19820710,PRCP,0,,,a,
ASN00082076,19820711,PRCP,0,,,a,
ASN00082076,19820712,PRCP,0,,,a,
ASN00082076,19820713,PRCP,0,,,a,
ASN00082076,19820714,PRCP,0,,,a,
ASN00082076,19820715,PRCP,0,,,a,
ASN00082076,19820716,PRCP,0,,,a,
ASN00082076,19820717,PRCP,0,,,a,
ASN00082076,19820718,PRCP,0,,,a,
ASN00082076,19820719,PRCP,72,,,a,
ASN00082076,19820720,PRCP,0,,,a,
ASN00082076,19820721,PRCP,0,,,a,
ASN00082076,19820722,PRCP,0,,,a,
ASN00082076,19820723,PRCP,4,,,a,
ASN00082076,19820724,PRCP,4,,,a,
ASN00082076,19820725,PRCP,2,,,a,
ASN00082076,19820726,PRCP,0,,,a,
ASN00082076,19820727,PRCP,0,,,a,
ASN00082076,19820728,PRCP,0,,,a,
ASN00082076,19820729,PRCP,56,,,a,
ASN00082076,19820730,PRCP,28,,,a,
ASN00082076,19820731,PRCP,4,,,a,
ASN00082076,19820801,TMAX,100,,,a,
ASN00082076,19820802,TMAX,144,,,a,
ASN00082076,19820803,TMAX,148,,,a,
ASN00082076,19820804,TMAX,154,,,a,
ASN00082076,19820805,TMAX,163,,,a,
ASN00082076,19820806,TMAX,170,,,a,
ASN00082076,19820807,TMAX,168,,,a,
ASN00082076,19820808,TMAX,171,,,a,
ASN00082076,19820809,TMAX,163,,,a,
ASN00082076,19820810,TMAX,160,,,a,
ASN00082076,19820811,TMAX,127,,,a,
ASN00082076,19820812,TMAX,112,,,a,
ASN00082076,19820813,TMAX,135,,,a,
ASN00082076,19820814,TMAX,130,,,a,
ASN00082076,19820815,TMAX,159,,,a,
ASN00082076,19820816,TMAX,167,,,a,
ASN00082076,19820817,TMAX,157,,,a,
ASN00082076,19820818,TMAX,166,,,a,
ASN00082076,19820819,TMAX,172,,,a,
ASN00082076,19820820,TMAX,188,,,a,
ASN00082076,19820821,TMAX,200,,,a,
ASN00082076,19820822,TMAX,202,,,a,
ASN00082076,19820823,TMAX,198,,,a,
ASN00082076,19820824,TMAX,202,,,a,
ASN00082076,19820825,TMAX,208,,,a,
ASN00082076,19820826,TMAX,203,,,a,
ASN00082076,19820827,TMAX,200,,,a,
ASN00082076,19820828,TMAX,212,,,a,
ASN00082076,19820829,TMAX,228,,,a,
ASN00082076,19820830,TMAX,190,,,a,
ASN00082076,19820831,TMAX,177,,,a,
ASN00082076,19820801,TMIN,40,,,a,
ASN00082076,19820802,TMIN,63,,,a,
ASN00082076,19820803,TMIN,2,,,a,
ASN00082076,19820804,TMIN,-22,,,a,
ASN00082076,19820805,TMIN,-22,,,a,
ASN00082076,19820806,TMIN,-12,,,a,
ASN00082076,19820807,TMIN,7,,,a,
ASN00082076,19820808,TMIN,-6,,,a,
ASN00082076,19820809,TMIN,-9,,,a,
ASN00082076,19820810,TMIN,3,,,a,
ASN00082076,19820811,TMIN,19,,,a,
ASN00082076,19820812,TMIN,51,,,a,
ASN00082076,19820813,TMIN,69,,,a,
ASN00082076,19820814,TMIN,60,,,a,
ASN00082076,19820815,TMIN,62,,,a,
ASN00082076,19820816,TMIN,66,,,a,
ASN00082076,19820817,TMIN,19,,,a,
ASN00082076,19820818,TMIN,3,,,a,
ASN00082076,19820819,TMIN,5,,,a,
ASN00082076,19820820,TMIN,-14,,,a,
ASN00082076,19820821,TMIN,-5,,,a,
ASN00082076,19820822,TMIN,20,,,a,
ASN00082076,19820823,TMIN,21,,,a,
ASN00082076,19820824,TMIN,18,,,a,
ASN00082076,19820825,TMIN,9,,,a,
ASN00082076,19820826,TMIN,14,,,a,
ASN00082076,19820827,TMIN,2,,,a,
ASN00082076,19820828,TMIN,5,,,a,
ASN00082076,19820829,TMIN,15,,,a,
ASN00082076,19820830,TMIN,20,,,a,
ASN00082076,19820831,TMIN,44,,,a,
ASN00082076,19820801,PRCP,14,,,a,
ASN00082076,19820802,PRCP,0,,,a,
ASN00082076,19820803,PRCP,0,,,a,
ASN00082076,19820804,PRCP,0,,,a,
ASN00082076,19820805,PRCP,0,,,a,
ASN00082076,19820806,PRCP,0,,,a,
ASN00082076,19820807,PRCP,0,,,a,
ASN00082076,19820808,PRCP,0,,,a,
ASN00082076,19820809,PRCP,0,,,a,
ASN00082076,19820810,PRCP,0,,,a,
ASN00082076,19820811,PRCP,14,,,a,
ASN00082076,19820812,PRCP,200,,,a,
ASN00082076,19820813,PRCP,14,,,a,
ASN00082076,19820814,PRCP,12,,,a,
ASN00082076,19820815,PRCP,60,,,a,
ASN00082076,19820816,PRCP,0,,,a,
ASN00082076,19820817,PRCP,0,,,a,
ASN00082076,19820818,PRCP,0,,,a,
ASN00082076,19820819,PRCP,0,,,a,
ASN00082076,19820820,PRCP,0,,,a,
ASN00082076,19820821,PRCP,0,,,a,
ASN00082076,19820822,PRCP,0,,,a,
ASN00082076,19820823,PRCP,0,,,a,
ASN00082076,19820824,PRCP,0,,,a,
ASN00082076,19820825,PRCP,0,,,a,
ASN00082076,19820826,PRCP,0,,,a,
ASN00082076,19820827,PRCP,0,,,a,
ASN00082076,19820828,PRCP,0,,,a,
ASN00082076,19820829,PRCP,0,,,a,
ASN00082076,19820830,PRCP,0,,,a,
ASN00082076,19820831,PRCP,4,,,a,
ASN00082076,19820901,TMAX,209,,,a,
ASN00082076,19820902,TMAX,131,,,a,
ASN00082076,19820903,TMAX,140,,,a,
ASN00082076,19820904,TMAX,150,,,a,
ASN00082076,19820905,TMAX,152,,,a,
ASN00082076,19820906,TMAX,117,,,a,
ASN00082076,19820907,TMAX,97,,,a,
ASN00082076,19820908,TMAX,138,,,a,
ASN00082076,19820909,TMAX,88,,,a,
ASN00082076,19820910,TMAX,124,,,a,
ASN00082076,19820911,TMAX,142,,,a,
ASN00082076,19820912,TMAX,172,,,a,
ASN00082076,19820913,TMAX,200,,,a,
ASN00082076,19820914,TMAX,203,,,a,
ASN00082076,19820915,TMAX,201,,,a,
ASN00082076,19820916,TMAX,210,,,a,
ASN00082076,19820917,TMAX,135,,,a,
ASN00082076,19820918,TMAX,165,,,a,
ASN00082076,19820919,TMAX,158,,,a,
ASN00082076,19820920,TMAX,157,,,a,
ASN00082076,19820921,TMAX,179,,,a,
ASN00082076,19820922,TMAX,194,,,a,
ASN00082076,19820923,TMAX,192,,,a,
ASN00082076,19820924,TMAX,205,,,a,
ASN00082076,19820925,TMAX,190,,,a,
ASN00082076,19820926,TMAX,201,,,a,
ASN00082076,19820927,TMAX,154,,,a,
ASN00082076,19820928,TMAX,160,,,a,
ASN00082076,19820929,TMAX,97,,,a,
ASN00082076,19820930,TMAX,142,,,a,
ASN00082076,19820901,TMIN,36,,,a,
ASN00082076,19820902,TMIN,42,,,a,
ASN00082076,19820903,TMIN,73,,,a,
ASN00082076,19820904,TMIN,-15,,,a,
ASN00082076,19820905,TMIN,0,,,a,
ASN00082076,19820906,TMIN,-7,,,a,
ASN00082076,19820907,TMIN,-32,,,a,
ASN00082076,19820908,TMIN,18,,,a,
ASN00082076,19820909,TMIN,47,,,a,
ASN00082076,19820910,TMIN,-11,,,a,
ASN00082076,19820911,TMIN,16,,,a,
ASN00082076,19820912,TMIN,0,,,a,
ASN00082076,19820913,TMIN,8,,,a,
ASN00082076,19820914,TMIN,26,,,a,
ASN00082076,19820915,TMIN,25,,,a,
ASN00082076,19820916,TMIN,27,,,a,
ASN00082076,19820918,TMIN,102,,,a,
ASN00082076,19820919,TMIN,0,,,a,
ASN00082076,19820920,TMIN,57,,,a,
ASN00082076,19820921,TMIN,79,,,a,
ASN00082076,19820922,TMIN,36,,,a,
ASN00082076,19820923,TMIN,12,,,a,
ASN00082076,19820924,TMIN,5,,,a,
ASN00082076,19820925,TMIN,55,,,a,
ASN00082076,19820926,TMIN,15,,,a,
ASN00082076,19820927,TMIN,87,,,a,
ASN00082076,19820928,TMIN,70,,,a,
ASN00082076,19820929,TMIN,56,,,a,
ASN00082076,19820930,TMIN,48,,,a,
ASN00082076,19820901,PRCP,0,,,a,
ASN00082076,19820902,PRCP,0,,,a,
ASN00082076,19820903,PRCP,104,,,a,
ASN00082076,19820904,PRCP,80,,,a,
ASN00082076,19820905,PRCP,0,,,a,
ASN00082076,19820906,PRCP,0,,,a,
ASN00082076,19820907,PRCP,4,,,a,
ASN00082076,19820908,PRCP,2,,,a,
ASN00082076,19820909,PRCP,56,,,a,
ASN00082076,19820910,PRCP,46,,,a,
ASN00082076,19820911,PRCP,28,,,a,
ASN00082076,19820912,PRCP,0,,,a,
ASN00082076,19820913,PRCP,0,,,a,
ASN00082076,19820914,PRCP,0,,,a,
ASN00082076,19820915,PRCP,0,,,a,
ASN00082076,19820916,PRCP,0,,,a,
ASN00082076,19820917,PRCP,24,,,a,
ASN00082076,19820918,PRCP,266,,,a,
ASN00082076,19820919,PRCP,0,,,a,
ASN00082076,19820920,PRCP,0,,,a,
ASN00082076,19820921,PRCP,0,,,a,
ASN00082076,19820922,PRCP,0,,,a,
ASN00082076,19820923,PRCP,0,,,a,
ASN00082076,19820924,PRCP,0,,,a,
ASN00082076,19820925,PRCP,0,,,a,
ASN00082076,19820926,PRCP,30,,,a,
ASN00082076,19820927,PRCP,2,,,a,
ASN00082076,19820928,PRCP,30,,,a,
ASN00082076,19820929,PRCP,88,,,a,
ASN00082076,19820930,PRCP,14,,,a,
ASN00082076,19821001,TMAX,175,,,a,
ASN00082076,19821002,TMAX,202,,,a,
ASN00082076,19821003,TMAX,215,,,a,
ASN00082076,19821004,TMAX,190,,,a,
ASN00082076,19821005,TMAX,198,,,a,
ASN00082076,19821006,TMAX,209,,,a,
ASN00082076,19821007,TMAX,258,,,a,
ASN00082076,19821008,TMAX,220,,,a,
ASN00082076,19821009,TMAX,140,,,a,
ASN00082076,19821010,TMAX,207,,,a,
ASN00082076,19821011,TMAX,264,,,a,
ASN00082076,19821012,TMAX,244,,,a,
ASN00082076,19821013,TMAX,246,,,a,
ASN00082076,19821014,TMAX,169,,,a,
ASN00082076,19821015,TMAX,155,,,a,
ASN00082076,19821016,TMAX,157,,,a,
ASN00082076,19821017,TMAX,174,,,a,
ASN00082076,19821018,TMAX,198,,,a,
ASN00082076,19821019,TMAX,178,,,a,
ASN00082076,19821020,TMAX,153,,,a,
ASN00082076,19821021,TMAX,141,,,a,
ASN00082076,19821022,TMAX,165,,,a,
ASN00082076,19821023,TMAX,214,,,a,
ASN00082076,19821024,TMAX,234,,,a,
ASN00082076,19821025,TMAX,272,,,a,
ASN00082076,19821026,TMAX,300,,,a,
ASN00082076,19821027,TMAX,272,,,a,
ASN00082076,19821028,TMAX,247,,,a,
ASN00082076,19821029,TMAX,256,,,a,
ASN00082076,19821030,TMAX,208,,,a,
ASN00082076,19821031,TMAX,194,,,a,
ASN00082076,19821001,TMIN,-15,,,a,
ASN00082076,19821002,TMIN,5,,,a,
ASN00082076,19821003,TMIN,2,,,a,
ASN00082076,19821004,TMIN,92,,,a,
ASN00082076,19821005,TMIN,72,,,a,
ASN00082076,19821006,TMIN,33,,,a,
ASN00082076,19821007,TMIN,45,,,a,
ASN00082076,19821008,TMIN,57,,,a,
ASN00082076,19821009,TMIN,85,,,a,
ASN00082076,19821010,TMIN,70,,,a,
ASN00082076,19821011,TMIN,28,,,a,
ASN00082076,19821012,TMIN,62,,,a,
ASN00082076,19821013,TMIN,57,,,a,
ASN00082076,19821014,TMIN,82,,,a,
ASN00082076,19821015,TMIN,65,,,a,
ASN00082076,19821016,TMIN,30,,,a,
ASN00082076,19821017,TMIN,28,,,a,
ASN00082076,19821018,TMIN,42,,,a,
ASN00082076,19821019,TMIN,14,,,a,
ASN00082076,19821020,TMIN,29,,,a,
ASN00082076,19821021,TMIN,72,,,a,
ASN00082076,19821022,TMIN,35,,,a,
ASN00082076,19821023,TMIN,35,,,a,
ASN00082076,19821024,TMIN,83,,,a,
ASN00082076,19821025,TMIN,48,,,a,
ASN00082076,19821026,TMIN,57,,,a,
ASN00082076,19821027,TMIN,82,,,a,
ASN00082076,19821028,TMIN,43,,,a,
ASN00082076,19821029,TMIN,22,,,a,
ASN00082076,19821030,TMIN,70,,,a,
ASN00082076,19821031,TMIN,48,,,a,
ASN00082076,19821001,PRCP,0,,,a,
ASN00082076,19821002,PRCP,0,,,a,
ASN00082076,19821003,PRCP,0,,,a,
ASN00082076,19821004,PRCP,14,,,a,
ASN00082076,19821005,PRCP,10,,,a,
ASN00082076,19821006,PRCP,0,,,a,
ASN00082076,19821007,PRCP,0,,,a,
ASN00082076,19821008,PRCP,0,,,a,
ASN00082076,19821009,PRCP,0,,,a,
ASN00082076,19821010,PRCP,0,,,a,
ASN00082076,19821011,PRCP,0,,,a,
ASN00082076,19821012,PRCP,0,,,a,
ASN00082076,19821013,PRCP,0,,,a,
ASN00082076,19821014,PRCP,0,,,a,
ASN00082076,19821015,PRCP,0,,,a,
ASN00082076,19821016,PRCP,0,,,a,
ASN00082076,19821017,PRCP,46,,,a,
ASN00082076,19821018,PRCP,0,,,a,
ASN00082076,19821019,PRCP,0,,,a,
ASN00082076,19821020,PRCP,6,,,a,
ASN00082076,19821021,PRCP,6,,,a,
ASN00082076,19821022,PRCP,10,,,a,
ASN00082076,19821023,PRCP,0,,,a,
ASN00082076,19821024,PRCP,0,,,a,
ASN00082076,19821025,PRCP,0,,,a,
ASN00082076,19821026,PRCP,0,,,a,
ASN00082076,19821027,PRCP,0,,,a,
ASN00082076,19821028,PRCP,0,,,a,
ASN00082076,19821029,PRCP,0,,,a,
ASN00082076,19821030,PRCP,0,,,a,
ASN00082076,19821031,PRCP,6,,,a,
ASN00082076,19821101,TMAX,225,,,a,
ASN00082076,19821102,TMAX,265,,,a,
ASN00082076,19821103,TMAX,275,,,a,
ASN00082076,19821104,TMAX,298,,,a,
ASN00082076,19821105,TMAX,323,,,a,
ASN00082076,19821106,TMAX,350,,,a,
ASN00082076,19821107,TMAX,307,,,a,
ASN00082076,19821108,TMAX,272,,,a,
ASN00082076,19821109,TMAX,253,,,a,
ASN00082076,19821110,TMAX,218,,,a,
ASN00082076,19821111,TMAX,270,,,a,
ASN00082076,19821112,TMAX,310,,,a,
ASN00082076,19821113,TMAX,312,,,a,
ASN00082076,19821114,TMAX,293,,,a,
ASN00082076,19821115,TMAX,298,,,a,
ASN00082076,19821116,TMAX,244,,,a,
ASN00082076,19821117,TMAX,217,,,a,
ASN00082076,19821118,TMAX,194,,,a,
ASN00082076,19821119,TMAX,253,,,a,
ASN00082076,19821120,TMAX,296,,,a,
ASN00082076,19821121,TMAX,313,,,a,
ASN00082076,19821122,TMAX,323,,,a,
ASN00082076,19821123,TMAX,353,,,a,
ASN00082076,19821124,TMAX,379,,,a,
ASN00082076,19821125,TMAX,288,,,a,
ASN00082076,19821126,TMAX,255,,,a,
ASN00082076,19821127,TMAX,272,,,a,
ASN00082076,19821128,TMAX,293,,,a,
ASN00082076,19821129,TMAX,307,,,a,
ASN00082076,19821130,TMAX,362,,,a,
ASN00082076,19821101,TMIN,78,,,a,
ASN00082076,19821102,TMIN,54,,,a,
ASN00082076,19821103,TMIN,66,,,a,
ASN00082076,19821104,TMIN,69,,,a,
ASN00082076,19821105,TMIN,68,,,a,
ASN00082076,19821106,TMIN,72,,,a,
ASN00082076,19821107,TMIN,80,,,a,
ASN00082076,19821108,TMIN,99,,,a,
ASN00082076,19821109,TMIN,54,,,a,
ASN00082076,19821110,TMIN,98,,,a,
ASN00082076,19821111,TMIN,97,,,a,
ASN00082076,19821112,TMIN,90,,,a,
ASN00082076,19821113,TMIN,85,,,a,
ASN00082076,19821114,TMIN,105,,,a,
ASN00082076,19821115,TMIN,159,,,a,
ASN00082076,19821116,TMIN,163,,,a,
ASN00082076,19821117,TMIN,56,,,a,
ASN00082076,19821118,TMIN,76,,,a,
ASN00082076,19821119,TMIN,20,,,a,
ASN00082076,19821120,TMIN,60,,,a,
ASN00082076,19821121,TMIN,115,,,a,
ASN00082076,19821122,TMIN,93,,,a,
ASN00082076,19821123,TMIN,102,,,a,
ASN00082076,19821124,TMIN,118,,,a,
ASN00082076,19821125,TMIN,128,,,a,
ASN00082076,19821126,TMIN,53,,,a,
ASN00082076,19821127,TMIN,70,,,a,
ASN00082076,19821128,TMIN,122,,,a,
ASN00082076,19821129,TMIN,124,,,a,
ASN00082076,19821130,TMIN,145,,,a,
ASN00082076,19821101,PRCP,0,,,a,
ASN00082076,19821102,PRCP,0,,,a,
ASN00082076,19821103,PRCP,0,,,a,
ASN00082076,19821104,PRCP,0,,,a,
ASN00082076,19821105,PRCP,0,,,a,
ASN00082076,19821106,PRCP,0,,,a,
ASN00082076,19821107,PRCP,0,,,a,
ASN00082076,19821108,PRCP,0,,,a,
ASN00082076,19821109,PRCP,0,,,a,
ASN00082076,19821110,PRCP,0,,,a,
ASN00082076,19821111,PRCP,0,,,a,
ASN00082076,19821112,PRCP,0,,,a,
ASN00082076,19821113,PRCP,0,,,a,
ASN00082076,19821114,PRCP,0,,,a,
ASN00082076,19821115,PRCP,0,,,a,
ASN00082076,19821116,PRCP,44,,,a,
ASN00082076,19821117,PRCP,10,,,a,
ASN00082076,19821118,PRCP,22,,,a,
ASN00082076,19821119,PRCP,0,,,a,
ASN00082076,19821120,PRCP,0,,,a,
ASN00082076,19821121,PRCP,0,,,a,
ASN00082076,19821122,PRCP,0,,,a,
ASN00082076,19821123,PRCP,0,,,a,
ASN00082076,19821124,PRCP,0,,,a,
ASN00082076,19821125,PRCP,0,,,a,
ASN00082076,19821126,PRCP,0,,,a,
ASN00082076,19821127,PRCP,0,,,a,
ASN00082076,19821128,PRCP,0,,,a,
ASN00082076,19821129,PRCP,0,,,a,
ASN00082076,19821130,PRCP,0,,,a,
ASN00082076,19821201,TMAX,263,,,a,
ASN00082076,19821202,TMAX,265,,,a,
ASN00082076,19821203,TMAX,282,,,a,
ASN00082076,19821204,TMAX,275,,,a,
ASN00082076,19821205,TMAX,276,,,a,
ASN00082076,19821206,TMAX,250,,,a,
ASN00082076,19821207,TMAX,237,,,a,
ASN00082076,19821208,TMAX,164,,,a,
ASN00082076,19821209,TMAX,202,,,a,
ASN00082076,19821210,TMAX,215,,,a,
ASN00082076,19821211,TMAX,272,,,a,
ASN00082076,19821212,TMAX,305,,,a,
ASN00082076,19821213,TMAX,323,,,a,
ASN00082076,19821214,TMAX,356,,,a,
ASN00082076,19821215,TMAX,328,,,a,
ASN00082076,19821216,TMAX,328,,,a,
ASN00082076,19821217,TMAX,355,,,a,
ASN00082076,19821218,TMAX,334,,,a,
ASN00082076,19821219,TMAX,303,,,a,
ASN00082076,19821220,TMAX,275,,,a,
ASN00082076,19821221,TMAX,292,,,a,
ASN00082076,19821222,TMAX,323,,,a,
ASN00082076,19821223,TMAX,342,,,a,
ASN00082076,19821224,TMAX,345,,,a,
ASN00082076,19821225,TMAX,305,,,a,
ASN00082076,19821226,TMAX,320,,,a,
ASN00082076,19821227,TMAX,292,,,a,
ASN00082076,19821228,TMAX,290,,,a,
ASN00082076,19821229,TMAX,305,,,a,
ASN00082076,19821230,TMAX,318,,,a,
ASN00082076,19821231,TMAX,350,,,a,
ASN00082076,19821201,TMIN,183,,,a,
ASN00082076,19821202,TMIN,105,,,a,
ASN00082076,19821203,TMIN,67,,,a,
ASN00082076,19821204,TMIN,110,,,a,
ASN00082076,19821205,TMIN,127,,,a,
ASN00082076,19821206,TMIN,88,,,a,
ASN00082076,19821207,TMIN,97,,,a,
ASN00082076,19821208,TMIN,83,,,a,
ASN00082076,19821209,TMIN,93,,,a,
ASN00082076,19821210,TMIN,113,,,a,
ASN00082076,19821211,TMIN,130,,,a,
ASN00082076,19821212,TMIN,110,,,a,
ASN00082076,19821213,TMIN,121,,,a,
ASN00082076,19821214,TMIN,131,,,a,
ASN00082076,19821215,TMIN,145,,,a,
ASN00082076,19821216,TMIN,107,,,a,
ASN00082076,19821217,TMIN,128,,,a,
ASN00082076,19821218,TMIN,140,,,a,
ASN00082076,19821219,TMIN,125,,,a,
ASN00082076,19821220,TMIN,121,,,a,
ASN00082076,19821221,TMIN,116,,,a,
ASN00082076,19821222,TMIN,107,,,a,
ASN00082076,19821223,TMIN,122,,,a,
ASN00082076,19821224,TMIN,153,,,a,
ASN00082076,19821225,TMIN,160,,,a,
ASN00082076,19821226,TMIN,140,,,a,
ASN00082076,19821227,TMIN,135,,,a,
ASN00082076,19821228,TMIN,142,,,a,
ASN00082076,19821229,TMIN,160,,,a,
ASN00082076,19821230,TMIN,188,,,a,
ASN00082076,19821231,TMIN,172,,,a,
ASN00082076,19821201,PRCP,8,,,a,
ASN00082076,19821202,PRCP,0,,,a,
ASN00082076,19821203,PRCP,0,,,a,
ASN00082076,19821204,PRCP,0,,,a,
ASN00082076,19821205,PRCP,0,,,a,
ASN00082076,19821206,PRCP,0,,,a,
ASN00082076,19821207,PRCP,0,,,a,
ASN00082076,19821208,PRCP,26,,,a,
ASN00082076,19821209,PRCP,124,,,a,
ASN00082076,19821210,PRCP,2,,,a,
ASN00082076,19821211,PRCP,0,,,a,
ASN00082076,19821212,PRCP,0,,,a,
ASN00082076,19821213,PRCP,0,,,a,
ASN00082076,19821214,PRCP,0,,,a,
ASN00082076,19821215,PRCP,0,,,a,
ASN00082076,19821216,PRCP,0,,,a,
ASN00082076,19821217,PRCP,0,,,a,
ASN00082076,19821218,PRCP,0,,,a,
ASN00082076,19821219,PRCP,0,,,a,
ASN00082076,19821220,PRCP,0,,,a,
ASN00082076,19821221,PRCP,0,,,a,
ASN00082076,19821222,PRCP,0,,,a,
ASN00082076,19821223,PRCP,0,,,a,
ASN00082076,19821224,PRCP,6,,,a,
ASN00082076,19821225,PRCP,0,,,a,
ASN00082076,19821226,PRCP,0,,,a,
ASN00082076,19821227,PRCP,0,,,a,
ASN00082076,19821228,PRCP,4,,,a,
ASN00082076,19821229,PRCP,0,,,a,
ASN00082076,19821230,PRCP,8,,,a,
ASN00082076,19821231,PRCP,4,,,a,
ASN00082076,19830101,TMAX,335,,,a,
ASN00082076,19830102,TMAX,255,,,a,
ASN00082076,19830103,TMAX,275,,,a,
ASN00082076,19830104,TMAX,293,,,a,
ASN00082076,19830105,TMAX,312,,,a,
ASN00082076,19830106,TMAX,298,,,a,
ASN00082076,19830107,TMAX,330,,,a,
ASN00082076,19830108,TMAX,355,,,a,
ASN00082076,19830109,TMAX,289,,,a,
ASN00082076,19830110,TMAX,206,,,a,
ASN00082076,19830111,TMAX,196,,,a,
ASN00082076,19830112,TMAX,216,,,a,
ASN00082076,19830113,TMAX,220,,,a,
ASN00082076,19830114,TMAX,238,,,a,
ASN00082076,19830115,TMAX,270,,,a,
ASN00082076,19830116,TMAX,278,,,a,
ASN00082076,19830117,TMAX,287,,,a,
ASN00082076,19830118,TMAX,265,,,a,
ASN00082076,19830119,TMAX,298,,,a,
ASN00082076,19830120,TMAX,328,,,a,
ASN00082076,19830121,TMAX,362,,,a,
ASN00082076,19830122,TMAX,363,,,a,
ASN00082076,19830123,TMAX,327,,,a,
ASN00082076,19830124,TMAX,335,,,a,
ASN00082076,19830125,TMAX,338,,,a,
ASN00082076,19830126,TMAX,316,,,a,
ASN00082076,19830127,TMAX,285,,,a,
ASN00082076,19830128,TMAX,330,,,a,
ASN00082076,19830129,TMAX,360,,,a,
ASN00082076,19830130,TMAX,378,,,a,
ASN00082076,19830131,TMAX,397,,,a,
ASN00082076,19830101,TMIN,175,,,a,
ASN00082076,19830102,TMIN,155,,,a,
ASN00082076,19830103,TMIN,118,,,a,
ASN00082076,19830104,TMIN,93,,,a,
ASN00082076,19830105,TMIN,81,,,a,
ASN00082076,19830106,TMIN,131,,,a,
ASN00082076,19830107,TMIN,150,,,a,
ASN00082076,19830108,TMIN,110,,,a,
ASN00082076,19830109,TMIN,185,,,a,
ASN00082076,19830110,TMIN,141,,,a,
ASN00082076,19830111,TMIN,103,,,a,
ASN00082076,19830112,TMIN,28,,,a,
ASN00082076,19830113,TMIN,60,,,a,
ASN00082076,19830114,TMIN,50,,,a,
ASN00082076,19830115,TMIN,65,,,a,
ASN00082076,19830116,TMIN,90,,,a,
ASN00082076,19830117,TMIN,81,,,a,
ASN00082076,19830118,TMIN,92,,,a,
ASN00082076,19830119,TMIN,111,,,a,
ASN00082076,19830120,TMIN,105,,,a,
ASN00082076,19830121,TMIN,131,,,a,
ASN00082076,19830122,TMIN,135,,,a,
ASN00082076,19830123,TMIN,153,,,a,
ASN00082076,19830124,TMIN,143,,,a,
ASN00082076,19830125,TMIN,128,,,a,
ASN00082076,19830126,TMIN,150,,,a,
ASN00082076,19830127,TMIN,132,,,a,
ASN00082076,19830128,TMIN,114,,,a,
ASN00082076,19830129,TMIN,120,,,a,
ASN00082076,19830130,TMIN,135,,,a,
ASN00082076,19830131,TMIN,150,,,a,
ASN00082076,19830101,PRCP,144,,,a,
ASN00082076,19830102,PRCP,136,,,a,
ASN00082076,19830103,PRCP,54,,,a,
ASN00082076,19830104,PRCP,0,,,a,
ASN00082076,19830105,PRCP,0,,,a,
ASN00082076,19830106,PRCP,0,,,a,
ASN00082076,19830107,PRCP,0,,,a,
ASN00082076,19830108,PRCP,0,,,a,
ASN00082076,19830109,PRCP,0,,,a,
ASN00082076,19830110,PRCP,0,,,a,
ASN00082076,19830111,PRCP,2,,,a,
ASN00082076,19830112,PRCP,4,,,a,
ASN00082076,19830113,PRCP,0,,,a,
ASN00082076,19830114,PRCP,0,,,a,
ASN00082076,19830115,PRCP,0,,,a,
ASN00082076,19830116,PRCP,0,,,a,
ASN00082076,19830117,PRCP,0,,,a,
ASN00082076,19830118,PRCP,0,,,a,
ASN00082076,19830119,PRCP,0,,,a,
ASN00082076,19830120,PRCP,0,,,a,
ASN00082076,19830121,PRCP,0,,,a,
ASN00082076,19830122,PRCP,0,,,a,
ASN00082076,19830123,PRCP,0,,,a,
ASN00082076,19830124,PRCP,0,,,a,
ASN00082076,19830125,PRCP,0,,,a,
ASN00082076,19830126,PRCP,0,,,a,
ASN00082076,19830127,PRCP,38,,,a,
ASN00082076,19830128,PRCP,0,,,a,
ASN00082076,19830129,PRCP,0,,,a,
ASN00082076,19830130,PRCP,0,,,a,
ASN00082076,19830131,PRCP,0,,,a,
ASN00082076,19830201,TMAX,388,,,a,
ASN00082076,19830202,TMAX,266,,,a,
ASN00082076,19830203,TMAX,335,,,a,
ASN00082076,19830204,TMAX,345,,,a,
ASN00082076,19830205,TMAX,355,,,a,
ASN00082076,19830206,TMAX,364,,,a,
ASN00082076,19830207,TMAX,388,,,a,
ASN00082076,19830208,TMAX,413,,,a,
ASN00082076,19830209,TMAX,367,,,a,
ASN00082076,19830210,TMAX,360,,,a,
ASN00082076,19830211,TMAX,320,,,a,
ASN00082076,19830212,TMAX,260,,,a,
ASN00082076,19830213,TMAX,322,,,a,
ASN00082076,19830214,TMAX,340,,,a,
ASN00082076,19830215,TMAX,364,,,a,
ASN00082076,19830216,TMAX,393,,,a,
ASN00082076,19830217,TMAX,278,,,a,
ASN00082076,19830218,TMAX,310,,,a,
ASN00082076,19830219,TMAX,327,,,a,
ASN00082076,19830220,TMAX,323,,,a,
ASN00082076,19830221,TMAX,302,,,a,
ASN00082076,19830222,TMAX,278,,,a,
ASN00082076,19830223,TMAX,305,,,a,
ASN00082076,19830224,TMAX,337,,,a,
ASN00082076,19830225,TMAX,350,,,a,
ASN00082076,19830226,TMAX,352,,,a,
ASN00082076,19830227,TMAX,362,,,a,
ASN00082076,19830228,TMAX,352,,,a,
ASN00082076,19830201,TMIN,183,,,a,
ASN00082076,19830202,TMIN,210,,,a,
ASN00082076,19830203,TMIN,137,,,a,
ASN00082076,19830204,TMIN,165,,,a,
ASN00082076,19830205,TMIN,168,,,a,
ASN00082076,19830206,TMIN,163,,,a,
ASN00082076,19830207,TMIN,162,,,a,
ASN00082076,19830208,TMIN,158,,,a,
ASN00082076,19830209,TMIN,172,,,a,
ASN00082076,19830210,TMIN,193,,,a,
ASN00082076,19830211,TMIN,149,,,a,
ASN00082076,19830212,TMIN,145,,,a,
ASN00082076,19830213,TMIN,140,,,a,
ASN00082076,19830214,TMIN,139,,,a,
ASN00082076,19830215,TMIN,151,,,a,
ASN00082076,19830216,TMIN,162,,,a,
ASN00082076,19830218,TMIN,131,,,a,
ASN00082076,19830219,TMIN,133,,,a,
ASN00082076,19830220,TMIN,115,,,a,
ASN00082076,19830221,TMIN,118,,,a,
ASN00082076,19830222,TMIN,136,,,a,
ASN00082076,19830223,TMIN,137,,,a,
ASN00082076,19830224,TMIN,145,,,a,
ASN00082076,19830225,TMIN,143,,,a,
ASN00082076,19830226,TMIN,130,,,a,
ASN00082076,19830227,TMIN,145,,,a,
ASN00082076,19830228,TMIN,157,,,a,
ASN00082076,19830201,PRCP,0,,,a,
ASN00082076,19830202,PRCP,0,,,a,
ASN00082076,19830203,PRCP,8,,,a,
ASN00082076,19830204,PRCP,0,,,a,
ASN00082076,19830205,PRCP,0,,,a,
ASN00082076,19830206,PRCP,0,,,a,
ASN00082076,19830207,PRCP,0,,,a,
ASN00082076,19830208,PRCP,0,,,a,
ASN00082076,19830209,PRCP,0,,,a,
ASN00082076,19830210,PRCP,4,,,a,
ASN00082076,19830211,PRCP,4,,,a,
ASN00082076,19830212,PRCP,50,,,a,
ASN00082076,19830213,PRCP,0,,,a,
ASN00082076,19830214,PRCP,0,,,a,
ASN00082076,19830215,PRCP,0,,,a,
ASN00082076,19830216,PRCP,0,,,a,
ASN00082076,19830217,PRCP,0,,,a,
ASN00082076,19830218,PRCP,0,,,a,
ASN00082076,19830219,PRCP,0,,,a,
ASN00082076,19830220,PRCP,0,,,a,
ASN00082076,19830221,PRCP,0,,,a,
ASN00082076,19830222,PRCP,40,,,a,
ASN00082076,19830223,PRCP,32,,,a,
ASN00082076,19830224,PRCP,2,,,a,
ASN00082076,19830225,PRCP,0,,,a,
ASN00082076,19830226,PRCP,0,,,a,
ASN00082076,19830227,PRCP,0,,,a,
ASN00082076,19830228,PRCP,0,,,a,
ASN00082076,19830301,TMAX,380,,,a,
ASN00082076,19830302,TMAX,362,,,a,
ASN00082076,19830303,TMAX,388,,,a,
ASN00082076,19830304,TMAX,360,,,a,
ASN00082076,19830305,TMAX,347,,,a,
ASN00082076,19830306,TMAX,377,,,a,
ASN00082076,19830307,TMAX,375,,,a,
ASN00082076,19830308,TMAX,390,,,a,
ASN00082076,19830309,TMAX,301,,,a,
ASN00082076,19830310,TMAX,301,,,a,
ASN00082076,19830311,TMAX,306,,,a,
ASN00082076,19830312,TMAX,325,,,a,
ASN00082076,19830313,TMAX,285,,,a,
ASN00082076,19830314,TMAX,299,,,a,
ASN00082076,19830315,TMAX,223,,,a,
ASN00082076,19830316,TMAX,282,,,a,
ASN00082076,19830317,TMAX,301,,,a,
ASN00082076,19830318,TMAX,302,,,a,
ASN00082076,19830319,TMAX,323,,,a,
ASN00082076,19830320,TMAX,279,,,a,
ASN00082076,19830321,TMAX,207,,,a,
ASN00082076,19830322,TMAX,181,,,a,
ASN00082076,19830323,TMAX,144,,,a,
ASN00082076,19830324,TMAX,172,,,a,
ASN00082076,19830325,TMAX,205,,,a,
ASN00082076,19830326,TMAX,230,,,a,
ASN00082076,19830327,TMAX,236,,,a,
ASN00082076,19830328,TMAX,236,,,a,
ASN00082076,19830329,TMAX,233,,,a,
ASN00082076,19830330,TMAX,253,,,a,
ASN00082076,19830331,TMAX,238,,,a,
ASN00082076,19830301,TMIN,187,,,a,
ASN00082076,19830302,TMIN,176,,,a,
ASN00082076,19830303,TMIN,178,,,a,
ASN00082076,19830304,TMIN,183,,,a,
ASN00082076,19830305,TMIN,185,,,a,
ASN00082076,19830306,TMIN,176,,,a,
ASN00082076,19830307,TMIN,174,,,a,
ASN00082076,19830308,TMIN,181,,,a,
ASN00082076,19830309,TMIN,227,,,a,
ASN00082076,19830310,TMIN,143,,,a,
ASN00082076,19830311,TMIN,87,,,a,
ASN00082076,19830312,TMIN,115,,,a,
ASN00082076,19830313,TMIN,173,,,a,
ASN00082076,19830314,TMIN,168,,,a,
ASN00082076,19830315,TMIN,160,,,a,
ASN00082076,19830316,TMIN,143,,,a,
ASN00082076,19830317,TMIN,122,,,a,
ASN00082076,19830318,TMIN,112,,,a,
ASN00082076,19830319,TMIN,105,,,a,
ASN00082076,19830320,TMIN,175,,,a,
ASN00082076,19830321,TMIN,172,,,a,
ASN00082076,19830322,TMIN,154,,,a,
ASN00082076,19830323,TMIN,128,,,a,
ASN00082076,19830324,TMIN,120,,,a,
ASN00082076,19830325,TMIN,88,,,a,
ASN00082076,19830326,TMIN,65,,,a,
ASN00082076,19830327,TMIN,75,,,a,
ASN00082076,19830328,TMIN,72,,,a,
ASN00082076,19830329,TMIN,54,,,a,
ASN00082076,19830330,TMIN,79,,,a,
ASN00082076,19830331,TMIN,93,,,a,
ASN00082076,19830301,PRCP,0,,,a,
ASN00082076,19830302,PRCP,0,,,a,
ASN00082076,19830303,PRCP,0,,,a,
ASN00082076,19830304,PRCP,0,,,a,
ASN00082076,19830305,PRCP,0,,,a,
ASN00082076,19830306,PRCP,0,,,a,
ASN00082076,19830307,PRCP,0,,,a,
ASN00082076,19830308,PRCP,0,,,a,
ASN00082076,19830309,PRCP,0,,,a,
ASN00082076,19830310,PRCP,0,,,a,
ASN00082076,19830311,PRCP,0,,,a,
ASN00082076,19830312,PRCP,0,,,a,
ASN00082076,19830313,PRCP,0,,,a,
ASN00082076,19830314,PRCP,0,,,a,
ASN00082076,19830315,PRCP,16,,,a,
ASN00082076,19830316,PRCP,2,,,a,
ASN00082076,19830317,PRCP,0,,,a,
ASN00082076,19830318,PRCP,0,,,a,
ASN00082076,19830319,PRCP,0,,,a,
ASN00082076,19830320,PRCP,0,,,a,
ASN00082076,19830321,PRCP,12,,,a,
ASN00082076,19830322,PRCP,238,,,a,
ASN00082076,19830323,PRCP,246,,,a,
ASN00082076,19830324,PRCP,184,,,a,
ASN00082076,19830325,PRCP,2,,,a,
ASN00082076,19830326,PRCP,0,,,a,
ASN00082076,19830327,PRCP,0,,,a,
ASN00082076,19830328,PRCP,0,,,a,
ASN00082076,19830329,PRCP,0,,,a,
ASN00082076,19830330,PRCP,0,,,a,
ASN00082076,19830331,PRCP,0,,,a,
ASN00082076,19830401,TMAX,175,,,a,
ASN00082076,19830402,TMAX,222,,,a,
ASN00082076,19830403,TMAX,220,,,a,
ASN00082076,19830404,TMAX,150,,,a,
ASN00082076,19830405,TMAX,140,,,a,
ASN00082076,19830406,TMAX,125,,,a,
ASN00082076,19830407,TMAX,168,,,a,
ASN00082076,19830408,TMAX,204,,,a,
ASN00082076,19830409,TMAX,224,,,a,
ASN00082076,19830410,TMAX,217,,,a,
ASN00082076,19830411,TMAX,192,,,a,
ASN00082076,19830412,TMAX,186,,,a,
ASN00082076,19830413,TMAX,173,,,a,
ASN00082076,19830414,TMAX,183,,,a,
ASN00082076,19830415,TMAX,130,,,a,
ASN00082076,19830416,TMAX,142,,,a,
ASN00082076,19830417,TMAX,162,,,a,
ASN00082076,19830418,TMAX,189,,,a,
ASN00082076,19830419,TMAX,208,,,a,
ASN00082076,19830420,TMAX,216,,,a,
ASN00082076,19830421,TMAX,226,,,a,
ASN00082076,19830422,TMAX,200,,,a,
ASN00082076,19830423,TMAX,167,,,a,
ASN00082076,19830424,TMAX,210,,,a,
ASN00082076,19830425,TMAX,131,,,a,
ASN00082076,19830426,TMAX,177,,,a,
ASN00082076,19830427,TMAX,197,,,a,
ASN00082076,19830428,TMAX,212,,,a,
ASN00082076,19830429,TMAX,200,,,a,
ASN00082076,19830430,TMAX,160,,,a,
ASN00082076,19830401,TMIN,123,,,a,
ASN00082076,19830402,TMIN,125,,,a,
ASN00082076,19830403,TMIN,65,,,a,
ASN00082076,19830404,TMIN,95,,,a,
ASN00082076,19830405,TMIN,100,,,a,
ASN00082076,19830406,TMIN,40,,,a,
ASN00082076,19830407,TMIN,12,,,a,
ASN00082076,19830408,TMIN,28,,,a,
ASN00082076,19830409,TMIN,43,,,a,
ASN00082076,19830410,TMIN,64,,,a,
ASN00082076,19830411,TMIN,132,,,a,
ASN00082076,19830412,TMIN,112,,,a,
ASN00082076,19830413,TMIN,73,,,a,
ASN00082076,19830414,TMIN,46,,,a,
ASN00082076,19830415,TMIN,74,,,a,
ASN00082076,19830416,TMIN,70,,,a,
ASN00082076,19830417,TMIN,90,,,a,
ASN00082076,19830418,TMIN,39,,,a,
ASN00082076,19830419,TMIN,42,,,a,
ASN00082076,19830420,TMIN,37,,,a,
ASN00082076,19830421,TMIN,43,,,a,
ASN00082076,19830422,TMIN,57,,,a,
ASN00082076,19830423,TMIN,92,,,a,
ASN00082076,19830424,TMIN,126,,,a,
ASN00082076,19830425,TMIN,84,,,a,
ASN00082076,19830426,TMIN,78,,,a,
ASN00082076,19830427,TMIN,52,,,a,
ASN00082076,19830428,TMIN,52,,,a,
ASN00082076,19830429,TMIN,61,,,a,
ASN00082076,19830430,TMIN,80,,,a,
ASN00082076,19830401,PRCP,0,,,a,
ASN00082076,19830402,PRCP,22,,,a,
ASN00082076,19830403,PRCP,0,,,a,
ASN00082076,19830404,PRCP,140,,,a,
ASN00082076,19830405,PRCP,180,,,a,
ASN00082076,19830406,PRCP,80,,,a,
ASN00082076,19830407,PRCP,0,,,a,
ASN00082076,19830408,PRCP,0,,,a,
ASN00082076,19830409,PRCP,0,,,a,
ASN00082076,19830410,PRCP,0,,,a,
ASN00082076,19830411,PRCP,364,,,a,
ASN00082076,19830412,PRCP,48,,,a,
ASN00082076,19830413,PRCP,2,,,a,
ASN00082076,19830414,PRCP,0,,,a,
ASN00082076,19830415,PRCP,0,,,a,
ASN00082076,19830416,PRCP,0,,,a,
ASN00082076,19830417,PRCP,0,,,a,
ASN00082076,19830418,PRCP,0,,,a,
ASN00082076,19830419,PRCP,0,,,a,
ASN00082076,19830420,PRCP,0,,,a,
ASN00082076,19830421,PRCP,0,,,a,
ASN00082076,19830422,PRCP,0,,,a,
ASN00082076,19830423,PRCP,102,,,a,
ASN00082076,19830424,PRCP,2,,,a,
ASN00082076,19830425,PRCP,120,,,a,
ASN00082076,19830426,PRCP,38,,,a,
ASN00082076,19830427,PRCP,0,,,a,
ASN00082076,19830428,PRCP,0,,,a,
ASN00082076,19830429,PRCP,0,,,a,
ASN00082076,19830430,PRCP,0,,,a,
ASN00082076,19830501,TMAX,216,,,a,
ASN00082076,19830502,TMAX,176,,,a,
ASN00082076,19830503,TMAX,170,,,a,
ASN00082076,19830504,TMAX,136,,,a,
ASN00082076,19830505,TMAX,164,,,a,
ASN00082076,19830506,TMAX,184,,,a,
ASN00082076,19830507,TMAX,157,,,a,
ASN00082076,19830508,TMAX,174,,,a,
ASN00082076,19830509,TMAX,191,,,a,
ASN00082076,19830510,TMAX,171,,,a,
ASN00082076,19830511,TMAX,188,,,a,
ASN00082076,19830512,TMAX,187,,,a,
ASN00082076,19830513,TMAX,175,,,a,
ASN00082076,19830514,TMAX,162,,,a,
ASN00082076,19830515,TMAX,132,,,a,
ASN00082076,19830516,TMAX,132,,,a,
ASN00082076,19830517,TMAX,152,,,a,
ASN00082076,19830518,TMAX,150,,,a,
ASN00082076,19830519,TMAX,137,,,a,
ASN00082076,19830520,TMAX,173,,,a,
ASN00082076,19830521,TMAX,178,,,a,
ASN00082076,19830522,TMAX,132,,,a,
ASN00082076,19830523,TMAX,152,,,a,
ASN00082076,19830524,TMAX,165,,,a,
ASN00082076,19830525,TMAX,152,,,a,
ASN00082076,19830526,TMAX,137,,,a,
ASN00082076,19830527,TMAX,143,,,a,
ASN00082076,19830528,TMAX,147,,,a,
ASN00082076,19830529,TMAX,112,,,a,
ASN00082076,19830530,TMAX,119,,,a,
ASN00082076,19830531,TMAX,136,,,a,
ASN00082076,19830501,TMIN,135,,,a,
ASN00082076,19830502,TMIN,97,,,a,
ASN00082076,19830503,TMIN,115,,,a,
ASN00082076,19830504,TMIN,111,,,a,
ASN00082076,19830505,TMIN,69,,,a,
ASN00082076,19830506,TMIN,73,,,a,
ASN00082076,19830507,TMIN,55,,,a,
ASN00082076,19830508,TMIN,80,,,a,
ASN00082076,19830509,TMIN,83,,,a,
ASN00082076,19830510,TMIN,72,,,a,
ASN00082076,19830511,TMIN,55,,,a,
ASN00082076,19830512,TMIN,28,,,a,
ASN00082076,19830513,TMIN,31,,,a,
ASN00082076,19830514,TMIN,55,,,a,
ASN00082076,19830515,TMIN,85,,,a,
ASN00082076,19830516,TMIN,31,,,a,
ASN00082076,19830517,TMIN,-4,,,a,
ASN00082076,19830518,TMIN,-1,,,a,
ASN00082076,19830519,TMIN,14,,,a,
ASN00082076,19830520,TMIN,18,,,a,
ASN00082076,19830521,TMIN,31,,,a,
ASN00082076,19830522,TMIN,50,,,a,
ASN00082076,19830523,TMIN,79,,,a,
ASN00082076,19830524,TMIN,114,,,a,
ASN00082076,19830525,TMIN,117,,,a,
ASN00082076,19830526,TMIN,96,,,a,
ASN00082076,19830527,TMIN,94,,,a,
ASN00082076,19830528,TMIN,96,,,a,
ASN00082076,19830529,TMIN,84,,,a,
ASN00082076,19830530,TMIN,58,,,a,
ASN00082076,19830531,TMIN,62,,,a,
ASN00082076,19830501,PRCP,12,,,a,
ASN00082076,19830502,PRCP,86,,,a,
ASN00082076,19830503,PRCP,260,,,a,
ASN00082076,19830504,PRCP,60,,,a,
ASN00082076,19830505,PRCP,26,,,a,
ASN00082076,19830506,PRCP,0,,,a,
ASN00082076,19830507,PRCP,0,,,a,
ASN00082076,19830508,PRCP,2,,,a,
ASN00082076,19830509,PRCP,0,,,a,
ASN00082076,19830510,PRCP,0,,,a,
ASN00082076,19830511,PRCP,0,,,a,
ASN00082076,19830512,PRCP,0,,,a,
ASN00082076,19830513,PRCP,0,,,a,
ASN00082076,19830514,PRCP,0,,,a,
ASN00082076,19830515,PRCP,390,,,a,
ASN00082076,19830516,PRCP,140,,,a,
ASN00082076,19830517,PRCP,0,,,a,
ASN00082076,19830518,PRCP,0,,,a,
ASN00082076,19830519,PRCP,0,,,a,
ASN00082076,19830520,PRCP,0,,,a,
ASN00082076,19830521,PRCP,0,,,a,
ASN00082076,19830522,PRCP,2,,,a,
ASN00082076,19830523,PRCP,40,,,a,
ASN00082076,19830524,PRCP,30,,,a,
ASN00082076,19830525,PRCP,84,,,a,
ASN00082076,19830526,PRCP,4,,,a,
ASN00082076,19830527,PRCP,16,,,a,
ASN00082076,19830528,PRCP,186,,,a,
ASN00082076,19830529,PRCP,56,,,a,
ASN00082076,19830530,PRCP,192,,,a,
ASN00082076,19830531,PRCP,4,,,a,
ASN00082076,19830601,TMAX,117,,,a,
ASN00082076,19830602,TMAX,155,,,a,
ASN00082076,19830603,TMAX,134,,,a,
ASN00082076,19830604,TMAX,137,,,a,
ASN00082076,19830605,TMAX,163,,,a,
ASN00082076,19830606,TMAX,121,,,a,
ASN00082076,19830607,TMAX,119,,,a,
ASN00082076,19830608,TMAX,64,,,a,
ASN00082076,19830609,TMAX,82,,,a,
ASN00082076,19830610,TMAX,71,,,a,
ASN00082076,19830611,TMAX,91,,,a,
ASN00082076,19830612,TMAX,95,,,a,
ASN00082076,19830613,TMAX,125,,,a,
ASN00082076,19830614,TMAX,113,,,a,
ASN00082076,19830615,TMAX,128,,,a,
ASN00082076,19830616,TMAX,127,,,a,
ASN00082076,19830617,TMAX,102,,,a,
ASN00082076,19830618,TMAX,97,,,a,
ASN00082076,19830619,TMAX,114,,,a,
ASN00082076,19830620,TMAX,133,,,a,
ASN00082076,19830621,TMAX,157,,,a,
ASN00082076,19830622,TMAX,131,,,a,
ASN00082076,19830623,TMAX,89,,,a,
ASN00082076,19830624,TMAX,77,,,a,
ASN00082076,19830625,TMAX,61,,,a,
ASN00082076,19830626,TMAX,62,,,a,
ASN00082076,19830627,TMAX,62,,,a,
ASN00082076,19830628,TMAX,47,,,a,
ASN00082076,19830629,TMAX,71,,,a,
ASN00082076,19830630,TMAX,112,,,a,
ASN00082076,19830601,TMIN,58,,,a,
ASN00082076,19830602,TMIN,38,,,a,
ASN00082076,19830603,TMIN,35,,,a,
ASN00082076,19830604,TMIN,50,,,a,
ASN00082076,19830605,TMIN,18,,,a,
ASN00082076,19830606,TMIN,15,,,a,
ASN00082076,19830607,TMIN,25,,,a,
ASN00082076,19830608,TMIN,31,,,a,
ASN00082076,19830609,TMIN,43,,,a,
ASN00082076,19830610,TMIN,54,,,a,
ASN00082076,19830611,TMIN,27,,,a,
ASN00082076,19830612,TMIN,27,,,a,
ASN00082076,19830613,TMIN,70,,,a,
ASN00082076,19830614,TMIN,36,,,a,
ASN00082076,19830615,TMIN,17,,,a,
ASN00082076,19830616,TMIN,0,,,a,
ASN00082076,19830617,TMIN,-7,,,a,
ASN00082076,19830618,TMIN,4,,,a,
ASN00082076,19830619,TMIN,37,,,a,
ASN00082076,19830620,TMIN,77,,,a,
ASN00082076,19830621,TMIN,85,,,a,
ASN00082076,19830622,TMIN,65,,,a,
ASN00082076,19830623,TMIN,67,,,a,
ASN00082076,19830624,TMIN,56,,,a,
ASN00082076,19830625,TMIN,55,,,a,
ASN00082076,19830626,TMIN,13,,,a,
ASN00082076,19830627,TMIN,26,,,a,
ASN00082076,19830628,TMIN,37,,,a,
ASN00082076,19830629,TMIN,28,,,a,
ASN00082076,19830630,TMIN,38,,,a,
ASN00082076,19830601,PRCP,0,,,a,
ASN00082076,19830602,PRCP,2,,,a,
ASN00082076,19830603,PRCP,0,,,a,
ASN00082076,19830604,PRCP,0,,,a,
ASN00082076,19830605,PRCP,0,,,a,
ASN00082076,19830606,PRCP,0,,,a,
ASN00082076,19830607,PRCP,0,,,a,
ASN00082076,19830608,PRCP,142,,,a,
ASN00082076,19830609,PRCP,46,,,a,
ASN00082076,19830610,PRCP,38,,,a,
ASN00082076,19830611,PRCP,164,,,a,
ASN00082076,19830612,PRCP,0,,,a,
ASN00082076,19830613,PRCP,14,,,a,
ASN00082076,19830614,PRCP,0,,,a,
ASN00082076,19830615,PRCP,0,,,a,
ASN00082076,19830616,PRCP,0,,,a,
ASN00082076,19830617,PRCP,0,,,a,
ASN00082076,19830618,PRCP,0,,,a,
ASN00082076,19830619,PRCP,10,,,a,
ASN00082076,19830620,PRCP,12,,,a,
ASN00082076,19830621,PRCP,50,,,a,
ASN00082076,19830622,PRCP,0,,,a,
ASN00082076,19830623,PRCP,0,,,a,
ASN00082076,19830624,PRCP,0,,,a,
ASN00082076,19830625,PRCP,4,,,a,
ASN00082076,19830626,PRCP,78,,,a,
ASN00082076,19830627,PRCP,10,,,a,
ASN00082076,19830628,PRCP,2,,,a,
ASN00082076,19830629,PRCP,44,,,a,
ASN00082076,19830630,PRCP,152,,,a,
ASN00082076,19830701,TMAX,123,,,a,
ASN00082076,19830702,TMAX,129,,,a,
ASN00082076,19830703,TMAX,150,,,a,
ASN00082076,19830704,TMAX,133,,,a,
ASN00082076,19830705,TMAX,96,,,a,
ASN00082076,19830706,TMAX,97,,,a,
ASN00082076,19830707,TMAX,97,,,a,
ASN00082076,19830708,TMAX,95,,,a,
ASN00082076,19830709,TMAX,115,,,a,
ASN00082076,19830710,TMAX,110,,,a,
ASN00082076,19830711,TMAX,102,,,a,
ASN00082076,19830712,TMAX,64,,,a,
ASN00082076,19830713,TMAX,112,,,a,
ASN00082076,19830714,TMAX,104,,,a,
ASN00082076,19830715,TMAX,121,,,a,
ASN00082076,19830716,TMAX,121,,,a,
ASN00082076,19830717,TMAX,121,,,a,
ASN00082076,19830718,TMAX,89,,,a,
ASN00082076,19830719,TMAX,87,,,a,
ASN00082076,19830720,TMAX,100,,,a,
ASN00082076,19830721,TMAX,103,,,a,
ASN00082076,19830722,TMAX,95,,,a,
ASN00082076,19830723,TMAX,132,,,a,
ASN00082076,19830724,TMAX,117,,,a,
ASN00082076,19830725,TMAX,115,,,a,
ASN00082076,19830726,TMAX,141,,,a,
ASN00082076,19830727,TMAX,118,,,a,
ASN00082076,19830728,TMAX,127,,,a,
ASN00082076,19830729,TMAX,123,,,a,
ASN00082076,19830730,TMAX,115,,,a,
ASN00082076,19830731,TMAX,113,,,a,
ASN00082076,19830701,TMIN,38,,,a,
ASN00082076,19830702,TMIN,76,,,a,
ASN00082076,19830703,TMIN,63,,,a,
ASN00082076,19830704,TMIN,47,,,a,
ASN00082076,19830705,TMIN,34,,,a,
ASN00082076,19830706,TMIN,59,,,a,
ASN00082076,19830707,TMIN,27,,,a,
ASN00082076,19830708,TMIN,5,,,a,
ASN00082076,19830709,TMIN,-25,,,a,
ASN00082076,19830710,TMIN,-30,,,a,
ASN00082076,19830711,TMIN,-35,,,a,
ASN00082076,19830712,TMIN,-25,,,a,
ASN00082076,19830713,TMIN,35,,,a,
ASN00082076,19830714,TMIN,17,,,a,
ASN00082076,19830715,TMIN,3,,,a,
ASN00082076,19830716,TMIN,-6,,,a,
ASN00082076,19830717,TMIN,12,,,a,
ASN00082076,19830718,TMIN,4,,,a,
ASN00082076,19830719,TMIN,35,,,a,
ASN00082076,19830720,TMIN,32,,,a,
ASN00082076,19830721,TMIN,-15,,,a,
ASN00082076,19830722,TMIN,15,,,a,
ASN00082076,19830723,TMIN,20,,,a,
ASN00082076,19830724,TMIN,18,,,a,
ASN00082076,19830725,TMIN,-18,,,a,
ASN00082076,19830726,TMIN,7,,,a,
ASN00082076,19830727,TMIN,32,,,a,
ASN00082076,19830728,TMIN,51,,,a,
ASN00082076,19830729,TMIN,37,,,a,
ASN00082076,19830730,TMIN,66,,,a,
ASN00082076,19830731,TMIN,74,,,a,
ASN00082076,19830701,PRCP,40,,,a,
ASN00082076,19830702,PRCP,134,,,a,
ASN00082076,19830703,PRCP,6,,,a,
ASN00082076,19830704,PRCP,0,,,a,
ASN00082076,19830705,PRCP,0,,,a,
ASN00082076,19830706,PRCP,24,,,a,
ASN00082076,19830707,PRCP,86,,,a,
ASN00082076,19830708,PRCP,0,,,a,
ASN00082076,19830709,PRCP,0,,,a,
ASN00082076,19830710,PRCP,0,,,a,
ASN00082076,19830711,PRCP,0,,,a,
ASN00082076,19830712,PRCP,8,,,a,
ASN00082076,19830713,PRCP,20,,,a,
ASN00082076,19830714,PRCP,0,,,a,
ASN00082076,19830715,PRCP,6,,,a,
ASN00082076,19830716,PRCP,0,,,a,
ASN00082076,19830717,PRCP,0,,,a,
ASN00082076,19830718,PRCP,0,,,a,
ASN00082076,19830719,PRCP,0,,,a,
ASN00082076,19830720,PRCP,108,,,a,
ASN00082076,19830721,PRCP,0,,,a,
ASN00082076,19830722,PRCP,2,,,a,
ASN00082076,19830723,PRCP,6,,,a,
ASN00082076,19830724,PRCP,0,,,a,
ASN00082076,19830725,PRCP,0,,,a,
ASN00082076,19830726,PRCP,0,,,a,
ASN00082076,19830727,PRCP,0,,,a,
ASN00082076,19830728,PRCP,242,,,a,
ASN00082076,19830729,PRCP,46,,,a,
ASN00082076,19830730,PRCP,180,,,a,
ASN00082076,19830731,PRCP,40,,,a,
ASN00082076,19830801,TMAX,153,,,a,
ASN00082076,19830802,TMAX,127,,,a,
ASN00082076,19830803,TMAX,99,,,a,
ASN00082076,19830804,TMAX,123,,,a,
ASN00082076,19830805,TMAX,135,,,a,
ASN00082076,19830806,TMAX,115,,,a,
ASN00082076,19830807,TMAX,141,,,a,
ASN00082076,19830808,TMAX,136,,,a,
ASN00082076,19830809,TMAX,108,,,a,
ASN00082076,19830810,TMAX,133,,,a,
ASN00082076,19830811,TMAX,143,,,a,
ASN00082076,19830812,TMAX,170,,,a,
ASN00082076,19830813,TMAX,171,,,a,
ASN00082076,19830814,TMAX,182,,,a,
ASN00082076,19830815,TMAX,170,,,a,
ASN00082076,19830816,TMAX,172,,,a,
ASN00082076,19830817,TMAX,134,,,a,
ASN00082076,19830818,TMAX,129,,,a,
ASN00082076,19830819,TMAX,114,,,a,
ASN00082076,19830820,TMAX,87,,,a,
ASN00082076,19830821,TMAX,95,,,a,
ASN00082076,19830822,TMAX,108,,,a,
ASN00082076,19830823,TMAX,149,,,a,
ASN00082076,19830824,TMAX,190,,,a,
ASN00082076,19830825,TMAX,140,,,a,
ASN00082076,19830826,TMAX,118,,,a,
ASN00082076,19830827,TMAX,125,,,a,
ASN00082076,19830828,TMAX,133,,,a,
ASN00082076,19830829,TMAX,127,,,a,
ASN00082076,19830830,TMAX,98,,,a,
ASN00082076,19830831,TMAX,138,,,a,
ASN00082076,19830801,TMIN,70,,,a,
ASN00082076,19830802,TMIN,59,,,a,
ASN00082076,19830803,TMIN,32,,,a,
ASN00082076,19830804,TMIN,-17,,,a,
ASN00082076,19830805,TMIN,-10,,,a,
ASN00082076,19830806,TMIN,-10,,,a,
ASN00082076,19830807,TMIN,15,,,a,
ASN00082076,19830808,TMIN,62,,,a,
ASN00082076,19830809,TMIN,70,,,a,
ASN00082076,19830810,TMIN,72,,,a,
ASN00082076,19830811,TMIN,54,,,a,
ASN00082076,19830812,TMIN,25,,,a,
ASN00082076,19830813,TMIN,25,,,a,
ASN00082076,19830814,TMIN,36,,,a,
ASN00082076,19830815,TMIN,47,,,a,
ASN00082076,19830816,TMIN,49,,,a,
ASN00082076,19830817,TMIN,59,,,a,
ASN00082076,19830818,TMIN,17,,,a,
ASN00082076,19830819,TMIN,-11,,,a,
ASN00082076,19830820,TMIN,-5,,,a,
ASN00082076,19830821,TMIN,20,,,a,
ASN00082076,19830822,TMIN,45,,,a,
ASN00082076,19830823,TMIN,52,,,a,
ASN00082076,19830824,TMIN,18,,,a,
ASN00082076,19830825,TMIN,46,,,a,
ASN00082076,19830826,TMIN,77,,,a,
ASN00082076,19830827,TMIN,60,,,a,
ASN00082076,19830828,TMIN,8,,,a,
ASN00082076,19830829,TMIN,27,,,a,
ASN00082076,19830830,TMIN,18,,,a,
ASN00082076,19830831,TMIN,46,,,a,
ASN00082076,19830801,PRCP,50,,,a,
ASN00082076,19830802,PRCP,0,,,a,
ASN00082076,19830803,PRCP,2,,,a,
ASN00082076,19830804,PRCP,0,,,a,
ASN00082076,19830805,PRCP,0,,,a,
ASN00082076,19830806,PRCP,0,,,a,
ASN00082076,19830807,PRCP,0,,,a,
ASN00082076,19830808,PRCP,4,,,a,
ASN00082076,19830809,PRCP,106,,,a,
ASN00082076,19830810,PRCP,4,,,a,
ASN00082076,19830811,PRCP,4,,,a,
ASN00082076,19830812,PRCP,0,,,a,
ASN00082076,19830813,PRCP,0,,,a,
ASN00082076,19830814,PRCP,2,,,a,
ASN00082076,19830815,PRCP,0,,,a,
ASN00082076,19830816,PRCP,0,,,a,
ASN00082076,19830817,PRCP,56,,,a,
ASN00082076,19830818,PRCP,108,,,a,
ASN00082076,19830819,PRCP,0,,,a,
ASN00082076,19830820,PRCP,0,,,a,
ASN00082076,19830821,PRCP,4,,,a,
ASN00082076,19830822,PRCP,18,,,a,
ASN00082076,19830823,PRCP,6,,,a,
ASN00082076,19830824,PRCP,0,,,a,
ASN00082076,19830825,PRCP,0,,,a,
ASN00082076,19830826,PRCP,916,,,a,
ASN00082076,19830827,PRCP,326,,,a,
ASN00082076,19830828,PRCP,30,,,a,
ASN00082076,19830829,PRCP,0,,,a,
ASN00082076,19830830,PRCP,0,,,a,
ASN00082076,19830831,PRCP,44,,,a,
ASN00082076,19830901,TMAX,155,,,a,
ASN00082076,19830902,TMAX,168,,,a,
ASN00082076,19830903,TMAX,148,,,a,
ASN00082076,19830904,TMAX,145,,,a,
ASN00082076,19830905,TMAX,134,,,a,
ASN00082076,19830906,TMAX,144,,,a,
ASN00082076,19830907,TMAX,151,,,a,
ASN00082076,19830908,TMAX,129,,,a,
ASN00082076,19830909,TMAX,150,,,a,
ASN00082076,19830910,TMAX,152,,,a,
ASN00082076,19830911,TMAX,117,,,a,
ASN00082076,19830912,TMAX,94,,,a,
ASN00082076,19830913,TMAX,103,,,a,
ASN00082076,19830914,TMAX,125,,,a,
ASN00082076,19830915,TMAX,163,,,a,
ASN00082076,19830916,TMAX,172,,,a,
ASN00082076,19830917,TMAX,152,,,a,
ASN00082076,19830918,TMAX,168,,,a,
ASN00082076,19830919,TMAX,151,,,a,
ASN00082076,19830920,TMAX,147,,,a,
ASN00082076,19830921,TMAX,132,,,a,
ASN00082076,19830922,TMAX,168,,,a,
ASN00082076,19830923,TMAX,172,,,a,
ASN00082076,19830924,TMAX,162,,,a,
ASN00082076,19830925,TMAX,190,,,a,
ASN00082076,19830926,TMAX,203,,,a,
ASN00082076,19830927,TMAX,190,,,a,
ASN00082076,19830928,TMAX,209,,,a,
ASN00082076,19830929,TMAX,197,,,a,
ASN00082076,19830930,TMAX,212,,,a,
ASN00082076,19830901,TMIN,73,,,a,
ASN00082076,19830902,TMIN,74,,,a,
ASN00082076,19830903,TMIN,85,,,a,
ASN00082076,19830904,TMIN,45,,,a,
ASN00082076,19830905,TMIN,50,,,a,
ASN00082076,19830906,TMIN,68,,,a,
ASN00082076,19830907,TMIN,72,,,a,
ASN00082076,19830908,TMIN,72,,,a,
ASN00082076,19830909,TMIN,90,,,a,
ASN00082076,19830910,TMIN,32,,,a,
ASN00082076,19830911,TMIN,47,,,a,
ASN00082076,19830912,TMIN,4,,,a,
ASN00082076,19830913,TMIN,17,,,a,
ASN00082076,19830914,TMIN,55,,,a,
ASN00082076,19830915,TMIN,70,,,a,
ASN00082076,19830916,TMIN,5,,,a,
ASN00082076,19830917,TMIN,42,,,a,
ASN00082076,19830918,TMIN,70,,,a,
ASN00082076,19830919,TMIN,92,,,a,
ASN00082076,19830920,TMIN,82,,,a,
ASN00082076,19830921,TMIN,58,,,a,
ASN00082076,19830922,TMIN,83,,,a,
ASN00082076,19830923,TMIN,45,,,a,
ASN00082076,19830924,TMIN,65,,,a,
ASN00082076,19830925,TMIN,60,,,a,
ASN00082076,19830926,TMIN,18,,,a,
ASN00082076,19830927,TMIN,40,,,a,
ASN00082076,19830928,TMIN,65,,,a,
ASN00082076,19830929,TMIN,68,,,a,
ASN00082076,19830930,TMIN,50,,,a,
ASN00082076,19830901,PRCP,16,,,a,
ASN00082076,19830902,PRCP,0,,,a,
ASN00082076,19830903,PRCP,100,,,a,
ASN00082076,19830904,PRCP,64,,,a,
ASN00082076,19830905,PRCP,24,,,a,
ASN00082076,19830906,PRCP,232,,,a,
ASN00082076,19830907,PRCP,130,,,a,
ASN00082076,19830908,PRCP,4,,,a,
ASN00082076,19830909,PRCP,266,,,a,
ASN00082076,19830910,PRCP,12,,,a,
ASN00082076,19830911,PRCP,26,,,a,
ASN00082076,19830912,PRCP,100,,,a,
ASN00082076,19830913,PRCP,0,,,a,
ASN00082076,19830914,PRCP,72,,,a,
ASN00082076,19830915,PRCP,62,,,a,
ASN00082076,19830916,PRCP,0,,,a,
ASN00082076,19830917,PRCP,0,,,a,
ASN00082076,19830918,PRCP,8,,,a,
ASN00082076,19830919,PRCP,0,,,a,
ASN00082076,19830920,PRCP,0,,,a,
ASN00082076,19830921,PRCP,140,,,a,
ASN00082076,19830922,PRCP,0,,,a,
ASN00082076,19830923,PRCP,2,,,a,
ASN00082076,19830924,PRCP,0,,,a,
ASN00082076,19830925,PRCP,0,,,a,
ASN00082076,19830926,PRCP,0,,,a,
ASN00082076,19830927,PRCP,0,,,a,
ASN00082076,19830928,PRCP,476,,,a,
ASN00082076,19830929,PRCP,18,,,a,
ASN00082076,19830930,PRCP,0,,,a,
ASN00082076,19831001,TMAX,218,,,a,
ASN00082076,19831002,TMAX,182,,,a,
ASN00082076,19831003,TMAX,193,,,a,
ASN00082076,19831004,TMAX,140,,,a,
ASN00082076,19831005,TMAX,142,,,a,
ASN00082076,19831006,TMAX,162,,,a,
ASN00082076,19831007,TMAX,185,,,a,
ASN00082076,19831008,TMAX,191,,,a,
ASN00082076,19831009,TMAX,199,,,a,
ASN00082076,19831010,TMAX,245,,,a,
ASN00082076,19831011,TMAX,236,,,a,
ASN00082076,19831012,TMAX,189,,,a,
ASN00082076,19831013,TMAX,170,,,a,
ASN00082076,19831014,TMAX,220,,,a,
ASN00082076,19831015,TMAX,220,,,a,
ASN00082076,19831016,TMAX,173,,,a,
ASN00082076,19831017,TMAX,175,,,a,
ASN00082076,19831018,TMAX,191,,,a,
ASN00082076,19831019,TMAX,183,,,a,
ASN00082076,19831020,TMAX,138,,,a,
ASN00082076,19831021,TMAX,198,,,a,
ASN00082076,19831022,TMAX,222,,,a,
ASN00082076,19831023,TMAX,241,,,a,
ASN00082076,19831024,TMAX,240,,,a,
ASN00082076,19831025,TMAX,242,,,a,
ASN00082076,19831026,TMAX,255,,,a,
ASN00082076,19831027,TMAX,280,,,a,
ASN00082076,19831028,TMAX,230,,,a,
ASN00082076,19831029,TMAX,235,,,a,
ASN00082076,19831030,TMAX,213,,,a,
ASN00082076,19831031,TMAX,207,,,a,
ASN00082076,19831001,TMIN,55,,,a,
ASN00082076,19831002,TMIN,60,,,a,
ASN00082076,19831003,TMIN,81,,,a,
ASN00082076,19831004,TMIN,87,,,a,
ASN00082076,19831005,TMIN,87,,,a,
ASN00082076,19831006,TMIN,72,,,a,
ASN00082076,19831007,TMIN,32,,,a,
ASN00082076,19831008,TMIN,30,,,a,
ASN00082076,19831009,TMIN,30,,,a,
ASN00082076,19831010,TMIN,52,,,a,
ASN00082076,19831011,TMIN,82,,,a,
ASN00082076,19831012,TMIN,74,,,a,
ASN00082076,19831013,TMIN,108,,,a,
ASN00082076,19831014,TMIN,130,,,a,
ASN00082076,19831015,TMIN,130,,,a,
ASN00082076,19831016,TMIN,120,,,a,
ASN00082076,19831017,TMIN,103,,,a,
ASN00082076,19831018,TMIN,61,,,a,
ASN00082076,19831019,TMIN,87,,,a,
ASN00082076,19831020,TMIN,38,,,a,
ASN00082076,19831021,TMIN,66,,,a,
ASN00082076,19831022,TMIN,65,,,a,
ASN00082076,19831023,TMIN,70,,,a,
ASN00082076,19831024,TMIN,112,,,a,
ASN00082076,19831025,TMIN,73,,,a,
ASN00082076,19831026,TMIN,103,,,a,
ASN00082076,19831027,TMIN,86,,,a,
ASN00082076,19831028,TMIN,142,,,a,
ASN00082076,19831029,TMIN,105,,,a,
ASN00082076,19831030,TMIN,96,,,a,
ASN00082076,19831031,TMIN,127,,,a,
ASN00082076,19831001,PRCP,0,,,a,
ASN00082076,19831002,PRCP,0,,,a,
ASN00082076,19831003,PRCP,210,,,a,
ASN00082076,19831004,PRCP,0,,,a,
ASN00082076,19831005,PRCP,74,,,a,
ASN00082076,19831006,PRCP,0,,,a,
ASN00082076,19831007,PRCP,0,,,a,
ASN00082076,19831008,PRCP,0,,,a,
ASN00082076,19831009,PRCP,0,,,a,
ASN00082076,19831010,PRCP,0,,,a,
ASN00082076,19831011,PRCP,0,,,a,
ASN00082076,19831012,PRCP,18,,,a,
ASN00082076,19831013,PRCP,56,,,a,
ASN00082076,19831014,PRCP,74,,,a,
ASN00082076,19831015,PRCP,276,,,a,
ASN00082076,19831016,PRCP,150,,,a,
ASN00082076,19831017,PRCP,56,,,a,
ASN00082076,19831018,PRCP,0,,,a,
ASN00082076,19831019,PRCP,0,,,a,
ASN00082076,19831020,PRCP,86,,,a,
ASN00082076,19831021,PRCP,16,,,a,
ASN00082076,19831022,PRCP,0,,,a,
ASN00082076,19831023,PRCP,0,,,a,
ASN00082076,19831024,PRCP,4,,,a,
ASN00082076,19831025,PRCP,0,,,a,
ASN00082076,19831026,PRCP,0,,,a,
ASN00082076,19831027,PRCP,0,,,a,
ASN00082076,19831028,PRCP,6,,,a,
ASN00082076,19831029,PRCP,0,,,a,
ASN00082076,19831030,PRCP,0,,,a,
ASN00082076,19831031,PRCP,18,,,a,
ASN00082076,19831101,TMAX,239,,,a,
ASN00082076,19831102,TMAX,238,,,a,
ASN00082076,19831103,TMAX,246,,,a,
ASN00082076,19831104,TMAX,183,,,a,
ASN00082076,19831105,TMAX,195,,,a,
ASN00082076,19831106,TMAX,246,,,a,
ASN00082076,19831107,TMAX,293,,,a,
ASN00082076,19831108,TMAX,208,,,a,
ASN00082076,19831109,TMAX,180,,,a,
ASN00082076,19831110,TMAX,200,,,a,
ASN00082076,19831111,TMAX,222,,,a,
ASN00082076,19831112,TMAX,262,,,a,
ASN00082076,19831113,TMAX,277,,,a,
ASN00082076,19831114,TMAX,235,,,a,
ASN00082076,19831115,TMAX,167,,,a,
ASN00082076,19831116,TMAX,112,,,a,
ASN00082076,19831117,TMAX,153,,,a,
ASN00082076,19831118,TMAX,198,,,a,
ASN00082076,19831119,TMAX,220,,,a,
ASN00082076,19831120,TMAX,250,,,a,
ASN00082076,19831121,TMAX,253,,,a,
ASN00082076,19831122,TMAX,237,,,a,
ASN00082076,19831123,TMAX,263,,,a,
ASN00082076,19831124,TMAX,246,,,a,
ASN00082076,19831125,TMAX,230,,,a,
ASN00082076,19831126,TMAX,185,,,a,
ASN00082076,19831127,TMAX,245,,,a,
ASN00082076,19831128,TMAX,243,,,a,
ASN00082076,19831129,TMAX,258,,,a,
ASN00082076,19831130,TMAX,224,,,a,
ASN00082076,19831101,TMIN,107,,,a,
ASN00082076,19831102,TMIN,101,,,a,
ASN00082076,19831103,TMIN,115,,,a,
ASN00082076,19831104,TMIN,83,,,a,
ASN00082076,19831105,TMIN,38,,,a,
ASN00082076,19831106,TMIN,36,,,a,
ASN00082076,19831107,TMIN,78,,,a,
ASN00082076,19831108,TMIN,109,,,a,
ASN00082076,19831109,TMIN,87,,,a,
ASN00082076,19831110,TMIN,57,,,a,
ASN00082076,19831111,TMIN,88,,,a,
ASN00082076,19831112,TMIN,68,,,a,
ASN00082076,19831113,TMIN,98,,,a,
ASN00082076,19831114,TMIN,117,,,a,
ASN00082076,19831115,TMIN,138,,,a,
ASN00082076,19831116,TMIN,87,,,a,
ASN00082076,19831117,TMIN,27,,,a,
ASN00082076,19831118,TMIN,22,,,a,
ASN00082076,19831119,TMIN,55,,,a,
ASN00082076,19831120,TMIN,80,,,a,
ASN00082076,19831121,TMIN,88,,,a,
ASN00082076,19831122,TMIN,55,,,a,
ASN00082076,19831123,TMIN,114,,,a,
ASN00082076,19831124,TMIN,97,,,a,
ASN00082076,19831125,TMIN,85,,,a,
ASN00082076,19831126,TMIN,135,,,a,
ASN00082076,19831127,TMIN,100,,,a,
ASN00082076,19831128,TMIN,132,,,a,
ASN00082076,19831129,TMIN,141,,,a,
ASN00082076,19831130,TMIN,153,,,a,
ASN00082076,19831101,PRCP,12,,,a,
ASN00082076,19831102,PRCP,0,,,a,
ASN00082076,19831103,PRCP,10,,,a,
ASN00082076,19831104,PRCP,10,,,a,
ASN00082076,19831105,PRCP,4,,,a,
ASN00082076,19831106,PRCP,0,,,a,
ASN00082076,19831107,PRCP,2,,,a,
ASN00082076,19831108,PRCP,8,,,a,
ASN00082076,19831109,PRCP,130,,,a,
ASN00082076,19831110,PRCP,0,,,a,
ASN00082076,19831111,PRCP,0,,,a,
ASN00082076,19831112,PRCP,0,,,a,
ASN00082076,19831113,PRCP,0,,,a,
ASN00082076,19831114,PRCP,6,,,a,
ASN00082076,19831115,PRCP,550,,,a,
ASN00082076,19831116,PRCP,8,,,a,
ASN00082076,19831117,PRCP,106,,,a,
ASN00082076,19831118,PRCP,0,,,a,
ASN00082076,19831119,PRCP,0,,,a,
ASN00082076,19831120,PRCP,0,,,a,
ASN00082076,19831121,PRCP,20,,,a,
ASN00082076,19831122,PRCP,0,,,a,
ASN00082076,19831123,PRCP,0,,,a,
ASN00082076,19831124,PRCP,60,,,a,
ASN00082076,19831125,PRCP,4,,,a,
ASN00082076,19831126,PRCP,144,,,a,
ASN00082076,19831127,PRCP,42,,,a,
ASN00082076,19831128,PRCP,32,,,a,
ASN00082076,19831129,PRCP,36,,,a,
ASN00082076,19831130,PRCP,72,,,a,
ASN00082076,19831201,TMAX,242,,,a,
ASN00082076,19831202,TMAX,268,,,a,
ASN00082076,19831203,TMAX,242,,,a,
ASN00082076,19831204,TMAX,267,,,a,
ASN00082076,19831205,TMAX,247,,,a,
ASN00082076,19831206,TMAX,207,,,a,
ASN00082076,19831207,TMAX,186,,,a,
ASN00082076,19831208,TMAX,209,,,a,
ASN00082076,19831209,TMAX,240,,,a,
ASN00082076,19831210,TMAX,245,,,a,
ASN00082076,19831211,TMAX,260,,,a,
ASN00082076,19831212,TMAX,275,,,a,
ASN00082076,19831213,TMAX,296,,,a,
ASN00082076,19831214,TMAX,298,,,a,
ASN00082076,19831215,TMAX,288,,,a,
ASN00082076,19831216,TMAX,242,,,a,
ASN00082076,19831217,TMAX,280,,,a,
ASN00082076,19831218,TMAX,303,,,a,
ASN00082076,19831219,TMAX,313,,,a,
ASN00082076,19831220,TMAX,330,,,a,
ASN00082076,19831221,TMAX,357,,,a,
ASN00082076,19831222,TMAX,320,,,a,
ASN00082076,19831223,TMAX,333,,,a,
ASN00082076,19831224,TMAX,330,,,a,
ASN00082076,19831225,TMAX,340,,,a,
ASN00082076,19831226,TMAX,242,,,a,
ASN00082076,19831227,TMAX,263,,,a,
ASN00082076,19831228,TMAX,297,,,a,
ASN00082076,19831229,TMAX,296,,,a,
ASN00082076,19831230,TMAX,302,,,a,
ASN00082076,19831231,TMAX,255,,,a,
ASN00082076,19831201,TMIN,135,,,a,
ASN00082076,19831202,TMIN,95,,,a,
ASN00082076,19831203,TMIN,143,,,a,
ASN00082076,19831204,TMIN,136,,,a,
ASN00082076,19831205,TMIN,118,,,a,
ASN00082076,19831206,TMIN,151,,,a,
ASN00082076,19831207,TMIN,125,,,a,
ASN00082076,19831208,TMIN,40,,,a,
ASN00082076,19831209,TMIN,84,,,a,
ASN00082076,19831210,TMIN,128,,,a,
ASN00082076,19831211,TMIN,90,,,a,
ASN00082076,19831212,TMIN,95,,,a,
ASN00082076,19831213,TMIN,128,,,a,
ASN00082076,19831214,TMIN,126,,,a,
ASN00082076,19831215,TMIN,130,,,a,
ASN00082076,19831216,TMIN,98,,,a,
ASN00082076,19831217,TMIN,96,,,a,
ASN00082076,19831218,TMIN,147,,,a,
ASN00082076,19831219,TMIN,122,,,a,
ASN00082076,19831220,TMIN,125,,,a,
ASN00082076,19831221,TMIN,137,,,a,
ASN00082076,19831222,TMIN,128,,,a,
ASN00082076,19831223,TMIN,135,,,a,
ASN00082076,19831224,TMIN,135,,,a,
ASN00082076,19831225,TMIN,188,,,a,
ASN00082076,19831226,TMIN,192,,,a,
ASN00082076,19831227,TMIN,126,,,a,
ASN00082076,19831228,TMIN,125,,,a,
ASN00082076,19831229,TMIN,117,,,a,
ASN00082076,19831230,TMIN,118,,,a,
ASN00082076,19831231,TMIN,150,,,a,
ASN00082076,19831201,PRCP,148,,,a,
ASN00082076,19831202,PRCP,0,,,a,
ASN00082076,19831203,PRCP,0,,,a,
ASN00082076,19831204,PRCP,0,,,a,
ASN00082076,19831205,PRCP,0,,,a,
ASN00082076,19831206,PRCP,0,,,a,
ASN00082076,19831207,PRCP,486,,,a,
ASN00082076,19831208,PRCP,2,,,a,
ASN00082076,19831209,PRCP,0,,,a,
ASN00082076,19831210,PRCP,0,,,a,
ASN00082076,19831211,PRCP,4,,,a,
ASN00082076,19831212,PRCP,0,,,a,
ASN00082076,19831213,PRCP,34,,,a,
ASN00082076,19831214,PRCP,2,,,a,
ASN00082076,19831215,PRCP,0,,,a,
ASN00082076,19831216,PRCP,0,,,a,
ASN00082076,19831217,PRCP,0,,,a,
ASN00082076,19831218,PRCP,0,,,a,
ASN00082076,19831219,PRCP,0,,,a,
ASN00082076,19831220,PRCP,0,,,a,
ASN00082076,19831221,PRCP,22,,,a,
ASN00082076,19831222,PRCP,0,,,a,
ASN00082076,19831223,PRCP,0,,,a,
ASN00082076,19831224,PRCP,0,,,a,
ASN00082076,19831225,PRCP,0,,,a,
ASN00082076,19831226,PRCP,0,,,a,
ASN00082076,19831227,PRCP,0,,,a,
ASN00082076,19831228,PRCP,0,,,a,
ASN00082076,19831229,PRCP,0,,,a,
ASN00082076,19831230,PRCP,0,,,a,
ASN00082076,19831231,PRCP,0,,,a,
ASN00082076,19840101,TMAX,240,,,a,
ASN00082076,19840102,TMAX,253,,,a,
ASN00082076,19840103,TMAX,265,,,a,
ASN00082076,19840104,TMAX,265,,,a,
ASN00082076,19840105,TMAX,296,,,a,
ASN00082076,19840106,TMAX,284,,,a,
ASN00082076,19840107,TMAX,290,,,a,
ASN00082076,19840108,TMAX,292,,,a,
ASN00082076,19840109,TMAX,292,,,a,
ASN00082076,19840110,TMAX,284,,,a,
ASN00082076,19840111,TMAX,302,,,a,
ASN00082076,19840112,TMAX,326,,,a,
ASN00082076,19840113,TMAX,300,,,a,
ASN00082076,19840114,TMAX,278,,,a,
ASN00082076,19840115,TMAX,186,,,a,
ASN00082076,19840116,TMAX,252,,,a,
ASN00082076,19840117,TMAX,193,,,a,
ASN00082076,19840118,TMAX,222,,,a,
ASN00082076,19840119,TMAX,260,,,a,
ASN00082076,19840120,TMAX,282,,,a,
ASN00082076,19840121,TMAX,260,,,a,
ASN00082076,19840122,TMAX,242,,,a,
ASN00082076,19840123,TMAX,265,,,a,
ASN00082076,19840124,TMAX,269,,,a,
ASN00082076,19840125,TMAX,308,,,a,
ASN00082076,19840126,TMAX,217,,,a,
ASN00082076,19840127,TMAX,242,,,a,
ASN00082076,19840128,TMAX,264,,,a,
ASN00082076,19840129,TMAX,255,,,a,
ASN00082076,19840130,TMAX,210,,,a,
ASN00082076,19840131,TMAX,222,,,a,
ASN00082076,19840101,TMIN,170,,,a,
ASN00082076,19840102,TMIN,165,,,a,
ASN00082076,19840103,TMIN,158,,,a,
ASN00082076,19840104,TMIN,134,,,a,
ASN00082076,19840105,TMIN,107,,,a,
ASN00082076,19840106,TMIN,122,,,a,
ASN00082076,19840107,TMIN,130,,,a,
ASN00082076,19840108,TMIN,138,,,a,
ASN00082076,19840109,TMIN,138,,,a,
ASN00082076,19840110,TMIN,130,,,a,
ASN00082076,19840111,TMIN,158,,,a,
ASN00082076,19840112,TMIN,148,,,a,
ASN00082076,19840113,TMIN,187,,,a,
ASN00082076,19840114,TMIN,130,,,a,
ASN00082076,19840115,TMIN,153,,,a,
ASN00082076,19840116,TMIN,160,,,a,
ASN00082076,19840117,TMIN,80,,,a,
ASN00082076,19840118,TMIN,50,,,a,
ASN00082076,19840119,TMIN,67,,,a,
ASN00082076,19840120,TMIN,115,,,a,
ASN00082076,19840121,TMIN,102,,,a,
ASN00082076,19840122,TMIN,88,,,a,
ASN00082076,19840123,TMIN,84,,,a,
ASN00082076,19840124,TMIN,102,,,a,
ASN00082076,19840125,TMIN,126,,,a,
ASN00082076,19840126,TMIN,158,,,a,
ASN00082076,19840127,TMIN,75,,,a,
ASN00082076,19840128,TMIN,94,,,a,
ASN00082076,19840129,TMIN,108,,,a,
ASN00082076,19840130,TMIN,115,,,a,
ASN00082076,19840131,TMIN,52,,,a,
ASN00082076,19840101,PRCP,40,,,a,
ASN00082076,19840102,PRCP,290,,,a,
ASN00082076,19840103,PRCP,48,,,a,
ASN00082076,19840104,PRCP,0,,,a,
ASN00082076,19840105,PRCP,0,,,a,
ASN00082076,19840106,PRCP,0,,,a,
ASN00082076,19840107,PRCP,0,,,a,
ASN00082076,19840108,PRCP,0,,,a,
ASN00082076,19840109,PRCP,0,,,a,
ASN00082076,19840110,PRCP,0,,,a,
ASN00082076,19840111,PRCP,0,,,a,
ASN00082076,19840112,PRCP,0,,,a,
ASN00082076,19840113,PRCP,0,,,a,
ASN00082076,19840114,PRCP,0,,,a,
ASN00082076,19840115,PRCP,104,,,a,
ASN00082076,19840116,PRCP,604,,,a,
ASN00082076,19840117,PRCP,10,,,a,
ASN00082076,19840118,PRCP,0,,,a,
ASN00082076,19840119,PRCP,0,,,a,
ASN00082076,19840120,PRCP,0,,,a,
ASN00082076,19840121,PRCP,0,,,a,
ASN00082076,19840122,PRCP,0,,,a,
ASN00082076,19840123,PRCP,0,,,a,
ASN00082076,19840124,PRCP,2,,,a,
ASN00082076,19840125,PRCP,10,,,a,
ASN00082076,19840126,PRCP,396,,,a,
ASN00082076,19840127,PRCP,186,,,a,
ASN00082076,19840128,PRCP,0,,,a,
ASN00082076,19840129,PRCP,0,,,a,
ASN00082076,19840130,PRCP,228,,,a,
ASN00082076,19840131,PRCP,42,,,a,
ASN00082076,19840201,TMAX,254,,,a,
ASN00082076,19840202,TMAX,278,,,a,
ASN00082076,19840203,TMAX,302,,,a,
ASN00082076,19840204,TMAX,298,,,a,
ASN00082076,19840205,TMAX,317,,,a,
ASN00082076,19840206,TMAX,331,,,a,
ASN00082076,19840207,TMAX,258,,,a,
ASN00082076,19840208,TMAX,282,,,a,
ASN00082076,19840209,TMAX,278,,,a,
ASN00082076,19840210,TMAX,222,,,a,
ASN00082076,19840211,TMAX,276,,,a,
ASN00082076,19840212,TMAX,309,,,a,
ASN00082076,19840213,TMAX,268,,,a,
ASN00082076,19840214,TMAX,267,,,a,
ASN00082076,19840215,TMAX,295,,,a,
ASN00082076,19840216,TMAX,312,,,a,
ASN00082076,19840217,TMAX,245,,,a,
ASN00082076,19840218,TMAX,216,,,a,
ASN00082076,19840219,TMAX,308,,,a,
ASN00082076,19840220,TMAX,275,,,a,
ASN00082076,19840221,TMAX,242,,,a,
ASN00082076,19840222,TMAX,281,,,a,
ASN00082076,19840223,TMAX,272,,,a,
ASN00082076,19840224,TMAX,248,,,a,
ASN00082076,19840225,TMAX,272,,,a,
ASN00082076,19840226,TMAX,296,,,a,
ASN00082076,19840227,TMAX,287,,,a,
ASN00082076,19840228,TMAX,191,,,a,
ASN00082076,19840229,TMAX,210,,,a,
ASN00082076,19840201,TMIN,67,,,a,
ASN00082076,19840202,TMIN,108,,,a,
ASN00082076,19840203,TMIN,110,,,a,
ASN00082076,19840204,TMIN,116,,,a,
ASN00082076,19840205,TMIN,118,,,a,
ASN00082076,19840206,TMIN,127,,,a,
ASN00082076,19840207,TMIN,151,,,a,
ASN00082076,19840208,TMIN,163,,,a,
ASN00082076,19840209,TMIN,124,,,a,
ASN00082076,19840210,TMIN,129,,,a,
ASN00082076,19840211,TMIN,116,,,a,
ASN00082076,19840212,TMIN,112,,,a,
ASN00082076,19840213,TMIN,148,,,a,
ASN00082076,19840214,TMIN,88,,,a,
ASN00082076,19840215,TMIN,101,,,a,
ASN00082076,19840216,TMIN,147,,,a,
ASN00082076,19840217,TMIN,160,,,a,
ASN00082076,19840218,TMIN,169,,,a,
ASN00082076,19840219,TMIN,160,,,a,
ASN00082076,19840220,TMIN,162,,,a,
ASN00082076,19840221,TMIN,167,,,a,
ASN00082076,19840222,TMIN,173,,,a,
ASN00082076,19840223,TMIN,125,,,a,
ASN00082076,19840224,TMIN,127,,,a,
ASN00082076,19840225,TMIN,100,,,a,
ASN00082076,19840226,TMIN,118,,,a,
ASN00082076,19840227,TMIN,150,,,a,
ASN00082076,19840228,TMIN,125,,,a,
ASN00082076,19840229,TMIN,56,,,a,
ASN00082076,19840201,PRCP,0,,,a,
ASN00082076,19840202,PRCP,0,,,a,
ASN00082076,19840203,PRCP,0,,,a,
ASN00082076,19840204,PRCP,0,,,a,
ASN00082076,19840205,PRCP,0,,,a,
ASN00082076,19840206,PRCP,0,,,a,
ASN00082076,19840207,PRCP,154,,,a,
ASN00082076,19840208,PRCP,54,,,a,
ASN00082076,19840209,PRCP,0,,,a,
ASN00082076,19840210,PRCP,0,,,a,
ASN00082076,19840211,PRCP,0,,,a,
ASN00082076,19840212,PRCP,0,,,a,
ASN00082076,19840213,PRCP,0,,,a,
ASN00082076,19840214,PRCP,0,,,a,
ASN00082076,19840215,PRCP,0,,,a,
ASN00082076,19840216,PRCP,0,,,a,
ASN00082076,19840217,PRCP,32,,,a,
ASN00082076,19840218,PRCP,0,,,a,
ASN00082076,19840219,PRCP,0,,,a,
ASN00082076,19840220,PRCP,0,,,a,
ASN00082076,19840221,PRCP,102,,,a,
ASN00082076,19840222,PRCP,4,,,a,
ASN00082076,19840223,PRCP,0,,,a,
ASN00082076,19840224,PRCP,0,,,a,
ASN00082076,19840225,PRCP,0,,,a,
ASN00082076,19840226,PRCP,0,,,a,
ASN00082076,19840227,PRCP,0,,,a,
ASN00082076,19840228,PRCP,176,,,a,
ASN00082076,19840229,PRCP,0,,,a,
ASN00082076,19840301,TMAX,203,,,a,
ASN00082076,19840302,TMAX,182,,,a,
ASN00082076,19840303,TMAX,238,,,a,
ASN00082076,19840304,TMAX,258,,,a,
ASN00082076,19840305,TMAX,275,,,a,
ASN00082076,19840306,TMAX,292,,,a,
ASN00082076,19840307,TMAX,298,,,a,
ASN00082076,19840308,TMAX,203,,,a,
ASN00082076,19840309,TMAX,248,,,a,
ASN00082076,19840310,TMAX,257,,,a,
ASN00082076,19840311,TMAX,262,,,a,
ASN00082076,19840312,TMAX,273,,,a,
ASN00082076,19840313,TMAX,203,,,a,
ASN00082076,19840314,TMAX,154,,,a,
ASN00082076,19840315,TMAX,195,,,a,
ASN00082076,19840316,TMAX,244,,,a,
ASN00082076,19840317,TMAX,255,,,a,
ASN00082076,19840318,TMAX,279,,,a,
ASN00082076,19840319,TMAX,188,,,a,
ASN00082076,19840320,TMAX,202,,,a,
ASN00082076,19840321,TMAX,218,,,a,
ASN00082076,19840322,TMAX,260,,,a,
ASN00082076,19840323,TMAX,262,,,a,
ASN00082076,19840324,TMAX,252,,,a,
ASN00082076,19840325,TMAX,183,,,a,
ASN00082076,19840326,TMAX,178,,,a,
ASN00082076,19840327,TMAX,167,,,a,
ASN00082076,19840328,TMAX,197,,,a,
ASN00082076,19840329,TMAX,220,,,a,
ASN00082076,19840330,TMAX,235,,,a,
ASN00082076,19840331,TMAX,252,,,a,
ASN00082076,19840301,TMIN,90,,,a,
ASN00082076,19840302,TMIN,88,,,a,
ASN00082076,19840303,TMIN,58,,,a,
ASN00082076,19840304,TMIN,75,,,a,
ASN00082076,19840305,TMIN,85,,,a,
ASN00082076,19840306,TMIN,112,,,a,
ASN00082076,19840307,TMIN,108,,,a,
ASN00082076,19840308,TMIN,115,,,a,
ASN00082076,19840309,TMIN,106,,,a,
ASN00082076,19840310,TMIN,66,,,a,
ASN00082076,19840311,TMIN,125,,,a,
ASN00082076,19840312,TMIN,86,,,a,
ASN00082076,19840313,TMIN,88,,,a,
ASN00082076,19840314,TMIN,77,,,a,
ASN00082076,19840315,TMIN,93,,,a,
ASN00082076,19840316,TMIN,72,,,a,
ASN00082076,19840317,TMIN,82,,,a,
ASN00082076,19840318,TMIN,80,,,a,
ASN00082076,19840319,TMIN,98,,,a,
ASN00082076,19840320,TMIN,123,,,a,
ASN00082076,19840321,TMIN,142,,,a,
ASN00082076,19840322,TMIN,158,,,a,
ASN00082076,19840323,TMIN,103,,,a,
ASN00082076,19840324,TMIN,100,,,a,
ASN00082076,19840325,TMIN,150,,,a,
ASN00082076,19840326,TMIN,64,,,a,
ASN00082076,19840327,TMIN,87,,,a,
ASN00082076,19840328,TMIN,19,,,a,
ASN00082076,19840329,TMIN,47,,,a,
ASN00082076,19840330,TMIN,40,,,a,
ASN00082076,19840331,TMIN,50,,,a,
ASN00082076,19840301,PRCP,0,,,a,
ASN00082076,19840302,PRCP,0,,,a,
ASN00082076,19840303,PRCP,0,,,a,
ASN00082076,19840304,PRCP,0,,,a,
ASN00082076,19840305,PRCP,0,,,a,
ASN00082076,19840306,PRCP,0,,,a,
ASN00082076,19840307,PRCP,0,,,a,
ASN00082076,19840308,PRCP,0,,,a,
ASN00082076,19840309,PRCP,0,,,a,
ASN00082076,19840310,PRCP,0,,,a,
ASN00082076,19840311,PRCP,0,,,a,
ASN00082076,19840312,PRCP,0,,,a,
ASN00082076,19840313,PRCP,0,,,a,
ASN00082076,19840314,PRCP,168,,,a,
ASN00082076,19840315,PRCP,12,,,a,
ASN00082076,19840316,PRCP,0,,,a,
ASN00082076,19840317,PRCP,0,,,a,
ASN00082076,19840318,PRCP,0,,,a,
ASN00082076,19840319,PRCP,4,,,a,
ASN00082076,19840320,PRCP,52,,,a,
ASN00082076,19840321,PRCP,0,,,a,
ASN00082076,19840322,PRCP,0,,,a,
ASN00082076,19840323,PRCP,2,,,a,
ASN00082076,19840324,PRCP,2,,,a,
ASN00082076,19840325,PRCP,6,,,a,
ASN00082076,19840326,PRCP,224,,,a,
ASN00082076,19840327,PRCP,76,,,a,
ASN00082076,19840328,PRCP,12,,,a,
ASN00082076,19840329,PRCP,0,,,a,
ASN00082076,19840330,PRCP,0,,,a,
ASN00082076,19840331,PRCP,0,,,a,
ASN00082076,19840401,TMAX,248,,,a,
ASN00082076,19840402,TMAX,251,,,a,
ASN00082076,19840403,TMAX,255,,,a,
ASN00082076,19840404,TMAX,224,,,a,
ASN00082076,19840405,TMAX,224,,,a,
ASN00082076,19840406,TMAX,238,,,a,
ASN00082076,19840407,TMAX,245,,,a,
ASN00082076,19840408,TMAX,200,,,a,
ASN00082076,19840409,TMAX,217,,,a,
ASN00082076,19840410,TMAX,218,,,a,
ASN00082076,19840411,TMAX,225,,,a,
ASN00082076,19840412,TMAX,227,,,a,
ASN00082076,19840413,TMAX,230,,,a,
ASN00082076,19840414,TMAX,226,,,a,
ASN00082076,19840415,TMAX,225,,,a,
ASN00082076,19840416,TMAX,152,,,a,
ASN00082076,19840417,TMAX,216,,,a,
ASN00082076,19840418,TMAX,154,,,a,
ASN00082076,19840419,TMAX,135,,,a,
ASN00082076,19840420,TMAX,165,,,a,
ASN00082076,19840421,TMAX,170,,,a,
ASN00082076,19840422,TMAX,186,,,a,
ASN00082076,19840423,TMAX,166,,,a,
ASN00082076,19840424,TMAX,128,,,a,
ASN00082076,19840425,TMAX,170,,,a,
ASN00082076,19840426,TMAX,182,,,a,
ASN00082076,19840427,TMAX,182,,,a,
ASN00082076,19840428,TMAX,172,,,a,
ASN00082076,19840429,TMAX,208,,,a,
ASN00082076,19840430,TMAX,202,,,a,
ASN00082076,19840401,TMIN,35,,,a,
ASN00082076,19840402,TMIN,83,,,a,
ASN00082076,19840403,TMIN,78,,,a,
ASN00082076,19840404,TMIN,107,,,a,
ASN00082076,19840405,TMIN,55,,,a,
ASN00082076,19840406,TMIN,62,,,a,
ASN00082076,19840407,TMIN,85,,,a,
ASN00082076,19840408,TMIN,135,,,a,
ASN00082076,19840409,TMIN,117,,,a,
ASN00082076,19840410,TMIN,65,,,a,
ASN00082076,19840411,TMIN,48,,,a,
ASN00082076,19840412,TMIN,74,,,a,
ASN00082076,19840413,TMIN,108,,,a,
ASN00082076,19840414,TMIN,63,,,a,
ASN00082076,19840415,TMIN,68,,,a,
ASN00082076,19840416,TMIN,87,,,a,
ASN00082076,19840417,TMIN,105,,,a,
ASN00082076,19840418,TMIN,73,,,a,
ASN00082076,19840419,TMIN,90,,,a,
ASN00082076,19840420,TMIN,110,,,a,
ASN00082076,19840421,TMIN,115,,,a,
ASN00082076,19840422,TMIN,48,,,a,
ASN00082076,19840423,TMIN,78,,,a,
ASN00082076,19840424,TMIN,50,,,a,
ASN00082076,19840425,TMIN,65,,,a,
ASN00082076,19840426,TMIN,44,,,a,
ASN00082076,19840427,TMIN,50,,,a,
ASN00082076,19840428,TMIN,26,,,a,
ASN00082076,19840429,TMIN,53,,,a,
ASN00082076,19840430,TMIN,40,,,a,
ASN00082076,19840401,PRCP,0,,,a,
ASN00082076,19840402,PRCP,0,,,a,
ASN00082076,19840403,PRCP,0,,,a,
ASN00082076,19840404,PRCP,0,,,a,
ASN00082076,19840405,PRCP,0,,,a,
ASN00082076,19840406,PRCP,0,,,a,
ASN00082076,19840407,PRCP,0,,,a,
ASN00082076,19840408,PRCP,0,,,a,
ASN00082076,19840409,PRCP,0,,,a,
ASN00082076,19840410,PRCP,0,,,a,
ASN00082076,19840411,PRCP,0,,,a,
ASN00082076,19840412,PRCP,0,,,a,
ASN00082076,19840413,PRCP,0,,,a,
ASN00082076,19840414,PRCP,0,,,a,
ASN00082076,19840415,PRCP,0,,,a,
ASN00082076,19840416,PRCP,4,,,a,
ASN00082076,19840417,PRCP,110,,,a,
ASN00082076,19840418,PRCP,0,,,a,
ASN00082076,19840419,PRCP,78,,,a,
ASN00082076,19840420,PRCP,110,,,a,
ASN00082076,19840421,PRCP,114,,,a,
ASN00082076,19840422,PRCP,0,,,a,
ASN00082076,19840423,PRCP,0,,,a,
ASN00082076,19840424,PRCP,0,,,a,
ASN00082076,19840425,PRCP,6,,,a,
ASN00082076,19840426,PRCP,0,,,a,
ASN00082076,19840427,PRCP,0,,,a,
ASN00082076,19840428,PRCP,0,,,a,
ASN00082076,19840429,PRCP,0,,,a,
ASN00082076,19840430,PRCP,0,,,a,
ASN00082076,19840501,TMAX,184,,,a,
ASN00082076,19840502,TMAX,202,,,a,
ASN00082076,19840503,TMAX,169,,,a,
ASN00082076,19840504,TMAX,166,,,a,
ASN00082076,19840505,TMAX,140,,,a,
ASN00082076,19840506,TMAX,150,,,a,
ASN00082076,19840507,TMAX,146,,,a,
ASN00082076,19840508,TMAX,142,,,a,
ASN00082076,19840509,TMAX,165,,,a,
ASN00082076,19840510,TMAX,162,,,a,
ASN00082076,19840511,TMAX,154,,,a,
ASN00082076,19840512,TMAX,140,,,a,
ASN00082076,19840513,TMAX,165,,,a,
ASN00082076,19840514,TMAX,146,,,a,
ASN00082076,19840515,TMAX,159,,,a,
ASN00082076,19840516,TMAX,173,,,a,
ASN00082076,19840517,TMAX,179,,,a,
ASN00082076,19840518,TMAX,185,,,a,
ASN00082076,19840519,TMAX,152,,,a,
ASN00082076,19840520,TMAX,188,,,a,
ASN00082076,19840521,TMAX,173,,,a,
ASN00082076,19840522,TMAX,127,,,a,
ASN00082076,19840523,TMAX,130,,,a,
ASN00082076,19840524,TMAX,142,,,a,
ASN00082076,19840525,TMAX,150,,,a,
ASN00082076,19840526,TMAX,145,,,a,
ASN00082076,19840527,TMAX,124,,,a,
ASN00082076,19840528,TMAX,140,,,a,
ASN00082076,19840529,TMAX,140,,,a,
ASN00082076,19840530,TMAX,169,,,a,
ASN00082076,19840531,TMAX,152,,,a,
ASN00082076,19840501,TMIN,38,,,a,
ASN00082076,19840502,TMIN,48,,,a,
ASN00082076,19840503,TMIN,55,,,a,
ASN00082076,19840504,TMIN,70,,,a,
ASN00082076,19840505,TMIN,56,,,a,
ASN00082076,19840506,TMIN,55,,,a,
ASN00082076,19840507,TMIN,75,,,a,
ASN00082076,19840508,TMIN,64,,,a,
ASN00082076,19840509,TMIN,70,,,a,
ASN00082076,19840510,TMIN,20,,,a,
ASN00082076,19840511,TMIN,40,,,a,
ASN00082076,19840512,TMIN,58,,,a,
ASN00082076,19840513,TMIN,62,,,a,
ASN00082076,19840514,TMIN,14,,,a,
ASN00082076,19840515,TMIN,13,,,a,
ASN00082076,19840516,TMIN,22,,,a,
ASN00082076,19840517,TMIN,18,,,a,
ASN00082076,19840518,TMIN,12,,,a,
ASN00082076,19840519,TMIN,36,,,a,
ASN00082076,19840520,TMIN,37,,,a,
ASN00082076,19840521,TMIN,14,,,a,
ASN00082076,19840522,TMIN,38,,,a,
ASN00082076,19840523,TMIN,53,,,a,
ASN00082076,19840524,TMIN,53,,,a,
ASN00082076,19840525,TMIN,8,,,a,
ASN00082076,19840526,TMIN,15,,,a,
ASN00082076,19840527,TMIN,27,,,a,
ASN00082076,19840528,TMIN,22,,,a,
ASN00082076,19840529,TMIN,28,,,a,
ASN00082076,19840530,TMIN,48,,,a,
ASN00082076,19840531,TMIN,62,,,a,
ASN00082076,19840501,PRCP,0,,,a,
ASN00082076,19840502,PRCP,0,,,a,
ASN00082076,19840503,PRCP,0,,,a,
ASN00082076,19840504,PRCP,4,,,a,
ASN00082076,19840505,PRCP,2,,,a,
ASN00082076,19840506,PRCP,0,,,a,
ASN00082076,19840507,PRCP,0,,,a,
ASN00082076,19840508,PRCP,0,,,a,
ASN00082076,19840509,PRCP,0,,,a,
ASN00082076,19840510,PRCP,0,,,a,
ASN00082076,19840511,PRCP,0,,,a,
ASN00082076,19840512,PRCP,6,,,a,
ASN00082076,19840513,PRCP,26,,,a,
ASN00082076,19840514,PRCP,0,,,a,
ASN00082076,19840515,PRCP,0,,,a,
ASN00082076,19840516,PRCP,0,,,a,
ASN00082076,19840517,PRCP,0,,,a,
ASN00082076,19840518,PRCP,0,,,a,
ASN00082076,19840519,PRCP,0,,,a,
ASN00082076,19840520,PRCP,0,,,a,
ASN00082076,19840521,PRCP,0,,,a,
ASN00082076,19840522,PRCP,0,,,a,
ASN00082076,19840523,PRCP,162,,,a,
ASN00082076,19840524,PRCP,16,,,a,
ASN00082076,19840525,PRCP,0,,,a,
ASN00082076,19840526,PRCP,0,,,a,
ASN00082076,19840527,PRCP,0,,,a,
ASN00082076,19840528,PRCP,0,,,a,
ASN00082076,19840529,PRCP,0,,,a,
ASN00082076,19840530,PRCP,62,,,a,
ASN00082076,19840531,PRCP,0,,,a,
ASN00082076,19840601,TMAX,135,,,a,
ASN00082076,19840602,TMAX,120,,,a,
ASN00082076,19840603,TMAX,130,,,a,
ASN00082076,19840604,TMAX,160,,,a,
ASN00082076,19840605,TMAX,152,,,a,
ASN00082076,19840606,TMAX,152,,,a,
ASN00082076,19840607,TMAX,162,,,a,
ASN00082076,19840608,TMAX,144,,,a,
ASN00082076,19840609,TMAX,115,,,a,
ASN00082076,19840610,TMAX,130,,,a,
ASN00082076,19840611,TMAX,127,,,a,
ASN00082076,19840612,TMAX,126,,,a,
ASN00082076,19840613,TMAX,137,,,a,
ASN00082076,19840614,TMAX,134,,,a,
ASN00082076,19840615,TMAX,162,,,a,
ASN00082076,19840616,TMAX,140,,,a,
ASN00082076,19840617,TMAX,177,,,a,
ASN00082076,19840618,TMAX,133,,,a,
ASN00082076,19840619,TMAX,122,,,a,
ASN00082076,19840620,TMAX,138,,,a,
ASN00082076,19840621,TMAX,127,,,a,
ASN00082076,19840622,TMAX,120,,,a,
ASN00082076,19840623,TMAX,135,,,a,
ASN00082076,19840624,TMAX,141,,,a,
ASN00082076,19840625,TMAX,150,,,a,
ASN00082076,19840626,TMAX,116,,,a,
ASN00082076,19840627,TMAX,101,,,a,
ASN00082076,19840628,TMAX,138,,,a,
ASN00082076,19840629,TMAX,100,,,a,
ASN00082076,19840630,TMAX,135,,,a,
ASN00082076,19840601,TMIN,67,,,a,
ASN00082076,19840602,TMIN,40,,,a,
ASN00082076,19840603,TMIN,58,,,a,
ASN00082076,19840604,TMIN,75,,,a,
ASN00082076,19840605,TMIN,42,,,a,
ASN00082076,19840606,TMIN,31,,,a,
ASN00082076,19840607,TMIN,13,,,a,
ASN00082076,19840608,TMIN,35,,,a,
ASN00082076,19840609,TMIN,25,,,a,
ASN00082076,19840610,TMIN,52,,,a,
ASN00082076,19840611,TMIN,-22,,,a,
ASN00082076,19840612,TMIN,-10,,,a,
ASN00082076,19840613,TMIN,-9,,,a,
ASN00082076,19840614,TMIN,-3,,,a,
ASN00082076,19840615,TMIN,23,,,a,
ASN00082076,19840616,TMIN,42,,,a,
ASN00082076,19840617,TMIN,66,,,a,
ASN00082076,19840618,TMIN,45,,,a,
ASN00082076,19840619,TMIN,24,,,a,
ASN00082076,19840620,TMIN,93,,,a,
ASN00082076,19840621,TMIN,10,,,a,
ASN00082076,19840622,TMIN,0,,,a,
ASN00082076,19840623,TMIN,-30,,,a,
ASN00082076,19840624,TMIN,-10,,,a,
ASN00082076,19840625,TMIN,-13,,,a,
ASN00082076,19840626,TMIN,-6,,,a,
ASN00082076,19840627,TMIN,12,,,a,
ASN00082076,19840628,TMIN,23,,,a,
ASN00082076,19840629,TMIN,1,,,a,
ASN00082076,19840630,TMIN,-5,,,a,
ASN00082076,19840601,PRCP,130,,,a,
ASN00082076,19840602,PRCP,0,,,a,
ASN00082076,19840603,PRCP,0,,,a,
ASN00082076,19840604,PRCP,6,,,a,
ASN00082076,19840605,PRCP,0,,,a,
ASN00082076,19840606,PRCP,0,,,a,
ASN00082076,19840607,PRCP,0,,,a,
ASN00082076,19840608,PRCP,44,,,a,
ASN00082076,19840609,PRCP,4,,,a,
ASN00082076,19840610,PRCP,16,,,a,
ASN00082076,19840611,PRCP,0,,,a,
ASN00082076,19840612,PRCP,0,,,a,
ASN00082076,19840613,PRCP,0,,,a,
ASN00082076,19840614,PRCP,0,,,a,
ASN00082076,19840615,PRCP,0,,,a,
ASN00082076,19840616,PRCP,0,,,a,
ASN00082076,19840617,PRCP,4,,,a,
ASN00082076,19840618,PRCP,2,,,a,
ASN00082076,19840619,PRCP,2,,,a,
ASN00082076,19840620,PRCP,0,,,a,
ASN00082076,19840621,PRCP,0,,,a,
ASN00082076,19840622,PRCP,0,,,a,
ASN00082076,19840623,PRCP,0,,,a,
ASN00082076,19840624,PRCP,0,,,a,
ASN00082076,19840625,PRCP,0,,,a,
ASN00082076,19840626,PRCP,0,,,a,
ASN00082076,19840627,PRCP,0,,,a,
ASN00082076,19840628,PRCP,10,,,a,
ASN00082076,19840629,PRCP,0,,,a,
ASN00082076,19840630,PRCP,4,,,a,
ASN00082076,19840701,TMAX,138,,,a,
ASN00082076,19840702,TMAX,98,,,a,
ASN00082076,19840703,TMAX,81,,,a,
ASN00082076,19840704,TMAX,112,,,a,
ASN00082076,19840705,TMAX,125,,,a,
ASN00082076,19840706,TMAX,124,,,a,
ASN00082076,19840707,TMAX,72,,,a,
ASN00082076,19840708,TMAX,128,,,a,
ASN00082076,19840709,TMAX,93,,,a,
ASN00082076,19840710,TMAX,101,,,a,
ASN00082076,19840711,TMAX,104,,,a,
ASN00082076,19840712,TMAX,120,,,a,
ASN00082076,19840713,TMAX,96,,,a,
ASN00082076,19840714,TMAX,105,,,a,
ASN00082076,19840715,TMAX,121,,,a,
ASN00082076,19840716,TMAX,103,,,a,
ASN00082076,19840717,TMAX,84,,,a,
ASN00082076,19840718,TMAX,108,,,a,
ASN00082076,19840719,TMAX,65,,,a,
ASN00082076,19840720,TMAX,115,,,a,
ASN00082076,19840721,TMAX,96,,,a,
ASN00082076,19840722,TMAX,80,,,a,
ASN00082076,19840723,TMAX,92,,,a,
ASN00082076,19840724,TMAX,101,,,a,
ASN00082076,19840725,TMAX,142,,,a,
ASN00082076,19840726,TMAX,130,,,a,
ASN00082076,19840727,TMAX,107,,,a,
ASN00082076,19840728,TMAX,104,,,a,
ASN00082076,19840729,TMAX,99,,,a,
ASN00082076,19840730,TMAX,100,,,a,
ASN00082076,19840731,TMAX,139,,,a,
ASN00082076,19840701,TMIN,8,,,a,
ASN00082076,19840702,TMIN,14,,,a,
ASN00082076,19840703,TMIN,12,,,a,
ASN00082076,19840704,TMIN,12,,,a,
ASN00082076,19840705,TMIN,10,,,a,
ASN00082076,19840706,TMIN,-25,,,a,
ASN00082076,19840707,TMIN,10,,,a,
ASN00082076,19840708,TMIN,32,,,a,
ASN00082076,19840709,TMIN,10,,,a,
ASN00082076,19840710,TMIN,16,,,a,
ASN00082076,19840711,TMIN,19,,,a,
ASN00082076,19840712,TMIN,38,,,a,
ASN00082076,19840713,TMIN,29,,,a,
ASN00082076,19840714,TMIN,42,,,a,
ASN00082076,19840715,TMIN,-15,,,a,
ASN00082076,19840716,TMIN,40,,,a,
ASN00082076,19840717,TMIN,38,,,a,
ASN00082076,19840718,TMIN,25,,,a,
ASN00082076,19840719,TMIN,17,,,a,
ASN00082076,19840720,TMIN,7,,,a,
ASN00082076,19840721,TMIN,-4,,,a,
ASN00082076,19840722,TMIN,26,,,a,
ASN00082076,19840723,TMIN,47,,,a,
ASN00082076,19840724,TMIN,67,,,a,
ASN00082076,19840725,TMIN,55,,,a,
ASN00082076,19840726,TMIN,4,,,a,
ASN00082076,19840727,TMIN,22,,,a,
ASN00082076,19840728,TMIN,58,,,a,
ASN00082076,19840729,TMIN,62,,,a,
ASN00082076,19840730,TMIN,52,,,a,
ASN00082076,19840731,TMIN,60,,,a,
ASN00082076,19840701,PRCP,0,,,a,
ASN00082076,19840702,PRCP,26,,,a,
ASN00082076,19840703,PRCP,68,,,a,
ASN00082076,19840704,PRCP,2,,,a,
ASN00082076,19840705,PRCP,0,,,a,
ASN00082076,19840706,PRCP,0,,,a,
ASN00082076,19840707,PRCP,0,,,a,
ASN00082076,19840708,PRCP,26,,,a,
ASN00082076,19840709,PRCP,0,,,a,
ASN00082076,19840710,PRCP,10,,,a,
ASN00082076,19840711,PRCP,50,,,a,
ASN00082076,19840712,PRCP,8,,,a,
ASN00082076,19840713,PRCP,20,,,a,
ASN00082076,19840714,PRCP,4,,,a,
ASN00082076,19840715,PRCP,0,,,a,
ASN00082076,19840716,PRCP,166,,,a,
ASN00082076,19840717,PRCP,134,,,a,
ASN00082076,19840718,PRCP,0,,,a,
ASN00082076,19840719,PRCP,0,,,a,
ASN00082076,19840720,PRCP,104,,,a,
ASN00082076,19840721,PRCP,2,,,a,
ASN00082076,19840722,PRCP,0,,,a,
ASN00082076,19840723,PRCP,116,,,a,
ASN00082076,19840724,PRCP,32,,,a,
ASN00082076,19840725,PRCP,12,,,a,
ASN00082076,19840726,PRCP,0,,,a,
ASN00082076,19840727,PRCP,6,,,a,
ASN00082076,19840728,PRCP,104,,,a,
ASN00082076,19840729,PRCP,92,,,a,
ASN00082076,19840730,PRCP,10,,,a,
ASN00082076,19840731,PRCP,12,,,a,
ASN00082076,19840801,TMAX,132,,,a,
ASN00082076,19840802,TMAX,140,,,a,
ASN00082076,19840803,TMAX,144,,,a,
ASN00082076,19840804,TMAX,168,,,a,
ASN00082076,19840805,TMAX,96,,,a,
ASN00082076,19840806,TMAX,172,,,a,
ASN00082076,19840807,TMAX,152,,,a,
ASN00082076,19840808,TMAX,175,,,a,
ASN00082076,19840809,TMAX,90,,,a,
ASN00082076,19840810,TMAX,95,,,a,
ASN00082076,19840811,TMAX,115,,,a,
ASN00082076,19840812,TMAX,117,,,a,
ASN00082076,19840813,TMAX,114,,,a,
ASN00082076,19840814,TMAX,138,,,a,
ASN00082076,19840815,TMAX,138,,,a,
ASN00082076,19840816,TMAX,106,,,a,
ASN00082076,19840817,TMAX,92,,,a,
ASN00082076,19840818,TMAX,110,,,a,
ASN00082076,19840819,TMAX,111,,,a,
ASN00082076,19840820,TMAX,97,,,a,
ASN00082076,19840821,TMAX,103,,,a,
ASN00082076,19840822,TMAX,127,,,a,
ASN00082076,19840823,TMAX,123,,,a,
ASN00082076,19840824,TMAX,168,,,a,
ASN00082076,19840825,TMAX,107,,,a,
ASN00082076,19840826,TMAX,121,,,a,
ASN00082076,19840827,TMAX,118,,,a,
ASN00082076,19840828,TMAX,103,,,a,
ASN00082076,19840829,TMAX,134,,,a,
ASN00082076,19840830,TMAX,161,,,a,
ASN00082076,19840831,TMAX,138,,,a,
ASN00082076,19840801,TMIN,74,,,a,
ASN00082076,19840802,TMIN,73,,,a,
ASN00082076,19840803,TMIN,25,,,a,
ASN00082076,19840804,TMIN,8,,,a,
ASN00082076,19840805,TMIN,48,,,a,
ASN00082076,19840806,TMIN,65,,,a,
ASN00082076,19840807,TMIN,50,,,a,
ASN00082076,19840808,TMIN,52,,,a,
ASN00082076,19840809,TMIN,50,,,a,
ASN00082076,19840810,TMIN,57,,,a,
ASN00082076,19840811,TMIN,36,,,a,
ASN00082076,19840812,TMIN,50,,,a,
ASN00082076,19840813,TMIN,-3,,,a,
ASN00082076,19840814,TMIN,0,,,a,
ASN00082076,19840815,TMIN,-8,,,a,
ASN00082076,19840816,TMIN,-8,,,a,
ASN00082076,19840817,TMIN,22,,,a,
ASN00082076,19840818,TMIN,40,,,a,
ASN00082076,19840819,TMIN,70,,,a,
ASN00082076,19840820,TMIN,41,,,a,
ASN00082076,19840821,TMIN,47,,,a,
ASN00082076,19840822,TMIN,57,,,a,
ASN00082076,19840823,TMIN,38,,,a,
ASN00082076,19840824,TMIN,20,,,a,
ASN00082076,19840825,TMIN,45,,,a,
ASN00082076,19840826,TMIN,56,,,a,
ASN00082076,19840827,TMIN,62,,,a,
ASN00082076,19840828,TMIN,35,,,a,
ASN00082076,19840829,TMIN,8,,,a,
ASN00082076,19840830,TMIN,18,,,a,
ASN00082076,19840831,TMIN,32,,,a,
ASN00082076,19840801,PRCP,14,,,a,
ASN00082076,19840802,PRCP,0,,,a,
ASN00082076,19840803,PRCP,0,,,a,
ASN00082076,19840804,PRCP,0,,,a,
ASN00082076,19840805,PRCP,0,,,a,
ASN00082076,19840806,PRCP,162,,,a,
ASN00082076,19840807,PRCP,16,,,a,
ASN00082076,19840808,PRCP,0,,,a,
ASN00082076,19840809,PRCP,8,,,a,
ASN00082076,19840810,PRCP,410,,,a,
ASN00082076,19840811,PRCP,78,,,a,
ASN00082076,19840812,PRCP,22,,,a,
ASN00082076,19840813,PRCP,50,,,a,
ASN00082076,19840814,PRCP,0,,,a,
ASN00082076,19840815,PRCP,0,,,a,
ASN00082076,19840816,PRCP,0,,,a,
ASN00082076,19840817,PRCP,34,,,a,
ASN00082076,19840818,PRCP,176,,,a,
ASN00082076,19840819,PRCP,154,,,a,
ASN00082076,19840820,PRCP,42,,,a,
ASN00082076,19840821,PRCP,402,,,a,
ASN00082076,19840822,PRCP,78,,,a,
ASN00082076,19840823,PRCP,156,,,a,
ASN00082076,19840824,PRCP,0,,,a,
ASN00082076,19840825,PRCP,218,,,a,
ASN00082076,19840826,PRCP,26,,,a,
ASN00082076,19840827,PRCP,134,,,a,
ASN00082076,19840828,PRCP,44,,,a,
ASN00082076,19840829,PRCP,12,,,a,
ASN00082076,19840830,PRCP,0,,,a,
ASN00082076,19840831,PRCP,0,,,a,
ASN00082076,19840901,TMAX,185,,,a,
ASN00082076,19840902,TMAX,120,,,a,
ASN00082076,19840903,TMAX,158,,,a,
ASN00082076,19840904,TMAX,186,,,a,
ASN00082076,19840905,TMAX,107,,,a,
ASN00082076,19840906,TMAX,127,,,a,
ASN00082076,19840907,TMAX,164,,,a,
ASN00082076,19840908,TMAX,177,,,a,
ASN00082076,19840909,TMAX,187,,,a,
ASN00082076,19840910,TMAX,197,,,a,
ASN00082076,19840911,TMAX,143,,,a,
ASN00082076,19840912,TMAX,135,,,a,
ASN00082076,19840913,TMAX,162,,,a,
ASN00082076,19840914,TMAX,175,,,a,
ASN00082076,19840915,TMAX,190,,,a,
ASN00082076,19840916,TMAX,170,,,a,
ASN00082076,19840917,TMAX,141,,,a,
ASN00082076,19840918,TMAX,136,,,a,
ASN00082076,19840919,TMAX,125,,,a,
ASN00082076,19840920,TMAX,172,,,a,
ASN00082076,19840921,TMAX,156,,,a,
ASN00082076,19840922,TMAX,125,,,a,
ASN00082076,19840923,TMAX,127,,,a,
ASN00082076,19840924,TMAX,128,,,a,
ASN00082076,19840925,TMAX,135,,,a,
ASN00082076,19840926,TMAX,158,,,a,
ASN00082076,19840927,TMAX,125,,,a,
ASN00082076,19840928,TMAX,152,,,a,
ASN00082076,19840929,TMAX,122,,,a,
ASN00082076,19840930,TMAX,182,,,a,
ASN00082076,19840901,TMIN,35,,,a,
ASN00082076,19840902,TMIN,40,,,a,
ASN00082076,19840903,TMIN,60,,,a,
ASN00082076,19840904,TMIN,88,,,a,
ASN00082076,19840905,TMIN,62,,,a,
ASN00082076,19840906,TMIN,63,,,a,
ASN00082076,19840907,TMIN,75,,,a,
ASN00082076,19840908,TMIN,47,,,a,
ASN00082076,19840909,TMIN,30,,,a,
ASN00082076,19840910,TMIN,42,,,a,
ASN00082076,19840911,TMIN,66,,,a,
ASN00082076,19840912,TMIN,-13,,,a,
ASN00082076,19840913,TMIN,-4,,,a,
ASN00082076,19840914,TMIN,30,,,a,
ASN00082076,19840915,TMIN,25,,,a,
ASN00082076,19840916,TMIN,24,,,a,
ASN00082076,19840917,TMIN,78,,,a,
ASN00082076,19840918,TMIN,92,,,a,
ASN00082076,19840919,TMIN,60,,,a,
ASN00082076,19840920,TMIN,72,,,a,
ASN00082076,19840921,TMIN,100,,,a,
ASN00082076,19840922,TMIN,43,,,a,
ASN00082076,19840923,TMIN,35,,,a,
ASN00082076,19840924,TMIN,56,,,a,
ASN00082076,19840925,TMIN,48,,,a,
ASN00082076,19840926,TMIN,-6,,,a,
ASN00082076,19840927,TMIN,32,,,a,
ASN00082076,19840928,TMIN,55,,,a,
ASN00082076,19840929,TMIN,-10,,,a,
ASN00082076,19840930,TMIN,15,,,a,
ASN00082076,19840901,PRCP,0,,,a,
ASN00082076,19840902,PRCP,0,,,a,
ASN00082076,19840903,PRCP,38,,,a,
ASN00082076,19840904,PRCP,0,,,a,
ASN00082076,19840905,PRCP,192,,,a,
ASN00082076,19840906,PRCP,64,,,a,
ASN00082076,19840907,PRCP,10,,,a,
ASN00082076,19840908,PRCP,0,,,a,
ASN00082076,19840909,PRCP,8,,,a,
ASN00082076,19840910,PRCP,0,,,a,
ASN00082076,19840911,PRCP,272,,,a,
ASN00082076,19840912,PRCP,20,,,a,
ASN00082076,19840913,PRCP,0,,,a,
ASN00082076,19840914,PRCP,0,,,a,
ASN00082076,19840915,PRCP,0,,,a,
ASN00082076,19840916,PRCP,0,,,a,
ASN00082076,19840917,PRCP,122,,,a,
ASN00082076,19840918,PRCP,104,,,a,
ASN00082076,19840919,PRCP,2,,,a,
ASN00082076,19840920,PRCP,10,,,a,
ASN00082076,19840921,PRCP,62,,,a,
ASN00082076,19840922,PRCP,16,,,a,
ASN00082076,19840923,PRCP,2,,,a,
ASN00082076,19840924,PRCP,14,,,a,
ASN00082076,19840925,PRCP,30,,,a,
ASN00082076,19840926,PRCP,0,,,a,
ASN00082076,19840927,PRCP,0,,,a,
ASN00082076,19840928,PRCP,20,,,a,
ASN00082076,19840929,PRCP,8,,,a,
ASN00082076,19840930,PRCP,0,,,a,
ASN00082076,19841001,TMAX,183,,,a,
ASN00082076,19841002,TMAX,216,,,a,
ASN00082076,19841003,TMAX,148,,,a,
ASN00082076,19841004,TMAX,183,,,a,
ASN00082076,19841005,TMAX,202,,,a,
ASN00082076,19841006,TMAX,222,,,a,
ASN00082076,19841007,TMAX,218,,,a,
ASN00082076,19841008,TMAX,242,,,a,
ASN00082076,19841009,TMAX,209,,,a,
ASN00082076,19841010,TMAX,192,,,a,
ASN00082076,19841011,TMAX,208,,,a,
ASN00082076,19841012,TMAX,238,,,a,
ASN00082076,19841013,TMAX,264,,,a,
ASN00082076,19841014,TMAX,274,,,a,
ASN00082076,19841015,TMAX,228,,,a,
ASN00082076,19841016,TMAX,117,,,a,
ASN00082076,19841017,TMAX,112,,,a,
ASN00082076,19841018,TMAX,166,,,a,
ASN00082076,19841019,TMAX,203,,,a,
ASN00082076,19841020,TMAX,205,,,a,
ASN00082076,19841021,TMAX,211,,,a,
ASN00082076,19841022,TMAX,227,,,a,
ASN00082076,19841023,TMAX,244,,,a,
ASN00082076,19841024,TMAX,268,,,a,
ASN00082076,19841025,TMAX,233,,,a,
ASN00082076,19841026,TMAX,260,,,a,
ASN00082076,19841027,TMAX,168,,,a,
ASN00082076,19841028,TMAX,253,,,a,
ASN00082076,19841029,TMAX,182,,,a,
ASN00082076,19841030,TMAX,204,,,a,
ASN00082076,19841031,TMAX,247,,,a,
ASN00082076,19841001,TMIN,8,,,a,
ASN00082076,19841002,TMIN,62,,,a,
ASN00082076,19841003,TMIN,105,,,a,
ASN00082076,19841004,TMIN,103,,,a,
ASN00082076,19841005,TMIN,40,,,a,
ASN00082076,19841006,TMIN,55,,,a,
ASN00082076,19841007,TMIN,48,,,a,
ASN00082076,19841008,TMIN,73,,,a,
ASN00082076,19841009,TMIN,84,,,a,
ASN00082076,19841010,TMIN,103,,,a,
ASN00082076,19841011,TMIN,18,,,a,
ASN00082076,19841012,TMIN,32,,,a,
ASN00082076,19841013,TMIN,50,,,a,
ASN00082076,19841014,TMIN,85,,,a,
ASN00082076,19841015,TMIN,59,,,a,
ASN00082076,19841016,TMIN,84,,,a,
ASN00082076,19841017,TMIN,23,,,a,
ASN00082076,19841018,TMIN,3,,,a,
ASN00082076,19841019,TMIN,17,,,a,
ASN00082076,19841020,TMIN,37,,,a,
ASN00082076,19841021,TMIN,105,,,a,
ASN00082076,19841022,TMIN,51,,,a,
ASN00082076,19841023,TMIN,64,,,a,
ASN00082076,19841024,TMIN,52,,,a,
ASN00082076,19841025,TMIN,98,,,a,
ASN00082076,19841026,TMIN,115,,,a,
ASN00082076,19841027,TMIN,114,,,a,
ASN00082076,19841028,TMIN,125,,,a,
ASN00082076,19841029,TMIN,117,,,a,
ASN00082076,19841030,TMIN,92,,,a,
ASN00082076,19841031,TMIN,53,,,a,
ASN00082076,19841001,PRCP,0,,,a,
ASN00082076,19841002,PRCP,0,,,a,
ASN00082076,19841003,PRCP,140,,,a,
ASN00082076,19841004,PRCP,516,,,a,
ASN00082076,19841005,PRCP,0,,,a,
ASN00082076,19841006,PRCP,0,,,a,
ASN00082076,19841007,PRCP,0,,,a,
ASN00082076,19841008,PRCP,0,,,a,
ASN00082076,19841009,PRCP,0,,,a,
ASN00082076,19841010,PRCP,8,,,a,
ASN00082076,19841011,PRCP,0,,,a,
ASN00082076,19841012,PRCP,0,,,a,
ASN00082076,19841013,PRCP,0,,,a,
ASN00082076,19841014,PRCP,0,,,a,
ASN00082076,19841015,PRCP,0,,,a,
ASN00082076,19841016,PRCP,2,,,a,
ASN00082076,19841017,PRCP,6,,,a,
ASN00082076,19841018,PRCP,0,,,a,
ASN00082076,19841019,PRCP,0,,,a,
ASN00082076,19841020,PRCP,0,,,a,
ASN00082076,19841021,PRCP,24,,,a,
ASN00082076,19841022,PRCP,0,,,a,
ASN00082076,19841023,PRCP,0,,,a,
ASN00082076,19841024,PRCP,0,,,a,
ASN00082076,19841025,PRCP,0,,,a,
ASN00082076,19841026,PRCP,20,,,a,
ASN00082076,19841027,PRCP,68,,,a,
ASN00082076,19841028,PRCP,134,,,a,
ASN00082076,19841029,PRCP,0,,,a,
ASN00082076,19841030,PRCP,0,,,a,
ASN00082076,19841031,PRCP,0,,,a,
ASN00082076,19841101,TMAX,250,,,a,
ASN00082076,19841102,TMAX,235,,,a,
ASN00082076,19841103,TMAX,260,,,a,
ASN00082076,19841104,TMAX,238,,,a,
ASN00082076,19841105,TMAX,204,,,a,
ASN00082076,19841106,TMAX,220,,,a,
ASN00082076,19841107,TMAX,260,,,a,
ASN00082076,19841108,TMAX,274,,,a,
ASN00082076,19841109,TMAX,302,,,a,
ASN00082076,19841110,TMAX,310,,,a,
ASN00082076,19841111,TMAX,267,,,a,
ASN00082076,19841112,TMAX,225,,,a,
ASN00082076,19841113,TMAX,203,,,a,
ASN00082076,19841114,TMAX,232,,,a,
ASN00082076,19841115,TMAX,220,,,a,
ASN00082076,19841116,TMAX,258,,,a,
ASN00082076,19841117,TMAX,288,,,a,
ASN00082076,19841118,TMAX,316,,,a,
ASN00082076,19841119,TMAX,290,,,a,
ASN00082076,19841120,TMAX,275,,,a,
ASN00082076,19841121,TMAX,229,,,a,
ASN00082076,19841122,TMAX,190,,,a,
ASN00082076,19841123,TMAX,180,,,a,
ASN00082076,19841124,TMAX,225,,,a,
ASN00082076,19841125,TMAX,263,,,a,
ASN00082076,19841126,TMAX,286,,,a,
ASN00082076,19841127,TMAX,310,,,a,
ASN00082076,19841128,TMAX,278,,,a,
ASN00082076,19841129,TMAX,254,,,a,
ASN00082076,19841130,TMAX,250,,,a,
ASN00082076,19841101,TMIN,52,,,a,
ASN00082076,19841102,TMIN,97,,,a,
ASN00082076,19841103,TMIN,135,,,a,
ASN00082076,19841104,TMIN,144,,,a,
ASN00082076,19841105,TMIN,141,,,a,
ASN00082076,19841106,TMIN,127,,,a,
ASN00082076,19841107,TMIN,120,,,a,
ASN00082076,19841108,TMIN,95,,,a,
ASN00082076,19841109,TMIN,114,,,a,
ASN00082076,19841110,TMIN,124,,,a,
ASN00082076,19841111,TMIN,162,,,a,
ASN00082076,19841112,TMIN,98,,,a,
ASN00082076,19841113,TMIN,100,,,a,
ASN00082076,19841114,TMIN,112,,,a,
ASN00082076,19841115,TMIN,127,,,a,
ASN00082076,19841116,TMIN,60,,,a,
ASN00082076,19841117,TMIN,80,,,a,
ASN00082076,19841118,TMIN,96,,,a,
ASN00082076,19841119,TMIN,117,,,a,
ASN00082076,19841120,TMIN,98,,,a,
ASN00082076,19841121,TMIN,83,,,a,
ASN00082076,19841122,TMIN,82,,,a,
ASN00082076,19841123,TMIN,13,,,a,
ASN00082076,19841124,TMIN,56,,,a,
ASN00082076,19841125,TMIN,64,,,a,
ASN00082076,19841126,TMIN,100,,,a,
ASN00082076,19841127,TMIN,95,,,a,
ASN00082076,19841128,TMIN,158,,,a,
ASN00082076,19841129,TMIN,48,,,a,
ASN00082076,19841130,TMIN,67,,,a,
ASN00082076,19841101,PRCP,0,,,a,
ASN00082076,19841102,PRCP,0,,,a,
ASN00082076,19841103,PRCP,80,,,a,
ASN00082076,19841104,PRCP,0,,,a,
ASN00082076,19841105,PRCP,0,,,a,
ASN00082076,19841106,PRCP,0,,,a,
ASN00082076,19841107,PRCP,0,,,a,
ASN00082076,19841108,PRCP,0,,,a,
ASN00082076,19841109,PRCP,0,,,a,
ASN00082076,19841110,PRCP,0,,,a,
ASN00082076,19841111,PRCP,0,,,a,
ASN00082076,19841112,PRCP,2,,,a,
ASN00082076,19841113,PRCP,4,,,a,
ASN00082076,19841114,PRCP,20,,,a,
ASN00082076,19841115,PRCP,0,,,a,
ASN00082076,19841116,PRCP,0,,,a,
ASN00082076,19841117,PRCP,0,,,a,
ASN00082076,19841118,PRCP,0,,,a,
ASN00082076,19841119,PRCP,0,,,a,
ASN00082076,19841120,PRCP,0,,,a,
ASN00082076,19841121,PRCP,0,,,a,
ASN00082076,19841122,PRCP,0,,,a,
ASN00082076,19841123,PRCP,0,,,a,
ASN00082076,19841124,PRCP,0,,,a,
ASN00082076,19841125,PRCP,0,,,a,
ASN00082076,19841126,PRCP,0,,,a,
ASN00082076,19841127,PRCP,0,,,a,
ASN00082076,19841128,PRCP,12,,,a,
ASN00082076,19841129,PRCP,0,,,a,
ASN00082076,19841130,PRCP,0,,,a,
ASN00082076,19841201,TMAX,264,,,a,
ASN00082076,19841202,TMAX,310,,,a,
ASN00082076,19841203,TMAX,205,,,a,
ASN00082076,19841204,TMAX,164,,,a,
ASN00082076,19841205,TMAX,240,,,a,
ASN00082076,19841206,TMAX,263,,,a,
ASN00082076,19841207,TMAX,250,,,a,
ASN00082076,19841208,TMAX,210,,,a,
ASN00082076,19841209,TMAX,234,,,a,
ASN00082076,19841210,TMAX,247,,,a,
ASN00082076,19841211,TMAX,210,,,a,
ASN00082076,19841212,TMAX,228,,,a,
ASN00082076,19841213,TMAX,241,,,a,
ASN00082076,19841214,TMAX,280,,,a,
ASN00082076,19841215,TMAX,232,,,a,
ASN00082076,19841216,TMAX,277,,,a,
ASN00082076,19841217,TMAX,298,,,a,
ASN00082076,19841218,TMAX,282,,,a,
ASN00082076,19841219,TMAX,248,,,a,
ASN00082076,19841220,TMAX,184,,,a,
ASN00082076,19841221,TMAX,235,,,a,
ASN00082076,19841222,TMAX,277,,,a,
ASN00082076,19841223,TMAX,300,,,a,
ASN00082076,19841224,TMAX,303,,,a,
ASN00082076,19841225,TMAX,330,,,a,
ASN00082076,19841226,TMAX,236,,,a,
ASN00082076,19841227,TMAX,208,,,a,
ASN00082076,19841228,TMAX,226,,,a,
ASN00082076,19841229,TMAX,280,,,a,
ASN00082076,19841230,TMAX,294,,,a,
ASN00082076,19841231,TMAX,238,,,a,
ASN00082076,19841201,TMIN,66,,,a,
ASN00082076,19841202,TMIN,56,,,a,
ASN00082076,19841203,TMIN,114,,,a,
ASN00082076,19841204,TMIN,26,,,a,
ASN00082076,19841205,TMIN,96,,,a,
ASN00082076,19841206,TMIN,68,,,a,
ASN00082076,19841207,TMIN,130,,,a,
ASN00082076,19841208,TMIN,112,,,a,
ASN00082076,19841209,TMIN,112,,,a,
ASN00082076,19841210,TMIN,118,,,a,
ASN00082076,19841211,TMIN,123,,,a,
ASN00082076,19841212,TMIN,62,,,a,
ASN00082076,19841213,TMIN,62,,,a,
ASN00082076,19841214,TMIN,77,,,a,
ASN00082076,19841215,TMIN,102,,,a,
ASN00082076,19841216,TMIN,55,,,a,
ASN00082076,19841217,TMIN,82,,,a,
ASN00082076,19841218,TMIN,93,,,a,
ASN00082076,19841219,TMIN,90,,,a,
ASN00082076,19841220,TMIN,123,,,a,
ASN00082076,19841221,TMIN,23,,,a,
ASN00082076,19841222,TMIN,62,,,a,
ASN00082076,19841223,TMIN,83,,,a,
ASN00082076,19841224,TMIN,120,,,a,
ASN00082076,19841225,TMIN,145,,,a,
ASN00082076,19841226,TMIN,125,,,a,
ASN00082076,19841227,TMIN,125,,,a,
ASN00082076,19841228,TMIN,117,,,a,
ASN00082076,19841229,TMIN,155,,,a,
ASN00082076,19841230,TMIN,152,,,a,
ASN00082076,19841231,TMIN,145,,,a,
ASN00082076,19841201,PRCP,0,,,a,
ASN00082076,19841202,PRCP,0,,,a,
ASN00082076,19841203,PRCP,34,,,a,
ASN00082076,19841204,PRCP,0,,,a,
ASN00082076,19841205,PRCP,8,,,a,
ASN00082076,19841206,PRCP,0,,,a,
ASN00082076,19841207,PRCP,0,,,a,
ASN00082076,19841208,PRCP,0,,,a,
ASN00082076,19841209,PRCP,0,,,a,
ASN00082076,19841210,PRCP,0,,,a,
ASN00082076,19841211,PRCP,6,,,a,
ASN00082076,19841212,PRCP,34,,,a,
ASN00082076,19841213,PRCP,0,,,a,
ASN00082076,19841214,PRCP,0,,,a,
ASN00082076,19841215,PRCP,26,,,a,
ASN00082076,19841216,PRCP,0,,,a,
ASN00082076,19841217,PRCP,0,,,a,
ASN00082076,19841218,PRCP,4,,,a,
ASN00082076,19841219,PRCP,0,,,a,
ASN00082076,19841220,PRCP,12,,,a,
ASN00082076,19841221,PRCP,22,,,a,
ASN00082076,19841222,PRCP,0,,,a,
ASN00082076,19841223,PRCP,0,,,a,
ASN00082076,19841224,PRCP,0,,,a,
ASN00082076,19841225,PRCP,0,,,a,
ASN00082076,19841226,PRCP,0,,,a,
ASN00082076,19841227,PRCP,0,,,a,
ASN00082076,19841228,PRCP,0,,,a,
ASN00082076,19841229,PRCP,0,,,a,
ASN00082076,19841230,PRCP,0,,,a,
ASN00082076,19841231,PRCP,0,,,a,
ASN00082076,19850101,TMAX,295,,,a,
ASN00082076,19850102,TMAX,292,,,a,
ASN00082076,19850103,TMAX,235,,,a,
ASN00082076,19850104,TMAX,265,,,a,
ASN00082076,19850105,TMAX,245,,,a,
ASN00082076,19850106,TMAX,249,,,a,
ASN00082076,19850107,TMAX,266,,,a,
ASN00082076,19850108,TMAX,242,,,a,
ASN00082076,19850109,TMAX,246,,,a,
ASN00082076,19850110,TMAX,260,,,a,
ASN00082076,19850111,TMAX,296,,,a,
ASN00082076,19850112,TMAX,346,,,a,
ASN00082076,19850113,TMAX,386,,,a,
ASN00082076,19850114,TMAX,392,,,a,
ASN00082076,19850115,TMAX,387,,,a,
ASN00082076,19850116,TMAX,332,,,a,
ASN00082076,19850117,TMAX,268,,,a,
ASN00082076,19850118,TMAX,244,,,a,
ASN00082076,19850119,TMAX,240,,,a,
ASN00082076,19850120,TMAX,281,,,a,
ASN00082076,19850121,TMAX,318,,,a,
ASN00082076,19850122,TMAX,328,,,a,
ASN00082076,19850123,TMAX,282,,,a,
ASN00082076,19850124,TMAX,283,,,a,
ASN00082076,19850125,TMAX,304,,,a,
ASN00082076,19850126,TMAX,320,,,a,
ASN00082076,19850127,TMAX,318,,,a,
ASN00082076,19850128,TMAX,350,,,a,
ASN00082076,19850129,TMAX,352,,,a,
ASN00082076,19850130,TMAX,368,,,a,
ASN00082076,19850131,TMAX,257,,,a,
ASN00082076,19850101,TMIN,150,,,a,
ASN00082076,19850102,TMIN,117,,,a,
ASN00082076,19850103,TMIN,113,,,a,
ASN00082076,19850104,TMIN,72,,,a,
ASN00082076,19850105,TMIN,130,,,a,
ASN00082076,19850106,TMIN,60,,,a,
ASN00082076,19850107,TMIN,60,,,a,
ASN00082076,19850108,TMIN,90,,,a,
ASN00082076,19850109,TMIN,101,,,a,
ASN00082076,19850110,TMIN,68,,,a,
ASN00082076,19850111,TMIN,88,,,a,
ASN00082076,19850112,TMIN,125,,,a,
ASN00082076,19850113,TMIN,130,,,a,
ASN00082076,19850114,TMIN,138,,,a,
ASN00082076,19850115,TMIN,200,,,a,
ASN00082076,19850116,TMIN,167,,,a,
ASN00082076,19850117,TMIN,123,,,a,
ASN00082076,19850118,TMIN,110,,,a,
ASN00082076,19850119,TMIN,102,,,a,
ASN00082076,19850120,TMIN,125,,,a,
ASN00082076,19850121,TMIN,137,,,a,
ASN00082076,19850122,TMIN,133,,,a,
ASN00082076,19850123,TMIN,166,,,a,
ASN00082076,19850124,TMIN,150,,,a,
ASN00082076,19850125,TMIN,136,,,a,
ASN00082076,19850126,TMIN,105,,,a,
ASN00082076,19850127,TMIN,130,,,a,
ASN00082076,19850128,TMIN,175,,,a,
ASN00082076,19850129,TMIN,123,,,a,
ASN00082076,19850130,TMIN,125,,,a,
ASN00082076,19850131,TMIN,177,,,a,
ASN00082076,19850101,PRCP,0,,,a,
ASN00082076,19850102,PRCP,0,,,a,
ASN00082076,19850103,PRCP,142,,,a,
ASN00082076,19850104,PRCP,0,,,a,
ASN00082076,19850105,PRCP,0,,,a,
ASN00082076,19850106,PRCP,0,,,a,
ASN00082076,19850107,PRCP,0,,,a,
ASN00082076,19850108,PRCP,0,,,a,
ASN00082076,19850109,PRCP,0,,,a,
ASN00082076,19850110,PRCP,0,,,a,
ASN00082076,19850111,PRCP,0,,,a,
ASN00082076,19850112,PRCP,0,,,a,
ASN00082076,19850113,PRCP,0,,,a,
ASN00082076,19850114,PRCP,0,,,a,
ASN00082076,19850115,PRCP,0,,,a,
ASN00082076,19850116,PRCP,0,,,a,
ASN00082076,19850117,PRCP,0,,,a,
ASN00082076,19850118,PRCP,0,,,a,
ASN00082076,19850119,PRCP,0,,,a,
ASN00082076,19850120,PRCP,0,,,a,
ASN00082076,19850121,PRCP,0,,,a,
ASN00082076,19850122,PRCP,0,,,a,
ASN00082076,19850123,PRCP,0,,,a,
ASN00082076,19850124,PRCP,0,,,a,
ASN00082076,19850125,PRCP,0,,,a,
ASN00082076,19850126,PRCP,0,,,a,
ASN00082076,19850127,PRCP,0,,,a,
ASN00082076,19850128,PRCP,0,,,a,
ASN00082076,19850129,PRCP,0,,,a,
ASN00082076,19850130,PRCP,0,,,a,
ASN00082076,19850131,PRCP,142,,,a,
ASN00082076,19850201,TMAX,265,,,a,
ASN00082076,19850202,TMAX,305,,,a,
ASN00082076,19850203,TMAX,340,,,a,
ASN00082076,19850204,TMAX,298,,,a,
ASN00082076,19850205,TMAX,346,,,a,
ASN00082076,19850206,TMAX,357,,,a,
ASN00082076,19850207,TMAX,228,,,a,
ASN00082076,19850208,TMAX,247,,,a,
ASN00082076,19850209,TMAX,310,,,a,
ASN00082076,19850210,TMAX,312,,,a,
ASN00082076,19850211,TMAX,306,,,a,
ASN00082076,19850212,TMAX,270,,,a,
ASN00082076,19850213,TMAX,325,,,a,
ASN00082076,19850214,TMAX,284,,,a,
ASN00082076,19850215,TMAX,321,,,a,
ASN00082076,19850216,TMAX,306,,,a,
ASN00082076,19850217,TMAX,254,,,a,
ASN00082076,19850218,TMAX,268,,,a,
ASN00082076,19850219,TMAX,298,,,a,
ASN00082076,19850220,TMAX,288,,,a,
ASN00082076,19850221,TMAX,306,,,a,
ASN00082076,19850222,TMAX,307,,,a,
ASN00082076,19850223,TMAX,290,,,a,
ASN00082076,19850224,TMAX,318,,,a,
ASN00082076,19850225,TMAX,306,,,a,
ASN00082076,19850226,TMAX,240,,,a,
ASN00082076,19850227,TMAX,168,,,a,
ASN00082076,19850228,TMAX,280,,,a,
ASN00082076,19850201,TMIN,102,,,a,
ASN00082076,19850202,TMIN,95,,,a,
ASN00082076,19850203,TMIN,112,,,a,
ASN00082076,19850204,TMIN,163,,,a,
ASN00082076,19850205,TMIN,174,,,a,
ASN00082076,19850206,TMIN,161,,,a,
ASN00082076,19850207,TMIN,164,,,a,
ASN00082076,19850208,TMIN,122,,,a,
ASN00082076,19850209,TMIN,92,,,a,
ASN00082076,19850210,TMIN,108,,,a,
ASN00082076,19850211,TMIN,158,,,a,
ASN00082076,19850212,TMIN,123,,,a,
ASN00082076,19850213,TMIN,110,,,a,
ASN00082076,19850214,TMIN,154,,,a,
ASN00082076,19850215,TMIN,96,,,a,
ASN00082076,19850216,TMIN,120,,,a,
ASN00082076,19850217,TMIN,120,,,a,
ASN00082076,19850218,TMIN,127,,,a,
ASN00082076,19850219,TMIN,105,,,a,
ASN00082076,19850220,TMIN,112,,,a,
ASN00082076,19850221,TMIN,120,,,a,
ASN00082076,19850222,TMIN,120,,,a,
ASN00082076,19850223,TMIN,174,,,a,
ASN00082076,19850224,TMIN,107,,,a,
ASN00082076,19850225,TMIN,118,,,a,
ASN00082076,19850226,TMIN,152,,,a,
ASN00082076,19850227,TMIN,54,,,a,
ASN00082076,19850228,TMIN,42,,,a,
ASN00082076,19850201,PRCP,16,,,a,
ASN00082076,19850202,PRCP,0,,,a,
ASN00082076,19850203,PRCP,0,,,a,
ASN00082076,19850204,PRCP,0,,,a,
ASN00082076,19850205,PRCP,52,,,a,
ASN00082076,19850206,PRCP,0,,,a,
ASN00082076,19850207,PRCP,0,,,a,
ASN00082076,19850208,PRCP,0,,,a,
ASN00082076,19850209,PRCP,0,,,a,
ASN00082076,19850210,PRCP,0,,,a,
ASN00082076,19850211,PRCP,0,,,a,
ASN00082076,19850212,PRCP,0,,,a,
ASN00082076,19850213,PRCP,0,,,a,
ASN00082076,19850214,PRCP,0,,,a,
ASN00082076,19850215,PRCP,0,,,a,
ASN00082076,19850216,PRCP,0,,,a,
ASN00082076,19850217,PRCP,0,,,a,
ASN00082076,19850218,PRCP,0,,,a,
ASN00082076,19850219,PRCP,0,,,a,
ASN00082076,19850220,PRCP,0,,,a,
ASN00082076,19850221,PRCP,8,,,a,
ASN00082076,19850222,PRCP,0,,,a,
ASN00082076,19850223,PRCP,0,,,a,
ASN00082076,19850224,PRCP,0,,,a,
ASN00082076,19850225,PRCP,0,,,a,
ASN00082076,19850226,PRCP,0,,,a,
ASN00082076,19850227,PRCP,0,,,a,
ASN00082076,19850228,PRCP,2,,,a,
ASN00082076,19850301,TMAX,282,,,a,
ASN00082076,19850302,TMAX,218,,,a,
ASN00082076,19850303,TMAX,277,,,a,
ASN00082076,19850304,TMAX,237,,,a,
ASN00082076,19850305,TMAX,201,,,a,
ASN00082076,19850306,TMAX,230,,,a,
ASN00082076,19850307,TMAX,275,,,a,
ASN00082076,19850308,TMAX,295,,,a,
ASN00082076,19850309,TMAX,310,,,a,
ASN00082076,19850310,TMAX,325,,,a,
ASN00082076,19850311,TMAX,322,,,a,
ASN00082076,19850312,TMAX,325,,,a,
ASN00082076,19850313,TMAX,348,,,a,
ASN00082076,19850314,TMAX,308,,,a,
ASN00082076,19850315,TMAX,318,,,a,
ASN00082076,19850316,TMAX,310,,,a,
ASN00082076,19850317,TMAX,214,,,a,
ASN00082076,19850318,TMAX,228,,,a,
ASN00082076,19850319,TMAX,247,,,a,
ASN00082076,19850320,TMAX,228,,,a,
ASN00082076,19850321,TMAX,287,,,a,
ASN00082076,19850322,TMAX,304,,,a,
ASN00082076,19850323,TMAX,310,,,a,
ASN00082076,19850324,TMAX,244,,,a,
ASN00082076,19850325,TMAX,219,,,a,
ASN00082076,19850326,TMAX,244,,,a,
ASN00082076,19850327,TMAX,277,,,a,
ASN00082076,19850328,TMAX,278,,,a,
ASN00082076,19850329,TMAX,285,,,a,
ASN00082076,19850330,TMAX,280,,,a,
ASN00082076,19850331,TMAX,269,,,a,
ASN00082076,19850301,TMIN,68,,,a,
ASN00082076,19850302,TMIN,107,,,a,
ASN00082076,19850303,TMIN,107,,,a,
ASN00082076,19850304,TMIN,65,,,a,
ASN00082076,19850305,TMIN,28,,,a,
ASN00082076,19850306,TMIN,93,,,a,
ASN00082076,19850307,TMIN,90,,,a,
ASN00082076,19850308,TMIN,96,,,a,
ASN00082076,19850309,TMIN,113,,,a,
ASN00082076,19850310,TMIN,127,,,a,
ASN00082076,19850311,TMIN,135,,,a,
ASN00082076,19850312,TMIN,149,,,a,
ASN00082076,19850313,TMIN,170,,,a,
ASN00082076,19850314,TMIN,142,,,a,
ASN00082076,19850315,TMIN,130,,,a,
ASN00082076,19850316,TMIN,135,,,a,
ASN00082076,19850317,TMIN,200,,,a,
ASN00082076,19850318,TMIN,149,,,a,
ASN00082076,19850319,TMIN,173,,,a,
ASN00082076,19850320,TMIN,140,,,a,
ASN00082076,19850321,TMIN,143,,,a,
ASN00082076,19850322,TMIN,145,,,a,
ASN00082076,19850323,TMIN,140,,,a,
ASN00082076,19850324,TMIN,158,,,a,
ASN00082076,19850325,TMIN,154,,,a,
ASN00082076,19850326,TMIN,124,,,a,
ASN00082076,19850327,TMIN,96,,,a,
ASN00082076,19850328,TMIN,105,,,a,
ASN00082076,19850329,TMIN,104,,,a,
ASN00082076,19850330,TMIN,148,,,a,
ASN00082076,19850331,TMIN,104,,,a,
ASN00082076,19850301,PRCP,0,,,a,
ASN00082076,19850302,PRCP,4,,,a,
ASN00082076,19850303,PRCP,0,,,a,
ASN00082076,19850304,PRCP,0,,,a,
ASN00082076,19850305,PRCP,0,,,a,
ASN00082076,19850306,PRCP,0,,,a,
ASN00082076,19850307,PRCP,0,,,a,
ASN00082076,19850308,PRCP,0,,,a,
ASN00082076,19850309,PRCP,0,,,a,
ASN00082076,19850310,PRCP,0,,,a,
ASN00082076,19850311,PRCP,0,,,a,
ASN00082076,19850312,PRCP,0,,,a,
ASN00082076,19850313,PRCP,0,,,a,
ASN00082076,19850314,PRCP,0,,,a,
ASN00082076,19850315,PRCP,0,,,a,
ASN00082076,19850316,PRCP,0,,,a,
ASN00082076,19850317,PRCP,4,,,a,
ASN00082076,19850318,PRCP,262,,,a,
ASN00082076,19850319,PRCP,0,,,a,
ASN00082076,19850320,PRCP,2,,,a,
ASN00082076,19850321,PRCP,20,,,a,
ASN00082076,19850322,PRCP,0,,,a,
ASN00082076,19850323,PRCP,0,,,a,
ASN00082076,19850324,PRCP,128,,,a,
ASN00082076,19850325,PRCP,14,,,a,
ASN00082076,19850326,PRCP,0,,,a,
ASN00082076,19850327,PRCP,0,,,a,
ASN00082076,19850328,PRCP,0,,,a,
ASN00082076,19850329,PRCP,0,,,a,
ASN00082076,19850330,PRCP,0,,,a,
ASN00082076,19850331,PRCP,0,,,a,
ASN00082076,19850401,TMAX,189,,,a,
ASN00082076,19850402,TMAX,172,,,a,
ASN00082076,19850403,TMAX,227,,,a,
ASN00082076,19850404,TMAX,212,,,a,
ASN00082076,19850405,TMAX,245,,,a,
ASN00082076,19850406,TMAX,236,,,a,
ASN00082076,19850407,TMAX,260,,,a,
ASN00082076,19850408,TMAX,275,,,a,
ASN00082076,19850409,TMAX,275,,,a,
ASN00082076,19850410,TMAX,258,,,a,
ASN00082076,19850411,TMAX,262,,,a,
ASN00082076,19850412,TMAX,280,,,a,
ASN00082076,19850413,TMAX,320,,,a,
ASN00082076,19850414,TMAX,283,,,a,
ASN00082076,19850415,TMAX,165,,,a,
ASN00082076,19850416,TMAX,152,,,a,
ASN00082076,19850417,TMAX,138,,,a,
ASN00082076,19850418,TMAX,105,,,a,
ASN00082076,19850419,TMAX,175,,,a,
ASN00082076,19850420,TMAX,180,,,a,
ASN00082076,19850421,TMAX,190,,,a,
ASN00082076,19850422,TMAX,202,,,a,
ASN00082076,19850423,TMAX,199,,,a,
ASN00082076,19850424,TMAX,148,,,a,
ASN00082076,19850425,TMAX,165,,,a,
ASN00082076,19850426,TMAX,190,,,a,
ASN00082076,19850427,TMAX,220,,,a,
ASN00082076,19850428,TMAX,227,,,a,
ASN00082076,19850429,TMAX,225,,,a,
ASN00082076,19850430,TMAX,230,,,a,
ASN00082076,19850401,TMIN,101,,,a,
ASN00082076,19850402,TMIN,138,,,a,
ASN00082076,19850403,TMIN,110,,,a,
ASN00082076,19850404,TMIN,115,,,a,
ASN00082076,19850405,TMIN,156,,,a,
ASN00082076,19850406,TMIN,135,,,a,
ASN00082076,19850407,TMIN,155,,,a,
ASN00082076,19850408,TMIN,125,,,a,
ASN00082076,19850409,TMIN,105,,,a,
ASN00082076,19850410,TMIN,122,,,a,
ASN00082076,19850411,TMIN,87,,,a,
ASN00082076,19850412,TMIN,90,,,a,
ASN00082076,19850413,TMIN,108,,,a,
ASN00082076,19850414,TMIN,98,,,a,
ASN00082076,19850415,TMIN,123,,,a,
ASN00082076,19850416,TMIN,95,,,a,
ASN00082076,19850417,TMIN,78,,,a,
ASN00082076,19850418,TMIN,53,,,a,
ASN00082076,19850419,TMIN,45,,,a,
ASN00082076,19850420,TMIN,20,,,a,
ASN00082076,19850421,TMIN,48,,,a,
ASN00082076,19850422,TMIN,55,,,a,
ASN00082076,19850423,TMIN,55,,,a,
ASN00082076,19850424,TMIN,42,,,a,
ASN00082076,19850425,TMIN,75,,,a,
ASN00082076,19850426,TMIN,86,,,a,
ASN00082076,19850427,TMIN,60,,,a,
ASN00082076,19850428,TMIN,66,,,a,
ASN00082076,19850429,TMIN,67,,,a,
ASN00082076,19850430,TMIN,58,,,a,
ASN00082076,19850401,PRCP,0,,,a,
ASN00082076,19850402,PRCP,166,,,a,
ASN00082076,19850403,PRCP,0,,,a,
ASN00082076,19850404,PRCP,0,,,a,
ASN00082076,19850405,PRCP,0,,,a,
ASN00082076,19850406,PRCP,0,,,a,
ASN00082076,19850407,PRCP,0,,,a,
ASN00082076,19850408,PRCP,0,,,a,
ASN00082076,19850409,PRCP,32,,,a,
ASN00082076,19850410,PRCP,0,,,a,
ASN00082076,19850411,PRCP,0,,,a,
ASN00082076,19850412,PRCP,0,,,a,
ASN00082076,19850413,PRCP,0,,,a,
ASN00082076,19850414,PRCP,0,,,a,
ASN00082076,19850415,PRCP,132,,,a,
ASN00082076,19850416,PRCP,14,,,a,
ASN00082076,19850417,PRCP,16,,,a,
ASN00082076,19850418,PRCP,14,,,a,
ASN00082076,19850419,PRCP,106,,,a,
ASN00082076,19850420,PRCP,0,,,a,
ASN00082076,19850421,PRCP,2,,,a,
ASN00082076,19850422,PRCP,0,,,a,
ASN00082076,19850423,PRCP,0,,,a,
ASN00082076,19850424,PRCP,0,,,a,
ASN00082076,19850425,PRCP,0,,,a,
ASN00082076,19850426,PRCP,10,,,a,
ASN00082076,19850427,PRCP,0,,,a,
ASN00082076,19850428,PRCP,0,,,a,
ASN00082076,19850429,PRCP,0,,,a,
ASN00082076,19850430,PRCP,0,,,a,
ASN00082076,19850501,TMAX,227,,,a,
ASN00082076,19850502,TMAX,223,,,a,
ASN00082076,19850503,TMAX,240,,,a,
ASN00082076,19850504,TMAX,220,,,a,
ASN00082076,19850505,TMAX,237,,,a,
ASN00082076,19850506,TMAX,168,,,a,
ASN00082076,19850507,TMAX,142,,,a,
ASN00082076,19850508,TMAX,129,,,a,
ASN00082076,19850509,TMAX,154,,,a,
ASN00082076,19850510,TMAX,138,,,a,
ASN00082076,19850511,TMAX,185,,,a,
ASN00082076,19850512,TMAX,192,,,a,
ASN00082076,19850513,TMAX,192,,,a,
ASN00082076,19850514,TMAX,160,,,a,
ASN00082076,19850515,TMAX,130,,,a,
ASN00082076,19850516,TMAX,148,,,a,
ASN00082076,19850517,TMAX,122,,,a,
ASN00082076,19850518,TMAX,111,,,a,
ASN00082076,19850519,TMAX,122,,,a,
ASN00082076,19850520,TMAX,138,,,a,
ASN00082076,19850521,TMAX,148,,,a,
ASN00082076,19850522,TMAX,150,,,a,
ASN00082076,19850523,TMAX,167,,,a,
ASN00082076,19850524,TMAX,170,,,a,
ASN00082076,19850525,TMAX,160,,,a,
ASN00082076,19850526,TMAX,166,,,a,
ASN00082076,19850527,TMAX,181,,,a,
ASN00082076,19850528,TMAX,186,,,a,
ASN00082076,19850529,TMAX,137,,,a,
ASN00082076,19850530,TMAX,144,,,a,
ASN00082076,19850531,TMAX,138,,,a,
ASN00082076,19850501,TMIN,77,,,a,
ASN00082076,19850502,TMIN,57,,,a,
ASN00082076,19850503,TMIN,59,,,a,
ASN00082076,19850504,TMIN,58,,,a,
ASN00082076,19850505,TMIN,76,,,a,
ASN00082076,19850506,TMIN,92,,,a,
ASN00082076,19850507,TMIN,21,,,a,
ASN00082076,19850508,TMIN,53,,,a,
ASN00082076,19850509,TMIN,22,,,a,
ASN00082076,19850510,TMIN,40,,,a,
ASN00082076,19850511,TMIN,75,,,a,
ASN00082076,19850512,TMIN,40,,,a,
ASN00082076,19850513,TMIN,40,,,a,
ASN00082076,19850514,TMIN,50,,,a,
ASN00082076,19850515,TMIN,83,,,a,
ASN00082076,19850516,TMIN,95,,,a,
ASN00082076,19850517,TMIN,0,,,a,
ASN00082076,19850518,TMIN,12,,,a,
ASN00082076,19850519,TMIN,46,,,a,
ASN00082076,19850520,TMIN,88,,,a,
ASN00082076,19850521,TMIN,36,,,a,
ASN00082076,19850522,TMIN,-14,,,a,
ASN00082076,19850523,TMIN,8,,,a,
ASN00082076,19850524,TMIN,51,,,a,
ASN00082076,19850525,TMIN,20,,,a,
ASN00082076,19850526,TMIN,28,,,a,
ASN00082076,19850527,TMIN,30,,,a,
ASN00082076,19850528,TMIN,57,,,a,
ASN00082076,19850529,TMIN,84,,,a,
ASN00082076,19850530,TMIN,117,,,a,
ASN00082076,19850531,TMIN,72,,,a,
ASN00082076,19850501,PRCP,0,,,a,
ASN00082076,19850502,PRCP,0,,,a,
ASN00082076,19850503,PRCP,0,,,a,
ASN00082076,19850504,PRCP,0,,,a,
ASN00082076,19850505,PRCP,0,,,a,
ASN00082076,19850506,PRCP,92,,,a,
ASN00082076,19850507,PRCP,14,,,a,
ASN00082076,19850508,PRCP,44,,,a,
ASN00082076,19850509,PRCP,2,,,a,
ASN00082076,19850510,PRCP,0,,,a,
ASN00082076,19850511,PRCP,2,,,a,
ASN00082076,19850512,PRCP,0,,,a,
ASN00082076,19850513,PRCP,0,,,a,
ASN00082076,19850514,PRCP,0,,,a,
ASN00082076,19850515,PRCP,130,,,a,
ASN00082076,19850516,PRCP,230,,,a,
ASN00082076,19850517,PRCP,0,,,a,
ASN00082076,19850518,PRCP,0,,,a,
ASN00082076,19850519,PRCP,20,,,a,
ASN00082076,19850520,PRCP,0,,,a,
ASN00082076,19850521,PRCP,0,,,a,
ASN00082076,19850522,PRCP,0,,,a,
ASN00082076,19850523,PRCP,0,,,a,
ASN00082076,19850524,PRCP,0,,,a,
ASN00082076,19850525,PRCP,0,,,a,
ASN00082076,19850526,PRCP,0,,,a,
ASN00082076,19850527,PRCP,0,,,a,
ASN00082076,19850528,PRCP,0,,,a,
ASN00082076,19850529,PRCP,72,,,a,
ASN00082076,19850530,PRCP,310,,,a,
ASN00082076,19850531,PRCP,228,,,a,
ASN00082076,19850601,TMAX,126,,,a,
ASN00082076,19850602,TMAX,98,,,a,
ASN00082076,19850603,TMAX,103,,,a,
ASN00082076,19850604,TMAX,92,,,a,
ASN00082076,19850605,TMAX,105,,,a,
ASN00082076,19850606,TMAX,112,,,a,
ASN00082076,19850607,TMAX,134,,,a,
ASN00082076,19850608,TMAX,125,,,a,
ASN00082076,19850609,TMAX,95,,,a,
ASN00082076,19850610,TMAX,117,,,a,
ASN00082076,19850611,TMAX,131,,,a,
ASN00082076,19850612,TMAX,128,,,a,
ASN00082076,19850613,TMAX,126,,,a,
ASN00082076,19850614,TMAX,128,,,a,
ASN00082076,19850615,TMAX,98,,,a,
ASN00082076,19850616,TMAX,134,,,a,
ASN00082076,19850617,TMAX,111,,,a,
ASN00082076,19850618,TMAX,127,,,a,
ASN00082076,19850619,TMAX,96,,,a,
ASN00082076,19850620,TMAX,109,,,a,
ASN00082076,19850621,TMAX,110,,,a,
ASN00082076,19850622,TMAX,95,,,a,
ASN00082076,19850623,TMAX,90,,,a,
ASN00082076,19850624,TMAX,78,,,a,
ASN00082076,19850625,TMAX,120,,,a,
ASN00082076,19850626,TMAX,115,,,a,
ASN00082076,19850627,TMAX,102,,,a,
ASN00082076,19850628,TMAX,95,,,a,
ASN00082076,19850629,TMAX,162,,,a,
ASN00082076,19850630,TMAX,146,,,a,
ASN00082076,19850601,TMIN,15,,,a,
ASN00082076,19850602,TMIN,48,,,a,
ASN00082076,19850603,TMIN,52,,,a,
ASN00082076,19850604,TMIN,60,,,a,
ASN00082076,19850605,TMIN,43,,,a,
ASN00082076,19850606,TMIN,52,,,a,
ASN00082076,19850607,TMIN,20,,,a,
ASN00082076,19850608,TMIN,5,,,a,
ASN00082076,19850609,TMIN,8,,,a,
ASN00082076,19850610,TMIN,33,,,a,
ASN00082076,19850611,TMIN,71,,,a,
ASN00082076,19850612,TMIN,71,,,a,
ASN00082076,19850613,TMIN,-2,,,a,
ASN00082076,19850614,TMIN,25,,,a,
ASN00082076,19850615,TMIN,50,,,a,
ASN00082076,19850616,TMIN,65,,,a,
ASN00082076,19850617,TMIN,-8,,,a,
ASN00082076,19850618,TMIN,0,,,a,
ASN00082076,19850619,TMIN,30,,,a,
ASN00082076,19850620,TMIN,56,,,a,
ASN00082076,19850621,TMIN,62,,,a,
ASN00082076,19850622,TMIN,-25,,,a,
ASN00082076,19850623,TMIN,-28,,,a,
ASN00082076,19850624,TMIN,-8,,,a,
ASN00082076,19850625,TMIN,26,,,a,
ASN00082076,19850626,TMIN,47,,,a,
ASN00082076,19850627,TMIN,26,,,a,
ASN00082076,19850628,TMIN,25,,,a,
ASN00082076,19850629,TMIN,75,,,a,
ASN00082076,19850630,TMIN,40,,,a,
ASN00082076,19850601,PRCP,0,,,a,
ASN00082076,19850602,PRCP,0,,,a,
ASN00082076,19850603,PRCP,46,,,a,
ASN00082076,19850604,PRCP,244,,,a,
ASN00082076,19850605,PRCP,144,,,a,
ASN00082076,19850606,PRCP,44,,,a,
ASN00082076,19850607,PRCP,0,,,a,
ASN00082076,19850608,PRCP,0,,,a,
ASN00082076,19850609,PRCP,0,,,a,
ASN00082076,19850610,PRCP,2,,,a,
ASN00082076,19850611,PRCP,38,,,a,
ASN00082076,19850612,PRCP,22,,,a,
ASN00082076,19850613,PRCP,0,,,a,
ASN00082076,19850614,PRCP,0,,,a,
ASN00082076,19850615,PRCP,0,,,a,
ASN00082076,19850616,PRCP,30,,,a,
ASN00082076,19850617,PRCP,0,,,a,
ASN00082076,19850618,PRCP,0,,,a,
ASN00082076,19850619,PRCP,60,,,a,
ASN00082076,19850620,PRCP,56,,,a,
ASN00082076,19850621,PRCP,10,,,a,
ASN00082076,19850622,PRCP,0,,,a,
ASN00082076,19850623,PRCP,0,,,a,
ASN00082076,19850624,PRCP,2,,,a,
ASN00082076,19850625,PRCP,42,,,a,
ASN00082076,19850626,PRCP,0,,,a,
ASN00082076,19850627,PRCP,0,,,a,
ASN00082076,19850628,PRCP,22,,,a,
ASN00082076,19850629,PRCP,12,,,a,
ASN00082076,19850630,PRCP,0,,,a,
ASN00082076,19850701,TMAX,168,,,a,
ASN00082076,19850703,TMAX,149,,,a,
ASN00082076,19850704,TMAX,147,,,a,
ASN00082076,19850705,TMAX,152,,,a,
ASN00082076,19850706,TMAX,95,,,a,
ASN00082076,19850707,TMAX,108,,,a,
ASN00082076,19850708,TMAX,134,,,a,
ASN00082076,19850709,TMAX,130,,,a,
ASN00082076,19850710,TMAX,141,,,a,
ASN00082076,19850711,TMAX,138,,,a,
ASN00082076,19850712,TMAX,85,,,a,
ASN00082076,19850713,TMAX,100,,,a,
ASN00082076,19850714,TMAX,88,,,a,
ASN00082076,19850715,TMAX,85,,,a,
ASN00082076,19850716,TMAX,74,,,a,
ASN00082076,19850717,TMAX,80,,,a,
ASN00082076,19850718,TMAX,127,,,a,
ASN00082076,19850719,TMAX,128,,,a,
ASN00082076,19850720,TMAX,98,,,a,
ASN00082076,19850721,TMAX,77,,,a,
ASN00082076,19850722,TMAX,105,,,a,
ASN00082076,19850723,TMAX,105,,,a,
ASN00082076,19850724,TMAX,108,,,a,
ASN00082076,19850725,TMAX,112,,,a,
ASN00082076,19850726,TMAX,124,,,a,
ASN00082076,19850727,TMAX,110,,,a,
ASN00082076,19850728,TMAX,163,,,a,
ASN00082076,19850729,TMAX,103,,,a,
ASN00082076,19850730,TMAX,73,,,a,
ASN00082076,19850731,TMAX,112,,,a,
ASN00082076,19850701,TMIN,32,,,a,
ASN00082076,19850702,TMIN,28,,,a,
ASN00082076,19850704,TMIN,23,,,a,
ASN00082076,19850705,TMIN,33,,,a,
ASN00082076,19850706,TMIN,-5,,,a,
ASN00082076,19850707,TMIN,5,,,a,
ASN00082076,19850708,TMIN,8,,,a,
ASN00082076,19850709,TMIN,10,,,a,
ASN00082076,19850710,TMIN,-13,,,a,
ASN00082076,19850711,TMIN,-7,,,a,
ASN00082076,19850712,TMIN,-10,,,a,
ASN00082076,19850713,TMIN,26,,,a,
ASN00082076,19850714,TMIN,10,,,a,
ASN00082076,19850715,TMIN,46,,,a,
ASN00082076,19850716,TMIN,47,,,a,
ASN00082076,19850717,TMIN,42,,,a,
ASN00082076,19850718,TMIN,8,,,a,
ASN00082076,19850719,TMIN,0,,,a,
ASN00082076,19850720,TMIN,-15,,,a,
ASN00082076,19850721,TMIN,5,,,a,
ASN00082076,19850722,TMIN,38,,,a,
ASN00082076,19850723,TMIN,-6,,,a,
ASN00082076,19850724,TMIN,-31,,,a,
ASN00082076,19850725,TMIN,-37,,,a,
ASN00082076,19850726,TMIN,-3,,,a,
ASN00082076,19850727,TMIN,-14,,,a,
ASN00082076,19850728,TMIN,-14,,,a,
ASN00082076,19850729,TMIN,5,,,a,
ASN00082076,19850730,TMIN,41,,,a,
ASN00082076,19850731,TMIN,-14,,,a,
ASN00082076,19850701,PRCP,0,,,a,
ASN00082076,19850702,PRCP,0,,,a,
ASN00082076,19850703,PRCP,0,,,a,
ASN00082076,19850704,PRCP,4,,,a,
ASN00082076,19850705,PRCP,0,,,a,
ASN00082076,19850706,PRCP,0,,,a,
ASN00082076,19850707,PRCP,0,,,a,
ASN00082076,19850708,PRCP,0,,,a,
ASN00082076,19850709,PRCP,0,,,a,
ASN00082076,19850710,PRCP,0,,,a,
ASN00082076,19850711,PRCP,0,,,a,
ASN00082076,19850712,PRCP,0,,,a,
ASN00082076,19850713,PRCP,0,,,a,
ASN00082076,19850714,PRCP,2,,,a,
ASN00082076,19850715,PRCP,200,,,a,
ASN00082076,19850716,PRCP,192,,,a,
ASN00082076,19850717,PRCP,46,,,a,
ASN00082076,19850718,PRCP,36,,,a,
ASN00082076,19850719,PRCP,0,,,a,
ASN00082076,19850720,PRCP,0,,,a,
ASN00082076,19850721,PRCP,4,,,a,
ASN00082076,19850722,PRCP,36,,,a,
ASN00082076,19850723,PRCP,54,,,a,
ASN00082076,19850724,PRCP,0,,,a,
ASN00082076,19850725,PRCP,0,,,a,
ASN00082076,19850726,PRCP,0,,,a,
ASN00082076,19850727,PRCP,0,,,a,
ASN00082076,19850728,PRCP,0,,,a,
ASN00082076,19850729,PRCP,14,,,a,
ASN00082076,19850730,PRCP,60,,,a,
ASN00082076,19850731,PRCP,4,,,a,
ASN00082076,19850801,TMAX,125,,,a,
ASN00082076,19850802,TMAX,142,,,a,
ASN00082076,19850803,TMAX,118,,,a,
ASN00082076,19850804,TMAX,160,,,a,
ASN00082076,19850805,TMAX,135,,,a,
ASN00082076,19850806,TMAX,108,,,a,
ASN00082076,19850807,TMAX,78,,,a,
ASN00082076,19850808,TMAX,138,,,a,
ASN00082076,19850809,TMAX,96,,,a,
ASN00082076,19850810,TMAX,80,,,a,
ASN00082076,19850811,TMAX,87,,,a,
ASN00082076,19850812,TMAX,128,,,a,
ASN00082076,19850813,TMAX,144,,,a,
ASN00082076,19850814,TMAX,162,,,a,
ASN00082076,19850815,TMAX,103,,,a,
ASN00082076,19850816,TMAX,104,,,a,
ASN00082076,19850817,TMAX,98,,,a,
ASN00082076,19850818,TMAX,133,,,a,
ASN00082076,19850819,TMAX,120,,,a,
ASN00082076,19850820,TMAX,129,,,a,
ASN00082076,19850821,TMAX,117,,,a,
ASN00082076,19850822,TMAX,120,,,a,
ASN00082076,19850823,TMAX,118,,,a,
ASN00082076,19850824,TMAX,114,,,a,
ASN00082076,19850825,TMAX,147,,,a,
ASN00082076,19850826,TMAX,150,,,a,
ASN00082076,19850827,TMAX,168,,,a,
ASN00082076,19850828,TMAX,97,,,a,
ASN00082076,19850829,TMAX,158,,,a,
ASN00082076,19850830,TMAX,170,,,a,
ASN00082076,19850831,TMAX,150,,,a,
ASN00082076,19850801,TMIN,-3,,,a,
ASN00082076,19850802,TMIN,-15,,,a,
ASN00082076,19850803,TMIN,-5,,,a,
ASN00082076,19850804,TMIN,35,,,a,
ASN00082076,19850805,TMIN,67,,,a,
ASN00082076,19850806,TMIN,72,,,a,
ASN00082076,19850807,TMIN,50,,,a,
ASN00082076,19850808,TMIN,22,,,a,
ASN00082076,19850809,TMIN,57,,,a,
ASN00082076,19850810,TMIN,42,,,a,
ASN00082076,19850811,TMIN,30,,,a,
ASN00082076,19850812,TMIN,-18,,,a,
ASN00082076,19850813,TMIN,4,,,a,
ASN00082076,19850814,TMIN,11,,,a,
ASN00082076,19850815,TMIN,11,,,a,
ASN00082076,19850816,TMIN,37,,,a,
ASN00082076,19850817,TMIN,65,,,a,
ASN00082076,19850818,TMIN,30,,,a,
ASN00082076,19850819,TMIN,14,,,a,
ASN00082076,19850820,TMIN,-12,,,a,
ASN00082076,19850821,TMIN,-9,,,a,
ASN00082076,19850822,TMIN,17,,,a,
ASN00082076,19850823,TMIN,88,,,a,
ASN00082076,19850824,TMIN,50,,,a,
ASN00082076,19850825,TMIN,70,,,a,
ASN00082076,19850826,TMIN,71,,,a,
ASN00082076,19850827,TMIN,20,,,a,
ASN00082076,19850828,TMIN,21,,,a,
ASN00082076,19850829,TMIN,47,,,a,
ASN00082076,19850830,TMIN,15,,,a,
ASN00082076,19850831,TMIN,35,,,a,
ASN00082076,19850801,PRCP,0,,,a,
ASN00082076,19850802,PRCP,0,,,a,
ASN00082076,19850803,PRCP,0,,,a,
ASN00082076,19850804,PRCP,0,,,a,
ASN00082076,19850805,PRCP,206,,,a,
ASN00082076,19850806,PRCP,100,,,a,
ASN00082076,19850807,PRCP,292,,,a,
ASN00082076,19850808,PRCP,52,,,a,
ASN00082076,19850809,PRCP,20,,,a,
ASN00082076,19850810,PRCP,0,,,a,
ASN00082076,19850811,PRCP,0,,,a,
ASN00082076,19850812,PRCP,0,,,a,
ASN00082076,19850813,PRCP,0,,,a,
ASN00082076,19850814,PRCP,0,,,a,
ASN00082076,19850815,PRCP,0,,,a,
ASN00082076,19850816,PRCP,180,,,a,
ASN00082076,19850817,PRCP,130,,,a,
ASN00082076,19850818,PRCP,182,,,a,
ASN00082076,19850819,PRCP,0,,,a,
ASN00082076,19850820,PRCP,0,,,a,
ASN00082076,19850821,PRCP,0,,,a,
ASN00082076,19850822,PRCP,176,,,a,
ASN00082076,19850823,PRCP,428,,,a,
ASN00082076,19850824,PRCP,30,,,a,
ASN00082076,19850825,PRCP,40,,,a,
ASN00082076,19850826,PRCP,266,,,a,
ASN00082076,19850827,PRCP,4,,,a,
ASN00082076,19850828,PRCP,0,,,a,
ASN00082076,19850829,PRCP,134,,,a,
ASN00082076,19850830,PRCP,0,,,a,
ASN00082076,19850831,PRCP,0,,,a,
ASN00082076,19850901,TMAX,163,,,a,
ASN00082076,19850902,TMAX,130,,,a,
ASN00082076,19850903,TMAX,155,,,a,
ASN00082076,19850904,TMAX,151,,,a,
ASN00082076,19850905,TMAX,182,,,a,
ASN00082076,19850906,TMAX,176,,,a,
ASN00082076,19850907,TMAX,186,,,a,
ASN00082076,19850908,TMAX,190,,,a,
ASN00082076,19850909,TMAX,197,,,a,
ASN00082076,19850910,TMAX,197,,,a,
ASN00082076,19850911,TMAX,198,,,a,
ASN00082076,19850912,TMAX,175,,,a,
ASN00082076,19850913,TMAX,170,,,a,
ASN00082076,19850914,TMAX,168,,,a,
ASN00082076,19850915,TMAX,198,,,a,
ASN00082076,19850916,TMAX,148,,,a,
ASN00082076,19850917,TMAX,184,,,a,
ASN00082076,19850918,TMAX,200,,,a,
ASN00082076,19850919,TMAX,138,,,a,
ASN00082076,19850920,TMAX,155,,,a,
ASN00082076,19850921,TMAX,188,,,a,
ASN00082076,19850922,TMAX,198,,,a,
ASN00082076,19850923,TMAX,210,,,a,
ASN00082076,19850924,TMAX,240,,,a,
ASN00082076,19850925,TMAX,195,,,a,
ASN00082076,19850926,TMAX,153,,,a,
ASN00082076,19850927,TMAX,145,,,a,
ASN00082076,19850928,TMAX,178,,,a,
ASN00082076,19850929,TMAX,185,,,a,
ASN00082076,19850930,TMAX,190,,,a,
ASN00082076,19850901,TMIN,50,,,a,
ASN00082076,19850902,TMIN,43,,,a,
ASN00082076,19850903,TMIN,-5,,,a,
ASN00082076,19850904,TMIN,-7,,,a,
ASN00082076,19850905,TMIN,2,,,a,
ASN00082076,19850906,TMIN,15,,,a,
ASN00082076,19850907,TMIN,10,,,a,
ASN00082076,19850908,TMIN,25,,,a,
ASN00082076,19850909,TMIN,-8,,,a,
ASN00082076,19850910,TMIN,48,,,a,
ASN00082076,19850911,TMIN,38,,,a,
ASN00082076,19850912,TMIN,82,,,a,
ASN00082076,19850913,TMIN,96,,,a,
ASN00082076,19850914,TMIN,95,,,a,
ASN00082076,19850915,TMIN,55,,,a,
ASN00082076,19850916,TMIN,44,,,a,
ASN00082076,19850917,TMIN,72,,,a,
ASN00082076,19850918,TMIN,32,,,a,
ASN00082076,19850919,TMIN,83,,,a,
ASN00082076,19850920,TMIN,85,,,a,
ASN00082076,19850921,TMIN,55,,,a,
ASN00082076,19850922,TMIN,25,,,a,
ASN00082076,19850923,TMIN,27,,,a,
ASN00082076,19850924,TMIN,40,,,a,
ASN00082076,19850925,TMIN,115,,,a,
ASN00082076,19850926,TMIN,88,,,a,
ASN00082076,19850927,TMIN,-8,,,a,
ASN00082076,19850928,TMIN,-5,,,a,
ASN00082076,19850929,TMIN,5,,,a,
ASN00082076,19850930,TMIN,20,,,a,
ASN00082076,19850901,PRCP,24,,,a,
ASN00082076,19850902,PRCP,4,,,a,
ASN00082076,19850903,PRCP,0,,,a,
ASN00082076,19850904,PRCP,0,,,a,
ASN00082076,19850905,PRCP,0,,,a,
ASN00082076,19850906,PRCP,0,,,a,
ASN00082076,19850907,PRCP,0,,,a,
ASN00082076,19850908,PRCP,0,,,a,
ASN00082076,19850909,PRCP,0,,,a,
ASN00082076,19850910,PRCP,0,,,a,
ASN00082076,19850911,PRCP,0,,,a,
ASN00082076,19850912,PRCP,0,,,a,
ASN00082076,19850913,PRCP,100,,,a,
ASN00082076,19850914,PRCP,18,,,a,
ASN00082076,19850915,PRCP,0,,,a,
ASN00082076,19850916,PRCP,0,,,a,
ASN00082076,19850917,PRCP,14,,,a,
ASN00082076,19850918,PRCP,0,,,a,
ASN00082076,19850919,PRCP,0,,,a,
ASN00082076,19850920,PRCP,0,,,a,
ASN00082076,19850921,PRCP,0,,,a,
ASN00082076,19850922,PRCP,0,,,a,
ASN00082076,19850923,PRCP,0,,,a,
ASN00082076,19850924,PRCP,0,,,a,
ASN00082076,19850925,PRCP,8,,,a,
ASN00082076,19850926,PRCP,122,,,a,
ASN00082076,19850927,PRCP,0,,,a,
ASN00082076,19850928,PRCP,4,,,a,
ASN00082076,19850929,PRCP,0,,,a,
ASN00082076,19850930,PRCP,0,,,a,
ASN00082076,19851001,TMAX,197,,,a,
ASN00082076,19851002,TMAX,234,,,a,
ASN00082076,19851003,TMAX,245,,,a,
ASN00082076,19851004,TMAX,272,,,a,
ASN00082076,19851005,TMAX,216,,,a,
ASN00082076,19851006,TMAX,228,,,a,
ASN00082076,19851007,TMAX,174,,,a,
ASN00082076,19851008,TMAX,241,,,a,
ASN00082076,19851009,TMAX,242,,,a,
ASN00082076,19851010,TMAX,242,,,a,
ASN00082076,19851011,TMAX,208,,,a,
ASN00082076,19851012,TMAX,168,,,a,
ASN00082076,19851013,TMAX,227,,,a,
ASN00082076,19851014,TMAX,259,,,a,
ASN00082076,19851015,TMAX,242,,,a,
ASN00082076,19851016,TMAX,197,,,a,
ASN00082076,19851017,TMAX,202,,,a,
ASN00082076,19851018,TMAX,205,,,a,
ASN00082076,19851019,TMAX,165,,,a,
ASN00082076,19851020,TMAX,162,,,a,
ASN00082076,19851021,TMAX,199,,,a,
ASN00082076,19851022,TMAX,220,,,a,
ASN00082076,19851023,TMAX,128,,,a,
ASN00082076,19851024,TMAX,152,,,a,
ASN00082076,19851025,TMAX,165,,,a,
ASN00082076,19851026,TMAX,218,,,a,
ASN00082076,19851027,TMAX,234,,,a,
ASN00082076,19851028,TMAX,237,,,a,
ASN00082076,19851029,TMAX,238,,,a,
ASN00082076,19851030,TMAX,232,,,a,
ASN00082076,19851031,TMAX,203,,,a,
ASN00082076,19851001,TMIN,15,,,a,
ASN00082076,19851002,TMIN,35,,,a,
ASN00082076,19851003,TMIN,16,,,a,
ASN00082076,19851004,TMIN,74,,,a,
ASN00082076,19851005,TMIN,140,,,a,
ASN00082076,19851006,TMIN,90,,,a,
ASN00082076,19851007,TMIN,87,,,a,
ASN00082076,19851008,TMIN,126,,,a,
ASN00082076,19851009,TMIN,90,,,a,
ASN00082076,19851010,TMIN,88,,,a,
ASN00082076,19851011,TMIN,82,,,a,
ASN00082076,19851012,TMIN,117,,,a,
ASN00082076,19851013,TMIN,76,,,a,
ASN00082076,19851014,TMIN,63,,,a,
ASN00082076,19851015,TMIN,92,,,a,
ASN00082076,19851016,TMIN,124,,,a,
ASN00082076,19851017,TMIN,108,,,a,
ASN00082076,19851018,TMIN,123,,,a,
ASN00082076,19851019,TMIN,84,,,a,
ASN00082076,19851020,TMIN,26,,,a,
ASN00082076,19851021,TMIN,25,,,a,
ASN00082076,19851022,TMIN,18,,,a,
ASN00082076,19851023,TMIN,82,,,a,
ASN00082076,19851024,TMIN,59,,,a,
ASN00082076,19851025,TMIN,57,,,a,
ASN00082076,19851026,TMIN,100,,,a,
ASN00082076,19851027,TMIN,44,,,a,
ASN00082076,19851028,TMIN,75,,,a,
ASN00082076,19851029,TMIN,60,,,a,
ASN00082076,19851030,TMIN,124,,,a,
ASN00082076,19851031,TMIN,22,,,a,
ASN00082076,19851001,PRCP,0,,,a,
ASN00082076,19851002,PRCP,0,,,a,
ASN00082076,19851003,PRCP,0,,,a,
ASN00082076,19851004,PRCP,0,,,a,
ASN00082076,19851005,PRCP,0,,,a,
ASN00082076,19851006,PRCP,56,,,a,
ASN00082076,19851007,PRCP,0,,,a,
ASN00082076,19851008,PRCP,0,,,a,
ASN00082076,19851009,PRCP,0,,,a,
ASN00082076,19851010,PRCP,0,,,a,
ASN00082076,19851011,PRCP,10,,,a,
ASN00082076,19851012,PRCP,238,,,a,
ASN00082076,19851013,PRCP,0,,,a,
ASN00082076,19851014,PRCP,0,,,a,
ASN00082076,19851015,PRCP,0,,,a,
ASN00082076,19851016,PRCP,10,,,a,
ASN00082076,19851017,PRCP,92,,,a,
ASN00082076,19851018,PRCP,36,,,a,
ASN00082076,19851019,PRCP,14,,,a,
ASN00082076,19851020,PRCP,0,,,a,
ASN00082076,19851021,PRCP,0,,,a,
ASN00082076,19851022,PRCP,0,,,a,
ASN00082076,19851023,PRCP,16,,,a,
ASN00082076,19851024,PRCP,334,,,a,
ASN00082076,19851025,PRCP,40,,,a,
ASN00082076,19851026,PRCP,0,,,a,
ASN00082076,19851027,PRCP,0,,,a,
ASN00082076,19851028,PRCP,0,,,a,
ASN00082076,19851029,PRCP,0,,,a,
ASN00082076,19851030,PRCP,0,,,a,
ASN00082076,19851031,PRCP,0,,,a,
ASN00082076,19851101,TMAX,240,,,a,
ASN00082076,19851102,TMAX,270,,,a,
ASN00082076,19851103,TMAX,280,,,a,
ASN00082076,19851104,TMAX,275,,,a,
ASN00082076,19851105,TMAX,234,,,a,
ASN00082076,19851106,TMAX,218,,,a,
ASN00082076,19851107,TMAX,235,,,a,
ASN00082076,19851108,TMAX,212,,,a,
ASN00082076,19851109,TMAX,245,,,a,
ASN00082076,19851110,TMAX,275,,,a,
ASN00082076,19851111,TMAX,290,,,a,
ASN00082076,19851112,TMAX,288,,,a,
ASN00082076,19851113,TMAX,275,,,a,
ASN00082076,19851114,TMAX,287,,,a,
ASN00082076,19851115,TMAX,200,,,a,
ASN00082076,19851116,TMAX,220,,,a,
ASN00082076,19851117,TMAX,190,,,a,
ASN00082076,19851118,TMAX,204,,,a,
ASN00082076,19851119,TMAX,222,,,a,
ASN00082076,19851120,TMAX,238,,,a,
ASN00082076,19851121,TMAX,205,,,a,
ASN00082076,19851122,TMAX,195,,,a,
ASN00082076,19851123,TMAX,254,,,a,
ASN00082076,19851124,TMAX,239,,,a,
ASN00082076,19851125,TMAX,251,,,a,
ASN00082076,19851126,TMAX,241,,,a,
ASN00082076,19851127,TMAX,205,,,a,
ASN00082076,19851128,TMAX,223,,,a,
ASN00082076,19851129,TMAX,260,,,a,
ASN00082076,19851130,TMAX,233,,,a,
ASN00082076,19851101,TMIN,53,,,a,
ASN00082076,19851102,TMIN,80,,,a,
ASN00082076,19851103,TMIN,78,,,a,
ASN00082076,19851104,TMIN,100,,,a,
ASN00082076,19851105,TMIN,148,,,a,
ASN00082076,19851106,TMIN,155,,,a,
ASN00082076,19851107,TMIN,155,,,a,
ASN00082076,19851108,TMIN,120,,,a,
ASN00082076,19851109,TMIN,82,,,a,
ASN00082076,19851110,TMIN,100,,,a,
ASN00082076,19851111,TMIN,131,,,a,
ASN00082076,19851112,TMIN,144,,,a,
ASN00082076,19851113,TMIN,115,,,a,
ASN00082076,19851114,TMIN,136,,,a,
ASN00082076,19851115,TMIN,135,,,a,
ASN00082076,19851116,TMIN,70,,,a,
ASN00082076,19851117,TMIN,104,,,a,
ASN00082076,19851118,TMIN,114,,,a,
ASN00082076,19851119,TMIN,108,,,a,
ASN00082076,19851120,TMIN,91,,,a,
ASN00082076,19851121,TMIN,110,,,a,
ASN00082076,19851122,TMIN,100,,,a,
ASN00082076,19851123,TMIN,100,,,a,
ASN00082076,19851124,TMIN,76,,,a,
ASN00082076,19851125,TMIN,113,,,a,
ASN00082076,19851126,TMIN,107,,,a,
ASN00082076,19851127,TMIN,136,,,a,
ASN00082076,19851128,TMIN,142,,,a,
ASN00082076,19851129,TMIN,131,,,a,
ASN00082076,19851130,TMIN,99,,,a,
ASN00082076,19851101,PRCP,0,,,a,
ASN00082076,19851102,PRCP,0,,,a,
ASN00082076,19851103,PRCP,0,,,a,
ASN00082076,19851104,PRCP,0,,,a,
ASN00082076,19851105,PRCP,40,,,a,
ASN00082076,19851106,PRCP,46,,,a,
ASN00082076,19851107,PRCP,92,,,a,
ASN00082076,19851108,PRCP,118,,,a,
ASN00082076,19851109,PRCP,44,,,a,
ASN00082076,19851110,PRCP,0,,,a,
ASN00082076,19851111,PRCP,0,,,a,
ASN00082076,19851112,PRCP,0,,,a,
ASN00082076,19851113,PRCP,0,,,a,
ASN00082076,19851114,PRCP,0,,,a,
ASN00082076,19851115,PRCP,224,,,a,
ASN00082076,19851116,PRCP,22,,,a,
ASN00082076,19851117,PRCP,26,,,a,
ASN00082076,19851118,PRCP,0,,,a,
ASN00082076,19851119,PRCP,0,,,a,
ASN00082076,19851120,PRCP,0,,,a,
ASN00082076,19851121,PRCP,0,,,a,
ASN00082076,19851122,PRCP,0,,,a,
ASN00082076,19851123,PRCP,0,,,a,
ASN00082076,19851124,PRCP,0,,,a,
ASN00082076,19851125,PRCP,10,,,a,
ASN00082076,19851126,PRCP,0,,,a,
ASN00082076,19851127,PRCP,182,,,a,
ASN00082076,19851128,PRCP,4,,,a,
ASN00082076,19851129,PRCP,0,,,a,
ASN00082076,19851130,PRCP,0,,,a,
ASN00082076,19851201,TMAX,255,,,a,
ASN00082076,19851202,TMAX,219,,,a,
ASN00082076,19851203,TMAX,235,,,a,
ASN00082076,19851204,TMAX,248,,,a,
ASN00082076,19851205,TMAX,256,,,a,
ASN00082076,19851206,TMAX,202,,,a,
ASN00082076,19851207,TMAX,274,,,a,
ASN00082076,19851208,TMAX,288,,,a,
ASN00082076,19851209,TMAX,250,,,a,
ASN00082076,19851210,TMAX,188,,,a,
ASN00082076,19851211,TMAX,197,,,a,
ASN00082076,19851212,TMAX,247,,,a,
ASN00082076,19851213,TMAX,254,,,a,
ASN00082076,19851214,TMAX,270,,,a,
ASN00082076,19851215,TMAX,293,,,a,
ASN00082076,19851216,TMAX,236,,,a,
ASN00082076,19851217,TMAX,164,,,a,
ASN00082076,19851218,TMAX,222,,,a,
ASN00082076,19851219,TMAX,272,,,a,
ASN00082076,19851220,TMAX,258,,,a,
ASN00082076,19851221,TMAX,242,,,a,
ASN00082076,19851222,TMAX,217,,,a,
ASN00082076,19851223,TMAX,171,,,a,
ASN00082076,19851224,TMAX,236,,,a,
ASN00082076,19851226,TMAX,288,,,a,
ASN00082076,19851227,TMAX,228,,,a,
ASN00082076,19851228,TMAX,232,,,a,
ASN00082076,19851229,TMAX,276,,,a,
ASN00082076,19851230,TMAX,236,,,a,
ASN00082076,19851231,TMAX,276,,,a,
ASN00082076,19851201,TMIN,130,,,a,
ASN00082076,19851202,TMIN,111,,,a,
ASN00082076,19851203,TMIN,102,,,a,
ASN00082076,19851204,TMIN,145,,,a,
ASN00082076,19851205,TMIN,142,,,a,
ASN00082076,19851206,TMIN,138,,,a,
ASN00082076,19851207,TMIN,162,,,a,
ASN00082076,19851208,TMIN,155,,,a,
ASN00082076,19851209,TMIN,148,,,a,
ASN00082076,19851210,TMIN,113,,,a,
ASN00082076,19851211,TMIN,127,,,a,
ASN00082076,19851212,TMIN,137,,,a,
ASN00082076,19851213,TMIN,92,,,a,
ASN00082076,19851214,TMIN,148,,,a,
ASN00082076,19851215,TMIN,140,,,a,
ASN00082076,19851216,TMIN,142,,,a,
ASN00082076,19851217,TMIN,118,,,a,
ASN00082076,19851218,TMIN,133,,,a,
ASN00082076,19851219,TMIN,81,,,a,
ASN00082076,19851220,TMIN,105,,,a,
ASN00082076,19851221,TMIN,115,,,a,
ASN00082076,19851222,TMIN,100,,,a,
ASN00082076,19851223,TMIN,93,,,a,
ASN00082076,19851224,TMIN,70,,,a,
ASN00082076,19851225,TMIN,94,,,a,
ASN00082076,19851226,TMIN,125,,,a,
ASN00082076,19851227,TMIN,140,,,a,
ASN00082076,19851228,TMIN,75,,,a,
ASN00082076,19851229,TMIN,80,,,a,
ASN00082076,19851230,TMIN,125,,,a,
ASN00082076,19851231,TMIN,130,,,a,
ASN00082076,19851201,PRCP,26,,,a,
ASN00082076,19851202,PRCP,0,,,a,
ASN00082076,19851203,PRCP,12,,,a,
ASN00082076,19851204,PRCP,70,,,a,
ASN00082076,19851205,PRCP,4,,,a,
ASN00082076,19851206,PRCP,6,,,a,
ASN00082076,19851207,PRCP,140,,,a,
ASN00082076,19851208,PRCP,128,,,a,
ASN00082076,19851209,PRCP,0,,,a,
ASN00082076,19851210,PRCP,200,,,a,
ASN00082076,19851211,PRCP,164,,,a,
ASN00082076,19851212,PRCP,4,,,a,
ASN00082076,19851213,PRCP,0,,,a,
ASN00082076,19851214,PRCP,0,,,a,
ASN00082076,19851215,PRCP,0,,,a,
ASN00082076,19851216,PRCP,12,,,a,
ASN00082076,19851217,PRCP,2,,,a,
ASN00082076,19851218,PRCP,52,,,a,
ASN00082076,19851219,PRCP,4,,,a,
ASN00082076,19851220,PRCP,4,,,a,
ASN00082076,19851221,PRCP,0,,,a,
ASN00082076,19851222,PRCP,0,,,a,
ASN00082076,19851223,PRCP,52,,,a,
ASN00082076,19851224,PRCP,206,,,a,
ASN00082076,19851225,PRCP,0,,,a,
ASN00082076,19851226,PRCP,0,,,a,
ASN00082076,19851227,PRCP,0,,,a,
ASN00082076,19851228,PRCP,0,,,a,
ASN00082076,19851229,PRCP,0,,,a,
ASN00082076,19851230,PRCP,2,,,a,
ASN00082076,19851231,PRCP,14,,,a,
ASN00082076,19860101,TMAX,248,,,a,
ASN00082076,19860102,TMAX,218,,,a,
ASN00082076,19860103,TMAX,252,,,a,
ASN00082076,19860104,TMAX,280,,,a,
ASN00082076,19860105,TMAX,276,,,a,
ASN00082076,19860106,TMAX,280,,,a,
ASN00082076,19860107,TMAX,303,,,a,
ASN00082076,19860108,TMAX,298,,,a,
ASN00082076,19860109,TMAX,196,,,a,
ASN00082076,19860110,TMAX,220,,,a,
ASN00082076,19860111,TMAX,260,,,a,
ASN00082076,19860112,TMAX,298,,,a,
ASN00082076,19860113,TMAX,300,,,a,
ASN00082076,19860114,TMAX,310,,,a,
ASN00082076,19860115,TMAX,228,,,a,
ASN00082076,19860116,TMAX,256,,,a,
ASN00082076,19860117,TMAX,215,,,a,
ASN00082076,19860118,TMAX,188,,,a,
ASN00082076,19860119,TMAX,265,,,a,
ASN00082076,19860120,TMAX,284,,,a,
ASN00082076,19860121,TMAX,302,,,a,
ASN00082076,19860122,TMAX,232,,,a,
ASN00082076,19860123,TMAX,229,,,a,
ASN00082076,19860124,TMAX,260,,,a,
ASN00082076,19860125,TMAX,285,,,a,
ASN00082076,19860126,TMAX,295,,,a,
ASN00082076,19860127,TMAX,305,,,a,
ASN00082076,19860128,TMAX,313,,,a,
ASN00082076,19860129,TMAX,316,,,a,
ASN00082076,19860131,TMAX,305,,,a,
ASN00082076,19860101,TMIN,76,,,a,
ASN00082076,19860102,TMIN,75,,,a,
ASN00082076,19860103,TMIN,104,,,a,
ASN00082076,19860104,TMIN,68,,,a,
ASN00082076,19860105,TMIN,140,,,a,
ASN00082076,19860106,TMIN,142,,,a,
ASN00082076,19860107,TMIN,110,,,a,
ASN00082076,19860108,TMIN,123,,,a,
ASN00082076,19860109,TMIN,78,,,a,
ASN00082076,19860110,TMIN,96,,,a,
ASN00082076,19860111,TMIN,65,,,a,
ASN00082076,19860112,TMIN,90,,,a,
ASN00082076,19860113,TMIN,105,,,a,
ASN00082076,19860114,TMIN,110,,,a,
ASN00082076,19860115,TMIN,122,,,a,
ASN00082076,19860116,TMIN,150,,,a,
ASN00082076,19860117,TMIN,125,,,a,
ASN00082076,19860118,TMIN,130,,,a,
ASN00082076,19860119,TMIN,112,,,a,
ASN00082076,19860120,TMIN,117,,,a,
ASN00082076,19860121,TMIN,112,,,a,
ASN00082076,19860122,TMIN,163,,,a,
ASN00082076,19860123,TMIN,143,,,a,
ASN00082076,19860124,TMIN,127,,,a,
ASN00082076,19860125,TMIN,98,,,a,
ASN00082076,19860126,TMIN,110,,,a,
ASN00082076,19860127,TMIN,165,,,a,
ASN00082076,19860128,TMIN,157,,,a,
ASN00082076,19860129,TMIN,135,,,a,
ASN00082076,19860130,TMIN,141,,,a,
ASN00082076,19860131,TMIN,157,,,a,
ASN00082076,19860101,PRCP,0,,,a,
ASN00082076,19860102,PRCP,0,,,a,
ASN00082076,19860103,PRCP,0,,,a,
ASN00082076,19860104,PRCP,0,,,a,
ASN00082076,19860105,PRCP,0,,,a,
ASN00082076,19860106,PRCP,0,,,a,
ASN00082076,19860107,PRCP,0,,,a,
ASN00082076,19860108,PRCP,0,,,a,
ASN00082076,19860109,PRCP,0,,,a,
ASN00082076,19860110,PRCP,0,,,a,
ASN00082076,19860111,PRCP,0,,,a,
ASN00082076,19860112,PRCP,0,,,a,
ASN00082076,19860113,PRCP,0,,,a,
ASN00082076,19860114,PRCP,0,,,a,
ASN00082076,19860115,PRCP,28,,,a,
ASN00082076,19860116,PRCP,154,,,a,
ASN00082076,19860117,PRCP,0,,,a,
ASN00082076,19860118,PRCP,0,,,a,
ASN00082076,19860119,PRCP,0,,,a,
ASN00082076,19860120,PRCP,0,,,a,
ASN00082076,19860121,PRCP,0,,,a,
ASN00082076,19860122,PRCP,0,,,a,
ASN00082076,19860123,PRCP,0,,,a,
ASN00082076,19860124,PRCP,0,,,a,
ASN00082076,19860125,PRCP,0,,,a,
ASN00082076,19860126,PRCP,0,,,a,
ASN00082076,19860127,PRCP,0,,,a,
ASN00082076,19860128,PRCP,0,,,a,
ASN00082076,19860129,PRCP,0,,,a,
ASN00082076,19860130,PRCP,0,,,a,
ASN00082076,19860131,PRCP,0,,,a,
ASN00082076,19860201,TMAX,315,,,a,
ASN00082076,19860202,TMAX,305,,,a,
ASN00082076,19860203,TMAX,280,,,a,
ASN00082076,19860204,TMAX,290,,,a,
ASN00082076,19860205,TMAX,282,,,a,
ASN00082076,19860206,TMAX,279,,,a,
ASN00082076,19860207,TMAX,285,,,a,
ASN00082076,19860208,TMAX,350,,,a,
ASN00082076,19860209,TMAX,295,,,a,
ASN00082076,19860210,TMAX,273,,,a,
ASN00082076,19860211,TMAX,288,,,a,
ASN00082076,19860212,TMAX,306,,,a,
ASN00082076,19860213,TMAX,308,,,a,
ASN00082076,19860214,TMAX,323,,,a,
ASN00082076,19860215,TMAX,310,,,a,
ASN00082076,19860216,TMAX,333,,,a,
ASN00082076,19860217,TMAX,243,,,a,
ASN00082076,19860218,TMAX,214,,,a,
ASN00082076,19860219,TMAX,206,,,a,
ASN00082076,19860220,TMAX,255,,,a,
ASN00082076,19860221,TMAX,272,,,a,
ASN00082076,19860222,TMAX,273,,,a,
ASN00082076,19860223,TMAX,229,,,a,
ASN00082076,19860224,TMAX,262,,,a,
ASN00082076,19860225,TMAX,282,,,a,
ASN00082076,19860226,TMAX,292,,,a,
ASN00082076,19860227,TMAX,300,,,a,
ASN00082076,19860228,TMAX,295,,,a,
ASN00082076,19860201,TMIN,125,,,a,
ASN00082076,19860202,TMIN,172,,,a,
ASN00082076,19860203,TMIN,115,,,a,
ASN00082076,19860204,TMIN,68,,,a,
ASN00082076,19860205,TMIN,80,,,a,
ASN00082076,19860206,TMIN,78,,,a,
ASN00082076,19860207,TMIN,96,,,a,
ASN00082076,19860208,TMIN,105,,,a,
ASN00082076,19860209,TMIN,172,,,a,
ASN00082076,19860210,TMIN,104,,,a,
ASN00082076,19860211,TMIN,155,,,a,
ASN00082076,19860212,TMIN,146,,,a,
ASN00082076,19860213,TMIN,137,,,a,
ASN00082076,19860214,TMIN,136,,,a,
ASN00082076,19860215,TMIN,126,,,a,
ASN00082076,19860216,TMIN,140,,,a,
ASN00082076,19860217,TMIN,158,,,a,
ASN00082076,19860218,TMIN,164,,,a,
ASN00082076,19860219,TMIN,120,,,a,
ASN00082076,19860220,TMIN,78,,,a,
ASN00082076,19860221,TMIN,80,,,a,
ASN00082076,19860222,TMIN,100,,,a,
ASN00082076,19860223,TMIN,124,,,a,
ASN00082076,19860224,TMIN,118,,,a,
ASN00082076,19860225,TMIN,132,,,a,
ASN00082076,19860226,TMIN,118,,,a,
ASN00082076,19860227,TMIN,137,,,a,
ASN00082076,19860228,TMIN,122,,,a,
ASN00082076,19860201,PRCP,0,,,a,
ASN00082076,19860202,PRCP,0,,,a,
ASN00082076,19860203,PRCP,0,,,a,
ASN00082076,19860204,PRCP,0,,,a,
ASN00082076,19860205,PRCP,0,,,a,
ASN00082076,19860206,PRCP,0,,,a,
ASN00082076,19860207,PRCP,0,,,a,
ASN00082076,19860208,PRCP,0,,,a,
ASN00082076,19860209,PRCP,22,,,a,
ASN00082076,19860210,PRCP,0,,,a,
ASN00082076,19860211,PRCP,0,,,a,
ASN00082076,19860212,PRCP,0,,,a,
ASN00082076,19860213,PRCP,0,,,a,
ASN00082076,19860214,PRCP,0,,,a,
ASN00082076,19860215,PRCP,0,,,a,
ASN00082076,19860216,PRCP,0,,,a,
ASN00082076,19860217,PRCP,0,,,a,
ASN00082076,19860218,PRCP,122,,,a,
ASN00082076,19860219,PRCP,20,,,a,
ASN00082076,19860220,PRCP,0,,,a,
ASN00082076,19860221,PRCP,0,,,a,
ASN00082076,19860222,PRCP,0,,,a,
ASN00082076,19860223,PRCP,0,,,a,
ASN00082076,19860224,PRCP,0,,,a,
ASN00082076,19860225,PRCP,0,,,a,
ASN00082076,19860226,PRCP,0,,,a,
ASN00082076,19860227,PRCP,0,,,a,
ASN00082076,19860228,PRCP,0,,,a,
ASN00082076,19860301,TMAX,320,,,a,
ASN00082076,19860302,TMAX,292,,,a,
ASN00082076,19860303,TMAX,314,,,a,
ASN00082076,19860304,TMAX,340,,,a,
ASN00082076,19860305,TMAX,336,,,a,
ASN00082076,19860306,TMAX,340,,,a,
ASN00082076,19860307,TMAX,358,,,a,
ASN00082076,19860308,TMAX,225,,,a,
ASN00082076,19860309,TMAX,234,,,a,
ASN00082076,19860310,TMAX,195,,,a,
ASN00082076,19860311,TMAX,202,,,a,
ASN00082076,19860312,TMAX,251,,,a,
ASN00082076,19860313,TMAX,284,,,a,
ASN00082076,19860314,TMAX,296,,,a,
ASN00082076,19860315,TMAX,295,,,a,
ASN00082076,19860316,TMAX,279,,,a,
ASN00082076,19860317,TMAX,287,,,a,
ASN00082076,19860318,TMAX,295,,,a,
ASN00082076,19860319,TMAX,300,,,a,
ASN00082076,19860320,TMAX,326,,,a,
ASN00082076,19860321,TMAX,325,,,a,
ASN00082076,19860322,TMAX,344,,,a,
ASN00082076,19860323,TMAX,332,,,a,
ASN00082076,19860324,TMAX,300,,,a,
ASN00082076,19860325,TMAX,295,,,a,
ASN00082076,19860326,TMAX,288,,,a,
ASN00082076,19860327,TMAX,280,,,a,
ASN00082076,19860328,TMAX,275,,,a,
ASN00082076,19860329,TMAX,288,,,a,
ASN00082076,19860330,TMAX,235,,,a,
ASN00082076,19860331,TMAX,280,,,a,
ASN00082076,19860301,TMIN,160,,,a,
ASN00082076,19860302,TMIN,168,,,a,
ASN00082076,19860303,TMIN,116,,,a,
ASN00082076,19860304,TMIN,106,,,a,
ASN00082076,19860305,TMIN,162,,,a,
ASN00082076,19860306,TMIN,155,,,a,
ASN00082076,19860307,TMIN,155,,,a,
ASN00082076,19860308,TMIN,130,,,a,
ASN00082076,19860309,TMIN,70,,,a,
ASN00082076,19860310,TMIN,62,,,a,
ASN00082076,19860311,TMIN,102,,,a,
ASN00082076,19860312,TMIN,111,,,a,
ASN00082076,19860313,TMIN,82,,,a,
ASN00082076,19860314,TMIN,85,,,a,
ASN00082076,19860315,TMIN,95,,,a,
ASN00082076,19860316,TMIN,125,,,a,
ASN00082076,19860317,TMIN,88,,,a,
ASN00082076,19860318,TMIN,107,,,a,
ASN00082076,19860319,TMIN,118,,,a,
ASN00082076,19860320,TMIN,112,,,a,
ASN00082076,19860321,TMIN,148,,,a,
ASN00082076,19860322,TMIN,136,,,a,
ASN00082076,19860323,TMIN,172,,,a,
ASN00082076,19860324,TMIN,178,,,a,
ASN00082076,19860325,TMIN,122,,,a,
ASN00082076,19860326,TMIN,140,,,a,
ASN00082076,19860327,TMIN,118,,,a,
ASN00082076,19860328,TMIN,138,,,a,
ASN00082076,19860329,TMIN,100,,,a,
ASN00082076,19860330,TMIN,105,,,a,
ASN00082076,19860331,TMIN,150,,,a,
ASN00082076,19860301,PRCP,0,,,a,
ASN00082076,19860302,PRCP,0,,,a,
ASN00082076,19860303,PRCP,0,,,a,
ASN00082076,19860304,PRCP,0,,,a,
ASN00082076,19860305,PRCP,0,,,a,
ASN00082076,19860306,PRCP,0,,,a,
ASN00082076,19860307,PRCP,0,,,a,
ASN00082076,19860308,PRCP,0,,,a,
ASN00082076,19860309,PRCP,0,,,a,
ASN00082076,19860310,PRCP,4,,,a,
ASN00082076,19860311,PRCP,0,,,a,
ASN00082076,19860312,PRCP,0,,,a,
ASN00082076,19860313,PRCP,0,,,a,
ASN00082076,19860314,PRCP,0,,,a,
ASN00082076,19860315,PRCP,0,,,a,
ASN00082076,19860316,PRCP,0,,,a,
ASN00082076,19860317,PRCP,0,,,a,
ASN00082076,19860318,PRCP,0,,,a,
ASN00082076,19860319,PRCP,0,,,a,
ASN00082076,19860320,PRCP,0,,,a,
ASN00082076,19860321,PRCP,0,,,a,
ASN00082076,19860322,PRCP,0,,,a,
ASN00082076,19860323,PRCP,24,,,a,
ASN00082076,19860324,PRCP,0,,,a,
ASN00082076,19860325,PRCP,0,,,a,
ASN00082076,19860326,PRCP,24,,,a,
ASN00082076,19860327,PRCP,6,,,a,
ASN00082076,19860328,PRCP,0,,,a,
ASN00082076,19860329,PRCP,0,,,a,
ASN00082076,19860330,PRCP,0,,,a,
ASN00082076,19860331,PRCP,0,,,a,
ASN00082076,19860401,TMAX,280,,,a,
ASN00082076,19860402,TMAX,291,,,a,
ASN00082076,19860403,TMAX,313,,,a,
ASN00082076,19860404,TMAX,334,,,a,
ASN00082076,19860405,TMAX,204,,,a,
ASN00082076,19860406,TMAX,212,,,a,
ASN00082076,19860407,TMAX,228,,,a,
ASN00082076,19860408,TMAX,242,,,a,
ASN00082076,19860409,TMAX,246,,,a,
ASN00082076,19860410,TMAX,261,,,a,
ASN00082076,19860411,TMAX,253,,,a,
ASN00082076,19860412,TMAX,236,,,a,
ASN00082076,19860413,TMAX,254,,,a,
ASN00082076,19860414,TMAX,249,,,a,
ASN00082076,19860415,TMAX,262,,,a,
ASN00082076,19860416,TMAX,153,,,a,
ASN00082076,19860417,TMAX,124,,,a,
ASN00082076,19860418,TMAX,148,,,a,
ASN00082076,19860419,TMAX,165,,,a,
ASN00082076,19860420,TMAX,178,,,a,
ASN00082076,19860421,TMAX,196,,,a,
ASN00082076,19860422,TMAX,225,,,a,
ASN00082076,19860423,TMAX,208,,,a,
ASN00082076,19860424,TMAX,168,,,a,
ASN00082076,19860425,TMAX,155,,,a,
ASN00082076,19860426,TMAX,128,,,a,
ASN00082076,19860427,TMAX,132,,,a,
ASN00082076,19860428,TMAX,157,,,a,
ASN00082076,19860429,TMAX,137,,,a,
ASN00082076,19860430,TMAX,195,,,a,
ASN00082076,19860401,TMIN,118,,,a,
ASN00082076,19860402,TMIN,95,,,a,
ASN00082076,19860403,TMIN,82,,,a,
ASN00082076,19860404,TMIN,102,,,a,
ASN00082076,19860405,TMIN,154,,,a,
ASN00082076,19860406,TMIN,80,,,a,
ASN00082076,19860407,TMIN,70,,,a,
ASN00082076,19860408,TMIN,35,,,a,
ASN00082076,19860409,TMIN,75,,,a,
ASN00082076,19860410,TMIN,30,,,a,
ASN00082076,19860411,TMIN,87,,,a,
ASN00082076,19860412,TMIN,98,,,a,
ASN00082076,19860413,TMIN,73,,,a,
ASN00082076,19860414,TMIN,52,,,a,
ASN00082076,19860415,TMIN,62,,,a,
ASN00082076,19860416,TMIN,114,,,a,
ASN00082076,19860417,TMIN,85,,,a,
ASN00082076,19860418,TMIN,100,,,a,
ASN00082076,19860419,TMIN,115,,,a,
ASN00082076,19860420,TMIN,80,,,a,
ASN00082076,19860421,TMIN,83,,,a,
ASN00082076,19860422,TMIN,64,,,a,
ASN00082076,19860423,TMIN,77,,,a,
ASN00082076,19860424,TMIN,82,,,a,
ASN00082076,19860425,TMIN,58,,,a,
ASN00082076,19860426,TMIN,56,,,a,
ASN00082076,19860427,TMIN,72,,,a,
ASN00082076,19860428,TMIN,25,,,a,
ASN00082076,19860429,TMIN,97,,,a,
ASN00082076,19860430,TMIN,45,,,a,
ASN00082076,19860401,PRCP,0,,,a,
ASN00082076,19860402,PRCP,0,,,a,
ASN00082076,19860403,PRCP,0,,,a,
ASN00082076,19860404,PRCP,0,,,a,
ASN00082076,19860405,PRCP,0,,,a,
ASN00082076,19860406,PRCP,0,,,a,
ASN00082076,19860407,PRCP,0,,,a,
ASN00082076,19860408,PRCP,0,,,a,
ASN00082076,19860409,PRCP,0,,,a,
ASN00082076,19860410,PRCP,0,,,a,
ASN00082076,19860411,PRCP,0,,,a,
ASN00082076,19860412,PRCP,0,,,a,
ASN00082076,19860413,PRCP,0,,,a,
ASN00082076,19860414,PRCP,0,,,a,
ASN00082076,19860415,PRCP,0,,,a,
ASN00082076,19860416,PRCP,8,,,a,
ASN00082076,19860417,PRCP,140,,,a,
ASN00082076,19860418,PRCP,56,,,a,
ASN00082076,19860419,PRCP,8,,,a,
ASN00082076,19860420,PRCP,0,,,a,
ASN00082076,19860421,PRCP,0,,,a,
ASN00082076,19860422,PRCP,0,,,a,
ASN00082076,19860423,PRCP,0,,,a,
ASN00082076,19860424,PRCP,0,,,a,
ASN00082076,19860425,PRCP,32,,,a,
ASN00082076,19860426,PRCP,154,,,a,
ASN00082076,19860427,PRCP,22,,,a,
ASN00082076,19860428,PRCP,6,,,a,
ASN00082076,19860429,PRCP,0,,,a,
ASN00082076,19860430,PRCP,0,,,a,
ASN00082076,19860501,TMAX,177,,,a,
ASN00082076,19860502,TMAX,198,,,a,
ASN00082076,19860503,TMAX,194,,,a,
ASN00082076,19860505,TMAX,187,,,a,
ASN00082076,19860506,TMAX,124,,,a,
ASN00082076,19860507,TMAX,184,,,a,
ASN00082076,19860508,TMAX,170,,,a,
ASN00082076,19860509,TMAX,146,,,a,
ASN00082076,19860510,TMAX,164,,,a,
ASN00082076,19860511,TMAX,160,,,a,
ASN00082076,19860512,TMAX,202,,,a,
ASN00082076,19860513,TMAX,182,,,a,
ASN00082076,19860514,TMAX,195,,,a,
ASN00082076,19860516,TMAX,175,,,a,
ASN00082076,19860517,TMAX,150,,,a,
ASN00082076,19860518,TMAX,145,,,a,
ASN00082076,19860519,TMAX,158,,,a,
ASN00082076,19860520,TMAX,163,,,a,
ASN00082076,19860521,TMAX,122,,,a,
ASN00082076,19860522,TMAX,152,,,a,
ASN00082076,19860523,TMAX,116,,,a,
ASN00082076,19860524,TMAX,164,,,a,
ASN00082076,19860525,TMAX,157,,,a,
ASN00082076,19860526,TMAX,116,,,a,
ASN00082076,19860527,TMAX,155,,,a,
ASN00082076,19860528,TMAX,130,,,a,
ASN00082076,19860529,TMAX,139,,,a,
ASN00082076,19860530,TMAX,148,,,a,
ASN00082076,19860531,TMAX,154,,,a,
ASN00082076,19860501,TMIN,42,,,a,
ASN00082076,19860502,TMIN,70,,,a,
ASN00082076,19860503,TMIN,55,,,a,
ASN00082076,19860504,TMIN,52,,,a,
ASN00082076,19860505,TMIN,43,,,a,
ASN00082076,19860506,TMIN,50,,,a,
ASN00082076,19860507,TMIN,85,,,a,
ASN00082076,19860508,TMIN,77,,,a,
ASN00082076,19860509,TMIN,60,,,a,
ASN00082076,19860510,TMIN,90,,,a,
ASN00082076,19860511,TMIN,92,,,a,
ASN00082076,19860512,TMIN,38,,,a,
ASN00082076,19860513,TMIN,20,,,a,
ASN00082076,19860514,TMIN,52,,,a,
ASN00082076,19860516,TMIN,80,,,a,
ASN00082076,19860517,TMIN,100,,,a,
ASN00082076,19860518,TMIN,65,,,a,
ASN00082076,19860519,TMIN,91,,,a,
ASN00082076,19860520,TMIN,72,,,a,
ASN00082076,19860521,TMIN,64,,,a,
ASN00082076,19860522,TMIN,65,,,a,
ASN00082076,19860523,TMIN,53,,,a,
ASN00082076,19860524,TMIN,74,,,a,
ASN00082076,19860525,TMIN,42,,,a,
ASN00082076,19860526,TMIN,32,,,a,
ASN00082076,19860527,TMIN,51,,,a,
ASN00082076,19860528,TMIN,0,,,a,
ASN00082076,19860529,TMIN,28,,,a,
ASN00082076,19860530,TMIN,24,,,a,
ASN00082076,19860531,TMIN,8,,,a,
ASN00082076,19860501,PRCP,0,,,a,
ASN00082076,19860502,PRCP,0,,,a,
ASN00082076,19860503,PRCP,0,,,a,
ASN00082076,19860504,PRCP,0,,,a,
ASN00082076,19860505,PRCP,0,,,a,
ASN00082076,19860506,PRCP,0,,,a,
ASN00082076,19860507,PRCP,120,,,a,
ASN00082076,19860508,PRCP,8,,,a,
ASN00082076,19860509,PRCP,8,,,a,
ASN00082076,19860510,PRCP,62,,,a,
ASN00082076,19860511,PRCP,22,,,a,
ASN00082076,19860512,PRCP,0,,,a,
ASN00082076,19860513,PRCP,0,,,a,
ASN00082076,19860514,PRCP,0,,,a,
ASN00082076,19860515,PRCP,0,,,a,
ASN00082076,19860516,PRCP,0,,,a,
ASN00082076,19860517,PRCP,84,,,a,
ASN00082076,19860518,PRCP,54,,,a,
ASN00082076,19860519,PRCP,92,,,a,
ASN00082076,19860520,PRCP,26,,,a,
ASN00082076,19860521,PRCP,54,,,a,
ASN00082076,19860522,PRCP,0,,,a,
ASN00082076,19860523,PRCP,2,,,a,
ASN00082076,19860524,PRCP,300,,,a,
ASN00082076,19860525,PRCP,0,,,a,
ASN00082076,19860526,PRCP,0,,,a,
ASN00082076,19860527,PRCP,0,,,a,
ASN00082076,19860528,PRCP,0,,,a,
ASN00082076,19860529,PRCP,2,,,a,
ASN00082076,19860530,PRCP,0,,,a,
ASN00082076,19860531,PRCP,0,,,a,
ASN00082076,19860601,TMAX,138,,,a,
ASN00082076,19860602,TMAX,142,,,a,
ASN00082076,19860603,TMAX,151,,,a,
ASN00082076,19860604,TMAX,140,,,a,
ASN00082076,19860605,TMAX,148,,,a,
ASN00082076,19860606,TMAX,96,,,a,
ASN00082076,19860607,TMAX,138,,,a,
ASN00082076,19860608,TMAX,108,,,a,
ASN00082076,19860609,TMAX,98,,,a,
ASN00082076,19860610,TMAX,142,,,a,
ASN00082076,19860611,TMAX,88,,,a,
ASN00082076,19860612,TMAX,142,,,a,
ASN00082076,19860613,TMAX,138,,,a,
ASN00082076,19860614,TMAX,156,,,a,
ASN00082076,19860615,TMAX,162,,,a,
ASN00082076,19860616,TMAX,127,,,a,
ASN00082076,19860617,TMAX,142,,,a,
ASN00082076,19860618,TMAX,92,,,a,
ASN00082076,19860619,TMAX,89,,,a,
ASN00082076,19860620,TMAX,78,,,a,
ASN00082076,19860621,TMAX,70,,,a,
ASN00082076,19860622,TMAX,96,,,a,
ASN00082076,19860623,TMAX,72,,,a,
ASN00082076,19860624,TMAX,110,,,a,
ASN00082076,19860625,TMAX,97,,,a,
ASN00082076,19860626,TMAX,75,,,a,
ASN00082076,19860627,TMAX,105,,,a,
ASN00082076,19860628,TMAX,104,,,a,
ASN00082076,19860629,TMAX,118,,,a,
ASN00082076,19860630,TMAX,91,,,a,
ASN00082076,19860601,TMIN,-10,,,a,
ASN00082076,19860602,TMIN,-7,,,a,
ASN00082076,19860603,TMIN,0,,,a,
ASN00082076,19860604,TMIN,19,,,a,
ASN00082076,19860605,TMIN,17,,,a,
ASN00082076,19860606,TMIN,30,,,a,
ASN00082076,19860607,TMIN,5,,,a,
ASN00082076,19860608,TMIN,15,,,a,
ASN00082076,19860609,TMIN,15,,,a,
ASN00082076,19860610,TMIN,52,,,a,
ASN00082076,19860611,TMIN,10,,,a,
ASN00082076,19860612,TMIN,37,,,a,
ASN00082076,19860613,TMIN,9,,,a,
ASN00082076,19860614,TMIN,38,,,a,
ASN00082076,19860615,TMIN,28,,,a,
ASN00082076,19860616,TMIN,38,,,a,
ASN00082076,19860617,TMIN,46,,,a,
ASN00082076,19860618,TMIN,61,,,a,
ASN00082076,19860619,TMIN,58,,,a,
ASN00082076,19860620,TMIN,19,,,a,
ASN00082076,19860621,TMIN,-16,,,a,
ASN00082076,19860622,TMIN,14,,,a,
ASN00082076,19860623,TMIN,4,,,a,
ASN00082076,19860624,TMIN,12,,,a,
ASN00082076,19860625,TMIN,8,,,a,
ASN00082076,19860626,TMIN,28,,,a,
ASN00082076,19860627,TMIN,47,,,a,
ASN00082076,19860628,TMIN,36,,,a,
ASN00082076,19860629,TMIN,-20,,,a,
ASN00082076,19860630,TMIN,-20,,,a,
ASN00082076,19860601,PRCP,0,,,a,
ASN00082076,19860602,PRCP,0,,,a,
ASN00082076,19860603,PRCP,0,,,a,
ASN00082076,19860604,PRCP,0,,,a,
ASN00082076,19860605,PRCP,0,,,a,
ASN00082076,19860606,PRCP,0,,,a,
ASN00082076,19860607,PRCP,0,,,a,
ASN00082076,19860608,PRCP,0,,,a,
ASN00082076,19860609,PRCP,4,,,a,
ASN00082076,19860610,PRCP,24,,,a,
ASN00082076,19860611,PRCP,0,,,a,
ASN00082076,19860612,PRCP,0,,,a,
ASN00082076,19860613,PRCP,0,,,a,
ASN00082076,19860614,PRCP,0,,,a,
ASN00082076,19860615,PRCP,0,,,a,
ASN00082076,19860616,PRCP,0,,,a,
ASN00082076,19860617,PRCP,0,,,a,
ASN00082076,19860618,PRCP,184,,,a,
ASN00082076,19860619,PRCP,74,,,a,
ASN00082076,19860620,PRCP,46,,,a,
ASN00082076,19860621,PRCP,8,,,a,
ASN00082076,19860622,PRCP,44,,,a,
ASN00082076,19860623,PRCP,8,,,a,
ASN00082076,19860624,PRCP,0,,,a,
ASN00082076,19860625,PRCP,0,,,a,
ASN00082076,19860626,PRCP,52,,,a,
ASN00082076,19860627,PRCP,24,,,a,
ASN00082076,19860628,PRCP,0,,,a,
ASN00082076,19860629,PRCP,0,,,a,
ASN00082076,19860630,PRCP,0,,,a,
ASN00082076,19860703,TMAX,137,,,a,
ASN00082076,19860704,TMAX,98,,,a,
ASN00082076,19860705,TMAX,90,,,a,
ASN00082076,19860706,TMAX,98,,,a,
ASN00082076,19860708,TMAX,76,,,a,
ASN00082076,19860709,TMAX,47,,,a,
ASN00082076,19860711,TMAX,96,,,a,
ASN00082076,19860712,TMAX,118,,,a,
ASN00082076,19860713,TMAX,112,,,a,
ASN00082076,19860714,TMAX,132,,,a,
ASN00082076,19860715,TMAX,123,,,a,
ASN00082076,19860716,TMAX,154,,,a,
ASN00082076,19860717,TMAX,88,,,a,
ASN00082076,19860718,TMAX,125,,,a,
ASN00082076,19860719,TMAX,124,,,a,
ASN00082076,19860720,TMAX,144,,,a,
ASN00082076,19860721,TMAX,138,,,a,
ASN00082076,19860722,TMAX,108,,,a,
ASN00082076,19860723,TMAX,114,,,a,
ASN00082076,19860724,TMAX,135,,,a,
ASN00082076,19860725,TMAX,70,,,a,
ASN00082076,19860726,TMAX,95,,,a,
ASN00082076,19860727,TMAX,98,,,a,
ASN00082076,19860728,TMAX,125,,,a,
ASN00082076,19860729,TMAX,103,,,a,
ASN00082076,19860730,TMAX,107,,,a,
ASN00082076,19860731,TMAX,95,,,a,
ASN00082076,19860701,TMIN,-16,,,a,
ASN00082076,19860702,TMIN,13,,,a,
ASN00082076,19860703,TMIN,63,,,a,
ASN00082076,19860704,TMIN,83,,,a,
ASN00082076,19860705,TMIN,70,,,a,
ASN00082076,19860706,TMIN,35,,,a,
ASN00082076,19860707,TMIN,15,,,a,
ASN00082076,19860708,TMIN,26,,,a,
ASN00082076,19860709,TMIN,25,,,a,
ASN00082076,19860710,TMIN,2,,,a,
ASN00082076,19860711,TMIN,8,,,a,
ASN00082076,19860712,TMIN,20,,,a,
ASN00082076,19860713,TMIN,-12,,,a,
ASN00082076,19860714,TMIN,-23,,,a,
ASN00082076,19860715,TMIN,3,,,a,
ASN00082076,19860716,TMIN,15,,,a,
ASN00082076,19860717,TMIN,34,,,a,
ASN00082076,19860718,TMIN,54,,,a,
ASN00082076,19860719,TMIN,15,,,a,
ASN00082076,19860720,TMIN,6,,,a,
ASN00082076,19860721,TMIN,-3,,,a,
ASN00082076,19860722,TMIN,8,,,a,
ASN00082076,19860723,TMIN,22,,,a,
ASN00082076,19860724,TMIN,88,,,a,
ASN00082076,19860725,TMIN,17,,,a,
ASN00082076,19860726,TMIN,-52,,,a,
ASN00082076,19860727,TMIN,-38,,,a,
ASN00082076,19860728,TMIN,-38,,,a,
ASN00082076,19860729,TMIN,-23,,,a,
ASN00082076,19860730,TMIN,7,,,a,
ASN00082076,19860731,TMIN,34,,,a,
ASN00082076,19860701,PRCP,0,,,a,
ASN00082076,19860702,PRCP,196,,,a,
ASN00082076,19860703,PRCP,620,,,a,
ASN00082076,19860704,PRCP,154,,,a,
ASN00082076,19860705,PRCP,124,,,a,
ASN00082076,19860706,PRCP,164,,,a,
ASN00082076,19860707,PRCP,0,,,a,
ASN00082076,19860708,PRCP,96,,,a,
ASN00082076,19860709,PRCP,52,,,a,
ASN00082076,19860710,PRCP,40,,,a,
ASN00082076,19860711,PRCP,0,,,a,
ASN00082076,19860712,PRCP,0,,,a,
ASN00082076,19860713,PRCP,0,,,a,
ASN00082076,19860714,PRCP,0,,,a,
ASN00082076,19860715,PRCP,0,,,a,
ASN00082076,19860716,PRCP,252,,,a,
ASN00082076,19860717,PRCP,276,,,a,
ASN00082076,19860718,PRCP,58,,,a,
ASN00082076,19860719,PRCP,0,,,a,
ASN00082076,19860720,PRCP,0,,,a,
ASN00082076,19860721,PRCP,0,,,a,
ASN00082076,19860722,PRCP,0,,,a,
ASN00082076,19860723,PRCP,184,,,a,
ASN00082076,19860724,PRCP,308,,,a,
ASN00082076,19860725,PRCP,78,,,a,
ASN00082076,19860726,PRCP,0,,,a,
ASN00082076,19860727,PRCP,0,,,a,
ASN00082076,19860728,PRCP,0,,,a,
ASN00082076,19860729,PRCP,0,,,a,
ASN00082076,19860730,PRCP,0,,,a,
ASN00082076,19860731,PRCP,0,,,a,
ASN00082076,19860801,TMAX,132,,,a,
ASN00082076,19860802,TMAX,144,,,a,
ASN00082076,19860803,TMAX,167,,,a,
ASN00082076,19860804,TMAX,152,,,a,
ASN00082076,19860805,TMAX,122,,,a,
ASN00082076,19860806,TMAX,142,,,a,
ASN00082076,19860807,TMAX,148,,,a,
ASN00082076,19860808,TMAX,160,,,a,
ASN00082076,19860809,TMAX,138,,,a,
ASN00082076,19860810,TMAX,135,,,a,
ASN00082076,19860811,TMAX,139,,,a,
ASN00082076,19860812,TMAX,142,,,a,
ASN00082076,19860813,TMAX,150,,,a,
ASN00082076,19860814,TMAX,168,,,a,
ASN00082076,19860815,TMAX,122,,,a,
ASN00082076,19860816,TMAX,105,,,a,
ASN00082076,19860817,TMAX,114,,,a,
ASN00082076,19860818,TMAX,127,,,a,
ASN00082076,19860819,TMAX,108,,,a,
ASN00082076,19860820,TMAX,156,,,a,
ASN00082076,19860821,TMAX,170,,,a,
ASN00082076,19860822,TMAX,188,,,a,
ASN00082076,19860823,TMAX,158,,,a,
ASN00082076,19860824,TMAX,118,,,a,
ASN00082076,19860825,TMAX,130,,,a,
ASN00082076,19860826,TMAX,137,,,a,
ASN00082076,19860827,TMAX,160,,,a,
ASN00082076,19860828,TMAX,149,,,a,
ASN00082076,19860829,TMAX,152,,,a,
ASN00082076,19860830,TMAX,95,,,a,
ASN00082076,19860831,TMAX,78,,,a,
ASN00082076,19860801,TMIN,55,,,a,
ASN00082076,19860802,TMIN,8,,,a,
ASN00082076,19860803,TMIN,0,,,a,
ASN00082076,19860804,TMIN,30,,,a,
ASN00082076,19860805,TMIN,75,,,a,
ASN00082076,19860806,TMIN,98,,,a,
ASN00082076,19860807,TMIN,91,,,a,
ASN00082076,19860808,TMIN,28,,,a,
ASN00082076,19860809,TMIN,-13,,,a,
ASN00082076,19860810,TMIN,-3,,,a,
ASN00082076,19860811,TMIN,-13,,,a,
ASN00082076,19860812,TMIN,-17,,,a,
ASN00082076,19860813,TMIN,-8,,,a,
ASN00082076,19860814,TMIN,0,,,a,
ASN00082076,19860815,TMIN,45,,,a,
ASN00082076,19860816,TMIN,72,,,a,
ASN00082076,19860817,TMIN,80,,,a,
ASN00082076,19860818,TMIN,66,,,a,
ASN00082076,19860819,TMIN,51,,,a,
ASN00082076,19860820,TMIN,37,,,a,
ASN00082076,19860821,TMIN,16,,,a,
ASN00082076,19860822,TMIN,52,,,a,
ASN00082076,19860823,TMIN,25,,,a,
ASN00082076,19860824,TMIN,52,,,a,
ASN00082076,19860825,TMIN,81,,,a,
ASN00082076,19860826,TMIN,45,,,a,
ASN00082076,19860827,TMIN,42,,,a,
ASN00082076,19860828,TMIN,25,,,a,
ASN00082076,19860829,TMIN,54,,,a,
ASN00082076,19860830,TMIN,62,,,a,
ASN00082076,19860831,TMIN,-15,,,a,
ASN00082076,19860801,PRCP,0,,,a,
ASN00082076,19860802,PRCP,0,,,a,
ASN00082076,19860803,PRCP,0,,,a,
ASN00082076,19860804,PRCP,0,,,a,
ASN00082076,19860805,PRCP,0,,,a,
ASN00082076,19860806,PRCP,0,,,a,
ASN00082076,19860807,PRCP,0,,,a,
ASN00082076,19860808,PRCP,0,,,a,
ASN00082076,19860809,PRCP,0,,,a,
ASN00082076,19860810,PRCP,0,,,a,
ASN00082076,19860811,PRCP,0,,,a,
ASN00082076,19860812,PRCP,0,,,a,
ASN00082076,19860813,PRCP,0,,,a,
ASN00082076,19860814,PRCP,0,,,a,
ASN00082076,19860815,PRCP,278,,,a,
ASN00082076,19860816,PRCP,428,,,a,
ASN00082076,19860817,PRCP,62,,,a,
ASN00082076,19860818,PRCP,22,,,a,
ASN00082076,19860819,PRCP,40,,,a,
ASN00082076,19860820,PRCP,8,,,a,
ASN00082076,19860821,PRCP,0,,,a,
ASN00082076,19860822,PRCP,0,,,a,
ASN00082076,19860823,PRCP,4,,,a,
ASN00082076,19860824,PRCP,98,,,a,
ASN00082076,19860825,PRCP,106,,,a,
ASN00082076,19860826,PRCP,0,,,a,
ASN00082076,19860827,PRCP,6,,,a,
ASN00082076,19860828,PRCP,0,,,a,
ASN00082076,19860829,PRCP,0,,,a,
ASN00082076,19860830,PRCP,58,,,a,
ASN00082076,19860831,PRCP,10,,,a,
ASN00082076,19860901,TMAX,154,,,a,
ASN00082076,19860902,TMAX,170,,,a,
ASN00082076,19860903,TMAX,145,,,a,
ASN00082076,19860904,TMAX,194,,,a,
ASN00082076,19860905,TMAX,175,,,a,
ASN00082076,19860906,TMAX,114,,,a,
ASN00082076,19860907,TMAX,137,,,a,
ASN00082076,19860908,TMAX,164,,,a,
ASN00082076,19860909,TMAX,165,,,a,
ASN00082076,19860910,TMAX,140,,,a,
ASN00082076,19860911,TMAX,148,,,a,
ASN00082076,19860912,TMAX,168,,,a,
ASN00082076,19860913,TMAX,146,,,a,
ASN00082076,19860914,TMAX,156,,,a,
ASN00082076,19860915,TMAX,182,,,a,
ASN00082076,19860916,TMAX,133,,,a,
ASN00082076,19860917,TMAX,107,,,a,
ASN00082076,19860918,TMAX,156,,,a,
ASN00082076,19860919,TMAX,155,,,a,
ASN00082076,19860920,TMAX,172,,,a,
ASN00082076,19860921,TMAX,163,,,a,
ASN00082076,19860922,TMAX,168,,,a,
ASN00082076,19860923,TMAX,166,,,a,
ASN00082076,19860924,TMAX,182,,,a,
ASN00082076,19860925,TMAX,178,,,a,
ASN00082076,19860926,TMAX,215,,,a,
ASN00082076,19860927,TMAX,210,,,a,
ASN00082076,19860928,TMAX,154,,,a,
ASN00082076,19860929,TMAX,235,,,a,
ASN00082076,19860930,TMAX,222,,,a,
ASN00082076,19860901,TMIN,32,,,a,
ASN00082076,19860902,TMIN,75,,,a,
ASN00082076,19860903,TMIN,53,,,a,
ASN00082076,19860904,TMIN,60,,,a,
ASN00082076,19860905,TMIN,75,,,a,
ASN00082076,19860906,TMIN,65,,,a,
ASN00082076,19860907,TMIN,30,,,a,
ASN00082076,19860908,TMIN,24,,,a,
ASN00082076,19860909,TMIN,13,,,a,
ASN00082076,19860910,TMIN,10,,,a,
ASN00082076,19860911,TMIN,35,,,a,
ASN00082076,19860912,TMIN,32,,,a,
ASN00082076,19860913,TMIN,85,,,a,
ASN00082076,19860914,TMIN,64,,,a,
ASN00082076,19860915,TMIN,72,,,a,
ASN00082076,19860916,TMIN,28,,,a,
ASN00082076,19860917,TMIN,82,,,a,
ASN00082076,19860918,TMIN,68,,,a,
ASN00082076,19860919,TMIN,80,,,a,
ASN00082076,19860920,TMIN,20,,,a,
ASN00082076,19860921,TMIN,42,,,a,
ASN00082076,19860922,TMIN,72,,,a,
ASN00082076,19860923,TMIN,82,,,a,
ASN00082076,19860924,TMIN,63,,,a,
ASN00082076,19860925,TMIN,82,,,a,
ASN00082076,19860926,TMIN,77,,,a,
ASN00082076,19860927,TMIN,64,,,a,
ASN00082076,19860928,TMIN,80,,,a,
ASN00082076,19860929,TMIN,57,,,a,
ASN00082076,19860930,TMIN,92,,,a,
ASN00082076,19860901,PRCP,18,,,a,
ASN00082076,19860902,PRCP,30,,,a,
ASN00082076,19860903,PRCP,0,,,a,
ASN00082076,19860904,PRCP,0,,,a,
ASN00082076,19860905,PRCP,0,,,a,
ASN00082076,19860906,PRCP,28,,,a,
ASN00082076,19860907,PRCP,72,,,a,
ASN00082076,19860908,PRCP,0,,,a,
ASN00082076,19860909,PRCP,0,,,a,
ASN00082076,19860910,PRCP,0,,,a,
ASN00082076,19860911,PRCP,0,,,a,
ASN00082076,19860912,PRCP,0,,,a,
ASN00082076,19860913,PRCP,84,,,a,
ASN00082076,19860914,PRCP,24,,,a,
ASN00082076,19860915,PRCP,0,,,a,
ASN00082076,19860916,PRCP,0,,,a,
ASN00082076,19860917,PRCP,268,,,a,
ASN00082076,19860918,PRCP,24,,,a,
ASN00082076,19860919,PRCP,124,,,a,
ASN00082076,19860920,PRCP,0,,,a,
ASN00082076,19860921,PRCP,0,,,a,
ASN00082076,19860922,PRCP,16,,,a,
ASN00082076,19860923,PRCP,0,,,a,
ASN00082076,19860924,PRCP,0,,,a,
ASN00082076,19860925,PRCP,0,,,a,
ASN00082076,19860926,PRCP,0,,,a,
ASN00082076,19860927,PRCP,0,,,a,
ASN00082076,19860928,PRCP,10,,,a,
ASN00082076,19860929,PRCP,12,,,a,
ASN00082076,19860930,PRCP,2,,,a,
ASN00082076,19861001,TMAX,200,,,a,
ASN00082076,19861002,TMAX,220,,,a,
ASN00082076,19861003,TMAX,125,,,a,
ASN00082076,19861004,TMAX,145,,,a,
ASN00082076,19861005,TMAX,185,,,a,
ASN00082076,19861006,TMAX,142,,,a,
ASN00082076,19861007,TMAX,171,,,a,
ASN00082076,19861008,TMAX,181,,,a,
ASN00082076,19861009,TMAX,212,,,a,
ASN00082076,19861010,TMAX,128,,,a,
ASN00082076,19861011,TMAX,185,,,a,
ASN00082076,19861012,TMAX,193,,,a,
ASN00082076,19861013,TMAX,212,,,a,
ASN00082076,19861014,TMAX,152,,,a,
ASN00082076,19861015,TMAX,157,,,a,
ASN00082076,19861016,TMAX,190,,,a,
ASN00082076,19861017,TMAX,218,,,a,
ASN00082076,19861018,TMAX,207,,,a,
ASN00082076,19861019,TMAX,129,,,a,
ASN00082076,19861020,TMAX,127,,,a,
ASN00082076,19861021,TMAX,169,,,a,
ASN00082076,19861022,TMAX,120,,,a,
ASN00082076,19861023,TMAX,127,,,a,
ASN00082076,19861024,TMAX,134,,,a,
ASN00082076,19861025,TMAX,142,,,a,
ASN00082076,19861026,TMAX,166,,,a,
ASN00082076,19861027,TMAX,184,,,a,
ASN00082076,19861028,TMAX,207,,,a,
ASN00082076,19861029,TMAX,220,,,a,
ASN00082076,19861030,TMAX,242,,,a,
ASN00082076,19861031,TMAX,215,,,a,
ASN00082076,19861001,TMIN,127,,,a,
ASN00082076,19861002,TMIN,137,,,a,
ASN00082076,19861004,TMIN,48,,,a,
ASN00082076,19861005,TMIN,65,,,a,
ASN00082076,19861006,TMIN,68,,,a,
ASN00082076,19861007,TMIN,95,,,a,
ASN00082076,19861008,TMIN,17,,,a,
ASN00082076,19861009,TMIN,74,,,a,
ASN00082076,19861010,TMIN,95,,,a,
ASN00082076,19861011,TMIN,80,,,a,
ASN00082076,19861012,TMIN,65,,,a,
ASN00082076,19861013,TMIN,35,,,a,
ASN00082076,19861014,TMIN,98,,,a,
ASN00082076,19861015,TMIN,18,,,a,
ASN00082076,19861016,TMIN,58,,,a,
ASN00082076,19861017,TMIN,32,,,a,
ASN00082076,19861018,TMIN,46,,,a,
ASN00082076,19861019,TMIN,75,,,a,
ASN00082076,19861020,TMIN,45,,,a,
ASN00082076,19861021,TMIN,26,,,a,
ASN00082076,19861022,TMIN,44,,,a,
ASN00082076,19861023,TMIN,44,,,a,
ASN00082076,19861024,TMIN,60,,,a,
ASN00082076,19861025,TMIN,48,,,a,
ASN00082076,19861026,TMIN,55,,,a,
ASN00082076,19861027,TMIN,57,,,a,
ASN00082076,19861028,TMIN,48,,,a,
ASN00082076,19861029,TMIN,55,,,a,
ASN00082076,19861030,TMIN,90,,,a,
ASN00082076,19861031,TMIN,85,,,a,
ASN00082076,19861001,PRCP,10,,,a,
ASN00082076,19861002,PRCP,52,,,a,
ASN00082076,19861003,PRCP,388,,,a,
ASN00082076,19861004,PRCP,66,,,a,
ASN00082076,19861005,PRCP,0,,,a,
ASN00082076,19861006,PRCP,22,,,a,
ASN00082076,19861007,PRCP,90,,,a,
ASN00082076,19861008,PRCP,0,,,a,
ASN00082076,19861009,PRCP,0,,,a,
ASN00082076,19861010,PRCP,122,,,a,
ASN00082076,19861011,PRCP,124,,,a,
ASN00082076,19861012,PRCP,10,,,a,
ASN00082076,19861013,PRCP,0,,,a,
ASN00082076,19861014,PRCP,284,,,a,
ASN00082076,19861015,PRCP,24,,,a,
ASN00082076,19861016,PRCP,0,,,a,
ASN00082076,19861017,PRCP,0,,,a,
ASN00082076,19861018,PRCP,0,,,a,
ASN00082076,19861019,PRCP,202,,,a,
ASN00082076,19861020,PRCP,192,,,a,
ASN00082076,19861021,PRCP,12,,,a,
ASN00082076,19861022,PRCP,0,,,a,
ASN00082076,19861023,PRCP,428,,,a,
ASN00082076,19861024,PRCP,36,,,a,
ASN00082076,19861025,PRCP,88,,,a,
ASN00082076,19861026,PRCP,8,,,a,
ASN00082076,19861027,PRCP,0,,,a,
ASN00082076,19861028,PRCP,8,,,a,
ASN00082076,19861029,PRCP,0,,,a,
ASN00082076,19861030,PRCP,0,,,a,
ASN00082076,19861031,PRCP,0,,,a,
ASN00082076,19861101,TMAX,148,,,a,
ASN00082076,19861102,TMAX,230,,,a,
ASN00082076,19861103,TMAX,277,,,a,
ASN00082076,19861104,TMAX,291,,,a,
ASN00082076,19861105,TMAX,310,,,a,
ASN00082076,19861106,TMAX,243,,,a,
ASN00082076,19861107,TMAX,230,,,a,
ASN00082076,19861108,TMAX,228,,,a,
ASN00082076,19861109,TMAX,241,,,a,
ASN00082076,19861110,TMAX,260,,,a,
ASN00082076,19861111,TMAX,233,,,a,
ASN00082076,19861112,TMAX,147,,S,a,
ASN00082076,19861113,TMAX,272,,,a,
ASN00082076,19861114,TMAX,256,,,a,
ASN00082076,19861115,TMAX,266,,,a,
ASN00082076,19861116,TMAX,243,,,a,
ASN00082076,19861117,TMAX,248,,,a,
ASN00082076,19861118,TMAX,132,,,a,
ASN00082076,19861119,TMAX,131,,,a,
ASN00082076,19861120,TMAX,167,,,a,
ASN00082076,19861121,TMAX,175,,,a,
ASN00082076,19861122,TMAX,245,,,a,
ASN00082076,19861123,TMAX,258,,,a,
ASN00082076,19861124,TMAX,272,,,a,
ASN00082076,19861125,TMAX,280,,,a,
ASN00082076,19861126,TMAX,299,,,a,
ASN00082076,19861127,TMAX,170,,,a,
ASN00082076,19861128,TMAX,228,,,a,
ASN00082076,19861129,TMAX,220,,,a,
ASN00082076,19861130,TMAX,252,,,a,
ASN00082076,19861101,TMIN,90,,,a,
ASN00082076,19861102,TMIN,55,,,a,
ASN00082076,19861103,TMIN,60,,,a,
ASN00082076,19861104,TMIN,98,,,a,
ASN00082076,19861105,TMIN,97,,,a,
ASN00082076,19861106,TMIN,133,,,a,
ASN00082076,19861107,TMIN,124,,,a,
ASN00082076,19861108,TMIN,110,,,a,
ASN00082076,19861109,TMIN,95,,,a,
ASN00082076,19861110,TMIN,87,,,a,
ASN00082076,19861111,TMIN,122,,,a,
ASN00082076,19861112,TMIN,117,,,a,
ASN00082076,19861113,TMIN,100,,,a,
ASN00082076,19861114,TMIN,105,,,a,
ASN00082076,19861115,TMIN,113,,,a,
ASN00082076,19861116,TMIN,145,,,a,
ASN00082076,19861117,TMIN,157,,,a,
ASN00082076,19861118,TMIN,127,,,a,
ASN00082076,19861119,TMIN,92,,,a,
ASN00082076,19861120,TMIN,109,,,a,
ASN00082076,19861121,TMIN,87,,,a,
ASN00082076,19861122,TMIN,54,,,a,
ASN00082076,19861123,TMIN,52,,,a,
ASN00082076,19861124,TMIN,118,,,a,
ASN00082076,19861125,TMIN,97,,,a,
ASN00082076,19861126,TMIN,102,,,a,
ASN00082076,19861127,TMIN,75,,,a,
ASN00082076,19861128,TMIN,75,,,a,
ASN00082076,19861129,TMIN,102,,,a,
ASN00082076,19861130,TMIN,85,,,a,
ASN00082076,19861101,PRCP,48,,,a,
ASN00082076,19861102,PRCP,0,,,a,
ASN00082076,19861103,PRCP,0,,,a,
ASN00082076,19861104,PRCP,0,,,a,
ASN00082076,19861105,PRCP,0,,,a,
ASN00082076,19861106,PRCP,0,,,a,
ASN00082076,19861107,PRCP,98,,,a,
ASN00082076,19861108,PRCP,0,,,a,
ASN00082076,19861109,PRCP,0,,,a,
ASN00082076,19861110,PRCP,0,,,a,
ASN00082076,19861111,PRCP,0,,,a,
ASN00082076,19861112,PRCP,0,,,a,
ASN00082076,19861113,PRCP,0,,,a,
ASN00082076,19861114,PRCP,28,,,a,
ASN00082076,19861115,PRCP,0,,,a,
ASN00082076,19861116,PRCP,4,,,a,
ASN00082076,19861117,PRCP,62,,,a,
ASN00082076,19861118,PRCP,338,,,a,
ASN00082076,19861119,PRCP,122,,,a,
ASN00082076,19861120,PRCP,0,,,a,
ASN00082076,19861121,PRCP,0,,,a,
ASN00082076,19861122,PRCP,0,,,a,
ASN00082076,19861123,PRCP,0,,,a,
ASN00082076,19861124,PRCP,0,,,a,
ASN00082076,19861125,PRCP,0,,,a,
ASN00082076,19861126,PRCP,0,,,a,
ASN00082076,19861127,PRCP,0,,,a,
ASN00082076,19861128,PRCP,0,,,a,
ASN00082076,19861129,PRCP,0,,,a,
ASN00082076,19861130,PRCP,0,,,a,
ASN00082076,19861201,TMAX,272,,,a,
ASN00082076,19861202,TMAX,275,,,a,
ASN00082076,19861203,TMAX,282,,,a,
ASN00082076,19861204,TMAX,283,,,a,
ASN00082076,19861205,TMAX,195,,,a,
ASN00082076,19861206,TMAX,285,,,a,
ASN00082076,19861207,TMAX,208,,,a,
ASN00082076,19861208,TMAX,153,,,a,
ASN00082076,19861209,TMAX,184,,,a,
ASN00082076,19861210,TMAX,240,,,a,
ASN00082076,19861211,TMAX,228,,,a,
ASN00082076,19861212,TMAX,165,,,a,
ASN00082076,19861213,TMAX,192,,,a,
ASN00082076,19861215,TMAX,247,,,a,
ASN00082076,19861216,TMAX,213,,,a,
ASN00082076,19861217,TMAX,189,,,a,
ASN00082076,19861218,TMAX,221,,,a,
ASN00082076,19861219,TMAX,255,,,a,
ASN00082076,19861220,TMAX,245,,,a,
ASN00082076,19861221,TMAX,249,,,a,
ASN00082076,19861222,TMAX,225,,,a,
ASN00082076,19861223,TMAX,259,,,a,
ASN00082076,19861224,TMAX,285,,,a,
ASN00082076,19861225,TMAX,272,,,a,
ASN00082076,19861226,TMAX,312,,,a,
ASN00082076,19861227,TMAX,300,,,a,
ASN00082076,19861228,TMAX,282,,,a,
ASN00082076,19861229,TMAX,295,,,a,
ASN00082076,19861230,TMAX,315,,,a,
ASN00082076,19861231,TMAX,266,,,a,
ASN00082076,19861201,TMIN,75,,,a,
ASN00082076,19861202,TMIN,80,,,a,
ASN00082076,19861203,TMIN,99,,,a,
ASN00082076,19861204,TMIN,116,,,a,
ASN00082076,19861205,TMIN,152,,,a,
ASN00082076,19861206,TMIN,145,,,a,
ASN00082076,19861207,TMIN,170,,,a,
ASN00082076,19861208,TMIN,101,,,a,
ASN00082076,19861209,TMIN,83,,,a,
ASN00082076,19861210,TMIN,72,,,a,
ASN00082076,19861211,TMIN,85,,,a,
ASN00082076,19861212,TMIN,103,,,a,
ASN00082076,19861213,TMIN,108,,,a,
ASN00082076,19861214,TMIN,100,,,a,
ASN00082076,19861215,TMIN,105,,,a,
ASN00082076,19861216,TMIN,88,,,a,
ASN00082076,19861217,TMIN,112,,,a,
ASN00082076,19861218,TMIN,62,,,a,
ASN00082076,19861219,TMIN,70,,,a,
ASN00082076,19861220,TMIN,80,,,a,
ASN00082076,19861221,TMIN,68,,,a,
ASN00082076,19861222,TMIN,75,,,a,
ASN00082076,19861223,TMIN,70,,,a,
ASN00082076,19861224,TMIN,129,,,a,
ASN00082076,19861225,TMIN,100,,,a,
ASN00082076,19861226,TMIN,125,,,a,
ASN00082076,19861227,TMIN,162,,,a,
ASN00082076,19861228,TMIN,145,,,a,
ASN00082076,19861229,TMIN,144,,,a,
ASN00082076,19861230,TMIN,110,,,a,
ASN00082076,19861231,TMIN,150,,,a,
ASN00082076,19861201,PRCP,0,,,a,
ASN00082076,19861202,PRCP,0,,,a,
ASN00082076,19861203,PRCP,0,,,a,
ASN00082076,19861204,PRCP,0,,,a,
ASN00082076,19861205,PRCP,6,,,a,
ASN00082076,19861206,PRCP,44,,,a,
ASN00082076,19861207,PRCP,2,,,a,
ASN00082076,19861208,PRCP,330,,,a,
ASN00082076,19861209,PRCP,0,,,a,
ASN00082076,19861210,PRCP,0,,,a,
ASN00082076,19861211,PRCP,0,,,a,
ASN00082076,19861212,PRCP,70,,,a,
ASN00082076,19861213,PRCP,50,,,a,
ASN00082076,19861214,PRCP,0,,,a,
ASN00082076,19861215,PRCP,0,,,a,
ASN00082076,19861216,PRCP,0,,,a,
ASN00082076,19861217,PRCP,164,,,a,
ASN00082076,19861218,PRCP,4,,,a,
ASN00082076,19861219,PRCP,0,,,a,
ASN00082076,19861220,PRCP,0,,,a,
ASN00082076,19861221,PRCP,0,,,a,
ASN00082076,19861222,PRCP,0,,,a,
ASN00082076,19861223,PRCP,0,,,a,
ASN00082076,19861224,PRCP,0,,,a,
ASN00082076,19861225,PRCP,0,,,a,
ASN00082076,19861226,PRCP,0,,,a,
ASN00082076,19861227,PRCP,0,,,a,
ASN00082076,19861228,PRCP,0,,,a,
ASN00082076,19861229,PRCP,0,,,a,
ASN00082076,19861230,PRCP,0,,,a,
ASN00082076,19861231,PRCP,0,,,a,
ASN00082076,19870101,TMAX,308,,,a,
ASN00082076,19870102,TMAX,290,,,a,
ASN00082076,19870103,TMAX,225,,,a,
ASN00082076,19870104,TMAX,222,,,a,
ASN00082076,19870105,TMAX,228,,,a,
ASN00082076,19870106,TMAX,281,,,a,
ASN00082076,19870107,TMAX,323,,,a,
ASN00082076,19870108,TMAX,255,,,a,
ASN00082076,19870109,TMAX,240,,,a,
ASN00082076,19870110,TMAX,275,,,a,
ASN00082076,19870111,TMAX,244,,,a,
ASN00082076,19870112,TMAX,282,,,a,
ASN00082076,19870113,TMAX,273,,,a,
ASN00082076,19870114,TMAX,273,,,a,
ASN00082076,19870115,TMAX,292,,,a,
ASN00082076,19870116,TMAX,358,,,a,
ASN00082076,19870117,TMAX,288,,,a,
ASN00082076,19870118,TMAX,309,,,a,
ASN00082076,19870119,TMAX,272,,,a,
ASN00082076,19870120,TMAX,276,,,a,
ASN00082076,19870121,TMAX,230,,,a,
ASN00082076,19870122,TMAX,230,,,a,
ASN00082076,19870123,TMAX,250,,,a,
ASN00082076,19870124,TMAX,298,,,a,
ASN00082076,19870125,TMAX,220,,,a,
ASN00082076,19870126,TMAX,313,,,a,
ASN00082076,19870127,TMAX,262,,,a,
ASN00082076,19870128,TMAX,248,,,a,
ASN00082076,19870129,TMAX,272,,,a,
ASN00082076,19870130,TMAX,302,,,a,
ASN00082076,19870131,TMAX,330,,,a,
ASN00082076,19870101,TMIN,164,,,a,
ASN00082076,19870102,TMIN,145,,,a,
ASN00082076,19870103,TMIN,163,,,a,
ASN00082076,19870104,TMIN,122,,,a,
ASN00082076,19870105,TMIN,116,,,a,
ASN00082076,19870106,TMIN,119,,,a,
ASN00082076,19870107,TMIN,122,,,a,
ASN00082076,19870108,TMIN,130,,,a,
ASN00082076,19870109,TMIN,64,,,a,
ASN00082076,19870110,TMIN,76,,,a,
ASN00082076,19870111,TMIN,88,,,a,
ASN00082076,19870112,TMIN,97,,,a,
ASN00082076,19870113,TMIN,92,,,a,
ASN00082076,19870114,TMIN,105,,,a,
ASN00082076,19870115,TMIN,92,,,a,
ASN00082076,19870116,TMIN,75,,,a,
ASN00082076,19870117,TMIN,172,,,a,
ASN00082076,19870118,TMIN,72,,,a,
ASN00082076,19870119,TMIN,99,,,a,
ASN00082076,19870120,TMIN,76,,,a,
ASN00082076,19870121,TMIN,162,,,a,
ASN00082076,19870122,TMIN,78,,,a,
ASN00082076,19870123,TMIN,82,,,a,
ASN00082076,19870124,TMIN,110,,,a,
ASN00082076,19870125,TMIN,105,,,a,
ASN00082076,19870126,TMIN,92,,,a,
ASN00082076,19870127,TMIN,125,,,a,
ASN00082076,19870128,TMIN,64,,,a,
ASN00082076,19870129,TMIN,65,,,a,
ASN00082076,19870130,TMIN,73,,,a,
ASN00082076,19870131,TMIN,95,,,a,
ASN00082076,19870101,PRCP,52,,,a,
ASN00082076,19870102,PRCP,0,,,a,
ASN00082076,19870103,PRCP,68,,,a,
ASN00082076,19870104,PRCP,192,,,a,
ASN00082076,19870105,PRCP,62,,,a,
ASN00082076,19870106,PRCP,0,,,a,
ASN00082076,19870107,PRCP,0,,,a,
ASN00082076,19870108,PRCP,2,,,a,
ASN00082076,19870109,PRCP,0,,,a,
ASN00082076,19870110,PRCP,0,,,a,
ASN00082076,19870111,PRCP,0,,,a,
ASN00082076,19870112,PRCP,6,,,a,
ASN00082076,19870113,PRCP,0,,,a,
ASN00082076,19870114,PRCP,0,,,a,
ASN00082076,19870115,PRCP,0,,,a,
ASN00082076,19870116,PRCP,0,,,a,
ASN00082076,19870117,PRCP,0,,,a,
ASN00082076,19870118,PRCP,0,,,a,
ASN00082076,19870119,PRCP,0,,,a,
ASN00082076,19870120,PRCP,0,,,a,
ASN00082076,19870121,PRCP,0,,,a,
ASN00082076,19870122,PRCP,0,,,a,
ASN00082076,19870123,PRCP,0,,,a,
ASN00082076,19870124,PRCP,0,,,a,
ASN00082076,19870125,PRCP,0,,,a,
ASN00082076,19870126,PRCP,0,,,a,
ASN00082076,19870127,PRCP,0,,,a,
ASN00082076,19870128,PRCP,0,,,a,
ASN00082076,19870129,PRCP,0,,,a,
ASN00082076,19870130,PRCP,0,,,a,
ASN00082076,19870131,PRCP,0,,,a,
ASN00082076,19870201,TMAX,366,,,a,
ASN00082076,19870202,TMAX,387,,,a,
ASN00082076,19870203,TMAX,278,,,a,
ASN00082076,19870204,TMAX,266,,,a,
ASN00082076,19870205,TMAX,292,,,a,
ASN00082076,19870206,TMAX,330,,,a,
ASN00082076,19870207,TMAX,340,,,a,
ASN00082076,19870208,TMAX,349,,,a,
ASN00082076,19870209,TMAX,338,,,a,
ASN00082076,19870210,TMAX,312,,,a,
ASN00082076,19870211,TMAX,252,,,a,
ASN00082076,19870212,TMAX,296,,,a,
ASN00082076,19870213,TMAX,314,,,a,
ASN00082076,19870214,TMAX,322,,,a,
ASN00082076,19870215,TMAX,230,,,a,
ASN00082076,19870216,TMAX,292,,,a,
ASN00082076,19870217,TMAX,294,,,a,
ASN00082076,19870218,TMAX,300,,,a,
ASN00082076,19870219,TMAX,322,,,a,
ASN00082076,19870220,TMAX,226,,,a,
ASN00082076,19870221,TMAX,255,,,a,
ASN00082076,19870222,TMAX,213,,,a,
ASN00082076,19870223,TMAX,257,,,a,
ASN00082076,19870224,TMAX,272,,,a,
ASN00082076,19870225,TMAX,231,,,a,
ASN00082076,19870226,TMAX,271,,,a,
ASN00082076,19870227,TMAX,300,,,a,
ASN00082076,19870228,TMAX,197,,,a,
ASN00082076,19870201,TMIN,115,,,a,
ASN00082076,19870202,TMIN,128,,,a,
ASN00082076,19870203,TMIN,185,,,a,
ASN00082076,19870204,TMIN,106,,,a,
ASN00082076,19870205,TMIN,97,,,a,
ASN00082076,19870206,TMIN,122,,,a,
ASN00082076,19870207,TMIN,144,,,a,
ASN00082076,19870208,TMIN,175,,,a,
ASN00082076,19870209,TMIN,162,,,a,
ASN00082076,19870210,TMIN,128,,,a,
ASN00082076,19870211,TMIN,122,,,a,
ASN00082076,19870212,TMIN,79,,,a,
ASN00082076,19870213,TMIN,114,,,a,
ASN00082076,19870214,TMIN,135,,,a,
ASN00082076,19870215,TMIN,180,,,a,
ASN00082076,19870216,TMIN,162,,,a,
ASN00082076,19870217,TMIN,154,,,a,
ASN00082076,19870218,TMIN,132,,,a,
ASN00082076,19870219,TMIN,130,,,a,
ASN00082076,19870220,TMIN,140,,,a,
ASN00082076,19870221,TMIN,134,,,a,
ASN00082076,19870222,TMIN,100,,,a,
ASN00082076,19870223,TMIN,68,,,a,
ASN00082076,19870224,TMIN,103,,,a,
ASN00082076,19870225,TMIN,115,,,a,
ASN00082076,19870226,TMIN,118,,,a,
ASN00082076,19870227,TMIN,105,,,a,
ASN00082076,19870228,TMIN,140,,,a,
ASN00082076,19870201,PRCP,0,,,a,
ASN00082076,19870202,PRCP,0,,,a,
ASN00082076,19870203,PRCP,0,,,a,
ASN00082076,19870204,PRCP,0,,,a,
ASN00082076,19870205,PRCP,0,,,a,
ASN00082076,19870206,PRCP,0,,,a,
ASN00082076,19870207,PRCP,0,,,a,
ASN00082076,19870208,PRCP,14,,,a,
ASN00082076,19870209,PRCP,0,,,a,
ASN00082076,19870210,PRCP,34,,,a,
ASN00082076,19870211,PRCP,0,,,a,
ASN00082076,19870212,PRCP,0,,,a,
ASN00082076,19870213,PRCP,0,,,a,
ASN00082076,19870214,PRCP,0,,,a,
ASN00082076,19870215,PRCP,42,,,a,
ASN00082076,19870216,PRCP,124,,,a,
ASN00082076,19870217,PRCP,0,,,a,
ASN00082076,19870218,PRCP,0,,,a,
ASN00082076,19870219,PRCP,0,,,a,
ASN00082076,19870220,PRCP,4,,,a,
ASN00082076,19870221,PRCP,380,,,a,
ASN00082076,19870222,PRCP,0,,,a,
ASN00082076,19870223,PRCP,0,,,a,
ASN00082076,19870224,PRCP,0,,,a,
ASN00082076,19870225,PRCP,44,,,a,
ASN00082076,19870226,PRCP,0,,,a,
ASN00082076,19870227,PRCP,0,,,a,
ASN00082076,19870228,PRCP,10,,,a,
ASN00082076,19870301,TMAX,230,,,a,
ASN00082076,19870302,TMAX,225,,,a,
ASN00082076,19870303,TMAX,241,,,a,
ASN00082076,19870304,TMAX,258,,,a,
ASN00082076,19870305,TMAX,263,,,a,
ASN00082076,19870306,TMAX,226,,,a,
ASN00082076,19870307,TMAX,204,,,a,
ASN00082076,19870308,TMAX,165,,,a,
ASN00082076,19870309,TMAX,182,,,a,
ASN00082076,19870310,TMAX,235,,,a,
ASN00082076,19870311,TMAX,248,,,a,
ASN00082076,19870312,TMAX,263,,,a,
ASN00082076,19870313,TMAX,226,,,a,
ASN00082076,19870314,TMAX,230,,,a,
ASN00082076,19870315,TMAX,252,,,a,
ASN00082076,19870316,TMAX,282,,,a,
ASN00082076,19870317,TMAX,288,,,a,
ASN00082076,19870318,TMAX,297,,,a,
ASN00082076,19870319,TMAX,268,,,a,
ASN00082076,19870320,TMAX,210,,,a,
ASN00082076,19870321,TMAX,222,,,a,
ASN00082076,19870322,TMAX,252,,,a,
ASN00082076,19870323,TMAX,243,,,a,
ASN00082076,19870324,TMAX,242,,,a,
ASN00082076,19870325,TMAX,264,,,a,
ASN00082076,19870326,TMAX,265,,,a,
ASN00082076,19870327,TMAX,265,,,a,
ASN00082076,19870328,TMAX,218,,,a,
ASN00082076,19870329,TMAX,141,,,a,
ASN00082076,19870330,TMAX,147,,,a,
ASN00082076,19870331,TMAX,183,,,a,
ASN00082076,19870301,TMIN,105,,,a,
ASN00082076,19870302,TMIN,125,,,a,
ASN00082076,19870303,TMIN,134,,,a,
ASN00082076,19870304,TMIN,141,,,a,
ASN00082076,19870305,TMIN,122,,,a,
ASN00082076,19870306,TMIN,112,,,a,
ASN00082076,19870307,TMIN,45,,,a,
ASN00082076,19870308,TMIN,85,,,a,
ASN00082076,19870309,TMIN,25,,,a,
ASN00082076,19870310,TMIN,42,,,a,
ASN00082076,19870311,TMIN,75,,,a,
ASN00082076,19870312,TMIN,72,,,a,
ASN00082076,19870313,TMIN,94,,,a,
ASN00082076,19870314,TMIN,65,,,a,
ASN00082076,19870315,TMIN,85,,,a,
ASN00082076,19870316,TMIN,92,,,a,
ASN00082076,19870317,TMIN,102,,,a,
ASN00082076,19870318,TMIN,123,,,a,
ASN00082076,19870319,TMIN,115,,,a,
ASN00082076,19870320,TMIN,94,,,a,
ASN00082076,19870321,TMIN,46,,,a,
ASN00082076,19870322,TMIN,72,,,a,
ASN00082076,19870323,TMIN,133,,,a,
ASN00082076,19870324,TMIN,107,,,a,
ASN00082076,19870325,TMIN,88,,,a,
ASN00082076,19870326,TMIN,91,,,a,
ASN00082076,19870327,TMIN,95,,,a,
ASN00082076,19870328,TMIN,95,,,a,
ASN00082076,19870329,TMIN,110,,,a,
ASN00082076,19870330,TMIN,91,,,a,
ASN00082076,19870331,TMIN,47,,,a,
ASN00082076,19870301,PRCP,376,,,a,
ASN00082076,19870302,PRCP,0,,,a,
ASN00082076,19870303,PRCP,0,,,a,
ASN00082076,19870304,PRCP,0,,,a,
ASN00082076,19870305,PRCP,0,,,a,
ASN00082076,19870306,PRCP,0,,,a,
ASN00082076,19870307,PRCP,110,,,a,
ASN00082076,19870308,PRCP,22,,,a,
ASN00082076,19870309,PRCP,0,,,a,
ASN00082076,19870310,PRCP,0,,,a,
ASN00082076,19870311,PRCP,0,,,a,
ASN00082076,19870312,PRCP,0,,,a,
ASN00082076,19870313,PRCP,0,,,a,
ASN00082076,19870314,PRCP,0,,,a,
ASN00082076,19870315,PRCP,0,,,a,
ASN00082076,19870316,PRCP,0,,,a,
ASN00082076,19870317,PRCP,0,,,a,
ASN00082076,19870318,PRCP,0,,,a,
ASN00082076,19870319,PRCP,0,,,a,
ASN00082076,19870320,PRCP,4,,,a,
ASN00082076,19870321,PRCP,0,,,a,
ASN00082076,19870322,PRCP,0,,,a,
ASN00082076,19870323,PRCP,0,,,a,
ASN00082076,19870324,PRCP,0,,,a,
ASN00082076,19870325,PRCP,0,,,a,
ASN00082076,19870326,PRCP,0,,,a,
ASN00082076,19870327,PRCP,0,,,a,
ASN00082076,19870328,PRCP,0,,,a,
ASN00082076,19870329,PRCP,50,,,a,
ASN00082076,19870330,PRCP,18,,,a,
ASN00082076,19870331,PRCP,6,,,a,
ASN00082076,19870401,TMAX,238,,,a,
ASN00082076,19870402,TMAX,247,,,a,
ASN00082076,19870403,TMAX,242,,,a,
ASN00082076,19870404,TMAX,264,,,a,
ASN00082076,19870405,TMAX,271,,,a,
ASN00082076,19870406,TMAX,257,,,a,
ASN00082076,19870407,TMAX,202,,,a,
ASN00082076,19870408,TMAX,140,,,a,
ASN00082076,19870409,TMAX,180,,,a,
ASN00082076,19870410,TMAX,194,,,a,
ASN00082076,19870411,TMAX,240,,,a,
ASN00082076,19870412,TMAX,239,,,a,
ASN00082076,19870413,TMAX,270,,,a,
ASN00082076,19870414,TMAX,245,,,a,
ASN00082076,19870416,TMAX,234,,,a,
ASN00082076,19870417,TMAX,242,,,a,
ASN00082076,19870418,TMAX,235,,,a,
ASN00082076,19870419,TMAX,225,,,a,
ASN00082076,19870420,TMAX,145,,,a,
ASN00082076,19870421,TMAX,179,,,a,
ASN00082076,19870422,TMAX,202,,,a,
ASN00082076,19870423,TMAX,199,,,a,
ASN00082076,19870424,TMAX,220,,,a,
ASN00082076,19870425,TMAX,214,,,a,
ASN00082076,19870426,TMAX,231,,,a,
ASN00082076,19870427,TMAX,207,,,a,
ASN00082076,19870428,TMAX,166,,,a,
ASN00082076,19870429,TMAX,182,,,a,
ASN00082076,19870430,TMAX,115,,,a,
ASN00082076,19870401,TMIN,67,,,a,
ASN00082076,19870402,TMIN,75,,,a,
ASN00082076,19870403,TMIN,74,,,a,
ASN00082076,19870404,TMIN,90,,,a,
ASN00082076,19870405,TMIN,82,,,a,
ASN00082076,19870406,TMIN,101,,,a,
ASN00082076,19870407,TMIN,136,,,a,
ASN00082076,19870408,TMIN,98,,,a,
ASN00082076,19870409,TMIN,84,,,a,
ASN00082076,19870410,TMIN,28,,,a,
ASN00082076,19870411,TMIN,28,,,a,
ASN00082076,19870412,TMIN,38,,,a,
ASN00082076,19870413,TMIN,59,,,a,
ASN00082076,19870414,TMIN,72,,,a,
ASN00082076,19870415,TMIN,71,,,a,
ASN00082076,19870416,TMIN,75,,,a,
ASN00082076,19870417,TMIN,85,,,a,
ASN00082076,19870418,TMIN,95,,,a,
ASN00082076,19870419,TMIN,94,,,a,
ASN00082076,19870420,TMIN,25,,,a,
ASN00082076,19870421,TMIN,14,,,a,
ASN00082076,19870422,TMIN,-3,,,a,
ASN00082076,19870423,TMIN,61,,,a,
ASN00082076,19870424,TMIN,42,,,a,
ASN00082076,19870425,TMIN,38,,,a,
ASN00082076,19870426,TMIN,34,,,a,
ASN00082076,19870427,TMIN,47,,,a,
ASN00082076,19870428,TMIN,90,,,a,
ASN00082076,19870429,TMIN,117,,,a,
ASN00082076,19870430,TMIN,91,,,a,
ASN00082076,19870401,PRCP,0,,,a,
ASN00082076,19870402,PRCP,0,,,a,
ASN00082076,19870403,PRCP,0,,,a,
ASN00082076,19870404,PRCP,0,,,a,
ASN00082076,19870405,PRCP,0,,,a,
ASN00082076,19870406,PRCP,0,,,a,
ASN00082076,19870407,PRCP,176,,,a,
ASN00082076,19870408,PRCP,10,,,a,
ASN00082076,19870409,PRCP,30,,,a,
ASN00082076,19870410,PRCP,0,,,a,
ASN00082076,19870411,PRCP,0,,,a,
ASN00082076,19870412,PRCP,0,,,a,
ASN00082076,19870413,PRCP,0,,,a,
ASN00082076,19870414,PRCP,0,,,a,
ASN00082076,19870415,PRCP,0,,,a,
ASN00082076,19870416,PRCP,0,,,a,
ASN00082076,19870417,PRCP,0,,,a,
ASN00082076,19870418,PRCP,0,,,a,
ASN00082076,19870419,PRCP,2,,,a,
ASN00082076,19870420,PRCP,8,,,a,
ASN00082076,19870421,PRCP,0,,,a,
ASN00082076,19870422,PRCP,0,,,a,
ASN00082076,19870423,PRCP,0,,,a,
ASN00082076,19870424,PRCP,0,,,a,
ASN00082076,19870425,PRCP,0,,,a,
ASN00082076,19870426,PRCP,0,,,a,
ASN00082076,19870427,PRCP,0,,,a,
ASN00082076,19870428,PRCP,14,,,a,
ASN00082076,19870429,PRCP,230,,,a,
ASN00082076,19870430,PRCP,0,,,a,
ASN00082076,19870501,TMAX,205,,,a,
ASN00082076,19870502,TMAX,185,,,a,
ASN00082076,19870503,TMAX,147,,,a,
ASN00082076,19870504,TMAX,163,,,a,
ASN00082076,19870505,TMAX,187,,,a,
ASN00082076,19870506,TMAX,168,,,a,
ASN00082076,19870507,TMAX,191,,,a,
ASN00082076,19870508,TMAX,205,,,a,
ASN00082076,19870509,TMAX,205,,,a,
ASN00082076,19870510,TMAX,213,,,a,
ASN00082076,19870511,TMAX,218,,,a,
ASN00082076,19870512,TMAX,192,,,a,
ASN00082076,19870513,TMAX,187,,,a,
ASN00082076,19870514,TMAX,204,,,a,
ASN00082076,19870515,TMAX,132,,,a,
ASN00082076,19870516,TMAX,165,,,a,
ASN00082076,19870517,TMAX,143,,,a,
ASN00082076,19870518,TMAX,139,,,a,
ASN00082076,19870519,TMAX,148,,,a,
ASN00082076,19870520,TMAX,155,,,a,
ASN00082076,19870521,TMAX,132,,,a,
ASN00082076,19870522,TMAX,145,,,a,
ASN00082076,19870523,TMAX,134,,,a,
ASN00082076,19870524,TMAX,155,,,a,
ASN00082076,19870525,TMAX,134,,,a,
ASN00082076,19870526,TMAX,112,,,a,
ASN00082076,19870527,TMAX,102,,,a,
ASN00082076,19870529,TMAX,96,,,a,
ASN00082076,19870530,TMAX,116,,,a,
ASN00082076,19870531,TMAX,125,,,a,
ASN00082076,19870501,TMIN,68,,,a,
ASN00082076,19870502,TMIN,110,,,a,
ASN00082076,19870503,TMIN,95,,,a,
ASN00082076,19870504,TMIN,73,,,a,
ASN00082076,19870505,TMIN,22,,,a,
ASN00082076,19870506,TMIN,62,,,a,
ASN00082076,19870507,TMIN,38,,,a,
ASN00082076,19870508,TMIN,32,,,a,
ASN00082076,19870509,TMIN,36,,,a,
ASN00082076,19870510,TMIN,44,,,a,
ASN00082076,19870511,TMIN,52,,,a,
ASN00082076,19870512,TMIN,68,,,a,
ASN00082076,19870513,TMIN,78,,,a,
ASN00082076,19870514,TMIN,108,,,a,
ASN00082076,19870515,TMIN,93,,,a,
ASN00082076,19870516,TMIN,85,,,a,
ASN00082076,19870517,TMIN,80,,,a,
ASN00082076,19870518,TMIN,37,,,a,
ASN00082076,19870519,TMIN,3,,,a,
ASN00082076,19870520,TMIN,15,,,a,
ASN00082076,19870521,TMIN,22,,,a,
ASN00082076,19870522,TMIN,43,,,a,
ASN00082076,19870523,TMIN,65,,,a,
ASN00082076,19870524,TMIN,80,,,a,
ASN00082076,19870525,TMIN,75,,,a,
ASN00082076,19870526,TMIN,90,,,a,
ASN00082076,19870527,TMIN,32,,,a,
ASN00082076,19870528,TMIN,-18,,,a,
ASN00082076,19870529,TMIN,0,,,a,
ASN00082076,19870530,TMIN,72,,,a,
ASN00082076,19870531,TMIN,45,,,a,
ASN00082076,19870501,PRCP,0,,,a,
ASN00082076,19870502,PRCP,0,,,a,
ASN00082076,19870503,PRCP,314,,,a,
ASN00082076,19870504,PRCP,0,,,a,
ASN00082076,19870505,PRCP,0,,,a,
ASN00082076,19870506,PRCP,0,,,a,
ASN00082076,19870507,PRCP,0,,,a,
ASN00082076,19870508,PRCP,0,,,a,
ASN00082076,19870509,PRCP,0,,,a,
ASN00082076,19870510,PRCP,0,,,a,
ASN00082076,19870511,PRCP,0,,,a,
ASN00082076,19870512,PRCP,0,,,a,
ASN00082076,19870513,PRCP,2,,,a,
ASN00082076,19870514,PRCP,240,,,a,
ASN00082076,19870515,PRCP,44,,,a,
ASN00082076,19870516,PRCP,6,,,a,
ASN00082076,19870517,PRCP,6,,,a,
ASN00082076,19870518,PRCP,0,,,a,
ASN00082076,19870519,PRCP,2,,,a,
ASN00082076,19870520,PRCP,0,,,a,
ASN00082076,19870521,PRCP,0,,,a,
ASN00082076,19870522,PRCP,0,,,a,
ASN00082076,19870523,PRCP,6,,,a,
ASN00082076,19870524,PRCP,4,,,a,
ASN00082076,19870525,PRCP,12,,,a,
ASN00082076,19870526,PRCP,6,,,a,
ASN00082076,19870527,PRCP,240,,,a,
ASN00082076,19870528,PRCP,10,,,a,
ASN00082076,19870529,PRCP,0,,,a,
ASN00082076,19870530,PRCP,10,,,a,
ASN00082076,19870531,PRCP,2,,,a,
ASN00082076,19870601,TMAX,105,,,a,
ASN00082076,19870602,TMAX,115,,,a,
ASN00082076,19870603,TMAX,114,,,a,
ASN00082076,19870604,TMAX,162,,,a,
ASN00082076,19870605,TMAX,165,,,a,
ASN00082076,19870606,TMAX,150,,,a,
ASN00082076,19870607,TMAX,150,,,a,
ASN00082076,19870608,TMAX,172,,,a,
ASN00082076,19870609,TMAX,152,,,a,
ASN00082076,19870610,TMAX,182,,,a,
ASN00082076,19870611,TMAX,140,,,a,
ASN00082076,19870612,TMAX,155,,,a,
ASN00082076,19870613,TMAX,110,,,a,
ASN00082076,19870614,TMAX,118,,,a,
ASN00082076,19870615,TMAX,139,,,a,
ASN00082076,19870616,TMAX,127,,,a,
ASN00082076,19870617,TMAX,137,,,a,
ASN00082076,19870618,TMAX,140,,,a,
ASN00082076,19870619,TMAX,112,,,a,
ASN00082076,19870620,TMAX,125,,,a,
ASN00082076,19870621,TMAX,163,,,a,
ASN00082076,19870622,TMAX,104,,,a,
ASN00082076,19870623,TMAX,126,,,a,
ASN00082076,19870624,TMAX,103,,,a,
ASN00082076,19870625,TMAX,90,,,a,
ASN00082076,19870626,TMAX,115,,,a,
ASN00082076,19870627,TMAX,105,,,a,
ASN00082076,19870628,TMAX,98,,,a,
ASN00082076,19870629,TMAX,118,,,a,
ASN00082076,19870630,TMAX,116,,,a,
ASN00082076,19870601,TMIN,63,,,a,
ASN00082076,19870602,TMIN,56,,,a,
ASN00082076,19870603,TMIN,16,,,a,
ASN00082076,19870604,TMIN,32,,,a,
ASN00082076,19870605,TMIN,28,,,a,
ASN00082076,19870606,TMIN,2,,,a,
ASN00082076,19870607,TMIN,2,,,a,
ASN00082076,19870608,TMIN,25,,,a,
ASN00082076,19870609,TMIN,41,,,a,
ASN00082076,19870610,TMIN,67,,,a,
ASN00082076,19870611,TMIN,73,,,a,
ASN00082076,19870612,TMIN,91,,,a,
ASN00082076,19870613,TMIN,35,,,a,
ASN00082076,19870614,TMIN,5,,,a,
ASN00082076,19870615,TMIN,14,,,a,
ASN00082076,19870616,TMIN,14,,,a,
ASN00082076,19870617,TMIN,3,,,a,
ASN00082076,19870618,TMIN,16,,,a,
ASN00082076,19870619,TMIN,47,,,a,
ASN00082076,19870620,TMIN,76,,,a,
ASN00082076,19870621,TMIN,104,,,a,
ASN00082076,19870622,TMIN,73,,,a,
ASN00082076,19870623,TMIN,60,,,a,
ASN00082076,19870624,TMIN,70,,,a,
ASN00082076,19870625,TMIN,48,,,a,
ASN00082076,19870626,TMIN,52,,,a,
ASN00082076,19870627,TMIN,55,,,a,
ASN00082076,19870628,TMIN,3,,,a,
ASN00082076,19870629,TMIN,18,,,a,
ASN00082076,19870630,TMIN,30,,,a,
ASN00082076,19870601,PRCP,0,,,a,
ASN00082076,19870602,PRCP,0,,,a,
ASN00082076,19870603,PRCP,0,,,a,
ASN00082076,19870604,PRCP,0,,,a,
ASN00082076,19870605,PRCP,0,,,a,
ASN00082076,19870606,PRCP,0,,,a,
ASN00082076,19870607,PRCP,0,,,a,
ASN00082076,19870608,PRCP,0,,,a,
ASN00082076,19870609,PRCP,2,,,a,
ASN00082076,19870610,PRCP,0,,,a,
ASN00082076,19870611,PRCP,40,,,a,
ASN00082076,19870612,PRCP,78,,,a,
ASN00082076,19870613,PRCP,20,,,a,
ASN00082076,19870614,PRCP,6,,,a,
ASN00082076,19870615,PRCP,0,,,a,
ASN00082076,19870616,PRCP,0,,,a,
ASN00082076,19870617,PRCP,0,,,a,
ASN00082076,19870618,PRCP,0,,,a,
ASN00082076,19870619,PRCP,6,,,a,
ASN00082076,19870620,PRCP,210,,,a,
ASN00082076,19870621,PRCP,254,,,a,
ASN00082076,19870622,PRCP,254,,,a,
ASN00082076,19870623,PRCP,198,,,a,
ASN00082076,19870624,PRCP,124,,,a,
ASN00082076,19870625,PRCP,36,,,a,
ASN00082076,19870626,PRCP,26,,,a,
ASN00082076,19870627,PRCP,4,,,a,
ASN00082076,19870628,PRCP,42,,,a,
ASN00082076,19870629,PRCP,6,,,a,
ASN00082076,19870630,PRCP,2,,,a,
ASN00082076,19870701,TMAX,80,,,a,
ASN00082076,19870702,TMAX,100,,,a,
ASN00082076,19870703,TMAX,105,,,a,
ASN00082076,19870704,TMAX,116,,,a,
ASN00082076,19870705,TMAX,133,,,a,
ASN00082076,19870706,TMAX,144,,,a,
ASN00082076,19870707,TMAX,142,,,a,
ASN00082076,19870708,TMAX,141,,,a,
ASN00082076,19870709,TMAX,136,,,a,
ASN00082076,19870710,TMAX,94,,,a,
ASN00082076,19870711,TMAX,95,,,a,
ASN00082076,19870712,TMAX,112,,,a,
ASN00082076,19870713,TMAX,112,,,a,
ASN00082076,19870714,TMAX,81,,,a,
ASN00082076,19870715,TMAX,104,,,a,
ASN00082076,19870716,TMAX,88,,,a,
ASN00082076,19870717,TMAX,108,,,a,
ASN00082076,19870718,TMAX,105,,,a,
ASN00082076,19870719,TMAX,108,,,a,
ASN00082076,19870720,TMAX,86,,,a,
ASN00082076,19870721,TMAX,82,,,a,
ASN00082076,19870722,TMAX,112,,,a,
ASN00082076,19870723,TMAX,127,,,a,
ASN00082076,19870724,TMAX,130,,,a,
ASN00082076,19870725,TMAX,120,,,a,
ASN00082076,19870726,TMAX,102,,,a,
ASN00082076,19870727,TMAX,137,,,a,
ASN00082076,19870728,TMAX,80,,,a,
ASN00082076,19870729,TMAX,78,,,a,
ASN00082076,19870730,TMAX,72,,,a,
ASN00082076,19870731,TMAX,102,,,a,
ASN00082076,19870701,TMIN,20,,,a,
ASN00082076,19870702,TMIN,-10,,,a,
ASN00082076,19870703,TMIN,-15,,,a,
ASN00082076,19870704,TMIN,-4,,,a,
ASN00082076,19870705,TMIN,-16,,,a,
ASN00082076,19870706,TMIN,-13,,,a,
ASN00082076,19870707,TMIN,-10,,,a,
ASN00082076,19870708,TMIN,-6,,,a,
ASN00082076,19870709,TMIN,-8,,,a,
ASN00082076,19870710,TMIN,-29,,,a,
ASN00082076,19870711,TMIN,5,,,a,
ASN00082076,19870712,TMIN,20,,,a,
ASN00082076,19870713,TMIN,-18,,,a,
ASN00082076,19870714,TMIN,-4,,,a,
ASN00082076,19870715,TMIN,27,,,a,
ASN00082076,19870716,TMIN,22,,,a,
ASN00082076,19870717,TMIN,60,,,a,
ASN00082076,19870718,TMIN,54,,,a,
ASN00082076,19870719,TMIN,26,,,a,
ASN00082076,19870720,TMIN,34,,,a,
ASN00082076,19870721,TMIN,34,,,a,
ASN00082076,19870722,TMIN,47,,,a,
ASN00082076,19870723,TMIN,74,,,a,
ASN00082076,19870724,TMIN,45,,,a,
ASN00082076,19870725,TMIN,5,,,a,
ASN00082076,19870726,TMIN,-30,,,a,
ASN00082076,19870727,TMIN,-21,,,a,
ASN00082076,19870728,TMIN,2,,,a,
ASN00082076,19870729,TMIN,56,,,a,
ASN00082076,19870730,TMIN,40,,,a,
ASN00082076,19870731,TMIN,43,,,a,
ASN00082076,19870701,PRCP,0,,,a,
ASN00082076,19870702,PRCP,0,,,a,
ASN00082076,19870703,PRCP,0,,,a,
ASN00082076,19870704,PRCP,0,,,a,
ASN00082076,19870705,PRCP,0,,,a,
ASN00082076,19870706,PRCP,0,,,a,
ASN00082076,19870707,PRCP,0,,,a,
ASN00082076,19870708,PRCP,0,,,a,
ASN00082076,19870709,PRCP,0,,,a,
ASN00082076,19870710,PRCP,0,,,a,
ASN00082076,19870711,PRCP,44,,,a,
ASN00082076,19870712,PRCP,2,,,a,
ASN00082076,19870713,PRCP,0,,,a,
ASN00082076,19870714,PRCP,0,,,a,
ASN00082076,19870715,PRCP,32,,,a,
ASN00082076,19870716,PRCP,122,,,a,
ASN00082076,19870717,PRCP,182,,,a,
ASN00082076,19870718,PRCP,48,,,a,
ASN00082076,19870719,PRCP,10,,,a,
ASN00082076,19870720,PRCP,134,,,a,
ASN00082076,19870721,PRCP,84,,,a,
ASN00082076,19870722,PRCP,50,,,a,
ASN00082076,19870723,PRCP,0,,,a,
ASN00082076,19870724,PRCP,0,,,a,
ASN00082076,19870725,PRCP,0,,,a,
ASN00082076,19870726,PRCP,0,,,a,
ASN00082076,19870727,PRCP,0,,,a,
ASN00082076,19870728,PRCP,2,,,a,
ASN00082076,19870729,PRCP,78,,,a,
ASN00082076,19870730,PRCP,48,,,a,
ASN00082076,19870731,PRCP,112,,,a,
ASN00082076,19870801,TMAX,132,,,a,
ASN00082076,19870802,TMAX,103,,,a,
ASN00082076,19870803,TMAX,142,,,a,
ASN00082076,19870804,TMAX,117,,,a,
ASN00082076,19870805,TMAX,131,,,a,
ASN00082076,19870806,TMAX,96,,,a,
ASN00082076,19870807,TMAX,125,,,a,
ASN00082076,19870808,TMAX,106,,,a,
ASN00082076,19870809,TMAX,147,,,a,
ASN00082076,19870810,TMAX,170,,,a,
ASN00082076,19870811,TMAX,176,,,a,
ASN00082076,19870812,TMAX,164,,,a,
ASN00082076,19870813,TMAX,97,,,a,
ASN00082076,19870814,TMAX,146,,,a,
ASN00082076,19870815,TMAX,155,,,a,
ASN00082076,19870816,TMAX,148,,,a,
ASN00082076,19870817,TMAX,157,,,a,
ASN00082076,19870818,TMAX,179,,,a,
ASN00082076,19870819,TMAX,148,,,a,
ASN00082076,19870820,TMAX,164,,,a,
ASN00082076,19870821,TMAX,136,,,a,
ASN00082076,19870822,TMAX,155,,,a,
ASN00082076,19870823,TMAX,96,,,a,
ASN00082076,19870824,TMAX,129,,,a,
ASN00082076,19870825,TMAX,122,,,a,
ASN00082076,19870826,TMAX,127,,,a,
ASN00082076,19870827,TMAX,122,,,a,
ASN00082076,19870828,TMAX,160,,,a,
ASN00082076,19870829,TMAX,195,,,a,
ASN00082076,19870830,TMAX,174,,,a,
ASN00082076,19870831,TMAX,107,,,a,
ASN00082076,19870801,TMIN,25,,,a,
ASN00082076,19870802,TMIN,32,,,a,
ASN00082076,19870803,TMIN,57,,,a,
ASN00082076,19870804,TMIN,18,,,a,
ASN00082076,19870805,TMIN,38,,,a,
ASN00082076,19870806,TMIN,31,,,a,
ASN00082076,19870807,TMIN,37,,,a,
ASN00082076,19870808,TMIN,50,,,a,
ASN00082076,19870809,TMIN,10,,,a,
ASN00082076,19870810,TMIN,78,,,a,
ASN00082076,19870811,TMIN,22,,,a,
ASN00082076,19870812,TMIN,22,,,a,
ASN00082076,19870813,TMIN,23,,,a,
ASN00082076,19870814,TMIN,62,,,a,
ASN00082076,19870815,TMIN,76,,,a,
ASN00082076,19870816,TMIN,56,,,a,
ASN00082076,19870817,TMIN,68,,,a,
ASN00082076,19870818,TMIN,19,,,a,
ASN00082076,19870819,TMIN,52,,,a,
ASN00082076,19870820,TMIN,61,,,a,
ASN00082076,19870821,TMIN,10,,,a,
ASN00082076,19870822,TMIN,12,,,a,
ASN00082076,19870823,TMIN,35,,,a,
ASN00082076,19870824,TMIN,64,,,a,
ASN00082076,19870825,TMIN,53,,,a,
ASN00082076,19870826,TMIN,15,,,a,
ASN00082076,19870827,TMIN,15,,,a,
ASN00082076,19870828,TMIN,61,,,a,
ASN00082076,19870829,TMIN,84,,,a,
ASN00082076,19870830,TMIN,55,,,a,
ASN00082076,19870831,TMIN,78,,,a,
ASN00082076,19870801,PRCP,8,,,a,
ASN00082076,19870802,PRCP,0,,,a,
ASN00082076,19870803,PRCP,114,,,a,
ASN00082076,19870804,PRCP,0,,,a,
ASN00082076,19870805,PRCP,18,,,a,
ASN00082076,19870806,PRCP,0,,,a,
ASN00082076,19870807,PRCP,2,,,a,
ASN00082076,19870808,PRCP,0,,,a,
ASN00082076,19870809,PRCP,0,,,a,
ASN00082076,19870810,PRCP,0,,,a,
ASN00082076,19870811,PRCP,0,,,a,
ASN00082076,19870812,PRCP,0,,,a,
ASN00082076,19870813,PRCP,18,,,a,
ASN00082076,19870814,PRCP,118,,,a,
ASN00082076,19870815,PRCP,12,,,a,
ASN00082076,19870816,PRCP,0,,,a,
ASN00082076,19870817,PRCP,0,,,a,
ASN00082076,19870818,PRCP,0,,,a,
ASN00082076,19870819,PRCP,0,,,a,
ASN00082076,19870820,PRCP,0,,,a,
ASN00082076,19870821,PRCP,0,,,a,
ASN00082076,19870822,PRCP,0,,,a,
ASN00082076,19870823,PRCP,4,,,a,
ASN00082076,19870824,PRCP,292,,,a,
ASN00082076,19870825,PRCP,14,,,a,
ASN00082076,19870826,PRCP,0,,,a,
ASN00082076,19870827,PRCP,0,,,a,
ASN00082076,19870828,PRCP,36,,,a,
ASN00082076,19870829,PRCP,2,,,a,
ASN00082076,19870830,PRCP,0,,,a,
ASN00082076,19870831,PRCP,8,,,a,
ASN00082076,19870901,TMAX,125,,,a,
ASN00082076,19870902,TMAX,75,,,a,
ASN00082076,19870903,TMAX,125,,,a,
ASN00082076,19870904,TMAX,150,,,a,
ASN00082076,19870905,TMAX,152,,,a,
ASN00082076,19870906,TMAX,117,,,a,
ASN00082076,19870907,TMAX,148,,,a,
ASN00082076,19870908,TMAX,108,,,a,
ASN00082076,19870909,TMAX,119,,,a,
ASN00082076,19870910,TMAX,132,,,a,
ASN00082076,19870911,TMAX,145,,,a,
ASN00082076,19870912,TMAX,142,,,a,
ASN00082076,19870913,TMAX,143,,,a,
ASN00082076,19870914,TMAX,157,,,a,
ASN00082076,19870915,TMAX,172,,,a,
ASN00082076,19870916,TMAX,164,,,a,
ASN00082076,19870917,TMAX,208,,,a,
ASN00082076,19870919,TMAX,225,,,a,
ASN00082076,19870920,TMAX,212,,,a,
ASN00082076,19870921,TMAX,205,,,a,
ASN00082076,19870922,TMAX,230,,,a,
ASN00082076,19870923,TMAX,250,,,a,
ASN00082076,19870924,TMAX,264,,,a,
ASN00082076,19870925,TMAX,268,,,a,
ASN00082076,19870926,TMAX,276,,,a,
ASN00082076,19870927,TMAX,275,,,a,
ASN00082076,19870928,TMAX,269,,,a,
ASN00082076,19870929,TMAX,172,,,a,
ASN00082076,19870930,TMAX,170,,,a,
ASN00082076,19870901,TMIN,-7,,,a,
ASN00082076,19870902,TMIN,-10,,,a,
ASN00082076,19870903,TMIN,50,,,a,
ASN00082076,19870904,TMIN,-18,,,a,
ASN00082076,19870905,TMIN,0,,,a,
ASN00082076,19870906,TMIN,55,,,a,
ASN00082076,19870907,TMIN,75,,,a,
ASN00082076,19870908,TMIN,65,,,a,
ASN00082076,19870909,TMIN,85,,,a,
ASN00082076,19870910,TMIN,50,,,a,
ASN00082076,19870911,TMIN,-5,,,a,
ASN00082076,19870912,TMIN,20,,,a,
ASN00082076,19870913,TMIN,40,,,a,
ASN00082076,19870914,TMIN,2,,,a,
ASN00082076,19870915,TMIN,32,,,a,
ASN00082076,19870916,TMIN,35,,,a,
ASN00082076,19870917,TMIN,0,,,a,
ASN00082076,19870919,TMIN,38,,,a,
ASN00082076,19870920,TMIN,55,,,a,
ASN00082076,19870921,TMIN,46,,,a,
ASN00082076,19870922,TMIN,45,,,a,
ASN00082076,19870923,TMIN,52,,,a,
ASN00082076,19870924,TMIN,75,,,a,
ASN00082076,19870925,TMIN,62,,,a,
ASN00082076,19870926,TMIN,78,,,a,
ASN00082076,19870927,TMIN,75,,,a,
ASN00082076,19870928,TMIN,72,,,a,
ASN00082076,19870929,TMIN,130,,,a,
ASN00082076,19870930,TMIN,85,,,a,
ASN00082076,19870901,PRCP,26,,,a,
ASN00082076,19870902,PRCP,0,,,a,
ASN00082076,19870903,PRCP,54,,,a,
ASN00082076,19870904,PRCP,0,,,a,
ASN00082076,19870905,PRCP,0,,,a,
ASN00082076,19870906,PRCP,20,,,a,
ASN00082076,19870907,PRCP,2,,,a,
ASN00082076,19870908,PRCP,0,,,a,
ASN00082076,19870909,PRCP,28,,,a,
ASN00082076,19870910,PRCP,40,,,a,
ASN00082076,19870911,PRCP,0,,,a,
ASN00082076,19870912,PRCP,0,,,a,
ASN00082076,19870913,PRCP,24,,,a,
ASN00082076,19870914,PRCP,0,,,a,
ASN00082076,19870915,PRCP,0,,,a,
ASN00082076,19870916,PRCP,0,,,a,
ASN00082076,19870917,PRCP,0,,,a,
ASN00082076,19870918,PRCP,0,,,a,
ASN00082076,19870919,PRCP,0,,,a,
ASN00082076,19870920,PRCP,0,,,a,
ASN00082076,19870921,PRCP,0,,,a,
ASN00082076,19870922,PRCP,0,,,a,
ASN00082076,19870923,PRCP,0,,,a,
ASN00082076,19870924,PRCP,0,,,a,
ASN00082076,19870925,PRCP,0,,,a,
ASN00082076,19870926,PRCP,0,,,a,
ASN00082076,19870927,PRCP,0,,,a,
ASN00082076,19870928,PRCP,0,,,a,
ASN00082076,19870929,PRCP,222,,,a,
ASN00082076,19870930,PRCP,212,,,a,
ASN00082076,19871001,TMAX,205,,,a,
ASN00082076,19871002,TMAX,225,,,a,
ASN00082076,19871003,TMAX,220,,,a,
ASN00082076,19871004,TMAX,165,,,a,
ASN00082076,19871005,TMAX,123,,,a,
ASN00082076,19871006,TMAX,152,,,a,
ASN00082076,19871007,TMAX,154,,,a,
ASN00082076,19871008,TMAX,165,,,a,
ASN00082076,19871009,TMAX,208,,,a,
ASN00082076,19871010,TMAX,218,,,a,
ASN00082076,19871011,TMAX,195,,,a,
ASN00082076,19871013,TMAX,181,,,a,
ASN00082076,19871014,TMAX,216,,,a,
ASN00082076,19871015,TMAX,190,,,a,
ASN00082076,19871016,TMAX,190,,,a,
ASN00082076,19871017,TMAX,180,,,a,
ASN00082076,19871018,TMAX,173,,,a,
ASN00082076,19871019,TMAX,193,,,a,
ASN00082076,19871021,TMAX,200,,,a,
ASN00082076,19871022,TMAX,218,,,a,
ASN00082076,19871023,TMAX,240,,,a,
ASN00082076,19871024,TMAX,238,,,a,
ASN00082076,19871025,TMAX,230,,,a,
ASN00082076,19871026,TMAX,245,,,a,
ASN00082076,19871027,TMAX,265,,,a,
ASN00082076,19871028,TMAX,240,,,a,
ASN00082076,19871029,TMAX,260,,,a,
ASN00082076,19871030,TMAX,276,,,a,
ASN00082076,19871031,TMAX,306,,,a,
ASN00082076,19871001,TMIN,19,,,a,
ASN00082076,19871002,TMIN,30,,,a,
ASN00082076,19871003,TMIN,62,,,a,
ASN00082076,19871004,TMIN,60,,,a,
ASN00082076,19871005,TMIN,30,,,a,
ASN00082076,19871006,TMIN,82,,,a,
ASN00082076,19871007,TMIN,80,,,a,
ASN00082076,19871008,TMIN,50,,,a,
ASN00082076,19871009,TMIN,10,,,a,
ASN00082076,19871010,TMIN,25,,,a,
ASN00082076,19871011,TMIN,65,,,a,
ASN00082076,19871012,TMIN,40,,,a,
ASN00082076,19871013,TMIN,8,,,a,
ASN00082076,19871014,TMIN,27,,,a,
ASN00082076,19871015,TMIN,66,,,a,
ASN00082076,19871016,TMIN,110,,,a,
ASN00082076,19871017,TMIN,82,,,a,
ASN00082076,19871018,TMIN,45,,,a,
ASN00082076,19871019,TMIN,32,,,a,
ASN00082076,19871020,TMIN,117,,,a,
ASN00082076,19871021,TMIN,110,,,a,
ASN00082076,19871022,TMIN,54,,,a,
ASN00082076,19871023,TMIN,78,,,a,
ASN00082076,19871024,TMIN,46,,,a,
ASN00082076,19871025,TMIN,110,,,a,
ASN00082076,19871026,TMIN,116,,,a,
ASN00082076,19871027,TMIN,83,,,a,
ASN00082076,19871028,TMIN,101,,,a,
ASN00082076,19871029,TMIN,62,,,a,
ASN00082076,19871030,TMIN,72,,,a,
ASN00082076,19871031,TMIN,92,,,a,
ASN00082076,19871001,PRCP,0,,,a,
ASN00082076,19871002,PRCP,0,,,a,
ASN00082076,19871003,PRCP,0,,,a,
ASN00082076,19871004,PRCP,0,,,a,
ASN00082076,19871005,PRCP,150,,,a,
ASN00082076,19871006,PRCP,6,,,a,
ASN00082076,19871007,PRCP,0,,,a,
ASN00082076,19871008,PRCP,0,,,a,
ASN00082076,19871009,PRCP,0,,,a,
ASN00082076,19871010,PRCP,0,,,a,
ASN00082076,19871011,PRCP,0,,,a,
ASN00082076,19871012,PRCP,32,,,a,
ASN00082076,19871013,PRCP,0,,,a,
ASN00082076,19871014,PRCP,0,,,a,
ASN00082076,19871015,PRCP,4,,,a,
ASN00082076,19871016,PRCP,164,,,a,
ASN00082076,19871017,PRCP,120,,,a,
ASN00082076,19871018,PRCP,54,,,a,
ASN00082076,19871019,PRCP,0,,,a,
ASN00082076,19871020,PRCP,12,,,a,
ASN00082076,19871021,PRCP,0,,,a,
ASN00082076,19871022,PRCP,0,,,a,
ASN00082076,19871023,PRCP,0,,,a,
ASN00082076,19871024,PRCP,0,,,a,
ASN00082076,19871025,PRCP,2,,,a,
ASN00082076,19871026,PRCP,0,,,a,
ASN00082076,19871027,PRCP,0,,,a,
ASN00082076,19871028,PRCP,0,,,a,
ASN00082076,19871029,PRCP,0,,,a,
ASN00082076,19871030,PRCP,0,,,a,
ASN00082076,19871031,PRCP,0,,,a,
ASN00082076,19871101,TMAX,319,,,a,
ASN00082076,19871103,TMAX,223,,,a,
ASN00082076,19871104,TMAX,215,,,a,
ASN00082076,19871106,TMAX,255,,,a,
ASN00082076,19871107,TMAX,272,,,a,
ASN00082076,19871108,TMAX,230,,,a,
ASN00082076,19871109,TMAX,215,,,a,
ASN00082076,19871110,TMAX,214,,,a,
ASN00082076,19871111,TMAX,172,,,a,
ASN00082076,19871112,TMAX,235,,,a,
ASN00082076,19871113,TMAX,262,,,a,
ASN00082076,19871114,TMAX,270,,,a,
ASN00082076,19871115,TMAX,282,,,a,
ASN00082076,19871116,TMAX,296,,,a,
ASN00082076,19871117,TMAX,280,,,a,
ASN00082076,19871118,TMAX,287,,,a,
ASN00082076,19871119,TMAX,280,,,a,
ASN00082076,19871120,TMAX,244,,,a,
ASN00082076,19871121,TMAX,215,,,a,
ASN00082076,19871122,TMAX,228,,,a,
ASN00082076,19871123,TMAX,219,,,a,
ASN00082076,19871124,TMAX,181,,,a,
ASN00082076,19871125,TMAX,164,,,a,
ASN00082076,19871126,TMAX,194,,,a,
ASN00082076,19871127,TMAX,230,,,a,
ASN00082076,19871128,TMAX,243,,,a,
ASN00082076,19871129,TMAX,274,,,a,
ASN00082076,19871130,TMAX,312,,,a,
ASN00082076,19871101,TMIN,95,,,a,
ASN00082076,19871102,TMIN,134,,,a,
ASN00082076,19871103,TMIN,190,,,a,
ASN00082076,19871104,TMIN,32,,,a,
ASN00082076,19871105,TMIN,58,,,a,
ASN00082076,19871106,TMIN,115,,,a,
ASN00082076,19871107,TMIN,90,,,a,
ASN00082076,19871108,TMIN,135,,,a,
ASN00082076,19871109,TMIN,114,,,a,
ASN00082076,19871110,TMIN,66,,,a,
ASN00082076,19871111,TMIN,90,,,a,
ASN00082076,19871112,TMIN,91,,,a,
ASN00082076,19871113,TMIN,83,,,a,
ASN00082076,19871114,TMIN,115,,,a,
ASN00082076,19871115,TMIN,85,,,a,
ASN00082076,19871116,TMIN,114,,,a,
ASN00082076,19871117,TMIN,146,,,a,
ASN00082076,19871118,TMIN,145,,,a,
ASN00082076,19871119,TMIN,161,,,a,
ASN00082076,19871120,TMIN,178,,,a,
ASN00082076,19871121,TMIN,75,,,a,
ASN00082076,19871122,TMIN,45,,,a,
ASN00082076,19871123,TMIN,40,,,a,
ASN00082076,19871124,TMIN,112,,,a,
ASN00082076,19871125,TMIN,45,,,a,
ASN00082076,19871126,TMIN,73,,,a,
ASN00082076,19871127,TMIN,46,,,a,
ASN00082076,19871128,TMIN,90,,,a,
ASN00082076,19871129,TMIN,65,,,a,
ASN00082076,19871130,TMIN,117,,,a,
ASN00082076,19871101,PRCP,0,,,a,
ASN00082076,19871102,PRCP,0,,,a,
ASN00082076,19871103,PRCP,0,,,a,
ASN00082076,19871104,PRCP,4,,,a,
ASN00082076,19871105,PRCP,0,,,a,
ASN00082076,19871106,PRCP,0,,,a,
ASN00082076,19871107,PRCP,0,,,a,
ASN00082076,19871108,PRCP,92,,,a,
ASN00082076,19871109,PRCP,0,,,a,
ASN00082076,19871110,PRCP,12,,,a,
ASN00082076,19871111,PRCP,38,,,a,
ASN00082076,19871112,PRCP,0,,,a,
ASN00082076,19871113,PRCP,0,,,a,
ASN00082076,19871114,PRCP,0,,,a,
ASN00082076,19871115,PRCP,0,,,a,
ASN00082076,19871116,PRCP,0,,,a,
ASN00082076,19871117,PRCP,0,,,a,
ASN00082076,19871118,PRCP,0,,,a,
ASN00082076,19871119,PRCP,0,,,a,
ASN00082076,19871120,PRCP,164,,,a,
ASN00082076,19871121,PRCP,0,,,a,
ASN00082076,19871122,PRCP,30,,,a,
ASN00082076,19871123,PRCP,0,,,a,
ASN00082076,19871124,PRCP,106,,,a,
ASN00082076,19871125,PRCP,0,,,a,
ASN00082076,19871126,PRCP,8,,,a,
ASN00082076,19871127,PRCP,0,,,a,
ASN00082076,19871128,PRCP,0,,,a,
ASN00082076,19871129,PRCP,0,,,a,
ASN00082076,19871130,PRCP,48,,,a,
ASN00082076,19871201,TMAX,193,,,a,
ASN00082076,19871202,TMAX,165,,,a,
ASN00082076,19871203,TMAX,182,,,a,
ASN00082076,19871204,TMAX,214,,,a,
ASN00082076,19871205,TMAX,232,,,a,
ASN00082076,19871206,TMAX,222,,,a,
ASN00082076,19871207,TMAX,232,,,a,
ASN00082076,19871208,TMAX,226,,,a,
ASN00082076,19871209,TMAX,195,,,a,
ASN00082076,19871210,TMAX,308,,,a,
ASN00082076,19871211,TMAX,305,,,a,
ASN00082076,19871212,TMAX,312,,,a,
ASN00082076,19871213,TMAX,330,,,a,
ASN00082076,19871214,TMAX,332,,,a,
ASN00082076,19871215,TMAX,336,,,a,
ASN00082076,19871216,TMAX,343,,,a,
ASN00082076,19871217,TMAX,334,,,a,
ASN00082076,19871219,TMAX,285,,,a,
ASN00082076,19871220,TMAX,285,,,a,
ASN00082076,19871221,TMAX,212,,,a,
ASN00082076,19871222,TMAX,252,,,a,
ASN00082076,19871223,TMAX,276,,,a,
ASN00082076,19871224,TMAX,255,,,a,
ASN00082076,19871225,TMAX,265,,,a,
ASN00082076,19871226,TMAX,305,,,a,
ASN00082076,19871227,TMAX,308,,,a,
ASN00082076,19871228,TMAX,220,,,a,
ASN00082076,19871229,TMAX,292,,,a,
ASN00082076,19871230,TMAX,315,,,a,
ASN00082076,19871231,TMAX,302,,,a,
ASN00082076,19871201,TMIN,140,,,a,
ASN00082076,19871202,TMIN,107,,,a,
ASN00082076,19871203,TMIN,55,,,a,
ASN00082076,19871204,TMIN,62,,,a,
ASN00082076,19871205,TMIN,60,,,a,
ASN00082076,19871206,TMIN,75,,,a,
ASN00082076,19871207,TMIN,52,,,a,
ASN00082076,19871208,TMIN,105,,,a,
ASN00082076,19871209,TMIN,112,,,a,
ASN00082076,19871210,TMIN,116,,,a,
ASN00082076,19871211,TMIN,170,,,a,
ASN00082076,19871212,TMIN,160,,,a,
ASN00082076,19871213,TMIN,136,,,a,
ASN00082076,19871214,TMIN,117,,,a,
ASN00082076,19871215,TMIN,141,,,a,
ASN00082076,19871216,TMIN,150,,,a,
ASN00082076,19871217,TMIN,167,,,a,
ASN00082076,19871218,TMIN,118,,,a,
ASN00082076,19871219,TMIN,122,,,a,
ASN00082076,19871220,TMIN,108,,,a,
ASN00082076,19871221,TMIN,134,,,a,
ASN00082076,19871222,TMIN,118,,,a,
ASN00082076,19871223,TMIN,85,,,a,
ASN00082076,19871224,TMIN,122,,,a,
ASN00082076,19871225,TMIN,94,,,a,
ASN00082076,19871226,TMIN,105,,,a,
ASN00082076,19871227,TMIN,94,,,a,
ASN00082076,19871228,TMIN,166,,,a,
ASN00082076,19871229,TMIN,145,,,a,
ASN00082076,19871230,TMIN,160,,,a,
ASN00082076,19871231,TMIN,122,,,a,
ASN00082076,19871201,PRCP,10,,,a,
ASN00082076,19871202,PRCP,430,,,a,
ASN00082076,19871203,PRCP,20,,,a,
ASN00082076,19871204,PRCP,0,,,a,
ASN00082076,19871205,PRCP,0,,,a,
ASN00082076,19871206,PRCP,0,,,a,
ASN00082076,19871207,PRCP,0,,,a,
ASN00082076,19871208,PRCP,0,,,a,
ASN00082076,19871209,PRCP,0,,,a,
ASN00082076,19871210,PRCP,30,,,a,
ASN00082076,19871211,PRCP,0,,,a,
ASN00082076,19871212,PRCP,0,,,a,
ASN00082076,19871213,PRCP,0,,,a,
ASN00082076,19871214,PRCP,4,,,a,
ASN00082076,19871215,PRCP,0,,,a,
ASN00082076,19871216,PRCP,0,,,a,
ASN00082076,19871217,PRCP,0,,,a,
ASN00082076,19871218,PRCP,0,,,a,
ASN00082076,19871219,PRCP,0,,,a,
ASN00082076,19871220,PRCP,0,,,a,
ASN00082076,19871221,PRCP,12,,,a,
ASN00082076,19871222,PRCP,4,,,a,
ASN00082076,19871223,PRCP,0,,,a,
ASN00082076,19871224,PRCP,32,,,a,
ASN00082076,19871225,PRCP,0,,,a,
ASN00082076,19871226,PRCP,0,,,a,
ASN00082076,19871227,PRCP,0,,,a,
ASN00082076,19871228,PRCP,16,,,a,
ASN00082076,19871229,PRCP,28,,,a,
ASN00082076,19871230,PRCP,0,,,a,
ASN00082076,19871231,PRCP,0,,,a,
ASN00082076,19880101,TMAX,204,,,a,
ASN00082076,19880102,TMAX,295,,,a,
ASN00082076,19880103,TMAX,287,,,a,
ASN00082076,19880104,TMAX,292,,,a,
ASN00082076,19880105,TMAX,304,,,a,
ASN00082076,19880106,TMAX,325,,,a,
ASN00082076,19880107,TMAX,347,,,a,
ASN00082076,19880108,TMAX,346,,,a,
ASN00082076,19880109,TMAX,352,,,a,
ASN00082076,19880110,TMAX,334,,,a,
ASN00082076,19880111,TMAX,335,,,a,
ASN00082076,19880112,TMAX,394,,,a,
ASN00082076,19880113,TMAX,366,,,a,
ASN00082076,19880114,TMAX,382,,,a,
ASN00082076,19880115,TMAX,394,,,a,
ASN00082076,19880116,TMAX,360,,,a,
ASN00082076,19880117,TMAX,261,,,a,
ASN00082076,19880118,TMAX,304,,,a,
ASN00082076,19880119,TMAX,313,,,a,
ASN00082076,19880120,TMAX,340,,,a,
ASN00082076,19880121,TMAX,315,,,a,
ASN00082076,19880122,TMAX,305,,,a,
ASN00082076,19880123,TMAX,292,,,a,
ASN00082076,19880124,TMAX,188,,,a,
ASN00082076,19880125,TMAX,228,,,a,
ASN00082076,19880126,TMAX,278,,,a,
ASN00082076,19880127,TMAX,326,,,a,
ASN00082076,19880128,TMAX,342,,,a,
ASN00082076,19880129,TMAX,358,,,a,
ASN00082076,19880130,TMAX,345,,,a,
ASN00082076,19880131,TMAX,247,,,a,
ASN00082076,19880101,TMIN,155,,,a,
ASN00082076,19880102,TMIN,168,,,a,
ASN00082076,19880103,TMIN,135,,,a,
ASN00082076,19880104,TMIN,161,,,a,
ASN00082076,19880105,TMIN,117,,,a,
ASN00082076,19880106,TMIN,138,,,a,
ASN00082076,19880107,TMIN,155,,,a,
ASN00082076,19880108,TMIN,167,,,a,
ASN00082076,19880109,TMIN,133,,,a,
ASN00082076,19880110,TMIN,154,,,a,
ASN00082076,19880111,TMIN,153,,,a,
ASN00082076,19880112,TMIN,190,,,a,
ASN00082076,19880113,TMIN,191,,,a,
ASN00082076,19880114,TMIN,175,,,a,
ASN00082076,19880115,TMIN,182,,,a,
ASN00082076,19880116,TMIN,166,,,a,
ASN00082076,19880117,TMIN,194,,,a,
ASN00082076,19880118,TMIN,175,,,a,
ASN00082076,19880119,TMIN,145,,,a,
ASN00082076,19880120,TMIN,40,,,a,
ASN00082076,19880121,TMIN,135,,,a,
ASN00082076,19880122,TMIN,92,,,a,
ASN00082076,19880123,TMIN,105,,,a,
ASN00082076,19880124,TMIN,105,,,a,
ASN00082076,19880125,TMIN,52,,,a,
ASN00082076,19880126,TMIN,92,,,a,
ASN00082076,19880127,TMIN,122,,,a,
ASN00082076,19880128,TMIN,148,,,a,
ASN00082076,19880129,TMIN,140,,,a,
ASN00082076,19880130,TMIN,150,,,a,
ASN00082076,19880131,TMIN,185,,,a,
ASN00082076,19880101,PRCP,16,,,a,
ASN00082076,19880102,PRCP,124,,,a,
ASN00082076,19880103,PRCP,0,,,a,
ASN00082076,19880104,PRCP,0,,,a,
ASN00082076,19880105,PRCP,0,,,a,
ASN00082076,19880106,PRCP,0,,,a,
ASN00082076,19880107,PRCP,0,,,a,
ASN00082076,19880108,PRCP,0,,,a,
ASN00082076,19880109,PRCP,0,,,a,
ASN00082076,19880110,PRCP,26,,,a,
ASN00082076,19880111,PRCP,0,,,a,
ASN00082076,19880112,PRCP,0,,,a,
ASN00082076,19880113,PRCP,0,,,a,
ASN00082076,19880114,PRCP,0,,,a,
ASN00082076,19880115,PRCP,0,,,a,
ASN00082076,19880116,PRCP,0,,,a,
ASN00082076,19880117,PRCP,0,,,a,
ASN00082076,19880118,PRCP,0,,,a,
ASN00082076,19880119,PRCP,0,,,a,
ASN00082076,19880120,PRCP,0,,,a,
ASN00082076,19880121,PRCP,0,,,a,
ASN00082076,19880122,PRCP,0,,,a,
ASN00082076,19880123,PRCP,0,,,a,
ASN00082076,19880124,PRCP,128,,,a,
ASN00082076,19880125,PRCP,112,,,a,
ASN00082076,19880126,PRCP,0,,,a,
ASN00082076,19880127,PRCP,0,,,a,
ASN00082076,19880128,PRCP,0,,,a,
ASN00082076,19880129,PRCP,0,,,a,
ASN00082076,19880130,PRCP,0,,,a,
ASN00082076,19880131,PRCP,0,,,a,
ASN00082076,19880201,TMAX,268,,,a,
ASN00082076,19880202,TMAX,291,,,a,
ASN00082076,19880203,TMAX,300,,,a,
ASN00082076,19880204,TMAX,312,,,a,
ASN00082076,19880205,TMAX,328,,,a,
ASN00082076,19880206,TMAX,195,,,a,
ASN00082076,19880207,TMAX,216,,,a,
ASN00082076,19880208,TMAX,214,,,a,
ASN00082076,19880209,TMAX,249,,,a,
ASN00082076,19880210,TMAX,308,,,a,
ASN00082076,19880211,TMAX,314,,,a,
ASN00082076,19880213,TMAX,252,,,a,
ASN00082076,19880214,TMAX,243,,,a,
ASN00082076,19880215,TMAX,258,,,a,
ASN00082076,19880216,TMAX,292,,,a,
ASN00082076,19880217,TMAX,290,,,a,
ASN00082076,19880218,TMAX,302,,,a,
ASN00082076,19880219,TMAX,260,,,a,
ASN00082076,19880220,TMAX,272,,,a,
ASN00082076,19880221,TMAX,291,,,a,
ASN00082076,19880222,TMAX,303,,,a,
ASN00082076,19880223,TMAX,317,,,a,
ASN00082076,19880224,TMAX,334,,,a,
ASN00082076,19880225,TMAX,320,,,a,
ASN00082076,19880226,TMAX,335,,,a,
ASN00082076,19880227,TMAX,344,,,a,
ASN00082076,19880228,TMAX,338,,,a,
ASN00082076,19880229,TMAX,326,,,a,
ASN00082076,19880201,TMIN,126,,,a,
ASN00082076,19880202,TMIN,142,,,a,
ASN00082076,19880203,TMIN,114,,,a,
ASN00082076,19880204,TMIN,153,,,a,
ASN00082076,19880205,TMIN,94,,,a,
ASN00082076,19880206,TMIN,166,,,a,
ASN00082076,19880207,TMIN,105,,,a,
ASN00082076,19880208,TMIN,85,,,a,
ASN00082076,19880209,TMIN,116,,,a,
ASN00082076,19880210,TMIN,132,,,a,
ASN00082076,19880211,TMIN,115,,,a,
ASN00082076,19880212,TMIN,168,,,a,
ASN00082076,19880213,TMIN,165,,,a,
ASN00082076,19880214,TMIN,150,,,a,
ASN00082076,19880215,TMIN,133,,,a,
ASN00082076,19880216,TMIN,100,,,a,
ASN00082076,19880217,TMIN,100,,,a,
ASN00082076,19880218,TMIN,98,,,a,
ASN00082076,19880219,TMIN,128,,,a,
ASN00082076,19880220,TMIN,118,,,a,
ASN00082076,19880221,TMIN,135,,,a,
ASN00082076,19880222,TMIN,100,,,a,
ASN00082076,19880223,TMIN,83,,,a,
ASN00082076,19880224,TMIN,120,,,a,
ASN00082076,19880225,TMIN,154,,,a,
ASN00082076,19880226,TMIN,120,,,a,
ASN00082076,19880227,TMIN,188,,,a,
ASN00082076,19880228,TMIN,145,,,a,
ASN00082076,19880229,TMIN,183,,,a,
ASN00082076,19880201,PRCP,0,,,a,
ASN00082076,19880202,PRCP,0,,,a,
ASN00082076,19880203,PRCP,0,,,a,
ASN00082076,19880204,PRCP,0,,,a,
ASN00082076,19880205,PRCP,0,,,a,
ASN00082076,19880206,PRCP,18,,,a,
ASN00082076,19880207,PRCP,174,,,a,
ASN00082076,19880208,PRCP,0,,,a,
ASN00082076,19880209,PRCP,0,,,a,
ASN00082076,19880210,PRCP,0,,,a,
ASN00082076,19880211,PRCP,0,,,a,
ASN00082076,19880212,PRCP,0,,,a,
ASN00082076,19880213,PRCP,0,,,a,
ASN00082076,19880214,PRCP,0,,,a,
ASN00082076,19880215,PRCP,0,,,a,
ASN00082076,19880216,PRCP,0,,,a,
ASN00082076,19880217,PRCP,0,,,a,
ASN00082076,19880218,PRCP,0,,,a,
ASN00082076,19880219,PRCP,0,,,a,
ASN00082076,19880220,PRCP,0,,,a,
ASN00082076,19880221,PRCP,0,,,a,
ASN00082076,19880222,PRCP,0,,,a,
ASN00082076,19880223,PRCP,0,,,a,
ASN00082076,19880224,PRCP,0,,,a,
ASN00082076,19880225,PRCP,0,,,a,
ASN00082076,19880226,PRCP,0,,,a,
ASN00082076,19880227,PRCP,2,,,a,
ASN00082076,19880228,PRCP,10,,,a,
ASN00082076,19880229,PRCP,2,,,a,
ASN00082076,19880301,TMAX,327,,,a,
ASN00082076,19880302,TMAX,337,,,a,
ASN00082076,19880303,TMAX,335,,,a,
ASN00082076,19880304,TMAX,232,,,a,
ASN00082076,19880305,TMAX,270,,,a,
ASN00082076,19880306,TMAX,280,,,a,
ASN00082076,19880307,TMAX,268,,,a,
ASN00082076,19880308,TMAX,280,,,a,
ASN00082076,19880309,TMAX,305,,,a,
ASN00082076,19880310,TMAX,278,,,a,
ASN00082076,19880311,TMAX,165,,,a,
ASN00082076,19880312,TMAX,132,,,a,
ASN00082076,19880313,TMAX,194,,,a,
ASN00082076,19880314,TMAX,182,,,a,
ASN00082076,19880315,TMAX,205,,,a,
ASN00082076,19880316,TMAX,248,,,a,
ASN00082076,19880317,TMAX,265,,,a,
ASN00082076,19880318,TMAX,268,,,a,
ASN00082076,19880319,TMAX,280,,,a,
ASN00082076,19880320,TMAX,296,,,a,
ASN00082076,19880321,TMAX,298,,,a,
ASN00082076,19880323,TMAX,280,,,a,
ASN00082076,19880324,TMAX,280,,,a,
ASN00082076,19880325,TMAX,285,,,a,
ASN00082076,19880326,TMAX,285,,,a,
ASN00082076,19880327,TMAX,285,,,a,
ASN00082076,19880328,TMAX,282,,,a,
ASN00082076,19880330,TMAX,192,,,a,
ASN00082076,19880331,TMAX,234,,,a,
ASN00082076,19880301,TMIN,150,,,a,
ASN00082076,19880302,TMIN,140,,,a,
ASN00082076,19880303,TMIN,150,,,a,
ASN00082076,19880304,TMIN,167,,,a,
ASN00082076,19880305,TMIN,128,,,a,
ASN00082076,19880306,TMIN,120,,,a,
ASN00082076,19880307,TMIN,107,,,a,
ASN00082076,19880308,TMIN,87,,,a,
ASN00082076,19880309,TMIN,100,,,a,
ASN00082076,19880310,TMIN,116,,,a,
ASN00082076,19880311,TMIN,135,,,a,
ASN00082076,19880312,TMIN,22,,,a,
ASN00082076,19880313,TMIN,58,,,a,
ASN00082076,19880314,TMIN,60,,,a,
ASN00082076,19880315,TMIN,88,,,a,
ASN00082076,19880316,TMIN,119,,,a,
ASN00082076,19880317,TMIN,102,,,a,
ASN00082076,19880318,TMIN,97,,,a,
ASN00082076,19880319,TMIN,105,,,a,
ASN00082076,19880320,TMIN,110,,,a,
ASN00082076,19880321,TMIN,95,,,a,
ASN00082076,19880322,TMIN,106,,,a,
ASN00082076,19880324,TMIN,118,,,a,
ASN00082076,19880325,TMIN,114,,,a,
ASN00082076,19880326,TMIN,92,,,a,
ASN00082076,19880327,TMIN,92,,,a,
ASN00082076,19880328,TMIN,115,,,a,
ASN00082076,19880329,TMIN,112,,,a,
ASN00082076,19880330,TMIN,132,,,a,
ASN00082076,19880331,TMIN,137,,,a,
ASN00082076,19880301,PRCP,0,,,a,
ASN00082076,19880302,PRCP,0,,,a,
ASN00082076,19880303,PRCP,0,,,a,
ASN00082076,19880304,PRCP,156,,,a,
ASN00082076,19880305,PRCP,0,,,a,
ASN00082076,19880306,PRCP,0,,,a,
ASN00082076,19880307,PRCP,0,,,a,
ASN00082076,19880308,PRCP,0,,,a,
ASN00082076,19880309,PRCP,0,,,a,
ASN00082076,19880310,PRCP,0,,,a,
ASN00082076,19880311,PRCP,12,,,a,
ASN00082076,19880312,PRCP,150,,,a,
ASN00082076,19880313,PRCP,6,,,a,
ASN00082076,19880314,PRCP,2,,,a,
ASN00082076,19880315,PRCP,0,,,a,
ASN00082076,19880316,PRCP,0,,,a,
ASN00082076,19880317,PRCP,0,,,a,
ASN00082076,19880318,PRCP,0,,,a,
ASN00082076,19880319,PRCP,0,,,a,
ASN00082076,19880320,PRCP,0,,,a,
ASN00082076,19880321,PRCP,0,,,a,
ASN00082076,19880322,PRCP,0,,,a,
ASN00082076,19880323,PRCP,0,,,a,
ASN00082076,19880324,PRCP,0,,,a,
ASN00082076,19880325,PRCP,0,,,a,
ASN00082076,19880326,PRCP,0,,,a,
ASN00082076,19880327,PRCP,0,,,a,
ASN00082076,19880328,PRCP,0,,,a,
ASN00082076,19880329,PRCP,0,,,a,
ASN00082076,19880330,PRCP,8,,,a,
ASN00082076,19880331,PRCP,82,,,a,
ASN00082076,19880401,TMAX,252,,,a,
ASN00082076,19880402,TMAX,256,,,a,
ASN00082076,19880403,TMAX,276,,,a,
ASN00082076,19880404,TMAX,290,,,a,
ASN00082076,19880405,TMAX,272,,,a,
ASN00082076,19880406,TMAX,284,,,a,
ASN00082076,19880407,TMAX,205,,,a,
ASN00082076,19880408,TMAX,180,,,a,
ASN00082076,19880409,TMAX,160,,,a,
ASN00082076,19880410,TMAX,202,,,a,
ASN00082076,19880411,TMAX,230,,,a,
ASN00082076,19880412,TMAX,235,,,a,
ASN00082076,19880413,TMAX,241,,,a,
ASN00082076,19880414,TMAX,251,,,a,
ASN00082076,19880415,TMAX,225,,,a,
ASN00082076,19880416,TMAX,160,,,a,
ASN00082076,19880417,TMAX,227,,,a,
ASN00082076,19880418,TMAX,220,,,a,
ASN00082076,19880419,TMAX,225,,,a,
ASN00082076,19880420,TMAX,230,,,a,
ASN00082076,19880421,TMAX,223,,,a,
ASN00082076,19880422,TMAX,218,,,a,
ASN00082076,19880423,TMAX,210,,,a,
ASN00082076,19880424,TMAX,204,,,a,
ASN00082076,19880425,TMAX,211,,,a,
ASN00082076,19880426,TMAX,156,,,a,
ASN00082076,19880427,TMAX,200,,,a,
ASN00082076,19880428,TMAX,222,,,a,
ASN00082076,19880429,TMAX,248,,,a,
ASN00082076,19880430,TMAX,255,,,a,
ASN00082076,19880401,TMIN,165,,,a,
ASN00082076,19880402,TMIN,138,,,a,
ASN00082076,19880403,TMIN,145,,,a,
ASN00082076,19880404,TMIN,118,,,a,
ASN00082076,19880405,TMIN,114,,,a,
ASN00082076,19880406,TMIN,112,,,a,
ASN00082076,19880407,TMIN,128,,,a,
ASN00082076,19880408,TMIN,160,,,a,
ASN00082076,19880409,TMIN,100,,,a,
ASN00082076,19880410,TMIN,80,,,a,
ASN00082076,19880411,TMIN,44,,,a,
ASN00082076,19880412,TMIN,67,,,a,
ASN00082076,19880413,TMIN,96,,,a,
ASN00082076,19880414,TMIN,64,,,a,
ASN00082076,19880415,TMIN,80,,,a,
ASN00082076,19880416,TMIN,115,,,a,
ASN00082076,19880417,TMIN,75,,,a,
ASN00082076,19880418,TMIN,65,,,a,
ASN00082076,19880419,TMIN,73,,,a,
ASN00082076,19880420,TMIN,87,,,a,
ASN00082076,19880421,TMIN,114,,,a,
ASN00082076,19880422,TMIN,88,,,a,
ASN00082076,19880423,TMIN,88,,,a,
ASN00082076,19880424,TMIN,56,,,a,
ASN00082076,19880425,TMIN,25,,,a,
ASN00082076,19880426,TMIN,78,,,a,
ASN00082076,19880427,TMIN,121,,,a,
ASN00082076,19880428,TMIN,150,,,a,
ASN00082076,19880429,TMIN,181,,,a,
ASN00082076,19880430,TMIN,191,,,a,
ASN00082076,19880401,PRCP,0,,,a,
ASN00082076,19880402,PRCP,0,,,a,
ASN00082076,19880403,PRCP,0,,,a,
ASN00082076,19880404,PRCP,0,,,a,
ASN00082076,19880405,PRCP,0,,,a,
ASN00082076,19880406,PRCP,0,,,a,
ASN00082076,19880407,PRCP,0,,,a,
ASN00082076,19880408,PRCP,60,,,a,
ASN00082076,19880409,PRCP,4,,,a,
ASN00082076,19880410,PRCP,0,,,a,
ASN00082076,19880411,PRCP,0,,,a,
ASN00082076,19880412,PRCP,0,,,a,
ASN00082076,19880413,PRCP,0,,,a,
ASN00082076,19880414,PRCP,0,,,a,
ASN00082076,19880415,PRCP,0,,,a,
ASN00082076,19880416,PRCP,0,,,a,
ASN00082076,19880417,PRCP,0,,,a,
ASN00082076,19880418,PRCP,0,,,a,
ASN00082076,19880419,PRCP,0,,,a,
ASN00082076,19880420,PRCP,0,,,a,
ASN00082076,19880421,PRCP,0,,,a,
ASN00082076,19880422,PRCP,0,,,a,
ASN00082076,19880423,PRCP,0,,,a,
ASN00082076,19880424,PRCP,8,,,a,
ASN00082076,19880425,PRCP,0,,,a,
ASN00082076,19880426,PRCP,0,,,a,
ASN00082076,19880427,PRCP,48,,,a,
ASN00082076,19880428,PRCP,0,,,a,
ASN00082076,19880429,PRCP,6,,,a,
ASN00082076,19880430,PRCP,0,,,a,
ASN00082076,19880501,TMAX,257,,,a,
ASN00082076,19880502,TMAX,264,,,a,
ASN00082076,19880503,TMAX,264,,,a,
ASN00082076,19880504,TMAX,252,,,a,
ASN00082076,19880505,TMAX,235,,,a,
ASN00082076,19880506,TMAX,175,,,a,
ASN00082076,19880507,TMAX,188,,,a,
ASN00082076,19880508,TMAX,179,,,a,
ASN00082076,19880509,TMAX,179,,,a,
ASN00082076,19880510,TMAX,160,,,a,
ASN00082076,19880511,TMAX,167,,,a,
ASN00082076,19880512,TMAX,166,,,a,
ASN00082076,19880513,TMAX,170,,,a,
ASN00082076,19880514,TMAX,188,,,a,
ASN00082076,19880515,TMAX,130,,,a,
ASN00082076,19880516,TMAX,137,,,a,
ASN00082076,19880517,TMAX,160,,,a,
ASN00082076,19880518,TMAX,137,,,a,
ASN00082076,19880519,TMAX,140,,,a,
ASN00082076,19880520,TMAX,136,,,a,
ASN00082076,19880521,TMAX,166,,,a,
ASN00082076,19880522,TMAX,133,,,a,
ASN00082076,19880523,TMAX,122,,,a,
ASN00082076,19880524,TMAX,133,,,a,
ASN00082076,19880525,TMAX,180,,,a,
ASN00082076,19880526,TMAX,165,,,a,
ASN00082076,19880527,TMAX,120,,,a,
ASN00082076,19880528,TMAX,136,,,a,
ASN00082076,19880529,TMAX,152,,,a,
ASN00082076,19880530,TMAX,152,,,a,
ASN00082076,19880531,TMAX,142,,,a,
ASN00082076,19880501,TMIN,100,,,a,
ASN00082076,19880502,TMIN,113,,,a,
ASN00082076,19880503,TMIN,115,,,a,
ASN00082076,19880504,TMIN,100,,,a,
ASN00082076,19880505,TMIN,98,,,a,
ASN00082076,19880506,TMIN,138,,,a,
ASN00082076,19880507,TMIN,130,,,a,
ASN00082076,19880508,TMIN,95,,,a,
ASN00082076,19880509,TMIN,62,,,a,
ASN00082076,19880510,TMIN,50,,,a,
ASN00082076,19880511,TMIN,5,,,a,
ASN00082076,19880512,TMIN,12,,,a,
ASN00082076,19880513,TMIN,5,,,a,
ASN00082076,19880514,TMIN,-5,,,a,
ASN00082076,19880515,TMIN,50,,,a,
ASN00082076,19880516,TMIN,94,,,a,
ASN00082076,19880517,TMIN,109,,,a,
ASN00082076,19880518,TMIN,112,,,a,
ASN00082076,19880519,TMIN,88,,,a,
ASN00082076,19880520,TMIN,98,,,a,
ASN00082076,19880521,TMIN,85,,,a,
ASN00082076,19880522,TMIN,84,,,a,
ASN00082076,19880523,TMIN,87,,,a,
ASN00082076,19880524,TMIN,77,,,a,
ASN00082076,19880525,TMIN,81,,,a,
ASN00082076,19880526,TMIN,52,,,a,
ASN00082076,19880527,TMIN,57,,,a,
ASN00082076,19880528,TMIN,72,,,a,
ASN00082076,19880529,TMIN,62,,,a,
ASN00082076,19880530,TMIN,9,,,a,
ASN00082076,19880531,TMIN,16,,,a,
ASN00082076,19880501,PRCP,0,,,a,
ASN00082076,19880502,PRCP,0,,,a,
ASN00082076,19880503,PRCP,6,,,a,
ASN00082076,19880504,PRCP,0,,,a,
ASN00082076,19880505,PRCP,0,,,a,
ASN00082076,19880506,PRCP,54,,,a,
ASN00082076,19880507,PRCP,132,,,a,
ASN00082076,19880508,PRCP,0,,,a,
ASN00082076,19880509,PRCP,0,,,a,
ASN00082076,19880510,PRCP,0,,,a,
ASN00082076,19880511,PRCP,0,,,a,
ASN00082076,19880512,PRCP,0,,,a,
ASN00082076,19880513,PRCP,0,,,a,
ASN00082076,19880514,PRCP,0,,,a,
ASN00082076,19880515,PRCP,0,,,a,
ASN00082076,19880516,PRCP,12,,,a,
ASN00082076,19880517,PRCP,652,,,a,
ASN00082076,19880518,PRCP,204,,,a,
ASN00082076,19880519,PRCP,56,,,a,
ASN00082076,19880520,PRCP,106,,,a,
ASN00082076,19880521,PRCP,46,,,a,
ASN00082076,19880522,PRCP,20,,,a,
ASN00082076,19880523,PRCP,78,,,a,
ASN00082076,19880524,PRCP,220,,,a,
ASN00082076,19880525,PRCP,0,,,a,
ASN00082076,19880526,PRCP,0,,,a,
ASN00082076,19880527,PRCP,0,,,a,
ASN00082076,19880528,PRCP,122,,,a,
ASN00082076,19880529,PRCP,12,,,a,
ASN00082076,19880530,PRCP,0,,,a,
ASN00082076,19880531,PRCP,0,,,a,
ASN00082076,19880601,TMAX,155,,,a,
ASN00082076,19880602,TMAX,177,,,a,
ASN00082076,19880604,TMAX,176,,,a,
ASN00082076,19880605,TMAX,154,,,a,
ASN00082076,19880606,TMAX,102,,,a,
ASN00082076,19880607,TMAX,99,,,a,
ASN00082076,19880608,TMAX,120,,,a,
ASN00082076,19880609,TMAX,100,,,a,
ASN00082076,19880610,TMAX,82,,,a,
ASN00082076,19880611,TMAX,118,,,a,
ASN00082076,19880612,TMAX,120,,,a,
ASN00082076,19880613,TMAX,77,,,a,
ASN00082076,19880614,TMAX,105,,,a,
ASN00082076,19880615,TMAX,117,,,a,
ASN00082076,19880616,TMAX,158,,,a,
ASN00082076,19880617,TMAX,150,,,a,
ASN00082076,19880618,TMAX,100,,,a,
ASN00082076,19880619,TMAX,133,,,a,
ASN00082076,19880620,TMAX,102,,,a,
ASN00082076,19880621,TMAX,136,,,a,
ASN00082076,19880622,TMAX,125,,,a,
ASN00082076,19880623,TMAX,147,,,a,
ASN00082076,19880624,TMAX,158,,,a,
ASN00082076,19880625,TMAX,142,,,a,
ASN00082076,19880626,TMAX,118,,,a,
ASN00082076,19880627,TMAX,130,,,a,
ASN00082076,19880628,TMAX,128,,,a,
ASN00082076,19880629,TMAX,112,,,a,
ASN00082076,19880630,TMAX,133,,,a,
ASN00082076,19880601,TMIN,43,,,a,
ASN00082076,19880602,TMIN,20,,,a,
ASN00082076,19880603,TMIN,30,,,a,
ASN00082076,19880604,TMIN,55,,,a,
ASN00082076,19880605,TMIN,95,,,a,
ASN00082076,19880606,TMIN,59,,,a,
ASN00082076,19880607,TMIN,78,,,a,
ASN00082076,19880608,TMIN,71,,,a,
ASN00082076,19880609,TMIN,52,,,a,
ASN00082076,19880610,TMIN,45,,,a,
ASN00082076,19880611,TMIN,35,,,a,
ASN00082076,19880612,TMIN,8,,,a,
ASN00082076,19880613,TMIN,5,,,a,
ASN00082076,19880614,TMIN,48,,,a,
ASN00082076,19880615,TMIN,72,,,a,
ASN00082076,19880616,TMIN,100,,,a,
ASN00082076,19880617,TMIN,35,,,a,
ASN00082076,19880618,TMIN,28,,,a,
ASN00082076,19880619,TMIN,65,,,a,
ASN00082076,19880620,TMIN,23,,,a,
ASN00082076,19880621,TMIN,52,,,a,
ASN00082076,19880622,TMIN,5,,,a,
ASN00082076,19880623,TMIN,10,,,a,
ASN00082076,19880624,TMIN,27,,,a,
ASN00082076,19880625,TMIN,35,,,a,
ASN00082076,19880626,TMIN,28,,,a,
ASN00082076,19880627,TMIN,2,,,a,
ASN00082076,19880628,TMIN,28,,,a,
ASN00082076,19880629,TMIN,2,,,a,
ASN00082076,19880630,TMIN,0,,,a,
ASN00082076,19880601,PRCP,0,,,a,
ASN00082076,19880602,PRCP,0,,,a,
ASN00082076,19880603,PRCP,0,,,a,
ASN00082076,19880604,PRCP,0,,,a,
ASN00082076,19880605,PRCP,72,,,a,
ASN00082076,19880606,PRCP,286,,,a,
ASN00082076,19880607,PRCP,384,,,a,
ASN00082076,19880608,PRCP,26,,,a,
ASN00082076,19880609,PRCP,0,,,a,
ASN00082076,19880610,PRCP,6,,,a,
ASN00082076,19880611,PRCP,90,,,a,
ASN00082076,19880612,PRCP,0,,,a,
ASN00082076,19880613,PRCP,6,,,a,
ASN00082076,19880614,PRCP,52,,,a,
ASN00082076,19880615,PRCP,54,,,a,
ASN00082076,19880616,PRCP,2,,,a,
ASN00082076,19880617,PRCP,0,,,a,
ASN00082076,19880618,PRCP,0,,,a,
ASN00082076,19880619,PRCP,60,,,a,
ASN00082076,19880620,PRCP,4,,,a,
ASN00082076,19880621,PRCP,130,,,a,
ASN00082076,19880622,PRCP,0,,,a,
ASN00082076,19880623,PRCP,0,,,a,
ASN00082076,19880624,PRCP,0,,,a,
ASN00082076,19880625,PRCP,0,,,a,
ASN00082076,19880626,PRCP,0,,,a,
ASN00082076,19880627,PRCP,0,,,a,
ASN00082076,19880628,PRCP,0,,,a,
ASN00082076,19880629,PRCP,0,,,a,
ASN00082076,19880630,PRCP,0,,,a,
ASN00082076,19880701,TMAX,135,,,a,
ASN00082076,19880702,TMAX,132,,,a,
ASN00082076,19880703,TMAX,143,,,a,
ASN00082076,19880704,TMAX,132,,,a,
ASN00082076,19880705,TMAX,158,,,a,
ASN00082076,19880706,TMAX,162,,,a,
ASN00082076,19880707,TMAX,141,,,a,
ASN00082076,19880708,TMAX,124,,,a,
ASN00082076,19880709,TMAX,115,,,a,
ASN00082076,19880710,TMAX,127,,,a,
ASN00082076,19880711,TMAX,137,,,a,
ASN00082076,19880712,TMAX,139,,,a,
ASN00082076,19880713,TMAX,150,,,a,
ASN00082076,19880714,TMAX,147,,,a,
ASN00082076,19880715,TMAX,155,,,a,
ASN00082076,19880716,TMAX,104,,,a,
ASN00082076,19880717,TMAX,143,,,a,
ASN00082076,19880718,TMAX,135,,,a,
ASN00082076,19880719,TMAX,121,,,a,
ASN00082076,19880720,TMAX,118,,,a,
ASN00082076,19880721,TMAX,117,,,a,
ASN00082076,19880722,TMAX,105,,,a,
ASN00082076,19880723,TMAX,122,,,a,
ASN00082076,19880724,TMAX,99,,,a,
ASN00082076,19880725,TMAX,104,,,a,
ASN00082076,19880726,TMAX,92,,,a,
ASN00082076,19880727,TMAX,115,,,a,
ASN00082076,19880728,TMAX,126,,,a,
ASN00082076,19880729,TMAX,112,,,a,
ASN00082076,19880730,TMAX,126,,,a,
ASN00082076,19880731,TMAX,135,,,a,
ASN00082076,19880701,TMIN,4,,,a,
ASN00082076,19880702,TMIN,-8,,,a,
ASN00082076,19880703,TMIN,55,,,a,
ASN00082076,19880704,TMIN,28,,,a,
ASN00082076,19880705,TMIN,53,,,a,
ASN00082076,19880706,TMIN,104,,,a,
ASN00082076,19880707,TMIN,102,,,a,
ASN00082076,19880708,TMIN,105,,,a,
ASN00082076,19880709,TMIN,95,,,a,
ASN00082076,19880710,TMIN,20,,,a,
ASN00082076,19880711,TMIN,50,,,a,
ASN00082076,19880712,TMIN,19,,,a,
ASN00082076,19880713,TMIN,5,,,a,
ASN00082076,19880714,TMIN,25,,,a,
ASN00082076,19880715,TMIN,41,,,a,
ASN00082076,19880716,TMIN,15,,,a,
ASN00082076,19880717,TMIN,50,,,a,
ASN00082076,19880718,TMIN,36,,,a,
ASN00082076,19880719,TMIN,20,,,a,
ASN00082076,19880720,TMIN,43,,,a,
ASN00082076,19880721,TMIN,51,,,a,
ASN00082076,19880722,TMIN,50,,,a,
ASN00082076,19880723,TMIN,15,,,a,
ASN00082076,19880724,TMIN,30,,,a,
ASN00082076,19880725,TMIN,42,,,a,
ASN00082076,19880726,TMIN,57,,,a,
ASN00082076,19880727,TMIN,15,,,a,
ASN00082076,19880728,TMIN,46,,,a,
ASN00082076,19880729,TMIN,66,,,a,
ASN00082076,19880730,TMIN,50,,,a,
ASN00082076,19880731,TMIN,60,,,a,
ASN00082076,19880701,PRCP,0,,,a,
ASN00082076,19880702,PRCP,0,,,a,
ASN00082076,19880703,PRCP,0,,,a,
ASN00082076,19880704,PRCP,0,,,a,
ASN00082076,19880705,PRCP,0,,,a,
ASN00082076,19880706,PRCP,36,,,a,
ASN00082076,19880707,PRCP,40,,,a,
ASN00082076,19880708,PRCP,172,,,a,
ASN00082076,19880709,PRCP,48,,,a,
ASN00082076,19880710,PRCP,142,,,a,
ASN00082076,19880711,PRCP,6,,,a,
ASN00082076,19880712,PRCP,0,,,a,
ASN00082076,19880713,PRCP,0,,,a,
ASN00082076,19880714,PRCP,0,,,a,
ASN00082076,19880715,PRCP,184,,,a,
ASN00082076,19880716,PRCP,0,,,a,
ASN00082076,19880717,PRCP,50,,,a,
ASN00082076,19880718,PRCP,0,,,a,
ASN00082076,19880719,PRCP,0,,,a,
ASN00082076,19880720,PRCP,140,,,a,
ASN00082076,19880721,PRCP,156,,,a,
ASN00082076,19880722,PRCP,52,,,a,
ASN00082076,19880723,PRCP,0,,,a,
ASN00082076,19880724,PRCP,0,,,a,
ASN00082076,19880725,PRCP,40,,,a,
ASN00082076,19880726,PRCP,346,,,a,
ASN00082076,19880727,PRCP,12,,,a,
ASN00082076,19880728,PRCP,0,,,a,
ASN00082076,19880729,PRCP,0,,,a,
ASN00082076,19880730,PRCP,10,,,a,
ASN00082076,19880731,PRCP,4,,,a,
ASN00082076,19880801,TMAX,122,,,a,
ASN00082076,19880802,TMAX,112,,,a,
ASN00082076,19880803,TMAX,148,,,a,
ASN00082076,19880804,TMAX,145,,,a,
ASN00082076,19880805,TMAX,110,,,a,
ASN00082076,19880806,TMAX,98,,,a,
ASN00082076,19880807,TMAX,105,,,a,
ASN00082076,19880808,TMAX,106,,,a,
ASN00082076,19880809,TMAX,127,,,a,
ASN00082076,19880810,TMAX,138,,,a,
ASN00082076,19880811,TMAX,137,,,a,
ASN00082076,19880813,TMAX,160,,,a,
ASN00082076,19880814,TMAX,157,,,a,
ASN00082076,19880815,TMAX,162,,,a,
ASN00082076,19880816,TMAX,172,,,a,
ASN00082076,19880817,TMAX,176,,,a,
ASN00082076,19880818,TMAX,162,,,a,
ASN00082076,19880819,TMAX,140,,,a,
ASN00082076,19880820,TMAX,142,,,a,
ASN00082076,19880821,TMAX,173,,,a,
ASN00082076,19880822,TMAX,140,,,a,
ASN00082076,19880823,TMAX,132,,,a,
ASN00082076,19880824,TMAX,150,,,a,
ASN00082076,19880825,TMAX,132,,,a,
ASN00082076,19880826,TMAX,136,,,a,
ASN00082076,19880827,TMAX,95,,,a,
ASN00082076,19880828,TMAX,124,,,a,
ASN00082076,19880829,TMAX,134,,,a,
ASN00082076,19880830,TMAX,169,,,a,
ASN00082076,19880831,TMAX,205,,,a,
ASN00082076,19880801,TMIN,65,,,a,
ASN00082076,19880802,TMIN,72,,,a,
ASN00082076,19880803,TMIN,5,,,a,
ASN00082076,19880804,TMIN,34,,,a,
ASN00082076,19880805,TMIN,66,,,a,
ASN00082076,19880806,TMIN,25,,,a,
ASN00082076,19880807,TMIN,30,,,a,
ASN00082076,19880808,TMIN,-15,,,a,
ASN00082076,19880809,TMIN,-13,,,a,
ASN00082076,19880810,TMIN,-8,,,a,
ASN00082076,19880811,TMIN,-17,,,a,
ASN00082076,19880812,TMIN,-12,,,a,
ASN00082076,19880813,TMIN,-15,,,a,
ASN00082076,19880814,TMIN,-8,,,a,
ASN00082076,19880815,TMIN,29,,,a,
ASN00082076,19880816,TMIN,47,,,a,
ASN00082076,19880817,TMIN,95,,,a,
ASN00082076,19880818,TMIN,32,,,a,
ASN00082076,19880819,TMIN,75,,,a,
ASN00082076,19880820,TMIN,48,,,a,
ASN00082076,19880821,TMIN,38,,,a,
ASN00082076,19880822,TMIN,82,,,a,
ASN00082076,19880823,TMIN,67,,,a,
ASN00082076,19880824,TMIN,32,,,a,
ASN00082076,19880825,TMIN,-8,,,a,
ASN00082076,19880826,TMIN,-12,,,a,
ASN00082076,19880827,TMIN,45,,,a,
ASN00082076,19880828,TMIN,60,,,a,
ASN00082076,19880829,TMIN,22,,,a,
ASN00082076,19880830,TMIN,32,,,a,
ASN00082076,19880831,TMIN,46,,,a,
ASN00082076,19880801,PRCP,0,,,a,
ASN00082076,19880802,PRCP,0,,,a,
ASN00082076,19880803,PRCP,0,,,a,
ASN00082076,19880804,PRCP,0,,,a,
ASN00082076,19880805,PRCP,0,,,a,
ASN00082076,19880806,PRCP,70,,,a,
ASN00082076,19880807,PRCP,6,,,a,
ASN00082076,19880808,PRCP,14,,,a,
ASN00082076,19880809,PRCP,0,,,a,
ASN00082076,19880810,PRCP,0,,,a,
ASN00082076,19880811,PRCP,0,,,a,
ASN00082076,19880812,PRCP,0,,,a,
ASN00082076,19880813,PRCP,0,,,a,
ASN00082076,19880814,PRCP,0,,,a,
ASN00082076,19880815,PRCP,0,,,a,
ASN00082076,19880816,PRCP,24,,,a,
ASN00082076,19880817,PRCP,16,,,a,
ASN00082076,19880818,PRCP,36,,,a,
ASN00082076,19880819,PRCP,110,,,a,
ASN00082076,19880820,PRCP,2,,,a,
ASN00082076,19880821,PRCP,0,,,a,
ASN00082076,19880822,PRCP,34,,,a,
ASN00082076,19880823,PRCP,0,,,a,
ASN00082076,19880824,PRCP,0,,,a,
ASN00082076,19880825,PRCP,0,,,a,
ASN00082076,19880826,PRCP,0,,,a,
ASN00082076,19880827,PRCP,82,,,a,
ASN00082076,19880828,PRCP,120,,,a,
ASN00082076,19880829,PRCP,14,,,a,
ASN00082076,19880830,PRCP,0,,,a,
ASN00082076,19880831,PRCP,0,,,a,
ASN00082076,19880901,TMAX,201,,,a,
ASN00082076,19880902,TMAX,138,,,a,
ASN00082076,19880903,TMAX,142,,,a,
ASN00082076,19880904,TMAX,145,,,a,
ASN00082076,19880905,TMAX,158,,,a,
ASN00082076,19880906,TMAX,146,,,a,
ASN00082076,19880907,TMAX,188,,,a,
ASN00082076,19880908,TMAX,183,,,a,
ASN00082076,19880909,TMAX,195,,,a,
ASN00082076,19880910,TMAX,182,,,a,
ASN00082076,19880911,TMAX,168,,,a,
ASN00082076,19880912,TMAX,125,,,a,
ASN00082076,19880913,TMAX,132,,,a,
ASN00082076,19880914,TMAX,167,,,a,
ASN00082076,19880915,TMAX,208,,,a,
ASN00082076,19880916,TMAX,194,,,a,
ASN00082076,19880917,TMAX,130,,,a,
ASN00082076,19880918,TMAX,161,,,a,
ASN00082076,19880919,TMAX,121,,,a,
ASN00082076,19880920,TMAX,170,,,a,
ASN00082076,19880921,TMAX,183,,,a,
ASN00082076,19880922,TMAX,188,,,a,
ASN00082076,19880923,TMAX,232,,,a,
ASN00082076,19880924,TMAX,168,,,a,
ASN00082076,19880925,TMAX,166,,,a,
ASN00082076,19880926,TMAX,200,,,a,
ASN00082076,19880927,TMAX,214,,,a,
ASN00082076,19880928,TMAX,190,,,a,
ASN00082076,19880929,TMAX,168,,,a,
ASN00082076,19880930,TMAX,182,,,a,
ASN00082076,19880901,TMIN,52,,,a,
ASN00082076,19880902,TMIN,66,,,a,
ASN00082076,19880903,TMIN,85,,,a,
ASN00082076,19880904,TMIN,70,,,a,
ASN00082076,19880905,TMIN,31,,,a,
ASN00082076,19880906,TMIN,38,,,a,
ASN00082076,19880907,TMIN,37,,,a,
ASN00082076,19880908,TMIN,37,,,a,
ASN00082076,19880909,TMIN,37,,,a,
ASN00082076,19880910,TMIN,70,,,a,
ASN00082076,19880911,TMIN,112,,,a,
ASN00082076,19880912,TMIN,82,,,a,
ASN00082076,19880913,TMIN,37,,,a,
ASN00082076,19880914,TMIN,-8,,,a,
ASN00082076,19880915,TMIN,12,,,a,
ASN00082076,19880916,TMIN,34,,,a,
ASN00082076,19880917,TMIN,100,,,a,
ASN00082076,19880918,TMIN,102,,,a,
ASN00082076,19880919,TMIN,-3,,,a,
ASN00082076,19880920,TMIN,41,,,a,
ASN00082076,19880921,TMIN,32,,,a,
ASN00082076,19880922,TMIN,48,,,a,
ASN00082076,19880923,TMIN,52,,,a,
ASN00082076,19880924,TMIN,120,,,a,
ASN00082076,19880925,TMIN,25,,,a,
ASN00082076,19880926,TMIN,15,,,a,
ASN00082076,19880927,TMIN,40,,,a,
ASN00082076,19880928,TMIN,95,,,a,
ASN00082076,19880929,TMIN,85,,,a,
ASN00082076,19880930,TMIN,55,,,a,
ASN00082076,19880901,PRCP,0,,,a,
ASN00082076,19880902,PRCP,0,,,a,
ASN00082076,19880903,PRCP,118,,,a,
ASN00082076,19880904,PRCP,28,,,a,
ASN00082076,19880905,PRCP,0,,,a,
ASN00082076,19880906,PRCP,0,,,a,
ASN00082076,19880907,PRCP,0,,,a,
ASN00082076,19880908,PRCP,0,,,a,
ASN00082076,19880909,PRCP,0,,,a,
ASN00082076,19880910,PRCP,0,,,a,
ASN00082076,19880911,PRCP,136,,,a,
ASN00082076,19880912,PRCP,64,,,a,
ASN00082076,19880913,PRCP,66,,,a,
ASN00082076,19880914,PRCP,0,,,a,
ASN00082076,19880915,PRCP,0,,,a,
ASN00082076,19880916,PRCP,0,,,a,
ASN00082076,19880917,PRCP,250,,,a,
ASN00082076,19880918,PRCP,132,,,a,
ASN00082076,19880919,PRCP,4,,,a,
ASN00082076,19880920,PRCP,12,,,a,
ASN00082076,19880921,PRCP,0,,,a,
ASN00082076,19880922,PRCP,0,,,a,
ASN00082076,19880923,PRCP,0,,,a,
ASN00082076,19880924,PRCP,18,,,a,
ASN00082076,19880925,PRCP,0,,,a,
ASN00082076,19880926,PRCP,0,,,a,
ASN00082076,19880927,PRCP,0,,,a,
ASN00082076,19880928,PRCP,112,,,a,
ASN00082076,19880929,PRCP,10,,,a,
ASN00082076,19880930,PRCP,0,,,a,
ASN00082076,19881001,TMAX,160,,,a,
ASN00082076,19881002,TMAX,162,,,a,
ASN00082076,19881003,TMAX,232,,,a,
ASN00082076,19881004,TMAX,241,,,a,
ASN00082076,19881007,TMAX,165,,,a,
ASN00082076,19881008,TMAX,126,,,a,
ASN00082076,19881009,TMAX,148,,,a,
ASN00082076,19881010,TMAX,147,,,a,
ASN00082076,19881011,TMAX,184,,,a,
ASN00082076,19881012,TMAX,215,,,a,
ASN00082076,19881013,TMAX,198,,,a,
ASN00082076,19881014,TMAX,176,,,a,
ASN00082076,19881015,TMAX,160,,,a,
ASN00082076,19881016,TMAX,190,,,a,
ASN00082076,19881017,TMAX,142,,,a,
ASN00082076,19881018,TMAX,180,,,a,
ASN00082076,19881020,TMAX,278,,,a,
ASN00082076,19881021,TMAX,266,,,a,
ASN00082076,19881022,TMAX,142,,,a,
ASN00082076,19881023,TMAX,175,,,a,
ASN00082076,19881024,TMAX,172,,,a,
ASN00082076,19881025,TMAX,203,,,a,
ASN00082076,19881026,TMAX,227,,,a,
ASN00082076,19881027,TMAX,238,,,a,
ASN00082076,19881028,TMAX,210,,,a,
ASN00082076,19881029,TMAX,198,,,a,
ASN00082076,19881030,TMAX,221,,,a,
ASN00082076,19881031,TMAX,262,,,a,
ASN00082076,19881001,TMIN,90,,,a,
ASN00082076,19881002,TMIN,65,,,a,
ASN00082076,19881003,TMIN,73,,,a,
ASN00082076,19881004,TMIN,117,,,a,
ASN00082076,19881005,TMIN,72,,,a,
ASN00082076,19881006,TMIN,65,,,a,
ASN00082076,19881007,TMIN,22,,,a,
ASN00082076,19881008,TMIN,35,,,a,
ASN00082076,19881009,TMIN,86,,,a,
ASN00082076,19881010,TMIN,65,,,a,
ASN00082076,19881011,TMIN,47,,,a,
ASN00082076,19881012,TMIN,83,,,a,
ASN00082076,19881013,TMIN,27,,,a,
ASN00082076,19881014,TMIN,25,,,a,
ASN00082076,19881015,TMIN,75,,,a,
ASN00082076,19881016,TMIN,28,,,a,
ASN00082076,19881017,TMIN,58,,,a,
ASN00082076,19881018,TMIN,44,,,a,
ASN00082076,19881019,TMIN,75,,,a,
ASN00082076,19881020,TMIN,78,,,a,
ASN00082076,19881021,TMIN,131,,,a,
ASN00082076,19881022,TMIN,106,,,a,
ASN00082076,19881023,TMIN,78,,,a,
ASN00082076,19881024,TMIN,88,,,a,
ASN00082076,19881025,TMIN,20,,,a,
ASN00082076,19881026,TMIN,43,,,a,
ASN00082076,19881027,TMIN,77,,,a,
ASN00082076,19881028,TMIN,64,,,a,
ASN00082076,19881029,TMIN,55,,,a,
ASN00082076,19881030,TMIN,55,,,a,
ASN00082076,19881031,TMIN,67,,,a,
ASN00082076,19881001,PRCP,0,,,a,
ASN00082076,19881002,PRCP,78,,,a,
ASN00082076,19881003,PRCP,0,,,a,
ASN00082076,19881004,PRCP,0,,,a,
ASN00082076,19881005,PRCP,0,,,a,
ASN00082076,19881006,PRCP,0,,,a,
ASN00082076,19881007,PRCP,32,,,a,
ASN00082076,19881008,PRCP,0,,,a,
ASN00082076,19881009,PRCP,142,,,a,
ASN00082076,19881010,PRCP,64,,,a,
ASN00082076,19881011,PRCP,2,,,a,
ASN00082076,19881012,PRCP,4,,,a,
ASN00082076,19881013,PRCP,0,,,a,
ASN00082076,19881014,PRCP,0,,,a,
ASN00082076,19881015,PRCP,12,,,a,
ASN00082076,19881016,PRCP,0,,,a,
ASN00082076,19881017,PRCP,34,,,a,
ASN00082076,19881018,PRCP,8,,,a,
ASN00082076,19881019,PRCP,2,,,a,
ASN00082076,19881020,PRCP,0,,,a,
ASN00082076,19881021,PRCP,0,,,a,
ASN00082076,19881022,PRCP,98,,,a,
ASN00082076,19881023,PRCP,30,,,a,
ASN00082076,19881024,PRCP,0,,,a,
ASN00082076,19881025,PRCP,0,,,a,
ASN00082076,19881026,PRCP,0,,,a,
ASN00082076,19881027,PRCP,0,,,a,
ASN00082076,19881028,PRCP,0,,,a,
ASN00082076,19881029,PRCP,0,,,a,
ASN00082076,19881030,PRCP,0,,,a,
ASN00082076,19881031,PRCP,0,,,a,
ASN00082076,19881101,TMAX,273,,,a,
ASN00082076,19881102,TMAX,306,,,a,
ASN00082076,19881103,TMAX,285,,,a,
ASN00082076,19881104,TMAX,172,,,a,
ASN00082076,19881105,TMAX,180,,,a,
ASN00082076,19881106,TMAX,225,,,a,
ASN00082076,19881107,TMAX,222,,,a,
ASN00082076,19881108,TMAX,260,,,a,
ASN00082076,19881110,TMAX,222,,,a,
ASN00082076,19881111,TMAX,260,,,a,
ASN00082076,19881112,TMAX,285,,,a,
ASN00082076,19881113,TMAX,297,,,a,
ASN00082076,19881114,TMAX,269,,,a,
ASN00082076,19881115,TMAX,154,,,a,
ASN00082076,19881116,TMAX,162,,,a,
ASN00082076,19881117,TMAX,179,,,a,
ASN00082076,19881118,TMAX,236,,,a,
ASN00082076,19881119,TMAX,264,,,a,
ASN00082076,19881120,TMAX,279,,,a,
ASN00082076,19881121,TMAX,215,,,a,
ASN00082076,19881123,TMAX,143,,,a,
ASN00082076,19881124,TMAX,183,,,a,
ASN00082076,19881125,TMAX,220,,,a,
ASN00082076,19881126,TMAX,214,,,a,
ASN00082076,19881127,TMAX,204,,,a,
ASN00082076,19881128,TMAX,227,,,a,
ASN00082076,19881129,TMAX,208,,,a,
ASN00082076,19881130,TMAX,202,,,a,
ASN00082076,19881101,TMIN,112,,,a,
ASN00082076,19881102,TMIN,88,,,a,
ASN00082076,19881103,TMIN,125,,,a,
ASN00082076,19881104,TMIN,150,,,a,
ASN00082076,19881105,TMIN,10,,,a,
ASN00082076,19881106,TMIN,85,,,a,
ASN00082076,19881107,TMIN,52,,,a,
ASN00082076,19881108,TMIN,73,,,a,
ASN00082076,19881109,TMIN,142,,,a,
ASN00082076,19881110,TMIN,76,,,a,
ASN00082076,19881111,TMIN,87,,,a,
ASN00082076,19881112,TMIN,98,,,a,
ASN00082076,19881113,TMIN,90,,,a,
ASN00082076,19881114,TMIN,107,,,a,
ASN00082076,19881115,TMIN,98,,,a,
ASN00082076,19881116,TMIN,87,,,a,
ASN00082076,19881117,TMIN,93,,,a,
ASN00082076,19881118,TMIN,78,,,a,
ASN00082076,19881119,TMIN,90,,,a,
ASN00082076,19881120,TMIN,86,,,a,
ASN00082076,19881121,TMIN,122,,,a,
ASN00082076,19881122,TMIN,72,,,a,
ASN00082076,19881123,TMIN,92,,,a,
ASN00082076,19881124,TMIN,122,,,a,
ASN00082076,19881125,TMIN,127,,,a,
ASN00082076,19881126,TMIN,124,,,a,
ASN00082076,19881127,TMIN,123,,,a,
ASN00082076,19881128,TMIN,117,,,a,
ASN00082076,19881129,TMIN,70,,,a,
ASN00082076,19881130,TMIN,54,,,a,
ASN00082076,19881101,PRCP,0,,,a,
ASN00082076,19881102,PRCP,0,,,a,
ASN00082076,19881103,PRCP,0,,,a,
ASN00082076,19881104,PRCP,80,,,a,
ASN00082076,19881105,PRCP,368,,,a,
ASN00082076,19881106,PRCP,0,,,a,
ASN00082076,19881107,PRCP,0,,,a,
ASN00082076,19881108,PRCP,0,,,a,
ASN00082076,19881109,PRCP,10,,,a,
ASN00082076,19881110,PRCP,0,,,a,
ASN00082076,19881111,PRCP,0,,,a,
ASN00082076,19881112,PRCP,0,,,a,
ASN00082076,19881113,PRCP,0,,,a,
ASN00082076,19881114,PRCP,0,,,a,
ASN00082076,19881115,PRCP,66,,,a,
ASN00082076,19881116,PRCP,14,,,a,
ASN00082076,19881117,PRCP,6,,,a,
ASN00082076,19881118,PRCP,0,,,a,
ASN00082076,19881119,PRCP,0,,,a,
ASN00082076,19881120,PRCP,0,,,a,
ASN00082076,19881121,PRCP,46,,,a,
ASN00082076,19881122,PRCP,60,,,a,
ASN00082076,19881123,PRCP,128,,,a,
ASN00082076,19881124,PRCP,220,,,a,
ASN00082076,19881125,PRCP,156,,,a,
ASN00082076,19881126,PRCP,122,,,a,
ASN00082076,19881127,PRCP,0,,,a,
ASN00082076,19881128,PRCP,2,,,a,
ASN00082076,19881129,PRCP,0,,,a,
ASN00082076,19881130,PRCP,0,,,a,
ASN00082076,19881201,TMAX,245,,,a,
ASN00082076,19881202,TMAX,274,,,a,
ASN00082076,19881203,TMAX,264,,,a,
ASN00082076,19881204,TMAX,266,,,a,
ASN00082076,19881205,TMAX,206,,,a,
ASN00082076,19881206,TMAX,282,,,a,
ASN00082076,19881207,TMAX,262,,,a,
ASN00082076,19881208,TMAX,179,,,a,
ASN00082076,19881209,TMAX,218,,,a,
ASN00082076,19881210,TMAX,272,,,a,
ASN00082076,19881211,TMAX,191,,,a,
ASN00082076,19881212,TMAX,207,,,a,
ASN00082076,19881213,TMAX,282,,,a,
ASN00082076,19881214,TMAX,310,,,a,
ASN00082076,19881215,TMAX,290,,,a,
ASN00082076,19881216,TMAX,312,,,a,
ASN00082076,19881217,TMAX,294,,,a,
ASN00082076,19881218,TMAX,310,,,a,
ASN00082076,19881219,TMAX,277,,,a,
ASN00082076,19881220,TMAX,256,,,a,
ASN00082076,19881221,TMAX,276,,,a,
ASN00082076,19881222,TMAX,281,,,a,
ASN00082076,19881228,TMAX,207,,,a,
ASN00082076,19881229,TMAX,245,,,a,
ASN00082076,19881230,TMAX,270,,,a,
ASN00082076,19881231,TMAX,264,,,a,
ASN00082076,19881201,TMIN,55,,,a,
ASN00082076,19881202,TMIN,85,,,a,
ASN00082076,19881203,TMIN,128,,,a,
ASN00082076,19881204,TMIN,145,,,a,
ASN00082076,19881205,TMIN,188,,,a,
ASN00082076,19881206,TMIN,165,,,a,
ASN00082076,19881207,TMIN,59,,,a,
ASN00082076,19881208,TMIN,132,,,a,
ASN00082076,19881209,TMIN,156,,,a,
ASN00082076,19881210,TMIN,175,,,a,
ASN00082076,19881211,TMIN,145,,,a,
ASN00082076,19881212,TMIN,67,,,a,
ASN00082076,19881213,TMIN,100,,,a,
ASN00082076,19881214,TMIN,129,,,a,
ASN00082076,19881215,TMIN,125,,,a,
ASN00082076,19881216,TMIN,134,,,a,
ASN00082076,19881217,TMIN,170,,,a,
ASN00082076,19881218,TMIN,160,,,a,
ASN00082076,19881219,TMIN,162,,,a,
ASN00082076,19881220,TMIN,157,,,a,
ASN00082076,19881221,TMIN,110,,,a,
ASN00082076,19881222,TMIN,125,,,a,
ASN00082076,19881223,TMIN,159,,,a,
ASN00082076,19881228,TMIN,84,,,a,
ASN00082076,19881229,TMIN,135,,,a,
ASN00082076,19881230,TMIN,120,,,a,
ASN00082076,19881231,TMIN,132,,,a,
ASN00082076,19881201,PRCP,0,,,a,
ASN00082076,19881202,PRCP,0,,,a,
ASN00082076,19881203,PRCP,0,,,a,
ASN00082076,19881204,PRCP,0,,,a,
ASN00082076,19881205,PRCP,52,,,a,
ASN00082076,19881206,PRCP,326,,,a,
ASN00082076,19881207,PRCP,0,,,a,
ASN00082076,19881208,PRCP,0,,,a,
ASN00082076,19881209,PRCP,226,,,a,
ASN00082076,19881210,PRCP,380,,,a,
ASN00082076,19881211,PRCP,400,,,a,
ASN00082076,19881212,PRCP,0,,,a,
ASN00082076,19881213,PRCP,0,,,a,
ASN00082076,19881214,PRCP,0,,,a,
ASN00082076,19881215,PRCP,0,,,a,
ASN00082076,19881216,PRCP,0,,,a,
ASN00082076,19881217,PRCP,10,,,a,
ASN00082076,19881218,PRCP,8,,,a,
ASN00082076,19881219,PRCP,116,,,a,
ASN00082076,19881220,PRCP,50,,,a,
ASN00082076,19881221,PRCP,0,,,a,
ASN00082076,19881222,PRCP,0,,,a,
ASN00082076,19881223,PRCP,0,,,a,
ASN00082076,19881229,PRCP,0,,,a,
ASN00082076,19881230,PRCP,0,,,a,
ASN00082076,19881231,PRCP,0,,,a,
ASN00082076,19881228,DAPR,5,,,a,
ASN00082076,19881228,DWPR,1,,,a,
ASN00082076,19881228,MDPR,390,,,a,
ASN00082076,19890101,TMAX,266,,,a,
ASN00082076,19890102,TMAX,278,,,a,
ASN00082076,19890103,TMAX,278,,,a,
ASN00082076,19890104,TMAX,246,,,a,
ASN00082076,19890105,TMAX,228,,,a,
ASN00082076,19890106,TMAX,258,,,a,
ASN00082076,19890107,TMAX,285,,,a,
ASN00082076,19890108,TMAX,304,,,a,
ASN00082076,19890109,TMAX,312,,,a,
ASN00082076,19890110,TMAX,219,,,a,
ASN00082076,19890111,TMAX,200,,,a,
ASN00082076,19890112,TMAX,242,,,a,
ASN00082076,19890113,TMAX,260,,,a,
ASN00082076,19890114,TMAX,280,,,a,
ASN00082076,19890115,TMAX,298,,,a,
ASN00082076,19890116,TMAX,300,,,a,
ASN00082076,19890117,TMAX,291,,,a,
ASN00082076,19890118,TMAX,251,,,a,
ASN00082076,19890119,TMAX,257,,,a,
ASN00082076,19890120,TMAX,262,,,a,
ASN00082076,19890121,TMAX,236,,,a,
ASN00082076,19890122,TMAX,242,,,a,
ASN00082076,19890123,TMAX,258,,,a,
ASN00082076,19890124,TMAX,278,,,a,
ASN00082076,19890125,TMAX,293,,,a,
ASN00082076,19890126,TMAX,314,,,a,
ASN00082076,19890127,TMAX,330,,,a,
ASN00082076,19890128,TMAX,330,,,a,
ASN00082076,19890129,TMAX,320,,,a,
ASN00082076,19890130,TMAX,302,,,a,
ASN00082076,19890131,TMAX,259,,,a,
ASN00082076,19890101,TMIN,173,,,a,
ASN00082076,19890102,TMIN,118,,,a,
ASN00082076,19890103,TMIN,121,,,a,
ASN00082076,19890104,TMIN,128,,,a,
ASN00082076,19890105,TMIN,88,,,a,
ASN00082076,19890106,TMIN,83,,,a,
ASN00082076,19890107,TMIN,124,,,a,
ASN00082076,19890108,TMIN,142,,,a,
ASN00082076,19890109,TMIN,143,,,a,
ASN00082076,19890110,TMIN,96,,,a,
ASN00082076,19890111,TMIN,128,,,a,
ASN00082076,19890112,TMIN,52,,,a,
ASN00082076,19890113,TMIN,134,,,a,
ASN00082076,19890114,TMIN,122,,,a,
ASN00082076,19890115,TMIN,110,,,a,
ASN00082076,19890116,TMIN,112,,,a,
ASN00082076,19890117,TMIN,145,,,a,
ASN00082076,19890118,TMIN,135,,,a,
ASN00082076,19890119,TMIN,144,,,a,
ASN00082076,19890120,TMIN,107,,,a,
ASN00082076,19890121,TMIN,136,,,a,
ASN00082076,19890122,TMIN,125,,,a,
ASN00082076,19890123,TMIN,137,,,a,
ASN00082076,19890124,TMIN,94,,,a,
ASN00082076,19890125,TMIN,108,,,a,
ASN00082076,19890126,TMIN,127,,,a,
ASN00082076,19890127,TMIN,134,,,a,
ASN00082076,19890128,TMIN,122,,,a,
ASN00082076,19890129,TMIN,142,,,a,
ASN00082076,19890130,TMIN,193,,,a,
ASN00082076,19890131,TMIN,167,,,a,
ASN00082076,19890101,PRCP,0,,,a,
ASN00082076,19890102,PRCP,2,,,a,
ASN00082076,19890103,PRCP,0,,,a,
ASN00082076,19890104,PRCP,0,,,a,
ASN00082076,19890105,PRCP,92,,,a,
ASN00082076,19890106,PRCP,0,,,a,
ASN00082076,19890107,PRCP,0,,,a,
ASN00082076,19890108,PRCP,0,,,a,
ASN00082076,19890109,PRCP,0,,,a,
ASN00082076,19890110,PRCP,2,,,a,
ASN00082076,19890111,PRCP,0,,,a,
ASN00082076,19890112,PRCP,0,,,a,
ASN00082076,19890113,PRCP,0,,,a,
ASN00082076,19890114,PRCP,0,,,a,
ASN00082076,19890115,PRCP,0,,,a,
ASN00082076,19890116,PRCP,0,,,a,
ASN00082076,19890117,PRCP,0,,,a,
ASN00082076,19890118,PRCP,116,,,a,
ASN00082076,19890119,PRCP,0,,,a,
ASN00082076,19890120,PRCP,0,,,a,
ASN00082076,19890121,PRCP,0,,,a,
ASN00082076,19890122,PRCP,0,,,a,
ASN00082076,19890123,PRCP,0,,,a,
ASN00082076,19890124,PRCP,0,,,a,
ASN00082076,19890125,PRCP,0,,,a,
ASN00082076,19890126,PRCP,0,,,a,
ASN00082076,19890127,PRCP,0,,,a,
ASN00082076,19890128,PRCP,0,,,a,
ASN00082076,19890129,PRCP,0,,,a,
ASN00082076,19890130,PRCP,0,,,a,
ASN00082076,19890131,PRCP,0,,,a,
ASN00082076,19890201,TMAX,260,,,a,
ASN00082076,19890202,TMAX,279,,,a,
ASN00082076,19890203,TMAX,274,,,a,
ASN00082076,19890204,TMAX,230,,,a,
ASN00082076,19890205,TMAX,247,,,a,
ASN00082076,19890206,TMAX,286,,,a,
ASN00082076,19890207,TMAX,230,,,a,
ASN00082076,19890208,TMAX,315,,,a,
ASN00082076,19890209,TMAX,258,,,a,
ASN00082076,19890210,TMAX,220,,,a,
ASN00082076,19890211,TMAX,268,,,a,
ASN00082076,19890212,TMAX,302,,,a,
ASN00082076,19890213,TMAX,328,,,a,
ASN00082076,19890214,TMAX,268,,,a,
ASN00082076,19890216,TMAX,313,,,a,
ASN00082076,19890217,TMAX,326,,,a,
ASN00082076,19890218,TMAX,322,,,a,
ASN00082076,19890219,TMAX,233,,,a,
ASN00082076,19890220,TMAX,260,,,a,
ASN00082076,19890221,TMAX,245,,,a,
ASN00082076,19890222,TMAX,268,,,a,
ASN00082076,19890223,TMAX,304,,,a,
ASN00082076,19890224,TMAX,320,,,a,
ASN00082076,19890225,TMAX,268,,,a,
ASN00082076,19890226,TMAX,308,,,a,
ASN00082076,19890227,TMAX,300,,,a,
ASN00082076,19890228,TMAX,304,,,a,
ASN00082076,19890201,TMIN,168,,,a,
ASN00082076,19890202,TMIN,108,,,a,
ASN00082076,19890203,TMIN,127,,,a,
ASN00082076,19890204,TMIN,155,,,a,
ASN00082076,19890205,TMIN,140,,,a,
ASN00082076,19890206,TMIN,119,,,a,
ASN00082076,19890207,TMIN,126,,,a,
ASN00082076,19890208,TMIN,126,,,a,
ASN00082076,19890209,TMIN,172,,,a,
ASN00082076,19890210,TMIN,78,,,a,
ASN00082076,19890211,TMIN,70,,,a,
ASN00082076,19890212,TMIN,122,,,a,
ASN00082076,19890213,TMIN,148,,,a,
ASN00082076,19890214,TMIN,165,,,a,
ASN00082076,19890215,TMIN,152,,,a,
ASN00082076,19890216,TMIN,185,,,a,
ASN00082076,19890217,TMIN,170,,,a,
ASN00082076,19890218,TMIN,144,,,a,
ASN00082076,19890219,TMIN,152,,,a,
ASN00082076,19890220,TMIN,152,,,a,
ASN00082076,19890221,TMIN,135,,,a,
ASN00082076,19890222,TMIN,146,,,a,
ASN00082076,19890223,TMIN,114,,,a,
ASN00082076,19890224,TMIN,116,,,a,
ASN00082076,19890225,TMIN,145,,,a,
ASN00082076,19890226,TMIN,168,,,a,
ASN00082076,19890227,TMIN,148,,,a,
ASN00082076,19890228,TMIN,126,,,a,
ASN00082076,19890201,PRCP,0,,,a,
ASN00082076,19890202,PRCP,0,,,a,
ASN00082076,19890203,PRCP,0,,,a,
ASN00082076,19890204,PRCP,0,,,a,
ASN00082076,19890205,PRCP,0,,,a,
ASN00082076,19890206,PRCP,0,,,a,
ASN00082076,19890207,PRCP,0,,,a,
ASN00082076,19890208,PRCP,0,,,a,
ASN00082076,19890209,PRCP,48,,,a,
ASN00082076,19890210,PRCP,2,,,a,
ASN00082076,19890211,PRCP,0,,,a,
ASN00082076,19890212,PRCP,0,,,a,
ASN00082076,19890213,PRCP,0,,,a,
ASN00082076,19890214,PRCP,24,,,a,
ASN00082076,19890215,PRCP,0,,,a,
ASN00082076,19890216,PRCP,0,,,a,
ASN00082076,19890217,PRCP,0,,,a,
ASN00082076,19890218,PRCP,0,,,a,
ASN00082076,19890219,PRCP,0,,,a,
ASN00082076,19890220,PRCP,0,,,a,
ASN00082076,19890221,PRCP,0,,,a,
ASN00082076,19890222,PRCP,0,,,a,
ASN00082076,19890223,PRCP,0,,,a,
ASN00082076,19890224,PRCP,0,,,a,
ASN00082076,19890225,PRCP,0,,,a,
ASN00082076,19890226,PRCP,0,,,a,
ASN00082076,19890227,PRCP,0,,,a,
ASN00082076,19890228,PRCP,0,,,a,
ASN00082076,19890301,TMAX,339,,,a,
ASN00082076,19890302,TMAX,316,,,a,
ASN00082076,19890303,TMAX,322,,,a,
ASN00082076,19890304,TMAX,305,,,a,
ASN00082076,19890305,TMAX,319,,,a,
ASN00082076,19890306,TMAX,327,,,a,
ASN00082076,19890307,TMAX,327,,,a,
ASN00082076,19890308,TMAX,301,,,a,
ASN00082076,19890309,TMAX,300,,,a,
ASN00082076,19890310,TMAX,212,,,a,
ASN00082076,19890311,TMAX,280,,,a,
ASN00082076,19890312,TMAX,226,,,a,
ASN00082076,19890313,TMAX,226,,,a,
ASN00082076,19890314,TMAX,160,,,a,
ASN00082076,19890317,TMAX,242,,,a,
ASN00082076,19890318,TMAX,246,,,a,
ASN00082076,19890319,TMAX,232,,,a,
ASN00082076,19890320,TMAX,245,,,a,
ASN00082076,19890321,TMAX,260,,,a,
ASN00082076,19890322,TMAX,252,,,a,
ASN00082076,19890323,TMAX,255,,,a,
ASN00082076,19890324,TMAX,206,,,a,
ASN00082076,19890325,TMAX,204,,,a,
ASN00082076,19890326,TMAX,226,,,a,
ASN00082076,19890327,TMAX,216,,,a,
ASN00082076,19890328,TMAX,215,,,a,
ASN00082076,19890329,TMAX,212,,,a,
ASN00082076,19890330,TMAX,242,,,a,
ASN00082076,19890331,TMAX,174,,,a,
ASN00082076,19890301,TMIN,146,,,a,
ASN00082076,19890302,TMIN,131,,,a,
ASN00082076,19890303,TMIN,120,,,a,
ASN00082076,19890304,TMIN,124,,,a,
ASN00082076,19890305,TMIN,122,,,a,
ASN00082076,19890306,TMIN,150,,,a,
ASN00082076,19890307,TMIN,146,,,a,
ASN00082076,19890308,TMIN,149,,,a,
ASN00082076,19890309,TMIN,157,,,a,
ASN00082076,19890310,TMIN,176,,,a,
ASN00082076,19890311,TMIN,180,,,a,
ASN00082076,19890312,TMIN,160,,,a,
ASN00082076,19890313,TMIN,130,,,a,
ASN00082076,19890314,TMIN,133,,,a,
ASN00082076,19890315,TMIN,132,,,a,
ASN00082076,19890316,TMIN,137,,,a,
ASN00082076,19890317,TMIN,132,,,a,
ASN00082076,19890318,TMIN,102,,,a,
ASN00082076,19890319,TMIN,132,,,a,
ASN00082076,19890320,TMIN,168,,,a,
ASN00082076,19890321,TMIN,178,,,a,
ASN00082076,19890322,TMIN,140,,,a,
ASN00082076,19890323,TMIN,124,,,a,
ASN00082076,19890324,TMIN,134,,,a,
ASN00082076,19890325,TMIN,112,,,a,
ASN00082076,19890326,TMIN,116,,,a,
ASN00082076,19890327,TMIN,135,,,a,
ASN00082076,19890328,TMIN,126,,,a,
ASN00082076,19890329,TMIN,90,,,a,
ASN00082076,19890330,TMIN,94,,,a,
ASN00082076,19890331,TMIN,130,,,a,
ASN00082076,19890301,PRCP,0,,,a,
ASN00082076,19890302,PRCP,0,,,a,
ASN00082076,19890303,PRCP,0,,,a,
ASN00082076,19890304,PRCP,0,,,a,
ASN00082076,19890305,PRCP,0,,,a,
ASN00082076,19890306,PRCP,126,,,a,
ASN00082076,19890307,PRCP,32,,,a,
ASN00082076,19890308,PRCP,0,,,a,
ASN00082076,19890309,PRCP,8,,,a,
ASN00082076,19890310,PRCP,120,,,a,
ASN00082076,19890311,PRCP,274,,,a,
ASN00082076,19890312,PRCP,0,,,a,
ASN00082076,19890313,PRCP,212,,,a,
ASN00082076,19890314,PRCP,92,,,a,
ASN00082076,19890315,PRCP,196,,,a,
ASN00082076,19890316,PRCP,0,,,a,
ASN00082076,19890317,PRCP,0,,,a,
ASN00082076,19890318,PRCP,0,,,a,
ASN00082076,19890319,PRCP,0,,,a,
ASN00082076,19890320,PRCP,16,,,a,
ASN00082076,19890321,PRCP,592,,,a,
ASN00082076,19890322,PRCP,134,,,a,
ASN00082076,19890323,PRCP,0,,,a,
ASN00082076,19890324,PRCP,0,,,a,
ASN00082076,19890325,PRCP,0,,,a,
ASN00082076,19890326,PRCP,0,,,a,
ASN00082076,19890327,PRCP,0,,,a,
ASN00082076,19890328,PRCP,0,,,a,
ASN00082076,19890329,PRCP,0,,,a,
ASN00082076,19890330,PRCP,0,,,a,
ASN00082076,19890331,PRCP,86,,,a,
ASN00082076,19890401,TMAX,175,,,a,
ASN00082076,19890402,TMAX,219,,,a,
ASN00082076,19890403,TMAX,245,,,a,
ASN00082076,19890404,TMAX,254,,,a,
ASN00082076,19890405,TMAX,258,,,a,
ASN00082076,19890406,TMAX,217,,,a,
ASN00082076,19890407,TMAX,194,,,a,
ASN00082076,19890409,TMAX,183,,,a,
ASN00082076,19890410,TMAX,204,,,a,
ASN00082076,19890411,TMAX,204,,,a,
ASN00082076,19890412,TMAX,187,,,a,
ASN00082076,19890414,TMAX,190,,,a,
ASN00082076,19890415,TMAX,185,,,a,
ASN00082076,19890417,TMAX,182,,,a,
ASN00082076,19890418,TMAX,182,,,a,
ASN00082076,19890419,TMAX,198,,,a,
ASN00082076,19890420,TMAX,215,,,a,
ASN00082076,19890421,TMAX,215,,,a,
ASN00082076,19890422,TMAX,222,,,a,
ASN00082076,19890423,TMAX,210,,,a,
ASN00082076,19890424,TMAX,232,,,a,
ASN00082076,19890425,TMAX,228,,,a,
ASN00082076,19890426,TMAX,238,,,a,
ASN00082076,19890427,TMAX,232,,,a,
ASN00082076,19890428,TMAX,224,,,a,
ASN00082076,19890429,TMAX,210,,,a,
ASN00082076,19890430,TMAX,210,,,a,
ASN00082076,19890401,TMIN,85,,,a,
ASN00082076,19890402,TMIN,135,,,a,
ASN00082076,19890403,TMIN,162,,,a,
ASN00082076,19890404,TMIN,163,,,a,
ASN00082076,19890405,TMIN,162,,,a,
ASN00082076,19890406,TMIN,175,,,a,
ASN00082076,19890407,TMIN,156,,,a,
ASN00082076,19890408,TMIN,145,,,a,
ASN00082076,19890409,TMIN,145,,,a,
ASN00082076,19890410,TMIN,146,,,a,
ASN00082076,19890411,TMIN,125,,,a,
ASN00082076,19890412,TMIN,140,,,a,
ASN00082076,19890413,TMIN,132,,,a,
ASN00082076,19890414,TMIN,120,,,a,
ASN00082076,19890415,TMIN,95,,,a,
ASN00082076,19890416,TMIN,75,,,a,
ASN00082076,19890417,TMIN,106,,,a,
ASN00082076,19890418,TMIN,122,,,a,
ASN00082076,19890419,TMIN,52,,,a,
ASN00082076,19890420,TMIN,55,,,a,
ASN00082076,19890421,TMIN,67,,,a,
ASN00082076,19890422,TMIN,102,,,a,
ASN00082076,19890423,TMIN,126,,,a,
ASN00082076,19890424,TMIN,74,,,a,
ASN00082076,19890425,TMIN,60,,,a,
ASN00082076,19890426,TMIN,75,,,a,
ASN00082076,19890427,TMIN,90,,,a,
ASN00082076,19890428,TMIN,95,,,a,
ASN00082076,19890430,TMIN,98,,,a,
ASN00082076,19890401,PRCP,380,,,a,
ASN00082076,19890402,PRCP,100,,,a,
ASN00082076,19890403,PRCP,66,,,a,
ASN00082076,19890404,PRCP,22,,,a,
ASN00082076,19890405,PRCP,2,,,a,
ASN00082076,19890406,PRCP,42,,,a,
ASN00082076,19890407,PRCP,10,,,a,
ASN00082076,19890408,PRCP,0,,,a,
ASN00082076,19890409,PRCP,36,,,a,
ASN00082076,19890410,PRCP,14,,,a,
ASN00082076,19890411,PRCP,108,,,a,
ASN00082076,19890412,PRCP,126,,,a,
ASN00082076,19890413,PRCP,12,,,a,
ASN00082076,19890414,PRCP,130,,,a,
ASN00082076,19890415,PRCP,0,,,a,
ASN00082076,19890416,PRCP,0,,,a,
ASN00082076,19890417,PRCP,8,,,a,
ASN00082076,19890418,PRCP,0,,,a,
ASN00082076,19890419,PRCP,0,,,a,
ASN00082076,19890420,PRCP,0,,,a,
ASN00082076,19890421,PRCP,0,,,a,
ASN00082076,19890422,PRCP,0,,,a,
ASN00082076,19890423,PRCP,0,,,a,
ASN00082076,19890424,PRCP,0,,,a,
ASN00082076,19890425,PRCP,0,,,a,
ASN00082076,19890426,PRCP,0,,,a,
ASN00082076,19890427,PRCP,0,,,a,
ASN00082076,19890428,PRCP,0,,,a,
ASN00082076,19890429,PRCP,0,,,a,
ASN00082076,19890430,PRCP,0,,,a,
ASN00082076,19890501,TMAX,186,,,a,
ASN00082076,19890502,TMAX,197,,,a,
ASN00082076,19890503,TMAX,155,,,a,
ASN00082076,19890504,TMAX,160,,,a,
ASN00082076,19890505,TMAX,182,,,a,
ASN00082076,19890506,TMAX,188,,,a,
ASN00082076,19890507,TMAX,192,,,a,
ASN00082076,19890508,TMAX,205,,,a,
ASN00082076,19890509,TMAX,198,,,a,
ASN00082076,19890510,TMAX,162,,,a,
ASN00082076,19890511,TMAX,153,,,a,
ASN00082076,19890512,TMAX,155,,,a,
ASN00082076,19890513,TMAX,170,,,a,
ASN00082076,19890514,TMAX,188,,,a,
ASN00082076,19890515,TMAX,186,,,a,
ASN00082076,19890516,TMAX,195,,,a,
ASN00082076,19890517,TMAX,192,,,a,
ASN00082076,19890518,TMAX,164,,,a,
ASN00082076,19890519,TMAX,190,,,a,
ASN00082076,19890520,TMAX,154,,,a,
ASN00082076,19890521,TMAX,168,,,a,
ASN00082076,19890522,TMAX,123,,,a,
ASN00082076,19890523,TMAX,102,,,a,
ASN00082076,19890524,TMAX,125,,,a,
ASN00082076,19890525,TMAX,155,,,a,
ASN00082076,19890526,TMAX,142,,,a,
ASN00082076,19890527,TMAX,145,,,a,
ASN00082076,19890528,TMAX,168,,,a,
ASN00082076,19890529,TMAX,158,,,a,
ASN00082076,19890530,TMAX,147,,,a,
ASN00082076,19890531,TMAX,98,,,a,
ASN00082076,19890501,TMIN,112,,,a,
ASN00082076,19890502,TMIN,74,,,a,
ASN00082076,19890503,TMIN,88,,,a,
ASN00082076,19890504,TMIN,111,,,a,
ASN00082076,19890505,TMIN,120,,,a,
ASN00082076,19890506,TMIN,130,,,a,
ASN00082076,19890507,TMIN,68,,,a,
ASN00082076,19890508,TMIN,110,,,a,
ASN00082076,19890509,TMIN,76,,,a,
ASN00082076,19890510,TMIN,120,,,a,
ASN00082076,19890511,TMIN,118,,,a,
ASN00082076,19890512,TMIN,91,,,a,
ASN00082076,19890513,TMIN,75,,,a,
ASN00082076,19890514,TMIN,58,,,a,
ASN00082076,19890515,TMIN,53,,,a,
ASN00082076,19890516,TMIN,62,,,a,
ASN00082076,19890517,TMIN,101,,,a,
ASN00082076,19890518,TMIN,130,,,a,
ASN00082076,19890519,TMIN,144,,,a,
ASN00082076,19890520,TMIN,66,,,a,
ASN00082076,19890521,TMIN,34,,,a,
ASN00082076,19890522,TMIN,43,,,a,
ASN00082076,19890523,TMIN,65,,,a,
ASN00082076,19890524,TMIN,83,,,a,
ASN00082076,19890525,TMIN,62,,,a,
ASN00082076,19890526,TMIN,39,,,a,
ASN00082076,19890527,TMIN,55,,,a,
ASN00082076,19890528,TMIN,50,,,a,
ASN00082076,19890529,TMIN,90,,,a,
ASN00082076,19890530,TMIN,105,,,a,
ASN00082076,19890531,TMIN,44,,,a,
ASN00082076,19890501,PRCP,56,,,a,
ASN00082076,19890502,PRCP,6,,,a,
ASN00082076,19890503,PRCP,0,,,a,
ASN00082076,19890504,PRCP,36,,,a,
ASN00082076,19890505,PRCP,142,,,a,
ASN00082076,19890506,PRCP,0,,,a,
ASN00082076,19890507,PRCP,0,,,a,
ASN00082076,19890508,PRCP,0,,,a,
ASN00082076,19890509,PRCP,0,,,a,
ASN00082076,19890510,PRCP,386,,,a,
ASN00082076,19890511,PRCP,16,,,a,
ASN00082076,19890512,PRCP,0,,,a,
ASN00082076,19890513,PRCP,0,,,a,
ASN00082076,19890514,PRCP,0,,,a,
ASN00082076,19890515,PRCP,0,,,a,
ASN00082076,19890516,PRCP,0,,,a,
ASN00082076,19890517,PRCP,0,,,a,
ASN00082076,19890518,PRCP,20,,,a,
ASN00082076,19890519,PRCP,42,,,a,
ASN00082076,19890520,PRCP,0,,,a,
ASN00082076,19890521,PRCP,0,,,a,
ASN00082076,19890522,PRCP,66,,,a,
ASN00082076,19890523,PRCP,230,,,a,
ASN00082076,19890524,PRCP,18,,,a,
ASN00082076,19890525,PRCP,4,,,a,
ASN00082076,19890526,PRCP,0,,,a,
ASN00082076,19890527,PRCP,0,,,a,
ASN00082076,19890528,PRCP,2,,,a,
ASN00082076,19890529,PRCP,0,,,a,
ASN00082076,19890530,PRCP,200,,,a,
ASN00082076,19890531,PRCP,54,,,a,
ASN00082076,19890601,TMAX,105,,,a,
ASN00082076,19890602,TMAX,98,,,a,
ASN00082076,19890603,TMAX,152,,,a,
ASN00082076,19890604,TMAX,131,,,a,
ASN00082076,19890605,TMAX,102,,,a,
ASN00082076,19890606,TMAX,98,,,a,
ASN00082076,19890607,TMAX,108,,,a,
ASN00082076,19890608,TMAX,118,,,a,
ASN00082076,19890609,TMAX,92,,,a,
ASN00082076,19890610,TMAX,116,,,a,
ASN00082076,19890611,TMAX,134,,,a,
ASN00082076,19890612,TMAX,132,,,a,
ASN00082076,19890614,TMAX,127,,,a,
ASN00082076,19890615,TMAX,132,,,a,
ASN00082076,19890616,TMAX,130,,,a,
ASN00082076,19890617,TMAX,135,,,a,
ASN00082076,19890618,TMAX,120,,,a,
ASN00082076,19890619,TMAX,132,,,a,
ASN00082076,19890620,TMAX,135,,,a,
ASN00082076,19890621,TMAX,133,,,a,
ASN00082076,19890622,TMAX,140,,,a,
ASN00082076,19890625,TMAX,95,,,a,
ASN00082076,19890626,TMAX,118,,,a,
ASN00082076,19890627,TMAX,120,,,a,
ASN00082076,19890628,TMAX,126,,,a,
ASN00082076,19890629,TMAX,140,,,a,
ASN00082076,19890630,TMAX,145,,,a,
ASN00082076,19890601,TMIN,-13,,,a,
ASN00082076,19890602,TMIN,11,,,a,
ASN00082076,19890603,TMIN,45,,,a,
ASN00082076,19890604,TMIN,80,,,a,
ASN00082076,19890605,TMIN,80,,,a,
ASN00082076,19890606,TMIN,62,,,a,
ASN00082076,19890607,TMIN,67,,,a,
ASN00082076,19890608,TMIN,80,,,a,
ASN00082076,19890609,TMIN,58,,,a,
ASN00082076,19890610,TMIN,48,,,a,
ASN00082076,19890611,TMIN,50,,,a,
ASN00082076,19890612,TMIN,34,,,a,
ASN00082076,19890613,TMIN,15,,,a,
ASN00082076,19890614,TMIN,27,,,a,
ASN00082076,19890615,TMIN,53,,,a,
ASN00082076,19890616,TMIN,96,,,a,
ASN00082076,19890617,TMIN,95,,,a,
ASN00082076,19890618,TMIN,50,,,a,
ASN00082076,19890619,TMIN,72,,,a,
ASN00082076,19890620,TMIN,86,,,a,
ASN00082076,19890621,TMIN,82,,,a,
ASN00082076,19890622,TMIN,20,,,a,
ASN00082076,19890623,TMIN,-9,,,a,
ASN00082076,19890624,TMIN,-10,,,a,
ASN00082076,19890625,TMIN,-26,,,a,
ASN00082076,19890626,TMIN,-26,,,a,
ASN00082076,19890627,TMIN,-25,,,a,
ASN00082076,19890628,TMIN,-10,,,a,
ASN00082076,19890629,TMIN,-10,,,a,
ASN00082076,19890630,TMIN,15,,,a,
ASN00082076,19890601,PRCP,0,,,a,
ASN00082076,19890602,PRCP,0,,,a,
ASN00082076,19890603,PRCP,2,,,a,
ASN00082076,19890604,PRCP,4,,,a,
ASN00082076,19890605,PRCP,66,,,a,
ASN00082076,19890606,PRCP,40,,,a,
ASN00082076,19890607,PRCP,28,,,a,
ASN00082076,19890608,PRCP,24,,,a,
ASN00082076,19890609,PRCP,2,,,a,
ASN00082076,19890610,PRCP,110,,,a,
ASN00082076,19890611,PRCP,20,,,a,
ASN00082076,19890612,PRCP,0,,,a,
ASN00082076,19890613,PRCP,0,,,a,
ASN00082076,19890614,PRCP,0,,,a,
ASN00082076,19890615,PRCP,2,,,a,
ASN00082076,19890616,PRCP,22,,,a,
ASN00082076,19890617,PRCP,96,,,a,
ASN00082076,19890618,PRCP,120,,,a,
ASN00082076,19890619,PRCP,72,,,a,
ASN00082076,19890620,PRCP,0,,,a,
ASN00082076,19890621,PRCP,0,,,a,
ASN00082076,19890622,PRCP,0,,,a,
ASN00082076,19890623,PRCP,0,,,a,
ASN00082076,19890624,PRCP,0,,,a,
ASN00082076,19890625,PRCP,0,,,a,
ASN00082076,19890626,PRCP,0,,,a,
ASN00082076,19890627,PRCP,0,,,a,
ASN00082076,19890628,PRCP,0,,,a,
ASN00082076,19890629,PRCP,0,,,a,
ASN00082076,19890630,PRCP,20,,,a,
ASN00082076,19890701,TMAX,148,,,a,
ASN00082076,19890702,TMAX,154,,,a,
ASN00082076,19890703,TMAX,127,,,a,
ASN00082076,19890704,TMAX,120,,,a,
ASN00082076,19890705,TMAX,77,,,a,
ASN00082076,19890706,TMAX,68,,,a,
ASN00082076,19890707,TMAX,86,,,a,
ASN00082076,19890708,TMAX,90,,,a,
ASN00082076,19890709,TMAX,108,,,a,
ASN00082076,19890710,TMAX,84,,,a,
ASN00082076,19890711,TMAX,107,,,a,
ASN00082076,19890712,TMAX,113,,,a,
ASN00082076,19890713,TMAX,98,,,a,
ASN00082076,19890714,TMAX,114,,,a,
ASN00082076,19890715,TMAX,115,,,a,
ASN00082076,19890716,TMAX,62,,,a,
ASN00082076,19890717,TMAX,76,,,a,
ASN00082076,19890718,TMAX,114,,,a,
ASN00082076,19890720,TMAX,90,,,a,
ASN00082076,19890721,TMAX,102,,,a,
ASN00082076,19890722,TMAX,95,,,a,
ASN00082076,19890723,TMAX,116,,,a,
ASN00082076,19890724,TMAX,157,,,a,
ASN00082076,19890725,TMAX,166,,,a,
ASN00082076,19890726,TMAX,149,,,a,
ASN00082076,19890727,TMAX,145,,,a,
ASN00082076,19890728,TMAX,130,,,a,
ASN00082076,19890729,TMAX,126,,,a,
ASN00082076,19890730,TMAX,143,,,a,
ASN00082076,19890731,TMAX,82,,,a,
ASN00082076,19890701,TMIN,32,,,a,
ASN00082076,19890702,TMIN,65,,,a,
ASN00082076,19890703,TMIN,54,,,a,
ASN00082076,19890704,TMIN,67,,,a,
ASN00082076,19890705,TMIN,22,,,a,
ASN00082076,19890706,TMIN,37,,,a,
ASN00082076,19890707,TMIN,40,,,a,
ASN00082076,19890708,TMIN,50,,,a,
ASN00082076,19890709,TMIN,60,,,a,
ASN00082076,19890710,TMIN,48,,,a,
ASN00082076,19890711,TMIN,25,,,a,
ASN00082076,19890712,TMIN,-9,,,a,
ASN00082076,19890713,TMIN,-8,,,a,
ASN00082076,19890714,TMIN,-7,,,a,
ASN00082076,19890715,TMIN,-18,,,a,
ASN00082076,19890716,TMIN,-10,,,a,
ASN00082076,19890717,TMIN,-7,,,a,
ASN00082076,19890718,TMIN,26,,,a,
ASN00082076,19890719,TMIN,-13,,,a,
ASN00082076,19890720,TMIN,6,,,a,
ASN00082076,19890721,TMIN,10,,,a,
ASN00082076,19890722,TMIN,-35,,,a,
ASN00082076,19890723,TMIN,-5,,,a,
ASN00082076,19890724,TMIN,46,,,a,
ASN00082076,19890725,TMIN,105,,,a,
ASN00082076,19890726,TMIN,14,,,a,
ASN00082076,19890727,TMIN,27,,,a,
ASN00082076,19890728,TMIN,28,,,a,
ASN00082076,19890729,TMIN,54,,,a,
ASN00082076,19890730,TMIN,88,,,a,
ASN00082076,19890731,TMIN,31,,,a,
ASN00082076,19890701,PRCP,2,,,a,
ASN00082076,19890702,PRCP,80,,,a,
ASN00082076,19890703,PRCP,2,,,a,
ASN00082076,19890704,PRCP,36,,,a,
ASN00082076,19890705,PRCP,2,,,a,
ASN00082076,19890706,PRCP,4,,,a,
ASN00082076,19890707,PRCP,28,,,a,
ASN00082076,19890708,PRCP,28,,,a,
ASN00082076,19890709,PRCP,2,,,a,
ASN00082076,19890710,PRCP,118,,,a,
ASN00082076,19890711,PRCP,98,,,a,
ASN00082076,19890712,PRCP,2,,,a,
ASN00082076,19890713,PRCP,0,,,a,
ASN00082076,19890714,PRCP,0,,,a,
ASN00082076,19890715,PRCP,0,,,a,
ASN00082076,19890716,PRCP,4,,,a,
ASN00082076,19890717,PRCP,12,,,a,
ASN00082076,19890718,PRCP,46,,,a,
ASN00082076,19890719,PRCP,2,,,a,
ASN00082076,19890720,PRCP,4,,,a,
ASN00082076,19890721,PRCP,14,,,a,
ASN00082076,19890722,PRCP,0,,,a,
ASN00082076,19890723,PRCP,0,,,a,
ASN00082076,19890724,PRCP,4,,,a,
ASN00082076,19890725,PRCP,0,,,a,
ASN00082076,19890726,PRCP,0,,,a,
ASN00082076,19890727,PRCP,0,,,a,
ASN00082076,19890728,PRCP,16,,,a,
ASN00082076,19890729,PRCP,192,,,a,
ASN00082076,19890730,PRCP,102,,,a,
ASN00082076,19890731,PRCP,18,,,a,
ASN00082076,19890801,TMAX,103,,,a,
ASN00082076,19890802,TMAX,127,,,a,
ASN00082076,19890803,TMAX,111,,,a,
ASN00082076,19890804,TMAX,110,,,a,
ASN00082076,19890805,TMAX,75,,,a,
ASN00082076,19890806,TMAX,95,,,a,
ASN00082076,19890807,TMAX,66,,,a,
ASN00082076,19890808,TMAX,63,,,a,
ASN00082076,19890809,TMAX,118,,,a,
ASN00082076,19890810,TMAX,112,,,a,
ASN00082076,19890811,TMAX,105,,,a,
ASN00082076,19890812,TMAX,120,,,a,
ASN00082076,19890813,TMAX,141,,,a,
ASN00082076,19890814,TMAX,129,,,a,
ASN00082076,19890815,TMAX,130,,,a,
ASN00082076,19890816,TMAX,131,,,a,
ASN00082076,19890817,TMAX,148,,,a,
ASN00082076,19890818,TMAX,166,,,a,
ASN00082076,19890819,TMAX,135,,,a,
ASN00082076,19890820,TMAX,127,,,a,
ASN00082076,19890821,TMAX,125,,,a,
ASN00082076,19890822,TMAX,97,,,a,
ASN00082076,19890823,TMAX,92,,,a,
ASN00082076,19890824,TMAX,85,,,a,
ASN00082076,19890825,TMAX,114,,,a,
ASN00082076,19890826,TMAX,70,,,a,
ASN00082076,19890827,TMAX,82,,,a,
ASN00082076,19890828,TMAX,95,,,a,
ASN00082076,19890829,TMAX,93,,,a,
ASN00082076,19890830,TMAX,123,,,a,
ASN00082076,19890831,TMAX,116,,,a,
ASN00082076,19890801,TMIN,8,,,a,
ASN00082076,19890802,TMIN,18,,,a,
ASN00082076,19890803,TMIN,12,,,a,
ASN00082076,19890804,TMIN,4,,,a,
ASN00082076,19890805,TMIN,30,,,a,
ASN00082076,19890806,TMIN,46,,,a,
ASN00082076,19890807,TMIN,55,,,a,
ASN00082076,19890808,TMIN,22,,,a,
ASN00082076,19890809,TMIN,37,,,a,
ASN00082076,19890810,TMIN,52,,,a,
ASN00082076,19890811,TMIN,-1,,,a,
ASN00082076,19890812,TMIN,45,,,a,
ASN00082076,19890813,TMIN,20,,,a,
ASN00082076,19890814,TMIN,-8,,,a,
ASN00082076,19890815,TMIN,0,,,a,
ASN00082076,19890816,TMIN,33,,,a,
ASN00082076,19890817,TMIN,28,,,a,
ASN00082076,19890818,TMIN,18,,,a,
ASN00082076,19890819,TMIN,30,,,a,
ASN00082076,19890820,TMIN,55,,,a,
ASN00082076,19890821,TMIN,28,,,a,
ASN00082076,19890822,TMIN,52,,,a,
ASN00082076,19890823,TMIN,52,,,a,
ASN00082076,19890824,TMIN,30,,,a,
ASN00082076,19890825,TMIN,50,,,a,
ASN00082076,19890826,TMIN,40,,,a,
ASN00082076,19890827,TMIN,30,,,a,
ASN00082076,19890828,TMIN,41,,,a,
ASN00082076,19890829,TMIN,43,,,a,
ASN00082076,19890830,TMIN,2,,,a,
ASN00082076,19890831,TMIN,7,,,a,
ASN00082076,19890801,PRCP,120,,,a,
ASN00082076,19890802,PRCP,0,,,a,
ASN00082076,19890803,PRCP,0,,,a,
ASN00082076,19890804,PRCP,0,,,a,
ASN00082076,19890805,PRCP,118,,,a,
ASN00082076,19890806,PRCP,22,,,a,
ASN00082076,19890807,PRCP,8,,,a,
ASN00082076,19890808,PRCP,44,,,a,
ASN00082076,19890809,PRCP,26,,,a,
ASN00082076,19890810,PRCP,46,,,a,
ASN00082076,19890811,PRCP,18,,,a,
ASN00082076,19890812,PRCP,0,,,a,
ASN00082076,19890813,PRCP,0,,,a,
ASN00082076,19890814,PRCP,0,,,a,
ASN00082076,19890815,PRCP,4,,,a,
ASN00082076,19890816,PRCP,0,,,a,
ASN00082076,19890817,PRCP,2,,,a,
ASN00082076,19890818,PRCP,0,,,a,
ASN00082076,19890819,PRCP,0,,,a,
ASN00082076,19890820,PRCP,118,,,a,
ASN00082076,19890821,PRCP,18,,,a,
ASN00082076,19890822,PRCP,10,,,a,
ASN00082076,19890823,PRCP,84,,,a,
ASN00082076,19890824,PRCP,14,,,a,
ASN00082076,19890825,PRCP,14,,,a,
ASN00082076,19890826,PRCP,150,,,a,
ASN00082076,19890827,PRCP,204,,,a,
ASN00082076,19890828,PRCP,38,,,a,
ASN00082076,19890829,PRCP,210,,,a,
ASN00082076,19890830,PRCP,16,,,a,
ASN00082076,19890831,PRCP,2,,,a,
ASN00082076,19890901,TMAX,120,,,a,
ASN00082076,19890902,TMAX,155,,,a,
ASN00082076,19890903,TMAX,175,,,a,
ASN00082076,19890904,TMAX,149,,,a,
ASN00082076,19890905,TMAX,190,,,a,
ASN00082076,19890906,TMAX,172,,,a,
ASN00082076,19890907,TMAX,179,,,a,
ASN00082076,19890908,TMAX,184,,,a,
ASN00082076,19890909,TMAX,168,,,a,
ASN00082076,19890910,TMAX,178,,,a,
ASN00082076,19890911,TMAX,103,,,a,
ASN00082076,19890912,TMAX,138,,,a,
ASN00082076,19890913,TMAX,118,,,a,
ASN00082076,19890914,TMAX,108,,,a,
ASN00082076,19890915,TMAX,118,,,a,
ASN00082076,19890916,TMAX,145,,,a,
ASN00082076,19890917,TMAX,118,,,a,
ASN00082076,19890918,TMAX,161,,,a,
ASN00082076,19890919,TMAX,142,,,a,
ASN00082076,19890920,TMAX,167,,,a,
ASN00082076,19890921,TMAX,184,,,a,
ASN00082076,19890922,TMAX,124,,,a,
ASN00082076,19890923,TMAX,158,,,a,
ASN00082076,19890924,TMAX,186,,,a,
ASN00082076,19890925,TMAX,147,,,a,
ASN00082076,19890926,TMAX,134,,,a,
ASN00082076,19890927,TMAX,182,,,a,
ASN00082076,19890928,TMAX,218,,,a,
ASN00082076,19890929,TMAX,227,,,a,
ASN00082076,19890930,TMAX,185,,,a,
ASN00082076,19890901,TMIN,48,,,a,
ASN00082076,19890902,TMIN,44,,,a,
ASN00082076,19890903,TMIN,28,,,a,
ASN00082076,19890904,TMIN,59,,,a,
ASN00082076,19890905,TMIN,25,,,a,
ASN00082076,19890906,TMIN,4,,,a,
ASN00082076,19890907,TMIN,18,,,a,
ASN00082076,19890908,TMIN,-5,,,a,
ASN00082076,19890909,TMIN,20,,,a,
ASN00082076,19890910,TMIN,32,,,a,
ASN00082076,19890911,TMIN,67,,,a,
ASN00082076,19890912,TMIN,62,,,a,
ASN00082076,19890913,TMIN,57,,,a,
ASN00082076,19890914,TMIN,55,,,a,
ASN00082076,19890915,TMIN,3,,,a,
ASN00082076,19890916,TMIN,26,,,a,
ASN00082076,19890917,TMIN,18,,,a,
ASN00082076,19890918,TMIN,57,,,a,
ASN00082076,19890919,TMIN,64,,,a,
ASN00082076,19890920,TMIN,59,,,a,
ASN00082076,19890921,TMIN,43,,,a,
ASN00082076,19890922,TMIN,45,,,a,
ASN00082076,19890923,TMIN,42,,,a,
ASN00082076,19890924,TMIN,18,,,a,
ASN00082076,19890925,TMIN,42,,,a,
ASN00082076,19890926,TMIN,38,,,a,
ASN00082076,19890927,TMIN,-8,,,a,
ASN00082076,19890928,TMIN,28,,,a,
ASN00082076,19890929,TMIN,59,,,a,
ASN00082076,19890930,TMIN,48,,,a,
ASN00082076,19890901,PRCP,108,,,a,
ASN00082076,19890902,PRCP,10,,,a,
ASN00082076,19890903,PRCP,0,,,a,
ASN00082076,19890904,PRCP,0,,,a,
ASN00082076,19890905,PRCP,0,,,a,
ASN00082076,19890906,PRCP,0,,,a,
ASN00082076,19890907,PRCP,0,,,a,
ASN00082076,19890908,PRCP,0,,,a,
ASN00082076,19890909,PRCP,0,,,a,
ASN00082076,19890910,PRCP,0,,,a,
ASN00082076,19890911,PRCP,116,,,a,
ASN00082076,19890912,PRCP,84,,,a,
ASN00082076,19890913,PRCP,14,,,a,
ASN00082076,19890914,PRCP,16,,,a,
ASN00082076,19890915,PRCP,16,,,a,
ASN00082076,19890916,PRCP,4,,,a,
ASN00082076,19890917,PRCP,0,,,a,
ASN00082076,19890918,PRCP,56,,,a,
ASN00082076,19890919,PRCP,22,,,a,
ASN00082076,19890920,PRCP,64,,,a,
ASN00082076,19890921,PRCP,0,,,a,
ASN00082076,19890922,PRCP,18,,,a,
ASN00082076,19890923,PRCP,40,,,a,
ASN00082076,19890924,PRCP,0,,,a,
ASN00082076,19890925,PRCP,14,,,a,
ASN00082076,19890926,PRCP,104,,,a,
ASN00082076,19890927,PRCP,0,,,a,
ASN00082076,19890928,PRCP,0,,,a,
ASN00082076,19890929,PRCP,0,,,a,
ASN00082076,19890930,PRCP,0,,,a,
ASN00082076,19891001,TMAX,181,,,a,
ASN00082076,19891002,TMAX,140,,,a,
ASN00082076,19891003,TMAX,172,,,a,
ASN00082076,19891004,TMAX,202,,,a,
ASN00082076,19891005,TMAX,148,,,a,
ASN00082076,19891006,TMAX,182,,,a,
ASN00082076,19891007,TMAX,195,,,a,
ASN00082076,19891008,TMAX,132,,,a,
ASN00082076,19891009,TMAX,132,,,a,
ASN00082076,19891010,TMAX,132,,,a,
ASN00082076,19891011,TMAX,169,,,a,
ASN00082076,19891012,TMAX,183,,,a,
ASN00082076,19891013,TMAX,138,,,a,
ASN00082076,19891014,TMAX,144,,,a,
ASN00082076,19891015,TMAX,244,,,a,
ASN00082076,19891016,TMAX,178,,,a,
ASN00082076,19891017,TMAX,224,,,a,
ASN00082076,19891018,TMAX,238,,,a,
ASN00082076,19891019,TMAX,238,,,a,
ASN00082076,19891020,TMAX,130,,,a,
ASN00082076,19891021,TMAX,202,,,a,
ASN00082076,19891022,TMAX,212,,,a,
ASN00082076,19891023,TMAX,232,,,a,
ASN00082076,19891024,TMAX,246,,,a,
ASN00082076,19891026,TMAX,237,,,a,
ASN00082076,19891027,TMAX,124,,,a,
ASN00082076,19891028,TMAX,175,,,a,
ASN00082076,19891029,TMAX,209,,,a,
ASN00082076,19891030,TMAX,218,,,a,
ASN00082076,19891031,TMAX,158,,,a,
ASN00082076,19891001,TMIN,65,,,a,
ASN00082076,19891002,TMIN,-7,,,a,
ASN00082076,19891003,TMIN,28,,,a,
ASN00082076,19891004,TMIN,26,,,a,
ASN00082076,19891005,TMIN,44,,,a,
ASN00082076,19891006,TMIN,80,,,a,
ASN00082076,19891007,TMIN,18,,,a,
ASN00082076,19891008,TMIN,76,,,a,
ASN00082076,19891009,TMIN,74,,,a,
ASN00082076,19891010,TMIN,74,,,a,
ASN00082076,19891011,TMIN,47,,,a,
ASN00082076,19891012,TMIN,72,,,a,
ASN00082076,19891013,TMIN,81,,,a,
ASN00082076,19891014,TMIN,85,,,a,
ASN00082076,19891015,TMIN,6,,,a,
ASN00082076,19891016,TMIN,38,,,a,
ASN00082076,19891017,TMIN,79,,,a,
ASN00082076,19891018,TMIN,82,,,a,
ASN00082076,19891019,TMIN,78,,,a,
ASN00082076,19891020,TMIN,83,,,a,
ASN00082076,19891021,TMIN,48,,,a,
ASN00082076,19891022,TMIN,48,,,a,
ASN00082076,19891023,TMIN,73,,,a,
ASN00082076,19891024,TMIN,80,,,a,
ASN00082076,19891025,TMIN,130,,,a,
ASN00082076,19891027,TMIN,73,,,a,
ASN00082076,19891028,TMIN,30,,,a,
ASN00082076,19891029,TMIN,58,,,a,
ASN00082076,19891030,TMIN,38,,,a,
ASN00082076,19891031,TMIN,78,,,a,
ASN00082076,19891001,PRCP,4,,,a,
ASN00082076,19891002,PRCP,2,,,a,
ASN00082076,19891003,PRCP,0,,,a,
ASN00082076,19891004,PRCP,2,,,a,
ASN00082076,19891005,PRCP,0,,,a,
ASN00082076,19891006,PRCP,58,,,a,
ASN00082076,19891007,PRCP,0,,,a,
ASN00082076,19891008,PRCP,172,,,a,
ASN00082076,19891009,PRCP,4,,,a,
ASN00082076,19891010,PRCP,30,,,a,
ASN00082076,19891011,PRCP,38,,,a,
ASN00082076,19891012,PRCP,0,,,a,
ASN00082076,19891013,PRCP,64,,,a,
ASN00082076,19891014,PRCP,146,,,a,
ASN00082076,19891015,PRCP,0,,,a,
ASN00082076,19891016,PRCP,88,,,a,
ASN00082076,19891017,PRCP,0,,,a,
ASN00082076,19891018,PRCP,4,,,a,
ASN00082076,19891019,PRCP,0,,,a,
ASN00082076,19891020,PRCP,88,,,a,
ASN00082076,19891021,PRCP,14,,,a,
ASN00082076,19891022,PRCP,0,,,a,
ASN00082076,19891023,PRCP,0,,,a,
ASN00082076,19891024,PRCP,0,,,a,
ASN00082076,19891025,PRCP,74,,,a,
ASN00082076,19891026,PRCP,128,,,a,
ASN00082076,19891027,PRCP,174,,,a,
ASN00082076,19891028,PRCP,18,,,a,
ASN00082076,19891029,PRCP,0,,,a,
ASN00082076,19891030,PRCP,0,,,a,
ASN00082076,19891031,PRCP,112,,,a,
ASN00082076,19891101,TMAX,176,,,a,
ASN00082076,19891102,TMAX,215,,,a,
ASN00082076,19891103,TMAX,234,,,a,
ASN00082076,19891104,TMAX,228,,,a,
ASN00082076,19891105,TMAX,232,,,a,
ASN00082076,19891106,TMAX,171,,,a,
ASN00082076,19891107,TMAX,163,,,a,
ASN00082076,19891108,TMAX,195,,,a,
ASN00082076,19891109,TMAX,197,,,a,
ASN00082076,19891110,TMAX,204,,,a,
ASN00082076,19891111,TMAX,213,,,a,
ASN00082076,19891112,TMAX,240,,,a,
ASN00082076,19891113,TMAX,249,,,a,
ASN00082076,19891114,TMAX,261,,,a,
ASN00082076,19891115,TMAX,263,,,a,
ASN00082076,19891116,TMAX,264,,,a,
ASN00082076,19891117,TMAX,218,,,a,
ASN00082076,19891118,TMAX,205,,,a,
ASN00082076,19891119,TMAX,210,,,a,
ASN00082076,19891120,TMAX,238,,,a,
ASN00082076,19891121,TMAX,256,,,a,
ASN00082076,19891122,TMAX,279,,,a,
ASN00082076,19891123,TMAX,306,,,a,
ASN00082076,19891124,TMAX,316,,,a,
ASN00082076,19891125,TMAX,255,,,a,
ASN00082076,19891126,TMAX,259,,,a,
ASN00082076,19891127,TMAX,279,,,a,
ASN00082076,19891128,TMAX,284,,,a,
ASN00082076,19891129,TMAX,300,,,a,
ASN00082076,19891130,TMAX,274,,,a,
ASN00082076,19891101,TMIN,27,,,a,
ASN00082076,19891102,TMIN,50,,,a,
ASN00082076,19891103,TMIN,79,,,a,
ASN00082076,19891104,TMIN,75,,,a,
ASN00082076,19891105,TMIN,85,,,a,
ASN00082076,19891106,TMIN,21,,,a,
ASN00082076,19891107,TMIN,110,,,a,
ASN00082076,19891108,TMIN,77,,,a,
ASN00082076,19891109,TMIN,55,,,a,
ASN00082076,19891110,TMIN,97,,,a,
ASN00082076,19891111,TMIN,108,,,a,
ASN00082076,19891112,TMIN,85,,,a,
ASN00082076,19891113,TMIN,82,,,a,
ASN00082076,19891114,TMIN,103,,,a,
ASN00082076,19891115,TMIN,127,,,a,
ASN00082076,19891116,TMIN,158,,,a,
ASN00082076,19891117,TMIN,122,,,a,
ASN00082076,19891118,TMIN,125,,,a,
ASN00082076,19891119,TMIN,110,,,a,
ASN00082076,19891120,TMIN,98,,,a,
ASN00082076,19891121,TMIN,92,,,a,
ASN00082076,19891122,TMIN,123,,,a,
ASN00082076,19891123,TMIN,113,,,a,
ASN00082076,19891124,TMIN,135,,,a,
ASN00082076,19891125,TMIN,166,,,a,
ASN00082076,19891126,TMIN,160,,,a,
ASN00082076,19891127,TMIN,149,,,a,
ASN00082076,19891128,TMIN,115,,,a,
ASN00082076,19891129,TMIN,112,,,a,
ASN00082076,19891130,TMIN,152,,,a,
ASN00082076,19891101,PRCP,72,,,a,
ASN00082076,19891102,PRCP,0,,,a,
ASN00082076,19891103,PRCP,0,,,a,
ASN00082076,19891104,PRCP,40,,,a,
ASN00082076,19891105,PRCP,0,,,a,
ASN00082076,19891106,PRCP,80,,,a,
ASN00082076,19891107,PRCP,218,,,a,
ASN00082076,19891108,PRCP,0,,,a,
ASN00082076,19891109,PRCP,0,,,a,
ASN00082076,19891110,PRCP,0,,,a,
ASN00082076,19891111,PRCP,30,,,a,
ASN00082076,19891112,PRCP,0,,,a,
ASN00082076,19891113,PRCP,0,,,a,
ASN00082076,19891114,PRCP,0,,,a,
ASN00082076,19891115,PRCP,2,,,a,
ASN00082076,19891116,PRCP,0,,,a,
ASN00082076,19891117,PRCP,106,,,a,
ASN00082076,19891118,PRCP,78,,,a,
ASN00082076,19891119,PRCP,22,,,a,
ASN00082076,19891120,PRCP,0,,,a,
ASN00082076,19891121,PRCP,0,,,a,
ASN00082076,19891122,PRCP,0,,,a,
ASN00082076,19891123,PRCP,0,,,a,
ASN00082076,19891124,PRCP,0,,,a,
ASN00082076,19891125,PRCP,0,,,a,
ASN00082076,19891126,PRCP,0,,,a,
ASN00082076,19891127,PRCP,0,,,a,
ASN00082076,19891128,PRCP,0,,,a,
ASN00082076,19891129,PRCP,0,,,a,
ASN00082076,19891130,PRCP,0,,,a,
ASN00082076,19891201,TMAX,304,,,a,
ASN00082076,19891202,TMAX,240,,,a,
ASN00082076,19891203,TMAX,236,,,a,
ASN00082076,19891204,TMAX,237,,,a,
ASN00082076,19891205,TMAX,258,,,a,
ASN00082076,19891206,TMAX,267,,,a,
ASN00082076,19891207,TMAX,277,,,a,
ASN00082076,19891208,TMAX,280,,,a,
ASN00082076,19891209,TMAX,225,,,a,
ASN00082076,19891210,TMAX,274,,,a,
ASN00082076,19891211,TMAX,317,,,a,
ASN00082076,19891212,TMAX,257,,,a,
ASN00082076,19891213,TMAX,178,,,a,
ASN00082076,19891214,TMAX,184,,,a,
ASN00082076,19891215,TMAX,218,,,a,
ASN00082076,19891216,TMAX,245,,,a,
ASN00082076,19891217,TMAX,288,,,a,
ASN00082076,19891218,TMAX,314,,,a,
ASN00082076,19891219,TMAX,278,,,a,
ASN00082076,19891220,TMAX,246,,,a,
ASN00082076,19891221,TMAX,247,,,a,
ASN00082076,19891222,TMAX,254,,,a,
ASN00082076,19891223,TMAX,288,,,a,
ASN00082076,19891224,TMAX,308,,,a,
ASN00082076,19891225,TMAX,322,,,a,
ASN00082076,19891226,TMAX,215,,,a,
ASN00082076,19891227,TMAX,174,,,a,
ASN00082076,19891228,TMAX,225,,,a,
ASN00082076,19891229,TMAX,274,,,a,
ASN00082076,19891230,TMAX,325,,,a,
ASN00082076,19891231,TMAX,260,,,a,
ASN00082076,19891201,TMIN,126,,,a,
ASN00082076,19891202,TMIN,190,,,a,
ASN00082076,19891203,TMIN,75,,,a,
ASN00082076,19891204,TMIN,128,,,a,
ASN00082076,19891205,TMIN,118,,,a,
ASN00082076,19891206,TMIN,97,,,a,
ASN00082076,19891207,TMIN,106,,,a,
ASN00082076,19891208,TMIN,118,,,a,
ASN00082076,19891209,TMIN,145,,,a,
ASN00082076,19891210,TMIN,105,,,a,
ASN00082076,19891211,TMIN,145,,,a,
ASN00082076,19891212,TMIN,102,,,a,
ASN00082076,19891213,TMIN,82,,,a,
ASN00082076,19891214,TMIN,114,,,a,
ASN00082076,19891215,TMIN,63,,,a,
ASN00082076,19891216,TMIN,125,,,a,
ASN00082076,19891217,TMIN,94,,,a,
ASN00082076,19891218,TMIN,108,,,a,
ASN00082076,19891219,TMIN,163,,,a,
ASN00082076,19891220,TMIN,128,,,a,
ASN00082076,19891221,TMIN,114,,,a,
ASN00082076,19891222,TMIN,107,,,a,
ASN00082076,19891223,TMIN,118,,,a,
ASN00082076,19891224,TMIN,140,,,a,
ASN00082076,19891225,TMIN,115,,,a,
ASN00082076,19891226,TMIN,160,,,a,
ASN00082076,19891227,TMIN,125,,,a,
ASN00082076,19891228,TMIN,90,,,a,
ASN00082076,19891229,TMIN,115,,,a,
ASN00082076,19891230,TMIN,125,,,a,
ASN00082076,19891231,TMIN,124,,,a,
ASN00082076,19891201,PRCP,0,,,a,
ASN00082076,19891202,PRCP,46,,,a,
ASN00082076,19891203,PRCP,34,,,a,
ASN00082076,19891204,PRCP,0,,,a,
ASN00082076,19891205,PRCP,0,,,a,
ASN00082076,19891206,PRCP,0,,,a,
ASN00082076,19891207,PRCP,22,,,a,
ASN00082076,19891208,PRCP,0,,,a,
ASN00082076,19891209,PRCP,16,,,a,
ASN00082076,19891210,PRCP,4,,,a,
ASN00082076,19891211,PRCP,0,,,a,
ASN00082076,19891212,PRCP,0,,,a,
ASN00082076,19891213,PRCP,2,,,a,
ASN00082076,19891214,PRCP,156,,,a,
ASN00082076,19891215,PRCP,8,,,a,
ASN00082076,19891216,PRCP,0,,,a,
ASN00082076,19891217,PRCP,0,,,a,
ASN00082076,19891218,PRCP,0,,,a,
ASN00082076,19891219,PRCP,0,,,a,
ASN00082076,19891220,PRCP,26,,,a,
ASN00082076,19891221,PRCP,0,,,a,
ASN00082076,19891222,PRCP,0,,,a,
ASN00082076,19891223,PRCP,0,,,a,
ASN00082076,19891224,PRCP,0,,,a,
ASN00082076,19891225,PRCP,0,,,a,
ASN00082076,19891226,PRCP,88,,,a,
ASN00082076,19891227,PRCP,0,,,a,
ASN00082076,19891228,PRCP,24,,,a,
ASN00082076,19891229,PRCP,0,,,a,
ASN00082076,19891230,PRCP,0,,,a,
ASN00082076,19891231,PRCP,0,,,a,
ASN00082076,19900101,TMAX,342,,,a,
ASN00082076,19900102,TMAX,318,,,a,
ASN00082076,19900103,TMAX,387,,,a,
ASN00082076,19900104,TMAX,268,,,a,
ASN00082076,19900105,TMAX,218,,,a,
ASN00082076,19900106,TMAX,312,,,a,
ASN00082076,19900107,TMAX,223,,,a,
ASN00082076,19900108,TMAX,181,,,a,
ASN00082076,19900109,TMAX,214,,,a,
ASN00082076,19900110,TMAX,260,,,a,
ASN00082076,19900111,TMAX,310,,,a,
ASN00082076,19900112,TMAX,342,,,a,
ASN00082076,19900113,TMAX,305,,,a,
ASN00082076,19900114,TMAX,267,,,a,
ASN00082076,19900115,TMAX,257,,,a,
ASN00082076,19900116,TMAX,190,,,a,
ASN00082076,19900117,TMAX,257,,,a,
ASN00082076,19900118,TMAX,278,,,a,
ASN00082076,19900119,TMAX,265,,,a,
ASN00082076,19900120,TMAX,292,,,a,
ASN00082076,19900121,TMAX,275,,,a,
ASN00082076,19900122,TMAX,304,,,a,
ASN00082076,19900123,TMAX,332,,,a,
ASN00082076,19900124,TMAX,339,,,a,
ASN00082076,19900125,TMAX,334,,,a,
ASN00082076,19900126,TMAX,325,,,a,
ASN00082076,19900127,TMAX,354,,,a,
ASN00082076,19900128,TMAX,254,,,a,
ASN00082076,19900129,TMAX,282,,,a,
ASN00082076,19900130,TMAX,306,,,a,
ASN00082076,19900131,TMAX,344,,,a,
ASN00082076,19900101,TMIN,118,,,a,
ASN00082076,19900102,TMIN,135,,,a,
ASN00082076,19900103,TMIN,140,,,a,
ASN00082076,19900104,TMIN,148,,,a,
ASN00082076,19900105,TMIN,143,,,a,
ASN00082076,19900106,TMIN,116,,,a,
ASN00082076,19900107,TMIN,142,,,a,
ASN00082076,19900108,TMIN,171,,,a,
ASN00082076,19900109,TMIN,150,,,a,
ASN00082076,19900110,TMIN,137,,,a,
ASN00082076,19900111,TMIN,172,,,a,
ASN00082076,19900112,TMIN,174,,,a,
ASN00082076,19900113,TMIN,180,,,a,
ASN00082076,19900114,TMIN,150,,,a,
ASN00082076,19900115,TMIN,142,,,a,
ASN00082076,19900116,TMIN,103,,,a,
ASN00082076,19900117,TMIN,68,,,a,
ASN00082076,19900118,TMIN,117,,,a,
ASN00082076,19900119,TMIN,145,,,a,
ASN00082076,19900120,TMIN,156,,,a,
ASN00082076,19900121,TMIN,155,,,a,
ASN00082076,19900122,TMIN,149,,,a,
ASN00082076,19900123,TMIN,130,,,a,
ASN00082076,19900124,TMIN,126,,,a,
ASN00082076,19900125,TMIN,187,,,a,
ASN00082076,19900126,TMIN,161,,,a,
ASN00082076,19900127,TMIN,152,,,a,
ASN00082076,19900128,TMIN,190,,,a,
ASN00082076,19900129,TMIN,128,,,a,
ASN00082076,19900130,TMIN,130,,,a,
ASN00082076,19900131,TMIN,139,,,a,
ASN00082076,19900101,PRCP,0,,,a,
ASN00082076,19900102,PRCP,0,,,a,
ASN00082076,19900103,PRCP,0,,,a,
ASN00082076,19900104,PRCP,0,,,a,
ASN00082076,19900105,PRCP,0,,,a,
ASN00082076,19900106,PRCP,16,,,a,
ASN00082076,19900107,PRCP,0,,,a,
ASN00082076,19900108,PRCP,0,,,a,
ASN00082076,19900109,PRCP,134,,,a,
ASN00082076,19900110,PRCP,0,,,a,
ASN00082076,19900111,PRCP,0,,,a,
ASN00082076,19900112,PRCP,0,,,a,
ASN00082076,19900113,PRCP,112,,,a,
ASN00082076,19900114,PRCP,0,,,a,
ASN00082076,19900115,PRCP,0,,,a,
ASN00082076,19900116,PRCP,0,,,a,
ASN00082076,19900117,PRCP,0,,,a,
ASN00082076,19900118,PRCP,2,,,a,
ASN00082076,19900119,PRCP,84,,,a,
ASN00082076,19900120,PRCP,46,,,a,
ASN00082076,19900121,PRCP,0,,,a,
ASN00082076,19900122,PRCP,0,,,a,
ASN00082076,19900123,PRCP,0,,,a,
ASN00082076,19900124,PRCP,0,,,a,
ASN00082076,19900125,PRCP,0,,,a,
ASN00082076,19900126,PRCP,0,,,a,
ASN00082076,19900127,PRCP,0,,,a,
ASN00082076,19900128,PRCP,0,,,a,
ASN00082076,19900129,PRCP,0,,,a,
ASN00082076,19900130,PRCP,0,,,a,
ASN00082076,19900131,PRCP,0,,,a,
ASN00082076,19900201,TMAX,228,,,a,
ASN00082076,19900202,TMAX,212,,,a,
ASN00082076,19900203,TMAX,228,,,a,
ASN00082076,19900204,TMAX,226,,,a,
ASN00082076,19900205,TMAX,243,,,a,
ASN00082076,19900206,TMAX,276,,,a,
ASN00082076,19900207,TMAX,278,,,a,
ASN00082076,19900208,TMAX,291,,,a,
ASN00082076,19900209,TMAX,265,,,a,
ASN00082076,19900210,TMAX,255,,,a,
ASN00082076,19900211,TMAX,233,,,a,
ASN00082076,19900212,TMAX,244,,,a,
ASN00082076,19900213,TMAX,256,,,a,
ASN00082076,19900214,TMAX,281,,,a,
ASN00082076,19900215,TMAX,308,,,a,
ASN00082076,19900216,TMAX,310,,,a,
ASN00082076,19900217,TMAX,222,,,a,
ASN00082076,19900218,TMAX,275,,,a,
ASN00082076,19900219,TMAX,293,,,a,
ASN00082076,19900220,TMAX,307,,,a,
ASN00082076,19900221,TMAX,321,,,a,
ASN00082076,19900222,TMAX,279,,,a,
ASN00082076,19900223,TMAX,300,,,a,
ASN00082076,19900224,TMAX,306,,,a,
ASN00082076,19900225,TMAX,310,,,a,
ASN00082076,19900226,TMAX,310,,,a,
ASN00082076,19900227,TMAX,286,,,a,
ASN00082076,19900228,TMAX,237,,,a,
ASN00082076,19900201,TMIN,165,,,a,
ASN00082076,19900202,TMIN,107,,,a,
ASN00082076,19900203,TMIN,140,,,a,
ASN00082076,19900204,TMIN,170,,,a,
ASN00082076,19900205,TMIN,158,,,a,
ASN00082076,19900206,TMIN,100,,,a,
ASN00082076,19900207,TMIN,159,,,a,
ASN00082076,19900208,TMIN,118,,,a,
ASN00082076,19900209,TMIN,111,,,a,
ASN00082076,19900210,TMIN,100,,,a,
ASN00082076,19900211,TMIN,152,,,a,
ASN00082076,19900212,TMIN,152,,,a,
ASN00082076,19900213,TMIN,146,,,a,
ASN00082076,19900214,TMIN,117,,,a,
ASN00082076,19900215,TMIN,153,,,a,
ASN00082076,19900216,TMIN,132,,,a,
ASN00082076,19900217,TMIN,176,,,a,
ASN00082076,19900218,TMIN,145,,,a,
ASN00082076,19900219,TMIN,104,,,a,
ASN00082076,19900220,TMIN,112,,,a,
ASN00082076,19900221,TMIN,149,,,a,
ASN00082076,19900222,TMIN,162,,,a,
ASN00082076,19900223,TMIN,140,,,a,
ASN00082076,19900224,TMIN,145,,,a,
ASN00082076,19900225,TMIN,138,,,a,
ASN00082076,19900226,TMIN,182,,,a,
ASN00082076,19900227,TMIN,147,,,a,
ASN00082076,19900228,TMIN,163,,,a,
ASN00082076,19900201,PRCP,0,,,a,
ASN00082076,19900202,PRCP,2,,,a,
ASN00082076,19900203,PRCP,0,,,a,
ASN00082076,19900204,PRCP,2,,,a,
ASN00082076,19900205,PRCP,0,,,a,
ASN00082076,19900206,PRCP,0,,,a,
ASN00082076,19900207,PRCP,0,,,a,
ASN00082076,19900208,PRCP,20,,,a,
ASN00082076,19900209,PRCP,144,,,a,
ASN00082076,19900210,PRCP,162,,,a,
ASN00082076,19900211,PRCP,0,,,a,
ASN00082076,19900212,PRCP,0,,,a,
ASN00082076,19900213,PRCP,0,,,a,
ASN00082076,19900214,PRCP,0,,,a,
ASN00082076,19900215,PRCP,0,,,a,
ASN00082076,19900216,PRCP,0,,,a,
ASN00082076,19900217,PRCP,0,,,a,
ASN00082076,19900218,PRCP,80,,,a,
ASN00082076,19900219,PRCP,0,,,a,
ASN00082076,19900220,PRCP,0,,,a,
ASN00082076,19900221,PRCP,0,,,a,
ASN00082076,19900222,PRCP,12,,,a,
ASN00082076,19900223,PRCP,50,,,a,
ASN00082076,19900224,PRCP,0,,,a,
ASN00082076,19900225,PRCP,0,,,a,
ASN00082076,19900226,PRCP,0,,,a,
ASN00082076,19900227,PRCP,0,,,a,
ASN00082076,19900228,PRCP,0,,,a,
ASN00082076,19900301,TMAX,268,,,a,
ASN00082076,19900302,TMAX,310,,,a,
ASN00082076,19900303,TMAX,318,,,a,
ASN00082076,19900304,TMAX,326,,,a,
ASN00082076,19900305,TMAX,313,,,a,
ASN00082076,19900306,TMAX,258,,,a,
ASN00082076,19900307,TMAX,221,,,a,
ASN00082076,19900308,TMAX,262,,,a,
ASN00082076,19900309,TMAX,300,,,a,
ASN00082076,19900310,TMAX,295,,,a,
ASN00082076,19900311,TMAX,225,,,a,
ASN00082076,19900312,TMAX,204,,,a,
ASN00082076,19900313,TMAX,255,,,a,
ASN00082076,19900314,TMAX,267,,,a,
ASN00082076,19900315,TMAX,259,,,a,
ASN00082076,19900316,TMAX,275,,,a,
ASN00082076,19900317,TMAX,286,,,a,
ASN00082076,19900318,TMAX,241,,,a,
ASN00082076,19900319,TMAX,252,,,a,
ASN00082076,19900320,TMAX,272,,,a,
ASN00082076,19900321,TMAX,275,,,a,
ASN00082076,19900322,TMAX,275,,,a,
ASN00082076,19900323,TMAX,280,,,a,
ASN00082076,19900324,TMAX,305,,,a,
ASN00082076,19900325,TMAX,294,,,a,
ASN00082076,19900326,TMAX,288,,,a,
ASN00082076,19900327,TMAX,268,,,a,
ASN00082076,19900328,TMAX,217,,,a,
ASN00082076,19900329,TMAX,255,,,a,
ASN00082076,19900330,TMAX,258,,,a,
ASN00082076,19900331,TMAX,255,,,a,
ASN00082076,19900301,TMIN,165,,,a,
ASN00082076,19900302,TMIN,144,,,a,
ASN00082076,19900303,TMIN,165,,,a,
ASN00082076,19900304,TMIN,174,,,a,
ASN00082076,19900305,TMIN,184,,,a,
ASN00082076,19900306,TMIN,155,,,a,
ASN00082076,19900307,TMIN,121,,,a,
ASN00082076,19900308,TMIN,65,,,a,
ASN00082076,19900309,TMIN,72,,,a,
ASN00082076,19900310,TMIN,85,,,a,
ASN00082076,19900311,TMIN,135,,,a,
ASN00082076,19900312,TMIN,102,,,a,
ASN00082076,19900313,TMIN,107,,,a,
ASN00082076,19900314,TMIN,55,,,a,
ASN00082076,19900315,TMIN,103,,,a,
ASN00082076,19900316,TMIN,132,,,a,
ASN00082076,19900317,TMIN,106,,,a,
ASN00082076,19900318,TMIN,128,,,a,
ASN00082076,19900319,TMIN,118,,,a,
ASN00082076,19900320,TMIN,79,,,a,
ASN00082076,19900321,TMIN,98,,,a,
ASN00082076,19900322,TMIN,107,,,a,
ASN00082076,19900323,TMIN,87,,,a,
ASN00082076,19900324,TMIN,94,,,a,
ASN00082076,19900325,TMIN,120,,,a,
ASN00082076,19900326,TMIN,110,,,a,
ASN00082076,19900327,TMIN,102,,,a,
ASN00082076,19900328,TMIN,147,,,a,
ASN00082076,19900329,TMIN,98,,,a,
ASN00082076,19900330,TMIN,97,,,a,
ASN00082076,19900331,TMIN,102,,,a,
ASN00082076,19900301,PRCP,10,,,a,
ASN00082076,19900302,PRCP,18,,,a,
ASN00082076,19900303,PRCP,0,,,a,
ASN00082076,19900304,PRCP,0,,,a,
ASN00082076,19900305,PRCP,32,,,a,
ASN00082076,19900306,PRCP,0,,,a,
ASN00082076,19900307,PRCP,0,,,a,
ASN00082076,19900308,PRCP,0,,,a,
ASN00082076,19900309,PRCP,0,,,a,
ASN00082076,19900310,PRCP,0,,,a,
ASN00082076,19900311,PRCP,0,,,a,
ASN00082076,19900312,PRCP,0,,,a,
ASN00082076,19900313,PRCP,0,,,a,
ASN00082076,19900314,PRCP,0,,,a,
ASN00082076,19900315,PRCP,30,,,a,
ASN00082076,19900316,PRCP,0,,,a,
ASN00082076,19900317,PRCP,0,,,a,
ASN00082076,19900318,PRCP,2,,,a,
ASN00082076,19900319,PRCP,0,,,a,
ASN00082076,19900320,PRCP,0,,,a,
ASN00082076,19900321,PRCP,0,,,a,
ASN00082076,19900322,PRCP,0,,,a,
ASN00082076,19900323,PRCP,0,,,a,
ASN00082076,19900324,PRCP,0,,,a,
ASN00082076,19900325,PRCP,0,,,a,
ASN00082076,19900326,PRCP,0,,,a,
ASN00082076,19900327,PRCP,0,,,a,
ASN00082076,19900328,PRCP,146,,,a,
ASN00082076,19900329,PRCP,0,,,a,
ASN00082076,19900330,PRCP,0,,,a,
ASN00082076,19900331,PRCP,0,,,a,
ASN00082076,19900401,TMAX,255,,,a,
ASN00082076,19900402,TMAX,238,,,a,
ASN00082076,19900403,TMAX,254,,,a,
ASN00082076,19900404,TMAX,268,,,a,
ASN00082076,19900405,TMAX,221,,,a,
ASN00082076,19900406,TMAX,272,,,a,
ASN00082076,19900407,TMAX,272,,,a,
ASN00082076,19900408,TMAX,240,,,a,
ASN00082076,19900409,TMAX,255,,,a,
ASN00082076,19900410,TMAX,206,,,a,
ASN00082076,19900411,TMAX,196,,,a,
ASN00082076,19900412,TMAX,222,,,a,
ASN00082076,19900413,TMAX,245,,,a,
ASN00082076,19900414,TMAX,214,,,a,
ASN00082076,19900415,TMAX,192,,,a,
ASN00082076,19900416,TMAX,198,,,a,
ASN00082076,19900417,TMAX,218,,,a,
ASN00082076,19900418,TMAX,199,,,a,
ASN00082076,19900419,TMAX,194,,,a,
ASN00082076,19900420,TMAX,192,,,a,
ASN00082076,19900421,TMAX,168,,,a,
ASN00082076,19900422,TMAX,192,,,a,
ASN00082076,19900423,TMAX,202,,,a,
ASN00082076,19900424,TMAX,178,,,a,
ASN00082076,19900425,TMAX,163,,,a,
ASN00082076,19900426,TMAX,149,,,a,
ASN00082076,19900427,TMAX,162,,,a,
ASN00082076,19900428,TMAX,156,,,a,
ASN00082076,19900429,TMAX,164,,,a,
ASN00082076,19900430,TMAX,137,,,a,
ASN00082076,19900401,TMIN,110,,,a,
ASN00082076,19900402,TMIN,146,,,a,
ASN00082076,19900403,TMIN,110,,,a,
ASN00082076,19900404,TMIN,93,,,a,
ASN00082076,19900405,TMIN,105,,,a,
ASN00082076,19900406,TMIN,142,,,a,
ASN00082076,19900407,TMIN,142,,,a,
ASN00082076,19900408,TMIN,132,,,a,
ASN00082076,19900409,TMIN,154,,,a,
ASN00082076,19900410,TMIN,127,,,a,
ASN00082076,19900411,TMIN,156,,,a,
ASN00082076,19900412,TMIN,162,,,a,
ASN00082076,19900413,TMIN,120,,,a,
ASN00082076,19900414,TMIN,160,,,a,
ASN00082076,19900415,TMIN,68,,,a,
ASN00082076,19900416,TMIN,65,,,a,
ASN00082076,19900417,TMIN,88,,,a,
ASN00082076,19900418,TMIN,87,,,a,
ASN00082076,19900419,TMIN,103,,,a,
ASN00082076,19900420,TMIN,150,,,a,
ASN00082076,19900421,TMIN,140,,,a,
ASN00082076,19900422,TMIN,125,,,a,
ASN00082076,19900423,TMIN,71,,,a,
ASN00082076,19900424,TMIN,100,,,a,
ASN00082076,19900425,TMIN,95,,,a,
ASN00082076,19900426,TMIN,81,,,a,
ASN00082076,19900427,TMIN,64,,,a,
ASN00082076,19900428,TMIN,32,,,a,
ASN00082076,19900429,TMIN,72,,,a,
ASN00082076,19900430,TMIN,50,,,a,
ASN00082076,19900401,PRCP,0,,,a,
ASN00082076,19900402,PRCP,0,,,a,
ASN00082076,19900403,PRCP,0,,,a,
ASN00082076,19900404,PRCP,0,,,a,
ASN00082076,19900405,PRCP,0,,,a,
ASN00082076,19900406,PRCP,0,,,a,
ASN00082076,19900407,PRCP,0,,,a,
ASN00082076,19900408,PRCP,0,,,a,
ASN00082076,19900409,PRCP,0,,,a,
ASN00082076,19900410,PRCP,0,,,a,
ASN00082076,19900411,PRCP,124,,,a,
ASN00082076,19900412,PRCP,188,,,a,
ASN00082076,19900413,PRCP,12,,,a,
ASN00082076,19900414,PRCP,570,,,a,
ASN00082076,19900415,PRCP,4,,,a,
ASN00082076,19900416,PRCP,0,,,a,
ASN00082076,19900417,PRCP,0,,,a,
ASN00082076,19900418,PRCP,0,,,a,
ASN00082076,19900419,PRCP,2,,,a,
ASN00082076,19900420,PRCP,4,,,a,
ASN00082076,19900421,PRCP,466,,,a,
ASN00082076,19900422,PRCP,66,,,a,
ASN00082076,19900423,PRCP,2,,,a,
ASN00082076,19900424,PRCP,10,,,a,
ASN00082076,19900425,PRCP,0,,,a,
ASN00082076,19900426,PRCP,78,,,a,
ASN00082076,19900427,PRCP,14,,,a,
ASN00082076,19900428,PRCP,0,,,a,
ASN00082076,19900429,PRCP,14,,,a,
ASN00082076,19900430,PRCP,64,,,a,
ASN00082076,19900501,TMAX,197,,,a,
ASN00082076,19900502,TMAX,203,,,a,
ASN00082076,19900503,TMAX,187,,,a,
ASN00082076,19900504,TMAX,200,,,a,
ASN00082076,19900505,TMAX,215,,,a,
ASN00082076,19900506,TMAX,196,,,a,
ASN00082076,19900507,TMAX,175,,,a,
ASN00082076,19900508,TMAX,172,,,a,
ASN00082076,19900509,TMAX,180,,,a,
ASN00082076,19900510,TMAX,170,,,a,
ASN00082076,19900511,TMAX,205,,,a,
ASN00082076,19900512,TMAX,188,,,a,
ASN00082076,19900513,TMAX,150,,,a,
ASN00082076,19900514,TMAX,135,,,a,
ASN00082076,19900515,TMAX,155,,,a,
ASN00082076,19900516,TMAX,159,,,a,
ASN00082076,19900517,TMAX,158,,,a,
ASN00082076,19900518,TMAX,132,,,a,
ASN00082076,19900519,TMAX,147,,,a,
ASN00082076,19900520,TMAX,117,,,a,
ASN00082076,19900521,TMAX,135,,,a,
ASN00082076,19900522,TMAX,140,,,a,
ASN00082076,19900523,TMAX,134,,,a,
ASN00082076,19900524,TMAX,138,,,a,
ASN00082076,19900525,TMAX,158,,,a,
ASN00082076,19900526,TMAX,122,,,a,
ASN00082076,19900527,TMAX,166,,,a,
ASN00082076,19900528,TMAX,168,,,a,
ASN00082076,19900529,TMAX,170,,,a,
ASN00082076,19900530,TMAX,158,,,a,
ASN00082076,19900531,TMAX,146,,,a,
ASN00082076,19900501,TMIN,86,,,a,
ASN00082076,19900502,TMIN,68,,,a,
ASN00082076,19900503,TMIN,42,,,a,
ASN00082076,19900504,TMIN,47,,,a,
ASN00082076,19900505,TMIN,66,,,a,
ASN00082076,19900506,TMIN,86,,,a,
ASN00082076,19900507,TMIN,50,,,a,
ASN00082076,19900508,TMIN,45,,,a,
ASN00082076,19900509,TMIN,77,,,a,
ASN00082076,19900510,TMIN,65,,,a,
ASN00082076,19900511,TMIN,85,,,a,
ASN00082076,19900512,TMIN,98,,,a,
ASN00082076,19900513,TMIN,30,,,a,
ASN00082076,19900514,TMIN,75,,,a,
ASN00082076,19900515,TMIN,70,,,a,
ASN00082076,19900516,TMIN,25,,,a,
ASN00082076,19900517,TMIN,65,,,a,
ASN00082076,19900518,TMIN,82,,,a,
ASN00082076,19900519,TMIN,5,,,a,
ASN00082076,19900520,TMIN,20,,,a,
ASN00082076,19900521,TMIN,-12,,,a,
ASN00082076,19900522,TMIN,5,,,a,
ASN00082076,19900523,TMIN,55,,,a,
ASN00082076,19900524,TMIN,102,,,a,
ASN00082076,19900525,TMIN,47,,,a,
ASN00082076,19900526,TMIN,22,,,a,
ASN00082076,19900527,TMIN,55,,,a,
ASN00082076,19900528,TMIN,28,,,a,
ASN00082076,19900529,TMIN,18,,,a,
ASN00082076,19900530,TMIN,20,,,a,
ASN00082076,19900531,TMIN,82,,,a,
ASN00082076,19900501,PRCP,0,,,a,
ASN00082076,19900502,PRCP,0,,,a,
ASN00082076,19900503,PRCP,0,,,a,
ASN00082076,19900504,PRCP,0,,,a,
ASN00082076,19900505,PRCP,0,,,a,
ASN00082076,19900506,PRCP,30,,,a,
ASN00082076,19900507,PRCP,0,,,a,
ASN00082076,19900508,PRCP,0,,,a,
ASN00082076,19900509,PRCP,0,,,a,
ASN00082076,19900510,PRCP,0,,,a,
ASN00082076,19900511,PRCP,0,,,a,
ASN00082076,19900512,PRCP,40,,,a,
ASN00082076,19900513,PRCP,14,,,a,
ASN00082076,19900514,PRCP,0,,,a,
ASN00082076,19900515,PRCP,0,,,a,
ASN00082076,19900516,PRCP,0,,,a,
ASN00082076,19900517,PRCP,402,,,a,
ASN00082076,19900518,PRCP,222,,,a,
ASN00082076,19900519,PRCP,0,,,a,
ASN00082076,19900520,PRCP,4,,,a,
ASN00082076,19900521,PRCP,0,,,a,
ASN00082076,19900522,PRCP,0,,,a,
ASN00082076,19900523,PRCP,12,,,a,
ASN00082076,19900524,PRCP,100,,,a,
ASN00082076,19900525,PRCP,0,,,a,
ASN00082076,19900526,PRCP,0,,,a,
ASN00082076,19900527,PRCP,0,,,a,
ASN00082076,19900528,PRCP,0,,,a,
ASN00082076,19900529,PRCP,0,,,a,
ASN00082076,19900530,PRCP,0,,,a,
ASN00082076,19900531,PRCP,138,,,a,
ASN00082076,19900601,TMAX,113,,,a,
ASN00082076,19900602,TMAX,94,,,a,
ASN00082076,19900603,TMAX,110,,,a,
ASN00082076,19900604,TMAX,150,,,a,
ASN00082076,19900605,TMAX,152,,,a,
ASN00082076,19900606,TMAX,142,,,a,
ASN00082076,19900607,TMAX,140,,,a,
ASN00082076,19900608,TMAX,156,,,a,
ASN00082076,19900609,TMAX,155,,,a,
ASN00082076,19900610,TMAX,130,,,a,
ASN00082076,19900611,TMAX,150,,,a,
ASN00082076,19900612,TMAX,110,,,a,
ASN00082076,19900613,TMAX,115,,,a,
ASN00082076,19900614,TMAX,158,,,a,
ASN00082076,19900615,TMAX,114,,,a,
ASN00082076,19900616,TMAX,94,,,a,
ASN00082076,19900617,TMAX,96,,,a,
ASN00082076,19900618,TMAX,102,,,a,
ASN00082076,19900619,TMAX,136,,,a,
ASN00082076,19900620,TMAX,80,,,a,
ASN00082076,19900621,TMAX,80,,,a,
ASN00082076,19900622,TMAX,120,,,a,
ASN00082076,19900623,TMAX,110,,,a,
ASN00082076,19900624,TMAX,94,,,a,
ASN00082076,19900625,TMAX,105,,,a,
ASN00082076,19900626,TMAX,75,,,a,
ASN00082076,19900627,TMAX,60,,,a,
ASN00082076,19900628,TMAX,70,,,a,
ASN00082076,19900629,TMAX,90,,,a,
ASN00082076,19900630,TMAX,99,,,a,
ASN00082076,19900601,TMIN,84,,,a,
ASN00082076,19900602,TMIN,68,,,a,
ASN00082076,19900603,TMIN,54,,,a,
ASN00082076,19900604,TMIN,66,,,a,
ASN00082076,19900605,TMIN,24,,,a,
ASN00082076,19900606,TMIN,5,,,a,
ASN00082076,19900607,TMIN,15,,,a,
ASN00082076,19900608,TMIN,7,,,a,
ASN00082076,19900609,TMIN,5,,,a,
ASN00082076,19900610,TMIN,18,,,a,
ASN00082076,19900611,TMIN,20,,,a,
ASN00082076,19900612,TMIN,25,,,a,
ASN00082076,19900613,TMIN,65,,,a,
ASN00082076,19900614,TMIN,26,,,a,
ASN00082076,19900615,TMIN,16,,,a,
ASN00082076,19900616,TMIN,25,,,a,
ASN00082076,19900617,TMIN,55,,,a,
ASN00082076,19900618,TMIN,45,,,a,
ASN00082076,19900619,TMIN,20,,,a,
ASN00082076,19900620,TMIN,5,,,a,
ASN00082076,19900621,TMIN,22,,,a,
ASN00082076,19900622,TMIN,56,,,a,
ASN00082076,19900623,TMIN,30,,,a,
ASN00082076,19900624,TMIN,48,,,a,
ASN00082076,19900625,TMIN,16,,,a,
ASN00082076,19900626,TMIN,26,,,a,
ASN00082076,19900627,TMIN,44,,,a,
ASN00082076,19900628,TMIN,12,,,a,
ASN00082076,19900629,TMIN,38,,,a,
ASN00082076,19900630,TMIN,62,,,a,
ASN00082076,19900601,PRCP,16,,,a,
ASN00082076,19900602,PRCP,26,,,a,
ASN00082076,19900603,PRCP,82,,,a,
ASN00082076,19900604,PRCP,0,,,a,
ASN00082076,19900605,PRCP,0,,,a,
ASN00082076,19900606,PRCP,0,,,a,
ASN00082076,19900607,PRCP,0,,,a,
ASN00082076,19900608,PRCP,0,,,a,
ASN00082076,19900609,PRCP,0,,,a,
ASN00082076,19900610,PRCP,20,,,a,
ASN00082076,19900611,PRCP,4,,,a,
ASN00082076,19900612,PRCP,0,,,a,
ASN00082076,19900613,PRCP,0,,,a,
ASN00082076,19900614,PRCP,0,,,a,
ASN00082076,19900615,PRCP,0,,,a,
ASN00082076,19900616,PRCP,0,,,a,
ASN00082076,19900617,PRCP,242,,,a,
ASN00082076,19900618,PRCP,0,,,a,
ASN00082076,19900619,PRCP,0,,,a,
ASN00082076,19900620,PRCP,0,,,a,
ASN00082076,19900621,PRCP,0,,,a,
ASN00082076,19900622,PRCP,26,,,a,
ASN00082076,19900623,PRCP,0,,,a,
ASN00082076,19900624,PRCP,32,,,a,
ASN00082076,19900625,PRCP,0,,,a,
ASN00082076,19900626,PRCP,8,,,a,
ASN00082076,19900627,PRCP,104,,,a,
ASN00082076,19900628,PRCP,298,,,a,
ASN00082076,19900629,PRCP,64,,,a,
ASN00082076,19900630,PRCP,68,,,a,
ASN00082076,19900701,TMAX,52,,,a,
ASN00082076,19900702,TMAX,64,,,a,
ASN00082076,19900703,TMAX,83,,,a,
ASN00082076,19900704,TMAX,93,,,a,
ASN00082076,19900705,TMAX,86,,,a,
ASN00082076,19900706,TMAX,85,,,a,
ASN00082076,19900707,TMAX,110,,,a,
ASN00082076,19900708,TMAX,97,,,a,
ASN00082076,19900709,TMAX,102,,,a,
ASN00082076,19900710,TMAX,134,,,a,
ASN00082076,19900711,TMAX,118,,,a,
ASN00082076,19900712,TMAX,105,,,a,
ASN00082076,19900713,TMAX,100,,,a,
ASN00082076,19900714,TMAX,140,,,a,
ASN00082076,19900715,TMAX,157,,,a,
ASN00082076,19900716,TMAX,106,,,a,
ASN00082076,19900717,TMAX,144,,,a,
ASN00082076,19900718,TMAX,139,,,a,
ASN00082076,19900719,TMAX,112,,,a,
ASN00082076,19900720,TMAX,104,,,a,
ASN00082076,19900721,TMAX,84,,,a,
ASN00082076,19900722,TMAX,135,,,a,
ASN00082076,19900723,TMAX,165,,,a,
ASN00082076,19900724,TMAX,138,,,a,
ASN00082076,19900725,TMAX,94,,,a,
ASN00082076,19900726,TMAX,118,,,a,
ASN00082076,19900727,TMAX,116,,,a,
ASN00082076,19900728,TMAX,110,,,a,
ASN00082076,19900729,TMAX,122,,,a,
ASN00082076,19900730,TMAX,111,,,a,
ASN00082076,19900731,TMAX,134,,,a,
ASN00082076,19900701,TMIN,30,,,a,
ASN00082076,19900702,TMIN,24,,,a,
ASN00082076,19900703,TMIN,42,,,a,
ASN00082076,19900704,TMIN,55,,,a,
ASN00082076,19900705,TMIN,72,,,a,
ASN00082076,19900706,TMIN,28,,,a,
ASN00082076,19900707,TMIN,45,,,a,
ASN00082076,19900708,TMIN,74,,,a,
ASN00082076,19900709,TMIN,58,,,a,
ASN00082076,19900710,TMIN,48,,,a,
ASN00082076,19900711,TMIN,12,,,a,
ASN00082076,19900712,TMIN,20,,,a,
ASN00082076,19900713,TMIN,40,,,a,
ASN00082076,19900714,TMIN,65,,,a,
ASN00082076,19900715,TMIN,60,,,a,
ASN00082076,19900716,TMIN,68,,,a,
ASN00082076,19900717,TMIN,87,,,a,
ASN00082076,19900718,TMIN,76,,,a,
ASN00082076,19900719,TMIN,37,,,a,
ASN00082076,19900720,TMIN,45,,,a,
ASN00082076,19900721,TMIN,52,,,a,
ASN00082076,19900722,TMIN,60,,,a,
ASN00082076,19900723,TMIN,68,,,a,
ASN00082076,19900724,TMIN,48,,,a,
ASN00082076,19900725,TMIN,56,,,a,
ASN00082076,19900726,TMIN,56,,,a,
ASN00082076,19900727,TMIN,-6,,,a,
ASN00082076,19900728,TMIN,5,,,a,
ASN00082076,19900729,TMIN,35,,,a,
ASN00082076,19900730,TMIN,10,,,a,
ASN00082076,19900731,TMIN,0,,,a,
ASN00082076,19900701,PRCP,42,,,a,
ASN00082076,19900702,PRCP,256,,,a,
ASN00082076,19900703,PRCP,72,,,a,
ASN00082076,19900704,PRCP,66,,,a,
ASN00082076,19900705,PRCP,192,,,a,
ASN00082076,19900706,PRCP,268,,,a,
ASN00082076,19900707,PRCP,58,,,a,
ASN00082076,19900708,PRCP,36,,,a,
ASN00082076,19900709,PRCP,0,,,a,
ASN00082076,19900710,PRCP,0,,,a,
ASN00082076,19900711,PRCP,0,,,a,
ASN00082076,19900712,PRCP,0,,,a,
ASN00082076,19900713,PRCP,32,,,a,
ASN00082076,19900714,PRCP,18,,,a,
ASN00082076,19900715,PRCP,4,,,a,
ASN00082076,19900716,PRCP,14,,,a,
ASN00082076,19900717,PRCP,116,,,a,
ASN00082076,19900718,PRCP,110,,,a,
ASN00082076,19900719,PRCP,160,,,a,
ASN00082076,19900720,PRCP,0,,,a,
ASN00082076,19900721,PRCP,92,,,a,
ASN00082076,19900722,PRCP,192,,,a,
ASN00082076,19900723,PRCP,74,,,a,
ASN00082076,19900724,PRCP,0,,,a,
ASN00082076,19900725,PRCP,238,,,a,
ASN00082076,19900726,PRCP,58,,,a,
ASN00082076,19900727,PRCP,0,,,a,
ASN00082076,19900728,PRCP,6,,,a,
ASN00082076,19900729,PRCP,0,,,a,
ASN00082076,19900730,PRCP,0,,,a,
ASN00082076,19900731,PRCP,0,,,a,
ASN00082076,19900801,TMAX,130,,,a,
ASN00082076,19900802,TMAX,147,,,a,
ASN00082076,19900803,TMAX,188,,,a,
ASN00082076,19900804,TMAX,104,,,a,
ASN00082076,19900805,TMAX,94,,,a,
ASN00082076,19900806,TMAX,118,,,a,
ASN00082076,19900807,TMAX,106,,,a,
ASN00082076,19900808,TMAX,97,,,a,
ASN00082076,19900809,TMAX,110,,,a,
ASN00082076,19900810,TMAX,92,,,a,
ASN00082076,19900811,TMAX,72,,,a,
ASN00082076,19900812,TMAX,97,,,a,
ASN00082076,19900813,TMAX,96,,,a,
ASN00082076,19900814,TMAX,128,,,a,
ASN00082076,19900815,TMAX,86,,,a,
ASN00082076,19900816,TMAX,121,,,a,
ASN00082076,19900817,TMAX,126,,,a,
ASN00082076,19900818,TMAX,130,,,a,
ASN00082076,19900819,TMAX,99,,,a,
ASN00082076,19900820,TMAX,124,,,a,
ASN00082076,19900821,TMAX,132,,,a,
ASN00082076,19900822,TMAX,74,,,a,
ASN00082076,19900823,TMAX,121,,,a,
ASN00082076,19900824,TMAX,133,,,a,
ASN00082076,19900825,TMAX,85,,,a,
ASN00082076,19900826,TMAX,105,,,a,
ASN00082076,19900827,TMAX,144,,,a,
ASN00082076,19900828,TMAX,149,,,a,
ASN00082076,19900829,TMAX,124,,,a,
ASN00082076,19900830,TMAX,149,,,a,
ASN00082076,19900831,TMAX,164,,,a,
ASN00082076,19900801,TMIN,52,,,a,
ASN00082076,19900802,TMIN,93,,,a,
ASN00082076,19900803,TMIN,93,,,a,
ASN00082076,19900804,TMIN,72,,,a,
ASN00082076,19900805,TMIN,65,,,a,
ASN00082076,19900806,TMIN,60,,,a,
ASN00082076,19900807,TMIN,7,,,a,
ASN00082076,19900808,TMIN,28,,,a,
ASN00082076,19900809,TMIN,64,,,a,
ASN00082076,19900810,TMIN,43,,,a,
ASN00082076,19900811,TMIN,15,,,a,
ASN00082076,19900812,TMIN,35,,,a,
ASN00082076,19900813,TMIN,62,,,a,
ASN00082076,19900814,TMIN,58,,,a,
ASN00082076,19900815,TMIN,52,,,a,
ASN00082076,19900816,TMIN,48,,,a,
ASN00082076,19900817,TMIN,15,,,a,
ASN00082076,19900818,TMIN,0,,,a,
ASN00082076,19900819,TMIN,20,,,a,
ASN00082076,19900820,TMIN,50,,,a,
ASN00082076,19900821,TMIN,58,,,a,
ASN00082076,19900822,TMIN,40,,,a,
ASN00082076,19900823,TMIN,18,,,a,
ASN00082076,19900824,TMIN,22,,,a,
ASN00082076,19900825,TMIN,27,,,a,
ASN00082076,19900826,TMIN,-18,,,a,
ASN00082076,19900827,TMIN,-13,,,a,
ASN00082076,19900828,TMIN,-10,,,a,
ASN00082076,19900829,TMIN,24,,,a,
ASN00082076,19900830,TMIN,53,,,a,
ASN00082076,19900831,TMIN,22,,,a,
ASN00082076,19900801,PRCP,0,,,a,
ASN00082076,19900802,PRCP,0,,,a,
ASN00082076,19900803,PRCP,0,,,a,
ASN00082076,19900804,PRCP,10,,,a,
ASN00082076,19900805,PRCP,298,,,a,
ASN00082076,19900806,PRCP,170,,,a,
ASN00082076,19900807,PRCP,6,,,a,
ASN00082076,19900808,PRCP,6,,,a,
ASN00082076,19900809,PRCP,98,,,a,
ASN00082076,19900810,PRCP,26,,,a,
ASN00082076,19900811,PRCP,16,,,a,
ASN00082076,19900812,PRCP,42,,,a,
ASN00082076,19900813,PRCP,78,,,a,
ASN00082076,19900814,PRCP,52,,,a,
ASN00082076,19900815,PRCP,100,,,a,
ASN00082076,19900816,PRCP,12,,,a,
ASN00082076,19900817,PRCP,24,,,a,
ASN00082076,19900818,PRCP,0,,,a,
ASN00082076,19900819,PRCP,0,,,a,
ASN00082076,19900820,PRCP,206,,,a,
ASN00082076,19900821,PRCP,42,,,a,
ASN00082076,19900822,PRCP,8,,,a,
ASN00082076,19900823,PRCP,48,,,a,
ASN00082076,19900824,PRCP,12,,,a,
ASN00082076,19900825,PRCP,0,,,a,
ASN00082076,19900826,PRCP,76,,,a,
ASN00082076,19900827,PRCP,0,,,a,
ASN00082076,19900828,PRCP,0,,,a,
ASN00082076,19900829,PRCP,4,,,a,
ASN00082076,19900830,PRCP,58,,,a,
ASN00082076,19900831,PRCP,14,,,a,
ASN00082076,19900901,TMAX,155,,,a,
ASN00082076,19900902,TMAX,109,,,a,
ASN00082076,19900903,TMAX,112,,,a,
ASN00082076,19900904,TMAX,143,,,a,
ASN00082076,19900905,TMAX,141,,,a,
ASN00082076,19900906,TMAX,147,,,a,
ASN00082076,19900907,TMAX,154,,,a,
ASN00082076,19900908,TMAX,158,,,a,
ASN00082076,19900909,TMAX,162,,,a,
ASN00082076,19900910,TMAX,190,,,a,
ASN00082076,19900911,TMAX,192,,,a,
ASN00082076,19900912,TMAX,170,,,a,
ASN00082076,19900913,TMAX,125,,,a,
ASN00082076,19900914,TMAX,125,,,a,
ASN00082076,19900915,TMAX,155,,,a,
ASN00082076,19900916,TMAX,165,,,a,
ASN00082076,19900917,TMAX,173,,,a,
ASN00082076,19900918,TMAX,176,,,a,
ASN00082076,19900919,TMAX,195,,,a,
ASN00082076,19900920,TMAX,190,,,a,
ASN00082076,19900921,TMAX,150,,,a,
ASN00082076,19900922,TMAX,160,,,a,
ASN00082076,19900923,TMAX,198,,,a,
ASN00082076,19900924,TMAX,216,,,a,
ASN00082076,19900925,TMAX,194,,,a,
ASN00082076,19900926,TMAX,154,,,a,
ASN00082076,19900927,TMAX,165,,,a,
ASN00082076,19900928,TMAX,190,,,a,
ASN00082076,19900929,TMAX,194,,,a,
ASN00082076,19900930,TMAX,194,,,a,
ASN00082076,19900901,TMIN,12,,,a,
ASN00082076,19900902,TMIN,25,,,a,
ASN00082076,19900903,TMIN,52,,,a,
ASN00082076,19900904,TMIN,-15,,,a,
ASN00082076,19900905,TMIN,41,,,a,
ASN00082076,19900906,TMIN,62,,,a,
ASN00082076,19900907,TMIN,52,,,a,
ASN00082076,19900908,TMIN,45,,,a,
ASN00082076,19900909,TMIN,18,,,a,
ASN00082076,19900910,TMIN,17,,,a,
ASN00082076,19900911,TMIN,38,,,a,
ASN00082076,19900912,TMIN,67,,,a,
ASN00082076,19900913,TMIN,63,,,a,
ASN00082076,19900914,TMIN,67,,,a,
ASN00082076,19900915,TMIN,65,,,a,
ASN00082076,19900916,TMIN,32,,,a,
ASN00082076,19900917,TMIN,32,,,a,
ASN00082076,19900918,TMIN,20,,,a,
ASN00082076,19900919,TMIN,18,,,a,
ASN00082076,19900920,TMIN,68,,,a,
ASN00082076,19900921,TMIN,100,,,a,
ASN00082076,19900922,TMIN,0,,,a,
ASN00082076,19900923,TMIN,30,,,a,
ASN00082076,19900924,TMIN,29,,,a,
ASN00082076,19900925,TMIN,47,,,a,
ASN00082076,19900926,TMIN,126,,,a,
ASN00082076,19900927,TMIN,0,,,a,
ASN00082076,19900928,TMIN,5,,,a,
ASN00082076,19900929,TMIN,65,,,a,
ASN00082076,19900930,TMIN,55,,,a,
ASN00082076,19900901,PRCP,0,,,a,
ASN00082076,19900902,PRCP,0,,,a,
ASN00082076,19900903,PRCP,100,,,a,
ASN00082076,19900904,PRCP,24,,,a,
ASN00082076,19900905,PRCP,6,,,a,
ASN00082076,19900906,PRCP,0,,,a,
ASN00082076,19900907,PRCP,8,,,a,
ASN00082076,19900908,PRCP,0,,,a,
ASN00082076,19900909,PRCP,0,,,a,
ASN00082076,19900910,PRCP,0,,,a,
ASN00082076,19900911,PRCP,0,,,a,
ASN00082076,19900912,PRCP,8,,,a,
ASN00082076,19900913,PRCP,338,,,a,
ASN00082076,19900914,PRCP,0,,,a,
ASN00082076,19900915,PRCP,0,,,a,
ASN00082076,19900916,PRCP,0,,,a,
ASN00082076,19900917,PRCP,0,,,a,
ASN00082076,19900918,PRCP,0,,,a,
ASN00082076,19900919,PRCP,0,,,a,
ASN00082076,19900920,PRCP,12,,,a,
ASN00082076,19900921,PRCP,148,,,a,
ASN00082076,19900922,PRCP,0,,,a,
ASN00082076,19900923,PRCP,0,,,a,
ASN00082076,19900924,PRCP,0,,,a,
ASN00082076,19900925,PRCP,0,,,a,
ASN00082076,19900926,PRCP,10,,,a,
ASN00082076,19900927,PRCP,60,,,a,
ASN00082076,19900928,PRCP,0,,,a,
ASN00082076,19900929,PRCP,0,,,a,
ASN00082076,19900930,PRCP,0,,,a,
ASN00082076,19901001,TMAX,204,,,a,
ASN00082076,19901002,TMAX,161,,,a,
ASN00082076,19901003,TMAX,200,,,a,
ASN00082076,19901004,TMAX,202,,,a,
ASN00082076,19901005,TMAX,145,,,a,
ASN00082076,19901006,TMAX,190,,,a,
ASN00082076,19901007,TMAX,180,,,a,
ASN00082076,19901008,TMAX,165,,,a,
ASN00082076,19901009,TMAX,160,,,a,
ASN00082076,19901010,TMAX,175,,,a,
ASN00082076,19901011,TMAX,195,,,a,
ASN00082076,19901012,TMAX,145,,,a,
ASN00082076,19901013,TMAX,170,,,a,
ASN00082076,19901014,TMAX,208,,,a,
ASN00082076,19901015,TMAX,227,,,a,
ASN00082076,19901016,TMAX,180,,,a,
ASN00082076,19901017,TMAX,187,,,a,
ASN00082076,19901018,TMAX,233,,,a,
ASN00082076,19901019,TMAX,155,,,a,
ASN00082076,19901020,TMAX,110,,,a,
ASN00082076,19901021,TMAX,135,,,a,
ASN00082076,19901022,TMAX,163,,,a,
ASN00082076,19901023,TMAX,200,,,a,
ASN00082076,19901024,TMAX,235,,,a,
ASN00082076,19901025,TMAX,265,,,a,
ASN00082076,19901026,TMAX,263,,,a,
ASN00082076,19901027,TMAX,276,,,a,
ASN00082076,19901028,TMAX,280,,,a,
ASN00082076,19901029,TMAX,306,,,a,
ASN00082076,19901030,TMAX,298,,,a,
ASN00082076,19901031,TMAX,299,,,a,
ASN00082076,19901001,TMIN,61,,,a,
ASN00082076,19901002,TMIN,56,,,a,
ASN00082076,19901003,TMIN,79,,,a,
ASN00082076,19901004,TMIN,34,,,a,
ASN00082076,19901005,TMIN,55,,,a,
ASN00082076,19901006,TMIN,75,,,a,
ASN00082076,19901007,TMIN,58,,,a,
ASN00082076,19901008,TMIN,32,,,a,
ASN00082076,19901009,TMIN,95,,,a,
ASN00082076,19901010,TMIN,57,,,a,
ASN00082076,19901011,TMIN,90,,,a,
ASN00082076,19901012,TMIN,107,,,a,
ASN00082076,19901013,TMIN,75,,,a,
ASN00082076,19901014,TMIN,35,,,a,
ASN00082076,19901015,TMIN,60,,,a,
ASN00082076,19901016,TMIN,62,,,a,
ASN00082076,19901017,TMIN,73,,,a,
ASN00082076,19901018,TMIN,33,,,a,
ASN00082076,19901019,TMIN,125,,,a,
ASN00082076,19901020,TMIN,65,,,a,
ASN00082076,19901021,TMIN,65,,,a,
ASN00082076,19901022,TMIN,18,,,a,
ASN00082076,19901023,TMIN,89,,,a,
ASN00082076,19901024,TMIN,96,,,a,
ASN00082076,19901025,TMIN,68,,,a,
ASN00082076,19901026,TMIN,69,,,a,
ASN00082076,19901027,TMIN,95,,,a,
ASN00082076,19901028,TMIN,105,,,a,
ASN00082076,19901029,TMIN,100,,,a,
ASN00082076,19901030,TMIN,136,,,a,
ASN00082076,19901031,TMIN,138,,,a,
ASN00082076,19901001,PRCP,0,,,a,
ASN00082076,19901002,PRCP,0,,,a,
ASN00082076,19901003,PRCP,0,,,a,
ASN00082076,19901004,PRCP,0,,,a,
ASN00082076,19901005,PRCP,0,,,a,
ASN00082076,19901006,PRCP,102,,,a,
ASN00082076,19901007,PRCP,0,,,a,
ASN00082076,19901008,PRCP,0,,,a,
ASN00082076,19901009,PRCP,166,,,a,
ASN00082076,19901010,PRCP,0,,,a,
ASN00082076,19901011,PRCP,70,,,a,
ASN00082076,19901012,PRCP,94,,,a,
ASN00082076,19901013,PRCP,0,,,a,
ASN00082076,19901014,PRCP,0,,,a,
ASN00082076,19901015,PRCP,4,,,a,
ASN00082076,19901016,PRCP,4,,,a,
ASN00082076,19901017,PRCP,16,,,a,
ASN00082076,19901018,PRCP,0,,,a,
ASN00082076,19901019,PRCP,134,,,a,
ASN00082076,19901020,PRCP,322,,,a,
ASN00082076,19901021,PRCP,184,,,a,
ASN00082076,19901022,PRCP,104,,,a,
ASN00082076,19901023,PRCP,0,,,a,
ASN00082076,19901024,PRCP,0,,,a,
ASN00082076,19901025,PRCP,0,,,a,
ASN00082076,19901026,PRCP,0,,,a,
ASN00082076,19901027,PRCP,0,,,a,
ASN00082076,19901028,PRCP,0,,,a,
ASN00082076,19901029,PRCP,0,,,a,
ASN00082076,19901030,PRCP,4,,,a,
ASN00082076,19901031,PRCP,26,,,a,
ASN00082076,19901101,TMAX,215,,,a,
ASN00082076,19901102,TMAX,240,,,a,
ASN00082076,19901103,TMAX,248,,,a,
ASN00082076,19901104,TMAX,266,,,a,
ASN00082076,19901105,TMAX,269,,,a,
ASN00082076,19901106,TMAX,240,,,a,
ASN00082076,19901107,TMAX,260,,,a,
ASN00082076,19901108,TMAX,218,,,a,
ASN00082076,19901109,TMAX,180,,,a,
ASN00082076,19901110,TMAX,148,,,a,
ASN00082076,19901111,TMAX,168,,,a,
ASN00082076,19901112,TMAX,238,,,a,
ASN00082076,19901113,TMAX,273,,,a,
ASN00082076,19901114,TMAX,308,,,a,
ASN00082076,19901115,TMAX,225,,,a,
ASN00082076,19901116,TMAX,218,,,a,
ASN00082076,19901117,TMAX,190,,,a,
ASN00082076,19901118,TMAX,183,,,a,
ASN00082076,19901119,TMAX,208,,,a,
ASN00082076,19901120,TMAX,246,,,a,
ASN00082076,19901121,TMAX,291,,,a,
ASN00082076,19901122,TMAX,216,,,a,
ASN00082076,19901123,TMAX,190,,,a,
ASN00082076,19901124,TMAX,203,,,a,
ASN00082076,19901125,TMAX,221,,,a,
ASN00082076,19901126,TMAX,258,,,a,
ASN00082076,19901127,TMAX,283,,,a,
ASN00082076,19901128,TMAX,310,,,a,
ASN00082076,19901129,TMAX,332,,,a,
ASN00082076,19901130,TMAX,312,,,a,
ASN00082076,19901101,TMIN,148,,,a,
ASN00082076,19901102,TMIN,76,,,a,
ASN00082076,19901103,TMIN,86,,,a,
ASN00082076,19901104,TMIN,100,,,a,
ASN00082076,19901105,TMIN,104,,,a,
ASN00082076,19901106,TMIN,108,,,a,
ASN00082076,19901107,TMIN,136,,,a,
ASN00082076,19901108,TMIN,141,,,a,
ASN00082076,19901109,TMIN,120,,,a,
ASN00082076,19901110,TMIN,105,,,a,
ASN00082076,19901111,TMIN,50,,,a,
ASN00082076,19901112,TMIN,28,,,a,
ASN00082076,19901113,TMIN,57,,,a,
ASN00082076,19901114,TMIN,89,,,a,
ASN00082076,19901115,TMIN,142,,,a,
ASN00082076,19901116,TMIN,63,,,a,
ASN00082076,19901117,TMIN,95,,,a,
ASN00082076,19901118,TMIN,75,,,a,
ASN00082076,19901119,TMIN,99,,,a,
ASN00082076,19901120,TMIN,65,,,a,
ASN00082076,19901121,TMIN,71,,,a,
ASN00082076,19901122,TMIN,77,,,a,
ASN00082076,19901123,TMIN,90,,,a,
ASN00082076,19901124,TMIN,35,,,a,
ASN00082076,19901125,TMIN,38,,,a,
ASN00082076,19901126,TMIN,90,,,a,
ASN00082076,19901127,TMIN,83,,,a,
ASN00082076,19901128,TMIN,102,,,a,
ASN00082076,19901129,TMIN,150,,,a,
ASN00082076,19901130,TMIN,122,,,a,
ASN00082076,19901101,PRCP,14,,,a,
ASN00082076,19901102,PRCP,0,,,a,
ASN00082076,19901103,PRCP,0,,,a,
ASN00082076,19901104,PRCP,0,,,a,
ASN00082076,19901105,PRCP,0,,,a,
ASN00082076,19901106,PRCP,0,,,a,
ASN00082076,19901107,PRCP,0,,,a,
ASN00082076,19901108,PRCP,0,,,a,
ASN00082076,19901109,PRCP,86,,,a,
ASN00082076,19901110,PRCP,60,,,a,
ASN00082076,19901111,PRCP,62,,,a,
ASN00082076,19901112,PRCP,0,,,a,
ASN00082076,19901113,PRCP,0,,,a,
ASN00082076,19901114,PRCP,0,,,a,
ASN00082076,19901115,PRCP,0,,,a,
ASN00082076,19901116,PRCP,6,,,a,
ASN00082076,19901117,PRCP,0,,,a,
ASN00082076,19901118,PRCP,0,,,a,
ASN00082076,19901119,PRCP,0,,,a,
ASN00082076,19901120,PRCP,0,,,a,
ASN00082076,19901121,PRCP,0,,,a,
ASN00082076,19901122,PRCP,0,,,a,
ASN00082076,19901123,PRCP,6,,,a,
ASN00082076,19901124,PRCP,0,,,a,
ASN00082076,19901125,PRCP,0,,,a,
ASN00082076,19901126,PRCP,0,,,a,
ASN00082076,19901127,PRCP,0,,,a,
ASN00082076,19901128,PRCP,0,,,a,
ASN00082076,19901129,PRCP,0,,,a,
ASN00082076,19901130,PRCP,0,,,a,
ASN00082076,19901201,TMAX,300,,,a,
ASN00082076,19901202,TMAX,272,,,a,
ASN00082076,19901203,TMAX,288,,,a,
ASN00082076,19901204,TMAX,317,,,a,
ASN00082076,19901205,TMAX,323,,,a,
ASN00082076,19901206,TMAX,343,,,a,
ASN00082076,19901207,TMAX,322,,,a,
ASN00082076,19901208,TMAX,266,,,a,
ASN00082076,19901209,TMAX,228,,,a,
ASN00082076,19901210,TMAX,168,,,a,
ASN00082076,19901211,TMAX,203,,,a,
ASN00082076,19901212,TMAX,206,,,a,
ASN00082076,19901213,TMAX,230,,,a,
ASN00082076,19901214,TMAX,240,,,a,
ASN00082076,19901215,TMAX,265,,,a,
ASN00082076,19901216,TMAX,275,,,a,
ASN00082076,19901217,TMAX,333,,,a,
ASN00082076,19901218,TMAX,342,,,a,
ASN00082076,19901219,TMAX,214,,,a,
ASN00082076,19901220,TMAX,270,,,a,
ASN00082076,19901221,TMAX,298,,,a,
ASN00082076,19901222,TMAX,292,,,a,
ASN00082076,19901223,TMAX,230,,,a,
ASN00082076,19901224,TMAX,235,,,a,
ASN00082076,19901225,TMAX,280,,,a,
ASN00082076,19901226,TMAX,296,,,a,
ASN00082076,19901227,TMAX,274,,,a,
ASN00082076,19901228,TMAX,300,,,a,
ASN00082076,19901229,TMAX,318,,,a,
ASN00082076,19901230,TMAX,335,,,a,
ASN00082076,19901231,TMAX,328,,,a,
ASN00082076,19901201,TMIN,100,,,a,
ASN00082076,19901202,TMIN,140,,,a,
ASN00082076,19901203,TMIN,123,,,a,
ASN00082076,19901204,TMIN,149,,,a,
ASN00082076,19901205,TMIN,127,,,a,
ASN00082076,19901206,TMIN,141,,,a,
ASN00082076,19901207,TMIN,156,,,a,
ASN00082076,19901208,TMIN,145,,,a,
ASN00082076,19901209,TMIN,125,,,a,
ASN00082076,19901210,TMIN,97,,,a,
ASN00082076,19901211,TMIN,50,,,a,
ASN00082076,19901212,TMIN,35,,,a,
ASN00082076,19901213,TMIN,46,,,a,
ASN00082076,19901214,TMIN,56,,,a,
ASN00082076,19901215,TMIN,62,,,a,
ASN00082076,19901216,TMIN,95,,,a,
ASN00082076,19901217,TMIN,101,,,a,
ASN00082076,19901218,TMIN,154,,,a,
ASN00082076,19901219,TMIN,177,,,a,
ASN00082076,19901220,TMIN,128,,,a,
ASN00082076,19901221,TMIN,127,,,a,
ASN00082076,19901222,TMIN,135,,,a,
ASN00082076,19901223,TMIN,158,,,a,
ASN00082076,19901224,TMIN,50,,,a,
ASN00082076,19901225,TMIN,62,,,a,
ASN00082076,19901226,TMIN,82,,,a,
ASN00082076,19901227,TMIN,138,,,a,
ASN00082076,19901228,TMIN,92,,,a,
ASN00082076,19901229,TMIN,105,,,a,
ASN00082076,19901230,TMIN,125,,,a,
ASN00082076,19901231,TMIN,146,,,a,
ASN00082076,19901201,PRCP,0,,,a,
ASN00082076,19901202,PRCP,0,,,a,
ASN00082076,19901203,PRCP,8,,,a,
ASN00082076,19901204,PRCP,0,,,a,
ASN00082076,19901205,PRCP,0,,,a,
ASN00082076,19901206,PRCP,0,,,a,
ASN00082076,19901207,PRCP,0,,,a,
ASN00082076,19901208,PRCP,2,,,a,
ASN00082076,19901209,PRCP,0,,,a,
ASN00082076,19901210,PRCP,6,,,a,
ASN00082076,19901211,PRCP,46,,,a,
ASN00082076,19901212,PRCP,0,,,a,
ASN00082076,19901213,PRCP,0,,,a,
ASN00082076,19901214,PRCP,0,,,a,
ASN00082076,19901215,PRCP,0,,,a,
ASN00082076,19901216,PRCP,0,,,a,
ASN00082076,19901217,PRCP,0,,,a,
ASN00082076,19901218,PRCP,0,,,a,
ASN00082076,19901219,PRCP,0,,,a,
ASN00082076,19901220,PRCP,22,,,a,
ASN00082076,19901221,PRCP,0,,,a,
ASN00082076,19901222,PRCP,0,,,a,
ASN00082076,19901223,PRCP,46,,,a,
ASN00082076,19901224,PRCP,0,,,a,
ASN00082076,19901225,PRCP,0,,,a,
ASN00082076,19901226,PRCP,0,,,a,
ASN00082076,19901227,PRCP,0,,,a,
ASN00082076,19901228,PRCP,2,,,a,
ASN00082076,19901229,PRCP,0,,,a,
ASN00082076,19901230,PRCP,0,,,a,
ASN00082076,19901231,PRCP,0,,,a,
ASN00082076,19910101,TMAX,350,,,a,
ASN00082076,19910102,TMAX,352,,,a,
ASN00082076,19910103,TMAX,352,,,a,
ASN00082076,19910104,TMAX,360,,,a,
ASN00082076,19910105,TMAX,318,,,a,
ASN00082076,19910106,TMAX,219,,,a,
ASN00082076,19910107,TMAX,254,,,a,
ASN00082076,19910108,TMAX,288,,,a,
ASN00082076,19910109,TMAX,302,,,a,
ASN00082076,19910110,TMAX,333,,,a,
ASN00082076,19910111,TMAX,354,,,a,
ASN00082076,19910112,TMAX,335,,,a,
ASN00082076,19910113,TMAX,320,,,a,
ASN00082076,19910114,TMAX,347,,,a,
ASN00082076,19910115,TMAX,304,,,a,
ASN00082076,19910116,TMAX,278,,,a,
ASN00082076,19910117,TMAX,291,,,a,
ASN00082076,19910118,TMAX,288,,,a,
ASN00082076,19910119,TMAX,300,,,a,
ASN00082076,19910120,TMAX,314,,,a,
ASN00082076,19910121,TMAX,240,,,a,
ASN00082076,19910122,TMAX,293,,,a,
ASN00082076,19910123,TMAX,248,,,a,
ASN00082076,19910124,TMAX,260,,,a,
ASN00082076,19910125,TMAX,280,,,a,
ASN00082076,19910126,TMAX,272,,,a,
ASN00082076,19910127,TMAX,265,,,a,
ASN00082076,19910128,TMAX,251,,,a,
ASN00082076,19910129,TMAX,210,,,a,
ASN00082076,19910130,TMAX,268,,,a,
ASN00082076,19910131,TMAX,286,,,a,
ASN00082076,19910101,TMIN,172,,,a,
ASN00082076,19910102,TMIN,142,,,a,
ASN00082076,19910103,TMIN,176,,,a,
ASN00082076,19910104,TMIN,166,,,a,
ASN00082076,19910105,TMIN,175,,,a,
ASN00082076,19910106,TMIN,118,,,a,
ASN00082076,19910107,TMIN,86,,,a,
ASN00082076,19910108,TMIN,148,,,a,
ASN00082076,19910109,TMIN,128,,,a,
ASN00082076,19910110,TMIN,132,,,a,
ASN00082076,19910111,TMIN,142,,,a,
ASN00082076,19910112,TMIN,178,,,a,
ASN00082076,19910113,TMIN,150,,,a,
ASN00082076,19910114,TMIN,152,,,a,
ASN00082076,19910115,TMIN,196,,,a,
ASN00082076,19910116,TMIN,158,,,a,
ASN00082076,19910117,TMIN,128,,,a,
ASN00082076,19910118,TMIN,152,,,a,
ASN00082076,19910119,TMIN,142,,,a,
ASN00082076,19910120,TMIN,125,,,a,
ASN00082076,19910121,TMIN,172,,,a,
ASN00082076,19910122,TMIN,143,,,a,
ASN00082076,19910123,TMIN,191,,,a,
ASN00082076,19910124,TMIN,196,,,a,
ASN00082076,19910125,TMIN,185,,,a,
ASN00082076,19910126,TMIN,122,,,a,
ASN00082076,19910127,TMIN,102,,,a,
ASN00082076,19910128,TMIN,95,,,a,
ASN00082076,19910129,TMIN,147,,,a,
ASN00082076,19910130,TMIN,62,,,a,
ASN00082076,19910131,TMIN,92,,,a,
ASN00082076,19910101,PRCP,316,,,a,
ASN00082076,19910102,PRCP,0,,,a,
ASN00082076,19910103,PRCP,0,,,a,
ASN00082076,19910104,PRCP,0,,,a,
ASN00082076,19910105,PRCP,0,,,a,
ASN00082076,19910106,PRCP,656,,,a,
ASN00082076,19910107,PRCP,0,,,a,
ASN00082076,19910108,PRCP,0,,,a,
ASN00082076,19910109,PRCP,0,,,a,
ASN00082076,19910110,PRCP,0,,,a,
ASN00082076,19910111,PRCP,0,,,a,
ASN00082076,19910112,PRCP,0,,,a,
ASN00082076,19910113,PRCP,0,,,a,
ASN00082076,19910114,PRCP,0,,,a,
ASN00082076,19910115,PRCP,0,,,a,
ASN00082076,19910116,PRCP,0,,,a,
ASN00082076,19910117,PRCP,0,,,a,
ASN00082076,19910118,PRCP,0,,,a,
ASN00082076,19910119,PRCP,0,,,a,
ASN00082076,19910120,PRCP,0,,,a,
ASN00082076,19910121,PRCP,30,,,a,
ASN00082076,19910122,PRCP,6,,,a,
ASN00082076,19910123,PRCP,58,,,a,
ASN00082076,19910124,PRCP,198,,,a,
ASN00082076,19910125,PRCP,238,,,a,
ASN00082076,19910126,PRCP,0,,,a,
ASN00082076,19910127,PRCP,0,,,a,
ASN00082076,19910128,PRCP,0,,,a,
ASN00082076,19910129,PRCP,0,,,a,
ASN00082076,19910130,PRCP,0,,,a,
ASN00082076,19910131,PRCP,0,,,a,
ASN00082076,19910201,TMAX,282,,,a,
ASN00082076,19910202,TMAX,310,,,a,
ASN00082076,19910203,TMAX,338,,,a,
ASN00082076,19910204,TMAX,370,,,a,
ASN00082076,19910205,TMAX,373,,,a,
ASN00082076,19910206,TMAX,325,,,a,
ASN00082076,19910207,TMAX,320,,,a,
ASN00082076,19910208,TMAX,324,,,a,
ASN00082076,19910209,TMAX,320,,,a,
ASN00082076,19910210,TMAX,302,,,a,
ASN00082076,19910211,TMAX,294,,,a,
ASN00082076,19910212,TMAX,306,,,a,
ASN00082076,19910213,TMAX,331,,,a,
ASN00082076,19910214,TMAX,358,,,a,
ASN00082076,19910215,TMAX,226,,,a,
ASN00082076,19910216,TMAX,216,,,a,
ASN00082076,19910217,TMAX,246,,,a,
ASN00082076,19910218,TMAX,292,,,a,
ASN00082076,19910219,TMAX,327,,,a,
ASN00082076,19910220,TMAX,282,,,a,
ASN00082076,19910221,TMAX,310,,,a,
ASN00082076,19910222,TMAX,308,,,a,
ASN00082076,19910223,TMAX,254,,,a,
ASN00082076,19910224,TMAX,317,,,a,
ASN00082076,19910225,TMAX,345,,,a,
ASN00082076,19910226,TMAX,357,,,a,
ASN00082076,19910227,TMAX,265,,,a,
ASN00082076,19910228,TMAX,257,,,a,
ASN00082076,19910201,TMIN,99,,,a,
ASN00082076,19910202,TMIN,110,,,a,
ASN00082076,19910203,TMIN,115,,,a,
ASN00082076,19910204,TMIN,139,,,a,
ASN00082076,19910205,TMIN,165,,,a,
ASN00082076,19910206,TMIN,178,,,a,
ASN00082076,19910207,TMIN,173,,,a,
ASN00082076,19910208,TMIN,135,,,a,
ASN00082076,19910209,TMIN,92,,,a,
ASN00082076,19910210,TMIN,166,,,a,
ASN00082076,19910211,TMIN,121,,,a,
ASN00082076,19910212,TMIN,132,,,a,
ASN00082076,19910213,TMIN,132,,,a,
ASN00082076,19910214,TMIN,120,,,a,
ASN00082076,19910215,TMIN,163,,,a,
ASN00082076,19910216,TMIN,142,,,a,
ASN00082076,19910217,TMIN,120,,,a,
ASN00082076,19910218,TMIN,90,,,a,
ASN00082076,19910219,TMIN,103,,,a,
ASN00082076,19910220,TMIN,145,,,a,
ASN00082076,19910221,TMIN,122,,,a,
ASN00082076,19910222,TMIN,138,,,a,
ASN00082076,19910223,TMIN,170,,,a,
ASN00082076,19910224,TMIN,156,,,a,
ASN00082076,19910225,TMIN,142,,,a,
ASN00082076,19910226,TMIN,155,,,a,
ASN00082076,19910227,TMIN,165,,,a,
ASN00082076,19910228,TMIN,135,,,a,
ASN00082076,19910201,PRCP,0,,,a,
ASN00082076,19910202,PRCP,0,,,a,
ASN00082076,19910203,PRCP,0,,,a,
ASN00082076,19910204,PRCP,0,,,a,
ASN00082076,19910205,PRCP,0,,,a,
ASN00082076,19910206,PRCP,4,,,a,
ASN00082076,19910207,PRCP,0,,,a,
ASN00082076,19910208,PRCP,0,,,a,
ASN00082076,19910209,PRCP,0,,,a,
ASN00082076,19910210,PRCP,0,,,a,
ASN00082076,19910211,PRCP,0,,,a,
ASN00082076,19910212,PRCP,0,,,a,
ASN00082076,19910213,PRCP,0,,,a,
ASN00082076,19910214,PRCP,0,,,a,
ASN00082076,19910215,PRCP,0,,,a,
ASN00082076,19910216,PRCP,20,,,a,
ASN00082076,19910217,PRCP,0,,,a,
ASN00082076,19910218,PRCP,0,,,a,
ASN00082076,19910219,PRCP,0,,,a,
ASN00082076,19910220,PRCP,0,,,a,
ASN00082076,19910221,PRCP,0,,,a,
ASN00082076,19910222,PRCP,0,,,a,
ASN00082076,19910223,PRCP,0,,,a,
ASN00082076,19910224,PRCP,0,,,a,
ASN00082076,19910225,PRCP,0,,,a,
ASN00082076,19910226,PRCP,0,,,a,
ASN00082076,19910227,PRCP,0,,,a,
ASN00082076,19910228,PRCP,0,,,a,
ASN00082076,19910301,TMAX,194,,,a,
ASN00082076,19910302,TMAX,250,,,a,
ASN00082076,19910303,TMAX,296,,,a,
ASN00082076,19910304,TMAX,299,,,a,
ASN00082076,19910305,TMAX,322,,,a,
ASN00082076,19910306,TMAX,330,,,a,
ASN00082076,19910307,TMAX,355,,,a,
ASN00082076,19910308,TMAX,356,,,a,
ASN00082076,19910309,TMAX,272,,,a,
ASN00082076,19910310,TMAX,265,,,a,
ASN00082076,19910311,TMAX,248,,,a,
ASN00082076,19910312,TMAX,222,,,a,
ASN00082076,19910313,TMAX,264,,,a,
ASN00082076,19910314,TMAX,282,,,a,
ASN00082076,19910315,TMAX,260,,,a,
ASN00082076,19910316,TMAX,265,,,a,
ASN00082076,19910317,TMAX,282,,,a,
ASN00082076,19910318,TMAX,294,,,a,
ASN00082076,19910319,TMAX,276,,,a,
ASN00082076,19910320,TMAX,244,,,a,
ASN00082076,19910321,TMAX,213,,,a,
ASN00082076,19910322,TMAX,148,,,a,
ASN00082076,19910323,TMAX,202,,,a,
ASN00082076,19910324,TMAX,228,,,a,
ASN00082076,19910325,TMAX,234,,,a,
ASN00082076,19910326,TMAX,219,,,a,
ASN00082076,19910327,TMAX,189,,,a,
ASN00082076,19910328,TMAX,254,,,a,
ASN00082076,19910329,TMAX,256,,,a,
ASN00082076,19910330,TMAX,202,,,a,
ASN00082076,19910331,TMAX,204,,,a,
ASN00082076,19910301,TMIN,108,,,a,
ASN00082076,19910302,TMIN,110,,,a,
ASN00082076,19910303,TMIN,85,,,a,
ASN00082076,19910304,TMIN,79,,,a,
ASN00082076,19910305,TMIN,148,,,a,
ASN00082076,19910306,TMIN,127,,,a,
ASN00082076,19910307,TMIN,140,,,a,
ASN00082076,19910308,TMIN,158,,,a,
ASN00082076,19910309,TMIN,140,,,a,
ASN00082076,19910310,TMIN,132,,,a,
ASN00082076,19910311,TMIN,60,,,a,
ASN00082076,19910312,TMIN,98,,,a,
ASN00082076,19910313,TMIN,67,,,a,
ASN00082076,19910314,TMIN,86,,,a,
ASN00082076,19910315,TMIN,144,,,a,
ASN00082076,19910316,TMIN,118,,,a,
ASN00082076,19910317,TMIN,112,,,a,
ASN00082076,19910318,TMIN,138,,,a,
ASN00082076,19910319,TMIN,165,,,a,
ASN00082076,19910320,TMIN,102,,,a,
ASN00082076,19910321,TMIN,134,,,a,
ASN00082076,19910322,TMIN,38,,,a,
ASN00082076,19910323,TMIN,70,,,a,
ASN00082076,19910324,TMIN,94,,,a,
ASN00082076,19910325,TMIN,70,,,a,
ASN00082076,19910326,TMIN,60,,,a,
ASN00082076,19910327,TMIN,52,,,a,
ASN00082076,19910328,TMIN,46,,,a,
ASN00082076,19910329,TMIN,74,,,a,
ASN00082076,19910330,TMIN,125,,,a,
ASN00082076,19910331,TMIN,88,,,a,
ASN00082076,19910301,PRCP,0,,,a,
ASN00082076,19910302,PRCP,0,,,a,
ASN00082076,19910303,PRCP,0,,,a,
ASN00082076,19910304,PRCP,0,,,a,
ASN00082076,19910305,PRCP,0,,,a,
ASN00082076,19910306,PRCP,0,,,a,
ASN00082076,19910307,PRCP,0,,,a,
ASN00082076,19910308,PRCP,0,,,a,
ASN00082076,19910309,PRCP,20,,,a,
ASN00082076,19910310,PRCP,4,,,a,
ASN00082076,19910311,PRCP,0,,,a,
ASN00082076,19910312,PRCP,0,,,a,
ASN00082076,19910313,PRCP,0,,,a,
ASN00082076,19910314,PRCP,0,,,a,
ASN00082076,19910315,PRCP,114,,,a,
ASN00082076,19910316,PRCP,84,,,a,
ASN00082076,19910317,PRCP,0,,,a,
ASN00082076,19910318,PRCP,0,,,a,
ASN00082076,19910319,PRCP,16,,,a,
ASN00082076,19910320,PRCP,0,,,a,
ASN00082076,19910321,PRCP,0,,,a,
ASN00082076,19910322,PRCP,22,,,a,
ASN00082076,19910323,PRCP,22,,,a,
ASN00082076,19910324,PRCP,0,,,a,
ASN00082076,19910325,PRCP,0,,,a,
ASN00082076,19910326,PRCP,0,,,a,
ASN00082076,19910327,PRCP,40,,,a,
ASN00082076,19910328,PRCP,0,,,a,
ASN00082076,19910329,PRCP,0,,,a,
ASN00082076,19910330,PRCP,12,,,a,
ASN00082076,19910331,PRCP,2,,,a,
ASN00082076,19910401,TMAX,160,,,a,
ASN00082076,19910402,TMAX,191,,,a,
ASN00082076,19910403,TMAX,230,,,a,
ASN00082076,19910404,TMAX,250,,,a,
ASN00082076,19910405,TMAX,270,,,a,
ASN00082076,19910406,TMAX,262,,,a,
ASN00082076,19910407,TMAX,212,,,a,
ASN00082076,19910408,TMAX,244,,,a,
ASN00082076,19910409,TMAX,237,,,a,
ASN00082076,19910410,TMAX,230,,,a,
ASN00082076,19910411,TMAX,237,,,a,
ASN00082076,19910412,TMAX,244,,,a,
ASN00082076,19910413,TMAX,245,,,a,
ASN00082076,19910414,TMAX,169,,,a,
ASN00082076,19910415,TMAX,188,,,a,
ASN00082076,19910416,TMAX,190,,,a,
ASN00082076,19910417,TMAX,186,,,a,
ASN00082076,19910418,TMAX,202,,,a,
ASN00082076,19910419,TMAX,184,,,a,
ASN00082076,19910420,TMAX,230,,,a,
ASN00082076,19910421,TMAX,205,,,a,
ASN00082076,19910422,TMAX,162,,,a,
ASN00082076,19910423,TMAX,170,,,a,
ASN00082076,19910424,TMAX,190,,,a,
ASN00082076,19910425,TMAX,142,,,a,
ASN00082076,19910426,TMAX,160,,,a,
ASN00082076,19910427,TMAX,175,,,a,
ASN00082076,19910428,TMAX,199,,,a,
ASN00082076,19910429,TMAX,200,,,a,
ASN00082076,19910430,TMAX,177,,,a,
ASN00082076,19910401,TMIN,110,,,a,
ASN00082076,19910402,TMIN,15,,,a,
ASN00082076,19910403,TMIN,46,,,a,
ASN00082076,19910404,TMIN,50,,,a,
ASN00082076,19910405,TMIN,60,,,a,
ASN00082076,19910406,TMIN,65,,,a,
ASN00082076,19910407,TMIN,78,,,a,
ASN00082076,19910408,TMIN,80,,,a,
ASN00082076,19910409,TMIN,72,,,a,
ASN00082076,19910410,TMIN,74,,,a,
ASN00082076,19910411,TMIN,88,,,a,
ASN00082076,19910412,TMIN,66,,,a,
ASN00082076,19910413,TMIN,95,,,a,
ASN00082076,19910414,TMIN,138,,,a,
ASN00082076,19910415,TMIN,41,,,a,
ASN00082076,19910416,TMIN,38,,,a,
ASN00082076,19910417,TMIN,16,,,a,
ASN00082076,19910418,TMIN,47,,,a,
ASN00082076,19910419,TMIN,27,,,a,
ASN00082076,19910420,TMIN,52,,,a,
ASN00082076,19910421,TMIN,76,,,a,
ASN00082076,19910422,TMIN,15,,,a,
ASN00082076,19910423,TMIN,10,,,a,
ASN00082076,19910424,TMIN,22,,,a,
ASN00082076,19910425,TMIN,56,,,a,
ASN00082076,19910426,TMIN,85,,,a,
ASN00082076,19910427,TMIN,115,,,a,
ASN00082076,19910428,TMIN,35,,,a,
ASN00082076,19910429,TMIN,53,,,a,
ASN00082076,19910430,TMIN,57,,,a,
ASN00082076,19910401,PRCP,0,,,a,
ASN00082076,19910402,PRCP,26,,,a,
ASN00082076,19910403,PRCP,0,,,a,
ASN00082076,19910404,PRCP,0,,,a,
ASN00082076,19910405,PRCP,0,,,a,
ASN00082076,19910406,PRCP,0,,,a,
ASN00082076,19910407,PRCP,0,,,a,
ASN00082076,19910408,PRCP,0,,,a,
ASN00082076,19910409,PRCP,0,,,a,
ASN00082076,19910410,PRCP,0,,,a,
ASN00082076,19910411,PRCP,0,,,a,
ASN00082076,19910412,PRCP,90,,,a,
ASN00082076,19910413,PRCP,0,,,a,
ASN00082076,19910414,PRCP,80,,,a,
ASN00082076,19910415,PRCP,42,,,a,
ASN00082076,19910416,PRCP,0,,,a,
ASN00082076,19910417,PRCP,0,,,a,
ASN00082076,19910418,PRCP,0,,,a,
ASN00082076,19910419,PRCP,0,,,a,
ASN00082076,19910420,PRCP,0,,,a,
ASN00082076,19910421,PRCP,0,,,a,
ASN00082076,19910422,PRCP,0,,,a,
ASN00082076,19910423,PRCP,0,,,a,
ASN00082076,19910424,PRCP,0,,,a,
ASN00082076,19910425,PRCP,30,,,a,
ASN00082076,19910426,PRCP,0,,,a,
ASN00082076,19910427,PRCP,2,,,a,
ASN00082076,19910428,PRCP,0,,,a,
ASN00082076,19910429,PRCP,0,,,a,
ASN00082076,19910430,PRCP,0,,,a,
ASN00082076,19910501,TMAX,143,,,a,
ASN00082076,19910502,TMAX,166,,,a,
ASN00082076,19910503,TMAX,155,,,a,
ASN00082076,19910504,TMAX,192,,,a,
ASN00082076,19910505,TMAX,194,,,a,
ASN00082076,19910506,TMAX,147,,,a,
ASN00082076,19910507,TMAX,222,,,a,
ASN00082076,19910508,TMAX,151,,,a,
ASN00082076,19910509,TMAX,136,,,a,
ASN00082076,19910510,TMAX,147,,,a,
ASN00082076,19910511,TMAX,155,,,a,
ASN00082076,19910512,TMAX,174,,,a,
ASN00082076,19910513,TMAX,180,,,a,
ASN00082076,19910514,TMAX,183,,,a,
ASN00082076,19910515,TMAX,176,,,a,
ASN00082076,19910516,TMAX,125,,,a,
ASN00082076,19910517,TMAX,180,,,a,
ASN00082076,19910518,TMAX,182,,,a,
ASN00082076,19910519,TMAX,186,,,a,
ASN00082076,19910520,TMAX,180,,,a,
ASN00082076,19910521,TMAX,117,,,a,
ASN00082076,19910522,TMAX,141,,,a,
ASN00082076,19910523,TMAX,178,,,a,
ASN00082076,19910524,TMAX,180,,,a,
ASN00082076,19910525,TMAX,166,,,a,
ASN00082076,19910526,TMAX,190,,,a,
ASN00082076,19910527,TMAX,182,,,a,
ASN00082076,19910528,TMAX,182,,,a,
ASN00082076,19910529,TMAX,176,,,a,
ASN00082076,19910530,TMAX,164,,,a,
ASN00082076,19910531,TMAX,164,,,a,
ASN00082076,19910501,TMIN,82,,,a,
ASN00082076,19910502,TMIN,87,,,a,
ASN00082076,19910503,TMIN,-15,,,a,
ASN00082076,19910504,TMIN,25,,,a,
ASN00082076,19910505,TMIN,-5,,,a,
ASN00082076,19910506,TMIN,13,,,a,
ASN00082076,19910507,TMIN,41,,,a,
ASN00082076,19910508,TMIN,70,,,a,
ASN00082076,19910509,TMIN,77,,,a,
ASN00082076,19910510,TMIN,0,,,a,
ASN00082076,19910511,TMIN,30,,,a,
ASN00082076,19910512,TMIN,6,,,a,
ASN00082076,19910513,TMIN,28,,,a,
ASN00082076,19910514,TMIN,25,,,a,
ASN00082076,19910515,TMIN,14,,,a,
ASN00082076,19910516,TMIN,9,,,a,
ASN00082076,19910517,TMIN,25,,,a,
ASN00082076,19910518,TMIN,5,,,a,
ASN00082076,19910519,TMIN,15,,,a,
ASN00082076,19910520,TMIN,22,,,a,
ASN00082076,19910521,TMIN,57,,,a,
ASN00082076,19910522,TMIN,58,,,a,
ASN00082076,19910523,TMIN,78,,,a,
ASN00082076,19910524,TMIN,57,,,a,
ASN00082076,19910525,TMIN,45,,,a,
ASN00082076,19910526,TMIN,60,,,a,
ASN00082076,19910527,TMIN,46,,,a,
ASN00082076,19910528,TMIN,87,,,a,
ASN00082076,19910529,TMIN,111,,,a,
ASN00082076,19910530,TMIN,34,,,a,
ASN00082076,19910531,TMIN,-2,,,a,
ASN00082076,19910501,PRCP,0,,,a,
ASN00082076,19910502,PRCP,4,,,a,
ASN00082076,19910503,PRCP,0,,,a,
ASN00082076,19910504,PRCP,0,,,a,
ASN00082076,19910505,PRCP,0,,,a,
ASN00082076,19910506,PRCP,0,,,a,
ASN00082076,19910507,PRCP,0,,,a,
ASN00082076,19910508,PRCP,0,,,a,
ASN00082076,19910509,PRCP,22,,,a,
ASN00082076,19910510,PRCP,0,,,a,
ASN00082076,19910511,PRCP,0,,,a,
ASN00082076,19910512,PRCP,0,,,a,
ASN00082076,19910513,PRCP,0,,,a,
ASN00082076,19910514,PRCP,0,,,a,
ASN00082076,19910515,PRCP,0,,,a,
ASN00082076,19910516,PRCP,0,,,a,
ASN00082076,19910517,PRCP,0,,,a,
ASN00082076,19910518,PRCP,0,,,a,
ASN00082076,19910519,PRCP,0,,,a,
ASN00082076,19910520,PRCP,0,,,a,
ASN00082076,19910521,PRCP,0,,,a,
ASN00082076,19910522,PRCP,74,,,a,
ASN00082076,19910523,PRCP,4,,,a,
ASN00082076,19910524,PRCP,0,,,a,
ASN00082076,19910525,PRCP,0,,,a,
ASN00082076,19910526,PRCP,0,,,a,
ASN00082076,19910527,PRCP,0,,,a,
ASN00082076,19910528,PRCP,0,,,a,
ASN00082076,19910529,PRCP,0,,,a,
ASN00082076,19910530,PRCP,0,,,a,
ASN00082076,19910531,PRCP,0,,,a,
ASN00082076,19910601,TMAX,160,,,a,
ASN00082076,19910602,TMAX,175,,,a,
ASN00082076,19910603,TMAX,133,,,a,
ASN00082076,19910604,TMAX,166,,,a,
ASN00082076,19910605,TMAX,170,,,a,
ASN00082076,19910606,TMAX,142,,,a,
ASN00082076,19910607,TMAX,148,,,a,
ASN00082076,19910608,TMAX,155,,,a,
ASN00082076,19910609,TMAX,165,,,a,
ASN00082076,19910610,TMAX,172,,,a,
ASN00082076,19910611,TMAX,157,,,a,
ASN00082076,19910612,TMAX,145,,,a,
ASN00082076,19910613,TMAX,158,,,a,
ASN00082076,19910614,TMAX,166,,,a,
ASN00082076,19910615,TMAX,115,,,a,
ASN00082076,19910616,TMAX,140,,,a,
ASN00082076,19910617,TMAX,127,,,a,
ASN00082076,19910618,TMAX,137,,,a,
ASN00082076,19910619,TMAX,137,,,a,
ASN00082076,19910620,TMAX,106,,,a,
ASN00082076,19910621,TMAX,142,,,a,
ASN00082076,19910622,TMAX,126,,,a,
ASN00082076,19910623,TMAX,120,,,a,
ASN00082076,19910624,TMAX,142,,,a,
ASN00082076,19910625,TMAX,168,,,a,
ASN00082076,19910626,TMAX,158,,,a,
ASN00082076,19910627,TMAX,125,,,a,
ASN00082076,19910628,TMAX,150,,,a,
ASN00082076,19910629,TMAX,108,,,a,
ASN00082076,19910630,TMAX,125,,,a,
ASN00082076,19910601,TMIN,2,,,a,
ASN00082076,19910602,TMIN,32,,,a,
ASN00082076,19910603,TMIN,66,,,a,
ASN00082076,19910604,TMIN,78,,,a,
ASN00082076,19910605,TMIN,32,,,a,
ASN00082076,19910606,TMIN,39,,,a,
ASN00082076,19910607,TMIN,63,,,a,
ASN00082076,19910608,TMIN,105,,,a,
ASN00082076,19910609,TMIN,85,,,a,
ASN00082076,19910610,TMIN,102,,,a,
ASN00082076,19910611,TMIN,106,,,a,
ASN00082076,19910612,TMIN,103,,,a,
ASN00082076,19910613,TMIN,97,,,a,
ASN00082076,19910614,TMIN,98,,,a,
ASN00082076,19910615,TMIN,75,,,a,
ASN00082076,19910616,TMIN,35,,,a,
ASN00082076,19910617,TMIN,93,,,a,
ASN00082076,19910618,TMIN,24,,,a,
ASN00082076,19910619,TMIN,13,,,a,
ASN00082076,19910620,TMIN,44,,,a,
ASN00082076,19910621,TMIN,52,,,a,
ASN00082076,19910622,TMIN,16,,,a,
ASN00082076,19910623,TMIN,32,,,a,
ASN00082076,19910624,TMIN,65,,,a,
ASN00082076,19910625,TMIN,101,,,a,
ASN00082076,19910626,TMIN,115,,,a,
ASN00082076,19910627,TMIN,-12,,,a,
ASN00082076,19910628,TMIN,7,,,a,
ASN00082076,19910629,TMIN,20,,,a,
ASN00082076,19910630,TMIN,68,,,a,
ASN00082076,19910601,PRCP,0,,,a,
ASN00082076,19910602,PRCP,0,,,a,
ASN00082076,19910603,PRCP,90,,,a,
ASN00082076,19910604,PRCP,190,,,a,
ASN00082076,19910605,PRCP,0,,,a,
ASN00082076,19910606,PRCP,0,,,a,
ASN00082076,19910607,PRCP,116,,,a,
ASN00082076,19910608,PRCP,134,,,a,
ASN00082076,19910609,PRCP,26,,,a,
ASN00082076,19910610,PRCP,14,,,a,
ASN00082076,19910611,PRCP,2,,,a,
ASN00082076,19910612,PRCP,34,,,a,
ASN00082076,19910613,PRCP,32,,,a,
ASN00082076,19910614,PRCP,16,,,a,
ASN00082076,19910615,PRCP,0,,,a,
ASN00082076,19910616,PRCP,110,,,a,
ASN00082076,19910617,PRCP,70,,,a,
ASN00082076,19910618,PRCP,4,,,a,
ASN00082076,19910619,PRCP,0,,,a,
ASN00082076,19910620,PRCP,0,,,a,
ASN00082076,19910621,PRCP,110,,,a,
ASN00082076,19910622,PRCP,94,,,a,
ASN00082076,19910623,PRCP,4,,,a,
ASN00082076,19910624,PRCP,224,,,a,
ASN00082076,19910625,PRCP,8,,,a,
ASN00082076,19910626,PRCP,108,,,a,
ASN00082076,19910627,PRCP,0,,,a,
ASN00082076,19910628,PRCP,0,,,a,
ASN00082076,19910629,PRCP,264,,,a,
ASN00082076,19910630,PRCP,64,,,a,
ASN00082076,19910701,TMAX,151,,,a,
ASN00082076,19910702,TMAX,148,,,a,
ASN00082076,19910703,TMAX,148,,,a,
ASN00082076,19910704,TMAX,129,,,a,
ASN00082076,19910705,TMAX,115,,,a,
ASN00082076,19910706,TMAX,125,,,a,
ASN00082076,19910707,TMAX,130,,,a,
ASN00082076,19910708,TMAX,102,,,a,
ASN00082076,19910709,TMAX,103,,,a,
ASN00082076,19910710,TMAX,82,,,a,
ASN00082076,19910711,TMAX,80,,,a,
ASN00082076,19910712,TMAX,125,,,a,
ASN00082076,19910713,TMAX,78,,,a,
ASN00082076,19910714,TMAX,138,,,a,
ASN00082076,19910715,TMAX,132,,,a,
ASN00082076,19910716,TMAX,132,,,a,
ASN00082076,19910717,TMAX,117,,,a,
ASN00082076,19910718,TMAX,92,,,a,
ASN00082076,19910719,TMAX,136,,,a,
ASN00082076,19910720,TMAX,133,,,a,
ASN00082076,19910721,TMAX,102,,,a,
ASN00082076,19910722,TMAX,108,,,a,
ASN00082076,19910723,TMAX,103,,,a,
ASN00082076,19910724,TMAX,80,,,a,
ASN00082076,19910725,TMAX,92,,,a,
ASN00082076,19910726,TMAX,108,,,a,
ASN00082076,19910727,TMAX,87,,,a,
ASN00082076,19910728,TMAX,116,,,a,
ASN00082076,19910729,TMAX,108,,,a,
ASN00082076,19910730,TMAX,107,,,a,
ASN00082076,19910731,TMAX,85,,,a,
ASN00082076,19910701,TMIN,54,,,a,
ASN00082076,19910702,TMIN,19,,,a,
ASN00082076,19910703,TMIN,18,,,a,
ASN00082076,19910704,TMIN,31,,,a,
ASN00082076,19910705,TMIN,43,,,a,
ASN00082076,19910706,TMIN,72,,,a,
ASN00082076,19910707,TMIN,25,,,a,
ASN00082076,19910708,TMIN,10,,,a,
ASN00082076,19910709,TMIN,55,,,a,
ASN00082076,19910710,TMIN,66,,,a,
ASN00082076,19910711,TMIN,47,,,a,
ASN00082076,19910712,TMIN,48,,,a,
ASN00082076,19910713,TMIN,50,,,a,
ASN00082076,19910714,TMIN,42,,,a,
ASN00082076,19910715,TMIN,41,,,a,
ASN00082076,19910716,TMIN,12,,,a,
ASN00082076,19910717,TMIN,-10,,,a,
ASN00082076,19910718,TMIN,13,,,a,
ASN00082076,19910719,TMIN,39,,,a,
ASN00082076,19910720,TMIN,52,,,a,
ASN00082076,19910721,TMIN,15,,,a,
ASN00082076,19910722,TMIN,23,,,a,
ASN00082076,19910723,TMIN,-32,,,a,
ASN00082076,19910724,TMIN,-6,,,a,
ASN00082076,19910725,TMIN,12,,,a,
ASN00082076,19910726,TMIN,-13,,,a,
ASN00082076,19910727,TMIN,10,,,a,
ASN00082076,19910728,TMIN,22,,,a,
ASN00082076,19910729,TMIN,22,,,a,
ASN00082076,19910730,TMIN,37,,,a,
ASN00082076,19910731,TMIN,57,,,a,
ASN00082076,19910701,PRCP,4,,,a,
ASN00082076,19910702,PRCP,0,,,a,
ASN00082076,19910703,PRCP,0,,,a,
ASN00082076,19910704,PRCP,0,,,a,
ASN00082076,19910705,PRCP,112,,,a,
ASN00082076,19910706,PRCP,104,,,a,
ASN00082076,19910707,PRCP,0,,,a,
ASN00082076,19910708,PRCP,0,,,a,
ASN00082076,19910709,PRCP,74,,,a,
ASN00082076,19910710,PRCP,118,,,a,
ASN00082076,19910711,PRCP,372,,,a,
ASN00082076,19910712,PRCP,152,,,a,
ASN00082076,19910713,PRCP,12,,,a,
ASN00082076,19910714,PRCP,214,,,a,
ASN00082076,19910715,PRCP,0,,,a,
ASN00082076,19910716,PRCP,0,,,a,
ASN00082076,19910717,PRCP,0,,,a,
ASN00082076,19910718,PRCP,0,,,a,
ASN00082076,19910719,PRCP,18,,,a,
ASN00082076,19910720,PRCP,4,,,a,
ASN00082076,19910721,PRCP,0,,,a,
ASN00082076,19910722,PRCP,0,,,a,
ASN00082076,19910723,PRCP,0,,,a,
ASN00082076,19910724,PRCP,6,,,a,
ASN00082076,19910725,PRCP,8,,,a,
ASN00082076,19910726,PRCP,6,,,a,
ASN00082076,19910727,PRCP,0,,,a,
ASN00082076,19910728,PRCP,158,,,a,
ASN00082076,19910729,PRCP,16,,,a,
ASN00082076,19910730,PRCP,6,,,a,
ASN00082076,19910731,PRCP,14,,,a,
ASN00082076,19910801,TMAX,95,,,a,
ASN00082076,19910802,TMAX,114,,,a,
ASN00082076,19910803,TMAX,96,,,a,
ASN00082076,19910804,TMAX,151,,,a,
ASN00082076,19910805,TMAX,137,,,a,
ASN00082076,19910806,TMAX,108,,,a,
ASN00082076,19910807,TMAX,102,,,a,
ASN00082076,19910808,TMAX,78,,,a,
ASN00082076,19910809,TMAX,80,,,a,
ASN00082076,19910810,TMAX,117,,,a,
ASN00082076,19910811,TMAX,122,,,a,
ASN00082076,19910812,TMAX,123,,,a,
ASN00082076,19910813,TMAX,117,,,a,
ASN00082076,19910814,TMAX,93,,,a,
ASN00082076,19910815,TMAX,97,,,a,
ASN00082076,19910816,TMAX,105,,,a,
ASN00082076,19910817,TMAX,122,,,a,
ASN00082076,19910818,TMAX,142,,,a,
ASN00082076,19910819,TMAX,134,,,a,
ASN00082076,19910820,TMAX,82,,,a,
ASN00082076,19910821,TMAX,87,,,a,
ASN00082076,19910822,TMAX,92,,,a,
ASN00082076,19910823,TMAX,108,,,a,
ASN00082076,19910824,TMAX,88,,,a,
ASN00082076,19910825,TMAX,107,,,a,
ASN00082076,19910826,TMAX,137,,,a,
ASN00082076,19910827,TMAX,141,,,a,
ASN00082076,19910828,TMAX,124,,,a,
ASN00082076,19910829,TMAX,121,,,a,
ASN00082076,19910830,TMAX,72,,,a,
ASN00082076,19910831,TMAX,100,,,a,
ASN00082076,19910801,TMIN,48,,,a,
ASN00082076,19910802,TMIN,51,,,a,
ASN00082076,19910803,TMIN,5,,,a,
ASN00082076,19910804,TMIN,25,,,a,
ASN00082076,19910805,TMIN,35,,,a,
ASN00082076,19910806,TMIN,58,,,a,
ASN00082076,19910807,TMIN,55,,,a,
ASN00082076,19910808,TMIN,33,,,a,
ASN00082076,19910809,TMIN,20,,,a,
ASN00082076,19910810,TMIN,29,,,a,
ASN00082076,19910811,TMIN,40,,,a,
ASN00082076,19910812,TMIN,56,,,a,
ASN00082076,19910813,TMIN,62,,,a,
ASN00082076,19910814,TMIN,28,,,a,
ASN00082076,19910815,TMIN,53,,,a,
ASN00082076,19910816,TMIN,-12,,,a,
ASN00082076,19910817,TMIN,-14,,,a,
ASN00082076,19910818,TMIN,-15,,,a,
ASN00082076,19910819,TMIN,-10,,,a,
ASN00082076,19910820,TMIN,-6,,,a,
ASN00082076,19910821,TMIN,7,,,a,
ASN00082076,19910822,TMIN,32,,,a,
ASN00082076,19910823,TMIN,50,,,a,
ASN00082076,19910824,TMIN,24,,,a,
ASN00082076,19910825,TMIN,12,,,a,
ASN00082076,19910826,TMIN,32,,,a,
ASN00082076,19910827,TMIN,4,,,a,
ASN00082076,19910828,TMIN,32,,,a,
ASN00082076,19910829,TMIN,10,,,a,
ASN00082076,19910830,TMIN,41,,,a,
ASN00082076,19910831,TMIN,28,,,a,
ASN00082076,19910801,PRCP,84,,,a,
ASN00082076,19910802,PRCP,22,,,a,
ASN00082076,19910803,PRCP,0,,,a,
ASN00082076,19910804,PRCP,2,,,a,
ASN00082076,19910805,PRCP,16,,,a,
ASN00082076,19910806,PRCP,164,,,a,
ASN00082076,19910807,PRCP,36,,,a,
ASN00082076,19910808,PRCP,256,,,a,
ASN00082076,19910809,PRCP,46,,,a,
ASN00082076,19910810,PRCP,14,,,a,
ASN00082076,19910811,PRCP,0,,,a,
ASN00082076,19910812,PRCP,0,,,a,
ASN00082076,19910813,PRCP,20,,,a,
ASN00082076,19910814,PRCP,72,,,a,
ASN00082076,19910815,PRCP,66,,,a,
ASN00082076,19910816,PRCP,158,,,a,
ASN00082076,19910817,PRCP,0,,,a,
ASN00082076,19910818,PRCP,0,,,a,
ASN00082076,19910819,PRCP,0,,,a,
ASN00082076,19910820,PRCP,0,,,a,
ASN00082076,19910821,PRCP,286,,,a,
ASN00082076,19910822,PRCP,102,,,a,
ASN00082076,19910823,PRCP,140,,,a,
ASN00082076,19910824,PRCP,144,,,a,
ASN00082076,19910825,PRCP,8,,,a,
ASN00082076,19910826,PRCP,14,,,a,
ASN00082076,19910827,PRCP,0,,,a,
ASN00082076,19910828,PRCP,310,,,a,
ASN00082076,19910829,PRCP,40,,,a,
ASN00082076,19910830,PRCP,162,,,a,
ASN00082076,19910831,PRCP,124,,,a,
ASN00082076,19910901,TMAX,123,,,a,
ASN00082076,19910902,TMAX,103,,,a,
ASN00082076,19910903,TMAX,165,,,a,
ASN00082076,19910904,TMAX,162,,,a,
ASN00082076,19910905,TMAX,187,,,a,
ASN00082076,19910906,TMAX,213,,,a,
ASN00082076,19910907,TMAX,209,,,a,
ASN00082076,19910908,TMAX,170,,,a,
ASN00082076,19910909,TMAX,185,,,a,
ASN00082076,19910910,TMAX,104,,,a,
ASN00082076,19910911,TMAX,99,,,a,
ASN00082076,19910912,TMAX,112,,,a,
ASN00082076,19910913,TMAX,125,,,a,
ASN00082076,19910914,TMAX,154,,,a,
ASN00082076,19910915,TMAX,188,,,a,
ASN00082076,19910916,TMAX,162,,,a,
ASN00082076,19910917,TMAX,100,,,a,
ASN00082076,19910918,TMAX,112,,,a,
ASN00082076,19910919,TMAX,102,,,a,
ASN00082076,19910920,TMAX,101,,,a,
ASN00082076,19910921,TMAX,104,,,a,
ASN00082076,19910922,TMAX,148,,,a,
ASN00082076,19910923,TMAX,159,,,a,
ASN00082076,19910924,TMAX,193,,,a,
ASN00082076,19910925,TMAX,186,,,a,
ASN00082076,19910926,TMAX,190,,,a,
ASN00082076,19910927,TMAX,170,,,a,
ASN00082076,19910928,TMAX,158,,,a,
ASN00082076,19910929,TMAX,158,,,a,
ASN00082076,19910930,TMAX,191,,,a,
ASN00082076,19910901,TMIN,2,,,a,
ASN00082076,19910902,TMIN,37,,,a,
ASN00082076,19910903,TMIN,40,,,a,
ASN00082076,19910904,TMIN,27,,,a,
ASN00082076,19910905,TMIN,50,,,a,
ASN00082076,19910906,TMIN,44,,,a,
ASN00082076,19910907,TMIN,43,,,a,
ASN00082076,19910908,TMIN,71,,,a,
ASN00082076,19910909,TMIN,73,,,a,
ASN00082076,19910910,TMIN,60,,,a,
ASN00082076,19910911,TMIN,68,,,a,
ASN00082076,19910912,TMIN,0,,,a,
ASN00082076,19910913,TMIN,-11,,,a,
ASN00082076,19910914,TMIN,25,,,a,
ASN00082076,19910915,TMIN,58,,,a,
ASN00082076,19910916,TMIN,82,,,a,
ASN00082076,19910917,TMIN,61,,,a,
ASN00082076,19910918,TMIN,65,,,a,
ASN00082076,19910919,TMIN,68,,,a,
ASN00082076,19910920,TMIN,23,,,a,
ASN00082076,19910921,TMIN,48,,,a,
ASN00082076,19910922,TMIN,-11,,,a,
ASN00082076,19910923,TMIN,28,,,a,
ASN00082076,19910924,TMIN,7,,,a,
ASN00082076,19910925,TMIN,47,,,a,
ASN00082076,19910926,TMIN,82,,,a,
ASN00082076,19910927,TMIN,28,,,a,
ASN00082076,19910928,TMIN,82,,,a,
ASN00082076,19910929,TMIN,100,,,a,
ASN00082076,19910930,TMIN,63,,,a,
ASN00082076,19910901,PRCP,10,,,a,
ASN00082076,19910902,PRCP,0,,,a,
ASN00082076,19910903,PRCP,4,,,a,
ASN00082076,19910904,PRCP,0,,,a,
ASN00082076,19910905,PRCP,0,,,a,
ASN00082076,19910906,PRCP,0,,,a,
ASN00082076,19910907,PRCP,0,,,a,
ASN00082076,19910908,PRCP,86,,,a,
ASN00082076,19910909,PRCP,0,,,a,
ASN00082076,19910910,PRCP,0,,,a,
ASN00082076,19910911,PRCP,196,,,a,
ASN00082076,19910912,PRCP,72,,,a,
ASN00082076,19910913,PRCP,0,,,a,
ASN00082076,19910914,PRCP,0,,,a,
ASN00082076,19910915,PRCP,2,,,a,
ASN00082076,19910916,PRCP,90,,,a,
ASN00082076,19910917,PRCP,136,,,a,
ASN00082076,19910918,PRCP,244,,,a,
ASN00082076,19910919,PRCP,54,,,a,
ASN00082076,19910920,PRCP,48,,,a,
ASN00082076,19910921,PRCP,116,,,a,
ASN00082076,19910922,PRCP,124,,,a,
ASN00082076,19910923,PRCP,0,,,a,
ASN00082076,19910924,PRCP,0,,,a,
ASN00082076,19910925,PRCP,0,,,a,
ASN00082076,19910926,PRCP,6,,,a,
ASN00082076,19910927,PRCP,34,,,a,
ASN00082076,19910928,PRCP,18,,,a,
ASN00082076,19910929,PRCP,0,,,a,
ASN00082076,19910930,PRCP,0,,,a,
ASN00082076,19911001,TMAX,213,,,a,
ASN00082076,19911002,TMAX,268,,,a,
ASN00082076,19911003,TMAX,288,,,a,
ASN00082076,19911004,TMAX,280,,,a,
ASN00082076,19911005,TMAX,274,,,a,
ASN00082076,19911006,TMAX,222,,,a,
ASN00082076,19911007,TMAX,198,,,a,
ASN00082076,19911008,TMAX,175,,,a,
ASN00082076,19911009,TMAX,190,,,a,
ASN00082076,19911010,TMAX,195,,,a,
ASN00082076,19911011,TMAX,210,,,a,
ASN00082076,19911012,TMAX,235,,,a,
ASN00082076,19911013,TMAX,241,,,a,
ASN00082076,19911014,TMAX,245,,,a,
ASN00082076,19911015,TMAX,276,,,a,
ASN00082076,19911016,TMAX,160,,,a,
ASN00082076,19911017,TMAX,195,,,a,
ASN00082076,19911018,TMAX,210,,,a,
ASN00082076,19911019,TMAX,244,,,a,
ASN00082076,19911020,TMAX,271,,,a,
ASN00082076,19911021,TMAX,210,,,a,
ASN00082076,19911022,TMAX,221,,,a,
ASN00082076,19911023,TMAX,248,,,a,
ASN00082076,19911024,TMAX,236,,,a,
ASN00082076,19911025,TMAX,203,,,a,
ASN00082076,19911026,TMAX,191,,,a,
ASN00082076,19911027,TMAX,170,,,a,
ASN00082076,19911028,TMAX,232,,,a,
ASN00082076,19911029,TMAX,248,,,a,
ASN00082076,19911030,TMAX,260,,,a,
ASN00082076,19911031,TMAX,187,,,a,
ASN00082076,19911001,TMIN,41,,,a,
ASN00082076,19911002,TMIN,65,,,a,
ASN00082076,19911003,TMIN,86,,,a,
ASN00082076,19911004,TMIN,100,,,a,
ASN00082076,19911005,TMIN,94,,,a,
ASN00082076,19911006,TMIN,97,,,a,
ASN00082076,19911007,TMIN,68,,,a,
ASN00082076,19911008,TMIN,67,,,a,
ASN00082076,19911009,TMIN,22,,,a,
ASN00082076,19911010,TMIN,38,,,a,
ASN00082076,19911011,TMIN,30,,,a,
ASN00082076,19911012,TMIN,40,,,a,
ASN00082076,19911013,TMIN,55,,,a,
ASN00082076,19911014,TMIN,57,,,a,
ASN00082076,19911015,TMIN,62,,,a,
ASN00082076,19911016,TMIN,117,,,a,
ASN00082076,19911017,TMIN,18,,,a,
ASN00082076,19911018,TMIN,26,,,a,
ASN00082076,19911019,TMIN,40,,,a,
ASN00082076,19911020,TMIN,68,,,a,
ASN00082076,19911021,TMIN,102,,,a,
ASN00082076,19911022,TMIN,54,,,a,
ASN00082076,19911023,TMIN,106,,,a,
ASN00082076,19911024,TMIN,68,,,a,
ASN00082076,19911025,TMIN,95,,,a,
ASN00082076,19911026,TMIN,54,,,a,
ASN00082076,19911027,TMIN,75,,,a,
ASN00082076,19911028,TMIN,79,,,a,
ASN00082076,19911029,TMIN,67,,,a,
ASN00082076,19911030,TMIN,107,,,a,
ASN00082076,19911031,TMIN,145,,,a,
ASN00082076,19911001,PRCP,0,,,a,
ASN00082076,19911002,PRCP,0,,,a,
ASN00082076,19911003,PRCP,0,,,a,
ASN00082076,19911004,PRCP,0,,,a,
ASN00082076,19911005,PRCP,0,,,a,
ASN00082076,19911006,PRCP,0,,,a,
ASN00082076,19911007,PRCP,16,,,a,
ASN00082076,19911008,PRCP,0,,,a,
ASN00082076,19911009,PRCP,0,,,a,
ASN00082076,19911010,PRCP,0,,,a,
ASN00082076,19911011,PRCP,0,,,a,
ASN00082076,19911012,PRCP,0,,,a,
ASN00082076,19911013,PRCP,0,,,a,
ASN00082076,19911014,PRCP,0,,,a,
ASN00082076,19911015,PRCP,0,,,a,
ASN00082076,19911016,PRCP,12,,,a,
ASN00082076,19911017,PRCP,6,,,a,
ASN00082076,19911018,PRCP,0,,,a,
ASN00082076,19911019,PRCP,0,,,a,
ASN00082076,19911020,PRCP,0,,,a,
ASN00082076,19911021,PRCP,0,,,a,
ASN00082076,19911022,PRCP,2,,,a,
ASN00082076,19911023,PRCP,0,,,a,
ASN00082076,19911024,PRCP,0,,,a,
ASN00082076,19911025,PRCP,4,,,a,
ASN00082076,19911026,PRCP,48,,,a,
ASN00082076,19911027,PRCP,22,,,a,
ASN00082076,19911028,PRCP,0,,,a,
ASN00082076,19911029,PRCP,0,,,a,
ASN00082076,19911030,PRCP,0,,,a,
ASN00082076,19911031,PRCP,112,,,a,
ASN00082076,19911101,TMAX,202,,,a,
ASN00082076,19911102,TMAX,240,,,a,
ASN00082076,19911103,TMAX,253,,,a,
ASN00082076,19911104,TMAX,178,,,a,
ASN00082076,19911105,TMAX,222,,,a,
ASN00082076,19911106,TMAX,218,,,a,
ASN00082076,19911107,TMAX,187,,,a,
ASN00082076,19911108,TMAX,150,,,a,
ASN00082076,19911109,TMAX,165,,,a,
ASN00082076,19911110,TMAX,187,,,a,
ASN00082076,19911111,TMAX,210,,,a,
ASN00082076,19911112,TMAX,227,,,a,
ASN00082076,19911113,TMAX,219,,,a,
ASN00082076,19911114,TMAX,242,,,a,
ASN00082076,19911115,TMAX,191,,,a,
ASN00082076,19911116,TMAX,230,,,a,
ASN00082076,19911117,TMAX,240,,,a,
ASN00082076,19911118,TMAX,265,,,a,
ASN00082076,19911119,TMAX,318,,,a,
ASN00082076,19911120,TMAX,202,,,a,
ASN00082076,19911121,TMAX,235,,,a,
ASN00082076,19911122,TMAX,264,,,a,
ASN00082076,19911123,TMAX,285,,,a,
ASN00082076,19911124,TMAX,301,,,a,
ASN00082076,19911125,TMAX,319,,,a,
ASN00082076,19911126,TMAX,268,,,a,
ASN00082076,19911127,TMAX,233,,,a,
ASN00082076,19911128,TMAX,244,,,a,
ASN00082076,19911129,TMAX,242,,,a,
ASN00082076,19911130,TMAX,201,,,a,
ASN00082076,19911101,TMIN,72,,,a,
ASN00082076,19911102,TMIN,55,,,a,
ASN00082076,19911103,TMIN,125,,,a,
ASN00082076,19911104,TMIN,151,,,a,
ASN00082076,19911105,TMIN,69,,,a,
ASN00082076,19911106,TMIN,84,,,a,
ASN00082076,19911107,TMIN,113,,,a,
ASN00082076,19911108,TMIN,67,,,a,
ASN00082076,19911109,TMIN,67,,,a,
ASN00082076,19911110,TMIN,25,,,a,
ASN00082076,19911111,TMIN,21,,,a,
ASN00082076,19911112,TMIN,48,,,a,
ASN00082076,19911113,TMIN,101,,,a,
ASN00082076,19911114,TMIN,108,,,a,
ASN00082076,19911115,TMIN,68,,,a,
ASN00082076,19911116,TMIN,75,,,a,
ASN00082076,19911117,TMIN,70,,,a,
ASN00082076,19911118,TMIN,53,,,a,
ASN00082076,19911119,TMIN,90,,,a,
ASN00082076,19911120,TMIN,65,,,a,
ASN00082076,19911121,TMIN,93,,,a,
ASN00082076,19911122,TMIN,82,,,a,
ASN00082076,19911123,TMIN,95,,,a,
ASN00082076,19911124,TMIN,125,,,a,
ASN00082076,19911125,TMIN,115,,,a,
ASN00082076,19911126,TMIN,168,,,a,
ASN00082076,19911127,TMIN,72,,,a,
ASN00082076,19911128,TMIN,87,,,a,
ASN00082076,19911129,TMIN,77,,,a,
ASN00082076,19911130,TMIN,74,,,a,
ASN00082076,19911101,PRCP,0,,,a,
ASN00082076,19911102,PRCP,0,,,a,
ASN00082076,19911103,PRCP,0,,,a,
ASN00082076,19911104,PRCP,120,,,a,
ASN00082076,19911105,PRCP,64,,,a,
ASN00082076,19911106,PRCP,0,,,a,
ASN00082076,19911107,PRCP,0,,,a,
ASN00082076,19911108,PRCP,4,,,a,
ASN00082076,19911109,PRCP,0,,,a,
ASN00082076,19911110,PRCP,0,,,a,
ASN00082076,19911111,PRCP,0,,,a,
ASN00082076,19911112,PRCP,0,,,a,
ASN00082076,19911113,PRCP,0,,,a,
ASN00082076,19911114,PRCP,0,,,a,
ASN00082076,19911115,PRCP,0,,,a,
ASN00082076,19911116,PRCP,2,,,a,
ASN00082076,19911117,PRCP,0,,,a,
ASN00082076,19911118,PRCP,0,,,a,
ASN00082076,19911119,PRCP,0,,,a,
ASN00082076,19911120,PRCP,12,,,a,
ASN00082076,19911121,PRCP,0,,,a,
ASN00082076,19911122,PRCP,0,,,a,
ASN00082076,19911123,PRCP,0,,,a,
ASN00082076,19911124,PRCP,0,,,a,
ASN00082076,19911125,PRCP,0,,,a,
ASN00082076,19911126,PRCP,20,,,a,
ASN00082076,19911127,PRCP,28,,,a,
ASN00082076,19911128,PRCP,0,,,a,
ASN00082076,19911129,PRCP,0,,,a,
ASN00082076,19911130,PRCP,0,,,a,
ASN00082076,19911201,TMAX,248,,,a,
ASN00082076,19911202,TMAX,258,,,a,
ASN00082076,19911203,TMAX,300,,,a,
ASN00082076,19911204,TMAX,208,,,a,
ASN00082076,19911205,TMAX,247,,,a,
ASN00082076,19911206,TMAX,250,,,a,
ASN00082076,19911207,TMAX,280,,,a,
ASN00082076,19911208,TMAX,302,,,a,
ASN00082076,19911209,TMAX,328,,,a,
ASN00082076,19911210,TMAX,210,,,a,
ASN00082076,19911211,TMAX,196,,,a,
ASN00082076,19911212,TMAX,236,,,a,
ASN00082076,19911213,TMAX,233,,,a,
ASN00082076,19911214,TMAX,211,,,a,
ASN00082076,19911215,TMAX,217,,,a,
ASN00082076,19911216,TMAX,150,,,a,
ASN00082076,19911217,TMAX,172,,,a,
ASN00082076,19911218,TMAX,138,,,a,
ASN00082076,19911219,TMAX,193,,,a,
ASN00082076,19911220,TMAX,230,,,a,
ASN00082076,19911221,TMAX,260,,,a,
ASN00082076,19911222,TMAX,272,,,a,
ASN00082076,19911223,TMAX,285,,,a,
ASN00082076,19911224,TMAX,288,,,a,
ASN00082076,19911225,TMAX,325,,,a,
ASN00082076,19911226,TMAX,278,,,a,
ASN00082076,19911227,TMAX,351,,,a,
ASN00082076,19911228,TMAX,276,,,a,
ASN00082076,19911229,TMAX,258,,,a,
ASN00082076,19911230,TMAX,272,,,a,
ASN00082076,19911231,TMAX,205,,,a,
ASN00082076,19911201,TMIN,106,,,a,
ASN00082076,19911202,TMIN,77,,,a,
ASN00082076,19911203,TMIN,85,,,a,
ASN00082076,19911204,TMIN,142,,,a,
ASN00082076,19911205,TMIN,85,,,a,
ASN00082076,19911206,TMIN,77,,,a,
ASN00082076,19911207,TMIN,140,,,a,
ASN00082076,19911208,TMIN,100,,,a,
ASN00082076,19911209,TMIN,98,,,a,
ASN00082076,19911210,TMIN,168,,,a,
ASN00082076,19911211,TMIN,99,,,a,
ASN00082076,19911212,TMIN,117,,,a,
ASN00082076,19911213,TMIN,145,,,a,
ASN00082076,19911214,TMIN,152,,,a,
ASN00082076,19911215,TMIN,152,,,a,
ASN00082076,19911216,TMIN,122,,,a,
ASN00082076,19911217,TMIN,118,,,a,
ASN00082076,19911218,TMIN,83,,,a,
ASN00082076,19911219,TMIN,83,,,a,
ASN00082076,19911220,TMIN,78,,,a,
ASN00082076,19911221,TMIN,92,,,a,
ASN00082076,19911222,TMIN,113,,,a,
ASN00082076,19911223,TMIN,114,,,a,
ASN00082076,19911224,TMIN,107,,,a,
ASN00082076,19911225,TMIN,126,,,a,
ASN00082076,19911226,TMIN,148,,,a,
ASN00082076,19911227,TMIN,161,,,a,
ASN00082076,19911228,TMIN,196,,,a,
ASN00082076,19911229,TMIN,155,,,a,
ASN00082076,19911230,TMIN,153,,,a,
ASN00082076,19911231,TMIN,144,,,a,
ASN00082076,19911201,PRCP,0,,,a,
ASN00082076,19911202,PRCP,0,,,a,
ASN00082076,19911203,PRCP,0,,,a,
ASN00082076,19911204,PRCP,0,,,a,
ASN00082076,19911205,PRCP,0,,,a,
ASN00082076,19911206,PRCP,0,,,a,
ASN00082076,19911207,PRCP,0,,,a,
ASN00082076,19911208,PRCP,0,,,a,
ASN00082076,19911209,PRCP,0,,,a,
ASN00082076,19911210,PRCP,0,,,a,
ASN00082076,19911211,PRCP,234,,,a,
ASN00082076,19911212,PRCP,0,,,a,
ASN00082076,19911213,PRCP,4,,,a,
ASN00082076,19911214,PRCP,12,,,a,
ASN00082076,19911215,PRCP,104,,,a,
ASN00082076,19911216,PRCP,38,,,a,
ASN00082076,19911217,PRCP,24,,,a,
ASN00082076,19911218,PRCP,20,,,a,
ASN00082076,19911219,PRCP,104,,,a,
ASN00082076,19911220,PRCP,0,,,a,
ASN00082076,19911221,PRCP,16,,,a,
ASN00082076,19911222,PRCP,0,,,a,
ASN00082076,19911223,PRCP,0,,,a,
ASN00082076,19911224,PRCP,0,,,a,
ASN00082076,19911225,PRCP,0,,,a,
ASN00082076,19911226,PRCP,0,,,a,
ASN00082076,19911227,PRCP,0,,,a,
ASN00082076,19911228,PRCP,0,,,a,
ASN00082076,19911229,PRCP,0,,,a,
ASN00082076,19911230,PRCP,0,,,a,
ASN00082076,19911231,PRCP,212,,,a,
ASN00082076,19920101,TMAX,260,,,a,
ASN00082076,19920102,TMAX,275,,,a,
ASN00082076,19920103,TMAX,265,,,a,
ASN00082076,19920104,TMAX,185,,,a,
ASN00082076,19920105,TMAX,181,,,a,
ASN00082076,19920106,TMAX,238,,,a,
ASN00082076,19920107,TMAX,238,,,a,
ASN00082076,19920108,TMAX,195,,,a,
ASN00082076,19920109,TMAX,212,,,a,
ASN00082076,19920110,TMAX,195,,,a,
ASN00082076,19920111,TMAX,256,,,a,
ASN00082076,19920112,TMAX,263,,,a,
ASN00082076,19920113,TMAX,275,,,a,
ASN00082076,19920114,TMAX,268,,,a,
ASN00082076,19920115,TMAX,277,,,a,
ASN00082076,19920116,TMAX,258,,,a,
ASN00082076,19920117,TMAX,240,,,a,
ASN00082076,19920118,TMAX,265,,,a,
ASN00082076,19920119,TMAX,293,,,a,
ASN00082076,19920120,TMAX,349,,,a,
ASN00082076,19920121,TMAX,369,,,a,
ASN00082076,19920122,TMAX,372,,,a,
ASN00082076,19920123,TMAX,315,,,a,
ASN00082076,19920124,TMAX,232,,,a,
ASN00082076,19920125,TMAX,256,,,a,
ASN00082076,19920126,TMAX,252,,,a,
ASN00082076,19920127,TMAX,269,,,a,
ASN00082076,19920128,TMAX,238,,,a,
ASN00082076,19920129,TMAX,275,,,a,
ASN00082076,19920130,TMAX,294,,,a,
ASN00082076,19920131,TMAX,314,,,a,
ASN00082076,19920101,TMIN,155,,,a,
ASN00082076,19920102,TMIN,132,,,a,
ASN00082076,19920103,TMIN,155,,,a,
ASN00082076,19920104,TMIN,120,,,a,
ASN00082076,19920105,TMIN,114,,,a,
ASN00082076,19920106,TMIN,100,,,a,
ASN00082076,19920107,TMIN,116,,,a,
ASN00082076,19920108,TMIN,137,,,a,
ASN00082076,19920109,TMIN,136,,,a,
ASN00082076,19920110,TMIN,145,,,a,
ASN00082076,19920111,TMIN,117,,,a,
ASN00082076,19920112,TMIN,142,,,a,
ASN00082076,19920113,TMIN,76,,,a,
ASN00082076,19920114,TMIN,142,,,a,
ASN00082076,19920115,TMIN,98,,,a,
ASN00082076,19920116,TMIN,102,,,a,
ASN00082076,19920117,TMIN,96,,,a,
ASN00082076,19920118,TMIN,115,,,a,
ASN00082076,19920119,TMIN,98,,,a,
ASN00082076,19920120,TMIN,119,,,a,
ASN00082076,19920121,TMIN,157,,,a,
ASN00082076,19920122,TMIN,178,,,a,
ASN00082076,19920123,TMIN,199,,,a,
ASN00082076,19920124,TMIN,161,,,a,
ASN00082076,19920125,TMIN,115,,,a,
ASN00082076,19920126,TMIN,84,,,a,
ASN00082076,19920127,TMIN,85,,,a,
ASN00082076,19920128,TMIN,94,,,a,
ASN00082076,19920129,TMIN,107,,,a,
ASN00082076,19920130,TMIN,106,,,a,
ASN00082076,19920131,TMIN,137,,,a,
ASN00082076,19920101,PRCP,506,,,a,
ASN00082076,19920102,PRCP,0,,,a,
ASN00082076,19920103,PRCP,0,,,a,
ASN00082076,19920104,PRCP,92,,,a,
ASN00082076,19920105,PRCP,84,,,a,
ASN00082076,19920106,PRCP,54,,,a,
ASN00082076,19920107,PRCP,0,,,a,
ASN00082076,19920108,PRCP,0,,,a,
ASN00082076,19920109,PRCP,32,,,a,
ASN00082076,19920110,PRCP,0,,,a,
ASN00082076,19920111,PRCP,14,,,a,
ASN00082076,19920112,PRCP,0,,,a,
ASN00082076,19920113,PRCP,0,,,a,
ASN00082076,19920114,PRCP,0,,,a,
ASN00082076,19920115,PRCP,0,,,a,
ASN00082076,19920116,PRCP,0,,,a,
ASN00082076,19920117,PRCP,0,,,a,
ASN00082076,19920118,PRCP,0,,,a,
ASN00082076,19920119,PRCP,0,,,a,
ASN00082076,19920120,PRCP,0,,,a,
ASN00082076,19920121,PRCP,0,,,a,
ASN00082076,19920122,PRCP,0,,,a,
ASN00082076,19920123,PRCP,0,,,a,
ASN00082076,19920124,PRCP,24,,,a,
ASN00082076,19920125,PRCP,32,,,a,
ASN00082076,19920126,PRCP,0,,,a,
ASN00082076,19920127,PRCP,0,,,a,
ASN00082076,19920128,PRCP,0,,,a,
ASN00082076,19920129,PRCP,0,,,a,
ASN00082076,19920130,PRCP,0,,,a,
ASN00082076,19920131,PRCP,0,,,a,
ASN00082076,19920201,TMAX,299,,,a,
ASN00082076,19920202,TMAX,308,,,a,
ASN00082076,19920203,TMAX,270,,,a,
ASN00082076,19920204,TMAX,245,,,a,
ASN00082076,19920205,TMAX,303,,,a,
ASN00082076,19920206,TMAX,256,,,a,
ASN00082076,19920207,TMAX,268,,,a,
ASN00082076,19920208,TMAX,260,,,a,
ASN00082076,19920209,TMAX,215,,,a,
ASN00082076,19920210,TMAX,189,,,a,
ASN00082076,19920211,TMAX,245,,,a,
ASN00082076,19920212,TMAX,220,,,a,
ASN00082076,19920213,TMAX,224,,,a,
ASN00082076,19920214,TMAX,218,,,a,
ASN00082076,19920215,TMAX,245,,,a,
ASN00082076,19920216,TMAX,277,,,a,
ASN00082076,19920217,TMAX,290,,,a,
ASN00082076,19920218,TMAX,306,,,a,
ASN00082076,19920219,TMAX,310,,,a,
ASN00082076,19920220,TMAX,295,,,a,
ASN00082076,19920221,TMAX,290,,,a,
ASN00082076,19920222,TMAX,312,,,a,
ASN00082076,19920223,TMAX,222,,,a,
ASN00082076,19920224,TMAX,213,,,a,
ASN00082076,19920225,TMAX,235,,,a,
ASN00082076,19920226,TMAX,247,,,a,
ASN00082076,19920227,TMAX,282,,,a,
ASN00082076,19920228,TMAX,294,,,a,
ASN00082076,19920229,TMAX,269,,,a,
ASN00082076,19920201,TMIN,156,,,a,
ASN00082076,19920202,TMIN,124,,,a,
ASN00082076,19920203,TMIN,137,,,a,
ASN00082076,19920204,TMIN,141,,,a,
ASN00082076,19920205,TMIN,126,,,a,
ASN00082076,19920206,TMIN,173,,,a,
ASN00082076,19920207,TMIN,171,,,a,
ASN00082076,19920208,TMIN,156,,,a,
ASN00082076,19920209,TMIN,166,,,a,
ASN00082076,19920210,TMIN,142,,,a,
ASN00082076,19920211,TMIN,142,,,a,
ASN00082076,19920212,TMIN,124,,,a,
ASN00082076,19920213,TMIN,122,,,a,
ASN00082076,19920214,TMIN,155,,,a,
ASN00082076,19920215,TMIN,118,,,a,
ASN00082076,19920216,TMIN,97,,,a,
ASN00082076,19920217,TMIN,107,,,a,
ASN00082076,19920218,TMIN,129,,,a,
ASN00082076,19920219,TMIN,167,,,a,
ASN00082076,19920220,TMIN,155,,,a,
ASN00082076,19920221,TMIN,155,,,a,
ASN00082076,19920222,TMIN,90,,,a,
ASN00082076,19920223,TMIN,130,,,a,
ASN00082076,19920224,TMIN,125,,,a,
ASN00082076,19920225,TMIN,124,,,a,
ASN00082076,19920226,TMIN,126,,,a,
ASN00082076,19920227,TMIN,96,,,a,
ASN00082076,19920228,TMIN,104,,,a,
ASN00082076,19920229,TMIN,106,,,a,
ASN00082076,19920201,PRCP,0,,,a,
ASN00082076,19920202,PRCP,0,,,a,
ASN00082076,19920203,PRCP,0,,,a,
ASN00082076,19920204,PRCP,0,,,a,
ASN00082076,19920205,PRCP,14,,,a,
ASN00082076,19920206,PRCP,158,,,a,
ASN00082076,19920207,PRCP,6,,,a,
ASN00082076,19920208,PRCP,0,,,a,
ASN00082076,19920209,PRCP,0,,,a,
ASN00082076,19920210,PRCP,6,,,a,
ASN00082076,19920211,PRCP,296,,,a,
ASN00082076,19920212,PRCP,34,,,a,
ASN00082076,19920213,PRCP,74,,,a,
ASN00082076,19920214,PRCP,0,,,a,
ASN00082076,19920215,PRCP,0,,,a,
ASN00082076,19920216,PRCP,0,,,a,
ASN00082076,19920217,PRCP,0,,,a,
ASN00082076,19920218,PRCP,0,,,a,
ASN00082076,19920219,PRCP,0,,,a,
ASN00082076,19920220,PRCP,0,,,a,
ASN00082076,19920221,PRCP,0,,,a,
ASN00082076,19920222,PRCP,0,,,a,
ASN00082076,19920223,PRCP,0,,,a,
ASN00082076,19920224,PRCP,0,,,a,
ASN00082076,19920225,PRCP,0,,,a,
ASN00082076,19920226,PRCP,0,,,a,
ASN00082076,19920227,PRCP,0,,,a,
ASN00082076,19920228,PRCP,0,,,a,
ASN00082076,19920229,PRCP,0,,,a,
ASN00082076,19920301,TMAX,248,,,a,
ASN00082076,19920302,TMAX,281,,,a,
ASN00082076,19920303,TMAX,248,,,a,
ASN00082076,19920304,TMAX,248,,,a,
ASN00082076,19920305,TMAX,278,,,a,
ASN00082076,19920306,TMAX,294,,,a,
ASN00082076,19920307,TMAX,285,,,a,
ASN00082076,19920308,TMAX,275,,,a,
ASN00082076,19920309,TMAX,304,,,a,
ASN00082076,19920310,TMAX,302,,,a,
ASN00082076,19920311,TMAX,299,,,a,
ASN00082076,19920312,TMAX,297,,,a,
ASN00082076,19920313,TMAX,275,,,a,
ASN00082076,19920314,TMAX,296,,,a,
ASN00082076,19920315,TMAX,245,,,a,
ASN00082076,19920316,TMAX,216,,,a,
ASN00082076,19920317,TMAX,236,,,a,
ASN00082076,19920318,TMAX,248,,,a,
ASN00082076,19920319,TMAX,259,,,a,
ASN00082076,19920320,TMAX,250,,,a,
ASN00082076,19920321,TMAX,250,,,a,
ASN00082076,19920322,TMAX,250,,,a,
ASN00082076,19920323,TMAX,248,,,a,
ASN00082076,19920324,TMAX,265,,,a,
ASN00082076,19920325,TMAX,282,,,a,
ASN00082076,19920326,TMAX,292,,,a,
ASN00082076,19920327,TMAX,258,,,a,
ASN00082076,19920328,TMAX,239,,,a,
ASN00082076,19920329,TMAX,258,,,a,
ASN00082076,19920330,TMAX,260,,,a,
ASN00082076,19920331,TMAX,272,,,a,
ASN00082076,19920301,TMIN,128,,,a,
ASN00082076,19920302,TMIN,148,,,a,
ASN00082076,19920303,TMIN,171,,,a,
ASN00082076,19920304,TMIN,142,,,a,
ASN00082076,19920305,TMIN,111,,,a,
ASN00082076,19920306,TMIN,143,,,a,
ASN00082076,19920307,TMIN,162,,,a,
ASN00082076,19920308,TMIN,165,,,a,
ASN00082076,19920309,TMIN,122,,,a,
ASN00082076,19920310,TMIN,109,,,a,
ASN00082076,19920311,TMIN,117,,,a,
ASN00082076,19920312,TMIN,182,,,a,
ASN00082076,19920313,TMIN,135,,,a,
ASN00082076,19920314,TMIN,114,,,a,
ASN00082076,19920315,TMIN,148,,,a,
ASN00082076,19920316,TMIN,107,,,a,
ASN00082076,19920317,TMIN,108,,,a,
ASN00082076,19920318,TMIN,110,,,a,
ASN00082076,19920319,TMIN,130,,,a,
ASN00082076,19920320,TMIN,85,,,a,
ASN00082076,19920321,TMIN,70,,,a,
ASN00082076,19920322,TMIN,88,,,a,
ASN00082076,19920323,TMIN,105,,,a,
ASN00082076,19920324,TMIN,125,,,a,
ASN00082076,19920325,TMIN,122,,,a,
ASN00082076,19920326,TMIN,110,,,a,
ASN00082076,19920327,TMIN,113,,,a,
ASN00082076,19920328,TMIN,119,,,a,
ASN00082076,19920329,TMIN,97,,,a,
ASN00082076,19920330,TMIN,101,,,a,
ASN00082076,19920331,TMIN,110,,,a,
ASN00082076,19920301,PRCP,0,,,a,
ASN00082076,19920302,PRCP,0,,,a,
ASN00082076,19920303,PRCP,158,,,a,
ASN00082076,19920304,PRCP,384,,,a,
ASN00082076,19920305,PRCP,60,,,a,
ASN00082076,19920306,PRCP,0,,,a,
ASN00082076,19920307,PRCP,0,,,a,
ASN00082076,19920308,PRCP,0,,,a,
ASN00082076,19920309,PRCP,0,,,a,
ASN00082076,19920310,PRCP,0,,,a,
ASN00082076,19920311,PRCP,0,,,a,
ASN00082076,19920312,PRCP,0,,,a,
ASN00082076,19920313,PRCP,0,,,a,
ASN00082076,19920314,PRCP,0,,,a,
ASN00082076,19920315,PRCP,0,,,a,
ASN00082076,19920316,PRCP,4,,,a,
ASN00082076,19920317,PRCP,0,,,a,
ASN00082076,19920318,PRCP,0,,,a,
ASN00082076,19920319,PRCP,0,,,a,
ASN00082076,19920320,PRCP,0,,,a,
ASN00082076,19920321,PRCP,0,,,a,
ASN00082076,19920322,PRCP,0,,,a,
ASN00082076,19920323,PRCP,0,,,a,
ASN00082076,19920324,PRCP,0,,,a,
ASN00082076,19920325,PRCP,0,,,a,
ASN00082076,19920326,PRCP,0,,,a,
ASN00082076,19920327,PRCP,0,,,a,
ASN00082076,19920328,PRCP,20,,,a,
ASN00082076,19920329,PRCP,0,,,a,
ASN00082076,19920330,PRCP,0,,,a,
ASN00082076,19920331,PRCP,0,,,a,
ASN00082076,19920401,TMAX,238,,,a,
ASN00082076,19920402,TMAX,270,,,a,
ASN00082076,19920403,TMAX,224,,,a,
ASN00082076,19920404,TMAX,264,,,a,
ASN00082076,19920405,TMAX,258,,,a,
ASN00082076,19920406,TMAX,245,,,a,
ASN00082076,19920407,TMAX,231,,,a,
ASN00082076,19920408,TMAX,187,,,a,
ASN00082076,19920409,TMAX,197,,,a,
ASN00082076,19920410,TMAX,214,,,a,
ASN00082076,19920411,TMAX,212,,,a,
ASN00082076,19920412,TMAX,227,,,a,
ASN00082076,19920413,TMAX,205,,,a,
ASN00082076,19920414,TMAX,237,,,a,
ASN00082076,19920415,TMAX,189,,,a,
ASN00082076,19920416,TMAX,218,,,a,
ASN00082076,19920417,TMAX,206,,,a,
ASN00082076,19920418,TMAX,207,,,a,
ASN00082076,19920419,TMAX,218,,,a,
ASN00082076,19920420,TMAX,142,,,a,
ASN00082076,19920421,TMAX,140,,,a,
ASN00082076,19920422,TMAX,161,,,a,
ASN00082076,19920423,TMAX,181,,,a,
ASN00082076,19920424,TMAX,195,,,a,
ASN00082076,19920425,TMAX,190,,,a,
ASN00082076,19920426,TMAX,192,,,a,
ASN00082076,19920427,TMAX,182,,,a,
ASN00082076,19920428,TMAX,134,,,a,
ASN00082076,19920429,TMAX,114,,,a,
ASN00082076,19920430,TMAX,177,,,a,
ASN00082076,19920401,TMIN,142,,,a,
ASN00082076,19920402,TMIN,134,,,a,
ASN00082076,19920403,TMIN,112,,,a,
ASN00082076,19920404,TMIN,105,,,a,
ASN00082076,19920405,TMIN,110,,,a,
ASN00082076,19920406,TMIN,95,,,a,
ASN00082076,19920407,TMIN,127,,,a,
ASN00082076,19920408,TMIN,80,,,a,
ASN00082076,19920409,TMIN,34,,,a,
ASN00082076,19920410,TMIN,44,,,a,
ASN00082076,19920411,TMIN,26,,,a,
ASN00082076,19920412,TMIN,67,,,a,
ASN00082076,19920413,TMIN,79,,,a,
ASN00082076,19920414,TMIN,117,,,a,
ASN00082076,19920415,TMIN,92,,,a,
ASN00082076,19920416,TMIN,117,,,a,
ASN00082076,19920417,TMIN,105,,,a,
ASN00082076,19920418,TMIN,47,,,a,
ASN00082076,19920419,TMIN,68,,,a,
ASN00082076,19920420,TMIN,58,,,a,
ASN00082076,19920421,TMIN,49,,,a,
ASN00082076,19920422,TMIN,0,,,a,
ASN00082076,19920423,TMIN,67,,,a,
ASN00082076,19920424,TMIN,47,,,a,
ASN00082076,19920425,TMIN,35,,,a,
ASN00082076,19920426,TMIN,30,,,a,
ASN00082076,19920427,TMIN,53,,,a,
ASN00082076,19920428,TMIN,82,,,a,
ASN00082076,19920429,TMIN,73,,,a,
ASN00082076,19920430,TMIN,92,,,a,
ASN00082076,19920401,PRCP,0,,,a,
ASN00082076,19920402,PRCP,0,,,a,
ASN00082076,19920403,PRCP,0,,,a,
ASN00082076,19920404,PRCP,0,,,a,
ASN00082076,19920405,PRCP,0,,,a,
ASN00082076,19920406,PRCP,0,,,a,
ASN00082076,19920407,PRCP,20,,,a,
ASN00082076,19920408,PRCP,0,,,a,
ASN00082076,19920409,PRCP,0,,,a,
ASN00082076,19920410,PRCP,0,,,a,
ASN00082076,19920411,PRCP,0,,,a,
ASN00082076,19920412,PRCP,0,,,a,
ASN00082076,19920413,PRCP,0,,,a,
ASN00082076,19920414,PRCP,14,,,a,
ASN00082076,19920415,PRCP,0,,,a,
ASN00082076,19920416,PRCP,28,,,a,
ASN00082076,19920417,PRCP,0,,,a,
ASN00082076,19920418,PRCP,0,,,a,
ASN00082076,19920419,PRCP,0,,,a,
ASN00082076,19920420,PRCP,2,,,a,
ASN00082076,19920421,PRCP,148,,,a,
ASN00082076,19920422,PRCP,0,,,a,
ASN00082076,19920423,PRCP,0,,,a,
ASN00082076,19920424,PRCP,0,,,a,
ASN00082076,19920425,PRCP,0,,,a,
ASN00082076,19920426,PRCP,0,,,a,
ASN00082076,19920427,PRCP,16,,,a,
ASN00082076,19920428,PRCP,334,,,a,
ASN00082076,19920429,PRCP,112,,,a,
ASN00082076,19920430,PRCP,48,,,a,
ASN00082076,19920501,TMAX,183,,,a,
ASN00082076,19920502,TMAX,143,,,a,
ASN00082076,19920503,TMAX,164,,,a,
ASN00082076,19920504,TMAX,182,,,a,
ASN00082076,19920505,TMAX,204,,,a,
ASN00082076,19920506,TMAX,218,,,a,
ASN00082076,19920507,TMAX,202,,,a,
ASN00082076,19920508,TMAX,212,,,a,
ASN00082076,19920509,TMAX,202,,,a,
ASN00082076,19920510,TMAX,190,,,a,
ASN00082076,19920511,TMAX,192,,,a,
ASN00082076,19920512,TMAX,156,,,a,
ASN00082076,19920513,TMAX,158,,,a,
ASN00082076,19920514,TMAX,103,,,a,
ASN00082076,19920515,TMAX,144,,,a,
ASN00082076,19920516,TMAX,166,,,a,
ASN00082076,19920517,TMAX,160,,,a,
ASN00082076,19920518,TMAX,157,,,a,
ASN00082076,19920519,TMAX,147,,,a,
ASN00082076,19920520,TMAX,155,,,a,
ASN00082076,19920521,TMAX,120,,,a,
ASN00082076,19920522,TMAX,145,,,a,
ASN00082076,19920523,TMAX,149,,,a,
ASN00082076,19920524,TMAX,135,,,a,
ASN00082076,19920525,TMAX,105,,,a,
ASN00082076,19920526,TMAX,102,,,a,
ASN00082076,19920527,TMAX,84,,,a,
ASN00082076,19920528,TMAX,152,,,a,
ASN00082076,19920529,TMAX,155,,,a,
ASN00082076,19920530,TMAX,156,,,a,
ASN00082076,19920531,TMAX,133,,,a,
ASN00082076,19920501,TMIN,49,,,a,
ASN00082076,19920502,TMIN,63,,,a,
ASN00082076,19920503,TMIN,80,,,a,
ASN00082076,19920504,TMIN,71,,,a,
ASN00082076,19920505,TMIN,47,,,a,
ASN00082076,19920506,TMIN,62,,,a,
ASN00082076,19920507,TMIN,60,,,a,
ASN00082076,19920508,TMIN,105,,,a,
ASN00082076,19920509,TMIN,112,,,a,
ASN00082076,19920510,TMIN,60,,,a,
ASN00082076,19920511,TMIN,41,,,a,
ASN00082076,19920512,TMIN,77,,,a,
ASN00082076,19920513,TMIN,107,,,a,
ASN00082076,19920514,TMIN,55,,,a,
ASN00082076,19920515,TMIN,72,,,a,
ASN00082076,19920516,TMIN,37,,,a,
ASN00082076,19920517,TMIN,49,,,a,
ASN00082076,19920518,TMIN,45,,,a,
ASN00082076,19920519,TMIN,37,,,a,
ASN00082076,19920520,TMIN,18,,,a,
ASN00082076,19920521,TMIN,31,,,a,
ASN00082076,19920522,TMIN,60,,,a,
ASN00082076,19920523,TMIN,15,,,a,
ASN00082076,19920524,TMIN,-5,,,a,
ASN00082076,19920525,TMIN,28,,,a,
ASN00082076,19920526,TMIN,32,,,a,
ASN00082076,19920527,TMIN,-4,,,a,
ASN00082076,19920528,TMIN,22,,,a,
ASN00082076,19920529,TMIN,6,,,a,
ASN00082076,19920530,TMIN,24,,,a,
ASN00082076,19920531,TMIN,10,,,a,
ASN00082076,19920501,PRCP,0,,,a,
ASN00082076,19920502,PRCP,0,,,a,
ASN00082076,19920503,PRCP,18,,,a,
ASN00082076,19920504,PRCP,2,,,a,
ASN00082076,19920505,PRCP,0,,,a,
ASN00082076,19920506,PRCP,0,,,a,
ASN00082076,19920507,PRCP,0,,,a,
ASN00082076,19920508,PRCP,0,,,a,
ASN00082076,19920509,PRCP,40,,,a,
ASN00082076,19920510,PRCP,0,,,a,
ASN00082076,19920511,PRCP,0,,,a,
ASN00082076,19920512,PRCP,66,,,a,
ASN00082076,19920513,PRCP,108,,,a,
ASN00082076,19920514,PRCP,12,,,a,
ASN00082076,19920515,PRCP,8,,,a,
ASN00082076,19920516,PRCP,0,,,a,
ASN00082076,19920517,PRCP,0,,,a,
ASN00082076,19920518,PRCP,108,,,a,
ASN00082076,19920519,PRCP,4,,,a,
ASN00082076,19920520,PRCP,4,,,a,
ASN00082076,19920521,PRCP,0,,,a,
ASN00082076,19920522,PRCP,2,,,a,
ASN00082076,19920523,PRCP,0,,,a,
ASN00082076,19920524,PRCP,0,,,a,
ASN00082076,19920525,PRCP,0,,,a,
ASN00082076,19920526,PRCP,52,,,a,
ASN00082076,19920527,PRCP,86,,,a,
ASN00082076,19920528,PRCP,2,,,a,
ASN00082076,19920529,PRCP,0,,,a,
ASN00082076,19920530,PRCP,0,,,a,
ASN00082076,19920531,PRCP,0,,,a,
ASN00082076,19920601,TMAX,165,,,a,
ASN00082076,19920602,TMAX,140,,,a,
ASN00082076,19920603,TMAX,118,,,a,
ASN00082076,19920604,TMAX,138,,,a,
ASN00082076,19920605,TMAX,147,,,a,
ASN00082076,19920606,TMAX,133,,,a,
ASN00082076,19920607,TMAX,120,,,a,
ASN00082076,19920608,TMAX,115,,,a,
ASN00082076,19920609,TMAX,87,,,a,
ASN00082076,19920610,TMAX,81,,,a,
ASN00082076,19920611,TMAX,98,,,a,
ASN00082076,19920612,TMAX,118,,,a,
ASN00082076,19920613,TMAX,127,,,a,
ASN00082076,19920614,TMAX,128,,,a,
ASN00082076,19920615,TMAX,118,,,a,
ASN00082076,19920616,TMAX,125,,,a,
ASN00082076,19920617,TMAX,68,,,a,
ASN00082076,19920618,TMAX,97,,,a,
ASN00082076,19920619,TMAX,126,,,a,
ASN00082076,19920620,TMAX,120,,,a,
ASN00082076,19920621,TMAX,131,,,a,
ASN00082076,19920622,TMAX,124,,,a,
ASN00082076,19920623,TMAX,94,,,a,
ASN00082076,19920624,TMAX,96,,,a,
ASN00082076,19920625,TMAX,129,,,a,
ASN00082076,19920626,TMAX,155,,,a,
ASN00082076,19920627,TMAX,160,,,a,
ASN00082076,19920628,TMAX,160,,,a,
ASN00082076,19920629,TMAX,147,,,a,
ASN00082076,19920630,TMAX,123,,,a,
ASN00082076,19920601,TMIN,47,,,a,
ASN00082076,19920602,TMIN,65,,,a,
ASN00082076,19920603,TMIN,40,,,a,
ASN00082076,19920604,TMIN,20,,,a,
ASN00082076,19920605,TMIN,30,,,a,
ASN00082076,19920606,TMIN,28,,,a,
ASN00082076,19920607,TMIN,35,,,a,
ASN00082076,19920608,TMIN,35,,,a,
ASN00082076,19920609,TMIN,11,,,a,
ASN00082076,19920610,TMIN,43,,,a,
ASN00082076,19920611,TMIN,38,,,a,
ASN00082076,19920612,TMIN,48,,,a,
ASN00082076,19920613,TMIN,37,,,a,
ASN00082076,19920614,TMIN,2,,,a,
ASN00082076,19920615,TMIN,-8,,,a,
ASN00082076,19920616,TMIN,-23,,,a,
ASN00082076,19920617,TMIN,-36,,,a,
ASN00082076,19920618,TMIN,-17,,,a,
ASN00082076,19920619,TMIN,49,,,a,
ASN00082076,19920620,TMIN,65,,,a,
ASN00082076,19920621,TMIN,0,,,a,
ASN00082076,19920622,TMIN,9,,,a,
ASN00082076,19920623,TMIN,29,,,a,
ASN00082076,19920624,TMIN,17,,,a,
ASN00082076,19920625,TMIN,37,,,a,
ASN00082076,19920626,TMIN,41,,,a,
ASN00082076,19920627,TMIN,95,,,a,
ASN00082076,19920628,TMIN,50,,,a,
ASN00082076,19920629,TMIN,2,,,a,
ASN00082076,19920630,TMIN,22,,,a,
ASN00082076,19920601,PRCP,0,,,a,
ASN00082076,19920602,PRCP,288,,,a,
ASN00082076,19920603,PRCP,102,,,a,
ASN00082076,19920604,PRCP,0,,,a,
ASN00082076,19920605,PRCP,0,,,a,
ASN00082076,19920606,PRCP,0,,,a,
ASN00082076,19920607,PRCP,10,,,a,
ASN00082076,19920608,PRCP,0,,,a,
ASN00082076,19920609,PRCP,0,,,a,
ASN00082076,19920610,PRCP,130,,,a,
ASN00082076,19920611,PRCP,86,,,a,
ASN00082076,19920612,PRCP,46,,,a,
ASN00082076,19920613,PRCP,2,,,a,
ASN00082076,19920614,PRCP,0,,,a,
ASN00082076,19920615,PRCP,0,,,a,
ASN00082076,19920616,PRCP,0,,,a,
ASN00082076,19920617,PRCP,0,,,a,
ASN00082076,19920618,PRCP,20,,,a,
ASN00082076,19920619,PRCP,20,,,a,
ASN00082076,19920620,PRCP,18,,,a,
ASN00082076,19920621,PRCP,2,,,a,
ASN00082076,19920622,PRCP,0,,,a,
ASN00082076,19920623,PRCP,12,,,a,
ASN00082076,19920624,PRCP,92,,,a,
ASN00082076,19920625,PRCP,14,,,a,
ASN00082076,19920626,PRCP,0,,,a,
ASN00082076,19920627,PRCP,0,,,a,
ASN00082076,19920628,PRCP,0,,,a,
ASN00082076,19920629,PRCP,0,,,a,
ASN00082076,19920630,PRCP,0,,,a,
ASN00082076,19920701,TMAX,133,,,a,
ASN00082076,19920702,TMAX,147,,,a,
ASN00082076,19920703,TMAX,155,,,a,
ASN00082076,19920704,TMAX,127,,,a,
ASN00082076,19920705,TMAX,102,,,a,
ASN00082076,19920706,TMAX,106,,,a,
ASN00082076,19920707,TMAX,120,,,a,
ASN00082076,19920708,TMAX,110,,,a,
ASN00082076,19920709,TMAX,109,,,a,
ASN00082076,19920710,TMAX,118,,,a,
ASN00082076,19920711,TMAX,95,,,a,
ASN00082076,19920712,TMAX,85,,,a,
ASN00082076,19920713,TMAX,116,,,a,
ASN00082076,19920714,TMAX,120,,,a,
ASN00082076,19920715,TMAX,125,,,a,
ASN00082076,19920716,TMAX,152,,,a,
ASN00082076,19920717,TMAX,153,,,a,
ASN00082076,19920718,TMAX,94,,,a,
ASN00082076,19920719,TMAX,74,,,a,
ASN00082076,19920720,TMAX,104,,,a,
ASN00082076,19920721,TMAX,102,,,a,
ASN00082076,19920722,TMAX,76,,,a,
ASN00082076,19920723,TMAX,92,,,a,
ASN00082076,19920724,TMAX,116,,,a,
ASN00082076,19920725,TMAX,107,,,a,
ASN00082076,19920726,TMAX,120,,,a,
ASN00082076,19920727,TMAX,115,,,a,
ASN00082076,19920728,TMAX,118,,,a,
ASN00082076,19920729,TMAX,100,,,a,
ASN00082076,19920730,TMAX,133,,,a,
ASN00082076,19920731,TMAX,144,,,a,
ASN00082076,19920701,TMIN,30,,,a,
ASN00082076,19920702,TMIN,49,,,a,
ASN00082076,19920703,TMIN,59,,,a,
ASN00082076,19920704,TMIN,73,,,a,
ASN00082076,19920705,TMIN,36,,,a,
ASN00082076,19920706,TMIN,45,,,a,
ASN00082076,19920707,TMIN,36,,,a,
ASN00082076,19920708,TMIN,20,,,a,
ASN00082076,19920709,TMIN,30,,,a,
ASN00082076,19920710,TMIN,-5,,,a,
ASN00082076,19920711,TMIN,-15,,,a,
ASN00082076,19920712,TMIN,10,,,a,
ASN00082076,19920713,TMIN,57,,,a,
ASN00082076,19920714,TMIN,5,,,a,
ASN00082076,19920715,TMIN,20,,,a,
ASN00082076,19920716,TMIN,2,,,a,
ASN00082076,19920717,TMIN,13,,,a,
ASN00082076,19920718,TMIN,13,,,a,
ASN00082076,19920719,TMIN,27,,,a,
ASN00082076,19920720,TMIN,-4,,,a,
ASN00082076,19920721,TMIN,-18,,,a,
ASN00082076,19920722,TMIN,-10,,,a,
ASN00082076,19920723,TMIN,18,,,a,
ASN00082076,19920724,TMIN,50,,,a,
ASN00082076,19920725,TMIN,69,,,a,
ASN00082076,19920726,TMIN,-17,,,a,
ASN00082076,19920727,TMIN,-18,,,a,
ASN00082076,19920728,TMIN,10,,,a,
ASN00082076,19920729,TMIN,6,,,a,
ASN00082076,19920730,TMIN,18,,,a,
ASN00082076,19920731,TMIN,30,,,a,
ASN00082076,19920701,PRCP,0,,,a,
ASN00082076,19920702,PRCP,14,,,a,
ASN00082076,19920703,PRCP,0,,,a,
ASN00082076,19920704,PRCP,6,,,a,
ASN00082076,19920705,PRCP,70,,,a,
ASN00082076,19920706,PRCP,10,,,a,
ASN00082076,19920707,PRCP,54,,,a,
ASN00082076,19920708,PRCP,2,,,a,
ASN00082076,19920709,PRCP,2,,,a,
ASN00082076,19920710,PRCP,0,,,a,
ASN00082076,19920711,PRCP,0,,,a,
ASN00082076,19920712,PRCP,12,,,a,
ASN00082076,19920713,PRCP,12,,,a,
ASN00082076,19920714,PRCP,2,,,a,
ASN00082076,19920715,PRCP,0,,,a,
ASN00082076,19920716,PRCP,0,,,a,
ASN00082076,19920717,PRCP,0,,,a,
ASN00082076,19920718,PRCP,76,,,a,
ASN00082076,19920719,PRCP,66,,,a,
ASN00082076,19920720,PRCP,224,,,a,
ASN00082076,19920721,PRCP,0,,,a,
ASN00082076,19920722,PRCP,0,,,a,
ASN00082076,19920723,PRCP,2,,,a,
ASN00082076,19920724,PRCP,12,,,a,
ASN00082076,19920725,PRCP,6,,,a,
ASN00082076,19920726,PRCP,20,,,a,
ASN00082076,19920727,PRCP,0,,,a,
ASN00082076,19920728,PRCP,0,,,a,
ASN00082076,19920729,PRCP,12,,,a,
ASN00082076,19920730,PRCP,0,,,a,
ASN00082076,19920731,PRCP,10,,,a,
ASN00082076,19920801,TMAX,136,,,a,
ASN00082076,19920802,TMAX,125,,,a,
ASN00082076,19920803,TMAX,133,,,a,
ASN00082076,19920804,TMAX,143,,,a,
ASN00082076,19920805,TMAX,101,,,a,
ASN00082076,19920806,TMAX,148,,,a,
ASN00082076,19920807,TMAX,130,,,a,
ASN00082076,19920808,TMAX,131,,,a,
ASN00082076,19920809,TMAX,128,,,a,
ASN00082076,19920810,TMAX,96,,,a,
ASN00082076,19920811,TMAX,118,,,a,
ASN00082076,19920812,TMAX,135,,,a,
ASN00082076,19920813,TMAX,99,,,a,
ASN00082076,19920814,TMAX,124,,,a,
ASN00082076,19920815,TMAX,133,,,a,
ASN00082076,19920816,TMAX,148,,,a,
ASN00082076,19920817,TMAX,98,,,a,
ASN00082076,19920818,TMAX,98,,,a,
ASN00082076,19920819,TMAX,87,,,a,
ASN00082076,19920820,TMAX,99,,,a,
ASN00082076,19920821,TMAX,106,,,a,
ASN00082076,19920822,TMAX,116,,,a,
ASN00082076,19920823,TMAX,99,,,a,
ASN00082076,19920824,TMAX,102,,,a,
ASN00082076,19920825,TMAX,128,,,a,
ASN00082076,19920826,TMAX,150,,,a,
ASN00082076,19920827,TMAX,123,,,a,
ASN00082076,19920828,TMAX,146,,,a,
ASN00082076,19920829,TMAX,80,,,a,
ASN00082076,19920830,TMAX,85,,,a,
ASN00082076,19920831,TMAX,114,,,a,
ASN00082076,19920801,TMIN,0,,,a,
ASN00082076,19920802,TMIN,25,,,a,
ASN00082076,19920803,TMIN,12,,,a,
ASN00082076,19920804,TMIN,9,,,a,
ASN00082076,19920805,TMIN,28,,,a,
ASN00082076,19920806,TMIN,51,,,a,
ASN00082076,19920807,TMIN,57,,,a,
ASN00082076,19920808,TMIN,5,,,a,
ASN00082076,19920809,TMIN,0,,,a,
ASN00082076,19920810,TMIN,-21,,,a,
ASN00082076,19920811,TMIN,12,,,a,
ASN00082076,19920812,TMIN,62,,,a,
ASN00082076,19920813,TMIN,45,,,a,
ASN00082076,19920814,TMIN,59,,,a,
ASN00082076,19920815,TMIN,12,,,a,
ASN00082076,19920816,TMIN,14,,,a,
ASN00082076,19920817,TMIN,37,,,a,
ASN00082076,19920818,TMIN,-18,,,a,
ASN00082076,19920819,TMIN,8,,,a,
ASN00082076,19920820,TMIN,22,,,a,
ASN00082076,19920821,TMIN,32,,,a,
ASN00082076,19920822,TMIN,20,,,a,
ASN00082076,19920823,TMIN,-8,,,a,
ASN00082076,19920824,TMIN,11,,,a,
ASN00082076,19920825,TMIN,-16,,,a,
ASN00082076,19920826,TMIN,-15,,,a,
ASN00082076,19920827,TMIN,2,,,a,
ASN00082076,19920828,TMIN,34,,,a,
ASN00082076,19920829,TMIN,12,,,a,
ASN00082076,19920830,TMIN,33,,,a,
ASN00082076,19920831,TMIN,12,,,a,
ASN00082076,19920801,PRCP,0,,,a,
ASN00082076,19920802,PRCP,0,,,a,
ASN00082076,19920803,PRCP,0,,,a,
ASN00082076,19920804,PRCP,0,,,a,
ASN00082076,19920805,PRCP,8,,,a,
ASN00082076,19920806,PRCP,416,,,a,
ASN00082076,19920807,PRCP,0,,,a,
ASN00082076,19920808,PRCP,0,,,a,
ASN00082076,19920809,PRCP,0,,,a,
ASN00082076,19920810,PRCP,0,,,a,
ASN00082076,19920811,PRCP,216,,,a,
ASN00082076,19920812,PRCP,0,,,a,
ASN00082076,19920813,PRCP,182,,,a,
ASN00082076,19920814,PRCP,86,,,a,
ASN00082076,19920815,PRCP,36,,,a,
ASN00082076,19920816,PRCP,28,,,a,
ASN00082076,19920817,PRCP,0,,,a,
ASN00082076,19920818,PRCP,86,,,a,
ASN00082076,19920819,PRCP,6,,,a,
ASN00082076,19920820,PRCP,90,,,a,
ASN00082076,19920821,PRCP,0,,,a,
ASN00082076,19920822,PRCP,0,,,a,
ASN00082076,19920823,PRCP,2,,,a,
ASN00082076,19920824,PRCP,128,,,a,
ASN00082076,19920825,PRCP,0,,,a,
ASN00082076,19920826,PRCP,0,,,a,
ASN00082076,19920827,PRCP,0,,,a,
ASN00082076,19920828,PRCP,76,,,a,
ASN00082076,19920829,PRCP,4,,,a,
ASN00082076,19920830,PRCP,208,,,a,
ASN00082076,19920831,PRCP,172,,,a,
ASN00082076,19920901,TMAX,98,,,a,
ASN00082076,19920902,TMAX,150,,,a,
ASN00082076,19920903,TMAX,138,,,a,
ASN00082076,19920904,TMAX,120,,,a,
ASN00082076,19920905,TMAX,116,,,a,
ASN00082076,19920906,TMAX,124,,,a,
ASN00082076,19920907,TMAX,123,,,a,
ASN00082076,19920908,TMAX,132,,,a,
ASN00082076,19920909,TMAX,152,,,a,
ASN00082076,19920910,TMAX,145,,,a,
ASN00082076,19920911,TMAX,106,,,a,
ASN00082076,19920912,TMAX,82,,,a,
ASN00082076,19920913,TMAX,114,,,a,
ASN00082076,19920914,TMAX,149,,,a,
ASN00082076,19920915,TMAX,108,,,a,
ASN00082076,19920916,TMAX,116,,,a,
ASN00082076,19920917,TMAX,161,,,a,
ASN00082076,19920918,TMAX,144,,,a,
ASN00082076,19920919,TMAX,125,,,a,
ASN00082076,19920920,TMAX,165,,,a,
ASN00082076,19920921,TMAX,149,,,a,
ASN00082076,19920922,TMAX,112,,,a,
ASN00082076,19920923,TMAX,163,,,a,
ASN00082076,19920924,TMAX,153,,,a,
ASN00082076,19920925,TMAX,132,,,a,
ASN00082076,19920926,TMAX,157,,,a,
ASN00082076,19920927,TMAX,160,,,a,
ASN00082076,19920928,TMAX,162,,,a,
ASN00082076,19920929,TMAX,103,,,a,
ASN00082076,19920930,TMAX,150,,,a,
ASN00082076,19920901,TMIN,74,,,a,
ASN00082076,19920902,TMIN,67,,,a,
ASN00082076,19920903,TMIN,37,,,a,
ASN00082076,19920904,TMIN,43,,,a,
ASN00082076,19920905,TMIN,44,,,a,
ASN00082076,19920906,TMIN,38,,,a,
ASN00082076,19920907,TMIN,64,,,a,
ASN00082076,19920908,TMIN,48,,,a,
ASN00082076,19920909,TMIN,10,,,a,
ASN00082076,19920910,TMIN,23,,,a,
ASN00082076,19920911,TMIN,42,,,a,
ASN00082076,19920912,TMIN,50,,,a,
ASN00082076,19920913,TMIN,19,,,a,
ASN00082076,19920914,TMIN,15,,,a,
ASN00082076,19920915,TMIN,56,,,a,
ASN00082076,19920916,TMIN,55,,,a,
ASN00082076,19920917,TMIN,50,,,a,
ASN00082076,19920918,TMIN,64,,,a,
ASN00082076,19920919,TMIN,30,,,a,
ASN00082076,19920920,TMIN,0,,,a,
ASN00082076,19920921,TMIN,31,,,a,
ASN00082076,19920922,TMIN,61,,,a,
ASN00082076,19920923,TMIN,72,,,a,
ASN00082076,19920924,TMIN,63,,,a,
ASN00082076,19920925,TMIN,90,,,a,
ASN00082076,19920926,TMIN,73,,,a,
ASN00082076,19920927,TMIN,72,,,a,
ASN00082076,19920928,TMIN,10,,,a,
ASN00082076,19920929,TMIN,61,,,a,
ASN00082076,19920930,TMIN,10,,,a,
ASN00082076,19920901,PRCP,130,,,a,
ASN00082076,19920902,PRCP,92,,,a,
ASN00082076,19920903,PRCP,42,,,a,
ASN00082076,19920904,PRCP,36,,,a,
ASN00082076,19920905,PRCP,32,,,a,
ASN00082076,19920906,PRCP,12,,,a,
ASN00082076,19920907,PRCP,24,,,a,
ASN00082076,19920908,PRCP,14,,,a,
ASN00082076,19920909,PRCP,0,,,a,
ASN00082076,19920910,PRCP,0,,,a,
ASN00082076,19920911,PRCP,6,,,a,
ASN00082076,19920912,PRCP,154,,,a,
ASN00082076,19920913,PRCP,34,,,a,
ASN00082076,19920914,PRCP,0,,,a,
ASN00082076,19920915,PRCP,118,,,a,
ASN00082076,19920916,PRCP,140,,,a,
ASN00082076,19920917,PRCP,38,,,a,
ASN00082076,19920918,PRCP,0,,,a,
ASN00082076,19920919,PRCP,80,,,a,
ASN00082076,19920920,PRCP,0,,,a,
ASN00082076,19920921,PRCP,0,,,a,
ASN00082076,19920922,PRCP,68,,,a,
ASN00082076,19920923,PRCP,114,,,a,
ASN00082076,19920924,PRCP,0,,,a,
ASN00082076,19920925,PRCP,422,,,a,
ASN00082076,19920926,PRCP,96,,,a,
ASN00082076,19920927,PRCP,4,,,a,
ASN00082076,19920928,PRCP,2,,,a,
ASN00082076,19920929,PRCP,184,,,a,
ASN00082076,19920930,PRCP,12,,,a,
ASN00082076,19921001,TMAX,182,,,a,
ASN00082076,19921002,TMAX,200,,,a,
ASN00082076,19921003,TMAX,212,,,a,
ASN00082076,19921004,TMAX,143,,,a,
ASN00082076,19921005,TMAX,201,,,a,
ASN00082076,19921006,TMAX,194,,,a,
ASN00082076,19921007,TMAX,214,,,a,
ASN00082076,19921008,TMAX,185,,,a,
ASN00082076,19921009,TMAX,145,,,a,
ASN00082076,19921010,TMAX,130,,,a,
ASN00082076,19921011,TMAX,171,,,a,
ASN00082076,19921012,TMAX,217,,,a,
ASN00082076,19921013,TMAX,227,,,a,
ASN00082076,19921014,TMAX,235,,,a,
ASN00082076,19921015,TMAX,224,,,a,
ASN00082076,19921016,TMAX,192,,,a,
ASN00082076,19921017,TMAX,179,,,a,
ASN00082076,19921018,TMAX,148,,,a,
ASN00082076,19921019,TMAX,169,,,a,
ASN00082076,19921020,TMAX,150,,,a,
ASN00082076,19921021,TMAX,143,,,a,
ASN00082076,19921022,TMAX,203,,,a,
ASN00082076,19921023,TMAX,232,,,a,
ASN00082076,19921024,TMAX,230,,,a,
ASN00082076,19921025,TMAX,218,,,a,
ASN00082076,19921026,TMAX,224,,,a,
ASN00082076,19921027,TMAX,232,,,a,
ASN00082076,19921028,TMAX,265,,,a,
ASN00082076,19921029,TMAX,255,,,a,
ASN00082076,19921030,TMAX,170,,,a,
ASN00082076,19921031,TMAX,224,,,a,
ASN00082076,19921001,TMIN,27,,,a,
ASN00082076,19921002,TMIN,87,,,a,
ASN00082076,19921003,TMIN,60,,,a,
ASN00082076,19921004,TMIN,80,,,a,
ASN00082076,19921005,TMIN,94,,,a,
ASN00082076,19921006,TMIN,96,,,a,
ASN00082076,19921007,TMIN,47,,,a,
ASN00082076,19921008,TMIN,89,,,a,
ASN00082076,19921009,TMIN,117,,,a,
ASN00082076,19921010,TMIN,58,,,a,
ASN00082076,19921011,TMIN,60,,,a,
ASN00082076,19921012,TMIN,76,,,a,
ASN00082076,19921013,TMIN,63,,,a,
ASN00082076,19921014,TMIN,69,,,a,
ASN00082076,19921015,TMIN,97,,,a,
ASN00082076,19921016,TMIN,123,,,a,
ASN00082076,19921017,TMIN,112,,,a,
ASN00082076,19921018,TMIN,118,,,a,
ASN00082076,19921019,TMIN,50,,,a,
ASN00082076,19921020,TMIN,49,,,a,
ASN00082076,19921021,TMIN,55,,,a,
ASN00082076,19921022,TMIN,63,,,a,
ASN00082076,19921023,TMIN,52,,,a,
ASN00082076,19921024,TMIN,85,,,a,
ASN00082076,19921025,TMIN,85,,,a,
ASN00082076,19921026,TMIN,70,,,a,
ASN00082076,19921027,TMIN,69,,,a,
ASN00082076,19921028,TMIN,92,,,a,
ASN00082076,19921029,TMIN,86,,,a,
ASN00082076,19921030,TMIN,100,,,a,
ASN00082076,19921031,TMIN,124,,,a,
ASN00082076,19921001,PRCP,0,,,a,
ASN00082076,19921002,PRCP,0,,,a,
ASN00082076,19921003,PRCP,0,,,a,
ASN00082076,19921004,PRCP,2,,,a,
ASN00082076,19921005,PRCP,270,,,a,
ASN00082076,19921006,PRCP,0,,,a,
ASN00082076,19921007,PRCP,0,,,a,
ASN00082076,19921008,PRCP,0,,,a,
ASN00082076,19921009,PRCP,424,,,a,
ASN00082076,19921010,PRCP,12,,,a,
ASN00082076,19921011,PRCP,100,,,a,
ASN00082076,19921012,PRCP,0,,,a,
ASN00082076,19921013,PRCP,0,,,a,
ASN00082076,19921014,PRCP,0,,,a,
ASN00082076,19921015,PRCP,42,,,a,
ASN00082076,19921016,PRCP,176,,,a,
ASN00082076,19921017,PRCP,104,,,a,
ASN00082076,19921018,PRCP,456,,,a,
ASN00082076,19921019,PRCP,32,,,a,
ASN00082076,19921020,PRCP,104,,,a,
ASN00082076,19921021,PRCP,0,,,a,
ASN00082076,19921022,PRCP,0,,,a,
ASN00082076,19921023,PRCP,0,,,a,
ASN00082076,19921024,PRCP,0,,,a,
ASN00082076,19921025,PRCP,0,,,a,
ASN00082076,19921026,PRCP,32,,,a,
ASN00082076,19921027,PRCP,0,,,a,
ASN00082076,19921028,PRCP,0,,,a,
ASN00082076,19921029,PRCP,0,,,a,
ASN00082076,19921030,PRCP,0,,,a,
ASN00082076,19921031,PRCP,168,,,a,
ASN00082076,19921101,TMAX,195,,,a,
ASN00082076,19921102,TMAX,172,,,a,
ASN00082076,19921103,TMAX,172,,,a,
ASN00082076,19921104,TMAX,130,,,a,
ASN00082076,19921105,TMAX,174,,,a,
ASN00082076,19921106,TMAX,215,,,a,
ASN00082076,19921107,TMAX,210,,,a,
ASN00082076,19921108,TMAX,240,,,a,
ASN00082076,19921109,TMAX,196,,,a,
ASN00082076,19921110,TMAX,119,,,a,
ASN00082076,19921111,TMAX,128,,,a,
ASN00082076,19921112,TMAX,168,,,a,
ASN00082076,19921113,TMAX,168,,,a,
ASN00082076,19921114,TMAX,234,,,a,
ASN00082076,19921115,TMAX,248,,,a,
ASN00082076,19921116,TMAX,247,,,a,
ASN00082076,19921117,TMAX,264,,,a,
ASN00082076,19921118,TMAX,187,,,a,
ASN00082076,19921119,TMAX,252,,,a,
ASN00082076,19921120,TMAX,260,,,a,
ASN00082076,19921121,TMAX,214,,,a,
ASN00082076,19921122,TMAX,205,,,a,
ASN00082076,19921123,TMAX,225,,,a,
ASN00082076,19921124,TMAX,217,,,a,
ASN00082076,19921125,TMAX,167,,,a,
ASN00082076,19921126,TMAX,147,,,a,
ASN00082076,19921127,TMAX,170,,,a,
ASN00082076,19921128,TMAX,193,,,a,
ASN00082076,19921129,TMAX,181,,,a,
ASN00082076,19921130,TMAX,182,,,a,
ASN00082076,19921101,TMIN,126,,,a,
ASN00082076,19921102,TMIN,45,,,a,
ASN00082076,19921103,TMIN,50,,,a,
ASN00082076,19921104,TMIN,61,,,a,
ASN00082076,19921105,TMIN,71,,,a,
ASN00082076,19921106,TMIN,57,,,a,
ASN00082076,19921107,TMIN,108,,,a,
ASN00082076,19921108,TMIN,60,,,a,
ASN00082076,19921109,TMIN,105,,,a,
ASN00082076,19921110,TMIN,67,,,a,
ASN00082076,19921111,TMIN,55,,,a,
ASN00082076,19921112,TMIN,75,,,a,
ASN00082076,19921113,TMIN,87,,,a,
ASN00082076,19921114,TMIN,96,,,a,
ASN00082076,19921115,TMIN,75,,,a,
ASN00082076,19921116,TMIN,92,,,a,
ASN00082076,19921117,TMIN,80,,,a,
ASN00082076,19921118,TMIN,136,,,a,
ASN00082076,19921119,TMIN,128,,,a,
ASN00082076,19921120,TMIN,147,,,a,
ASN00082076,19921121,TMIN,140,,,a,
ASN00082076,19921122,TMIN,85,,,a,
ASN00082076,19921123,TMIN,100,,,a,
ASN00082076,19921124,TMIN,94,,,a,
ASN00082076,19921125,TMIN,77,,,a,
ASN00082076,19921126,TMIN,32,,,a,
ASN00082076,19921127,TMIN,76,,,a,
ASN00082076,19921128,TMIN,94,,,a,
ASN00082076,19921129,TMIN,64,,,a,
ASN00082076,19921130,TMIN,97,,,a,
ASN00082076,19921101,PRCP,0,,,a,
ASN00082076,19921102,PRCP,16,,,a,
ASN00082076,19921103,PRCP,0,,,a,
ASN00082076,19921104,PRCP,10,,,a,
ASN00082076,19921105,PRCP,42,,,a,
ASN00082076,19921106,PRCP,0,,,a,
ASN00082076,19921107,PRCP,0,,,a,
ASN00082076,19921108,PRCP,0,,,a,
ASN00082076,19921109,PRCP,0,,,a,
ASN00082076,19921110,PRCP,192,,,a,
ASN00082076,19921111,PRCP,58,,,a,
ASN00082076,19921112,PRCP,34,,,a,
ASN00082076,19921113,PRCP,0,,,a,
ASN00082076,19921114,PRCP,0,,,a,
ASN00082076,19921115,PRCP,0,,,a,
ASN00082076,19921116,PRCP,0,,,a,
ASN00082076,19921117,PRCP,50,,,a,
ASN00082076,19921118,PRCP,28,,,a,
ASN00082076,19921119,PRCP,74,,,a,
ASN00082076,19921120,PRCP,532,,,a,
ASN00082076,19921121,PRCP,2,,,a,
ASN00082076,19921122,PRCP,166,,,a,
ASN00082076,19921123,PRCP,0,,,a,
ASN00082076,19921124,PRCP,56,,,a,
ASN00082076,19921125,PRCP,2,,,a,
ASN00082076,19921126,PRCP,120,,,a,
ASN00082076,19921127,PRCP,0,,,a,
ASN00082076,19921128,PRCP,8,,,a,
ASN00082076,19921129,PRCP,6,,,a,
ASN00082076,19921130,PRCP,22,,,a,
ASN00082076,19921201,TMAX,227,,,a,
ASN00082076,19921202,TMAX,244,,,a,
ASN00082076,19921203,TMAX,280,,,a,
ASN00082076,19921204,TMAX,227,,,a,
ASN00082076,19921205,TMAX,233,,,a,
ASN00082076,19921206,TMAX,257,,,a,
ASN00082076,19921207,TMAX,203,,,a,
ASN00082076,19921208,TMAX,221,,,a,
ASN00082076,19921209,TMAX,257,,,a,
ASN00082076,19921210,TMAX,279,,,a,
ASN00082076,19921211,TMAX,282,,,a,
ASN00082076,19921212,TMAX,315,,,a,
ASN00082076,19921213,TMAX,233,,,a,
ASN00082076,19921214,TMAX,249,,,a,
ASN00082076,19921215,TMAX,237,,,a,
ASN00082076,19921216,TMAX,253,,,a,
ASN00082076,19921217,TMAX,220,,,a,
ASN00082076,19921218,TMAX,280,,,a,
ASN00082076,19921219,TMAX,228,,,a,
ASN00082076,19921220,TMAX,249,,,a,
ASN00082076,19921221,TMAX,265,,,a,
ASN00082076,19921222,TMAX,279,,,a,
ASN00082076,19921223,TMAX,287,,,a,
ASN00082076,19921224,TMAX,252,,,a,
ASN00082076,19921225,TMAX,215,,,a,
ASN00082076,19921226,TMAX,234,,,a,
ASN00082076,19921227,TMAX,233,,,a,
ASN00082076,19921228,TMAX,196,,,a,
ASN00082076,19921229,TMAX,253,,,a,
ASN00082076,19921230,TMAX,299,,,a,
ASN00082076,19921231,TMAX,299,,,a,
ASN00082076,19921201,TMIN,82,,,a,
ASN00082076,19921202,TMIN,98,,,a,
ASN00082076,19921203,TMIN,132,,,a,
ASN00082076,19921204,TMIN,145,,,a,
ASN00082076,19921205,TMIN,146,,,a,
ASN00082076,19921206,TMIN,142,,,a,
ASN00082076,19921207,TMIN,149,,,a,
ASN00082076,19921208,TMIN,132,,,a,
ASN00082076,19921209,TMIN,127,,,a,
ASN00082076,19921210,TMIN,100,,,a,
ASN00082076,19921211,TMIN,106,,,a,
ASN00082076,19921212,TMIN,137,,,a,
ASN00082076,19921213,TMIN,135,,,a,
ASN00082076,19921214,TMIN,150,,,a,
ASN00082076,19921215,TMIN,127,,,a,
ASN00082076,19921216,TMIN,137,,,a,
ASN00082076,19921217,TMIN,157,,,a,
ASN00082076,19921218,TMIN,125,,,a,
ASN00082076,19921219,TMIN,130,,,a,
ASN00082076,19921220,TMIN,145,,,a,
ASN00082076,19921221,TMIN,161,,,a,
ASN00082076,19921222,TMIN,140,,,a,
ASN00082076,19921223,TMIN,151,,,a,
ASN00082076,19921224,TMIN,175,,,a,
ASN00082076,19921225,TMIN,147,,,a,
ASN00082076,19921226,TMIN,135,,,a,
ASN00082076,19921227,TMIN,91,,,a,
ASN00082076,19921228,TMIN,129,,,a,
ASN00082076,19921229,TMIN,122,,,a,
ASN00082076,19921230,TMIN,126,,,a,
ASN00082076,19921231,TMIN,127,,,a,
ASN00082076,19921201,PRCP,0,,,a,
ASN00082076,19921202,PRCP,0,,,a,
ASN00082076,19921203,PRCP,0,,,a,
ASN00082076,19921204,PRCP,58,,,a,
ASN00082076,19921205,PRCP,286,,,a,
ASN00082076,19921206,PRCP,176,,,a,
ASN00082076,19921207,PRCP,0,,,a,
ASN00082076,19921208,PRCP,2,,,a,
ASN00082076,19921209,PRCP,0,,,a,
ASN00082076,19921210,PRCP,0,,,a,
ASN00082076,19921211,PRCP,0,,,a,
ASN00082076,19921212,PRCP,0,,,a,
ASN00082076,19921213,PRCP,0,,,a,
ASN00082076,19921214,PRCP,84,,,a,
ASN00082076,19921215,PRCP,0,,,a,
ASN00082076,19921216,PRCP,0,,,a,
ASN00082076,19921217,PRCP,0,,,a,
ASN00082076,19921218,PRCP,0,,,a,
ASN00082076,19921219,PRCP,0,,,a,
ASN00082076,19921220,PRCP,14,,,a,
ASN00082076,19921221,PRCP,246,,,a,
ASN00082076,19921222,PRCP,0,,,a,
ASN00082076,19921223,PRCP,80,,,a,
ASN00082076,19921224,PRCP,4,,,a,
ASN00082076,19921225,PRCP,182,,,a,
ASN00082076,19921226,PRCP,46,,,a,
ASN00082076,19921227,PRCP,0,,,a,
ASN00082076,19921228,PRCP,0,,,a,
ASN00082076,19921229,PRCP,0,,,a,
ASN00082076,19921230,PRCP,0,,,a,
ASN00082076,19921231,PRCP,0,,,a,
ASN00082076,19930101,TMAX,317,,,a,
ASN00082076,19930102,TMAX,332,,,a,
ASN00082076,19930103,TMAX,277,,,a,
ASN00082076,19930104,TMAX,240,,,a,
ASN00082076,19930105,TMAX,252,,,a,
ASN00082076,19930106,TMAX,225,,,a,
ASN00082076,19930107,TMAX,228,,,a,
ASN00082076,19930108,TMAX,258,,,a,
ASN00082076,19930109,TMAX,258,,,a,
ASN00082076,19930110,TMAX,289,,,a,
ASN00082076,19930111,TMAX,280,,,a,
ASN00082076,19930112,TMAX,285,,,a,
ASN00082076,19930113,TMAX,295,,,a,
ASN00082076,19930114,TMAX,320,,,a,
ASN00082076,19930115,TMAX,353,,,a,
ASN00082076,19930116,TMAX,266,,,a,
ASN00082076,19930117,TMAX,283,,,a,
ASN00082076,19930118,TMAX,293,,,a,
ASN00082076,19930119,TMAX,295,,,a,
ASN00082076,19930120,TMAX,321,,,a,
ASN00082076,19930121,TMAX,287,,,a,
ASN00082076,19930122,TMAX,261,,,a,
ASN00082076,19930123,TMAX,277,,,a,
ASN00082076,19930124,TMAX,237,,,a,
ASN00082076,19930125,TMAX,246,,,a,
ASN00082076,19930126,TMAX,282,,,a,
ASN00082076,19930127,TMAX,246,,,a,
ASN00082076,19930128,TMAX,278,,,a,
ASN00082076,19930129,TMAX,305,,,a,
ASN00082076,19930130,TMAX,316,,,a,
ASN00082076,19930131,TMAX,315,,,a,
ASN00082076,19930101,TMIN,145,,,a,
ASN00082076,19930102,TMIN,140,,,a,
ASN00082076,19930103,TMIN,174,,,a,
ASN00082076,19930104,TMIN,124,,,a,
ASN00082076,19930105,TMIN,132,,,a,
ASN00082076,19930106,TMIN,139,,,a,
ASN00082076,19930107,TMIN,92,,,a,
ASN00082076,19930108,TMIN,93,,,a,
ASN00082076,19930109,TMIN,105,,,a,
ASN00082076,19930110,TMIN,115,,,a,
ASN00082076,19930111,TMIN,97,,,a,
ASN00082076,19930112,TMIN,110,,,a,
ASN00082076,19930113,TMIN,121,,,a,
ASN00082076,19930114,TMIN,104,,,a,
ASN00082076,19930115,TMIN,118,,,a,
ASN00082076,19930116,TMIN,178,,,a,
ASN00082076,19930117,TMIN,184,,,a,
ASN00082076,19930118,TMIN,179,,,a,
ASN00082076,19930119,TMIN,161,,,a,
ASN00082076,19930120,TMIN,152,,,a,
ASN00082076,19930121,TMIN,154,,,a,
ASN00082076,19930122,TMIN,154,,,a,
ASN00082076,19930123,TMIN,170,,,a,
ASN00082076,19930124,TMIN,179,,,a,
ASN00082076,19930125,TMIN,172,,,a,
ASN00082076,19930126,TMIN,165,,,a,
ASN00082076,19930127,TMIN,178,,,a,
ASN00082076,19930128,TMIN,166,,,a,
ASN00082076,19930129,TMIN,143,,,a,
ASN00082076,19930130,TMIN,175,,,a,
ASN00082076,19930131,TMIN,162,,,a,
ASN00082076,19930101,PRCP,0,,,a,
ASN00082076,19930102,PRCP,0,,,a,
ASN00082076,19930103,PRCP,36,,,a,
ASN00082076,19930104,PRCP,36,,,a,
ASN00082076,19930105,PRCP,0,,,a,
ASN00082076,19930106,PRCP,0,,,a,
ASN00082076,19930107,PRCP,0,,,a,
ASN00082076,19930108,PRCP,0,,,a,
ASN00082076,19930109,PRCP,0,,,a,
ASN00082076,19930110,PRCP,0,,,a,
ASN00082076,19930111,PRCP,0,,,a,
ASN00082076,19930112,PRCP,0,,,a,
ASN00082076,19930113,PRCP,0,,,a,
ASN00082076,19930114,PRCP,0,,,a,
ASN00082076,19930115,PRCP,0,,,a,
ASN00082076,19930116,PRCP,0,,,a,
ASN00082076,19930117,PRCP,382,,,a,
ASN00082076,19930118,PRCP,194,,,a,
ASN00082076,19930119,PRCP,0,,,a,
ASN00082076,19930120,PRCP,0,,,a,
ASN00082076,19930121,PRCP,0,,,a,
ASN00082076,19930122,PRCP,0,,,a,
ASN00082076,19930123,PRCP,42,,,a,
ASN00082076,19930124,PRCP,22,,,a,
ASN00082076,19930125,PRCP,210,,,a,
ASN00082076,19930126,PRCP,0,,,a,
ASN00082076,19930127,PRCP,152,,,a,
ASN00082076,19930128,PRCP,96,,,a,
ASN00082076,19930129,PRCP,0,,,a,
ASN00082076,19930130,PRCP,0,,,a,
ASN00082076,19930131,PRCP,0,,,a,
ASN00082076,19930201,TMAX,328,,,a,
ASN00082076,19930202,TMAX,338,,,a,
ASN00082076,19930203,TMAX,347,,,a,
ASN00082076,19930204,TMAX,333,,,a,
ASN00082076,19930205,TMAX,253,,,a,
ASN00082076,19930206,TMAX,286,,,a,
ASN00082076,19930207,TMAX,315,,,a,
ASN00082076,19930208,TMAX,324,,,a,
ASN00082076,19930209,TMAX,257,,,a,
ASN00082076,19930210,TMAX,278,,,a,
ASN00082076,19930211,TMAX,302,,,a,
ASN00082076,19930212,TMAX,241,,,a,
ASN00082076,19930213,TMAX,274,,,a,
ASN00082076,19930214,TMAX,292,,,a,
ASN00082076,19930215,TMAX,206,,,a,
ASN00082076,19930216,TMAX,275,,,a,
ASN00082076,19930217,TMAX,306,,,a,
ASN00082076,19930218,TMAX,301,,,a,
ASN00082076,19930219,TMAX,286,,,a,
ASN00082076,19930220,TMAX,198,,,a,
ASN00082076,19930221,TMAX,197,,,a,
ASN00082076,19930222,TMAX,139,,,a,
ASN00082076,19930223,TMAX,162,,,a,
ASN00082076,19930224,TMAX,224,,,a,
ASN00082076,19930225,TMAX,275,,,a,
ASN00082076,19930226,TMAX,241,,,a,
ASN00082076,19930227,TMAX,215,,,a,
ASN00082076,19930228,TMAX,195,,,a,
ASN00082076,19930201,TMIN,180,,,a,
ASN00082076,19930202,TMIN,172,,,a,
ASN00082076,19930203,TMIN,184,,,a,
ASN00082076,19930204,TMIN,192,,,a,
ASN00082076,19930205,TMIN,161,,,a,
ASN00082076,19930206,TMIN,107,,,a,
ASN00082076,19930207,TMIN,125,,,a,
ASN00082076,19930208,TMIN,166,,,a,
ASN00082076,19930209,TMIN,170,,,a,
ASN00082076,19930210,TMIN,148,,,a,
ASN00082076,19930211,TMIN,145,,,a,
ASN00082076,19930212,TMIN,136,,,a,
ASN00082076,19930213,TMIN,132,,,a,
ASN00082076,19930214,TMIN,107,,,a,
ASN00082076,19930215,TMIN,137,,,a,
ASN00082076,19930216,TMIN,118,,,a,
ASN00082076,19930217,TMIN,148,,,a,
ASN00082076,19930218,TMIN,150,,,a,
ASN00082076,19930219,TMIN,149,,,a,
ASN00082076,19930220,TMIN,165,,,a,
ASN00082076,19930221,TMIN,120,,,a,
ASN00082076,19930222,TMIN,50,,,a,
ASN00082076,19930223,TMIN,66,,,a,
ASN00082076,19930224,TMIN,79,,,a,
ASN00082076,19930225,TMIN,74,,,a,
ASN00082076,19930226,TMIN,102,,,a,
ASN00082076,19930227,TMIN,70,,,a,
ASN00082076,19930228,TMIN,70,,,a,
ASN00082076,19930201,PRCP,0,,,a,
ASN00082076,19930202,PRCP,60,,,a,
ASN00082076,19930203,PRCP,0,,,a,
ASN00082076,19930204,PRCP,0,,,a,
ASN00082076,19930205,PRCP,0,,,a,
ASN00082076,19930206,PRCP,0,,,a,
ASN00082076,19930207,PRCP,0,,,a,
ASN00082076,19930208,PRCP,0,,,a,
ASN00082076,19930209,PRCP,4,,,a,
ASN00082076,19930210,PRCP,10,,,a,
ASN00082076,19930211,PRCP,0,,,a,
ASN00082076,19930212,PRCP,0,,,a,
ASN00082076,19930213,PRCP,0,,,a,
ASN00082076,19930214,PRCP,0,,,a,
ASN00082076,19930215,PRCP,8,,,a,
ASN00082076,19930216,PRCP,22,,,a,
ASN00082076,19930217,PRCP,0,,,a,
ASN00082076,19930218,PRCP,0,,,a,
ASN00082076,19930219,PRCP,0,,,a,
ASN00082076,19930220,PRCP,42,,,a,
ASN00082076,19930221,PRCP,302,,,a,
ASN00082076,19930222,PRCP,0,,,a,
ASN00082076,19930223,PRCP,22,,,a,
ASN00082076,19930224,PRCP,2,,,a,
ASN00082076,19930225,PRCP,0,,,a,
ASN00082076,19930226,PRCP,0,,,a,
ASN00082076,19930227,PRCP,0,,,a,
ASN00082076,19930228,PRCP,0,,,a,
ASN00082076,19930301,TMAX,189,,,a,
ASN00082076,19930302,TMAX,200,,,a,
ASN00082076,19930303,TMAX,203,,,a,
ASN00082076,19930304,TMAX,237,,,a,
ASN00082076,19930305,TMAX,257,,,a,
ASN00082076,19930306,TMAX,227,,,a,
ASN00082076,19930307,TMAX,178,,,a,
ASN00082076,19930308,TMAX,240,,,a,
ASN00082076,19930309,TMAX,187,,,a,
ASN00082076,19930310,TMAX,235,,,a,
ASN00082076,19930311,TMAX,209,,,a,
ASN00082076,19930312,TMAX,250,,,a,
ASN00082076,19930313,TMAX,265,,,a,
ASN00082076,19930314,TMAX,262,,,a,
ASN00082076,19930315,TMAX,254,,,a,
ASN00082076,19930316,TMAX,287,,,a,
ASN00082076,19930317,TMAX,260,,,a,
ASN00082076,19930318,TMAX,228,,,a,
ASN00082076,19930319,TMAX,260,,,a,
ASN00082076,19930320,TMAX,196,,,a,
ASN00082076,19930321,TMAX,247,,,a,
ASN00082076,19930322,TMAX,251,,,a,
ASN00082076,19930323,TMAX,237,,,a,
ASN00082076,19930324,TMAX,267,,,a,
ASN00082076,19930325,TMAX,160,,,a,
ASN00082076,19930326,TMAX,218,,,a,
ASN00082076,19930327,TMAX,287,,,a,
ASN00082076,19930328,TMAX,221,,,a,
ASN00082076,19930329,TMAX,185,,,a,
ASN00082076,19930330,TMAX,184,,,a,
ASN00082076,19930331,TMAX,204,,,a,
ASN00082076,19930301,TMIN,88,,,a,
ASN00082076,19930302,TMIN,93,,,a,
ASN00082076,19930303,TMIN,55,,,a,
ASN00082076,19930304,TMIN,96,,,a,
ASN00082076,19930305,TMIN,103,,,a,
ASN00082076,19930306,TMIN,105,,,a,
ASN00082076,19930307,TMIN,127,,,a,
ASN00082076,19930308,TMIN,88,,,a,
ASN00082076,19930309,TMIN,143,,,a,
ASN00082076,19930310,TMIN,88,,,a,
ASN00082076,19930311,TMIN,127,,,a,
ASN00082076,19930312,TMIN,89,,,a,
ASN00082076,19930313,TMIN,100,,,a,
ASN00082076,19930314,TMIN,106,,,a,
ASN00082076,19930315,TMIN,97,,,a,
ASN00082076,19930316,TMIN,116,,,a,
ASN00082076,19930317,TMIN,172,,,a,
ASN00082076,19930318,TMIN,152,,,a,
ASN00082076,19930319,TMIN,91,,,a,
ASN00082076,19930320,TMIN,107,,,a,
ASN00082076,19930321,TMIN,140,,,a,
ASN00082076,19930322,TMIN,71,,,a,
ASN00082076,19930323,TMIN,113,,,a,
ASN00082076,19930324,TMIN,125,,,a,
ASN00082076,19930325,TMIN,142,,,a,
ASN00082076,19930326,TMIN,145,,,a,
ASN00082076,19930327,TMIN,122,,,a,
ASN00082076,19930328,TMIN,146,,,a,
ASN00082076,19930329,TMIN,63,,,a,
ASN00082076,19930330,TMIN,47,,,a,
ASN00082076,19930331,TMIN,63,,,a,
ASN00082076,19930301,PRCP,46,,,a,
ASN00082076,19930302,PRCP,0,,,a,
ASN00082076,19930303,PRCP,0,,,a,
ASN00082076,19930304,PRCP,0,,,a,
ASN00082076,19930305,PRCP,0,,,a,
ASN00082076,19930306,PRCP,0,,,a,
ASN00082076,19930307,PRCP,88,,,a,
ASN00082076,19930308,PRCP,134,,,a,
ASN00082076,19930309,PRCP,22,,,a,
ASN00082076,19930310,PRCP,28,,,a,
ASN00082076,19930311,PRCP,0,,,a,
ASN00082076,19930312,PRCP,0,,,a,
ASN00082076,19930313,PRCP,0,,,a,
ASN00082076,19930314,PRCP,0,,,a,
ASN00082076,19930315,PRCP,0,,,a,
ASN00082076,19930316,PRCP,0,,,a,
ASN00082076,19930317,PRCP,0,,,a,
ASN00082076,19930318,PRCP,0,,,a,
ASN00082076,19930319,PRCP,0,,,a,
ASN00082076,19930320,PRCP,0,,,a,
ASN00082076,19930321,PRCP,36,,,a,
ASN00082076,19930322,PRCP,0,,,a,
ASN00082076,19930323,PRCP,36,,,a,
ASN00082076,19930324,PRCP,4,,,a,
ASN00082076,19930325,PRCP,220,,,a,
ASN00082076,19930326,PRCP,686,,,a,
ASN00082076,19930327,PRCP,18,,,a,
ASN00082076,19930328,PRCP,280,,,a,
ASN00082076,19930329,PRCP,2,,,a,
ASN00082076,19930330,PRCP,0,,,a,
ASN00082076,19930331,PRCP,0,,,a,
ASN00082076,19930401,TMAX,223,,,a,
ASN00082076,19930402,TMAX,194,,,a,
ASN00082076,19930403,TMAX,216,,,a,
ASN00082076,19930404,TMAX,213,,,a,
ASN00082076,19930405,TMAX,183,,,a,
ASN00082076,19930406,TMAX,180,,,a,
ASN00082076,19930407,TMAX,179,,,a,
ASN00082076,19930408,TMAX,178,,,a,
ASN00082076,19930409,TMAX,212,,,a,
ASN00082076,19930410,TMAX,220,,,a,
ASN00082076,19930411,TMAX,233,,,a,
ASN00082076,19930412,TMAX,235,,,a,
ASN00082076,19930413,TMAX,204,,,a,
ASN00082076,19930414,TMAX,205,,,a,
ASN00082076,19930415,TMAX,200,,,a,
ASN00082076,19930416,TMAX,224,,,a,
ASN00082076,19930417,TMAX,219,,,a,
ASN00082076,19930418,TMAX,218,,,a,
ASN00082076,19930419,TMAX,223,,,a,
ASN00082076,19930420,TMAX,224,,,a,
ASN00082076,19930421,TMAX,238,,,a,
ASN00082076,19930422,TMAX,240,,,a,
ASN00082076,19930423,TMAX,238,,,a,
ASN00082076,19930424,TMAX,236,,,a,
ASN00082076,19930425,TMAX,207,,,a,
ASN00082076,19930426,TMAX,214,,,a,
ASN00082076,19930427,TMAX,224,,,a,
ASN00082076,19930428,TMAX,203,,,a,
ASN00082076,19930429,TMAX,218,,,a,
ASN00082076,19930430,TMAX,216,,,a,
ASN00082076,19930401,TMIN,87,,,a,
ASN00082076,19930402,TMIN,106,,,a,
ASN00082076,19930403,TMIN,74,,,a,
ASN00082076,19930404,TMIN,55,,,a,
ASN00082076,19930405,TMIN,92,,,a,
ASN00082076,19930406,TMIN,86,,,a,
ASN00082076,19930407,TMIN,40,,,a,
ASN00082076,19930408,TMIN,67,,,a,
ASN00082076,19930409,TMIN,85,,,a,
ASN00082076,19930410,TMIN,50,,,a,
ASN00082076,19930411,TMIN,60,,,a,
ASN00082076,19930412,TMIN,83,,,a,
ASN00082076,19930413,TMIN,90,,,a,
ASN00082076,19930414,TMIN,110,,,a,
ASN00082076,19930415,TMIN,112,,,a,
ASN00082076,19930416,TMIN,66,,,a,
ASN00082076,19930417,TMIN,69,,,a,
ASN00082076,19930418,TMIN,62,,,a,
ASN00082076,19930419,TMIN,64,,,a,
ASN00082076,19930420,TMIN,72,,,a,
ASN00082076,19930421,TMIN,72,,,a,
ASN00082076,19930422,TMIN,57,,,a,
ASN00082076,19930423,TMIN,57,,,a,
ASN00082076,19930424,TMIN,65,,,a,
ASN00082076,19930425,TMIN,105,,,a,
ASN00082076,19930426,TMIN,62,,,a,
ASN00082076,19930427,TMIN,56,,,a,
ASN00082076,19930428,TMIN,97,,,a,
ASN00082076,19930429,TMIN,66,,,a,
ASN00082076,19930430,TMIN,56,,,a,
ASN00082076,19930401,PRCP,0,,,a,
ASN00082076,19930402,PRCP,40,,,a,
ASN00082076,19930403,PRCP,0,,,a,
ASN00082076,19930404,PRCP,0,,,a,
ASN00082076,19930405,PRCP,6,,,a,
ASN00082076,19930406,PRCP,36,,,a,
ASN00082076,19930407,PRCP,0,,,a,
ASN00082076,19930408,PRCP,0,,,a,
ASN00082076,19930409,PRCP,0,,,a,
ASN00082076,19930410,PRCP,0,,,a,
ASN00082076,19930411,PRCP,0,,,a,
ASN00082076,19930412,PRCP,0,,,a,
ASN00082076,19930413,PRCP,0,,,a,
ASN00082076,19930414,PRCP,66,,,a,
ASN00082076,19930415,PRCP,0,,,a,
ASN00082076,19930416,PRCP,0,,,a,
ASN00082076,19930417,PRCP,0,,,a,
ASN00082076,19930418,PRCP,0,,,a,
ASN00082076,19930419,PRCP,0,,,a,
ASN00082076,19930420,PRCP,2,,,a,
ASN00082076,19930421,PRCP,0,,,a,
ASN00082076,19930422,PRCP,0,,,a,
ASN00082076,19930423,PRCP,0,,,a,
ASN00082076,19930424,PRCP,0,,,a,
ASN00082076,19930425,PRCP,0,,,a,
ASN00082076,19930426,PRCP,0,,,a,
ASN00082076,19930427,PRCP,0,,,a,
ASN00082076,19930428,PRCP,0,,,a,
ASN00082076,19930429,PRCP,0,,,a,
ASN00082076,19930430,PRCP,0,,,a,
ASN00082076,19930501,TMAX,210,,,a,
ASN00082076,19930502,TMAX,182,,,a,
ASN00082076,19930503,TMAX,154,,,a,
ASN00082076,19930504,TMAX,150,,,a,
ASN00082076,19930505,TMAX,175,,,a,
ASN00082076,19930506,TMAX,185,,,a,
ASN00082076,19930507,TMAX,134,,,a,
ASN00082076,19930508,TMAX,201,,,a,
ASN00082076,19930509,TMAX,195,,,a,
ASN00082076,19930510,TMAX,132,,,a,
ASN00082076,19930511,TMAX,169,,,a,
ASN00082076,19930512,TMAX,157,,,a,
ASN00082076,19930513,TMAX,170,,,a,
ASN00082076,19930514,TMAX,136,,,a,
ASN00082076,19930515,TMAX,110,,,a,
ASN00082076,19930516,TMAX,162,,,a,
ASN00082076,19930517,TMAX,156,,,a,
ASN00082076,19930518,TMAX,179,,,a,
ASN00082076,19930519,TMAX,172,,,a,
ASN00082076,19930520,TMAX,176,,,a,
ASN00082076,19930521,TMAX,135,,,a,
ASN00082076,19930522,TMAX,107,,,a,
ASN00082076,19930523,TMAX,133,,,a,
ASN00082076,19930524,TMAX,118,,,a,
ASN00082076,19930525,TMAX,134,,,a,
ASN00082076,19930526,TMAX,118,,,a,
ASN00082076,19930527,TMAX,166,,,a,
ASN00082076,19930528,TMAX,178,,,a,
ASN00082076,19930529,TMAX,151,,,a,
ASN00082076,19930530,TMAX,172,,,a,
ASN00082076,19930531,TMAX,127,,,a,
ASN00082076,19930501,TMIN,70,,,a,
ASN00082076,19930502,TMIN,75,,,a,
ASN00082076,19930503,TMIN,95,,,a,
ASN00082076,19930504,TMIN,78,,,a,
ASN00082076,19930505,TMIN,45,,,a,
ASN00082076,19930506,TMIN,28,,,a,
ASN00082076,19930507,TMIN,62,,,a,
ASN00082076,19930508,TMIN,81,,,a,
ASN00082076,19930509,TMIN,77,,,a,
ASN00082076,19930510,TMIN,67,,,a,
ASN00082076,19930511,TMIN,65,,,a,
ASN00082076,19930512,TMIN,48,,,a,
ASN00082076,19930513,TMIN,54,,,a,
ASN00082076,19930514,TMIN,43,,,a,
ASN00082076,19930515,TMIN,38,,,a,
ASN00082076,19930516,TMIN,54,,,a,
ASN00082076,19930517,TMIN,25,,,a,
ASN00082076,19930518,TMIN,26,,,a,
ASN00082076,19930519,TMIN,14,,,a,
ASN00082076,19930520,TMIN,25,,,a,
ASN00082076,19930521,TMIN,20,,,a,
ASN00082076,19930522,TMIN,45,,,a,
ASN00082076,19930523,TMIN,60,,,a,
ASN00082076,19930524,TMIN,66,,,a,
ASN00082076,19930525,TMIN,35,,,a,
ASN00082076,19930526,TMIN,57,,,a,
ASN00082076,19930527,TMIN,5,,,a,
ASN00082076,19930528,TMIN,17,,,a,
ASN00082076,19930529,TMIN,27,,,a,
ASN00082076,19930530,TMIN,67,,,a,
ASN00082076,19930531,TMIN,88,,,a,
ASN00082076,19930501,PRCP,0,,,a,
ASN00082076,19930502,PRCP,0,,,a,
ASN00082076,19930503,PRCP,12,,,a,
ASN00082076,19930504,PRCP,76,,,a,
ASN00082076,19930505,PRCP,0,,,a,
ASN00082076,19930506,PRCP,0,,,a,
ASN00082076,19930507,PRCP,4,,,a,
ASN00082076,19930508,PRCP,18,,,a,
ASN00082076,19930509,PRCP,0,,,a,
ASN00082076,19930510,PRCP,0,,,a,
ASN00082076,19930511,PRCP,32,,,a,
ASN00082076,19930512,PRCP,0,,,a,
ASN00082076,19930513,PRCP,0,,,a,
ASN00082076,19930514,PRCP,0,,,a,
ASN00082076,19930515,PRCP,0,,,a,
ASN00082076,19930516,PRCP,0,,,a,
ASN00082076,19930517,PRCP,0,,,a,
ASN00082076,19930518,PRCP,0,,,a,
ASN00082076,19930519,PRCP,0,,,a,
ASN00082076,19930520,PRCP,0,,,a,
ASN00082076,19930521,PRCP,0,,,a,
ASN00082076,19930522,PRCP,30,,,a,
ASN00082076,19930523,PRCP,52,,,a,
ASN00082076,19930524,PRCP,0,,,a,
ASN00082076,19930525,PRCP,0,,,a,
ASN00082076,19930526,PRCP,2,,,a,
ASN00082076,19930527,PRCP,0,,,a,
ASN00082076,19930528,PRCP,0,,,a,
ASN00082076,19930529,PRCP,0,,,a,
ASN00082076,19930530,PRCP,0,,,a,
ASN00082076,19930531,PRCP,154,,,a,
ASN00082076,19930601,TMAX,128,,,a,
ASN00082076,19930602,TMAX,117,,,a,
ASN00082076,19930603,TMAX,141,,,a,
ASN00082076,19930604,TMAX,118,,,a,
ASN00082076,19930605,TMAX,134,,,a,
ASN00082076,19930606,TMAX,125,,,a,
ASN00082076,19930607,TMAX,112,,,a,
ASN00082076,19930608,TMAX,117,,,a,
ASN00082076,19930609,TMAX,114,,,a,
ASN00082076,19930610,TMAX,102,,,a,
ASN00082076,19930611,TMAX,90,,,a,
ASN00082076,19930612,TMAX,55,,,a,
ASN00082076,19930613,TMAX,97,,,a,
ASN00082076,19930614,TMAX,115,,,a,
ASN00082076,19930615,TMAX,127,,,a,
ASN00082076,19930616,TMAX,122,,,a,
ASN00082076,19930617,TMAX,75,,,a,
ASN00082076,19930618,TMAX,128,,,a,
ASN00082076,19930619,TMAX,121,,,a,
ASN00082076,19930620,TMAX,121,,,a,
ASN00082076,19930621,TMAX,132,,,a,
ASN00082076,19930622,TMAX,118,,,a,
ASN00082076,19930623,TMAX,112,,,a,
ASN00082076,19930624,TMAX,104,,,a,
ASN00082076,19930625,TMAX,124,,,a,
ASN00082076,19930626,TMAX,126,,,a,
ASN00082076,19930627,TMAX,116,,,a,
ASN00082076,19930628,TMAX,126,,,a,
ASN00082076,19930629,TMAX,119,,,a,
ASN00082076,19930630,TMAX,140,,,a,
ASN00082076,19930601,TMIN,22,,,a,
ASN00082076,19930602,TMIN,50,,,a,
ASN00082076,19930603,TMIN,69,,,a,
ASN00082076,19930604,TMIN,10,,,a,
ASN00082076,19930605,TMIN,5,,,a,
ASN00082076,19930606,TMIN,-5,,,a,
ASN00082076,19930607,TMIN,2,,,a,
ASN00082076,19930608,TMIN,5,,,a,
ASN00082076,19930609,TMIN,84,,,a,
ASN00082076,19930610,TMIN,60,,,a,
ASN00082076,19930611,TMIN,65,,,a,
ASN00082076,19930612,TMIN,35,,,a,
ASN00082076,19930613,TMIN,0,,,a,
ASN00082076,19930614,TMIN,-13,,,a,
ASN00082076,19930615,TMIN,2,,,a,
ASN00082076,19930616,TMIN,20,,,a,
ASN00082076,19930617,TMIN,33,,,a,
ASN00082076,19930618,TMIN,45,,,a,
ASN00082076,19930619,TMIN,54,,,a,
ASN00082076,19930620,TMIN,75,,,a,
ASN00082076,19930621,TMIN,82,,,a,
ASN00082076,19930622,TMIN,50,,,a,
ASN00082076,19930623,TMIN,52,,,a,
ASN00082076,19930624,TMIN,-17,,,a,
ASN00082076,19930625,TMIN,-6,,,a,
ASN00082076,19930626,TMIN,-2,,,a,
ASN00082076,19930627,TMIN,-4,,,a,
ASN00082076,19930628,TMIN,-15,,,a,
ASN00082076,19930629,TMIN,-15,,,a,
ASN00082076,19930630,TMIN,-9,,,a,
ASN00082076,19930601,PRCP,0,,,a,
ASN00082076,19930602,PRCP,56,,,a,
ASN00082076,19930603,PRCP,18,,,a,
ASN00082076,19930604,PRCP,0,,,a,
ASN00082076,19930605,PRCP,0,,,a,
ASN00082076,19930606,PRCP,0,,,a,
ASN00082076,19930607,PRCP,0,,,a,
ASN00082076,19930608,PRCP,0,,,a,
ASN00082076,19930609,PRCP,0,,,a,
ASN00082076,19930610,PRCP,2,,,a,
ASN00082076,19930611,PRCP,114,,,a,
ASN00082076,19930612,PRCP,112,,,a,
ASN00082076,19930613,PRCP,26,,,a,
ASN00082076,19930614,PRCP,0,,,a,
ASN00082076,19930615,PRCP,0,,,a,
ASN00082076,19930616,PRCP,0,,,a,
ASN00082076,19930617,PRCP,0,,,a,
ASN00082076,19930618,PRCP,18,,,a,
ASN00082076,19930619,PRCP,24,,,a,
ASN00082076,19930620,PRCP,62,,,a,
ASN00082076,19930621,PRCP,28,,,a,
ASN00082076,19930622,PRCP,34,,,a,
ASN00082076,19930623,PRCP,50,,,a,
ASN00082076,19930624,PRCP,0,,,a,
ASN00082076,19930625,PRCP,0,,,a,
ASN00082076,19930626,PRCP,0,,,a,
ASN00082076,19930627,PRCP,0,,,a,
ASN00082076,19930628,PRCP,0,,,a,
ASN00082076,19930629,PRCP,0,,,a,
ASN00082076,19930630,PRCP,0,,,a,
ASN00082076,19930701,TMAX,87,,,a,
ASN00082076,19930702,TMAX,148,,,a,
ASN00082076,19930703,TMAX,126,,,a,
ASN00082076,19930704,TMAX,131,,,a,
ASN00082076,19930705,TMAX,95,,,a,
ASN00082076,19930706,TMAX,104,,,a,
ASN00082076,19930707,TMAX,107,,,a,
ASN00082076,19930708,TMAX,132,,,a,
ASN00082076,19930709,TMAX,97,,,a,
ASN00082076,19930710,TMAX,113,,,a,
ASN00082076,19930711,TMAX,114,,,a,
ASN00082076,19930712,TMAX,140,,,a,
ASN00082076,19930713,TMAX,129,,,a,
ASN00082076,19930714,TMAX,135,,,a,
ASN00082076,19930715,TMAX,132,,,a,
ASN00082076,19930716,TMAX,136,,,a,
ASN00082076,19930717,TMAX,140,,,a,
ASN00082076,19930718,TMAX,110,,,a,
ASN00082076,19930719,TMAX,139,,,a,
ASN00082076,19930720,TMAX,149,,,a,
ASN00082076,19930721,TMAX,112,,,a,
ASN00082076,19930722,TMAX,127,,,a,
ASN00082076,19930723,TMAX,100,,,a,
ASN00082076,19930724,TMAX,102,,,a,
ASN00082076,19930725,TMAX,125,,,a,
ASN00082076,19930726,TMAX,122,,,a,
ASN00082076,19930727,TMAX,121,,,a,
ASN00082076,19930728,TMAX,155,,,a,
ASN00082076,19930729,TMAX,158,,,a,
ASN00082076,19930730,TMAX,157,,,a,
ASN00082076,19930731,TMAX,138,,,a,
ASN00082076,19930701,TMIN,2,,,a,
ASN00082076,19930702,TMIN,55,,,a,
ASN00082076,19930703,TMIN,71,,,a,
ASN00082076,19930704,TMIN,7,,,a,
ASN00082076,19930705,TMIN,7,,,a,
ASN00082076,19930706,TMIN,42,,,a,
ASN00082076,19930707,TMIN,80,,,a,
ASN00082076,19930708,TMIN,81,,,a,
ASN00082076,19930709,TMIN,40,,,a,
ASN00082076,19930710,TMIN,62,,,a,
ASN00082076,19930711,TMIN,62,,,a,
ASN00082076,19930712,TMIN,26,,,a,
ASN00082076,19930713,TMIN,33,,,a,
ASN00082076,19930714,TMIN,30,,,a,
ASN00082076,19930715,TMIN,59,,,a,
ASN00082076,19930716,TMIN,12,,,a,
ASN00082076,19930717,TMIN,-5,,,a,
ASN00082076,19930718,TMIN,0,,,a,
ASN00082076,19930719,TMIN,-4,,,a,
ASN00082076,19930720,TMIN,10,,,a,
ASN00082076,19930721,TMIN,-5,,,a,
ASN00082076,19930722,TMIN,26,,,a,
ASN00082076,19930723,TMIN,24,,,a,
ASN00082076,19930724,TMIN,32,,,a,
ASN00082076,19930725,TMIN,55,,,a,
ASN00082076,19930726,TMIN,82,,,a,
ASN00082076,19930727,TMIN,23,,,a,
ASN00082076,19930728,TMIN,19,,,a,
ASN00082076,19930729,TMIN,8,,,a,
ASN00082076,19930730,TMIN,36,,,a,
ASN00082076,19930731,TMIN,74,,,a,
ASN00082076,19930701,PRCP,18,,,a,
ASN00082076,19930702,PRCP,30,,,a,
ASN00082076,19930703,PRCP,74,,,a,
ASN00082076,19930704,PRCP,282,,,a,
ASN00082076,19930705,PRCP,0,,,a,
ASN00082076,19930706,PRCP,58,,,a,
ASN00082076,19930707,PRCP,50,,,a,
ASN00082076,19930708,PRCP,386,,,a,
ASN00082076,19930709,PRCP,14,,,a,
ASN00082076,19930710,PRCP,150,,,a,
ASN00082076,19930711,PRCP,2,,,a,
ASN00082076,19930712,PRCP,0,,,a,
ASN00082076,19930713,PRCP,0,,,a,
ASN00082076,19930714,PRCP,0,,,a,
ASN00082076,19930715,PRCP,56,,,a,
ASN00082076,19930716,PRCP,0,,,a,
ASN00082076,19930717,PRCP,0,,,a,
ASN00082076,19930718,PRCP,0,,,a,
ASN00082076,19930719,PRCP,0,,,a,
ASN00082076,19930720,PRCP,0,,,a,
ASN00082076,19930721,PRCP,0,,,a,
ASN00082076,19930722,PRCP,0,,,a,
ASN00082076,19930723,PRCP,0,,,a,
ASN00082076,19930724,PRCP,0,,,a,
ASN00082076,19930725,PRCP,476,,,a,
ASN00082076,19930726,PRCP,118,,,a,
ASN00082076,19930727,PRCP,2,,,a,
ASN00082076,19930728,PRCP,0,,,a,
ASN00082076,19930729,PRCP,0,,,a,
ASN00082076,19930730,PRCP,0,,,a,
ASN00082076,19930731,PRCP,382,,,a,
ASN00082076,19930801,TMAX,136,,,a,
ASN00082076,19930802,TMAX,118,,,a,
ASN00082076,19930803,TMAX,113,,,a,
ASN00082076,19930804,TMAX,113,,,a,
ASN00082076,19930805,TMAX,128,,,a,
ASN00082076,19930806,TMAX,135,,,a,
ASN00082076,19930807,TMAX,135,,,a,
ASN00082076,19930808,TMAX,105,,,a,
ASN00082076,19930809,TMAX,156,,,a,
ASN00082076,19930810,TMAX,97,,,a,
ASN00082076,19930811,TMAX,119,,,a,
ASN00082076,19930812,TMAX,152,,,a,
ASN00082076,19930813,TMAX,152,,,a,
ASN00082076,19930814,TMAX,110,,,a,
ASN00082076,19930815,TMAX,172,,,a,
ASN00082076,19930816,TMAX,114,,,a,
ASN00082076,19930817,TMAX,84,,,a,
ASN00082076,19930818,TMAX,142,,,a,
ASN00082076,19930819,TMAX,132,,,a,
ASN00082076,19930820,TMAX,134,,,a,
ASN00082076,19930821,TMAX,106,,,a,
ASN00082076,19930822,TMAX,149,,,a,
ASN00082076,19930823,TMAX,173,,,a,
ASN00082076,19930824,TMAX,167,,,a,
ASN00082076,19930825,TMAX,175,,,a,
ASN00082076,19930826,TMAX,193,,,a,
ASN00082076,19930827,TMAX,192,,,a,
ASN00082076,19930828,TMAX,195,,,a,
ASN00082076,19930829,TMAX,193,,,a,
ASN00082076,19930830,TMAX,162,,,a,
ASN00082076,19930831,TMAX,160,,,a,
ASN00082076,19930801,TMIN,5,,,a,
ASN00082076,19930802,TMIN,20,,,a,
ASN00082076,19930803,TMIN,46,,,a,
ASN00082076,19930804,TMIN,28,,,a,
ASN00082076,19930805,TMIN,-19,,,a,
ASN00082076,19930806,TMIN,-8,,,a,
ASN00082076,19930807,TMIN,20,,,a,
ASN00082076,19930808,TMIN,36,,,a,
ASN00082076,19930809,TMIN,70,,,a,
ASN00082076,19930810,TMIN,83,,,a,
ASN00082076,19930811,TMIN,17,,,a,
ASN00082076,19930812,TMIN,21,,,a,
ASN00082076,19930813,TMIN,22,,,a,
ASN00082076,19930814,TMIN,43,,,a,
ASN00082076,19930815,TMIN,71,,,a,
ASN00082076,19930816,TMIN,77,,,a,
ASN00082076,19930817,TMIN,19,,,a,
ASN00082076,19930818,TMIN,53,,,a,
ASN00082076,19930819,TMIN,52,,,a,
ASN00082076,19930820,TMIN,12,,,a,
ASN00082076,19930821,TMIN,42,,,a,
ASN00082076,19930822,TMIN,47,,,a,
ASN00082076,19930823,TMIN,22,,,a,
ASN00082076,19930824,TMIN,22,,,a,
ASN00082076,19930825,TMIN,23,,,a,
ASN00082076,19930826,TMIN,36,,,a,
ASN00082076,19930827,TMIN,35,,,a,
ASN00082076,19930828,TMIN,30,,,a,
ASN00082076,19930829,TMIN,30,,,a,
ASN00082076,19930830,TMIN,22,,,a,
ASN00082076,19930831,TMIN,73,,,a,
ASN00082076,19930801,PRCP,0,,,a,
ASN00082076,19930802,PRCP,54,,,a,
ASN00082076,19930803,PRCP,0,,,a,
ASN00082076,19930804,PRCP,4,,,a,
ASN00082076,19930805,PRCP,0,,,a,
ASN00082076,19930806,PRCP,0,,,a,
ASN00082076,19930807,PRCP,0,,,a,
ASN00082076,19930808,PRCP,42,,,a,
ASN00082076,19930809,PRCP,56,,,a,
ASN00082076,19930810,PRCP,72,,,a,
ASN00082076,19930811,PRCP,74,,,a,
ASN00082076,19930812,PRCP,0,,,a,
ASN00082076,19930813,PRCP,0,,,a,
ASN00082076,19930814,PRCP,8,,,a,
ASN00082076,19930815,PRCP,52,,,a,
ASN00082076,19930816,PRCP,140,,,a,
ASN00082076,19930817,PRCP,20,,,a,
ASN00082076,19930818,PRCP,12,,,a,
ASN00082076,19930819,PRCP,0,,,a,
ASN00082076,19930820,PRCP,0,,,a,
ASN00082076,19930821,PRCP,8,,,a,
ASN00082076,19930822,PRCP,54,,,a,
ASN00082076,19930823,PRCP,0,,,a,
ASN00082076,19930824,PRCP,0,,,a,
ASN00082076,19930825,PRCP,0,,,a,
ASN00082076,19930826,PRCP,0,,,a,
ASN00082076,19930827,PRCP,0,,,a,
ASN00082076,19930828,PRCP,0,,,a,
ASN00082076,19930829,PRCP,0,,,a,
ASN00082076,19930830,PRCP,0,,,a,
ASN00082076,19930831,PRCP,104,,,a,
ASN00082076,19930901,TMAX,170,,,a,
ASN00082076,19930902,TMAX,135,,,a,
ASN00082076,19930903,TMAX,134,,,a,
ASN00082076,19930904,TMAX,153,,,a,
ASN00082076,19930905,TMAX,155,,,a,
ASN00082076,19930906,TMAX,184,,,a,
ASN00082076,19930907,TMAX,160,,,a,
ASN00082076,19930908,TMAX,187,,,a,
ASN00082076,19930909,TMAX,145,,,a,
ASN00082076,19930910,TMAX,156,,,a,
ASN00082076,19930911,TMAX,150,,,a,
ASN00082076,19930912,TMAX,132,,,a,
ASN00082076,19930913,TMAX,165,,,a,
ASN00082076,19930914,TMAX,133,,,a,
ASN00082076,19930915,TMAX,136,,,a,
ASN00082076,19930916,TMAX,150,,,a,
ASN00082076,19930917,TMAX,155,,,a,
ASN00082076,19930918,TMAX,182,,,a,
ASN00082076,19930919,TMAX,126,,,a,
ASN00082076,19930920,TMAX,135,,,a,
ASN00082076,19930921,TMAX,122,,,a,
ASN00082076,19930922,TMAX,157,,,a,
ASN00082076,19930923,TMAX,190,,,a,
ASN00082076,19930924,TMAX,197,,,a,
ASN00082076,19930925,TMAX,182,,,a,
ASN00082076,19930926,TMAX,210,,,a,
ASN00082076,19930927,TMAX,214,,,a,
ASN00082076,19930928,TMAX,230,,,a,
ASN00082076,19930929,TMAX,187,,,a,
ASN00082076,19930930,TMAX,232,,,a,
ASN00082076,19930901,TMIN,97,,,a,
ASN00082076,19930902,TMIN,75,,,a,
ASN00082076,19930903,TMIN,41,,,a,
ASN00082076,19930904,TMIN,36,,,a,
ASN00082076,19930905,TMIN,0,,,a,
ASN00082076,19930906,TMIN,13,,,a,
ASN00082076,19930907,TMIN,26,,,a,
ASN00082076,19930908,TMIN,69,,,a,
ASN00082076,19930909,TMIN,90,,,a,
ASN00082076,19930910,TMIN,25,,,a,
ASN00082076,19930911,TMIN,12,,,a,
ASN00082076,19930912,TMIN,36,,,a,
ASN00082076,19930913,TMIN,75,,,a,
ASN00082076,19930914,TMIN,82,,,a,
ASN00082076,19930915,TMIN,73,,,a,
ASN00082076,19930916,TMIN,47,,,a,
ASN00082076,19930917,TMIN,37,,,a,
ASN00082076,19930918,TMIN,20,,,a,
ASN00082076,19930919,TMIN,50,,,a,
ASN00082076,19930920,TMIN,70,,,a,
ASN00082076,19930921,TMIN,32,,,a,
ASN00082076,19930922,TMIN,38,,,a,
ASN00082076,19930923,TMIN,31,,,a,
ASN00082076,19930924,TMIN,35,,,a,
ASN00082076,19930925,TMIN,40,,,a,
ASN00082076,19930926,TMIN,30,,,a,
ASN00082076,19930927,TMIN,42,,,a,
ASN00082076,19930928,TMIN,34,,,a,
ASN00082076,19930929,TMIN,71,,,a,
ASN00082076,19930930,TMIN,103,,,a,
ASN00082076,19930901,PRCP,242,,,a,
ASN00082076,19930902,PRCP,340,,,a,
ASN00082076,19930903,PRCP,38,,,a,
ASN00082076,19930904,PRCP,0,,,a,
ASN00082076,19930905,PRCP,0,,,a,
ASN00082076,19930906,PRCP,0,,,a,
ASN00082076,19930907,PRCP,0,,,a,
ASN00082076,19930908,PRCP,14,,,a,
ASN00082076,19930909,PRCP,154,,,a,
ASN00082076,19930910,PRCP,2,,,a,
ASN00082076,19930911,PRCP,0,,,a,
ASN00082076,19930912,PRCP,0,,,a,
ASN00082076,19930913,PRCP,66,,,a,
ASN00082076,19930914,PRCP,56,,,a,
ASN00082076,19930915,PRCP,62,,,a,
ASN00082076,19930916,PRCP,6,,,a,
ASN00082076,19930917,PRCP,16,,,a,
ASN00082076,19930918,PRCP,4,,,a,
ASN00082076,19930919,PRCP,8,,,a,
ASN00082076,19930920,PRCP,176,,,a,
ASN00082076,19930921,PRCP,30,,,a,
ASN00082076,19930922,PRCP,4,,,a,
ASN00082076,19930923,PRCP,0,,,a,
ASN00082076,19930924,PRCP,0,,,a,
ASN00082076,19930925,PRCP,0,,,a,
ASN00082076,19930926,PRCP,0,,,a,
ASN00082076,19930927,PRCP,0,,,a,
ASN00082076,19930928,PRCP,0,,,a,
ASN00082076,19930929,PRCP,0,,,a,
ASN00082076,19930930,PRCP,46,,,a,
ASN00082076,19931001,TMAX,168,,,a,
ASN00082076,19931002,TMAX,215,,,a,
ASN00082076,19931003,TMAX,175,,,a,
ASN00082076,19931004,TMAX,125,,,a,
ASN00082076,19931005,TMAX,176,,,a,
ASN00082076,19931006,TMAX,200,,,a,
ASN00082076,19931007,TMAX,210,,,a,
ASN00082076,19931008,TMAX,240,,,a,
ASN00082076,19931009,TMAX,188,,,a,
ASN00082076,19931010,TMAX,131,,,a,
ASN00082076,19931011,TMAX,162,,,a,
ASN00082076,19931012,TMAX,177,,,a,
ASN00082076,19931013,TMAX,190,,,a,
ASN00082076,19931014,TMAX,207,,,a,
ASN00082076,19931015,TMAX,223,,,a,
ASN00082076,19931016,TMAX,200,,,a,
ASN00082076,19931017,TMAX,225,,,a,
ASN00082076,19931018,TMAX,164,,,a,
ASN00082076,19931019,TMAX,162,,,a,
ASN00082076,19931020,TMAX,154,,,a,
ASN00082076,19931021,TMAX,180,,,a,
ASN00082076,19931022,TMAX,196,,,a,
ASN00082076,19931023,TMAX,203,,,a,
ASN00082076,19931024,TMAX,167,,,a,
ASN00082076,19931025,TMAX,182,,,a,
ASN00082076,19931026,TMAX,174,,,a,
ASN00082076,19931027,TMAX,209,,,a,
ASN00082076,19931028,TMAX,232,,,a,
ASN00082076,19931029,TMAX,175,,,a,
ASN00082076,19931030,TMAX,146,,,a,
ASN00082076,19931031,TMAX,222,,,a,
ASN00082076,19931001,TMIN,114,,,a,
ASN00082076,19931002,TMIN,115,,,a,
ASN00082076,19931003,TMIN,83,,,a,
ASN00082076,19931004,TMIN,102,,,a,
ASN00082076,19931005,TMIN,15,,,a,
ASN00082076,19931006,TMIN,85,,,a,
ASN00082076,19931007,TMIN,70,,,a,
ASN00082076,19931008,TMIN,71,,,a,
ASN00082076,19931009,TMIN,110,,,a,
ASN00082076,19931010,TMIN,52,,,a,
ASN00082076,19931011,TMIN,-8,,,a,
ASN00082076,19931012,TMIN,29,,,a,
ASN00082076,19931013,TMIN,23,,,a,
ASN00082076,19931014,TMIN,30,,,a,
ASN00082076,19931015,TMIN,48,,,a,
ASN00082076,19931016,TMIN,72,,,a,
ASN00082076,19931017,TMIN,63,,,a,
ASN00082076,19931018,TMIN,74,,,a,
ASN00082076,19931019,TMIN,84,,,a,
ASN00082076,19931020,TMIN,78,,,a,
ASN00082076,19931021,TMIN,42,,,a,
ASN00082076,19931022,TMIN,47,,,a,
ASN00082076,19931023,TMIN,41,,,a,
ASN00082076,19931024,TMIN,52,,,a,
ASN00082076,19931025,TMIN,107,,,a,
ASN00082076,19931026,TMIN,54,,,a,
ASN00082076,19931027,TMIN,44,,,a,
ASN00082076,19931028,TMIN,61,,,a,
ASN00082076,19931029,TMIN,102,,,a,
ASN00082076,19931030,TMIN,28,,,a,
ASN00082076,19931031,TMIN,65,,,a,
ASN00082076,19931001,PRCP,34,,,a,
ASN00082076,19931002,PRCP,362,,,a,
ASN00082076,19931003,PRCP,0,,,a,
ASN00082076,19931004,PRCP,558,,,a,
ASN00082076,19931005,PRCP,22,,,a,
ASN00082076,19931006,PRCP,0,,,a,
ASN00082076,19931007,PRCP,0,,,a,
ASN00082076,19931008,PRCP,0,,,a,
ASN00082076,19931009,PRCP,0,,,a,
ASN00082076,19931010,PRCP,22,,,a,
ASN00082076,19931011,PRCP,18,,,a,
ASN00082076,19931012,PRCP,0,,,a,
ASN00082076,19931013,PRCP,0,,,a,
ASN00082076,19931014,PRCP,0,,,a,
ASN00082076,19931015,PRCP,0,,,a,
ASN00082076,19931016,PRCP,8,,,a,
ASN00082076,19931017,PRCP,48,,,a,
ASN00082076,19931018,PRCP,50,,,a,
ASN00082076,19931019,PRCP,176,,,a,
ASN00082076,19931020,PRCP,24,,,a,
ASN00082076,19931021,PRCP,0,,,a,
ASN00082076,19931022,PRCP,0,,,a,
ASN00082076,19931023,PRCP,0,,,a,
ASN00082076,19931024,PRCP,0,,,a,
ASN00082076,19931025,PRCP,92,,,a,
ASN00082076,19931026,PRCP,84,,,a,
ASN00082076,19931027,PRCP,0,,,a,
ASN00082076,19931028,PRCP,0,,,a,
ASN00082076,19931029,PRCP,50,,,a,
ASN00082076,19931030,PRCP,0,,,a,
ASN00082076,19931031,PRCP,0,,,a,
ASN00082076,19931101,TMAX,193,,,a,
ASN00082076,19931102,TMAX,160,,,a,
ASN00082076,19931103,TMAX,146,,,a,
ASN00082076,19931104,TMAX,128,,,a,
ASN00082076,19931105,TMAX,157,,,a,
ASN00082076,19931106,TMAX,193,,,a,
ASN00082076,19931107,TMAX,187,,,a,
ASN00082076,19931108,TMAX,183,,,a,
ASN00082076,19931109,TMAX,187,,,a,
ASN00082076,19931110,TMAX,215,,,a,
ASN00082076,19931111,TMAX,243,,,a,
ASN00082076,19931112,TMAX,267,,,a,
ASN00082076,19931113,TMAX,218,,,a,
ASN00082076,19931114,TMAX,247,,,a,
ASN00082076,19931115,TMAX,260,,,a,
ASN00082076,19931116,TMAX,276,,,a,
ASN00082076,19931117,TMAX,293,,,a,
ASN00082076,19931118,TMAX,276,,,a,
ASN00082076,19931119,TMAX,255,,,a,
ASN00082076,19931120,TMAX,196,,,a,
ASN00082076,19931121,TMAX,222,,,a,
ASN00082076,19931122,TMAX,202,,,a,
ASN00082076,19931123,TMAX,223,,,a,
ASN00082076,19931124,TMAX,234,,,a,
ASN00082076,19931125,TMAX,252,,,a,
ASN00082076,19931126,TMAX,267,,,a,
ASN00082076,19931127,TMAX,323,,,a,
ASN00082076,19931128,TMAX,272,,,a,
ASN00082076,19931129,TMAX,254,,,a,
ASN00082076,19931130,TMAX,294,,,a,
ASN00082076,19931101,TMIN,56,,,a,
ASN00082076,19931102,TMIN,103,,,a,
ASN00082076,19931103,TMIN,51,,,a,
ASN00082076,19931104,TMIN,71,,,a,
ASN00082076,19931105,TMIN,57,,,a,
ASN00082076,19931106,TMIN,83,,,a,
ASN00082076,19931107,TMIN,64,,,a,
ASN00082076,19931108,TMIN,38,,,a,
ASN00082076,19931109,TMIN,64,,,a,
ASN00082076,19931110,TMIN,89,,,a,
ASN00082076,19931111,TMIN,64,,,a,
ASN00082076,19931112,TMIN,77,,,a,
ASN00082076,19931113,TMIN,139,,,a,
ASN00082076,19931114,TMIN,140,,,a,
ASN00082076,19931115,TMIN,136,,,a,
ASN00082076,19931116,TMIN,118,,,a,
ASN00082076,19931117,TMIN,131,,,a,
ASN00082076,19931118,TMIN,142,,,a,
ASN00082076,19931119,TMIN,165,,,a,
ASN00082076,19931120,TMIN,138,,,a,
ASN00082076,19931121,TMIN,72,,,a,
ASN00082076,19931122,TMIN,57,,,a,
ASN00082076,19931123,TMIN,70,,,a,
ASN00082076,19931124,TMIN,75,,,a,
ASN00082076,19931125,TMIN,119,,,a,
ASN00082076,19931126,TMIN,90,,,a,
ASN00082076,19931127,TMIN,100,,,a,
ASN00082076,19931128,TMIN,146,,,a,
ASN00082076,19931129,TMIN,88,,,a,
ASN00082076,19931130,TMIN,80,,,a,
ASN00082076,19931101,PRCP,0,,,a,
ASN00082076,19931102,PRCP,204,,,a,
ASN00082076,19931103,PRCP,254,,,a,
ASN00082076,19931104,PRCP,48,,,a,
ASN00082076,19931105,PRCP,18,,,a,
ASN00082076,19931106,PRCP,0,,,a,
ASN00082076,19931107,PRCP,0,,,a,
ASN00082076,19931108,PRCP,0,,,a,
ASN00082076,19931109,PRCP,48,,,a,
ASN00082076,19931110,PRCP,0,,,a,
ASN00082076,19931111,PRCP,0,,,a,
ASN00082076,19931112,PRCP,0,,,a,
ASN00082076,19931113,PRCP,132,,,a,
ASN00082076,19931114,PRCP,308,,,a,
ASN00082076,19931115,PRCP,0,,,a,
ASN00082076,19931116,PRCP,0,,,a,
ASN00082076,19931117,PRCP,0,,,a,
ASN00082076,19931118,PRCP,78,,,a,
ASN00082076,19931119,PRCP,8,,,a,
ASN00082076,19931120,PRCP,134,,,a,
ASN00082076,19931121,PRCP,4,,,a,
ASN00082076,19931122,PRCP,0,,,a,
ASN00082076,19931123,PRCP,0,,,a,
ASN00082076,19931124,PRCP,0,,,a,
ASN00082076,19931125,PRCP,0,,,a,
ASN00082076,19931126,PRCP,0,,,a,
ASN00082076,19931127,PRCP,0,,,a,
ASN00082076,19931128,PRCP,0,,,a,
ASN00082076,19931129,PRCP,0,,,a,
ASN00082076,19931130,PRCP,0,,,a,
ASN00082076,19931201,TMAX,326,,,a,
ASN00082076,19931202,TMAX,258,,,a,
ASN00082076,19931203,TMAX,255,,,a,
ASN00082076,19931204,TMAX,221,,,a,
ASN00082076,19931205,TMAX,239,,,a,
ASN00082076,19931206,TMAX,240,,,a,
ASN00082076,19931207,TMAX,287,,,a,
ASN00082076,19931208,TMAX,287,,,a,
ASN00082076,19931209,TMAX,323,,,a,
ASN00082076,19931210,TMAX,278,,,a,
ASN00082076,19931211,TMAX,275,,,a,
ASN00082076,19931212,TMAX,208,,,a,
ASN00082076,19931213,TMAX,230,,,a,
ASN00082076,19931214,TMAX,210,,,a,
ASN00082076,19931215,TMAX,212,,,a,
ASN00082076,19931216,TMAX,230,,,a,
ASN00082076,19931217,TMAX,250,,,a,
ASN00082076,19931218,TMAX,282,,,a,
ASN00082076,19931219,TMAX,288,,,a,
ASN00082076,19931220,TMAX,300,,,a,
ASN00082076,19931221,TMAX,246,,,a,
ASN00082076,19931222,TMAX,215,,,a,
ASN00082076,19931223,TMAX,225,,,a,
ASN00082076,19931224,TMAX,279,,,a,
ASN00082076,19931225,TMAX,234,,,a,
ASN00082076,19931226,TMAX,162,,,a,
ASN00082076,19931227,TMAX,120,,,a,
ASN00082076,19931228,TMAX,168,,,a,
ASN00082076,19931229,TMAX,200,,,a,
ASN00082076,19931230,TMAX,250,,,a,
ASN00082076,19931231,TMAX,262,,,a,
ASN00082076,19931201,TMIN,127,,,a,
ASN00082076,19931202,TMIN,159,,,a,
ASN00082076,19931203,TMIN,103,,,a,
ASN00082076,19931204,TMIN,150,,,a,
ASN00082076,19931205,TMIN,80,,,a,
ASN00082076,19931206,TMIN,78,,,a,
ASN00082076,19931207,TMIN,142,,,a,
ASN00082076,19931208,TMIN,110,,,a,
ASN00082076,19931209,TMIN,118,,,a,
ASN00082076,19931210,TMIN,108,,,a,
ASN00082076,19931211,TMIN,115,,,a,
ASN00082076,19931212,TMIN,185,,,a,
ASN00082076,19931213,TMIN,150,,,a,
ASN00082076,19931214,TMIN,168,,,a,
ASN00082076,19931215,TMIN,116,,,a,
ASN00082076,19931216,TMIN,105,,,a,
ASN00082076,19931217,TMIN,86,,,a,
ASN00082076,19931218,TMIN,105,,,a,
ASN00082076,19931219,TMIN,115,,,a,
ASN00082076,19931220,TMIN,110,,,a,
ASN00082076,19931221,TMIN,126,,,a,
ASN00082076,19931222,TMIN,146,,,a,
ASN00082076,19931223,TMIN,144,,,a,
ASN00082076,19931224,TMIN,138,,,a,
ASN00082076,19931225,TMIN,97,,,a,
ASN00082076,19931226,TMIN,131,,,a,
ASN00082076,19931227,TMIN,52,,,a,
ASN00082076,19931228,TMIN,79,,,a,
ASN00082076,19931229,TMIN,100,,,a,
ASN00082076,19931230,TMIN,104,,,a,
ASN00082076,19931231,TMIN,85,,,a,
ASN00082076,19931201,PRCP,0,,,a,
ASN00082076,19931202,PRCP,0,,,a,
ASN00082076,19931203,PRCP,0,,,a,
ASN00082076,19931204,PRCP,44,,,a,
ASN00082076,19931205,PRCP,4,,,a,
ASN00082076,19931206,PRCP,0,,,a,
ASN00082076,19931207,PRCP,0,,,a,
ASN00082076,19931208,PRCP,0,,,a,
ASN00082076,19931209,PRCP,0,,,a,
ASN00082076,19931210,PRCP,0,,,a,
ASN00082076,19931211,PRCP,0,,,a,
ASN00082076,19931212,PRCP,150,,,a,
ASN00082076,19931213,PRCP,256,,,a,
ASN00082076,19931214,PRCP,172,,,a,
ASN00082076,19931215,PRCP,256,,,a,
ASN00082076,19931216,PRCP,0,,,a,
ASN00082076,19931217,PRCP,0,,,a,
ASN00082076,19931218,PRCP,0,,,a,
ASN00082076,19931219,PRCP,0,,,a,
ASN00082076,19931220,PRCP,0,,,a,
ASN00082076,19931221,PRCP,0,,,a,
ASN00082076,19931222,PRCP,294,,,a,
ASN00082076,19931223,PRCP,202,,,a,
ASN00082076,19931224,PRCP,4,,,a,
ASN00082076,19931225,PRCP,0,,,a,
ASN00082076,19931226,PRCP,168,,,a,
ASN00082076,19931227,PRCP,114,,,a,
ASN00082076,19931228,PRCP,12,,,a,
ASN00082076,19931229,PRCP,2,,,a,
ASN00082076,19931230,PRCP,0,,,a,
ASN00082076,19931231,PRCP,0,,,a,
ASN00082076,19940101,TMAX,252,,,a,
ASN00082076,19940102,TMAX,302,,,a,
ASN00082076,19940103,TMAX,225,,,a,
ASN00082076,19940104,TMAX,212,,,a,
ASN00082076,19940105,TMAX,255,,,a,
ASN00082076,19940106,TMAX,165,,,a,
ASN00082076,19940107,TMAX,203,,,a,
ASN00082076,19940108,TMAX,164,,,a,
ASN00082076,19940109,TMAX,175,,,a,
ASN00082076,19940110,TMAX,229,,,a,
ASN00082076,19940111,TMAX,282,,,a,
ASN00082076,19940112,TMAX,326,,,a,
ASN00082076,19940113,TMAX,312,,,a,
ASN00082076,19940114,TMAX,212,,,a,
ASN00082076,19940115,TMAX,266,,,a,
ASN00082076,19940116,TMAX,270,,,a,
ASN00082076,19940117,TMAX,236,,,a,
ASN00082076,19940118,TMAX,249,,,a,
ASN00082076,19940119,TMAX,272,,,a,
ASN00082076,19940120,TMAX,265,,,a,
ASN00082076,19940121,TMAX,216,,,a,
ASN00082076,19940122,TMAX,245,,,a,
ASN00082076,19940123,TMAX,287,,,a,
ASN00082076,19940124,TMAX,312,,,a,
ASN00082076,19940125,TMAX,335,,,a,
ASN00082076,19940126,TMAX,330,,,a,
ASN00082076,19940127,TMAX,286,,,a,
ASN00082076,19940128,TMAX,307,,,a,
ASN00082076,19940129,TMAX,306,,,a,
ASN00082076,19940130,TMAX,312,,,a,
ASN00082076,19940131,TMAX,308,,,a,
ASN00082076,19940101,TMIN,85,,,a,
ASN00082076,19940102,TMIN,75,,,a,
ASN00082076,19940103,TMIN,130,,,a,
ASN00082076,19940104,TMIN,94,,,a,
ASN00082076,19940105,TMIN,85,,,a,
ASN00082076,19940106,TMIN,146,,,a,
ASN00082076,19940107,TMIN,133,,,a,
ASN00082076,19940108,TMIN,115,,,a,
ASN00082076,19940109,TMIN,55,,,a,
ASN00082076,19940110,TMIN,43,,,a,
ASN00082076,19940111,TMIN,77,,,a,
ASN00082076,19940112,TMIN,108,,,a,
ASN00082076,19940113,TMIN,138,,,a,
ASN00082076,19940114,TMIN,165,,,a,
ASN00082076,19940115,TMIN,102,,,a,
ASN00082076,19940116,TMIN,116,,,a,
ASN00082076,19940117,TMIN,148,,,a,
ASN00082076,19940118,TMIN,70,,,a,
ASN00082076,19940119,TMIN,99,,,a,
ASN00082076,19940120,TMIN,115,,,a,
ASN00082076,19940121,TMIN,102,,,a,
ASN00082076,19940122,TMIN,100,,,a,
ASN00082076,19940123,TMIN,95,,,a,
ASN00082076,19940124,TMIN,128,,,a,
ASN00082076,19940125,TMIN,142,,,a,
ASN00082076,19940126,TMIN,140,,,a,
ASN00082076,19940127,TMIN,144,,,a,
ASN00082076,19940128,TMIN,155,,,a,
ASN00082076,19940129,TMIN,155,,,a,
ASN00082076,19940130,TMIN,166,,,a,
ASN00082076,19940131,TMIN,129,,,a,
ASN00082076,19940101,PRCP,0,,,a,
ASN00082076,19940102,PRCP,16,,,a,
ASN00082076,19940103,PRCP,0,,,a,
ASN00082076,19940104,PRCP,38,,,a,
ASN00082076,19940105,PRCP,0,,,a,
ASN00082076,19940106,PRCP,8,,,a,
ASN00082076,19940107,PRCP,66,,,a,
ASN00082076,19940108,PRCP,120,,,a,
ASN00082076,19940109,PRCP,32,,,a,
ASN00082076,19940110,PRCP,0,,,a,
ASN00082076,19940111,PRCP,0,,,a,
ASN00082076,19940112,PRCP,0,,,a,
ASN00082076,19940113,PRCP,0,,,a,
ASN00082076,19940114,PRCP,0,,,a,
ASN00082076,19940115,PRCP,0,,,a,
ASN00082076,19940116,PRCP,0,,,a,
ASN00082076,19940117,PRCP,274,,,a,
ASN00082076,19940118,PRCP,0,,,a,
ASN00082076,19940119,PRCP,0,,,a,
ASN00082076,19940120,PRCP,0,,,a,
ASN00082076,19940121,PRCP,0,,,a,
ASN00082076,19940122,PRCP,0,,,a,
ASN00082076,19940123,PRCP,0,,,a,
ASN00082076,19940124,PRCP,0,,,a,
ASN00082076,19940125,PRCP,0,,,a,
ASN00082076,19940126,PRCP,0,,,a,
ASN00082076,19940127,PRCP,0,,,a,
ASN00082076,19940128,PRCP,0,,,a,
ASN00082076,19940129,PRCP,0,,,a,
ASN00082076,19940130,PRCP,0,,,a,
ASN00082076,19940131,PRCP,188,,,a,
ASN00082076,19940201,TMAX,268,,,a,
ASN00082076,19940202,TMAX,290,,,a,
ASN00082076,19940203,TMAX,290,,,a,
ASN00082076,19940204,TMAX,282,,,a,
ASN00082076,19940205,TMAX,272,,,a,
ASN00082076,19940206,TMAX,297,,,a,
ASN00082076,19940207,TMAX,320,,,a,
ASN00082076,19940208,TMAX,325,,,a,
ASN00082076,19940209,TMAX,340,,,a,
ASN00082076,19940210,TMAX,278,,,a,
ASN00082076,19940211,TMAX,222,,,a,
ASN00082076,19940212,TMAX,228,,,a,
ASN00082076,19940213,TMAX,289,,,a,
ASN00082076,19940214,TMAX,218,,,a,
ASN00082076,19940215,TMAX,266,,,a,
ASN00082076,19940216,TMAX,236,,,a,
ASN00082076,19940217,TMAX,248,,,a,
ASN00082076,19940218,TMAX,225,,,a,
ASN00082076,19940219,TMAX,244,,,a,
ASN00082076,19940220,TMAX,262,,,a,
ASN00082076,19940221,TMAX,248,,,a,
ASN00082076,19940222,TMAX,287,,,a,
ASN00082076,19940223,TMAX,310,,,a,
ASN00082076,19940224,TMAX,259,,,a,
ASN00082076,19940225,TMAX,300,,,a,
ASN00082076,19940226,TMAX,290,,,a,
ASN00082076,19940227,TMAX,218,,,a,
ASN00082076,19940228,TMAX,192,,,a,
ASN00082076,19940201,TMIN,145,,,a,
ASN00082076,19940202,TMIN,151,,,a,
ASN00082076,19940203,TMIN,165,,,a,
ASN00082076,19940204,TMIN,165,,,a,
ASN00082076,19940205,TMIN,150,,,a,
ASN00082076,19940206,TMIN,171,,,a,
ASN00082076,19940207,TMIN,152,,,a,
ASN00082076,19940208,TMIN,134,,,a,
ASN00082076,19940209,TMIN,176,,,a,
ASN00082076,19940210,TMIN,182,,,a,
ASN00082076,19940211,TMIN,174,,,a,
ASN00082076,19940212,TMIN,160,,,a,
ASN00082076,19940213,TMIN,138,,,a,
ASN00082076,19940214,TMIN,147,,,a,
ASN00082076,19940215,TMIN,165,,,a,
ASN00082076,19940216,TMIN,167,,,a,
ASN00082076,19940217,TMIN,80,,,a,
ASN00082076,19940218,TMIN,117,,,a,
ASN00082076,19940219,TMIN,123,,,a,
ASN00082076,19940220,TMIN,141,,,a,
ASN00082076,19940221,TMIN,109,,,a,
ASN00082076,19940222,TMIN,105,,,a,
ASN00082076,19940223,TMIN,133,,,a,
ASN00082076,19940224,TMIN,138,,,a,
ASN00082076,19940225,TMIN,142,,,a,
ASN00082076,19940226,TMIN,146,,,a,
ASN00082076,19940227,TMIN,154,,,a,
ASN00082076,19940228,TMIN,105,,,a,
ASN00082076,19940201,PRCP,92,,,a,
ASN00082076,19940202,PRCP,6,,,a,
ASN00082076,19940203,PRCP,0,,,a,
ASN00082076,19940204,PRCP,0,,,a,
ASN00082076,19940205,PRCP,100,,,a,
ASN00082076,19940206,PRCP,48,,,a,
ASN00082076,19940207,PRCP,6,,,a,
ASN00082076,19940208,PRCP,0,,,a,
ASN00082076,19940209,PRCP,10,,,a,
ASN00082076,19940210,PRCP,88,,,a,
ASN00082076,19940211,PRCP,524,,,a,
ASN00082076,19940212,PRCP,2,,,a,
ASN00082076,19940213,PRCP,0,,,a,
ASN00082076,19940214,PRCP,0,,,a,
ASN00082076,19940215,PRCP,104,,,a,
ASN00082076,19940216,PRCP,12,,,a,
ASN00082076,19940217,PRCP,0,,,a,
ASN00082076,19940218,PRCP,0,,,a,
ASN00082076,19940219,PRCP,0,,,a,
ASN00082076,19940220,PRCP,0,,,a,
ASN00082076,19940221,PRCP,0,,,a,
ASN00082076,19940222,PRCP,0,,,a,
ASN00082076,19940223,PRCP,0,,,a,
ASN00082076,19940224,PRCP,0,,,a,
ASN00082076,19940225,PRCP,12,,,a,
ASN00082076,19940226,PRCP,0,,,a,
ASN00082076,19940227,PRCP,0,,,a,
ASN00082076,19940228,PRCP,456,,,a,
ASN00082076,19940301,TMAX,237,,,a,
ASN00082076,19940302,TMAX,245,,,a,
ASN00082076,19940303,TMAX,260,,,a,
ASN00082076,19940304,TMAX,250,,,a,
ASN00082076,19940305,TMAX,236,,,a,
ASN00082076,19940306,TMAX,246,,,a,
ASN00082076,19940307,TMAX,265,,,a,
ASN00082076,19940308,TMAX,245,,,a,
ASN00082076,19940309,TMAX,209,,,a,
ASN00082076,19940310,TMAX,185,,,a,
ASN00082076,19940311,TMAX,202,,,a,
ASN00082076,19940312,TMAX,164,,,a,
ASN00082076,19940313,TMAX,165,,,a,
ASN00082076,19940314,TMAX,201,,,a,
ASN00082076,19940315,TMAX,227,,,a,
ASN00082076,19940316,TMAX,225,,,a,
ASN00082076,19940317,TMAX,169,,,a,
ASN00082076,19940318,TMAX,223,,,a,
ASN00082076,19940319,TMAX,234,,,a,
ASN00082076,19940320,TMAX,238,,,a,
ASN00082076,19940321,TMAX,247,,,a,
ASN00082076,19940322,TMAX,265,,,a,
ASN00082076,19940323,TMAX,263,,,a,
ASN00082076,19940324,TMAX,248,,,a,
ASN00082076,19940325,TMAX,240,,,a,
ASN00082076,19940326,TMAX,245,,,a,
ASN00082076,19940327,TMAX,242,,,a,
ASN00082076,19940328,TMAX,256,,,a,
ASN00082076,19940329,TMAX,262,,,a,
ASN00082076,19940330,TMAX,254,,,a,
ASN00082076,19940331,TMAX,253,,,a,
ASN00082076,19940301,TMIN,69,,,a,
ASN00082076,19940302,TMIN,82,,,a,
ASN00082076,19940303,TMIN,90,,,a,
ASN00082076,19940304,TMIN,122,,,a,
ASN00082076,19940305,TMIN,70,,,a,
ASN00082076,19940306,TMIN,65,,,a,
ASN00082076,19940307,TMIN,107,,,a,
ASN00082076,19940308,TMIN,120,,,a,
ASN00082076,19940309,TMIN,150,,,a,
ASN00082076,19940310,TMIN,136,,,a,
ASN00082076,19940311,TMIN,117,,,a,
ASN00082076,19940312,TMIN,99,,,a,
ASN00082076,19940313,TMIN,76,,,a,
ASN00082076,19940314,TMIN,35,,,a,
ASN00082076,19940315,TMIN,80,,,a,
ASN00082076,19940316,TMIN,70,,,a,
ASN00082076,19940317,TMIN,100,,,a,
ASN00082076,19940318,TMIN,98,,,a,
ASN00082076,19940319,TMIN,66,,,a,
ASN00082076,19940320,TMIN,124,,,a,
ASN00082076,19940321,TMIN,86,,,a,
ASN00082076,19940322,TMIN,82,,,a,
ASN00082076,19940323,TMIN,130,,,a,
ASN00082076,19940324,TMIN,112,,,a,
ASN00082076,19940325,TMIN,80,,,a,
ASN00082076,19940326,TMIN,75,,,a,
ASN00082076,19940327,TMIN,90,,,a,
ASN00082076,19940328,TMIN,93,,,a,
ASN00082076,19940329,TMIN,92,,,a,
ASN00082076,19940330,TMIN,117,,,a,
ASN00082076,19940331,TMIN,95,,,a,
ASN00082076,19940301,PRCP,0,,,a,
ASN00082076,19940302,PRCP,0,,,a,
ASN00082076,19940303,PRCP,0,,,a,
ASN00082076,19940304,PRCP,0,,,a,
ASN00082076,19940305,PRCP,0,,,a,
ASN00082076,19940306,PRCP,0,,,a,
ASN00082076,19940307,PRCP,0,,,a,
ASN00082076,19940308,PRCP,0,,,a,
ASN00082076,19940309,PRCP,76,,,a,
ASN00082076,19940310,PRCP,66,,,a,
ASN00082076,19940311,PRCP,30,,,a,
ASN00082076,19940312,PRCP,106,,,a,
ASN00082076,19940313,PRCP,0,,,a,
ASN00082076,19940314,PRCP,0,,,a,
ASN00082076,19940315,PRCP,0,,,a,
ASN00082076,19940316,PRCP,0,,,a,
ASN00082076,19940317,PRCP,0,,,a,
ASN00082076,19940318,PRCP,0,,,a,
ASN00082076,19940319,PRCP,0,,,a,
ASN00082076,19940320,PRCP,0,,,a,
ASN00082076,19940321,PRCP,0,,,a,
ASN00082076,19940322,PRCP,0,,,a,
ASN00082076,19940323,PRCP,0,,,a,
ASN00082076,19940324,PRCP,2,,,a,
ASN00082076,19940325,PRCP,0,,,a,
ASN00082076,19940326,PRCP,0,,,a,
ASN00082076,19940327,PRCP,0,,,a,
ASN00082076,19940328,PRCP,0,,,a,
ASN00082076,19940329,PRCP,0,,,a,
ASN00082076,19940330,PRCP,0,,,a,
ASN00082076,19940331,PRCP,0,,,a,
ASN00082076,19940401,TMAX,175,,,a,
ASN00082076,19940402,TMAX,272,,,a,
ASN00082076,19940403,TMAX,214,,,a,
ASN00082076,19940404,TMAX,232,,,a,
ASN00082076,19940405,TMAX,300,,,a,
ASN00082076,19940406,TMAX,196,,,a,
ASN00082076,19940407,TMAX,188,,,a,
ASN00082076,19940408,TMAX,198,,,a,
ASN00082076,19940409,TMAX,205,,,a,
ASN00082076,19940410,TMAX,210,,,a,
ASN00082076,19940411,TMAX,134,,,a,
ASN00082076,19940412,TMAX,151,,,a,
ASN00082076,19940413,TMAX,183,,,a,
ASN00082076,19940414,TMAX,220,,,a,
ASN00082076,19940415,TMAX,220,,,a,
ASN00082076,19940416,TMAX,224,,,a,
ASN00082076,19940417,TMAX,214,,,a,
ASN00082076,19940418,TMAX,188,,,a,
ASN00082076,19940419,TMAX,198,,,a,
ASN00082076,19940420,TMAX,197,,,a,
ASN00082076,19940421,TMAX,204,,,a,
ASN00082076,19940422,TMAX,207,,,a,
ASN00082076,19940423,TMAX,205,,,a,
ASN00082076,19940424,TMAX,228,,,a,
ASN00082076,19940425,TMAX,230,,,a,
ASN00082076,19940426,TMAX,215,,,a,
ASN00082076,19940427,TMAX,247,,,a,
ASN00082076,19940428,TMAX,262,,,a,
ASN00082076,19940429,TMAX,172,,,a,
ASN00082076,19940430,TMAX,192,,,a,
ASN00082076,19940401,TMIN,116,,,a,
ASN00082076,19940402,TMIN,118,,,a,
ASN00082076,19940403,TMIN,68,,,a,
ASN00082076,19940404,TMIN,60,,,a,
ASN00082076,19940405,TMIN,68,,,a,
ASN00082076,19940406,TMIN,70,,,a,
ASN00082076,19940407,TMIN,108,,,a,
ASN00082076,19940408,TMIN,24,,,a,
ASN00082076,19940409,TMIN,40,,,a,
ASN00082076,19940410,TMIN,50,,,a,
ASN00082076,19940411,TMIN,76,,,a,
ASN00082076,19940412,TMIN,62,,,a,
ASN00082076,19940413,TMIN,93,,,a,
ASN00082076,19940414,TMIN,138,,,a,
ASN00082076,19940415,TMIN,62,,,a,
ASN00082076,19940416,TMIN,82,,,a,
ASN00082076,19940417,TMIN,74,,,a,
ASN00082076,19940418,TMIN,101,,,a,
ASN00082076,19940419,TMIN,29,,,a,
ASN00082076,19940420,TMIN,37,,,a,
ASN00082076,19940421,TMIN,45,,,a,
ASN00082076,19940422,TMIN,43,,,a,
ASN00082076,19940423,TMIN,48,,,a,
ASN00082076,19940424,TMIN,38,,,a,
ASN00082076,19940425,TMIN,55,,,a,
ASN00082076,19940426,TMIN,56,,,a,
ASN00082076,19940427,TMIN,71,,,a,
ASN00082076,19940428,TMIN,63,,,a,
ASN00082076,19940429,TMIN,57,,,a,
ASN00082076,19940430,TMIN,14,,,a,
ASN00082076,19940401,PRCP,2,,,a,
ASN00082076,19940402,PRCP,288,,,a,
ASN00082076,19940403,PRCP,0,,,a,
ASN00082076,19940404,PRCP,0,,,a,
ASN00082076,19940405,PRCP,0,,,a,
ASN00082076,19940406,PRCP,4,,,a,
ASN00082076,19940407,PRCP,150,,,a,
ASN00082076,19940408,PRCP,0,,,a,
ASN00082076,19940409,PRCP,0,,,a,
ASN00082076,19940410,PRCP,0,,,a,
ASN00082076,19940411,PRCP,26,,,a,
ASN00082076,19940412,PRCP,8,,,a,
ASN00082076,19940413,PRCP,0,,,a,
ASN00082076,19940414,PRCP,0,,,a,
ASN00082076,19940415,PRCP,0,,,a,
ASN00082076,19940416,PRCP,0,,,a,
ASN00082076,19940417,PRCP,0,,,a,
ASN00082076,19940418,PRCP,26,,,a,
ASN00082076,19940419,PRCP,0,,,a,
ASN00082076,19940420,PRCP,0,,,a,
ASN00082076,19940421,PRCP,0,,,a,
ASN00082076,19940422,PRCP,0,,,a,
ASN00082076,19940423,PRCP,0,,,a,
ASN00082076,19940424,PRCP,0,,,a,
ASN00082076,19940425,PRCP,0,,,a,
ASN00082076,19940426,PRCP,0,,,a,
ASN00082076,19940427,PRCP,0,,,a,
ASN00082076,19940428,PRCP,0,,,a,
ASN00082076,19940429,PRCP,0,,,a,
ASN00082076,19940430,PRCP,0,,,a,
ASN00082076,19940501,TMAX,186,,,a,
ASN00082076,19940502,TMAX,199,,,a,
ASN00082076,19940503,TMAX,178,,,a,
ASN00082076,19940504,TMAX,194,,,a,
ASN00082076,19940505,TMAX,189,,,a,
ASN00082076,19940506,TMAX,193,,,a,
ASN00082076,19940507,TMAX,193,,,a,
ASN00082076,19940508,TMAX,152,,,a,
ASN00082076,19940509,TMAX,162,,,a,
ASN00082076,19940510,TMAX,112,,,a,
ASN00082076,19940511,TMAX,144,,,a,
ASN00082076,19940512,TMAX,148,,,a,
ASN00082076,19940513,TMAX,148,,,a,
ASN00082076,19940514,TMAX,96,,,a,
ASN00082076,19940515,TMAX,112,,,a,
ASN00082076,19940516,TMAX,114,,,a,
ASN00082076,19940517,TMAX,127,,,a,
ASN00082076,19940518,TMAX,130,,,a,
ASN00082076,19940519,TMAX,120,,,a,
ASN00082076,19940520,TMAX,100,,,a,
ASN00082076,19940521,TMAX,140,,,a,
ASN00082076,19940522,TMAX,148,,,a,
ASN00082076,19940523,TMAX,113,,,a,
ASN00082076,19940524,TMAX,183,,,a,
ASN00082076,19940525,TMAX,162,,,a,
ASN00082076,19940526,TMAX,128,,,a,
ASN00082076,19940527,TMAX,138,,,a,
ASN00082076,19940528,TMAX,160,,,a,
ASN00082076,19940529,TMAX,162,,,a,
ASN00082076,19940530,TMAX,164,,,a,
ASN00082076,19940531,TMAX,168,,,a,
ASN00082076,19940501,TMIN,35,,,a,
ASN00082076,19940502,TMIN,30,,,a,
ASN00082076,19940503,TMIN,60,,,a,
ASN00082076,19940504,TMIN,32,,,a,
ASN00082076,19940505,TMIN,28,,,a,
ASN00082076,19940506,TMIN,17,,,a,
ASN00082076,19940507,TMIN,21,,,a,
ASN00082076,19940508,TMIN,53,,,a,
ASN00082076,19940509,TMIN,63,,,a,
ASN00082076,19940510,TMIN,82,,,a,
ASN00082076,19940511,TMIN,34,,,a,
ASN00082076,19940512,TMIN,-3,,,a,
ASN00082076,19940513,TMIN,0,,,a,
ASN00082076,19940514,TMIN,7,,,a,
ASN00082076,19940515,TMIN,22,,,a,
ASN00082076,19940516,TMIN,19,,,a,
ASN00082076,19940517,TMIN,34,,,a,
ASN00082076,19940518,TMIN,76,,,a,
ASN00082076,19940519,TMIN,70,,,a,
ASN00082076,19940520,TMIN,-3,,,a,
ASN00082076,19940521,TMIN,40,,,a,
ASN00082076,19940522,TMIN,72,,,a,
ASN00082076,19940523,TMIN,47,,,a,
ASN00082076,19940524,TMIN,72,,,a,
ASN00082076,19940525,TMIN,15,,,a,
ASN00082076,19940526,TMIN,26,,,a,
ASN00082076,19940527,TMIN,76,,,a,
ASN00082076,19940528,TMIN,112,,,a,
ASN00082076,19940529,TMIN,70,,,a,
ASN00082076,19940530,TMIN,34,,,a,
ASN00082076,19940531,TMIN,42,,,a,
ASN00082076,19940501,PRCP,0,,,a,
ASN00082076,19940502,PRCP,0,,,a,
ASN00082076,19940503,PRCP,0,,,a,
ASN00082076,19940504,PRCP,0,,,a,
ASN00082076,19940505,PRCP,0,,,a,
ASN00082076,19940506,PRCP,0,,,a,
ASN00082076,19940507,PRCP,0,,,a,
ASN00082076,19940508,PRCP,2,,,a,
ASN00082076,19940509,PRCP,0,,,a,
ASN00082076,19940510,PRCP,6,,,a,
ASN00082076,19940511,PRCP,116,,,a,
ASN00082076,19940512,PRCP,0,,,a,
ASN00082076,19940513,PRCP,0,,,a,
ASN00082076,19940514,PRCP,4,,,a,
ASN00082076,19940515,PRCP,4,,,a,
ASN00082076,19940516,PRCP,0,,,a,
ASN00082076,19940517,PRCP,0,,,a,
ASN00082076,19940518,PRCP,56,,,a,
ASN00082076,19940519,PRCP,176,,,a,
ASN00082076,19940520,PRCP,4,,,a,
ASN00082076,19940521,PRCP,0,,,a,
ASN00082076,19940522,PRCP,16,,,a,
ASN00082076,19940523,PRCP,0,,,a,
ASN00082076,19940524,PRCP,12,,,a,
ASN00082076,19940525,PRCP,0,,,a,
ASN00082076,19940526,PRCP,82,,,a,
ASN00082076,19940527,PRCP,114,,,a,
ASN00082076,19940528,PRCP,2,,,a,
ASN00082076,19940529,PRCP,12,,,a,
ASN00082076,19940530,PRCP,0,,,a,
ASN00082076,19940531,PRCP,0,,,a,
ASN00082076,19940601,TMAX,182,,,a,
ASN00082076,19940602,TMAX,171,,,a,
ASN00082076,19940603,TMAX,122,,,a,
ASN00082076,19940604,TMAX,146,,,a,
ASN00082076,19940605,TMAX,138,,,a,
ASN00082076,19940606,TMAX,146,,,a,
ASN00082076,19940607,TMAX,141,,,a,
ASN00082076,19940608,TMAX,133,,,a,
ASN00082076,19940609,TMAX,130,,,a,
ASN00082076,19940610,TMAX,132,,,a,
ASN00082076,19940611,TMAX,128,,,a,
ASN00082076,19940612,TMAX,80,,,a,
ASN00082076,19940613,TMAX,111,,,a,
ASN00082076,19940614,TMAX,135,,,a,
ASN00082076,19940615,TMAX,129,,,a,
ASN00082076,19940616,TMAX,139,,,a,
ASN00082076,19940617,TMAX,108,,,a,
ASN00082076,19940618,TMAX,97,,,a,
ASN00082076,19940619,TMAX,90,,,a,
ASN00082076,19940620,TMAX,133,,,a,
ASN00082076,19940621,TMAX,111,,,a,
ASN00082076,19940622,TMAX,105,,,a,
ASN00082076,19940623,TMAX,120,,,a,
ASN00082076,19940624,TMAX,102,,,a,
ASN00082076,19940625,TMAX,107,,,a,
ASN00082076,19940626,TMAX,100,,,a,
ASN00082076,19940627,TMAX,115,,,a,
ASN00082076,19940628,TMAX,120,,,a,
ASN00082076,19940629,TMAX,113,,,a,
ASN00082076,19940630,TMAX,121,,,a,
ASN00082076,19940601,TMIN,55,,,a,
ASN00082076,19940602,TMIN,56,,,a,
ASN00082076,19940603,TMIN,45,,,a,
ASN00082076,19940604,TMIN,57,,,a,
ASN00082076,19940605,TMIN,62,,,a,
ASN00082076,19940606,TMIN,70,,,a,
ASN00082076,19940607,TMIN,67,,,a,
ASN00082076,19940608,TMIN,94,,,a,
ASN00082076,19940609,TMIN,27,,,a,
ASN00082076,19940610,TMIN,3,,,a,
ASN00082076,19940611,TMIN,-18,,,a,
ASN00082076,19940612,TMIN,0,,,a,
ASN00082076,19940613,TMIN,45,,,a,
ASN00082076,19940614,TMIN,63,,,a,
ASN00082076,19940615,TMIN,38,,,a,
ASN00082076,19940616,TMIN,72,,,a,
ASN00082076,19940617,TMIN,77,,,a,
ASN00082076,19940618,TMIN,64,,,a,
ASN00082076,19940619,TMIN,63,,,a,
ASN00082076,19940620,TMIN,53,,,a,
ASN00082076,19940621,TMIN,37,,,a,
ASN00082076,19940622,TMIN,13,,,a,
ASN00082076,19940623,TMIN,2,,,a,
ASN00082076,19940624,TMIN,21,,,a,
ASN00082076,19940625,TMIN,78,,,a,
ASN00082076,19940626,TMIN,54,,,a,
ASN00082076,19940627,TMIN,45,,,a,
ASN00082076,19940628,TMIN,-10,,,a,
ASN00082076,19940629,TMIN,-18,,,a,
ASN00082076,19940630,TMIN,-21,,,a,
ASN00082076,19940601,PRCP,10,,,a,
ASN00082076,19940602,PRCP,0,,,a,
ASN00082076,19940603,PRCP,0,,,a,
ASN00082076,19940604,PRCP,2,,,a,
ASN00082076,19940605,PRCP,0,,,a,
ASN00082076,19940606,PRCP,0,,,a,
ASN00082076,19940607,PRCP,16,,,a,
ASN00082076,19940608,PRCP,196,,,a,
ASN00082076,19940609,PRCP,16,,,a,
ASN00082076,19940610,PRCP,4,,,a,
ASN00082076,19940611,PRCP,0,,,a,
ASN00082076,19940612,PRCP,8,,,a,
ASN00082076,19940613,PRCP,12,,,a,
ASN00082076,19940614,PRCP,32,,,a,
ASN00082076,19940615,PRCP,2,,,a,
ASN00082076,19940616,PRCP,2,,,a,
ASN00082076,19940617,PRCP,16,,,a,
ASN00082076,19940618,PRCP,56,,,a,
ASN00082076,19940619,PRCP,134,,,a,
ASN00082076,19940620,PRCP,56,,,a,
ASN00082076,19940621,PRCP,0,,,a,
ASN00082076,19940622,PRCP,0,,,a,
ASN00082076,19940623,PRCP,0,,,a,
ASN00082076,19940624,PRCP,120,,,a,
ASN00082076,19940625,PRCP,174,,,a,
ASN00082076,19940626,PRCP,154,,,a,
ASN00082076,19940627,PRCP,34,,,a,
ASN00082076,19940628,PRCP,0,,,a,
ASN00082076,19940629,PRCP,0,,,a,
ASN00082076,19940630,PRCP,0,,,a,
ASN00082076,19940701,TMAX,120,,,a,
ASN00082076,19940702,TMAX,120,,,a,
ASN00082076,19940703,TMAX,148,,,a,
ASN00082076,19940704,TMAX,170,,,a,
ASN00082076,19940705,TMAX,172,,,a,
ASN00082076,19940706,TMAX,175,,,a,
ASN00082076,19940707,TMAX,158,,,a,
ASN00082076,19940708,TMAX,157,,,a,
ASN00082076,19940709,TMAX,163,,,a,
ASN00082076,19940710,TMAX,90,,,a,
ASN00082076,19940711,TMAX,99,,,a,
ASN00082076,19940712,TMAX,128,,,a,
ASN00082076,19940713,TMAX,104,,,a,
ASN00082076,19940714,TMAX,118,,,a,
ASN00082076,19940715,TMAX,127,,,a,
ASN00082076,19940716,TMAX,112,,,a,
ASN00082076,19940717,TMAX,123,,,a,
ASN00082076,19940718,TMAX,101,,,a,
ASN00082076,19940719,TMAX,110,,,a,
ASN00082076,19940720,TMAX,88,,,a,
ASN00082076,19940721,TMAX,75,,,a,
ASN00082076,19940722,TMAX,100,,,a,
ASN00082076,19940723,TMAX,130,,,a,
ASN00082076,19940724,TMAX,121,,,a,
ASN00082076,19940725,TMAX,112,,,a,
ASN00082076,19940726,TMAX,100,,,a,
ASN00082076,19940727,TMAX,122,,,a,
ASN00082076,19940728,TMAX,145,,,a,
ASN00082076,19940729,TMAX,142,,,a,
ASN00082076,19940730,TMAX,138,,,a,
ASN00082076,19940731,TMAX,68,,,a,
ASN00082076,19940701,TMIN,-17,,,a,
ASN00082076,19940702,TMIN,-25,,,a,
ASN00082076,19940703,TMIN,-10,,,a,
ASN00082076,19940704,TMIN,22,,,a,
ASN00082076,19940705,TMIN,30,,,a,
ASN00082076,19940706,TMIN,43,,,a,
ASN00082076,19940707,TMIN,25,,,a,
ASN00082076,19940708,TMIN,9,,,a,
ASN00082076,19940709,TMIN,14,,,a,
ASN00082076,19940710,TMIN,13,,,a,
ASN00082076,19940711,TMIN,44,,,a,
ASN00082076,19940712,TMIN,50,,,a,
ASN00082076,19940713,TMIN,40,,,a,
ASN00082076,19940714,TMIN,26,,,a,
ASN00082076,19940715,TMIN,34,,,a,
ASN00082076,19940716,TMIN,32,,,a,
ASN00082076,19940717,TMIN,-20,,,a,
ASN00082076,19940718,TMIN,-15,,,a,
ASN00082076,19940719,TMIN,15,,,a,
ASN00082076,19940720,TMIN,1,,,a,
ASN00082076,19940721,TMIN,27,,,a,
ASN00082076,19940722,TMIN,1,,,a,
ASN00082076,19940723,TMIN,-5,,,a,
ASN00082076,19940724,TMIN,-30,,,a,
ASN00082076,19940725,TMIN,-7,,,a,
ASN00082076,19940726,TMIN,-3,,,a,
ASN00082076,19940727,TMIN,-10,,,a,
ASN00082076,19940728,TMIN,10,,,a,
ASN00082076,19940729,TMIN,0,,,a,
ASN00082076,19940730,TMIN,1,,,a,
ASN00082076,19940731,TMIN,31,,,a,
ASN00082076,19940701,PRCP,0,,,a,
ASN00082076,19940702,PRCP,0,,,a,
ASN00082076,19940703,PRCP,0,,,a,
ASN00082076,19940704,PRCP,0,,,a,
ASN00082076,19940705,PRCP,0,,,a,
ASN00082076,19940706,PRCP,0,,,a,
ASN00082076,19940707,PRCP,0,,,a,
ASN00082076,19940708,PRCP,0,,,a,
ASN00082076,19940709,PRCP,0,,,a,
ASN00082076,19940710,PRCP,0,,,a,
ASN00082076,19940711,PRCP,42,,,a,
ASN00082076,19940712,PRCP,202,,,a,
ASN00082076,19940713,PRCP,34,,,a,
ASN00082076,19940714,PRCP,0,,,a,
ASN00082076,19940715,PRCP,0,,,a,
ASN00082076,19940716,PRCP,0,,,a,
ASN00082076,19940717,PRCP,0,,,a,
ASN00082076,19940718,PRCP,0,,,a,
ASN00082076,19940719,PRCP,0,,,a,
ASN00082076,19940720,PRCP,0,,,a,
ASN00082076,19940721,PRCP,4,,,a,
ASN00082076,19940722,PRCP,6,,,a,
ASN00082076,19940723,PRCP,0,,,a,
ASN00082076,19940724,PRCP,0,,,a,
ASN00082076,19940725,PRCP,0,,,a,
ASN00082076,19940726,PRCP,0,,,a,
ASN00082076,19940727,PRCP,0,,,a,
ASN00082076,19940728,PRCP,4,,,a,
ASN00082076,19940729,PRCP,6,,,a,
ASN00082076,19940730,PRCP,0,,,a,
ASN00082076,19940731,PRCP,38,,,a,
ASN00082076,19940801,TMAX,88,,,a,
ASN00082076,19940802,TMAX,104,,,a,
ASN00082076,19940803,TMAX,71,,,a,
ASN00082076,19940804,TMAX,119,,,a,
ASN00082076,19940805,TMAX,127,,,a,
ASN00082076,19940806,TMAX,133,,,a,
ASN00082076,19940807,TMAX,107,,,a,
ASN00082076,19940808,TMAX,80,,,a,
ASN00082076,19940809,TMAX,111,,,a,
ASN00082076,19940810,TMAX,124,,,a,
ASN00082076,19940811,TMAX,126,,,a,
ASN00082076,19940812,TMAX,165,,,a,
ASN00082076,19940813,TMAX,120,,,a,
ASN00082076,19940814,TMAX,103,,,a,
ASN00082076,19940815,TMAX,135,,,a,
ASN00082076,19940816,TMAX,88,,,a,
ASN00082076,19940817,TMAX,135,,,a,
ASN00082076,19940818,TMAX,140,,,a,
ASN00082076,19940819,TMAX,158,,,a,
ASN00082076,19940820,TMAX,155,,,a,
ASN00082076,19940821,TMAX,135,,,a,
ASN00082076,19940822,TMAX,163,,,a,
ASN00082076,19940823,TMAX,104,,,a,
ASN00082076,19940824,TMAX,150,,,a,
ASN00082076,19940825,TMAX,150,,,a,
ASN00082076,19940826,TMAX,178,,,a,
ASN00082076,19940827,TMAX,192,,,a,
ASN00082076,19940828,TMAX,204,,,a,
ASN00082076,19940829,TMAX,190,,,a,
ASN00082076,19940830,TMAX,177,,,a,
ASN00082076,19940831,TMAX,180,,,a,
ASN00082076,19940801,TMIN,37,,,a,
ASN00082076,19940802,TMIN,28,,,a,
ASN00082076,19940803,TMIN,-12,,,a,
ASN00082076,19940804,TMIN,-19,,,a,
ASN00082076,19940805,TMIN,-27,,,a,
ASN00082076,19940806,TMIN,-32,,,a,
ASN00082076,19940807,TMIN,-11,,,a,
ASN00082076,19940808,TMIN,-29,,,a,
ASN00082076,19940809,TMIN,-26,,,a,
ASN00082076,19940810,TMIN,-43,,,a,
ASN00082076,19940811,TMIN,-38,,,a,
ASN00082076,19940812,TMIN,-16,,,a,
ASN00082076,19940813,TMIN,5,,,a,
ASN00082076,19940814,TMIN,-15,,,a,
ASN00082076,19940815,TMIN,-5,,,a,
ASN00082076,19940816,TMIN,-10,,,a,
ASN00082076,19940817,TMIN,-24,,,a,
ASN00082076,19940818,TMIN,15,,,a,
ASN00082076,19940819,TMIN,-12,,,a,
ASN00082076,19940820,TMIN,2,,,a,
ASN00082076,19940821,TMIN,11,,,a,
ASN00082076,19940822,TMIN,-19,,,a,
ASN00082076,19940823,TMIN,7,,,a,
ASN00082076,19940824,TMIN,-11,,,a,
ASN00082076,19940825,TMIN,21,,,a,
ASN00082076,19940826,TMIN,4,,,a,
ASN00082076,19940827,TMIN,30,,,a,
ASN00082076,19940828,TMIN,23,,,a,
ASN00082076,19940829,TMIN,47,,,a,
ASN00082076,19940830,TMIN,72,,,a,
ASN00082076,19940831,TMIN,15,,,a,
ASN00082076,19940801,PRCP,52,,,a,
ASN00082076,19940802,PRCP,26,,,a,
ASN00082076,19940803,PRCP,2,,,a,
ASN00082076,19940804,PRCP,0,,,a,
ASN00082076,19940805,PRCP,0,,,a,
ASN00082076,19940806,PRCP,0,,,a,
ASN00082076,19940807,PRCP,24,,,a,
ASN00082076,19940808,PRCP,4,,,a,
ASN00082076,19940809,PRCP,22,,,a,
ASN00082076,19940810,PRCP,0,,,a,
ASN00082076,19940811,PRCP,0,,,a,
ASN00082076,19940812,PRCP,0,,,a,
ASN00082076,19940813,PRCP,140,,,a,
ASN00082076,19940814,PRCP,20,,,a,
ASN00082076,19940815,PRCP,0,,,a,
ASN00082076,19940816,PRCP,0,,,a,
ASN00082076,19940817,PRCP,0,,,a,
ASN00082076,19940818,PRCP,0,,,a,
ASN00082076,19940819,PRCP,0,,,a,
ASN00082076,19940820,PRCP,0,,,a,
ASN00082076,19940821,PRCP,0,,,a,
ASN00082076,19940822,PRCP,0,,,a,
ASN00082076,19940823,PRCP,40,,,a,
ASN00082076,19940824,PRCP,16,,,a,
ASN00082076,19940825,PRCP,0,,,a,
ASN00082076,19940826,PRCP,0,,,a,
ASN00082076,19940827,PRCP,0,,,a,
ASN00082076,19940828,PRCP,0,,,a,
ASN00082076,19940829,PRCP,0,,,a,
ASN00082076,19940830,PRCP,0,,,a,
ASN00082076,19940831,PRCP,0,,,a,
ASN00082076,19940901,TMAX,190,,,a,
ASN00082076,19940902,TMAX,210,,,a,
ASN00082076,19940903,TMAX,230,,,a,
ASN00082076,19940904,TMAX,187,,,a,
ASN00082076,19940905,TMAX,134,,,a,
ASN00082076,19940906,TMAX,130,,,a,
ASN00082076,19940907,TMAX,138,,,a,
ASN00082076,19940908,TMAX,153,,,a,
ASN00082076,19940909,TMAX,167,,,a,
ASN00082076,19940910,TMAX,184,,,a,
ASN00082076,19940911,TMAX,192,,,a,
ASN00082076,19940912,TMAX,221,,,a,
ASN00082076,19940913,TMAX,120,,,a,
ASN00082076,19940914,TMAX,123,,,a,
ASN00082076,19940915,TMAX,164,,,a,
ASN00082076,19940916,TMAX,138,,,a,
ASN00082076,19940917,TMAX,132,,,a,
ASN00082076,19940918,TMAX,135,,,a,
ASN00082076,19940919,TMAX,100,,,a,
ASN00082076,19940920,TMAX,94,,,a,
ASN00082076,19940921,TMAX,140,,,a,
ASN00082076,19940922,TMAX,157,,,a,
ASN00082076,19940923,TMAX,170,,,a,
ASN00082076,19940924,TMAX,150,,,a,
ASN00082076,19940925,TMAX,144,,,a,
ASN00082076,19940926,TMAX,135,,,a,
ASN00082076,19940927,TMAX,95,,,a,
ASN00082076,19940928,TMAX,130,,,a,
ASN00082076,19940929,TMAX,132,,,a,
ASN00082076,19940930,TMAX,150,,,a,
ASN00082076,19940901,TMIN,-11,,,a,
ASN00082076,19940902,TMIN,14,,,a,
ASN00082076,19940903,TMIN,15,,,a,
ASN00082076,19940904,TMIN,55,,,a,
ASN00082076,19940905,TMIN,90,,,a,
ASN00082076,19940906,TMIN,42,,,a,
ASN00082076,19940907,TMIN,-15,,,a,
ASN00082076,19940908,TMIN,-4,,,a,
ASN00082076,19940909,TMIN,24,,,a,
ASN00082076,19940910,TMIN,-2,,,a,
ASN00082076,19940911,TMIN,-4,,,a,
ASN00082076,19940912,TMIN,2,,,a,
ASN00082076,19940913,TMIN,36,,,a,
ASN00082076,19940914,TMIN,46,,,a,
ASN00082076,19940915,TMIN,0,,,a,
ASN00082076,19940916,TMIN,-8,,,a,
ASN00082076,19940917,TMIN,-20,,,a,
ASN00082076,19940918,TMIN,28,,,a,
ASN00082076,19940919,TMIN,5,,,a,
ASN00082076,19940920,TMIN,26,,,a,
ASN00082076,19940921,TMIN,20,,,a,
ASN00082076,19940922,TMIN,-25,,,a,
ASN00082076,19940923,TMIN,8,,,a,
ASN00082076,19940924,TMIN,75,,,a,
ASN00082076,19940925,TMIN,50,,,a,
ASN00082076,19940926,TMIN,0,,,a,
ASN00082076,19940927,TMIN,-5,,,a,
ASN00082076,19940928,TMIN,14,,,a,
ASN00082076,19940929,TMIN,35,,,a,
ASN00082076,19940930,TMIN,52,,,a,
ASN00082076,19940901,PRCP,0,,,a,
ASN00082076,19940902,PRCP,0,,,a,
ASN00082076,19940903,PRCP,0,,,a,
ASN00082076,19940904,PRCP,0,,,a,
ASN00082076,19940905,PRCP,44,,,a,
ASN00082076,19940906,PRCP,58,,,a,
ASN00082076,19940907,PRCP,20,,,a,
ASN00082076,19940908,PRCP,0,,,a,
ASN00082076,19940909,PRCP,0,,,a,
ASN00082076,19940910,PRCP,0,,,a,
ASN00082076,19940911,PRCP,0,,,a,
ASN00082076,19940912,PRCP,2,,,a,
ASN00082076,19940913,PRCP,0,,,a,
ASN00082076,19940914,PRCP,4,,,a,
ASN00082076,19940915,PRCP,0,,,a,
ASN00082076,19940916,PRCP,0,,,a,
ASN00082076,19940917,PRCP,0,,,a,
ASN00082076,19940918,PRCP,0,,,a,
ASN00082076,19940919,PRCP,6,,,a,
ASN00082076,19940920,PRCP,18,,,a,
ASN00082076,19940921,PRCP,34,,,a,
ASN00082076,19940922,PRCP,0,,,a,
ASN00082076,19940923,PRCP,0,,,a,
ASN00082076,19940924,PRCP,8,,,a,
ASN00082076,19940925,PRCP,0,,,a,
ASN00082076,19940926,PRCP,0,,,a,
ASN00082076,19940927,PRCP,54,,,a,
ASN00082076,19940928,PRCP,10,,,a,
ASN00082076,19940929,PRCP,2,,,a,
ASN00082076,19940930,PRCP,62,,,a,
ASN00082076,19941001,TMAX,162,,,a,
ASN00082076,19941002,TMAX,175,,,a,
ASN00082076,19941003,TMAX,152,,,a,
ASN00082076,19941004,TMAX,138,,,a,
ASN00082076,19941005,TMAX,164,,,a,
ASN00082076,19941006,TMAX,215,,,a,
ASN00082076,19941007,TMAX,118,,,a,
ASN00082076,19941008,TMAX,130,,,a,
ASN00082076,19941009,TMAX,178,,,a,
ASN00082076,19941010,TMAX,190,,,a,
ASN00082076,19941011,TMAX,196,,,a,
ASN00082076,19941012,TMAX,204,,,a,
ASN00082076,19941013,TMAX,220,,,a,
ASN00082076,19941014,TMAX,246,,,a,
ASN00082076,19941015,TMAX,276,,,a,
ASN00082076,19941016,TMAX,273,,,a,
ASN00082076,19941017,TMAX,282,,,a,
ASN00082076,19941018,TMAX,236,,,a,
ASN00082076,19941019,TMAX,201,,,a,
ASN00082076,19941020,TMAX,168,,,a,
ASN00082076,19941021,TMAX,200,,,a,
ASN00082076,19941022,TMAX,218,,,a,
ASN00082076,19941025,TMAX,267,,,a,
ASN00082076,19941026,TMAX,195,,,a,
ASN00082076,19941027,TMAX,220,,,a,
ASN00082076,19941028,TMAX,195,,,a,
ASN00082076,19941029,TMAX,170,,,a,
ASN00082076,19941030,TMAX,190,,,a,
ASN00082076,19941031,TMAX,218,,,a,
ASN00082076,19941001,TMIN,-10,,,a,
ASN00082076,19941002,TMIN,79,,,a,
ASN00082076,19941003,TMIN,44,,,a,
ASN00082076,19941004,TMIN,15,,,a,
ASN00082076,19941005,TMIN,64,,,a,
ASN00082076,19941006,TMIN,34,,,a,
ASN00082076,19941007,TMIN,76,,,a,
ASN00082076,19941008,TMIN,45,,,a,
ASN00082076,19941009,TMIN,0,,,a,
ASN00082076,19941010,TMIN,23,,,a,
ASN00082076,19941011,TMIN,27,,,a,
ASN00082076,19941012,TMIN,45,,,a,
ASN00082076,19941013,TMIN,43,,,a,
ASN00082076,19941014,TMIN,30,,,a,
ASN00082076,19941015,TMIN,54,,,a,
ASN00082076,19941016,TMIN,69,,,a,
ASN00082076,19941017,TMIN,53,,,a,
ASN00082076,19941018,TMIN,114,,,a,
ASN00082076,19941019,TMIN,127,,,a,
ASN00082076,19941020,TMIN,102,,,a,
ASN00082076,19941021,TMIN,85,,,a,
ASN00082076,19941022,TMIN,43,,,a,
ASN00082076,19941023,TMIN,47,,,a,
ASN00082076,19941024,TMIN,40,,,a,
ASN00082076,19941025,TMIN,46,,,a,
ASN00082076,19941026,TMIN,90,,,a,
ASN00082076,19941027,TMIN,114,,,a,
ASN00082076,19941028,TMIN,129,,,a,
ASN00082076,19941029,TMIN,25,,,a,
ASN00082076,19941030,TMIN,95,,,a,
ASN00082076,19941031,TMIN,30,,,a,
ASN00082076,19941001,PRCP,0,,,a,
ASN00082076,19941002,PRCP,98,,,a,
ASN00082076,19941003,PRCP,6,,,a,
ASN00082076,19941004,PRCP,0,,,a,
ASN00082076,19941005,PRCP,16,,,a,
ASN00082076,19941006,PRCP,0,,,a,
ASN00082076,19941007,PRCP,4,,,a,
ASN00082076,19941008,PRCP,88,,,a,
ASN00082076,19941009,PRCP,4,,,a,
ASN00082076,19941010,PRCP,0,,,a,
ASN00082076,19941011,PRCP,0,,,a,
ASN00082076,19941012,PRCP,0,,,a,
ASN00082076,19941013,PRCP,0,,,a,
ASN00082076,19941014,PRCP,0,,,a,
ASN00082076,19941015,PRCP,0,,,a,
ASN00082076,19941016,PRCP,0,,,a,
ASN00082076,19941017,PRCP,0,,,a,
ASN00082076,19941018,PRCP,0,,,a,
ASN00082076,19941019,PRCP,0,,,a,
ASN00082076,19941020,PRCP,90,,,a,
ASN00082076,19941021,PRCP,0,,,a,
ASN00082076,19941022,PRCP,0,,,a,
ASN00082076,19941023,PRCP,0,,,a,
ASN00082076,19941024,PRCP,0,,,a,
ASN00082076,19941025,PRCP,0,,,a,
ASN00082076,19941026,PRCP,0,,,a,
ASN00082076,19941027,PRCP,178,,,a,
ASN00082076,19941028,PRCP,22,,,a,
ASN00082076,19941029,PRCP,0,,,a,
ASN00082076,19941030,PRCP,0,,,a,
ASN00082076,19941031,PRCP,0,,,a,
ASN00082076,19941024,DATX,2,,,a,
ASN00082076,19941024,MDTX,242,,,a,
ASN00082076,19941101,TMAX,214,,,a,
ASN00082076,19941102,TMAX,156,,,a,
ASN00082076,19941103,TMAX,193,,,a,
ASN00082076,19941104,TMAX,199,,,a,
ASN00082076,19941105,TMAX,159,,,a,
ASN00082076,19941106,TMAX,148,,,a,
ASN00082076,19941107,TMAX,111,,,a,
ASN00082076,19941108,TMAX,133,,,a,
ASN00082076,19941109,TMAX,227,,,a,
ASN00082076,19941110,TMAX,275,,,a,
ASN00082076,19941111,TMAX,313,,,a,
ASN00082076,19941112,TMAX,256,,,a,
ASN00082076,19941113,TMAX,222,,,a,
ASN00082076,19941114,TMAX,223,,,a,
ASN00082076,19941115,TMAX,232,,,a,
ASN00082076,19941116,TMAX,254,,,a,
ASN00082076,19941117,TMAX,275,,,a,
ASN00082076,19941118,TMAX,286,,,a,
ASN00082076,19941119,TMAX,294,,,a,
ASN00082076,19941120,TMAX,235,,,a,
ASN00082076,19941121,TMAX,202,,,a,
ASN00082076,19941122,TMAX,217,,,a,
ASN00082076,19941123,TMAX,240,,,a,
ASN00082076,19941124,TMAX,261,,,a,
ASN00082076,19941125,TMAX,284,,,a,
ASN00082076,19941126,TMAX,327,,,a,
ASN00082076,19941127,TMAX,270,,,a,
ASN00082076,19941128,TMAX,255,,,a,
ASN00082076,19941129,TMAX,226,,,a,
ASN00082076,19941130,TMAX,207,,,a,
ASN00082076,19941101,TMIN,59,,,a,
ASN00082076,19941102,TMIN,57,,,a,
ASN00082076,19941103,TMIN,80,,,a,
ASN00082076,19941104,TMIN,89,,,a,
ASN00082076,19941105,TMIN,63,,,a,
ASN00082076,19941106,TMIN,91,,,a,
ASN00082076,19941107,TMIN,58,,,a,
ASN00082076,19941108,TMIN,46,,,a,
ASN00082076,19941109,TMIN,72,,,a,
ASN00082076,19941110,TMIN,67,,,a,
ASN00082076,19941111,TMIN,91,,,a,
ASN00082076,19941112,TMIN,147,,,a,
ASN00082076,19941113,TMIN,126,,,a,
ASN00082076,19941114,TMIN,37,,,a,
ASN00082076,19941115,TMIN,75,,,a,
ASN00082076,19941116,TMIN,60,,,a,
ASN00082076,19941117,TMIN,84,,,a,
ASN00082076,19941118,TMIN,130,,,a,
ASN00082076,19941119,TMIN,150,,,a,
ASN00082076,19941120,TMIN,166,,,a,
ASN00082076,19941121,TMIN,110,,,a,
ASN00082076,19941122,TMIN,39,,,a,
ASN00082076,19941123,TMIN,56,,,a,
ASN00082076,19941124,TMIN,57,,,a,
ASN00082076,19941125,TMIN,121,,,a,
ASN00082076,19941126,TMIN,99,,,a,
ASN00082076,19941127,TMIN,135,,,a,
ASN00082076,19941128,TMIN,140,,,a,
ASN00082076,19941129,TMIN,119,,,a,
ASN00082076,19941130,TMIN,100,,,a,
ASN00082076,19941101,PRCP,0,,,a,
ASN00082076,19941102,PRCP,158,,,a,
ASN00082076,19941103,PRCP,42,,,a,
ASN00082076,19941104,PRCP,118,,,a,
ASN00082076,19941105,PRCP,6,,,a,
ASN00082076,19941106,PRCP,32,,,a,
ASN00082076,19941107,PRCP,54,,,a,
ASN00082076,19941108,PRCP,34,,,a,
ASN00082076,19941109,PRCP,0,,,a,
ASN00082076,19941110,PRCP,0,,,a,
ASN00082076,19941111,PRCP,0,,,a,
ASN00082076,19941112,PRCP,0,,,a,
ASN00082076,19941113,PRCP,6,,,a,
ASN00082076,19941114,PRCP,0,,,a,
ASN00082076,19941115,PRCP,0,,,a,
ASN00082076,19941116,PRCP,0,,,a,
ASN00082076,19941117,PRCP,0,,,a,
ASN00082076,19941118,PRCP,0,,,a,
ASN00082076,19941119,PRCP,0,,,a,
ASN00082076,19941120,PRCP,260,,,a,
ASN00082076,19941121,PRCP,16,,,a,
ASN00082076,19941122,PRCP,0,,,a,
ASN00082076,19941123,PRCP,0,,,a,
ASN00082076,19941124,PRCP,0,,,a,
ASN00082076,19941125,PRCP,0,,,a,
ASN00082076,19941126,PRCP,2,,,a,
ASN00082076,19941127,PRCP,4,,,a,
ASN00082076,19941128,PRCP,56,,,a,
ASN00082076,19941129,PRCP,68,,,a,
ASN00082076,19941130,PRCP,234,,,a,
ASN00082076,19941201,TMAX,245,,,a,
ASN00082076,19941202,TMAX,276,,,a,
ASN00082076,19941203,TMAX,296,,,a,
ASN00082076,19941204,TMAX,307,,,a,
ASN00082076,19941205,TMAX,318,,,a,
ASN00082076,19941206,TMAX,323,,,a,
ASN00082076,19941207,TMAX,328,,,a,
ASN00082076,19941208,TMAX,172,,,a,
ASN00082076,19941209,TMAX,221,,,a,
ASN00082076,19941210,TMAX,263,,,a,
ASN00082076,19941211,TMAX,298,,,a,
ASN00082076,19941212,TMAX,313,,,a,
ASN00082076,19941213,TMAX,356,,,a,
ASN00082076,19941214,TMAX,274,,,a,
ASN00082076,19941215,TMAX,313,,,a,
ASN00082076,19941216,TMAX,316,,,a,
ASN00082076,19941217,TMAX,331,,,a,
ASN00082076,19941218,TMAX,342,,,a,
ASN00082076,19941219,TMAX,361,,,a,
ASN00082076,19941220,TMAX,334,,,a,
ASN00082076,19941221,TMAX,334,,,a,
ASN00082076,19941222,TMAX,190,,,a,
ASN00082076,19941223,TMAX,272,,,a,
ASN00082076,19941224,TMAX,255,,,a,
ASN00082076,19941225,TMAX,274,,,a,
ASN00082076,19941226,TMAX,286,,,a,
ASN00082076,19941227,TMAX,315,,,a,
ASN00082076,19941228,TMAX,359,,,a,
ASN00082076,19941229,TMAX,260,,,a,
ASN00082076,19941230,TMAX,289,,,a,
ASN00082076,19941231,TMAX,305,,,a,
ASN00082076,19941201,TMIN,88,,,a,
ASN00082076,19941202,TMIN,84,,,a,
ASN00082076,19941203,TMIN,96,,,a,
ASN00082076,19941204,TMIN,115,,,a,
ASN00082076,19941205,TMIN,130,,,a,
ASN00082076,19941206,TMIN,140,,,a,
ASN00082076,19941207,TMIN,128,,,a,
ASN00082076,19941208,TMIN,121,,,a,
ASN00082076,19941209,TMIN,113,,,a,
ASN00082076,19941210,TMIN,77,,,a,
ASN00082076,19941211,TMIN,102,,,a,
ASN00082076,19941212,TMIN,110,,,a,
ASN00082076,19941213,TMIN,118,,,a,
ASN00082076,19941214,TMIN,164,,,a,
ASN00082076,19941215,TMIN,137,,,a,
ASN00082076,19941216,TMIN,130,,,a,
ASN00082076,19941217,TMIN,124,,,a,
ASN00082076,19941218,TMIN,130,,,a,
ASN00082076,19941219,TMIN,143,,,a,
ASN00082076,19941220,TMIN,215,,,a,
ASN00082076,19941221,TMIN,216,,,a,
ASN00082076,19941222,TMIN,174,,,a,
ASN00082076,19941223,TMIN,164,,,a,
ASN00082076,19941224,TMIN,145,,,a,
ASN00082076,19941225,TMIN,140,,,a,
ASN00082076,19941226,TMIN,157,,,a,
ASN00082076,19941227,TMIN,115,,,a,
ASN00082076,19941228,TMIN,106,,,a,
ASN00082076,19941229,TMIN,136,,,a,
ASN00082076,19941230,TMIN,95,,,a,
ASN00082076,19941231,TMIN,156,,,a,
ASN00082076,19941201,PRCP,0,,,a,
ASN00082076,19941202,PRCP,0,,,a,
ASN00082076,19941203,PRCP,0,,,a,
ASN00082076,19941204,PRCP,0,,,a,
ASN00082076,19941205,PRCP,0,,,a,
ASN00082076,19941206,PRCP,0,,,a,
ASN00082076,19941207,PRCP,0,,,a,
ASN00082076,19941208,PRCP,64,,,a,
ASN00082076,19941209,PRCP,0,,,a,
ASN00082076,19941210,PRCP,0,,,a,
ASN00082076,19941211,PRCP,0,,,a,
ASN00082076,19941212,PRCP,0,,,a,
ASN00082076,19941213,PRCP,0,,,a,
ASN00082076,19941214,PRCP,0,,,a,
ASN00082076,19941215,PRCP,0,,,a,
ASN00082076,19941216,PRCP,0,,,a,
ASN00082076,19941217,PRCP,0,,,a,
ASN00082076,19941218,PRCP,0,,,a,
ASN00082076,19941219,PRCP,0,,,a,
ASN00082076,19941220,PRCP,0,,,a,
ASN00082076,19941221,PRCP,0,,,a,
ASN00082076,19941222,PRCP,108,,,a,
ASN00082076,19941223,PRCP,174,,,a,
ASN00082076,19941224,PRCP,8,,,a,
ASN00082076,19941225,PRCP,0,,,a,
ASN00082076,19941226,PRCP,30,,,a,
ASN00082076,19941227,PRCP,0,,,a,
ASN00082076,19941228,PRCP,0,,,a,
ASN00082076,19941229,PRCP,0,,,a,
ASN00082076,19941230,PRCP,0,,,a,
ASN00082076,19941231,PRCP,0,,,a,
ASN00082076,19950101,TMAX,314,,,a,
ASN00082076,19950102,TMAX,258,,,a,
ASN00082076,19950103,TMAX,289,,,a,
ASN00082076,19950104,TMAX,293,,,a,
ASN00082076,19950105,TMAX,245,,,a,
ASN00082076,19950106,TMAX,238,,,a,
ASN00082076,19950107,TMAX,235,,,a,
ASN00082076,19950108,TMAX,265,,,a,
ASN00082076,19950109,TMAX,288,,,a,
ASN00082076,19950110,TMAX,290,,,a,
ASN00082076,19950111,TMAX,314,,,a,
ASN00082076,19950112,TMAX,330,,,a,
ASN00082076,19950113,TMAX,341,,,a,
ASN00082076,19950114,TMAX,324,,,a,
ASN00082076,19950115,TMAX,282,,,a,
ASN00082076,19950116,TMAX,336,,,a,
ASN00082076,19950117,TMAX,286,,,a,
ASN00082076,19950118,TMAX,286,,,a,
ASN00082076,19950119,TMAX,307,,,a,
ASN00082076,19950120,TMAX,205,,,a,
ASN00082076,19950121,TMAX,192,,,a,
ASN00082076,19950122,TMAX,256,,,a,
ASN00082076,19950123,TMAX,258,,,a,
ASN00082076,19950124,TMAX,298,,,a,
ASN00082076,19950125,TMAX,287,,,a,
ASN00082076,19950126,TMAX,280,,,a,
ASN00082076,19950127,TMAX,292,,,a,
ASN00082076,19950128,TMAX,234,,,a,
ASN00082076,19950129,TMAX,270,,,a,
ASN00082076,19950130,TMAX,267,,,a,
ASN00082076,19950131,TMAX,239,,,a,
ASN00082076,19950101,TMIN,107,,,a,
ASN00082076,19950102,TMIN,113,,,a,
ASN00082076,19950103,TMIN,103,,,a,
ASN00082076,19950104,TMIN,134,,,a,
ASN00082076,19950105,TMIN,179,,,a,
ASN00082076,19950106,TMIN,177,,,a,
ASN00082076,19950107,TMIN,124,,,a,
ASN00082076,19950108,TMIN,105,,,a,
ASN00082076,19950109,TMIN,128,,,a,
ASN00082076,19950110,TMIN,122,,,a,
ASN00082076,19950111,TMIN,156,,,a,
ASN00082076,19950112,TMIN,132,,,a,
ASN00082076,19950113,TMIN,154,,,a,
ASN00082076,19950114,TMIN,162,,,a,
ASN00082076,19950115,TMIN,189,,,a,
ASN00082076,19950116,TMIN,166,,,a,
ASN00082076,19950117,TMIN,193,,,a,
ASN00082076,19950118,TMIN,154,,,a,
ASN00082076,19950119,TMIN,164,,,a,
ASN00082076,19950120,TMIN,180,,,a,
ASN00082076,19950121,TMIN,123,,,a,
ASN00082076,19950122,TMIN,101,,,a,
ASN00082076,19950123,TMIN,83,,,a,
ASN00082076,19950124,TMIN,98,,,a,
ASN00082076,19950125,TMIN,134,,,a,
ASN00082076,19950126,TMIN,168,,,a,
ASN00082076,19950127,TMIN,152,,,a,
ASN00082076,19950128,TMIN,162,,,a,
ASN00082076,19950129,TMIN,144,,,a,
ASN00082076,19950130,TMIN,112,,,a,
ASN00082076,19950131,TMIN,137,,,a,
ASN00082076,19950101,PRCP,0,,,a,
ASN00082076,19950102,PRCP,0,,,a,
ASN00082076,19950103,PRCP,0,,,a,
ASN00082076,19950104,PRCP,52,,,a,
ASN00082076,19950105,PRCP,16,,,a,
ASN00082076,19950106,PRCP,190,,,a,
ASN00082076,19950107,PRCP,382,,,a,
ASN00082076,19950108,PRCP,0,,,a,
ASN00082076,19950109,PRCP,0,,,a,
ASN00082076,19950110,PRCP,0,,,a,
ASN00082076,19950111,PRCP,0,,,a,
ASN00082076,19950112,PRCP,10,,,a,
ASN00082076,19950113,PRCP,0,,,a,
ASN00082076,19950114,PRCP,0,,,a,
ASN00082076,19950115,PRCP,0,,,a,
ASN00082076,19950116,PRCP,2,,,a,
ASN00082076,19950117,PRCP,110,,,a,
ASN00082076,19950118,PRCP,150,,,a,
ASN00082076,19950119,PRCP,0,,,a,
ASN00082076,19950120,PRCP,180,,,a,
ASN00082076,19950121,PRCP,320,,,a,
ASN00082076,19950122,PRCP,0,,,a,
ASN00082076,19950123,PRCP,0,,,a,
ASN00082076,19950124,PRCP,0,,,a,
ASN00082076,19950125,PRCP,0,,,a,
ASN00082076,19950126,PRCP,0,,,a,
ASN00082076,19950127,PRCP,0,,,a,
ASN00082076,19950128,PRCP,604,,,a,
ASN00082076,19950129,PRCP,26,,,a,
ASN00082076,19950130,PRCP,0,,,a,
ASN00082076,19950131,PRCP,34,,,a,
ASN00082076,19950201,TMAX,277,,,a,
ASN00082076,19950202,TMAX,276,,,a,
ASN00082076,19950203,TMAX,272,,,a,
ASN00082076,19950204,TMAX,270,,,a,
ASN00082076,19950205,TMAX,223,,,a,
ASN00082076,19950206,TMAX,199,,,a,
ASN00082076,19950207,TMAX,244,,,a,
ASN00082076,19950208,TMAX,266,,,a,
ASN00082076,19950209,TMAX,265,,,a,
ASN00082076,19950210,TMAX,271,,,a,
ASN00082076,19950211,TMAX,290,,,a,
ASN00082076,19950212,TMAX,296,,,a,
ASN00082076,19950213,TMAX,296,,,a,
ASN00082076,19950214,TMAX,313,,,a,
ASN00082076,19950215,TMAX,296,,,a,
ASN00082076,19950217,TMAX,273,,,a,
ASN00082076,19950218,TMAX,295,,,a,
ASN00082076,19950219,TMAX,265,,,a,
ASN00082076,19950220,TMAX,290,,,a,
ASN00082076,19950221,TMAX,284,,,a,
ASN00082076,19950222,TMAX,292,,,a,
ASN00082076,19950223,TMAX,315,,,a,
ASN00082076,19950224,TMAX,317,,,a,
ASN00082076,19950225,TMAX,325,,,a,
ASN00082076,19950226,TMAX,349,,,a,
ASN00082076,19950227,TMAX,323,,,a,
ASN00082076,19950228,TMAX,226,,,a,
ASN00082076,19950201,TMIN,117,,,a,
ASN00082076,19950202,TMIN,99,,,a,
ASN00082076,19950203,TMIN,158,,,a,
ASN00082076,19950204,TMIN,109,,,a,
ASN00082076,19950205,TMIN,104,,,a,
ASN00082076,19950206,TMIN,93,,,a,
ASN00082076,19950207,TMIN,53,,,a,
ASN00082076,19950208,TMIN,97,,,a,
ASN00082076,19950209,TMIN,108,,,a,
ASN00082076,19950210,TMIN,138,,,a,
ASN00082076,19950211,TMIN,117,,,a,
ASN00082076,19950212,TMIN,122,,,a,
ASN00082076,19950213,TMIN,131,,,a,
ASN00082076,19950214,TMIN,133,,,a,
ASN00082076,19950215,TMIN,127,,,a,
ASN00082076,19950216,TMIN,131,,,a,
ASN00082076,19950218,TMIN,140,,,a,
ASN00082076,19950219,TMIN,164,,,a,
ASN00082076,19950220,TMIN,152,,,a,
ASN00082076,19950221,TMIN,117,,,a,
ASN00082076,19950222,TMIN,107,,,a,
ASN00082076,19950223,TMIN,138,,,a,
ASN00082076,19950224,TMIN,128,,,a,
ASN00082076,19950225,TMIN,124,,,a,
ASN00082076,19950226,TMIN,133,,,a,
ASN00082076,19950227,TMIN,166,,,a,
ASN00082076,19950228,TMIN,175,,,a,
ASN00082076,19950201,PRCP,0,,,a,
ASN00082076,19950202,PRCP,0,,,a,
ASN00082076,19950203,PRCP,4,,,a,
ASN00082076,19950204,PRCP,0,,,a,
ASN00082076,19950205,PRCP,0,,,a,
ASN00082076,19950206,PRCP,178,,,a,
ASN00082076,19950207,PRCP,0,,,a,
ASN00082076,19950208,PRCP,0,,,a,
ASN00082076,19950209,PRCP,0,,,a,
ASN00082076,19950210,PRCP,0,,,a,
ASN00082076,19950211,PRCP,0,,,a,
ASN00082076,19950212,PRCP,0,,,a,
ASN00082076,19950213,PRCP,0,,,a,
ASN00082076,19950214,PRCP,14,,,a,
ASN00082076,19950215,PRCP,6,,,a,
ASN00082076,19950216,PRCP,0,,,a,
ASN00082076,19950217,PRCP,0,,,a,
ASN00082076,19950218,PRCP,0,,,a,
ASN00082076,19950219,PRCP,0,,,a,
ASN00082076,19950220,PRCP,0,,,a,
ASN00082076,19950221,PRCP,0,,,a,
ASN00082076,19950222,PRCP,0,,,a,
ASN00082076,19950223,PRCP,4,,,a,
ASN00082076,19950224,PRCP,0,,,a,
ASN00082076,19950225,PRCP,0,,,a,
ASN00082076,19950226,PRCP,0,,,a,
ASN00082076,19950227,PRCP,0,,,a,
ASN00082076,19950228,PRCP,60,,,a,
ASN00082076,19950301,TMAX,252,,,a,
ASN00082076,19950302,TMAX,254,,,a,
ASN00082076,19950303,TMAX,268,,,a,
ASN00082076,19950304,TMAX,268,,,a,
ASN00082076,19950305,TMAX,301,,,a,
ASN00082076,19950306,TMAX,333,,,a,
ASN00082076,19950307,TMAX,316,,,a,
ASN00082076,19950308,TMAX,285,,,a,
ASN00082076,19950309,TMAX,253,,,a,
ASN00082076,19950310,TMAX,347,,,a,
ASN00082076,19950311,TMAX,268,,,a,
ASN00082076,19950312,TMAX,245,,,a,
ASN00082076,19950313,TMAX,324,,,a,
ASN00082076,19950314,TMAX,246,,,a,
ASN00082076,19950315,TMAX,205,,,a,
ASN00082076,19950316,TMAX,240,,,a,
ASN00082076,19950317,TMAX,270,,,a,
ASN00082076,19950318,TMAX,230,,,a,
ASN00082076,19950319,TMAX,215,,,a,
ASN00082076,19950320,TMAX,242,,,a,
ASN00082076,19950321,TMAX,260,,,a,
ASN00082076,19950322,TMAX,260,,,a,
ASN00082076,19950323,TMAX,248,,,a,
ASN00082076,19950324,TMAX,212,,,a,
ASN00082076,19950325,TMAX,216,,,a,
ASN00082076,19950326,TMAX,226,,,a,
ASN00082076,19950327,TMAX,231,,,a,
ASN00082076,19950328,TMAX,190,,,a,
ASN00082076,19950329,TMAX,197,,,a,
ASN00082076,19950330,TMAX,204,,,a,
ASN00082076,19950331,TMAX,146,,,a,
ASN00082076,19950301,TMIN,157,,,a,
ASN00082076,19950302,TMIN,154,,,a,
ASN00082076,19950303,TMIN,148,,,a,
ASN00082076,19950304,TMIN,78,,,a,
ASN00082076,19950305,TMIN,97,,,a,
ASN00082076,19950306,TMIN,143,,,a,
ASN00082076,19950307,TMIN,150,,,a,
ASN00082076,19950308,TMIN,134,,,a,
ASN00082076,19950309,TMIN,166,,,a,
ASN00082076,19950310,TMIN,137,,,a,
ASN00082076,19950311,TMIN,84,,,a,
ASN00082076,19950312,TMIN,88,,,a,
ASN00082076,19950313,TMIN,32,,,a,
ASN00082076,19950314,TMIN,35,,,a,
ASN00082076,19950315,TMIN,95,,,a,
ASN00082076,19950316,TMIN,117,,,a,
ASN00082076,19950317,TMIN,100,,,a,
ASN00082076,19950318,TMIN,60,,,a,
ASN00082076,19950319,TMIN,85,,,a,
ASN00082076,19950320,TMIN,75,,,a,
ASN00082076,19950321,TMIN,42,,,a,
ASN00082076,19950322,TMIN,125,,,a,
ASN00082076,19950323,TMIN,80,,,a,
ASN00082076,19950324,TMIN,71,,,a,
ASN00082076,19950325,TMIN,79,,,a,
ASN00082076,19950326,TMIN,40,,,a,
ASN00082076,19950327,TMIN,38,,,a,
ASN00082076,19950328,TMIN,81,,,a,
ASN00082076,19950329,TMIN,26,,,a,
ASN00082076,19950330,TMIN,30,,,a,
ASN00082076,19950331,TMIN,89,,,a,
ASN00082076,19950301,PRCP,46,,,a,
ASN00082076,19950302,PRCP,0,,,a,
ASN00082076,19950303,PRCP,0,,,a,
ASN00082076,19950304,PRCP,0,,,a,
ASN00082076,19950305,PRCP,0,,,a,
ASN00082076,19950306,PRCP,0,,,a,
ASN00082076,19950307,PRCP,0,,,a,
ASN00082076,19950308,PRCP,0,,,a,
ASN00082076,19950309,PRCP,12,,,a,
ASN00082076,19950310,PRCP,0,,,a,
ASN00082076,19950311,PRCP,0,,,a,
ASN00082076,19950312,PRCP,0,,,a,
ASN00082076,19950313,PRCP,0,,,a,
ASN00082076,19950314,PRCP,0,,,a,
ASN00082076,19950315,PRCP,0,,,a,
ASN00082076,19950316,PRCP,0,,,a,
ASN00082076,19950317,PRCP,0,,,a,
ASN00082076,19950318,PRCP,0,,,a,
ASN00082076,19950319,PRCP,4,,,a,
ASN00082076,19950320,PRCP,0,,,a,
ASN00082076,19950321,PRCP,0,,,a,
ASN00082076,19950322,PRCP,0,,,a,
ASN00082076,19950323,PRCP,0,,,a,
ASN00082076,19950324,PRCP,0,,,a,
ASN00082076,19950325,PRCP,0,,,a,
ASN00082076,19950326,PRCP,0,,,a,
ASN00082076,19950327,PRCP,0,,,a,
ASN00082076,19950328,PRCP,0,,,a,
ASN00082076,19950329,PRCP,0,,,a,
ASN00082076,19950330,PRCP,0,,,a,
ASN00082076,19950331,PRCP,0,,,a,
ASN00082076,19950401,TMAX,170,,,a,
ASN00082076,19950402,TMAX,170,,,a,
ASN00082076,19950403,TMAX,207,,,a,
ASN00082076,19950404,TMAX,222,,,a,
ASN00082076,19950405,TMAX,154,,,a,
ASN00082076,19950406,TMAX,136,,,a,
ASN00082076,19950407,TMAX,90,,,a,
ASN00082076,19950408,TMAX,125,,,a,
ASN00082076,19950409,TMAX,128,,,a,
ASN00082076,19950410,TMAX,134,,,a,
ASN00082076,19950411,TMAX,204,,,a,
ASN00082076,19950412,TMAX,221,,,a,
ASN00082076,19950413,TMAX,198,,,a,
ASN00082076,19950414,TMAX,224,,,a,
ASN00082076,19950415,TMAX,228,,,a,
ASN00082076,19950416,TMAX,190,,,a,
ASN00082076,19950417,TMAX,120,,,a,
ASN00082076,19950418,TMAX,158,,,a,
ASN00082076,19950419,TMAX,169,,,a,
ASN00082076,19950420,TMAX,135,,,a,
ASN00082076,19950421,TMAX,167,,,a,
ASN00082076,19950422,TMAX,186,,,a,
ASN00082076,19950423,TMAX,198,,,a,
ASN00082076,19950424,TMAX,174,,,a,
ASN00082076,19950425,TMAX,186,,,a,
ASN00082076,19950426,TMAX,191,,,a,
ASN00082076,19950427,TMAX,165,,,a,
ASN00082076,19950428,TMAX,192,,,a,
ASN00082076,19950429,TMAX,212,,,a,
ASN00082076,19950430,TMAX,238,,,a,
ASN00082076,19950401,TMIN,-7,,,a,
ASN00082076,19950402,TMIN,72,,,a,
ASN00082076,19950403,TMIN,10,,,a,
ASN00082076,19950404,TMIN,-5,,,a,
ASN00082076,19950405,TMIN,84,,,a,
ASN00082076,19950406,TMIN,9,,,a,
ASN00082076,19950407,TMIN,40,,,a,
ASN00082076,19950408,TMIN,30,,,a,
ASN00082076,19950409,TMIN,38,,,a,
ASN00082076,19950410,TMIN,39,,,a,
ASN00082076,19950411,TMIN,62,,,a,
ASN00082076,19950412,TMIN,23,,,a,
ASN00082076,19950413,TMIN,57,,,a,
ASN00082076,19950414,TMIN,58,,,a,
ASN00082076,19950415,TMIN,40,,,a,
ASN00082076,19950416,TMIN,102,,,a,
ASN00082076,19950417,TMIN,71,,,a,
ASN00082076,19950418,TMIN,77,,,a,
ASN00082076,19950419,TMIN,33,,,a,
ASN00082076,19950420,TMIN,8,,,a,
ASN00082076,19950421,TMIN,15,,,a,
ASN00082076,19950422,TMIN,15,,,a,
ASN00082076,19950423,TMIN,30,,,a,
ASN00082076,19950424,TMIN,65,,,a,
ASN00082076,19950425,TMIN,12,,,a,
ASN00082076,19950426,TMIN,11,,,a,
ASN00082076,19950427,TMIN,27,,,a,
ASN00082076,19950428,TMIN,64,,,a,
ASN00082076,19950429,TMIN,38,,,a,
ASN00082076,19950430,TMIN,84,,,a,
ASN00082076,19950401,PRCP,0,,,a,
ASN00082076,19950402,PRCP,2,,,a,
ASN00082076,19950403,PRCP,1,,,a,
ASN00082076,19950404,PRCP,0,,,a,
ASN00082076,19950405,PRCP,104,,,a,
ASN00082076,19950406,PRCP,146,,,a,
ASN00082076,19950407,PRCP,136,,,a,
ASN00082076,19950408,PRCP,100,,,a,
ASN00082076,19950409,PRCP,8,,,a,
ASN00082076,19950410,PRCP,20,,,a,
ASN00082076,19950411,PRCP,0,,,a,
ASN00082076,19950412,PRCP,0,,,a,
ASN00082076,19950413,PRCP,0,,,a,
ASN00082076,19950414,PRCP,0,,,a,
ASN00082076,19950415,PRCP,0,,,a,
ASN00082076,19950416,PRCP,4,,,a,
ASN00082076,19950417,PRCP,262,,,a,
ASN00082076,19950418,PRCP,12,,,a,
ASN00082076,19950419,PRCP,0,,,a,
ASN00082076,19950420,PRCP,0,,,a,
ASN00082076,19950421,PRCP,0,,,a,
ASN00082076,19950422,PRCP,0,,,a,
ASN00082076,19950423,PRCP,0,,,a,
ASN00082076,19950424,PRCP,0,,,a,
ASN00082076,19950425,PRCP,0,,,a,
ASN00082076,19950426,PRCP,0,,,a,
ASN00082076,19950427,PRCP,0,,,a,
ASN00082076,19950428,PRCP,0,,,a,
ASN00082076,19950429,PRCP,0,,,a,
ASN00082076,19950430,PRCP,0,,,a,
ASN00082076,19950501,TMAX,169,,,a,
ASN00082076,19950502,TMAX,173,,,a,
ASN00082076,19950503,TMAX,134,,,a,
ASN00082076,19950504,TMAX,133,,,a,
ASN00082076,19950505,TMAX,156,,,a,
ASN00082076,19950506,TMAX,173,,,a,
ASN00082076,19950507,TMAX,186,,,a,
ASN00082076,19950508,TMAX,188,,,a,
ASN00082076,19950509,TMAX,155,,,a,
ASN00082076,19950510,TMAX,146,,,a,
ASN00082076,19950511,TMAX,153,,,a,
ASN00082076,19950512,TMAX,212,,,a,
ASN00082076,19950513,TMAX,162,,,a,
ASN00082076,19950514,TMAX,156,,,a,
ASN00082076,19950515,TMAX,137,,,a,
ASN00082076,19950516,TMAX,161,,,a,
ASN00082076,19950517,TMAX,149,,,a,
ASN00082076,19950518,TMAX,158,,,a,
ASN00082076,19950519,TMAX,159,,,a,
ASN00082076,19950520,TMAX,172,,,a,
ASN00082076,19950521,TMAX,166,,,a,
ASN00082076,19950522,TMAX,174,,,a,
ASN00082076,19950523,TMAX,159,,,a,
ASN00082076,19950524,TMAX,163,,,a,
ASN00082076,19950525,TMAX,117,,,a,
ASN00082076,19950526,TMAX,118,,,a,
ASN00082076,19950527,TMAX,112,,,a,
ASN00082076,19950528,TMAX,136,,,a,
ASN00082076,19950529,TMAX,143,,,a,
ASN00082076,19950530,TMAX,128,,,a,
ASN00082076,19950531,TMAX,154,,,a,
ASN00082076,19950501,TMIN,134,,,a,
ASN00082076,19950502,TMIN,136,,,a,
ASN00082076,19950503,TMIN,95,,,a,
ASN00082076,19950504,TMIN,72,,,a,
ASN00082076,19950505,TMIN,67,,,a,
ASN00082076,19950506,TMIN,63,,,a,
ASN00082076,19950507,TMIN,34,,,a,
ASN00082076,19950508,TMIN,20,,,a,
ASN00082076,19950509,TMIN,59,,,a,
ASN00082076,19950510,TMIN,84,,,a,
ASN00082076,19950511,TMIN,102,,,a,
ASN00082076,19950512,TMIN,116,,,a,
ASN00082076,19950513,TMIN,128,,,a,
ASN00082076,19950514,TMIN,120,,,a,
ASN00082076,19950515,TMIN,38,,,a,
ASN00082076,19950516,TMIN,29,,,a,
ASN00082076,19950517,TMIN,67,,,a,
ASN00082076,19950518,TMIN,113,,,a,
ASN00082076,19950519,TMIN,36,,,a,
ASN00082076,19950520,TMIN,38,,,a,
ASN00082076,19950521,TMIN,43,,,a,
ASN00082076,19950522,TMIN,40,,,a,
ASN00082076,19950523,TMIN,30,,,a,
ASN00082076,19950524,TMIN,32,,,a,
ASN00082076,19950525,TMIN,60,,,a,
ASN00082076,19950526,TMIN,78,,,a,
ASN00082076,19950527,TMIN,57,,,a,
ASN00082076,19950528,TMIN,66,,,a,
ASN00082076,19950529,TMIN,36,,,a,
ASN00082076,19950530,TMIN,25,,,a,
ASN00082076,19950531,TMIN,38,,,a,
ASN00082076,19950501,PRCP,300,,,a,
ASN00082076,19950502,PRCP,184,,,a,
ASN00082076,19950503,PRCP,158,,,a,
ASN00082076,19950504,PRCP,106,,,a,
ASN00082076,19950505,PRCP,4,,,a,
ASN00082076,19950506,PRCP,0,,,a,
ASN00082076,19950507,PRCP,0,,,a,
ASN00082076,19950508,PRCP,0,,,a,
ASN00082076,19950509,PRCP,0,,,a,
ASN00082076,19950510,PRCP,12,,,a,
ASN00082076,19950511,PRCP,68,,,a,
ASN00082076,19950512,PRCP,88,,,a,
ASN00082076,19950513,PRCP,342,,,a,
ASN00082076,19950514,PRCP,340,,,a,
ASN00082076,19950515,PRCP,16,,,a,
ASN00082076,19950516,PRCP,0,,,a,
ASN00082076,19950517,PRCP,0,,,a,
ASN00082076,19950518,PRCP,0,,,a,
ASN00082076,19950519,PRCP,0,,,a,
ASN00082076,19950520,PRCP,0,,,a,
ASN00082076,19950521,PRCP,0,,,a,
ASN00082076,19950522,PRCP,0,,,a,
ASN00082076,19950523,PRCP,0,,,a,
ASN00082076,19950524,PRCP,0,,,a,
ASN00082076,19950525,PRCP,258,,,a,
ASN00082076,19950526,PRCP,150,,,a,
ASN00082076,19950527,PRCP,20,,,a,
ASN00082076,19950528,PRCP,6,,,a,
ASN00082076,19950529,PRCP,14,,,a,
ASN00082076,19950530,PRCP,0,,,a,
ASN00082076,19950531,PRCP,0,,,a,
ASN00082076,19950601,TMAX,153,,,a,
ASN00082076,19950602,TMAX,135,,,a,
ASN00082076,19950603,TMAX,140,,,a,
ASN00082076,19950604,TMAX,141,,,a,
ASN00082076,19950605,TMAX,148,,,a,
ASN00082076,19950606,TMAX,108,,,a,
ASN00082076,19950607,TMAX,125,,,a,
ASN00082076,19950608,TMAX,152,,,a,
ASN00082076,19950609,TMAX,193,,,a,
ASN00082076,19950610,TMAX,127,,,a,
ASN00082076,19950611,TMAX,114,,,a,
ASN00082076,19950612,TMAX,133,,,a,
ASN00082076,19950613,TMAX,121,,,a,
ASN00082076,19950614,TMAX,88,,,a,
ASN00082076,19950615,TMAX,121,,,a,
ASN00082076,19950616,TMAX,126,,,a,
ASN00082076,19950617,TMAX,102,,,a,
ASN00082076,19950618,TMAX,92,,,a,
ASN00082076,19950619,TMAX,122,,,a,
ASN00082076,19950620,TMAX,114,,,a,
ASN00082076,19950621,TMAX,99,,,a,
ASN00082076,19950622,TMAX,108,,,a,
ASN00082076,19950623,TMAX,120,,,a,
ASN00082076,19950624,TMAX,123,,,a,
ASN00082076,19950625,TMAX,125,,,a,
ASN00082076,19950626,TMAX,144,,,a,
ASN00082076,19950627,TMAX,132,,,a,
ASN00082076,19950628,TMAX,92,,,a,
ASN00082076,19950629,TMAX,93,,,a,
ASN00082076,19950630,TMAX,88,,,a,
ASN00082076,19950601,TMIN,17,,,a,
ASN00082076,19950602,TMIN,40,,,a,
ASN00082076,19950603,TMIN,40,,,a,
ASN00082076,19950604,TMIN,24,,,a,
ASN00082076,19950605,TMIN,3,,,a,
ASN00082076,19950606,TMIN,22,,,a,
ASN00082076,19950607,TMIN,58,,,a,
ASN00082076,19950608,TMIN,96,,,a,
ASN00082076,19950609,TMIN,116,,,a,
ASN00082076,19950610,TMIN,120,,,a,
ASN00082076,19950611,TMIN,84,,,a,
ASN00082076,19950612,TMIN,36,,,a,
ASN00082076,19950613,TMIN,26,,,a,
ASN00082076,19950614,TMIN,28,,,a,
ASN00082076,19950615,TMIN,35,,,a,
ASN00082076,19950616,TMIN,32,,,a,
ASN00082076,19950617,TMIN,6,,,a,
ASN00082076,19950618,TMIN,-11,,,a,
ASN00082076,19950619,TMIN,6,,,a,
ASN00082076,19950620,TMIN,-30,,,a,
ASN00082076,19950621,TMIN,-16,,,a,
ASN00082076,19950622,TMIN,-28,,,a,
ASN00082076,19950623,TMIN,-45,,,a,
ASN00082076,19950624,TMIN,-35,,,a,
ASN00082076,19950625,TMIN,-15,,,a,
ASN00082076,19950626,TMIN,40,,,a,
ASN00082076,19950627,TMIN,62,,,a,
ASN00082076,19950628,TMIN,50,,,a,
ASN00082076,19950629,TMIN,36,,,a,
ASN00082076,19950630,TMIN,50,,,a,
ASN00082076,19950601,PRCP,0,,,a,
ASN00082076,19950602,PRCP,0,,,a,
ASN00082076,19950603,PRCP,0,,,a,
ASN00082076,19950604,PRCP,0,,,a,
ASN00082076,19950605,PRCP,0,,,a,
ASN00082076,19950606,PRCP,60,,,a,
ASN00082076,19950607,PRCP,146,,,a,
ASN00082076,19950608,PRCP,66,,,a,
ASN00082076,19950609,PRCP,286,,,a,
ASN00082076,19950610,PRCP,282,,,a,
ASN00082076,19950611,PRCP,282,,,a,
ASN00082076,19950612,PRCP,48,,,a,
ASN00082076,19950613,PRCP,0,,,a,
ASN00082076,19950614,PRCP,0,,,a,
ASN00082076,19950615,PRCP,0,,,a,
ASN00082076,19950616,PRCP,0,,,a,
ASN00082076,19950617,PRCP,0,,,a,
ASN00082076,19950618,PRCP,0,,,a,
ASN00082076,19950619,PRCP,0,,,a,
ASN00082076,19950620,PRCP,0,,,a,
ASN00082076,19950621,PRCP,6,,,a,
ASN00082076,19950622,PRCP,0,,,a,
ASN00082076,19950623,PRCP,0,,,a,
ASN00082076,19950624,PRCP,0,,,a,
ASN00082076,19950625,PRCP,0,,,a,
ASN00082076,19950626,PRCP,0,,,a,
ASN00082076,19950627,PRCP,112,,,a,
ASN00082076,19950628,PRCP,0,,,a,
ASN00082076,19950629,PRCP,144,,,a,
ASN00082076,19950630,PRCP,14,,,a,
ASN00082076,19950701,TMAX,100,,,a,
ASN00082076,19950702,TMAX,92,,,a,
ASN00082076,19950703,TMAX,115,,,a,
ASN00082076,19950704,TMAX,101,,,a,
ASN00082076,19950705,TMAX,75,,,a,
ASN00082076,19950706,TMAX,109,,,a,
ASN00082076,19950707,TMAX,117,,,a,
ASN00082076,19950708,TMAX,112,,,a,
ASN00082076,19950709,TMAX,53,,,a,
ASN00082076,19950710,TMAX,48,,,a,
ASN00082076,19950711,TMAX,76,,,a,
ASN00082076,19950712,TMAX,109,,,a,
ASN00082076,19950713,TMAX,87,,,a,
ASN00082076,19950714,TMAX,112,,,a,
ASN00082076,19950715,TMAX,98,,,a,
ASN00082076,19950716,TMAX,100,,,a,
ASN00082076,19950717,TMAX,102,,,a,
ASN00082076,19950718,TMAX,77,,,a,
ASN00082076,19950719,TMAX,85,,,a,
ASN00082076,19950720,TMAX,89,,,a,
ASN00082076,19950721,TMAX,81,,,a,
ASN00082076,19950722,TMAX,92,,,a,
ASN00082076,19950723,TMAX,127,,,a,
ASN00082076,19950724,TMAX,123,,,a,
ASN00082076,19950725,TMAX,99,,,a,
ASN00082076,19950726,TMAX,110,,,a,
ASN00082076,19950727,TMAX,108,,,a,
ASN00082076,19950728,TMAX,100,,,a,
ASN00082076,19950729,TMAX,88,,,a,
ASN00082076,19950730,TMAX,98,,,a,
ASN00082076,19950731,TMAX,62,,,a,
ASN00082076,19950701,TMIN,47,,,a,
ASN00082076,19950702,TMIN,40,,,a,
ASN00082076,19950703,TMIN,58,,,a,
ASN00082076,19950704,TMIN,8,,,a,
ASN00082076,19950705,TMIN,12,,,a,
ASN00082076,19950706,TMIN,-17,,,a,
ASN00082076,19950707,TMIN,-5,,,a,
ASN00082076,19950708,TMIN,-24,,,a,
ASN00082076,19950709,TMIN,-2,,,a,
ASN00082076,19950710,TMIN,8,,,a,
ASN00082076,19950711,TMIN,7,,,a,
ASN00082076,19950712,TMIN,22,,,a,
ASN00082076,19950713,TMIN,43,,,a,
ASN00082076,19950714,TMIN,57,,,a,
ASN00082076,19950715,TMIN,51,,,a,
ASN00082076,19950716,TMIN,47,,,a,
ASN00082076,19950717,TMIN,65,,,a,
ASN00082076,19950718,TMIN,62,,,a,
ASN00082076,19950719,TMIN,50,,,a,
ASN00082076,19950720,TMIN,5,,,a,
ASN00082076,19950721,TMIN,32,,,a,
ASN00082076,19950722,TMIN,44,,,a,
ASN00082076,19950723,TMIN,62,,,a,
ASN00082076,19950724,TMIN,57,,,a,
ASN00082076,19950725,TMIN,13,,,a,
ASN00082076,19950726,TMIN,11,,,a,
ASN00082076,19950727,TMIN,18,,,a,
ASN00082076,19950728,TMIN,44,,,a,
ASN00082076,19950729,TMIN,27,,,a,
ASN00082076,19950730,TMIN,36,,,a,
ASN00082076,19950731,TMIN,-4,,,a,
ASN00082076,19950701,PRCP,218,,,a,
ASN00082076,19950702,PRCP,14,,,a,
ASN00082076,19950703,PRCP,66,,,a,
ASN00082076,19950704,PRCP,34,,,a,
ASN00082076,19950705,PRCP,0,,,a,
ASN00082076,19950706,PRCP,0,,,a,
ASN00082076,19950707,PRCP,2,,,a,
ASN00082076,19950708,PRCP,0,,,a,
ASN00082076,19950709,PRCP,0,,,a,
ASN00082076,19950710,PRCP,0,,,a,
ASN00082076,19950711,PRCP,80,,,a,
ASN00082076,19950712,PRCP,122,,,a,
ASN00082076,19950713,PRCP,60,,,a,
ASN00082076,19950714,PRCP,214,,,a,
ASN00082076,19950715,PRCP,82,,,a,
ASN00082076,19950716,PRCP,58,,,a,
ASN00082076,19950717,PRCP,172,,,a,
ASN00082076,19950718,PRCP,220,,,a,
ASN00082076,19950719,PRCP,92,,,a,
ASN00082076,19950720,PRCP,8,,,a,
ASN00082076,19950721,PRCP,0,,,a,
ASN00082076,19950722,PRCP,54,,,a,
ASN00082076,19950723,PRCP,176,,,a,
ASN00082076,19950724,PRCP,12,,,a,
ASN00082076,19950725,PRCP,0,,,a,
ASN00082076,19950726,PRCP,0,,,a,
ASN00082076,19950727,PRCP,10,,,a,
ASN00082076,19950728,PRCP,30,,,a,
ASN00082076,19950729,PRCP,70,,,a,
ASN00082076,19950730,PRCP,18,,,a,
ASN00082076,19950731,PRCP,56,,,a,
ASN00082076,19950801,TMAX,92,,,a,
ASN00082076,19950802,TMAX,102,,,a,
ASN00082076,19950803,TMAX,79,,,a,
ASN00082076,19950804,TMAX,111,,,a,
ASN00082076,19950805,TMAX,108,,,a,
ASN00082076,19950806,TMAX,92,,,a,
ASN00082076,19950807,TMAX,115,,,a,
ASN00082076,19950808,TMAX,111,,,a,
ASN00082076,19950809,TMAX,132,,,a,
ASN00082076,19950810,TMAX,142,,,a,
ASN00082076,19950811,TMAX,145,,,a,
ASN00082076,19950812,TMAX,154,,,a,
ASN00082076,19950813,TMAX,165,,,a,
ASN00082076,19950814,TMAX,165,,,a,
ASN00082076,19950815,TMAX,175,,,a,
ASN00082076,19950816,TMAX,174,,,a,
ASN00082076,19950817,TMAX,202,,,a,
ASN00082076,19950818,TMAX,208,,,a,
ASN00082076,19950819,TMAX,202,,,a,
ASN00082076,19950820,TMAX,272,,,a,
ASN00082076,19950821,TMAX,188,,,a,
ASN00082076,19950822,TMAX,190,,,a,
ASN00082076,19950823,TMAX,190,,,a,
ASN00082076,19950824,TMAX,204,,,a,
ASN00082076,19950825,TMAX,230,,,a,
ASN00082076,19950826,TMAX,210,,,a,
ASN00082076,19950827,TMAX,176,,,a,
ASN00082076,19950828,TMAX,169,,,a,
ASN00082076,19950829,TMAX,177,,,a,
ASN00082076,19950830,TMAX,200,,,a,
ASN00082076,19950831,TMAX,118,,,a,
ASN00082076,19950801,TMIN,26,,,a,
ASN00082076,19950802,TMIN,38,,,a,
ASN00082076,19950803,TMIN,17,,,a,
ASN00082076,19950804,TMIN,28,,,a,
ASN00082076,19950805,TMIN,23,,,a,
ASN00082076,19950806,TMIN,9,,,a,
ASN00082076,19950807,TMIN,9,,,a,
ASN00082076,19950808,TMIN,-8,,,a,
ASN00082076,19950809,TMIN,-3,,,a,
ASN00082076,19950810,TMIN,-20,,,a,
ASN00082076,19950811,TMIN,-5,,,a,
ASN00082076,19950812,TMIN,-22,,,a,
ASN00082076,19950813,TMIN,-24,,,a,
ASN00082076,19950814,TMIN,-36,,,a,
ASN00082076,19950815,TMIN,-10,,,a,
ASN00082076,19950816,TMIN,20,,,a,
ASN00082076,19950817,TMIN,45,,,a,
ASN00082076,19950818,TMIN,42,,,a,
ASN00082076,19950819,TMIN,26,,,a,
ASN00082076,19950820,TMIN,32,,,a,
ASN00082076,19950821,TMIN,64,,,a,
ASN00082076,19950822,TMIN,100,,,a,
ASN00082076,19950823,TMIN,50,,,a,
ASN00082076,19950824,TMIN,35,,,a,
ASN00082076,19950825,TMIN,36,,,a,
ASN00082076,19950826,TMIN,70,,,a,
ASN00082076,19950827,TMIN,35,,,a,
ASN00082076,19950828,TMIN,16,,,a,
ASN00082076,19950829,TMIN,14,,,a,
ASN00082076,19950830,TMIN,6,,,a,
ASN00082076,19950831,TMIN,67,,,a,
ASN00082076,19950801,PRCP,24,,,a,
ASN00082076,19950802,PRCP,60,,,a,
ASN00082076,19950803,PRCP,46,,,a,
ASN00082076,19950804,PRCP,4,,,a,
ASN00082076,19950805,PRCP,0,,,a,
ASN00082076,19950806,PRCP,0,,,a,
ASN00082076,19950807,PRCP,16,,,a,
ASN00082076,19950808,PRCP,4,,,a,
ASN00082076,19950809,PRCP,0,,,a,
ASN00082076,19950810,PRCP,0,,,a,
ASN00082076,19950811,PRCP,0,,,a,
ASN00082076,19950812,PRCP,0,,,a,
ASN00082076,19950813,PRCP,0,,,a,
ASN00082076,19950814,PRCP,0,,,a,
ASN00082076,19950815,PRCP,0,,,a,
ASN00082076,19950816,PRCP,0,,,a,
ASN00082076,19950817,PRCP,0,,,a,
ASN00082076,19950818,PRCP,0,,,a,
ASN00082076,19950819,PRCP,0,,,a,
ASN00082076,19950820,PRCP,0,,,a,
ASN00082076,19950821,PRCP,64,,,a,
ASN00082076,19950822,PRCP,4,,,a,
ASN00082076,19950823,PRCP,0,,,a,
ASN00082076,19950824,PRCP,0,,,a,
ASN00082076,19950825,PRCP,0,,,a,
ASN00082076,19950826,PRCP,4,,,a,
ASN00082076,19950827,PRCP,0,,,a,
ASN00082076,19950828,PRCP,0,,,a,
ASN00082076,19950829,PRCP,0,,,a,
ASN00082076,19950830,PRCP,0,,,a,
ASN00082076,19950831,PRCP,148,,,a,
ASN00082076,19950901,TMAX,130,,,a,
ASN00082076,19950902,TMAX,168,,,a,
ASN00082076,19950903,TMAX,159,,,a,
ASN00082076,19950904,TMAX,87,,,a,
ASN00082076,19950905,TMAX,93,,,a,
ASN00082076,19950906,TMAX,115,,,a,
ASN00082076,19950907,TMAX,134,,,a,
ASN00082076,19950908,TMAX,104,,,a,
ASN00082076,19950909,TMAX,173,,,a,
ASN00082076,19950910,TMAX,153,,,a,
ASN00082076,19950911,TMAX,170,,,a,
ASN00082076,19950912,TMAX,175,,,a,
ASN00082076,19950913,TMAX,181,,,a,
ASN00082076,19950914,TMAX,174,,,a,
ASN00082076,19950915,TMAX,208,,,a,
ASN00082076,19950916,TMAX,218,,,a,
ASN00082076,19950917,TMAX,220,,,a,
ASN00082076,19950918,TMAX,214,,,a,
ASN00082076,19950919,TMAX,212,,,a,
ASN00082076,19950920,TMAX,174,,,a,
ASN00082076,19950921,TMAX,131,,,a,
ASN00082076,19950922,TMAX,171,,,a,
ASN00082076,19950923,TMAX,181,,,a,
ASN00082076,19950924,TMAX,141,,,a,
ASN00082076,19950925,TMAX,148,,,a,
ASN00082076,19950926,TMAX,162,,,a,
ASN00082076,19950927,TMAX,199,,,a,
ASN00082076,19950928,TMAX,168,,,a,
ASN00082076,19950929,TMAX,165,,,a,
ASN00082076,19950930,TMAX,194,,,a,
ASN00082076,19950901,TMIN,53,,,a,
ASN00082076,19950902,TMIN,-4,,,a,
ASN00082076,19950903,TMIN,34,,,a,
ASN00082076,19950904,TMIN,38,,,a,
ASN00082076,19950905,TMIN,-12,,,a,
ASN00082076,19950906,TMIN,-37,,,a,
ASN00082076,19950907,TMIN,0,,,a,
ASN00082076,19950908,TMIN,-22,,,a,
ASN00082076,19950909,TMIN,27,,,a,
ASN00082076,19950910,TMIN,11,,,a,
ASN00082076,19950911,TMIN,15,,,a,
ASN00082076,19950912,TMIN,15,,,a,
ASN00082076,19950913,TMIN,33,,,a,
ASN00082076,19950914,TMIN,39,,,a,
ASN00082076,19950915,TMIN,66,,,a,
ASN00082076,19950916,TMIN,73,,,a,
ASN00082076,19950917,TMIN,53,,,a,
ASN00082076,19950918,TMIN,54,,,a,
ASN00082076,19950919,TMIN,100,,,a,
ASN00082076,19950920,TMIN,121,,,a,
ASN00082076,19950921,TMIN,86,,,a,
ASN00082076,19950922,TMIN,93,,,a,
ASN00082076,19950923,TMIN,56,,,a,
ASN00082076,19950924,TMIN,84,,,a,
ASN00082076,19950925,TMIN,80,,,a,
ASN00082076,19950926,TMIN,70,,,a,
ASN00082076,19950927,TMIN,20,,,a,
ASN00082076,19950928,TMIN,52,,,a,
ASN00082076,19950929,TMIN,63,,,a,
ASN00082076,19950930,TMIN,55,,,a,
ASN00082076,19950901,PRCP,394,,,a,
ASN00082076,19950902,PRCP,0,,,a,
ASN00082076,19950903,PRCP,0,,,a,
ASN00082076,19950904,PRCP,2,,,a,
ASN00082076,19950905,PRCP,50,,,a,
ASN00082076,19950906,PRCP,22,,,a,
ASN00082076,19950907,PRCP,16,,,a,
ASN00082076,19950908,PRCP,0,,,a,
ASN00082076,19950909,PRCP,14,,,a,
ASN00082076,19950910,PRCP,0,,,a,
ASN00082076,19950911,PRCP,0,,,a,
ASN00082076,19950912,PRCP,0,,,a,
ASN00082076,19950913,PRCP,0,,,a,
ASN00082076,19950914,PRCP,0,,,a,
ASN00082076,19950915,PRCP,44,,,a,
ASN00082076,19950916,PRCP,0,,,a,
ASN00082076,19950917,PRCP,0,,,a,
ASN00082076,19950918,PRCP,0,,,a,
ASN00082076,19950919,PRCP,238,,,a,
ASN00082076,19950920,PRCP,22,,,a,
ASN00082076,19950921,PRCP,0,,,a,
ASN00082076,19950922,PRCP,6,,,a,
ASN00082076,19950923,PRCP,0,,,a,
ASN00082076,19950924,PRCP,230,,,a,
ASN00082076,19950925,PRCP,52,,,a,
ASN00082076,19950926,PRCP,0,,,a,
ASN00082076,19950927,PRCP,0,,,a,
ASN00082076,19950928,PRCP,0,,,a,
ASN00082076,19950929,PRCP,0,,,a,
ASN00082076,19950930,PRCP,0,,,a,
ASN00082076,19951001,TMAX,253,,,a,
ASN00082076,19951002,TMAX,173,,,a,
ASN00082076,19951003,TMAX,150,,,a,
ASN00082076,19951004,TMAX,174,,,a,
ASN00082076,19951005,TMAX,182,,,a,
ASN00082076,19951006,TMAX,172,,,a,
ASN00082076,19951007,TMAX,167,,,a,
ASN00082076,19951008,TMAX,167,,,a,
ASN00082076,19951009,TMAX,192,,,a,
ASN00082076,19951010,TMAX,214,,,a,
ASN00082076,19951011,TMAX,190,,,a,
ASN00082076,19951012,TMAX,232,,,a,
ASN00082076,19951013,TMAX,155,,,a,
ASN00082076,19951014,TMAX,170,,,a,
ASN00082076,19951015,TMAX,198,,,a,
ASN00082076,19951016,TMAX,214,,,a,
ASN00082076,19951017,TMAX,243,,,a,
ASN00082076,19951018,TMAX,238,,,a,
ASN00082076,19951019,TMAX,285,,,a,
ASN00082076,19951020,TMAX,118,,,a,
ASN00082076,19951021,TMAX,104,,,a,
ASN00082076,19951022,TMAX,134,,,a,
ASN00082076,19951023,TMAX,172,,,a,
ASN00082076,19951024,TMAX,218,,,a,
ASN00082076,19951025,TMAX,225,,,a,
ASN00082076,19951026,TMAX,224,,,a,
ASN00082076,19951027,TMAX,228,,,a,
ASN00082076,19951028,TMAX,224,,,a,
ASN00082076,19951029,TMAX,224,,,a,
ASN00082076,19951030,TMAX,186,,,a,
ASN00082076,19951031,TMAX,220,,,a,
ASN00082076,19951001,TMIN,90,,,a,
ASN00082076,19951002,TMIN,98,,,a,
ASN00082076,19951003,TMIN,93,,,a,
ASN00082076,19951004,TMIN,65,,,a,
ASN00082076,19951005,TMIN,10,,,a,
ASN00082076,19951006,TMIN,85,,,a,
ASN00082076,19951007,TMIN,32,,,a,
ASN00082076,19951008,TMIN,69,,,a,
ASN00082076,19951009,TMIN,27,,,a,
ASN00082076,19951010,TMIN,32,,,a,
ASN00082076,19951011,TMIN,78,,,a,
ASN00082076,19951012,TMIN,122,,,a,
ASN00082076,19951013,TMIN,84,,,a,
ASN00082076,19951014,TMIN,34,,,a,
ASN00082076,19951015,TMIN,30,,,a,
ASN00082076,19951016,TMIN,37,,,a,
ASN00082076,19951017,TMIN,45,,,a,
ASN00082076,19951018,TMIN,73,,,a,
ASN00082076,19951019,TMIN,125,,,a,
ASN00082076,19951020,TMIN,114,,,a,
ASN00082076,19951021,TMIN,55,,,a,
ASN00082076,19951022,TMIN,65,,,a,
ASN00082076,19951023,TMIN,83,,,a,
ASN00082076,19951024,TMIN,80,,,a,
ASN00082076,19951025,TMIN,57,,,a,
ASN00082076,19951026,TMIN,82,,,a,
ASN00082076,19951027,TMIN,70,,,a,
ASN00082076,19951028,TMIN,115,,,a,
ASN00082076,19951029,TMIN,84,,,a,
ASN00082076,19951030,TMIN,108,,,a,
ASN00082076,19951031,TMIN,74,,,a,
ASN00082076,19951001,PRCP,2,,,a,
ASN00082076,19951002,PRCP,0,,,a,
ASN00082076,19951003,PRCP,54,,,a,
ASN00082076,19951004,PRCP,16,,,a,
ASN00082076,19951005,PRCP,0,,,a,
ASN00082076,19951006,PRCP,32,,,a,
ASN00082076,19951007,PRCP,0,,,a,
ASN00082076,19951008,PRCP,16,,,a,
ASN00082076,19951009,PRCP,0,,,a,
ASN00082076,19951010,PRCP,0,,,a,
ASN00082076,19951011,PRCP,0,,,a,
ASN00082076,19951012,PRCP,118,,,a,
ASN00082076,19951013,PRCP,22,,,a,
ASN00082076,19951014,PRCP,6,,,a,
ASN00082076,19951015,PRCP,0,,,a,
ASN00082076,19951016,PRCP,0,,,a,
ASN00082076,19951017,PRCP,0,,,a,
ASN00082076,19951018,PRCP,0,,,a,
ASN00082076,19951019,PRCP,0,,,a,
ASN00082076,19951020,PRCP,2,,,a,
ASN00082076,19951021,PRCP,142,,,a,
ASN00082076,19951022,PRCP,404,,,a,
ASN00082076,19951023,PRCP,282,,,a,
ASN00082076,19951024,PRCP,6,,,a,
ASN00082076,19951025,PRCP,0,,,a,
ASN00082076,19951026,PRCP,0,,,a,
ASN00082076,19951027,PRCP,0,,,a,
ASN00082076,19951028,PRCP,42,,,a,
ASN00082076,19951029,PRCP,0,,,a,
ASN00082076,19951030,PRCP,0,,,a,
ASN00082076,19951031,PRCP,0,,,a,
ASN00082076,19951101,TMAX,246,,,a,
ASN00082076,19951102,TMAX,235,,,a,
ASN00082076,19951103,TMAX,234,,,a,
ASN00082076,19951104,TMAX,221,,,a,
ASN00082076,19951105,TMAX,176,,,a,
ASN00082076,19951106,TMAX,145,,,a,
ASN00082076,19951107,TMAX,166,,,a,
ASN00082076,19951108,TMAX,198,,,a,
ASN00082076,19951109,TMAX,252,,,a,
ASN00082076,19951110,TMAX,175,,,a,
ASN00082076,19951111,TMAX,205,,,a,
ASN00082076,19951112,TMAX,227,,,a,
ASN00082076,19951113,TMAX,249,,,a,
ASN00082076,19951114,TMAX,150,,,a,
ASN00082076,19951115,TMAX,207,,,a,
ASN00082076,19951116,TMAX,260,,,a,
ASN00082076,19951117,TMAX,263,,,a,
ASN00082076,19951118,TMAX,212,,,a,
ASN00082076,19951119,TMAX,223,,,a,
ASN00082076,19951120,TMAX,212,,,a,
ASN00082076,19951121,TMAX,208,,,a,
ASN00082076,19951122,TMAX,209,,,a,
ASN00082076,19951123,TMAX,243,,,a,
ASN00082076,19951124,TMAX,208,,,a,
ASN00082076,19951125,TMAX,221,,,a,
ASN00082076,19951126,TMAX,252,,,a,
ASN00082076,19951127,TMAX,271,,,a,
ASN00082076,19951128,TMAX,248,,,a,
ASN00082076,19951129,TMAX,224,,,a,
ASN00082076,19951130,TMAX,260,,,a,
ASN00082076,19951101,TMIN,57,,,a,
ASN00082076,19951102,TMIN,119,,,a,
ASN00082076,19951103,TMIN,135,,,a,
ASN00082076,19951104,TMIN,125,,,a,
ASN00082076,19951105,TMIN,103,,,a,
ASN00082076,19951106,TMIN,77,,,a,
ASN00082076,19951107,TMIN,80,,,a,
ASN00082076,19951108,TMIN,75,,,a,
ASN00082076,19951109,TMIN,77,,,a,
ASN00082076,19951110,TMIN,140,,,a,
ASN00082076,19951111,TMIN,60,,,a,
ASN00082076,19951112,TMIN,103,,,a,
ASN00082076,19951113,TMIN,70,,,a,
ASN00082076,19951114,TMIN,105,,,a,
ASN00082076,19951115,TMIN,100,,,a,
ASN00082076,19951116,TMIN,85,,,a,
ASN00082076,19951117,TMIN,119,,,a,
ASN00082076,19951118,TMIN,128,,,a,
ASN00082076,19951119,TMIN,118,,,a,
ASN00082076,19951120,TMIN,123,,,a,
ASN00082076,19951121,TMIN,75,,,a,
ASN00082076,19951122,TMIN,130,,,a,
ASN00082076,19951123,TMIN,117,,,a,
ASN00082076,19951124,TMIN,64,,,a,
ASN00082076,19951125,TMIN,45,,,a,
ASN00082076,19951126,TMIN,77,,,a,
ASN00082076,19951127,TMIN,107,,,a,
ASN00082076,19951128,TMIN,95,,,a,
ASN00082076,19951129,TMIN,152,,,a,
ASN00082076,19951130,TMIN,105,,,a,
ASN00082076,19951101,PRCP,0,,,a,
ASN00082076,19951102,PRCP,2,,,a,
ASN00082076,19951103,PRCP,22,,,a,
ASN00082076,19951104,PRCP,6,,,a,
ASN00082076,19951105,PRCP,108,,,a,
ASN00082076,19951106,PRCP,98,,,a,
ASN00082076,19951107,PRCP,110,,,a,
ASN00082076,19951108,PRCP,42,,,a,
ASN00082076,19951109,PRCP,0,,,a,
ASN00082076,19951110,PRCP,98,,,a,
ASN00082076,19951111,PRCP,2,,,a,
ASN00082076,19951112,PRCP,0,,,a,
ASN00082076,19951113,PRCP,0,,,a,
ASN00082076,19951114,PRCP,32,,,a,
ASN00082076,19951115,PRCP,264,,,a,
ASN00082076,19951116,PRCP,0,,,a,
ASN00082076,19951117,PRCP,0,,,a,
ASN00082076,19951118,PRCP,0,,,a,
ASN00082076,19951119,PRCP,32,,,a,
ASN00082076,19951120,PRCP,0,,,a,
ASN00082076,19951121,PRCP,0,,,a,
ASN00082076,19951122,PRCP,42,,,a,
ASN00082076,19951123,PRCP,42,,,a,
ASN00082076,19951124,PRCP,0,,,a,
ASN00082076,19951125,PRCP,0,,,a,
ASN00082076,19951126,PRCP,0,,,a,
ASN00082076,19951127,PRCP,4,,,a,
ASN00082076,19951128,PRCP,0,,,a,
ASN00082076,19951129,PRCP,144,,,a,
ASN00082076,19951130,PRCP,12,,,a,
ASN00082076,19951201,TMAX,240,,,a,
ASN00082076,19951202,TMAX,250,,,a,
ASN00082076,19951203,TMAX,275,,,a,
ASN00082076,19951204,TMAX,212,,,a,
ASN00082076,19951205,TMAX,158,,,a,
ASN00082076,19951206,TMAX,157,,,a,
ASN00082076,19951207,TMAX,228,,,a,
ASN00082076,19951208,TMAX,267,,,a,
ASN00082076,19951209,TMAX,293,,,a,
ASN00082076,19951210,TMAX,224,,,a,
ASN00082076,19951211,TMAX,159,,,a,
ASN00082076,19951212,TMAX,180,,,a,
ASN00082076,19951213,TMAX,214,,,a,
ASN00082076,19951214,TMAX,266,,,a,
ASN00082076,19951215,TMAX,290,,,a,
ASN00082076,19951216,TMAX,282,,,a,
ASN00082076,19951217,TMAX,290,,,a,
ASN00082076,19951218,TMAX,207,,,a,
ASN00082076,19951219,TMAX,132,,,a,
ASN00082076,19951220,TMAX,212,,,a,
ASN00082076,19951221,TMAX,200,,,a,
ASN00082076,19951222,TMAX,225,,,a,
ASN00082076,19951223,TMAX,192,,,a,
ASN00082076,19951224,TMAX,220,,,a,
ASN00082076,19951225,TMAX,252,,,a,
ASN00082076,19951226,TMAX,272,,,a,
ASN00082076,19951227,TMAX,291,,,a,
ASN00082076,19951228,TMAX,293,,,a,
ASN00082076,19951229,TMAX,301,,,a,
ASN00082076,19951230,TMAX,327,,,a,
ASN00082076,19951231,TMAX,325,,,a,
ASN00082076,19951201,TMIN,110,,,a,
ASN00082076,19951202,TMIN,130,,,a,
ASN00082076,19951203,TMIN,80,,,a,
ASN00082076,19951204,TMIN,132,,,a,
ASN00082076,19951205,TMIN,96,,,a,
ASN00082076,19951206,TMIN,99,,,a,
ASN00082076,19951207,TMIN,52,,,a,
ASN00082076,19951208,TMIN,52,,,a,
ASN00082076,19951209,TMIN,87,,,a,
ASN00082076,19951210,TMIN,146,,,a,
ASN00082076,19951211,TMIN,54,,,a,
ASN00082076,19951212,TMIN,26,,,a,
ASN00082076,19951213,TMIN,42,,,a,
ASN00082076,19951214,TMIN,89,,,a,
ASN00082076,19951215,TMIN,127,,,a,
ASN00082076,19951216,TMIN,120,,,a,
ASN00082076,19951217,TMIN,110,,,a,
ASN00082076,19951218,TMIN,163,,,a,
ASN00082076,19951219,TMIN,106,,,a,
ASN00082076,19951220,TMIN,98,,,a,
ASN00082076,19951221,TMIN,79,,,a,
ASN00082076,19951222,TMIN,95,,,a,
ASN00082076,19951223,TMIN,110,,,a,
ASN00082076,19951224,TMIN,93,,,a,
ASN00082076,19951225,TMIN,114,,,a,
ASN00082076,19951226,TMIN,85,,,a,
ASN00082076,19951227,TMIN,95,,,a,
ASN00082076,19951228,TMIN,105,,,a,
ASN00082076,19951229,TMIN,100,,,a,
ASN00082076,19951230,TMIN,128,,,a,
ASN00082076,19951231,TMIN,149,,,a,
ASN00082076,19951201,PRCP,8,,,a,
ASN00082076,19951202,PRCP,0,,,a,
ASN00082076,19951203,PRCP,0,,,a,
ASN00082076,19951204,PRCP,0,,,a,
ASN00082076,19951205,PRCP,110,,,a,
ASN00082076,19951206,PRCP,186,,,a,
ASN00082076,19951207,PRCP,26,,,a,
ASN00082076,19951208,PRCP,0,,,a,
ASN00082076,19951209,PRCP,0,,,a,
ASN00082076,19951210,PRCP,18,,,a,
ASN00082076,19951211,PRCP,0,,,a,
ASN00082076,19951212,PRCP,0,,,a,
ASN00082076,19951213,PRCP,0,,,a,
ASN00082076,19951214,PRCP,0,,,a,
ASN00082076,19951215,PRCP,0,,,a,
ASN00082076,19951216,PRCP,4,,,a,
ASN00082076,19951217,PRCP,8,,,a,
ASN00082076,19951218,PRCP,60,,,a,
ASN00082076,19951219,PRCP,8,,,a,
ASN00082076,19951220,PRCP,8,,,a,
ASN00082076,19951221,PRCP,0,,,a,
ASN00082076,19951222,PRCP,0,,,a,
ASN00082076,19951223,PRCP,0,,,a,
ASN00082076,19951224,PRCP,0,,,a,
ASN00082076,19951225,PRCP,0,,,a,
ASN00082076,19951226,PRCP,0,,,a,
ASN00082076,19951227,PRCP,0,,,a,
ASN00082076,19951228,PRCP,0,,,a,
ASN00082076,19951229,PRCP,0,,,a,
ASN00082076,19951230,PRCP,0,,,a,
ASN00082076,19951231,PRCP,0,,,a,
ASN00082076,19960101,TMAX,246,,,a,
ASN00082076,19960102,TMAX,273,,,a,
ASN00082076,19960103,TMAX,226,,,a,
ASN00082076,19960104,TMAX,245,,,a,
ASN00082076,19960105,TMAX,274,,,a,
ASN00082076,19960106,TMAX,272,,,a,
ASN00082076,19960107,TMAX,281,,,a,
ASN00082076,19960108,TMAX,276,,,a,
ASN00082076,19960109,TMAX,260,,,a,
ASN00082076,19960110,TMAX,188,,,a,
ASN00082076,19960111,TMAX,275,,,a,
ASN00082076,19960112,TMAX,294,,,a,
ASN00082076,19960113,TMAX,315,,,a,
ASN00082076,19960114,TMAX,342,,,a,
ASN00082076,19960115,TMAX,367,,,a,
ASN00082076,19960116,TMAX,322,,,a,
ASN00082076,19960117,TMAX,313,,,a,
ASN00082076,19960118,TMAX,306,,,a,
ASN00082076,19960119,TMAX,207,,,a,
ASN00082076,19960120,TMAX,266,,,a,
ASN00082076,19960121,TMAX,222,,,a,
ASN00082076,19960122,TMAX,253,,,a,
ASN00082076,19960123,TMAX,283,,,a,
ASN00082076,19960124,TMAX,253,,,a,
ASN00082076,19960125,TMAX,173,,,a,
ASN00082076,19960126,TMAX,142,,,a,
ASN00082076,19960127,TMAX,253,,,a,
ASN00082076,19960128,TMAX,274,,,a,
ASN00082076,19960129,TMAX,302,,,a,
ASN00082076,19960130,TMAX,286,,,a,
ASN00082076,19960131,TMAX,239,,,a,
ASN00082076,19960101,TMIN,176,,,a,
ASN00082076,19960102,TMIN,173,,,a,
ASN00082076,19960103,TMIN,165,,,a,
ASN00082076,19960104,TMIN,139,,,a,
ASN00082076,19960105,TMIN,143,,,a,
ASN00082076,19960106,TMIN,135,,,a,
ASN00082076,19960107,TMIN,128,,,a,
ASN00082076,19960108,TMIN,177,,,a,
ASN00082076,19960109,TMIN,172,,,a,
ASN00082076,19960110,TMIN,164,,,a,
ASN00082076,19960111,TMIN,165,,,a,
ASN00082076,19960112,TMIN,180,,,a,
ASN00082076,19960113,TMIN,125,,,a,
ASN00082076,19960114,TMIN,140,,,a,
ASN00082076,19960115,TMIN,144,,,a,
ASN00082076,19960116,TMIN,180,,,a,
ASN00082076,19960117,TMIN,153,,,a,
ASN00082076,19960118,TMIN,155,,,a,
ASN00082076,19960119,TMIN,172,,,a,
ASN00082076,19960120,TMIN,164,,,a,
ASN00082076,19960121,TMIN,57,,,a,
ASN00082076,19960122,TMIN,60,,,a,
ASN00082076,19960123,TMIN,103,,,a,
ASN00082076,19960124,TMIN,131,,,a,
ASN00082076,19960125,TMIN,100,,,a,
ASN00082076,19960126,TMIN,65,,,a,
ASN00082076,19960127,TMIN,62,,,a,
ASN00082076,19960128,TMIN,86,,,a,
ASN00082076,19960129,TMIN,117,,,a,
ASN00082076,19960130,TMIN,137,,,a,
ASN00082076,19960131,TMIN,107,,,a,
ASN00082076,19960101,PRCP,356,,,a,
ASN00082076,19960102,PRCP,224,,,a,
ASN00082076,19960103,PRCP,0,,,a,
ASN00082076,19960104,PRCP,64,,,a,
ASN00082076,19960105,PRCP,0,,,a,
ASN00082076,19960106,PRCP,60,,,a,
ASN00082076,19960107,PRCP,8,,,a,
ASN00082076,19960108,PRCP,0,,,a,
ASN00082076,19960109,PRCP,20,,,a,
ASN00082076,19960110,PRCP,0,,,a,
ASN00082076,19960111,PRCP,0,,,a,
ASN00082076,19960112,PRCP,64,,,a,
ASN00082076,19960113,PRCP,0,,,a,
ASN00082076,19960114,PRCP,0,,,a,
ASN00082076,19960115,PRCP,0,,,a,
ASN00082076,19960116,PRCP,0,,,a,
ASN00082076,19960117,PRCP,0,,,a,
ASN00082076,19960118,PRCP,0,,,a,
ASN00082076,19960119,PRCP,252,,,a,
ASN00082076,19960120,PRCP,140,,,a,
ASN00082076,19960121,PRCP,118,,,a,
ASN00082076,19960122,PRCP,0,,,a,
ASN00082076,19960123,PRCP,0,,,a,
ASN00082076,19960124,PRCP,0,,,a,
ASN00082076,19960125,PRCP,150,,,a,
ASN00082076,19960126,PRCP,0,,,a,
ASN00082076,19960127,PRCP,0,,,a,
ASN00082076,19960128,PRCP,0,,,a,
ASN00082076,19960129,PRCP,0,,,a,
ASN00082076,19960130,PRCP,0,,,a,
ASN00082076,19960131,PRCP,0,,,a,
ASN00082076,19960201,TMAX,192,,,a,
ASN00082076,19960202,TMAX,216,,,a,
ASN00082076,19960203,TMAX,236,,,a,
ASN00082076,19960204,TMAX,276,,,a,
ASN00082076,19960205,TMAX,295,,,a,
ASN00082076,19960206,TMAX,295,,,a,
ASN00082076,19960207,TMAX,304,,,a,
ASN00082076,19960208,TMAX,233,,,a,
ASN00082076,19960209,TMAX,140,,,a,
ASN00082076,19960210,TMAX,198,,,a,
ASN00082076,19960211,TMAX,213,,,a,
ASN00082076,19960212,TMAX,190,,,a,
ASN00082076,19960213,TMAX,218,,,a,
ASN00082076,19960214,TMAX,271,,,a,
ASN00082076,19960215,TMAX,283,,,a,
ASN00082076,19960216,TMAX,288,,,a,
ASN00082076,19960217,TMAX,301,,,a,
ASN00082076,19960218,TMAX,302,,,a,
ASN00082076,19960219,TMAX,311,,,a,
ASN00082076,19960220,TMAX,273,,,a,
ASN00082076,19960221,TMAX,295,,,a,
ASN00082076,19960222,TMAX,289,,,a,
ASN00082076,19960223,TMAX,270,,,a,
ASN00082076,19960224,TMAX,286,,,a,
ASN00082076,19960225,TMAX,280,,,a,
ASN00082076,19960226,TMAX,290,,,a,
ASN00082076,19960227,TMAX,247,,,a,
ASN00082076,19960228,TMAX,213,,,a,
ASN00082076,19960229,TMAX,230,,,a,
ASN00082076,19960201,TMIN,140,,,a,
ASN00082076,19960202,TMIN,145,,,a,
ASN00082076,19960203,TMIN,50,,,a,
ASN00082076,19960204,TMIN,75,,,a,
ASN00082076,19960205,TMIN,119,,,a,
ASN00082076,19960206,TMIN,149,,,a,
ASN00082076,19960207,TMIN,134,,,a,
ASN00082076,19960208,TMIN,135,,,a,
ASN00082076,19960209,TMIN,88,,,a,
ASN00082076,19960210,TMIN,88,,,a,
ASN00082076,19960211,TMIN,93,,,a,
ASN00082076,19960212,TMIN,58,,,a,
ASN00082076,19960213,TMIN,98,,,a,
ASN00082076,19960214,TMIN,79,,,a,
ASN00082076,19960215,TMIN,76,,,a,
ASN00082076,19960216,TMIN,110,,,a,
ASN00082076,19960217,TMIN,94,,,a,
ASN00082076,19960218,TMIN,114,,,a,
ASN00082076,19960219,TMIN,119,,,a,
ASN00082076,19960220,TMIN,163,,,a,
ASN00082076,19960221,TMIN,134,,,a,
ASN00082076,19960222,TMIN,130,,,a,
ASN00082076,19960223,TMIN,98,,,a,
ASN00082076,19960224,TMIN,100,,,a,
ASN00082076,19960225,TMIN,120,,,a,
ASN00082076,19960226,TMIN,117,,,a,
ASN00082076,19960227,TMIN,154,,,a,
ASN00082076,19960228,TMIN,162,,,a,
ASN00082076,19960229,TMIN,124,,,a,
ASN00082076,19960201,PRCP,0,,,a,
ASN00082076,19960202,PRCP,0,,,a,
ASN00082076,19960203,PRCP,0,,,a,
ASN00082076,19960204,PRCP,0,,,a,
ASN00082076,19960205,PRCP,0,,,a,
ASN00082076,19960206,PRCP,0,,,a,
ASN00082076,19960207,PRCP,0,,,a,
ASN00082076,19960208,PRCP,8,,,a,
ASN00082076,19960209,PRCP,48,,,a,
ASN00082076,19960210,PRCP,74,,,a,
ASN00082076,19960211,PRCP,8,,,a,
ASN00082076,19960212,PRCP,0,,,a,
ASN00082076,19960213,PRCP,0,,,a,
ASN00082076,19960214,PRCP,0,,,a,
ASN00082076,19960215,PRCP,0,,,a,
ASN00082076,19960216,PRCP,0,,,a,
ASN00082076,19960217,PRCP,0,,,a,
ASN00082076,19960218,PRCP,0,,,a,
ASN00082076,19960219,PRCP,0,,,a,
ASN00082076,19960220,PRCP,0,,,a,
ASN00082076,19960221,PRCP,0,,,a,
ASN00082076,19960222,PRCP,0,,,a,
ASN00082076,19960223,PRCP,0,,,a,
ASN00082076,19960224,PRCP,0,,,a,
ASN00082076,19960225,PRCP,0,,,a,
ASN00082076,19960226,PRCP,24,,,a,
ASN00082076,19960227,PRCP,26,,,a,
ASN00082076,19960228,PRCP,234,,,a,
ASN00082076,19960229,PRCP,278,,,a,
ASN00082076,19960301,TMAX,237,,,a,
ASN00082076,19960302,TMAX,256,,,a,
ASN00082076,19960303,TMAX,261,,,a,
ASN00082076,19960304,TMAX,280,,,a,
ASN00082076,19960305,TMAX,268,,,a,
ASN00082076,19960306,TMAX,286,,,a,
ASN00082076,19960307,TMAX,200,,,a,
ASN00082076,19960308,TMAX,222,,,a,
ASN00082076,19960309,TMAX,241,,,a,
ASN00082076,19960310,TMAX,256,,,a,
ASN00082076,19960311,TMAX,261,,,a,
ASN00082076,19960312,TMAX,275,,,a,
ASN00082076,19960313,TMAX,290,,,a,
ASN00082076,19960314,TMAX,294,,,a,
ASN00082076,19960315,TMAX,286,,,a,
ASN00082076,19960316,TMAX,200,,,a,
ASN00082076,19960317,TMAX,190,,,a,
ASN00082076,19960318,TMAX,203,,,a,
ASN00082076,19960319,TMAX,207,,,a,
ASN00082076,19960320,TMAX,175,,,a,
ASN00082076,19960321,TMAX,186,,,a,
ASN00082076,19960322,TMAX,224,,,a,
ASN00082076,19960323,TMAX,227,,,a,
ASN00082076,19960324,TMAX,256,,,a,
ASN00082076,19960325,TMAX,258,,,a,
ASN00082076,19960326,TMAX,245,,,a,
ASN00082076,19960327,TMAX,266,,,a,
ASN00082076,19960328,TMAX,266,,,a,
ASN00082076,19960329,TMAX,248,,,a,
ASN00082076,19960330,TMAX,195,,,a,
ASN00082076,19960331,TMAX,201,,,a,
ASN00082076,19960301,TMIN,74,,,a,
ASN00082076,19960302,TMIN,105,,,a,
ASN00082076,19960303,TMIN,106,,,a,
ASN00082076,19960304,TMIN,145,,,a,
ASN00082076,19960305,TMIN,113,,,a,
ASN00082076,19960306,TMIN,127,,,a,
ASN00082076,19960307,TMIN,132,,,a,
ASN00082076,19960308,TMIN,122,,,a,
ASN00082076,19960309,TMIN,128,,,a,
ASN00082076,19960310,TMIN,135,,,a,
ASN00082076,19960311,TMIN,90,,,a,
ASN00082076,19960312,TMIN,92,,,a,
ASN00082076,19960313,TMIN,103,,,a,
ASN00082076,19960314,TMIN,117,,,a,
ASN00082076,19960315,TMIN,110,,,a,
ASN00082076,19960316,TMIN,135,,,a,
ASN00082076,19960317,TMIN,115,,,a,
ASN00082076,19960318,TMIN,25,,,a,
ASN00082076,19960319,TMIN,48,,,a,
ASN00082076,19960320,TMIN,83,,,a,
ASN00082076,19960321,TMIN,64,,,a,
ASN00082076,19960322,TMIN,82,,,a,
ASN00082076,19960323,TMIN,69,,,a,
ASN00082076,19960324,TMIN,81,,,a,
ASN00082076,19960325,TMIN,87,,,a,
ASN00082076,19960326,TMIN,106,,,a,
ASN00082076,19960327,TMIN,102,,,a,
ASN00082076,19960328,TMIN,104,,,a,
ASN00082076,19960329,TMIN,90,,,a,
ASN00082076,19960330,TMIN,108,,,a,
ASN00082076,19960331,TMIN,105,,,a,
ASN00082076,19960301,PRCP,0,,,a,
ASN00082076,19960302,PRCP,0,,,a,
ASN00082076,19960303,PRCP,0,,,a,
ASN00082076,19960304,PRCP,0,,,a,
ASN00082076,19960305,PRCP,0,,,a,
ASN00082076,19960306,PRCP,0,,,a,
ASN00082076,19960307,PRCP,104,,,a,
ASN00082076,19960308,PRCP,0,,,a,
ASN00082076,19960309,PRCP,0,,,a,
ASN00082076,19960310,PRCP,0,,,a,
ASN00082076,19960311,PRCP,0,,,a,
ASN00082076,19960312,PRCP,0,,,a,
ASN00082076,19960313,PRCP,0,,,a,
ASN00082076,19960314,PRCP,18,,,a,
ASN00082076,19960315,PRCP,0,,,a,
ASN00082076,19960316,PRCP,246,,,a,
ASN00082076,19960317,PRCP,216,,,a,
ASN00082076,19960318,PRCP,0,,,a,
ASN00082076,19960319,PRCP,0,,,a,
ASN00082076,19960320,PRCP,0,,,a,
ASN00082076,19960321,PRCP,0,,,a,
ASN00082076,19960322,PRCP,0,,,a,
ASN00082076,19960323,PRCP,0,,,a,
ASN00082076,19960324,PRCP,0,,,a,
ASN00082076,19960325,PRCP,0,,,a,
ASN00082076,19960326,PRCP,0,,,a,
ASN00082076,19960327,PRCP,0,,,a,
ASN00082076,19960328,PRCP,0,,,a,
ASN00082076,19960329,PRCP,0,,,a,
ASN00082076,19960330,PRCP,10,,,a,
ASN00082076,19960331,PRCP,100,,,a,
ASN00082076,19960401,TMAX,185,,,a,
ASN00082076,19960402,TMAX,161,,,a,
ASN00082076,19960403,TMAX,194,,,a,
ASN00082076,19960404,TMAX,198,,,a,
ASN00082076,19960405,TMAX,212,,,a,
ASN00082076,19960406,TMAX,225,,,a,
ASN00082076,19960407,TMAX,178,,,a,
ASN00082076,19960408,TMAX,172,,,a,
ASN00082076,19960409,TMAX,160,,,a,
ASN00082076,19960410,TMAX,156,,,a,
ASN00082076,19960411,TMAX,167,,,a,
ASN00082076,19960412,TMAX,186,,,a,
ASN00082076,19960413,TMAX,159,,,a,
ASN00082076,19960414,TMAX,134,,,a,
ASN00082076,19960415,TMAX,194,,,a,
ASN00082076,19960416,TMAX,152,,,a,
ASN00082076,19960417,TMAX,132,,,a,
ASN00082076,19960418,TMAX,147,,,a,
ASN00082076,19960419,TMAX,156,,,a,
ASN00082076,19960420,TMAX,186,,,a,
ASN00082076,19960421,TMAX,165,,,a,
ASN00082076,19960422,TMAX,204,,,a,
ASN00082076,19960423,TMAX,198,,,a,
ASN00082076,19960424,TMAX,209,,,a,
ASN00082076,19960425,TMAX,212,,,a,
ASN00082076,19960426,TMAX,177,,,a,
ASN00082076,19960427,TMAX,185,,,a,
ASN00082076,19960428,TMAX,176,,,a,
ASN00082076,19960429,TMAX,170,,,a,
ASN00082076,19960430,TMAX,177,,,a,
ASN00082076,19960401,TMIN,78,,,a,
ASN00082076,19960402,TMIN,15,,,a,
ASN00082076,19960403,TMIN,44,,,a,
ASN00082076,19960404,TMIN,44,,,a,
ASN00082076,19960405,TMIN,40,,,a,
ASN00082076,19960406,TMIN,34,,,a,
ASN00082076,19960407,TMIN,52,,,a,
ASN00082076,19960408,TMIN,75,,,a,
ASN00082076,19960409,TMIN,20,,,a,
ASN00082076,19960410,TMIN,70,,,a,
ASN00082076,19960411,TMIN,36,,,a,
ASN00082076,19960412,TMIN,88,,,a,
ASN00082076,19960413,TMIN,54,,,a,
ASN00082076,19960414,TMIN,73,,,a,
ASN00082076,19960415,TMIN,92,,,a,
ASN00082076,19960416,TMIN,68,,,a,
ASN00082076,19960417,TMIN,42,,,a,
ASN00082076,19960418,TMIN,33,,,a,
ASN00082076,19960419,TMIN,29,,,a,
ASN00082076,19960420,TMIN,30,,,a,
ASN00082076,19960421,TMIN,30,,,a,
ASN00082076,19960422,TMIN,23,,,a,
ASN00082076,19960423,TMIN,36,,,a,
ASN00082076,19960424,TMIN,47,,,a,
ASN00082076,19960425,TMIN,45,,,a,
ASN00082076,19960426,TMIN,86,,,a,
ASN00082076,19960427,TMIN,92,,,a,
ASN00082076,19960428,TMIN,78,,,a,
ASN00082076,19960429,TMIN,32,,,a,
ASN00082076,19960430,TMIN,70,,,a,
ASN00082076,19960401,PRCP,0,,,a,
ASN00082076,19960402,PRCP,0,,,a,
ASN00082076,19960403,PRCP,0,,,a,
ASN00082076,19960404,PRCP,0,,,a,
ASN00082076,19960405,PRCP,0,,,a,
ASN00082076,19960406,PRCP,0,,,a,
ASN00082076,19960407,PRCP,128,,,a,
ASN00082076,19960408,PRCP,118,,,a,
ASN00082076,19960409,PRCP,4,,,a,
ASN00082076,19960410,PRCP,72,,,a,
ASN00082076,19960411,PRCP,2,,,a,
ASN00082076,19960412,PRCP,0,,,a,
ASN00082076,19960413,PRCP,0,,,a,
ASN00082076,19960414,PRCP,50,,,a,
ASN00082076,19960415,PRCP,26,,,a,
ASN00082076,19960416,PRCP,0,,,a,
ASN00082076,19960417,PRCP,34,,,a,
ASN00082076,19960418,PRCP,76,,,a,
ASN00082076,19960419,PRCP,0,,,a,
ASN00082076,19960420,PRCP,0,,,a,
ASN00082076,19960421,PRCP,0,,,a,
ASN00082076,19960422,PRCP,0,,,a,
ASN00082076,19960423,PRCP,0,,,a,
ASN00082076,19960424,PRCP,0,,,a,
ASN00082076,19960425,PRCP,0,,,a,
ASN00082076,19960426,PRCP,0,,,a,
ASN00082076,19960427,PRCP,0,,,a,
ASN00082076,19960428,PRCP,0,,,a,
ASN00082076,19960429,PRCP,0,,,a,
ASN00082076,19960430,PRCP,0,,,a,
ASN00082076,19960501,TMAX,208,,,a,
ASN00082076,19960502,TMAX,227,,,a,
ASN00082076,19960503,TMAX,223,,,a,
ASN00082076,19960504,TMAX,179,,,a,
ASN00082076,19960505,TMAX,154,,,a,
ASN00082076,19960506,TMAX,182,,,a,
ASN00082076,19960507,TMAX,209,,,a,
ASN00082076,19960508,TMAX,171,,,a,
ASN00082076,19960509,TMAX,186,,,a,
ASN00082076,19960510,TMAX,195,,,a,
ASN00082076,19960511,TMAX,219,,,a,
ASN00082076,19960512,TMAX,148,,,a,
ASN00082076,19960513,TMAX,138,,,a,
ASN00082076,19960514,TMAX,151,,,a,
ASN00082076,19960515,TMAX,148,,,a,
ASN00082076,19960516,TMAX,166,,,a,
ASN00082076,19960517,TMAX,175,,,a,
ASN00082076,19960518,TMAX,166,,,a,
ASN00082076,19960519,TMAX,132,,,a,
ASN00082076,19960520,TMAX,153,,,a,
ASN00082076,19960521,TMAX,148,,,a,
ASN00082076,19960522,TMAX,114,,,a,
ASN00082076,19960523,TMAX,139,,,a,
ASN00082076,19960524,TMAX,133,,,a,
ASN00082076,19960525,TMAX,170,,,a,
ASN00082076,19960526,TMAX,160,,,a,
ASN00082076,19960527,TMAX,148,,,a,
ASN00082076,19960528,TMAX,135,,,a,
ASN00082076,19960529,TMAX,147,,,a,
ASN00082076,19960530,TMAX,136,,,a,
ASN00082076,19960531,TMAX,146,,,a,
ASN00082076,19960501,TMIN,57,,,a,
ASN00082076,19960502,TMIN,78,,,a,
ASN00082076,19960503,TMIN,79,,,a,
ASN00082076,19960504,TMIN,50,,,a,
ASN00082076,19960505,TMIN,100,,,a,
ASN00082076,19960506,TMIN,127,,,a,
ASN00082076,19960507,TMIN,88,,,a,
ASN00082076,19960508,TMIN,89,,,a,
ASN00082076,19960509,TMIN,42,,,a,
ASN00082076,19960510,TMIN,69,,,a,
ASN00082076,19960511,TMIN,96,,,a,
ASN00082076,19960512,TMIN,105,,,a,
ASN00082076,19960513,TMIN,75,,,a,
ASN00082076,19960514,TMIN,25,,,a,
ASN00082076,19960515,TMIN,2,,,a,
ASN00082076,19960516,TMIN,18,,,a,
ASN00082076,19960517,TMIN,17,,,a,
ASN00082076,19960518,TMIN,15,,,a,
ASN00082076,19960519,TMIN,35,,,a,
ASN00082076,19960520,TMIN,51,,,a,
ASN00082076,19960521,TMIN,31,,,a,
ASN00082076,19960522,TMIN,2,,,a,
ASN00082076,19960523,TMIN,37,,,a,
ASN00082076,19960524,TMIN,75,,,a,
ASN00082076,19960525,TMIN,55,,,a,
ASN00082076,19960526,TMIN,-8,,,a,
ASN00082076,19960527,TMIN,-2,,,a,
ASN00082076,19960528,TMIN,15,,,a,
ASN00082076,19960529,TMIN,35,,,a,
ASN00082076,19960530,TMIN,6,,,a,
ASN00082076,19960531,TMIN,22,,,a,
ASN00082076,19960501,PRCP,0,,,a,
ASN00082076,19960502,PRCP,0,,,a,
ASN00082076,19960503,PRCP,0,,,a,
ASN00082076,19960504,PRCP,0,,,a,
ASN00082076,19960505,PRCP,8,,,a,
ASN00082076,19960506,PRCP,182,,,a,
ASN00082076,19960507,PRCP,166,,,a,
ASN00082076,19960508,PRCP,0,,,a,
ASN00082076,19960509,PRCP,0,,,a,
ASN00082076,19960510,PRCP,0,,,a,
ASN00082076,19960511,PRCP,0,,,a,
ASN00082076,19960512,PRCP,48,,,a,
ASN00082076,19960513,PRCP,116,,,a,
ASN00082076,19960514,PRCP,0,,,a,
ASN00082076,19960515,PRCP,0,,,a,
ASN00082076,19960516,PRCP,0,,,a,
ASN00082076,19960517,PRCP,0,,,a,
ASN00082076,19960518,PRCP,0,,,a,
ASN00082076,19960519,PRCP,4,,,a,
ASN00082076,19960520,PRCP,0,,,a,
ASN00082076,19960521,PRCP,0,,,a,
ASN00082076,19960522,PRCP,0,,,a,
ASN00082076,19960523,PRCP,12,,,a,
ASN00082076,19960524,PRCP,0,,,a,
ASN00082076,19960525,PRCP,0,,,a,
ASN00082076,19960526,PRCP,0,,,a,
ASN00082076,19960527,PRCP,0,,,a,
ASN00082076,19960528,PRCP,0,,,a,
ASN00082076,19960529,PRCP,0,,,a,
ASN00082076,19960530,PRCP,0,,,a,
ASN00082076,19960531,PRCP,0,,,a,
ASN00082076,19960601,TMAX,141,,,a,
ASN00082076,19960602,TMAX,175,,,a,
ASN00082076,19960603,TMAX,155,,,a,
ASN00082076,19960604,TMAX,168,,,a,
ASN00082076,19960605,TMAX,130,,,a,
ASN00082076,19960606,TMAX,90,,,a,
ASN00082076,19960607,TMAX,116,,,a,
ASN00082076,19960608,TMAX,83,,,a,
ASN00082076,19960609,TMAX,123,,,a,
ASN00082076,19960610,TMAX,133,,,a,
ASN00082076,19960611,TMAX,125,,,a,
ASN00082076,19960612,TMAX,128,,,a,
ASN00082076,19960613,TMAX,118,,,a,
ASN00082076,19960614,TMAX,129,,,a,
ASN00082076,19960615,TMAX,122,,,a,
ASN00082076,19960616,TMAX,142,,,a,
ASN00082076,19960617,TMAX,158,,,a,
ASN00082076,19960618,TMAX,146,,,a,
ASN00082076,19960619,TMAX,132,,,a,
ASN00082076,19960620,TMAX,162,,,a,
ASN00082076,19960621,TMAX,148,,,a,
ASN00082076,19960622,TMAX,142,,,a,
ASN00082076,19960623,TMAX,114,,,a,
ASN00082076,19960624,TMAX,156,,,a,
ASN00082076,19960625,TMAX,114,,,a,
ASN00082076,19960626,TMAX,90,,,a,
ASN00082076,19960627,TMAX,120,,,a,
ASN00082076,19960628,TMAX,93,,,a,
ASN00082076,19960629,TMAX,101,,,a,
ASN00082076,19960630,TMAX,131,,,a,
ASN00082076,19960601,TMIN,5,,,a,
ASN00082076,19960602,TMIN,33,,,a,
ASN00082076,19960603,TMIN,38,,,a,
ASN00082076,19960604,TMIN,70,,,a,
ASN00082076,19960605,TMIN,-5,,,a,
ASN00082076,19960606,TMIN,-5,,,a,
ASN00082076,19960607,TMIN,51,,,a,
ASN00082076,19960608,TMIN,27,,,a,
ASN00082076,19960609,TMIN,-5,,,a,
ASN00082076,19960610,TMIN,-23,,,a,
ASN00082076,19960611,TMIN,-4,,,a,
ASN00082076,19960612,TMIN,5,,,a,
ASN00082076,19960613,TMIN,0,,,a,
ASN00082076,19960614,TMIN,0,,,a,
ASN00082076,19960615,TMIN,-11,,,a,
ASN00082076,19960616,TMIN,7,,,a,
ASN00082076,19960617,TMIN,50,,,a,
ASN00082076,19960618,TMIN,66,,,a,
ASN00082076,19960619,TMIN,68,,,a,
ASN00082076,19960620,TMIN,67,,,a,
ASN00082076,19960621,TMIN,28,,,a,
ASN00082076,19960622,TMIN,20,,,a,
ASN00082076,19960623,TMIN,37,,,a,
ASN00082076,19960624,TMIN,74,,,a,
ASN00082076,19960625,TMIN,64,,,a,
ASN00082076,19960626,TMIN,51,,,a,
ASN00082076,19960627,TMIN,47,,,a,
ASN00082076,19960628,TMIN,46,,,a,
ASN00082076,19960629,TMIN,50,,,a,
ASN00082076,19960630,TMIN,78,,,a,
ASN00082076,19960601,PRCP,0,,,a,
ASN00082076,19960602,PRCP,70,,,a,
ASN00082076,19960603,PRCP,0,,,a,
ASN00082076,19960604,PRCP,244,,,a,
ASN00082076,19960605,PRCP,0,,,a,
ASN00082076,19960606,PRCP,0,,,a,
ASN00082076,19960607,PRCP,18,,,a,
ASN00082076,19960608,PRCP,10,,,a,
ASN00082076,19960609,PRCP,0,,,a,
ASN00082076,19960610,PRCP,0,,,a,
ASN00082076,19960611,PRCP,0,,,a,
ASN00082076,19960612,PRCP,0,,,a,
ASN00082076,19960613,PRCP,0,,,a,
ASN00082076,19960614,PRCP,0,,,a,
ASN00082076,19960615,PRCP,0,,,a,
ASN00082076,19960616,PRCP,0,,,a,
ASN00082076,19960617,PRCP,0,,,a,
ASN00082076,19960618,PRCP,16,,,a,
ASN00082076,19960619,PRCP,0,,,a,
ASN00082076,19960620,PRCP,22,,,a,
ASN00082076,19960621,PRCP,0,,,a,
ASN00082076,19960622,PRCP,0,,,a,
ASN00082076,19960623,PRCP,212,,,a,
ASN00082076,19960624,PRCP,88,,,a,
ASN00082076,19960625,PRCP,2,,,a,
ASN00082076,19960626,PRCP,104,,,a,
ASN00082076,19960627,PRCP,152,,,a,
ASN00082076,19960628,PRCP,0,,,a,
ASN00082076,19960629,PRCP,124,,,a,
ASN00082076,19960630,PRCP,78,,,a,
ASN00082076,19960701,TMAX,120,,,a,
ASN00082076,19960702,TMAX,115,,,a,
ASN00082076,19960703,TMAX,138,,,a,
ASN00082076,19960704,TMAX,135,,,a,
ASN00082076,19960705,TMAX,110,,,a,
ASN00082076,19960706,TMAX,116,,,a,
ASN00082076,19960707,TMAX,122,,,a,
ASN00082076,19960708,TMAX,115,,,a,
ASN00082076,19960709,TMAX,110,,,a,
ASN00082076,19960710,TMAX,96,,,a,
ASN00082076,19960711,TMAX,93,,,a,
ASN00082076,19960712,TMAX,72,,,a,
ASN00082076,19960713,TMAX,120,,,a,
ASN00082076,19960714,TMAX,104,,,a,
ASN00082076,19960715,TMAX,112,,,a,
ASN00082076,19960716,TMAX,116,,,a,
ASN00082076,19960717,TMAX,62,,,a,
ASN00082076,19960718,TMAX,100,,,a,
ASN00082076,19960719,TMAX,110,,,a,
ASN00082076,19960720,TMAX,100,,,a,
ASN00082076,19960721,TMAX,91,,,a,
ASN00082076,19960722,TMAX,115,,,a,
ASN00082076,19960723,TMAX,129,,,a,
ASN00082076,19960724,TMAX,120,,,a,
ASN00082076,19960725,TMAX,124,,,a,
ASN00082076,19960726,TMAX,104,,,a,
ASN00082076,19960727,TMAX,107,,,a,
ASN00082076,19960728,TMAX,120,,,a,
ASN00082076,19960729,TMAX,121,,,a,
ASN00082076,19960730,TMAX,121,,,a,
ASN00082076,19960731,TMAX,118,,,a,
ASN00082076,19960701,TMIN,65,,,a,
ASN00082076,19960702,TMIN,65,,,a,
ASN00082076,19960703,TMIN,34,,,a,
ASN00082076,19960704,TMIN,21,,,a,
ASN00082076,19960705,TMIN,35,,,a,
ASN00082076,19960706,TMIN,59,,,a,
ASN00082076,19960707,TMIN,48,,,a,
ASN00082076,19960708,TMIN,-14,,,a,
ASN00082076,19960709,TMIN,-33,,,a,
ASN00082076,19960710,TMIN,-24,,,a,
ASN00082076,19960711,TMIN,-2,,,a,
ASN00082076,19960712,TMIN,20,,,a,
ASN00082076,19960713,TMIN,-15,,,a,
ASN00082076,19960714,TMIN,-7,,,a,
ASN00082076,19960715,TMIN,5,,,a,
ASN00082076,19960716,TMIN,-15,,,a,
ASN00082076,19960717,TMIN,-15,,,a,
ASN00082076,19960718,TMIN,5,,,a,
ASN00082076,19960719,TMIN,40,,,a,
ASN00082076,19960720,TMIN,70,,,a,
ASN00082076,19960721,TMIN,25,,,a,
ASN00082076,19960722,TMIN,40,,,a,
ASN00082076,19960723,TMIN,68,,,a,
ASN00082076,19960724,TMIN,75,,,a,
ASN00082076,19960725,TMIN,27,,,a,
ASN00082076,19960726,TMIN,23,,,a,
ASN00082076,19960727,TMIN,43,,,a,
ASN00082076,19960728,TMIN,64,,,a,
ASN00082076,19960729,TMIN,74,,,a,
ASN00082076,19960730,TMIN,73,,,a,
ASN00082076,19960731,TMIN,76,,,a,
ASN00082076,19960701,PRCP,6,,,a,
ASN00082076,19960702,PRCP,44,,,a,
ASN00082076,19960703,PRCP,0,,,a,
ASN00082076,19960704,PRCP,0,,,a,
ASN00082076,19960705,PRCP,30,,,a,
ASN00082076,19960706,PRCP,134,,,a,
ASN00082076,19960707,PRCP,12,,,a,
ASN00082076,19960708,PRCP,2,,,a,
ASN00082076,19960709,PRCP,0,,,a,
ASN00082076,19960710,PRCP,0,,,a,
ASN00082076,19960711,PRCP,0,,,a,
ASN00082076,19960712,PRCP,36,,,a,
ASN00082076,19960713,PRCP,24,,,a,
ASN00082076,19960714,PRCP,0,,,a,
ASN00082076,19960715,PRCP,0,,,a,
ASN00082076,19960716,PRCP,0,,,a,
ASN00082076,19960717,PRCP,0,,,a,
ASN00082076,19960718,PRCP,10,,,a,
ASN00082076,19960719,PRCP,176,,,a,
ASN00082076,19960720,PRCP,136,,,a,
ASN00082076,19960721,PRCP,18,,,a,
ASN00082076,19960722,PRCP,26,,,a,
ASN00082076,19960723,PRCP,98,,,a,
ASN00082076,19960724,PRCP,168,,,a,
ASN00082076,19960725,PRCP,18,,,a,
ASN00082076,19960726,PRCP,20,,,a,
ASN00082076,19960727,PRCP,52,,,a,
ASN00082076,19960728,PRCP,40,,,a,
ASN00082076,19960729,PRCP,94,,,a,
ASN00082076,19960730,PRCP,8,,,a,
ASN00082076,19960731,PRCP,8,,,a,
ASN00082076,19960801,TMAX,121,,,a,
ASN00082076,19960802,TMAX,113,,,a,
ASN00082076,19960803,TMAX,122,,,a,
ASN00082076,19960804,TMAX,92,,,a,
ASN00082076,19960805,TMAX,118,,,a,
ASN00082076,19960806,TMAX,93,,,a,
ASN00082076,19960807,TMAX,79,,,a,
ASN00082076,19960808,TMAX,89,,,a,
ASN00082076,19960809,TMAX,76,,,a,
ASN00082076,19960810,TMAX,130,,,a,
ASN00082076,19960811,TMAX,114,,,a,
ASN00082076,19960812,TMAX,142,,,a,
ASN00082076,19960813,TMAX,180,,,a,
ASN00082076,19960814,TMAX,115,,,a,
ASN00082076,19960815,TMAX,124,,,a,
ASN00082076,19960816,TMAX,127,,,a,
ASN00082076,19960817,TMAX,119,,,a,
ASN00082076,19960818,TMAX,120,,,a,
ASN00082076,19960819,TMAX,104,,,a,
ASN00082076,19960820,TMAX,131,,,a,
ASN00082076,19960821,TMAX,128,,,a,
ASN00082076,19960822,TMAX,112,,,a,
ASN00082076,19960823,TMAX,108,,,a,
ASN00082076,19960824,TMAX,135,,,a,
ASN00082076,19960825,TMAX,146,,,a,
ASN00082076,19960826,TMAX,168,,,a,
ASN00082076,19960827,TMAX,156,,,a,
ASN00082076,19960828,TMAX,155,,,a,
ASN00082076,19960829,TMAX,162,,,a,
ASN00082076,19960830,TMAX,135,,,a,
ASN00082076,19960831,TMAX,137,,,a,
ASN00082076,19960801,TMIN,67,,,a,
ASN00082076,19960802,TMIN,68,,,a,
ASN00082076,19960803,TMIN,83,,,a,
ASN00082076,19960804,TMIN,74,,,a,
ASN00082076,19960805,TMIN,60,,,a,
ASN00082076,19960806,TMIN,39,,,a,
ASN00082076,19960807,TMIN,44,,,a,
ASN00082076,19960808,TMIN,-2,,,a,
ASN00082076,19960809,TMIN,12,,,a,
ASN00082076,19960810,TMIN,10,,,a,
ASN00082076,19960811,TMIN,65,,,a,
ASN00082076,19960812,TMIN,60,,,a,
ASN00082076,19960813,TMIN,65,,,a,
ASN00082076,19960814,TMIN,40,,,a,
ASN00082076,19960815,TMIN,62,,,a,
ASN00082076,19960816,TMIN,59,,,a,
ASN00082076,19960817,TMIN,52,,,a,
ASN00082076,19960818,TMIN,44,,,a,
ASN00082076,19960819,TMIN,-13,,,a,
ASN00082076,19960820,TMIN,-27,,,a,
ASN00082076,19960821,TMIN,-13,,,a,
ASN00082076,19960822,TMIN,38,,,a,
ASN00082076,19960823,TMIN,53,,,a,
ASN00082076,19960824,TMIN,57,,,a,
ASN00082076,19960825,TMIN,62,,,a,
ASN00082076,19960826,TMIN,36,,,a,
ASN00082076,19960827,TMIN,62,,,a,
ASN00082076,19960828,TMIN,78,,,a,
ASN00082076,19960829,TMIN,56,,,a,
ASN00082076,19960830,TMIN,60,,,a,
ASN00082076,19960831,TMIN,70,,,a,
ASN00082076,19960801,PRCP,246,,,a,
ASN00082076,19960802,PRCP,262,,,a,
ASN00082076,19960803,PRCP,152,,,a,
ASN00082076,19960804,PRCP,154,,,a,
ASN00082076,19960805,PRCP,146,,,a,
ASN00082076,19960806,PRCP,0,,,a,
ASN00082076,19960807,PRCP,174,,,a,
ASN00082076,19960808,PRCP,42,,,a,
ASN00082076,19960809,PRCP,4,,,a,
ASN00082076,19960810,PRCP,10,,,a,
ASN00082076,19960811,PRCP,0,,,a,
ASN00082076,19960812,PRCP,0,,,a,
ASN00082076,19960813,PRCP,6,,,a,
ASN00082076,19960814,PRCP,0,,,a,
ASN00082076,19960815,PRCP,30,,,a,
ASN00082076,19960816,PRCP,0,,,a,
ASN00082076,19960817,PRCP,0,,,a,
ASN00082076,19960818,PRCP,42,,,a,
ASN00082076,19960819,PRCP,50,,,a,
ASN00082076,19960820,PRCP,0,,,a,
ASN00082076,19960821,PRCP,0,,,a,
ASN00082076,19960822,PRCP,0,,,a,
ASN00082076,19960823,PRCP,78,,,a,
ASN00082076,19960824,PRCP,4,,,a,
ASN00082076,19960825,PRCP,0,,,a,
ASN00082076,19960826,PRCP,0,,,a,
ASN00082076,19960827,PRCP,52,,,a,
ASN00082076,19960828,PRCP,8,,,a,
ASN00082076,19960829,PRCP,54,,,a,
ASN00082076,19960830,PRCP,0,,,a,
ASN00082076,19960831,PRCP,0,,,a,
ASN00082076,19960901,TMAX,165,,,a,
ASN00082076,19960902,TMAX,135,,,a,
ASN00082076,19960903,TMAX,130,,,a,
ASN00082076,19960904,TMAX,127,,,a,
ASN00082076,19960905,TMAX,118,,,a,
ASN00082076,19960906,TMAX,128,,,a,
ASN00082076,19960907,TMAX,154,,,a,
ASN00082076,19960908,TMAX,142,,,a,
ASN00082076,19960909,TMAX,128,,,a,
ASN00082076,19960910,TMAX,149,,,a,
ASN00082076,19960911,TMAX,166,,,a,
ASN00082076,19960912,TMAX,122,,,a,
ASN00082076,19960913,TMAX,96,,,a,
ASN00082076,19960914,TMAX,121,,,a,
ASN00082076,19960915,TMAX,178,,,a,
ASN00082076,19960916,TMAX,247,,,a,
ASN00082076,19960917,TMAX,192,,,a,
ASN00082076,19960918,TMAX,236,,,a,
ASN00082076,19960919,TMAX,178,,,a,
ASN00082076,19960920,TMAX,124,,,a,
ASN00082076,19960921,TMAX,132,,,a,
ASN00082076,19960922,TMAX,146,,,a,
ASN00082076,19960923,TMAX,186,,,a,
ASN00082076,19960924,TMAX,177,,,a,
ASN00082076,19960925,TMAX,178,,,a,
ASN00082076,19960926,TMAX,158,,,a,
ASN00082076,19960927,TMAX,152,,,a,
ASN00082076,19960928,TMAX,189,,,a,
ASN00082076,19960929,TMAX,176,,,a,
ASN00082076,19960930,TMAX,132,,,a,
ASN00082076,19960901,TMIN,60,,,a,
ASN00082076,19960902,TMIN,30,,,a,
ASN00082076,19960903,TMIN,18,,,a,
ASN00082076,19960904,TMIN,37,,,a,
ASN00082076,19960905,TMIN,45,,,a,
ASN00082076,19960906,TMIN,60,,,a,
ASN00082076,19960907,TMIN,50,,,a,
ASN00082076,19960908,TMIN,19,,,a,
ASN00082076,19960909,TMIN,48,,,a,
ASN00082076,19960910,TMIN,42,,,a,
ASN00082076,19960911,TMIN,42,,,a,
ASN00082076,19960912,TMIN,76,,,a,
ASN00082076,19960913,TMIN,35,,,a,
ASN00082076,19960914,TMIN,50,,,a,
ASN00082076,19960915,TMIN,65,,,a,
ASN00082076,19960916,TMIN,32,,,a,
ASN00082076,19960917,TMIN,77,,,a,
ASN00082076,19960918,TMIN,26,,,a,
ASN00082076,19960919,TMIN,106,,,a,
ASN00082076,19960920,TMIN,75,,,a,
ASN00082076,19960921,TMIN,5,,,a,
ASN00082076,19960922,TMIN,32,,,a,
ASN00082076,19960923,TMIN,32,,,a,
ASN00082076,19960924,TMIN,45,,,a,
ASN00082076,19960925,TMIN,10,,,a,
ASN00082076,19960926,TMIN,6,,,a,
ASN00082076,19960927,TMIN,44,,,a,
ASN00082076,19960928,TMIN,10,,,a,
ASN00082076,19960929,TMIN,90,,,a,
ASN00082076,19960930,TMIN,89,,,a,
ASN00082076,19960901,PRCP,0,,,a,
ASN00082076,19960902,PRCP,0,,,a,
ASN00082076,19960903,PRCP,24,,,a,
ASN00082076,19960904,PRCP,8,,,a,
ASN00082076,19960905,PRCP,26,,,a,
ASN00082076,19960906,PRCP,74,,,a,
ASN00082076,19960907,PRCP,20,,,a,
ASN00082076,19960908,PRCP,6,,,a,
ASN00082076,19960909,PRCP,6,,,a,
ASN00082076,19960910,PRCP,136,,,a,
ASN00082076,19960911,PRCP,0,,,a,
ASN00082076,19960912,PRCP,138,,,a,
ASN00082076,19960913,PRCP,132,,,a,
ASN00082076,19960914,PRCP,108,,,a,
ASN00082076,19960915,PRCP,36,,,a,
ASN00082076,19960916,PRCP,2,,,a,
ASN00082076,19960917,PRCP,0,,,a,
ASN00082076,19960918,PRCP,0,,,a,
ASN00082076,19960919,PRCP,4,,,a,
ASN00082076,19960920,PRCP,228,,,a,
ASN00082076,19960921,PRCP,100,,,a,
ASN00082076,19960922,PRCP,0,,,a,
ASN00082076,19960923,PRCP,0,,,a,
ASN00082076,19960924,PRCP,6,,,a,
ASN00082076,19960925,PRCP,54,,,a,
ASN00082076,19960926,PRCP,0,,,a,
ASN00082076,19960927,PRCP,136,,,a,
ASN00082076,19960928,PRCP,0,,,a,
ASN00082076,19960929,PRCP,200,,,a,
ASN00082076,19960930,PRCP,556,,,a,
ASN00082076,19961001,TMAX,132,,,a,
ASN00082076,19961002,TMAX,148,,,a,
ASN00082076,19961003,TMAX,182,,,a,
ASN00082076,19961004,TMAX,214,,,a,
ASN00082076,19961005,TMAX,185,,,a,
ASN00082076,19961006,TMAX,209,,,a,
ASN00082076,19961007,TMAX,206,,,a,
ASN00082076,19961008,TMAX,204,,,a,
ASN00082076,19961009,TMAX,197,,,a,
ASN00082076,19961010,TMAX,250,,,a,
ASN00082076,19961011,TMAX,285,,,a,
ASN00082076,19961012,TMAX,175,,,a,
ASN00082076,19961013,TMAX,189,,,a,
ASN00082076,19961014,TMAX,220,,,a,
ASN00082076,19961015,TMAX,245,,,a,
ASN00082076,19961016,TMAX,228,,,a,
ASN00082076,19961017,TMAX,216,,,a,
ASN00082076,19961018,TMAX,205,,,a,
ASN00082076,19961019,TMAX,181,,,a,
ASN00082076,19961020,TMAX,150,,,a,
ASN00082076,19961021,TMAX,202,,,a,
ASN00082076,19961022,TMAX,246,,,a,
ASN00082076,19961023,TMAX,246,,,a,
ASN00082076,19961024,TMAX,248,,,a,
ASN00082076,19961025,TMAX,269,,,a,
ASN00082076,19961026,TMAX,194,,,a,
ASN00082076,19961027,TMAX,231,,,a,
ASN00082076,19961028,TMAX,214,,,a,
ASN00082076,19961029,TMAX,220,,,a,
ASN00082076,19961030,TMAX,216,,,a,
ASN00082076,19961031,TMAX,222,,,a,
ASN00082076,19961001,TMIN,68,,,a,
ASN00082076,19961002,TMIN,80,,,a,
ASN00082076,19961003,TMIN,85,,,a,
ASN00082076,19961004,TMIN,55,,,a,
ASN00082076,19961005,TMIN,60,,,a,
ASN00082076,19961006,TMIN,112,,,a,
ASN00082076,19961007,TMIN,84,,,a,
ASN00082076,19961008,TMIN,53,,,a,
ASN00082076,19961009,TMIN,70,,,a,
ASN00082076,19961010,TMIN,70,,,a,
ASN00082076,19961011,TMIN,92,,,a,
ASN00082076,19961012,TMIN,95,,,a,
ASN00082076,19961013,TMIN,25,,,a,
ASN00082076,19961014,TMIN,44,,,a,
ASN00082076,19961015,TMIN,53,,,a,
ASN00082076,19961016,TMIN,75,,,a,
ASN00082076,19961017,TMIN,92,,,a,
ASN00082076,19961018,TMIN,41,,,a,
ASN00082076,19961019,TMIN,52,,,a,
ASN00082076,19961020,TMIN,20,,,a,
ASN00082076,19961021,TMIN,30,,,a,
ASN00082076,19961022,TMIN,57,,,a,
ASN00082076,19961023,TMIN,75,,,a,
ASN00082076,19961024,TMIN,78,,,a,
ASN00082076,19961025,TMIN,85,,,a,
ASN00082076,19961026,TMIN,115,,,a,
ASN00082076,19961027,TMIN,77,,,a,
ASN00082076,19961028,TMIN,56,,,a,
ASN00082076,19961029,TMIN,39,,,a,
ASN00082076,19961030,TMIN,55,,,a,
ASN00082076,19961031,TMIN,100,,,a,
ASN00082076,19961001,PRCP,240,,,a,
ASN00082076,19961002,PRCP,50,,,a,
ASN00082076,19961003,PRCP,126,,,a,
ASN00082076,19961004,PRCP,12,,,a,
ASN00082076,19961005,PRCP,0,,,a,
ASN00082076,19961006,PRCP,176,,,a,
ASN00082076,19961007,PRCP,32,,,a,
ASN00082076,19961008,PRCP,0,,,a,
ASN00082076,19961009,PRCP,0,,,a,
ASN00082076,19961010,PRCP,0,,,a,
ASN00082076,19961011,PRCP,0,,,a,
ASN00082076,19961012,PRCP,0,,,a,
ASN00082076,19961013,PRCP,6,,,a,
ASN00082076,19961014,PRCP,0,,,a,
ASN00082076,19961015,PRCP,0,,,a,
ASN00082076,19961016,PRCP,0,,,a,
ASN00082076,19961017,PRCP,232,,,a,
ASN00082076,19961018,PRCP,0,,,a,
ASN00082076,19961019,PRCP,0,,,a,
ASN00082076,19961020,PRCP,20,,,a,
ASN00082076,19961021,PRCP,0,,,a,
ASN00082076,19961022,PRCP,0,,,a,
ASN00082076,19961023,PRCP,0,,,a,
ASN00082076,19961024,PRCP,0,,,a,
ASN00082076,19961025,PRCP,0,,,a,
ASN00082076,19961026,PRCP,20,,,a,
ASN00082076,19961027,PRCP,0,,,a,
ASN00082076,19961028,PRCP,0,,,a,
ASN00082076,19961029,PRCP,0,,,a,
ASN00082076,19961030,PRCP,0,,,a,
ASN00082076,19961031,PRCP,0,,,a,
ASN00082076,19961101,TMAX,243,,,a,
ASN00082076,19961102,TMAX,248,,,a,
ASN00082076,19961103,TMAX,181,,,a,
ASN00082076,19961104,TMAX,155,,,a,
ASN00082076,19961105,TMAX,176,,,a,
ASN00082076,19961106,TMAX,189,,,a,
ASN00082076,19961107,TMAX,187,,,a,
ASN00082076,19961108,TMAX,250,,,a,
ASN00082076,19961109,TMAX,223,,,a,
ASN00082076,19961110,TMAX,168,,,a,
ASN00082076,19961111,TMAX,163,,,a,
ASN00082076,19961112,TMAX,194,,,a,
ASN00082076,19961113,TMAX,281,,,a,
ASN00082076,19961114,TMAX,192,,,a,
ASN00082076,19961115,TMAX,200,,,a,
ASN00082076,19961116,TMAX,236,,,a,
ASN00082076,19961117,TMAX,182,,,a,
ASN00082076,19961118,TMAX,164,,,a,
ASN00082076,19961119,TMAX,200,,,a,
ASN00082076,19961120,TMAX,209,,,a,
ASN00082076,19961121,TMAX,164,,,a,
ASN00082076,19961122,TMAX,146,,,a,
ASN00082076,19961123,TMAX,217,,,a,
ASN00082076,19961124,TMAX,254,,,a,
ASN00082076,19961125,TMAX,270,,,a,
ASN00082076,19961126,TMAX,250,,,a,
ASN00082076,19961127,TMAX,265,,,a,
ASN00082076,19961128,TMAX,225,,,a,
ASN00082076,19961129,TMAX,234,,,a,
ASN00082076,19961130,TMAX,181,,,a,
ASN00082076,19961101,TMIN,68,,,a,
ASN00082076,19961102,TMIN,68,,,a,
ASN00082076,19961103,TMIN,114,,,a,
ASN00082076,19961104,TMIN,113,,,a,
ASN00082076,19961105,TMIN,99,,,a,
ASN00082076,19961106,TMIN,84,,,a,
ASN00082076,19961107,TMIN,91,,,a,
ASN00082076,19961108,TMIN,75,,,a,
ASN00082076,19961109,TMIN,97,,,a,
ASN00082076,19961110,TMIN,52,,,a,
ASN00082076,19961111,TMIN,-2,,,a,
ASN00082076,19961112,TMIN,75,,,a,
ASN00082076,19961113,TMIN,74,,,a,
ASN00082076,19961114,TMIN,131,,,a,
ASN00082076,19961115,TMIN,94,,,a,
ASN00082076,19961116,TMIN,43,,,a,
ASN00082076,19961117,TMIN,124,,,a,
ASN00082076,19961118,TMIN,104,,,a,
ASN00082076,19961119,TMIN,65,,,a,
ASN00082076,19961120,TMIN,60,,,a,
ASN00082076,19961121,TMIN,46,,,a,
ASN00082076,19961122,TMIN,49,,,a,
ASN00082076,19961123,TMIN,45,,,a,
ASN00082076,19961124,TMIN,50,,,a,
ASN00082076,19961125,TMIN,66,,,a,
ASN00082076,19961126,TMIN,67,,,a,
ASN00082076,19961127,TMIN,60,,,a,
ASN00082076,19961128,TMIN,75,,,a,
ASN00082076,19961129,TMIN,38,,,a,
ASN00082076,19961130,TMIN,57,,,a,
ASN00082076,19961101,PRCP,0,,,a,
ASN00082076,19961102,PRCP,0,,,a,
ASN00082076,19961103,PRCP,0,,,a,
ASN00082076,19961104,PRCP,280,,,a,
ASN00082076,19961105,PRCP,0,,,a,
ASN00082076,19961106,PRCP,0,,,a,
ASN00082076,19961107,PRCP,0,,,a,
ASN00082076,19961108,PRCP,0,,,a,
ASN00082076,19961109,PRCP,0,,,a,
ASN00082076,19961110,PRCP,8,,,a,
ASN00082076,19961111,PRCP,0,,,a,
ASN00082076,19961112,PRCP,10,,,a,
ASN00082076,19961113,PRCP,0,,,a,
ASN00082076,19961114,PRCP,2,,,a,
ASN00082076,19961115,PRCP,0,,,a,
ASN00082076,19961116,PRCP,0,,,a,
ASN00082076,19961117,PRCP,184,,,a,
ASN00082076,19961118,PRCP,228,,,a,
ASN00082076,19961119,PRCP,4,,,a,
ASN00082076,19961120,PRCP,0,,,a,
ASN00082076,19961121,PRCP,0,,,a,
ASN00082076,19961122,PRCP,0,,,a,
ASN00082076,19961123,PRCP,0,,,a,
ASN00082076,19961124,PRCP,0,,,a,
ASN00082076,19961125,PRCP,0,,,a,
ASN00082076,19961126,PRCP,0,,,a,
ASN00082076,19961127,PRCP,0,,,a,
ASN00082076,19961128,PRCP,0,,,a,
ASN00082076,19961129,PRCP,0,,,a,
ASN00082076,19961130,PRCP,0,,,a,
ASN00082076,19961201,TMAX,168,,,a,
ASN00082076,19961202,TMAX,250,,,a,
ASN00082076,19961203,TMAX,250,,,a,
ASN00082076,19961204,TMAX,256,,,a,
ASN00082076,19961205,TMAX,265,,,a,
ASN00082076,19961206,TMAX,189,,,a,
ASN00082076,19961207,TMAX,207,,,a,
ASN00082076,19961208,TMAX,216,,,a,
ASN00082076,19961209,TMAX,198,,,a,
ASN00082076,19961210,TMAX,239,,,a,
ASN00082076,19961211,TMAX,253,,,a,
ASN00082076,19961212,TMAX,212,,,a,
ASN00082076,19961213,TMAX,250,,,a,
ASN00082076,19961214,TMAX,284,,,a,
ASN00082076,19961215,TMAX,295,,,a,
ASN00082076,19961216,TMAX,290,,,a,
ASN00082076,19961217,TMAX,238,,,a,
ASN00082076,19961218,TMAX,246,,,a,
ASN00082076,19961219,TMAX,199,,,a,
ASN00082076,19961220,TMAX,256,,,a,
ASN00082076,19961221,TMAX,299,,,a,
ASN00082076,19961222,TMAX,327,,,a,
ASN00082076,19961223,TMAX,333,,,a,
ASN00082076,19961224,TMAX,348,,,a,
ASN00082076,19961225,TMAX,235,,,a,
ASN00082076,19961226,TMAX,216,,,a,
ASN00082076,19961227,TMAX,280,,,a,
ASN00082076,19961228,TMAX,306,,,a,
ASN00082076,19961229,TMAX,275,,,a,
ASN00082076,19961230,TMAX,255,,,a,
ASN00082076,19961231,TMAX,228,,,a,
ASN00082076,19961201,TMIN,43,,,a,
ASN00082076,19961202,TMIN,74,,,a,
ASN00082076,19961203,TMIN,94,,,a,
ASN00082076,19961204,TMIN,73,,,a,
ASN00082076,19961205,TMIN,120,,,a,
ASN00082076,19961206,TMIN,80,,,a,
ASN00082076,19961207,TMIN,38,,,a,
ASN00082076,19961208,TMIN,41,,,a,
ASN00082076,19961209,TMIN,60,,,a,
ASN00082076,19961210,TMIN,40,,,a,
ASN00082076,19961211,TMIN,82,,,a,
ASN00082076,19961212,TMIN,125,,,a,
ASN00082076,19961213,TMIN,105,,,a,
ASN00082076,19961214,TMIN,90,,,a,
ASN00082076,19961215,TMIN,103,,,a,
ASN00082076,19961216,TMIN,121,,,a,
ASN00082076,19961217,TMIN,110,,,a,
ASN00082076,19961218,TMIN,95,,,a,
ASN00082076,19961219,TMIN,85,,,a,
ASN00082076,19961220,TMIN,92,,,a,
ASN00082076,19961221,TMIN,78,,,a,
ASN00082076,19961222,TMIN,90,,,a,
ASN00082076,19961223,TMIN,157,,,a,
ASN00082076,19961224,TMIN,140,,,a,
ASN00082076,19961225,TMIN,182,,,a,
ASN00082076,19961226,TMIN,169,,,a,
ASN00082076,19961227,TMIN,82,,,a,
ASN00082076,19961228,TMIN,104,,,a,
ASN00082076,19961229,TMIN,158,,,a,
ASN00082076,19961230,TMIN,134,,,a,
ASN00082076,19961231,TMIN,136,,,a,
ASN00082076,19961201,PRCP,0,,,a,
ASN00082076,19961202,PRCP,32,,,a,
ASN00082076,19961203,PRCP,0,,,a,
ASN00082076,19961204,PRCP,0,,,a,
ASN00082076,19961205,PRCP,0,,,a,
ASN00082076,19961206,PRCP,0,,,a,
ASN00082076,19961207,PRCP,262,,,a,
ASN00082076,19961208,PRCP,0,,,a,
ASN00082076,19961209,PRCP,0,,,a,
ASN00082076,19961210,PRCP,0,,,a,
ASN00082076,19961211,PRCP,0,,,a,
ASN00082076,19961212,PRCP,0,,,a,
ASN00082076,19961213,PRCP,0,,,a,
ASN00082076,19961214,PRCP,0,,,a,
ASN00082076,19961215,PRCP,0,,,a,
ASN00082076,19961216,PRCP,0,,,a,
ASN00082076,19961217,PRCP,0,,,a,
ASN00082076,19961218,PRCP,0,,,a,
ASN00082076,19961219,PRCP,0,,,a,
ASN00082076,19961220,PRCP,0,,,a,
ASN00082076,19961221,PRCP,0,,,a,
ASN00082076,19961222,PRCP,0,,,a,
ASN00082076,19961223,PRCP,0,,,a,
ASN00082076,19961224,PRCP,0,,,a,
ASN00082076,19961225,PRCP,0,,,a,
ASN00082076,19961226,PRCP,180,,,a,
ASN00082076,19961227,PRCP,0,,,a,
ASN00082076,19961228,PRCP,160,,,a,
ASN00082076,19961229,PRCP,0,,,a,
ASN00082076,19961230,PRCP,0,,,a,
ASN00082076,19961231,PRCP,0,,,a,
ASN00082076,19970101,TMAX,257,,,a,
ASN00082076,19970102,TMAX,286,,,a,
ASN00082076,19970103,TMAX,306,,,a,
ASN00082076,19970104,TMAX,325,,,a,
ASN00082076,19970105,TMAX,324,,,a,
ASN00082076,19970106,TMAX,332,,,a,
ASN00082076,19970107,TMAX,194,,,a,
ASN00082076,19970108,TMAX,250,,,a,
ASN00082076,19970109,TMAX,292,,,a,
ASN00082076,19970110,TMAX,248,,,a,
ASN00082076,19970111,TMAX,250,,,a,
ASN00082076,19970112,TMAX,275,,,a,
ASN00082076,19970113,TMAX,297,,,a,
ASN00082076,19970114,TMAX,294,,,a,
ASN00082076,19970115,TMAX,224,,,a,
ASN00082076,19970116,TMAX,273,,,a,
ASN00082076,19970117,TMAX,291,,,a,
ASN00082076,19970118,TMAX,305,,,a,
ASN00082076,19970119,TMAX,325,,,a,
ASN00082076,19970120,TMAX,348,,,a,
ASN00082076,19970121,TMAX,345,,,a,
ASN00082076,19970122,TMAX,347,,,a,
ASN00082076,19970123,TMAX,290,,,a,
ASN00082076,19970124,TMAX,302,,,a,
ASN00082076,19970125,TMAX,298,,,a,
ASN00082076,19970126,TMAX,257,,,a,
ASN00082076,19970127,TMAX,290,,,a,
ASN00082076,19970128,TMAX,290,,,a,
ASN00082076,19970129,TMAX,275,,,a,
ASN00082076,19970130,TMAX,292,,,a,
ASN00082076,19970131,TMAX,316,,,a,
ASN00082076,19970101,TMIN,123,,,a,
ASN00082076,19970102,TMIN,107,,,a,
ASN00082076,19970103,TMIN,126,,,a,
ASN00082076,19970104,TMIN,130,,,a,
ASN00082076,19970105,TMIN,130,,,a,
ASN00082076,19970106,TMIN,130,,,a,
ASN00082076,19970107,TMIN,133,,,a,
ASN00082076,19970108,TMIN,104,,,a,
ASN00082076,19970109,TMIN,124,,,a,
ASN00082076,19970110,TMIN,140,,,a,
ASN00082076,19970111,TMIN,144,,,a,
ASN00082076,19970112,TMIN,122,,,a,
ASN00082076,19970113,TMIN,102,,,a,
ASN00082076,19970114,TMIN,104,,,a,
ASN00082076,19970115,TMIN,132,,,a,
ASN00082076,19970116,TMIN,165,,,a,
ASN00082076,19970117,TMIN,111,,,a,
ASN00082076,19970118,TMIN,147,,,a,
ASN00082076,19970119,TMIN,134,,,a,
ASN00082076,19970120,TMIN,153,,,a,
ASN00082076,19970121,TMIN,158,,,a,
ASN00082076,19970122,TMIN,141,,,a,
ASN00082076,19970123,TMIN,155,,,a,
ASN00082076,19970124,TMIN,170,,,a,
ASN00082076,19970125,TMIN,151,,,a,
ASN00082076,19970126,TMIN,143,,,a,
ASN00082076,19970127,TMIN,143,,,a,
ASN00082076,19970128,TMIN,162,,,a,
ASN00082076,19970129,TMIN,165,,,a,
ASN00082076,19970130,TMIN,185,,,a,
ASN00082076,19970131,TMIN,144,,,a,
ASN00082076,19970101,PRCP,0,,,a,
ASN00082076,19970102,PRCP,0,,,a,
ASN00082076,19970103,PRCP,0,,,a,
ASN00082076,19970104,PRCP,0,,,a,
ASN00082076,19970105,PRCP,0,,,a,
ASN00082076,19970106,PRCP,0,,,a,
ASN00082076,19970107,PRCP,178,,,a,
ASN00082076,19970108,PRCP,62,,,a,
ASN00082076,19970109,PRCP,0,,,a,
ASN00082076,19970110,PRCP,0,,,a,
ASN00082076,19970111,PRCP,0,,,a,
ASN00082076,19970112,PRCP,0,,,a,
ASN00082076,19970113,PRCP,0,,,a,
ASN00082076,19970114,PRCP,0,,,a,
ASN00082076,19970115,PRCP,0,,,a,
ASN00082076,19970116,PRCP,196,,,a,
ASN00082076,19970117,PRCP,0,,,a,
ASN00082076,19970118,PRCP,0,,,a,
ASN00082076,19970119,PRCP,0,,,a,
ASN00082076,19970120,PRCP,0,,,a,
ASN00082076,19970121,PRCP,0,,,a,
ASN00082076,19970122,PRCP,0,,,a,
ASN00082076,19970123,PRCP,86,,,a,
ASN00082076,19970124,PRCP,0,,,a,
ASN00082076,19970125,PRCP,0,,,a,
ASN00082076,19970126,PRCP,100,,,a,
ASN00082076,19970127,PRCP,40,,,a,
ASN00082076,19970128,PRCP,248,,,a,
ASN00082076,19970129,PRCP,4,,,a,
ASN00082076,19970130,PRCP,0,,,a,
ASN00082076,19970131,PRCP,0,,,a,
ASN00082076,19970201,TMAX,331,,,a,
ASN00082076,19970202,TMAX,295,,,a,
ASN00082076,19970203,TMAX,298,,,a,
ASN00082076,19970204,TMAX,313,,,a,
ASN00082076,19970205,TMAX,338,,,a,
ASN00082076,19970206,TMAX,346,,,a,
ASN00082076,19970207,TMAX,360,,,a,
ASN00082076,19970208,TMAX,317,,,a,
ASN00082076,19970209,TMAX,232,,,a,
ASN00082076,19970210,TMAX,285,,,a,
ASN00082076,19970211,TMAX,276,,,a,
ASN00082076,19970212,TMAX,290,,,a,
ASN00082076,19970213,TMAX,321,,,a,
ASN00082076,19970214,TMAX,330,,,a,
ASN00082076,19970215,TMAX,338,,,a,
ASN00082076,19970216,TMAX,356,,,a,
ASN00082076,19970217,TMAX,349,,,a,
ASN00082076,19970218,TMAX,346,,,a,
ASN00082076,19970219,TMAX,355,,,a,
ASN00082076,19970220,TMAX,318,,,a,
ASN00082076,19970221,TMAX,353,,,a,
ASN00082076,19970222,TMAX,358,,,a,
ASN00082076,19970223,TMAX,342,,,a,
ASN00082076,19970224,TMAX,302,,,a,
ASN00082076,19970225,TMAX,302,,,a,
ASN00082076,19970226,TMAX,265,,,a,
ASN00082076,19970227,TMAX,288,,,a,
ASN00082076,19970228,TMAX,293,,,a,
ASN00082076,19970201,TMIN,147,,,a,
ASN00082076,19970202,TMIN,172,,,a,
ASN00082076,19970203,TMIN,152,,,a,
ASN00082076,19970204,TMIN,140,,,a,
ASN00082076,19970205,TMIN,142,,,a,
ASN00082076,19970206,TMIN,162,,,a,
ASN00082076,19970207,TMIN,188,,,a,
ASN00082076,19970208,TMIN,215,,,a,
ASN00082076,19970209,TMIN,204,,,a,
ASN00082076,19970210,TMIN,175,,,a,
ASN00082076,19970211,TMIN,132,,,a,
ASN00082076,19970212,TMIN,148,,,a,
ASN00082076,19970213,TMIN,160,,,a,
ASN00082076,19970214,TMIN,152,,,a,
ASN00082076,19970215,TMIN,140,,,a,
ASN00082076,19970216,TMIN,165,,,a,
ASN00082076,19970217,TMIN,161,,,a,
ASN00082076,19970218,TMIN,150,,,a,
ASN00082076,19970219,TMIN,147,,,a,
ASN00082076,19970220,TMIN,143,,,a,
ASN00082076,19970221,TMIN,172,,,a,
ASN00082076,19970222,TMIN,138,,,a,
ASN00082076,19970223,TMIN,192,,,a,
ASN00082076,19970224,TMIN,194,,,a,
ASN00082076,19970225,TMIN,138,,,a,
ASN00082076,19970226,TMIN,110,,,a,
ASN00082076,19970227,TMIN,154,,,a,
ASN00082076,19970228,TMIN,115,,,a,
ASN00082076,19970201,PRCP,0,,,a,
ASN00082076,19970202,PRCP,0,,,a,
ASN00082076,19970203,PRCP,0,,,a,
ASN00082076,19970204,PRCP,0,,,a,
ASN00082076,19970205,PRCP,0,,,a,
ASN00082076,19970206,PRCP,0,,,a,
ASN00082076,19970207,PRCP,0,,,a,
ASN00082076,19970208,PRCP,0,,,a,
ASN00082076,19970209,PRCP,18,,,a,
ASN00082076,19970210,PRCP,152,,,a,
ASN00082076,19970211,PRCP,0,,,a,
ASN00082076,19970212,PRCP,0,,,a,
ASN00082076,19970213,PRCP,0,,,a,
ASN00082076,19970214,PRCP,0,,,a,
ASN00082076,19970215,PRCP,0,,,a,
ASN00082076,19970216,PRCP,0,,,a,
ASN00082076,19970217,PRCP,0,,,a,
ASN00082076,19970218,PRCP,0,,,a,
ASN00082076,19970219,PRCP,0,,,a,
ASN00082076,19970220,PRCP,0,,,a,
ASN00082076,19970221,PRCP,0,,,a,
ASN00082076,19970222,PRCP,0,,,a,
ASN00082076,19970223,PRCP,0,,,a,
ASN00082076,19970224,PRCP,0,,,a,
ASN00082076,19970225,PRCP,0,,,a,
ASN00082076,19970226,PRCP,0,,,a,
ASN00082076,19970227,PRCP,0,,,a,
ASN00082076,19970228,PRCP,0,,,a,
ASN00082076,19970301,TMAX,315,,,a,
ASN00082076,19970302,TMAX,222,,,a,
ASN00082076,19970303,TMAX,261,,,a,
ASN00082076,19970304,TMAX,255,,,a,
ASN00082076,19970305,TMAX,255,,,a,
ASN00082076,19970306,TMAX,246,,,a,
ASN00082076,19970307,TMAX,275,,,a,
ASN00082076,19970308,TMAX,294,,,a,
ASN00082076,19970309,TMAX,252,,,a,
ASN00082076,19970310,TMAX,243,,,a,
ASN00082076,19970311,TMAX,274,,,a,
ASN00082076,19970312,TMAX,286,,,a,
ASN00082076,19970313,TMAX,226,,,a,
ASN00082076,19970314,TMAX,231,,,a,
ASN00082076,19970315,TMAX,246,,,a,
ASN00082076,19970316,TMAX,245,,,a,
ASN00082076,19970317,TMAX,247,,,a,
ASN00082076,19970318,TMAX,232,,,a,
ASN00082076,19970319,TMAX,265,,,a,
ASN00082076,19970320,TMAX,216,,,a,
ASN00082076,19970321,TMAX,236,,,a,
ASN00082076,19970322,TMAX,247,,,a,
ASN00082076,19970323,TMAX,182,,,a,
ASN00082076,19970324,TMAX,216,,,a,
ASN00082076,19970325,TMAX,234,,,a,
ASN00082076,19970326,TMAX,245,,,a,
ASN00082076,19970327,TMAX,285,,,a,
ASN00082076,19970328,TMAX,227,,,a,
ASN00082076,19970329,TMAX,226,,,a,
ASN00082076,19970330,TMAX,235,,,a,
ASN00082076,19970331,TMAX,182,,,a,
ASN00082076,19970301,TMIN,118,,,a,
ASN00082076,19970302,TMIN,150,,,a,
ASN00082076,19970303,TMIN,155,,,a,
ASN00082076,19970304,TMIN,153,,,a,
ASN00082076,19970305,TMIN,160,,,a,
ASN00082076,19970306,TMIN,123,,,a,
ASN00082076,19970307,TMIN,150,,,a,
ASN00082076,19970308,TMIN,151,,,a,
ASN00082076,19970309,TMIN,130,,,a,
ASN00082076,19970310,TMIN,100,,,a,
ASN00082076,19970311,TMIN,120,,,a,
ASN00082076,19970312,TMIN,120,,,a,
ASN00082076,19970313,TMIN,96,,,a,
ASN00082076,19970314,TMIN,43,,,a,
ASN00082076,19970315,TMIN,42,,,a,
ASN00082076,19970316,TMIN,77,,,a,
ASN00082076,19970317,TMIN,84,,,a,
ASN00082076,19970318,TMIN,59,,,a,
ASN00082076,19970319,TMIN,76,,,a,
ASN00082076,19970320,TMIN,105,,,a,
ASN00082076,19970321,TMIN,62,,,a,
ASN00082076,19970322,TMIN,110,,,a,
ASN00082076,19970323,TMIN,82,,,a,
ASN00082076,19970324,TMIN,34,,,a,
ASN00082076,19970325,TMIN,47,,,a,
ASN00082076,19970326,TMIN,80,,,a,
ASN00082076,19970327,TMIN,65,,,a,
ASN00082076,19970328,TMIN,80,,,a,
ASN00082076,19970329,TMIN,86,,,a,
ASN00082076,19970330,TMIN,100,,,a,
ASN00082076,19970331,TMIN,117,,,a,
ASN00082076,19970301,PRCP,0,,,a,
ASN00082076,19970302,PRCP,456,,,a,
ASN00082076,19970303,PRCP,60,,,a,
ASN00082076,19970304,PRCP,0,,,a,
ASN00082076,19970305,PRCP,0,,,a,
ASN00082076,19970306,PRCP,0,,,a,
ASN00082076,19970307,PRCP,4,,,a,
ASN00082076,19970308,PRCP,0,,,a,
ASN00082076,19970309,PRCP,0,,,a,
ASN00082076,19970310,PRCP,0,,,a,
ASN00082076,19970311,PRCP,0,,,a,
ASN00082076,19970312,PRCP,0,,,a,
ASN00082076,19970313,PRCP,0,,,a,
ASN00082076,19970314,PRCP,0,,,a,
ASN00082076,19970315,PRCP,0,,,a,
ASN00082076,19970316,PRCP,0,,,a,
ASN00082076,19970317,PRCP,0,,,a,
ASN00082076,19970318,PRCP,0,,,a,
ASN00082076,19970319,PRCP,6,,,a,
ASN00082076,19970320,PRCP,0,,,a,
ASN00082076,19970321,PRCP,0,,,a,
ASN00082076,19970322,PRCP,0,,,a,
ASN00082076,19970323,PRCP,0,,,a,
ASN00082076,19970324,PRCP,14,,,a,
ASN00082076,19970325,PRCP,0,,,a,
ASN00082076,19970326,PRCP,0,,,a,
ASN00082076,19970327,PRCP,0,,,a,
ASN00082076,19970328,PRCP,0,,,a,
ASN00082076,19970329,PRCP,0,,,a,
ASN00082076,19970330,PRCP,0,,,a,
ASN00082076,19970331,PRCP,0,,,a,
ASN00082076,19970401,TMAX,190,,,a,
ASN00082076,19970402,TMAX,204,,,a,
ASN00082076,19970403,TMAX,204,,,a,
ASN00082076,19970404,TMAX,206,,,a,
ASN00082076,19970405,TMAX,158,,,a,
ASN00082076,19970406,TMAX,190,,,a,
ASN00082076,19970407,TMAX,142,,,a,
ASN00082076,19970408,TMAX,188,,,a,
ASN00082076,19970409,TMAX,195,,,a,
ASN00082076,19970410,TMAX,213,,,a,
ASN00082076,19970411,TMAX,226,,,a,
ASN00082076,19970412,TMAX,242,,,a,
ASN00082076,19970413,TMAX,253,,,a,
ASN00082076,19970414,TMAX,258,,,a,
ASN00082076,19970415,TMAX,225,,,a,
ASN00082076,19970416,TMAX,225,,,a,
ASN00082076,19970417,TMAX,228,,,a,
ASN00082076,19970418,TMAX,218,,,a,
ASN00082076,19970419,TMAX,212,,,a,
ASN00082076,19970420,TMAX,206,,,a,
ASN00082076,19970421,TMAX,208,,,a,
ASN00082076,19970422,TMAX,240,,,a,
ASN00082076,19970423,TMAX,216,,,a,
ASN00082076,19970424,TMAX,235,,,a,
ASN00082076,19970425,TMAX,204,,,a,
ASN00082076,19970426,TMAX,223,,,a,
ASN00082076,19970427,TMAX,228,,,a,
ASN00082076,19970428,TMAX,239,,,a,
ASN00082076,19970429,TMAX,235,,,a,
ASN00082076,19970430,TMAX,256,,,a,
ASN00082076,19970401,TMIN,87,,,a,
ASN00082076,19970402,TMIN,30,,,a,
ASN00082076,19970403,TMIN,86,,,a,
ASN00082076,19970404,TMIN,85,,,a,
ASN00082076,19970405,TMIN,80,,,a,
ASN00082076,19970406,TMIN,81,,,a,
ASN00082076,19970407,TMIN,74,,,a,
ASN00082076,19970408,TMIN,60,,,a,
ASN00082076,19970409,TMIN,36,,,a,
ASN00082076,19970410,TMIN,45,,,a,
ASN00082076,19970411,TMIN,68,,,a,
ASN00082076,19970412,TMIN,60,,,a,
ASN00082076,19970413,TMIN,47,,,a,
ASN00082076,19970414,TMIN,45,,,a,
ASN00082076,19970415,TMIN,115,,,a,
ASN00082076,19970416,TMIN,58,,,a,
ASN00082076,19970417,TMIN,43,,,a,
ASN00082076,19970418,TMIN,28,,,a,
ASN00082076,19970419,TMIN,40,,,a,
ASN00082076,19970420,TMIN,55,,,a,
ASN00082076,19970421,TMIN,25,,,a,
ASN00082076,19970422,TMIN,65,,,a,
ASN00082076,19970423,TMIN,86,,,a,
ASN00082076,19970424,TMIN,107,,,a,
ASN00082076,19970425,TMIN,105,,,a,
ASN00082076,19970426,TMIN,37,,,a,
ASN00082076,19970427,TMIN,43,,,a,
ASN00082076,19970428,TMIN,25,,,a,
ASN00082076,19970429,TMIN,54,,,a,
ASN00082076,19970430,TMIN,55,,,a,
ASN00082076,19970401,PRCP,0,,,a,
ASN00082076,19970402,PRCP,0,,,a,
ASN00082076,19970403,PRCP,44,,,a,
ASN00082076,19970404,PRCP,0,,,a,
ASN00082076,19970405,PRCP,0,,,a,
ASN00082076,19970406,PRCP,0,,,a,
ASN00082076,19970407,PRCP,0,,,a,
ASN00082076,19970408,PRCP,0,,,a,
ASN00082076,19970409,PRCP,0,,,a,
ASN00082076,19970410,PRCP,0,,,a,
ASN00082076,19970411,PRCP,0,,,a,
ASN00082076,19970412,PRCP,0,,,a,
ASN00082076,19970413,PRCP,0,,,a,
ASN00082076,19970414,PRCP,0,,,a,
ASN00082076,19970415,PRCP,0,,,a,
ASN00082076,19970416,PRCP,0,,,a,
ASN00082076,19970417,PRCP,0,,,a,
ASN00082076,19970418,PRCP,0,,,a,
ASN00082076,19970419,PRCP,0,,,a,
ASN00082076,19970420,PRCP,0,,,a,
ASN00082076,19970421,PRCP,0,,,a,
ASN00082076,19970422,PRCP,22,,,a,
ASN00082076,19970423,PRCP,10,,,a,
ASN00082076,19970424,PRCP,2,,,a,
ASN00082076,19970425,PRCP,0,,,a,
ASN00082076,19970426,PRCP,0,,,a,
ASN00082076,19970427,PRCP,0,,,a,
ASN00082076,19970428,PRCP,0,,,a,
ASN00082076,19970429,PRCP,0,,,a,
ASN00082076,19970430,PRCP,0,,,a,
ASN00082076,19970501,TMAX,244,,,a,
ASN00082076,19970502,TMAX,210,,,a,
ASN00082076,19970503,TMAX,215,,,a,
ASN00082076,19970504,TMAX,214,,,a,
ASN00082076,19970505,TMAX,198,,,a,
ASN00082076,19970506,TMAX,196,,,a,
ASN00082076,19970507,TMAX,163,,,a,
ASN00082076,19970508,TMAX,135,,,a,
ASN00082076,19970509,TMAX,118,,,a,
ASN00082076,19970510,TMAX,138,,,a,
ASN00082076,19970511,TMAX,155,,,a,
ASN00082076,19970512,TMAX,158,,,a,
ASN00082076,19970513,TMAX,173,,,a,
ASN00082076,19970514,TMAX,152,,,a,
ASN00082076,19970515,TMAX,167,,,a,
ASN00082076,19970516,TMAX,150,,,a,
ASN00082076,19970517,TMAX,138,,,a,
ASN00082076,19970518,TMAX,122,,,a,
ASN00082076,19970519,TMAX,174,,,a,
ASN00082076,19970520,TMAX,166,,,a,
ASN00082076,19970521,TMAX,141,,,a,
ASN00082076,19970522,TMAX,185,,,a,
ASN00082076,19970523,TMAX,168,,,a,
ASN00082076,19970524,TMAX,175,,,a,
ASN00082076,19970525,TMAX,152,,,a,
ASN00082076,19970526,TMAX,113,,,a,
ASN00082076,19970527,TMAX,162,,,a,
ASN00082076,19970528,TMAX,162,,,a,
ASN00082076,19970529,TMAX,120,,,a,
ASN00082076,19970530,TMAX,114,,,a,
ASN00082076,19970531,TMAX,114,,,a,
ASN00082076,19970501,TMIN,43,,,a,
ASN00082076,19970502,TMIN,86,,,a,
ASN00082076,19970503,TMIN,86,,,a,
ASN00082076,19970504,TMIN,91,,,a,
ASN00082076,19970505,TMIN,105,,,a,
ASN00082076,19970506,TMIN,60,,,a,
ASN00082076,19970507,TMIN,66,,,a,
ASN00082076,19970508,TMIN,-5,,,a,
ASN00082076,19970509,TMIN,4,,,a,
ASN00082076,19970510,TMIN,76,,,a,
ASN00082076,19970511,TMIN,90,,,a,
ASN00082076,19970512,TMIN,77,,,a,
ASN00082076,19970513,TMIN,13,,,a,
ASN00082076,19970514,TMIN,13,,,a,
ASN00082076,19970515,TMIN,13,,,a,
ASN00082076,19970516,TMIN,28,,,a,
ASN00082076,19970517,TMIN,53,,,a,
ASN00082076,19970518,TMIN,55,,,a,
ASN00082076,19970519,TMIN,56,,,a,
ASN00082076,19970520,TMIN,7,,,a,
ASN00082076,19970501,PRCP,0,,,a,
ASN00082076,19970502,PRCP,0,,,a,
ASN00082076,19970503,PRCP,4,,,a,
ASN00082076,19970504,PRCP,0,,,a,
ASN00082076,19970505,PRCP,138,,,a,
ASN00082076,19970506,PRCP,4,,,a,
ASN00082076,19970507,PRCP,234,,,a,
ASN00082076,19970508,PRCP,6,,,a,
ASN00082076,19970509,PRCP,4,,,a,
ASN00082076,19970510,PRCP,0,,,a,
ASN00082076,19970511,PRCP,0,,,a,
ASN00082076,19970512,PRCP,0,,,a,
ASN00082076,19970513,PRCP,0,,,a,
ASN00082076,19970514,PRCP,0,,,a,
ASN00082076,19970515,PRCP,0,,,a,
ASN00082076,19970516,PRCP,0,,,a,
ASN00082076,19970517,PRCP,48,,,a,
ASN00082076,19970518,PRCP,280,,,a,
ASN00082076,19970519,PRCP,54,,,a,
ASN00082076,19970520,PRCP,0,,,a,
ASN00082076,19970521,PRCP,0,,,a,
ASN00082076,19970522,PRCP,0,,,a,
ASN00082076,19970523,PRCP,0,,,a,
ASN00082076,19970524,PRCP,0,,,a,
ASN00082076,19970525,PRCP,0,,,a,
ASN00082076,19970526,PRCP,0,,,a,
ASN00082076,19970527,PRCP,122,,,a,
ASN00082076,19970528,PRCP,2,,,a,
ASN00082076,19970529,PRCP,18,,,a,
ASN00082076,19970530,PRCP,118,,,a,
ASN00082076,19970531,PRCP,4,,,a,
ASN00082076,19970601,TMAX,133,,,a,
ASN00082076,19970602,TMAX,134,,,a,
ASN00082076,19970603,TMAX,145,,,a,
ASN00082076,19970604,TMAX,167,,,a,
ASN00082076,19970605,TMAX,157,,,a,
ASN00082076,19970606,TMAX,161,,,a,
ASN00082076,19970607,TMAX,123,,,a,
ASN00082076,19970608,TMAX,125,,,a,
ASN00082076,19970609,TMAX,129,,,a,
ASN00082076,19970610,TMAX,113,,,a,
ASN00082076,19970611,TMAX,105,,,a,
ASN00082076,19970612,TMAX,95,,,a,
ASN00082076,19970613,TMAX,113,,,a,
ASN00082076,19970614,TMAX,105,,,a,
ASN00082076,19970615,TMAX,116,,,a,
ASN00082076,19970616,TMAX,130,,,a,
ASN00082076,19970617,TMAX,134,,,a,
ASN00082076,19970618,TMAX,135,,,a,
ASN00082076,19970619,TMAX,145,,,a,
ASN00082076,19970620,TMAX,138,,,a,
ASN00082076,19970621,TMAX,133,,,a,
ASN00082076,19970622,TMAX,100,,,a,
ASN00082076,19970623,TMAX,153,,,a,
ASN00082076,19970624,TMAX,112,,,a,
ASN00082076,19970625,TMAX,110,,,a,
ASN00082076,19970602,TMIN,-15,,,a,
ASN00082076,19970603,TMIN,0,,,a,
ASN00082076,19970604,TMIN,-18,,,a,
ASN00082076,19970605,TMIN,6,,,a,
ASN00082076,19970606,TMIN,43,,,a,
ASN00082076,19970607,TMIN,0,,,a,
ASN00082076,19970608,TMIN,10,,,a,
ASN00082076,19970609,TMIN,8,,,a,
ASN00082076,19970610,TMIN,8,,,a,
ASN00082076,19970611,TMIN,20,,,a,
ASN00082076,19970612,TMIN,6,,,a,
ASN00082076,19970613,TMIN,24,,,a,
ASN00082076,19970614,TMIN,58,,,a,
ASN00082076,19970615,TMIN,12,,,a,
ASN00082076,19970616,TMIN,-2,,,a,
ASN00082076,19970617,TMIN,5,,,a,
ASN00082076,19970618,TMIN,20,,,a,
ASN00082076,19970619,TMIN,-5,,,a,
ASN00082076,19970620,TMIN,-10,,,a,
ASN00082076,19970621,TMIN,-3,,,a,
ASN00082076,19970622,TMIN,30,,,a,
ASN00082076,19970623,TMIN,40,,,a,
ASN00082076,19970624,TMIN,59,,,a,
ASN00082076,19970625,TMIN,55,,,a,
ASN00082076,19970626,TMIN,72,,,a,
ASN00082076,19970627,TMIN,80,,,a,
ASN00082076,19970628,TMIN,118,,,a,
ASN00082076,19970629,TMIN,118,,,a,
ASN00082076,19970630,TMIN,57,,,a,
ASN00082076,19970601,PRCP,0,,,a,
ASN00082076,19970602,PRCP,0,,,a,
ASN00082076,19970603,PRCP,0,,,a,
ASN00082076,19970604,PRCP,0,,,a,
ASN00082076,19970605,PRCP,0,,,a,
ASN00082076,19970606,PRCP,82,,,a,
ASN00082076,19970607,PRCP,18,,,a,
ASN00082076,19970608,PRCP,0,,,a,
ASN00082076,19970609,PRCP,0,,,a,
ASN00082076,19970610,PRCP,0,,,a,
ASN00082076,19970611,PRCP,0,,,a,
ASN00082076,19970612,PRCP,0,,,a,
ASN00082076,19970613,PRCP,34,,,a,
ASN00082076,19970614,PRCP,260,,,a,
ASN00082076,19970615,PRCP,4,,,a,
ASN00082076,19970616,PRCP,0,,,a,
ASN00082076,19970617,PRCP,0,,,a,
ASN00082076,19970618,PRCP,0,,,a,
ASN00082076,19970619,PRCP,0,,,a,
ASN00082076,19970620,PRCP,0,,,a,
ASN00082076,19970621,PRCP,4,,,a,
ASN00082076,19970622,PRCP,0,,,a,
ASN00082076,19970623,PRCP,14,,,a,
ASN00082076,19970624,PRCP,2,,,a,
ASN00082076,19970625,PRCP,8,,,a,
ASN00082076,19970626,PRCP,0,,,a,
ASN00082076,19970627,PRCP,0,,,a,
ASN00082076,19970628,PRCP,0,,,a,
ASN00082076,19970629,PRCP,0,,,a,
ASN00082076,19970630,PRCP,0,,,a,
ASN00082076,19970711,TMAX,105,,,a,
ASN00082076,19970712,TMAX,108,,,a,
ASN00082076,19970713,TMAX,118,,,a,
ASN00082076,19970714,TMAX,142,,,a,
ASN00082076,19970715,TMAX,98,,,a,
ASN00082076,19970716,TMAX,65,,,a,
ASN00082076,19970717,TMAX,108,,,a,
ASN00082076,19970718,TMAX,115,,,a,
ASN00082076,19970719,TMAX,120,,,a,
ASN00082076,19970720,TMAX,135,,,a,
ASN00082076,19970721,TMAX,125,,,a,
ASN00082076,19970722,TMAX,128,,,a,
ASN00082076,19970723,TMAX,135,,,a,
ASN00082076,19970724,TMAX,110,,,a,
ASN00082076,19970725,TMAX,170,,,a,
ASN00082076,19970726,TMAX,141,,,a,
ASN00082076,19970727,TMAX,128,,,a,
ASN00082076,19970728,TMAX,91,,,a,
ASN00082076,19970729,TMAX,110,,,a,
ASN00082076,19970730,TMAX,115,,,a,
ASN00082076,19970731,TMAX,125,,,a,
ASN00082076,19970701,TMIN,8,,,a,
ASN00082076,19970702,TMIN,5,,,a,
ASN00082076,19970703,TMIN,19,,,a,
ASN00082076,19970704,TMIN,13,,,a,
ASN00082076,19970705,TMIN,28,,,a,
ASN00082076,19970706,TMIN,15,,,a,
ASN00082076,19970707,TMIN,8,,,a,
ASN00082076,19970708,TMIN,25,,,a,
ASN00082076,19970709,TMIN,48,,,a,
ASN00082076,19970710,TMIN,-4,,,a,
ASN00082076,19970711,TMIN,-32,,,a,
ASN00082076,19970712,TMIN,-8,,,a,
ASN00082076,19970713,TMIN,-33,,,a,
ASN00082076,19970714,TMIN,-30,,,a,
ASN00082076,19970715,TMIN,8,,,a,
ASN00082076,19970716,TMIN,13,,,a,
ASN00082076,19970717,TMIN,26,,,a,
ASN00082076,19970718,TMIN,-18,,,a,
ASN00082076,19970719,TMIN,-30,,,a,
ASN00082076,19970720,TMIN,-30,,,a,
ASN00082076,19970721,TMIN,-22,,,a,
ASN00082076,19970722,TMIN,13,,,a,
ASN00082076,19970723,TMIN,-20,,,a,
ASN00082076,19970724,TMIN,-6,,,a,
ASN00082076,19970725,TMIN,22,,,a,
ASN00082076,19970726,TMIN,20,,,a,
ASN00082076,19970727,TMIN,78,,,a,
ASN00082076,19970728,TMIN,43,,,a,
ASN00082076,19970729,TMIN,4,,,a,
ASN00082076,19970730,TMIN,-30,,,a,
ASN00082076,19970731,TMIN,10,,,a,
ASN00082076,19970701,PRCP,0,,,a,
ASN00082076,19970702,PRCP,0,,,a,
ASN00082076,19970703,PRCP,0,,,a,
ASN00082076,19970704,PRCP,0,,,a,
ASN00082076,19970705,PRCP,0,,,a,
ASN00082076,19970706,PRCP,0,,,a,
ASN00082076,19970707,PRCP,0,,,a,
ASN00082076,19970708,PRCP,0,,,a,
ASN00082076,19970709,PRCP,128,,,a,
ASN00082076,19970710,PRCP,12,,,a,
ASN00082076,19970711,PRCP,0,,,a,
ASN00082076,19970712,PRCP,0,,,a,
ASN00082076,19970713,PRCP,0,,,a,
ASN00082076,19970714,PRCP,0,,,a,
ASN00082076,19970715,PRCP,0,,,a,
ASN00082076,19970716,PRCP,84,,,a,
ASN00082076,19970717,PRCP,12,,,a,
ASN00082076,19970718,PRCP,0,,,a,
ASN00082076,19970719,PRCP,0,,,a,
ASN00082076,19970720,PRCP,0,,,a,
ASN00082076,19970721,PRCP,0,,,a,
ASN00082076,19970722,PRCP,4,,,a,
ASN00082076,19970723,PRCP,0,,,a,
ASN00082076,19970724,PRCP,0,,,a,
ASN00082076,19970725,PRCP,0,,,a,
ASN00082076,19970726,PRCP,50,,,a,
ASN00082076,19970727,PRCP,116,,,a,
ASN00082076,19970728,PRCP,2,,,a,
ASN00082076,19970729,PRCP,18,,,a,
ASN00082076,19970730,PRCP,0,,,a,
ASN00082076,19970731,PRCP,0,,,a,
ASN00082076,19970801,TMAX,142,,,a,
ASN00082076,19970802,TMAX,140,,,a,
ASN00082076,19970803,TMAX,144,,,a,
ASN00082076,19970804,TMAX,151,,,a,
ASN00082076,19970805,TMAX,155,,,a,
ASN00082076,19970806,TMAX,130,,,a,
ASN00082076,19970807,TMAX,108,,,a,
ASN00082076,19970808,TMAX,65,,,a,
ASN00082076,19970809,TMAX,96,,,a,
ASN00082076,19970810,TMAX,100,,,a,
ASN00082076,19970811,TMAX,75,,,a,
ASN00082076,19970812,TMAX,140,,,a,
ASN00082076,19970813,TMAX,108,,,a,
ASN00082076,19970814,TMAX,120,,,a,
ASN00082076,19970815,TMAX,125,,,a,
ASN00082076,19970816,TMAX,144,,,a,
ASN00082076,19970817,TMAX,123,,,a,
ASN00082076,19970818,TMAX,118,,,a,
ASN00082076,19970819,TMAX,144,,,a,
ASN00082076,19970820,TMAX,156,,,a,
ASN00082076,19970821,TMAX,155,,,a,
ASN00082076,19970822,TMAX,142,,,a,
ASN00082076,19970823,TMAX,120,,,a,
ASN00082076,19970824,TMAX,68,,,a,
ASN00082076,19970825,TMAX,85,,,a,
ASN00082076,19970826,TMAX,112,,,a,
ASN00082076,19970827,TMAX,130,,,a,
ASN00082076,19970828,TMAX,121,,,a,
ASN00082076,19970829,TMAX,153,,,a,
ASN00082076,19970830,TMAX,160,,,a,
ASN00082076,19970831,TMAX,140,,,a,
ASN00082076,19970801,TMIN,-7,,,a,
ASN00082076,19970802,TMIN,-23,,,a,
ASN00082076,19970803,TMIN,-29,,,a,
ASN00082076,19970804,TMIN,-28,,,a,
ASN00082076,19970805,TMIN,-22,,,a,
ASN00082076,19970806,TMIN,0,,,a,
ASN00082076,19970807,TMIN,28,,,a,
ASN00082076,19970808,TMIN,38,,,a,
ASN00082076,19970809,TMIN,20,,,a,
ASN00082076,19970810,TMIN,-9,,,a,
ASN00082076,19970811,TMIN,-3,,,a,
ASN00082076,19970812,TMIN,40,,,a,
ASN00082076,19970813,TMIN,45,,,a,
ASN00082076,19970814,TMIN,60,,,a,
ASN00082076,19970815,TMIN,62,,,a,
ASN00082076,19970816,TMIN,65,,,a,
ASN00082076,19970817,TMIN,68,,,a,
ASN00082076,19970818,TMIN,34,,,a,
ASN00082076,19970819,TMIN,-10,,,a,
ASN00082076,19970820,TMIN,5,,,a,
ASN00082076,19970821,TMIN,0,,,a,
ASN00082076,19970822,TMIN,2,,,a,
ASN00082076,19970823,TMIN,23,,,a,
ASN00082076,19970824,TMIN,18,,,a,
ASN00082076,19970825,TMIN,-15,,,a,
ASN00082076,19970826,TMIN,0,,,a,
ASN00082076,19970827,TMIN,62,,,a,
ASN00082076,19970828,TMIN,32,,,a,
ASN00082076,19970829,TMIN,12,,,a,
ASN00082076,19970830,TMIN,10,,,a,
ASN00082076,19970831,TMIN,41,,,a,
ASN00082076,19970801,PRCP,0,,,a,
ASN00082076,19970802,PRCP,0,,,a,
ASN00082076,19970803,PRCP,0,,,a,
ASN00082076,19970804,PRCP,0,,,a,
ASN00082076,19970805,PRCP,0,,,a,
ASN00082076,19970806,PRCP,8,,,a,
ASN00082076,19970807,PRCP,114,,,a,
ASN00082076,19970808,PRCP,232,,,a,
ASN00082076,19970809,PRCP,60,,,a,
ASN00082076,19970810,PRCP,0,,,a,
ASN00082076,19970811,PRCP,0,,,a,
ASN00082076,19970812,PRCP,244,,,a,
ASN00082076,19970813,PRCP,0,,,a,
ASN00082076,19970814,PRCP,26,,,a,
ASN00082076,19970815,PRCP,4,,,a,
ASN00082076,19970816,PRCP,0,,,a,
ASN00082076,19970817,PRCP,10,,,a,
ASN00082076,19970818,PRCP,28,,,a,
ASN00082076,19970819,PRCP,0,,,a,
ASN00082076,19970820,PRCP,0,,,a,
ASN00082076,19970821,PRCP,0,,,a,
ASN00082076,19970822,PRCP,0,,,a,
ASN00082076,19970823,PRCP,0,,,a,
ASN00082076,19970824,PRCP,104,,,a,
ASN00082076,19970825,PRCP,28,,,a,
ASN00082076,19970826,PRCP,34,,,a,
ASN00082076,19970827,PRCP,4,,,a,
ASN00082076,19970828,PRCP,0,,,a,
ASN00082076,19970829,PRCP,0,,,a,
ASN00082076,19970830,PRCP,0,,,a,
ASN00082076,19970831,PRCP,20,,,a,
ASN00082076,19970901,TMAX,166,,,a,
ASN00082076,19970902,TMAX,162,,,a,
ASN00082076,19970903,TMAX,152,,,a,
ASN00082076,19970904,TMAX,130,,,a,
ASN00082076,19970905,TMAX,149,,,a,
ASN00082076,19970906,TMAX,170,,,a,
ASN00082076,19970907,TMAX,143,,,a,
ASN00082076,19970908,TMAX,118,,,a,
ASN00082076,19970909,TMAX,158,,,a,
ASN00082076,19970910,TMAX,172,,,a,
ASN00082076,19970911,TMAX,183,,,a,
ASN00082076,19970912,TMAX,190,,,a,
ASN00082076,19970913,TMAX,187,,,a,
ASN00082076,19970914,TMAX,140,,,a,
ASN00082076,19970915,TMAX,175,,,a,
ASN00082076,19970916,TMAX,165,,,a,
ASN00082076,19970917,TMAX,181,,,a,
ASN00082076,19970918,TMAX,183,,,a,
ASN00082076,19970919,TMAX,165,,,a,
ASN00082076,19970920,TMAX,178,,,a,
ASN00082076,19970921,TMAX,182,,,a,
ASN00082076,19970922,TMAX,170,,,a,
ASN00082076,19970923,TMAX,161,,,a,
ASN00082076,19970924,TMAX,176,,,a,
ASN00082076,19970925,TMAX,190,,,a,
ASN00082076,19970926,TMAX,171,,,a,
ASN00082076,19970927,TMAX,189,,,a,
ASN00082076,19970928,TMAX,158,,,a,
ASN00082076,19970929,TMAX,178,,,a,
ASN00082076,19970930,TMAX,198,,,a,
ASN00082076,19970901,TMIN,58,,,a,
ASN00082076,19970902,TMIN,97,,,a,
ASN00082076,19970903,TMIN,97,,,a,
ASN00082076,19970904,TMIN,91,,,a,
ASN00082076,19970905,TMIN,75,,,a,
ASN00082076,19970906,TMIN,38,,,a,
ASN00082076,19970907,TMIN,51,,,a,
ASN00082076,19970908,TMIN,68,,,a,
ASN00082076,19970909,TMIN,47,,,a,
ASN00082076,19970910,TMIN,40,,,a,
ASN00082076,19970911,TMIN,52,,,a,
ASN00082076,19970912,TMIN,40,,,a,
ASN00082076,19970913,TMIN,35,,,a,
ASN00082076,19970914,TMIN,35,,,a,
ASN00082076,19970915,TMIN,76,,,a,
ASN00082076,19970916,TMIN,65,,,a,
ASN00082076,19970917,TMIN,50,,,a,
ASN00082076,19970918,TMIN,48,,,a,
ASN00082076,19970919,TMIN,34,,,a,
ASN00082076,19970920,TMIN,90,,,a,
ASN00082076,19970921,TMIN,84,,,a,
ASN00082076,19970922,TMIN,93,,,a,
ASN00082076,19970923,TMIN,76,,,a,
ASN00082076,19970924,TMIN,73,,,a,
ASN00082076,19970925,TMIN,44,,,a,
ASN00082076,19970926,TMIN,35,,,a,
ASN00082076,19970927,TMIN,72,,,a,
ASN00082076,19970928,TMIN,60,,,a,
ASN00082076,19970929,TMIN,28,,,a,
ASN00082076,19970930,TMIN,13,,,a,
ASN00082076,19970901,PRCP,62,,,a,
ASN00082076,19970902,PRCP,102,,,a,
ASN00082076,19970903,PRCP,24,,,a,
ASN00082076,19970904,PRCP,80,,,a,
ASN00082076,19970905,PRCP,8,,,a,
ASN00082076,19970906,PRCP,16,,,a,
ASN00082076,19970907,PRCP,8,,,a,
ASN00082076,19970908,PRCP,260,,,a,
ASN00082076,19970909,PRCP,54,,,a,
ASN00082076,19970910,PRCP,0,,,a,
ASN00082076,19970911,PRCP,0,,,a,
ASN00082076,19970912,PRCP,0,,,a,
ASN00082076,19970913,PRCP,0,,,a,
ASN00082076,19970914,PRCP,0,,,a,
ASN00082076,19970915,PRCP,72,,,a,
ASN00082076,19970916,PRCP,2,,,a,
ASN00082076,19970917,PRCP,0,,,a,
ASN00082076,19970918,PRCP,0,,,a,
ASN00082076,19970919,PRCP,0,,,a,
ASN00082076,19970920,PRCP,56,,,a,
ASN00082076,19970921,PRCP,6,,,a,
ASN00082076,19970922,PRCP,0,,,a,
ASN00082076,19970923,PRCP,0,,,a,
ASN00082076,19970924,PRCP,0,,,a,
ASN00082076,19970925,PRCP,12,,,a,
ASN00082076,19970926,PRCP,0,,,a,
ASN00082076,19970927,PRCP,54,,,a,
ASN00082076,19970928,PRCP,6,,,a,
ASN00082076,19970929,PRCP,0,,,a,
ASN00082076,19970930,PRCP,0,,,a,
ASN00082076,19971001,TMAX,212,,,a,
ASN00082076,19971002,TMAX,225,,,a,
ASN00082076,19971003,TMAX,145,,,a,
ASN00082076,19971004,TMAX,190,,,a,
ASN00082076,19971005,TMAX,190,,,a,
ASN00082076,19971006,TMAX,210,,,a,
ASN00082076,19971007,TMAX,150,,,a,
ASN00082076,19971008,TMAX,145,,,a,
ASN00082076,19971009,TMAX,215,,,a,
ASN00082076,19971010,TMAX,240,,,a,
ASN00082076,19971011,TMAX,220,,,a,
ASN00082076,19971012,TMAX,168,,,a,
ASN00082076,19971013,TMAX,170,,,a,
ASN00082076,19971014,TMAX,188,,,a,
ASN00082076,19971015,TMAX,158,,,a,
ASN00082076,19971016,TMAX,199,,,a,
ASN00082076,19971017,TMAX,169,,,a,
ASN00082076,19971018,TMAX,160,,,a,
ASN00082076,19971019,TMAX,178,,,a,
ASN00082076,19971020,TMAX,151,,,a,
ASN00082076,19971021,TMAX,185,,,a,
ASN00082076,19971022,TMAX,241,,,a,
ASN00082076,19971023,TMAX,256,,,a,
ASN00082076,19971024,TMAX,267,,,a,
ASN00082076,19971025,TMAX,293,,,a,
ASN00082076,19971026,TMAX,297,,,a,
ASN00082076,19971027,TMAX,294,,,a,
ASN00082076,19971028,TMAX,270,,,a,
ASN00082076,19971029,TMAX,212,,,a,
ASN00082076,19971030,TMAX,282,,,a,
ASN00082076,19971031,TMAX,213,,,a,
ASN00082076,19971001,TMIN,16,,,a,
ASN00082076,19971002,TMIN,76,,,a,
ASN00082076,19971003,TMIN,98,,,a,
ASN00082076,19971004,TMIN,-10,,,a,
ASN00082076,19971005,TMIN,40,,,a,
ASN00082076,19971006,TMIN,95,,,a,
ASN00082076,19971007,TMIN,66,,,a,
ASN00082076,19971008,TMIN,88,,,a,
ASN00082076,19971009,TMIN,60,,,a,
ASN00082076,19971010,TMIN,55,,,a,
ASN00082076,19971011,TMIN,75,,,a,
ASN00082076,19971012,TMIN,102,,,a,
ASN00082076,19971013,TMIN,40,,,a,
ASN00082076,19971014,TMIN,13,,,a,
ASN00082076,19971015,TMIN,6,,,a,
ASN00082076,19971016,TMIN,88,,,a,
ASN00082076,19971017,TMIN,39,,,a,
ASN00082076,19971018,TMIN,15,,,a,
ASN00082076,19971019,TMIN,13,,,a,
ASN00082076,19971020,TMIN,26,,,a,
ASN00082076,19971021,TMIN,54,,,a,
ASN00082076,19971022,TMIN,55,,,a,
ASN00082076,19971023,TMIN,70,,,a,
ASN00082076,19971024,TMIN,73,,,a,
ASN00082076,19971025,TMIN,80,,,a,
ASN00082076,19971026,TMIN,98,,,a,
ASN00082076,19971027,TMIN,114,,,a,
ASN00082076,19971028,TMIN,115,,,a,
ASN00082076,19971029,TMIN,90,,,a,
ASN00082076,19971030,TMIN,118,,,a,
ASN00082076,19971031,TMIN,180,,,a,
ASN00082076,19971001,PRCP,0,,,a,
ASN00082076,19971002,PRCP,0,,,a,
ASN00082076,19971003,PRCP,0,,,a,
ASN00082076,19971004,PRCP,0,,,a,
ASN00082076,19971005,PRCP,0,,,a,
ASN00082076,19971006,PRCP,0,,,a,
ASN00082076,19971009,PRCP,18,,,a,
ASN00082076,19971010,PRCP,0,,,a,
ASN00082076,19971011,PRCP,0,,,a,
ASN00082076,19971012,PRCP,0,,,a,
ASN00082076,19971013,PRCP,14,,,a,
ASN00082076,19971014,PRCP,0,,,a,
ASN00082076,19971015,PRCP,2,,,a,
ASN00082076,19971016,PRCP,0,,,a,
ASN00082076,19971017,PRCP,0,,,a,
ASN00082076,19971018,PRCP,0,,,a,
ASN00082076,19971019,PRCP,0,,,a,
ASN00082076,19971020,PRCP,0,,,a,
ASN00082076,19971021,PRCP,0,,,a,
ASN00082076,19971022,PRCP,0,,,a,
ASN00082076,19971023,PRCP,0,,,a,
ASN00082076,19971024,PRCP,0,,,a,
ASN00082076,19971025,PRCP,0,,,a,
ASN00082076,19971026,PRCP,0,,,a,
ASN00082076,19971027,PRCP,0,,,a,
ASN00082076,19971028,PRCP,0,,,a,
ASN00082076,19971029,PRCP,4,,,a,
ASN00082076,19971030,PRCP,0,,,a,
ASN00082076,19971031,PRCP,190,,,a,
ASN00082076,19971008,DAPR,2,,,a,
ASN00082076,19971008,DWPR,2,,,a,
ASN00082076,19971008,MDPR,28,,,a,
ASN00082076,19971101,TMAX,172,,,a,
ASN00082076,19971102,TMAX,195,,,a,
ASN00082076,19971103,TMAX,215,,,a,
ASN00082076,19971104,TMAX,245,,,a,
ASN00082076,19971105,TMAX,258,,,a,
ASN00082076,19971106,TMAX,225,,,a,
ASN00082076,19971107,TMAX,291,,,a,
ASN00082076,19971108,TMAX,252,,,a,
ASN00082076,19971109,TMAX,275,,,a,
ASN00082076,19971110,TMAX,250,,,a,
ASN00082076,19971111,TMAX,252,,,a,
ASN00082076,19971112,TMAX,238,,,a,
ASN00082076,19971113,TMAX,248,,,a,
ASN00082076,19971114,TMAX,216,,,a,
ASN00082076,19971115,TMAX,222,,,a,
ASN00082076,19971116,TMAX,183,,,a,
ASN00082076,19971117,TMAX,188,,,a,
ASN00082076,19971118,TMAX,204,,,a,
ASN00082076,19971119,TMAX,221,,,a,
ASN00082076,19971120,TMAX,255,,,a,
ASN00082076,19971121,TMAX,280,,,a,
ASN00082076,19971122,TMAX,288,,,a,
ASN00082076,19971123,TMAX,341,,,a,
ASN00082076,19971124,TMAX,324,,,a,
ASN00082076,19971125,TMAX,351,,,a,
ASN00082076,19971126,TMAX,370,,,a,
ASN00082076,19971127,TMAX,318,,,a,
ASN00082076,19971128,TMAX,284,,,a,
ASN00082076,19971129,TMAX,275,,,a,
ASN00082076,19971130,TMAX,276,,,a,
ASN00082076,19971101,TMIN,105,,,a,
ASN00082076,19971102,TMIN,66,,,a,
ASN00082076,19971103,TMIN,92,,,a,
ASN00082076,19971104,TMIN,113,,,a,
ASN00082076,19971105,TMIN,88,,,a,
ASN00082076,19971106,TMIN,85,,,a,
ASN00082076,19971107,TMIN,121,,,a,
ASN00082076,19971108,TMIN,145,,,a,
ASN00082076,19971109,TMIN,130,,,a,
ASN00082076,19971110,TMIN,110,,,a,
ASN00082076,19971111,TMIN,155,,,a,
ASN00082076,19971112,TMIN,125,,,a,
ASN00082076,19971113,TMIN,73,,,a,
ASN00082076,19971114,TMIN,127,,,a,
ASN00082076,19971115,TMIN,120,,,a,
ASN00082076,19971116,TMIN,46,,,a,
ASN00082076,19971117,TMIN,42,,,a,
ASN00082076,19971118,TMIN,27,,,a,
ASN00082076,19971119,TMIN,48,,,a,
ASN00082076,19971120,TMIN,62,,,a,
ASN00082076,19971121,TMIN,112,,,a,
ASN00082076,19971122,TMIN,96,,,a,
ASN00082076,19971123,TMIN,105,,,a,
ASN00082076,19971124,TMIN,125,,,a,
ASN00082076,19971125,TMIN,100,,,a,
ASN00082076,19971126,TMIN,136,,,a,
ASN00082076,19971127,TMIN,160,,,a,
ASN00082076,19971128,TMIN,158,,,a,
ASN00082076,19971129,TMIN,94,,,a,
ASN00082076,19971130,TMIN,113,,,a,
ASN00082076,19971101,PRCP,426,,,a,
ASN00082076,19971102,PRCP,8,,,a,
ASN00082076,19971103,PRCP,0,,,a,
ASN00082076,19971104,PRCP,0,,,a,
ASN00082076,19971105,PRCP,0,,,a,
ASN00082076,19971106,PRCP,0,,,a,
ASN00082076,19971107,PRCP,0,,,a,
ASN00082076,19971108,PRCP,0,,,a,
ASN00082076,19971109,PRCP,0,,,a,
ASN00082076,19971110,PRCP,0,,,a,
ASN00082076,19971111,PRCP,52,,,a,
ASN00082076,19971112,PRCP,0,,,a,
ASN00082076,19971113,PRCP,0,,,a,
ASN00082076,19971114,PRCP,90,,,a,
ASN00082076,19971115,PRCP,110,,,a,
ASN00082076,19971116,PRCP,0,,,a,
ASN00082076,19971117,PRCP,0,,,a,
ASN00082076,19971118,PRCP,0,,,a,
ASN00082076,19971119,PRCP,0,,,a,
ASN00082076,19971120,PRCP,0,,,a,
ASN00082076,19971121,PRCP,0,,,a,
ASN00082076,19971122,PRCP,0,,,a,
ASN00082076,19971123,PRCP,0,,,a,
ASN00082076,19971124,PRCP,0,,,a,
ASN00082076,19971125,PRCP,0,,,a,
ASN00082076,19971126,PRCP,0,,,a,
ASN00082076,19971127,PRCP,8,,,a,
ASN00082076,19971128,PRCP,14,,,a,
ASN00082076,19971129,PRCP,0,,,a,
ASN00082076,19971130,PRCP,34,,,a,
ASN00082076,19971201,TMAX,276,,,a,
ASN00082076,19971202,TMAX,270,,,a,
ASN00082076,19971203,TMAX,258,,,a,
ASN00082076,19971204,TMAX,271,,,a,
ASN00082076,19971205,TMAX,278,,,a,
ASN00082076,19971206,TMAX,325,,,a,
ASN00082076,19971207,TMAX,304,,,a,
ASN00082076,19971208,TMAX,298,,,a,
ASN00082076,19971209,TMAX,255,,,a,
ASN00082076,19971210,TMAX,275,,,a,
ASN00082076,19971211,TMAX,286,,,a,
ASN00082076,19971212,TMAX,310,,,a,
ASN00082076,19971213,TMAX,296,,,a,
ASN00082076,19971214,TMAX,267,,,a,
ASN00082076,19971215,TMAX,225,,,a,
ASN00082076,19971216,TMAX,267,,,a,
ASN00082076,19971217,TMAX,287,,,a,
ASN00082076,19971218,TMAX,257,,,a,
ASN00082076,19971219,TMAX,288,,,a,
ASN00082076,19971220,TMAX,302,,,a,
ASN00082076,19971221,TMAX,354,,,a,
ASN00082076,19971222,TMAX,240,,,a,
ASN00082076,19971223,TMAX,253,,,a,
ASN00082076,19971224,TMAX,305,,,a,
ASN00082076,19971225,TMAX,315,,,a,
ASN00082076,19971226,TMAX,315,,,a,
ASN00082076,19971227,TMAX,268,,,a,
ASN00082076,19971228,TMAX,307,,,a,
ASN00082076,19971229,TMAX,339,,,a,
ASN00082076,19971230,TMAX,348,,,a,
ASN00082076,19971231,TMAX,351,,,a,
ASN00082076,19971201,TMIN,75,,,a,
ASN00082076,19971202,TMIN,79,,,a,
ASN00082076,19971203,TMIN,65,,,a,
ASN00082076,19971204,TMIN,78,,,a,
ASN00082076,19971205,TMIN,82,,,a,
ASN00082076,19971206,TMIN,133,,,a,
ASN00082076,19971207,TMIN,168,,,a,
ASN00082076,19971208,TMIN,142,,,a,
ASN00082076,19971209,TMIN,188,,,a,
ASN00082076,19971210,TMIN,140,,,a,
ASN00082076,19971211,TMIN,95,,,a,
ASN00082076,19971212,TMIN,93,,,a,
ASN00082076,19971213,TMIN,133,,,a,
ASN00082076,19971214,TMIN,146,,,a,
ASN00082076,19971215,TMIN,77,,,a,
ASN00082076,19971216,TMIN,62,,,a,
ASN00082076,19971217,TMIN,71,,,a,
ASN00082076,19971218,TMIN,157,,,a,
ASN00082076,19971219,TMIN,127,,,a,
ASN00082076,19971220,TMIN,105,,,a,
ASN00082076,19971221,TMIN,98,,,a,
ASN00082076,19971222,TMIN,158,,,a,
ASN00082076,19971223,TMIN,62,,,a,
ASN00082076,19971224,TMIN,89,,,a,
ASN00082076,19971225,TMIN,124,,,a,
ASN00082076,19971226,TMIN,112,,,a,
ASN00082076,19971227,TMIN,123,,,a,
ASN00082076,19971228,TMIN,126,,,a,
ASN00082076,19971229,TMIN,114,,,a,
ASN00082076,19971230,TMIN,159,,,a,
ASN00082076,19971231,TMIN,155,,,a,
ASN00082076,19971201,PRCP,0,,,a,
ASN00082076,19971202,PRCP,0,,,a,
ASN00082076,19971203,PRCP,0,,,a,
ASN00082076,19971204,PRCP,0,,,a,
ASN00082076,19971205,PRCP,0,,,a,
ASN00082076,19971206,PRCP,0,,,a,
ASN00082076,19971207,PRCP,0,,,a,
ASN00082076,19971208,PRCP,0,,,a,
ASN00082076,19971209,PRCP,40,,,a,
ASN00082076,19971210,PRCP,0,,,a,
ASN00082076,19971211,PRCP,0,,,a,
ASN00082076,19971212,PRCP,0,,,a,
ASN00082076,19971213,PRCP,0,,,a,
ASN00082076,19971214,PRCP,186,,,a,
ASN00082076,19971215,PRCP,18,,,a,
ASN00082076,19971216,PRCP,0,,,a,
ASN00082076,19971217,PRCP,0,,,a,
ASN00082076,19971218,PRCP,2,,,a,
ASN00082076,19971219,PRCP,0,,,a,
ASN00082076,19971220,PRCP,0,,,a,
ASN00082076,19971221,PRCP,0,,,a,
ASN00082076,19971222,PRCP,0,,,a,
ASN00082076,19971223,PRCP,0,,,a,
ASN00082076,19971224,PRCP,0,,,a,
ASN00082076,19971225,PRCP,0,,,a,
ASN00082076,19971226,PRCP,0,,,a,
ASN00082076,19971227,PRCP,0,,,a,
ASN00082076,19971228,PRCP,0,,,a,
ASN00082076,19971229,PRCP,0,,,a,
ASN00082076,19971230,PRCP,0,,,a,
ASN00082076,19971231,PRCP,0,,,a,
ASN00082076,19980101,TMAX,368,,,a,
ASN00082076,19980102,TMAX,354,,,a,
ASN00082076,19980103,TMAX,283,,,a,
ASN00082076,19980104,TMAX,314,,,a,
ASN00082076,19980105,TMAX,295,,,a,
ASN00082076,19980106,TMAX,290,,,a,
ASN00082076,19980107,TMAX,245,,,a,
ASN00082076,19980108,TMAX,235,,,a,
ASN00082076,19980109,TMAX,296,,,a,
ASN00082076,19980110,TMAX,258,,,a,
ASN00082076,19980111,TMAX,322,,,a,
ASN00082076,19980112,TMAX,342,,,a,
ASN00082076,19980113,TMAX,330,,,a,
ASN00082076,19980114,TMAX,308,,,a,
ASN00082076,19980115,TMAX,325,,,a,
ASN00082076,19980116,TMAX,340,,,a,
ASN00082076,19980117,TMAX,372,,,a,
ASN00082076,19980118,TMAX,376,,,a,
ASN00082076,19980119,TMAX,325,,,a,
ASN00082076,19980120,TMAX,340,,,a,
ASN00082076,19980121,TMAX,333,,,a,
ASN00082076,19980122,TMAX,330,,,a,
ASN00082076,19980123,TMAX,338,,,a,
ASN00082076,19980124,TMAX,275,,,a,
ASN00082076,19980125,TMAX,270,,,a,
ASN00082076,19980126,TMAX,215,,,a,
ASN00082076,19980127,TMAX,310,,,a,
ASN00082076,19980128,TMAX,260,,,a,
ASN00082076,19980129,TMAX,267,,,a,
ASN00082076,19980130,TMAX,300,,,a,
ASN00082076,19980131,TMAX,322,,,a,
ASN00082076,19980101,TMIN,143,,,a,
ASN00082076,19980102,TMIN,161,,,a,
ASN00082076,19980103,TMIN,188,,,a,
ASN00082076,19980104,TMIN,110,,,a,
ASN00082076,19980105,TMIN,160,,,a,
ASN00082076,19980106,TMIN,141,,,a,
ASN00082076,19980107,TMIN,171,,,a,
ASN00082076,19980108,TMIN,174,,,a,
ASN00082076,19980109,TMIN,154,,,a,
ASN00082076,19980110,TMIN,142,,,a,
ASN00082076,19980111,TMIN,146,,,a,
ASN00082076,19980112,TMIN,168,,,a,
ASN00082076,19980113,TMIN,174,,,a,
ASN00082076,19980114,TMIN,178,,,a,
ASN00082076,19980115,TMIN,194,,,a,
ASN00082076,19980116,TMIN,137,,,a,
ASN00082076,19980117,TMIN,155,,,a,
ASN00082076,19980118,TMIN,185,,,a,
ASN00082076,19980119,TMIN,170,,,a,
ASN00082076,19980120,TMIN,162,,,a,
ASN00082076,19980121,TMIN,182,,,a,
ASN00082076,19980122,TMIN,150,,,a,
ASN00082076,19980123,TMIN,167,,,a,
ASN00082076,19980124,TMIN,140,,,a,
ASN00082076,19980125,TMIN,150,,,a,
ASN00082076,19980126,TMIN,125,,,a,
ASN00082076,19980127,TMIN,125,,,a,
ASN00082076,19980128,TMIN,120,,,a,
ASN00082076,19980129,TMIN,82,,,a,
ASN00082076,19980130,TMIN,80,,,a,
ASN00082076,19980131,TMIN,80,,,a,
ASN00082076,19980101,PRCP,0,,,a,
ASN00082076,19980102,PRCP,60,,,a,
ASN00082076,19980103,PRCP,4,,,a,
ASN00082076,19980104,PRCP,16,,,a,
ASN00082076,19980105,PRCP,0,,,a,
ASN00082076,19980106,PRCP,0,,,a,
ASN00082076,19980107,PRCP,0,,,a,
ASN00082076,19980108,PRCP,0,,,a,
ASN00082076,19980109,PRCP,0,,,a,
ASN00082076,19980110,PRCP,42,,,a,
ASN00082076,19980111,PRCP,22,,,a,
ASN00082076,19980112,PRCP,122,,,a,
ASN00082076,19980113,PRCP,2,,,a,
ASN00082076,19980114,PRCP,84,,,a,
ASN00082076,19980115,PRCP,0,,,a,
ASN00082076,19980116,PRCP,0,,,a,
ASN00082076,19980117,PRCP,0,,,a,
ASN00082076,19980118,PRCP,0,,,a,
ASN00082076,19980119,PRCP,0,,,a,
ASN00082076,19980120,PRCP,0,,,a,
ASN00082076,19980121,PRCP,0,,,a,
ASN00082076,19980122,PRCP,0,,,a,
ASN00082076,19980123,PRCP,0,,,a,
ASN00082076,19980124,PRCP,0,,,a,
ASN00082076,19980125,PRCP,10,,,a,
ASN00082076,19980126,PRCP,68,,,a,
ASN00082076,19980127,PRCP,0,,,a,
ASN00082076,19980128,PRCP,0,,,a,
ASN00082076,19980129,PRCP,0,,,a,
ASN00082076,19980130,PRCP,0,,,a,
ASN00082076,19980131,PRCP,0,,,a,
ASN00082076,19980201,TMAX,322,,,a,
ASN00082076,19980202,TMAX,345,,,a,
ASN00082076,19980203,TMAX,336,,,a,
ASN00082076,19980204,TMAX,341,,,a,
ASN00082076,19980205,TMAX,355,,,a,
ASN00082076,19980206,TMAX,336,,,a,
ASN00082076,19980207,TMAX,343,,,a,
ASN00082076,19980208,TMAX,248,,,a,
ASN00082076,19980209,TMAX,295,,,a,
ASN00082076,19980210,TMAX,310,,,a,
ASN00082076,19980211,TMAX,315,,,a,
ASN00082076,19980212,TMAX,333,,,a,
ASN00082076,19980213,TMAX,312,,,a,
ASN00082076,19980214,TMAX,324,,,a,
ASN00082076,19980215,TMAX,314,,,a,
ASN00082076,19980216,TMAX,167,,,a,
ASN00082076,19980217,TMAX,225,,,a,
ASN00082076,19980218,TMAX,272,,,a,
ASN00082076,19980219,TMAX,328,,,a,
ASN00082076,19980220,TMAX,251,,,a,
ASN00082076,19980221,TMAX,269,,,a,
ASN00082076,19980222,TMAX,280,,,a,
ASN00082076,19980223,TMAX,279,,,a,
ASN00082076,19980224,TMAX,321,,,a,
ASN00082076,19980226,TMAX,380,,,a,
ASN00082076,19980228,TMAX,299,,,a,
ASN00082076,19980201,TMIN,138,,,a,
ASN00082076,19980202,TMIN,138,,,a,
ASN00082076,19980203,TMIN,160,,,a,
ASN00082076,19980204,TMIN,120,,,a,
ASN00082076,19980205,TMIN,120,,,a,
ASN00082076,19980206,TMIN,134,,,a,
ASN00082076,19980207,TMIN,155,,,a,
ASN00082076,19980208,TMIN,153,,,a,
ASN00082076,19980209,TMIN,132,,,a,
ASN00082076,19980210,TMIN,125,,,a,
ASN00082076,19980211,TMIN,165,,,a,
ASN00082076,19980212,TMIN,146,,,a,
ASN00082076,19980213,TMIN,158,,,a,
ASN00082076,19980214,TMIN,102,,,a,
ASN00082076,19980215,TMIN,114,,,a,
ASN00082076,19980216,TMIN,146,,,a,
ASN00082076,19980217,TMIN,39,,,a,
ASN00082076,19980218,TMIN,60,,,a,
ASN00082076,19980219,TMIN,70,,,a,
ASN00082076,19980220,TMIN,120,,,a,
ASN00082076,19980221,TMIN,70,,,a,
ASN00082076,19980222,TMIN,75,,,a,
ASN00082076,19980223,TMIN,106,,,a,
ASN00082076,19980224,TMIN,100,,,a,
ASN00082076,19980225,TMIN,110,,,a,
ASN00082076,19980227,TMIN,165,,,a,
ASN00082076,19980201,PRCP,0,,,a,
ASN00082076,19980202,PRCP,0,,,a,
ASN00082076,19980203,PRCP,2,,,a,
ASN00082076,19980204,PRCP,0,,,a,
ASN00082076,19980205,PRCP,0,,,a,
ASN00082076,19980206,PRCP,0,,,a,
ASN00082076,19980207,PRCP,0,,,a,
ASN00082076,19980208,PRCP,262,,,a,
ASN00082076,19980209,PRCP,0,,,a,
ASN00082076,19980210,PRCP,0,,,a,
ASN00082076,19980211,PRCP,0,,,a,
ASN00082076,19980212,PRCP,0,,,a,
ASN00082076,19980213,PRCP,0,,,a,
ASN00082076,19980214,PRCP,0,,,a,
ASN00082076,19980215,PRCP,0,,,a,
ASN00082076,19980216,PRCP,52,,,a,
ASN00082076,19980217,PRCP,54,,,a,
ASN00082076,19980218,PRCP,0,,,a,
ASN00082076,19980219,PRCP,0,,,a,
ASN00082076,19980220,PRCP,0,,,a,
ASN00082076,19980221,PRCP,0,,,a,
ASN00082076,19980222,PRCP,0,,,a,
ASN00082076,19980223,PRCP,0,,,a,
ASN00082076,19980224,PRCP,0,,,a,
ASN00082076,19980225,PRCP,0,,,a,
ASN00082076,19980227,PRCP,0,,,a,
ASN00082076,19980303,TMAX,325,,,a,
ASN00082076,19980304,TMAX,350,,,a,
ASN00082076,19980305,TMAX,273,,,a,
ASN00082076,19980306,TMAX,190,,,a,
ASN00082076,19980309,TMAX,292,,,a,
ASN00082076,19980310,TMAX,336,,,a,
ASN00082076,19980311,TMAX,351,,,a,
ASN00082076,19980312,TMAX,365,,,a,
ASN00082076,19980313,TMAX,308,,,a,
ASN00082076,19980314,TMAX,258,,,a,
ASN00082076,19980315,TMAX,232,,,a,
ASN00082076,19980316,TMAX,250,,,a,
ASN00082076,19980317,TMAX,259,,,a,
ASN00082076,19980318,TMAX,298,,,a,
ASN00082076,19980319,TMAX,305,,,a,
ASN00082076,19980320,TMAX,316,,,a,
ASN00082076,19980322,TMAX,355,,,a,
ASN00082076,19980323,TMAX,344,,,a,
ASN00082076,19980324,TMAX,208,,,a,
ASN00082076,19980325,TMAX,260,,,a,
ASN00082076,19980326,TMAX,280,,,a,
ASN00082076,19980327,TMAX,279,,,a,
ASN00082076,19980328,TMAX,275,,,a,
ASN00082076,19980329,TMAX,245,,,a,
ASN00082076,19980330,TMAX,256,,,a,
ASN00082076,19980331,TMAX,210,,,a,
ASN00082076,19980301,TMIN,132,,,a,
ASN00082076,19980304,TMIN,106,,,a,
ASN00082076,19980305,TMIN,130,,,a,
ASN00082076,19980306,TMIN,105,,,a,
ASN00082076,19980307,TMIN,110,,,a,
ASN00082076,19980310,TMIN,93,,,a,
ASN00082076,19980311,TMIN,102,,,a,
ASN00082076,19980312,TMIN,102,,,a,
ASN00082076,19980313,TMIN,136,,,a,
ASN00082076,19980314,TMIN,160,,,a,
ASN00082076,19980315,TMIN,136,,,a,
ASN00082076,19980316,TMIN,66,,,a,
ASN00082076,19980317,TMIN,84,,,a,
ASN00082076,19980318,TMIN,64,,,a,
ASN00082076,19980319,TMIN,87,,,a,
ASN00082076,19980320,TMIN,84,,,a,
ASN00082076,19980321,TMIN,109,,,a,
ASN00082076,19980323,TMIN,126,,,a,
ASN00082076,19980324,TMIN,138,,,a,
ASN00082076,19980325,TMIN,111,,,a,
ASN00082076,19980326,TMIN,114,,,a,
ASN00082076,19980327,TMIN,95,,,a,
ASN00082076,19980328,TMIN,92,,,a,
ASN00082076,19980329,TMIN,94,,,a,
ASN00082076,19980330,TMIN,60,,,a,
ASN00082076,19980331,TMIN,42,,,a,
ASN00082076,19980301,PRCP,0,,,a,
ASN00082076,19980304,PRCP,0,,,a,
ASN00082076,19980305,PRCP,0,,,a,
ASN00082076,19980306,PRCP,0,,,a,
ASN00082076,19980308,PRCP,0,,,a,
ASN00082076,19980309,PRCP,0,,,a,
ASN00082076,19980310,PRCP,0,,,a,
ASN00082076,19980311,PRCP,0,,,a,
ASN00082076,19980312,PRCP,0,,,a,
ASN00082076,19980313,PRCP,0,,,a,
ASN00082076,19980314,PRCP,44,,,a,
ASN00082076,19980315,PRCP,0,,,a,
ASN00082076,19980316,PRCP,0,,,a,
ASN00082076,19980317,PRCP,0,,,a,
ASN00082076,19980318,PRCP,0,,,a,
ASN00082076,19980319,PRCP,0,,,a,
ASN00082076,19980320,PRCP,0,,,a,
ASN00082076,19980321,PRCP,0,,,a,
ASN00082076,19980323,PRCP,0,,,a,
ASN00082076,19980324,PRCP,0,,,a,
ASN00082076,19980325,PRCP,0,,,a,
ASN00082076,19980326,PRCP,0,,,a,
ASN00082076,19980327,PRCP,0,,,a,
ASN00082076,19980328,PRCP,0,,,a,
ASN00082076,19980329,PRCP,0,,,a,
ASN00082076,19980330,PRCP,0,,,a,
ASN00082076,19980331,PRCP,0,,,a,
ASN00082076,19980309,DATN,2,,,a,
ASN00082076,19980308,DATX,2,,,a,
ASN00082076,19980309,MDTN,95,,,a,
ASN00082076,19980308,MDTX,228,,,a,
ASN00082076,19980401,TMAX,220,,,a,
ASN00082076,19980402,TMAX,245,,,a,
ASN00082076,19980403,TMAX,258,,,a,
ASN00082076,19980404,TMAX,275,,,a,
ASN00082076,19980405,TMAX,290,,,a,
ASN00082076,19980406,TMAX,294,,,a,
ASN00082076,19980407,TMAX,297,,,a,
ASN00082076,19980408,TMAX,309,,,a,
ASN00082076,19980409,TMAX,193,,,a,
ASN00082076,19980410,TMAX,230,,,a,
ASN00082076,19980411,TMAX,220,,,a,
ASN00082076,19980412,TMAX,138,,,a,
ASN00082076,19980413,TMAX,168,,,a,
ASN00082076,19980414,TMAX,199,,,a,
ASN00082076,19980415,TMAX,217,,,a,
ASN00082076,19980416,TMAX,223,,,a,
ASN00082076,19980417,TMAX,233,,,a,
ASN00082076,19980418,TMAX,227,,,a,
ASN00082076,19980419,TMAX,228,,,a,
ASN00082076,19980420,TMAX,171,,,a,
ASN00082076,19980421,TMAX,175,,,a,
ASN00082076,19980422,TMAX,217,,,a,
ASN00082076,19980423,TMAX,220,,,a,
ASN00082076,19980424,TMAX,215,,,a,
ASN00082076,19980427,TMAX,164,,,a,
ASN00082076,19980401,TMIN,61,,,a,
ASN00082076,19980402,TMIN,60,,,a,
ASN00082076,19980403,TMIN,42,,,a,
ASN00082076,19980404,TMIN,83,,,a,
ASN00082076,19980405,TMIN,71,,,a,
ASN00082076,19980406,TMIN,84,,,a,
ASN00082076,19980407,TMIN,69,,,a,
ASN00082076,19980408,TMIN,64,,,a,
ASN00082076,19980409,TMIN,116,,,a,
ASN00082076,19980410,TMIN,100,,,a,
ASN00082076,19980411,TMIN,60,,,a,
ASN00082076,19980412,TMIN,86,,,a,
ASN00082076,19980413,TMIN,106,,,a,
ASN00082076,19980414,TMIN,10,,,a,
ASN00082076,19980415,TMIN,43,,,a,
ASN00082076,19980416,TMIN,50,,,a,
ASN00082076,19980417,TMIN,53,,,a,
ASN00082076,19980418,TMIN,50,,,a,
ASN00082076,19980419,TMIN,47,,,a,
ASN00082076,19980420,TMIN,96,,,a,
ASN00082076,19980421,TMIN,126,,,a,
ASN00082076,19980422,TMIN,140,,,a,
ASN00082076,19980423,TMIN,68,,,a,
ASN00082076,19980424,TMIN,99,,,a,
ASN00082076,19980425,TMIN,95,,,a,
ASN00082076,19980428,TMIN,71,,,a,
ASN00082076,19980401,PRCP,0,,,a,
ASN00082076,19980402,PRCP,0,,,a,
ASN00082076,19980403,PRCP,0,,,a,
ASN00082076,19980404,PRCP,0,,,a,
ASN00082076,19980405,PRCP,0,,,a,
ASN00082076,19980406,PRCP,0,,,a,
ASN00082076,19980407,PRCP,0,,,a,
ASN00082076,19980408,PRCP,0,,,a,
ASN00082076,19980409,PRCP,0,,,a,
ASN00082076,19980410,PRCP,0,,,a,
ASN00082076,19980411,PRCP,0,,,a,
ASN00082076,19980412,PRCP,0,,,a,
ASN00082076,19980413,PRCP,326,,,a,
ASN00082076,19980414,PRCP,12,,,a,
ASN00082076,19980415,PRCP,0,,,a,
ASN00082076,19980416,PRCP,0,,,a,
ASN00082076,19980417,PRCP,0,,,a,
ASN00082076,19980418,PRCP,0,,,a,
ASN00082076,19980419,PRCP,0,,,a,
ASN00082076,19980420,PRCP,238,,,a,
ASN00082076,19980421,PRCP,262,,,a,
ASN00082076,19980422,PRCP,80,,,a,
ASN00082076,19980423,PRCP,0,,,a,
ASN00082076,19980424,PRCP,0,,,a,
ASN00082076,19980425,PRCP,0,,,a,
ASN00082076,19980426,PRCP,78,,,a,
ASN00082076,19980427,PRCP,4,,,a,
ASN00082076,19980428,PRCP,0,,,a,
ASN00082076,19980429,PRCP,0,,,a,
ASN00082076,19980430,PRCP,10,,,a,
ASN00082076,19980427,DATN,2,,,a,
ASN00082076,19980426,DATX,2,,,a,
ASN00082076,19980427,MDTN,61,,,a,
ASN00082076,19980426,MDTX,131,,,a,
ASN00082076,19980509,TMAX,126,,,a,
ASN00082076,19980510,TMAX,135,,,a,
ASN00082076,19980511,TMAX,138,,,a,
ASN00082076,19980512,TMAX,161,,,a,
ASN00082076,19980513,TMAX,193,,,a,
ASN00082076,19980514,TMAX,196,,,a,
ASN00082076,19980515,TMAX,162,,,a,
ASN00082076,19980516,TMAX,207,,,a,
ASN00082076,19980517,TMAX,205,,,a,
ASN00082076,19980518,TMAX,205,,,a,
ASN00082076,19980519,TMAX,225,,,a,
ASN00082076,19980520,TMAX,154,,,a,
ASN00082076,19980521,TMAX,132,,,a,
ASN00082076,19980529,TMAX,168,,,a,
ASN00082076,19980530,TMAX,144,,,a,
ASN00082076,19980531,TMAX,159,,,a,
ASN00082076,19980510,TMIN,-15,,,a,
ASN00082076,19980511,TMIN,10,,,a,
ASN00082076,19980512,TMIN,60,,,a,
ASN00082076,19980513,TMIN,52,,,a,
ASN00082076,19980514,TMIN,55,,,a,
ASN00082076,19980515,TMIN,87,,,a,
ASN00082076,19980516,TMIN,95,,,a,
ASN00082076,19980517,TMIN,106,,,a,
ASN00082076,19980518,TMIN,91,,,a,
ASN00082076,19980519,TMIN,72,,,a,
ASN00082076,19980520,TMIN,87,,,a,
ASN00082076,19980521,TMIN,63,,,a,
ASN00082076,19980522,TMIN,55,,,a,
ASN00082076,19980530,TMIN,20,,,a,
ASN00082076,19980531,TMIN,40,,,a,
ASN00082076,19980501,PRCP,0,,,a,
ASN00082076,19980502,PRCP,0,,,a,
ASN00082076,19980503,PRCP,0,,,a,
ASN00082076,19980504,PRCP,0,,,a,
ASN00082076,19980505,PRCP,8,,,a,
ASN00082076,19980506,PRCP,0,,,a,
ASN00082076,19980507,PRCP,0,,,a,
ASN00082076,19980508,PRCP,0,,,a,
ASN00082076,19980509,PRCP,0,,,a,
ASN00082076,19980510,PRCP,0,,,a,
ASN00082076,19980511,PRCP,0,,,a,
ASN00082076,19980512,PRCP,0,,,a,
ASN00082076,19980513,PRCP,0,,,a,
ASN00082076,19980514,PRCP,0,,,a,
ASN00082076,19980515,PRCP,2,,,a,
ASN00082076,19980516,PRCP,68,,,a,
ASN00082076,19980517,PRCP,0,,,a,
ASN00082076,19980518,PRCP,0,,,a,
ASN00082076,19980519,PRCP,0,,,a,
ASN00082076,19980520,PRCP,28,,,a,
ASN00082076,19980521,PRCP,38,,,a,
ASN00082076,19980522,PRCP,0,,,a,
ASN00082076,19980523,PRCP,6,,,a,
ASN00082076,19980524,PRCP,48,,,a,
ASN00082076,19980525,PRCP,10,,,a,
ASN00082076,19980526,PRCP,0,,,a,
ASN00082076,19980527,PRCP,0,,,a,
ASN00082076,19980528,PRCP,0,,,a,
ASN00082076,19980529,PRCP,0,,,a,
ASN00082076,19980530,PRCP,0,,,a,
ASN00082076,19980531,PRCP,0,,,a,
ASN00082076,19980524,DATN,2,,,a,
ASN00082076,19980527,DATN,3,,,a,
ASN00082076,19980529,DATN,2,,,a,
ASN00082076,19980523,DATX,2,,,a,
ASN00082076,19980526,DATX,3,,,a,
ASN00082076,19980528,DATX,2,,,a,
ASN00082076,19980524,MDTN,70,,,a,
ASN00082076,19980527,MDTN,5,,,a,
ASN00082076,19980529,MDTN,27,,,a,
ASN00082076,19980523,MDTX,137,,,a,
ASN00082076,19980526,MDTX,161,,,a,
ASN00082076,19980528,MDTX,163,,,a,
ASN00082076,19980601,TMAX,182,,,a,
ASN00082076,19980606,TMAX,134,,,a,
ASN00082076,19980607,TMAX,125,,,a,
ASN00082076,19980608,TMAX,133,,,a,
ASN00082076,19980609,TMAX,156,,,a,
ASN00082076,19980610,TMAX,141,,,a,
ASN00082076,19980611,TMAX,139,,,a,
ASN00082076,19980612,TMAX,133,,,a,
ASN00082076,19980613,TMAX,113,,,a,
ASN00082076,19980614,TMAX,117,,,a,
ASN00082076,19980615,TMAX,118,,,a,
ASN00082076,19980616,TMAX,120,,,a,
ASN00082076,19980617,TMAX,129,,,a,
ASN00082076,19980618,TMAX,120,,,a,
ASN00082076,19980619,TMAX,125,,,a,
ASN00082076,19980620,TMAX,124,,,a,
ASN00082076,19980621,TMAX,140,,,a,
ASN00082076,19980622,TMAX,120,,,a,
ASN00082076,19980623,TMAX,121,,,a,
ASN00082076,19980624,TMAX,108,,,a,
ASN00082076,19980625,TMAX,81,,,a,
ASN00082076,19980626,TMAX,104,,,a,
ASN00082076,19980627,TMAX,118,,,a,
ASN00082076,19980628,TMAX,113,,,a,
ASN00082076,19980629,TMAX,139,,,a,
ASN00082076,19980630,TMAX,109,,,a,
ASN00082076,19980601,TMIN,53,,,a,
ASN00082076,19980602,TMIN,48,,,a,
ASN00082076,19980607,TMIN,76,,,a,
ASN00082076,19980608,TMIN,53,,,a,
ASN00082076,19980609,TMIN,38,,,a,
ASN00082076,19980610,TMIN,0,,,a,
ASN00082076,19980611,TMIN,0,,,a,
ASN00082076,19980612,TMIN,25,,,a,
ASN00082076,19980613,TMIN,51,,,a,
ASN00082076,19980614,TMIN,60,,,a,
ASN00082076,19980615,TMIN,68,,,a,
ASN00082076,19980616,TMIN,20,,,a,
ASN00082076,19980617,TMIN,9,,,a,
ASN00082076,19980619,TMIN,-18,,,a,
ASN00082076,19980620,TMIN,-5,,,a,
ASN00082076,19980622,TMIN,85,,,a,
ASN00082076,19980623,TMIN,79,,,a,
ASN00082076,19980624,TMIN,50,,,a,
ASN00082076,19980625,TMIN,45,,,a,
ASN00082076,19980626,TMIN,29,,,a,
ASN00082076,19980627,TMIN,-3,,,a,
ASN00082076,19980628,TMIN,28,,,a,
ASN00082076,19980629,TMIN,46,,,a,
ASN00082076,19980630,TMIN,20,,,a,
ASN00082076,19980601,PRCP,0,,,a,
ASN00082076,19980602,PRCP,0,,,a,
ASN00082076,19980603,PRCP,0,,,a,
ASN00082076,19980604,PRCP,0,,,a,
ASN00082076,19980605,PRCP,0,,,a,
ASN00082076,19980606,PRCP,0,,,a,
ASN00082076,19980607,PRCP,186,,,a,
ASN00082076,19980608,PRCP,100,,,a,
ASN00082076,19980609,PRCP,0,,,a,
ASN00082076,19980610,PRCP,0,,,a,
ASN00082076,19980611,PRCP,0,,,a,
ASN00082076,19980612,PRCP,2,,,a,
ASN00082076,19980613,PRCP,82,,,a,
ASN00082076,19980614,PRCP,2,,,a,
ASN00082076,19980615,PRCP,10,,,a,
ASN00082076,19980616,PRCP,30,,,a,
ASN00082076,19980617,PRCP,2,,,a,
ASN00082076,19980618,PRCP,0,,,a,
ASN00082076,19980619,PRCP,0,,,a,
ASN00082076,19980620,PRCP,0,,,a,
ASN00082076,19980621,PRCP,340,,,a,
ASN00082076,19980622,PRCP,104,,,a,
ASN00082076,19980623,PRCP,12,,,a,
ASN00082076,19980624,PRCP,0,,,a,
ASN00082076,19980625,PRCP,16,,,a,
ASN00082076,19980626,PRCP,10,,,a,
ASN00082076,19980627,PRCP,0,,,a,
ASN00082076,19980628,PRCP,0,,,a,
ASN00082076,19980629,PRCP,16,,,a,
ASN00082076,19980630,PRCP,0,,,a,
ASN00082076,19980604,DATN,2,,,a,
ASN00082076,19980606,DATN,2,,,a,
ASN00082076,19980603,DATX,2,,,a,
ASN00082076,19980605,DATX,2,,,a,
ASN00082076,19980604,MDTN,85,,,a,
ASN00082076,19980606,MDTN,60,,,a,
ASN00082076,19980603,MDTX,149,,,a,
ASN00082076,19980605,MDTX,185,,,a,
ASN00082076,19980701,TMAX,113,,,a,
ASN00082076,19980702,TMAX,134,,,a,
ASN00082076,19980703,TMAX,117,,,a,
ASN00082076,19980704,TMAX,120,,,a,
ASN00082076,19980705,TMAX,138,,,a,
ASN00082076,19980706,TMAX,138,,,a,
ASN00082076,19980707,TMAX,112,,,a,
ASN00082076,19980708,TMAX,108,,,a,
ASN00082076,19980709,TMAX,72,,,a,
ASN00082076,19980710,TMAX,104,,,a,
ASN00082076,19980711,TMAX,107,,,a,
ASN00082076,19980712,TMAX,101,,,a,
ASN00082076,19980713,TMAX,67,,,a,
ASN00082076,19980714,TMAX,108,,,a,
ASN00082076,19980715,TMAX,128,,,a,
ASN00082076,19980716,TMAX,131,,,a,
ASN00082076,19980717,TMAX,107,,,a,
ASN00082076,19980718,TMAX,121,,,a,
ASN00082076,19980719,TMAX,120,,,a,
ASN00082076,19980720,TMAX,86,,,a,
ASN00082076,19980721,TMAX,130,,,a,
ASN00082076,19980722,TMAX,125,,,a,
ASN00082076,19980723,TMAX,125,,,a,
ASN00082076,19980724,TMAX,139,,,a,
ASN00082076,19980725,TMAX,131,,,a,
ASN00082076,19980726,TMAX,107,,,a,
ASN00082076,19980727,TMAX,119,,,a,
ASN00082076,19980728,TMAX,63,,,a,
ASN00082076,19980729,TMAX,78,,,a,
ASN00082076,19980730,TMAX,80,,,a,
ASN00082076,19980731,TMAX,96,,,a,
ASN00082076,19980701,TMIN,49,,,a,
ASN00082076,19980702,TMIN,-19,,,a,
ASN00082076,19980703,TMIN,1,,,a,
ASN00082076,19980704,TMIN,13,,,a,
ASN00082076,19980705,TMIN,22,,,a,
ASN00082076,19980706,TMIN,93,,,a,
ASN00082076,19980707,TMIN,37,,,a,
ASN00082076,19980708,TMIN,32,,,a,
ASN00082076,19980709,TMIN,38,,,a,
ASN00082076,19980710,TMIN,-31,,,a,
ASN00082076,19980711,TMIN,-28,,,a,
ASN00082076,19980712,TMIN,-25,,,a,
ASN00082076,19980713,TMIN,-19,,,a,
ASN00082076,19980714,TMIN,-9,,,a,
ASN00082076,19980715,TMIN,-18,,,a,
ASN00082076,19980716,TMIN,-22,,,a,
ASN00082076,19980717,TMIN,-20,,,a,
ASN00082076,19980718,TMIN,6,,,a,
ASN00082076,19980719,TMIN,7,,,a,
ASN00082076,19980720,TMIN,7,,,a,
ASN00082076,19980722,TMIN,26,,,a,
ASN00082076,19980723,TMIN,45,,,a,
ASN00082076,19980724,TMIN,-10,,,a,
ASN00082076,19980725,TMIN,15,,,a,
ASN00082076,19980726,TMIN,43,,,a,
ASN00082076,19980727,TMIN,70,,,a,
ASN00082076,19980728,TMIN,50,,,a,
ASN00082076,19980729,TMIN,22,,,a,
ASN00082076,19980730,TMIN,28,,,a,
ASN00082076,19980731,TMIN,20,,,a,
ASN00082076,19980701,PRCP,0,,,a,
ASN00082076,19980702,PRCP,0,,,a,
ASN00082076,19980703,PRCP,0,,,a,
ASN00082076,19980704,PRCP,0,,,a,
ASN00082076,19980705,PRCP,18,,,a,
ASN00082076,19980706,PRCP,426,,,a,
ASN00082076,19980707,PRCP,6,,,a,
ASN00082076,19980708,PRCP,14,,,a,
ASN00082076,19980709,PRCP,84,,,a,
ASN00082076,19980710,PRCP,2,,,a,
ASN00082076,19980711,PRCP,0,,,a,
ASN00082076,19980712,PRCP,0,,,a,
ASN00082076,19980713,PRCP,0,,,a,
ASN00082076,19980714,PRCP,0,,,a,
ASN00082076,19980715,PRCP,0,,,a,
ASN00082076,19980716,PRCP,0,,,a,
ASN00082076,19980717,PRCP,0,,,a,
ASN00082076,19980718,PRCP,4,,,a,
ASN00082076,19980719,PRCP,0,,,a,
ASN00082076,19980720,PRCP,0,,,a,
ASN00082076,19980721,PRCP,62,,,a,
ASN00082076,19980722,PRCP,14,,,a,
ASN00082076,19980723,PRCP,32,,,a,
ASN00082076,19980724,PRCP,0,,,a,
ASN00082076,19980725,PRCP,0,,,a,
ASN00082076,19980726,PRCP,6,,,a,
ASN00082076,19980727,PRCP,78,,,a,
ASN00082076,19980728,PRCP,208,,,a,
ASN00082076,19980729,PRCP,376,,,a,
ASN00082076,19980730,PRCP,14,,,a,
ASN00082076,19980731,PRCP,12,,,a,
ASN00082076,19980801,TMAX,100,,,a,
ASN00082076,19980802,TMAX,115,,,a,
ASN00082076,19980803,TMAX,122,,,a,
ASN00082076,19980804,TMAX,150,,,a,
ASN00082076,19980805,TMAX,160,,,a,
ASN00082076,19980806,TMAX,145,,,a,
ASN00082076,19980807,TMAX,138,,,a,
ASN00082076,19980808,TMAX,152,,,a,
ASN00082076,19980809,TMAX,151,,,a,
ASN00082076,19980810,TMAX,148,,,a,
ASN00082076,19980811,TMAX,165,,,a,
ASN00082076,19980812,TMAX,112,,,a,
ASN00082076,19980813,TMAX,109,,,a,
ASN00082076,19980814,TMAX,160,,,a,
ASN00082076,19980815,TMAX,130,,,a,
ASN00082076,19980816,TMAX,115,,,a,
ASN00082076,19980817,TMAX,95,,,a,
ASN00082076,19980818,TMAX,129,,,a,
ASN00082076,19980821,TMAX,160,,,a,
ASN00082076,19980822,TMAX,151,,,a,
ASN00082076,19980823,TMAX,119,,,a,
ASN00082076,19980824,TMAX,143,,,a,
ASN00082076,19980825,TMAX,136,,,a,
ASN00082076,19980826,TMAX,151,,,a,
ASN00082076,19980827,TMAX,173,,,a,
ASN00082076,19980828,TMAX,172,,,a,
ASN00082076,19980829,TMAX,190,,,a,
ASN00082076,19980830,TMAX,185,,,a,
ASN00082076,19980831,TMAX,189,,,a,
ASN00082076,19980801,TMIN,27,,,a,
ASN00082076,19980802,TMIN,52,,,a,
ASN00082076,19980803,TMIN,62,,,a,
ASN00082076,19980804,TMIN,62,,,a,
ASN00082076,19980805,TMIN,90,,,a,
ASN00082076,19980806,TMIN,59,,,a,
ASN00082076,19980807,TMIN,59,,,a,
ASN00082076,19980808,TMIN,62,,,a,
ASN00082076,19980809,TMIN,65,,,a,
ASN00082076,19980810,TMIN,5,,,a,
ASN00082076,19980811,TMIN,29,,,a,
ASN00082076,19980812,TMIN,86,,,a,
ASN00082076,19980813,TMIN,84,,,a,
ASN00082076,19980814,TMIN,85,,,a,
ASN00082076,19980815,TMIN,75,,,a,
ASN00082076,19980816,TMIN,75,,,a,
ASN00082076,19980817,TMIN,70,,,a,
ASN00082076,19980818,TMIN,61,,,a,
ASN00082076,19980819,TMIN,35,,,a,
ASN00082076,19980822,TMIN,114,,,a,
ASN00082076,19980823,TMIN,45,,,a,
ASN00082076,19980824,TMIN,-7,,,a,
ASN00082076,19980825,TMIN,-13,,,a,
ASN00082076,19980826,TMIN,25,,,a,
ASN00082076,19980827,TMIN,26,,,a,
ASN00082076,19980828,TMIN,3,,,a,
ASN00082076,19980829,TMIN,9,,,a,
ASN00082076,19980830,TMIN,38,,,a,
ASN00082076,19980831,TMIN,44,,,a,
ASN00082076,19980801,PRCP,16,,,a,
ASN00082076,19980802,PRCP,4,,,a,
ASN00082076,19980803,PRCP,4,,,a,
ASN00082076,19980804,PRCP,0,,,a,
ASN00082076,19980805,PRCP,8,,,a,
ASN00082076,19980806,PRCP,0,,,a,
ASN00082076,19980807,PRCP,6,,,a,
ASN00082076,19980808,PRCP,16,,,a,
ASN00082076,19980809,PRCP,0,,,a,
ASN00082076,19980810,PRCP,0,,,a,
ASN00082076,19980811,PRCP,4,,,a,
ASN00082076,19980812,PRCP,74,,,a,
ASN00082076,19980813,PRCP,84,,,a,
ASN00082076,19980814,PRCP,62,,,a,
ASN00082076,19980815,PRCP,0,,,a,
ASN00082076,19980816,PRCP,0,,,a,
ASN00082076,19980817,PRCP,104,,,a,
ASN00082076,19980818,PRCP,140,,,a,
ASN00082076,19980819,PRCP,4,,,a,
ASN00082076,19980820,PRCP,0,,,a,
ASN00082076,19980821,PRCP,0,,,a,
ASN00082076,19980822,PRCP,318,,,a,
ASN00082076,19980823,PRCP,54,,,a,
ASN00082076,19980824,PRCP,0,,,a,
ASN00082076,19980825,PRCP,0,,,a,
ASN00082076,19980826,PRCP,0,,,a,
ASN00082076,19980827,PRCP,0,,,a,
ASN00082076,19980828,PRCP,0,,,a,
ASN00082076,19980830,PRCP,0,,,a,
ASN00082076,19980831,PRCP,0,,,a,
ASN00082076,19980821,DATN,2,,,a,
ASN00082076,19980820,DATX,2,,,a,
ASN00082076,19980821,MDTN,76,,,a,
ASN00082076,19980820,MDTX,188,,,a,
ASN00082076,19980901,TMAX,188,,,a,
ASN00082076,19980902,TMAX,208,,,a,
ASN00082076,19980903,TMAX,194,,,a,
ASN00082076,19980904,TMAX,151,,,a,
ASN00082076,19980905,TMAX,168,,,a,
ASN00082076,19980906,TMAX,143,,,a,
ASN00082076,19980907,TMAX,162,,,a,
ASN00082076,19980908,TMAX,181,,,a,
ASN00082076,19980909,TMAX,182,,,a,
ASN00082076,19980910,TMAX,202,,,a,
ASN00082076,19980911,TMAX,185,,,a,
ASN00082076,19980912,TMAX,161,,,a,
ASN00082076,19980915,TMAX,81,,,a,
ASN00082076,19980916,TMAX,120,,,a,
ASN00082076,19980917,TMAX,139,,,a,
ASN00082076,19980918,TMAX,189,,,a,
ASN00082076,19980919,TMAX,158,,,a,
ASN00082076,19980920,TMAX,198,,,a,
ASN00082076,19980921,TMAX,150,,,a,
ASN00082076,19980922,TMAX,178,,,a,
ASN00082076,19980923,TMAX,158,,,a,
ASN00082076,19980924,TMAX,139,,,a,
ASN00082076,19980925,TMAX,170,,,a,
ASN00082076,19980926,TMAX,175,,,a,
ASN00082076,19980927,TMAX,214,,,a,
ASN00082076,19980928,TMAX,225,,,a,
ASN00082076,19980929,TMAX,240,,,a,
ASN00082076,19980930,TMAX,240,,,a,
ASN00082076,19980901,TMIN,30,,,a,
ASN00082076,19980902,TMIN,40,,,a,
ASN00082076,19980903,TMIN,34,,,a,
ASN00082076,19980904,TMIN,63,,,a,
ASN00082076,19980905,TMIN,105,,,a,
ASN00082076,19980906,TMIN,19,,,a,
ASN00082076,19980907,TMIN,-5,,,a,
ASN00082076,19980908,TMIN,38,,,a,
ASN00082076,19980909,TMIN,30,,,a,
ASN00082076,19980910,TMIN,37,,,a,
ASN00082076,19980911,TMIN,76,,,a,
ASN00082076,19980912,TMIN,122,,,a,
ASN00082076,19980913,TMIN,80,,,a,
ASN00082076,19980916,TMIN,31,,,a,
ASN00082076,19980917,TMIN,40,,,a,
ASN00082076,19980918,TMIN,72,,,a,
ASN00082076,19980919,TMIN,68,,,a,
ASN00082076,19980920,TMIN,43,,,a,
ASN00082076,19980921,TMIN,49,,,a,
ASN00082076,19980922,TMIN,96,,,a,
ASN00082076,19980923,TMIN,138,,,a,
ASN00082076,19980924,TMIN,82,,,a,
ASN00082076,19980925,TMIN,55,,,a,
ASN00082076,19980926,TMIN,32,,,a,
ASN00082076,19980927,TMIN,50,,,a,
ASN00082076,19980928,TMIN,89,,,a,
ASN00082076,19980929,TMIN,106,,,a,
ASN00082076,19980930,TMIN,93,,,a,
ASN00082076,19980901,PRCP,0,,,a,
ASN00082076,19980902,PRCP,0,,,a,
ASN00082076,19980903,PRCP,0,,,a,
ASN00082076,19980904,PRCP,186,,,a,
ASN00082076,19980905,PRCP,34,,,a,
ASN00082076,19980906,PRCP,16,,,a,
ASN00082076,19980907,PRCP,0,,,a,
ASN00082076,19980908,PRCP,0,,,a,
ASN00082076,19980909,PRCP,0,,,a,
ASN00082076,19980910,PRCP,8,,,a,
ASN00082076,19980911,PRCP,0,,,a,
ASN00082076,19980912,PRCP,26,,,a,
ASN00082076,19980913,PRCP,252,,,a,
ASN00082076,19980916,PRCP,94,,,a,
ASN00082076,19980917,PRCP,0,,,a,
ASN00082076,19980918,PRCP,0,,,a,
ASN00082076,19980919,PRCP,6,,,a,
ASN00082076,19980920,PRCP,120,,,a,
ASN00082076,19980921,PRCP,0,,,a,
ASN00082076,19980922,PRCP,146,,,a,
ASN00082076,19980923,PRCP,584,,,a,
ASN00082076,19980924,PRCP,460,,,a,
ASN00082076,19980925,PRCP,84,,,a,
ASN00082076,19980926,PRCP,0,,,a,
ASN00082076,19980927,PRCP,0,,,a,
ASN00082076,19980928,PRCP,0,,,a,
ASN00082076,19980929,PRCP,0,,,a,
ASN00082076,19980930,PRCP,0,,,a,
ASN00082076,19981001,TMAX,287,,,a,
ASN00082076,19981002,TMAX,173,,,a,
ASN00082076,19981003,TMAX,205,,,a,
ASN00082076,19981004,TMAX,176,,,a,
ASN00082076,19981005,TMAX,193,,,a,
ASN00082076,19981006,TMAX,146,,,a,
ASN00082076,19981007,TMAX,110,,,a,
ASN00082076,19981008,TMAX,139,,,a,
ASN00082076,19981009,TMAX,125,,,a,
ASN00082076,19981010,TMAX,166,,,a,
ASN00082076,19981011,TMAX,151,,,a,
ASN00082076,19981012,TMAX,155,,,a,
ASN00082076,19981013,TMAX,135,,,a,
ASN00082076,19981014,TMAX,181,,,a,
ASN00082076,19981015,TMAX,208,,,a,
ASN00082076,19981016,TMAX,222,,,a,
ASN00082076,19981017,TMAX,222,,,a,
ASN00082076,19981020,TMAX,152,,,a,
ASN00082076,19981021,TMAX,164,,,a,
ASN00082076,19981022,TMAX,171,,,a,
ASN00082076,19981023,TMAX,184,,,a,
ASN00082076,19981025,TMAX,252,,,a,
ASN00082076,19981026,TMAX,220,,,a,
ASN00082076,19981027,TMAX,102,,,a,
ASN00082076,19981028,TMAX,170,,,a,
ASN00082076,19981029,TMAX,194,,,a,
ASN00082076,19981030,TMAX,180,,,a,
ASN00082076,19981031,TMAX,162,,,a,
ASN00082076,19981001,TMIN,76,,,a,
ASN00082076,19981002,TMIN,148,,,a,
ASN00082076,19981003,TMIN,150,,,a,
ASN00082076,19981004,TMIN,37,,,a,
ASN00082076,19981005,TMIN,34,,,a,
ASN00082076,19981006,TMIN,89,,,a,
ASN00082076,19981007,TMIN,52,,,a,
ASN00082076,19981008,TMIN,36,,,a,
ASN00082076,19981009,TMIN,73,,,a,
ASN00082076,19981010,TMIN,54,,,a,
ASN00082076,19981011,TMIN,51,,,a,
ASN00082076,19981012,TMIN,31,,,a,
ASN00082076,19981013,TMIN,39,,,a,
ASN00082076,19981014,TMIN,30,,,a,
ASN00082076,19981015,TMIN,46,,,a,
ASN00082076,19981016,TMIN,41,,,a,
ASN00082076,19981017,TMIN,64,,,a,
ASN00082076,19981018,TMIN,125,,,a,
ASN00082076,19981021,TMIN,72,,,a,
ASN00082076,19981022,TMIN,40,,,a,
ASN00082076,19981023,TMIN,28,,,a,
ASN00082076,19981024,TMIN,52,,,a,
ASN00082076,19981026,TMIN,125,,,a,
ASN00082076,19981027,TMIN,58,,,a,
ASN00082076,19981028,TMIN,17,,,a,
ASN00082076,19981029,TMIN,38,,,a,
ASN00082076,19981030,TMIN,40,,,a,
ASN00082076,19981031,TMIN,86,,,a,
ASN00082076,19981001,PRCP,0,,,a,
ASN00082076,19981002,PRCP,6,,,a,
ASN00082076,19981003,PRCP,206,,,a,
ASN00082076,19981004,PRCP,4,,,a,
ASN00082076,19981005,PRCP,0,,,a,
ASN00082076,19981006,PRCP,192,,,a,
ASN00082076,19981007,PRCP,48,,,a,
ASN00082076,19981008,PRCP,46,,,a,
ASN00082076,19981009,PRCP,0,,,a,
ASN00082076,19981010,PRCP,0,,,a,
ASN00082076,19981011,PRCP,0,,,a,
ASN00082076,19981012,PRCP,0,,,a,
ASN00082076,19981013,PRCP,82,,,a,
ASN00082076,19981014,PRCP,0,,,a,
ASN00082076,19981015,PRCP,22,,,a,
ASN00082076,19981016,PRCP,8,,,a,
ASN00082076,19981017,PRCP,0,,,a,
ASN00082076,19981018,PRCP,114,,,a,
ASN00082076,19981021,PRCP,0,,,a,
ASN00082076,19981022,PRCP,0,,,a,
ASN00082076,19981023,PRCP,0,,,a,
ASN00082076,19981024,PRCP,0,,,a,
ASN00082076,19981026,PRCP,0,,,a,
ASN00082076,19981027,PRCP,8,,,a,
ASN00082076,19981028,PRCP,42,,,a,
ASN00082076,19981029,PRCP,0,,,a,
ASN00082076,19981030,PRCP,0,,,a,
ASN00082076,19981031,PRCP,0,,,a,
ASN00082076,19981020,DAPR,2,,,a,
ASN00082076,19981020,DATN,2,,,a,
ASN00082076,19981019,DATX,2,,,a,
ASN00082076,19981020,MDPR,34,,,a,
ASN00082076,19981020,MDTN,44,,,a,
ASN00082076,19981019,MDTX,145,,,a,
ASN00082076,19981101,TMAX,153,,,a,
ASN00082076,19981102,TMAX,223,,,a,
ASN00082076,19981103,TMAX,252,,,a,
ASN00082076,19981104,TMAX,250,,,a,
ASN00082076,19981113,TMAX,189,,,a,
ASN00082076,19981114,TMAX,238,,,a,
ASN00082076,19981115,TMAX,251,,,a,
ASN00082076,19981116,TMAX,242,,,a,
ASN00082076,19981117,TMAX,245,,,a,
ASN00082076,19981118,TMAX,184,,,a,
ASN00082076,19981119,TMAX,203,,,a,
ASN00082076,19981120,TMAX,214,,,a,
ASN00082076,19981121,TMAX,215,,,a,
ASN00082076,19981122,TMAX,217,,,a,
ASN00082076,19981123,TMAX,214,,,a,
ASN00082076,19981124,TMAX,217,,,a,
ASN00082076,19981125,TMAX,189,,,a,
ASN00082076,19981126,TMAX,264,,,a,
ASN00082076,19981127,TMAX,211,,,a,
ASN00082076,19981128,TMAX,193,,,a,
ASN00082076,19981130,TMAX,220,,,a,
ASN00082076,19981101,TMIN,73,,,a,
ASN00082076,19981102,TMIN,68,,,a,
ASN00082076,19981103,TMIN,48,,,a,
ASN00082076,19981104,TMIN,73,,,a,
ASN00082076,19981105,TMIN,105,,,a,
ASN00082076,19981114,TMIN,118,,,a,
ASN00082076,19981115,TMIN,115,,,a,
ASN00082076,19981116,TMIN,127,,,a,
ASN00082076,19981117,TMIN,76,,,a,
ASN00082076,19981118,TMIN,79,,,a,
ASN00082076,19981119,TMIN,85,,,a,
ASN00082076,19981120,TMIN,72,,,a,
ASN00082076,19981121,TMIN,74,,,a,
ASN00082076,19981122,TMIN,72,,,a,
ASN00082076,19981123,TMIN,121,,,a,
ASN00082076,19981124,TMIN,120,,,a,
ASN00082076,19981125,TMIN,107,,,a,
ASN00082076,19981126,TMIN,83,,,a,
ASN00082076,19981127,TMIN,98,,,a,
ASN00082076,19981128,TMIN,57,,,a,
ASN00082076,19981129,TMIN,90,,,a,
ASN00082076,19981101,PRCP,0,,,a,
ASN00082076,19981102,PRCP,0,,,a,
ASN00082076,19981103,PRCP,0,,,a,
ASN00082076,19981104,PRCP,0,,,a,
ASN00082076,19981105,PRCP,0,,,a,
ASN00082076,19981114,PRCP,24,,,a,
ASN00082076,19981115,PRCP,0,,,a,
ASN00082076,19981116,PRCP,0,,,a,
ASN00082076,19981117,PRCP,0,,,a,
ASN00082076,19981118,PRCP,0,,,a,
ASN00082076,19981119,PRCP,0,,,a,
ASN00082076,19981120,PRCP,0,,,a,
ASN00082076,19981121,PRCP,0,,,a,
ASN00082076,19981122,PRCP,0,,,a,
ASN00082076,19981123,PRCP,0,,,a,
ASN00082076,19981124,PRCP,0,,,a,
ASN00082076,19981125,PRCP,0,,,a,
ASN00082076,19981126,PRCP,0,,,a,
ASN00082076,19981127,PRCP,0,,,a,
ASN00082076,19981128,PRCP,142,,,a,
ASN00082076,19981129,PRCP,2,,,a,
ASN00082076,19981130,PRCP,0,,,a,
ASN00082076,19981201,TMAX,254,,,a,
ASN00082076,19981202,TMAX,272,,,a,
ASN00082076,19981203,TMAX,296,,,a,
ASN00082076,19981204,TMAX,221,,,a,
ASN00082076,19981205,TMAX,220,,,a,
ASN00082076,19981206,TMAX,257,,,a,
ASN00082076,19981207,TMAX,268,,,a,
ASN00082076,19981208,TMAX,285,,,a,
ASN00082076,19981209,TMAX,308,,,a,
ASN00082076,19981210,TMAX,332,,,a,
ASN00082076,19981211,TMAX,355,,,a,
ASN00082076,19981212,TMAX,342,,,a,
ASN00082076,19981213,TMAX,297,,,a,
ASN00082076,19981214,TMAX,239,,,a,
ASN00082076,19981215,TMAX,218,,,a,
ASN00082076,19981216,TMAX,250,,,a,
ASN00082076,19981217,TMAX,272,,,a,
ASN00082076,19981218,TMAX,281,,,a,
ASN00082076,19981219,TMAX,295,,,a,
ASN00082076,19981220,TMAX,223,,,a,
ASN00082076,19981221,TMAX,227,,,a,
ASN00082076,19981222,TMAX,272,,,a,
ASN00082076,19981223,TMAX,299,,,a,
ASN00082076,19981224,TMAX,318,,,a,
ASN00082076,19981225,TMAX,340,,,a,
ASN00082076,19981226,TMAX,235,,,a,
ASN00082076,19981230,TMAX,285,,,a,
ASN00082076,19981231,TMAX,324,,,a,
ASN00082076,19981201,TMIN,117,,,a,
ASN00082076,19981202,TMIN,76,,,a,
ASN00082076,19981203,TMIN,123,,,a,
ASN00082076,19981204,TMIN,131,,,a,
ASN00082076,19981205,TMIN,95,,,a,
ASN00082076,19981206,TMIN,55,,,a,
ASN00082076,19981207,TMIN,70,,,a,
ASN00082076,19981208,TMIN,134,,,a,
ASN00082076,19981209,TMIN,121,,,a,
ASN00082076,19981210,TMIN,149,,,a,
ASN00082076,19981211,TMIN,150,,,a,
ASN00082076,19981212,TMIN,152,,,a,
ASN00082076,19981213,TMIN,175,,,a,
ASN00082076,19981214,TMIN,181,,,a,
ASN00082076,19981215,TMIN,158,,,a,
ASN00082076,19981216,TMIN,142,,,a,
ASN00082076,19981217,TMIN,113,,,a,
ASN00082076,19981218,TMIN,157,,,a,
ASN00082076,19981219,TMIN,130,,,a,
ASN00082076,19981220,TMIN,138,,,a,
ASN00082076,19981221,TMIN,61,,,a,
ASN00082076,19981222,TMIN,65,,,a,
ASN00082076,19981223,TMIN,115,,,a,
ASN00082076,19981224,TMIN,132,,,a,
ASN00082076,19981225,TMIN,138,,,a,
ASN00082076,19981226,TMIN,162,,,a,
ASN00082076,19981227,TMIN,85,,,a,
ASN00082076,19981231,TMIN,115,,,a,
ASN00082076,19981201,PRCP,0,,,a,
ASN00082076,19981202,PRCP,0,,,a,
ASN00082076,19981203,PRCP,0,,,a,
ASN00082076,19981204,PRCP,0,,,a,
ASN00082076,19981205,PRCP,0,,,a,
ASN00082076,19981206,PRCP,0,,,a,
ASN00082076,19981207,PRCP,0,,,a,
ASN00082076,19981208,PRCP,0,,,a,
ASN00082076,19981209,PRCP,0,,,a,
ASN00082076,19981210,PRCP,0,,,a,
ASN00082076,19981211,PRCP,0,,,a,
ASN00082076,19981212,PRCP,0,,,a,
ASN00082076,19981213,PRCP,0,,,a,
ASN00082076,19981214,PRCP,94,,,a,
ASN00082076,19981215,PRCP,24,,,a,
ASN00082076,19981216,PRCP,6,,,a,
ASN00082076,19981217,PRCP,0,,,a,
ASN00082076,19981218,PRCP,0,,,a,
ASN00082076,19981219,PRCP,0,,,a,
ASN00082076,19981220,PRCP,0,,,a,
ASN00082076,19981221,PRCP,66,,,a,
ASN00082076,19981222,PRCP,0,,,a,
ASN00082076,19981223,PRCP,0,,,a,
ASN00082076,19981224,PRCP,0,,,a,
ASN00082076,19981225,PRCP,0,,,a,
ASN00082076,19981226,PRCP,12,,,a,
ASN00082076,19981227,PRCP,92,,,a,
ASN00082076,19981228,PRCP,0,,,a,
ASN00082076,19981229,PRCP,0,,,a,
ASN00082076,19981230,PRCP,0,,,a,
ASN00082076,19981231,PRCP,0,,,a,
ASN00082076,19981230,DATN,3,,,a,
ASN00082076,19981229,DATX,3,,,a,
ASN00082076,19981230,MDTN,86,,,a,
ASN00082076,19981229,MDTX,265,,,a,
ASN00082076,19990101,TMAX,323,,,a,
ASN00082076,19990102,TMAX,313,,,a,
ASN00082076,19990103,TMAX,355,,,a,
ASN00082076,19990104,TMAX,380,,,a,
ASN00082076,19990105,TMAX,381,,,a,
ASN00082076,19990106,TMAX,380,,,a,
ASN00082076,19990109,TMAX,280,,,a,
ASN00082076,19990110,TMAX,317,,,a,
ASN00082076,19990111,TMAX,260,,,a,
ASN00082076,19990112,TMAX,331,,,a,
ASN00082076,19990113,TMAX,328,,,a,
ASN00082076,19990114,TMAX,328,,,a,
ASN00082076,19990115,TMAX,345,,,a,
ASN00082076,19990116,TMAX,364,,,a,
ASN00082076,19990117,TMAX,368,,,a,
ASN00082076,19990118,TMAX,368,,,a,
ASN00082076,19990119,TMAX,304,,,a,
ASN00082076,19990120,TMAX,245,,,a,
ASN00082076,19990121,TMAX,295,,,a,
ASN00082076,19990122,TMAX,261,,,a,
ASN00082076,19990123,TMAX,275,,,a,
ASN00082076,19990124,TMAX,300,,,a,
ASN00082076,19990125,TMAX,320,,,a,
ASN00082076,19990126,TMAX,299,,,a,
ASN00082076,19990127,TMAX,291,,,a,
ASN00082076,19990128,TMAX,290,,,a,
ASN00082076,19990129,TMAX,282,,,a,
ASN00082076,19990130,TMAX,275,,,a,
ASN00082076,19990101,TMIN,155,,,a,
ASN00082076,19990102,TMIN,184,,,a,
ASN00082076,19990103,TMIN,140,,,a,
ASN00082076,19990104,TMIN,156,,,a,
ASN00082076,19990105,TMIN,183,,,a,
ASN00082076,19990106,TMIN,190,,,a,
ASN00082076,19990107,TMIN,211,,,a,
ASN00082076,19990110,TMIN,178,,,a,
ASN00082076,19990111,TMIN,155,,,a,
ASN00082076,19990112,TMIN,181,,,a,
ASN00082076,19990113,TMIN,158,,,a,
ASN00082076,19990114,TMIN,141,,,a,
ASN00082076,19990115,TMIN,157,,,a,
ASN00082076,19990116,TMIN,183,,,a,
ASN00082076,19990117,TMIN,199,,,a,
ASN00082076,19990118,TMIN,178,,,a,
ASN00082076,19990119,TMIN,195,,,a,
ASN00082076,19990120,TMIN,141,,,a,
ASN00082076,19990121,TMIN,130,,,a,
ASN00082076,19990122,TMIN,120,,,a,
ASN00082076,19990123,TMIN,130,,,a,
ASN00082076,19990124,TMIN,150,,,a,
ASN00082076,19990125,TMIN,166,,,a,
ASN00082076,19990126,TMIN,181,,,a,
ASN00082076,19990127,TMIN,190,,,a,
ASN00082076,19990128,TMIN,178,,,a,
ASN00082076,19990129,TMIN,139,,,a,
ASN00082076,19990130,TMIN,147,,,a,
ASN00082076,19990131,TMIN,135,,,a,
ASN00082076,19990101,PRCP,0,,,a,
ASN00082076,19990102,PRCP,0,,,a,
ASN00082076,19990103,PRCP,0,,,a,
ASN00082076,19990104,PRCP,0,,,a,
ASN00082076,19990105,PRCP,0,,,a,
ASN00082076,19990106,PRCP,0,,,a,
ASN00082076,19990107,PRCP,0,,,a,
ASN00082076,19990108,PRCP,64,,,a,
ASN00082076,19990109,PRCP,22,,,a,
ASN00082076,19990110,PRCP,0,,,a,
ASN00082076,19990111,PRCP,0,,,a,
ASN00082076,19990112,PRCP,0,,,a,
ASN00082076,19990113,PRCP,0,,,a,
ASN00082076,19990114,PRCP,0,,,a,
ASN00082076,19990115,PRCP,0,,,a,
ASN00082076,19990116,PRCP,0,,,a,
ASN00082076,19990117,PRCP,0,,,a,
ASN00082076,19990118,PRCP,0,,,a,
ASN00082076,19990119,PRCP,6,,,a,
ASN00082076,19990120,PRCP,0,,,a,
ASN00082076,19990121,PRCP,0,,,a,
ASN00082076,19990122,PRCP,42,,,a,
ASN00082076,19990123,PRCP,244,,,a,
ASN00082076,19990124,PRCP,48,,,a,
ASN00082076,19990125,PRCP,0,,,a,
ASN00082076,19990126,PRCP,0,,,a,
ASN00082076,19990127,PRCP,0,,,a,
ASN00082076,19990128,PRCP,0,,,a,
ASN00082076,19990129,PRCP,0,,,a,
ASN00082076,19990130,PRCP,54,,,a,
ASN00082076,19990131,PRCP,0,,,a,
ASN00082076,19990109,DATN,2,,,a,
ASN00082076,19990108,DATX,2,,,a,
ASN00082076,19990109,MDTN,185,,,a,
ASN00082076,19990108,MDTX,217,,,a,
ASN00082076,19990201,TMAX,303,,,a,
ASN00082076,19990202,TMAX,320,,,a,
ASN00082076,19990203,TMAX,321,,,a,
ASN00082076,19990204,TMAX,337,,,a,
ASN00082076,19990205,TMAX,317,,,a,
ASN00082076,19990206,TMAX,288,,,a,
ASN00082076,19990209,TMAX,258,,,a,
ASN00082076,19990210,TMAX,290,,,a,
ASN00082076,19990211,TMAX,326,,,a,
ASN00082076,19990212,TMAX,321,,,a,
ASN00082076,19990213,TMAX,296,,,a,
ASN00082076,19990214,TMAX,336,,,a,
ASN00082076,19990215,TMAX,349,,,a,
ASN00082076,19990216,TMAX,285,,,a,
ASN00082076,19990217,TMAX,278,,,a,
ASN00082076,19990218,TMAX,210,,,a,
ASN00082076,19990219,TMAX,245,,,a,
ASN00082076,19990220,TMAX,269,,,a,
ASN00082076,19990221,TMAX,302,,,a,
ASN00082076,19990222,TMAX,315,,,a,
ASN00082076,19990223,TMAX,294,,,a,
ASN00082076,19990224,TMAX,235,,,a,
ASN00082076,19990225,TMAX,270,,,a,
ASN00082076,19990226,TMAX,267,,,a,
ASN00082076,19990227,TMAX,300,,,a,
ASN00082076,19990228,TMAX,302,,,a,
ASN00082076,19990203,TMIN,151,,,a,
ASN00082076,19990204,TMIN,150,,,a,
ASN00082076,19990205,TMIN,132,,,a,
ASN00082076,19990206,TMIN,148,,,a,
ASN00082076,19990207,TMIN,126,,,a,
ASN00082076,19990210,TMIN,155,,,a,
ASN00082076,19990211,TMIN,168,,,a,
ASN00082076,19990212,TMIN,156,,,a,
ASN00082076,19990213,TMIN,175,,,a,
ASN00082076,19990214,TMIN,150,,,a,
ASN00082076,19990215,TMIN,168,,,a,
ASN00082076,19990216,TMIN,185,,,a,
ASN00082076,19990217,TMIN,75,,,a,
ASN00082076,19990218,TMIN,92,,,a,
ASN00082076,19990219,TMIN,65,,,a,
ASN00082076,19990220,TMIN,65,,,a,
ASN00082076,19990221,TMIN,94,,,a,
ASN00082076,19990222,TMIN,127,,,a,
ASN00082076,19990223,TMIN,124,,,a,
ASN00082076,19990224,TMIN,154,,,a,
ASN00082076,19990225,TMIN,170,,,a,
ASN00082076,19990226,TMIN,165,,,a,
ASN00082076,19990227,TMIN,160,,,a,
ASN00082076,19990228,TMIN,132,,,a,
ASN00082076,19990201,PRCP,0,,,a,
ASN00082076,19990202,PRCP,0,,,a,
ASN00082076,19990203,PRCP,0,,,a,
ASN00082076,19990204,PRCP,0,,,a,
ASN00082076,19990205,PRCP,0,,,a,
ASN00082076,19990206,PRCP,0,,,a,
ASN00082076,19990207,PRCP,2,,,a,
ASN00082076,19990208,PRCP,0,,,a,
ASN00082076,19990209,PRCP,0,,,a,
ASN00082076,19990210,PRCP,2,,,a,
ASN00082076,19990211,PRCP,0,,,a,
ASN00082076,19990212,PRCP,0,,,a,
ASN00082076,19990213,PRCP,0,,,a,
ASN00082076,19990214,PRCP,0,,,a,
ASN00082076,19990215,PRCP,0,,,a,
ASN00082076,19990216,PRCP,42,,,a,
ASN00082076,19990217,PRCP,0,,,a,
ASN00082076,19990218,PRCP,0,,,a,
ASN00082076,19990219,PRCP,0,,,a,
ASN00082076,19990220,PRCP,0,,,a,
ASN00082076,19990221,PRCP,0,,,a,
ASN00082076,19990222,PRCP,0,,,a,
ASN00082076,19990223,PRCP,0,,,a,
ASN00082076,19990224,PRCP,0,,,a,
ASN00082076,19990225,PRCP,0,,,a,
ASN00082076,19990226,PRCP,0,,,a,
ASN00082076,19990227,PRCP,0,,,a,
ASN00082076,19990228,PRCP,0,,,a,
ASN00082076,19990202,DATN,2,,,a,
ASN00082076,19990209,DATN,2,,,a,
ASN00082076,19990208,DATX,2,,,a,
ASN00082076,19990202,MDTN,128,,,a,
ASN00082076,19990209,MDTN,127,,,a,
ASN00082076,19990208,MDTX,260,,,a,
ASN00082076,19990301,TMAX,313,,,a,
ASN00082076,19990302,TMAX,293,,,a,
ASN00082076,19990303,TMAX,311,,,a,
ASN00082076,19990304,TMAX,294,,,a,
ASN00082076,19990305,TMAX,284,,,a,
ASN00082076,19990306,TMAX,317,,,a,
ASN00082076,19990307,TMAX,258,,,a,
ASN00082076,19990308,TMAX,267,,,a,
ASN00082076,19990309,TMAX,278,,,a,
ASN00082076,19990310,TMAX,293,,,a,
ASN00082076,19990311,TMAX,293,,,a,
ASN00082076,19990312,TMAX,305,,,a,
ASN00082076,19990313,TMAX,267,,,a,
ASN00082076,19990314,TMAX,241,,,a,
ASN00082076,19990315,TMAX,250,,,a,
ASN00082076,19990316,TMAX,271,,,a,
ASN00082076,19990317,TMAX,271,,,a,
ASN00082076,19990318,TMAX,279,,,a,
ASN00082076,19990321,TMAX,230,,,a,
ASN00082076,19990322,TMAX,210,,,a,
ASN00082076,19990323,TMAX,220,,,a,
ASN00082076,19990324,TMAX,239,,,a,
ASN00082076,19990325,TMAX,254,,,a,
ASN00082076,19990326,TMAX,249,,,a,
ASN00082076,19990327,TMAX,190,,,a,
ASN00082076,19990328,TMAX,160,,,a,
ASN00082076,19990329,TMAX,175,,,a,
ASN00082076,19990330,TMAX,210,,,a,
ASN00082076,19990331,TMAX,175,,,a,
ASN00082076,19990301,TMIN,144,,,a,
ASN00082076,19990302,TMIN,159,,,a,
ASN00082076,19990303,TMIN,144,,,a,
ASN00082076,19990304,TMIN,131,,,a,
ASN00082076,19990305,TMIN,95,,,a,
ASN00082076,19990306,TMIN,70,,,a,
ASN00082076,19990307,TMIN,105,,,a,
ASN00082076,19990308,TMIN,148,,,a,
ASN00082076,19990309,TMIN,100,,,a,
ASN00082076,19990310,TMIN,99,,,a,
ASN00082076,19990311,TMIN,113,,,a,
ASN00082076,19990312,TMIN,142,,,a,
ASN00082076,19990313,TMIN,138,,,a,
ASN00082076,19990314,TMIN,49,,,a,
ASN00082076,19990315,TMIN,57,,,a,
ASN00082076,19990316,TMIN,93,,,a,
ASN00082076,19990317,TMIN,99,,,a,
ASN00082076,19990318,TMIN,121,,,a,
ASN00082076,19990319,TMIN,149,,,a,
ASN00082076,19990322,TMIN,155,,,a,
ASN00082076,19990323,TMIN,98,,,a,
ASN00082076,19990324,TMIN,61,,,a,
ASN00082076,19990325,TMIN,71,,,a,
ASN00082076,19990326,TMIN,142,,,a,
ASN00082076,19990327,TMIN,151,,,a,
ASN00082076,19990328,TMIN,79,,,a,
ASN00082076,19990329,TMIN,57,,,a,
ASN00082076,19990330,TMIN,36,,,a,
ASN00082076,19990331,TMIN,68,,,a,
ASN00082076,19990301,PRCP,0,,,a,
ASN00082076,19990302,PRCP,18,,,a,
ASN00082076,19990303,PRCP,34,,,a,
ASN00082076,19990304,PRCP,0,,,a,
ASN00082076,19990305,PRCP,0,,,a,
ASN00082076,19990306,PRCP,0,,,a,
ASN00082076,19990307,PRCP,94,,,a,
ASN00082076,19990308,PRCP,0,,,a,
ASN00082076,19990309,PRCP,0,,,a,
ASN00082076,19990310,PRCP,0,,,a,
ASN00082076,19990311,PRCP,0,,,a,
ASN00082076,19990312,PRCP,0,,,a,
ASN00082076,19990313,PRCP,4,,,a,
ASN00082076,19990314,PRCP,4,,,a,
ASN00082076,19990315,PRCP,0,,,a,
ASN00082076,19990316,PRCP,0,,,a,
ASN00082076,19990317,PRCP,0,,,a,
ASN00082076,19990318,PRCP,0,,,a,
ASN00082076,19990319,PRCP,0,,,a,
ASN00082076,19990320,PRCP,10,,,a,
ASN00082076,19990321,PRCP,28,,,a,
ASN00082076,19990322,PRCP,230,,,a,
ASN00082076,19990323,PRCP,0,,,a,
ASN00082076,19990324,PRCP,0,,,a,
ASN00082076,19990325,PRCP,0,,,a,
ASN00082076,19990326,PRCP,6,,,a,
ASN00082076,19990327,PRCP,26,,,a,
ASN00082076,19990328,PRCP,114,,,a,
ASN00082076,19990329,PRCP,0,,,a,
ASN00082076,19990330,PRCP,0,,,a,
ASN00082076,19990331,PRCP,0,,,a,
ASN00082076,19990321,DATN,2,,,a,
ASN00082076,19990320,DATX,2,,,a,
ASN00082076,19990321,MDTN,146,,,a,
ASN00082076,19990320,MDTX,245,,,a,
ASN00082076,19990401,TMAX,200,,,a,
ASN00082076,19990402,TMAX,227,,,a,
ASN00082076,19990403,TMAX,253,,,a,
ASN00082076,19990404,TMAX,189,,,a,
ASN00082076,19990405,TMAX,195,,,a,
ASN00082076,19990406,TMAX,212,,,a,
ASN00082076,19990407,TMAX,202,,,a,
ASN00082076,19990408,TMAX,209,,,a,
ASN00082076,19990409,TMAX,234,,,a,
ASN00082076,19990410,TMAX,241,,,a,
ASN00082076,19990411,TMAX,242,,,a,
ASN00082076,19990412,TMAX,234,,,a,
ASN00082076,19990413,TMAX,247,,,a,
ASN00082076,19990414,TMAX,234,,,a,
ASN00082076,19990415,TMAX,212,,,a,
ASN00082076,19990416,TMAX,220,,,a,
ASN00082076,19990417,TMAX,230,,,a,
ASN00082076,19990418,TMAX,220,,,a,
ASN00082076,19990419,TMAX,215,,,a,
ASN00082076,19990420,TMAX,200,,,a,
ASN00082076,19990421,TMAX,136,,,a,
ASN00082076,19990422,TMAX,149,,,a,
ASN00082076,19990423,TMAX,193,,,a,
ASN00082076,19990424,TMAX,203,,,a,
ASN00082076,19990425,TMAX,193,,,a,
ASN00082076,19990426,TMAX,179,,,a,
ASN00082076,19990427,TMAX,125,,,a,
ASN00082076,19990430,TMAX,180,,,a,
ASN00082076,19990401,TMIN,28,,,a,
ASN00082076,19990402,TMIN,78,,,a,
ASN00082076,19990403,TMIN,83,,,a,
ASN00082076,19990404,TMIN,87,,,a,
ASN00082076,19990405,TMIN,129,,,a,
ASN00082076,19990406,TMIN,85,,,a,
ASN00082076,19990407,TMIN,61,,,a,
ASN00082076,19990408,TMIN,54,,,a,
ASN00082076,19990409,TMIN,85,,,a,
ASN00082076,19990410,TMIN,73,,,a,
ASN00082076,19990411,TMIN,75,,,a,
ASN00082076,19990412,TMIN,83,,,a,
ASN00082076,19990413,TMIN,80,,,a,
ASN00082076,19990414,TMIN,78,,,a,
ASN00082076,19990415,TMIN,71,,,a,
ASN00082076,19990416,TMIN,108,,,a,
ASN00082076,19990417,TMIN,53,,,a,
ASN00082076,19990418,TMIN,48,,,a,
ASN00082076,19990419,TMIN,30,,,a,
ASN00082076,19990420,TMIN,32,,,a,
ASN00082076,19990421,TMIN,45,,,a,
ASN00082076,19990422,TMIN,80,,,a,
ASN00082076,19990423,TMIN,12,,,a,
ASN00082076,19990424,TMIN,32,,,a,
ASN00082076,19990425,TMIN,-2,,,a,
ASN00082076,19990426,TMIN,-8,,,a,
ASN00082076,19990427,TMIN,26,,,a,
ASN00082076,19990428,TMIN,77,,,a,
ASN00082076,19990401,PRCP,0,,,a,
ASN00082076,19990402,PRCP,0,,,a,
ASN00082076,19990403,PRCP,0,,,a,
ASN00082076,19990404,PRCP,0,,,a,
ASN00082076,19990405,PRCP,124,,,a,
ASN00082076,19990406,PRCP,44,,,a,
ASN00082076,19990407,PRCP,0,,,a,
ASN00082076,19990408,PRCP,0,,,a,
ASN00082076,19990409,PRCP,0,,,a,
ASN00082076,19990410,PRCP,0,,,a,
ASN00082076,19990411,PRCP,0,,,a,
ASN00082076,19990412,PRCP,0,,,a,
ASN00082076,19990413,PRCP,0,,,a,
ASN00082076,19990414,PRCP,0,,,a,
ASN00082076,19990415,PRCP,0,,,a,
ASN00082076,19990416,PRCP,0,,,a,
ASN00082076,19990417,PRCP,0,,,a,
ASN00082076,19990418,PRCP,0,,,a,
ASN00082076,19990419,PRCP,0,,,a,
ASN00082076,19990420,PRCP,0,,,a,
ASN00082076,19990421,PRCP,26,,,a,
ASN00082076,19990422,PRCP,0,,,a,
ASN00082076,19990423,PRCP,0,,,a,
ASN00082076,19990424,PRCP,0,,,a,
ASN00082076,19990425,PRCP,0,,,a,
ASN00082076,19990426,PRCP,0,,,a,
ASN00082076,19990427,PRCP,56,,,a,
ASN00082076,19990428,PRCP,0,,,a,
ASN00082076,19990429,PRCP,0,,,a,
ASN00082076,19990430,PRCP,0,,,a,
ASN00082076,19990430,DATN,2,,,a,
ASN00082076,19990429,DATX,2,,,a,
ASN00082076,19990430,MDTN,90,,,a,
ASN00082076,19990429,MDTX,155,,,a,
ASN00082076,19990501,TMAX,187,,,a,
ASN00082076,19990502,TMAX,183,,,a,
ASN00082076,19990503,TMAX,192,,,a,
ASN00082076,19990504,TMAX,220,,,a,
ASN00082076,19990505,TMAX,218,,,a,
ASN00082076,19990506,TMAX,207,,,a,
ASN00082076,19990507,TMAX,196,,,a,
ASN00082076,19990508,TMAX,206,,,a,
ASN00082076,19990509,TMAX,192,,,a,
ASN00082076,19990510,TMAX,192,,,a,
ASN00082076,19990511,TMAX,202,,,a,
ASN00082076,19990512,TMAX,146,,,a,
ASN00082076,19990513,TMAX,130,,,a,
ASN00082076,19990514,TMAX,130,,,a,
ASN00082076,19990515,TMAX,125,,,a,
ASN00082076,19990516,TMAX,125,,,a,
ASN00082076,19990517,TMAX,151,,,a,
ASN00082076,19990518,TMAX,170,,,a,
ASN00082076,19990519,TMAX,173,,,a,
ASN00082076,19990520,TMAX,203,,,a,
ASN00082076,19990521,TMAX,162,,,a,
ASN00082076,19990522,TMAX,202,,,a,
ASN00082076,19990523,TMAX,195,,,a,
ASN00082076,19990524,TMAX,167,,,a,
ASN00082076,19990525,TMAX,158,,,a,
ASN00082076,19990526,TMAX,130,,,a,
ASN00082076,19990527,TMAX,152,,,a,
ASN00082076,19990528,TMAX,143,,,a,
ASN00082076,19990529,TMAX,122,,,a,
ASN00082076,19990530,TMAX,142,,,a,
ASN00082076,19990531,TMAX,143,,,a,
ASN00082076,19990501,TMIN,34,,,a,
ASN00082076,19990502,TMIN,18,,,a,
ASN00082076,19990503,TMIN,0,,,a,
ASN00082076,19990504,TMIN,17,,,a,
ASN00082076,19990505,TMIN,48,,,a,
ASN00082076,19990506,TMIN,37,,,a,
ASN00082076,19990507,TMIN,30,,,a,
ASN00082076,19990508,TMIN,68,,,a,
ASN00082076,19990509,TMIN,19,,,a,
ASN00082076,19990510,TMIN,21,,,a,
ASN00082076,19990511,TMIN,2,,,a,
ASN00082076,19990512,TMIN,21,,,a,
ASN00082076,19990513,TMIN,72,,,a,
ASN00082076,19990514,TMIN,88,,,a,
ASN00082076,19990515,TMIN,88,,,a,
ASN00082076,19990516,TMIN,-35,,,a,
ASN00082076,19990517,TMIN,-18,,,a,
ASN00082076,19990518,TMIN,-25,,,a,
ASN00082076,19990520,TMIN,45,,,a,
ASN00082076,19990521,TMIN,55,,,a,
ASN00082076,19990522,TMIN,60,,,a,
ASN00082076,19990523,TMIN,62,,,a,
ASN00082076,19990524,TMIN,88,,,a,
ASN00082076,19990525,TMIN,118,,,a,
ASN00082076,19990526,TMIN,96,,,a,
ASN00082076,19990527,TMIN,105,,,a,
ASN00082076,19990528,TMIN,10,,,a,
ASN00082076,19990529,TMIN,24,,,a,
ASN00082076,19990530,TMIN,43,,,a,
ASN00082076,19990531,TMIN,94,,,a,
ASN00082076,19990501,PRCP,0,,,a,
ASN00082076,19990502,PRCP,0,,,a,
ASN00082076,19990503,PRCP,0,,,a,
ASN00082076,19990504,PRCP,0,,,a,
ASN00082076,19990505,PRCP,0,,,a,
ASN00082076,19990506,PRCP,0,,,a,
ASN00082076,19990507,PRCP,0,,,a,
ASN00082076,19990508,PRCP,2,,,a,
ASN00082076,19990509,PRCP,0,,,a,
ASN00082076,19990510,PRCP,0,,,a,
ASN00082076,19990511,PRCP,0,,,a,
ASN00082076,19990512,PRCP,0,,,a,
ASN00082076,19990513,PRCP,56,,,a,
ASN00082076,19990514,PRCP,12,,,a,
ASN00082076,19990515,PRCP,110,,,a,
ASN00082076,19990516,PRCP,30,,,a,
ASN00082076,19990517,PRCP,0,,,a,
ASN00082076,19990518,PRCP,0,,,a,
ASN00082076,19990519,PRCP,4,,,a,
ASN00082076,19990520,PRCP,4,,,a,
ASN00082076,19990521,PRCP,0,,,a,
ASN00082076,19990522,PRCP,6,,,a,
ASN00082076,19990523,PRCP,0,,,a,
ASN00082076,19990524,PRCP,70,,,a,
ASN00082076,19990525,PRCP,184,,,a,
ASN00082076,19990526,PRCP,40,,,a,
ASN00082076,19990527,PRCP,0,,,a,
ASN00082076,19990528,PRCP,0,,,a,
ASN00082076,19990529,PRCP,0,,,a,
ASN00082076,19990530,PRCP,354,,,a,
ASN00082076,19990531,PRCP,268,,,a,
ASN00082076,19990601,TMAX,164,,,a,
ASN00082076,19990602,TMAX,140,,,a,
ASN00082076,19990603,TMAX,163,,,a,
ASN00082076,19990604,TMAX,168,,,a,
ASN00082076,19990607,TMAX,153,,,a,
ASN00082076,19990608,TMAX,152,,,a,
ASN00082076,19990609,TMAX,138,,,a,
ASN00082076,19990610,TMAX,133,,,a,
ASN00082076,19990611,TMAX,123,,,a,
ASN00082076,19990612,TMAX,93,,,a,
ASN00082076,19990613,TMAX,74,,,a,
ASN00082076,19990615,TMAX,70,,,a,
ASN00082076,19990616,TMAX,79,,,a,
ASN00082076,19990618,TMAX,103,,,a,
ASN00082076,19990619,TMAX,120,,,a,
ASN00082076,19990620,TMAX,137,,,a,
ASN00082076,19990621,TMAX,129,,,a,
ASN00082076,19990622,TMAX,139,,,a,
ASN00082076,19990623,TMAX,151,,,a,
ASN00082076,19990624,TMAX,125,,,a,
ASN00082076,19990625,TMAX,125,,,a,
ASN00082076,19990626,TMAX,150,,,a,
ASN00082076,19990628,TMAX,140,,,a,
ASN00082076,19990629,TMAX,115,,,a,
ASN00082076,19990630,TMAX,90,,,a,
ASN00082076,19990601,TMIN,42,,,a,
ASN00082076,19990602,TMIN,42,,,a,
ASN00082076,19990603,TMIN,38,,,a,
ASN00082076,19990604,TMIN,26,,,a,
ASN00082076,19990605,TMIN,25,,,a,
ASN00082076,19990608,TMIN,25,,,a,
ASN00082076,19990609,TMIN,16,,,a,
ASN00082076,19990610,TMIN,35,,,a,
ASN00082076,19990611,TMIN,54,,,a,
ASN00082076,19990612,TMIN,-6,,,a,
ASN00082076,19990613,TMIN,-4,,,a,
ASN00082076,19990614,TMIN,23,,,a,
ASN00082076,19990616,TMIN,32,,,a,
ASN00082076,19990617,TMIN,22,,,a,
ASN00082076,19990619,TMIN,80,,,a,
ASN00082076,19990620,TMIN,65,,,a,
ASN00082076,19990621,TMIN,32,,,a,
ASN00082076,19990622,TMIN,36,,,a,
ASN00082076,19990623,TMIN,20,,,a,
ASN00082076,19990624,TMIN,2,,,a,
ASN00082076,19990625,TMIN,27,,,a,
ASN00082076,19990626,TMIN,40,,,a,
ASN00082076,19990627,TMIN,13,,,a,
ASN00082076,19990629,TMIN,0,,,a,
ASN00082076,19990630,TMIN,20,,,a,
ASN00082076,19990601,PRCP,0,,,a,
ASN00082076,19990602,PRCP,0,,,a,
ASN00082076,19990603,PRCP,0,,,a,
ASN00082076,19990604,PRCP,0,,,a,
ASN00082076,19990605,PRCP,0,,,a,
ASN00082076,19990606,PRCP,210,,,a,
ASN00082076,19990607,PRCP,176,,,a,
ASN00082076,19990608,PRCP,0,,,a,
ASN00082076,19990609,PRCP,0,,,a,
ASN00082076,19990610,PRCP,62,,,a,
ASN00082076,19990611,PRCP,10,,,a,
ASN00082076,19990612,PRCP,6,,,a,
ASN00082076,19990613,PRCP,0,,,a,
ASN00082076,19990614,PRCP,172,,,a,
ASN00082076,19990615,PRCP,14,,,a,
ASN00082076,19990616,PRCP,26,,,a,
ASN00082076,19990617,PRCP,12,,,a,
ASN00082076,19990618,PRCP,118,,,a,
ASN00082076,19990619,PRCP,76,,,a,
ASN00082076,19990620,PRCP,0,,,a,
ASN00082076,19990621,PRCP,4,,,a,
ASN00082076,19990622,PRCP,12,,,a,
ASN00082076,19990623,PRCP,0,,,a,
ASN00082076,19990624,PRCP,0,,,a,
ASN00082076,19990625,PRCP,0,,,a,
ASN00082076,19990626,PRCP,0,,,a,
ASN00082076,19990627,PRCP,0,,,a,
ASN00082076,19990628,PRCP,0,,,a,
ASN00082076,19990629,PRCP,0,,,a,
ASN00082076,19990630,PRCP,0,,,a,
ASN00082076,19990701,TMAX,144,,,a,
ASN00082076,19990702,TMAX,125,,,a,
ASN00082076,19990703,TMAX,148,,,a,
ASN00082076,19990704,TMAX,133,,,a,
ASN00082076,19990705,TMAX,134,,,a,
ASN00082076,19990706,TMAX,120,,,a,
ASN00082076,19990707,TMAX,109,,,a,
ASN00082076,19990709,TMAX,148,,,a,
ASN00082076,19990710,TMAX,147,,,a,
ASN00082076,19990711,TMAX,150,,,a,
ASN00082076,19990712,TMAX,160,,,a,
ASN00082076,19990713,TMAX,141,,,a,
ASN00082076,19990714,TMAX,145,,,a,
ASN00082076,19990715,TMAX,169,,,a,
ASN00082076,19990716,TMAX,150,,,a,
ASN00082076,19990717,TMAX,130,,,a,
ASN00082076,19990718,TMAX,101,,,a,
ASN00082076,19990719,TMAX,113,,,a,
ASN00082076,19990720,TMAX,99,,,a,
ASN00082076,19990721,TMAX,95,,,a,
ASN00082076,19990722,TMAX,141,,,a,
ASN00082076,19990723,TMAX,145,,,a,
ASN00082076,19990724,TMAX,135,,,a,
ASN00082076,19990725,TMAX,146,,,a,
ASN00082076,19990726,TMAX,132,,,a,
ASN00082076,19990727,TMAX,115,,,a,
ASN00082076,19990728,TMAX,132,,,a,
ASN00082076,19990729,TMAX,120,,,a,
ASN00082076,19990730,TMAX,135,,,a,
ASN00082076,19990731,TMAX,116,,,a,
ASN00082076,19990701,TMIN,54,,,a,
ASN00082076,19990702,TMIN,-5,,,a,
ASN00082076,19990703,TMIN,12,,,a,
ASN00082076,19990704,TMIN,12,,,a,
ASN00082076,19990705,TMIN,-11,,,a,
ASN00082076,19990706,TMIN,24,,,a,
ASN00082076,19990707,TMIN,25,,,a,
ASN00082076,19990708,TMIN,13,,,a,
ASN00082076,19990710,TMIN,15,,,a,
ASN00082076,19990711,TMIN,16,,,a,
ASN00082076,19990712,TMIN,20,,,a,
ASN00082076,19990713,TMIN,20,,,a,
ASN00082076,19990714,TMIN,89,,,a,
ASN00082076,19990715,TMIN,79,,,a,
ASN00082076,19990716,TMIN,24,,,a,
ASN00082076,19990717,TMIN,37,,,a,
ASN00082076,19990718,TMIN,60,,,a,
ASN00082076,19990719,TMIN,66,,,a,
ASN00082076,19990720,TMIN,60,,,a,
ASN00082076,19990721,TMIN,56,,,a,
ASN00082076,19990722,TMIN,62,,,a,
ASN00082076,19990723,TMIN,-7,,,a,
ASN00082076,19990724,TMIN,4,,,a,
ASN00082076,19990725,TMIN,10,,,a,
ASN00082076,19990726,TMIN,-20,,,a,
ASN00082076,19990727,TMIN,-25,,,a,
ASN00082076,19990728,TMIN,-21,,,a,
ASN00082076,19990729,TMIN,-11,,,a,
ASN00082076,19990730,TMIN,25,,,a,
ASN00082076,19990731,TMIN,-4,,,a,
ASN00082076,19990701,PRCP,138,,,a,
ASN00082076,19990702,PRCP,4,,,a,
ASN00082076,19990703,PRCP,0,,,a,
ASN00082076,19990704,PRCP,0,,,a,
ASN00082076,19990705,PRCP,0,,,a,
ASN00082076,19990706,PRCP,0,,,a,
ASN00082076,19990707,PRCP,0,,,a,
ASN00082076,19990708,PRCP,0,,,a,
ASN00082076,19990709,PRCP,0,,,a,
ASN00082076,19990710,PRCP,0,,,a,
ASN00082076,19990711,PRCP,0,,,a,
ASN00082076,19990712,PRCP,2,,,a,
ASN00082076,19990713,PRCP,0,,,a,
ASN00082076,19990714,PRCP,0,,,a,
ASN00082076,19990715,PRCP,0,,,a,
ASN00082076,19990716,PRCP,0,,,a,
ASN00082076,19990717,PRCP,12,,,a,
ASN00082076,19990718,PRCP,40,,,a,
ASN00082076,19990719,PRCP,242,,,a,
ASN00082076,19990720,PRCP,54,,,a,
ASN00082076,19990721,PRCP,32,,,a,
ASN00082076,19990722,PRCP,88,,,a,
ASN00082076,19990723,PRCP,0,,,a,
ASN00082076,19990724,PRCP,0,,,a,
ASN00082076,19990725,PRCP,0,,,a,
ASN00082076,19990726,PRCP,0,,,a,
ASN00082076,19990727,PRCP,0,,,a,
ASN00082076,19990728,PRCP,0,,,a,
ASN00082076,19990729,PRCP,0,,,a,
ASN00082076,19990730,PRCP,0,,,a,
ASN00082076,19990731,PRCP,48,,,a,
ASN00082076,19990801,TMAX,127,,,a,
ASN00082076,19990802,TMAX,135,,,a,
ASN00082076,19990803,TMAX,135,,,a,
ASN00082076,19990804,TMAX,143,,,a,
ASN00082076,19990805,TMAX,146,,,a,
ASN00082076,19990806,TMAX,151,,,a,
ASN00082076,19990807,TMAX,135,,,a,
ASN00082076,19990808,TMAX,105,,,a,
ASN00082076,19990810,TMAX,141,,,a,
ASN00082076,19990811,TMAX,135,,,a,
ASN00082076,19990812,TMAX,92,,,a,
ASN00082076,19990814,TMAX,107,,,a,
ASN00082076,19990815,TMAX,122,,,a,
ASN00082076,19990816,TMAX,139,,,a,
ASN00082076,19990817,TMAX,120,,,a,
ASN00082076,19990818,TMAX,145,,,a,
ASN00082076,19990819,TMAX,156,,,a,
ASN00082076,19990820,TMAX,150,,,a,
ASN00082076,19990821,TMAX,154,,,a,
ASN00082076,19990822,TMAX,170,,,a,
ASN00082076,19990823,TMAX,175,,,a,
ASN00082076,19990824,TMAX,152,,,a,
ASN00082076,19990825,TMAX,195,,,a,
ASN00082076,19990826,TMAX,132,,,a,
ASN00082076,19990827,TMAX,147,,,a,
ASN00082076,19990829,TMAX,220,,,a,
ASN00082076,19990830,TMAX,211,,,a,
ASN00082076,19990831,TMAX,214,,,a,
ASN00082076,19990801,TMIN,4,,,a,
ASN00082076,19990802,TMIN,-21,,,a,
ASN00082076,19990803,TMIN,-20,,,a,
ASN00082076,19990804,TMIN,-12,,,a,
ASN00082076,19990805,TMIN,-18,,,a,
ASN00082076,19990806,TMIN,38,,,a,
ASN00082076,19990807,TMIN,5,,,a,
ASN00082076,19990808,TMIN,49,,,a,
ASN00082076,19990809,TMIN,55,,,a,
ASN00082076,19990811,TMIN,10,,,a,
ASN00082076,19990812,TMIN,20,,,a,
ASN00082076,19990813,TMIN,22,,,a,
ASN00082076,19990815,TMIN,-14,,,a,
ASN00082076,19990816,TMIN,-18,,,a,
ASN00082076,19990817,TMIN,-5,,,a,
ASN00082076,19990818,TMIN,30,,,a,
ASN00082076,19990819,TMIN,13,,,a,
ASN00082076,19990820,TMIN,22,,,a,
ASN00082076,19990821,TMIN,12,,,a,
ASN00082076,19990822,TMIN,25,,,a,
ASN00082076,19990823,TMIN,2,,,a,
ASN00082076,19990824,TMIN,35,,,a,
ASN00082076,19990825,TMIN,52,,,a,
ASN00082076,19990826,TMIN,67,,,a,
ASN00082076,19990827,TMIN,90,,,a,
ASN00082076,19990828,TMIN,101,,,a,
ASN00082076,19990829,TMIN,63,,,a,
ASN00082076,19990830,TMIN,74,,,a,
ASN00082076,19990831,TMIN,62,,,a,
ASN00082076,19990801,PRCP,0,,,a,
ASN00082076,19990802,PRCP,0,,,a,
ASN00082076,19990803,PRCP,0,,,a,
ASN00082076,19990804,PRCP,0,,,a,
ASN00082076,19990805,PRCP,0,,,a,
ASN00082076,19990806,PRCP,0,,,a,
ASN00082076,19990807,PRCP,0,,,a,
ASN00082076,19990808,PRCP,62,,,a,
ASN00082076,19990809,PRCP,475,,,a,
ASN00082076,19990810,PRCP,80,,,a,
ASN00082076,19990811,PRCP,0,,,a,
ASN00082076,19990812,PRCP,0,,,a,
ASN00082076,19990813,PRCP,156,,,a,
ASN00082076,19990814,PRCP,192,,,a,
ASN00082076,19990815,PRCP,0,,,a,
ASN00082076,19990816,PRCP,0,,,a,
ASN00082076,19990817,PRCP,0,,,a,
ASN00082076,19990818,PRCP,0,,,a,
ASN00082076,19990819,PRCP,0,,,a,
ASN00082076,19990820,PRCP,36,,,a,
ASN00082076,19990821,PRCP,0,,,a,
ASN00082076,19990822,PRCP,0,,,a,
ASN00082076,19990823,PRCP,0,,,a,
ASN00082076,19990824,PRCP,0,,,a,
ASN00082076,19990825,PRCP,10,,,a,
ASN00082076,19990826,PRCP,64,,,a,
ASN00082076,19990827,PRCP,290,,,a,
ASN00082076,19990828,PRCP,4,,,a,
ASN00082076,19990829,PRCP,0,,,a,
ASN00082076,19990830,PRCP,0,,,a,
ASN00082076,19990831,PRCP,0,,,a,
ASN00082076,19990901,TMAX,204,,,a,
ASN00082076,19990902,TMAX,206,,,a,
ASN00082076,19990903,TMAX,217,,,a,
ASN00082076,19990904,TMAX,220,,,a,
ASN00082076,19990905,TMAX,118,,,a,
ASN00082076,19990907,TMAX,170,,,a,
ASN00082076,19990908,TMAX,152,,,a,
ASN00082076,19990909,TMAX,160,,,a,
ASN00082076,19990910,TMAX,149,,,a,
ASN00082076,19990911,TMAX,147,,,a,
ASN00082076,19990912,TMAX,175,,,a,
ASN00082076,19990913,TMAX,190,,,a,
ASN00082076,19990914,TMAX,202,,,a,
ASN00082076,19990916,TMAX,202,,,a,
ASN00082076,19990917,TMAX,132,,,a,
ASN00082076,19990918,TMAX,124,,,a,
ASN00082076,19990919,TMAX,156,,,a,
ASN00082076,19990920,TMAX,178,,,a,
ASN00082076,19990921,TMAX,188,,,a,
ASN00082076,19990922,TMAX,218,,,a,
ASN00082076,19990923,TMAX,200,,,a,
ASN00082076,19990924,TMAX,237,,,a,
ASN00082076,19990925,TMAX,250,,,a,
ASN00082076,19990926,TMAX,229,,,a,
ASN00082076,19990927,TMAX,248,,,a,
ASN00082076,19990928,TMAX,212,,,a,
ASN00082076,19990929,TMAX,221,,,a,
ASN00082076,19990930,TMAX,163,,,a,
ASN00082076,19990901,TMIN,94,,,a,
ASN00082076,19990902,TMIN,102,,,a,
ASN00082076,19990903,TMIN,65,,,a,
ASN00082076,19990904,TMIN,75,,,a,
ASN00082076,19990905,TMIN,81,,,a,
ASN00082076,19990906,TMIN,56,,,a,
ASN00082076,19990908,TMIN,15,,,a,
ASN00082076,19990909,TMIN,15,,,a,
ASN00082076,19990910,TMIN,31,,,a,
ASN00082076,19990911,TMIN,69,,,a,
ASN00082076,19990912,TMIN,-1,,,a,
ASN00082076,19990913,TMIN,20,,,a,
ASN00082076,19990914,TMIN,22,,,a,
ASN00082076,19990915,TMIN,30,,,a,
ASN00082076,19990917,TMIN,65,,,a,
ASN00082076,19990918,TMIN,32,,,a,
ASN00082076,19990919,TMIN,15,,,a,
ASN00082076,19990920,TMIN,30,,,a,
ASN00082076,19990921,TMIN,13,,,a,
ASN00082076,19990922,TMIN,66,,,a,
ASN00082076,19990923,TMIN,41,,,a,
ASN00082076,19990924,TMIN,57,,,a,
ASN00082076,19990925,TMIN,85,,,a,
ASN00082076,19990926,TMIN,105,,,a,
ASN00082076,19990927,TMIN,77,,,a,
ASN00082076,19990928,TMIN,84,,,a,
ASN00082076,19990929,TMIN,79,,,a,
ASN00082076,19990930,TMIN,128,,,a,
ASN00082076,19990901,PRCP,14,,,a,
ASN00082076,19990902,PRCP,8,,,a,
ASN00082076,19990903,PRCP,34,,,a,
ASN00082076,19990904,PRCP,0,,,a,
ASN00082076,19990905,PRCP,450,,,a,
ASN00082076,19990906,PRCP,120,,,a,
ASN00082076,19990907,PRCP,4,,,a,
ASN00082076,19990908,PRCP,0,,,a,
ASN00082076,19990909,PRCP,0,,,a,
ASN00082076,19990910,PRCP,4,,,a,
ASN00082076,19990911,PRCP,0,,,a,
ASN00082076,19990912,PRCP,0,,,a,
ASN00082076,19990913,PRCP,0,,,a,
ASN00082076,19990914,PRCP,0,,,a,
ASN00082076,19990915,PRCP,0,,,a,
ASN00082076,19990916,PRCP,0,,,a,
ASN00082076,19990917,PRCP,288,,,a,
ASN00082076,19990918,PRCP,14,,,a,
ASN00082076,19990919,PRCP,0,,,a,
ASN00082076,19990920,PRCP,0,,,a,
ASN00082076,19990921,PRCP,0,,,a,
ASN00082076,19990922,PRCP,0,,,a,
ASN00082076,19990923,PRCP,0,,,a,
ASN00082076,19990924,PRCP,0,,,a,
ASN00082076,19990925,PRCP,0,,,a,
ASN00082076,19990926,PRCP,0,,,a,
ASN00082076,19990927,PRCP,0,,,a,
ASN00082076,19990928,PRCP,0,,,a,
ASN00082076,19990929,PRCP,22,,,a,
ASN00082076,19990930,PRCP,218,,,a,
ASN00082076,19991001,TMAX,209,,,a,
ASN00082076,19991002,TMAX,220,,,a,
ASN00082076,19991003,TMAX,165,,,a,
ASN00082076,19991004,TMAX,205,,,a,
ASN00082076,19991005,TMAX,210,,,a,
ASN00082076,19991006,TMAX,230,,,a,
ASN00082076,19991008,TMAX,229,,,a,
ASN00082076,19991009,TMAX,269,,,a,
ASN00082076,19991010,TMAX,202,,,a,
ASN00082076,19991011,TMAX,175,,,a,
ASN00082076,19991012,TMAX,208,,,a,
ASN00082076,19991013,TMAX,161,,,a,
ASN00082076,19991014,TMAX,232,,,a,
ASN00082076,19991015,TMAX,201,,,a,
ASN00082076,19991016,TMAX,234,,,a,
ASN00082076,19991017,TMAX,248,,,a,
ASN00082076,19991019,TMAX,152,,,a,
ASN00082076,19991020,TMAX,182,,,a,
ASN00082076,19991021,TMAX,195,,,a,
ASN00082076,19991022,TMAX,185,,,a,
ASN00082076,19991023,TMAX,159,,,a,
ASN00082076,19991025,TMAX,215,,,a,
ASN00082076,19991026,TMAX,179,,,a,
ASN00082076,19991027,TMAX,195,,,a,
ASN00082076,19991028,TMAX,214,,,a,
ASN00082076,19991029,TMAX,240,,,a,
ASN00082076,19991030,TMAX,205,,,a,
ASN00082076,19991031,TMAX,195,,,a,
ASN00082076,19991001,TMIN,100,,,a,
ASN00082076,19991002,TMIN,56,,,a,
ASN00082076,19991003,TMIN,87,,,a,
ASN00082076,19991004,TMIN,126,,,a,
ASN00082076,19991005,TMIN,116,,,a,
ASN00082076,19991006,TMIN,69,,,a,
ASN00082076,19991007,TMIN,54,,,a,
ASN00082076,19991009,TMIN,77,,,a,
ASN00082076,19991010,TMIN,126,,,a,
ASN00082076,19991011,TMIN,103,,,a,
ASN00082076,19991012,TMIN,90,,,a,
ASN00082076,19991013,TMIN,74,,,a,
ASN00082076,19991014,TMIN,116,,,a,
ASN00082076,19991015,TMIN,108,,,a,
ASN00082076,19991016,TMIN,64,,,a,
ASN00082076,19991017,TMIN,78,,,a,
ASN00082076,19991018,TMIN,85,,,a,
ASN00082076,19991020,TMIN,26,,,a,
ASN00082076,19991021,TMIN,25,,,a,
ASN00082076,19991022,TMIN,93,,,a,
ASN00082076,19991023,TMIN,70,,,a,
ASN00082076,19991024,TMIN,100,,,a,
ASN00082076,19991026,TMIN,109,,,a,
ASN00082076,19991027,TMIN,48,,,a,
ASN00082076,19991028,TMIN,42,,,a,
ASN00082076,19991029,TMIN,46,,,a,
ASN00082076,19991030,TMIN,101,,,a,
ASN00082076,19991031,TMIN,141,,,a,
ASN00082076,19991001,PRCP,152,,,a,
ASN00082076,19991002,PRCP,0,,,a,
ASN00082076,19991003,PRCP,0,,,a,
ASN00082076,19991004,PRCP,16,,,a,
ASN00082076,19991005,PRCP,0,,,a,
ASN00082076,19991006,PRCP,18,,,a,
ASN00082076,19991007,PRCP,0,,,a,
ASN00082076,19991008,PRCP,0,,,a,
ASN00082076,19991009,PRCP,0,,,a,
ASN00082076,19991010,PRCP,0,,,a,
ASN00082076,19991011,PRCP,384,,,a,
ASN00082076,19991012,PRCP,8,,,a,
ASN00082076,19991013,PRCP,0,,,a,
ASN00082076,19991014,PRCP,48,,,a,
ASN00082076,19991015,PRCP,4,,,a,
ASN00082076,19991016,PRCP,22,,,a,
ASN00082076,19991017,PRCP,0,,,a,
ASN00082076,19991018,PRCP,0,,,a,
ASN00082076,19991019,PRCP,120,,,a,
ASN00082076,19991020,PRCP,0,,,a,
ASN00082076,19991021,PRCP,0,,,a,
ASN00082076,19991022,PRCP,0,,,a,
ASN00082076,19991023,PRCP,0,,,a,
ASN00082076,19991024,PRCP,0,,,a,
ASN00082076,19991025,PRCP,0,,,a,
ASN00082076,19991026,PRCP,24,,,a,
ASN00082076,19991027,PRCP,6,,,a,
ASN00082076,19991028,PRCP,0,,,a,
ASN00082076,19991029,PRCP,0,,,a,
ASN00082076,19991030,PRCP,0,,,a,
ASN00082076,19991031,PRCP,90,,,a,
ASN00082076,19991101,TMAX,193,,,a,
ASN00082076,19991102,TMAX,230,,,a,
ASN00082076,19991104,TMAX,255,,,a,
ASN00082076,19991105,TMAX,233,,,a,
ASN00082076,19991106,TMAX,183,,,a,
ASN00082076,19991107,TMAX,200,,,a,
ASN00082076,19991108,TMAX,148,,,a,
ASN00082076,19991109,TMAX,180,,,a,
ASN00082076,19991110,TMAX,174,,,a,
ASN00082076,19991111,TMAX,215,,,a,
ASN00082076,19991112,TMAX,228,,,a,
ASN00082076,19991113,TMAX,245,,,a,
ASN00082076,19991114,TMAX,217,,,a,
ASN00082076,19991115,TMAX,159,,,a,
ASN00082076,19991116,TMAX,188,,,a,
ASN00082076,19991117,TMAX,202,,,a,
ASN00082076,19991118,TMAX,230,,,a,
ASN00082076,19991119,TMAX,245,,,a,
ASN00082076,19991120,TMAX,249,,,a,
ASN00082076,19991121,TMAX,190,,,a,
ASN00082076,19991122,TMAX,198,,,a,
ASN00082076,19991123,TMAX,172,,,a,
ASN00082076,19991124,TMAX,235,,,a,
ASN00082076,19991125,TMAX,241,,,a,
ASN00082076,19991126,TMAX,274,,,a,
ASN00082076,19991127,TMAX,242,,,a,
ASN00082076,19991128,TMAX,280,,,a,
ASN00082076,19991129,TMAX,299,,,a,
ASN00082076,19991130,TMAX,300,,,a,
ASN00082076,19991101,TMIN,17,,,a,
ASN00082076,19991102,TMIN,56,,,a,
ASN00082076,19991103,TMIN,65,,,a,
ASN00082076,19991105,TMIN,65,,,a,
ASN00082076,19991106,TMIN,128,,,a,
ASN00082076,19991107,TMIN,75,,,a,
ASN00082076,19991108,TMIN,78,,,a,
ASN00082076,19991109,TMIN,65,,,a,
ASN00082076,19991110,TMIN,42,,,a,
ASN00082076,19991111,TMIN,70,,,a,
ASN00082076,19991112,TMIN,65,,,a,
ASN00082076,19991113,TMIN,65,,,a,
ASN00082076,19991114,TMIN,77,,,a,
ASN00082076,19991115,TMIN,66,,,a,
ASN00082076,19991116,TMIN,44,,,a,
ASN00082076,19991117,TMIN,77,,,a,
ASN00082076,19991118,TMIN,94,,,a,
ASN00082076,19991119,TMIN,89,,,a,
ASN00082076,19991120,TMIN,75,,,a,
ASN00082076,19991121,TMIN,105,,,a,
ASN00082076,19991122,TMIN,121,,,a,
ASN00082076,19991123,TMIN,82,,,a,
ASN00082076,19991124,TMIN,49,,,a,
ASN00082076,19991125,TMIN,80,,,a,
ASN00082076,19991126,TMIN,85,,,a,
ASN00082076,19991127,TMIN,124,,,a,
ASN00082076,19991128,TMIN,78,,,a,
ASN00082076,19991129,TMIN,91,,,a,
ASN00082076,19991130,TMIN,107,,,a,
ASN00082076,19991101,PRCP,0,,,a,
ASN00082076,19991102,PRCP,0,,,a,
ASN00082076,19991103,PRCP,12,,,a,
ASN00082076,19991104,PRCP,0,,,a,
ASN00082076,19991105,PRCP,0,,,a,
ASN00082076,19991106,PRCP,58,,,a,
ASN00082076,19991107,PRCP,180,,,a,
ASN00082076,19991108,PRCP,0,,,a,
ASN00082076,19991109,PRCP,0,,,a,
ASN00082076,19991110,PRCP,0,,,a,
ASN00082076,19991111,PRCP,0,,,a,
ASN00082076,19991112,PRCP,0,,,a,
ASN00082076,19991113,PRCP,0,,,a,
ASN00082076,19991114,PRCP,0,,,a,
ASN00082076,19991115,PRCP,0,,,a,
ASN00082076,19991116,PRCP,0,,,a,
ASN00082076,19991117,PRCP,0,,,a,
ASN00082076,19991118,PRCP,0,,,a,
ASN00082076,19991119,PRCP,0,,,a,
ASN00082076,19991120,PRCP,0,,,a,
ASN00082076,19991121,PRCP,0,,,a,
ASN00082076,19991122,PRCP,416,,,a,
ASN00082076,19991123,PRCP,40,,,a,
ASN00082076,19991124,PRCP,0,,,a,
ASN00082076,19991125,PRCP,0,,,a,
ASN00082076,19991126,PRCP,0,,,a,
ASN00082076,19991127,PRCP,0,,,a,
ASN00082076,19991128,PRCP,0,,,a,
ASN00082076,19991129,PRCP,0,,,a,
ASN00082076,19991130,PRCP,0,,,a,
ASN00082076,19991201,TMAX,315,,,a,
ASN00082076,19991202,TMAX,314,,,a,
ASN00082076,19991203,TMAX,289,,,a,
ASN00082076,19991204,TMAX,277,,,a,
ASN00082076,19991205,TMAX,282,,,a,
ASN00082076,19991206,TMAX,310,,,a,
ASN00082076,19991208,TMAX,292,,,a,
ASN00082076,19991209,TMAX,265,,,a,
ASN00082076,19991210,TMAX,233,,,a,
ASN00082076,19991211,TMAX,221,,,a,
ASN00082076,19991212,TMAX,198,,,a,
ASN00082076,19991213,TMAX,254,,,a,
ASN00082076,19991214,TMAX,285,,,a,
ASN00082076,19991215,TMAX,302,,,a,
ASN00082076,19991216,TMAX,182,,,a,
ASN00082076,19991217,TMAX,231,,,a,
ASN00082076,19991218,TMAX,238,,,a,
ASN00082076,19991219,TMAX,187,,,a,
ASN00082076,19991220,TMAX,248,,,a,
ASN00082076,19991221,TMAX,266,,,a,
ASN00082076,19991222,TMAX,267,,,a,
ASN00082076,19991223,TMAX,257,,,a,
ASN00082076,19991224,TMAX,270,,,a,
ASN00082076,19991225,TMAX,269,,,a,
ASN00082076,19991226,TMAX,192,,,a,
ASN00082076,19991227,TMAX,187,,,a,
ASN00082076,19991228,TMAX,221,,,a,
ASN00082076,19991229,TMAX,208,,,a,
ASN00082076,19991230,TMAX,215,,,a,
ASN00082076,19991231,TMAX,188,,,a,
ASN00082076,19991201,TMIN,114,,,a,
ASN00082076,19991202,TMIN,120,,,a,
ASN00082076,19991203,TMIN,112,,,a,
ASN00082076,19991204,TMIN,92,,,a,
ASN00082076,19991205,TMIN,120,,,a,
ASN00082076,19991206,TMIN,120,,,a,
ASN00082076,19991207,TMIN,129,,,a,
ASN00082076,19991209,TMIN,170,,,a,
ASN00082076,19991210,TMIN,115,,,a,
ASN00082076,19991211,TMIN,77,,,a,
ASN00082076,19991212,TMIN,86,,,a,
ASN00082076,19991213,TMIN,82,,,a,
ASN00082076,19991214,TMIN,97,,,a,
ASN00082076,19991215,TMIN,115,,,a,
ASN00082076,19991216,TMIN,152,,,a,
ASN00082076,19991217,TMIN,97,,,a,
ASN00082076,19991218,TMIN,72,,,a,
ASN00082076,19991219,TMIN,120,,,a,
ASN00082076,19991220,TMIN,84,,,a,
ASN00082076,19991221,TMIN,77,,,a,
ASN00082076,19991222,TMIN,113,,,a,
ASN00082076,19991223,TMIN,138,,,a,
ASN00082076,19991224,TMIN,142,,,a,
ASN00082076,19991225,TMIN,132,,,a,
ASN00082076,19991226,TMIN,155,,,a,
ASN00082076,19991227,TMIN,145,,,a,
ASN00082076,19991228,TMIN,147,,,a,
ASN00082076,19991229,TMIN,149,,,a,
ASN00082076,19991230,TMIN,112,,,a,
ASN00082076,19991231,TMIN,122,,,a,
ASN00082076,19991201,PRCP,0,,,a,
ASN00082076,19991202,PRCP,0,,,a,
ASN00082076,19991203,PRCP,0,,,a,
ASN00082076,19991204,PRCP,0,,,a,
ASN00082076,19991205,PRCP,0,,,a,
ASN00082076,19991206,PRCP,0,,,a,
ASN00082076,19991207,PRCP,0,,,a,
ASN00082076,19991208,PRCP,0,,,a,
ASN00082076,19991209,PRCP,172,,,a,
ASN00082076,19991210,PRCP,34,,,a,
ASN00082076,19991211,PRCP,0,,,a,
ASN00082076,19991212,PRCP,0,,,a,
ASN00082076,19991213,PRCP,0,,,a,
ASN00082076,19991214,PRCP,0,,,a,
ASN00082076,19991215,PRCP,0,,,a,
ASN00082076,19991216,PRCP,44,,,a,
ASN00082076,19991217,PRCP,638,,,a,
ASN00082076,19991218,PRCP,0,,,a,
ASN00082076,19991219,PRCP,0,,,a,
ASN00082076,19991220,PRCP,0,,,a,
ASN00082076,19991221,PRCP,0,,,a,
ASN00082076,19991222,PRCP,0,,,a,
ASN00082076,19991223,PRCP,110,,,a,
ASN00082076,19991224,PRCP,0,,,a,
ASN00082076,19991225,PRCP,4,,,a,
ASN00082076,19991226,PRCP,138,,,a,
ASN00082076,19991227,PRCP,432,,,a,
ASN00082076,19991228,PRCP,140,,,a,
ASN00082076,19991229,PRCP,150,,,a,
ASN00082076,19991230,PRCP,0,,,a,
ASN00082076,19991231,PRCP,0,,,a,
ASN00082076,20000101,TMAX,220,,,a,
ASN00082076,20000102,TMAX,258,,,a,
ASN00082076,20000103,TMAX,278,,,a,
ASN00082076,20000104,TMAX,206,,,a,
ASN00082076,20000105,TMAX,195,,,a,
ASN00082076,20000106,TMAX,208,,,a,
ASN00082076,20000107,TMAX,244,,,a,
ASN00082076,20000108,TMAX,277,,,a,
ASN00082076,20000109,TMAX,272,,,a,
ASN00082076,20000110,TMAX,268,,,a,
ASN00082076,20000111,TMAX,305,,,a,
ASN00082076,20000112,TMAX,303,,,a,
ASN00082076,20000113,TMAX,300,,,a,
ASN00082076,20000114,TMAX,300,,,a,
ASN00082076,20000116,TMAX,260,,,a,
ASN00082076,20000117,TMAX,310,,,a,
ASN00082076,20000118,TMAX,310,,,a,
ASN00082076,20000119,TMAX,319,,,a,
ASN00082076,20000120,TMAX,277,,,a,
ASN00082076,20000121,TMAX,225,,,a,
ASN00082076,20000122,TMAX,218,,,a,
ASN00082076,20000123,TMAX,198,,,a,
ASN00082076,20000124,TMAX,219,,,a,
ASN00082076,20000125,TMAX,204,,,a,
ASN00082076,20000126,TMAX,236,,,a,
ASN00082076,20000127,TMAX,221,,,a,
ASN00082076,20000128,TMAX,220,,,a,
ASN00082076,20000129,TMAX,252,,,a,
ASN00082076,20000130,TMAX,269,,,a,
ASN00082076,20000131,TMAX,267,,,a,
ASN00082076,20000101,TMIN,106,,,a,
ASN00082076,20000102,TMIN,115,,,a,
ASN00082076,20000103,TMIN,92,,,a,
ASN00082076,20000104,TMIN,135,,,a,
ASN00082076,20000105,TMIN,88,,,a,
ASN00082076,20000106,TMIN,105,,,a,
ASN00082076,20000107,TMIN,105,,,a,
ASN00082076,20000108,TMIN,133,,,a,
ASN00082076,20000109,TMIN,114,,,a,
ASN00082076,20000110,TMIN,112,,,a,
ASN00082076,20000111,TMIN,75,,,a,
ASN00082076,20000112,TMIN,110,,,a,
ASN00082076,20000113,TMIN,105,,,a,
ASN00082076,20000114,TMIN,120,,,a,
ASN00082076,20000115,TMIN,180,,,a,
ASN00082076,20000117,TMIN,168,,,a,
ASN00082076,20000118,TMIN,120,,,a,
ASN00082076,20000119,TMIN,129,,,a,
ASN00082076,20000120,TMIN,125,,,a,
ASN00082076,20000121,TMIN,128,,,a,
ASN00082076,20000122,TMIN,62,,,a,
ASN00082076,20000123,TMIN,32,,,a,
ASN00082076,20000124,TMIN,93,,,a,
ASN00082076,20000125,TMIN,113,,,a,
ASN00082076,20000126,TMIN,130,,,a,
ASN00082076,20000127,TMIN,151,,,a,
ASN00082076,20000128,TMIN,147,,,a,
ASN00082076,20000129,TMIN,116,,,a,
ASN00082076,20000130,TMIN,130,,,a,
ASN00082076,20000131,TMIN,112,,,a,
ASN00082076,20000101,PRCP,0,,,a,
ASN00082076,20000102,PRCP,0,,,a,
ASN00082076,20000103,PRCP,0,,,a,
ASN00082076,20000104,PRCP,152,,,a,
ASN00082076,20000105,PRCP,0,,,a,
ASN00082076,20000106,PRCP,0,,,a,
ASN00082076,20000107,PRCP,0,,,a,
ASN00082076,20000108,PRCP,0,,,a,
ASN00082076,20000109,PRCP,0,,,a,
ASN00082076,20000110,PRCP,6,,,a,
ASN00082076,20000111,PRCP,0,,,a,
ASN00082076,20000112,PRCP,0,,,a,
ASN00082076,20000113,PRCP,0,,,a,
ASN00082076,20000114,PRCP,0,,,a,
ASN00082076,20000115,PRCP,0,,,a,
ASN00082076,20000116,PRCP,0,,,a,
ASN00082076,20000117,PRCP,0,,,a,
ASN00082076,20000118,PRCP,0,,,a,
ASN00082076,20000119,PRCP,0,,,a,
ASN00082076,20000120,PRCP,0,,,a,
ASN00082076,20000121,PRCP,0,,,a,
ASN00082076,20000122,PRCP,0,,,a,
ASN00082076,20000123,PRCP,0,,,a,
ASN00082076,20000124,PRCP,0,,,a,
ASN00082076,20000125,PRCP,0,,,a,
ASN00082076,20000126,PRCP,0,,,a,
ASN00082076,20000127,PRCP,80,,,a,
ASN00082076,20000128,PRCP,0,,,a,
ASN00082076,20000129,PRCP,0,,,a,
ASN00082076,20000130,PRCP,0,,,a,
ASN00082076,20000131,PRCP,0,,,a,
ASN00082076,20000201,TMAX,311,,,a,
ASN00082076,20000202,TMAX,315,,,a,
ASN00082076,20000203,TMAX,345,,,a,
ASN00082076,20000204,TMAX,358,,,a,
ASN00082076,20000205,TMAX,328,,,a,
ASN00082076,20000206,TMAX,307,,,a,
ASN00082076,20000207,TMAX,332,,,a,
ASN00082076,20000208,TMAX,345,,,a,
ASN00082076,20000209,TMAX,358,,,a,
ASN00082076,20000211,TMAX,245,,,a,
ASN00082076,20000212,TMAX,280,,,a,
ASN00082076,20000213,TMAX,250,,,a,
ASN00082076,20000214,TMAX,265,,,a,
ASN00082076,20000215,TMAX,270,,,a,
ASN00082076,20000216,TMAX,305,,,a,
ASN00082076,20000217,TMAX,320,,,a,
ASN00082076,20000218,TMAX,336,,,a,
ASN00082076,20000219,TMAX,328,,,a,
ASN00082076,20000220,TMAX,292,,,a,
ASN00082076,20000221,TMAX,314,,,a,
ASN00082076,20000222,TMAX,195,,,a,
ASN00082076,20000223,TMAX,235,,,a,
ASN00082076,20000224,TMAX,308,,,a,
ASN00082076,20000225,TMAX,293,,,a,
ASN00082076,20000226,TMAX,289,,,a,
ASN00082076,20000227,TMAX,303,,,a,
ASN00082076,20000228,TMAX,295,,,a,
ASN00082076,20000229,TMAX,298,,,a,
ASN00082076,20000201,TMIN,125,,,a,
ASN00082076,20000202,TMIN,105,,,a,
ASN00082076,20000203,TMIN,140,,,a,
ASN00082076,20000204,TMIN,141,,,a,
ASN00082076,20000205,TMIN,145,,,a,
ASN00082076,20000206,TMIN,145,,,a,
ASN00082076,20000207,TMIN,140,,,a,
ASN00082076,20000208,TMIN,161,,,a,
ASN00082076,20000209,TMIN,161,,,a,
ASN00082076,20000210,TMIN,151,,,a,
ASN00082076,20000212,TMIN,155,,,a,
ASN00082076,20000213,TMIN,116,,,a,
ASN00082076,20000214,TMIN,106,,,a,
ASN00082076,20000215,TMIN,85,,,a,
ASN00082076,20000216,TMIN,84,,,a,
ASN00082076,20000217,TMIN,102,,,a,
ASN00082076,20000218,TMIN,127,,,a,
ASN00082076,20000219,TMIN,123,,,a,
ASN00082076,20000220,TMIN,151,,,a,
ASN00082076,20000221,TMIN,159,,,a,
ASN00082076,20000222,TMIN,160,,,a,
ASN00082076,20000223,TMIN,160,,,a,
ASN00082076,20000224,TMIN,145,,,a,
ASN00082076,20000225,TMIN,173,,,a,
ASN00082076,20000226,TMIN,177,,,a,
ASN00082076,20000227,TMIN,166,,,a,
ASN00082076,20000228,TMIN,130,,,a,
ASN00082076,20000229,TMIN,164,,,a,
ASN00082076,20000201,PRCP,0,,,a,
ASN00082076,20000202,PRCP,0,,,a,
ASN00082076,20000203,PRCP,0,,,a,
ASN00082076,20000204,PRCP,0,,,a,
ASN00082076,20000205,PRCP,0,,,a,
ASN00082076,20000206,PRCP,0,,,a,
ASN00082076,20000207,PRCP,0,,,a,
ASN00082076,20000208,PRCP,0,,,a,
ASN00082076,20000209,PRCP,0,,,a,
ASN00082076,20000210,PRCP,0,,,a,
ASN00082076,20000211,PRCP,0,,,a,
ASN00082076,20000212,PRCP,120,,,a,
ASN00082076,20000213,PRCP,0,,,a,
ASN00082076,20000214,PRCP,0,,,a,
ASN00082076,20000215,PRCP,0,,,a,
ASN00082076,20000216,PRCP,0,,,a,
ASN00082076,20000217,PRCP,0,,,a,
ASN00082076,20000218,PRCP,0,,,a,
ASN00082076,20000219,PRCP,0,,,a,
ASN00082076,20000220,PRCP,0,,,a,
ASN00082076,20000221,PRCP,0,,,a,
ASN00082076,20000222,PRCP,0,,,a,
ASN00082076,20000223,PRCP,222,,,a,
ASN00082076,20000224,PRCP,14,,,a,
ASN00082076,20000225,PRCP,22,,,a,
ASN00082076,20000226,PRCP,12,,,a,
ASN00082076,20000227,PRCP,72,,,a,
ASN00082076,20000228,PRCP,0,,,a,
ASN00082076,20000229,PRCP,0,,,a,
ASN00082076,20000301,TMAX,303,,,a,
ASN00082076,20000302,TMAX,317,,,a,
ASN00082076,20000303,TMAX,338,,,a,
ASN00082076,20000304,TMAX,249,,,a,
ASN00082076,20000305,TMAX,275,,,a,
ASN00082076,20000306,TMAX,267,,,a,
ASN00082076,20000307,TMAX,260,,,a,
ASN00082076,20000308,TMAX,244,,,a,
ASN00082076,20000309,TMAX,215,,,a,
ASN00082076,20000310,TMAX,189,,,a,
ASN00082076,20000311,TMAX,289,,,a,
ASN00082076,20000312,TMAX,285,,,a,
ASN00082076,20000313,TMAX,259,,,a,
ASN00082076,20000314,TMAX,280,,,a,
ASN00082076,20000315,TMAX,270,,,a,
ASN00082076,20000316,TMAX,255,,,a,
ASN00082076,20000317,TMAX,310,,,a,
ASN00082076,20000318,TMAX,271,,,a,
ASN00082076,20000319,TMAX,245,,,a,
ASN00082076,20000320,TMAX,209,,,a,
ASN00082076,20000321,TMAX,224,,,a,
ASN00082076,20000322,TMAX,245,,,a,
ASN00082076,20000323,TMAX,165,,,a,
ASN00082076,20000324,TMAX,220,,,a,
ASN00082076,20000325,TMAX,242,,,a,
ASN00082076,20000326,TMAX,262,,,a,
ASN00082076,20000327,TMAX,242,,,a,
ASN00082076,20000328,TMAX,176,,,a,
ASN00082076,20000329,TMAX,226,,,a,
ASN00082076,20000330,TMAX,232,,,a,
ASN00082076,20000331,TMAX,232,,,a,
ASN00082076,20000301,TMIN,142,,,a,
ASN00082076,20000302,TMIN,134,,,a,
ASN00082076,20000303,TMIN,141,,,a,
ASN00082076,20000304,TMIN,170,,,a,
ASN00082076,20000305,TMIN,108,,,a,
ASN00082076,20000306,TMIN,139,,,a,
ASN00082076,20000307,TMIN,154,,,a,
ASN00082076,20000308,TMIN,152,,,a,
ASN00082076,20000309,TMIN,157,,,a,
ASN00082076,20000310,TMIN,110,,,a,
ASN00082076,20000311,TMIN,140,,,a,
ASN00082076,20000312,TMIN,143,,,a,
ASN00082076,20000313,TMIN,165,,,a,
ASN00082076,20000314,TMIN,160,,,a,
ASN00082076,20000315,TMIN,110,,,a,
ASN00082076,20000316,TMIN,120,,,a,
ASN00082076,20000317,TMIN,99,,,a,
ASN00082076,20000318,TMIN,135,,,a,
ASN00082076,20000319,TMIN,162,,,a,
ASN00082076,20000320,TMIN,150,,,a,
ASN00082076,20000321,TMIN,137,,,a,
ASN00082076,20000322,TMIN,75,,,a,
ASN00082076,20000323,TMIN,98,,,a,
ASN00082076,20000324,TMIN,96,,,a,
ASN00082076,20000325,TMIN,70,,,a,
ASN00082076,20000326,TMIN,67,,,a,
ASN00082076,20000327,TMIN,83,,,a,
ASN00082076,20000328,TMIN,133,,,a,
ASN00082076,20000329,TMIN,128,,,a,
ASN00082076,20000330,TMIN,90,,,a,
ASN00082076,20000331,TMIN,87,,,a,
ASN00082076,20000301,PRCP,0,,,a,
ASN00082076,20000302,PRCP,0,,,a,
ASN00082076,20000303,PRCP,0,,,a,
ASN00082076,20000304,PRCP,8,,,a,
ASN00082076,20000305,PRCP,0,,,a,
ASN00082076,20000306,PRCP,0,,,a,
ASN00082076,20000307,PRCP,0,,,a,
ASN00082076,20000308,PRCP,0,,,a,
ASN00082076,20000309,PRCP,0,,,a,
ASN00082076,20000310,PRCP,0,,,a,
ASN00082076,20000311,PRCP,612,,,a,
ASN00082076,20000312,PRCP,0,,,a,
ASN00082076,20000313,PRCP,0,,,a,
ASN00082076,20000314,PRCP,154,,,a,
ASN00082076,20000315,PRCP,0,,,a,
ASN00082076,20000316,PRCP,0,,,a,
ASN00082076,20000317,PRCP,0,,,a,
ASN00082076,20000318,PRCP,4,,,a,
ASN00082076,20000319,PRCP,23,,,a,
ASN00082076,20000320,PRCP,130,,,a,
ASN00082076,20000321,PRCP,0,,,a,
ASN00082076,20000322,PRCP,0,,,a,
ASN00082076,20000323,PRCP,0,,,a,
ASN00082076,20000324,PRCP,0,,,a,
ASN00082076,20000325,PRCP,0,,,a,
ASN00082076,20000326,PRCP,0,,,a,
ASN00082076,20000327,PRCP,0,,,a,
ASN00082076,20000328,PRCP,0,,,a,
ASN00082076,20000329,PRCP,82,,,a,
ASN00082076,20000330,PRCP,0,,,a,
ASN00082076,20000331,PRCP,0,,,a,
ASN00082076,20000401,TMAX,241,,,a,
ASN00082076,20000402,TMAX,243,,,a,
ASN00082076,20000403,TMAX,262,,,a,
ASN00082076,20000404,TMAX,253,,,a,
ASN00082076,20000405,TMAX,179,,,a,
ASN00082076,20000406,TMAX,215,,,a,
ASN00082076,20000407,TMAX,230,,,a,
ASN00082076,20000408,TMAX,225,,,a,
ASN00082076,20000411,TMAX,251,,,a,
ASN00082076,20000415,TMAX,230,,,a,
ASN00082076,20000416,TMAX,194,,,a,
ASN00082076,20000417,TMAX,189,,,a,
ASN00082076,20000418,TMAX,190,,,a,
ASN00082076,20000419,TMAX,193,,,a,
ASN00082076,20000420,TMAX,174,,,a,
ASN00082076,20000421,TMAX,177,,,a,
ASN00082076,20000422,TMAX,149,,,a,
ASN00082076,20000423,TMAX,166,,,a,
ASN00082076,20000424,TMAX,198,,,a,
ASN00082076,20000425,TMAX,198,,,a,
ASN00082076,20000426,TMAX,217,,,a,
ASN00082076,20000427,TMAX,217,,,a,
ASN00082076,20000428,TMAX,212,,,a,
ASN00082076,20000429,TMAX,219,,,a,
ASN00082076,20000430,TMAX,187,,,a,
ASN00082076,20000401,TMIN,118,,,a,
ASN00082076,20000402,TMIN,80,,,a,
ASN00082076,20000403,TMIN,122,,,a,
ASN00082076,20000404,TMIN,106,,,a,
ASN00082076,20000405,TMIN,126,,,a,
ASN00082076,20000406,TMIN,104,,,a,
ASN00082076,20000407,TMIN,51,,,a,
ASN00082076,20000408,TMIN,65,,,a,
ASN00082076,20000409,TMIN,63,,,a,
ASN00082076,20000412,TMIN,88,,,a,
ASN00082076,20000417,TMIN,98,,,a,
ASN00082076,20000418,TMIN,54,,,a,
ASN00082076,20000419,TMIN,35,,,a,
ASN00082076,20000420,TMIN,64,,,a,
ASN00082076,20000421,TMIN,78,,,a,
ASN00082076,20000422,TMIN,18,,,a,
ASN00082076,20000423,TMIN,14,,,a,
ASN00082076,20000424,TMIN,12,,,a,
ASN00082076,20000425,TMIN,26,,,a,
ASN00082076,20000426,TMIN,15,,,a,
ASN00082076,20000427,TMIN,38,,,a,
ASN00082076,20000428,TMIN,40,,,a,
ASN00082076,20000429,TMIN,52,,,a,
ASN00082076,20000430,TMIN,80,,,a,
ASN00082076,20000401,PRCP,0,,,a,
ASN00082076,20000402,PRCP,0,,,a,
ASN00082076,20000403,PRCP,254,,,a,
ASN00082076,20000404,PRCP,0,,,a,
ASN00082076,20000405,PRCP,56,,,a,
ASN00082076,20000406,PRCP,8,,,a,
ASN00082076,20000407,PRCP,0,,,a,
ASN00082076,20000408,PRCP,0,,,a,
ASN00082076,20000409,PRCP,0,,,a,
ASN00082076,20000410,PRCP,0,,,a,
ASN00082076,20000411,PRCP,0,,,a,
ASN00082076,20000412,PRCP,0,,,a,
ASN00082076,20000413,PRCP,0,,,a,
ASN00082076,20000414,PRCP,174,,,a,
ASN00082076,20000415,PRCP,324,,,a,
ASN00082076,20000416,PRCP,0,,,a,
ASN00082076,20000417,PRCP,38,,,a,
ASN00082076,20000418,PRCP,0,,,a,
ASN00082076,20000419,PRCP,0,,,a,
ASN00082076,20000420,PRCP,34,,,a,
ASN00082076,20000421,PRCP,4,,,a,
ASN00082076,20000422,PRCP,6,,,a,
ASN00082076,20000423,PRCP,0,,,a,
ASN00082076,20000424,PRCP,0,,,a,
ASN00082076,20000425,PRCP,0,,,a,
ASN00082076,20000426,PRCP,0,,,a,
ASN00082076,20000427,PRCP,0,,,a,
ASN00082076,20000428,PRCP,0,,,a,
ASN00082076,20000429,PRCP,0,,,a,
ASN00082076,20000430,PRCP,0,,,a,
ASN00082076,20000411,DATN,2,,,a,
ASN00082076,20000415,DATN,3,,,a,
ASN00082076,20000410,DATX,2,,,a,
ASN00082076,20000414,DATX,3,,,a,
ASN00082076,20000411,MDTN,70,,,a,
ASN00082076,20000415,MDTN,119,,,a,
ASN00082076,20000410,MDTX,255,,,a,
ASN00082076,20000414,MDTX,195,,,a,
ASN00082076,20000501,TMAX,206,,,a,
ASN00082076,20000502,TMAX,182,,,a,
ASN00082076,20000503,TMAX,172,,,a,
ASN00082076,20000506,TMAX,171,,,a,
ASN00082076,20000507,TMAX,175,,,a,
ASN00082076,20000508,TMAX,178,,,a,
ASN00082076,20000509,TMAX,171,,,a,
ASN00082076,20000510,TMAX,171,,,a,
ASN00082076,20000511,TMAX,185,,,a,
ASN00082076,20000512,TMAX,152,,,a,
ASN00082076,20000513,TMAX,149,,,a,
ASN00082076,20000514,TMAX,118,,,a,
ASN00082076,20000517,TMAX,137,,,a,
ASN00082076,20000518,TMAX,159,,,a,
ASN00082076,20000519,TMAX,140,,,a,
ASN00082076,20000520,TMAX,100,,,a,
ASN00082076,20000521,TMAX,143,,,a,
ASN00082076,20000522,TMAX,135,,,a,
ASN00082076,20000523,TMAX,145,,,a,
ASN00082076,20000524,TMAX,108,,,a,
ASN00082076,20000525,TMAX,162,,,a,
ASN00082076,20000526,TMAX,123,,,a,
ASN00082076,20000527,TMAX,59,,,a,
ASN00082076,20000528,TMAX,41,,,a,
ASN00082076,20000529,TMAX,65,,,a,
ASN00082076,20000530,TMAX,81,,,a,
ASN00082076,20000531,TMAX,95,,,a,
ASN00082076,20000501,TMIN,48,,,a,
ASN00082076,20000502,TMIN,63,,,a,
ASN00082076,20000503,TMIN,94,,,a,
ASN00082076,20000504,TMIN,119,,,a,
ASN00082076,20000507,TMIN,20,,,a,
ASN00082076,20000508,TMIN,25,,,a,
ASN00082076,20000509,TMIN,29,,,a,
ASN00082076,20000510,TMIN,35,,,a,
ASN00082076,20000511,TMIN,35,,,a,
ASN00082076,20000512,TMIN,20,,,a,
ASN00082076,20000513,TMIN,65,,,a,
ASN00082076,20000514,TMIN,82,,,a,
ASN00082076,20000515,TMIN,35,,,a,
ASN00082076,20000518,TMIN,-6,,,a,
ASN00082076,20000519,TMIN,11,,,a,
ASN00082076,20000520,TMIN,53,,,a,
ASN00082076,20000521,TMIN,16,,,a,
ASN00082076,20000522,TMIN,35,,,a,
ASN00082076,20000523,TMIN,15,,,a,
ASN00082076,20000524,TMIN,-6,,,a,
ASN00082076,20000525,TMIN,6,,,a,
ASN00082076,20000526,TMIN,68,,,a,
ASN00082076,20000527,TMIN,27,,,a,
ASN00082076,20000528,TMIN,24,,,a,
ASN00082076,20000529,TMIN,-2,,,a,
ASN00082076,20000530,TMIN,-3,,,a,
ASN00082076,20000531,TMIN,0,,,a,
ASN00082076,20000501,PRCP,44,,,a,
ASN00082076,20000502,PRCP,0,,,a,
ASN00082076,20000503,PRCP,0,,,a,
ASN00082076,20000504,PRCP,476,,,a,
ASN00082076,20000505,PRCP,434,,,a,
ASN00082076,20000506,PRCP,80,,,a,
ASN00082076,20000507,PRCP,0,,,a,
ASN00082076,20000508,PRCP,0,,,a,
ASN00082076,20000509,PRCP,0,,,a,
ASN00082076,20000510,PRCP,0,,,a,
ASN00082076,20000511,PRCP,0,,,a,
ASN00082076,20000512,PRCP,0,,,a,
ASN00082076,20000513,PRCP,156,,,a,
ASN00082076,20000514,PRCP,116,,,a,
ASN00082076,20000515,PRCP,8,,,a,
ASN00082076,20000516,PRCP,0,,,a,
ASN00082076,20000517,PRCP,4,,,a,
ASN00082076,20000518,PRCP,0,,,a,
ASN00082076,20000519,PRCP,0,,,a,
ASN00082076,20000520,PRCP,0,,,a,
ASN00082076,20000521,PRCP,4,,,a,
ASN00082076,20000522,PRCP,0,,,a,
ASN00082076,20000523,PRCP,0,,,a,
ASN00082076,20000524,PRCP,0,,,a,
ASN00082076,20000525,PRCP,148,,,a,
ASN00082076,20000526,PRCP,14,,,a,
ASN00082076,20000527,PRCP,390,,,a,
ASN00082076,20000528,PRCP,94,,,a,
ASN00082076,20000529,PRCP,104,,,a,
ASN00082076,20000530,PRCP,106,,,a,
ASN00082076,20000531,PRCP,2,,,a,
ASN00082076,20000506,DATN,2,,,a,
ASN00082076,20000517,DATN,2,,,a,
ASN00082076,20000505,DATX,2,,,a,
ASN00082076,20000516,DATX,2,,,a,
ASN00082076,20000506,MDTN,60,,,a,
ASN00082076,20000517,MDTN,48,,,a,
ASN00082076,20000505,MDTX,165,,,a,
ASN00082076,20000516,MDTX,142,,,a,
ASN00082076,20000601,TMAX,125,,,a,
ASN00082076,20000602,TMAX,130,,,a,
ASN00082076,20000603,TMAX,86,,,a,
ASN00082076,20000604,TMAX,85,,,a,
ASN00082076,20000605,TMAX,81,,,a,
ASN00082076,20000606,TMAX,89,,,a,
ASN00082076,20000609,TMAX,106,,,a,
ASN00082076,20000610,TMAX,137,,,a,
ASN00082076,20000611,TMAX,142,,,a,
ASN00082076,20000612,TMAX,130,,,a,
ASN00082076,20000613,TMAX,126,,,a,
ASN00082076,20000614,TMAX,136,,,a,
ASN00082076,20000615,TMAX,118,,,a,
ASN00082076,20000616,TMAX,125,,,a,
ASN00082076,20000617,TMAX,145,,,a,
ASN00082076,20000618,TMAX,148,,,a,
ASN00082076,20000619,TMAX,95,,,a,
ASN00082076,20000620,TMAX,118,,,a,
ASN00082076,20000621,TMAX,132,,,a,
ASN00082076,20000622,TMAX,95,,,a,
ASN00082076,20000623,TMAX,120,,,a,
ASN00082076,20000624,TMAX,104,,,a,
ASN00082076,20000625,TMAX,143,,,a,
ASN00082076,20000626,TMAX,129,,,a,
ASN00082076,20000627,TMAX,96,,,a,
ASN00082076,20000628,TMAX,124,,,a,
ASN00082076,20000629,TMAX,68,,,a,
ASN00082076,20000630,TMAX,140,,,a,
ASN00082076,20000601,TMIN,4,,,a,
ASN00082076,20000602,TMIN,20,,,a,
ASN00082076,20000603,TMIN,-15,,,a,
ASN00082076,20000604,TMIN,12,,,a,
ASN00082076,20000605,TMIN,30,,,a,
ASN00082076,20000606,TMIN,15,,,a,
ASN00082076,20000607,TMIN,30,,,a,
ASN00082076,20000610,TMIN,37,,,a,
ASN00082076,20000611,TMIN,27,,,a,
ASN00082076,20000612,TMIN,-7,,,a,
ASN00082076,20000613,TMIN,-11,,,a,
ASN00082076,20000614,TMIN,-16,,,a,
ASN00082076,20000615,TMIN,-5,,,a,
ASN00082076,20000616,TMIN,17,,,a,
ASN00082076,20000617,TMIN,32,,,a,
ASN00082076,20000618,TMIN,4,,,a,
ASN00082076,20000619,TMIN,16,,,a,
ASN00082076,20000620,TMIN,38,,,a,
ASN00082076,20000621,TMIN,62,,,a,
ASN00082076,20000622,TMIN,54,,,a,
ASN00082076,20000623,TMIN,47,,,a,
ASN00082076,20000624,TMIN,57,,,a,
ASN00082076,20000625,TMIN,29,,,a,
ASN00082076,20000626,TMIN,14,,,a,
ASN00082076,20000627,TMIN,25,,,a,
ASN00082076,20000628,TMIN,32,,,a,
ASN00082076,20000629,TMIN,44,,,a,
ASN00082076,20000630,TMIN,30,,,a,
ASN00082076,20000601,PRCP,2,,,a,
ASN00082076,20000602,PRCP,0,,,a,
ASN00082076,20000603,PRCP,0,,,a,
ASN00082076,20000604,PRCP,24,,,a,
ASN00082076,20000605,PRCP,236,,,a,
ASN00082076,20000606,PRCP,8,,,a,
ASN00082076,20000607,PRCP,6,,,a,
ASN00082076,20000608,PRCP,0,,,a,
ASN00082076,20000609,PRCP,8,,,a,
ASN00082076,20000610,PRCP,6,,,a,
ASN00082076,20000611,PRCP,0,,,a,
ASN00082076,20000612,PRCP,0,,,a,
ASN00082076,20000613,PRCP,0,,,a,
ASN00082076,20000614,PRCP,0,,,a,
ASN00082076,20000615,PRCP,0,,,a,
ASN00082076,20000616,PRCP,0,,,a,
ASN00082076,20000617,PRCP,0,,,a,
ASN00082076,20000618,PRCP,0,,,a,
ASN00082076,20000619,PRCP,0,,,a,
ASN00082076,20000620,PRCP,42,,,a,
ASN00082076,20000621,PRCP,128,,,a,
ASN00082076,20000622,PRCP,144,,,a,
ASN00082076,20000623,PRCP,212,,,a,
ASN00082076,20000624,PRCP,0,,,a,
ASN00082076,20000625,PRCP,0,,,a,
ASN00082076,20000626,PRCP,0,,,a,
ASN00082076,20000627,PRCP,0,,,a,
ASN00082076,20000628,PRCP,72,,,a,
ASN00082076,20000629,PRCP,280,,,a,
ASN00082076,20000630,PRCP,136,,,a,
ASN00082076,20000609,DATN,2,,,a,
ASN00082076,20000608,DATX,2,,,a,
ASN00082076,20000609,MDTN,48,,,a,
ASN00082076,20000608,MDTX,92,,,a,
ASN00082076,20000701,TMAX,125,,,a,
ASN00082076,20000702,TMAX,143,,,a,
ASN00082076,20000703,TMAX,130,,,a,
ASN00082076,20000707,TMAX,112,,,a,
ASN00082076,20000708,TMAX,123,,,a,
ASN00082076,20000709,TMAX,90,,,a,
ASN00082076,20000710,TMAX,98,,,a,
ASN00082076,20000711,TMAX,123,,,a,
ASN00082076,20000712,TMAX,109,,,a,
ASN00082076,20000713,TMAX,130,,,a,
ASN00082076,20000714,TMAX,115,,,a,
ASN00082076,20000715,TMAX,97,,,a,
ASN00082076,20000716,TMAX,148,,,a,
ASN00082076,20000717,TMAX,151,,,a,
ASN00082076,20000720,TMAX,100,,,a,
ASN00082076,20000721,TMAX,105,,,a,
ASN00082076,20000722,TMAX,100,,,a,
ASN00082076,20000723,TMAX,140,,,a,
ASN00082076,20000724,TMAX,125,,,a,
ASN00082076,20000725,TMAX,130,,,a,
ASN00082076,20000726,TMAX,70,,,a,
ASN00082076,20000727,TMAX,102,,,a,
ASN00082076,20000728,TMAX,124,,,a,
ASN00082076,20000729,TMAX,120,,,a,
ASN00082076,20000730,TMAX,98,,,a,
ASN00082076,20000731,TMAX,127,,,a,
ASN00082076,20000701,TMIN,40,,,a,
ASN00082076,20000702,TMIN,11,,,a,
ASN00082076,20000703,TMIN,2,,,a,
ASN00082076,20000704,TMIN,25,,,a,
ASN00082076,20000708,TMIN,53,,,a,
ASN00082076,20000709,TMIN,46,,,a,
ASN00082076,20000710,TMIN,42,,,a,
ASN00082076,20000711,TMIN,28,,,a,
ASN00082076,20000712,TMIN,-10,,,a,
ASN00082076,20000713,TMIN,-15,,,a,
ASN00082076,20000714,TMIN,-13,,,a,
ASN00082076,20000715,TMIN,25,,,a,
ASN00082076,20000716,TMIN,51,,,a,
ASN00082076,20000717,TMIN,13,,,a,
ASN00082076,20000718,TMIN,12,,,a,
ASN00082076,20000719,TMIN,32,,L,a,
ASN00082076,20000721,TMIN,35,,,a,
ASN00082076,20000722,TMIN,30,,,a,
ASN00082076,20000723,TMIN,35,,,a,
ASN00082076,20000724,TMIN,30,,,a,
ASN00082076,20000725,TMIN,15,,,a,
ASN00082076,20000726,TMIN,10,,,a,
ASN00082076,20000727,TMIN,15,,,a,
ASN00082076,20000728,TMIN,17,,,a,
ASN00082076,20000729,TMIN,-6,,,a,
ASN00082076,20000730,TMIN,-10,,,a,
ASN00082076,20000731,TMIN,23,,,a,
ASN00082076,20000701,PRCP,0,,,a,
ASN00082076,20000702,PRCP,0,,,a,
ASN00082076,20000703,PRCP,0,,,a,
ASN00082076,20000704,PRCP,0,,,a,
ASN00082076,20000705,PRCP,0,,,a,
ASN00082076,20000706,PRCP,0,,,a,
ASN00082076,20000707,PRCP,190,,,a,
ASN00082076,20000708,PRCP,32,,,a,
ASN00082076,20000709,PRCP,40,,,a,
ASN00082076,20000710,PRCP,40,,,a,
ASN00082076,20000711,PRCP,0,,,a,
ASN00082076,20000712,PRCP,0,,,a,
ASN00082076,20000713,PRCP,0,,,a,
ASN00082076,20000714,PRCP,0,,,a,
ASN00082076,20000715,PRCP,26,,,a,
ASN00082076,20000716,PRCP,4,,,a,
ASN00082076,20000717,PRCP,0,,,a,
ASN00082076,20000718,PRCP,0,,,a,
ASN00082076,20000719,PRCP,16,,,a,
ASN00082076,20000720,PRCP,240,,,a,
ASN00082076,20000721,PRCP,128,,,a,
ASN00082076,20000722,PRCP,56,,,a,
ASN00082076,20000723,PRCP,32,,,a,
ASN00082076,20000724,PRCP,26,,,a,
ASN00082076,20000725,PRCP,42,,,a,
ASN00082076,20000726,PRCP,54,,,a,
ASN00082076,20000727,PRCP,32,,,a,
ASN00082076,20000728,PRCP,6,,,a,
ASN00082076,20000729,PRCP,0,,,a,
ASN00082076,20000730,PRCP,0,,,a,
ASN00082076,20000731,PRCP,0,,,a,
ASN00082076,20000707,DATN,3,,,a,
ASN00082076,20000720,DATN,2,,L,a,
ASN00082076,20000706,DATX,3,,,a,
ASN00082076,20000719,DATX,2,,,a,
ASN00082076,20000707,MDTN,44,,,a,
ASN00082076,20000720,MDTN,42,,L,a,
ASN00082076,20000706,MDTX,190,,,a,
ASN00082076,20000719,MDTX,84,,,a,
ASN00082076,20000801,TMAX,150,,,a,
ASN00082076,20000802,TMAX,152,,,a,
ASN00082076,20000803,TMAX,169,,,a,
ASN00082076,20000804,TMAX,181,,,a,
ASN00082076,20000805,TMAX,177,,,a,
ASN00082076,20000806,TMAX,172,,,a,
ASN00082076,20000807,TMAX,158,,,a,
ASN00082076,20000808,TMAX,118,,,a,
ASN00082076,20000809,TMAX,98,,,a,
ASN00082076,20000810,TMAX,101,,,a,
ASN00082076,20000811,TMAX,115,,,a,
ASN00082076,20000812,TMAX,150,,,a,
ASN00082076,20000813,TMAX,135,,,a,
ASN00082076,20000814,TMAX,89,,,a,
ASN00082076,20000815,TMAX,65,,,a,
ASN00082076,20000816,TMAX,120,,,a,
ASN00082076,20000817,TMAX,144,,,a,
ASN00082076,20000818,TMAX,154,,,a,
ASN00082076,20000819,TMAX,144,,,a,
ASN00082076,20000820,TMAX,123,,,a,
ASN00082076,20000821,TMAX,126,,,a,
ASN00082076,20000822,TMAX,118,,,a,
ASN00082076,20000825,TMAX,100,,,a,
ASN00082076,20000826,TMAX,120,,,a,
ASN00082076,20000827,TMAX,126,,,a,
ASN00082076,20000828,TMAX,128,,,a,
ASN00082076,20000829,TMAX,112,,,a,
ASN00082076,20000830,TMAX,122,,,a,
ASN00082076,20000831,TMAX,125,,,a,
ASN00082076,20000801,TMIN,2,,,a,
ASN00082076,20000802,TMIN,12,,,a,
ASN00082076,20000803,TMIN,5,,,a,
ASN00082076,20000804,TMIN,8,,,a,
ASN00082076,20000805,TMIN,1,,,a,
ASN00082076,20000806,TMIN,-3,,,a,
ASN00082076,20000807,TMIN,17,,,a,
ASN00082076,20000808,TMIN,52,,,a,
ASN00082076,20000809,TMIN,67,,,a,
ASN00082076,20000810,TMIN,44,,,a,
ASN00082076,20000811,TMIN,-10,,,a,
ASN00082076,20000812,TMIN,-5,,,a,
ASN00082076,20000813,TMIN,15,,,a,
ASN00082076,20000814,TMIN,50,,,a,
ASN00082076,20000815,TMIN,46,,,a,
ASN00082076,20000816,TMIN,10,,,a,
ASN00082076,20000817,TMIN,-20,,,a,
ASN00082076,20000818,TMIN,-17,,,a,
ASN00082076,20000819,TMIN,17,,,a,
ASN00082076,20000820,TMIN,54,,,a,
ASN00082076,20000821,TMIN,23,,,a,
ASN00082076,20000822,TMIN,19,,,a,
ASN00082076,20000823,TMIN,23,,,a,
ASN00082076,20000826,TMIN,54,,,a,
ASN00082076,20000827,TMIN,65,,,a,
ASN00082076,20000828,TMIN,47,,,a,
ASN00082076,20000829,TMIN,39,,,a,
ASN00082076,20000830,TMIN,54,,,a,
ASN00082076,20000831,TMIN,38,,,a,
ASN00082076,20000801,PRCP,0,,,a,
ASN00082076,20000802,PRCP,0,,,a,
ASN00082076,20000803,PRCP,0,,,a,
ASN00082076,20000804,PRCP,0,,,a,
ASN00082076,20000805,PRCP,0,,,a,
ASN00082076,20000806,PRCP,0,,,a,
ASN00082076,20000807,PRCP,0,,,a,
ASN00082076,20000808,PRCP,110,,,a,
ASN00082076,20000809,PRCP,238,,,a,
ASN00082076,20000810,PRCP,94,,,a,
ASN00082076,20000811,PRCP,6,,,a,
ASN00082076,20000812,PRCP,0,,,a,
ASN00082076,20000813,PRCP,0,,,a,
ASN00082076,20000814,PRCP,132,,,a,
ASN00082076,20000815,PRCP,146,,,a,
ASN00082076,20000816,PRCP,218,,,a,
ASN00082076,20000817,PRCP,0,,,a,
ASN00082076,20000818,PRCP,0,,,a,
ASN00082076,20000819,PRCP,0,,,a,
ASN00082076,20000820,PRCP,0,,,a,
ASN00082076,20000821,PRCP,4,,,a,
ASN00082076,20000822,PRCP,38,,,a,
ASN00082076,20000823,PRCP,220,,,a,
ASN00082076,20000824,PRCP,4,,,a,
ASN00082076,20000825,PRCP,16,,,a,
ASN00082076,20000826,PRCP,44,,,a,
ASN00082076,20000827,PRCP,60,,,a,
ASN00082076,20000828,PRCP,32,,,a,
ASN00082076,20000829,PRCP,10,,,a,
ASN00082076,20000830,PRCP,48,,,a,
ASN00082076,20000831,PRCP,18,,,a,
ASN00082076,20000825,DATN,2,,,a,
ASN00082076,20000824,DATX,2,,,a,
ASN00082076,20000825,MDTN,32,,,a,
ASN00082076,20000824,MDTX,133,,,a,
ASN00082076,20000901,TMAX,145,,,a,
ASN00082076,20000902,TMAX,160,,,a,
ASN00082076,20000903,TMAX,145,,,a,
ASN00082076,20000904,TMAX,130,,,a,
ASN00082076,20000905,TMAX,120,,,a,
ASN00082076,20000906,TMAX,110,,,a,
ASN00082076,20000907,TMAX,112,,,a,
ASN00082076,20000908,TMAX,116,,,a,
ASN00082076,20000909,TMAX,114,,,a,
ASN00082076,20000910,TMAX,137,,,a,
ASN00082076,20000911,TMAX,129,,,a,
ASN00082076,20000912,TMAX,140,,,a,
ASN00082076,20000913,TMAX,173,,,a,
ASN00082076,20000914,TMAX,188,,,a,
ASN00082076,20000915,TMAX,198,,,a,
ASN00082076,20000916,TMAX,213,,,a,
ASN00082076,20000917,TMAX,218,,,a,
ASN00082076,20000918,TMAX,163,,,a,
ASN00082076,20000919,TMAX,178,,,a,
ASN00082076,20000920,TMAX,205,,,a,
ASN00082076,20000921,TMAX,225,,,a,
ASN00082076,20000924,TMAX,210,,,a,
ASN00082076,20000925,TMAX,130,,,a,
ASN00082076,20000926,TMAX,130,,,a,
ASN00082076,20000927,TMAX,149,,,a,
ASN00082076,20000928,TMAX,224,,,a,
ASN00082076,20000929,TMAX,187,,,a,
ASN00082076,20000930,TMAX,158,,,a,
ASN00082076,20000901,TMIN,17,,,a,
ASN00082076,20000902,TMIN,35,,,a,
ASN00082076,20000903,TMIN,55,,,a,
ASN00082076,20000904,TMIN,15,,,a,
ASN00082076,20000905,TMIN,15,,,a,
ASN00082076,20000906,TMIN,20,,,a,
ASN00082076,20000907,TMIN,5,,,a,
ASN00082076,20000908,TMIN,18,,,a,
ASN00082076,20000909,TMIN,69,,,a,
ASN00082076,20000910,TMIN,52,,,a,
ASN00082076,20000911,TMIN,37,,,a,
ASN00082076,20000912,TMIN,6,,,a,
ASN00082076,20000913,TMIN,22,,,a,
ASN00082076,20000914,TMIN,40,,,a,
ASN00082076,20000915,TMIN,25,,,a,
ASN00082076,20000916,TMIN,36,,,a,
ASN00082076,20000917,TMIN,59,,,a,
ASN00082076,20000918,TMIN,64,,,a,
ASN00082076,20000919,TMIN,89,,,a,
ASN00082076,20000920,TMIN,50,,,a,
ASN00082076,20000921,TMIN,67,,,a,
ASN00082076,20000922,TMIN,40,,,a,
ASN00082076,20000925,TMIN,75,,,a,
ASN00082076,20000926,TMIN,82,,,a,
ASN00082076,20000927,TMIN,95,,,a,
ASN00082076,20000928,TMIN,95,,,a,
ASN00082076,20000929,TMIN,96,,,a,
ASN00082076,20000930,TMIN,49,,,a,
ASN00082076,20000901,PRCP,28,,,a,
ASN00082076,20000902,PRCP,110,,,a,
ASN00082076,20000903,PRCP,54,,,a,
ASN00082076,20000904,PRCP,8,,,a,
ASN00082076,20000905,PRCP,28,,,a,
ASN00082076,20000906,PRCP,46,,,a,
ASN00082076,20000907,PRCP,0,,,a,
ASN00082076,20000908,PRCP,206,,,a,
ASN00082076,20000909,PRCP,106,,,a,
ASN00082076,20000910,PRCP,116,,,a,
ASN00082076,20000911,PRCP,20,,,a,
ASN00082076,20000912,PRCP,100,,,a,
ASN00082076,20000913,PRCP,0,,,a,
ASN00082076,20000914,PRCP,0,,,a,
ASN00082076,20000915,PRCP,2,,,a,
ASN00082076,20000916,PRCP,0,,,a,
ASN00082076,20000917,PRCP,0,,,a,
ASN00082076,20000918,PRCP,0,,,a,
ASN00082076,20000919,PRCP,0,,,a,
ASN00082076,20000920,PRCP,0,,,a,
ASN00082076,20000921,PRCP,36,,,a,
ASN00082076,20000922,PRCP,0,,,a,
ASN00082076,20000923,PRCP,0,,,a,
ASN00082076,20000924,PRCP,0,,,a,
ASN00082076,20000925,PRCP,50,,,a,
ASN00082076,20000926,PRCP,230,,,a,
ASN00082076,20000927,PRCP,214,,,a,
ASN00082076,20000928,PRCP,54,,,a,
ASN00082076,20000929,PRCP,0,,,a,
ASN00082076,20000930,PRCP,74,,,a,
ASN00082076,20000924,DATN,2,,,a,
ASN00082076,20000923,DATX,2,,,a,
ASN00082076,20000924,MDTN,65,,,a,
ASN00082076,20000923,MDTX,205,,,a,
ASN00082076,20001001,TMAX,116,,,a,
ASN00082076,20001002,TMAX,123,,,a,
ASN00082076,20001003,TMAX,175,,,a,
ASN00082076,20001004,TMAX,211,,,a,
ASN00082076,20001005,TMAX,222,,,a,
ASN00082076,20001006,TMAX,262,,,a,
ASN00082076,20001007,TMAX,218,,,a,
ASN00082076,20001008,TMAX,197,,,a,
ASN00082076,20001009,TMAX,186,,,a,
ASN00082076,20001010,TMAX,165,,,a,
ASN00082076,20001011,TMAX,196,,,a,
ASN00082076,20001012,TMAX,220,,,a,
ASN00082076,20001013,TMAX,151,,,a,
ASN00082076,20001014,TMAX,125,,,a,
ASN00082076,20001015,TMAX,155,,,a,
ASN00082076,20001016,TMAX,160,,,a,
ASN00082076,20001019,TMAX,192,,,a,
ASN00082076,20001020,TMAX,195,,,a,
ASN00082076,20001021,TMAX,242,,,a,
ASN00082076,20001022,TMAX,258,,,a,
ASN00082076,20001023,TMAX,182,,,a,
ASN00082076,20001024,TMAX,190,,,a,
ASN00082076,20001025,TMAX,147,,,a,
ASN00082076,20001026,TMAX,186,,,a,
ASN00082076,20001027,TMAX,157,,,a,
ASN00082076,20001028,TMAX,152,,,a,
ASN00082076,20001029,TMAX,195,,,a,
ASN00082076,20001030,TMAX,227,,,a,
ASN00082076,20001031,TMAX,225,,,a,
ASN00082076,20001001,TMIN,56,,,a,
ASN00082076,20001002,TMIN,34,,,a,
ASN00082076,20001003,TMIN,69,,,a,
ASN00082076,20001004,TMIN,22,,,a,
ASN00082076,20001005,TMIN,29,,,a,
ASN00082076,20001006,TMIN,45,,,a,
ASN00082076,20001007,TMIN,77,,,a,
ASN00082076,20001008,TMIN,116,,,a,
ASN00082076,20001009,TMIN,30,,,a,
ASN00082076,20001010,TMIN,2,,,a,
ASN00082076,20001011,TMIN,50,,,a,
ASN00082076,20001012,TMIN,26,,,a,
ASN00082076,20001013,TMIN,62,,,a,
ASN00082076,20001014,TMIN,61,,,a,
ASN00082076,20001015,TMIN,65,,,a,
ASN00082076,20001016,TMIN,5,,,a,
ASN00082076,20001017,TMIN,20,,,a,
ASN00082076,20001020,TMIN,99,,,a,
ASN00082076,20001021,TMIN,66,,,a,
ASN00082076,20001022,TMIN,78,,,a,
ASN00082076,20001023,TMIN,126,,,a,
ASN00082076,20001024,TMIN,122,,,a,
ASN00082076,20001025,TMIN,117,,,a,
ASN00082076,20001026,TMIN,90,,,a,
ASN00082076,20001027,TMIN,52,,,a,
ASN00082076,20001028,TMIN,2,,,a,
ASN00082076,20001029,TMIN,50,,,a,
ASN00082076,20001030,TMIN,49,,,a,
ASN00082076,20001031,TMIN,95,,,a,
ASN00082076,20001001,PRCP,26,,,a,
ASN00082076,20001002,PRCP,12,,,a,
ASN00082076,20001003,PRCP,0,,,a,
ASN00082076,20001004,PRCP,0,,,a,
ASN00082076,20001005,PRCP,0,,,a,
ASN00082076,20001006,PRCP,0,,,a,
ASN00082076,20001007,PRCP,0,,,a,
ASN00082076,20001008,PRCP,32,,,a,
ASN00082076,20001009,PRCP,0,,,a,
ASN00082076,20001010,PRCP,0,,,a,
ASN00082076,20001011,PRCP,0,,,a,
ASN00082076,20001012,PRCP,0,,,a,
ASN00082076,20001013,PRCP,94,,,a,
ASN00082076,20001014,PRCP,230,,,a,
ASN00082076,20001015,PRCP,100,,,a,
ASN00082076,20001016,PRCP,0,,,a,
ASN00082076,20001017,PRCP,0,,,a,
ASN00082076,20001018,PRCP,4,,,a,
ASN00082076,20001019,PRCP,488,,,a,
ASN00082076,20001020,PRCP,74,,,a,
ASN00082076,20001021,PRCP,4,,,a,
ASN00082076,20001022,PRCP,0,,,a,
ASN00082076,20001023,PRCP,0,,,a,
ASN00082076,20001024,PRCP,152,,,a,
ASN00082076,20001025,PRCP,210,,,a,
ASN00082076,20001026,PRCP,40,,,a,
ASN00082076,20001027,PRCP,0,,,a,
ASN00082076,20001028,PRCP,0,,,a,
ASN00082076,20001029,PRCP,0,,,a,
ASN00082076,20001030,PRCP,0,,,a,
ASN00082076,20001031,PRCP,0,,,a,
ASN00082076,20001019,DATN,2,,,a,
ASN00082076,20001018,DATX,2,,,a,
ASN00082076,20001019,MDTN,98,,,a,
ASN00082076,20001018,MDTX,145,,,a,
ASN00082076,20001101,TMAX,230,,,a,
ASN00082076,20001102,TMAX,203,,,a,
ASN00082076,20001103,TMAX,240,,,a,
ASN00082076,20001106,TMAX,119,,,a,
ASN00082076,20001108,TMAX,125,,,a,
ASN00082076,20001109,TMAX,150,,,a,
ASN00082076,20001110,TMAX,160,,,a,
ASN00082076,20001111,TMAX,158,,,a,
ASN00082076,20001112,TMAX,181,,,a,
ASN00082076,20001113,TMAX,194,,,a,
ASN00082076,20001114,TMAX,248,,,a,
ASN00082076,20001115,TMAX,220,,,a,
ASN00082076,20001116,TMAX,242,,,a,
ASN00082076,20001117,TMAX,275,,,a,
ASN00082076,20001120,TMAX,240,,,a,
ASN00082076,20001121,TMAX,265,,,a,
ASN00082076,20001122,TMAX,270,,,a,
ASN00082076,20001123,TMAX,275,,,a,
ASN00082076,20001124,TMAX,270,,,a,
ASN00082076,20001125,TMAX,287,,,a,
ASN00082076,20001126,TMAX,307,,,a,
ASN00082076,20001127,TMAX,318,,,a,
ASN00082076,20001128,TMAX,321,,,a,
ASN00082076,20001129,TMAX,214,,,a,
ASN00082076,20001130,TMAX,276,,,a,
ASN00082076,20001101,TMIN,98,,,a,
ASN00082076,20001102,TMIN,132,,,a,
ASN00082076,20001103,TMIN,100,,,a,
ASN00082076,20001104,TMIN,122,,,a,
ASN00082076,20001107,TMIN,80,,,a,
ASN00082076,20001108,TMIN,40,,,a,
ASN00082076,20001109,TMIN,50,,,a,
ASN00082076,20001110,TMIN,105,,,a,
ASN00082076,20001111,TMIN,145,,,a,
ASN00082076,20001112,TMIN,147,,,a,
ASN00082076,20001113,TMIN,145,,,a,
ASN00082076,20001114,TMIN,162,,,a,
ASN00082076,20001115,TMIN,128,,,a,
ASN00082076,20001116,TMIN,145,,,a,
ASN00082076,20001117,TMIN,148,,,a,
ASN00082076,20001118,TMIN,155,,,a,
ASN00082076,20001121,TMIN,139,,,a,
ASN00082076,20001122,TMIN,125,,,a,
ASN00082076,20001123,TMIN,141,,,a,
ASN00082076,20001124,TMIN,152,,,a,
ASN00082076,20001125,TMIN,114,,,a,
ASN00082076,20001126,TMIN,117,,,a,
ASN00082076,20001127,TMIN,149,,,a,
ASN00082076,20001128,TMIN,125,,,a,
ASN00082076,20001129,TMIN,164,,,a,
ASN00082076,20001130,TMIN,170,,,a,
ASN00082076,20001101,PRCP,8,,,a,
ASN00082076,20001102,PRCP,70,,,a,
ASN00082076,20001103,PRCP,38,,,a,
ASN00082076,20001104,PRCP,8,,,a,
ASN00082076,20001105,PRCP,0,,,a,
ASN00082076,20001106,PRCP,38,,,a,
ASN00082076,20001107,PRCP,0,,,a,
ASN00082076,20001108,PRCP,4,,,a,
ASN00082076,20001109,PRCP,0,,,a,
ASN00082076,20001110,PRCP,40,,,a,
ASN00082076,20001111,PRCP,286,,,a,
ASN00082076,20001112,PRCP,230,,,a,
ASN00082076,20001113,PRCP,52,,,a,
ASN00082076,20001114,PRCP,0,,,a,
ASN00082076,20001115,PRCP,4,,,a,
ASN00082076,20001116,PRCP,44,,,a,
ASN00082076,20001117,PRCP,44,,,a,
ASN00082076,20001118,PRCP,0,,,a,
ASN00082076,20001119,PRCP,170,,,a,
ASN00082076,20001120,PRCP,0,,,a,
ASN00082076,20001121,PRCP,12,,,a,
ASN00082076,20001122,PRCP,0,,,a,
ASN00082076,20001123,PRCP,0,,,a,
ASN00082076,20001124,PRCP,0,,,a,
ASN00082076,20001125,PRCP,0,,,a,
ASN00082076,20001126,PRCP,0,,,a,
ASN00082076,20001127,PRCP,0,,,a,
ASN00082076,20001128,PRCP,0,,,a,
ASN00082076,20001129,PRCP,42,,,a,
ASN00082076,20001130,PRCP,6,,,a,
ASN00082076,20001106,DATN,2,,,a,
ASN00082076,20001120,DATN,2,,,a,
ASN00082076,20001105,DATX,2,,,a,
ASN00082076,20001119,DATX,2,,,a,
ASN00082076,20001106,MDTN,105,,,a,
ASN00082076,20001120,MDTN,150,,,a,
ASN00082076,20001105,MDTX,141,,,a,
ASN00082076,20001119,MDTX,276,,,a,
ASN00082076,20001201,TMAX,190,,,a,
ASN00082076,20001202,TMAX,245,,,a,
ASN00082076,20001203,TMAX,244,,,a,
ASN00082076,20001204,TMAX,301,,,a,
ASN00082076,20001205,TMAX,302,,,a,
ASN00082076,20001206,TMAX,289,,,a,
ASN00082076,20001207,TMAX,264,,,a,
ASN00082076,20001208,TMAX,268,,,a,
ASN00082076,20001209,TMAX,265,,,a,
ASN00082076,20001210,TMAX,283,,,a,
ASN00082076,20001211,TMAX,305,,,a,
ASN00082076,20001212,TMAX,327,,,a,
ASN00082076,20001213,TMAX,286,,,a,
ASN00082076,20001214,TMAX,282,,,a,
ASN00082076,20001215,TMAX,290,,,a,
ASN00082076,20001216,TMAX,301,,,a,
ASN00082076,20001217,TMAX,329,,,a,
ASN00082076,20001218,TMAX,252,,,a,
ASN00082076,20001219,TMAX,315,,,a,
ASN00082076,20001220,TMAX,354,,,a,
ASN00082076,20001221,TMAX,376,,,a,
ASN00082076,20001222,TMAX,273,,,a,
ASN00082076,20001223,TMAX,242,,,a,
ASN00082076,20001224,TMAX,236,,,a,
ASN00082076,20001225,TMAX,236,,,a,
ASN00082076,20001226,TMAX,253,,,a,
ASN00082076,20001227,TMAX,197,,,a,
ASN00082076,20001228,TMAX,207,,,a,
ASN00082076,20001229,TMAX,241,,,a,
ASN00082076,20001230,TMAX,260,,,a,
ASN00082076,20001231,TMAX,308,,,a,
ASN00082076,20001201,TMIN,143,,,a,
ASN00082076,20001202,TMIN,74,,,a,
ASN00082076,20001203,TMIN,74,,,a,
ASN00082076,20001204,TMIN,100,,,a,
ASN00082076,20001205,TMIN,115,,,a,
ASN00082076,20001206,TMIN,155,,,a,
ASN00082076,20001207,TMIN,103,,,a,
ASN00082076,20001208,TMIN,85,,,a,
ASN00082076,20001209,TMIN,123,,,a,
ASN00082076,20001210,TMIN,98,,,a,
ASN00082076,20001211,TMIN,145,,,a,
ASN00082076,20001212,TMIN,132,,,a,
ASN00082076,20001213,TMIN,120,,,a,
ASN00082076,20001214,TMIN,130,,,a,
ASN00082076,20001215,TMIN,128,,,a,
ASN00082076,20001216,TMIN,134,,,a,
ASN00082076,20001217,TMIN,130,,,a,
ASN00082076,20001218,TMIN,176,,,a,
ASN00082076,20001219,TMIN,124,,,a,
ASN00082076,20001220,TMIN,121,,,a,
ASN00082076,20001221,TMIN,132,,,a,
ASN00082076,20001222,TMIN,179,,,a,
ASN00082076,20001223,TMIN,126,,,a,
ASN00082076,20001224,TMIN,136,,,a,
ASN00082076,20001225,TMIN,122,,,a,
ASN00082076,20001226,TMIN,76,,,a,
ASN00082076,20001227,TMIN,134,,,a,
ASN00082076,20001228,TMIN,33,,,a,
ASN00082076,20001229,TMIN,68,,,a,
ASN00082076,20001230,TMIN,90,,,a,
ASN00082076,20001231,TMIN,130,,,a,
ASN00082076,20001201,PRCP,0,,,a,
ASN00082076,20001202,PRCP,14,,,a,
ASN00082076,20001203,PRCP,0,,,a,
ASN00082076,20001204,PRCP,0,,,a,
ASN00082076,20001205,PRCP,0,,,a,
ASN00082076,20001206,PRCP,6,,,a,
ASN00082076,20001207,PRCP,0,,,a,
ASN00082076,20001208,PRCP,0,,,a,
ASN00082076,20001209,PRCP,0,,,a,
ASN00082076,20001210,PRCP,0,,,a,
ASN00082076,20001211,PRCP,0,,,a,
ASN00082076,20001212,PRCP,0,,,a,
ASN00082076,20001213,PRCP,0,,,a,
ASN00082076,20001214,PRCP,0,,,a,
ASN00082076,20001215,PRCP,0,,,a,
ASN00082076,20001216,PRCP,0,,,a,
ASN00082076,20001217,PRCP,0,,,a,
ASN00082076,20001218,PRCP,0,,,a,
ASN00082076,20001219,PRCP,26,,,a,
ASN00082076,20001220,PRCP,0,,,a,
ASN00082076,20001221,PRCP,0,,,a,
ASN00082076,20001222,PRCP,0,,,a,
ASN00082076,20001223,PRCP,304,,,a,
ASN00082076,20001224,PRCP,0,,,a,
ASN00082076,20001225,PRCP,0,,,a,
ASN00082076,20001226,PRCP,0,,,a,
ASN00082076,20001227,PRCP,0,,,a,
ASN00082076,20001228,PRCP,0,,,a,
ASN00082076,20001229,PRCP,0,,,a,
ASN00082076,20001230,PRCP,0,,,a,
ASN00082076,20001231,PRCP,0,,,a,
ASN00082076,20010101,TMAX,301,,,a,
ASN00082076,20010102,TMAX,322,,,a,
ASN00082076,20010103,TMAX,302,,,a,
ASN00082076,20010104,TMAX,340,,,a,
ASN00082076,20010105,TMAX,262,,,a,
ASN00082076,20010106,TMAX,320,,,a,
ASN00082076,20010107,TMAX,292,,,a,
ASN00082076,20010108,TMAX,245,,,a,
ASN00082076,20010109,TMAX,286,,,a,
ASN00082076,20010110,TMAX,310,,,a,
ASN00082076,20010111,TMAX,338,,,a,
ASN00082076,20010112,TMAX,344,,,a,
ASN00082076,20010113,TMAX,310,,,a,
ASN00082076,20010114,TMAX,313,,,a,
ASN00082076,20010115,TMAX,315,,,a,
ASN00082076,20010116,TMAX,276,,,a,
ASN00082076,20010117,TMAX,300,,,a,
ASN00082076,20010118,TMAX,312,,,a,
ASN00082076,20010119,TMAX,328,,,a,
ASN00082076,20010120,TMAX,306,,,a,
ASN00082076,20010121,TMAX,325,,,a,
ASN00082076,20010122,TMAX,333,,,a,
ASN00082076,20010123,TMAX,364,,,a,
ASN00082076,20010124,TMAX,360,,,a,
ASN00082076,20010125,TMAX,303,,,a,
ASN00082076,20010126,TMAX,281,,,a,
ASN00082076,20010127,TMAX,300,,,a,
ASN00082076,20010128,TMAX,298,,,a,
ASN00082076,20010129,TMAX,293,,,a,
ASN00082076,20010130,TMAX,259,,,a,
ASN00082076,20010131,TMAX,299,,,a,
ASN00082076,20010101,TMIN,127,,,a,
ASN00082076,20010102,TMIN,148,,,a,
ASN00082076,20010103,TMIN,119,,,a,
ASN00082076,20010104,TMIN,128,,,a,
ASN00082076,20010105,TMIN,166,,,a,
ASN00082076,20010106,TMIN,180,,,a,
ASN00082076,20010107,TMIN,205,,,a,
ASN00082076,20010108,TMIN,192,,,a,
ASN00082076,20010109,TMIN,125,,,a,
ASN00082076,20010110,TMIN,114,,,a,
ASN00082076,20010111,TMIN,136,,,a,
ASN00082076,20010112,TMIN,139,,,a,
ASN00082076,20010113,TMIN,133,,,a,
ASN00082076,20010114,TMIN,157,,,a,
ASN00082076,20010115,TMIN,177,,,a,
ASN00082076,20010116,TMIN,127,,,a,
ASN00082076,20010117,TMIN,122,,,a,
ASN00082076,20010118,TMIN,163,,,a,
ASN00082076,20010119,TMIN,148,,,a,
ASN00082076,20010120,TMIN,138,,,a,
ASN00082076,20010121,TMIN,178,,,a,
ASN00082076,20010122,TMIN,181,,,a,
ASN00082076,20010123,TMIN,201,,,a,
ASN00082076,20010124,TMIN,204,,,a,
ASN00082076,20010125,TMIN,207,,,a,
ASN00082076,20010126,TMIN,212,,,a,
ASN00082076,20010127,TMIN,198,,,a,
ASN00082076,20010128,TMIN,153,,,a,
ASN00082076,20010129,TMIN,123,,,a,
ASN00082076,20010130,TMIN,164,,,a,
ASN00082076,20010131,TMIN,157,,,a,
ASN00082076,20010101,PRCP,0,,,a,
ASN00082076,20010102,PRCP,0,,,a,
ASN00082076,20010103,PRCP,0,,,a,
ASN00082076,20010104,PRCP,0,,,a,
ASN00082076,20010105,PRCP,0,,,a,
ASN00082076,20010106,PRCP,6,,,a,
ASN00082076,20010107,PRCP,6,,,a,
ASN00082076,20010108,PRCP,0,,,a,
ASN00082076,20010109,PRCP,0,,,a,
ASN00082076,20010110,PRCP,0,,,a,
ASN00082076,20010111,PRCP,0,,,a,
ASN00082076,20010112,PRCP,0,,,a,
ASN00082076,20010113,PRCP,0,,,a,
ASN00082076,20010114,PRCP,0,,,a,
ASN00082076,20010115,PRCP,0,,,a,
ASN00082076,20010116,PRCP,0,,,a,
ASN00082076,20010117,PRCP,0,,,a,
ASN00082076,20010118,PRCP,0,,,a,
ASN00082076,20010119,PRCP,0,,,a,
ASN00082076,20010120,PRCP,0,,,a,
ASN00082076,20010121,PRCP,0,,,a,
ASN00082076,20010122,PRCP,0,,,a,
ASN00082076,20010123,PRCP,0,,,a,
ASN00082076,20010124,PRCP,0,,,a,
ASN00082076,20010125,PRCP,214,,,a,
ASN00082076,20010126,PRCP,106,,,a,
ASN00082076,20010127,PRCP,138,,,a,
ASN00082076,20010128,PRCP,0,,,a,
ASN00082076,20010129,PRCP,0,,,a,
ASN00082076,20010130,PRCP,0,,,a,
ASN00082076,20010131,PRCP,0,,,a,
ASN00082076,20010201,TMAX,320,,,a,
ASN00082076,20010202,TMAX,330,,,a,
ASN00082076,20010203,TMAX,330,,,a,
ASN00082076,20010204,TMAX,296,,,a,
ASN00082076,20010205,TMAX,242,,,a,
ASN00082076,20010206,TMAX,320,,,a,
ASN00082076,20010207,TMAX,320,,,a,
ASN00082076,20010208,TMAX,325,,,a,
ASN00082076,20010209,TMAX,286,,,a,
ASN00082076,20010210,TMAX,253,,,a,
ASN00082076,20010211,TMAX,300,,,a,
ASN00082076,20010212,TMAX,316,,,a,
ASN00082076,20010213,TMAX,259,,,a,
ASN00082076,20010216,TMAX,257,,,a,
ASN00082076,20010217,TMAX,287,,,a,
ASN00082076,20010218,TMAX,305,,,a,
ASN00082076,20010219,TMAX,316,,,a,
ASN00082076,20010220,TMAX,326,,,a,
ASN00082076,20010221,TMAX,298,,,a,
ASN00082076,20010222,TMAX,322,,,a,
ASN00082076,20010223,TMAX,331,,,a,
ASN00082076,20010224,TMAX,312,,,a,
ASN00082076,20010225,TMAX,244,,,a,
ASN00082076,20010226,TMAX,302,,,a,
ASN00082076,20010227,TMAX,347,,,a,
ASN00082076,20010228,TMAX,304,,,a,
ASN00082076,20010201,TMIN,146,,,a,
ASN00082076,20010202,TMIN,125,,,a,
ASN00082076,20010203,TMIN,148,,,a,
ASN00082076,20010204,TMIN,150,,,a,
ASN00082076,20010205,TMIN,200,,,a,
ASN00082076,20010206,TMIN,183,,,a,
ASN00082076,20010207,TMIN,171,,,a,
ASN00082076,20010208,TMIN,170,,,a,
ASN00082076,20010209,TMIN,174,,,a,
ASN00082076,20010210,TMIN,202,,,a,
ASN00082076,20010211,TMIN,161,,,a,
ASN00082076,20010212,TMIN,129,,,a,
ASN00082076,20010213,TMIN,165,,,a,
ASN00082076,20010214,TMIN,167,,,a,
ASN00082076,20010217,TMIN,134,,,a,
ASN00082076,20010218,TMIN,114,,,a,
ASN00082076,20010219,TMIN,123,,,a,
ASN00082076,20010220,TMIN,138,,,a,
ASN00082076,20010221,TMIN,110,,,a,
ASN00082076,20010222,TMIN,134,,,a,
ASN00082076,20010223,TMIN,150,,,a,
ASN00082076,20010224,TMIN,195,,,a,
ASN00082076,20010225,TMIN,173,,,a,
ASN00082076,20010226,TMIN,121,,,a,
ASN00082076,20010227,TMIN,136,,,a,
ASN00082076,20010228,TMIN,180,,,a,
ASN00082076,20010201,PRCP,0,,,a,
ASN00082076,20010202,PRCP,0,,,a,
ASN00082076,20010203,PRCP,0,,,a,
ASN00082076,20010204,PRCP,68,,,a,
ASN00082076,20010205,PRCP,660,,,a,
ASN00082076,20010206,PRCP,0,,,a,
ASN00082076,20010207,PRCP,0,,,a,
ASN00082076,20010208,PRCP,0,,,a,
ASN00082076,20010209,PRCP,118,,,a,
ASN00082076,20010210,PRCP,20,,,a,
ASN00082076,20010211,PRCP,0,,,a,
ASN00082076,20010212,PRCP,0,,,a,
ASN00082076,20010213,PRCP,84,,,a,
ASN00082076,20010214,PRCP,134,,,a,
ASN00082076,20010215,PRCP,18,,,a,
ASN00082076,20010216,PRCP,0,,,a,
ASN00082076,20010217,PRCP,0,,,a,
ASN00082076,20010218,PRCP,0,,,a,
ASN00082076,20010219,PRCP,0,,,a,
ASN00082076,20010220,PRCP,0,,,a,
ASN00082076,20010221,PRCP,0,,,a,
ASN00082076,20010222,PRCP,0,,,a,
ASN00082076,20010223,PRCP,0,,,a,
ASN00082076,20010224,PRCP,0,,,a,
ASN00082076,20010225,PRCP,2,,,a,
ASN00082076,20010226,PRCP,0,,,a,
ASN00082076,20010227,PRCP,0,,,a,
ASN00082076,20010228,PRCP,110,,,a,
ASN00082076,20010216,DATN,2,,,a,
ASN00082076,20010215,DATX,2,,,a,
ASN00082076,20010216,MDTN,128,,,a,
ASN00082076,20010215,MDTX,221,,,a,
ASN00082076,20010303,TMAX,294,,,a,
ASN00082076,20010304,TMAX,294,,,a,
ASN00082076,20010305,TMAX,285,,,a,
ASN00082076,20010306,TMAX,288,,,a,
ASN00082076,20010307,TMAX,299,,,a,
ASN00082076,20010308,TMAX,307,,,a,
ASN00082076,20010309,TMAX,300,,,a,
ASN00082076,20010310,TMAX,296,,,a,
ASN00082076,20010311,TMAX,264,,,a,
ASN00082076,20010312,TMAX,238,,,a,
ASN00082076,20010313,TMAX,228,,,a,
ASN00082076,20010314,TMAX,259,,,a,
ASN00082076,20010317,TMAX,163,,,a,
ASN00082076,20010318,TMAX,200,,,a,
ASN00082076,20010319,TMAX,230,,,a,
ASN00082076,20010320,TMAX,239,,,a,
ASN00082076,20010321,TMAX,200,,,a,
ASN00082076,20010322,TMAX,147,,,a,
ASN00082076,20010323,TMAX,198,,,a,
ASN00082076,20010324,TMAX,233,,,a,
ASN00082076,20010325,TMAX,206,,,a,
ASN00082076,20010326,TMAX,194,,,a,
ASN00082076,20010327,TMAX,191,,,a,
ASN00082076,20010328,TMAX,190,,,a,
ASN00082076,20010329,TMAX,220,,,a,
ASN00082076,20010330,TMAX,234,,,a,
ASN00082076,20010331,TMAX,244,,,a,
ASN00082076,20010301,TMIN,152,,,a,
ASN00082076,20010304,TMIN,130,,,a,
ASN00082076,20010305,TMIN,130,,,a,
ASN00082076,20010306,TMIN,102,,,a,
ASN00082076,20010307,TMIN,107,,,a,
ASN00082076,20010308,TMIN,104,,,a,
ASN00082076,20010309,TMIN,136,,,a,
ASN00082076,20010310,TMIN,123,,,a,
ASN00082076,20010311,TMIN,153,,,a,
ASN00082076,20010312,TMIN,144,,,a,
ASN00082076,20010313,TMIN,58,,,a,
ASN00082076,20010314,TMIN,93,,,a,
ASN00082076,20010315,TMIN,94,,,a,
ASN00082076,20010318,TMIN,107,,,a,
ASN00082076,20010319,TMIN,140,,,a,
ASN00082076,20010320,TMIN,108,,,a,
ASN00082076,20010321,TMIN,130,,,a,
ASN00082076,20010322,TMIN,77,,,a,
ASN00082076,20010323,TMIN,90,,,a,
ASN00082076,20010324,TMIN,102,,,a,
ASN00082076,20010325,TMIN,105,,,a,
ASN00082076,20010326,TMIN,124,,,a,
ASN00082076,20010327,TMIN,80,,,a,
ASN00082076,20010328,TMIN,79,,,a,
ASN00082076,20010329,TMIN,105,,,a,
ASN00082076,20010330,TMIN,67,,,a,
ASN00082076,20010331,TMIN,57,,,a,
ASN00082076,20010301,PRCP,0,,,a,
ASN00082076,20010302,PRCP,0,,,a,
ASN00082076,20010303,PRCP,0,,,a,
ASN00082076,20010304,PRCP,0,,,a,
ASN00082076,20010305,PRCP,0,,,a,
ASN00082076,20010306,PRCP,0,,,a,
ASN00082076,20010307,PRCP,0,,,a,
ASN00082076,20010308,PRCP,0,,,a,
ASN00082076,20010309,PRCP,0,,,a,
ASN00082076,20010310,PRCP,0,,,a,
ASN00082076,20010311,PRCP,0,,,a,
ASN00082076,20010312,PRCP,38,,,a,
ASN00082076,20010313,PRCP,0,,,a,
ASN00082076,20010314,PRCP,0,,,a,
ASN00082076,20010315,PRCP,0,,,a,
ASN00082076,20010316,PRCP,0,,,a,
ASN00082076,20010317,PRCP,368,,,a,
ASN00082076,20010318,PRCP,2,,,a,
ASN00082076,20010319,PRCP,0,,,a,
ASN00082076,20010320,PRCP,0,,,a,
ASN00082076,20010321,PRCP,0,,,a,
ASN00082076,20010322,PRCP,116,,,a,
ASN00082076,20010323,PRCP,36,,,a,
ASN00082076,20010324,PRCP,0,,,a,
ASN00082076,20010325,PRCP,0,,,a,
ASN00082076,20010326,PRCP,0,,,a,
ASN00082076,20010327,PRCP,0,,,a,
ASN00082076,20010328,PRCP,0,,,a,
ASN00082076,20010329,PRCP,0,,,a,
ASN00082076,20010330,PRCP,0,,,a,
ASN00082076,20010331,PRCP,0,,,a,
ASN00082076,20010303,DATN,2,,,a,
ASN00082076,20010317,DATN,2,,,a,
ASN00082076,20010302,DATX,2,,,a,
ASN00082076,20010316,DATX,2,,,a,
ASN00082076,20010303,MDTN,135,,,a,
ASN00082076,20010317,MDTN,104,,,a,
ASN00082076,20010302,MDTX,285,,,a,
ASN00082076,20010316,MDTX,264,,,a,
ASN00082076,20010401,TMAX,224,,,a,
ASN00082076,20010402,TMAX,205,,,a,
ASN00082076,20010403,TMAX,229,,,a,
ASN00082076,20010404,TMAX,225,,,a,
ASN00082076,20010405,TMAX,246,,,a,
ASN00082076,20010406,TMAX,250,,,a,
ASN00082076,20010407,TMAX,236,,,a,
ASN00082076,20010408,TMAX,235,,,a,
ASN00082076,20010409,TMAX,224,,,a,
ASN00082076,20010410,TMAX,228,,,a,
ASN00082076,20010411,TMAX,160,,,a,
ASN00082076,20010412,TMAX,169,,,a,
ASN00082076,20010413,TMAX,211,,,a,
ASN00082076,20010414,TMAX,221,,,a,
ASN00082076,20010415,TMAX,242,,,a,
ASN00082076,20010416,TMAX,250,,,a,
ASN00082076,20010417,TMAX,260,,,a,
ASN00082076,20010418,TMAX,245,,,a,
ASN00082076,20010419,TMAX,265,,,a,
ASN00082076,20010420,TMAX,151,,,a,
ASN00082076,20010423,TMAX,150,,,a,
ASN00082076,20010426,TMAX,195,,,a,
ASN00082076,20010427,TMAX,200,,,a,
ASN00082076,20010428,TMAX,175,,,a,
ASN00082076,20010429,TMAX,196,,,a,
ASN00082076,20010430,TMAX,194,,,a,
ASN00082076,20010401,TMIN,65,,,a,
ASN00082076,20010402,TMIN,83,,,a,
ASN00082076,20010403,TMIN,62,,,a,
ASN00082076,20010404,TMIN,53,,,a,
ASN00082076,20010405,TMIN,45,,,a,
ASN00082076,20010406,TMIN,46,,,a,
ASN00082076,20010407,TMIN,73,,,a,
ASN00082076,20010408,TMIN,105,,,a,
ASN00082076,20010409,TMIN,131,,,a,
ASN00082076,20010410,TMIN,80,,,a,
ASN00082076,20010411,TMIN,52,,,a,
ASN00082076,20010412,TMIN,45,,,a,
ASN00082076,20010413,TMIN,22,,,a,
ASN00082076,20010414,TMIN,16,,,a,
ASN00082076,20010415,TMIN,44,,,a,
ASN00082076,20010416,TMIN,73,,,a,
ASN00082076,20010417,TMIN,54,,,a,
ASN00082076,20010418,TMIN,70,,,a,
ASN00082076,20010419,TMIN,72,,,a,
ASN00082076,20010420,TMIN,109,,,a,
ASN00082076,20010421,TMIN,114,,,a,
ASN00082076,20010424,TMIN,83,,,a,
ASN00082076,20010427,TMIN,40,,,a,
ASN00082076,20010428,TMIN,85,,,a,
ASN00082076,20010429,TMIN,67,,,a,
ASN00082076,20010430,TMIN,105,,,a,
ASN00082076,20010401,PRCP,0,,,a,
ASN00082076,20010402,PRCP,0,,,a,
ASN00082076,20010403,PRCP,0,,,a,
ASN00082076,20010404,PRCP,0,,,a,
ASN00082076,20010405,PRCP,0,,,a,
ASN00082076,20010406,PRCP,0,,,a,
ASN00082076,20010407,PRCP,0,,,a,
ASN00082076,20010408,PRCP,0,,,a,
ASN00082076,20010409,PRCP,10,,,a,
ASN00082076,20010410,PRCP,0,,,a,
ASN00082076,20010411,PRCP,0,,,a,
ASN00082076,20010412,PRCP,6,,,a,
ASN00082076,20010413,PRCP,0,,,a,
ASN00082076,20010414,PRCP,0,,,a,
ASN00082076,20010415,PRCP,0,,,a,
ASN00082076,20010416,PRCP,0,,,a,
ASN00082076,20010417,PRCP,0,,,a,
ASN00082076,20010418,PRCP,0,,,a,
ASN00082076,20010419,PRCP,0,,,a,
ASN00082076,20010420,PRCP,0,,,a,
ASN00082076,20010421,PRCP,0,,,a,
ASN00082076,20010422,PRCP,32,,,a,
ASN00082076,20010423,PRCP,90,,,a,
ASN00082076,20010424,PRCP,14,,,a,
ASN00082076,20010425,PRCP,72,,,a,
ASN00082076,20010426,PRCP,0,,,a,
ASN00082076,20010427,PRCP,0,,,a,
ASN00082076,20010428,PRCP,0,,,a,
ASN00082076,20010429,PRCP,0,,,a,
ASN00082076,20010430,PRCP,0,,,a,
ASN00082076,20010423,DATN,2,,,a,
ASN00082076,20010426,DATN,2,,,a,
ASN00082076,20010422,DATX,2,,,a,
ASN00082076,20010425,DATX,2,,,a,
ASN00082076,20010423,MDTN,103,,,a,
ASN00082076,20010426,MDTN,54,,,a,
ASN00082076,20010422,MDTX,194,,,a,
ASN00082076,20010425,MDTX,161,,,a,
ASN00082076,20010501,TMAX,166,,,a,
ASN00082076,20010502,TMAX,195,,,a,
ASN00082076,20010503,TMAX,184,,,a,
ASN00082076,20010504,TMAX,195,,,a,
ASN00082076,20010505,TMAX,178,,,a,
ASN00082076,20010506,TMAX,167,,,a,
ASN00082076,20010507,TMAX,172,,,a,
ASN00082076,20010508,TMAX,183,,,a,
ASN00082076,20010509,TMAX,187,,,a,
ASN00082076,20010510,TMAX,183,,,a,
ASN00082076,20010511,TMAX,172,,,a,
ASN00082076,20010512,TMAX,115,,,a,
ASN00082076,20010515,TMAX,172,,,a,
ASN00082076,20010516,TMAX,152,,,a,
ASN00082076,20010517,TMAX,134,,,a,
ASN00082076,20010518,TMAX,147,,,a,
ASN00082076,20010519,TMAX,158,,,a,
ASN00082076,20010520,TMAX,160,,,a,
ASN00082076,20010521,TMAX,155,,,a,
ASN00082076,20010522,TMAX,173,,,a,
ASN00082076,20010523,TMAX,145,,,a,
ASN00082076,20010524,TMAX,130,,,a,
ASN00082076,20010525,TMAX,140,,,a,
ASN00082076,20010526,TMAX,120,,,a,
ASN00082076,20010527,TMAX,136,,,a,
ASN00082076,20010528,TMAX,126,,,a,
ASN00082076,20010529,TMAX,160,,,a,
ASN00082076,20010530,TMAX,153,,,a,
ASN00082076,20010531,TMAX,160,,,a,
ASN00082076,20010501,TMIN,45,,,a,
ASN00082076,20010502,TMIN,114,,,a,
ASN00082076,20010503,TMIN,70,,,a,
ASN00082076,20010504,TMIN,72,,,a,
ASN00082076,20010505,TMIN,65,,,a,
ASN00082076,20010506,TMIN,53,,,a,
ASN00082076,20010507,TMIN,91,,,a,
ASN00082076,20010508,TMIN,43,,,a,
ASN00082076,20010509,TMIN,26,,,a,
ASN00082076,20010510,TMIN,109,,,a,
ASN00082076,20010511,TMIN,78,,,a,
ASN00082076,20010512,TMIN,-3,,,a,
ASN00082076,20010513,TMIN,22,,,a,
ASN00082076,20010516,TMIN,70,,,a,
ASN00082076,20010517,TMIN,85,,,a,
ASN00082076,20010518,TMIN,51,,,a,
ASN00082076,20010519,TMIN,67,,,a,
ASN00082076,20010520,TMIN,6,,,a,
ASN00082076,20010521,TMIN,5,,,a,
ASN00082076,20010522,TMIN,35,,,a,
ASN00082076,20010523,TMIN,40,,,a,
ASN00082076,20010524,TMIN,18,,,a,
ASN00082076,20010525,TMIN,0,,,a,
ASN00082076,20010526,TMIN,21,,,a,
ASN00082076,20010527,TMIN,47,,,a,
ASN00082076,20010528,TMIN,25,,,a,
ASN00082076,20010529,TMIN,26,,,a,
ASN00082076,20010530,TMIN,6,,,a,
ASN00082076,20010531,TMIN,15,,,a,
ASN00082076,20010501,PRCP,0,,,a,
ASN00082076,20010502,PRCP,4,,,a,
ASN00082076,20010503,PRCP,0,,,a,
ASN00082076,20010504,PRCP,0,,,a,
ASN00082076,20010505,PRCP,66,,,a,
ASN00082076,20010506,PRCP,0,,,a,
ASN00082076,20010507,PRCP,0,,,a,
ASN00082076,20010508,PRCP,0,,,a,
ASN00082076,20010509,PRCP,0,,,a,
ASN00082076,20010510,PRCP,0,,,a,
ASN00082076,20010511,PRCP,0,,,a,
ASN00082076,20010512,PRCP,0,,,a,
ASN00082076,20010513,PRCP,0,,,a,
ASN00082076,20010514,PRCP,0,,,a,
ASN00082076,20010515,PRCP,0,,,a,
ASN00082076,20010516,PRCP,20,,,a,
ASN00082076,20010517,PRCP,182,,,a,
ASN00082076,20010518,PRCP,4,,,a,
ASN00082076,20010519,PRCP,0,,,a,
ASN00082076,20010520,PRCP,0,,,a,
ASN00082076,20010521,PRCP,0,,,a,
ASN00082076,20010522,PRCP,0,,,a,
ASN00082076,20010523,PRCP,0,,,a,
ASN00082076,20010524,PRCP,0,,,a,
ASN00082076,20010525,PRCP,0,,,a,
ASN00082076,20010526,PRCP,0,,,a,
ASN00082076,20010527,PRCP,50,,,a,
ASN00082076,20010528,PRCP,6,,,a,
ASN00082076,20010529,PRCP,0,,,a,
ASN00082076,20010530,PRCP,0,,,a,
ASN00082076,20010531,PRCP,6,,,a,
ASN00082076,20010515,DATN,2,,,a,
ASN00082076,20010514,DATX,2,,,a,
ASN00082076,20010515,MDTN,55,,,a,
ASN00082076,20010514,MDTX,211,,,a,
ASN00082076,20010601,TMAX,139,,,a,
ASN00082076,20010602,TMAX,143,,,a,
ASN00082076,20010603,TMAX,161,,,a,
ASN00082076,20010604,TMAX,154,,,a,
ASN00082076,20010605,TMAX,165,,,a,
ASN00082076,20010606,TMAX,152,,,a,
ASN00082076,20010607,TMAX,149,,,a,
ASN00082076,20010608,TMAX,161,,,a,
ASN00082076,20010609,TMAX,138,,,a,
ASN00082076,20010610,TMAX,159,,,a,
ASN00082076,20010611,TMAX,110,,,a,
ASN00082076,20010612,TMAX,140,,,a,
ASN00082076,20010613,TMAX,134,,,a,
ASN00082076,20010614,TMAX,97,,,a,
ASN00082076,20010615,TMAX,97,,,a,
ASN00082076,20010616,TMAX,133,,,a,
ASN00082076,20010617,TMAX,140,,,a,
ASN00082076,20010618,TMAX,135,,,a,
ASN00082076,20010619,TMAX,120,,,a,
ASN00082076,20010620,TMAX,92,,,a,
ASN00082076,20010621,TMAX,135,,,a,
ASN00082076,20010622,TMAX,135,,,a,
ASN00082076,20010623,TMAX,125,,,a,
ASN00082076,20010624,TMAX,115,,,a,
ASN00082076,20010625,TMAX,125,,,a,
ASN00082076,20010626,TMAX,140,,,a,
ASN00082076,20010627,TMAX,134,,,a,
ASN00082076,20010628,TMAX,124,,,a,
ASN00082076,20010629,TMAX,131,,,a,
ASN00082076,20010630,TMAX,138,,,a,
ASN00082076,20010601,TMIN,9,,,a,
ASN00082076,20010602,TMIN,16,,,a,
ASN00082076,20010603,TMIN,-3,,,a,
ASN00082076,20010604,TMIN,5,,,a,
ASN00082076,20010605,TMIN,11,,,a,
ASN00082076,20010606,TMIN,7,,,a,
ASN00082076,20010607,TMIN,28,,,a,
ASN00082076,20010608,TMIN,95,,,a,
ASN00082076,20010609,TMIN,105,,,a,
ASN00082076,20010610,TMIN,88,,,a,
ASN00082076,20010611,TMIN,35,,,a,
ASN00082076,20010612,TMIN,45,,,a,
ASN00082076,20010613,TMIN,90,,,a,
ASN00082076,20010614,TMIN,76,,,a,
ASN00082076,20010615,TMIN,-2,,,a,
ASN00082076,20010616,TMIN,6,,,a,
ASN00082076,20010617,TMIN,-8,,,a,
ASN00082076,20010618,TMIN,-24,,,a,
ASN00082076,20010619,TMIN,-12,,,a,
ASN00082076,20010620,TMIN,-18,,,a,
ASN00082076,20010621,TMIN,15,,,a,
ASN00082076,20010622,TMIN,65,,,a,
ASN00082076,20010623,TMIN,64,,,a,
ASN00082076,20010624,TMIN,65,,,a,
ASN00082076,20010625,TMIN,67,,,a,
ASN00082076,20010626,TMIN,89,,,a,
ASN00082076,20010627,TMIN,2,,,a,
ASN00082076,20010628,TMIN,-3,,,a,
ASN00082076,20010629,TMIN,0,,,a,
ASN00082076,20010630,TMIN,1,,,a,
ASN00082076,20010601,PRCP,0,,,a,
ASN00082076,20010602,PRCP,0,,,a,
ASN00082076,20010603,PRCP,0,,,a,
ASN00082076,20010604,PRCP,0,,,a,
ASN00082076,20010605,PRCP,0,,,a,
ASN00082076,20010606,PRCP,0,,,a,
ASN00082076,20010607,PRCP,34,,,a,
ASN00082076,20010608,PRCP,454,,,a,
ASN00082076,20010609,PRCP,2,,,a,
ASN00082076,20010610,PRCP,42,,,a,
ASN00082076,20010611,PRCP,0,,,a,
ASN00082076,20010612,PRCP,0,,,a,
ASN00082076,20010613,PRCP,458,,,a,
ASN00082076,20010614,PRCP,94,,,a,
ASN00082076,20010615,PRCP,2,,,a,
ASN00082076,20010616,PRCP,0,,,a,
ASN00082076,20010617,PRCP,0,,,a,
ASN00082076,20010618,PRCP,0,,,a,
ASN00082076,20010619,PRCP,0,,,a,
ASN00082076,20010620,PRCP,0,,,a,
ASN00082076,20010621,PRCP,156,,,a,
ASN00082076,20010622,PRCP,4,,,a,
ASN00082076,20010623,PRCP,0,,,a,
ASN00082076,20010624,PRCP,0,,,a,
ASN00082076,20010625,PRCP,0,,,a,
ASN00082076,20010626,PRCP,0,,,a,
ASN00082076,20010627,PRCP,4,,,a,
ASN00082076,20010628,PRCP,0,,,a,
ASN00082076,20010629,PRCP,0,,,a,
ASN00082076,20010630,PRCP,0,,,a,
ASN00082076,20010701,TMAX,131,,,a,
ASN00082076,20010702,TMAX,118,,,a,
ASN00082076,20010703,TMAX,128,,,a,
ASN00082076,20010704,TMAX,130,,,a,
ASN00082076,20010705,TMAX,137,,,a,
ASN00082076,20010706,TMAX,69,,,a,
ASN00082076,20010709,TMAX,140,,,a,
ASN00082076,20010710,TMAX,161,,,a,
ASN00082076,20010711,TMAX,156,,,a,
ASN00082076,20010712,TMAX,107,,,a,
ASN00082076,20010713,TMAX,127,,,a,
ASN00082076,20010714,TMAX,138,,,a,
ASN00082076,20010715,TMAX,117,,,a,
ASN00082076,20010716,TMAX,103,,,a,
ASN00082076,20010717,TMAX,91,,,a,
ASN00082076,20010718,TMAX,123,,,a,
ASN00082076,20010719,TMAX,140,,,a,
ASN00082076,20010720,TMAX,155,,,a,
ASN00082076,20010721,TMAX,144,,,a,
ASN00082076,20010722,TMAX,145,,,a,
ASN00082076,20010723,TMAX,125,,,a,
ASN00082076,20010724,TMAX,142,,,a,
ASN00082076,20010725,TMAX,100,,,a,
ASN00082076,20010726,TMAX,130,,,a,
ASN00082076,20010727,TMAX,146,,,a,
ASN00082076,20010728,TMAX,143,,,a,
ASN00082076,20010729,TMAX,159,,,a,
ASN00082076,20010730,TMAX,155,,,a,
ASN00082076,20010731,TMAX,152,,,a,
ASN00082076,20010701,TMIN,-5,,,a,
ASN00082076,20010702,TMIN,-12,,,a,
ASN00082076,20010703,TMIN,-23,,,a,
ASN00082076,20010704,TMIN,-12,,,a,
ASN00082076,20010705,TMIN,-13,,,a,
ASN00082076,20010706,TMIN,18,,,a,
ASN00082076,20010707,TMIN,43,,,a,
ASN00082076,20010710,TMIN,30,,,a,
ASN00082076,20010711,TMIN,38,,,a,
ASN00082076,20010712,TMIN,52,,,a,
ASN00082076,20010713,TMIN,68,,,a,
ASN00082076,20010714,TMIN,72,,,a,
ASN00082076,20010715,TMIN,72,,,a,
ASN00082076,20010716,TMIN,70,,,a,
ASN00082076,20010717,TMIN,35,,,a,
ASN00082076,20010718,TMIN,27,,,a,
ASN00082076,20010719,TMIN,28,,,a,
ASN00082076,20010720,TMIN,15,,,a,
ASN00082076,20010721,TMIN,5,,,a,
ASN00082076,20010722,TMIN,0,,,a,
ASN00082076,20010723,TMIN,14,,,a,
ASN00082076,20010724,TMIN,25,,,a,
ASN00082076,20010725,TMIN,21,,,a,
ASN00082076,20010726,TMIN,45,,,a,
ASN00082076,20010727,TMIN,29,,,a,
ASN00082076,20010728,TMIN,53,,,a,
ASN00082076,20010729,TMIN,77,,,a,
ASN00082076,20010701,PRCP,0,,,a,
ASN00082076,20010702,PRCP,0,,,a,
ASN00082076,20010703,PRCP,0,,,a,
ASN00082076,20010704,PRCP,0,,,a,
ASN00082076,20010705,PRCP,0,,,a,
ASN00082076,20010706,PRCP,66,,,a,
ASN00082076,20010707,PRCP,166,,,a,
ASN00082076,20010708,PRCP,132,,,a,
ASN00082076,20010709,PRCP,24,,,a,
ASN00082076,20010710,PRCP,0,,,a,
ASN00082076,20010711,PRCP,0,,,a,
ASN00082076,20010712,PRCP,62,,,a,
ASN00082076,20010713,PRCP,86,,,a,
ASN00082076,20010714,PRCP,4,,,a,
ASN00082076,20010715,PRCP,42,,,a,
ASN00082076,20010716,PRCP,14,,,a,
ASN00082076,20010717,PRCP,64,,,a,
ASN00082076,20010718,PRCP,4,,,a,
ASN00082076,20010719,PRCP,0,,,a,
ASN00082076,20010720,PRCP,4,,,a,
ASN00082076,20010721,PRCP,0,,,a,
ASN00082076,20010722,PRCP,0,,,a,
ASN00082076,20010723,PRCP,0,,,a,
ASN00082076,20010724,PRCP,6,,,a,
ASN00082076,20010725,PRCP,0,,,a,
ASN00082076,20010726,PRCP,16,,,a,
ASN00082076,20010727,PRCP,4,,,a,
ASN00082076,20010728,PRCP,0,,,a,
ASN00082076,20010729,PRCP,0,,,a,
ASN00082076,20010730,PRCP,0,,,a,
ASN00082076,20010731,PRCP,0,,,a,
ASN00082076,20010709,DATN,2,,,a,
ASN00082076,20010708,DATX,2,,,a,
ASN00082076,20010709,MDTN,3,,,a,
ASN00082076,20010708,MDTX,138,,,a,
ASN00082076,20010801,TMAX,152,,,a,
ASN00082076,20010802,TMAX,136,,,a,
ASN00082076,20010803,TMAX,145,,,a,
ASN00082076,20010804,TMAX,146,,,a,
ASN00082076,20010805,TMAX,107,,,a,
ASN00082076,20010806,TMAX,101,,,a,
ASN00082076,20010807,TMAX,99,,,a,
ASN00082076,20010808,TMAX,82,,,a,
ASN00082076,20010809,TMAX,124,,,a,
ASN00082076,20010810,TMAX,162,,,a,
ASN00082076,20010811,TMAX,110,,,a,
ASN00082076,20010812,TMAX,177,,,a,
ASN00082076,20010813,TMAX,181,,,a,
ASN00082076,20010814,TMAX,183,,,a,
ASN00082076,20010815,TMAX,171,,,a,
ASN00082076,20010816,TMAX,202,,,a,
ASN00082076,20010817,TMAX,91,,,a,
ASN00082076,20010818,TMAX,102,,,a,
ASN00082076,20010819,TMAX,95,,,a,
ASN00082076,20010820,TMAX,105,,,a,
ASN00082076,20010821,TMAX,70,,,a,
ASN00082076,20010822,TMAX,110,,,a,
ASN00082076,20010823,TMAX,124,,,a,
ASN00082076,20010824,TMAX,130,,,a,
ASN00082076,20010825,TMAX,130,,,a,
ASN00082076,20010826,TMAX,90,,,a,
ASN00082076,20010827,TMAX,140,,,a,
ASN00082076,20010828,TMAX,140,,,a,
ASN00082076,20010831,TMAX,162,,,a,
ASN00082076,20010804,TMIN,0,,,a,
ASN00082076,20010805,TMIN,0,,,a,
ASN00082076,20010806,TMIN,0,,,a,
ASN00082076,20010807,TMIN,17,,,a,
ASN00082076,20010808,TMIN,30,,,a,
ASN00082076,20010809,TMIN,55,,,a,
ASN00082076,20010810,TMIN,17,,,a,
ASN00082076,20010811,TMIN,5,,,a,
ASN00082076,20010812,TMIN,31,,,a,
ASN00082076,20010813,TMIN,58,,,a,
ASN00082076,20010814,TMIN,30,,,a,
ASN00082076,20010815,TMIN,43,,,a,
ASN00082076,20010816,TMIN,49,,,a,
ASN00082076,20010817,TMIN,50,,,a,
ASN00082076,20010818,TMIN,49,,,a,
ASN00082076,20010819,TMIN,34,,,a,
ASN00082076,20010820,TMIN,40,,,a,
ASN00082076,20010821,TMIN,40,,,a,
ASN00082076,20010822,TMIN,40,,,a,
ASN00082076,20010823,TMIN,10,,,a,
ASN00082076,20010824,TMIN,-5,,,a,
ASN00082076,20010825,TMIN,-20,,,a,
ASN00082076,20010826,TMIN,10,,,a,
ASN00082076,20010827,TMIN,40,,,a,
ASN00082076,20010828,TMIN,50,,,a,
ASN00082076,20010829,TMIN,95,,,a,
ASN00082076,20010801,PRCP,80,,,a,
ASN00082076,20010802,PRCP,0,,,a,
ASN00082076,20010803,PRCP,0,,,a,
ASN00082076,20010804,PRCP,0,,,a,
ASN00082076,20010805,PRCP,64,,,a,
ASN00082076,20010806,PRCP,184,,,a,
ASN00082076,20010807,PRCP,6,,,a,
ASN00082076,20010808,PRCP,114,,,a,
ASN00082076,20010809,PRCP,42,,,a,
ASN00082076,20010810,PRCP,0,,,a,
ASN00082076,20010811,PRCP,0,,,a,
ASN00082076,20010812,PRCP,0,,,a,
ASN00082076,20010813,PRCP,0,,,a,
ASN00082076,20010814,PRCP,0,,,a,
ASN00082076,20010815,PRCP,0,,,a,
ASN00082076,20010816,PRCP,0,,,a,
ASN00082076,20010817,PRCP,84,,,a,
ASN00082076,20010818,PRCP,190,,,a,
ASN00082076,20010819,PRCP,34,,,a,
ASN00082076,20010820,PRCP,170,,,a,
ASN00082076,20010821,PRCP,76,,,a,
ASN00082076,20010822,PRCP,270,,,a,
ASN00082076,20010823,PRCP,30,,,a,
ASN00082076,20010824,PRCP,4,,,a,
ASN00082076,20010825,PRCP,0,,,a,
ASN00082076,20010826,PRCP,0,,,a,
ASN00082076,20010827,PRCP,142,,,a,
ASN00082076,20010828,PRCP,0,,,a,
ASN00082076,20010829,PRCP,0,,,a,
ASN00082076,20010830,PRCP,0,,,a,
ASN00082076,20010831,PRCP,0,,,a,
ASN00082076,20010803,DATN,2,,,a,
ASN00082076,20010831,DATN,2,,,a,
ASN00082076,20010830,DATX,2,,,a,
ASN00082076,20010803,MDTN,0,,,a,
ASN00082076,20010831,MDTN,25,,,a,
ASN00082076,20010830,MDTX,167,,,a,
ASN00082076,20010901,TMAX,97,,,a,
ASN00082076,20010902,TMAX,125,,,a,
ASN00082076,20010903,TMAX,154,,,a,
ASN00082076,20010904,TMAX,120,,,a,
ASN00082076,20010905,TMAX,157,,,a,
ASN00082076,20010906,TMAX,160,,,a,
ASN00082076,20010907,TMAX,140,,,a,
ASN00082076,20010908,TMAX,112,,,a,
ASN00082076,20010909,TMAX,154,,,a,
ASN00082076,20010910,TMAX,179,,,a,
ASN00082076,20010911,TMAX,180,,,a,
ASN00082076,20010912,TMAX,202,,,a,
ASN00082076,20010913,TMAX,195,,,a,
ASN00082076,20010914,TMAX,150,,,a,
ASN00082076,20010915,TMAX,175,,,a,
ASN00082076,20010916,TMAX,210,,,a,
ASN00082076,20010917,TMAX,197,,,a,
ASN00082076,20010918,TMAX,210,,,a,
ASN00082076,20010921,TMAX,224,,,a,
ASN00082076,20010923,TMAX,228,,,a,
ASN00082076,20010925,TMAX,147,,,a,
ASN00082076,20010926,TMAX,141,,,a,
ASN00082076,20010927,TMAX,190,,,a,
ASN00082076,20010928,TMAX,206,,,a,
ASN00082076,20010929,TMAX,232,,,a,
ASN00082076,20010930,TMAX,257,,,a,
ASN00082076,20010901,TMIN,27,,,a,
ASN00082076,20010902,TMIN,56,,,a,
ASN00082076,20010903,TMIN,74,,,a,
ASN00082076,20010904,TMIN,72,,,a,
ASN00082076,20010905,TMIN,49,,,a,
ASN00082076,20010906,TMIN,9,,,a,
ASN00082076,20010907,TMIN,30,,,a,
ASN00082076,20010908,TMIN,42,,,a,
ASN00082076,20010909,TMIN,65,,,a,
ASN00082076,20010910,TMIN,42,,,a,
ASN00082076,20010911,TMIN,57,,,a,
ASN00082076,20010912,TMIN,76,,,a,
ASN00082076,20010913,TMIN,65,,,a,
ASN00082076,20010914,TMIN,102,,,a,
ASN00082076,20010915,TMIN,55,,,a,
ASN00082076,20010916,TMIN,45,,,a,
ASN00082076,20010917,TMIN,63,,,a,
ASN00082076,20010918,TMIN,40,,,a,
ASN00082076,20010919,TMIN,51,,,a,
ASN00082076,20010922,TMIN,95,,,a,
ASN00082076,20010924,TMIN,94,,,a,
ASN00082076,20010926,TMIN,52,,,a,
ASN00082076,20010927,TMIN,65,,,a,
ASN00082076,20010928,TMIN,29,,,a,
ASN00082076,20010929,TMIN,37,,,a,
ASN00082076,20010930,TMIN,60,,,a,
ASN00082076,20010901,PRCP,0,,,a,
ASN00082076,20010902,PRCP,84,,,a,
ASN00082076,20010903,PRCP,102,,,a,
ASN00082076,20010904,PRCP,2,,,a,
ASN00082076,20010905,PRCP,84,,,a,
ASN00082076,20010906,PRCP,0,,,a,
ASN00082076,20010907,PRCP,0,,,a,
ASN00082076,20010908,PRCP,224,,,a,
ASN00082076,20010909,PRCP,168,,,a,
ASN00082076,20010910,PRCP,4,,,a,
ASN00082076,20010911,PRCP,0,,,a,
ASN00082076,20010912,PRCP,0,,,a,
ASN00082076,20010913,PRCP,0,,,a,
ASN00082076,20010914,PRCP,0,,,a,
ASN00082076,20010915,PRCP,4,,,a,
ASN00082076,20010916,PRCP,0,,,a,
ASN00082076,20010917,PRCP,0,,,a,
ASN00082076,20010918,PRCP,0,,,a,
ASN00082076,20010919,PRCP,0,,,a,
ASN00082076,20010920,PRCP,0,,,a,
ASN00082076,20010921,PRCP,98,,,a,
ASN00082076,20010922,PRCP,0,,,a,
ASN00082076,20010923,PRCP,0,,,a,
ASN00082076,20010924,PRCP,0,,,a,
ASN00082076,20010925,PRCP,42,,,a,
ASN00082076,20010926,PRCP,78,,,a,
ASN00082076,20010927,PRCP,0,,,a,
ASN00082076,20010928,PRCP,0,,,a,
ASN00082076,20010929,PRCP,0,,,a,
ASN00082076,20010930,PRCP,0,,,a,
ASN00082076,20010921,DATN,2,,,a,
ASN00082076,20010920,DATX,2,,,a,
ASN00082076,20010921,MDTN,95,,,a,
ASN00082076,20010920,MDTX,244,,,a,
ASN00082076,20011001,TMAX,193,,,a,
ASN00082076,20011002,TMAX,212,,,a,
ASN00082076,20011003,TMAX,172,,,a,
ASN00082076,20011004,TMAX,154,,,a,
ASN00082076,20011005,TMAX,180,,,a,
ASN00082076,20011006,TMAX,185,,,a,
ASN00082076,20011007,TMAX,119,,,a,
ASN00082076,20011008,TMAX,159,,,a,
ASN00082076,20011009,TMAX,194,,,a,
ASN00082076,20011010,TMAX,213,,,a,
ASN00082076,20011011,TMAX,141,,,a,
ASN00082076,20011012,TMAX,120,,,a,
ASN00082076,20011014,TMAX,175,,,a,
ASN00082076,20011015,TMAX,170,,,a,
ASN00082076,20011016,TMAX,171,,,a,
ASN00082076,20011017,TMAX,180,,,a,
ASN00082076,20011018,TMAX,142,,,a,
ASN00082076,20011019,TMAX,148,,,a,
ASN00082076,20011020,TMAX,232,,,a,
ASN00082076,20011021,TMAX,203,,,a,
ASN00082076,20011022,TMAX,244,,,a,
ASN00082076,20011023,TMAX,233,,,a,
ASN00082076,20011024,TMAX,211,,,a,
ASN00082076,20011025,TMAX,192,,,a,
ASN00082076,20011026,TMAX,178,,,a,
ASN00082076,20011027,TMAX,185,,,a,
ASN00082076,20011028,TMAX,209,,,a,
ASN00082076,20011029,TMAX,161,,,a,
ASN00082076,20011030,TMAX,142,,,a,
ASN00082076,20011031,TMAX,145,,,a,
ASN00082076,20011001,TMIN,138,,,a,
ASN00082076,20011002,TMIN,90,,,a,
ASN00082076,20011003,TMIN,79,,,a,
ASN00082076,20011004,TMIN,43,,,a,
ASN00082076,20011005,TMIN,44,,,a,
ASN00082076,20011006,TMIN,38,,,a,
ASN00082076,20011007,TMIN,57,,,a,
ASN00082076,20011008,TMIN,37,,,a,
ASN00082076,20011009,TMIN,39,,,a,
ASN00082076,20011010,TMIN,26,,,a,
ASN00082076,20011011,TMIN,102,,,a,
ASN00082076,20011012,TMIN,80,,,a,
ASN00082076,20011013,TMIN,82,,,a,
ASN00082076,20011015,TMIN,40,,,a,
ASN00082076,20011016,TMIN,45,,,a,
ASN00082076,20011017,TMIN,72,,,a,
ASN00082076,20011018,TMIN,110,,,a,
ASN00082076,20011019,TMIN,30,,,a,
ASN00082076,20011020,TMIN,7,,,a,
ASN00082076,20011021,TMIN,27,,,a,
ASN00082076,20011022,TMIN,31,,,a,
ASN00082076,20011023,TMIN,91,,,a,
ASN00082076,20011024,TMIN,138,,,a,
ASN00082076,20011025,TMIN,84,,,a,
ASN00082076,20011026,TMIN,63,,,a,
ASN00082076,20011027,TMIN,92,,,a,
ASN00082076,20011028,TMIN,56,,,a,
ASN00082076,20011029,TMIN,47,,,a,
ASN00082076,20011030,TMIN,75,,,a,
ASN00082076,20011031,TMIN,99,,,a,
ASN00082076,20011001,PRCP,66,,,a,
ASN00082076,20011002,PRCP,256,,,a,
ASN00082076,20011003,PRCP,20,,,a,
ASN00082076,20011004,PRCP,10,,,a,
ASN00082076,20011005,PRCP,2,,,a,
ASN00082076,20011006,PRCP,4,,,a,
ASN00082076,20011007,PRCP,56,,,a,
ASN00082076,20011008,PRCP,30,,,a,
ASN00082076,20011009,PRCP,0,,,a,
ASN00082076,20011010,PRCP,0,,,a,
ASN00082076,20011011,PRCP,22,,,a,
ASN00082076,20011012,PRCP,240,,,a,
ASN00082076,20011013,PRCP,40,,,a,
ASN00082076,20011014,PRCP,186,,,a,
ASN00082076,20011015,PRCP,32,,,a,
ASN00082076,20011016,PRCP,6,,,a,
ASN00082076,20011017,PRCP,30,,,a,
ASN00082076,20011018,PRCP,6,,,a,
ASN00082076,20011019,PRCP,32,,,a,
ASN00082076,20011020,PRCP,2,,,a,
ASN00082076,20011021,PRCP,0,,,a,
ASN00082076,20011022,PRCP,0,,,a,
ASN00082076,20011023,PRCP,0,,,a,
ASN00082076,20011024,PRCP,318,,,a,
ASN00082076,20011025,PRCP,6,,,a,
ASN00082076,20011026,PRCP,4,,,a,
ASN00082076,20011027,PRCP,156,,,a,
ASN00082076,20011028,PRCP,0,,,a,
ASN00082076,20011029,PRCP,0,,,a,
ASN00082076,20011030,PRCP,0,,,a,
ASN00082076,20011031,PRCP,58,,,a,
ASN00082076,20011101,TMAX,191,,,a,
ASN00082076,20011102,TMAX,191,,,a,
ASN00082076,20011103,TMAX,241,,,a,
ASN00082076,20011104,TMAX,265,,,a,
ASN00082076,20011105,TMAX,272,,,a,
ASN00082076,20011106,TMAX,225,,,a,
ASN00082076,20011107,TMAX,183,,,a,
ASN00082076,20011108,TMAX,204,,,a,
ASN00082076,20011109,TMAX,197,,,a,
ASN00082076,20011110,TMAX,185,,,a,
ASN00082076,20011111,TMAX,143,,,a,
ASN00082076,20011112,TMAX,135,,,a,
ASN00082076,20011113,TMAX,195,,,a,
ASN00082076,20011114,TMAX,246,,,a,
ASN00082076,20011115,TMAX,231,,,a,
ASN00082076,20011116,TMAX,260,,,a,
ASN00082076,20011117,TMAX,286,,,a,
ASN00082076,20011118,TMAX,219,,,a,
ASN00082076,20011119,TMAX,144,,,a,
ASN00082076,20011122,TMAX,247,,,a,
ASN00082076,20011123,TMAX,211,,,a,
ASN00082076,20011124,TMAX,248,,,a,
ASN00082076,20011125,TMAX,250,,,a,
ASN00082076,20011126,TMAX,226,,,a,
ASN00082076,20011127,TMAX,245,,,a,
ASN00082076,20011128,TMAX,256,,,a,
ASN00082076,20011129,TMAX,260,,,a,
ASN00082076,20011130,TMAX,253,,,a,
ASN00082076,20011101,TMIN,26,,,a,
ASN00082076,20011102,TMIN,49,,,a,
ASN00082076,20011103,TMIN,113,,,a,
ASN00082076,20011104,TMIN,80,,,a,
ASN00082076,20011105,TMIN,105,,,a,
ASN00082076,20011106,TMIN,167,,,a,
ASN00082076,20011107,TMIN,118,,,a,
ASN00082076,20011108,TMIN,106,,,a,
ASN00082076,20011109,TMIN,101,,,a,
ASN00082076,20011110,TMIN,71,,,a,
ASN00082076,20011111,TMIN,63,,,a,
ASN00082076,20011112,TMIN,20,,,a,
ASN00082076,20011113,TMIN,44,,,a,
ASN00082076,20011114,TMIN,65,,,a,
ASN00082076,20011115,TMIN,90,,,a,
ASN00082076,20011116,TMIN,76,,,a,
ASN00082076,20011117,TMIN,84,,,a,
ASN00082076,20011118,TMIN,148,,,a,
ASN00082076,20011119,TMIN,59,,,a,
ASN00082076,20011120,TMIN,76,,,a,
ASN00082076,20011123,TMIN,108,,,a,
ASN00082076,20011124,TMIN,144,,,a,
ASN00082076,20011125,TMIN,102,,,a,
ASN00082076,20011126,TMIN,100,,,a,
ASN00082076,20011127,TMIN,73,,,a,
ASN00082076,20011128,TMIN,110,,,a,
ASN00082076,20011129,TMIN,75,,,a,
ASN00082076,20011130,TMIN,75,,,a,
ASN00082076,20011101,PRCP,4,,,a,
ASN00082076,20011102,PRCP,0,,,a,
ASN00082076,20011103,PRCP,0,,,a,
ASN00082076,20011104,PRCP,0,,,a,
ASN00082076,20011105,PRCP,0,,,a,
ASN00082076,20011106,PRCP,16,,,a,
ASN00082076,20011107,PRCP,168,,,a,
ASN00082076,20011108,PRCP,0,,,a,
ASN00082076,20011111,PRCP,6,,,a,
ASN00082076,20011112,PRCP,8,,,a,
ASN00082076,20011113,PRCP,50,,,a,
ASN00082076,20011114,PRCP,0,,,a,
ASN00082076,20011115,PRCP,0,,,a,
ASN00082076,20011116,PRCP,0,,,a,
ASN00082076,20011117,PRCP,0,,,a,
ASN00082076,20011118,PRCP,2,,,a,
ASN00082076,20011119,PRCP,86,,,a,
ASN00082076,20011120,PRCP,0,,,a,
ASN00082076,20011121,PRCP,0,,,a,
ASN00082076,20011122,PRCP,0,,,a,
ASN00082076,20011123,PRCP,0,,,a,
ASN00082076,20011124,PRCP,6,,,a,
ASN00082076,20011125,PRCP,2,,,a,
ASN00082076,20011126,PRCP,0,,,a,
ASN00082076,20011127,PRCP,0,,,a,
ASN00082076,20011128,PRCP,0,,,a,
ASN00082076,20011129,PRCP,0,,,a,
ASN00082076,20011130,PRCP,0,,,a,
ASN00082076,20011110,DAPR,2,,,a,
ASN00082076,20011122,DATN,2,,,a,
ASN00082076,20011121,DATX,2,,,a,
ASN00082076,20011110,DWPR,2,,,a,
ASN00082076,20011110,MDPR,138,,,a,
ASN00082076,20011122,MDTN,65,,,a,
ASN00082076,20011121,MDTX,201,,,a,
ASN00082076,20011201,TMAX,237,,,a,
ASN00082076,20011202,TMAX,203,,,a,
ASN00082076,20011203,TMAX,296,,,a,
ASN00082076,20011204,TMAX,275,,,a,
ASN00082076,20011205,TMAX,230,,,a,
ASN00082076,20011206,TMAX,215,,,a,
ASN00082076,20011207,TMAX,206,,,a,
ASN00082076,20011208,TMAX,240,,,a,
ASN00082076,20011209,TMAX,232,,,a,
ASN00082076,20011210,TMAX,190,,,a,
ASN00082076,20011211,TMAX,206,,,a,
ASN00082076,20011212,TMAX,252,,,a,
ASN00082076,20011213,TMAX,271,,,a,
ASN00082076,20011214,TMAX,260,,,a,
ASN00082076,20011215,TMAX,280,,,a,
ASN00082076,20011216,TMAX,271,,,a,
ASN00082076,20011217,TMAX,283,,,a,
ASN00082076,20011218,TMAX,282,,,a,
ASN00082076,20011219,TMAX,292,,,a,
ASN00082076,20011220,TMAX,317,,,a,
ASN00082076,20011221,TMAX,308,,,a,
ASN00082076,20011222,TMAX,277,,,a,
ASN00082076,20011223,TMAX,240,,,a,
ASN00082076,20011224,TMAX,218,,,a,
ASN00082076,20011225,TMAX,185,,,a,
ASN00082076,20011226,TMAX,165,,,a,
ASN00082076,20011227,TMAX,195,,,a,
ASN00082076,20011228,TMAX,253,,,a,
ASN00082076,20011229,TMAX,320,,,a,
ASN00082076,20011230,TMAX,300,,,a,
ASN00082076,20011201,TMIN,62,,,a,
ASN00082076,20011202,TMIN,76,,,a,
ASN00082076,20011203,TMIN,118,,,a,
ASN00082076,20011204,TMIN,146,,,a,
ASN00082076,20011205,TMIN,130,,,a,
ASN00082076,20011206,TMIN,123,,,a,
ASN00082076,20011207,TMIN,135,,,a,
ASN00082076,20011208,TMIN,112,,,a,
ASN00082076,20011209,TMIN,110,,,a,
ASN00082076,20011210,TMIN,65,,,a,
ASN00082076,20011211,TMIN,108,,,a,
ASN00082076,20011212,TMIN,103,,,a,
ASN00082076,20011213,TMIN,110,,,a,
ASN00082076,20011214,TMIN,115,,,a,
ASN00082076,20011215,TMIN,143,,,a,
ASN00082076,20011216,TMIN,117,,,a,
ASN00082076,20011217,TMIN,108,,,a,
ASN00082076,20011218,TMIN,110,,,a,
ASN00082076,20011219,TMIN,102,,,a,
ASN00082076,20011220,TMIN,119,,,a,
ASN00082076,20011221,TMIN,148,,,a,
ASN00082076,20011222,TMIN,155,,,a,
ASN00082076,20011223,TMIN,94,,,a,
ASN00082076,20011224,TMIN,128,,,a,
ASN00082076,20011225,TMIN,120,,,a,
ASN00082076,20011226,TMIN,49,,,a,
ASN00082076,20011227,TMIN,26,,,a,
ASN00082076,20011228,TMIN,66,,,a,
ASN00082076,20011229,TMIN,86,,,a,
ASN00082076,20011230,TMIN,120,,,a,
ASN00082076,20011231,TMIN,75,,,a,
ASN00082076,20011201,PRCP,0,,,a,
ASN00082076,20011202,PRCP,0,,,a,
ASN00082076,20011203,PRCP,12,,,a,
ASN00082076,20011204,PRCP,20,,,a,
ASN00082076,20011205,PRCP,12,,,a,
ASN00082076,20011206,PRCP,0,,,a,
ASN00082076,20011207,PRCP,166,,,a,
ASN00082076,20011208,PRCP,76,,,a,
ASN00082076,20011209,PRCP,24,,,a,
ASN00082076,20011210,PRCP,0,,,a,
ASN00082076,20011211,PRCP,0,,,a,
ASN00082076,20011212,PRCP,0,,,a,
ASN00082076,20011213,PRCP,0,,,a,
ASN00082076,20011214,PRCP,0,,,a,
ASN00082076,20011215,PRCP,0,,,a,
ASN00082076,20011216,PRCP,0,,,a,
ASN00082076,20011217,PRCP,0,,,a,
ASN00082076,20011218,PRCP,0,,,a,
ASN00082076,20011219,PRCP,0,,,a,
ASN00082076,20011220,PRCP,4,,,a,
ASN00082076,20011221,PRCP,0,,,a,
ASN00082076,20011222,PRCP,0,,,a,
ASN00082076,20011223,PRCP,0,,,a,
ASN00082076,20011224,PRCP,16,,,a,
ASN00082076,20011225,PRCP,0,,,a,
ASN00082076,20011226,PRCP,104,,,a,
ASN00082076,20011227,PRCP,6,,,a,
ASN00082076,20011228,PRCP,0,,,a,
ASN00082076,20011229,PRCP,0,,,a,
ASN00082076,20011230,PRCP,0,,,a,
ASN00082076,20011231,PRCP,0,,,a,
ASN00082076,20020103,TMAX,213,,,a,
ASN00082076,20020104,TMAX,252,,,a,
ASN00082076,20020105,TMAX,287,,,a,
ASN00082076,20020106,TMAX,338,,,a,
ASN00082076,20020107,TMAX,234,,,a,
ASN00082076,20020108,TMAX,228,,,a,
ASN00082076,20020109,TMAX,320,,,a,
ASN00082076,20020110,TMAX,312,,,a,
ASN00082076,20020111,TMAX,340,,,a,
ASN00082076,20020112,TMAX,232,,,a,
ASN00082076,20020113,TMAX,233,,,a,
ASN00082076,20020114,TMAX,285,,,a,
ASN00082076,20020115,TMAX,250,,,a,
ASN00082076,20020116,TMAX,258,,,a,
ASN00082076,20020117,TMAX,270,,,a,
ASN00082076,20020118,TMAX,305,,,a,
ASN00082076,20020119,TMAX,335,,,a,
ASN00082076,20020120,TMAX,344,,,a,
ASN00082076,20020121,TMAX,250,,,a,
ASN00082076,20020122,TMAX,237,,,a,
ASN00082076,20020123,TMAX,294,,,a,
ASN00082076,20020124,TMAX,305,,,a,
ASN00082076,20020125,TMAX,315,,,a,
ASN00082076,20020127,TMAX,295,,,a,
ASN00082076,20020131,TMAX,293,,,a,
ASN00082076,20020104,TMIN,52,,,a,
ASN00082076,20020105,TMIN,91,,,a,
ASN00082076,20020106,TMIN,100,,,a,
ASN00082076,20020107,TMIN,164,,,a,
ASN00082076,20020108,TMIN,97,,,a,
ASN00082076,20020109,TMIN,83,,,a,
ASN00082076,20020110,TMIN,106,,,a,
ASN00082076,20020111,TMIN,114,,,a,
ASN00082076,20020112,TMIN,117,,,a,
ASN00082076,20020113,TMIN,50,,,a,
ASN00082076,20020114,TMIN,115,,,a,
ASN00082076,20020115,TMIN,148,,,a,
ASN00082076,20020116,TMIN,144,,,a,
ASN00082076,20020117,TMIN,107,,,a,
ASN00082076,20020118,TMIN,140,,,a,
ASN00082076,20020119,TMIN,134,,,a,
ASN00082076,20020120,TMIN,142,,,a,
ASN00082076,20020121,TMIN,201,,,a,
ASN00082076,20020122,TMIN,175,,,a,
ASN00082076,20020123,TMIN,146,,,a,
ASN00082076,20020124,TMIN,167,,,a,
ASN00082076,20020125,TMIN,152,,,a,
ASN00082076,20020126,TMIN,145,,,a,
ASN00082076,20020128,TMIN,151,,,a,
ASN00082076,20020101,PRCP,0,,,a,
ASN00082076,20020102,PRCP,24,,,a,
ASN00082076,20020103,PRCP,32,,,a,
ASN00082076,20020104,PRCP,0,,,a,
ASN00082076,20020105,PRCP,0,,,a,
ASN00082076,20020106,PRCP,0,,,a,
ASN00082076,20020107,PRCP,0,,,a,
ASN00082076,20020108,PRCP,12,,,a,
ASN00082076,20020109,PRCP,0,,,a,
ASN00082076,20020110,PRCP,0,,,a,
ASN00082076,20020111,PRCP,0,,,a,
ASN00082076,20020112,PRCP,0,,,a,
ASN00082076,20020113,PRCP,0,,,a,
ASN00082076,20020114,PRCP,0,,,a,
ASN00082076,20020115,PRCP,0,,,a,
ASN00082076,20020116,PRCP,14,,,a,
ASN00082076,20020117,PRCP,0,,,a,
ASN00082076,20020118,PRCP,10,,,a,
ASN00082076,20020119,PRCP,0,,,a,
ASN00082076,20020120,PRCP,0,,,a,
ASN00082076,20020121,PRCP,0,,,a,
ASN00082076,20020122,PRCP,404,,,a,
ASN00082076,20020123,PRCP,34,,,a,
ASN00082076,20020124,PRCP,0,,,a,
ASN00082076,20020125,PRCP,0,,,a,
ASN00082076,20020126,PRCP,0,,,a,
ASN00082076,20020127,PRCP,0,,,a,
ASN00082076,20020128,PRCP,0,,,a,
ASN00082076,20020129,PRCP,0,,,a,
ASN00082076,20020130,PRCP,0,,,a,
ASN00082076,20020131,PRCP,0,,,a,
ASN00082076,20020201,TMAX,329,,,a,
ASN00082076,20020202,TMAX,324,,,a,
ASN00082076,20020205,TMAX,187,,,a,
ASN00082076,20020206,TMAX,220,,,a,
ASN00082076,20020207,TMAX,261,,,a,
ASN00082076,20020208,TMAX,209,,,a,
ASN00082076,20020209,TMAX,235,,,a,
ASN00082076,20020210,TMAX,156,,,a,
ASN00082076,20020211,TMAX,217,,,a,
ASN00082076,20020212,TMAX,261,,,a,
ASN00082076,20020213,TMAX,287,,,a,
ASN00082076,20020214,TMAX,314,,,a,
ASN00082076,20020215,TMAX,317,,,a,
ASN00082076,20020216,TMAX,275,,,a,
ASN00082076,20020217,TMAX,295,,,a,
ASN00082076,20020218,TMAX,270,,,a,
ASN00082076,20020219,TMAX,300,,,a,
ASN00082076,20020220,TMAX,258,,,a,
ASN00082076,20020221,TMAX,214,,,a,
ASN00082076,20020222,TMAX,254,,,a,
ASN00082076,20020223,TMAX,286,,,a,
ASN00082076,20020224,TMAX,295,,,a,
ASN00082076,20020226,TMAX,275,,,a,
ASN00082076,20020227,TMAX,276,,,a,
ASN00082076,20020228,TMAX,217,,,a,
ASN00082076,20020201,TMIN,150,,,a,
ASN00082076,20020202,TMIN,153,,,a,
ASN00082076,20020203,TMIN,140,,,a,
ASN00082076,20020206,TMIN,139,,,a,
ASN00082076,20020207,TMIN,142,,,a,
ASN00082076,20020208,TMIN,140,,,a,
ASN00082076,20020209,TMIN,118,,,a,
ASN00082076,20020210,TMIN,116,,,a,
ASN00082076,20020211,TMIN,99,,,a,
ASN00082076,20020212,TMIN,125,,,a,
ASN00082076,20020213,TMIN,108,,,a,
ASN00082076,20020214,TMIN,123,,,a,
ASN00082076,20020215,TMIN,125,,,a,
ASN00082076,20020216,TMIN,150,,,a,
ASN00082076,20020217,TMIN,187,,,a,
ASN00082076,20020218,TMIN,180,,,a,
ASN00082076,20020219,TMIN,147,,,a,
ASN00082076,20020220,TMIN,136,,,a,
ASN00082076,20020221,TMIN,128,,,a,
ASN00082076,20020222,TMIN,61,,,a,
ASN00082076,20020223,TMIN,70,,,a,
ASN00082076,20020224,TMIN,140,,,a,
ASN00082076,20020225,TMIN,150,,,a,
ASN00082076,20020227,TMIN,130,,,a,
ASN00082076,20020228,TMIN,95,,,a,
ASN00082076,20020201,PRCP,0,,,a,
ASN00082076,20020202,PRCP,0,,,a,
ASN00082076,20020203,PRCP,202,,,a,
ASN00082076,20020204,PRCP,24,,,a,
ASN00082076,20020205,PRCP,164,,,a,
ASN00082076,20020206,PRCP,0,,,a,
ASN00082076,20020207,PRCP,102,,,a,
ASN00082076,20020208,PRCP,146,,,a,
ASN00082076,20020209,PRCP,10,,,a,
ASN00082076,20020210,PRCP,4,,,a,
ASN00082076,20020211,PRCP,66,,,a,
ASN00082076,20020212,PRCP,0,,,a,
ASN00082076,20020213,PRCP,0,,,a,
ASN00082076,20020214,PRCP,0,,,a,
ASN00082076,20020215,PRCP,0,,,a,
ASN00082076,20020216,PRCP,50,,,a,
ASN00082076,20020217,PRCP,4,,,a,
ASN00082076,20020218,PRCP,0,,,a,
ASN00082076,20020219,PRCP,0,,,a,
ASN00082076,20020220,PRCP,0,,,a,
ASN00082076,20020221,PRCP,192,,,a,
ASN00082076,20020222,PRCP,0,,,a,
ASN00082076,20020223,PRCP,0,,,a,
ASN00082076,20020224,PRCP,0,,,a,
ASN00082076,20020225,PRCP,0,,,a,
ASN00082076,20020226,PRCP,18,,,a,
ASN00082076,20020227,PRCP,0,,,a,
ASN00082076,20020228,PRCP,0,,,a,
ASN00082076,20020301,TMAX,230,,,a,
ASN00082076,20020302,TMAX,258,,,a,
ASN00082076,20020303,TMAX,267,,,a,
ASN00082076,20020304,TMAX,282,,,a,
ASN00082076,20020305,TMAX,296,,,a,
ASN00082076,20020306,TMAX,283,,,a,
ASN00082076,20020307,TMAX,291,,,a,
ASN00082076,20020308,TMAX,244,,,a,
ASN00082076,20020310,TMAX,275,,,a,
ASN00082076,20020311,TMAX,281,,,a,
ASN00082076,20020312,TMAX,232,,,a,
ASN00082076,20020313,TMAX,269,,,a,
ASN00082076,20020314,TMAX,268,,,a,
ASN00082076,20020315,TMAX,267,,,a,
ASN00082076,20020316,TMAX,270,,,a,
ASN00082076,20020317,TMAX,301,,,a,
ASN00082076,20020318,TMAX,326,,,a,
ASN00082076,20020319,TMAX,313,,,a,
ASN00082076,20020320,TMAX,244,,,a,
ASN00082076,20020321,TMAX,217,,,a,
ASN00082076,20020322,TMAX,260,,,a,
ASN00082076,20020323,TMAX,269,,,a,
ASN00082076,20020324,TMAX,282,,,a,
ASN00082076,20020325,TMAX,259,,,a,
ASN00082076,20020326,TMAX,170,,,a,
ASN00082076,20020327,TMAX,250,,,a,
ASN00082076,20020328,TMAX,263,,,a,
ASN00082076,20020329,TMAX,256,,,a,
ASN00082076,20020330,TMAX,195,,,a,
ASN00082076,20020331,TMAX,255,,,a,
ASN00082076,20020301,TMIN,59,,,a,
ASN00082076,20020302,TMIN,77,,,a,
ASN00082076,20020303,TMIN,131,,,a,
ASN00082076,20020304,TMIN,142,,,a,
ASN00082076,20020305,TMIN,135,,,a,
ASN00082076,20020306,TMIN,127,,,a,
ASN00082076,20020307,TMIN,135,,,a,
ASN00082076,20020308,TMIN,130,,,a,
ASN00082076,20020309,TMIN,118,,,a,
ASN00082076,20020311,TMIN,83,,,a,
ASN00082076,20020312,TMIN,79,,,a,
ASN00082076,20020313,TMIN,95,,,a,
ASN00082076,20020314,TMIN,123,,,a,
ASN00082076,20020315,TMIN,137,,,a,
ASN00082076,20020316,TMIN,96,,,a,
ASN00082076,20020317,TMIN,84,,,a,
ASN00082076,20020318,TMIN,96,,,a,
ASN00082076,20020319,TMIN,111,,,a,
ASN00082076,20020320,TMIN,63,,,a,
ASN00082076,20020321,TMIN,62,,,a,
ASN00082076,20020322,TMIN,64,,,a,
ASN00082076,20020323,TMIN,68,,,a,
ASN00082076,20020324,TMIN,78,,,a,
ASN00082076,20020325,TMIN,106,,,a,
ASN00082076,20020326,TMIN,119,,,a,
ASN00082076,20020327,TMIN,127,,,a,
ASN00082076,20020328,TMIN,120,,,a,
ASN00082076,20020329,TMIN,127,,,a,
ASN00082076,20020330,TMIN,110,,,a,
ASN00082076,20020331,TMIN,85,,,a,
ASN00082076,20020301,PRCP,0,,,a,
ASN00082076,20020302,PRCP,0,,,a,
ASN00082076,20020303,PRCP,0,,,a,
ASN00082076,20020304,PRCP,0,,,a,
ASN00082076,20020305,PRCP,0,,,a,
ASN00082076,20020306,PRCP,0,,,a,
ASN00082076,20020307,PRCP,0,,,a,
ASN00082076,20020308,PRCP,0,,,a,
ASN00082076,20020309,PRCP,0,,,a,
ASN00082076,20020310,PRCP,0,,,a,
ASN00082076,20020311,PRCP,0,,,a,
ASN00082076,20020312,PRCP,0,,,a,
ASN00082076,20020313,PRCP,0,,,a,
ASN00082076,20020314,PRCP,0,,,a,
ASN00082076,20020315,PRCP,0,,,a,
ASN00082076,20020316,PRCP,0,,,a,
ASN00082076,20020317,PRCP,0,,,a,
ASN00082076,20020318,PRCP,0,,,a,
ASN00082076,20020319,PRCP,0,,,a,
ASN00082076,20020320,PRCP,0,,,a,
ASN00082076,20020321,PRCP,0,,,a,
ASN00082076,20020322,PRCP,0,,,a,
ASN00082076,20020323,PRCP,0,,,a,
ASN00082076,20020324,PRCP,0,,,a,
ASN00082076,20020325,PRCP,0,,,a,
ASN00082076,20020326,PRCP,70,,,a,
ASN00082076,20020327,PRCP,484,,,a,
ASN00082076,20020328,PRCP,0,,,a,
ASN00082076,20020329,PRCP,0,,,a,
ASN00082076,20020330,PRCP,0,,,a,
ASN00082076,20020331,PRCP,0,,,a,
ASN00082076,20020401,TMAX,135,,S,a,
ASN00082076,20020402,TMAX,253,,,a,
ASN00082076,20020403,TMAX,240,,,a,
ASN00082076,20020404,TMAX,162,,,a,
ASN00082076,20020406,TMAX,240,,,a,
ASN00082076,20020408,TMAX,253,,,a,
ASN00082076,20020409,TMAX,267,,,a,
ASN00082076,20020410,TMAX,220,,,a,
ASN00082076,20020411,TMAX,257,,,a,
ASN00082076,20020412,TMAX,261,,,a,
ASN00082076,20020413,TMAX,203,,,a,
ASN00082076,20020414,TMAX,170,,,a,
ASN00082076,20020415,TMAX,190,,,a,
ASN00082076,20020416,TMAX,182,,,a,
ASN00082076,20020417,TMAX,205,,,a,
ASN00082076,20020418,TMAX,229,,,a,
ASN00082076,20020419,TMAX,225,,,a,
ASN00082076,20020420,TMAX,215,,,a,
ASN00082076,20020421,TMAX,204,,,a,
ASN00082076,20020422,TMAX,234,,,a,
ASN00082076,20020423,TMAX,244,,,a,
ASN00082076,20020424,TMAX,250,,,a,
ASN00082076,20020425,TMAX,217,,,a,
ASN00082076,20020426,TMAX,184,,,a,
ASN00082076,20020427,TMAX,175,,,a,
ASN00082076,20020428,TMAX,204,,,a,
ASN00082076,20020429,TMAX,196,,,a,
ASN00082076,20020430,TMAX,198,,,a,
ASN00082076,20020401,TMIN,75,,,a,
ASN00082076,20020402,TMIN,75,,,a,
ASN00082076,20020403,TMIN,90,,,a,
ASN00082076,20020404,TMIN,120,,,a,
ASN00082076,20020405,TMIN,95,,,a,
ASN00082076,20020407,TMIN,72,,,a,
ASN00082076,20020409,TMIN,78,,,a,
ASN00082076,20020410,TMIN,112,,,a,
ASN00082076,20020411,TMIN,96,,,a,
ASN00082076,20020412,TMIN,89,,,a,
ASN00082076,20020413,TMIN,96,,,a,
ASN00082076,20020414,TMIN,89,,,a,
ASN00082076,20020415,TMIN,142,,,a,
ASN00082076,20020416,TMIN,107,,,a,
ASN00082076,20020417,TMIN,136,,,a,
ASN00082076,20020418,TMIN,134,,,a,
ASN00082076,20020419,TMIN,153,,,a,
ASN00082076,20020420,TMIN,91,,,a,
ASN00082076,20020421,TMIN,118,,,a,
ASN00082076,20020422,TMIN,136,,,a,
ASN00082076,20020423,TMIN,98,,,a,
ASN00082076,20020424,TMIN,90,,,a,
ASN00082076,20020425,TMIN,100,,,a,
ASN00082076,20020426,TMIN,105,,,a,
ASN00082076,20020427,TMIN,38,,,a,
ASN00082076,20020428,TMIN,35,,,a,
ASN00082076,20020429,TMIN,48,,,a,
ASN00082076,20020430,TMIN,36,,,a,
ASN00082076,20020401,PRCP,0,,,a,
ASN00082076,20020402,PRCP,0,,,a,
ASN00082076,20020403,PRCP,0,,,a,
ASN00082076,20020404,PRCP,58,,,a,
ASN00082076,20020405,PRCP,0,,,a,
ASN00082076,20020406,PRCP,0,,,a,
ASN00082076,20020407,PRCP,0,,,a,
ASN00082076,20020408,PRCP,0,,,a,
ASN00082076,20020409,PRCP,0,,,a,
ASN00082076,20020410,PRCP,0,,,a,
ASN00082076,20020411,PRCP,42,,,a,
ASN00082076,20020412,PRCP,0,,,a,
ASN00082076,20020413,PRCP,0,,,a,
ASN00082076,20020414,PRCP,30,,,a,
ASN00082076,20020415,PRCP,16,,,a,
ASN00082076,20020416,PRCP,0,,,a,
ASN00082076,20020417,PRCP,6,,,a,
ASN00082076,20020418,PRCP,4,,,a,
ASN00082076,20020419,PRCP,0,,,a,
ASN00082076,20020420,PRCP,0,,,a,
ASN00082076,20020421,PRCP,34,,,a,
ASN00082076,20020422,PRCP,0,,,a,
ASN00082076,20020423,PRCP,0,,,a,
ASN00082076,20020424,PRCP,0,,,a,
ASN00082076,20020425,PRCP,0,,,a,
ASN00082076,20020426,PRCP,46,,,a,
ASN00082076,20020427,PRCP,0,,,a,
ASN00082076,20020428,PRCP,0,,,a,
ASN00082076,20020429,PRCP,0,,,a,
ASN00082076,20020430,PRCP,0,,,a,
ASN00082076,20020501,TMAX,209,,,a,
ASN00082076,20020502,TMAX,214,,,a,
ASN00082076,20020503,TMAX,215,,,a,
ASN00082076,20020504,TMAX,208,,,a,
ASN00082076,20020505,TMAX,208,,,a,
ASN00082076,20020507,TMAX,223,,,a,
ASN00082076,20020508,TMAX,215,,,a,
ASN00082076,20020509,TMAX,193,,,a,
ASN00082076,20020510,TMAX,191,,,a,
ASN00082076,20020511,TMAX,202,,,a,
ASN00082076,20020512,TMAX,202,,,a,
ASN00082076,20020513,TMAX,154,,,a,
ASN00082076,20020514,TMAX,160,,,a,
ASN00082076,20020515,TMAX,166,,,a,
ASN00082076,20020516,TMAX,166,,,a,
ASN00082076,20020517,TMAX,134,,,a,
ASN00082076,20020518,TMAX,105,,,a,
ASN00082076,20020519,TMAX,105,,,a,
ASN00082076,20020520,TMAX,115,,,a,
ASN00082076,20020521,TMAX,121,,,a,
ASN00082076,20020522,TMAX,137,,,a,
ASN00082076,20020525,TMAX,158,,,a,
ASN00082076,20020526,TMAX,161,,,a,
ASN00082076,20020527,TMAX,143,,,a,
ASN00082076,20020528,TMAX,144,,,a,
ASN00082076,20020529,TMAX,135,,,a,
ASN00082076,20020530,TMAX,142,,,a,
ASN00082076,20020531,TMAX,125,,,a,
ASN00082076,20020501,TMIN,47,,,a,
ASN00082076,20020502,TMIN,54,,,a,
ASN00082076,20020503,TMIN,36,,,a,
ASN00082076,20020504,TMIN,34,,,a,
ASN00082076,20020505,TMIN,28,,,a,
ASN00082076,20020506,TMIN,42,,,a,
ASN00082076,20020508,TMIN,42,,,a,
ASN00082076,20020509,TMIN,45,,,a,
ASN00082076,20020510,TMIN,55,,,a,
ASN00082076,20020511,TMIN,77,,,a,
ASN00082076,20020512,TMIN,18,,,a,
ASN00082076,20020513,TMIN,45,,,a,
ASN00082076,20020514,TMIN,97,,,a,
ASN00082076,20020515,TMIN,108,,,a,
ASN00082076,20020516,TMIN,112,,,a,
ASN00082076,20020517,TMIN,84,,,a,
ASN00082076,20020518,TMIN,20,,,a,
ASN00082076,20020519,TMIN,45,,,a,
ASN00082076,20020520,TMIN,65,,,a,
ASN00082076,20020521,TMIN,68,,,a,
ASN00082076,20020522,TMIN,45,,,a,
ASN00082076,20020523,TMIN,31,,,a,
ASN00082076,20020526,TMIN,24,,,a,
ASN00082076,20020527,TMIN,5,,,a,
ASN00082076,20020528,TMIN,4,,,a,
ASN00082076,20020529,TMIN,7,,,a,
ASN00082076,20020530,TMIN,-14,,,a,
ASN00082076,20020531,TMIN,-10,,,a,
ASN00082076,20020501,PRCP,0,,,a,
ASN00082076,20020502,PRCP,0,,,a,
ASN00082076,20020503,PRCP,0,,,a,
ASN00082076,20020504,PRCP,0,,,a,
ASN00082076,20020505,PRCP,0,,,a,
ASN00082076,20020506,PRCP,0,,,a,
ASN00082076,20020507,PRCP,0,,,a,
ASN00082076,20020508,PRCP,0,,,a,
ASN00082076,20020509,PRCP,0,,,a,
ASN00082076,20020510,PRCP,8,,,a,
ASN00082076,20020511,PRCP,0,,,a,
ASN00082076,20020512,PRCP,0,,,a,
ASN00082076,20020513,PRCP,6,,,a,
ASN00082076,20020514,PRCP,0,,,a,
ASN00082076,20020515,PRCP,16,,,a,
ASN00082076,20020516,PRCP,64,,,a,
ASN00082076,20020517,PRCP,60,,,a,
ASN00082076,20020518,PRCP,0,,,a,
ASN00082076,20020519,PRCP,140,,,a,
ASN00082076,20020520,PRCP,54,,,a,
ASN00082076,20020521,PRCP,144,,,a,
ASN00082076,20020522,PRCP,8,,,a,
ASN00082076,20020523,PRCP,0,,,a,
ASN00082076,20020524,PRCP,0,,,a,
ASN00082076,20020525,PRCP,0,,,a,
ASN00082076,20020526,PRCP,0,,,a,
ASN00082076,20020527,PRCP,0,,,a,
ASN00082076,20020528,PRCP,0,,,a,
ASN00082076,20020529,PRCP,0,,,a,
ASN00082076,20020530,PRCP,0,,,a,
ASN00082076,20020531,PRCP,0,,,a,
ASN00082076,20020525,DATN,2,,,a,
ASN00082076,20020524,DATX,2,,,a,
ASN00082076,20020525,MDTN,69,,,a,
ASN00082076,20020524,MDTX,165,,,a,
ASN00082076,20020601,TMAX,140,,,a,
ASN00082076,20020602,TMAX,154,,,a,
ASN00082076,20020603,TMAX,158,,,a,
ASN00082076,20020604,TMAX,157,,,a,
ASN00082076,20020605,TMAX,152,,,a,
ASN00082076,20020606,TMAX,153,,,a,
ASN00082076,20020607,TMAX,167,,,a,
ASN00082076,20020608,TMAX,110,,,a,
ASN00082076,20020609,TMAX,114,,,a,
ASN00082076,20020610,TMAX,115,,,a,
ASN00082076,20020611,TMAX,123,,,a,
ASN00082076,20020612,TMAX,130,,,a,
ASN00082076,20020613,TMAX,100,,,a,
ASN00082076,20020614,TMAX,105,,,a,
ASN00082076,20020615,TMAX,149,,,a,
ASN00082076,20020616,TMAX,94,,,a,
ASN00082076,20020617,TMAX,130,,,a,
ASN00082076,20020618,TMAX,130,,,a,
ASN00082076,20020619,TMAX,131,,,a,
ASN00082076,20020620,TMAX,136,,,a,
ASN00082076,20020621,TMAX,101,,,a,
ASN00082076,20020622,TMAX,110,,,a,
ASN00082076,20020623,TMAX,117,,,a,
ASN00082076,20020624,TMAX,120,,,a,
ASN00082076,20020625,TMAX,136,,,a,
ASN00082076,20020626,TMAX,128,,,a,
ASN00082076,20020627,TMAX,99,,,a,
ASN00082076,20020628,TMAX,96,,,a,
ASN00082076,20020629,TMAX,121,,,a,
ASN00082076,20020601,TMIN,6,,,a,
ASN00082076,20020602,TMIN,-12,,,a,
ASN00082076,20020603,TMIN,-8,,,a,
ASN00082076,20020604,TMIN,-11,,,a,
ASN00082076,20020605,TMIN,-28,,,a,
ASN00082076,20020606,TMIN,-2,,,a,
ASN00082076,20020607,TMIN,19,,,a,
ASN00082076,20020608,TMIN,70,,,a,
ASN00082076,20020609,TMIN,71,,,a,
ASN00082076,20020610,TMIN,83,,,a,
ASN00082076,20020611,TMIN,95,,,a,
ASN00082076,20020612,TMIN,83,,,a,
ASN00082076,20020613,TMIN,71,,,a,
ASN00082076,20020614,TMIN,70,,,a,
ASN00082076,20020615,TMIN,75,,,a,
ASN00082076,20020616,TMIN,85,,,a,
ASN00082076,20020617,TMIN,70,,,a,
ASN00082076,20020618,TMIN,62,,,a,
ASN00082076,20020619,TMIN,-5,,,a,
ASN00082076,20020620,TMIN,-4,,,a,
ASN00082076,20020621,TMIN,23,,,a,
ASN00082076,20020622,TMIN,61,,,a,
ASN00082076,20020623,TMIN,64,,,a,
ASN00082076,20020624,TMIN,64,,,a,
ASN00082076,20020625,TMIN,47,,,a,
ASN00082076,20020626,TMIN,9,,,a,
ASN00082076,20020627,TMIN,-4,,,a,
ASN00082076,20020628,TMIN,25,,,a,
ASN00082076,20020629,TMIN,7,,,a,
ASN00082076,20020630,TMIN,-13,,,a,
ASN00082076,20020601,PRCP,0,,,a,
ASN00082076,20020602,PRCP,0,,,a,
ASN00082076,20020603,PRCP,0,,,a,
ASN00082076,20020604,PRCP,0,,,a,
ASN00082076,20020605,PRCP,0,,,a,
ASN00082076,20020606,PRCP,0,,,a,
ASN00082076,20020607,PRCP,14,,,a,
ASN00082076,20020608,PRCP,48,,,a,
ASN00082076,20020609,PRCP,52,,,a,
ASN00082076,20020610,PRCP,10,,,a,
ASN00082076,20020611,PRCP,16,,,a,
ASN00082076,20020612,PRCP,2,,,a,
ASN00082076,20020613,PRCP,146,,,a,
ASN00082076,20020614,PRCP,70,,,a,
ASN00082076,20020615,PRCP,294,,,a,
ASN00082076,20020616,PRCP,142,,,a,
ASN00082076,20020617,PRCP,212,,,a,
ASN00082076,20020618,PRCP,0,,,a,
ASN00082076,20020619,PRCP,0,,,a,
ASN00082076,20020620,PRCP,0,,,a,
ASN00082076,20020621,PRCP,4,,,a,
ASN00082076,20020622,PRCP,4,,,a,
ASN00082076,20020623,PRCP,6,,,a,
ASN00082076,20020624,PRCP,0,,,a,
ASN00082076,20020625,PRCP,0,,,a,
ASN00082076,20020626,PRCP,28,,,a,
ASN00082076,20020627,PRCP,0,,,a,
ASN00082076,20020628,PRCP,176,,,a,
ASN00082076,20020629,PRCP,12,,,a,
ASN00082076,20020630,PRCP,0,,,a,
ASN00082076,20020701,TMAX,113,,,a,
ASN00082076,20020702,TMAX,105,,,a,
ASN00082076,20020703,TMAX,105,,,a,
ASN00082076,20020704,TMAX,101,,,a,
ASN00082076,20020705,TMAX,100,,,a,
ASN00082076,20020706,TMAX,100,,,a,
ASN00082076,20020707,TMAX,120,,,a,
ASN00082076,20020708,TMAX,131,,,a,
ASN00082076,20020709,TMAX,103,,,a,
ASN00082076,20020710,TMAX,115,,,a,
ASN00082076,20020711,TMAX,115,,,a,
ASN00082076,20020712,TMAX,141,,,a,
ASN00082076,20020713,TMAX,153,,,a,
ASN00082076,20020714,TMAX,121,,,a,
ASN00082076,20020715,TMAX,135,,,a,
ASN00082076,20020716,TMAX,115,,,a,
ASN00082076,20020717,TMAX,96,,,a,
ASN00082076,20020718,TMAX,118,,,a,
ASN00082076,20020719,TMAX,134,,,a,
ASN00082076,20020720,TMAX,124,,,a,
ASN00082076,20020721,TMAX,123,,,a,
ASN00082076,20020722,TMAX,95,,,a,
ASN00082076,20020723,TMAX,115,,,a,
ASN00082076,20020724,TMAX,122,,,a,
ASN00082076,20020725,TMAX,112,,,a,
ASN00082076,20020728,TMAX,168,,,a,
ASN00082076,20020729,TMAX,170,,,a,
ASN00082076,20020730,TMAX,161,,,a,
ASN00082076,20020731,TMAX,155,,,a,
ASN00082076,20020703,TMIN,-4,,,a,
ASN00082076,20020704,TMIN,11,,,a,
ASN00082076,20020705,TMIN,59,,,a,
ASN00082076,20020706,TMIN,60,,,a,
ASN00082076,20020707,TMIN,65,,,a,
ASN00082076,20020708,TMIN,69,,,a,
ASN00082076,20020709,TMIN,20,,,a,
ASN00082076,20020710,TMIN,-17,,,a,
ASN00082076,20020711,TMIN,-8,,,a,
ASN00082076,20020712,TMIN,-20,,,a,
ASN00082076,20020713,TMIN,-25,,,a,
ASN00082076,20020714,TMIN,0,,,a,
ASN00082076,20020715,TMIN,-10,,,a,
ASN00082076,20020716,TMIN,10,,,a,
ASN00082076,20020717,TMIN,39,,,a,
ASN00082076,20020718,TMIN,15,,,a,
ASN00082076,20020719,TMIN,48,,,a,
ASN00082076,20020720,TMIN,42,,,a,
ASN00082076,20020721,TMIN,2,,,a,
ASN00082076,20020722,TMIN,-11,,,a,
ASN00082076,20020723,TMIN,13,,,a,
ASN00082076,20020724,TMIN,29,,,a,
ASN00082076,20020725,TMIN,-2,,,a,
ASN00082076,20020726,TMIN,-2,,,a,
ASN00082076,20020729,TMIN,15,,,a,
ASN00082076,20020730,TMIN,7,,,a,
ASN00082076,20020731,TMIN,26,,,a,
ASN00082076,20020701,PRCP,0,,,a,
ASN00082076,20020702,PRCP,0,,,a,
ASN00082076,20020703,PRCP,0,,,a,
ASN00082076,20020704,PRCP,56,,,a,
ASN00082076,20020705,PRCP,112,,,a,
ASN00082076,20020706,PRCP,178,,,a,
ASN00082076,20020707,PRCP,38,,,a,
ASN00082076,20020708,PRCP,2,,,a,
ASN00082076,20020709,PRCP,0,,,a,
ASN00082076,20020710,PRCP,56,,,a,
ASN00082076,20020711,PRCP,2,,,a,
ASN00082076,20020712,PRCP,0,,,a,
ASN00082076,20020713,PRCP,0,,,a,
ASN00082076,20020714,PRCP,4,,,a,
ASN00082076,20020715,PRCP,0,,,a,
ASN00082076,20020716,PRCP,0,,,a,
ASN00082076,20020717,PRCP,32,,,a,
ASN00082076,20020718,PRCP,16,,,a,
ASN00082076,20020719,PRCP,0,,,a,
ASN00082076,20020720,PRCP,0,,,a,
ASN00082076,20020721,PRCP,40,,,a,
ASN00082076,20020722,PRCP,0,,,a,
ASN00082076,20020723,PRCP,0,,,a,
ASN00082076,20020724,PRCP,64,,,a,
ASN00082076,20020725,PRCP,0,,,a,
ASN00082076,20020726,PRCP,0,,,a,
ASN00082076,20020727,PRCP,0,,,a,
ASN00082076,20020728,PRCP,0,,,a,
ASN00082076,20020729,PRCP,2,,,a,
ASN00082076,20020730,PRCP,0,,,a,
ASN00082076,20020731,PRCP,0,,,a,
ASN00082076,20020702,DATN,2,,,a,
ASN00082076,20020728,DATN,2,,,a,
ASN00082076,20020727,DATX,2,,,a,
ASN00082076,20020702,MDTN,13,,,a,
ASN00082076,20020728,MDTN,-1,,,a,
ASN00082076,20020727,MDTX,158,,,a,
ASN00082076,20020801,TMAX,157,,,a,
ASN00082076,20020802,TMAX,150,,,a,
ASN00082076,20020803,TMAX,113,,,a,
ASN00082076,20020804,TMAX,142,,,a,
ASN00082076,20020805,TMAX,120,,,a,
ASN00082076,20020806,TMAX,121,,,a,
ASN00082076,20020807,TMAX,133,,,a,
ASN00082076,20020808,TMAX,155,,,a,
ASN00082076,20020809,TMAX,155,,,a,
ASN00082076,20020812,TMAX,96,,,a,
ASN00082076,20020813,TMAX,130,,,a,
ASN00082076,20020814,TMAX,122,,,a,
ASN00082076,20020815,TMAX,143,,,a,
ASN00082076,20020816,TMAX,160,,,a,
ASN00082076,20020817,TMAX,162,,,a,
ASN00082076,20020818,TMAX,161,,,a,
ASN00082076,20020819,TMAX,149,,,a,
ASN00082076,20020820,TMAX,138,,,a,
ASN00082076,20020821,TMAX,118,,,a,
ASN00082076,20020822,TMAX,160,,,a,
ASN00082076,20020823,TMAX,124,,,a,
ASN00082076,20020824,TMAX,146,,,a,
ASN00082076,20020825,TMAX,155,,,a,
ASN00082076,20020826,TMAX,161,,,a,
ASN00082076,20020829,TMAX,155,,,a,
ASN00082076,20020830,TMAX,133,,,a,
ASN00082076,20020831,TMAX,176,,,a,
ASN00082076,20020801,TMIN,22,,,a,
ASN00082076,20020802,TMIN,45,,,a,
ASN00082076,20020803,TMIN,57,,,a,
ASN00082076,20020804,TMIN,56,,,a,
ASN00082076,20020805,TMIN,51,,,a,
ASN00082076,20020806,TMIN,45,,,a,
ASN00082076,20020807,TMIN,58,,,a,
ASN00082076,20020808,TMIN,16,,,a,
ASN00082076,20020809,TMIN,18,,,a,
ASN00082076,20020810,TMIN,19,,,a,
ASN00082076,20020813,TMIN,45,,,a,
ASN00082076,20020814,TMIN,-20,,,a,
ASN00082076,20020815,TMIN,-15,,,a,
ASN00082076,20020816,TMIN,3,,,a,
ASN00082076,20020817,TMIN,15,,,a,
ASN00082076,20020818,TMIN,32,,,a,
ASN00082076,20020819,TMIN,-5,,,a,
ASN00082076,20020820,TMIN,-15,,,a,
ASN00082076,20020821,TMIN,14,,,a,
ASN00082076,20020822,TMIN,-19,,,a,
ASN00082076,20020823,TMIN,22,,,a,
ASN00082076,20020824,TMIN,5,,,a,
ASN00082076,20020825,TMIN,-15,,,a,
ASN00082076,20020826,TMIN,-16,,,a,
ASN00082076,20020827,TMIN,33,,,a,
ASN00082076,20020830,TMIN,50,,,a,
ASN00082076,20020831,TMIN,35,,,a,
ASN00082076,20020801,PRCP,0,,,a,
ASN00082076,20020802,PRCP,28,,,a,
ASN00082076,20020803,PRCP,234,,,a,
ASN00082076,20020804,PRCP,130,,,a,
ASN00082076,20020805,PRCP,0,,,a,
ASN00082076,20020806,PRCP,20,,,a,
ASN00082076,20020807,PRCP,24,,,a,
ASN00082076,20020808,PRCP,4,,,a,
ASN00082076,20020809,PRCP,0,,,a,
ASN00082076,20020810,PRCP,0,,,a,
ASN00082076,20020813,PRCP,46,,,a,
ASN00082076,20020814,PRCP,0,,,a,
ASN00082076,20020815,PRCP,0,,,a,
ASN00082076,20020816,PRCP,0,,,a,
ASN00082076,20020817,PRCP,0,,,a,
ASN00082076,20020818,PRCP,0,,,a,
ASN00082076,20020819,PRCP,0,,,a,
ASN00082076,20020820,PRCP,0,,,a,
ASN00082076,20020821,PRCP,0,,,a,
ASN00082076,20020822,PRCP,0,,,a,
ASN00082076,20020823,PRCP,0,,,a,
ASN00082076,20020824,PRCP,0,,,a,
ASN00082076,20020825,PRCP,0,,,a,
ASN00082076,20020826,PRCP,0,,,a,
ASN00082076,20020827,PRCP,0,,,a,
ASN00082076,20020830,PRCP,2,,,a,
ASN00082076,20020831,PRCP,0,,,a,
ASN00082076,20020812,DAPR,2,,,a,
ASN00082076,20020829,DAPR,2,,,a,
ASN00082076,20020812,DATN,2,,,a,
ASN00082076,20020829,DATN,2,,,a,
ASN00082076,20020811,DATX,2,,,a,
ASN00082076,20020828,DATX,2,,,a,
ASN00082076,20020812,MDPR,50,,,a,
ASN00082076,20020829,MDPR,84,,,a,
ASN00082076,20020812,MDTN,32,,,a,
ASN00082076,20020829,MDTN,29,,,a,
ASN00082076,20020811,MDTX,162,,,a,
ASN00082076,20020828,MDTX,168,,,a,
ASN00082076,20020901,TMAX,189,,,a,
ASN00082076,20020902,TMAX,200,,,a,
ASN00082076,20020903,TMAX,152,,,a,
ASN00082076,20020904,TMAX,172,,,a,
ASN00082076,20020905,TMAX,172,,,a,
ASN00082076,20020906,TMAX,175,,,a,
ASN00082076,20020909,TMAX,145,,,a,
ASN00082076,20020910,TMAX,134,,,a,
ASN00082076,20020911,TMAX,147,,,a,
ASN00082076,20020912,TMAX,174,,,a,
ASN00082076,20020913,TMAX,187,,,a,
ASN00082076,20020914,TMAX,216,,,a,
ASN00082076,20020915,TMAX,236,,,a,
ASN00082076,20020916,TMAX,190,,,a,
ASN00082076,20020917,TMAX,150,,,a,
ASN00082076,20020918,TMAX,122,,,a,
ASN00082076,20020919,TMAX,140,,,a,
ASN00082076,20020920,TMAX,154,,,a,
ASN00082076,20020921,TMAX,202,,,a,
ASN00082076,20020922,TMAX,217,,,a,
ASN00082076,20020923,TMAX,235,,,a,
ASN00082076,20020924,TMAX,250,,,a,
ASN00082076,20020925,TMAX,179,,,a,
ASN00082076,20020926,TMAX,174,,,a,
ASN00082076,20020927,TMAX,210,,,a,
ASN00082076,20020928,TMAX,132,,,a,
ASN00082076,20020929,TMAX,150,,,a,
ASN00082076,20020930,TMAX,158,,,a,
ASN00082076,20020901,TMIN,60,,,a,
ASN00082076,20020902,TMIN,7,,,a,
ASN00082076,20020903,TMIN,64,,,a,
ASN00082076,20020904,TMIN,110,,,a,
ASN00082076,20020905,TMIN,44,,,a,
ASN00082076,20020906,TMIN,35,,,a,
ASN00082076,20020907,TMIN,75,,,a,
ASN00082076,20020910,TMIN,-5,,,a,
ASN00082076,20020911,TMIN,-10,,,a,
ASN00082076,20020912,TMIN,0,,,a,
ASN00082076,20020913,TMIN,-7,,,a,
ASN00082076,20020914,TMIN,-2,,,a,
ASN00082076,20020915,TMIN,21,,,a,
ASN00082076,20020916,TMIN,104,,,a,
ASN00082076,20020917,TMIN,78,,,a,
ASN00082076,20020918,TMIN,50,,,a,
ASN00082076,20020919,TMIN,70,,,a,
ASN00082076,20020920,TMIN,0,,,a,
ASN00082076,20020921,TMIN,-5,,,a,
ASN00082076,20020922,TMIN,37,,,a,
ASN00082076,20020923,TMIN,98,,,a,
ASN00082076,20020924,TMIN,65,,,a,
ASN00082076,20020925,TMIN,65,,,a,
ASN00082076,20020926,TMIN,41,,,a,
ASN00082076,20020927,TMIN,13,,,a,
ASN00082076,20020928,TMIN,63,,,a,
ASN00082076,20020929,TMIN,34,,,a,
ASN00082076,20020930,TMIN,18,,,a,
ASN00082076,20020901,PRCP,0,,,a,
ASN00082076,20020902,PRCP,0,,,a,
ASN00082076,20020903,PRCP,134,,,a,
ASN00082076,20020904,PRCP,0,,,a,
ASN00082076,20020905,PRCP,40,,,a,
ASN00082076,20020906,PRCP,14,,,a,
ASN00082076,20020907,PRCP,8,,,a,
ASN00082076,20020908,PRCP,24,,,a,
ASN00082076,20020909,PRCP,4,,,a,
ASN00082076,20020910,PRCP,0,,,a,
ASN00082076,20020911,PRCP,0,,,a,
ASN00082076,20020912,PRCP,0,,,a,
ASN00082076,20020913,PRCP,0,,,a,
ASN00082076,20020914,PRCP,0,,,a,
ASN00082076,20020915,PRCP,0,,,a,
ASN00082076,20020916,PRCP,0,,,a,
ASN00082076,20020917,PRCP,438,,,a,
ASN00082076,20020918,PRCP,4,,,a,
ASN00082076,20020919,PRCP,86,,,a,
ASN00082076,20020920,PRCP,0,,,a,
ASN00082076,20020921,PRCP,0,,,a,
ASN00082076,20020922,PRCP,0,,,a,
ASN00082076,20020923,PRCP,38,,,a,
ASN00082076,20020924,PRCP,8,,,a,
ASN00082076,20020925,PRCP,0,,,a,
ASN00082076,20020926,PRCP,0,,,a,
ASN00082076,20020927,PRCP,0,,,a,
ASN00082076,20020928,PRCP,82,,,a,
ASN00082076,20020929,PRCP,12,,,a,
ASN00082076,20020930,PRCP,0,,,a,
ASN00082076,20020909,DATN,2,,,a,
ASN00082076,20020908,DATX,2,,,a,
ASN00082076,20020909,MDTN,78,,,a,
ASN00082076,20020908,MDTX,130,,,a,
ASN00082076,20021001,TMAX,180,,,a,
ASN00082076,20021002,TMAX,219,,,a,
ASN00082076,20021003,TMAX,248,,,a,
ASN00082076,20021004,TMAX,240,,,a,
ASN00082076,20021005,TMAX,174,,,a,
ASN00082076,20021006,TMAX,217,,,a,
ASN00082076,20021007,TMAX,190,,,a,
ASN00082076,20021008,TMAX,160,,,a,
ASN00082076,20021009,TMAX,185,,,a,
ASN00082076,20021010,TMAX,200,,,a,
ASN00082076,20021011,TMAX,220,,,a,
ASN00082076,20021012,TMAX,220,,,a,
ASN00082076,20021013,TMAX,191,,,a,
ASN00082076,20021014,TMAX,162,,,a,
ASN00082076,20021016,TMAX,240,,,a,
ASN00082076,20021017,TMAX,213,,,a,
ASN00082076,20021018,TMAX,250,,,a,
ASN00082076,20021019,TMAX,200,,,a,
ASN00082076,20021020,TMAX,229,,,a,
ASN00082076,20021021,TMAX,219,,,a,
ASN00082076,20021022,TMAX,198,,,a,
ASN00082076,20021024,TMAX,165,,,a,
ASN00082076,20021025,TMAX,188,,,a,
ASN00082076,20021026,TMAX,167,,,a,
ASN00082076,20021027,TMAX,182,,,a,
ASN00082076,20021028,TMAX,213,,,a,
ASN00082076,20021029,TMAX,243,,,a,
ASN00082076,20021030,TMAX,301,,,a,
ASN00082076,20021031,TMAX,232,,,a,
ASN00082076,20021001,TMIN,10,,,a,
ASN00082076,20021002,TMIN,22,,,a,
ASN00082076,20021003,TMIN,35,,,a,
ASN00082076,20021004,TMIN,99,,,a,
ASN00082076,20021005,TMIN,78,,,a,
ASN00082076,20021006,TMIN,60,,,a,
ASN00082076,20021007,TMIN,104,,,a,
ASN00082076,20021008,TMIN,75,,,a,
ASN00082076,20021009,TMIN,5,,,a,
ASN00082076,20021010,TMIN,65,,,a,
ASN00082076,20021011,TMIN,86,,,a,
ASN00082076,20021012,TMIN,46,,,a,
ASN00082076,20021013,TMIN,44,,,a,
ASN00082076,20021014,TMIN,82,,,a,
ASN00082076,20021015,TMIN,75,,,a,
ASN00082076,20021017,TMIN,94,,,a,
ASN00082076,20021018,TMIN,46,,,a,
ASN00082076,20021019,TMIN,95,,,a,
ASN00082076,20021020,TMIN,36,,,a,
ASN00082076,20021021,TMIN,70,,,a,
ASN00082076,20021022,TMIN,62,,,a,
ASN00082076,20021023,TMIN,109,,,a,
ASN00082076,20021025,TMIN,60,,,a,
ASN00082076,20021026,TMIN,78,,,a,
ASN00082076,20021027,TMIN,86,,,a,
ASN00082076,20021028,TMIN,78,,,a,
ASN00082076,20021029,TMIN,50,,,a,
ASN00082076,20021030,TMIN,52,,,a,
ASN00082076,20021031,TMIN,68,,,a,
ASN00082076,20021001,PRCP,0,,,a,
ASN00082076,20021002,PRCP,0,,,a,
ASN00082076,20021003,PRCP,0,,,a,
ASN00082076,20021004,PRCP,12,,,a,
ASN00082076,20021005,PRCP,12,,,a,
ASN00082076,20021006,PRCP,0,,,a,
ASN00082076,20021007,PRCP,4,,,a,
ASN00082076,20021008,PRCP,12,,,a,
ASN00082076,20021009,PRCP,0,,,a,
ASN00082076,20021010,PRCP,0,,,a,
ASN00082076,20021011,PRCP,0,,,a,
ASN00082076,20021012,PRCP,0,,,a,
ASN00082076,20021013,PRCP,184,,,a,
ASN00082076,20021014,PRCP,0,,,a,
ASN00082076,20021015,PRCP,26,,,a,
ASN00082076,20021016,PRCP,0,,,a,
ASN00082076,20021017,PRCP,0,,,a,
ASN00082076,20021018,PRCP,0,,,a,
ASN00082076,20021019,PRCP,0,,,a,
ASN00082076,20021020,PRCP,0,,,a,
ASN00082076,20021021,PRCP,0,,,a,
ASN00082076,20021022,PRCP,0,,,a,
ASN00082076,20021023,PRCP,24,,,a,
ASN00082076,20021024,PRCP,16,,,a,
ASN00082076,20021025,PRCP,8,,,a,
ASN00082076,20021026,PRCP,0,,,a,
ASN00082076,20021027,PRCP,0,,,a,
ASN00082076,20021028,PRCP,0,,,a,
ASN00082076,20021029,PRCP,0,,,a,
ASN00082076,20021030,PRCP,0,,,a,
ASN00082076,20021031,PRCP,0,,,a,
ASN00082076,20021101,TMAX,270,,,a,
ASN00082076,20021102,TMAX,265,,,a,
ASN00082076,20021103,TMAX,219,,,a,
ASN00082076,20021104,TMAX,156,,,a,
ASN00082076,20021105,TMAX,204,,,a,
ASN00082076,20021106,TMAX,250,,,a,
ASN00082076,20021107,TMAX,282,,,a,
ASN00082076,20021108,TMAX,315,,,a,
ASN00082076,20021109,TMAX,296,,,a,
ASN00082076,20021110,TMAX,265,,,a,
ASN00082076,20021111,TMAX,293,,,a,
ASN00082076,20021112,TMAX,322,,,a,
ASN00082076,20021113,TMAX,244,,,a,
ASN00082076,20021114,TMAX,244,,,a,
ASN00082076,20021115,TMAX,257,,,a,
ASN00082076,20021116,TMAX,280,,,a,
ASN00082076,20021117,TMAX,273,,,a,
ASN00082076,20021118,TMAX,330,,,a,
ASN00082076,20021119,TMAX,305,,,a,
ASN00082076,20021120,TMAX,200,,,a,
ASN00082076,20021121,TMAX,275,,,a,
ASN00082076,20021122,TMAX,280,,,a,
ASN00082076,20021123,TMAX,306,,,a,
ASN00082076,20021124,TMAX,317,,,a,
ASN00082076,20021125,TMAX,330,,,a,
ASN00082076,20021126,TMAX,246,,,a,
ASN00082076,20021127,TMAX,253,,,a,
ASN00082076,20021128,TMAX,285,,,a,
ASN00082076,20021101,TMIN,25,,,a,
ASN00082076,20021102,TMIN,55,,,a,
ASN00082076,20021103,TMIN,120,,,a,
ASN00082076,20021104,TMIN,100,,,a,
ASN00082076,20021105,TMIN,10,,,a,
ASN00082076,20021106,TMIN,14,,,a,
ASN00082076,20021107,TMIN,75,,,a,
ASN00082076,20021108,TMIN,64,,,a,
ASN00082076,20021109,TMIN,114,,,a,
ASN00082076,20021110,TMIN,91,,,a,
ASN00082076,20021111,TMIN,88,,,a,
ASN00082076,20021112,TMIN,88,,,a,
ASN00082076,20021113,TMIN,146,,,a,
ASN00082076,20021114,TMIN,60,,,a,
ASN00082076,20021115,TMIN,60,,,a,
ASN00082076,20021116,TMIN,75,,,a,
ASN00082076,20021117,TMIN,81,,,a,
ASN00082076,20021118,TMIN,95,,,a,
ASN00082076,20021119,TMIN,145,,,a,
ASN00082076,20021120,TMIN,142,,,a,
ASN00082076,20021121,TMIN,126,,,a,
ASN00082076,20021122,TMIN,90,,,a,
ASN00082076,20021123,TMIN,110,,,a,
ASN00082076,20021124,TMIN,119,,,a,
ASN00082076,20021125,TMIN,183,,,a,
ASN00082076,20021126,TMIN,180,,,a,
ASN00082076,20021127,TMIN,145,,,a,
ASN00082076,20021128,TMIN,140,,,a,
ASN00082076,20021129,TMIN,125,,,a,
ASN00082076,20021101,PRCP,0,,,a,
ASN00082076,20021102,PRCP,0,,,a,
ASN00082076,20021103,PRCP,32,,,a,
ASN00082076,20021104,PRCP,4,,,a,
ASN00082076,20021105,PRCP,22,,,a,
ASN00082076,20021106,PRCP,0,,,a,
ASN00082076,20021107,PRCP,0,,,a,
ASN00082076,20021108,PRCP,0,,,a,
ASN00082076,20021109,PRCP,0,,,a,
ASN00082076,20021110,PRCP,0,,,a,
ASN00082076,20021111,PRCP,0,,,a,
ASN00082076,20021112,PRCP,0,,,a,
ASN00082076,20021113,PRCP,0,,,a,
ASN00082076,20021114,PRCP,0,,,a,
ASN00082076,20021115,PRCP,0,,,a,
ASN00082076,20021116,PRCP,0,,,a,
ASN00082076,20021117,PRCP,0,,,a,
ASN00082076,20021118,PRCP,0,,,a,
ASN00082076,20021119,PRCP,0,,,a,
ASN00082076,20021120,PRCP,0,,,a,
ASN00082076,20021121,PRCP,76,,,a,
ASN00082076,20021122,PRCP,0,,,a,
ASN00082076,20021123,PRCP,0,,,a,
ASN00082076,20021124,PRCP,0,,,a,
ASN00082076,20021125,PRCP,0,,,a,
ASN00082076,20021126,PRCP,66,,,a,
ASN00082076,20021127,PRCP,274,,,a,
ASN00082076,20021128,PRCP,0,,,a,
ASN00082076,20021129,PRCP,0,,,a,
ASN00082076,20021130,PRCP,42,,,a,
ASN00082076,20021201,TMAX,265,,,a,
ASN00082076,20021202,TMAX,302,,,a,
ASN00082076,20021203,TMAX,216,,,a,
ASN00082076,20021204,TMAX,204,,,a,
ASN00082076,20021205,TMAX,167,,,a,
ASN00082076,20021206,TMAX,165,,,a,
ASN00082076,20021207,TMAX,232,,,a,
ASN00082076,20021208,TMAX,273,,,a,
ASN00082076,20021209,TMAX,222,,,a,
ASN00082076,20021210,TMAX,207,,,a,
ASN00082076,20021211,TMAX,255,,,a,
ASN00082076,20021212,TMAX,267,,,a,
ASN00082076,20021213,TMAX,264,,,a,
ASN00082076,20021214,TMAX,291,,,a,
ASN00082076,20021215,TMAX,331,,,a,
ASN00082076,20021216,TMAX,358,,,a,
ASN00082076,20021217,TMAX,374,,,a,
ASN00082076,20021218,TMAX,362,,,a,
ASN00082076,20021219,TMAX,345,,,a,
ASN00082076,20021220,TMAX,354,,,a,
ASN00082076,20021221,TMAX,370,,,a,
ASN00082076,20021222,TMAX,368,,,a,
ASN00082076,20021223,TMAX,270,,,a,
ASN00082076,20021224,TMAX,281,,,a,
ASN00082076,20021225,TMAX,260,,,a,
ASN00082076,20021226,TMAX,278,,,a,
ASN00082076,20021227,TMAX,290,,,a,
ASN00082076,20021228,TMAX,330,,,a,
ASN00082076,20021229,TMAX,341,,,a,
ASN00082076,20021230,TMAX,294,,,a,
ASN00082076,20021231,TMAX,263,,,a,
ASN00082076,20021202,TMIN,107,,,a,
ASN00082076,20021203,TMIN,130,,,a,
ASN00082076,20021204,TMIN,117,,,a,
ASN00082076,20021205,TMIN,99,,,a,
ASN00082076,20021206,TMIN,57,,,a,
ASN00082076,20021207,TMIN,34,,,a,
ASN00082076,20021208,TMIN,54,,,a,
ASN00082076,20021209,TMIN,89,,,a,
ASN00082076,20021210,TMIN,94,,,a,
ASN00082076,20021211,TMIN,111,,,a,
ASN00082076,20021212,TMIN,86,,,a,
ASN00082076,20021213,TMIN,68,,,a,
ASN00082076,20021214,TMIN,97,,,a,
ASN00082076,20021215,TMIN,87,,,a,
ASN00082076,20021216,TMIN,118,,,a,
ASN00082076,20021217,TMIN,158,,,a,
ASN00082076,20021218,TMIN,166,,,a,
ASN00082076,20021219,TMIN,155,,,a,
ASN00082076,20021220,TMIN,155,,,a,
ASN00082076,20021221,TMIN,167,,,a,
ASN00082076,20021222,TMIN,145,,,a,
ASN00082076,20021223,TMIN,120,,,a,
ASN00082076,20021224,TMIN,121,,,a,
ASN00082076,20021225,TMIN,132,,,a,
ASN00082076,20021226,TMIN,135,,,a,
ASN00082076,20021227,TMIN,121,,,a,
ASN00082076,20021228,TMIN,132,,,a,
ASN00082076,20021229,TMIN,144,,,a,
ASN00082076,20021230,TMIN,198,,,a,
ASN00082076,20021231,TMIN,186,,,a,
ASN00082076,20021201,PRCP,0,,,a,
ASN00082076,20021202,PRCP,0,,,a,
ASN00082076,20021203,PRCP,0,,,a,
ASN00082076,20021204,PRCP,26,,,a,
ASN00082076,20021205,PRCP,40,,,a,
ASN00082076,20021206,PRCP,132,,,a,
ASN00082076,20021207,PRCP,4,,,a,
ASN00082076,20021208,PRCP,0,,,a,
ASN00082076,20021209,PRCP,0,,,a,
ASN00082076,20021210,PRCP,0,,,a,
ASN00082076,20021211,PRCP,0,,,a,
ASN00082076,20021212,PRCP,0,,,a,
ASN00082076,20021213,PRCP,0,,,a,
ASN00082076,20021214,PRCP,0,,,a,
ASN00082076,20021215,PRCP,0,,,a,
ASN00082076,20021216,PRCP,0,,,a,
ASN00082076,20021217,PRCP,0,,,a,
ASN00082076,20021218,PRCP,0,,,a,
ASN00082076,20021219,PRCP,0,,,a,
ASN00082076,20021220,PRCP,0,,,a,
ASN00082076,20021221,PRCP,0,,,a,
ASN00082076,20021222,PRCP,0,,,a,
ASN00082076,20021223,PRCP,0,,,a,
ASN00082076,20021224,PRCP,0,,,a,
ASN00082076,20021225,PRCP,0,,,a,
ASN00082076,20021226,PRCP,0,,,a,
ASN00082076,20021227,PRCP,0,,,a,
ASN00082076,20021228,PRCP,0,,,a,
ASN00082076,20021229,PRCP,0,,,a,
ASN00082076,20021230,PRCP,0,,,a,
ASN00082076,20021231,PRCP,0,,,a,
ASN00082076,20030101,TMAX,225,,,a,
ASN00082076,20030102,TMAX,261,,,a,
ASN00082076,20030103,TMAX,286,,,a,
ASN00082076,20030104,TMAX,308,,,a,
ASN00082076,20030105,TMAX,322,,,a,
ASN00082076,20030106,TMAX,320,,,a,
ASN00082076,20030107,TMAX,358,,,a,
ASN00082076,20030108,TMAX,257,,,a,
ASN00082076,20030109,TMAX,250,,,a,
ASN00082076,20030110,TMAX,253,,,a,
ASN00082076,20030111,TMAX,308,,,a,
ASN00082076,20030112,TMAX,328,,,a,
ASN00082076,20030113,TMAX,303,,,a,
ASN00082076,20030114,TMAX,320,,,a,
ASN00082076,20030115,TMAX,325,,,a,
ASN00082076,20030116,TMAX,345,,,a,
ASN00082076,20030117,TMAX,375,,,a,
ASN00082076,20030118,TMAX,377,,,a,
ASN00082076,20030119,TMAX,256,,,a,
ASN00082076,20030120,TMAX,340,,,a,
ASN00082076,20030121,TMAX,364,,,a,
ASN00082076,20030122,TMAX,287,,,a,
ASN00082076,20030123,TMAX,212,,,a,
ASN00082076,20030124,TMAX,215,,,a,
ASN00082076,20030125,TMAX,275,,,a,
ASN00082076,20030126,TMAX,390,,,a,
ASN00082076,20030127,TMAX,271,,,a,
ASN00082076,20030129,TMAX,352,,,a,
ASN00082076,20030130,TMAX,365,,,a,
ASN00082076,20030131,TMAX,255,,,a,
ASN00082076,20030101,TMIN,156,,,a,
ASN00082076,20030102,TMIN,86,,,a,
ASN00082076,20030103,TMIN,116,,,a,
ASN00082076,20030104,TMIN,133,,,a,
ASN00082076,20030105,TMIN,151,,,a,
ASN00082076,20030106,TMIN,143,,,a,
ASN00082076,20030107,TMIN,126,,,a,
ASN00082076,20030108,TMIN,175,,,a,
ASN00082076,20030109,TMIN,112,,,a,
ASN00082076,20030110,TMIN,120,,,a,
ASN00082076,20030111,TMIN,147,,,a,
ASN00082076,20030112,TMIN,123,,,a,
ASN00082076,20030113,TMIN,112,,,a,
ASN00082076,20030114,TMIN,131,,,a,
ASN00082076,20030115,TMIN,159,,,a,
ASN00082076,20030116,TMIN,127,,,a,
ASN00082076,20030117,TMIN,127,,,a,
ASN00082076,20030118,TMIN,141,,,a,
ASN00082076,20030119,TMIN,176,,,a,
ASN00082076,20030120,TMIN,108,,,a,
ASN00082076,20030121,TMIN,143,,,a,
ASN00082076,20030122,TMIN,153,,,a,
ASN00082076,20030123,TMIN,137,,,a,
ASN00082076,20030124,TMIN,126,,,a,
ASN00082076,20030125,TMIN,125,,,a,
ASN00082076,20030126,TMIN,170,,,a,
ASN00082076,20030127,TMIN,200,,,a,
ASN00082076,20030128,TMIN,165,,,a,
ASN00082076,20030130,TMIN,163,,,a,
ASN00082076,20030131,TMIN,135,,,a,
ASN00082076,20030101,PRCP,134,,,a,
ASN00082076,20030102,PRCP,0,,,a,
ASN00082076,20030103,PRCP,0,,,a,
ASN00082076,20030104,PRCP,0,,,a,
ASN00082076,20030105,PRCP,0,,,a,
ASN00082076,20030106,PRCP,0,,,a,
ASN00082076,20030107,PRCP,0,,,a,
ASN00082076,20030108,PRCP,0,,,a,
ASN00082076,20030109,PRCP,0,,,a,
ASN00082076,20030110,PRCP,0,,,a,
ASN00082076,20030111,PRCP,0,,,a,
ASN00082076,20030112,PRCP,0,,,a,
ASN00082076,20030113,PRCP,0,,,a,
ASN00082076,20030114,PRCP,0,,,a,
ASN00082076,20030115,PRCP,0,,,a,
ASN00082076,20030116,PRCP,0,,,a,
ASN00082076,20030117,PRCP,0,,,a,
ASN00082076,20030118,PRCP,0,,,a,
ASN00082076,20030119,PRCP,0,,,a,
ASN00082076,20030120,PRCP,0,,,a,
ASN00082076,20030121,PRCP,0,,,a,
ASN00082076,20030122,PRCP,0,,,a,
ASN00082076,20030123,PRCP,0,,,a,
ASN00082076,20030124,PRCP,0,,,a,
ASN00082076,20030125,PRCP,0,,,a,
ASN00082076,20030126,PRCP,0,,,a,
ASN00082076,20030127,PRCP,0,,,a,
ASN00082076,20030128,PRCP,0,,,a,
ASN00082076,20030129,PRCP,0,,,a,
ASN00082076,20030130,PRCP,0,,,a,
ASN00082076,20030131,PRCP,0,,,a,
ASN00082076,20030201,TMAX,276,,,a,
ASN00082076,20030202,TMAX,270,,,a,
ASN00082076,20030203,TMAX,280,,,a,
ASN00082076,20030204,TMAX,297,,,a,
ASN00082076,20030205,TMAX,335,,,a,
ASN00082076,20030206,TMAX,346,,,a,
ASN00082076,20030207,TMAX,362,,,a,
ASN00082076,20030208,TMAX,346,,,a,
ASN00082076,20030209,TMAX,332,,,a,
ASN00082076,20030210,TMAX,333,,,a,
ASN00082076,20030211,TMAX,329,,,a,
ASN00082076,20030212,TMAX,330,,,a,
ASN00082076,20030213,TMAX,340,,,a,
ASN00082076,20030214,TMAX,342,,,a,
ASN00082076,20030215,TMAX,352,,,a,
ASN00082076,20030216,TMAX,315,,,a,
ASN00082076,20030217,TMAX,260,,,a,
ASN00082076,20030218,TMAX,310,,,a,
ASN00082076,20030219,TMAX,320,,,a,
ASN00082076,20030220,TMAX,290,,,a,
ASN00082076,20030221,TMAX,223,,,a,
ASN00082076,20030222,TMAX,302,,,a,
ASN00082076,20030223,TMAX,340,,,a,
ASN00082076,20030224,TMAX,345,,,a,
ASN00082076,20030225,TMAX,343,,,a,
ASN00082076,20030226,TMAX,345,,,a,
ASN00082076,20030227,TMAX,290,,,a,
ASN00082076,20030201,TMIN,110,,,a,
ASN00082076,20030202,TMIN,123,,,a,
ASN00082076,20030203,TMIN,140,,,a,
ASN00082076,20030204,TMIN,143,,,a,
ASN00082076,20030205,TMIN,118,,,a,
ASN00082076,20030206,TMIN,145,,,a,
ASN00082076,20030207,TMIN,162,,,a,
ASN00082076,20030208,TMIN,183,,,a,
ASN00082076,20030209,TMIN,150,,,a,
ASN00082076,20030210,TMIN,163,,,a,
ASN00082076,20030211,TMIN,156,,,a,
ASN00082076,20030212,TMIN,130,,,a,
ASN00082076,20030213,TMIN,155,,,a,
ASN00082076,20030214,TMIN,164,,,a,
ASN00082076,20030215,TMIN,160,,,a,
ASN00082076,20030216,TMIN,183,,,a,
ASN00082076,20030217,TMIN,174,,,a,
ASN00082076,20030218,TMIN,118,,,a,
ASN00082076,20030219,TMIN,120,,,a,
ASN00082076,20030220,TMIN,148,,,a,
ASN00082076,20030221,TMIN,168,,,a,
ASN00082076,20030222,TMIN,180,,,a,
ASN00082076,20030223,TMIN,177,,,a,
ASN00082076,20030224,TMIN,171,,,a,
ASN00082076,20030225,TMIN,163,,,a,
ASN00082076,20030226,TMIN,176,,,a,
ASN00082076,20030227,TMIN,157,,,a,
ASN00082076,20030228,TMIN,164,,,a,
ASN00082076,20030201,PRCP,0,,,a,
ASN00082076,20030202,PRCP,0,,,a,
ASN00082076,20030203,PRCP,0,,,a,
ASN00082076,20030204,PRCP,0,,,a,
ASN00082076,20030205,PRCP,0,,,a,
ASN00082076,20030206,PRCP,0,,,a,
ASN00082076,20030207,PRCP,0,,,a,
ASN00082076,20030208,PRCP,0,,,a,
ASN00082076,20030209,PRCP,0,,,a,
ASN00082076,20030210,PRCP,0,,,a,
ASN00082076,20030211,PRCP,0,,,a,
ASN00082076,20030212,PRCP,0,,,a,
ASN00082076,20030213,PRCP,0,,,a,
ASN00082076,20030214,PRCP,0,,,a,
ASN00082076,20030215,PRCP,0,,,a,
ASN00082076,20030216,PRCP,0,,,a,
ASN00082076,20030217,PRCP,10,,,a,
ASN00082076,20030218,PRCP,0,,,a,
ASN00082076,20030219,PRCP,0,,,a,
ASN00082076,20030220,PRCP,0,,,a,
ASN00082076,20030221,PRCP,30,,,a,
ASN00082076,20030222,PRCP,42,,,a,
ASN00082076,20030223,PRCP,0,,,a,
ASN00082076,20030224,PRCP,0,,,a,
ASN00082076,20030225,PRCP,0,,,a,
ASN00082076,20030226,PRCP,2,,,a,
ASN00082076,20030227,PRCP,4,,,a,
ASN00082076,20030228,PRCP,86,,,a,
ASN00082076,20030301,TMAX,152,,,a,
ASN00082076,20030303,TMAX,258,,,a,
ASN00082076,20030304,TMAX,242,,,a,
ASN00082076,20030305,TMAX,285,,,a,
ASN00082076,20030306,TMAX,290,,,a,
ASN00082076,20030307,TMAX,291,,,a,
ASN00082076,20030308,TMAX,240,,,a,
ASN00082076,20030309,TMAX,241,,,a,
ASN00082076,20030310,TMAX,246,,,a,
ASN00082076,20030311,TMAX,270,,,a,
ASN00082076,20030312,TMAX,313,,,a,
ASN00082076,20030313,TMAX,295,,,a,
ASN00082076,20030314,TMAX,320,,,a,
ASN00082076,20030315,TMAX,295,,,a,
ASN00082076,20030316,TMAX,310,,,a,
ASN00082076,20030318,TMAX,320,,,a,
ASN00082076,20030319,TMAX,282,,,a,
ASN00082076,20030320,TMAX,171,,,a,
ASN00082076,20030321,TMAX,194,,,a,
ASN00082076,20030322,TMAX,216,,,a,
ASN00082076,20030323,TMAX,241,,,a,
ASN00082076,20030324,TMAX,256,,,a,
ASN00082076,20030325,TMAX,270,,,a,
ASN00082076,20030326,TMAX,295,,,a,
ASN00082076,20030327,TMAX,293,,,a,
ASN00082076,20030328,TMAX,296,,,a,
ASN00082076,20030329,TMAX,272,,,a,
ASN00082076,20030330,TMAX,247,,,a,
ASN00082076,20030302,TMIN,32,,,a,
ASN00082076,20030304,TMIN,96,,,a,
ASN00082076,20030305,TMIN,125,,,a,
ASN00082076,20030306,TMIN,115,,,a,
ASN00082076,20030307,TMIN,105,,,a,
ASN00082076,20030308,TMIN,151,,,a,
ASN00082076,20030309,TMIN,126,,,a,
ASN00082076,20030310,TMIN,136,,,a,
ASN00082076,20030311,TMIN,151,,,a,
ASN00082076,20030312,TMIN,112,,,a,
ASN00082076,20030313,TMIN,107,,,a,
ASN00082076,20030314,TMIN,150,,,a,
ASN00082076,20030315,TMIN,120,,,a,
ASN00082076,20030316,TMIN,157,,,a,
ASN00082076,20030317,TMIN,122,,,a,
ASN00082076,20030319,TMIN,117,,,a,
ASN00082076,20030320,TMIN,110,,,a,
ASN00082076,20030321,TMIN,37,,,a,
ASN00082076,20030322,TMIN,61,,,a,
ASN00082076,20030323,TMIN,111,,,a,
ASN00082076,20030324,TMIN,132,,,a,
ASN00082076,20030325,TMIN,106,,,a,
ASN00082076,20030326,TMIN,95,,,a,
ASN00082076,20030327,TMIN,128,,,a,
ASN00082076,20030328,TMIN,145,,,a,
ASN00082076,20030329,TMIN,126,,,a,
ASN00082076,20030330,TMIN,122,,,a,
ASN00082076,20030331,TMIN,125,,,a,
ASN00082076,20030301,PRCP,4,,,a,
ASN00082076,20030302,PRCP,42,,,a,
ASN00082076,20030303,PRCP,0,,,a,
ASN00082076,20030304,PRCP,0,,,a,
ASN00082076,20030305,PRCP,0,,,a,
ASN00082076,20030306,PRCP,0,,,a,
ASN00082076,20030307,PRCP,0,,,a,
ASN00082076,20030308,PRCP,14,,,a,
ASN00082076,20030309,PRCP,0,,,a,
ASN00082076,20030310,PRCP,0,,,a,
ASN00082076,20030311,PRCP,0,,,a,
ASN00082076,20030312,PRCP,0,,,a,
ASN00082076,20030313,PRCP,0,,,a,
ASN00082076,20030314,PRCP,0,,,a,
ASN00082076,20030315,PRCP,0,,,a,
ASN00082076,20030316,PRCP,0,,,a,
ASN00082076,20030317,PRCP,0,,,a,
ASN00082076,20030318,PRCP,0,,,a,
ASN00082076,20030319,PRCP,0,,,a,
ASN00082076,20030320,PRCP,174,,,a,
ASN00082076,20030321,PRCP,6,,,a,
ASN00082076,20030322,PRCP,0,,,a,
ASN00082076,20030323,PRCP,0,,,a,
ASN00082076,20030324,PRCP,0,,,a,
ASN00082076,20030325,PRCP,0,,,a,
ASN00082076,20030326,PRCP,0,,,a,
ASN00082076,20030327,PRCP,0,,,a,
ASN00082076,20030328,PRCP,0,,,a,
ASN00082076,20030329,PRCP,0,,,a,
ASN00082076,20030330,PRCP,0,,,a,
ASN00082076,20030331,PRCP,0,,,a,
ASN00082076,20030401,TMAX,269,,,a,
ASN00082076,20030402,TMAX,210,,,a,
ASN00082076,20030403,TMAX,203,,,a,
ASN00082076,20030404,TMAX,191,,,a,
ASN00082076,20030405,TMAX,214,,,a,
ASN00082076,20030406,TMAX,231,,,a,
ASN00082076,20030407,TMAX,251,,,a,
ASN00082076,20030408,TMAX,208,,,a,
ASN00082076,20030409,TMAX,200,,,a,
ASN00082076,20030410,TMAX,230,,,a,
ASN00082076,20030411,TMAX,227,,,a,
ASN00082076,20030412,TMAX,237,,,a,
ASN00082076,20030413,TMAX,232,,,a,
ASN00082076,20030414,TMAX,165,,,a,
ASN00082076,20030417,TMAX,180,,,a,
ASN00082076,20030418,TMAX,202,,,a,
ASN00082076,20030419,TMAX,230,,,a,
ASN00082076,20030420,TMAX,232,,,a,
ASN00082076,20030421,TMAX,240,,,a,
ASN00082076,20030422,TMAX,236,,,a,
ASN00082076,20030423,TMAX,235,,,a,
ASN00082076,20030424,TMAX,231,,,a,
ASN00082076,20030425,TMAX,235,,,a,
ASN00082076,20030426,TMAX,239,,,a,
ASN00082076,20030427,TMAX,176,,,a,
ASN00082076,20030428,TMAX,189,,,a,
ASN00082076,20030429,TMAX,217,,,a,
ASN00082076,20030430,TMAX,206,,,a,
ASN00082076,20030402,TMIN,111,,,a,
ASN00082076,20030403,TMIN,140,,,a,
ASN00082076,20030404,TMIN,110,,,a,
ASN00082076,20030405,TMIN,88,,,a,
ASN00082076,20030406,TMIN,57,,,a,
ASN00082076,20030407,TMIN,47,,,a,
ASN00082076,20030408,TMIN,78,,,a,
ASN00082076,20030409,TMIN,119,,,a,
ASN00082076,20030410,TMIN,104,,,a,
ASN00082076,20030411,TMIN,81,,,a,
ASN00082076,20030412,TMIN,80,,,a,
ASN00082076,20030413,TMIN,140,,,a,
ASN00082076,20030414,TMIN,115,,,a,
ASN00082076,20030415,TMIN,110,,,a,
ASN00082076,20030418,TMIN,88,,,a,
ASN00082076,20030419,TMIN,87,,,a,
ASN00082076,20030420,TMIN,70,,,a,
ASN00082076,20030421,TMIN,55,,,a,
ASN00082076,20030422,TMIN,114,,,a,
ASN00082076,20030423,TMIN,67,,,a,
ASN00082076,20030424,TMIN,74,,,a,
ASN00082076,20030425,TMIN,101,,,a,
ASN00082076,20030426,TMIN,87,,,a,
ASN00082076,20030427,TMIN,91,,,a,
ASN00082076,20030428,TMIN,125,,,a,
ASN00082076,20030429,TMIN,123,,,a,
ASN00082076,20030430,TMIN,120,,,a,
ASN00082076,20030401,PRCP,0,,,a,
ASN00082076,20030402,PRCP,0,,,a,
ASN00082076,20030403,PRCP,0,,,a,
ASN00082076,20030404,PRCP,0,,,a,
ASN00082076,20030405,PRCP,0,,,a,
ASN00082076,20030406,PRCP,0,,,a,
ASN00082076,20030407,PRCP,0,,,a,
ASN00082076,20030408,PRCP,0,,,a,
ASN00082076,20030409,PRCP,0,,,a,
ASN00082076,20030410,PRCP,0,,,a,
ASN00082076,20030411,PRCP,0,,,a,
ASN00082076,20030412,PRCP,32,,,a,
ASN00082076,20030413,PRCP,4,,,a,
ASN00082076,20030414,PRCP,144,,,a,
ASN00082076,20030415,PRCP,0,,,a,
ASN00082076,20030416,PRCP,14,,,a,
ASN00082076,20030417,PRCP,0,,,a,
ASN00082076,20030418,PRCP,0,,,a,
ASN00082076,20030419,PRCP,0,,,a,
ASN00082076,20030420,PRCP,0,,,a,
ASN00082076,20030421,PRCP,0,,,a,
ASN00082076,20030422,PRCP,0,,,a,
ASN00082076,20030423,PRCP,0,,,a,
ASN00082076,20030424,PRCP,0,,,a,
ASN00082076,20030425,PRCP,0,,,a,
ASN00082076,20030426,PRCP,0,,,a,
ASN00082076,20030427,PRCP,0,,,a,
ASN00082076,20030428,PRCP,52,,,a,
ASN00082076,20030429,PRCP,0,,,a,
ASN00082076,20030430,PRCP,0,,,a,
ASN00082076,20030417,DATN,2,,,a,
ASN00082076,20030416,DATX,2,,,a,
ASN00082076,20030417,MDTN,55,,,a,
ASN00082076,20030416,MDTX,161,,,a,
ASN00082076,20030501,TMAX,205,,,a,
ASN00082076,20030502,TMAX,161,,,a,
ASN00082076,20030503,TMAX,213,,,a,
ASN00082076,20030504,TMAX,171,,,a,
ASN00082076,20030505,TMAX,217,,,a,
ASN00082076,20030506,TMAX,246,,,a,
ASN00082076,20030507,TMAX,236,,,a,
ASN00082076,20030508,TMAX,216,,,a,
ASN00082076,20030509,TMAX,155,,,a,
ASN00082076,20030510,TMAX,163,,,a,
ASN00082076,20030511,TMAX,164,,,a,
ASN00082076,20030512,TMAX,200,,,a,
ASN00082076,20030513,TMAX,200,,,a,
ASN00082076,20030514,TMAX,200,,,a,
ASN00082076,20030516,TMAX,218,,,a,
ASN00082076,20030517,TMAX,205,,,a,
ASN00082076,20030518,TMAX,145,,,a,
ASN00082076,20030519,TMAX,180,,,a,
ASN00082076,20030520,TMAX,124,,,a,
ASN00082076,20030521,TMAX,157,,,a,
ASN00082076,20030522,TMAX,128,,,a,
ASN00082076,20030523,TMAX,151,,,a,
ASN00082076,20030524,TMAX,149,,,a,
ASN00082076,20030525,TMAX,177,,,a,
ASN00082076,20030526,TMAX,171,,,a,
ASN00082076,20030527,TMAX,166,,,a,
ASN00082076,20030528,TMAX,174,,,a,
ASN00082076,20030529,TMAX,172,,,a,
ASN00082076,20030530,TMAX,161,,,a,
ASN00082076,20030531,TMAX,160,,,a,
ASN00082076,20030501,TMIN,112,,,a,
ASN00082076,20030502,TMIN,78,,,a,
ASN00082076,20030503,TMIN,104,,,a,
ASN00082076,20030504,TMIN,93,,,a,
ASN00082076,20030505,TMIN,46,,,a,
ASN00082076,20030506,TMIN,60,,,a,
ASN00082076,20030507,TMIN,69,,,a,
ASN00082076,20030508,TMIN,44,,,a,
ASN00082076,20030509,TMIN,45,,,a,
ASN00082076,20030510,TMIN,67,,,a,
ASN00082076,20030511,TMIN,54,,,a,
ASN00082076,20030512,TMIN,73,,,a,
ASN00082076,20030513,TMIN,75,,,a,
ASN00082076,20030514,TMIN,91,,,a,
ASN00082076,20030515,TMIN,100,,,a,
ASN00082076,20030517,TMIN,90,,,a,
ASN00082076,20030518,TMIN,105,,,a,
ASN00082076,20030519,TMIN,116,,,a,
ASN00082076,20030520,TMIN,86,,,a,
ASN00082076,20030521,TMIN,98,,,a,
ASN00082076,20030522,TMIN,62,,,a,
ASN00082076,20030523,TMIN,53,,,a,
ASN00082076,20030524,TMIN,38,,,a,
ASN00082076,20030525,TMIN,55,,,a,
ASN00082076,20030526,TMIN,38,,,a,
ASN00082076,20030527,TMIN,28,,,a,
ASN00082076,20030528,TMIN,20,,,a,
ASN00082076,20030529,TMIN,22,,,a,
ASN00082076,20030530,TMIN,7,,,a,
ASN00082076,20030531,TMIN,-5,,,a,
ASN00082076,20030501,PRCP,0,,,a,
ASN00082076,20030502,PRCP,0,,,a,
ASN00082076,20030503,PRCP,0,,,a,
ASN00082076,20030504,PRCP,0,,,a,
ASN00082076,20030505,PRCP,0,,,a,
ASN00082076,20030506,PRCP,0,,,a,
ASN00082076,20030507,PRCP,0,,,a,
ASN00082076,20030508,PRCP,0,,,a,
ASN00082076,20030509,PRCP,60,,,a,
ASN00082076,20030510,PRCP,40,,,a,
ASN00082076,20030511,PRCP,0,,,a,
ASN00082076,20030512,PRCP,0,,,a,
ASN00082076,20030513,PRCP,0,,,a,
ASN00082076,20030514,PRCP,0,,,a,
ASN00082076,20030515,PRCP,28,,,a,
ASN00082076,20030516,PRCP,40,,,a,
ASN00082076,20030517,PRCP,2,,,a,
ASN00082076,20030518,PRCP,0,,,a,
ASN00082076,20030519,PRCP,292,,,a,
ASN00082076,20030520,PRCP,180,,,a,
ASN00082076,20030521,PRCP,64,,,a,
ASN00082076,20030522,PRCP,0,,,a,
ASN00082076,20030523,PRCP,0,,,a,
ASN00082076,20030524,PRCP,0,,,a,
ASN00082076,20030525,PRCP,0,,,a,
ASN00082076,20030526,PRCP,0,,,a,
ASN00082076,20030527,PRCP,0,,,a,
ASN00082076,20030528,PRCP,0,,,a,
ASN00082076,20030529,PRCP,0,,,a,
ASN00082076,20030530,PRCP,0,,,a,
ASN00082076,20030531,PRCP,4,,,a,
ASN00082076,20030601,TMAX,106,,,a,
ASN00082076,20030604,TMAX,173,,,a,
ASN00082076,20030605,TMAX,110,,,a,
ASN00082076,20030606,TMAX,142,,,a,
ASN00082076,20030607,TMAX,95,,,a,
ASN00082076,20030608,TMAX,104,,,a,
ASN00082076,20030613,TMAX,94,,,a,
ASN00082076,20030614,TMAX,92,,,a,
ASN00082076,20030615,TMAX,111,,,a,
ASN00082076,20030618,TMAX,148,,,a,
ASN00082076,20030619,TMAX,79,,,a,
ASN00082076,20030620,TMAX,71,,,a,
ASN00082076,20030621,TMAX,82,,,a,
ASN00082076,20030622,TMAX,67,,,a,
ASN00082076,20030623,TMAX,106,,,a,
ASN00082076,20030624,TMAX,89,,,a,
ASN00082076,20030601,TMIN,35,,,a,
ASN00082076,20030602,TMIN,56,,,a,
ASN00082076,20030605,TMIN,64,,,a,
ASN00082076,20030606,TMIN,75,,,a,
ASN00082076,20030607,TMIN,59,,,a,
ASN00082076,20030608,TMIN,55,,,a,
ASN00082076,20030609,TMIN,15,,,a,
ASN00082076,20030614,TMIN,63,,,a,
ASN00082076,20030615,TMIN,60,,,a,
ASN00082076,20030616,TMIN,69,,,a,
ASN00082076,20030619,TMIN,27,,,a,
ASN00082076,20030620,TMIN,57,,,a,
ASN00082076,20030621,TMIN,55,,,a,
ASN00082076,20030622,TMIN,52,,,a,
ASN00082076,20030623,TMIN,29,,,a,
ASN00082076,20030624,TMIN,33,,,a,
ASN00082076,20030625,TMIN,2,,,a,
ASN00082076,20030626,TMIN,3,,,a,
ASN00082076,20030627,TMIN,8,,,a,
ASN00082076,20030628,TMIN,61,,,a,
ASN00082076,20030629,TMIN,66,,,a,
ASN00082076,20030630,TMIN,57,,,a,
ASN00082076,20030601,PRCP,0,,,a,
ASN00082076,20030602,PRCP,194,,,a,
ASN00082076,20030603,PRCP,30,,,a,
ASN00082076,20030604,PRCP,2,,,a,
ASN00082076,20030605,PRCP,16,,,a,
ASN00082076,20030606,PRCP,40,,,a,
ASN00082076,20030607,PRCP,46,,,a,
ASN00082076,20030608,PRCP,14,,,a,
ASN00082076,20030609,PRCP,0,,,a,
ASN00082076,20030610,PRCP,0,,,a,
ASN00082076,20030611,PRCP,0,,,a,
ASN00082076,20030612,PRCP,0,,,a,
ASN00082076,20030613,PRCP,122,,,a,
ASN00082076,20030614,PRCP,98,,,a,
ASN00082076,20030615,PRCP,10,,,a,
ASN00082076,20030616,PRCP,12,,,a,
ASN00082076,20030617,PRCP,0,,,a,
ASN00082076,20030618,PRCP,0,,,a,
ASN00082076,20030619,PRCP,0,,,a,
ASN00082076,20030620,PRCP,0,,,a,
ASN00082076,20030621,PRCP,0,,,a,
ASN00082076,20030622,PRCP,64,,,a,
ASN00082076,20030623,PRCP,74,,,a,
ASN00082076,20030624,PRCP,0,,,a,
ASN00082076,20030625,PRCP,0,,,a,
ASN00082076,20030626,PRCP,0,,,a,
ASN00082076,20030627,PRCP,6,,,a,
ASN00082076,20030628,PRCP,152,,,a,
ASN00082076,20030629,PRCP,90,,,a,
ASN00082076,20030630,PRCP,26,,,a,
ASN00082076,20030604,DATN,2,,,a,
ASN00082076,20030611,DATN,2,,,a,
ASN00082076,20030613,DATN,2,,,a,
ASN00082076,20030618,DATN,2,,,a,
ASN00082076,20030603,DATX,2,,,a,
ASN00082076,20030610,DATX,2,,,a,
ASN00082076,20030612,DATX,2,,,a,
ASN00082076,20030617,DATX,2,,,a,
ASN00082076,20030604,MDTN,52,,,a,
ASN00082076,20030611,MDTN,5,,,a,
ASN00082076,20030613,MDTN,42,,,a,
ASN00082076,20030618,MDTN,4,,,a,
ASN00082076,20030603,MDTX,171,,,a,
ASN00082076,20030610,MDTX,150,,,a,
ASN00082076,20030612,MDTX,142,,,a,
ASN00082076,20030617,MDTX,160,,,a,
ASN00082076,20030705,TMAX,100,,,a,
ASN00082076,20030706,TMAX,136,,,a,
ASN00082076,20030710,TMAX,135,,,a,
ASN00082076,20030711,TMAX,159,,,a,
ASN00082076,20030712,TMAX,103,,,a,
ASN00082076,20030713,TMAX,125,,,a,
ASN00082076,20030714,TMAX,122,,,a,
ASN00082076,20030715,TMAX,136,,,a,
ASN00082076,20030716,TMAX,146,,,a,
ASN00082076,20030717,TMAX,144,,,a,
ASN00082076,20030718,TMAX,132,,,a,
ASN00082076,20030719,TMAX,145,,,a,
ASN00082076,20030720,TMAX,133,,,a,
ASN00082076,20030721,TMAX,118,,,a,
ASN00082076,20030722,TMAX,165,,,a,
ASN00082076,20030723,TMAX,145,,,a,
ASN00082076,20030724,TMAX,82,,,a,
ASN00082076,20030725,TMAX,77,,,a,
ASN00082076,20030726,TMAX,100,,,a,
ASN00082076,20030727,TMAX,92,,,a,
ASN00082076,20030728,TMAX,106,,,a,
ASN00082076,20030729,TMAX,94,,,a,
ASN00082076,20030730,TMAX,98,,,a,
ASN00082076,20030701,TMIN,75,,,a,
ASN00082076,20030702,TMIN,42,,,a,
ASN00082076,20030703,TMIN,26,,,a,
ASN00082076,20030706,TMIN,45,,,a,
ASN00082076,20030707,TMIN,45,,,a,
ASN00082076,20030711,TMIN,34,,,a,
ASN00082076,20030712,TMIN,62,,,a,
ASN00082076,20030713,TMIN,60,,,a,
ASN00082076,20030714,TMIN,28,,,a,
ASN00082076,20030715,TMIN,8,,,a,
ASN00082076,20030716,TMIN,13,,,a,
ASN00082076,20030717,TMIN,18,,,a,
ASN00082076,20030718,TMIN,-2,,,a,
ASN00082076,20030719,TMIN,22,,,a,
ASN00082076,20030720,TMIN,-10,,,a,
ASN00082076,20030723,TMIN,42,,,a,
ASN00082076,20030724,TMIN,20,,,a,
ASN00082076,20030725,TMIN,48,,,a,
ASN00082076,20030726,TMIN,25,,,a,
ASN00082076,20030727,TMIN,13,,,a,
ASN00082076,20030728,TMIN,35,,,a,
ASN00082076,20030729,TMIN,43,,,a,
ASN00082076,20030730,TMIN,4,,,a,
ASN00082076,20030731,TMIN,-15,,,a,
ASN00082076,20030701,PRCP,84,,,a,
ASN00082076,20030702,PRCP,0,,,a,
ASN00082076,20030703,PRCP,0,,,a,
ASN00082076,20030704,PRCP,26,,,a,
ASN00082076,20030705,PRCP,6,,,a,
ASN00082076,20030706,PRCP,4,,,a,
ASN00082076,20030707,PRCP,0,,,a,
ASN00082076,20030708,PRCP,0,,,a,
ASN00082076,20030709,PRCP,30,,,a,
ASN00082076,20030710,PRCP,0,,,a,
ASN00082076,20030711,PRCP,0,,,a,
ASN00082076,20030712,PRCP,132,,,a,
ASN00082076,20030713,PRCP,82,,,a,
ASN00082076,20030714,PRCP,0,,,a,
ASN00082076,20030715,PRCP,2,,,a,
ASN00082076,20030716,PRCP,2,,,a,
ASN00082076,20030717,PRCP,0,,,a,
ASN00082076,20030718,PRCP,0,,,a,
ASN00082076,20030719,PRCP,0,,,a,
ASN00082076,20030720,PRCP,0,,,a,
ASN00082076,20030721,PRCP,4,,,a,
ASN00082076,20030722,PRCP,68,,,a,
ASN00082076,20030723,PRCP,42,,,a,
ASN00082076,20030724,PRCP,528,,,a,
ASN00082076,20030725,PRCP,196,,,a,
ASN00082076,20030726,PRCP,190,,,a,
ASN00082076,20030727,PRCP,4,,,a,
ASN00082076,20030728,PRCP,0,,,a,
ASN00082076,20030729,PRCP,78,,,a,
ASN00082076,20030730,PRCP,8,,,a,
ASN00082076,20030731,PRCP,0,,,a,
ASN00082076,20030705,DATN,2,,,a,
ASN00082076,20030710,DATN,3,,,a,
ASN00082076,20030722,DATN,2,,,a,
ASN00082076,20030704,DATX,2,,,a,
ASN00082076,20030709,DATX,2,,,a,
ASN00082076,20030705,MDTN,20,,,a,
ASN00082076,20030710,MDTN,14,,,a,
ASN00082076,20030722,MDTN,40,,,a,
ASN00082076,20030704,MDTX,180,,,a,
ASN00082076,20030709,MDTX,145,,,a,
ASN00082076,20030803,TMAX,155,,,a,
ASN00082076,20030808,TMAX,120,,,a,
ASN00082076,20030809,TMAX,109,,,a,
ASN00082076,20030810,TMAX,143,,,a,
ASN00082076,20030811,TMAX,83,,,a,
ASN00082076,20030812,TMAX,148,,,a,
ASN00082076,20030813,TMAX,139,,,a,
ASN00082076,20030814,TMAX,138,,,a,
ASN00082076,20030815,TMAX,128,,,a,
ASN00082076,20030816,TMAX,152,,,a,
ASN00082076,20030817,TMAX,121,,,a,
ASN00082076,20030818,TMAX,123,,,a,
ASN00082076,20030819,TMAX,113,,,a,
ASN00082076,20030820,TMAX,140,,,a,
ASN00082076,20030821,TMAX,130,,,a,
ASN00082076,20030824,TMAX,110,,,a,
ASN00082076,20030825,TMAX,105,,,a,
ASN00082076,20030826,TMAX,110,,,a,
ASN00082076,20030827,TMAX,118,,,a,
ASN00082076,20030828,TMAX,115,,,a,
ASN00082076,20030829,TMAX,145,,,a,
ASN00082076,20030830,TMAX,115,,,a,
ASN00082076,20030831,TMAX,86,,,a,
ASN00082076,20030804,TMIN,10,,,a,
ASN00082076,20030809,TMIN,46,,,a,
ASN00082076,20030810,TMIN,-8,,,a,
ASN00082076,20030811,TMIN,3,,,a,
ASN00082076,20030812,TMIN,47,,,a,
ASN00082076,20030813,TMIN,73,,,a,
ASN00082076,20030814,TMIN,56,,,a,
ASN00082076,20030815,TMIN,-11,,,a,
ASN00082076,20030816,TMIN,-6,,,a,
ASN00082076,20030817,TMIN,-12,,,a,
ASN00082076,20030818,TMIN,17,,,a,
ASN00082076,20030819,TMIN,47,,,a,
ASN00082076,20030820,TMIN,-3,,,a,
ASN00082076,20030821,TMIN,-5,,,a,
ASN00082076,20030822,TMIN,29,,,a,
ASN00082076,20030825,TMIN,65,,,a,
ASN00082076,20030826,TMIN,5,,,a,
ASN00082076,20030827,TMIN,30,,,a,
ASN00082076,20030828,TMIN,10,,,a,
ASN00082076,20030829,TMIN,44,,,a,
ASN00082076,20030830,TMIN,40,,,a,
ASN00082076,20030831,TMIN,55,,,a,
ASN00082076,20030801,PRCP,0,,,a,
ASN00082076,20030802,PRCP,0,,,a,
ASN00082076,20030803,PRCP,0,,,a,
ASN00082076,20030804,PRCP,0,,,a,
ASN00082076,20030805,PRCP,8,,,a,
ASN00082076,20030806,PRCP,60,,,a,
ASN00082076,20030807,PRCP,54,,,a,
ASN00082076,20030808,PRCP,2,,,a,
ASN00082076,20030809,PRCP,22,,,a,
ASN00082076,20030810,PRCP,6,,,a,
ASN00082076,20030811,PRCP,12,,,a,
ASN00082076,20030812,PRCP,60,,,a,
ASN00082076,20030813,PRCP,106,,,a,
ASN00082076,20030814,PRCP,666,,,a,
ASN00082076,20030815,PRCP,4,,,a,
ASN00082076,20030816,PRCP,0,,,a,
ASN00082076,20030817,PRCP,2,,,a,
ASN00082076,20030818,PRCP,20,,,a,
ASN00082076,20030819,PRCP,0,,,a,
ASN00082076,20030820,PRCP,0,,,a,
ASN00082076,20030821,PRCP,0,,,a,
ASN00082076,20030822,PRCP,106,,,a,
ASN00082076,20030823,PRCP,6,,,a,
ASN00082076,20030824,PRCP,396,,,a,
ASN00082076,20030825,PRCP,260,,,a,
ASN00082076,20030826,PRCP,44,,,a,
ASN00082076,20030827,PRCP,10,,,a,
ASN00082076,20030828,PRCP,0,,,a,
ASN00082076,20030829,PRCP,0,,,a,
ASN00082076,20030830,PRCP,0,,,a,
ASN00082076,20030831,PRCP,32,,,a,
ASN00082076,20030803,DATN,3,,,a,
ASN00082076,20030808,DATN,4,,,a,
ASN00082076,20030824,DATN,2,,,a,
ASN00082076,20030802,DATX,2,,,a,
ASN00082076,20030807,DATX,4,,,a,
ASN00082076,20030823,DATX,2,,,a,
ASN00082076,20030803,MDTN,5,,,a,
ASN00082076,20030808,MDTN,45,,,a,
ASN00082076,20030824,MDTN,56,,,a,
ASN00082076,20030802,MDTX,134,,,a,
ASN00082076,20030807,MDTX,133,,,a,
ASN00082076,20030823,MDTX,160,,,a,
ASN00082076,20030901,TMAX,133,,,a,
ASN00082076,20030902,TMAX,125,,,a,
ASN00082076,20030903,TMAX,161,,,a,
ASN00082076,20030904,TMAX,182,,,a,
ASN00082076,20030905,TMAX,154,,,a,
ASN00082076,20030906,TMAX,109,,,a,
ASN00082076,20030907,TMAX,157,,,a,
ASN00082076,20030908,TMAX,178,,,a,
ASN00082076,20030909,TMAX,166,,,a,
ASN00082076,20030910,TMAX,172,,,a,
ASN00082076,20030911,TMAX,188,,,a,
ASN00082076,20030912,TMAX,160,,,a,
ASN00082076,20030913,TMAX,137,,,a,
ASN00082076,20030914,TMAX,80,,,a,
ASN00082076,20030915,TMAX,104,,,a,
ASN00082076,20030916,TMAX,113,,,a,
ASN00082076,20030919,TMAX,165,,,a,
ASN00082076,20030920,TMAX,176,,,a,
ASN00082076,20030921,TMAX,213,,,a,
ASN00082076,20030922,TMAX,213,,,a,
ASN00082076,20030923,TMAX,192,,,a,
ASN00082076,20030924,TMAX,149,,,a,
ASN00082076,20030925,TMAX,160,,,a,
ASN00082076,20030926,TMAX,141,,,a,
ASN00082076,20030927,TMAX,110,,,a,
ASN00082076,20030928,TMAX,140,,,a,
ASN00082076,20030929,TMAX,145,,,a,
ASN00082076,20030901,TMIN,7,,,a,
ASN00082076,20030902,TMIN,-13,,,a,
ASN00082076,20030903,TMIN,24,,,a,
ASN00082076,20030904,TMIN,2,,,a,
ASN00082076,20030905,TMIN,19,,,a,
ASN00082076,20030906,TMIN,27,,,a,
ASN00082076,20030907,TMIN,30,,,a,
ASN00082076,20030908,TMIN,63,,,a,
ASN00082076,20030909,TMIN,20,,,a,
ASN00082076,20030910,TMIN,43,,,a,
ASN00082076,20030911,TMIN,56,,,a,
ASN00082076,20030912,TMIN,65,,,a,
ASN00082076,20030913,TMIN,20,,,a,
ASN00082076,20030914,TMIN,48,,,a,
ASN00082076,20030915,TMIN,48,,,a,
ASN00082076,20030916,TMIN,55,,,a,
ASN00082076,20030917,TMIN,75,,,a,
ASN00082076,20030920,TMIN,12,,,a,
ASN00082076,20030921,TMIN,37,,,a,
ASN00082076,20030922,TMIN,57,,,a,
ASN00082076,20030923,TMIN,78,,,a,
ASN00082076,20030924,TMIN,110,,,a,
ASN00082076,20030925,TMIN,97,,,a,
ASN00082076,20030926,TMIN,85,,,a,
ASN00082076,20030927,TMIN,52,,,a,
ASN00082076,20030928,TMIN,-10,,,a,
ASN00082076,20030929,TMIN,62,,,a,
ASN00082076,20030930,TMIN,24,,,a,
ASN00082076,20030901,PRCP,74,,,a,
ASN00082076,20030902,PRCP,0,,,a,
ASN00082076,20030903,PRCP,0,,,a,
ASN00082076,20030904,PRCP,0,,,a,
ASN00082076,20030905,PRCP,0,,,a,
ASN00082076,20030906,PRCP,0,,,a,
ASN00082076,20030907,PRCP,10,,,a,
ASN00082076,20030908,PRCP,0,,,a,
ASN00082076,20030909,PRCP,0,,,a,
ASN00082076,20030910,PRCP,0,,,a,
ASN00082076,20030911,PRCP,38,,,a,
ASN00082076,20030912,PRCP,12,,,a,
ASN00082076,20030913,PRCP,48,,,a,
ASN00082076,20030914,PRCP,150,,,a,
ASN00082076,20030915,PRCP,132,,,a,
ASN00082076,20030916,PRCP,46,,,a,
ASN00082076,20030917,PRCP,28,,,a,
ASN00082076,20030918,PRCP,4,,,a,
ASN00082076,20030919,PRCP,32,,,a,
ASN00082076,20030920,PRCP,56,,,a,
ASN00082076,20030921,PRCP,58,,,a,
ASN00082076,20030922,PRCP,4,,,a,
ASN00082076,20030923,PRCP,2,,,a,
ASN00082076,20030924,PRCP,24,,,a,
ASN00082076,20030925,PRCP,22,,,a,
ASN00082076,20030926,PRCP,110,,,a,
ASN00082076,20030927,PRCP,158,,,a,
ASN00082076,20030928,PRCP,30,,,a,
ASN00082076,20030929,PRCP,4,,,a,
ASN00082076,20030930,PRCP,0,,,a,
ASN00082076,20030919,DATN,2,,,a,
ASN00082076,20030918,DATX,2,,,a,
ASN00082076,20030919,MDTN,83,,,a,
ASN00082076,20030918,MDTX,150,,,a,
ASN00082076,20031003,TMAX,169,,,a,
ASN00082076,20031004,TMAX,177,,,a,
ASN00082076,20031005,TMAX,141,,,a,
ASN00082076,20031006,TMAX,178,,,a,
ASN00082076,20031007,TMAX,192,,,a,
ASN00082076,20031008,TMAX,165,,,a,
ASN00082076,20031009,TMAX,152,,,a,
ASN00082076,20031010,TMAX,135,,,a,
ASN00082076,20031011,TMAX,128,,,a,
ASN00082076,20031012,TMAX,163,,,a,
ASN00082076,20031013,TMAX,212,,,a,
ASN00082076,20031014,TMAX,218,,,a,
ASN00082076,20031015,TMAX,189,,,a,
ASN00082076,20031016,TMAX,211,,,a,
ASN00082076,20031017,TMAX,226,,,a,
ASN00082076,20031018,TMAX,250,,,a,
ASN00082076,20031019,TMAX,207,,,a,
ASN00082076,20031020,TMAX,162,,,a,
ASN00082076,20031021,TMAX,182,,,a,
ASN00082076,20031022,TMAX,165,,,a,
ASN00082076,20031023,TMAX,150,,,a,
ASN00082076,20031024,TMAX,210,,,a,
ASN00082076,20031025,TMAX,145,,,a,
ASN00082076,20031026,TMAX,190,,,a,
ASN00082076,20031027,TMAX,175,,,a,
ASN00082076,20031028,TMAX,135,,,a,
ASN00082076,20031029,TMAX,162,,,a,
ASN00082076,20031030,TMAX,150,,,a,
ASN00082076,20031031,TMAX,146,,,a,
ASN00082076,20031004,TMIN,54,,,a,
ASN00082076,20031005,TMIN,69,,,a,
ASN00082076,20031006,TMIN,72,,,a,
ASN00082076,20031007,TMIN,44,,,a,
ASN00082076,20031008,TMIN,71,,,a,
ASN00082076,20031009,TMIN,58,,,a,
ASN00082076,20031010,TMIN,63,,,a,
ASN00082076,20031011,TMIN,26,,,a,
ASN00082076,20031012,TMIN,59,,,a,
ASN00082076,20031013,TMIN,40,,,a,
ASN00082076,20031014,TMIN,58,,,a,
ASN00082076,20031015,TMIN,50,,,a,
ASN00082076,20031016,TMIN,100,,,a,
ASN00082076,20031017,TMIN,78,,,a,
ASN00082076,20031018,TMIN,75,,,a,
ASN00082076,20031019,TMIN,113,,,a,
ASN00082076,20031020,TMIN,55,,,a,
ASN00082076,20031021,TMIN,91,,,a,
ASN00082076,20031022,TMIN,86,,,a,
ASN00082076,20031023,TMIN,43,,,a,
ASN00082076,20031024,TMIN,60,,,a,
ASN00082076,20031025,TMIN,71,,,a,
ASN00082076,20031026,TMIN,98,,,a,
ASN00082076,20031027,TMIN,76,,,a,
ASN00082076,20031028,TMIN,75,,,a,
ASN00082076,20031029,TMIN,100,,,a,
ASN00082076,20031030,TMIN,54,,,a,
ASN00082076,20031031,TMIN,47,,,a,
ASN00082076,20031001,PRCP,0,,,a,
ASN00082076,20031002,PRCP,219,,,a,
ASN00082076,20031003,PRCP,6,,,a,
ASN00082076,20031004,PRCP,0,,,a,
ASN00082076,20031005,PRCP,22,,,a,
ASN00082076,20031006,PRCP,26,,,a,
ASN00082076,20031007,PRCP,51,,,a,
ASN00082076,20031008,PRCP,0,,,a,
ASN00082076,20031009,PRCP,0,,,a,
ASN00082076,20031010,PRCP,6,,,a,
ASN00082076,20031011,PRCP,22,,,a,
ASN00082076,20031012,PRCP,0,,,a,
ASN00082076,20031013,PRCP,0,,,a,
ASN00082076,20031014,PRCP,0,,,a,
ASN00082076,20031015,PRCP,0,,,a,
ASN00082076,20031016,PRCP,194,,,a,
ASN00082076,20031017,PRCP,0,,,a,
ASN00082076,20031018,PRCP,0,,,a,
ASN00082076,20031019,PRCP,0,,,a,
ASN00082076,20031020,PRCP,140,,,a,
ASN00082076,20031021,PRCP,0,,,a,
ASN00082076,20031022,PRCP,58,,,a,
ASN00082076,20031023,PRCP,2,,,a,
ASN00082076,20031024,PRCP,34,,,a,
ASN00082076,20031025,PRCP,4,,,a,
ASN00082076,20031026,PRCP,76,,,a,
ASN00082076,20031027,PRCP,0,,,a,
ASN00082076,20031028,PRCP,0,,,a,
ASN00082076,20031029,PRCP,26,,,a,
ASN00082076,20031030,PRCP,4,,,a,
ASN00082076,20031031,PRCP,0,,,a,
ASN00082076,20031003,DATN,3,,,a,
ASN00082076,20031002,DATX,2,,,a,
ASN00082076,20031003,MDTN,57,,,a,
ASN00082076,20031002,MDTX,132,,,a,
ASN00082076,20031101,TMAX,145,,,a,
ASN00082076,20031102,TMAX,163,,,a,
ASN00082076,20031103,TMAX,198,,,a,
ASN00082076,20031104,TMAX,214,,,a,
ASN00082076,20031105,TMAX,261,,,a,
ASN00082076,20031106,TMAX,268,,,a,
ASN00082076,20031107,TMAX,272,,,a,
ASN00082076,20031108,TMAX,258,,,a,
ASN00082076,20031109,TMAX,266,,,a,
ASN00082076,20031110,TMAX,268,,,a,
ASN00082076,20031111,TMAX,272,,,a,
ASN00082076,20031112,TMAX,239,,,a,
ASN00082076,20031113,TMAX,272,,,a,
ASN00082076,20031114,TMAX,284,,,a,
ASN00082076,20031115,TMAX,327,,,a,
ASN00082076,20031116,TMAX,198,,,a,
ASN00082076,20031117,TMAX,232,,,a,
ASN00082076,20031118,TMAX,238,,,a,
ASN00082076,20031119,TMAX,311,,,a,
ASN00082076,20031120,TMAX,320,,,a,
ASN00082076,20031121,TMAX,230,,,a,
ASN00082076,20031122,TMAX,160,,,a,
ASN00082076,20031123,TMAX,185,,,a,
ASN00082076,20031124,TMAX,190,,,a,
ASN00082076,20031125,TMAX,210,,,a,
ASN00082076,20031126,TMAX,225,,,a,
ASN00082076,20031127,TMAX,264,,,a,
ASN00082076,20031128,TMAX,280,,,a,
ASN00082076,20031129,TMAX,295,,,a,
ASN00082076,20031130,TMAX,206,,,a,
ASN00082076,20031101,TMIN,65,,,a,
ASN00082076,20031102,TMIN,86,,,a,
ASN00082076,20031103,TMIN,34,,,a,
ASN00082076,20031104,TMIN,42,,,a,
ASN00082076,20031105,TMIN,52,,,a,
ASN00082076,20031106,TMIN,117,,,a,
ASN00082076,20031107,TMIN,104,,,a,
ASN00082076,20031108,TMIN,92,,,a,
ASN00082076,20031109,TMIN,94,,,a,
ASN00082076,20031110,TMIN,105,,,a,
ASN00082076,20031111,TMIN,86,,,a,
ASN00082076,20031112,TMIN,112,,,a,
ASN00082076,20031113,TMIN,112,,,a,
ASN00082076,20031114,TMIN,86,,,a,
ASN00082076,20031115,TMIN,120,,,a,
ASN00082076,20031116,TMIN,124,,,a,
ASN00082076,20031117,TMIN,103,,,a,
ASN00082076,20031118,TMIN,63,,,a,
ASN00082076,20031119,TMIN,107,,,a,
ASN00082076,20031120,TMIN,194,,,a,
ASN00082076,20031121,TMIN,176,,,a,
ASN00082076,20031122,TMIN,145,,,a,
ASN00082076,20031123,TMIN,110,,,a,
ASN00082076,20031124,TMIN,116,,,a,
ASN00082076,20031125,TMIN,111,,,a,
ASN00082076,20031126,TMIN,119,,,a,
ASN00082076,20031127,TMIN,125,,,a,
ASN00082076,20031128,TMIN,92,,,a,
ASN00082076,20031129,TMIN,110,,,a,
ASN00082076,20031130,TMIN,126,,,a,
ASN00082076,20031101,PRCP,68,,,a,
ASN00082076,20031102,PRCP,32,,,a,
ASN00082076,20031103,PRCP,4,,,a,
ASN00082076,20031104,PRCP,0,,,a,
ASN00082076,20031105,PRCP,0,,,a,
ASN00082076,20031106,PRCP,0,,,a,
ASN00082076,20031107,PRCP,0,,,a,
ASN00082076,20031108,PRCP,0,,,a,
ASN00082076,20031109,PRCP,0,,,a,
ASN00082076,20031110,PRCP,0,,,a,
ASN00082076,20031111,PRCP,0,,,a,
ASN00082076,20031112,PRCP,0,,,a,
ASN00082076,20031113,PRCP,0,,,a,
ASN00082076,20031114,PRCP,0,,,a,
ASN00082076,20031115,PRCP,0,,,a,
ASN00082076,20031116,PRCP,0,,,a,
ASN00082076,20031117,PRCP,0,,,a,
ASN00082076,20031118,PRCP,0,,,a,
ASN00082076,20031119,PRCP,0,,,a,
ASN00082076,20031120,PRCP,2,,,a,
ASN00082076,20031121,PRCP,292,,,a,
ASN00082076,20031122,PRCP,48,,,a,
ASN00082076,20031123,PRCP,110,,,a,
ASN00082076,20031124,PRCP,4,,,a,
ASN00082076,20031125,PRCP,0,,,a,
ASN00082076,20031126,PRCP,0,,,a,
ASN00082076,20031127,PRCP,0,,,a,
ASN00082076,20031128,PRCP,0,,,a,
ASN00082076,20031129,PRCP,0,,,a,
ASN00082076,20031130,PRCP,0,,,a,
ASN00082076,20031201,TMAX,248,,,a,
ASN00082076,20031202,TMAX,248,,,a,
ASN00082076,20031203,TMAX,260,,,a,
ASN00082076,20031204,TMAX,272,,,a,
ASN00082076,20031205,TMAX,194,,,a,
ASN00082076,20031206,TMAX,274,,,a,
ASN00082076,20031207,TMAX,286,,,a,
ASN00082076,20031208,TMAX,296,,,a,
ASN00082076,20031209,TMAX,315,,,a,
ASN00082076,20031210,TMAX,325,,,a,
ASN00082076,20031211,TMAX,266,,,a,
ASN00082076,20031212,TMAX,278,,,a,
ASN00082076,20031213,TMAX,233,,,a,
ASN00082076,20031214,TMAX,287,,,a,
ASN00082076,20031215,TMAX,318,,,a,
ASN00082076,20031216,TMAX,329,,,a,
ASN00082076,20031217,TMAX,339,,,a,
ASN00082076,20031218,TMAX,291,,,a,
ASN00082076,20031219,TMAX,300,,,a,
ASN00082076,20031220,TMAX,203,,,a,
ASN00082076,20031221,TMAX,272,,,a,
ASN00082076,20031222,TMAX,172,,,a,
ASN00082076,20031223,TMAX,264,,,a,
ASN00082076,20031224,TMAX,290,,,a,
ASN00082076,20031225,TMAX,315,,,a,
ASN00082076,20031226,TMAX,296,,,a,
ASN00082076,20031227,TMAX,262,,,a,
ASN00082076,20031228,TMAX,272,,,a,
ASN00082076,20031229,TMAX,304,,,a,
ASN00082076,20031230,TMAX,350,,,a,
ASN00082076,20031231,TMAX,335,,,a,
ASN00082076,20031201,TMIN,150,,,a,
ASN00082076,20031202,TMIN,136,,,a,
ASN00082076,20031203,TMIN,152,,,a,
ASN00082076,20031204,TMIN,137,,,a,
ASN00082076,20031205,TMIN,158,,,a,
ASN00082076,20031206,TMIN,116,,,a,
ASN00082076,20031207,TMIN,133,,,a,
ASN00082076,20031208,TMIN,142,,,a,
ASN00082076,20031209,TMIN,142,,,a,
ASN00082076,20031210,TMIN,172,,,a,
ASN00082076,20031211,TMIN,168,,,a,
ASN00082076,20031212,TMIN,109,,,a,
ASN00082076,20031213,TMIN,129,,,a,
ASN00082076,20031214,TMIN,100,,,a,
ASN00082076,20031215,TMIN,135,,,a,
ASN00082076,20031216,TMIN,148,,,a,
ASN00082076,20031217,TMIN,156,,,a,
ASN00082076,20031218,TMIN,160,,,a,
ASN00082076,20031219,TMIN,186,,,a,
ASN00082076,20031220,TMIN,132,,,a,
ASN00082076,20031221,TMIN,147,,,a,
ASN00082076,20031222,TMIN,139,,,a,
ASN00082076,20031223,TMIN,123,,,a,
ASN00082076,20031224,TMIN,123,,,a,
ASN00082076,20031225,TMIN,125,,,a,
ASN00082076,20031226,TMIN,132,,,a,
ASN00082076,20031227,TMIN,138,,,a,
ASN00082076,20031228,TMIN,145,,,a,
ASN00082076,20031229,TMIN,117,,,a,
ASN00082076,20031230,TMIN,142,,,a,
ASN00082076,20031231,TMIN,188,,,a,
ASN00082076,20031201,PRCP,112,,,a,
ASN00082076,20031202,PRCP,98,,,a,
ASN00082076,20031203,PRCP,60,,,a,
ASN00082076,20031204,PRCP,166,,,a,
ASN00082076,20031205,PRCP,228,,,a,
ASN00082076,20031206,PRCP,0,,,a,
ASN00082076,20031207,PRCP,0,,,a,
ASN00082076,20031208,PRCP,0,,,a,
ASN00082076,20031209,PRCP,0,,,a,
ASN00082076,20031210,PRCP,0,,,a,
ASN00082076,20031211,PRCP,0,,,a,
ASN00082076,20031212,PRCP,0,,,a,
ASN00082076,20031213,PRCP,0,,,a,
ASN00082076,20031214,PRCP,0,,,a,
ASN00082076,20031215,PRCP,0,,,a,
ASN00082076,20031216,PRCP,0,,,a,
ASN00082076,20031217,PRCP,0,,,a,
ASN00082076,20031218,PRCP,0,,,a,
ASN00082076,20031219,PRCP,84,,,a,
ASN00082076,20031220,PRCP,134,,,a,
ASN00082076,20031221,PRCP,232,,,a,
ASN00082076,20031222,PRCP,582,,,a,
ASN00082076,20031223,PRCP,18,,,a,
ASN00082076,20031224,PRCP,0,,,a,
ASN00082076,20031225,PRCP,0,,,a,
ASN00082076,20031226,PRCP,0,,,a,
ASN00082076,20031227,PRCP,0,,,a,
ASN00082076,20031228,PRCP,0,,,a,
ASN00082076,20031229,PRCP,0,,,a,
ASN00082076,20031230,PRCP,0,,,a,
ASN00082076,20031231,PRCP,0,,,a,
ASN00082076,20040101,TMAX,345,,,a,
ASN00082076,20040102,TMAX,356,,,a,
ASN00082076,20040103,TMAX,362,,,a,
ASN00082076,20040104,TMAX,315,,,a,
ASN00082076,20040105,TMAX,304,,,a,
ASN00082076,20040106,TMAX,217,,,a,
ASN00082076,20040107,TMAX,207,,,a,
ASN00082076,20040108,TMAX,185,,,a,
ASN00082076,20040109,TMAX,240,,,a,
ASN00082076,20040110,TMAX,270,,,a,
ASN00082076,20040111,TMAX,286,,,a,
ASN00082076,20040114,TMAX,286,,,a,
ASN00082076,20040115,TMAX,310,,,a,
ASN00082076,20040116,TMAX,312,,,a,
ASN00082076,20040117,TMAX,259,,,a,
ASN00082076,20040118,TMAX,215,,,a,
ASN00082076,20040119,TMAX,277,,,a,
ASN00082076,20040120,TMAX,337,,,a,
ASN00082076,20040121,TMAX,330,,,a,
ASN00082076,20040122,TMAX,296,,,a,
ASN00082076,20040123,TMAX,293,,,a,
ASN00082076,20040124,TMAX,298,,,a,
ASN00082076,20040125,TMAX,301,,,a,
ASN00082076,20040126,TMAX,284,,,a,
ASN00082076,20040127,TMAX,292,,,a,
ASN00082076,20040128,TMAX,266,,,a,
ASN00082076,20040129,TMAX,225,,,a,
ASN00082076,20040130,TMAX,200,,,a,
ASN00082076,20040131,TMAX,211,,,a,
ASN00082076,20040101,TMIN,158,,,a,
ASN00082076,20040102,TMIN,158,,,a,
ASN00082076,20040103,TMIN,195,,,a,
ASN00082076,20040104,TMIN,200,,,a,
ASN00082076,20040105,TMIN,176,,,a,
ASN00082076,20040106,TMIN,162,,,a,
ASN00082076,20040107,TMIN,132,,,a,
ASN00082076,20040108,TMIN,109,,,a,
ASN00082076,20040109,TMIN,65,,,a,
ASN00082076,20040110,TMIN,81,,,a,
ASN00082076,20040111,TMIN,108,,,a,
ASN00082076,20040112,TMIN,119,,,a,
ASN00082076,20040115,TMIN,111,,,a,
ASN00082076,20040116,TMIN,152,,,a,
ASN00082076,20040117,TMIN,175,,,a,
ASN00082076,20040118,TMIN,76,,,a,
ASN00082076,20040119,TMIN,86,,,a,
ASN00082076,20040120,TMIN,120,,,a,
ASN00082076,20040121,TMIN,162,,,a,
ASN00082076,20040122,TMIN,111,,,a,
ASN00082076,20040123,TMIN,141,,,a,
ASN00082076,20040124,TMIN,130,,,a,
ASN00082076,20040125,TMIN,163,,,a,
ASN00082076,20040126,TMIN,171,,,a,
ASN00082076,20040127,TMIN,167,,,a,
ASN00082076,20040128,TMIN,98,,,a,
ASN00082076,20040129,TMIN,84,,,a,
ASN00082076,20040130,TMIN,122,,,a,
ASN00082076,20040131,TMIN,114,,,a,
ASN00082076,20040101,PRCP,0,,,a,
ASN00082076,20040102,PRCP,0,,,a,
ASN00082076,20040103,PRCP,0,,,a,
ASN00082076,20040104,PRCP,0,,,a,
ASN00082076,20040105,PRCP,0,,,a,
ASN00082076,20040106,PRCP,0,,,a,
ASN00082076,20040107,PRCP,70,,,a,
ASN00082076,20040108,PRCP,78,,,a,
ASN00082076,20040109,PRCP,0,,,a,
ASN00082076,20040110,PRCP,0,,,a,
ASN00082076,20040111,PRCP,0,,,a,
ASN00082076,20040112,PRCP,0,,,a,
ASN00082076,20040113,PRCP,0,,,a,
ASN00082076,20040114,PRCP,0,,,a,
ASN00082076,20040115,PRCP,0,,,a,
ASN00082076,20040116,PRCP,0,,,a,
ASN00082076,20040117,PRCP,30,,,a,
ASN00082076,20040118,PRCP,0,,,a,
ASN00082076,20040119,PRCP,0,,,a,
ASN00082076,20040120,PRCP,0,,,a,
ASN00082076,20040121,PRCP,0,,,a,
ASN00082076,20040122,PRCP,120,,,a,
ASN00082076,20040123,PRCP,0,,,a,
ASN00082076,20040124,PRCP,0,,,a,
ASN00082076,20040125,PRCP,0,,,a,
ASN00082076,20040126,PRCP,0,,,a,
ASN00082076,20040127,PRCP,0,,,a,
ASN00082076,20040128,PRCP,0,,,a,
ASN00082076,20040129,PRCP,0,,,a,
ASN00082076,20040130,PRCP,44,,,a,
ASN00082076,20040131,PRCP,18,,,a,
ASN00082076,20040114,DATN,2,,,a,
ASN00082076,20040113,DATX,2,,,a,
ASN00082076,20040114,MDTN,110,,,a,
ASN00082076,20040113,MDTX,310,,,a,
ASN00082076,20040201,TMAX,262,,,a,
ASN00082076,20040202,TMAX,250,,,a,
ASN00082076,20040203,TMAX,235,,,a,
ASN00082076,20040204,TMAX,284,,,a,
ASN00082076,20040205,TMAX,318,,,a,
ASN00082076,20040206,TMAX,350,,,a,
ASN00082076,20040207,TMAX,365,,,a,
ASN00082076,20040208,TMAX,370,,,a,
ASN00082076,20040209,TMAX,288,,,a,
ASN00082076,20040210,TMAX,290,,,a,
ASN00082076,20040211,TMAX,245,,,a,
ASN00082076,20040212,TMAX,337,,,a,
ASN00082076,20040213,TMAX,368,,,a,
ASN00082076,20040214,TMAX,380,,,a,
ASN00082076,20040215,TMAX,430,,,a,
ASN00082076,20040216,TMAX,318,,,a,
ASN00082076,20040217,TMAX,326,,,a,
ASN00082076,20040218,TMAX,347,,,a,
ASN00082076,20040219,TMAX,325,,,a,
ASN00082076,20040220,TMAX,350,,,a,
ASN00082076,20040221,TMAX,315,,,a,
ASN00082076,20040222,TMAX,236,,,a,
ASN00082076,20040223,TMAX,246,,,a,
ASN00082076,20040224,TMAX,288,,,a,
ASN00082076,20040225,TMAX,270,,,a,
ASN00082076,20040226,TMAX,281,,,a,
ASN00082076,20040227,TMAX,303,,,a,
ASN00082076,20040228,TMAX,291,,,a,
ASN00082076,20040229,TMAX,241,,,a,
ASN00082076,20040201,TMIN,119,,,a,
ASN00082076,20040202,TMIN,119,,,a,
ASN00082076,20040203,TMIN,130,,,a,
ASN00082076,20040204,TMIN,118,,,a,
ASN00082076,20040205,TMIN,120,,,a,
ASN00082076,20040206,TMIN,114,,,a,
ASN00082076,20040207,TMIN,143,,,a,
ASN00082076,20040208,TMIN,161,,,a,
ASN00082076,20040209,TMIN,190,,,a,
ASN00082076,20040210,TMIN,133,,,a,
ASN00082076,20040211,TMIN,165,,,a,
ASN00082076,20040212,TMIN,164,,,a,
ASN00082076,20040213,TMIN,168,,,a,
ASN00082076,20040214,TMIN,166,,,a,
ASN00082076,20040215,TMIN,204,,,a,
ASN00082076,20040216,TMIN,217,,,a,
ASN00082076,20040217,TMIN,121,,,a,
ASN00082076,20040218,TMIN,185,,,a,
ASN00082076,20040219,TMIN,122,,,a,
ASN00082076,20040220,TMIN,112,,,a,
ASN00082076,20040221,TMIN,169,,,a,
ASN00082076,20040222,TMIN,139,,,a,
ASN00082076,20040223,TMIN,75,,,a,
ASN00082076,20040224,TMIN,84,,,a,
ASN00082076,20040225,TMIN,121,,,a,
ASN00082076,20040226,TMIN,94,,,a,
ASN00082076,20040227,TMIN,96,,,a,
ASN00082076,20040228,TMIN,129,,,a,
ASN00082076,20040229,TMIN,99,,,a,
ASN00082076,20040201,PRCP,34,,,a,
ASN00082076,20040202,PRCP,0,,,a,
ASN00082076,20040203,PRCP,260,,,a,
ASN00082076,20040204,PRCP,0,,,a,
ASN00082076,20040205,PRCP,0,,,a,
ASN00082076,20040206,PRCP,0,,,a,
ASN00082076,20040207,PRCP,0,,,a,
ASN00082076,20040208,PRCP,0,,,a,
ASN00082076,20040209,PRCP,0,,,a,
ASN00082076,20040210,PRCP,0,,,a,
ASN00082076,20040211,PRCP,2,,,a,
ASN00082076,20040212,PRCP,18,,,a,
ASN00082076,20040213,PRCP,0,,,a,
ASN00082076,20040214,PRCP,0,,,a,
ASN00082076,20040215,PRCP,0,,,a,
ASN00082076,20040216,PRCP,0,,,a,
ASN00082076,20040217,PRCP,0,,,a,
ASN00082076,20040218,PRCP,0,,,a,
ASN00082076,20040219,PRCP,0,,,a,
ASN00082076,20040220,PRCP,0,,,a,
ASN00082076,20040221,PRCP,0,,,a,
ASN00082076,20040222,PRCP,32,,,a,
ASN00082076,20040223,PRCP,0,,,a,
ASN00082076,20040224,PRCP,0,,,a,
ASN00082076,20040225,PRCP,0,,,a,
ASN00082076,20040226,PRCP,0,,,a,
ASN00082076,20040227,PRCP,0,,,a,
ASN00082076,20040228,PRCP,0,,,a,
ASN00082076,20040229,PRCP,0,,,a,
ASN00082076,20040301,TMAX,265,,,a,
ASN00082076,20040302,TMAX,297,,,a,
ASN00082076,20040303,TMAX,317,,,a,
ASN00082076,20040304,TMAX,295,,,a,
ASN00082076,20040305,TMAX,340,,,a,
ASN00082076,20040306,TMAX,310,,,a,
ASN00082076,20040307,TMAX,320,,,a,
ASN00082076,20040308,TMAX,290,,,a,
ASN00082076,20040311,TMAX,265,,,a,
ASN00082076,20040312,TMAX,265,,,a,
ASN00082076,20040313,TMAX,275,,,a,
ASN00082076,20040314,TMAX,280,,,a,
ASN00082076,20040315,TMAX,282,,,a,
ASN00082076,20040316,TMAX,285,,,a,
ASN00082076,20040317,TMAX,275,,,a,
ASN00082076,20040318,TMAX,275,,,a,
ASN00082076,20040319,TMAX,280,,,a,
ASN00082076,20040320,TMAX,281,,,a,
ASN00082076,20040321,TMAX,250,,,a,
ASN00082076,20040322,TMAX,276,,,a,
ASN00082076,20040323,TMAX,283,,,a,
ASN00082076,20040324,TMAX,281,,,a,
ASN00082076,20040325,TMAX,287,,,a,
ASN00082076,20040326,TMAX,293,,,a,
ASN00082076,20040327,TMAX,284,,,a,
ASN00082076,20040328,TMAX,296,,,a,
ASN00082076,20040329,TMAX,259,,,a,
ASN00082076,20040330,TMAX,171,,,a,
ASN00082076,20040301,TMIN,107,,,a,
ASN00082076,20040302,TMIN,85,,,a,
ASN00082076,20040303,TMIN,82,,,a,
ASN00082076,20040304,TMIN,89,,,a,
ASN00082076,20040305,TMIN,100,,,a,
ASN00082076,20040306,TMIN,140,,,a,
ASN00082076,20040307,TMIN,145,,,a,
ASN00082076,20040308,TMIN,150,,,a,
ASN00082076,20040309,TMIN,110,,,a,
ASN00082076,20040312,TMIN,118,,,a,
ASN00082076,20040313,TMIN,94,,,a,
ASN00082076,20040314,TMIN,94,,,a,
ASN00082076,20040315,TMIN,94,,,a,
ASN00082076,20040316,TMIN,148,,,a,
ASN00082076,20040317,TMIN,145,,,a,
ASN00082076,20040318,TMIN,137,,,a,
ASN00082076,20040319,TMIN,75,,,a,
ASN00082076,20040320,TMIN,65,,,a,
ASN00082076,20040321,TMIN,79,,,a,
ASN00082076,20040322,TMIN,133,,,a,
ASN00082076,20040323,TMIN,107,,,a,
ASN00082076,20040324,TMIN,79,,,a,
ASN00082076,20040325,TMIN,74,,,a,
ASN00082076,20040326,TMIN,69,,,a,
ASN00082076,20040327,TMIN,79,,,a,
ASN00082076,20040328,TMIN,90,,,a,
ASN00082076,20040329,TMIN,114,,,a,
ASN00082076,20040330,TMIN,97,,,a,
ASN00082076,20040331,TMIN,76,,,a,
ASN00082076,20040301,PRCP,0,,,a,
ASN00082076,20040302,PRCP,0,,,a,
ASN00082076,20040303,PRCP,0,,,a,
ASN00082076,20040304,PRCP,0,,,a,
ASN00082076,20040305,PRCP,0,,,a,
ASN00082076,20040306,PRCP,0,,,a,
ASN00082076,20040307,PRCP,0,,,a,
ASN00082076,20040308,PRCP,0,,,a,
ASN00082076,20040309,PRCP,0,,,a,
ASN00082076,20040310,PRCP,38,,,a,
ASN00082076,20040311,PRCP,0,,,a,
ASN00082076,20040312,PRCP,0,,,a,
ASN00082076,20040313,PRCP,0,,,a,
ASN00082076,20040314,PRCP,0,,,a,
ASN00082076,20040315,PRCP,0,,,a,
ASN00082076,20040316,PRCP,0,,,a,
ASN00082076,20040317,PRCP,0,,,a,
ASN00082076,20040318,PRCP,0,,,a,
ASN00082076,20040319,PRCP,0,,,a,
ASN00082076,20040320,PRCP,0,,,a,
ASN00082076,20040321,PRCP,0,,,a,
ASN00082076,20040322,PRCP,0,,,a,
ASN00082076,20040323,PRCP,0,,,a,
ASN00082076,20040324,PRCP,0,,,a,
ASN00082076,20040325,PRCP,0,,,a,
ASN00082076,20040326,PRCP,0,,,a,
ASN00082076,20040327,PRCP,0,,,a,
ASN00082076,20040328,PRCP,0,,,a,
ASN00082076,20040329,PRCP,0,,,a,
ASN00082076,20040330,PRCP,0,,,a,
ASN00082076,20040331,PRCP,0,,,a,
ASN00082076,20040311,DATN,2,,,a,
ASN00082076,20040310,DATX,2,,,a,
ASN00082076,20040311,MDTN,80,,,a,
ASN00082076,20040310,MDTX,260,,,a,
ASN00082076,20040401,TMAX,215,,,a,
ASN00082076,20040402,TMAX,250,,,a,
ASN00082076,20040403,TMAX,265,,,a,
ASN00082076,20040406,TMAX,210,,,a,
ASN00082076,20040409,TMAX,243,,,a,
ASN00082076,20040410,TMAX,248,,,a,
ASN00082076,20040411,TMAX,232,,,a,
ASN00082076,20040414,TMAX,298,,,a,
ASN00082076,20040415,TMAX,302,,,a,
ASN00082076,20040416,TMAX,244,,,a,
ASN00082076,20040417,TMAX,173,,,a,
ASN00082076,20040418,TMAX,201,,,a,
ASN00082076,20040419,TMAX,200,,,a,
ASN00082076,20040420,TMAX,212,,,a,
ASN00082076,20040421,TMAX,239,,,a,
ASN00082076,20040422,TMAX,253,,,a,
ASN00082076,20040423,TMAX,192,,,a,
ASN00082076,20040424,TMAX,128,,,a,
ASN00082076,20040425,TMAX,127,,,a,
ASN00082076,20040426,TMAX,188,,,a,
ASN00082076,20040427,TMAX,173,,,a,
ASN00082076,20040428,TMAX,211,,,a,
ASN00082076,20040429,TMAX,185,,,a,
ASN00082076,20040430,TMAX,115,,,a,
ASN00082076,20040403,TMIN,70,,,a,
ASN00082076,20040404,TMIN,115,,,a,
ASN00082076,20040407,TMIN,110,,,a,
ASN00082076,20040410,TMIN,76,,,a,
ASN00082076,20040411,TMIN,96,,,a,
ASN00082076,20040412,TMIN,68,,,a,
ASN00082076,20040415,TMIN,116,,,a,
ASN00082076,20040416,TMIN,123,,,a,
ASN00082076,20040417,TMIN,85,,,a,
ASN00082076,20040418,TMIN,17,,,a,
ASN00082076,20040419,TMIN,44,,,a,
ASN00082076,20040420,TMIN,14,,,a,
ASN00082076,20040421,TMIN,27,,,a,
ASN00082076,20040422,TMIN,32,,,a,
ASN00082076,20040423,TMIN,56,,,a,
ASN00082076,20040424,TMIN,79,,,a,
ASN00082076,20040425,TMIN,75,,,a,
ASN00082076,20040426,TMIN,90,,,a,
ASN00082076,20040427,TMIN,71,,,a,
ASN00082076,20040428,TMIN,48,,,a,
ASN00082076,20040429,TMIN,50,,,a,
ASN00082076,20040430,TMIN,70,,,a,
ASN00082076,20040401,PRCP,0,,,a,
ASN00082076,20040402,PRCP,0,,,a,
ASN00082076,20040403,PRCP,0,,,a,
ASN00082076,20040404,PRCP,0,,,a,
ASN00082076,20040405,PRCP,0,,,a,
ASN00082076,20040406,PRCP,0,,,a,
ASN00082076,20040407,PRCP,4,,,a,
ASN00082076,20040408,PRCP,0,,,a,
ASN00082076,20040409,PRCP,0,,,a,
ASN00082076,20040410,PRCP,0,,,a,
ASN00082076,20040411,PRCP,0,,,a,
ASN00082076,20040412,PRCP,0,,,a,
ASN00082076,20040413,PRCP,0,,,a,
ASN00082076,20040414,PRCP,0,,,a,
ASN00082076,20040415,PRCP,0,,,a,
ASN00082076,20040416,PRCP,0,,,a,
ASN00082076,20040417,PRCP,6,,,a,
ASN00082076,20040418,PRCP,2,,,a,
ASN00082076,20040419,PRCP,0,,,a,
ASN00082076,20040420,PRCP,0,,,a,
ASN00082076,20040421,PRCP,0,,,a,
ASN00082076,20040422,PRCP,0,,,a,
ASN00082076,20040423,PRCP,0,,,a,
ASN00082076,20040424,PRCP,434,,,a,
ASN00082076,20040425,PRCP,12,,,a,
ASN00082076,20040426,PRCP,0,,,a,
ASN00082076,20040427,PRCP,0,,,a,
ASN00082076,20040428,PRCP,0,,,a,
ASN00082076,20040429,PRCP,0,,,a,
ASN00082076,20040430,PRCP,16,,,a,
ASN00082076,20040402,DATN,2,,,a,
ASN00082076,20040406,DATN,2,,,a,
ASN00082076,20040409,DATN,2,,,a,
ASN00082076,20040414,DATN,2,,,a,
ASN00082076,20040405,DATX,2,,,a,
ASN00082076,20040408,DATX,2,,,a,
ASN00082076,20040413,DATX,2,,,a,
ASN00082076,20040402,MDTN,40,,,a,
ASN00082076,20040406,MDTN,97,,,a,
ASN00082076,20040409,MDTN,58,,,a,
ASN00082076,20040414,MDTN,97,,,a,
ASN00082076,20040405,MDTX,273,,,a,
ASN00082076,20040408,MDTX,245,,,a,
ASN00082076,20040413,MDTX,244,,,a,
ASN00082076,20040501,TMAX,140,,,a,
ASN00082076,20040502,TMAX,138,,,a,
ASN00082076,20040507,TMAX,185,,,a,
ASN00082076,20040508,TMAX,182,,,a,
ASN00082076,20040509,TMAX,158,,,a,
ASN00082076,20040510,TMAX,152,,,a,
ASN00082076,20040511,TMAX,146,,,a,
ASN00082076,20040514,TMAX,181,,,a,
ASN00082076,20040515,TMAX,162,,,a,
ASN00082076,20040516,TMAX,142,,,a,
ASN00082076,20040517,TMAX,162,,,a,
ASN00082076,20040518,TMAX,112,,,a,
ASN00082076,20040519,TMAX,138,,,a,
ASN00082076,20040520,TMAX,123,,,a,
ASN00082076,20040521,TMAX,177,,,a,
ASN00082076,20040522,TMAX,175,,,a,
ASN00082076,20040523,TMAX,162,,,a,
ASN00082076,20040524,TMAX,143,,,a,
ASN00082076,20040525,TMAX,154,,,a,
ASN00082076,20040526,TMAX,148,,,a,
ASN00082076,20040527,TMAX,130,,,a,
ASN00082076,20040528,TMAX,110,,,a,
ASN00082076,20040529,TMAX,120,,,a,
ASN00082076,20040530,TMAX,105,,,a,
ASN00082076,20040501,TMIN,81,,,a,
ASN00082076,20040502,TMIN,40,,,a,
ASN00082076,20040503,TMIN,66,,,a,
ASN00082076,20040508,TMIN,25,,,a,
ASN00082076,20040509,TMIN,70,,,a,
ASN00082076,20040510,TMIN,89,,,a,
ASN00082076,20040511,TMIN,9,,,a,
ASN00082076,20040512,TMIN,91,,,a,
ASN00082076,20040515,TMIN,9,,,a,
ASN00082076,20040516,TMIN,27,,,a,
ASN00082076,20040517,TMIN,18,,,a,
ASN00082076,20040518,TMIN,34,,,a,
ASN00082076,20040519,TMIN,29,,,a,
ASN00082076,20040520,TMIN,31,,,a,
ASN00082076,20040521,TMIN,69,,,a,
ASN00082076,20040522,TMIN,39,,,a,
ASN00082076,20040523,TMIN,34,,,a,
ASN00082076,20040524,TMIN,63,,,a,
ASN00082076,20040525,TMIN,106,,,a,
ASN00082076,20040526,TMIN,81,,,a,
ASN00082076,20040527,TMIN,13,,,a,
ASN00082076,20040528,TMIN,25,,,a,
ASN00082076,20040529,TMIN,0,,,a,
ASN00082076,20040530,TMIN,-10,,,a,
ASN00082076,20040531,TMIN,25,,,a,
ASN00082076,20040501,PRCP,60,,,a,
ASN00082076,20040502,PRCP,124,,,a,
ASN00082076,20040503,PRCP,15,,,a,
ASN00082076,20040506,PRCP,0,,,a,
ASN00082076,20040507,PRCP,0,,,a,
ASN00082076,20040508,PRCP,0,,,a,
ASN00082076,20040509,PRCP,0,,,a,
ASN00082076,20040510,PRCP,0,,,a,
ASN00082076,20040511,PRCP,0,,,a,
ASN00082076,20040512,PRCP,0,,,a,
ASN00082076,20040513,PRCP,0,,,a,
ASN00082076,20040514,PRCP,0,,,a,
ASN00082076,20040515,PRCP,0,,,a,
ASN00082076,20040516,PRCP,20,,,a,
ASN00082076,20040517,PRCP,0,,,a,
ASN00082076,20040518,PRCP,8,,,a,
ASN00082076,20040519,PRCP,154,,,a,
ASN00082076,20040520,PRCP,0,,,a,
ASN00082076,20040521,PRCP,0,,,a,
ASN00082076,20040522,PRCP,0,,,a,
ASN00082076,20040523,PRCP,0,,,a,
ASN00082076,20040524,PRCP,66,,,a,
ASN00082076,20040525,PRCP,120,,,a,
ASN00082076,20040526,PRCP,24,,,a,
ASN00082076,20040527,PRCP,6,,,a,
ASN00082076,20040528,PRCP,0,,,a,
ASN00082076,20040529,PRCP,18,,,a,
ASN00082076,20040530,PRCP,4,,,a,
ASN00082076,20040531,PRCP,10,,,a,
ASN00082076,20040505,DAPR,2,,,a,
ASN00082076,20040505,DATN,2,,,a,
ASN00082076,20040507,DATN,2,,,a,
ASN00082076,20040514,DATN,2,,,a,
ASN00082076,20040504,DATX,2,,,a,
ASN00082076,20040506,DATX,2,,,a,
ASN00082076,20040513,DATX,2,,,a,
ASN00082076,20040505,MDPR,8,,,a,
ASN00082076,20040505,MDTN,10,,,a,
ASN00082076,20040507,MDTN,-11,,,a,
ASN00082076,20040514,MDTN,7,,,a,
ASN00082076,20040504,MDTX,153,,,a,
ASN00082076,20040506,MDTX,168,,,a,
ASN00082076,20040513,MDTX,163,,,a,
ASN00082076,20040604,TMAX,115,,,a,
ASN00082076,20040605,TMAX,113,,,a,
ASN00082076,20040606,TMAX,140,,,a,
ASN00082076,20040607,TMAX,159,,,a,
ASN00082076,20040612,TMAX,113,,,a,
ASN00082076,20040613,TMAX,123,,,a,
ASN00082076,20040614,TMAX,118,,,a,
ASN00082076,20040615,TMAX,82,,,a,
ASN00082076,20040618,TMAX,86,,,a,
ASN00082076,20040619,TMAX,89,,,a,
ASN00082076,20040620,TMAX,75,,,a,
ASN00082076,20040621,TMAX,122,,,a,
ASN00082076,20040622,TMAX,115,,,a,
ASN00082076,20040623,TMAX,103,,,a,
ASN00082076,20040624,TMAX,100,,,a,
ASN00082076,20040625,TMAX,90,,,a,
ASN00082076,20040626,TMAX,101,,,a,
ASN00082076,20040627,TMAX,115,,,a,
ASN00082076,20040605,TMIN,9,,,a,
ASN00082076,20040606,TMIN,-30,,,a,
ASN00082076,20040607,TMIN,-10,,,a,
ASN00082076,20040608,TMIN,21,,,a,
ASN00082076,20040613,TMIN,-4,,,a,
ASN00082076,20040614,TMIN,58,,,a,
ASN00082076,20040615,TMIN,67,,,a,
ASN00082076,20040616,TMIN,50,,,a,
ASN00082076,20040619,TMIN,21,,,a,
ASN00082076,20040620,TMIN,20,,,a,
ASN00082076,20040621,TMIN,32,,,a,
ASN00082076,20040622,TMIN,50,,,a,
ASN00082076,20040623,TMIN,22,,,a,
ASN00082076,20040624,TMIN,38,,,a,
ASN00082076,20040625,TMIN,65,,,a,
ASN00082076,20040626,TMIN,40,,,a,
ASN00082076,20040627,TMIN,15,,,a,
ASN00082076,20040628,TMIN,43,,,a,
ASN00082076,20040603,PRCP,141,,,a,
ASN00082076,20040604,PRCP,9,,,a,
ASN00082076,20040605,PRCP,0,,,a,
ASN00082076,20040606,PRCP,0,,,a,
ASN00082076,20040607,PRCP,0,,,a,
ASN00082076,20040608,PRCP,0,,,a,
ASN00082076,20040609,PRCP,16,,,a,
ASN00082076,20040610,PRCP,256,,,a,
ASN00082076,20040611,PRCP,4,,,a,
ASN00082076,20040612,PRCP,0,,,a,
ASN00082076,20040613,PRCP,0,,,a,
ASN00082076,20040614,PRCP,90,,,a,
ASN00082076,20040615,PRCP,240,,,a,
ASN00082076,20040616,PRCP,36,,,a,
ASN00082076,20040619,PRCP,194,,,a,
ASN00082076,20040620,PRCP,24,,,a,
ASN00082076,20040621,PRCP,14,,,a,
ASN00082076,20040622,PRCP,0,,,a,
ASN00082076,20040623,PRCP,0,,,a,
ASN00082076,20040624,PRCP,22,,,a,
ASN00082076,20040625,PRCP,56,,,a,
ASN00082076,20040626,PRCP,186,,,a,
ASN00082076,20040627,PRCP,10,,,a,
ASN00082076,20040628,PRCP,0,,,a,
ASN00082076,20040629,PRCP,0,,,a,
ASN00082076,20040630,PRCP,0,,,a,
ASN00082076,20040618,DAPR,2,,,a,
ASN00082076,20040612,DATN,4,,,a,
ASN00082076,20040618,DATN,2,,,a,
ASN00082076,20040630,DATN,2,,,a,
ASN00082076,20040611,DATX,4,,,a,
ASN00082076,20040617,DATX,2,,,a,
ASN00082076,20040629,DATX,2,,,a,
ASN00082076,20040618,MDPR,116,,,a,
ASN00082076,20040612,MDTN,-5,,,a,
ASN00082076,20040618,MDTN,20,,,a,
ASN00082076,20040630,MDTN,50,,,a,
ASN00082076,20040611,MDTX,135,,,a,
ASN00082076,20040617,MDTX,127,,,a,
ASN00082076,20040629,MDTX,140,,,a,
ASN00082076,20040701,TMAX,128,,,a,
ASN00082076,20040702,TMAX,132,,,a,
ASN00082076,20040703,TMAX,122,,,a,
ASN00082076,20040704,TMAX,133,,,a,
ASN00082076,20040707,TMAX,88,,,a,
ASN00082076,20040708,TMAX,120,,,a,
ASN00082076,20040709,TMAX,118,,,a,
ASN00082076,20040710,TMAX,138,,,a,
ASN00082076,20040711,TMAX,125,,,a,
ASN00082076,20040712,TMAX,113,,,a,
ASN00082076,20040713,TMAX,133,,,a,
ASN00082076,20040714,TMAX,83,,,a,
ASN00082076,20040715,TMAX,107,,,a,
ASN00082076,20040716,TMAX,111,,,a,
ASN00082076,20040717,TMAX,88,,,a,
ASN00082076,20040718,TMAX,89,,,a,
ASN00082076,20040719,TMAX,107,,,a,
ASN00082076,20040720,TMAX,132,,,a,
ASN00082076,20040721,TMAX,118,,,a,
ASN00082076,20040724,TMAX,95,,,a,
ASN00082076,20040725,TMAX,130,,,a,
ASN00082076,20040726,TMAX,122,,,a,
ASN00082076,20040727,TMAX,116,,,a,
ASN00082076,20040728,TMAX,77,,,a,
ASN00082076,20040729,TMAX,121,,,a,
ASN00082076,20040730,TMAX,107,,,a,
ASN00082076,20040731,TMAX,132,,,a,
ASN00082076,20040703,TMIN,33,,,a,
ASN00082076,20040704,TMIN,52,,,a,
ASN00082076,20040705,TMIN,67,,,a,
ASN00082076,20040708,TMIN,-11,,,a,
ASN00082076,20040709,TMIN,-6,,,a,
ASN00082076,20040710,TMIN,5,,,a,
ASN00082076,20040711,TMIN,45,,,a,
ASN00082076,20040712,TMIN,68,,,a,
ASN00082076,20040713,TMIN,72,,,a,
ASN00082076,20040714,TMIN,15,,,a,
ASN00082076,20040715,TMIN,17,,,a,
ASN00082076,20040716,TMIN,24,,,a,
ASN00082076,20040717,TMIN,48,,,a,
ASN00082076,20040718,TMIN,40,,,a,
ASN00082076,20040719,TMIN,17,,,a,
ASN00082076,20040720,TMIN,-16,,,a,
ASN00082076,20040721,TMIN,-23,,,a,
ASN00082076,20040722,TMIN,-14,,,a,
ASN00082076,20040725,TMIN,75,,,a,
ASN00082076,20040726,TMIN,70,,,a,
ASN00082076,20040727,TMIN,26,,,a,
ASN00082076,20040728,TMIN,50,,,a,
ASN00082076,20040729,TMIN,55,,,a,
ASN00082076,20040730,TMIN,38,,,a,
ASN00082076,20040731,TMIN,-1,,,a,
ASN00082076,20040701,PRCP,71,,,a,
ASN00082076,20040702,PRCP,0,,,a,
ASN00082076,20040703,PRCP,6,,,a,
ASN00082076,20040704,PRCP,2,,,a,
ASN00082076,20040705,PRCP,12,,,a,
ASN00082076,20040708,PRCP,40,,,a,
ASN00082076,20040709,PRCP,0,,,a,
ASN00082076,20040710,PRCP,4,,,a,
ASN00082076,20040711,PRCP,44,,,a,
ASN00082076,20040712,PRCP,52,,,a,
ASN00082076,20040713,PRCP,24,,,a,
ASN00082076,20040714,PRCP,0,,,a,
ASN00082076,20040715,PRCP,10,,,a,
ASN00082076,20040716,PRCP,0,,,a,
ASN00082076,20040717,PRCP,68,,,a,
ASN00082076,20040718,PRCP,0,,,a,
ASN00082076,20040719,PRCP,0,,,a,
ASN00082076,20040720,PRCP,0,,,a,
ASN00082076,20040721,PRCP,0,,,a,
ASN00082076,20040722,PRCP,0,,,a,
ASN00082076,20040725,PRCP,148,,,a,
ASN00082076,20040726,PRCP,8,,,a,
ASN00082076,20040727,PRCP,10,,,a,
ASN00082076,20040728,PRCP,14,,,a,
ASN00082076,20040729,PRCP,106,,,a,
ASN00082076,20040730,PRCP,16,,,a,
ASN00082076,20040731,PRCP,0,,,a,
ASN00082076,20040707,DAPR,2,,,a,
ASN00082076,20040724,DAPR,2,,,a,
ASN00082076,20040702,DATN,2,,,a,
ASN00082076,20040707,DATN,2,,,a,
ASN00082076,20040724,DATN,2,,,a,
ASN00082076,20040706,DATX,2,,,a,
ASN00082076,20040723,DATX,2,,,a,
ASN00082076,20040707,MDPR,44,,,a,
ASN00082076,20040724,MDPR,100,,,a,
ASN00082076,20040702,MDTN,49,,,a,
ASN00082076,20040707,MDTN,44,,,a,
ASN00082076,20040724,MDTN,-15,,,a,
ASN00082076,20040706,MDTX,110,,,a,
ASN00082076,20040723,MDTX,140,,,a,
ASN00082076,20040801,TMAX,130,,,a,
ASN00082076,20040802,TMAX,144,,,a,
ASN00082076,20040803,TMAX,74,,,a,
ASN00082076,20040804,TMAX,100,,,a,
ASN00082076,20040805,TMAX,114,,,a,
ASN00082076,20040806,TMAX,115,,,a,
ASN00082076,20040807,TMAX,100,,,a,
ASN00082076,20040808,TMAX,107,,,a,
ASN00082076,20040809,TMAX,118,,,a,
ASN00082076,20040810,TMAX,104,,,a,
ASN00082076,20040811,TMAX,116,,,a,
ASN00082076,20040812,TMAX,121,,,a,
ASN00082076,20040813,TMAX,103,,,a,
ASN00082076,20040814,TMAX,107,,,a,
ASN00082076,20040815,TMAX,112,,,a,
ASN00082076,20040816,TMAX,137,,,a,
ASN00082076,20040817,TMAX,151,,,a,
ASN00082076,20040818,TMAX,148,,,a,
ASN00082076,20040819,TMAX,140,,,a,
ASN00082076,20040822,TMAX,174,,,a,
ASN00082076,20040823,TMAX,176,,,a,
ASN00082076,20040824,TMAX,174,,,a,
ASN00082076,20040825,TMAX,200,,,a,
ASN00082076,20040826,TMAX,212,,,a,
ASN00082076,20040827,TMAX,201,,,a,
ASN00082076,20040828,TMAX,207,,,a,
ASN00082076,20040829,TMAX,150,,,a,
ASN00082076,20040830,TMAX,137,,,a,
ASN00082076,20040831,TMAX,113,,,a,
ASN00082076,20040801,TMIN,-2,,,a,
ASN00082076,20040802,TMIN,29,,,a,
ASN00082076,20040803,TMIN,54,,,a,
ASN00082076,20040804,TMIN,30,,,a,
ASN00082076,20040805,TMIN,40,,,a,
ASN00082076,20040806,TMIN,24,,,a,
ASN00082076,20040807,TMIN,35,,,a,
ASN00082076,20040808,TMIN,34,,,a,
ASN00082076,20040809,TMIN,50,,,a,
ASN00082076,20040810,TMIN,55,,,a,
ASN00082076,20040811,TMIN,67,,,a,
ASN00082076,20040812,TMIN,76,,,a,
ASN00082076,20040813,TMIN,53,,,a,
ASN00082076,20040814,TMIN,55,,,a,
ASN00082076,20040815,TMIN,27,,,a,
ASN00082076,20040816,TMIN,-10,,,a,
ASN00082076,20040817,TMIN,-1,,,a,
ASN00082076,20040818,TMIN,15,,,a,
ASN00082076,20040819,TMIN,-7,,,a,
ASN00082076,20040820,TMIN,5,,,a,
ASN00082076,20040823,TMIN,54,,,a,
ASN00082076,20040824,TMIN,10,,,a,
ASN00082076,20040825,TMIN,16,,,a,
ASN00082076,20040826,TMIN,10,,,a,
ASN00082076,20040827,TMIN,58,,,a,
ASN00082076,20040828,TMIN,12,,,a,
ASN00082076,20040829,TMIN,39,,,a,
ASN00082076,20040830,TMIN,74,,,a,
ASN00082076,20040831,TMIN,69,,,a,
ASN00082076,20040801,PRCP,0,,,a,
ASN00082076,20040802,PRCP,10,,,a,
ASN00082076,20040803,PRCP,172,,,a,
ASN00082076,20040804,PRCP,140,,,a,
ASN00082076,20040805,PRCP,34,,,a,
ASN00082076,20040806,PRCP,8,,,a,
ASN00082076,20040807,PRCP,8,,,a,
ASN00082076,20040808,PRCP,0,,,a,
ASN00082076,20040809,PRCP,40,,,a,
ASN00082076,20040810,PRCP,8,,,a,
ASN00082076,20040811,PRCP,6,,,a,
ASN00082076,20040812,PRCP,16,,,a,
ASN00082076,20040813,PRCP,2,,,a,
ASN00082076,20040814,PRCP,216,,,a,
ASN00082076,20040815,PRCP,50,,,a,
ASN00082076,20040816,PRCP,0,,,a,
ASN00082076,20040817,PRCP,0,,,a,
ASN00082076,20040818,PRCP,0,,,a,
ASN00082076,20040819,PRCP,0,,,a,
ASN00082076,20040820,PRCP,0,,,a,
ASN00082076,20040823,PRCP,22,,,a,
ASN00082076,20040824,PRCP,0,,,a,
ASN00082076,20040825,PRCP,0,,,a,
ASN00082076,20040826,PRCP,0,,,a,
ASN00082076,20040827,PRCP,10,,,a,
ASN00082076,20040828,PRCP,0,,,a,
ASN00082076,20040829,PRCP,0,,,a,
ASN00082076,20040830,PRCP,216,,,a,
ASN00082076,20040831,PRCP,48,,,a,
ASN00082076,20040822,DAPR,2,,,a,
ASN00082076,20040822,DATN,2,,,a,
ASN00082076,20040821,DATX,2,,,a,
ASN00082076,20040822,MDPR,20,,,a,
ASN00082076,20040822,MDTN,45,,,a,
ASN00082076,20040821,MDTX,145,,,a,
ASN00082076,20040901,TMAX,134,,,a,
ASN00082076,20040902,TMAX,160,,,a,
ASN00082076,20040905,TMAX,140,,,a,
ASN00082076,20040906,TMAX,133,,,a,
ASN00082076,20040909,TMAX,134,,,a,
ASN00082076,20040910,TMAX,121,,,a,
ASN00082076,20040911,TMAX,109,,,a,
ASN00082076,20040912,TMAX,111,,,a,
ASN00082076,20040913,TMAX,100,,,a,
ASN00082076,20040914,TMAX,134,,,a,
ASN00082076,20040915,TMAX,146,,,a,
ASN00082076,20040916,TMAX,150,,,a,
ASN00082076,20040917,TMAX,160,,,a,
ASN00082076,20040918,TMAX,170,,,a,
ASN00082076,20040919,TMAX,175,,,a,
ASN00082076,20040920,TMAX,200,,,a,
ASN00082076,20040921,TMAX,225,,,a,
ASN00082076,20040924,TMAX,178,,,a,
ASN00082076,20040925,TMAX,170,,,a,
ASN00082076,20040926,TMAX,210,,,a,
ASN00082076,20040927,TMAX,190,,,a,
ASN00082076,20040928,TMAX,179,,,a,
ASN00082076,20040929,TMAX,197,,,a,
ASN00082076,20040930,TMAX,203,,,a,
ASN00082076,20040901,TMIN,32,,,a,
ASN00082076,20040902,TMIN,14,,,a,
ASN00082076,20040903,TMIN,2,,,a,
ASN00082076,20040906,TMIN,68,,,a,
ASN00082076,20040907,TMIN,27,,,a,
ASN00082076,20040910,TMIN,61,,,a,
ASN00082076,20040911,TMIN,81,,,a,
ASN00082076,20040912,TMIN,11,,,a,
ASN00082076,20040913,TMIN,19,,,a,
ASN00082076,20040914,TMIN,55,,,a,
ASN00082076,20040915,TMIN,92,,,a,
ASN00082076,20040916,TMIN,37,,,a,
ASN00082076,20040917,TMIN,8,,,a,
ASN00082076,20040918,TMIN,20,,,a,
ASN00082076,20040919,TMIN,26,,,a,
ASN00082076,20040920,TMIN,26,,,a,
ASN00082076,20040921,TMIN,30,,,a,
ASN00082076,20040922,TMIN,35,,,a,
ASN00082076,20040925,TMIN,31,,,a,
ASN00082076,20040926,TMIN,23,,,a,
ASN00082076,20040927,TMIN,105,,,a,
ASN00082076,20040928,TMIN,71,,,a,
ASN00082076,20040929,TMIN,123,,,a,
ASN00082076,20040930,TMIN,77,,,a,
ASN00082076,20040901,PRCP,10,,,a,
ASN00082076,20040902,PRCP,0,,,a,
ASN00082076,20040903,PRCP,0,,,a,
ASN00082076,20040904,PRCP,56,,L,a,
ASN00082076,20040906,PRCP,0,,,a,
ASN00082076,20040907,PRCP,0,,,a,
ASN00082076,20040910,PRCP,58,,,a,
ASN00082076,20040911,PRCP,26,,,a,
ASN00082076,20040912,PRCP,104,,,a,
ASN00082076,20040913,PRCP,0,,,a,
ASN00082076,20040914,PRCP,16,,,a,
ASN00082076,20040915,PRCP,2,,,a,
ASN00082076,20040916,PRCP,4,,,a,
ASN00082076,20040917,PRCP,0,,,a,
ASN00082076,20040918,PRCP,0,,,a,
ASN00082076,20040919,PRCP,0,,,a,
ASN00082076,20040920,PRCP,0,,,a,
ASN00082076,20040921,PRCP,0,,,a,
ASN00082076,20040922,PRCP,0,,,a,
ASN00082076,20040925,PRCP,0,,,a,
ASN00082076,20040926,PRCP,0,,,a,
ASN00082076,20040927,PRCP,4,,,a,
ASN00082076,20040928,PRCP,96,,,a,
ASN00082076,20040929,PRCP,74,,,a,
ASN00082076,20040930,PRCP,0,,,a,
ASN00082076,20040905,DAPR,2,,L,a,
ASN00082076,20040909,DAPR,2,,,a,
ASN00082076,20040924,DAPR,2,,,a,
ASN00082076,20040905,DATN,2,,,a,
ASN00082076,20040909,DATN,2,,,a,
ASN00082076,20040924,DATN,2,,,a,
ASN00082076,20040904,DATX,2,,,a,
ASN00082076,20040908,DATX,2,,,a,
ASN00082076,20040923,DATX,2,,,a,
ASN00082076,20040905,MDPR,6,,L,a,
ASN00082076,20040909,MDPR,438,,,a,
ASN00082076,20040924,MDPR,4,,,a,
ASN00082076,20040905,MDTN,53,,,a,
ASN00082076,20040909,MDTN,98,,,a,
ASN00082076,20040924,MDTN,44,,,a,
ASN00082076,20040904,MDTX,118,,,a,
ASN00082076,20040908,MDTX,128,,,a,
ASN00082076,20040923,MDTX,198,,,a,
ASN00082076,20041001,TMAX,142,,,a,
ASN00082076,20041002,TMAX,195,,,a,
ASN00082076,20041003,TMAX,208,,,a,
ASN00082076,20041004,TMAX,188,,,a,
ASN00082076,20041005,TMAX,198,,,a,
ASN00082076,20041006,TMAX,215,,,a,
ASN00082076,20041007,TMAX,162,,,a,
ASN00082076,20041008,TMAX,171,,,a,
ASN00082076,20041009,TMAX,209,,,a,
ASN00082076,20041010,TMAX,232,,,a,
ASN00082076,20041011,TMAX,243,,,a,
ASN00082076,20041012,TMAX,302,,,a,
ASN00082076,20041013,TMAX,254,,,a,
ASN00082076,20041014,TMAX,205,,,a,
ASN00082076,20041015,TMAX,155,,,a,
ASN00082076,20041016,TMAX,170,,,a,
ASN00082076,20041017,TMAX,192,,,a,
ASN00082076,20041018,TMAX,201,,,a,
ASN00082076,20041021,TMAX,219,,,a,
ASN00082076,20041022,TMAX,212,,,a,
ASN00082076,20041023,TMAX,259,,,a,
ASN00082076,20041024,TMAX,216,,,a,
ASN00082076,20041025,TMAX,238,,,a,
ASN00082076,20041026,TMAX,257,,,a,
ASN00082076,20041027,TMAX,145,,,a,
ASN00082076,20041028,TMAX,182,,,a,
ASN00082076,20041029,TMAX,214,,,a,
ASN00082076,20041031,TMAX,257,,,a,
ASN00082076,20041001,TMIN,115,,,a,
ASN00082076,20041002,TMIN,44,,,a,
ASN00082076,20041003,TMIN,36,,,a,
ASN00082076,20041004,TMIN,38,,,a,
ASN00082076,20041005,TMIN,48,,,a,
ASN00082076,20041006,TMIN,30,,,a,
ASN00082076,20041007,TMIN,35,,,a,
ASN00082076,20041008,TMIN,46,,,a,
ASN00082076,20041009,TMIN,22,,,a,
ASN00082076,20041010,TMIN,62,,,a,
ASN00082076,20041011,TMIN,57,,,a,
ASN00082076,20041012,TMIN,74,,,a,
ASN00082076,20041013,TMIN,112,,,a,
ASN00082076,20041014,TMIN,146,,,a,
ASN00082076,20041015,TMIN,70,,,a,
ASN00082076,20041016,TMIN,5,,,a,
ASN00082076,20041017,TMIN,55,,,a,
ASN00082076,20041018,TMIN,85,,,a,
ASN00082076,20041019,TMIN,65,,,a,
ASN00082076,20041022,TMIN,132,,,a,
ASN00082076,20041023,TMIN,112,,,a,
ASN00082076,20041024,TMIN,144,,,a,
ASN00082076,20041025,TMIN,75,,,a,
ASN00082076,20041026,TMIN,50,,,a,
ASN00082076,20041027,TMIN,128,,,a,
ASN00082076,20041028,TMIN,12,,,a,
ASN00082076,20041029,TMIN,78,,,a,
ASN00082076,20041030,TMIN,71,,,a,
ASN00082076,20041001,PRCP,0,,,a,
ASN00082076,20041002,PRCP,6,,,a,
ASN00082076,20041003,PRCP,0,,,a,
ASN00082076,20041004,PRCP,0,,,a,
ASN00082076,20041005,PRCP,0,,,a,
ASN00082076,20041006,PRCP,0,,,a,
ASN00082076,20041007,PRCP,0,,,a,
ASN00082076,20041008,PRCP,88,,,a,
ASN00082076,20041009,PRCP,0,,,a,
ASN00082076,20041010,PRCP,0,,,a,
ASN00082076,20041011,PRCP,0,,,a,
ASN00082076,20041012,PRCP,0,,,a,
ASN00082076,20041013,PRCP,0,,,a,
ASN00082076,20041014,PRCP,64,,,a,
ASN00082076,20041015,PRCP,0,,,a,
ASN00082076,20041016,PRCP,8,,,a,
ASN00082076,20041017,PRCP,0,,,a,
ASN00082076,20041018,PRCP,0,,,a,
ASN00082076,20041019,PRCP,0,,,a,
ASN00082076,20041020,PRCP,0,,,a,
ASN00082076,20041021,PRCP,0,,,a,
ASN00082076,20041022,PRCP,44,,,a,
ASN00082076,20041023,PRCP,26,,,a,
ASN00082076,20041024,PRCP,0,,,a,
ASN00082076,20041025,PRCP,0,,,a,
ASN00082076,20041026,PRCP,0,,,a,
ASN00082076,20041027,PRCP,92,,,a,
ASN00082076,20041028,PRCP,30,,,a,
ASN00082076,20041029,PRCP,0,,,a,
ASN00082076,20041030,PRCP,0,,,a,
ASN00082076,20041021,DATN,2,,,a,
ASN00082076,20041020,DATX,2,,,a,
ASN00082076,20041021,MDTN,57,,,a,
ASN00082076,20041020,MDTX,250,,,a,
ASN00082076,20041101,TMAX,225,,,a,
ASN00082076,20041102,TMAX,245,,,a,
ASN00082076,20041105,TMAX,187,,,a,
ASN00082076,20041106,TMAX,150,,,a,
ASN00082076,20041107,TMAX,158,,,a,
ASN00082076,20041108,TMAX,222,,,a,
ASN00082076,20041109,TMAX,206,,,a,
ASN00082076,20041110,TMAX,233,,,a,
ASN00082076,20041115,TMAX,207,,,a,
ASN00082076,20041118,TMAX,329,,,a,
ASN00082076,20041119,TMAX,180,,,a,
ASN00082076,20041120,TMAX,224,,,a,
ASN00082076,20041121,TMAX,236,,,a,
ASN00082076,20041122,TMAX,210,,,a,
ASN00082076,20041123,TMAX,243,,,a,
ASN00082076,20041126,TMAX,300,,,a,
ASN00082076,20041127,TMAX,318,,,a,
ASN00082076,20041128,TMAX,332,,,a,
ASN00082076,20041129,TMAX,304,,,a,
ASN00082076,20041130,TMAX,317,,,a,
ASN00082076,20041101,TMIN,115,,,a,
ASN00082076,20041102,TMIN,116,,,a,
ASN00082076,20041103,TMIN,71,,,a,
ASN00082076,20041106,TMIN,115,,,a,
ASN00082076,20041107,TMIN,54,,,a,
ASN00082076,20041108,TMIN,45,,,a,
ASN00082076,20041109,TMIN,105,,,a,
ASN00082076,20041110,TMIN,114,,,a,
ASN00082076,20041111,TMIN,117,,,a,
ASN00082076,20041116,TMIN,48,,,a,
ASN00082076,20041119,TMIN,145,,,a,
ASN00082076,20041120,TMIN,73,,,a,
ASN00082076,20041121,TMIN,71,,,a,
ASN00082076,20041122,TMIN,108,,,a,
ASN00082076,20041123,TMIN,100,,,a,
ASN00082076,20041124,TMIN,120,,,a,
ASN00082076,20041127,TMIN,122,,,a,
ASN00082076,20041128,TMIN,140,,,a,
ASN00082076,20041129,TMIN,134,,,a,
ASN00082076,20041130,TMIN,165,,,a,
ASN00082076,20041101,PRCP,0,,,a,
ASN00082076,20041102,PRCP,76,,,a,
ASN00082076,20041103,PRCP,164,,,a,
ASN00082076,20041106,PRCP,320,,,a,
ASN00082076,20041107,PRCP,126,,,a,
ASN00082076,20041108,PRCP,10,,,a,
ASN00082076,20041109,PRCP,0,,,a,
ASN00082076,20041110,PRCP,58,,,a,
ASN00082076,20041111,PRCP,0,,,a,
ASN00082076,20041112,PRCP,251,,L,a,
ASN00082076,20041116,PRCP,0,,,a,
ASN00082076,20041117,PRCP,0,,,a,
ASN00082076,20041118,PRCP,0,,,a,
ASN00082076,20041119,PRCP,111,,,a,
ASN00082076,20041120,PRCP,35,,,a,
ASN00082076,20041121,PRCP,0,,,a,
ASN00082076,20041122,PRCP,0,,,a,
ASN00082076,20041123,PRCP,0,,,a,
ASN00082076,20041124,PRCP,0,,,a,
ASN00082076,20041125,PRCP,0,,,a,
ASN00082076,20041126,PRCP,0,,,a,
ASN00082076,20041127,PRCP,0,,,a,
ASN00082076,20041128,PRCP,0,,,a,
ASN00082076,20041129,PRCP,0,,,a,
ASN00082076,20041130,PRCP,0,,,a,
ASN00082076,20041105,DAPR,2,,,a,
ASN00082076,20041113,DAPR,2,,L,a,
ASN00082076,20041115,DAPR,2,,,a,
ASN00082076,20041105,DATN,2,,,a,
ASN00082076,20041113,DATN,2,,,a,
ASN00082076,20041115,DATN,2,,,a,
ASN00082076,20041118,DATN,2,,,a,
ASN00082076,20041126,DATN,2,,,a,
ASN00082076,20041104,DATX,2,,,a,
ASN00082076,20041112,DATX,2,,,a,
ASN00082076,20041114,DATX,2,,,a,
ASN00082076,20041117,DATX,2,,,a,
ASN00082076,20041125,DATX,2,,,a,
ASN00082076,20041105,MDPR,202,,,a,
ASN00082076,20041113,MDPR,112,,L,a,
ASN00082076,20041115,MDPR,36,,,a,
ASN00082076,20041105,MDTN,65,,,a,
ASN00082076,20041113,MDTN,90,,,a,
ASN00082076,20041115,MDTN,76,,,a,
ASN00082076,20041118,MDTN,50,,,a,
ASN00082076,20041126,MDTN,115,,,a,
ASN00082076,20041104,MDTX,185,,,a,
ASN00082076,20041112,MDTX,208,,,a,
ASN00082076,20041114,MDTX,180,,,a,
ASN00082076,20041117,MDTX,260,,,a,
ASN00082076,20041125,MDTX,290,,,a,
ASN00082076,20041201,TMAX,230,,,a,
ASN00082076,20041202,TMAX,223,,,a,
ASN00082076,20041203,TMAX,243,,,a,
ASN00082076,20041204,TMAX,238,,,a,
ASN00082076,20041205,TMAX,271,,,a,
ASN00082076,20041206,TMAX,276,,,a,
ASN00082076,20041207,TMAX,257,,,a,
ASN00082076,20041208,TMAX,292,,,a,
ASN00082076,20041209,TMAX,280,,,a,
ASN00082076,20041212,TMAX,285,,,a,
ASN00082076,20041213,TMAX,225,,,a,
ASN00082076,20041217,TMAX,272,,,a,
ASN00082076,20041218,TMAX,306,,,a,
ASN00082076,20041219,TMAX,304,,,a,
ASN00082076,20041220,TMAX,232,,,a,
ASN00082076,20041221,TMAX,290,,,a,
ASN00082076,20041222,TMAX,310,,,a,
ASN00082076,20041223,TMAX,328,,,a,
ASN00082076,20041224,TMAX,293,,,a,
ASN00082076,20041225,TMAX,259,,,a,
ASN00082076,20041226,TMAX,267,,,a,
ASN00082076,20041227,TMAX,219,,,a,
ASN00082076,20041228,TMAX,192,,,a,
ASN00082076,20041229,TMAX,206,,,a,
ASN00082076,20041230,TMAX,280,,,a,
ASN00082076,20041231,TMAX,300,,,a,
ASN00082076,20041201,TMIN,188,,,a,
ASN00082076,20041202,TMIN,63,,,a,
ASN00082076,20041203,TMIN,91,,,a,
ASN00082076,20041204,TMIN,99,,,a,
ASN00082076,20041205,TMIN,99,,,a,
ASN00082076,20041206,TMIN,112,,,a,
ASN00082076,20041207,TMIN,154,,,a,
ASN00082076,20041208,TMIN,156,,,a,
ASN00082076,20041209,TMIN,167,,,a,
ASN00082076,20041210,TMIN,170,,,a,
ASN00082076,20041213,TMIN,155,,,a,
ASN00082076,20041218,TMIN,120,,,a,
ASN00082076,20041219,TMIN,126,,,a,
ASN00082076,20041220,TMIN,105,,,a,
ASN00082076,20041221,TMIN,86,,,a,
ASN00082076,20041222,TMIN,120,,,a,
ASN00082076,20041223,TMIN,133,,,a,
ASN00082076,20041224,TMIN,137,,,a,
ASN00082076,20041225,TMIN,138,,,a,
ASN00082076,20041226,TMIN,100,,,a,
ASN00082076,20041227,TMIN,132,,,a,
ASN00082076,20041228,TMIN,49,,,a,
ASN00082076,20041229,TMIN,90,,,a,
ASN00082076,20041230,TMIN,115,,,a,
ASN00082076,20041231,TMIN,110,,,a,
ASN00082076,20041201,PRCP,0,,,a,
ASN00082076,20041202,PRCP,106,,,a,
ASN00082076,20041203,PRCP,0,,,a,
ASN00082076,20041204,PRCP,0,,,a,
ASN00082076,20041205,PRCP,0,,,a,
ASN00082076,20041206,PRCP,0,,,a,
ASN00082076,20041207,PRCP,20,,,a,
ASN00082076,20041208,PRCP,48,,,a,
ASN00082076,20041209,PRCP,6,,,a,
ASN00082076,20041210,PRCP,96,,,a,
ASN00082076,20041213,PRCP,26,,,a,
ASN00082076,20041214,PRCP,186,,,a,
ASN00082076,20041218,PRCP,0,,,a,
ASN00082076,20041219,PRCP,0,,,a,
ASN00082076,20041220,PRCP,0,,,a,
ASN00082076,20041221,PRCP,0,,,a,
ASN00082076,20041222,PRCP,0,,,a,
ASN00082076,20041223,PRCP,0,,,a,
ASN00082076,20041224,PRCP,0,,,a,
ASN00082076,20041225,PRCP,0,,,a,
ASN00082076,20041226,PRCP,0,,,a,
ASN00082076,20041227,PRCP,0,,,a,
ASN00082076,20041228,PRCP,2,,,a,
ASN00082076,20041229,PRCP,0,,,a,
ASN00082076,20041230,PRCP,0,,,a,
ASN00082076,20041231,PRCP,0,,,a,
ASN00082076,20041212,DAPR,2,,,a,
ASN00082076,20041217,DAPR,3,,,a,
ASN00082076,20041212,DATN,2,,,a,
ASN00082076,20041217,DATN,3,,,a,
ASN00082076,20041211,DATX,2,,,a,
ASN00082076,20041216,DATX,3,,,a,
ASN00082076,20041212,MDPR,10,,,a,
ASN00082076,20041217,MDPR,0,,,a,
ASN00082076,20041212,MDTN,116,,,a,
ASN00082076,20041217,MDTN,94,,,a,
ASN00082076,20041211,MDTX,265,,,a,
ASN00082076,20041216,MDTX,267,,,a,
ASN00082076,20050101,TMAX,275,,,a,
ASN00082076,20050102,TMAX,265,,,a,
ASN00082076,20050105,TMAX,178,,,a,
ASN00082076,20050106,TMAX,215,,,a,
ASN00082076,20050107,TMAX,200,,,a,
ASN00082076,20050108,TMAX,242,,,a,
ASN00082076,20050109,TMAX,270,,,a,
ASN00082076,20050112,TMAX,345,,,a,
ASN00082076,20050113,TMAX,335,,,a,
ASN00082076,20050114,TMAX,346,,,a,
ASN00082076,20050115,TMAX,320,,,a,
ASN00082076,20050116,TMAX,216,,,a,
ASN00082076,20050117,TMAX,272,,,a,
ASN00082076,20050118,TMAX,293,,,a,
ASN00082076,20050119,TMAX,314,,,a,
ASN00082076,20050120,TMAX,189,,,a,
ASN00082076,20050123,TMAX,309,,,a,
ASN00082076,20050124,TMAX,318,,,a,
ASN00082076,20050125,TMAX,328,,,a,
ASN00082076,20050126,TMAX,312,,,a,
ASN00082076,20050127,TMAX,322,,,a,
ASN00082076,20050130,TMAX,300,,,a,
ASN00082076,20050131,TMAX,320,,,a,
ASN00082076,20050101,TMIN,120,,,a,
ASN00082076,20050102,TMIN,106,,,a,
ASN00082076,20050103,TMIN,85,,,a,
ASN00082076,20050106,TMIN,87,,,a,
ASN00082076,20050107,TMIN,42,,,a,
ASN00082076,20050108,TMIN,119,,,a,
ASN00082076,20050109,TMIN,134,,,a,
ASN00082076,20050110,TMIN,112,,,a,
ASN00082076,20050113,TMIN,92,,,a,
ASN00082076,20050114,TMIN,115,,,a,
ASN00082076,20050115,TMIN,150,,,a,
ASN00082076,20050116,TMIN,152,,,a,
ASN00082076,20050117,TMIN,126,,,a,
ASN00082076,20050118,TMIN,138,,,a,
ASN00082076,20050119,TMIN,125,,,a,
ASN00082076,20050120,TMIN,157,,,a,
ASN00082076,20050121,TMIN,110,,,a,
ASN00082076,20050124,TMIN,161,,,a,
ASN00082076,20050125,TMIN,149,,,a,
ASN00082076,20050126,TMIN,155,,,a,
ASN00082076,20050127,TMIN,139,,,a,
ASN00082076,20050128,TMIN,145,,,a,
ASN00082076,20050131,TMIN,138,,,a,
ASN00082076,20050101,PRCP,0,,,a,
ASN00082076,20050102,PRCP,0,,,a,
ASN00082076,20050103,PRCP,0,,,a,
ASN00082076,20050106,PRCP,4,,,a,
ASN00082076,20050107,PRCP,0,,,a,
ASN00082076,20050108,PRCP,0,,,a,
ASN00082076,20050109,PRCP,0,,,a,
ASN00082076,20050110,PRCP,0,,,a,
ASN00082076,20050112,PRCP,0,,,a,
ASN00082076,20050113,PRCP,0,,,a,
ASN00082076,20050114,PRCP,0,,,a,
ASN00082076,20050115,PRCP,0,,,a,
ASN00082076,20050116,PRCP,66,,,a,
ASN00082076,20050117,PRCP,0,,,a,
ASN00082076,20050118,PRCP,0,,,a,
ASN00082076,20050119,PRCP,0,,,a,
ASN00082076,20050120,PRCP,254,,,a,
ASN00082076,20050121,PRCP,260,,,a,
ASN00082076,20050123,PRCP,0,,,a,
ASN00082076,20050124,PRCP,0,,,a,
ASN00082076,20050125,PRCP,0,,,a,
ASN00082076,20050126,PRCP,0,,,a,
ASN00082076,20050127,PRCP,0,,,a,
ASN00082076,20050128,PRCP,0,,,a,
ASN00082076,20050131,PRCP,0,,,a,
ASN00082076,20050105,DAPR,2,,,a,
ASN00082076,20050130,DAPR,2,,,a,
ASN00082076,20050105,DATN,2,,,a,
ASN00082076,20050112,DATN,2,,,a,
ASN00082076,20050123,DATN,2,,,a,
ASN00082076,20050130,DATN,2,,,a,
ASN00082076,20050104,DATX,2,,,a,
ASN00082076,20050111,DATX,2,,,a,
ASN00082076,20050122,DATX,2,,,a,
ASN00082076,20050129,DATX,2,,,a,
ASN00082076,20050105,MDPR,260,,,a,
ASN00082076,20050130,MDPR,12,,,a,
ASN00082076,20050105,MDTN,145,,,a,
ASN00082076,20050112,MDTN,118,,,a,
ASN00082076,20050123,MDTN,166,,,a,
ASN00082076,20050130,MDTN,154,,,a,
ASN00082076,20050104,MDTX,280,,,a,
ASN00082076,20050111,MDTX,316,,,a,
ASN00082076,20050122,MDTX,287,,,a,
ASN00082076,20050129,MDTX,280,,,a,
ASN00082076,20050201,TMAX,355,,,a,
ASN00082076,20050202,TMAX,140,,,a,
ASN00082076,20050203,TMAX,108,,,a,
ASN00082076,20050204,TMAX,140,,,a,
ASN00082076,20050205,TMAX,196,,,a,
ASN00082076,20050206,TMAX,241,,,a,
ASN00082076,20050207,TMAX,283,,,a,
ASN00082076,20050208,TMAX,245,,,a,
ASN00082076,20050209,TMAX,210,,,a,
ASN00082076,20050210,TMAX,248,,,a,
ASN00082076,20050211,TMAX,253,,,a,
ASN00082076,20050212,TMAX,242,,,a,
ASN00082076,20050213,TMAX,270,,,a,
ASN00082076,20050214,TMAX,290,,,a,
ASN00082076,20050215,TMAX,235,,,a,
ASN00082076,20050216,TMAX,233,,,a,
ASN00082076,20050217,TMAX,253,,,a,
ASN00082076,20050218,TMAX,271,,,a,
ASN00082076,20050219,TMAX,287,,,a,
ASN00082076,20050220,TMAX,212,,,a,
ASN00082076,20050221,TMAX,249,,,a,
ASN00082076,20050222,TMAX,280,,,a,
ASN00082076,20050223,TMAX,310,,,a,
ASN00082076,20050224,TMAX,310,,,a,
ASN00082076,20050225,TMAX,312,,,a,
ASN00082076,20050226,TMAX,276,,,a,
ASN00082076,20050227,TMAX,285,,,a,
ASN00082076,20050228,TMAX,304,,,a,
ASN00082076,20050201,TMIN,135,,,a,
ASN00082076,20050202,TMIN,132,,,a,
ASN00082076,20050203,TMIN,79,,,a,
ASN00082076,20050204,TMIN,74,,,a,
ASN00082076,20050205,TMIN,102,,,a,
ASN00082076,20050206,TMIN,88,,,a,
ASN00082076,20050207,TMIN,82,,,a,
ASN00082076,20050208,TMIN,129,,,a,
ASN00082076,20050209,TMIN,134,,,a,
ASN00082076,20050210,TMIN,102,,,a,
ASN00082076,20050211,TMIN,105,,,a,
ASN00082076,20050212,TMIN,137,,,a,
ASN00082076,20050213,TMIN,118,,,a,
ASN00082076,20050214,TMIN,93,,,a,
ASN00082076,20050215,TMIN,116,,,a,
ASN00082076,20050216,TMIN,82,,,a,
ASN00082076,20050217,TMIN,88,,,a,
ASN00082076,20050218,TMIN,89,,,a,
ASN00082076,20050219,TMIN,135,,,a,
ASN00082076,20050220,TMIN,154,,,a,
ASN00082076,20050221,TMIN,165,,,a,
ASN00082076,20050222,TMIN,143,,,a,
ASN00082076,20050223,TMIN,127,,,a,
ASN00082076,20050224,TMIN,142,,,a,
ASN00082076,20050225,TMIN,149,,,a,
ASN00082076,20050226,TMIN,160,,,a,
ASN00082076,20050227,TMIN,136,,,a,
ASN00082076,20050228,TMIN,105,,,a,
ASN00082076,20050201,PRCP,0,,,a,
ASN00082076,20050202,PRCP,8,,,a,
ASN00082076,20050203,PRCP,360,,,a,
ASN00082076,20050204,PRCP,218,,,a,
ASN00082076,20050205,PRCP,234,,,a,
ASN00082076,20050206,PRCP,0,,,a,
ASN00082076,20050207,PRCP,0,,,a,
ASN00082076,20050208,PRCP,0,,,a,
ASN00082076,20050209,PRCP,0,,,a,
ASN00082076,20050210,PRCP,6,,,a,
ASN00082076,20050211,PRCP,0,,,a,
ASN00082076,20050212,PRCP,0,,,a,
ASN00082076,20050213,PRCP,0,,,a,
ASN00082076,20050214,PRCP,0,,,a,
ASN00082076,20050215,PRCP,0,,,a,
ASN00082076,20050216,PRCP,26,,,a,
ASN00082076,20050217,PRCP,0,,,a,
ASN00082076,20050218,PRCP,0,,,a,
ASN00082076,20050219,PRCP,0,,,a,
ASN00082076,20050220,PRCP,50,,,a,
ASN00082076,20050221,PRCP,78,,,a,
ASN00082076,20050222,PRCP,0,,,a,
ASN00082076,20050223,PRCP,0,,,a,
ASN00082076,20050224,PRCP,0,,,a,
ASN00082076,20050225,PRCP,0,,,a,
ASN00082076,20050226,PRCP,0,,,a,
ASN00082076,20050227,PRCP,0,,,a,
ASN00082076,20050228,PRCP,0,,,a,
ASN00082076,20050301,TMAX,334,,,a,
ASN00082076,20050302,TMAX,240,,,a,
ASN00082076,20050303,TMAX,270,,,a,
ASN00082076,20050304,TMAX,262,,,a,
ASN00082076,20050305,TMAX,162,,,a,
ASN00082076,20050306,TMAX,190,,,a,
ASN00082076,20050307,TMAX,219,,,a,
ASN00082076,20050308,TMAX,236,,,a,
ASN00082076,20050309,TMAX,244,,,a,
ASN00082076,20050310,TMAX,257,,,a,
ASN00082076,20050311,TMAX,272,,,a,
ASN00082076,20050312,TMAX,306,,,a,
ASN00082076,20050313,TMAX,317,,,a,
ASN00082076,20050314,TMAX,327,,,a,
ASN00082076,20050315,TMAX,282,,,a,
ASN00082076,20050316,TMAX,185,,,a,
ASN00082076,20050317,TMAX,210,,,a,
ASN00082076,20050318,TMAX,223,,,a,
ASN00082076,20050319,TMAX,232,,,a,
ASN00082076,20050320,TMAX,250,,,a,
ASN00082076,20050321,TMAX,204,,,a,
ASN00082076,20050322,TMAX,216,,,a,
ASN00082076,20050323,TMAX,210,,,a,
ASN00082076,20050324,TMAX,221,,,a,
ASN00082076,20050325,TMAX,177,,,a,
ASN00082076,20050326,TMAX,222,,,a,
ASN00082076,20050327,TMAX,233,,,a,
ASN00082076,20050328,TMAX,230,,,a,
ASN00082076,20050329,TMAX,229,,,a,
ASN00082076,20050330,TMAX,245,,,a,
ASN00082076,20050331,TMAX,247,,,a,
ASN00082076,20050301,TMIN,124,,,a,
ASN00082076,20050302,TMIN,186,,,a,
ASN00082076,20050303,TMIN,105,,,a,
ASN00082076,20050304,TMIN,103,,,a,
ASN00082076,20050305,TMIN,118,,,a,
ASN00082076,20050306,TMIN,21,,,a,
ASN00082076,20050307,TMIN,32,,,a,
ASN00082076,20050308,TMIN,62,,,a,
ASN00082076,20050309,TMIN,91,,,a,
ASN00082076,20050310,TMIN,84,,,a,
ASN00082076,20050311,TMIN,85,,,a,
ASN00082076,20050312,TMIN,101,,,a,
ASN00082076,20050313,TMIN,120,,,a,
ASN00082076,20050314,TMIN,125,,,a,
ASN00082076,20050315,TMIN,136,,,a,
ASN00082076,20050316,TMIN,164,,,a,
ASN00082076,20050317,TMIN,120,,,a,
ASN00082076,20050318,TMIN,110,,,a,
ASN00082076,20050319,TMIN,73,,,a,
ASN00082076,20050320,TMIN,71,,,a,
ASN00082076,20050321,TMIN,110,,,a,
ASN00082076,20050322,TMIN,125,,,a,
ASN00082076,20050323,TMIN,142,,,a,
ASN00082076,20050324,TMIN,105,,,a,
ASN00082076,20050325,TMIN,91,,,a,
ASN00082076,20050326,TMIN,103,,,a,
ASN00082076,20050327,TMIN,35,,,a,
ASN00082076,20050328,TMIN,84,,,a,
ASN00082076,20050329,TMIN,118,,,a,
ASN00082076,20050330,TMIN,97,,,a,
ASN00082076,20050331,TMIN,55,,,a,
ASN00082076,20050301,PRCP,0,,,a,
ASN00082076,20050302,PRCP,14,,,a,
ASN00082076,20050303,PRCP,0,,,a,
ASN00082076,20050304,PRCP,0,,,a,
ASN00082076,20050305,PRCP,78,,,a,
ASN00082076,20050306,PRCP,90,,,a,
ASN00082076,20050307,PRCP,0,,,a,
ASN00082076,20050308,PRCP,0,,,a,
ASN00082076,20050309,PRCP,0,,,a,
ASN00082076,20050310,PRCP,0,,,a,
ASN00082076,20050311,PRCP,0,,,a,
ASN00082076,20050312,PRCP,0,,,a,
ASN00082076,20050313,PRCP,0,,,a,
ASN00082076,20050314,PRCP,0,,,a,
ASN00082076,20050315,PRCP,0,,,a,
ASN00082076,20050316,PRCP,72,,,a,
ASN00082076,20050317,PRCP,0,,,a,
ASN00082076,20050318,PRCP,0,,,a,
ASN00082076,20050319,PRCP,0,,,a,
ASN00082076,20050320,PRCP,0,,,a,
ASN00082076,20050321,PRCP,0,,,a,
ASN00082076,20050322,PRCP,0,,,a,
ASN00082076,20050323,PRCP,0,,,a,
ASN00082076,20050324,PRCP,0,,,a,
ASN00082076,20050325,PRCP,0,,,a,
ASN00082076,20050326,PRCP,0,,,a,
ASN00082076,20050327,PRCP,0,,,a,
ASN00082076,20050328,PRCP,10,,,a,
ASN00082076,20050329,PRCP,0,,,a,
ASN00082076,20050330,PRCP,0,,,a,
ASN00082076,20050331,PRCP,0,,,a,
ASN00082076,20050401,TMAX,245,,,a,
ASN00082076,20050402,TMAX,271,,,a,
ASN00082076,20050405,TMAX,235,,,a,
ASN00082076,20050406,TMAX,250,,,a,
ASN00082076,20050407,TMAX,244,,,a,
ASN00082076,20050408,TMAX,259,,,a,
ASN00082076,20050409,TMAX,287,,,a,
ASN00082076,20050410,TMAX,298,,,a,
ASN00082076,20050411,TMAX,268,,,a,
ASN00082076,20050412,TMAX,262,,,a,
ASN00082076,20050413,TMAX,263,,,a,
ASN00082076,20050414,TMAX,208,,,a,
ASN00082076,20050415,TMAX,211,,,a,
ASN00082076,20050416,TMAX,214,,,a,
ASN00082076,20050417,TMAX,208,,,a,
ASN00082076,20050418,TMAX,224,,,a,
ASN00082076,20050419,TMAX,184,,,a,
ASN00082076,20050420,TMAX,205,,,a,
ASN00082076,20050421,TMAX,222,,,a,
ASN00082076,20050422,TMAX,235,,,a,
ASN00082076,20050423,TMAX,225,,,a,
ASN00082076,20050424,TMAX,242,,,a,
ASN00082076,20050425,TMAX,251,,,a,
ASN00082076,20050426,TMAX,260,,,a,
ASN00082076,20050427,TMAX,235,,,a,
ASN00082076,20050428,TMAX,235,,,a,
ASN00082076,20050429,TMAX,221,,,a,
ASN00082076,20050430,TMAX,168,,,a,
ASN00082076,20050401,TMIN,53,,,a,
ASN00082076,20050402,TMIN,69,,,a,
ASN00082076,20050403,TMIN,82,,,a,
ASN00082076,20050406,TMIN,44,,,a,
ASN00082076,20050407,TMIN,111,,,a,
ASN00082076,20050408,TMIN,95,,,a,
ASN00082076,20050409,TMIN,95,,,a,
ASN00082076,20050410,TMIN,115,,,a,
ASN00082076,20050411,TMIN,150,,,a,
ASN00082076,20050412,TMIN,115,,,a,
ASN00082076,20050413,TMIN,94,,,a,
ASN00082076,20050414,TMIN,109,,,a,
ASN00082076,20050415,TMIN,120,,,a,
ASN00082076,20050416,TMIN,108,,,a,
ASN00082076,20050417,TMIN,69,,,a,
ASN00082076,20050418,TMIN,86,,,a,
ASN00082076,20050419,TMIN,26,,,a,
ASN00082076,20050420,TMIN,60,,,a,
ASN00082076,20050421,TMIN,55,,,a,
ASN00082076,20050422,TMIN,38,,,a,
ASN00082076,20050423,TMIN,60,,,a,
ASN00082076,20050424,TMIN,75,,,a,
ASN00082076,20050425,TMIN,113,,,a,
ASN00082076,20050426,TMIN,83,,,a,
ASN00082076,20050427,TMIN,67,,,a,
ASN00082076,20050428,TMIN,105,,,a,
ASN00082076,20050429,TMIN,82,,,a,
ASN00082076,20050430,TMIN,2,,,a,
ASN00082076,20050401,PRCP,0,,,a,
ASN00082076,20050402,PRCP,0,,,a,
ASN00082076,20050403,PRCP,2,,,a,
ASN00082076,20050404,PRCP,0,,,a,
ASN00082076,20050405,PRCP,0,,,a,
ASN00082076,20050406,PRCP,0,,,a,
ASN00082076,20050407,PRCP,0,,,a,
ASN00082076,20050408,PRCP,0,,,a,
ASN00082076,20050409,PRCP,0,,,a,
ASN00082076,20050410,PRCP,0,,,a,
ASN00082076,20050411,PRCP,30,,,a,
ASN00082076,20050412,PRCP,0,,,a,
ASN00082076,20050413,PRCP,0,,,a,
ASN00082076,20050414,PRCP,0,,,a,
ASN00082076,20050415,PRCP,130,,,a,
ASN00082076,20050416,PRCP,0,,,a,
ASN00082076,20050417,PRCP,0,,,a,
ASN00082076,20050418,PRCP,0,,,a,
ASN00082076,20050419,PRCP,0,,,a,
ASN00082076,20050420,PRCP,0,,,a,
ASN00082076,20050421,PRCP,0,,,a,
ASN00082076,20050422,PRCP,0,,,a,
ASN00082076,20050423,PRCP,0,,,a,
ASN00082076,20050424,PRCP,0,,,a,
ASN00082076,20050425,PRCP,4,,,a,
ASN00082076,20050426,PRCP,0,,,a,
ASN00082076,20050427,PRCP,0,,,a,
ASN00082076,20050428,PRCP,0,,,a,
ASN00082076,20050429,PRCP,6,,,a,
ASN00082076,20050430,PRCP,0,,,a,
ASN00082076,20050405,DATN,2,,,a,
ASN00082076,20050404,DATX,2,,,a,
ASN00082076,20050405,MDTN,51,,,a,
ASN00082076,20050404,MDTX,214,,,a,
ASN00082076,20050502,TMAX,191,,,a,
ASN00082076,20050503,TMAX,190,,,a,
ASN00082076,20050504,TMAX,189,,,a,
ASN00082076,20050505,TMAX,187,,,a,
ASN00082076,20050506,TMAX,204,,,a,
ASN00082076,20050507,TMAX,161,,,a,
ASN00082076,20050508,TMAX,198,,,a,
ASN00082076,20050509,TMAX,202,,,a,
ASN00082076,20050510,TMAX,200,,,a,
ASN00082076,20050511,TMAX,190,,,a,
ASN00082076,20050514,TMAX,200,,,a,
ASN00082076,20050515,TMAX,195,,,a,
ASN00082076,20050516,TMAX,173,,,a,
ASN00082076,20050517,TMAX,190,,,a,
ASN00082076,20050518,TMAX,168,,,a,
ASN00082076,20050519,TMAX,165,,,a,
ASN00082076,20050520,TMAX,180,,,a,
ASN00082076,20050521,TMAX,150,,,a,
ASN00082076,20050522,TMAX,180,,,a,
ASN00082076,20050523,TMAX,182,,,a,
ASN00082076,20050524,TMAX,150,,,a,
ASN00082076,20050525,TMAX,175,,,a,
ASN00082076,20050526,TMAX,142,,,a,
ASN00082076,20050527,TMAX,103,,,a,
ASN00082076,20050528,TMAX,82,,,a,
ASN00082076,20050529,TMAX,138,,,a,
ASN00082076,20050530,TMAX,152,,,a,
ASN00082076,20050531,TMAX,150,,,a,
ASN00082076,20050501,TMIN,61,,,a,
ASN00082076,20050503,TMIN,11,,,a,
ASN00082076,20050504,TMIN,24,,,a,
ASN00082076,20050505,TMIN,18,,,a,
ASN00082076,20050508,TMIN,36,,,a,
ASN00082076,20050509,TMIN,40,,,a,
ASN00082076,20050510,TMIN,32,,,a,
ASN00082076,20050511,TMIN,8,,,a,
ASN00082076,20050512,TMIN,31,,,a,
ASN00082076,20050515,TMIN,59,,,a,
ASN00082076,20050516,TMIN,86,,,a,
ASN00082076,20050517,TMIN,64,,,a,
ASN00082076,20050518,TMIN,52,,,a,
ASN00082076,20050519,TMIN,41,,,a,
ASN00082076,20050520,TMIN,5,,,a,
ASN00082076,20050521,TMIN,10,,,a,
ASN00082076,20050522,TMIN,-5,,,a,
ASN00082076,20050523,TMIN,10,,,a,
ASN00082076,20050524,TMIN,38,,,a,
ASN00082076,20050525,TMIN,85,,,a,
ASN00082076,20050526,TMIN,-10,,,a,
ASN00082076,20050527,TMIN,6,,,a,
ASN00082076,20050528,TMIN,-2,,,a,
ASN00082076,20050529,TMIN,14,,,a,
ASN00082076,20050530,TMIN,-22,,,a,
ASN00082076,20050531,TMIN,4,,,a,
ASN00082076,20050501,PRCP,8,,,a,
ASN00082076,20050502,PRCP,0,,,a,
ASN00082076,20050503,PRCP,0,,,a,
ASN00082076,20050504,PRCP,0,,,a,
ASN00082076,20050505,PRCP,0,,,a,
ASN00082076,20050506,PRCP,10,,,a,
ASN00082076,20050507,PRCP,0,,,a,
ASN00082076,20050508,PRCP,0,,,a,
ASN00082076,20050509,PRCP,0,,,a,
ASN00082076,20050510,PRCP,0,,,a,
ASN00082076,20050511,PRCP,0,,,a,
ASN00082076,20050512,PRCP,0,,,a,
ASN00082076,20050513,PRCP,0,,,a,
ASN00082076,20050514,PRCP,0,,,a,
ASN00082076,20050515,PRCP,0,,,a,
ASN00082076,20050516,PRCP,0,,,a,
ASN00082076,20050517,PRCP,0,,,a,
ASN00082076,20050518,PRCP,0,,,a,
ASN00082076,20050519,PRCP,0,,,a,
ASN00082076,20050520,PRCP,0,,,a,
ASN00082076,20050521,PRCP,0,,,a,
ASN00082076,20050522,PRCP,0,,,a,
ASN00082076,20050523,PRCP,0,,,a,
ASN00082076,20050524,PRCP,28,,,a,
ASN00082076,20050525,PRCP,6,,,a,
ASN00082076,20050526,PRCP,0,,,a,
ASN00082076,20050527,PRCP,0,,,a,
ASN00082076,20050528,PRCP,12,,,a,
ASN00082076,20050529,PRCP,6,,,a,
ASN00082076,20050530,PRCP,2,,,a,
ASN00082076,20050531,PRCP,0,,,a,
ASN00082076,20050507,DATN,2,,,a,
ASN00082076,20050514,DATN,2,,,a,
ASN00082076,20050513,DATX,2,,,a,
ASN00082076,20050507,MDTN,63,,,a,
ASN00082076,20050514,MDTN,31,,,a,
ASN00082076,20050513,MDTX,197,,,a,
ASN00082076,20050601,TMAX,161,,,a,
ASN00082076,20050602,TMAX,170,,,a,
ASN00082076,20050603,TMAX,169,,,a,
ASN00082076,20050604,TMAX,168,,,a,
ASN00082076,20050605,TMAX,175,,,a,
ASN00082076,20050606,TMAX,179,,,a,
ASN00082076,20050607,TMAX,194,,,a,
ASN00082076,20050608,TMAX,200,,,a,
ASN00082076,20050609,TMAX,115,,,a,
ASN00082076,20050610,TMAX,151,,,a,
ASN00082076,20050611,TMAX,143,,,a,
ASN00082076,20050612,TMAX,160,,,a,
ASN00082076,20050613,TMAX,155,,,a,
ASN00082076,20050614,TMAX,143,,,a,
ASN00082076,20050615,TMAX,112,,,a,
ASN00082076,20050619,TMAX,100,,,a,
ASN00082076,20050620,TMAX,107,,,a,
ASN00082076,20050621,TMAX,121,,,a,
ASN00082076,20050622,TMAX,73,,,a,
ASN00082076,20050623,TMAX,135,,,a,
ASN00082076,20050624,TMAX,140,,,a,
ASN00082076,20050625,TMAX,126,,,a,
ASN00082076,20050626,TMAX,135,,,a,
ASN00082076,20050627,TMAX,149,,,a,
ASN00082076,20050628,TMAX,145,,,a,
ASN00082076,20050629,TMAX,149,,,a,
ASN00082076,20050630,TMAX,138,,,a,
ASN00082076,20050601,TMIN,2,,,a,
ASN00082076,20050602,TMIN,-12,,,a,
ASN00082076,20050603,TMIN,-26,,,a,
ASN00082076,20050604,TMIN,-25,,,a,
ASN00082076,20050605,TMIN,-14,,,a,
ASN00082076,20050606,TMIN,5,,,a,
ASN00082076,20050607,TMIN,30,,,a,
ASN00082076,20050608,TMIN,21,,,a,
ASN00082076,20050609,TMIN,39,,,a,
ASN00082076,20050610,TMIN,60,,,a,
ASN00082076,20050611,TMIN,100,,,a,
ASN00082076,20050612,TMIN,88,,,a,
ASN00082076,20050613,TMIN,29,,,a,
ASN00082076,20050614,TMIN,50,,,a,
ASN00082076,20050615,TMIN,5,,,a,
ASN00082076,20050616,TMIN,14,,,a,
ASN00082076,20050620,TMIN,55,,,a,
ASN00082076,20050621,TMIN,81,,,a,
ASN00082076,20050622,TMIN,35,,,a,
ASN00082076,20050623,TMIN,35,,,a,
ASN00082076,20050624,TMIN,38,,,a,
ASN00082076,20050625,TMIN,-1,,,a,
ASN00082076,20050626,TMIN,10,,,a,
ASN00082076,20050627,TMIN,0,,,a,
ASN00082076,20050628,TMIN,12,,,a,
ASN00082076,20050629,TMIN,40,,,a,
ASN00082076,20050630,TMIN,81,,,a,
ASN00082076,20050601,PRCP,0,,,a,
ASN00082076,20050602,PRCP,0,,,a,
ASN00082076,20050603,PRCP,0,,,a,
ASN00082076,20050604,PRCP,0,,,a,
ASN00082076,20050605,PRCP,0,,,a,
ASN00082076,20050606,PRCP,0,,,a,
ASN00082076,20050607,PRCP,0,,,a,
ASN00082076,20050608,PRCP,0,,,a,
ASN00082076,20050609,PRCP,0,,,a,
ASN00082076,20050610,PRCP,50,,,a,
ASN00082076,20050611,PRCP,236,,,a,
ASN00082076,20050612,PRCP,218,,,a,
ASN00082076,20050613,PRCP,0,,,a,
ASN00082076,20050614,PRCP,86,,,a,
ASN00082076,20050615,PRCP,0,,,a,
ASN00082076,20050616,PRCP,190,,,a,
ASN00082076,20050620,PRCP,234,,,a,
ASN00082076,20050621,PRCP,136,,,a,
ASN00082076,20050622,PRCP,164,,,a,
ASN00082076,20050623,PRCP,172,,,a,
ASN00082076,20050624,PRCP,4,,,a,
ASN00082076,20050625,PRCP,0,,,a,
ASN00082076,20050626,PRCP,0,,,a,
ASN00082076,20050627,PRCP,0,,,a,
ASN00082076,20050628,PRCP,0,,,a,
ASN00082076,20050629,PRCP,0,,,a,
ASN00082076,20050630,PRCP,18,,,a,
ASN00082076,20050619,DAPR,3,,,a,
ASN00082076,20050619,DATN,3,,,a,
ASN00082076,20050618,DATX,3,,,a,
ASN00082076,20050619,MDPR,138,,,a,
ASN00082076,20050619,MDTN,40,,,a,
ASN00082076,20050618,MDTX,112,,,a,
ASN00082076,20050703,TMAX,128,,,a,
ASN00082076,20050704,TMAX,143,,,a,
ASN00082076,20050705,TMAX,150,,,a,
ASN00082076,20050706,TMAX,130,,,a,
ASN00082076,20050707,TMAX,151,,,a,
ASN00082076,20050708,TMAX,82,,,a,
ASN00082076,20050709,TMAX,91,,,a,
ASN00082076,20050710,TMAX,122,,,a,
ASN00082076,20050711,TMAX,116,,,a,
ASN00082076,20050712,TMAX,72,,,a,
ASN00082076,20050713,TMAX,87,,,a,
ASN00082076,20050714,TMAX,100,,,a,
ASN00082076,20050715,TMAX,100,,,a,
ASN00082076,20050716,TMAX,87,,,a,
ASN00082076,20050717,TMAX,95,,,a,
ASN00082076,20050718,TMAX,110,,,a,
ASN00082076,20050719,TMAX,130,,,a,
ASN00082076,20050722,TMAX,134,,,a,
ASN00082076,20050723,TMAX,125,,,a,
ASN00082076,20050724,TMAX,132,,,a,
ASN00082076,20050725,TMAX,124,,,a,
ASN00082076,20050726,TMAX,128,,,a,
ASN00082076,20050727,TMAX,121,,,a,
ASN00082076,20050728,TMAX,138,,,a,
ASN00082076,20050729,TMAX,154,,,a,
ASN00082076,20050730,TMAX,141,,,a,
ASN00082076,20050731,TMAX,165,,,a,
ASN00082076,20050701,TMIN,85,,,a,
ASN00082076,20050704,TMIN,47,,,a,
ASN00082076,20050705,TMIN,12,,,a,
ASN00082076,20050706,TMIN,21,,,a,
ASN00082076,20050707,TMIN,55,,,a,
ASN00082076,20050708,TMIN,34,,,a,
ASN00082076,20050709,TMIN,37,,,a,
ASN00082076,20050710,TMIN,28,,,a,
ASN00082076,20050711,TMIN,34,,,a,
ASN00082076,20050712,TMIN,0,,,a,
ASN00082076,20050713,TMIN,17,,,a,
ASN00082076,20050714,TMIN,51,,,a,
ASN00082076,20050715,TMIN,52,,,a,
ASN00082076,20050716,TMIN,48,,,a,
ASN00082076,20050717,TMIN,30,,,a,
ASN00082076,20050718,TMIN,-20,,,a,
ASN00082076,20050719,TMIN,-5,,,a,
ASN00082076,20050720,TMIN,-20,,,a,
ASN00082076,20050723,TMIN,-18,,,a,
ASN00082076,20050724,TMIN,-10,,,a,
ASN00082076,20050725,TMIN,16,,,a,
ASN00082076,20050726,TMIN,77,,,a,
ASN00082076,20050727,TMIN,36,,,a,
ASN00082076,20050728,TMIN,68,,,a,
ASN00082076,20050729,TMIN,82,,,a,
ASN00082076,20050730,TMIN,55,,,a,
ASN00082076,20050731,TMIN,39,,,a,
ASN00082076,20050701,PRCP,84,,,a,
ASN00082076,20050704,PRCP,0,,,a,
ASN00082076,20050705,PRCP,0,,,a,
ASN00082076,20050706,PRCP,0,,,a,
ASN00082076,20050707,PRCP,70,,,a,
ASN00082076,20050708,PRCP,6,,,a,
ASN00082076,20050709,PRCP,280,,,a,
ASN00082076,20050710,PRCP,66,,,a,
ASN00082076,20050711,PRCP,0,,,a,
ASN00082076,20050712,PRCP,2,,,a,
ASN00082076,20050713,PRCP,52,,,a,
ASN00082076,20050714,PRCP,102,,,a,
ASN00082076,20050715,PRCP,10,,,a,
ASN00082076,20050716,PRCP,16,,,a,
ASN00082076,20050717,PRCP,118,,,a,
ASN00082076,20050718,PRCP,4,,,a,
ASN00082076,20050719,PRCP,0,,,a,
ASN00082076,20050720,PRCP,0,,,a,
ASN00082076,20050721,PRCP,0,,,a,
ASN00082076,20050722,PRCP,0,,,a,
ASN00082076,20050723,PRCP,0,,,a,
ASN00082076,20050724,PRCP,0,,,a,
ASN00082076,20050725,PRCP,0,,,a,
ASN00082076,20050726,PRCP,54,,,a,
ASN00082076,20050727,PRCP,36,,,a,
ASN00082076,20050728,PRCP,26,,,a,
ASN00082076,20050729,PRCP,8,,,a,
ASN00082076,20050730,PRCP,4,,,a,
ASN00082076,20050731,PRCP,0,,,a,
ASN00082076,20050703,DAPR,2,,,a,
ASN00082076,20050703,DATN,2,,,a,
ASN00082076,20050722,DATN,2,,,a,
ASN00082076,20050702,DATX,2,,,a,
ASN00082076,20050721,DATX,2,,,a,
ASN00082076,20050703,MDPR,168,,,a,
ASN00082076,20050703,MDTN,68,,,a,
ASN00082076,20050722,MDTN,-24,,,a,
ASN00082076,20050702,MDTX,100,,,a,
ASN00082076,20050721,MDTX,143,,,a,
ASN00082076,20050801,TMAX,155,,,a,
ASN00082076,20050802,TMAX,160,,,a,
ASN00082076,20050803,TMAX,129,,,a,
ASN00082076,20050804,TMAX,118,,,a,
ASN00082076,20050805,TMAX,113,,,a,
ASN00082076,20050806,TMAX,135,,,a,
ASN00082076,20050807,TMAX,103,,,a,
ASN00082076,20050808,TMAX,129,,,a,
ASN00082076,20050809,TMAX,123,,,a,
ASN00082076,20050810,TMAX,80,,,a,
ASN00082076,20050811,TMAX,70,,,a,
ASN00082076,20050812,TMAX,100,,,a,
ASN00082076,20050813,TMAX,130,,,a,
ASN00082076,20050814,TMAX,140,,,a,
ASN00082076,20050815,TMAX,90,,,a,
ASN00082076,20050816,TMAX,130,,,a,
ASN00082076,20050817,TMAX,162,,,a,
ASN00082076,20050818,TMAX,172,,,a,
ASN00082076,20050819,TMAX,115,,,a,
ASN00082076,20050820,TMAX,158,,,a,
ASN00082076,20050821,TMAX,130,,,a,
ASN00082076,20050822,TMAX,140,,,a,
ASN00082076,20050823,TMAX,135,,,a,
ASN00082076,20050824,TMAX,174,,,a,
ASN00082076,20050825,TMAX,188,,,a,
ASN00082076,20050826,TMAX,192,,,a,
ASN00082076,20050827,TMAX,194,,,a,
ASN00082076,20050830,TMAX,185,,,a,
ASN00082076,20050831,TMAX,93,,,a,
ASN00082076,20050801,TMIN,25,,,a,
ASN00082076,20050802,TMIN,8,,,a,
ASN00082076,20050803,TMIN,24,,,a,
ASN00082076,20050804,TMIN,44,,,a,
ASN00082076,20050805,TMIN,-4,,,a,
ASN00082076,20050806,TMIN,-12,,,a,
ASN00082076,20050807,TMIN,18,,,a,
ASN00082076,20050808,TMIN,70,,,a,
ASN00082076,20050809,TMIN,60,,,a,
ASN00082076,20050810,TMIN,40,,,a,
ASN00082076,20050811,TMIN,4,,,a,
ASN00082076,20050812,TMIN,16,,,a,
ASN00082076,20050813,TMIN,-15,,,a,
ASN00082076,20050814,TMIN,13,,,a,
ASN00082076,20050815,TMIN,15,,,a,
ASN00082076,20050816,TMIN,10,,,a,
ASN00082076,20050817,TMIN,10,,,a,
ASN00082076,20050818,TMIN,-8,,,a,
ASN00082076,20050819,TMIN,22,,,a,
ASN00082076,20050820,TMIN,53,,,a,
ASN00082076,20050821,TMIN,80,,,a,
ASN00082076,20050822,TMIN,46,,,a,
ASN00082076,20050823,TMIN,-28,,,a,
ASN00082076,20050824,TMIN,12,,,a,
ASN00082076,20050825,TMIN,-1,,,a,
ASN00082076,20050826,TMIN,10,,,a,
ASN00082076,20050827,TMIN,5,,,a,
ASN00082076,20050828,TMIN,2,,,a,
ASN00082076,20050831,TMIN,38,,,a,
ASN00082076,20050801,PRCP,0,,,a,
ASN00082076,20050802,PRCP,0,,,a,
ASN00082076,20050803,PRCP,10,,,a,
ASN00082076,20050804,PRCP,528,,,a,
ASN00082076,20050805,PRCP,44,,,a,
ASN00082076,20050806,PRCP,0,,,a,
ASN00082076,20050807,PRCP,0,,,a,
ASN00082076,20050808,PRCP,30,,,a,
ASN00082076,20050809,PRCP,16,,,a,
ASN00082076,20050810,PRCP,248,,,a,
ASN00082076,20050811,PRCP,38,,,a,
ASN00082076,20050812,PRCP,6,,,a,
ASN00082076,20050813,PRCP,0,,,a,
ASN00082076,20050814,PRCP,0,,,a,
ASN00082076,20050815,PRCP,0,,,a,
ASN00082076,20050816,PRCP,92,,,a,
ASN00082076,20050817,PRCP,0,,,a,
ASN00082076,20050818,PRCP,0,,,a,
ASN00082076,20050819,PRCP,0,,,a,
ASN00082076,20050820,PRCP,138,,,a,
ASN00082076,20050821,PRCP,6,,,a,
ASN00082076,20050822,PRCP,112,,,a,
ASN00082076,20050823,PRCP,0,,,a,
ASN00082076,20050824,PRCP,0,,,a,
ASN00082076,20050825,PRCP,0,,,a,
ASN00082076,20050826,PRCP,0,,,a,
ASN00082076,20050827,PRCP,0,,,a,
ASN00082076,20050828,PRCP,0,,,a,
ASN00082076,20050829,PRCP,0,,L,a,
ASN00082076,20050830,PRCP,0,,L,a,
ASN00082076,20050831,DAPR,3,,L,a,
ASN00082076,20050830,DATN,2,,,a,
ASN00082076,20050829,DATX,2,,,a,
ASN00082076,20050831,MDPR,644,,L,a,
ASN00082076,20050830,MDTN,34,,,a,
ASN00082076,20050829,MDTX,193,,,a,
ASN00082076,20050901,TMAX,130,,,a,
ASN00082076,20050902,TMAX,110,,,a,
ASN00082076,20050903,TMAX,141,,,a,
ASN00082076,20050904,TMAX,164,,,a,
ASN00082076,20050905,TMAX,166,,,a,
ASN00082076,20050906,TMAX,181,,,a,
ASN00082076,20050907,TMAX,190,,,a,
ASN00082076,20050911,TMAX,130,,,a,
ASN00082076,20050912,TMAX,101,,,a,
ASN00082076,20050913,TMAX,130,,,a,
ASN00082076,20050914,TMAX,130,,,a,
ASN00082076,20050915,TMAX,138,,,a,
ASN00082076,20050916,TMAX,140,,,a,
ASN00082076,20050917,TMAX,96,,,a,
ASN00082076,20050918,TMAX,158,,,a,
ASN00082076,20050919,TMAX,144,,,a,
ASN00082076,20050920,TMAX,170,,,a,
ASN00082076,20050921,TMAX,194,,,a,
ASN00082076,20050922,TMAX,197,,,a,
ASN00082076,20050923,TMAX,237,,,a,
ASN00082076,20050924,TMAX,228,,,a,
ASN00082076,20050925,TMAX,182,,,a,
ASN00082076,20050926,TMAX,152,,,a,
ASN00082076,20050927,TMAX,207,,,a,
ASN00082076,20050928,TMAX,198,,,a,
ASN00082076,20050929,TMAX,133,,,a,
ASN00082076,20050930,TMAX,165,,,a,
ASN00082076,20050901,TMIN,-10,,,a,
ASN00082076,20050902,TMIN,31,,,a,
ASN00082076,20050903,TMIN,16,,,a,
ASN00082076,20050904,TMIN,50,,,a,
ASN00082076,20050905,TMIN,18,,,a,
ASN00082076,20050906,TMIN,10,,,a,
ASN00082076,20050907,TMIN,7,,,a,
ASN00082076,20050908,TMIN,36,,,a,
ASN00082076,20050912,TMIN,55,,,a,
ASN00082076,20050913,TMIN,22,,,a,
ASN00082076,20050914,TMIN,17,,,a,
ASN00082076,20050915,TMIN,60,,,a,
ASN00082076,20050916,TMIN,15,,,a,
ASN00082076,20050917,TMIN,37,,,a,
ASN00082076,20050918,TMIN,-2,,,a,
ASN00082076,20050919,TMIN,39,,,a,
ASN00082076,20050920,TMIN,53,,,a,
ASN00082076,20050921,TMIN,34,,,a,
ASN00082076,20050922,TMIN,52,,,a,
ASN00082076,20050923,TMIN,91,,,a,
ASN00082076,20050924,TMIN,86,,,a,
ASN00082076,20050925,TMIN,120,,,a,
ASN00082076,20050926,TMIN,111,,,a,
ASN00082076,20050927,TMIN,94,,,a,
ASN00082076,20050928,TMIN,68,,,a,
ASN00082076,20050929,TMIN,73,,,a,
ASN00082076,20050930,TMIN,36,,,a,
ASN00082076,20050901,PRCP,86,,,a,
ASN00082076,20050902,PRCP,20,,,a,
ASN00082076,20050903,PRCP,2,,,a,
ASN00082076,20050904,PRCP,6,,,a,
ASN00082076,20050905,PRCP,0,,,a,
ASN00082076,20050906,PRCP,0,,,a,
ASN00082076,20050907,PRCP,0,,,a,
ASN00082076,20050908,PRCP,0,,,a,
ASN00082076,20050909,PRCP,32,,,a,
ASN00082076,20050912,PRCP,72,,,a,
ASN00082076,20050913,PRCP,12,,,a,
ASN00082076,20050914,PRCP,0,,,a,
ASN00082076,20050915,PRCP,8,,,a,
ASN00082076,20050916,PRCP,42,,,a,
ASN00082076,20050917,PRCP,0,,,a,
ASN00082076,20050918,PRCP,76,,,a,
ASN00082076,20050919,PRCP,4,,,a,
ASN00082076,20050920,PRCP,16,,,a,
ASN00082076,20050921,PRCP,2,,,a,
ASN00082076,20050922,PRCP,0,,,a,
ASN00082076,20050923,PRCP,14,,,a,
ASN00082076,20050924,PRCP,0,,,a,
ASN00082076,20050925,PRCP,0,,,a,
ASN00082076,20050926,PRCP,58,,,a,
ASN00082076,20050927,PRCP,34,,,a,
ASN00082076,20050928,PRCP,0,,,a,
ASN00082076,20050929,PRCP,366,,,a,
ASN00082076,20050930,PRCP,48,,,a,
ASN00082076,20050911,DAPR,2,,,a,
ASN00082076,20050911,DATN,3,,,a,
ASN00082076,20050910,DATX,3,,,a,
ASN00082076,20050911,MDPR,1016,,,a,
ASN00082076,20050911,MDTN,86,,,a,
ASN00082076,20050910,MDTX,171,,,a,
ASN00082076,20051001,TMAX,211,,,a,
ASN00082076,20051002,TMAX,222,,,a,
ASN00082076,20051003,TMAX,237,,,a,
ASN00082076,20051004,TMAX,212,,,a,
ASN00082076,20051005,TMAX,197,,,a,
ASN00082076,20051006,TMAX,186,,,a,
ASN00082076,20051007,TMAX,143,,,a,
ASN00082076,20051008,TMAX,120,,,a,
ASN00082076,20051009,TMAX,145,,,a,
ASN00082076,20051010,TMAX,170,,,a,
ASN00082076,20051013,TMAX,222,,,a,
ASN00082076,20051014,TMAX,200,,,a,
ASN00082076,20051015,TMAX,211,,,a,
ASN00082076,20051016,TMAX,209,,,a,
ASN00082076,20051017,TMAX,240,,,a,
ASN00082076,20051018,TMAX,242,,,a,
ASN00082076,20051021,TMAX,186,,,a,
ASN00082076,20051022,TMAX,200,,,a,
ASN00082076,20051023,TMAX,234,,,a,
ASN00082076,20051024,TMAX,221,,,a,
ASN00082076,20051025,TMAX,162,,,a,
ASN00082076,20051026,TMAX,198,,,a,
ASN00082076,20051027,TMAX,191,,,a,
ASN00082076,20051028,TMAX,221,,,a,
ASN00082076,20051029,TMAX,215,,,a,
ASN00082076,20051030,TMAX,190,,,a,
ASN00082076,20051031,TMAX,246,,,a,
ASN00082076,20051001,TMIN,35,,,a,
ASN00082076,20051002,TMIN,61,,,a,
ASN00082076,20051003,TMIN,65,,,a,
ASN00082076,20051004,TMIN,57,,,a,
ASN00082076,20051005,TMIN,67,,,a,
ASN00082076,20051006,TMIN,89,,,a,
ASN00082076,20051007,TMIN,20,,,a,
ASN00082076,20051008,TMIN,88,,,a,
ASN00082076,20051009,TMIN,67,,,a,
ASN00082076,20051010,TMIN,38,,,a,
ASN00082076,20051011,TMIN,31,,,a,
ASN00082076,20051014,TMIN,69,,,a,
ASN00082076,20051015,TMIN,35,,,a,
ASN00082076,20051016,TMIN,76,,,a,
ASN00082076,20051017,TMIN,95,,,a,
ASN00082076,20051018,TMIN,86,,,a,
ASN00082076,20051019,TMIN,77,,,a,
ASN00082076,20051022,TMIN,110,,,a,
ASN00082076,20051023,TMIN,108,,,a,
ASN00082076,20051024,TMIN,138,,,a,
ASN00082076,20051025,TMIN,115,,,a,
ASN00082076,20051026,TMIN,99,,,a,
ASN00082076,20051027,TMIN,75,,,a,
ASN00082076,20051028,TMIN,45,,,a,
ASN00082076,20051029,TMIN,111,,,a,
ASN00082076,20051030,TMIN,134,,,a,
ASN00082076,20051031,TMIN,152,,,a,
ASN00082076,20051001,PRCP,0,,,a,
ASN00082076,20051002,PRCP,0,,,a,
ASN00082076,20051003,PRCP,0,,,a,
ASN00082076,20051004,PRCP,0,,,a,
ASN00082076,20051005,PRCP,0,,,a,
ASN00082076,20051006,PRCP,46,,,a,
ASN00082076,20051007,PRCP,0,,,a,
ASN00082076,20051008,PRCP,90,,,a,
ASN00082076,20051009,PRCP,100,,,a,
ASN00082076,20051010,PRCP,4,,,a,
ASN00082076,20051011,PRCP,0,,,a,
ASN00082076,20051012,PRCP,0,,,a,
ASN00082076,20051013,PRCP,0,,,a,
ASN00082076,20051014,PRCP,52,,,a,
ASN00082076,20051015,PRCP,0,,,a,
ASN00082076,20051016,PRCP,0,,,a,
ASN00082076,20051017,PRCP,0,,,a,
ASN00082076,20051018,PRCP,0,,,a,
ASN00082076,20051019,PRCP,0,,,a,
ASN00082076,20051022,PRCP,50,,,a,
ASN00082076,20051023,PRCP,68,,,a,
ASN00082076,20051024,PRCP,10,,,a,
ASN00082076,20051025,PRCP,34,,,a,
ASN00082076,20051026,PRCP,108,,,a,
ASN00082076,20051027,PRCP,8,,,a,
ASN00082076,20051028,PRCP,0,,,a,
ASN00082076,20051029,PRCP,4,,,a,
ASN00082076,20051030,PRCP,174,,,a,
ASN00082076,20051031,PRCP,66,,,a,
ASN00082076,20051021,DAPR,2,,,a,
ASN00082076,20051013,DATN,2,,,a,
ASN00082076,20051021,DATN,2,,,a,
ASN00082076,20051012,DATX,2,,,a,
ASN00082076,20051020,DATX,2,,,a,
ASN00082076,20051021,MDPR,36,,,a,
ASN00082076,20051013,MDTN,42,,,a,
ASN00082076,20051021,MDTN,102,,,a,
ASN00082076,20051012,MDTX,192,,,a,
ASN00082076,20051020,MDTX,194,,,a,
ASN00082076,20051101,TMAX,285,,,a,
ASN00082076,20051102,TMAX,293,,,a,
ASN00082076,20051103,TMAX,230,,,a,
ASN00082076,20051104,TMAX,230,,,a,
ASN00082076,20051105,TMAX,230,,,a,
ASN00082076,20051106,TMAX,270,,,a,
ASN00082076,20051107,TMAX,230,,,a,
ASN00082076,20051108,TMAX,244,,,a,
ASN00082076,20051109,TMAX,300,,,a,
ASN00082076,20051110,TMAX,198,,,a,
ASN00082076,20051111,TMAX,185,,,a,
ASN00082076,20051112,TMAX,200,,,a,
ASN00082076,20051113,TMAX,229,,,a,
ASN00082076,20051114,TMAX,240,,,a,
ASN00082076,20051115,TMAX,172,,,a,
ASN00082076,20051116,TMAX,227,,,a,
ASN00082076,20051117,TMAX,255,,,a,
ASN00082076,20051118,TMAX,264,,,a,
ASN00082076,20051119,TMAX,258,,,a,
ASN00082076,20051120,TMAX,256,,,a,
ASN00082076,20051121,TMAX,264,,,a,
ASN00082076,20051122,TMAX,274,,,a,
ASN00082076,20051123,TMAX,270,,,a,
ASN00082076,20051124,TMAX,257,,,a,
ASN00082076,20051125,TMAX,264,,,a,
ASN00082076,20051126,TMAX,250,,,a,
ASN00082076,20051127,TMAX,185,,,a,
ASN00082076,20051128,TMAX,195,,,a,
ASN00082076,20051129,TMAX,223,,,a,
ASN00082076,20051130,TMAX,218,,,a,
ASN00082076,20051101,TMIN,128,,,a,
ASN00082076,20051102,TMIN,150,,,a,
ASN00082076,20051103,TMIN,167,,,a,
ASN00082076,20051104,TMIN,102,,,a,
ASN00082076,20051105,TMIN,88,,,a,
ASN00082076,20051106,TMIN,88,,,a,
ASN00082076,20051107,TMIN,145,,,a,
ASN00082076,20051108,TMIN,155,,,a,
ASN00082076,20051109,TMIN,135,,,a,
ASN00082076,20051110,TMIN,160,,,a,
ASN00082076,20051111,TMIN,62,,,a,
ASN00082076,20051112,TMIN,63,,,a,
ASN00082076,20051113,TMIN,52,,,a,
ASN00082076,20051114,TMIN,71,,,a,
ASN00082076,20051115,TMIN,110,,,a,
ASN00082076,20051116,TMIN,92,,,a,
ASN00082076,20051117,TMIN,75,,,a,
ASN00082076,20051118,TMIN,88,,,a,
ASN00082076,20051119,TMIN,132,,,a,
ASN00082076,20051120,TMIN,132,,,a,
ASN00082076,20051121,TMIN,105,,,a,
ASN00082076,20051122,TMIN,122,,,a,
ASN00082076,20051123,TMIN,138,,,a,
ASN00082076,20051124,TMIN,120,,,a,
ASN00082076,20051125,TMIN,147,,,a,
ASN00082076,20051126,TMIN,160,,,a,
ASN00082076,20051127,TMIN,104,,,a,
ASN00082076,20051128,TMIN,99,,,a,
ASN00082076,20051129,TMIN,113,,,a,
ASN00082076,20051130,TMIN,76,,,a,
ASN00082076,20051101,PRCP,4,,,a,
ASN00082076,20051102,PRCP,0,,,a,
ASN00082076,20051103,PRCP,0,,,a,
ASN00082076,20051104,PRCP,168,,,a,
ASN00082076,20051105,PRCP,0,,,a,
ASN00082076,20051106,PRCP,0,,,a,
ASN00082076,20051107,PRCP,0,,,a,
ASN00082076,20051108,PRCP,164,,,a,
ASN00082076,20051109,PRCP,0,,,a,
ASN00082076,20051110,PRCP,18,,,a,
ASN00082076,20051111,PRCP,24,,,a,
ASN00082076,20051112,PRCP,0,,,a,
ASN00082076,20051113,PRCP,0,,,a,
ASN00082076,20051114,PRCP,0,,,a,
ASN00082076,20051115,PRCP,152,,,a,
ASN00082076,20051116,PRCP,0,,,a,
ASN00082076,20051117,PRCP,0,,,a,
ASN00082076,20051118,PRCP,0,,,a,
ASN00082076,20051119,PRCP,0,,,a,
ASN00082076,20051120,PRCP,0,,,a,
ASN00082076,20051121,PRCP,0,,,a,
ASN00082076,20051122,PRCP,0,,,a,
ASN00082076,20051123,PRCP,0,,,a,
ASN00082076,20051124,PRCP,0,,,a,
ASN00082076,20051125,PRCP,10,,,a,
ASN00082076,20051126,PRCP,84,,,a,
ASN00082076,20051127,PRCP,0,,,a,
ASN00082076,20051128,PRCP,0,,,a,
ASN00082076,20051129,PRCP,8,,,a,
ASN00082076,20051130,PRCP,0,,,a,
ASN00082076,20051204,TMAX,250,,,a,
ASN00082076,20051207,TMAX,250,,,a,
ASN00082076,20051208,TMAX,212,,,a,
ASN00082076,20051209,TMAX,239,,,a,
ASN00082076,20051210,TMAX,239,,,a,
ASN00082076,20051211,TMAX,282,,,a,
ASN00082076,20051212,TMAX,302,,,a,
ASN00082076,20051213,TMAX,250,,,a,
ASN00082076,20051214,TMAX,254,,,a,
ASN00082076,20051215,TMAX,278,,,a,
ASN00082076,20051216,TMAX,270,,,a,
ASN00082076,20051217,TMAX,185,,,a,
ASN00082076,20051218,TMAX,170,,,a,
ASN00082076,20051219,TMAX,243,,,a,
ASN00082076,20051220,TMAX,288,,,a,
ASN00082076,20051221,TMAX,350,,,a,
ASN00082076,20051222,TMAX,305,,,a,
ASN00082076,20051223,TMAX,327,,,a,
ASN00082076,20051229,TMAX,307,,,a,
ASN00082076,20051230,TMAX,350,,,a,
ASN00082076,20051231,TMAX,385,,,a,
ASN00082076,20051201,TMIN,120,,,a,
ASN00082076,20051205,TMIN,85,,,a,
ASN00082076,20051208,TMIN,95,,,a,
ASN00082076,20051209,TMIN,56,,,a,
ASN00082076,20051210,TMIN,82,,,a,
ASN00082076,20051211,TMIN,131,,,a,
ASN00082076,20051212,TMIN,108,,,a,
ASN00082076,20051213,TMIN,149,,,a,
ASN00082076,20051214,TMIN,78,,,a,
ASN00082076,20051215,TMIN,80,,,a,
ASN00082076,20051216,TMIN,144,,,a,
ASN00082076,20051217,TMIN,103,,,a,
ASN00082076,20051218,TMIN,62,,,a,
ASN00082076,20051219,TMIN,55,,,a,
ASN00082076,20051220,TMIN,70,,,a,
ASN00082076,20051221,TMIN,114,,,a,
ASN00082076,20051222,TMIN,154,,,a,
ASN00082076,20051223,TMIN,95,,,a,
ASN00082076,20051224,TMIN,175,,,a,
ASN00082076,20051230,TMIN,109,,,a,
ASN00082076,20051231,TMIN,130,,,a,
ASN00082076,20051201,PRCP,0,,,a,
ASN00082076,20051204,PRCP,4,,,a,
ASN00082076,20051205,PRCP,2,,,a,
ASN00082076,20051208,PRCP,0,,,a,
ASN00082076,20051209,PRCP,0,,,a,
ASN00082076,20051210,PRCP,0,,,a,
ASN00082076,20051211,PRCP,0,,,a,
ASN00082076,20051212,PRCP,0,,,a,
ASN00082076,20051213,PRCP,0,,,a,
ASN00082076,20051214,PRCP,0,,,a,
ASN00082076,20051215,PRCP,0,,,a,
ASN00082076,20051216,PRCP,0,,,a,
ASN00082076,20051217,PRCP,0,,,a,
ASN00082076,20051218,PRCP,70,,,a,
ASN00082076,20051219,PRCP,0,,,a,
ASN00082076,20051220,PRCP,0,,,a,
ASN00082076,20051221,PRCP,0,,,a,
ASN00082076,20051222,PRCP,0,,,a,
ASN00082076,20051223,PRCP,0,,,a,
ASN00082076,20051224,PRCP,10,,,a,
ASN00082076,20051227,PRCP,0,,,a,
ASN00082076,20051228,PRCP,0,,,a,
ASN00082076,20051230,PRCP,0,,,a,
ASN00082076,20051231,PRCP,0,,,a,
ASN00082076,20051203,DAPR,2,,,a,
ASN00082076,20051207,DAPR,2,,,a,
ASN00082076,20051204,DATN,3,,,a,
ASN00082076,20051207,DATN,2,,,a,
ASN00082076,20051203,DATX,3,,,a,
ASN00082076,20051206,DATX,2,,,a,
ASN00082076,20051203,MDPR,460,,,a,
ASN00082076,20051207,MDPR,146,,,a,
ASN00082076,20051204,MDTN,100,,,a,
ASN00082076,20051207,MDTN,80,,,a,
ASN00082076,20051203,MDTX,170,,,a,
ASN00082076,20051206,MDTX,255,,,a,
ASN00082076,20060101,TMAX,393,,,a,
ASN00082076,20060102,TMAX,377,,,a,
ASN00082076,20060103,TMAX,300,,,a,
ASN00082076,20060104,TMAX,270,,,a,
ASN00082076,20060105,TMAX,288,,,a,
ASN00082076,20060106,TMAX,285,,,a,
ASN00082076,20060107,TMAX,325,,,a,
ASN00082076,20060108,TMAX,342,,,a,
ASN00082076,20060109,TMAX,328,,,a,
ASN00082076,20060110,TMAX,362,,,a,
ASN00082076,20060111,TMAX,235,,,a,
ASN00082076,20060112,TMAX,318,,,a,
ASN00082076,20060113,TMAX,325,,,a,
ASN00082076,20060114,TMAX,332,,,a,
ASN00082076,20060115,TMAX,303,,,a,
ASN00082076,20060116,TMAX,292,,,a,
ASN00082076,20060117,TMAX,298,,,a,
ASN00082076,20060118,TMAX,256,,,a,
ASN00082076,20060119,TMAX,295,,,a,
ASN00082076,20060120,TMAX,312,,,a,
ASN00082076,20060121,TMAX,360,,,a,
ASN00082076,20060122,TMAX,385,,,a,
ASN00082076,20060123,TMAX,375,,,a,
ASN00082076,20060126,TMAX,353,,,a,
ASN00082076,20060127,TMAX,356,,,a,
ASN00082076,20060128,TMAX,369,,,a,
ASN00082076,20060129,TMAX,377,,,a,
ASN00082076,20060130,TMAX,362,,,a,
ASN00082076,20060131,TMAX,335,,,a,
ASN00082076,20060101,TMIN,184,,,a,
ASN00082076,20060102,TMIN,154,,,a,
ASN00082076,20060103,TMIN,96,,,a,
ASN00082076,20060104,TMIN,118,,,a,
ASN00082076,20060105,TMIN,136,,,a,
ASN00082076,20060106,TMIN,135,,,a,
ASN00082076,20060107,TMIN,120,,,a,
ASN00082076,20060108,TMIN,154,,,a,
ASN00082076,20060109,TMIN,158,,,a,
ASN00082076,20060110,TMIN,174,,,a,
ASN00082076,20060111,TMIN,213,,,a,
ASN00082076,20060112,TMIN,164,,,a,
ASN00082076,20060113,TMIN,183,,,a,
ASN00082076,20060114,TMIN,125,,,a,
ASN00082076,20060115,TMIN,177,,,a,
ASN00082076,20060116,TMIN,179,,,a,
ASN00082076,20060117,TMIN,194,,,a,
ASN00082076,20060118,TMIN,185,,,a,
ASN00082076,20060119,TMIN,123,,,a,
ASN00082076,20060120,TMIN,133,,,a,
ASN00082076,20060121,TMIN,160,,,a,
ASN00082076,20060122,TMIN,175,,,a,
ASN00082076,20060123,TMIN,180,,,a,
ASN00082076,20060124,TMIN,186,,,a,
ASN00082076,20060127,TMIN,193,,,a,
ASN00082076,20060128,TMIN,201,,,a,
ASN00082076,20060129,TMIN,180,,,a,
ASN00082076,20060130,TMIN,234,,,a,
ASN00082076,20060131,TMIN,155,,,a,
ASN00082076,20060101,PRCP,0,,,a,
ASN00082076,20060102,PRCP,2,,,a,
ASN00082076,20060103,PRCP,0,,,a,
ASN00082076,20060104,PRCP,0,,,a,
ASN00082076,20060105,PRCP,0,,,a,
ASN00082076,20060106,PRCP,0,,,a,
ASN00082076,20060107,PRCP,0,,,a,
ASN00082076,20060108,PRCP,0,,,a,
ASN00082076,20060109,PRCP,0,,,a,
ASN00082076,20060110,PRCP,0,,,a,
ASN00082076,20060111,PRCP,0,,,a,
ASN00082076,20060112,PRCP,44,,,a,
ASN00082076,20060113,PRCP,0,,,a,
ASN00082076,20060114,PRCP,0,,,a,
ASN00082076,20060115,PRCP,0,,,a,
ASN00082076,20060116,PRCP,0,,,a,
ASN00082076,20060117,PRCP,72,,,a,
ASN00082076,20060118,PRCP,0,,,a,
ASN00082076,20060119,PRCP,0,,,a,
ASN00082076,20060120,PRCP,0,,,a,
ASN00082076,20060121,PRCP,0,,,a,
ASN00082076,20060122,PRCP,0,,,a,
ASN00082076,20060123,PRCP,0,,,a,
ASN00082076,20060124,PRCP,0,,,a,
ASN00082076,20060125,PRCP,0,,,a,
ASN00082076,20060126,PRCP,0,,,a,
ASN00082076,20060127,PRCP,0,,,a,
ASN00082076,20060128,PRCP,20,,,a,
ASN00082076,20060129,PRCP,0,,,a,
ASN00082076,20060130,PRCP,0,,,a,
ASN00082076,20060131,PRCP,0,,,a,
ASN00082076,20060126,DATN,2,,,a,
ASN00082076,20060125,DATX,2,,,a,
ASN00082076,20060126,MDTN,120,,,a,
ASN00082076,20060125,MDTX,338,,,a,
ASN00082076,20060201,TMAX,370,,,a,
ASN00082076,20060202,TMAX,320,,,a,
ASN00082076,20060205,TMAX,320,,,a,
ASN00082076,20060208,TMAX,294,,,a,
ASN00082076,20060209,TMAX,237,,,a,
ASN00082076,20060210,TMAX,236,,,a,
ASN00082076,20060211,TMAX,273,,,a,
ASN00082076,20060212,TMAX,291,,,a,
ASN00082076,20060213,TMAX,288,,,a,
ASN00082076,20060214,TMAX,307,,,a,
ASN00082076,20060215,TMAX,332,,,a,
ASN00082076,20060216,TMAX,325,,,a,
ASN00082076,20060217,TMAX,350,,,a,
ASN00082076,20060218,TMAX,340,,,a,
ASN00082076,20060219,TMAX,322,,,a,
ASN00082076,20060220,TMAX,320,,,a,
ASN00082076,20060221,TMAX,335,,,a,
ASN00082076,20060222,TMAX,340,,,a,
ASN00082076,20060223,TMAX,335,,,a,
ASN00082076,20060224,TMAX,335,,,a,
ASN00082076,20060225,TMAX,261,,,a,
ASN00082076,20060226,TMAX,240,,,a,
ASN00082076,20060227,TMAX,302,,,a,
ASN00082076,20060228,TMAX,311,,,a,
ASN00082076,20060201,TMIN,166,,,a,
ASN00082076,20060202,TMIN,206,,,a,
ASN00082076,20060203,TMIN,173,,,a,
ASN00082076,20060206,TMIN,108,,,a,
ASN00082076,20060209,TMIN,105,,,a,
ASN00082076,20060210,TMIN,50,,,a,
ASN00082076,20060211,TMIN,86,,,a,
ASN00082076,20060212,TMIN,101,,,a,
ASN00082076,20060213,TMIN,95,,,a,
ASN00082076,20060214,TMIN,119,,,a,
ASN00082076,20060215,TMIN,134,,,a,
ASN00082076,20060216,TMIN,175,,,a,
ASN00082076,20060217,TMIN,134,,,a,
ASN00082076,20060218,TMIN,136,,,a,
ASN00082076,20060219,TMIN,110,,,a,
ASN00082076,20060220,TMIN,158,,,a,
ASN00082076,20060221,TMIN,131,,,a,
ASN00082076,20060222,TMIN,129,,,a,
ASN00082076,20060223,TMIN,165,,,a,
ASN00082076,20060224,TMIN,163,,,a,
ASN00082076,20060225,TMIN,165,,,a,
ASN00082076,20060226,TMIN,145,,,a,
ASN00082076,20060227,TMIN,149,,,a,
ASN00082076,20060228,TMIN,119,,,a,
ASN00082076,20060201,PRCP,0,,,a,
ASN00082076,20060202,PRCP,4,,,a,
ASN00082076,20060203,PRCP,0,,,a,
ASN00082076,20060204,PRCP,0,,,a,
ASN00082076,20060205,PRCP,0,,,a,
ASN00082076,20060206,PRCP,0,,,a,
ASN00082076,20060207,PRCP,0,,,a,
ASN00082076,20060208,PRCP,0,,,a,
ASN00082076,20060209,PRCP,0,,,a,
ASN00082076,20060210,PRCP,44,,,a,
ASN00082076,20060211,PRCP,0,,,a,
ASN00082076,20060212,PRCP,0,,,a,
ASN00082076,20060213,PRCP,0,,,a,
ASN00082076,20060214,PRCP,0,,,a,
ASN00082076,20060215,PRCP,0,,,a,
ASN00082076,20060216,PRCP,0,,,a,
ASN00082076,20060217,PRCP,0,,,a,
ASN00082076,20060218,PRCP,0,,,a,
ASN00082076,20060219,PRCP,0,,,a,
ASN00082076,20060220,PRCP,0,,,a,
ASN00082076,20060221,PRCP,0,,,a,
ASN00082076,20060222,PRCP,0,,,a,
ASN00082076,20060223,PRCP,0,,,a,
ASN00082076,20060224,PRCP,0,,,a,
ASN00082076,20060225,PRCP,0,,,a,
ASN00082076,20060226,PRCP,48,,,a,
ASN00082076,20060227,PRCP,0,,,a,
ASN00082076,20060228,PRCP,0,,,a,
ASN00082076,20060205,DATN,2,,,a,
ASN00082076,20060208,DATN,2,,,a,
ASN00082076,20060204,DATX,2,,,a,
ASN00082076,20060207,DATX,2,,,a,
ASN00082076,20060205,MDTN,170,,,a,
ASN00082076,20060208,MDTN,90,,,a,
ASN00082076,20060204,MDTX,240,,,a,
ASN00082076,20060207,MDTX,255,,,a,
ASN00082076,20060301,TMAX,310,,,a,
ASN00082076,20060304,TMAX,345,,,a,
ASN00082076,20060305,TMAX,325,,,a,
ASN00082076,20060306,TMAX,312,,,a,
ASN00082076,20060309,TMAX,315,,,a,
ASN00082076,20060310,TMAX,332,,,a,
ASN00082076,20060311,TMAX,326,,,a,
ASN00082076,20060312,TMAX,361,,,a,
ASN00082076,20060313,TMAX,278,,,a,
ASN00082076,20060314,TMAX,293,,,a,
ASN00082076,20060315,TMAX,296,,,a,
ASN00082076,20060316,TMAX,220,,,a,
ASN00082076,20060317,TMAX,241,,,a,
ASN00082076,20060318,TMAX,260,,,a,
ASN00082076,20060319,TMAX,265,,,a,
ASN00082076,20060320,TMAX,260,,,a,
ASN00082076,20060321,TMAX,281,,,a,
ASN00082076,20060322,TMAX,280,,,a,
ASN00082076,20060323,TMAX,305,,,a,
ASN00082076,20060324,TMAX,293,,,a,
ASN00082076,20060325,TMAX,279,,,a,
ASN00082076,20060326,TMAX,272,,,a,
ASN00082076,20060327,TMAX,279,,,a,
ASN00082076,20060328,TMAX,282,,,a,
ASN00082076,20060329,TMAX,288,,,a,
ASN00082076,20060330,TMAX,207,,,a,
ASN00082076,20060301,TMIN,150,,,a,
ASN00082076,20060302,TMIN,125,,,a,
ASN00082076,20060305,TMIN,124,,,a,
ASN00082076,20060306,TMIN,108,,,a,
ASN00082076,20060307,TMIN,135,,,a,
ASN00082076,20060310,TMIN,112,,,a,
ASN00082076,20060311,TMIN,164,,,a,
ASN00082076,20060312,TMIN,109,,,a,
ASN00082076,20060313,TMIN,149,,,a,
ASN00082076,20060314,TMIN,148,,,a,
ASN00082076,20060315,TMIN,90,,,a,
ASN00082076,20060316,TMIN,89,,,a,
ASN00082076,20060317,TMIN,55,,,a,
ASN00082076,20060318,TMIN,90,,,a,
ASN00082076,20060319,TMIN,90,,,a,
ASN00082076,20060320,TMIN,124,,,a,
ASN00082076,20060321,TMIN,105,,,a,
ASN00082076,20060322,TMIN,110,,,a,
ASN00082076,20060323,TMIN,95,,,a,
ASN00082076,20060324,TMIN,131,,,a,
ASN00082076,20060325,TMIN,111,,,a,
ASN00082076,20060326,TMIN,95,,,a,
ASN00082076,20060327,TMIN,92,,,a,
ASN00082076,20060328,TMIN,144,,,a,
ASN00082076,20060329,TMIN,113,,,a,
ASN00082076,20060330,TMIN,138,,,a,
ASN00082076,20060331,TMIN,126,,,a,
ASN00082076,20060301,PRCP,0,,,a,
ASN00082076,20060302,PRCP,0,,,a,
ASN00082076,20060303,PRCP,0,,,a,
ASN00082076,20060304,PRCP,0,,,a,
ASN00082076,20060305,PRCP,0,,,a,
ASN00082076,20060306,PRCP,0,,,a,
ASN00082076,20060307,PRCP,0,,,a,
ASN00082076,20060308,PRCP,0,,,a,
ASN00082076,20060309,PRCP,0,,,a,
ASN00082076,20060310,PRCP,0,,,a,
ASN00082076,20060311,PRCP,0,,,a,
ASN00082076,20060312,PRCP,0,,,a,
ASN00082076,20060313,PRCP,0,,,a,
ASN00082076,20060314,PRCP,12,,,a,
ASN00082076,20060315,PRCP,0,,,a,
ASN00082076,20060316,PRCP,400,,,a,
ASN00082076,20060317,PRCP,48,,,a,
ASN00082076,20060318,PRCP,0,,,a,
ASN00082076,20060319,PRCP,0,,,a,
ASN00082076,20060320,PRCP,0,,,a,
ASN00082076,20060321,PRCP,0,,,a,
ASN00082076,20060322,PRCP,0,,,a,
ASN00082076,20060323,PRCP,0,,,a,
ASN00082076,20060324,PRCP,0,,,a,
ASN00082076,20060325,PRCP,0,,,a,
ASN00082076,20060326,PRCP,0,,,a,
ASN00082076,20060327,PRCP,0,,,a,
ASN00082076,20060328,PRCP,0,,,a,
ASN00082076,20060329,PRCP,0,,,a,
ASN00082076,20060330,PRCP,18,,L,a,
ASN00082076,20060331,DAPR,2,,L,a,
ASN00082076,20060304,DATN,2,,,a,
ASN00082076,20060309,DATN,2,,,a,
ASN00082076,20060303,DATX,2,,,a,
ASN00082076,20060308,DATX,2,,,a,
ASN00082076,20060331,MDPR,18,,L,a,
ASN00082076,20060304,MDTN,118,,,a,
ASN00082076,20060309,MDTN,100,,,a,
ASN00082076,20060303,MDTX,342,,,a,
ASN00082076,20060308,MDTX,300,,,a,
ASN00082076,20060401,TMAX,168,,,a,
ASN00082076,20060402,TMAX,170,,,a,
ASN00082076,20060403,TMAX,202,,,a,
ASN00082076,20060404,TMAX,188,,,a,
ASN00082076,20060405,TMAX,203,,,a,
ASN00082076,20060406,TMAX,113,,,a,
ASN00082076,20060407,TMAX,173,,,a,
ASN00082076,20060408,TMAX,180,,,a,
ASN00082076,20060409,TMAX,200,,,a,
ASN00082076,20060410,TMAX,202,,,a,
ASN00082076,20060411,TMAX,244,,,a,
ASN00082076,20060412,TMAX,233,,,a,
ASN00082076,20060413,TMAX,201,,,a,
ASN00082076,20060414,TMAX,160,,,a,
ASN00082076,20060415,TMAX,161,,,a,
ASN00082076,20060416,TMAX,180,,,a,
ASN00082076,20060417,TMAX,215,,,a,
ASN00082076,20060421,TMAX,148,,,a,
ASN00082076,20060422,TMAX,142,,,a,
ASN00082076,20060423,TMAX,152,,,a,
ASN00082076,20060424,TMAX,185,,,a,
ASN00082076,20060425,TMAX,199,,,a,
ASN00082076,20060426,TMAX,210,,,a,
ASN00082076,20060427,TMAX,206,,,a,
ASN00082076,20060430,TMAX,158,,,a,
ASN00082076,20060403,TMIN,30,,,a,
ASN00082076,20060404,TMIN,91,,,a,
ASN00082076,20060405,TMIN,105,,,a,
ASN00082076,20060406,TMIN,73,,,a,
ASN00082076,20060407,TMIN,85,,,a,
ASN00082076,20060408,TMIN,17,,,a,
ASN00082076,20060409,TMIN,5,,,a,
ASN00082076,20060410,TMIN,39,,,a,
ASN00082076,20060411,TMIN,26,,,a,
ASN00082076,20060412,TMIN,73,,,a,
ASN00082076,20060413,TMIN,54,,,a,
ASN00082076,20060414,TMIN,60,,,a,
ASN00082076,20060415,TMIN,55,,,a,
ASN00082076,20060416,TMIN,-10,,,a,
ASN00082076,20060417,TMIN,-5,,,a,
ASN00082076,20060418,TMIN,52,,,a,
ASN00082076,20060422,TMIN,-16,,,a,
ASN00082076,20060423,TMIN,15,,,a,
ASN00082076,20060424,TMIN,44,,,a,
ASN00082076,20060425,TMIN,42,,,a,
ASN00082076,20060426,TMIN,51,,,a,
ASN00082076,20060427,TMIN,53,,,a,
ASN00082076,20060428,TMIN,42,,,a,
ASN00082076,20060406,PRCP,78,,,a,
ASN00082076,20060407,PRCP,8,,,a,
ASN00082076,20060408,PRCP,0,,,a,
ASN00082076,20060409,PRCP,0,,,a,
ASN00082076,20060410,PRCP,0,,,a,
ASN00082076,20060411,PRCP,0,,,a,
ASN00082076,20060412,PRCP,0,,,a,
ASN00082076,20060413,PRCP,0,,,a,
ASN00082076,20060414,PRCP,0,,,a,
ASN00082076,20060415,PRCP,172,,,a,
ASN00082076,20060416,PRCP,0,,,a,
ASN00082076,20060417,PRCP,0,,,a,
ASN00082076,20060418,PRCP,0,,,a,
ASN00082076,20060422,PRCP,2,,,a,
ASN00082076,20060423,PRCP,0,,,a,
ASN00082076,20060424,PRCP,0,,,a,
ASN00082076,20060425,PRCP,0,,,a,
ASN00082076,20060426,PRCP,0,,,a,
ASN00082076,20060427,PRCP,0,,,a,
ASN00082076,20060428,PRCP,0,,,a,
ASN00082076,20060421,DAPR,3,,,a,
ASN00082076,20060430,DAPR,2,,,a,
ASN00082076,20060402,DATN,2,,,a,
ASN00082076,20060421,DATN,3,,,a,
ASN00082076,20060430,DATN,2,,,a,
ASN00082076,20060420,DATX,3,,,a,
ASN00082076,20060429,DATX,2,,,a,
ASN00082076,20060421,MDPR,60,,,a,
ASN00082076,20060430,MDPR,30,,,a,
ASN00082076,20060402,MDTN,20,,,a,
ASN00082076,20060421,MDTN,58,,,a,
ASN00082076,20060430,MDTN,100,,,a,
ASN00082076,20060420,MDTX,204,,,a,
ASN00082076,20060429,MDTX,155,,,a,
ASN00082076,20060501,TMAX,152,,,a,
ASN00082076,20060502,TMAX,158,,,a,
ASN00082076,20060503,TMAX,152,,,a,
ASN00082076,20060504,TMAX,142,,,a,
ASN00082076,20060505,TMAX,154,,,a,
ASN00082076,20060506,TMAX,152,,,a,
ASN00082076,20060507,TMAX,110,,,a,
ASN00082076,20060508,TMAX,103,,,a,
ASN00082076,20060509,TMAX,124,,,a,
ASN00082076,20060510,TMAX,157,,,a,
ASN00082076,20060511,TMAX,140,,,a,
ASN00082076,20060512,TMAX,150,,,a,
ASN00082076,20060513,TMAX,170,,,a,
ASN00082076,20060514,TMAX,175,,,a,
ASN00082076,20060515,TMAX,190,,,a,
ASN00082076,20060516,TMAX,190,,,a,
ASN00082076,20060517,TMAX,186,,,a,
ASN00082076,20060518,TMAX,188,,,a,
ASN00082076,20060519,TMAX,187,,,a,
ASN00082076,20060520,TMAX,150,,,a,
ASN00082076,20060521,TMAX,147,,,a,
ASN00082076,20060522,TMAX,128,,,a,
ASN00082076,20060523,TMAX,130,,,a,
ASN00082076,20060524,TMAX,168,,,a,
ASN00082076,20060525,TMAX,150,,,a,
ASN00082076,20060526,TMAX,158,,,a,
ASN00082076,20060527,TMAX,152,,,a,
ASN00082076,20060528,TMAX,140,,,a,
ASN00082076,20060529,TMAX,132,,,a,
ASN00082076,20060530,TMAX,157,,,a,
ASN00082076,20060531,TMAX,160,,,a,
ASN00082076,20060501,TMIN,99,,,a,
ASN00082076,20060502,TMIN,104,,,a,
ASN00082076,20060503,TMIN,100,,,a,
ASN00082076,20060504,TMIN,70,,,a,
ASN00082076,20060505,TMIN,94,,,a,
ASN00082076,20060506,TMIN,70,,,a,
ASN00082076,20060507,TMIN,87,,,a,
ASN00082076,20060508,TMIN,26,,,a,
ASN00082076,20060509,TMIN,51,,,a,
ASN00082076,20060510,TMIN,71,,,a,
ASN00082076,20060511,TMIN,53,,,a,
ASN00082076,20060512,TMIN,10,,,a,
ASN00082076,20060513,TMIN,5,,,a,
ASN00082076,20060514,TMIN,15,,,a,
ASN00082076,20060515,TMIN,55,,,a,
ASN00082076,20060516,TMIN,40,,,a,
ASN00082076,20060517,TMIN,45,,,a,
ASN00082076,20060518,TMIN,47,,,a,
ASN00082076,20060519,TMIN,40,,,a,
ASN00082076,20060520,TMIN,40,,,a,
ASN00082076,20060521,TMIN,7,,,a,
ASN00082076,20060522,TMIN,16,,,a,
ASN00082076,20060523,TMIN,14,,,a,
ASN00082076,20060524,TMIN,84,,,a,
ASN00082076,20060525,TMIN,6,,,a,
ASN00082076,20060526,TMIN,34,,,a,
ASN00082076,20060527,TMIN,55,,,a,
ASN00082076,20060528,TMIN,3,,,a,
ASN00082076,20060529,TMIN,-12,,,a,
ASN00082076,20060530,TMIN,26,,,a,
ASN00082076,20060531,TMIN,5,,,a,
ASN00082076,20060501,PRCP,18,,,a,
ASN00082076,20060502,PRCP,84,,,a,
ASN00082076,20060503,PRCP,18,,,a,
ASN00082076,20060504,PRCP,22,,,a,
ASN00082076,20060505,PRCP,2,,,a,
ASN00082076,20060506,PRCP,6,,,a,
ASN00082076,20060507,PRCP,42,,,a,
ASN00082076,20060508,PRCP,176,,,a,
ASN00082076,20060509,PRCP,0,,,a,
ASN00082076,20060510,PRCP,44,,,a,
ASN00082076,20060511,PRCP,0,,,a,
ASN00082076,20060512,PRCP,0,,,a,
ASN00082076,20060513,PRCP,0,,,a,
ASN00082076,20060514,PRCP,0,,,a,
ASN00082076,20060515,PRCP,0,,,a,
ASN00082076,20060516,PRCP,0,,,a,
ASN00082076,20060517,PRCP,0,,,a,
ASN00082076,20060518,PRCP,0,,,a,
ASN00082076,20060519,PRCP,0,,,a,
ASN00082076,20060520,PRCP,0,,,a,
ASN00082076,20060521,PRCP,0,,,a,
ASN00082076,20060522,PRCP,0,,,a,
ASN00082076,20060523,PRCP,0,,,a,
ASN00082076,20060524,PRCP,0,,,a,
ASN00082076,20060525,PRCP,0,,,a,
ASN00082076,20060526,PRCP,0,,,a,
ASN00082076,20060527,PRCP,0,,,a,
ASN00082076,20060528,PRCP,0,,,a,
ASN00082076,20060529,PRCP,0,,,a,
ASN00082076,20060530,PRCP,0,,,a,
ASN00082076,20060531,PRCP,0,,,a,
ASN00082076,20060601,TMAX,133,,,a,
ASN00082076,20060602,TMAX,134,,,a,
ASN00082076,20060603,TMAX,132,,,a,
ASN00082076,20060604,TMAX,133,,,a,
ASN00082076,20060605,TMAX,143,,,a,
ASN00082076,20060606,TMAX,129,,,a,
ASN00082076,20060607,TMAX,151,,,a,
ASN00082076,20060608,TMAX,131,,,a,
ASN00082076,20060609,TMAX,130,,,a,
ASN00082076,20060610,TMAX,95,,,a,
ASN00082076,20060611,TMAX,90,,,a,
ASN00082076,20060612,TMAX,124,,,a,
ASN00082076,20060616,TMAX,117,,,a,
ASN00082076,20060617,TMAX,126,,,a,
ASN00082076,20060618,TMAX,119,,,a,
ASN00082076,20060619,TMAX,136,,,a,
ASN00082076,20060620,TMAX,126,,,a,
ASN00082076,20060621,TMAX,147,,,a,
ASN00082076,20060622,TMAX,165,,,a,
ASN00082076,20060625,TMAX,112,,,a,
ASN00082076,20060629,TMAX,139,,,a,
ASN00082076,20060630,TMAX,101,,,a,
ASN00082076,20060601,TMIN,26,,,a,
ASN00082076,20060602,TMIN,55,,,a,
ASN00082076,20060603,TMIN,69,,,a,
ASN00082076,20060604,TMIN,16,,,a,
ASN00082076,20060605,TMIN,10,,,a,
ASN00082076,20060606,TMIN,12,,,a,
ASN00082076,20060607,TMIN,-12,,,a,
ASN00082076,20060608,TMIN,-16,,,a,
ASN00082076,20060609,TMIN,5,,,a,
ASN00082076,20060610,TMIN,8,,,a,
ASN00082076,20060611,TMIN,20,,,a,
ASN00082076,20060612,TMIN,-50,,,a,
ASN00082076,20060613,TMIN,-33,,,a,
ASN00082076,20060617,TMIN,39,,,a,
ASN00082076,20060618,TMIN,-12,,,a,
ASN00082076,20060619,TMIN,-23,,,a,
ASN00082076,20060620,TMIN,-13,,,a,
ASN00082076,20060621,TMIN,1,,,a,
ASN00082076,20060622,TMIN,8,,,a,
ASN00082076,20060623,TMIN,55,,,a,
ASN00082076,20060626,TMIN,-20,,,a,
ASN00082076,20060630,TMIN,-4,,,a,
ASN00082076,20060601,PRCP,8,,,a,
ASN00082076,20060602,PRCP,72,,,a,
ASN00082076,20060603,PRCP,0,,,a,
ASN00082076,20060604,PRCP,0,,,a,
ASN00082076,20060605,PRCP,0,,,a,
ASN00082076,20060606,PRCP,0,,,a,
ASN00082076,20060607,PRCP,0,,,a,
ASN00082076,20060608,PRCP,0,,,a,
ASN00082076,20060609,PRCP,0,,,a,
ASN00082076,20060610,PRCP,0,,,a,
ASN00082076,20060611,PRCP,70,,,a,
ASN00082076,20060612,PRCP,0,,,a,
ASN00082076,20060613,PRCP,0,,,a,
ASN00082076,20060614,PRCP,0,,,a,
ASN00082076,20060615,PRCP,0,,,a,
ASN00082076,20060616,PRCP,0,,,a,
ASN00082076,20060617,PRCP,0,,,a,
ASN00082076,20060618,PRCP,0,,,a,
ASN00082076,20060619,PRCP,0,,,a,
ASN00082076,20060620,PRCP,0,,,a,
ASN00082076,20060621,PRCP,0,,,a,
ASN00082076,20060622,PRCP,0,,,a,
ASN00082076,20060623,PRCP,90,,,a,
ASN00082076,20060626,PRCP,0,,,a,
ASN00082076,20060627,PRCP,0,,,a,
ASN00082076,20060628,PRCP,0,,,a,
ASN00082076,20060629,PRCP,0,,,a,
ASN00082076,20060630,PRCP,14,,,a,
ASN00082076,20060625,DAPR,2,,,a,
ASN00082076,20060616,DATN,3,,,a,
ASN00082076,20060625,DATN,2,,,a,
ASN00082076,20060629,DATN,3,,,a,
ASN00082076,20060615,DATX,3,,,a,
ASN00082076,20060624,DATX,2,,,a,
ASN00082076,20060628,DATX,3,,,a,
ASN00082076,20060625,MDPR,150,,,a,
ASN00082076,20060616,MDTN,-36,,,a,
ASN00082076,20060625,MDTN,23,,,a,
ASN00082076,20060629,MDTN,-25,,,a,
ASN00082076,20060615,MDTX,114,,,a,
ASN00082076,20060624,MDTX,120,,,a,
ASN00082076,20060628,MDTX,135,,,a,
ASN00082076,20060701,TMAX,112,,,a,
ASN00082076,20060702,TMAX,113,,,a,
ASN00082076,20060703,TMAX,148,,,a,
ASN00082076,20060704,TMAX,132,,,a,
ASN00082076,20060707,TMAX,84,,,a,
ASN00082076,20060708,TMAX,100,,,a,
ASN00082076,20060709,TMAX,95,,,a,
ASN00082076,20060710,TMAX,122,,,a,
ASN00082076,20060713,TMAX,121,,,a,
ASN00082076,20060714,TMAX,124,,,a,
ASN00082076,20060715,TMAX,97,,,a,
ASN00082076,20060716,TMAX,118,,,a,
ASN00082076,20060717,TMAX,149,,,a,
ASN00082076,20060718,TMAX,131,,,a,
ASN00082076,20060719,TMAX,106,,,a,
ASN00082076,20060720,TMAX,122,,,a,
ASN00082076,20060723,TMAX,135,,,a,
ASN00082076,20060724,TMAX,135,,,a,
ASN00082076,20060725,TMAX,134,,,a,
ASN00082076,20060726,TMAX,157,,,a,
ASN00082076,20060727,TMAX,154,,,a,
ASN00082076,20060728,TMAX,107,,,a,
ASN00082076,20060729,TMAX,127,,,a,
ASN00082076,20060730,TMAX,111,,,a,
ASN00082076,20060731,TMAX,107,,,a,
ASN00082076,20060701,TMIN,27,,,a,
ASN00082076,20060702,TMIN,71,,,a,
ASN00082076,20060703,TMIN,26,,,a,
ASN00082076,20060704,TMIN,16,,,a,
ASN00082076,20060705,TMIN,15,,,a,
ASN00082076,20060708,TMIN,5,,,a,
ASN00082076,20060709,TMIN,60,,,a,
ASN00082076,20060710,TMIN,56,,,a,
ASN00082076,20060711,TMIN,15,,,a,
ASN00082076,20060714,TMIN,-17,,,a,
ASN00082076,20060715,TMIN,19,,,a,
ASN00082076,20060716,TMIN,76,,,a,
ASN00082076,20060717,TMIN,82,,,a,
ASN00082076,20060718,TMIN,89,,,a,
ASN00082076,20060719,TMIN,43,,,a,
ASN00082076,20060720,TMIN,0,,,a,
ASN00082076,20060721,TMIN,5,,,a,
ASN00082076,20060724,TMIN,32,,,a,
ASN00082076,20060725,TMIN,53,,,a,
ASN00082076,20060726,TMIN,32,,,a,
ASN00082076,20060727,TMIN,25,,,a,
ASN00082076,20060728,TMIN,23,,,a,
ASN00082076,20060729,TMIN,5,,,a,
ASN00082076,20060730,TMIN,31,,,a,
ASN00082076,20060731,TMIN,69,,,a,
ASN00082076,20060701,PRCP,12,,,a,
ASN00082076,20060702,PRCP,62,,,a,
ASN00082076,20060703,PRCP,8,,,a,
ASN00082076,20060704,PRCP,0,,,a,
ASN00082076,20060705,PRCP,0,,,a,
ASN00082076,20060708,PRCP,0,,,a,
ASN00082076,20060709,PRCP,0,,,a,
ASN00082076,20060710,PRCP,22,,,a,
ASN00082076,20060711,PRCP,12,,,a,
ASN00082076,20060714,PRCP,0,,,a,
ASN00082076,20060715,PRCP,46,,,a,
ASN00082076,20060716,PRCP,90,,,a,
ASN00082076,20060717,PRCP,86,,,a,
ASN00082076,20060718,PRCP,0,,,a,
ASN00082076,20060719,PRCP,0,,,a,
ASN00082076,20060720,PRCP,0,,,a,
ASN00082076,20060721,PRCP,0,,,a,
ASN00082076,20060724,PRCP,0,,,a,
ASN00082076,20060725,PRCP,10,,,a,
ASN00082076,20060726,PRCP,16,,,a,
ASN00082076,20060727,PRCP,0,,,a,
ASN00082076,20060728,PRCP,0,,,a,
ASN00082076,20060729,PRCP,0,,,a,
ASN00082076,20060730,PRCP,14,,,a,
ASN00082076,20060731,PRCP,46,,,a,
ASN00082076,20060707,DAPR,2,,,a,
ASN00082076,20060713,DAPR,2,,,a,
ASN00082076,20060723,DAPR,2,,,a,
ASN00082076,20060707,DATN,2,,,a,
ASN00082076,20060713,DATN,2,,,a,
ASN00082076,20060723,DATN,2,,,a,
ASN00082076,20060706,DATX,2,,,a,
ASN00082076,20060712,DATX,2,,,a,
ASN00082076,20060722,DATX,2,,,a,
ASN00082076,20060707,MDPR,10,,,a,
ASN00082076,20060713,MDPR,30,,,a,
ASN00082076,20060723,MDPR,0,,,a,
ASN00082076,20060707,MDTN,-20,,,a,
ASN00082076,20060713,MDTN,-23,,,a,
ASN00082076,20060723,MDTN,4,,,a,
ASN00082076,20060706,MDTX,150,,,a,
ASN00082076,20060712,MDTX,114,,,a,
ASN00082076,20060722,MDTX,143,,,a,
ASN00082076,20060801,TMAX,117,,,a,
ASN00082076,20060802,TMAX,106,,,a,
ASN00082076,20060803,TMAX,100,,,a,
ASN00082076,20060804,TMAX,140,,,a,
ASN00082076,20060805,TMAX,155,,,a,
ASN00082076,20060806,TMAX,140,,,a,
ASN00082076,20060807,TMAX,165,,,a,
ASN00082076,20060808,TMAX,170,,,a,
ASN00082076,20060809,TMAX,129,,,a,
ASN00082076,20060810,TMAX,141,,,a,
ASN00082076,20060811,TMAX,149,,,a,
ASN00082076,20060812,TMAX,160,,,a,
ASN00082076,20060813,TMAX,163,,,a,
ASN00082076,20060814,TMAX,150,,,a,
ASN00082076,20060815,TMAX,180,,,a,
ASN00082076,20060816,TMAX,175,,,a,
ASN00082076,20060817,TMAX,120,,,a,
ASN00082076,20060818,TMAX,130,,,a,
ASN00082076,20060819,TMAX,138,,,a,
ASN00082076,20060820,TMAX,160,,,a,
ASN00082076,20060821,TMAX,155,,,a,
ASN00082076,20060822,TMAX,140,,,a,
ASN00082076,20060823,TMAX,140,,,a,
ASN00082076,20060824,TMAX,115,,,a,
ASN00082076,20060825,TMAX,114,,,a,
ASN00082076,20060826,TMAX,159,,,a,
ASN00082076,20060827,TMAX,140,,,a,
ASN00082076,20060828,TMAX,180,,,a,
ASN00082076,20060829,TMAX,195,,,a,
ASN00082076,20060830,TMAX,207,,,a,
ASN00082076,20060831,TMAX,210,,,a,
ASN00082076,20060801,TMIN,28,,,a,
ASN00082076,20060802,TMIN,23,,,a,
ASN00082076,20060803,TMIN,30,,,a,
ASN00082076,20060804,TMIN,25,,,a,
ASN00082076,20060805,TMIN,5,,,a,
ASN00082076,20060806,TMIN,10,,,a,
ASN00082076,20060807,TMIN,5,,,a,
ASN00082076,20060808,TMIN,5,,,a,
ASN00082076,20060809,TMIN,-10,,,a,
ASN00082076,20060810,TMIN,-22,,,a,
ASN00082076,20060811,TMIN,-17,,,a,
ASN00082076,20060812,TMIN,-12,,,a,
ASN00082076,20060813,TMIN,-13,,,a,
ASN00082076,20060814,TMIN,-23,,,a,
ASN00082076,20060815,TMIN,15,,,a,
ASN00082076,20060816,TMIN,-15,,,a,
ASN00082076,20060817,TMIN,19,,,a,
ASN00082076,20060818,TMIN,34,,,a,
ASN00082076,20060819,TMIN,36,,,a,
ASN00082076,20060820,TMIN,-16,,,a,
ASN00082076,20060821,TMIN,-15,,,a,
ASN00082076,20060822,TMIN,0,,,a,
ASN00082076,20060823,TMIN,35,,,a,
ASN00082076,20060824,TMIN,42,,,a,
ASN00082076,20060825,TMIN,85,,,a,
ASN00082076,20060826,TMIN,8,,,a,
ASN00082076,20060827,TMIN,16,,,a,
ASN00082076,20060828,TMIN,-5,,,a,
ASN00082076,20060829,TMIN,15,,,a,
ASN00082076,20060830,TMIN,25,,,a,
ASN00082076,20060831,TMIN,19,,,a,
ASN00082076,20060801,PRCP,10,,,a,
ASN00082076,20060802,PRCP,0,,,a,
ASN00082076,20060803,PRCP,8,,,a,
ASN00082076,20060804,PRCP,22,,,a,
ASN00082076,20060805,PRCP,0,,,a,
ASN00082076,20060806,PRCP,0,,,a,
ASN00082076,20060807,PRCP,0,,,a,
ASN00082076,20060808,PRCP,0,,,a,
ASN00082076,20060809,PRCP,0,,,a,
ASN00082076,20060810,PRCP,10,,,a,
ASN00082076,20060811,PRCP,0,,,a,
ASN00082076,20060812,PRCP,0,,,a,
ASN00082076,20060813,PRCP,0,,,a,
ASN00082076,20060814,PRCP,0,,,a,
ASN00082076,20060815,PRCP,0,,,a,
ASN00082076,20060816,PRCP,0,,,a,
ASN00082076,20060817,PRCP,6,,,a,
ASN00082076,20060818,PRCP,80,,,a,
ASN00082076,20060819,PRCP,10,,,a,
ASN00082076,20060820,PRCP,0,,,a,
ASN00082076,20060821,PRCP,0,,,a,
ASN00082076,20060822,PRCP,0,,,a,
ASN00082076,20060823,PRCP,16,,,a,
ASN00082076,20060824,PRCP,55,,,a,
ASN00082076,20060825,PRCP,122,,,a,
ASN00082076,20060826,PRCP,56,,,a,
ASN00082076,20060827,PRCP,0,,,a,
ASN00082076,20060828,PRCP,0,,,a,
ASN00082076,20060829,PRCP,0,,,a,
ASN00082076,20060830,PRCP,0,,,a,
ASN00082076,20060831,PRCP,0,,,a,
ASN00082076,20060901,TMAX,198,,,a,
ASN00082076,20060902,TMAX,220,,,a,
ASN00082076,20060903,TMAX,165,,,a,
ASN00082076,20060904,TMAX,150,,,a,
ASN00082076,20060907,TMAX,150,,,a,
ASN00082076,20060910,TMAX,150,,,a,
ASN00082076,20060911,TMAX,180,,,a,
ASN00082076,20060912,TMAX,204,,,a,
ASN00082076,20060913,TMAX,200,,,a,
ASN00082076,20060914,TMAX,202,,,a,
ASN00082076,20060915,TMAX,225,,,a,
ASN00082076,20060916,TMAX,227,,,a,
ASN00082076,20060917,TMAX,231,,,a,
ASN00082076,20060918,TMAX,250,,,a,
ASN00082076,20060919,TMAX,265,,,a,
ASN00082076,20060920,TMAX,164,,,a,
ASN00082076,20060921,TMAX,177,,,a,
ASN00082076,20060922,TMAX,243,,,a,
ASN00082076,20060923,TMAX,176,,,a,
ASN00082076,20060926,TMAX,178,,,a,
ASN00082076,20060927,TMAX,220,,,a,
ASN00082076,20060928,TMAX,225,,,a,
ASN00082076,20060929,TMAX,210,,,a,
ASN00082076,20060930,TMAX,210,,,a,
ASN00082076,20060901,TMIN,45,,,a,
ASN00082076,20060902,TMIN,55,,,a,
ASN00082076,20060903,TMIN,78,,,a,
ASN00082076,20060904,TMIN,20,,,a,
ASN00082076,20060905,TMIN,20,,,a,
ASN00082076,20060908,TMIN,80,,,a,
ASN00082076,20060911,TMIN,60,,,a,
ASN00082076,20060912,TMIN,18,,,a,
ASN00082076,20060913,TMIN,20,,,a,
ASN00082076,20060914,TMIN,16,,,a,
ASN00082076,20060915,TMIN,22,,,a,
ASN00082076,20060916,TMIN,32,,,a,
ASN00082076,20060917,TMIN,27,,,a,
ASN00082076,20060918,TMIN,61,,,a,
ASN00082076,20060919,TMIN,55,,,a,
ASN00082076,20060920,TMIN,100,,,a,
ASN00082076,20060921,TMIN,41,,,a,
ASN00082076,20060922,TMIN,19,,,a,
ASN00082076,20060923,TMIN,82,,,a,
ASN00082076,20060924,TMIN,40,,,a,
ASN00082076,20060927,TMIN,4,,,a,
ASN00082076,20060928,TMIN,43,,,a,
ASN00082076,20060929,TMIN,-5,,,a,
ASN00082076,20060930,TMIN,20,,,a,
ASN00082076,20060901,PRCP,0,,,a,
ASN00082076,20060902,PRCP,0,,,a,
ASN00082076,20060903,PRCP,114,,,a,
ASN00082076,20060904,PRCP,54,,,a,
ASN00082076,20060905,PRCP,4,,,a,
ASN00082076,20060908,PRCP,0,,,a,
ASN00082076,20060909,PRCP,10,,,a,
ASN00082076,20060919,PRCP,30,,,a,
ASN00082076,20060920,PRCP,48,,,a,
ASN00082076,20060924,PRCP,4,,,a,
ASN00082076,20060925,PRCP,94,,,a,
ASN00082076,20060929,PRCP,0,,,a,
ASN00082076,20060907,DAPR,2,,,a,
ASN00082076,20060907,DATN,2,,,a,
ASN00082076,20060910,DATN,2,,,a,
ASN00082076,20060926,DATN,2,,,a,
ASN00082076,20060906,DATX,2,,,a,
ASN00082076,20060909,DATX,2,,,a,
ASN00082076,20060925,DATX,2,,,a,
ASN00082076,20060907,MDPR,52,,,a,
ASN00082076,20060907,MDTN,60,,,a,
ASN00082076,20060910,MDTN,82,,,a,
ASN00082076,20060926,MDTN,-27,,,a,
ASN00082076,20060906,MDTX,170,,,a,
ASN00082076,20060909,MDTX,142,,,a,
ASN00082076,20060925,MDTX,138,,,a,
ASN00082076,20061001,TMAX,230,,,a,
ASN00082076,20061002,TMAX,250,,,a,
ASN00082076,20061003,TMAX,255,,,a,
ASN00082076,20061006,TMAX,225,,,a,
ASN00082076,20061007,TMAX,262,,,a,
ASN00082076,20061008,TMAX,166,,,a,
ASN00082076,20061009,TMAX,187,,,a,
ASN00082076,20061010,TMAX,222,,,a,
ASN00082076,20061011,TMAX,265,,,a,
ASN00082076,20061012,TMAX,313,,,a,
ASN00082076,20061013,TMAX,332,,,a,
ASN00082076,20061014,TMAX,240,,,a,
ASN00082076,20061015,TMAX,215,,,a,
ASN00082076,20061016,TMAX,230,,,a,
ASN00082076,20061017,TMAX,268,,,a,
ASN00082076,20061018,TMAX,268,,,a,
ASN00082076,20061019,TMAX,259,,,a,
ASN00082076,20061020,TMAX,250,,,a,
ASN00082076,20061021,TMAX,148,,,a,
ASN00082076,20061022,TMAX,216,,,a,
ASN00082076,20061023,TMAX,257,,,a,
ASN00082076,20061024,TMAX,272,,,a,
ASN00082076,20061025,TMAX,263,,,a,
ASN00082076,20061026,TMAX,240,,,a,
ASN00082076,20061027,TMAX,220,,,a,
ASN00082076,20061028,TMAX,150,,,a,
ASN00082076,20061029,TMAX,210,,,a,
ASN00082076,20061030,TMAX,240,,,a,
ASN00082076,20061031,TMAX,260,,,a,
ASN00082076,20061001,TMIN,14,,,a,
ASN00082076,20061002,TMIN,45,,,a,
ASN00082076,20061003,TMIN,105,,,a,
ASN00082076,20061004,TMIN,50,,,a,
ASN00082076,20061007,TMIN,25,,,a,
ASN00082076,20061008,TMIN,28,,,a,
ASN00082076,20061009,TMIN,59,,,a,
ASN00082076,20061010,TMIN,42,,,a,
ASN00082076,20061011,TMIN,20,,,a,
ASN00082076,20061012,TMIN,42,,,a,
ASN00082076,20061013,TMIN,108,,,a,
ASN00082076,20061014,TMIN,145,,,a,
ASN00082076,20061015,TMIN,58,,,a,
ASN00082076,20061016,TMIN,84,,,a,
ASN00082076,20061017,TMIN,37,,,a,
ASN00082076,20061018,TMIN,140,,,a,
ASN00082076,20061019,TMIN,58,,,a,
ASN00082076,20061020,TMIN,50,,,a,
ASN00082076,20061021,TMIN,73,,,a,
ASN00082076,20061022,TMIN,55,,,a,
ASN00082076,20061023,TMIN,32,,,a,
ASN00082076,20061024,TMIN,52,,,a,
ASN00082076,20061025,TMIN,114,,,a,
ASN00082076,20061026,TMIN,94,,,a,
ASN00082076,20061027,TMIN,34,,,a,
ASN00082076,20061028,TMIN,60,,,a,
ASN00082076,20061029,TMIN,50,,,a,
ASN00082076,20061030,TMIN,45,,,a,
ASN00082076,20061031,TMIN,55,,,a,
ASN00082076,20061002,PRCP,0,,,a,
ASN00082076,20061003,PRCP,0,,,a,
ASN00082076,20061004,PRCP,0,,,a,
ASN00082076,20061006,PRCP,0,,,a,
ASN00082076,20061007,PRCP,0,,,a,
ASN00082076,20061008,PRCP,0,,,a,
ASN00082076,20061009,PRCP,0,,,a,
ASN00082076,20061010,PRCP,0,,,a,
ASN00082076,20061011,PRCP,0,,,a,
ASN00082076,20061012,PRCP,0,,,a,
ASN00082076,20061013,PRCP,0,,,a,
ASN00082076,20061014,PRCP,0,,,a,
ASN00082076,20061015,PRCP,28,,,a,
ASN00082076,20061016,PRCP,0,,,a,
ASN00082076,20061017,PRCP,0,,,a,
ASN00082076,20061018,PRCP,100,,,a,
ASN00082076,20061019,PRCP,0,,,a,
ASN00082076,20061020,PRCP,0,,,a,
ASN00082076,20061021,PRCP,0,,,a,
ASN00082076,20061022,PRCP,0,,,a,
ASN00082076,20061023,PRCP,0,,,a,
ASN00082076,20061024,PRCP,0,,,a,
ASN00082076,20061025,PRCP,2,,,a,
ASN00082076,20061026,PRCP,0,,,a,
ASN00082076,20061027,PRCP,0,,,a,
ASN00082076,20061028,PRCP,0,,,a,
ASN00082076,20061029,PRCP,0,,,a,
ASN00082076,20061030,PRCP,0,,,a,
ASN00082076,20061031,PRCP,0,,,a,
ASN00082076,20061006,DATN,2,,,a,
ASN00082076,20061005,DATX,2,,,a,
ASN00082076,20061006,MDTN,8,,,a,
ASN00082076,20061005,MDTX,197,,,a,
ASN00082076,20061101,TMAX,285,,,a,
ASN00082076,20061102,TMAX,260,,,a,
ASN00082076,20061103,TMAX,258,,,a,
ASN00082076,20061104,TMAX,282,,,a,
ASN00082076,20061105,TMAX,276,,,a,
ASN00082076,20061106,TMAX,268,,,a,
ASN00082076,20061107,TMAX,200,,,a,
ASN00082076,20061108,TMAX,206,,,a,
ASN00082076,20061109,TMAX,243,,,a,
ASN00082076,20061110,TMAX,275,,,a,
ASN00082076,20061111,TMAX,300,,,a,
ASN00082076,20061112,TMAX,226,,,a,
ASN00082076,20061113,TMAX,180,,,a,
ASN00082076,20061114,TMAX,192,,,a,
ASN00082076,20061115,TMAX,125,,,a,
ASN00082076,20061116,TMAX,158,,,a,
ASN00082076,20061117,TMAX,241,,,a,
ASN00082076,20061118,TMAX,278,,,a,
ASN00082076,20061119,TMAX,307,,,a,
ASN00082076,20061120,TMAX,316,,,a,
ASN00082076,20061121,TMAX,358,,,a,
ASN00082076,20061122,TMAX,279,,,a,
ASN00082076,20061123,TMAX,290,,,a,
ASN00082076,20061124,TMAX,326,,,a,
ASN00082076,20061125,TMAX,338,,,a,
ASN00082076,20061126,TMAX,292,,,a,
ASN00082076,20061127,TMAX,320,,,a,
ASN00082076,20061128,TMAX,340,,,a,
ASN00082076,20061129,TMAX,260,,,a,
ASN00082076,20061130,TMAX,281,,,a,
ASN00082076,20061101,TMIN,55,,,a,
ASN00082076,20061102,TMIN,125,,,a,
ASN00082076,20061103,TMIN,112,,,a,
ASN00082076,20061104,TMIN,137,,,a,
ASN00082076,20061105,TMIN,132,,,a,
ASN00082076,20061106,TMIN,133,,,a,
ASN00082076,20061107,TMIN,133,,,a,
ASN00082076,20061108,TMIN,85,,,a,
ASN00082076,20061109,TMIN,89,,,a,
ASN00082076,20061110,TMIN,62,,,a,
ASN00082076,20061111,TMIN,70,,,a,
ASN00082076,20061112,TMIN,138,,,a,
ASN00082076,20061113,TMIN,134,,,a,
ASN00082076,20061114,TMIN,32,,,a,
ASN00082076,20061115,TMIN,65,,,a,
ASN00082076,20061116,TMIN,10,,,a,
ASN00082076,20061117,TMIN,24,,,a,
ASN00082076,20061118,TMIN,55,,,a,
ASN00082076,20061119,TMIN,80,,,a,
ASN00082076,20061120,TMIN,110,,,a,
ASN00082076,20061121,TMIN,104,,,a,
ASN00082076,20061122,TMIN,182,,,a,
ASN00082076,20061123,TMIN,92,,,a,
ASN00082076,20061124,TMIN,150,,,a,
ASN00082076,20061125,TMIN,110,,,a,
ASN00082076,20061126,TMIN,155,,,a,
ASN00082076,20061127,TMIN,118,,,a,
ASN00082076,20061128,TMIN,110,,,a,
ASN00082076,20061129,TMIN,120,,,a,
ASN00082076,20061130,TMIN,65,,,a,
ASN00082076,20061101,PRCP,0,,,a,
ASN00082076,20061102,PRCP,0,,,a,
ASN00082076,20061103,PRCP,108,,,a,
ASN00082076,20061104,PRCP,0,,,a,
ASN00082076,20061105,PRCP,0,,,a,
ASN00082076,20061106,PRCP,0,,,a,
ASN00082076,20061107,PRCP,0,,,a,
ASN00082076,20061108,PRCP,0,,,a,
ASN00082076,20061109,PRCP,0,,,a,
ASN00082076,20061110,PRCP,0,,,a,
ASN00082076,20061111,PRCP,0,,,a,
ASN00082076,20061112,PRCP,4,,,a,
ASN00082076,20061113,PRCP,254,,,a,
ASN00082076,20061114,PRCP,58,,,a,
ASN00082076,20061115,PRCP,24,,,a,
ASN00082076,20061116,PRCP,48,,,a,
ASN00082076,20061117,PRCP,0,,,a,
ASN00082076,20061118,PRCP,0,,,a,
ASN00082076,20061119,PRCP,0,,,a,
ASN00082076,20061120,PRCP,0,,,a,
ASN00082076,20061121,PRCP,0,,,a,
ASN00082076,20061122,PRCP,0,,,a,
ASN00082076,20061123,PRCP,0,,,a,
ASN00082076,20061124,PRCP,0,,,a,
ASN00082076,20061125,PRCP,0,,,a,
ASN00082076,20061126,PRCP,0,,,a,
ASN00082076,20061127,PRCP,0,,,a,
ASN00082076,20061128,PRCP,0,,,a,
ASN00082076,20061129,PRCP,0,,,a,
ASN00082076,20061130,PRCP,0,,,a,
ASN00082076,20061201,TMAX,331,,,a,
ASN00082076,20061202,TMAX,262,,,a,
ASN00082076,20061203,TMAX,240,,,a,
ASN00082076,20061204,TMAX,273,,,a,
ASN00082076,20061205,TMAX,310,,,a,
ASN00082076,20061206,TMAX,331,,,a,
ASN00082076,20061207,TMAX,308,,,a,
ASN00082076,20061208,TMAX,340,,,a,
ASN00082076,20061211,TMAX,310,,,a,
ASN00082076,20061212,TMAX,274,,,a,
ASN00082076,20061213,TMAX,292,,,a,
ASN00082076,20061214,TMAX,323,,,a,
ASN00082076,20061215,TMAX,206,,,a,
ASN00082076,20061216,TMAX,256,,,a,
ASN00082076,20061217,TMAX,280,,,a,
ASN00082076,20061218,TMAX,317,,,a,
ASN00082076,20061219,TMAX,270,,,a,
ASN00082076,20061220,TMAX,310,,,a,
ASN00082076,20061221,TMAX,350,,,a,
ASN00082076,20061222,TMAX,302,,,a,
ASN00082076,20061223,TMAX,270,,,a,
ASN00082076,20061224,TMAX,255,,,a,
ASN00082076,20061225,TMAX,170,,,a,
ASN00082076,20061226,TMAX,227,,,a,
ASN00082076,20061227,TMAX,277,,,a,
ASN00082076,20061228,TMAX,290,,,a,
ASN00082076,20061201,TMIN,97,,,a,
ASN00082076,20061202,TMIN,151,,,a,
ASN00082076,20061203,TMIN,88,,,a,
ASN00082076,20061204,TMIN,91,,,a,
ASN00082076,20061205,TMIN,97,,,a,
ASN00082076,20061206,TMIN,104,,,a,
ASN00082076,20061207,TMIN,85,,,a,
ASN00082076,20061208,TMIN,130,,,a,
ASN00082076,20061209,TMIN,122,,,a,
ASN00082076,20061212,TMIN,90,,,a,
ASN00082076,20061213,TMIN,82,,,a,
ASN00082076,20061214,TMIN,95,,,a,
ASN00082076,20061215,TMIN,124,,,a,
ASN00082076,20061216,TMIN,128,,,a,
ASN00082076,20061217,TMIN,94,,,a,
ASN00082076,20061218,TMIN,113,,,a,
ASN00082076,20061219,TMIN,170,,,a,
ASN00082076,20061220,TMIN,153,,,a,
ASN00082076,20061221,TMIN,132,,,a,
ASN00082076,20061222,TMIN,179,,,a,
ASN00082076,20061223,TMIN,196,,,a,
ASN00082076,20061224,TMIN,110,,,a,
ASN00082076,20061225,TMIN,87,,,a,
ASN00082076,20061226,TMIN,18,,,a,
ASN00082076,20061227,TMIN,110,,,a,
ASN00082076,20061228,TMIN,113,,,a,
ASN00082076,20061229,TMIN,138,,,a,
ASN00082076,20061201,PRCP,0,,,a,
ASN00082076,20061202,PRCP,6,,,a,
ASN00082076,20061203,PRCP,0,,,a,
ASN00082076,20061204,PRCP,0,,,a,
ASN00082076,20061205,PRCP,0,,,a,
ASN00082076,20061206,PRCP,0,,,a,
ASN00082076,20061207,PRCP,0,,,a,
ASN00082076,20061208,PRCP,0,,,a,
ASN00082076,20061209,PRCP,0,,,a,
ASN00082076,20061210,PRCP,0,,,a,
ASN00082076,20061211,PRCP,0,,,a,
ASN00082076,20061212,PRCP,0,,,a,
ASN00082076,20061213,PRCP,0,,,a,
ASN00082076,20061214,PRCP,0,,,a,
ASN00082076,20061215,PRCP,12,,,a,
ASN00082076,20061216,PRCP,0,,,a,
ASN00082076,20061217,PRCP,0,,,a,
ASN00082076,20061218,PRCP,0,,,a,
ASN00082076,20061219,PRCP,0,,,a,
ASN00082076,20061220,PRCP,0,,,a,
ASN00082076,20061221,PRCP,0,,,a,
ASN00082076,20061222,PRCP,0,,,a,
ASN00082076,20061223,PRCP,0,,,a,
ASN00082076,20061224,PRCP,230,,,a,
ASN00082076,20061225,PRCP,0,,,a,
ASN00082076,20061226,PRCP,0,,,a,
ASN00082076,20061227,PRCP,0,,,a,
ASN00082076,20061228,PRCP,0,,,a,
ASN00082076,20061229,PRCP,0,,,a,
ASN00082076,20061211,DATN,2,,,a,
ASN00082076,20061210,DATX,2,,,a,
ASN00082076,20061231,DATX,3,,,a,
ASN00082076,20061211,MDTN,180,,,a,
ASN00082076,20061210,MDTX,383,,,a,
ASN00082076,20061231,MDTX,285,,,a,
ASN00082076,20070103,TMAX,335,,,a,
ASN00082076,20070104,TMAX,323,,,a,
ASN00082076,20070105,TMAX,328,,,a,
ASN00082076,20070106,TMAX,328,,,a,
ASN00082076,20070107,TMAX,263,,,a,
ASN00082076,20070108,TMAX,283,,,a,
ASN00082076,20070111,TMAX,402,,,a,
ASN00082076,20070112,TMAX,310,,,a,
ASN00082076,20070113,TMAX,295,,,a,
ASN00082076,20070114,TMAX,340,,,a,
ASN00082076,20070117,TMAX,320,,,a,
ASN00082076,20070118,TMAX,309,,,a,
ASN00082076,20070119,TMAX,340,,,a,
ASN00082076,20070120,TMAX,372,,,a,
ASN00082076,20070121,TMAX,210,,,a,
ASN00082076,20070122,TMAX,329,,,a,
ASN00082076,20070123,TMAX,338,,,a,
ASN00082076,20070126,TMAX,314,,,a,
ASN00082076,20070127,TMAX,222,,,a,
ASN00082076,20070129,TMAX,300,,,a,
ASN00082076,20070130,TMAX,313,,,a,
ASN00082076,20070131,TMAX,320,,,a,
ASN00082076,20070104,TMIN,135,,,a,
ASN00082076,20070105,TMIN,141,,,a,
ASN00082076,20070106,TMIN,156,,,a,
ASN00082076,20070107,TMIN,204,,,a,
ASN00082076,20070108,TMIN,99,,,a,
ASN00082076,20070109,TMIN,131,,,a,
ASN00082076,20070112,TMIN,173,,,a,
ASN00082076,20070113,TMIN,152,,,a,
ASN00082076,20070114,TMIN,150,,,a,
ASN00082076,20070115,TMIN,152,,,a,
ASN00082076,20070118,TMIN,200,,,a,
ASN00082076,20070119,TMIN,200,,,a,
ASN00082076,20070120,TMIN,178,,,a,
ASN00082076,20070121,TMIN,157,,,a,
ASN00082076,20070122,TMIN,123,,,a,
ASN00082076,20070123,TMIN,142,,,a,
ASN00082076,20070124,TMIN,145,,,a,
ASN00082076,20070127,TMIN,152,,,a,
ASN00082076,20070128,TMIN,57,,,a,
ASN00082076,20070130,TMIN,100,,,a,
ASN00082076,20070131,TMIN,165,,,a,
ASN00082076,20070104,PRCP,0,,,a,
ASN00082076,20070105,PRCP,24,,,a,
ASN00082076,20070106,PRCP,0,,,a,
ASN00082076,20070107,PRCP,4,,,a,
ASN00082076,20070108,PRCP,12,,,a,
ASN00082076,20070109,PRCP,0,,,a,
ASN00082076,20070110,PRCP,0,,,a,
ASN00082076,20070111,PRCP,0,,,a,
ASN00082076,20070112,PRCP,0,,,a,
ASN00082076,20070113,PRCP,0,,,a,
ASN00082076,20070114,PRCP,0,,,a,
ASN00082076,20070115,PRCP,0,,,a,
ASN00082076,20070118,PRCP,0,,,a,
ASN00082076,20070119,PRCP,12,,,a,
ASN00082076,20070120,PRCP,24,,,a,
ASN00082076,20070121,PRCP,94,,,a,
ASN00082076,20070122,PRCP,76,,,a,
ASN00082076,20070123,PRCP,0,,,a,
ASN00082076,20070124,PRCP,0,,,a,
ASN00082076,20070125,PRCP,0,,,a,
ASN00082076,20070126,PRCP,0,,,a,
ASN00082076,20070127,PRCP,0,,,a,
ASN00082076,20070128,PRCP,0,,,a,
ASN00082076,20070129,PRCP,0,,,a,
ASN00082076,20070130,PRCP,0,,,a,
ASN00082076,20070131,PRCP,0,,,a,
ASN00082076,20070103,DAPR,5,,,a,
ASN00082076,20070117,DAPR,2,,,a,
ASN00082076,20070103,DATN,3,,,a,
ASN00082076,20070111,DATN,2,,,a,
ASN00082076,20070117,DATN,2,,,a,
ASN00082076,20070126,DATN,2,,,a,
ASN00082076,20070110,DATX,2,,,a,
ASN00082076,20070116,DATX,2,,,a,
ASN00082076,20070125,DATX,2,,,a,
ASN00082076,20070103,MDPR,100,,,a,
ASN00082076,20070117,MDPR,4,,,a,
ASN00082076,20070103,MDTN,130,,,a,
ASN00082076,20070111,MDTN,110,,,a,
ASN00082076,20070117,MDTN,170,,,a,
ASN00082076,20070126,MDTN,118,,,a,
ASN00082076,20070110,MDTX,346,,,a,
ASN00082076,20070116,MDTX,390,,,a,
ASN00082076,20070125,MDTX,318,,,a,
ASN00082076,20070201,TMAX,339,,,a,
ASN00082076,20070202,TMAX,354,,,a,
ASN00082076,20070203,TMAX,380,,,a,
ASN00082076,20070204,TMAX,378,,,a,
ASN00082076,20070205,TMAX,379,,,a,
ASN00082076,20070206,TMAX,328,,,a,
ASN00082076,20070207,TMAX,329,,,a,
ASN00082076,20070208,TMAX,280,,,a,
ASN00082076,20070209,TMAX,338,,,a,
ASN00082076,20070210,TMAX,320,,,a,
ASN00082076,20070213,TMAX,325,,,a,
ASN00082076,20070216,TMAX,330,,,a,
ASN00082076,20070217,TMAX,346,,,a,
ASN00082076,20070218,TMAX,345,,,a,
ASN00082076,20070219,TMAX,330,,,a,
ASN00082076,20070220,TMAX,352,,,a,
ASN00082076,20070221,TMAX,341,,,a,
ASN00082076,20070222,TMAX,318,,,a,
ASN00082076,20070226,TMAX,292,,,a,
ASN00082076,20070227,TMAX,228,,,a,
ASN00082076,20070228,TMAX,270,,,a,
ASN00082076,20070201,TMIN,140,,,a,
ASN00082076,20070202,TMIN,147,,,a,
ASN00082076,20070203,TMIN,162,,,a,
ASN00082076,20070204,TMIN,167,,,a,
ASN00082076,20070205,TMIN,166,,,a,
ASN00082076,20070206,TMIN,165,,,a,
ASN00082076,20070207,TMIN,180,,,a,
ASN00082076,20070208,TMIN,177,,,a,
ASN00082076,20070209,TMIN,160,,,a,
ASN00082076,20070210,TMIN,168,,,a,
ASN00082076,20070211,TMIN,180,,,a,
ASN00082076,20070214,TMIN,140,,,a,
ASN00082076,20070217,TMIN,128,,,a,
ASN00082076,20070218,TMIN,146,,,a,
ASN00082076,20070219,TMIN,180,,,a,
ASN00082076,20070220,TMIN,157,,,a,
ASN00082076,20070221,TMIN,173,,,a,
ASN00082076,20070222,TMIN,143,,,a,
ASN00082076,20070223,TMIN,138,,,a,
ASN00082076,20070227,TMIN,154,,,a,
ASN00082076,20070228,TMIN,150,,,a,
ASN00082076,20070201,PRCP,0,,,a,
ASN00082076,20070202,PRCP,0,,,a,
ASN00082076,20070203,PRCP,0,,,a,
ASN00082076,20070204,PRCP,0,,,a,
ASN00082076,20070205,PRCP,0,,,a,
ASN00082076,20070206,PRCP,0,,,a,
ASN00082076,20070207,PRCP,0,,,a,
ASN00082076,20070208,PRCP,0,,,a,
ASN00082076,20070209,PRCP,0,,,a,
ASN00082076,20070210,PRCP,0,,,a,
ASN00082076,20070211,PRCP,0,,,a,
ASN00082076,20070212,PRCP,0,,,a,
ASN00082076,20070213,PRCP,0,,,a,
ASN00082076,20070214,PRCP,0,,,a,
ASN00082076,20070217,PRCP,0,,,a,
ASN00082076,20070218,PRCP,0,,,a,
ASN00082076,20070219,PRCP,14,,,a,
ASN00082076,20070220,PRCP,162,,,a,
ASN00082076,20070221,PRCP,0,,,a,
ASN00082076,20070222,PRCP,0,,,a,
ASN00082076,20070223,PRCP,6,,,a,
ASN00082076,20070227,PRCP,10,,,a,
ASN00082076,20070228,PRCP,104,,,a,
ASN00082076,20070216,DAPR,2,,,a,
ASN00082076,20070226,DAPR,3,,,a,
ASN00082076,20070213,DATN,2,,,a,
ASN00082076,20070216,DATN,2,,,a,
ASN00082076,20070226,DATN,3,,,a,
ASN00082076,20070212,DATX,2,,,a,
ASN00082076,20070215,DATX,2,,,a,
ASN00082076,20070225,DATX,3,,,a,
ASN00082076,20070216,MDPR,42,,,a,
ASN00082076,20070226,MDPR,200,,,a,
ASN00082076,20070213,MDTN,130,,,a,
ASN00082076,20070216,MDTN,138,,,a,
ASN00082076,20070226,MDTN,165,,,a,
ASN00082076,20070212,MDTX,310,,,a,
ASN00082076,20070215,MDTX,325,,,a,
ASN00082076,20070225,MDTX,280,,,a,
ASN00082076,20070301,TMAX,277,,,a,
ASN00082076,20070302,TMAX,312,,,a,
ASN00082076,20070303,TMAX,353,,,a,
ASN00082076,20070304,TMAX,324,,,a,
ASN00082076,20070305,TMAX,232,,,a,
ASN00082076,20070306,TMAX,270,,,a,
ASN00082076,20070307,TMAX,285,,,a,
ASN00082076,20070308,TMAX,290,,,a,
ASN00082076,20070309,TMAX,270,,,a,
ASN00082076,20070310,TMAX,310,,,a,
ASN00082076,20070313,TMAX,295,,,a,
ASN00082076,20070316,TMAX,275,,,a,
ASN00082076,20070317,TMAX,222,,,a,
ASN00082076,20070318,TMAX,280,,,a,
ASN00082076,20070322,TMAX,318,,,a,
ASN00082076,20070323,TMAX,323,,,a,
ASN00082076,20070324,TMAX,200,,,a,
ASN00082076,20070325,TMAX,185,,,a,
ASN00082076,20070326,TMAX,236,,,a,
ASN00082076,20070327,TMAX,248,,,a,
ASN00082076,20070328,TMAX,230,,,a,
ASN00082076,20070329,TMAX,195,,,a,
ASN00082076,20070330,TMAX,163,,,a,
ASN00082076,20070331,TMAX,217,,,a,
ASN00082076,20070301,TMIN,140,,,a,
ASN00082076,20070302,TMIN,144,,,a,
ASN00082076,20070303,TMIN,144,,,a,
ASN00082076,20070304,TMIN,163,,,a,
ASN00082076,20070305,TMIN,170,,,a,
ASN00082076,20070306,TMIN,121,,,a,
ASN00082076,20070307,TMIN,101,,,a,
ASN00082076,20070308,TMIN,134,,,a,
ASN00082076,20070309,TMIN,120,,,a,
ASN00082076,20070310,TMIN,96,,,a,
ASN00082076,20070311,TMIN,100,,,a,
ASN00082076,20070314,TMIN,95,,,a,
ASN00082076,20070317,TMIN,155,,,a,
ASN00082076,20070318,TMIN,84,,,a,
ASN00082076,20070319,TMIN,133,,,a,
ASN00082076,20070323,TMIN,160,,,a,
ASN00082076,20070324,TMIN,180,,,a,
ASN00082076,20070325,TMIN,107,,,a,
ASN00082076,20070326,TMIN,78,,,a,
ASN00082076,20070327,TMIN,75,,,a,
ASN00082076,20070328,TMIN,75,,,a,
ASN00082076,20070329,TMIN,125,,,a,
ASN00082076,20070330,TMIN,103,,,a,
ASN00082076,20070331,TMIN,38,,,a,
ASN00082076,20070301,PRCP,0,,,a,
ASN00082076,20070302,PRCP,10,,,a,
ASN00082076,20070303,PRCP,0,,,a,
ASN00082076,20070304,PRCP,0,,,a,
ASN00082076,20070305,PRCP,0,,,a,
ASN00082076,20070306,PRCP,0,,,a,
ASN00082076,20070307,PRCP,0,,,a,
ASN00082076,20070308,PRCP,28,,,a,
ASN00082076,20070309,PRCP,0,,,a,
ASN00082076,20070310,PRCP,0,,,a,
ASN00082076,20070311,PRCP,0,,,a,
ASN00082076,20070312,PRCP,0,,,a,
ASN00082076,20070313,PRCP,0,,,a,
ASN00082076,20070314,PRCP,0,,,a,
ASN00082076,20070317,PRCP,8,,,a,
ASN00082076,20070318,PRCP,0,,,a,
ASN00082076,20070319,PRCP,4,,,a,
ASN00082076,20070323,PRCP,0,,,a,
ASN00082076,20070324,PRCP,160,,,a,
ASN00082076,20070325,PRCP,90,,,a,
ASN00082076,20070326,PRCP,0,,,a,
ASN00082076,20070327,PRCP,0,,,a,
ASN00082076,20070328,PRCP,0,,,a,
ASN00082076,20070329,PRCP,40,,,a,
ASN00082076,20070330,PRCP,26,,,a,
ASN00082076,20070331,PRCP,2,,,a,
ASN00082076,20070316,DAPR,2,,,a,
ASN00082076,20070322,DAPR,3,,,a,
ASN00082076,20070313,DATN,2,,,a,
ASN00082076,20070316,DATN,2,,,a,
ASN00082076,20070322,DATN,3,,,a,
ASN00082076,20070312,DATX,2,,,a,
ASN00082076,20070315,DATX,2,,,a,
ASN00082076,20070321,DATX,3,,,a,
ASN00082076,20070316,MDPR,60,,,a,
ASN00082076,20070322,MDPR,2,,,a,
ASN00082076,20070313,MDTN,140,,,a,
ASN00082076,20070316,MDTN,88,,,a,
ASN00082076,20070322,MDTN,144,,,a,
ASN00082076,20070312,MDTX,235,,,a,
ASN00082076,20070315,MDTX,325,,,a,
ASN00082076,20070321,MDTX,290,,,a,
ASN00082076,20070401,TMAX,251,,,a,
ASN00082076,20070402,TMAX,253,,,a,
ASN00082076,20070403,TMAX,215,,,a,
ASN00082076,20070404,TMAX,250,,,a,
ASN00082076,20070405,TMAX,211,,,a,
ASN00082076,20070406,TMAX,210,,,a,
ASN00082076,20070407,TMAX,237,,,a,
ASN00082076,20070408,TMAX,257,,,a,
ASN00082076,20070409,TMAX,257,,,a,
ASN00082076,20070410,TMAX,251,,,a,
ASN00082076,20070411,TMAX,264,,,a,
ASN00082076,20070412,TMAX,260,,,a,
ASN00082076,20070413,TMAX,270,,,a,
ASN00082076,20070414,TMAX,240,,,a,
ASN00082076,20070415,TMAX,270,,,a,
ASN00082076,20070416,TMAX,240,,,a,
ASN00082076,20070417,TMAX,245,,,a,
ASN00082076,20070418,TMAX,255,,,a,
ASN00082076,20070419,TMAX,205,,,a,
ASN00082076,20070423,TMAX,203,,,a,
ASN00082076,20070424,TMAX,208,,,a,
ASN00082076,20070425,TMAX,213,,,a,
ASN00082076,20070426,TMAX,214,,,a,
ASN00082076,20070427,TMAX,183,,,a,
ASN00082076,20070428,TMAX,176,,,a,
ASN00082076,20070429,TMAX,168,,,a,
ASN00082076,20070430,TMAX,179,,,a,
ASN00082076,20070401,TMIN,78,,,a,
ASN00082076,20070402,TMIN,66,,,a,
ASN00082076,20070403,TMIN,107,,,a,
ASN00082076,20070404,TMIN,120,,,a,
ASN00082076,20070405,TMIN,80,,,a,
ASN00082076,20070406,TMIN,112,,,a,
ASN00082076,20070407,TMIN,52,,,a,
ASN00082076,20070408,TMIN,52,,,a,
ASN00082076,20070409,TMIN,50,,,a,
ASN00082076,20070410,TMIN,57,,,a,
ASN00082076,20070411,TMIN,55,,,a,
ASN00082076,20070412,TMIN,72,,,a,
ASN00082076,20070413,TMIN,75,,,a,
ASN00082076,20070414,TMIN,70,,,a,
ASN00082076,20070415,TMIN,85,,,a,
ASN00082076,20070416,TMIN,114,,,a,
ASN00082076,20070417,TMIN,70,,,a,
ASN00082076,20070418,TMIN,60,,,a,
ASN00082076,20070419,TMIN,93,,,a,
ASN00082076,20070420,TMIN,50,,,a,
ASN00082076,20070424,TMIN,120,,,a,
ASN00082076,20070425,TMIN,120,,,a,
ASN00082076,20070426,TMIN,50,,,a,
ASN00082076,20070427,TMIN,86,,,a,
ASN00082076,20070428,TMIN,99,,,a,
ASN00082076,20070429,TMIN,112,,,a,
ASN00082076,20070430,TMIN,125,,,a,
ASN00082076,20070401,PRCP,0,,,a,
ASN00082076,20070402,PRCP,0,,,a,
ASN00082076,20070403,PRCP,0,,,a,
ASN00082076,20070404,PRCP,144,,,a,
ASN00082076,20070405,PRCP,0,,,a,
ASN00082076,20070406,PRCP,0,,,a,
ASN00082076,20070407,PRCP,0,,,a,
ASN00082076,20070408,PRCP,0,,,a,
ASN00082076,20070409,PRCP,0,,,a,
ASN00082076,20070410,PRCP,0,,,a,
ASN00082076,20070411,PRCP,0,,,a,
ASN00082076,20070412,PRCP,0,,,a,
ASN00082076,20070413,PRCP,0,,,a,
ASN00082076,20070414,PRCP,0,,,a,
ASN00082076,20070415,PRCP,8,,,a,
ASN00082076,20070416,PRCP,0,,,a,
ASN00082076,20070417,PRCP,0,,,a,
ASN00082076,20070418,PRCP,0,,,a,
ASN00082076,20070419,PRCP,0,,,a,
ASN00082076,20070420,PRCP,0,,,a,
ASN00082076,20070421,PRCP,0,,,a,
ASN00082076,20070422,PRCP,0,,,a,
ASN00082076,20070423,PRCP,0,,,a,
ASN00082076,20070424,PRCP,0,,,a,
ASN00082076,20070425,PRCP,0,,,a,
ASN00082076,20070426,PRCP,0,,,a,
ASN00082076,20070427,PRCP,0,,,a,
ASN00082076,20070428,PRCP,156,,,a,
ASN00082076,20070429,PRCP,198,,,a,
ASN00082076,20070430,PRCP,24,,,a,
ASN00082076,20070423,DATN,3,,,a,
ASN00082076,20070422,DATX,3,,,a,
ASN00082076,20070423,MDTN,60,,,a,
ASN00082076,20070422,MDTX,212,,,a,
ASN00082076,20070501,TMAX,194,,,a,
ASN00082076,20070502,TMAX,197,,,a,
ASN00082076,20070507,TMAX,215,,,a,
ASN00082076,20070508,TMAX,230,,,a,
ASN00082076,20070509,TMAX,180,,,a,
ASN00082076,20070510,TMAX,198,,,a,
ASN00082076,20070511,TMAX,215,,,a,
ASN00082076,20070512,TMAX,222,,,a,
ASN00082076,20070513,TMAX,181,,,a,
ASN00082076,20070514,TMAX,206,,,a,
ASN00082076,20070515,TMAX,215,,,a,
ASN00082076,20070516,TMAX,196,,,a,
ASN00082076,20070517,TMAX,160,,,a,
ASN00082076,20070518,TMAX,135,,,a,
ASN00082076,20070521,TMAX,120,,,a,
ASN00082076,20070522,TMAX,120,,,a,
ASN00082076,20070523,TMAX,132,,,a,
ASN00082076,20070524,TMAX,148,,,a,
ASN00082076,20070525,TMAX,165,,,a,
ASN00082076,20070526,TMAX,179,,,a,
ASN00082076,20070527,TMAX,173,,,a,
ASN00082076,20070528,TMAX,158,,,a,
ASN00082076,20070529,TMAX,194,,,a,
ASN00082076,20070530,TMAX,110,,,a,
ASN00082076,20070531,TMAX,100,,,a,
ASN00082076,20070501,TMIN,96,,,a,
ASN00082076,20070502,TMIN,91,,,a,
ASN00082076,20070503,TMIN,100,,,a,
ASN00082076,20070508,TMIN,81,,,a,
ASN00082076,20070509,TMIN,40,,,a,
ASN00082076,20070510,TMIN,72,,,a,
ASN00082076,20070511,TMIN,33,,,a,
ASN00082076,20070512,TMIN,32,,,a,
ASN00082076,20070513,TMIN,34,,,a,
ASN00082076,20070514,TMIN,67,,,a,
ASN00082076,20070515,TMIN,68,,,a,
ASN00082076,20070516,TMIN,84,,,a,
ASN00082076,20070517,TMIN,74,,,a,
ASN00082076,20070518,TMIN,100,,,a,
ASN00082076,20070519,TMIN,120,,,a,
ASN00082076,20070522,TMIN,60,,,a,
ASN00082076,20070523,TMIN,66,,,a,
ASN00082076,20070524,TMIN,78,,,a,
ASN00082076,20070525,TMIN,41,,,a,
ASN00082076,20070526,TMIN,30,,,a,
ASN00082076,20070527,TMIN,15,,,a,
ASN00082076,20070528,TMIN,34,,,a,
ASN00082076,20070529,TMIN,72,,,a,
ASN00082076,20070530,TMIN,66,,,a,
ASN00082076,20070531,TMIN,68,,,a,
ASN00082076,20070501,PRCP,0,,,a,
ASN00082076,20070502,PRCP,0,,,a,
ASN00082076,20070503,PRCP,0,,,a,
ASN00082076,20070504,PRCP,0,,,a,
ASN00082076,20070505,PRCP,0,,,a,
ASN00082076,20070506,PRCP,0,,,a,
ASN00082076,20070507,PRCP,0,,,a,
ASN00082076,20070508,PRCP,0,,,a,
ASN00082076,20070509,PRCP,0,,,a,
ASN00082076,20070510,PRCP,0,,,a,
ASN00082076,20070511,PRCP,0,,,a,
ASN00082076,20070512,PRCP,0,,,a,
ASN00082076,20070513,PRCP,0,,,a,
ASN00082076,20070514,PRCP,0,,,a,
ASN00082076,20070515,PRCP,0,,,a,
ASN00082076,20070516,PRCP,10,,,a,
ASN00082076,20070517,PRCP,0,,,a,
ASN00082076,20070518,PRCP,120,,,a,
ASN00082076,20070519,PRCP,180,,,a,
ASN00082076,20070522,PRCP,146,,,a,
ASN00082076,20070523,PRCP,22,,,a,
ASN00082076,20070524,PRCP,12,,,a,
ASN00082076,20070525,PRCP,0,,,a,
ASN00082076,20070526,PRCP,0,,,a,
ASN00082076,20070527,PRCP,0,,,a,
ASN00082076,20070528,PRCP,0,,,a,
ASN00082076,20070529,PRCP,0,,,a,
ASN00082076,20070530,PRCP,264,,,a,
ASN00082076,20070531,PRCP,6,,,a,
ASN00082076,20070521,DAPR,2,,,a,
ASN00082076,20070505,DATN,2,,,a,
ASN00082076,20070507,DATN,2,,,a,
ASN00082076,20070521,DATN,2,,,a,
ASN00082076,20070504,DATX,2,,,a,
ASN00082076,20070506,DATX,2,,,a,
ASN00082076,20070520,DATX,2,,,a,
ASN00082076,20070521,MDPR,100,,,a,
ASN00082076,20070505,MDTN,100,,,a,
ASN00082076,20070507,MDTN,84,,,a,
ASN00082076,20070521,MDTN,81,,,a,
ASN00082076,20070504,MDTX,180,,,a,
ASN00082076,20070506,MDTX,210,,,a,
ASN00082076,20070520,MDTX,135,,,a,
ASN00082076,20070601,TMAX,140,,,a,
ASN00082076,20070602,TMAX,105,,,a,
ASN00082076,20070605,TMAX,150,,,a,
ASN00082076,20070606,TMAX,140,,,a,
ASN00082076,20070607,TMAX,150,,,a,
ASN00082076,20070608,TMAX,155,,,a,
ASN00082076,20070609,TMAX,149,,,a,
ASN00082076,20070610,TMAX,142,,,a,
ASN00082076,20070611,TMAX,110,,,a,
ASN00082076,20070612,TMAX,122,,,a,
ASN00082076,20070613,TMAX,109,,,a,
ASN00082076,20070614,TMAX,115,,,a,
ASN00082076,20070615,TMAX,142,,,a,
ASN00082076,20070618,TMAX,90,,,a,
ASN00082076,20070621,TMAX,99,,,a,
ASN00082076,20070622,TMAX,111,,,a,
ASN00082076,20070623,TMAX,119,,,a,
ASN00082076,20070624,TMAX,135,,,a,
ASN00082076,20070625,TMAX,104,,,a,
ASN00082076,20070626,TMAX,101,,,a,
ASN00082076,20070627,TMAX,131,,,a,
ASN00082076,20070628,TMAX,137,,,a,
ASN00082076,20070629,TMAX,130,,,a,
ASN00082076,20070630,TMAX,121,,,a,
ASN00082076,20070601,TMIN,73,,,a,
ASN00082076,20070602,TMIN,55,,,a,
ASN00082076,20070603,TMIN,61,,,a,
ASN00082076,20070606,TMIN,10,,,a,
ASN00082076,20070607,TMIN,10,,,a,
ASN00082076,20070608,TMIN,88,,,a,
ASN00082076,20070609,TMIN,98,,,a,
ASN00082076,20070610,TMIN,5,,,a,
ASN00082076,20070611,TMIN,22,,,a,
ASN00082076,20070612,TMIN,8,,,a,
ASN00082076,20070613,TMIN,-8,,,a,
ASN00082076,20070614,TMIN,18,,,a,
ASN00082076,20070615,TMIN,82,,,a,
ASN00082076,20070616,TMIN,50,,,a,
ASN00082076,20070619,TMIN,58,,,a,
ASN00082076,20070622,TMIN,-41,,,a,
ASN00082076,20070623,TMIN,-36,,,a,
ASN00082076,20070624,TMIN,-27,,,a,
ASN00082076,20070625,TMIN,-7,,,a,
ASN00082076,20070626,TMIN,18,,,a,
ASN00082076,20070627,TMIN,45,,,a,
ASN00082076,20070628,TMIN,48,,,a,
ASN00082076,20070629,TMIN,31,,,a,
ASN00082076,20070630,TMIN,30,,,a,
ASN00082076,20070601,PRCP,132,,,a,
ASN00082076,20070602,PRCP,0,,,a,
ASN00082076,20070603,PRCP,112,,,a,
ASN00082076,20070604,PRCP,0,,,a,
ASN00082076,20070605,PRCP,0,,,a,
ASN00082076,20070606,PRCP,6,,,a,
ASN00082076,20070607,PRCP,0,,,a,
ASN00082076,20070608,PRCP,0,,,a,
ASN00082076,20070609,PRCP,0,,,a,
ASN00082076,20070610,PRCP,0,,,a,
ASN00082076,20070611,PRCP,4,,,a,
ASN00082076,20070612,PRCP,44,,,a,
ASN00082076,20070613,PRCP,0,,,a,
ASN00082076,20070614,PRCP,0,,,a,
ASN00082076,20070615,PRCP,0,,,a,
ASN00082076,20070616,PRCP,0,,,a,
ASN00082076,20070617,PRCP,0,,,a,
ASN00082076,20070618,PRCP,0,,,a,
ASN00082076,20070619,PRCP,6,,,a,
ASN00082076,20070622,PRCP,0,,,a,
ASN00082076,20070623,PRCP,0,,,a,
ASN00082076,20070624,PRCP,0,,,a,
ASN00082076,20070625,PRCP,0,,,a,
ASN00082076,20070626,PRCP,8,,,a,
ASN00082076,20070627,PRCP,54,,,a,
ASN00082076,20070628,PRCP,12,,,a,
ASN00082076,20070629,PRCP,0,,,a,
ASN00082076,20070630,PRCP,8,,,a,
ASN00082076,20070621,DAPR,2,,,a,
ASN00082076,20070605,DATN,2,,,a,
ASN00082076,20070618,DATN,2,,,a,
ASN00082076,20070621,DATN,2,,,a,
ASN00082076,20070604,DATX,2,,,a,
ASN00082076,20070617,DATX,2,,,a,
ASN00082076,20070620,DATX,2,,,a,
ASN00082076,20070621,MDPR,60,,,a,
ASN00082076,20070605,MDTN,10,,,a,
ASN00082076,20070618,MDTN,3,,,a,
ASN00082076,20070621,MDTN,47,,,a,
ASN00082076,20070604,MDTX,140,,,a,
ASN00082076,20070617,MDTX,134,,,a,
ASN00082076,20070620,MDTX,116,,,a,
ASN00082076,20070701,TMAX,110,,,a,
ASN00082076,20070702,TMAX,100,,,a,
ASN00082076,20070703,TMAX,120,,,a,
ASN00082076,20070704,TMAX,110,,,a,
ASN00082076,20070705,TMAX,78,,,a,
ASN00082076,20070706,TMAX,92,,,a,
ASN00082076,20070707,TMAX,83,,,a,
ASN00082076,20070708,TMAX,107,,,a,
ASN00082076,20070709,TMAX,135,,,a,
ASN00082076,20070710,TMAX,136,,,a,
ASN00082076,20070711,TMAX,131,,,a,
ASN00082076,20070712,TMAX,105,,,a,
ASN00082076,20070715,TMAX,100,,,a,
ASN00082076,20070716,TMAX,80,,,a,
ASN00082076,20070717,TMAX,75,,,a,
ASN00082076,20070718,TMAX,86,,,a,
ASN00082076,20070719,TMAX,117,,,a,
ASN00082076,20070720,TMAX,116,,,a,
ASN00082076,20070721,TMAX,127,,,a,
ASN00082076,20070722,TMAX,132,,,a,
ASN00082076,20070723,TMAX,128,,,a,
ASN00082076,20070724,TMAX,152,,,a,
ASN00082076,20070725,TMAX,168,,,a,
ASN00082076,20070726,TMAX,100,,,a,
ASN00082076,20070727,TMAX,140,,,a,
ASN00082076,20070728,TMAX,120,,,a,
ASN00082076,20070729,TMAX,110,,,a,
ASN00082076,20070730,TMAX,140,,,a,
ASN00082076,20070731,TMAX,105,,,a,
ASN00082076,20070701,TMIN,57,,,a,
ASN00082076,20070702,TMIN,65,,,a,
ASN00082076,20070703,TMIN,64,,,a,
ASN00082076,20070704,TMIN,35,,,a,
ASN00082076,20070705,TMIN,60,,,a,
ASN00082076,20070706,TMIN,34,,,a,
ASN00082076,20070707,TMIN,32,,,a,
ASN00082076,20070708,TMIN,19,,,a,
ASN00082076,20070709,TMIN,75,,,a,
ASN00082076,20070710,TMIN,22,,,a,
ASN00082076,20070711,TMIN,-4,,,a,
ASN00082076,20070712,TMIN,-2,,,a,
ASN00082076,20070713,TMIN,25,,,a,
ASN00082076,20070716,TMIN,-20,,,a,
ASN00082076,20070717,TMIN,12,,,a,
ASN00082076,20070718,TMIN,-10,,,a,
ASN00082076,20070719,TMIN,-10,,,a,
ASN00082076,20070720,TMIN,-3,,,a,
ASN00082076,20070721,TMIN,-15,,,a,
ASN00082076,20070722,TMIN,-15,,,a,
ASN00082076,20070723,TMIN,-17,,,a,
ASN00082076,20070724,TMIN,0,,,a,
ASN00082076,20070725,TMIN,-16,,,a,
ASN00082076,20070726,TMIN,6,,,a,
ASN00082076,20070727,TMIN,18,,,a,
ASN00082076,20070728,TMIN,61,,,a,
ASN00082076,20070729,TMIN,8,,,a,
ASN00082076,20070730,TMIN,0,,,a,
ASN00082076,20070731,TMIN,26,,,a,
ASN00082076,20070701,PRCP,34,,,a,
ASN00082076,20070702,PRCP,40,,,a,
ASN00082076,20070703,PRCP,98,,,a,
ASN00082076,20070704,PRCP,146,,,a,
ASN00082076,20070705,PRCP,272,,,a,
ASN00082076,20070706,PRCP,122,,,a,
ASN00082076,20070707,PRCP,190,,,a,
ASN00082076,20070708,PRCP,22,,,a,
ASN00082076,20070709,PRCP,0,,,a,
ASN00082076,20070710,PRCP,0,,,a,
ASN00082076,20070711,PRCP,0,,,a,
ASN00082076,20070712,PRCP,0,,,a,
ASN00082076,20070713,PRCP,14,,,a,
ASN00082076,20070714,PRCP,0,,,a,
ASN00082076,20070715,PRCP,0,,,a,
ASN00082076,20070716,PRCP,0,,,a,
ASN00082076,20070717,PRCP,0,,,a,
ASN00082076,20070718,PRCP,130,,,a,
ASN00082076,20070719,PRCP,4,,,a,
ASN00082076,20070720,PRCP,0,,,a,
ASN00082076,20070721,PRCP,0,,,a,
ASN00082076,20070722,PRCP,0,,,a,
ASN00082076,20070723,PRCP,0,,,a,
ASN00082076,20070724,PRCP,0,,,a,
ASN00082076,20070725,PRCP,0,,,a,
ASN00082076,20070726,PRCP,0,,,a,
ASN00082076,20070727,PRCP,216,,,a,
ASN00082076,20070728,PRCP,58,,,a,
ASN00082076,20070729,PRCP,0,,,a,
ASN00082076,20070730,PRCP,0,,,a,
ASN00082076,20070731,PRCP,0,,,a,
ASN00082076,20070715,DATN,2,,,a,
ASN00082076,20070714,DATX,2,,,a,
ASN00082076,20070715,MDTN,-38,,,a,
ASN00082076,20070714,MDTX,108,,,a,
ASN00082076,20070801,TMAX,115,,,a,
ASN00082076,20070802,TMAX,165,,,a,
ASN00082076,20070803,TMAX,115,,,a,
ASN00082076,20070804,TMAX,85,,,a,
ASN00082076,20070805,TMAX,120,,,a,
ASN00082076,20070806,TMAX,133,,,a,
ASN00082076,20070807,TMAX,132,,,a,
ASN00082076,20070814,TMAX,138,,,a,
ASN00082076,20070817,TMAX,108,,,a,
ASN00082076,20070818,TMAX,151,,,a,
ASN00082076,20070819,TMAX,167,,,a,
ASN00082076,20070820,TMAX,191,,,a,
ASN00082076,20070821,TMAX,160,,,a,
ASN00082076,20070822,TMAX,159,,,a,
ASN00082076,20070823,TMAX,160,,,a,
ASN00082076,20070824,TMAX,168,,,a,
ASN00082076,20070825,TMAX,190,,,a,
ASN00082076,20070826,TMAX,195,,,a,
ASN00082076,20070827,TMAX,219,,,a,
ASN00082076,20070828,TMAX,220,,,a,
ASN00082076,20070829,TMAX,200,,,a,
ASN00082076,20070830,TMAX,225,,,a,
ASN00082076,20070831,TMAX,172,,,a,
ASN00082076,20070801,TMIN,65,,,a,
ASN00082076,20070802,TMIN,30,,,a,
ASN00082076,20070803,TMIN,54,,,a,
ASN00082076,20070804,TMIN,-2,,,a,
ASN00082076,20070805,TMIN,22,,,a,
ASN00082076,20070806,TMIN,36,,,a,
ASN00082076,20070807,TMIN,25,,,a,
ASN00082076,20070808,TMIN,40,,,a,
ASN00082076,20070815,TMIN,0,,,a,
ASN00082076,20070818,TMIN,58,,,a,
ASN00082076,20070819,TMIN,24,,,a,
ASN00082076,20070820,TMIN,10,,,a,
ASN00082076,20070821,TMIN,32,,,a,
ASN00082076,20070822,TMIN,70,,,a,
ASN00082076,20070823,TMIN,9,,,a,
ASN00082076,20070824,TMIN,25,,,a,
ASN00082076,20070825,TMIN,24,,,a,
ASN00082076,20070826,TMIN,50,,,a,
ASN00082076,20070827,TMIN,20,,,a,
ASN00082076,20070828,TMIN,23,,,a,
ASN00082076,20070829,TMIN,33,,,a,
ASN00082076,20070830,TMIN,24,,,a,
ASN00082076,20070831,TMIN,61,,,a,
ASN00082076,20070801,PRCP,56,,,a,
ASN00082076,20070802,PRCP,14,,,a,
ASN00082076,20070803,PRCP,18,,,a,
ASN00082076,20070804,PRCP,6,,,a,
ASN00082076,20070805,PRCP,76,,,a,
ASN00082076,20070806,PRCP,10,,,a,
ASN00082076,20070807,PRCP,0,,,a,
ASN00082076,20070808,PRCP,0,,,a,
ASN00082076,20070809,PRCP,0,,,a,
ASN00082076,20070810,PRCP,0,,,a,
ASN00082076,20070813,PRCP,0,,,a,
ASN00082076,20070814,PRCP,0,,,a,
ASN00082076,20070815,PRCP,0,,,a,
ASN00082076,20070818,PRCP,6,,,a,
ASN00082076,20070819,PRCP,8,,,a,
ASN00082076,20070820,PRCP,0,,,a,
ASN00082076,20070821,PRCP,0,,,a,
ASN00082076,20070822,PRCP,0,,,a,
ASN00082076,20070823,PRCP,0,,,a,
ASN00082076,20070824,PRCP,0,,,a,
ASN00082076,20070825,PRCP,0,,,a,
ASN00082076,20070826,PRCP,0,,,a,
ASN00082076,20070827,PRCP,0,,,a,
ASN00082076,20070828,PRCP,0,,,a,
ASN00082076,20070829,PRCP,0,,,a,
ASN00082076,20070830,PRCP,0,,,a,
ASN00082076,20070831,PRCP,6,,,a,
ASN00082076,20070812,DAPR,2,,,a,
ASN00082076,20070817,DAPR,2,,,a,
ASN00082076,20070810,DATN,2,,,a,
ASN00082076,20070812,DATN,2,,,a,
ASN00082076,20070814,DATN,2,,,a,
ASN00082076,20070817,DATN,2,,,a,
ASN00082076,20070809,DATX,2,,,a,
ASN00082076,20070811,DATX,2,,,a,
ASN00082076,20070813,DATX,2,,,a,
ASN00082076,20070816,DATX,2,,,a,
ASN00082076,20070812,MDPR,72,,,a,
ASN00082076,20070817,MDPR,104,,,a,
ASN00082076,20070810,MDTN,80,,,a,
ASN00082076,20070812,MDTN,82,,,a,
ASN00082076,20070814,MDTN,15,,,a,
ASN00082076,20070817,MDTN,0,,,a,
ASN00082076,20070809,MDTX,135,,,a,
ASN00082076,20070811,MDTX,126,,,a,
ASN00082076,20070813,MDTX,115,,,a,
ASN00082076,20070816,MDTX,131,,,a,
ASN00082076,20070901,TMAX,162,,,a,
ASN00082076,20070902,TMAX,175,,,a,
ASN00082076,20070903,TMAX,171,,,a,
ASN00082076,20070904,TMAX,142,,,a,
ASN00082076,20070905,TMAX,170,,,a,
ASN00082076,20070906,TMAX,190,,,a,
ASN00082076,20070907,TMAX,176,,,a,
ASN00082076,20070908,TMAX,202,,,a,
ASN00082076,20070909,TMAX,188,,,a,
ASN00082076,20070910,TMAX,152,,,a,
ASN00082076,20070911,TMAX,124,,,a,
ASN00082076,20070912,TMAX,152,,,a,
ASN00082076,20070913,TMAX,190,,,a,
ASN00082076,20070914,TMAX,145,,,a,
ASN00082076,20070915,TMAX,149,,,a,
ASN00082076,20070916,TMAX,169,,,a,
ASN00082076,20070919,TMAX,205,,,a,
ASN00082076,20070920,TMAX,176,,,a,
ASN00082076,20070921,TMAX,169,,,a,
ASN00082076,20070922,TMAX,181,,,a,
ASN00082076,20070923,TMAX,186,,,a,
ASN00082076,20070924,TMAX,200,,,a,
ASN00082076,20070925,TMAX,199,,,a,
ASN00082076,20070926,TMAX,204,,,a,
ASN00082076,20070927,TMAX,178,,,a,
ASN00082076,20070928,TMAX,149,,,a,
ASN00082076,20070929,TMAX,130,,,a,
ASN00082076,20070930,TMAX,165,,,a,
ASN00082076,20070901,TMIN,-12,,,a,
ASN00082076,20070902,TMIN,-6,,,a,
ASN00082076,20070903,TMIN,-2,,,a,
ASN00082076,20070904,TMIN,49,,,a,
ASN00082076,20070905,TMIN,-13,,,a,
ASN00082076,20070906,TMIN,-2,,,a,
ASN00082076,20070907,TMIN,18,,,a,
ASN00082076,20070908,TMIN,15,,,a,
ASN00082076,20070909,TMIN,15,,,a,
ASN00082076,20070910,TMIN,45,,,a,
ASN00082076,20070911,TMIN,90,,,a,
ASN00082076,20070912,TMIN,52,,,a,
ASN00082076,20070913,TMIN,25,,,a,
ASN00082076,20070914,TMIN,50,,,a,
ASN00082076,20070915,TMIN,70,,,a,
ASN00082076,20070916,TMIN,0,,,a,
ASN00082076,20070917,TMIN,52,,,a,
ASN00082076,20070920,TMIN,60,,,a,
ASN00082076,20070921,TMIN,20,,,a,
ASN00082076,20070922,TMIN,47,,,a,
ASN00082076,20070923,TMIN,9,,,a,
ASN00082076,20070924,TMIN,25,,,a,
ASN00082076,20070925,TMIN,11,,,a,
ASN00082076,20070926,TMIN,33,,,a,
ASN00082076,20070927,TMIN,55,,,a,
ASN00082076,20070928,TMIN,106,,,a,
ASN00082076,20070929,TMIN,61,,,a,
ASN00082076,20070930,TMIN,71,,,a,
ASN00082076,20070901,PRCP,50,,,a,
ASN00082076,20070902,PRCP,0,,,a,
ASN00082076,20070903,PRCP,0,,,a,
ASN00082076,20070904,PRCP,0,,,a,
ASN00082076,20070905,PRCP,0,,,a,
ASN00082076,20070906,PRCP,0,,,a,
ASN00082076,20070907,PRCP,0,,,a,
ASN00082076,20070908,PRCP,0,,,a,
ASN00082076,20070909,PRCP,0,,,a,
ASN00082076,20070910,PRCP,0,,,a,
ASN00082076,20070911,PRCP,92,,,a,
ASN00082076,20070912,PRCP,80,,,a,
ASN00082076,20070913,PRCP,0,,,a,
ASN00082076,20070914,PRCP,0,,,a,
ASN00082076,20070915,PRCP,28,,,a,
ASN00082076,20070916,PRCP,0,,,a,
ASN00082076,20070917,PRCP,64,,,a,
ASN00082076,20070918,PRCP,0,,,a,
ASN00082076,20070919,PRCP,0,,,a,
ASN00082076,20070920,PRCP,70,,,a,
ASN00082076,20070921,PRCP,20,,,a,
ASN00082076,20070922,PRCP,0,,,a,
ASN00082076,20070923,PRCP,0,,,a,
ASN00082076,20070924,PRCP,0,,,a,
ASN00082076,20070925,PRCP,0,,,a,
ASN00082076,20070926,PRCP,0,,,a,
ASN00082076,20070927,PRCP,8,,,a,
ASN00082076,20070928,PRCP,40,,,a,
ASN00082076,20070929,PRCP,60,,,a,
ASN00082076,20070930,PRCP,2,,,a,
ASN00082076,20070919,DATN,2,,,a,
ASN00082076,20070918,DATX,2,,,a,
ASN00082076,20070919,MDTN,10,,,a,
ASN00082076,20070918,MDTX,185,,,a,
ASN00082076,20071001,TMAX,188,,,a,
ASN00082076,20071002,TMAX,204,,,a,
ASN00082076,20071003,TMAX,203,,,a,
ASN00082076,20071004,TMAX,168,,,a,
ASN00082076,20071005,TMAX,204,,,a,
ASN00082076,20071006,TMAX,185,,,a,
ASN00082076,20071007,TMAX,158,,,a,
ASN00082076,20071008,TMAX,182,,,a,
ASN00082076,20071009,TMAX,206,,,a,
ASN00082076,20071010,TMAX,222,,,a,
ASN00082076,20071011,TMAX,256,,,a,
ASN00082076,20071012,TMAX,150,,,a,
ASN00082076,20071013,TMAX,157,,,a,
ASN00082076,20071014,TMAX,196,,,a,
ASN00082076,20071015,TMAX,244,,,a,
ASN00082076,20071016,TMAX,191,,,a,
ASN00082076,20071017,TMAX,197,,,a,
ASN00082076,20071018,TMAX,227,,,a,
ASN00082076,20071019,TMAX,280,,,a,
ASN00082076,20071020,TMAX,290,,,a,
ASN00082076,20071025,TMAX,240,,,a,
ASN00082076,20071028,TMAX,250,,,a,
ASN00082076,20071029,TMAX,190,,,a,
ASN00082076,20071030,TMAX,215,,,a,
ASN00082076,20071031,TMAX,205,,,a,
ASN00082076,20071001,TMIN,93,,,a,
ASN00082076,20071002,TMIN,31,,,a,
ASN00082076,20071003,TMIN,24,,,a,
ASN00082076,20071004,TMIN,30,,,a,
ASN00082076,20071005,TMIN,45,,,a,
ASN00082076,20071006,TMIN,110,,,a,
ASN00082076,20071007,TMIN,35,,,a,
ASN00082076,20071008,TMIN,0,,,a,
ASN00082076,20071009,TMIN,25,,,a,
ASN00082076,20071010,TMIN,30,,,a,
ASN00082076,20071011,TMIN,80,,,a,
ASN00082076,20071012,TMIN,105,,,a,
ASN00082076,20071013,TMIN,-4,,,a,
ASN00082076,20071014,TMIN,16,,,a,
ASN00082076,20071015,TMIN,36,,,a,
ASN00082076,20071016,TMIN,95,,,a,
ASN00082076,20071017,TMIN,38,,,a,
ASN00082076,20071018,TMIN,20,,,a,
ASN00082076,20071019,TMIN,50,,,a,
ASN00082076,20071020,TMIN,75,,,a,
ASN00082076,20071021,TMIN,78,,,a,
ASN00082076,20071026,TMIN,130,,,a,
ASN00082076,20071030,TMIN,60,,,a,
ASN00082076,20071031,TMIN,65,,,a,
ASN00082076,20071001,PRCP,18,,,a,
ASN00082076,20071002,PRCP,0,,,a,
ASN00082076,20071003,PRCP,0,,,a,
ASN00082076,20071004,PRCP,0,,,a,
ASN00082076,20071005,PRCP,0,,,a,
ASN00082076,20071006,PRCP,8,,,a,
ASN00082076,20071007,PRCP,0,,,a,
ASN00082076,20071008,PRCP,0,,,a,
ASN00082076,20071009,PRCP,0,,,a,
ASN00082076,20071010,PRCP,0,,,a,
ASN00082076,20071011,PRCP,0,,,a,
ASN00082076,20071012,PRCP,38,,,a,
ASN00082076,20071013,PRCP,30,,,a,
ASN00082076,20071014,PRCP,0,,,a,
ASN00082076,20071015,PRCP,0,,,a,
ASN00082076,20071016,PRCP,0,,,a,
ASN00082076,20071017,PRCP,0,,,a,
ASN00082076,20071018,PRCP,0,,,a,
ASN00082076,20071019,PRCP,0,,,a,
ASN00082076,20071020,PRCP,0,,,a,
ASN00082076,20071021,PRCP,0,,,a,
ASN00082076,20071022,PRCP,0,,,a,
ASN00082076,20071023,PRCP,0,,,a,
ASN00082076,20071024,PRCP,0,,,a,
ASN00082076,20071025,PRCP,0,,,a,
ASN00082076,20071026,PRCP,178,,,a,
ASN00082076,20071029,PRCP,110,,,a,
ASN00082076,20071030,PRCP,0,,,a,
ASN00082076,20071031,PRCP,0,,,a,
ASN00082076,20071028,DAPR,2,,,a,
ASN00082076,20071023,DATN,2,,,a,
ASN00082076,20071025,DATN,2,,,a,
ASN00082076,20071028,DATN,2,,,a,
ASN00082076,20071022,DATX,2,,,a,
ASN00082076,20071024,DATX,2,,,a,
ASN00082076,20071027,DATX,2,,,a,
ASN00082076,20071028,MDPR,66,,,a,
ASN00082076,20071023,MDTN,90,,,a,
ASN00082076,20071025,MDTN,115,,,a,
ASN00082076,20071028,MDTN,110,,,a,
ASN00082076,20071022,MDTX,315,,,a,
ASN00082076,20071024,MDTX,261,,,a,
ASN00082076,20071027,MDTX,242,,,a,
ASN00082076,20071101,TMAX,230,,,a,
ASN00082076,20071104,TMAX,150,,,a,
ASN00082076,20071105,TMAX,170,,,a,
ASN00082076,20071108,TMAX,221,,,a,
ASN00082076,20071109,TMAX,225,,,a,
ASN00082076,20071110,TMAX,239,,,a,
ASN00082076,20071111,TMAX,265,,,a,
ASN00082076,20071112,TMAX,282,,,a,
ASN00082076,20071113,TMAX,293,,,a,
ASN00082076,20071114,TMAX,301,,,a,
ASN00082076,20071117,TMAX,310,,,a,
ASN00082076,20071118,TMAX,280,,,a,
ASN00082076,20071119,TMAX,320,,,a,
ASN00082076,20071120,TMAX,356,,,a,
ASN00082076,20071121,TMAX,240,,,a,
ASN00082076,20071122,TMAX,182,,,a,
ASN00082076,20071123,TMAX,272,,,a,
ASN00082076,20071124,TMAX,304,,,a,
ASN00082076,20071125,TMAX,314,,,a,
ASN00082076,20071126,TMAX,305,,,a,
ASN00082076,20071127,TMAX,279,,,a,
ASN00082076,20071130,TMAX,240,,,a,
ASN00082076,20071101,TMIN,75,,,a,
ASN00082076,20071102,TMIN,115,,,a,
ASN00082076,20071105,TMIN,100,,,a,
ASN00082076,20071106,TMIN,100,,,a,
ASN00082076,20071109,TMIN,69,,,a,
ASN00082076,20071110,TMIN,64,,,a,
ASN00082076,20071111,TMIN,74,,,a,
ASN00082076,20071112,TMIN,85,,,a,
ASN00082076,20071113,TMIN,110,,,a,
ASN00082076,20071114,TMIN,86,,,a,
ASN00082076,20071115,TMIN,99,,,a,
ASN00082076,20071118,TMIN,155,,,a,
ASN00082076,20071119,TMIN,134,,,a,
ASN00082076,20071120,TMIN,130,,,a,
ASN00082076,20071121,TMIN,180,,,a,
ASN00082076,20071122,TMIN,130,,,a,
ASN00082076,20071123,TMIN,123,,,a,
ASN00082076,20071124,TMIN,105,,,a,
ASN00082076,20071125,TMIN,126,,,a,
ASN00082076,20071126,TMIN,139,,,a,
ASN00082076,20071127,TMIN,155,,,a,
ASN00082076,20071128,TMIN,147,,,a,
ASN00082076,20071101,PRCP,0,,,a,
ASN00082076,20071102,PRCP,18,,,a,
ASN00082076,20071105,PRCP,40,,,a,
ASN00082076,20071106,PRCP,0,,,a,
ASN00082076,20071107,PRCP,0,,L,a,
ASN00082076,20071109,PRCP,0,,,a,
ASN00082076,20071110,PRCP,0,,,a,
ASN00082076,20071111,PRCP,12,,,a,
ASN00082076,20071112,PRCP,0,,,a,
ASN00082076,20071113,PRCP,0,,,a,
ASN00082076,20071114,PRCP,0,,,a,
ASN00082076,20071115,PRCP,0,,,a,
ASN00082076,20071116,PRCP,0,,,a,
ASN00082076,20071117,PRCP,0,,,a,
ASN00082076,20071118,PRCP,42,,,a,
ASN00082076,20071119,PRCP,4,,,a,
ASN00082076,20071120,PRCP,0,,,a,
ASN00082076,20071121,PRCP,0,,,a,
ASN00082076,20071122,PRCP,20,,,a,
ASN00082076,20071123,PRCP,118,,,a,
ASN00082076,20071124,PRCP,0,,,a,
ASN00082076,20071125,PRCP,0,,,a,
ASN00082076,20071126,PRCP,0,,,a,
ASN00082076,20071127,PRCP,0,,,a,
ASN00082076,20071128,PRCP,0,,,a,
ASN00082076,20071104,DAPR,2,,,a,
ASN00082076,20071108,DAPR,2,,L,a,
ASN00082076,20071130,DAPR,2,,,a,
ASN00082076,20071104,DATN,2,,,a,
ASN00082076,20071108,DATN,2,,,a,
ASN00082076,20071117,DATN,2,,,a,
ASN00082076,20071130,DATN,2,,,a,
ASN00082076,20071103,DATX,2,,,a,
ASN00082076,20071107,DATX,2,,,a,
ASN00082076,20071116,DATX,2,,,a,
ASN00082076,20071129,DATX,2,,,a,
ASN00082076,20071104,MDPR,368,,,a,
ASN00082076,20071108,MDPR,20,,L,a,
ASN00082076,20071130,MDPR,40,,,a,
ASN00082076,20071104,MDTN,107,,,a,
ASN00082076,20071108,MDTN,80,,,a,
ASN00082076,20071117,MDTN,114,,,a,
ASN00082076,20071130,MDTN,160,,,a,
ASN00082076,20071103,MDTX,195,,,a,
ASN00082076,20071107,MDTX,205,,,a,
ASN00082076,20071116,MDTX,325,,,a,
ASN00082076,20071129,MDTX,262,,,a,
ASN00082076,20071203,TMAX,257,,,a,
ASN00082076,20071204,TMAX,265,,,a,
ASN00082076,20071205,TMAX,297,,,a,
ASN00082076,20071206,TMAX,307,,,a,
ASN00082076,20071207,TMAX,281,,,a,
ASN00082076,20071208,TMAX,301,,,a,
ASN00082076,20071209,TMAX,289,,,a,
ASN00082076,20071210,TMAX,244,,,a,
ASN00082076,20071211,TMAX,258,,,a,
ASN00082076,20071212,TMAX,274,,,a,
ASN00082076,20071213,TMAX,280,,,a,
ASN00082076,20071214,TMAX,290,,,a,
ASN00082076,20071215,TMAX,258,,,a,
ASN00082076,20071216,TMAX,210,,,a,
ASN00082076,20071217,TMAX,260,,,a,
ASN00082076,20071218,TMAX,260,,,a,
ASN00082076,20071219,TMAX,215,,,a,
ASN00082076,20071220,TMAX,216,,,a,
ASN00082076,20071221,TMAX,278,,,a,
ASN00082076,20071222,TMAX,210,,,a,
ASN00082076,20071225,TMAX,245,,,a,
ASN00082076,20071226,TMAX,272,,,a,
ASN00082076,20071227,TMAX,281,,,a,
ASN00082076,20071228,TMAX,317,,,a,
ASN00082076,20071229,TMAX,337,,,a,
ASN00082076,20071230,TMAX,372,,,a,
ASN00082076,20071231,TMAX,359,,,a,
ASN00082076,20071201,TMIN,165,,,a,
ASN00082076,20071204,TMIN,149,,,a,
ASN00082076,20071205,TMIN,155,,,a,
ASN00082076,20071206,TMIN,131,,,a,
ASN00082076,20071207,TMIN,182,,,a,
ASN00082076,20071208,TMIN,121,,,a,
ASN00082076,20071209,TMIN,99,,,a,
ASN00082076,20071210,TMIN,95,,,a,
ASN00082076,20071211,TMIN,121,,,a,
ASN00082076,20071212,TMIN,115,,,a,
ASN00082076,20071213,TMIN,112,,,a,
ASN00082076,20071214,TMIN,115,,,a,
ASN00082076,20071215,TMIN,120,,,a,
ASN00082076,20071216,TMIN,161,,,a,
ASN00082076,20071217,TMIN,130,,,a,
ASN00082076,20071218,TMIN,160,,,a,
ASN00082076,20071219,TMIN,142,,,a,
ASN00082076,20071220,TMIN,133,,,a,
ASN00082076,20071221,TMIN,143,,,a,
ASN00082076,20071222,TMIN,170,,,a,
ASN00082076,20071223,TMIN,88,,,a,
ASN00082076,20071226,TMIN,92,,,a,
ASN00082076,20071227,TMIN,128,,,a,
ASN00082076,20071228,TMIN,117,,,a,
ASN00082076,20071229,TMIN,124,,,a,
ASN00082076,20071230,TMIN,142,,,a,
ASN00082076,20071231,TMIN,166,,,a,
ASN00082076,20071201,PRCP,4,,,a,
ASN00082076,20071202,PRCP,0,,,a,
ASN00082076,20071203,PRCP,0,,,a,
ASN00082076,20071204,PRCP,70,,,a,
ASN00082076,20071205,PRCP,0,,,a,
ASN00082076,20071206,PRCP,0,,,a,
ASN00082076,20071207,PRCP,0,,,a,
ASN00082076,20071208,PRCP,190,,,a,
ASN00082076,20071209,PRCP,0,,,a,
ASN00082076,20071210,PRCP,2,,,a,
ASN00082076,20071211,PRCP,0,,,a,
ASN00082076,20071212,PRCP,0,,,a,
ASN00082076,20071213,PRCP,0,,,a,
ASN00082076,20071214,PRCP,0,,,a,
ASN00082076,20071215,PRCP,0,,,a,
ASN00082076,20071216,PRCP,34,,,a,
ASN00082076,20071217,PRCP,110,,,a,
ASN00082076,20071218,PRCP,0,,,a,
ASN00082076,20071219,PRCP,4,,,a,
ASN00082076,20071220,PRCP,24,,,a,
ASN00082076,20071221,PRCP,58,,,a,
ASN00082076,20071222,PRCP,468,,,a,
ASN00082076,20071223,PRCP,50,,,a,
ASN00082076,20071224,PRCP,0,,,a,
ASN00082076,20071225,PRCP,0,,,a,
ASN00082076,20071226,PRCP,0,,,a,
ASN00082076,20071227,PRCP,0,,,a,
ASN00082076,20071228,PRCP,0,,,a,
ASN00082076,20071229,PRCP,0,,,a,
ASN00082076,20071230,PRCP,0,,,a,
ASN00082076,20071231,PRCP,0,,,a,
ASN00082076,20071203,DATN,2,,,a,
ASN00082076,20071225,DATN,2,,,a,
ASN00082076,20071202,DATX,2,,,a,
ASN00082076,20071224,DATX,2,,,a,
ASN00082076,20071203,MDTN,140,,,a,
ASN00082076,20071225,MDTN,100,,,a,
ASN00082076,20071202,MDTX,290,,,a,
ASN00082076,20071224,MDTX,240,,,a,
ASN00082076,20080101,TMAX,358,,,a,
ASN00082076,20080102,TMAX,377,,,a,
ASN00082076,20080105,TMAX,335,,,a,
ASN00082076,20080106,TMAX,345,,,a,
ASN00082076,20080107,TMAX,345,,,a,
ASN00082076,20080108,TMAX,345,,,a,
ASN00082076,20080109,TMAX,360,,,a,
ASN00082076,20080110,TMAX,360,,,a,
ASN00082076,20080111,TMAX,362,,,a,
ASN00082076,20080112,TMAX,340,,,a,
ASN00082076,20080113,TMAX,316,,,a,
ASN00082076,20080114,TMAX,325,,,a,
ASN00082076,20080115,TMAX,340,,,a,
ASN00082076,20080116,TMAX,350,,,a,
ASN00082076,20080117,TMAX,325,,,a,
ASN00082076,20080118,TMAX,310,,,a,
ASN00082076,20080119,TMAX,196,,,a,
ASN00082076,20080120,TMAX,210,,,a,
ASN00082076,20080121,TMAX,230,,,a,
ASN00082076,20080122,TMAX,265,,,a,
ASN00082076,20080123,TMAX,290,,,a,
ASN00082076,20080124,TMAX,295,,,a,
ASN00082076,20080125,TMAX,293,,,a,
ASN00082076,20080126,TMAX,297,,,a,
ASN00082076,20080127,TMAX,316,,,a,
ASN00082076,20080128,TMAX,327,,,a,
ASN00082076,20080129,TMAX,336,,,a,
ASN00082076,20080130,TMAX,336,,,a,
ASN00082076,20080131,TMAX,230,,,a,
ASN00082076,20080101,TMIN,181,,,a,
ASN00082076,20080102,TMIN,156,,,a,
ASN00082076,20080103,TMIN,175,,,a,
ASN00082076,20080106,TMIN,150,,,a,
ASN00082076,20080107,TMIN,180,,,a,
ASN00082076,20080108,TMIN,173,,,a,
ASN00082076,20080109,TMIN,175,,,a,
ASN00082076,20080110,TMIN,175,,,a,
ASN00082076,20080111,TMIN,168,,,a,
ASN00082076,20080112,TMIN,171,,,a,
ASN00082076,20080113,TMIN,182,,,a,
ASN00082076,20080114,TMIN,148,,,a,
ASN00082076,20080115,TMIN,125,,,a,
ASN00082076,20080116,TMIN,169,,,a,
ASN00082076,20080117,TMIN,157,,,a,
ASN00082076,20080118,TMIN,170,,,a,
ASN00082076,20080119,TMIN,165,,,a,
ASN00082076,20080120,TMIN,166,,,a,
ASN00082076,20080121,TMIN,170,,,a,
ASN00082076,20080122,TMIN,140,,,a,
ASN00082076,20080123,TMIN,127,,,a,
ASN00082076,20080124,TMIN,130,,,a,
ASN00082076,20080125,TMIN,165,,,a,
ASN00082076,20080126,TMIN,126,,,a,
ASN00082076,20080127,TMIN,131,,,a,
ASN00082076,20080128,TMIN,171,,,a,
ASN00082076,20080129,TMIN,132,,,a,
ASN00082076,20080130,TMIN,156,,,a,
ASN00082076,20080131,TMIN,183,,,a,
ASN00082076,20080101,PRCP,0,,,a,
ASN00082076,20080102,PRCP,0,,,a,
ASN00082076,20080103,PRCP,0,,,a,
ASN00082076,20080104,PRCP,0,,,a,
ASN00082076,20080105,PRCP,0,,,a,
ASN00082076,20080106,PRCP,0,,,a,
ASN00082076,20080107,PRCP,0,,,a,
ASN00082076,20080108,PRCP,0,,,a,
ASN00082076,20080109,PRCP,0,,,a,
ASN00082076,20080110,PRCP,0,,,a,
ASN00082076,20080111,PRCP,0,,,a,
ASN00082076,20080112,PRCP,4,,,a,
ASN00082076,20080113,PRCP,40,,,a,
ASN00082076,20080114,PRCP,0,,,a,
ASN00082076,20080115,PRCP,0,,,a,
ASN00082076,20080116,PRCP,4,,,a,
ASN00082076,20080117,PRCP,0,,,a,
ASN00082076,20080118,PRCP,0,,,a,
ASN00082076,20080119,PRCP,62,,,a,
ASN00082076,20080120,PRCP,386,,,a,
ASN00082076,20080121,PRCP,70,,,a,
ASN00082076,20080122,PRCP,0,,,a,
ASN00082076,20080123,PRCP,0,,,a,
ASN00082076,20080124,PRCP,0,,,a,
ASN00082076,20080125,PRCP,8,,,a,
ASN00082076,20080126,PRCP,0,,,a,
ASN00082076,20080127,PRCP,0,,,a,
ASN00082076,20080128,PRCP,0,,,a,
ASN00082076,20080129,PRCP,0,,,a,
ASN00082076,20080130,PRCP,0,,,a,
ASN00082076,20080131,PRCP,200,,,a,
ASN00082076,20080105,DATN,2,,,a,
ASN00082076,20080104,DATX,2,,,a,
ASN00082076,20080105,MDTN,150,,,a,
ASN00082076,20080104,MDTX,330,,,a,
ASN00082076,20080201,TMAX,300,,,a,
ASN00082076,20080202,TMAX,300,,,a,
ASN00082076,20080203,TMAX,295,,,a,
ASN00082076,20080204,TMAX,280,,,a,
ASN00082076,20080205,TMAX,295,,,a,
ASN00082076,20080206,TMAX,270,,,a,
ASN00082076,20080207,TMAX,220,,,a,
ASN00082076,20080208,TMAX,200,,,a,
ASN00082076,20080209,TMAX,220,,,a,
ASN00082076,20080210,TMAX,245,,,a,
ASN00082076,20080211,TMAX,271,,,a,
ASN00082076,20080212,TMAX,254,,,a,
ASN00082076,20080213,TMAX,213,,,a,
ASN00082076,20080214,TMAX,250,,,a,
ASN00082076,20080215,TMAX,290,,,a,
ASN00082076,20080216,TMAX,306,,,a,
ASN00082076,20080217,TMAX,302,,,a,
ASN00082076,20080218,TMAX,294,,,a,
ASN00082076,20080219,TMAX,296,,,a,
ASN00082076,20080220,TMAX,245,,,a,
ASN00082076,20080221,TMAX,267,,,a,
ASN00082076,20080222,TMAX,218,,,a,
ASN00082076,20080223,TMAX,227,,,a,
ASN00082076,20080224,TMAX,230,,,a,
ASN00082076,20080225,TMAX,267,,,a,
ASN00082076,20080226,TMAX,274,,,a,
ASN00082076,20080227,TMAX,257,,,a,
ASN00082076,20080228,TMAX,205,,,a,
ASN00082076,20080229,TMAX,190,,,a,
ASN00082076,20080201,TMIN,155,,,a,
ASN00082076,20080202,TMIN,150,,,a,
ASN00082076,20080203,TMIN,180,,,a,
ASN00082076,20080204,TMIN,175,,,a,
ASN00082076,20080205,TMIN,162,,,a,
ASN00082076,20080206,TMIN,175,,,a,
ASN00082076,20080207,TMIN,160,,,a,
ASN00082076,20080208,TMIN,115,,,a,
ASN00082076,20080209,TMIN,113,,,a,
ASN00082076,20080210,TMIN,117,,,a,
ASN00082076,20080211,TMIN,102,,,a,
ASN00082076,20080212,TMIN,148,,,a,
ASN00082076,20080213,TMIN,140,,,a,
ASN00082076,20080214,TMIN,130,,,a,
ASN00082076,20080215,TMIN,106,,,a,
ASN00082076,20080216,TMIN,125,,,a,
ASN00082076,20080217,TMIN,110,,,a,
ASN00082076,20080218,TMIN,116,,,a,
ASN00082076,20080219,TMIN,120,,,a,
ASN00082076,20080220,TMIN,114,,,a,
ASN00082076,20080221,TMIN,132,,,a,
ASN00082076,20080222,TMIN,135,,,a,
ASN00082076,20080223,TMIN,86,,,a,
ASN00082076,20080224,TMIN,86,,,a,
ASN00082076,20080225,TMIN,114,,,a,
ASN00082076,20080226,TMIN,99,,,a,
ASN00082076,20080227,TMIN,98,,,a,
ASN00082076,20080228,TMIN,125,,,a,
ASN00082076,20080229,TMIN,95,,,a,
ASN00082076,20080201,PRCP,30,,,a,
ASN00082076,20080202,PRCP,0,,,a,
ASN00082076,20080203,PRCP,20,,,a,
ASN00082076,20080204,PRCP,22,,,a,
ASN00082076,20080205,PRCP,0,,,a,
ASN00082076,20080206,PRCP,0,,,a,
ASN00082076,20080207,PRCP,224,,,a,
ASN00082076,20080208,PRCP,12,,,a,
ASN00082076,20080209,PRCP,4,,,a,
ASN00082076,20080210,PRCP,0,,,a,
ASN00082076,20080211,PRCP,0,,,a,
ASN00082076,20080212,PRCP,252,,,a,
ASN00082076,20080213,PRCP,60,,,a,
ASN00082076,20080214,PRCP,0,,,a,
ASN00082076,20080215,PRCP,0,,,a,
ASN00082076,20080216,PRCP,0,,,a,
ASN00082076,20080217,PRCP,0,,,a,
ASN00082076,20080218,PRCP,0,,,a,
ASN00082076,20080219,PRCP,0,,,a,
ASN00082076,20080220,PRCP,0,,,a,
ASN00082076,20080221,PRCP,14,,,a,
ASN00082076,20080222,PRCP,0,,,a,
ASN00082076,20080223,PRCP,16,,,a,
ASN00082076,20080224,PRCP,0,,,a,
ASN00082076,20080225,PRCP,0,,,a,
ASN00082076,20080226,PRCP,0,,,a,
ASN00082076,20080227,PRCP,0,,,a,
ASN00082076,20080228,PRCP,4,,,a,
ASN00082076,20080229,PRCP,0,,,a,
ASN00082076,20080301,TMAX,220,,,a,
ASN00082076,20080302,TMAX,265,,,a,
ASN00082076,20080303,TMAX,280,,,a,
ASN00082076,20080304,TMAX,255,,,a,
ASN00082076,20080305,TMAX,298,,,a,
ASN00082076,20080306,TMAX,310,,,a,
ASN00082076,20080307,TMAX,242,,,a,
ASN00082076,20080308,TMAX,304,,,a,
ASN00082076,20080309,TMAX,314,,,a,
ASN00082076,20080310,TMAX,340,,,a,
ASN00082076,20080311,TMAX,350,,,a,
ASN00082076,20080315,TMAX,353,,,a,
ASN00082076,20080316,TMAX,355,,,a,
ASN00082076,20080317,TMAX,334,,,a,
ASN00082076,20080318,TMAX,317,,,a,
ASN00082076,20080319,TMAX,315,,,a,
ASN00082076,20080320,TMAX,290,,,a,
ASN00082076,20080321,TMAX,210,,,a,
ASN00082076,20080324,TMAX,240,,,a,
ASN00082076,20080325,TMAX,180,,,a,
ASN00082076,20080328,TMAX,191,,,a,
ASN00082076,20080329,TMAX,185,,,a,
ASN00082076,20080330,TMAX,175,,,a,
ASN00082076,20080331,TMAX,190,,,a,
ASN00082076,20080301,TMIN,95,,,a,
ASN00082076,20080302,TMIN,70,,,a,
ASN00082076,20080303,TMIN,76,,,a,
ASN00082076,20080304,TMIN,85,,,a,
ASN00082076,20080305,TMIN,112,,,a,
ASN00082076,20080306,TMIN,97,,,a,
ASN00082076,20080307,TMIN,109,,,a,
ASN00082076,20080308,TMIN,79,,,a,
ASN00082076,20080309,TMIN,105,,,a,
ASN00082076,20080310,TMIN,122,,,a,
ASN00082076,20080311,TMIN,170,,,a,
ASN00082076,20080312,TMIN,128,,,a,
ASN00082076,20080316,TMIN,144,,,a,
ASN00082076,20080317,TMIN,126,,,a,
ASN00082076,20080318,TMIN,127,,,a,
ASN00082076,20080319,TMIN,175,,,a,
ASN00082076,20080320,TMIN,164,,,a,
ASN00082076,20080321,TMIN,115,,,a,
ASN00082076,20080322,TMIN,102,,,a,
ASN00082076,20080325,TMIN,167,,,a,
ASN00082076,20080326,TMIN,120,,,a,
ASN00082076,20080329,TMIN,20,,,a,
ASN00082076,20080330,TMIN,28,,,a,
ASN00082076,20080331,TMIN,90,,,a,
ASN00082076,20080301,PRCP,0,,,a,
ASN00082076,20080302,PRCP,0,,,a,
ASN00082076,20080303,PRCP,0,,,a,
ASN00082076,20080304,PRCP,0,,,a,
ASN00082076,20080305,PRCP,0,,,a,
ASN00082076,20080306,PRCP,0,,,a,
ASN00082076,20080307,PRCP,0,,,a,
ASN00082076,20080308,PRCP,0,,,a,
ASN00082076,20080309,PRCP,0,,,a,
ASN00082076,20080310,PRCP,0,,,a,
ASN00082076,20080311,PRCP,0,,,a,
ASN00082076,20080312,PRCP,0,,,a,
ASN00082076,20080313,PRCP,0,,,a,
ASN00082076,20080314,PRCP,0,,,a,
ASN00082076,20080315,PRCP,0,,,a,
ASN00082076,20080316,PRCP,0,,,a,
ASN00082076,20080317,PRCP,0,,,a,
ASN00082076,20080318,PRCP,0,,,a,
ASN00082076,20080319,PRCP,0,,,a,
ASN00082076,20080320,PRCP,0,,,a,
ASN00082076,20080321,PRCP,0,,,a,
ASN00082076,20080322,PRCP,0,,,a,
ASN00082076,20080323,PRCP,0,,,a,
ASN00082076,20080324,PRCP,0,,,a,
ASN00082076,20080325,PRCP,260,,,a,
ASN00082076,20080326,PRCP,152,,,a,
ASN00082076,20080327,PRCP,0,,,a,
ASN00082076,20080328,PRCP,0,,,a,
ASN00082076,20080329,PRCP,0,,,a,
ASN00082076,20080330,PRCP,48,,,a,
ASN00082076,20080331,PRCP,4,,,a,
ASN00082076,20080315,DATN,3,,,a,
ASN00082076,20080324,DATN,2,,,a,
ASN00082076,20080328,DATN,2,,,a,
ASN00082076,20080314,DATX,3,,,a,
ASN00082076,20080323,DATX,2,,,a,
ASN00082076,20080327,DATX,2,,,a,
ASN00082076,20080315,MDTN,134,,,a,
ASN00082076,20080324,MDTN,105,,,a,
ASN00082076,20080328,MDTN,55,,,a,
ASN00082076,20080314,MDTX,355,,,a,
ASN00082076,20080323,MDTX,225,,,a,
ASN00082076,20080327,MDTX,180,,,a,
ASN00082076,20080401,TMAX,220,,,a,
ASN00082076,20080402,TMAX,220,,,a,
ASN00082076,20080403,TMAX,136,,,a,
ASN00082076,20080404,TMAX,194,,,a,
ASN00082076,20080405,TMAX,217,,,a,
ASN00082076,20080406,TMAX,228,,,a,
ASN00082076,20080407,TMAX,235,,,a,
ASN00082076,20080408,TMAX,236,,,a,
ASN00082076,20080409,TMAX,227,,,a,
ASN00082076,20080410,TMAX,235,,,a,
ASN00082076,20080413,TMAX,200,,,a,
ASN00082076,20080414,TMAX,176,,,a,
ASN00082076,20080415,TMAX,210,,,a,
ASN00082076,20080416,TMAX,208,,,a,
ASN00082076,20080417,TMAX,217,,,a,
ASN00082076,20080418,TMAX,209,,,a,
ASN00082076,20080419,TMAX,219,,,a,
ASN00082076,20080420,TMAX,209,,,a,
ASN00082076,20080421,TMAX,218,,,a,
ASN00082076,20080422,TMAX,204,,,a,
ASN00082076,20080423,TMAX,203,,,a,
ASN00082076,20080424,TMAX,210,,,a,
ASN00082076,20080425,TMAX,210,,,a,
ASN00082076,20080426,TMAX,185,,,a,
ASN00082076,20080427,TMAX,95,,,a,
ASN00082076,20080428,TMAX,100,,,a,
ASN00082076,20080429,TMAX,147,,,a,
ASN00082076,20080430,TMAX,135,,,a,
ASN00082076,20080401,TMIN,40,,,a,
ASN00082076,20080402,TMIN,50,,,a,
ASN00082076,20080403,TMIN,68,,,a,
ASN00082076,20080404,TMIN,18,,,a,
ASN00082076,20080405,TMIN,41,,,a,
ASN00082076,20080406,TMIN,79,,,a,
ASN00082076,20080407,TMIN,75,,,a,
ASN00082076,20080408,TMIN,78,,,a,
ASN00082076,20080409,TMIN,58,,,a,
ASN00082076,20080410,TMIN,53,,,a,
ASN00082076,20080411,TMIN,68,,,a,
ASN00082076,20080414,TMIN,88,,,a,
ASN00082076,20080415,TMIN,78,,,a,
ASN00082076,20080416,TMIN,54,,,a,
ASN00082076,20080417,TMIN,58,,,a,
ASN00082076,20080418,TMIN,73,,,a,
ASN00082076,20080419,TMIN,53,,,a,
ASN00082076,20080420,TMIN,30,,,a,
ASN00082076,20080421,TMIN,28,,,a,
ASN00082076,20080422,TMIN,66,,,a,
ASN00082076,20080423,TMIN,47,,,a,
ASN00082076,20080424,TMIN,40,,,a,
ASN00082076,20080425,TMIN,40,,,a,
ASN00082076,20080426,TMIN,50,,,a,
ASN00082076,20080427,TMIN,85,,,a,
ASN00082076,20080428,TMIN,45,,,a,
ASN00082076,20080429,TMIN,5,,,a,
ASN00082076,20080430,TMIN,-2,,,a,
ASN00082076,20080401,PRCP,0,,,a,
ASN00082076,20080402,PRCP,0,,,a,
ASN00082076,20080403,PRCP,172,,,a,
ASN00082076,20080404,PRCP,4,,,a,
ASN00082076,20080405,PRCP,0,,,a,
ASN00082076,20080406,PRCP,0,,,a,
ASN00082076,20080407,PRCP,0,,,a,
ASN00082076,20080408,PRCP,0,,,a,
ASN00082076,20080409,PRCP,0,,,a,
ASN00082076,20080410,PRCP,0,,,a,
ASN00082076,20080411,PRCP,0,,,a,
ASN00082076,20080412,PRCP,0,,,a,
ASN00082076,20080413,PRCP,0,,,a,
ASN00082076,20080414,PRCP,26,,,a,
ASN00082076,20080415,PRCP,0,,,a,
ASN00082076,20080416,PRCP,0,,,a,
ASN00082076,20080417,PRCP,0,,,a,
ASN00082076,20080418,PRCP,0,,,a,
ASN00082076,20080419,PRCP,0,,,a,
ASN00082076,20080420,PRCP,0,,,a,
ASN00082076,20080421,PRCP,0,,,a,
ASN00082076,20080422,PRCP,0,,,a,
ASN00082076,20080423,PRCP,0,,,a,
ASN00082076,20080424,PRCP,0,,,a,
ASN00082076,20080425,PRCP,0,,,a,
ASN00082076,20080426,PRCP,0,,,a,
ASN00082076,20080427,PRCP,82,,,a,
ASN00082076,20080428,PRCP,160,,,a,
ASN00082076,20080429,PRCP,16,,,a,
ASN00082076,20080430,PRCP,0,,,a,
ASN00082076,20080413,DATN,2,,,a,
ASN00082076,20080412,DATX,2,,,a,
ASN00082076,20080413,MDTN,74,,,a,
ASN00082076,20080412,MDTX,208,,,a,
ASN00082076,20080501,TMAX,124,,,a,
ASN00082076,20080502,TMAX,155,,,a,
ASN00082076,20080503,TMAX,149,,,a,
ASN00082076,20080504,TMAX,159,,,a,
ASN00082076,20080505,TMAX,137,,,a,
ASN00082076,20080506,TMAX,163,,,a,
ASN00082076,20080507,TMAX,167,,,a,
ASN00082076,20080508,TMAX,178,,,a,
ASN00082076,20080509,TMAX,210,,,a,
ASN00082076,20080510,TMAX,203,,,a,
ASN00082076,20080511,TMAX,192,,,a,
ASN00082076,20080512,TMAX,188,,,a,
ASN00082076,20080513,TMAX,185,,,a,
ASN00082076,20080514,TMAX,176,,,a,
ASN00082076,20080515,TMAX,181,,,a,
ASN00082076,20080516,TMAX,162,,,a,
ASN00082076,20080517,TMAX,91,,,a,
ASN00082076,20080518,TMAX,105,,,a,
ASN00082076,20080519,TMAX,96,,,a,
ASN00082076,20080520,TMAX,131,,,a,
ASN00082076,20080521,TMAX,151,,,a,
ASN00082076,20080522,TMAX,157,,,a,
ASN00082076,20080523,TMAX,140,,,a,
ASN00082076,20080524,TMAX,145,,,a,
ASN00082076,20080525,TMAX,165,,,a,
ASN00082076,20080526,TMAX,175,,,a,
ASN00082076,20080527,TMAX,177,,,a,
ASN00082076,20080528,TMAX,164,,,a,
ASN00082076,20080529,TMAX,169,,,a,
ASN00082076,20080530,TMAX,171,,,a,
ASN00082076,20080531,TMAX,175,,,a,
ASN00082076,20080501,TMIN,30,,,a,
ASN00082076,20080502,TMIN,62,,,a,
ASN00082076,20080503,TMIN,45,,,a,
ASN00082076,20080504,TMIN,20,,,a,
ASN00082076,20080505,TMIN,32,,,a,
ASN00082076,20080506,TMIN,59,,,a,
ASN00082076,20080507,TMIN,76,,,a,
ASN00082076,20080508,TMIN,27,,,a,
ASN00082076,20080509,TMIN,42,,,a,
ASN00082076,20080510,TMIN,50,,,a,
ASN00082076,20080511,TMIN,56,,,a,
ASN00082076,20080512,TMIN,48,,,a,
ASN00082076,20080513,TMIN,42,,,a,
ASN00082076,20080514,TMIN,42,,,a,
ASN00082076,20080515,TMIN,22,,,a,
ASN00082076,20080516,TMIN,42,,,a,
ASN00082076,20080517,TMIN,84,,,a,
ASN00082076,20080518,TMIN,58,,,a,
ASN00082076,20080519,TMIN,29,,,a,
ASN00082076,20080520,TMIN,46,,,a,
ASN00082076,20080521,TMIN,86,,,a,
ASN00082076,20080522,TMIN,13,,,a,
ASN00082076,20080523,TMIN,10,,,a,
ASN00082076,20080524,TMIN,3,,,a,
ASN00082076,20080525,TMIN,15,,,a,
ASN00082076,20080526,TMIN,53,,,a,
ASN00082076,20080527,TMIN,40,,,a,
ASN00082076,20080528,TMIN,25,,,a,
ASN00082076,20080529,TMIN,18,,,a,
ASN00082076,20080530,TMIN,32,,,a,
ASN00082076,20080531,TMIN,18,,,a,
ASN00082076,20080501,PRCP,0,,,a,
ASN00082076,20080502,PRCP,26,,,a,
ASN00082076,20080503,PRCP,2,,,a,
ASN00082076,20080504,PRCP,0,,,a,
ASN00082076,20080505,PRCP,0,,,a,
ASN00082076,20080506,PRCP,50,,,a,
ASN00082076,20080507,PRCP,24,,,a,
ASN00082076,20080508,PRCP,0,,,a,
ASN00082076,20080509,PRCP,0,,,a,
ASN00082076,20080510,PRCP,0,,,a,
ASN00082076,20080511,PRCP,0,,,a,
ASN00082076,20080512,PRCP,0,,,a,
ASN00082076,20080513,PRCP,0,,,a,
ASN00082076,20080514,PRCP,0,,,a,
ASN00082076,20080515,PRCP,0,,,a,
ASN00082076,20080516,PRCP,10,,,a,
ASN00082076,20080517,PRCP,26,,,a,
ASN00082076,20080518,PRCP,122,,,a,
ASN00082076,20080519,PRCP,2,,,a,
ASN00082076,20080520,PRCP,20,,,a,
ASN00082076,20080521,PRCP,8,,,a,
ASN00082076,20080522,PRCP,0,,,a,
ASN00082076,20080523,PRCP,0,,,a,
ASN00082076,20080524,PRCP,0,,,a,
ASN00082076,20080525,PRCP,0,,,a,
ASN00082076,20080526,PRCP,8,,,a,
ASN00082076,20080527,PRCP,6,,,a,
ASN00082076,20080528,PRCP,0,,,a,
ASN00082076,20080529,PRCP,0,,,a,
ASN00082076,20080530,PRCP,0,,,a,
ASN00082076,20080531,PRCP,0,,,a,
ASN00082076,20080601,TMAX,150,,,a,
ASN00082076,20080602,TMAX,168,,,a,
ASN00082076,20080603,TMAX,150,,,a,
ASN00082076,20080604,TMAX,181,,,a,
ASN00082076,20080605,TMAX,176,,,a,
ASN00082076,20080606,TMAX,170,,,a,
ASN00082076,20080607,TMAX,140,,,a,
ASN00082076,20080608,TMAX,172,,,a,
ASN00082076,20080609,TMAX,151,,,a,
ASN00082076,20080610,TMAX,135,,,a,
ASN00082076,20080611,TMAX,136,,,a,
ASN00082076,20080612,TMAX,151,,,a,
ASN00082076,20080613,TMAX,109,,,a,
ASN00082076,20080614,TMAX,124,,,a,
ASN00082076,20080615,TMAX,148,,,a,
ASN00082076,20080616,TMAX,156,,,a,
ASN00082076,20080617,TMAX,158,,,a,
ASN00082076,20080618,TMAX,131,,,a,
ASN00082076,20080619,TMAX,149,,,a,
ASN00082076,20080620,TMAX,145,,,a,
ASN00082076,20080621,TMAX,130,,,a,
ASN00082076,20080622,TMAX,140,,,a,
ASN00082076,20080623,TMAX,110,,,a,
ASN00082076,20080626,TMAX,131,,,a,
ASN00082076,20080627,TMAX,133,,,a,
ASN00082076,20080628,TMAX,141,,,a,
ASN00082076,20080629,TMAX,122,,,a,
ASN00082076,20080630,TMAX,93,,,a,
ASN00082076,20080601,TMIN,18,,,a,
ASN00082076,20080602,TMIN,30,,,a,
ASN00082076,20080603,TMIN,36,,,a,
ASN00082076,20080604,TMIN,92,,,a,
ASN00082076,20080605,TMIN,28,,,a,
ASN00082076,20080606,TMIN,25,,,a,
ASN00082076,20080607,TMIN,18,,,a,
ASN00082076,20080608,TMIN,15,,,a,
ASN00082076,20080609,TMIN,20,,,a,
ASN00082076,20080610,TMIN,52,,,a,
ASN00082076,20080611,TMIN,110,,,a,
ASN00082076,20080612,TMIN,78,,,a,
ASN00082076,20080613,TMIN,70,,,a,
ASN00082076,20080614,TMIN,18,,,a,
ASN00082076,20080615,TMIN,17,,,a,
ASN00082076,20080616,TMIN,15,,,a,
ASN00082076,20080617,TMIN,18,,,a,
ASN00082076,20080618,TMIN,28,,,a,
ASN00082076,20080619,TMIN,52,,,a,
ASN00082076,20080620,TMIN,69,,,a,
ASN00082076,20080621,TMIN,10,,,a,
ASN00082076,20080622,TMIN,26,,,a,
ASN00082076,20080623,TMIN,15,,,a,
ASN00082076,20080624,TMIN,50,,,a,
ASN00082076,20080627,TMIN,44,,,a,
ASN00082076,20080628,TMIN,28,,,a,
ASN00082076,20080629,TMIN,26,,,a,
ASN00082076,20080630,TMIN,7,,,a,
ASN00082076,20080601,PRCP,0,,,a,
ASN00082076,20080602,PRCP,0,,,a,
ASN00082076,20080603,PRCP,0,,,a,
ASN00082076,20080604,PRCP,6,,,a,
ASN00082076,20080605,PRCP,0,,,a,
ASN00082076,20080606,PRCP,0,,,a,
ASN00082076,20080607,PRCP,0,,,a,
ASN00082076,20080608,PRCP,0,,,a,
ASN00082076,20080609,PRCP,0,,,a,
ASN00082076,20080610,PRCP,92,,,a,
ASN00082076,20080611,PRCP,38,,,a,
ASN00082076,20080612,PRCP,30,,,a,
ASN00082076,20080613,PRCP,86,,,a,
ASN00082076,20080614,PRCP,22,,,a,
ASN00082076,20080615,PRCP,0,,,a,
ASN00082076,20080616,PRCP,0,,,a,
ASN00082076,20080617,PRCP,0,,,a,
ASN00082076,20080618,PRCP,0,,,a,
ASN00082076,20080619,PRCP,0,,,a,
ASN00082076,20080620,PRCP,0,,,a,
ASN00082076,20080621,PRCP,0,,,a,
ASN00082076,20080622,PRCP,4,,,a,
ASN00082076,20080623,PRCP,6,,,a,
ASN00082076,20080624,PRCP,4,,,a,
ASN00082076,20080627,PRCP,10,,,a,
ASN00082076,20080628,PRCP,0,,,a,
ASN00082076,20080629,PRCP,0,,,a,
ASN00082076,20080630,PRCP,0,,,a,
ASN00082076,20080626,DAPR,2,,,a,
ASN00082076,20080626,DATN,2,,,a,
ASN00082076,20080625,DATX,2,,,a,
ASN00082076,20080626,MDPR,24,,,a,
ASN00082076,20080626,MDTN,70,,,a,
ASN00082076,20080625,MDTX,115,,,a,
ASN00082076,20080701,TMAX,119,,,a,
ASN00082076,20080702,TMAX,120,,,a,
ASN00082076,20080703,TMAX,98,,,a,
ASN00082076,20080706,TMAX,136,,,a,
ASN00082076,20080707,TMAX,95,,,a,
ASN00082076,20080708,TMAX,84,,,a,
ASN00082076,20080709,TMAX,106,,,a,
ASN00082076,20080710,TMAX,81,,,a,
ASN00082076,20080711,TMAX,78,,,a,
ASN00082076,20080712,TMAX,103,,,a,
ASN00082076,20080713,TMAX,133,,,a,
ASN00082076,20080714,TMAX,160,,,a,
ASN00082076,20080715,TMAX,122,,,a,
ASN00082076,20080716,TMAX,113,,,a,
ASN00082076,20080717,TMAX,110,,,a,
ASN00082076,20080718,TMAX,90,,,a,
ASN00082076,20080719,TMAX,120,,,a,
ASN00082076,20080720,TMAX,80,,,a,
ASN00082076,20080721,TMAX,120,,,a,
ASN00082076,20080722,TMAX,130,,,a,
ASN00082076,20080723,TMAX,127,,,a,
ASN00082076,20080724,TMAX,132,,,a,
ASN00082076,20080725,TMAX,136,,,a,
ASN00082076,20080726,TMAX,124,,,a,
ASN00082076,20080727,TMAX,78,,,a,
ASN00082076,20080728,TMAX,105,,,a,
ASN00082076,20080729,TMAX,128,,,a,
ASN00082076,20080730,TMAX,129,,,a,
ASN00082076,20080731,TMAX,118,,,a,
ASN00082076,20080701,TMIN,6,,,a,
ASN00082076,20080702,TMIN,40,,,a,
ASN00082076,20080703,TMIN,-1,,,a,
ASN00082076,20080704,TMIN,8,,,a,
ASN00082076,20080707,TMIN,43,,,a,
ASN00082076,20080708,TMIN,35,,,a,
ASN00082076,20080709,TMIN,3,,,a,
ASN00082076,20080710,TMIN,18,,,a,
ASN00082076,20080711,TMIN,37,,,a,
ASN00082076,20080712,TMIN,39,,,a,
ASN00082076,20080713,TMIN,-2,,,a,
ASN00082076,20080714,TMIN,18,,,a,
ASN00082076,20080715,TMIN,38,,,a,
ASN00082076,20080716,TMIN,43,,,a,
ASN00082076,20080717,TMIN,57,,,a,
ASN00082076,20080718,TMIN,45,,,a,
ASN00082076,20080719,TMIN,45,,,a,
ASN00082076,20080720,TMIN,30,,,a,
ASN00082076,20080721,TMIN,55,,,a,
ASN00082076,20080722,TMIN,-5,,,a,
ASN00082076,20080723,TMIN,-15,,,a,
ASN00082076,20080724,TMIN,-12,,,a,
ASN00082076,20080725,TMIN,-22,,,a,
ASN00082076,20080726,TMIN,-10,,,a,
ASN00082076,20080727,TMIN,18,,,a,
ASN00082076,20080728,TMIN,-3,,,a,
ASN00082076,20080729,TMIN,29,,,a,
ASN00082076,20080730,TMIN,-12,,,a,
ASN00082076,20080731,TMIN,16,,,a,
ASN00082076,20080701,PRCP,190,,,a,
ASN00082076,20080702,PRCP,68,,,a,
ASN00082076,20080703,PRCP,18,,,a,
ASN00082076,20080704,PRCP,0,,,a,
ASN00082076,20080707,PRCP,40,,,a,
ASN00082076,20080708,PRCP,246,,,a,
ASN00082076,20080709,PRCP,34,,,a,
ASN00082076,20080710,PRCP,10,,,a,
ASN00082076,20080711,PRCP,202,,,a,
ASN00082076,20080712,PRCP,6,,,a,
ASN00082076,20080713,PRCP,0,,,a,
ASN00082076,20080714,PRCP,38,,,a,
ASN00082076,20080715,PRCP,0,,,a,
ASN00082076,20080716,PRCP,68,,,a,
ASN00082076,20080717,PRCP,6,,,a,
ASN00082076,20080718,PRCP,94,,,a,
ASN00082076,20080719,PRCP,28,,,a,
ASN00082076,20080720,PRCP,18,,,a,
ASN00082076,20080721,PRCP,358,,,a,
ASN00082076,20080722,PRCP,20,,,a,
ASN00082076,20080723,PRCP,0,,,a,
ASN00082076,20080724,PRCP,0,,,a,
ASN00082076,20080725,PRCP,0,,,a,
ASN00082076,20080726,PRCP,0,,,a,
ASN00082076,20080727,PRCP,16,,,a,
ASN00082076,20080728,PRCP,96,,,a,
ASN00082076,20080729,PRCP,0,,,a,
ASN00082076,20080730,PRCP,0,,,a,
ASN00082076,20080731,PRCP,0,,,a,
ASN00082076,20080706,DAPR,2,,,a,
ASN00082076,20080706,DATN,2,,,a,
ASN00082076,20080705,DATX,2,,,a,
ASN00082076,20080706,MDPR,26,,,a,
ASN00082076,20080706,MDTN,12,,,a,
ASN00082076,20080705,MDTX,110,,,a,
ASN00082076,20080801,TMAX,98,,,a,
ASN00082076,20080802,TMAX,102,,,a,
ASN00082076,20080803,TMAX,120,,,a,
ASN00082076,20080804,TMAX,118,,,a,
ASN00082076,20080805,TMAX,113,,,a,
ASN00082076,20080806,TMAX,156,,,a,
ASN00082076,20080807,TMAX,140,,,a,
ASN00082076,20080808,TMAX,103,,,a,
ASN00082076,20080809,TMAX,91,,,a,
ASN00082076,20080810,TMAX,59,,,a,
ASN00082076,20080811,TMAX,83,,,a,
ASN00082076,20080812,TMAX,84,,,a,
ASN00082076,20080813,TMAX,112,,,a,
ASN00082076,20080814,TMAX,110,,,a,
ASN00082076,20080815,TMAX,115,,,a,
ASN00082076,20080816,TMAX,140,,,a,
ASN00082076,20080817,TMAX,120,,,a,
ASN00082076,20080818,TMAX,117,,,a,
ASN00082076,20080819,TMAX,120,,,a,
ASN00082076,20080820,TMAX,132,,,a,
ASN00082076,20080821,TMAX,135,,,a,
ASN00082076,20080822,TMAX,105,,,a,
ASN00082076,20080823,TMAX,127,,,a,
ASN00082076,20080824,TMAX,150,,,a,
ASN00082076,20080825,TMAX,138,,,a,
ASN00082076,20080826,TMAX,157,,,a,
ASN00082076,20080827,TMAX,132,,,a,
ASN00082076,20080828,TMAX,168,,,a,
ASN00082076,20080829,TMAX,178,,,a,
ASN00082076,20080830,TMAX,168,,,a,
ASN00082076,20080831,TMAX,154,,,a,
ASN00082076,20080801,TMIN,40,,,a,
ASN00082076,20080802,TMIN,56,,,a,
ASN00082076,20080803,TMIN,34,,,a,
ASN00082076,20080804,TMIN,44,,,a,
ASN00082076,20080805,TMIN,8,,,a,
ASN00082076,20080806,TMIN,47,,,a,
ASN00082076,20080807,TMIN,11,,,a,
ASN00082076,20080808,TMIN,31,,,a,
ASN00082076,20080809,TMIN,26,,,a,
ASN00082076,20080810,TMIN,23,,,a,
ASN00082076,20080811,TMIN,26,,,a,
ASN00082076,20080812,TMIN,28,,,a,
ASN00082076,20080813,TMIN,-10,,,a,
ASN00082076,20080814,TMIN,4,,,a,
ASN00082076,20080815,TMIN,50,,,a,
ASN00082076,20080816,TMIN,15,,,a,
ASN00082076,20080817,TMIN,-20,,,a,
ASN00082076,20080818,TMIN,5,,,a,
ASN00082076,20080819,TMIN,-8,,,a,
ASN00082076,20080820,TMIN,35,,,a,
ASN00082076,20080821,TMIN,45,,,a,
ASN00082076,20080822,TMIN,40,,,a,
ASN00082076,20080823,TMIN,40,,,a,
ASN00082076,20080824,TMIN,-25,,,a,
ASN00082076,20080825,TMIN,-14,,,a,
ASN00082076,20080826,TMIN,-18,,,a,
ASN00082076,20080827,TMIN,-2,,,a,
ASN00082076,20080828,TMIN,0,,,a,
ASN00082076,20080829,TMIN,2,,,a,
ASN00082076,20080830,TMIN,20,,,a,
ASN00082076,20080831,TMIN,57,,,a,
ASN00082076,20080801,PRCP,70,,,a,
ASN00082076,20080802,PRCP,46,,,a,
ASN00082076,20080803,PRCP,0,,,a,
ASN00082076,20080804,PRCP,12,,,a,
ASN00082076,20080805,PRCP,0,,,a,
ASN00082076,20080806,PRCP,0,,,a,
ASN00082076,20080807,PRCP,0,,,a,
ASN00082076,20080808,PRCP,30,,,a,
ASN00082076,20080809,PRCP,48,,,a,
ASN00082076,20080810,PRCP,66,,,a,
ASN00082076,20080811,PRCP,82,,,a,
ASN00082076,20080812,PRCP,8,,,a,
ASN00082076,20080813,PRCP,82,,,a,
ASN00082076,20080814,PRCP,0,,,a,
ASN00082076,20080815,PRCP,6,,,a,
ASN00082076,20080816,PRCP,8,,,a,
ASN00082076,20080817,PRCP,0,,,a,
ASN00082076,20080818,PRCP,0,,,a,
ASN00082076,20080819,PRCP,0,,,a,
ASN00082076,20080820,PRCP,0,,,a,
ASN00082076,20080821,PRCP,0,,,a,
ASN00082076,20080822,PRCP,70,,,a,
ASN00082076,20080823,PRCP,0,,,a,
ASN00082076,20080824,PRCP,0,,,a,
ASN00082076,20080825,PRCP,0,,,a,
ASN00082076,20080826,PRCP,0,,,a,
ASN00082076,20080827,PRCP,0,,,a,
ASN00082076,20080828,PRCP,0,,,a,
ASN00082076,20080829,PRCP,0,,,a,
ASN00082076,20080830,PRCP,0,,,a,
ASN00082076,20080831,PRCP,240,,,a,
ASN00082076,20080901,TMAX,126,,,a,
ASN00082076,20080902,TMAX,162,,,a,
ASN00082076,20080903,TMAX,160,,,a,
ASN00082076,20080904,TMAX,177,,,a,
ASN00082076,20080905,TMAX,183,,,a,
ASN00082076,20080906,TMAX,200,,,a,
ASN00082076,20080907,TMAX,174,,,a,
ASN00082076,20080908,TMAX,137,,,a,
ASN00082076,20080909,TMAX,156,,,a,
ASN00082076,20080910,TMAX,166,,,a,
ASN00082076,20080911,TMAX,165,,,a,
ASN00082076,20080912,TMAX,215,,,a,
ASN00082076,20080913,TMAX,245,,,a,
ASN00082076,20080914,TMAX,175,,,a,
ASN00082076,20080915,TMAX,160,,,a,
ASN00082076,20080916,TMAX,117,,,a,
ASN00082076,20080917,TMAX,165,,,a,
ASN00082076,20080918,TMAX,185,,,a,
ASN00082076,20080919,TMAX,240,,,a,
ASN00082076,20080920,TMAX,180,,,a,
ASN00082076,20080921,TMAX,178,,,a,
ASN00082076,20080922,TMAX,174,,,a,
ASN00082076,20080923,TMAX,157,,,a,
ASN00082076,20080924,TMAX,183,,,a,
ASN00082076,20080925,TMAX,195,,,a,
ASN00082076,20080926,TMAX,223,,,a,
ASN00082076,20080927,TMAX,263,,,a,
ASN00082076,20080928,TMAX,225,,,a,
ASN00082076,20080929,TMAX,155,,,a,
ASN00082076,20080930,TMAX,168,,,a,
ASN00082076,20080901,TMIN,60,,,a,
ASN00082076,20080902,TMIN,64,,,a,
ASN00082076,20080903,TMIN,55,,,a,
ASN00082076,20080904,TMIN,20,,,a,
ASN00082076,20080905,TMIN,26,,,a,
ASN00082076,20080906,TMIN,20,,,a,
ASN00082076,20080907,TMIN,18,,,a,
ASN00082076,20080908,TMIN,15,,,a,
ASN00082076,20080909,TMIN,24,,,a,
ASN00082076,20080910,TMIN,45,,,a,
ASN00082076,20080911,TMIN,-8,,,a,
ASN00082076,20080912,TMIN,25,,,a,
ASN00082076,20080913,TMIN,65,,,a,
ASN00082076,20080914,TMIN,110,,,a,
ASN00082076,20080915,TMIN,5,,,a,
ASN00082076,20080916,TMIN,50,,,a,
ASN00082076,20080917,TMIN,-7,,,a,
ASN00082076,20080918,TMIN,10,,,a,
ASN00082076,20080919,TMIN,58,,,a,
ASN00082076,20080920,TMIN,92,,,a,
ASN00082076,20080921,TMIN,10,,,a,
ASN00082076,20080922,TMIN,10,,,a,
ASN00082076,20080923,TMIN,57,,,a,
ASN00082076,20080924,TMIN,9,,,a,
ASN00082076,20080925,TMIN,27,,,a,
ASN00082076,20080926,TMIN,38,,,a,
ASN00082076,20080927,TMIN,50,,,a,
ASN00082076,20080928,TMIN,64,,,a,
ASN00082076,20080929,TMIN,72,,,a,
ASN00082076,20080930,TMIN,25,,,a,
ASN00082076,20080901,PRCP,126,,,a,
ASN00082076,20080902,PRCP,0,,,a,
ASN00082076,20080903,PRCP,0,,,a,
ASN00082076,20080904,PRCP,0,,,a,
ASN00082076,20080905,PRCP,0,,,a,
ASN00082076,20080906,PRCP,0,,,a,
ASN00082076,20080907,PRCP,0,,,a,
ASN00082076,20080908,PRCP,18,,,a,
ASN00082076,20080909,PRCP,0,,,a,
ASN00082076,20080910,PRCP,0,,,a,
ASN00082076,20080911,PRCP,0,,,a,
ASN00082076,20080912,PRCP,0,,,a,
ASN00082076,20080913,PRCP,0,,,a,
ASN00082076,20080914,PRCP,72,,,a,
ASN00082076,20080915,PRCP,0,,,a,
ASN00082076,20080916,PRCP,82,,,a,
ASN00082076,20080917,PRCP,6,,,a,
ASN00082076,20080918,PRCP,0,,,a,
ASN00082076,20080919,PRCP,2,,,a,
ASN00082076,20080920,PRCP,6,,,a,
ASN00082076,20080921,PRCP,0,,,a,
ASN00082076,20080922,PRCP,0,,,a,
ASN00082076,20080923,PRCP,186,,,a,
ASN00082076,20080924,PRCP,0,,,a,
ASN00082076,20080925,PRCP,0,,,a,
ASN00082076,20080926,PRCP,0,,,a,
ASN00082076,20080927,PRCP,0,,,a,
ASN00082076,20080928,PRCP,0,,,a,
ASN00082076,20080929,PRCP,0,,,a,
ASN00082076,20080930,PRCP,0,,,a,
ASN00082076,20081001,TMAX,200,,,a,
ASN00082076,20081002,TMAX,266,,,a,
ASN00082076,20081003,TMAX,266,,,a,
ASN00082076,20081004,TMAX,192,,,a,
ASN00082076,20081005,TMAX,209,,,a,
ASN00082076,20081006,TMAX,143,,,a,
ASN00082076,20081007,TMAX,136,,,a,
ASN00082076,20081008,TMAX,176,,,a,
ASN00082076,20081009,TMAX,210,,,a,
ASN00082076,20081010,TMAX,230,,,a,
ASN00082076,20081011,TMAX,235,,,a,
ASN00082076,20081012,TMAX,250,,,a,
ASN00082076,20081013,TMAX,245,,,a,
ASN00082076,20081014,TMAX,211,,,a,
ASN00082076,20081017,TMAX,250,,,a,
ASN00082076,20081018,TMAX,260,,,a,
ASN00082076,20081019,TMAX,290,,,a,
ASN00082076,20081020,TMAX,213,,,a,
ASN00082076,20081021,TMAX,181,,,a,
ASN00082076,20081022,TMAX,142,,,a,
ASN00082076,20081023,TMAX,198,,,a,
ASN00082076,20081024,TMAX,195,,,a,
ASN00082076,20081025,TMAX,240,,,a,
ASN00082076,20081026,TMAX,248,,,a,
ASN00082076,20081029,TMAX,280,,,a,
ASN00082076,20081030,TMAX,270,,,a,
ASN00082076,20081031,TMAX,252,,,a,
ASN00082076,20081001,TMIN,8,,,a,
ASN00082076,20081002,TMIN,44,,,a,
ASN00082076,20081003,TMIN,41,,,a,
ASN00082076,20081004,TMIN,131,,,a,
ASN00082076,20081005,TMIN,53,,,a,
ASN00082076,20081006,TMIN,31,,,a,
ASN00082076,20081007,TMIN,16,,,a,
ASN00082076,20081008,TMIN,17,,,a,
ASN00082076,20081009,TMIN,11,,,a,
ASN00082076,20081010,TMIN,25,,,a,
ASN00082076,20081011,TMIN,42,,,a,
ASN00082076,20081012,TMIN,45,,,a,
ASN00082076,20081013,TMIN,78,,,a,
ASN00082076,20081014,TMIN,112,,,a,
ASN00082076,20081015,TMIN,86,,,a,
ASN00082076,20081018,TMIN,58,,,a,
ASN00082076,20081019,TMIN,82,,,a,
ASN00082076,20081020,TMIN,125,,,a,
ASN00082076,20081021,TMIN,90,,,a,
ASN00082076,20081022,TMIN,16,,,a,
ASN00082076,20081023,TMIN,69,,,a,
ASN00082076,20081024,TMIN,25,,,a,
ASN00082076,20081025,TMIN,20,,,a,
ASN00082076,20081026,TMIN,80,,,a,
ASN00082076,20081027,TMIN,82,,,a,
ASN00082076,20081030,TMIN,104,,,a,
ASN00082076,20081031,TMIN,128,,,a,
ASN00082076,20081001,PRCP,0,,,a,
ASN00082076,20081002,PRCP,0,,,a,
ASN00082076,20081003,PRCP,0,,,a,
ASN00082076,20081004,PRCP,138,,,a,
ASN00082076,20081005,PRCP,6,,,a,
ASN00082076,20081006,PRCP,4,,,a,
ASN00082076,20081007,PRCP,8,,,a,
ASN00082076,20081008,PRCP,0,,,a,
ASN00082076,20081009,PRCP,0,,,a,
ASN00082076,20081010,PRCP,0,,,a,
ASN00082076,20081011,PRCP,0,,,a,
ASN00082076,20081012,PRCP,0,,,a,
ASN00082076,20081013,PRCP,0,,,a,
ASN00082076,20081014,PRCP,0,,,a,
ASN00082076,20081015,PRCP,0,,,a,
ASN00082076,20081016,PRCP,0,,,a,
ASN00082076,20081017,PRCP,0,,,a,
ASN00082076,20081018,PRCP,0,,,a,
ASN00082076,20081019,PRCP,0,,,a,
ASN00082076,20081020,PRCP,0,,,a,
ASN00082076,20081021,PRCP,0,,,a,
ASN00082076,20081022,PRCP,0,,,a,
ASN00082076,20081023,PRCP,0,,,a,
ASN00082076,20081024,PRCP,0,,,a,
ASN00082076,20081025,PRCP,0,,,a,
ASN00082076,20081026,PRCP,0,,,a,
ASN00082076,20081027,PRCP,0,,,a,
ASN00082076,20081028,PRCP,0,,,a,
ASN00082076,20081029,PRCP,0,,,a,
ASN00082076,20081030,PRCP,0,,,a,
ASN00082076,20081031,PRCP,4,,,a,
ASN00082076,20081017,DATN,2,,,a,
ASN00082076,20081029,DATN,2,,,a,
ASN00082076,20081016,DATX,2,,,a,
ASN00082076,20081028,DATX,2,,,a,
ASN00082076,20081017,MDTN,35,,,a,
ASN00082076,20081029,MDTN,120,,,a,
ASN00082076,20081016,MDTX,230,,,a,
ASN00082076,20081028,MDTX,276,,,a,
ASN00082076,20081101,TMAX,267,,,a,
ASN00082076,20081102,TMAX,264,,,a,
ASN00082076,20081103,TMAX,237,,,a,
ASN00082076,20081104,TMAX,203,,,a,
ASN00082076,20081105,TMAX,217,,,a,
ASN00082076,20081106,TMAX,250,,,a,
ASN00082076,20081107,TMAX,165,,,a,
ASN00082076,20081108,TMAX,178,,,a,
ASN00082076,20081109,TMAX,235,,,a,
ASN00082076,20081110,TMAX,277,,,a,
ASN00082076,20081111,TMAX,290,,,a,
ASN00082076,20081112,TMAX,305,,,a,
ASN00082076,20081113,TMAX,305,,,a,
ASN00082076,20081114,TMAX,280,,,a,
ASN00082076,20081115,TMAX,250,,,a,
ASN00082076,20081116,TMAX,212,,,a,
ASN00082076,20081117,TMAX,248,,,a,
ASN00082076,20081118,TMAX,220,,,a,
ASN00082076,20081119,TMAX,233,,,a,
ASN00082076,20081120,TMAX,188,,,a,
ASN00082076,20081121,TMAX,205,,,a,
ASN00082076,20081122,TMAX,128,,,a,
ASN00082076,20081123,TMAX,188,,,a,
ASN00082076,20081124,TMAX,200,,,a,
ASN00082076,20081125,TMAX,243,,,a,
ASN00082076,20081126,TMAX,255,,,a,
ASN00082076,20081127,TMAX,282,,,a,
ASN00082076,20081128,TMAX,246,,,a,
ASN00082076,20081129,TMAX,202,,,a,
ASN00082076,20081130,TMAX,221,,,a,
ASN00082076,20081101,TMIN,100,,,a,
ASN00082076,20081102,TMIN,96,,,a,
ASN00082076,20081103,TMIN,144,,,a,
ASN00082076,20081104,TMIN,89,,,a,
ASN00082076,20081105,TMIN,45,,,a,
ASN00082076,20081106,TMIN,73,,,a,
ASN00082076,20081107,TMIN,62,,,a,
ASN00082076,20081108,TMIN,105,,,a,
ASN00082076,20081109,TMIN,52,,,a,
ASN00082076,20081110,TMIN,72,,,a,
ASN00082076,20081111,TMIN,114,,,a,
ASN00082076,20081112,TMIN,108,,,a,
ASN00082076,20081113,TMIN,115,,,a,
ASN00082076,20081114,TMIN,147,,,a,
ASN00082076,20081115,TMIN,99,,,a,
ASN00082076,20081116,TMIN,59,,,a,
ASN00082076,20081117,TMIN,84,,,a,
ASN00082076,20081118,TMIN,68,,,a,
ASN00082076,20081119,TMIN,128,,,a,
ASN00082076,20081120,TMIN,153,,,a,
ASN00082076,20081121,TMIN,54,,,a,
ASN00082076,20081122,TMIN,55,,,a,
ASN00082076,20081123,TMIN,65,,,a,
ASN00082076,20081124,TMIN,50,,,a,
ASN00082076,20081125,TMIN,120,,,a,
ASN00082076,20081126,TMIN,88,,,a,
ASN00082076,20081127,TMIN,102,,,a,
ASN00082076,20081128,TMIN,140,,,a,
ASN00082076,20081129,TMIN,134,,,a,
ASN00082076,20081130,TMIN,104,,,a,
ASN00082076,20081101,PRCP,0,,,a,
ASN00082076,20081102,PRCP,0,,,a,
ASN00082076,20081103,PRCP,94,,,a,
ASN00082076,20081104,PRCP,0,,,a,
ASN00082076,20081105,PRCP,0,,,a,
ASN00082076,20081106,PRCP,0,,,a,
ASN00082076,20081107,PRCP,0,,,a,
ASN00082076,20081108,PRCP,392,,,a,
ASN00082076,20081109,PRCP,0,,,a,
ASN00082076,20081110,PRCP,0,,,a,
ASN00082076,20081111,PRCP,0,,,a,
ASN00082076,20081112,PRCP,0,,,a,
ASN00082076,20081113,PRCP,0,,,a,
ASN00082076,20081114,PRCP,4,,,a,
ASN00082076,20081115,PRCP,0,,,a,
ASN00082076,20081116,PRCP,0,,,a,
ASN00082076,20081117,PRCP,0,,,a,
ASN00082076,20081118,PRCP,0,,,a,
ASN00082076,20081119,PRCP,0,,,a,
ASN00082076,20081120,PRCP,88,,,a,
ASN00082076,20081121,PRCP,36,,,a,
ASN00082076,20081122,PRCP,80,,,a,
ASN00082076,20081123,PRCP,94,,,a,
ASN00082076,20081124,PRCP,0,,,a,
ASN00082076,20081125,PRCP,0,,,a,
ASN00082076,20081126,PRCP,0,,,a,
ASN00082076,20081127,PRCP,224,,,a,
ASN00082076,20081128,PRCP,80,,,a,
ASN00082076,20081129,PRCP,112,,,a,
ASN00082076,20081130,PRCP,114,,,a,
ASN00082076,20081201,TMAX,211,,,a,
ASN00082076,20081202,TMAX,229,,,a,
ASN00082076,20081203,TMAX,235,,,a,
ASN00082076,20081204,TMAX,255,,,a,
ASN00082076,20081205,TMAX,300,,,a,
ASN00082076,20081206,TMAX,270,,,a,
ASN00082076,20081207,TMAX,255,,,a,
ASN00082076,20081208,TMAX,264,,,a,
ASN00082076,20081209,TMAX,270,,,a,
ASN00082076,20081210,TMAX,255,,,a,
ASN00082076,20081211,TMAX,285,,,a,
ASN00082076,20081212,TMAX,205,,,a,
ASN00082076,20081213,TMAX,170,,,a,
ASN00082076,20081214,TMAX,220,,,a,
ASN00082076,20081215,TMAX,235,,,a,
ASN00082076,20081216,TMAX,235,,,a,
ASN00082076,20081217,TMAX,195,,,a,
ASN00082076,20081218,TMAX,215,,,a,
ASN00082076,20081219,TMAX,191,,,a,
ASN00082076,20081220,TMAX,250,,,a,
ASN00082076,20081221,TMAX,286,,,a,
ASN00082076,20081222,TMAX,302,,,a,
ASN00082076,20081223,TMAX,302,,,a,
ASN00082076,20081224,TMAX,295,,,a,
ASN00082076,20081225,TMAX,295,,,a,
ASN00082076,20081226,TMAX,310,,,a,
ASN00082076,20081227,TMAX,305,,,a,
ASN00082076,20081228,TMAX,310,,,a,
ASN00082076,20081229,TMAX,270,,,a,
ASN00082076,20081230,TMAX,210,,,a,
ASN00082076,20081231,TMAX,230,,,a,
ASN00082076,20081201,TMIN,119,,,a,
ASN00082076,20081202,TMIN,55,,,a,
ASN00082076,20081203,TMIN,102,,,a,
ASN00082076,20081204,TMIN,67,,,a,
ASN00082076,20081205,TMIN,145,,,a,
ASN00082076,20081206,TMIN,120,,,a,
ASN00082076,20081207,TMIN,102,,,a,
ASN00082076,20081208,TMIN,95,,,a,
ASN00082076,20081209,TMIN,58,,,a,
ASN00082076,20081210,TMIN,130,,,a,
ASN00082076,20081211,TMIN,135,,,a,
ASN00082076,20081212,TMIN,160,,,a,
ASN00082076,20081213,TMIN,160,,,a,
ASN00082076,20081214,TMIN,112,,,a,
ASN00082076,20081215,TMIN,60,,,a,
ASN00082076,20081216,TMIN,70,,,a,
ASN00082076,20081217,TMIN,105,,,a,
ASN00082076,20081218,TMIN,145,,,a,
ASN00082076,20081219,TMIN,75,,,a,
ASN00082076,20081220,TMIN,92,,,a,
ASN00082076,20081221,TMIN,88,,,a,
ASN00082076,20081222,TMIN,118,,,a,
ASN00082076,20081223,TMIN,148,,,a,
ASN00082076,20081224,TMIN,140,,,a,
ASN00082076,20081225,TMIN,116,,,a,
ASN00082076,20081226,TMIN,134,,,a,
ASN00082076,20081227,TMIN,130,,,a,
ASN00082076,20081228,TMIN,180,,,a,
ASN00082076,20081229,TMIN,131,,,a,
ASN00082076,20081230,TMIN,140,,,a,
ASN00082076,20081231,TMIN,120,,,a,
ASN00082076,20081201,PRCP,54,,,a,
ASN00082076,20081202,PRCP,0,,,a,
ASN00082076,20081203,PRCP,0,,,a,
ASN00082076,20081204,PRCP,0,,,a,
ASN00082076,20081205,PRCP,4,,,a,
ASN00082076,20081206,PRCP,30,,,a,
ASN00082076,20081207,PRCP,10,,,a,
ASN00082076,20081208,PRCP,0,,,a,
ASN00082076,20081209,PRCP,0,,,a,
ASN00082076,20081210,PRCP,0,,,a,
ASN00082076,20081211,PRCP,0,,,a,
ASN00082076,20081212,PRCP,0,,,a,
ASN00082076,20081213,PRCP,164,,,a,
ASN00082076,20081214,PRCP,112,,,a,
ASN00082076,20081215,PRCP,8,,,a,
ASN00082076,20081216,PRCP,0,,,a,
ASN00082076,20081217,PRCP,0,,,a,
ASN00082076,20081218,PRCP,86,,,a,
ASN00082076,20081219,PRCP,160,,,a,
ASN00082076,20081220,PRCP,0,,,a,
ASN00082076,20081221,PRCP,0,,,a,
ASN00082076,20081222,PRCP,0,,,a,
ASN00082076,20081223,PRCP,0,,,a,
ASN00082076,20081224,PRCP,0,,,a,
ASN00082076,20081225,PRCP,0,,,a,
ASN00082076,20081226,PRCP,0,,,a,
ASN00082076,20081227,PRCP,0,,,a,
ASN00082076,20081228,PRCP,0,,,a,
ASN00082076,20081229,PRCP,0,,,a,
ASN00082076,20081230,PRCP,6,,,a,
ASN00082076,20081231,PRCP,12,,,a,
ASN00082076,20090101,TMAX,244,,,a,
ASN00082076,20090102,TMAX,224,,,a,
ASN00082076,20090103,TMAX,277,,,a,
ASN00082076,20090104,TMAX,315,,,a,
ASN00082076,20090105,TMAX,385,,,a,
ASN00082076,20090106,TMAX,355,,,a,
ASN00082076,20090107,TMAX,363,,,a,
ASN00082076,20090108,TMAX,250,,,a,
ASN00082076,20090109,TMAX,274,,,a,
ASN00082076,20090110,TMAX,285,,,a,
ASN00082076,20090111,TMAX,280,,,a,
ASN00082076,20090112,TMAX,327,,,a,
ASN00082076,20090113,TMAX,348,,,a,
ASN00082076,20090114,TMAX,397,,,a,
ASN00082076,20090115,TMAX,345,,,a,
ASN00082076,20090116,TMAX,270,,,a,
ASN00082076,20090117,TMAX,275,,,a,
ASN00082076,20090118,TMAX,310,,,a,
ASN00082076,20090119,TMAX,340,,,a,
ASN00082076,20090120,TMAX,345,,,a,
ASN00082076,20090121,TMAX,367,,,a,
ASN00082076,20090122,TMAX,288,,,a,
ASN00082076,20090123,TMAX,318,,,a,
ASN00082076,20090124,TMAX,296,,,a,
ASN00082076,20090125,TMAX,328,,,a,
ASN00082076,20090126,TMAX,351,,,a,
ASN00082076,20090127,TMAX,346,,,a,
ASN00082076,20090128,TMAX,378,,,a,
ASN00082076,20090129,TMAX,391,,,a,
ASN00082076,20090130,TMAX,411,,,a,
ASN00082076,20090131,TMAX,409,,,a,
ASN00082076,20090101,TMIN,81,,,a,
ASN00082076,20090102,TMIN,46,,,a,
ASN00082076,20090103,TMIN,66,,,a,
ASN00082076,20090104,TMIN,89,,,a,
ASN00082076,20090105,TMIN,115,,,a,
ASN00082076,20090106,TMIN,185,,,a,
ASN00082076,20090107,TMIN,122,,,a,
ASN00082076,20090108,TMIN,154,,,a,
ASN00082076,20090109,TMIN,95,,,a,
ASN00082076,20090110,TMIN,128,,,a,
ASN00082076,20090111,TMIN,147,,,a,
ASN00082076,20090112,TMIN,160,,,a,
ASN00082076,20090113,TMIN,130,,,a,
ASN00082076,20090114,TMIN,135,,,a,
ASN00082076,20090115,TMIN,156,,,a,
ASN00082076,20090116,TMIN,90,,,a,
ASN00082076,20090117,TMIN,110,,,a,
ASN00082076,20090118,TMIN,95,,,a,
ASN00082076,20090119,TMIN,115,,,a,
ASN00082076,20090120,TMIN,135,,,a,
ASN00082076,20090121,TMIN,155,,,a,
ASN00082076,20090122,TMIN,189,,,a,
ASN00082076,20090123,TMIN,155,,,a,
ASN00082076,20090124,TMIN,178,,,a,
ASN00082076,20090125,TMIN,128,,,a,
ASN00082076,20090126,TMIN,144,,,a,
ASN00082076,20090127,TMIN,145,,,a,
ASN00082076,20090128,TMIN,168,,,a,
ASN00082076,20090129,TMIN,175,,,a,
ASN00082076,20090130,TMIN,175,,,a,
ASN00082076,20090131,TMIN,174,,,a,
ASN00082076,20090101,PRCP,0,,,a,
ASN00082076,20090102,PRCP,0,,,a,
ASN00082076,20090103,PRCP,0,,,a,
ASN00082076,20090104,PRCP,0,,,a,
ASN00082076,20090105,PRCP,0,,,a,
ASN00082076,20090106,PRCP,0,,,a,
ASN00082076,20090107,PRCP,0,,,a,
ASN00082076,20090108,PRCP,0,,,a,
ASN00082076,20090109,PRCP,0,,,a,
ASN00082076,20090110,PRCP,0,,,a,
ASN00082076,20090111,PRCP,2,,,a,
ASN00082076,20090112,PRCP,0,,,a,
ASN00082076,20090113,PRCP,0,,,a,
ASN00082076,20090114,PRCP,0,,,a,
ASN00082076,20090115,PRCP,0,,,a,
ASN00082076,20090116,PRCP,0,,,a,
ASN00082076,20090117,PRCP,0,,,a,
ASN00082076,20090118,PRCP,0,,,a,
ASN00082076,20090119,PRCP,0,,,a,
ASN00082076,20090120,PRCP,0,,,a,
ASN00082076,20090121,PRCP,40,,,a,
ASN00082076,20090122,PRCP,0,,,a,
ASN00082076,20090123,PRCP,484,,,a,
ASN00082076,20090124,PRCP,6,,,a,
ASN00082076,20090125,PRCP,0,,,a,
ASN00082076,20090126,PRCP,0,,,a,
ASN00082076,20090127,PRCP,0,,,a,
ASN00082076,20090128,PRCP,0,,,a,
ASN00082076,20090129,PRCP,0,,,a,
ASN00082076,20090130,PRCP,0,,,a,
ASN00082076,20090131,PRCP,0,,,a,
ASN00082076,20090201,TMAX,361,,,a,
ASN00082076,20090202,TMAX,349,,,a,
ASN00082076,20090203,TMAX,314,,,a,
ASN00082076,20090204,TMAX,348,,,a,
ASN00082076,20090205,TMAX,385,,,a,
ASN00082076,20090206,TMAX,400,,,a,
ASN00082076,20090207,TMAX,418,,,a,
ASN00082076,20090208,TMAX,390,,,a,
ASN00082076,20090211,TMAX,230,,,a,
ASN00082076,20090212,TMAX,213,,,a,
ASN00082076,20090213,TMAX,250,,,a,
ASN00082076,20090214,TMAX,260,,,a,
ASN00082076,20090215,TMAX,285,,,a,
ASN00082076,20090216,TMAX,283,,,a,
ASN00082076,20090217,TMAX,292,,,a,
ASN00082076,20090218,TMAX,312,,,a,
ASN00082076,20090219,TMAX,323,,,a,
ASN00082076,20090220,TMAX,250,,,a,
ASN00082076,20090221,TMAX,285,,,a,
ASN00082076,20090222,TMAX,309,,,a,
ASN00082076,20090223,TMAX,312,,,a,
ASN00082076,20090224,TMAX,301,,,a,
ASN00082076,20090225,TMAX,300,,,a,
ASN00082076,20090226,TMAX,315,,,a,
ASN00082076,20090227,TMAX,315,,,a,
ASN00082076,20090228,TMAX,340,,,a,
ASN00082076,20090201,TMIN,240,,,a,
ASN00082076,20090202,TMIN,187,,,a,
ASN00082076,20090203,TMIN,201,,,a,
ASN00082076,20090204,TMIN,165,,,a,
ASN00082076,20090205,TMIN,160,,,a,
ASN00082076,20090206,TMIN,185,,,a,
ASN00082076,20090207,TMIN,180,,,a,
ASN00082076,20090208,TMIN,230,,,a,
ASN00082076,20090209,TMIN,145,,,a,
ASN00082076,20090212,TMIN,140,,,a,
ASN00082076,20090213,TMIN,130,,,a,
ASN00082076,20090214,TMIN,99,,,a,
ASN00082076,20090215,TMIN,120,,,a,
ASN00082076,20090216,TMIN,115,,,a,
ASN00082076,20090217,TMIN,96,,,a,
ASN00082076,20090218,TMIN,125,,,a,
ASN00082076,20090219,TMIN,135,,,a,
ASN00082076,20090220,TMIN,144,,,a,
ASN00082076,20090221,TMIN,152,,,a,
ASN00082076,20090222,TMIN,150,,,a,
ASN00082076,20090223,TMIN,113,,,a,
ASN00082076,20090224,TMIN,100,,,a,
ASN00082076,20090225,TMIN,110,,,a,
ASN00082076,20090226,TMIN,127,,,a,
ASN00082076,20090227,TMIN,124,,,a,
ASN00082076,20090228,TMIN,125,,,a,
ASN00082076,20090201,PRCP,0,,,a,
ASN00082076,20090202,PRCP,0,,,a,
ASN00082076,20090203,PRCP,2,,,a,
ASN00082076,20090204,PRCP,0,,,a,
ASN00082076,20090205,PRCP,0,,,a,
ASN00082076,20090206,PRCP,0,,,a,
ASN00082076,20090207,PRCP,0,,,a,
ASN00082076,20090208,PRCP,0,,,a,
ASN00082076,20090209,PRCP,6,,,a,
ASN00082076,20090210,PRCP,0,,,a,
ASN00082076,20090211,PRCP,0,,,a,
ASN00082076,20090212,PRCP,0,,,a,
ASN00082076,20090213,PRCP,0,,,a,
ASN00082076,20090214,PRCP,0,,,a,
ASN00082076,20090215,PRCP,0,,,a,
ASN00082076,20090216,PRCP,0,,,a,
ASN00082076,20090217,PRCP,0,,,a,
ASN00082076,20090218,PRCP,0,,,a,
ASN00082076,20090219,PRCP,0,,,a,
ASN00082076,20090220,PRCP,0,,,a,
ASN00082076,20090221,PRCP,12,,,a,
ASN00082076,20090222,PRCP,0,,,a,
ASN00082076,20090223,PRCP,0,,,a,
ASN00082076,20090224,PRCP,0,,,a,
ASN00082076,20090225,PRCP,0,,,a,
ASN00082076,20090226,PRCP,0,,,a,
ASN00082076,20090227,PRCP,0,,,a,
ASN00082076,20090228,PRCP,0,,,a,
ASN00082076,20090211,DATN,2,,,a,
ASN00082076,20090210,DATX,2,,,a,
ASN00082076,20090211,MDTN,124,,,a,
ASN00082076,20090210,MDTX,213,,,a,
ASN00082076,20090301,TMAX,300,,,a,
ASN00082076,20090304,TMAX,204,,,a,
ASN00082076,20090307,TMAX,275,,,a,
ASN00082076,20090308,TMAX,285,,,a,
ASN00082076,20090309,TMAX,305,,,a,
ASN00082076,20090310,TMAX,305,,,a,
ASN00082076,20090311,TMAX,302,,,a,
ASN00082076,20090312,TMAX,243,,,a,
ASN00082076,20090313,TMAX,271,,,a,
ASN00082076,20090314,TMAX,256,,,a,
ASN00082076,20090315,TMAX,172,,,a,
ASN00082076,20090316,TMAX,200,,,a,
ASN00082076,20090317,TMAX,246,,,a,
ASN00082076,20090318,TMAX,273,,,a,
ASN00082076,20090319,TMAX,290,,,a,
ASN00082076,20090320,TMAX,318,,,a,
ASN00082076,20090321,TMAX,311,,,a,
ASN00082076,20090322,TMAX,281,,,a,
ASN00082076,20090323,TMAX,310,,,a,
ASN00082076,20090324,TMAX,290,,,a,
ASN00082076,20090325,TMAX,210,,,a,
ASN00082076,20090326,TMAX,274,,,a,
ASN00082076,20090331,TMAX,288,,,a,
ASN00082076,20090301,TMIN,128,,,a,
ASN00082076,20090302,TMIN,115,,,a,
ASN00082076,20090305,TMIN,90,,,a,
ASN00082076,20090308,TMIN,90,,,a,
ASN00082076,20090309,TMIN,102,,,a,
ASN00082076,20090310,TMIN,112,,,a,
ASN00082076,20090311,TMIN,145,,,a,
ASN00082076,20090312,TMIN,142,,,a,
ASN00082076,20090313,TMIN,147,,,a,
ASN00082076,20090314,TMIN,150,,,a,
ASN00082076,20090315,TMIN,62,,,a,
ASN00082076,20090316,TMIN,52,,,a,
ASN00082076,20090317,TMIN,44,,,a,
ASN00082076,20090318,TMIN,80,,,a,
ASN00082076,20090319,TMIN,79,,,a,
ASN00082076,20090320,TMIN,85,,,a,
ASN00082076,20090321,TMIN,104,,,a,
ASN00082076,20090322,TMIN,110,,,a,
ASN00082076,20090323,TMIN,114,,,a,
ASN00082076,20090324,TMIN,91,,,a,
ASN00082076,20090325,TMIN,115,,,a,
ASN00082076,20090326,TMIN,140,,,a,
ASN00082076,20090327,TMIN,130,,,a,
ASN00082076,20090301,PRCP,0,,,a,
ASN00082076,20090302,PRCP,0,,,a,
ASN00082076,20090305,PRCP,0,,,a,
ASN00082076,20090306,PRCP,0,,,a,
ASN00082076,20090307,PRCP,0,,,a,
ASN00082076,20090308,PRCP,0,,,a,
ASN00082076,20090309,PRCP,0,,,a,
ASN00082076,20090310,PRCP,0,,,a,
ASN00082076,20090311,PRCP,0,,,a,
ASN00082076,20090312,PRCP,0,,,a,
ASN00082076,20090313,PRCP,16,,,a,
ASN00082076,20090314,PRCP,8,,,a,
ASN00082076,20090315,PRCP,166,,,a,
ASN00082076,20090316,PRCP,0,,,a,
ASN00082076,20090317,PRCP,0,,,a,
ASN00082076,20090318,PRCP,0,,,a,
ASN00082076,20090319,PRCP,0,,,a,
ASN00082076,20090320,PRCP,0,,,a,
ASN00082076,20090321,PRCP,0,,,a,
ASN00082076,20090322,PRCP,0,,,a,
ASN00082076,20090323,PRCP,12,,,a,
ASN00082076,20090324,PRCP,0,,,a,
ASN00082076,20090325,PRCP,4,,,a,
ASN00082076,20090326,PRCP,40,,,a,
ASN00082076,20090327,PRCP,0,,,a,
ASN00082076,20090328,PRCP,0,,,a,
ASN00082076,20090329,PRCP,0,,,a,
ASN00082076,20090330,PRCP,0,,,a,
ASN00082076,20090331,PRCP,0,,,a,
ASN00082076,20090304,DAPR,2,,,a,
ASN00082076,20090304,DATN,2,,,a,
ASN00082076,20090307,DATN,2,,,a,
ASN00082076,20090329,DATN,2,,,a,
ASN00082076,20090331,DATN,2,,,a,
ASN00082076,20090303,DATX,2,,,a,
ASN00082076,20090306,DATX,2,,,a,
ASN00082076,20090328,DATX,2,,,a,
ASN00082076,20090330,DATX,2,,,a,
ASN00082076,20090304,MDPR,28,,,a,
ASN00082076,20090304,MDTN,131,,,a,
ASN00082076,20090307,MDTN,65,,,a,
ASN00082076,20090329,MDTN,76,,,a,
ASN00082076,20090331,MDTN,110,,,a,
ASN00082076,20090303,MDTX,306,,,a,
ASN00082076,20090306,MDTX,240,,,a,
ASN00082076,20090328,MDTX,270,,,a,
ASN00082076,20090330,MDTX,300,,,a,
ASN00082076,20090401,TMAX,298,,,a,
ASN00082076,20090402,TMAX,305,,,a,
ASN00082076,20090403,TMAX,240,,,a,
ASN00082076,20090404,TMAX,200,,,a,
ASN00082076,20090405,TMAX,210,,,a,
ASN00082076,20090406,TMAX,191,,,a,
ASN00082076,20090407,TMAX,200,,,a,
ASN00082076,20090408,TMAX,237,,,a,
ASN00082076,20090409,TMAX,242,,,a,
ASN00082076,20090410,TMAX,233,,,a,
ASN00082076,20090411,TMAX,244,,,a,
ASN00082076,20090412,TMAX,233,,,a,
ASN00082076,20090413,TMAX,242,,,a,
ASN00082076,20090414,TMAX,227,,,a,
ASN00082076,20090415,TMAX,207,,,a,
ASN00082076,20090416,TMAX,175,,,a,
ASN00082076,20090417,TMAX,190,,,a,
ASN00082076,20090418,TMAX,205,,,a,
ASN00082076,20090419,TMAX,230,,,a,
ASN00082076,20090420,TMAX,215,,,a,
ASN00082076,20090421,TMAX,210,,,a,
ASN00082076,20090422,TMAX,210,,,a,
ASN00082076,20090425,TMAX,140,,,a,
ASN00082076,20090426,TMAX,90,,,a,
ASN00082076,20090427,TMAX,107,,,a,
ASN00082076,20090428,TMAX,120,,,a,
ASN00082076,20090429,TMAX,118,,,a,
ASN00082076,20090430,TMAX,160,,,a,
ASN00082076,20090401,TMIN,87,,,a,
ASN00082076,20090402,TMIN,103,,,a,
ASN00082076,20090403,TMIN,115,,,a,
ASN00082076,20090404,TMIN,120,,,a,
ASN00082076,20090405,TMIN,67,,,a,
ASN00082076,20090406,TMIN,70,,,a,
ASN00082076,20090407,TMIN,100,,,a,
ASN00082076,20090408,TMIN,60,,,a,
ASN00082076,20090409,TMIN,66,,,a,
ASN00082076,20090410,TMIN,75,,,a,
ASN00082076,20090411,TMIN,105,,,a,
ASN00082076,20090412,TMIN,120,,,a,
ASN00082076,20090413,TMIN,68,,,a,
ASN00082076,20090414,TMIN,91,,,a,
ASN00082076,20090415,TMIN,68,,,a,
ASN00082076,20090416,TMIN,6,,,a,
ASN00082076,20090417,TMIN,45,,,a,
ASN00082076,20090418,TMIN,53,,,a,
ASN00082076,20090419,TMIN,100,,,a,
ASN00082076,20090420,TMIN,115,,,a,
ASN00082076,20090421,TMIN,45,,,a,
ASN00082076,20090422,TMIN,80,,,a,
ASN00082076,20090423,TMIN,45,,,a,
ASN00082076,20090426,TMIN,65,,,a,
ASN00082076,20090427,TMIN,45,,,a,
ASN00082076,20090428,TMIN,67,,,a,
ASN00082076,20090429,TMIN,35,,,a,
ASN00082076,20090430,TMIN,12,,,a,
ASN00082076,20090401,PRCP,0,,,a,
ASN00082076,20090402,PRCP,0,,,a,
ASN00082076,20090403,PRCP,8,,,a,
ASN00082076,20090404,PRCP,238,,,a,
ASN00082076,20090405,PRCP,0,,,a,
ASN00082076,20090406,PRCP,0,,,a,
ASN00082076,20090407,PRCP,0,,,a,
ASN00082076,20090408,PRCP,0,,,a,
ASN00082076,20090409,PRCP,0,,,a,
ASN00082076,20090410,PRCP,0,,,a,
ASN00082076,20090411,PRCP,144,,,a,
ASN00082076,20090412,PRCP,58,,,a,
ASN00082076,20090413,PRCP,0,,,a,
ASN00082076,20090414,PRCP,0,,,a,
ASN00082076,20090415,PRCP,0,,,a,
ASN00082076,20090416,PRCP,0,,,a,
ASN00082076,20090417,PRCP,0,,,a,
ASN00082076,20090418,PRCP,0,,,a,
ASN00082076,20090419,PRCP,0,,,a,
ASN00082076,20090420,PRCP,0,,,a,
ASN00082076,20090421,PRCP,0,,,a,
ASN00082076,20090422,PRCP,0,,,a,
ASN00082076,20090423,PRCP,0,,,a,
ASN00082076,20090426,PRCP,274,,,a,
ASN00082076,20090427,PRCP,80,,,a,
ASN00082076,20090428,PRCP,54,,,a,
ASN00082076,20090429,PRCP,0,,,a,
ASN00082076,20090430,PRCP,0,,,a,
ASN00082076,20090425,DAPR,2,,,a,
ASN00082076,20090425,DATN,2,,,a,
ASN00082076,20090424,DATX,2,,,a,
ASN00082076,20090425,MDPR,242,,,a,
ASN00082076,20090425,MDTN,91,,,a,
ASN00082076,20090424,MDTX,146,,,a,
ASN00082076,20090501,TMAX,158,,,a,
ASN00082076,20090502,TMAX,187,,,a,
ASN00082076,20090503,TMAX,192,,,a,
ASN00082076,20090504,TMAX,190,,,a,
ASN00082076,20090505,TMAX,192,,,a,
ASN00082076,20090506,TMAX,188,,,a,
ASN00082076,20090507,TMAX,189,,,a,
ASN00082076,20090508,TMAX,189,,,a,
ASN00082076,20090509,TMAX,207,,,a,
ASN00082076,20090510,TMAX,196,,,a,
ASN00082076,20090511,TMAX,175,,,a,
ASN00082076,20090512,TMAX,174,,,a,
ASN00082076,20090513,TMAX,132,,,a,
ASN00082076,20090514,TMAX,127,,,a,
ASN00082076,20090515,TMAX,135,,,a,
ASN00082076,20090516,TMAX,150,,,a,
ASN00082076,20090517,TMAX,150,,,a,
ASN00082076,20090518,TMAX,180,,,a,
ASN00082076,20090519,TMAX,168,,,a,
ASN00082076,20090520,TMAX,161,,,a,
ASN00082076,20090521,TMAX,191,,,a,
ASN00082076,20090522,TMAX,180,,,a,
ASN00082076,20090523,TMAX,205,,,a,
ASN00082076,20090524,TMAX,190,,,a,
ASN00082076,20090525,TMAX,178,,,a,
ASN00082076,20090526,TMAX,175,,,a,
ASN00082076,20090529,TMAX,140,,,a,
ASN00082076,20090530,TMAX,155,,,a,
ASN00082076,20090501,TMIN,-8,,,a,
ASN00082076,20090502,TMIN,42,,,a,
ASN00082076,20090503,TMIN,30,,,a,
ASN00082076,20090504,TMIN,28,,,a,
ASN00082076,20090505,TMIN,38,,,a,
ASN00082076,20090506,TMIN,26,,,a,
ASN00082076,20090507,TMIN,26,,,a,
ASN00082076,20090508,TMIN,80,,,a,
ASN00082076,20090509,TMIN,29,,,a,
ASN00082076,20090510,TMIN,58,,,a,
ASN00082076,20090511,TMIN,32,,,a,
ASN00082076,20090512,TMIN,19,,,a,
ASN00082076,20090513,TMIN,9,,,a,
ASN00082076,20090514,TMIN,46,,,a,
ASN00082076,20090515,TMIN,102,,,a,
ASN00082076,20090516,TMIN,106,,,a,
ASN00082076,20090517,TMIN,10,,,a,
ASN00082076,20090518,TMIN,20,,,a,
ASN00082076,20090519,TMIN,15,,,a,
ASN00082076,20090520,TMIN,24,,,a,
ASN00082076,20090521,TMIN,28,,,a,
ASN00082076,20090522,TMIN,30,,,a,
ASN00082076,20090523,TMIN,34,,,a,
ASN00082076,20090524,TMIN,45,,,a,
ASN00082076,20090525,TMIN,51,,,a,
ASN00082076,20090526,TMIN,72,,,a,
ASN00082076,20090527,TMIN,65,,,a,
ASN00082076,20090530,TMIN,25,,,a,
ASN00082076,20090531,TMIN,19,,,a,
ASN00082076,20090501,PRCP,0,,,a,
ASN00082076,20090502,PRCP,0,,,a,
ASN00082076,20090503,PRCP,0,,,a,
ASN00082076,20090504,PRCP,0,,,a,
ASN00082076,20090505,PRCP,0,,,a,
ASN00082076,20090506,PRCP,0,,,a,
ASN00082076,20090507,PRCP,0,,,a,
ASN00082076,20090508,PRCP,0,,,a,
ASN00082076,20090509,PRCP,0,,,a,
ASN00082076,20090510,PRCP,0,,,a,
ASN00082076,20090511,PRCP,0,,,a,
ASN00082076,20090512,PRCP,0,,,a,
ASN00082076,20090513,PRCP,0,,,a,
ASN00082076,20090514,PRCP,0,,,a,
ASN00082076,20090515,PRCP,22,,,a,
ASN00082076,20090516,PRCP,130,,,a,
ASN00082076,20090517,PRCP,0,,,a,
ASN00082076,20090518,PRCP,0,,,a,
ASN00082076,20090519,PRCP,0,,,a,
ASN00082076,20090520,PRCP,0,,,a,
ASN00082076,20090521,PRCP,0,,,a,
ASN00082076,20090522,PRCP,0,,,a,
ASN00082076,20090523,PRCP,0,,,a,
ASN00082076,20090524,PRCP,0,,,a,
ASN00082076,20090525,PRCP,0,,,a,
ASN00082076,20090526,PRCP,68,,,a,
ASN00082076,20090527,PRCP,10,,,a,
ASN00082076,20090528,PRCP,0,,,a,
ASN00082076,20090529,PRCP,0,,,a,
ASN00082076,20090530,PRCP,0,,,a,
ASN00082076,20090531,PRCP,0,,,a,
ASN00082076,20090529,DATN,2,,,a,
ASN00082076,20090528,DATX,2,,,a,
ASN00082076,20090529,MDTN,18,,,a,
ASN00082076,20090528,MDTX,166,,,a,
ASN00082076,20090602,TMAX,130,,,a,
ASN00082076,20090603,TMAX,130,,,a,
ASN00082076,20090604,TMAX,151,,,a,
ASN00082076,20090605,TMAX,137,,,a,
ASN00082076,20090606,TMAX,115,,,a,
ASN00082076,20090607,TMAX,107,,,a,
ASN00082076,20090608,TMAX,106,,,a,
ASN00082076,20090609,TMAX,79,,,a,
ASN00082076,20090610,TMAX,101,,,a,
ASN00082076,20090611,TMAX,100,,,a,
ASN00082076,20090612,TMAX,75,,,a,
ASN00082076,20090613,TMAX,110,,,a,
ASN00082076,20090614,TMAX,150,,,a,
ASN00082076,20090615,TMAX,135,,,a,
ASN00082076,20090616,TMAX,160,,,a,
ASN00082076,20090617,TMAX,145,,,a,
ASN00082076,20090618,TMAX,131,,,a,
ASN00082076,20090619,TMAX,145,,,a,
ASN00082076,20090620,TMAX,150,,,a,
ASN00082076,20090621,TMAX,150,,,a,
ASN00082076,20090622,TMAX,140,,,a,
ASN00082076,20090623,TMAX,155,,,a,
ASN00082076,20090624,TMAX,105,,,a,
ASN00082076,20090625,TMAX,112,,,a,
ASN00082076,20090626,TMAX,115,,,a,
ASN00082076,20090627,TMAX,116,,,a,
ASN00082076,20090628,TMAX,118,,,a,
ASN00082076,20090629,TMAX,124,,,a,
ASN00082076,20090630,TMAX,158,,,a,
ASN00082076,20090603,TMIN,55,,,a,
ASN00082076,20090604,TMIN,80,,,a,
ASN00082076,20090605,TMIN,44,,,a,
ASN00082076,20090606,TMIN,21,,,a,
ASN00082076,20090607,TMIN,45,,,a,
ASN00082076,20090608,TMIN,76,,,a,
ASN00082076,20090609,TMIN,57,,,a,
ASN00082076,20090610,TMIN,10,,,a,
ASN00082076,20090611,TMIN,-41,,,a,
ASN00082076,20090612,TMIN,-25,,,a,
ASN00082076,20090613,TMIN,-5,,,a,
ASN00082076,20090614,TMIN,5,,,a,
ASN00082076,20090615,TMIN,10,,,a,
ASN00082076,20090616,TMIN,20,,,a,
ASN00082076,20090617,TMIN,-5,,,a,
ASN00082076,20090618,TMIN,2,,,a,
ASN00082076,20090619,TMIN,2,,,a,
ASN00082076,20090620,TMIN,-5,,,a,
ASN00082076,20090621,TMIN,5,,,a,
ASN00082076,20090622,TMIN,55,,,a,
ASN00082076,20090623,TMIN,45,,,a,
ASN00082076,20090624,TMIN,45,,,a,
ASN00082076,20090625,TMIN,45,,,a,
ASN00082076,20090626,TMIN,65,,,a,
ASN00082076,20090627,TMIN,38,,,a,
ASN00082076,20090628,TMIN,68,,,a,
ASN00082076,20090629,TMIN,75,,,a,
ASN00082076,20090630,TMIN,84,,,a,
ASN00082076,20090601,PRCP,0,,,a,
ASN00082076,20090602,PRCP,0,,,a,
ASN00082076,20090603,PRCP,0,,,a,
ASN00082076,20090604,PRCP,74,,,a,
ASN00082076,20090605,PRCP,0,,,a,
ASN00082076,20090606,PRCP,0,,,a,
ASN00082076,20090607,PRCP,42,,,a,
ASN00082076,20090608,PRCP,82,,,a,
ASN00082076,20090609,PRCP,94,,,a,
ASN00082076,20090610,PRCP,62,,,a,
ASN00082076,20090611,PRCP,0,,,a,
ASN00082076,20090612,PRCP,0,,,a,
ASN00082076,20090613,PRCP,0,,,a,
ASN00082076,20090614,PRCP,8,,,a,
ASN00082076,20090615,PRCP,0,,,a,
ASN00082076,20090616,PRCP,0,,,a,
ASN00082076,20090617,PRCP,0,,,a,
ASN00082076,20090618,PRCP,0,,,a,
ASN00082076,20090619,PRCP,0,,,a,
ASN00082076,20090620,PRCP,0,,,a,
ASN00082076,20090621,PRCP,46,,,a,
ASN00082076,20090622,PRCP,8,,,a,
ASN00082076,20090623,PRCP,0,,,a,
ASN00082076,20090624,PRCP,24,,,a,
ASN00082076,20090625,PRCP,40,,,a,
ASN00082076,20090626,PRCP,94,,L,a,
ASN00082076,20090628,PRCP,82,,,a,
ASN00082076,20090629,PRCP,60,,,a,
ASN00082076,20090630,PRCP,16,,,a,
ASN00082076,20090627,DAPR,2,,L,a,
ASN00082076,20090602,DATN,2,,,a,
ASN00082076,20090601,DATX,2,,,a,
ASN00082076,20090627,MDPR,16,,L,a,
ASN00082076,20090602,MDTN,18,,,a,
ASN00082076,20090601,MDTX,163,,,a,
ASN00082076,20090701,TMAX,103,,,a,
ASN00082076,20090702,TMAX,96,,,a,
ASN00082076,20090703,TMAX,117,,,a,
ASN00082076,20090704,TMAX,103,,,a,
ASN00082076,20090705,TMAX,117,,,a,
ASN00082076,20090706,TMAX,115,,,a,
ASN00082076,20090707,TMAX,118,,,a,
ASN00082076,20090708,TMAX,133,,,a,
ASN00082076,20090709,TMAX,150,,,a,
ASN00082076,20090710,TMAX,145,,,a,
ASN00082076,20090711,TMAX,110,,,a,
ASN00082076,20090712,TMAX,150,,,a,
ASN00082076,20090713,TMAX,100,,,a,
ASN00082076,20090714,TMAX,105,,,a,
ASN00082076,20090715,TMAX,113,,,a,
ASN00082076,20090716,TMAX,130,,,a,
ASN00082076,20090717,TMAX,135,,,a,
ASN00082076,20090718,TMAX,105,,,a,
ASN00082076,20090719,TMAX,125,,,a,
ASN00082076,20090720,TMAX,157,,,a,
ASN00082076,20090721,TMAX,150,,,a,
ASN00082076,20090722,TMAX,115,,,a,
ASN00082076,20090723,TMAX,124,,,a,
ASN00082076,20090724,TMAX,115,,,a,
ASN00082076,20090725,TMAX,100,,,a,
ASN00082076,20090726,TMAX,90,,,a,
ASN00082076,20090727,TMAX,90,,,a,
ASN00082076,20090728,TMAX,107,,,a,
ASN00082076,20090729,TMAX,132,,,a,
ASN00082076,20090730,TMAX,112,,,a,
ASN00082076,20090731,TMAX,134,,,a,
ASN00082076,20090701,TMIN,79,,,a,
ASN00082076,20090702,TMIN,78,,,a,
ASN00082076,20090703,TMIN,61,,,a,
ASN00082076,20090704,TMIN,0,,,a,
ASN00082076,20090705,TMIN,15,,,a,
ASN00082076,20090706,TMIN,-1,,,a,
ASN00082076,20090707,TMIN,-18,,,a,
ASN00082076,20090708,TMIN,-27,,,a,
ASN00082076,20090709,TMIN,-15,,,a,
ASN00082076,20090710,TMIN,0,,,a,
ASN00082076,20090711,TMIN,15,,,a,
ASN00082076,20090712,TMIN,50,,,a,
ASN00082076,20090713,TMIN,65,,,a,
ASN00082076,20090714,TMIN,55,,,a,
ASN00082076,20090715,TMIN,40,,,a,
ASN00082076,20090716,TMIN,2,,,a,
ASN00082076,20090717,TMIN,-5,,,a,
ASN00082076,20090718,TMIN,-5,,,a,
ASN00082076,20090719,TMIN,15,,,a,
ASN00082076,20090720,TMIN,35,,,a,
ASN00082076,20090721,TMIN,-5,,,a,
ASN00082076,20090722,TMIN,30,,,a,
ASN00082076,20090723,TMIN,55,,,a,
ASN00082076,20090724,TMIN,-5,,,a,
ASN00082076,20090725,TMIN,-5,,,a,
ASN00082076,20090726,TMIN,-12,,,a,
ASN00082076,20090727,TMIN,15,,,a,
ASN00082076,20090728,TMIN,25,,,a,
ASN00082076,20090729,TMIN,45,,,a,
ASN00082076,20090730,TMIN,56,,,a,
ASN00082076,20090731,TMIN,72,,,a,
ASN00082076,20090701,PRCP,190,,,a,
ASN00082076,20090702,PRCP,178,,,a,
ASN00082076,20090703,PRCP,134,,,a,
ASN00082076,20090704,PRCP,2,,,a,
ASN00082076,20090705,PRCP,4,,,a,
ASN00082076,20090706,PRCP,0,,,a,
ASN00082076,20090707,PRCP,0,,,a,
ASN00082076,20090708,PRCP,0,,,a,
ASN00082076,20090709,PRCP,0,,,a,
ASN00082076,20090710,PRCP,0,,,a,
ASN00082076,20090711,PRCP,0,,,a,
ASN00082076,20090712,PRCP,20,,,a,
ASN00082076,20090713,PRCP,44,,,a,
ASN00082076,20090714,PRCP,70,,,a,
ASN00082076,20090715,PRCP,0,,,a,
ASN00082076,20090716,PRCP,0,,,a,
ASN00082076,20090717,PRCP,0,,,a,
ASN00082076,20090718,PRCP,0,,,a,
ASN00082076,20090719,PRCP,16,,,a,
ASN00082076,20090720,PRCP,4,,,a,
ASN00082076,20090721,PRCP,0,,,a,
ASN00082076,20090722,PRCP,0,,,a,
ASN00082076,20090723,PRCP,178,,,a,
ASN00082076,20090724,PRCP,0,,,a,
ASN00082076,20090725,PRCP,0,,,a,
ASN00082076,20090726,PRCP,0,,,a,
ASN00082076,20090727,PRCP,0,,,a,
ASN00082076,20090728,PRCP,8,,,a,
ASN00082076,20090729,PRCP,14,,,a,
ASN00082076,20090730,PRCP,0,,,a,
ASN00082076,20090731,PRCP,62,,,a,
ASN00082076,20090801,TMAX,123,,,a,
ASN00082076,20090802,TMAX,122,,,a,
ASN00082076,20090803,TMAX,134,,,a,
ASN00082076,20090804,TMAX,119,,,a,
ASN00082076,20090805,TMAX,127,,,a,
ASN00082076,20090806,TMAX,150,,,a,
ASN00082076,20090807,TMAX,125,,,a,
ASN00082076,20090808,TMAX,125,,,a,
ASN00082076,20090809,TMAX,120,,,a,
ASN00082076,20090810,TMAX,120,,,a,
ASN00082076,20090811,TMAX,160,,,a,
ASN00082076,20090812,TMAX,110,,,a,
ASN00082076,20090813,TMAX,130,,,a,
ASN00082076,20090814,TMAX,150,,,a,
ASN00082076,20090815,TMAX,170,,,a,
ASN00082076,20090816,TMAX,115,,,a,
ASN00082076,20090817,TMAX,125,,,a,
ASN00082076,20090818,TMAX,145,,,a,
ASN00082076,20090819,TMAX,160,,,a,
ASN00082076,20090820,TMAX,164,,,a,
ASN00082076,20090821,TMAX,128,,,a,
ASN00082076,20090822,TMAX,128,,,a,
ASN00082076,20090823,TMAX,168,,,a,
ASN00082076,20090824,TMAX,160,,,a,
ASN00082076,20090825,TMAX,104,,,a,
ASN00082076,20090826,TMAX,117,,,a,
ASN00082076,20090827,TMAX,154,,,a,
ASN00082076,20090828,TMAX,183,,,a,
ASN00082076,20090829,TMAX,141,,,a,
ASN00082076,20090830,TMAX,101,,,a,
ASN00082076,20090831,TMAX,117,,,a,
ASN00082076,20090801,TMIN,64,,,a,
ASN00082076,20090802,TMIN,63,,,a,
ASN00082076,20090803,TMIN,76,,,a,
ASN00082076,20090804,TMIN,16,,,a,
ASN00082076,20090805,TMIN,25,,,a,
ASN00082076,20090806,TMIN,59,,,a,
ASN00082076,20090807,TMIN,65,,,a,
ASN00082076,20090808,TMIN,-20,,,a,
ASN00082076,20090809,TMIN,-20,,,a,
ASN00082076,20090810,TMIN,0,,,a,
ASN00082076,20090811,TMIN,35,,,a,
ASN00082076,20090812,TMIN,65,,,a,
ASN00082076,20090813,TMIN,70,,,a,
ASN00082076,20090814,TMIN,75,,,a,
ASN00082076,20090815,TMIN,35,,,a,
ASN00082076,20090816,TMIN,32,,,a,
ASN00082076,20090817,TMIN,67,,,a,
ASN00082076,20090818,TMIN,15,,,a,
ASN00082076,20090819,TMIN,20,,,a,
ASN00082076,20090820,TMIN,50,,,a,
ASN00082076,20090821,TMIN,75,,,a,
ASN00082076,20090822,TMIN,2,,,a,
ASN00082076,20090823,TMIN,75,,,a,
ASN00082076,20090824,TMIN,110,,,a,
ASN00082076,20090825,TMIN,60,,,a,
ASN00082076,20090826,TMIN,50,,,a,
ASN00082076,20090827,TMIN,38,,,a,
ASN00082076,20090828,TMIN,0,,,a,
ASN00082076,20090829,TMIN,81,,,a,
ASN00082076,20090830,TMIN,53,,,a,
ASN00082076,20090831,TMIN,68,,,a,
ASN00082076,20090801,PRCP,8,,,a,
ASN00082076,20090802,PRCP,4,,,a,
ASN00082076,20090803,PRCP,24,,,a,
ASN00082076,20090804,PRCP,0,,,a,
ASN00082076,20090805,PRCP,18,,,a,
ASN00082076,20090806,PRCP,8,,,a,
ASN00082076,20090807,PRCP,0,,,a,
ASN00082076,20090808,PRCP,104,,,a,
ASN00082076,20090809,PRCP,0,,,a,
ASN00082076,20090810,PRCP,0,,,a,
ASN00082076,20090811,PRCP,14,,,a,
ASN00082076,20090812,PRCP,56,,,a,
ASN00082076,20090813,PRCP,8,,,a,
ASN00082076,20090814,PRCP,0,,,a,
ASN00082076,20090815,PRCP,0,,,a,
ASN00082076,20090816,PRCP,0,,,a,
ASN00082076,20090817,PRCP,184,,,a,
ASN00082076,20090818,PRCP,8,,,a,
ASN00082076,20090819,PRCP,0,,,a,
ASN00082076,20090820,PRCP,0,,,a,
ASN00082076,20090821,PRCP,68,,,a,
ASN00082076,20090822,PRCP,170,,,a,
ASN00082076,20090823,PRCP,68,,,a,
ASN00082076,20090824,PRCP,4,,,a,
ASN00082076,20090825,PRCP,52,,,a,
ASN00082076,20090826,PRCP,52,,,a,
ASN00082076,20090827,PRCP,10,,,a,
ASN00082076,20090828,PRCP,0,,,a,
ASN00082076,20090829,PRCP,42,,,a,
ASN00082076,20090830,PRCP,138,,,a,
ASN00082076,20090831,PRCP,42,,,a,
ASN00082076,20090901,TMAX,141,,,a,
ASN00082076,20090902,TMAX,157,,,a,
ASN00082076,20090903,TMAX,200,,,a,
ASN00082076,20090904,TMAX,155,,,a,
ASN00082076,20090905,TMAX,130,,,a,
ASN00082076,20090906,TMAX,160,,,a,
ASN00082076,20090907,TMAX,175,,,a,
ASN00082076,20090908,TMAX,140,,,a,
ASN00082076,20090911,TMAX,175,,,a,
ASN00082076,20090912,TMAX,242,,,a,
ASN00082076,20090913,TMAX,225,,,a,
ASN00082076,20090914,TMAX,180,,,a,
ASN00082076,20090915,TMAX,171,,,a,
ASN00082076,20090916,TMAX,225,,,a,
ASN00082076,20090917,TMAX,190,,,a,
ASN00082076,20090918,TMAX,206,,,a,
ASN00082076,20090919,TMAX,194,,,a,
ASN00082076,20090920,TMAX,185,,,a,
ASN00082076,20090921,TMAX,191,,,a,
ASN00082076,20090922,TMAX,194,,,a,
ASN00082076,20090923,TMAX,152,,,a,
ASN00082076,20090924,TMAX,139,,,a,
ASN00082076,20090925,TMAX,191,,,a,
ASN00082076,20090926,TMAX,88,,,a,
ASN00082076,20090927,TMAX,93,,,a,
ASN00082076,20090928,TMAX,154,,,a,
ASN00082076,20090929,TMAX,171,,,a,
ASN00082076,20090930,TMAX,199,,,a,
ASN00082076,20090901,TMIN,44,,,a,
ASN00082076,20090902,TMIN,-3,,,a,
ASN00082076,20090903,TMIN,21,,,a,
ASN00082076,20090904,TMIN,70,,,a,
ASN00082076,20090905,TMIN,10,,,a,
ASN00082076,20090906,TMIN,-5,,,a,
ASN00082076,20090907,TMIN,25,,,a,
ASN00082076,20090908,TMIN,50,,,a,
ASN00082076,20090909,TMIN,70,,,a,
ASN00082076,20090912,TMIN,25,,,a,
ASN00082076,20090913,TMIN,100,,,a,
ASN00082076,20090914,TMIN,20,,,a,
ASN00082076,20090915,TMIN,8,,,a,
ASN00082076,20090916,TMIN,15,,,a,
ASN00082076,20090917,TMIN,50,,,a,
ASN00082076,20090918,TMIN,88,,,a,
ASN00082076,20090919,TMIN,72,,,a,
ASN00082076,20090920,TMIN,63,,,a,
ASN00082076,20090921,TMIN,15,,,a,
ASN00082076,20090922,TMIN,90,,,a,
ASN00082076,20090923,TMIN,82,,,a,
ASN00082076,20090924,TMIN,54,,,a,
ASN00082076,20090925,TMIN,67,,,a,
ASN00082076,20090926,TMIN,59,,,a,
ASN00082076,20090927,TMIN,48,,,a,
ASN00082076,20090928,TMIN,49,,,a,
ASN00082076,20090929,TMIN,42,,,a,
ASN00082076,20090930,TMIN,24,,,a,
ASN00082076,20090901,PRCP,136,,,a,
ASN00082076,20090902,PRCP,0,,,a,
ASN00082076,20090903,PRCP,0,,,a,
ASN00082076,20090904,PRCP,108,,,a,
ASN00082076,20090905,PRCP,24,,,a,
ASN00082076,20090906,PRCP,0,,,a,
ASN00082076,20090907,PRCP,30,,,a,
ASN00082076,20090908,PRCP,16,,,a,
ASN00082076,20090909,PRCP,6,,,a,
ASN00082076,20090910,PRCP,0,,,a,
ASN00082076,20090911,PRCP,0,,,a,
ASN00082076,20090912,PRCP,0,,,a,
ASN00082076,20090913,PRCP,0,,,a,
ASN00082076,20090914,PRCP,0,,,a,
ASN00082076,20090915,PRCP,0,,,a,
ASN00082076,20090916,PRCP,0,,,a,
ASN00082076,20090917,PRCP,0,,,a,
ASN00082076,20090918,PRCP,272,,,a,
ASN00082076,20090919,PRCP,0,,,a,
ASN00082076,20090920,PRCP,10,,,a,
ASN00082076,20090921,PRCP,0,,,a,
ASN00082076,20090922,PRCP,284,,,a,
ASN00082076,20090923,PRCP,154,,,a,
ASN00082076,20090924,PRCP,2,,,a,
ASN00082076,20090925,PRCP,40,,,a,
ASN00082076,20090926,PRCP,186,,,a,
ASN00082076,20090927,PRCP,94,,,a,
ASN00082076,20090928,PRCP,8,,,a,
ASN00082076,20090929,PRCP,4,,,a,
ASN00082076,20090930,PRCP,0,,,a,
ASN00082076,20090911,DATN,2,,,a,
ASN00082076,20090910,DATX,2,,,a,
ASN00082076,20090911,MDTN,15,,,a,
ASN00082076,20090910,MDTX,125,,,a,
ASN00082076,20091001,TMAX,192,,,a,
ASN00082076,20091002,TMAX,170,,,a,
ASN00082076,20091003,TMAX,140,,,a,
ASN00082076,20091004,TMAX,165,,,a,
ASN00082076,20091005,TMAX,205,,,a,
ASN00082076,20091006,TMAX,105,,,a,
ASN00082076,20091007,TMAX,115,,,a,
ASN00082076,20091008,TMAX,135,,,a,
ASN00082076,20091009,TMAX,160,,,a,
ASN00082076,20091010,TMAX,190,,,a,
ASN00082076,20091011,TMAX,185,,,a,
ASN00082076,20091012,TMAX,179,,,a,
ASN00082076,20091013,TMAX,140,,,a,
ASN00082076,20091014,TMAX,138,,,a,
ASN00082076,20091015,TMAX,135,,,a,
ASN00082076,20091016,TMAX,142,,,a,
ASN00082076,20091017,TMAX,160,,,a,
ASN00082076,20091018,TMAX,195,,,a,
ASN00082076,20091019,TMAX,222,,,a,
ASN00082076,20091022,TMAX,256,,,a,
ASN00082076,20091023,TMAX,232,,,a,
ASN00082076,20091024,TMAX,241,,,a,
ASN00082076,20091025,TMAX,155,,,a,
ASN00082076,20091026,TMAX,193,,,a,
ASN00082076,20091027,TMAX,245,,,a,
ASN00082076,20091028,TMAX,261,,,a,
ASN00082076,20091029,TMAX,265,,,a,
ASN00082076,20091030,TMAX,265,,,a,
ASN00082076,20091031,TMAX,302,,,a,
ASN00082076,20091001,TMIN,47,,,a,
ASN00082076,20091002,TMIN,96,,,a,
ASN00082076,20091003,TMIN,75,,,a,
ASN00082076,20091004,TMIN,75,,,a,
ASN00082076,20091005,TMIN,95,,,a,
ASN00082076,20091006,TMIN,85,,,a,
ASN00082076,20091007,TMIN,35,,,a,
ASN00082076,20091008,TMIN,65,,,a,
ASN00082076,20091009,TMIN,70,,,a,
ASN00082076,20091010,TMIN,55,,,a,
ASN00082076,20091011,TMIN,40,,,a,
ASN00082076,20091012,TMIN,45,,,a,
ASN00082076,20091013,TMIN,63,,,a,
ASN00082076,20091014,TMIN,75,,,a,
ASN00082076,20091015,TMIN,84,,,a,
ASN00082076,20091016,TMIN,32,,,a,
ASN00082076,20091017,TMIN,58,,,a,
ASN00082076,20091018,TMIN,40,,,a,
ASN00082076,20091019,TMIN,50,,,a,
ASN00082076,20091020,TMIN,45,,,a,
ASN00082076,20091023,TMIN,68,,,a,
ASN00082076,20091024,TMIN,65,,,a,
ASN00082076,20091025,TMIN,88,,,a,
ASN00082076,20091026,TMIN,98,,,a,
ASN00082076,20091027,TMIN,44,,,a,
ASN00082076,20091028,TMIN,92,,,a,
ASN00082076,20091029,TMIN,111,,,a,
ASN00082076,20091030,TMIN,115,,,a,
ASN00082076,20091031,TMIN,115,,,a,
ASN00082076,20091001,PRCP,0,,,a,
ASN00082076,20091002,PRCP,2,,,a,
ASN00082076,20091003,PRCP,98,,,a,
ASN00082076,20091004,PRCP,0,,,a,
ASN00082076,20091005,PRCP,108,,,a,
ASN00082076,20091006,PRCP,80,,,a,
ASN00082076,20091007,PRCP,90,,,a,
ASN00082076,20091008,PRCP,0,,,a,
ASN00082076,20091009,PRCP,0,,,a,
ASN00082076,20091010,PRCP,0,,,a,
ASN00082076,20091011,PRCP,0,,,a,
ASN00082076,20091012,PRCP,0,,,a,
ASN00082076,20091013,PRCP,14,,,a,
ASN00082076,20091014,PRCP,202,,,a,
ASN00082076,20091015,PRCP,54,,,a,
ASN00082076,20091016,PRCP,112,,,a,
ASN00082076,20091017,PRCP,86,,,a,
ASN00082076,20091018,PRCP,8,,,a,
ASN00082076,20091019,PRCP,0,,,a,
ASN00082076,20091020,PRCP,0,,,a,
ASN00082076,20091021,PRCP,0,,,a,
ASN00082076,20091022,PRCP,0,,,a,
ASN00082076,20091023,PRCP,0,,,a,
ASN00082076,20091024,PRCP,0,,,a,
ASN00082076,20091025,PRCP,0,,,a,
ASN00082076,20091026,PRCP,0,,,a,
ASN00082076,20091027,PRCP,0,,,a,
ASN00082076,20091028,PRCP,0,,,a,
ASN00082076,20091029,PRCP,2,,,a,
ASN00082076,20091030,PRCP,54,,,a,
ASN00082076,20091031,PRCP,0,,,a,
ASN00082076,20091022,DATN,2,,,a,
ASN00082076,20091021,DATX,2,,,a,
ASN00082076,20091022,MDTN,80,,,a,
ASN00082076,20091021,MDTX,260,,,a,
ASN00082076,20091101,TMAX,315,,,a,
ASN00082076,20091102,TMAX,320,,,a,
ASN00082076,20091103,TMAX,250,,,a,
ASN00082076,20091104,TMAX,222,,,a,
ASN00082076,20091105,TMAX,230,,,a,
ASN00082076,20091106,TMAX,271,,,a,
ASN00082076,20091107,TMAX,290,,,a,
ASN00082076,20091108,TMAX,300,,,a,
ASN00082076,20091109,TMAX,315,,,a,
ASN00082076,20091110,TMAX,325,,,a,
ASN00082076,20091111,TMAX,335,,,a,
ASN00082076,20091112,TMAX,322,,,a,
ASN00082076,20091113,TMAX,308,,,a,
ASN00082076,20091116,TMAX,310,,,a,
ASN00082076,20091117,TMAX,278,,,a,
ASN00082076,20091120,TMAX,314,,,a,
ASN00082076,20091121,TMAX,203,,,a,
ASN00082076,20091122,TMAX,243,,,a,
ASN00082076,20091123,TMAX,213,,,a,
ASN00082076,20091124,TMAX,240,,,a,
ASN00082076,20091125,TMAX,306,,,a,
ASN00082076,20091126,TMAX,315,,,a,
ASN00082076,20091127,TMAX,235,,,a,
ASN00082076,20091128,TMAX,235,,,a,
ASN00082076,20091129,TMAX,235,,,a,
ASN00082076,20091130,TMAX,200,,,a,
ASN00082076,20091101,TMIN,120,,,a,
ASN00082076,20091102,TMIN,155,,,a,
ASN00082076,20091103,TMIN,160,,,a,
ASN00082076,20091104,TMIN,90,,,a,
ASN00082076,20091105,TMIN,110,,,a,
ASN00082076,20091106,TMIN,75,,,a,
ASN00082076,20091107,TMIN,100,,,a,
ASN00082076,20091108,TMIN,110,,,a,
ASN00082076,20091109,TMIN,110,,,a,
ASN00082076,20091110,TMIN,112,,,a,
ASN00082076,20091111,TMIN,122,,,a,
ASN00082076,20091112,TMIN,145,,,a,
ASN00082076,20091113,TMIN,170,,,a,
ASN00082076,20091114,TMIN,120,,,a,
ASN00082076,20091117,TMIN,126,,,a,
ASN00082076,20091118,TMIN,104,,,a,
ASN00082076,20091121,TMIN,185,,,a,
ASN00082076,20091122,TMIN,174,,,a,
ASN00082076,20091123,TMIN,107,,,a,
ASN00082076,20091124,TMIN,136,,,a,
ASN00082076,20091125,TMIN,145,,,a,
ASN00082076,20091126,TMIN,169,,,a,
ASN00082076,20091127,TMIN,155,,,a,
ASN00082076,20091128,TMIN,140,,,a,
ASN00082076,20091129,TMIN,125,,,a,
ASN00082076,20091130,TMIN,105,,,a,
ASN00082076,20091101,PRCP,0,,,a,
ASN00082076,20091102,PRCP,0,,,a,
ASN00082076,20091103,PRCP,0,,,a,
ASN00082076,20091104,PRCP,6,,,a,
ASN00082076,20091105,PRCP,0,,,a,
ASN00082076,20091106,PRCP,0,,,a,
ASN00082076,20091107,PRCP,0,,,a,
ASN00082076,20091108,PRCP,0,,,a,
ASN00082076,20091109,PRCP,0,,,a,
ASN00082076,20091110,PRCP,0,,,a,
ASN00082076,20091111,PRCP,0,,,a,
ASN00082076,20091112,PRCP,4,,,a,
ASN00082076,20091113,PRCP,0,,,a,
ASN00082076,20091114,PRCP,0,,,a,
ASN00082076,20091115,PRCP,0,,,a,
ASN00082076,20091116,PRCP,0,,,a,
ASN00082076,20091117,PRCP,0,,,a,
ASN00082076,20091118,PRCP,0,,,a,
ASN00082076,20091119,PRCP,0,,,a,
ASN00082076,20091120,PRCP,0,,,a,
ASN00082076,20091121,PRCP,88,,,a,
ASN00082076,20091122,PRCP,366,,,a,
ASN00082076,20091123,PRCP,80,,,a,
ASN00082076,20091124,PRCP,0,,,a,
ASN00082076,20091125,PRCP,6,,,a,
ASN00082076,20091126,PRCP,0,,,a,
ASN00082076,20091127,PRCP,66,,,a,
ASN00082076,20091128,PRCP,0,,,a,
ASN00082076,20091129,PRCP,56,,,a,
ASN00082076,20091130,PRCP,98,,,a,
ASN00082076,20091116,DATN,2,,,a,
ASN00082076,20091120,DATN,2,,,a,
ASN00082076,20091115,DATX,2,,,a,
ASN00082076,20091119,DATX,2,,,a,
ASN00082076,20091116,MDTN,140,,,a,
ASN00082076,20091120,MDTN,128,,,a,
ASN00082076,20091115,MDTX,325,,,a,
ASN00082076,20091119,MDTX,351,,,a,
ASN00082076,20091201,TMAX,205,,,a,
ASN00082076,20091202,TMAX,260,,,a,
ASN00082076,20091203,TMAX,285,,,a,
ASN00082076,20091204,TMAX,255,,,a,
ASN00082076,20091205,TMAX,255,,,a,
ASN00082076,20091206,TMAX,285,,,a,
ASN00082076,20091207,TMAX,298,,,a,
ASN00082076,20091208,TMAX,231,,,a,
ASN00082076,20091209,TMAX,235,,,a,
ASN00082076,20091210,TMAX,230,,,a,
ASN00082076,20091211,TMAX,205,,,a,
ASN00082076,20091212,TMAX,240,,,a,
ASN00082076,20091215,TMAX,317,,,a,
ASN00082076,20091216,TMAX,350,,,a,
ASN00082076,20091217,TMAX,362,,,a,
ASN00082076,20091218,TMAX,250,,,a,
ASN00082076,20091219,TMAX,283,,,a,
ASN00082076,20091220,TMAX,287,,,a,
ASN00082076,20091221,TMAX,310,,,a,
ASN00082076,20091222,TMAX,332,,,a,
ASN00082076,20091223,TMAX,355,,,a,
ASN00082076,20091224,TMAX,330,,,a,
ASN00082076,20091225,TMAX,227,,,a,
ASN00082076,20091226,TMAX,275,,,a,
ASN00082076,20091227,TMAX,275,,,a,
ASN00082076,20091228,TMAX,325,,,a,
ASN00082076,20091229,TMAX,330,,,a,
ASN00082076,20091230,TMAX,355,,,a,
ASN00082076,20091231,TMAX,308,,,a,
ASN00082076,20091201,TMIN,115,,,a,
ASN00082076,20091202,TMIN,105,,,a,
ASN00082076,20091203,TMIN,85,,,a,
ASN00082076,20091204,TMIN,136,,,a,
ASN00082076,20091205,TMIN,70,,,a,
ASN00082076,20091206,TMIN,95,,,a,
ASN00082076,20091207,TMIN,95,,,a,
ASN00082076,20091208,TMIN,134,,,a,
ASN00082076,20091209,TMIN,109,,,a,
ASN00082076,20091210,TMIN,100,,,a,
ASN00082076,20091211,TMIN,70,,,a,
ASN00082076,20091212,TMIN,57,,,a,
ASN00082076,20091213,TMIN,68,,,a,
ASN00082076,20091216,TMIN,115,,,a,
ASN00082076,20091217,TMIN,105,,,a,
ASN00082076,20091218,TMIN,136,,,a,
ASN00082076,20091219,TMIN,81,,,a,
ASN00082076,20091220,TMIN,114,,,a,
ASN00082076,20091221,TMIN,107,,,a,
ASN00082076,20091222,TMIN,120,,,a,
ASN00082076,20091223,TMIN,142,,,a,
ASN00082076,20091224,TMIN,185,,,a,
ASN00082076,20091225,TMIN,170,,,a,
ASN00082076,20091226,TMIN,145,,,a,
ASN00082076,20091227,TMIN,132,,,a,
ASN00082076,20091228,TMIN,155,,,a,
ASN00082076,20091229,TMIN,150,,,a,
ASN00082076,20091230,TMIN,155,,,a,
ASN00082076,20091231,TMIN,160,,,a,
ASN00082076,20091201,PRCP,0,,,a,
ASN00082076,20091202,PRCP,0,,,a,
ASN00082076,20091203,PRCP,0,,,a,
ASN00082076,20091204,PRCP,0,,,a,
ASN00082076,20091205,PRCP,0,,,a,
ASN00082076,20091206,PRCP,0,,,a,
ASN00082076,20091207,PRCP,0,,,a,
ASN00082076,20091208,PRCP,0,,,a,
ASN00082076,20091209,PRCP,6,,,a,
ASN00082076,20091210,PRCP,0,,,a,
ASN00082076,20091211,PRCP,86,,,a,
ASN00082076,20091212,PRCP,0,,,a,
ASN00082076,20091213,PRCP,0,,,a,
ASN00082076,20091214,PRCP,0,,,a,
ASN00082076,20091215,PRCP,0,,,a,
ASN00082076,20091216,PRCP,0,,,a,
ASN00082076,20091217,PRCP,0,,,a,
ASN00082076,20091218,PRCP,58,,,a,
ASN00082076,20091219,PRCP,0,,,a,
ASN00082076,20091220,PRCP,0,,,a,
ASN00082076,20091221,PRCP,0,,,a,
ASN00082076,20091222,PRCP,0,,,a,
ASN00082076,20091223,PRCP,0,,,a,
ASN00082076,20091224,PRCP,0,,,a,
ASN00082076,20091225,PRCP,136,,,a,
ASN00082076,20091226,PRCP,0,,,a,
ASN00082076,20091227,PRCP,0,,,a,
ASN00082076,20091228,PRCP,0,,,a,
ASN00082076,20091229,PRCP,0,,,a,
ASN00082076,20091230,PRCP,0,,,a,
ASN00082076,20091231,PRCP,0,,,a,
ASN00082076,20091215,DATN,2,,,a,
ASN00082076,20091214,DATX,2,,,a,
ASN00082076,20091215,MDTN,114,,,a,
ASN00082076,20091214,MDTX,296,,,a,
ASN00082076,20100101,TMAX,290,,,a,
ASN00082076,20100102,TMAX,282,,,a,
ASN00082076,20100103,TMAX,259,,,a,
ASN00082076,20100104,TMAX,298,,,a,
ASN00082076,20100105,TMAX,324,,,a,
ASN00082076,20100106,TMAX,307,,,a,
ASN00082076,20100107,TMAX,302,,,a,
ASN00082076,20100108,TMAX,322,,,a,
ASN00082076,20100109,TMAX,367,,,a,
ASN00082076,20100110,TMAX,383,,,a,
ASN00082076,20100111,TMAX,384,,,a,
ASN00082076,20100112,TMAX,382,,,a,
ASN00082076,20100113,TMAX,235,,,a,
ASN00082076,20100114,TMAX,295,,,a,
ASN00082076,20100115,TMAX,325,,,a,
ASN00082076,20100116,TMAX,332,,,a,
ASN00082076,20100117,TMAX,220,,,a,
ASN00082076,20100118,TMAX,182,,,a,
ASN00082076,20100119,TMAX,240,,,a,
ASN00082076,20100120,TMAX,295,,,a,
ASN00082076,20100121,TMAX,335,,,a,
ASN00082076,20100122,TMAX,375,,,a,
ASN00082076,20100123,TMAX,305,,,a,
ASN00082076,20100124,TMAX,320,,,a,
ASN00082076,20100125,TMAX,335,,,a,
ASN00082076,20100126,TMAX,320,,,a,
ASN00082076,20100127,TMAX,336,,,a,
ASN00082076,20100128,TMAX,327,,,a,
ASN00082076,20100129,TMAX,305,,,a,
ASN00082076,20100130,TMAX,333,,,a,
ASN00082076,20100131,TMAX,345,,,a,
ASN00082076,20100101,TMIN,178,,,a,
ASN00082076,20100102,TMIN,183,,,a,
ASN00082076,20100103,TMIN,134,,,a,
ASN00082076,20100104,TMIN,117,,,a,
ASN00082076,20100105,TMIN,123,,,a,
ASN00082076,20100106,TMIN,145,,,a,
ASN00082076,20100107,TMIN,155,,,a,
ASN00082076,20100108,TMIN,134,,,a,
ASN00082076,20100109,TMIN,145,,,a,
ASN00082076,20100110,TMIN,157,,,a,
ASN00082076,20100111,TMIN,166,,,a,
ASN00082076,20100112,TMIN,195,,,a,
ASN00082076,20100113,TMIN,201,,,a,
ASN00082076,20100114,TMIN,152,,,a,
ASN00082076,20100115,TMIN,140,,,a,
ASN00082076,20100116,TMIN,166,,,a,
ASN00082076,20100117,TMIN,160,,,a,
ASN00082076,20100118,TMIN,77,,,a,
ASN00082076,20100119,TMIN,55,,,a,
ASN00082076,20100120,TMIN,80,,,a,
ASN00082076,20100121,TMIN,109,,,a,
ASN00082076,20100122,TMIN,130,,,a,
ASN00082076,20100123,TMIN,178,,,a,
ASN00082076,20100124,TMIN,125,,,a,
ASN00082076,20100125,TMIN,136,,,a,
ASN00082076,20100126,TMIN,125,,,a,
ASN00082076,20100127,TMIN,171,,,a,
ASN00082076,20100128,TMIN,146,,,a,
ASN00082076,20100129,TMIN,148,,,a,
ASN00082076,20100130,TMIN,140,,,a,
ASN00082076,20100131,TMIN,153,,,a,
ASN00082076,20100101,PRCP,446,,,a,
ASN00082076,20100102,PRCP,520,,,a,
ASN00082076,20100103,PRCP,0,,,a,
ASN00082076,20100104,PRCP,0,,,a,
ASN00082076,20100105,PRCP,0,,,a,
ASN00082076,20100106,PRCP,0,,,a,
ASN00082076,20100107,PRCP,0,,,a,
ASN00082076,20100108,PRCP,0,,,a,
ASN00082076,20100109,PRCP,0,,,a,
ASN00082076,20100110,PRCP,0,,,a,
ASN00082076,20100111,PRCP,0,,,a,
ASN00082076,20100112,PRCP,0,,,a,
ASN00082076,20100113,PRCP,4,,,a,
ASN00082076,20100114,PRCP,36,,,a,
ASN00082076,20100115,PRCP,0,,,a,
ASN00082076,20100116,PRCP,0,,,a,
ASN00082076,20100117,PRCP,0,,,a,
ASN00082076,20100118,PRCP,10,,,a,
ASN00082076,20100119,PRCP,20,,,a,
ASN00082076,20100120,PRCP,0,,,a,
ASN00082076,20100121,PRCP,0,,,a,
ASN00082076,20100122,PRCP,0,,,a,
ASN00082076,20100123,PRCP,0,,,a,
ASN00082076,20100124,PRCP,0,,,a,
ASN00082076,20100125,PRCP,0,,,a,
ASN00082076,20100126,PRCP,0,,,a,
ASN00082076,20100127,PRCP,0,,,a,
ASN00082076,20100128,PRCP,0,,,a,
ASN00082076,20100129,PRCP,0,,,a,
ASN00082076,20100130,PRCP,0,,,a,
ASN00082076,20100131,PRCP,0,,,a,
ASN00082076,20100201,TMAX,343,,,a,
ASN00082076,20100202,TMAX,336,,,a,
ASN00082076,20100203,TMAX,326,,,a,
ASN00082076,20100204,TMAX,304,,,a,
ASN00082076,20100205,TMAX,228,,,a,
ASN00082076,20100206,TMAX,248,,,a,
ASN00082076,20100207,TMAX,322,,,a,
ASN00082076,20100208,TMAX,335,,,a,
ASN00082076,20100209,TMAX,321,,,a,
ASN00082076,20100210,TMAX,329,,,a,
ASN00082076,20100211,TMAX,320,,,a,
ASN00082076,20100212,TMAX,275,,,a,
ASN00082076,20100213,TMAX,235,,,a,
ASN00082076,20100214,TMAX,255,,,a,
ASN00082076,20100215,TMAX,203,,,a,
ASN00082076,20100216,TMAX,255,,,a,
ASN00082076,20100217,TMAX,285,,,a,
ASN00082076,20100218,TMAX,291,,,a,
ASN00082076,20100219,TMAX,295,,,a,
ASN00082076,20100220,TMAX,295,,,a,
ASN00082076,20100221,TMAX,300,,,a,
ASN00082076,20100222,TMAX,239,,,a,
ASN00082076,20100223,TMAX,235,,,a,
ASN00082076,20100226,TMAX,294,,,a,
ASN00082076,20100227,TMAX,253,,,a,
ASN00082076,20100228,TMAX,288,,,a,
ASN00082076,20100201,TMIN,180,,,a,
ASN00082076,20100202,TMIN,150,,,a,
ASN00082076,20100203,TMIN,123,,,a,
ASN00082076,20100204,TMIN,172,,,a,
ASN00082076,20100205,TMIN,184,,,a,
ASN00082076,20100206,TMIN,167,,,a,
ASN00082076,20100207,TMIN,170,,,a,
ASN00082076,20100208,TMIN,189,,,a,
ASN00082076,20100209,TMIN,172,,,a,
ASN00082076,20100210,TMIN,170,,,a,
ASN00082076,20100211,TMIN,180,,,a,
ASN00082076,20100212,TMIN,195,,,a,
ASN00082076,20100213,TMIN,190,,,a,
ASN00082076,20100214,TMIN,190,,,a,
ASN00082076,20100215,TMIN,160,,,a,
ASN00082076,20100216,TMIN,164,,,a,
ASN00082076,20100217,TMIN,120,,,a,
ASN00082076,20100218,TMIN,140,,,a,
ASN00082076,20100219,TMIN,120,,,a,
ASN00082076,20100220,TMIN,130,,,a,
ASN00082076,20100221,TMIN,163,,,a,
ASN00082076,20100222,TMIN,111,,,a,
ASN00082076,20100223,TMIN,110,,,a,
ASN00082076,20100224,TMIN,104,,,a,
ASN00082076,20100227,TMIN,147,,,a,
ASN00082076,20100228,TMIN,157,,,a,
ASN00082076,20100201,PRCP,0,,,a,
ASN00082076,20100202,PRCP,0,,,a,
ASN00082076,20100203,PRCP,0,,,a,
ASN00082076,20100204,PRCP,0,,,a,
ASN00082076,20100205,PRCP,278,,,a,
ASN00082076,20100206,PRCP,6,,,a,
ASN00082076,20100207,PRCP,0,,,a,
ASN00082076,20100208,PRCP,0,,,a,
ASN00082076,20100209,PRCP,0,,,a,
ASN00082076,20100210,PRCP,0,,,a,
ASN00082076,20100211,PRCP,34,,,a,
ASN00082076,20100212,PRCP,92,,,a,
ASN00082076,20100213,PRCP,14,,,a,
ASN00082076,20100214,PRCP,56,,,a,
ASN00082076,20100215,PRCP,264,,,a,
ASN00082076,20100216,PRCP,0,,,a,
ASN00082076,20100217,PRCP,0,,,a,
ASN00082076,20100218,PRCP,0,,,a,
ASN00082076,20100219,PRCP,0,,,a,
ASN00082076,20100220,PRCP,0,,,a,
ASN00082076,20100221,PRCP,2,,,a,
ASN00082076,20100222,PRCP,320,,,a,
ASN00082076,20100223,PRCP,164,,,a,
ASN00082076,20100224,PRCP,0,,,a,
ASN00082076,20100225,PRCP,0,,,a,
ASN00082076,20100226,PRCP,0,,,a,
ASN00082076,20100227,PRCP,0,,,a,
ASN00082076,20100228,PRCP,18,,,a,
ASN00082076,20100226,DATN,2,,,a,
ASN00082076,20100225,DATX,2,,,a,
ASN00082076,20100226,MDTN,122,,,a,
ASN00082076,20100225,MDTX,295,,,a,
ASN00082076,20100301,TMAX,224,,,a,
ASN00082076,20100302,TMAX,262,,,a,
ASN00082076,20100303,TMAX,313,,,a,
ASN00082076,20100304,TMAX,288,,,a,
ASN00082076,20100305,TMAX,202,,,a,
ASN00082076,20100306,TMAX,297,,,a,
ASN00082076,20100307,TMAX,195,,,a,
ASN00082076,20100308,TMAX,243,,,a,
ASN00082076,20100309,TMAX,212,,,a,
ASN00082076,20100310,TMAX,186,,,a,
ASN00082076,20100313,TMAX,255,,,a,
ASN00082076,20100314,TMAX,260,,,a,
ASN00082076,20100315,TMAX,260,,,a,
ASN00082076,20100316,TMAX,280,,,a,
ASN00082076,20100317,TMAX,280,,,a,
ASN00082076,20100318,TMAX,287,,,a,
ASN00082076,20100319,TMAX,287,,,a,
ASN00082076,20100320,TMAX,301,,,a,
ASN00082076,20100321,TMAX,255,,,a,
ASN00082076,20100322,TMAX,248,,,a,
ASN00082076,20100323,TMAX,253,,,a,
ASN00082076,20100324,TMAX,261,,,a,
ASN00082076,20100325,TMAX,265,,,a,
ASN00082076,20100326,TMAX,282,,,a,
ASN00082076,20100327,TMAX,285,,,a,
ASN00082076,20100328,TMAX,260,,,a,
ASN00082076,20100329,TMAX,230,,,a,
ASN00082076,20100330,TMAX,235,,,a,
ASN00082076,20100301,TMIN,129,,,a,
ASN00082076,20100302,TMIN,122,,,a,
ASN00082076,20100303,TMIN,112,,,a,
ASN00082076,20100304,TMIN,130,,,a,
ASN00082076,20100305,TMIN,162,,,a,
ASN00082076,20100306,TMIN,175,,,a,
ASN00082076,20100307,TMIN,184,,,a,
ASN00082076,20100308,TMIN,175,,,a,
ASN00082076,20100309,TMIN,146,,,a,
ASN00082076,20100310,TMIN,77,,,a,
ASN00082076,20100311,TMIN,118,,,a,
ASN00082076,20100314,TMIN,95,,,a,
ASN00082076,20100315,TMIN,100,,,a,
ASN00082076,20100316,TMIN,103,,,a,
ASN00082076,20100317,TMIN,110,,,a,
ASN00082076,20100318,TMIN,132,,,a,
ASN00082076,20100319,TMIN,122,,,a,
ASN00082076,20100320,TMIN,134,,,a,
ASN00082076,20100321,TMIN,141,,,a,
ASN00082076,20100322,TMIN,78,,,a,
ASN00082076,20100323,TMIN,79,,,a,
ASN00082076,20100324,TMIN,105,,,a,
ASN00082076,20100325,TMIN,95,,,a,
ASN00082076,20100326,TMIN,102,,,a,
ASN00082076,20100327,TMIN,115,,,a,
ASN00082076,20100328,TMIN,130,,,a,
ASN00082076,20100329,TMIN,155,,,a,
ASN00082076,20100330,TMIN,135,,,a,
ASN00082076,20100331,TMIN,144,,,a,
ASN00082076,20100301,PRCP,0,,,a,
ASN00082076,20100302,PRCP,0,,,a,
ASN00082076,20100303,PRCP,0,,,a,
ASN00082076,20100304,PRCP,0,,,a,
ASN00082076,20100305,PRCP,0,,,a,
ASN00082076,20100306,PRCP,146,,,a,
ASN00082076,20100307,PRCP,208,,,a,
ASN00082076,20100308,PRCP,464,,,a,
ASN00082076,20100309,PRCP,62,,,a,
ASN00082076,20100310,PRCP,10,,,a,
ASN00082076,20100311,PRCP,0,,,a,
ASN00082076,20100312,PRCP,0,,,a,
ASN00082076,20100313,PRCP,0,,,a,
ASN00082076,20100314,PRCP,0,,,a,
ASN00082076,20100315,PRCP,0,,,a,
ASN00082076,20100316,PRCP,0,,,a,
ASN00082076,20100317,PRCP,0,,,a,
ASN00082076,20100318,PRCP,0,,,a,
ASN00082076,20100319,PRCP,0,,,a,
ASN00082076,20100320,PRCP,0,,,a,
ASN00082076,20100321,PRCP,0,,,a,
ASN00082076,20100322,PRCP,0,,,a,
ASN00082076,20100323,PRCP,0,,,a,
ASN00082076,20100324,PRCP,0,,,a,
ASN00082076,20100325,PRCP,0,,,a,
ASN00082076,20100326,PRCP,0,,,a,
ASN00082076,20100327,PRCP,0,,,a,
ASN00082076,20100328,PRCP,0,,,a,
ASN00082076,20100329,PRCP,98,,,a,
ASN00082076,20100330,PRCP,56,,,a,
ASN00082076,20100331,PRCP,0,,,a,
ASN00082076,20100313,DATN,2,,,a,
ASN00082076,20100312,DATX,2,,,a,
ASN00082076,20100313,MDTN,95,,,a,
ASN00082076,20100312,MDTX,245,,,a,
ASN00082076,20100402,TMAX,225,,,a,
ASN00082076,20100403,TMAX,230,,,a,
ASN00082076,20100404,TMAX,241,,,a,
ASN00082076,20100405,TMAX,240,,,a,
ASN00082076,20100406,TMAX,230,,,a,
ASN00082076,20100407,TMAX,201,,,a,
ASN00082076,20100408,TMAX,225,,,a,
ASN00082076,20100409,TMAX,200,,,a,
ASN00082076,20100410,TMAX,165,,,a,
ASN00082076,20100411,TMAX,165,,,a,
ASN00082076,20100412,TMAX,165,,,a,
ASN00082076,20100413,TMAX,200,,,a,
ASN00082076,20100414,TMAX,210,,,a,
ASN00082076,20100415,TMAX,225,,,a,
ASN00082076,20100416,TMAX,225,,,a,
ASN00082076,20100417,TMAX,246,,,a,
ASN00082076,20100418,TMAX,243,,,a,
ASN00082076,20100419,TMAX,240,,,a,
ASN00082076,20100420,TMAX,230,,,a,
ASN00082076,20100421,TMAX,252,,,a,
ASN00082076,20100422,TMAX,250,,,a,
ASN00082076,20100423,TMAX,250,,,a,
ASN00082076,20100424,TMAX,175,,,a,
ASN00082076,20100425,TMAX,185,,,a,
ASN00082076,20100426,TMAX,166,,,a,
ASN00082076,20100427,TMAX,130,,,a,
ASN00082076,20100428,TMAX,158,,,a,
ASN00082076,20100429,TMAX,171,,,a,
ASN00082076,20100430,TMAX,181,,,a,
ASN00082076,20100403,TMIN,140,,,a,
ASN00082076,20100404,TMIN,130,,,a,
ASN00082076,20100405,TMIN,80,,,a,
ASN00082076,20100406,TMIN,89,,,a,
ASN00082076,20100407,TMIN,132,,,a,
ASN00082076,20100408,TMIN,131,,,a,
ASN00082076,20100409,TMIN,95,,,a,
ASN00082076,20100410,TMIN,100,,,a,
ASN00082076,20100411,TMIN,130,,,a,
ASN00082076,20100412,TMIN,35,,,a,
ASN00082076,20100413,TMIN,40,,,a,
ASN00082076,20100414,TMIN,40,,,a,
ASN00082076,20100415,TMIN,64,,,a,
ASN00082076,20100416,TMIN,72,,,a,
ASN00082076,20100417,TMIN,72,,,a,
ASN00082076,20100418,TMIN,81,,,a,
ASN00082076,20100419,TMIN,98,,,a,
ASN00082076,20100420,TMIN,102,,,a,
ASN00082076,20100425,TMIN,74,,,a,
ASN00082076,20100426,TMIN,43,,,a,
ASN00082076,20100427,TMIN,44,,,a,
ASN00082076,20100428,TMIN,65,,,a,
ASN00082076,20100429,TMIN,102,,,a,
ASN00082076,20100430,TMIN,58,,,a,
ASN00082076,20100401,PRCP,0,,,a,
ASN00082076,20100402,PRCP,0,,,a,
ASN00082076,20100403,PRCP,0,,,a,
ASN00082076,20100404,PRCP,0,,,a,
ASN00082076,20100405,PRCP,0,,,a,
ASN00082076,20100406,PRCP,0,,,a,
ASN00082076,20100407,PRCP,42,,,a,
ASN00082076,20100408,PRCP,166,,,a,
ASN00082076,20100409,PRCP,0,,,a,
ASN00082076,20100410,PRCP,0,,,a,
ASN00082076,20100411,PRCP,46,,,a,
ASN00082076,20100412,PRCP,92,,,a,
ASN00082076,20100413,PRCP,0,,,a,
ASN00082076,20100414,PRCP,0,,,a,
ASN00082076,20100415,PRCP,0,,,a,
ASN00082076,20100416,PRCP,0,,,a,
ASN00082076,20100417,PRCP,0,,,a,
ASN00082076,20100418,PRCP,0,,,a,
ASN00082076,20100419,PRCP,0,,,a,
ASN00082076,20100420,PRCP,0,,,a,
ASN00082076,20100421,PRCP,6,,,a,
ASN00082076,20100422,PRCP,0,,,a,
ASN00082076,20100423,PRCP,0,,,a,
ASN00082076,20100424,PRCP,64,,,a,
ASN00082076,20100425,PRCP,232,,,a,
ASN00082076,20100426,PRCP,0,,,a,
ASN00082076,20100427,PRCP,0,,,a,
ASN00082076,20100428,PRCP,10,,,a,
ASN00082076,20100429,PRCP,6,,,a,
ASN00082076,20100430,PRCP,8,,,a,
ASN00082076,20100402,DATN,2,,,a,
ASN00082076,20100424,DATN,4,,,a,
ASN00082076,20100401,DATX,2,,,a,
ASN00082076,20100402,MDTN,102,,,a,
ASN00082076,20100424,MDTN,145,,,a,
ASN00082076,20100401,MDTX,245,,,a,
ASN00082076,20100501,TMAX,194,,,a,
ASN00082076,20100502,TMAX,197,,,a,
ASN00082076,20100503,TMAX,208,,,a,
ASN00082076,20100504,TMAX,203,,,a,
ASN00082076,20100505,TMAX,135,,,a,
ASN00082076,20100506,TMAX,110,,,a,
ASN00082076,20100507,TMAX,155,,,a,
ASN00082076,20100508,TMAX,188,,,a,
ASN00082076,20100509,TMAX,180,,,a,
ASN00082076,20100510,TMAX,175,,,a,
ASN00082076,20100511,TMAX,145,,,a,
ASN00082076,20100512,TMAX,133,,,a,
ASN00082076,20100513,TMAX,135,,,a,
ASN00082076,20100514,TMAX,161,,,a,
ASN00082076,20100515,TMAX,167,,,a,
ASN00082076,20100516,TMAX,165,,,a,
ASN00082076,20100517,TMAX,158,,,a,
ASN00082076,20100518,TMAX,175,,,a,
ASN00082076,20100519,TMAX,165,,,a,
ASN00082076,20100520,TMAX,155,,,a,
ASN00082076,20100521,TMAX,155,,,a,
ASN00082076,20100522,TMAX,140,,,a,
ASN00082076,20100523,TMAX,150,,,a,
ASN00082076,20100524,TMAX,138,,,a,
ASN00082076,20100525,TMAX,141,,,a,
ASN00082076,20100526,TMAX,170,,,a,
ASN00082076,20100527,TMAX,169,,,a,
ASN00082076,20100528,TMAX,153,,,a,
ASN00082076,20100529,TMAX,142,,,a,
ASN00082076,20100530,TMAX,179,,,a,
ASN00082076,20100531,TMAX,169,,,a,
ASN00082076,20100501,TMIN,60,,,a,
ASN00082076,20100502,TMIN,51,,,a,
ASN00082076,20100503,TMIN,71,,,a,
ASN00082076,20100504,TMIN,67,,,a,
ASN00082076,20100505,TMIN,92,,,a,
ASN00082076,20100506,TMIN,79,,,a,
ASN00082076,20100507,TMIN,90,,,a,
ASN00082076,20100508,TMIN,94,,,a,
ASN00082076,20100509,TMIN,61,,,a,
ASN00082076,20100510,TMIN,50,,,a,
ASN00082076,20100511,TMIN,64,,,a,
ASN00082076,20100512,TMIN,-5,,,a,
ASN00082076,20100513,TMIN,4,,,a,
ASN00082076,20100514,TMIN,30,,,a,
ASN00082076,20100515,TMIN,15,,,a,
ASN00082076,20100516,TMIN,15,,,a,
ASN00082076,20100517,TMIN,30,,,a,
ASN00082076,20100518,TMIN,20,,,a,
ASN00082076,20100519,TMIN,15,,,a,
ASN00082076,20100520,TMIN,15,,,a,
ASN00082076,20100521,TMIN,30,,,a,
ASN00082076,20100522,TMIN,15,,,a,
ASN00082076,20100523,TMIN,-3,,,a,
ASN00082076,20100524,TMIN,3,,,a,
ASN00082076,20100525,TMIN,58,,,a,
ASN00082076,20100526,TMIN,91,,,a,
ASN00082076,20100527,TMIN,47,,,a,
ASN00082076,20100528,TMIN,63,,,a,
ASN00082076,20100529,TMIN,88,,,a,
ASN00082076,20100530,TMIN,75,,,a,
ASN00082076,20100531,TMIN,126,,,a,
ASN00082076,20100501,PRCP,0,,,a,
ASN00082076,20100502,PRCP,0,,,a,
ASN00082076,20100503,PRCP,0,,,a,
ASN00082076,20100504,PRCP,34,,,a,
ASN00082076,20100505,PRCP,90,,,a,
ASN00082076,20100506,PRCP,8,,,a,
ASN00082076,20100507,PRCP,4,,,a,
ASN00082076,20100508,PRCP,0,,,a,
ASN00082076,20100509,PRCP,0,,,a,
ASN00082076,20100510,PRCP,0,,,a,
ASN00082076,20100511,PRCP,0,,,a,
ASN00082076,20100512,PRCP,22,,,a,
ASN00082076,20100513,PRCP,0,,,a,
ASN00082076,20100514,PRCP,0,,,a,
ASN00082076,20100515,PRCP,0,,,a,
ASN00082076,20100516,PRCP,0,,,a,
ASN00082076,20100517,PRCP,0,,,a,
ASN00082076,20100518,PRCP,0,,,a,
ASN00082076,20100519,PRCP,0,,,a,
ASN00082076,20100520,PRCP,0,,,a,
ASN00082076,20100521,PRCP,0,,,a,
ASN00082076,20100522,PRCP,0,,,a,
ASN00082076,20100523,PRCP,0,,,a,
ASN00082076,20100524,PRCP,0,,,a,
ASN00082076,20100525,PRCP,98,,,a,
ASN00082076,20100526,PRCP,24,,,a,
ASN00082076,20100527,PRCP,0,,,a,
ASN00082076,20100528,PRCP,2,,,a,
ASN00082076,20100529,PRCP,170,,,a,
ASN00082076,20100530,PRCP,58,,,a,
ASN00082076,20100531,PRCP,0,,,a,
ASN00082076,20100601,TMAX,158,,,a,
ASN00082076,20100602,TMAX,160,,,a,
ASN00082076,20100603,TMAX,160,,,a,
ASN00082076,20100604,TMAX,160,,,a,
ASN00082076,20100605,TMAX,155,,,a,
ASN00082076,20100606,TMAX,130,,,a,
ASN00082076,20100607,TMAX,135,,,a,
ASN00082076,20100608,TMAX,90,,,a,
ASN00082076,20100609,TMAX,70,,,a,
ASN00082076,20100610,TMAX,110,,,a,
ASN00082076,20100611,TMAX,110,,,a,
ASN00082076,20100612,TMAX,110,,,a,
ASN00082076,20100613,TMAX,120,,,a,
ASN00082076,20100614,TMAX,120,,,a,
ASN00082076,20100615,TMAX,90,,,a,
ASN00082076,20100616,TMAX,140,,,a,
ASN00082076,20100617,TMAX,135,,,a,
ASN00082076,20100620,TMAX,145,,,a,
ASN00082076,20100621,TMAX,150,,,a,
ASN00082076,20100622,TMAX,118,,,a,
ASN00082076,20100623,TMAX,135,,,a,
ASN00082076,20100624,TMAX,142,,,a,
ASN00082076,20100625,TMAX,112,,,a,
ASN00082076,20100626,TMAX,104,,,a,
ASN00082076,20100627,TMAX,104,,,a,
ASN00082076,20100628,TMAX,71,,,a,
ASN00082076,20100629,TMAX,74,,,a,
ASN00082076,20100630,TMAX,72,,,a,
ASN00082076,20100601,TMIN,35,,,a,
ASN00082076,20100602,TMIN,30,,,a,
ASN00082076,20100603,TMIN,16,,,a,
ASN00082076,20100604,TMIN,30,,,a,
ASN00082076,20100605,TMIN,23,,,a,
ASN00082076,20100606,TMIN,35,,,a,
ASN00082076,20100607,TMIN,-10,,,a,
ASN00082076,20100608,TMIN,0,,,a,
ASN00082076,20100609,TMIN,25,,,a,
ASN00082076,20100610,TMIN,5,,,a,
ASN00082076,20100611,TMIN,5,,,a,
ASN00082076,20100612,TMIN,-5,,,a,
ASN00082076,20100613,TMIN,-10,,,a,
ASN00082076,20100614,TMIN,-22,,,a,
ASN00082076,20100615,TMIN,-20,,,a,
ASN00082076,20100616,TMIN,10,,,a,
ASN00082076,20100617,TMIN,50,,,a,
ASN00082076,20100618,TMIN,55,,,a,
ASN00082076,20100621,TMIN,40,,,a,
ASN00082076,20100622,TMIN,25,,,a,
ASN00082076,20100623,TMIN,28,,,a,
ASN00082076,20100624,TMIN,27,,,a,
ASN00082076,20100625,TMIN,42,,,a,
ASN00082076,20100626,TMIN,65,,,a,
ASN00082076,20100627,TMIN,-2,,,a,
ASN00082076,20100628,TMIN,-18,,,a,
ASN00082076,20100629,TMIN,8,,,a,
ASN00082076,20100630,TMIN,36,,,a,
ASN00082076,20100601,PRCP,0,,,a,
ASN00082076,20100602,PRCP,0,,,a,
ASN00082076,20100603,PRCP,0,,,a,
ASN00082076,20100604,PRCP,0,,,a,
ASN00082076,20100605,PRCP,0,,,a,
ASN00082076,20100606,PRCP,0,,,a,
ASN00082076,20100607,PRCP,0,,,a,
ASN00082076,20100608,PRCP,0,,,a,
ASN00082076,20100609,PRCP,0,,,a,
ASN00082076,20100610,PRCP,54,,,a,
ASN00082076,20100611,PRCP,0,,,a,
ASN00082076,20100612,PRCP,6,,,a,
ASN00082076,20100613,PRCP,0,,,a,
ASN00082076,20100614,PRCP,0,,,a,
ASN00082076,20100615,PRCP,0,,,a,
ASN00082076,20100616,PRCP,0,,,a,
ASN00082076,20100617,PRCP,234,,,a,
ASN00082076,20100618,PRCP,182,,,a,
ASN00082076,20100621,PRCP,0,,,a,
ASN00082076,20100622,PRCP,0,,,a,
ASN00082076,20100623,PRCP,0,,,a,
ASN00082076,20100624,PRCP,0,,,a,
ASN00082076,20100625,PRCP,0,,,a,
ASN00082076,20100626,PRCP,190,,,a,
ASN00082076,20100627,PRCP,4,,,a,
ASN00082076,20100628,PRCP,0,,,a,
ASN00082076,20100629,PRCP,0,,,a,
ASN00082076,20100630,PRCP,2,,,a,
ASN00082076,20100620,DAPR,2,,,a,
ASN00082076,20100620,DATN,2,,,a,
ASN00082076,20100619,DATX,2,,,a,
ASN00082076,20100620,MDPR,30,,,a,
ASN00082076,20100620,MDTN,74,,,a,
ASN00082076,20100619,MDTX,142,,,a,
ASN00082076,20100701,TMAX,95,,,a,
ASN00082076,20100702,TMAX,100,,,a,
ASN00082076,20100703,TMAX,120,,,a,
ASN00082076,20100704,TMAX,125,,,a,
ASN00082076,20100705,TMAX,129,,,a,
ASN00082076,20100706,TMAX,123,,,a,
ASN00082076,20100707,TMAX,135,,,a,
ASN00082076,20100708,TMAX,135,,,a,
ASN00082076,20100709,TMAX,135,,,a,
ASN00082076,20100710,TMAX,120,,,a,
ASN00082076,20100711,TMAX,143,,,a,
ASN00082076,20100712,TMAX,140,,,a,
ASN00082076,20100713,TMAX,140,,,a,
ASN00082076,20100714,TMAX,95,,,a,
ASN00082076,20100715,TMAX,115,,,a,
ASN00082076,20100716,TMAX,127,,,a,
ASN00082076,20100717,TMAX,116,,,a,
ASN00082076,20100720,TMAX,105,,,a,
ASN00082076,20100721,TMAX,120,,,a,
ASN00082076,20100722,TMAX,134,,,a,
ASN00082076,20100723,TMAX,150,,,a,
ASN00082076,20100724,TMAX,145,,,a,
ASN00082076,20100725,TMAX,131,,,a,
ASN00082076,20100726,TMAX,143,,,a,
ASN00082076,20100727,TMAX,146,,,a,
ASN00082076,20100728,TMAX,119,,,a,
ASN00082076,20100729,TMAX,125,,,a,
ASN00082076,20100730,TMAX,125,,,a,
ASN00082076,20100731,TMAX,120,,,a,
ASN00082076,20100701,TMIN,40,,,a,
ASN00082076,20100702,TMIN,-5,,,a,
ASN00082076,20100703,TMIN,-5,,,a,
ASN00082076,20100704,TMIN,5,,,a,
ASN00082076,20100705,TMIN,-5,,,a,
ASN00082076,20100706,TMIN,12,,,a,
ASN00082076,20100707,TMIN,-3,,,a,
ASN00082076,20100708,TMIN,-7,,,a,
ASN00082076,20100709,TMIN,-10,,,a,
ASN00082076,20100710,TMIN,0,,,a,
ASN00082076,20100711,TMIN,30,,,a,
ASN00082076,20100712,TMIN,52,,,a,
ASN00082076,20100713,TMIN,20,,,a,
ASN00082076,20100714,TMIN,30,,,a,
ASN00082076,20100715,TMIN,10,,,a,
ASN00082076,20100716,TMIN,5,,,a,
ASN00082076,20100717,TMIN,-4,,,a,
ASN00082076,20100718,TMIN,10,,,a,
ASN00082076,20100721,TMIN,-3,,,a,
ASN00082076,20100722,TMIN,-15,,,a,
ASN00082076,20100723,TMIN,1,,,a,
ASN00082076,20100724,TMIN,11,,,a,
ASN00082076,20100725,TMIN,5,,,a,
ASN00082076,20100726,TMIN,-8,,,a,
ASN00082076,20100727,TMIN,-15,,,a,
ASN00082076,20100728,TMIN,1,,,a,
ASN00082076,20100729,TMIN,24,,,a,
ASN00082076,20100730,TMIN,82,,,a,
ASN00082076,20100731,TMIN,76,,,a,
ASN00082076,20100701,PRCP,8,,,a,
ASN00082076,20100702,PRCP,0,,,a,
ASN00082076,20100703,PRCP,0,,,a,
ASN00082076,20100704,PRCP,0,,,a,
ASN00082076,20100705,PRCP,0,,,a,
ASN00082076,20100706,PRCP,42,,,a,
ASN00082076,20100707,PRCP,0,,,a,
ASN00082076,20100708,PRCP,0,,,a,
ASN00082076,20100709,PRCP,0,,,a,
ASN00082076,20100710,PRCP,4,,,a,
ASN00082076,20100711,PRCP,140,,,a,
ASN00082076,20100712,PRCP,2,,,a,
ASN00082076,20100713,PRCP,0,,,a,
ASN00082076,20100714,PRCP,388,,,a,
ASN00082076,20100715,PRCP,148,,,a,
ASN00082076,20100716,PRCP,4,,,a,
ASN00082076,20100717,PRCP,0,,,a,
ASN00082076,20100718,PRCP,0,,,a,
ASN00082076,20100721,PRCP,0,,,a,
ASN00082076,20100722,PRCP,0,,,a,
ASN00082076,20100723,PRCP,4,,,a,
ASN00082076,20100724,PRCP,0,,,a,
ASN00082076,20100725,PRCP,0,,,a,
ASN00082076,20100726,PRCP,0,,,a,
ASN00082076,20100727,PRCP,0,,,a,
ASN00082076,20100728,PRCP,0,,,a,
ASN00082076,20100729,PRCP,26,,,a,
ASN00082076,20100730,PRCP,26,,,a,
ASN00082076,20100731,PRCP,76,,,a,
ASN00082076,20100720,DAPR,2,,,a,
ASN00082076,20100720,DATN,2,,,a,
ASN00082076,20100719,DATX,2,,,a,
ASN00082076,20100720,MDPR,4,,,a,
ASN00082076,20100720,MDTN,-3,,,a,
ASN00082076,20100719,MDTX,118,,,a,
ASN00082076,20100801,TMAX,94,,,a,
ASN00082076,20100802,TMAX,115,,,a,
ASN00082076,20100803,TMAX,140,,,a,
ASN00082076,20100804,TMAX,90,,,a,
ASN00082076,20100805,TMAX,100,,,a,
ASN00082076,20100806,TMAX,120,,,a,
ASN00082076,20100807,TMAX,130,,,a,
ASN00082076,20100808,TMAX,120,,,a,
ASN00082076,20100809,TMAX,152,,,a,
ASN00082076,20100810,TMAX,110,,,a,
ASN00082076,20100811,TMAX,80,,,a,
ASN00082076,20100812,TMAX,130,,,a,
ASN00082076,20100813,TMAX,152,,,a,
ASN00082076,20100814,TMAX,126,,,a,
ASN00082076,20100815,TMAX,110,,,a,
ASN00082076,20100816,TMAX,118,,,a,
ASN00082076,20100817,TMAX,120,,,a,
ASN00082076,20100818,TMAX,110,,,a,
ASN00082076,20100819,TMAX,125,,,a,
ASN00082076,20100820,TMAX,92,,,a,
ASN00082076,20100821,TMAX,104,,,a,
ASN00082076,20100822,TMAX,130,,,a,
ASN00082076,20100823,TMAX,110,,,a,
ASN00082076,20100824,TMAX,114,,,a,
ASN00082076,20100825,TMAX,79,,,a,
ASN00082076,20100826,TMAX,93,,,a,
ASN00082076,20100827,TMAX,114,,,a,
ASN00082076,20100828,TMAX,140,,,a,
ASN00082076,20100829,TMAX,140,,,a,
ASN00082076,20100830,TMAX,155,,,a,
ASN00082076,20100831,TMAX,135,,,a,
ASN00082076,20100801,TMIN,75,,,a,
ASN00082076,20100802,TMIN,30,,,a,
ASN00082076,20100803,TMIN,40,,,a,
ASN00082076,20100804,TMIN,33,,,a,
ASN00082076,20100805,TMIN,50,,,a,
ASN00082076,20100806,TMIN,10,,,a,
ASN00082076,20100807,TMIN,-10,,,a,
ASN00082076,20100808,TMIN,-22,,,a,
ASN00082076,20100809,TMIN,-5,,,a,
ASN00082076,20100810,TMIN,25,,,a,
ASN00082076,20100811,TMIN,45,,,a,
ASN00082076,20100812,TMIN,20,,,a,
ASN00082076,20100813,TMIN,28,,,a,
ASN00082076,20100814,TMIN,43,,,a,
ASN00082076,20100815,TMIN,66,,,a,
ASN00082076,20100816,TMIN,68,,,a,
ASN00082076,20100817,TMIN,7,,,a,
ASN00082076,20100818,TMIN,6,,,a,
ASN00082076,20100819,TMIN,30,,,a,
ASN00082076,20100820,TMIN,49,,,a,
ASN00082076,20100821,TMIN,51,,,a,
ASN00082076,20100822,TMIN,29,,,a,
ASN00082076,20100823,TMIN,20,,,a,
ASN00082076,20100824,TMIN,41,,,a,
ASN00082076,20100825,TMIN,13,,,a,
ASN00082076,20100826,TMIN,47,,,a,
ASN00082076,20100827,TMIN,50,,,a,
ASN00082076,20100828,TMIN,1,,,a,
ASN00082076,20100829,TMIN,-1,,,a,
ASN00082076,20100830,TMIN,13,,,a,
ASN00082076,20100831,TMIN,20,,,a,
ASN00082076,20100801,PRCP,82,,,a,
ASN00082076,20100802,PRCP,164,,,a,
ASN00082076,20100803,PRCP,6,,,a,
ASN00082076,20100804,PRCP,0,,,a,
ASN00082076,20100805,PRCP,20,,,a,
ASN00082076,20100806,PRCP,4,,,a,
ASN00082076,20100807,PRCP,0,,,a,
ASN00082076,20100808,PRCP,0,,,a,
ASN00082076,20100809,PRCP,0,,,a,
ASN00082076,20100810,PRCP,12,,,a,
ASN00082076,20100811,PRCP,210,,,a,
ASN00082076,20100812,PRCP,114,,,a,
ASN00082076,20100813,PRCP,6,,,a,
ASN00082076,20100814,PRCP,0,,,a,
ASN00082076,20100815,PRCP,96,,,a,
ASN00082076,20100816,PRCP,46,,,a,
ASN00082076,20100817,PRCP,58,,,a,
ASN00082076,20100818,PRCP,0,,,a,
ASN00082076,20100819,PRCP,222,,,a,
ASN00082076,20100820,PRCP,78,,,a,
ASN00082076,20100821,PRCP,50,,,a,
ASN00082076,20100822,PRCP,8,,,a,
ASN00082076,20100823,PRCP,2,,,a,
ASN00082076,20100824,PRCP,12,,,a,
ASN00082076,20100825,PRCP,80,,,a,
ASN00082076,20100826,PRCP,246,,,a,
ASN00082076,20100827,PRCP,44,,,a,
ASN00082076,20100828,PRCP,0,,,a,
ASN00082076,20100829,PRCP,0,,,a,
ASN00082076,20100830,PRCP,0,,,a,
ASN00082076,20100831,PRCP,0,,,a,
ASN00082076,20100901,TMAX,152,,,a,
ASN00082076,20100902,TMAX,130,,,a,
ASN00082076,20100903,TMAX,160,,,a,
ASN00082076,20100904,TMAX,160,,,a,
ASN00082076,20100905,TMAX,133,,,a,
ASN00082076,20100906,TMAX,128,,,a,
ASN00082076,20100907,TMAX,140,,,a,
ASN00082076,20100908,TMAX,145,,,a,
ASN00082076,20100909,TMAX,118,,,a,
ASN00082076,20100910,TMAX,110,,,a,
ASN00082076,20100911,TMAX,150,,,a,
ASN00082076,20100912,TMAX,158,,,a,
ASN00082076,20100913,TMAX,162,,,a,
ASN00082076,20100914,TMAX,162,,,a,
ASN00082076,20100915,TMAX,144,,,a,
ASN00082076,20100916,TMAX,129,,,a,
ASN00082076,20100917,TMAX,137,,,a,
ASN00082076,20100918,TMAX,127,,,a,
ASN00082076,20100919,TMAX,175,,,a,
ASN00082076,20100920,TMAX,199,,,a,
ASN00082076,20100921,TMAX,216,,,a,
ASN00082076,20100922,TMAX,201,,,a,
ASN00082076,20100923,TMAX,200,,,a,
ASN00082076,20100924,TMAX,198,,,a,
ASN00082076,20100925,TMAX,155,,,a,
ASN00082076,20100926,TMAX,205,,,a,
ASN00082076,20100927,TMAX,190,,,a,
ASN00082076,20100928,TMAX,142,,,a,
ASN00082076,20100929,TMAX,140,,,a,
ASN00082076,20100930,TMAX,155,,,a,
ASN00082076,20100901,TMIN,42,,,a,
ASN00082076,20100902,TMIN,82,,,a,
ASN00082076,20100903,TMIN,58,,,a,
ASN00082076,20100904,TMIN,60,,,a,
ASN00082076,20100905,TMIN,85,,,a,
ASN00082076,20100906,TMIN,62,,,a,
ASN00082076,20100907,TMIN,10,,,a,
ASN00082076,20100908,TMIN,5,,,a,
ASN00082076,20100909,TMIN,45,,,a,
ASN00082076,20100910,TMIN,80,,,a,
ASN00082076,20100911,TMIN,23,,,a,
ASN00082076,20100912,TMIN,43,,,a,
ASN00082076,20100913,TMIN,68,,,a,
ASN00082076,20100914,TMIN,42,,,a,
ASN00082076,20100915,TMIN,42,,,a,
ASN00082076,20100916,TMIN,70,,,a,
ASN00082076,20100917,TMIN,8,,,a,
ASN00082076,20100918,TMIN,30,,,a,
ASN00082076,20100919,TMIN,54,,,a,
ASN00082076,20100920,TMIN,31,,,a,
ASN00082076,20100921,TMIN,56,,,a,
ASN00082076,20100922,TMIN,87,,,a,
ASN00082076,20100923,TMIN,84,,,a,
ASN00082076,20100924,TMIN,48,,,a,
ASN00082076,20100925,TMIN,65,,,a,
ASN00082076,20100926,TMIN,55,,,a,
ASN00082076,20100927,TMIN,40,,,a,
ASN00082076,20100928,TMIN,55,,,a,
ASN00082076,20100929,TMIN,6,,,a,
ASN00082076,20100930,TMIN,-13,,,a,
ASN00082076,20100901,PRCP,0,,,a,
ASN00082076,20100902,PRCP,62,,,a,
ASN00082076,20100903,PRCP,6,,,a,
ASN00082076,20100904,PRCP,130,,,a,
ASN00082076,20100905,PRCP,630,,,a,
ASN00082076,20100906,PRCP,34,,,a,
ASN00082076,20100907,PRCP,30,,,a,
ASN00082076,20100908,PRCP,0,,,a,
ASN00082076,20100909,PRCP,0,,,a,
ASN00082076,20100910,PRCP,70,,,a,
ASN00082076,20100911,PRCP,78,,,a,
ASN00082076,20100912,PRCP,0,,,a,
ASN00082076,20100913,PRCP,0,,,a,
ASN00082076,20100914,PRCP,34,,,a,
ASN00082076,20100915,PRCP,0,,,a,
ASN00082076,20100916,PRCP,36,,,a,
ASN00082076,20100917,PRCP,4,,,a,
ASN00082076,20100918,PRCP,0,,,a,
ASN00082076,20100919,PRCP,0,,,a,
ASN00082076,20100920,PRCP,0,,,a,
ASN00082076,20100921,PRCP,0,,,a,
ASN00082076,20100922,PRCP,0,,,a,
ASN00082076,20100923,PRCP,0,,,a,
ASN00082076,20100924,PRCP,0,,,a,
ASN00082076,20100925,PRCP,0,,,a,
ASN00082076,20100926,PRCP,0,,,a,
ASN00082076,20100927,PRCP,0,,,a,
ASN00082076,20100928,PRCP,12,,,a,
ASN00082076,20100929,PRCP,0,,,a,
ASN00082076,20100930,PRCP,0,,,a,
ASN00082076,20101001,TMAX,180,,,a,
ASN00082076,20101002,TMAX,210,,,a,
ASN00082076,20101005,TMAX,250,,,a,
ASN00082076,20101006,TMAX,231,,,a,
ASN00082076,20101007,TMAX,154,,,a,
ASN00082076,20101008,TMAX,188,,,a,
ASN00082076,20101009,TMAX,210,,,a,
ASN00082076,20101012,TMAX,176,,,a,
ASN00082076,20101013,TMAX,182,,,a,
ASN00082076,20101014,TMAX,183,,,a,
ASN00082076,20101015,TMAX,168,,,a,
ASN00082076,20101016,TMAX,103,,,a,
ASN00082076,20101017,TMAX,129,,,a,
ASN00082076,20101018,TMAX,180,,,a,
ASN00082076,20101019,TMAX,196,,,a,
ASN00082076,20101020,TMAX,221,,,a,
ASN00082076,20101021,TMAX,236,,,a,
ASN00082076,20101022,TMAX,254,,,a,
ASN00082076,20101023,TMAX,178,,,a,
ASN00082076,20101024,TMAX,220,,,a,
ASN00082076,20101025,TMAX,219,,,a,
ASN00082076,20101026,TMAX,223,,,a,
ASN00082076,20101027,TMAX,225,,,a,
ASN00082076,20101028,TMAX,240,,,a,
ASN00082076,20101029,TMAX,250,,,a,
ASN00082076,20101030,TMAX,189,,,a,
ASN00082076,20101031,TMAX,186,,,a,
ASN00082076,20101001,TMIN,18,,,a,
ASN00082076,20101002,TMIN,25,,,a,
ASN00082076,20101003,TMIN,58,,,a,
ASN00082076,20101006,TMIN,95,,,a,
ASN00082076,20101007,TMIN,95,,,a,
ASN00082076,20101008,TMIN,28,,,a,
ASN00082076,20101009,TMIN,55,,,a,
ASN00082076,20101010,TMIN,95,,,a,
ASN00082076,20101013,TMIN,135,,,a,
ASN00082076,20101014,TMIN,135,,,a,
ASN00082076,20101015,TMIN,115,,,a,
ASN00082076,20101016,TMIN,31,,,a,
ASN00082076,20101017,TMIN,31,,,a,
ASN00082076,20101018,TMIN,83,,,a,
ASN00082076,20101019,TMIN,30,,,a,
ASN00082076,20101020,TMIN,45,,,a,
ASN00082076,20101021,TMIN,59,,,a,
ASN00082076,20101022,TMIN,64,,,a,
ASN00082076,20101023,TMIN,123,,,a,
ASN00082076,20101024,TMIN,92,,,a,
ASN00082076,20101025,TMIN,102,,,a,
ASN00082076,20101026,TMIN,68,,,a,
ASN00082076,20101027,TMIN,90,,,a,
ASN00082076,20101028,TMIN,107,,,a,
ASN00082076,20101029,TMIN,89,,,a,
ASN00082076,20101030,TMIN,125,,,a,
ASN00082076,20101031,TMIN,132,,,a,
ASN00082076,20101001,PRCP,0,,,a,
ASN00082076,20101002,PRCP,0,,,a,
ASN00082076,20101003,PRCP,0,,,a,
ASN00082076,20101004,PRCP,0,,,a,
ASN00082076,20101005,PRCP,0,,,a,
ASN00082076,20101006,PRCP,0,,,a,
ASN00082076,20101007,PRCP,160,,,a,
ASN00082076,20101008,PRCP,0,,,a,
ASN00082076,20101009,PRCP,0,,,a,
ASN00082076,20101010,PRCP,0,,,a,
ASN00082076,20101013,PRCP,66,,,a,
ASN00082076,20101014,PRCP,176,,,a,
ASN00082076,20101015,PRCP,186,,,a,
ASN00082076,20101016,PRCP,816,,,a,
ASN00082076,20101017,PRCP,42,,,a,
ASN00082076,20101018,PRCP,0,,,a,
ASN00082076,20101019,PRCP,0,,,a,
ASN00082076,20101020,PRCP,0,,,a,
ASN00082076,20101021,PRCP,0,,,a,
ASN00082076,20101022,PRCP,0,,,a,
ASN00082076,20101023,PRCP,8,,,a,
ASN00082076,20101024,PRCP,74,,,a,
ASN00082076,20101025,PRCP,0,,,a,
ASN00082076,20101026,PRCP,0,,,a,
ASN00082076,20101027,PRCP,66,,,a,
ASN00082076,20101028,PRCP,0,,,a,
ASN00082076,20101029,PRCP,0,,,a,
ASN00082076,20101030,PRCP,6,,,a,
ASN00082076,20101031,PRCP,742,,,a,
ASN00082076,20101012,DAPR,2,,,a,
ASN00082076,20101005,DATN,2,,,a,
ASN00082076,20101012,DATN,2,,,a,
ASN00082076,20101004,DATX,2,,,a,
ASN00082076,20101011,DATX,2,,,a,
ASN00082076,20101012,MDPR,12,,,a,
ASN00082076,20101005,MDTN,80,,,a,
ASN00082076,20101012,MDTN,50,,,a,
ASN00082076,20101004,MDTX,230,,,a,
ASN00082076,20101011,MDTX,240,,,a,
ASN00082076,20101103,TMAX,185,,,a,
ASN00082076,20101104,TMAX,161,,,a,
ASN00082076,20101105,TMAX,185,,,a,
ASN00082076,20101106,TMAX,222,,,a,
ASN00082076,20101107,TMAX,236,,,a,
ASN00082076,20101108,TMAX,230,,,a,
ASN00082076,20101109,TMAX,270,,,a,
ASN00082076,20101110,TMAX,260,,,a,
ASN00082076,20101111,TMAX,282,,,a,
ASN00082076,20101112,TMAX,304,,,a,
ASN00082076,20101113,TMAX,250,,,a,
ASN00082076,20101114,TMAX,221,,,a,
ASN00082076,20101115,TMAX,225,,,a,
ASN00082076,20101116,TMAX,189,,,a,
ASN00082076,20101117,TMAX,232,,,a,
ASN00082076,20101118,TMAX,235,,,a,
ASN00082076,20101119,TMAX,238,,,a,
ASN00082076,20101122,TMAX,295,,,a,
ASN00082076,20101123,TMAX,278,,,a,
ASN00082076,20101124,TMAX,278,,,a,
ASN00082076,20101125,TMAX,260,,,a,
ASN00082076,20101126,TMAX,240,,,a,
ASN00082076,20101127,TMAX,245,,,a,
ASN00082076,20101128,TMAX,205,,,a,
ASN00082076,20101129,TMAX,185,,,a,
ASN00082076,20101130,TMAX,222,,,a,
ASN00082076,20101101,TMIN,106,,,a,
ASN00082076,20101104,TMIN,96,,,a,
ASN00082076,20101105,TMIN,96,,,a,
ASN00082076,20101106,TMIN,48,,,a,
ASN00082076,20101107,TMIN,64,,,a,
ASN00082076,20101108,TMIN,111,,,a,
ASN00082076,20101109,TMIN,98,,,a,
ASN00082076,20101110,TMIN,132,,,a,
ASN00082076,20101111,TMIN,123,,,a,
ASN00082076,20101112,TMIN,142,,,a,
ASN00082076,20101113,TMIN,157,,,a,
ASN00082076,20101114,TMIN,190,,,a,
ASN00082076,20101115,TMIN,166,,,a,
ASN00082076,20101116,TMIN,100,,,a,
ASN00082076,20101117,TMIN,65,,,a,
ASN00082076,20101118,TMIN,63,,,a,
ASN00082076,20101119,TMIN,106,,,a,
ASN00082076,20101120,TMIN,86,,,a,
ASN00082076,20101123,TMIN,126,,,a,
ASN00082076,20101124,TMIN,152,,,a,
ASN00082076,20101125,TMIN,152,,,a,
ASN00082076,20101126,TMIN,165,,,a,
ASN00082076,20101127,TMIN,140,,,a,
ASN00082076,20101128,TMIN,162,,,a,
ASN00082076,20101129,TMIN,120,,,a,
ASN00082076,20101130,TMIN,125,,,a,
ASN00082076,20101101,PRCP,14,,,a,
ASN00082076,20101104,PRCP,0,,,a,
ASN00082076,20101105,PRCP,0,,,a,
ASN00082076,20101106,PRCP,0,,,a,
ASN00082076,20101107,PRCP,0,,,a,
ASN00082076,20101108,PRCP,128,,,a,
ASN00082076,20101109,PRCP,26,,,a,
ASN00082076,20101110,PRCP,0,,,a,
ASN00082076,20101111,PRCP,2,,,a,
ASN00082076,20101112,PRCP,0,,,a,
ASN00082076,20101113,PRCP,0,,,a,
ASN00082076,20101114,PRCP,346,,,a,
ASN00082076,20101115,PRCP,40,,,a,
ASN00082076,20101116,PRCP,0,,,a,
ASN00082076,20101117,PRCP,0,,,a,
ASN00082076,20101118,PRCP,0,,,a,
ASN00082076,20101119,PRCP,0,,,a,
ASN00082076,20101120,PRCP,0,,,a,
ASN00082076,20101121,PRCP,0,,,a,
ASN00082076,20101122,PRCP,0,,,a,
ASN00082076,20101123,PRCP,0,,,a,
ASN00082076,20101124,PRCP,0,,,a,
ASN00082076,20101125,PRCP,0,,,a,
ASN00082076,20101126,PRCP,12,,,a,
ASN00082076,20101127,PRCP,280,,,a,
ASN00082076,20101128,PRCP,280,,,a,
ASN00082076,20101129,PRCP,50,,,a,
ASN00082076,20101130,PRCP,22,,,a,
ASN00082076,20101103,DAPR,2,,,a,
ASN00082076,20101103,DATN,2,,,a,
ASN00082076,20101122,DATN,2,,,a,
ASN00082076,20101102,DATX,2,,,a,
ASN00082076,20101121,DATX,2,,,a,
ASN00082076,20101103,MDPR,8,,,a,
ASN00082076,20101103,MDTN,60,,,a,
ASN00082076,20101122,MDTN,104,,,a,
ASN00082076,20101102,MDTX,190,,,a,
ASN00082076,20101121,MDTX,286,,,a,
ASN00082076,20101201,TMAX,238,,,a,
ASN00082076,20101202,TMAX,246,,,a,
ASN00082076,20101203,TMAX,260,,,a,
ASN00082076,20101204,TMAX,285,,,a,
ASN00082076,20101207,TMAX,280,,,a,
ASN00082076,20101208,TMAX,245,,,a,
ASN00082076,20101209,TMAX,254,,,a,
ASN00082076,20101210,TMAX,223,,,a,
ASN00082076,20101211,TMAX,217,,,a,
ASN00082076,20101212,TMAX,214,,,a,
ASN00082076,20101213,TMAX,245,,,a,
ASN00082076,20101214,TMAX,273,,,a,
ASN00082076,20101215,TMAX,285,,,a,
ASN00082076,20101216,TMAX,245,,,a,
ASN00082076,20101217,TMAX,235,,,a,
ASN00082076,20101218,TMAX,170,,,a,
ASN00082076,20101219,TMAX,151,,,a,
ASN00082076,20101220,TMAX,175,,,a,
ASN00082076,20101221,TMAX,185,,,a,
ASN00082076,20101222,TMAX,250,,,a,
ASN00082076,20101223,TMAX,284,,,a,
ASN00082076,20101224,TMAX,295,,,a,
ASN00082076,20101225,TMAX,268,,,a,
ASN00082076,20101226,TMAX,267,,,a,
ASN00082076,20101227,TMAX,205,,,a,
ASN00082076,20101228,TMAX,250,,,a,
ASN00082076,20101229,TMAX,287,,,a,
ASN00082076,20101230,TMAX,317,,,a,
ASN00082076,20101231,TMAX,353,,,a,
ASN00082076,20101201,TMIN,142,,,a,
ASN00082076,20101202,TMIN,146,,,a,
ASN00082076,20101203,TMIN,127,,,a,
ASN00082076,20101204,TMIN,142,,,a,
ASN00082076,20101205,TMIN,137,,,a,
ASN00082076,20101208,TMIN,193,,,a,
ASN00082076,20101209,TMIN,174,,,a,
ASN00082076,20101210,TMIN,135,,,a,
ASN00082076,20101211,TMIN,111,,,a,
ASN00082076,20101212,TMIN,137,,,a,
ASN00082076,20101213,TMIN,77,,,a,
ASN00082076,20101214,TMIN,109,,,a,
ASN00082076,20101215,TMIN,121,,,a,
ASN00082076,20101216,TMIN,145,,,a,
ASN00082076,20101217,TMIN,80,,,a,
ASN00082076,20101218,TMIN,115,,,a,
ASN00082076,20101219,TMIN,91,,,a,
ASN00082076,20101220,TMIN,69,,,a,
ASN00082076,20101221,TMIN,85,,,a,
ASN00082076,20101222,TMIN,66,,,a,
ASN00082076,20101223,TMIN,91,,,a,
ASN00082076,20101224,TMIN,122,,,a,
ASN00082076,20101225,TMIN,135,,,a,
ASN00082076,20101226,TMIN,150,,,a,
ASN00082076,20101227,TMIN,116,,,a,
ASN00082076,20101228,TMIN,65,,,a,
ASN00082076,20101229,TMIN,100,,,a,
ASN00082076,20101230,TMIN,118,,,a,
ASN00082076,20101231,TMIN,127,,,a,
ASN00082076,20101201,PRCP,28,,,a,
ASN00082076,20101202,PRCP,12,,,a,
ASN00082076,20101203,PRCP,74,,,a,
ASN00082076,20101204,PRCP,2,,,a,
ASN00082076,20101205,PRCP,0,,,a,
ASN00082076,20101206,PRCP,0,,,a,
ASN00082076,20101207,PRCP,0,,,a,
ASN00082076,20101208,PRCP,2,,,a,
ASN00082076,20101209,PRCP,492,,,a,
ASN00082076,20101210,PRCP,0,,,a,
ASN00082076,20101211,PRCP,0,,,a,
ASN00082076,20101212,PRCP,0,,,a,
ASN00082076,20101213,PRCP,0,,,a,
ASN00082076,20101214,PRCP,0,,,a,
ASN00082076,20101215,PRCP,0,,,a,
ASN00082076,20101216,PRCP,76,,,a,
ASN00082076,20101217,PRCP,0,,,a,
ASN00082076,20101218,PRCP,22,,,a,
ASN00082076,20101219,PRCP,108,,,a,
ASN00082076,20101220,PRCP,256,,,a,
ASN00082076,20101221,PRCP,28,,,a,
ASN00082076,20101222,PRCP,0,,,a,
ASN00082076,20101223,PRCP,0,,,a,
ASN00082076,20101224,PRCP,0,,,a,
ASN00082076,20101225,PRCP,0,,,a,
ASN00082076,20101226,PRCP,6,,,a,
ASN00082076,20101227,PRCP,0,,,a,
ASN00082076,20101228,PRCP,0,,,a,
ASN00082076,20101229,PRCP,0,,,a,
ASN00082076,20101230,PRCP,0,,,a,
ASN00082076,20101231,PRCP,0,,,a,
ASN00082076,20101207,DATN,2,,,a,
ASN00082076,20101206,DATX,2,,,a,
ASN00082076,20101207,MDTN,165,,,a,
ASN00082076,20101206,MDTX,292,,,a,
ASN00082076,20110101,TMAX,333,,,a,
ASN00082076,20110102,TMAX,311,,,a,
ASN00082076,20110103,TMAX,262,,,a,
ASN00082076,20110104,TMAX,282,,,a,
ASN00082076,20110105,TMAX,269,,,a,
ASN00082076,20110106,TMAX,300,,,a,
ASN00082076,20110107,TMAX,297,,,a,
ASN00082076,20110108,TMAX,309,,,a,
ASN00082076,20110109,TMAX,295,,,a,
ASN00082076,20110110,TMAX,305,,,a,
ASN00082076,20110111,TMAX,250,,,a,
ASN00082076,20110112,TMAX,278,,,a,
ASN00082076,20110113,TMAX,289,,,a,
ASN00082076,20110114,TMAX,235,,,a,
ASN00082076,20110115,TMAX,310,,,a,
ASN00082076,20110116,TMAX,322,,,a,
ASN00082076,20110117,TMAX,274,,,a,
ASN00082076,20110118,TMAX,273,,,a,
ASN00082076,20110119,TMAX,280,,,a,
ASN00082076,20110120,TMAX,301,,,a,
ASN00082076,20110121,TMAX,293,,,a,
ASN00082076,20110122,TMAX,322,,,a,
ASN00082076,20110123,TMAX,305,,,a,
ASN00082076,20110124,TMAX,273,,,a,
ASN00082076,20110125,TMAX,296,,,a,
ASN00082076,20110126,TMAX,341,,,a,
ASN00082076,20110127,TMAX,311,,,a,
ASN00082076,20110128,TMAX,296,,,a,
ASN00082076,20110129,TMAX,299,,,a,
ASN00082076,20110130,TMAX,340,,,a,
ASN00082076,20110131,TMAX,362,,,a,
ASN00082076,20110101,TMIN,186,,,a,
ASN00082076,20110102,TMIN,194,,,a,
ASN00082076,20110103,TMIN,150,,,a,
ASN00082076,20110104,TMIN,134,,,a,
ASN00082076,20110105,TMIN,149,,,a,
ASN00082076,20110106,TMIN,156,,,a,
ASN00082076,20110107,TMIN,131,,,a,
ASN00082076,20110108,TMIN,148,,,a,
ASN00082076,20110109,TMIN,174,,,a,
ASN00082076,20110110,TMIN,179,,,a,
ASN00082076,20110111,TMIN,186,,,a,
ASN00082076,20110112,TMIN,200,,,a,
ASN00082076,20110113,TMIN,201,,,a,
ASN00082076,20110114,TMIN,202,,,a,
ASN00082076,20110115,TMIN,190,,,a,
ASN00082076,20110116,TMIN,174,,,a,
ASN00082076,20110117,TMIN,165,,,a,
ASN00082076,20110118,TMIN,148,,,a,
ASN00082076,20110119,TMIN,134,,,a,
ASN00082076,20110120,TMIN,129,,,a,
ASN00082076,20110121,TMIN,145,,,a,
ASN00082076,20110122,TMIN,158,,,a,
ASN00082076,20110123,TMIN,174,,,a,
ASN00082076,20110124,TMIN,169,,,a,
ASN00082076,20110125,TMIN,133,,,a,
ASN00082076,20110126,TMIN,160,,,a,
ASN00082076,20110127,TMIN,141,,,a,
ASN00082076,20110128,TMIN,160,,,a,
ASN00082076,20110129,TMIN,124,,,a,
ASN00082076,20110130,TMIN,134,,,a,
ASN00082076,20110131,TMIN,161,,,a,
ASN00082076,20110101,PRCP,0,,,a,
ASN00082076,20110102,PRCP,2,,,a,
ASN00082076,20110103,PRCP,0,,,a,
ASN00082076,20110104,PRCP,0,,,a,
ASN00082076,20110105,PRCP,0,,,a,
ASN00082076,20110106,PRCP,0,,,a,
ASN00082076,20110107,PRCP,0,,,a,
ASN00082076,20110108,PRCP,0,,,a,
ASN00082076,20110109,PRCP,0,,,a,
ASN00082076,20110110,PRCP,116,,,a,
ASN00082076,20110111,PRCP,168,,,a,
ASN00082076,20110112,PRCP,86,,,a,
ASN00082076,20110113,PRCP,270,,,a,
ASN00082076,20110114,PRCP,10,,,a,
ASN00082076,20110115,PRCP,168,,,a,
ASN00082076,20110116,PRCP,0,,,a,
ASN00082076,20110117,PRCP,0,,,a,
ASN00082076,20110118,PRCP,0,,,a,
ASN00082076,20110119,PRCP,0,,,a,
ASN00082076,20110120,PRCP,0,,,a,
ASN00082076,20110121,PRCP,0,,,a,
ASN00082076,20110122,PRCP,0,,,a,
ASN00082076,20110123,PRCP,44,,,a,
ASN00082076,20110124,PRCP,0,,,a,
ASN00082076,20110125,PRCP,0,,,a,
ASN00082076,20110126,PRCP,12,,,a,
ASN00082076,20110127,PRCP,0,,,a,
ASN00082076,20110128,PRCP,0,,,a,
ASN00082076,20110129,PRCP,0,,,a,
ASN00082076,20110130,PRCP,0,,,a,
ASN00082076,20110131,PRCP,0,,,a,
ASN00082076,20110201,TMAX,371,,,a,
ASN00082076,20110202,TMAX,300,,,a,
ASN00082076,20110203,TMAX,354,,,a,
ASN00082076,20110204,TMAX,280,,,a,
ASN00082076,20110205,TMAX,230,,,a,
ASN00082076,20110206,TMAX,180,,,a,
ASN00082076,20110207,TMAX,250,,,a,
ASN00082076,20110208,TMAX,252,,,a,
ASN00082076,20110209,TMAX,280,,,a,
ASN00082076,20110210,TMAX,280,,,a,
ASN00082076,20110211,TMAX,220,,,a,
ASN00082076,20110212,TMAX,245,,,a,
ASN00082076,20110213,TMAX,248,,,a,
ASN00082076,20110214,TMAX,276,,,a,
ASN00082076,20110215,TMAX,270,,,a,
ASN00082076,20110216,TMAX,217,,,a,
ASN00082076,20110217,TMAX,275,,,a,
ASN00082076,20110218,TMAX,286,,,a,
ASN00082076,20110219,TMAX,265,,,a,
ASN00082076,20110220,TMAX,245,,,a,
ASN00082076,20110221,TMAX,212,,,a,
ASN00082076,20110222,TMAX,234,,,a,
ASN00082076,20110223,TMAX,274,,,a,
ASN00082076,20110224,TMAX,275,,,a,
ASN00082076,20110225,TMAX,282,,,a,
ASN00082076,20110226,TMAX,287,,,a,
ASN00082076,20110227,TMAX,244,,,a,
ASN00082076,20110228,TMAX,278,,,a,
ASN00082076,20110201,TMIN,184,,,a,
ASN00082076,20110202,TMIN,182,,,a,
ASN00082076,20110203,TMIN,212,,,a,
ASN00082076,20110204,TMIN,212,,,a,
ASN00082076,20110205,TMIN,207,,,a,
ASN00082076,20110206,TMIN,154,,,a,
ASN00082076,20110207,TMIN,77,,,a,
ASN00082076,20110208,TMIN,86,,,a,
ASN00082076,20110209,TMIN,140,,,a,
ASN00082076,20110211,TMIN,195,,,a,
ASN00082076,20110212,TMIN,178,,,a,
ASN00082076,20110213,TMIN,165,,,a,
ASN00082076,20110214,TMIN,153,,,a,
ASN00082076,20110215,TMIN,139,,,a,
ASN00082076,20110216,TMIN,160,,,a,
ASN00082076,20110217,TMIN,178,,,a,
ASN00082076,20110218,TMIN,184,,,a,
ASN00082076,20110219,TMIN,198,,,a,
ASN00082076,20110220,TMIN,160,,,a,
ASN00082076,20110221,TMIN,94,,,a,
ASN00082076,20110222,TMIN,100,,,a,
ASN00082076,20110223,TMIN,95,,,a,
ASN00082076,20110224,TMIN,102,,,a,
ASN00082076,20110225,TMIN,131,,,a,
ASN00082076,20110226,TMIN,126,,,a,
ASN00082076,20110227,TMIN,174,,,a,
ASN00082076,20110228,TMIN,152,,,a,
ASN00082076,20110201,PRCP,0,,,a,
ASN00082076,20110202,PRCP,0,,,a,
ASN00082076,20110203,PRCP,468,,,a,
ASN00082076,20110204,PRCP,56,,,a,
ASN00082076,20110205,PRCP,832,,,a,
ASN00082076,20110206,PRCP,390,,,a,
ASN00082076,20110207,PRCP,20,,,a,
ASN00082076,20110208,PRCP,0,,,a,
ASN00082076,20110209,PRCP,0,,,a,
ASN00082076,20110210,PRCP,0,,,a,
ASN00082076,20110211,PRCP,148,,,a,
ASN00082076,20110212,PRCP,664,,,a,
ASN00082076,20110213,PRCP,0,,,a,
ASN00082076,20110214,PRCP,0,,,a,
ASN00082076,20110215,PRCP,0,,,a,
ASN00082076,20110216,PRCP,0,,,a,
ASN00082076,20110217,PRCP,28,,,a,
ASN00082076,20110218,PRCP,0,,,a,
ASN00082076,20110219,PRCP,114,,,a,
ASN00082076,20110220,PRCP,304,,,a,
ASN00082076,20110221,PRCP,0,,,a,
ASN00082076,20110222,PRCP,0,,,a,
ASN00082076,20110223,PRCP,0,,,a,
ASN00082076,20110224,PRCP,0,,,a,
ASN00082076,20110225,PRCP,0,,,a,
ASN00082076,20110226,PRCP,0,,,a,
ASN00082076,20110227,PRCP,14,,,a,
ASN00082076,20110228,PRCP,14,,,a,
ASN00082076,20110301,TMAX,221,,,a,
ASN00082076,20110302,TMAX,223,,,a,
ASN00082076,20110303,TMAX,220,,,a,
ASN00082076,20110304,TMAX,220,,,a,
ASN00082076,20110305,TMAX,226,,,a,
ASN00082076,20110306,TMAX,250,,,a,
ASN00082076,20110307,TMAX,258,,,a,
ASN00082076,20110308,TMAX,265,,,a,
ASN00082076,20110309,TMAX,251,,,a,
ASN00082076,20110310,TMAX,212,,,a,
ASN00082076,20110311,TMAX,255,,,a,
ASN00082076,20110312,TMAX,250,,,a,
ASN00082076,20110313,TMAX,270,,,a,
ASN00082076,20110314,TMAX,222,,,a,
ASN00082076,20110315,TMAX,266,,,a,
ASN00082076,20110316,TMAX,240,,,a,
ASN00082076,20110317,TMAX,252,,,a,
ASN00082076,20110318,TMAX,255,,,a,
ASN00082076,20110319,TMAX,265,,,a,
ASN00082076,20110320,TMAX,264,,,a,
ASN00082076,20110321,TMAX,228,,,a,
ASN00082076,20110322,TMAX,258,,,a,
ASN00082076,20110323,TMAX,170,,,a,
ASN00082076,20110324,TMAX,201,,,a,
ASN00082076,20110325,TMAX,189,,,a,
ASN00082076,20110326,TMAX,212,,,a,
ASN00082076,20110327,TMAX,227,,,a,
ASN00082076,20110328,TMAX,243,,,a,
ASN00082076,20110329,TMAX,239,,,a,
ASN00082076,20110330,TMAX,227,,,a,
ASN00082076,20110331,TMAX,192,,,a,
ASN00082076,20110301,TMIN,186,,,a,
ASN00082076,20110302,TMIN,101,,,a,
ASN00082076,20110303,TMIN,77,,,a,
ASN00082076,20110304,TMIN,68,,,a,
ASN00082076,20110305,TMIN,112,,,a,
ASN00082076,20110306,TMIN,86,,,a,
ASN00082076,20110307,TMIN,95,,,a,
ASN00082076,20110308,TMIN,105,,,a,
ASN00082076,20110309,TMIN,141,,,a,
ASN00082076,20110310,TMIN,161,,,a,
ASN00082076,20110311,TMIN,180,,,a,
ASN00082076,20110312,TMIN,165,,,a,
ASN00082076,20110313,TMIN,170,,,a,
ASN00082076,20110314,TMIN,185,,,a,
ASN00082076,20110315,TMIN,137,,,a,
ASN00082076,20110316,TMIN,162,,,a,
ASN00082076,20110323,TMIN,155,,,a,
ASN00082076,20110324,TMIN,128,,,a,
ASN00082076,20110325,TMIN,128,,,a,
ASN00082076,20110326,TMIN,124,,,a,
ASN00082076,20110327,TMIN,92,,,a,
ASN00082076,20110328,TMIN,81,,,a,
ASN00082076,20110329,TMIN,98,,,a,
ASN00082076,20110330,TMIN,112,,,a,
ASN00082076,20110331,TMIN,112,,,a,
ASN00082076,20110301,PRCP,88,,,a,
ASN00082076,20110302,PRCP,0,,,a,
ASN00082076,20110303,PRCP,0,,,a,
ASN00082076,20110304,PRCP,0,,,a,
ASN00082076,20110305,PRCP,0,,,a,
ASN00082076,20110306,PRCP,0,,,a,
ASN00082076,20110307,PRCP,0,,,a,
ASN00082076,20110308,PRCP,0,,,a,
ASN00082076,20110309,PRCP,0,,,a,
ASN00082076,20110310,PRCP,48,,,a,
ASN00082076,20110311,PRCP,36,,,a,
ASN00082076,20110312,PRCP,84,,,a,
ASN00082076,20110313,PRCP,162,,,a,
ASN00082076,20110314,PRCP,196,,,a,
ASN00082076,20110315,PRCP,0,,,a,
ASN00082076,20110316,PRCP,2,,,a,
ASN00082076,20110317,PRCP,84,,,a,
ASN00082076,20110318,PRCP,0,,,a,
ASN00082076,20110319,PRCP,0,,,a,
ASN00082076,20110320,PRCP,0,,,a,
ASN00082076,20110321,PRCP,0,,,a,
ASN00082076,20110322,PRCP,26,,,a,
ASN00082076,20110323,PRCP,0,,,a,
ASN00082076,20110324,PRCP,22,,,a,
ASN00082076,20110325,PRCP,40,,,a,
ASN00082076,20110326,PRCP,0,,,a,
ASN00082076,20110327,PRCP,0,,,a,
ASN00082076,20110328,PRCP,0,,,a,
ASN00082076,20110329,PRCP,0,,,a,
ASN00082076,20110330,PRCP,0,,,a,
ASN00082076,20110331,PRCP,8,,,a,
ASN00082076,20110401,TMAX,218,,,a,
ASN00082076,20110402,TMAX,185,,,a,
ASN00082076,20110403,TMAX,230,,,a,
ASN00082076,20110404,TMAX,188,,,a,
ASN00082076,20110405,TMAX,230,,,a,
ASN00082076,20110406,TMAX,230,,,a,
ASN00082076,20110407,TMAX,240,,,a,
ASN00082076,20110408,TMAX,230,,,a,
ASN00082076,20110409,TMAX,240,,,a,
ASN00082076,20110410,TMAX,168,,,a,
ASN00082076,20110411,TMAX,143,,,a,
ASN00082076,20110412,TMAX,121,,,a,
ASN00082076,20110413,TMAX,142,,,a,
ASN00082076,20110414,TMAX,150,,,a,
ASN00082076,20110415,TMAX,184,,,a,
ASN00082076,20110416,TMAX,182,,,a,
ASN00082076,20110417,TMAX,200,,,a,
ASN00082076,20110418,TMAX,210,,,a,
ASN00082076,20110419,TMAX,187,,,a,
ASN00082076,20110420,TMAX,183,,,a,
ASN00082076,20110421,TMAX,194,,,a,
ASN00082076,20110422,TMAX,160,,,a,
ASN00082076,20110423,TMAX,177,,,a,
ASN00082076,20110424,TMAX,142,,,a,
ASN00082076,20110425,TMAX,206,,,a,
ASN00082076,20110426,TMAX,211,,,a,
ASN00082076,20110427,TMAX,220,,,a,
ASN00082076,20110428,TMAX,220,,,a,
ASN00082076,20110429,TMAX,205,,,a,
ASN00082076,20110430,TMAX,208,,,a,
ASN00082076,20110401,TMIN,63,,,a,
ASN00082076,20110402,TMIN,72,,,a,
ASN00082076,20110403,TMIN,50,,,a,
ASN00082076,20110404,TMIN,100,,,a,
ASN00082076,20110405,TMIN,122,,,a,
ASN00082076,20110406,TMIN,120,,,a,
ASN00082076,20110407,TMIN,71,,,a,
ASN00082076,20110408,TMIN,55,,,a,
ASN00082076,20110409,TMIN,70,,,a,
ASN00082076,20110410,TMIN,75,,,a,
ASN00082076,20110411,TMIN,68,,,a,
ASN00082076,20110412,TMIN,69,,,a,
ASN00082076,20110413,TMIN,87,,,a,
ASN00082076,20110414,TMIN,95,,,a,
ASN00082076,20110415,TMIN,72,,,a,
ASN00082076,20110416,TMIN,92,,,a,
ASN00082076,20110417,TMIN,55,,,a,
ASN00082076,20110422,TMIN,99,,,a,
ASN00082076,20110423,TMIN,60,,,a,
ASN00082076,20110424,TMIN,35,,,a,
ASN00082076,20110425,TMIN,80,,,a,
ASN00082076,20110426,TMIN,72,,,a,
ASN00082076,20110427,TMIN,57,,,a,
ASN00082076,20110428,TMIN,74,,,a,
ASN00082076,20110429,TMIN,74,,,a,
ASN00082076,20110430,TMIN,80,,,a,
ASN00082076,20110401,PRCP,0,,,a,
ASN00082076,20110402,PRCP,0,,,a,
ASN00082076,20110403,PRCP,0,,,a,
ASN00082076,20110404,PRCP,0,,,a,
ASN00082076,20110405,PRCP,0,,,a,
ASN00082076,20110406,PRCP,0,,,a,
ASN00082076,20110407,PRCP,0,,,a,
ASN00082076,20110408,PRCP,0,,,a,
ASN00082076,20110409,PRCP,0,,,a,
ASN00082076,20110410,PRCP,132,,,a,
ASN00082076,20110411,PRCP,28,,,a,
ASN00082076,20110412,PRCP,26,,,a,
ASN00082076,20110413,PRCP,242,,,a,
ASN00082076,20110414,PRCP,10,,,a,
ASN00082076,20110415,PRCP,4,,,a,
ASN00082076,20110416,PRCP,0,,,a,
ASN00082076,20110417,PRCP,0,,,a,
ASN00082076,20110418,PRCP,0,,,a,
ASN00082076,20110419,PRCP,0,,,a,
ASN00082076,20110420,PRCP,72,,,a,
ASN00082076,20110421,PRCP,16,,,a,
ASN00082076,20110422,PRCP,24,,,a,
ASN00082076,20110423,PRCP,0,,,a,
ASN00082076,20110424,PRCP,0,,,a,
ASN00082076,20110425,PRCP,0,,,a,
ASN00082076,20110426,PRCP,0,,,a,
ASN00082076,20110427,PRCP,0,,,a,
ASN00082076,20110428,PRCP,0,,,a,
ASN00082076,20110429,PRCP,0,,,a,
ASN00082076,20110430,PRCP,0,,,a,
ASN00082076,20110501,TMAX,195,,,a,
ASN00082076,20110502,TMAX,186,,,a,
ASN00082076,20110503,TMAX,180,,,a,
ASN00082076,20110504,TMAX,180,,,a,
ASN00082076,20110505,TMAX,150,,,a,
ASN00082076,20110506,TMAX,150,,,a,
ASN00082076,20110507,TMAX,140,,,a,
ASN00082076,20110508,TMAX,145,,,a,
ASN00082076,20110509,TMAX,130,,,a,
ASN00082076,20110510,TMAX,145,,,a,
ASN00082076,20110511,TMAX,82,,,a,
ASN00082076,20110514,TMAX,122,,,a,
ASN00082076,20110515,TMAX,132,,,a,
ASN00082076,20110516,TMAX,120,,,a,
ASN00082076,20110517,TMAX,165,,,a,
ASN00082076,20110518,TMAX,162,,,a,
ASN00082076,20110519,TMAX,165,,,a,
ASN00082076,20110520,TMAX,163,,,a,
ASN00082076,20110521,TMAX,151,,,a,
ASN00082076,20110522,TMAX,149,,,a,
ASN00082076,20110523,TMAX,134,,,a,
ASN00082076,20110524,TMAX,146,,,a,
ASN00082076,20110525,TMAX,115,,,a,
ASN00082076,20110526,TMAX,143,,,a,
ASN00082076,20110527,TMAX,140,,,a,
ASN00082076,20110528,TMAX,145,,,a,
ASN00082076,20110529,TMAX,155,,,a,
ASN00082076,20110530,TMAX,141,,,a,
ASN00082076,20110531,TMAX,170,,,a,
ASN00082076,20110501,TMIN,71,,,a,
ASN00082076,20110502,TMIN,88,,,a,
ASN00082076,20110503,TMIN,117,,,a,
ASN00082076,20110504,TMIN,45,,,a,
ASN00082076,20110505,TMIN,44,,,a,
ASN00082076,20110506,TMIN,12,,,a,
ASN00082076,20110507,TMIN,15,,,a,
ASN00082076,20110508,TMIN,40,,,a,
ASN00082076,20110509,TMIN,44,,,a,
ASN00082076,20110510,TMIN,24,,,a,
ASN00082076,20110511,TMIN,20,,,a,
ASN00082076,20110512,TMIN,2,,,a,
ASN00082076,20110515,TMIN,-12,,,a,
ASN00082076,20110516,TMIN,5,,,a,
ASN00082076,20110517,TMIN,20,,,a,
ASN00082076,20110520,TMIN,25,,,a,
ASN00082076,20110521,TMIN,7,,,a,
ASN00082076,20110522,TMIN,23,,,a,
ASN00082076,20110523,TMIN,80,,,a,
ASN00082076,20110524,TMIN,95,,,a,
ASN00082076,20110525,TMIN,77,,,a,
ASN00082076,20110526,TMIN,31,,,a,
ASN00082076,20110527,TMIN,17,,,a,
ASN00082076,20110528,TMIN,30,,,a,
ASN00082076,20110529,TMIN,11,,,a,
ASN00082076,20110530,TMIN,45,,,a,
ASN00082076,20110531,TMIN,36,,,a,
ASN00082076,20110501,PRCP,0,,,a,
ASN00082076,20110502,PRCP,4,,,a,
ASN00082076,20110503,PRCP,54,,,a,
ASN00082076,20110504,PRCP,0,,,a,
ASN00082076,20110505,PRCP,0,,,a,
ASN00082076,20110506,PRCP,0,,,a,
ASN00082076,20110507,PRCP,0,,,a,
ASN00082076,20110508,PRCP,0,,,a,
ASN00082076,20110509,PRCP,0,,,a,
ASN00082076,20110510,PRCP,0,,,a,
ASN00082076,20110511,PRCP,64,,,a,
ASN00082076,20110512,PRCP,6,,,a,
ASN00082076,20110513,PRCP,14,,,a,
ASN00082076,20110514,PRCP,32,,,a,
ASN00082076,20110515,PRCP,0,,,a,
ASN00082076,20110516,PRCP,0,,,a,
ASN00082076,20110517,PRCP,0,,,a,
ASN00082076,20110518,PRCP,0,,,a,
ASN00082076,20110519,PRCP,0,,,a,
ASN00082076,20110520,PRCP,2,,,a,
ASN00082076,20110521,PRCP,0,,,a,
ASN00082076,20110522,PRCP,0,,,a,
ASN00082076,20110523,PRCP,192,,,a,
ASN00082076,20110524,PRCP,122,,,a,
ASN00082076,20110525,PRCP,0,,,a,
ASN00082076,20110526,PRCP,0,,,a,
ASN00082076,20110527,PRCP,0,,,a,
ASN00082076,20110528,PRCP,0,,,a,
ASN00082076,20110529,PRCP,0,,,a,
ASN00082076,20110530,PRCP,0,,,a,
ASN00082076,20110531,PRCP,0,,,a,
ASN00082076,20110514,DATN,2,,,a,
ASN00082076,20110519,DATN,2,,,a,
ASN00082076,20110513,DATX,2,,,a,
ASN00082076,20110514,MDTN,-10,,,a,
ASN00082076,20110519,MDTN,10,,,a,
ASN00082076,20110513,MDTX,120,,,a,
ASN00082076,20110601,TMAX,180,,,a,
ASN00082076,20110602,TMAX,165,,,a,
ASN00082076,20110603,TMAX,145,,,a,
ASN00082076,20110604,TMAX,135,,,a,
ASN00082076,20110605,TMAX,108,,,a,
ASN00082076,20110606,TMAX,125,,,a,
ASN00082076,20110607,TMAX,69,,,a,
ASN00082076,20110608,TMAX,57,,,a,
ASN00082076,20110611,TMAX,124,,,a,
ASN00082076,20110612,TMAX,142,,,a,
ASN00082076,20110613,TMAX,153,,,a,
ASN00082076,20110614,TMAX,147,,,a,
ASN00082076,20110615,TMAX,164,,,a,
ASN00082076,20110616,TMAX,135,,,a,
ASN00082076,20110617,TMAX,100,,,a,
ASN00082076,20110618,TMAX,86,,,a,
ASN00082076,20110619,TMAX,110,,,a,
ASN00082076,20110620,TMAX,128,,,a,
ASN00082076,20110621,TMAX,86,,,a,
ASN00082076,20110622,TMAX,98,,,a,
ASN00082076,20110623,TMAX,138,,,a,
ASN00082076,20110624,TMAX,115,,,a,
ASN00082076,20110625,TMAX,148,,,a,
ASN00082076,20110626,TMAX,120,,,a,
ASN00082076,20110627,TMAX,146,,,a,
ASN00082076,20110628,TMAX,126,,,a,
ASN00082076,20110629,TMAX,138,,,a,
ASN00082076,20110630,TMAX,137,,,a,
ASN00082076,20110601,TMIN,37,,,a,
ASN00082076,20110602,TMIN,40,,,a,
ASN00082076,20110603,TMIN,34,,,a,
ASN00082076,20110604,TMIN,65,,,a,
ASN00082076,20110605,TMIN,35,,,a,
ASN00082076,20110606,TMIN,38,,,a,
ASN00082076,20110607,TMIN,-6,,,a,
ASN00082076,20110608,TMIN,5,,,a,
ASN00082076,20110609,TMIN,28,,,a,
ASN00082076,20110612,TMIN,38,,,a,
ASN00082076,20110613,TMIN,58,,,a,
ASN00082076,20110614,TMIN,90,,,a,
ASN00082076,20110615,TMIN,68,,,a,
ASN00082076,20110618,TMIN,55,,,a,
ASN00082076,20110619,TMIN,50,,,a,
ASN00082076,20110620,TMIN,65,,,a,
ASN00082076,20110623,TMIN,58,,,a,
ASN00082076,20110624,TMIN,49,,,a,
ASN00082076,20110625,TMIN,60,,,a,
ASN00082076,20110626,TMIN,26,,,a,
ASN00082076,20110627,TMIN,26,,,a,
ASN00082076,20110628,TMIN,4,,,a,
ASN00082076,20110629,TMIN,-6,,,a,
ASN00082076,20110630,TMIN,19,,,a,
ASN00082076,20110601,PRCP,0,,,a,
ASN00082076,20110602,PRCP,0,,,a,
ASN00082076,20110603,PRCP,0,,,a,
ASN00082076,20110604,PRCP,86,,,a,
ASN00082076,20110605,PRCP,14,,,a,
ASN00082076,20110606,PRCP,38,,,a,
ASN00082076,20110607,PRCP,0,,,a,
ASN00082076,20110608,PRCP,72,,,a,
ASN00082076,20110609,PRCP,10,,,a,
ASN00082076,20110610,PRCP,0,,,a,
ASN00082076,20110611,PRCP,0,,,a,
ASN00082076,20110612,PRCP,0,,,a,
ASN00082076,20110613,PRCP,0,,,a,
ASN00082076,20110614,PRCP,0,,,a,
ASN00082076,20110615,PRCP,0,,,a,
ASN00082076,20110616,PRCP,0,,,a,
ASN00082076,20110617,PRCP,6,,,a,
ASN00082076,20110618,PRCP,14,,,a,
ASN00082076,20110619,PRCP,16,,,a,
ASN00082076,20110620,PRCP,56,,,a,
ASN00082076,20110621,PRCP,156,,,a,
ASN00082076,20110622,PRCP,112,,,a,
ASN00082076,20110623,PRCP,92,,,a,
ASN00082076,20110624,PRCP,0,,,a,
ASN00082076,20110625,PRCP,6,,,a,
ASN00082076,20110626,PRCP,4,,,a,
ASN00082076,20110627,PRCP,0,,,a,
ASN00082076,20110628,PRCP,0,,,a,
ASN00082076,20110629,PRCP,0,,,a,
ASN00082076,20110630,PRCP,0,,,a,
ASN00082076,20110611,DATN,2,,,a,
ASN00082076,20110617,DATN,2,,,a,
ASN00082076,20110622,DATN,2,,,a,
ASN00082076,20110610,DATX,2,,,a,
ASN00082076,20110611,MDTN,25,,,a,
ASN00082076,20110617,MDTN,60,,,a,
ASN00082076,20110622,MDTN,55,,,a,
ASN00082076,20110610,MDTX,125,,,a,
ASN00082076,20110701,TMAX,130,,,a,
ASN00082076,20110702,TMAX,135,,,a,
ASN00082076,20110703,TMAX,105,,,a,
ASN00082076,20110704,TMAX,107,,,a,
ASN00082076,20110705,TMAX,83,,,a,
ASN00082076,20110706,TMAX,89,,,a,
ASN00082076,20110707,TMAX,110,,,a,
ASN00082076,20110708,TMAX,70,,,a,
ASN00082076,20110709,TMAX,100,,,a,
ASN00082076,20110710,TMAX,87,,,a,
ASN00082076,20110711,TMAX,94,,,a,
ASN00082076,20110712,TMAX,86,,,a,
ASN00082076,20110713,TMAX,90,,,a,
ASN00082076,20110714,TMAX,102,,,a,
ASN00082076,20110715,TMAX,123,,,a,
ASN00082076,20110716,TMAX,142,,,a,
ASN00082076,20110717,TMAX,110,,,a,
ASN00082076,20110718,TMAX,109,,,a,
ASN00082076,20110719,TMAX,127,,,a,
ASN00082076,20110720,TMAX,136,,,a,
ASN00082076,20110721,TMAX,144,,,a,
ASN00082076,20110722,TMAX,134,,,a,
ASN00082076,20110723,TMAX,134,,,a,
ASN00082076,20110724,TMAX,66,,,a,
ASN00082076,20110725,TMAX,94,,,a,
ASN00082076,20110726,TMAX,134,,,a,
ASN00082076,20110727,TMAX,129,,,a,
ASN00082076,20110728,TMAX,124,,,a,
ASN00082076,20110729,TMAX,140,,,a,
ASN00082076,20110730,TMAX,145,,,a,
ASN00082076,20110731,TMAX,122,,,a,
ASN00082076,20110701,TMIN,10,,,a,
ASN00082076,20110702,TMIN,10,,,a,
ASN00082076,20110703,TMIN,30,,,a,
ASN00082076,20110704,TMIN,45,,,a,
ASN00082076,20110707,TMIN,46,,,a,
ASN00082076,20110708,TMIN,-1,,,a,
ASN00082076,20110709,TMIN,15,,,a,
ASN00082076,20110710,TMIN,47,,,a,
ASN00082076,20110711,TMIN,4,,,a,
ASN00082076,20110712,TMIN,12,,,a,
ASN00082076,20110713,TMIN,48,,,a,
ASN00082076,20110714,TMIN,24,,,a,
ASN00082076,20110715,TMIN,-15,,,a,
ASN00082076,20110716,TMIN,-14,,,a,
ASN00082076,20110717,TMIN,20,,,a,
ASN00082076,20110718,TMIN,49,,,a,
ASN00082076,20110719,TMIN,30,,,a,
ASN00082076,20110720,TMIN,31,,,a,
ASN00082076,20110721,TMIN,95,,,a,
ASN00082076,20110722,TMIN,91,,,a,
ASN00082076,20110725,TMIN,31,,,a,
ASN00082076,20110726,TMIN,58,,,a,
ASN00082076,20110727,TMIN,7,,,a,
ASN00082076,20110728,TMIN,-6,,,a,
ASN00082076,20110729,TMIN,-24,,,a,
ASN00082076,20110730,TMIN,-20,,,a,
ASN00082076,20110731,TMIN,5,,,a,
ASN00082076,20110701,PRCP,0,,,a,
ASN00082076,20110702,PRCP,0,,,a,
ASN00082076,20110703,PRCP,0,,,a,
ASN00082076,20110704,PRCP,262,,,a,
ASN00082076,20110705,PRCP,98,,,a,
ASN00082076,20110706,PRCP,74,,,a,
ASN00082076,20110707,PRCP,150,,,a,
ASN00082076,20110708,PRCP,0,,,a,
ASN00082076,20110709,PRCP,8,,,a,
ASN00082076,20110710,PRCP,0,,,a,
ASN00082076,20110711,PRCP,54,,,a,
ASN00082076,20110712,PRCP,0,,,a,
ASN00082076,20110713,PRCP,30,,,a,
ASN00082076,20110714,PRCP,8,,,a,
ASN00082076,20110715,PRCP,0,,,a,
ASN00082076,20110716,PRCP,0,,,a,
ASN00082076,20110717,PRCP,0,,,a,
ASN00082076,20110718,PRCP,76,,,a,
ASN00082076,20110719,PRCP,44,,,a,
ASN00082076,20110720,PRCP,0,,,a,
ASN00082076,20110721,PRCP,0,,,a,
ASN00082076,20110722,PRCP,0,,,a,
ASN00082076,20110723,PRCP,0,,,a,
ASN00082076,20110724,PRCP,10,,,a,
ASN00082076,20110725,PRCP,60,,,a,
ASN00082076,20110726,PRCP,52,,,a,
ASN00082076,20110727,PRCP,28,,,a,
ASN00082076,20110728,PRCP,2,,,a,
ASN00082076,20110729,PRCP,0,,,a,
ASN00082076,20110730,PRCP,0,,,a,
ASN00082076,20110731,PRCP,22,,,a,
ASN00082076,20110706,DATN,2,,,a,
ASN00082076,20110724,DATN,2,,,a,
ASN00082076,20110706,MDTN,67,,,a,
ASN00082076,20110724,MDTN,15,,,a,
ASN00082076,20110801,TMAX,172,,,a,
ASN00082076,20110802,TMAX,185,,,a,
ASN00082076,20110803,TMAX,189,,,a,
ASN00082076,20110804,TMAX,204,,,a,
ASN00082076,20110805,TMAX,196,,,a,
ASN00082076,20110806,TMAX,107,,,a,
ASN00082076,20110807,TMAX,108,,,a,
ASN00082076,20110808,TMAX,117,,,a,
ASN00082076,20110809,TMAX,95,,,a,
ASN00082076,20110810,TMAX,89,,,a,
ASN00082076,20110811,TMAX,147,,,a,
ASN00082076,20110812,TMAX,159,,,a,
ASN00082076,20110813,TMAX,126,,,a,
ASN00082076,20110814,TMAX,165,,,a,
ASN00082076,20110815,TMAX,125,,,a,
ASN00082076,20110816,TMAX,176,,,a,
ASN00082076,20110817,TMAX,114,,,a,
ASN00082076,20110818,TMAX,93,,,a,
ASN00082076,20110819,TMAX,158,,,a,
ASN00082076,20110820,TMAX,171,,,a,
ASN00082076,20110821,TMAX,167,,,a,
ASN00082076,20110822,TMAX,175,,,a,
ASN00082076,20110823,TMAX,172,,,a,
ASN00082076,20110824,TMAX,176,,,a,
ASN00082076,20110825,TMAX,185,,,a,
ASN00082076,20110826,TMAX,168,,,a,
ASN00082076,20110827,TMAX,165,,,a,
ASN00082076,20110828,TMAX,154,,,a,
ASN00082076,20110829,TMAX,136,,,a,
ASN00082076,20110830,TMAX,153,,,a,
ASN00082076,20110831,TMAX,166,,,a,
ASN00082076,20110801,TMIN,60,,,a,
ASN00082076,20110802,TMIN,50,,,a,
ASN00082076,20110803,TMIN,65,,,a,
ASN00082076,20110804,TMIN,51,,,a,
ASN00082076,20110805,TMIN,28,,,a,
ASN00082076,20110806,TMIN,44,,,a,
ASN00082076,20110809,TMIN,52,,,a,
ASN00082076,20110810,TMIN,54,,,a,
ASN00082076,20110811,TMIN,50,,,a,
ASN00082076,20110812,TMIN,29,,,a,
ASN00082076,20110813,TMIN,2,,,a,
ASN00082076,20110814,TMIN,24,,,a,
ASN00082076,20110815,TMIN,72,,,a,
ASN00082076,20110816,TMIN,75,,,a,
ASN00082076,20110817,TMIN,68,,,a,
ASN00082076,20110818,TMIN,78,,,a,
ASN00082076,20110819,TMIN,36,,,a,
ASN00082076,20110820,TMIN,58,,,a,
ASN00082076,20110821,TMIN,11,,,a,
ASN00082076,20110822,TMIN,6,,,a,
ASN00082076,20110823,TMIN,25,,,a,
ASN00082076,20110824,TMIN,31,,,a,
ASN00082076,20110825,TMIN,24,,,a,
ASN00082076,20110826,TMIN,25,,,a,
ASN00082076,20110827,TMIN,-10,,,a,
ASN00082076,20110828,TMIN,-10,,,a,
ASN00082076,20110829,TMIN,2,,,a,
ASN00082076,20110830,TMIN,8,,,a,
ASN00082076,20110831,TMIN,-2,,,a,
ASN00082076,20110801,PRCP,6,,,a,
ASN00082076,20110802,PRCP,0,,,a,
ASN00082076,20110803,PRCP,0,,,a,
ASN00082076,20110804,PRCP,6,,,a,
ASN00082076,20110805,PRCP,0,,,a,
ASN00082076,20110806,PRCP,140,,,a,
ASN00082076,20110807,PRCP,142,,,a,
ASN00082076,20110808,PRCP,150,,,a,
ASN00082076,20110809,PRCP,22,,,a,
ASN00082076,20110810,PRCP,10,,,a,
ASN00082076,20110811,PRCP,66,,,a,
ASN00082076,20110812,PRCP,0,,,a,
ASN00082076,20110813,PRCP,0,,,a,
ASN00082076,20110814,PRCP,4,,,a,
ASN00082076,20110815,PRCP,0,,,a,
ASN00082076,20110816,PRCP,6,,,a,
ASN00082076,20110817,PRCP,20,,,a,
ASN00082076,20110818,PRCP,426,,,a,
ASN00082076,20110819,PRCP,4,,,a,
ASN00082076,20110820,PRCP,0,,,a,
ASN00082076,20110821,PRCP,0,,,a,
ASN00082076,20110822,PRCP,0,,,a,
ASN00082076,20110823,PRCP,0,,,a,
ASN00082076,20110824,PRCP,0,,,a,
ASN00082076,20110825,PRCP,0,,,a,
ASN00082076,20110826,PRCP,0,,,a,
ASN00082076,20110827,PRCP,0,,,a,
ASN00082076,20110828,PRCP,0,,,a,
ASN00082076,20110829,PRCP,0,,,a,
ASN00082076,20110830,PRCP,0,,,a,
ASN00082076,20110831,PRCP,0,,,a,
ASN00082076,20110808,DATN,2,,,a,
ASN00082076,20110808,MDTN,47,,,a,
ASN00082076,20110901,TMAX,180,,,a,
ASN00082076,20110907,TMAX,138,,,a,
ASN00082076,20110908,TMAX,152,,,a,
ASN00082076,20110909,TMAX,108,,,a,
ASN00082076,20110910,TMAX,161,,,a,
ASN00082076,20110911,TMAX,141,,,a,
ASN00082076,20110912,TMAX,145,,,a,
ASN00082076,20110913,TMAX,115,,,a,
ASN00082076,20110914,TMAX,189,,,a,
ASN00082076,20110915,TMAX,147,,,a,
ASN00082076,20110916,TMAX,185,,,a,
ASN00082076,20110917,TMAX,212,,,a,
ASN00082076,20110918,TMAX,235,,,a,
ASN00082076,20110919,TMAX,258,,,a,
ASN00082076,20110920,TMAX,122,,,a,
ASN00082076,20110921,TMAX,160,,,a,
ASN00082076,20110922,TMAX,210,,,a,
ASN00082076,20110923,TMAX,196,,,a,
ASN00082076,20110924,TMAX,164,,,a,
ASN00082076,20110925,TMAX,177,,,a,
ASN00082076,20110926,TMAX,189,,,a,
ASN00082076,20110927,TMAX,188,,,a,
ASN00082076,20110928,TMAX,166,,,a,
ASN00082076,20110929,TMAX,120,,,a,
ASN00082076,20110930,TMAX,135,,,a,
ASN00082076,20110901,TMIN,16,,,a,
ASN00082076,20110902,TMIN,25,,,a,
ASN00082076,20110905,TMIN,69,,,a,
ASN00082076,20110908,TMIN,-6,,,a,
ASN00082076,20110909,TMIN,15,,,a,
ASN00082076,20110910,TMIN,0,,,a,
ASN00082076,20110911,TMIN,13,,,a,
ASN00082076,20110912,TMIN,-17,,,a,
ASN00082076,20110913,TMIN,24,,,a,
ASN00082076,20110914,TMIN,10,,,a,
ASN00082076,20110915,TMIN,40,,,a,
ASN00082076,20110916,TMIN,25,,,a,
ASN00082076,20110917,TMIN,66,,,a,
ASN00082076,20110918,TMIN,75,,,a,
ASN00082076,20110919,TMIN,40,,,a,
ASN00082076,20110920,TMIN,98,,,a,
ASN00082076,20110923,TMIN,65,,,a,
ASN00082076,20110924,TMIN,85,,,a,
ASN00082076,20110925,TMIN,70,,,a,
ASN00082076,20110926,TMIN,16,,,a,
ASN00082076,20110927,TMIN,57,,,a,
ASN00082076,20110928,TMIN,69,,,a,
ASN00082076,20110929,TMIN,107,,,a,
ASN00082076,20110930,TMIN,75,,,a,
ASN00082076,20110901,PRCP,0,,,a,
ASN00082076,20110902,PRCP,0,,,a,
ASN00082076,20110908,PRCP,0,,,a,
ASN00082076,20110909,PRCP,0,,,a,
ASN00082076,20110910,PRCP,10,,,a,
ASN00082076,20110911,PRCP,0,,,a,
ASN00082076,20110912,PRCP,16,,,a,
ASN00082076,20110913,PRCP,0,,,a,
ASN00082076,20110914,PRCP,0,,,a,
ASN00082076,20110915,PRCP,2,,,a,
ASN00082076,20110916,PRCP,0,,,a,
ASN00082076,20110917,PRCP,0,,,a,
ASN00082076,20110918,PRCP,0,,,a,
ASN00082076,20110919,PRCP,0,,,a,
ASN00082076,20110920,PRCP,38,,,a,
ASN00082076,20110921,PRCP,40,,,a,
ASN00082076,20110922,PRCP,0,,,a,
ASN00082076,20110923,PRCP,0,,,a,
ASN00082076,20110924,PRCP,0,,,a,
ASN00082076,20110925,PRCP,0,,,a,
ASN00082076,20110926,PRCP,0,,,a,
ASN00082076,20110927,PRCP,0,,,a,
ASN00082076,20110928,PRCP,6,,,a,
ASN00082076,20110929,PRCP,350,,,a,
ASN00082076,20110930,PRCP,152,,,a,
ASN00082076,20110905,DAPR,3,,,a,
ASN00082076,20110907,DAPR,2,,,a,
ASN00082076,20110907,DATN,2,,,a,
ASN00082076,20110922,DATN,2,,,a,
ASN00082076,20110904,DATX,3,,,a,
ASN00082076,20110906,DATX,2,,,a,
ASN00082076,20110905,MDPR,44,,,a,
ASN00082076,20110907,MDPR,88,,,a,
ASN00082076,20110907,MDTN,10,,,a,
ASN00082076,20110922,MDTN,32,,,a,
ASN00082076,20110904,MDTX,131,,,a,
ASN00082076,20110906,MDTX,152,,,a,
ASN00082076,20111001,TMAX,150,,,a,
ASN00082076,20111002,TMAX,143,,,a,
ASN00082076,20111003,TMAX,178,,,a,
ASN00082076,20111004,TMAX,201,,,a,
ASN00082076,20111005,TMAX,185,,,a,
ASN00082076,20111006,TMAX,172,,,a,
ASN00082076,20111007,TMAX,211,,,a,
ASN00082076,20111008,TMAX,223,,,a,
ASN00082076,20111009,TMAX,168,,,a,
ASN00082076,20111010,TMAX,141,,,a,
ASN00082076,20111011,TMAX,165,,,a,
ASN00082076,20111012,TMAX,203,,,a,
ASN00082076,20111013,TMAX,225,,,a,
ASN00082076,20111014,TMAX,235,,,a,
ASN00082076,20111015,TMAX,230,,,a,
ASN00082076,20111016,TMAX,174,,,a,
ASN00082076,20111017,TMAX,204,,,a,
ASN00082076,20111018,TMAX,230,,,a,
ASN00082076,20111019,TMAX,252,,,a,
ASN00082076,20111020,TMAX,265,,,a,
ASN00082076,20111021,TMAX,232,,,a,
ASN00082076,20111022,TMAX,265,,,a,
ASN00082076,20111023,TMAX,286,,,a,
ASN00082076,20111024,TMAX,248,,,a,
ASN00082076,20111025,TMAX,174,,,a,
ASN00082076,20111026,TMAX,250,,,a,
ASN00082076,20111027,TMAX,238,,,a,
ASN00082076,20111028,TMAX,252,,,a,
ASN00082076,20111029,TMAX,232,,,a,
ASN00082076,20111030,TMAX,164,,,a,
ASN00082076,20111031,TMAX,204,,,a,
ASN00082076,20111001,TMIN,65,,,a,
ASN00082076,20111002,TMIN,74,,,a,
ASN00082076,20111003,TMIN,55,,,a,
ASN00082076,20111004,TMIN,32,,,a,
ASN00082076,20111005,TMIN,44,,,a,
ASN00082076,20111006,TMIN,80,,,a,
ASN00082076,20111007,TMIN,93,,,a,
ASN00082076,20111008,TMIN,85,,,a,
ASN00082076,20111009,TMIN,102,,,a,
ASN00082076,20111010,TMIN,21,,,a,
ASN00082076,20111011,TMIN,67,,,a,
ASN00082076,20111012,TMIN,76,,,a,
ASN00082076,20111013,TMIN,49,,,a,
ASN00082076,20111014,TMIN,81,,,a,
ASN00082076,20111015,TMIN,88,,,a,
ASN00082076,20111016,TMIN,83,,,a,
ASN00082076,20111017,TMIN,83,,,a,
ASN00082076,20111020,TMIN,61,,,a,
ASN00082076,20111021,TMIN,105,,,a,
ASN00082076,20111022,TMIN,118,,,a,
ASN00082076,20111023,TMIN,95,,,a,
ASN00082076,20111024,TMIN,130,,,a,
ASN00082076,20111025,TMIN,108,,,a,
ASN00082076,20111026,TMIN,106,,,a,
ASN00082076,20111027,TMIN,70,,,a,
ASN00082076,20111028,TMIN,95,,,a,
ASN00082076,20111029,TMIN,116,,,a,
ASN00082076,20111030,TMIN,90,,,a,
ASN00082076,20111031,TMIN,91,,,a,
ASN00082076,20111001,PRCP,36,,,a,
ASN00082076,20111002,PRCP,20,,,a,
ASN00082076,20111003,PRCP,0,,,a,
ASN00082076,20111004,PRCP,0,,,a,
ASN00082076,20111005,PRCP,0,,,a,
ASN00082076,20111006,PRCP,0,,,a,
ASN00082076,20111007,PRCP,18,,,a,
ASN00082076,20111008,PRCP,24,,,a,
ASN00082076,20111009,PRCP,0,,,a,
ASN00082076,20111010,PRCP,10,,,a,
ASN00082076,20111011,PRCP,0,,,a,
ASN00082076,20111012,PRCP,0,,,a,
ASN00082076,20111013,PRCP,0,,,a,
ASN00082076,20111014,PRCP,0,,,a,
ASN00082076,20111015,PRCP,0,,,a,
ASN00082076,20111016,PRCP,20,,,a,
ASN00082076,20111017,PRCP,0,,,a,
ASN00082076,20111018,PRCP,0,,,a,
ASN00082076,20111019,PRCP,0,,,a,
ASN00082076,20111020,PRCP,0,,,a,
ASN00082076,20111021,PRCP,0,,,a,
ASN00082076,20111022,PRCP,0,,,a,
ASN00082076,20111023,PRCP,0,,,a,
ASN00082076,20111024,PRCP,0,,,a,
ASN00082076,20111025,PRCP,150,,,a,
ASN00082076,20111026,PRCP,34,,,a,
ASN00082076,20111027,PRCP,0,,,a,
ASN00082076,20111028,PRCP,0,,,a,
ASN00082076,20111029,PRCP,80,,,a,
ASN00082076,20111030,PRCP,14,,,a,
ASN00082076,20111031,PRCP,52,,,a,
ASN00082076,20111019,DATN,2,,,a,
ASN00082076,20111019,MDTN,50,,,a,
ASN00082076,20111101,TMAX,230,,,a,
ASN00082076,20111102,TMAX,204,,,a,
ASN00082076,20111103,TMAX,224,,,a,
ASN00082076,20111104,TMAX,262,,,a,
ASN00082076,20111105,TMAX,283,,,a,
ASN00082076,20111106,TMAX,290,,,a,
ASN00082076,20111107,TMAX,274,,,a,
ASN00082076,20111108,TMAX,278,,,a,
ASN00082076,20111109,TMAX,271,,,a,
ASN00082076,20111110,TMAX,213,,,a,
ASN00082076,20111111,TMAX,235,,,a,
ASN00082076,20111112,TMAX,256,,,a,
ASN00082076,20111113,TMAX,271,,,a,
ASN00082076,20111114,TMAX,270,,,a,
ASN00082076,20111115,TMAX,273,,,a,
ASN00082076,20111116,TMAX,200,,,a,
ASN00082076,20111117,TMAX,258,,,a,
ASN00082076,20111118,TMAX,295,,,a,
ASN00082076,20111119,TMAX,265,,,a,
ASN00082076,20111120,TMAX,205,,,a,
ASN00082076,20111121,TMAX,216,,,a,
ASN00082076,20111122,TMAX,198,,,a,
ASN00082076,20111123,TMAX,200,,,a,
ASN00082076,20111124,TMAX,243,,,a,
ASN00082076,20111125,TMAX,190,,,a,
ASN00082076,20111126,TMAX,222,,,a,
ASN00082076,20111127,TMAX,242,,,a,
ASN00082076,20111128,TMAX,284,,,a,
ASN00082076,20111129,TMAX,320,,,a,
ASN00082076,20111130,TMAX,234,,,a,
ASN00082076,20111101,TMIN,98,,,a,
ASN00082076,20111102,TMIN,117,,,a,
ASN00082076,20111103,TMIN,108,,,a,
ASN00082076,20111104,TMIN,112,,,a,
ASN00082076,20111105,TMIN,88,,,a,
ASN00082076,20111106,TMIN,111,,,a,
ASN00082076,20111107,TMIN,160,,,a,
ASN00082076,20111108,TMIN,140,,,a,
ASN00082076,20111109,TMIN,138,,,a,
ASN00082076,20111110,TMIN,151,,,a,
ASN00082076,20111111,TMIN,74,,,a,
ASN00082076,20111112,TMIN,103,,,a,
ASN00082076,20111113,TMIN,114,,,a,
ASN00082076,20111114,TMIN,133,,,a,
ASN00082076,20111115,TMIN,97,,,a,
ASN00082076,20111116,TMIN,145,,,a,
ASN00082076,20111117,TMIN,119,,,a,
ASN00082076,20111118,TMIN,119,,,a,
ASN00082076,20111119,TMIN,148,,,a,
ASN00082076,20111120,TMIN,170,,,a,
ASN00082076,20111123,TMIN,92,,,a,
ASN00082076,20111124,TMIN,111,,,a,
ASN00082076,20111125,TMIN,120,,,a,
ASN00082076,20111126,TMIN,148,,,a,
ASN00082076,20111127,TMIN,140,,,a,
ASN00082076,20111128,TMIN,104,,,a,
ASN00082076,20111129,TMIN,148,,,a,
ASN00082076,20111130,TMIN,175,,,a,
ASN00082076,20111101,PRCP,0,,,a,
ASN00082076,20111102,PRCP,20,,,a,
ASN00082076,20111103,PRCP,0,,,a,
ASN00082076,20111104,PRCP,0,,,a,
ASN00082076,20111105,PRCP,0,,,a,
ASN00082076,20111106,PRCP,0,,,a,
ASN00082076,20111107,PRCP,50,,,a,
ASN00082076,20111108,PRCP,0,,,a,
ASN00082076,20111109,PRCP,26,,,a,
ASN00082076,20111110,PRCP,458,,,a,
ASN00082076,20111111,PRCP,14,,,a,
ASN00082076,20111112,PRCP,0,,,a,
ASN00082076,20111113,PRCP,0,,,a,
ASN00082076,20111114,PRCP,0,,,a,
ASN00082076,20111115,PRCP,0,,,a,
ASN00082076,20111116,PRCP,2,,,a,
ASN00082076,20111117,PRCP,16,,,a,
ASN00082076,20111118,PRCP,0,,,a,
ASN00082076,20111119,PRCP,0,,,a,
ASN00082076,20111120,PRCP,198,,,a,
ASN00082076,20111121,PRCP,54,,,a,
ASN00082076,20111122,PRCP,0,,,a,
ASN00082076,20111123,PRCP,0,,,a,
ASN00082076,20111124,PRCP,0,,,a,
ASN00082076,20111125,PRCP,4,,,a,
ASN00082076,20111126,PRCP,364,,,a,
ASN00082076,20111127,PRCP,188,,,a,
ASN00082076,20111128,PRCP,0,,,a,
ASN00082076,20111129,PRCP,0,,,a,
ASN00082076,20111130,PRCP,70,,,a,
ASN00082076,20111122,DATN,2,,,a,
ASN00082076,20111122,MDTN,91,,,a,
ASN00082076,20111201,TMAX,202,,,a,
ASN00082076,20111202,TMAX,214,,,a,
ASN00082076,20111203,TMAX,242,,,a,
ASN00082076,20111204,TMAX,180,,,a,
ASN00082076,20111205,TMAX,190,,,a,
ASN00082076,20111206,TMAX,246,,,a,
ASN00082076,20111207,TMAX,255,,,a,
ASN00082076,20111208,TMAX,265,,,a,
ASN00082076,20111209,TMAX,275,,,a,
ASN00082076,20111210,TMAX,227,,,a,
ASN00082076,20111211,TMAX,272,,,a,
ASN00082076,20111212,TMAX,263,,,a,
ASN00082076,20111213,TMAX,195,,,a,
ASN00082076,20111214,TMAX,240,,,a,
ASN00082076,20111215,TMAX,269,,,a,
ASN00082076,20111216,TMAX,270,,,a,
ASN00082076,20111217,TMAX,288,,,a,
ASN00082076,20111218,TMAX,245,,,a,
ASN00082076,20111219,TMAX,259,,,a,
ASN00082076,20111220,TMAX,257,,,a,
ASN00082076,20111221,TMAX,233,,,a,
ASN00082076,20111222,TMAX,267,,,a,
ASN00082076,20111223,TMAX,295,,,a,
ASN00082076,20111224,TMAX,310,,,a,
ASN00082076,20111225,TMAX,232,,,a,
ASN00082076,20111226,TMAX,250,,,a,
ASN00082076,20111227,TMAX,246,,,a,
ASN00082076,20111228,TMAX,270,,,a,
ASN00082076,20111229,TMAX,275,,,a,
ASN00082076,20111230,TMAX,293,,,a,
ASN00082076,20111231,TMAX,302,,,a,
ASN00082076,20111201,TMIN,52,,,a,
ASN00082076,20111202,TMIN,96,,,a,
ASN00082076,20111203,TMIN,77,,,a,
ASN00082076,20111204,TMIN,108,,,a,
ASN00082076,20111205,TMIN,86,,,a,
ASN00082076,20111206,TMIN,100,,,a,
ASN00082076,20111207,TMIN,98,,,a,
ASN00082076,20111208,TMIN,126,,,a,
ASN00082076,20111209,TMIN,106,,,a,
ASN00082076,20111210,TMIN,144,,,a,
ASN00082076,20111211,TMIN,156,,,a,
ASN00082076,20111212,TMIN,152,,,a,
ASN00082076,20111213,TMIN,134,,,a,
ASN00082076,20111214,TMIN,117,,,a,
ASN00082076,20111215,TMIN,130,,,a,
ASN00082076,20111216,TMIN,124,,,a,
ASN00082076,20111217,TMIN,120,,,a,
ASN00082076,20111218,TMIN,150,,,a,
ASN00082076,20111221,TMIN,157,,,a,
ASN00082076,20111222,TMIN,145,,,a,
ASN00082076,20111223,TMIN,128,,,a,
ASN00082076,20111224,TMIN,140,,,a,
ASN00082076,20111225,TMIN,187,,,a,
ASN00082076,20111226,TMIN,161,,,a,
ASN00082076,20111227,TMIN,158,,,a,
ASN00082076,20111228,TMIN,141,,,a,
ASN00082076,20111229,TMIN,155,,,a,
ASN00082076,20111230,TMIN,142,,,a,
ASN00082076,20111231,TMIN,158,,,a,
ASN00082076,20111201,PRCP,62,,,a,
ASN00082076,20111202,PRCP,2,,,a,
ASN00082076,20111203,PRCP,0,,,a,
ASN00082076,20111204,PRCP,0,,,a,
ASN00082076,20111205,PRCP,0,,,a,
ASN00082076,20111206,PRCP,0,,,a,
ASN00082076,20111207,PRCP,0,,,a,
ASN00082076,20111208,PRCP,0,,,a,
ASN00082076,20111209,PRCP,0,,,a,
ASN00082076,20111210,PRCP,0,,,a,
ASN00082076,20111211,PRCP,94,,,a,
ASN00082076,20111212,PRCP,6,,,a,
ASN00082076,20111213,PRCP,0,,,a,
ASN00082076,20111214,PRCP,0,,,a,
ASN00082076,20111215,PRCP,0,,,a,
ASN00082076,20111216,PRCP,0,,,a,
ASN00082076,20111217,PRCP,90,,,a,
ASN00082076,20111218,PRCP,14,,,a,
ASN00082076,20111219,PRCP,84,,,a,
ASN00082076,20111220,PRCP,86,,,a,
ASN00082076,20111221,PRCP,0,,,a,
ASN00082076,20111222,PRCP,0,,,a,
ASN00082076,20111223,PRCP,0,,,a,
ASN00082076,20111224,PRCP,0,,,a,
ASN00082076,20111225,PRCP,530,,,a,
ASN00082076,20111226,PRCP,36,,,a,
ASN00082076,20111227,PRCP,94,,,a,
ASN00082076,20111228,PRCP,0,,,a,
ASN00082076,20111229,PRCP,0,,,a,
ASN00082076,20111230,PRCP,0,,,a,
ASN00082076,20111231,PRCP,0,,,a,
ASN00082076,20111220,DATN,2,,,a,
ASN00082076,20111220,MDTN,146,,,a,
ASN00082076,20120101,TMAX,328,,,a,
ASN00082076,20120102,TMAX,340,,,a,
ASN00082076,20120103,TMAX,357,,,a,
ASN00082076,20120104,TMAX,307,,,a,
ASN00082076,20120105,TMAX,290,,,a,
ASN00082076,20120106,TMAX,265,,,a,
ASN00082076,20120107,TMAX,295,,,a,
ASN00082076,20120108,TMAX,234,,,a,
ASN00082076,20120109,TMAX,220,,,a,
ASN00082076,20120110,TMAX,230,,,a,
ASN00082076,20120111,TMAX,180,,,a,
ASN00082076,20120112,TMAX,210,,,a,
ASN00082076,20120113,TMAX,267,,,a,
ASN00082076,20120114,TMAX,268,,,a,
ASN00082076,20120115,TMAX,290,,,a,
ASN00082076,20120116,TMAX,302,,,a,
ASN00082076,20120117,TMAX,312,,,a,
ASN00082076,20120118,TMAX,284,,,a,
ASN00082076,20120119,TMAX,330,,,a,
ASN00082076,20120120,TMAX,330,,,a,
ASN00082076,20120121,TMAX,310,,,a,
ASN00082076,20120124,TMAX,310,,,a,
ASN00082076,20120125,TMAX,340,,,a,
ASN00082076,20120126,TMAX,335,,,a,
ASN00082076,20120127,TMAX,335,,,a,
ASN00082076,20120128,TMAX,341,,,a,
ASN00082076,20120129,TMAX,345,,,a,
ASN00082076,20120130,TMAX,235,,,a,
ASN00082076,20120131,TMAX,235,,,a,
ASN00082076,20120101,TMIN,140,,,a,
ASN00082076,20120102,TMIN,208,,,a,
ASN00082076,20120103,TMIN,166,,,a,
ASN00082076,20120104,TMIN,173,,,a,
ASN00082076,20120105,TMIN,149,,,a,
ASN00082076,20120106,TMIN,125,,,a,
ASN00082076,20120107,TMIN,115,,,a,
ASN00082076,20120108,TMIN,160,,,a,
ASN00082076,20120109,TMIN,121,,,a,
ASN00082076,20120111,TMIN,115,,,a,
ASN00082076,20120112,TMIN,40,,,a,
ASN00082076,20120113,TMIN,70,,,a,
ASN00082076,20120114,TMIN,138,,,a,
ASN00082076,20120115,TMIN,135,,,a,
ASN00082076,20120116,TMIN,122,,,a,
ASN00082076,20120117,TMIN,128,,,a,
ASN00082076,20120118,TMIN,136,,,a,
ASN00082076,20120119,TMIN,175,,,a,
ASN00082076,20120120,TMIN,165,,,a,
ASN00082076,20120121,TMIN,180,,,a,
ASN00082076,20120122,TMIN,188,,,a,
ASN00082076,20120125,TMIN,150,,,a,
ASN00082076,20120126,TMIN,145,,,a,
ASN00082076,20120127,TMIN,184,,,a,
ASN00082076,20120128,TMIN,176,,,a,
ASN00082076,20120129,TMIN,185,,,a,
ASN00082076,20120130,TMIN,200,,,a,
ASN00082076,20120101,PRCP,0,,,a,
ASN00082076,20120102,PRCP,0,,,a,
ASN00082076,20120103,PRCP,0,,,a,
ASN00082076,20120104,PRCP,0,,,a,
ASN00082076,20120105,PRCP,8,,,a,
ASN00082076,20120106,PRCP,0,,,a,
ASN00082076,20120107,PRCP,0,,,a,
ASN00082076,20120108,PRCP,52,,,a,
ASN00082076,20120109,PRCP,52,,,a,
ASN00082076,20120110,PRCP,0,,,a,
ASN00082076,20120111,PRCP,6,,,a,
ASN00082076,20120112,PRCP,42,,,a,
ASN00082076,20120113,PRCP,0,,,a,
ASN00082076,20120114,PRCP,0,,,a,
ASN00082076,20120115,PRCP,0,,,a,
ASN00082076,20120116,PRCP,0,,,a,
ASN00082076,20120117,PRCP,0,,,a,
ASN00082076,20120118,PRCP,0,,,a,
ASN00082076,20120119,PRCP,6,,,a,
ASN00082076,20120120,PRCP,0,,,a,
ASN00082076,20120121,PRCP,0,,,a,
ASN00082076,20120122,PRCP,0,,,a,
ASN00082076,20120123,PRCP,0,,,a,
ASN00082076,20120124,PRCP,0,,,a,
ASN00082076,20120125,PRCP,0,,,a,
ASN00082076,20120126,PRCP,0,,,a,
ASN00082076,20120127,PRCP,0,,,a,
ASN00082076,20120128,PRCP,0,,,a,
ASN00082076,20120129,PRCP,4,,,a,
ASN00082076,20120130,PRCP,186,,,a,
ASN00082076,20120131,PRCP,310,,,a,
ASN00082076,20120124,DATN,2,,,a,
ASN00082076,20120123,DATX,2,,,a,
ASN00082076,20120124,MDTN,116,,,a,
ASN00082076,20120123,MDTX,308,,,a,
ASN00082076,20120201,TMAX,235,,,a,
ASN00082076,20120202,TMAX,261,,,a,
ASN00082076,20120203,TMAX,275,,,a,
ASN00082076,20120204,TMAX,299,,,a,
ASN00082076,20120205,TMAX,311,,,a,
ASN00082076,20120206,TMAX,249,,,a,
ASN00082076,20120207,TMAX,266,,,a,
ASN00082076,20120208,TMAX,277,,,a,
ASN00082076,20120209,TMAX,222,,,a,
ASN00082076,20120210,TMAX,250,,,a,
ASN00082076,20120211,TMAX,248,,,a,
ASN00082076,20120212,TMAX,262,,,a,
ASN00082076,20120213,TMAX,272,,,a,
ASN00082076,20120214,TMAX,290,,,a,
ASN00082076,20120215,TMAX,300,,,a,
ASN00082076,20120216,TMAX,236,,,a,
ASN00082076,20120217,TMAX,268,,,a,
ASN00082076,20120218,TMAX,294,,,a,
ASN00082076,20120219,TMAX,246,,,a,
ASN00082076,20120220,TMAX,210,,,a,
ASN00082076,20120221,TMAX,259,,,a,
ASN00082076,20120222,TMAX,278,,,a,
ASN00082076,20120223,TMAX,298,,,a,
ASN00082076,20120224,TMAX,322,,,a,
ASN00082076,20120225,TMAX,325,,,a,
ASN00082076,20120226,TMAX,215,,,a,
ASN00082076,20120227,TMAX,254,,,a,
ASN00082076,20120228,TMAX,245,,,a,
ASN00082076,20120229,TMAX,217,,,a,
ASN00082076,20120201,TMIN,130,,,a,
ASN00082076,20120202,TMIN,141,,,a,
ASN00082076,20120203,TMIN,154,,,a,
ASN00082076,20120206,TMIN,86,,,a,
ASN00082076,20120207,TMIN,98,,,a,
ASN00082076,20120208,TMIN,145,,,a,
ASN00082076,20120209,TMIN,116,,,a,
ASN00082076,20120210,TMIN,122,,,a,
ASN00082076,20120211,TMIN,102,,,a,
ASN00082076,20120212,TMIN,142,,,a,
ASN00082076,20120213,TMIN,156,,,a,
ASN00082076,20120214,TMIN,130,,,a,
ASN00082076,20120215,TMIN,126,,,a,
ASN00082076,20120216,TMIN,134,,,a,
ASN00082076,20120217,TMIN,160,,,a,
ASN00082076,20120218,TMIN,165,,,a,
ASN00082076,20120219,TMIN,158,,,a,
ASN00082076,20120220,TMIN,140,,,a,
ASN00082076,20120221,TMIN,142,,,a,
ASN00082076,20120222,TMIN,127,,,a,
ASN00082076,20120223,TMIN,125,,,a,
ASN00082076,20120224,TMIN,126,,,a,
ASN00082076,20120227,TMIN,136,,,a,
ASN00082076,20120228,TMIN,180,,,a,
ASN00082076,20120229,TMIN,172,,,a,
ASN00082076,20120201,PRCP,0,,,a,
ASN00082076,20120202,PRCP,0,,,a,
ASN00082076,20120203,PRCP,0,,,a,
ASN00082076,20120204,PRCP,0,,,a,
ASN00082076,20120205,PRCP,0,,,a,
ASN00082076,20120206,PRCP,44,,,a,
ASN00082076,20120207,PRCP,0,,,a,
ASN00082076,20120208,PRCP,0,,,a,
ASN00082076,20120209,PRCP,0,,,a,
ASN00082076,20120210,PRCP,130,,,a,
ASN00082076,20120211,PRCP,302,,,a,
ASN00082076,20120212,PRCP,8,,,a,
ASN00082076,20120213,PRCP,0,,,a,
ASN00082076,20120214,PRCP,0,,,a,
ASN00082076,20120215,PRCP,0,,,a,
ASN00082076,20120216,PRCP,0,,,a,
ASN00082076,20120217,PRCP,28,,,a,
ASN00082076,20120218,PRCP,50,,,a,
ASN00082076,20120219,PRCP,0,,,a,
ASN00082076,20120220,PRCP,0,,,a,
ASN00082076,20120221,PRCP,194,,,a,
ASN00082076,20120222,PRCP,0,,,a,
ASN00082076,20120223,PRCP,0,,,a,
ASN00082076,20120224,PRCP,0,,,a,
ASN00082076,20120225,PRCP,0,,,a,
ASN00082076,20120226,PRCP,0,,,a,
ASN00082076,20120227,PRCP,62,,,a,
ASN00082076,20120228,PRCP,620,,,a,
ASN00082076,20120229,PRCP,130,,,a,
ASN00082076,20120205,DATN,2,,,a,
ASN00082076,20120226,DATN,2,,,a,
ASN00082076,20120205,MDTN,130,,,a,
ASN00082076,20120226,MDTN,127,,,a,
ASN00082076,20120301,TMAX,176,,,a,
ASN00082076,20120302,TMAX,215,,,a,
ASN00082076,20120303,TMAX,190,,,a,
ASN00082076,20120304,TMAX,249,,,a,
ASN00082076,20120305,TMAX,240,,,a,
ASN00082076,20120306,TMAX,219,,,a,
ASN00082076,20120307,TMAX,197,,,a,
ASN00082076,20120308,TMAX,200,,,a,
ASN00082076,20120309,TMAX,260,,,a,
ASN00082076,20120310,TMAX,248,,,a,
ASN00082076,20120313,TMAX,278,,,a,
ASN00082076,20120316,TMAX,195,,,a,
ASN00082076,20120317,TMAX,232,,,a,
ASN00082076,20120318,TMAX,222,,,a,
ASN00082076,20120319,TMAX,258,,,a,
ASN00082076,20120320,TMAX,264,,,a,
ASN00082076,20120321,TMAX,255,,,a,
ASN00082076,20120322,TMAX,214,,,a,
ASN00082076,20120323,TMAX,166,,,a,
ASN00082076,20120324,TMAX,174,,,a,
ASN00082076,20120325,TMAX,205,,,a,
ASN00082076,20120326,TMAX,216,,,a,
ASN00082076,20120327,TMAX,220,,,a,
ASN00082076,20120328,TMAX,212,,,a,
ASN00082076,20120329,TMAX,235,,,a,
ASN00082076,20120330,TMAX,246,,,a,
ASN00082076,20120331,TMAX,250,,,a,
ASN00082076,20120301,TMIN,151,,,a,
ASN00082076,20120302,TMIN,150,,,a,
ASN00082076,20120303,TMIN,150,,,a,
ASN00082076,20120304,TMIN,160,,,a,
ASN00082076,20120305,TMIN,92,,,a,
ASN00082076,20120306,TMIN,95,,,a,
ASN00082076,20120307,TMIN,137,,,a,
ASN00082076,20120308,TMIN,132,,,a,
ASN00082076,20120309,TMIN,112,,,a,
ASN00082076,20120310,TMIN,90,,,a,
ASN00082076,20120311,TMIN,94,,,a,
ASN00082076,20120314,TMIN,126,,,a,
ASN00082076,20120317,TMIN,120,,,a,
ASN00082076,20120318,TMIN,130,,,a,
ASN00082076,20120319,TMIN,89,,,a,
ASN00082076,20120320,TMIN,90,,,a,
ASN00082076,20120321,TMIN,93,,,a,
ASN00082076,20120322,TMIN,116,,,a,
ASN00082076,20120323,TMIN,105,,,a,
ASN00082076,20120324,TMIN,98,,,a,
ASN00082076,20120325,TMIN,40,,,a,
ASN00082076,20120326,TMIN,63,,,a,
ASN00082076,20120327,TMIN,93,,,a,
ASN00082076,20120328,TMIN,131,,,a,
ASN00082076,20120329,TMIN,113,,,a,
ASN00082076,20120330,TMIN,85,,,a,
ASN00082076,20120331,TMIN,80,,,a,
ASN00082076,20120301,PRCP,554,,,a,
ASN00082076,20120302,PRCP,510,,,a,
ASN00082076,20120303,PRCP,0,,,a,
ASN00082076,20120304,PRCP,708,,,a,
ASN00082076,20120305,PRCP,28,,,a,
ASN00082076,20120306,PRCP,0,,,a,
ASN00082076,20120307,PRCP,0,,,a,
ASN00082076,20120308,PRCP,0,,,a,
ASN00082076,20120309,PRCP,0,,,a,
ASN00082076,20120310,PRCP,0,,,a,
ASN00082076,20120311,PRCP,0,,,a,
ASN00082076,20120312,PRCP,0,,,a,
ASN00082076,20120313,PRCP,0,,,a,
ASN00082076,20120314,PRCP,0,,,a,
ASN00082076,20120317,PRCP,188,,,a,
ASN00082076,20120318,PRCP,0,,,a,
ASN00082076,20120319,PRCP,0,,,a,
ASN00082076,20120320,PRCP,0,,,a,
ASN00082076,20120321,PRCP,0,,,a,
ASN00082076,20120322,PRCP,4,,,a,
ASN00082076,20120323,PRCP,0,,,a,
ASN00082076,20120324,PRCP,10,,,a,
ASN00082076,20120325,PRCP,2,,,a,
ASN00082076,20120326,PRCP,0,,,a,
ASN00082076,20120327,PRCP,0,,,a,
ASN00082076,20120328,PRCP,82,,,a,
ASN00082076,20120329,PRCP,62,,,a,
ASN00082076,20120330,PRCP,0,,,a,
ASN00082076,20120331,PRCP,0,,,a,
ASN00082076,20120316,DAPR,2,,,a,
ASN00082076,20120313,DATN,2,,,a,
ASN00082076,20120316,DATN,2,,,a,
ASN00082076,20120312,DATX,2,,,a,
ASN00082076,20120315,DATX,2,,,a,
ASN00082076,20120316,MDPR,224,,,a,
ASN00082076,20120313,MDTN,116,,,a,
ASN00082076,20120316,MDTN,135,,,a,
ASN00082076,20120312,MDTX,264,,,a,
ASN00082076,20120315,MDTX,281,,,a,
ASN00082076,20120401,TMAX,255,,,a,
ASN00082076,20120402,TMAX,243,,,a,
ASN00082076,20120403,TMAX,265,,,a,
ASN00082076,20120404,TMAX,275,,,a,
ASN00082076,20120405,TMAX,275,,,a,
ASN00082076,20120406,TMAX,265,,,a,
ASN00082076,20120407,TMAX,210,,,a,
ASN00082076,20120408,TMAX,180,,,a,
ASN00082076,20120409,TMAX,165,,,a,
ASN00082076,20120410,TMAX,162,,,a,
ASN00082076,20120411,TMAX,193,,,a,
ASN00082076,20120412,TMAX,209,,,a,
ASN00082076,20120413,TMAX,218,,,a,
ASN00082076,20120414,TMAX,177,,,a,
ASN00082076,20120415,TMAX,236,,,a,
ASN00082076,20120416,TMAX,246,,,a,
ASN00082076,20120417,TMAX,232,,,a,
ASN00082076,20120418,TMAX,235,,,a,
ASN00082076,20120419,TMAX,190,,,a,
ASN00082076,20120420,TMAX,198,,,a,
ASN00082076,20120421,TMAX,235,,,a,
ASN00082076,20120422,TMAX,202,,,a,
ASN00082076,20120423,TMAX,203,,,a,
ASN00082076,20120424,TMAX,135,,,a,
ASN00082076,20120425,TMAX,152,,,a,
ASN00082076,20120426,TMAX,175,,,a,
ASN00082076,20120427,TMAX,195,,,a,
ASN00082076,20120428,TMAX,190,,,a,
ASN00082076,20120429,TMAX,165,,,a,
ASN00082076,20120430,TMAX,180,,,a,
ASN00082076,20120401,TMIN,80,,,a,
ASN00082076,20120402,TMIN,125,,,a,
ASN00082076,20120403,TMIN,121,,,a,
ASN00082076,20120404,TMIN,145,,,a,
ASN00082076,20120405,TMIN,120,,,a,
ASN00082076,20120406,TMIN,128,,,a,
ASN00082076,20120407,TMIN,113,,,a,
ASN00082076,20120408,TMIN,55,,,a,
ASN00082076,20120409,TMIN,53,,,a,
ASN00082076,20120411,TMIN,35,,,a,
ASN00082076,20120412,TMIN,86,,,a,
ASN00082076,20120413,TMIN,88,,,a,
ASN00082076,20120414,TMIN,55,,,a,
ASN00082076,20120415,TMIN,62,,,a,
ASN00082076,20120416,TMIN,65,,,a,
ASN00082076,20120417,TMIN,115,,,a,
ASN00082076,20120418,TMIN,151,,,a,
ASN00082076,20120419,TMIN,145,,,a,
ASN00082076,20120420,TMIN,136,,,a,
ASN00082076,20120421,TMIN,104,,,a,
ASN00082076,20120422,TMIN,120,,,a,
ASN00082076,20120423,TMIN,130,,,a,
ASN00082076,20120425,TMIN,92,,,a,
ASN00082076,20120426,TMIN,45,,,a,
ASN00082076,20120427,TMIN,55,,,a,
ASN00082076,20120428,TMIN,45,,,a,
ASN00082076,20120429,TMIN,55,,,a,
ASN00082076,20120430,TMIN,35,,,a,
ASN00082076,20120401,PRCP,6,,,a,
ASN00082076,20120402,PRCP,0,,,a,
ASN00082076,20120403,PRCP,0,,,a,
ASN00082076,20120404,PRCP,0,,,a,
ASN00082076,20120405,PRCP,0,,,a,
ASN00082076,20120406,PRCP,0,,,a,
ASN00082076,20120407,PRCP,0,,,a,
ASN00082076,20120408,PRCP,0,,,a,
ASN00082076,20120409,PRCP,0,,,a,
ASN00082076,20120410,PRCP,24,,,a,
ASN00082076,20120411,PRCP,0,,,a,
ASN00082076,20120412,PRCP,0,,,a,
ASN00082076,20120413,PRCP,0,,,a,
ASN00082076,20120414,PRCP,0,,,a,
ASN00082076,20120415,PRCP,0,,,a,
ASN00082076,20120416,PRCP,0,,,a,
ASN00082076,20120417,PRCP,0,,,a,
ASN00082076,20120418,PRCP,0,,,a,
ASN00082076,20120419,PRCP,14,,,a,
ASN00082076,20120420,PRCP,190,,,a,
ASN00082076,20120421,PRCP,10,,,a,
ASN00082076,20120422,PRCP,0,,,a,
ASN00082076,20120423,PRCP,86,,,a,
ASN00082076,20120424,PRCP,20,,,a,
ASN00082076,20120425,PRCP,34,,,a,
ASN00082076,20120426,PRCP,0,,,a,
ASN00082076,20120427,PRCP,0,,,a,
ASN00082076,20120428,PRCP,0,,,a,
ASN00082076,20120429,PRCP,0,,,a,
ASN00082076,20120430,PRCP,0,,,a,
ASN00082076,20120501,TMAX,190,,,a,
ASN00082076,20120502,TMAX,131,,,a,
ASN00082076,20120503,TMAX,117,,,a,
ASN00082076,20120504,TMAX,142,,,a,
ASN00082076,20120505,TMAX,155,,,a,
ASN00082076,20120506,TMAX,140,,,a,
ASN00082076,20120507,TMAX,115,,,a,
ASN00082076,20120508,TMAX,180,,,a,
ASN00082076,20120509,TMAX,130,,,a,
ASN00082076,20120510,TMAX,205,,,a,
ASN00082076,20120511,TMAX,174,,,a,
ASN00082076,20120512,TMAX,132,,,a,
ASN00082076,20120513,TMAX,125,,,a,
ASN00082076,20120514,TMAX,141,,,a,
ASN00082076,20120515,TMAX,146,,,a,
ASN00082076,20120516,TMAX,135,,,a,
ASN00082076,20120517,TMAX,155,,,a,
ASN00082076,20120518,TMAX,139,,,a,
ASN00082076,20120519,TMAX,160,,,a,
ASN00082076,20120520,TMAX,153,,,a,
ASN00082076,20120521,TMAX,135,,,a,
ASN00082076,20120522,TMAX,141,,,a,
ASN00082076,20120523,TMAX,172,,,a,
ASN00082076,20120524,TMAX,136,,,a,
ASN00082076,20120525,TMAX,85,,,a,
ASN00082076,20120526,TMAX,105,,,a,
ASN00082076,20120527,TMAX,145,,,a,
ASN00082076,20120528,TMAX,149,,,a,
ASN00082076,20120529,TMAX,154,,,a,
ASN00082076,20120530,TMAX,155,,,a,
ASN00082076,20120531,TMAX,155,,,a,
ASN00082076,20120501,TMIN,51,,,a,
ASN00082076,20120502,TMIN,78,,,a,
ASN00082076,20120503,TMIN,55,,,a,
ASN00082076,20120504,TMIN,43,,,a,
ASN00082076,20120505,TMIN,28,,,a,
ASN00082076,20120506,TMIN,40,,,a,
ASN00082076,20120507,TMIN,50,,,a,
ASN00082076,20120508,TMIN,32,,,a,
ASN00082076,20120509,TMIN,43,,,a,
ASN00082076,20120510,TMIN,64,,,a,
ASN00082076,20120511,TMIN,75,,,a,
ASN00082076,20120512,TMIN,0,,,a,
ASN00082076,20120513,TMIN,13,,,a,
ASN00082076,20120514,TMIN,2,,,a,
ASN00082076,20120515,TMIN,7,,,a,
ASN00082076,20120516,TMIN,19,,,a,
ASN00082076,20120517,TMIN,6,,,a,
ASN00082076,20120518,TMIN,15,,,a,
ASN00082076,20120519,TMIN,13,,,a,
ASN00082076,20120520,TMIN,3,,,a,
ASN00082076,20120521,TMIN,3,,,a,
ASN00082076,20120522,TMIN,25,,,a,
ASN00082076,20120523,TMIN,39,,,a,
ASN00082076,20120524,TMIN,45,,,a,
ASN00082076,20120525,TMIN,55,,,a,
ASN00082076,20120526,TMIN,56,,,a,
ASN00082076,20120527,TMIN,60,,,a,
ASN00082076,20120528,TMIN,15,,,a,
ASN00082076,20120529,TMIN,6,,,a,
ASN00082076,20120530,TMIN,6,,,a,
ASN00082076,20120531,TMIN,1,,,a,
ASN00082076,20120501,PRCP,0,,,a,
ASN00082076,20120502,PRCP,0,,,a,
ASN00082076,20120503,PRCP,226,,,a,
ASN00082076,20120504,PRCP,0,,,a,
ASN00082076,20120505,PRCP,0,,,a,
ASN00082076,20120506,PRCP,0,,,a,
ASN00082076,20120507,PRCP,0,,,a,
ASN00082076,20120508,PRCP,0,,,a,
ASN00082076,20120509,PRCP,0,,,a,
ASN00082076,20120510,PRCP,20,,,a,
ASN00082076,20120511,PRCP,0,,,a,
ASN00082076,20120512,PRCP,0,,,a,
ASN00082076,20120513,PRCP,16,,,a,
ASN00082076,20120514,PRCP,8,,,a,
ASN00082076,20120515,PRCP,0,,,a,
ASN00082076,20120516,PRCP,0,,,a,
ASN00082076,20120517,PRCP,0,,,a,
ASN00082076,20120518,PRCP,0,,,a,
ASN00082076,20120519,PRCP,0,,,a,
ASN00082076,20120520,PRCP,0,,,a,
ASN00082076,20120521,PRCP,0,,,a,
ASN00082076,20120522,PRCP,0,,,a,
ASN00082076,20120523,PRCP,0,,,a,
ASN00082076,20120524,PRCP,2,,,a,
ASN00082076,20120525,PRCP,234,,,a,
ASN00082076,20120526,PRCP,126,,,a,
ASN00082076,20120527,PRCP,10,,,a,
ASN00082076,20120528,PRCP,0,,,a,
ASN00082076,20120529,PRCP,0,,,a,
ASN00082076,20120530,PRCP,0,,,a,
ASN00082076,20120531,PRCP,0,,,a,
ASN00082076,20120601,TMAX,138,,,a,
ASN00082076,20120602,TMAX,130,,,a,
ASN00082076,20120603,TMAX,128,,,a,
ASN00082076,20120604,TMAX,132,,,a,
ASN00082076,20120605,TMAX,130,,,a,
ASN00082076,20120606,TMAX,125,,,a,
ASN00082076,20120607,TMAX,114,,,a,
ASN00082076,20120608,TMAX,120,,,a,
ASN00082076,20120609,TMAX,117,,,a,
ASN00082076,20120610,TMAX,139,,,a,
ASN00082076,20120611,TMAX,124,,,a,
ASN00082076,20120612,TMAX,140,,,a,
ASN00082076,20120613,TMAX,147,,,a,
ASN00082076,20120614,TMAX,144,,,a,
ASN00082076,20120615,TMAX,130,,,a,
ASN00082076,20120616,TMAX,90,,,a,
ASN00082076,20120617,TMAX,100,,,a,
ASN00082076,20120618,TMAX,100,,,a,
ASN00082076,20120619,TMAX,111,,,a,
ASN00082076,20120620,TMAX,101,,,a,
ASN00082076,20120621,TMAX,112,,,a,
ASN00082076,20120622,TMAX,90,,,a,
ASN00082076,20120623,TMAX,80,,,a,
ASN00082076,20120624,TMAX,111,,,a,
ASN00082076,20120625,TMAX,111,,,a,
ASN00082076,20120626,TMAX,105,,,a,
ASN00082076,20120627,TMAX,130,,,a,
ASN00082076,20120628,TMAX,94,,,a,
ASN00082076,20120629,TMAX,121,,,a,
ASN00082076,20120630,TMAX,98,,,a,
ASN00082076,20120601,TMIN,0,,,a,
ASN00082076,20120602,TMIN,25,,,a,
ASN00082076,20120603,TMIN,35,,,a,
ASN00082076,20120604,TMIN,82,,,a,
ASN00082076,20120605,TMIN,84,,,a,
ASN00082076,20120606,TMIN,87,,,a,
ASN00082076,20120607,TMIN,0,,,a,
ASN00082076,20120608,TMIN,-15,,,a,
ASN00082076,20120609,TMIN,-11,,,a,
ASN00082076,20120610,TMIN,-10,,,a,
ASN00082076,20120611,TMIN,-3,,,a,
ASN00082076,20120612,TMIN,-4,,,a,
ASN00082076,20120613,TMIN,-4,,,a,
ASN00082076,20120614,TMIN,21,,,a,
ASN00082076,20120615,TMIN,49,,,a,
ASN00082076,20120620,TMIN,-15,,,a,
ASN00082076,20120621,TMIN,7,,,a,
ASN00082076,20120622,TMIN,71,,,a,
ASN00082076,20120623,TMIN,0,,,a,
ASN00082076,20120624,TMIN,20,,,a,
ASN00082076,20120625,TMIN,67,,,a,
ASN00082076,20120626,TMIN,49,,,a,
ASN00082076,20120627,TMIN,35,,,a,
ASN00082076,20120628,TMIN,9,,,a,
ASN00082076,20120629,TMIN,38,,,a,
ASN00082076,20120630,TMIN,46,,,a,
ASN00082076,20120601,PRCP,0,,,a,
ASN00082076,20120602,PRCP,0,,,a,
ASN00082076,20120603,PRCP,92,,,a,
ASN00082076,20120604,PRCP,4,,,a,
ASN00082076,20120605,PRCP,216,,,a,
ASN00082076,20120606,PRCP,0,,,a,
ASN00082076,20120607,PRCP,0,,,a,
ASN00082076,20120608,PRCP,0,,,a,
ASN00082076,20120609,PRCP,0,,,a,
ASN00082076,20120610,PRCP,0,,,a,
ASN00082076,20120611,PRCP,0,,,a,
ASN00082076,20120612,PRCP,0,,,a,
ASN00082076,20120613,PRCP,0,,,a,
ASN00082076,20120614,PRCP,0,,,a,
ASN00082076,20120615,PRCP,8,,,a,
ASN00082076,20120616,PRCP,0,,,a,
ASN00082076,20120617,PRCP,8,,,a,
ASN00082076,20120618,PRCP,20,,,a,
ASN00082076,20120619,PRCP,40,,,a,
ASN00082076,20120620,PRCP,4,,,a,
ASN00082076,20120621,PRCP,10,,,a,
ASN00082076,20120622,PRCP,178,,,a,
ASN00082076,20120623,PRCP,10,,,a,
ASN00082076,20120624,PRCP,12,,,a,
ASN00082076,20120625,PRCP,10,,,a,
ASN00082076,20120626,PRCP,4,,,a,
ASN00082076,20120627,PRCP,0,,,a,
ASN00082076,20120628,PRCP,0,,,a,
ASN00082076,20120629,PRCP,60,,,a,
ASN00082076,20120617,DATN,2,,,a,
ASN00082076,20120619,DATN,2,,,a,
ASN00082076,20120617,MDTN,20,,,a,
ASN00082076,20120619,MDTN,60,,,a,
ASN00082076,20120701,TMAX,83,,,a,
ASN00082076,20120702,TMAX,118,,,a,
ASN00082076,20120703,TMAX,118,,,a,
ASN00082076,20120704,TMAX,113,,,a,
ASN00082076,20120705,TMAX,113,,,a,
ASN00082076,20120706,TMAX,117,,,a,
ASN00082076,20120707,TMAX,128,,,a,
ASN00082076,20120708,TMAX,134,,,a,
ASN00082076,20120709,TMAX,137,,,a,
ASN00082076,20120710,TMAX,109,,,a,
ASN00082076,20120711,TMAX,123,,,a,
ASN00082076,20120712,TMAX,104,,,a,
ASN00082076,20120713,TMAX,143,,,a,
ASN00082076,20120714,TMAX,125,,,a,
ASN00082076,20120715,TMAX,128,,,a,
ASN00082076,20120716,TMAX,125,,,a,
ASN00082076,20120717,TMAX,125,,,a,
ASN00082076,20120718,TMAX,128,,,a,
ASN00082076,20120719,TMAX,116,,,a,
ASN00082076,20120720,TMAX,131,,,a,
ASN00082076,20120721,TMAX,145,,,a,
ASN00082076,20120722,TMAX,149,,,a,
ASN00082076,20120723,TMAX,147,,,a,
ASN00082076,20120724,TMAX,132,,,a,
ASN00082076,20120725,TMAX,134,,,a,
ASN00082076,20120726,TMAX,135,,,a,
ASN00082076,20120729,TMAX,112,,,a,
ASN00082076,20120730,TMAX,122,,,a,
ASN00082076,20120731,TMAX,113,,,a,
ASN00082076,20120701,TMIN,64,,,a,
ASN00082076,20120704,TMIN,-2,,,a,
ASN00082076,20120705,TMIN,-24,,,a,
ASN00082076,20120706,TMIN,-20,,,a,
ASN00082076,20120707,TMIN,-19,,,a,
ASN00082076,20120708,TMIN,-22,,,a,
ASN00082076,20120709,TMIN,-11,,,a,
ASN00082076,20120710,TMIN,28,,,a,
ASN00082076,20120711,TMIN,60,,,a,
ASN00082076,20120712,TMIN,31,,,a,
ASN00082076,20120713,TMIN,50,,,a,
ASN00082076,20120714,TMIN,85,,,a,
ASN00082076,20120715,TMIN,66,,,a,
ASN00082076,20120716,TMIN,65,,,a,
ASN00082076,20120717,TMIN,81,,,a,
ASN00082076,20120718,TMIN,56,,,a,
ASN00082076,20120719,TMIN,5,,,a,
ASN00082076,20120720,TMIN,8,,,a,
ASN00082076,20120721,TMIN,24,,,a,
ASN00082076,20120722,TMIN,15,,,a,
ASN00082076,20120723,TMIN,2,,,a,
ASN00082076,20120724,TMIN,8,,,a,
ASN00082076,20120725,TMIN,9,,,a,
ASN00082076,20120726,TMIN,34,,,a,
ASN00082076,20120727,TMIN,63,,,a,
ASN00082076,20120730,TMIN,-3,,,a,
ASN00082076,20120731,TMIN,5,,,a,
ASN00082076,20120702,PRCP,50,,,a,
ASN00082076,20120703,PRCP,0,,,a,
ASN00082076,20120704,PRCP,0,,,a,
ASN00082076,20120705,PRCP,0,,,a,
ASN00082076,20120706,PRCP,0,,,a,
ASN00082076,20120707,PRCP,0,,,a,
ASN00082076,20120708,PRCP,0,,,a,
ASN00082076,20120709,PRCP,0,,,a,
ASN00082076,20120710,PRCP,10,,,a,
ASN00082076,20120711,PRCP,356,,,a,
ASN00082076,20120712,PRCP,0,,,a,
ASN00082076,20120713,PRCP,160,,,a,
ASN00082076,20120714,PRCP,92,,,a,
ASN00082076,20120715,PRCP,96,,,a,
ASN00082076,20120716,PRCP,18,,,a,
ASN00082076,20120717,PRCP,34,,,a,
ASN00082076,20120718,PRCP,2,,,a,
ASN00082076,20120719,PRCP,10,,,a,
ASN00082076,20120720,PRCP,0,,,a,
ASN00082076,20120721,PRCP,0,,,a,
ASN00082076,20120722,PRCP,0,,,a,
ASN00082076,20120723,PRCP,0,,,a,
ASN00082076,20120724,PRCP,0,,,a,
ASN00082076,20120725,PRCP,0,,,a,
ASN00082076,20120726,PRCP,56,,,a,
ASN00082076,20120727,PRCP,66,,,a,
ASN00082076,20120730,PRCP,0,,,a,
ASN00082076,20120731,PRCP,0,,,a,
ASN00082076,20120701,DAPR,2,,,a,
ASN00082076,20120729,DAPR,2,,,a,
ASN00082076,20120703,DATN,2,,,a,
ASN00082076,20120728,DATX,2,,,a,
ASN00082076,20120701,MDPR,262,,,a,
ASN00082076,20120729,MDPR,38,,,a,
ASN00082076,20120703,MDTN,25,,,a,
ASN00082076,20120728,MDTX,116,,,a,
ASN00082076,20120801,TMAX,118,,,a,
ASN00082076,20120802,TMAX,119,,,a,
ASN00082076,20120803,TMAX,112,,,a,
ASN00082076,20120804,TMAX,134,,,a,
ASN00082076,20120805,TMAX,116,,,a,
ASN00082076,20120806,TMAX,100,,,a,
ASN00082076,20120807,TMAX,118,,,a,
ASN00082076,20120808,TMAX,151,,,a,
ASN00082076,20120809,TMAX,109,,,a,
ASN00082076,20120810,TMAX,135,,,a,
ASN00082076,20120811,TMAX,130,,,a,
ASN00082076,20120812,TMAX,145,,,a,
ASN00082076,20120813,TMAX,125,,,a,
ASN00082076,20120814,TMAX,145,,,a,
ASN00082076,20120815,TMAX,113,,,a,
ASN00082076,20120816,TMAX,110,,,a,
ASN00082076,20120817,TMAX,70,,,a,
ASN00082076,20120818,TMAX,130,,,a,
ASN00082076,20120819,TMAX,129,,,a,
ASN00082076,20120820,TMAX,127,,,a,
ASN00082076,20120821,TMAX,145,,,a,
ASN00082076,20120822,TMAX,169,,,a,
ASN00082076,20120823,TMAX,102,,,a,
ASN00082076,20120824,TMAX,82,,,a,
ASN00082076,20120825,TMAX,98,,,a,
ASN00082076,20120826,TMAX,132,,,a,
ASN00082076,20120827,TMAX,142,,,a,
ASN00082076,20120828,TMAX,145,,,a,
ASN00082076,20120831,TMAX,117,,,a,
ASN00082076,20120801,TMIN,12,,,a,
ASN00082076,20120802,TMIN,-13,,,a,
ASN00082076,20120803,TMIN,0,,,a,
ASN00082076,20120804,TMIN,14,,,a,
ASN00082076,20120805,TMIN,58,,,a,
ASN00082076,20120806,TMIN,55,,,a,
ASN00082076,20120807,TMIN,23,,,a,
ASN00082076,20120808,TMIN,18,,,a,
ASN00082076,20120809,TMIN,34,,,a,
ASN00082076,20120810,TMIN,-15,,,a,
ASN00082076,20120811,TMIN,64,,,a,
ASN00082076,20120812,TMIN,88,,,a,
ASN00082076,20120813,TMIN,0,,,a,
ASN00082076,20120814,TMIN,18,,,a,
ASN00082076,20120815,TMIN,29,,,a,
ASN00082076,20120816,TMIN,58,,,a,
ASN00082076,20120817,TMIN,30,,,a,
ASN00082076,20120818,TMIN,25,,,a,
ASN00082076,20120819,TMIN,10,,,a,
ASN00082076,20120820,TMIN,24,,,a,
ASN00082076,20120821,TMIN,8,,,a,
ASN00082076,20120822,TMIN,27,,,a,
ASN00082076,20120823,TMIN,44,,,a,
ASN00082076,20120824,TMIN,46,,,a,
ASN00082076,20120825,TMIN,47,,,a,
ASN00082076,20120826,TMIN,60,,,a,
ASN00082076,20120827,TMIN,44,,,a,
ASN00082076,20120828,TMIN,20,,,a,
ASN00082076,20120829,TMIN,15,,,a,
ASN00082076,20120801,PRCP,0,,,a,
ASN00082076,20120802,PRCP,0,,,a,
ASN00082076,20120803,PRCP,2,,,a,
ASN00082076,20120804,PRCP,4,,,a,
ASN00082076,20120805,PRCP,20,,,a,
ASN00082076,20120806,PRCP,162,,,a,
ASN00082076,20120807,PRCP,4,,,a,
ASN00082076,20120808,PRCP,0,,,a,
ASN00082076,20120809,PRCP,164,,,a,
ASN00082076,20120810,PRCP,6,,,a,
ASN00082076,20120811,PRCP,0,,,a,
ASN00082076,20120812,PRCP,0,,,a,
ASN00082076,20120813,PRCP,0,,,a,
ASN00082076,20120814,PRCP,0,,,a,
ASN00082076,20120815,PRCP,48,,,a,
ASN00082076,20120816,PRCP,26,,,a,
ASN00082076,20120817,PRCP,198,,,a,
ASN00082076,20120818,PRCP,194,,,a,
ASN00082076,20120819,PRCP,6,,,a,
ASN00082076,20120820,PRCP,0,,,a,
ASN00082076,20120821,PRCP,0,,,a,
ASN00082076,20120822,PRCP,0,,,a,
ASN00082076,20120823,PRCP,36,,,a,
ASN00082076,20120824,PRCP,324,,,a,
ASN00082076,20120825,PRCP,82,,,a,
ASN00082076,20120826,PRCP,30,,,a,
ASN00082076,20120827,PRCP,0,,,a,
ASN00082076,20120828,PRCP,0,,,a,
ASN00082076,20120829,PRCP,0,,,a,
ASN00082076,20120831,DAPR,2,,,a,
ASN00082076,20120831,DATN,2,,,a,
ASN00082076,20120830,DATX,2,,,a,
ASN00082076,20120831,MDPR,40,,,a,
ASN00082076,20120831,MDTN,33,,,a,
ASN00082076,20120830,MDTX,103,,,a,
ASN00082076,20120901,TMAX,140,,,a,
ASN00082076,20120902,TMAX,158,,,a,
ASN00082076,20120903,TMAX,184,,,a,
ASN00082076,20120904,TMAX,201,,,a,
ASN00082076,20120905,TMAX,202,,,a,
ASN00082076,20120906,TMAX,138,,,a,
ASN00082076,20120907,TMAX,107,,,a,
ASN00082076,20120908,TMAX,130,,,a,
ASN00082076,20120909,TMAX,168,,,a,
ASN00082076,20120910,TMAX,190,,,a,
ASN00082076,20120911,TMAX,190,,,a,
ASN00082076,20120914,TMAX,120,,,a,
ASN00082076,20120915,TMAX,180,,,a,
ASN00082076,20120916,TMAX,167,,,a,
ASN00082076,20120917,TMAX,146,,,a,
ASN00082076,20120918,TMAX,167,,,a,
ASN00082076,20120919,TMAX,190,,,a,
ASN00082076,20120920,TMAX,152,,,a,
ASN00082076,20120924,TMAX,147,,,a,
ASN00082076,20120925,TMAX,182,,,a,
ASN00082076,20120926,TMAX,209,,,a,
ASN00082076,20120927,TMAX,238,,,a,
ASN00082076,20120928,TMAX,225,,,a,
ASN00082076,20120929,TMAX,114,,,a,
ASN00082076,20120930,TMAX,139,,,a,
ASN00082076,20120901,TMIN,-22,,,a,
ASN00082076,20120902,TMIN,35,,,a,
ASN00082076,20120903,TMIN,-10,,,a,
ASN00082076,20120904,TMIN,44,,,a,
ASN00082076,20120905,TMIN,43,,,a,
ASN00082076,20120906,TMIN,81,,,a,
ASN00082076,20120907,TMIN,58,,,a,
ASN00082076,20120908,TMIN,61,,,a,
ASN00082076,20120909,TMIN,60,,,a,
ASN00082076,20120910,TMIN,38,,,a,
ASN00082076,20120911,TMIN,40,,,a,
ASN00082076,20120912,TMIN,41,,,a,
ASN00082076,20120916,TMIN,23,,,a,
ASN00082076,20120917,TMIN,45,,,a,
ASN00082076,20120918,TMIN,41,,,a,
ASN00082076,20120919,TMIN,79,,,a,
ASN00082076,20120920,TMIN,75,,,a,
ASN00082076,20120921,TMIN,83,,,a,
ASN00082076,20120925,TMIN,75,,,a,
ASN00082076,20120926,TMIN,56,,,a,
ASN00082076,20120927,TMIN,58,,,a,
ASN00082076,20120928,TMIN,95,,,a,
ASN00082076,20120929,TMIN,65,,,a,
ASN00082076,20120930,TMIN,52,,,a,
ASN00082076,20120901,PRCP,8,,,a,
ASN00082076,20120902,PRCP,0,,,a,
ASN00082076,20120903,PRCP,0,,,a,
ASN00082076,20120904,PRCP,0,,,a,
ASN00082076,20120905,PRCP,0,,,a,
ASN00082076,20120906,PRCP,38,,,a,
ASN00082076,20120907,PRCP,70,,,a,
ASN00082076,20120908,PRCP,78,,,a,
ASN00082076,20120909,PRCP,20,,,a,
ASN00082076,20120910,PRCP,0,,,a,
ASN00082076,20120911,PRCP,0,,,a,
ASN00082076,20120912,PRCP,0,,,a,
ASN00082076,20120915,PRCP,0,,,a,
ASN00082076,20120916,PRCP,0,,,a,
ASN00082076,20120917,PRCP,0,,,a,
ASN00082076,20120918,PRCP,0,,,a,
ASN00082076,20120919,PRCP,36,,,a,
ASN00082076,20120920,PRCP,0,,,a,
ASN00082076,20120921,PRCP,10,,,a,
ASN00082076,20120925,PRCP,0,,,a,
ASN00082076,20120926,PRCP,0,,,a,
ASN00082076,20120927,PRCP,0,,,a,
ASN00082076,20120928,PRCP,4,,,a,
ASN00082076,20120929,PRCP,196,,,a,
ASN00082076,20120930,PRCP,14,,,a,
ASN00082076,20120914,DAPR,2,,,a,
ASN00082076,20120924,DAPR,3,,,a,
ASN00082076,20120915,DATN,3,,,a,
ASN00082076,20120924,DATN,3,,,a,
ASN00082076,20120913,DATX,2,,,a,
ASN00082076,20120923,DATX,3,,,a,
ASN00082076,20120914,MDPR,82,,,a,
ASN00082076,20120924,MDPR,10,,,a,
ASN00082076,20120915,MDTN,15,,,a,
ASN00082076,20120924,MDTN,12,,,a,
ASN00082076,20120913,MDTX,148,,,a,
ASN00082076,20120923,MDTX,200,,,a,
ASN00082076,20121001,TMAX,197,,,a,
ASN00082076,20121002,TMAX,222,,,a,
ASN00082076,20121003,TMAX,225,,,a,
ASN00082076,20121004,TMAX,262,,,a,
ASN00082076,20121005,TMAX,250,,,a,
ASN00082076,20121006,TMAX,120,,,a,
ASN00082076,20121007,TMAX,157,,,a,
ASN00082076,20121008,TMAX,168,,,a,
ASN00082076,20121009,TMAX,178,,,a,
ASN00082076,20121010,TMAX,165,,,a,
ASN00082076,20121011,TMAX,98,,,a,
ASN00082076,20121012,TMAX,190,,,a,
ASN00082076,20121013,TMAX,170,,,a,
ASN00082076,20121014,TMAX,201,,,a,
ASN00082076,20121015,TMAX,235,,,a,
ASN00082076,20121016,TMAX,173,,,a,
ASN00082076,20121017,TMAX,190,,,a,
ASN00082076,20121018,TMAX,210,,,a,
ASN00082076,20121019,TMAX,260,,,a,
ASN00082076,20121020,TMAX,277,,,a,
ASN00082076,20121021,TMAX,208,,,a,
ASN00082076,20121022,TMAX,162,,,a,
ASN00082076,20121023,TMAX,213,,,a,
ASN00082076,20121024,TMAX,208,,,a,
ASN00082076,20121025,TMAX,230,,,a,
ASN00082076,20121026,TMAX,188,,,a,
ASN00082076,20121027,TMAX,195,,,a,
ASN00082076,20121028,TMAX,233,,,a,
ASN00082076,20121029,TMAX,255,,,a,
ASN00082076,20121030,TMAX,279,,,a,
ASN00082076,20121031,TMAX,291,,,a,
ASN00082076,20121001,TMIN,13,,,a,
ASN00082076,20121002,TMIN,40,,,a,
ASN00082076,20121003,TMIN,61,,,a,
ASN00082076,20121004,TMIN,44,,,a,
ASN00082076,20121005,TMIN,104,,,a,
ASN00082076,20121006,TMIN,103,,,a,
ASN00082076,20121007,TMIN,20,,,a,
ASN00082076,20121008,TMIN,37,,,a,
ASN00082076,20121009,TMIN,51,,,a,
ASN00082076,20121010,TMIN,75,,,a,
ASN00082076,20121011,TMIN,60,,,a,
ASN00082076,20121012,TMIN,71,,,a,
ASN00082076,20121014,TMIN,31,,,a,
ASN00082076,20121016,TMIN,54,,,a,
ASN00082076,20121017,TMIN,29,,,a,
ASN00082076,20121018,TMIN,53,,,a,
ASN00082076,20121019,TMIN,62,,,a,
ASN00082076,20121020,TMIN,82,,,a,
ASN00082076,20121021,TMIN,79,,,a,
ASN00082076,20121022,TMIN,36,,,a,
ASN00082076,20121023,TMIN,14,,,a,
ASN00082076,20121024,TMIN,53,,,a,
ASN00082076,20121025,TMIN,72,,,a,
ASN00082076,20121026,TMIN,55,,,a,
ASN00082076,20121027,TMIN,76,,,a,
ASN00082076,20121028,TMIN,82,,,a,
ASN00082076,20121029,TMIN,82,,,a,
ASN00082076,20121030,TMIN,78,,,a,
ASN00082076,20121031,TMIN,95,,,a,
ASN00082076,20121001,PRCP,4,,,a,
ASN00082076,20121002,PRCP,0,,,a,
ASN00082076,20121003,PRCP,0,,,a,
ASN00082076,20121004,PRCP,0,,,a,
ASN00082076,20121005,PRCP,0,,,a,
ASN00082076,20121006,PRCP,2,,,a,
ASN00082076,20121007,PRCP,280,,,a,
ASN00082076,20121008,PRCP,0,,,a,
ASN00082076,20121009,PRCP,0,,,a,
ASN00082076,20121010,PRCP,0,,,a,
ASN00082076,20121011,PRCP,2,,,a,
ASN00082076,20121012,PRCP,82,,,a,
ASN00082076,20121013,PRCP,22,,,a,
ASN00082076,20121014,PRCP,0,,,a,
ASN00082076,20121015,PRCP,6,,,a,
ASN00082076,20121016,PRCP,0,,,a,
ASN00082076,20121017,PRCP,150,,,a,
ASN00082076,20121018,PRCP,0,,,a,
ASN00082076,20121019,PRCP,0,,,a,
ASN00082076,20121020,PRCP,0,,,a,
ASN00082076,20121021,PRCP,0,,,a,
ASN00082076,20121022,PRCP,0,,,a,
ASN00082076,20121023,PRCP,0,,,a,
ASN00082076,20121024,PRCP,0,,,a,
ASN00082076,20121025,PRCP,0,,,a,
ASN00082076,20121026,PRCP,0,,,a,
ASN00082076,20121027,PRCP,0,,,a,
ASN00082076,20121028,PRCP,0,,,a,
ASN00082076,20121029,PRCP,0,,,a,
ASN00082076,20121030,PRCP,0,,,a,
ASN00082076,20121031,PRCP,0,,,a,
ASN00082076,20121101,TMAX,190,,,a,
ASN00082076,20121102,TMAX,210,,,a,
ASN00082076,20121103,TMAX,228,,,a,
ASN00082076,20121104,TMAX,264,,,a,
ASN00082076,20121105,TMAX,252,,,a,
ASN00082076,20121106,TMAX,275,,,a,
ASN00082076,20121109,TMAX,200,,,a,
ASN00082076,20121110,TMAX,210,,,a,
ASN00082076,20121111,TMAX,239,,,a,
ASN00082076,20121114,TMAX,235,,,a,
ASN00082076,20121117,TMAX,228,,,a,
ASN00082076,20121118,TMAX,198,,,a,
ASN00082076,20121119,TMAX,222,,,a,
ASN00082076,20121120,TMAX,258,,,a,
ASN00082076,20121123,TMAX,289,,,a,
ASN00082076,20121124,TMAX,297,,,a,
ASN00082076,20121125,TMAX,338,,,a,
ASN00082076,20121126,TMAX,304,,,a,
ASN00082076,20121127,TMAX,233,,,a,
ASN00082076,20121128,TMAX,308,,,a,
ASN00082076,20121129,TMAX,344,,,a,
ASN00082076,20121101,TMIN,150,,,a,
ASN00082076,20121102,TMIN,12,,,a,
ASN00082076,20121103,TMIN,86,,,a,
ASN00082076,20121104,TMIN,86,,,a,
ASN00082076,20121105,TMIN,96,,,a,
ASN00082076,20121106,TMIN,155,,,a,
ASN00082076,20121107,TMIN,174,,,a,
ASN00082076,20121110,TMIN,95,,,a,
ASN00082076,20121111,TMIN,100,,,a,
ASN00082076,20121115,TMIN,75,,,a,
ASN00082076,20121118,TMIN,62,,,a,
ASN00082076,20121119,TMIN,94,,,a,
ASN00082076,20121120,TMIN,128,,,a,
ASN00082076,20121121,TMIN,97,,,a,
ASN00082076,20121124,TMIN,115,,,a,
ASN00082076,20121125,TMIN,131,,,a,
ASN00082076,20121126,TMIN,140,,,a,
ASN00082076,20121127,TMIN,160,,,a,
ASN00082076,20121128,TMIN,149,,,a,
ASN00082076,20121129,TMIN,186,,,a,
ASN00082076,20121130,TMIN,199,,,a,
ASN00082076,20121101,PRCP,0,,,a,
ASN00082076,20121102,PRCP,46,,,a,
ASN00082076,20121103,PRCP,0,,,a,
ASN00082076,20121104,PRCP,0,,,a,
ASN00082076,20121105,PRCP,0,,,a,
ASN00082076,20121106,PRCP,20,,,a,
ASN00082076,20121107,PRCP,186,,,a,
ASN00082076,20121110,PRCP,0,,,a,
ASN00082076,20121111,PRCP,0,,,a,
ASN00082076,20121112,PRCP,0,,,a,
ASN00082076,20121113,PRCP,0,,,a,
ASN00082076,20121114,PRCP,0,,,a,
ASN00082076,20121115,PRCP,0,,,a,
ASN00082076,20121116,PRCP,0,,,a,
ASN00082076,20121117,PRCP,0,,,a,
ASN00082076,20121118,PRCP,0,,,a,
ASN00082076,20121119,PRCP,52,,,a,
ASN00082076,20121120,PRCP,0,,,a,
ASN00082076,20121121,PRCP,0,,,a,
ASN00082076,20121122,PRCP,0,,,a,
ASN00082076,20121123,PRCP,0,,,a,
ASN00082076,20121124,PRCP,0,,,a,
ASN00082076,20121125,PRCP,0,,,a,
ASN00082076,20121126,PRCP,0,,,a,
ASN00082076,20121127,PRCP,30,,,a,
ASN00082076,20121128,PRCP,30,,,a,
ASN00082076,20121129,PRCP,0,,,a,
ASN00082076,20121130,PRCP,0,,,a,
ASN00082076,20121109,DAPR,2,,,a,
ASN00082076,20121109,DATN,2,,,a,
ASN00082076,20121114,DATN,3,,,a,
ASN00082076,20121117,DATN,2,,,a,
ASN00082076,20121123,DATN,2,,,a,
ASN00082076,20121108,DATX,2,,,a,
ASN00082076,20121113,DATX,2,,,a,
ASN00082076,20121116,DATX,2,,,a,
ASN00082076,20121122,DATX,2,,,a,
ASN00082076,20121109,MDPR,40,,,a,
ASN00082076,20121109,MDTN,112,,,a,
ASN00082076,20121114,MDTN,97,,,a,
ASN00082076,20121117,MDTN,102,,,a,
ASN00082076,20121123,MDTN,95,,,a,
ASN00082076,20121108,MDTX,245,,,a,
ASN00082076,20121113,MDTX,271,,,a,
ASN00082076,20121116,MDTX,208,,,a,
ASN00082076,20121122,MDTX,252,,,a,
ASN00082076,20121202,TMAX,290,,,a,
ASN00082076,20121203,TMAX,250,,,a,
ASN00082076,20121204,TMAX,178,,,a,
ASN00082076,20121205,TMAX,194,,,a,
ASN00082076,20121206,TMAX,242,,,a,
ASN00082076,20121207,TMAX,255,,,a,
ASN00082076,20121208,TMAX,315,,,a,
ASN00082076,20121209,TMAX,199,,,a,
ASN00082076,20121210,TMAX,270,,,a,
ASN00082076,20121211,TMAX,295,,,a,
ASN00082076,20121212,TMAX,306,,,a,
ASN00082076,20121213,TMAX,322,,,a,
ASN00082076,20121216,TMAX,226,,,a,
ASN00082076,20121217,TMAX,245,,,a,
ASN00082076,20121220,TMAX,265,,,a,
ASN00082076,20121221,TMAX,288,,,a,
ASN00082076,20121222,TMAX,320,,,a,
ASN00082076,20121223,TMAX,334,,,a,
ASN00082076,20121224,TMAX,320,,,a,
ASN00082076,20121225,TMAX,227,,,a,
ASN00082076,20121226,TMAX,265,,,a,
ASN00082076,20121227,TMAX,284,,,a,
ASN00082076,20121228,TMAX,256,,,a,
ASN00082076,20121229,TMAX,295,,,a,
ASN00082076,20121230,TMAX,295,,,a,
ASN00082076,20121231,TMAX,315,,,a,
ASN00082076,20121204,TMIN,105,,,a,
ASN00082076,20121205,TMIN,82,,,a,
ASN00082076,20121206,TMIN,79,,,a,
ASN00082076,20121207,TMIN,112,,,a,
ASN00082076,20121208,TMIN,135,,,a,
ASN00082076,20121209,TMIN,120,,,a,
ASN00082076,20121210,TMIN,119,,,a,
ASN00082076,20121211,TMIN,100,,,a,
ASN00082076,20121212,TMIN,115,,,a,
ASN00082076,20121213,TMIN,112,,,a,
ASN00082076,20121214,TMIN,158,,,a,
ASN00082076,20121217,TMIN,88,,,a,
ASN00082076,20121218,TMIN,72,,,a,
ASN00082076,20121220,TMIN,135,,,a,
ASN00082076,20121221,TMIN,110,,,a,
ASN00082076,20121222,TMIN,112,,,a,
ASN00082076,20121223,TMIN,137,,,a,
ASN00082076,20121224,TMIN,162,,,a,
ASN00082076,20121225,TMIN,149,,,a,
ASN00082076,20121226,TMIN,110,,,a,
ASN00082076,20121227,TMIN,94,,,a,
ASN00082076,20121228,TMIN,116,,,a,
ASN00082076,20121229,TMIN,90,,,a,
ASN00082076,20121230,TMIN,125,,,a,
ASN00082076,20121231,TMIN,110,,,a,
ASN00082076,20121203,PRCP,0,,,a,
ASN00082076,20121204,PRCP,0,,,a,
ASN00082076,20121205,PRCP,0,,,a,
ASN00082076,20121206,PRCP,4,,,a,
ASN00082076,20121207,PRCP,0,,,a,
ASN00082076,20121208,PRCP,0,,,a,
ASN00082076,20121209,PRCP,0,,,a,
ASN00082076,20121210,PRCP,22,,,a,
ASN00082076,20121211,PRCP,0,,,a,
ASN00082076,20121212,PRCP,0,,,a,
ASN00082076,20121213,PRCP,0,,,a,
ASN00082076,20121214,PRCP,0,,,a,
ASN00082076,20121217,PRCP,6,,,a,
ASN00082076,20121218,PRCP,0,,,a,
ASN00082076,20121221,PRCP,0,,,a,
ASN00082076,20121222,PRCP,0,,,a,
ASN00082076,20121223,PRCP,0,,,a,
ASN00082076,20121224,PRCP,50,,,a,
ASN00082076,20121225,PRCP,4,,,a,
ASN00082076,20121226,PRCP,0,,,a,
ASN00082076,20121227,PRCP,0,,,a,
ASN00082076,20121228,PRCP,0,,,a,
ASN00082076,20121229,PRCP,0,,,a,
ASN00082076,20121230,PRCP,0,,,a,
ASN00082076,20121231,PRCP,0,,,a,
ASN00082076,20121202,DAPR,2,,,a,
ASN00082076,20121216,DAPR,2,,,a,
ASN00082076,20121220,DAPR,2,,,a,
ASN00082076,20121216,DATN,2,,,a,
ASN00082076,20121201,DATX,2,,,a,
ASN00082076,20121215,DATX,2,,,a,
ASN00082076,20121219,DATX,2,,,a,
ASN00082076,20121202,MDPR,4,,,a,
ASN00082076,20121216,MDPR,396,,,a,
ASN00082076,20121220,MDPR,90,,,a,
ASN00082076,20121216,MDTN,156,,,a,
ASN00082076,20121201,MDTX,290,,,a,
ASN00082076,20121215,MDTX,205,,,a,
ASN00082076,20121219,MDTX,324,,,a,
ASN00082076,20130101,TMAX,315,,,a,
ASN00082076,20130102,TMAX,287,,,a,
ASN00082076,20130103,TMAX,353,,,a,
ASN00082076,20130104,TMAX,380,,,a,
ASN00082076,20130105,TMAX,405,,,a,
ASN00082076,20130106,TMAX,392,,,a,
ASN00082076,20130107,TMAX,372,,,a,
ASN00082076,20130108,TMAX,353,,,a,
ASN00082076,20130109,TMAX,260,,,a,
ASN00082076,20130110,TMAX,307,,,a,
ASN00082076,20130111,TMAX,360,,,a,
ASN00082076,20130112,TMAX,294,,,a,
ASN00082076,20130113,TMAX,201,,,a,
ASN00082076,20130114,TMAX,243,,,a,
ASN00082076,20130115,TMAX,302,,,a,
ASN00082076,20130116,TMAX,333,,,a,
ASN00082076,20130117,TMAX,356,,,a,
ASN00082076,20130118,TMAX,388,,,a,
ASN00082076,20130119,TMAX,301,,,a,
ASN00082076,20130120,TMAX,329,,,a,
ASN00082076,20130121,TMAX,339,,,a,
ASN00082076,20130122,TMAX,344,,,a,
ASN00082076,20130123,TMAX,321,,,a,
ASN00082076,20130124,TMAX,340,,,a,
ASN00082076,20130125,TMAX,305,,,a,
ASN00082076,20130126,TMAX,322,,,a,
ASN00082076,20130127,TMAX,275,,,a,
ASN00082076,20130130,TMAX,287,,,a,
ASN00082076,20130131,TMAX,312,,,a,
ASN00082076,20130101,TMIN,100,,,a,
ASN00082076,20130102,TMIN,142,,,a,
ASN00082076,20130103,TMIN,125,,,a,
ASN00082076,20130104,TMIN,149,,,a,
ASN00082076,20130105,TMIN,157,,,a,
ASN00082076,20130106,TMIN,168,,,a,
ASN00082076,20130107,TMIN,194,,,a,
ASN00082076,20130108,TMIN,170,,,a,
ASN00082076,20130109,TMIN,131,,,a,
ASN00082076,20130110,TMIN,94,,,a,
ASN00082076,20130111,TMIN,108,,,a,
ASN00082076,20130112,TMIN,189,,,a,
ASN00082076,20130113,TMIN,162,,,a,
ASN00082076,20130114,TMIN,112,,,a,
ASN00082076,20130115,TMIN,94,,,a,
ASN00082076,20130116,TMIN,111,,,a,
ASN00082076,20130117,TMIN,125,,,a,
ASN00082076,20130118,TMIN,142,,,a,
ASN00082076,20130119,TMIN,167,,,a,
ASN00082076,20130120,TMIN,136,,,a,
ASN00082076,20130121,TMIN,154,,,a,
ASN00082076,20130122,TMIN,146,,,a,
ASN00082076,20130123,TMIN,176,,,a,
ASN00082076,20130124,TMIN,129,,,a,
ASN00082076,20130125,TMIN,145,,,a,
ASN00082076,20130126,TMIN,162,,,a,
ASN00082076,20130127,TMIN,160,,,a,
ASN00082076,20130128,TMIN,150,,,a,
ASN00082076,20130131,TMIN,82,,,a,
ASN00082076,20130101,PRCP,0,,,a,
ASN00082076,20130102,PRCP,0,,,a,
ASN00082076,20130103,PRCP,0,,,a,
ASN00082076,20130104,PRCP,0,,,a,
ASN00082076,20130105,PRCP,0,,,a,
ASN00082076,20130106,PRCP,0,,,a,
ASN00082076,20130107,PRCP,0,,,a,
ASN00082076,20130108,PRCP,0,,,a,
ASN00082076,20130109,PRCP,0,,,a,
ASN00082076,20130110,PRCP,0,,,a,
ASN00082076,20130111,PRCP,0,,,a,
ASN00082076,20130112,PRCP,0,,,a,
ASN00082076,20130113,PRCP,0,,,a,
ASN00082076,20130114,PRCP,68,,,a,
ASN00082076,20130115,PRCP,0,,,a,
ASN00082076,20130116,PRCP,0,,,a,
ASN00082076,20130117,PRCP,0,,,a,
ASN00082076,20130118,PRCP,0,,,a,
ASN00082076,20130119,PRCP,0,,,a,
ASN00082076,20130120,PRCP,0,,,a,
ASN00082076,20130121,PRCP,0,,,a,
ASN00082076,20130122,PRCP,0,,,a,
ASN00082076,20130123,PRCP,0,,,a,
ASN00082076,20130124,PRCP,0,,,a,
ASN00082076,20130125,PRCP,0,,,a,
ASN00082076,20130126,PRCP,0,,,a,
ASN00082076,20130127,PRCP,62,,,a,
ASN00082076,20130128,PRCP,4,,,a,
ASN00082076,20130129,PRCP,0,,,a,
ASN00082076,20130130,PRCP,0,,,a,
ASN00082076,20130131,PRCP,0,,,a,
ASN00082076,20130130,DATN,2,,,a,
ASN00082076,20130129,DATX,2,,,a,
ASN00082076,20130130,MDTN,110,,,a,
ASN00082076,20130129,MDTX,310,,,a,
ASN00082076,20130201,TMAX,182,,,a,
ASN00082076,20130202,TMAX,213,,,a,
ASN00082076,20130203,TMAX,270,,,a,
ASN00082076,20130204,TMAX,312,,,a,
ASN00082076,20130205,TMAX,305,,,a,
ASN00082076,20130206,TMAX,325,,,a,
ASN00082076,20130207,TMAX,353,,,a,
ASN00082076,20130208,TMAX,370,,,a,
ASN00082076,20130209,TMAX,322,,,a,
ASN00082076,20130210,TMAX,331,,,a,
ASN00082076,20130211,TMAX,316,,,a,
ASN00082076,20130212,TMAX,312,,,a,
ASN00082076,20130213,TMAX,317,,,a,
ASN00082076,20130214,TMAX,305,,,a,
ASN00082076,20130217,TMAX,323,,,a,
ASN00082076,20130218,TMAX,312,,,a,
ASN00082076,20130219,TMAX,325,,,a,
ASN00082076,20130220,TMAX,339,,,a,
ASN00082076,20130221,TMAX,310,,,a,
ASN00082076,20130222,TMAX,301,,,a,
ASN00082076,20130223,TMAX,315,,,a,
ASN00082076,20130224,TMAX,314,,,a,
ASN00082076,20130227,TMAX,234,,,a,
ASN00082076,20130228,TMAX,178,,,a,
ASN00082076,20130201,TMIN,122,,,a,
ASN00082076,20130202,TMIN,114,,,a,
ASN00082076,20130203,TMIN,118,,,a,
ASN00082076,20130204,TMIN,156,,,a,
ASN00082076,20130205,TMIN,127,,,a,
ASN00082076,20130206,TMIN,110,,,a,
ASN00082076,20130207,TMIN,120,,,a,
ASN00082076,20130208,TMIN,176,,,a,
ASN00082076,20130209,TMIN,145,,,a,
ASN00082076,20130210,TMIN,124,,,a,
ASN00082076,20130211,TMIN,145,,,a,
ASN00082076,20130212,TMIN,138,,,a,
ASN00082076,20130213,TMIN,159,,,a,
ASN00082076,20130214,TMIN,136,,,a,
ASN00082076,20130215,TMIN,148,,,a,
ASN00082076,20130218,TMIN,140,,,a,
ASN00082076,20130219,TMIN,145,,,a,
ASN00082076,20130220,TMIN,166,,,a,
ASN00082076,20130221,TMIN,161,,,a,
ASN00082076,20130222,TMIN,150,,,a,
ASN00082076,20130223,TMIN,126,,,a,
ASN00082076,20130224,TMIN,195,,,a,
ASN00082076,20130225,TMIN,177,,,a,
ASN00082076,20130228,TMIN,155,,,a,
ASN00082076,20130201,PRCP,0,,,a,
ASN00082076,20130202,PRCP,4,,,a,
ASN00082076,20130203,PRCP,0,,,a,
ASN00082076,20130204,PRCP,0,,,a,
ASN00082076,20130205,PRCP,0,,,a,
ASN00082076,20130206,PRCP,0,,,a,
ASN00082076,20130207,PRCP,0,,,a,
ASN00082076,20130208,PRCP,0,,,a,
ASN00082076,20130209,PRCP,0,,,a,
ASN00082076,20130210,PRCP,0,,,a,
ASN00082076,20130211,PRCP,0,,,a,
ASN00082076,20130212,PRCP,0,,,a,
ASN00082076,20130213,PRCP,0,,,a,
ASN00082076,20130214,PRCP,0,,,a,
ASN00082076,20130215,PRCP,10,,,a,
ASN00082076,20130216,PRCP,0,,,a,
ASN00082076,20130217,PRCP,0,,,a,
ASN00082076,20130218,PRCP,0,,,a,
ASN00082076,20130219,PRCP,34,,,a,
ASN00082076,20130220,PRCP,0,,,a,
ASN00082076,20130221,PRCP,0,,,a,
ASN00082076,20130222,PRCP,0,,,a,
ASN00082076,20130223,PRCP,0,,,a,
ASN00082076,20130224,PRCP,0,,,a,
ASN00082076,20130225,PRCP,72,,,a,
ASN00082076,20130228,PRCP,496,,,a,
ASN00082076,20130227,DAPR,2,,,a,
ASN00082076,20130217,DATN,2,,,a,
ASN00082076,20130227,DATN,2,,,a,
ASN00082076,20130216,DATX,2,,,a,
ASN00082076,20130226,DATX,2,,,a,
ASN00082076,20130227,MDPR,202,,,a,
ASN00082076,20130217,MDTN,129,,,a,
ASN00082076,20130227,MDTN,172,,,a,
ASN00082076,20130216,MDTX,325,,,a,
ASN00082076,20130226,MDTX,298,,,a,
ASN00082076,20130301,TMAX,215,,,a,
ASN00082076,20130304,TMAX,310,,,a,
ASN00082076,20130305,TMAX,315,,,a,
ASN00082076,20130306,TMAX,290,,,a,
ASN00082076,20130307,TMAX,326,,,a,
ASN00082076,20130308,TMAX,337,,,a,
ASN00082076,20130309,TMAX,310,,,a,
ASN00082076,20130310,TMAX,332,,,a,
ASN00082076,20130311,TMAX,336,,,a,
ASN00082076,20130312,TMAX,317,,,a,
ASN00082076,20130313,TMAX,292,,,a,
ASN00082076,20130314,TMAX,278,,,a,
ASN00082076,20130315,TMAX,294,,,a,
ASN00082076,20130316,TMAX,247,,,a,
ASN00082076,20130317,TMAX,183,,,a,
ASN00082076,20130318,TMAX,215,,,a,
ASN00082076,20130319,TMAX,252,,,a,
ASN00082076,20130320,TMAX,258,,,a,
ASN00082076,20130321,TMAX,184,,,a,
ASN00082076,20130322,TMAX,230,,,a,
ASN00082076,20130323,TMAX,220,,,a,
ASN00082076,20130324,TMAX,252,,,a,
ASN00082076,20130325,TMAX,259,,,a,
ASN00082076,20130326,TMAX,283,,,a,
ASN00082076,20130327,TMAX,313,,,a,
ASN00082076,20130328,TMAX,209,,,a,
ASN00082076,20130329,TMAX,198,,,a,
ASN00082076,20130330,TMAX,180,,,a,
ASN00082076,20130331,TMAX,215,,,a,
ASN00082076,20130301,TMIN,142,,,a,
ASN00082076,20130302,TMIN,140,,,a,
ASN00082076,20130305,TMIN,100,,,a,
ASN00082076,20130306,TMIN,110,,,a,
ASN00082076,20130307,TMIN,126,,,a,
ASN00082076,20130308,TMIN,170,,,a,
ASN00082076,20130309,TMIN,147,,,a,
ASN00082076,20130310,TMIN,163,,,a,
ASN00082076,20130311,TMIN,158,,,a,
ASN00082076,20130312,TMIN,154,,,a,
ASN00082076,20130313,TMIN,147,,,a,
ASN00082076,20130314,TMIN,171,,,a,
ASN00082076,20130315,TMIN,130,,,a,
ASN00082076,20130316,TMIN,118,,,a,
ASN00082076,20130317,TMIN,108,,,a,
ASN00082076,20130318,TMIN,112,,,a,
ASN00082076,20130319,TMIN,102,,,a,
ASN00082076,20130320,TMIN,81,,,a,
ASN00082076,20130321,TMIN,109,,,a,
ASN00082076,20130322,TMIN,110,,,a,
ASN00082076,20130323,TMIN,90,,,a,
ASN00082076,20130324,TMIN,65,,,a,
ASN00082076,20130325,TMIN,82,,,a,
ASN00082076,20130326,TMIN,98,,,a,
ASN00082076,20130327,TMIN,107,,,a,
ASN00082076,20130328,TMIN,138,,,a,
ASN00082076,20130329,TMIN,42,,,a,
ASN00082076,20130330,TMIN,48,,,a,
ASN00082076,20130331,TMIN,43,,,a,
ASN00082076,20130301,PRCP,28,,,a,
ASN00082076,20130302,PRCP,0,,,a,
ASN00082076,20130303,PRCP,0,,,a,
ASN00082076,20130304,PRCP,0,,,a,
ASN00082076,20130305,PRCP,0,,,a,
ASN00082076,20130306,PRCP,0,,,a,
ASN00082076,20130307,PRCP,0,,,a,
ASN00082076,20130308,PRCP,0,,,a,
ASN00082076,20130309,PRCP,0,,,a,
ASN00082076,20130310,PRCP,0,,,a,
ASN00082076,20130311,PRCP,0,,,a,
ASN00082076,20130312,PRCP,0,,,a,
ASN00082076,20130313,PRCP,0,,,a,
ASN00082076,20130314,PRCP,0,,,a,
ASN00082076,20130315,PRCP,0,,,a,
ASN00082076,20130316,PRCP,0,,,a,
ASN00082076,20130317,PRCP,2,,,a,
ASN00082076,20130318,PRCP,0,,,a,
ASN00082076,20130319,PRCP,0,,,a,
ASN00082076,20130320,PRCP,0,,,a,
ASN00082076,20130321,PRCP,50,,,a,
ASN00082076,20130322,PRCP,410,,,a,
ASN00082076,20130323,PRCP,0,,,a,
ASN00082076,20130324,PRCP,0,,,a,
ASN00082076,20130325,PRCP,0,,,a,
ASN00082076,20130326,PRCP,0,,,a,
ASN00082076,20130327,PRCP,0,,,a,
ASN00082076,20130328,PRCP,114,,,a,
ASN00082076,20130329,PRCP,220,,,a,
ASN00082076,20130330,PRCP,0,,,a,
ASN00082076,20130331,PRCP,0,,,a,
ASN00082076,20130304,DATN,2,,,a,
ASN00082076,20130303,DATX,2,,,a,
ASN00082076,20130304,MDTN,98,,,a,
ASN00082076,20130303,MDTX,300,,,a,
ASN00082076,20130401,TMAX,210,,,a,
ASN00082076,20130404,TMAX,230,,,a,
ASN00082076,20130405,TMAX,236,,,a,
ASN00082076,20130406,TMAX,239,,,a,
ASN00082076,20130407,TMAX,238,,,a,
ASN00082076,20130408,TMAX,233,,,a,
ASN00082076,20130409,TMAX,240,,,a,
ASN00082076,20130410,TMAX,243,,,a,
ASN00082076,20130411,TMAX,254,,,a,
ASN00082076,20130412,TMAX,245,,,a,
ASN00082076,20130413,TMAX,225,,,a,
ASN00082076,20130414,TMAX,224,,,a,
ASN00082076,20130415,TMAX,223,,,a,
ASN00082076,20130416,TMAX,215,,,a,
ASN00082076,20130417,TMAX,205,,,a,
ASN00082076,20130418,TMAX,207,,,a,
ASN00082076,20130419,TMAX,130,,,a,
ASN00082076,20130420,TMAX,165,,,a,
ASN00082076,20130421,TMAX,181,,,a,
ASN00082076,20130422,TMAX,134,,,a,
ASN00082076,20130423,TMAX,182,,,a,
ASN00082076,20130424,TMAX,140,,,a,
ASN00082076,20130425,TMAX,178,,,a,
ASN00082076,20130426,TMAX,192,,,a,
ASN00082076,20130427,TMAX,208,,,a,
ASN00082076,20130428,TMAX,211,,,a,
ASN00082076,20130429,TMAX,148,,,a,
ASN00082076,20130430,TMAX,192,,,a,
ASN00082076,20130401,TMIN,62,,,a,
ASN00082076,20130402,TMIN,66,,,a,
ASN00082076,20130405,TMIN,81,,,a,
ASN00082076,20130406,TMIN,93,,,a,
ASN00082076,20130407,TMIN,73,,,a,
ASN00082076,20130408,TMIN,95,,,a,
ASN00082076,20130409,TMIN,86,,,a,
ASN00082076,20130410,TMIN,73,,,a,
ASN00082076,20130411,TMIN,82,,,a,
ASN00082076,20130412,TMIN,114,,,a,
ASN00082076,20130413,TMIN,85,,,a,
ASN00082076,20130414,TMIN,114,,,a,
ASN00082076,20130415,TMIN,137,,,a,
ASN00082076,20130416,TMIN,127,,,a,
ASN00082076,20130417,TMIN,85,,,a,
ASN00082076,20130418,TMIN,88,,,a,
ASN00082076,20130419,TMIN,89,,,a,
ASN00082076,20130420,TMIN,85,,,a,
ASN00082076,20130421,TMIN,25,,,a,
ASN00082076,20130422,TMIN,51,,,a,
ASN00082076,20130423,TMIN,94,,,a,
ASN00082076,20130424,TMIN,39,,,a,
ASN00082076,20130425,TMIN,35,,,a,
ASN00082076,20130426,TMIN,58,,,a,
ASN00082076,20130427,TMIN,45,,,a,
ASN00082076,20130428,TMIN,64,,,a,
ASN00082076,20130429,TMIN,64,,,a,
ASN00082076,20130430,TMIN,76,,,a,
ASN00082076,20130401,PRCP,0,,,a,
ASN00082076,20130402,PRCP,0,,,a,
ASN00082076,20130403,PRCP,0,,,a,
ASN00082076,20130404,PRCP,0,,,a,
ASN00082076,20130405,PRCP,0,,,a,
ASN00082076,20130406,PRCP,0,,,a,
ASN00082076,20130407,PRCP,46,,,a,
ASN00082076,20130408,PRCP,0,,,a,
ASN00082076,20130409,PRCP,22,,,a,
ASN00082076,20130410,PRCP,18,,,a,
ASN00082076,20130411,PRCP,0,,,a,
ASN00082076,20130412,PRCP,0,,,a,
ASN00082076,20130413,PRCP,0,,,a,
ASN00082076,20130414,PRCP,0,,,a,
ASN00082076,20130415,PRCP,24,,,a,
ASN00082076,20130416,PRCP,0,,,a,
ASN00082076,20130417,PRCP,0,,,a,
ASN00082076,20130418,PRCP,0,,,a,
ASN00082076,20130419,PRCP,0,,,a,
ASN00082076,20130420,PRCP,0,,,a,
ASN00082076,20130421,PRCP,0,,,a,
ASN00082076,20130422,PRCP,80,,,a,
ASN00082076,20130423,PRCP,24,,,a,
ASN00082076,20130424,PRCP,8,,,a,
ASN00082076,20130425,PRCP,0,,,a,
ASN00082076,20130426,PRCP,0,,,a,
ASN00082076,20130427,PRCP,0,,,a,
ASN00082076,20130428,PRCP,0,,,a,
ASN00082076,20130429,PRCP,8,,,a,
ASN00082076,20130430,PRCP,14,,,a,
ASN00082076,20130404,DATN,2,,,a,
ASN00082076,20130403,DATX,2,,,a,
ASN00082076,20130404,MDTN,75,,,a,
ASN00082076,20130403,MDTX,190,,,a,
ASN00082076,20130501,TMAX,168,,,a,
ASN00082076,20130502,TMAX,167,,,a,
ASN00082076,20130503,TMAX,173,,,a,
ASN00082076,20130504,TMAX,158,,,a,
ASN00082076,20130505,TMAX,148,,,a,
ASN00082076,20130506,TMAX,176,,,a,
ASN00082076,20130507,TMAX,181,,,a,
ASN00082076,20130508,TMAX,204,,,a,
ASN00082076,20130509,TMAX,215,,,a,
ASN00082076,20130510,TMAX,226,,,a,
ASN00082076,20130511,TMAX,220,,,a,
ASN00082076,20130512,TMAX,186,,,a,
ASN00082076,20130513,TMAX,135,,,a,
ASN00082076,20130514,TMAX,95,,,a,
ASN00082076,20130515,TMAX,119,,,a,
ASN00082076,20130518,TMAX,90,,,a,
ASN00082076,20130519,TMAX,106,,,a,
ASN00082076,20130520,TMAX,108,,,a,
ASN00082076,20130521,TMAX,141,,,a,
ASN00082076,20130522,TMAX,114,,,a,
ASN00082076,20130523,TMAX,150,,,a,
ASN00082076,20130524,TMAX,164,,,a,
ASN00082076,20130525,TMAX,150,,,a,
ASN00082076,20130526,TMAX,145,,,a,
ASN00082076,20130527,TMAX,155,,,a,
ASN00082076,20130528,TMAX,155,,,a,
ASN00082076,20130529,TMAX,168,,,a,
ASN00082076,20130530,TMAX,130,,,a,
ASN00082076,20130531,TMAX,157,,,a,
ASN00082076,20130501,TMIN,75,,,a,
ASN00082076,20130502,TMIN,35,,,a,
ASN00082076,20130503,TMIN,5,,,a,
ASN00082076,20130504,TMIN,42,,,a,
ASN00082076,20130505,TMIN,70,,,a,
ASN00082076,20130506,TMIN,15,,,a,
ASN00082076,20130507,TMIN,21,,,a,
ASN00082076,20130508,TMIN,52,,,a,
ASN00082076,20130509,TMIN,35,,,a,
ASN00082076,20130510,TMIN,50,,,a,
ASN00082076,20130511,TMIN,44,,,a,
ASN00082076,20130512,TMIN,36,,,a,
ASN00082076,20130513,TMIN,66,,,a,
ASN00082076,20130514,TMIN,39,,,a,
ASN00082076,20130515,TMIN,52,,,a,
ASN00082076,20130516,TMIN,84,,,a,
ASN00082076,20130519,TMIN,30,,,a,
ASN00082076,20130522,TMIN,25,,,a,
ASN00082076,20130523,TMIN,31,,,a,
ASN00082076,20130524,TMIN,22,,,a,
ASN00082076,20130525,TMIN,-3,,,a,
ASN00082076,20130526,TMIN,7,,,a,
ASN00082076,20130527,TMIN,38,,,a,
ASN00082076,20130528,TMIN,18,,,a,
ASN00082076,20130529,TMIN,18,,,a,
ASN00082076,20130530,TMIN,50,,,a,
ASN00082076,20130531,TMIN,81,,,a,
ASN00082076,20130501,PRCP,40,,,a,
ASN00082076,20130502,PRCP,0,,,a,
ASN00082076,20130503,PRCP,0,,,a,
ASN00082076,20130504,PRCP,20,,,a,
ASN00082076,20130505,PRCP,0,,,a,
ASN00082076,20130506,PRCP,0,,,a,
ASN00082076,20130507,PRCP,0,,,a,
ASN00082076,20130508,PRCP,0,,,a,
ASN00082076,20130509,PRCP,0,,,a,
ASN00082076,20130510,PRCP,0,,,a,
ASN00082076,20130511,PRCP,0,,,a,
ASN00082076,20130512,PRCP,0,,,a,
ASN00082076,20130513,PRCP,154,,,a,
ASN00082076,20130514,PRCP,178,,,a,
ASN00082076,20130515,PRCP,74,,,a,
ASN00082076,20130516,PRCP,108,,,a,
ASN00082076,20130519,PRCP,0,,,a,
ASN00082076,20130520,PRCP,10,,L,a,
ASN00082076,20130522,PRCP,0,,,a,
ASN00082076,20130523,PRCP,0,,,a,
ASN00082076,20130524,PRCP,0,,,a,
ASN00082076,20130525,PRCP,0,,,a,
ASN00082076,20130526,PRCP,0,,,a,
ASN00082076,20130527,PRCP,0,,,a,
ASN00082076,20130528,PRCP,0,,,a,
ASN00082076,20130529,PRCP,0,,,a,
ASN00082076,20130530,PRCP,38,,,a,
ASN00082076,20130531,PRCP,298,,,a,
ASN00082076,20130518,DAPR,2,,,a,
ASN00082076,20130521,DAPR,2,,L,a,
ASN00082076,20130518,DATN,2,,,a,
ASN00082076,20130521,DATN,2,,,a,
ASN00082076,20130517,DATX,2,,,a,
ASN00082076,20130518,MDPR,4,,,a,
ASN00082076,20130521,MDPR,26,,L,a,
ASN00082076,20130518,MDTN,30,,,a,
ASN00082076,20130521,MDTN,63,,,a,
ASN00082076,20130517,MDTX,130,,,a,
ASN00082076,20130601,TMAX,146,,,a,
ASN00082076,20130602,TMAX,139,,,a,
ASN00082076,20130603,TMAX,138,,,a,
ASN00082076,20130604,TMAX,152,,,a,
ASN00082076,20130605,TMAX,135,,,a,
ASN00082076,20130606,TMAX,139,,,a,
ASN00082076,20130607,TMAX,155,,,a,
ASN00082076,20130608,TMAX,139,,,a,
ASN00082076,20130609,TMAX,140,,,a,
ASN00082076,20130610,TMAX,115,,,a,
ASN00082076,20130611,TMAX,155,,,a,
ASN00082076,20130612,TMAX,100,,,a,
ASN00082076,20130613,TMAX,120,,,a,
ASN00082076,20130614,TMAX,120,,,a,
ASN00082076,20130615,TMAX,125,,,a,
ASN00082076,20130618,TMAX,120,,,a,
ASN00082076,20130619,TMAX,120,,,a,
ASN00082076,20130620,TMAX,129,,,a,
ASN00082076,20130621,TMAX,130,,,a,
ASN00082076,20130622,TMAX,130,,,a,
ASN00082076,20130623,TMAX,135,,,a,
ASN00082076,20130626,TMAX,159,,,a,
ASN00082076,20130627,TMAX,134,,,a,
ASN00082076,20130628,TMAX,154,,,a,
ASN00082076,20130629,TMAX,166,,,a,
ASN00082076,20130630,TMAX,145,,,a,
ASN00082076,20130601,TMIN,116,,,a,
ASN00082076,20130602,TMIN,95,,,a,
ASN00082076,20130603,TMIN,-6,,,a,
ASN00082076,20130604,TMIN,12,,,a,
ASN00082076,20130605,TMIN,21,,,a,
ASN00082076,20130606,TMIN,50,,,a,
ASN00082076,20130607,TMIN,53,,,a,
ASN00082076,20130608,TMIN,9,,,a,
ASN00082076,20130609,TMIN,4,,,a,
ASN00082076,20130610,TMIN,19,,,a,
ASN00082076,20130611,TMIN,42,,,a,
ASN00082076,20130612,TMIN,35,,,a,
ASN00082076,20130613,TMIN,76,,,a,
ASN00082076,20130614,TMIN,83,,,a,
ASN00082076,20130615,TMIN,80,,,a,
ASN00082076,20130616,TMIN,25,,,a,
ASN00082076,20130619,TMIN,43,,,a,
ASN00082076,20130620,TMIN,-2,,,a,
ASN00082076,20130621,TMIN,-5,,,a,
ASN00082076,20130622,TMIN,-15,,,a,
ASN00082076,20130623,TMIN,-5,,,a,
ASN00082076,20130624,TMIN,8,,,a,
ASN00082076,20130627,TMIN,3,,,a,
ASN00082076,20130628,TMIN,13,,,a,
ASN00082076,20130629,TMIN,26,,,a,
ASN00082076,20130630,TMIN,14,,,a,
ASN00082076,20130601,PRCP,274,,,a,
ASN00082076,20130602,PRCP,214,,,a,
ASN00082076,20130603,PRCP,0,,,a,
ASN00082076,20130604,PRCP,0,,,a,
ASN00082076,20130605,PRCP,0,,,a,
ASN00082076,20130606,PRCP,0,,,a,
ASN00082076,20130607,PRCP,14,,,a,
ASN00082076,20130608,PRCP,42,,,a,
ASN00082076,20130609,PRCP,0,,,a,
ASN00082076,20130610,PRCP,0,,,a,
ASN00082076,20130611,PRCP,0,,,a,
ASN00082076,20130612,PRCP,24,,,a,
ASN00082076,20130613,PRCP,130,,,a,
ASN00082076,20130614,PRCP,90,,,a,
ASN00082076,20130615,PRCP,0,,,a,
ASN00082076,20130616,PRCP,0,,,a,
ASN00082076,20130619,PRCP,0,,,a,
ASN00082076,20130620,PRCP,0,,,a,
ASN00082076,20130621,PRCP,0,,,a,
ASN00082076,20130622,PRCP,0,,,a,
ASN00082076,20130623,PRCP,0,,,a,
ASN00082076,20130624,PRCP,16,,,a,
ASN00082076,20130625,PRCP,0,,,a,
ASN00082076,20130626,PRCP,0,,,a,
ASN00082076,20130627,PRCP,0,,,a,
ASN00082076,20130628,PRCP,0,,,a,
ASN00082076,20130629,PRCP,0,,,a,
ASN00082076,20130630,PRCP,0,,,a,
ASN00082076,20130618,DAPR,2,,,a,
ASN00082076,20130618,DATN,2,,,a,
ASN00082076,20130626,DATN,2,,,a,
ASN00082076,20130617,DATX,2,,,a,
ASN00082076,20130625,DATX,2,,,a,
ASN00082076,20130618,MDPR,14,,,a,
ASN00082076,20130618,MDTN,3,,,a,
ASN00082076,20130626,MDTN,30,,,a,
ASN00082076,20130617,MDTX,139,,,a,
ASN00082076,20130625,MDTX,144,,,a,
ASN00082076,20130701,TMAX,158,,,a,
ASN00082076,20130702,TMAX,147,,,a,
ASN00082076,20130703,TMAX,145,,,a,
ASN00082076,20130704,TMAX,120,,,a,
ASN00082076,20130705,TMAX,101,,,a,
ASN00082076,20130706,TMAX,105,,,a,
ASN00082076,20130707,TMAX,108,,,a,
ASN00082076,20130708,TMAX,134,,,a,
ASN00082076,20130709,TMAX,117,,,a,
ASN00082076,20130710,TMAX,142,,,a,
ASN00082076,20130711,TMAX,104,,,a,
ASN00082076,20130712,TMAX,150,,,a,
ASN00082076,20130713,TMAX,165,,,a,
ASN00082076,20130714,TMAX,114,,,a,
ASN00082076,20130715,TMAX,133,,,a,
ASN00082076,20130716,TMAX,138,,,a,
ASN00082076,20130717,TMAX,161,,,a,
ASN00082076,20130718,TMAX,180,,,a,
ASN00082076,20130719,TMAX,160,,,a,
ASN00082076,20130720,TMAX,78,,,a,
ASN00082076,20130721,TMAX,68,,,a,
ASN00082076,20130722,TMAX,94,,,a,
ASN00082076,20130723,TMAX,125,,,a,
ASN00082076,20130724,TMAX,150,,,a,
ASN00082076,20130725,TMAX,113,,,a,
ASN00082076,20130726,TMAX,123,,,a,
ASN00082076,20130727,TMAX,146,,,a,
ASN00082076,20130728,TMAX,145,,,a,
ASN00082076,20130729,TMAX,138,,,a,
ASN00082076,20130730,TMAX,157,,,a,
ASN00082076,20130731,TMAX,151,,,a,
ASN00082076,20130701,TMIN,22,,,a,
ASN00082076,20130702,TMIN,55,,,a,
ASN00082076,20130703,TMIN,36,,,a,
ASN00082076,20130704,TMIN,28,,,a,
ASN00082076,20130705,TMIN,75,,,a,
ASN00082076,20130706,TMIN,58,,,a,
ASN00082076,20130707,TMIN,57,,,a,
ASN00082076,20130708,TMIN,50,,,a,
ASN00082076,20130709,TMIN,-4,,,a,
ASN00082076,20130710,TMIN,7,,,a,
ASN00082076,20130711,TMIN,0,,,a,
ASN00082076,20130712,TMIN,5,,,a,
ASN00082076,20130713,TMIN,35,,,a,
ASN00082076,20130714,TMIN,40,,,a,
ASN00082076,20130715,TMIN,83,,,a,
ASN00082076,20130716,TMIN,66,,,a,
ASN00082076,20130717,TMIN,75,,,a,
ASN00082076,20130718,TMIN,100,,,a,
ASN00082076,20130719,TMIN,112,,,a,
ASN00082076,20130720,TMIN,74,,,a,
ASN00082076,20130721,TMIN,38,,,a,
ASN00082076,20130722,TMIN,42,,,a,
ASN00082076,20130723,TMIN,46,,,a,
ASN00082076,20130724,TMIN,20,,,a,
ASN00082076,20130725,TMIN,-5,,,a,
ASN00082076,20130726,TMIN,13,,,a,
ASN00082076,20130727,TMIN,-3,,,a,
ASN00082076,20130728,TMIN,10,,,a,
ASN00082076,20130729,TMIN,20,,,a,
ASN00082076,20130730,TMIN,78,,,a,
ASN00082076,20130731,TMIN,28,,,a,
ASN00082076,20130701,PRCP,0,,,a,
ASN00082076,20130702,PRCP,12,,,a,
ASN00082076,20130703,PRCP,0,,,a,
ASN00082076,20130704,PRCP,2,,,a,
ASN00082076,20130705,PRCP,34,,,a,
ASN00082076,20130706,PRCP,2,,,a,
ASN00082076,20130707,PRCP,36,,,a,
ASN00082076,20130708,PRCP,64,,,a,
ASN00082076,20130709,PRCP,0,,,a,
ASN00082076,20130710,PRCP,0,,,a,
ASN00082076,20130711,PRCP,0,,,a,
ASN00082076,20130712,PRCP,0,,,a,
ASN00082076,20130713,PRCP,0,,,a,
ASN00082076,20130714,PRCP,42,,,a,
ASN00082076,20130715,PRCP,302,,,a,
ASN00082076,20130716,PRCP,72,,,a,
ASN00082076,20130717,PRCP,22,,,a,
ASN00082076,20130718,PRCP,6,,,a,
ASN00082076,20130719,PRCP,300,,,a,
ASN00082076,20130720,PRCP,270,,,a,
ASN00082076,20130721,PRCP,240,,,a,
ASN00082076,20130722,PRCP,26,,,a,
ASN00082076,20130723,PRCP,16,,,a,
ASN00082076,20130724,PRCP,0,,,a,
ASN00082076,20130725,PRCP,0,,,a,
ASN00082076,20130726,PRCP,0,,,a,
ASN00082076,20130727,PRCP,0,,,a,
ASN00082076,20130728,PRCP,0,,,a,
ASN00082076,20130729,PRCP,156,,,a,
ASN00082076,20130730,PRCP,130,,,a,
ASN00082076,20130731,PRCP,0,,,a,
ASN00082076,20130801,TMAX,145,,,a,
ASN00082076,20130802,TMAX,130,,,a,
ASN00082076,20130803,TMAX,91,,,a,
ASN00082076,20130804,TMAX,110,,,a,
ASN00082076,20130805,TMAX,125,,,a,
ASN00082076,20130806,TMAX,131,,,a,
ASN00082076,20130807,TMAX,121,,,a,
ASN00082076,20130809,TMAX,85,,,a,
ASN00082076,20130810,TMAX,156,,,a,
ASN00082076,20130811,TMAX,127,,,a,
ASN00082076,20130812,TMAX,135,,,a,
ASN00082076,20130813,TMAX,120,,,a,
ASN00082076,20130814,TMAX,156,,,a,
ASN00082076,20130815,TMAX,130,,,a,
ASN00082076,20130818,TMAX,158,,,a,
ASN00082076,20130819,TMAX,104,,,a,
ASN00082076,20130820,TMAX,95,,,a,
ASN00082076,20130821,TMAX,96,,,a,
ASN00082076,20130822,TMAX,101,,,a,
ASN00082076,20130823,TMAX,115,,,a,
ASN00082076,20130824,TMAX,147,,,a,
ASN00082076,20130825,TMAX,150,,,a,
ASN00082076,20130826,TMAX,152,,,a,
ASN00082076,20130827,TMAX,172,,,a,
ASN00082076,20130830,TMAX,175,,,a,
ASN00082076,20130831,TMAX,197,,,a,
ASN00082076,20130801,TMIN,28,,,a,
ASN00082076,20130802,TMIN,65,,,a,
ASN00082076,20130803,TMIN,60,,,a,
ASN00082076,20130804,TMIN,62,,,a,
ASN00082076,20130805,TMIN,71,,,a,
ASN00082076,20130806,TMIN,68,,,a,
ASN00082076,20130807,TMIN,37,,,a,
ASN00082076,20130808,TMIN,6,,,a,
ASN00082076,20130811,TMIN,47,,,a,
ASN00082076,20130812,TMIN,41,,,a,
ASN00082076,20130813,TMIN,60,,,a,
ASN00082076,20130814,TMIN,74,,,a,
ASN00082076,20130815,TMIN,10,,,a,
ASN00082076,20130816,TMIN,18,,,a,
ASN00082076,20130819,TMIN,54,,,a,
ASN00082076,20130820,TMIN,35,,,a,
ASN00082076,20130821,TMIN,28,,,a,
ASN00082076,20130822,TMIN,49,,,a,
ASN00082076,20130823,TMIN,65,,,a,
ASN00082076,20130824,TMIN,65,,,a,
ASN00082076,20130825,TMIN,83,,,a,
ASN00082076,20130826,TMIN,65,,,a,
ASN00082076,20130827,TMIN,49,,,a,
ASN00082076,20130828,TMIN,33,,,a,
ASN00082076,20130831,TMIN,64,,,a,
ASN00082076,20130801,PRCP,0,,,a,
ASN00082076,20130802,PRCP,0,,,a,
ASN00082076,20130803,PRCP,44,,,a,
ASN00082076,20130804,PRCP,234,,,a,
ASN00082076,20130805,PRCP,54,,,a,
ASN00082076,20130806,PRCP,126,,,a,
ASN00082076,20130807,PRCP,44,,,a,
ASN00082076,20130808,PRCP,0,,,a,
ASN00082076,20130811,PRCP,4,,,a,
ASN00082076,20130812,PRCP,82,,,a,
ASN00082076,20130813,PRCP,150,,,a,
ASN00082076,20130814,PRCP,10,,,a,
ASN00082076,20130815,PRCP,118,,,a,
ASN00082076,20130816,PRCP,0,,,a,
ASN00082076,20130819,PRCP,82,,,a,
ASN00082076,20130820,PRCP,16,,,a,
ASN00082076,20130821,PRCP,16,,,a,
ASN00082076,20130822,PRCP,56,,,a,
ASN00082076,20130823,PRCP,114,,,a,
ASN00082076,20130824,PRCP,16,,,a,
ASN00082076,20130825,PRCP,0,,,a,
ASN00082076,20130826,PRCP,0,,,a,
ASN00082076,20130827,PRCP,0,,,a,
ASN00082076,20130828,PRCP,0,,,a,
ASN00082076,20130831,PRCP,8,,,a,
ASN00082076,20130810,DAPR,2,,,a,
ASN00082076,20130818,DAPR,2,,,a,
ASN00082076,20130830,DAPR,2,,,a,
ASN00082076,20130810,DATN,2,,,a,
ASN00082076,20130818,DATN,2,,,a,
ASN00082076,20130830,DATN,2,,,a,
ASN00082076,20130817,DATX,2,,,a,
ASN00082076,20130829,DATX,2,,,a,
ASN00082076,20130810,MDPR,110,,,a,
ASN00082076,20130818,MDPR,174,,,a,
ASN00082076,20130830,MDPR,96,,,a,
ASN00082076,20130810,MDTN,45,,,a,
ASN00082076,20130818,MDTN,68,,,a,
ASN00082076,20130830,MDTN,101,,,a,
ASN00082076,20130817,MDTX,132,,,a,
ASN00082076,20130829,MDTX,192,,,a,
ASN00082076,20130901,TMAX,219,,,a,
ASN00082076,20130902,TMAX,236,,,a,
ASN00082076,20130903,TMAX,235,,,a,
ASN00082076,20130904,TMAX,230,,,a,
ASN00082076,20130905,TMAX,221,,,a,
ASN00082076,20130906,TMAX,210,,,a,
ASN00082076,20130907,TMAX,195,,,a,
ASN00082076,20130908,TMAX,179,,,a,
ASN00082076,20130909,TMAX,202,,,a,
ASN00082076,20130910,TMAX,160,,,a,
ASN00082076,20130911,TMAX,136,,,a,
ASN00082076,20130912,TMAX,140,,,a,
ASN00082076,20130915,TMAX,220,,,a,
ASN00082076,20130916,TMAX,120,,,a,
ASN00082076,20130919,TMAX,109,,,a,
ASN00082076,20130920,TMAX,130,,,a,
ASN00082076,20130921,TMAX,179,,,a,
ASN00082076,20130922,TMAX,182,,,a,
ASN00082076,20130923,TMAX,227,,,a,
ASN00082076,20130924,TMAX,238,,,a,
ASN00082076,20130925,TMAX,237,,,a,
ASN00082076,20130926,TMAX,135,,,a,
ASN00082076,20130927,TMAX,190,,,a,
ASN00082076,20130928,TMAX,150,,,a,
ASN00082076,20130929,TMAX,189,,,a,
ASN00082076,20130930,TMAX,240,,,a,
ASN00082076,20130901,TMIN,35,,,a,
ASN00082076,20130902,TMIN,49,,,a,
ASN00082076,20130903,TMIN,67,,,a,
ASN00082076,20130904,TMIN,75,,,a,
ASN00082076,20130905,TMIN,89,,,a,
ASN00082076,20130906,TMIN,107,,,a,
ASN00082076,20130907,TMIN,104,,,a,
ASN00082076,20130908,TMIN,35,,,a,
ASN00082076,20130909,TMIN,56,,,a,
ASN00082076,20130910,TMIN,69,,,a,
ASN00082076,20130911,TMIN,82,,,a,
ASN00082076,20130912,TMIN,25,,,a,
ASN00082076,20130913,TMIN,4,,,a,
ASN00082076,20130916,TMIN,100,,,a,
ASN00082076,20130917,TMIN,96,,,a,
ASN00082076,20130920,TMIN,45,,,a,
ASN00082076,20130921,TMIN,45,,,a,
ASN00082076,20130922,TMIN,35,,,a,
ASN00082076,20130923,TMIN,62,,,a,
ASN00082076,20130924,TMIN,99,,,a,
ASN00082076,20130925,TMIN,85,,,a,
ASN00082076,20130926,TMIN,100,,,a,
ASN00082076,20130927,TMIN,6,,,a,
ASN00082076,20130928,TMIN,50,,,a,
ASN00082076,20130929,TMIN,14,,,a,
ASN00082076,20130930,TMIN,42,,,a,
ASN00082076,20130901,PRCP,4,,,a,
ASN00082076,20130902,PRCP,0,,,a,
ASN00082076,20130903,PRCP,0,,,a,
ASN00082076,20130904,PRCP,0,,,a,
ASN00082076,20130905,PRCP,0,,,a,
ASN00082076,20130906,PRCP,0,,,a,
ASN00082076,20130907,PRCP,34,,,a,
ASN00082076,20130908,PRCP,0,,,a,
ASN00082076,20130909,PRCP,0,,,a,
ASN00082076,20130910,PRCP,0,,,a,
ASN00082076,20130911,PRCP,22,,,a,
ASN00082076,20130912,PRCP,4,,,a,
ASN00082076,20130913,PRCP,30,,,a,
ASN00082076,20130916,PRCP,4,,,a,
ASN00082076,20130917,PRCP,288,,,a,
ASN00082076,20130920,PRCP,28,,,a,
ASN00082076,20130921,PRCP,4,,,a,
ASN00082076,20130922,PRCP,0,,,a,
ASN00082076,20130923,PRCP,46,,,a,
ASN00082076,20130924,PRCP,4,,,a,
ASN00082076,20130925,PRCP,0,,,a,
ASN00082076,20130926,PRCP,12,,,a,
ASN00082076,20130927,PRCP,32,,,a,
ASN00082076,20130928,PRCP,0,,,a,
ASN00082076,20130929,PRCP,0,,,a,
ASN00082076,20130930,PRCP,0,,,a,
ASN00082076,20130915,DAPR,2,,,a,
ASN00082076,20130919,DAPR,2,,,a,
ASN00082076,20130915,DATN,2,,,a,
ASN00082076,20130919,DATN,2,,,a,
ASN00082076,20130914,DATX,2,,,a,
ASN00082076,20130918,DATX,2,,,a,
ASN00082076,20130915,MDPR,4,,,a,
ASN00082076,20130919,MDPR,116,,,a,
ASN00082076,20130915,MDTN,32,,,a,
ASN00082076,20130919,MDTN,79,,,a,
ASN00082076,20130914,MDTX,182,,,a,
ASN00082076,20130918,MDTX,175,,,a,
ASN00082076,20131001,TMAX,165,,,a,
ASN00082076,20131002,TMAX,155,,,a,
ASN00082076,20131003,TMAX,146,,,a,
ASN00082076,20131004,TMAX,185,,,a,
ASN00082076,20131005,TMAX,210,,,a,
ASN00082076,20131008,TMAX,202,,,a,
ASN00082076,20131009,TMAX,234,,,a,
ASN00082076,20131010,TMAX,235,,,a,
ASN00082076,20131001,TMIN,119,,,a,
ASN00082076,20131002,TMIN,44,,,a,
ASN00082076,20131003,TMIN,91,,,a,
ASN00082076,20131004,TMIN,29,,,a,
ASN00082076,20131005,TMIN,40,,,a,
ASN00082076,20131006,TMIN,60,,,a,
ASN00082076,20131011,TMIN,48,,,a,
ASN00082076,20131001,PRCP,0,,,a,
ASN00082076,20131002,PRCP,120,,,a,
ASN00082076,20131003,PRCP,78,,,a,
ASN00082076,20131004,PRCP,4,,,a,
ASN00082076,20131005,PRCP,0,,,a,
ASN00082076,20131006,PRCP,0,,,a,
ASN00082076,20131007,PRCP,0,,,a,
ASN00082076,20131008,PRCP,0,,,a,
ASN00082076,20131009,PRCP,0,,,a,
ASN00082076,20131010,PRCP,0,,,a,
ASN00082076,20131011,PRCP,54,,,a,
ASN00082076,20131012,PRCP,0,,,a,
ASN00082076,20131013,PRCP,0,,,a,
ASN00082076,20131014,PRCP,0,,,a,
ASN00082076,20131015,PRCP,0,,,a,
ASN00082076,20131016,PRCP,0,,,a,
ASN00082076,20131017,PRCP,0,,,a,
ASN00082076,20131018,PRCP,0,,,a,
ASN00082076,20131019,PRCP,0,,,a,
ASN00082076,20131020,PRCP,0,,,a,
ASN00082076,20131021,PRCP,0,,,a,
ASN00082076,20131022,PRCP,0,,,a,
ASN00082076,20131023,PRCP,0,,,a,
ASN00082076,20131024,PRCP,0,,,a,
ASN00082076,20131025,PRCP,0,,,a,
ASN00082076,20131026,PRCP,0,,,a,
ASN00082076,20131027,PRCP,0,,,a,
ASN00082076,20131028,PRCP,0,,,a,
ASN00082076,20131029,PRCP,0,,,a,
ASN00082076,20131030,PRCP,0,,,a,
ASN00082076,20131031,PRCP,0,,,a,
ASN00082076,20131007,DATX,2,,,a,
ASN00082076,20131007,MDTX,216,,,a,
ASN00082076,20131105,TMAX,252,,,a,
ASN00082076,20131108,TMAX,285,,,a,
ASN00082076,20131111,TMAX,139,,,a,
ASN00082076,20131112,TMAX,177,,,a,
ASN00082076,20131113,TMAX,132,,,a,
ASN00082076,20131114,TMAX,193,,,a,
ASN00082076,20131115,TMAX,212,,,a,
ASN00082076,20131116,TMAX,217,,,a,
ASN00082076,20131117,TMAX,254,,,a,
ASN00082076,20131118,TMAX,276,,,a,
ASN00082076,20131119,TMAX,283,,,a,
ASN00082076,20131120,TMAX,301,,,a,
ASN00082076,20131121,TMAX,238,,,a,
ASN00082076,20131122,TMAX,250,,,a,
ASN00082076,20131123,TMAX,220,,,a,
ASN00082076,20131124,TMAX,218,,,a,
ASN00082076,20131125,TMAX,210,,,a,
ASN00082076,20131126,TMAX,270,,,a,
ASN00082076,20131127,TMAX,294,,,a,
ASN00082076,20131128,TMAX,283,,,a,
ASN00082076,20131129,TMAX,210,,,a,
ASN00082076,20131130,TMAX,250,,,a,
ASN00082076,20131106,TMIN,59,,,a,
ASN00082076,20131109,TMIN,118,,,a,
ASN00082076,20131112,TMIN,106,,,a,
ASN00082076,20131113,TMIN,104,,,a,
ASN00082076,20131114,TMIN,100,,,a,
ASN00082076,20131115,TMIN,50,,,a,
ASN00082076,20131116,TMIN,125,,,a,
ASN00082076,20131117,TMIN,118,,,a,
ASN00082076,20131118,TMIN,85,,,a,
ASN00082076,20131119,TMIN,88,,,a,
ASN00082076,20131120,TMIN,110,,,a,
ASN00082076,20131121,TMIN,126,,,a,
ASN00082076,20131122,TMIN,95,,,a,
ASN00082076,20131123,TMIN,54,,,a,
ASN00082076,20131124,TMIN,83,,,a,
ASN00082076,20131125,TMIN,127,,,a,
ASN00082076,20131126,TMIN,52,,,a,
ASN00082076,20131127,TMIN,85,,,a,
ASN00082076,20131128,TMIN,116,,,a,
ASN00082076,20131129,TMIN,126,,,a,
ASN00082076,20131130,TMIN,100,,,a,
ASN00082076,20131101,PRCP,0,,,a,
ASN00082076,20131102,PRCP,0,,,a,
ASN00082076,20131103,PRCP,0,,,a,
ASN00082076,20131104,PRCP,0,,,a,
ASN00082076,20131105,PRCP,0,,,a,
ASN00082076,20131106,PRCP,0,,,a,
ASN00082076,20131107,PRCP,0,,,a,
ASN00082076,20131108,PRCP,0,,,a,
ASN00082076,20131109,PRCP,0,,,a,
ASN00082076,20131112,PRCP,72,,,a,
ASN00082076,20131113,PRCP,56,,,a,
ASN00082076,20131114,PRCP,10,,,a,
ASN00082076,20131115,PRCP,0,,,a,
ASN00082076,20131116,PRCP,0,,,a,
ASN00082076,20131117,PRCP,0,,,a,
ASN00082076,20131118,PRCP,0,,,a,
ASN00082076,20131119,PRCP,0,,,a,
ASN00082076,20131120,PRCP,0,,,a,
ASN00082076,20131121,PRCP,2,,,a,
ASN00082076,20131122,PRCP,6,,,a,
ASN00082076,20131123,PRCP,0,,,a,
ASN00082076,20131124,PRCP,0,,,a,
ASN00082076,20131125,PRCP,10,,,a,
ASN00082076,20131126,PRCP,0,,,a,
ASN00082076,20131127,PRCP,0,,,a,
ASN00082076,20131128,PRCP,0,,,a,
ASN00082076,20131129,PRCP,0,,,a,
ASN00082076,20131130,PRCP,0,,,a,
ASN00082076,20131111,DAPR,2,,,a,
ASN00082076,20131108,DATN,2,,,a,
ASN00082076,20131111,DATN,2,,,a,
ASN00082076,20131107,DATX,2,,,a,
ASN00082076,20131110,DATX,2,,,a,
ASN00082076,20131111,MDPR,12,,,a,
ASN00082076,20131108,MDTN,95,,,a,
ASN00082076,20131111,MDTN,98,,,a,
ASN00082076,20131107,MDTX,305,,,a,
ASN00082076,20131110,MDTX,188,,,a,
ASN00082076,20131201,TMAX,279,,,a,
ASN00082076,20131202,TMAX,310,,,a,
ASN00082076,20131203,TMAX,341,,,a,
ASN00082076,20131204,TMAX,228,,,a,
ASN00082076,20131205,TMAX,142,,,a,
ASN00082076,20131206,TMAX,192,,,a,
ASN00082076,20131211,TMAX,218,,,a,
ASN00082076,20131212,TMAX,257,,,a,
ASN00082076,20131213,TMAX,278,,,a,
ASN00082076,20131214,TMAX,280,,,a,
ASN00082076,20131215,TMAX,275,,,a,
ASN00082076,20131216,TMAX,305,,,a,
ASN00082076,20131217,TMAX,319,,,a,
ASN00082076,20131218,TMAX,343,,,a,
ASN00082076,20131219,TMAX,360,,,a,
ASN00082076,20131220,TMAX,370,,,a,
ASN00082076,20131221,TMAX,370,,,a,
ASN00082076,20131222,TMAX,325,,,a,
ASN00082076,20131223,TMAX,230,,,a,
ASN00082076,20131224,TMAX,280,,,a,
ASN00082076,20131225,TMAX,260,,,a,
ASN00082076,20131226,TMAX,282,,,a,
ASN00082076,20131230,TMAX,290,,,a,
ASN00082076,20131231,TMAX,290,,,a,
ASN00082076,20131201,TMIN,85,,,a,
ASN00082076,20131202,TMIN,122,,,a,
ASN00082076,20131203,TMIN,121,,,a,
ASN00082076,20131204,TMIN,166,,,a,
ASN00082076,20131205,TMIN,113,,,a,
ASN00082076,20131206,TMIN,26,,,a,
ASN00082076,20131207,TMIN,42,,,a,
ASN00082076,20131212,TMIN,56,,,a,
ASN00082076,20131213,TMIN,74,,,a,
ASN00082076,20131214,TMIN,161,,,a,
ASN00082076,20131215,TMIN,95,,,a,
ASN00082076,20131216,TMIN,145,,,a,
ASN00082076,20131217,TMIN,132,,,a,
ASN00082076,20131218,TMIN,152,,,a,
ASN00082076,20131219,TMIN,157,,,a,
ASN00082076,20131220,TMIN,165,,,a,
ASN00082076,20131221,TMIN,200,,,a,
ASN00082076,20131222,TMIN,195,,,a,
ASN00082076,20131223,TMIN,175,,,a,
ASN00082076,20131224,TMIN,130,,,a,
ASN00082076,20131225,TMIN,130,,,a,
ASN00082076,20131226,TMIN,115,,,a,
ASN00082076,20131227,TMIN,105,,,a,
ASN00082076,20131231,TMIN,95,,,a,
ASN00082076,20131201,PRCP,0,,,a,
ASN00082076,20131202,PRCP,0,,,a,
ASN00082076,20131203,PRCP,0,,,a,
ASN00082076,20131204,PRCP,0,,,a,
ASN00082076,20131205,PRCP,390,,,a,
ASN00082076,20131206,PRCP,26,,,a,
ASN00082076,20131207,PRCP,0,,,a,
ASN00082076,20131208,PRCP,0,,,a,
ASN00082076,20131209,PRCP,0,,,a,
ASN00082076,20131210,PRCP,0,,,a,
ASN00082076,20131211,PRCP,0,,,a,
ASN00082076,20131212,PRCP,0,,,a,
ASN00082076,20131213,PRCP,0,,,a,
ASN00082076,20131214,PRCP,0,,,a,
ASN00082076,20131215,PRCP,0,,,a,
ASN00082076,20131216,PRCP,0,,,a,
ASN00082076,20131217,PRCP,0,,,a,
ASN00082076,20131218,PRCP,0,,,a,
ASN00082076,20131219,PRCP,0,,,a,
ASN00082076,20131220,PRCP,0,,,a,
ASN00082076,20131221,PRCP,0,,,a,
ASN00082076,20131222,PRCP,0,,,a,
ASN00082076,20131223,PRCP,44,,,a,
ASN00082076,20131224,PRCP,200,,,a,
ASN00082076,20131225,PRCP,0,,,a,
ASN00082076,20131226,PRCP,0,,,a,
ASN00082076,20131227,PRCP,0,,,a,
ASN00082076,20131228,PRCP,0,,,a,
ASN00082076,20131229,PRCP,0,,,a,
ASN00082076,20131230,PRCP,0,,,a,
ASN00082076,20131231,PRCP,0,,,a,
ASN00082076,20131209,DATN,2,,,a,
ASN00082076,20131211,DATN,2,,,a,
ASN00082076,20131230,DATN,3,,,a,
ASN00082076,20131208,DATX,2,,,a,
ASN00082076,20131210,DATX,2,,,a,
ASN00082076,20131229,DATX,3,,,a,
ASN00082076,20131209,MDTN,76,,,a,
ASN00082076,20131211,MDTN,122,,,a,
ASN00082076,20131230,MDTN,106,,,a,
ASN00082076,20131208,MDTX,274,,,a,
ASN00082076,20131210,MDTX,195,,,a,
ASN00082076,20131229,MDTX,260,,,a,
ASN00082076,20140101,TMAX,225,,,a,
ASN00082076,20140102,TMAX,283,,,a,
ASN00082076,20140103,TMAX,260,,,a,
ASN00082076,20140104,TMAX,225,,,a,
ASN00082076,20140105,TMAX,267,,,a,
ASN00082076,20140106,TMAX,232,,,a,
ASN00082076,20140107,TMAX,234,,,a,
ASN00082076,20140108,TMAX,274,,,a,
ASN00082076,20140109,TMAX,277,,,a,
ASN00082076,20140110,TMAX,312,,,a,
ASN00082076,20140111,TMAX,335,,,a,
ASN00082076,20140112,TMAX,351,,,a,
ASN00082076,20140113,TMAX,370,,,a,
ASN00082076,20140114,TMAX,381,,,a,
ASN00082076,20140115,TMAX,402,,,a,
ASN00082076,20140116,TMAX,410,,,a,
ASN00082076,20140117,TMAX,405,,,a,
ASN00082076,20140118,TMAX,380,,,a,
ASN00082076,20140119,TMAX,319,,,a,
ASN00082076,20140120,TMAX,296,,,a,
ASN00082076,20140121,TMAX,292,,,a,
ASN00082076,20140122,TMAX,300,,,a,
ASN00082076,20140123,TMAX,330,,,a,
ASN00082076,20140124,TMAX,204,,,a,
ASN00082076,20140125,TMAX,210,,,a,
ASN00082076,20140126,TMAX,288,,,a,
ASN00082076,20140127,TMAX,316,,,a,
ASN00082076,20140128,TMAX,336,,,a,
ASN00082076,20140129,TMAX,370,,,a,
ASN00082076,20140130,TMAX,369,,,a,
ASN00082076,20140131,TMAX,382,,,a,
ASN00082076,20140101,TMIN,110,,,a,
ASN00082076,20140102,TMIN,130,,,a,
ASN00082076,20140103,TMIN,142,,,a,
ASN00082076,20140104,TMIN,77,,,a,
ASN00082076,20140105,TMIN,57,,,a,
ASN00082076,20140106,TMIN,102,,,a,
ASN00082076,20140107,TMIN,111,,,a,
ASN00082076,20140108,TMIN,119,,,a,
ASN00082076,20140109,TMIN,136,,,a,
ASN00082076,20140110,TMIN,135,,,a,
ASN00082076,20140111,TMIN,148,,,a,
ASN00082076,20140112,TMIN,200,,,a,
ASN00082076,20140113,TMIN,152,,,a,
ASN00082076,20140114,TMIN,150,,,a,
ASN00082076,20140115,TMIN,168,,,a,
ASN00082076,20140116,TMIN,190,,,a,
ASN00082076,20140117,TMIN,166,,,a,
ASN00082076,20140118,TMIN,175,,,a,
ASN00082076,20140119,TMIN,170,,,a,
ASN00082076,20140120,TMIN,190,,,a,
ASN00082076,20140121,TMIN,190,,,a,
ASN00082076,20140122,TMIN,149,,,a,
ASN00082076,20140123,TMIN,125,,,a,
ASN00082076,20140124,TMIN,162,,,a,
ASN00082076,20140125,TMIN,120,,,a,
ASN00082076,20140126,TMIN,128,,,a,
ASN00082076,20140127,TMIN,115,,,a,
ASN00082076,20140128,TMIN,130,,,a,
ASN00082076,20140129,TMIN,146,,,a,
ASN00082076,20140130,TMIN,152,,,a,
ASN00082076,20140131,TMIN,170,,,a,
ASN00082076,20140101,PRCP,0,,,a,
ASN00082076,20140102,PRCP,0,,,a,
ASN00082076,20140103,PRCP,0,,,a,
ASN00082076,20140104,PRCP,0,,,a,
ASN00082076,20140105,PRCP,0,,,a,
ASN00082076,20140106,PRCP,0,,,a,
ASN00082076,20140107,PRCP,0,,,a,
ASN00082076,20140108,PRCP,0,,,a,
ASN00082076,20140109,PRCP,0,,,a,
ASN00082076,20140110,PRCP,0,,,a,
ASN00082076,20140111,PRCP,0,,,a,
ASN00082076,20140112,PRCP,0,,,a,
ASN00082076,20140113,PRCP,0,,,a,
ASN00082076,20140114,PRCP,0,,,a,
ASN00082076,20140115,PRCP,0,,,a,
ASN00082076,20140116,PRCP,0,,,a,
ASN00082076,20140117,PRCP,0,,,a,
ASN00082076,20140118,PRCP,0,,,a,
ASN00082076,20140119,PRCP,0,,,a,
ASN00082076,20140120,PRCP,0,,,a,
ASN00082076,20140121,PRCP,0,,,a,
ASN00082076,20140122,PRCP,0,,,a,
ASN00082076,20140123,PRCP,0,,,a,
ASN00082076,20140124,PRCP,92,,,a,
ASN00082076,20140125,PRCP,400,,,a,
ASN00082076,20140126,PRCP,0,,,a,
ASN00082076,20140127,PRCP,0,,,a,
ASN00082076,20140128,PRCP,0,,,a,
ASN00082076,20140129,PRCP,0,,,a,
ASN00082076,20140130,PRCP,0,,,a,
ASN00082076,20140131,PRCP,0,,,a,
ASN00082076,20140201,TMAX,383,,,a,
ASN00082076,20140202,TMAX,391,,,a,
ASN00082076,20140203,TMAX,381,,,a,
ASN00082076,20140204,TMAX,254,,,a,
ASN00082076,20140205,TMAX,301,,,a,
ASN00082076,20140206,TMAX,325,,,a,
ASN00082076,20140207,TMAX,340,,,a,
ASN00082076,20140208,TMAX,371,,,a,
ASN00082076,20140209,TMAX,390,,,a,
ASN00082076,20140210,TMAX,345,,,a,
ASN00082076,20140211,TMAX,338,,,a,
ASN00082076,20140212,TMAX,355,,,a,
ASN00082076,20140213,TMAX,267,,,a,
ASN00082076,20140214,TMAX,278,,,a,
ASN00082076,20140215,TMAX,220,,,a,
ASN00082076,20140216,TMAX,250,,,a,
ASN00082076,20140217,TMAX,288,,,a,
ASN00082076,20140218,TMAX,303,,,a,
ASN00082076,20140219,TMAX,315,,,a,
ASN00082076,20140220,TMAX,208,,,a,
ASN00082076,20140221,TMAX,260,,,a,
ASN00082076,20140222,TMAX,282,,,a,
ASN00082076,20140223,TMAX,302,,,a,
ASN00082076,20140224,TMAX,311,,,a,
ASN00082076,20140225,TMAX,305,,,a,
ASN00082076,20140226,TMAX,258,,,a,
ASN00082076,20140227,TMAX,265,,,a,
ASN00082076,20140228,TMAX,263,,,a,
ASN00082076,20140201,TMIN,175,,,a,
ASN00082076,20140202,TMIN,190,,,a,
ASN00082076,20140203,TMIN,180,,,a,
ASN00082076,20140204,TMIN,153,,,a,
ASN00082076,20140205,TMIN,134,,,a,
ASN00082076,20140206,TMIN,123,,,a,
ASN00082076,20140207,TMIN,140,,,a,
ASN00082076,20140208,TMIN,146,,,a,
ASN00082076,20140209,TMIN,144,,,a,
ASN00082076,20140210,TMIN,167,,,a,
ASN00082076,20140211,TMIN,118,,,a,
ASN00082076,20140212,TMIN,158,,,a,
ASN00082076,20140213,TMIN,180,,,a,
ASN00082076,20140214,TMIN,181,,,a,
ASN00082076,20140215,TMIN,181,,,a,
ASN00082076,20140216,TMIN,185,,,a,
ASN00082076,20140217,TMIN,112,,,a,
ASN00082076,20140218,TMIN,116,,,a,
ASN00082076,20140219,TMIN,137,,,a,
ASN00082076,20140220,TMIN,122,,,a,
ASN00082076,20140221,TMIN,45,,,a,
ASN00082076,20140222,TMIN,72,,,a,
ASN00082076,20140223,TMIN,110,,,a,
ASN00082076,20140224,TMIN,120,,,a,
ASN00082076,20140225,TMIN,125,,,a,
ASN00082076,20140226,TMIN,128,,,a,
ASN00082076,20140227,TMIN,140,,,a,
ASN00082076,20140228,TMIN,143,,,a,
ASN00082076,20140201,PRCP,0,,,a,
ASN00082076,20140202,PRCP,0,,,a,
ASN00082076,20140203,PRCP,0,,,a,
ASN00082076,20140204,PRCP,8,,,a,
ASN00082076,20140205,PRCP,0,,,a,
ASN00082076,20140206,PRCP,0,,,a,
ASN00082076,20140207,PRCP,0,,,a,
ASN00082076,20140208,PRCP,0,,,a,
ASN00082076,20140209,PRCP,0,,,a,
ASN00082076,20140210,PRCP,0,,,a,
ASN00082076,20140211,PRCP,0,,,a,
ASN00082076,20140212,PRCP,0,,,a,
ASN00082076,20140213,PRCP,0,,,a,
ASN00082076,20140214,PRCP,0,,,a,
ASN00082076,20140215,PRCP,54,,,a,
ASN00082076,20140216,PRCP,62,,,a,
ASN00082076,20140217,PRCP,34,,,a,
ASN00082076,20140218,PRCP,0,,,a,
ASN00082076,20140219,PRCP,0,,,a,
ASN00082076,20140220,PRCP,28,,,a,
ASN00082076,20140221,PRCP,0,,,a,
ASN00082076,20140222,PRCP,0,,,a,
ASN00082076,20140223,PRCP,0,,,a,
ASN00082076,20140224,PRCP,0,,,a,
ASN00082076,20140225,PRCP,0,,,a,
ASN00082076,20140226,PRCP,8,,,a,
ASN00082076,20140227,PRCP,140,,,a,
ASN00082076,20140228,PRCP,0,,,a,
ASN00082076,20140301,TMAX,242,,,a,
ASN00082076,20140302,TMAX,284,,,a,
ASN00082076,20140303,TMAX,307,,,a,
ASN00082076,20140304,TMAX,301,,,a,
ASN00082076,20140305,TMAX,297,,,a,
ASN00082076,20140306,TMAX,300,,,a,
ASN00082076,20140307,TMAX,285,,,a,
ASN00082076,20140308,TMAX,300,,,a,
ASN00082076,20140309,TMAX,302,,,a,
ASN00082076,20140310,TMAX,322,,,a,
ASN00082076,20140311,TMAX,315,,,a,
ASN00082076,20140314,TMAX,294,,,a,
ASN00082076,20140315,TMAX,278,,,a,
ASN00082076,20140316,TMAX,174,,,a,
ASN00082076,20140317,TMAX,270,,,a,
ASN00082076,20140318,TMAX,250,,,a,
ASN00082076,20140319,TMAX,273,,,a,
ASN00082076,20140320,TMAX,290,,,a,
ASN00082076,20140324,TMAX,202,,,a,
ASN00082076,20140325,TMAX,240,,,a,
ASN00082076,20140326,TMAX,200,,,a,
ASN00082076,20140327,TMAX,230,,,a,
ASN00082076,20140328,TMAX,245,,,a,
ASN00082076,20140329,TMAX,242,,,a,
ASN00082076,20140330,TMAX,200,,,a,
ASN00082076,20140331,TMAX,258,,,a,
ASN00082076,20140301,TMIN,161,,,a,
ASN00082076,20140302,TMIN,130,,,a,
ASN00082076,20140303,TMIN,134,,,a,
ASN00082076,20140304,TMIN,132,,,a,
ASN00082076,20140305,TMIN,159,,,a,
ASN00082076,20140306,TMIN,170,,,a,
ASN00082076,20140307,TMIN,106,,,a,
ASN00082076,20140308,TMIN,139,,,a,
ASN00082076,20140309,TMIN,110,,,a,
ASN00082076,20140310,TMIN,117,,,a,
ASN00082076,20140311,TMIN,116,,,a,
ASN00082076,20140312,TMIN,167,,,a,
ASN00082076,20140315,TMIN,95,,,a,
ASN00082076,20140316,TMIN,95,,,a,
ASN00082076,20140317,TMIN,59,,,a,
ASN00082076,20140318,TMIN,98,,,a,
ASN00082076,20140319,TMIN,84,,,a,
ASN00082076,20140320,TMIN,91,,,a,
ASN00082076,20140321,TMIN,112,,,a,
ASN00082076,20140325,TMIN,85,,,a,
ASN00082076,20140326,TMIN,145,,,a,
ASN00082076,20140327,TMIN,158,,,a,
ASN00082076,20140328,TMIN,150,,,a,
ASN00082076,20140329,TMIN,121,,,a,
ASN00082076,20140330,TMIN,124,,,a,
ASN00082076,20140331,TMIN,107,,,a,
ASN00082076,20140301,PRCP,0,,,a,
ASN00082076,20140302,PRCP,88,,,a,
ASN00082076,20140303,PRCP,0,,,a,
ASN00082076,20140304,PRCP,0,,,a,
ASN00082076,20140305,PRCP,0,,,a,
ASN00082076,20140306,PRCP,0,,,a,
ASN00082076,20140307,PRCP,0,,,a,
ASN00082076,20140308,PRCP,0,,,a,
ASN00082076,20140309,PRCP,8,,,a,
ASN00082076,20140310,PRCP,0,,,a,
ASN00082076,20140311,PRCP,0,,,a,
ASN00082076,20140312,PRCP,42,,,a,
ASN00082076,20140313,PRCP,0,,,a,
ASN00082076,20140314,PRCP,0,,,a,
ASN00082076,20140315,PRCP,0,,,a,
ASN00082076,20140316,PRCP,198,,,a,
ASN00082076,20140317,PRCP,8,,,a,
ASN00082076,20140318,PRCP,4,,,a,
ASN00082076,20140319,PRCP,0,,,a,
ASN00082076,20140320,PRCP,0,,,a,
ASN00082076,20140321,PRCP,0,,,a,
ASN00082076,20140325,PRCP,30,,,a,
ASN00082076,20140326,PRCP,8,,,a,
ASN00082076,20140327,PRCP,102,,,a,
ASN00082076,20140328,PRCP,46,,,a,
ASN00082076,20140329,PRCP,22,,,a,
ASN00082076,20140330,PRCP,32,,,a,
ASN00082076,20140331,PRCP,30,,,a,
ASN00082076,20140324,DAPR,3,,,a,
ASN00082076,20140314,DATN,2,,,a,
ASN00082076,20140324,DATN,3,,,a,
ASN00082076,20140313,DATX,2,,,a,
ASN00082076,20140323,DATX,3,,,a,
ASN00082076,20140324,MDPR,340,,,a,
ASN00082076,20140314,MDTN,119,,,a,
ASN00082076,20140324,MDTN,76,,,a,
ASN00082076,20140313,MDTX,275,,,a,
ASN00082076,20140323,MDTX,215,,,a,
ASN00082076,20140401,TMAX,273,,,a,
ASN00082076,20140402,TMAX,265,,,a,
ASN00082076,20140403,TMAX,195,,,a,
ASN00082076,20140404,TMAX,173,,,a,
ASN00082076,20140405,TMAX,225,,,a,
ASN00082076,20140408,TMAX,235,,,a,
ASN00082076,20140409,TMAX,186,,,a,
ASN00082076,20140410,TMAX,166,,,a,
ASN00082076,20140411,TMAX,222,,,a,
ASN00082076,20140414,TMAX,192,,,a,
ASN00082076,20140415,TMAX,202,,,a,
ASN00082076,20140416,TMAX,208,,,a,
ASN00082076,20140417,TMAX,220,,,a,
ASN00082076,20140418,TMAX,185,,,a,
ASN00082076,20140419,TMAX,174,,,a,
ASN00082076,20140420,TMAX,152,,,a,
ASN00082076,20140421,TMAX,158,,,a,
ASN00082076,20140422,TMAX,204,,,a,
ASN00082076,20140425,TMAX,204,,,a,
ASN00082076,20140426,TMAX,196,,,a,
ASN00082076,20140427,TMAX,177,,,a,
ASN00082076,20140428,TMAX,201,,,a,
ASN00082076,20140429,TMAX,196,,,a,
ASN00082076,20140430,TMAX,158,,,a,
ASN00082076,20140401,TMIN,127,,,a,
ASN00082076,20140402,TMIN,115,,,a,
ASN00082076,20140403,TMIN,157,,,a,
ASN00082076,20140404,TMIN,142,,,a,
ASN00082076,20140405,TMIN,141,,,a,
ASN00082076,20140406,TMIN,138,,,a,
ASN00082076,20140409,TMIN,123,,,a,
ASN00082076,20140410,TMIN,145,,,a,
ASN00082076,20140411,TMIN,146,,,a,
ASN00082076,20140412,TMIN,152,,,a,
ASN00082076,20140415,TMIN,78,,,a,
ASN00082076,20140416,TMIN,92,,,a,
ASN00082076,20140417,TMIN,60,,,a,
ASN00082076,20140418,TMIN,60,,,a,
ASN00082076,20140419,TMIN,35,,,a,
ASN00082076,20140420,TMIN,22,,,a,
ASN00082076,20140421,TMIN,12,,,a,
ASN00082076,20140422,TMIN,55,,,a,
ASN00082076,20140423,TMIN,96,,,a,
ASN00082076,20140425,TMIN,45,,,a,
ASN00082076,20140426,TMIN,87,,,a,
ASN00082076,20140427,TMIN,86,,,a,
ASN00082076,20140428,TMIN,46,,,a,
ASN00082076,20140429,TMIN,91,,,a,
ASN00082076,20140430,TMIN,79,,,a,
ASN00082076,20140401,PRCP,0,,,a,
ASN00082076,20140402,PRCP,0,,,a,
ASN00082076,20140403,PRCP,8,,,a,
ASN00082076,20140404,PRCP,98,,,a,
ASN00082076,20140405,PRCP,72,,,a,
ASN00082076,20140406,PRCP,6,,,a,
ASN00082076,20140407,PRCP,0,,,a,
ASN00082076,20140408,PRCP,0,,,a,
ASN00082076,20140409,PRCP,16,,,a,
ASN00082076,20140410,PRCP,18,,,a,
ASN00082076,20140411,PRCP,400,,,a,
ASN00082076,20140412,PRCP,14,,,a,
ASN00082076,20140413,PRCP,0,,,a,
ASN00082076,20140414,PRCP,0,,,a,
ASN00082076,20140415,PRCP,0,,,a,
ASN00082076,20140416,PRCP,0,,,a,
ASN00082076,20140417,PRCP,0,,,a,
ASN00082076,20140418,PRCP,0,,,a,
ASN00082076,20140419,PRCP,0,,,a,
ASN00082076,20140420,PRCP,0,,,a,
ASN00082076,20140421,PRCP,0,,,a,
ASN00082076,20140422,PRCP,0,,,a,
ASN00082076,20140423,PRCP,52,,,a,
ASN00082076,20140424,PRCP,0,,,a,
ASN00082076,20140425,PRCP,0,,,a,
ASN00082076,20140426,PRCP,0,,,a,
ASN00082076,20140427,PRCP,0,,,a,
ASN00082076,20140428,PRCP,0,,,a,
ASN00082076,20140429,PRCP,0,,,a,
ASN00082076,20140430,PRCP,196,,,a,
ASN00082076,20140408,DATN,2,,,a,
ASN00082076,20140414,DATN,2,,,a,
ASN00082076,20140407,DATX,2,,,a,
ASN00082076,20140413,DATX,2,,,a,
ASN00082076,20140424,DATX,2,,,a,
ASN00082076,20140408,MDTN,102,,,a,
ASN00082076,20140414,MDTN,120,,,a,
ASN00082076,20140407,MDTX,234,,,a,
ASN00082076,20140413,MDTX,212,,,a,
ASN00082076,20140424,MDTX,189,,,a,
ASN00082076,20140501,TMAX,158,,,a,
ASN00082076,20140502,TMAX,112,,,a,
ASN00082076,20140503,TMAX,121,,,a,
ASN00082076,20140504,TMAX,143,,,a,
ASN00082076,20140505,TMAX,129,,,a,
ASN00082076,20140506,TMAX,162,,,a,
ASN00082076,20140507,TMAX,154,,,a,
ASN00082076,20140508,TMAX,163,,,a,
ASN00082076,20140509,TMAX,140,,,a,
ASN00082076,20140510,TMAX,120,,,a,
ASN00082076,20140511,TMAX,182,,,a,
ASN00082076,20140512,TMAX,189,,,a,
ASN00082076,20140513,TMAX,179,,,a,
ASN00082076,20140514,TMAX,184,,,a,
ASN00082076,20140515,TMAX,176,,,a,
ASN00082076,20140518,TMAX,174,,,a,
ASN00082076,20140521,TMAX,185,,,a,
ASN00082076,20140522,TMAX,150,,,a,
ASN00082076,20140523,TMAX,152,,,a,
ASN00082076,20140524,TMAX,185,,,a,
ASN00082076,20140525,TMAX,171,,,a,
ASN00082076,20140526,TMAX,180,,,a,
ASN00082076,20140527,TMAX,136,,,a,
ASN00082076,20140528,TMAX,139,,,a,
ASN00082076,20140529,TMAX,153,,,a,
ASN00082076,20140530,TMAX,164,,,a,
ASN00082076,20140531,TMAX,163,,,a,
ASN00082076,20140501,TMIN,40,,,a,
ASN00082076,20140502,TMIN,54,,,a,
ASN00082076,20140503,TMIN,70,,,a,
ASN00082076,20140504,TMIN,48,,,a,
ASN00082076,20140505,TMIN,35,,,a,
ASN00082076,20140506,TMIN,66,,,a,
ASN00082076,20140507,TMIN,66,,,a,
ASN00082076,20140508,TMIN,15,,,a,
ASN00082076,20140509,TMIN,10,,,a,
ASN00082076,20140510,TMIN,40,,,a,
ASN00082076,20140511,TMIN,90,,,a,
ASN00082076,20140512,TMIN,44,,,a,
ASN00082076,20140513,TMIN,45,,,a,
ASN00082076,20140514,TMIN,19,,,a,
ASN00082076,20140515,TMIN,32,,,a,
ASN00082076,20140516,TMIN,32,,,a,
ASN00082076,20140519,TMIN,52,,,a,
ASN00082076,20140521,TMIN,108,,,a,
ASN00082076,20140522,TMIN,100,,,a,
ASN00082076,20140523,TMIN,101,,,a,
ASN00082076,20140524,TMIN,84,,,a,
ASN00082076,20140525,TMIN,86,,,a,
ASN00082076,20140526,TMIN,90,,,a,
ASN00082076,20140527,TMIN,107,,,a,
ASN00082076,20140528,TMIN,105,,,a,
ASN00082076,20140529,TMIN,95,,,a,
ASN00082076,20140530,TMIN,55,,,a,
ASN00082076,20140531,TMIN,41,,,a,
ASN00082076,20140501,PRCP,32,,,a,
ASN00082076,20140502,PRCP,0,,,a,
ASN00082076,20140503,PRCP,12,,,a,
ASN00082076,20140504,PRCP,14,,,a,
ASN00082076,20140505,PRCP,2,,,a,
ASN00082076,20140506,PRCP,10,,,a,
ASN00082076,20140507,PRCP,0,,,a,
ASN00082076,20140508,PRCP,0,,,a,
ASN00082076,20140509,PRCP,0,,,a,
ASN00082076,20140510,PRCP,4,,,a,
ASN00082076,20140511,PRCP,182,,,a,
ASN00082076,20140512,PRCP,4,,,a,
ASN00082076,20140513,PRCP,0,,,a,
ASN00082076,20140514,PRCP,0,,,a,
ASN00082076,20140515,PRCP,0,,,a,
ASN00082076,20140516,PRCP,0,,,a,
ASN00082076,20140517,PRCP,0,,,a,
ASN00082076,20140518,PRCP,0,,,a,
ASN00082076,20140519,PRCP,0,,,a,
ASN00082076,20140522,PRCP,0,,,a,
ASN00082076,20140523,PRCP,24,,,a,
ASN00082076,20140524,PRCP,74,,,a,
ASN00082076,20140525,PRCP,0,,,a,
ASN00082076,20140526,PRCP,0,,,a,
ASN00082076,20140527,PRCP,6,,,a,
ASN00082076,20140528,PRCP,372,,,a,
ASN00082076,20140529,PRCP,18,,,a,
ASN00082076,20140530,PRCP,2,,,a,
ASN00082076,20140531,PRCP,0,,,a,
ASN00082076,20140521,DAPR,2,,,a,
ASN00082076,20140518,DATN,2,,,a,
ASN00082076,20140517,DATX,2,,,a,
ASN00082076,20140520,DATX,2,,,a,
ASN00082076,20140521,MDPR,4,,,a,
ASN00082076,20140518,MDTN,46,,,a,
ASN00082076,20140517,MDTX,166,,,a,
ASN00082076,20140520,MDTX,182,,,a,
ASN00082076,20140601,TMAX,128,,,a,
ASN00082076,20140602,TMAX,130,,,a,
ASN00082076,20140603,TMAX,110,,,a,
ASN00082076,20140604,TMAX,150,,,a,
ASN00082076,20140605,TMAX,139,,,a,
ASN00082076,20140606,TMAX,140,,,a,
ASN00082076,20140607,TMAX,150,,,a,
ASN00082076,20140608,TMAX,130,,,a,
ASN00082076,20140611,TMAX,150,,,a,
ASN00082076,20140612,TMAX,130,,,a,
ASN00082076,20140613,TMAX,104,,,a,
ASN00082076,20140614,TMAX,142,,,a,
ASN00082076,20140615,TMAX,150,,,a,
ASN00082076,20140616,TMAX,88,,,a,
ASN00082076,20140617,TMAX,118,,,a,
ASN00082076,20140618,TMAX,138,,,a,
ASN00082076,20140619,TMAX,102,,,a,
ASN00082076,20140620,TMAX,154,,,a,
ASN00082076,20140621,TMAX,138,,,a,
ASN00082076,20140622,TMAX,147,,,a,
ASN00082076,20140623,TMAX,112,,,a,
ASN00082076,20140624,TMAX,93,,,a,
ASN00082076,20140625,TMAX,109,,,a,
ASN00082076,20140626,TMAX,128,,,a,
ASN00082076,20140627,TMAX,138,,,a,
ASN00082076,20140628,TMAX,93,,,a,
ASN00082076,20140629,TMAX,90,,,a,
ASN00082076,20140601,TMIN,73,,,a,
ASN00082076,20140602,TMIN,96,,,a,
ASN00082076,20140603,TMIN,99,,,a,
ASN00082076,20140604,TMIN,106,,,a,
ASN00082076,20140605,TMIN,76,,,a,
ASN00082076,20140606,TMIN,94,,,a,
ASN00082076,20140607,TMIN,30,,,a,
ASN00082076,20140608,TMIN,65,,,a,
ASN00082076,20140609,TMIN,90,,,a,
ASN00082076,20140613,TMIN,56,,,a,
ASN00082076,20140614,TMIN,66,,,a,
ASN00082076,20140615,TMIN,76,,,a,
ASN00082076,20140616,TMIN,0,,,a,
ASN00082076,20140617,TMIN,26,,,a,
ASN00082076,20140618,TMIN,30,,,a,
ASN00082076,20140619,TMIN,24,,,a,
ASN00082076,20140620,TMIN,42,,,a,
ASN00082076,20140621,TMIN,44,,,a,
ASN00082076,20140622,TMIN,41,,,a,
ASN00082076,20140623,TMIN,55,,,a,
ASN00082076,20140624,TMIN,35,,,a,
ASN00082076,20140625,TMIN,29,,,a,
ASN00082076,20140626,TMIN,79,,,a,
ASN00082076,20140627,TMIN,81,,,a,
ASN00082076,20140628,TMIN,41,,,a,
ASN00082076,20140629,TMIN,51,,,a,
ASN00082076,20140630,TMIN,21,,,a,
ASN00082076,20140601,PRCP,14,,,a,
ASN00082076,20140602,PRCP,42,,,a,
ASN00082076,20140603,PRCP,184,,,a,
ASN00082076,20140604,PRCP,30,,,a,
ASN00082076,20140605,PRCP,20,,,a,
ASN00082076,20140606,PRCP,0,,,a,
ASN00082076,20140607,PRCP,0,,,a,
ASN00082076,20140608,PRCP,6,,,a,
ASN00082076,20140609,PRCP,0,,,a,
ASN00082076,20140610,PRCP,0,,,a,
ASN00082076,20140611,PRCP,0,,,a,
ASN00082076,20140612,PRCP,0,,,a,
ASN00082076,20140613,PRCP,18,,,a,
ASN00082076,20140614,PRCP,142,,,a,
ASN00082076,20140615,PRCP,12,,,a,
ASN00082076,20140616,PRCP,0,,,a,
ASN00082076,20140617,PRCP,132,,,a,
ASN00082076,20140618,PRCP,0,,,a,
ASN00082076,20140619,PRCP,0,,,a,
ASN00082076,20140620,PRCP,0,,,a,
ASN00082076,20140621,PRCP,0,,,a,
ASN00082076,20140622,PRCP,180,,,a,
ASN00082076,20140623,PRCP,0,,,a,
ASN00082076,20140624,PRCP,352,,,a,
ASN00082076,20140625,PRCP,292,,,a,
ASN00082076,20140626,PRCP,76,,,a,
ASN00082076,20140627,PRCP,6,,,a,
ASN00082076,20140628,PRCP,28,,,a,
ASN00082076,20140629,PRCP,152,,,a,
ASN00082076,20140630,PRCP,54,,,a,
ASN00082076,20140612,DATN,3,,,a,
ASN00082076,20140610,DATX,2,,,a,
ASN00082076,20140612,MDTN,28,,,a,
ASN00082076,20140610,MDTX,162,,,a,
ASN00082076,20140702,TMAX,122,,,a,
ASN00082076,20140703,TMAX,131,,,a,
ASN00082076,20140704,TMAX,120,,,a,
ASN00082076,20140705,TMAX,120,,,a,
ASN00082076,20140706,TMAX,97,,,a,
ASN00082076,20140707,TMAX,101,,,a,
ASN00082076,20140708,TMAX,110,,,a,
ASN00082076,20140709,TMAX,69,,,a,
ASN00082076,20140710,TMAX,83,,,a,
ASN00082076,20140711,TMAX,100,,,a,
ASN00082076,20140712,TMAX,100,,,a,
ASN00082076,20140713,TMAX,122,,,a,
ASN00082076,20140714,TMAX,132,,,a,
ASN00082076,20140715,TMAX,84,,,a,
ASN00082076,20140716,TMAX,132,,,a,
ASN00082076,20140717,TMAX,98,,,a,
ASN00082076,20140718,TMAX,117,,,a,
ASN00082076,20140719,TMAX,128,,,a,
ASN00082076,20140720,TMAX,126,,,a,
ASN00082076,20140721,TMAX,125,,,a,
ASN00082076,20140722,TMAX,138,,,a,
ASN00082076,20140723,TMAX,130,,,a,
ASN00082076,20140724,TMAX,80,,,a,
ASN00082076,20140725,TMAX,155,,,a,
ASN00082076,20140726,TMAX,127,,,a,
ASN00082076,20140727,TMAX,145,,,a,
ASN00082076,20140728,TMAX,145,,,a,
ASN00082076,20140729,TMAX,138,,,a,
ASN00082076,20140730,TMAX,135,,,a,
ASN00082076,20140731,TMAX,177,,,a,
ASN00082076,20140703,TMIN,34,,,a,
ASN00082076,20140704,TMIN,19,,,a,
ASN00082076,20140705,TMIN,25,,,a,
ASN00082076,20140706,TMIN,80,,,a,
ASN00082076,20140707,TMIN,48,,,a,
ASN00082076,20140708,TMIN,52,,,a,
ASN00082076,20140709,TMIN,51,,,a,
ASN00082076,20140710,TMIN,45,,,a,
ASN00082076,20140711,TMIN,44,,,a,
ASN00082076,20140712,TMIN,70,,,a,
ASN00082076,20140713,TMIN,-10,,,a,
ASN00082076,20140714,TMIN,-9,,,a,
ASN00082076,20140715,TMIN,11,,,a,
ASN00082076,20140716,TMIN,39,,,a,
ASN00082076,20140717,TMIN,71,,,a,
ASN00082076,20140718,TMIN,10,,,a,
ASN00082076,20140719,TMIN,-21,,,a,
ASN00082076,20140720,TMIN,-16,,,a,
ASN00082076,20140721,TMIN,-12,,,a,
ASN00082076,20140722,TMIN,-26,,,a,
ASN00082076,20140723,TMIN,-11,,,a,
ASN00082076,20140724,TMIN,0,,,a,
ASN00082076,20140725,TMIN,31,,,a,
ASN00082076,20140726,TMIN,46,,,a,
ASN00082076,20140727,TMIN,54,,,a,
ASN00082076,20140728,TMIN,50,,,a,
ASN00082076,20140729,TMIN,34,,,a,
ASN00082076,20140730,TMIN,54,,,a,
ASN00082076,20140731,TMIN,110,,,a,
ASN00082076,20140703,PRCP,0,,,a,
ASN00082076,20140704,PRCP,0,,,a,
ASN00082076,20140705,PRCP,24,,,a,
ASN00082076,20140706,PRCP,24,,,a,
ASN00082076,20140707,PRCP,2,,,a,
ASN00082076,20140708,PRCP,0,,,a,
ASN00082076,20140709,PRCP,2,,,a,
ASN00082076,20140710,PRCP,242,,,a,
ASN00082076,20140711,PRCP,54,,,a,
ASN00082076,20140712,PRCP,50,,,a,
ASN00082076,20140713,PRCP,44,,,a,
ASN00082076,20140714,PRCP,4,,,a,
ASN00082076,20140715,PRCP,2,,,a,
ASN00082076,20140716,PRCP,138,,,a,
ASN00082076,20140717,PRCP,42,,,a,
ASN00082076,20140718,PRCP,98,,,a,
ASN00082076,20140719,PRCP,0,,,a,
ASN00082076,20140720,PRCP,0,,,a,
ASN00082076,20140721,PRCP,0,,,a,
ASN00082076,20140722,PRCP,0,,,a,
ASN00082076,20140723,PRCP,0,,,a,
ASN00082076,20140724,PRCP,0,,,a,
ASN00082076,20140725,PRCP,54,,,a,
ASN00082076,20140726,PRCP,10,,,a,
ASN00082076,20140727,PRCP,3,,,a,
ASN00082076,20140728,PRCP,0,,,a,
ASN00082076,20140729,PRCP,0,,,a,
ASN00082076,20140730,PRCP,2,,,a,
ASN00082076,20140731,PRCP,22,,,a,
ASN00082076,20140702,DAPR,2,,,a,
ASN00082076,20140702,DATN,2,,,a,
ASN00082076,20140701,DATX,2,,,a,
ASN00082076,20140702,MDPR,4,,,a,
ASN00082076,20140702,MDTN,60,,,a,
ASN00082076,20140701,MDTX,120,,,a,
ASN00082076,20140801,TMAX,65,,,a,
ASN00082076,20140802,TMAX,110,,,a,
ASN00082076,20140803,TMAX,120,,,a,
ASN00082076,20140804,TMAX,125,,,a,
ASN00082076,20140805,TMAX,136,,,a,
ASN00082076,20140806,TMAX,110,,,a,
ASN00082076,20140807,TMAX,138,,,a,
ASN00082076,20140810,TMAX,138,,,a,
ASN00082076,20140811,TMAX,100,,,a,
ASN00082076,20140812,TMAX,142,,,a,
ASN00082076,20140813,TMAX,134,,,a,
ASN00082076,20140814,TMAX,157,,,a,
ASN00082076,20140815,TMAX,157,,,a,
ASN00082076,20140816,TMAX,160,,,a,
ASN00082076,20140817,TMAX,125,,,a,
ASN00082076,20140818,TMAX,156,,,a,
ASN00082076,20140819,TMAX,150,,,a,
ASN00082076,20140820,TMAX,162,,,a,
ASN00082076,20140821,TMAX,168,,,a,
ASN00082076,20140822,TMAX,184,,,a,
ASN00082076,20140823,TMAX,188,,,a,
ASN00082076,20140824,TMAX,160,,,a,
ASN00082076,20140825,TMAX,160,,,a,
ASN00082076,20140826,TMAX,185,,,a,
ASN00082076,20140827,TMAX,190,,,a,
ASN00082076,20140828,TMAX,191,,,a,
ASN00082076,20140829,TMAX,200,,,a,
ASN00082076,20140830,TMAX,195,,,a,
ASN00082076,20140831,TMAX,175,,,a,
ASN00082076,20140801,TMIN,40,,,a,
ASN00082076,20140802,TMIN,-2,,,a,
ASN00082076,20140803,TMIN,-25,,,a,
ASN00082076,20140804,TMIN,-39,,,a,
ASN00082076,20140805,TMIN,-35,,,a,
ASN00082076,20140806,TMIN,-15,,,a,
ASN00082076,20140807,TMIN,22,,,a,
ASN00082076,20140808,TMIN,38,,,a,
ASN00082076,20140811,TMIN,-8,,,a,
ASN00082076,20140812,TMIN,-12,,,a,
ASN00082076,20140813,TMIN,2,,,a,
ASN00082076,20140814,TMIN,-8,,,a,
ASN00082076,20140815,TMIN,11,,,a,
ASN00082076,20140816,TMIN,9,,,a,
ASN00082076,20140817,TMIN,39,,,a,
ASN00082076,20140818,TMIN,102,,,a,
ASN00082076,20140819,TMIN,108,,,a,
ASN00082076,20140820,TMIN,35,,,a,
ASN00082076,20140821,TMIN,24,,,a,
ASN00082076,20140822,TMIN,12,,,a,
ASN00082076,20140823,TMIN,15,,,a,
ASN00082076,20140824,TMIN,30,,,a,
ASN00082076,20140825,TMIN,60,,,a,
ASN00082076,20140826,TMIN,75,,,a,
ASN00082076,20140827,TMIN,30,,,a,
ASN00082076,20140828,TMIN,20,,,a,
ASN00082076,20140829,TMIN,12,,,a,
ASN00082076,20140830,TMIN,65,,,a,
ASN00082076,20140831,TMIN,10,,,a,
ASN00082076,20140801,PRCP,40,,,a,
ASN00082076,20140802,PRCP,64,,,a,
ASN00082076,20140803,PRCP,0,,,a,
ASN00082076,20140804,PRCP,0,,,a,
ASN00082076,20140805,PRCP,0,,,a,
ASN00082076,20140806,PRCP,0,,,a,
ASN00082076,20140807,PRCP,6,,,a,
ASN00082076,20140808,PRCP,0,,,a,
ASN00082076,20140811,PRCP,6,,,a,
ASN00082076,20140812,PRCP,4,,,a,
ASN00082076,20140813,PRCP,0,,,a,
ASN00082076,20140814,PRCP,0,,,a,
ASN00082076,20140815,PRCP,0,,,a,
ASN00082076,20140816,PRCP,0,,,a,
ASN00082076,20140817,PRCP,0,,,a,
ASN00082076,20140818,PRCP,14,,,a,
ASN00082076,20140819,PRCP,0,,,a,
ASN00082076,20140820,PRCP,0,,,a,
ASN00082076,20140821,PRCP,0,,,a,
ASN00082076,20140822,PRCP,0,,,a,
ASN00082076,20140823,PRCP,0,,,a,
ASN00082076,20140824,PRCP,4,,,a,
ASN00082076,20140825,PRCP,26,,,a,
ASN00082076,20140826,PRCP,0,,,a,
ASN00082076,20140827,PRCP,0,,,a,
ASN00082076,20140828,PRCP,0,,,a,
ASN00082076,20140829,PRCP,0,,,a,
ASN00082076,20140830,PRCP,0,,,a,
ASN00082076,20140831,PRCP,0,,,a,
ASN00082076,20140810,DAPR,2,,,a,
ASN00082076,20140810,DATN,2,,,a,
ASN00082076,20140809,DATX,2,,,a,
ASN00082076,20140810,MDPR,26,,,a,
ASN00082076,20140810,MDTN,8,,,a,
ASN00082076,20140809,MDTX,142,,,a,
ASN00082076,20140901,TMAX,193,,,a,
ASN00082076,20140902,TMAX,137,,,a,
ASN00082076,20140903,TMAX,137,,,a,
ASN00082076,20140904,TMAX,158,,,a,
ASN00082076,20140907,TMAX,196,,,a,
ASN00082076,20140908,TMAX,198,,,a,
ASN00082076,20140909,TMAX,170,,,a,
ASN00082076,20140910,TMAX,170,,,a,
ASN00082076,20140911,TMAX,158,,,a,
ASN00082076,20140912,TMAX,171,,,a,
ASN00082076,20140913,TMAX,182,,,a,
ASN00082076,20140914,TMAX,191,,,a,
ASN00082076,20140915,TMAX,188,,,a,
ASN00082076,20140916,TMAX,165,,,a,
ASN00082076,20140917,TMAX,150,,,a,
ASN00082076,20140918,TMAX,135,,,a,
ASN00082076,20140919,TMAX,174,,,a,
ASN00082076,20140920,TMAX,172,,,a,
ASN00082076,20140924,TMAX,176,,,a,
ASN00082076,20140925,TMAX,188,,,a,
ASN00082076,20140926,TMAX,175,,,a,
ASN00082076,20140927,TMAX,190,,,a,
ASN00082076,20140928,TMAX,230,,,a,
ASN00082076,20140929,TMAX,222,,,a,
ASN00082076,20140930,TMAX,220,,,a,
ASN00082076,20140901,TMIN,27,,,a,
ASN00082076,20140902,TMIN,52,,,a,
ASN00082076,20140903,TMIN,-10,,,a,
ASN00082076,20140904,TMIN,32,,,a,
ASN00082076,20140905,TMIN,28,,,a,
ASN00082076,20140908,TMIN,18,,,a,
ASN00082076,20140909,TMIN,70,,,a,
ASN00082076,20140910,TMIN,92,,,a,
ASN00082076,20140911,TMIN,93,,,a,
ASN00082076,20140912,TMIN,15,,,a,
ASN00082076,20140913,TMIN,28,,,a,
ASN00082076,20140914,TMIN,36,,,a,
ASN00082076,20140915,TMIN,32,,,a,
ASN00082076,20140916,TMIN,68,,,a,
ASN00082076,20140917,TMIN,51,,,a,
ASN00082076,20140918,TMIN,-2,,,a,
ASN00082076,20140919,TMIN,10,,,a,
ASN00082076,20140920,TMIN,31,,,a,
ASN00082076,20140921,TMIN,36,,,a,
ASN00082076,20140925,TMIN,102,,,a,
ASN00082076,20140926,TMIN,61,,,a,
ASN00082076,20140927,TMIN,40,,,a,
ASN00082076,20140928,TMIN,50,,,a,
ASN00082076,20140929,TMIN,90,,,a,
ASN00082076,20140930,TMIN,42,,,a,
ASN00082076,20140901,PRCP,0,,,a,
ASN00082076,20140902,PRCP,46,,,a,
ASN00082076,20140903,PRCP,2,,,a,
ASN00082076,20140904,PRCP,0,,,a,
ASN00082076,20140905,PRCP,0,,,a,
ASN00082076,20140906,PRCP,0,,,a,
ASN00082076,20140907,PRCP,0,,,a,
ASN00082076,20140908,PRCP,0,,,a,
ASN00082076,20140909,PRCP,0,,,a,
ASN00082076,20140910,PRCP,276,,,a,
ASN00082076,20140911,PRCP,0,,,a,
ASN00082076,20140912,PRCP,4,,,a,
ASN00082076,20140913,PRCP,0,,,a,
ASN00082076,20140914,PRCP,0,,,a,
ASN00082076,20140915,PRCP,0,,,a,
ASN00082076,20140916,PRCP,12,,,a,
ASN00082076,20140917,PRCP,66,,,a,
ASN00082076,20140918,PRCP,6,,,a,
ASN00082076,20140919,PRCP,2,,,a,
ASN00082076,20140920,PRCP,0,,,a,
ASN00082076,20140921,PRCP,0,,,a,
ASN00082076,20140925,PRCP,480,,,a,
ASN00082076,20140926,PRCP,6,,,a,
ASN00082076,20140927,PRCP,24,,,a,
ASN00082076,20140928,PRCP,0,,,a,
ASN00082076,20140929,PRCP,0,,,a,
ASN00082076,20140930,PRCP,0,,,a,
ASN00082076,20140924,DAPR,3,,,a,
ASN00082076,20140907,DATN,2,,,a,
ASN00082076,20140924,DATN,3,,,a,
ASN00082076,20140906,DATX,2,,,a,
ASN00082076,20140923,DATX,3,,,a,
ASN00082076,20140924,MDPR,6,,,a,
ASN00082076,20140907,MDTN,12,,,a,
ASN00082076,20140924,MDTN,30,,,a,
ASN00082076,20140906,MDTX,184,,,a,
ASN00082076,20140923,MDTX,235,,,a,
ASN00082076,20141001,TMAX,164,,,a,
ASN00082076,20141002,TMAX,191,,,a,
ASN00082076,20141003,TMAX,230,,,a,
ASN00082076,20141004,TMAX,230,,,a,
ASN00082076,20141005,TMAX,258,,,a,
ASN00082076,20141006,TMAX,266,,,a,
ASN00082076,20141007,TMAX,178,,,a,
ASN00082076,20141008,TMAX,186,,,a,
ASN00082076,20141009,TMAX,207,,,a,
ASN00082076,20141010,TMAX,228,,,a,
ASN00082076,20141011,TMAX,272,,,a,
ASN00082076,20141012,TMAX,283,,,a,
ASN00082076,20141013,TMAX,193,,,a,
ASN00082076,20141014,TMAX,117,,,a,
ASN00082076,20141015,TMAX,169,,,a,
ASN00082076,20141016,TMAX,185,,,a,
ASN00082076,20141017,TMAX,204,,,a,
ASN00082076,20141018,TMAX,225,,,a,
ASN00082076,20141019,TMAX,251,,,a,
ASN00082076,20141020,TMAX,220,,,a,
ASN00082076,20141021,TMAX,255,,,a,
ASN00082076,20141022,TMAX,280,,,a,
ASN00082076,20141023,TMAX,303,,,a,
ASN00082076,20141024,TMAX,290,,,a,
ASN00082076,20141025,TMAX,295,,,a,
ASN00082076,20141026,TMAX,280,,,a,
ASN00082076,20141027,TMAX,196,,,a,
ASN00082076,20141028,TMAX,160,,,a,
ASN00082076,20141029,TMAX,230,,,a,
ASN00082076,20141030,TMAX,260,,,a,
ASN00082076,20141031,TMAX,302,,,a,
ASN00082076,20141001,TMIN,25,,,a,
ASN00082076,20141002,TMIN,8,,,a,
ASN00082076,20141003,TMIN,39,,,a,
ASN00082076,20141004,TMIN,40,,,a,
ASN00082076,20141005,TMIN,50,,,a,
ASN00082076,20141006,TMIN,90,,,a,
ASN00082076,20141007,TMIN,118,,,a,
ASN00082076,20141008,TMIN,26,,,a,
ASN00082076,20141009,TMIN,38,,,a,
ASN00082076,20141010,TMIN,49,,,a,
ASN00082076,20141011,TMIN,50,,,a,
ASN00082076,20141012,TMIN,63,,,a,
ASN00082076,20141013,TMIN,123,,,a,
ASN00082076,20141014,TMIN,74,,,a,
ASN00082076,20141015,TMIN,86,,,a,
ASN00082076,20141016,TMIN,24,,,a,
ASN00082076,20141017,TMIN,80,,,a,
ASN00082076,20141018,TMIN,31,,,a,
ASN00082076,20141019,TMIN,58,,,a,
ASN00082076,20141020,TMIN,95,,,a,
ASN00082076,20141021,TMIN,75,,,a,
ASN00082076,20141022,TMIN,80,,,a,
ASN00082076,20141023,TMIN,122,,,a,
ASN00082076,20141024,TMIN,122,,,a,
ASN00082076,20141025,TMIN,100,,,a,
ASN00082076,20141026,TMIN,110,,,a,
ASN00082076,20141027,TMIN,105,,,a,
ASN00082076,20141028,TMIN,30,,,a,
ASN00082076,20141029,TMIN,45,,,a,
ASN00082076,20141030,TMIN,55,,,a,
ASN00082076,20141031,TMIN,55,,,a,
ASN00082076,20141001,PRCP,0,,,a,
ASN00082076,20141002,PRCP,0,,,a,
ASN00082076,20141003,PRCP,0,,,a,
ASN00082076,20141004,PRCP,0,,,a,
ASN00082076,20141005,PRCP,0,,,a,
ASN00082076,20141006,PRCP,0,,,a,
ASN00082076,20141007,PRCP,192,,,a,
ASN00082076,20141008,PRCP,0,,,a,
ASN00082076,20141009,PRCP,8,,,a,
ASN00082076,20141010,PRCP,0,,,a,
ASN00082076,20141011,PRCP,0,,,a,
ASN00082076,20141012,PRCP,0,,,a,
ASN00082076,20141013,PRCP,54,,,a,
ASN00082076,20141014,PRCP,2,,,a,
ASN00082076,20141015,PRCP,0,,,a,
ASN00082076,20141016,PRCP,0,,,a,
ASN00082076,20141017,PRCP,0,,,a,
ASN00082076,20141018,PRCP,0,,,a,
ASN00082076,20141019,PRCP,0,,,a,
ASN00082076,20141020,PRCP,0,,,a,
ASN00082076,20141021,PRCP,0,,,a,
ASN00082076,20141022,PRCP,0,,,a,
ASN00082076,20141023,PRCP,0,,,a,
ASN00082076,20141024,PRCP,0,,,a,
ASN00082076,20141025,PRCP,0,,,a,
ASN00082076,20141026,PRCP,0,,,a,
ASN00082076,20141027,PRCP,0,,,a,
ASN00082076,20141028,PRCP,22,,,a,
ASN00082076,20141029,PRCP,0,,,a,
ASN00082076,20141030,PRCP,0,,,a,
ASN00082076,20141031,PRCP,0,,,a,
ASN00082076,20141101,TMAX,235,,,a,
ASN00082076,20141102,TMAX,185,,,a,
ASN00082076,20141103,TMAX,235,,,a,
ASN00082076,20141104,TMAX,247,,,a,
ASN00082076,20141105,TMAX,250,,,a,
ASN00082076,20141106,TMAX,247,,,a,
ASN00082076,20141107,TMAX,282,,,a,
ASN00082076,20141108,TMAX,309,,,a,
ASN00082076,20141109,TMAX,298,,,a,
ASN00082076,20141110,TMAX,283,,,a,
ASN00082076,20141111,TMAX,253,,,a,
ASN00082076,20141112,TMAX,282,,,a,
ASN00082076,20141113,TMAX,305,,,a,
ASN00082076,20141114,TMAX,330,,,a,
ASN00082076,20141115,TMAX,227,,,a,
ASN00082076,20141116,TMAX,180,,,a,
ASN00082076,20141117,TMAX,205,,,a,
ASN00082076,20141118,TMAX,245,,,a,
ASN00082076,20141119,TMAX,270,,,a,
ASN00082076,20141120,TMAX,300,,,a,
ASN00082076,20141121,TMAX,280,,,a,
ASN00082076,20141122,TMAX,290,,,a,
ASN00082076,20141123,TMAX,335,,,a,
ASN00082076,20141124,TMAX,250,,,a,
ASN00082076,20141125,TMAX,215,,,a,
ASN00082076,20141126,TMAX,247,,,a,
ASN00082076,20141127,TMAX,258,,,a,
ASN00082076,20141128,TMAX,282,,,a,
ASN00082076,20141129,TMAX,300,,,a,
ASN00082076,20141130,TMAX,296,,,a,
ASN00082076,20141101,TMIN,95,,,a,
ASN00082076,20141102,TMIN,25,,,a,
ASN00082076,20141103,TMIN,60,,,a,
ASN00082076,20141104,TMIN,75,,,a,
ASN00082076,20141105,TMIN,80,,,a,
ASN00082076,20141106,TMIN,60,,,a,
ASN00082076,20141107,TMIN,63,,,a,
ASN00082076,20141108,TMIN,86,,,a,
ASN00082076,20141109,TMIN,125,,,a,
ASN00082076,20141110,TMIN,144,,,a,
ASN00082076,20141111,TMIN,111,,,a,
ASN00082076,20141112,TMIN,78,,,a,
ASN00082076,20141113,TMIN,103,,,a,
ASN00082076,20141114,TMIN,112,,,a,
ASN00082076,20141115,TMIN,165,,,a,
ASN00082076,20141116,TMIN,135,,,a,
ASN00082076,20141117,TMIN,71,,,a,
ASN00082076,20141118,TMIN,67,,,a,
ASN00082076,20141119,TMIN,130,,,a,
ASN00082076,20141120,TMIN,150,,,a,
ASN00082076,20141121,TMIN,160,,,a,
ASN00082076,20141122,TMIN,100,,,a,
ASN00082076,20141123,TMIN,140,,,a,
ASN00082076,20141124,TMIN,160,,,a,
ASN00082076,20141125,TMIN,85,,,a,
ASN00082076,20141126,TMIN,60,,,a,
ASN00082076,20141127,TMIN,132,,,a,
ASN00082076,20141128,TMIN,92,,,a,
ASN00082076,20141129,TMIN,120,,,a,
ASN00082076,20141130,TMIN,152,,,a,
ASN00082076,20141101,PRCP,0,,,a,
ASN00082076,20141102,PRCP,106,,,a,
ASN00082076,20141103,PRCP,0,,,a,
ASN00082076,20141104,PRCP,0,,,a,
ASN00082076,20141105,PRCP,0,,,a,
ASN00082076,20141106,PRCP,0,,,a,
ASN00082076,20141107,PRCP,0,,,a,
ASN00082076,20141108,PRCP,0,,,a,
ASN00082076,20141109,PRCP,0,,,a,
ASN00082076,20141110,PRCP,0,,,a,
ASN00082076,20141111,PRCP,0,,,a,
ASN00082076,20141112,PRCP,0,,,a,
ASN00082076,20141113,PRCP,0,,,a,
ASN00082076,20141114,PRCP,0,,,a,
ASN00082076,20141115,PRCP,0,,,a,
ASN00082076,20141116,PRCP,248,,,a,
ASN00082076,20141117,PRCP,102,,,a,
ASN00082076,20141118,PRCP,0,,,a,
ASN00082076,20141119,PRCP,0,,,a,
ASN00082076,20141120,PRCP,0,,,a,
ASN00082076,20141121,PRCP,0,,,a,
ASN00082076,20141122,PRCP,0,,,a,
ASN00082076,20141123,PRCP,8,,,a,
ASN00082076,20141124,PRCP,0,,,a,
ASN00082076,20141125,PRCP,346,,,a,
ASN00082076,20141126,PRCP,0,,,a,
ASN00082076,20141127,PRCP,0,,,a,
ASN00082076,20141128,PRCP,0,,,a,
ASN00082076,20141129,PRCP,0,,,a,
ASN00082076,20141130,PRCP,12,,,a,
ASN00082076,20141201,TMAX,290,,,a,
ASN00082076,20141202,TMAX,304,,,a,
ASN00082076,20141203,TMAX,242,,,a,
ASN00082076,20141204,TMAX,294,,,a,
ASN00082076,20141205,TMAX,288,,,a,
ASN00082076,20141206,TMAX,212,,,a,
ASN00082076,20141207,TMAX,221,,,a,
ASN00082076,20141208,TMAX,252,,,a,
ASN00082076,20141209,TMAX,288,,,a,
ASN00082076,20141210,TMAX,247,,,a,
ASN00082076,20141211,TMAX,238,,,a,
ASN00082076,20141212,TMAX,252,,,a,
ASN00082076,20141213,TMAX,280,,,a,
ASN00082076,20141214,TMAX,271,,,a,
ASN00082076,20141215,TMAX,315,,,a,
ASN00082076,20141216,TMAX,315,,,a,
ASN00082076,20141217,TMAX,255,,,a,
ASN00082076,20141220,TMAX,280,,,a,
ASN00082076,20141221,TMAX,308,,,a,
ASN00082076,20141222,TMAX,324,,,a,
ASN00082076,20141223,TMAX,264,,,a,
ASN00082076,20141225,TMAX,288,,,a,
ASN00082076,20141226,TMAX,228,,,a,
ASN00082076,20141227,TMAX,275,,,a,
ASN00082076,20141228,TMAX,290,,,a,
ASN00082076,20141229,TMAX,289,,,a,
ASN00082076,20141230,TMAX,240,,,a,
ASN00082076,20141231,TMAX,284,,,a,
ASN00082076,20141201,TMIN,143,,,a,
ASN00082076,20141202,TMIN,128,,,a,
ASN00082076,20141203,TMIN,128,,,a,
ASN00082076,20141204,TMIN,166,,,a,
ASN00082076,20141205,TMIN,160,,,a,
ASN00082076,20141206,TMIN,168,,,a,
ASN00082076,20141207,TMIN,142,,,a,
ASN00082076,20141208,TMIN,113,,,a,
ASN00082076,20141209,TMIN,135,,,a,
ASN00082076,20141210,TMIN,131,,,a,
ASN00082076,20141211,TMIN,146,,,a,
ASN00082076,20141212,TMIN,149,,,a,
ASN00082076,20141213,TMIN,105,,,a,
ASN00082076,20141214,TMIN,95,,,a,
ASN00082076,20141215,TMIN,110,,,a,
ASN00082076,20141216,TMIN,160,,,a,
ASN00082076,20141217,TMIN,83,,,a,
ASN00082076,20141218,TMIN,80,,,a,
ASN00082076,20141221,TMIN,120,,,a,
ASN00082076,20141222,TMIN,132,,,a,
ASN00082076,20141223,TMIN,162,,,a,
ASN00082076,20141224,TMIN,176,,,a,
ASN00082076,20141226,TMIN,100,,,a,
ASN00082076,20141227,TMIN,90,,,a,
ASN00082076,20141228,TMIN,130,,,a,
ASN00082076,20141229,TMIN,123,,,a,
ASN00082076,20141230,TMIN,87,,,a,
ASN00082076,20141231,TMIN,98,,,a,
ASN00082076,20141201,PRCP,0,,,a,
ASN00082076,20141202,PRCP,100,,,a,
ASN00082076,20141203,PRCP,0,,,a,
ASN00082076,20141204,PRCP,330,,,a,
ASN00082076,20141205,PRCP,8,,,a,
ASN00082076,20141206,PRCP,24,,,a,
ASN00082076,20141207,PRCP,194,,,a,
ASN00082076,20141208,PRCP,84,,,a,
ASN00082076,20141209,PRCP,0,,,a,
ASN00082076,20141210,PRCP,0,,,a,
ASN00082076,20141211,PRCP,56,,,a,
ASN00082076,20141212,PRCP,0,,,a,
ASN00082076,20141213,PRCP,0,,,a,
ASN00082076,20141214,PRCP,0,,,a,
ASN00082076,20141215,PRCP,0,,,a,
ASN00082076,20141216,PRCP,34,,,a,
ASN00082076,20141217,PRCP,0,,,a,
ASN00082076,20141218,PRCP,0,,,a,
ASN00082076,20141219,PRCP,0,,,a,
ASN00082076,20141220,PRCP,0,,,a,
ASN00082076,20141221,PRCP,0,,,a,
ASN00082076,20141222,PRCP,0,,,a,
ASN00082076,20141223,PRCP,42,,,a,
ASN00082076,20141224,PRCP,18,,,a,
ASN00082076,20141225,PRCP,0,,,a,
ASN00082076,20141226,PRCP,0,,,a,
ASN00082076,20141227,PRCP,0,,,a,
ASN00082076,20141228,PRCP,0,,,a,
ASN00082076,20141229,PRCP,0,,,a,
ASN00082076,20141230,PRCP,46,,,a,
ASN00082076,20141231,PRCP,0,,,a,
ASN00082076,20141220,DATN,2,,,a,
ASN00082076,20141219,DATX,2,,,a,
ASN00082076,20141220,MDTN,73,,,a,
ASN00082076,20141219,MDTX,270,,,a,
ASN00082076,20150101,TMAX,307,,,a,
ASN00082076,20150102,TMAX,360,,,a,
ASN00082076,20150103,TMAX,355,,,a,
ASN00082076,20150104,TMAX,305,,,a,
ASN00082076,20150105,TMAX,335,,,a,
ASN00082076,20150106,TMAX,335,,,a,
ASN00082076,20150107,TMAX,338,,,a,
ASN00082076,20150108,TMAX,321,,,a,
ASN00082076,20150109,TMAX,245,,,a,
ASN00082076,20150110,TMAX,210,,,a,
ASN00082076,20150111,TMAX,273,,,a,
ASN00082076,20150112,TMAX,310,,,a,
ASN00082076,20150113,TMAX,260,,,a,
ASN00082076,20150114,TMAX,263,,,a,
ASN00082076,20150115,TMAX,258,,,a,
ASN00082076,20150116,TMAX,256,,,a,
ASN00082076,20150117,TMAX,254,,,a,
ASN00082076,20150120,TMAX,280,,,a,
ASN00082076,20150121,TMAX,274,,,a,
ASN00082076,20150122,TMAX,316,,,a,
ASN00082076,20150123,TMAX,322,,,a,
ASN00082076,20150124,TMAX,291,,,a,
ASN00082076,20150125,TMAX,254,,,a,
ASN00082076,20150126,TMAX,251,,,a,
ASN00082076,20150127,TMAX,260,,,a,
ASN00082076,20150128,TMAX,234,,,a,
ASN00082076,20150129,TMAX,206,,,a,
ASN00082076,20150130,TMAX,190,,,a,
ASN00082076,20150131,TMAX,238,,,a,
ASN00082076,20150101,TMIN,81,,,a,
ASN00082076,20150102,TMIN,130,,,a,
ASN00082076,20150103,TMIN,152,,,a,
ASN00082076,20150104,TMIN,196,,,a,
ASN00082076,20150105,TMIN,163,,,a,
ASN00082076,20150106,TMIN,162,,,a,
ASN00082076,20150107,TMIN,167,,,a,
ASN00082076,20150108,TMIN,171,,,a,
ASN00082076,20150109,TMIN,192,,,a,
ASN00082076,20150110,TMIN,185,,,a,
ASN00082076,20150111,TMIN,170,,,a,
ASN00082076,20150112,TMIN,182,,,a,
ASN00082076,20150113,TMIN,157,,,a,
ASN00082076,20150114,TMIN,175,,,a,
ASN00082076,20150115,TMIN,108,,,a,
ASN00082076,20150116,TMIN,98,,,a,
ASN00082076,20150117,TMIN,114,,,a,
ASN00082076,20150118,TMIN,86,,,a,
ASN00082076,20150121,TMIN,144,,,a,
ASN00082076,20150122,TMIN,144,,,a,
ASN00082076,20150123,TMIN,169,,,a,
ASN00082076,20150124,TMIN,175,,,a,
ASN00082076,20150125,TMIN,180,,,a,
ASN00082076,20150126,TMIN,134,,,a,
ASN00082076,20150127,TMIN,145,,,a,
ASN00082076,20150128,TMIN,153,,,a,
ASN00082076,20150129,TMIN,127,,,a,
ASN00082076,20150130,TMIN,130,,,a,
ASN00082076,20150131,TMIN,110,,,a,
ASN00082076,20150101,PRCP,0,,,a,
ASN00082076,20150102,PRCP,0,,,a,
ASN00082076,20150103,PRCP,0,,,a,
ASN00082076,20150104,PRCP,20,,,a,
ASN00082076,20150105,PRCP,0,,,a,
ASN00082076,20150106,PRCP,0,,,a,
ASN00082076,20150107,PRCP,0,,,a,
ASN00082076,20150108,PRCP,0,,,a,
ASN00082076,20150109,PRCP,22,,,a,
ASN00082076,20150110,PRCP,72,,,a,
ASN00082076,20150111,PRCP,182,,,a,
ASN00082076,20150112,PRCP,0,,,a,
ASN00082076,20150113,PRCP,0,,,a,
ASN00082076,20150114,PRCP,498,,,a,
ASN00082076,20150115,PRCP,0,,,a,
ASN00082076,20150116,PRCP,0,,,a,
ASN00082076,20150117,PRCP,0,,,a,
ASN00082076,20150118,PRCP,0,,,a,
ASN00082076,20150119,PRCP,0,,,a,
ASN00082076,20150120,PRCP,0,,,a,
ASN00082076,20150121,PRCP,90,,,a,
ASN00082076,20150122,PRCP,0,,,a,
ASN00082076,20150123,PRCP,0,,,a,
ASN00082076,20150124,PRCP,72,,,a,
ASN00082076,20150125,PRCP,34,,,a,
ASN00082076,20150126,PRCP,0,,,a,
ASN00082076,20150127,PRCP,0,,,a,
ASN00082076,20150128,PRCP,0,,,a,
ASN00082076,20150129,PRCP,0,,,a,
ASN00082076,20150130,PRCP,0,,,a,
ASN00082076,20150131,PRCP,0,,,a,
ASN00082076,20150120,DATN,2,,,a,
ASN00082076,20150119,DATX,2,,,a,
ASN00082076,20150120,MDTN,112,,,a,
ASN00082076,20150119,MDTX,270,,,a,
ASN00082076,20150201,TMAX,260,,,a,
ASN00082076,20150202,TMAX,255,,,a,
ASN00082076,20150203,TMAX,285,,,a,
ASN00082076,20150204,TMAX,264,,,a,
ASN00082076,20150205,TMAX,300,,,a,
ASN00082076,20150206,TMAX,330,,,a,
ASN00082076,20150207,TMAX,315,,,a,
ASN00082076,20150208,TMAX,352,,,a,
ASN00082076,20150209,TMAX,333,,,a,
ASN00082076,20150210,TMAX,319,,,a,
ASN00082076,20150211,TMAX,332,,,a,
ASN00082076,20150212,TMAX,275,,,a,
ASN00082076,20150213,TMAX,293,,,a,
ASN00082076,20150214,TMAX,225,,,a,
ASN00082076,20150215,TMAX,296,,,a,
ASN00082076,20150216,TMAX,320,,,a,
ASN00082076,20150217,TMAX,314,,,a,
ASN00082076,20150218,TMAX,245,,,a,
ASN00082076,20150219,TMAX,300,,,a,
ASN00082076,20150220,TMAX,320,,,a,
ASN00082076,20150221,TMAX,324,,,a,
ASN00082076,20150222,TMAX,336,,,a,
ASN00082076,20150223,TMAX,331,,,a,
ASN00082076,20150224,TMAX,232,,,a,
ASN00082076,20150225,TMAX,274,,,a,
ASN00082076,20150226,TMAX,280,,,a,
ASN00082076,20150227,TMAX,288,,,a,
ASN00082076,20150228,TMAX,315,,,a,
ASN00082076,20150201,TMIN,155,,,a,
ASN00082076,20150202,TMIN,150,,,a,
ASN00082076,20150203,TMIN,156,,,a,
ASN00082076,20150204,TMIN,142,,,a,
ASN00082076,20150205,TMIN,138,,,a,
ASN00082076,20150206,TMIN,144,,,a,
ASN00082076,20150207,TMIN,140,,,a,
ASN00082076,20150208,TMIN,160,,,a,
ASN00082076,20150209,TMIN,176,,,a,
ASN00082076,20150210,TMIN,151,,,a,
ASN00082076,20150211,TMIN,171,,,a,
ASN00082076,20150212,TMIN,154,,,a,
ASN00082076,20150213,TMIN,146,,,a,
ASN00082076,20150214,TMIN,171,,,a,
ASN00082076,20150215,TMIN,172,,,a,
ASN00082076,20150216,TMIN,164,,,a,
ASN00082076,20150217,TMIN,168,,,a,
ASN00082076,20150218,TMIN,180,,,a,
ASN00082076,20150219,TMIN,158,,,a,
ASN00082076,20150220,TMIN,156,,,a,
ASN00082076,20150221,TMIN,146,,,a,
ASN00082076,20150222,TMIN,144,,,a,
ASN00082076,20150223,TMIN,150,,,a,
ASN00082076,20150224,TMIN,171,,,a,
ASN00082076,20150225,TMIN,166,,,a,
ASN00082076,20150226,TMIN,167,,,a,
ASN00082076,20150227,TMIN,131,,,a,
ASN00082076,20150228,TMIN,155,,,a,
ASN00082076,20150201,PRCP,0,,,a,
ASN00082076,20150202,PRCP,0,,,a,
ASN00082076,20150203,PRCP,0,,,a,
ASN00082076,20150204,PRCP,0,,,a,
ASN00082076,20150205,PRCP,0,,,a,
ASN00082076,20150206,PRCP,0,,,a,
ASN00082076,20150207,PRCP,0,,,a,
ASN00082076,20150208,PRCP,0,,,a,
ASN00082076,20150209,PRCP,0,,,a,
ASN00082076,20150210,PRCP,0,,,a,
ASN00082076,20150211,PRCP,0,,,a,
ASN00082076,20150212,PRCP,118,,,a,
ASN00082076,20150213,PRCP,0,,,a,
ASN00082076,20150214,PRCP,6,,,a,
ASN00082076,20150215,PRCP,216,,,a,
ASN00082076,20150216,PRCP,0,,,a,
ASN00082076,20150217,PRCP,0,,,a,
ASN00082076,20150218,PRCP,20,,,a,
ASN00082076,20150219,PRCP,54,,,a,
ASN00082076,20150220,PRCP,0,,,a,
ASN00082076,20150221,PRCP,0,,,a,
ASN00082076,20150222,PRCP,0,,,a,
ASN00082076,20150223,PRCP,0,,,a,
ASN00082076,20150224,PRCP,92,,,a,
ASN00082076,20150225,PRCP,0,,,a,
ASN00082076,20150226,PRCP,6,,,a,
ASN00082076,20150227,PRCP,26,,,a,
ASN00082076,20150228,PRCP,0,,,a,
ASN00082076,20150301,TMAX,250,,,a,
ASN00082076,20150302,TMAX,268,,,a,
ASN00082076,20150303,TMAX,300,,,a,
ASN00082076,20150304,TMAX,285,,,a,
ASN00082076,20150305,TMAX,228,,,a,
ASN00082076,20150306,TMAX,210,,,a,
ASN00082076,20150307,TMAX,240,,,a,
ASN00082076,20150308,TMAX,240,,,a,
ASN00082076,20150309,TMAX,270,,,a,
ASN00082076,20150310,TMAX,274,,,a,
ASN00082076,20150311,TMAX,286,,,a,
ASN00082076,20150312,TMAX,282,,,a,
ASN00082076,20150313,TMAX,245,,,a,
ASN00082076,20150314,TMAX,258,,,a,
ASN00082076,20150315,TMAX,240,,,a,
ASN00082076,20150316,TMAX,250,,,a,
ASN00082076,20150317,TMAX,258,,,a,
ASN00082076,20150318,TMAX,266,,,a,
ASN00082076,20150319,TMAX,306,,,a,
ASN00082076,20150320,TMAX,216,,,a,
ASN00082076,20150321,TMAX,244,,,a,
ASN00082076,20150322,TMAX,282,,,a,
ASN00082076,20150323,TMAX,287,,,a,
ASN00082076,20150324,TMAX,242,,,a,
ASN00082076,20150325,TMAX,228,,,a,
ASN00082076,20150326,TMAX,180,,,a,
ASN00082076,20150327,TMAX,170,,,a,
ASN00082076,20150328,TMAX,224,,,a,
ASN00082076,20150329,TMAX,246,,,a,
ASN00082076,20150330,TMAX,260,,,a,
ASN00082076,20150331,TMAX,275,,,a,
ASN00082076,20150301,TMIN,168,,,a,
ASN00082076,20150302,TMIN,98,,,a,
ASN00082076,20150303,TMIN,140,,,a,
ASN00082076,20150304,TMIN,100,,,a,
ASN00082076,20150305,TMIN,144,,,a,
ASN00082076,20150306,TMIN,94,,,a,
ASN00082076,20150307,TMIN,80,,,a,
ASN00082076,20150308,TMIN,80,,,a,
ASN00082076,20150309,TMIN,80,,,a,
ASN00082076,20150310,TMIN,120,,,a,
ASN00082076,20150311,TMIN,76,,,a,
ASN00082076,20150312,TMIN,96,,,a,
ASN00082076,20150313,TMIN,124,,,a,
ASN00082076,20150314,TMIN,72,,,a,
ASN00082076,20150315,TMIN,76,,,a,
ASN00082076,20150316,TMIN,82,,,a,
ASN00082076,20150317,TMIN,104,,,a,
ASN00082076,20150318,TMIN,124,,,a,
ASN00082076,20150319,TMIN,98,,,a,
ASN00082076,20150320,TMIN,101,,,a,
ASN00082076,20150321,TMIN,125,,,a,
ASN00082076,20150322,TMIN,77,,,a,
ASN00082076,20150323,TMIN,110,,,a,
ASN00082076,20150324,TMIN,130,,,a,
ASN00082076,20150325,TMIN,109,,,a,
ASN00082076,20150326,TMIN,56,,,a,
ASN00082076,20150327,TMIN,82,,,a,
ASN00082076,20150328,TMIN,29,,,a,
ASN00082076,20150329,TMIN,24,,,a,
ASN00082076,20150330,TMIN,41,,,a,
ASN00082076,20150331,TMIN,78,,,a,
ASN00082076,20150301,PRCP,2,,,a,
ASN00082076,20150302,PRCP,0,,,a,
ASN00082076,20150303,PRCP,0,,,a,
ASN00082076,20150304,PRCP,0,,,a,
ASN00082076,20150305,PRCP,0,,,a,
ASN00082076,20150306,PRCP,0,,,a,
ASN00082076,20150307,PRCP,0,,,a,
ASN00082076,20150308,PRCP,0,,,a,
ASN00082076,20150309,PRCP,0,,,a,
ASN00082076,20150310,PRCP,0,,,a,
ASN00082076,20150311,PRCP,0,,,a,
ASN00082076,20150312,PRCP,0,,,a,
ASN00082076,20150313,PRCP,0,,,a,
ASN00082076,20150314,PRCP,0,,,a,
ASN00082076,20150315,PRCP,0,,,a,
ASN00082076,20150316,PRCP,0,,,a,
ASN00082076,20150317,PRCP,0,,,a,
ASN00082076,20150318,PRCP,60,,,a,
ASN00082076,20150319,PRCP,0,,,a,
ASN00082076,20150320,PRCP,4,,,a,
ASN00082076,20150321,PRCP,0,,,a,
ASN00082076,20150322,PRCP,0,,,a,
ASN00082076,20150323,PRCP,0,,,a,
ASN00082076,20150324,PRCP,18,,,a,
ASN00082076,20150325,PRCP,0,,,a,
ASN00082076,20150326,PRCP,0,,,a,
ASN00082076,20150327,PRCP,0,,,a,
ASN00082076,20150328,PRCP,0,,,a,
ASN00082076,20150329,PRCP,0,,,a,
ASN00082076,20150330,PRCP,0,,,a,
ASN00082076,20150331,PRCP,0,,,a,
ASN00082076,20150401,TMAX,267,,,a,
ASN00082076,20150402,TMAX,268,,,a,
ASN00082076,20150403,TMAX,241,,,a,
ASN00082076,20150404,TMAX,212,,,a,
ASN00082076,20150405,TMAX,231,,,a,
ASN00082076,20150406,TMAX,178,,,a,
ASN00082076,20150407,TMAX,186,,,a,
ASN00082076,20150408,TMAX,180,,,a,
ASN00082076,20150409,TMAX,191,,,a,
ASN00082076,20150410,TMAX,234,,,a,
ASN00082076,20150411,TMAX,222,,,a,
ASN00082076,20150412,TMAX,238,,,a,
ASN00082076,20150413,TMAX,234,,,a,
ASN00082076,20150414,TMAX,174,,,a,
ASN00082076,20150415,TMAX,202,,,a,
ASN00082076,20150416,TMAX,255,,,a,
ASN00082076,20150417,TMAX,175,,,a,
ASN00082076,20150418,TMAX,175,,,a,
ASN00082076,20150419,TMAX,140,,,a,
ASN00082076,20150420,TMAX,147,,,a,
ASN00082076,20150421,TMAX,165,,,a,
ASN00082076,20150422,TMAX,187,,,a,
ASN00082076,20150423,TMAX,165,,,a,
ASN00082076,20150424,TMAX,130,,,a,
ASN00082076,20150427,TMAX,160,,,a,
ASN00082076,20150428,TMAX,148,,,a,
ASN00082076,20150429,TMAX,181,,,a,
ASN00082076,20150430,TMAX,199,,,a,
ASN00082076,20150401,TMIN,71,,,a,
ASN00082076,20150402,TMIN,106,,,a,
ASN00082076,20150403,TMIN,102,,,a,
ASN00082076,20150404,TMIN,102,,,a,
ASN00082076,20150405,TMIN,136,,,a,
ASN00082076,20150406,TMIN,85,,,a,
ASN00082076,20150407,TMIN,102,,,a,
ASN00082076,20150408,TMIN,95,,,a,
ASN00082076,20150409,TMIN,125,,,a,
ASN00082076,20150410,TMIN,73,,,a,
ASN00082076,20150413,TMIN,66,,,a,
ASN00082076,20150414,TMIN,74,,,a,
ASN00082076,20150415,TMIN,94,,,a,
ASN00082076,20150416,TMIN,106,,,a,
ASN00082076,20150417,TMIN,121,,,a,
ASN00082076,20150418,TMIN,140,,,a,
ASN00082076,20150419,TMIN,95,,,a,
ASN00082076,20150420,TMIN,71,,,a,
ASN00082076,20150421,TMIN,99,,,a,
ASN00082076,20150422,TMIN,112,,,a,
ASN00082076,20150423,TMIN,145,,,a,
ASN00082076,20150424,TMIN,85,,,a,
ASN00082076,20150425,TMIN,75,,,a,
ASN00082076,20150427,TMIN,15,,,a,
ASN00082076,20150428,TMIN,68,,,a,
ASN00082076,20150429,TMIN,44,,,a,
ASN00082076,20150430,TMIN,50,,,a,
ASN00082076,20150401,PRCP,0,,,a,
ASN00082076,20150402,PRCP,0,,,a,
ASN00082076,20150403,PRCP,0,,,a,
ASN00082076,20150404,PRCP,0,,,a,
ASN00082076,20150405,PRCP,50,,,a,
ASN00082076,20150406,PRCP,2,,,a,
ASN00082076,20150407,PRCP,10,,,a,
ASN00082076,20150408,PRCP,94,,,a,
ASN00082076,20150409,PRCP,0,,,a,
ASN00082076,20150410,PRCP,0,,,a,
ASN00082076,20150411,PRCP,0,,,a,
ASN00082076,20150412,PRCP,0,,,a,
ASN00082076,20150413,PRCP,0,,,a,
ASN00082076,20150414,PRCP,0,,,a,
ASN00082076,20150415,PRCP,20,,,a,
ASN00082076,20150416,PRCP,60,,L,a,
ASN00082076,20150418,PRCP,486,,,a,
ASN00082076,20150419,PRCP,286,,,a,
ASN00082076,20150420,PRCP,6,,,a,
ASN00082076,20150421,PRCP,0,,,a,
ASN00082076,20150422,PRCP,0,,,a,
ASN00082076,20150423,PRCP,1,,,a,
ASN00082076,20150424,PRCP,110,,,a,
ASN00082076,20150425,PRCP,68,,,a,
ASN00082076,20150427,PRCP,2,,,a,
ASN00082076,20150428,PRCP,0,,,a,
ASN00082076,20150429,PRCP,0,,,a,
ASN00082076,20150430,PRCP,0,,,a,
ASN00082076,20150417,DAPR,2,,L,a,
ASN00082076,20150412,DATN,2,,,a,
ASN00082076,20150426,DATX,2,,,a,
ASN00082076,20150417,MDPR,32,,L,a,
ASN00082076,20150412,MDTN,102,,,a,
ASN00082076,20150426,MDTX,163,,,a,
ASN00082076,20150501,TMAX,220,,,a,
ASN00082076,20150502,TMAX,205,,,a,
ASN00082076,20150503,TMAX,225,,,a,
ASN00082076,20150504,TMAX,207,,,a,
ASN00082076,20150505,TMAX,169,,,a,
ASN00082076,20150506,TMAX,116,,,a,
ASN00082076,20150507,TMAX,134,,,a,
ASN00082076,20150508,TMAX,118,,,a,
ASN00082076,20150509,TMAX,126,,,a,
ASN00082076,20150510,TMAX,124,,,a,
ASN00082076,20150511,TMAX,172,,,a,
ASN00082076,20150512,TMAX,140,,,a,
ASN00082076,20150515,TMAX,160,,,a,
ASN00082076,20150516,TMAX,178,,,a,
ASN00082076,20150517,TMAX,180,,,a,
ASN00082076,20150518,TMAX,183,,,a,
ASN00082076,20150519,TMAX,118,,,a,
ASN00082076,20150520,TMAX,154,,,a,
ASN00082076,20150521,TMAX,148,,,a,
ASN00082076,20150522,TMAX,144,,,a,
ASN00082076,20150523,TMAX,160,,,a,
ASN00082076,20150524,TMAX,146,,,a,
ASN00082076,20150525,TMAX,148,,,a,
ASN00082076,20150526,TMAX,140,,,a,
ASN00082076,20150527,TMAX,100,,,a,
ASN00082076,20150528,TMAX,148,,,a,
ASN00082076,20150529,TMAX,155,,,a,
ASN00082076,20150530,TMAX,120,,,a,
ASN00082076,20150531,TMAX,109,,,a,
ASN00082076,20150501,TMIN,54,,,a,
ASN00082076,20150502,TMIN,60,,,a,
ASN00082076,20150503,TMIN,75,,,a,
ASN00082076,20150504,TMIN,55,,,a,
ASN00082076,20150505,TMIN,50,,,a,
ASN00082076,20150506,TMIN,80,,,a,
ASN00082076,20150507,TMIN,82,,,a,
ASN00082076,20150508,TMIN,68,,,a,
ASN00082076,20150509,TMIN,86,,,a,
ASN00082076,20150510,TMIN,92,,,a,
ASN00082076,20150511,TMIN,89,,,a,
ASN00082076,20150512,TMIN,94,,,a,
ASN00082076,20150513,TMIN,46,,,a,
ASN00082076,20150516,TMIN,18,,,a,
ASN00082076,20150517,TMIN,41,,,a,
ASN00082076,20150518,TMIN,17,,,a,
ASN00082076,20150519,TMIN,36,,,a,
ASN00082076,20150520,TMIN,67,,,a,
ASN00082076,20150521,TMIN,77,,,a,
ASN00082076,20150522,TMIN,83,,,a,
ASN00082076,20150523,TMIN,4,,,a,
ASN00082076,20150524,TMIN,-12,,,a,
ASN00082076,20150525,TMIN,18,,,a,
ASN00082076,20150526,TMIN,-5,,,a,
ASN00082076,20150527,TMIN,35,,,a,
ASN00082076,20150528,TMIN,70,,,a,
ASN00082076,20150529,TMIN,74,,,a,
ASN00082076,20150530,TMIN,30,,,a,
ASN00082076,20150531,TMIN,65,,,a,
ASN00082076,20150501,PRCP,0,,,a,
ASN00082076,20150502,PRCP,0,,,a,
ASN00082076,20150503,PRCP,4,,,a,
ASN00082076,20150504,PRCP,0,,,a,
ASN00082076,20150505,PRCP,0,,,a,
ASN00082076,20150506,PRCP,12,,,a,
ASN00082076,20150507,PRCP,10,,,a,
ASN00082076,20150508,PRCP,0,,,a,
ASN00082076,20150509,PRCP,10,,,a,
ASN00082076,20150510,PRCP,80,,,a,
ASN00082076,20150511,PRCP,290,,,a,
ASN00082076,20150512,PRCP,10,,,a,
ASN00082076,20150513,PRCP,6,,,a,
ASN00082076,20150514,PRCP,0,,,a,
ASN00082076,20150515,PRCP,0,,,a,
ASN00082076,20150516,PRCP,0,,,a,
ASN00082076,20150517,PRCP,0,,,a,
ASN00082076,20150518,PRCP,0,,,a,
ASN00082076,20150519,PRCP,56,,,a,
ASN00082076,20150520,PRCP,140,,,a,
ASN00082076,20150521,PRCP,48,,,a,
ASN00082076,20150522,PRCP,0,,,a,
ASN00082076,20150523,PRCP,0,,,a,
ASN00082076,20150524,PRCP,0,,,a,
ASN00082076,20150525,PRCP,0,,,a,
ASN00082076,20150526,PRCP,0,,,a,
ASN00082076,20150527,PRCP,10,,,a,
ASN00082076,20150528,PRCP,22,,,a,
ASN00082076,20150529,PRCP,216,,,a,
ASN00082076,20150530,PRCP,4,,,a,
ASN00082076,20150531,PRCP,8,,,a,
ASN00082076,20150515,DATN,2,,,a,
ASN00082076,20150514,DATX,2,,,a,
ASN00082076,20150515,MDTN,21,,,a,
ASN00082076,20150514,MDTX,135,,,a,
ASN00082076,20150601,TMAX,105,,,a,
ASN00082076,20150602,TMAX,108,,,a,
ASN00082076,20150603,TMAX,121,,,a,
ASN00082076,20150604,TMAX,82,,,a,
ASN00082076,20150605,TMAX,122,,,a,
ASN00082076,20150606,TMAX,130,,,a,
ASN00082076,20150607,TMAX,112,,,a,
ASN00082076,20150608,TMAX,140,,,a,
ASN00082076,20150609,TMAX,148,,,a,
ASN00082076,20150610,TMAX,118,,,a,
ASN00082076,20150611,TMAX,143,,,a,
ASN00082076,20150612,TMAX,154,,,a,
ASN00082076,20150613,TMAX,132,,,a,
ASN00082076,20150614,TMAX,132,,,a,
ASN00082076,20150615,TMAX,129,,,a,
ASN00082076,20150616,TMAX,129,,,a,
ASN00082076,20150617,TMAX,131,,,a,
ASN00082076,20150618,TMAX,120,,,a,
ASN00082076,20150619,TMAX,112,,,a,
ASN00082076,20150620,TMAX,110,,,a,
ASN00082076,20150621,TMAX,120,,,a,
ASN00082076,20150622,TMAX,110,,,a,
ASN00082076,20150623,TMAX,150,,,a,
ASN00082076,20150624,TMAX,100,,,a,
ASN00082076,20150625,TMAX,158,,,a,
ASN00082076,20150626,TMAX,145,,,a,
ASN00082076,20150627,TMAX,125,,,a,
ASN00082076,20150628,TMAX,133,,,a,
ASN00082076,20150629,TMAX,120,,,a,
ASN00082076,20150630,TMAX,120,,,a,
ASN00082076,20150601,TMIN,8,,,a,
ASN00082076,20150602,TMIN,-18,,,a,
ASN00082076,20150603,TMIN,-22,,,a,
ASN00082076,20150604,TMIN,-10,,,a,
ASN00082076,20150605,TMIN,25,,,a,
ASN00082076,20150606,TMIN,36,,,a,
ASN00082076,20150607,TMIN,25,,,a,
ASN00082076,20150608,TMIN,36,,,a,
ASN00082076,20150609,TMIN,70,,,a,
ASN00082076,20150610,TMIN,2,,,a,
ASN00082076,20150611,TMIN,-4,,,a,
ASN00082076,20150612,TMIN,4,,,a,
ASN00082076,20150613,TMIN,7,,,a,
ASN00082076,20150614,TMIN,32,,,a,
ASN00082076,20150615,TMIN,19,,,a,
ASN00082076,20150616,TMIN,55,,,a,
ASN00082076,20150617,TMIN,90,,,a,
ASN00082076,20150618,TMIN,90,,,a,
ASN00082076,20150619,TMIN,72,,,a,
ASN00082076,20150620,TMIN,30,,,a,
ASN00082076,20150621,TMIN,-19,,,a,
ASN00082076,20150622,TMIN,15,,,a,
ASN00082076,20150623,TMIN,50,,,a,
ASN00082076,20150624,TMIN,71,,,a,
ASN00082076,20150625,TMIN,90,,,a,
ASN00082076,20150628,TMIN,20,,,a,
ASN00082076,20150629,TMIN,12,,,a,
ASN00082076,20150630,TMIN,5,,,a,
ASN00082076,20150601,PRCP,98,,,a,
ASN00082076,20150602,PRCP,0,,,a,
ASN00082076,20150603,PRCP,0,,,a,
ASN00082076,20150604,PRCP,0,,,a,
ASN00082076,20150605,PRCP,48,,,a,
ASN00082076,20150606,PRCP,0,,,a,
ASN00082076,20150607,PRCP,0,,,a,
ASN00082076,20150608,PRCP,0,,,a,
ASN00082076,20150609,PRCP,0,,,a,
ASN00082076,20150610,PRCP,0,,,a,
ASN00082076,20150611,PRCP,0,,,a,
ASN00082076,20150612,PRCP,0,,,a,
ASN00082076,20150613,PRCP,0,,,a,
ASN00082076,20150614,PRCP,0,,,a,
ASN00082076,20150615,PRCP,0,,,a,
ASN00082076,20150616,PRCP,62,,,a,
ASN00082076,20150617,PRCP,20,,,a,
ASN00082076,20150618,PRCP,140,,,a,
ASN00082076,20150619,PRCP,38,,,a,
ASN00082076,20150620,PRCP,0,,,a,
ASN00082076,20150621,PRCP,0,,,a,
ASN00082076,20150622,PRCP,0,,,a,
ASN00082076,20150623,PRCP,0,,,a,
ASN00082076,20150624,PRCP,6,,,a,
ASN00082076,20150625,PRCP,38,,,a,
ASN00082076,20150626,PRCP,0,,,a,
ASN00082076,20150627,PRCP,0,,,a,
ASN00082076,20150628,PRCP,0,,,a,
ASN00082076,20150629,PRCP,0,,,a,
ASN00082076,20150630,PRCP,0,,,a,
ASN00082076,20150627,DATN,2,,,a,
ASN00082076,20150627,MDTN,17,,,a,
ASN00082076,20150701,TMAX,103,,,a,
ASN00082076,20150702,TMAX,100,,,a,
ASN00082076,20150703,TMAX,100,,,a,
ASN00082076,20150704,TMAX,102,,,a,
ASN00082076,20150705,TMAX,100,,,a,
ASN00082076,20150706,TMAX,84,,,a,
ASN00082076,20150707,TMAX,132,,,a,
ASN00082076,20150708,TMAX,136,,,a,
ASN00082076,20150709,TMAX,105,,,a,
ASN00082076,20150710,TMAX,126,,,a,
ASN00082076,20150711,TMAX,118,,,a,
ASN00082076,20150712,TMAX,76,,,a,
ASN00082076,20150713,TMAX,141,,,a,
ASN00082076,20150714,TMAX,76,,,a,
ASN00082076,20150715,TMAX,90,,,a,
ASN00082076,20150716,TMAX,110,,,a,
ASN00082076,20150717,TMAX,100,,,a,
ASN00082076,20150718,TMAX,108,,,a,
ASN00082076,20150719,TMAX,125,,,a,
ASN00082076,20150720,TMAX,140,,,a,
ASN00082076,20150721,TMAX,150,,,a,
ASN00082076,20150722,TMAX,113,,,a,
ASN00082076,20150723,TMAX,135,,,a,
ASN00082076,20150724,TMAX,110,,,a,
ASN00082076,20150725,TMAX,115,,,a,
ASN00082076,20150726,TMAX,102,,,a,
ASN00082076,20150727,TMAX,99,,,a,
ASN00082076,20150728,TMAX,107,,,a,
ASN00082076,20150729,TMAX,112,,,a,
ASN00082076,20150730,TMAX,108,,,a,
ASN00082076,20150731,TMAX,136,,,a,
ASN00082076,20150701,TMIN,40,,,a,
ASN00082076,20150702,TMIN,48,,,a,
ASN00082076,20150703,TMIN,-20,,,a,
ASN00082076,20150704,TMIN,-5,,,a,
ASN00082076,20150705,TMIN,2,,,a,
ASN00082076,20150706,TMIN,46,,,a,
ASN00082076,20150707,TMIN,30,,,a,
ASN00082076,20150708,TMIN,5,,,a,
ASN00082076,20150709,TMIN,-6,,,a,
ASN00082076,20150710,TMIN,24,,,a,
ASN00082076,20150711,TMIN,51,,,a,
ASN00082076,20150712,TMIN,35,,,a,
ASN00082076,20150713,TMIN,35,,,a,
ASN00082076,20150714,TMIN,20,,,a,
ASN00082076,20150715,TMIN,16,,,a,
ASN00082076,20150716,TMIN,28,,,a,
ASN00082076,20150717,TMIN,5,,,a,
ASN00082076,20150718,TMIN,-2,,,a,
ASN00082076,20150719,TMIN,-16,,,a,
ASN00082076,20150720,TMIN,-24,,,a,
ASN00082076,20150721,TMIN,-6,,,a,
ASN00082076,20150722,TMIN,19,,,a,
ASN00082076,20150723,TMIN,50,,,a,
ASN00082076,20150724,TMIN,53,,,a,
ASN00082076,20150725,TMIN,55,,,a,
ASN00082076,20150726,TMIN,76,,,a,
ASN00082076,20150727,TMIN,32,,,a,
ASN00082076,20150728,TMIN,40,,,a,
ASN00082076,20150729,TMIN,41,,,a,
ASN00082076,20150730,TMIN,29,,,a,
ASN00082076,20150731,TMIN,46,,,a,
ASN00082076,20150701,PRCP,0,,,a,
ASN00082076,20150702,PRCP,14,,,a,
ASN00082076,20150703,PRCP,28,,,a,
ASN00082076,20150704,PRCP,0,,,a,
ASN00082076,20150705,PRCP,0,,,a,
ASN00082076,20150706,PRCP,0,,,a,
ASN00082076,20150707,PRCP,0,,,a,
ASN00082076,20150708,PRCP,0,,,a,
ASN00082076,20150709,PRCP,0,,,a,
ASN00082076,20150710,PRCP,90,,,a,
ASN00082076,20150711,PRCP,92,,,a,
ASN00082076,20150712,PRCP,152,,,a,
ASN00082076,20150713,PRCP,82,,,a,
ASN00082076,20150714,PRCP,18,,,a,
ASN00082076,20150715,PRCP,70,,,a,
ASN00082076,20150716,PRCP,6,,,a,
ASN00082076,20150717,PRCP,0,,,a,
ASN00082076,20150718,PRCP,2,,,a,
ASN00082076,20150719,PRCP,0,,,a,
ASN00082076,20150720,PRCP,0,,,a,
ASN00082076,20150721,PRCP,0,,,a,
ASN00082076,20150722,PRCP,20,,,a,
ASN00082076,20150723,PRCP,110,,,a,
ASN00082076,20150724,PRCP,4,,,a,
ASN00082076,20150725,PRCP,164,,,a,
ASN00082076,20150726,PRCP,84,,,a,
ASN00082076,20150727,PRCP,18,,,a,
ASN00082076,20150728,PRCP,4,,,a,
ASN00082076,20150729,PRCP,0,,,a,
ASN00082076,20150730,PRCP,0,,,a,
ASN00082076,20150731,PRCP,0,,,a,
ASN00082076,20150801,TMAX,106,,,a,
ASN00082076,20150802,TMAX,118,,,a,
ASN00082076,20150803,TMAX,100,,,a,
ASN00082076,20150804,TMAX,68,,,a,
ASN00082076,20150805,TMAX,110,,,a,
ASN00082076,20150806,TMAX,87,,,a,
ASN00082076,20150807,TMAX,135,,,a,
ASN00082076,20150808,TMAX,143,,,a,
ASN00082076,20150809,TMAX,107,,,a,
ASN00082076,20150810,TMAX,118,,,a,
ASN00082076,20150811,TMAX,132,,,a,
ASN00082076,20150812,TMAX,70,,,a,
ASN00082076,20150813,TMAX,105,,,a,
ASN00082076,20150814,TMAX,121,,,a,
ASN00082076,20150815,TMAX,163,,,a,
ASN00082076,20150816,TMAX,149,,,a,
ASN00082076,20150817,TMAX,120,,,a,
ASN00082076,20150818,TMAX,120,,,a,
ASN00082076,20150819,TMAX,130,,,a,
ASN00082076,20150820,TMAX,150,,,a,
ASN00082076,20150821,TMAX,165,,,a,
ASN00082076,20150822,TMAX,195,,,a,
ASN00082076,20150823,TMAX,162,,,a,
ASN00082076,20150824,TMAX,129,,,a,
ASN00082076,20150825,TMAX,112,,,a,
ASN00082076,20150828,TMAX,146,,,a,
ASN00082076,20150829,TMAX,125,,,a,
ASN00082076,20150830,TMAX,132,,,a,
ASN00082076,20150831,TMAX,152,,,a,
ASN00082076,20150801,TMIN,50,,,a,
ASN00082076,20150802,TMIN,70,,,a,
ASN00082076,20150803,TMIN,68,,,a,
ASN00082076,20150804,TMIN,-32,,,a,
ASN00082076,20150805,TMIN,60,,,a,
ASN00082076,20150806,TMIN,-2,,,a,
ASN00082076,20150807,TMIN,24,,,a,
ASN00082076,20150808,TMIN,28,,,a,
ASN00082076,20150809,TMIN,32,,,a,
ASN00082076,20150810,TMIN,44,,,a,
ASN00082076,20150811,TMIN,38,,,a,
ASN00082076,20150812,TMIN,10,,,a,
ASN00082076,20150813,TMIN,31,,,a,
ASN00082076,20150814,TMIN,56,,,a,
ASN00082076,20150815,TMIN,34,,,a,
ASN00082076,20150816,TMIN,34,,,a,
ASN00082076,20150817,TMIN,55,,,a,
ASN00082076,20150818,TMIN,-20,,,a,
ASN00082076,20150819,TMIN,-16,,,a,
ASN00082076,20150820,TMIN,-10,,,a,
ASN00082076,20150821,TMIN,4,,,a,
ASN00082076,20150822,TMIN,50,,,a,
ASN00082076,20150823,TMIN,74,,,a,
ASN00082076,20150824,TMIN,73,,,a,
ASN00082076,20150825,TMIN,81,,,a,
ASN00082076,20150826,TMIN,93,,,a,
ASN00082076,20150829,TMIN,26,,,a,
ASN00082076,20150830,TMIN,28,,,a,
ASN00082076,20150831,TMIN,4,,,a,
ASN00082076,20150801,PRCP,4,,,a,
ASN00082076,20150802,PRCP,300,,,a,
ASN00082076,20150803,PRCP,68,,,a,
ASN00082076,20150804,PRCP,22,,,a,
ASN00082076,20150805,PRCP,52,,,a,
ASN00082076,20150806,PRCP,14,,,a,
ASN00082076,20150807,PRCP,4,,,a,
ASN00082076,20150808,PRCP,0,,,a,
ASN00082076,20150809,PRCP,0,,,a,
ASN00082076,20150810,PRCP,0,,,a,
ASN00082076,20150811,PRCP,24,,,a,
ASN00082076,20150812,PRCP,0,,,a,
ASN00082076,20150813,PRCP,34,,,a,
ASN00082076,20150814,PRCP,0,,,a,
ASN00082076,20150815,PRCP,0,,,a,
ASN00082076,20150816,PRCP,0,,,a,
ASN00082076,20150817,PRCP,20,,,a,
ASN00082076,20150818,PRCP,36,,,a,
ASN00082076,20150819,PRCP,0,,,a,
ASN00082076,20150820,PRCP,0,,,a,
ASN00082076,20150821,PRCP,0,,,a,
ASN00082076,20150822,PRCP,30,,,a,
ASN00082076,20150823,PRCP,0,,,a,
ASN00082076,20150824,PRCP,0,,,a,
ASN00082076,20150825,PRCP,60,,,a,
ASN00082076,20150826,PRCP,56,,,a,
ASN00082076,20150829,PRCP,30,,,a,
ASN00082076,20150830,PRCP,0,,,a,
ASN00082076,20150831,PRCP,0,,,a,
ASN00082076,20150828,DAPR,2,,,a,
ASN00082076,20150828,DATN,2,,,a,
ASN00082076,20150827,DATX,2,,,a,
ASN00082076,20150828,MDPR,72,,,a,
ASN00082076,20150828,MDTN,70,,,a,
ASN00082076,20150827,MDTX,150,,,a,
ASN00082076,20150901,TMAX,146,,,a,
ASN00082076,20150902,TMAX,160,,,a,
ASN00082076,20150903,TMAX,151,,,a,
ASN00082076,20150904,TMAX,170,,,a,
ASN00082076,20150905,TMAX,178,,,a,
ASN00082076,20150906,TMAX,150,,,a,
ASN00082076,20150907,TMAX,114,,,a,
ASN00082076,20150908,TMAX,121,,,a,
ASN00082076,20150909,TMAX,166,,,a,
ASN00082076,20150910,TMAX,180,,,a,
ASN00082076,20150911,TMAX,190,,,a,
ASN00082076,20150912,TMAX,199,,,a,
ASN00082076,20150913,TMAX,229,,,a,
ASN00082076,20150914,TMAX,234,,,a,
ASN00082076,20150915,TMAX,170,,,a,
ASN00082076,20150916,TMAX,166,,,a,
ASN00082076,20150917,TMAX,187,,,a,
ASN00082076,20150918,TMAX,182,,,a,
ASN00082076,20150919,TMAX,200,,,a,
ASN00082076,20150922,TMAX,135,,,a,
ASN00082076,20150925,TMAX,152,,,a,
ASN00082076,20150926,TMAX,202,,,a,
ASN00082076,20150927,TMAX,212,,,a,
ASN00082076,20150928,TMAX,210,,,a,
ASN00082076,20150929,TMAX,200,,,a,
ASN00082076,20150930,TMAX,204,,,a,
ASN00082076,20150901,TMIN,4,,,a,
ASN00082076,20150902,TMIN,-8,,,a,
ASN00082076,20150903,TMIN,32,,,a,
ASN00082076,20150904,TMIN,24,,,a,
ASN00082076,20150905,TMIN,16,,,a,
ASN00082076,20150906,TMIN,31,,,a,
ASN00082076,20150907,TMIN,64,,,a,
ASN00082076,20150908,TMIN,62,,,a,
ASN00082076,20150909,TMIN,34,,,a,
ASN00082076,20150910,TMIN,65,,,a,
ASN00082076,20150911,TMIN,21,,,a,
ASN00082076,20150912,TMIN,40,,,a,
ASN00082076,20150913,TMIN,64,,,a,
ASN00082076,20150914,TMIN,54,,,a,
ASN00082076,20150915,TMIN,90,,,a,
ASN00082076,20150916,TMIN,35,,,a,
ASN00082076,20150917,TMIN,34,,,a,
ASN00082076,20150918,TMIN,90,,,a,
ASN00082076,20150919,TMIN,45,,,a,
ASN00082076,20150920,TMIN,35,,,a,
ASN00082076,20150923,TMIN,25,,,a,
ASN00082076,20150926,TMIN,60,,,a,
ASN00082076,20150927,TMIN,42,,,a,
ASN00082076,20150928,TMIN,52,,,a,
ASN00082076,20150929,TMIN,46,,,a,
ASN00082076,20150930,TMIN,14,,,a,
ASN00082076,20150901,PRCP,0,,,a,
ASN00082076,20150902,PRCP,0,,,a,
ASN00082076,20150903,PRCP,122,,,a,
ASN00082076,20150904,PRCP,6,,,a,
ASN00082076,20150905,PRCP,0,,,a,
ASN00082076,20150906,PRCP,0,,,a,
ASN00082076,20150907,PRCP,74,,,a,
ASN00082076,20150908,PRCP,24,,,a,
ASN00082076,20150909,PRCP,4,,,a,
ASN00082076,20150910,PRCP,0,,,a,
ASN00082076,20150911,PRCP,0,,,a,
ASN00082076,20150912,PRCP,0,,,a,
ASN00082076,20150913,PRCP,0,,,a,
ASN00082076,20150914,PRCP,0,,,a,
ASN00082076,20150915,PRCP,18,,,a,
ASN00082076,20150916,PRCP,20,,,a,
ASN00082076,20150917,PRCP,0,,,a,
ASN00082076,20150918,PRCP,0,,,a,
ASN00082076,20150919,PRCP,0,,,a,
ASN00082076,20150920,PRCP,0,,,a,
ASN00082076,20150923,PRCP,0,,,a,
ASN00082076,20150924,PRCP,0,,,a,
ASN00082076,20150925,PRCP,0,,,a,
ASN00082076,20150926,PRCP,0,,,a,
ASN00082076,20150927,PRCP,0,,,a,
ASN00082076,20150928,PRCP,0,,,a,
ASN00082076,20150929,PRCP,0,,,a,
ASN00082076,20150930,PRCP,0,,,a,
ASN00082076,20150922,DAPR,2,,,a,
ASN00082076,20150922,DATN,2,,,a,
ASN00082076,20150925,DATN,2,,,a,
ASN00082076,20150921,DATX,2,,,a,
ASN00082076,20150924,DATX,2,,,a,
ASN00082076,20150922,MDPR,4,,,a,
ASN00082076,20150922,MDTN,40,,,a,
ASN00082076,20150925,MDTN,52,,,a,
ASN00082076,20150921,MDTX,192,,,a,
ASN00082076,20150924,MDTX,130,,,a,
ASN00082076,20151001,TMAX,208,,,a,
ASN00082076,20151002,TMAX,248,,,a,
ASN00082076,20151003,TMAX,260,,,a,
ASN00082076,20151004,TMAX,290,,,a,
ASN00082076,20151005,TMAX,304,,,a,
ASN00082076,20151006,TMAX,315,,,a,
ASN00082076,20151007,TMAX,217,,,a,
ASN00082076,20151008,TMAX,231,,,a,
ASN00082076,20151009,TMAX,276,,,a,
ASN00082076,20151010,TMAX,282,,,a,
ASN00082076,20151011,TMAX,200,,,a,
ASN00082076,20151012,TMAX,233,,,a,
ASN00082076,20151013,TMAX,232,,,a,
ASN00082076,20151014,TMAX,260,,,a,
ASN00082076,20151015,TMAX,290,,,a,
ASN00082076,20151016,TMAX,260,,,a,
ASN00082076,20151017,TMAX,260,,,a,
ASN00082076,20151018,TMAX,262,,,a,
ASN00082076,20151019,TMAX,276,,,a,
ASN00082076,20151020,TMAX,298,,,a,
ASN00082076,20151021,TMAX,248,,,a,
ASN00082076,20151022,TMAX,206,,,a,
ASN00082076,20151023,TMAX,220,,,a,
ASN00082076,20151024,TMAX,239,,,a,
ASN00082076,20151025,TMAX,270,,,a,
ASN00082076,20151026,TMAX,254,,,a,
ASN00082076,20151029,TMAX,272,,,a,
ASN00082076,20151030,TMAX,263,,,a,
ASN00082076,20151031,TMAX,194,,,a,
ASN00082076,20151001,TMIN,18,,,a,
ASN00082076,20151002,TMIN,35,,,a,
ASN00082076,20151003,TMIN,53,,,a,
ASN00082076,20151004,TMIN,65,,,a,
ASN00082076,20151005,TMIN,73,,,a,
ASN00082076,20151006,TMIN,77,,,a,
ASN00082076,20151007,TMIN,122,,,a,
ASN00082076,20151008,TMIN,62,,,a,
ASN00082076,20151009,TMIN,74,,,a,
ASN00082076,20151010,TMIN,89,,,a,
ASN00082076,20151011,TMIN,89,,,a,
ASN00082076,20151012,TMIN,104,,,a,
ASN00082076,20151013,TMIN,111,,,a,
ASN00082076,20151014,TMIN,83,,,a,
ASN00082076,20151015,TMIN,90,,,a,
ASN00082076,20151016,TMIN,110,,,a,
ASN00082076,20151017,TMIN,134,,,a,
ASN00082076,20151018,TMIN,134,,,a,
ASN00082076,20151019,TMIN,84,,,a,
ASN00082076,20151020,TMIN,91,,,a,
ASN00082076,20151021,TMIN,156,,,a,
ASN00082076,20151022,TMIN,138,,,a,
ASN00082076,20151023,TMIN,124,,,a,
ASN00082076,20151024,TMIN,93,,,a,
ASN00082076,20151025,TMIN,73,,,a,
ASN00082076,20151026,TMIN,127,,,a,
ASN00082076,20151027,TMIN,110,,,a,
ASN00082076,20151028,TMIN,84,,,a,
ASN00082076,20151029,TMIN,80,,,a,
ASN00082076,20151030,TMIN,87,,,a,
ASN00082076,20151031,TMIN,141,,,a,
ASN00082076,20151001,PRCP,0,,,a,
ASN00082076,20151002,PRCP,0,,,a,
ASN00082076,20151003,PRCP,0,,,a,
ASN00082076,20151004,PRCP,0,,,a,
ASN00082076,20151005,PRCP,0,,,a,
ASN00082076,20151006,PRCP,0,,,a,
ASN00082076,20151007,PRCP,0,,,a,
ASN00082076,20151008,PRCP,0,,,a,
ASN00082076,20151009,PRCP,0,,,a,
ASN00082076,20151010,PRCP,1,,,a,
ASN00082076,20151011,PRCP,160,,,a,
ASN00082076,20151012,PRCP,10,,,a,
ASN00082076,20151013,PRCP,0,,,a,
ASN00082076,20151014,PRCP,0,,,a,
ASN00082076,20151015,PRCP,0,,,a,
ASN00082076,20151016,PRCP,0,,,a,
ASN00082076,20151017,PRCP,0,,,a,
ASN00082076,20151018,PRCP,0,,,a,
ASN00082076,20151019,PRCP,0,,,a,
ASN00082076,20151020,PRCP,0,,,a,
ASN00082076,20151021,PRCP,58,,,a,
ASN00082076,20151022,PRCP,158,,,a,
ASN00082076,20151023,PRCP,0,,,a,
ASN00082076,20151024,PRCP,0,,,a,
ASN00082076,20151025,PRCP,0,,,a,
ASN00082076,20151026,PRCP,0,,,a,
ASN00082076,20151027,PRCP,0,,,a,
ASN00082076,20151028,PRCP,0,,,a,
ASN00082076,20151029,PRCP,0,,,a,
ASN00082076,20151030,PRCP,0,,,a,
ASN00082076,20151031,PRCP,12,,,a,
ASN00082076,20151028,DATX,2,,,a,
ASN00082076,20151028,MDTX,258,,,a,
ASN00082076,20151101,TMAX,264,,,a,
ASN00082076,20151102,TMAX,247,,,a,
ASN00082076,20151103,TMAX,247,,,a,
ASN00082076,20151104,TMAX,268,,,a,
ASN00082076,20151105,TMAX,186,,,a,
ASN00082076,20151106,TMAX,235,,,a,
ASN00082076,20151107,TMAX,218,,,a,
ASN00082076,20151108,TMAX,256,,,a,
ASN00082076,20151109,TMAX,290,,,a,
ASN00082076,20151110,TMAX,300,,,a,
ASN00082076,20151111,TMAX,252,,,a,
ASN00082076,20151112,TMAX,218,,,a,
ASN00082076,20151113,TMAX,255,,,a,
ASN00082076,20151114,TMAX,230,,,a,
ASN00082076,20151117,TMAX,273,,,a,
ASN00082076,20151118,TMAX,300,,,a,
ASN00082076,20151119,TMAX,340,,,a,
ASN00082076,20151120,TMAX,294,,,a,
ASN00082076,20151121,TMAX,244,,,a,
ASN00082076,20151122,TMAX,258,,,a,
ASN00082076,20151123,TMAX,252,,,a,
ASN00082076,20151124,TMAX,258,,,a,
ASN00082076,20151125,TMAX,304,,,a,
ASN00082076,20151126,TMAX,197,,,a,
ASN00082076,20151127,TMAX,204,,,a,
ASN00082076,20151128,TMAX,263,,,a,
ASN00082076,20151129,TMAX,231,,,a,
ASN00082076,20151130,TMAX,281,,,a,
ASN00082076,20151101,TMIN,138,,,a,
ASN00082076,20151102,TMIN,153,,,a,
ASN00082076,20151103,TMIN,127,,,a,
ASN00082076,20151104,TMIN,145,,,a,
ASN00082076,20151105,TMIN,150,,,a,
ASN00082076,20151106,TMIN,144,,,a,
ASN00082076,20151107,TMIN,141,,,a,
ASN00082076,20151108,TMIN,80,,,a,
ASN00082076,20151109,TMIN,91,,,a,
ASN00082076,20151110,TMIN,148,,,a,
ASN00082076,20151111,TMIN,154,,,a,
ASN00082076,20151112,TMIN,158,,,a,
ASN00082076,20151113,TMIN,129,,,a,
ASN00082076,20151114,TMIN,120,,,a,
ASN00082076,20151115,TMIN,115,,,a,
ASN00082076,20151118,TMIN,104,,,a,
ASN00082076,20151119,TMIN,139,,,a,
ASN00082076,20151120,TMIN,166,,,a,
ASN00082076,20151121,TMIN,84,,,a,
ASN00082076,20151122,TMIN,94,,,a,
ASN00082076,20151123,TMIN,108,,,a,
ASN00082076,20151124,TMIN,74,,,a,
ASN00082076,20151125,TMIN,70,,,a,
ASN00082076,20151126,TMIN,146,,,a,
ASN00082076,20151127,TMIN,15,,,a,
ASN00082076,20151128,TMIN,72,,,a,
ASN00082076,20151129,TMIN,95,,,a,
ASN00082076,20151130,TMIN,74,,,a,
ASN00082076,20151101,PRCP,68,,,a,
ASN00082076,20151102,PRCP,266,,,a,
ASN00082076,20151103,PRCP,0,,,a,
ASN00082076,20151104,PRCP,0,,,a,
ASN00082076,20151105,PRCP,100,,,a,
ASN00082076,20151106,PRCP,174,,,a,
ASN00082076,20151107,PRCP,42,,,a,
ASN00082076,20151108,PRCP,0,,,a,
ASN00082076,20151109,PRCP,0,,,a,
ASN00082076,20151110,PRCP,0,,,a,
ASN00082076,20151111,PRCP,0,,,a,
ASN00082076,20151112,PRCP,214,,,a,
ASN00082076,20151113,PRCP,340,,,a,
ASN00082076,20151114,PRCP,0,,,a,
ASN00082076,20151115,PRCP,0,,,a,
ASN00082076,20151116,PRCP,0,,,a,
ASN00082076,20151117,PRCP,0,,,a,
ASN00082076,20151118,PRCP,0,,,a,
ASN00082076,20151119,PRCP,0,,,a,
ASN00082076,20151120,PRCP,0,,,a,
ASN00082076,20151121,PRCP,0,,,a,
ASN00082076,20151122,PRCP,0,,,a,
ASN00082076,20151123,PRCP,0,,,a,
ASN00082076,20151124,PRCP,0,,,a,
ASN00082076,20151125,PRCP,0,,,a,
ASN00082076,20151126,PRCP,0,,,a,
ASN00082076,20151127,PRCP,0,,,a,
ASN00082076,20151128,PRCP,0,,,a,
ASN00082076,20151129,PRCP,0,,,a,
ASN00082076,20151130,PRCP,0,,,a,
ASN00082076,20151117,DATN,2,,,a,
ASN00082076,20151116,DATX,2,,,a,
ASN00082076,20151117,MDTN,93,,,a,
ASN00082076,20151116,MDTX,252,,,a,
ASN00082076,20151201,TMAX,295,,,a,
ASN00082076,20151202,TMAX,208,,,a,
ASN00082076,20151203,TMAX,275,,,a,
ASN00082076,20151204,TMAX,310,,,a,
ASN00082076,20151205,TMAX,319,,,a,
ASN00082076,20151206,TMAX,320,,,a,
ASN00082076,20151207,TMAX,260,,,a,
ASN00082076,20151208,TMAX,238,,,a,
ASN00082076,20151209,TMAX,285,,,a,
ASN00082076,20151210,TMAX,287,,,a,
ASN00082076,20151211,TMAX,240,,,a,
ASN00082076,20151212,TMAX,240,,,a,
ASN00082076,20151213,TMAX,252,,,a,
ASN00082076,20151214,TMAX,311,,,a,
ASN00082076,20151215,TMAX,300,,,a,
ASN00082076,20151216,TMAX,305,,,a,
ASN00082076,20151217,TMAX,324,,,a,
ASN00082076,20151218,TMAX,344,,,a,
ASN00082076,20151219,TMAX,370,,,a,
ASN00082076,20151220,TMAX,382,,,a,
ASN00082076,20151223,TMAX,270,,,a,
ASN00082076,20151224,TMAX,305,,,a,
ASN00082076,20151225,TMAX,300,,,a,
ASN00082076,20151226,TMAX,206,,,a,
ASN00082076,20151227,TMAX,205,,,a,
ASN00082076,20151228,TMAX,270,,,a,
ASN00082076,20151229,TMAX,305,,,a,
ASN00082076,20151230,TMAX,324,,,a,
ASN00082076,20151231,TMAX,345,,,a,
ASN00082076,20151201,TMIN,132,,,a,
ASN00082076,20151202,TMIN,89,,,a,
ASN00082076,20151203,TMIN,85,,,a,
ASN00082076,20151204,TMIN,110,,,a,
ASN00082076,20151205,TMIN,125,,,a,
ASN00082076,20151206,TMIN,141,,,a,
ASN00082076,20151207,TMIN,186,,,a,
ASN00082076,20151208,TMIN,176,,,a,
ASN00082076,20151209,TMIN,170,,,a,
ASN00082076,20151210,TMIN,118,,,a,
ASN00082076,20151211,TMIN,101,,,a,
ASN00082076,20151212,TMIN,45,,,a,
ASN00082076,20151213,TMIN,75,,,a,
ASN00082076,20151214,TMIN,74,,,a,
ASN00082076,20151215,TMIN,149,,,a,
ASN00082076,20151216,TMIN,164,,,a,
ASN00082076,20151217,TMIN,135,,,a,
ASN00082076,20151218,TMIN,128,,,a,
ASN00082076,20151219,TMIN,168,,,a,
ASN00082076,20151220,TMIN,154,,,a,
ASN00082076,20151221,TMIN,172,,,a,
ASN00082076,20151224,TMIN,118,,,a,
ASN00082076,20151225,TMIN,112,,,a,
ASN00082076,20151226,TMIN,130,,,a,
ASN00082076,20151227,TMIN,110,,,a,
ASN00082076,20151228,TMIN,121,,,a,
ASN00082076,20151229,TMIN,121,,,a,
ASN00082076,20151230,TMIN,127,,,a,
ASN00082076,20151231,TMIN,144,,,a,
ASN00082076,20151201,PRCP,0,,,a,
ASN00082076,20151202,PRCP,14,,,a,
ASN00082076,20151203,PRCP,0,,,a,
ASN00082076,20151204,PRCP,0,,,a,
ASN00082076,20151205,PRCP,0,,,a,
ASN00082076,20151206,PRCP,0,,,a,
ASN00082076,20151207,PRCP,0,,,a,
ASN00082076,20151208,PRCP,5,,,a,
ASN00082076,20151209,PRCP,226,,,a,
ASN00082076,20151210,PRCP,0,,,a,
ASN00082076,20151211,PRCP,0,,,a,
ASN00082076,20151212,PRCP,0,,,a,
ASN00082076,20151213,PRCP,0,,,a,
ASN00082076,20151214,PRCP,0,,,a,
ASN00082076,20151215,PRCP,0,,,a,
ASN00082076,20151216,PRCP,0,,,a,
ASN00082076,20151217,PRCP,0,,,a,
ASN00082076,20151218,PRCP,0,,,a,
ASN00082076,20151219,PRCP,0,,,a,
ASN00082076,20151220,PRCP,0,,,a,
ASN00082076,20151221,PRCP,116,,,a,
ASN00082076,20151222,PRCP,0,,,a,
ASN00082076,20151223,PRCP,0,,,a,
ASN00082076,20151224,PRCP,10,,,a,
ASN00082076,20151225,PRCP,0,,,a,
ASN00082076,20151226,PRCP,0,,,a,
ASN00082076,20151227,PRCP,146,,,a,
ASN00082076,20151228,PRCP,0,,,a,
ASN00082076,20151229,PRCP,0,,,a,
ASN00082076,20151230,PRCP,0,,,a,
ASN00082076,20151231,PRCP,0,,,a,
ASN00082076,20151223,DATN,2,,,a,
ASN00082076,20151222,DATX,2,,,a,
ASN00082076,20151223,MDTN,143,,,a,
ASN00082076,20151222,MDTX,290,,,a,
ASN00082076,20160101,TMAX,345,,,a,
ASN00082076,20160102,TMAX,280,,,a,
ASN00082076,20160103,TMAX,230,,,a,
ASN00082076,20160104,TMAX,190,,,a,
ASN00082076,20160105,TMAX,228,,,a,
ASN00082076,20160106,TMAX,254,,,a,
ASN00082076,20160107,TMAX,252,,,a,
ASN00082076,20160108,TMAX,292,,,a,
ASN00082076,20160109,TMAX,330,,,a,
ASN00082076,20160110,TMAX,340,,,a,
ASN00082076,20160111,TMAX,360,,,a,
ASN00082076,20160112,TMAX,362,,,a,
ASN00082076,20160113,TMAX,391,,,a,
ASN00082076,20160114,TMAX,281,,,a,
ASN00082076,20160115,TMAX,198,,,a,
ASN00082076,20160116,TMAX,278,,,a,
ASN00082076,20160117,TMAX,294,,,a,
ASN00082076,20160118,TMAX,315,,,a,
ASN00082076,20160119,TMAX,355,,,a,
ASN00082076,20160120,TMAX,277,,,a,
ASN00082076,20160121,TMAX,320,,,a,
ASN00082076,20160122,TMAX,251,,,a,
ASN00082076,20160123,TMAX,291,,,a,
ASN00082076,20160124,TMAX,305,,,a,
ASN00082076,20160125,TMAX,300,,,a,
ASN00082076,20160126,TMAX,311,,,a,
ASN00082076,20160127,TMAX,303,,,a,
ASN00082076,20160128,TMAX,296,,,a,
ASN00082076,20160129,TMAX,230,,,a,
ASN00082076,20160130,TMAX,261,,,a,
ASN00082076,20160131,TMAX,175,,,a,
ASN00082076,20160101,TMIN,140,,,a,
ASN00082076,20160102,TMIN,185,,,a,
ASN00082076,20160103,TMIN,190,,,a,
ASN00082076,20160104,TMIN,152,,,a,
ASN00082076,20160105,TMIN,140,,,a,
ASN00082076,20160106,TMIN,156,,,a,
ASN00082076,20160107,TMIN,154,,,a,
ASN00082076,20160108,TMIN,116,,,a,
ASN00082076,20160109,TMIN,148,,,a,
ASN00082076,20160110,TMIN,164,,,a,
ASN00082076,20160111,TMIN,154,,,a,
ASN00082076,20160112,TMIN,180,,,a,
ASN00082076,20160113,TMIN,168,,,a,
ASN00082076,20160114,TMIN,201,,,a,
ASN00082076,20160115,TMIN,106,,,a,
ASN00082076,20160116,TMIN,95,,,a,
ASN00082076,20160117,TMIN,110,,,a,
ASN00082076,20160118,TMIN,120,,,a,
ASN00082076,20160119,TMIN,120,,,a,
ASN00082076,20160120,TMIN,199,,,a,
ASN00082076,20160121,TMIN,154,,,a,
ASN00082076,20160122,TMIN,180,,,a,
ASN00082076,20160123,TMIN,156,,,a,
ASN00082076,20160124,TMIN,170,,,a,
ASN00082076,20160125,TMIN,183,,,a,
ASN00082076,20160126,TMIN,171,,,a,
ASN00082076,20160127,TMIN,172,,,a,
ASN00082076,20160128,TMIN,162,,,a,
ASN00082076,20160129,TMIN,151,,,a,
ASN00082076,20160130,TMIN,90,,,a,
ASN00082076,20160131,TMIN,106,,,a,
ASN00082076,20160101,PRCP,0,,,a,
ASN00082076,20160102,PRCP,6,,,a,
ASN00082076,20160103,PRCP,0,,,a,
ASN00082076,20160104,PRCP,76,,,a,
ASN00082076,20160105,PRCP,100,,,a,
ASN00082076,20160106,PRCP,110,,,a,
ASN00082076,20160107,PRCP,0,,,a,
ASN00082076,20160108,PRCP,0,,,a,
ASN00082076,20160109,PRCP,0,,,a,
ASN00082076,20160110,PRCP,0,,,a,
ASN00082076,20160111,PRCP,0,,,a,
ASN00082076,20160112,PRCP,0,,,a,
ASN00082076,20160113,PRCP,0,,,a,
ASN00082076,20160114,PRCP,40,,,a,
ASN00082076,20160115,PRCP,48,,,a,
ASN00082076,20160116,PRCP,0,,,a,
ASN00082076,20160117,PRCP,0,,,a,
ASN00082076,20160118,PRCP,0,,,a,
ASN00082076,20160119,PRCP,0,,,a,
ASN00082076,20160120,PRCP,0,,,a,
ASN00082076,20160121,PRCP,12,,,a,
ASN00082076,20160122,PRCP,0,,,a,
ASN00082076,20160123,PRCP,160,,,a,
ASN00082076,20160124,PRCP,0,,,a,
ASN00082076,20160125,PRCP,0,,,a,
ASN00082076,20160126,PRCP,0,,,a,
ASN00082076,20160127,PRCP,78,,,a,
ASN00082076,20160128,PRCP,136,,,a,
ASN00082076,20160129,PRCP,290,,,a,
ASN00082076,20160130,PRCP,80,,,a,
ASN00082076,20160131,PRCP,420,,,a,
ASN00082076,20160201,TMAX,245,,,a,
ASN00082076,20160202,TMAX,280,,,a,
ASN00082076,20160203,TMAX,222,,,a,
ASN00082076,20160204,TMAX,252,,,a,
ASN00082076,20160205,TMAX,274,,,a,
ASN00082076,20160206,TMAX,300,,,a,
ASN00082076,20160207,TMAX,310,,,a,
ASN00082076,20160210,TMAX,314,,,a,
ASN00082076,20160211,TMAX,325,,,a,
ASN00082076,20160212,TMAX,317,,,a,
ASN00082076,20160213,TMAX,330,,,a,
ASN00082076,20160214,TMAX,293,,,a,
ASN00082076,20160215,TMAX,271,,,a,
ASN00082076,20160216,TMAX,218,,,a,
ASN00082076,20160217,TMAX,240,,,a,
ASN00082076,20160218,TMAX,290,,,a,
ASN00082076,20160219,TMAX,300,,,a,
ASN00082076,20160220,TMAX,299,,,a,
ASN00082076,20160221,TMAX,315,,,a,
ASN00082076,20160222,TMAX,330,,,a,
ASN00082076,20160223,TMAX,358,,,a,
ASN00082076,20160224,TMAX,372,,,a,
ASN00082076,20160225,TMAX,337,,,a,
ASN00082076,20160226,TMAX,310,,,a,
ASN00082076,20160227,TMAX,310,,,a,
ASN00082076,20160228,TMAX,310,,,a,
ASN00082076,20160229,TMAX,296,,,a,
ASN00082076,20160201,TMIN,120,,,a,
ASN00082076,20160202,TMIN,120,,,a,
ASN00082076,20160203,TMIN,162,,,a,
ASN00082076,20160204,TMIN,143,,,a,
ASN00082076,20160205,TMIN,148,,,a,
ASN00082076,20160206,TMIN,126,,,a,
ASN00082076,20160207,TMIN,136,,,a,
ASN00082076,20160208,TMIN,140,,,a,
ASN00082076,20160211,TMIN,160,,,a,
ASN00082076,20160212,TMIN,144,,,a,
ASN00082076,20160213,TMIN,128,,,a,
ASN00082076,20160214,TMIN,144,,,a,
ASN00082076,20160215,TMIN,138,,,a,
ASN00082076,20160216,TMIN,92,,,a,
ASN00082076,20160217,TMIN,105,,,a,
ASN00082076,20160218,TMIN,121,,,a,
ASN00082076,20160219,TMIN,113,,,a,
ASN00082076,20160220,TMIN,165,,,a,
ASN00082076,20160221,TMIN,115,,,a,
ASN00082076,20160222,TMIN,115,,,a,
ASN00082076,20160223,TMIN,154,,,a,
ASN00082076,20160224,TMIN,154,,,a,
ASN00082076,20160225,TMIN,190,,,a,
ASN00082076,20160226,TMIN,130,,,a,
ASN00082076,20160227,TMIN,170,,,a,
ASN00082076,20160228,TMIN,135,,,a,
ASN00082076,20160229,TMIN,169,,,a,
ASN00082076,20160201,PRCP,216,,,a,
ASN00082076,20160202,PRCP,0,,,a,
ASN00082076,20160203,PRCP,0,,,a,
ASN00082076,20160204,PRCP,10,,,a,
ASN00082076,20160205,PRCP,0,,,a,
ASN00082076,20160206,PRCP,0,,,a,
ASN00082076,20160207,PRCP,0,,,a,
ASN00082076,20160208,PRCP,0,,,a,
ASN00082076,20160209,PRCP,0,,,a,
ASN00082076,20160210,PRCP,0,,,a,
ASN00082076,20160211,PRCP,0,,,a,
ASN00082076,20160212,PRCP,0,,,a,
ASN00082076,20160213,PRCP,0,,,a,
ASN00082076,20160214,PRCP,0,,,a,
ASN00082076,20160215,PRCP,0,,,a,
ASN00082076,20160216,PRCP,0,,,a,
ASN00082076,20160217,PRCP,0,,,a,
ASN00082076,20160218,PRCP,0,,,a,
ASN00082076,20160219,PRCP,0,,,a,
ASN00082076,20160220,PRCP,0,,,a,
ASN00082076,20160221,PRCP,0,,,a,
ASN00082076,20160222,PRCP,0,,,a,
ASN00082076,20160223,PRCP,0,,,a,
ASN00082076,20160224,PRCP,0,,,a,
ASN00082076,20160225,PRCP,0,,,a,
ASN00082076,20160226,PRCP,4,,,a,
ASN00082076,20160227,PRCP,0,,,a,
ASN00082076,20160228,PRCP,0,,,a,
ASN00082076,20160229,PRCP,0,,,a,
ASN00082076,20160210,DATN,2,,,a,
ASN00082076,20160209,DATX,2,,,a,
ASN00082076,20160210,MDTN,160,,,a,
ASN00082076,20160209,MDTX,314,,,a,
ASN00082076,20160301,TMAX,319,,,a,
ASN00082076,20160302,TMAX,345,,,a,
ASN00082076,20160303,TMAX,330,,,a,
ASN00082076,20160304,TMAX,344,,,a,
ASN00082076,20160307,TMAX,366,,,a,
ASN00082076,20160308,TMAX,362,,,a,
ASN00082076,20160309,TMAX,342,,,a,
ASN00082076,20160310,TMAX,321,,,a,
ASN00082076,20160311,TMAX,284,,,a,
ASN00082076,20160312,TMAX,300,,,a,
ASN00082076,20160313,TMAX,323,,,a,
ASN00082076,20160314,TMAX,310,,,a,
ASN00082076,20160315,TMAX,264,,,a,
ASN00082076,20160316,TMAX,295,,,a,
ASN00082076,20160317,TMAX,305,,,a,
ASN00082076,20160318,TMAX,205,,,a,
ASN00082076,20160319,TMAX,192,,,a,
ASN00082076,20160320,TMAX,209,,,a,
ASN00082076,20160321,TMAX,220,,,a,
ASN00082076,20160322,TMAX,238,,,a,
ASN00082076,20160323,TMAX,240,,,a,
ASN00082076,20160324,TMAX,221,,,a,
ASN00082076,20160325,TMAX,263,,,a,
ASN00082076,20160326,TMAX,260,,,a,
ASN00082076,20160327,TMAX,259,,,a,
ASN00082076,20160328,TMAX,240,,,a,
ASN00082076,20160329,TMAX,244,,,a,
ASN00082076,20160330,TMAX,164,,,a,
ASN00082076,20160331,TMAX,232,,,a,
ASN00082076,20160301,TMIN,140,,,a,
ASN00082076,20160302,TMIN,136,,,a,
ASN00082076,20160303,TMIN,143,,,a,
ASN00082076,20160304,TMIN,134,,,a,
ASN00082076,20160305,TMIN,152,,,a,
ASN00082076,20160308,TMIN,176,,,a,
ASN00082076,20160309,TMIN,142,,,a,
ASN00082076,20160310,TMIN,152,,,a,
ASN00082076,20160311,TMIN,179,,,a,
ASN00082076,20160312,TMIN,174,,,a,
ASN00082076,20160313,TMIN,177,,,a,
ASN00082076,20160314,TMIN,196,,,a,
ASN00082076,20160315,TMIN,190,,,a,
ASN00082076,20160316,TMIN,174,,,a,
ASN00082076,20160317,TMIN,123,,,a,
ASN00082076,20160318,TMIN,160,,,a,
ASN00082076,20160319,TMIN,65,,,a,
ASN00082076,20160320,TMIN,110,,,a,
ASN00082076,20160321,TMIN,120,,,a,
ASN00082076,20160322,TMIN,137,,,a,
ASN00082076,20160323,TMIN,80,,,a,
ASN00082076,20160324,TMIN,125,,,a,
ASN00082076,20160325,TMIN,136,,,a,
ASN00082076,20160326,TMIN,97,,,a,
ASN00082076,20160327,TMIN,112,,,a,
ASN00082076,20160328,TMIN,117,,,a,
ASN00082076,20160329,TMIN,142,,,a,
ASN00082076,20160330,TMIN,119,,,a,
ASN00082076,20160331,TMIN,105,,,a,
ASN00082076,20160301,PRCP,0,,,a,
ASN00082076,20160302,PRCP,0,,,a,
ASN00082076,20160303,PRCP,0,,,a,
ASN00082076,20160304,PRCP,0,,,a,
ASN00082076,20160305,PRCP,0,,,a,
ASN00082076,20160306,PRCP,0,,,a,
ASN00082076,20160307,PRCP,0,,,a,
ASN00082076,20160308,PRCP,0,,,a,
ASN00082076,20160309,PRCP,0,,,a,
ASN00082076,20160310,PRCP,0,,,a,
ASN00082076,20160311,PRCP,90,,,a,
ASN00082076,20160312,PRCP,4,,,a,
ASN00082076,20160313,PRCP,36,,,a,
ASN00082076,20160314,PRCP,0,,,a,
ASN00082076,20160315,PRCP,0,,,a,
ASN00082076,20160316,PRCP,0,,,a,
ASN00082076,20160317,PRCP,0,,,a,
ASN00082076,20160318,PRCP,24,,,a,
ASN00082076,20160319,PRCP,200,,,a,
ASN00082076,20160320,PRCP,0,,,a,
ASN00082076,20160321,PRCP,0,,,a,
ASN00082076,20160322,PRCP,0,,,a,
ASN00082076,20160323,PRCP,0,,,a,
ASN00082076,20160324,PRCP,2,,,a,
ASN00082076,20160325,PRCP,0,,,a,
ASN00082076,20160326,PRCP,0,,,a,
ASN00082076,20160327,PRCP,0,,,a,
ASN00082076,20160328,PRCP,0,,,a,
ASN00082076,20160329,PRCP,0,,,a,
ASN00082076,20160330,PRCP,50,,,a,
ASN00082076,20160331,PRCP,2,,,a,
ASN00082076,20160307,DATN,2,,,a,
ASN00082076,20160306,DATX,2,,,a,
ASN00082076,20160307,MDTN,164,,,a,
ASN00082076,20160306,MDTX,352,,,a,
ASN00082076,20160401,TMAX,234,,,a,
ASN00082076,20160402,TMAX,262,,,a,
ASN00082076,20160403,TMAX,232,,,a,
ASN00082076,20160404,TMAX,252,,,a,
ASN00082076,20160405,TMAX,286,,,a,
ASN00082076,20160406,TMAX,236,,,a,
ASN00082076,20160407,TMAX,206,,,a,
ASN00082076,20160408,TMAX,195,,,a,
ASN00082076,20160409,TMAX,224,,,a,
ASN00082076,20160410,TMAX,213,,,a,
ASN00082076,20160411,TMAX,227,,,a,
ASN00082076,20160412,TMAX,222,,,a,
ASN00082076,20160413,TMAX,243,,,a,
ASN00082076,20160414,TMAX,259,,,a,
ASN00082076,20160415,TMAX,252,,,a,
ASN00082076,20160416,TMAX,265,,,a,
ASN00082076,20160417,TMAX,214,,,a,
ASN00082076,20160418,TMAX,242,,,a,
ASN00082076,20160419,TMAX,240,,,a,
ASN00082076,20160420,TMAX,244,,,a,
ASN00082076,20160421,TMAX,222,,,a,
ASN00082076,20160422,TMAX,200,,,a,
ASN00082076,20160423,TMAX,195,,,a,
ASN00082076,20160424,TMAX,230,,,a,
ASN00082076,20160425,TMAX,239,,,a,
ASN00082076,20160426,TMAX,245,,,a,
ASN00082076,20160427,TMAX,242,,,a,
ASN00082076,20160428,TMAX,236,,,a,
ASN00082076,20160429,TMAX,214,,,a,
ASN00082076,20160430,TMAX,218,,,a,
ASN00082076,20160401,TMIN,72,,,a,
ASN00082076,20160402,TMIN,64,,,a,
ASN00082076,20160403,TMIN,58,,,a,
ASN00082076,20160404,TMIN,82,,,a,
ASN00082076,20160405,TMIN,76,,,a,
ASN00082076,20160406,TMIN,62,,,a,
ASN00082076,20160407,TMIN,122,,,a,
ASN00082076,20160408,TMIN,72,,,a,
ASN00082076,20160409,TMIN,26,,,a,
ASN00082076,20160410,TMIN,38,,,a,
ASN00082076,20160411,TMIN,62,,,a,
ASN00082076,20160412,TMIN,122,,,a,
ASN00082076,20160413,TMIN,108,,,a,
ASN00082076,20160414,TMIN,88,,,a,
ASN00082076,20160415,TMIN,76,,,a,
ASN00082076,20160416,TMIN,106,,,a,
ASN00082076,20160417,TMIN,145,,,a,
ASN00082076,20160418,TMIN,80,,,a,
ASN00082076,20160419,TMIN,66,,,a,
ASN00082076,20160420,TMIN,66,,,a,
ASN00082076,20160421,TMIN,72,,,a,
ASN00082076,20160422,TMIN,130,,,a,
ASN00082076,20160423,TMIN,102,,,a,
ASN00082076,20160424,TMIN,50,,,a,
ASN00082076,20160425,TMIN,40,,,a,
ASN00082076,20160426,TMIN,44,,,a,
ASN00082076,20160427,TMIN,35,,,a,
ASN00082076,20160428,TMIN,100,,,a,
ASN00082076,20160429,TMIN,94,,,a,
ASN00082076,20160430,TMIN,104,,,a,
ASN00082076,20160401,PRCP,0,,,a,
ASN00082076,20160402,PRCP,0,,,a,
ASN00082076,20160403,PRCP,0,,,a,
ASN00082076,20160404,PRCP,0,,,a,
ASN00082076,20160405,PRCP,0,,,a,
ASN00082076,20160406,PRCP,0,,,a,
ASN00082076,20160407,PRCP,24,,,a,
ASN00082076,20160408,PRCP,0,,,a,
ASN00082076,20160409,PRCP,0,,,a,
ASN00082076,20160410,PRCP,0,,,a,
ASN00082076,20160411,PRCP,0,,,a,
ASN00082076,20160412,PRCP,0,,,a,
ASN00082076,20160413,PRCP,0,,,a,
ASN00082076,20160414,PRCP,0,,,a,
ASN00082076,20160415,PRCP,0,,,a,
ASN00082076,20160416,PRCP,0,,,a,
ASN00082076,20160417,PRCP,0,,,a,
ASN00082076,20160418,PRCP,0,,,a,
ASN00082076,20160419,PRCP,0,,,a,
ASN00082076,20160420,PRCP,0,,,a,
ASN00082076,20160421,PRCP,0,,,a,
ASN00082076,20160422,PRCP,26,,,a,
ASN00082076,20160423,PRCP,14,,,a,
ASN00082076,20160424,PRCP,0,,,a,
ASN00082076,20160425,PRCP,0,,,a,
ASN00082076,20160426,PRCP,0,,,a,
ASN00082076,20160427,PRCP,0,,,a,
ASN00082076,20160428,PRCP,0,,,a,
ASN00082076,20160429,PRCP,0,,,a,
ASN00082076,20160430,PRCP,80,,,a,
ASN00082076,20160501,TMAX,174,,,a,
ASN00082076,20160502,TMAX,138,,,a,
ASN00082076,20160503,TMAX,192,,,a,
ASN00082076,20160504,TMAX,164,,,a,
ASN00082076,20160505,TMAX,179,,,a,
ASN00082076,20160506,TMAX,224,,,a,
ASN00082076,20160507,TMAX,222,,,a,
ASN00082076,20160508,TMAX,161,,,a,
ASN00082076,20160509,TMAX,169,,,a,
ASN00082076,20160510,TMAX,155,,,a,
ASN00082076,20160511,TMAX,144,,,a,
ASN00082076,20160512,TMAX,167,,,a,
ASN00082076,20160513,TMAX,179,,,a,
ASN00082076,20160514,TMAX,179,,,a,
ASN00082076,20160515,TMAX,201,,,a,
ASN00082076,20160516,TMAX,184,,,a,
ASN00082076,20160517,TMAX,173,,,a,
ASN00082076,20160518,TMAX,154,,,a,
ASN00082076,20160519,TMAX,139,,,a,
ASN00082076,20160520,TMAX,180,,,a,
ASN00082076,20160521,TMAX,160,,,a,
ASN00082076,20160522,TMAX,199,,,a,
ASN00082076,20160523,TMAX,150,,,a,
ASN00082076,20160524,TMAX,150,,,a,
ASN00082076,20160525,TMAX,114,,,a,
ASN00082076,20160526,TMAX,126,,,a,
ASN00082076,20160527,TMAX,132,,,a,
ASN00082076,20160528,TMAX,136,,,a,
ASN00082076,20160529,TMAX,122,,,a,
ASN00082076,20160530,TMAX,144,,,a,
ASN00082076,20160531,TMAX,144,,,a,
ASN00082076,20160501,TMIN,126,,,a,
ASN00082076,20160502,TMIN,30,,,a,
ASN00082076,20160503,TMIN,32,,,a,
ASN00082076,20160504,TMIN,76,,,a,
ASN00082076,20160505,TMIN,70,,,a,
ASN00082076,20160506,TMIN,42,,,a,
ASN00082076,20160507,TMIN,62,,,a,
ASN00082076,20160508,TMIN,90,,,a,
ASN00082076,20160509,TMIN,124,,,a,
ASN00082076,20160510,TMIN,126,,,a,
ASN00082076,20160511,TMIN,93,,,a,
ASN00082076,20160512,TMIN,103,,,a,
ASN00082076,20160513,TMIN,130,,,a,
ASN00082076,20160514,TMIN,71,,,a,
ASN00082076,20160515,TMIN,93,,,a,
ASN00082076,20160516,TMIN,65,,,a,
ASN00082076,20160517,TMIN,77,,,a,
ASN00082076,20160518,TMIN,72,,,a,
ASN00082076,20160519,TMIN,67,,,a,
ASN00082076,20160520,TMIN,84,,,a,
ASN00082076,20160521,TMIN,45,,,a,
ASN00082076,20160522,TMIN,38,,,a,
ASN00082076,20160523,TMIN,67,,,a,
ASN00082076,20160524,TMIN,48,,,a,
ASN00082076,20160525,TMIN,29,,,a,
ASN00082076,20160526,TMIN,44,,,a,
ASN00082076,20160527,TMIN,52,,,a,
ASN00082076,20160528,TMIN,4,,,a,
ASN00082076,20160529,TMIN,-4,,,a,
ASN00082076,20160530,TMIN,14,,,a,
ASN00082076,20160531,TMIN,12,,,a,
ASN00082076,20160501,PRCP,144,,,a,
ASN00082076,20160502,PRCP,0,,,a,
ASN00082076,20160503,PRCP,0,,,a,
ASN00082076,20160504,PRCP,20,,,a,
ASN00082076,20160505,PRCP,0,,,a,
ASN00082076,20160506,PRCP,0,,,a,
ASN00082076,20160507,PRCP,0,,,a,
ASN00082076,20160508,PRCP,38,,,a,
ASN00082076,20160509,PRCP,528,,,a,
ASN00082076,20160510,PRCP,384,,,a,
ASN00082076,20160511,PRCP,180,,,a,
ASN00082076,20160512,PRCP,80,,,a,
ASN00082076,20160513,PRCP,26,,,a,
ASN00082076,20160514,PRCP,2,,,a,
ASN00082076,20160515,PRCP,0,,,a,
ASN00082076,20160516,PRCP,0,,,a,
ASN00082076,20160517,PRCP,70,,,a,
ASN00082076,20160518,PRCP,0,,,a,
ASN00082076,20160519,PRCP,0,,,a,
ASN00082076,20160520,PRCP,20,,,a,
ASN00082076,20160521,PRCP,0,,,a,
ASN00082076,20160522,PRCP,0,,,a,
ASN00082076,20160523,PRCP,90,,,a,
ASN00082076,20160524,PRCP,8,,,a,
ASN00082076,20160525,PRCP,0,,,a,
ASN00082076,20160526,PRCP,94,,,a,
ASN00082076,20160527,PRCP,100,,,a,
ASN00082076,20160528,PRCP,0,,,a,
ASN00082076,20160529,PRCP,0,,,a,
ASN00082076,20160530,PRCP,0,,,a,
ASN00082076,20160531,PRCP,0,,,a,
ASN00082076,20160601,TMAX,138,,,a,
ASN00082076,20160602,TMAX,161,,,a,
ASN00082076,20160603,TMAX,124,,,a,
ASN00082076,20160604,TMAX,135,,,a,
ASN00082076,20160605,TMAX,118,,,a,
ASN00082076,20160606,TMAX,137,,,a,
ASN00082076,20160607,TMAX,107,,,a,
ASN00082076,20160608,TMAX,130,,,a,
ASN00082076,20160609,TMAX,130,,,a,
ASN00082076,20160610,TMAX,136,,,a,
ASN00082076,20160611,TMAX,104,,,a,
ASN00082076,20160612,TMAX,112,,,a,
ASN00082076,20160613,TMAX,135,,,a,
ASN00082076,20160614,TMAX,143,,,a,
ASN00082076,20160615,TMAX,130,,,a,
ASN00082076,20160616,TMAX,110,,,a,
ASN00082076,20160617,TMAX,132,,,a,
ASN00082076,20160618,TMAX,160,,,a,
ASN00082076,20160619,TMAX,148,,,a,
ASN00082076,20160620,TMAX,163,,,a,
ASN00082076,20160621,TMAX,110,,,a,
ASN00082076,20160622,TMAX,123,,,a,
ASN00082076,20160623,TMAX,112,,,a,
ASN00082076,20160624,TMAX,82,,,a,
ASN00082076,20160625,TMAX,96,,,a,
ASN00082076,20160626,TMAX,74,,,a,
ASN00082076,20160627,TMAX,92,,,a,
ASN00082076,20160628,TMAX,114,,,a,
ASN00082076,20160629,TMAX,108,,,a,
ASN00082076,20160630,TMAX,94,,,a,
ASN00082076,20160601,TMIN,18,,,a,
ASN00082076,20160602,TMIN,24,,,a,
ASN00082076,20160603,TMIN,36,,,a,
ASN00082076,20160604,TMIN,75,,,a,
ASN00082076,20160605,TMIN,100,,,a,
ASN00082076,20160606,TMIN,95,,,a,
ASN00082076,20160607,TMIN,85,,,a,
ASN00082076,20160608,TMIN,85,,,a,
ASN00082076,20160609,TMIN,98,,,a,
ASN00082076,20160610,TMIN,94,,,a,
ASN00082076,20160611,TMIN,90,,,a,
ASN00082076,20160612,TMIN,6,,,a,
ASN00082076,20160613,TMIN,-10,,,a,
ASN00082076,20160614,TMIN,-5,,,a,
ASN00082076,20160615,TMIN,-2,,,a,
ASN00082076,20160616,TMIN,-26,,,a,
ASN00082076,20160617,TMIN,29,,,a,
ASN00082076,20160618,TMIN,85,,,a,
ASN00082076,20160619,TMIN,75,,,a,
ASN00082076,20160620,TMIN,96,,,a,
ASN00082076,20160621,TMIN,86,,,a,
ASN00082076,20160622,TMIN,70,,,a,
ASN00082076,20160623,TMIN,91,,,a,
ASN00082076,20160624,TMIN,50,,,a,
ASN00082076,20160625,TMIN,-12,,,a,
ASN00082076,20160626,TMIN,-12,,,a,
ASN00082076,20160627,TMIN,14,,,a,
ASN00082076,20160628,TMIN,10,,,a,
ASN00082076,20160629,TMIN,42,,,a,
ASN00082076,20160630,TMIN,38,,,a,
ASN00082076,20160601,PRCP,0,,,a,
ASN00082076,20160602,PRCP,0,,,a,
ASN00082076,20160603,PRCP,0,,,a,
ASN00082076,20160604,PRCP,4,,,a,
ASN00082076,20160605,PRCP,90,,,a,
ASN00082076,20160606,PRCP,168,,,a,
ASN00082076,20160607,PRCP,22,,,a,
ASN00082076,20160608,PRCP,34,,,a,
ASN00082076,20160609,PRCP,180,,,a,
ASN00082076,20160610,PRCP,28,,,a,
ASN00082076,20160611,PRCP,12,,,a,
ASN00082076,20160612,PRCP,4,,,a,
ASN00082076,20160613,PRCP,0,,,a,
ASN00082076,20160614,PRCP,0,,,a,
ASN00082076,20160615,PRCP,0,,,a,
ASN00082076,20160616,PRCP,0,,,a,
ASN00082076,20160617,PRCP,28,,,a,
ASN00082076,20160618,PRCP,62,,,a,
ASN00082076,20160619,PRCP,12,,,a,
ASN00082076,20160620,PRCP,120,,,a,
ASN00082076,20160621,PRCP,50,,,a,
ASN00082076,20160622,PRCP,260,,,a,
ASN00082076,20160623,PRCP,26,,,a,
ASN00082076,20160624,PRCP,154,,,a,
ASN00082076,20160625,PRCP,28,,,a,
ASN00082076,20160626,PRCP,0,,,a,
ASN00082076,20160627,PRCP,0,,,a,
ASN00082076,20160628,PRCP,0,,,a,
ASN00082076,20160629,PRCP,12,,,a,
ASN00082076,20160630,PRCP,6,,,a,
ASN00082076,20160701,TMAX,90,,,a,
ASN00082076,20160702,TMAX,110,,,a,
ASN00082076,20160703,TMAX,117,,,a,
ASN00082076,20160704,TMAX,108,,,a,
ASN00082076,20160705,TMAX,81,,,a,
ASN00082076,20160706,TMAX,142,,,a,
ASN00082076,20160707,TMAX,155,,,a,
ASN00082076,20160708,TMAX,121,,,a,
ASN00082076,20160709,TMAX,139,,,a,
ASN00082076,20160710,TMAX,120,,,a,
ASN00082076,20160711,TMAX,147,,,a,
ASN00082076,20160712,TMAX,96,,,a,
ASN00082076,20160713,TMAX,68,,,a,
ASN00082076,20160714,TMAX,83,,,a,
ASN00082076,20160715,TMAX,110,,,a,
ASN00082076,20160716,TMAX,125,,,a,
ASN00082076,20160717,TMAX,160,,,a,
ASN00082076,20160718,TMAX,180,,,a,
ASN00082076,20160722,TMAX,168,,,a,
ASN00082076,20160723,TMAX,102,,,a,
ASN00082076,20160724,TMAX,76,,,a,
ASN00082076,20160725,TMAX,94,,,a,
ASN00082076,20160726,TMAX,86,,,a,
ASN00082076,20160727,TMAX,100,,,a,
ASN00082076,20160728,TMAX,100,,,a,
ASN00082076,20160729,TMAX,101,,,a,
ASN00082076,20160730,TMAX,109,,,a,
ASN00082076,20160731,TMAX,121,,,a,
ASN00082076,20160701,TMIN,42,,,a,
ASN00082076,20160702,TMIN,43,,,a,
ASN00082076,20160703,TMIN,66,,,a,
ASN00082076,20160704,TMIN,48,,,a,
ASN00082076,20160705,TMIN,44,,,a,
ASN00082076,20160706,TMIN,55,,,a,
ASN00082076,20160707,TMIN,53,,,a,
ASN00082076,20160708,TMIN,75,,,a,
ASN00082076,20160709,TMIN,70,,,a,
ASN00082076,20160710,TMIN,56,,,a,
ASN00082076,20160711,TMIN,71,,,a,
ASN00082076,20160712,TMIN,85,,,a,
ASN00082076,20160713,TMIN,18,,,a,
ASN00082076,20160714,TMIN,20,,,a,
ASN00082076,20160715,TMIN,51,,,a,
ASN00082076,20160716,TMIN,15,,,a,
ASN00082076,20160717,TMIN,15,,,a,
ASN00082076,20160718,TMIN,20,,,a,
ASN00082076,20160719,TMIN,50,,,a,
ASN00082076,20160723,TMIN,64,,,a,
ASN00082076,20160724,TMIN,0,,,a,
ASN00082076,20160725,TMIN,8,,,a,
ASN00082076,20160726,TMIN,42,,,a,
ASN00082076,20160727,TMIN,46,,,a,
ASN00082076,20160728,TMIN,20,,,a,
ASN00082076,20160729,TMIN,55,,,a,
ASN00082076,20160730,TMIN,56,,,a,
ASN00082076,20160731,TMIN,68,,,a,
ASN00082076,20160701,PRCP,146,,,a,
ASN00082076,20160702,PRCP,8,,,a,
ASN00082076,20160703,PRCP,4,,,a,
ASN00082076,20160704,PRCP,6,,,a,
ASN00082076,20160705,PRCP,0,,,a,
ASN00082076,20160706,PRCP,114,,,a,
ASN00082076,20160707,PRCP,2,,,a,
ASN00082076,20160708,PRCP,0,,,a,
ASN00082076,20160709,PRCP,42,,,a,
ASN00082076,20160710,PRCP,2,,,a,
ASN00082076,20160711,PRCP,272,,,a,
ASN00082076,20160712,PRCP,20,,,a,
ASN00082076,20160713,PRCP,206,,,a,
ASN00082076,20160714,PRCP,8,,,a,
ASN00082076,20160715,PRCP,6,,,a,
ASN00082076,20160716,PRCP,0,,,a,
ASN00082076,20160717,PRCP,0,,,a,
ASN00082076,20160718,PRCP,0,,,a,
ASN00082076,20160719,PRCP,8,,,a,
ASN00082076,20160723,PRCP,400,,,a,
ASN00082076,20160724,PRCP,8,,,a,
ASN00082076,20160725,PRCP,138,,,a,
ASN00082076,20160726,PRCP,152,,,a,
ASN00082076,20160727,PRCP,132,,,a,
ASN00082076,20160728,PRCP,6,,,a,
ASN00082076,20160729,PRCP,10,,,a,
ASN00082076,20160730,PRCP,16,,,a,
ASN00082076,20160731,PRCP,30,,,a,
ASN00082076,20160722,DAPR,3,,,a,
ASN00082076,20160722,DATN,3,,,a,
ASN00082076,20160721,DATX,3,,,a,
ASN00082076,20160722,MDPR,150,,,a,
ASN00082076,20160722,MDTN,76,,,a,
ASN00082076,20160721,MDTX,152,,,a,
ASN00082076,20160801,TMAX,105,,,a,
ASN00082076,20160802,TMAX,108,,,a,
ASN00082076,20160803,TMAX,123,,,a,
ASN00082076,20160804,TMAX,143,,,a,
ASN00082076,20160805,TMAX,144,,,a,
ASN00082076,20160806,TMAX,122,,,a,
ASN00082076,20160807,TMAX,148,,,a,
ASN00082076,20160808,TMAX,131,,,a,
ASN00082076,20160809,TMAX,160,,,a,
ASN00082076,20160810,TMAX,140,,,a,
ASN00082076,20160811,TMAX,120,,,a,
ASN00082076,20160812,TMAX,110,,,a,
ASN00082076,20160813,TMAX,142,,,a,
ASN00082076,20160814,TMAX,161,,,a,
ASN00082076,20160815,TMAX,164,,,a,
ASN00082076,20160816,TMAX,170,,,a,
ASN00082076,20160819,TMAX,152,,,a,
ASN00082076,20160820,TMAX,90,,,a,
ASN00082076,20160821,TMAX,114,,,a,
ASN00082076,20160822,TMAX,118,,,a,
ASN00082076,20160823,TMAX,144,,,a,
ASN00082076,20160824,TMAX,102,,,a,
ASN00082076,20160825,TMAX,130,,,a,
ASN00082076,20160826,TMAX,134,,,a,
ASN00082076,20160827,TMAX,122,,,a,
ASN00082076,20160828,TMAX,155,,,a,
ASN00082076,20160829,TMAX,118,,,a,
ASN00082076,20160830,TMAX,151,,,a,
ASN00082076,20160831,TMAX,171,,,a,
ASN00082076,20160801,TMIN,73,,,a,
ASN00082076,20160802,TMIN,78,,,a,
ASN00082076,20160803,TMIN,75,,,a,
ASN00082076,20160804,TMIN,78,,,a,
ASN00082076,20160805,TMIN,7,,,a,
ASN00082076,20160806,TMIN,0,,,a,
ASN00082076,20160807,TMIN,5,,,a,
ASN00082076,20160808,TMIN,-8,,,a,
ASN00082076,20160809,TMIN,10,,,a,
ASN00082076,20160810,TMIN,40,,,a,
ASN00082076,20160811,TMIN,39,,,a,
ASN00082076,20160812,TMIN,12,,,a,
ASN00082076,20160813,TMIN,55,,,a,
ASN00082076,20160814,TMIN,60,,,a,
ASN00082076,20160815,TMIN,23,,,a,
ASN00082076,20160816,TMIN,29,,,a,
ASN00082076,20160817,TMIN,43,,,a,
ASN00082076,20160820,TMIN,56,,,a,
ASN00082076,20160821,TMIN,56,,,a,
ASN00082076,20160822,TMIN,72,,,a,
ASN00082076,20160823,TMIN,18,,,a,
ASN00082076,20160824,TMIN,16,,,a,
ASN00082076,20160825,TMIN,6,,,a,
ASN00082076,20160826,TMIN,18,,,a,
ASN00082076,20160827,TMIN,12,,,a,
ASN00082076,20160828,TMIN,32,,,a,
ASN00082076,20160829,TMIN,24,,,a,
ASN00082076,20160830,TMIN,55,,,a,
ASN00082076,20160831,TMIN,78,,,a,
ASN00082076,20160801,PRCP,18,,,a,
ASN00082076,20160802,PRCP,366,,,a,
ASN00082076,20160803,PRCP,0,,,a,
ASN00082076,20160804,PRCP,0,,,a,
ASN00082076,20160805,PRCP,0,,,a,
ASN00082076,20160806,PRCP,0,,,a,
ASN00082076,20160807,PRCP,0,,,a,
ASN00082076,20160808,PRCP,0,,,a,
ASN00082076,20160809,PRCP,0,,,a,
ASN00082076,20160810,PRCP,58,,,a,
ASN00082076,20160811,PRCP,18,,,a,
ASN00082076,20160812,PRCP,0,,,a,
ASN00082076,20160813,PRCP,12,,,a,
ASN00082076,20160814,PRCP,4,,,a,
ASN00082076,20160815,PRCP,0,,,a,
ASN00082076,20160816,PRCP,0,,,a,
ASN00082076,20160817,PRCP,10,,,a,
ASN00082076,20160818,PRCP,0,,,a,
ASN00082076,20160819,PRCP,0,,,a,
ASN00082076,20160820,PRCP,222,,,a,
ASN00082076,20160821,PRCP,22,,,a,
ASN00082076,20160822,PRCP,36,,,a,
ASN00082076,20160823,PRCP,18,,,a,
ASN00082076,20160824,PRCP,0,,,a,
ASN00082076,20160825,PRCP,0,,,a,
ASN00082076,20160826,PRCP,68,,,a,
ASN00082076,20160827,PRCP,0,,,a,
ASN00082076,20160828,PRCP,0,,,a,
ASN00082076,20160829,PRCP,0,,,a,
ASN00082076,20160830,PRCP,0,,,a,
ASN00082076,20160831,PRCP,282,,,a,
ASN00082076,20160819,DATN,2,,,a,
ASN00082076,20160818,DATX,2,,,a,
ASN00082076,20160819,MDTN,46,,,a,
ASN00082076,20160818,MDTX,182,,,a,
ASN00082076,20160901,TMAX,160,,,a,
ASN00082076,20160902,TMAX,134,,,a,
ASN00082076,20160903,TMAX,150,,,a,
ASN00082076,20160904,TMAX,141,,,a,
ASN00082076,20160905,TMAX,173,,,a,
ASN00082076,20160906,TMAX,196,,,a,
ASN00082076,20160907,TMAX,201,,,a,
ASN00082076,20160908,TMAX,194,,,a,
ASN00082076,20160909,TMAX,160,,,a,
ASN00082076,20160910,TMAX,170,,,a,
ASN00082076,20160911,TMAX,145,,,a,
ASN00082076,20160912,TMAX,167,,,a,
ASN00082076,20160913,TMAX,193,,,a,
ASN00082076,20160914,TMAX,140,,,a,
ASN00082076,20160915,TMAX,118,,,a,
ASN00082076,20160918,TMAX,130,,,a,
ASN00082076,20160919,TMAX,160,,,a,
ASN00082076,20160920,TMAX,144,,,a,
ASN00082076,20160921,TMAX,146,,,a,
ASN00082076,20160922,TMAX,157,,,a,
ASN00082076,20160923,TMAX,202,,,a,
ASN00082076,20160924,TMAX,192,,,a,
ASN00082076,20160925,TMAX,182,,,a,
ASN00082076,20160926,TMAX,144,,,a,
ASN00082076,20160927,TMAX,144,,,a,
ASN00082076,20160928,TMAX,182,,,a,
ASN00082076,20160929,TMAX,121,,,a,
ASN00082076,20160930,TMAX,112,,,a,
ASN00082076,20160901,TMIN,94,,,a,
ASN00082076,20160902,TMIN,46,,,a,
ASN00082076,20160903,TMIN,85,,,a,
ASN00082076,20160904,TMIN,69,,,a,
ASN00082076,20160905,TMIN,44,,,a,
ASN00082076,20160906,TMIN,60,,,a,
ASN00082076,20160907,TMIN,45,,,a,
ASN00082076,20160908,TMIN,76,,,a,
ASN00082076,20160909,TMIN,100,,,a,
ASN00082076,20160910,TMIN,105,,,a,
ASN00082076,20160911,TMIN,70,,,a,
ASN00082076,20160912,TMIN,65,,,a,
ASN00082076,20160913,TMIN,44,,,a,
ASN00082076,20160914,TMIN,90,,,a,
ASN00082076,20160915,TMIN,70,,,a,
ASN00082076,20160916,TMIN,72,,,a,
ASN00082076,20160919,TMIN,65,,,a,
ASN00082076,20160920,TMIN,76,,,a,
ASN00082076,20160921,TMIN,56,,,a,
ASN00082076,20160922,TMIN,82,,,a,
ASN00082076,20160923,TMIN,94,,,a,
ASN00082076,20160924,TMIN,75,,,a,
ASN00082076,20160925,TMIN,100,,,a,
ASN00082076,20160926,TMIN,52,,,a,
ASN00082076,20160927,TMIN,60,,,a,
ASN00082076,20160928,TMIN,48,,,a,
ASN00082076,20160929,TMIN,80,,,a,
ASN00082076,20160930,TMIN,61,,,a,
ASN00082076,20160901,PRCP,80,,,a,
ASN00082076,20160902,PRCP,2,,,a,
ASN00082076,20160903,PRCP,572,,,a,
ASN00082076,20160904,PRCP,20,,,a,
ASN00082076,20160905,PRCP,0,,,a,
ASN00082076,20160906,PRCP,0,,,a,
ASN00082076,20160907,PRCP,0,,,a,
ASN00082076,20160908,PRCP,0,,,a,
ASN00082076,20160909,PRCP,8,,,a,
ASN00082076,20160910,PRCP,220,,,a,
ASN00082076,20160911,PRCP,30,,,a,
ASN00082076,20160912,PRCP,0,,,a,
ASN00082076,20160913,PRCP,0,,,a,
ASN00082076,20160914,PRCP,28,,,a,
ASN00082076,20160915,PRCP,282,,,a,
ASN00082076,20160916,PRCP,44,,,a,
ASN00082076,20160920,PRCP,0,,,a,
ASN00082076,20160921,PRCP,60,,,a,
ASN00082076,20160922,PRCP,108,,,a,
ASN00082076,20160923,PRCP,0,,,a,
ASN00082076,20160924,PRCP,0,,,a,
ASN00082076,20160925,PRCP,18,,,a,
ASN00082076,20160926,PRCP,0,,,a,
ASN00082076,20160927,PRCP,24,,,a,
ASN00082076,20160928,PRCP,0,,,a,
ASN00082076,20160929,PRCP,174,,,a,
ASN00082076,20160930,PRCP,318,,,a,
ASN00082076,20160919,DAPR,3,,,a,
ASN00082076,20160919,MDPR,44,,,a,
ASN00082076,20161001,TMAX,118,,,a,
ASN00082076,20161002,TMAX,204,,,a,
ASN00082076,20161003,TMAX,130,,,a,
ASN00082076,20161004,TMAX,110,,,a,
ASN00082076,20161005,TMAX,134,,,a,
ASN00082076,20161006,TMAX,198,,,a,
ASN00082076,20161007,TMAX,225,,,a,
ASN00082076,20161008,TMAX,195,,,a,
ASN00082076,20161009,TMAX,208,,,a,
ASN00082076,20161010,TMAX,134,,,a,
ASN00082076,20161011,TMAX,133,,,a,
ASN00082076,20161012,TMAX,148,,,a,
ASN00082076,20161013,TMAX,100,,,a,
ASN00082076,20161014,TMAX,204,,,a,
ASN00082076,20161015,TMAX,210,,,a,
ASN00082076,20161016,TMAX,230,,,a,
ASN00082076,20161017,TMAX,168,,,a,
ASN00082076,20161018,TMAX,131,,,a,
ASN00082076,20161019,TMAX,157,,,a,
ASN00082076,20161020,TMAX,186,,,a,
ASN00082076,20161021,TMAX,214,,,a,
ASN00082076,20161022,TMAX,150,,,a,
ASN00082076,20161023,TMAX,154,,,a,
ASN00082076,20161024,TMAX,198,,,a,
ASN00082076,20161025,TMAX,208,,,a,
ASN00082076,20161028,TMAX,228,,,a,
ASN00082076,20161029,TMAX,251,,,a,
ASN00082076,20161031,TMAX,143,,,a,
ASN00082076,20161001,TMIN,66,,,a,
ASN00082076,20161002,TMIN,64,,,a,
ASN00082076,20161003,TMIN,68,,,a,
ASN00082076,20161004,TMIN,78,,,a,
ASN00082076,20161005,TMIN,40,,,a,
ASN00082076,20161006,TMIN,79,,,a,
ASN00082076,20161007,TMIN,84,,,a,
ASN00082076,20161008,TMIN,100,,,a,
ASN00082076,20161009,TMIN,52,,,a,
ASN00082076,20161010,TMIN,84,,,a,
ASN00082076,20161011,TMIN,45,,,a,
ASN00082076,20161012,TMIN,64,,,a,
ASN00082076,20161013,TMIN,62,,,a,
ASN00082076,20161014,TMIN,26,,,a,
ASN00082076,20161015,TMIN,36,,,a,
ASN00082076,20161016,TMIN,60,,,a,
ASN00082076,20161017,TMIN,86,,,a,
ASN00082076,20161018,TMIN,91,,,a,
ASN00082076,20161019,TMIN,44,,,a,
ASN00082076,20161020,TMIN,15,,,a,
ASN00082076,20161021,TMIN,44,,,a,
ASN00082076,20161022,TMIN,62,,,a,
ASN00082076,20161023,TMIN,34,,,a,
ASN00082076,20161024,TMIN,50,,,a,
ASN00082076,20161025,TMIN,36,,,a,
ASN00082076,20161026,TMIN,74,,,a,
ASN00082076,20161029,TMIN,82,,,a,
ASN00082076,20161030,TMIN,124,,,a,
ASN00082076,20161001,PRCP,224,,,a,
ASN00082076,20161002,PRCP,10,,,a,
ASN00082076,20161003,PRCP,310,,,a,
ASN00082076,20161004,PRCP,90,,,a,
ASN00082076,20161005,PRCP,300,,,a,
ASN00082076,20161006,PRCP,0,,,a,
ASN00082076,20161007,PRCP,0,,,a,
ASN00082076,20161008,PRCP,0,,,a,
ASN00082076,20161009,PRCP,0,,,a,
ASN00082076,20161010,PRCP,222,,,a,
ASN00082076,20161011,PRCP,90,,,a,
ASN00082076,20161012,PRCP,0,,,a,
ASN00082076,20161013,PRCP,8,,,a,
ASN00082076,20161014,PRCP,0,,,a,
ASN00082076,20161015,PRCP,0,,,a,
ASN00082076,20161016,PRCP,0,,,a,
ASN00082076,20161017,PRCP,296,,,a,
ASN00082076,20161018,PRCP,22,,,a,
ASN00082076,20161019,PRCP,170,,,a,
ASN00082076,20161020,PRCP,0,,,a,
ASN00082076,20161021,PRCP,0,,,a,
ASN00082076,20161022,PRCP,10,,,a,
ASN00082076,20161023,PRCP,30,,,a,
ASN00082076,20161024,PRCP,0,,,a,
ASN00082076,20161025,PRCP,0,,,a,
ASN00082076,20161026,PRCP,0,,,a,
ASN00082076,20161027,PRCP,0,,,a,
ASN00082076,20161028,PRCP,0,,,a,
ASN00082076,20161029,PRCP,0,,,a,
ASN00082076,20161030,PRCP,66,,,a,
ASN00082076,20161031,PRCP,0,,,a,
ASN00082076,20161028,DATN,2,,,a,
ASN00082076,20161027,DATX,2,,,a,
ASN00082076,20161028,MDTN,65,,,a,
ASN00082076,20161027,MDTX,184,,,a,
ASN00082076,20161101,TMAX,165,,,a,
ASN00082076,20161102,TMAX,185,,,a,
ASN00082076,20161103,TMAX,220,,,a,
ASN00082076,20161104,TMAX,255,,,a,
ASN00082076,20161105,TMAX,165,,,a,
ASN00082076,20161106,TMAX,198,,,a,
ASN00082076,20161107,TMAX,263,,,a,
ASN00082076,20161108,TMAX,253,,,a,
ASN00082076,20161109,TMAX,252,,,a,
ASN00082076,20161110,TMAX,232,,,a,
ASN00082076,20161111,TMAX,262,,,a,
ASN00082076,20161112,TMAX,240,,,a,
ASN00082076,20161113,TMAX,146,,,a,
ASN00082076,20161114,TMAX,194,,,a,
ASN00082076,20161115,TMAX,204,,,a,
ASN00082076,20161118,TMAX,285,,,a,
ASN00082076,20161119,TMAX,302,,,a,
ASN00082076,20161120,TMAX,319,,,a,
ASN00082076,20161121,TMAX,329,,,a,
ASN00082076,20161122,TMAX,256,,,a,
ASN00082076,20161123,TMAX,150,,,a,
ASN00082076,20161124,TMAX,199,,,a,
ASN00082076,20161125,TMAX,212,,,a,
ASN00082076,20161126,TMAX,240,,,a,
ASN00082076,20161127,TMAX,265,,,a,
ASN00082076,20161128,TMAX,264,,,a,
ASN00082076,20161129,TMAX,270,,,a,
ASN00082076,20161130,TMAX,291,,,a,
ASN00082076,20161102,TMIN,41,,,a,
ASN00082076,20161103,TMIN,62,,,a,
ASN00082076,20161104,TMIN,50,,,a,
ASN00082076,20161105,TMIN,95,,,a,
ASN00082076,20161106,TMIN,75,,,a,
ASN00082076,20161107,TMIN,64,,,a,
ASN00082076,20161108,TMIN,88,,,a,
ASN00082076,20161109,TMIN,120,,,a,
ASN00082076,20161110,TMIN,89,,,a,
ASN00082076,20161111,TMIN,80,,,a,
ASN00082076,20161112,TMIN,134,,,a,
ASN00082076,20161113,TMIN,118,,,a,
ASN00082076,20161114,TMIN,90,,,a,
ASN00082076,20161115,TMIN,66,,,a,
ASN00082076,20161116,TMIN,76,,,a,
ASN00082076,20161119,TMIN,132,,,a,
ASN00082076,20161120,TMIN,120,,,a,
ASN00082076,20161121,TMIN,148,,,a,
ASN00082076,20161122,TMIN,185,,,a,
ASN00082076,20161123,TMIN,139,,,a,
ASN00082076,20161124,TMIN,47,,,a,
ASN00082076,20161125,TMIN,56,,,a,
ASN00082076,20161126,TMIN,83,,,a,
ASN00082076,20161127,TMIN,105,,,a,
ASN00082076,20161128,TMIN,90,,,a,
ASN00082076,20161129,TMIN,101,,,a,
ASN00082076,20161130,TMIN,108,,,a,
ASN00082076,20161101,PRCP,0,,,a,
ASN00082076,20161102,PRCP,0,,,a,
ASN00082076,20161103,PRCP,0,,,a,
ASN00082076,20161104,PRCP,0,,,a,
ASN00082076,20161105,PRCP,0,,,a,
ASN00082076,20161106,PRCP,0,,,a,
ASN00082076,20161107,PRCP,0,,,a,
ASN00082076,20161108,PRCP,0,,,a,
ASN00082076,20161109,PRCP,0,,,a,
ASN00082076,20161110,PRCP,0,,,a,
ASN00082076,20161111,PRCP,0,,,a,
ASN00082076,20161112,PRCP,74,,,a,
ASN00082076,20161113,PRCP,20,,,a,
ASN00082076,20161114,PRCP,280,,,a,
ASN00082076,20161115,PRCP,24,,,a,
ASN00082076,20161116,PRCP,0,,,a,
ASN00082076,20161117,PRCP,0,,,a,
ASN00082076,20161118,PRCP,0,,,a,
ASN00082076,20161119,PRCP,0,,,a,
ASN00082076,20161120,PRCP,0,,,a,
ASN00082076,20161121,PRCP,2,,,a,
ASN00082076,20161122,PRCP,0,,,a,
ASN00082076,20161123,PRCP,174,,,a,
ASN00082076,20161124,PRCP,136,,,a,
ASN00082076,20161125,PRCP,0,,,a,
ASN00082076,20161126,PRCP,0,,,a,
ASN00082076,20161127,PRCP,0,,,a,
ASN00082076,20161128,PRCP,0,,,a,
ASN00082076,20161129,PRCP,0,,,a,
ASN00082076,20161130,PRCP,0,,,a,
ASN00082076,20161101,DATN,2,,,a,
ASN00082076,20161118,DATN,2,,,a,
ASN00082076,20161117,DATX,2,,,a,
ASN00082076,20161101,MDTN,40,,,a,
ASN00082076,20161118,MDTN,97,,,a,
ASN00082076,20161117,MDTX,268,,,a,
ASN00082076,20161201,TMAX,292,,,a,
ASN00082076,20161202,TMAX,290,,,a,
ASN00082076,20161203,TMAX,290,,,a,
ASN00082076,20161204,TMAX,297,,,a,
ASN00082076,20161205,TMAX,301,,,a,
ASN00082076,20161206,TMAX,250,,,a,
ASN00082076,20161207,TMAX,265,,,a,
ASN00082076,20161208,TMAX,262,,,a,
ASN00082076,20161213,TMAX,332,,,a,
ASN00082076,20161214,TMAX,250,,,a,
ASN00082076,20161215,TMAX,270,,,a,
ASN00082076,20161216,TMAX,216,,,a,
ASN00082076,20161217,TMAX,268,,,a,
ASN00082076,20161218,TMAX,229,,,a,
ASN00082076,20161219,TMAX,267,,,a,
ASN00082076,20161220,TMAX,251,,,a,
ASN00082076,20161221,TMAX,281,,,a,
ASN00082076,20161222,TMAX,305,,,a,
ASN00082076,20161223,TMAX,320,,,a,
ASN00082076,20161224,TMAX,320,,,a,
ASN00082076,20161225,TMAX,335,,,a,
ASN00082076,20161226,TMAX,320,,,a,
ASN00082076,20161227,TMAX,285,,,a,
ASN00082076,20161228,TMAX,325,,,a,
ASN00082076,20161229,TMAX,244,,,a,
ASN00082076,20161230,TMAX,276,,,a,
ASN00082076,20161231,TMAX,302,,,a,
ASN00082076,20161201,TMIN,131,,,a,
ASN00082076,20161202,TMIN,100,,,a,
ASN00082076,20161203,TMIN,110,,,a,
ASN00082076,20161204,TMIN,92,,,a,
ASN00082076,20161205,TMIN,173,,,a,
ASN00082076,20161206,TMIN,173,,,a,
ASN00082076,20161207,TMIN,90,,,a,
ASN00082076,20161208,TMIN,88,,,a,
ASN00082076,20161209,TMIN,92,,,a,
ASN00082076,20161214,TMIN,148,,,a,
ASN00082076,20161215,TMIN,126,,,a,
ASN00082076,20161216,TMIN,138,,,a,
ASN00082076,20161217,TMIN,147,,,a,
ASN00082076,20161218,TMIN,98,,,a,
ASN00082076,20161219,TMIN,75,,,a,
ASN00082076,20161220,TMIN,91,,,a,
ASN00082076,20161221,TMIN,74,,,a,
ASN00082076,20161222,TMIN,140,,,a,
ASN00082076,20161223,TMIN,136,,,a,
ASN00082076,20161224,TMIN,160,,,a,
ASN00082076,20161225,TMIN,145,,,a,
ASN00082076,20161226,TMIN,145,,,a,
ASN00082076,20161227,TMIN,170,,,a,
ASN00082076,20161228,TMIN,190,,,a,
ASN00082076,20161229,TMIN,200,,,a,
ASN00082076,20161230,TMIN,205,,,a,
ASN00082076,20161231,TMIN,165,,,a,
ASN00082076,20161201,PRCP,0,,,a,
ASN00082076,20161202,PRCP,0,,,a,
ASN00082076,20161203,PRCP,0,,,a,
ASN00082076,20161204,PRCP,0,,,a,
ASN00082076,20161205,PRCP,46,,,a,
ASN00082076,20161206,PRCP,228,,,a,
ASN00082076,20161207,PRCP,0,,,a,
ASN00082076,20161208,PRCP,0,,,a,
ASN00082076,20161209,PRCP,100,,,a,
ASN00082076,20161210,PRCP,0,,,a,
ASN00082076,20161211,PRCP,0,,,a,
ASN00082076,20161212,PRCP,0,,,a,
ASN00082076,20161213,PRCP,0,,,a,
ASN00082076,20161214,PRCP,16,,,a,
ASN00082076,20161215,PRCP,0,,,a,
ASN00082076,20161216,PRCP,0,,,a,
ASN00082076,20161217,PRCP,14,,,a,
ASN00082076,20161218,PRCP,0,,,a,
ASN00082076,20161219,PRCP,0,,,a,
ASN00082076,20161220,PRCP,0,,,a,
ASN00082076,20161221,PRCP,50,,,a,
ASN00082076,20161222,PRCP,0,,,a,
ASN00082076,20161223,PRCP,0,,,a,
ASN00082076,20161224,PRCP,0,,,a,
ASN00082076,20161225,PRCP,0,,,a,
ASN00082076,20161226,PRCP,0,,,a,
ASN00082076,20161227,PRCP,50,,,a,
ASN00082076,20161228,PRCP,4,,,a,
ASN00082076,20161229,PRCP,10,,,a,
ASN00082076,20161230,PRCP,120,,,a,
ASN00082076,20161231,PRCP,390,,,a,
ASN00082076,20161213,DATN,4,,,a,
ASN00082076,20161212,DATX,4,,,a,
ASN00082076,20161213,MDTN,102,,,a,
ASN00082076,20161212,MDTX,294,,,a,
ASN00082076,20170101,TMAX,282,,,a,
ASN00082076,20170102,TMAX,268,,,a,
ASN00082076,20170103,TMAX,292,,,a,
ASN00082076,20170104,TMAX,307,,,a,
ASN00082076,20170105,TMAX,296,,,a,
ASN00082076,20170108,TMAX,334,,,a,
ASN00082076,20170109,TMAX,266,,,a,
ASN00082076,20170110,TMAX,290,,,a,
ASN00082076,20170111,TMAX,320,,,a,
ASN00082076,20170112,TMAX,324,,,a,
ASN00082076,20170113,TMAX,240,,,a,
ASN00082076,20170114,TMAX,230,,,a,
ASN00082076,20170115,TMAX,293,,,a,
ASN00082076,20170116,TMAX,320,,,a,
ASN00082076,20170117,TMAX,356,,,a,
ASN00082076,20170118,TMAX,271,,,a,
ASN00082076,20170119,TMAX,305,,,a,
ASN00082076,20170122,TMAX,305,,,a,
ASN00082076,20170123,TMAX,361,,,a,
ASN00082076,20170124,TMAX,312,,,a,
ASN00082076,20170125,TMAX,295,,,a,
ASN00082076,20170126,TMAX,308,,,a,
ASN00082076,20170129,TMAX,352,,,a,
ASN00082076,20170130,TMAX,368,,,a,
ASN00082076,20170131,TMAX,312,,,a,
ASN00082076,20170101,TMIN,126,,,a,
ASN00082076,20170102,TMIN,163,,,a,
ASN00082076,20170103,TMIN,139,,,a,
ASN00082076,20170104,TMIN,138,,,a,
ASN00082076,20170105,TMIN,149,,,a,
ASN00082076,20170106,TMIN,138,,,a,
ASN00082076,20170109,TMIN,170,,,a,
ASN00082076,20170110,TMIN,172,,,a,
ASN00082076,20170111,TMIN,182,,,a,
ASN00082076,20170112,TMIN,140,,,a,
ASN00082076,20170113,TMIN,141,,,a,
ASN00082076,20170114,TMIN,164,,,a,
ASN00082076,20170115,TMIN,95,,,a,
ASN00082076,20170116,TMIN,111,,,a,
ASN00082076,20170117,TMIN,131,,,a,
ASN00082076,20170118,TMIN,160,,,a,
ASN00082076,20170119,TMIN,135,,,a,
ASN00082076,20170120,TMIN,154,,,a,
ASN00082076,20170123,TMIN,154,,,a,
ASN00082076,20170124,TMIN,185,,,a,
ASN00082076,20170125,TMIN,154,,,a,
ASN00082076,20170126,TMIN,170,,,a,
ASN00082076,20170127,TMIN,146,,,a,
ASN00082076,20170130,TMIN,122,,,a,
ASN00082076,20170131,TMIN,142,,,a,
ASN00082076,20170101,PRCP,0,,,a,
ASN00082076,20170102,PRCP,0,,,a,
ASN00082076,20170103,PRCP,0,,,a,
ASN00082076,20170104,PRCP,0,,,a,
ASN00082076,20170105,PRCP,0,,,a,
ASN00082076,20170106,PRCP,14,,,a,
ASN00082076,20170107,PRCP,0,,,a,
ASN00082076,20170108,PRCP,0,,,a,
ASN00082076,20170109,PRCP,0,,,a,
ASN00082076,20170110,PRCP,360,,,a,
ASN00082076,20170111,PRCP,0,,,a,
ASN00082076,20170112,PRCP,0,,,a,
ASN00082076,20170113,PRCP,0,,,a,
ASN00082076,20170114,PRCP,176,,,a,
ASN00082076,20170115,PRCP,0,,,a,
ASN00082076,20170116,PRCP,0,,,a,
ASN00082076,20170117,PRCP,0,,,a,
ASN00082076,20170118,PRCP,0,,,a,
ASN00082076,20170119,PRCP,0,,,a,
ASN00082076,20170120,PRCP,54,,,a,
ASN00082076,20170121,PRCP,0,,,a,
ASN00082076,20170122,PRCP,0,,,a,
ASN00082076,20170123,PRCP,0,,,a,
ASN00082076,20170124,PRCP,6,,,a,
ASN00082076,20170125,PRCP,0,,,a,
ASN00082076,20170126,PRCP,0,,,a,
ASN00082076,20170127,PRCP,0,,,a,
ASN00082076,20170128,PRCP,0,,,a,
ASN00082076,20170129,PRCP,0,,,a,
ASN00082076,20170130,PRCP,0,,,a,
ASN00082076,20170131,PRCP,0,,,a,
ASN00082076,20170108,DATN,2,,,a,
ASN00082076,20170122,DATN,2,,,a,
ASN00082076,20170129,DATN,2,,,a,
ASN00082076,20170107,DATX,2,,,a,
ASN00082076,20170121,DATX,2,,,a,
ASN00082076,20170128,DATX,2,,,a,
ASN00082076,20170108,MDTN,152,,,a,
ASN00082076,20170122,MDTN,128,,,a,
ASN00082076,20170129,MDTN,140,,,a,
ASN00082076,20170107,MDTX,322,,,a,
ASN00082076,20170121,MDTX,262,,,a,
ASN00082076,20170128,MDTX,334,,,a,
ASN00082076,20170201,TMAX,260,,,a,
ASN00082076,20170202,TMAX,252,,,a,
ASN00082076,20170203,TMAX,306,,,a,
ASN00082076,20170204,TMAX,311,,,a,
ASN00082076,20170205,TMAX,283,,,a,
ASN00082076,20170206,TMAX,227,,,a,
ASN00082076,20170207,TMAX,282,,,a,
ASN00082076,20170208,TMAX,328,,,a,
ASN00082076,20170209,TMAX,357,,,a,
ASN00082076,20170212,TMAX,220,,,a,
ASN00082076,20170213,TMAX,241,,,a,
ASN00082076,20170214,TMAX,255,,,a,
ASN00082076,20170218,TMAX,235,,,a,
ASN00082076,20170219,TMAX,195,,,a,
ASN00082076,20170220,TMAX,195,,,a,
ASN00082076,20170221,TMAX,258,,,a,
ASN00082076,20170222,TMAX,312,,,a,
ASN00082076,20170223,TMAX,336,,,a,
ASN00082076,20170226,TMAX,286,,,a,
ASN00082076,20170227,TMAX,306,,,a,
ASN00082076,20170228,TMAX,330,,,a,
ASN00082076,20170201,TMIN,140,,,a,
ASN00082076,20170202,TMIN,88,,,a,
ASN00082076,20170203,TMIN,88,,,a,
ASN00082076,20170204,TMIN,97,,,a,
ASN00082076,20170205,TMIN,132,,,a,
ASN00082076,20170206,TMIN,167,,,a,
ASN00082076,20170207,TMIN,161,,,a,
ASN00082076,20170208,TMIN,150,,,a,
ASN00082076,20170209,TMIN,169,,,a,
ASN00082076,20170210,TMIN,201,,,a,
ASN00082076,20170213,TMIN,57,,,a,
ASN00082076,20170214,TMIN,91,,,a,
ASN00082076,20170215,TMIN,87,,,a,
ASN00082076,20170219,TMIN,55,,,a,
ASN00082076,20170220,TMIN,55,,,a,
ASN00082076,20170221,TMIN,40,,,a,
ASN00082076,20170222,TMIN,63,,,a,
ASN00082076,20170223,TMIN,83,,,a,
ASN00082076,20170224,TMIN,128,,,a,
ASN00082076,20170227,TMIN,118,,,a,
ASN00082076,20170228,TMIN,132,,,a,
ASN00082076,20170201,PRCP,0,,,a,
ASN00082076,20170202,PRCP,4,,,a,
ASN00082076,20170203,PRCP,0,,,a,
ASN00082076,20170204,PRCP,0,,,a,
ASN00082076,20170205,PRCP,0,,,a,
ASN00082076,20170206,PRCP,106,,,a,
ASN00082076,20170207,PRCP,132,,,a,
ASN00082076,20170208,PRCP,0,,,a,
ASN00082076,20170209,PRCP,0,,,a,
ASN00082076,20170210,PRCP,2,,,a,
ASN00082076,20170213,PRCP,54,,,a,
ASN00082076,20170214,PRCP,0,,,a,
ASN00082076,20170215,PRCP,0,,,a,
ASN00082076,20170219,PRCP,0,,,a,
ASN00082076,20170220,PRCP,34,,,a,
ASN00082076,20170221,PRCP,0,,,a,
ASN00082076,20170222,PRCP,0,,,a,
ASN00082076,20170223,PRCP,0,,,a,
ASN00082076,20170224,PRCP,0,,,a,
ASN00082076,20170225,PRCP,0,,,a,
ASN00082076,20170226,PRCP,0,,,a,
ASN00082076,20170227,PRCP,0,,,a,
ASN00082076,20170228,PRCP,0,,,a,
ASN00082076,20170212,DAPR,2,,,a,
ASN00082076,20170218,DAPR,3,,,a,
ASN00082076,20170212,DATN,2,,,a,
ASN00082076,20170218,DATN,3,,,a,
ASN00082076,20170226,DATN,2,,,a,
ASN00082076,20170211,DATX,2,,,a,
ASN00082076,20170217,DATX,3,,,a,
ASN00082076,20170225,DATX,2,,,a,
ASN00082076,20170212,MDPR,10,,,a,
ASN00082076,20170218,MDPR,10,,,a,
ASN00082076,20170212,MDTN,190,,,a,
ASN00082076,20170218,MDTN,95,,,a,
ASN00082076,20170226,MDTN,136,,,a,
ASN00082076,20170211,MDTX,361,,,a,
ASN00082076,20170217,MDTX,335,,,a,
ASN00082076,20170225,MDTX,260,,,a,
ASN00082076,20170301,TMAX,322,,,a,
ASN00082076,20170302,TMAX,321,,,a,
ASN00082076,20170303,TMAX,263,,,a,
ASN00082076,20170304,TMAX,238,,,a,
ASN00082076,20170305,TMAX,295,,,a,
ASN00082076,20170306,TMAX,258,,,a,
ASN00082076,20170307,TMAX,261,,,a,
ASN00082076,20170308,TMAX,280,,,a,
ASN00082076,20170309,TMAX,292,,,a,
ASN00082076,20170310,TMAX,304,,,a,
ASN00082076,20170311,TMAX,292,,,a,
ASN00082076,20170312,TMAX,315,,,a,
ASN00082076,20170313,TMAX,301,,,a,
ASN00082076,20170314,TMAX,312,,,a,
ASN00082076,20170317,TMAX,270,,,a,
ASN00082076,20170318,TMAX,315,,,a,
ASN00082076,20170319,TMAX,329,,,a,
ASN00082076,20170320,TMAX,313,,,a,
ASN00082076,20170321,TMAX,233,,,a,
ASN00082076,20170322,TMAX,246,,,a,
ASN00082076,20170323,TMAX,204,,,a,
ASN00082076,20170330,TMAX,181,,,a,
ASN00082076,20170331,TMAX,209,,,a,
ASN00082076,20170301,TMIN,140,,,a,
ASN00082076,20170302,TMIN,147,,,a,
ASN00082076,20170303,TMIN,186,,,a,
ASN00082076,20170304,TMIN,183,,,a,
ASN00082076,20170305,TMIN,163,,,a,
ASN00082076,20170306,TMIN,163,,,a,
ASN00082076,20170307,TMIN,157,,,a,
ASN00082076,20170308,TMIN,142,,,a,
ASN00082076,20170309,TMIN,89,,,a,
ASN00082076,20170310,TMIN,81,,,a,
ASN00082076,20170311,TMIN,113,,,a,
ASN00082076,20170312,TMIN,135,,,a,
ASN00082076,20170313,TMIN,137,,,a,
ASN00082076,20170314,TMIN,115,,,a,
ASN00082076,20170315,TMIN,138,,,a,
ASN00082076,20170318,TMIN,135,,,a,
ASN00082076,20170319,TMIN,115,,,a,
ASN00082076,20170320,TMIN,150,,,a,
ASN00082076,20170321,TMIN,186,,,a,
ASN00082076,20170322,TMIN,196,,,a,
ASN00082076,20170323,TMIN,164,,,a,
ASN00082076,20170324,TMIN,152,,,a,
ASN00082076,20170331,TMIN,97,,,a,
ASN00082076,20170301,PRCP,0,,,a,
ASN00082076,20170302,PRCP,0,,,a,
ASN00082076,20170303,PRCP,0,,,a,
ASN00082076,20170304,PRCP,40,,,a,
ASN00082076,20170305,PRCP,4,,,a,
ASN00082076,20170306,PRCP,0,,,a,
ASN00082076,20170307,PRCP,0,,,a,
ASN00082076,20170308,PRCP,0,,,a,
ASN00082076,20170309,PRCP,0,,,a,
ASN00082076,20170310,PRCP,0,,,a,
ASN00082076,20170311,PRCP,0,,,a,
ASN00082076,20170312,PRCP,0,,,a,
ASN00082076,20170313,PRCP,4,,,a,
ASN00082076,20170314,PRCP,14,,,a,
ASN00082076,20170315,PRCP,0,,,a,
ASN00082076,20170316,PRCP,0,,,a,
ASN00082076,20170317,PRCP,0,,,a,
ASN00082076,20170318,PRCP,0,,,a,
ASN00082076,20170319,PRCP,0,,,a,
ASN00082076,20170320,PRCP,14,,,a,
ASN00082076,20170321,PRCP,50,,,a,
ASN00082076,20170322,PRCP,94,,,a,
ASN00082076,20170323,PRCP,0,,,a,
ASN00082076,20170324,PRCP,148,,,a,
ASN00082076,20170328,PRCP,0,,,a,
ASN00082076,20170329,PRCP,0,,,a,
ASN00082076,20170330,PRCP,0,,,a,
ASN00082076,20170331,PRCP,0,,,a,
ASN00082076,20170327,DAPR,3,,,a,
ASN00082076,20170317,DATN,2,,,a,
ASN00082076,20170327,DATN,3,,,a,
ASN00082076,20170330,DATN,3,,,a,
ASN00082076,20170316,DATX,2,,,a,
ASN00082076,20170326,DATX,3,,,a,
ASN00082076,20170329,DATX,3,,,a,
ASN00082076,20170327,MDPR,6,,,a,
ASN00082076,20170317,MDTN,150,,,a,
ASN00082076,20170327,MDTN,126,,,a,
ASN00082076,20170330,MDTN,70,,,a,
ASN00082076,20170316,MDTX,307,,,a,
ASN00082076,20170326,MDTX,290,,,a,
ASN00082076,20170329,MDTX,250,,,a,
ASN00082076,20170401,TMAX,216,,,a,
ASN00082076,20170402,TMAX,205,,,a,
ASN00082076,20170403,TMAX,221,,,a,
ASN00082076,20170404,TMAX,227,,,a,
ASN00082076,20170405,TMAX,231,,,a,
ASN00082076,20170406,TMAX,235,,,a,
ASN00082076,20170407,TMAX,240,,,a,
ASN00082076,20170408,TMAX,230,,,a,
ASN00082076,20170409,TMAX,162,,,a,
ASN00082076,20170412,TMAX,230,,,a,
ASN00082076,20170413,TMAX,220,,,a,
ASN00082076,20170414,TMAX,228,,,a,
ASN00082076,20170417,TMAX,230,,,a,
ASN00082076,20170418,TMAX,248,,,a,
ASN00082076,20170419,TMAX,242,,,a,
ASN00082076,20170420,TMAX,235,,,a,
ASN00082076,20170421,TMAX,160,,,a,
ASN00082076,20170422,TMAX,194,,,a,
ASN00082076,20170423,TMAX,225,,,a,
ASN00082076,20170424,TMAX,225,,,a,
ASN00082076,20170425,TMAX,185,,,a,
ASN00082076,20170426,TMAX,133,,,a,
ASN00082076,20170427,TMAX,135,,,a,
ASN00082076,20170428,TMAX,167,,,a,
ASN00082076,20170429,TMAX,155,,,a,
ASN00082076,20170430,TMAX,196,,,a,
ASN00082076,20170401,TMIN,30,,,a,
ASN00082076,20170402,TMIN,41,,,a,
ASN00082076,20170403,TMIN,113,,,a,
ASN00082076,20170404,TMIN,71,,,a,
ASN00082076,20170405,TMIN,46,,,a,
ASN00082076,20170406,TMIN,58,,,a,
ASN00082076,20170407,TMIN,52,,,a,
ASN00082076,20170408,TMIN,64,,,a,
ASN00082076,20170409,TMIN,105,,,a,
ASN00082076,20170410,TMIN,60,,,a,
ASN00082076,20170413,TMIN,65,,,a,
ASN00082076,20170414,TMIN,60,,,a,
ASN00082076,20170415,TMIN,56,,,a,
ASN00082076,20170418,TMIN,96,,,a,
ASN00082076,20170419,TMIN,88,,,a,
ASN00082076,20170420,TMIN,78,,,a,
ASN00082076,20170421,TMIN,105,,,a,
ASN00082076,20170422,TMIN,125,,,a,
ASN00082076,20170423,TMIN,95,,,a,
ASN00082076,20170424,TMIN,80,,,a,
ASN00082076,20170425,TMIN,115,,,a,
ASN00082076,20170426,TMIN,105,,,a,
ASN00082076,20170427,TMIN,22,,,a,
ASN00082076,20170428,TMIN,16,,,a,
ASN00082076,20170429,TMIN,43,,,a,
ASN00082076,20170430,TMIN,70,,,a,
ASN00082076,20170401,PRCP,0,,,a,
ASN00082076,20170402,PRCP,0,,,a,
ASN00082076,20170403,PRCP,0,,,a,
ASN00082076,20170404,PRCP,0,,,a,
ASN00082076,20170405,PRCP,0,,,a,
ASN00082076,20170406,PRCP,0,,,a,
ASN00082076,20170407,PRCP,0,,,a,
ASN00082076,20170408,PRCP,0,,,a,
ASN00082076,20170409,PRCP,118,,,a,
ASN00082076,20170410,PRCP,240,,,a,
ASN00082076,20170413,PRCP,0,,,a,
ASN00082076,20170414,PRCP,0,,,a,
ASN00082076,20170415,PRCP,0,,,a,
ASN00082076,20170416,PRCP,0,,,a,
ASN00082076,20170417,PRCP,0,,,a,
ASN00082076,20170418,PRCP,0,,,a,
ASN00082076,20170419,PRCP,0,,,a,
ASN00082076,20170420,PRCP,0,,,a,
ASN00082076,20170421,PRCP,0,,,a,
ASN00082076,20170422,PRCP,120,,,a,
ASN00082076,20170423,PRCP,14,,,a,
ASN00082076,20170424,PRCP,0,,,a,
ASN00082076,20170425,PRCP,102,,,a,
ASN00082076,20170426,PRCP,236,,,a,
ASN00082076,20170427,PRCP,50,,,a,
ASN00082076,20170428,PRCP,0,,,a,
ASN00082076,20170429,PRCP,0,,,a,
ASN00082076,20170430,PRCP,0,,,a,
ASN00082076,20170412,DAPR,2,,,a,
ASN00082076,20170412,DATN,2,,,a,
ASN00082076,20170417,DATN,2,,,a,
ASN00082076,20170411,DATX,2,,,a,
ASN00082076,20170416,DATX,2,,,a,
ASN00082076,20170412,MDPR,2,,,a,
ASN00082076,20170412,MDTN,66,,,a,
ASN00082076,20170417,MDTN,60,,,a,
ASN00082076,20170411,MDTX,195,,,a,
ASN00082076,20170416,MDTX,196,,,a,
ASN00082076,20170501,TMAX,174,,,a,
ASN00082076,20170502,TMAX,171,,,a,
ASN00082076,20170503,TMAX,168,,,a,
ASN00082076,20170504,TMAX,185,,,a,
ASN00082076,20170505,TMAX,180,,,a,
ASN00082076,20170506,TMAX,190,,,a,
ASN00082076,20170507,TMAX,152,,,a,
ASN00082076,20170508,TMAX,155,,,a,
ASN00082076,20170509,TMAX,178,,,a,
ASN00082076,20170510,TMAX,185,,,a,
ASN00082076,20170511,TMAX,180,,,a,
ASN00082076,20170512,TMAX,170,,,a,
ASN00082076,20170513,TMAX,191,,,a,
ASN00082076,20170514,TMAX,148,,,a,
ASN00082076,20170515,TMAX,174,,,a,
ASN00082076,20170516,TMAX,175,,,a,
ASN00082076,20170517,TMAX,164,,,a,
ASN00082076,20170518,TMAX,192,,,a,
ASN00082076,20170519,TMAX,128,,,a,
ASN00082076,20170520,TMAX,176,,,a,
ASN00082076,20170521,TMAX,162,,,a,
ASN00082076,20170522,TMAX,174,,,a,
ASN00082076,20170523,TMAX,164,,,a,
ASN00082076,20170524,TMAX,154,,,a,
ASN00082076,20170525,TMAX,133,,,a,
ASN00082076,20170526,TMAX,132,,,a,
ASN00082076,20170527,TMAX,102,,,a,
ASN00082076,20170528,TMAX,131,,,a,
ASN00082076,20170529,TMAX,111,,,a,
ASN00082076,20170530,TMAX,85,,,a,
ASN00082076,20170531,TMAX,115,,,a,
ASN00082076,20170501,TMIN,77,,,a,
ASN00082076,20170502,TMIN,98,,,a,
ASN00082076,20170503,TMIN,70,,,a,
ASN00082076,20170504,TMIN,19,,,a,
ASN00082076,20170505,TMIN,27,,,a,
ASN00082076,20170506,TMIN,48,,,a,
ASN00082076,20170507,TMIN,12,,,a,
ASN00082076,20170508,TMIN,-10,,,a,
ASN00082076,20170509,TMIN,5,,,a,
ASN00082076,20170510,TMIN,20,,,a,
ASN00082076,20170511,TMIN,32,,,a,
ASN00082076,20170512,TMIN,30,,,a,
ASN00082076,20170513,TMIN,26,,,a,
ASN00082076,20170514,TMIN,40,,,a,
ASN00082076,20170515,TMIN,58,,,a,
ASN00082076,20170516,TMIN,32,,,a,
ASN00082076,20170517,TMIN,24,,,a,
ASN00082076,20170518,TMIN,54,,,a,
ASN00082076,20170519,TMIN,62,,,a,
ASN00082076,20170520,TMIN,68,,,a,
ASN00082076,20170521,TMIN,80,,,a,
ASN00082076,20170522,TMIN,46,,,a,
ASN00082076,20170523,TMIN,26,,,a,
ASN00082076,20170524,TMIN,58,,,a,
ASN00082076,20170525,TMIN,64,,,a,
ASN00082076,20170526,TMIN,80,,,a,
ASN00082076,20170527,TMIN,64,,,a,
ASN00082076,20170528,TMIN,70,,,a,
ASN00082076,20170529,TMIN,37,,,a,
ASN00082076,20170530,TMIN,54,,,a,
ASN00082076,20170531,TMIN,-7,,,a,
ASN00082076,20170501,PRCP,0,,,a,
ASN00082076,20170502,PRCP,0,,,a,
ASN00082076,20170503,PRCP,0,,,a,
ASN00082076,20170504,PRCP,0,,,a,
ASN00082076,20170505,PRCP,0,,,a,
ASN00082076,20170506,PRCP,0,,,a,
ASN00082076,20170507,PRCP,0,,,a,
ASN00082076,20170508,PRCP,0,,,a,
ASN00082076,20170509,PRCP,0,,,a,
ASN00082076,20170510,PRCP,0,,,a,
ASN00082076,20170511,PRCP,0,,,a,
ASN00082076,20170512,PRCP,0,,,a,
ASN00082076,20170513,PRCP,0,,,a,
ASN00082076,20170514,PRCP,0,,,a,
ASN00082076,20170515,PRCP,0,,,a,
ASN00082076,20170516,PRCP,0,,,a,
ASN00082076,20170517,PRCP,0,,,a,
ASN00082076,20170518,PRCP,0,,,a,
ASN00082076,20170519,PRCP,0,,,a,
ASN00082076,20170520,PRCP,90,,,a,
ASN00082076,20170521,PRCP,6,,,a,
ASN00082076,20170522,PRCP,0,,,a,
ASN00082076,20170523,PRCP,0,,,a,
ASN00082076,20170524,PRCP,70,,,a,
ASN00082076,20170525,PRCP,0,,,a,
ASN00082076,20170526,PRCP,6,,,a,
ASN00082076,20170527,PRCP,0,,,a,
ASN00082076,20170528,PRCP,124,,,a,
ASN00082076,20170529,PRCP,104,,,a,
ASN00082076,20170530,PRCP,0,,,a,
ASN00082076,20170531,PRCP,36,,,a,
ASN00082076,20170601,TMAX,130,,,a,
ASN00082076,20170602,TMAX,125,,,a,
ASN00082076,20170603,TMAX,143,,,a,
ASN00082076,20170604,TMAX,147,,,a,
ASN00082076,20170605,TMAX,114,,,a,
ASN00082076,20170606,TMAX,136,,,a,
ASN00082076,20170607,TMAX,139,,,a,
ASN00082076,20170608,TMAX,153,,,a,
ASN00082076,20170609,TMAX,145,,,a,
ASN00082076,20170610,TMAX,155,,,a,
ASN00082076,20170611,TMAX,160,,,a,
ASN00082076,20170612,TMAX,135,,,a,
ASN00082076,20170613,TMAX,162,,,a,
ASN00082076,20170614,TMAX,158,,,a,
ASN00082076,20170615,TMAX,125,,,a,
ASN00082076,20170616,TMAX,102,,,a,
ASN00082076,20170617,TMAX,144,,,a,
ASN00082076,20170618,TMAX,152,,,a,
ASN00082076,20170619,TMAX,142,,,a,
ASN00082076,20170620,TMAX,140,,,a,
ASN00082076,20170621,TMAX,140,,,a,
ASN00082076,20170622,TMAX,128,,,a,
ASN00082076,20170623,TMAX,125,,,a,
ASN00082076,20170624,TMAX,121,,,a,
ASN00082076,20170625,TMAX,92,,,a,
ASN00082076,20170626,TMAX,121,,,a,
ASN00082076,20170627,TMAX,102,,,a,
ASN00082076,20170628,TMAX,126,,,a,
ASN00082076,20170629,TMAX,85,,,a,
ASN00082076,20170630,TMAX,105,,,a,
ASN00082076,20170601,TMIN,-9,,,a,
ASN00082076,20170602,TMIN,-15,,,a,
ASN00082076,20170603,TMIN,-20,,,a,
ASN00082076,20170604,TMIN,-20,,,a,
ASN00082076,20170605,TMIN,6,,,a,
ASN00082076,20170606,TMIN,39,,,a,
ASN00082076,20170607,TMIN,66,,,a,
ASN00082076,20170608,TMIN,12,,,a,
ASN00082076,20170609,TMIN,17,,,a,
ASN00082076,20170610,TMIN,25,,,a,
ASN00082076,20170611,TMIN,25,,,a,
ASN00082076,20170612,TMIN,20,,,a,
ASN00082076,20170613,TMIN,35,,,a,
ASN00082076,20170614,TMIN,22,,,a,
ASN00082076,20170615,TMIN,25,,,a,
ASN00082076,20170616,TMIN,27,,,a,
ASN00082076,20170617,TMIN,30,,,a,
ASN00082076,20170618,TMIN,10,,,a,
ASN00082076,20170619,TMIN,8,,,a,
ASN00082076,20170620,TMIN,2,,,a,
ASN00082076,20170621,TMIN,0,,,a,
ASN00082076,20170622,TMIN,-12,,,a,
ASN00082076,20170623,TMIN,7,,,a,
ASN00082076,20170624,TMIN,37,,,a,
ASN00082076,20170625,TMIN,35,,,a,
ASN00082076,20170626,TMIN,45,,,a,
ASN00082076,20170627,TMIN,-10,,,a,
ASN00082076,20170628,TMIN,29,,,a,
ASN00082076,20170629,TMIN,-10,,,a,
ASN00082076,20170630,TMIN,5,,,a,
ASN00082076,20170601,PRCP,0,,,a,
ASN00082076,20170602,PRCP,0,,,a,
ASN00082076,20170603,PRCP,0,,,a,
ASN00082076,20170604,PRCP,0,,,a,
ASN00082076,20170605,PRCP,0,,,a,
ASN00082076,20170606,PRCP,54,,,a,
ASN00082076,20170607,PRCP,4,,,a,
ASN00082076,20170608,PRCP,0,,,a,
ASN00082076,20170609,PRCP,0,,,a,
ASN00082076,20170610,PRCP,0,,,a,
ASN00082076,20170611,PRCP,0,,,a,
ASN00082076,20170612,PRCP,0,,,a,
ASN00082076,20170613,PRCP,0,,,a,
ASN00082076,20170614,PRCP,0,,,a,
ASN00082076,20170615,PRCP,0,,,a,
ASN00082076,20170616,PRCP,0,,,a,
ASN00082076,20170617,PRCP,0,,,a,
ASN00082076,20170618,PRCP,0,,,a,
ASN00082076,20170619,PRCP,0,,,a,
ASN00082076,20170620,PRCP,0,,,a,
ASN00082076,20170621,PRCP,0,,,a,
ASN00082076,20170622,PRCP,0,,,a,
ASN00082076,20170623,PRCP,0,,,a,
ASN00082076,20170624,PRCP,0,,,a,
ASN00082076,20170625,PRCP,0,,,a,
ASN00082076,20170626,PRCP,2,,,a,
ASN00082076,20170627,PRCP,0,,,a,
ASN00082076,20170628,PRCP,0,,,a,
ASN00082076,20170629,PRCP,0,,,a,
ASN00082076,20170630,PRCP,12,,,a,
ASN00082076,20170701,TMAX,110,,,a,
ASN00082076,20170702,TMAX,111,,,a,
ASN00082076,20170703,TMAX,90,,,a,
ASN00082076,20170704,TMAX,100,,,a,
ASN00082076,20170705,TMAX,105,,,a,
ASN00082076,20170706,TMAX,112,,,a,
ASN00082076,20170707,TMAX,91,,,a,
ASN00082076,20170708,TMAX,96,,,a,
ASN00082076,20170709,TMAX,107,,,a,
ASN00082076,20170710,TMAX,125,,,a,
ASN00082076,20170711,TMAX,134,,,a,
ASN00082076,20170712,TMAX,121,,,a,
ASN00082076,20170715,TMAX,118,,,a,
ASN00082076,20170716,TMAX,78,,,a,
ASN00082076,20170717,TMAX,94,,,a,
ASN00082076,20170718,TMAX,104,,,a,
ASN00082076,20170719,TMAX,104,,,a,
ASN00082076,20170720,TMAX,80,,,a,
ASN00082076,20170721,TMAX,131,,,a,
ASN00082076,20170722,TMAX,110,,,a,
ASN00082076,20170723,TMAX,124,,,a,
ASN00082076,20170724,TMAX,123,,,a,
ASN00082076,20170725,TMAX,135,,,a,
ASN00082076,20170726,TMAX,117,,,a,
ASN00082076,20170727,TMAX,115,,,a,
ASN00082076,20170728,TMAX,134,,,a,
ASN00082076,20170729,TMAX,135,,,a,
ASN00082076,20170730,TMAX,160,,,a,
ASN00082076,20170731,TMAX,125,,,a,
ASN00082076,20170701,TMIN,-30,,,a,
ASN00082076,20170702,TMIN,-54,,,a,
ASN00082076,20170703,TMIN,-41,,,a,
ASN00082076,20170704,TMIN,23,,,a,
ASN00082076,20170705,TMIN,70,,,a,
ASN00082076,20170706,TMIN,50,,,a,
ASN00082076,20170707,TMIN,29,,,a,
ASN00082076,20170708,TMIN,40,,,a,
ASN00082076,20170709,TMIN,50,,,a,
ASN00082076,20170710,TMIN,24,,,a,
ASN00082076,20170711,TMIN,31,,,a,
ASN00082076,20170712,TMIN,-6,,,a,
ASN00082076,20170713,TMIN,-9,,,a,
ASN00082076,20170716,TMIN,-32,,,a,
ASN00082076,20170717,TMIN,-20,,,a,
ASN00082076,20170718,TMIN,12,,,a,
ASN00082076,20170719,TMIN,46,,,a,
ASN00082076,20170720,TMIN,22,,,a,
ASN00082076,20170721,TMIN,-15,,,a,
ASN00082076,20170722,TMIN,-22,,,a,
ASN00082076,20170723,TMIN,3,,,a,
ASN00082076,20170724,TMIN,5,,,a,
ASN00082076,20170725,TMIN,67,,,a,
ASN00082076,20170726,TMIN,62,,,a,
ASN00082076,20170727,TMIN,20,,,a,
ASN00082076,20170728,TMIN,48,,,a,
ASN00082076,20170729,TMIN,10,,,a,
ASN00082076,20170730,TMIN,22,,,a,
ASN00082076,20170731,TMIN,54,,,a,
ASN00082076,20170701,PRCP,0,,,a,
ASN00082076,20170702,PRCP,0,,,a,
ASN00082076,20170703,PRCP,0,,,a,
ASN00082076,20170704,PRCP,78,,,a,
ASN00082076,20170705,PRCP,146,,,a,
ASN00082076,20170706,PRCP,64,,,a,
ASN00082076,20170707,PRCP,4,,,a,
ASN00082076,20170708,PRCP,54,,,a,
ASN00082076,20170709,PRCP,34,,,a,
ASN00082076,20170710,PRCP,32,,,a,
ASN00082076,20170711,PRCP,0,,,a,
ASN00082076,20170712,PRCP,4,,,a,
ASN00082076,20170713,PRCP,0,,,a,
ASN00082076,20170716,PRCP,0,,,a,
ASN00082076,20170717,PRCP,0,,,a,
ASN00082076,20170718,PRCP,78,,,a,
ASN00082076,20170719,PRCP,190,,,a,
ASN00082076,20170720,PRCP,8,,,a,
ASN00082076,20170721,PRCP,14,,,a,
ASN00082076,20170722,PRCP,0,,,a,
ASN00082076,20170723,PRCP,0,,,a,
ASN00082076,20170724,PRCP,68,,,a,
ASN00082076,20170725,PRCP,8,,,a,
ASN00082076,20170726,PRCP,18,,,a,
ASN00082076,20170727,PRCP,4,,,a,
ASN00082076,20170728,PRCP,110,,,a,
ASN00082076,20170729,PRCP,4,,,a,
ASN00082076,20170730,PRCP,6,,,a,
ASN00082076,20170731,PRCP,0,,,a,
ASN00082076,20170715,DAPR,2,,,a,
ASN00082076,20170715,DATN,2,,,a,
ASN00082076,20170714,DATX,2,,,a,
ASN00082076,20170715,MDPR,24,,,a,
ASN00082076,20170715,MDTN,20,,,a,
ASN00082076,20170714,MDTX,112,,,a,
ASN00082076,20170801,TMAX,134,,,a,
ASN00082076,20170802,TMAX,145,,,a,
ASN00082076,20170803,TMAX,77,,,a,
ASN00082076,20170804,TMAX,80,,,a,
ASN00082076,20170805,TMAX,100,,,a,
ASN00082076,20170806,TMAX,90,,,a,
ASN00082076,20170807,TMAX,85,,,a,
ASN00082076,20170808,TMAX,95,,,a,
ASN00082076,20170809,TMAX,126,,,a,
ASN00082076,20170810,TMAX,142,,,a,
ASN00082076,20170813,TMAX,158,,,a,
ASN00082076,20170814,TMAX,178,,,a,
ASN00082076,20170815,TMAX,124,,,a,
ASN00082076,20170816,TMAX,134,,,a,
ASN00082076,20170817,TMAX,103,,,a,
ASN00082076,20170818,TMAX,97,,,a,
ASN00082076,20170819,TMAX,107,,,a,
ASN00082076,20170820,TMAX,125,,,a,
ASN00082076,20170821,TMAX,90,,,a,
ASN00082076,20170822,TMAX,158,,,a,
ASN00082076,20170823,TMAX,132,,,a,
ASN00082076,20170824,TMAX,130,,,a,
ASN00082076,20170825,TMAX,150,,,a,
ASN00082076,20170826,TMAX,138,,,a,
ASN00082076,20170827,TMAX,109,,,a,
ASN00082076,20170828,TMAX,119,,,a,
ASN00082076,20170829,TMAX,131,,,a,
ASN00082076,20170830,TMAX,150,,,a,
ASN00082076,20170831,TMAX,145,,,a,
ASN00082076,20170801,TMIN,40,,,a,
ASN00082076,20170802,TMIN,5,,,a,
ASN00082076,20170803,TMIN,13,,,a,
ASN00082076,20170804,TMIN,37,,,a,
ASN00082076,20170805,TMIN,60,,,a,
ASN00082076,20170806,TMIN,65,,,a,
ASN00082076,20170807,TMIN,42,,,a,
ASN00082076,20170808,TMIN,7,,,a,
ASN00082076,20170809,TMIN,25,,,a,
ASN00082076,20170810,TMIN,51,,,a,
ASN00082076,20170811,TMIN,52,,,a,
ASN00082076,20170814,TMIN,24,,,a,
ASN00082076,20170815,TMIN,24,,,a,
ASN00082076,20170816,TMIN,54,,,a,
ASN00082076,20170817,TMIN,78,,,a,
ASN00082076,20170818,TMIN,53,,,a,
ASN00082076,20170819,TMIN,8,,,a,
ASN00082076,20170820,TMIN,-14,,,a,
ASN00082076,20170821,TMIN,12,,,a,
ASN00082076,20170822,TMIN,-13,,,a,
ASN00082076,20170823,TMIN,-5,,,a,
ASN00082076,20170824,TMIN,47,,,a,
ASN00082076,20170825,TMIN,-10,,,a,
ASN00082076,20170826,TMIN,-10,,,a,
ASN00082076,20170827,TMIN,35,,,a,
ASN00082076,20170828,TMIN,26,,,a,
ASN00082076,20170829,TMIN,-23,,,a,
ASN00082076,20170830,TMIN,-29,,,a,
ASN00082076,20170831,TMIN,35,,,a,
ASN00082076,20170801,PRCP,20,,,a,
ASN00082076,20170802,PRCP,0,,,a,
ASN00082076,20170803,PRCP,0,,,a,
ASN00082076,20170804,PRCP,72,,,a,
ASN00082076,20170805,PRCP,104,,,a,
ASN00082076,20170806,PRCP,22,,,a,
ASN00082076,20170807,PRCP,262,,,a,
ASN00082076,20170808,PRCP,64,,,a,
ASN00082076,20170809,PRCP,12,,,a,
ASN00082076,20170810,PRCP,0,,,a,
ASN00082076,20170811,PRCP,0,,,a,
ASN00082076,20170814,PRCP,0,,,a,
ASN00082076,20170815,PRCP,4,,,a,
ASN00082076,20170816,PRCP,576,,,a,
ASN00082076,20170817,PRCP,248,,,a,
ASN00082076,20170818,PRCP,230,,,a,
ASN00082076,20170819,PRCP,22,,,a,
ASN00082076,20170820,PRCP,0,,,a,
ASN00082076,20170821,PRCP,0,,,a,
ASN00082076,20170822,PRCP,0,,,a,
ASN00082076,20170823,PRCP,0,,,a,
ASN00082076,20170824,PRCP,28,,,a,
ASN00082076,20170825,PRCP,0,,,a,
ASN00082076,20170826,PRCP,0,,,a,
ASN00082076,20170827,PRCP,28,,,a,
ASN00082076,20170828,PRCP,28,,,a,
ASN00082076,20170829,PRCP,0,,,a,
ASN00082076,20170830,PRCP,0,,,a,
ASN00082076,20170831,PRCP,0,,,a,
ASN00082076,20170813,DAPR,2,,,a,
ASN00082076,20170813,DATN,2,,,a,
ASN00082076,20170812,DATX,2,,,a,
ASN00082076,20170813,MDPR,8,,,a,
ASN00082076,20170813,MDTN,70,,,a,
ASN00082076,20170812,MDTX,108,,,a,
ASN00082076,20170901,TMAX,160,,,a,
ASN00082076,20170902,TMAX,150,,,a,
ASN00082076,20170903,TMAX,150,,,a,
ASN00082076,20170904,TMAX,105,,,a,
ASN00082076,20170905,TMAX,76,,,a,
ASN00082076,20170906,TMAX,110,,,a,
ASN00082076,20170907,TMAX,122,,,a,
ASN00082076,20170908,TMAX,120,,,a,
ASN00082076,20170909,TMAX,142,,,a,
ASN00082076,20170910,TMAX,152,,,a,
ASN00082076,20170911,TMAX,174,,,a,
ASN00082076,20170912,TMAX,152,,,a,
ASN00082076,20170915,TMAX,110,,,a,
ASN00082076,20170916,TMAX,126,,,a,
ASN00082076,20170917,TMAX,158,,,a,
ASN00082076,20170918,TMAX,197,,,a,
ASN00082076,20170919,TMAX,150,,,a,
ASN00082076,20170920,TMAX,172,,,a,
ASN00082076,20170921,TMAX,200,,,a,
ASN00082076,20170922,TMAX,245,,,a,
ASN00082076,20170923,TMAX,270,,,a,
ASN00082076,20170924,TMAX,185,,,a,
ASN00082076,20170925,TMAX,150,,,a,
ASN00082076,20170926,TMAX,181,,,a,
ASN00082076,20170927,TMAX,201,,,a,
ASN00082076,20170928,TMAX,180,,,a,
ASN00082076,20170929,TMAX,165,,,a,
ASN00082076,20170930,TMAX,155,,,a,
ASN00082076,20170901,TMIN,-10,,,a,
ASN00082076,20170902,TMIN,0,,,a,
ASN00082076,20170903,TMIN,30,,,a,
ASN00082076,20170904,TMIN,66,,,a,
ASN00082076,20170905,TMIN,31,,,a,
ASN00082076,20170906,TMIN,38,,,a,
ASN00082076,20170907,TMIN,55,,,a,
ASN00082076,20170908,TMIN,70,,,a,
ASN00082076,20170909,TMIN,20,,,a,
ASN00082076,20170910,TMIN,14,,,a,
ASN00082076,20170911,TMIN,14,,,a,
ASN00082076,20170912,TMIN,44,,,a,
ASN00082076,20170913,TMIN,56,,,a,
ASN00082076,20170916,TMIN,80,,,a,
ASN00082076,20170917,TMIN,-10,,,a,
ASN00082076,20170918,TMIN,-15,,,a,
ASN00082076,20170919,TMIN,54,,,a,
ASN00082076,20170920,TMIN,-2,,,a,
ASN00082076,20170921,TMIN,13,,,a,
ASN00082076,20170922,TMIN,34,,,a,
ASN00082076,20170923,TMIN,40,,,a,
ASN00082076,20170924,TMIN,105,,,a,
ASN00082076,20170925,TMIN,91,,,a,
ASN00082076,20170926,TMIN,35,,,a,
ASN00082076,20170927,TMIN,30,,,a,
ASN00082076,20170928,TMIN,27,,,a,
ASN00082076,20170929,TMIN,66,,,a,
ASN00082076,20170930,TMIN,65,,,a,
ASN00082076,20170901,PRCP,0,,,a,
ASN00082076,20170902,PRCP,0,,,a,
ASN00082076,20170903,PRCP,0,,,a,
ASN00082076,20170904,PRCP,56,,,a,
ASN00082076,20170905,PRCP,96,,,a,
ASN00082076,20170906,PRCP,122,,,a,
ASN00082076,20170907,PRCP,40,,,a,
ASN00082076,20170908,PRCP,24,,,a,
ASN00082076,20170909,PRCP,0,,,a,
ASN00082076,20170910,PRCP,0,,,a,
ASN00082076,20170911,PRCP,0,,,a,
ASN00082076,20170912,PRCP,8,,,a,
ASN00082076,20170913,PRCP,10,,,a,
ASN00082076,20170914,PRCP,70,,,a,
ASN00082076,20170915,PRCP,50,,,a,
ASN00082076,20170916,PRCP,124,,,a,
ASN00082076,20170917,PRCP,24,,,a,
ASN00082076,20170918,PRCP,0,,,a,
ASN00082076,20170919,PRCP,34,,,a,
ASN00082076,20170920,PRCP,0,,,a,
ASN00082076,20170921,PRCP,0,,,a,
ASN00082076,20170922,PRCP,0,,,a,
ASN00082076,20170923,PRCP,0,,,a,
ASN00082076,20170924,PRCP,0,,,a,
ASN00082076,20170925,PRCP,0,,,a,
ASN00082076,20170926,PRCP,26,,,a,
ASN00082076,20170927,PRCP,0,,,a,
ASN00082076,20170928,PRCP,24,,,a,
ASN00082076,20170929,PRCP,0,,,a,
ASN00082076,20170930,PRCP,0,,,a,
ASN00082076,20170915,DATN,2,,,a,
ASN00082076,20170914,DATX,2,,,a,
ASN00082076,20170915,MDTN,39,,,a,
ASN00082076,20170914,MDTX,156,,,a,
ASN00082076,20171001,TMAX,175,,,a,
ASN00082076,20171002,TMAX,205,,,a,
ASN00082076,20171003,TMAX,222,,,a,
ASN00082076,20171004,TMAX,244,,,a,
ASN00082076,20171005,TMAX,174,,,a,
ASN00082076,20171006,TMAX,172,,,a,
ASN00082076,20171007,TMAX,210,,,a,
ASN00082076,20171008,TMAX,176,,,a,
ASN00082076,20171009,TMAX,228,,,a,
ASN00082076,20171010,TMAX,222,,,a,
ASN00082076,20171011,TMAX,250,,,a,
ASN00082076,20171012,TMAX,175,,,a,
ASN00082076,20171013,TMAX,191,,,a,
ASN00082076,20171014,TMAX,240,,,a,
ASN00082076,20171015,TMAX,211,,,a,
ASN00082076,20171016,TMAX,277,,,a,
ASN00082076,20171017,TMAX,291,,,a,
ASN00082076,20171018,TMAX,287,,,a,
ASN00082076,20171019,TMAX,170,,,a,
ASN00082076,20171020,TMAX,165,,,a,
ASN00082076,20171021,TMAX,210,,,a,
ASN00082076,20171022,TMAX,180,,,a,
ASN00082076,20171023,TMAX,225,,,a,
ASN00082076,20171024,TMAX,235,,,a,
ASN00082076,20171025,TMAX,225,,,a,
ASN00082076,20171026,TMAX,217,,,a,
ASN00082076,20171027,TMAX,245,,,a,
ASN00082076,20171028,TMAX,235,,,a,
ASN00082076,20171029,TMAX,250,,,a,
ASN00082076,20171030,TMAX,170,,,a,
ASN00082076,20171031,TMAX,156,,,a,
ASN00082076,20171001,TMIN,5,,,a,
ASN00082076,20171002,TMIN,26,,,a,
ASN00082076,20171003,TMIN,45,,,a,
ASN00082076,20171004,TMIN,44,,,a,
ASN00082076,20171005,TMIN,69,,,a,
ASN00082076,20171006,TMIN,48,,,a,
ASN00082076,20171007,TMIN,68,,,a,
ASN00082076,20171008,TMIN,56,,,a,
ASN00082076,20171009,TMIN,84,,,a,
ASN00082076,20171010,TMIN,44,,,a,
ASN00082076,20171011,TMIN,28,,,a,
ASN00082076,20171012,TMIN,66,,,a,
ASN00082076,20171013,TMIN,107,,,a,
ASN00082076,20171014,TMIN,88,,,a,
ASN00082076,20171015,TMIN,65,,,a,
ASN00082076,20171016,TMIN,84,,,a,
ASN00082076,20171017,TMIN,91,,,a,
ASN00082076,20171018,TMIN,75,,,a,
ASN00082076,20171019,TMIN,110,,,a,
ASN00082076,20171020,TMIN,130,,,a,
ASN00082076,20171021,TMIN,77,,,a,
ASN00082076,20171022,TMIN,95,,,a,
ASN00082076,20171023,TMIN,56,,,a,
ASN00082076,20171024,TMIN,67,,,a,
ASN00082076,20171025,TMIN,105,,,a,
ASN00082076,20171026,TMIN,138,,,a,
ASN00082076,20171027,TMIN,93,,,a,
ASN00082076,20171028,TMIN,95,,,a,
ASN00082076,20171029,TMIN,115,,,a,
ASN00082076,20171030,TMIN,85,,,a,
ASN00082076,20171031,TMIN,30,,,a,
ASN00082076,20171001,PRCP,0,,,a,
ASN00082076,20171002,PRCP,0,,,a,
ASN00082076,20171003,PRCP,0,,,a,
ASN00082076,20171004,PRCP,0,,,a,
ASN00082076,20171005,PRCP,0,,,a,
ASN00082076,20171006,PRCP,0,,,a,
ASN00082076,20171007,PRCP,0,,,a,
ASN00082076,20171008,PRCP,0,,,a,
ASN00082076,20171009,PRCP,180,,,a,
ASN00082076,20171010,PRCP,8,,,a,
ASN00082076,20171011,PRCP,0,,,a,
ASN00082076,20171012,PRCP,216,,,a,
ASN00082076,20171013,PRCP,0,,,a,
ASN00082076,20171014,PRCP,0,,,a,
ASN00082076,20171015,PRCP,0,,,a,
ASN00082076,20171016,PRCP,0,,,a,
ASN00082076,20171017,PRCP,0,,,a,
ASN00082076,20171018,PRCP,0,,,a,
ASN00082076,20171019,PRCP,0,,,a,
ASN00082076,20171020,PRCP,390,,,a,
ASN00082076,20171021,PRCP,0,,,a,
ASN00082076,20171022,PRCP,0,,,a,
ASN00082076,20171023,PRCP,0,,,a,
ASN00082076,20171024,PRCP,0,,,a,
ASN00082076,20171025,PRCP,10,,,a,
ASN00082076,20171026,PRCP,70,,,a,
ASN00082076,20171027,PRCP,0,,,a,
ASN00082076,20171028,PRCP,0,,,a,
ASN00082076,20171029,PRCP,130,,,a,
ASN00082076,20171030,PRCP,0,,,a,
ASN00082076,20171031,PRCP,0,,,a,
ASN00082076,20171101,TMAX,208,,,a,
ASN00082076,20171102,TMAX,216,,,a,
ASN00082076,20171105,TMAX,216,,,a,
ASN00082076,20171106,TMAX,160,,,a,
ASN00082076,20171107,TMAX,180,,,a,
ASN00082076,20171108,TMAX,236,,,a,
ASN00082076,20171109,TMAX,262,,,a,
ASN00082076,20171110,TMAX,268,,,a,
ASN00082076,20171111,TMAX,266,,,a,
ASN00082076,20171112,TMAX,271,,,a,
ASN00082076,20171113,TMAX,263,,,a,
ASN00082076,20171114,TMAX,282,,,a,
ASN00082076,20171115,TMAX,291,,,a,
ASN00082076,20171116,TMAX,196,,,a,
ASN00082076,20171117,TMAX,244,,,a,
ASN00082076,20171118,TMAX,228,,,a,
ASN00082076,20171119,TMAX,275,,,a,
ASN00082076,20171120,TMAX,291,,,a,
ASN00082076,20171121,TMAX,290,,,a,
ASN00082076,20171122,TMAX,281,,,a,
ASN00082076,20171123,TMAX,291,,,a,
ASN00082076,20171124,TMAX,305,,,a,
ASN00082076,20171125,TMAX,300,,,a,
ASN00082076,20171126,TMAX,264,,,a,
ASN00082076,20171127,TMAX,290,,,a,
ASN00082076,20171128,TMAX,314,,,a,
ASN00082076,20171129,TMAX,322,,,a,
ASN00082076,20171130,TMAX,317,,,a,
ASN00082076,20171101,TMIN,68,,,a,
ASN00082076,20171106,TMIN,100,,,a,
ASN00082076,20171107,TMIN,50,,,a,
ASN00082076,20171108,TMIN,64,,,a,
ASN00082076,20171109,TMIN,64,,,a,
ASN00082076,20171110,TMIN,94,,,a,
ASN00082076,20171111,TMIN,116,,,a,
ASN00082076,20171112,TMIN,90,,,a,
ASN00082076,20171113,TMIN,102,,,a,
ASN00082076,20171114,TMIN,82,,,a,
ASN00082076,20171115,TMIN,110,,,a,
ASN00082076,20171116,TMIN,135,,,a,
ASN00082076,20171117,TMIN,126,,,a,
ASN00082076,20171118,TMIN,120,,,a,
ASN00082076,20171119,TMIN,109,,,a,
ASN00082076,20171120,TMIN,111,,,a,
ASN00082076,20171121,TMIN,119,,,a,
ASN00082076,20171122,TMIN,101,,,a,
ASN00082076,20171123,TMIN,145,,,a,
ASN00082076,20171124,TMIN,116,,,a,
ASN00082076,20171125,TMIN,135,,,a,
ASN00082076,20171126,TMIN,145,,,a,
ASN00082076,20171127,TMIN,162,,,a,
ASN00082076,20171128,TMIN,134,,,a,
ASN00082076,20171129,TMIN,146,,,a,
ASN00082076,20171130,TMIN,139,,,a,
ASN00082076,20171101,PRCP,10,,,a,
ASN00082076,20171102,PRCP,0,,,a,
ASN00082076,20171103,PRCP,20,,,a,
ASN00082076,20171106,PRCP,76,,,a,
ASN00082076,20171107,PRCP,92,,,a,
ASN00082076,20171108,PRCP,0,,,a,
ASN00082076,20171109,PRCP,0,,,a,
ASN00082076,20171110,PRCP,0,,,a,
ASN00082076,20171111,PRCP,0,,,a,
ASN00082076,20171112,PRCP,42,,,a,
ASN00082076,20171113,PRCP,0,,,a,
ASN00082076,20171114,PRCP,24,,,a,
ASN00082076,20171115,PRCP,0,,,a,
ASN00082076,20171116,PRCP,10,,,a,
ASN00082076,20171117,PRCP,148,,,a,
ASN00082076,20171118,PRCP,10,,,a,
ASN00082076,20171119,PRCP,124,,,a,
ASN00082076,20171120,PRCP,0,,,a,
ASN00082076,20171121,PRCP,0,,,a,
ASN00082076,20171122,PRCP,0,,,a,
ASN00082076,20171123,PRCP,0,,,a,
ASN00082076,20171124,PRCP,0,,,a,
ASN00082076,20171125,PRCP,0,,,a,
ASN00082076,20171126,PRCP,6,,,a,
ASN00082076,20171127,PRCP,8,,,a,
ASN00082076,20171128,PRCP,254,,,a,
ASN00082076,20171129,PRCP,0,,,a,
ASN00082076,20171130,PRCP,0,,,a,
ASN00082076,20171105,DAPR,2,,,a,
ASN00082076,20171103,DATN,2,,,a,
ASN00082076,20171105,DATN,2,,,a,
ASN00082076,20171104,DATX,2,,,a,
ASN00082076,20171105,MDPR,14,,,a,
ASN00082076,20171103,MDTN,116,,,a,
ASN00082076,20171105,MDTN,70,,,a,
ASN00082076,20171104,MDTX,191,,,a,
ASN00082076,20171201,TMAX,248,,,a,
ASN00082076,20171204,TMAX,190,,,a,
ASN00082076,20171205,TMAX,222,,,a,
ASN00082076,20171206,TMAX,236,,,a,
ASN00082076,20171207,TMAX,260,,,a,
ASN00082076,20171208,TMAX,197,,,a,
ASN00082076,20171209,TMAX,242,,,a,
ASN00082076,20171210,TMAX,272,,,a,
ASN00082076,20171211,TMAX,301,,,a,
ASN00082076,20171212,TMAX,307,,,a,
ASN00082076,20171213,TMAX,336,,,a,
ASN00082076,20171214,TMAX,295,,,a,
ASN00082076,20171215,TMAX,307,,,a,
ASN00082076,20171216,TMAX,320,,,a,
ASN00082076,20171217,TMAX,320,,,a,
ASN00082076,20171218,TMAX,312,,,a,
ASN00082076,20171219,TMAX,346,,,a,
ASN00082076,20171220,TMAX,229,,,a,
ASN00082076,20171221,TMAX,288,,,a,
ASN00082076,20171226,TMAX,302,,,a,
ASN00082076,20171227,TMAX,310,,,a,
ASN00082076,20171228,TMAX,302,,,a,
ASN00082076,20171229,TMAX,241,,,a,
ASN00082076,20171230,TMAX,261,,,a,
ASN00082076,20171231,TMAX,271,,,a,
ASN00082076,20171201,TMIN,158,,,a,
ASN00082076,20171202,TMIN,180,,,a,
ASN00082076,20171205,TMIN,124,,,a,
ASN00082076,20171206,TMIN,140,,,a,
ASN00082076,20171207,TMIN,94,,,a,
ASN00082076,20171208,TMIN,120,,,a,
ASN00082076,20171209,TMIN,70,,,a,
ASN00082076,20171210,TMIN,115,,,a,
ASN00082076,20171211,TMIN,135,,,a,
ASN00082076,20171212,TMIN,125,,,a,
ASN00082076,20171213,TMIN,114,,,a,
ASN00082076,20171214,TMIN,154,,,a,
ASN00082076,20171215,TMIN,185,,,a,
ASN00082076,20171216,TMIN,135,,,a,
ASN00082076,20171217,TMIN,164,,,a,
ASN00082076,20171218,TMIN,156,,,a,
ASN00082076,20171219,TMIN,166,,,a,
ASN00082076,20171220,TMIN,186,,,a,
ASN00082076,20171221,TMIN,115,,,a,
ASN00082076,20171222,TMIN,122,,,a,
ASN00082076,20171227,TMIN,120,,,a,
ASN00082076,20171228,TMIN,140,,,a,
ASN00082076,20171229,TMIN,170,,,a,
ASN00082076,20171230,TMIN,183,,,a,
ASN00082076,20171231,TMIN,115,,,a,
ASN00082076,20171201,PRCP,0,,,a,
ASN00082076,20171202,PRCP,696,,,a,
ASN00082076,20171205,PRCP,70,,,a,
ASN00082076,20171206,PRCP,0,,,a,
ASN00082076,20171207,PRCP,0,,,a,
ASN00082076,20171208,PRCP,48,,,a,
ASN00082076,20171209,PRCP,6,,,a,
ASN00082076,20171210,PRCP,0,,,a,
ASN00082076,20171211,PRCP,0,,,a,
ASN00082076,20171212,PRCP,0,,,a,
ASN00082076,20171213,PRCP,0,,,a,
ASN00082076,20171214,PRCP,0,,,a,
ASN00082076,20171215,PRCP,0,,,a,
ASN00082076,20171216,PRCP,0,,,a,
ASN00082076,20171217,PRCP,0,,,a,
ASN00082076,20171218,PRCP,0,,,a,
ASN00082076,20171219,PRCP,0,,,a,
ASN00082076,20171220,PRCP,62,,,a,
ASN00082076,20171221,PRCP,6,,,a,
ASN00082076,20171222,PRCP,0,,,a,
ASN00082076,20171223,PRCP,0,,,a,
ASN00082076,20171224,PRCP,0,,,a,
ASN00082076,20171225,PRCP,0,,,a,
ASN00082076,20171226,PRCP,0,,,a,
ASN00082076,20171227,PRCP,0,,,a,
ASN00082076,20171228,PRCP,0,,,a,
ASN00082076,20171229,PRCP,158,,,a,
ASN00082076,20171230,PRCP,128,,,a,
ASN00082076,20171231,PRCP,0,,,a,
ASN00082076,20171204,DAPR,2,,,a,
ASN00082076,20171204,DATN,2,,,a,
ASN00082076,20171226,DATN,4,,,a,
ASN00082076,20171203,DATX,2,,,a,
ASN00082076,20171225,DATX,4,,,a,
ASN00082076,20171204,MDPR,306,,,a,
ASN00082076,20171204,MDTN,112,,,a,
ASN00082076,20171226,MDTN,122,,,a,
ASN00082076,20171203,MDTX,214,,,a,
ASN00082076,20171225,MDTX,256,,,a,
ASN00082076,20180101,TMAX,299,,,a,
ASN00082076,20180102,TMAX,291,,,a,
ASN00082076,20180103,TMAX,251,,,a,
ASN00082076,20180104,TMAX,305,,,a,
ASN00082076,20180105,TMAX,326,,,a,
ASN00082076,20180106,TMAX,375,,,a,
ASN00082076,20180107,TMAX,378,,,a,
ASN00082076,20180108,TMAX,326,,,a,
ASN00082076,20180109,TMAX,301,,,a,
ASN00082076,20180110,TMAX,295,,,a,
ASN00082076,20180113,TMAX,230,,,a,
ASN00082076,20180114,TMAX,215,,,a,
ASN00082076,20180115,TMAX,255,,,a,
ASN00082076,20180116,TMAX,245,,,a,
ASN00082076,20180117,TMAX,300,,,a,
ASN00082076,20180119,TMAX,378,,,a,
ASN00082076,20180120,TMAX,390,,,a,
ASN00082076,20180123,TMAX,380,,,a,
ASN00082076,20180124,TMAX,324,,,a,
ASN00082076,20180125,TMAX,321,,,a,
ASN00082076,20180126,TMAX,340,,,a,
ASN00082076,20180127,TMAX,287,,,a,
ASN00082076,20180128,TMAX,341,,,a,
ASN00082076,20180129,TMAX,338,,,a,
ASN00082076,20180130,TMAX,224,,,a,
ASN00082076,20180131,TMAX,208,,,a,
ASN00082076,20180101,TMIN,107,,,a,
ASN00082076,20180102,TMIN,144,,,a,
ASN00082076,20180103,TMIN,155,,,a,
ASN00082076,20180104,TMIN,126,,,a,
ASN00082076,20180105,TMIN,141,,,a,
ASN00082076,20180106,TMIN,135,,,a,
ASN00082076,20180107,TMIN,160,,,a,
ASN00082076,20180108,TMIN,190,,,a,
ASN00082076,20180109,TMIN,190,,,a,
ASN00082076,20180110,TMIN,142,,,a,
ASN00082076,20180111,TMIN,155,,,a,
ASN00082076,20180114,TMIN,70,,,a,
ASN00082076,20180115,TMIN,130,,,a,
ASN00082076,20180116,TMIN,145,,,a,
ASN00082076,20180117,TMIN,140,,,a,
ASN00082076,20180118,TMIN,104,,,a,
ASN00082076,20180120,TMIN,190,,,a,
ASN00082076,20180121,TMIN,156,,,a,
ASN00082076,20180124,TMIN,182,,,a,
ASN00082076,20180125,TMIN,192,,,a,
ASN00082076,20180126,TMIN,156,,,a,
ASN00082076,20180127,TMIN,175,,,a,
ASN00082076,20180128,TMIN,180,,,a,
ASN00082076,20180129,TMIN,188,,,a,
ASN00082076,20180130,TMIN,188,,,a,
ASN00082076,20180131,TMIN,121,,,a,
ASN00082076,20180101,PRCP,0,,,a,
ASN00082076,20180102,PRCP,0,,,a,
ASN00082076,20180103,PRCP,0,,,a,
ASN00082076,20180104,PRCP,0,,,a,
ASN00082076,20180105,PRCP,0,,,a,
ASN00082076,20180106,PRCP,0,,,a,
ASN00082076,20180107,PRCP,0,,,a,
ASN00082076,20180108,PRCP,0,,,a,
ASN00082076,20180109,PRCP,36,,,a,
ASN00082076,20180110,PRCP,0,,,a,
ASN00082076,20180111,PRCP,0,,,a,
ASN00082076,20180114,PRCP,74,,,a,
ASN00082076,20180115,PRCP,0,,,a,
ASN00082076,20180116,PRCP,0,,,a,
ASN00082076,20180117,PRCP,0,,,a,
ASN00082076,20180118,PRCP,0,,,a,
ASN00082076,20180119,PRCP,0,,,a,
ASN00082076,20180120,PRCP,0,,,a,
ASN00082076,20180121,PRCP,0,,,a,
ASN00082076,20180124,PRCP,6,,,a,
ASN00082076,20180125,PRCP,0,,,a,
ASN00082076,20180126,PRCP,66,,,a,
ASN00082076,20180127,PRCP,46,,,a,
ASN00082076,20180128,PRCP,0,,,a,
ASN00082076,20180129,PRCP,0,,,a,
ASN00082076,20180130,PRCP,0,,,a,
ASN00082076,20180131,PRCP,206,,,a,
ASN00082076,20180113,DAPR,2,,,a,
ASN00082076,20180123,DAPR,2,,,a,
ASN00082076,20180113,DATN,2,,,a,
ASN00082076,20180123,DATN,2,,,a,
ASN00082076,20180112,DATX,2,,,a,
ASN00082076,20180122,DATX,2,,,a,
ASN00082076,20180113,MDPR,104,,,a,
ASN00082076,20180123,MDPR,10,,,a,
ASN00082076,20180113,MDTN,184,,,a,
ASN00082076,20180123,MDTN,180,,,a,
ASN00082076,20180112,MDTX,315,,,a,
ASN00082076,20180122,MDTX,335,,,a,
ASN00082076,20180201,TMAX,245,,,a,
ASN00082076,20180202,TMAX,257,,,a,
ASN00082076,20180203,TMAX,270,,,a,
ASN00082076,20180204,TMAX,295,,,a,
ASN00082076,20180205,TMAX,305,,,a,
ASN00082076,20180206,TMAX,300,,,a,
ASN00082076,20180207,TMAX,340,,,a,
ASN00082076,20180208,TMAX,355,,,a,
ASN00082076,20180209,TMAX,310,,,a,
ASN00082076,20180210,TMAX,310,,,a,
ASN00082076,20180211,TMAX,305,,,a,
ASN00082076,20180214,TMAX,285,,,a,
ASN00082076,20180215,TMAX,272,,,a,
ASN00082076,20180216,TMAX,282,,,a,
ASN00082076,20180217,TMAX,292,,,a,
ASN00082076,20180218,TMAX,326,,,a,
ASN00082076,20180219,TMAX,252,,,a,
ASN00082076,20180220,TMAX,274,,,a,
ASN00082076,20180221,TMAX,282,,,a,
ASN00082076,20180222,TMAX,304,,,a,
ASN00082076,20180223,TMAX,297,,,a,
ASN00082076,20180224,TMAX,303,,,a,
ASN00082076,20180225,TMAX,213,,,a,
ASN00082076,20180226,TMAX,254,,,a,
ASN00082076,20180227,TMAX,293,,,a,
ASN00082076,20180228,TMAX,327,,,a,
ASN00082076,20180201,TMIN,114,,,a,
ASN00082076,20180202,TMIN,140,,,a,
ASN00082076,20180203,TMIN,158,,,a,
ASN00082076,20180204,TMIN,116,,,a,
ASN00082076,20180205,TMIN,125,,,a,
ASN00082076,20180206,TMIN,180,,,a,
ASN00082076,20180207,TMIN,144,,,a,
ASN00082076,20180208,TMIN,146,,,a,
ASN00082076,20180209,TMIN,180,,,a,
ASN00082076,20180210,TMIN,155,,,a,
ASN00082076,20180211,TMIN,135,,,a,
ASN00082076,20180212,TMIN,104,,,a,
ASN00082076,20180215,TMIN,60,,,a,
ASN00082076,20180216,TMIN,84,,,a,
ASN00082076,20180217,TMIN,84,,,a,
ASN00082076,20180218,TMIN,90,,,a,
ASN00082076,20180219,TMIN,110,,,a,
ASN00082076,20180220,TMIN,164,,,a,
ASN00082076,20180221,TMIN,98,,,a,
ASN00082076,20180222,TMIN,140,,,a,
ASN00082076,20180223,TMIN,150,,,a,
ASN00082076,20180224,TMIN,142,,,a,
ASN00082076,20180225,TMIN,154,,,a,
ASN00082076,20180226,TMIN,143,,,a,
ASN00082076,20180227,TMIN,107,,,a,
ASN00082076,20180228,TMIN,104,,,a,
ASN00082076,20180201,PRCP,0,,,a,
ASN00082076,20180202,PRCP,0,,,a,
ASN00082076,20180203,PRCP,0,,,a,
ASN00082076,20180204,PRCP,0,,,a,
ASN00082076,20180205,PRCP,0,,,a,
ASN00082076,20180206,PRCP,0,,,a,
ASN00082076,20180207,PRCP,0,,,a,
ASN00082076,20180208,PRCP,0,,,a,
ASN00082076,20180209,PRCP,0,,,a,
ASN00082076,20180210,PRCP,0,,,a,
ASN00082076,20180211,PRCP,6,,,a,
ASN00082076,20180212,PRCP,0,,,a,
ASN00082076,20180213,PRCP,0,,,a,
ASN00082076,20180214,PRCP,0,,,a,
ASN00082076,20180215,PRCP,0,,,a,
ASN00082076,20180216,PRCP,0,,,a,
ASN00082076,20180217,PRCP,0,,,a,
ASN00082076,20180218,PRCP,0,,,a,
ASN00082076,20180219,PRCP,0,,,a,
ASN00082076,20180220,PRCP,0,,,a,
ASN00082076,20180221,PRCP,0,,,a,
ASN00082076,20180222,PRCP,0,,,a,
ASN00082076,20180223,PRCP,0,,,a,
ASN00082076,20180224,PRCP,0,,,a,
ASN00082076,20180225,PRCP,244,,,a,
ASN00082076,20180226,PRCP,122,,,a,
ASN00082076,20180227,PRCP,0,,,a,
ASN00082076,20180228,PRCP,0,,,a,
ASN00082076,20180214,DATN,2,,,a,
ASN00082076,20180213,DATX,2,,,a,
ASN00082076,20180214,MDTN,85,,,a,
ASN00082076,20180213,MDTX,295,,,a,
ASN00082076,20180301,TMAX,255,,,a,
ASN00082076,20180302,TMAX,250,,,a,
ASN00082076,20180303,TMAX,312,,,a,
ASN00082076,20180304,TMAX,300,,,a,
ASN00082076,20180305,TMAX,240,,,a,
ASN00082076,20180306,TMAX,265,,,a,
ASN00082076,20180307,TMAX,290,,,a,
ASN00082076,20180308,TMAX,308,,,a,
ASN00082076,20180309,TMAX,310,,,a,
ASN00082076,20180310,TMAX,310,,,a,
ASN00082076,20180311,TMAX,325,,,a,
ASN00082076,20180312,TMAX,276,,,a,
ASN00082076,20180313,TMAX,260,,,a,
ASN00082076,20180314,TMAX,280,,,a,
ASN00082076,20180315,TMAX,274,,,a,
ASN00082076,20180316,TMAX,282,,,a,
ASN00082076,20180317,TMAX,304,,,a,
ASN00082076,20180318,TMAX,280,,,a,
ASN00082076,20180319,TMAX,252,,,a,
ASN00082076,20180320,TMAX,246,,,a,
ASN00082076,20180321,TMAX,232,,,a,
ASN00082076,20180322,TMAX,260,,,a,
ASN00082076,20180323,TMAX,252,,,a,
ASN00082076,20180324,TMAX,238,,,a,
ASN00082076,20180325,TMAX,175,,,a,
ASN00082076,20180326,TMAX,138,,,a,
ASN00082076,20180327,TMAX,208,,,a,
ASN00082076,20180328,TMAX,260,,,a,
ASN00082076,20180329,TMAX,298,,,a,
ASN00082076,20180330,TMAX,265,,,a,
ASN00082076,20180331,TMAX,260,,,a,
ASN00082076,20180301,TMIN,128,,,a,
ASN00082076,20180302,TMIN,155,,,a,
ASN00082076,20180303,TMIN,108,,,a,
ASN00082076,20180304,TMIN,115,,,a,
ASN00082076,20180305,TMIN,152,,,a,
ASN00082076,20180306,TMIN,135,,,a,
ASN00082076,20180307,TMIN,86,,,a,
ASN00082076,20180308,TMIN,101,,,a,
ASN00082076,20180309,TMIN,119,,,a,
ASN00082076,20180310,TMIN,106,,,a,
ASN00082076,20180311,TMIN,110,,,a,
ASN00082076,20180312,TMIN,150,,,a,
ASN00082076,20180313,TMIN,140,,,a,
ASN00082076,20180314,TMIN,113,,,a,
ASN00082076,20180315,TMIN,104,,,a,
ASN00082076,20180316,TMIN,108,,,a,
ASN00082076,20180317,TMIN,128,,,a,
ASN00082076,20180318,TMIN,140,,,a,
ASN00082076,20180319,TMIN,32,,,a,
ASN00082076,20180320,TMIN,36,,,a,
ASN00082076,20180321,TMIN,59,,,a,
ASN00082076,20180322,TMIN,94,,,a,
ASN00082076,20180323,TMIN,106,,,a,
ASN00082076,20180324,TMIN,128,,,a,
ASN00082076,20180325,TMIN,131,,,a,
ASN00082076,20180326,TMIN,87,,,a,
ASN00082076,20180327,TMIN,49,,,a,
ASN00082076,20180328,TMIN,60,,,a,
ASN00082076,20180329,TMIN,76,,,a,
ASN00082076,20180330,TMIN,72,,,a,
ASN00082076,20180331,TMIN,98,,,a,
ASN00082076,20180301,PRCP,0,,,a,
ASN00082076,20180302,PRCP,0,,,a,
ASN00082076,20180303,PRCP,0,,,a,
ASN00082076,20180304,PRCP,0,,,a,
ASN00082076,20180305,PRCP,0,,,a,
ASN00082076,20180306,PRCP,0,,,a,
ASN00082076,20180307,PRCP,0,,,a,
ASN00082076,20180308,PRCP,0,,,a,
ASN00082076,20180309,PRCP,0,,,a,
ASN00082076,20180310,PRCP,0,,,a,
ASN00082076,20180311,PRCP,0,,,a,
ASN00082076,20180312,PRCP,0,,,a,
ASN00082076,20180313,PRCP,0,,,a,
ASN00082076,20180314,PRCP,0,,,a,
ASN00082076,20180315,PRCP,0,,,a,
ASN00082076,20180316,PRCP,0,,,a,
ASN00082076,20180317,PRCP,0,,,a,
ASN00082076,20180318,PRCP,0,,,a,
ASN00082076,20180319,PRCP,0,,,a,
ASN00082076,20180320,PRCP,0,,,a,
ASN00082076,20180321,PRCP,0,,,a,
ASN00082076,20180322,PRCP,0,,,a,
ASN00082076,20180323,PRCP,0,,,a,
ASN00082076,20180324,PRCP,0,,,a,
ASN00082076,20180325,PRCP,268,,,a,
ASN00082076,20180326,PRCP,210,,,a,
ASN00082076,20180327,PRCP,0,,,a,
ASN00082076,20180328,PRCP,0,,,a,
ASN00082076,20180329,PRCP,0,,,a,
ASN00082076,20180330,PRCP,0,,,a,
ASN00082076,20180331,PRCP,0,,,a,
ASN00082076,20180401,TMAX,245,,,a,
ASN00082076,20180405,TMAX,285,,,a,
ASN00082076,20180406,TMAX,270,,,a,
ASN00082076,20180407,TMAX,255,,,a,
ASN00082076,20180408,TMAX,270,,,a,
ASN00082076,20180409,TMAX,284,,,a,
ASN00082076,20180410,TMAX,245,,,a,
ASN00082076,20180411,TMAX,296,,,a,
ASN00082076,20180412,TMAX,310,,,a,
ASN00082076,20180413,TMAX,276,,,a,
ASN00082076,20180414,TMAX,156,,,a,
ASN00082076,20180415,TMAX,156,,,a,
ASN00082076,20180416,TMAX,180,,,a,
ASN00082076,20180417,TMAX,192,,,a,
ASN00082076,20180418,TMAX,224,,,a,
ASN00082076,20180419,TMAX,231,,,a,
ASN00082076,20180420,TMAX,259,,,a,
ASN00082076,20180421,TMAX,248,,,a,
ASN00082076,20180422,TMAX,246,,,a,
ASN00082076,20180423,TMAX,246,,,a,
ASN00082076,20180424,TMAX,244,,,a,
ASN00082076,20180425,TMAX,243,,,a,
ASN00082076,20180426,TMAX,216,,,a,
ASN00082076,20180427,TMAX,191,,,a,
ASN00082076,20180428,TMAX,210,,,a,
ASN00082076,20180429,TMAX,180,,,a,
ASN00082076,20180430,TMAX,212,,,a,
ASN00082076,20180401,TMIN,62,,,a,
ASN00082076,20180402,TMIN,90,,,a,
ASN00082076,20180406,TMIN,81,,,a,
ASN00082076,20180407,TMIN,63,,,a,
ASN00082076,20180408,TMIN,45,,,a,
ASN00082076,20180409,TMIN,70,,,a,
ASN00082076,20180410,TMIN,102,,,a,
ASN00082076,20180411,TMIN,122,,,a,
ASN00082076,20180412,TMIN,120,,,a,
ASN00082076,20180413,TMIN,106,,,a,
ASN00082076,20180414,TMIN,126,,,a,
ASN00082076,20180415,TMIN,94,,,a,
ASN00082076,20180416,TMIN,100,,,a,
ASN00082076,20180417,TMIN,90,,,a,
ASN00082076,20180418,TMIN,44,,,a,
ASN00082076,20180419,TMIN,60,,,a,
ASN00082076,20180420,TMIN,84,,,a,
ASN00082076,20180421,TMIN,92,,,a,
ASN00082076,20180422,TMIN,88,,,a,
ASN00082076,20180423,TMIN,77,,,a,
ASN00082076,20180424,TMIN,66,,,a,
ASN00082076,20180425,TMIN,86,,,a,
ASN00082076,20180426,TMIN,83,,,a,
ASN00082076,20180427,TMIN,95,,,a,
ASN00082076,20180428,TMIN,55,,,a,
ASN00082076,20180429,TMIN,78,,,a,
ASN00082076,20180430,TMIN,48,,,a,
ASN00082076,20180401,PRCP,0,,,a,
ASN00082076,20180402,PRCP,0,,,a,
ASN00082076,20180403,PRCP,0,,,a,
ASN00082076,20180404,PRCP,0,,,a,
ASN00082076,20180405,PRCP,0,,,a,
ASN00082076,20180406,PRCP,0,,,a,
ASN00082076,20180407,PRCP,0,,,a,
ASN00082076,20180408,PRCP,0,,,a,
ASN00082076,20180409,PRCP,0,,,a,
ASN00082076,20180410,PRCP,0,,,a,
ASN00082076,20180411,PRCP,0,,,a,
ASN00082076,20180412,PRCP,0,,,a,
ASN00082076,20180413,PRCP,0,,,a,
ASN00082076,20180414,PRCP,70,,,a,
ASN00082076,20180415,PRCP,108,,,a,
ASN00082076,20180416,PRCP,62,,,a,
ASN00082076,20180417,PRCP,6,,,a,
ASN00082076,20180418,PRCP,0,,,a,
ASN00082076,20180419,PRCP,0,,,a,
ASN00082076,20180420,PRCP,0,,,a,
ASN00082076,20180421,PRCP,0,,,a,
ASN00082076,20180422,PRCP,0,,,a,
ASN00082076,20180423,PRCP,0,,,a,
ASN00082076,20180424,PRCP,0,,,a,
ASN00082076,20180425,PRCP,0,,,a,
ASN00082076,20180426,PRCP,30,,,a,
ASN00082076,20180427,PRCP,0,,,a,
ASN00082076,20180428,PRCP,0,,,a,
ASN00082076,20180429,PRCP,0,,,a,
ASN00082076,20180430,PRCP,0,,,a,
ASN00082076,20180405,DATN,3,,,a,
ASN00082076,20180404,DATX,3,,,a,
ASN00082076,20180405,MDTN,85,,,a,
ASN00082076,20180404,MDTX,280,,,a,
ASN00082076,20180501,TMAX,225,,,a,
ASN00082076,20180502,TMAX,174,,,a,
ASN00082076,20180503,TMAX,243,,,a,
ASN00082076,20180504,TMAX,128,,,a,
ASN00082076,20180505,TMAX,160,,,a,
ASN00082076,20180506,TMAX,190,,,a,
ASN00082076,20180507,TMAX,190,,,a,
ASN00082076,20180510,TMAX,130,,,a,
ASN00082076,20180511,TMAX,114,,,a,
ASN00082076,20180512,TMAX,134,,,a,
ASN00082076,20180513,TMAX,166,,,a,
ASN00082076,20180514,TMAX,188,,,a,
ASN00082076,20180515,TMAX,149,,,a,
ASN00082076,20180516,TMAX,142,,,a,
ASN00082076,20180517,TMAX,153,,,a,
ASN00082076,20180518,TMAX,123,,,a,
ASN00082076,20180519,TMAX,135,,,a,
ASN00082076,20180520,TMAX,122,,,a,
ASN00082076,20180521,TMAX,153,,,a,
ASN00082076,20180522,TMAX,168,,,a,
ASN00082076,20180523,TMAX,126,,,a,
ASN00082076,20180524,TMAX,160,,,a,
ASN00082076,20180525,TMAX,180,,,a,
ASN00082076,20180526,TMAX,184,,,a,
ASN00082076,20180527,TMAX,175,,,a,
ASN00082076,20180528,TMAX,178,,,a,
ASN00082076,20180529,TMAX,114,,,a,
ASN00082076,20180530,TMAX,140,,,a,
ASN00082076,20180531,TMAX,132,,,a,
ASN00082076,20180501,TMIN,27,,,a,
ASN00082076,20180502,TMIN,42,,,a,
ASN00082076,20180503,TMIN,45,,,a,
ASN00082076,20180504,TMIN,67,,,a,
ASN00082076,20180505,TMIN,30,,,a,
ASN00082076,20180506,TMIN,60,,,a,
ASN00082076,20180507,TMIN,30,,,a,
ASN00082076,20180508,TMIN,22,,,a,
ASN00082076,20180511,TMIN,48,,,a,
ASN00082076,20180512,TMIN,34,,,a,
ASN00082076,20180513,TMIN,84,,,a,
ASN00082076,20180514,TMIN,98,,,a,
ASN00082076,20180515,TMIN,20,,,a,
ASN00082076,20180516,TMIN,35,,,a,
ASN00082076,20180517,TMIN,6,,,a,
ASN00082076,20180518,TMIN,44,,,a,
ASN00082076,20180519,TMIN,63,,,a,
ASN00082076,20180520,TMIN,12,,,a,
ASN00082076,20180521,TMIN,35,,,a,
ASN00082076,20180522,TMIN,97,,,a,
ASN00082076,20180523,TMIN,75,,,a,
ASN00082076,20180524,TMIN,60,,,a,
ASN00082076,20180525,TMIN,30,,,a,
ASN00082076,20180526,TMIN,9,,,a,
ASN00082076,20180527,TMIN,45,,,a,
ASN00082076,20180528,TMIN,45,,,a,
ASN00082076,20180529,TMIN,21,,,a,
ASN00082076,20180530,TMIN,60,,,a,
ASN00082076,20180531,TMIN,44,,,a,
ASN00082076,20180501,PRCP,0,,,a,
ASN00082076,20180502,PRCP,0,,,a,
ASN00082076,20180503,PRCP,0,,,a,
ASN00082076,20180504,PRCP,172,,,a,
ASN00082076,20180505,PRCP,82,,,a,
ASN00082076,20180506,PRCP,0,,,a,
ASN00082076,20180507,PRCP,0,,,a,
ASN00082076,20180508,PRCP,0,,,a,
ASN00082076,20180511,PRCP,158,,,a,
ASN00082076,20180512,PRCP,254,,,a,
ASN00082076,20180513,PRCP,0,,,a,
ASN00082076,20180514,PRCP,0,,,a,
ASN00082076,20180515,PRCP,0,,,a,
ASN00082076,20180516,PRCP,0,,,a,
ASN00082076,20180517,PRCP,0,,,a,
ASN00082076,20180518,PRCP,0,,,a,
ASN00082076,20180519,PRCP,0,,,a,
ASN00082076,20180520,PRCP,0,,,a,
ASN00082076,20180521,PRCP,8,,,a,
ASN00082076,20180522,PRCP,0,,,a,
ASN00082076,20180523,PRCP,0,,,a,
ASN00082076,20180524,PRCP,0,,,a,
ASN00082076,20180525,PRCP,0,,,a,
ASN00082076,20180526,PRCP,0,,,a,
ASN00082076,20180527,PRCP,0,,,a,
ASN00082076,20180528,PRCP,0,,,a,
ASN00082076,20180529,PRCP,12,,,a,
ASN00082076,20180530,PRCP,108,,,a,
ASN00082076,20180531,PRCP,22,,,a,
ASN00082076,20180510,DAPR,2,,,a,
ASN00082076,20180510,DATN,2,,,a,
ASN00082076,20180509,DATX,2,,,a,
ASN00082076,20180510,MDPR,8,,,a,
ASN00082076,20180510,MDTN,18,,,a,
ASN00082076,20180509,MDTX,200,,,a,
ASN00082076,20180603,TMAX,155,,,a,
ASN00082076,20180604,TMAX,150,,,a,
ASN00082076,20180605,TMAX,155,,,a,
ASN00082076,20180606,TMAX,134,,,a,
ASN00082076,20180609,TMAX,150,,,a,
ASN00082076,20180610,TMAX,144,,,a,
ASN00082076,20180611,TMAX,146,,,a,
ASN00082076,20180614,TMAX,109,,,a,
ASN00082076,20180615,TMAX,96,,,a,
ASN00082076,20180616,TMAX,92,,,a,
ASN00082076,20180617,TMAX,72,,,a,
ASN00082076,20180618,TMAX,131,,,a,
ASN00082076,20180619,TMAX,135,,,a,
ASN00082076,20180620,TMAX,133,,,a,
ASN00082076,20180621,TMAX,140,,,a,
ASN00082076,20180622,TMAX,111,,,a,
ASN00082076,20180623,TMAX,104,,,a,
ASN00082076,20180624,TMAX,122,,,a,
ASN00082076,20180625,TMAX,123,,,a,
ASN00082076,20180626,TMAX,132,,,a,
ASN00082076,20180627,TMAX,140,,,a,
ASN00082076,20180628,TMAX,99,,,a,
ASN00082076,20180629,TMAX,95,,,a,
ASN00082076,20180630,TMAX,95,,,a,
ASN00082076,20180601,TMIN,64,,,a,
ASN00082076,20180604,TMIN,70,,,a,
ASN00082076,20180605,TMIN,30,,,a,
ASN00082076,20180606,TMIN,30,,,a,
ASN00082076,20180607,TMIN,64,,,a,
ASN00082076,20180610,TMIN,35,,,a,
ASN00082076,20180611,TMIN,8,,,a,
ASN00082076,20180612,TMIN,10,,,a,
ASN00082076,20180615,TMIN,74,,,a,
ASN00082076,20180616,TMIN,49,,,a,
ASN00082076,20180617,TMIN,44,,,a,
ASN00082076,20180618,TMIN,33,,,a,
ASN00082076,20180619,TMIN,33,,,a,
ASN00082076,20180620,TMIN,6,,,a,
ASN00082076,20180621,TMIN,-4,,,a,
ASN00082076,20180622,TMIN,1,,,a,
ASN00082076,20180623,TMIN,16,,,a,
ASN00082076,20180624,TMIN,10,,,a,
ASN00082076,20180625,TMIN,-29,,,a,
ASN00082076,20180626,TMIN,-13,,,a,
ASN00082076,20180627,TMIN,-15,,,a,
ASN00082076,20180628,TMIN,15,,,a,
ASN00082076,20180629,TMIN,45,,,a,
ASN00082076,20180630,TMIN,70,,,a,
ASN00082076,20180601,PRCP,0,,,a,
ASN00082076,20180602,PRCP,0,,,a,
ASN00082076,20180603,PRCP,0,,,a,
ASN00082076,20180604,PRCP,0,,,a,
ASN00082076,20180605,PRCP,0,,,a,
ASN00082076,20180606,PRCP,0,,,a,
ASN00082076,20180607,PRCP,18,,,a,
ASN00082076,20180610,PRCP,6,,,a,
ASN00082076,20180611,PRCP,0,,,a,
ASN00082076,20180612,PRCP,122,,,a,
ASN00082076,20180615,PRCP,124,,,a,
ASN00082076,20180616,PRCP,116,,,a,
ASN00082076,20180617,PRCP,78,,,a,
ASN00082076,20180618,PRCP,82,,,a,
ASN00082076,20180619,PRCP,0,,,a,
ASN00082076,20180620,PRCP,0,,,a,
ASN00082076,20180621,PRCP,0,,,a,
ASN00082076,20180622,PRCP,0,,,a,
ASN00082076,20180623,PRCP,0,,,a,
ASN00082076,20180624,PRCP,0,,,a,
ASN00082076,20180625,PRCP,0,,,a,
ASN00082076,20180626,PRCP,0,,,a,
ASN00082076,20180627,PRCP,0,,,a,
ASN00082076,20180628,PRCP,10,,,a,
ASN00082076,20180629,PRCP,30,,,a,
ASN00082076,20180630,PRCP,40,,,a,
ASN00082076,20180609,DAPR,2,,,a,
ASN00082076,20180614,DAPR,2,,,a,
ASN00082076,20180603,DATN,2,,,a,
ASN00082076,20180609,DATN,2,,,a,
ASN00082076,20180614,DATN,2,,,a,
ASN00082076,20180602,DATX,2,,,a,
ASN00082076,20180608,DATX,2,,,a,
ASN00082076,20180613,DATX,2,,,a,
ASN00082076,20180609,MDPR,138,,,a,
ASN00082076,20180614,MDPR,94,,,a,
ASN00082076,20180603,MDTN,70,,,a,
ASN00082076,20180609,MDTN,92,,,a,
ASN00082076,20180614,MDTN,60,,,a,
ASN00082076,20180602,MDTX,135,,,a,
ASN00082076,20180608,MDTX,106,,,a,
ASN00082076,20180613,MDTX,102,,,a,
ASN00082076,20180701,TMAX,120,,,a,
ASN00082076,20180702,TMAX,128,,,a,
ASN00082076,20180703,TMAX,137,,,a,
ASN00082076,20180704,TMAX,155,,,a,
ASN00082076,20180705,TMAX,178,,,a,
ASN00082076,20180706,TMAX,120,,,a,
ASN00082076,20180707,TMAX,82,,,a,
ASN00082076,20180708,TMAX,102,,,a,
ASN00082076,20180709,TMAX,126,,,a,
ASN00082076,20180710,TMAX,120,,,a,
ASN00082076,20180711,TMAX,110,,,a,
ASN00082076,20180712,TMAX,108,,,a,
ASN00082076,20180713,TMAX,118,,,a,
ASN00082076,20180714,TMAX,114,,,a,
ASN00082076,20180715,TMAX,69,,,a,
ASN00082076,20180716,TMAX,92,,,a,
ASN00082076,20180717,TMAX,153,,,a,
ASN00082076,20180718,TMAX,106,,,a,
ASN00082076,20180719,TMAX,145,,,a,
ASN00082076,20180720,TMAX,100,,,a,
ASN00082076,20180721,TMAX,85,,,a,
ASN00082076,20180722,TMAX,93,,,a,
ASN00082076,20180723,TMAX,109,,,a,
ASN00082076,20180724,TMAX,131,,,a,
ASN00082076,20180725,TMAX,136,,,a,
ASN00082076,20180726,TMAX,118,,,a,
ASN00082076,20180727,TMAX,141,,,a,
ASN00082076,20180728,TMAX,155,,,a,
ASN00082076,20180729,TMAX,120,,,a,
ASN00082076,20180730,TMAX,60,,,a,
ASN00082076,20180731,TMAX,120,,,a,
ASN00082076,20180701,TMIN,20,,,a,
ASN00082076,20180702,TMIN,-10,,,a,
ASN00082076,20180703,TMIN,-10,,,a,
ASN00082076,20180704,TMIN,0,,,a,
ASN00082076,20180705,TMIN,35,,,a,
ASN00082076,20180706,TMIN,46,,,a,
ASN00082076,20180707,TMIN,58,,,a,
ASN00082076,20180708,TMIN,58,,,a,
ASN00082076,20180709,TMIN,22,,,a,
ASN00082076,20180710,TMIN,-16,,,a,
ASN00082076,20180711,TMIN,-24,,,a,
ASN00082076,20180712,TMIN,-6,,,a,
ASN00082076,20180713,TMIN,2,,,a,
ASN00082076,20180714,TMIN,-20,,,a,
ASN00082076,20180715,TMIN,0,,,a,
ASN00082076,20180716,TMIN,-2,,,a,
ASN00082076,20180717,TMIN,-12,,,a,
ASN00082076,20180718,TMIN,-3,,,a,
ASN00082076,20180719,TMIN,1,,,a,
ASN00082076,20180720,TMIN,13,,,a,
ASN00082076,20180721,TMIN,0,,,a,
ASN00082076,20180722,TMIN,16,,,a,
ASN00082076,20180723,TMIN,-34,,,a,
ASN00082076,20180724,TMIN,-5,,,a,
ASN00082076,20180725,TMIN,70,,,a,
ASN00082076,20180726,TMIN,21,,,a,
ASN00082076,20180727,TMIN,40,,,a,
ASN00082076,20180728,TMIN,45,,,a,
ASN00082076,20180729,TMIN,60,,,a,
ASN00082076,20180730,TMIN,55,,,a,
ASN00082076,20180731,TMIN,45,,,a,
ASN00082076,20180701,PRCP,8,,,a,
ASN00082076,20180702,PRCP,0,,,a,
ASN00082076,20180703,PRCP,0,,,a,
ASN00082076,20180704,PRCP,0,,,a,
ASN00082076,20180705,PRCP,0,,,a,
ASN00082076,20180706,PRCP,48,,,a,
ASN00082076,20180707,PRCP,114,,,a,
ASN00082076,20180708,PRCP,44,,,a,
ASN00082076,20180709,PRCP,12,,,a,
ASN00082076,20180710,PRCP,0,,,a,
ASN00082076,20180711,PRCP,0,,,a,
ASN00082076,20180712,PRCP,0,,,a,
ASN00082076,20180713,PRCP,0,,,a,
ASN00082076,20180714,PRCP,0,,,a,
ASN00082076,20180715,PRCP,0,,,a,
ASN00082076,20180716,PRCP,0,,,a,
ASN00082076,20180717,PRCP,0,,,a,
ASN00082076,20180718,PRCP,34,,,a,
ASN00082076,20180719,PRCP,0,,,a,
ASN00082076,20180720,PRCP,98,,,a,
ASN00082076,20180721,PRCP,20,,,a,
ASN00082076,20180722,PRCP,0,,,a,
ASN00082076,20180723,PRCP,0,,,a,
ASN00082076,20180724,PRCP,56,,,a,
ASN00082076,20180725,PRCP,14,,,a,
ASN00082076,20180726,PRCP,0,,,a,
ASN00082076,20180727,PRCP,30,,,a,
ASN00082076,20180728,PRCP,8,,,a,
ASN00082076,20180729,PRCP,40,,,a,
ASN00082076,20180730,PRCP,46,,,a,
ASN00082076,20180731,PRCP,20,,,a,
ASN00082076,20180801,TMAX,135,,,a,
ASN00082076,20180802,TMAX,140,,,a,
ASN00082076,20180803,TMAX,129,,,a,
ASN00082076,20180804,TMAX,101,,,a,
ASN00082076,20180805,TMAX,155,,,a,
ASN00082076,20180806,TMAX,105,,,a,
ASN00082076,20180807,TMAX,90,,,a,
ASN00082076,20180808,TMAX,80,,,a,
ASN00082076,20180809,TMAX,114,,,a,
ASN00082076,20180810,TMAX,162,,,a,
ASN00082076,20180811,TMAX,112,,,a,
ASN00082076,20180812,TMAX,98,,,a,
ASN00082076,20180813,TMAX,128,,,a,
ASN00082076,20180814,TMAX,136,,,a,
ASN00082076,20180815,TMAX,108,,,a,
ASN00082076,20180816,TMAX,129,,,a,
ASN00082076,20180817,TMAX,104,,,a,
ASN00082076,20180818,TMAX,87,,,a,
ASN00082076,20180819,TMAX,106,,,a,
ASN00082076,20180820,TMAX,112,,,a,
ASN00082076,20180821,TMAX,109,,,a,
ASN00082076,20180822,TMAX,130,,,a,
ASN00082076,20180823,TMAX,99,,,a,
ASN00082076,20180824,TMAX,160,,,a,
ASN00082076,20180825,TMAX,175,,,a,
ASN00082076,20180826,TMAX,175,,,a,
ASN00082076,20180827,TMAX,110,,,a,
ASN00082076,20180828,TMAX,110,,,a,
ASN00082076,20180829,TMAX,143,,,a,
ASN00082076,20180830,TMAX,112,,,a,
ASN00082076,20180801,TMIN,45,,,a,
ASN00082076,20180802,TMIN,-10,,,a,
ASN00082076,20180803,TMIN,-3,,,a,
ASN00082076,20180804,TMIN,19,,,a,
ASN00082076,20180805,TMIN,37,,,a,
ASN00082076,20180806,TMIN,45,,,a,
ASN00082076,20180807,TMIN,40,,,a,
ASN00082076,20180808,TMIN,53,,,a,
ASN00082076,20180809,TMIN,41,,,a,
ASN00082076,20180810,TMIN,20,,,a,
ASN00082076,20180811,TMIN,22,,,a,
ASN00082076,20180812,TMIN,20,,,a,
ASN00082076,20180813,TMIN,20,,,a,
ASN00082076,20180814,TMIN,66,,,a,
ASN00082076,20180815,TMIN,48,,,a,
ASN00082076,20180816,TMIN,29,,,a,
ASN00082076,20180817,TMIN,26,,,a,
ASN00082076,20180818,TMIN,28,,,a,
ASN00082076,20180819,TMIN,45,,,a,
ASN00082076,20180820,TMIN,-34,,,a,
ASN00082076,20180821,TMIN,-15,,,a,
ASN00082076,20180822,TMIN,26,,,a,
ASN00082076,20180823,TMIN,12,,,a,
ASN00082076,20180824,TMIN,-1,,,a,
ASN00082076,20180825,TMIN,10,,,a,
ASN00082076,20180826,TMIN,50,,,a,
ASN00082076,20180827,TMIN,35,,,a,
ASN00082076,20180828,TMIN,30,,,a,
ASN00082076,20180829,TMIN,-10,,,a,
ASN00082076,20180830,TMIN,-12,,,a,
ASN00082076,20180831,TMIN,38,,,a,
ASN00082076,20180801,PRCP,36,,,a,
ASN00082076,20180802,PRCP,0,,,a,
ASN00082076,20180803,PRCP,0,,,a,
ASN00082076,20180804,PRCP,230,,,a,
ASN00082076,20180805,PRCP,6,,,a,
ASN00082076,20180806,PRCP,0,,,a,
ASN00082076,20180807,PRCP,206,,,a,
ASN00082076,20180808,PRCP,62,,,a,
ASN00082076,20180809,PRCP,144,,,a,
ASN00082076,20180810,PRCP,0,,,a,
ASN00082076,20180811,PRCP,0,,,a,
ASN00082076,20180812,PRCP,132,,,a,
ASN00082076,20180813,PRCP,20,,,a,
ASN00082076,20180814,PRCP,0,,,a,
ASN00082076,20180815,PRCP,0,,,a,
ASN00082076,20180816,PRCP,54,,,a,
ASN00082076,20180817,PRCP,0,,,a,
ASN00082076,20180818,PRCP,30,,,a,
ASN00082076,20180819,PRCP,136,,,a,
ASN00082076,20180820,PRCP,8,,,a,
ASN00082076,20180821,PRCP,6,,,a,
ASN00082076,20180822,PRCP,2,,,a,
ASN00082076,20180823,PRCP,14,,,a,
ASN00082076,20180824,PRCP,0,,,a,
ASN00082076,20180825,PRCP,0,,,a,
ASN00082076,20180826,PRCP,30,,,a,
ASN00082076,20180827,PRCP,0,,,a,
ASN00082076,20180828,PRCP,0,,,a,
ASN00082076,20180829,PRCP,0,,,a,
ASN00082076,20180830,PRCP,0,,,a,
ASN00082076,20180831,PRCP,4,,,a,
ASN00082076,20180902,TMAX,132,,,a,
ASN00082076,20180903,TMAX,156,,,a,
ASN00082076,20180904,TMAX,178,,,a,
ASN00082076,20180905,TMAX,178,,,a,
ASN00082076,20180906,TMAX,127,,,a,
ASN00082076,20180907,TMAX,172,,,a,
ASN00082076,20180908,TMAX,158,,,a,
ASN00082076,20180909,TMAX,146,,,a,
ASN00082076,20180910,TMAX,191,,,a,
ASN00082076,20180911,TMAX,213,,,a,
ASN00082076,20180912,TMAX,179,,,a,
ASN00082076,20180913,TMAX,185,,,a,
ASN00082076,20180914,TMAX,193,,,a,
ASN00082076,20180915,TMAX,150,,,a,
ASN00082076,20180916,TMAX,121,,,a,
ASN00082076,20180917,TMAX,148,,,a,
ASN00082076,20180918,TMAX,189,,,a,
ASN00082076,20180919,TMAX,146,,,a,
ASN00082076,20180920,TMAX,161,,,a,
ASN00082076,20180921,TMAX,185,,,a,
ASN00082076,20180922,TMAX,195,,,a,
ASN00082076,20180923,TMAX,185,,,a,
ASN00082076,20180924,TMAX,194,,,a,
ASN00082076,20180925,TMAX,175,,,a,
ASN00082076,20180926,TMAX,190,,,a,
ASN00082076,20180927,TMAX,202,,,a,
ASN00082076,20180903,TMIN,62,,,a,
ASN00082076,20180904,TMIN,20,,,a,
ASN00082076,20180913,TMIN,0,,,a,
ASN00082076,20180914,TMIN,6,,,a,
ASN00082076,20180915,TMIN,35,,,a,
ASN00082076,20180916,TMIN,-20,,,a,
ASN00082076,20180917,TMIN,-21,,,a,
ASN00082076,20180918,TMIN,-10,,,a,
ASN00082076,20180919,TMIN,61,,,a,
ASN00082076,20180920,TMIN,-14,,,a,
ASN00082076,20180921,TMIN,-5,,,a,
ASN00082076,20180922,TMIN,15,,,a,
ASN00082076,20180923,TMIN,24,,,a,
ASN00082076,20180924,TMIN,65,,,a,
ASN00082076,20180925,TMIN,35,,,a,
ASN00082076,20180926,TMIN,65,,,a,
ASN00082076,20180927,TMIN,30,,,a,
ASN00082076,20180928,TMIN,24,,,a,
ASN00082076,20180903,PRCP,0,,,a,
ASN00082076,20180904,PRCP,0,,,a,
ASN00082076,20180905,PRCP,0,,,a,
ASN00082076,20180906,PRCP,6,,,a,
ASN00082076,20180907,PRCP,216,,,a,
ASN00082076,20180908,PRCP,0,,,a,
ASN00082076,20180909,PRCP,2,,,a,
ASN00082076,20180910,PRCP,0,,,a,
ASN00082076,20180911,PRCP,0,,,a,
ASN00082076,20180912,PRCP,0,,,a,
ASN00082076,20180913,PRCP,0,,,a,
ASN00082076,20180914,PRCP,0,,,a,
ASN00082076,20180915,PRCP,0,,,a,
ASN00082076,20180916,PRCP,8,,,a,
ASN00082076,20180917,PRCP,0,,,a,
ASN00082076,20180918,PRCP,0,,,a,
ASN00082076,20180919,PRCP,0,,,a,
ASN00082076,20180920,PRCP,0,,,a,
ASN00082076,20180921,PRCP,0,,,a,
ASN00082076,20180922,PRCP,0,,,a,
ASN00082076,20180923,PRCP,0,,,a,
ASN00082076,20180924,PRCP,0,,,a,
ASN00082076,20180925,PRCP,0,,,a,
ASN00082076,20180926,PRCP,12,,,a,
ASN00082076,20180927,PRCP,0,,,a,
ASN00082076,20180928,PRCP,0,,,a,
ASN00082076,20180929,PRCP,0,,,a,
ASN00082076,20180930,PRCP,0,,,a,
ASN00082076,20180902,DAPR,2,,,a,
ASN00082076,20180902,DATN,2,,,a,
ASN00082076,20180912,DATN,8,,,a,
ASN00082076,20180901,DATX,2,,,a,
ASN00082076,20180902,MDPR,234,,,a,
ASN00082076,20180902,MDTN,46,,,a,
ASN00082076,20180912,MDTN,73,,,a,
ASN00082076,20180901,MDTX,132,,,a,
ASN00082076,20181002,TMAX,234,,,a,
ASN00082076,20181003,TMAX,140,,,a,
ASN00082076,20181004,TMAX,162,,,a,
ASN00082076,20181005,TMAX,191,,,a,
ASN00082076,20181006,TMAX,226,,,a,
ASN00082076,20181007,TMAX,248,,,a,
ASN00082076,20181008,TMAX,253,,,a,
ASN00082076,20181009,TMAX,195,,,a,
ASN00082076,20181010,TMAX,145,,,a,
ASN00082076,20181011,TMAX,207,,,a,
ASN00082076,20181012,TMAX,225,,,a,
ASN00082076,20181013,TMAX,235,,,a,
ASN00082076,20181014,TMAX,230,,,a,
ASN00082076,20181015,TMAX,260,,,a,
ASN00082076,20181016,TMAX,245,,,a,
ASN00082076,20181017,TMAX,203,,,a,
ASN00082076,20181020,TMAX,215,,,a,
ASN00082076,20181021,TMAX,220,,,a,
ASN00082076,20181022,TMAX,245,,,a,
ASN00082076,20181023,TMAX,275,,,a,
ASN00082076,20181024,TMAX,212,,,a,
ASN00082076,20181025,TMAX,230,,,a,
ASN00082076,20181026,TMAX,242,,,a,
ASN00082076,20181027,TMAX,250,,,a,
ASN00082076,20181028,TMAX,244,,,a,
ASN00082076,20181029,TMAX,260,,,a,
ASN00082076,20181030,TMAX,268,,,a,
ASN00082076,20181031,TMAX,294,,,a,
ASN00082076,20181003,TMIN,70,,,a,
ASN00082076,20181004,TMIN,116,,,a,
ASN00082076,20181005,TMIN,104,,,a,
ASN00082076,20181006,TMIN,39,,,a,
ASN00082076,20181007,TMIN,53,,,a,
ASN00082076,20181008,TMIN,68,,,a,
ASN00082076,20181009,TMIN,81,,,a,
ASN00082076,20181010,TMIN,114,,,a,
ASN00082076,20181011,TMIN,78,,,a,
ASN00082076,20181012,TMIN,85,,,a,
ASN00082076,20181013,TMIN,46,,,a,
ASN00082076,20181014,TMIN,60,,,a,
ASN00082076,20181015,TMIN,62,,,a,
ASN00082076,20181016,TMIN,75,,,a,
ASN00082076,20181017,TMIN,140,,,a,
ASN00082076,20181018,TMIN,119,,,a,
ASN00082076,20181021,TMIN,85,,,a,
ASN00082076,20181022,TMIN,50,,,a,
ASN00082076,20181023,TMIN,65,,,a,
ASN00082076,20181024,TMIN,95,,,a,
ASN00082076,20181025,TMIN,52,,,a,
ASN00082076,20181026,TMIN,60,,,a,
ASN00082076,20181027,TMIN,68,,,a,
ASN00082076,20181028,TMIN,95,,,a,
ASN00082076,20181029,TMIN,90,,,a,
ASN00082076,20181030,TMIN,34,,,a,
ASN00082076,20181031,TMIN,58,,,a,
ASN00082076,20181001,PRCP,0,,,a,
ASN00082076,20181002,PRCP,0,,,a,
ASN00082076,20181003,PRCP,0,,,a,
ASN00082076,20181004,PRCP,42,,,a,
ASN00082076,20181005,PRCP,26,,,a,
ASN00082076,20181006,PRCP,0,,,a,
ASN00082076,20181007,PRCP,0,,,a,
ASN00082076,20181008,PRCP,0,,,a,
ASN00082076,20181009,PRCP,0,,,a,
ASN00082076,20181010,PRCP,44,,,a,
ASN00082076,20181011,PRCP,0,,,a,
ASN00082076,20181012,PRCP,0,,,a,
ASN00082076,20181013,PRCP,0,,,a,
ASN00082076,20181014,PRCP,0,,,a,
ASN00082076,20181015,PRCP,0,,,a,
ASN00082076,20181016,PRCP,0,,,a,
ASN00082076,20181017,PRCP,82,,,a,
ASN00082076,20181018,PRCP,22,,,a,
ASN00082076,20181019,PRCP,0,,,a,
ASN00082076,20181020,PRCP,0,,,a,
ASN00082076,20181021,PRCP,128,,,a,
ASN00082076,20181022,PRCP,0,,,a,
ASN00082076,20181023,PRCP,0,,,a,
ASN00082076,20181024,PRCP,0,,,a,
ASN00082076,20181025,PRCP,0,,,a,
ASN00082076,20181026,PRCP,0,,,a,
ASN00082076,20181027,PRCP,0,,,a,
ASN00082076,20181028,PRCP,0,,,a,
ASN00082076,20181029,PRCP,0,,,a,
ASN00082076,20181030,PRCP,0,,,a,
ASN00082076,20181031,PRCP,0,,,a,
ASN00082076,20181002,DATN,4,,,a,
ASN00082076,20181020,DATN,2,,,a,
ASN00082076,20181001,DATX,4,,,a,
ASN00082076,20181019,DATX,2,,,a,
ASN00082076,20181002,MDTN,48,,,a,
ASN00082076,20181020,MDTN,78,,,a,
ASN00082076,20181001,MDTX,216,,,a,
ASN00082076,20181019,MDTX,252,,,a,
ASN00082076,20181101,TMAX,333,,,a,
ASN00082076,20181102,TMAX,290,,,a,
ASN00082076,20181103,TMAX,231,,,a,
ASN00082076,20181104,TMAX,247,,,a,
ASN00082076,20181105,TMAX,231,,,a,
ASN00082076,20181106,TMAX,198,,,a,
ASN00082076,20181107,TMAX,157,,,a,
ASN00082076,20181108,TMAX,178,,,a,
ASN00082076,20181109,TMAX,195,,,a,
ASN00082076,20181110,TMAX,240,,,a,
ASN00082076,20181111,TMAX,270,,,a,
ASN00082076,20181112,TMAX,275,,,a,
ASN00082076,20181113,TMAX,210,,,a,
ASN00082076,20181114,TMAX,240,,,a,
ASN00082076,20181115,TMAX,194,,,a,
ASN00082076,20181116,TMAX,245,,,a,
ASN00082076,20181117,TMAX,230,,,a,
ASN00082076,20181118,TMAX,270,,,a,
ASN00082076,20181119,TMAX,270,,,a,
ASN00082076,20181120,TMAX,280,,,a,
ASN00082076,20181123,TMAX,132,,,a,
ASN00082076,20181124,TMAX,172,,,a,
ASN00082076,20181125,TMAX,194,,,a,
ASN00082076,20181126,TMAX,250,,,a,
ASN00082076,20181127,TMAX,242,,,a,
ASN00082076,20181128,TMAX,204,,,a,
ASN00082076,20181129,TMAX,237,,,a,
ASN00082076,20181130,TMAX,264,,,a,
ASN00082076,20181101,TMIN,96,,,a,
ASN00082076,20181102,TMIN,155,,,a,
ASN00082076,20181103,TMIN,122,,,a,
ASN00082076,20181104,TMIN,50,,,a,
ASN00082076,20181105,TMIN,98,,,a,
ASN00082076,20181106,TMIN,147,,,a,
ASN00082076,20181107,TMIN,145,,,a,
ASN00082076,20181108,TMIN,26,,,a,
ASN00082076,20181109,TMIN,25,,,a,
ASN00082076,20181110,TMIN,35,,,a,
ASN00082076,20181111,TMIN,75,,,a,
ASN00082076,20181112,TMIN,86,,,a,
ASN00082076,20181113,TMIN,107,,,a,
ASN00082076,20181114,TMIN,154,,,a,
ASN00082076,20181115,TMIN,145,,,a,
ASN00082076,20181116,TMIN,81,,,a,
ASN00082076,20181117,TMIN,140,,,a,
ASN00082076,20181118,TMIN,90,,,a,
ASN00082076,20181119,TMIN,90,,,a,
ASN00082076,20181120,TMIN,90,,,a,
ASN00082076,20181121,TMIN,171,,,a,
ASN00082076,20181124,TMIN,62,,,a,
ASN00082076,20181125,TMIN,66,,,a,
ASN00082076,20181126,TMIN,122,,,a,
ASN00082076,20181127,TMIN,124,,,a,
ASN00082076,20181128,TMIN,148,,,a,
ASN00082076,20181129,TMIN,136,,,a,
ASN00082076,20181130,TMIN,100,,,a,
ASN00082076,20181101,PRCP,0,,,a,
ASN00082076,20181102,PRCP,4,,,a,
ASN00082076,20181103,PRCP,16,,,a,
ASN00082076,20181104,PRCP,0,,,a,
ASN00082076,20181105,PRCP,0,,,a,
ASN00082076,20181106,PRCP,56,,,a,
ASN00082076,20181107,PRCP,282,,,a,
ASN00082076,20181108,PRCP,0,,,a,
ASN00082076,20181109,PRCP,0,,,a,
ASN00082076,20181110,PRCP,0,,,a,
ASN00082076,20181111,PRCP,0,,,a,
ASN00082076,20181112,PRCP,0,,,a,
ASN00082076,20181113,PRCP,0,,,a,
ASN00082076,20181114,PRCP,160,,,a,
ASN00082076,20181115,PRCP,10,,,a,
ASN00082076,20181116,PRCP,0,,,a,
ASN00082076,20181117,PRCP,0,,,a,
ASN00082076,20181118,PRCP,0,,,a,
ASN00082076,20181119,PRCP,0,,,a,
ASN00082076,20181120,PRCP,0,,,a,
ASN00082076,20181121,PRCP,140,,,a,
ASN00082076,20181124,PRCP,28,,,a,
ASN00082076,20181125,PRCP,16,,,a,
ASN00082076,20181126,PRCP,42,,,a,
ASN00082076,20181127,PRCP,0,,,a,
ASN00082076,20181128,PRCP,36,,,a,
ASN00082076,20181129,PRCP,0,,,a,
ASN00082076,20181130,PRCP,0,,,a,
ASN00082076,20181123,DAPR,2,,,a,
ASN00082076,20181123,DATN,2,,,a,
ASN00082076,20181122,DATX,2,,,a,
ASN00082076,20181123,MDPR,182,,,a,
ASN00082076,20181123,MDTN,80,,,a,
ASN00082076,20181122,MDTX,120,,,a,
ASN00082076,20181201,TMAX,291,,,a,
ASN00082076,20181202,TMAX,212,,,a,
ASN00082076,20181203,TMAX,212,,,a,
ASN00082076,20181204,TMAX,272,,,a,
ASN00082076,20181205,TMAX,287,,,a,
ASN00082076,20181206,TMAX,315,,,a,
ASN00082076,20181207,TMAX,332,,,a,
ASN00082076,20181208,TMAX,325,,,a,
ASN00082076,20181209,TMAX,296,,,a,
ASN00082076,20181210,TMAX,304,,,a,
ASN00082076,20181211,TMAX,320,,,a,
ASN00082076,20181212,TMAX,301,,,a,
ASN00082076,20181213,TMAX,215,,,a,
ASN00082076,20181214,TMAX,220,,,a,
ASN00082076,20181215,TMAX,265,,,a,
ASN00082076,20181216,TMAX,240,,,a,
ASN00082076,20181217,TMAX,285,,,a,
ASN00082076,20181218,TMAX,320,,,a,
ASN00082076,20181219,TMAX,295,,,a,
ASN00082076,20181220,TMAX,317,,,a,
ASN00082076,20181221,TMAX,259,,,a,
ASN00082076,20181222,TMAX,225,,,a,
ASN00082076,20181223,TMAX,268,,,a,
ASN00082076,20181224,TMAX,301,,,a,
ASN00082076,20181225,TMAX,336,,,a,
ASN00082076,20181226,TMAX,352,,,a,
ASN00082076,20181227,TMAX,380,,,a,
ASN00082076,20181228,TMAX,363,,,a,
ASN00082076,20181229,TMAX,335,,,a,
ASN00082076,20181230,TMAX,300,,,a,
ASN00082076,20181231,TMAX,287,,,a,
ASN00082076,20181201,TMIN,98,,,a,
ASN00082076,20181202,TMIN,118,,,a,
ASN00082076,20181203,TMIN,49,,,a,
ASN00082076,20181204,TMIN,85,,,a,
ASN00082076,20181205,TMIN,132,,,a,
ASN00082076,20181206,TMIN,118,,,a,
ASN00082076,20181207,TMIN,126,,,a,
ASN00082076,20181208,TMIN,156,,,a,
ASN00082076,20181209,TMIN,192,,,a,
ASN00082076,20181210,TMIN,138,,,a,
ASN00082076,20181211,TMIN,146,,,a,
ASN00082076,20181212,TMIN,162,,,a,
ASN00082076,20181213,TMIN,175,,,a,
ASN00082076,20181214,TMIN,157,,,a,
ASN00082076,20181215,TMIN,155,,,a,
ASN00082076,20181216,TMIN,140,,,a,
ASN00082076,20181217,TMIN,114,,,a,
ASN00082076,20181218,TMIN,180,,,a,
ASN00082076,20181219,TMIN,155,,,a,
ASN00082076,20181220,TMIN,160,,,a,
ASN00082076,20181221,TMIN,173,,,a,
ASN00082076,20181222,TMIN,130,,,a,
ASN00082076,20181223,TMIN,131,,,a,
ASN00082076,20181224,TMIN,104,,,a,
ASN00082076,20181225,TMIN,116,,,a,
ASN00082076,20181226,TMIN,140,,,a,
ASN00082076,20181227,TMIN,131,,,a,
ASN00082076,20181228,TMIN,183,,,a,
ASN00082076,20181229,TMIN,181,,,a,
ASN00082076,20181230,TMIN,210,,,a,
ASN00082076,20181231,TMIN,172,,,a,
ASN00082076,20181201,PRCP,0,,,a,
ASN00082076,20181202,PRCP,58,,,a,
ASN00082076,20181203,PRCP,0,,,a,
ASN00082076,20181204,PRCP,0,,,a,
ASN00082076,20181205,PRCP,0,,,a,
ASN00082076,20181206,PRCP,0,,,a,
ASN00082076,20181207,PRCP,0,,,a,
ASN00082076,20181208,PRCP,0,,,a,
ASN00082076,20181209,PRCP,6,,,a,
ASN00082076,20181210,PRCP,172,,,a,
ASN00082076,20181211,PRCP,0,,,a,
ASN00082076,20181212,PRCP,0,,,a,
ASN00082076,20181213,PRCP,126,,,a,
ASN00082076,20181214,PRCP,168,,,a,
ASN00082076,20181215,PRCP,112,,,a,
ASN00082076,20181216,PRCP,20,,,a,
ASN00082076,20181217,PRCP,0,,,a,
ASN00082076,20181218,PRCP,0,,,a,
ASN00082076,20181219,PRCP,4,,,a,
ASN00082076,20181220,PRCP,4,,,a,
ASN00082076,20181221,PRCP,2,,,a,
ASN00082076,20181222,PRCP,24,,,a,
ASN00082076,20181223,PRCP,0,,,a,
ASN00082076,20181224,PRCP,0,,,a,
ASN00082076,20181225,PRCP,0,,,a,
ASN00082076,20181226,PRCP,0,,,a,
ASN00082076,20181227,PRCP,0,,,a,
ASN00082076,20181228,PRCP,0,,,a,
ASN00082076,20181229,PRCP,0,,,a,
ASN00082076,20181230,PRCP,0,,,a,
ASN00082076,20181231,PRCP,2,,,a,
ASN00082076,20190101,TMAX,346,,,a,
ASN00082076,20190102,TMAX,360,,,a,
ASN00082076,20190103,TMAX,360,,,a,
ASN00082076,20190104,TMAX,390,,,a,
ASN00082076,20190105,TMAX,250,,,a,
ASN00082076,20190106,TMAX,285,,,a,
ASN00082076,20190112,TMAX,352,,,a,
ASN00082076,20190113,TMAX,358,,,a,
ASN00082076,20190114,TMAX,378,,,a,
ASN00082076,20190115,TMAX,386,,,a,
ASN00082076,20190116,TMAX,408,,,a,
ASN00082076,20190117,TMAX,365,,,a,
ASN00082076,20190118,TMAX,312,,,a,
ASN00082076,20190119,TMAX,357,,,a,
ASN00082076,20190120,TMAX,358,,,a,
ASN00082076,20190121,TMAX,365,,,a,
ASN00082076,20190122,TMAX,382,,,a,
ASN00082076,20190123,TMAX,366,,,a,
ASN00082076,20190124,TMAX,384,,,a,
ASN00082076,20190125,TMAX,409,,,a,
ASN00082076,20190126,TMAX,375,,,a,
ASN00082076,20190127,TMAX,241,,,a,
ASN00082076,20190128,TMAX,281,,,a,
ASN00082076,20190129,TMAX,316,,,a,
ASN00082076,20190130,TMAX,291,,,a,
ASN00082076,20190131,TMAX,329,,,a,
ASN00082076,20190101,TMIN,143,,,a,
ASN00082076,20190102,TMIN,202,,,a,
ASN00082076,20190103,TMIN,161,,,a,
ASN00082076,20190104,TMIN,155,,,a,
ASN00082076,20190105,TMIN,215,,,a,
ASN00082076,20190106,TMIN,135,,,a,
ASN00082076,20190107,TMIN,130,,,a,
ASN00082076,20190113,TMIN,172,,,a,
ASN00082076,20190114,TMIN,174,,,a,
ASN00082076,20190115,TMIN,192,,,a,
ASN00082076,20190116,TMIN,176,,,a,
ASN00082076,20190117,TMIN,220,,,a,
ASN00082076,20190118,TMIN,208,,,a,
ASN00082076,20190119,TMIN,185,,,a,
ASN00082076,20190120,TMIN,200,,,a,
ASN00082076,20190121,TMIN,170,,,a,
ASN00082076,20190122,TMIN,183,,,a,
ASN00082076,20190123,TMIN,203,,,a,
ASN00082076,20190124,TMIN,179,,,a,
ASN00082076,20190125,TMIN,198,,,a,
ASN00082076,20190126,TMIN,251,,,a,
ASN00082076,20190127,TMIN,190,,,a,
ASN00082076,20190128,TMIN,170,,,a,
ASN00082076,20190129,TMIN,169,,,a,
ASN00082076,20190130,TMIN,200,,,a,
ASN00082076,20190131,TMIN,189,,,a,
ASN00082076,20190101,PRCP,4,,,a,
ASN00082076,20190102,PRCP,0,,,a,
ASN00082076,20190103,PRCP,0,,,a,
ASN00082076,20190104,PRCP,0,,,a,
ASN00082076,20190105,PRCP,0,,,a,
ASN00082076,20190106,PRCP,40,,,a,
ASN00082076,20190107,PRCP,0,,,a,
ASN00082076,20190110,PRCP,0,,,a,
ASN00082076,20190111,PRCP,0,,,a,
ASN00082076,20190114,PRCP,0,,,a,
ASN00082076,20190115,PRCP,0,,,a,
ASN00082076,20190116,PRCP,0,,,a,
ASN00082076,20190117,PRCP,0,,,a,
ASN00082076,20190118,PRCP,2,,,a,
ASN00082076,20190119,PRCP,42,,,a,
ASN00082076,20190120,PRCP,0,,,a,
ASN00082076,20190121,PRCP,0,,,a,
ASN00082076,20190122,PRCP,0,,,a,
ASN00082076,20190123,PRCP,0,,,a,
ASN00082076,20190124,PRCP,0,,,a,
ASN00082076,20190125,PRCP,0,,,a,
ASN00082076,20190126,PRCP,0,,,a,
ASN00082076,20190127,PRCP,28,,,a,
ASN00082076,20190128,PRCP,4,,,a,
ASN00082076,20190129,PRCP,0,,,a,
ASN00082076,20190130,PRCP,0,,,a,
ASN00082076,20190131,PRCP,6,,,a,
ASN00082076,20190109,DAPR,2,,,a,
ASN00082076,20190113,DAPR,2,,,a,
ASN00082076,20190109,DATN,2,,,a,
ASN00082076,20190111,DATN,2,,,a,
ASN00082076,20190108,DATX,2,,,a,
ASN00082076,20190110,DATX,2,,,a,
ASN00082076,20190109,MDPR,274,,,a,
ASN00082076,20190113,MDPR,30,,,a,
ASN00082076,20190109,MDTN,160,,,a,
ASN00082076,20190111,MDTN,128,,,a,
ASN00082076,20190108,MDTX,320,,,a,
ASN00082076,20190110,MDTX,296,,,a,
ASN00082076,20190201,TMAX,320,,,a,
ASN00082076,20190202,TMAX,320,,,a,
ASN00082076,20190203,TMAX,360,,,a,
ASN00082076,20190204,TMAX,340,,,a,
ASN00082076,20190205,TMAX,240,,,a,
ASN00082076,20190208,TMAX,272,,,a,
ASN00082076,20190213,TMAX,210,,,a,
ASN00082076,20190214,TMAX,270,,,a,
ASN00082076,20190215,TMAX,310,,,a,
ASN00082076,20190216,TMAX,312,,,a,
ASN00082076,20190217,TMAX,330,,,a,
ASN00082076,20190218,TMAX,302,,,a,
ASN00082076,20190219,TMAX,289,,,a,
ASN00082076,20190220,TMAX,287,,,a,
ASN00082076,20190221,TMAX,285,,,a,
ASN00082076,20190222,TMAX,294,,,a,
ASN00082076,20190223,TMAX,295,,,a,
ASN00082076,20190224,TMAX,320,,,a,
ASN00082076,20190225,TMAX,302,,,a,
ASN00082076,20190226,TMAX,327,,,a,
ASN00082076,20190227,TMAX,335,,,a,
ASN00082076,20190228,TMAX,330,,,a,
ASN00082076,20190201,TMIN,143,,,a,
ASN00082076,20190202,TMIN,160,,,a,
ASN00082076,20190203,TMIN,185,,,a,
ASN00082076,20190204,TMIN,180,,,a,
ASN00082076,20190205,TMIN,195,,,a,
ASN00082076,20190206,TMIN,170,,,a,
ASN00082076,20190209,TMIN,180,,,a,
ASN00082076,20190214,TMIN,50,,,a,
ASN00082076,20190215,TMIN,70,,,a,
ASN00082076,20190216,TMIN,137,,,a,
ASN00082076,20190217,TMIN,128,,,a,
ASN00082076,20190218,TMIN,146,,,a,
ASN00082076,20190219,TMIN,145,,,a,
ASN00082076,20190220,TMIN,112,,,a,
ASN00082076,20190221,TMIN,156,,,a,
ASN00082076,20190222,TMIN,150,,,a,
ASN00082076,20190223,TMIN,153,,,a,
ASN00082076,20190224,TMIN,156,,,a,
ASN00082076,20190225,TMIN,94,,,a,
ASN00082076,20190226,TMIN,131,,,a,
ASN00082076,20190227,TMIN,155,,,a,
ASN00082076,20190228,TMIN,150,,,a,
ASN00082076,20190201,PRCP,0,,,a,
ASN00082076,20190202,PRCP,0,,,a,
ASN00082076,20190203,PRCP,0,,,a,
ASN00082076,20190204,PRCP,40,,,a,
ASN00082076,20190205,PRCP,298,,,a,
ASN00082076,20190206,PRCP,72,,,a,
ASN00082076,20190207,PRCP,0,,,a,
ASN00082076,20190208,PRCP,0,,,a,
ASN00082076,20190209,PRCP,34,,,a,
ASN00082076,20190214,PRCP,0,,,a,
ASN00082076,20190215,PRCP,0,,,a,
ASN00082076,20190216,PRCP,0,,,a,
ASN00082076,20190217,PRCP,0,,,a,
ASN00082076,20190218,PRCP,0,,,a,
ASN00082076,20190219,PRCP,0,,,a,
ASN00082076,20190220,PRCP,0,,,a,
ASN00082076,20190221,PRCP,0,,,a,
ASN00082076,20190222,PRCP,0,,,a,
ASN00082076,20190223,PRCP,0,,,a,
ASN00082076,20190224,PRCP,0,,,a,
ASN00082076,20190225,PRCP,0,,,a,
ASN00082076,20190226,PRCP,0,,,a,
ASN00082076,20190227,PRCP,0,,,a,
ASN00082076,20190228,PRCP,0,,,a,
ASN00082076,20190211,DAPR,2,,,a,
ASN00082076,20190213,DAPR,2,,,a,
ASN00082076,20190208,DATN,2,,,a,
ASN00082076,20190211,DATN,2,,,a,
ASN00082076,20190213,DATN,2,,,a,
ASN00082076,20190207,DATX,2,,,a,
ASN00082076,20190210,DATX,2,,,a,
ASN00082076,20190212,DATX,2,,,a,
ASN00082076,20190211,MDPR,52,,,a,
ASN00082076,20190213,MDPR,30,,,a,
ASN00082076,20190208,MDTN,186,,,a,
ASN00082076,20190211,MDTN,56,,,a,
ASN00082076,20190213,MDTN,54,,,a,
ASN00082076,20190207,MDTX,338,,,a,
ASN00082076,20190210,MDTX,250,,,a,
ASN00082076,20190212,MDTX,260,,,a,
ASN00082076,20190301,TMAX,355,,,a,
ASN00082076,20190302,TMAX,330,,,a,
ASN00082076,20190303,TMAX,330,,,a,
ASN00082076,20190305,TMAX,310,,,a,
ASN00082076,20190306,TMAX,205,,,a,
ASN00082076,20190307,TMAX,248,,,a,
ASN00082076,20190308,TMAX,260,,,a,
ASN00082076,20190311,TMAX,256,,,a,
ASN00082076,20190312,TMAX,236,,,a,
ASN00082076,20190313,TMAX,240,,,a,
ASN00082076,20190314,TMAX,261,,,a,
ASN00082076,20190315,TMAX,271,,,a,
ASN00082076,20190316,TMAX,293,,,a,
ASN00082076,20190317,TMAX,289,,,a,
ASN00082076,20190318,TMAX,244,,,a,
ASN00082076,20190319,TMAX,284,,,a,
ASN00082076,20190320,TMAX,301,,,a,
ASN00082076,20190321,TMAX,320,,,a,
ASN00082076,20190322,TMAX,240,,,a,
ASN00082076,20190323,TMAX,239,,,a,
ASN00082076,20190324,TMAX,243,,,a,
ASN00082076,20190325,TMAX,190,,,a,
ASN00082076,20190326,TMAX,191,,,a,
ASN00082076,20190327,TMAX,235,,,a,
ASN00082076,20190328,TMAX,254,,,a,
ASN00082076,20190329,TMAX,225,,,a,
ASN00082076,20190330,TMAX,110,,,a,
ASN00082076,20190331,TMAX,135,,,a,
ASN00082076,20190301,TMIN,146,,,a,
ASN00082076,20190302,TMIN,140,,,a,
ASN00082076,20190303,TMIN,140,,,a,
ASN00082076,20190304,TMIN,164,,,a,
ASN00082076,20190306,TMIN,155,,,a,
ASN00082076,20190307,TMIN,100,,,a,
ASN00082076,20190308,TMIN,61,,,a,
ASN00082076,20190309,TMIN,90,,,a,
ASN00082076,20190312,TMIN,128,,,a,
ASN00082076,20190313,TMIN,126,,,a,
ASN00082076,20190315,TMIN,144,,,a,
ASN00082076,20190316,TMIN,130,,,a,
ASN00082076,20190317,TMIN,130,,,a,
ASN00082076,20190318,TMIN,130,,,a,
ASN00082076,20190319,TMIN,173,,,a,
ASN00082076,20190320,TMIN,162,,,a,
ASN00082076,20190321,TMIN,158,,,a,
ASN00082076,20190322,TMIN,175,,,a,
ASN00082076,20190323,TMIN,126,,,a,
ASN00082076,20190324,TMIN,131,,,a,
ASN00082076,20190325,TMIN,160,,,a,
ASN00082076,20190326,TMIN,66,,,a,
ASN00082076,20190327,TMIN,58,,,a,
ASN00082076,20190328,TMIN,70,,,a,
ASN00082076,20190329,TMIN,96,,,a,
ASN00082076,20190330,TMIN,105,,,a,
ASN00082076,20190331,TMIN,45,,,a,
ASN00082076,20190301,PRCP,14,,,a,
ASN00082076,20190302,PRCP,0,,,a,
ASN00082076,20190303,PRCP,0,,,a,
ASN00082076,20190304,PRCP,0,,,a,
ASN00082076,20190305,PRCP,0,,,a,
ASN00082076,20190306,PRCP,70,,,a,
ASN00082076,20190307,PRCP,0,,,a,
ASN00082076,20190308,PRCP,0,,,a,
ASN00082076,20190312,PRCP,0,,,a,
ASN00082076,20190313,PRCP,0,,,a,
ASN00082076,20190314,PRCP,8,,,a,
ASN00082076,20190315,PRCP,0,,,a,
ASN00082076,20190316,PRCP,0,,L,a,
ASN00082076,20190317,PRCP,20,,L,a,
ASN00082076,20190318,PRCP,4,,L,a,
ASN00082076,20190319,PRCP,20,,L,a,
ASN00082076,20190320,PRCP,0,,L,a,
ASN00082076,20190321,PRCP,8,,L,a,
ASN00082076,20190322,PRCP,50,,L,a,
ASN00082076,20190323,PRCP,114,,L,a,
ASN00082076,20190324,PRCP,18,,L,a,
ASN00082076,20190325,PRCP,230,,L,a,
ASN00082076,20190327,PRCP,0,,,a,
ASN00082076,20190328,PRCP,0,,,a,
ASN00082076,20190329,PRCP,0,,,a,
ASN00082076,20190330,PRCP,274,,,a,
ASN00082076,20190331,PRCP,124,,,a,
ASN00082076,20190311,DAPR,2,,,a,
ASN00082076,20190326,DAPR,11,,L,a,
ASN00082076,20190311,DATN,2,,,a,
ASN00082076,20190310,DATX,2,,,a,
ASN00082076,20190311,MDPR,48,,,a,
ASN00082076,20190326,MDPR,50,,L,a,
ASN00082076,20190311,MDTN,116,,,a,
ASN00082076,20190310,MDTX,278,,,a,
ASN00082076,20190401,TMAX,215,,,a,
ASN00082076,20190402,TMAX,235,,,a,
ASN00082076,20190403,TMAX,215,,,a,
ASN00082076,20190404,TMAX,166,,,a,
ASN00082076,20190405,TMAX,242,,,a,
ASN00082076,20190406,TMAX,264,,,a,
ASN00082076,20190407,TMAX,234,,,a,
ASN00082076,20190410,TMAX,184,,,a,
ASN00082076,20190411,TMAX,211,,,a,
ASN00082076,20190412,TMAX,220,,,a,
ASN00082076,20190413,TMAX,195,,,a,
ASN00082076,20190414,TMAX,230,,,a,
ASN00082076,20190415,TMAX,242,,,a,
ASN00082076,20190418,TMAX,260,,,a,
ASN00082076,20190419,TMAX,252,,,a,
ASN00082076,20190420,TMAX,263,,,a,
ASN00082076,20190421,TMAX,250,,,a,
ASN00082076,20190422,TMAX,226,,,a,
ASN00082076,20190423,TMAX,247,,,a,
ASN00082076,20190424,TMAX,240,,,a,
ASN00082076,20190425,TMAX,230,,,a,
ASN00082076,20190426,TMAX,165,,,a,
ASN00082076,20190427,TMAX,158,,,a,
ASN00082076,20190428,TMAX,154,,,a,
ASN00082076,20190429,TMAX,205,,,a,
ASN00082076,20190430,TMAX,220,,,a,
ASN00082076,20190401,TMIN,65,,,a,
ASN00082076,20190402,TMIN,70,,,a,
ASN00082076,20190403,TMIN,85,,,a,
ASN00082076,20190404,TMIN,105,,,a,
ASN00082076,20190405,TMIN,106,,,a,
ASN00082076,20190406,TMIN,106,,,a,
ASN00082076,20190407,TMIN,66,,,a,
ASN00082076,20190408,TMIN,58,,,a,
ASN00082076,20190411,TMIN,70,,,a,
ASN00082076,20190412,TMIN,46,,,a,
ASN00082076,20190413,TMIN,40,,,a,
ASN00082076,20190414,TMIN,100,,,a,
ASN00082076,20190415,TMIN,90,,,a,
ASN00082076,20190416,TMIN,90,,,a,
ASN00082076,20190419,TMIN,81,,,a,
ASN00082076,20190420,TMIN,93,,,a,
ASN00082076,20190421,TMIN,85,,,a,
ASN00082076,20190422,TMIN,116,,,a,
ASN00082076,20190423,TMIN,107,,,a,
ASN00082076,20190424,TMIN,109,,,a,
ASN00082076,20190425,TMIN,125,,,a,
ASN00082076,20190426,TMIN,75,,,a,
ASN00082076,20190427,TMIN,0,,,a,
ASN00082076,20190428,TMIN,10,,,a,
ASN00082076,20190429,TMIN,25,,,a,
ASN00082076,20190430,TMIN,25,,,a,
ASN00082076,20190401,PRCP,8,,,a,
ASN00082076,20190402,PRCP,0,,,a,
ASN00082076,20190403,PRCP,0,,,a,
ASN00082076,20190404,PRCP,0,,,a,
ASN00082076,20190405,PRCP,22,,,a,
ASN00082076,20190406,PRCP,6,,,a,
ASN00082076,20190407,PRCP,10,,,a,
ASN00082076,20190408,PRCP,0,,,a,
ASN00082076,20190409,PRCP,0,,,a,
ASN00082076,20190410,PRCP,0,,,a,
ASN00082076,20190411,PRCP,0,,,a,
ASN00082076,20190412,PRCP,0,,,a,
ASN00082076,20190413,PRCP,0,,,a,
ASN00082076,20190414,PRCP,0,,,a,
ASN00082076,20190415,PRCP,0,,,a,
ASN00082076,20190416,PRCP,0,,,a,
ASN00082076,20190417,PRCP,0,,,a,
ASN00082076,20190418,PRCP,0,,,a,
ASN00082076,20190419,PRCP,0,,,a,
ASN00082076,20190420,PRCP,0,,,a,
ASN00082076,20190421,PRCP,0,,,a,
ASN00082076,20190422,PRCP,116,,,a,
ASN00082076,20190423,PRCP,0,,,a,
ASN00082076,20190424,PRCP,0,,,a,
ASN00082076,20190425,PRCP,0,,,a,
ASN00082076,20190426,PRCP,0,,,a,
ASN00082076,20190427,PRCP,4,,,a,
ASN00082076,20190428,PRCP,0,,,a,
ASN00082076,20190429,PRCP,0,,,a,
ASN00082076,20190430,PRCP,0,,,a,
ASN00082076,20190410,DATN,2,,,a,
ASN00082076,20190418,DATN,2,,,a,
ASN00082076,20190409,DATX,2,,,a,
ASN00082076,20190417,DATX,2,,,a,
ASN00082076,20190410,MDTN,92,,,a,
ASN00082076,20190418,MDTN,82,,,a,
ASN00082076,20190409,MDTX,190,,,a,
ASN00082076,20190417,MDTX,253,,,a,
ASN00082076,20190501,TMAX,192,,,a,
ASN00082076,20190502,TMAX,210,,,a,
ASN00082076,20190503,TMAX,194,,,a,
ASN00082076,20190504,TMAX,152,,,a,
ASN00082076,20190505,TMAX,156,,,a,
ASN00082076,20190506,TMAX,174,,,a,
ASN00082076,20190507,TMAX,148,,,a,
ASN00082076,20190508,TMAX,126,,,a,
ASN00082076,20190509,TMAX,137,,,a,
ASN00082076,20190510,TMAX,103,,,a,
ASN00082076,20190511,TMAX,156,,,a,
ASN00082076,20190512,TMAX,163,,,a,
ASN00082076,20190513,TMAX,151,,,a,
ASN00082076,20190514,TMAX,159,,,a,
ASN00082076,20190515,TMAX,177,,,a,
ASN00082076,20190516,TMAX,180,,,a,
ASN00082076,20190517,TMAX,190,,,a,
ASN00082076,20190518,TMAX,200,,,a,
ASN00082076,20190519,TMAX,189,,,a,
ASN00082076,20190520,TMAX,188,,,a,
ASN00082076,20190521,TMAX,185,,,a,
ASN00082076,20190522,TMAX,190,,,a,
ASN00082076,20190525,TMAX,155,,,a,
ASN00082076,20190526,TMAX,140,,,a,
ASN00082076,20190530,TMAX,104,,,a,
ASN00082076,20190531,TMAX,104,,,a,
ASN00082076,20190501,TMIN,75,,,a,
ASN00082076,20190502,TMIN,150,,,a,
ASN00082076,20190503,TMIN,138,,,a,
ASN00082076,20190504,TMIN,72,,,a,
ASN00082076,20190505,TMIN,52,,,a,
ASN00082076,20190506,TMIN,44,,,a,
ASN00082076,20190507,TMIN,24,,,a,
ASN00082076,20190508,TMIN,52,,,a,
ASN00082076,20190509,TMIN,46,,,a,
ASN00082076,20190510,TMIN,63,,,a,
ASN00082076,20190511,TMIN,55,,,a,
ASN00082076,20190512,TMIN,35,,,a,
ASN00082076,20190513,TMIN,45,,,a,
ASN00082076,20190514,TMIN,20,,,a,
ASN00082076,20190515,TMIN,18,,,a,
ASN00082076,20190516,TMIN,8,,,a,
ASN00082076,20190517,TMIN,10,,,a,
ASN00082076,20190518,TMIN,20,,,a,
ASN00082076,20190519,TMIN,40,,,a,
ASN00082076,20190520,TMIN,40,,,a,
ASN00082076,20190521,TMIN,45,,,a,
ASN00082076,20190522,TMIN,50,,,a,
ASN00082076,20190523,TMIN,30,,,a,
ASN00082076,20190526,TMIN,20,,,a,
ASN00082076,20190527,TMIN,45,,,a,
ASN00082076,20190531,TMIN,26,,,a,
ASN00082076,20190501,PRCP,0,,,a,
ASN00082076,20190502,PRCP,212,,,a,
ASN00082076,20190503,PRCP,820,,,a,
ASN00082076,20190504,PRCP,4,,,a,
ASN00082076,20190505,PRCP,8,,,a,
ASN00082076,20190506,PRCP,0,,,a,
ASN00082076,20190507,PRCP,0,,,a,
ASN00082076,20190508,PRCP,50,,,a,
ASN00082076,20190509,PRCP,10,,,a,
ASN00082076,20190510,PRCP,6,,,a,
ASN00082076,20190511,PRCP,96,,,a,
ASN00082076,20190512,PRCP,0,,,a,
ASN00082076,20190513,PRCP,0,,,a,
ASN00082076,20190514,PRCP,0,,,a,
ASN00082076,20190515,PRCP,0,,,a,
ASN00082076,20190516,PRCP,0,,,a,
ASN00082076,20190517,PRCP,0,,,a,
ASN00082076,20190518,PRCP,4,,,a,
ASN00082076,20190519,PRCP,0,,,a,
ASN00082076,20190520,PRCP,0,,,a,
ASN00082076,20190521,PRCP,18,,,a,
ASN00082076,20190522,PRCP,0,,,a,
ASN00082076,20190523,PRCP,0,,,a,
ASN00082076,20190526,PRCP,20,,,a,
ASN00082076,20190527,PRCP,122,,,a,
ASN00082076,20190531,PRCP,0,,,a,
ASN00082076,20190525,DAPR,2,,,a,
ASN00082076,20190530,DAPR,3,,,a,
ASN00082076,20190525,DATN,2,,,a,
ASN00082076,20190530,DATN,3,,,a,
ASN00082076,20190524,DATX,2,,,a,
ASN00082076,20190529,DATX,3,,,a,
ASN00082076,20190525,MDPR,70,,,a,
ASN00082076,20190530,MDPR,22,,,a,
ASN00082076,20190525,MDTN,30,,,a,
ASN00082076,20190530,MDTN,3,,,a,
ASN00082076,20190524,MDTX,185,,,a,
ASN00082076,20190529,MDTX,101,,,a,
ASN00082076,20190601,TMAX,150,,,a,
ASN00082076,20190602,TMAX,152,,,a,
ASN00082076,20190603,TMAX,98,,,a,
ASN00082076,20190604,TMAX,108,,,a,
ASN00082076,20190605,TMAX,130,,,a,
ASN00082076,20190606,TMAX,156,,,a,
ASN00082076,20190607,TMAX,158,,,a,
ASN00082076,20190608,TMAX,102,,,a,
ASN00082076,20190609,TMAX,142,,,a,
ASN00082076,20190610,TMAX,150,,,a,
ASN00082076,20190611,TMAX,151,,,a,
ASN00082076,20190612,TMAX,122,,,a,
ASN00082076,20190613,TMAX,154,,,a,
ASN00082076,20190614,TMAX,135,,,a,
ASN00082076,20190615,TMAX,143,,,a,
ASN00082076,20190616,TMAX,139,,,a,
ASN00082076,20190617,TMAX,148,,,a,
ASN00082076,20190618,TMAX,80,,,a,
ASN00082076,20190619,TMAX,109,,,a,
ASN00082076,20190620,TMAX,104,,,a,
ASN00082076,20190621,TMAX,105,,,a,
ASN00082076,20190622,TMAX,115,,,a,
ASN00082076,20190623,TMAX,120,,,a,
ASN00082076,20190626,TMAX,144,,,a,
ASN00082076,20190627,TMAX,156,,,a,
ASN00082076,20190628,TMAX,156,,,a,
ASN00082076,20190629,TMAX,156,,,a,
ASN00082076,20190630,TMAX,96,,,a,
ASN00082076,20190601,TMIN,68,,,a,
ASN00082076,20190602,TMIN,16,,,a,
ASN00082076,20190603,TMIN,30,,,a,
ASN00082076,20190604,TMIN,52,,,a,
ASN00082076,20190605,TMIN,4,,,a,
ASN00082076,20190606,TMIN,-3,,,a,
ASN00082076,20190607,TMIN,8,,,a,
ASN00082076,20190608,TMIN,5,,,a,
ASN00082076,20190609,TMIN,33,,,a,
ASN00082076,20190610,TMIN,60,,,a,
ASN00082076,20190611,TMIN,59,,,a,
ASN00082076,20190612,TMIN,41,,,a,
ASN00082076,20190613,TMIN,63,,,a,
ASN00082076,20190614,TMIN,74,,,a,
ASN00082076,20190615,TMIN,75,,,a,
ASN00082076,20190616,TMIN,38,,,a,
ASN00082076,20190617,TMIN,5,,,a,
ASN00082076,20190618,TMIN,5,,,a,
ASN00082076,20190619,TMIN,38,,,a,
ASN00082076,20190620,TMIN,-15,,,a,
ASN00082076,20190621,TMIN,-13,,,a,
ASN00082076,20190622,TMIN,-15,,,a,
ASN00082076,20190623,TMIN,-10,,,a,
ASN00082076,20190624,TMIN,-10,,,a,
ASN00082076,20190627,TMIN,-6,,,a,
ASN00082076,20190628,TMIN,4,,,a,
ASN00082076,20190629,TMIN,26,,,a,
ASN00082076,20190630,TMIN,60,,,a,
ASN00082076,20190601,PRCP,0,,,a,
ASN00082076,20190602,PRCP,0,,,a,
ASN00082076,20190603,PRCP,20,,,a,
ASN00082076,20190604,PRCP,60,,,a,
ASN00082076,20190605,PRCP,0,,,a,
ASN00082076,20190606,PRCP,0,,,a,
ASN00082076,20190607,PRCP,0,,,a,
ASN00082076,20190608,PRCP,0,,,a,
ASN00082076,20190609,PRCP,0,,,a,
ASN00082076,20190610,PRCP,64,,,a,
ASN00082076,20190611,PRCP,170,,,a,
ASN00082076,20190612,PRCP,0,,,a,
ASN00082076,20190613,PRCP,210,,,a,
ASN00082076,20190614,PRCP,20,,,a,
ASN00082076,20190615,PRCP,10,,,a,
ASN00082076,20190616,PRCP,0,,,a,
ASN00082076,20190617,PRCP,0,,,a,
ASN00082076,20190618,PRCP,0,,,a,
ASN00082076,20190619,PRCP,40,,,a,
ASN00082076,20190620,PRCP,0,,,a,
ASN00082076,20190621,PRCP,0,,,a,
ASN00082076,20190622,PRCP,0,,,a,
ASN00082076,20190623,PRCP,0,,,a,
ASN00082076,20190624,PRCP,0,,,a,
ASN00082076,20190625,PRCP,0,,,a,
ASN00082076,20190626,PRCP,0,,,a,
ASN00082076,20190627,PRCP,0,,,a,
ASN00082076,20190628,PRCP,0,,,a,
ASN00082076,20190629,PRCP,10,,,a,
ASN00082076,20190630,PRCP,260,,,a,
ASN00082076,20190626,DATN,2,,,a,
ASN00082076,20190625,DATX,2,,,a,
ASN00082076,20190626,MDTN,-20,,,a,
ASN00082076,20190625,MDTX,140,,,a,
ASN00082076,20190701,TMAX,110,,,a,
ASN00082076,20190702,TMAX,116,,,a,
ASN00082076,20190703,TMAX,144,,,a,
ASN00082076,20190704,TMAX,140,,,a,
ASN00082076,20190705,TMAX,150,,,a,
ASN00082076,20190706,TMAX,159,,,a,
ASN00082076,20190707,TMAX,107,,,a,
ASN00082076,20190708,TMAX,150,,,a,
ASN00082076,20190709,TMAX,117,,,a,
ASN00082076,20190710,TMAX,108,,,a,
ASN00082076,20190711,TMAX,110,,,a,
ASN00082076,20190712,TMAX,110,,,a,
ASN00082076,20190713,TMAX,66,,,a,
ASN00082076,20190714,TMAX,86,,,a,
ASN00082076,20190715,TMAX,125,,,a,
ASN00082076,20190716,TMAX,140,,,a,
ASN00082076,20190717,TMAX,105,,,a,
ASN00082076,20190718,TMAX,120,,,a,
ASN00082076,20190719,TMAX,110,,,a,
ASN00082076,20190720,TMAX,135,,,a,
ASN00082076,20190721,TMAX,140,,,a,
ASN00082076,20190724,TMAX,125,,,a,
ASN00082076,20190725,TMAX,127,,,a,
ASN00082076,20190726,TMAX,108,,,a,
ASN00082076,20190727,TMAX,134,,,a,
ASN00082076,20190728,TMAX,146,,,a,
ASN00082076,20190729,TMAX,108,,,a,
ASN00082076,20190730,TMAX,116,,,a,
ASN00082076,20190731,TMAX,146,,,a,
ASN00082076,20190701,TMIN,40,,,a,
ASN00082076,20190702,TMIN,4,,,a,
ASN00082076,20190703,TMIN,10,,,a,
ASN00082076,20190704,TMIN,20,,,a,
ASN00082076,20190705,TMIN,13,,,a,
ASN00082076,20190706,TMIN,21,,,a,
ASN00082076,20190707,TMIN,29,,,a,
ASN00082076,20190708,TMIN,40,,,a,
ASN00082076,20190709,TMIN,24,,,a,
ASN00082076,20190710,TMIN,40,,,a,
ASN00082076,20190711,TMIN,66,,,a,
ASN00082076,20190712,TMIN,70,,,a,
ASN00082076,20190713,TMIN,46,,,a,
ASN00082076,20190714,TMIN,15,,,a,
ASN00082076,20190715,TMIN,46,,,a,
ASN00082076,20190716,TMIN,35,,,a,
ASN00082076,20190717,TMIN,82,,,a,
ASN00082076,20190718,TMIN,50,,,a,
ASN00082076,20190719,TMIN,60,,,a,
ASN00082076,20190720,TMIN,50,,,a,
ASN00082076,20190721,TMIN,30,,,a,
ASN00082076,20190722,TMIN,50,,,a,
ASN00082076,20190725,TMIN,62,,,a,
ASN00082076,20190726,TMIN,54,,,a,
ASN00082076,20190727,TMIN,60,,,a,
ASN00082076,20190728,TMIN,64,,,a,
ASN00082076,20190729,TMIN,56,,,a,
ASN00082076,20190730,TMIN,44,,,a,
ASN00082076,20190731,TMIN,4,,,a,
ASN00082076,20190701,PRCP,0,,,a,
ASN00082076,20190702,PRCP,0,,,a,
ASN00082076,20190703,PRCP,0,,,a,
ASN00082076,20190704,PRCP,0,,,a,
ASN00082076,20190705,PRCP,0,,,a,
ASN00082076,20190706,PRCP,0,,,a,
ASN00082076,20190707,PRCP,0,,,a,
ASN00082076,20190708,PRCP,94,,,a,
ASN00082076,20190709,PRCP,0,,,a,
ASN00082076,20190710,PRCP,16,,,a,
ASN00082076,20190711,PRCP,84,,,a,
ASN00082076,20190712,PRCP,56,,,a,
ASN00082076,20190713,PRCP,226,,,a,
ASN00082076,20190714,PRCP,24,,,a,
ASN00082076,20190715,PRCP,70,,,a,
ASN00082076,20190716,PRCP,0,,,a,
ASN00082076,20190717,PRCP,0,,,a,
ASN00082076,20190718,PRCP,22,,,a,
ASN00082076,20190719,PRCP,30,,,a,
ASN00082076,20190720,PRCP,4,,,a,
ASN00082076,20190721,PRCP,0,,,a,
ASN00082076,20190722,PRCP,10,,,a,
ASN00082076,20190725,PRCP,0,,,a,
ASN00082076,20190726,PRCP,0,,,a,
ASN00082076,20190727,PRCP,16,,,a,
ASN00082076,20190728,PRCP,0,,,a,
ASN00082076,20190729,PRCP,26,,,a,
ASN00082076,20190730,PRCP,22,,,a,
ASN00082076,20190731,PRCP,0,,,a,
ASN00082076,20190724,DAPR,2,,,a,
ASN00082076,20190724,DATN,2,,,a,
ASN00082076,20190723,DATX,2,,,a,
ASN00082076,20190724,MDPR,76,,,a,
ASN00082076,20190724,MDTN,30,,,a,
ASN00082076,20190723,MDTX,145,,,a,
ASN00082076,20190801,TMAX,139,,,a,
ASN00082076,20190802,TMAX,140,,,a,
ASN00082076,20190803,TMAX,112,,,a,
ASN00082076,20190804,TMAX,130,,,a,
ASN00082076,20190805,TMAX,118,,,a,
ASN00082076,20190806,TMAX,128,,,a,
ASN00082076,20190807,TMAX,122,,,a,
ASN00082076,20190808,TMAX,111,,,a,
ASN00082076,20190809,TMAX,80,,,a,
ASN00082076,20190810,TMAX,66,,,a,
ASN00082076,20190811,TMAX,107,,,a,
ASN00082076,20190812,TMAX,135,,,a,
ASN00082076,20190813,TMAX,148,,,a,
ASN00082076,20190814,TMAX,115,,,a,
ASN00082076,20190815,TMAX,140,,,a,
ASN00082076,20190816,TMAX,130,,,a,
ASN00082076,20190817,TMAX,165,,,a,
ASN00082076,20190818,TMAX,160,,,a,
ASN00082076,20190819,TMAX,95,,,a,
ASN00082076,20190820,TMAX,110,,,a,
ASN00082076,20190821,TMAX,150,,,a,
ASN00082076,20190822,TMAX,138,,,a,
ASN00082076,20190823,TMAX,142,,,a,
ASN00082076,20190824,TMAX,164,,,a,
ASN00082076,20190825,TMAX,146,,,a,
ASN00082076,20190826,TMAX,155,,,a,
ASN00082076,20190827,TMAX,164,,,a,
ASN00082076,20190828,TMAX,140,,,a,
ASN00082076,20190829,TMAX,128,,,a,
ASN00082076,20190830,TMAX,177,,,a,
ASN00082076,20190831,TMAX,170,,,a,
ASN00082076,20190801,TMIN,23,,,a,
ASN00082076,20190802,TMIN,-4,,,a,
ASN00082076,20190803,TMIN,28,,,a,
ASN00082076,20190804,TMIN,11,,,a,
ASN00082076,20190805,TMIN,16,,,a,
ASN00082076,20190806,TMIN,-14,,,a,
ASN00082076,20190807,TMIN,-5,,,a,
ASN00082076,20190808,TMIN,27,,,a,
ASN00082076,20190809,TMIN,50,,,a,
ASN00082076,20190810,TMIN,27,,,a,
ASN00082076,20190811,TMIN,27,,,a,
ASN00082076,20190812,TMIN,15,,,a,
ASN00082076,20190813,TMIN,-10,,,a,
ASN00082076,20190814,TMIN,15,,,a,
ASN00082076,20190815,TMIN,20,,,a,
ASN00082076,20190816,TMIN,0,,,a,
ASN00082076,20190817,TMIN,20,,,a,
ASN00082076,20190818,TMIN,20,,,a,
ASN00082076,20190819,TMIN,45,,,a,
ASN00082076,20190820,TMIN,55,,,a,
ASN00082076,20190821,TMIN,65,,,a,
ASN00082076,20190822,TMIN,65,,,a,
ASN00082076,20190823,TMIN,6,,,a,
ASN00082076,20190824,TMIN,-20,,,a,
ASN00082076,20190825,TMIN,2,,,a,
ASN00082076,20190826,TMIN,44,,,a,
ASN00082076,20190827,TMIN,5,,,a,
ASN00082076,20190828,TMIN,-3,,,a,
ASN00082076,20190829,TMIN,30,,,a,
ASN00082076,20190830,TMIN,23,,,a,
ASN00082076,20190831,TMIN,-7,,,a,
ASN00082076,20190801,PRCP,0,,,a,
ASN00082076,20190802,PRCP,0,,,a,
ASN00082076,20190803,PRCP,0,,,a,
ASN00082076,20190804,PRCP,0,,,a,
ASN00082076,20190805,PRCP,0,,,a,
ASN00082076,20190806,PRCP,0,,,a,
ASN00082076,20190807,PRCP,0,,,a,
ASN00082076,20190808,PRCP,68,,,a,
ASN00082076,20190809,PRCP,244,,,a,
ASN00082076,20190810,PRCP,62,,,a,
ASN00082076,20190811,PRCP,38,,,a,
ASN00082076,20190812,PRCP,0,,,a,
ASN00082076,20190813,PRCP,0,,,a,
ASN00082076,20190814,PRCP,0,,,a,
ASN00082076,20190815,PRCP,0,,,a,
ASN00082076,20190816,PRCP,0,,,a,
ASN00082076,20190817,PRCP,12,,,a,
ASN00082076,20190818,PRCP,0,,,a,
ASN00082076,20190819,PRCP,120,,,a,
ASN00082076,20190820,PRCP,4,,,a,
ASN00082076,20190821,PRCP,46,,,a,
ASN00082076,20190822,PRCP,20,,,a,
ASN00082076,20190823,PRCP,0,,,a,
ASN00082076,20190824,PRCP,0,,,a,
ASN00082076,20190825,PRCP,0,,,a,
ASN00082076,20190826,PRCP,0,,,a,
ASN00082076,20190827,PRCP,0,,,a,
ASN00082076,20190828,PRCP,0,,,a,
ASN00082076,20190829,PRCP,70,,,a,
ASN00082076,20190830,PRCP,0,,,a,
ASN00082076,20190831,PRCP,0,,,a,
ASN00082076,20190901,TMAX,175,,,a,
ASN00082076,20190902,TMAX,177,,,a,
ASN00082076,20190903,TMAX,213,,,a,
ASN00082076,20190904,TMAX,185,,,a,
ASN00082076,20190905,TMAX,148,,,a,
ASN00082076,20190906,TMAX,117,,,a,
ASN00082076,20190907,TMAX,98,,,a,
ASN00082076,20190908,TMAX,116,,,a,
ASN00082076,20190909,TMAX,135,,,a,
ASN00082076,20190910,TMAX,163,,,a,
ASN00082076,20190911,TMAX,195,,,a,
ASN00082076,20190912,TMAX,181,,,a,
ASN00082076,20190913,TMAX,195,,,a,
ASN00082076,20190914,TMAX,205,,,a,
ASN00082076,20190915,TMAX,175,,,a,
ASN00082076,20190916,TMAX,120,,,a,
ASN00082076,20190917,TMAX,160,,,a,
ASN00082076,20190918,TMAX,195,,,a,
ASN00082076,20190919,TMAX,226,,,a,
ASN00082076,20190920,TMAX,232,,,a,
ASN00082076,20190921,TMAX,206,,,a,
ASN00082076,20190922,TMAX,156,,,a,
ASN00082076,20190923,TMAX,118,,,a,
ASN00082076,20190924,TMAX,152,,,a,
ASN00082076,20190925,TMAX,156,,,a,
ASN00082076,20190926,TMAX,180,,,a,
ASN00082076,20190927,TMAX,204,,,a,
ASN00082076,20190928,TMAX,180,,,a,
ASN00082076,20190929,TMAX,183,,,a,
ASN00082076,20190930,TMAX,180,,,a,
ASN00082076,20190901,TMIN,-1,,,a,
ASN00082076,20190902,TMIN,20,,,a,
ASN00082076,20190903,TMIN,43,,,a,
ASN00082076,20190904,TMIN,23,,,a,
ASN00082076,20190905,TMIN,61,,,a,
ASN00082076,20190906,TMIN,66,,,a,
ASN00082076,20190907,TMIN,48,,,a,
ASN00082076,20190908,TMIN,35,,,a,
ASN00082076,20190909,TMIN,10,,,a,
ASN00082076,20190910,TMIN,-10,,,a,
ASN00082076,20190911,TMIN,-5,,,a,
ASN00082076,20190912,TMIN,25,,,a,
ASN00082076,20190913,TMIN,12,,,a,
ASN00082076,20190914,TMIN,15,,,a,
ASN00082076,20190915,TMIN,40,,,a,
ASN00082076,20190916,TMIN,65,,,a,
ASN00082076,20190917,TMIN,50,,,a,
ASN00082076,20190918,TMIN,20,,,a,
ASN00082076,20190919,TMIN,35,,,a,
ASN00082076,20190920,TMIN,60,,,a,
ASN00082076,20190921,TMIN,110,,,a,
ASN00082076,20190922,TMIN,48,,,a,
ASN00082076,20190923,TMIN,40,,,a,
ASN00082076,20190924,TMIN,36,,,a,
ASN00082076,20190925,TMIN,4,,,a,
ASN00082076,20190926,TMIN,20,,,a,
ASN00082076,20190927,TMIN,14,,,a,
ASN00082076,20190928,TMIN,59,,,a,
ASN00082076,20190929,TMIN,40,,,a,
ASN00082076,20190930,TMIN,64,,,a,
ASN00082076,20190901,PRCP,0,,,a,
ASN00082076,20190902,PRCP,28,,,a,
ASN00082076,20190903,PRCP,0,,,a,
ASN00082076,20190904,PRCP,0,,,a,
ASN00082076,20190905,PRCP,0,,,a,
ASN00082076,20190906,PRCP,10,,,a,
ASN00082076,20190907,PRCP,188,,,a,
ASN00082076,20190908,PRCP,42,,,a,
ASN00082076,20190909,PRCP,26,,,a,
ASN00082076,20190910,PRCP,0,,,a,
ASN00082076,20190911,PRCP,0,,,a,
ASN00082076,20190912,PRCP,0,,,a,
ASN00082076,20190913,PRCP,10,,,a,
ASN00082076,20190914,PRCP,0,,,a,
ASN00082076,20190915,PRCP,0,,,a,
ASN00082076,20190916,PRCP,28,,,a,
ASN00082076,20190917,PRCP,80,,,a,
ASN00082076,20190918,PRCP,0,,,a,
ASN00082076,20190919,PRCP,0,,,a,
ASN00082076,20190920,PRCP,0,,,a,
ASN00082076,20190921,PRCP,0,,,a,
ASN00082076,20190922,PRCP,48,,,a,
ASN00082076,20190923,PRCP,6,,,a,
ASN00082076,20190924,PRCP,40,,,a,
ASN00082076,20190925,PRCP,0,,,a,
ASN00082076,20190926,PRCP,0,,,a,
ASN00082076,20190927,PRCP,0,,,a,
ASN00082076,20190928,PRCP,0,,,a,
ASN00082076,20190929,PRCP,0,,,a,
ASN00082076,20190930,PRCP,0,,,a,
ASN00082076,20191001,TMAX,212,,,a,
ASN00082076,20191002,TMAX,245,,,a,
ASN00082076,20191003,TMAX,279,,,a,
ASN00082076,20191004,TMAX,230,,,a,
ASN00082076,20191005,TMAX,255,,,a,
ASN00082076,20191006,TMAX,210,,,a,
ASN00082076,20191007,TMAX,255,,,a,
ASN00082076,20191008,TMAX,144,,,a,
ASN00082076,20191009,TMAX,171,,,a,
ASN00082076,20191010,TMAX,195,,,a,
ASN00082076,20191011,TMAX,185,,,a,
ASN00082076,20191012,TMAX,181,,,a,
ASN00082076,20191013,TMAX,195,,,a,
ASN00082076,20191014,TMAX,230,,,a,
ASN00082076,20191015,TMAX,270,,,a,
ASN00082076,20191016,TMAX,194,,,a,
ASN00082076,20191017,TMAX,127,,,a,
ASN00082076,20191018,TMAX,182,,,a,
ASN00082076,20191019,TMAX,140,,,a,
ASN00082076,20191020,TMAX,182,,,a,
ASN00082076,20191021,TMAX,252,,,a,
ASN00082076,20191022,TMAX,270,,,a,
ASN00082076,20191023,TMAX,278,,,a,
ASN00082076,20191024,TMAX,302,,,a,
ASN00082076,20191025,TMAX,269,,,a,
ASN00082076,20191026,TMAX,142,,,a,
ASN00082076,20191027,TMAX,170,,,a,
ASN00082076,20191028,TMAX,238,,,a,
ASN00082076,20191029,TMAX,262,,,a,
ASN00082076,20191030,TMAX,301,,,a,
ASN00082076,20191031,TMAX,300,,,a,
ASN00082076,20191001,TMIN,28,,,a,
ASN00082076,20191002,TMIN,30,,,a,
ASN00082076,20191003,TMIN,63,,,a,
ASN00082076,20191004,TMIN,58,,,a,
ASN00082076,20191005,TMIN,115,,,a,
ASN00082076,20191006,TMIN,106,,,a,
ASN00082076,20191007,TMIN,52,,,a,
ASN00082076,20191008,TMIN,73,,,a,
ASN00082076,20191009,TMIN,39,,,a,
ASN00082076,20191010,TMIN,42,,,a,
ASN00082076,20191011,TMIN,90,,,a,
ASN00082076,20191012,TMIN,60,,,a,
ASN00082076,20191013,TMIN,42,,,a,
ASN00082076,20191014,TMIN,50,,,a,
ASN00082076,20191015,TMIN,65,,,a,
ASN00082076,20191016,TMIN,110,,,a,
ASN00082076,20191017,TMIN,106,,,a,
ASN00082076,20191018,TMIN,41,,,a,
ASN00082076,20191019,TMIN,96,,,a,
ASN00082076,20191020,TMIN,-2,,,a,
ASN00082076,20191021,TMIN,38,,,a,
ASN00082076,20191022,TMIN,76,,,a,
ASN00082076,20191023,TMIN,66,,,a,
ASN00082076,20191024,TMIN,66,,,a,
ASN00082076,20191025,TMIN,84,,,a,
ASN00082076,20191026,TMIN,115,,,a,
ASN00082076,20191027,TMIN,11,,,a,
ASN00082076,20191028,TMIN,20,,,a,
ASN00082076,20191029,TMIN,32,,,a,
ASN00082076,20191030,TMIN,58,,,a,
ASN00082076,20191031,TMIN,70,,,a,
ASN00082076,20191001,PRCP,0,,,a,
ASN00082076,20191002,PRCP,0,,,a,
ASN00082076,20191003,PRCP,0,,,a,
ASN00082076,20191004,PRCP,0,,,a,
ASN00082076,20191005,PRCP,30,,,a,
ASN00082076,20191006,PRCP,0,,,a,
ASN00082076,20191007,PRCP,0,,,a,
ASN00082076,20191008,PRCP,0,,,a,
ASN00082076,20191009,PRCP,72,,,a,
ASN00082076,20191010,PRCP,0,,,a,
ASN00082076,20191011,PRCP,0,,,a,
ASN00082076,20191012,PRCP,0,,,a,
ASN00082076,20191013,PRCP,0,,,a,
ASN00082076,20191014,PRCP,0,,,a,
ASN00082076,20191015,PRCP,0,,,a,
ASN00082076,20191016,PRCP,6,,,a,
ASN00082076,20191017,PRCP,80,,,a,
ASN00082076,20191018,PRCP,42,,,a,
ASN00082076,20191019,PRCP,0,,,a,
ASN00082076,20191020,PRCP,8,,,a,
ASN00082076,20191021,PRCP,0,,,a,
ASN00082076,20191022,PRCP,0,,,a,
ASN00082076,20191023,PRCP,0,,,a,
ASN00082076,20191024,PRCP,0,,,a,
ASN00082076,20191025,PRCP,0,,,a,
ASN00082076,20191026,PRCP,26,,,a,
ASN00082076,20191027,PRCP,28,,,a,
ASN00082076,20191028,PRCP,0,,,a,
ASN00082076,20191029,PRCP,0,,,a,
ASN00082076,20191030,PRCP,0,,,a,
ASN00082076,20191031,PRCP,0,,,a,
ASN00082076,20191101,TMAX,312,,,a,
ASN00082076,20191102,TMAX,285,,,a,
ASN00082076,20191103,TMAX,181,,,a,
ASN00082076,20191104,TMAX,195,,,a,
ASN00082076,20191105,TMAX,185,,,a,
ASN00082076,20191106,TMAX,196,,,a,
ASN00082076,20191107,TMAX,160,,,a,
ASN00082076,20191108,TMAX,155,,,a,
ASN00082076,20191109,TMAX,128,,,a,
ASN00082076,20191110,TMAX,195,,,a,
ASN00082076,20191111,TMAX,245,,,a,
ASN00082076,20191112,TMAX,245,,,a,
ASN00082076,20191113,TMAX,176,,,a,
ASN00082076,20191114,TMAX,200,,,a,
ASN00082076,20191117,TMAX,228,,,a,
ASN00082076,20191118,TMAX,250,,,a,
ASN00082076,20191119,TMAX,298,,,a,
ASN00082076,20191120,TMAX,323,,,a,
ASN00082076,20191121,TMAX,367,,,a,
ASN00082076,20191122,TMAX,295,,,a,
ASN00082076,20191123,TMAX,274,,,a,
ASN00082076,20191124,TMAX,281,,,a,
ASN00082076,20191125,TMAX,306,,,a,
ASN00082076,20191126,TMAX,228,,,a,
ASN00082076,20191127,TMAX,236,,,a,
ASN00082076,20191128,TMAX,285,,,a,
ASN00082076,20191129,TMAX,320,,,a,
ASN00082076,20191130,TMAX,220,,,a,
ASN00082076,20191101,TMIN,85,,,a,
ASN00082076,20191102,TMIN,140,,,a,
ASN00082076,20191103,TMIN,155,,,a,
ASN00082076,20191104,TMIN,96,,,a,
ASN00082076,20191105,TMIN,65,,,a,
ASN00082076,20191106,TMIN,35,,,a,
ASN00082076,20191107,TMIN,68,,,a,
ASN00082076,20191108,TMIN,100,,,a,
ASN00082076,20191109,TMIN,5,,,a,
ASN00082076,20191110,TMIN,75,,,a,
ASN00082076,20191111,TMIN,55,,,a,
ASN00082076,20191112,TMIN,80,,,a,
ASN00082076,20191113,TMIN,35,,,a,
ASN00082076,20191114,TMIN,76,,,a,
ASN00082076,20191115,TMIN,70,,,a,
ASN00082076,20191118,TMIN,68,,,a,
ASN00082076,20191119,TMIN,64,,,a,
ASN00082076,20191120,TMIN,92,,,a,
ASN00082076,20191121,TMIN,91,,,a,
ASN00082076,20191122,TMIN,174,,,a,
ASN00082076,20191123,TMIN,82,,,a,
ASN00082076,20191124,TMIN,101,,,a,
ASN00082076,20191125,TMIN,64,,,a,
ASN00082076,20191126,TMIN,160,,,a,
ASN00082076,20191127,TMIN,21,,,a,
ASN00082076,20191128,TMIN,36,,,a,
ASN00082076,20191129,TMIN,90,,,a,
ASN00082076,20191130,TMIN,145,,,a,
ASN00082076,20191101,PRCP,0,,,a,
ASN00082076,20191102,PRCP,0,,,a,
ASN00082076,20191103,PRCP,114,,,a,
ASN00082076,20191104,PRCP,230,,,a,
ASN00082076,20191105,PRCP,18,,,a,
ASN00082076,20191106,PRCP,0,,,a,
ASN00082076,20191107,PRCP,0,,,a,
ASN00082076,20191108,PRCP,48,,,a,
ASN00082076,20191109,PRCP,62,,,a,
ASN00082076,20191110,PRCP,4,,,a,
ASN00082076,20191111,PRCP,0,,,a,
ASN00082076,20191112,PRCP,0,,,a,
ASN00082076,20191113,PRCP,0,,,a,
ASN00082076,20191114,PRCP,0,,,a,
ASN00082076,20191115,PRCP,0,,,a,
ASN00082076,20191116,PRCP,0,,,a,
ASN00082076,20191117,PRCP,0,,,a,
ASN00082076,20191118,PRCP,0,,,a,
ASN00082076,20191119,PRCP,0,,,a,
ASN00082076,20191120,PRCP,0,,,a,
ASN00082076,20191121,PRCP,0,,,a,
ASN00082076,20191122,PRCP,0,,,a,
ASN00082076,20191123,PRCP,0,,,a,
ASN00082076,20191124,PRCP,0,,,a,
ASN00082076,20191125,PRCP,0,,,a,
ASN00082076,20191126,PRCP,0,,,a,
ASN00082076,20191127,PRCP,24,,,a,
ASN00082076,20191128,PRCP,0,,,a,
ASN00082076,20191129,PRCP,0,,,a,
ASN00082076,20191130,PRCP,6,,,a,
ASN00082076,20191117,DATN,2,,,a,
ASN00082076,20191116,DATX,2,,,a,
ASN00082076,20191117,MDTN,56,,,a,
ASN00082076,20191116,MDTX,218,,,a,
ASN00082076,20191201,TMAX,151,,,a,
ASN00082076,20191202,TMAX,155,,,a,
ASN00082076,20191203,TMAX,180,,,a,
ASN00082076,20191204,TMAX,207,,,a,
ASN00082076,20191205,TMAX,255,,,a,
ASN00082076,20191206,TMAX,240,,,a,
ASN00082076,20191207,TMAX,255,,,a,
ASN00082076,20191208,TMAX,300,,,a,
ASN00082076,20191209,TMAX,327,,,a,
ASN00082076,20191210,TMAX,345,,,a,
ASN00082076,20191213,TMAX,248,,,a,
ASN00082076,20191214,TMAX,266,,,a,
ASN00082076,20191217,TMAX,228,,,a,
ASN00082076,20191218,TMAX,349,,,a,
ASN00082076,20191219,TMAX,388,,,a,
ASN00082076,20191220,TMAX,390,,,a,
ASN00082076,20191221,TMAX,365,,,a,
ASN00082076,20191222,TMAX,308,,,a,
ASN00082076,20191223,TMAX,320,,,a,
ASN00082076,20191224,TMAX,303,,,a,
ASN00082076,20191225,TMAX,320,,,a,
ASN00082076,20191226,TMAX,350,,,a,
ASN00082076,20191227,TMAX,365,,,a,
ASN00082076,20191228,TMAX,355,,,a,
ASN00082076,20191229,TMAX,370,,,a,
ASN00082076,20191230,TMAX,392,,,a,
ASN00082076,20191231,TMAX,350,,,a,
ASN00082076,20191201,TMIN,42,,,a,
ASN00082076,20191202,TMIN,75,,,a,
ASN00082076,20191203,TMIN,85,,,a,
ASN00082076,20191204,TMIN,90,,,a,
ASN00082076,20191205,TMIN,50,,,a,
ASN00082076,20191206,TMIN,80,,,a,
ASN00082076,20191207,TMIN,45,,,a,
ASN00082076,20191208,TMIN,85,,,a,
ASN00082076,20191209,TMIN,105,,,a,
ASN00082076,20191210,TMIN,122,,,a,
ASN00082076,20191211,TMIN,135,,,a,
ASN00082076,20191214,TMIN,84,,,a,
ASN00082076,20191215,TMIN,138,,,a,
ASN00082076,20191218,TMIN,136,,,a,
ASN00082076,20191219,TMIN,154,,,a,
ASN00082076,20191220,TMIN,141,,,a,
ASN00082076,20191221,TMIN,158,,,a,
ASN00082076,20191222,TMIN,140,,,a,
ASN00082076,20191223,TMIN,108,,,a,
ASN00082076,20191224,TMIN,164,,,a,
ASN00082076,20191225,TMIN,135,,,a,
ASN00082076,20191226,TMIN,135,,,a,
ASN00082076,20191227,TMIN,155,,,a,
ASN00082076,20191228,TMIN,165,,,a,
ASN00082076,20191229,TMIN,205,,,a,
ASN00082076,20191230,TMIN,155,,,a,
ASN00082076,20191231,TMIN,232,,,a,
ASN00082076,20191201,PRCP,0,,,a,
ASN00082076,20191202,PRCP,200,,,a,
ASN00082076,20191203,PRCP,26,,,a,
ASN00082076,20191204,PRCP,0,,,a,
ASN00082076,20191205,PRCP,0,,,a,
ASN00082076,20191206,PRCP,0,,,a,
ASN00082076,20191207,PRCP,0,,,a,
ASN00082076,20191208,PRCP,0,,,a,
ASN00082076,20191209,PRCP,0,,,a,
ASN00082076,20191210,PRCP,0,,,a,
ASN00082076,20191211,PRCP,0,,,a,
ASN00082076,20191212,PRCP,0,,,a,
ASN00082076,20191213,PRCP,0,,,a,
ASN00082076,20191214,PRCP,0,,,a,
ASN00082076,20191215,PRCP,0,,,a,
ASN00082076,20191216,PRCP,0,,,a,
ASN00082076,20191217,PRCP,0,,,a,
ASN00082076,20191218,PRCP,0,,,a,
ASN00082076,20191219,PRCP,0,,,a,
ASN00082076,20191220,PRCP,0,,,a,
ASN00082076,20191221,PRCP,0,,,a,
ASN00082076,20191222,PRCP,0,,,a,
ASN00082076,20191223,PRCP,0,,,a,
ASN00082076,20191224,PRCP,0,,,a,
ASN00082076,20191225,PRCP,0,,,a,
ASN00082076,20191226,PRCP,0,,,a,
ASN00082076,20191227,PRCP,0,,,a,
ASN00082076,20191228,PRCP,0,,,a,
ASN00082076,20191229,PRCP,0,,,a,
ASN00082076,20191230,PRCP,0,,,a,
ASN00082076,20191231,PRCP,0,,,a,
ASN00082076,20191213,DATN,2,,,a,
ASN00082076,20191217,DATN,2,,,a,
ASN00082076,20191212,DATX,2,,,a,
ASN00082076,20191216,DATX,2,,,a,
ASN00082076,20191213,MDTN,120,,,a,
ASN00082076,20191217,MDTN,166,,,a,
ASN00082076,20191212,MDTX,290,,,a,
ASN00082076,20191216,MDTX,296,,,a,
ASN00082076,20200101,TMAX,320,,,a,
ASN00082076,20200105,TMAX,174,,,a,
ASN00082076,20200106,TMAX,176,,,a,
ASN00082076,20200107,TMAX,314,,,a,
ASN00082076,20200108,TMAX,304,,,a,
ASN00082076,20200109,TMAX,340,,,a,
ASN00082076,20200110,TMAX,378,,,a,
ASN00082076,20200111,TMAX,293,,,a,
ASN00082076,20200112,TMAX,290,,,a,
ASN00082076,20200113,TMAX,286,,,a,
ASN00082076,20200114,TMAX,288,,,a,
ASN00082076,20200115,TMAX,310,,,a,
ASN00082076,20200116,TMAX,331,,,a,
ASN00082076,20200117,TMAX,310,,,a,
ASN00082076,20200118,TMAX,320,,,a,
ASN00082076,20200119,TMAX,314,,,a,
ASN00082076,20200120,TMAX,209,,,a,
ASN00082076,20200121,TMAX,255,,,a,
ASN00082076,20200122,TMAX,320,,,a,
ASN00082076,20200123,TMAX,250,,,a,
ASN00082076,20200124,TMAX,255,,,a,
ASN00082076,20200125,TMAX,300,,,a,
ASN00082076,20200126,TMAX,325,,,a,
ASN00082076,20200129,TMAX,351,,,a,
ASN00082076,20200130,TMAX,378,,,a,
ASN00082076,20200131,TMAX,422,,,a,
ASN00082076,20200101,TMIN,120,,,a,
ASN00082076,20200102,TMIN,120,,,a,
ASN00082076,20200106,TMIN,124,,,a,
ASN00082076,20200107,TMIN,132,,,a,
ASN00082076,20200108,TMIN,162,,,a,
ASN00082076,20200109,TMIN,190,,,a,
ASN00082076,20200110,TMIN,159,,,a,
ASN00082076,20200111,TMIN,136,,,a,
ASN00082076,20200112,TMIN,128,,,a,
ASN00082076,20200113,TMIN,125,,,a,
ASN00082076,20200114,TMIN,133,,,a,
ASN00082076,20200115,TMIN,155,,,a,
ASN00082076,20200116,TMIN,171,,,a,
ASN00082076,20200117,TMIN,153,,,a,
ASN00082076,20200118,TMIN,175,,,a,
ASN00082076,20200119,TMIN,166,,,a,
ASN00082076,20200120,TMIN,151,,,a,
ASN00082076,20200121,TMIN,146,,,a,
ASN00082076,20200122,TMIN,111,,,a,
ASN00082076,20200123,TMIN,155,,,a,
ASN00082076,20200124,TMIN,89,,,a,
ASN00082076,20200125,TMIN,85,,,a,
ASN00082076,20200126,TMIN,120,,,a,
ASN00082076,20200127,TMIN,145,,,a,
ASN00082076,20200130,TMIN,154,,,a,
ASN00082076,20200131,TMIN,154,,,a,
ASN00082076,20200101,PRCP,0,,,a,
ASN00082076,20200102,PRCP,0,,,a,
ASN00082076,20200103,PRCP,0,,,a,
ASN00082076,20200104,PRCP,0,,,a,
ASN00082076,20200105,PRCP,0,,,a,
ASN00082076,20200106,PRCP,10,,,a,
ASN00082076,20200107,PRCP,32,,,a,
ASN00082076,20200108,PRCP,0,,,a,
ASN00082076,20200109,PRCP,0,,,a,
ASN00082076,20200110,PRCP,0,,,a,
ASN00082076,20200111,PRCP,30,,,a,
ASN00082076,20200112,PRCP,0,,,a,
ASN00082076,20200113,PRCP,0,,,a,
ASN00082076,20200114,PRCP,0,,,a,
ASN00082076,20200115,PRCP,0,,,a,
ASN00082076,20200116,PRCP,0,,,a,
ASN00082076,20200117,PRCP,0,,,a,
ASN00082076,20200118,PRCP,0,,,a,
ASN00082076,20200119,PRCP,0,,,a,
ASN00082076,20200120,PRCP,124,,,a,
ASN00082076,20200121,PRCP,260,,,a,
ASN00082076,20200122,PRCP,2,,,a,
ASN00082076,20200123,PRCP,0,,,a,
ASN00082076,20200124,PRCP,108,,,a,
ASN00082076,20200125,PRCP,0,,,a,
ASN00082076,20200126,PRCP,0,,,a,
ASN00082076,20200127,PRCP,0,,,a,
ASN00082076,20200128,PRCP,0,,,a,
ASN00082076,20200129,PRCP,0,,,a,
ASN00082076,20200130,PRCP,0,,,a,
ASN00082076,20200131,PRCP,0,,,a,
ASN00082076,20200105,DATN,3,,,a,
ASN00082076,20200129,DATN,2,,,a,
ASN00082076,20200104,DATX,3,,,a,
ASN00082076,20200128,DATX,2,,,a,
ASN00082076,20200105,MDTN,164,,,a,
ASN00082076,20200129,MDTN,140,,,a,
ASN00082076,20200104,MDTX,422,,,a,
ASN00082076,20200128,MDTX,330,,,a,
ASN00082076,20200201,TMAX,390,,,a,
ASN00082076,20200202,TMAX,274,,,a,
ASN00082076,20200203,TMAX,252,,,a,
ASN00082076,20200204,TMAX,252,,,a,
ASN00082076,20200205,TMAX,312,,,a,
ASN00082076,20200206,TMAX,310,,,a,
ASN00082076,20200207,TMAX,295,,,a,
ASN00082076,20200208,TMAX,277,,,a,
ASN00082076,20200209,TMAX,247,,,a,
ASN00082076,20200210,TMAX,279,,,a,
ASN00082076,20200211,TMAX,288,,,a,
ASN00082076,20200212,TMAX,293,,,a,
ASN00082076,20200213,TMAX,305,,,a,
ASN00082076,20200217,TMAX,316,,,a,
ASN00082076,20200218,TMAX,312,,,a,
ASN00082076,20200219,TMAX,205,,,a,
ASN00082076,20200220,TMAX,251,,,a,
ASN00082076,20200201,TMIN,212,,,a,
ASN00082076,20200202,TMIN,238,,,a,
ASN00082076,20200203,TMIN,100,,,a,
ASN00082076,20200204,TMIN,102,,,a,
ASN00082076,20200205,TMIN,102,,,a,
ASN00082076,20200206,TMIN,124,,,a,
ASN00082076,20200207,TMIN,134,,,a,
ASN00082076,20200208,TMIN,164,,,a,
ASN00082076,20200209,TMIN,185,,,a,
ASN00082076,20200210,TMIN,164,,,a,
ASN00082076,20200211,TMIN,181,,,a,
ASN00082076,20200212,TMIN,196,,,a,
ASN00082076,20200213,TMIN,212,,,a,
ASN00082076,20200214,TMIN,185,,,a,
ASN00082076,20200218,TMIN,160,,,a,
ASN00082076,20200219,TMIN,130,,,a,
ASN00082076,20200220,TMIN,105,,,a,
ASN00082076,20200221,TMIN,142,,,a,
ASN00082076,20200201,PRCP,0,,,a,
ASN00082076,20200202,PRCP,0,,,a,
ASN00082076,20200203,PRCP,6,,,a,
ASN00082076,20200204,PRCP,0,,,a,
ASN00082076,20200205,PRCP,0,,,a,
ASN00082076,20200206,PRCP,0,,,a,
ASN00082076,20200207,PRCP,8,,,a,
ASN00082076,20200208,PRCP,0,,,a,
ASN00082076,20200209,PRCP,0,,,a,
ASN00082076,20200210,PRCP,52,,,a,
ASN00082076,20200211,PRCP,180,,,a,
ASN00082076,20200212,PRCP,46,,,a,
ASN00082076,20200213,PRCP,0,,,a,
ASN00082076,20200218,PRCP,0,,,a,
ASN00082076,20200219,PRCP,22,,,a,
ASN00082076,20200220,PRCP,2,,,a,
ASN00082076,20200221,PRCP,0,,,a,
ASN00082076,20200217,DATN,3,,,a,
ASN00082076,20200216,DATX,3,,,a,
ASN00082076,20200217,MDTN,150,,,a,
ASN00082076,20200216,MDTX,271,,,a,
ASN00082076,20200305,TMAX,191,,,a,
ASN00082076,20200306,TMAX,237,,,a,
ASN00082076,20200307,TMAX,250,,,a,
ASN00082076,20200308,TMAX,209,,,a,
ASN00082076,20200309,TMAX,228,,,a,
ASN00082076,20200310,TMAX,256,,,a,
ASN00082076,20200315,TMAX,220,,,a,
ASN00082076,20200306,TMIN,165,,,a,
ASN00082076,20200307,TMIN,155,,,a,
ASN00082076,20200308,TMIN,151,,,a,
ASN00082076,20200309,TMIN,136,,,a,
ASN00082076,20200310,TMIN,103,,,a,
ASN00082076,20200311,TMIN,111,,,a,
ASN00082076,20200316,TMIN,111,,,a,
ASN00082076,20200306,PRCP,438,,,a,
ASN00082076,20200307,PRCP,4,,,a,
ASN00082076,20200308,PRCP,0,,,a,
ASN00082076,20200309,PRCP,18,,,a,
ASN00082076,20200310,PRCP,0,,,a,
ASN00082076,20200311,PRCP,0,,,a,
ASN00082076,20200312,PRCP,0,,,a,
ASN00082076,20200313,PRCP,0,,,a,
ASN00082076,20200315,PRCP,0,,,a,
ASN00082076,20200316,PRCP,0,,,a,
ASN00082076,20200317,PRCP,0,,,a,
ASN00082076,20200318,PRCP,0,,,a,
ASN00082076,20200319,PRCP,0,,,a,
ASN00082076,20200313,DATN,2,,,a,
ASN00082076,20200315,DATN,2,,,a,
ASN00082076,20200319,DATN,3,,,a,
ASN00082076,20200312,DATX,2,,,a,
ASN00082076,20200314,DATX,2,,,a,
ASN00082076,20200318,DATX,3,,,a,
ASN00082076,20200313,MDTN,100,,,a,
ASN00082076,20200315,MDTN,30,,,a,
ASN00082076,20200319,MDTN,115,,,a,
ASN00082076,20200312,MDTX,280,,,a,
ASN00082076,20200314,MDTX,160,,,a,
ASN00082076,20200318,MDTX,265,,,a,
ASN00082076,20200402,TMAX,213,,,a,
ASN00082076,20200403,TMAX,189,,,a,
ASN00082076,20200404,TMAX,144,,,a,
ASN00082076,20200405,TMAX,141,,,a,
ASN00082076,20200406,TMAX,190,,,a,
ASN00082076,20200407,TMAX,188,,,a,
ASN00082076,20200408,TMAX,200,,,a,
ASN00082076,20200409,TMAX,230,,,a,
ASN00082076,20200410,TMAX,206,,,a,
ASN00082076,20200411,TMAX,149,,,a,
ASN00082076,20200415,TMAX,245,,,a,
ASN00082076,20200430,TMAX,109,,,a,
ASN00082076,20200403,TMIN,138,,,a,
ASN00082076,20200404,TMIN,114,,,a,
ASN00082076,20200405,TMIN,83,,,a,
ASN00082076,20200406,TMIN,91,,,a,
ASN00082076,20200407,TMIN,59,,,a,
ASN00082076,20200408,TMIN,105,,,a,
ASN00082076,20200409,TMIN,116,,,a,
ASN00082076,20200410,TMIN,115,,,a,
ASN00082076,20200411,TMIN,125,,,a,
ASN00082076,20200412,TMIN,14,,,a,
ASN00082076,20200416,TMIN,80,,,a,
ASN00082076,20200403,PRCP,212,,,a,
ASN00082076,20200404,PRCP,32,,,a,
ASN00082076,20200405,PRCP,134,,,a,
ASN00082076,20200406,PRCP,70,,,a,
ASN00082076,20200407,PRCP,0,,,a,
ASN00082076,20200408,PRCP,0,,,a,
ASN00082076,20200409,PRCP,0,,,a,
ASN00082076,20200410,PRCP,0,,L,a,
ASN00082076,20200412,PRCP,52,,,a,
ASN00082076,20200411,DAPR,2,,L,a,
ASN00082076,20200416,DAPR,4,,,a,
ASN00082076,20200411,MDPR,20,,L,a,
ASN00082076,20200416,MDPR,4,,,a,
ASN00082076,20200501,TMAX,87,,,a,
ASN00082076,20200505,TMAX,220,,,a,
ASN00082076,20200506,TMAX,171,,,a,
ASN00082076,20200507,TMAX,200,,,a,
ASN00082076,20200510,TMAX,120,,,a,
ASN00082076,20200511,TMAX,153,,,a,
ASN00082076,20200512,TMAX,138,,,a,
ASN00082076,20200513,TMAX,135,,,a,
ASN00082076,20200514,TMAX,162,,,a,
ASN00082076,20200528,TMAX,162,,,a,
ASN00082076,20200529,TMAX,159,,,a,
ASN00082076,20200530,TMAX,148,,,a,
ASN00082076,20200531,TMAX,146,,,a,
ASN00082076,20200501,TMIN,60,,,a,
ASN00082076,20200502,TMIN,62,,,a,
ASN00082076,20200506,TMIN,55,,,a,
ASN00082076,20200507,TMIN,59,,,a,
ASN00082076,20200508,TMIN,80,,,a,
ASN00082076,20200511,TMIN,15,,,a,
ASN00082076,20200512,TMIN,20,,,a,
ASN00082076,20200513,TMIN,30,,,a,
ASN00082076,20200514,TMIN,45,,,a,
ASN00082076,20200515,TMIN,10,,,a,
ASN00082076,20200529,TMIN,37,,,a,
ASN00082076,20200530,TMIN,13,,,a,
ASN00082076,20200531,TMIN,45,,,a,
ASN00082076,20200501,PRCP,114,,,a,
ASN00082076,20200502,PRCP,98,,,a,
ASN00082076,20200506,PRCP,0,,,a,
ASN00082076,20200507,PRCP,0,,,a,
ASN00082076,20200508,PRCP,0,,,a,
ASN00082076,20200509,PRCP,0,,,a,
ASN00082076,20200510,PRCP,0,,,a,
ASN00082076,20200511,PRCP,0,,,a,
ASN00082076,20200513,PRCP,0,,,a,
ASN00082076,20200514,PRCP,0,,,a,
ASN00082076,20200515,PRCP,0,,,a,
ASN00082076,20200529,PRCP,0,,,a,
ASN00082076,20200530,PRCP,0,,,a,
ASN00082076,20200531,PRCP,0,,,a,
ASN00082076,20200505,DATN,3,,,a,
ASN00082076,20200504,DATX,3,,,a,
ASN00082076,20200505,MDTN,22,,,a,
ASN00082076,20200504,MDTX,161,,,a,
ASN00082076,20200601,TMAX,102,,,a,
ASN00082076,20200602,TMAX,118,,,a,
ASN00082076,20200603,TMAX,134,,,a,
ASN00082076,20200604,TMAX,146,,L,a,
ASN00082076,20200606,TMAX,125,,,a,
ASN00082076,20200607,TMAX,118,,,a,
ASN00082076,20200608,TMAX,145,,,a,
ASN00082076,20200609,TMAX,145,,,a,
ASN00082076,20200611,TMAX,160,,,a,
ASN00082076,20200624,TMAX,134,,,a,
ASN00082076,20200625,TMAX,112,,,a,
ASN00082076,20200626,TMAX,133,,,a,
ASN00082076,20200627,TMAX,119,,,a,
ASN00082076,20200628,TMAX,117,,,a,
ASN00082076,20200629,TMAX,136,,,a,
ASN00082076,20200630,TMAX,137,,,a,
ASN00082076,20200601,TMIN,86,,,a,
ASN00082076,20200602,TMIN,51,,,a,
ASN00082076,20200603,TMIN,59,,,a,
ASN00082076,20200604,TMIN,27,,,a,
ASN00082076,20200605,TMIN,-12,,L,a,
ASN00082076,20200607,TMIN,-10,,,a,
ASN00082076,20200608,TMIN,-10,,,a,
ASN00082076,20200609,TMIN,15,,,a,
ASN00082076,20200610,TMIN,15,,,a,
ASN00082076,20200612,TMIN,15,,,a,
ASN00082076,20200625,TMIN,69,,,a,
ASN00082076,20200626,TMIN,59,,,a,
ASN00082076,20200627,TMIN,18,,,a,
ASN00082076,20200628,TMIN,-6,,,a,
ASN00082076,20200629,TMIN,-5,,,a,
ASN00082076,20200630,TMIN,10,,,a,
ASN00082076,20200601,PRCP,26,,,a,
ASN00082076,20200602,PRCP,94,,,a,
ASN00082076,20200603,PRCP,10,,,a,
ASN00082076,20200604,PRCP,0,,,a,
ASN00082076,20200605,PRCP,0,,,a,
ASN00082076,20200606,PRCP,0,,,a,
ASN00082076,20200607,PRCP,0,,,a,
ASN00082076,20200608,PRCP,0,,,a,
ASN00082076,20200609,PRCP,0,,,a,
ASN00082076,20200610,PRCP,0,,,a,
ASN00082076,20200611,PRCP,0,,,a,
ASN00082076,20200612,PRCP,0,,,a,
ASN00082076,20200625,PRCP,0,,,a,
ASN00082076,20200626,PRCP,8,,,a,
ASN00082076,20200629,PRCP,4,,,a,
ASN00082076,20200630,PRCP,0,,L,a,
ASN00082076,20200606,DATN,2,,L,a,
ASN00082076,20200605,DATX,2,,L,a,
ASN00082076,20200606,MDTN,-12,,L,a,
ASN00082076,20200605,MDTX,146,,L,a,
ASN00082076,20200701,TMAX,161,,,a,
ASN00082076,20200702,TMAX,105,,,a,
ASN00082076,20200703,TMAX,100,,,a,
ASN00082076,20200705,TMAX,146,,,a,
ASN00082076,20200706,TMAX,130,,,a,
ASN00082076,20200707,TMAX,140,,,a,
ASN00082076,20200708,TMAX,145,,,a,
ASN00082076,20200723,TMAX,129,,,a,
ASN00082076,20200724,TMAX,145,,,a,
ASN00082076,20200725,TMAX,112,,,a,
ASN00082076,20200726,TMAX,130,,,a,
ASN00082076,20200727,TMAX,129,,,a,
ASN00082076,20200728,TMAX,157,,,a,
ASN00082076,20200729,TMAX,161,,,a,
ASN00082076,20200730,TMAX,141,,,a,
ASN00082076,20200731,TMAX,145,,,a,
ASN00082076,20200701,TMIN,34,,,a,
ASN00082076,20200702,TMIN,51,,,a,
ASN00082076,20200703,TMIN,51,,,a,
ASN00082076,20200704,TMIN,-5,,,a,
ASN00082076,20200706,TMIN,22,,,a,
ASN00082076,20200707,TMIN,5,,,a,
ASN00082076,20200708,TMIN,-7,,,a,
ASN00082076,20200709,TMIN,16,,,a,
ASN00082076,20200724,TMIN,2,,,a,
ASN00082076,20200725,TMIN,-12,,,a,
ASN00082076,20200726,TMIN,-6,,,a,
ASN00082076,20200727,TMIN,88,,,a,
ASN00082076,20200729,TMIN,29,,,a,
ASN00082076,20200730,TMIN,31,,,a,
ASN00082076,20200731,TMIN,-5,,,a,
ASN00082076,20200702,PRCP,96,,,a,
ASN00082076,20200703,PRCP,34,,,a,
ASN00082076,20200704,PRCP,170,,,a,
ASN00082076,20200705,PRCP,0,,,a,
ASN00082076,20200706,PRCP,0,,,a,
ASN00082076,20200707,PRCP,0,,,a,
ASN00082076,20200708,PRCP,0,,,a,
ASN00082076,20200709,PRCP,0,,,a,
ASN00082076,20200724,PRCP,2,,,a,
ASN00082076,20200725,PRCP,0,,,a,
ASN00082076,20200726,PRCP,6,,,a,
ASN00082076,20200727,PRCP,24,,,a,
ASN00082076,20200728,PRCP,0,,,a,
ASN00082076,20200729,PRCP,0,,,a,
ASN00082076,20200730,PRCP,0,,,a,
ASN00082076,20200731,PRCP,0,,,a,
ASN00082076,20200701,DAPR,2,,L,a,
ASN00082076,20200701,MDPR,10,,L,a,
ASN00082076,20200801,TMAX,150,,,a,
ASN00082076,20200802,TMAX,161,,,a,
ASN00082076,20200803,TMAX,153,,,a,
ASN00082076,20200804,TMAX,98,,,a,
ASN00082076,20200805,TMAX,84,,,a,
ASN00082076,20200820,TMAX,101,,,a,
ASN00082076,20200821,TMAX,95,,,a,
ASN00082076,20200822,TMAX,71,,,a,
ASN00082076,20200823,TMAX,104,,,a,
ASN00082076,20200824,TMAX,109,,,a,
ASN00082076,20200825,TMAX,132,,,a,
ASN00082076,20200828,TMAX,150,,,a,
ASN00082076,20200829,TMAX,181,,,a,
ASN00082076,20200830,TMAX,194,,,a,
ASN00082076,20200831,TMAX,142,,,a,
ASN00082076,20200801,TMIN,-5,,,a,
ASN00082076,20200802,TMIN,15,,,a,
ASN00082076,20200803,TMIN,8,,,a,
ASN00082076,20200804,TMIN,30,,,a,
ASN00082076,20200805,TMIN,30,,,a,
ASN00082076,20200806,TMIN,-25,,,a,
ASN00082076,20200821,TMIN,69,,,a,
ASN00082076,20200822,TMIN,37,,,a,
ASN00082076,20200823,TMIN,-9,,,a,
ASN00082076,20200824,TMIN,-2,,,a,
ASN00082076,20200825,TMIN,13,,,a,
ASN00082076,20200826,TMIN,14,,,a,
ASN00082076,20200829,TMIN,15,,,a,
ASN00082076,20200830,TMIN,10,,,a,
ASN00082076,20200831,TMIN,35,,,a,
ASN00082076,20200801,PRCP,0,,,a,
ASN00082076,20200802,PRCP,0,,,a,
ASN00082076,20200803,PRCP,0,,,a,
ASN00082076,20200804,PRCP,10,,,a,
ASN00082076,20200805,PRCP,2,,,a,
ASN00082076,20200806,PRCP,0,,,a,
ASN00082076,20200821,PRCP,54,,,a,
ASN00082076,20200822,PRCP,62,,L,a,
ASN00082076,20200823,PRCP,52,,L,a,
ASN00082076,20200826,PRCP,0,,,a,
ASN00082076,20200829,PRCP,0,,,a,
ASN00082076,20200830,PRCP,0,,,a,
ASN00082076,20200831,PRCP,0,,,a,
ASN00082076,20200824,DAPR,3,,L,a,
ASN00082076,20200828,DAPR,2,,,a,
ASN00082076,20200828,DATN,2,,,a,
ASN00082076,20200827,DATX,2,,,a,
ASN00082076,20200824,MDPR,12,,L,a,
ASN00082076,20200828,MDPR,4,,,a,
ASN00082076,20200828,MDTN,0,,,a,
ASN00082076,20200827,MDTX,125,,,a,
ASN00082076,20200901,TMAX,158,,,a,
ASN00082076,20200902,TMAX,194,,,a,
ASN00082076,20200910,TMAX,206,,,a,
ASN00082076,20200911,TMAX,186,,,a,
ASN00082076,20200912,TMAX,172,,,a,
ASN00082076,20200913,TMAX,162,,,a,
ASN00082076,20200914,TMAX,188,,,a,
ASN00082076,20200917,TMAX,172,,,a,
ASN00082076,20200918,TMAX,165,,,a,
ASN00082076,20200919,TMAX,232,,,a,
ASN00082076,20200920,TMAX,197,,,a,
ASN00082076,20200921,TMAX,202,,,a,
ASN00082076,20200922,TMAX,161,,,a,
ASN00082076,20200923,TMAX,127,,,a,
ASN00082076,20200924,TMAX,115,,,a,
ASN00082076,20200925,TMAX,75,,,a,
ASN00082076,20200926,TMAX,111,,,a,
ASN00082076,20200927,TMAX,151,,,a,
ASN00082076,20200928,TMAX,182,,,a,
ASN00082076,20200929,TMAX,192,,,a,
ASN00082076,20200930,TMAX,130,,,a,
ASN00082076,20200901,TMIN,-5,,,a,
ASN00082076,20200902,TMIN,15,,,a,
ASN00082076,20200903,TMIN,30,,,a,
ASN00082076,20200911,TMIN,20,,,a,
ASN00082076,20200912,TMIN,42,,,a,
ASN00082076,20200913,TMIN,58,,,a,
ASN00082076,20200914,TMIN,74,,,a,
ASN00082076,20200915,TMIN,44,,,a,
ASN00082076,20200918,TMIN,99,,,a,
ASN00082076,20200919,TMIN,115,,L,a,
ASN00082076,20200921,TMIN,116,,,a,
ASN00082076,20200922,TMIN,83,,,a,
ASN00082076,20200923,TMIN,74,,,a,
ASN00082076,20200924,TMIN,69,,,a,
ASN00082076,20200925,TMIN,46,,,a,
ASN00082076,20200926,TMIN,25,,,a,
ASN00082076,20200927,TMIN,22,,,a,
ASN00082076,20200928,TMIN,5,,,a,
ASN00082076,20200929,TMIN,30,,,a,
ASN00082076,20200930,TMIN,99,,,a,
ASN00082076,20200901,PRCP,0,,,a,
ASN00082076,20200903,PRCP,0,,,a,
ASN00082076,20200904,PRCP,0,,,a,
ASN00082076,20200905,PRCP,0,,,a,
ASN00082076,20200906,PRCP,0,,,a,
ASN00082076,20200907,PRCP,0,,,a,
ASN00082076,20200908,PRCP,0,,,a,
ASN00082076,20200909,PRCP,0,,,a,
ASN00082076,20200910,PRCP,0,,,a,
ASN00082076,20200911,PRCP,0,,,a,
ASN00082076,20200912,PRCP,0,,L,a,
ASN00082076,20200914,PRCP,20,,,a,
ASN00082076,20200915,PRCP,0,,,a,
ASN00082076,20200918,PRCP,0,,,a,
ASN00082076,20200919,PRCP,10,,L,a,
ASN00082076,20200921,PRCP,24,,,a,
ASN00082076,20200922,PRCP,52,,,a,
ASN00082076,20200923,PRCP,24,,,a,
ASN00082076,20200924,PRCP,64,,,a,
ASN00082076,20200925,PRCP,140,,,a,
ASN00082076,20200926,PRCP,152,,,a,
ASN00082076,20200927,PRCP,10,,,a,
ASN00082076,20200928,PRCP,0,,,a,
ASN00082076,20200929,PRCP,0,,,a,
ASN00082076,20200930,PRCP,0,,,a,
ASN00082076,20200913,DAPR,2,,L,a,
ASN00082076,20200920,DAPR,2,,L,a,
ASN00082076,20200917,DATN,2,,,a,
ASN00082076,20200920,DATN,2,,L,a,
ASN00082076,20200916,DATX,2,,,a,
ASN00082076,20200913,MDPR,90,,L,a,
ASN00082076,20200920,MDPR,126,,L,a,
ASN00082076,20200917,MDTN,54,,,a,
ASN00082076,20200920,MDTN,133,,L,a,
ASN00082076,20200916,MDTX,212,,,a,
ASN00082076,20201015,TMAX,246,,,a,
ASN00082076,20201016,TMAX,230,,,a,
ASN00082076,20201019,TMAX,212,,,a,
ASN00082076,20201022,TMAX,255,,,a,
ASN00082076,20201023,TMAX,175,,,a,
ASN00082076,20201024,TMAX,207,,,a,
ASN00082076,20201025,TMAX,160,,,a,
ASN00082076,20201026,TMAX,155,,,a,
ASN00082076,20201027,TMAX,185,,,a,
ASN00082076,20201028,TMAX,215,,,a,
ASN00082076,20201001,TMIN,130,,,a,
ASN00082076,20201016,TMIN,113,,,a,
ASN00082076,20201017,TMIN,140,,,a,
ASN00082076,20201020,TMIN,75,,,a,
ASN00082076,20201023,TMIN,95,,,a,
ASN00082076,20201024,TMIN,135,,,a,
ASN00082076,20201025,TMIN,75,,,a,
ASN00082076,20201026,TMIN,80,,,a,
ASN00082076,20201027,TMIN,111,,,a,
ASN00082076,20201028,TMIN,110,,,a,
ASN00082076,20201029,TMIN,75,,,a,
ASN00082076,20201001,PRCP,52,,,a,
ASN00082076,20201016,PRCP,44,,,a,
ASN00082076,20201017,PRCP,178,,,a,
ASN00082076,20201018,PRCP,0,,,a,
ASN00082076,20201019,PRCP,0,,,a,
ASN00082076,20201020,PRCP,0,,,a,
ASN00082076,20201021,PRCP,0,,L,a,
ASN00082076,20201022,PRCP,0,,L,a,
ASN00082076,20201023,PRCP,0,,L,a,
ASN00082076,20201026,PRCP,0,,,a,
ASN00082076,20201027,PRCP,0,,,a,
ASN00082076,20201028,PRCP,4,,,a,
ASN00082076,20201029,PRCP,8,,,a,
ASN00082076,20201024,DAPR,4,,L,a,
ASN00082076,20201025,DAPR,5,,L,a,
ASN00082076,20201019,DATN,2,,,a,
ASN00082076,20201022,DATN,2,,,a,
ASN00082076,20201018,DATX,2,,,a,
ASN00082076,20201021,DATX,2,,,a,
ASN00082076,20201024,MDPR,220,,L,a,
ASN00082076,20201025,MDPR,192,,L,a,
ASN00082076,20201019,MDTN,95,,,a,
ASN00082076,20201022,MDTN,86,,,a,
ASN00082076,20201018,MDTX,195,,,a,
ASN00082076,20201021,MDTX,235,,,a,
ASN00082076,20201111,TMAX,290,,,a,
ASN00082076,20201112,TMAX,252,,,a,
ASN00082076,20201113,TMAX,224,,,a,
ASN00082076,20201114,TMAX,228,,,a,
ASN00082076,20201115,TMAX,294,,,a,
ASN00082076,20201116,TMAX,264,,,a,
ASN00082076,20201117,TMAX,244,,,a,
ASN00082076,20201118,TMAX,273,,,a,
ASN00082076,20201119,TMAX,294,,,a,
ASN00082076,20201120,TMAX,340,,,a,
ASN00082076,20201121,TMAX,334,,,a,
ASN00082076,20201122,TMAX,315,,,a,
ASN00082076,20201123,TMAX,235,,,a,
ASN00082076,20201124,TMAX,255,,,a,
ASN00082076,20201125,TMAX,280,,,a,
ASN00082076,20201126,TMAX,325,,,a,
ASN00082076,20201129,TMAX,262,,,a,
ASN00082076,20201130,TMAX,290,,,a,
ASN00082076,20201112,TMIN,144,,,a,
ASN00082076,20201113,TMIN,145,,,a,
ASN00082076,20201114,TMIN,76,,,a,
ASN00082076,20201115,TMIN,77,,,a,
ASN00082076,20201116,TMIN,162,,,a,
ASN00082076,20201117,TMIN,61,,,a,
ASN00082076,20201118,TMIN,94,,,a,
ASN00082076,20201119,TMIN,109,,,a,
ASN00082076,20201120,TMIN,118,,,a,
ASN00082076,20201121,TMIN,131,,,a,
ASN00082076,20201122,TMIN,182,,,a,
ASN00082076,20201123,TMIN,181,,,a,
ASN00082076,20201124,TMIN,145,,,a,
ASN00082076,20201125,TMIN,120,,,a,
ASN00082076,20201126,TMIN,130,,,a,
ASN00082076,20201127,TMIN,120,,,a,
ASN00082076,20201130,TMIN,126,,,a,
ASN00082076,20201112,PRCP,12,,,a,
ASN00082076,20201113,PRCP,164,,,a,
ASN00082076,20201114,PRCP,0,,,a,
ASN00082076,20201115,PRCP,0,,,a,
ASN00082076,20201116,PRCP,0,,,a,
ASN00082076,20201117,PRCP,6,,,a,
ASN00082076,20201118,PRCP,0,,,a,
ASN00082076,20201119,PRCP,0,,,a,
ASN00082076,20201120,PRCP,0,,,a,
ASN00082076,20201121,PRCP,0,,,a,
ASN00082076,20201122,PRCP,0,,,a,
ASN00082076,20201123,PRCP,86,,,a,
ASN00082076,20201124,PRCP,126,,,a,
ASN00082076,20201125,PRCP,0,,,a,
ASN00082076,20201126,PRCP,0,,,a,
ASN00082076,20201127,PRCP,0,,,a,
ASN00082076,20201130,PRCP,0,,,a,
ASN00082076,20201129,DAPR,2,,,a,
ASN00082076,20201129,DATN,2,,,a,
ASN00082076,20201128,DATX,2,,,a,
ASN00082076,20201129,MDPR,10,,,a,
ASN00082076,20201129,MDTN,175,,,a,
ASN00082076,20201128,MDTX,320,,,a,
ASN00082076,20201201,TMAX,310,,,a,
ASN00082076,20201202,TMAX,245,,,a,
ASN00082076,20201203,TMAX,266,,,a,
ASN00082076,20201207,TMAX,174,,,a,
ASN00082076,20201208,TMAX,190,,,a,
ASN00082076,20201209,TMAX,252,,,a,
ASN00082076,20201210,TMAX,224,,,a,
ASN00082076,20201211,TMAX,259,,,a,
ASN00082076,20201212,TMAX,276,,,a,
ASN00082076,20201213,TMAX,291,,,a,
ASN00082076,20201214,TMAX,321,,,a,
ASN00082076,20201215,TMAX,298,,,a,
ASN00082076,20201216,TMAX,297,,,a,
ASN00082076,20201217,TMAX,285,,,a,
ASN00082076,20201218,TMAX,265,,,a,
ASN00082076,20201219,TMAX,255,,,a,
ASN00082076,20201220,TMAX,265,,,a,
ASN00082076,20201221,TMAX,265,,,a,
ASN00082076,20201222,TMAX,220,,,a,
ASN00082076,20201223,TMAX,258,,,a,
ASN00082076,20201224,TMAX,270,,,a,
ASN00082076,20201225,TMAX,256,,,a,
ASN00082076,20201226,TMAX,284,,,a,
ASN00082076,20201227,TMAX,332,,,a,
ASN00082076,20201228,TMAX,234,,,a,
ASN00082076,20201229,TMAX,270,,,a,
ASN00082076,20201230,TMAX,304,,,a,
ASN00082076,20201231,TMAX,307,,,a,
ASN00082076,20201201,TMIN,120,,,a,
ASN00082076,20201202,TMIN,85,,,a,
ASN00082076,20201203,TMIN,75,,,a,
ASN00082076,20201204,TMIN,66,,,a,
ASN00082076,20201208,TMIN,54,,,a,
ASN00082076,20201209,TMIN,58,,,a,
ASN00082076,20201210,TMIN,102,,,a,
ASN00082076,20201211,TMIN,98,,,a,
ASN00082076,20201212,TMIN,96,,,a,
ASN00082076,20201213,TMIN,93,,,a,
ASN00082076,20201214,TMIN,111,,,a,
ASN00082076,20201215,TMIN,125,,,a,
ASN00082076,20201216,TMIN,172,,,a,
ASN00082076,20201217,TMIN,174,,,a,
ASN00082076,20201218,TMIN,165,,,a,
ASN00082076,20201219,TMIN,120,,,a,
ASN00082076,20201220,TMIN,125,,,a,
ASN00082076,20201221,TMIN,100,,,a,
ASN00082076,20201222,TMIN,135,,,a,
ASN00082076,20201223,TMIN,115,,,a,
ASN00082076,20201224,TMIN,106,,,a,
ASN00082076,20201225,TMIN,118,,,a,
ASN00082076,20201226,TMIN,104,,,a,
ASN00082076,20201227,TMIN,96,,,a,
ASN00082076,20201228,TMIN,144,,,a,
ASN00082076,20201229,TMIN,118,,,a,
ASN00082076,20201230,TMIN,112,,,a,
ASN00082076,20201231,TMIN,162,,,a,
ASN00082076,20201201,PRCP,0,,,a,
ASN00082076,20201202,PRCP,30,,,a,
ASN00082076,20201203,PRCP,0,,,a,
ASN00082076,20201204,PRCP,0,,,a,
ASN00082076,20201208,PRCP,80,,,a,
ASN00082076,20201209,PRCP,0,,,a,
ASN00082076,20201210,PRCP,0,,,a,
ASN00082076,20201211,PRCP,0,,,a,
ASN00082076,20201212,PRCP,0,,,a,
ASN00082076,20201213,PRCP,0,,,a,
ASN00082076,20201214,PRCP,0,,,a,
ASN00082076,20201215,PRCP,0,,,a,
ASN00082076,20201216,PRCP,0,,,a,
ASN00082076,20201217,PRCP,110,,,a,
ASN00082076,20201218,PRCP,20,,,a,
ASN00082076,20201219,PRCP,0,,,a,
ASN00082076,20201220,PRCP,0,,,a,
ASN00082076,20201221,PRCP,0,,,a,
ASN00082076,20201222,PRCP,60,,,a,
ASN00082076,20201223,PRCP,80,,,a,
ASN00082076,20201224,PRCP,0,,,a,
ASN00082076,20201225,PRCP,0,,,a,
ASN00082076,20201226,PRCP,0,,,a,
ASN00082076,20201227,PRCP,0,,,a,
ASN00082076,20201228,PRCP,0,,,a,
ASN00082076,20201229,PRCP,0,,,a,
ASN00082076,20201230,PRCP,0,,,a,
ASN00082076,20201231,PRCP,0,,,a,
ASN00082076,20201207,DAPR,3,,,a,
ASN00082076,20201207,DATN,3,,,a,
ASN00082076,20201206,DATX,3,,,a,
ASN00082076,20201207,MDPR,310,,,a,
ASN00082076,20201207,MDTN,102,,,a,
ASN00082076,20201206,MDTX,164,,,a,
ASN00082076,20210101,TMAX,233,,,a,
ASN00082076,20210102,TMAX,279,,,a,
ASN00082076,20210103,TMAX,254,,,a,
ASN00082076,20210104,TMAX,261,,,a,
ASN00082076,20210105,TMAX,266,,,a,
ASN00082076,20210106,TMAX,245,,,a,
ASN00082076,20210107,TMAX,247,,,a,
ASN00082076,20210108,TMAX,295,,,a,
ASN00082076,20210109,TMAX,320,,,a,
ASN00082076,20210110,TMAX,340,,,a,
ASN00082076,20210111,TMAX,335,,,a,
ASN00082076,20210112,TMAX,360,,,a,
ASN00082076,20210113,TMAX,357,,,a,
ASN00082076,20210114,TMAX,280,,,a,
ASN00082076,20210115,TMAX,240,,,a,
ASN00082076,20210116,TMAX,220,,,a,
ASN00082076,20210117,TMAX,270,,,a,
ASN00082076,20210118,TMAX,260,,,a,
ASN00082076,20210121,TMAX,316,,,a,
ASN00082076,20210122,TMAX,340,,,a,
ASN00082076,20210123,TMAX,356,,,a,
ASN00082076,20210124,TMAX,374,,,a,
ASN00082076,20210126,TMAX,256,,,a,
ASN00082076,20210127,TMAX,272,,,a,
ASN00082076,20210128,TMAX,234,,,a,
ASN00082076,20210129,TMAX,195,,,a,
ASN00082076,20210130,TMAX,287,,,a,
ASN00082076,20210101,TMIN,172,,,a,
ASN00082076,20210102,TMIN,154,,,a,
ASN00082076,20210103,TMIN,168,,,a,
ASN00082076,20210104,TMIN,143,,,a,
ASN00082076,20210105,TMIN,147,,,a,
ASN00082076,20210106,TMIN,156,,,a,
ASN00082076,20210107,TMIN,148,,,a,
ASN00082076,20210108,TMIN,140,,,a,
ASN00082076,20210109,TMIN,120,,,a,
ASN00082076,20210110,TMIN,145,,,a,
ASN00082076,20210111,TMIN,158,,,a,
ASN00082076,20210112,TMIN,155,,,a,
ASN00082076,20210113,TMIN,148,,,a,
ASN00082076,20210114,TMIN,160,,,a,
ASN00082076,20210115,TMIN,110,,,a,
ASN00082076,20210116,TMIN,50,,,a,
ASN00082076,20210117,TMIN,75,,,a,
ASN00082076,20210118,TMIN,100,,,a,
ASN00082076,20210119,TMIN,120,,,a,
ASN00082076,20210122,TMIN,122,,,a,
ASN00082076,20210123,TMIN,132,,,a,
ASN00082076,20210124,TMIN,146,,,a,
ASN00082076,20210125,TMIN,146,,,a,
ASN00082076,20210127,TMIN,182,,,a,
ASN00082076,20210128,TMIN,172,,,a,
ASN00082076,20210129,TMIN,158,,,a,
ASN00082076,20210130,TMIN,175,,,a,
ASN00082076,20210131,TMIN,179,,,a,
ASN00082076,20210101,PRCP,0,,,a,
ASN00082076,20210102,PRCP,6,,,a,
ASN00082076,20210103,PRCP,64,,,a,
ASN00082076,20210104,PRCP,14,,,a,
ASN00082076,20210105,PRCP,98,,,a,
ASN00082076,20210106,PRCP,0,,,a,
ASN00082076,20210107,PRCP,6,,,a,
ASN00082076,20210108,PRCP,0,,,a,
ASN00082076,20210109,PRCP,0,,,a,
ASN00082076,20210110,PRCP,0,,,a,
ASN00082076,20210111,PRCP,0,,,a,
ASN00082076,20210112,PRCP,0,,,a,
ASN00082076,20210113,PRCP,0,,,a,
ASN00082076,20210114,PRCP,0,,,a,
ASN00082076,20210115,PRCP,0,,,a,
ASN00082076,20210116,PRCP,2,,,a,
ASN00082076,20210117,PRCP,0,,,a,
ASN00082076,20210118,PRCP,0,,,a,
ASN00082076,20210119,PRCP,0,,,a,
ASN00082076,20210120,PRCP,0,,,a,
ASN00082076,20210121,PRCP,0,,,a,
ASN00082076,20210122,PRCP,0,,,a,
ASN00082076,20210123,PRCP,0,,,a,
ASN00082076,20210124,PRCP,0,,,a,
ASN00082076,20210125,PRCP,0,,,a,
ASN00082076,20210128,PRCP,0,,,a,
ASN00082076,20210129,PRCP,50,,,a,
ASN00082076,20210130,PRCP,620,,,a,
ASN00082076,20210131,PRCP,26,,,a,
ASN00082076,20210127,DAPR,2,,,a,
ASN00082076,20210121,DATN,2,,,a,
ASN00082076,20210120,DATX,2,,,a,
ASN00082076,20210127,MDPR,40,,,a,
ASN00082076,20210121,MDTN,115,,,a,
ASN00082076,20210120,MDTX,300,,,a,
ASN00082076,20210201,TMAX,244,,,a,
ASN00082076,20210202,TMAX,235,,,a,
ASN00082076,20210203,TMAX,226,,,a,
ASN00082076,20210204,TMAX,289,,,a,
ASN00082076,20210205,TMAX,255,,,a,
ASN00082076,20210206,TMAX,242,,,a,
ASN00082076,20210211,TMAX,295,,,a,
ASN00082076,20210212,TMAX,230,,,a,
ASN00082076,20210213,TMAX,245,,,a,
ASN00082076,20210214,TMAX,270,,,a,
ASN00082076,20210215,TMAX,270,,,a,
ASN00082076,20210216,TMAX,285,,,a,
ASN00082076,20210217,TMAX,295,,,a,
ASN00082076,20210221,TMAX,328,,,a,
ASN00082076,20210222,TMAX,246,,,a,
ASN00082076,20210223,TMAX,196,,,a,
ASN00082076,20210224,TMAX,238,,,a,
ASN00082076,20210225,TMAX,248,,,a,
ASN00082076,20210226,TMAX,258,,,a,
ASN00082076,20210227,TMAX,250,,,a,
ASN00082076,20210228,TMAX,286,,,a,
ASN00082076,20210202,TMIN,137,,,a,
ASN00082076,20210203,TMIN,129,,,a,
ASN00082076,20210204,TMIN,104,,,a,
ASN00082076,20210205,TMIN,174,,,a,
ASN00082076,20210206,TMIN,180,,,a,
ASN00082076,20210207,TMIN,106,,,a,
ASN00082076,20210212,TMIN,180,,,a,
ASN00082076,20210213,TMIN,155,,,a,
ASN00082076,20210214,TMIN,145,,,a,
ASN00082076,20210215,TMIN,145,,,a,
ASN00082076,20210216,TMIN,120,,,a,
ASN00082076,20210217,TMIN,145,,,a,
ASN00082076,20210218,TMIN,130,,,a,
ASN00082076,20210222,TMIN,168,,,a,
ASN00082076,20210223,TMIN,122,,,a,
ASN00082076,20210224,TMIN,120,,,a,
ASN00082076,20210225,TMIN,98,,,a,
ASN00082076,20210226,TMIN,63,,,a,
ASN00082076,20210227,TMIN,76,,,a,
ASN00082076,20210228,TMIN,73,,,a,
ASN00082076,20210202,PRCP,98,,,a,
ASN00082076,20210203,PRCP,0,,,a,
ASN00082076,20210204,PRCP,0,,,a,
ASN00082076,20210205,PRCP,0,,,a,
ASN00082076,20210206,PRCP,948,,,a,
ASN00082076,20210207,PRCP,0,,,a,
ASN00082076,20210208,PRCP,0,,,a,
ASN00082076,20210209,PRCP,0,,,a,
ASN00082076,20210210,PRCP,0,,,a,
ASN00082076,20210211,PRCP,0,,,a,
ASN00082076,20210212,PRCP,0,,,a,
ASN00082076,20210213,PRCP,0,,,a,
ASN00082076,20210214,PRCP,0,,,a,
ASN00082076,20210215,PRCP,0,,,a,
ASN00082076,20210216,PRCP,0,,,a,
ASN00082076,20210217,PRCP,0,,,a,
ASN00082076,20210218,PRCP,0,,,a,
ASN00082076,20210219,PRCP,0,,,a,
ASN00082076,20210220,PRCP,0,,,a,
ASN00082076,20210221,PRCP,0,,,a,
ASN00082076,20210222,PRCP,0,,,a,
ASN00082076,20210223,PRCP,0,,,a,
ASN00082076,20210224,PRCP,0,,,a,
ASN00082076,20210225,PRCP,0,,,a,
ASN00082076,20210226,PRCP,0,,,a,
ASN00082076,20210227,PRCP,0,,,a,
ASN00082076,20210228,PRCP,0,,,a,
ASN00082076,20210209,DATN,2,,,a,
ASN00082076,20210211,DATN,2,,,a,
ASN00082076,20210221,DATN,3,,,a,
ASN00082076,20210208,DATX,2,,,a,
ASN00082076,20210210,DATX,2,,,a,
ASN00082076,20210220,DATX,3,,,a,
ASN00082076,20210209,MDTN,155,,,a,
ASN00082076,20210211,MDTN,145,,,a,
ASN00082076,20210221,MDTN,156,,,a,
ASN00082076,20210208,MDTX,270,,,a,
ASN00082076,20210210,MDTX,289,,,a,
ASN00082076,20210220,MDTX,316,,,a,
ASN00082076,20210301,TMAX,279,,,a,
ASN00082076,20210302,TMAX,214,,,a,
ASN00082076,20210303,TMAX,230,,,a,
ASN00082076,20210304,TMAX,255,,,a,
ASN00082076,20210305,TMAX,230,,,a,
ASN00082076,20210306,TMAX,251,,,a,
ASN00082076,20210307,TMAX,255,,,a,
ASN00082076,20210308,TMAX,246,,,a,
ASN00082076,20210309,TMAX,265,,,a,
ASN00082076,20210310,TMAX,285,,,a,
ASN00082076,20210311,TMAX,235,,,a,
ASN00082076,20210312,TMAX,275,,,a,
ASN00082076,20210313,TMAX,290,,,a,
ASN00082076,20210314,TMAX,185,,,a,
ASN00082076,20210315,TMAX,235,,,a,
ASN00082076,20210316,TMAX,265,,,a,
ASN00082076,20210319,TMAX,242,,,a,
ASN00082076,20210320,TMAX,240,,,a,
ASN00082076,20210321,TMAX,252,,,a,
ASN00082076,20210322,TMAX,224,,,a,
ASN00082076,20210323,TMAX,185,,,a,
ASN00082076,20210324,TMAX,180,,,a,
ASN00082076,20210325,TMAX,218,,,a,
ASN00082076,20210326,TMAX,209,,,a,
ASN00082076,20210327,TMAX,196,,,a,
ASN00082076,20210328,TMAX,202,,,a,
ASN00082076,20210329,TMAX,220,,,a,
ASN00082076,20210330,TMAX,235,,,a,
ASN00082076,20210331,TMAX,248,,,a,
ASN00082076,20210301,TMIN,98,,,a,
ASN00082076,20210302,TMIN,106,,,a,
ASN00082076,20210303,TMIN,86,,,a,
ASN00082076,20210304,TMIN,78,,,a,
ASN00082076,20210305,TMIN,80,,,a,
ASN00082076,20210306,TMIN,105,,,a,
ASN00082076,20210307,TMIN,85,,,a,
ASN00082076,20210308,TMIN,131,,,a,
ASN00082076,20210309,TMIN,115,,,a,
ASN00082076,20210310,TMIN,117,,,a,
ASN00082076,20210311,TMIN,118,,,a,
ASN00082076,20210312,TMIN,160,,,a,
ASN00082076,20210313,TMIN,120,,,a,
ASN00082076,20210314,TMIN,115,,,a,
ASN00082076,20210315,TMIN,45,,,a,
ASN00082076,20210316,TMIN,70,,,a,
ASN00082076,20210317,TMIN,130,,,a,
ASN00082076,20210320,TMIN,158,,,a,
ASN00082076,20210321,TMIN,164,,,a,
ASN00082076,20210322,TMIN,156,,,a,
ASN00082076,20210323,TMIN,146,,,a,
ASN00082076,20210324,TMIN,157,,,a,
ASN00082076,20210325,TMIN,154,,,a,
ASN00082076,20210326,TMIN,74,,,a,
ASN00082076,20210327,TMIN,89,,,a,
ASN00082076,20210328,TMIN,69,,,a,
ASN00082076,20210329,TMIN,48,,,a,
ASN00082076,20210330,TMIN,72,,,a,
ASN00082076,20210331,TMIN,75,,,a,
ASN00082076,20210301,PRCP,0,,,a,
ASN00082076,20210302,PRCP,0,,,a,
ASN00082076,20210303,PRCP,0,,,a,
ASN00082076,20210304,PRCP,0,,,a,
ASN00082076,20210305,PRCP,0,,,a,
ASN00082076,20210306,PRCP,0,,,a,
ASN00082076,20210307,PRCP,0,,,a,
ASN00082076,20210308,PRCP,0,,,a,
ASN00082076,20210309,PRCP,0,,,a,
ASN00082076,20210310,PRCP,0,,,a,
ASN00082076,20210311,PRCP,0,,,a,
ASN00082076,20210312,PRCP,56,,,a,
ASN00082076,20210313,PRCP,0,,,a,
ASN00082076,20210314,PRCP,78,,,a,
ASN00082076,20210315,PRCP,0,,,a,
ASN00082076,20210316,PRCP,0,,,a,
ASN00082076,20210317,PRCP,0,,,a,
ASN00082076,20210318,PRCP,0,,,a,
ASN00082076,20210319,PRCP,0,,,a,
ASN00082076,20210320,PRCP,0,,,a,
ASN00082076,20210321,PRCP,30,,,a,
ASN00082076,20210322,PRCP,0,,,a,
ASN00082076,20210323,PRCP,94,,,a,
ASN00082076,20210324,PRCP,310,,,a,
ASN00082076,20210325,PRCP,34,,,a,
ASN00082076,20210326,PRCP,8,,,a,
ASN00082076,20210327,PRCP,0,,,a,
ASN00082076,20210328,PRCP,126,,,a,
ASN00082076,20210329,PRCP,0,,,a,
ASN00082076,20210330,PRCP,0,,,a,
ASN00082076,20210331,PRCP,0,,,a,
ASN00082076,20210319,DATN,2,,,a,
ASN00082076,20210318,DATX,2,,,a,
ASN00082076,20210319,MDTN,124,,,a,
ASN00082076,20210318,MDTX,256,,,a,
ASN00082076,20210401,TMAX,258,,,a,
ASN00082076,20210402,TMAX,292,,,a,
ASN00082076,20210404,TMAX,278,,,a,
ASN00082076,20210405,TMAX,184,,,a,
ASN00082076,20210406,TMAX,275,,,a,
ASN00082076,20210407,TMAX,272,,,a,
ASN00082076,20210408,TMAX,255,,,a,
ASN00082076,20210409,TMAX,230,,,a,
ASN00082076,20210410,TMAX,145,,,a,
ASN00082076,20210411,TMAX,115,,,a,
ASN00082076,20210412,TMAX,165,,,a,
ASN00082076,20210413,TMAX,174,,,a,
ASN00082076,20210414,TMAX,205,,,a,
ASN00082076,20210415,TMAX,180,,,a,
ASN00082076,20210416,TMAX,182,,,a,
ASN00082076,20210417,TMAX,195,,,a,
ASN00082076,20210418,TMAX,195,,,a,
ASN00082076,20210419,TMAX,181,,,a,
ASN00082076,20210420,TMAX,190,,,a,
ASN00082076,20210421,TMAX,160,,,a,
ASN00082076,20210422,TMAX,112,,,a,
ASN00082076,20210423,TMAX,170,,,a,
ASN00082076,20210424,TMAX,169,,,a,
ASN00082076,20210425,TMAX,188,,,a,
ASN00082076,20210426,TMAX,208,,,a,
ASN00082076,20210427,TMAX,216,,,a,
ASN00082076,20210428,TMAX,213,,,a,
ASN00082076,20210429,TMAX,215,,,a,
ASN00082076,20210430,TMAX,235,,,a,
ASN00082076,20210401,TMIN,78,,,a,
ASN00082076,20210402,TMIN,106,,,a,
ASN00082076,20210403,TMIN,100,,,a,
ASN00082076,20210405,TMIN,106,,,a,
ASN00082076,20210406,TMIN,114,,,a,
ASN00082076,20210407,TMIN,120,,,a,
ASN00082076,20210408,TMIN,104,,,a,
ASN00082076,20210409,TMIN,125,,,a,
ASN00082076,20210410,TMIN,75,,,a,
ASN00082076,20210411,TMIN,40,,,a,
ASN00082076,20210412,TMIN,25,,,a,
ASN00082076,20210414,TMIN,75,,,a,
ASN00082076,20210415,TMIN,66,,,a,
ASN00082076,20210416,TMIN,35,,,a,
ASN00082076,20210417,TMIN,27,,,a,
ASN00082076,20210418,TMIN,30,,,a,
ASN00082076,20210419,TMIN,16,,,a,
ASN00082076,20210420,TMIN,71,,,a,
ASN00082076,20210421,TMIN,28,,,a,
ASN00082076,20210422,TMIN,24,,,a,
ASN00082076,20210423,TMIN,42,,,a,
ASN00082076,20210424,TMIN,4,,,a,
ASN00082076,20210425,TMIN,9,,,a,
ASN00082076,20210426,TMIN,26,,,a,
ASN00082076,20210427,TMIN,46,,,a,
ASN00082076,20210428,TMIN,45,,,a,
ASN00082076,20210429,TMIN,31,,,a,
ASN00082076,20210430,TMIN,35,,,a,
ASN00082076,20210401,PRCP,0,,,a,
ASN00082076,20210402,PRCP,0,,,a,
ASN00082076,20210403,PRCP,0,,,a,
ASN00082076,20210405,PRCP,0,,,a,
ASN00082076,20210406,PRCP,0,,,a,
ASN00082076,20210407,PRCP,0,,,a,
ASN00082076,20210408,PRCP,0,,,a,
ASN00082076,20210409,PRCP,10,,,a,
ASN00082076,20210410,PRCP,0,,,a,
ASN00082076,20210411,PRCP,24,,,a,
ASN00082076,20210412,PRCP,16,,,a,
ASN00082076,20210413,PRCP,0,,,a,
ASN00082076,20210414,PRCP,4,,,a,
ASN00082076,20210415,PRCP,0,,,a,
ASN00082076,20210416,PRCP,0,,,a,
ASN00082076,20210417,PRCP,0,,,a,
ASN00082076,20210418,PRCP,0,,,a,
ASN00082076,20210419,PRCP,0,,,a,
ASN00082076,20210420,PRCP,0,,,a,
ASN00082076,20210421,PRCP,60,,,a,
ASN00082076,20210422,PRCP,0,,,a,
ASN00082076,20210423,PRCP,4,,,a,
ASN00082076,20210424,PRCP,0,,,a,
ASN00082076,20210425,PRCP,0,,,a,
ASN00082076,20210426,PRCP,0,,,a,
ASN00082076,20210427,PRCP,0,,,a,
ASN00082076,20210428,PRCP,0,,,a,
ASN00082076,20210429,PRCP,0,,,a,
ASN00082076,20210430,PRCP,0,,,a,
ASN00082076,20210501,TMAX,220,,,a,
ASN00082076,20210502,TMAX,215,,,a,
ASN00082076,20210503,TMAX,225,,,a,
ASN00082076,20210504,TMAX,180,,,a,
ASN00082076,20210505,TMAX,170,,,a,
ASN00082076,20210506,TMAX,220,,,a,
ASN00082076,20210507,TMAX,240,,,a,
ASN00082076,20210508,TMAX,210,,,a,
ASN00082076,20210509,TMAX,180,,,a,
ASN00082076,20210510,TMAX,170,,,a,
ASN00082076,20210515,TMAX,128,,,a,
ASN00082076,20210516,TMAX,92,,,a,
ASN00082076,20210517,TMAX,150,,,a,
ASN00082076,20210518,TMAX,140,,,a,
ASN00082076,20210519,TMAX,134,,,a,
ASN00082076,20210520,TMAX,162,,,a,
ASN00082076,20210521,TMAX,166,,,a,
ASN00082076,20210522,TMAX,178,,,a,
ASN00082076,20210523,TMAX,177,,,a,
ASN00082076,20210524,TMAX,188,,,a,
ASN00082076,20210525,TMAX,182,,,a,
ASN00082076,20210526,TMAX,118,,,a,
ASN00082076,20210527,TMAX,110,,,a,
ASN00082076,20210528,TMAX,120,,,a,
ASN00082076,20210529,TMAX,125,,,a,
ASN00082076,20210530,TMAX,140,,,a,
ASN00082076,20210531,TMAX,141,,,a,
ASN00082076,20210501,TMIN,40,,,a,
ASN00082076,20210502,TMIN,56,,,a,
ASN00082076,20210503,TMIN,45,,,a,
ASN00082076,20210504,TMIN,90,,,a,
ASN00082076,20210505,TMIN,107,,,a,
ASN00082076,20210506,TMIN,140,,,a,
ASN00082076,20210507,TMIN,90,,,a,
ASN00082076,20210508,TMIN,85,,,a,
ASN00082076,20210509,TMIN,80,,,a,
ASN00082076,20210510,TMIN,100,,,a,
ASN00082076,20210511,TMIN,98,,,a,
ASN00082076,20210516,TMIN,-14,,,a,
ASN00082076,20210517,TMIN,0,,,a,
ASN00082076,20210518,TMIN,15,,,a,
ASN00082076,20210519,TMIN,26,,,a,
ASN00082076,20210520,TMIN,12,,,a,
ASN00082076,20210521,TMIN,22,,,a,
ASN00082076,20210522,TMIN,1,,,a,
ASN00082076,20210523,TMIN,7,,,a,
ASN00082076,20210524,TMIN,10,,,a,
ASN00082076,20210525,TMIN,46,,,a,
ASN00082076,20210526,TMIN,73,,,a,
ASN00082076,20210527,TMIN,22,,,a,
ASN00082076,20210528,TMIN,35,,,a,
ASN00082076,20210529,TMIN,55,,,a,
ASN00082076,20210530,TMIN,20,,,a,
ASN00082076,20210531,TMIN,-20,,,a,
ASN00082076,20210501,PRCP,0,,,a,
ASN00082076,20210502,PRCP,0,,,a,
ASN00082076,20210503,PRCP,170,,,a,
ASN00082076,20210504,PRCP,106,,,a,
ASN00082076,20210505,PRCP,10,,,a,
ASN00082076,20210506,PRCP,0,,,a,
ASN00082076,20210507,PRCP,0,,,a,
ASN00082076,20210508,PRCP,0,,,a,
ASN00082076,20210509,PRCP,0,,,a,
ASN00082076,20210510,PRCP,8,,,a,
ASN00082076,20210511,PRCP,88,,,a,
ASN00082076,20210512,PRCP,0,,,a,
ASN00082076,20210513,PRCP,0,,,a,
ASN00082076,20210516,PRCP,0,,,a,
ASN00082076,20210517,PRCP,18,,,a,
ASN00082076,20210518,PRCP,4,,,a,
ASN00082076,20210519,PRCP,0,,,a,
ASN00082076,20210520,PRCP,0,,,a,
ASN00082076,20210521,PRCP,0,,,a,
ASN00082076,20210522,PRCP,0,,,a,
ASN00082076,20210523,PRCP,0,,,a,
ASN00082076,20210524,PRCP,0,,,a,
ASN00082076,20210525,PRCP,0,,,a,
ASN00082076,20210526,PRCP,278,,,a,
ASN00082076,20210527,PRCP,30,,,a,
ASN00082076,20210528,PRCP,4,,,a,
ASN00082076,20210529,PRCP,0,,,a,
ASN00082076,20210530,PRCP,0,,,a,
ASN00082076,20210531,PRCP,0,,,a,
ASN00082076,20210515,DAPR,2,,,a,
ASN00082076,20210513,DATN,2,,,a,
ASN00082076,20210515,DATN,2,,,a,
ASN00082076,20210512,DATX,2,,,a,
ASN00082076,20210514,DATX,2,,,a,
ASN00082076,20210515,MDPR,60,,,a,
ASN00082076,20210513,MDTN,55,,,a,
ASN00082076,20210515,MDTN,66,,,a,
ASN00082076,20210512,MDTX,175,,,a,
ASN00082076,20210514,MDTX,112,,,a,
ASN00082076,20210601,TMAX,144,,,a,
ASN00082076,20210602,TMAX,155,,,a,
ASN00082076,20210603,TMAX,140,,,a,
ASN00082076,20210604,TMAX,130,,,a,
ASN00082076,20210605,TMAX,110,,,a,
ASN00082076,20210606,TMAX,82,,,a,
ASN00082076,20210607,TMAX,122,,,a,
ASN00082076,20210608,TMAX,105,,,a,
ASN00082076,20210609,TMAX,95,,,a,
ASN00082076,20210610,TMAX,132,,,a,
ASN00082076,20210611,TMAX,154,,,a,
ASN00082076,20210612,TMAX,92,,,a,
ASN00082076,20210613,TMAX,108,,,a,
ASN00082076,20210614,TMAX,146,,,a,
ASN00082076,20210615,TMAX,134,,,a,
ASN00082076,20210616,TMAX,114,,,a,
ASN00082076,20210617,TMAX,98,,,a,
ASN00082076,20210618,TMAX,112,,,a,
ASN00082076,20210619,TMAX,135,,,a,
ASN00082076,20210620,TMAX,135,,,a,
ASN00082076,20210621,TMAX,146,,,a,
ASN00082076,20210622,TMAX,139,,,a,
ASN00082076,20210623,TMAX,126,,,a,
ASN00082076,20210624,TMAX,145,,,a,
ASN00082076,20210625,TMAX,115,,,a,
ASN00082076,20210626,TMAX,125,,,a,
ASN00082076,20210627,TMAX,108,,,a,
ASN00082076,20210628,TMAX,142,,,a,
ASN00082076,20210629,TMAX,135,,,a,
ASN00082076,20210630,TMAX,132,,,a,
ASN00082076,20210601,TMIN,5,,,a,
ASN00082076,20210602,TMIN,3,,,a,
ASN00082076,20210603,TMIN,35,,,a,
ASN00082076,20210604,TMIN,90,,,a,
ASN00082076,20210605,TMIN,-20,,,a,
ASN00082076,20210606,TMIN,10,,,a,
ASN00082076,20210607,TMIN,59,,,a,
ASN00082076,20210608,TMIN,68,,,a,
ASN00082076,20210609,TMIN,40,,,a,
ASN00082076,20210610,TMIN,10,,,a,
ASN00082076,20210611,TMIN,72,,,a,
ASN00082076,20210612,TMIN,84,,,a,
ASN00082076,20210613,TMIN,82,,,a,
ASN00082076,20210614,TMIN,78,,,a,
ASN00082076,20210615,TMIN,74,,,a,
ASN00082076,20210616,TMIN,44,,,a,
ASN00082076,20210617,TMIN,52,,,a,
ASN00082076,20210618,TMIN,54,,,a,
ASN00082076,20210619,TMIN,62,,,a,
ASN00082076,20210620,TMIN,95,,,a,
ASN00082076,20210621,TMIN,4,,,a,
ASN00082076,20210622,TMIN,2,,,a,
ASN00082076,20210623,TMIN,28,,,a,
ASN00082076,20210624,TMIN,49,,,a,
ASN00082076,20210625,TMIN,90,,,a,
ASN00082076,20210626,TMIN,70,,,a,
ASN00082076,20210627,TMIN,55,,,a,
ASN00082076,20210628,TMIN,28,,,a,
ASN00082076,20210629,TMIN,15,,,a,
ASN00082076,20210630,TMIN,16,,,a,
ASN00082076,20210601,PRCP,0,,,a,
ASN00082076,20210602,PRCP,0,,,a,
ASN00082076,20210603,PRCP,22,,L,a,
ASN00082076,20210605,PRCP,0,,,a,
ASN00082076,20210606,PRCP,4,,,a,
ASN00082076,20210607,PRCP,20,,,a,
ASN00082076,20210608,PRCP,0,,,a,
ASN00082076,20210609,PRCP,38,,,a,
ASN00082076,20210610,PRCP,312,,,a,
ASN00082076,20210611,PRCP,0,,,a,
ASN00082076,20210612,PRCP,60,,,a,
ASN00082076,20210613,PRCP,10,,,a,
ASN00082076,20210614,PRCP,0,,,a,
ASN00082076,20210615,PRCP,4,,,a,
ASN00082076,20210616,PRCP,0,,,a,
ASN00082076,20210617,PRCP,114,,,a,
ASN00082076,20210618,PRCP,0,,,a,
ASN00082076,20210619,PRCP,4,,,a,
ASN00082076,20210620,PRCP,0,,,a,
ASN00082076,20210621,PRCP,0,,,a,
ASN00082076,20210622,PRCP,0,,,a,
ASN00082076,20210623,PRCP,0,,,a,
ASN00082076,20210624,PRCP,422,,,a,
ASN00082076,20210625,PRCP,184,,,a,
ASN00082076,20210626,PRCP,28,,,a,
ASN00082076,20210627,PRCP,10,,,a,
ASN00082076,20210628,PRCP,4,,,a,
ASN00082076,20210629,PRCP,0,,,a,
ASN00082076,20210630,PRCP,0,,,a,
ASN00082076,20210604,DAPR,2,,L,a,
ASN00082076,20210604,MDPR,18,,L,a,
ASN00082076,20210701,TMAX,135,,,a,
ASN00082076,20210702,TMAX,125,,,a,
ASN00082076,20210705,TMAX,90,,,a,
ASN00082076,20210706,TMAX,89,,,a,
ASN00082076,20210709,TMAX,139,,,a,
ASN00082076,20210710,TMAX,143,,,a,
ASN00082076,20210711,TMAX,142,,,a,
ASN00082076,20210712,TMAX,122,,,a,
ASN00082076,20210716,TMAX,90,,,a,
ASN00082076,20210717,TMAX,80,,,a,
ASN00082076,20210718,TMAX,125,,,a,
ASN00082076,20210719,TMAX,105,,,a,
ASN00082076,20210720,TMAX,80,,,a,
ASN00082076,20210721,TMAX,110,,,a,
ASN00082076,20210722,TMAX,108,,,a,
ASN00082076,20210723,TMAX,75,,,a,
ASN00082076,20210724,TMAX,90,,,a,
ASN00082076,20210725,TMAX,92,,,a,
ASN00082076,20210726,TMAX,117,,,a,
ASN00082076,20210727,TMAX,160,,,a,
ASN00082076,20210728,TMAX,115,,,a,
ASN00082076,20210729,TMAX,95,,,a,
ASN00082076,20210730,TMAX,130,,,a,
ASN00082076,20210731,TMAX,140,,,a,
ASN00082076,20210701,TMIN,56,,,a,
ASN00082076,20210702,TMIN,75,,,a,
ASN00082076,20210703,TMIN,40,,,a,
ASN00082076,20210706,TMIN,50,,,a,
ASN00082076,20210707,TMIN,5,,,a,
ASN00082076,20210710,TMIN,2,,,a,
ASN00082076,20210711,TMIN,1,,,a,
ASN00082076,20210712,TMIN,4,,,a,
ASN00082076,20210713,TMIN,36,,,a,
ASN00082076,20210716,TMIN,65,,,a,
ASN00082076,20210717,TMIN,45,,,a,
ASN00082076,20210718,TMIN,45,,,a,
ASN00082076,20210719,TMIN,50,,,a,
ASN00082076,20210720,TMIN,60,,,a,
ASN00082076,20210721,TMIN,5,,,a,
ASN00082076,20210722,TMIN,-5,,,a,
ASN00082076,20210723,TMIN,15,,,a,
ASN00082076,20210724,TMIN,45,,,a,
ASN00082076,20210725,TMIN,44,,,a,
ASN00082076,20210726,TMIN,45,,,a,
ASN00082076,20210727,TMIN,65,,,a,
ASN00082076,20210728,TMIN,85,,,a,
ASN00082076,20210729,TMIN,35,,,a,
ASN00082076,20210730,TMIN,35,,,a,
ASN00082076,20210731,TMIN,35,,,a,
ASN00082076,20210701,PRCP,30,,,a,
ASN00082076,20210702,PRCP,18,,,a,
ASN00082076,20210703,PRCP,52,,,a,
ASN00082076,20210706,PRCP,0,,,a,
ASN00082076,20210707,PRCP,0,,,a,
ASN00082076,20210708,PRCP,0,,,a,
ASN00082076,20210709,PRCP,0,,,a,
ASN00082076,20210710,PRCP,0,,,a,
ASN00082076,20210711,PRCP,0,,,a,
ASN00082076,20210712,PRCP,0,,,a,
ASN00082076,20210713,PRCP,0,,,a,
ASN00082076,20210716,PRCP,198,,,a,
ASN00082076,20210717,PRCP,370,,,a,
ASN00082076,20210718,PRCP,78,,,a,
ASN00082076,20210719,PRCP,6,,,a,
ASN00082076,20210720,PRCP,32,,,a,
ASN00082076,20210721,PRCP,120,,,a,
ASN00082076,20210722,PRCP,0,,,a,
ASN00082076,20210723,PRCP,14,,,a,
ASN00082076,20210724,PRCP,24,,,a,
ASN00082076,20210725,PRCP,234,,,a,
ASN00082076,20210726,PRCP,98,,,a,
ASN00082076,20210727,PRCP,22,,,a,
ASN00082076,20210728,PRCP,60,,,a,
ASN00082076,20210729,PRCP,82,,,a,
ASN00082076,20210730,PRCP,0,,,a,
ASN00082076,20210731,PRCP,6,,,a,
ASN00082076,20210705,DAPR,2,,,a,
ASN00082076,20210715,DAPR,2,,,a,
ASN00082076,20210705,DATN,2,,,a,
ASN00082076,20210709,DATN,2,,,a,
ASN00082076,20210715,DATN,2,,,a,
ASN00082076,20210704,DATX,2,,,a,
ASN00082076,20210708,DATX,2,,,a,
ASN00082076,20210714,DATX,2,,,a,
ASN00082076,20210705,MDPR,58,,,a,
ASN00082076,20210715,MDPR,184,,,a,
ASN00082076,20210705,MDTN,45,,,a,
ASN00082076,20210709,MDTN,-6,,,a,
ASN00082076,20210715,MDTN,45,,,a,
ASN00082076,20210704,MDTX,80,,,a,
ASN00082076,20210708,MDTX,124,,,a,
ASN00082076,20210714,MDTX,100,,,a,
ASN00082076,20210801,TMAX,152,,,a,
ASN00082076,20210802,TMAX,145,,,a,
ASN00082076,20210805,TMAX,122,,,a,
ASN00082076,20210806,TMAX,132,,,a,
ASN00082076,20210807,TMAX,122,,,a,
ASN00082076,20210808,TMAX,150,,,a,
ASN00082076,20210811,TMAX,172,,,a,
ASN00082076,20210812,TMAX,136,,,a,
ASN00082076,20210813,TMAX,154,,,a,
ASN00082076,20210814,TMAX,149,,,a,
ASN00082076,20210815,TMAX,137,,,a,
ASN00082076,20210816,TMAX,125,,,a,
ASN00082076,20210820,TMAX,135,,,a,
ASN00082076,20210821,TMAX,167,,,a,
ASN00082076,20210822,TMAX,205,,,a,
ASN00082076,20210823,TMAX,110,,,a,
ASN00082076,20210824,TMAX,111,,,a,
ASN00082076,20210825,TMAX,135,,,a,
ASN00082076,20210826,TMAX,135,,,a,
ASN00082076,20210827,TMAX,120,,,a,
ASN00082076,20210831,TMAX,170,,,a,
ASN00082076,20210801,TMIN,35,,,a,
ASN00082076,20210802,TMIN,32,,,a,
ASN00082076,20210803,TMIN,30,,,a,
ASN00082076,20210806,TMIN,80,,,a,
ASN00082076,20210807,TMIN,80,,,a,
ASN00082076,20210808,TMIN,44,,,a,
ASN00082076,20210809,TMIN,38,,,a,
ASN00082076,20210812,TMIN,74,,,a,
ASN00082076,20210813,TMIN,58,,,a,
ASN00082076,20210814,TMIN,13,,,a,
ASN00082076,20210815,TMIN,17,,,a,
ASN00082076,20210821,TMIN,55,,,a,
ASN00082076,20210822,TMIN,30,,,a,
ASN00082076,20210823,TMIN,50,,,a,
ASN00082076,20210824,TMIN,76,,,a,
ASN00082076,20210825,TMIN,61,,,a,
ASN00082076,20210826,TMIN,60,,,a,
ASN00082076,20210827,TMIN,80,,,a,
ASN00082076,20210828,TMIN,50,,,a,
ASN00082076,20210801,PRCP,76,,,a,
ASN00082076,20210802,PRCP,12,,,a,
ASN00082076,20210803,PRCP,62,,,a,
ASN00082076,20210806,PRCP,0,,,a,
ASN00082076,20210807,PRCP,0,,,a,
ASN00082076,20210808,PRCP,0,,,a,
ASN00082076,20210809,PRCP,0,,,a,
ASN00082076,20210810,PRCP,0,,,a,
ASN00082076,20210811,PRCP,0,,,a,
ASN00082076,20210812,PRCP,88,,,a,
ASN00082076,20210813,PRCP,0,,,a,
ASN00082076,20210814,PRCP,0,,,a,
ASN00082076,20210815,PRCP,0,,,a,
ASN00082076,20210816,PRCP,0,,,a,
ASN00082076,20210817,PRCP,0,,,a,
ASN00082076,20210818,PRCP,0,,,a,
ASN00082076,20210819,PRCP,0,,,a,
ASN00082076,20210820,PRCP,0,,,a,
ASN00082076,20210821,PRCP,10,,,a,
ASN00082076,20210822,PRCP,0,,,a,
ASN00082076,20210823,PRCP,22,,,a,
ASN00082076,20210824,PRCP,172,,,a,
ASN00082076,20210825,PRCP,0,,,a,
ASN00082076,20210826,PRCP,0,,,a,
ASN00082076,20210827,PRCP,0,,,a,
ASN00082076,20210828,PRCP,40,,,a,
ASN00082076,20210805,DAPR,2,,,a,
ASN00082076,20210831,DAPR,3,,,a,
ASN00082076,20210805,DATN,2,,,a,
ASN00082076,20210811,DATN,2,,,a,
ASN00082076,20210820,DATN,3,,,a,
ASN00082076,20210831,DATN,3,,,a,
ASN00082076,20210804,DATX,2,,,a,
ASN00082076,20210810,DATX,2,,,a,
ASN00082076,20210819,DATX,3,,,a,
ASN00082076,20210830,DATX,3,,,a,
ASN00082076,20210805,MDPR,20,,,a,
ASN00082076,20210831,MDPR,4,,,a,
ASN00082076,20210805,MDTN,45,,,a,
ASN00082076,20210811,MDTN,22,,,a,
ASN00082076,20210820,MDTN,22,,,a,
ASN00082076,20210831,MDTN,20,,,a,
ASN00082076,20210804,MDTX,100,,,a,
ASN00082076,20210810,MDTX,158,,,a,
ASN00082076,20210819,MDTX,155,,,a,
ASN00082076,20210830,MDTX,135,,,a,
ASN00082076,20210901,TMAX,216,,,a,
ASN00082076,20210902,TMAX,234,,,a,
ASN00082076,20210905,TMAX,146,,,a,
ASN00082076,20210906,TMAX,172,,,a,
ASN00082076,20210907,TMAX,164,,,a,
ASN00082076,20210908,TMAX,174,,,a,
ASN00082076,20210909,TMAX,184,,,a,
ASN00082076,20210910,TMAX,183,,,a,
ASN00082076,20210911,TMAX,229,,,a,
ASN00082076,20210912,TMAX,140,,,a,
ASN00082076,20210913,TMAX,141,,,a,
ASN00082076,20210914,TMAX,155,,,a,
ASN00082076,20210915,TMAX,173,,,a,
ASN00082076,20210916,TMAX,166,,,a,
ASN00082076,20210917,TMAX,177,,,a,
ASN00082076,20210918,TMAX,164,,,a,
ASN00082076,20210919,TMAX,150,,,a,
ASN00082076,20210920,TMAX,125,,,a,
ASN00082076,20210921,TMAX,140,,,a,
ASN00082076,20210922,TMAX,174,,,a,
ASN00082076,20210923,TMAX,180,,,a,
ASN00082076,20210924,TMAX,195,,,a,
ASN00082076,20210925,TMAX,140,,,a,
ASN00082076,20210930,TMAX,134,,,a,
ASN00082076,20210901,TMIN,25,,,a,
ASN00082076,20210902,TMIN,42,,,a,
ASN00082076,20210903,TMIN,76,,,a,
ASN00082076,20210906,TMIN,30,,,a,
ASN00082076,20210907,TMIN,24,,,a,
ASN00082076,20210908,TMIN,34,,,a,
ASN00082076,20210909,TMIN,42,,,a,
ASN00082076,20210910,TMIN,74,,,a,
ASN00082076,20210911,TMIN,39,,,a,
ASN00082076,20210912,TMIN,76,,,a,
ASN00082076,20210913,TMIN,44,,,a,
ASN00082076,20210914,TMIN,24,,,a,
ASN00082076,20210915,TMIN,24,,,a,
ASN00082076,20210916,TMIN,33,,,a,
ASN00082076,20210917,TMIN,16,,,a,
ASN00082076,20210918,TMIN,80,,,a,
ASN00082076,20210919,TMIN,50,,,a,
ASN00082076,20210920,TMIN,90,,,a,
ASN00082076,20210921,TMIN,10,,,a,
ASN00082076,20210922,TMIN,16,,,a,
ASN00082076,20210923,TMIN,15,,,a,
ASN00082076,20210924,TMIN,65,,,a,
ASN00082076,20210925,TMIN,20,,,a,
ASN00082076,20210926,TMIN,55,,,a,
ASN00082076,20210901,PRCP,0,,,a,
ASN00082076,20210902,PRCP,0,,,a,
ASN00082076,20210903,PRCP,10,,,a,
ASN00082076,20210906,PRCP,22,,,a,
ASN00082076,20210907,PRCP,0,,,a,
ASN00082076,20210908,PRCP,0,,,a,
ASN00082076,20210909,PRCP,0,,,a,
ASN00082076,20210910,PRCP,0,,,a,
ASN00082076,20210911,PRCP,0,,,a,
ASN00082076,20210912,PRCP,0,,,a,
ASN00082076,20210913,PRCP,20,,,a,
ASN00082076,20210914,PRCP,0,,,a,
ASN00082076,20210915,PRCP,0,,,a,
ASN00082076,20210916,PRCP,0,,,a,
ASN00082076,20210917,PRCP,0,,,a,
ASN00082076,20210918,PRCP,182,,,a,
ASN00082076,20210919,PRCP,0,,,a,
ASN00082076,20210920,PRCP,50,,,a,
ASN00082076,20210921,PRCP,82,,,a,
ASN00082076,20210922,PRCP,0,,,a,
ASN00082076,20210923,PRCP,0,,,a,
ASN00082076,20210924,PRCP,0,,L,a,
ASN00082076,20210926,PRCP,0,,,a,
ASN00082076,20210927,PRCP,0,,,a,
ASN00082076,20210928,PRCP,0,,,a,
ASN00082076,20210905,DAPR,2,,,a,
ASN00082076,20210925,DAPR,2,,L,a,
ASN00082076,20210930,DAPR,2,,,a,
ASN00082076,20210905,DATN,2,,,a,
ASN00082076,20210928,DATN,2,,,a,
ASN00082076,20210930,DATN,2,,,a,
ASN00082076,20210904,DATX,2,,,a,
ASN00082076,20210927,DATX,2,,,a,
ASN00082076,20210929,DATX,2,,,a,
ASN00082076,20210905,MDPR,380,,,a,
ASN00082076,20210925,MDPR,10,,L,a,
ASN00082076,20210930,MDPR,114,,,a,
ASN00082076,20210905,MDTN,74,,,a,
ASN00082076,20210928,MDTN,50,,,a,
ASN00082076,20210930,MDTN,120,,,a,
ASN00082076,20210904,MDTX,134,,,a,
ASN00082076,20210927,MDTX,175,,,a,
ASN00082076,20210929,MDTX,165,,,a,
ASN00082076,20211001,TMAX,174,,,a,
ASN00082076,20211002,TMAX,186,,,a,
ASN00082076,20211003,TMAX,189,,,a,
ASN00082076,20211004,TMAX,154,,,a,
ASN00082076,20211005,TMAX,114,,,a,
ASN00082076,20211006,TMAX,185,,,a,
ASN00082076,20211007,TMAX,190,,L,a,
ASN00082076,20211008,TMAX,192,,L,a,
ASN00082076,20211009,TMAX,230,,L,a,
ASN00082076,20211011,TMAX,166,,,a,
ASN00082076,20211012,TMAX,180,,,a,
ASN00082076,20211013,TMAX,162,,,a,
ASN00082076,20211014,TMAX,175,,,a,
ASN00082076,20211015,TMAX,155,,,a,
ASN00082076,20211016,TMAX,180,,,a,
ASN00082076,20211017,TMAX,185,,,a,
ASN00082076,20211018,TMAX,183,,,a,
ASN00082076,20211019,TMAX,170,,,a,
ASN00082076,20211020,TMAX,213,,,a,
ASN00082076,20211021,TMAX,230,,,a,
ASN00082076,20211022,TMAX,255,,,a,
ASN00082076,20211023,TMAX,230,,,a,
ASN00082076,20211024,TMAX,185,,,a,
ASN00082076,20211025,TMAX,174,,,a,
ASN00082076,20211026,TMAX,220,,,a,
ASN00082076,20211027,TMAX,245,,,a,
ASN00082076,20211028,TMAX,242,,,a,
ASN00082076,20211029,TMAX,166,,,a,
ASN00082076,20211030,TMAX,154,,,a,
ASN00082076,20211031,TMAX,220,,,a,
ASN00082076,20211001,TMIN,90,,,a,
ASN00082076,20211002,TMIN,102,,,a,
ASN00082076,20211003,TMIN,114,,,a,
ASN00082076,20211004,TMIN,116,,,a,
ASN00082076,20211005,TMIN,69,,,a,
ASN00082076,20211006,TMIN,44,,,a,
ASN00082076,20211007,TMIN,45,,,a,
ASN00082076,20211008,TMIN,34,,,a,
ASN00082076,20211009,TMIN,41,,,a,
ASN00082076,20211010,TMIN,76,,,a,
ASN00082076,20211011,TMIN,70,,,a,
ASN00082076,20211012,TMIN,80,,,a,
ASN00082076,20211013,TMIN,100,,,a,
ASN00082076,20211014,TMIN,93,,,a,
ASN00082076,20211015,TMIN,67,,,a,
ASN00082076,20211016,TMIN,90,,,a,
ASN00082076,20211017,TMIN,21,,,a,
ASN00082076,20211018,TMIN,38,,,a,
ASN00082076,20211019,TMIN,80,,,a,
ASN00082076,20211020,TMIN,114,,,a,
ASN00082076,20211021,TMIN,70,,,a,
ASN00082076,20211022,TMIN,75,,,a,
ASN00082076,20211023,TMIN,130,,,a,
ASN00082076,20211024,TMIN,95,,,a,
ASN00082076,20211025,TMIN,75,,,a,
ASN00082076,20211026,TMIN,70,,,a,
ASN00082076,20211027,TMIN,45,,,a,
ASN00082076,20211028,TMIN,70,,,a,
ASN00082076,20211029,TMIN,132,,,a,
ASN00082076,20211030,TMIN,10,,,a,
ASN00082076,20211031,TMIN,16,,,a,
ASN00082076,20211001,PRCP,250,,,a,
ASN00082076,20211002,PRCP,120,,,a,
ASN00082076,20211003,PRCP,50,,,a,
ASN00082076,20211004,PRCP,122,,,a,
ASN00082076,20211005,PRCP,124,,,a,
ASN00082076,20211006,PRCP,12,,,a,
ASN00082076,20211007,PRCP,0,,,a,
ASN00082076,20211008,PRCP,0,,L,a,
ASN00082076,20211009,PRCP,0,,L,a,
ASN00082076,20211010,PRCP,10,,L,a,
ASN00082076,20211012,PRCP,0,,,a,
ASN00082076,20211013,PRCP,0,,,a,
ASN00082076,20211014,PRCP,158,,,a,
ASN00082076,20211015,PRCP,40,,,a,
ASN00082076,20211016,PRCP,160,,,a,
ASN00082076,20211017,PRCP,0,,,a,
ASN00082076,20211018,PRCP,0,,,a,
ASN00082076,20211019,PRCP,40,,,a,
ASN00082076,20211020,PRCP,0,,,a,
ASN00082076,20211021,PRCP,0,,,a,
ASN00082076,20211022,PRCP,0,,,a,
ASN00082076,20211023,PRCP,2,,,a,
ASN00082076,20211024,PRCP,20,,,a,
ASN00082076,20211025,PRCP,0,,,a,
ASN00082076,20211026,PRCP,0,,,a,
ASN00082076,20211027,PRCP,0,,,a,
ASN00082076,20211028,PRCP,0,,,a,
ASN00082076,20211029,PRCP,26,,,a,
ASN00082076,20211030,PRCP,0,,,a,
ASN00082076,20211031,PRCP,0,,,a,
ASN00082076,20211011,DAPR,4,,L,a,
ASN00082076,20211010,DATX,4,,L,a,
ASN00082076,20211011,MDPR,12,,L,a,
ASN00082076,20211010,MDTX,148,,L,a,
ASN00082076,20211101,TMAX,234,,,a,
ASN00082076,20211102,TMAX,264,,,a,
ASN00082076,20211103,TMAX,250,,,a,
ASN00082076,20211104,TMAX,200,,,a,
ASN00082076,20211105,TMAX,209,,,a,
ASN00082076,20211106,TMAX,236,,,a,
ASN00082076,20211107,TMAX,257,,,a,
ASN00082076,20211108,TMAX,234,,,a,
ASN00082076,20211109,TMAX,228,,,a,
ASN00082076,20211110,TMAX,217,,,a,
ASN00082076,20211111,TMAX,222,,,a,
ASN00082076,20211112,TMAX,161,,,a,
ASN00082076,20211113,TMAX,170,,,a,
ASN00082076,20211114,TMAX,130,,,a,
ASN00082076,20211115,TMAX,140,,,a,
ASN00082076,20211116,TMAX,175,,,a,
ASN00082076,20211117,TMAX,215,,,a,
ASN00082076,20211118,TMAX,235,,,a,
ASN00082076,20211121,TMAX,230,,,a,
ASN00082076,20211122,TMAX,260,,,a,
ASN00082076,20211123,TMAX,240,,,a,
ASN00082076,20211124,TMAX,220,,,a,
ASN00082076,20211126,TMAX,164,,,a,
ASN00082076,20211127,TMAX,186,,,a,
ASN00082076,20211128,TMAX,244,,,a,
ASN00082076,20211129,TMAX,256,,,a,
ASN00082076,20211130,TMAX,294,,,a,
ASN00082076,20211101,TMIN,38,,,a,
ASN00082076,20211102,TMIN,70,,,a,
ASN00082076,20211103,TMIN,98,,,a,
ASN00082076,20211104,TMIN,144,,,a,
ASN00082076,20211105,TMIN,65,,,a,
ASN00082076,20211106,TMIN,148,,,a,
ASN00082076,20211107,TMIN,124,,,a,
ASN00082076,20211108,TMIN,132,,,a,
ASN00082076,20211109,TMIN,74,,,a,
ASN00082076,20211110,TMIN,109,,,a,
ASN00082076,20211111,TMIN,83,,,a,
ASN00082076,20211112,TMIN,110,,,a,
ASN00082076,20211113,TMIN,105,,,a,
ASN00082076,20211114,TMIN,66,,,a,
ASN00082076,20211115,TMIN,65,,,a,
ASN00082076,20211116,TMIN,10,,,a,
ASN00082076,20211117,TMIN,56,,,a,
ASN00082076,20211118,TMIN,60,,,a,
ASN00082076,20211119,TMIN,120,,,a,
ASN00082076,20211122,TMIN,125,,,a,
ASN00082076,20211123,TMIN,105,,,a,
ASN00082076,20211124,TMIN,165,,,a,
ASN00082076,20211125,TMIN,170,,,a,
ASN00082076,20211128,TMIN,106,,,a,
ASN00082076,20211129,TMIN,98,,,a,
ASN00082076,20211130,TMIN,112,,,a,
ASN00082076,20211101,PRCP,0,,,a,
ASN00082076,20211102,PRCP,0,,,a,
ASN00082076,20211103,PRCP,0,,,a,
ASN00082076,20211104,PRCP,150,,,a,
ASN00082076,20211105,PRCP,0,,,a,
ASN00082076,20211106,PRCP,2,,,a,
ASN00082076,20211107,PRCP,300,,,a,
ASN00082076,20211108,PRCP,132,,,a,
ASN00082076,20211109,PRCP,0,,,a,
ASN00082076,20211110,PRCP,0,,,a,
ASN00082076,20211111,PRCP,0,,,a,
ASN00082076,20211112,PRCP,100,,,a,
ASN00082076,20211113,PRCP,650,,,a,
ASN00082076,20211114,PRCP,248,,,a,
ASN00082076,20211115,PRCP,154,,,a,
ASN00082076,20211116,PRCP,6,,,a,
ASN00082076,20211117,PRCP,0,,,a,
ASN00082076,20211118,PRCP,0,,,a,
ASN00082076,20211119,PRCP,4,,,a,
ASN00082076,20211122,PRCP,0,,,a,
ASN00082076,20211123,PRCP,0,,,a,
ASN00082076,20211124,PRCP,100,,,a,
ASN00082076,20211125,PRCP,8,,,a,
ASN00082076,20211128,PRCP,0,,,a,
ASN00082076,20211129,PRCP,0,,,a,
ASN00082076,20211130,PRCP,0,,,a,
ASN00082076,20211121,DAPR,2,,,a,
ASN00082076,20211127,DAPR,2,,,a,
ASN00082076,20211121,DATN,2,,,a,
ASN00082076,20211127,DATN,2,,,a,
ASN00082076,20211120,DATX,2,,,a,
ASN00082076,20211121,MDPR,6,,,a,
ASN00082076,20211127,MDPR,36,,,a,
ASN00082076,20211121,MDTN,115,,,a,
ASN00082076,20211127,MDTN,118,,,a,
ASN00082076,20211120,MDTX,190,,,a,
ASN00082076,20211201,TMAX,292,,,a,
ASN00082076,20211202,TMAX,312,,,a,
ASN00082076,20211203,TMAX,296,,,a,
ASN00082076,20211204,TMAX,252,,,a,
ASN00082076,20211205,TMAX,246,,,a,
ASN00082076,20211206,TMAX,250,,,a,
ASN00082076,20211207,TMAX,264,,,a,
ASN00082076,20211208,TMAX,205,,,a,
ASN00082076,20211209,TMAX,165,,,a,
ASN00082076,20211210,TMAX,180,,,a,
ASN00082076,20211211,TMAX,200,,,a,
ASN00082076,20211212,TMAX,254,,,a,
ASN00082076,20211213,TMAX,295,,,a,
ASN00082076,20211214,TMAX,305,,,a,
ASN00082076,20211215,TMAX,261,,,a,
ASN00082076,20211216,TMAX,245,,,a,
ASN00082076,20211217,TMAX,290,,,a,
ASN00082076,20211218,TMAX,315,,,a,
ASN00082076,20211219,TMAX,212,,,a,
ASN00082076,20211220,TMAX,250,,,a,
ASN00082076,20211221,TMAX,290,,,a,
ASN00082076,20211222,TMAX,302,,,a,
ASN00082076,20211223,TMAX,293,,,a,
ASN00082076,20211224,TMAX,301,,,a,
ASN00082076,20211225,TMAX,317,,,a,
ASN00082076,20211226,TMAX,243,,,a,
ASN00082076,20211227,TMAX,235,,,a,
ASN00082076,20211228,TMAX,258,,,a,
ASN00082076,20211229,TMAX,288,,,a,
ASN00082076,20211230,TMAX,310,,,a,
ASN00082076,20211231,TMAX,336,,,a,
ASN00082076,20211201,TMIN,146,,,a,
ASN00082076,20211202,TMIN,120,,,a,
ASN00082076,20211203,TMIN,146,,,a,
ASN00082076,20211204,TMIN,149,,,a,
ASN00082076,20211205,TMIN,125,,,a,
ASN00082076,20211206,TMIN,100,,,a,
ASN00082076,20211207,TMIN,130,,,a,
ASN00082076,20211208,TMIN,118,,,a,
ASN00082076,20211209,TMIN,111,,,a,
ASN00082076,20211210,TMIN,120,,,a,
ASN00082076,20211211,TMIN,124,,,a,
ASN00082076,20211212,TMIN,125,,,a,
ASN00082076,20211213,TMIN,106,,,a,
ASN00082076,20211214,TMIN,101,,,a,
ASN00082076,20211215,TMIN,140,,,a,
ASN00082076,20211216,TMIN,111,,,a,
ASN00082076,20211217,TMIN,105,,,a,
ASN00082076,20211218,TMIN,135,,,a,
ASN00082076,20211219,TMIN,160,,,a,
ASN00082076,20211220,TMIN,88,,,a,
ASN00082076,20211221,TMIN,85,,,a,
ASN00082076,20211222,TMIN,110,,,a,
ASN00082076,20211223,TMIN,118,,,a,
ASN00082076,20211224,TMIN,161,,,a,
ASN00082076,20211225,TMIN,143,,,a,
ASN00082076,20211226,TMIN,179,,,a,
ASN00082076,20211227,TMIN,124,,,a,
ASN00082076,20211228,TMIN,126,,,a,
ASN00082076,20211229,TMIN,104,,,a,
ASN00082076,20211230,TMIN,109,,,a,
ASN00082076,20211231,TMIN,125,,,a,
ASN00082076,20211201,PRCP,0,,,a,
ASN00082076,20211202,PRCP,74,,,a,
ASN00082076,20211203,PRCP,16,,,a,
ASN00082076,20211204,PRCP,0,,,a,
ASN00082076,20211205,PRCP,0,,,a,
ASN00082076,20211206,PRCP,0,,,a,
ASN00082076,20211207,PRCP,4,,,a,
ASN00082076,20211208,PRCP,102,,,a,
ASN00082076,20211209,PRCP,126,,,a,
ASN00082076,20211210,PRCP,54,,,a,
ASN00082076,20211211,PRCP,0,,,a,
ASN00082076,20211212,PRCP,0,,,a,
ASN00082076,20211213,PRCP,0,,,a,
ASN00082076,20211214,PRCP,0,,,a,
ASN00082076,20211215,PRCP,0,,,a,
ASN00082076,20211216,PRCP,0,,,a,
ASN00082076,20211217,PRCP,0,,,a,
ASN00082076,20211218,PRCP,0,,,a,
ASN00082076,20211219,PRCP,88,,,a,
ASN00082076,20211220,PRCP,460,,,a,
ASN00082076,20211221,PRCP,0,,,a,
ASN00082076,20211222,PRCP,0,,,a,
ASN00082076,20211223,PRCP,0,,,a,
ASN00082076,20211224,PRCP,0,,,a,
ASN00082076,20211225,PRCP,0,,,a,
ASN00082076,20211226,PRCP,0,,,a,
ASN00082076,20211227,PRCP,0,,,a,
ASN00082076,20211228,PRCP,0,,,a,
ASN00082076,20211229,PRCP,0,,,a,
ASN00082076,20211230,PRCP,0,,,a,
ASN00082076,20211231,PRCP,0,,,a,
ASN00082076,20220101,TMAX,350,,,a,
ASN00082076,20220103,TMAX,345,,,a,
ASN00082076,20220104,TMAX,320,,,a,
ASN00082076,20220105,TMAX,220,,,a,
ASN00082076,20220106,TMAX,220,,,a,
ASN00082076,20220107,TMAX,230,,,a,
ASN00082076,20220108,TMAX,280,,,a,
ASN00082076,20220109,TMAX,312,,,a,
ASN00082076,20220110,TMAX,330,,,a,
ASN00082076,20220111,TMAX,265,,,a,
ASN00082076,20220112,TMAX,290,,,a,
ASN00082076,20220113,TMAX,304,,,a,
ASN00082076,20220114,TMAX,276,,,a,
ASN00082076,20220115,TMAX,296,,,a,
ASN00082076,20220116,TMAX,316,,,a,
ASN00082076,20220117,TMAX,254,,,a,
ASN00082076,20220118,TMAX,286,,,a,
ASN00082076,20220119,TMAX,240,,,a,
ASN00082076,20220120,TMAX,272,,,a,
ASN00082076,20220121,TMAX,301,,,a,
ASN00082076,20220122,TMAX,309,,,a,
ASN00082076,20220123,TMAX,310,,,a,
ASN00082076,20220124,TMAX,296,,,a,
ASN00082076,20220125,TMAX,307,,,a,
ASN00082076,20220126,TMAX,323,,,a,
ASN00082076,20220128,TMAX,317,,,a,
ASN00082076,20220129,TMAX,257,,,a,
ASN00082076,20220130,TMAX,305,,,a,
ASN00082076,20220131,TMAX,305,,,a,
ASN00082076,20220101,TMIN,140,,,a,
ASN00082076,20220102,TMIN,150,,,a,
ASN00082076,20220103,TMIN,162,,,a,
ASN00082076,20220104,TMIN,165,,,a,
ASN00082076,20220105,TMIN,161,,,a,
ASN00082076,20220106,TMIN,170,,,a,
ASN00082076,20220107,TMIN,155,,,a,
ASN00082076,20220108,TMIN,145,,,a,
ASN00082076,20220109,TMIN,160,,,a,
ASN00082076,20220110,TMIN,164,,,a,
ASN00082076,20220111,TMIN,178,,,a,
ASN00082076,20220112,TMIN,180,,,a,
ASN00082076,20220113,TMIN,170,,,a,
ASN00082076,20220114,TMIN,172,,,a,
ASN00082076,20220115,TMIN,166,,,a,
ASN00082076,20220116,TMIN,158,,,a,
ASN00082076,20220117,TMIN,152,,,a,
ASN00082076,20220118,TMIN,190,,,a,
ASN00082076,20220119,TMIN,162,,,a,
ASN00082076,20220120,TMIN,150,,,a,
ASN00082076,20220121,TMIN,114,,,a,
ASN00082076,20220122,TMIN,131,,,a,
ASN00082076,20220123,TMIN,139,,,a,
ASN00082076,20220124,TMIN,154,,,a,
ASN00082076,20220125,TMIN,164,,,a,
ASN00082076,20220126,TMIN,155,,,a,
ASN00082076,20220127,TMIN,184,,,a,
ASN00082076,20220128,TMIN,195,,,a,
ASN00082076,20220129,TMIN,197,,,a,
ASN00082076,20220130,TMIN,205,,,a,
ASN00082076,20220131,TMIN,170,,,a,
ASN00082076,20220101,PRCP,0,,,a,
ASN00082076,20220102,PRCP,0,,L,a,
ASN00082076,20220104,PRCP,0,,,a,
ASN00082076,20220105,PRCP,2,,,a,
ASN00082076,20220106,PRCP,592,,,a,
ASN00082076,20220107,PRCP,292,,,a,
ASN00082076,20220108,PRCP,176,,,a,
ASN00082076,20220109,PRCP,0,,,a,
ASN00082076,20220110,PRCP,0,,,a,
ASN00082076,20220111,PRCP,94,,,a,
ASN00082076,20220112,PRCP,64,,,a,
ASN00082076,20220113,PRCP,0,,,a,
ASN00082076,20220114,PRCP,0,,,a,
ASN00082076,20220115,PRCP,850,,,a,
ASN00082076,20220116,PRCP,0,,,a,
ASN00082076,20220117,PRCP,0,,,a,
ASN00082076,20220118,PRCP,0,,,a,
ASN00082076,20220119,PRCP,0,,,a,
ASN00082076,20220120,PRCP,0,,,a,
ASN00082076,20220121,PRCP,0,,,a,
ASN00082076,20220122,PRCP,0,,,a,
ASN00082076,20220123,PRCP,0,,,a,
ASN00082076,20220124,PRCP,0,,,a,
ASN00082076,20220125,PRCP,0,,,a,
ASN00082076,20220126,PRCP,4,,,a,
ASN00082076,20220127,PRCP,64,,,a,
ASN00082076,20220128,PRCP,0,,,a,
ASN00082076,20220129,PRCP,80,,,a,
ASN00082076,20220130,PRCP,2,,,a,
ASN00082076,20220131,PRCP,78,,,a,
ASN00082076,20220103,DAPR,2,,L,a,
ASN00082076,20220103,MDPR,4,,L,a,
ASN00082076,20220201,TMAX,310,,,a,
ASN00082076,20220202,TMAX,200,,,a,
ASN00082076,20220203,TMAX,205,,,a,
ASN00082076,20220204,TMAX,230,,,a,
ASN00082076,20220207,TMAX,260,,,a,
ASN00082076,20220208,TMAX,255,,,a,
ASN00082076,20220209,TMAX,276,,,a,
ASN00082076,20220210,TMAX,290,,,a,
ASN00082076,20220211,TMAX,246,,,a,
ASN00082076,20220212,TMAX,270,,,a,
ASN00082076,20220213,TMAX,282,,,a,
ASN00082076,20220214,TMAX,312,,,a,
ASN00082076,20220215,TMAX,334,,,a,
ASN00082076,20220216,TMAX,315,,,a,
ASN00082076,20220217,TMAX,297,,,a,
ASN00082076,20220222,TMAX,300,,,a,
ASN00082076,20220223,TMAX,302,,,a,
ASN00082076,20220226,TMAX,220,,,a,
ASN00082076,20220227,TMAX,285,,,a,
ASN00082076,20220228,TMAX,304,,,a,
ASN00082076,20220201,TMIN,175,,,a,
ASN00082076,20220202,TMIN,138,,,a,
ASN00082076,20220203,TMIN,125,,,a,
ASN00082076,20220204,TMIN,125,,,a,
ASN00082076,20220205,TMIN,140,,,a,
ASN00082076,20220208,TMIN,160,,,a,
ASN00082076,20220209,TMIN,160,,,a,
ASN00082076,20220210,TMIN,142,,,a,
ASN00082076,20220211,TMIN,180,,,a,
ASN00082076,20220212,TMIN,158,,,a,
ASN00082076,20220213,TMIN,128,,,a,
ASN00082076,20220214,TMIN,150,,,a,
ASN00082076,20220215,TMIN,158,,,a,
ASN00082076,20220216,TMIN,172,,,a,
ASN00082076,20220201,PRCP,0,,,a,
ASN00082076,20220202,PRCP,50,,,a,
ASN00082076,20220203,PRCP,0,,,a,
ASN00082076,20220204,PRCP,0,,,a,
ASN00082076,20220205,PRCP,0,,,a,
ASN00082076,20220206,PRCP,0,,,a,
ASN00082076,20220207,PRCP,0,,,a,
ASN00082076,20220208,PRCP,0,,,a,
ASN00082076,20220209,PRCP,10,,,a,
ASN00082076,20220210,PRCP,0,,,a,
ASN00082076,20220211,PRCP,0,,,a,
ASN00082076,20220212,PRCP,0,,,a,
ASN00082076,20220213,PRCP,0,,,a,
ASN00082076,20220214,PRCP,0,,,a,
ASN00082076,20220215,PRCP,0,,,a,
ASN00082076,20220216,PRCP,0,,,a,
ASN00082076,20220217,PRCP,0,,,a,
ASN00082076,20220218,PRCP,0,,,a,
ASN00082076,20220219,PRCP,0,,,a,
ASN00082076,20220220,PRCP,0,,,a,
ASN00082076,20220221,PRCP,0,,,a,
ASN00082076,20220222,PRCP,0,,,a,
ASN00082076,20220223,PRCP,0,,,a,
ASN00082076,20220224,PRCP,16,,,a,
ASN00082076,20220225,PRCP,0,,,a,
ASN00082076,20220226,PRCP,0,,,a,
ASN00082076,20220227,PRCP,8,,,a,
ASN00082076,20220228,PRCP,0,,,a,
ASN00082076,20220206,DATX,2,,,a,
ASN00082076,20220221,DATX,4,,,a,
ASN00082076,20220225,DATX,2,,,a,
ASN00082076,20220206,MDTX,257,,,a,
ASN00082076,20220221,MDTX,274,,,a,
ASN00082076,20220225,MDTX,230,,,a,
ASN00082076,20220301,TMAX,303,,,a,
ASN00082076,20220304,TMAX,305,,,a,
ASN00082076,20220305,TMAX,215,,,a,
ASN00082076,20220306,TMAX,240,,,a,
ASN00082076,20220307,TMAX,275,,,a,
ASN00082076,20220308,TMAX,205,,,a,
ASN00082076,20220312,TMAX,268,,,a,
ASN00082076,20220313,TMAX,270,,,a,
ASN00082076,20220314,TMAX,280,,,a,
ASN00082076,20220315,TMAX,268,,,a,
ASN00082076,20220317,TMAX,265,,,a,
ASN00082076,20220318,TMAX,275,,,a,
ASN00082076,20220319,TMAX,284,,,a,
ASN00082076,20220320,TMAX,278,,,a,
ASN00082076,20220321,TMAX,276,,,a,
ASN00082076,20220322,TMAX,297,,,a,
ASN00082076,20220323,TMAX,225,,,a,
ASN00082076,20220324,TMAX,241,,,a,
ASN00082076,20220325,TMAX,250,,,a,
ASN00082076,20220326,TMAX,260,,,a,
ASN00082076,20220327,TMAX,255,,,a,
ASN00082076,20220328,TMAX,260,,,a,
ASN00082076,20220329,TMAX,210,,,a,
ASN00082076,20220330,TMAX,235,,,a,
ASN00082076,20220313,TMIN,94,,,a,
ASN00082076,20220314,TMIN,108,,,a,
ASN00082076,20220315,TMIN,112,,,a,
ASN00082076,20220316,TMIN,148,,,a,
ASN00082076,20220318,TMIN,131,,,a,
ASN00082076,20220319,TMIN,170,,,a,
ASN00082076,20220320,TMIN,128,,,a,
ASN00082076,20220321,TMIN,138,,,a,
ASN00082076,20220322,TMIN,114,,,a,
ASN00082076,20220323,TMIN,153,,,a,
ASN00082076,20220324,TMIN,134,,,a,
ASN00082076,20220325,TMIN,145,,,a,
ASN00082076,20220326,TMIN,100,,,a,
ASN00082076,20220327,TMIN,100,,,a,
ASN00082076,20220328,TMIN,95,,,a,
ASN00082076,20220329,TMIN,115,,,a,
ASN00082076,20220330,TMIN,166,,,a,
ASN00082076,20220331,TMIN,145,,,a,
ASN00082076,20220301,PRCP,60,,,a,
ASN00082076,20220302,PRCP,6,,,a,
ASN00082076,20220303,PRCP,0,,,a,
ASN00082076,20220304,PRCP,0,,,a,
ASN00082076,20220305,PRCP,8,,,a,
ASN00082076,20220306,PRCP,562,,,a,
ASN00082076,20220307,PRCP,0,,,a,
ASN00082076,20220308,PRCP,0,,,a,
ASN00082076,20220309,PRCP,0,,,a,
ASN00082076,20220310,PRCP,0,,,a,
ASN00082076,20220311,PRCP,0,,,a,
ASN00082076,20220312,PRCP,0,,,a,
ASN00082076,20220313,PRCP,0,,,a,
ASN00082076,20220314,PRCP,0,,,a,
ASN00082076,20220315,PRCP,170,,,a,
ASN00082076,20220316,PRCP,26,,,a,
ASN00082076,20220317,PRCP,4,,,a,
ASN00082076,20220318,PRCP,0,,L,a,
ASN00082076,20220319,PRCP,0,,L,a,
ASN00082076,20220320,PRCP,0,,L,a,
ASN00082076,20220321,PRCP,0,,L,a,
ASN00082076,20220322,PRCP,0,,L,a,
ASN00082076,20220324,PRCP,0,,,a,
ASN00082076,20220325,PRCP,0,,,a,
ASN00082076,20220326,PRCP,0,,,a,
ASN00082076,20220327,PRCP,0,,,a,
ASN00082076,20220328,PRCP,0,,,a,
ASN00082076,20220329,PRCP,0,,,a,
ASN00082076,20220330,PRCP,0,,,a,
ASN00082076,20220331,PRCP,0,,,a,
ASN00082076,20220323,DAPR,6,,L,a,
ASN00082076,20220312,DATN,3,,,a,
ASN00082076,20220303,DATX,2,,,a,
ASN00082076,20220311,DATX,3,,,a,
ASN00082076,20220323,MDPR,34,,L,a,
ASN00082076,20220312,MDTN,94,,,a,
ASN00082076,20220303,MDTX,290,,,a,
ASN00082076,20220311,MDTX,240,,,a,
