ASN00014073,19570101,PRCP,0,,,a,
ASN00014073,19570102,PRCP,0,,,a,
ASN00014073,19570103,PRCP,89,,,a,
ASN00014073,19570104,PRCP,224,,,a,
ASN00014073,19570105,PRCP,465,,,a,
ASN00014073,19570106,PRCP,58,,,a,
ASN00014073,19570107,PRCP,157,,,a,
ASN00014073,19570108,PRCP,122,,,a,
ASN00014073,19570109,PRCP,191,,,a,
ASN00014073,19570110,PRCP,0,,,a,
ASN00014073,19570111,PRCP,0,,,a,
ASN00014073,19570112,PRCP,0,,,a,
ASN00014073,19570113,PRCP,0,,,a,
ASN00014073,19570114,PRCP,0,,,a,
ASN00014073,19570115,PRCP,30,,,a,
ASN00014073,19570116,PRCP,239,,,a,
ASN00014073,19570117,PRCP,312,,,a,
ASN00014073,19570118,PRCP,168,,,a,
ASN00014073,19570119,PRCP,18,,,a,
ASN00014073,19570120,PRCP,127,,,a,
ASN00014073,19570121,PRCP,0,,,a,
ASN00014073,19570122,PRCP,0,,,a,
ASN00014073,19570123,PRCP,0,,,a,
ASN00014073,19570124,PRCP,279,,,a,
ASN00014073,19570125,PRCP,0,,,a,
ASN00014073,19570126,PRCP,28,,,a,
ASN00014073,19570127,PRCP,102,,,a,
ASN00014073,19570128,PRCP,58,,,a,
ASN00014073,19570129,PRCP,0,,,a,
ASN00014073,19570130,PRCP,0,,,a,
ASN00014073,19570131,PRCP,0,,,a,
ASN00014073,19570201,PRCP,0,,,a,
ASN00014073,19570202,PRCP,0,,,a,
ASN00014073,19570203,PRCP,8,,,a,
ASN00014073,19570204,PRCP,127,,,a,
ASN00014073,19570205,PRCP,0,,,a,
ASN00014073,19570206,PRCP,196,,,a,
ASN00014073,19570207,PRCP,267,,,a,
ASN00014073,19570208,PRCP,201,,,a,
ASN00014073,19570209,PRCP,0,,,a,
ASN00014073,19570210,PRCP,5,,,a,
ASN00014073,19570211,PRCP,0,,,a,
ASN00014073,19570212,PRCP,20,,,a,
ASN00014073,19570213,PRCP,0,,,a,
ASN00014073,19570214,PRCP,152,,,a,
ASN00014073,19570215,PRCP,465,,,a,
ASN00014073,19570216,PRCP,0,,,a,
ASN00014073,19570217,PRCP,84,,,a,
ASN00014073,19570218,PRCP,51,,,a,
ASN00014073,19570219,PRCP,0,,,a,
ASN00014073,19570220,PRCP,0,,,a,
ASN00014073,19570221,PRCP,0,,,a,
ASN00014073,19570222,PRCP,0,,,a,
ASN00014073,19570223,PRCP,160,,,a,
ASN00014073,19570224,PRCP,84,,,a,
ASN00014073,19570225,PRCP,356,,,a,
ASN00014073,19570226,PRCP,0,,,a,
ASN00014073,19570227,PRCP,305,,,a,
ASN00014073,19570228,PRCP,178,,,a,
ASN00014073,19570301,PRCP,51,,,a,
ASN00014073,19570302,PRCP,84,,,a,
ASN00014073,19570303,PRCP,3,,,a,
ASN00014073,19570304,PRCP,89,,,a,
ASN00014073,19570305,PRCP,315,,,a,
ASN00014073,19570306,PRCP,546,,,a,
ASN00014073,19570307,PRCP,1372,,,a,
ASN00014073,19570308,PRCP,8,,,a,
ASN00014073,19570309,PRCP,0,,,a,
ASN00014073,19570310,PRCP,127,,,a,
ASN00014073,19570311,PRCP,0,,,a,
ASN00014073,19570312,PRCP,8,,,a,
ASN00014073,19570313,PRCP,0,,,a,
ASN00014073,19570314,PRCP,0,,,a,
ASN00014073,19570315,PRCP,0,,,a,
ASN00014073,19570316,PRCP,160,,,a,
ASN00014073,19570317,PRCP,203,,,a,
ASN00014073,19570318,PRCP,0,,,a,
ASN00014073,19570319,PRCP,38,,,a,
ASN00014073,19570320,PRCP,373,,,a,
ASN00014073,19570321,PRCP,157,,,a,
ASN00014073,19570322,PRCP,0,,,a,
ASN00014073,19570323,PRCP,0,,,a,
ASN00014073,19570324,PRCP,0,,,a,
ASN00014073,19570325,PRCP,0,,,a,
ASN00014073,19570326,PRCP,0,,,a,
ASN00014073,19570327,PRCP,0,,,a,
ASN00014073,19570328,PRCP,0,,,a,
ASN00014073,19570329,PRCP,0,,,a,
ASN00014073,19570330,PRCP,0,,,a,
ASN00014073,19570331,PRCP,0,,,a,
ASN00014073,19570401,PRCP,0,,,a,
ASN00014073,19570402,PRCP,0,,,a,
ASN00014073,19570403,PRCP,0,,,a,
ASN00014073,19570404,PRCP,0,,,a,
ASN00014073,19570405,PRCP,0,,,a,
ASN00014073,19570406,PRCP,145,,,a,
ASN00014073,19570407,PRCP,0,,,a,
ASN00014073,19570408,PRCP,0,,,a,
ASN00014073,19570409,PRCP,0,,,a,
ASN00014073,19570410,PRCP,0,,,a,
ASN00014073,19570411,PRCP,0,,,a,
ASN00014073,19570412,PRCP,0,,,a,
ASN00014073,19570413,PRCP,0,,,a,
ASN00014073,19570414,PRCP,41,,,a,
ASN00014073,19570415,PRCP,0,,,a,
ASN00014073,19570416,PRCP,0,,,a,
ASN00014073,19570417,PRCP,0,,,a,
ASN00014073,19570418,PRCP,0,,,a,
ASN00014073,19570419,PRCP,0,,,a,
ASN00014073,19570420,PRCP,0,,,a,
ASN00014073,19570421,PRCP,0,,,a,
ASN00014073,19570422,PRCP,0,,,a,
ASN00014073,19570423,PRCP,0,,,a,
ASN00014073,19570424,PRCP,0,,,a,
ASN00014073,19570425,PRCP,0,,,a,
ASN00014073,19570426,PRCP,0,,,a,
ASN00014073,19570427,PRCP,0,,,a,
ASN00014073,19570428,PRCP,0,,,a,
ASN00014073,19570429,PRCP,0,,,a,
ASN00014073,19570430,PRCP,0,,,a,
ASN00014073,19570501,PRCP,0,,,a,
ASN00014073,19570502,PRCP,0,,,a,
ASN00014073,19570503,PRCP,0,,,a,
ASN00014073,19570504,PRCP,0,,,a,
ASN00014073,19570505,PRCP,0,,,a,
ASN00014073,19570506,PRCP,0,,,a,
ASN00014073,19570507,PRCP,0,,,a,
ASN00014073,19570508,PRCP,0,,,a,
ASN00014073,19570509,PRCP,0,,,a,
ASN00014073,19570510,PRCP,0,,,a,
ASN00014073,19570511,PRCP,0,,,a,
ASN00014073,19570512,PRCP,0,,,a,
ASN00014073,19570513,PRCP,0,,,a,
ASN00014073,19570514,PRCP,0,,,a,
ASN00014073,19570515,PRCP,0,,,a,
ASN00014073,19570516,PRCP,0,,,a,
ASN00014073,19570517,PRCP,0,,,a,
ASN00014073,19570518,PRCP,0,,,a,
ASN00014073,19570519,PRCP,0,,,a,
ASN00014073,19570520,PRCP,0,,,a,
ASN00014073,19570521,PRCP,0,,,a,
ASN00014073,19570522,PRCP,0,,,a,
ASN00014073,19570523,PRCP,0,,,a,
ASN00014073,19570524,PRCP,0,,,a,
ASN00014073,19570525,PRCP,0,,,a,
ASN00014073,19570526,PRCP,0,,,a,
ASN00014073,19570527,PRCP,0,,,a,
ASN00014073,19570528,PRCP,0,,,a,
ASN00014073,19570529,PRCP,0,,,a,
ASN00014073,19570530,PRCP,0,,,a,
ASN00014073,19570531,PRCP,0,,,a,
ASN00014073,19570601,PRCP,0,,,a,
ASN00014073,19570602,PRCP,0,,,a,
ASN00014073,19570603,PRCP,0,,,a,
ASN00014073,19570604,PRCP,0,,,a,
ASN00014073,19570605,PRCP,0,,,a,
ASN00014073,19570606,PRCP,0,,,a,
ASN00014073,19570607,PRCP,0,,,a,
ASN00014073,19570608,PRCP,0,,,a,
ASN00014073,19570609,PRCP,0,,,a,
ASN00014073,19570610,PRCP,0,,,a,
ASN00014073,19570611,PRCP,0,,,a,
ASN00014073,19570612,PRCP,0,,,a,
ASN00014073,19570613,PRCP,0,,,a,
ASN00014073,19570614,PRCP,0,,,a,
ASN00014073,19570615,PRCP,0,,,a,
ASN00014073,19570616,PRCP,0,,,a,
ASN00014073,19570617,PRCP,0,,,a,
ASN00014073,19570618,PRCP,0,,,a,
ASN00014073,19570619,PRCP,0,,,a,
ASN00014073,19570620,PRCP,0,,,a,
ASN00014073,19570621,PRCP,0,,,a,
ASN00014073,19570622,PRCP,0,,,a,
ASN00014073,19570623,PRCP,0,,,a,
ASN00014073,19570624,PRCP,0,,,a,
ASN00014073,19570625,PRCP,0,,,a,
ASN00014073,19570626,PRCP,0,,,a,
ASN00014073,19570627,PRCP,0,,,a,
ASN00014073,19570628,PRCP,0,,,a,
ASN00014073,19570629,PRCP,0,,,a,
ASN00014073,19570630,PRCP,0,,,a,
ASN00014073,19570701,PRCP,0,,,a,
ASN00014073,19570702,PRCP,0,,,a,
ASN00014073,19570703,PRCP,0,,,a,
ASN00014073,19570704,PRCP,0,,,a,
ASN00014073,19570705,PRCP,0,,,a,
ASN00014073,19570706,PRCP,0,,,a,
ASN00014073,19570707,PRCP,0,,,a,
ASN00014073,19570708,PRCP,0,,,a,
ASN00014073,19570709,PRCP,0,,,a,
ASN00014073,19570710,PRCP,0,,,a,
ASN00014073,19570711,PRCP,0,,,a,
ASN00014073,19570712,PRCP,0,,,a,
ASN00014073,19570713,PRCP,0,,,a,
ASN00014073,19570714,PRCP,0,,,a,
ASN00014073,19570715,PRCP,0,,,a,
ASN00014073,19570716,PRCP,0,,,a,
ASN00014073,19570717,PRCP,0,,,a,
ASN00014073,19570718,PRCP,0,,,a,
ASN00014073,19570719,PRCP,0,,,a,
ASN00014073,19570720,PRCP,0,,,a,
ASN00014073,19570721,PRCP,0,,,a,
ASN00014073,19570722,PRCP,0,,,a,
ASN00014073,19570723,PRCP,0,,,a,
ASN00014073,19570724,PRCP,0,,,a,
ASN00014073,19570725,PRCP,0,,,a,
ASN00014073,19570726,PRCP,0,,,a,
ASN00014073,19570727,PRCP,0,,,a,
ASN00014073,19570728,PRCP,0,,,a,
ASN00014073,19570729,PRCP,0,,,a,
ASN00014073,19570730,PRCP,0,,,a,
ASN00014073,19570731,PRCP,0,,,a,
ASN00014073,19570801,PRCP,0,,,a,
ASN00014073,19570802,PRCP,0,,,a,
ASN00014073,19570803,PRCP,0,,,a,
ASN00014073,19570804,PRCP,0,,,a,
ASN00014073,19570805,PRCP,0,,,a,
ASN00014073,19570806,PRCP,0,,,a,
ASN00014073,19570807,PRCP,0,,,a,
ASN00014073,19570808,PRCP,0,,,a,
ASN00014073,19570809,PRCP,0,,,a,
ASN00014073,19570810,PRCP,0,,,a,
ASN00014073,19570811,PRCP,0,,,a,
ASN00014073,19570812,PRCP,0,,,a,
ASN00014073,19570813,PRCP,0,,,a,
ASN00014073,19570814,PRCP,0,,,a,
ASN00014073,19570815,PRCP,0,,,a,
ASN00014073,19570816,PRCP,0,,,a,
ASN00014073,19570817,PRCP,0,,,a,
ASN00014073,19570818,PRCP,0,,,a,
ASN00014073,19570819,PRCP,0,,,a,
ASN00014073,19570820,PRCP,0,,,a,
ASN00014073,19570821,PRCP,0,,,a,
ASN00014073,19570822,PRCP,0,,,a,
ASN00014073,19570823,PRCP,0,,,a,
ASN00014073,19570824,PRCP,0,,,a,
ASN00014073,19570825,PRCP,0,,,a,
ASN00014073,19570826,PRCP,0,,,a,
ASN00014073,19570827,PRCP,0,,,a,
ASN00014073,19570828,PRCP,0,,,a,
ASN00014073,19570829,PRCP,0,,,a,
ASN00014073,19570830,PRCP,0,,,a,
ASN00014073,19570831,PRCP,0,,,a,
ASN00014073,19570901,PRCP,0,,,a,
ASN00014073,19570902,PRCP,0,,,a,
ASN00014073,19570903,PRCP,0,,,a,
ASN00014073,19570904,PRCP,0,,,a,
ASN00014073,19570905,PRCP,0,,,a,
ASN00014073,19570906,PRCP,0,,,a,
ASN00014073,19570907,PRCP,0,,,a,
ASN00014073,19570908,PRCP,0,,,a,
ASN00014073,19570909,PRCP,0,,,a,
ASN00014073,19570910,PRCP,0,,,a,
ASN00014073,19570911,PRCP,0,,,a,
ASN00014073,19570912,PRCP,0,,,a,
ASN00014073,19570913,PRCP,0,,,a,
ASN00014073,19570914,PRCP,0,,,a,
ASN00014073,19570915,PRCP,0,,,a,
ASN00014073,19570916,PRCP,0,,,a,
ASN00014073,19570917,PRCP,0,,,a,
ASN00014073,19570918,PRCP,0,,,a,
ASN00014073,19570919,PRCP,0,,,a,
ASN00014073,19570920,PRCP,0,,,a,
ASN00014073,19570921,PRCP,0,,,a,
ASN00014073,19570922,PRCP,0,,,a,
ASN00014073,19570923,PRCP,0,,,a,
ASN00014073,19570924,PRCP,0,,,a,
ASN00014073,19570925,PRCP,0,,,a,
ASN00014073,19570926,PRCP,0,,,a,
ASN00014073,19570927,PRCP,0,,,a,
ASN00014073,19570928,PRCP,0,,,a,
ASN00014073,19570929,PRCP,0,,,a,
ASN00014073,19570930,PRCP,0,,,a,
ASN00014073,19571001,PRCP,0,,,a,
ASN00014073,19571002,PRCP,0,,,a,
ASN00014073,19571003,PRCP,0,,,a,
ASN00014073,19571004,PRCP,0,,,a,
ASN00014073,19571005,PRCP,0,,,a,
ASN00014073,19571006,PRCP,0,,,a,
ASN00014073,19571007,PRCP,0,,,a,
ASN00014073,19571008,PRCP,0,,,a,
ASN00014073,19571009,PRCP,0,,,a,
ASN00014073,19571010,PRCP,0,,,a,
ASN00014073,19571011,PRCP,0,,,a,
ASN00014073,19571012,PRCP,0,,,a,
ASN00014073,19571013,PRCP,0,,,a,
ASN00014073,19571014,PRCP,0,,,a,
ASN00014073,19571015,PRCP,0,,,a,
ASN00014073,19571016,PRCP,0,,,a,
ASN00014073,19571017,PRCP,0,,,a,
ASN00014073,19571018,PRCP,0,,,a,
ASN00014073,19571019,PRCP,0,,,a,
ASN00014073,19571020,PRCP,0,,,a,
ASN00014073,19571021,PRCP,25,,,a,
ASN00014073,19571022,PRCP,18,,,a,
ASN00014073,19571023,PRCP,20,,,a,
ASN00014073,19571024,PRCP,0,,,a,
ASN00014073,19571025,PRCP,0,,,a,
ASN00014073,19571026,PRCP,0,,,a,
ASN00014073,19571027,PRCP,0,,,a,
ASN00014073,19571028,PRCP,0,,,a,
ASN00014073,19571029,PRCP,124,,,a,
ASN00014073,19571030,PRCP,0,,,a,
ASN00014073,19571031,PRCP,0,,,a,
ASN00014073,19571101,PRCP,0,,,a,
ASN00014073,19571102,PRCP,0,,,a,
ASN00014073,19571103,PRCP,0,,,a,
ASN00014073,19571104,PRCP,114,,,a,
ASN00014073,19571105,PRCP,86,,,a,
ASN00014073,19571106,PRCP,0,,,a,
ASN00014073,19571107,PRCP,30,,,a,
ASN00014073,19571108,PRCP,0,,,a,
ASN00014073,19571109,PRCP,25,,,a,
ASN00014073,19571110,PRCP,0,,,a,
ASN00014073,19571111,PRCP,0,,,a,
ASN00014073,19571112,PRCP,0,,,a,
ASN00014073,19571113,PRCP,0,,,a,
ASN00014073,19571114,PRCP,0,,,a,
ASN00014073,19571115,PRCP,25,,,a,
ASN00014073,19571116,PRCP,0,,,a,
ASN00014073,19571117,PRCP,0,,,a,
ASN00014073,19571118,PRCP,0,,,a,
ASN00014073,19571119,PRCP,53,,,a,
ASN00014073,19571120,PRCP,69,,,a,
ASN00014073,19571121,PRCP,0,,,a,
ASN00014073,19571122,PRCP,0,,,a,
ASN00014073,19571123,PRCP,0,,,a,
ASN00014073,19571124,PRCP,0,,,a,
ASN00014073,19571125,PRCP,203,,,a,
ASN00014073,19571126,PRCP,226,,,a,
ASN00014073,19571127,PRCP,0,,,a,
ASN00014073,19571128,PRCP,132,,,a,
ASN00014073,19571129,PRCP,142,,,a,
ASN00014073,19571130,PRCP,0,,,a,
ASN00014073,19571201,PRCP,0,,,a,
ASN00014073,19571202,PRCP,351,,,a,
ASN00014073,19571203,PRCP,0,,,a,
ASN00014073,19571204,PRCP,5,,,a,
ASN00014073,19571205,PRCP,0,,,a,
ASN00014073,19571206,PRCP,109,,,a,
ASN00014073,19571207,PRCP,0,,,a,
ASN00014073,19571208,PRCP,0,,,a,
ASN00014073,19571209,PRCP,0,,,a,
ASN00014073,19571210,PRCP,0,,,a,
ASN00014073,19571211,PRCP,0,,,a,
ASN00014073,19571212,PRCP,0,,,a,
ASN00014073,19571213,PRCP,274,,,a,
ASN00014073,19571214,PRCP,0,,,a,
ASN00014073,19571215,PRCP,102,,,a,
ASN00014073,19571216,PRCP,165,,,a,
ASN00014073,19571217,PRCP,699,,,a,
ASN00014073,19571218,PRCP,183,,,a,
ASN00014073,19571219,PRCP,132,,,a,
ASN00014073,19571220,PRCP,165,,,a,
ASN00014073,19571221,PRCP,94,,,a,
ASN00014073,19571222,PRCP,0,,,a,
ASN00014073,19571223,PRCP,84,,,a,
ASN00014073,19571224,PRCP,218,,,a,
ASN00014073,19571225,PRCP,424,,,a,
ASN00014073,19571226,PRCP,0,,,a,
ASN00014073,19571227,PRCP,0,,,a,
ASN00014073,19571228,PRCP,505,,,a,
ASN00014073,19571229,PRCP,1095,,,a,
ASN00014073,19571230,PRCP,114,,,a,
ASN00014073,19571231,PRCP,58,,,a,
ASN00014073,19580101,PRCP,0,,,a,
ASN00014073,19580102,PRCP,0,,,a,
ASN00014073,19580103,PRCP,0,,,a,
ASN00014073,19580104,PRCP,0,,,a,
ASN00014073,19580105,PRCP,0,,,a,
ASN00014073,19580106,PRCP,0,,,a,
ASN00014073,19580107,PRCP,64,,,a,
ASN00014073,19580108,PRCP,178,,,a,
ASN00014073,19580109,PRCP,0,,,a,
ASN00014073,19580110,PRCP,0,,,a,
ASN00014073,19580111,PRCP,0,,,a,
ASN00014073,19580112,PRCP,0,,,a,
ASN00014073,19580113,PRCP,0,,,a,
ASN00014073,19580114,PRCP,0,,,a,
ASN00014073,19580115,PRCP,157,,,a,
ASN00014073,19580116,PRCP,445,,,a,
ASN00014073,19580117,PRCP,140,,,a,
ASN00014073,19580118,PRCP,0,,,a,
ASN00014073,19580119,PRCP,0,,,a,
ASN00014073,19580120,PRCP,0,,,a,
ASN00014073,19580121,PRCP,0,,,a,
ASN00014073,19580122,PRCP,0,,,a,
ASN00014073,19580123,PRCP,0,,,a,
ASN00014073,19580124,PRCP,0,,,a,
ASN00014073,19580125,PRCP,165,,,a,
ASN00014073,19580126,PRCP,0,,,a,
ASN00014073,19580127,PRCP,0,,,a,
ASN00014073,19580128,PRCP,0,,,a,
ASN00014073,19580129,PRCP,43,,,a,
ASN00014073,19580130,PRCP,0,,,a,
ASN00014073,19580131,PRCP,254,,,a,
ASN00014073,19580201,PRCP,0,,,a,
ASN00014073,19580202,PRCP,0,,,a,
ASN00014073,19580203,PRCP,0,,,a,
ASN00014073,19580204,PRCP,0,,,a,
ASN00014073,19580205,PRCP,0,,,a,
ASN00014073,19580206,PRCP,46,,,a,
ASN00014073,19580207,PRCP,28,,,a,
ASN00014073,19580208,PRCP,64,,,a,
ASN00014073,19580209,PRCP,180,,,a,
ASN00014073,19580210,PRCP,81,,,a,
ASN00014073,19580211,PRCP,18,,,a,
ASN00014073,19580212,PRCP,394,,,a,
ASN00014073,19580213,PRCP,8,,,a,
ASN00014073,19580214,PRCP,0,,,a,
ASN00014073,19580215,PRCP,0,,,a,
ASN00014073,19580216,PRCP,0,,,a,
ASN00014073,19580217,PRCP,0,,,a,
ASN00014073,19580218,PRCP,58,,,a,
ASN00014073,19580219,PRCP,0,,,a,
ASN00014073,19580220,PRCP,152,,,a,
ASN00014073,19580221,PRCP,0,,,a,
ASN00014073,19580222,PRCP,269,,,a,
ASN00014073,19580223,PRCP,0,,,a,
ASN00014073,19580224,PRCP,0,,,a,
ASN00014073,19580225,PRCP,0,,,a,
ASN00014073,19580226,PRCP,0,,,a,
ASN00014073,19580227,PRCP,0,,,a,
ASN00014073,19580228,PRCP,297,,,a,
ASN00014073,19580301,PRCP,43,,,a,
ASN00014073,19580302,PRCP,56,,,a,
ASN00014073,19580303,PRCP,262,,,a,
ASN00014073,19580304,PRCP,0,,,a,
ASN00014073,19580305,PRCP,229,,,a,
ASN00014073,19580306,PRCP,13,,,a,
ASN00014073,19580307,PRCP,0,,,a,
ASN00014073,19580308,PRCP,38,,,a,
ASN00014073,19580309,PRCP,132,,,a,
ASN00014073,19580310,PRCP,0,,,a,
ASN00014073,19580311,PRCP,0,,,a,
ASN00014073,19580312,PRCP,0,,,a,
ASN00014073,19580313,PRCP,0,,,a,
ASN00014073,19580314,PRCP,0,,,a,
ASN00014073,19580315,PRCP,0,,,a,
ASN00014073,19580316,PRCP,0,,,a,
ASN00014073,19580317,PRCP,0,,,a,
ASN00014073,19580318,PRCP,0,,,a,
ASN00014073,19580319,PRCP,531,,,a,
ASN00014073,19580320,PRCP,0,,,a,
ASN00014073,19580321,PRCP,23,,,a,
ASN00014073,19580322,PRCP,0,,,a,
ASN00014073,19580323,PRCP,0,,,a,
ASN00014073,19580324,PRCP,51,,,a,
ASN00014073,19580325,PRCP,0,,,a,
ASN00014073,19580326,PRCP,0,,,a,
ASN00014073,19580327,PRCP,0,,,a,
ASN00014073,19580328,PRCP,69,,,a,
ASN00014073,19580329,PRCP,0,,,a,
ASN00014073,19580330,PRCP,0,,,a,
ASN00014073,19580331,PRCP,81,,,a,
ASN00014073,19580401,PRCP,0,,,a,
ASN00014073,19580402,PRCP,0,,,a,
ASN00014073,19580403,PRCP,0,,,a,
ASN00014073,19580404,PRCP,91,,,a,
ASN00014073,19580405,PRCP,0,,,a,
ASN00014073,19580406,PRCP,0,,,a,
ASN00014073,19580407,PRCP,0,,,a,
ASN00014073,19580408,PRCP,267,,,a,
ASN00014073,19580409,PRCP,0,,,a,
ASN00014073,19580410,PRCP,0,,,a,
ASN00014073,19580411,PRCP,0,,,a,
ASN00014073,19580412,PRCP,0,,,a,
ASN00014073,19580413,PRCP,0,,,a,
ASN00014073,19580414,PRCP,0,,,a,
ASN00014073,19580415,PRCP,0,,,a,
ASN00014073,19580416,PRCP,0,,,a,
ASN00014073,19580417,PRCP,25,,,a,
ASN00014073,19580418,PRCP,165,,,a,
ASN00014073,19580419,PRCP,10,,,a,
ASN00014073,19580420,PRCP,0,,,a,
ASN00014073,19580421,PRCP,0,,,a,
ASN00014073,19580422,PRCP,0,,,a,
ASN00014073,19580423,PRCP,0,,,a,
ASN00014073,19580424,PRCP,0,,,a,
ASN00014073,19580425,PRCP,0,,,a,
ASN00014073,19580426,PRCP,0,,,a,
ASN00014073,19580427,PRCP,0,,,a,
ASN00014073,19580428,PRCP,0,,,a,
ASN00014073,19580429,PRCP,0,,,a,
ASN00014073,19580430,PRCP,0,,,a,
ASN00014073,19580501,PRCP,0,,,a,
ASN00014073,19580502,PRCP,0,,,a,
ASN00014073,19580503,PRCP,0,,,a,
ASN00014073,19580504,PRCP,0,,,a,
ASN00014073,19580505,PRCP,0,,,a,
ASN00014073,19580506,PRCP,0,,,a,
ASN00014073,19580507,PRCP,0,,,a,
ASN00014073,19580508,PRCP,0,,,a,
ASN00014073,19580509,PRCP,0,,,a,
ASN00014073,19580510,PRCP,0,,,a,
ASN00014073,19580511,PRCP,0,,,a,
ASN00014073,19580512,PRCP,0,,,a,
ASN00014073,19580513,PRCP,0,,,a,
ASN00014073,19580514,PRCP,0,,,a,
ASN00014073,19580515,PRCP,0,,,a,
ASN00014073,19580516,PRCP,0,,,a,
ASN00014073,19580517,PRCP,0,,,a,
ASN00014073,19580518,PRCP,0,,,a,
ASN00014073,19580519,PRCP,0,,,a,
ASN00014073,19580520,PRCP,0,,,a,
ASN00014073,19580521,PRCP,0,,,a,
ASN00014073,19580522,PRCP,0,,,a,
ASN00014073,19580523,PRCP,0,,,a,
ASN00014073,19580524,PRCP,0,,,a,
ASN00014073,19580525,PRCP,0,,,a,
ASN00014073,19580526,PRCP,0,,,a,
ASN00014073,19580527,PRCP,0,,,a,
ASN00014073,19580528,PRCP,0,,,a,
ASN00014073,19580529,PRCP,0,,,a,
ASN00014073,19580530,PRCP,0,,,a,
ASN00014073,19580531,PRCP,0,,,a,
ASN00014073,19580601,PRCP,0,,,a,
ASN00014073,19580602,PRCP,0,,,a,
ASN00014073,19580603,PRCP,0,,,a,
ASN00014073,19580604,PRCP,0,,,a,
ASN00014073,19580605,PRCP,0,,,a,
ASN00014073,19580606,PRCP,0,,,a,
ASN00014073,19580607,PRCP,0,,,a,
ASN00014073,19580608,PRCP,0,,,a,
ASN00014073,19580609,PRCP,0,,,a,
ASN00014073,19580610,PRCP,0,,,a,
ASN00014073,19580611,PRCP,0,,,a,
ASN00014073,19580612,PRCP,0,,,a,
ASN00014073,19580613,PRCP,0,,,a,
ASN00014073,19580614,PRCP,0,,,a,
ASN00014073,19580615,PRCP,0,,,a,
ASN00014073,19580616,PRCP,0,,,a,
ASN00014073,19580617,PRCP,0,,,a,
ASN00014073,19580618,PRCP,0,,,a,
ASN00014073,19580619,PRCP,0,,,a,
ASN00014073,19580620,PRCP,0,,,a,
ASN00014073,19580621,PRCP,0,,,a,
ASN00014073,19580622,PRCP,0,,,a,
ASN00014073,19580623,PRCP,0,,,a,
ASN00014073,19580624,PRCP,0,,,a,
ASN00014073,19580625,PRCP,0,,,a,
ASN00014073,19580626,PRCP,0,,,a,
ASN00014073,19580627,PRCP,0,,,a,
ASN00014073,19580628,PRCP,0,,,a,
ASN00014073,19580629,PRCP,0,,,a,
ASN00014073,19580630,PRCP,0,,,a,
ASN00014073,19580701,PRCP,0,,,a,
ASN00014073,19580702,PRCP,0,,,a,
ASN00014073,19580703,PRCP,0,,,a,
ASN00014073,19580704,PRCP,0,,,a,
ASN00014073,19580705,PRCP,0,,,a,
ASN00014073,19580706,PRCP,0,,,a,
ASN00014073,19580707,PRCP,0,,,a,
ASN00014073,19580708,PRCP,0,,,a,
ASN00014073,19580709,PRCP,0,,,a,
ASN00014073,19580710,PRCP,0,,,a,
ASN00014073,19580711,PRCP,0,,,a,
ASN00014073,19580712,PRCP,0,,,a,
ASN00014073,19580713,PRCP,0,,,a,
ASN00014073,19580714,PRCP,0,,,a,
ASN00014073,19580715,PRCP,0,,,a,
ASN00014073,19580716,PRCP,0,,,a,
ASN00014073,19580717,PRCP,0,,,a,
ASN00014073,19580718,PRCP,0,,,a,
ASN00014073,19580719,PRCP,0,,,a,
ASN00014073,19580720,PRCP,0,,,a,
ASN00014073,19580721,PRCP,0,,,a,
ASN00014073,19580722,PRCP,0,,,a,
ASN00014073,19580723,PRCP,0,,,a,
ASN00014073,19580724,PRCP,0,,,a,
ASN00014073,19580725,PRCP,0,,,a,
ASN00014073,19580726,PRCP,0,,,a,
ASN00014073,19580727,PRCP,0,,,a,
ASN00014073,19580728,PRCP,0,,,a,
ASN00014073,19580729,PRCP,0,,,a,
ASN00014073,19580730,PRCP,0,,,a,
ASN00014073,19580731,PRCP,0,,,a,
ASN00014073,19580801,PRCP,0,,,a,
ASN00014073,19580802,PRCP,0,,,a,
ASN00014073,19580803,PRCP,0,,,a,
ASN00014073,19580804,PRCP,0,,,a,
ASN00014073,19580805,PRCP,0,,,a,
ASN00014073,19580806,PRCP,0,,,a,
ASN00014073,19580807,PRCP,0,,,a,
ASN00014073,19580808,PRCP,0,,,a,
ASN00014073,19580809,PRCP,0,,,a,
ASN00014073,19580810,PRCP,0,,,a,
ASN00014073,19580811,PRCP,0,,,a,
ASN00014073,19580812,PRCP,0,,,a,
ASN00014073,19580813,PRCP,0,,,a,
ASN00014073,19580814,PRCP,0,,,a,
ASN00014073,19580815,PRCP,0,,,a,
ASN00014073,19580816,PRCP,0,,,a,
ASN00014073,19580817,PRCP,0,,,a,
ASN00014073,19580818,PRCP,0,,,a,
ASN00014073,19580819,PRCP,0,,,a,
ASN00014073,19580820,PRCP,0,,,a,
ASN00014073,19580821,PRCP,0,,,a,
ASN00014073,19580822,PRCP,0,,,a,
ASN00014073,19580823,PRCP,0,,,a,
ASN00014073,19580824,PRCP,0,,,a,
ASN00014073,19580825,PRCP,0,,,a,
ASN00014073,19580826,PRCP,0,,,a,
ASN00014073,19580827,PRCP,0,,,a,
ASN00014073,19580828,PRCP,0,,,a,
ASN00014073,19580829,PRCP,0,,,a,
ASN00014073,19580830,PRCP,0,,,a,
ASN00014073,19580831,PRCP,0,,,a,
ASN00014073,19580901,PRCP,0,,,a,
ASN00014073,19580902,PRCP,0,,,a,
ASN00014073,19580903,PRCP,0,,,a,
ASN00014073,19580904,PRCP,0,,,a,
ASN00014073,19580905,PRCP,0,,,a,
ASN00014073,19580906,PRCP,0,,,a,
ASN00014073,19580907,PRCP,0,,,a,
ASN00014073,19580908,PRCP,0,,,a,
ASN00014073,19580909,PRCP,0,,,a,
ASN00014073,19580910,PRCP,0,,,a,
ASN00014073,19580911,PRCP,0,,,a,
ASN00014073,19580912,PRCP,0,,,a,
ASN00014073,19580913,PRCP,0,,,a,
ASN00014073,19580914,PRCP,0,,,a,
ASN00014073,19580915,PRCP,0,,,a,
ASN00014073,19580916,PRCP,0,,,a,
ASN00014073,19580917,PRCP,0,,,a,
ASN00014073,19580918,PRCP,0,,,a,
ASN00014073,19580919,PRCP,0,,,a,
ASN00014073,19580920,PRCP,0,,,a,
ASN00014073,19580921,PRCP,0,,,a,
ASN00014073,19580922,PRCP,0,,,a,
ASN00014073,19580923,PRCP,0,,,a,
ASN00014073,19580924,PRCP,0,,,a,
ASN00014073,19580925,PRCP,0,,,a,
ASN00014073,19580926,PRCP,0,,,a,
ASN00014073,19580927,PRCP,0,,,a,
ASN00014073,19580928,PRCP,0,,,a,
ASN00014073,19580929,PRCP,0,,,a,
ASN00014073,19580930,PRCP,0,,,a,
ASN00014073,19581001,PRCP,28,,,a,
ASN00014073,19581002,PRCP,0,,,a,
ASN00014073,19581003,PRCP,0,,,a,
ASN00014073,19581004,PRCP,0,,,a,
ASN00014073,19581005,PRCP,0,,,a,
ASN00014073,19581006,PRCP,0,,,a,
ASN00014073,19581007,PRCP,15,,,a,
ASN00014073,19581008,PRCP,0,,,a,
ASN00014073,19581009,PRCP,0,,,a,
ASN00014073,19581010,PRCP,0,,,a,
ASN00014073,19581011,PRCP,3,,,a,
ASN00014073,19581012,PRCP,10,,,a,
ASN00014073,19581013,PRCP,0,,,a,
ASN00014073,19581014,PRCP,0,,,a,
ASN00014073,19581015,PRCP,0,,,a,
ASN00014073,19581016,PRCP,30,,,a,
ASN00014073,19581017,PRCP,0,,,a,
ASN00014073,19581018,PRCP,76,,,a,
ASN00014073,19581019,PRCP,0,,,a,
ASN00014073,19581020,PRCP,0,,,a,
ASN00014073,19581021,PRCP,0,,,a,
ASN00014073,19581022,PRCP,0,,,a,
ASN00014073,19581023,PRCP,0,,,a,
ASN00014073,19581024,PRCP,0,,,a,
ASN00014073,19581025,PRCP,0,,,a,
ASN00014073,19581026,PRCP,0,,,a,
ASN00014073,19581027,PRCP,0,,,a,
ASN00014073,19581028,PRCP,0,,,a,
ASN00014073,19581029,PRCP,0,,,a,
ASN00014073,19581030,PRCP,0,,,a,
ASN00014073,19581031,PRCP,0,,,a,
ASN00014073,19581101,PRCP,0,,,a,
ASN00014073,19581102,PRCP,0,,,a,
ASN00014073,19581103,PRCP,0,,,a,
ASN00014073,19581104,PRCP,0,,,a,
ASN00014073,19581105,PRCP,8,,,a,
ASN00014073,19581106,PRCP,0,,,a,
ASN00014073,19581107,PRCP,0,,,a,
ASN00014073,19581108,PRCP,0,,,a,
ASN00014073,19581109,PRCP,0,,,a,
ASN00014073,19581110,PRCP,0,,,a,
ASN00014073,19581111,PRCP,0,,,a,
ASN00014073,19581112,PRCP,0,,,a,
ASN00014073,19581113,PRCP,0,,,a,
ASN00014073,19581114,PRCP,0,,,a,
ASN00014073,19581115,PRCP,0,,,a,
ASN00014073,19581116,PRCP,0,,,a,
ASN00014073,19581117,PRCP,0,,,a,
ASN00014073,19581118,PRCP,0,,,a,
ASN00014073,19581119,PRCP,160,,,a,
ASN00014073,19581120,PRCP,0,,,a,
ASN00014073,19581121,PRCP,13,,,a,
ASN00014073,19581122,PRCP,0,,,a,
ASN00014073,19581123,PRCP,0,,,a,
ASN00014073,19581124,PRCP,76,,,a,
ASN00014073,19581125,PRCP,58,,,a,
ASN00014073,19581126,PRCP,18,,,a,
ASN00014073,19581127,PRCP,0,,,a,
ASN00014073,19581128,PRCP,163,,,a,
ASN00014073,19581129,PRCP,66,,,a,
ASN00014073,19581130,PRCP,15,,,a,
ASN00014073,19581201,PRCP,213,,,a,
ASN00014073,19581202,PRCP,0,,,a,
ASN00014073,19581203,PRCP,89,,,a,
ASN00014073,19581204,PRCP,0,,,a,
ASN00014073,19581205,PRCP,0,,,a,
ASN00014073,19581206,PRCP,0,,,a,
ASN00014073,19581207,PRCP,0,,,a,
ASN00014073,19581208,PRCP,0,,,a,
ASN00014073,19581209,PRCP,0,,,a,
ASN00014073,19581210,PRCP,0,,,a,
ASN00014073,19581211,PRCP,259,,,a,
ASN00014073,19581212,PRCP,99,,,a,
ASN00014073,19581213,PRCP,0,,,a,
ASN00014073,19581214,PRCP,76,,,a,
ASN00014073,19581215,PRCP,589,,,a,
ASN00014073,19581216,PRCP,18,,,a,
ASN00014073,19581217,PRCP,20,,,a,
ASN00014073,19581218,PRCP,0,,,a,
ASN00014073,19581219,PRCP,79,,,a,
ASN00014073,19581220,PRCP,79,,,a,
ASN00014073,19581221,PRCP,0,,,a,
ASN00014073,19581222,PRCP,0,,,a,
ASN00014073,19581223,PRCP,0,,,a,
ASN00014073,19581224,PRCP,0,,,a,
ASN00014073,19581225,PRCP,28,,,a,
ASN00014073,19581226,PRCP,0,,,a,
ASN00014073,19581227,PRCP,356,,,a,
ASN00014073,19581228,PRCP,0,,,a,
ASN00014073,19581229,PRCP,33,,,a,
ASN00014073,19581230,PRCP,64,,,a,
ASN00014073,19581231,PRCP,0,,,a,
ASN00014073,19590101,PRCP,25,,,a,
ASN00014073,19590102,PRCP,173,,,a,
ASN00014073,19590103,PRCP,0,,,a,
ASN00014073,19590104,PRCP,102,,,a,
ASN00014073,19590105,PRCP,8,,,a,
ASN00014073,19590106,PRCP,23,,,a,
ASN00014073,19590107,PRCP,160,,,a,
ASN00014073,19590108,PRCP,269,,,a,
ASN00014073,19590109,PRCP,114,,,a,
ASN00014073,19590110,PRCP,236,,,a,
ASN00014073,19590111,PRCP,305,,,a,
ASN00014073,19590112,PRCP,381,,,a,
ASN00014073,19590113,PRCP,0,,,a,
ASN00014073,19590114,PRCP,0,,,a,
ASN00014073,19590115,PRCP,0,,,a,
ASN00014073,19590116,PRCP,495,,,a,
ASN00014073,19590117,PRCP,0,,,a,
ASN00014073,19590118,PRCP,0,,,a,
ASN00014073,19590119,PRCP,15,,,a,
ASN00014073,19590120,PRCP,0,,,a,
ASN00014073,19590121,PRCP,0,,,a,
ASN00014073,19590122,PRCP,229,,,a,
ASN00014073,19590123,PRCP,0,,,a,
ASN00014073,19590124,PRCP,0,,,a,
ASN00014073,19590125,PRCP,0,,,a,
ASN00014073,19590126,PRCP,0,,,a,
ASN00014073,19590127,PRCP,0,,,a,
ASN00014073,19590128,PRCP,0,,,a,
ASN00014073,19590129,PRCP,76,,,a,
ASN00014073,19590130,PRCP,0,,,a,
ASN00014073,19590131,PRCP,0,,,a,
ASN00014073,19590201,PRCP,74,,,a,
ASN00014073,19590202,PRCP,76,,,a,
ASN00014073,19590203,PRCP,46,,,a,
ASN00014073,19590204,PRCP,198,,,a,
ASN00014073,19590205,PRCP,13,,,a,
ASN00014073,19590206,PRCP,64,,,a,
ASN00014073,19590207,PRCP,0,,,a,
ASN00014073,19590208,PRCP,38,,,a,
ASN00014073,19590209,PRCP,0,,,a,
ASN00014073,19590210,PRCP,0,,,a,
ASN00014073,19590211,PRCP,0,,,a,
ASN00014073,19590212,PRCP,0,,,a,
ASN00014073,19590213,PRCP,0,,,a,
ASN00014073,19590214,PRCP,0,,,a,
ASN00014073,19590215,PRCP,56,,,a,
ASN00014073,19590216,PRCP,0,,,a,
ASN00014073,19590217,PRCP,0,,,a,
ASN00014073,19590218,PRCP,0,,,a,
ASN00014073,19590219,PRCP,0,,,a,
ASN00014073,19590220,PRCP,0,,,a,
ASN00014073,19590221,PRCP,0,,,a,
ASN00014073,19590222,PRCP,13,,,a,
ASN00014073,19590223,PRCP,0,,,a,
ASN00014073,19590224,PRCP,559,,,a,
ASN00014073,19590225,PRCP,0,,,a,
ASN00014073,19590226,PRCP,0,,,a,
ASN00014073,19590227,PRCP,0,,,a,
ASN00014073,19590228,PRCP,0,,,a,
ASN00014073,19590301,PRCP,0,,,a,
ASN00014073,19590302,PRCP,0,,,a,
ASN00014073,19590303,PRCP,0,,,a,
ASN00014073,19590304,PRCP,0,,,a,
ASN00014073,19590305,PRCP,0,,,a,
ASN00014073,19590306,PRCP,0,,,a,
ASN00014073,19590307,PRCP,0,,,a,
ASN00014073,19590308,PRCP,0,,,a,
ASN00014073,19590309,PRCP,0,,,a,
ASN00014073,19590310,PRCP,0,,,a,
ASN00014073,19590311,PRCP,0,,,a,
ASN00014073,19590312,PRCP,0,,,a,
ASN00014073,19590313,PRCP,0,,,a,
ASN00014073,19590314,PRCP,0,,,a,
ASN00014073,19590315,PRCP,0,,,a,
ASN00014073,19590316,PRCP,0,,,a,
ASN00014073,19590317,PRCP,0,,,a,
ASN00014073,19590318,PRCP,114,,,a,
ASN00014073,19590319,PRCP,0,,,a,
ASN00014073,19590320,PRCP,61,,,a,
ASN00014073,19590321,PRCP,0,,,a,
ASN00014073,19590322,PRCP,0,,,a,
ASN00014073,19590323,PRCP,0,,,a,
ASN00014073,19590324,PRCP,0,,,a,
ASN00014073,19590325,PRCP,0,,,a,
ASN00014073,19590326,PRCP,0,,,a,
ASN00014073,19590327,PRCP,0,,,a,
ASN00014073,19590328,PRCP,163,,,a,
ASN00014073,19590329,PRCP,0,,,a,
ASN00014073,19590330,PRCP,0,,,a,
ASN00014073,19590331,PRCP,23,,,a,
ASN00014073,19590401,PRCP,0,,,a,
ASN00014073,19590402,PRCP,361,,,a,
ASN00014073,19590403,PRCP,99,,,a,
ASN00014073,19590404,PRCP,734,,,a,
ASN00014073,19590405,PRCP,1453,,,a,
ASN00014073,19590406,PRCP,475,,,a,
ASN00014073,19590407,PRCP,79,,,a,
ASN00014073,19590408,PRCP,5,,,a,
ASN00014073,19590409,PRCP,25,,,a,
ASN00014073,19590410,PRCP,5,,,a,
ASN00014073,19590411,PRCP,0,,,a,
ASN00014073,19590412,PRCP,0,,,a,
ASN00014073,19590413,PRCP,0,,,a,
ASN00014073,19590414,PRCP,0,,,a,
ASN00014073,19590415,PRCP,0,,,a,
ASN00014073,19590416,PRCP,0,,,a,
ASN00014073,19590417,PRCP,0,,,a,
ASN00014073,19590418,PRCP,0,,,a,
ASN00014073,19590419,PRCP,119,,,a,
ASN00014073,19590420,PRCP,84,,,a,
ASN00014073,19590421,PRCP,0,,,a,
ASN00014073,19590422,PRCP,0,,,a,
ASN00014073,19590423,PRCP,0,,,a,
ASN00014073,19590424,PRCP,0,,,a,
ASN00014073,19590425,PRCP,0,,,a,
ASN00014073,19590426,PRCP,0,,,a,
ASN00014073,19590427,PRCP,0,,,a,
ASN00014073,19590428,PRCP,0,,,a,
ASN00014073,19590429,PRCP,0,,,a,
ASN00014073,19590430,PRCP,0,,,a,
ASN00014073,19590501,PRCP,0,,,a,
ASN00014073,19590502,PRCP,0,,,a,
ASN00014073,19590503,PRCP,0,,,a,
ASN00014073,19590504,PRCP,0,,,a,
ASN00014073,19590505,PRCP,0,,,a,
ASN00014073,19590506,PRCP,0,,,a,
ASN00014073,19590507,PRCP,0,,,a,
ASN00014073,19590508,PRCP,0,,,a,
ASN00014073,19590509,PRCP,0,,,a,
ASN00014073,19590510,PRCP,0,,,a,
ASN00014073,19590511,PRCP,0,,,a,
ASN00014073,19590512,PRCP,0,,,a,
ASN00014073,19590513,PRCP,0,,,a,
ASN00014073,19590514,PRCP,0,,,a,
ASN00014073,19590515,PRCP,0,,,a,
ASN00014073,19590516,PRCP,0,,,a,
ASN00014073,19590517,PRCP,0,,,a,
ASN00014073,19590518,PRCP,0,,,a,
ASN00014073,19590519,PRCP,0,,,a,
ASN00014073,19590520,PRCP,0,,,a,
ASN00014073,19590521,PRCP,0,,,a,
ASN00014073,19590522,PRCP,0,,,a,
ASN00014073,19590523,PRCP,0,,,a,
ASN00014073,19590524,PRCP,0,,,a,
ASN00014073,19590525,PRCP,0,,,a,
ASN00014073,19590526,PRCP,0,,,a,
ASN00014073,19590527,PRCP,0,,,a,
ASN00014073,19590528,PRCP,0,,,a,
ASN00014073,19590529,PRCP,0,,,a,
ASN00014073,19590530,PRCP,0,,,a,
ASN00014073,19590531,PRCP,0,,,a,
ASN00014073,19590601,PRCP,0,,,a,
ASN00014073,19590602,PRCP,0,,,a,
ASN00014073,19590603,PRCP,0,,,a,
ASN00014073,19590604,PRCP,0,,,a,
ASN00014073,19590605,PRCP,0,,,a,
ASN00014073,19590606,PRCP,0,,,a,
ASN00014073,19590607,PRCP,0,,,a,
ASN00014073,19590608,PRCP,0,,,a,
ASN00014073,19590609,PRCP,0,,,a,
ASN00014073,19590610,PRCP,0,,,a,
ASN00014073,19590611,PRCP,0,,,a,
ASN00014073,19590612,PRCP,0,,,a,
ASN00014073,19590613,PRCP,0,,,a,
ASN00014073,19590614,PRCP,0,,,a,
ASN00014073,19590615,PRCP,0,,,a,
ASN00014073,19590616,PRCP,0,,,a,
ASN00014073,19590617,PRCP,0,,,a,
ASN00014073,19590618,PRCP,0,,,a,
ASN00014073,19590619,PRCP,0,,,a,
ASN00014073,19590620,PRCP,0,,,a,
ASN00014073,19590621,PRCP,0,,,a,
ASN00014073,19590622,PRCP,0,,,a,
ASN00014073,19590623,PRCP,0,,,a,
ASN00014073,19590624,PRCP,0,,,a,
ASN00014073,19590625,PRCP,0,,,a,
ASN00014073,19590626,PRCP,0,,,a,
ASN00014073,19590627,PRCP,0,,,a,
ASN00014073,19590628,PRCP,0,,,a,
ASN00014073,19590629,PRCP,0,,,a,
ASN00014073,19590630,PRCP,0,,,a,
ASN00014073,19590701,PRCP,0,,,a,
ASN00014073,19590702,PRCP,0,,,a,
ASN00014073,19590703,PRCP,0,,,a,
ASN00014073,19590704,PRCP,0,,,a,
ASN00014073,19590705,PRCP,0,,,a,
ASN00014073,19590706,PRCP,0,,,a,
ASN00014073,19590707,PRCP,0,,,a,
ASN00014073,19590708,PRCP,0,,,a,
ASN00014073,19590709,PRCP,0,,,a,
ASN00014073,19590710,PRCP,0,,,a,
ASN00014073,19590711,PRCP,0,,,a,
ASN00014073,19590712,PRCP,0,,,a,
ASN00014073,19590713,PRCP,0,,,a,
ASN00014073,19590714,PRCP,0,,,a,
ASN00014073,19590715,PRCP,0,,,a,
ASN00014073,19590716,PRCP,0,,,a,
ASN00014073,19590717,PRCP,0,,,a,
ASN00014073,19590718,PRCP,0,,,a,
ASN00014073,19590719,PRCP,0,,,a,
ASN00014073,19590720,PRCP,0,,,a,
ASN00014073,19590721,PRCP,0,,,a,
ASN00014073,19590722,PRCP,0,,,a,
ASN00014073,19590723,PRCP,0,,,a,
ASN00014073,19590724,PRCP,0,,,a,
ASN00014073,19590725,PRCP,0,,,a,
ASN00014073,19590726,PRCP,0,,,a,
ASN00014073,19590727,PRCP,0,,,a,
ASN00014073,19590728,PRCP,0,,,a,
ASN00014073,19590729,PRCP,0,,,a,
ASN00014073,19590730,PRCP,0,,,a,
ASN00014073,19590731,PRCP,0,,,a,
ASN00014073,19590801,PRCP,0,,,a,
ASN00014073,19590802,PRCP,0,,,a,
ASN00014073,19590803,PRCP,0,,,a,
ASN00014073,19590804,PRCP,0,,,a,
ASN00014073,19590805,PRCP,0,,,a,
ASN00014073,19590806,PRCP,0,,,a,
ASN00014073,19590807,PRCP,0,,,a,
ASN00014073,19590808,PRCP,0,,,a,
ASN00014073,19590809,PRCP,0,,,a,
ASN00014073,19590810,PRCP,0,,,a,
ASN00014073,19590811,PRCP,0,,,a,
ASN00014073,19590812,PRCP,0,,,a,
ASN00014073,19590813,PRCP,0,,,a,
ASN00014073,19590814,PRCP,0,,,a,
ASN00014073,19590815,PRCP,0,,,a,
ASN00014073,19590816,PRCP,0,,,a,
ASN00014073,19590817,PRCP,0,,,a,
ASN00014073,19590818,PRCP,0,,,a,
ASN00014073,19590819,PRCP,0,,,a,
ASN00014073,19590820,PRCP,0,,,a,
ASN00014073,19590821,PRCP,0,,,a,
ASN00014073,19590822,PRCP,0,,,a,
ASN00014073,19590823,PRCP,0,,,a,
ASN00014073,19590824,PRCP,0,,,a,
ASN00014073,19590825,PRCP,0,,,a,
ASN00014073,19590826,PRCP,0,,,a,
ASN00014073,19590827,PRCP,0,,,a,
ASN00014073,19590828,PRCP,0,,,a,
ASN00014073,19590829,PRCP,0,,,a,
ASN00014073,19590830,PRCP,0,,,a,
ASN00014073,19590831,PRCP,0,,,a,
ASN00014073,19591001,PRCP,0,,,a,
ASN00014073,19591002,PRCP,0,,,a,
ASN00014073,19591003,PRCP,0,,,a,
ASN00014073,19591004,PRCP,0,,,a,
ASN00014073,19591005,PRCP,0,,,a,
ASN00014073,19591006,PRCP,318,,,a,
ASN00014073,19591007,PRCP,0,,,a,
ASN00014073,19591008,PRCP,0,,,a,
ASN00014073,19591009,PRCP,0,,,a,
ASN00014073,19591010,PRCP,15,,,a,
ASN00014073,19591011,PRCP,0,,,a,
ASN00014073,19591012,PRCP,0,,,a,
ASN00014073,19591013,PRCP,0,,,a,
ASN00014073,19591014,PRCP,0,,,a,
ASN00014073,19591015,PRCP,0,,,a,
ASN00014073,19591016,PRCP,0,,,a,
ASN00014073,19591017,PRCP,0,,,a,
ASN00014073,19591018,PRCP,0,,,a,
ASN00014073,19591019,PRCP,0,,,a,
ASN00014073,19591020,PRCP,0,,,a,
ASN00014073,19591021,PRCP,20,,,a,
ASN00014073,19591022,PRCP,0,,,a,
ASN00014073,19591023,PRCP,0,,,a,
ASN00014073,19591024,PRCP,0,,,a,
ASN00014073,19591025,PRCP,0,,,a,
ASN00014073,19591026,PRCP,8,,,a,
ASN00014073,19591027,PRCP,0,,,a,
ASN00014073,19591028,PRCP,0,,,a,
ASN00014073,19591029,PRCP,0,,,a,
ASN00014073,19591030,PRCP,0,,,a,
ASN00014073,19591031,PRCP,0,,,a,
ASN00014073,19610901,PRCP,0,,,a,
ASN00014073,19610902,PRCP,0,,,a,
ASN00014073,19610903,PRCP,0,,,a,
ASN00014073,19610904,PRCP,0,,,a,
ASN00014073,19610905,PRCP,0,,,a,
ASN00014073,19610906,PRCP,0,,,a,
ASN00014073,19610907,PRCP,0,,,a,
ASN00014073,19610908,PRCP,0,,,a,
ASN00014073,19610909,PRCP,0,,,a,
ASN00014073,19610910,PRCP,0,,,a,
ASN00014073,19610911,PRCP,0,,,a,
ASN00014073,19610912,PRCP,0,,,a,
ASN00014073,19610913,PRCP,0,,,a,
ASN00014073,19610914,PRCP,0,,,a,
ASN00014073,19610915,PRCP,0,,,a,
ASN00014073,19610916,PRCP,0,,,a,
ASN00014073,19610917,PRCP,0,,,a,
ASN00014073,19610918,PRCP,0,,,a,
ASN00014073,19610919,PRCP,0,,,a,
ASN00014073,19610920,PRCP,0,,,a,
ASN00014073,19610921,PRCP,0,,,a,
ASN00014073,19610922,PRCP,0,,,a,
ASN00014073,19610923,PRCP,0,,,a,
ASN00014073,19610924,PRCP,0,,,a,
ASN00014073,19610925,PRCP,0,,,a,
ASN00014073,19610926,PRCP,0,,,a,
ASN00014073,19610927,PRCP,0,,,a,
ASN00014073,19610928,PRCP,18,,,a,
ASN00014073,19610929,PRCP,0,,,a,
ASN00014073,19610930,PRCP,0,,,a,
ASN00014073,19611001,PRCP,0,,,a,
ASN00014073,19611002,PRCP,0,,,a,
ASN00014073,19611003,PRCP,0,,,a,
ASN00014073,19611004,PRCP,0,,,a,
ASN00014073,19611005,PRCP,0,,,a,
ASN00014073,19611006,PRCP,0,,,a,
ASN00014073,19611007,PRCP,0,,,a,
ASN00014073,19611008,PRCP,0,,,a,
ASN00014073,19611009,PRCP,0,,,a,
ASN00014073,19611010,PRCP,0,,,a,
ASN00014073,19611011,PRCP,0,,,a,
ASN00014073,19611012,PRCP,0,,,a,
ASN00014073,19611013,PRCP,0,,,a,
ASN00014073,19611014,PRCP,0,,,a,
ASN00014073,19611015,PRCP,0,,,a,
ASN00014073,19611016,PRCP,0,,,a,
ASN00014073,19611017,PRCP,0,,,a,
ASN00014073,19611018,PRCP,0,,,a,
ASN00014073,19611019,PRCP,0,,,a,
ASN00014073,19611020,PRCP,0,,,a,
ASN00014073,19611021,PRCP,0,,,a,
ASN00014073,19611022,PRCP,0,,,a,
ASN00014073,19611023,PRCP,28,,,a,
ASN00014073,19611024,PRCP,0,,,a,
ASN00014073,19611025,PRCP,0,,,a,
ASN00014073,19611026,PRCP,0,,,a,
ASN00014073,19611027,PRCP,0,,,a,
ASN00014073,19611028,PRCP,0,,,a,
ASN00014073,19611029,PRCP,0,,,a,
ASN00014073,19611030,PRCP,211,,,a,
ASN00014073,19611031,PRCP,0,,,a,
ASN00014073,19611101,PRCP,0,,,a,
ASN00014073,19611102,PRCP,0,,,a,
ASN00014073,19611103,PRCP,41,,,a,
ASN00014073,19611104,PRCP,41,,,a,
ASN00014073,19611105,PRCP,0,,,a,
ASN00014073,19611106,PRCP,0,,,a,
ASN00014073,19611107,PRCP,0,,,a,
ASN00014073,19611108,PRCP,0,,,a,
ASN00014073,19611109,PRCP,310,,,a,
ASN00014073,19611110,PRCP,13,,,a,
ASN00014073,19611111,PRCP,699,,,a,
ASN00014073,19611112,PRCP,216,,,a,
ASN00014073,19611113,PRCP,124,,,a,
ASN00014073,19611114,PRCP,0,,,a,
ASN00014073,19611115,PRCP,0,,,a,
ASN00014073,19611116,PRCP,0,,,a,
ASN00014073,19611117,PRCP,0,,,a,
ASN00014073,19611118,PRCP,0,,,a,
ASN00014073,19611119,PRCP,0,,,a,
ASN00014073,19611120,PRCP,0,,,a,
ASN00014073,19611121,PRCP,0,,,a,
ASN00014073,19611122,PRCP,0,,,a,
ASN00014073,19611123,PRCP,140,,,a,
ASN00014073,19611124,PRCP,0,,,a,
ASN00014073,19611125,PRCP,0,,,a,
ASN00014073,19611126,PRCP,0,,,a,
ASN00014073,19611127,PRCP,0,,,a,
ASN00014073,19611128,PRCP,0,,,a,
ASN00014073,19611129,PRCP,495,,,a,
ASN00014073,19611130,PRCP,0,,,a,
ASN00014073,19611201,PRCP,0,,,a,
ASN00014073,19611202,PRCP,0,,,a,
ASN00014073,19611203,PRCP,0,,,a,
ASN00014073,19611204,PRCP,0,,,a,
ASN00014073,19611205,PRCP,0,,,a,
ASN00014073,19611206,PRCP,71,,,a,
ASN00014073,19611207,PRCP,0,,,a,
ASN00014073,19611208,PRCP,292,,,a,
ASN00014073,19611209,PRCP,0,,,a,
ASN00014073,19611210,PRCP,0,,,a,
ASN00014073,19611211,PRCP,0,,,a,
ASN00014073,19611212,PRCP,0,,,a,
ASN00014073,19611213,PRCP,71,,,a,
ASN00014073,19611214,PRCP,0,,,a,
ASN00014073,19611215,PRCP,0,,,a,
ASN00014073,19611216,PRCP,0,,,a,
ASN00014073,19611217,PRCP,0,,,a,
ASN00014073,19611218,PRCP,102,,,a,
ASN00014073,19611219,PRCP,84,,,a,
ASN00014073,19611220,PRCP,0,,,a,
ASN00014073,19611221,PRCP,0,,,a,
ASN00014073,19611222,PRCP,0,,,a,
ASN00014073,19611223,PRCP,0,,,a,
ASN00014073,19611224,PRCP,0,,,a,
ASN00014073,19611225,PRCP,0,,,a,
ASN00014073,19611226,PRCP,0,,,a,
ASN00014073,19611227,PRCP,0,,,a,
ASN00014073,19611228,PRCP,0,,,a,
ASN00014073,19611229,PRCP,0,,,a,
ASN00014073,19611230,PRCP,0,,,a,
ASN00014073,19611231,PRCP,36,,,a,
ASN00014073,19620101,PRCP,97,,,a,
ASN00014073,19620102,PRCP,0,,,a,
ASN00014073,19620103,PRCP,0,,,a,
ASN00014073,19620104,PRCP,0,,,a,
ASN00014073,19620105,PRCP,356,,,a,
ASN00014073,19620106,PRCP,396,,,a,
ASN00014073,19620107,PRCP,0,,,a,
ASN00014073,19620108,PRCP,0,,,a,
ASN00014073,19620109,PRCP,239,,,a,
ASN00014073,19620110,PRCP,56,,,a,
ASN00014073,19620111,PRCP,76,,,a,
ASN00014073,19620112,PRCP,0,,,a,
ASN00014073,19620113,PRCP,0,,,a,
ASN00014073,19620114,PRCP,114,,,a,
ASN00014073,19620115,PRCP,0,,,a,
ASN00014073,19620116,PRCP,0,,,a,
ASN00014073,19620117,PRCP,71,,,a,
ASN00014073,19620118,PRCP,0,,,a,
ASN00014073,19620119,PRCP,102,,,a,
ASN00014073,19620120,PRCP,114,,,a,
ASN00014073,19620121,PRCP,0,,,a,
ASN00014073,19620122,PRCP,191,,,a,
ASN00014073,19620123,PRCP,46,,,a,
ASN00014073,19620124,PRCP,0,,,a,
ASN00014073,19620125,PRCP,0,,,a,
ASN00014073,19620126,PRCP,23,,,a,
ASN00014073,19620127,PRCP,8,,,a,
ASN00014073,19620128,PRCP,0,,,a,
ASN00014073,19620129,PRCP,0,,,a,
ASN00014073,19620130,PRCP,56,,,a,
ASN00014073,19620131,PRCP,257,,,a,
ASN00014073,19620201,PRCP,130,,,a,
ASN00014073,19620202,PRCP,234,,,a,
ASN00014073,19620203,PRCP,66,,,a,
ASN00014073,19620204,PRCP,0,,,a,
ASN00014073,19620205,PRCP,0,,,a,
ASN00014073,19620206,PRCP,3,,,a,
ASN00014073,19620207,PRCP,165,,,a,
ASN00014073,19620208,PRCP,366,,,a,
ASN00014073,19620209,PRCP,0,,,a,
ASN00014073,19620210,PRCP,18,,,a,
ASN00014073,19620211,PRCP,0,,,a,
ASN00014073,19620212,PRCP,0,,,a,
ASN00014073,19620213,PRCP,0,,,a,
ASN00014073,19620214,PRCP,511,,,a,
ASN00014073,19620215,PRCP,160,,,a,
ASN00014073,19620216,PRCP,130,,,a,
ASN00014073,19620217,PRCP,25,,,a,
ASN00014073,19620218,PRCP,0,,,a,
ASN00014073,19620219,PRCP,0,,,a,
ASN00014073,19620220,PRCP,0,,,a,
ASN00014073,19620221,PRCP,267,,,a,
ASN00014073,19620222,PRCP,41,,,a,
ASN00014073,19620223,PRCP,0,,,a,
ASN00014073,19620224,PRCP,0,,,a,
ASN00014073,19620225,PRCP,0,,,a,
ASN00014073,19620226,PRCP,0,,,a,
ASN00014073,19620227,PRCP,25,,,a,
ASN00014073,19620228,PRCP,36,,,a,
ASN00014073,19620301,PRCP,36,,,a,
ASN00014073,19620302,PRCP,0,,,a,
ASN00014073,19620303,PRCP,0,,,a,
ASN00014073,19620304,PRCP,0,,,a,
ASN00014073,19620305,PRCP,0,,,a,
ASN00014073,19620306,PRCP,0,,,a,
ASN00014073,19620307,PRCP,0,,,a,
ASN00014073,19620308,PRCP,0,,,a,
ASN00014073,19620309,PRCP,0,,,a,
ASN00014073,19620310,PRCP,0,,,a,
ASN00014073,19620311,PRCP,0,,,a,
ASN00014073,19620312,PRCP,0,,,a,
ASN00014073,19620313,PRCP,0,,,a,
ASN00014073,19620314,PRCP,0,,,a,
ASN00014073,19620315,PRCP,0,,,a,
ASN00014073,19620316,PRCP,0,,,a,
ASN00014073,19620317,PRCP,66,,,a,
ASN00014073,19620318,PRCP,0,,,a,
ASN00014073,19620319,PRCP,0,,,a,
ASN00014073,19620320,PRCP,0,,,a,
ASN00014073,19620321,PRCP,0,,,a,
ASN00014073,19620322,PRCP,0,,,a,
ASN00014073,19620323,PRCP,0,,,a,
ASN00014073,19620324,PRCP,0,,,a,
ASN00014073,19620325,PRCP,0,,,a,
ASN00014073,19620326,PRCP,0,,,a,
ASN00014073,19620327,PRCP,0,,,a,
ASN00014073,19620328,PRCP,0,,,a,
ASN00014073,19620329,PRCP,0,,,a,
ASN00014073,19620330,PRCP,0,,,a,
ASN00014073,19620331,PRCP,0,,,a,
ASN00014073,19620401,PRCP,0,,,a,
ASN00014073,19620402,PRCP,0,,,a,
ASN00014073,19620403,PRCP,0,,,a,
ASN00014073,19620404,PRCP,0,,,a,
ASN00014073,19620405,PRCP,0,,,a,
ASN00014073,19620406,PRCP,0,,,a,
ASN00014073,19620407,PRCP,0,,,a,
ASN00014073,19620408,PRCP,0,,,a,
ASN00014073,19620409,PRCP,0,,,a,
ASN00014073,19620410,PRCP,0,,,a,
ASN00014073,19620411,PRCP,0,,,a,
ASN00014073,19620412,PRCP,0,,,a,
ASN00014073,19620413,PRCP,0,,,a,
ASN00014073,19620414,PRCP,0,,,a,
ASN00014073,19620415,PRCP,0,,,a,
ASN00014073,19620416,PRCP,0,,,a,
ASN00014073,19620417,PRCP,0,,,a,
ASN00014073,19620418,PRCP,0,,,a,
ASN00014073,19620419,PRCP,0,,,a,
ASN00014073,19620420,PRCP,0,,,a,
ASN00014073,19620421,PRCP,0,,,a,
ASN00014073,19620422,PRCP,0,,,a,
ASN00014073,19620423,PRCP,0,,,a,
ASN00014073,19620424,PRCP,0,,,a,
ASN00014073,19620425,PRCP,0,,,a,
ASN00014073,19620426,PRCP,0,,,a,
ASN00014073,19620427,PRCP,0,,,a,
ASN00014073,19620428,PRCP,0,,,a,
ASN00014073,19620429,PRCP,0,,,a,
ASN00014073,19620430,PRCP,0,,,a,
ASN00014073,19620501,PRCP,0,,,a,
ASN00014073,19620502,PRCP,0,,,a,
ASN00014073,19620503,PRCP,0,,,a,
ASN00014073,19620504,PRCP,0,,,a,
ASN00014073,19620505,PRCP,0,,,a,
ASN00014073,19620506,PRCP,0,,,a,
ASN00014073,19620507,PRCP,0,,,a,
ASN00014073,19620508,PRCP,0,,,a,
ASN00014073,19620509,PRCP,0,,,a,
ASN00014073,19620510,PRCP,0,,,a,
ASN00014073,19620511,PRCP,0,,,a,
ASN00014073,19620512,PRCP,0,,,a,
ASN00014073,19620513,PRCP,0,,,a,
ASN00014073,19620514,PRCP,0,,,a,
ASN00014073,19620515,PRCP,0,,,a,
ASN00014073,19620516,PRCP,0,,,a,
ASN00014073,19620517,PRCP,0,,,a,
ASN00014073,19620518,PRCP,0,,,a,
ASN00014073,19620519,PRCP,0,,,a,
ASN00014073,19620520,PRCP,0,,,a,
ASN00014073,19620521,PRCP,0,,,a,
ASN00014073,19620522,PRCP,0,,,a,
ASN00014073,19620523,PRCP,0,,,a,
ASN00014073,19620524,PRCP,0,,,a,
ASN00014073,19620525,PRCP,0,,,a,
ASN00014073,19620526,PRCP,0,,,a,
ASN00014073,19620527,PRCP,0,,,a,
ASN00014073,19620528,PRCP,0,,,a,
ASN00014073,19620529,PRCP,0,,,a,
ASN00014073,19620530,PRCP,0,,,a,
ASN00014073,19620531,PRCP,0,,,a,
ASN00014073,19620601,PRCP,0,,,a,
ASN00014073,19620602,PRCP,0,,,a,
ASN00014073,19620603,PRCP,0,,,a,
ASN00014073,19620604,PRCP,0,,,a,
ASN00014073,19620605,PRCP,0,,,a,
ASN00014073,19620606,PRCP,0,,,a,
ASN00014073,19620607,PRCP,0,,,a,
ASN00014073,19620608,PRCP,0,,,a,
ASN00014073,19620609,PRCP,0,,,a,
ASN00014073,19620610,PRCP,0,,,a,
ASN00014073,19620611,PRCP,0,,,a,
ASN00014073,19620612,PRCP,0,,,a,
ASN00014073,19620613,PRCP,0,,,a,
ASN00014073,19620614,PRCP,0,,,a,
ASN00014073,19620615,PRCP,0,,,a,
ASN00014073,19620616,PRCP,0,,,a,
ASN00014073,19620617,PRCP,0,,,a,
ASN00014073,19620618,PRCP,0,,,a,
ASN00014073,19620619,PRCP,0,,,a,
ASN00014073,19620620,PRCP,0,,,a,
ASN00014073,19620621,PRCP,0,,,a,
ASN00014073,19620622,PRCP,0,,,a,
ASN00014073,19620623,PRCP,0,,,a,
ASN00014073,19620624,PRCP,0,,,a,
ASN00014073,19620625,PRCP,0,,,a,
ASN00014073,19620626,PRCP,0,,,a,
ASN00014073,19620627,PRCP,0,,,a,
ASN00014073,19620628,PRCP,0,,,a,
ASN00014073,19620629,PRCP,0,,,a,
ASN00014073,19620630,PRCP,0,,,a,
ASN00014073,19620701,PRCP,0,,,a,
ASN00014073,19620702,PRCP,0,,,a,
ASN00014073,19620703,PRCP,0,,,a,
ASN00014073,19620704,PRCP,0,,,a,
ASN00014073,19620705,PRCP,0,,,a,
ASN00014073,19620706,PRCP,0,,,a,
ASN00014073,19620707,PRCP,0,,,a,
ASN00014073,19620708,PRCP,0,,,a,
ASN00014073,19620709,PRCP,0,,,a,
ASN00014073,19620710,PRCP,0,,,a,
ASN00014073,19620711,PRCP,0,,,a,
ASN00014073,19620712,PRCP,0,,,a,
ASN00014073,19620713,PRCP,0,,,a,
ASN00014073,19620714,PRCP,0,,,a,
ASN00014073,19620715,PRCP,10,,,a,
ASN00014073,19620716,PRCP,0,,,a,
ASN00014073,19620717,PRCP,0,,,a,
ASN00014073,19620718,PRCP,0,,,a,
ASN00014073,19620719,PRCP,0,,,a,
ASN00014073,19620720,PRCP,0,,,a,
ASN00014073,19620721,PRCP,0,,,a,
ASN00014073,19620722,PRCP,0,,,a,
ASN00014073,19620723,PRCP,0,,,a,
ASN00014073,19620724,PRCP,0,,,a,
ASN00014073,19620725,PRCP,0,,,a,
ASN00014073,19620726,PRCP,0,,,a,
ASN00014073,19620727,PRCP,0,,,a,
ASN00014073,19620728,PRCP,0,,,a,
ASN00014073,19620729,PRCP,0,,,a,
ASN00014073,19620730,PRCP,0,,,a,
ASN00014073,19620731,PRCP,0,,,a,
ASN00014073,19620801,PRCP,0,,,a,
ASN00014073,19620802,PRCP,0,,,a,
ASN00014073,19620803,PRCP,0,,,a,
ASN00014073,19620804,PRCP,0,,,a,
ASN00014073,19620805,PRCP,0,,,a,
ASN00014073,19620806,PRCP,0,,,a,
ASN00014073,19620807,PRCP,0,,,a,
ASN00014073,19620808,PRCP,0,,,a,
ASN00014073,19620809,PRCP,0,,,a,
ASN00014073,19620810,PRCP,0,,,a,
ASN00014073,19620811,PRCP,0,,,a,
ASN00014073,19620812,PRCP,0,,,a,
ASN00014073,19620813,PRCP,0,,,a,
ASN00014073,19620814,PRCP,0,,,a,
ASN00014073,19620815,PRCP,0,,,a,
ASN00014073,19620816,PRCP,0,,,a,
ASN00014073,19620817,PRCP,0,,,a,
ASN00014073,19620818,PRCP,0,,,a,
ASN00014073,19620819,PRCP,0,,,a,
ASN00014073,19620820,PRCP,0,,,a,
ASN00014073,19620821,PRCP,0,,,a,
ASN00014073,19620822,PRCP,0,,,a,
ASN00014073,19620823,PRCP,0,,,a,
ASN00014073,19620824,PRCP,0,,,a,
ASN00014073,19620825,PRCP,0,,,a,
ASN00014073,19620826,PRCP,0,,,a,
ASN00014073,19620827,PRCP,0,,,a,
ASN00014073,19620828,PRCP,0,,,a,
ASN00014073,19620829,PRCP,0,,,a,
ASN00014073,19620830,PRCP,0,,,a,
ASN00014073,19620831,PRCP,0,,,a,
ASN00014073,19620901,PRCP,0,,,a,
ASN00014073,19620902,PRCP,0,,,a,
ASN00014073,19620903,PRCP,0,,,a,
ASN00014073,19620904,PRCP,0,,,a,
ASN00014073,19620905,PRCP,0,,,a,
ASN00014073,19620906,PRCP,0,,,a,
ASN00014073,19620907,PRCP,0,,,a,
ASN00014073,19620908,PRCP,0,,,a,
ASN00014073,19620909,PRCP,0,,,a,
ASN00014073,19620910,PRCP,0,,,a,
ASN00014073,19620911,PRCP,0,,,a,
ASN00014073,19620912,PRCP,0,,,a,
ASN00014073,19620913,PRCP,0,,,a,
ASN00014073,19620914,PRCP,41,,,a,
ASN00014073,19620915,PRCP,20,,,a,
ASN00014073,19620916,PRCP,0,,,a,
ASN00014073,19620917,PRCP,0,,,a,
ASN00014073,19620918,PRCP,0,,,a,
ASN00014073,19620919,PRCP,0,,,a,
ASN00014073,19620920,PRCP,0,,,a,
ASN00014073,19620921,PRCP,0,,,a,
ASN00014073,19620922,PRCP,0,,,a,
ASN00014073,19620923,PRCP,0,,,a,
ASN00014073,19620924,PRCP,0,,,a,
ASN00014073,19620925,PRCP,0,,,a,
ASN00014073,19620926,PRCP,0,,,a,
ASN00014073,19620927,PRCP,0,,,a,
ASN00014073,19620928,PRCP,0,,,a,
ASN00014073,19620929,PRCP,0,,,a,
ASN00014073,19620930,PRCP,0,,,a,
ASN00014073,19621001,PRCP,0,,,a,
ASN00014073,19621002,PRCP,0,,,a,
ASN00014073,19621003,PRCP,0,,,a,
ASN00014073,19621004,PRCP,0,,,a,
ASN00014073,19621005,PRCP,0,,,a,
ASN00014073,19621006,PRCP,0,,,a,
ASN00014073,19621007,PRCP,0,,,a,
ASN00014073,19621008,PRCP,0,,,a,
ASN00014073,19621009,PRCP,0,,,a,
ASN00014073,19621010,PRCP,0,,,a,
ASN00014073,19621011,PRCP,0,,,a,
ASN00014073,19621012,PRCP,0,,,a,
ASN00014073,19621013,PRCP,0,,,a,
ASN00014073,19621014,PRCP,0,,,a,
ASN00014073,19621015,PRCP,0,,,a,
ASN00014073,19621016,PRCP,0,,,a,
ASN00014073,19621017,PRCP,13,,,a,
ASN00014073,19621018,PRCP,0,,,a,
ASN00014073,19621019,PRCP,0,,,a,
ASN00014073,19621020,PRCP,127,,,a,
ASN00014073,19621021,PRCP,0,,,a,
ASN00014073,19621022,PRCP,0,,,a,
ASN00014073,19621023,PRCP,0,,,a,
ASN00014073,19621024,PRCP,0,,,a,
ASN00014073,19621025,PRCP,0,,,a,
ASN00014073,19621026,PRCP,64,,,a,
ASN00014073,19621027,PRCP,0,,,a,
ASN00014073,19621028,PRCP,25,,,a,
ASN00014073,19621029,PRCP,10,,,a,
ASN00014073,19621030,PRCP,119,,,a,
ASN00014073,19621031,PRCP,254,,,a,
ASN00014073,19621101,PRCP,0,,,a,
ASN00014073,19621102,PRCP,20,,,a,
ASN00014073,19621103,PRCP,0,,,a,
ASN00014073,19621104,PRCP,0,,,a,
ASN00014073,19621105,PRCP,127,,,a,
ASN00014073,19621106,PRCP,0,,,a,
ASN00014073,19621107,PRCP,20,,,a,
ASN00014073,19621108,PRCP,0,,,a,
ASN00014073,19621109,PRCP,0,,,a,
ASN00014073,19621110,PRCP,193,,,a,
ASN00014073,19621111,PRCP,0,,,a,
ASN00014073,19621112,PRCP,0,,,a,
ASN00014073,19621113,PRCP,0,,,a,
ASN00014073,19621114,PRCP,0,,,a,
ASN00014073,19621115,PRCP,168,,,a,
ASN00014073,19621116,PRCP,0,,,a,
ASN00014073,19621117,PRCP,0,,,a,
ASN00014073,19621118,PRCP,0,,,a,
ASN00014073,19621119,PRCP,0,,,a,
ASN00014073,19621120,PRCP,145,,,a,
ASN00014073,19621121,PRCP,13,,,a,
ASN00014073,19621122,PRCP,0,,,a,
ASN00014073,19621123,PRCP,318,,,a,
ASN00014073,19621124,PRCP,0,,,a,
ASN00014073,19621125,PRCP,0,,,a,
ASN00014073,19621126,PRCP,104,,,a,
ASN00014073,19621127,PRCP,0,,,a,
ASN00014073,19621128,PRCP,0,,,a,
ASN00014073,19621129,PRCP,0,,,a,
ASN00014073,19621130,PRCP,0,,,a,
ASN00014073,19621201,PRCP,51,,,a,
ASN00014073,19621202,PRCP,0,,,a,
ASN00014073,19621203,PRCP,455,,,a,
ASN00014073,19621204,PRCP,66,,,a,
ASN00014073,19621205,PRCP,0,,,a,
ASN00014073,19621206,PRCP,0,,,a,
ASN00014073,19621207,PRCP,0,,,a,
ASN00014073,19621208,PRCP,0,,,a,
ASN00014073,19621209,PRCP,0,,,a,
ASN00014073,19621210,PRCP,41,,,a,
ASN00014073,19621211,PRCP,0,,,a,
ASN00014073,19621212,PRCP,0,,,a,
ASN00014073,19621213,PRCP,0,,,a,
ASN00014073,19621214,PRCP,0,,,a,
ASN00014073,19621215,PRCP,104,,,a,
ASN00014073,19621216,PRCP,0,,,a,
ASN00014073,19621217,PRCP,0,,,a,
ASN00014073,19621218,PRCP,0,,,a,
ASN00014073,19621219,PRCP,0,,,a,
ASN00014073,19621220,PRCP,165,,,a,
ASN00014073,19621221,PRCP,0,,,a,
ASN00014073,19621222,PRCP,0,,,a,
ASN00014073,19621223,PRCP,0,,,a,
ASN00014073,19621224,PRCP,0,,,a,
ASN00014073,19621225,PRCP,0,,,a,
ASN00014073,19621226,PRCP,30,,,a,
ASN00014073,19621227,PRCP,0,,,a,
ASN00014073,19621228,PRCP,0,,,a,
ASN00014073,19621229,PRCP,64,,,a,
ASN00014073,19621230,PRCP,163,,,a,
ASN00014073,19621231,PRCP,76,,,a,
ASN00014073,19630101,PRCP,51,,,a,
ASN00014073,19630102,PRCP,71,,,a,
ASN00014073,19630103,PRCP,0,,,a,
ASN00014073,19630104,PRCP,107,,,a,
ASN00014073,19630105,PRCP,25,,,a,
ASN00014073,19630106,PRCP,0,,,a,
ASN00014073,19630107,PRCP,0,,,a,
ASN00014073,19630108,PRCP,254,,,a,
ASN00014073,19630109,PRCP,0,,,a,
ASN00014073,19630110,PRCP,0,,,a,
ASN00014073,19630111,PRCP,114,,,a,
ASN00014073,19630112,PRCP,0,,,a,
ASN00014073,19630113,PRCP,69,,,a,
ASN00014073,19630114,PRCP,254,,,a,
ASN00014073,19630115,PRCP,0,,,a,
ASN00014073,19630116,PRCP,348,,,a,
ASN00014073,19630117,PRCP,58,,,a,
ASN00014073,19630118,PRCP,0,,,a,
ASN00014073,19630119,PRCP,254,,,a,
ASN00014073,19630120,PRCP,660,,,a,
ASN00014073,19630121,PRCP,79,,,a,
ASN00014073,19630122,PRCP,239,,,a,
ASN00014073,19630123,PRCP,30,,,a,
ASN00014073,19630124,PRCP,64,,,a,
ASN00014073,19630125,PRCP,28,,,a,
ASN00014073,19630126,PRCP,0,,,a,
ASN00014073,19630127,PRCP,889,,,a,
ASN00014073,19630128,PRCP,20,,,a,
ASN00014073,19630129,PRCP,51,,,a,
ASN00014073,19630130,PRCP,51,,,a,
ASN00014073,19630131,PRCP,0,,,a,
ASN00014073,19630201,PRCP,254,,,a,
ASN00014073,19630202,PRCP,254,,,a,
ASN00014073,19630203,PRCP,0,,,a,
ASN00014073,19630204,PRCP,0,,,a,
ASN00014073,19630205,PRCP,343,,,a,
ASN00014073,19630206,PRCP,0,,,a,
ASN00014073,19630207,PRCP,254,,,a,
ASN00014073,19630208,PRCP,0,,,a,
ASN00014073,19630209,PRCP,191,,,a,
ASN00014073,19630210,PRCP,0,,,a,
ASN00014073,19630211,PRCP,0,,,a,
ASN00014073,19630212,PRCP,0,,,a,
ASN00014073,19630213,PRCP,64,,,a,
ASN00014073,19630214,PRCP,234,,,a,
ASN00014073,19630215,PRCP,584,,,a,
ASN00014073,19630216,PRCP,51,,,a,
ASN00014073,19630217,PRCP,13,,,a,
ASN00014073,19630218,PRCP,508,,,a,
ASN00014073,19630219,PRCP,0,,,a,
ASN00014073,19630220,PRCP,0,,,a,
ASN00014073,19630221,PRCP,127,,,a,
ASN00014073,19630222,PRCP,152,,,a,
ASN00014073,19630223,PRCP,0,,,a,
ASN00014073,19630224,PRCP,64,,,a,
ASN00014073,19630225,PRCP,107,,,a,
ASN00014073,19630226,PRCP,56,,,a,
ASN00014073,19630227,PRCP,0,,,a,
ASN00014073,19630228,PRCP,363,,,a,
ASN00014073,19630301,PRCP,107,,,a,
ASN00014073,19630302,PRCP,41,,,a,
ASN00014073,19630303,PRCP,10,,,a,
ASN00014073,19630304,PRCP,0,,,a,
ASN00014073,19630305,PRCP,0,,,a,
ASN00014073,19630306,PRCP,0,,,a,
ASN00014073,19630307,PRCP,18,,,a,
ASN00014073,19630308,PRCP,0,,,a,
ASN00014073,19630309,PRCP,56,,,a,
ASN00014073,19630310,PRCP,0,,,a,
ASN00014073,19630311,PRCP,0,,,a,
ASN00014073,19630312,PRCP,0,,,a,
ASN00014073,19630313,PRCP,76,,,a,
ASN00014073,19630314,PRCP,0,,,a,
ASN00014073,19630315,PRCP,0,,,a,
ASN00014073,19630316,PRCP,0,,,a,
ASN00014073,19630317,PRCP,0,,,a,
ASN00014073,19630318,PRCP,0,,,a,
ASN00014073,19630319,PRCP,0,,,a,
ASN00014073,19630320,PRCP,0,,,a,
ASN00014073,19630321,PRCP,0,,,a,
ASN00014073,19630322,PRCP,505,,,a,
ASN00014073,19630323,PRCP,0,,,a,
ASN00014073,19630324,PRCP,320,,,a,
ASN00014073,19630325,PRCP,264,,,a,
ASN00014073,19630326,PRCP,0,,,a,
ASN00014073,19630327,PRCP,234,,,a,
ASN00014073,19630328,PRCP,13,,,a,
ASN00014073,19630329,PRCP,0,,,a,
ASN00014073,19630330,PRCP,114,,,a,
ASN00014073,19630331,PRCP,0,,,a,
ASN00014073,19630401,PRCP,0,,,a,
ASN00014073,19630402,PRCP,0,,,a,
ASN00014073,19630403,PRCP,0,,,a,
ASN00014073,19630404,PRCP,0,,,a,
ASN00014073,19630405,PRCP,0,,,a,
ASN00014073,19630406,PRCP,0,,,a,
ASN00014073,19630407,PRCP,610,,,a,
ASN00014073,19630408,PRCP,0,,,a,
ASN00014073,19630409,PRCP,0,,,a,
ASN00014073,19630410,PRCP,102,,,a,
ASN00014073,19630411,PRCP,0,,,a,
ASN00014073,19630412,PRCP,0,,,a,
ASN00014073,19630413,PRCP,0,,,a,
ASN00014073,19630414,PRCP,58,,,a,
ASN00014073,19630415,PRCP,36,,,a,
ASN00014073,19630416,PRCP,8,,,a,
ASN00014073,19630417,PRCP,13,,,a,
ASN00014073,19630418,PRCP,102,,,a,
ASN00014073,19630419,PRCP,0,,,a,
ASN00014073,19630420,PRCP,0,,,a,
ASN00014073,19630421,PRCP,0,,,a,
ASN00014073,19630422,PRCP,0,,,a,
ASN00014073,19630423,PRCP,0,,,a,
ASN00014073,19630424,PRCP,0,,,a,
ASN00014073,19630425,PRCP,0,,,a,
ASN00014073,19630426,PRCP,0,,,a,
ASN00014073,19630427,PRCP,0,,,a,
ASN00014073,19630428,PRCP,0,,,a,
ASN00014073,19630429,PRCP,0,,,a,
ASN00014073,19630430,PRCP,0,,,a,
ASN00014073,19630501,PRCP,0,,,a,
ASN00014073,19630502,PRCP,0,,,a,
ASN00014073,19630503,PRCP,0,,,a,
ASN00014073,19630504,PRCP,0,,,a,
ASN00014073,19630505,PRCP,0,,,a,
ASN00014073,19630506,PRCP,0,,,a,
ASN00014073,19630507,PRCP,0,,,a,
ASN00014073,19630508,PRCP,0,,,a,
ASN00014073,19630509,PRCP,0,,,a,
ASN00014073,19630510,PRCP,0,,,a,
ASN00014073,19630511,PRCP,0,,,a,
ASN00014073,19630512,PRCP,0,,,a,
ASN00014073,19630513,PRCP,0,,,a,
ASN00014073,19630514,PRCP,0,,,a,
ASN00014073,19630515,PRCP,0,,,a,
ASN00014073,19630516,PRCP,0,,,a,
ASN00014073,19630517,PRCP,0,,,a,
ASN00014073,19630518,PRCP,0,,,a,
ASN00014073,19630519,PRCP,0,,,a,
ASN00014073,19630520,PRCP,0,,,a,
ASN00014073,19630521,PRCP,0,,,a,
ASN00014073,19630522,PRCP,0,,,a,
ASN00014073,19630523,PRCP,0,,,a,
ASN00014073,19630524,PRCP,0,,,a,
ASN00014073,19630525,PRCP,0,,,a,
ASN00014073,19630526,PRCP,0,,,a,
ASN00014073,19630527,PRCP,0,,,a,
ASN00014073,19630528,PRCP,0,,,a,
ASN00014073,19630529,PRCP,0,,,a,
ASN00014073,19630530,PRCP,0,,,a,
ASN00014073,19630531,PRCP,0,,,a,
ASN00014073,19630601,PRCP,0,,,a,
ASN00014073,19630602,PRCP,0,,,a,
ASN00014073,19630603,PRCP,0,,,a,
ASN00014073,19630604,PRCP,0,,,a,
ASN00014073,19630605,PRCP,0,,,a,
ASN00014073,19630606,PRCP,0,,,a,
ASN00014073,19630607,PRCP,0,,,a,
ASN00014073,19630608,PRCP,0,,,a,
ASN00014073,19630609,PRCP,0,,,a,
ASN00014073,19630610,PRCP,0,,,a,
ASN00014073,19630611,PRCP,0,,,a,
ASN00014073,19630612,PRCP,0,,,a,
ASN00014073,19630613,PRCP,0,,,a,
ASN00014073,19630614,PRCP,0,,,a,
ASN00014073,19630615,PRCP,0,,,a,
ASN00014073,19630616,PRCP,0,,,a,
ASN00014073,19630617,PRCP,0,,,a,
ASN00014073,19630618,PRCP,0,,,a,
ASN00014073,19630619,PRCP,0,,,a,
ASN00014073,19630620,PRCP,0,,,a,
ASN00014073,19630621,PRCP,0,,,a,
ASN00014073,19630622,PRCP,0,,,a,
ASN00014073,19630623,PRCP,0,,,a,
ASN00014073,19630624,PRCP,0,,,a,
ASN00014073,19630625,PRCP,0,,,a,
ASN00014073,19630626,PRCP,0,,,a,
ASN00014073,19630627,PRCP,0,,,a,
ASN00014073,19630628,PRCP,0,,,a,
ASN00014073,19630629,PRCP,0,,,a,
ASN00014073,19630630,PRCP,0,,,a,
ASN00014073,19630701,PRCP,0,,,a,
ASN00014073,19630702,PRCP,0,,,a,
ASN00014073,19630703,PRCP,0,,,a,
ASN00014073,19630704,PRCP,0,,,a,
ASN00014073,19630705,PRCP,0,,,a,
ASN00014073,19630706,PRCP,0,,,a,
ASN00014073,19630707,PRCP,0,,,a,
ASN00014073,19630708,PRCP,0,,,a,
ASN00014073,19630709,PRCP,0,,,a,
ASN00014073,19630710,PRCP,0,,,a,
ASN00014073,19630711,PRCP,0,,,a,
ASN00014073,19630712,PRCP,0,,,a,
ASN00014073,19630713,PRCP,0,,,a,
ASN00014073,19630714,PRCP,0,,,a,
ASN00014073,19630715,PRCP,0,,,a,
ASN00014073,19630716,PRCP,0,,,a,
ASN00014073,19630717,PRCP,0,,,a,
ASN00014073,19630718,PRCP,0,,,a,
ASN00014073,19630719,PRCP,0,,,a,
ASN00014073,19630720,PRCP,0,,,a,
ASN00014073,19630721,PRCP,0,,,a,
ASN00014073,19630722,PRCP,0,,,a,
ASN00014073,19630723,PRCP,0,,,a,
ASN00014073,19630724,PRCP,0,,,a,
ASN00014073,19630725,PRCP,0,,,a,
ASN00014073,19630726,PRCP,0,,,a,
ASN00014073,19630727,PRCP,0,,,a,
ASN00014073,19630728,PRCP,0,,,a,
ASN00014073,19630729,PRCP,0,,,a,
ASN00014073,19630730,PRCP,0,,,a,
ASN00014073,19630731,PRCP,0,,,a,
ASN00014073,19630801,PRCP,0,,,a,
ASN00014073,19630802,PRCP,0,,,a,
ASN00014073,19630803,PRCP,0,,,a,
ASN00014073,19630804,PRCP,0,,,a,
ASN00014073,19630805,PRCP,0,,,a,
ASN00014073,19630806,PRCP,0,,,a,
ASN00014073,19630807,PRCP,0,,,a,
ASN00014073,19630808,PRCP,0,,,a,
ASN00014073,19630809,PRCP,0,,,a,
ASN00014073,19630810,PRCP,0,,,a,
ASN00014073,19630811,PRCP,0,,,a,
ASN00014073,19630812,PRCP,0,,,a,
ASN00014073,19630813,PRCP,0,,,a,
ASN00014073,19630814,PRCP,0,,,a,
ASN00014073,19630815,PRCP,0,,,a,
ASN00014073,19630816,PRCP,0,,,a,
ASN00014073,19630817,PRCP,0,,,a,
ASN00014073,19630818,PRCP,0,,,a,
ASN00014073,19630819,PRCP,0,,,a,
ASN00014073,19630820,PRCP,0,,,a,
ASN00014073,19630821,PRCP,0,,,a,
ASN00014073,19630822,PRCP,0,,,a,
ASN00014073,19630823,PRCP,0,,,a,
ASN00014073,19630824,PRCP,0,,,a,
ASN00014073,19630825,PRCP,0,,,a,
ASN00014073,19630826,PRCP,0,,,a,
ASN00014073,19630827,PRCP,0,,,a,
ASN00014073,19630828,PRCP,0,,,a,
ASN00014073,19630829,PRCP,0,,,a,
ASN00014073,19630830,PRCP,0,,,a,
ASN00014073,19630831,PRCP,0,,,a,
ASN00014073,19630901,PRCP,0,,,a,
ASN00014073,19630902,PRCP,0,,,a,
ASN00014073,19630903,PRCP,0,,,a,
ASN00014073,19630904,PRCP,0,,,a,
ASN00014073,19630905,PRCP,0,,,a,
ASN00014073,19630906,PRCP,0,,,a,
ASN00014073,19630907,PRCP,0,,,a,
ASN00014073,19630908,PRCP,0,,,a,
ASN00014073,19630909,PRCP,0,,,a,
ASN00014073,19630910,PRCP,0,,,a,
ASN00014073,19630911,PRCP,0,,,a,
ASN00014073,19630912,PRCP,0,,,a,
ASN00014073,19630913,PRCP,0,,,a,
ASN00014073,19630914,PRCP,0,,,a,
ASN00014073,19630915,PRCP,0,,,a,
ASN00014073,19630916,PRCP,0,,,a,
ASN00014073,19630917,PRCP,0,,,a,
ASN00014073,19630918,PRCP,0,,,a,
ASN00014073,19630919,PRCP,0,,,a,
ASN00014073,19630920,PRCP,0,,,a,
ASN00014073,19630921,PRCP,0,,,a,
ASN00014073,19630922,PRCP,0,,,a,
ASN00014073,19630923,PRCP,0,,,a,
ASN00014073,19630924,PRCP,0,,,a,
ASN00014073,19630925,PRCP,0,,,a,
ASN00014073,19630926,PRCP,0,,,a,
ASN00014073,19630927,PRCP,0,,,a,
ASN00014073,19630928,PRCP,0,,,a,
ASN00014073,19630929,PRCP,0,,,a,
ASN00014073,19630930,PRCP,0,,,a,
ASN00014073,19631001,PRCP,0,,,a,
ASN00014073,19631002,PRCP,0,,,a,
ASN00014073,19631003,PRCP,0,,,a,
ASN00014073,19631004,PRCP,0,,,a,
ASN00014073,19631005,PRCP,0,,,a,
ASN00014073,19631006,PRCP,0,,,a,
ASN00014073,19631007,PRCP,0,,,a,
ASN00014073,19631008,PRCP,0,,,a,
ASN00014073,19631009,PRCP,0,,,a,
ASN00014073,19631010,PRCP,0,,,a,
ASN00014073,19631011,PRCP,0,,,a,
ASN00014073,19631012,PRCP,0,,,a,
ASN00014073,19631013,PRCP,0,,,a,
ASN00014073,19631014,PRCP,0,,,a,
ASN00014073,19631015,PRCP,0,,,a,
ASN00014073,19631016,PRCP,0,,,a,
ASN00014073,19631017,PRCP,0,,,a,
ASN00014073,19631018,PRCP,0,,,a,
ASN00014073,19631019,PRCP,0,,,a,
ASN00014073,19631020,PRCP,0,,,a,
ASN00014073,19631021,PRCP,0,,,a,
ASN00014073,19631022,PRCP,0,,,a,
ASN00014073,19631023,PRCP,0,,,a,
ASN00014073,19631024,PRCP,0,,,a,
ASN00014073,19631025,PRCP,0,,,a,
ASN00014073,19631026,PRCP,0,,,a,
ASN00014073,19631027,PRCP,0,,,a,
ASN00014073,19631028,PRCP,0,,,a,
ASN00014073,19631029,PRCP,0,,,a,
ASN00014073,19631030,PRCP,56,,,a,
ASN00014073,19631031,PRCP,0,,,a,
ASN00014073,19631101,PRCP,38,,,a,
ASN00014073,19631102,PRCP,0,,,a,
ASN00014073,19631103,PRCP,0,,,a,
ASN00014073,19631104,PRCP,0,,,a,
ASN00014073,19631105,PRCP,0,,,a,
ASN00014073,19631106,PRCP,0,,,a,
ASN00014073,19631107,PRCP,0,,,a,
ASN00014073,19631108,PRCP,0,,,a,
ASN00014073,19631109,PRCP,25,,,a,
ASN00014073,19631110,PRCP,191,,,a,
ASN00014073,19631111,PRCP,0,,,a,
ASN00014073,19631112,PRCP,0,,,a,
ASN00014073,19631113,PRCP,38,,,a,
ASN00014073,19631114,PRCP,97,,,a,
ASN00014073,19631115,PRCP,0,,,a,
ASN00014073,19631116,PRCP,0,,,a,
ASN00014073,19631117,PRCP,0,,,a,
ASN00014073,19631118,PRCP,0,,,a,
ASN00014073,19631119,PRCP,0,,,a,
ASN00014073,19631120,PRCP,0,,,a,
ASN00014073,19631121,PRCP,25,,,a,
ASN00014073,19631122,PRCP,18,,,a,
ASN00014073,19631123,PRCP,0,,,a,
ASN00014073,19631124,PRCP,0,,,a,
ASN00014073,19631125,PRCP,0,,,a,
ASN00014073,19631126,PRCP,0,,,a,
ASN00014073,19631127,PRCP,0,,,a,
ASN00014073,19631128,PRCP,71,,,a,
ASN00014073,19631129,PRCP,0,,,a,
ASN00014073,19631130,PRCP,13,,,a,
ASN00014073,19631201,PRCP,0,,,a,
ASN00014073,19631202,PRCP,0,,,a,
ASN00014073,19631203,PRCP,28,,,a,
ASN00014073,19631204,PRCP,0,,,a,
ASN00014073,19631205,PRCP,737,,,a,
ASN00014073,19631206,PRCP,23,,,a,
ASN00014073,19631207,PRCP,91,,,a,
ASN00014073,19631208,PRCP,0,,,a,
ASN00014073,19631209,PRCP,84,,,a,
ASN00014073,19631210,PRCP,0,,,a,
ASN00014073,19631211,PRCP,13,,,a,
ASN00014073,19631212,PRCP,0,,,a,
ASN00014073,19631213,PRCP,198,,,a,
ASN00014073,19631214,PRCP,0,,,a,
ASN00014073,19631215,PRCP,0,,,a,
ASN00014073,19631216,PRCP,114,,,a,
ASN00014073,19631217,PRCP,0,,,a,
ASN00014073,19631218,PRCP,86,,,a,
ASN00014073,19631219,PRCP,1110,,,a,
ASN00014073,19631220,PRCP,0,,,a,
ASN00014073,19631221,PRCP,8,,,a,
ASN00014073,19631222,PRCP,0,,,a,
ASN00014073,19631223,PRCP,48,,,a,
ASN00014073,19631224,PRCP,0,,,a,
ASN00014073,19631225,PRCP,0,,,a,
ASN00014073,19631226,PRCP,0,,,a,
ASN00014073,19631227,PRCP,0,,,a,
ASN00014073,19631228,PRCP,8,,,a,
ASN00014073,19631229,PRCP,0,,,a,
ASN00014073,19631230,PRCP,119,,,a,
ASN00014073,19631231,PRCP,41,,,a,
ASN00014073,19640101,PRCP,0,,,a,
ASN00014073,19640102,PRCP,0,,,a,
ASN00014073,19640103,PRCP,0,,,a,
ASN00014073,19640104,PRCP,20,,,a,
ASN00014073,19640105,PRCP,0,,,a,
ASN00014073,19640106,PRCP,20,,,a,
ASN00014073,19640107,PRCP,18,,,a,
ASN00014073,19640108,PRCP,38,,,a,
ASN00014073,19640109,PRCP,5,,,a,
ASN00014073,19640110,PRCP,1072,,,a,
ASN00014073,19640111,PRCP,117,,,a,
ASN00014073,19640112,PRCP,36,,,a,
ASN00014073,19640113,PRCP,51,,,a,
ASN00014073,19640114,PRCP,66,,,a,
ASN00014073,19640115,PRCP,71,,,a,
ASN00014073,19640116,PRCP,0,,,a,
ASN00014073,19640117,PRCP,0,,,a,
ASN00014073,19640118,PRCP,0,,,a,
ASN00014073,19640119,PRCP,0,,,a,
ASN00014073,19640120,PRCP,714,,,a,
ASN00014073,19640121,PRCP,0,,,a,
ASN00014073,19640122,PRCP,64,,,a,
ASN00014073,19640123,PRCP,0,,,a,
ASN00014073,19640124,PRCP,0,,,a,
ASN00014073,19640125,PRCP,241,,,a,
ASN00014073,19640126,PRCP,196,,,a,
ASN00014073,19640127,PRCP,124,,,a,
ASN00014073,19640128,PRCP,53,,,a,
ASN00014073,19640129,PRCP,191,,,a,
ASN00014073,19640130,PRCP,140,,,a,
ASN00014073,19640131,PRCP,61,,,a,
ASN00014073,19640201,PRCP,0,,,a,
ASN00014073,19640202,PRCP,0,,,a,
ASN00014073,19640203,PRCP,213,,,a,
ASN00014073,19640204,PRCP,0,,,a,
ASN00014073,19640205,PRCP,0,,,a,
ASN00014073,19640206,PRCP,0,,,a,
ASN00014073,19640207,PRCP,724,,,a,
ASN00014073,19640208,PRCP,0,,,a,
ASN00014073,19640209,PRCP,0,,,a,
ASN00014073,19640210,PRCP,137,,,a,
ASN00014073,19640211,PRCP,465,,,a,
ASN00014073,19640212,PRCP,0,,,a,
ASN00014073,19640213,PRCP,0,,,a,
ASN00014073,19640214,PRCP,0,,,a,
ASN00014073,19640215,PRCP,0,,,a,
ASN00014073,19640216,PRCP,0,,,a,
ASN00014073,19640217,PRCP,0,,,a,
ASN00014073,19640218,PRCP,0,,,a,
ASN00014073,19640219,PRCP,117,,,a,
ASN00014073,19640220,PRCP,0,,,a,
ASN00014073,19640221,PRCP,0,,,a,
ASN00014073,19640222,PRCP,0,,,a,
ASN00014073,19640223,PRCP,0,,,a,
ASN00014073,19640224,PRCP,84,,,a,
ASN00014073,19640225,PRCP,0,,,a,
ASN00014073,19640226,PRCP,0,,,a,
ASN00014073,19640227,PRCP,0,,,a,
ASN00014073,19640228,PRCP,0,,,a,
ASN00014073,19640229,PRCP,0,,,a,
ASN00014073,19640301,PRCP,0,,,a,
ASN00014073,19640302,PRCP,0,,,a,
ASN00014073,19640303,PRCP,20,,,a,
ASN00014073,19640304,PRCP,226,,,a,
ASN00014073,19640305,PRCP,0,,,a,
ASN00014073,19640306,PRCP,3,,,a,
ASN00014073,19640307,PRCP,0,,,a,
ASN00014073,19640308,PRCP,71,,,a,
ASN00014073,19640309,PRCP,622,,,a,
ASN00014073,19640310,PRCP,521,,,a,
ASN00014073,19640311,PRCP,160,,,a,
ASN00014073,19640312,PRCP,18,,,a,
ASN00014073,19640313,PRCP,0,,,a,
ASN00014073,19640314,PRCP,119,,,a,
ASN00014073,19640315,PRCP,160,,,a,
ASN00014073,19640316,PRCP,0,,,a,
ASN00014073,19640317,PRCP,0,,,a,
ASN00014073,19640318,PRCP,191,,,a,
ASN00014073,19640319,PRCP,0,,,a,
ASN00014073,19640320,PRCP,0,,,a,
ASN00014073,19640321,PRCP,203,,,a,
ASN00014073,19640322,PRCP,0,,,a,
ASN00014073,19640323,PRCP,254,,,a,
ASN00014073,19640324,PRCP,28,,,a,
ASN00014073,19640325,PRCP,109,,,a,
ASN00014073,19640326,PRCP,46,,,a,
ASN00014073,19640327,PRCP,5,,,a,
ASN00014073,19640328,PRCP,0,,,a,
ASN00014073,19640329,PRCP,0,,,a,
ASN00014073,19640330,PRCP,3,,,a,
ASN00014073,19640331,PRCP,0,,,a,
ASN00014073,19640401,PRCP,0,,,a,
ASN00014073,19640402,PRCP,0,,,a,
ASN00014073,19640403,PRCP,0,,,a,
ASN00014073,19640404,PRCP,0,,,a,
ASN00014073,19640405,PRCP,0,,,a,
ASN00014073,19640406,PRCP,71,,,a,
ASN00014073,19640407,PRCP,0,,,a,
ASN00014073,19640408,PRCP,0,,,a,
ASN00014073,19640409,PRCP,46,,,a,
ASN00014073,19640410,PRCP,0,,,a,
ASN00014073,19640411,PRCP,0,,,a,
ASN00014073,19640412,PRCP,0,,,a,
ASN00014073,19640413,PRCP,0,,,a,
ASN00014073,19640414,PRCP,0,,,a,
ASN00014073,19640415,PRCP,0,,,a,
ASN00014073,19640416,PRCP,0,,,a,
ASN00014073,19640417,PRCP,0,,,a,
ASN00014073,19640418,PRCP,0,,,a,
ASN00014073,19640419,PRCP,0,,,a,
ASN00014073,19640420,PRCP,0,,,a,
ASN00014073,19640421,PRCP,0,,,a,
ASN00014073,19640422,PRCP,0,,,a,
ASN00014073,19640423,PRCP,0,,,a,
ASN00014073,19640424,PRCP,0,,,a,
ASN00014073,19640425,PRCP,0,,,a,
ASN00014073,19640426,PRCP,0,,,a,
ASN00014073,19640427,PRCP,0,,,a,
ASN00014073,19640428,PRCP,0,,,a,
ASN00014073,19640429,PRCP,0,,,a,
ASN00014073,19640430,PRCP,0,,,a,
ASN00014073,19640501,PRCP,0,,,a,
ASN00014073,19640502,PRCP,0,,,a,
ASN00014073,19640503,PRCP,36,,,a,
ASN00014073,19640504,PRCP,0,,,a,
ASN00014073,19640505,PRCP,0,,,a,
ASN00014073,19640506,PRCP,0,,,a,
ASN00014073,19640507,PRCP,0,,,a,
ASN00014073,19640508,PRCP,0,,,a,
ASN00014073,19640509,PRCP,0,,,a,
ASN00014073,19640510,PRCP,0,,,a,
ASN00014073,19640511,PRCP,0,,,a,
ASN00014073,19640512,PRCP,0,,,a,
ASN00014073,19640513,PRCP,0,,,a,
ASN00014073,19640514,PRCP,0,,,a,
ASN00014073,19640515,PRCP,0,,,a,
ASN00014073,19640516,PRCP,0,,,a,
ASN00014073,19640517,PRCP,0,,,a,
ASN00014073,19640518,PRCP,0,,,a,
ASN00014073,19640519,PRCP,0,,,a,
ASN00014073,19640520,PRCP,0,,,a,
ASN00014073,19640521,PRCP,0,,,a,
ASN00014073,19640522,PRCP,0,,,a,
ASN00014073,19640523,PRCP,0,,,a,
ASN00014073,19640524,PRCP,0,,,a,
ASN00014073,19640525,PRCP,0,,,a,
ASN00014073,19640526,PRCP,0,,,a,
ASN00014073,19640527,PRCP,0,,,a,
ASN00014073,19640528,PRCP,0,,,a,
ASN00014073,19640529,PRCP,0,,,a,
ASN00014073,19640530,PRCP,0,,,a,
ASN00014073,19640531,PRCP,0,,,a,
ASN00014073,19640601,PRCP,10,,,a,
ASN00014073,19640602,PRCP,0,,,a,
ASN00014073,19640603,PRCP,0,,,a,
ASN00014073,19640604,PRCP,0,,,a,
ASN00014073,19640605,PRCP,0,,,a,
ASN00014073,19640606,PRCP,0,,,a,
ASN00014073,19640607,PRCP,0,,,a,
ASN00014073,19640608,PRCP,0,,,a,
ASN00014073,19640609,PRCP,0,,,a,
ASN00014073,19640610,PRCP,0,,,a,
ASN00014073,19640611,PRCP,0,,,a,
ASN00014073,19640612,PRCP,0,,,a,
ASN00014073,19640613,PRCP,0,,,a,
ASN00014073,19640614,PRCP,0,,,a,
ASN00014073,19640615,PRCP,0,,,a,
ASN00014073,19640616,PRCP,0,,,a,
ASN00014073,19640617,PRCP,0,,,a,
ASN00014073,19640618,PRCP,0,,,a,
ASN00014073,19640619,PRCP,0,,,a,
ASN00014073,19640620,PRCP,0,,,a,
ASN00014073,19640621,PRCP,0,,,a,
ASN00014073,19640622,PRCP,0,,,a,
ASN00014073,19640623,PRCP,0,,,a,
ASN00014073,19640624,PRCP,0,,,a,
ASN00014073,19640625,PRCP,0,,,a,
ASN00014073,19640626,PRCP,0,,,a,
ASN00014073,19640627,PRCP,0,,,a,
ASN00014073,19640628,PRCP,0,,,a,
ASN00014073,19640629,PRCP,0,,,a,
ASN00014073,19640630,PRCP,0,,,a,
ASN00014073,19640701,PRCP,0,,,a,
ASN00014073,19640702,PRCP,0,,,a,
ASN00014073,19640703,PRCP,0,,,a,
ASN00014073,19640704,PRCP,0,,,a,
ASN00014073,19640705,PRCP,0,,,a,
ASN00014073,19640706,PRCP,0,,,a,
ASN00014073,19640707,PRCP,0,,,a,
ASN00014073,19640708,PRCP,0,,,a,
ASN00014073,19640709,PRCP,0,,,a,
ASN00014073,19640710,PRCP,0,,,a,
ASN00014073,19640711,PRCP,0,,,a,
ASN00014073,19640712,PRCP,0,,,a,
ASN00014073,19640713,PRCP,0,,,a,
ASN00014073,19640714,PRCP,0,,,a,
ASN00014073,19640715,PRCP,0,,,a,
ASN00014073,19640716,PRCP,0,,,a,
ASN00014073,19640717,PRCP,0,,,a,
ASN00014073,19640718,PRCP,0,,,a,
ASN00014073,19640719,PRCP,0,,,a,
ASN00014073,19640720,PRCP,0,,,a,
ASN00014073,19640721,PRCP,0,,,a,
ASN00014073,19640722,PRCP,0,,,a,
ASN00014073,19640723,PRCP,0,,,a,
ASN00014073,19640724,PRCP,0,,,a,
ASN00014073,19640725,PRCP,0,,,a,
ASN00014073,19640726,PRCP,0,,,a,
ASN00014073,19640727,PRCP,0,,,a,
ASN00014073,19640728,PRCP,0,,,a,
ASN00014073,19640729,PRCP,0,,,a,
ASN00014073,19640730,PRCP,0,,,a,
ASN00014073,19640731,PRCP,0,,,a,
ASN00014073,19640801,PRCP,0,,,a,
ASN00014073,19640802,PRCP,0,,,a,
ASN00014073,19640803,PRCP,0,,,a,
ASN00014073,19640804,PRCP,0,,,a,
ASN00014073,19640805,PRCP,0,,,a,
ASN00014073,19640806,PRCP,0,,,a,
ASN00014073,19640807,PRCP,0,,,a,
ASN00014073,19640808,PRCP,0,,,a,
ASN00014073,19640809,PRCP,0,,,a,
ASN00014073,19640810,PRCP,0,,,a,
ASN00014073,19640811,PRCP,0,,,a,
ASN00014073,19640812,PRCP,0,,,a,
ASN00014073,19640813,PRCP,0,,,a,
ASN00014073,19640814,PRCP,0,,,a,
ASN00014073,19640815,PRCP,0,,,a,
ASN00014073,19640816,PRCP,0,,,a,
ASN00014073,19640817,PRCP,0,,,a,
ASN00014073,19640818,PRCP,0,,,a,
ASN00014073,19640819,PRCP,0,,,a,
ASN00014073,19640820,PRCP,0,,,a,
ASN00014073,19640821,PRCP,0,,,a,
ASN00014073,19640822,PRCP,0,,,a,
ASN00014073,19640823,PRCP,0,,,a,
ASN00014073,19640824,PRCP,0,,,a,
ASN00014073,19640825,PRCP,0,,,a,
ASN00014073,19640826,PRCP,0,,,a,
ASN00014073,19640827,PRCP,0,,,a,
ASN00014073,19640828,PRCP,0,,,a,
ASN00014073,19640829,PRCP,0,,,a,
ASN00014073,19640830,PRCP,0,,,a,
ASN00014073,19640831,PRCP,0,,,a,
ASN00014073,19640901,PRCP,71,,,a,
ASN00014073,19640902,PRCP,0,,,a,
ASN00014073,19640903,PRCP,0,,,a,
ASN00014073,19640904,PRCP,0,,,a,
ASN00014073,19640905,PRCP,0,,,a,
ASN00014073,19640906,PRCP,0,,,a,
ASN00014073,19640907,PRCP,0,,,a,
ASN00014073,19640908,PRCP,0,,,a,
ASN00014073,19640909,PRCP,0,,,a,
ASN00014073,19640910,PRCP,0,,,a,
ASN00014073,19640911,PRCP,56,,,a,
ASN00014073,19640912,PRCP,10,,,a,
ASN00014073,19640913,PRCP,0,,,a,
ASN00014073,19640914,PRCP,0,,,a,
ASN00014073,19640915,PRCP,0,,,a,
ASN00014073,19640916,PRCP,0,,,a,
ASN00014073,19640917,PRCP,15,,,a,
ASN00014073,19640918,PRCP,0,,,a,
ASN00014073,19640919,PRCP,0,,,a,
ASN00014073,19640920,PRCP,25,,,a,
ASN00014073,19640921,PRCP,0,,,a,
ASN00014073,19640922,PRCP,0,,,a,
ASN00014073,19640923,PRCP,0,,,a,
ASN00014073,19640924,PRCP,0,,,a,
ASN00014073,19640925,PRCP,0,,,a,
ASN00014073,19640926,PRCP,0,,,a,
ASN00014073,19640927,PRCP,0,,,a,
ASN00014073,19640928,PRCP,0,,,a,
ASN00014073,19640929,PRCP,0,,,a,
ASN00014073,19640930,PRCP,0,,,a,
ASN00014073,19641001,PRCP,0,,,a,
ASN00014073,19641002,PRCP,0,,,a,
ASN00014073,19641003,PRCP,0,,,a,
ASN00014073,19641004,PRCP,0,,,a,
ASN00014073,19641005,PRCP,0,,,a,
ASN00014073,19641006,PRCP,0,,,a,
ASN00014073,19641007,PRCP,0,,,a,
ASN00014073,19641008,PRCP,0,,,a,
ASN00014073,19641009,PRCP,0,,,a,
ASN00014073,19641010,PRCP,0,,,a,
ASN00014073,19641011,PRCP,0,,,a,
ASN00014073,19641012,PRCP,0,,,a,
ASN00014073,19641013,PRCP,0,,,a,
ASN00014073,19641014,PRCP,0,,,a,
ASN00014073,19641015,PRCP,112,,,a,
ASN00014073,19641016,PRCP,0,,,a,
ASN00014073,19641017,PRCP,163,,,a,
ASN00014073,19641018,PRCP,43,,,a,
ASN00014073,19641019,PRCP,439,,,a,
ASN00014073,19641020,PRCP,114,,,a,
ASN00014073,19641021,PRCP,0,,,a,
ASN00014073,19641022,PRCP,0,,,a,
ASN00014073,19641023,PRCP,0,,,a,
ASN00014073,19641024,PRCP,414,,,a,
ASN00014073,19641025,PRCP,1207,,,a,
ASN00014073,19641026,PRCP,0,,,a,
ASN00014073,19641027,PRCP,0,,,a,
ASN00014073,19641028,PRCP,0,,,a,
ASN00014073,19641029,PRCP,0,,,a,
ASN00014073,19641030,PRCP,25,,,a,
ASN00014073,19641031,PRCP,107,,,a,
ASN00014073,19641101,PRCP,0,,,a,
ASN00014073,19641102,PRCP,0,,,a,
ASN00014073,19641103,PRCP,0,,,a,
ASN00014073,19641104,PRCP,0,,,a,
ASN00014073,19641105,PRCP,0,,,a,
ASN00014073,19641106,PRCP,0,,,a,
ASN00014073,19641107,PRCP,0,,,a,
ASN00014073,19641108,PRCP,0,,,a,
ASN00014073,19641109,PRCP,648,,,a,
ASN00014073,19641110,PRCP,0,,,a,
ASN00014073,19641111,PRCP,0,,,a,
ASN00014073,19641112,PRCP,0,,,a,
ASN00014073,19641113,PRCP,13,,,a,
ASN00014073,19641114,PRCP,178,,,a,
ASN00014073,19641115,PRCP,10,,,a,
ASN00014073,19641116,PRCP,0,,,a,
ASN00014073,19641117,PRCP,0,,,a,
ASN00014073,19641118,PRCP,0,,,a,
ASN00014073,19641119,PRCP,0,,,a,
ASN00014073,19641120,PRCP,53,,,a,
ASN00014073,19641121,PRCP,0,,,a,
ASN00014073,19641122,PRCP,622,,,a,
ASN00014073,19641123,PRCP,0,,,a,
ASN00014073,19641124,PRCP,234,,,a,
ASN00014073,19641125,PRCP,170,,,a,
ASN00014073,19641126,PRCP,38,,,a,
ASN00014073,19641127,PRCP,284,,,a,
ASN00014073,19641128,PRCP,53,,,a,
ASN00014073,19641129,PRCP,56,,,a,
ASN00014073,19641130,PRCP,0,,,a,
ASN00014073,19641201,PRCP,0,,,a,
ASN00014073,19641202,PRCP,0,,,a,
ASN00014073,19641203,PRCP,559,,,a,
ASN00014073,19641204,PRCP,1161,,,a,
ASN00014073,19641205,PRCP,0,,,a,
ASN00014073,19641206,PRCP,157,,,a,
ASN00014073,19641207,PRCP,0,,,a,
ASN00014073,19641208,PRCP,0,,,a,
ASN00014073,19641209,PRCP,0,,,a,
ASN00014073,19641210,PRCP,13,,,a,
ASN00014073,19641211,PRCP,0,,,a,
ASN00014073,19641212,PRCP,0,,,a,
ASN00014073,19641213,PRCP,0,,,a,
ASN00014073,19641214,PRCP,0,,,a,
ASN00014073,19641215,PRCP,0,,,a,
ASN00014073,19641216,PRCP,0,,,a,
ASN00014073,19641217,PRCP,0,,,a,
ASN00014073,19641218,PRCP,0,,,a,
ASN00014073,19641219,PRCP,0,,,a,
ASN00014073,19641220,PRCP,0,,,a,
ASN00014073,19641221,PRCP,0,,,a,
ASN00014073,19641222,PRCP,168,,,a,
ASN00014073,19641223,PRCP,30,,,a,
ASN00014073,19641224,PRCP,0,,,a,
ASN00014073,19641225,PRCP,0,,,a,
ASN00014073,19641226,PRCP,56,,,a,
ASN00014073,19641227,PRCP,114,,,a,
ASN00014073,19641228,PRCP,0,,,a,
ASN00014073,19641229,PRCP,196,,,a,
ASN00014073,19641230,PRCP,10,,,a,
ASN00014073,19641231,PRCP,178,,,a,
ASN00014073,19650101,PRCP,25,,,a,
ASN00014073,19650102,PRCP,28,,,a,
ASN00014073,19650103,PRCP,0,,,a,
ASN00014073,19650104,PRCP,0,,,a,
ASN00014073,19650105,PRCP,0,,,a,
ASN00014073,19650106,PRCP,0,,,a,
ASN00014073,19650107,PRCP,0,,,a,
ASN00014073,19650108,PRCP,0,,,a,
ASN00014073,19650109,PRCP,305,,,a,
ASN00014073,19650110,PRCP,102,,,a,
ASN00014073,19650111,PRCP,28,,,a,
ASN00014073,19650112,PRCP,480,,,a,
ASN00014073,19650113,PRCP,36,,,a,
ASN00014073,19650114,PRCP,0,,,a,
ASN00014073,19650115,PRCP,0,,,a,
ASN00014073,19650116,PRCP,0,,,a,
ASN00014073,19650117,PRCP,0,,,a,
ASN00014073,19650118,PRCP,41,,,a,
ASN00014073,19650119,PRCP,0,,,a,
ASN00014073,19650120,PRCP,0,,,a,
ASN00014073,19650121,PRCP,0,,,a,
ASN00014073,19650122,PRCP,165,,,a,
ASN00014073,19650123,PRCP,51,,,a,
ASN00014073,19650124,PRCP,0,,,a,
ASN00014073,19650125,PRCP,0,,,a,
ASN00014073,19650126,PRCP,180,,,a,
ASN00014073,19650127,PRCP,0,,,a,
ASN00014073,19650128,PRCP,0,,,a,
ASN00014073,19650129,PRCP,0,,,a,
ASN00014073,19650130,PRCP,30,,,a,
ASN00014073,19650131,PRCP,0,,,a,
ASN00014073,19650201,PRCP,0,,,a,
ASN00014073,19650202,PRCP,0,,,a,
ASN00014073,19650203,PRCP,0,,,a,
ASN00014073,19650204,PRCP,0,,,a,
ASN00014073,19650205,PRCP,10,,,a,
ASN00014073,19650206,PRCP,66,,,a,
ASN00014073,19650207,PRCP,13,,,a,
ASN00014073,19650208,PRCP,0,,,a,
ASN00014073,19650209,PRCP,0,,,a,
ASN00014073,19650210,PRCP,0,,,a,
ASN00014073,19650211,PRCP,97,,,a,
ASN00014073,19650212,PRCP,0,,,a,
ASN00014073,19650213,PRCP,33,,,a,
ASN00014073,19650214,PRCP,20,,,a,
ASN00014073,19650215,PRCP,0,,,a,
ASN00014073,19650216,PRCP,76,,,a,
ASN00014073,19650217,PRCP,130,,,a,
ASN00014073,19650218,PRCP,66,,,a,
ASN00014073,19650219,PRCP,0,,,a,
ASN00014073,19650220,PRCP,0,,,a,
ASN00014073,19650221,PRCP,0,,,a,
ASN00014073,19650222,PRCP,0,,,a,
ASN00014073,19650223,PRCP,114,,,a,
ASN00014073,19650224,PRCP,0,,,a,
ASN00014073,19650225,PRCP,20,,,a,
ASN00014073,19650226,PRCP,0,,,a,
ASN00014073,19650227,PRCP,0,,,a,
ASN00014073,19650228,PRCP,102,,,a,
ASN00014073,19650301,PRCP,686,,,a,
ASN00014073,19650302,PRCP,127,,,a,
ASN00014073,19650303,PRCP,64,,,a,
ASN00014073,19650304,PRCP,203,,,a,
ASN00014073,19650305,PRCP,25,,,a,
ASN00014073,19650306,PRCP,625,,,a,
ASN00014073,19650307,PRCP,79,,,a,
ASN00014073,19650308,PRCP,36,,,a,
ASN00014073,19650309,PRCP,23,,,a,
ASN00014073,19650310,PRCP,188,,,a,
ASN00014073,19650311,PRCP,18,,,a,
ASN00014073,19650312,PRCP,193,,,a,
ASN00014073,19650313,PRCP,5,,,a,
ASN00014073,19650314,PRCP,175,,,a,
ASN00014073,19650315,PRCP,97,,,a,
ASN00014073,19650316,PRCP,25,,,a,
ASN00014073,19650317,PRCP,25,,,a,
ASN00014073,19650318,PRCP,208,,,a,
ASN00014073,19650319,PRCP,193,,,a,
ASN00014073,19650320,PRCP,371,,,a,
ASN00014073,19650321,PRCP,127,,,a,
ASN00014073,19650322,PRCP,5,,,a,
ASN00014073,19650323,PRCP,20,,,a,
ASN00014073,19650324,PRCP,318,,,a,
ASN00014073,19650325,PRCP,467,,,a,
ASN00014073,19650326,PRCP,772,,,a,
ASN00014073,19650327,PRCP,147,,,a,
ASN00014073,19650328,PRCP,3,,,a,
ASN00014073,19650329,PRCP,417,,,a,
ASN00014073,19650330,PRCP,91,,,a,
ASN00014073,19650331,PRCP,142,,,a,
ASN00014073,19650401,PRCP,0,,,a,
ASN00014073,19650402,PRCP,0,,,a,
ASN00014073,19650403,PRCP,0,,,a,
ASN00014073,19650404,PRCP,0,,,a,
ASN00014073,19650405,PRCP,0,,,a,
ASN00014073,19650406,PRCP,0,,,a,
ASN00014073,19650407,PRCP,0,,,a,
ASN00014073,19650408,PRCP,0,,,a,
ASN00014073,19650409,PRCP,0,,,a,
ASN00014073,19650410,PRCP,0,,,a,
ASN00014073,19650411,PRCP,0,,,a,
ASN00014073,19650412,PRCP,0,,,a,
ASN00014073,19650413,PRCP,0,,,a,
ASN00014073,19650414,PRCP,0,,,a,
ASN00014073,19650415,PRCP,0,,,a,
ASN00014073,19650416,PRCP,0,,,a,
ASN00014073,19650417,PRCP,0,,,a,
ASN00014073,19650418,PRCP,0,,,a,
ASN00014073,19650419,PRCP,0,,,a,
ASN00014073,19650420,PRCP,0,,,a,
ASN00014073,19650421,PRCP,0,,,a,
ASN00014073,19650422,PRCP,0,,,a,
ASN00014073,19650423,PRCP,0,,,a,
ASN00014073,19650424,PRCP,0,,,a,
ASN00014073,19650425,PRCP,0,,,a,
ASN00014073,19650426,PRCP,0,,,a,
ASN00014073,19650427,PRCP,0,,,a,
ASN00014073,19650428,PRCP,0,,,a,
ASN00014073,19650429,PRCP,0,,,a,
ASN00014073,19650430,PRCP,0,,,a,
ASN00014073,19650501,PRCP,0,,,a,
ASN00014073,19650502,PRCP,0,,,a,
ASN00014073,19650503,PRCP,0,,,a,
ASN00014073,19650504,PRCP,0,,,a,
ASN00014073,19650505,PRCP,0,,,a,
ASN00014073,19650506,PRCP,0,,,a,
ASN00014073,19650507,PRCP,0,,,a,
ASN00014073,19650508,PRCP,0,,,a,
ASN00014073,19650509,PRCP,0,,,a,
ASN00014073,19650510,PRCP,0,,,a,
ASN00014073,19650511,PRCP,0,,,a,
ASN00014073,19650512,PRCP,0,,,a,
ASN00014073,19650513,PRCP,0,,,a,
ASN00014073,19650514,PRCP,0,,,a,
ASN00014073,19650515,PRCP,0,,,a,
ASN00014073,19650516,PRCP,0,,,a,
ASN00014073,19650517,PRCP,0,,,a,
ASN00014073,19650518,PRCP,0,,,a,
ASN00014073,19650519,PRCP,0,,,a,
ASN00014073,19650520,PRCP,0,,,a,
ASN00014073,19650521,PRCP,0,,,a,
ASN00014073,19650522,PRCP,0,,,a,
ASN00014073,19650523,PRCP,279,,,a,
ASN00014073,19650524,PRCP,20,,,a,
ASN00014073,19650525,PRCP,0,,,a,
ASN00014073,19650526,PRCP,0,,,a,
ASN00014073,19650527,PRCP,0,,,a,
ASN00014073,19650528,PRCP,0,,,a,
ASN00014073,19650529,PRCP,0,,,a,
ASN00014073,19650530,PRCP,0,,,a,
ASN00014073,19650531,PRCP,0,,,a,
ASN00014073,19650601,PRCP,0,,,a,
ASN00014073,19650602,PRCP,0,,,a,
ASN00014073,19650603,PRCP,0,,,a,
ASN00014073,19650604,PRCP,0,,,a,
ASN00014073,19650605,PRCP,0,,,a,
ASN00014073,19650606,PRCP,0,,,a,
ASN00014073,19650607,PRCP,0,,,a,
ASN00014073,19650608,PRCP,0,,,a,
ASN00014073,19650609,PRCP,0,,,a,
ASN00014073,19650610,PRCP,0,,,a,
ASN00014073,19650611,PRCP,0,,,a,
ASN00014073,19650612,PRCP,0,,,a,
ASN00014073,19650613,PRCP,0,,,a,
ASN00014073,19650614,PRCP,0,,,a,
ASN00014073,19650615,PRCP,0,,,a,
ASN00014073,19650616,PRCP,0,,,a,
ASN00014073,19650617,PRCP,0,,,a,
ASN00014073,19650618,PRCP,0,,,a,
ASN00014073,19650619,PRCP,0,,,a,
ASN00014073,19650620,PRCP,0,,,a,
ASN00014073,19650621,PRCP,0,,,a,
ASN00014073,19650622,PRCP,0,,,a,
ASN00014073,19650623,PRCP,0,,,a,
ASN00014073,19650624,PRCP,0,,,a,
ASN00014073,19650625,PRCP,0,,,a,
ASN00014073,19650626,PRCP,0,,,a,
ASN00014073,19650627,PRCP,0,,,a,
ASN00014073,19650628,PRCP,0,,,a,
ASN00014073,19650629,PRCP,0,,,a,
ASN00014073,19650630,PRCP,0,,,a,
ASN00014073,19650701,PRCP,0,,,a,
ASN00014073,19650702,PRCP,0,,,a,
ASN00014073,19650703,PRCP,0,,,a,
ASN00014073,19650704,PRCP,0,,,a,
ASN00014073,19650705,PRCP,0,,,a,
ASN00014073,19650706,PRCP,0,,,a,
ASN00014073,19650707,PRCP,0,,,a,
ASN00014073,19650708,PRCP,0,,,a,
ASN00014073,19650709,PRCP,0,,,a,
ASN00014073,19650710,PRCP,0,,,a,
ASN00014073,19650711,PRCP,0,,,a,
ASN00014073,19650712,PRCP,0,,,a,
ASN00014073,19650713,PRCP,0,,,a,
ASN00014073,19650714,PRCP,0,,,a,
ASN00014073,19650715,PRCP,0,,,a,
ASN00014073,19650716,PRCP,0,,,a,
ASN00014073,19650717,PRCP,0,,,a,
ASN00014073,19650718,PRCP,0,,,a,
ASN00014073,19650719,PRCP,0,,,a,
ASN00014073,19650720,PRCP,0,,,a,
ASN00014073,19650721,PRCP,0,,,a,
ASN00014073,19650722,PRCP,0,,,a,
ASN00014073,19650723,PRCP,0,,,a,
ASN00014073,19650724,PRCP,0,,,a,
ASN00014073,19650725,PRCP,0,,,a,
ASN00014073,19650726,PRCP,0,,,a,
ASN00014073,19650727,PRCP,0,,,a,
ASN00014073,19650728,PRCP,0,,,a,
ASN00014073,19650729,PRCP,0,,,a,
ASN00014073,19650730,PRCP,0,,,a,
ASN00014073,19650731,PRCP,0,,,a,
ASN00014073,19650801,PRCP,0,,,a,
ASN00014073,19650802,PRCP,0,,,a,
ASN00014073,19650803,PRCP,0,,,a,
ASN00014073,19650804,PRCP,0,,,a,
ASN00014073,19650805,PRCP,0,,,a,
ASN00014073,19650806,PRCP,0,,,a,
ASN00014073,19650807,PRCP,0,,,a,
ASN00014073,19650808,PRCP,0,,,a,
ASN00014073,19650809,PRCP,0,,,a,
ASN00014073,19650810,PRCP,0,,,a,
ASN00014073,19650811,PRCP,0,,,a,
ASN00014073,19650812,PRCP,0,,,a,
ASN00014073,19650813,PRCP,0,,,a,
ASN00014073,19650814,PRCP,0,,,a,
ASN00014073,19650815,PRCP,0,,,a,
ASN00014073,19650816,PRCP,0,,,a,
ASN00014073,19650817,PRCP,0,,,a,
ASN00014073,19650818,PRCP,0,,,a,
ASN00014073,19650819,PRCP,0,,,a,
ASN00014073,19650820,PRCP,0,,,a,
ASN00014073,19650821,PRCP,0,,,a,
ASN00014073,19650822,PRCP,0,,,a,
ASN00014073,19650823,PRCP,0,,,a,
ASN00014073,19650824,PRCP,0,,,a,
ASN00014073,19650825,PRCP,0,,,a,
ASN00014073,19650826,PRCP,0,,,a,
ASN00014073,19650827,PRCP,0,,,a,
ASN00014073,19650828,PRCP,0,,,a,
ASN00014073,19650829,PRCP,0,,,a,
ASN00014073,19650830,PRCP,0,,,a,
ASN00014073,19650831,PRCP,0,,,a,
ASN00014073,19650901,PRCP,0,,,a,
ASN00014073,19650902,PRCP,0,,,a,
ASN00014073,19650903,PRCP,0,,,a,
ASN00014073,19650904,PRCP,0,,,a,
ASN00014073,19650905,PRCP,0,,,a,
ASN00014073,19650906,PRCP,0,,,a,
ASN00014073,19650907,PRCP,0,,,a,
ASN00014073,19650908,PRCP,0,,,a,
ASN00014073,19650909,PRCP,0,,,a,
ASN00014073,19650910,PRCP,0,,,a,
ASN00014073,19650911,PRCP,0,,,a,
ASN00014073,19650912,PRCP,0,,,a,
ASN00014073,19650913,PRCP,0,,,a,
ASN00014073,19650914,PRCP,0,,,a,
ASN00014073,19650915,PRCP,0,,,a,
ASN00014073,19650916,PRCP,0,,,a,
ASN00014073,19650917,PRCP,0,,,a,
ASN00014073,19650918,PRCP,0,,,a,
ASN00014073,19650919,PRCP,0,,,a,
ASN00014073,19650920,PRCP,0,,,a,
ASN00014073,19650921,PRCP,0,,,a,
ASN00014073,19650922,PRCP,0,,,a,
ASN00014073,19650923,PRCP,0,,,a,
ASN00014073,19650924,PRCP,0,,,a,
ASN00014073,19650925,PRCP,0,,,a,
ASN00014073,19650926,PRCP,0,,,a,
ASN00014073,19650927,PRCP,0,,,a,
ASN00014073,19650928,PRCP,0,,,a,
ASN00014073,19650929,PRCP,0,,,a,
ASN00014073,19650930,PRCP,0,,,a,
ASN00014073,19651001,PRCP,0,,,a,
ASN00014073,19651002,PRCP,0,,,a,
ASN00014073,19651003,PRCP,0,,,a,
ASN00014073,19651004,PRCP,0,,,a,
ASN00014073,19651005,PRCP,0,,,a,
ASN00014073,19651006,PRCP,0,,,a,
ASN00014073,19651007,PRCP,0,,,a,
ASN00014073,19651008,PRCP,0,,,a,
ASN00014073,19651009,PRCP,0,,,a,
ASN00014073,19651010,PRCP,0,,,a,
ASN00014073,19651011,PRCP,0,,,a,
ASN00014073,19651012,PRCP,0,,,a,
ASN00014073,19651013,PRCP,0,,,a,
ASN00014073,19651014,PRCP,41,,,a,
ASN00014073,19651015,PRCP,0,,,a,
ASN00014073,19651016,PRCP,0,,,a,
ASN00014073,19651017,PRCP,0,,,a,
ASN00014073,19651018,PRCP,0,,,a,
ASN00014073,19651019,PRCP,300,,,a,
ASN00014073,19651020,PRCP,0,,,a,
ASN00014073,19651021,PRCP,0,,,a,
ASN00014073,19651022,PRCP,0,,,a,
ASN00014073,19651023,PRCP,0,,,a,
ASN00014073,19651024,PRCP,0,,,a,
ASN00014073,19651025,PRCP,0,,,a,
ASN00014073,19651026,PRCP,0,,,a,
ASN00014073,19651027,PRCP,0,,,a,
ASN00014073,19651028,PRCP,0,,,a,
ASN00014073,19651029,PRCP,0,,,a,
ASN00014073,19651030,PRCP,0,,,a,
ASN00014073,19651031,PRCP,0,,,a,
ASN00014073,19651101,PRCP,0,,,a,
ASN00014073,19651102,PRCP,0,,,a,
ASN00014073,19651103,PRCP,0,,,a,
ASN00014073,19651104,PRCP,0,,,a,
ASN00014073,19651105,PRCP,0,,,a,
ASN00014073,19651106,PRCP,0,,,a,
ASN00014073,19651107,PRCP,0,,,a,
ASN00014073,19651108,PRCP,0,,,a,
ASN00014073,19651109,PRCP,0,,,a,
ASN00014073,19651110,PRCP,0,,,a,
ASN00014073,19651111,PRCP,66,,,a,
ASN00014073,19651112,PRCP,0,,,a,
ASN00014073,19651113,PRCP,142,,,a,
ASN00014073,19651114,PRCP,0,,,a,
ASN00014073,19651115,PRCP,0,,,a,
ASN00014073,19651116,PRCP,84,,,a,
ASN00014073,19651117,PRCP,0,,,a,
ASN00014073,19651118,PRCP,0,,,a,
ASN00014073,19651119,PRCP,0,,,a,
ASN00014073,19651120,PRCP,0,,,a,
ASN00014073,19651121,PRCP,0,,,a,
ASN00014073,19651122,PRCP,46,,,a,
ASN00014073,19651123,PRCP,0,,,a,
ASN00014073,19651124,PRCP,0,,,a,
ASN00014073,19651125,PRCP,0,,,a,
ASN00014073,19651126,PRCP,0,,,a,
ASN00014073,19651127,PRCP,0,,,a,
ASN00014073,19651128,PRCP,0,,,a,
ASN00014073,19651129,PRCP,122,,,a,
ASN00014073,19651130,PRCP,0,,,a,
ASN00014073,19651201,PRCP,38,,,a,
ASN00014073,19651202,PRCP,0,,,a,
ASN00014073,19651203,PRCP,61,,,a,
ASN00014073,19651204,PRCP,0,,,a,
ASN00014073,19651205,PRCP,51,,,a,
ASN00014073,19651206,PRCP,0,,,a,
ASN00014073,19651207,PRCP,10,,,a,
ASN00014073,19651208,PRCP,15,,,a,
ASN00014073,19651209,PRCP,0,,,a,
ASN00014073,19651210,PRCP,160,,,a,
ASN00014073,19651211,PRCP,86,,,a,
ASN00014073,19651212,PRCP,0,,,a,
ASN00014073,19651213,PRCP,99,,,a,
ASN00014073,19651214,PRCP,61,,,a,
ASN00014073,19651215,PRCP,107,,,a,
ASN00014073,19651216,PRCP,3,,,a,
ASN00014073,19651217,PRCP,617,,,a,
ASN00014073,19651218,PRCP,15,,,a,
ASN00014073,19651219,PRCP,104,,,a,
ASN00014073,19651220,PRCP,30,,,a,
ASN00014073,19651221,PRCP,0,,,a,
ASN00014073,19651222,PRCP,0,,,a,
ASN00014073,19651223,PRCP,0,,,a,
ASN00014073,19651224,PRCP,0,,,a,
ASN00014073,19651225,PRCP,0,,,a,
ASN00014073,19651226,PRCP,0,,,a,
ASN00014073,19651227,PRCP,0,,,a,
ASN00014073,19651228,PRCP,18,,,a,
ASN00014073,19651229,PRCP,229,,,a,
ASN00014073,19651230,PRCP,483,,,a,
ASN00014073,19651231,PRCP,5,,,a,
ASN00014073,19660101,PRCP,79,,,a,
ASN00014073,19660102,PRCP,43,,,a,
ASN00014073,19660103,PRCP,0,,,a,
ASN00014073,19660104,PRCP,0,,,a,
ASN00014073,19660105,PRCP,0,,,a,
ASN00014073,19660106,PRCP,0,,,a,
ASN00014073,19660107,PRCP,0,,,a,
ASN00014073,19660108,PRCP,356,,,a,
ASN00014073,19660109,PRCP,216,,,a,
ASN00014073,19660110,PRCP,112,,,a,
ASN00014073,19660111,PRCP,0,,,a,
ASN00014073,19660112,PRCP,0,,,a,
ASN00014073,19660113,PRCP,30,,,a,
ASN00014073,19660114,PRCP,541,,,a,
ASN00014073,19660115,PRCP,201,,,a,
ASN00014073,19660116,PRCP,279,,,a,
ASN00014073,19660117,PRCP,371,,,a,
ASN00014073,19660118,PRCP,201,,,a,
ASN00014073,19660119,PRCP,483,,,a,
ASN00014073,19660120,PRCP,813,,,a,
ASN00014073,19660121,PRCP,104,,,a,
ASN00014073,19660122,PRCP,51,,,a,
ASN00014073,19660123,PRCP,0,,,a,
ASN00014073,19660124,PRCP,51,,,a,
ASN00014073,19660125,PRCP,58,,,a,
ASN00014073,19660126,PRCP,145,,,a,
ASN00014073,19660127,PRCP,124,,,a,
ASN00014073,19660128,PRCP,0,,,a,
ASN00014073,19660129,PRCP,457,,,a,
ASN00014073,19660130,PRCP,0,,,a,
ASN00014073,19660131,PRCP,0,,,a,
ASN00014073,19680701,PRCP,0,,,a,
ASN00014073,19680702,PRCP,0,,,a,
ASN00014073,19680703,PRCP,0,,,a,
ASN00014073,19680704,PRCP,0,,,a,
ASN00014073,19680705,PRCP,0,,,a,
ASN00014073,19680706,PRCP,0,,,a,
ASN00014073,19680707,PRCP,0,,,a,
ASN00014073,19680708,PRCP,0,,,a,
ASN00014073,19680709,PRCP,0,,,a,
ASN00014073,19680710,PRCP,0,,,a,
ASN00014073,19680711,PRCP,0,,,a,
ASN00014073,19680712,PRCP,0,,,a,
ASN00014073,19680713,PRCP,0,,,a,
ASN00014073,19680714,PRCP,0,,,a,
ASN00014073,19680715,PRCP,0,,,a,
ASN00014073,19680716,PRCP,0,,,a,
ASN00014073,19680717,PRCP,0,,,a,
ASN00014073,19680718,PRCP,0,,,a,
ASN00014073,19680719,PRCP,0,,,a,
ASN00014073,19680720,PRCP,0,,,a,
ASN00014073,19680721,PRCP,0,,,a,
ASN00014073,19680722,PRCP,0,,,a,
ASN00014073,19680723,PRCP,0,,,a,
ASN00014073,19680724,PRCP,0,,,a,
ASN00014073,19680725,PRCP,0,,,a,
ASN00014073,19680726,PRCP,0,,,a,
ASN00014073,19680727,PRCP,0,,,a,
ASN00014073,19680728,PRCP,0,,,a,
ASN00014073,19680729,PRCP,0,,,a,
ASN00014073,19680730,PRCP,0,,,a,
ASN00014073,19680731,PRCP,0,,,a,
ASN00014073,19680801,PRCP,0,,,a,
ASN00014073,19680802,PRCP,0,,,a,
ASN00014073,19680803,PRCP,0,,,a,
ASN00014073,19680804,PRCP,0,,,a,
ASN00014073,19680805,PRCP,0,,,a,
ASN00014073,19680806,PRCP,0,,,a,
ASN00014073,19680807,PRCP,0,,,a,
ASN00014073,19680808,PRCP,0,,,a,
ASN00014073,19680809,PRCP,0,,,a,
ASN00014073,19680810,PRCP,0,,,a,
ASN00014073,19680811,PRCP,0,,,a,
ASN00014073,19680812,PRCP,0,,,a,
ASN00014073,19680813,PRCP,0,,,a,
ASN00014073,19680814,PRCP,0,,,a,
ASN00014073,19680815,PRCP,0,,,a,
ASN00014073,19680816,PRCP,0,,,a,
ASN00014073,19680817,PRCP,0,,,a,
ASN00014073,19680818,PRCP,0,,,a,
ASN00014073,19680819,PRCP,0,,,a,
ASN00014073,19680820,PRCP,0,,,a,
ASN00014073,19680821,PRCP,0,,,a,
ASN00014073,19680822,PRCP,0,,,a,
ASN00014073,19680823,PRCP,0,,,a,
ASN00014073,19680824,PRCP,0,,,a,
ASN00014073,19680825,PRCP,0,,,a,
ASN00014073,19680826,PRCP,0,,,a,
ASN00014073,19680827,PRCP,0,,,a,
ASN00014073,19680828,PRCP,0,,,a,
ASN00014073,19680829,PRCP,0,,,a,
ASN00014073,19680830,PRCP,0,,,a,
ASN00014073,19680831,PRCP,0,,,a,
ASN00014073,19680901,PRCP,0,,,a,
ASN00014073,19680902,PRCP,0,,,a,
ASN00014073,19680903,PRCP,0,,,a,
ASN00014073,19680904,PRCP,0,,,a,
ASN00014073,19680905,PRCP,0,,,a,
ASN00014073,19680906,PRCP,0,,,a,
ASN00014073,19680907,PRCP,0,,,a,
ASN00014073,19680908,PRCP,0,,,a,
ASN00014073,19680909,PRCP,0,,,a,
ASN00014073,19680910,PRCP,0,,,a,
ASN00014073,19680911,PRCP,0,,,a,
ASN00014073,19680912,PRCP,0,,,a,
ASN00014073,19680913,PRCP,0,,,a,
ASN00014073,19680914,PRCP,0,,,a,
ASN00014073,19680915,PRCP,0,,,a,
ASN00014073,19680916,PRCP,0,,,a,
ASN00014073,19680917,PRCP,0,,,a,
ASN00014073,19680918,PRCP,0,,,a,
ASN00014073,19680919,PRCP,0,,,a,
ASN00014073,19680920,PRCP,0,,,a,
ASN00014073,19680921,PRCP,0,,,a,
ASN00014073,19680922,PRCP,0,,,a,
ASN00014073,19680923,PRCP,0,,,a,
ASN00014073,19680924,PRCP,0,,,a,
ASN00014073,19680925,PRCP,0,,,a,
ASN00014073,19680926,PRCP,0,,,a,
ASN00014073,19680927,PRCP,0,,,a,
ASN00014073,19680928,PRCP,0,,,a,
ASN00014073,19680929,PRCP,0,,,a,
ASN00014073,19680930,PRCP,0,,,a,
ASN00014073,19681001,PRCP,0,,,a,
ASN00014073,19681002,PRCP,0,,,a,
ASN00014073,19681003,PRCP,0,,,a,
ASN00014073,19681004,PRCP,0,,,a,
ASN00014073,19681005,PRCP,0,,,a,
ASN00014073,19681006,PRCP,0,,,a,
ASN00014073,19681007,PRCP,0,,,a,
ASN00014073,19681008,PRCP,0,,,a,
ASN00014073,19681009,PRCP,0,,,a,
ASN00014073,19681010,PRCP,0,,,a,
ASN00014073,19681011,PRCP,0,,,a,
ASN00014073,19681012,PRCP,0,,,a,
ASN00014073,19681013,PRCP,0,,,a,
ASN00014073,19681014,PRCP,0,,,a,
ASN00014073,19681015,PRCP,0,,,a,
ASN00014073,19681016,PRCP,0,,,a,
ASN00014073,19681017,PRCP,0,,,a,
ASN00014073,19681018,PRCP,0,,,a,
ASN00014073,19681019,PRCP,0,,,a,
ASN00014073,19681020,PRCP,0,,,a,
ASN00014073,19681021,PRCP,0,,,a,
ASN00014073,19681022,PRCP,0,,,a,
ASN00014073,19681023,PRCP,0,,,a,
ASN00014073,19681024,PRCP,0,,,a,
ASN00014073,19681025,PRCP,0,,,a,
ASN00014073,19681026,PRCP,0,,,a,
ASN00014073,19681027,PRCP,0,,,a,
ASN00014073,19681028,PRCP,0,,,a,
ASN00014073,19681029,PRCP,0,,,a,
ASN00014073,19681030,PRCP,0,,,a,
ASN00014073,19681031,PRCP,0,,,a,
ASN00014073,19681101,PRCP,0,,,a,
ASN00014073,19681102,PRCP,0,,,a,
ASN00014073,19681103,PRCP,0,,,a,
ASN00014073,19681104,PRCP,0,,,a,
ASN00014073,19681105,PRCP,0,,,a,
ASN00014073,19681106,PRCP,0,,,a,
ASN00014073,19681107,PRCP,0,,,a,
ASN00014073,19681108,PRCP,0,,,a,
ASN00014073,19681109,PRCP,0,,,a,
ASN00014073,19681110,PRCP,0,,,a,
ASN00014073,19681111,PRCP,0,,,a,
ASN00014073,19681112,PRCP,127,,,a,
ASN00014073,19681113,PRCP,0,,,a,
ASN00014073,19681114,PRCP,41,,,a,
ASN00014073,19681115,PRCP,97,,,a,
ASN00014073,19681116,PRCP,0,,,a,
ASN00014073,19681117,PRCP,0,,,a,
ASN00014073,19681118,PRCP,0,,,a,
ASN00014073,19681119,PRCP,0,,,a,
ASN00014073,19681120,PRCP,0,,,a,
ASN00014073,19681121,PRCP,0,,,a,
ASN00014073,19681122,PRCP,0,,,a,
ASN00014073,19681123,PRCP,0,,,a,
ASN00014073,19681124,PRCP,330,,,a,
ASN00014073,19681125,PRCP,0,,,a,
ASN00014073,19681126,PRCP,0,,,a,
ASN00014073,19681127,PRCP,0,,,a,
ASN00014073,19681128,PRCP,0,,,a,
ASN00014073,19681129,PRCP,0,,,a,
ASN00014073,19681130,PRCP,0,,,a,
ASN00014073,19681201,PRCP,0,,,a,
ASN00014073,19681202,PRCP,0,,,a,
ASN00014073,19681203,PRCP,0,,,a,
ASN00014073,19681204,PRCP,74,,,a,
ASN00014073,19681205,PRCP,0,,,a,
ASN00014073,19681206,PRCP,0,,,a,
ASN00014073,19681207,PRCP,0,,,a,
ASN00014073,19681208,PRCP,0,,,a,
ASN00014073,19681209,PRCP,0,,,a,
ASN00014073,19681210,PRCP,102,,,a,
ASN00014073,19681211,PRCP,0,,,a,
ASN00014073,19681212,PRCP,0,,,a,
ASN00014073,19681213,PRCP,0,,,a,
ASN00014073,19681214,PRCP,0,,,a,
ASN00014073,19681215,PRCP,0,,,a,
ASN00014073,19681216,PRCP,0,,,a,
ASN00014073,19681217,PRCP,79,,,a,
ASN00014073,19681218,PRCP,0,,,a,
ASN00014073,19681219,PRCP,0,,,a,
ASN00014073,19681220,PRCP,0,,,a,
ASN00014073,19681221,PRCP,0,,,a,
ASN00014073,19681222,PRCP,0,,,a,
ASN00014073,19681223,PRCP,0,,,a,
ASN00014073,19681224,PRCP,0,,,a,
ASN00014073,19681225,PRCP,0,,,a,
ASN00014073,19681226,PRCP,0,,,a,
ASN00014073,19681227,PRCP,0,,,a,
ASN00014073,19681228,PRCP,0,,,a,
ASN00014073,19681229,PRCP,0,,,a,
ASN00014073,19681230,PRCP,0,,,a,
ASN00014073,19681231,PRCP,0,,,a,
ASN00014073,19690101,PRCP,0,,,a,
ASN00014073,19690102,PRCP,0,,,a,
ASN00014073,19690103,PRCP,0,,,a,
ASN00014073,19690104,PRCP,99,,,a,
ASN00014073,19690105,PRCP,79,,,a,
ASN00014073,19690106,PRCP,0,,,a,
ASN00014073,19690107,PRCP,0,,,a,
ASN00014073,19690108,PRCP,41,,,a,
ASN00014073,19690109,PRCP,0,,,a,
ASN00014073,19690110,PRCP,0,,,a,
ASN00014073,19690111,PRCP,0,,,a,
ASN00014073,19690112,PRCP,0,,,a,
ASN00014073,19690113,PRCP,0,,,a,
ASN00014073,19690114,PRCP,104,,,a,
ASN00014073,19690115,PRCP,0,,,a,
ASN00014073,19690116,PRCP,0,,,a,
ASN00014073,19690117,PRCP,0,,,a,
ASN00014073,19690118,PRCP,254,,,a,
ASN00014073,19690119,PRCP,0,,,a,
ASN00014073,19690120,PRCP,0,,,a,
ASN00014073,19690121,PRCP,325,,,a,
ASN00014073,19690122,PRCP,0,,,a,
ASN00014073,19690123,PRCP,0,,,a,
ASN00014073,19690124,PRCP,0,,,a,
ASN00014073,19690125,PRCP,114,,,a,
ASN00014073,19690126,PRCP,0,,,a,
ASN00014073,19690127,PRCP,0,,,a,
ASN00014073,19690128,PRCP,0,,,a,
ASN00014073,19690129,PRCP,254,,,a,
ASN00014073,19690130,PRCP,0,,,a,
ASN00014073,19690131,PRCP,142,,,a,
ASN00014073,19690201,PRCP,0,,,a,
ASN00014073,19690202,PRCP,0,,,a,
ASN00014073,19690203,PRCP,0,,,a,
ASN00014073,19690204,PRCP,0,,,a,
ASN00014073,19690205,PRCP,0,,,a,
ASN00014073,19690206,PRCP,0,,,a,
ASN00014073,19690207,PRCP,0,,,a,
ASN00014073,19690208,PRCP,0,,,a,
ASN00014073,19690209,PRCP,356,,,a,
ASN00014073,19690210,PRCP,97,,,a,
ASN00014073,19690211,PRCP,76,,,a,
ASN00014073,19690212,PRCP,0,,,a,
ASN00014073,19690213,PRCP,0,,,a,
ASN00014073,19690214,PRCP,0,,,a,
ASN00014073,19690215,PRCP,305,,,a,
ASN00014073,19690216,PRCP,533,,,a,
ASN00014073,19690217,PRCP,102,,,a,
ASN00014073,19690218,PRCP,0,,,a,
ASN00014073,19690219,PRCP,0,,,a,
ASN00014073,19690220,PRCP,41,,,a,
ASN00014073,19690221,PRCP,97,,,a,
ASN00014073,19690222,PRCP,0,,,a,
ASN00014073,19690223,PRCP,0,,,a,
ASN00014073,19690224,PRCP,0,,,a,
ASN00014073,19690225,PRCP,102,,,a,
ASN00014073,19690226,PRCP,330,,,a,
ASN00014073,19690227,PRCP,533,,,a,
ASN00014073,19690228,PRCP,0,,,a,
ASN00014073,19690301,PRCP,97,,,a,
ASN00014073,19690302,PRCP,330,,,a,
ASN00014073,19690401,PRCP,0,,,a,
ASN00014073,19690402,PRCP,0,,,a,
ASN00014073,19690403,PRCP,0,,,a,
ASN00014073,19690404,PRCP,0,,,a,
ASN00014073,19690405,PRCP,0,,,a,
ASN00014073,19690406,PRCP,0,,,a,
ASN00014073,19690407,PRCP,0,,,a,
ASN00014073,19690408,PRCP,0,,,a,
ASN00014073,19690409,PRCP,0,,,a,
ASN00014073,19690410,PRCP,0,,,a,
ASN00014073,19690411,PRCP,0,,,a,
ASN00014073,19690412,PRCP,0,,,a,
ASN00014073,19690413,PRCP,0,,,a,
ASN00014073,19690414,PRCP,0,,,a,
ASN00014073,19690415,PRCP,0,,,a,
ASN00014073,19690416,PRCP,0,,,a,
ASN00014073,19690417,PRCP,0,,,a,
ASN00014073,19690418,PRCP,0,,,a,
ASN00014073,19690419,PRCP,0,,,a,
ASN00014073,19690420,PRCP,0,,,a,
ASN00014073,19690421,PRCP,0,,,a,
ASN00014073,19690422,PRCP,0,,,a,
ASN00014073,19690423,PRCP,0,,,a,
ASN00014073,19690424,PRCP,0,,,a,
ASN00014073,19690425,PRCP,0,,,a,
ASN00014073,19690426,PRCP,0,,,a,
ASN00014073,19690427,PRCP,0,,,a,
ASN00014073,19690428,PRCP,0,,,a,
ASN00014073,19690429,PRCP,0,,,a,
ASN00014073,19690430,PRCP,0,,,a,
ASN00014073,19690501,PRCP,0,,,a,
ASN00014073,19690502,PRCP,0,,,a,
ASN00014073,19690503,PRCP,0,,,a,
ASN00014073,19690504,PRCP,0,,,a,
ASN00014073,19690505,PRCP,0,,,a,
ASN00014073,19690506,PRCP,0,,,a,
ASN00014073,19690507,PRCP,0,,,a,
ASN00014073,19690508,PRCP,0,,,a,
ASN00014073,19690509,PRCP,0,,,a,
ASN00014073,19690510,PRCP,0,,,a,
ASN00014073,19690511,PRCP,0,,,a,
ASN00014073,19690512,PRCP,0,,,a,
ASN00014073,19690513,PRCP,0,,,a,
ASN00014073,19690514,PRCP,0,,,a,
ASN00014073,19690515,PRCP,0,,,a,
ASN00014073,19690516,PRCP,0,,,a,
ASN00014073,19690517,PRCP,0,,,a,
ASN00014073,19690518,PRCP,0,,,a,
ASN00014073,19690519,PRCP,0,,,a,
ASN00014073,19690520,PRCP,0,,,a,
ASN00014073,19690521,PRCP,0,,,a,
ASN00014073,19690522,PRCP,0,,,a,
ASN00014073,19690523,PRCP,0,,,a,
ASN00014073,19690524,PRCP,0,,,a,
ASN00014073,19690525,PRCP,0,,,a,
ASN00014073,19690526,PRCP,0,,,a,
ASN00014073,19690527,PRCP,0,,,a,
ASN00014073,19690528,PRCP,0,,,a,
ASN00014073,19690529,PRCP,0,,,a,
ASN00014073,19690530,PRCP,0,,,a,
ASN00014073,19690531,PRCP,0,,,a,
ASN00014073,19690601,PRCP,0,,,a,
ASN00014073,19690602,PRCP,0,,,a,
ASN00014073,19690603,PRCP,0,,,a,
ASN00014073,19690604,PRCP,0,,,a,
ASN00014073,19690605,PRCP,0,,,a,
ASN00014073,19690606,PRCP,0,,,a,
ASN00014073,19690607,PRCP,0,,,a,
ASN00014073,19690608,PRCP,0,,,a,
ASN00014073,19690609,PRCP,0,,,a,
ASN00014073,19690610,PRCP,0,,,a,
ASN00014073,19690611,PRCP,0,,,a,
ASN00014073,19690612,PRCP,0,,,a,
ASN00014073,19690613,PRCP,0,,,a,
ASN00014073,19690614,PRCP,0,,,a,
ASN00014073,19690615,PRCP,0,,,a,
ASN00014073,19690616,PRCP,0,,,a,
ASN00014073,19690617,PRCP,0,,,a,
ASN00014073,19690618,PRCP,0,,,a,
ASN00014073,19690619,PRCP,0,,,a,
ASN00014073,19690620,PRCP,0,,,a,
ASN00014073,19690621,PRCP,0,,,a,
ASN00014073,19690622,PRCP,0,,,a,
ASN00014073,19690623,PRCP,0,,,a,
ASN00014073,19690624,PRCP,0,,,a,
ASN00014073,19690625,PRCP,0,,,a,
ASN00014073,19690626,PRCP,0,,,a,
ASN00014073,19690627,PRCP,0,,,a,
ASN00014073,19690628,PRCP,0,,,a,
ASN00014073,19690629,PRCP,0,,,a,
ASN00014073,19690630,PRCP,0,,,a,
ASN00014073,19690701,PRCP,0,,,a,
ASN00014073,19690702,PRCP,0,,,a,
ASN00014073,19690703,PRCP,0,,,a,
ASN00014073,19690704,PRCP,0,,,a,
ASN00014073,19690705,PRCP,0,,,a,
ASN00014073,19690706,PRCP,0,,,a,
ASN00014073,19690707,PRCP,0,,,a,
ASN00014073,19690708,PRCP,0,,,a,
ASN00014073,19690709,PRCP,0,,,a,
ASN00014073,19690710,PRCP,0,,,a,
ASN00014073,19690711,PRCP,0,,,a,
ASN00014073,19690712,PRCP,0,,,a,
ASN00014073,19690713,PRCP,0,,,a,
ASN00014073,19690714,PRCP,0,,,a,
ASN00014073,19690715,PRCP,0,,,a,
ASN00014073,19690716,PRCP,0,,,a,
ASN00014073,19690717,PRCP,0,,,a,
ASN00014073,19690718,PRCP,0,,,a,
ASN00014073,19690719,PRCP,0,,,a,
ASN00014073,19690720,PRCP,0,,,a,
ASN00014073,19690721,PRCP,0,,,a,
ASN00014073,19690722,PRCP,0,,,a,
ASN00014073,19690723,PRCP,0,,,a,
ASN00014073,19690724,PRCP,0,,,a,
ASN00014073,19690725,PRCP,0,,,a,
ASN00014073,19690726,PRCP,0,,,a,
ASN00014073,19690727,PRCP,0,,,a,
ASN00014073,19690728,PRCP,0,,,a,
ASN00014073,19690729,PRCP,0,,,a,
ASN00014073,19690730,PRCP,0,,,a,
ASN00014073,19690731,PRCP,0,,,a,
ASN00014073,19690801,PRCP,0,,,a,
ASN00014073,19690802,PRCP,0,,,a,
ASN00014073,19690803,PRCP,0,,,a,
ASN00014073,19690804,PRCP,0,,,a,
ASN00014073,19690805,PRCP,0,,,a,
ASN00014073,19690806,PRCP,0,,,a,
ASN00014073,19690807,PRCP,0,,,a,
ASN00014073,19690808,PRCP,0,,,a,
ASN00014073,19690809,PRCP,0,,,a,
ASN00014073,19690810,PRCP,0,,,a,
ASN00014073,19690811,PRCP,0,,,a,
ASN00014073,19690812,PRCP,0,,,a,
ASN00014073,19690813,PRCP,0,,,a,
ASN00014073,19690814,PRCP,0,,,a,
ASN00014073,19690815,PRCP,0,,,a,
ASN00014073,19690816,PRCP,0,,,a,
ASN00014073,19690817,PRCP,0,,,a,
ASN00014073,19690818,PRCP,0,,,a,
ASN00014073,19690819,PRCP,0,,,a,
ASN00014073,19690820,PRCP,0,,,a,
ASN00014073,19690821,PRCP,0,,,a,
ASN00014073,19690822,PRCP,0,,,a,
ASN00014073,19690823,PRCP,0,,,a,
ASN00014073,19690824,PRCP,0,,,a,
ASN00014073,19690825,PRCP,0,,,a,
ASN00014073,19690826,PRCP,0,,,a,
ASN00014073,19690827,PRCP,0,,,a,
ASN00014073,19690828,PRCP,0,,,a,
ASN00014073,19690829,PRCP,0,,,a,
ASN00014073,19690830,PRCP,0,,,a,
ASN00014073,19690831,PRCP,0,,,a,
ASN00014073,19690901,PRCP,0,,,a,
ASN00014073,19690902,PRCP,0,,,a,
ASN00014073,19690903,PRCP,0,,,a,
ASN00014073,19690904,PRCP,0,,,a,
ASN00014073,19690905,PRCP,0,,,a,
ASN00014073,19690906,PRCP,0,,,a,
ASN00014073,19690907,PRCP,0,,,a,
ASN00014073,19690908,PRCP,0,,,a,
ASN00014073,19690909,PRCP,0,,,a,
ASN00014073,19690910,PRCP,0,,,a,
ASN00014073,19690911,PRCP,0,,,a,
ASN00014073,19690912,PRCP,0,,,a,
ASN00014073,19690913,PRCP,0,,,a,
ASN00014073,19690914,PRCP,0,,,a,
ASN00014073,19690915,PRCP,0,,,a,
ASN00014073,19690916,PRCP,0,,,a,
ASN00014073,19690917,PRCP,0,,,a,
ASN00014073,19690918,PRCP,0,,,a,
ASN00014073,19690919,PRCP,0,,,a,
ASN00014073,19690920,PRCP,0,,,a,
ASN00014073,19690921,PRCP,0,,,a,
ASN00014073,19690922,PRCP,0,,,a,
ASN00014073,19690923,PRCP,0,,,a,
ASN00014073,19690924,PRCP,0,,,a,
ASN00014073,19690925,PRCP,0,,,a,
ASN00014073,19690926,PRCP,0,,,a,
ASN00014073,19690927,PRCP,0,,,a,
ASN00014073,19690928,PRCP,0,,,a,
ASN00014073,19690929,PRCP,0,,,a,
ASN00014073,19690930,PRCP,0,,,a,
ASN00014073,19691001,PRCP,0,,,a,
ASN00014073,19691002,PRCP,0,,,a,
ASN00014073,19691003,PRCP,0,,,a,
ASN00014073,19691004,PRCP,0,,,a,
ASN00014073,19691005,PRCP,0,,,a,
ASN00014073,19691006,PRCP,0,,,a,
ASN00014073,19691007,PRCP,0,,,a,
ASN00014073,19691008,PRCP,0,,,a,
ASN00014073,19691009,PRCP,0,,,a,
ASN00014073,19691010,PRCP,0,,,a,
ASN00014073,19691011,PRCP,0,,,a,
ASN00014073,19691012,PRCP,0,,,a,
ASN00014073,19691013,PRCP,0,,,a,
ASN00014073,19691014,PRCP,0,,,a,
ASN00014073,19691015,PRCP,0,,,a,
ASN00014073,19691016,PRCP,0,,,a,
ASN00014073,19691017,PRCP,0,,,a,
ASN00014073,19691018,PRCP,0,,,a,
ASN00014073,19691019,PRCP,79,,,a,
ASN00014073,19691020,PRCP,104,,,a,
ASN00014073,19691021,PRCP,18,,,a,
ASN00014073,19691022,PRCP,0,,,a,
ASN00014073,19691023,PRCP,97,,,a,
ASN00014073,19691024,PRCP,48,,,a,
ASN00014073,19691025,PRCP,76,,,a,
ASN00014073,19691026,PRCP,18,,,a,
ASN00014073,19691027,PRCP,25,,,a,
ASN00014073,19691028,PRCP,0,,,a,
ASN00014073,19691029,PRCP,0,,,a,
ASN00014073,19691030,PRCP,8,,,a,
ASN00014073,19691031,PRCP,0,,,a,
ASN00014073,19691101,PRCP,157,,,a,
ASN00014073,19691102,PRCP,0,,,a,
ASN00014073,19691103,PRCP,109,,,a,
ASN00014073,19691104,PRCP,0,,,a,
ASN00014073,19691105,PRCP,0,,,a,
ASN00014073,19691106,PRCP,23,,,a,
ASN00014073,19691107,PRCP,0,,,a,
ASN00014073,19691108,PRCP,0,,,a,
ASN00014073,19691109,PRCP,0,,,a,
ASN00014073,19691110,PRCP,18,,,a,
ASN00014073,19691111,PRCP,0,,,a,
ASN00014073,19691112,PRCP,0,,,a,
ASN00014073,19691113,PRCP,0,,,a,
ASN00014073,19691114,PRCP,0,,,a,
ASN00014073,19691115,PRCP,0,,,a,
ASN00014073,19691116,PRCP,0,,,a,
ASN00014073,19691117,PRCP,0,,,a,
ASN00014073,19691118,PRCP,23,,,a,
ASN00014073,19691119,PRCP,0,,,a,
ASN00014073,19691120,PRCP,0,,,a,
ASN00014073,19691121,PRCP,0,,,a,
ASN00014073,19691122,PRCP,0,,,a,
ASN00014073,19691123,PRCP,0,,,a,
ASN00014073,19691124,PRCP,0,,,a,
ASN00014073,19691125,PRCP,0,,,a,
ASN00014073,19691126,PRCP,0,,,a,
ASN00014073,19691127,PRCP,0,,,a,
ASN00014073,19691128,PRCP,0,,,a,
ASN00014073,19691129,PRCP,38,,,a,
ASN00014073,19691130,PRCP,66,,,a,
ASN00014073,19691201,PRCP,0,,,a,
ASN00014073,19691202,PRCP,0,,,a,
ASN00014073,19691203,PRCP,152,,,a,
ASN00014073,19691204,PRCP,0,,,a,
ASN00014073,19691205,PRCP,0,,,a,
ASN00014073,19691206,PRCP,0,,,a,
ASN00014073,19691207,PRCP,0,,,a,
ASN00014073,19691208,PRCP,0,,,a,
ASN00014073,19691209,PRCP,0,,,a,
ASN00014073,19691210,PRCP,0,,,a,
ASN00014073,19691211,PRCP,0,,,a,
ASN00014073,19691212,PRCP,79,,,a,
ASN00014073,19691213,PRCP,0,,,a,
ASN00014073,19691214,PRCP,0,,,a,
ASN00014073,19691215,PRCP,53,,,a,
ASN00014073,19691216,PRCP,0,,,a,
ASN00014073,19691217,PRCP,178,,,a,
ASN00014073,19691218,PRCP,53,,,a,
ASN00014073,19691219,PRCP,13,,,a,
ASN00014073,19691220,PRCP,18,,,a,
ASN00014073,19691221,PRCP,91,,,a,
ASN00014073,19691222,PRCP,257,,,a,
ASN00014073,19691223,PRCP,0,,,a,
ASN00014073,19691224,PRCP,155,,,a,
ASN00014073,19691225,PRCP,0,,,a,
ASN00014073,19691226,PRCP,0,,,a,
ASN00014073,19691227,PRCP,0,,,a,
ASN00014073,19691228,PRCP,0,,,a,
ASN00014073,19691229,PRCP,0,,,a,
ASN00014073,19691230,PRCP,0,,,a,
ASN00014073,19691231,PRCP,0,,,a,
ASN00014073,19700101,PRCP,0,,,a,
ASN00014073,19700102,PRCP,0,,,a,
ASN00014073,19700103,PRCP,231,,,a,
ASN00014073,19700104,PRCP,66,,,a,
ASN00014073,19700105,PRCP,0,,,a,
ASN00014073,19700106,PRCP,0,,,a,
ASN00014073,19700107,PRCP,0,,,a,
ASN00014073,19700108,PRCP,0,,,a,
ASN00014073,19700109,PRCP,0,,,a,
ASN00014073,19700110,PRCP,201,,,a,
ASN00014073,19700111,PRCP,0,,,a,
ASN00014073,19700112,PRCP,0,,,a,
ASN00014073,19700113,PRCP,307,,,a,
ASN00014073,19700114,PRCP,0,,,a,
ASN00014073,19700115,PRCP,0,,,a,
ASN00014073,19700116,PRCP,0,,,a,
ASN00014073,19700117,PRCP,0,,,a,
ASN00014073,19700118,PRCP,0,,,a,
ASN00014073,19700119,PRCP,13,,,a,
ASN00014073,19700120,PRCP,0,,,a,
ASN00014073,19700121,PRCP,38,,,a,
ASN00014073,19700122,PRCP,226,,,a,
ASN00014073,19700123,PRCP,0,,,a,
ASN00014073,19700124,PRCP,203,,,a,
ASN00014073,19700125,PRCP,41,,,a,
ASN00014073,19700126,PRCP,28,,,a,
ASN00014073,19700127,PRCP,348,,,a,
ASN00014073,19700128,PRCP,241,,,a,
ASN00014073,19700129,PRCP,56,,,a,
ASN00014073,19700130,PRCP,13,,,a,
ASN00014073,19700131,PRCP,5,,,a,
ASN00014073,19700201,PRCP,8,,,a,
ASN00014073,19700202,PRCP,0,,,a,
ASN00014073,19700203,PRCP,0,,,a,
ASN00014073,19700204,PRCP,15,,,a,
ASN00014073,19700205,PRCP,178,,,a,
ASN00014073,19700206,PRCP,56,,,a,
ASN00014073,19700207,PRCP,53,,,a,
ASN00014073,19700208,PRCP,287,,,a,
ASN00014073,19700209,PRCP,13,,,a,
ASN00014073,19700210,PRCP,381,,,a,
ASN00014073,19700211,PRCP,229,,,a,
ASN00014073,19700212,PRCP,86,,,a,
ASN00014073,19700213,PRCP,5,,,a,
ASN00014073,19700214,PRCP,0,,,a,
ASN00014073,19700215,PRCP,69,,,a,
ASN00014073,19700216,PRCP,0,,,a,
ASN00014073,19700217,PRCP,0,,,a,
ASN00014073,19700218,PRCP,0,,,a,
ASN00014073,19700219,PRCP,0,,,a,
ASN00014073,19700220,PRCP,53,,,a,
ASN00014073,19700221,PRCP,132,,,a,
ASN00014073,19700222,PRCP,638,,,a,
ASN00014073,19700223,PRCP,0,,,a,
ASN00014073,19700224,PRCP,0,,,a,
ASN00014073,19700225,PRCP,0,,,a,
ASN00014073,19700226,PRCP,18,,,a,
ASN00014073,19700227,PRCP,0,,,a,
ASN00014073,19700228,PRCP,25,,,a,
ASN00014073,19700301,PRCP,51,,,a,
ASN00014073,19700302,PRCP,0,,,a,
ASN00014073,19700303,PRCP,114,,,a,
ASN00014073,19700304,PRCP,0,,,a,
ASN00014073,19700305,PRCP,0,,,a,
ASN00014073,19700306,PRCP,0,,,a,
ASN00014073,19700307,PRCP,0,,,a,
ASN00014073,19700308,PRCP,0,,,a,
ASN00014073,19700309,PRCP,0,,,a,
ASN00014073,19700310,PRCP,0,,,a,
ASN00014073,19700311,PRCP,0,,,a,
ASN00014073,19700312,PRCP,0,,,a,
ASN00014073,19700313,PRCP,0,,,a,
ASN00014073,19700314,PRCP,15,,,a,
ASN00014073,19700315,PRCP,0,,,a,
ASN00014073,19700316,PRCP,0,,,a,
ASN00014073,19700317,PRCP,0,,,a,
ASN00014073,19700318,PRCP,38,,,a,
ASN00014073,19700319,PRCP,0,,,a,
ASN00014073,19700320,PRCP,0,,,a,
ASN00014073,19700321,PRCP,0,,,a,
ASN00014073,19700322,PRCP,0,,,a,
ASN00014073,19700323,PRCP,0,,,a,
ASN00014073,19700324,PRCP,0,,,a,
ASN00014073,19700325,PRCP,0,,,a,
ASN00014073,19700326,PRCP,0,,,a,
ASN00014073,19700327,PRCP,0,,,a,
ASN00014073,19700328,PRCP,0,,,a,
ASN00014073,19700329,PRCP,259,,,a,
ASN00014073,19700330,PRCP,221,,,a,
ASN00014073,19700331,PRCP,0,,,a,
ASN00014073,19700401,PRCP,0,,,a,
ASN00014073,19700402,PRCP,0,,,a,
ASN00014073,19700403,PRCP,0,,,a,
ASN00014073,19700404,PRCP,0,,,a,
ASN00014073,19700405,PRCP,0,,,a,
ASN00014073,19700406,PRCP,0,,,a,
ASN00014073,19700407,PRCP,0,,,a,
ASN00014073,19700408,PRCP,0,,,a,
ASN00014073,19700409,PRCP,0,,,a,
ASN00014073,19700410,PRCP,0,,,a,
ASN00014073,19700411,PRCP,0,,,a,
ASN00014073,19700412,PRCP,0,,,a,
ASN00014073,19700413,PRCP,0,,,a,
ASN00014073,19700414,PRCP,157,,,a,
ASN00014073,19700415,PRCP,0,,,a,
ASN00014073,19700416,PRCP,0,,,a,
ASN00014073,19700417,PRCP,0,,,a,
ASN00014073,19700418,PRCP,0,,,a,
ASN00014073,19700419,PRCP,0,,,a,
ASN00014073,19700420,PRCP,0,,,a,
ASN00014073,19700421,PRCP,0,,,a,
ASN00014073,19700422,PRCP,0,,,a,
ASN00014073,19700423,PRCP,127,,,a,
ASN00014073,19700424,PRCP,262,,,a,
ASN00014073,19700425,PRCP,135,,,a,
ASN00014073,19700426,PRCP,107,,,a,
ASN00014073,19700427,PRCP,0,,,a,
ASN00014073,19700428,PRCP,0,,,a,
ASN00014073,19700429,PRCP,0,,,a,
ASN00014073,19700430,PRCP,0,,,a,
ASN00014073,19700501,PRCP,0,,,a,
ASN00014073,19700502,PRCP,0,,,a,
ASN00014073,19700503,PRCP,0,,,a,
ASN00014073,19700504,PRCP,0,,,a,
ASN00014073,19700505,PRCP,0,,,a,
ASN00014073,19700506,PRCP,0,,,a,
ASN00014073,19700507,PRCP,0,,,a,
ASN00014073,19700508,PRCP,0,,,a,
ASN00014073,19700509,PRCP,0,,,a,
ASN00014073,19700510,PRCP,0,,,a,
ASN00014073,19700511,PRCP,0,,,a,
ASN00014073,19700512,PRCP,0,,,a,
ASN00014073,19700513,PRCP,0,,,a,
ASN00014073,19700514,PRCP,0,,,a,
ASN00014073,19700515,PRCP,0,,,a,
ASN00014073,19700516,PRCP,0,,,a,
ASN00014073,19700517,PRCP,0,,,a,
ASN00014073,19700518,PRCP,0,,,a,
ASN00014073,19700519,PRCP,0,,,a,
ASN00014073,19700520,PRCP,0,,,a,
ASN00014073,19700521,PRCP,0,,,a,
ASN00014073,19700522,PRCP,0,,,a,
ASN00014073,19700523,PRCP,0,,,a,
ASN00014073,19700524,PRCP,0,,,a,
ASN00014073,19700525,PRCP,0,,,a,
ASN00014073,19700526,PRCP,0,,,a,
ASN00014073,19700527,PRCP,0,,,a,
ASN00014073,19700528,PRCP,0,,,a,
ASN00014073,19700529,PRCP,0,,,a,
ASN00014073,19700530,PRCP,0,,,a,
ASN00014073,19700531,PRCP,0,,,a,
ASN00014073,19700601,PRCP,0,,,a,
ASN00014073,19700602,PRCP,0,,,a,
ASN00014073,19700603,PRCP,0,,,a,
ASN00014073,19700604,PRCP,0,,,a,
ASN00014073,19700605,PRCP,0,,,a,
ASN00014073,19700606,PRCP,0,,,a,
ASN00014073,19700607,PRCP,0,,,a,
ASN00014073,19700608,PRCP,0,,,a,
ASN00014073,19700609,PRCP,0,,,a,
ASN00014073,19700610,PRCP,0,,,a,
ASN00014073,19700611,PRCP,0,,,a,
ASN00014073,19700612,PRCP,0,,,a,
ASN00014073,19700613,PRCP,0,,,a,
ASN00014073,19700614,PRCP,0,,,a,
ASN00014073,19700615,PRCP,0,,,a,
ASN00014073,19700616,PRCP,0,,,a,
ASN00014073,19700617,PRCP,0,,,a,
ASN00014073,19700618,PRCP,0,,,a,
ASN00014073,19700619,PRCP,0,,,a,
ASN00014073,19700620,PRCP,0,,,a,
ASN00014073,19700621,PRCP,48,,,a,
ASN00014073,19700622,PRCP,0,,,a,
ASN00014073,19700623,PRCP,0,,,a,
ASN00014073,19700624,PRCP,0,,,a,
ASN00014073,19700625,PRCP,0,,,a,
ASN00014073,19700626,PRCP,0,,,a,
ASN00014073,19700627,PRCP,0,,,a,
ASN00014073,19700628,PRCP,0,,,a,
ASN00014073,19700629,PRCP,0,,,a,
ASN00014073,19700630,PRCP,0,,,a,
ASN00014073,19700701,PRCP,0,,,a,
ASN00014073,19700702,PRCP,0,,,a,
ASN00014073,19700703,PRCP,0,,,a,
ASN00014073,19700704,PRCP,0,,,a,
ASN00014073,19700705,PRCP,0,,,a,
ASN00014073,19700706,PRCP,0,,,a,
ASN00014073,19700707,PRCP,0,,,a,
ASN00014073,19700708,PRCP,0,,,a,
ASN00014073,19700709,PRCP,0,,,a,
ASN00014073,19700710,PRCP,0,,,a,
ASN00014073,19700711,PRCP,0,,,a,
ASN00014073,19700712,PRCP,0,,,a,
ASN00014073,19700713,PRCP,0,,,a,
ASN00014073,19700714,PRCP,0,,,a,
ASN00014073,19700715,PRCP,0,,,a,
ASN00014073,19700716,PRCP,0,,,a,
ASN00014073,19700717,PRCP,0,,,a,
ASN00014073,19700718,PRCP,0,,,a,
ASN00014073,19700719,PRCP,0,,,a,
ASN00014073,19700720,PRCP,0,,,a,
ASN00014073,19700721,PRCP,0,,,a,
ASN00014073,19700722,PRCP,0,,,a,
ASN00014073,19700723,PRCP,0,,,a,
ASN00014073,19700724,PRCP,0,,,a,
ASN00014073,19700725,PRCP,0,,,a,
ASN00014073,19700726,PRCP,0,,,a,
ASN00014073,19700727,PRCP,0,,,a,
ASN00014073,19700728,PRCP,0,,,a,
ASN00014073,19700729,PRCP,0,,,a,
ASN00014073,19700730,PRCP,0,,,a,
ASN00014073,19700731,PRCP,0,,,a,
ASN00014073,19700801,PRCP,0,,,a,
ASN00014073,19700802,PRCP,0,,,a,
ASN00014073,19700803,PRCP,0,,,a,
ASN00014073,19700804,PRCP,0,,,a,
ASN00014073,19700805,PRCP,0,,,a,
ASN00014073,19700806,PRCP,0,,,a,
ASN00014073,19700807,PRCP,0,,,a,
ASN00014073,19700808,PRCP,0,,,a,
ASN00014073,19700809,PRCP,0,,,a,
ASN00014073,19700810,PRCP,0,,,a,
ASN00014073,19700811,PRCP,0,,,a,
ASN00014073,19700812,PRCP,0,,,a,
ASN00014073,19700813,PRCP,0,,,a,
ASN00014073,19700814,PRCP,0,,,a,
ASN00014073,19700815,PRCP,0,,,a,
ASN00014073,19700816,PRCP,0,,,a,
ASN00014073,19700817,PRCP,0,,,a,
ASN00014073,19700818,PRCP,0,,,a,
ASN00014073,19700819,PRCP,0,,,a,
ASN00014073,19700820,PRCP,0,,,a,
ASN00014073,19700821,PRCP,0,,,a,
ASN00014073,19700822,PRCP,0,,,a,
ASN00014073,19700823,PRCP,0,,,a,
ASN00014073,19700824,PRCP,0,,,a,
ASN00014073,19700825,PRCP,0,,,a,
ASN00014073,19700826,PRCP,0,,,a,
ASN00014073,19700827,PRCP,0,,,a,
ASN00014073,19700828,PRCP,0,,,a,
ASN00014073,19700829,PRCP,0,,,a,
ASN00014073,19700830,PRCP,0,,,a,
ASN00014073,19700831,PRCP,0,,,a,
ASN00014073,19700901,PRCP,0,,,a,
ASN00014073,19700902,PRCP,0,,,a,
ASN00014073,19700903,PRCP,0,,,a,
ASN00014073,19700904,PRCP,0,,,a,
ASN00014073,19700905,PRCP,0,,,a,
ASN00014073,19700906,PRCP,0,,,a,
ASN00014073,19700907,PRCP,0,,,a,
ASN00014073,19700908,PRCP,0,,,a,
ASN00014073,19700909,PRCP,0,,,a,
ASN00014073,19700910,PRCP,0,,,a,
ASN00014073,19700911,PRCP,0,,,a,
ASN00014073,19700912,PRCP,0,,,a,
ASN00014073,19700913,PRCP,0,,,a,
ASN00014073,19700914,PRCP,0,,,a,
ASN00014073,19700915,PRCP,0,,,a,
ASN00014073,19700916,PRCP,0,,,a,
ASN00014073,19700917,PRCP,0,,,a,
ASN00014073,19700918,PRCP,0,,,a,
ASN00014073,19700919,PRCP,0,,,a,
ASN00014073,19700920,PRCP,0,,,a,
ASN00014073,19700921,PRCP,0,,,a,
ASN00014073,19700922,PRCP,5,,,a,
ASN00014073,19700923,PRCP,0,,,a,
ASN00014073,19700924,PRCP,0,,,a,
ASN00014073,19700925,PRCP,0,,,a,
ASN00014073,19700926,PRCP,89,,,a,
ASN00014073,19700927,PRCP,0,,,a,
ASN00014073,19700928,PRCP,0,,,a,
ASN00014073,19700929,PRCP,0,,,a,
ASN00014073,19700930,PRCP,10,,,a,
ASN00014073,19701001,PRCP,0,,,a,
ASN00014073,19701002,PRCP,0,,,a,
ASN00014073,19701003,PRCP,0,,,a,
ASN00014073,19701004,PRCP,0,,,a,
ASN00014073,19701005,PRCP,0,,,a,
ASN00014073,19701006,PRCP,0,,,a,
ASN00014073,19701007,PRCP,0,,,a,
ASN00014073,19701008,PRCP,0,,,a,
ASN00014073,19701009,PRCP,0,,,a,
ASN00014073,19701010,PRCP,0,,,a,
ASN00014073,19701011,PRCP,0,,,a,
ASN00014073,19701012,PRCP,0,,,a,
ASN00014073,19701013,PRCP,0,,,a,
ASN00014073,19701014,PRCP,0,,,a,
ASN00014073,19701015,PRCP,0,,,a,
ASN00014073,19701016,PRCP,0,,,a,
ASN00014073,19701017,PRCP,0,,,a,
ASN00014073,19701018,PRCP,0,,,a,
ASN00014073,19701019,PRCP,20,,,a,
ASN00014073,19701020,PRCP,0,,,a,
ASN00014073,19701021,PRCP,0,,,a,
ASN00014073,19701022,PRCP,97,,,a,
ASN00014073,19701023,PRCP,0,,,a,
ASN00014073,19701024,PRCP,69,,,a,
ASN00014073,19701025,PRCP,8,,,a,
ASN00014073,19701026,PRCP,0,,,a,
ASN00014073,19701027,PRCP,0,,,a,
ASN00014073,19701028,PRCP,0,,,a,
ASN00014073,19701029,PRCP,0,,,a,
ASN00014073,19701030,PRCP,0,,,a,
ASN00014073,19701031,PRCP,0,,,a,
ASN00014073,19701101,PRCP,0,,,a,
ASN00014073,19701102,PRCP,0,,,a,
ASN00014073,19701103,PRCP,0,,,a,
ASN00014073,19701104,PRCP,0,,,a,
ASN00014073,19701105,PRCP,0,,,a,
ASN00014073,19701106,PRCP,0,,,a,
ASN00014073,19701107,PRCP,305,,,a,
ASN00014073,19701108,PRCP,0,,,a,
ASN00014073,19701109,PRCP,61,,,a,
ASN00014073,19701110,PRCP,13,,,a,
ASN00014073,19701111,PRCP,0,,,a,
ASN00014073,19701112,PRCP,0,,,a,
ASN00014073,19701113,PRCP,0,,,a,
ASN00014073,19701114,PRCP,25,,,a,
ASN00014073,19701115,PRCP,114,,,a,
ASN00014073,19701116,PRCP,0,,,a,
ASN00014073,19701117,PRCP,0,,,a,
ASN00014073,19701118,PRCP,0,,,a,
ASN00014073,19701119,PRCP,0,,,a,
ASN00014073,19701120,PRCP,0,,,a,
ASN00014073,19701121,PRCP,0,,,a,
ASN00014073,19701122,PRCP,23,,,a,
ASN00014073,19701123,PRCP,8,,,a,
ASN00014073,19701124,PRCP,48,,,a,
ASN00014073,19701125,PRCP,0,,,a,
ASN00014073,19701126,PRCP,0,,,a,
ASN00014073,19701127,PRCP,470,,,a,
ASN00014073,19701128,PRCP,97,,,a,
ASN00014073,19701129,PRCP,94,,,a,
ASN00014073,19701130,PRCP,28,,,a,
ASN00014073,19701201,PRCP,267,,,a,
ASN00014073,19701202,PRCP,196,,,a,
ASN00014073,19701203,PRCP,0,,,a,
ASN00014073,19701204,PRCP,64,,,a,
ASN00014073,19701205,PRCP,0,,,a,
ASN00014073,19701206,PRCP,74,,,a,
ASN00014073,19701207,PRCP,0,,,a,
ASN00014073,19701208,PRCP,229,,,a,
ASN00014073,19701209,PRCP,0,,,a,
ASN00014073,19701210,PRCP,114,,,a,
ASN00014073,19701211,PRCP,0,,,a,
ASN00014073,19701212,PRCP,0,,,a,
ASN00014073,19701213,PRCP,0,,,a,
ASN00014073,19701214,PRCP,0,,,a,
ASN00014073,19701215,PRCP,0,,,a,
ASN00014073,19701216,PRCP,71,,,a,
ASN00014073,19701217,PRCP,0,,,a,
ASN00014073,19701218,PRCP,0,,,a,
ASN00014073,19701219,PRCP,13,,,a,
ASN00014073,19701220,PRCP,0,,,a,
ASN00014073,19701221,PRCP,0,,,a,
ASN00014073,19701222,PRCP,0,,,a,
ASN00014073,19701223,PRCP,0,,,a,
ASN00014073,19701224,PRCP,183,,,a,
ASN00014073,19701225,PRCP,0,,,a,
ASN00014073,19701226,PRCP,0,,,a,
ASN00014073,19701227,PRCP,0,,,a,
ASN00014073,19701228,PRCP,28,,,a,
ASN00014073,19701229,PRCP,0,,,a,
ASN00014073,19701230,PRCP,0,,,a,
ASN00014073,19701231,PRCP,188,,,a,
ASN00014073,19710101,PRCP,0,,,a,
ASN00014073,19710102,PRCP,66,,,a,
ASN00014073,19710103,PRCP,0,,,a,
ASN00014073,19710104,PRCP,5,,,a,
ASN00014073,19710105,PRCP,15,,,a,
ASN00014073,19710106,PRCP,0,,,a,
ASN00014073,19710107,PRCP,0,,,a,
ASN00014073,19710108,PRCP,262,,,a,
ASN00014073,19710109,PRCP,145,,,a,
ASN00014073,19710110,PRCP,140,,,a,
ASN00014073,19710111,PRCP,13,,,a,
ASN00014073,19710112,PRCP,0,,,a,
ASN00014073,19710113,PRCP,0,,,a,
ASN00014073,19710114,PRCP,0,,,a,
ASN00014073,19710115,PRCP,25,,,a,
ASN00014073,19710116,PRCP,0,,,a,
ASN00014073,19710117,PRCP,0,,,a,
ASN00014073,19710118,PRCP,0,,,a,
ASN00014073,19710119,PRCP,168,,,a,
ASN00014073,19710120,PRCP,0,,,a,
ASN00014073,19710121,PRCP,218,,,a,
ASN00014073,19710122,PRCP,0,,,a,
ASN00014073,19710123,PRCP,0,,,a,
ASN00014073,19710124,PRCP,53,,,a,
ASN00014073,19710125,PRCP,0,,,a,
ASN00014073,19710126,PRCP,0,,,a,
ASN00014073,19710127,PRCP,117,,,a,
ASN00014073,19710128,PRCP,0,,,a,
ASN00014073,19710129,PRCP,318,,,a,
ASN00014073,19710130,PRCP,38,,,a,
ASN00014073,19710131,PRCP,160,,,a,
ASN00014073,19710201,PRCP,155,,,a,
ASN00014073,19710202,PRCP,15,,,a,
ASN00014073,19710203,PRCP,0,,,a,
ASN00014073,19710204,PRCP,366,,,a,
ASN00014073,19710205,PRCP,30,,,a,
ASN00014073,19710206,PRCP,23,,,a,
ASN00014073,19710207,PRCP,0,,,a,
ASN00014073,19710208,PRCP,0,,,a,
ASN00014073,19710209,PRCP,117,,,a,
ASN00014073,19710210,PRCP,572,,,a,
ASN00014073,19710211,PRCP,0,,,a,
ASN00014073,19710212,PRCP,13,,,a,
ASN00014073,19710213,PRCP,318,,,a,
ASN00014073,19710214,PRCP,0,,,a,
ASN00014073,19710215,PRCP,0,,,a,
ASN00014073,19710216,PRCP,61,,,a,
ASN00014073,19710217,PRCP,0,,,a,
ASN00014073,19710218,PRCP,241,,,a,
ASN00014073,19710219,PRCP,0,,,a,
ASN00014073,19710220,PRCP,0,,,a,
ASN00014073,19710221,PRCP,0,,,a,
ASN00014073,19710222,PRCP,0,,,a,
ASN00014073,19710223,PRCP,0,,,a,
ASN00014073,19710224,PRCP,0,,,a,
ASN00014073,19710225,PRCP,0,,,a,
ASN00014073,19710226,PRCP,216,,,a,
ASN00014073,19710227,PRCP,0,,,a,
ASN00014073,19710228,PRCP,432,,,a,
ASN00014073,19710301,PRCP,97,,,a,
ASN00014073,19710302,PRCP,218,,,a,
ASN00014073,19710303,PRCP,0,,,a,
ASN00014073,19710304,PRCP,20,,,a,
ASN00014073,19710305,PRCP,0,,,a,
ASN00014073,19710306,PRCP,91,,,a,
ASN00014073,19710307,PRCP,0,,,a,
ASN00014073,19710308,PRCP,208,,,a,
ASN00014073,19710309,PRCP,15,,,a,
ASN00014073,19710310,PRCP,0,,,a,
ASN00014073,19710311,PRCP,51,,,a,
ASN00014073,19710312,PRCP,112,,,a,
ASN00014073,19710313,PRCP,0,,,a,
ASN00014073,19710314,PRCP,0,,,a,
ASN00014073,19710315,PRCP,315,,,a,
ASN00014073,19710316,PRCP,0,,,a,
ASN00014073,19710317,PRCP,0,,,a,
ASN00014073,19710318,PRCP,0,,,a,
ASN00014073,19710319,PRCP,0,,,a,
ASN00014073,19710320,PRCP,53,,,a,
ASN00014073,19710321,PRCP,180,,,a,
ASN00014073,19710322,PRCP,97,,,a,
ASN00014073,19710323,PRCP,638,,,a,
ASN00014073,19710324,PRCP,226,,,a,
ASN00014073,19710325,PRCP,541,,,a,
ASN00014073,19710326,PRCP,13,,,a,
ASN00014073,19710327,PRCP,0,,,a,
ASN00014073,19710328,PRCP,28,,,a,
ASN00014073,19710329,PRCP,36,,,a,
ASN00014073,19710330,PRCP,218,,,a,
ASN00014073,19710331,PRCP,0,,,a,
ASN00014073,19710401,PRCP,0,,,a,
ASN00014073,19710402,PRCP,0,,,a,
ASN00014073,19710403,PRCP,61,,,a,
ASN00014073,19710404,PRCP,107,,,a,
ASN00014073,19710405,PRCP,269,,,a,
ASN00014073,19710406,PRCP,0,,,a,
ASN00014073,19710407,PRCP,15,,,a,
ASN00014073,19710408,PRCP,0,,,a,
ASN00014073,19710409,PRCP,0,,,a,
ASN00014073,19710410,PRCP,0,,,a,
ASN00014073,19710411,PRCP,0,,,a,
ASN00014073,19710412,PRCP,0,,,a,
ASN00014073,19710413,PRCP,0,,,a,
ASN00014073,19710414,PRCP,0,,,a,
ASN00014073,19710415,PRCP,0,,,a,
ASN00014073,19710416,PRCP,236,,,a,
ASN00014073,19710417,PRCP,0,,,a,
ASN00014073,19710418,PRCP,84,,,a,
ASN00014073,19710419,PRCP,53,,,a,
ASN00014073,19710420,PRCP,0,,,a,
ASN00014073,19710421,PRCP,0,,,a,
ASN00014073,19710422,PRCP,0,,,a,
ASN00014073,19710423,PRCP,0,,,a,
ASN00014073,19710424,PRCP,0,,,a,
ASN00014073,19710425,PRCP,0,,,a,
ASN00014073,19710426,PRCP,0,,,a,
ASN00014073,19710427,PRCP,61,,,a,
ASN00014073,19710428,PRCP,216,,,a,
ASN00014073,19710429,PRCP,0,,,a,
ASN00014073,19710430,PRCP,0,,,a,
ASN00014073,19710501,PRCP,0,,,a,
ASN00014073,19710502,PRCP,0,,,a,
ASN00014073,19710503,PRCP,0,,,a,
ASN00014073,19710504,PRCP,0,,,a,
ASN00014073,19710505,PRCP,0,,,a,
ASN00014073,19710506,PRCP,0,,,a,
ASN00014073,19710507,PRCP,0,,,a,
ASN00014073,19710508,PRCP,0,,,a,
ASN00014073,19710509,PRCP,0,,,a,
ASN00014073,19710510,PRCP,0,,,a,
ASN00014073,19710511,PRCP,0,,,a,
ASN00014073,19710512,PRCP,0,,,a,
ASN00014073,19710513,PRCP,0,,,a,
ASN00014073,19710514,PRCP,0,,,a,
ASN00014073,19710515,PRCP,0,,,a,
ASN00014073,19710516,PRCP,0,,,a,
ASN00014073,19710517,PRCP,0,,,a,
ASN00014073,19710518,PRCP,0,,,a,
ASN00014073,19710519,PRCP,0,,,a,
ASN00014073,19710520,PRCP,0,,,a,
ASN00014073,19710521,PRCP,0,,,a,
ASN00014073,19710522,PRCP,0,,,a,
ASN00014073,19710523,PRCP,0,,,a,
ASN00014073,19710524,PRCP,0,,,a,
ASN00014073,19710525,PRCP,0,,,a,
ASN00014073,19710526,PRCP,0,,,a,
ASN00014073,19710527,PRCP,0,,,a,
ASN00014073,19710528,PRCP,0,,,a,
ASN00014073,19710529,PRCP,0,,,a,
ASN00014073,19710530,PRCP,0,,,a,
ASN00014073,19710531,PRCP,84,,,a,
ASN00014073,19710601,PRCP,0,,,a,
ASN00014073,19710602,PRCP,0,,,a,
ASN00014073,19710603,PRCP,0,,,a,
ASN00014073,19710604,PRCP,0,,,a,
ASN00014073,19710605,PRCP,0,,,a,
ASN00014073,19710606,PRCP,0,,,a,
ASN00014073,19710607,PRCP,0,,,a,
ASN00014073,19710608,PRCP,0,,,a,
ASN00014073,19710609,PRCP,0,,,a,
ASN00014073,19710610,PRCP,0,,,a,
ASN00014073,19710611,PRCP,0,,,a,
ASN00014073,19710612,PRCP,0,,,a,
ASN00014073,19710613,PRCP,0,,,a,
ASN00014073,19710614,PRCP,0,,,a,
ASN00014073,19710615,PRCP,0,,,a,
ASN00014073,19710616,PRCP,0,,,a,
ASN00014073,19710617,PRCP,0,,,a,
ASN00014073,19710618,PRCP,0,,,a,
ASN00014073,19710619,PRCP,0,,,a,
ASN00014073,19710620,PRCP,0,,,a,
ASN00014073,19710621,PRCP,0,,,a,
ASN00014073,19710622,PRCP,0,,,a,
ASN00014073,19710623,PRCP,0,,,a,
ASN00014073,19710624,PRCP,0,,,a,
ASN00014073,19710625,PRCP,0,,,a,
ASN00014073,19710626,PRCP,0,,,a,
ASN00014073,19710627,PRCP,0,,,a,
ASN00014073,19710628,PRCP,0,,,a,
ASN00014073,19710629,PRCP,0,,,a,
ASN00014073,19710630,PRCP,0,,,a,
ASN00014073,19710701,PRCP,0,,,a,
ASN00014073,19710702,PRCP,0,,,a,
ASN00014073,19710703,PRCP,0,,,a,
ASN00014073,19710704,PRCP,0,,,a,
ASN00014073,19710705,PRCP,0,,,a,
ASN00014073,19710706,PRCP,0,,,a,
ASN00014073,19710707,PRCP,0,,,a,
ASN00014073,19710708,PRCP,0,,,a,
ASN00014073,19710709,PRCP,0,,,a,
ASN00014073,19710710,PRCP,0,,,a,
ASN00014073,19710711,PRCP,0,,,a,
ASN00014073,19710712,PRCP,3,,,a,
ASN00014073,19710713,PRCP,0,,,a,
ASN00014073,19710714,PRCP,0,,,a,
ASN00014073,19710715,PRCP,0,,,a,
ASN00014073,19710716,PRCP,0,,,a,
ASN00014073,19710717,PRCP,0,,,a,
ASN00014073,19710718,PRCP,0,,,a,
ASN00014073,19710719,PRCP,0,,,a,
ASN00014073,19710720,PRCP,0,,,a,
ASN00014073,19710721,PRCP,0,,,a,
ASN00014073,19710722,PRCP,0,,,a,
ASN00014073,19710723,PRCP,0,,,a,
ASN00014073,19710724,PRCP,0,,,a,
ASN00014073,19710725,PRCP,0,,,a,
ASN00014073,19710726,PRCP,0,,,a,
ASN00014073,19710727,PRCP,0,,,a,
ASN00014073,19710728,PRCP,0,,,a,
ASN00014073,19710729,PRCP,0,,,a,
ASN00014073,19710730,PRCP,0,,,a,
ASN00014073,19710731,PRCP,0,,,a,
ASN00014073,19710801,PRCP,0,,,a,
ASN00014073,19710802,PRCP,0,,,a,
ASN00014073,19710803,PRCP,0,,,a,
ASN00014073,19710804,PRCP,0,,,a,
ASN00014073,19710805,PRCP,0,,,a,
ASN00014073,19710806,PRCP,0,,,a,
ASN00014073,19710807,PRCP,0,,,a,
ASN00014073,19710808,PRCP,0,,,a,
ASN00014073,19710809,PRCP,0,,,a,
ASN00014073,19710810,PRCP,0,,,a,
ASN00014073,19710811,PRCP,0,,,a,
ASN00014073,19710812,PRCP,0,,,a,
ASN00014073,19710813,PRCP,0,,,a,
ASN00014073,19710814,PRCP,0,,,a,
ASN00014073,19710815,PRCP,0,,,a,
ASN00014073,19710816,PRCP,0,,,a,
ASN00014073,19710817,PRCP,0,,,a,
ASN00014073,19710818,PRCP,0,,,a,
ASN00014073,19710819,PRCP,0,,,a,
ASN00014073,19710820,PRCP,0,,,a,
ASN00014073,19710821,PRCP,0,,,a,
ASN00014073,19710822,PRCP,0,,,a,
ASN00014073,19710823,PRCP,0,,,a,
ASN00014073,19710824,PRCP,0,,,a,
ASN00014073,19710825,PRCP,0,,,a,
ASN00014073,19710826,PRCP,0,,,a,
ASN00014073,19710827,PRCP,0,,,a,
ASN00014073,19710828,PRCP,0,,,a,
ASN00014073,19710829,PRCP,0,,,a,
ASN00014073,19710830,PRCP,0,,,a,
ASN00014073,19710831,PRCP,0,,,a,
ASN00014073,19710901,PRCP,0,,,a,
ASN00014073,19710902,PRCP,0,,,a,
ASN00014073,19710903,PRCP,0,,,a,
ASN00014073,19710904,PRCP,0,,,a,
ASN00014073,19710905,PRCP,0,,,a,
ASN00014073,19710906,PRCP,0,,,a,
ASN00014073,19710907,PRCP,0,,,a,
ASN00014073,19710908,PRCP,0,,,a,
ASN00014073,19710909,PRCP,0,,,a,
ASN00014073,19710910,PRCP,0,,,a,
ASN00014073,19710911,PRCP,0,,,a,
ASN00014073,19710912,PRCP,0,,,a,
ASN00014073,19710913,PRCP,0,,,a,
ASN00014073,19710914,PRCP,0,,,a,
ASN00014073,19710915,PRCP,0,,,a,
ASN00014073,19710916,PRCP,0,,,a,
ASN00014073,19710917,PRCP,0,,,a,
ASN00014073,19710918,PRCP,0,,,a,
ASN00014073,19710919,PRCP,0,,,a,
ASN00014073,19710920,PRCP,0,,,a,
ASN00014073,19710921,PRCP,0,,,a,
ASN00014073,19710922,PRCP,0,,,a,
ASN00014073,19710923,PRCP,0,,,a,
ASN00014073,19710924,PRCP,0,,,a,
ASN00014073,19710925,PRCP,0,,,a,
ASN00014073,19710926,PRCP,0,,,a,
ASN00014073,19710927,PRCP,0,,,a,
ASN00014073,19710928,PRCP,69,,,a,
ASN00014073,19710929,PRCP,0,,,a,
ASN00014073,19710930,PRCP,0,,,a,
ASN00014073,19711001,PRCP,0,,,a,
ASN00014073,19711002,PRCP,0,,,a,
ASN00014073,19711003,PRCP,0,,,a,
ASN00014073,19711004,PRCP,0,,,a,
ASN00014073,19711005,PRCP,38,,,a,
ASN00014073,19711006,PRCP,0,,,a,
ASN00014073,19711007,PRCP,0,,,a,
ASN00014073,19711008,PRCP,0,,,a,
ASN00014073,19711009,PRCP,64,,,a,
ASN00014073,19711010,PRCP,0,,,a,
ASN00014073,19711011,PRCP,0,,,a,
ASN00014073,19711012,PRCP,0,,,a,
ASN00014073,19711013,PRCP,0,,,a,
ASN00014073,19711014,PRCP,0,,,a,
ASN00014073,19711015,PRCP,0,,,a,
ASN00014073,19711016,PRCP,188,,,a,
ASN00014073,19711017,PRCP,0,,,a,
ASN00014073,19711018,PRCP,0,,,a,
ASN00014073,19711019,PRCP,0,,,a,
ASN00014073,19711020,PRCP,424,,,a,
ASN00014073,19711021,PRCP,0,,,a,
ASN00014073,19711022,PRCP,0,,,a,
ASN00014073,19711023,PRCP,0,,,a,
ASN00014073,19711024,PRCP,257,,,a,
ASN00014073,19711025,PRCP,0,,,a,
ASN00014073,19711026,PRCP,0,,,a,
ASN00014073,19711027,PRCP,0,,,a,
ASN00014073,19711028,PRCP,0,,,a,
ASN00014073,19711029,PRCP,109,,,a,
ASN00014073,19711030,PRCP,28,,,a,
ASN00014073,19711031,PRCP,8,,,a,
ASN00014073,19711101,PRCP,0,,,a,
ASN00014073,19711102,PRCP,38,,,a,
ASN00014073,19711103,PRCP,0,,,a,
ASN00014073,19711104,PRCP,0,,,a,
ASN00014073,19711105,PRCP,0,,,a,
ASN00014073,19711106,PRCP,0,,,a,
ASN00014073,19711107,PRCP,13,,,a,
ASN00014073,19711108,PRCP,787,,,a,
ASN00014073,19711109,PRCP,0,,,a,
ASN00014073,19711110,PRCP,0,,,a,
ASN00014073,19711111,PRCP,0,,,a,
ASN00014073,19711112,PRCP,0,,,a,
ASN00014073,19711113,PRCP,0,,,a,
ASN00014073,19711114,PRCP,0,,,a,
ASN00014073,19711115,PRCP,0,,,a,
ASN00014073,19711116,PRCP,0,,,a,
ASN00014073,19711117,PRCP,94,,,a,
ASN00014073,19711118,PRCP,33,,,a,
ASN00014073,19711119,PRCP,0,,,a,
ASN00014073,19711120,PRCP,0,,,a,
ASN00014073,19711121,PRCP,0,,,a,
ASN00014073,19711122,PRCP,460,,,a,
ASN00014073,19711123,PRCP,119,,,a,
ASN00014073,19711124,PRCP,0,,,a,
ASN00014073,19711125,PRCP,28,,,a,
ASN00014073,19711126,PRCP,218,,,a,
ASN00014073,19711127,PRCP,0,,,a,
ASN00014073,19711128,PRCP,0,,,a,
ASN00014073,19711129,PRCP,381,,,a,
ASN00014073,19711130,PRCP,3,,,a,
ASN00014073,19711201,PRCP,69,,,a,
ASN00014073,19711202,PRCP,18,,,a,
ASN00014073,19711203,PRCP,0,,,a,
ASN00014073,19711206,PRCP,10,,,a,
ASN00014073,19711207,PRCP,0,,,a,
ASN00014073,19711208,PRCP,8,,,a,
ASN00014073,19711209,PRCP,8,,,a,
ASN00014073,19711210,PRCP,41,,,a,
ASN00014073,19711211,PRCP,99,,,a,
ASN00014073,19711214,PRCP,0,,,a,
ASN00014073,19711215,PRCP,15,,,a,
ASN00014073,19711216,PRCP,246,,,a,
ASN00014073,19711217,PRCP,587,,,a,
ASN00014073,19711218,PRCP,20,,,a,
ASN00014073,19711219,PRCP,0,,,a,
ASN00014073,19711220,PRCP,0,,,a,
ASN00014073,19711221,PRCP,0,,,a,
ASN00014073,19711222,PRCP,0,,,a,
ASN00014073,19711223,PRCP,0,,,a,
ASN00014073,19711224,PRCP,69,,,a,
ASN00014073,19711225,PRCP,97,,,a,
ASN00014073,19711228,PRCP,0,,,a,
ASN00014073,19711229,PRCP,18,,,a,
ASN00014073,19711230,PRCP,89,,,a,
ASN00014073,19711231,PRCP,20,,,a,
ASN00014073,19711205,DAPR,2,,,a,
ASN00014073,19711213,DAPR,2,,,a,
ASN00014073,19711227,DAPR,2,,,a,
ASN00014073,19711205,DWPR,2,,,a,
ASN00014073,19711213,DWPR,1,,,a,
ASN00014073,19711227,DWPR,1,,,a,
ASN00014073,19711205,MDPR,152,,,a,
ASN00014073,19711213,MDPR,183,,,a,
ASN00014073,19711227,MDPR,244,,,a,
ASN00014073,19720101,PRCP,0,,,a,
ASN00014073,19720102,PRCP,71,,,a,
ASN00014073,19720103,PRCP,216,,,a,
ASN00014073,19720104,PRCP,191,,,a,
ASN00014073,19720105,PRCP,358,,,a,
ASN00014073,19720106,PRCP,0,,,a,
ASN00014073,19720107,PRCP,28,,,a,
ASN00014073,19720115,PRCP,30,,,a,
ASN00014073,19720116,PRCP,323,,,a,
ASN00014073,19720117,PRCP,0,,,a,
ASN00014073,19720118,PRCP,10,,,a,
ASN00014073,19720119,PRCP,81,,,a,
ASN00014073,19720120,PRCP,61,,,a,
ASN00014073,19720121,PRCP,0,,,a,
ASN00014073,19720122,PRCP,0,,,a,
ASN00014073,19720123,PRCP,0,,,a,
ASN00014073,19720124,PRCP,0,,,a,
ASN00014073,19720125,PRCP,170,,,a,
ASN00014073,19720126,PRCP,0,,,a,
ASN00014073,19720127,PRCP,0,,,a,
ASN00014073,19720128,PRCP,0,,,a,
ASN00014073,19720129,PRCP,0,,,a,
ASN00014073,19720130,PRCP,0,,,a,
ASN00014073,19720131,PRCP,0,,,a,
ASN00014073,19720114,DAPR,7,,,a,
ASN00014073,19720114,DWPR,1,,,a,
ASN00014073,19720114,MDPR,13,,,a,
ASN00014073,19771001,PRCP,0,,,a,
ASN00014073,19771002,PRCP,0,,,a,
ASN00014073,19771003,PRCP,0,,,a,
ASN00014073,19771004,PRCP,0,,,a,
ASN00014073,19771005,PRCP,0,,,a,
ASN00014073,19771006,PRCP,0,,,a,
ASN00014073,19771007,PRCP,0,,,a,
ASN00014073,19771008,PRCP,0,,,a,
ASN00014073,19771009,PRCP,0,,,a,
ASN00014073,19771010,PRCP,0,,,a,
ASN00014073,19771011,PRCP,0,,,a,
ASN00014073,19771012,PRCP,0,,,a,
ASN00014073,19771013,PRCP,0,,,a,
ASN00014073,19771014,PRCP,0,,,a,
ASN00014073,19771015,PRCP,0,,,a,
ASN00014073,19771016,PRCP,0,,,a,
ASN00014073,19771017,PRCP,0,,,a,
ASN00014073,19771018,PRCP,0,,,a,
ASN00014073,19771019,PRCP,0,,,a,
ASN00014073,19771020,PRCP,0,,,a,
ASN00014073,19771021,PRCP,0,,,a,
ASN00014073,19771022,PRCP,0,,,a,
ASN00014073,19771023,PRCP,0,,,a,
ASN00014073,19771024,PRCP,0,,,a,
ASN00014073,19771025,PRCP,0,,,a,
ASN00014073,19771026,PRCP,0,,,a,
ASN00014073,19771027,PRCP,0,,,a,
ASN00014073,19771028,PRCP,0,,,a,
ASN00014073,19771029,PRCP,35,,,a,
ASN00014073,19771030,PRCP,26,,,a,
ASN00014073,19771031,PRCP,32,,,a,
ASN00014073,19771101,PRCP,0,,,a,
ASN00014073,19771102,PRCP,0,,,a,
ASN00014073,19771103,PRCP,70,,,a,
ASN00014073,19771104,PRCP,0,,,a,
ASN00014073,19771105,PRCP,0,,,a,
ASN00014073,19771106,PRCP,6,,,a,
ASN00014073,19771107,PRCP,0,,,a,
ASN00014073,19771108,PRCP,60,,,a,
ASN00014073,19771109,PRCP,0,,,a,
ASN00014073,19771110,PRCP,0,,,a,
ASN00014073,19771111,PRCP,0,,,a,
ASN00014073,19771112,PRCP,0,,,a,
ASN00014073,19771113,PRCP,0,,,a,
ASN00014073,19771114,PRCP,0,,,a,
ASN00014073,19771115,PRCP,0,,,a,
ASN00014073,19771116,PRCP,0,,,a,
ASN00014073,19771117,PRCP,0,,,a,
ASN00014073,19771118,PRCP,0,,,a,
ASN00014073,19771119,PRCP,50,,,a,
ASN00014073,19771120,PRCP,0,,,a,
ASN00014073,19771121,PRCP,0,,,a,
ASN00014073,19771122,PRCP,58,,,a,
ASN00014073,19771123,PRCP,0,,,a,
ASN00014073,19771124,PRCP,18,,,a,
ASN00014073,19771125,PRCP,38,,,a,
ASN00014073,19771126,PRCP,0,,,a,
ASN00014073,19771127,PRCP,165,,,a,
ASN00014073,19771128,PRCP,106,,,a,
ASN00014073,19771129,PRCP,8,,,a,
ASN00014073,19771130,PRCP,282,,,a,
ASN00014073,19830101,PRCP,0,,,a,
ASN00014073,19830102,PRCP,0,,,a,
ASN00014073,19830103,PRCP,0,,,a,
ASN00014073,19830104,PRCP,0,,,a,
ASN00014073,19830105,PRCP,440,,,a,
ASN00014073,19830106,PRCP,140,,,a,
ASN00014073,19830107,PRCP,0,,,a,
ASN00014073,19830108,PRCP,0,,,a,
ASN00014073,19830109,PRCP,0,,,a,
ASN00014073,19830110,PRCP,0,,,a,
ASN00014073,19830111,PRCP,0,,,a,
ASN00014073,19830112,PRCP,0,,,a,
ASN00014073,19830113,PRCP,0,,,a,
ASN00014073,19830114,PRCP,60,,,a,
ASN00014073,19830115,PRCP,0,,,a,
ASN00014073,19830116,PRCP,0,,,a,
ASN00014073,19830117,PRCP,0,,,a,
ASN00014073,19830118,PRCP,0,,,a,
ASN00014073,19830119,PRCP,0,,,a,
ASN00014073,19830120,PRCP,0,,,a,
ASN00014073,19830121,PRCP,0,,,a,
ASN00014073,19830122,PRCP,0,,,a,
ASN00014073,19830123,PRCP,15,,,a,
ASN00014073,19830124,PRCP,0,,,a,
ASN00014073,19830125,PRCP,65,,,a,
ASN00014073,19830126,PRCP,0,,,a,
ASN00014073,19830127,PRCP,55,,,a,
ASN00014073,19830128,PRCP,30,,,a,
ASN00014073,19830129,PRCP,0,,,a,
ASN00014073,19830130,PRCP,0,,,a,
ASN00014073,19830131,PRCP,220,,,a,
ASN00014073,19830201,PRCP,0,,,a,
ASN00014073,19830202,PRCP,0,,,a,
ASN00014073,19830203,PRCP,25,,,a,
ASN00014073,19830204,PRCP,0,,,a,
ASN00014073,19830205,PRCP,0,,,a,
ASN00014073,19830206,PRCP,30,,,a,
ASN00014073,19830207,PRCP,0,,,a,
ASN00014073,19830208,PRCP,70,,,a,
ASN00014073,19830209,PRCP,0,,,a,
ASN00014073,19830210,PRCP,0,,,a,
ASN00014073,19830211,PRCP,0,,,a,
ASN00014073,19830212,PRCP,0,,,a,
ASN00014073,19830213,PRCP,0,,,a,
ASN00014073,19830214,PRCP,0,,,a,
ASN00014073,19830215,PRCP,465,,,a,
ASN00014073,19830216,PRCP,0,,,a,
ASN00014073,19830217,PRCP,0,,,a,
ASN00014073,19830218,PRCP,0,,,a,
ASN00014073,19830219,PRCP,0,,,a,
ASN00014073,19830220,PRCP,40,,,a,
ASN00014073,19830221,PRCP,20,,,a,
ASN00014073,19830222,PRCP,0,,,a,
ASN00014073,19830223,PRCP,0,,,a,
ASN00014073,19830224,PRCP,110,,,a,
ASN00014073,19830225,PRCP,30,,,a,
ASN00014073,19830226,PRCP,25,,,a,
ASN00014073,19830227,PRCP,65,,,a,
ASN00014073,19830228,PRCP,20,,,a,
ASN00014073,19830301,PRCP,90,,,a,
ASN00014073,19830302,PRCP,0,,,a,
ASN00014073,19830303,PRCP,230,,,a,
ASN00014073,19830304,PRCP,35,,,a,
ASN00014073,19830305,PRCP,0,,,a,
ASN00014073,19830306,PRCP,470,,,a,
ASN00014073,19830307,PRCP,65,,,a,
ASN00014073,19830308,PRCP,0,,,a,
ASN00014073,19830309,PRCP,120,,,a,
ASN00014073,19830310,PRCP,200,,,a,
ASN00014073,19830311,PRCP,35,,,a,
ASN00014073,19830312,PRCP,80,,,a,
ASN00014073,19830313,PRCP,90,,,a,
ASN00014073,19830314,PRCP,210,,,a,
ASN00014073,19830315,PRCP,100,,,a,
ASN00014073,19830316,PRCP,0,,,a,
ASN00014073,19830317,PRCP,80,,,a,
ASN00014073,19830318,PRCP,0,,,a,
ASN00014073,19830319,PRCP,95,,,a,
ASN00014073,19830320,PRCP,0,,,a,
ASN00014073,19830321,PRCP,20,,,a,
ASN00014073,19830322,PRCP,0,,,a,
ASN00014073,19830323,PRCP,40,,,a,
ASN00014073,19830324,PRCP,0,,,a,
ASN00014073,19830325,PRCP,150,,,a,
ASN00014073,19830326,PRCP,160,,,a,
ASN00014073,19830327,PRCP,0,,,a,
ASN00014073,19830328,PRCP,0,,,a,
ASN00014073,19830329,PRCP,60,,,a,
ASN00014073,19830330,PRCP,20,,,a,
ASN00014073,19830331,PRCP,0,,,a,
ASN00014073,19830401,PRCP,0,,,a,
ASN00014073,19830402,PRCP,0,,,a,
ASN00014073,19830403,PRCP,0,,,a,
ASN00014073,19830404,PRCP,0,,,a,
ASN00014073,19830405,PRCP,0,,,a,
ASN00014073,19830406,PRCP,0,,,a,
ASN00014073,19830407,PRCP,65,,,a,
ASN00014073,19830408,PRCP,50,,,a,
ASN00014073,19830409,PRCP,0,,,a,
ASN00014073,19830410,PRCP,0,,,a,
ASN00014073,19830411,PRCP,0,,,a,
ASN00014073,19830412,PRCP,20,,,a,
ASN00014073,19830413,PRCP,0,,,a,
ASN00014073,19830414,PRCP,0,,,a,
ASN00014073,19830415,PRCP,0,,,a,
ASN00014073,19830416,PRCP,0,,,a,
ASN00014073,19830417,PRCP,0,,,a,
ASN00014073,19830418,PRCP,0,,,a,
ASN00014073,19830419,PRCP,0,,,a,
ASN00014073,19830420,PRCP,0,,,a,
ASN00014073,19830421,PRCP,30,,,a,
ASN00014073,19830422,PRCP,0,,,a,
ASN00014073,19830423,PRCP,190,,,a,
ASN00014073,19830424,PRCP,140,,,a,
ASN00014073,19830425,PRCP,1220,,,a,
ASN00014073,19830426,PRCP,0,,,a,
ASN00014073,19830427,PRCP,0,,,a,
ASN00014073,19830428,PRCP,0,,,a,
ASN00014073,19830429,PRCP,0,,,a,
ASN00014073,19830430,PRCP,0,,,a,
ASN00014073,19830501,PRCP,0,,,a,
ASN00014073,19830502,PRCP,0,,,a,
ASN00014073,19830503,PRCP,0,,,a,
ASN00014073,19830504,PRCP,0,,,a,
ASN00014073,19830505,PRCP,0,,,a,
ASN00014073,19830506,PRCP,0,,,a,
ASN00014073,19830507,PRCP,0,,,a,
ASN00014073,19830508,PRCP,0,,,a,
ASN00014073,19830509,PRCP,0,,,a,
ASN00014073,19830510,PRCP,0,,,a,
ASN00014073,19830511,PRCP,0,,,a,
ASN00014073,19830512,PRCP,0,,,a,
ASN00014073,19830513,PRCP,0,,,a,
ASN00014073,19830514,PRCP,0,,,a,
ASN00014073,19830515,PRCP,0,,,a,
ASN00014073,19830516,PRCP,0,,,a,
ASN00014073,19830517,PRCP,0,,,a,
ASN00014073,19830518,PRCP,0,,,a,
ASN00014073,19830519,PRCP,0,,,a,
ASN00014073,19830520,PRCP,0,,,a,
ASN00014073,19830521,PRCP,0,,,a,
ASN00014073,19830522,PRCP,0,,,a,
ASN00014073,19830523,PRCP,0,,,a,
ASN00014073,19830524,PRCP,0,,,a,
ASN00014073,19830525,PRCP,0,,,a,
ASN00014073,19830526,PRCP,0,,,a,
ASN00014073,19830527,PRCP,0,,,a,
ASN00014073,19830528,PRCP,0,,,a,
ASN00014073,19830529,PRCP,0,,,a,
ASN00014073,19830530,PRCP,0,,,a,
ASN00014073,19830531,PRCP,0,,,a,
ASN00014073,19830601,PRCP,0,,,a,
ASN00014073,19830602,PRCP,0,,,a,
ASN00014073,19830603,PRCP,0,,,a,
ASN00014073,19830604,PRCP,0,,,a,
ASN00014073,19830605,PRCP,0,,,a,
ASN00014073,19830606,PRCP,0,,,a,
ASN00014073,19830607,PRCP,0,,,a,
ASN00014073,19830608,PRCP,0,,,a,
ASN00014073,19830609,PRCP,0,,,a,
ASN00014073,19830610,PRCP,0,,,a,
ASN00014073,19830611,PRCP,0,,,a,
ASN00014073,19830612,PRCP,0,,,a,
ASN00014073,19830613,PRCP,0,,,a,
ASN00014073,19830614,PRCP,0,,,a,
ASN00014073,19830615,PRCP,0,,,a,
ASN00014073,19830616,PRCP,0,,,a,
ASN00014073,19830617,PRCP,0,,,a,
ASN00014073,19830618,PRCP,0,,,a,
ASN00014073,19830619,PRCP,0,,,a,
ASN00014073,19830620,PRCP,0,,,a,
ASN00014073,19830621,PRCP,0,,,a,
ASN00014073,19830622,PRCP,0,,,a,
ASN00014073,19830623,PRCP,0,,,a,
ASN00014073,19830624,PRCP,0,,,a,
ASN00014073,19830625,PRCP,0,,,a,
ASN00014073,19830626,PRCP,0,,,a,
ASN00014073,19830627,PRCP,0,,,a,
ASN00014073,19830628,PRCP,0,,,a,
ASN00014073,19830629,PRCP,0,,,a,
ASN00014073,19830630,PRCP,0,,,a,
ASN00014073,19830701,PRCP,0,,,a,
ASN00014073,19830702,PRCP,0,,,a,
ASN00014073,19830703,PRCP,0,,,a,
ASN00014073,19830704,PRCP,0,,,a,
ASN00014073,19830705,PRCP,0,,,a,
ASN00014073,19830706,PRCP,0,,,a,
ASN00014073,19830707,PRCP,0,,,a,
ASN00014073,19830708,PRCP,0,,,a,
ASN00014073,19830709,PRCP,0,,,a,
ASN00014073,19830710,PRCP,0,,,a,
ASN00014073,19830711,PRCP,0,,,a,
ASN00014073,19830712,PRCP,0,,,a,
ASN00014073,19830713,PRCP,0,,,a,
ASN00014073,19830714,PRCP,0,,,a,
ASN00014073,19830715,PRCP,0,,,a,
ASN00014073,19830716,PRCP,0,,,a,
ASN00014073,19830717,PRCP,0,,,a,
ASN00014073,19830718,PRCP,0,,,a,
ASN00014073,19830719,PRCP,0,,,a,
ASN00014073,19830720,PRCP,0,,,a,
ASN00014073,19830721,PRCP,0,,,a,
ASN00014073,19830722,PRCP,0,,,a,
ASN00014073,19830723,PRCP,0,,,a,
ASN00014073,19830724,PRCP,0,,,a,
ASN00014073,19830725,PRCP,0,,,a,
ASN00014073,19830726,PRCP,0,,,a,
ASN00014073,19830727,PRCP,0,,,a,
ASN00014073,19830728,PRCP,0,,,a,
ASN00014073,19830729,PRCP,0,,,a,
ASN00014073,19830730,PRCP,0,,,a,
ASN00014073,19830731,PRCP,0,,,a,
ASN00014073,19830801,PRCP,0,,,a,
ASN00014073,19830802,PRCP,0,,,a,
ASN00014073,19830803,PRCP,0,,,a,
ASN00014073,19830804,PRCP,0,,,a,
ASN00014073,19830805,PRCP,0,,,a,
ASN00014073,19830806,PRCP,0,,,a,
ASN00014073,19830807,PRCP,0,,,a,
ASN00014073,19830808,PRCP,0,,,a,
ASN00014073,19830809,PRCP,0,,,a,
ASN00014073,19830810,PRCP,0,,,a,
ASN00014073,19830811,PRCP,0,,,a,
ASN00014073,19830812,PRCP,0,,,a,
ASN00014073,19830813,PRCP,0,,,a,
ASN00014073,19830814,PRCP,0,,,a,
ASN00014073,19830815,PRCP,0,,,a,
ASN00014073,19830816,PRCP,0,,,a,
ASN00014073,19830817,PRCP,0,,,a,
ASN00014073,19830818,PRCP,0,,,a,
ASN00014073,19830819,PRCP,0,,,a,
ASN00014073,19830820,PRCP,0,,,a,
ASN00014073,19830821,PRCP,0,,,a,
ASN00014073,19830822,PRCP,0,,,a,
ASN00014073,19830823,PRCP,0,,,a,
ASN00014073,19830824,PRCP,0,,,a,
ASN00014073,19830825,PRCP,0,,,a,
ASN00014073,19830826,PRCP,0,,,a,
ASN00014073,19830827,PRCP,20,,,a,
ASN00014073,19830828,PRCP,0,,,a,
ASN00014073,19830829,PRCP,0,,,a,
ASN00014073,19830830,PRCP,0,,,a,
ASN00014073,19830831,PRCP,0,,,a,
ASN00014073,19830901,PRCP,0,,,a,
ASN00014073,19830902,PRCP,0,,,a,
ASN00014073,19830903,PRCP,0,,,a,
ASN00014073,19830904,PRCP,0,,,a,
ASN00014073,19830905,PRCP,0,,,a,
ASN00014073,19830906,PRCP,0,,,a,
ASN00014073,19830907,PRCP,0,,,a,
ASN00014073,19830908,PRCP,0,,,a,
ASN00014073,19830909,PRCP,0,,,a,
ASN00014073,19830910,PRCP,0,,,a,
ASN00014073,19830911,PRCP,0,,,a,
ASN00014073,19830912,PRCP,0,,,a,
ASN00014073,19830913,PRCP,0,,,a,
ASN00014073,19830914,PRCP,0,,,a,
ASN00014073,19830915,PRCP,0,,,a,
ASN00014073,19830916,PRCP,0,,,a,
ASN00014073,19830917,PRCP,0,,,a,
ASN00014073,19830918,PRCP,0,,,a,
ASN00014073,19830919,PRCP,0,,,a,
ASN00014073,19830920,PRCP,0,,,a,
ASN00014073,19830921,PRCP,0,,,a,
ASN00014073,19830922,PRCP,0,,,a,
ASN00014073,19830923,PRCP,0,,,a,
ASN00014073,19830924,PRCP,0,,,a,
ASN00014073,19830925,PRCP,0,,,a,
ASN00014073,19830926,PRCP,0,,,a,
ASN00014073,19830927,PRCP,0,,,a,
ASN00014073,19830928,PRCP,0,,,a,
ASN00014073,19830929,PRCP,0,,,a,
ASN00014073,19830930,PRCP,0,,,a,
ASN00014073,19831001,PRCP,0,,,a,
ASN00014073,19831002,PRCP,0,,,a,
ASN00014073,19831003,PRCP,0,,,a,
ASN00014073,19831004,PRCP,0,,,a,
ASN00014073,19831005,PRCP,0,,,a,
ASN00014073,19831006,PRCP,10,,,a,
ASN00014073,19831007,PRCP,0,,,a,
ASN00014073,19831008,PRCP,0,,,a,
ASN00014073,19831009,PRCP,0,,,a,
ASN00014073,19831010,PRCP,0,,,a,
ASN00014073,19831011,PRCP,40,,,a,
ASN00014073,19831012,PRCP,13,,,a,
ASN00014073,19831013,PRCP,47,,,a,
ASN00014073,19831014,PRCP,0,,,a,
ASN00014073,19831015,PRCP,0,,,a,
ASN00014073,19831016,PRCP,0,,,a,
ASN00014073,19831017,PRCP,15,,,a,
ASN00014073,19831018,PRCP,80,,,a,
ASN00014073,19831019,PRCP,45,,,a,
ASN00014073,19831020,PRCP,0,,,a,
ASN00014073,19831021,PRCP,0,,,a,
ASN00014073,19831022,PRCP,0,,,a,
ASN00014073,19831023,PRCP,0,,,a,
ASN00014073,19831024,PRCP,0,,,a,
ASN00014073,19831025,PRCP,0,,,a,
ASN00014073,19831026,PRCP,0,,,a,
ASN00014073,19831027,PRCP,0,,,a,
ASN00014073,19831028,PRCP,20,,,a,
ASN00014073,19831029,PRCP,20,,,a,
ASN00014073,19831030,PRCP,0,,,a,
ASN00014073,19831031,PRCP,20,,,a,
ASN00014073,19831101,PRCP,0,,,a,
ASN00014073,19831102,PRCP,0,,,a,
ASN00014073,19831103,PRCP,59,,,a,
ASN00014073,19831104,PRCP,0,,,a,
ASN00014073,19831105,PRCP,0,,,a,
ASN00014073,19831106,PRCP,0,,,a,
ASN00014073,19831107,PRCP,0,,,a,
ASN00014073,19831108,PRCP,8,,,a,
ASN00014073,19831109,PRCP,0,,,a,
ASN00014073,19831110,PRCP,0,,,a,
ASN00014073,19831111,PRCP,0,,,a,
ASN00014073,19831112,PRCP,0,,,a,
ASN00014073,19831113,PRCP,0,,,a,
ASN00014073,19831114,PRCP,0,,,a,
ASN00014073,19831115,PRCP,0,,,a,
ASN00014073,19831116,PRCP,0,,,a,
ASN00014073,19831117,PRCP,0,,,a,
ASN00014073,19831118,PRCP,130,,,a,
ASN00014073,19831119,PRCP,0,,,a,
ASN00014073,19831120,PRCP,15,,,a,
ASN00014073,19831121,PRCP,0,,,a,
ASN00014073,19831122,PRCP,130,,,a,
ASN00014073,19831123,PRCP,0,,,a,
ASN00014073,19831124,PRCP,0,,,a,
ASN00014073,19831125,PRCP,0,,,a,
ASN00014073,19831126,PRCP,2,,,a,
ASN00014073,19831127,PRCP,0,,,a,
ASN00014073,19831128,PRCP,0,,,a,
ASN00014073,19831129,PRCP,70,,,a,
ASN00014073,19831130,PRCP,0,,,a,
ASN00014073,19831201,PRCP,0,,,a,
ASN00014073,19831202,PRCP,0,,,a,
ASN00014073,19831203,PRCP,0,,,a,
ASN00014073,19831204,PRCP,0,,,a,
ASN00014073,19831205,PRCP,0,,,a,
ASN00014073,19831206,PRCP,2,,,a,
ASN00014073,19831207,PRCP,0,,,a,
ASN00014073,19831208,PRCP,0,,,a,
ASN00014073,19831209,PRCP,0,,,a,
ASN00014073,19831210,PRCP,0,,,a,
ASN00014073,19831211,PRCP,0,,,a,
ASN00014073,19831212,PRCP,7,,,a,
ASN00014073,19831213,PRCP,0,,,a,
ASN00014073,19831214,PRCP,0,,,a,
ASN00014073,19831215,PRCP,70,,,a,
ASN00014073,19831216,PRCP,0,,,a,
ASN00014073,19831217,PRCP,0,,,a,
ASN00014073,19831218,PRCP,0,,,a,
ASN00014073,19831219,PRCP,0,,,a,
ASN00014073,19831220,PRCP,0,,,a,
ASN00014073,19831221,PRCP,0,,,a,
ASN00014073,19831222,PRCP,0,,,a,
ASN00014073,19831223,PRCP,270,,,a,
ASN00014073,19831224,PRCP,0,,,a,
ASN00014073,19831225,PRCP,170,,,a,
ASN00014073,19831226,PRCP,30,,,a,
ASN00014073,19831227,PRCP,0,,,a,
ASN00014073,19831228,PRCP,0,,,a,
ASN00014073,19831229,PRCP,0,,,a,
ASN00014073,19831230,PRCP,0,,,a,
ASN00014073,19831231,PRCP,30,,,a,
ASN00014073,19840101,PRCP,30,,,a,
ASN00014073,19840102,PRCP,0,,,a,
ASN00014073,19840103,PRCP,0,,,a,
ASN00014073,19840104,PRCP,0,,,a,
ASN00014073,19840105,PRCP,0,,,a,
ASN00014073,19840106,PRCP,150,,,a,
ASN00014073,19840107,PRCP,0,,,a,
ASN00014073,19840108,PRCP,60,,,a,
ASN00014073,19840109,PRCP,400,,,a,
ASN00014073,19840110,PRCP,370,,,a,
ASN00014073,19840111,PRCP,490,,,a,
ASN00014073,19840112,PRCP,130,,,a,
ASN00014073,19840113,PRCP,360,,,a,
ASN00014073,19840114,PRCP,90,,,a,
ASN00014073,19840115,PRCP,0,,,a,
ASN00014073,19840116,PRCP,0,,,a,
ASN00014073,19840117,PRCP,165,,,a,
ASN00014073,19840118,PRCP,0,,,a,
ASN00014073,19840119,PRCP,102,,,a,
ASN00014073,19840120,PRCP,0,,,a,
ASN00014073,19840121,PRCP,380,,,a,
ASN00014073,19840122,PRCP,115,,,a,
ASN00014073,19840123,PRCP,110,,,a,
ASN00014073,19840124,PRCP,90,,,a,
ASN00014073,19840125,PRCP,30,,,a,
ASN00014073,19840126,PRCP,450,,,a,
ASN00014073,19840127,PRCP,110,,,a,
ASN00014073,19840128,PRCP,80,,,a,
ASN00014073,19840129,PRCP,115,,,a,
ASN00014073,19840130,PRCP,220,,,a,
ASN00014073,19840131,PRCP,10,,,a,
ASN00014073,19840201,PRCP,45,,,a,
ASN00014073,19840202,PRCP,0,,,a,
ASN00014073,19840203,PRCP,120,,,a,
ASN00014073,19840204,PRCP,70,,,a,
ASN00014073,19840205,PRCP,0,,,a,
ASN00014073,19840206,PRCP,0,,,a,
ASN00014073,19840207,PRCP,0,,,a,
ASN00014073,19840208,PRCP,0,,,a,
ASN00014073,19840209,PRCP,30,,,a,
ASN00014073,19840210,PRCP,32,,,a,
ASN00014073,19840211,PRCP,740,,,a,
ASN00014073,19840212,PRCP,100,,,a,
ASN00014073,19840213,PRCP,146,,,a,
ASN00014073,19840214,PRCP,252,,,a,
ASN00014073,19840215,PRCP,190,,,a,
ASN00014073,19840216,PRCP,0,,,a,
ASN00014073,19840217,PRCP,0,,,a,
ASN00014073,19840218,PRCP,30,,,a,
ASN00014073,19840219,PRCP,370,,,a,
ASN00014073,19840220,PRCP,50,,,a,
ASN00014073,19840221,PRCP,40,,,a,
ASN00014073,19840222,PRCP,20,,,a,
ASN00014073,19840223,PRCP,0,,,a,
ASN00014073,19840224,PRCP,76,,,a,
ASN00014073,19840225,PRCP,390,,,a,
ASN00014073,19840226,PRCP,160,,,a,
ASN00014073,19840227,PRCP,10,,,a,
ASN00014073,19840228,PRCP,0,,,a,
ASN00014073,19840229,PRCP,10,,,a,
ASN00014073,19840301,PRCP,68,,,a,
ASN00014073,19840302,PRCP,300,,,a,
ASN00014073,19840303,PRCP,885,,,a,
ASN00014073,19840304,PRCP,205,,,a,
ASN00014073,19840305,PRCP,60,,,a,
ASN00014073,19840306,PRCP,128,,,a,
ASN00014073,19840307,PRCP,92,,,a,
ASN00014073,19840308,PRCP,44,,,a,
ASN00014073,19840309,PRCP,2,,,a,
ASN00014073,19840310,PRCP,0,,,a,
ASN00014073,19840311,PRCP,484,,,a,
ASN00014073,19840312,PRCP,48,,,a,
ASN00014073,19840313,PRCP,3,,,a,
ASN00014073,19840314,PRCP,162,,,a,
ASN00014073,19840315,PRCP,6,,,a,
ASN00014073,19840316,PRCP,196,,,a,
ASN00014073,19840317,PRCP,260,,,a,
ASN00014073,19840318,PRCP,420,,,a,
ASN00014073,19840319,PRCP,0,,,a,
ASN00014073,19840320,PRCP,0,,,a,
ASN00014073,19840321,PRCP,170,,,a,
ASN00014073,19840322,PRCP,1,,,a,
ASN00014073,19840323,PRCP,0,,,a,
ASN00014073,19840324,PRCP,0,,,a,
ASN00014073,19840325,PRCP,16,,,a,
ASN00014073,19840326,PRCP,0,,,a,
ASN00014073,19840327,PRCP,0,,,a,
ASN00014073,19840328,PRCP,92,,,a,
ASN00014073,19840329,PRCP,0,,,a,
ASN00014073,19840330,PRCP,0,,,a,
ASN00014073,19840331,PRCP,528,,,a,
ASN00014073,19840401,PRCP,326,,,a,
ASN00014073,19840402,PRCP,0,,,a,
ASN00014073,19840403,PRCP,0,,,a,
ASN00014073,19840404,PRCP,0,,,a,
ASN00014073,19840405,PRCP,0,,,a,
ASN00014073,19840406,PRCP,0,,,a,
ASN00014073,19840407,PRCP,0,,,a,
ASN00014073,19840408,PRCP,0,,,a,
ASN00014073,19840409,PRCP,0,,,a,
ASN00014073,19840410,PRCP,0,,,a,
ASN00014073,19840411,PRCP,0,,,a,
ASN00014073,19840412,PRCP,0,,,a,
ASN00014073,19840413,PRCP,0,,,a,
ASN00014073,19840414,PRCP,0,,,a,
ASN00014073,19840415,PRCP,0,,,a,
ASN00014073,19840416,PRCP,0,,,a,
ASN00014073,19840417,PRCP,0,,,a,
ASN00014073,19840418,PRCP,0,,,a,
ASN00014073,19840419,PRCP,0,,,a,
ASN00014073,19840420,PRCP,0,,,a,
ASN00014073,19840421,PRCP,0,,,a,
ASN00014073,19840422,PRCP,0,,,a,
ASN00014073,19840423,PRCP,0,,,a,
ASN00014073,19840424,PRCP,0,,,a,
ASN00014073,19840425,PRCP,0,,,a,
ASN00014073,19840426,PRCP,0,,,a,
ASN00014073,19840427,PRCP,0,,,a,
ASN00014073,19840428,PRCP,0,,,a,
ASN00014073,19840429,PRCP,0,,,a,
ASN00014073,19840430,PRCP,0,,,a,
ASN00014073,19840501,PRCP,0,,,a,
ASN00014073,19840502,PRCP,0,,,a,
ASN00014073,19840503,PRCP,0,,,a,
ASN00014073,19840504,PRCP,130,,,a,
ASN00014073,19840505,PRCP,0,,,a,
ASN00014073,19840506,PRCP,0,,,a,
ASN00014073,19840507,PRCP,0,,,a,
ASN00014073,19840508,PRCP,0,,,a,
ASN00014073,19840509,PRCP,0,,,a,
ASN00014073,19840510,PRCP,0,,,a,
ASN00014073,19840511,PRCP,0,,,a,
ASN00014073,19840512,PRCP,0,,,a,
ASN00014073,19840513,PRCP,0,,,a,
ASN00014073,19840514,PRCP,0,,,a,
ASN00014073,19840515,PRCP,0,,,a,
ASN00014073,19840516,PRCP,0,,,a,
ASN00014073,19840517,PRCP,0,,,a,
ASN00014073,19840518,PRCP,0,,,a,
ASN00014073,19840519,PRCP,0,,,a,
ASN00014073,19840520,PRCP,0,,,a,
ASN00014073,19840521,PRCP,0,,,a,
ASN00014073,19840522,PRCP,0,,,a,
ASN00014073,19840523,PRCP,0,,,a,
ASN00014073,19840524,PRCP,0,,,a,
ASN00014073,19840525,PRCP,0,,,a,
ASN00014073,19840526,PRCP,0,,,a,
ASN00014073,19840527,PRCP,0,,,a,
ASN00014073,19840528,PRCP,0,,,a,
ASN00014073,19840529,PRCP,0,,,a,
ASN00014073,19840530,PRCP,0,,,a,
ASN00014073,19840531,PRCP,0,,,a,
ASN00014073,19840601,PRCP,0,,,a,
ASN00014073,19840602,PRCP,0,,,a,
ASN00014073,19840603,PRCP,0,,,a,
ASN00014073,19840604,PRCP,0,,,a,
ASN00014073,19840605,PRCP,0,,,a,
ASN00014073,19840606,PRCP,0,,,a,
ASN00014073,19840607,PRCP,0,,,a,
ASN00014073,19840608,PRCP,0,,,a,
ASN00014073,19840609,PRCP,0,,,a,
ASN00014073,19840610,PRCP,0,,,a,
ASN00014073,19840611,PRCP,0,,,a,
ASN00014073,19840612,PRCP,0,,,a,
ASN00014073,19840613,PRCP,0,,,a,
ASN00014073,19840614,PRCP,0,,,a,
ASN00014073,19840615,PRCP,0,,,a,
ASN00014073,19840616,PRCP,0,,,a,
ASN00014073,19840617,PRCP,0,,,a,
ASN00014073,19840618,PRCP,0,,,a,
ASN00014073,19840619,PRCP,0,,,a,
ASN00014073,19840620,PRCP,0,,,a,
ASN00014073,19840621,PRCP,0,,,a,
ASN00014073,19840622,PRCP,0,,,a,
ASN00014073,19840623,PRCP,0,,,a,
ASN00014073,19840624,PRCP,0,,,a,
ASN00014073,19840625,PRCP,0,,,a,
ASN00014073,19840626,PRCP,0,,,a,
ASN00014073,19840627,PRCP,0,,,a,
ASN00014073,19840628,PRCP,0,,,a,
ASN00014073,19840629,PRCP,0,,,a,
ASN00014073,19840630,PRCP,0,,,a,
ASN00014073,19840701,PRCP,0,,,a,
ASN00014073,19840702,PRCP,0,,,a,
ASN00014073,19840703,PRCP,0,,,a,
ASN00014073,19840704,PRCP,0,,,a,
ASN00014073,19840705,PRCP,0,,,a,
ASN00014073,19840706,PRCP,0,,,a,
ASN00014073,19840707,PRCP,0,,,a,
ASN00014073,19840708,PRCP,0,,,a,
ASN00014073,19840709,PRCP,0,,,a,
ASN00014073,19840710,PRCP,0,,,a,
ASN00014073,19840711,PRCP,0,,,a,
ASN00014073,19840712,PRCP,0,,,a,
ASN00014073,19840713,PRCP,0,,,a,
ASN00014073,19840714,PRCP,0,,,a,
ASN00014073,19840715,PRCP,0,,,a,
ASN00014073,19840716,PRCP,0,,,a,
ASN00014073,19840717,PRCP,0,,,a,
ASN00014073,19840718,PRCP,0,,,a,
ASN00014073,19840719,PRCP,0,,,a,
ASN00014073,19840720,PRCP,0,,,a,
ASN00014073,19840721,PRCP,0,,,a,
ASN00014073,19840722,PRCP,0,,,a,
ASN00014073,19840723,PRCP,0,,,a,
ASN00014073,19840724,PRCP,0,,,a,
ASN00014073,19840725,PRCP,0,,,a,
ASN00014073,19840726,PRCP,0,,,a,
ASN00014073,19840727,PRCP,0,,,a,
ASN00014073,19840728,PRCP,0,,,a,
ASN00014073,19840729,PRCP,0,,,a,
ASN00014073,19840730,PRCP,0,,,a,
ASN00014073,19840731,PRCP,0,,,a,
ASN00014073,19840801,PRCP,0,,,a,
ASN00014073,19840802,PRCP,0,,,a,
ASN00014073,19840803,PRCP,0,,,a,
ASN00014073,19840804,PRCP,0,,,a,
ASN00014073,19840805,PRCP,0,,,a,
ASN00014073,19840806,PRCP,0,,,a,
ASN00014073,19840807,PRCP,0,,,a,
ASN00014073,19840808,PRCP,0,,,a,
ASN00014073,19840809,PRCP,0,,,a,
ASN00014073,19840810,PRCP,0,,,a,
ASN00014073,19840811,PRCP,0,,,a,
ASN00014073,19840812,PRCP,0,,,a,
ASN00014073,19840813,PRCP,0,,,a,
ASN00014073,19840814,PRCP,0,,,a,
ASN00014073,19840815,PRCP,0,,,a,
ASN00014073,19840816,PRCP,0,,,a,
ASN00014073,19840817,PRCP,0,,,a,
ASN00014073,19840818,PRCP,0,,,a,
ASN00014073,19840819,PRCP,0,,,a,
ASN00014073,19840820,PRCP,0,,,a,
ASN00014073,19840821,PRCP,0,,,a,
ASN00014073,19840822,PRCP,0,,,a,
ASN00014073,19840823,PRCP,0,,,a,
ASN00014073,19840824,PRCP,0,,,a,
ASN00014073,19840825,PRCP,0,,,a,
ASN00014073,19840826,PRCP,0,,,a,
ASN00014073,19840827,PRCP,0,,,a,
ASN00014073,19840828,PRCP,0,,,a,
ASN00014073,19840829,PRCP,0,,,a,
ASN00014073,19840830,PRCP,0,,,a,
ASN00014073,19840831,PRCP,0,,,a,
ASN00014073,19840901,PRCP,0,,,a,
ASN00014073,19840902,PRCP,0,,,a,
ASN00014073,19840903,PRCP,12,,,a,
ASN00014073,19840904,PRCP,0,,,a,
ASN00014073,19840905,PRCP,0,,,a,
ASN00014073,19840906,PRCP,0,,,a,
ASN00014073,19840907,PRCP,0,,,a,
ASN00014073,19840908,PRCP,0,,,a,
ASN00014073,19840909,PRCP,0,,,a,
ASN00014073,19840910,PRCP,0,,,a,
ASN00014073,19840911,PRCP,0,,,a,
ASN00014073,19840912,PRCP,0,,,a,
ASN00014073,19840913,PRCP,132,,,a,
ASN00014073,19840914,PRCP,0,,,a,
ASN00014073,19840915,PRCP,18,,,a,
ASN00014073,19840916,PRCP,0,,,a,
ASN00014073,19840917,PRCP,0,,,a,
ASN00014073,19840918,PRCP,180,,,a,
ASN00014073,19840919,PRCP,0,,,a,
ASN00014073,19840920,PRCP,0,,,a,
ASN00014073,19840921,PRCP,0,,,a,
ASN00014073,19840922,PRCP,0,,,a,
ASN00014073,19840923,PRCP,0,,,a,
ASN00014073,19840924,PRCP,0,,,a,
ASN00014073,19840925,PRCP,0,,,a,
ASN00014073,19840926,PRCP,0,,,a,
ASN00014073,19840927,PRCP,0,,,a,
ASN00014073,19840928,PRCP,0,,,a,
ASN00014073,19840929,PRCP,0,,,a,
ASN00014073,19840930,PRCP,0,,,a,
ASN00014073,19841001,PRCP,0,,,a,
ASN00014073,19841002,PRCP,0,,,a,
ASN00014073,19841003,PRCP,0,,,a,
ASN00014073,19841004,PRCP,0,,,a,
ASN00014073,19841005,PRCP,0,,,a,
ASN00014073,19841006,PRCP,0,,,a,
ASN00014073,19841007,PRCP,0,,,a,
ASN00014073,19841008,PRCP,0,,,a,
ASN00014073,19841009,PRCP,0,,,a,
ASN00014073,19841010,PRCP,0,,,a,
ASN00014073,19841011,PRCP,0,,,a,
ASN00014073,19841012,PRCP,0,,,a,
ASN00014073,19841013,PRCP,0,,,a,
ASN00014073,19841014,PRCP,0,,,a,
ASN00014073,19841015,PRCP,0,,,a,
ASN00014073,19841016,PRCP,0,,,a,
ASN00014073,19841017,PRCP,103,,,a,
ASN00014073,19841018,PRCP,16,,,a,
ASN00014073,19841019,PRCP,0,,,a,
ASN00014073,19841020,PRCP,0,,,a,
ASN00014073,19841021,PRCP,0,,,a,
ASN00014073,19841022,PRCP,0,,,a,
ASN00014073,19841023,PRCP,0,,,a,
ASN00014073,19841024,PRCP,0,,,a,
ASN00014073,19841025,PRCP,0,,,a,
ASN00014073,19841026,PRCP,0,,,a,
ASN00014073,19841027,PRCP,0,,,a,
ASN00014073,19841028,PRCP,0,,,a,
ASN00014073,19841029,PRCP,0,,,a,
ASN00014073,19841030,PRCP,0,,,a,
ASN00014073,19841031,PRCP,0,,,a,
ASN00014073,19841101,PRCP,0,,,a,
ASN00014073,19841102,PRCP,0,,,a,
ASN00014073,19841103,PRCP,30,,,a,
ASN00014073,19841104,PRCP,0,,,a,
ASN00014073,19841105,PRCP,0,,,a,
ASN00014073,19841106,PRCP,0,,,a,
ASN00014073,19841107,PRCP,0,,,a,
ASN00014073,19841108,PRCP,188,,,a,
ASN00014073,19841109,PRCP,0,,,a,
ASN00014073,19841110,PRCP,276,,,a,
ASN00014073,19841111,PRCP,0,,,a,
ASN00014073,19841112,PRCP,472,,,a,
ASN00014073,19841113,PRCP,0,,,a,
ASN00014073,19841114,PRCP,62,,,a,
ASN00014073,19841115,PRCP,0,,,a,
ASN00014073,19841116,PRCP,40,,,a,
ASN00014073,19841117,PRCP,0,,,a,
ASN00014073,19841118,PRCP,88,,,a,
ASN00014073,19841119,PRCP,0,,,a,
ASN00014073,19841120,PRCP,0,,,a,
ASN00014073,19841121,PRCP,0,,,a,
ASN00014073,19841122,PRCP,0,,,a,
ASN00014073,19841123,PRCP,80,,,a,
ASN00014073,19841124,PRCP,0,,,a,
ASN00014073,19841125,PRCP,100,,,a,
ASN00014073,19841126,PRCP,8,,,a,
ASN00014073,19841127,PRCP,0,,,a,
ASN00014073,19841128,PRCP,0,,,a,
ASN00014073,19841129,PRCP,0,,,a,
ASN00014073,19841130,PRCP,100,,,a,
ASN00014073,19841201,PRCP,0,,,a,
ASN00014073,19841202,PRCP,0,,,a,
ASN00014073,19841203,PRCP,0,,,a,
ASN00014073,19841204,PRCP,0,,,a,
ASN00014073,19841205,PRCP,0,,,a,
ASN00014073,19841206,PRCP,116,,,a,
ASN00014073,19841207,PRCP,0,,,a,
ASN00014073,19841208,PRCP,0,,,a,
ASN00014073,19841209,PRCP,311,,,a,
ASN00014073,19841210,PRCP,10,,,a,
ASN00014073,19841211,PRCP,0,,,a,
ASN00014073,19841212,PRCP,132,,,a,
ASN00014073,19841213,PRCP,254,,,a,
ASN00014073,19841214,PRCP,0,,,a,
ASN00014073,19841215,PRCP,10,,,a,
ASN00014073,19841216,PRCP,0,,,a,
ASN00014073,19841217,PRCP,0,,,a,
ASN00014073,19841218,PRCP,152,,,a,
ASN00014073,19841219,PRCP,140,,,a,
ASN00014073,19841220,PRCP,155,,,a,
ASN00014073,19841221,PRCP,129,,,a,
ASN00014073,19841222,PRCP,58,,,a,
ASN00014073,19841223,PRCP,42,,,a,
ASN00014073,19841224,PRCP,4,,,a,
ASN00014073,19841225,PRCP,104,,,a,
ASN00014073,19841226,PRCP,23,,,a,
ASN00014073,19841227,PRCP,0,,,a,
ASN00014073,19841228,PRCP,73,,,a,
ASN00014073,19841229,PRCP,0,,,a,
ASN00014073,19841230,PRCP,0,,,a,
ASN00014073,19841231,PRCP,22,,,a,
ASN00014073,19850101,PRCP,0,,,a,
ASN00014073,19850102,PRCP,107,,,a,
ASN00014073,19850103,PRCP,0,,,a,
ASN00014073,19850104,PRCP,167,,,a,
ASN00014073,19850105,PRCP,114,,,a,
ASN00014073,19850106,PRCP,0,,,a,
ASN00014073,19850107,PRCP,0,,,a,
ASN00014073,19850108,PRCP,0,,,a,
ASN00014073,19850109,PRCP,0,,,a,
ASN00014073,19850110,PRCP,0,,,a,
ASN00014073,19850111,PRCP,0,,,a,
ASN00014073,19850112,PRCP,35,,,a,
ASN00014073,19850113,PRCP,142,,,a,
ASN00014073,19850114,PRCP,0,,,a,
ASN00014073,19850115,PRCP,0,,,a,
ASN00014073,19850116,PRCP,54,,,a,
ASN00014073,19850117,PRCP,0,,,a,
ASN00014073,19850118,PRCP,250,,,a,
ASN00014073,19850119,PRCP,0,,,a,
ASN00014073,19850120,PRCP,0,,,a,
ASN00014073,19850121,PRCP,18,,,a,
ASN00014073,19850122,PRCP,0,,,a,
ASN00014073,19850123,PRCP,315,,,a,
ASN00014073,19850124,PRCP,0,,,a,
ASN00014073,19850125,PRCP,90,,,a,
ASN00014073,19850126,PRCP,211,,,a,
ASN00014073,19850127,PRCP,0,,,a,
ASN00014073,19850128,PRCP,296,,,a,
ASN00014073,19850129,PRCP,0,,,a,
ASN00014073,19850130,PRCP,58,,,a,
ASN00014073,19850131,PRCP,142,,,a,
ASN00014073,19850201,PRCP,0,,,a,
ASN00014073,19850202,PRCP,0,,,a,
ASN00014073,19850203,PRCP,0,,,a,
ASN00014073,19850204,PRCP,37,,,a,
ASN00014073,19850205,PRCP,34,,,a,
ASN00014073,19850206,PRCP,180,,,a,
ASN00014073,19850207,PRCP,4,,,a,
ASN00014073,19850208,PRCP,0,,,a,
ASN00014073,19850209,PRCP,331,,,a,
ASN00014073,19850210,PRCP,20,,,a,
ASN00014073,19850211,PRCP,7,,,a,
ASN00014073,19850212,PRCP,0,,,a,
ASN00014073,19850213,PRCP,60,,,a,
ASN00014073,19850214,PRCP,0,,,a,
ASN00014073,19850215,PRCP,0,,,a,
ASN00014073,19850216,PRCP,180,,,a,
ASN00014073,19850217,PRCP,70,,,a,
ASN00014073,19850218,PRCP,200,,,a,
ASN00014073,19850219,PRCP,56,,,a,
ASN00014073,19850220,PRCP,608,,,a,
ASN00014073,19850221,PRCP,0,,,a,
ASN00014073,19850222,PRCP,0,,,a,
ASN00014073,19850223,PRCP,65,,,a,
ASN00014073,19850224,PRCP,164,,,a,
ASN00014073,19850225,PRCP,21,,,a,
ASN00014073,19850226,PRCP,131,,,a,
ASN00014073,19850227,PRCP,160,,,a,
ASN00014073,19850228,PRCP,0,,,a,
ASN00014073,19850301,PRCP,0,,,a,
ASN00014073,19850302,PRCP,0,,,a,
ASN00014073,19850303,PRCP,0,,,a,
ASN00014073,19850304,PRCP,36,,,a,
ASN00014073,19850305,PRCP,0,,,a,
ASN00014073,19850306,PRCP,168,,,a,
ASN00014073,19850307,PRCP,0,,,a,
ASN00014073,19850308,PRCP,0,,,a,
ASN00014073,19850309,PRCP,0,,,a,
ASN00014073,19850310,PRCP,0,,,a,
ASN00014073,19850311,PRCP,0,,,a,
ASN00014073,19850312,PRCP,0,,,a,
ASN00014073,19850313,PRCP,0,,,a,
ASN00014073,19850314,PRCP,102,,,a,
ASN00014073,19850315,PRCP,0,,,a,
ASN00014073,19850316,PRCP,106,,,a,
ASN00014073,19850317,PRCP,84,,,a,
ASN00014073,19850318,PRCP,106,,,a,
ASN00014073,19850319,PRCP,38,,,a,
ASN00014073,19850320,PRCP,0,,,a,
ASN00014073,19850321,PRCP,0,,,a,
ASN00014073,19850322,PRCP,0,,,a,
ASN00014073,19850323,PRCP,0,,,a,
ASN00014073,19850324,PRCP,0,,,a,
ASN00014073,19850325,PRCP,0,,,a,
ASN00014073,19850326,PRCP,0,,,a,
ASN00014073,19850327,PRCP,0,,,a,
ASN00014073,19850328,PRCP,41,,,a,
ASN00014073,19850329,PRCP,8,,,a,
ASN00014073,19850330,PRCP,180,,,a,
ASN00014073,19850331,PRCP,0,,,a,
ASN00014073,19850401,PRCP,158,,,a,
ASN00014073,19850402,PRCP,0,,,a,
ASN00014073,19850403,PRCP,0,,,a,
ASN00014073,19850404,PRCP,0,,,a,
ASN00014073,19850405,PRCP,0,,,a,
ASN00014073,19850406,PRCP,36,,,a,
ASN00014073,19850407,PRCP,0,,,a,
ASN00014073,19850408,PRCP,0,,,a,
ASN00014073,19850409,PRCP,0,,,a,
ASN00014073,19850410,PRCP,0,,,a,
ASN00014073,19850411,PRCP,0,,,a,
ASN00014073,19850412,PRCP,0,,,a,
ASN00014073,19850413,PRCP,330,,,a,
ASN00014073,19850414,PRCP,1880,,,a,
ASN00014073,19850415,PRCP,2000,,,a,
ASN00014073,19850416,PRCP,0,,,a,
ASN00014073,19850417,PRCP,404,,,a,
ASN00014073,19850418,PRCP,54,,,a,
ASN00014073,19850419,PRCP,0,,,a,
ASN00014073,19850420,PRCP,0,,,a,
ASN00014073,19850421,PRCP,0,,,a,
ASN00014073,19850422,PRCP,0,,,a,
ASN00014073,19850423,PRCP,0,,,a,
ASN00014073,19850424,PRCP,0,,,a,
ASN00014073,19850425,PRCP,0,,,a,
ASN00014073,19850426,PRCP,0,,,a,
ASN00014073,19850427,PRCP,0,,,a,
ASN00014073,19850428,PRCP,0,,,a,
ASN00014073,19850429,PRCP,0,,,a,
ASN00014073,19850430,PRCP,0,,,a,
ASN00014073,19850501,PRCP,0,,,a,
ASN00014073,19850502,PRCP,0,,,a,
ASN00014073,19850503,PRCP,0,,,a,
ASN00014073,19850504,PRCP,0,,,a,
ASN00014073,19850505,PRCP,0,,,a,
ASN00014073,19850506,PRCP,0,,,a,
ASN00014073,19850507,PRCP,0,,,a,
ASN00014073,19850508,PRCP,0,,,a,
ASN00014073,19850509,PRCP,0,,,a,
ASN00014073,19850510,PRCP,0,,,a,
ASN00014073,19850511,PRCP,0,,,a,
ASN00014073,19850512,PRCP,0,,,a,
ASN00014073,19850513,PRCP,0,,,a,
ASN00014073,19850514,PRCP,0,,,a,
ASN00014073,19850515,PRCP,0,,,a,
ASN00014073,19850516,PRCP,0,,,a,
ASN00014073,19850517,PRCP,0,,,a,
ASN00014073,19850518,PRCP,0,,,a,
ASN00014073,19850519,PRCP,0,,,a,
ASN00014073,19850520,PRCP,0,,,a,
ASN00014073,19850521,PRCP,0,,,a,
ASN00014073,19850522,PRCP,0,,,a,
ASN00014073,19850523,PRCP,0,,,a,
ASN00014073,19850524,PRCP,0,,,a,
ASN00014073,19850525,PRCP,0,,,a,
ASN00014073,19850526,PRCP,0,,,a,
ASN00014073,19850527,PRCP,0,,,a,
ASN00014073,19850528,PRCP,0,,,a,
ASN00014073,19850529,PRCP,0,,,a,
ASN00014073,19850530,PRCP,0,,,a,
ASN00014073,19850531,PRCP,0,,,a,
ASN00014073,19850601,PRCP,0,,,a,
ASN00014073,19850602,PRCP,0,,,a,
ASN00014073,19850603,PRCP,0,,,a,
ASN00014073,19850604,PRCP,10,,,a,
ASN00014073,19850605,PRCP,0,,,a,
ASN00014073,19850606,PRCP,0,,,a,
ASN00014073,19850607,PRCP,0,,,a,
ASN00014073,19850608,PRCP,0,,,a,
ASN00014073,19850609,PRCP,0,,,a,
ASN00014073,19850610,PRCP,0,,,a,
ASN00014073,19850611,PRCP,0,,,a,
ASN00014073,19850612,PRCP,0,,,a,
ASN00014073,19850613,PRCP,0,,,a,
ASN00014073,19850614,PRCP,0,,,a,
ASN00014073,19850615,PRCP,0,,,a,
ASN00014073,19850616,PRCP,0,,,a,
ASN00014073,19850617,PRCP,0,,,a,
ASN00014073,19850618,PRCP,0,,,a,
ASN00014073,19850619,PRCP,0,,,a,
ASN00014073,19850620,PRCP,0,,,a,
ASN00014073,19850621,PRCP,0,,,a,
ASN00014073,19850622,PRCP,0,,,a,
ASN00014073,19850623,PRCP,0,,,a,
ASN00014073,19850624,PRCP,0,,,a,
ASN00014073,19850625,PRCP,0,,,a,
ASN00014073,19850626,PRCP,0,,,a,
ASN00014073,19850627,PRCP,0,,,a,
ASN00014073,19850628,PRCP,0,,,a,
ASN00014073,19850629,PRCP,0,,,a,
ASN00014073,19850630,PRCP,0,,,a,
ASN00014073,19850701,PRCP,0,,,a,
ASN00014073,19850702,PRCP,0,,,a,
ASN00014073,19850703,PRCP,0,,,a,
ASN00014073,19850704,PRCP,0,,,a,
ASN00014073,19850705,PRCP,0,,,a,
ASN00014073,19850706,PRCP,0,,,a,
ASN00014073,19850707,PRCP,0,,,a,
ASN00014073,19850708,PRCP,0,,,a,
ASN00014073,19850709,PRCP,0,,,a,
ASN00014073,19850710,PRCP,0,,,a,
ASN00014073,19850711,PRCP,0,,,a,
ASN00014073,19850712,PRCP,0,,,a,
ASN00014073,19850713,PRCP,0,,,a,
ASN00014073,19850714,PRCP,0,,,a,
ASN00014073,19850715,PRCP,0,,,a,
ASN00014073,19850716,PRCP,0,,,a,
ASN00014073,19850717,PRCP,0,,,a,
ASN00014073,19850718,PRCP,0,,,a,
ASN00014073,19850719,PRCP,0,,,a,
ASN00014073,19850720,PRCP,0,,,a,
ASN00014073,19850721,PRCP,0,,,a,
ASN00014073,19850722,PRCP,0,,,a,
ASN00014073,19850723,PRCP,0,,,a,
ASN00014073,19850724,PRCP,0,,,a,
ASN00014073,19850725,PRCP,0,,,a,
ASN00014073,19850726,PRCP,0,,,a,
ASN00014073,19850727,PRCP,0,,,a,
ASN00014073,19850728,PRCP,0,,,a,
ASN00014073,19850729,PRCP,0,,,a,
ASN00014073,19850730,PRCP,0,,,a,
ASN00014073,19850731,PRCP,0,,,a,
ASN00014073,19850801,PRCP,0,,,a,
ASN00014073,19850802,PRCP,0,,,a,
ASN00014073,19850803,PRCP,0,,,a,
ASN00014073,19850804,PRCP,0,,,a,
ASN00014073,19850805,PRCP,0,,,a,
ASN00014073,19850806,PRCP,0,,,a,
ASN00014073,19850807,PRCP,0,,,a,
ASN00014073,19850808,PRCP,0,,,a,
ASN00014073,19850809,PRCP,0,,,a,
ASN00014073,19850810,PRCP,0,,,a,
ASN00014073,19850811,PRCP,0,,,a,
ASN00014073,19850812,PRCP,0,,,a,
ASN00014073,19850813,PRCP,0,,,a,
ASN00014073,19850814,PRCP,0,,,a,
ASN00014073,19850815,PRCP,0,,,a,
ASN00014073,19850816,PRCP,0,,,a,
ASN00014073,19850817,PRCP,0,,,a,
ASN00014073,19850818,PRCP,0,,,a,
ASN00014073,19850819,PRCP,0,,,a,
ASN00014073,19850820,PRCP,0,,,a,
ASN00014073,19850821,PRCP,0,,,a,
ASN00014073,19850822,PRCP,0,,,a,
ASN00014073,19850823,PRCP,0,,,a,
ASN00014073,19850824,PRCP,0,,,a,
ASN00014073,19850825,PRCP,0,,,a,
ASN00014073,19850826,PRCP,0,,,a,
ASN00014073,19850827,PRCP,0,,,a,
ASN00014073,19850828,PRCP,0,,,a,
ASN00014073,19850829,PRCP,0,,,a,
ASN00014073,19850830,PRCP,0,,,a,
ASN00014073,19850831,PRCP,0,,,a,
ASN00014073,19850901,PRCP,0,,,a,
ASN00014073,19850902,PRCP,0,,,a,
ASN00014073,19850903,PRCP,0,,,a,
ASN00014073,19850904,PRCP,0,,,a,
ASN00014073,19850905,PRCP,0,,,a,
ASN00014073,19850906,PRCP,0,,,a,
ASN00014073,19850907,PRCP,0,,,a,
ASN00014073,19850908,PRCP,0,,,a,
ASN00014073,19850909,PRCP,0,,,a,
ASN00014073,19850910,PRCP,0,,,a,
ASN00014073,19850911,PRCP,0,,,a,
ASN00014073,19850912,PRCP,0,,,a,
ASN00014073,19850913,PRCP,0,,,a,
ASN00014073,19850914,PRCP,0,,,a,
ASN00014073,19850915,PRCP,0,,,a,
ASN00014073,19850916,PRCP,0,,,a,
ASN00014073,19850917,PRCP,0,,,a,
ASN00014073,19850918,PRCP,0,,,a,
ASN00014073,19850919,PRCP,0,,,a,
ASN00014073,19850920,PRCP,0,,,a,
ASN00014073,19850921,PRCP,0,,,a,
ASN00014073,19850922,PRCP,0,,,a,
ASN00014073,19850923,PRCP,0,,,a,
ASN00014073,19850924,PRCP,0,,,a,
ASN00014073,19850925,PRCP,0,,,a,
ASN00014073,19850926,PRCP,0,,,a,
ASN00014073,19850927,PRCP,0,,,a,
ASN00014073,19850928,PRCP,0,,,a,
ASN00014073,19850929,PRCP,0,,,a,
ASN00014073,19850930,PRCP,0,,,a,
ASN00014073,19851001,PRCP,0,,,a,
ASN00014073,19851002,PRCP,0,,,a,
ASN00014073,19851003,PRCP,0,,,a,
ASN00014073,19851004,PRCP,0,,,a,
ASN00014073,19851005,PRCP,0,,,a,
ASN00014073,19851006,PRCP,0,,,a,
ASN00014073,19851007,PRCP,0,,,a,
ASN00014073,19851008,PRCP,0,,,a,
ASN00014073,19851009,PRCP,0,,,a,
ASN00014073,19851010,PRCP,0,,,a,
ASN00014073,19851011,PRCP,0,,,a,
ASN00014073,19851012,PRCP,0,,,a,
ASN00014073,19851013,PRCP,4,,,a,
ASN00014073,19851014,PRCP,14,,,a,
ASN00014073,19851015,PRCP,8,,,a,
ASN00014073,19851016,PRCP,0,,,a,
ASN00014073,19851017,PRCP,0,,,a,
ASN00014073,19851018,PRCP,0,,,a,
ASN00014073,19851019,PRCP,0,,,a,
ASN00014073,19851020,PRCP,0,,,a,
ASN00014073,19851021,PRCP,0,,,a,
ASN00014073,19851022,PRCP,0,,,a,
ASN00014073,19851023,PRCP,0,,,a,
ASN00014073,19851024,PRCP,0,,,a,
ASN00014073,19851025,PRCP,0,,,a,
ASN00014073,19851026,PRCP,0,,,a,
ASN00014073,19851027,PRCP,0,,,a,
ASN00014073,19851028,PRCP,0,,,a,
ASN00014073,19851029,PRCP,52,,,a,
ASN00014073,19851030,PRCP,12,,,a,
ASN00014073,19851031,PRCP,12,,,a,
ASN00014073,19851101,PRCP,0,,,a,
ASN00014073,19851102,PRCP,470,,,a,
ASN00014073,19851103,PRCP,0,,,a,
ASN00014073,19851104,PRCP,0,,,a,
ASN00014073,19851105,PRCP,0,,,a,
ASN00014073,19851106,PRCP,240,,,a,
ASN00014073,19851107,PRCP,0,,,a,
ASN00014073,19851108,PRCP,0,,,a,
ASN00014073,19851109,PRCP,0,,,a,
ASN00014073,19851110,PRCP,74,,,a,
ASN00014073,19851111,PRCP,0,,,a,
ASN00014073,19851112,PRCP,0,,,a,
ASN00014073,19851113,PRCP,216,,,a,
ASN00014073,19851114,PRCP,0,,,a,
ASN00014073,19851115,PRCP,4,,,a,
ASN00014073,19851116,PRCP,0,,,a,
ASN00014073,19851117,PRCP,0,,,a,
ASN00014073,19851118,PRCP,6,,,a,
ASN00014073,19851119,PRCP,82,,,a,
ASN00014073,19851120,PRCP,0,,,a,
ASN00014073,19851121,PRCP,174,,,a,
ASN00014073,19851122,PRCP,28,,,a,
ASN00014073,19851123,PRCP,0,,,a,
ASN00014073,19851124,PRCP,0,,,a,
ASN00014073,19851125,PRCP,70,,,a,
ASN00014073,19851126,PRCP,20,,,a,
ASN00014073,19851127,PRCP,176,,,a,
ASN00014073,19851128,PRCP,0,,,a,
ASN00014073,19851129,PRCP,0,,,a,
ASN00014073,19851130,PRCP,0,,,a,
ASN00014073,19851201,PRCP,0,,,a,
ASN00014073,19851202,PRCP,164,,,a,
ASN00014073,19851203,PRCP,34,,,a,
ASN00014073,19851204,PRCP,0,,,a,
ASN00014073,19851205,PRCP,0,,,a,
ASN00014073,19851206,PRCP,0,,,a,
ASN00014073,19851207,PRCP,265,,,a,
ASN00014073,19851208,PRCP,0,,,a,
ASN00014073,19851209,PRCP,4,,,a,
ASN00014073,19851210,PRCP,0,,,a,
ASN00014073,19851211,PRCP,0,,,a,
ASN00014073,19851212,PRCP,62,,,a,
ASN00014073,19851213,PRCP,0,,,a,
ASN00014073,19851214,PRCP,0,,,a,
ASN00014073,19851215,PRCP,0,,,a,
ASN00014073,19851216,PRCP,0,,,a,
ASN00014073,19851217,PRCP,0,,,a,
ASN00014073,19851218,PRCP,0,,,a,
ASN00014073,19851219,PRCP,0,,,a,
ASN00014073,19851220,PRCP,0,,,a,
ASN00014073,19851221,PRCP,0,,,a,
ASN00014073,19851222,PRCP,0,,,a,
ASN00014073,19851223,PRCP,0,,,a,
ASN00014073,19851224,PRCP,0,,,a,
ASN00014073,19851225,PRCP,0,,,a,
ASN00014073,19851226,PRCP,0,,,a,
ASN00014073,19851227,PRCP,0,,,a,
ASN00014073,19851228,PRCP,50,,,a,
ASN00014073,19851229,PRCP,40,,,a,
ASN00014073,19851230,PRCP,136,,,a,
ASN00014073,19851231,PRCP,40,,,a,
ASN00014073,19860101,PRCP,96,,,a,
ASN00014073,19860102,PRCP,20,,,a,
ASN00014073,19860103,PRCP,60,,,a,
ASN00014073,19860104,PRCP,0,,,a,
ASN00014073,19860105,PRCP,0,,,a,
ASN00014073,19860106,PRCP,370,,,a,
ASN00014073,19860107,PRCP,14,,,a,
ASN00014073,19860108,PRCP,94,,,a,
ASN00014073,19860109,PRCP,39,,,a,
ASN00014073,19860110,PRCP,168,,,a,
ASN00014073,19860111,PRCP,2,,,a,
ASN00014073,19860112,PRCP,1,,,a,
ASN00014073,19860113,PRCP,0,,,a,
ASN00014073,19860114,PRCP,64,,,a,
ASN00014073,19860115,PRCP,0,,,a,
ASN00014073,19860116,PRCP,356,,,a,
ASN00014073,19860117,PRCP,254,,,a,
ASN00014073,19860118,PRCP,190,,,a,
ASN00014073,19860119,PRCP,209,,,a,
ASN00014073,19860120,PRCP,94,,,a,
ASN00014073,19860121,PRCP,278,,,a,
ASN00014073,19860122,PRCP,288,,,a,
ASN00014073,19860123,PRCP,126,,,a,
ASN00014073,19860124,PRCP,226,,,a,
ASN00014073,19860125,PRCP,32,,,a,
ASN00014073,19860126,PRCP,0,,,a,
ASN00014073,19860127,PRCP,24,,,a,
ASN00014073,19860128,PRCP,82,,,a,
ASN00014073,19860129,PRCP,0,,,a,
ASN00014073,19860130,PRCP,0,,,a,
ASN00014073,19860131,PRCP,72,,,a,
ASN00014073,19860201,PRCP,2,,,a,
ASN00014073,19860202,PRCP,96,,,a,
ASN00014073,19860203,PRCP,0,,,a,
ASN00014073,19860204,PRCP,20,,,a,
ASN00014073,19860205,PRCP,78,,,a,
ASN00014073,19860206,PRCP,42,,,a,
ASN00014073,19860207,PRCP,22,,,a,
ASN00014073,19860208,PRCP,0,,,a,
ASN00014073,19860209,PRCP,0,,,a,
ASN00014073,19860210,PRCP,0,,,a,
ASN00014073,19860211,PRCP,130,,,a,
ASN00014073,19860212,PRCP,0,,,a,
ASN00014073,19860213,PRCP,0,,,a,
ASN00014073,19860214,PRCP,0,,,a,
ASN00014073,19860215,PRCP,0,,,a,
ASN00014073,19860216,PRCP,40,,,a,
ASN00014073,19860217,PRCP,0,,,a,
ASN00014073,19860218,PRCP,226,,,a,
ASN00014073,19860219,PRCP,146,,,a,
ASN00014073,19860220,PRCP,0,,,a,
ASN00014073,19860221,PRCP,0,,,a,
ASN00014073,19860222,PRCP,0,,,a,
ASN00014073,19860223,PRCP,0,,,a,
ASN00014073,19860224,PRCP,316,,,a,
ASN00014073,19860225,PRCP,0,,,a,
ASN00014073,19860226,PRCP,138,,,a,
ASN00014073,19860227,PRCP,18,,,a,
ASN00014073,19860228,PRCP,0,,,a,
ASN00014073,19860301,PRCP,0,,,a,
ASN00014073,19860302,PRCP,62,,,a,
ASN00014073,19860303,PRCP,0,,,a,
ASN00014073,19860304,PRCP,8,,,a,
ASN00014073,19860305,PRCP,0,,,a,
ASN00014073,19860306,PRCP,0,,,a,
ASN00014073,19860307,PRCP,0,,,a,
ASN00014073,19860308,PRCP,0,,,a,
ASN00014073,19860309,PRCP,14,,,a,
ASN00014073,19860310,PRCP,0,,,a,
ASN00014073,19860311,PRCP,0,,,a,
ASN00014073,19860312,PRCP,14,,,a,
ASN00014073,19860313,PRCP,0,,,a,
ASN00014073,19860314,PRCP,0,,,a,
ASN00014073,19860315,PRCP,200,,,a,
ASN00014073,19860316,PRCP,0,,,a,
ASN00014073,19860317,PRCP,0,,,a,
ASN00014073,19860318,PRCP,0,,,a,
ASN00014073,19860319,PRCP,0,,,a,
ASN00014073,19860320,PRCP,140,,,a,
ASN00014073,19860321,PRCP,0,,,a,
ASN00014073,19860322,PRCP,0,,,a,
ASN00014073,19860323,PRCP,0,,,a,
ASN00014073,19860324,PRCP,0,,,a,
ASN00014073,19860325,PRCP,0,,,a,
ASN00014073,19860326,PRCP,10,,,a,
ASN00014073,19860327,PRCP,0,,,a,
ASN00014073,19860328,PRCP,0,,,a,
ASN00014073,19860329,PRCP,0,,,a,
ASN00014073,19860330,PRCP,220,,,a,
ASN00014073,19860331,PRCP,0,,,a,
ASN00014073,19860401,PRCP,0,,,a,
ASN00014073,19860402,PRCP,0,,,a,
ASN00014073,19860403,PRCP,0,,,a,
ASN00014073,19860404,PRCP,0,,,a,
ASN00014073,19860405,PRCP,0,,,a,
ASN00014073,19860406,PRCP,0,,,a,
ASN00014073,19860407,PRCP,0,,,a,
ASN00014073,19860408,PRCP,168,,,a,
ASN00014073,19860409,PRCP,200,,,a,
ASN00014073,19860410,PRCP,138,,,a,
ASN00014073,19860411,PRCP,0,,,a,
ASN00014073,19860412,PRCP,120,,,a,
ASN00014073,19860413,PRCP,65,,,a,
ASN00014073,19860414,PRCP,0,,,a,
ASN00014073,19860415,PRCP,0,,,a,
ASN00014073,19860416,PRCP,0,,,a,
ASN00014073,19860417,PRCP,0,,,a,
ASN00014073,19860418,PRCP,0,,,a,
ASN00014073,19860419,PRCP,0,,,a,
ASN00014073,19860420,PRCP,0,,,a,
ASN00014073,19860421,PRCP,0,,,a,
ASN00014073,19860422,PRCP,0,,,a,
ASN00014073,19860423,PRCP,0,,,a,
ASN00014073,19860424,PRCP,0,,,a,
ASN00014073,19860425,PRCP,0,,,a,
ASN00014073,19860426,PRCP,0,,,a,
ASN00014073,19860427,PRCP,0,,,a,
ASN00014073,19860428,PRCP,0,,,a,
ASN00014073,19860429,PRCP,0,,,a,
ASN00014073,19860430,PRCP,0,,,a,
ASN00014073,19860501,PRCP,0,,,a,
ASN00014073,19860502,PRCP,0,,,a,
ASN00014073,19860503,PRCP,0,,,a,
ASN00014073,19860504,PRCP,0,,,a,
ASN00014073,19860505,PRCP,0,,,a,
ASN00014073,19860506,PRCP,0,,,a,
ASN00014073,19860507,PRCP,0,,,a,
ASN00014073,19860508,PRCP,0,,,a,
ASN00014073,19860509,PRCP,0,,,a,
ASN00014073,19860510,PRCP,0,,,a,
ASN00014073,19860511,PRCP,0,,,a,
ASN00014073,19860512,PRCP,0,,,a,
ASN00014073,19860513,PRCP,0,,,a,
ASN00014073,19860514,PRCP,0,,,a,
ASN00014073,19860515,PRCP,0,,,a,
ASN00014073,19860516,PRCP,0,,,a,
ASN00014073,19860517,PRCP,0,,,a,
ASN00014073,19860518,PRCP,0,,,a,
ASN00014073,19860519,PRCP,0,,,a,
ASN00014073,19860520,PRCP,0,,,a,
ASN00014073,19860521,PRCP,0,,,a,
ASN00014073,19860522,PRCP,0,,,a,
ASN00014073,19860523,PRCP,0,,,a,
ASN00014073,19860524,PRCP,0,,,a,
ASN00014073,19860525,PRCP,0,,,a,
ASN00014073,19860526,PRCP,0,,,a,
ASN00014073,19860527,PRCP,0,,,a,
ASN00014073,19860528,PRCP,0,,,a,
ASN00014073,19860529,PRCP,0,,,a,
ASN00014073,19860530,PRCP,0,,,a,
ASN00014073,19860531,PRCP,0,,,a,
ASN00014073,19860601,PRCP,0,,,a,
ASN00014073,19860602,PRCP,0,,,a,
ASN00014073,19860603,PRCP,0,,,a,
ASN00014073,19860604,PRCP,0,,,a,
ASN00014073,19860605,PRCP,0,,,a,
ASN00014073,19860606,PRCP,0,,,a,
ASN00014073,19860607,PRCP,0,,,a,
ASN00014073,19860608,PRCP,0,,,a,
ASN00014073,19860609,PRCP,0,,,a,
ASN00014073,19860610,PRCP,0,,,a,
ASN00014073,19860611,PRCP,0,,,a,
ASN00014073,19860612,PRCP,0,,,a,
ASN00014073,19860613,PRCP,0,,,a,
ASN00014073,19860614,PRCP,0,,,a,
ASN00014073,19860615,PRCP,0,,,a,
ASN00014073,19860616,PRCP,0,,,a,
ASN00014073,19860617,PRCP,0,,,a,
ASN00014073,19860618,PRCP,0,,,a,
ASN00014073,19860619,PRCP,0,,,a,
ASN00014073,19860620,PRCP,0,,,a,
ASN00014073,19860621,PRCP,90,,,a,
ASN00014073,19860622,PRCP,0,,,a,
ASN00014073,19860623,PRCP,0,,,a,
ASN00014073,19860624,PRCP,0,,,a,
ASN00014073,19860625,PRCP,0,,,a,
ASN00014073,19860626,PRCP,0,,,a,
ASN00014073,19860627,PRCP,0,,,a,
ASN00014073,19860628,PRCP,0,,,a,
ASN00014073,19860629,PRCP,0,,,a,
ASN00014073,19860630,PRCP,0,,,a,
ASN00014073,19860701,PRCP,0,,,a,
ASN00014073,19860702,PRCP,0,,,a,
ASN00014073,19860703,PRCP,0,,,a,
ASN00014073,19860704,PRCP,0,,,a,
ASN00014073,19860705,PRCP,0,,,a,
ASN00014073,19860706,PRCP,0,,,a,
ASN00014073,19860707,PRCP,0,,,a,
ASN00014073,19860708,PRCP,0,,,a,
ASN00014073,19860709,PRCP,0,,,a,
ASN00014073,19860710,PRCP,0,,,a,
ASN00014073,19860711,PRCP,0,,,a,
ASN00014073,19860712,PRCP,0,,,a,
ASN00014073,19860713,PRCP,0,,,a,
ASN00014073,19860714,PRCP,0,,,a,
ASN00014073,19860715,PRCP,0,,,a,
ASN00014073,19860716,PRCP,0,,,a,
ASN00014073,19860717,PRCP,0,,,a,
ASN00014073,19860718,PRCP,0,,,a,
ASN00014073,19860719,PRCP,0,,,a,
ASN00014073,19860720,PRCP,0,,,a,
ASN00014073,19860721,PRCP,0,,,a,
ASN00014073,19860722,PRCP,0,,,a,
ASN00014073,19860723,PRCP,0,,,a,
ASN00014073,19860724,PRCP,0,,,a,
ASN00014073,19860725,PRCP,0,,,a,
ASN00014073,19860726,PRCP,276,,,a,
ASN00014073,19860727,PRCP,48,,,a,
ASN00014073,19860728,PRCP,20,,,a,
ASN00014073,19860729,PRCP,0,,,a,
ASN00014073,19860730,PRCP,0,,,a,
ASN00014073,19860731,PRCP,0,,,a,
ASN00014073,19860801,PRCP,0,,,a,
ASN00014073,19860802,PRCP,0,,,a,
ASN00014073,19860803,PRCP,0,,,a,
ASN00014073,19860804,PRCP,0,,,a,
ASN00014073,19860805,PRCP,0,,,a,
ASN00014073,19860806,PRCP,0,,,a,
ASN00014073,19860807,PRCP,0,,,a,
ASN00014073,19860808,PRCP,0,,,a,
ASN00014073,19860809,PRCP,0,,,a,
ASN00014073,19860810,PRCP,0,,,a,
ASN00014073,19860811,PRCP,0,,,a,
ASN00014073,19860812,PRCP,0,,,a,
ASN00014073,19860813,PRCP,0,,,a,
ASN00014073,19860814,PRCP,0,,,a,
ASN00014073,19860815,PRCP,0,,,a,
ASN00014073,19860816,PRCP,0,,,a,
ASN00014073,19860817,PRCP,72,,,a,
ASN00014073,19860818,PRCP,0,,,a,
ASN00014073,19860819,PRCP,0,,,a,
ASN00014073,19860820,PRCP,0,,,a,
ASN00014073,19860821,PRCP,0,,,a,
ASN00014073,19860822,PRCP,0,,,a,
ASN00014073,19860823,PRCP,0,,,a,
ASN00014073,19860824,PRCP,0,,,a,
ASN00014073,19860825,PRCP,0,,,a,
ASN00014073,19860826,PRCP,0,,,a,
ASN00014073,19860827,PRCP,0,,,a,
ASN00014073,19860828,PRCP,0,,,a,
ASN00014073,19860829,PRCP,0,,,a,
ASN00014073,19860830,PRCP,0,,,a,
ASN00014073,19860831,PRCP,0,,,a,
ASN00014073,19860901,PRCP,0,,,a,
ASN00014073,19860902,PRCP,0,,,a,
ASN00014073,19860903,PRCP,0,,,a,
ASN00014073,19860904,PRCP,0,,,a,
ASN00014073,19860905,PRCP,0,,,a,
ASN00014073,19860906,PRCP,0,,,a,
ASN00014073,19860907,PRCP,0,,,a,
ASN00014073,19860908,PRCP,0,,,a,
ASN00014073,19860909,PRCP,0,,,a,
ASN00014073,19860910,PRCP,0,,,a,
ASN00014073,19860911,PRCP,0,,,a,
ASN00014073,19860912,PRCP,0,,,a,
ASN00014073,19860913,PRCP,0,,,a,
ASN00014073,19860914,PRCP,0,,,a,
ASN00014073,19860915,PRCP,0,,,a,
ASN00014073,19860916,PRCP,0,,,a,
ASN00014073,19860917,PRCP,0,,,a,
ASN00014073,19860918,PRCP,0,,,a,
ASN00014073,19860919,PRCP,0,,,a,
ASN00014073,19860920,PRCP,0,,,a,
ASN00014073,19860921,PRCP,0,,,a,
ASN00014073,19860922,PRCP,0,,,a,
ASN00014073,19860923,PRCP,0,,,a,
ASN00014073,19860924,PRCP,0,,,a,
ASN00014073,19860925,PRCP,0,,,a,
ASN00014073,19860926,PRCP,0,,,a,
ASN00014073,19860927,PRCP,0,,,a,
ASN00014073,19860928,PRCP,0,,,a,
ASN00014073,19860929,PRCP,152,,,a,
ASN00014073,19860930,PRCP,254,,,a,
ASN00014073,19861001,PRCP,0,,,a,
ASN00014073,19861002,PRCP,40,,,a,
ASN00014073,19861003,PRCP,0,,,a,
ASN00014073,19861004,PRCP,0,,,a,
ASN00014073,19861005,PRCP,0,,,a,
ASN00014073,19861006,PRCP,0,,,a,
ASN00014073,19861007,PRCP,6,,,a,
ASN00014073,19861008,PRCP,0,,,a,
ASN00014073,19861009,PRCP,0,,,a,
ASN00014073,19861010,PRCP,0,,,a,
ASN00014073,19861011,PRCP,0,,,a,
ASN00014073,19861012,PRCP,0,,,a,
ASN00014073,19861013,PRCP,266,,,a,
ASN00014073,19861014,PRCP,0,,,a,
ASN00014073,19861015,PRCP,64,,,a,
ASN00014073,19861016,PRCP,12,,,a,
ASN00014073,19861017,PRCP,0,,,a,
ASN00014073,19861018,PRCP,0,,,a,
ASN00014073,19861019,PRCP,0,,,a,
ASN00014073,19861020,PRCP,0,,,a,
ASN00014073,19861021,PRCP,0,,,a,
ASN00014073,19861022,PRCP,0,,,a,
ASN00014073,19861023,PRCP,0,,,a,
ASN00014073,19861024,PRCP,0,,,a,
ASN00014073,19861025,PRCP,0,,,a,
ASN00014073,19861026,PRCP,0,,,a,
ASN00014073,19861027,PRCP,0,,,a,
ASN00014073,19861028,PRCP,0,,,a,
ASN00014073,19861029,PRCP,8,,,a,
ASN00014073,19861030,PRCP,0,,,a,
ASN00014073,19861031,PRCP,174,,,a,
ASN00014073,19861101,PRCP,0,,,a,
ASN00014073,19861102,PRCP,2,,,a,
ASN00014073,19861103,PRCP,0,,,a,
ASN00014073,19861104,PRCP,0,,,a,
ASN00014073,19861105,PRCP,0,,,a,
ASN00014073,19861106,PRCP,42,,,a,
ASN00014073,19861107,PRCP,0,,,a,
ASN00014073,19861108,PRCP,0,,,a,
ASN00014073,19861109,PRCP,4,,,a,
ASN00014073,19861110,PRCP,0,,,a,
ASN00014073,19861111,PRCP,10,,,a,
ASN00014073,19861112,PRCP,0,,,a,
ASN00014073,19861113,PRCP,0,,,a,
ASN00014073,19861114,PRCP,0,,,a,
ASN00014073,19861115,PRCP,0,,,a,
ASN00014073,19861116,PRCP,48,,,a,
ASN00014073,19861117,PRCP,0,,,a,
ASN00014073,19861118,PRCP,16,,,a,
ASN00014073,19861119,PRCP,517,,,a,
ASN00014073,19861120,PRCP,0,,,a,
ASN00014073,19861121,PRCP,0,,,a,
ASN00014073,19861122,PRCP,0,,,a,
ASN00014073,19861123,PRCP,0,,,a,
ASN00014073,19861124,PRCP,0,,,a,
ASN00014073,19861125,PRCP,0,,,a,
ASN00014073,19861126,PRCP,0,,,a,
ASN00014073,19861127,PRCP,138,,,a,
ASN00014073,19861128,PRCP,0,,,a,
ASN00014073,19861129,PRCP,0,,,a,
ASN00014073,19861130,PRCP,0,,,a,
ASN00014073,19861201,PRCP,0,,,a,
ASN00014073,19861202,PRCP,188,,,a,
ASN00014073,19861203,PRCP,274,,,a,
ASN00014073,19861204,PRCP,0,,,a,
ASN00014073,19861205,PRCP,0,,,a,
ASN00014073,19861206,PRCP,182,,,a,
ASN00014073,19861207,PRCP,0,,,a,
ASN00014073,19861208,PRCP,52,,,a,
ASN00014073,19861209,PRCP,0,,,a,
ASN00014073,19861210,PRCP,0,,,a,
ASN00014073,19861211,PRCP,0,,,a,
ASN00014073,19861212,PRCP,0,,,a,
ASN00014073,19861213,PRCP,0,,,a,
ASN00014073,19861214,PRCP,0,,,a,
ASN00014073,19861215,PRCP,0,,,a,
ASN00014073,19861216,PRCP,290,,,a,
ASN00014073,19861217,PRCP,0,,,a,
ASN00014073,19861218,PRCP,50,,,a,
ASN00014073,19861219,PRCP,0,,,a,
ASN00014073,19861220,PRCP,0,,,a,
ASN00014073,19861221,PRCP,52,,,a,
ASN00014073,19861222,PRCP,0,,,a,
ASN00014073,19861223,PRCP,0,,,a,
ASN00014073,19861224,PRCP,0,,,a,
ASN00014073,19861225,PRCP,0,,,a,
ASN00014073,19861226,PRCP,0,,,a,
ASN00014073,19861227,PRCP,0,,,a,
ASN00014073,19861228,PRCP,192,,,a,
ASN00014073,19861229,PRCP,0,,,a,
ASN00014073,19861230,PRCP,0,,,a,
ASN00014073,19861231,PRCP,0,,,a,
ASN00014073,19870101,PRCP,0,,,a,
ASN00014073,19870102,PRCP,0,,,a,
ASN00014073,19870103,PRCP,354,,,a,
ASN00014073,19870104,PRCP,148,,,a,
ASN00014073,19870105,PRCP,394,,,a,
ASN00014073,19870106,PRCP,0,,,a,
ASN00014073,19870107,PRCP,0,,,a,
ASN00014073,19870108,PRCP,0,,,a,
ASN00014073,19870109,PRCP,0,,,a,
ASN00014073,19870110,PRCP,0,,,a,
ASN00014073,19870111,PRCP,160,,,a,
ASN00014073,19870112,PRCP,370,,,a,
ASN00014073,19870113,PRCP,0,,,a,
ASN00014073,19870114,PRCP,0,,,a,
ASN00014073,19870115,PRCP,76,,,a,
ASN00014073,19870116,PRCP,84,,,a,
ASN00014073,19870117,PRCP,80,,,a,
ASN00014073,19870118,PRCP,94,,,a,
ASN00014073,19870119,PRCP,0,,,a,
ASN00014073,19870120,PRCP,152,,,a,
ASN00014073,19870121,PRCP,30,,,a,
ASN00014073,19870122,PRCP,172,,,a,
ASN00014073,19870123,PRCP,0,,,a,
ASN00014073,19870124,PRCP,42,,,a,
ASN00014073,19870125,PRCP,92,,,a,
ASN00014073,19870126,PRCP,0,,,a,
ASN00014073,19870127,PRCP,0,,,a,
ASN00014073,19870128,PRCP,42,,,a,
ASN00014073,19870129,PRCP,26,,,a,
ASN00014073,19870130,PRCP,318,,,a,
ASN00014073,19870131,PRCP,78,,,a,
ASN00014073,19870201,PRCP,144,,,a,
ASN00014073,19870202,PRCP,194,,,a,
ASN00014073,19870203,PRCP,36,,,a,
ASN00014073,19870204,PRCP,60,,,a,
ASN00014073,19870205,PRCP,58,,,a,
ASN00014073,19870206,PRCP,92,,,a,
ASN00014073,19870207,PRCP,70,,,a,
ASN00014073,19870208,PRCP,0,,,a,
ASN00014073,19870209,PRCP,224,,,a,
ASN00014073,19870210,PRCP,220,,,a,
ASN00014073,19870211,PRCP,268,,,a,
ASN00014073,19870212,PRCP,44,,,a,
ASN00014073,19870213,PRCP,150,,,a,
ASN00014073,19870214,PRCP,0,,,a,
ASN00014073,19870215,PRCP,70,,,a,
ASN00014073,19870216,PRCP,306,,,a,
ASN00014073,19870217,PRCP,104,,,a,
ASN00014073,19870218,PRCP,140,,,a,
ASN00014073,19870219,PRCP,366,,,a,
ASN00014073,19870220,PRCP,14,,,a,
ASN00014073,19870221,PRCP,580,,,a,
ASN00014073,19870222,PRCP,200,,,a,
ASN00014073,19870223,PRCP,188,,,a,
ASN00014073,19870224,PRCP,10,,,a,
ASN00014073,19870225,PRCP,14,,,a,
ASN00014073,19870226,PRCP,0,,,a,
ASN00014073,19870227,PRCP,152,,,a,
ASN00014073,19870228,PRCP,44,,,a,
ASN00014073,19870301,PRCP,0,,,a,
ASN00014073,19870302,PRCP,0,,,a,
ASN00014073,19870303,PRCP,40,,,a,
ASN00014073,19870304,PRCP,0,,,a,
ASN00014073,19870305,PRCP,0,,,a,
ASN00014073,19870306,PRCP,206,,,a,
ASN00014073,19870307,PRCP,0,,,a,
ASN00014073,19870308,PRCP,0,,,a,
ASN00014073,19870309,PRCP,0,,,a,
ASN00014073,19870310,PRCP,0,,,a,
ASN00014073,19870311,PRCP,0,,,a,
ASN00014073,19870312,PRCP,272,,,a,
ASN00014073,19870313,PRCP,42,,,a,
ASN00014073,19870314,PRCP,0,,,a,
ASN00014073,19870315,PRCP,0,,,a,
ASN00014073,19870316,PRCP,0,,,a,
ASN00014073,19870317,PRCP,0,,,a,
ASN00014073,19870318,PRCP,0,,,a,
ASN00014073,19870319,PRCP,0,,,a,
ASN00014073,19870320,PRCP,0,,,a,
ASN00014073,19870321,PRCP,20,,,a,
ASN00014073,19870322,PRCP,280,,,a,
ASN00014073,19870323,PRCP,0,,,a,
ASN00014073,19870324,PRCP,0,,,a,
ASN00014073,19870325,PRCP,0,,,a,
ASN00014073,19870326,PRCP,0,,,a,
ASN00014073,19870327,PRCP,30,,,a,
ASN00014073,19870328,PRCP,0,,,a,
ASN00014073,19870329,PRCP,0,,,a,
ASN00014073,19870330,PRCP,0,,,a,
ASN00014073,19870331,PRCP,0,,,a,
ASN00014073,19870401,PRCP,0,,,a,
ASN00014073,19870402,PRCP,0,,,a,
ASN00014073,19870403,PRCP,0,,,a,
ASN00014073,19870404,PRCP,0,,,a,
ASN00014073,19870405,PRCP,0,,,a,
ASN00014073,19870406,PRCP,0,,,a,
ASN00014073,19870407,PRCP,0,,,a,
ASN00014073,19870408,PRCP,0,,,a,
ASN00014073,19870409,PRCP,0,,,a,
ASN00014073,19870410,PRCP,0,,,a,
ASN00014073,19870411,PRCP,30,,,a,
ASN00014073,19870412,PRCP,142,,,a,
ASN00014073,19870413,PRCP,0,,,a,
ASN00014073,19870414,PRCP,0,,,a,
ASN00014073,19870415,PRCP,0,,,a,
ASN00014073,19870416,PRCP,0,,,a,
ASN00014073,19870417,PRCP,0,,,a,
ASN00014073,19870418,PRCP,0,,,a,
ASN00014073,19870419,PRCP,0,,,a,
ASN00014073,19870420,PRCP,0,,,a,
ASN00014073,19870421,PRCP,0,,,a,
ASN00014073,19870422,PRCP,0,,,a,
ASN00014073,19870423,PRCP,0,,,a,
ASN00014073,19870424,PRCP,0,,,a,
ASN00014073,19870425,PRCP,0,,,a,
ASN00014073,19870426,PRCP,0,,,a,
ASN00014073,19870427,PRCP,0,,,a,
ASN00014073,19870428,PRCP,0,,,a,
ASN00014073,19870429,PRCP,0,,,a,
ASN00014073,19870430,PRCP,0,,,a,
ASN00014073,19870501,PRCP,0,,,a,
ASN00014073,19870502,PRCP,0,,,a,
ASN00014073,19870503,PRCP,0,,,a,
ASN00014073,19870504,PRCP,0,,,a,
ASN00014073,19870505,PRCP,0,,,a,
ASN00014073,19870506,PRCP,0,,,a,
ASN00014073,19870507,PRCP,0,,,a,
ASN00014073,19870508,PRCP,0,,,a,
ASN00014073,19870509,PRCP,0,,,a,
ASN00014073,19870510,PRCP,0,,,a,
ASN00014073,19870511,PRCP,0,,,a,
ASN00014073,19870512,PRCP,0,,,a,
ASN00014073,19870513,PRCP,0,,,a,
ASN00014073,19870514,PRCP,0,,,a,
ASN00014073,19870515,PRCP,0,,,a,
ASN00014073,19870516,PRCP,0,,,a,
ASN00014073,19870517,PRCP,0,,,a,
ASN00014073,19870518,PRCP,148,,,a,
ASN00014073,19870519,PRCP,0,,,a,
ASN00014073,19870520,PRCP,0,,,a,
ASN00014073,19870521,PRCP,0,,,a,
ASN00014073,19870522,PRCP,0,,,a,
ASN00014073,19870523,PRCP,0,,,a,
ASN00014073,19870524,PRCP,0,,,a,
ASN00014073,19870525,PRCP,0,,,a,
ASN00014073,19870526,PRCP,0,,,a,
ASN00014073,19870527,PRCP,0,,,a,
ASN00014073,19870528,PRCP,0,,,a,
ASN00014073,19870529,PRCP,0,,,a,
ASN00014073,19870530,PRCP,0,,,a,
ASN00014073,19870531,PRCP,0,,,a,
ASN00014073,19870601,PRCP,0,,,a,
ASN00014073,19870602,PRCP,0,,,a,
ASN00014073,19870603,PRCP,0,,,a,
ASN00014073,19870604,PRCP,0,,,a,
ASN00014073,19870605,PRCP,0,,,a,
ASN00014073,19870606,PRCP,0,,,a,
ASN00014073,19870607,PRCP,0,,,a,
ASN00014073,19870608,PRCP,0,,,a,
ASN00014073,19870609,PRCP,0,,,a,
ASN00014073,19870610,PRCP,0,,,a,
ASN00014073,19870611,PRCP,0,,,a,
ASN00014073,19870612,PRCP,0,,,a,
ASN00014073,19870613,PRCP,0,,,a,
ASN00014073,19870614,PRCP,0,,,a,
ASN00014073,19870615,PRCP,0,,,a,
ASN00014073,19870616,PRCP,0,,,a,
ASN00014073,19870617,PRCP,0,,,a,
ASN00014073,19870618,PRCP,0,,,a,
ASN00014073,19870619,PRCP,0,,,a,
ASN00014073,19870620,PRCP,0,,,a,
ASN00014073,19870621,PRCP,0,,,a,
ASN00014073,19870622,PRCP,0,,,a,
ASN00014073,19870623,PRCP,0,,,a,
ASN00014073,19870624,PRCP,0,,,a,
ASN00014073,19870625,PRCP,0,,,a,
ASN00014073,19870626,PRCP,0,,,a,
ASN00014073,19870627,PRCP,0,,,a,
ASN00014073,19870628,PRCP,0,,,a,
ASN00014073,19870629,PRCP,0,,,a,
ASN00014073,19870630,PRCP,0,,,a,
ASN00014073,19870701,PRCP,0,,,a,
ASN00014073,19870702,PRCP,0,,,a,
ASN00014073,19870703,PRCP,0,,,a,
ASN00014073,19870704,PRCP,0,,,a,
ASN00014073,19870705,PRCP,0,,,a,
ASN00014073,19870706,PRCP,0,,,a,
ASN00014073,19870707,PRCP,0,,,a,
ASN00014073,19870708,PRCP,0,,,a,
ASN00014073,19870709,PRCP,0,,,a,
ASN00014073,19870710,PRCP,0,,,a,
ASN00014073,19870711,PRCP,0,,,a,
ASN00014073,19870712,PRCP,0,,,a,
ASN00014073,19870713,PRCP,0,,,a,
ASN00014073,19870714,PRCP,0,,,a,
ASN00014073,19870715,PRCP,0,,,a,
ASN00014073,19870716,PRCP,0,,,a,
ASN00014073,19870717,PRCP,0,,,a,
ASN00014073,19870718,PRCP,0,,,a,
ASN00014073,19870719,PRCP,0,,,a,
ASN00014073,19870720,PRCP,0,,,a,
ASN00014073,19870721,PRCP,0,,,a,
ASN00014073,19870722,PRCP,0,,,a,
ASN00014073,19870723,PRCP,0,,,a,
ASN00014073,19870724,PRCP,0,,,a,
ASN00014073,19870725,PRCP,0,,,a,
ASN00014073,19870726,PRCP,0,,,a,
ASN00014073,19870727,PRCP,0,,,a,
ASN00014073,19870728,PRCP,0,,,a,
ASN00014073,19870729,PRCP,0,,,a,
ASN00014073,19870730,PRCP,0,,,a,
ASN00014073,19870731,PRCP,0,,,a,
ASN00014073,19870801,PRCP,0,,,a,
ASN00014073,19870802,PRCP,0,,,a,
ASN00014073,19870803,PRCP,0,,,a,
ASN00014073,19870804,PRCP,0,,,a,
ASN00014073,19870805,PRCP,0,,,a,
ASN00014073,19870806,PRCP,0,,,a,
ASN00014073,19870807,PRCP,0,,,a,
ASN00014073,19870808,PRCP,0,,,a,
ASN00014073,19870809,PRCP,0,,,a,
ASN00014073,19870810,PRCP,0,,,a,
ASN00014073,19870811,PRCP,0,,,a,
ASN00014073,19870812,PRCP,0,,,a,
ASN00014073,19870813,PRCP,0,,,a,
ASN00014073,19870814,PRCP,0,,,a,
ASN00014073,19870815,PRCP,0,,,a,
ASN00014073,19870816,PRCP,0,,,a,
ASN00014073,19870817,PRCP,0,,,a,
ASN00014073,19870818,PRCP,0,,,a,
ASN00014073,19870819,PRCP,0,,,a,
ASN00014073,19870820,PRCP,0,,,a,
ASN00014073,19870821,PRCP,0,,,a,
ASN00014073,19870822,PRCP,0,,,a,
ASN00014073,19870823,PRCP,0,,,a,
ASN00014073,19870824,PRCP,0,,,a,
ASN00014073,19870825,PRCP,0,,,a,
ASN00014073,19870826,PRCP,0,,,a,
ASN00014073,19870827,PRCP,0,,,a,
ASN00014073,19870828,PRCP,0,,,a,
ASN00014073,19870829,PRCP,0,,,a,
ASN00014073,19870830,PRCP,0,,,a,
ASN00014073,19870831,PRCP,0,,,a,
ASN00014073,19870901,PRCP,0,,,a,
ASN00014073,19870902,PRCP,0,,,a,
ASN00014073,19870903,PRCP,0,,,a,
ASN00014073,19870904,PRCP,0,,,a,
ASN00014073,19870905,PRCP,0,,,a,
ASN00014073,19870906,PRCP,0,,,a,
ASN00014073,19870907,PRCP,0,,,a,
ASN00014073,19870908,PRCP,0,,,a,
ASN00014073,19870909,PRCP,0,,,a,
ASN00014073,19870910,PRCP,0,,,a,
ASN00014073,19870911,PRCP,0,,,a,
ASN00014073,19870912,PRCP,0,,,a,
ASN00014073,19870913,PRCP,0,,,a,
ASN00014073,19870914,PRCP,0,,,a,
ASN00014073,19870915,PRCP,0,,,a,
ASN00014073,19870916,PRCP,0,,,a,
ASN00014073,19870917,PRCP,0,,,a,
ASN00014073,19870918,PRCP,0,,,a,
ASN00014073,19870919,PRCP,0,,,a,
ASN00014073,19870920,PRCP,0,,,a,
ASN00014073,19870921,PRCP,0,,,a,
ASN00014073,19870922,PRCP,0,,,a,
ASN00014073,19870923,PRCP,0,,,a,
ASN00014073,19870924,PRCP,0,,,a,
ASN00014073,19870925,PRCP,0,,,a,
ASN00014073,19870926,PRCP,0,,,a,
ASN00014073,19870927,PRCP,0,,,a,
ASN00014073,19870928,PRCP,0,,,a,
ASN00014073,19870929,PRCP,0,,,a,
ASN00014073,19870930,PRCP,0,,,a,
ASN00014073,19871001,PRCP,0,,,a,
ASN00014073,19871002,PRCP,0,,,a,
ASN00014073,19871003,PRCP,0,,,a,
ASN00014073,19871004,PRCP,0,,,a,
ASN00014073,19871005,PRCP,0,,,a,
ASN00014073,19871006,PRCP,0,,,a,
ASN00014073,19871007,PRCP,0,,,a,
ASN00014073,19871008,PRCP,0,,,a,
ASN00014073,19871009,PRCP,0,,,a,
ASN00014073,19871010,PRCP,0,,,a,
ASN00014073,19871011,PRCP,0,,,a,
ASN00014073,19871012,PRCP,0,,,a,
ASN00014073,19871013,PRCP,0,,,a,
ASN00014073,19871014,PRCP,0,,,a,
ASN00014073,19871015,PRCP,0,,,a,
ASN00014073,19871016,PRCP,0,,,a,
ASN00014073,19871017,PRCP,0,,,a,
ASN00014073,19871018,PRCP,14,,,a,
ASN00014073,19871019,PRCP,0,,,a,
ASN00014073,19871020,PRCP,0,,,a,
ASN00014073,19871021,PRCP,0,,,a,
ASN00014073,19871022,PRCP,12,,,a,
ASN00014073,19871023,PRCP,0,,,a,
ASN00014073,19871024,PRCP,0,,,a,
ASN00014073,19871025,PRCP,32,,,a,
ASN00014073,19871026,PRCP,0,,,a,
ASN00014073,19871027,PRCP,0,,,a,
ASN00014073,19871028,PRCP,0,,,a,
ASN00014073,19871029,PRCP,0,,,a,
ASN00014073,19871030,PRCP,0,,,a,
ASN00014073,19871031,PRCP,84,,,a,
ASN00014073,19871101,PRCP,46,,,a,
ASN00014073,19871102,PRCP,72,,,a,
ASN00014073,19871103,PRCP,0,,,a,
ASN00014073,19871104,PRCP,0,,,a,
ASN00014073,19871105,PRCP,0,,,a,
ASN00014073,19871106,PRCP,240,,,a,
ASN00014073,19871107,PRCP,0,,,a,
ASN00014073,19871108,PRCP,52,,,a,
ASN00014073,19871109,PRCP,0,,,a,
ASN00014073,19871110,PRCP,0,,,a,
ASN00014073,19871111,PRCP,0,,,a,
ASN00014073,19871112,PRCP,350,,,a,
ASN00014073,19871113,PRCP,46,,,a,
ASN00014073,19871114,PRCP,0,,,a,
ASN00014073,19871115,PRCP,0,,,a,
ASN00014073,19871116,PRCP,70,,,a,
ASN00014073,19871117,PRCP,0,,,a,
ASN00014073,19871118,PRCP,18,,,a,
ASN00014073,19871119,PRCP,504,,,a,
ASN00014073,19871120,PRCP,210,,,a,
ASN00014073,19871121,PRCP,0,,,a,
ASN00014073,19871122,PRCP,22,,,a,
ASN00014073,19871123,PRCP,72,,,a,
ASN00014073,19871124,PRCP,0,,,a,
ASN00014073,19871125,PRCP,0,,,a,
ASN00014073,19871126,PRCP,172,,,a,
ASN00014073,19871127,PRCP,0,,,a,
ASN00014073,19871128,PRCP,0,,,a,
ASN00014073,19871129,PRCP,194,,,a,
ASN00014073,19871130,PRCP,0,,,a,
ASN00014073,19871201,PRCP,0,,,a,
ASN00014073,19871202,PRCP,0,,,a,
ASN00014073,19871203,PRCP,30,,,a,
ASN00014073,19871204,PRCP,32,,,a,
ASN00014073,19871205,PRCP,0,,,a,
ASN00014073,19871206,PRCP,0,,,a,
ASN00014073,19871207,PRCP,0,,,a,
ASN00014073,19871208,PRCP,0,,,a,
ASN00014073,19871209,PRCP,0,,,a,
ASN00014073,19871210,PRCP,0,,,a,
ASN00014073,19871211,PRCP,0,,,a,
ASN00014073,19871212,PRCP,0,,,a,
ASN00014073,19871213,PRCP,0,,,a,
ASN00014073,19871214,PRCP,4,,,a,
ASN00014073,19871215,PRCP,0,,,a,
ASN00014073,19871216,PRCP,0,,,a,
ASN00014073,19871217,PRCP,434,,,a,
ASN00014073,19871218,PRCP,86,,,a,
ASN00014073,19871219,PRCP,4,,,a,
ASN00014073,19871220,PRCP,514,,,a,
ASN00014073,19871221,PRCP,190,,,a,
ASN00014073,19871222,PRCP,132,,,a,
ASN00014073,19871223,PRCP,234,,,a,
ASN00014073,19871224,PRCP,342,,,a,
ASN00014073,19871225,PRCP,0,,,a,
ASN00014073,19871226,PRCP,0,,,a,
ASN00014073,19871227,PRCP,0,,,a,
ASN00014073,19871228,PRCP,0,,,a,
ASN00014073,19871229,PRCP,0,,,a,
ASN00014073,19871230,PRCP,490,,,a,
ASN00014073,19871231,PRCP,300,,,a,
ASN00014073,19880101,PRCP,299,,,a,
ASN00014073,19880102,PRCP,0,,,a,
ASN00014073,19880103,PRCP,430,,,a,
ASN00014073,19880104,PRCP,0,,,a,
ASN00014073,19880105,PRCP,164,,,a,
ASN00014073,19880106,PRCP,0,,,a,
ASN00014073,19880107,PRCP,0,,,a,
ASN00014073,19880108,PRCP,0,,,a,
ASN00014073,19880109,PRCP,248,,,a,
ASN00014073,19880110,PRCP,546,,,a,
ASN00014073,19880111,PRCP,240,,,a,
ASN00014073,19880112,PRCP,112,,,a,
ASN00014073,19880113,PRCP,0,,,a,
ASN00014073,19880114,PRCP,0,,,a,
ASN00014073,19880115,PRCP,20,,,a,
ASN00014073,19880116,PRCP,244,,,a,
ASN00014073,19880117,PRCP,0,,,a,
ASN00014073,19880118,PRCP,0,,,a,
ASN00014073,19880119,PRCP,0,,,a,
ASN00014073,19880120,PRCP,20,,,a,
ASN00014073,19880121,PRCP,0,,,a,
ASN00014073,19880122,PRCP,44,,,a,
ASN00014073,19880123,PRCP,96,,,a,
ASN00014073,19880124,PRCP,64,,,a,
ASN00014073,19880125,PRCP,0,,,a,
ASN00014073,19880126,PRCP,0,,,a,
ASN00014073,19880127,PRCP,240,,,a,
ASN00014073,19880128,PRCP,0,,,a,
ASN00014073,19880129,PRCP,0,,,a,
ASN00014073,19880130,PRCP,90,,,a,
ASN00014073,19880131,PRCP,0,,,a,
ASN00014073,19880201,PRCP,299,,,a,
ASN00014073,19880202,PRCP,0,,,a,
ASN00014073,19880203,PRCP,0,,,a,
ASN00014073,19880204,PRCP,0,,,a,
ASN00014073,19880205,PRCP,0,,,a,
ASN00014073,19880206,PRCP,38,,,a,
ASN00014073,19880207,PRCP,50,,,a,
ASN00014073,19880208,PRCP,70,,,a,
ASN00014073,19880209,PRCP,640,,,a,
ASN00014073,19880210,PRCP,224,,,a,
ASN00014073,19880211,PRCP,32,,,a,
ASN00014073,19880212,PRCP,118,,,a,
ASN00014073,19880213,PRCP,170,,,a,
ASN00014073,19880214,PRCP,0,,,a,
ASN00014073,19880215,PRCP,0,,,a,
ASN00014073,19880216,PRCP,0,,,a,
ASN00014073,19880217,PRCP,0,,,a,
ASN00014073,19880218,PRCP,0,,,a,
ASN00014073,19880219,PRCP,0,,,a,
ASN00014073,19880220,PRCP,130,,,a,
ASN00014073,19880221,PRCP,20,,,a,
ASN00014073,19880222,PRCP,40,,,a,
ASN00014073,19880223,PRCP,0,,,a,
ASN00014073,19880224,PRCP,0,,,a,
ASN00014073,19880225,PRCP,0,,,a,
ASN00014073,19880226,PRCP,0,,,a,
ASN00014073,19880227,PRCP,234,,,a,
ASN00014073,19880228,PRCP,0,,,a,
ASN00014073,19880229,PRCP,8,,,a,
ASN00014073,19880301,PRCP,0,,,a,
ASN00014073,19880302,PRCP,0,,,a,
ASN00014073,19880303,PRCP,6,,,a,
ASN00014073,19880304,PRCP,0,,,a,
ASN00014073,19880305,PRCP,48,,,a,
ASN00014073,19880306,PRCP,0,,,a,
ASN00014073,19880307,PRCP,0,,,a,
ASN00014073,19880308,PRCP,0,,,a,
ASN00014073,19880309,PRCP,0,,,a,
ASN00014073,19880310,PRCP,0,,,a,
ASN00014073,19880311,PRCP,0,,,a,
ASN00014073,19880312,PRCP,0,,,a,
ASN00014073,19880313,PRCP,40,,,a,
ASN00014073,19880314,PRCP,0,,,a,
ASN00014073,19880315,PRCP,211,,,a,
ASN00014073,19880316,PRCP,0,,,a,
ASN00014073,19880317,PRCP,0,,,a,
ASN00014073,19880318,PRCP,88,,,a,
ASN00014073,19880319,PRCP,240,,,a,
ASN00014073,19880320,PRCP,0,,,a,
ASN00014073,19880321,PRCP,0,,,a,
ASN00014073,19880322,PRCP,0,,,a,
ASN00014073,19880323,PRCP,108,,,a,
ASN00014073,19880324,PRCP,82,,,a,
ASN00014073,19880325,PRCP,12,,,a,
ASN00014073,19880326,PRCP,0,,,a,
ASN00014073,19880327,PRCP,8,,,a,
ASN00014073,19880328,PRCP,86,,,a,
ASN00014073,19880329,PRCP,404,,,a,
ASN00014073,19880330,PRCP,6,,,a,
ASN00014073,19880331,PRCP,2,,,a,
ASN00014073,19880401,PRCP,0,,,a,
ASN00014073,19880402,PRCP,0,,,a,
ASN00014073,19880403,PRCP,1,,,a,
ASN00014073,19880404,PRCP,58,,,a,
ASN00014073,19880405,PRCP,0,,,a,
ASN00014073,19880406,PRCP,0,,,a,
ASN00014073,19880407,PRCP,0,,,a,
ASN00014073,19880408,PRCP,0,,,a,
ASN00014073,19880409,PRCP,0,,,a,
ASN00014073,19880410,PRCP,8,,,a,
ASN00014073,19880411,PRCP,0,,,a,
ASN00014073,19880412,PRCP,0,,,a,
ASN00014073,19880413,PRCP,0,,,a,
ASN00014073,19880414,PRCP,0,,,a,
ASN00014073,19880415,PRCP,0,,,a,
ASN00014073,19880416,PRCP,0,,,a,
ASN00014073,19880417,PRCP,0,,,a,
ASN00014073,19880418,PRCP,0,,,a,
ASN00014073,19880419,PRCP,0,,,a,
ASN00014073,19880420,PRCP,0,,,a,
ASN00014073,19880421,PRCP,0,,,a,
ASN00014073,19880422,PRCP,0,,,a,
ASN00014073,19880423,PRCP,0,,,a,
ASN00014073,19880424,PRCP,0,,,a,
ASN00014073,19880425,PRCP,0,,,a,
ASN00014073,19880426,PRCP,0,,,a,
ASN00014073,19880427,PRCP,0,,,a,
ASN00014073,19880428,PRCP,0,,,a,
ASN00014073,19880429,PRCP,0,,,a,
ASN00014073,19880430,PRCP,0,,,a,
ASN00014073,19880501,PRCP,0,,,a,
ASN00014073,19880502,PRCP,0,,,a,
ASN00014073,19880503,PRCP,0,,,a,
ASN00014073,19880504,PRCP,0,,,a,
ASN00014073,19880505,PRCP,0,,,a,
ASN00014073,19880506,PRCP,0,,,a,
ASN00014073,19880507,PRCP,0,,,a,
ASN00014073,19880508,PRCP,0,,,a,
ASN00014073,19880509,PRCP,0,,,a,
ASN00014073,19880510,PRCP,0,,,a,
ASN00014073,19880511,PRCP,0,,,a,
ASN00014073,19880512,PRCP,0,,,a,
ASN00014073,19880513,PRCP,0,,,a,
ASN00014073,19880514,PRCP,0,,,a,
ASN00014073,19880515,PRCP,0,,,a,
ASN00014073,19880516,PRCP,0,,,a,
ASN00014073,19880517,PRCP,0,,,a,
ASN00014073,19880518,PRCP,0,,,a,
ASN00014073,19880519,PRCP,0,,,a,
ASN00014073,19880520,PRCP,0,,,a,
ASN00014073,19880521,PRCP,0,,,a,
ASN00014073,19880522,PRCP,0,,,a,
ASN00014073,19880523,PRCP,0,,,a,
ASN00014073,19880524,PRCP,0,,,a,
ASN00014073,19880525,PRCP,0,,,a,
ASN00014073,19880526,PRCP,0,,,a,
ASN00014073,19880527,PRCP,0,,,a,
ASN00014073,19880528,PRCP,0,,,a,
ASN00014073,19880529,PRCP,0,,,a,
ASN00014073,19880530,PRCP,0,,,a,
ASN00014073,19880531,PRCP,0,,,a,
ASN00014073,19880601,PRCP,0,,,a,
ASN00014073,19880602,PRCP,0,,,a,
ASN00014073,19880603,PRCP,0,,,a,
ASN00014073,19880604,PRCP,0,,,a,
ASN00014073,19880605,PRCP,0,,,a,
ASN00014073,19880606,PRCP,0,,,a,
ASN00014073,19880607,PRCP,0,,,a,
ASN00014073,19880608,PRCP,0,,,a,
ASN00014073,19880609,PRCP,0,,,a,
ASN00014073,19880610,PRCP,0,,,a,
ASN00014073,19880611,PRCP,0,,,a,
ASN00014073,19880612,PRCP,0,,,a,
ASN00014073,19880613,PRCP,0,,,a,
ASN00014073,19880614,PRCP,0,,,a,
ASN00014073,19880615,PRCP,0,,,a,
ASN00014073,19880616,PRCP,0,,,a,
ASN00014073,19880617,PRCP,0,,,a,
ASN00014073,19880618,PRCP,0,,,a,
ASN00014073,19880619,PRCP,0,,,a,
ASN00014073,19880620,PRCP,0,,,a,
ASN00014073,19880621,PRCP,0,,,a,
ASN00014073,19880622,PRCP,0,,,a,
ASN00014073,19880623,PRCP,0,,,a,
ASN00014073,19880624,PRCP,0,,,a,
ASN00014073,19880625,PRCP,0,,,a,
ASN00014073,19880626,PRCP,0,,,a,
ASN00014073,19880627,PRCP,0,,,a,
ASN00014073,19880628,PRCP,0,,,a,
ASN00014073,19880629,PRCP,0,,,a,
ASN00014073,19880630,PRCP,0,,,a,
ASN00014073,19880701,PRCP,0,,,a,
ASN00014073,19880702,PRCP,0,,,a,
ASN00014073,19880703,PRCP,0,,,a,
ASN00014073,19880704,PRCP,0,,,a,
ASN00014073,19880705,PRCP,0,,,a,
ASN00014073,19880706,PRCP,0,,,a,
ASN00014073,19880707,PRCP,0,,,a,
ASN00014073,19880708,PRCP,0,,,a,
ASN00014073,19880709,PRCP,0,,,a,
ASN00014073,19880710,PRCP,0,,,a,
ASN00014073,19880711,PRCP,0,,,a,
ASN00014073,19880712,PRCP,0,,,a,
ASN00014073,19880713,PRCP,0,,,a,
ASN00014073,19880714,PRCP,0,,,a,
ASN00014073,19880715,PRCP,0,,,a,
ASN00014073,19880716,PRCP,0,,,a,
ASN00014073,19880717,PRCP,0,,,a,
ASN00014073,19880718,PRCP,0,,,a,
ASN00014073,19880719,PRCP,0,,,a,
ASN00014073,19880720,PRCP,0,,,a,
ASN00014073,19880721,PRCP,0,,,a,
ASN00014073,19880722,PRCP,0,,,a,
ASN00014073,19880723,PRCP,0,,,a,
ASN00014073,19880724,PRCP,0,,,a,
ASN00014073,19880725,PRCP,0,,,a,
ASN00014073,19880726,PRCP,0,,,a,
ASN00014073,19880727,PRCP,0,,,a,
ASN00014073,19880728,PRCP,0,,,a,
ASN00014073,19880729,PRCP,0,,,a,
ASN00014073,19880730,PRCP,0,,,a,
ASN00014073,19880731,PRCP,0,,,a,
ASN00014073,19880801,PRCP,0,,,a,
ASN00014073,19880802,PRCP,0,,,a,
ASN00014073,19880803,PRCP,0,,,a,
ASN00014073,19880804,PRCP,0,,,a,
ASN00014073,19880805,PRCP,0,,,a,
ASN00014073,19880806,PRCP,0,,,a,
ASN00014073,19880807,PRCP,0,,,a,
ASN00014073,19880808,PRCP,0,,,a,
ASN00014073,19880809,PRCP,0,,,a,
ASN00014073,19880810,PRCP,0,,,a,
ASN00014073,19880811,PRCP,0,,,a,
ASN00014073,19880812,PRCP,0,,,a,
ASN00014073,19880813,PRCP,0,,,a,
ASN00014073,19880814,PRCP,0,,,a,
ASN00014073,19880815,PRCP,0,,,a,
ASN00014073,19880816,PRCP,0,,,a,
ASN00014073,19880817,PRCP,0,,,a,
ASN00014073,19880818,PRCP,0,,,a,
ASN00014073,19880819,PRCP,0,,,a,
ASN00014073,19880820,PRCP,0,,,a,
ASN00014073,19880821,PRCP,0,,,a,
ASN00014073,19880822,PRCP,0,,,a,
ASN00014073,19880823,PRCP,0,,,a,
ASN00014073,19880824,PRCP,0,,,a,
ASN00014073,19880825,PRCP,0,,,a,
ASN00014073,19880826,PRCP,0,,,a,
ASN00014073,19880827,PRCP,0,,,a,
ASN00014073,19880828,PRCP,0,,,a,
ASN00014073,19880829,PRCP,0,,,a,
ASN00014073,19880830,PRCP,0,,,a,
ASN00014073,19880831,PRCP,0,,,a,
ASN00014073,19880901,PRCP,14,,,a,
ASN00014073,19880902,PRCP,0,,,a,
ASN00014073,19880903,PRCP,34,,,a,
ASN00014073,19880904,PRCP,0,,,a,
ASN00014073,19880905,PRCP,0,,,a,
ASN00014073,19880906,PRCP,0,,,a,
ASN00014073,19880907,PRCP,0,,,a,
ASN00014073,19880908,PRCP,0,,,a,
ASN00014073,19880909,PRCP,0,,,a,
ASN00014073,19880910,PRCP,0,,,a,
ASN00014073,19880911,PRCP,0,,,a,
ASN00014073,19880912,PRCP,0,,,a,
ASN00014073,19880913,PRCP,0,,,a,
ASN00014073,19880914,PRCP,0,,,a,
ASN00014073,19880915,PRCP,0,,,a,
ASN00014073,19880916,PRCP,0,,,a,
ASN00014073,19880917,PRCP,0,,,a,
ASN00014073,19880918,PRCP,0,,,a,
ASN00014073,19880919,PRCP,0,,,a,
ASN00014073,19880920,PRCP,0,,,a,
ASN00014073,19880921,PRCP,0,,,a,
ASN00014073,19880922,PRCP,0,,,a,
ASN00014073,19880923,PRCP,0,,,a,
ASN00014073,19880924,PRCP,0,,,a,
ASN00014073,19880925,PRCP,0,,,a,
ASN00014073,19880926,PRCP,272,,,a,
ASN00014073,19880927,PRCP,0,,,a,
ASN00014073,19880928,PRCP,0,,,a,
ASN00014073,19880929,PRCP,0,,,a,
ASN00014073,19880930,PRCP,0,,,a,
ASN00014073,19881001,PRCP,0,,,a,
ASN00014073,19881002,PRCP,0,,,a,
ASN00014073,19881003,PRCP,0,,,a,
ASN00014073,19881004,PRCP,0,,,a,
ASN00014073,19881005,PRCP,0,,,a,
ASN00014073,19881006,PRCP,0,,,a,
ASN00014073,19881007,PRCP,0,,,a,
ASN00014073,19881008,PRCP,0,,,a,
ASN00014073,19881009,PRCP,0,,,a,
ASN00014073,19881010,PRCP,0,,,a,
ASN00014073,19881011,PRCP,0,,,a,
ASN00014073,19881012,PRCP,10,,,a,
ASN00014073,19881013,PRCP,0,,,a,
ASN00014073,19881014,PRCP,190,,,a,
ASN00014073,19881015,PRCP,118,,,a,
ASN00014073,19881016,PRCP,0,,,a,
ASN00014073,19881017,PRCP,14,,,a,
ASN00014073,19881018,PRCP,2,,,a,
ASN00014073,19881019,PRCP,0,,,a,
ASN00014073,19881020,PRCP,0,,,a,
ASN00014073,19881021,PRCP,50,,,a,
ASN00014073,19881022,PRCP,48,,,a,
ASN00014073,19881023,PRCP,38,,,a,
ASN00014073,19881024,PRCP,0,,,a,
ASN00014073,19881025,PRCP,0,,,a,
ASN00014073,19881026,PRCP,0,,,a,
ASN00014073,19881027,PRCP,0,,,a,
ASN00014073,19881028,PRCP,0,,,a,
ASN00014073,19881029,PRCP,0,,,a,
ASN00014073,19881030,PRCP,0,,,a,
ASN00014073,19881031,PRCP,0,,,a,
ASN00014073,19881101,PRCP,0,,,a,
ASN00014073,19881102,PRCP,94,,,a,
ASN00014073,19881103,PRCP,0,,,a,
ASN00014073,19881104,PRCP,0,,,a,
ASN00014073,19881105,PRCP,0,,,a,
ASN00014073,19881106,PRCP,0,,,a,
ASN00014073,19881107,PRCP,0,,,a,
ASN00014073,19881108,PRCP,140,,,a,
ASN00014073,19881109,PRCP,104,,,a,
ASN00014073,19881110,PRCP,0,,,a,
ASN00014073,19881111,PRCP,20,,,a,
ASN00014073,19881112,PRCP,0,,,a,
ASN00014073,19881113,PRCP,0,,,a,
ASN00014073,19881114,PRCP,22,,,a,
ASN00014073,19881115,PRCP,0,,,a,
ASN00014073,19881116,PRCP,0,,,a,
ASN00014073,19881117,PRCP,246,,,a,
ASN00014073,19881118,PRCP,38,,,a,
ASN00014073,19881119,PRCP,78,,,a,
ASN00014073,19881120,PRCP,0,,,a,
ASN00014073,19881121,PRCP,0,,,a,
ASN00014073,19881122,PRCP,104,,,a,
ASN00014073,19881123,PRCP,20,,,a,
ASN00014073,19881124,PRCP,28,,,a,
ASN00014073,19881125,PRCP,8,,,a,
ASN00014073,19881126,PRCP,2,,,a,
ASN00014073,19881127,PRCP,228,,,a,
ASN00014073,19881128,PRCP,142,,,a,
ASN00014073,19881129,PRCP,266,,,a,
ASN00014073,19881130,PRCP,2,,,a,
ASN00014073,19881201,PRCP,120,,,a,
ASN00014073,19881202,PRCP,120,,,a,
ASN00014073,19881203,PRCP,438,,,a,
ASN00014073,19881204,PRCP,10,,,a,
ASN00014073,19881205,PRCP,28,,,a,
ASN00014073,19881206,PRCP,0,,,a,
ASN00014073,19881207,PRCP,8,,,a,
ASN00014073,19881208,PRCP,318,,,a,
ASN00014073,19881209,PRCP,12,,,a,
ASN00014073,19881210,PRCP,0,,,a,
ASN00014073,19881211,PRCP,78,,,a,
ASN00014073,19881212,PRCP,20,,,a,
ASN00014073,19881213,PRCP,112,,,a,
ASN00014073,19881214,PRCP,50,,,a,
ASN00014073,19881215,PRCP,362,,,a,
ASN00014073,19881216,PRCP,38,,,a,
ASN00014073,19881217,PRCP,0,,,a,
ASN00014073,19881218,PRCP,6,,,a,
ASN00014073,19881219,PRCP,0,,,a,
ASN00014073,19881220,PRCP,0,,,a,
ASN00014073,19881221,PRCP,62,,,a,
ASN00014073,19881222,PRCP,542,,,a,
ASN00014073,19881223,PRCP,4,,,a,
ASN00014073,19881224,PRCP,208,,,a,
ASN00014073,19881225,PRCP,24,,,a,
ASN00014073,19881226,PRCP,6,,,a,
ASN00014073,19881227,PRCP,0,,,a,
ASN00014073,19881228,PRCP,100,,,a,
ASN00014073,19881229,PRCP,320,,,a,
ASN00014073,19881230,PRCP,48,,,a,
ASN00014073,19881231,PRCP,0,,,a,
ASN00014073,19890101,PRCP,0,,,a,
ASN00014073,19890102,PRCP,154,,,a,
ASN00014073,19890103,PRCP,40,,,a,
ASN00014073,19890104,PRCP,0,,,a,
ASN00014073,19890105,PRCP,0,,,a,
ASN00014073,19890106,PRCP,196,,,a,
ASN00014073,19890107,PRCP,0,,,a,
ASN00014073,19890108,PRCP,30,,,a,
ASN00014073,19890109,PRCP,0,,,a,
ASN00014073,19890110,PRCP,0,,,a,
ASN00014073,19890111,PRCP,200,,,a,
ASN00014073,19890112,PRCP,230,,,a,
ASN00014073,19890113,PRCP,70,,,a,
ASN00014073,19890114,PRCP,0,,,a,
ASN00014073,19890115,PRCP,0,,,a,
ASN00014073,19890116,PRCP,0,,,a,
ASN00014073,19890117,PRCP,20,,,a,
ASN00014073,19890118,PRCP,0,,,a,
ASN00014073,19890119,PRCP,140,,,a,
ASN00014073,19890120,PRCP,172,,,a,
ASN00014073,19890121,PRCP,0,,,a,
ASN00014073,19890122,PRCP,40,,,a,
ASN00014073,19890123,PRCP,8,,,a,
ASN00014073,19890124,PRCP,0,,,a,
ASN00014073,19890125,PRCP,0,,,a,
ASN00014073,19890126,PRCP,170,,,a,
ASN00014073,19890127,PRCP,54,,,a,
ASN00014073,19890128,PRCP,90,,,a,
ASN00014073,19890129,PRCP,88,,,a,
ASN00014073,19890130,PRCP,258,,,a,
ASN00014073,19890131,PRCP,240,,,a,
ASN00014073,19890201,PRCP,108,,,a,
ASN00014073,19890202,PRCP,28,,,a,
ASN00014073,19890203,PRCP,0,,,a,
ASN00014073,19890204,PRCP,0,,,a,
ASN00014073,19890205,PRCP,0,,,a,
ASN00014073,19890206,PRCP,0,,,a,
ASN00014073,19890207,PRCP,0,,,a,
ASN00014073,19890208,PRCP,0,,,a,
ASN00014073,19890209,PRCP,160,,,a,
ASN00014073,19890210,PRCP,0,,,a,
ASN00014073,19890211,PRCP,0,,,a,
ASN00014073,19890212,PRCP,0,,,a,
ASN00014073,19890213,PRCP,22,,,a,
ASN00014073,19890214,PRCP,78,,,a,
ASN00014073,19890215,PRCP,24,,,a,
ASN00014073,19890216,PRCP,0,,,a,
ASN00014073,19890217,PRCP,0,,,a,
ASN00014073,19890218,PRCP,0,,,a,
ASN00014073,19890219,PRCP,358,,,a,
ASN00014073,19890220,PRCP,78,,,a,
ASN00014073,19890221,PRCP,0,,,a,
ASN00014073,19890222,PRCP,56,,,a,
ASN00014073,19890223,PRCP,0,,,a,
ASN00014073,19890224,PRCP,0,,,a,
ASN00014073,19890225,PRCP,0,,,a,
ASN00014073,19890226,PRCP,0,,,a,
ASN00014073,19890227,PRCP,0,,,a,
ASN00014073,19890228,PRCP,298,,,a,
ASN00014073,19890301,PRCP,64,,,a,
ASN00014073,19890302,PRCP,320,,,a,
ASN00014073,19890303,PRCP,54,,,a,
ASN00014073,19890304,PRCP,4,,,a,
ASN00014073,19890305,PRCP,170,,,a,
ASN00014073,19890306,PRCP,28,,,a,
ASN00014073,19890307,PRCP,58,,,a,
ASN00014073,19890308,PRCP,46,,,a,
ASN00014073,19890309,PRCP,630,,,a,
ASN00014073,19890310,PRCP,62,,,a,
ASN00014073,19890313,PRCP,10,,,a,
ASN00014073,19890314,PRCP,182,,,a,
ASN00014073,19890315,PRCP,32,,,a,
ASN00014073,19890316,PRCP,224,,,a,
ASN00014073,19890317,PRCP,64,,,a,
ASN00014073,19890318,PRCP,188,,,a,
ASN00014073,19890319,PRCP,82,,,a,
ASN00014073,19890320,PRCP,820,,,a,
ASN00014073,19890321,PRCP,4,,,a,
ASN00014073,19890322,PRCP,64,,,a,
ASN00014073,19890323,PRCP,56,,,a,
ASN00014073,19890324,PRCP,38,,,a,
ASN00014073,19890327,PRCP,0,,,a,
ASN00014073,19890328,PRCP,6,,,a,
ASN00014073,19890329,PRCP,106,,,a,
ASN00014073,19890330,PRCP,12,,,a,
ASN00014073,19890331,PRCP,0,,,a,
ASN00014073,19890312,DAPR,2,,,a,
ASN00014073,19890326,DAPR,2,,,a,
ASN00014073,19890312,DWPR,1,,,a,
ASN00014073,19890326,DWPR,1,,,a,
ASN00014073,19890312,MDPR,554,,,a,
ASN00014073,19890326,MDPR,264,,,a,
ASN00014073,19890401,PRCP,0,,,a,
ASN00014073,19890402,PRCP,0,,,a,
ASN00014073,19890403,PRCP,0,,,a,
ASN00014073,19890404,PRCP,0,,,a,
ASN00014073,19890405,PRCP,0,,,a,
ASN00014073,19890406,PRCP,0,,,a,
ASN00014073,19890407,PRCP,0,,,a,
ASN00014073,19890408,PRCP,0,,,a,
ASN00014073,19890409,PRCP,0,,,a,
ASN00014073,19890410,PRCP,6,,,a,
ASN00014073,19890411,PRCP,0,,,a,
ASN00014073,19890412,PRCP,2,,,a,
ASN00014073,19890413,PRCP,0,,,a,
ASN00014073,19890414,PRCP,0,,,a,
ASN00014073,19890415,PRCP,0,,,a,
ASN00014073,19890416,PRCP,0,,,a,
ASN00014073,19890417,PRCP,64,,,a,
ASN00014073,19890418,PRCP,260,,,a,
ASN00014073,19890419,PRCP,12,,,a,
ASN00014073,19890420,PRCP,0,,,a,
ASN00014073,19890421,PRCP,0,,,a,
ASN00014073,19890422,PRCP,0,,,a,
ASN00014073,19890423,PRCP,0,,,a,
ASN00014073,19890424,PRCP,48,,,a,
ASN00014073,19890425,PRCP,0,,,a,
ASN00014073,19890426,PRCP,40,,,a,
ASN00014073,19890427,PRCP,0,,,a,
ASN00014073,19890428,PRCP,0,,,a,
ASN00014073,19890429,PRCP,20,,,a,
ASN00014073,19890430,PRCP,130,,,a,
ASN00014073,19890501,PRCP,0,,,a,
ASN00014073,19890502,PRCP,0,,,a,
ASN00014073,19890503,PRCP,0,,,a,
ASN00014073,19890504,PRCP,0,,,a,
ASN00014073,19890505,PRCP,0,,,a,
ASN00014073,19890506,PRCP,0,,,a,
ASN00014073,19890507,PRCP,0,,,a,
ASN00014073,19890508,PRCP,0,,,a,
ASN00014073,19890509,PRCP,0,,,a,
ASN00014073,19890510,PRCP,0,,,a,
ASN00014073,19890511,PRCP,0,,,a,
ASN00014073,19890512,PRCP,0,,,a,
ASN00014073,19890513,PRCP,0,,,a,
ASN00014073,19890514,PRCP,0,,,a,
ASN00014073,19890515,PRCP,0,,,a,
ASN00014073,19890516,PRCP,0,,,a,
ASN00014073,19890517,PRCP,0,,,a,
ASN00014073,19890518,PRCP,0,,,a,
ASN00014073,19890519,PRCP,22,,,a,
ASN00014073,19890520,PRCP,0,,,a,
ASN00014073,19890521,PRCP,0,,,a,
ASN00014073,19890522,PRCP,0,,,a,
ASN00014073,19890523,PRCP,0,,,a,
ASN00014073,19890524,PRCP,0,,,a,
ASN00014073,19890525,PRCP,0,,,a,
ASN00014073,19890526,PRCP,0,,,a,
ASN00014073,19890527,PRCP,0,,,a,
ASN00014073,19890528,PRCP,0,,,a,
ASN00014073,19890529,PRCP,0,,,a,
ASN00014073,19890530,PRCP,0,,,a,
ASN00014073,19890531,PRCP,0,,,a,
ASN00014073,19890601,PRCP,0,,,a,
ASN00014073,19890602,PRCP,0,,,a,
ASN00014073,19890603,PRCP,0,,,a,
ASN00014073,19890604,PRCP,0,,,a,
ASN00014073,19890605,PRCP,0,,,a,
ASN00014073,19890606,PRCP,0,,,a,
ASN00014073,19890607,PRCP,0,,,a,
ASN00014073,19890608,PRCP,0,,,a,
ASN00014073,19890609,PRCP,0,,,a,
ASN00014073,19890610,PRCP,0,,,a,
ASN00014073,19890611,PRCP,0,,,a,
ASN00014073,19890612,PRCP,0,,,a,
ASN00014073,19890613,PRCP,0,,,a,
ASN00014073,19890614,PRCP,0,,,a,
ASN00014073,19890615,PRCP,0,,,a,
ASN00014073,19890616,PRCP,0,,,a,
ASN00014073,19890617,PRCP,0,,,a,
ASN00014073,19890618,PRCP,0,,,a,
ASN00014073,19890619,PRCP,0,,,a,
ASN00014073,19890620,PRCP,0,,,a,
ASN00014073,19890621,PRCP,0,,,a,
ASN00014073,19890622,PRCP,0,,,a,
ASN00014073,19890623,PRCP,0,,,a,
ASN00014073,19890624,PRCP,0,,,a,
ASN00014073,19890625,PRCP,0,,,a,
ASN00014073,19890626,PRCP,0,,,a,
ASN00014073,19890627,PRCP,0,,,a,
ASN00014073,19890628,PRCP,0,,,a,
ASN00014073,19890629,PRCP,0,,,a,
ASN00014073,19890630,PRCP,0,,,a,
ASN00014073,19890701,PRCP,0,,,a,
ASN00014073,19890702,PRCP,0,,,a,
ASN00014073,19890703,PRCP,0,,,a,
ASN00014073,19890704,PRCP,0,,,a,
ASN00014073,19890705,PRCP,0,,,a,
ASN00014073,19890706,PRCP,0,,,a,
ASN00014073,19890707,PRCP,0,,,a,
ASN00014073,19890708,PRCP,0,,,a,
ASN00014073,19890709,PRCP,0,,,a,
ASN00014073,19890710,PRCP,0,,,a,
ASN00014073,19890711,PRCP,0,,,a,
ASN00014073,19890712,PRCP,0,,,a,
ASN00014073,19890713,PRCP,0,,,a,
ASN00014073,19890714,PRCP,0,,,a,
ASN00014073,19890715,PRCP,0,,,a,
ASN00014073,19890716,PRCP,0,,,a,
ASN00014073,19890717,PRCP,0,,,a,
ASN00014073,19890718,PRCP,0,,,a,
ASN00014073,19890719,PRCP,0,,,a,
ASN00014073,19890720,PRCP,0,,,a,
ASN00014073,19890721,PRCP,0,,,a,
ASN00014073,19890722,PRCP,0,,,a,
ASN00014073,19890723,PRCP,0,,,a,
ASN00014073,19890724,PRCP,0,,,a,
ASN00014073,19890725,PRCP,0,,,a,
ASN00014073,19890726,PRCP,0,,,a,
ASN00014073,19890727,PRCP,0,,,a,
ASN00014073,19890728,PRCP,0,,,a,
ASN00014073,19890729,PRCP,0,,,a,
ASN00014073,19890730,PRCP,0,,,a,
ASN00014073,19890731,PRCP,0,,,a,
ASN00014073,19890801,PRCP,0,,,a,
ASN00014073,19890802,PRCP,0,,,a,
ASN00014073,19890803,PRCP,0,,,a,
ASN00014073,19890804,PRCP,0,,,a,
ASN00014073,19890805,PRCP,0,,,a,
ASN00014073,19890806,PRCP,0,,,a,
ASN00014073,19890807,PRCP,0,,,a,
ASN00014073,19890808,PRCP,0,,,a,
ASN00014073,19890809,PRCP,0,,,a,
ASN00014073,19890810,PRCP,0,,,a,
ASN00014073,19890811,PRCP,0,,,a,
ASN00014073,19890812,PRCP,0,,,a,
ASN00014073,19890813,PRCP,0,,,a,
ASN00014073,19890814,PRCP,0,,,a,
ASN00014073,19890815,PRCP,0,,,a,
ASN00014073,19890816,PRCP,0,,,a,
ASN00014073,19890817,PRCP,0,,,a,
ASN00014073,19890818,PRCP,0,,,a,
ASN00014073,19890819,PRCP,0,,,a,
ASN00014073,19890820,PRCP,0,,,a,
ASN00014073,19890821,PRCP,0,,,a,
ASN00014073,19890822,PRCP,0,,,a,
ASN00014073,19890823,PRCP,0,,,a,
ASN00014073,19890824,PRCP,0,,,a,
ASN00014073,19890825,PRCP,0,,,a,
ASN00014073,19890826,PRCP,0,,,a,
ASN00014073,19890827,PRCP,0,,,a,
ASN00014073,19890828,PRCP,0,,,a,
ASN00014073,19890829,PRCP,0,,,a,
ASN00014073,19890830,PRCP,0,,,a,
ASN00014073,19890831,PRCP,0,,,a,
ASN00014073,19890901,PRCP,0,,,a,
ASN00014073,19890902,PRCP,0,,,a,
ASN00014073,19890903,PRCP,0,,,a,
ASN00014073,19890904,PRCP,0,,,a,
ASN00014073,19890905,PRCP,0,,,a,
ASN00014073,19890906,PRCP,0,,,a,
ASN00014073,19890907,PRCP,0,,,a,
ASN00014073,19890908,PRCP,0,,,a,
ASN00014073,19890909,PRCP,0,,,a,
ASN00014073,19890910,PRCP,0,,,a,
ASN00014073,19890911,PRCP,0,,,a,
ASN00014073,19890912,PRCP,0,,,a,
ASN00014073,19890913,PRCP,0,,,a,
ASN00014073,19890914,PRCP,0,,,a,
ASN00014073,19890915,PRCP,0,,,a,
ASN00014073,19890916,PRCP,0,,,a,
ASN00014073,19890917,PRCP,0,,,a,
ASN00014073,19890918,PRCP,0,,,a,
ASN00014073,19890919,PRCP,0,,,a,
ASN00014073,19890920,PRCP,0,,,a,
ASN00014073,19890921,PRCP,0,,,a,
ASN00014073,19890922,PRCP,0,,,a,
ASN00014073,19890923,PRCP,0,,,a,
ASN00014073,19890924,PRCP,0,,,a,
ASN00014073,19890925,PRCP,0,,,a,
ASN00014073,19890926,PRCP,0,,,a,
ASN00014073,19890927,PRCP,0,,,a,
ASN00014073,19890928,PRCP,0,,,a,
ASN00014073,19890929,PRCP,0,,,a,
ASN00014073,19890930,PRCP,0,,,a,
ASN00014073,19891001,PRCP,0,,,a,
ASN00014073,19891002,PRCP,0,,,a,
ASN00014073,19891003,PRCP,0,,,a,
ASN00014073,19891004,PRCP,0,,,a,
ASN00014073,19891005,PRCP,0,,,a,
ASN00014073,19891006,PRCP,0,,,a,
ASN00014073,19891007,PRCP,0,,,a,
ASN00014073,19891008,PRCP,0,,,a,
ASN00014073,19891009,PRCP,0,,,a,
ASN00014073,19891010,PRCP,0,,,a,
ASN00014073,19891011,PRCP,0,,,a,
ASN00014073,19891012,PRCP,0,,,a,
ASN00014073,19891013,PRCP,426,,,a,
ASN00014073,19891014,PRCP,0,,,a,
ASN00014073,19891015,PRCP,0,,,a,
ASN00014073,19891016,PRCP,0,,,a,
ASN00014073,19891017,PRCP,0,,,a,
ASN00014073,19891018,PRCP,0,,,a,
ASN00014073,19891019,PRCP,0,,,a,
ASN00014073,19891020,PRCP,0,,,a,
ASN00014073,19891021,PRCP,0,,,a,
ASN00014073,19891022,PRCP,0,,,a,
ASN00014073,19891023,PRCP,0,,,a,
ASN00014073,19891024,PRCP,284,,,a,
ASN00014073,19891025,PRCP,0,,,a,
ASN00014073,19891026,PRCP,0,,,a,
ASN00014073,19891027,PRCP,82,,,a,
ASN00014073,19891028,PRCP,0,,,a,
ASN00014073,19891029,PRCP,0,,,a,
ASN00014073,19891030,PRCP,0,,,a,
ASN00014073,19891031,PRCP,0,,,a,
ASN00014073,19891101,PRCP,0,,,a,
ASN00014073,19891102,PRCP,4,,,a,
ASN00014073,19891103,PRCP,40,,,a,
ASN00014073,19891104,PRCP,0,,,a,
ASN00014073,19891105,PRCP,0,,,a,
ASN00014073,19891106,PRCP,0,,,a,
ASN00014073,19891107,PRCP,40,,,a,
ASN00014073,19891108,PRCP,0,,,a,
ASN00014073,19891109,PRCP,0,,,a,
ASN00014073,19891110,PRCP,0,,,a,
ASN00014073,19891111,PRCP,0,,,a,
ASN00014073,19891112,PRCP,0,,,a,
ASN00014073,19891113,PRCP,0,,,a,
ASN00014073,19891114,PRCP,0,,,a,
ASN00014073,19891115,PRCP,0,,,a,
ASN00014073,19891116,PRCP,0,,,a,
ASN00014073,19891117,PRCP,0,,,a,
ASN00014073,19891118,PRCP,0,,,a,
ASN00014073,19891119,PRCP,0,,,a,
ASN00014073,19891120,PRCP,50,,,a,
ASN00014073,19891121,PRCP,0,,,a,
ASN00014073,19891122,PRCP,0,,,a,
ASN00014073,19891123,PRCP,0,,,a,
ASN00014073,19891124,PRCP,0,,,a,
ASN00014073,19891125,PRCP,0,,,a,
ASN00014073,19891126,PRCP,0,,,a,
ASN00014073,19891127,PRCP,170,,,a,
ASN00014073,19891128,PRCP,0,,,a,
ASN00014073,19891129,PRCP,0,,,a,
ASN00014073,19891130,PRCP,0,,,a,
ASN00014073,19891201,PRCP,0,,,a,
ASN00014073,19891202,PRCP,0,,,a,
ASN00014073,19891203,PRCP,0,,,a,
ASN00014073,19891204,PRCP,190,,,a,
ASN00014073,19891205,PRCP,90,,,a,
ASN00014073,19891206,PRCP,80,,,a,
ASN00014073,19891207,PRCP,0,,,a,
ASN00014073,19891208,PRCP,0,,,a,
ASN00014073,19891209,PRCP,20,,,a,
ASN00014073,19891210,PRCP,0,,,a,
ASN00014073,19891211,PRCP,0,,,a,
ASN00014073,19891212,PRCP,0,,,a,
ASN00014073,19891213,PRCP,28,,,a,
ASN00014073,19891214,PRCP,0,,,a,
ASN00014073,19891215,PRCP,0,,,a,
ASN00014073,19891216,PRCP,166,,,a,
ASN00014073,19891217,PRCP,0,,,a,
ASN00014073,19891218,PRCP,28,,,a,
ASN00014073,19891219,PRCP,0,,,a,
ASN00014073,19891220,PRCP,0,,,a,
ASN00014073,19891221,PRCP,372,,,a,
ASN00014073,19891222,PRCP,0,,,a,
ASN00014073,19891223,PRCP,0,,,a,
ASN00014073,19891224,PRCP,0,,,a,
ASN00014073,19891225,PRCP,0,,,a,
ASN00014073,19891226,PRCP,0,,,a,
ASN00014073,19891227,PRCP,0,,,a,
ASN00014073,19891228,PRCP,0,,,a,
ASN00014073,19891229,PRCP,0,,,a,
ASN00014073,19891230,PRCP,0,,,a,
ASN00014073,19891231,PRCP,0,,,a,
ASN00014073,19900101,PRCP,126,,,a,
ASN00014073,19900102,PRCP,80,,,a,
ASN00014073,19900103,PRCP,0,,,a,
ASN00014073,19900104,PRCP,0,,,a,
ASN00014073,19900105,PRCP,0,,,a,
ASN00014073,19900106,PRCP,0,,,a,
ASN00014073,19900107,PRCP,112,,,a,
ASN00014073,19900108,PRCP,0,,,a,
ASN00014073,19900109,PRCP,22,,,a,
ASN00014073,19900110,PRCP,114,,,a,
ASN00014073,19900111,PRCP,0,,,a,
ASN00014073,19900112,PRCP,412,,,a,
ASN00014073,19900113,PRCP,86,,,a,
ASN00014073,19900114,PRCP,114,,,a,
ASN00014073,19900115,PRCP,8,,,a,
ASN00014073,19900116,PRCP,0,,,a,
ASN00014073,19900117,PRCP,0,,,a,
ASN00014073,19900118,PRCP,0,,,a,
ASN00014073,19900119,PRCP,0,,,a,
ASN00014073,19900120,PRCP,382,,,a,
ASN00014073,19900121,PRCP,0,,,a,
ASN00014073,19900122,PRCP,542,,,a,
ASN00014073,19900123,PRCP,0,,,a,
ASN00014073,19900124,PRCP,0,,,a,
ASN00014073,19900125,PRCP,28,,,a,
ASN00014073,19900126,PRCP,0,,,a,
ASN00014073,19900127,PRCP,0,,,a,
ASN00014073,19900128,PRCP,0,,,a,
ASN00014073,19900129,PRCP,170,,,a,
ASN00014073,19900130,PRCP,0,,,a,
ASN00014073,19900131,PRCP,0,,,a,
ASN00014073,19900201,PRCP,72,,,a,
ASN00014073,19900202,PRCP,0,,,a,
ASN00014073,19900203,PRCP,0,,,a,
ASN00014073,19900204,PRCP,0,,,a,
ASN00014073,19900205,PRCP,0,,,a,
ASN00014073,19900206,PRCP,0,,,a,
ASN00014073,19900207,PRCP,0,,,a,
ASN00014073,19900208,PRCP,0,,,a,
ASN00014073,19900209,PRCP,46,,,a,
ASN00014073,19900210,PRCP,0,,,a,
ASN00014073,19900211,PRCP,0,,,a,
ASN00014073,19900212,PRCP,0,,,a,
ASN00014073,19900213,PRCP,0,,,a,
ASN00014073,19900214,PRCP,0,,,a,
ASN00014073,19900215,PRCP,32,,,a,
ASN00014073,19900216,PRCP,0,,,a,
ASN00014073,19900217,PRCP,0,,,a,
ASN00014073,19900218,PRCP,188,,,a,
ASN00014073,19900219,PRCP,0,,,a,
ASN00014073,19900220,PRCP,0,,,a,
ASN00014073,19900221,PRCP,10,,,a,
ASN00014073,19900222,PRCP,794,,,a,
ASN00014073,19900223,PRCP,0,,,a,
ASN00014073,19900224,PRCP,156,,,a,
ASN00014073,19900225,PRCP,110,,,a,
ASN00014073,19900226,PRCP,0,,,a,
ASN00014073,19900227,PRCP,250,,,a,
ASN00014073,19900228,PRCP,166,,,a,
ASN00014073,19900301,PRCP,480,,,a,
ASN00014073,19900302,PRCP,0,,,a,
ASN00014073,19900303,PRCP,0,,,a,
ASN00014073,19900304,PRCP,0,,,a,
ASN00014073,19900305,PRCP,188,,,a,
ASN00014073,19900306,PRCP,0,,,a,
ASN00014073,19900307,PRCP,42,,,a,
ASN00014073,19900308,PRCP,0,,,a,
ASN00014073,19900309,PRCP,0,,,a,
ASN00014073,19900310,PRCP,466,,,a,
ASN00014073,19900311,PRCP,12,,,a,
ASN00014073,19900312,PRCP,312,,,a,
ASN00014073,19900313,PRCP,0,,,a,
ASN00014073,19900314,PRCP,0,,,a,
ASN00014073,19900315,PRCP,530,,,a,
ASN00014073,19900316,PRCP,0,,,a,
ASN00014073,19900317,PRCP,0,,,a,
ASN00014073,19900318,PRCP,0,,,a,
ASN00014073,19900319,PRCP,0,,,a,
ASN00014073,19900320,PRCP,0,,,a,
ASN00014073,19900321,PRCP,0,,,a,
ASN00014073,19900322,PRCP,0,,,a,
ASN00014073,19900323,PRCP,0,,,a,
ASN00014073,19900324,PRCP,0,,,a,
ASN00014073,19900325,PRCP,18,,,a,
ASN00014073,19900326,PRCP,0,,,a,
ASN00014073,19900327,PRCP,190,,,a,
ASN00014073,19900328,PRCP,0,,,a,
ASN00014073,19900329,PRCP,0,,,a,
ASN00014073,19900330,PRCP,0,,,a,
ASN00014073,19900331,PRCP,0,,,a,
ASN00014073,19900401,PRCP,0,,,a,
ASN00014073,19900402,PRCP,192,,,a,
ASN00014073,19900403,PRCP,0,,,a,
ASN00014073,19900404,PRCP,0,,,a,
ASN00014073,19900405,PRCP,14,,,a,
ASN00014073,19900406,PRCP,0,,,a,
ASN00014073,19900407,PRCP,0,,,a,
ASN00014073,19900408,PRCP,0,,,a,
ASN00014073,19900409,PRCP,0,,,a,
ASN00014073,19900410,PRCP,0,,,a,
ASN00014073,19900411,PRCP,34,,,a,
ASN00014073,19900412,PRCP,0,,,a,
ASN00014073,19900413,PRCP,0,,,a,
ASN00014073,19900414,PRCP,0,,,a,
ASN00014073,19900415,PRCP,196,,,a,
ASN00014073,19900416,PRCP,624,,,a,
ASN00014073,19900417,PRCP,36,,,a,
ASN00014073,19900418,PRCP,0,,,a,
ASN00014073,19900419,PRCP,0,,,a,
ASN00014073,19900420,PRCP,0,,,a,
ASN00014073,19900421,PRCP,0,,,a,
ASN00014073,19900422,PRCP,0,,,a,
ASN00014073,19900423,PRCP,0,,,a,
ASN00014073,19900424,PRCP,0,,,a,
ASN00014073,19900425,PRCP,0,,,a,
ASN00014073,19900426,PRCP,0,,,a,
ASN00014073,19900427,PRCP,0,,,a,
ASN00014073,19900428,PRCP,0,,,a,
ASN00014073,19900429,PRCP,0,,,a,
ASN00014073,19900430,PRCP,0,,,a,
ASN00014073,19900501,PRCP,0,,,a,
ASN00014073,19900502,PRCP,0,,,a,
ASN00014073,19900503,PRCP,0,,,a,
ASN00014073,19900504,PRCP,0,,,a,
ASN00014073,19900505,PRCP,94,,,a,
ASN00014073,19900506,PRCP,0,,,a,
ASN00014073,19900507,PRCP,410,,,a,
ASN00014073,19900508,PRCP,194,,,a,
ASN00014073,19900509,PRCP,0,,,a,
ASN00014073,19900510,PRCP,0,,,a,
ASN00014073,19900511,PRCP,0,,,a,
ASN00014073,19900512,PRCP,0,,,a,
ASN00014073,19900513,PRCP,0,,,a,
ASN00014073,19900514,PRCP,0,,,a,
ASN00014073,19900515,PRCP,0,,,a,
ASN00014073,19900516,PRCP,0,,,a,
ASN00014073,19900517,PRCP,0,,,a,
ASN00014073,19900518,PRCP,0,,,a,
ASN00014073,19900519,PRCP,0,,,a,
ASN00014073,19900520,PRCP,0,,,a,
ASN00014073,19900521,PRCP,130,,,a,
ASN00014073,19900522,PRCP,290,,,a,
ASN00014073,19900523,PRCP,4,,,a,
ASN00014073,19900524,PRCP,0,,,a,
ASN00014073,19900525,PRCP,0,,,a,
ASN00014073,19900526,PRCP,0,,,a,
ASN00014073,19900527,PRCP,0,,,a,
ASN00014073,19900528,PRCP,0,,,a,
ASN00014073,19900529,PRCP,0,,,a,
ASN00014073,19900530,PRCP,0,,,a,
ASN00014073,19900531,PRCP,0,,,a,
ASN00014073,19900601,PRCP,0,,,a,
ASN00014073,19900602,PRCP,0,,,a,
ASN00014073,19900603,PRCP,0,,,a,
ASN00014073,19900604,PRCP,0,,,a,
ASN00014073,19900605,PRCP,0,,,a,
ASN00014073,19900606,PRCP,0,,,a,
ASN00014073,19900607,PRCP,0,,,a,
ASN00014073,19900608,PRCP,0,,,a,
ASN00014073,19900609,PRCP,0,,,a,
ASN00014073,19900610,PRCP,0,,,a,
ASN00014073,19900611,PRCP,0,,,a,
ASN00014073,19900612,PRCP,0,,,a,
ASN00014073,19900613,PRCP,0,,,a,
ASN00014073,19900614,PRCP,0,,,a,
ASN00014073,19900615,PRCP,0,,,a,
ASN00014073,19900616,PRCP,0,,,a,
ASN00014073,19900617,PRCP,0,,,a,
ASN00014073,19900618,PRCP,0,,,a,
ASN00014073,19900619,PRCP,0,,,a,
ASN00014073,19900620,PRCP,0,,,a,
ASN00014073,19900621,PRCP,0,,,a,
ASN00014073,19900622,PRCP,0,,,a,
ASN00014073,19900623,PRCP,0,,,a,
ASN00014073,19900624,PRCP,0,,,a,
ASN00014073,19900625,PRCP,0,,,a,
ASN00014073,19900626,PRCP,0,,,a,
ASN00014073,19900627,PRCP,0,,,a,
ASN00014073,19900628,PRCP,0,,,a,
ASN00014073,19900629,PRCP,0,,,a,
ASN00014073,19900630,PRCP,0,,,a,
ASN00014073,19900701,PRCP,0,,,a,
ASN00014073,19900702,PRCP,0,,,a,
ASN00014073,19900703,PRCP,0,,,a,
ASN00014073,19900704,PRCP,0,,,a,
ASN00014073,19900705,PRCP,0,,,a,
ASN00014073,19900706,PRCP,0,,,a,
ASN00014073,19900707,PRCP,0,,,a,
ASN00014073,19900708,PRCP,0,,,a,
ASN00014073,19900709,PRCP,0,,,a,
ASN00014073,19900710,PRCP,0,,,a,
ASN00014073,19900711,PRCP,0,,,a,
ASN00014073,19900712,PRCP,0,,,a,
ASN00014073,19900713,PRCP,0,,,a,
ASN00014073,19900714,PRCP,0,,,a,
ASN00014073,19900715,PRCP,0,,,a,
ASN00014073,19900716,PRCP,0,,,a,
ASN00014073,19900717,PRCP,0,,,a,
ASN00014073,19900718,PRCP,0,,,a,
ASN00014073,19900719,PRCP,0,,,a,
ASN00014073,19900720,PRCP,0,,,a,
ASN00014073,19900721,PRCP,0,,,a,
ASN00014073,19900722,PRCP,0,,,a,
ASN00014073,19900723,PRCP,0,,,a,
ASN00014073,19900724,PRCP,0,,,a,
ASN00014073,19900725,PRCP,0,,,a,
ASN00014073,19900726,PRCP,0,,,a,
ASN00014073,19900727,PRCP,0,,,a,
ASN00014073,19900728,PRCP,0,,,a,
ASN00014073,19900729,PRCP,0,,,a,
ASN00014073,19900730,PRCP,0,,,a,
ASN00014073,19900731,PRCP,0,,,a,
ASN00014073,19900801,PRCP,0,,,a,
ASN00014073,19900802,PRCP,0,,,a,
ASN00014073,19900803,PRCP,0,,,a,
ASN00014073,19900804,PRCP,0,,,a,
ASN00014073,19900805,PRCP,0,,,a,
ASN00014073,19900806,PRCP,0,,,a,
ASN00014073,19900807,PRCP,0,,,a,
ASN00014073,19900808,PRCP,0,,,a,
ASN00014073,19900809,PRCP,0,,,a,
ASN00014073,19900810,PRCP,0,,,a,
ASN00014073,19900811,PRCP,0,,,a,
ASN00014073,19900812,PRCP,0,,,a,
ASN00014073,19900813,PRCP,0,,,a,
ASN00014073,19900814,PRCP,0,,,a,
ASN00014073,19900815,PRCP,0,,,a,
ASN00014073,19900816,PRCP,0,,,a,
ASN00014073,19900817,PRCP,0,,,a,
ASN00014073,19900818,PRCP,0,,,a,
ASN00014073,19900819,PRCP,0,,,a,
ASN00014073,19900820,PRCP,0,,,a,
ASN00014073,19900821,PRCP,0,,,a,
ASN00014073,19900822,PRCP,0,,,a,
ASN00014073,19900823,PRCP,0,,,a,
ASN00014073,19900824,PRCP,0,,,a,
ASN00014073,19900825,PRCP,0,,,a,
ASN00014073,19900826,PRCP,0,,,a,
ASN00014073,19900827,PRCP,0,,,a,
ASN00014073,19900828,PRCP,0,,,a,
ASN00014073,19900829,PRCP,0,,,a,
ASN00014073,19900830,PRCP,0,,,a,
ASN00014073,19900831,PRCP,0,,,a,
ASN00014073,19900901,PRCP,0,,,a,
ASN00014073,19900902,PRCP,0,,,a,
ASN00014073,19900903,PRCP,0,,,a,
ASN00014073,19900904,PRCP,0,,,a,
ASN00014073,19900905,PRCP,0,,,a,
ASN00014073,19900906,PRCP,0,,,a,
ASN00014073,19900907,PRCP,0,,,a,
ASN00014073,19900908,PRCP,0,,,a,
ASN00014073,19900909,PRCP,0,,,a,
ASN00014073,19900910,PRCP,0,,,a,
ASN00014073,19900911,PRCP,0,,,a,
ASN00014073,19900912,PRCP,0,,,a,
ASN00014073,19900913,PRCP,0,,,a,
ASN00014073,19900914,PRCP,0,,,a,
ASN00014073,19900915,PRCP,0,,,a,
ASN00014073,19900916,PRCP,0,,,a,
ASN00014073,19900917,PRCP,0,,,a,
ASN00014073,19900918,PRCP,0,,,a,
ASN00014073,19900919,PRCP,0,,,a,
ASN00014073,19900920,PRCP,0,,,a,
ASN00014073,19900921,PRCP,0,,,a,
ASN00014073,19900922,PRCP,0,,,a,
ASN00014073,19900923,PRCP,0,,,a,
ASN00014073,19900924,PRCP,0,,,a,
ASN00014073,19900925,PRCP,0,,,a,
ASN00014073,19900926,PRCP,0,,,a,
ASN00014073,19900927,PRCP,0,,,a,
ASN00014073,19900928,PRCP,0,,,a,
ASN00014073,19900929,PRCP,0,,,a,
ASN00014073,19900930,PRCP,0,,,a,
ASN00014073,19901001,PRCP,0,,,a,
ASN00014073,19901002,PRCP,0,,,a,
ASN00014073,19901003,PRCP,0,,,a,
ASN00014073,19901004,PRCP,0,,,a,
ASN00014073,19901005,PRCP,0,,,a,
ASN00014073,19901006,PRCP,0,,,a,
ASN00014073,19901007,PRCP,0,,,a,
ASN00014073,19901008,PRCP,0,,,a,
ASN00014073,19901009,PRCP,0,,,a,
ASN00014073,19901010,PRCP,0,,,a,
ASN00014073,19901011,PRCP,0,,,a,
ASN00014073,19901012,PRCP,0,,,a,
ASN00014073,19901013,PRCP,0,,,a,
ASN00014073,19901014,PRCP,0,,,a,
ASN00014073,19901015,PRCP,0,,,a,
ASN00014073,19901016,PRCP,0,,,a,
ASN00014073,19901017,PRCP,0,,,a,
ASN00014073,19901018,PRCP,28,,,a,
ASN00014073,19901019,PRCP,0,,,a,
ASN00014073,19901020,PRCP,68,,,a,
ASN00014073,19901021,PRCP,170,,,a,
ASN00014073,19901022,PRCP,0,,,a,
ASN00014073,19901023,PRCP,0,,,a,
ASN00014073,19901024,PRCP,0,,,a,
ASN00014073,19901025,PRCP,0,,,a,
ASN00014073,19901026,PRCP,0,,,a,
ASN00014073,19901027,PRCP,0,,,a,
ASN00014073,19901028,PRCP,0,,,a,
ASN00014073,19901029,PRCP,0,,,a,
ASN00014073,19901030,PRCP,0,,,a,
ASN00014073,19901031,PRCP,0,,,a,
ASN00014073,19901101,PRCP,0,,,a,
ASN00014073,19901102,PRCP,0,,,a,
ASN00014073,19901103,PRCP,0,,,a,
ASN00014073,19901104,PRCP,0,,,a,
ASN00014073,19901105,PRCP,8,,,a,
ASN00014073,19901106,PRCP,0,,,a,
ASN00014073,19901107,PRCP,28,,,a,
ASN00014073,19901108,PRCP,0,,,a,
ASN00014073,19901109,PRCP,0,,,a,
ASN00014073,19901110,PRCP,0,,,a,
ASN00014073,19901111,PRCP,46,,,a,
ASN00014073,19901112,PRCP,0,,,a,
ASN00014073,19901113,PRCP,0,,,a,
ASN00014073,19901114,PRCP,0,,,a,
ASN00014073,19901115,PRCP,0,,,a,
ASN00014073,19901116,PRCP,130,,,a,
ASN00014073,19901117,PRCP,80,,,a,
ASN00014073,19901118,PRCP,102,,,a,
ASN00014073,19901119,PRCP,272,,,a,
ASN00014073,19901120,PRCP,114,,,a,
ASN00014073,19901121,PRCP,200,,,a,
ASN00014073,19901122,PRCP,0,,,a,
ASN00014073,19901123,PRCP,0,,,a,
ASN00014073,19901124,PRCP,110,,,a,
ASN00014073,19901125,PRCP,220,,,a,
ASN00014073,19901126,PRCP,200,,,a,
ASN00014073,19901127,PRCP,192,,,a,
ASN00014073,19901128,PRCP,0,,,a,
ASN00014073,19901129,PRCP,0,,,a,
ASN00014073,19901130,PRCP,780,,,a,
ASN00014073,19901201,PRCP,108,,,a,
ASN00014073,19901202,PRCP,6,,,a,
ASN00014073,19901203,PRCP,256,,,a,
ASN00014073,19901204,PRCP,0,,,a,
ASN00014073,19901205,PRCP,0,,,a,
ASN00014073,19901206,PRCP,74,,,a,
ASN00014073,19901207,PRCP,72,,,a,
ASN00014073,19901208,PRCP,248,,,a,
ASN00014073,19901209,PRCP,0,,,a,
ASN00014073,19901210,PRCP,238,,,a,
ASN00014073,19901211,PRCP,132,,,a,
ASN00014073,19901212,PRCP,0,,,a,
ASN00014073,19901213,PRCP,0,,,a,
ASN00014073,19901214,PRCP,0,,,a,
ASN00014073,19901215,PRCP,0,,,a,
ASN00014073,19901216,PRCP,0,,,a,
ASN00014073,19901217,PRCP,0,,,a,
ASN00014073,19901218,PRCP,0,,,a,
ASN00014073,19901219,PRCP,12,,,a,
ASN00014073,19901220,PRCP,310,,,a,
ASN00014073,19901221,PRCP,0,,,a,
ASN00014073,19901222,PRCP,0,,,a,
ASN00014073,19901223,PRCP,0,,,a,
ASN00014073,19901224,PRCP,0,,,a,
ASN00014073,19901225,PRCP,0,,,a,
ASN00014073,19901226,PRCP,0,,,a,
ASN00014073,19901227,PRCP,4,,,a,
ASN00014073,19901228,PRCP,0,,,a,
ASN00014073,19901229,PRCP,0,,,a,
ASN00014073,19901230,PRCP,0,,,a,
ASN00014073,19901231,PRCP,0,,,a,
ASN00014073,19910101,PRCP,8,,,a,
ASN00014073,19910102,PRCP,246,,,a,
ASN00014073,19910103,PRCP,0,,,a,
ASN00014073,19910104,PRCP,158,,,a,
ASN00014073,19910105,PRCP,364,,,a,
ASN00014073,19910106,PRCP,40,,,a,
ASN00014073,19910107,PRCP,532,,,a,
ASN00014073,19910108,PRCP,64,,,a,
ASN00014073,19910109,PRCP,134,,,a,
ASN00014073,19910110,PRCP,1018,,,a,
ASN00014073,19910111,PRCP,62,,,a,
ASN00014073,19910112,PRCP,194,,,a,
ASN00014073,19910113,PRCP,2,,,a,
ASN00014073,19910114,PRCP,0,,,a,
ASN00014073,19910115,PRCP,958,,,a,
ASN00014073,19910116,PRCP,0,,,a,
ASN00014073,19910117,PRCP,506,,,a,
ASN00014073,19910118,PRCP,175,,,a,
ASN00014073,19910119,PRCP,0,,,a,
ASN00014073,19910120,PRCP,76,,,a,
ASN00014073,19910121,PRCP,676,,,a,
ASN00014073,19910122,PRCP,6,,,a,
ASN00014073,19910123,PRCP,15,,,a,
ASN00014073,19910124,PRCP,0,,,a,
ASN00014073,19910125,PRCP,610,,,a,
ASN00014073,19910126,PRCP,86,,,a,
ASN00014073,19910127,PRCP,0,,,a,
ASN00014073,19910128,PRCP,410,,,a,
ASN00014073,19910129,PRCP,106,,,a,
ASN00014073,19910130,PRCP,170,,,a,
ASN00014073,19910131,PRCP,10,,,a,
ASN00014073,19910201,PRCP,0,,,a,
ASN00014073,19910202,PRCP,200,,,a,
ASN00014073,19910203,PRCP,50,,,a,
ASN00014073,19910204,PRCP,55,,,a,
ASN00014073,19910205,PRCP,0,,,a,
ASN00014073,19910206,PRCP,98,,,a,
ASN00014073,19910207,PRCP,54,,,a,
ASN00014073,19910208,PRCP,98,,,a,
ASN00014073,19910209,PRCP,308,,,a,
ASN00014073,19910210,PRCP,52,,,a,
ASN00014073,19910211,PRCP,0,,,a,
ASN00014073,19910212,PRCP,72,,,a,
ASN00014073,19910213,PRCP,134,,,a,
ASN00014073,19910214,PRCP,0,,,a,
ASN00014073,19910215,PRCP,68,,,a,
ASN00014073,19910216,PRCP,0,,,a,
ASN00014073,19910217,PRCP,246,,,a,
ASN00014073,19910218,PRCP,144,,,a,
ASN00014073,19910219,PRCP,340,,,a,
ASN00014073,19910220,PRCP,80,,,a,
ASN00014073,19910221,PRCP,0,,,a,
ASN00014073,19910222,PRCP,34,,,a,
ASN00014073,19910223,PRCP,0,,,a,
ASN00014073,19910224,PRCP,0,,,a,
ASN00014073,19910225,PRCP,600,,,a,
ASN00014073,19910226,PRCP,1160,,,a,
ASN00014073,19910227,PRCP,30,,,a,
ASN00014073,19910228,PRCP,80,,,a,
ASN00014073,19910301,PRCP,42,,,a,
ASN00014073,19910302,PRCP,94,,,a,
ASN00014073,19910303,PRCP,0,,,a,
ASN00014073,19910304,PRCP,460,,,a,
ASN00014073,19910305,PRCP,0,,,a,
ASN00014073,19910306,PRCP,4,,,a,
ASN00014073,19910307,PRCP,0,,,a,
ASN00014073,19910308,PRCP,0,,,a,
ASN00014073,19910309,PRCP,0,,,a,
ASN00014073,19910310,PRCP,0,,,a,
ASN00014073,19910311,PRCP,70,,,a,
ASN00014073,19910312,PRCP,0,,,a,
ASN00014073,19910313,PRCP,0,,,a,
ASN00014073,19910314,PRCP,0,,,a,
ASN00014073,19910315,PRCP,0,,,a,
ASN00014073,19910316,PRCP,4,,,a,
ASN00014073,19910317,PRCP,0,,,a,
ASN00014073,19910318,PRCP,0,,,a,
ASN00014073,19910319,PRCP,0,,,a,
ASN00014073,19910320,PRCP,0,,,a,
ASN00014073,19910321,PRCP,4,,,a,
ASN00014073,19910322,PRCP,60,,,a,
ASN00014073,19910323,PRCP,54,,,a,
ASN00014073,19910324,PRCP,0,,,a,
ASN00014073,19910325,PRCP,0,,,a,
ASN00014073,19910326,PRCP,0,,,a,
ASN00014073,19910327,PRCP,0,,,a,
ASN00014073,19910328,PRCP,0,,,a,
ASN00014073,19910329,PRCP,0,,,a,
ASN00014073,19910330,PRCP,0,,,a,
ASN00014073,19910331,PRCP,0,,,a,
ASN00014073,19910401,PRCP,224,,,a,
ASN00014073,19910402,PRCP,0,,,a,
ASN00014073,19910403,PRCP,19,,,a,
ASN00014073,19910404,PRCP,50,,,a,
ASN00014073,19910405,PRCP,330,,,a,
ASN00014073,19910406,PRCP,0,,,a,
ASN00014073,19910407,PRCP,0,,,a,
ASN00014073,19910408,PRCP,466,,,a,
ASN00014073,19910409,PRCP,0,,,a,
ASN00014073,19910410,PRCP,0,,,a,
ASN00014073,19910411,PRCP,118,,,a,
ASN00014073,19910412,PRCP,20,,,a,
ASN00014073,19910413,PRCP,0,,,a,
ASN00014073,19910414,PRCP,0,,,a,
ASN00014073,19910415,PRCP,0,,,a,
ASN00014073,19910416,PRCP,0,,,a,
ASN00014073,19910417,PRCP,0,,,a,
ASN00014073,19910418,PRCP,0,,,a,
ASN00014073,19910419,PRCP,0,,,a,
ASN00014073,19910420,PRCP,0,,,a,
ASN00014073,19910421,PRCP,0,,,a,
ASN00014073,19910422,PRCP,0,,,a,
ASN00014073,19910423,PRCP,0,,,a,
ASN00014073,19910424,PRCP,0,,,a,
ASN00014073,19910425,PRCP,0,,,a,
ASN00014073,19910426,PRCP,0,,,a,
ASN00014073,19910427,PRCP,42,,,a,
ASN00014073,19910428,PRCP,0,,,a,
ASN00014073,19910429,PRCP,0,,,a,
ASN00014073,19910430,PRCP,0,,,a,
ASN00014073,19910501,PRCP,0,,,a,
ASN00014073,19910502,PRCP,0,,,a,
ASN00014073,19910503,PRCP,0,,,a,
ASN00014073,19910504,PRCP,0,,,a,
ASN00014073,19910505,PRCP,0,,,a,
ASN00014073,19910506,PRCP,0,,,a,
ASN00014073,19910507,PRCP,0,,,a,
ASN00014073,19910508,PRCP,0,,,a,
ASN00014073,19910509,PRCP,0,,,a,
ASN00014073,19910510,PRCP,0,,,a,
ASN00014073,19910511,PRCP,0,,,a,
ASN00014073,19910512,PRCP,0,,,a,
ASN00014073,19910513,PRCP,0,,,a,
ASN00014073,19910514,PRCP,0,,,a,
ASN00014073,19910515,PRCP,0,,,a,
ASN00014073,19910516,PRCP,0,,,a,
ASN00014073,19910517,PRCP,0,,,a,
ASN00014073,19910518,PRCP,0,,,a,
ASN00014073,19910519,PRCP,0,,,a,
ASN00014073,19910520,PRCP,0,,,a,
ASN00014073,19910521,PRCP,0,,,a,
ASN00014073,19910522,PRCP,0,,,a,
ASN00014073,19910523,PRCP,0,,,a,
ASN00014073,19910524,PRCP,0,,,a,
ASN00014073,19910525,PRCP,0,,,a,
ASN00014073,19910526,PRCP,0,,,a,
ASN00014073,19910527,PRCP,0,,,a,
ASN00014073,19910528,PRCP,0,,,a,
ASN00014073,19910529,PRCP,0,,,a,
ASN00014073,19910530,PRCP,0,,,a,
ASN00014073,19910531,PRCP,0,,,a,
ASN00014073,19910601,PRCP,0,,,a,
ASN00014073,19910602,PRCP,0,,,a,
ASN00014073,19910603,PRCP,0,,,a,
ASN00014073,19910604,PRCP,0,,,a,
ASN00014073,19910605,PRCP,0,,,a,
ASN00014073,19910606,PRCP,0,,,a,
ASN00014073,19910607,PRCP,0,,,a,
ASN00014073,19910608,PRCP,0,,,a,
ASN00014073,19910609,PRCP,0,,,a,
ASN00014073,19910610,PRCP,0,,,a,
ASN00014073,19910611,PRCP,0,,,a,
ASN00014073,19910612,PRCP,0,,,a,
ASN00014073,19910613,PRCP,0,,,a,
ASN00014073,19910614,PRCP,0,,,a,
ASN00014073,19910615,PRCP,0,,,a,
ASN00014073,19910616,PRCP,0,,,a,
ASN00014073,19910617,PRCP,0,,,a,
ASN00014073,19910618,PRCP,0,,,a,
ASN00014073,19910619,PRCP,0,,,a,
ASN00014073,19910620,PRCP,0,,,a,
ASN00014073,19910621,PRCP,0,,,a,
ASN00014073,19910622,PRCP,0,,,a,
ASN00014073,19910623,PRCP,0,,,a,
ASN00014073,19910624,PRCP,0,,,a,
ASN00014073,19910625,PRCP,0,,,a,
ASN00014073,19910626,PRCP,0,,,a,
ASN00014073,19910627,PRCP,0,,,a,
ASN00014073,19910628,PRCP,0,,,a,
ASN00014073,19910629,PRCP,0,,,a,
ASN00014073,19910630,PRCP,0,,,a,
ASN00014073,19910701,PRCP,0,,,a,
ASN00014073,19910702,PRCP,0,,,a,
ASN00014073,19910703,PRCP,0,,,a,
ASN00014073,19910704,PRCP,0,,,a,
ASN00014073,19910705,PRCP,0,,,a,
ASN00014073,19910706,PRCP,0,,,a,
ASN00014073,19910707,PRCP,0,,,a,
ASN00014073,19910708,PRCP,0,,,a,
ASN00014073,19910709,PRCP,0,,,a,
ASN00014073,19910710,PRCP,0,,,a,
ASN00014073,19910711,PRCP,0,,,a,
ASN00014073,19910712,PRCP,0,,,a,
ASN00014073,19910713,PRCP,0,,,a,
ASN00014073,19910714,PRCP,0,,,a,
ASN00014073,19910715,PRCP,0,,,a,
ASN00014073,19910716,PRCP,0,,,a,
ASN00014073,19910717,PRCP,0,,,a,
ASN00014073,19910718,PRCP,0,,,a,
ASN00014073,19910719,PRCP,0,,,a,
ASN00014073,19910720,PRCP,0,,,a,
ASN00014073,19910721,PRCP,0,,,a,
ASN00014073,19910722,PRCP,0,,,a,
ASN00014073,19910723,PRCP,0,,,a,
ASN00014073,19910724,PRCP,0,,,a,
ASN00014073,19910725,PRCP,0,,,a,
ASN00014073,19910726,PRCP,0,,,a,
ASN00014073,19910727,PRCP,0,,,a,
ASN00014073,19910728,PRCP,0,,,a,
ASN00014073,19910729,PRCP,0,,,a,
ASN00014073,19910730,PRCP,0,,,a,
ASN00014073,19910731,PRCP,0,,,a,
ASN00014073,19910801,PRCP,0,,,a,
ASN00014073,19910802,PRCP,0,,,a,
ASN00014073,19910803,PRCP,0,,,a,
ASN00014073,19910804,PRCP,0,,,a,
ASN00014073,19910805,PRCP,0,,,a,
ASN00014073,19910806,PRCP,0,,,a,
ASN00014073,19910807,PRCP,0,,,a,
ASN00014073,19910808,PRCP,0,,,a,
ASN00014073,19910809,PRCP,0,,,a,
ASN00014073,19910810,PRCP,0,,,a,
ASN00014073,19910811,PRCP,0,,,a,
ASN00014073,19910812,PRCP,0,,,a,
ASN00014073,19910813,PRCP,0,,,a,
ASN00014073,19910814,PRCP,0,,,a,
ASN00014073,19910815,PRCP,0,,,a,
ASN00014073,19910816,PRCP,0,,,a,
ASN00014073,19910817,PRCP,0,,,a,
ASN00014073,19910818,PRCP,0,,,a,
ASN00014073,19910819,PRCP,0,,,a,
ASN00014073,19910820,PRCP,0,,,a,
ASN00014073,19910821,PRCP,0,,,a,
ASN00014073,19910822,PRCP,0,,,a,
ASN00014073,19910823,PRCP,0,,,a,
ASN00014073,19910824,PRCP,0,,,a,
ASN00014073,19910825,PRCP,0,,,a,
ASN00014073,19910826,PRCP,0,,,a,
ASN00014073,19910827,PRCP,0,,,a,
ASN00014073,19910828,PRCP,0,,,a,
ASN00014073,19910829,PRCP,0,,,a,
ASN00014073,19910830,PRCP,0,,,a,
ASN00014073,19910831,PRCP,0,,,a,
ASN00014073,19910901,PRCP,0,,,a,
ASN00014073,19910902,PRCP,0,,,a,
ASN00014073,19910903,PRCP,0,,,a,
ASN00014073,19910904,PRCP,0,,,a,
ASN00014073,19910905,PRCP,0,,,a,
ASN00014073,19910906,PRCP,0,,,a,
ASN00014073,19910907,PRCP,0,,,a,
ASN00014073,19910908,PRCP,0,,,a,
ASN00014073,19910909,PRCP,0,,,a,
ASN00014073,19910910,PRCP,0,,,a,
ASN00014073,19910911,PRCP,0,,,a,
ASN00014073,19910912,PRCP,0,,,a,
ASN00014073,19910913,PRCP,0,,,a,
ASN00014073,19910914,PRCP,0,,,a,
ASN00014073,19910915,PRCP,0,,,a,
ASN00014073,19910916,PRCP,0,,,a,
ASN00014073,19910917,PRCP,0,,,a,
ASN00014073,19910918,PRCP,0,,,a,
ASN00014073,19910919,PRCP,0,,,a,
ASN00014073,19910920,PRCP,60,,,a,
ASN00014073,19910921,PRCP,0,,,a,
ASN00014073,19910922,PRCP,0,,,a,
ASN00014073,19910923,PRCP,0,,,a,
ASN00014073,19910924,PRCP,0,,,a,
ASN00014073,19910925,PRCP,0,,,a,
ASN00014073,19910926,PRCP,0,,,a,
ASN00014073,19910927,PRCP,0,,,a,
ASN00014073,19910928,PRCP,0,,,a,
ASN00014073,19910929,PRCP,0,,,a,
ASN00014073,19910930,PRCP,0,,,a,
ASN00014073,19911001,PRCP,0,,,a,
ASN00014073,19911002,PRCP,0,,,a,
ASN00014073,19911003,PRCP,0,,,a,
ASN00014073,19911004,PRCP,0,,,a,
ASN00014073,19911005,PRCP,0,,,a,
ASN00014073,19911006,PRCP,0,,,a,
ASN00014073,19911007,PRCP,0,,,a,
ASN00014073,19911008,PRCP,0,,,a,
ASN00014073,19911009,PRCP,0,,,a,
ASN00014073,19911010,PRCP,0,,,a,
ASN00014073,19911011,PRCP,0,,,a,
ASN00014073,19911012,PRCP,0,,,a,
ASN00014073,19911013,PRCP,0,,,a,
ASN00014073,19911014,PRCP,0,,,a,
ASN00014073,19911015,PRCP,0,,,a,
ASN00014073,19911016,PRCP,0,,,a,
ASN00014073,19911017,PRCP,0,,,a,
ASN00014073,19911018,PRCP,0,,,a,
ASN00014073,19911019,PRCP,0,,,a,
ASN00014073,19911020,PRCP,0,,,a,
ASN00014073,19911021,PRCP,0,,,a,
ASN00014073,19911022,PRCP,0,,,a,
ASN00014073,19911023,PRCP,0,,,a,
ASN00014073,19911024,PRCP,0,,,a,
ASN00014073,19911025,PRCP,0,,,a,
ASN00014073,19911026,PRCP,0,,,a,
ASN00014073,19911027,PRCP,0,,,a,
ASN00014073,19911028,PRCP,0,,,a,
ASN00014073,19911029,PRCP,0,,,a,
ASN00014073,19911030,PRCP,0,,,a,
ASN00014073,19911031,PRCP,0,,,a,
ASN00014073,19911101,PRCP,85,,,a,
ASN00014073,19911102,PRCP,4,,,a,
ASN00014073,19911103,PRCP,0,,,a,
ASN00014073,19911104,PRCP,0,,,a,
ASN00014073,19911105,PRCP,2,,,a,
ASN00014073,19911106,PRCP,0,,,a,
ASN00014073,19911107,PRCP,0,,,a,
ASN00014073,19911108,PRCP,0,,,a,
ASN00014073,19911109,PRCP,0,,,a,
ASN00014073,19911110,PRCP,0,,,a,
ASN00014073,19911111,PRCP,0,,,a,
ASN00014073,19911112,PRCP,0,,,a,
ASN00014073,19911113,PRCP,0,,,a,
ASN00014073,19911114,PRCP,0,,,a,
ASN00014073,19911115,PRCP,0,,,a,
ASN00014073,19911116,PRCP,500,,,a,
ASN00014073,19911117,PRCP,0,,,a,
ASN00014073,19911118,PRCP,20,,,a,
ASN00014073,19911119,PRCP,70,,,a,
ASN00014073,19911120,PRCP,0,,,a,
ASN00014073,19911121,PRCP,520,,,a,
ASN00014073,19911122,PRCP,212,,,a,
ASN00014073,19911123,PRCP,0,,,a,
ASN00014073,19911124,PRCP,0,,,a,
ASN00014073,19911125,PRCP,0,,,a,
ASN00014073,19911126,PRCP,60,,,a,
ASN00014073,19911127,PRCP,0,,,a,
ASN00014073,19911128,PRCP,103,,,a,
ASN00014073,19911129,PRCP,246,,,a,
ASN00014073,19911130,PRCP,0,,,a,
ASN00014073,19911201,PRCP,0,,,a,
ASN00014073,19911202,PRCP,0,,,a,
ASN00014073,19911203,PRCP,0,,,a,
ASN00014073,19911204,PRCP,40,,,a,
ASN00014073,19911205,PRCP,0,,,a,
ASN00014073,19911206,PRCP,0,,,a,
ASN00014073,19911207,PRCP,0,,,a,
ASN00014073,19911208,PRCP,0,,,a,
ASN00014073,19911209,PRCP,0,,,a,
ASN00014073,19911210,PRCP,0,,,a,
ASN00014073,19911211,PRCP,0,,,a,
ASN00014073,19911212,PRCP,140,,,a,
ASN00014073,19911213,PRCP,0,,,a,
ASN00014073,19911214,PRCP,46,,,a,
ASN00014073,19911215,PRCP,0,,,a,
ASN00014073,19911216,PRCP,0,,,a,
ASN00014073,19911217,PRCP,0,,,a,
ASN00014073,19911218,PRCP,0,,,a,
ASN00014073,19911219,PRCP,16,,,a,
ASN00014073,19911220,PRCP,0,,,a,
ASN00014073,19911221,PRCP,0,,,a,
ASN00014073,19911222,PRCP,0,,,a,
ASN00014073,19911223,PRCP,0,,,a,
ASN00014073,19911224,PRCP,114,,,a,
ASN00014073,19911225,PRCP,0,,,a,
ASN00014073,19911226,PRCP,0,,,a,
ASN00014073,19911227,PRCP,0,,,a,
ASN00014073,19911228,PRCP,34,,,a,
ASN00014073,19911229,PRCP,0,,,a,
ASN00014073,19911230,PRCP,0,,,a,
ASN00014073,19911231,PRCP,0,,,a,
ASN00014073,19920101,PRCP,0,,,a,
ASN00014073,19920102,PRCP,0,,,a,
ASN00014073,19920103,PRCP,126,,,a,
ASN00014073,19920104,PRCP,44,,,a,
ASN00014073,19920105,PRCP,230,,,a,
ASN00014073,19920106,PRCP,0,,,a,
ASN00014073,19920107,PRCP,335,,,a,
ASN00014073,19920108,PRCP,334,,,a,
ASN00014073,19920109,PRCP,104,,,a,
ASN00014073,19920110,PRCP,0,,,a,
ASN00014073,19920111,PRCP,0,,,a,
ASN00014073,19920112,PRCP,0,,,a,
ASN00014073,19920113,PRCP,0,,,a,
ASN00014073,19920114,PRCP,0,,,a,
ASN00014073,19920115,PRCP,0,,,a,
ASN00014073,19920116,PRCP,330,,,a,
ASN00014073,19920117,PRCP,0,,,a,
ASN00014073,19920118,PRCP,148,,,a,
ASN00014073,19920119,PRCP,0,,,a,
ASN00014073,19920120,PRCP,0,,,a,
ASN00014073,19920121,PRCP,0,,,a,
ASN00014073,19920122,PRCP,158,,,a,
ASN00014073,19920123,PRCP,50,,,a,
ASN00014073,19920124,PRCP,0,,,a,
ASN00014073,19920125,PRCP,0,,,a,
ASN00014073,19920126,PRCP,130,,,a,
ASN00014073,19920127,PRCP,0,,,a,
ASN00014073,19920128,PRCP,0,,,a,
ASN00014073,19920129,PRCP,56,,,a,
ASN00014073,19920130,PRCP,12,,,a,
ASN00014073,19920131,PRCP,205,,,a,
ASN00014073,19920201,PRCP,488,,,a,
ASN00014073,19920202,PRCP,0,,,a,
ASN00014073,19920203,PRCP,0,,,a,
ASN00014073,19920204,PRCP,0,,,a,
ASN00014073,19920205,PRCP,38,,,a,
ASN00014073,19920206,PRCP,0,,,a,
ASN00014073,19920207,PRCP,82,,,a,
ASN00014073,19920208,PRCP,0,,,a,
ASN00014073,19920209,PRCP,460,,,a,
ASN00014073,19920210,PRCP,18,,,a,
ASN00014073,19920211,PRCP,0,,,a,
ASN00014073,19920212,PRCP,1460,,,a,
ASN00014073,19920213,PRCP,416,,,a,
ASN00014073,19920214,PRCP,0,,,a,
ASN00014073,19920215,PRCP,0,,,a,
ASN00014073,19920216,PRCP,0,,,a,
ASN00014073,19920217,PRCP,0,,,a,
ASN00014073,19920218,PRCP,0,,,a,
ASN00014073,19920219,PRCP,6,,,a,
ASN00014073,19920220,PRCP,8,,,a,
ASN00014073,19920221,PRCP,384,,,a,
ASN00014073,19920222,PRCP,0,,,a,
ASN00014073,19920223,PRCP,0,,,a,
ASN00014073,19920224,PRCP,14,,,a,
ASN00014073,19920225,PRCP,584,,,a,
ASN00014073,19920226,PRCP,168,,,a,
ASN00014073,19920227,PRCP,2,,,a,
ASN00014073,19920228,PRCP,0,,,a,
ASN00014073,19920229,PRCP,0,,,a,
ASN00014073,19920301,PRCP,0,,,a,
ASN00014073,19920302,PRCP,150,,,a,
ASN00014073,19920303,PRCP,4,,,a,
ASN00014073,19920304,PRCP,0,,,a,
ASN00014073,19920305,PRCP,0,,,a,
ASN00014073,19920306,PRCP,82,,,a,
ASN00014073,19920307,PRCP,0,,,a,
ASN00014073,19920308,PRCP,130,,,a,
ASN00014073,19920309,PRCP,76,,,a,
ASN00014073,19920310,PRCP,450,,,a,
ASN00014073,19920311,PRCP,122,,,a,
ASN00014073,19920312,PRCP,82,,,a,
ASN00014073,19920313,PRCP,0,,,a,
ASN00014073,19920314,PRCP,0,,,a,
ASN00014073,19920315,PRCP,160,,,a,
ASN00014073,19920316,PRCP,0,,,a,
ASN00014073,19920317,PRCP,58,,,a,
ASN00014073,19920318,PRCP,0,,,a,
ASN00014073,19920319,PRCP,12,,,a,
ASN00014073,19920320,PRCP,0,,,a,
ASN00014073,19920321,PRCP,0,,,a,
ASN00014073,19920322,PRCP,0,,,a,
ASN00014073,19920323,PRCP,8,,,a,
ASN00014073,19920324,PRCP,0,,,a,
ASN00014073,19920325,PRCP,0,,,a,
ASN00014073,19920326,PRCP,0,,,a,
ASN00014073,19920327,PRCP,0,,,a,
ASN00014073,19920328,PRCP,0,,,a,
ASN00014073,19920329,PRCP,0,,,a,
ASN00014073,19920330,PRCP,0,,,a,
ASN00014073,19920331,PRCP,0,,,a,
ASN00014073,19920401,PRCP,0,,,a,
ASN00014073,19920402,PRCP,0,,,a,
ASN00014073,19920403,PRCP,0,,,a,
ASN00014073,19920404,PRCP,0,,,a,
ASN00014073,19920405,PRCP,0,,,a,
ASN00014073,19920406,PRCP,0,,,a,
ASN00014073,19920407,PRCP,0,,,a,
ASN00014073,19920408,PRCP,10,,,a,
ASN00014073,19920409,PRCP,40,,,a,
ASN00014073,19920410,PRCP,48,,,a,
ASN00014073,19920411,PRCP,0,,,a,
ASN00014073,19920412,PRCP,30,,,a,
ASN00014073,19920413,PRCP,15,,,a,
ASN00014073,19920414,PRCP,14,,,a,
ASN00014073,19920415,PRCP,4,,,a,
ASN00014073,19920416,PRCP,14,,,a,
ASN00014073,19920417,PRCP,0,,,a,
ASN00014073,19920418,PRCP,0,,,a,
ASN00014073,19920419,PRCP,0,,,a,
ASN00014073,19920420,PRCP,0,,,a,
ASN00014073,19920421,PRCP,0,,,a,
ASN00014073,19920422,PRCP,0,,,a,
ASN00014073,19920423,PRCP,0,,,a,
ASN00014073,19920424,PRCP,0,,,a,
ASN00014073,19920425,PRCP,0,,,a,
ASN00014073,19920426,PRCP,0,,,a,
ASN00014073,19920427,PRCP,0,,,a,
ASN00014073,19920428,PRCP,0,,,a,
ASN00014073,19920429,PRCP,0,,,a,
ASN00014073,19920430,PRCP,0,,,a,
ASN00014073,19920501,PRCP,0,,,a,
ASN00014073,19920502,PRCP,0,,,a,
ASN00014073,19920503,PRCP,0,,,a,
ASN00014073,19920504,PRCP,0,,,a,
ASN00014073,19920505,PRCP,0,,,a,
ASN00014073,19920506,PRCP,0,,,a,
ASN00014073,19920507,PRCP,0,,,a,
ASN00014073,19920508,PRCP,0,,,a,
ASN00014073,19920509,PRCP,0,,,a,
ASN00014073,19920510,PRCP,0,,,a,
ASN00014073,19920511,PRCP,60,,,a,
ASN00014073,19920512,PRCP,0,,,a,
ASN00014073,19920513,PRCP,0,,,a,
ASN00014073,19920514,PRCP,0,,,a,
ASN00014073,19920515,PRCP,0,,,a,
ASN00014073,19920516,PRCP,0,,,a,
ASN00014073,19920517,PRCP,0,,,a,
ASN00014073,19920518,PRCP,0,,,a,
ASN00014073,19920519,PRCP,0,,,a,
ASN00014073,19920520,PRCP,0,,,a,
ASN00014073,19920521,PRCP,63,,,a,
ASN00014073,19920522,PRCP,0,,,a,
ASN00014073,19920523,PRCP,0,,,a,
ASN00014073,19920524,PRCP,0,,,a,
ASN00014073,19920525,PRCP,0,,,a,
ASN00014073,19920526,PRCP,0,,,a,
ASN00014073,19920527,PRCP,0,,,a,
ASN00014073,19920528,PRCP,0,,,a,
ASN00014073,19920529,PRCP,0,,,a,
ASN00014073,19920530,PRCP,0,,,a,
ASN00014073,19920531,PRCP,0,,,a,
ASN00014073,19920601,PRCP,0,,,a,
ASN00014073,19920602,PRCP,0,,,a,
ASN00014073,19920603,PRCP,0,,,a,
ASN00014073,19920604,PRCP,0,,,a,
ASN00014073,19920605,PRCP,0,,,a,
ASN00014073,19920606,PRCP,0,,,a,
ASN00014073,19920607,PRCP,0,,,a,
ASN00014073,19920608,PRCP,0,,,a,
ASN00014073,19920609,PRCP,0,,,a,
ASN00014073,19920610,PRCP,0,,,a,
ASN00014073,19920611,PRCP,0,,,a,
ASN00014073,19920612,PRCP,0,,,a,
ASN00014073,19920613,PRCP,0,,,a,
ASN00014073,19920614,PRCP,0,,,a,
ASN00014073,19920615,PRCP,0,,,a,
ASN00014073,19920616,PRCP,0,,,a,
ASN00014073,19920617,PRCP,0,,,a,
ASN00014073,19920618,PRCP,0,,,a,
ASN00014073,19920619,PRCP,0,,,a,
ASN00014073,19920620,PRCP,0,,,a,
ASN00014073,19920621,PRCP,0,,,a,
ASN00014073,19920622,PRCP,0,,,a,
ASN00014073,19920623,PRCP,0,,,a,
ASN00014073,19920624,PRCP,0,,,a,
ASN00014073,19920625,PRCP,0,,,a,
ASN00014073,19920626,PRCP,0,,,a,
ASN00014073,19920627,PRCP,0,,,a,
ASN00014073,19920628,PRCP,0,,,a,
ASN00014073,19920629,PRCP,0,,,a,
ASN00014073,19920630,PRCP,0,,,a,
ASN00014073,19920701,PRCP,0,,,a,
ASN00014073,19920702,PRCP,0,,,a,
ASN00014073,19920703,PRCP,0,,,a,
ASN00014073,19920704,PRCP,0,,,a,
ASN00014073,19920705,PRCP,0,,,a,
ASN00014073,19920706,PRCP,0,,,a,
ASN00014073,19920707,PRCP,0,,,a,
ASN00014073,19920708,PRCP,0,,,a,
ASN00014073,19920709,PRCP,0,,,a,
ASN00014073,19920710,PRCP,0,,,a,
ASN00014073,19920711,PRCP,0,,,a,
ASN00014073,19920712,PRCP,0,,,a,
ASN00014073,19920713,PRCP,0,,,a,
ASN00014073,19920714,PRCP,0,,,a,
ASN00014073,19920715,PRCP,0,,,a,
ASN00014073,19920716,PRCP,0,,,a,
ASN00014073,19920717,PRCP,0,,,a,
ASN00014073,19920718,PRCP,0,,,a,
ASN00014073,19920719,PRCP,0,,,a,
ASN00014073,19920720,PRCP,0,,,a,
ASN00014073,19920721,PRCP,0,,,a,
ASN00014073,19920722,PRCP,0,,,a,
ASN00014073,19920723,PRCP,0,,,a,
ASN00014073,19920724,PRCP,0,,,a,
ASN00014073,19920725,PRCP,0,,,a,
ASN00014073,19920726,PRCP,0,,,a,
ASN00014073,19920727,PRCP,0,,,a,
ASN00014073,19920728,PRCP,0,,,a,
ASN00014073,19920729,PRCP,0,,,a,
ASN00014073,19920730,PRCP,0,,,a,
ASN00014073,19920731,PRCP,0,,,a,
ASN00014073,19920901,PRCP,0,,,a,
ASN00014073,19920902,PRCP,0,,,a,
ASN00014073,19920903,PRCP,0,,,a,
ASN00014073,19920904,PRCP,0,,,a,
ASN00014073,19920905,PRCP,0,,,a,
ASN00014073,19920906,PRCP,0,,,a,
ASN00014073,19920907,PRCP,0,,,a,
ASN00014073,19920908,PRCP,0,,,a,
ASN00014073,19920909,PRCP,0,,,a,
ASN00014073,19920910,PRCP,0,,,a,
ASN00014073,19920911,PRCP,0,,,a,
ASN00014073,19920912,PRCP,0,,,a,
ASN00014073,19920913,PRCP,0,,,a,
ASN00014073,19920914,PRCP,50,,,a,
ASN00014073,19920915,PRCP,30,,,a,
ASN00014073,19920916,PRCP,0,,,a,
ASN00014073,19920917,PRCP,0,,,a,
ASN00014073,19920918,PRCP,0,,,a,
ASN00014073,19920919,PRCP,0,,,a,
ASN00014073,19920920,PRCP,0,,,a,
ASN00014073,19920921,PRCP,0,,,a,
ASN00014073,19920922,PRCP,0,,,a,
ASN00014073,19920923,PRCP,0,,,a,
ASN00014073,19920924,PRCP,0,,,a,
ASN00014073,19920925,PRCP,0,,,a,
ASN00014073,19920926,PRCP,0,,,a,
ASN00014073,19920927,PRCP,0,,,a,
ASN00014073,19920928,PRCP,0,,,a,
ASN00014073,19920929,PRCP,0,,,a,
ASN00014073,19920930,PRCP,0,,,a,
ASN00014073,19921001,PRCP,0,,,a,
ASN00014073,19921002,PRCP,0,,,a,
ASN00014073,19921003,PRCP,0,,,a,
ASN00014073,19921004,PRCP,0,,,a,
ASN00014073,19921005,PRCP,0,,,a,
ASN00014073,19921006,PRCP,70,,,a,
ASN00014073,19921007,PRCP,0,,,a,
ASN00014073,19921008,PRCP,0,,,a,
ASN00014073,19921009,PRCP,84,,,a,
ASN00014073,19921010,PRCP,0,,,a,
ASN00014073,19921011,PRCP,0,,,a,
ASN00014073,19921012,PRCP,0,,,a,
ASN00014073,19921013,PRCP,0,,,a,
ASN00014073,19921014,PRCP,0,,,a,
ASN00014073,19921015,PRCP,0,,,a,
ASN00014073,19921016,PRCP,0,,,a,
ASN00014073,19921017,PRCP,0,,,a,
ASN00014073,19921018,PRCP,60,,,a,
ASN00014073,19921019,PRCP,0,,,a,
ASN00014073,19921020,PRCP,0,,,a,
ASN00014073,19921021,PRCP,0,,,a,
ASN00014073,19921022,PRCP,0,,,a,
ASN00014073,19921023,PRCP,510,,,a,
ASN00014073,19921024,PRCP,0,,,a,
ASN00014073,19921025,PRCP,0,,,a,
ASN00014073,19921026,PRCP,0,,,a,
ASN00014073,19921027,PRCP,0,,,a,
ASN00014073,19921028,PRCP,0,,,a,
ASN00014073,19921029,PRCP,0,,,a,
ASN00014073,19921030,PRCP,0,,,a,
ASN00014073,19921031,PRCP,0,,,a,
ASN00014073,19921101,PRCP,0,,,a,
ASN00014073,19921102,PRCP,0,,,a,
ASN00014073,19921103,PRCP,116,,,a,
ASN00014073,19921104,PRCP,64,,,a,
ASN00014073,19921105,PRCP,0,,,a,
ASN00014073,19921106,PRCP,54,,,a,
ASN00014073,19921107,PRCP,310,,,a,
ASN00014073,19921108,PRCP,0,,,a,
ASN00014073,19921109,PRCP,0,,,a,
ASN00014073,19921110,PRCP,0,,,a,
ASN00014073,19921111,PRCP,306,,,a,
ASN00014073,19921112,PRCP,0,,,a,
ASN00014073,19921113,PRCP,0,,,a,
ASN00014073,19921114,PRCP,200,,,a,
ASN00014073,19921115,PRCP,0,,,a,
ASN00014073,19921116,PRCP,0,,,a,
ASN00014073,19921117,PRCP,0,,,a,
ASN00014073,19921118,PRCP,0,,,a,
ASN00014073,19921119,PRCP,0,,,a,
ASN00014073,19921120,PRCP,0,,,a,
ASN00014073,19921121,PRCP,0,,,a,
ASN00014073,19921122,PRCP,0,,,a,
ASN00014073,19921123,PRCP,0,,,a,
ASN00014073,19921124,PRCP,0,,,a,
ASN00014073,19921125,PRCP,98,,,a,
ASN00014073,19921126,PRCP,0,,,a,
ASN00014073,19921127,PRCP,0,,,a,
ASN00014073,19921128,PRCP,0,,,a,
ASN00014073,19921129,PRCP,0,,,a,
ASN00014073,19921130,PRCP,0,,,a,
ASN00014073,19921201,PRCP,0,,,a,
ASN00014073,19921202,PRCP,0,,,a,
ASN00014073,19921203,PRCP,150,,,a,
ASN00014073,19921204,PRCP,338,,,a,
ASN00014073,19921205,PRCP,0,,,a,
ASN00014073,19921206,PRCP,0,,,a,
ASN00014073,19921207,PRCP,0,,,a,
ASN00014073,19921208,PRCP,0,,,a,
ASN00014073,19921209,PRCP,220,,,a,
ASN00014073,19921210,PRCP,0,,,a,
ASN00014073,19921211,PRCP,0,,,a,
ASN00014073,19921212,PRCP,64,,,a,
ASN00014073,19921213,PRCP,0,,,a,
ASN00014073,19921214,PRCP,0,,,a,
ASN00014073,19921215,PRCP,0,,,a,
ASN00014073,19921216,PRCP,0,,,a,
ASN00014073,19921217,PRCP,0,,,a,
ASN00014073,19921218,PRCP,0,,,a,
ASN00014073,19921219,PRCP,0,,,a,
ASN00014073,19921220,PRCP,0,,,a,
ASN00014073,19921221,PRCP,280,,,a,
ASN00014073,19921222,PRCP,105,,,a,
ASN00014073,19921223,PRCP,0,,,a,
ASN00014073,19921224,PRCP,0,,,a,
ASN00014073,19921225,PRCP,218,,,a,
ASN00014073,19921226,PRCP,0,,,a,
ASN00014073,19921227,PRCP,0,,,a,
ASN00014073,19921228,PRCP,420,,,a,
ASN00014073,19921229,PRCP,0,,,a,
ASN00014073,19921230,PRCP,0,,,a,
ASN00014073,19921231,PRCP,0,,,a,
ASN00014073,19930101,PRCP,0,,,a,
ASN00014073,19930102,PRCP,0,,,a,
ASN00014073,19930103,PRCP,20,,,a,
ASN00014073,19930104,PRCP,0,,,a,
ASN00014073,19930105,PRCP,0,,,a,
ASN00014073,19930106,PRCP,20,,,a,
ASN00014073,19930107,PRCP,0,,,a,
ASN00014073,19930108,PRCP,30,,,a,
ASN00014073,19930109,PRCP,0,,,a,
ASN00014073,19930110,PRCP,0,,,a,
ASN00014073,19930111,PRCP,0,,,a,
ASN00014073,19930112,PRCP,0,,,a,
ASN00014073,19930113,PRCP,0,,,a,
ASN00014073,19930114,PRCP,0,,,a,
ASN00014073,19930115,PRCP,0,,,a,
ASN00014073,19930116,PRCP,80,,,a,
ASN00014073,19930117,PRCP,108,,,a,
ASN00014073,19930118,PRCP,0,,,a,
ASN00014073,19930119,PRCP,114,,,a,
ASN00014073,19930120,PRCP,0,,,a,
ASN00014073,19930121,PRCP,556,,,a,
ASN00014073,19930122,PRCP,600,,,a,
ASN00014073,19930123,PRCP,0,,,a,
ASN00014073,19930124,PRCP,210,,,a,
ASN00014073,19930125,PRCP,0,,,a,
ASN00014073,19930126,PRCP,0,,,a,
ASN00014073,19930127,PRCP,378,,,a,
ASN00014073,19930128,PRCP,670,,,a,
ASN00014073,19930129,PRCP,100,,,a,
ASN00014073,19930130,PRCP,465,,,a,
ASN00014073,19930131,PRCP,190,,,a,
ASN00014073,19930201,PRCP,368,,,a,
ASN00014073,19930202,PRCP,0,,,a,
ASN00014073,19930203,PRCP,76,,,a,
ASN00014073,19930204,PRCP,64,,,a,
ASN00014073,19930205,PRCP,210,,,a,
ASN00014073,19930206,PRCP,4,,,a,
ASN00014073,19930207,PRCP,92,,,a,
ASN00014073,19930208,PRCP,36,,,a,
ASN00014073,19930209,PRCP,450,,,a,
ASN00014073,19930210,PRCP,158,,,a,
ASN00014073,19930211,PRCP,0,,,a,
ASN00014073,19930212,PRCP,230,,,a,
ASN00014073,19930213,PRCP,0,,,a,
ASN00014073,19930214,PRCP,0,,,a,
ASN00014073,19930215,PRCP,238,,,a,
ASN00014073,19930216,PRCP,82,,,a,
ASN00014073,19930217,PRCP,30,,,a,
ASN00014073,19930218,PRCP,0,,,a,
ASN00014073,19930219,PRCP,0,,,a,
ASN00014073,19930220,PRCP,0,,,a,
ASN00014073,19930221,PRCP,160,,,a,
ASN00014073,19930222,PRCP,0,,,a,
ASN00014073,19930223,PRCP,0,,,a,
ASN00014073,19930224,PRCP,0,,,a,
ASN00014073,19930225,PRCP,166,,,a,
ASN00014073,19930226,PRCP,0,,,a,
ASN00014073,19930227,PRCP,80,,,a,
ASN00014073,19930228,PRCP,238,,,a,
ASN00014073,19930301,PRCP,0,,,a,
ASN00014073,19930302,PRCP,0,,,a,
ASN00014073,19930303,PRCP,520,,,a,
ASN00014073,19930304,PRCP,30,,,a,
ASN00014073,19930305,PRCP,0,,,a,
ASN00014073,19930306,PRCP,0,,,a,
ASN00014073,19930307,PRCP,248,,,a,
ASN00014073,19930308,PRCP,0,,,a,
ASN00014073,19930309,PRCP,254,,,a,
ASN00014073,19930310,PRCP,0,,,a,
ASN00014073,19930311,PRCP,0,,,a,
ASN00014073,19930312,PRCP,0,,,a,
ASN00014073,19930313,PRCP,0,,,a,
ASN00014073,19930314,PRCP,0,,,a,
ASN00014073,19930315,PRCP,0,,,a,
ASN00014073,19930316,PRCP,0,,,a,
ASN00014073,19930317,PRCP,0,,,a,
ASN00014073,19930318,PRCP,0,,,a,
ASN00014073,19930319,PRCP,138,,,a,
ASN00014073,19930320,PRCP,0,,,a,
ASN00014073,19930321,PRCP,0,,,a,
ASN00014073,19930322,PRCP,0,,,a,
ASN00014073,19930323,PRCP,6,,,a,
ASN00014073,19930324,PRCP,130,,,a,
ASN00014073,19930325,PRCP,226,,,a,
ASN00014073,19930326,PRCP,0,,,a,
ASN00014073,19930327,PRCP,0,,,a,
ASN00014073,19930328,PRCP,130,,,a,
ASN00014073,19930329,PRCP,0,,,a,
ASN00014073,19930330,PRCP,0,,,a,
ASN00014073,19930331,PRCP,100,,,a,
ASN00014073,19930401,PRCP,0,,,a,
ASN00014073,19930402,PRCP,0,,,a,
ASN00014073,19930403,PRCP,0,,,a,
ASN00014073,19930404,PRCP,0,,,a,
ASN00014073,19930405,PRCP,0,,,a,
ASN00014073,19930406,PRCP,0,,,a,
ASN00014073,19930407,PRCP,0,,,a,
ASN00014073,19930408,PRCP,0,,,a,
ASN00014073,19930409,PRCP,0,,,a,
ASN00014073,19930410,PRCP,0,,,a,
ASN00014073,19930411,PRCP,0,,,a,
ASN00014073,19930412,PRCP,0,,,a,
ASN00014073,19930413,PRCP,0,,,a,
ASN00014073,19930414,PRCP,0,,,a,
ASN00014073,19930415,PRCP,0,,,a,
ASN00014073,19930416,PRCP,0,,,a,
ASN00014073,19930417,PRCP,0,,,a,
ASN00014073,19930418,PRCP,0,,,a,
ASN00014073,19930419,PRCP,0,,,a,
ASN00014073,19930420,PRCP,0,,,a,
ASN00014073,19930421,PRCP,0,,,a,
ASN00014073,19930422,PRCP,0,,,a,
ASN00014073,19930423,PRCP,0,,,a,
ASN00014073,19930424,PRCP,0,,,a,
ASN00014073,19930425,PRCP,0,,,a,
ASN00014073,19930426,PRCP,0,,,a,
ASN00014073,19930427,PRCP,0,,,a,
ASN00014073,19930428,PRCP,0,,,a,
ASN00014073,19930429,PRCP,0,,,a,
ASN00014073,19930430,PRCP,0,,,a,
ASN00014073,19930501,PRCP,0,,,a,
ASN00014073,19930502,PRCP,0,,,a,
ASN00014073,19930503,PRCP,0,,,a,
ASN00014073,19930504,PRCP,0,,,a,
ASN00014073,19930505,PRCP,0,,,a,
ASN00014073,19930506,PRCP,0,,,a,
ASN00014073,19930507,PRCP,0,,,a,
ASN00014073,19930508,PRCP,0,,,a,
ASN00014073,19930509,PRCP,0,,,a,
ASN00014073,19930510,PRCP,0,,,a,
ASN00014073,19930511,PRCP,0,,,a,
ASN00014073,19930512,PRCP,0,,,a,
ASN00014073,19930513,PRCP,0,,,a,
ASN00014073,19930514,PRCP,0,,,a,
ASN00014073,19930515,PRCP,0,,,a,
ASN00014073,19930516,PRCP,0,,,a,
ASN00014073,19930517,PRCP,0,,,a,
ASN00014073,19930518,PRCP,0,,,a,
ASN00014073,19930519,PRCP,0,,,a,
ASN00014073,19930520,PRCP,0,,,a,
ASN00014073,19930521,PRCP,0,,,a,
ASN00014073,19930522,PRCP,0,,,a,
ASN00014073,19930523,PRCP,0,,,a,
ASN00014073,19930524,PRCP,0,,,a,
ASN00014073,19930525,PRCP,0,,,a,
ASN00014073,19930526,PRCP,0,,,a,
ASN00014073,19930527,PRCP,0,,,a,
ASN00014073,19930528,PRCP,0,,,a,
ASN00014073,19930529,PRCP,0,,,a,
ASN00014073,19930530,PRCP,0,,,a,
ASN00014073,19930531,PRCP,0,,,a,
ASN00014073,19930601,PRCP,0,,,a,
ASN00014073,19930602,PRCP,0,,,a,
ASN00014073,19930603,PRCP,0,,,a,
ASN00014073,19930604,PRCP,0,,,a,
ASN00014073,19930605,PRCP,0,,,a,
ASN00014073,19930606,PRCP,0,,,a,
ASN00014073,19930607,PRCP,0,,,a,
ASN00014073,19930608,PRCP,0,,,a,
ASN00014073,19930609,PRCP,0,,,a,
ASN00014073,19930610,PRCP,0,,,a,
ASN00014073,19930611,PRCP,0,,,a,
ASN00014073,19930612,PRCP,0,,,a,
ASN00014073,19930613,PRCP,0,,,a,
ASN00014073,19930614,PRCP,0,,,a,
ASN00014073,19930615,PRCP,0,,,a,
ASN00014073,19930616,PRCP,0,,,a,
ASN00014073,19930617,PRCP,0,,,a,
ASN00014073,19930618,PRCP,0,,,a,
ASN00014073,19930619,PRCP,0,,,a,
ASN00014073,19930620,PRCP,0,,,a,
ASN00014073,19930621,PRCP,0,,,a,
ASN00014073,19930622,PRCP,0,,,a,
ASN00014073,19930623,PRCP,0,,,a,
ASN00014073,19930624,PRCP,0,,,a,
ASN00014073,19930625,PRCP,0,,,a,
ASN00014073,19930626,PRCP,0,,,a,
ASN00014073,19930627,PRCP,0,,,a,
ASN00014073,19930628,PRCP,0,,,a,
ASN00014073,19930629,PRCP,0,,,a,
ASN00014073,19930630,PRCP,0,,,a,
ASN00014073,19930701,PRCP,0,,,a,
ASN00014073,19930702,PRCP,0,,,a,
ASN00014073,19930703,PRCP,0,,,a,
ASN00014073,19930704,PRCP,0,,,a,
ASN00014073,19930705,PRCP,0,,,a,
ASN00014073,19930706,PRCP,0,,,a,
ASN00014073,19930707,PRCP,0,,,a,
ASN00014073,19930708,PRCP,0,,,a,
ASN00014073,19930709,PRCP,0,,,a,
ASN00014073,19930710,PRCP,0,,,a,
ASN00014073,19930711,PRCP,0,,,a,
ASN00014073,19930712,PRCP,0,,,a,
ASN00014073,19930713,PRCP,0,,,a,
ASN00014073,19930714,PRCP,0,,,a,
ASN00014073,19930715,PRCP,0,,,a,
ASN00014073,19930716,PRCP,0,,,a,
ASN00014073,19930717,PRCP,0,,,a,
ASN00014073,19930718,PRCP,0,,,a,
ASN00014073,19930719,PRCP,0,,,a,
ASN00014073,19930720,PRCP,0,,,a,
ASN00014073,19930721,PRCP,0,,,a,
ASN00014073,19930722,PRCP,0,,,a,
ASN00014073,19930723,PRCP,0,,,a,
ASN00014073,19930724,PRCP,0,,,a,
ASN00014073,19930725,PRCP,0,,,a,
ASN00014073,19930726,PRCP,0,,,a,
ASN00014073,19930727,PRCP,0,,,a,
ASN00014073,19930728,PRCP,0,,,a,
ASN00014073,19930729,PRCP,0,,,a,
ASN00014073,19930730,PRCP,0,,,a,
ASN00014073,19930731,PRCP,0,,,a,
ASN00014073,19930801,PRCP,0,,,a,
ASN00014073,19930802,PRCP,0,,,a,
ASN00014073,19930803,PRCP,0,,,a,
ASN00014073,19930804,PRCP,0,,,a,
ASN00014073,19930805,PRCP,0,,,a,
ASN00014073,19930806,PRCP,0,,,a,
ASN00014073,19930807,PRCP,0,,,a,
ASN00014073,19930808,PRCP,0,,,a,
ASN00014073,19930809,PRCP,0,,,a,
ASN00014073,19930810,PRCP,0,,,a,
ASN00014073,19930811,PRCP,0,,,a,
ASN00014073,19930812,PRCP,0,,,a,
ASN00014073,19930813,PRCP,0,,,a,
ASN00014073,19930814,PRCP,0,,,a,
ASN00014073,19930815,PRCP,0,,,a,
ASN00014073,19930816,PRCP,0,,,a,
ASN00014073,19930817,PRCP,0,,,a,
ASN00014073,19930818,PRCP,0,,,a,
ASN00014073,19930819,PRCP,0,,,a,
ASN00014073,19930820,PRCP,0,,,a,
ASN00014073,19930821,PRCP,0,,,a,
ASN00014073,19930822,PRCP,0,,,a,
ASN00014073,19930823,PRCP,0,,,a,
ASN00014073,19930824,PRCP,0,,,a,
ASN00014073,19930825,PRCP,0,,,a,
ASN00014073,19930826,PRCP,0,,,a,
ASN00014073,19930827,PRCP,0,,,a,
ASN00014073,19930828,PRCP,0,,,a,
ASN00014073,19930829,PRCP,0,,,a,
ASN00014073,19930830,PRCP,0,,,a,
ASN00014073,19930831,PRCP,0,,,a,
ASN00014073,19930901,PRCP,0,,,a,
ASN00014073,19930902,PRCP,0,,,a,
ASN00014073,19930903,PRCP,0,,,a,
ASN00014073,19930904,PRCP,0,,,a,
ASN00014073,19930905,PRCP,0,,,a,
ASN00014073,19930906,PRCP,0,,,a,
ASN00014073,19930907,PRCP,0,,,a,
ASN00014073,19930908,PRCP,0,,,a,
ASN00014073,19930909,PRCP,0,,,a,
ASN00014073,19930910,PRCP,0,,,a,
ASN00014073,19930911,PRCP,0,,,a,
ASN00014073,19930912,PRCP,0,,,a,
ASN00014073,19930913,PRCP,0,,,a,
ASN00014073,19930914,PRCP,50,,,a,
ASN00014073,19930915,PRCP,0,,,a,
ASN00014073,19930916,PRCP,0,,,a,
ASN00014073,19930917,PRCP,0,,,a,
ASN00014073,19930918,PRCP,0,,,a,
ASN00014073,19930919,PRCP,0,,,a,
ASN00014073,19930920,PRCP,0,,,a,
ASN00014073,19930921,PRCP,0,,,a,
ASN00014073,19930922,PRCP,0,,,a,
ASN00014073,19930923,PRCP,0,,,a,
ASN00014073,19930924,PRCP,0,,,a,
ASN00014073,19930925,PRCP,0,,,a,
ASN00014073,19930926,PRCP,0,,,a,
ASN00014073,19930927,PRCP,0,,,a,
ASN00014073,19930928,PRCP,0,,,a,
ASN00014073,19930929,PRCP,84,,,a,
ASN00014073,19930930,PRCP,0,,,a,
ASN00014073,19931001,PRCP,0,,,a,
ASN00014073,19931002,PRCP,0,,,a,
ASN00014073,19931003,PRCP,0,,,a,
ASN00014073,19931004,PRCP,0,,,a,
ASN00014073,19931005,PRCP,0,,,a,
ASN00014073,19931006,PRCP,0,,,a,
ASN00014073,19931007,PRCP,0,,,a,
ASN00014073,19931008,PRCP,0,,,a,
ASN00014073,19931009,PRCP,0,,,a,
ASN00014073,19931010,PRCP,0,,,a,
ASN00014073,19931011,PRCP,0,,,a,
ASN00014073,19931012,PRCP,0,,,a,
ASN00014073,19931013,PRCP,0,,,a,
ASN00014073,19931014,PRCP,0,,,a,
ASN00014073,19931015,PRCP,0,,,a,
ASN00014073,19931016,PRCP,0,,,a,
ASN00014073,19931017,PRCP,0,,,a,
ASN00014073,19931018,PRCP,0,,,a,
ASN00014073,19931019,PRCP,0,,,a,
ASN00014073,19931020,PRCP,0,,,a,
ASN00014073,19931021,PRCP,0,,,a,
ASN00014073,19931022,PRCP,0,,,a,
ASN00014073,19931023,PRCP,0,,,a,
ASN00014073,19931024,PRCP,0,,,a,
ASN00014073,19931025,PRCP,0,,,a,
ASN00014073,19931026,PRCP,40,,,a,
ASN00014073,19931027,PRCP,0,,,a,
ASN00014073,19931028,PRCP,0,,,a,
ASN00014073,19931029,PRCP,0,,,a,
ASN00014073,19931030,PRCP,0,,,a,
ASN00014073,19931031,PRCP,32,,,a,
ASN00014073,19931101,PRCP,0,,,a,
ASN00014073,19931102,PRCP,0,,,a,
ASN00014073,19931103,PRCP,0,,,a,
ASN00014073,19931104,PRCP,44,,,a,
ASN00014073,19931105,PRCP,0,,,a,
ASN00014073,19931106,PRCP,0,,,a,
ASN00014073,19931107,PRCP,0,,,a,
ASN00014073,19931108,PRCP,4,,,a,
ASN00014073,19931109,PRCP,0,,,a,
ASN00014073,19931110,PRCP,0,,,a,
ASN00014073,19931111,PRCP,130,,,a,
ASN00014073,19931112,PRCP,0,,,a,
ASN00014073,19931113,PRCP,0,,,a,
ASN00014073,19931114,PRCP,0,,,a,
ASN00014073,19931115,PRCP,0,,,a,
ASN00014073,19931116,PRCP,0,,,a,
ASN00014073,19931117,PRCP,0,,,a,
ASN00014073,19931118,PRCP,0,,,a,
ASN00014073,19931119,PRCP,440,,,a,
ASN00014073,19931120,PRCP,300,,,a,
ASN00014073,19931121,PRCP,370,,,a,
ASN00014073,19931122,PRCP,134,,,a,
ASN00014073,19931123,PRCP,0,,,a,
ASN00014073,19931124,PRCP,0,,,a,
ASN00014073,19931125,PRCP,0,,,a,
ASN00014073,19931126,PRCP,0,,,a,
ASN00014073,19931127,PRCP,0,,,a,
ASN00014073,19931128,PRCP,0,,,a,
ASN00014073,19931129,PRCP,0,,,a,
ASN00014073,19931130,PRCP,0,,,a,
ASN00014073,19931201,PRCP,0,,,a,
ASN00014073,19931202,PRCP,0,,,a,
ASN00014073,19931203,PRCP,0,,,a,
ASN00014073,19931204,PRCP,0,,,a,
ASN00014073,19931205,PRCP,0,,,a,
ASN00014073,19931206,PRCP,0,,,a,
ASN00014073,19931207,PRCP,0,,,a,
ASN00014073,19931208,PRCP,0,,,a,
ASN00014073,19931209,PRCP,0,,,a,
ASN00014073,19931210,PRCP,0,,,a,
ASN00014073,19931211,PRCP,470,,,a,
ASN00014073,19931212,PRCP,0,,,a,
ASN00014073,19931213,PRCP,200,,,a,
ASN00014073,19931214,PRCP,0,,,a,
ASN00014073,19931215,PRCP,0,,,a,
ASN00014073,19931216,PRCP,0,,,a,
ASN00014073,19931217,PRCP,0,,,a,
ASN00014073,19931218,PRCP,0,,,a,
ASN00014073,19931219,PRCP,0,,,a,
ASN00014073,19931220,PRCP,0,,,a,
ASN00014073,19931221,PRCP,0,,,a,
ASN00014073,19931222,PRCP,0,,,a,
ASN00014073,19931223,PRCP,0,,,a,
ASN00014073,19931224,PRCP,0,,,a,
ASN00014073,19931225,PRCP,0,,,a,
ASN00014073,19931226,PRCP,210,,,a,
ASN00014073,19931229,PRCP,158,,,a,
ASN00014073,19931230,PRCP,58,,,a,
ASN00014073,19931231,PRCP,160,,,a,
ASN00014073,19931228,DAPR,2,,,a,
ASN00014073,19931228,DWPR,1,,,a,
ASN00014073,19931228,MDPR,190,,,a,
ASN00014073,19940101,PRCP,276,,,a,
ASN00014073,19940102,PRCP,420,,,a,
ASN00014073,19940103,PRCP,0,,,a,
ASN00014073,19940104,PRCP,0,,,a,
ASN00014073,19940105,PRCP,0,,,a,
ASN00014073,19940106,PRCP,270,,,a,
ASN00014073,19940107,PRCP,0,,,a,
ASN00014073,19940108,PRCP,102,,,a,
ASN00014073,19940109,PRCP,0,,,a,
ASN00014073,19940110,PRCP,0,,,a,
ASN00014073,19940111,PRCP,29,,,a,
ASN00014073,19940112,PRCP,262,,,a,
ASN00014073,19940113,PRCP,0,,,a,
ASN00014073,19940114,PRCP,260,,,a,
ASN00014073,19940115,PRCP,630,,,a,
ASN00014073,19940116,PRCP,0,,,a,
ASN00014073,19940117,PRCP,60,,,a,
ASN00014073,19940118,PRCP,74,,,a,
ASN00014073,19940119,PRCP,230,,,a,
ASN00014073,19940120,PRCP,34,,,a,
ASN00014073,19940121,PRCP,4,,,a,
ASN00014073,19940122,PRCP,0,,,a,
ASN00014073,19940123,PRCP,0,,,a,
ASN00014073,19940124,PRCP,0,,,a,
ASN00014073,19940125,PRCP,0,,,a,
ASN00014073,19940126,PRCP,1214,,,a,
ASN00014073,19940127,PRCP,122,,,a,
ASN00014073,19940128,PRCP,0,,,a,
ASN00014073,19940129,PRCP,104,,,a,
ASN00014073,19940130,PRCP,120,,,a,
ASN00014073,19940131,PRCP,60,,,a,
ASN00014073,19940201,PRCP,4,,,a,
ASN00014073,19940202,PRCP,0,,,a,
ASN00014073,19940203,PRCP,118,,,a,
ASN00014073,19940204,PRCP,0,,,a,
ASN00014073,19940205,PRCP,170,,,a,
ASN00014073,19940206,PRCP,0,,,a,
ASN00014073,19940207,PRCP,120,,,a,
ASN00014073,19940208,PRCP,0,,,a,
ASN00014073,19940209,PRCP,198,,,a,
ASN00014073,19940210,PRCP,0,,,a,
ASN00014073,19940211,PRCP,0,,,a,
ASN00014073,19940212,PRCP,110,,,a,
ASN00014073,19940213,PRCP,0,,,a,
ASN00014073,19940214,PRCP,269,,,a,
ASN00014073,19940215,PRCP,480,,,a,
ASN00014073,19940216,PRCP,320,,,a,
ASN00014073,19940217,PRCP,40,,,a,
ASN00014073,19940218,PRCP,100,,,a,
ASN00014073,19940219,PRCP,6,,,a,
ASN00014073,19940220,PRCP,0,,,a,
ASN00014073,19940221,PRCP,0,,,a,
ASN00014073,19940222,PRCP,410,,,a,
ASN00014073,19940223,PRCP,0,,,a,
ASN00014073,19940224,PRCP,0,,,a,
ASN00014073,19940225,PRCP,0,,,a,
ASN00014073,19940226,PRCP,182,,,a,
ASN00014073,19940227,PRCP,0,,,a,
ASN00014073,19940228,PRCP,380,,,a,
ASN00014073,19940301,PRCP,0,,,a,
ASN00014073,19940302,PRCP,0,,,a,
ASN00014073,19940305,PRCP,350,,,a,
ASN00014073,19940306,PRCP,0,,,a,
ASN00014073,19940307,PRCP,500,,,a,
ASN00014073,19940308,PRCP,4,,,a,
ASN00014073,19940309,PRCP,0,,,a,
ASN00014073,19940310,PRCP,326,,,a,
ASN00014073,19940311,PRCP,204,,,a,
ASN00014073,19940312,PRCP,0,,,a,
ASN00014073,19940313,PRCP,0,,,a,
ASN00014073,19940314,PRCP,60,,,a,
ASN00014073,19940315,PRCP,0,,,a,
ASN00014073,19940316,PRCP,0,,,a,
ASN00014073,19940317,PRCP,0,,,a,
ASN00014073,19940318,PRCP,0,,,a,
ASN00014073,19940319,PRCP,0,,,a,
ASN00014073,19940320,PRCP,0,,,a,
ASN00014073,19940321,PRCP,0,,,a,
ASN00014073,19940322,PRCP,0,,,a,
ASN00014073,19940323,PRCP,0,,,a,
ASN00014073,19940324,PRCP,0,,,a,
ASN00014073,19940325,PRCP,0,,,a,
ASN00014073,19940326,PRCP,0,,,a,
ASN00014073,19940327,PRCP,0,,,a,
ASN00014073,19940328,PRCP,10,,,a,
ASN00014073,19940329,PRCP,0,,,a,
ASN00014073,19940330,PRCP,0,,,a,
ASN00014073,19940331,PRCP,0,,,a,
ASN00014073,19940304,DAPR,2,,,a,
ASN00014073,19940304,DWPR,2,,,a,
ASN00014073,19940304,MDPR,310,,,a,
ASN00014073,19940401,PRCP,0,,,a,
ASN00014073,19940402,PRCP,0,,,a,
ASN00014073,19940403,PRCP,0,,,a,
ASN00014073,19940404,PRCP,0,,,a,
ASN00014073,19940405,PRCP,0,,,a,
ASN00014073,19940406,PRCP,180,,,a,
ASN00014073,19940407,PRCP,0,,,a,
ASN00014073,19940408,PRCP,0,,,a,
ASN00014073,19940409,PRCP,36,,,a,
ASN00014073,19940410,PRCP,0,,,a,
ASN00014073,19940411,PRCP,0,,,a,
ASN00014073,19940412,PRCP,0,,,a,
ASN00014073,19940413,PRCP,0,,,a,
ASN00014073,19940414,PRCP,0,,,a,
ASN00014073,19940415,PRCP,0,,,a,
ASN00014073,19940416,PRCP,0,,,a,
ASN00014073,19940417,PRCP,0,,,a,
ASN00014073,19940418,PRCP,0,,,a,
ASN00014073,19940419,PRCP,0,,,a,
ASN00014073,19940420,PRCP,0,,,a,
ASN00014073,19940421,PRCP,0,,,a,
ASN00014073,19940422,PRCP,0,,,a,
ASN00014073,19940423,PRCP,0,,,a,
ASN00014073,19940424,PRCP,0,,,a,
ASN00014073,19940425,PRCP,0,,,a,
ASN00014073,19940426,PRCP,0,,,a,
ASN00014073,19940427,PRCP,0,,,a,
ASN00014073,19940428,PRCP,0,,,a,
ASN00014073,19940429,PRCP,0,,,a,
ASN00014073,19940430,PRCP,0,,,a,
ASN00014073,19940501,PRCP,0,,,a,
ASN00014073,19940502,PRCP,0,,,a,
ASN00014073,19940503,PRCP,0,,,a,
ASN00014073,19940504,PRCP,0,,,a,
ASN00014073,19940505,PRCP,0,,,a,
ASN00014073,19940506,PRCP,0,,,a,
ASN00014073,19940507,PRCP,0,,,a,
ASN00014073,19940508,PRCP,0,,,a,
ASN00014073,19940509,PRCP,0,,,a,
ASN00014073,19940510,PRCP,0,,,a,
ASN00014073,19940511,PRCP,0,,,a,
ASN00014073,19940512,PRCP,0,,,a,
ASN00014073,19940513,PRCP,0,,,a,
ASN00014073,19940514,PRCP,0,,,a,
ASN00014073,19940515,PRCP,0,,,a,
ASN00014073,19940516,PRCP,0,,,a,
ASN00014073,19940517,PRCP,0,,,a,
ASN00014073,19940518,PRCP,0,,,a,
ASN00014073,19940519,PRCP,0,,,a,
ASN00014073,19940520,PRCP,0,,,a,
ASN00014073,19940521,PRCP,0,,,a,
ASN00014073,19940522,PRCP,0,,,a,
ASN00014073,19940523,PRCP,0,,,a,
ASN00014073,19940524,PRCP,0,,,a,
ASN00014073,19940525,PRCP,0,,,a,
ASN00014073,19940526,PRCP,0,,,a,
ASN00014073,19940527,PRCP,0,,,a,
ASN00014073,19940528,PRCP,0,,,a,
ASN00014073,19940529,PRCP,0,,,a,
ASN00014073,19940530,PRCP,0,,,a,
ASN00014073,19940531,PRCP,0,,,a,
ASN00014073,19940601,PRCP,0,,,a,
ASN00014073,19940602,PRCP,0,,,a,
ASN00014073,19940603,PRCP,0,,,a,
ASN00014073,19940604,PRCP,0,,,a,
ASN00014073,19940605,PRCP,0,,,a,
ASN00014073,19940606,PRCP,0,,,a,
ASN00014073,19940607,PRCP,0,,,a,
ASN00014073,19940608,PRCP,0,,,a,
ASN00014073,19940609,PRCP,0,,,a,
ASN00014073,19940610,PRCP,0,,,a,
ASN00014073,19940611,PRCP,0,,,a,
ASN00014073,19940612,PRCP,0,,,a,
ASN00014073,19940613,PRCP,0,,,a,
ASN00014073,19940614,PRCP,0,,,a,
ASN00014073,19940615,PRCP,0,,,a,
ASN00014073,19940616,PRCP,0,,,a,
ASN00014073,19940617,PRCP,0,,,a,
ASN00014073,19940618,PRCP,0,,,a,
ASN00014073,19940619,PRCP,0,,,a,
ASN00014073,19940620,PRCP,0,,,a,
ASN00014073,19940621,PRCP,0,,,a,
ASN00014073,19940622,PRCP,0,,,a,
ASN00014073,19940623,PRCP,0,,,a,
ASN00014073,19940624,PRCP,0,,,a,
ASN00014073,19940625,PRCP,0,,,a,
ASN00014073,19940626,PRCP,0,,,a,
ASN00014073,19940627,PRCP,0,,,a,
ASN00014073,19940628,PRCP,0,,,a,
ASN00014073,19940629,PRCP,0,,,a,
ASN00014073,19940630,PRCP,0,,,a,
ASN00014073,19940701,PRCP,0,,,a,
ASN00014073,19940702,PRCP,0,,,a,
ASN00014073,19940703,PRCP,0,,,a,
ASN00014073,19940704,PRCP,0,,,a,
ASN00014073,19940705,PRCP,0,,,a,
ASN00014073,19940706,PRCP,0,,,a,
ASN00014073,19940707,PRCP,0,,,a,
ASN00014073,19940708,PRCP,0,,,a,
ASN00014073,19940709,PRCP,0,,,a,
ASN00014073,19940710,PRCP,0,,,a,
ASN00014073,19940711,PRCP,0,,,a,
ASN00014073,19940712,PRCP,0,,,a,
ASN00014073,19940713,PRCP,0,,,a,
ASN00014073,19940714,PRCP,0,,,a,
ASN00014073,19940715,PRCP,0,,,a,
ASN00014073,19940716,PRCP,0,,,a,
ASN00014073,19940717,PRCP,0,,,a,
ASN00014073,19940718,PRCP,0,,,a,
ASN00014073,19940719,PRCP,0,,,a,
ASN00014073,19940720,PRCP,0,,,a,
ASN00014073,19940721,PRCP,0,,,a,
ASN00014073,19940722,PRCP,0,,,a,
ASN00014073,19940723,PRCP,0,,,a,
ASN00014073,19940724,PRCP,0,,,a,
ASN00014073,19940725,PRCP,0,,,a,
ASN00014073,19940726,PRCP,0,,,a,
ASN00014073,19940727,PRCP,0,,,a,
ASN00014073,19940728,PRCP,0,,,a,
ASN00014073,19940729,PRCP,0,,,a,
ASN00014073,19940730,PRCP,0,,,a,
ASN00014073,19940731,PRCP,0,,,a,
ASN00014073,19940801,PRCP,0,,,a,
ASN00014073,19940802,PRCP,0,,,a,
ASN00014073,19940803,PRCP,0,,,a,
ASN00014073,19940804,PRCP,0,,,a,
ASN00014073,19940805,PRCP,0,,,a,
ASN00014073,19940806,PRCP,0,,,a,
ASN00014073,19940807,PRCP,0,,,a,
ASN00014073,19940808,PRCP,0,,,a,
ASN00014073,19940809,PRCP,0,,,a,
ASN00014073,19940810,PRCP,0,,,a,
ASN00014073,19940811,PRCP,0,,,a,
ASN00014073,19940812,PRCP,0,,,a,
ASN00014073,19940813,PRCP,0,,,a,
ASN00014073,19940814,PRCP,0,,,a,
ASN00014073,19940815,PRCP,0,,,a,
ASN00014073,19940816,PRCP,0,,,a,
ASN00014073,19940817,PRCP,0,,,a,
ASN00014073,19940818,PRCP,0,,,a,
ASN00014073,19940819,PRCP,0,,,a,
ASN00014073,19940820,PRCP,0,,,a,
ASN00014073,19940821,PRCP,0,,,a,
ASN00014073,19940822,PRCP,0,,,a,
ASN00014073,19940823,PRCP,0,,,a,
ASN00014073,19940824,PRCP,0,,,a,
ASN00014073,19940825,PRCP,0,,,a,
ASN00014073,19940826,PRCP,0,,,a,
ASN00014073,19940827,PRCP,0,,,a,
ASN00014073,19940828,PRCP,0,,,a,
ASN00014073,19940829,PRCP,0,,,a,
ASN00014073,19940830,PRCP,0,,,a,
ASN00014073,19940831,PRCP,0,,,a,
ASN00014073,19940901,PRCP,0,,,a,
ASN00014073,19940902,PRCP,0,,,a,
ASN00014073,19940903,PRCP,0,,,a,
ASN00014073,19940904,PRCP,0,,,a,
ASN00014073,19940905,PRCP,0,,,a,
ASN00014073,19940906,PRCP,0,,,a,
ASN00014073,19940907,PRCP,0,,,a,
ASN00014073,19940908,PRCP,0,,,a,
ASN00014073,19940909,PRCP,0,,,a,
ASN00014073,19940910,PRCP,0,,,a,
ASN00014073,19940911,PRCP,0,,,a,
ASN00014073,19940912,PRCP,0,,,a,
ASN00014073,19940913,PRCP,0,,,a,
ASN00014073,19940914,PRCP,0,,,a,
ASN00014073,19940915,PRCP,0,,,a,
ASN00014073,19940916,PRCP,0,,,a,
ASN00014073,19940917,PRCP,0,,,a,
ASN00014073,19940918,PRCP,0,,,a,
ASN00014073,19940919,PRCP,0,,,a,
ASN00014073,19940920,PRCP,0,,,a,
ASN00014073,19940921,PRCP,0,,,a,
ASN00014073,19940922,PRCP,0,,,a,
ASN00014073,19940923,PRCP,0,,,a,
ASN00014073,19940924,PRCP,0,,,a,
ASN00014073,19940925,PRCP,0,,,a,
ASN00014073,19940926,PRCP,0,,,a,
ASN00014073,19940927,PRCP,0,,,a,
ASN00014073,19940928,PRCP,0,,,a,
ASN00014073,19940929,PRCP,0,,,a,
ASN00014073,19940930,PRCP,0,,,a,
ASN00014073,19941001,PRCP,0,,,a,
ASN00014073,19941002,PRCP,0,,,a,
ASN00014073,19941003,PRCP,0,,,a,
ASN00014073,19941004,PRCP,0,,,a,
ASN00014073,19941005,PRCP,0,,,a,
ASN00014073,19941006,PRCP,0,,,a,
ASN00014073,19941007,PRCP,2,,,a,
ASN00014073,19941008,PRCP,0,,,a,
ASN00014073,19941009,PRCP,80,,,a,
ASN00014073,19941010,PRCP,0,,,a,
ASN00014073,19941011,PRCP,0,,,a,
ASN00014073,19941012,PRCP,0,,,a,
ASN00014073,19941013,PRCP,0,,,a,
ASN00014073,19941014,PRCP,0,,,a,
ASN00014073,19941015,PRCP,0,,,a,
ASN00014073,19941016,PRCP,0,,,a,
ASN00014073,19941017,PRCP,0,,,a,
ASN00014073,19941018,PRCP,0,,,a,
ASN00014073,19941019,PRCP,0,,,a,
ASN00014073,19941020,PRCP,0,,,a,
ASN00014073,19941021,PRCP,0,,,a,
ASN00014073,19941022,PRCP,0,,,a,
ASN00014073,19941023,PRCP,0,,,a,
ASN00014073,19941024,PRCP,0,,,a,
ASN00014073,19941025,PRCP,0,,,a,
ASN00014073,19941026,PRCP,0,,,a,
ASN00014073,19941027,PRCP,0,,,a,
ASN00014073,19941028,PRCP,0,,,a,
ASN00014073,19941029,PRCP,0,,,a,
ASN00014073,19941030,PRCP,0,,,a,
ASN00014073,19941031,PRCP,80,,,a,
ASN00014073,19941101,PRCP,100,,,a,
ASN00014073,19941102,PRCP,114,,,a,
ASN00014073,19941103,PRCP,80,,,a,
ASN00014073,19941104,PRCP,0,,,a,
ASN00014073,19941105,PRCP,60,,,a,
ASN00014073,19941106,PRCP,0,,,a,
ASN00014073,19941107,PRCP,0,,,a,
ASN00014073,19941108,PRCP,0,,,a,
ASN00014073,19941109,PRCP,0,,,a,
ASN00014073,19941110,PRCP,0,,,a,
ASN00014073,19941111,PRCP,0,,,a,
ASN00014073,19941112,PRCP,0,,,a,
ASN00014073,19941113,PRCP,0,,,a,
ASN00014073,19941114,PRCP,0,,,a,
ASN00014073,19941115,PRCP,0,,,a,
ASN00014073,19941116,PRCP,0,,,a,
ASN00014073,19941117,PRCP,22,,,a,
ASN00014073,19941118,PRCP,0,,,a,
ASN00014073,19941119,PRCP,0,,,a,
ASN00014073,19941120,PRCP,10,,,a,
ASN00014073,19941121,PRCP,0,,,a,
ASN00014073,19941122,PRCP,40,,,a,
ASN00014073,19941123,PRCP,0,,,a,
ASN00014073,19941124,PRCP,0,,,a,
ASN00014073,19941125,PRCP,30,,,a,
ASN00014073,19941126,PRCP,0,,,a,
ASN00014073,19941127,PRCP,0,,,a,
ASN00014073,19941128,PRCP,0,,,a,
ASN00014073,19941129,PRCP,10,,,a,
ASN00014073,19941130,PRCP,198,,,a,
ASN00014073,19941201,PRCP,712,,,a,
ASN00014073,19941202,PRCP,0,,,a,
ASN00014073,19941203,PRCP,89,,,a,
ASN00014073,19941204,PRCP,41,,,a,
ASN00014073,19941205,PRCP,0,,,a,
ASN00014073,19941206,PRCP,0,,,a,
ASN00014073,19941207,PRCP,0,,,a,
ASN00014073,19941208,PRCP,0,,,a,
ASN00014073,19941209,PRCP,90,,,a,
ASN00014073,19941210,PRCP,0,,,a,
ASN00014073,19941211,PRCP,392,,,a,
ASN00014073,19941212,PRCP,0,,,a,
ASN00014073,19941213,PRCP,0,,,a,
ASN00014073,19941214,PRCP,78,,,a,
ASN00014073,19941215,PRCP,0,,,a,
ASN00014073,19941216,PRCP,0,,,a,
ASN00014073,19941217,PRCP,0,,,a,
ASN00014073,19941218,PRCP,554,,,a,
ASN00014073,19941219,PRCP,0,,,a,
ASN00014073,19941220,PRCP,0,,,a,
ASN00014073,19941221,PRCP,0,,,a,
ASN00014073,19941222,PRCP,40,,,a,
ASN00014073,19941223,PRCP,34,,,a,
ASN00014073,19941224,PRCP,428,,,a,
ASN00014073,19941225,PRCP,26,,,a,
ASN00014073,19941226,PRCP,0,,,a,
ASN00014073,19941227,PRCP,230,,,a,
ASN00014073,19941228,PRCP,30,,,a,
ASN00014073,19941229,PRCP,34,,,a,
ASN00014073,19941230,PRCP,0,,,a,
ASN00014073,19941231,PRCP,15,,,a,
ASN00014073,19950101,PRCP,0,,,a,
ASN00014073,19950102,PRCP,40,,,a,
ASN00014073,19950103,PRCP,0,,,a,
ASN00014073,19950104,PRCP,0,,,a,
ASN00014073,19950105,PRCP,462,,,a,
ASN00014073,19950106,PRCP,120,,,a,
ASN00014073,19950107,PRCP,0,,,a,
ASN00014073,19950108,PRCP,0,,,a,
ASN00014073,19950109,PRCP,188,,,a,
ASN00014073,19950110,PRCP,480,,,a,
ASN00014073,19950111,PRCP,80,,,a,
ASN00014073,19950112,PRCP,92,,,a,
ASN00014073,19950113,PRCP,0,,,a,
ASN00014073,19950114,PRCP,912,,,a,
ASN00014073,19950115,PRCP,390,,,a,
ASN00014073,19950116,PRCP,380,,,a,
ASN00014073,19950117,PRCP,210,,,a,
ASN00014073,19950118,PRCP,80,,,a,
ASN00014073,19950119,PRCP,180,,,a,
ASN00014073,19950120,PRCP,8,,,a,
ASN00014073,19950121,PRCP,110,,,a,
ASN00014073,19950122,PRCP,70,,,a,
ASN00014073,19950123,PRCP,480,,,a,
ASN00014073,19950124,PRCP,130,,,a,
ASN00014073,19950125,PRCP,0,,,a,
ASN00014073,19950128,PRCP,280,,,a,
ASN00014073,19950129,PRCP,316,,,a,
ASN00014073,19950130,PRCP,8,,,a,
ASN00014073,19950131,PRCP,0,,,a,
ASN00014073,19950127,DAPR,2,,,a,
ASN00014073,19950127,DWPR,2,,,a,
ASN00014073,19950127,MDPR,1750,,,a,
ASN00014073,19950201,PRCP,0,,,a,
ASN00014073,19950202,PRCP,0,,,a,
ASN00014073,19950203,PRCP,0,,,a,
ASN00014073,19950204,PRCP,332,,,a,
ASN00014073,19950205,PRCP,0,,,a,
ASN00014073,19950206,PRCP,0,,,a,
ASN00014073,19950207,PRCP,430,,,a,
ASN00014073,19950208,PRCP,0,,,a,
ASN00014073,19950211,PRCP,0,,,a,
ASN00014073,19950212,PRCP,270,,,a,
ASN00014073,19950213,PRCP,0,,,a,
ASN00014073,19950214,PRCP,7,,,a,
ASN00014073,19950215,PRCP,0,,,a,
ASN00014073,19950216,PRCP,0,,,a,
ASN00014073,19950217,PRCP,550,,,a,
ASN00014073,19950218,PRCP,0,,,a,
ASN00014073,19950219,PRCP,0,,,a,
ASN00014073,19950220,PRCP,630,,,a,
ASN00014073,19950221,PRCP,0,,,a,
ASN00014073,19950222,PRCP,580,,,a,
ASN00014073,19950223,PRCP,334,,,a,
ASN00014073,19950224,PRCP,0,,,a,
ASN00014073,19950225,PRCP,0,,,a,
ASN00014073,19950226,PRCP,0,,,a,
ASN00014073,19950227,PRCP,0,,,a,
ASN00014073,19950228,PRCP,0,,,a,
ASN00014073,19950210,DAPR,2,,,a,
ASN00014073,19950210,DWPR,2,,,a,
ASN00014073,19950210,MDPR,388,,,a,
ASN00014073,19950301,PRCP,132,,,a,
ASN00014073,19950302,PRCP,0,,,a,
ASN00014073,19950303,PRCP,90,,,a,
ASN00014073,19950304,PRCP,430,,,a,
ASN00014073,19950305,PRCP,490,,,a,
ASN00014073,19950306,PRCP,440,,,a,
ASN00014073,19950307,PRCP,0,,,a,
ASN00014073,19950308,PRCP,0,,,a,
ASN00014073,19950309,PRCP,200,,,a,
ASN00014073,19950310,PRCP,0,,,a,
ASN00014073,19950311,PRCP,0,,,a,
ASN00014073,19950312,PRCP,0,,,a,
ASN00014073,19950313,PRCP,0,,,a,
ASN00014073,19950314,PRCP,0,,,a,
ASN00014073,19950315,PRCP,0,,,a,
ASN00014073,19950316,PRCP,0,,,a,
ASN00014073,19950317,PRCP,0,,,a,
ASN00014073,19950318,PRCP,0,,,a,
ASN00014073,19950319,PRCP,256,,,a,
ASN00014073,19950320,PRCP,0,,,a,
ASN00014073,19950321,PRCP,0,,,a,
ASN00014073,19950322,PRCP,162,,,a,
ASN00014073,19950323,PRCP,108,,,a,
ASN00014073,19950324,PRCP,0,,,a,
ASN00014073,19950325,PRCP,0,,,a,
ASN00014073,19950326,PRCP,0,,,a,
ASN00014073,19950327,PRCP,0,,,a,
ASN00014073,19950328,PRCP,7,,,a,
ASN00014073,19950329,PRCP,0,,,a,
ASN00014073,19950330,PRCP,0,,,a,
ASN00014073,19950331,PRCP,206,,,a,
ASN00014073,19950401,PRCP,0,,,a,
ASN00014073,19950402,PRCP,0,,,a,
ASN00014073,19950403,PRCP,0,,,a,
ASN00014073,19950404,PRCP,0,,,a,
ASN00014073,19950405,PRCP,120,,,a,
ASN00014073,19950406,PRCP,0,,,a,
ASN00014073,19950407,PRCP,666,,,a,
ASN00014073,19950408,PRCP,0,,,a,
ASN00014073,19950409,PRCP,0,,,a,
ASN00014073,19950410,PRCP,0,,,a,
ASN00014073,19950411,PRCP,0,,,a,
ASN00014073,19950412,PRCP,0,,,a,
ASN00014073,19950413,PRCP,0,,,a,
ASN00014073,19950414,PRCP,0,,,a,
ASN00014073,19950415,PRCP,0,,,a,
ASN00014073,19950416,PRCP,24,,,a,
ASN00014073,19950417,PRCP,0,,,a,
ASN00014073,19950418,PRCP,0,,,a,
ASN00014073,19950419,PRCP,0,,,a,
ASN00014073,19950420,PRCP,0,,,a,
ASN00014073,19950421,PRCP,0,,,a,
ASN00014073,19950422,PRCP,0,,,a,
ASN00014073,19950423,PRCP,0,,,a,
ASN00014073,19950424,PRCP,0,,,a,
ASN00014073,19950425,PRCP,0,,,a,
ASN00014073,19950426,PRCP,0,,,a,
ASN00014073,19950427,PRCP,0,,,a,
ASN00014073,19950428,PRCP,0,,,a,
ASN00014073,19950429,PRCP,0,,,a,
ASN00014073,19950430,PRCP,0,,,a,
ASN00014073,19950501,PRCP,8,,,a,
ASN00014073,19950502,PRCP,0,,,a,
ASN00014073,19950503,PRCP,0,,,a,
ASN00014073,19950504,PRCP,0,,,a,
ASN00014073,19950505,PRCP,0,,,a,
ASN00014073,19950506,PRCP,0,,,a,
ASN00014073,19950507,PRCP,0,,,a,
ASN00014073,19950508,PRCP,0,,,a,
ASN00014073,19950509,PRCP,0,,,a,
ASN00014073,19950510,PRCP,0,,,a,
ASN00014073,19950511,PRCP,0,,,a,
ASN00014073,19950512,PRCP,0,,,a,
ASN00014073,19950513,PRCP,0,,,a,
ASN00014073,19950514,PRCP,0,,,a,
ASN00014073,19950515,PRCP,0,,,a,
ASN00014073,19950516,PRCP,0,,,a,
ASN00014073,19950517,PRCP,0,,,a,
ASN00014073,19950518,PRCP,0,,,a,
ASN00014073,19950519,PRCP,0,,,a,
ASN00014073,19950520,PRCP,0,,,a,
ASN00014073,19950521,PRCP,0,,,a,
ASN00014073,19950522,PRCP,0,,,a,
ASN00014073,19950523,PRCP,0,,,a,
ASN00014073,19950524,PRCP,0,,,a,
ASN00014073,19950525,PRCP,0,,,a,
ASN00014073,19950526,PRCP,0,,,a,
ASN00014073,19950527,PRCP,0,,,a,
ASN00014073,19950528,PRCP,0,,,a,
ASN00014073,19950529,PRCP,0,,,a,
ASN00014073,19950530,PRCP,0,,,a,
ASN00014073,19950531,PRCP,0,,,a,
ASN00014073,19950601,PRCP,0,,,a,
ASN00014073,19950602,PRCP,0,,,a,
ASN00014073,19950603,PRCP,0,,,a,
ASN00014073,19950604,PRCP,0,,,a,
ASN00014073,19950605,PRCP,0,,,a,
ASN00014073,19950606,PRCP,0,,,a,
ASN00014073,19950607,PRCP,0,,,a,
ASN00014073,19950608,PRCP,0,,,a,
ASN00014073,19950609,PRCP,0,,,a,
ASN00014073,19950610,PRCP,0,,,a,
ASN00014073,19950611,PRCP,0,,,a,
ASN00014073,19950612,PRCP,0,,,a,
ASN00014073,19950613,PRCP,0,,,a,
ASN00014073,19950614,PRCP,0,,,a,
ASN00014073,19950615,PRCP,0,,,a,
ASN00014073,19950616,PRCP,0,,,a,
ASN00014073,19950617,PRCP,0,,,a,
ASN00014073,19950618,PRCP,0,,,a,
ASN00014073,19950619,PRCP,0,,,a,
ASN00014073,19950620,PRCP,0,,,a,
ASN00014073,19950621,PRCP,0,,,a,
ASN00014073,19950622,PRCP,0,,,a,
ASN00014073,19950623,PRCP,0,,,a,
ASN00014073,19950624,PRCP,0,,,a,
ASN00014073,19950625,PRCP,0,,,a,
ASN00014073,19950626,PRCP,0,,,a,
ASN00014073,19950627,PRCP,0,,,a,
ASN00014073,19950628,PRCP,0,,,a,
ASN00014073,19950629,PRCP,0,,,a,
ASN00014073,19950630,PRCP,0,,,a,
ASN00014073,19950701,PRCP,0,,,a,
ASN00014073,19950702,PRCP,0,,,a,
ASN00014073,19950703,PRCP,0,,,a,
ASN00014073,19950704,PRCP,0,,,a,
ASN00014073,19950705,PRCP,0,,,a,
ASN00014073,19950706,PRCP,0,,,a,
ASN00014073,19950707,PRCP,0,,,a,
ASN00014073,19950708,PRCP,0,,,a,
ASN00014073,19950709,PRCP,0,,,a,
ASN00014073,19950710,PRCP,0,,,a,
ASN00014073,19950711,PRCP,0,,,a,
ASN00014073,19950712,PRCP,0,,,a,
ASN00014073,19950713,PRCP,0,,,a,
ASN00014073,19950714,PRCP,0,,,a,
ASN00014073,19950715,PRCP,0,,,a,
ASN00014073,19950716,PRCP,0,,,a,
ASN00014073,19950717,PRCP,0,,,a,
ASN00014073,19950718,PRCP,0,,,a,
ASN00014073,19950719,PRCP,0,,,a,
ASN00014073,19950720,PRCP,0,,,a,
ASN00014073,19950721,PRCP,0,,,a,
ASN00014073,19950722,PRCP,0,,,a,
ASN00014073,19950723,PRCP,0,,,a,
ASN00014073,19950724,PRCP,0,,,a,
ASN00014073,19950725,PRCP,0,,,a,
ASN00014073,19950726,PRCP,0,,,a,
ASN00014073,19950727,PRCP,0,,,a,
ASN00014073,19950728,PRCP,0,,,a,
ASN00014073,19950729,PRCP,0,,,a,
ASN00014073,19950730,PRCP,0,,,a,
ASN00014073,19950731,PRCP,0,,,a,
ASN00014073,19950801,PRCP,0,,,a,
ASN00014073,19950802,PRCP,0,,,a,
ASN00014073,19950803,PRCP,0,,,a,
ASN00014073,19950804,PRCP,0,,,a,
ASN00014073,19950805,PRCP,0,,,a,
ASN00014073,19950806,PRCP,0,,,a,
ASN00014073,19950807,PRCP,0,,,a,
ASN00014073,19950808,PRCP,0,,,a,
ASN00014073,19950809,PRCP,0,,,a,
ASN00014073,19950810,PRCP,0,,,a,
ASN00014073,19950811,PRCP,0,,,a,
ASN00014073,19950812,PRCP,0,,,a,
ASN00014073,19950813,PRCP,0,,,a,
ASN00014073,19950814,PRCP,0,,,a,
ASN00014073,19950815,PRCP,0,,,a,
ASN00014073,19950816,PRCP,0,,,a,
ASN00014073,19950817,PRCP,0,,,a,
ASN00014073,19950818,PRCP,0,,,a,
ASN00014073,19950819,PRCP,0,,,a,
ASN00014073,19950820,PRCP,0,,,a,
ASN00014073,19950821,PRCP,0,,,a,
ASN00014073,19950822,PRCP,0,,,a,
ASN00014073,19950823,PRCP,0,,,a,
ASN00014073,19950824,PRCP,0,,,a,
ASN00014073,19950825,PRCP,0,,,a,
ASN00014073,19950826,PRCP,0,,,a,
ASN00014073,19950827,PRCP,0,,,a,
ASN00014073,19950828,PRCP,0,,,a,
ASN00014073,19950829,PRCP,0,,,a,
ASN00014073,19950830,PRCP,0,,,a,
ASN00014073,19950831,PRCP,0,,,a,
ASN00014073,19950901,PRCP,0,,,a,
ASN00014073,19950902,PRCP,0,,,a,
ASN00014073,19950903,PRCP,0,,,a,
ASN00014073,19950904,PRCP,0,,,a,
ASN00014073,19950905,PRCP,0,,,a,
ASN00014073,19950906,PRCP,0,,,a,
ASN00014073,19950907,PRCP,0,,,a,
ASN00014073,19950908,PRCP,0,,,a,
ASN00014073,19950909,PRCP,0,,,a,
ASN00014073,19950910,PRCP,0,,,a,
ASN00014073,19950911,PRCP,0,,,a,
ASN00014073,19950912,PRCP,0,,,a,
ASN00014073,19950913,PRCP,0,,,a,
ASN00014073,19950914,PRCP,0,,,a,
ASN00014073,19950915,PRCP,0,,,a,
ASN00014073,19950916,PRCP,0,,,a,
ASN00014073,19950917,PRCP,0,,,a,
ASN00014073,19950918,PRCP,0,,,a,
ASN00014073,19950919,PRCP,0,,,a,
ASN00014073,19950920,PRCP,0,,,a,
ASN00014073,19950921,PRCP,0,,,a,
ASN00014073,19950922,PRCP,0,,,a,
ASN00014073,19950923,PRCP,0,,,a,
ASN00014073,19950924,PRCP,0,,,a,
ASN00014073,19950925,PRCP,0,,,a,
ASN00014073,19950926,PRCP,0,,,a,
ASN00014073,19950927,PRCP,0,,,a,
ASN00014073,19950928,PRCP,0,,,a,
ASN00014073,19950929,PRCP,0,,,a,
ASN00014073,19950930,PRCP,0,,,a,
ASN00014073,19951001,PRCP,0,,,a,
ASN00014073,19951002,PRCP,16,,,a,
ASN00014073,19951003,PRCP,210,,,a,
ASN00014073,19951004,PRCP,120,,,a,
ASN00014073,19951005,PRCP,0,,,a,
ASN00014073,19951006,PRCP,0,,,a,
ASN00014073,19951007,PRCP,0,,,a,
ASN00014073,19951008,PRCP,0,,,a,
ASN00014073,19951009,PRCP,0,,,a,
ASN00014073,19951010,PRCP,0,,,a,
ASN00014073,19951011,PRCP,0,,,a,
ASN00014073,19951012,PRCP,0,,,a,
ASN00014073,19951013,PRCP,0,,,a,
ASN00014073,19951014,PRCP,0,,,a,
ASN00014073,19951015,PRCP,0,,,a,
ASN00014073,19951016,PRCP,0,,,a,
ASN00014073,19951017,PRCP,74,,,a,
ASN00014073,19951018,PRCP,168,,,a,
ASN00014073,19951019,PRCP,0,,,a,
ASN00014073,19951020,PRCP,0,,,a,
ASN00014073,19951021,PRCP,0,,,a,
ASN00014073,19951022,PRCP,0,,,a,
ASN00014073,19951023,PRCP,54,,,a,
ASN00014073,19951024,PRCP,0,,,a,
ASN00014073,19951025,PRCP,0,,,a,
ASN00014073,19951026,PRCP,0,,,a,
ASN00014073,19951027,PRCP,0,,,a,
ASN00014073,19951030,PRCP,0,,,a,
ASN00014073,19951031,PRCP,0,,,a,
ASN00014073,19951029,DAPR,2,,,a,
ASN00014073,19951029,DWPR,2,,,a,
ASN00014073,19951029,MDPR,72,,,a,
ASN00014073,19951101,PRCP,0,,,a,
ASN00014073,19951102,PRCP,0,,,a,
ASN00014073,19951103,PRCP,40,,,a,
ASN00014073,19951104,PRCP,0,,,a,
ASN00014073,19951105,PRCP,0,,,a,
ASN00014073,19951106,PRCP,0,,,a,
ASN00014073,19951107,PRCP,170,,,a,
ASN00014073,19951108,PRCP,26,,,a,
ASN00014073,19951109,PRCP,0,,,a,
ASN00014073,19951110,PRCP,0,,,a,
ASN00014073,19951111,PRCP,0,,,a,
ASN00014073,19951112,PRCP,0,,,a,
ASN00014073,19951113,PRCP,0,,,a,
ASN00014073,19951114,PRCP,0,,,a,
ASN00014073,19951115,PRCP,0,,,a,
ASN00014073,19951116,PRCP,174,,,a,
ASN00014073,19951119,PRCP,320,,,a,
ASN00014073,19951120,PRCP,0,,,a,
ASN00014073,19951121,PRCP,198,,,a,
ASN00014073,19951122,PRCP,0,,,a,
ASN00014073,19951123,PRCP,0,,,a,
ASN00014073,19951124,PRCP,0,,,a,
ASN00014073,19951125,PRCP,0,,,a,
ASN00014073,19951126,PRCP,0,,,a,
ASN00014073,19951127,PRCP,0,,,a,
ASN00014073,19951128,PRCP,0,,,a,
ASN00014073,19951129,PRCP,0,,,a,
ASN00014073,19951130,PRCP,0,,,a,
ASN00014073,19951118,DAPR,2,,,a,
ASN00014073,19951118,DWPR,2,,,a,
ASN00014073,19951118,MDPR,140,,,a,
ASN00014073,19951201,PRCP,0,,,a,
ASN00014073,19951202,PRCP,0,,,a,
ASN00014073,19951203,PRCP,14,,,a,
ASN00014073,19951204,PRCP,0,,,a,
ASN00014073,19951205,PRCP,200,,,a,
ASN00014073,19951206,PRCP,0,,,a,
ASN00014073,19951207,PRCP,260,,,a,
ASN00014073,19951208,PRCP,0,,,a,
ASN00014073,19951209,PRCP,0,,,a,
ASN00014073,19951210,PRCP,0,,,a,
ASN00014073,19951211,PRCP,400,,,a,
ASN00014073,19951212,PRCP,0,,,a,
ASN00014073,19951213,PRCP,300,,,a,
ASN00014073,19951214,PRCP,130,,,a,
ASN00014073,19951215,PRCP,18,,,a,
ASN00014073,19951216,PRCP,0,,,a,
ASN00014073,19951217,PRCP,0,,,a,
ASN00014073,19951218,PRCP,0,,,a,
ASN00014073,19951219,PRCP,0,,,a,
ASN00014073,19951220,PRCP,0,,,a,
ASN00014073,19951221,PRCP,0,,,a,
ASN00014073,19951222,PRCP,0,,,a,
ASN00014073,19951223,PRCP,0,,,a,
ASN00014073,19951224,PRCP,210,,,a,
ASN00014073,19951225,PRCP,0,,,a,
ASN00014073,19951226,PRCP,25,,,a,
ASN00014073,19951227,PRCP,0,,,a,
ASN00014073,19951228,PRCP,0,,,a,
ASN00014073,19951229,PRCP,0,,,a,
ASN00014073,19951230,PRCP,0,,,a,
ASN00014073,19951231,PRCP,406,,,a,
ASN00014073,19960101,PRCP,0,,,a,
ASN00014073,19960102,PRCP,0,,,a,
ASN00014073,19960103,PRCP,0,,,a,
ASN00014073,19960104,PRCP,0,,,a,
ASN00014073,19960105,PRCP,0,,,a,
ASN00014073,19960106,PRCP,0,,,a,
ASN00014073,19960107,PRCP,0,,,a,
ASN00014073,19960108,PRCP,0,,,a,
ASN00014073,19960109,PRCP,0,,,a,
ASN00014073,19960110,PRCP,0,,,a,
ASN00014073,19960111,PRCP,0,,,a,
ASN00014073,19960112,PRCP,0,,,a,
ASN00014073,19960113,PRCP,0,,,a,
ASN00014073,19960114,PRCP,0,,,a,
ASN00014073,19960115,PRCP,0,,,a,
ASN00014073,19960116,PRCP,0,,,a,
ASN00014073,19960117,PRCP,0,,,a,
ASN00014073,19960118,PRCP,0,,,a,
ASN00014073,19960119,PRCP,0,,,a,
ASN00014073,19960120,PRCP,0,,,a,
ASN00014073,19960121,PRCP,0,,,a,
ASN00014073,19960122,PRCP,0,,,a,
ASN00014073,19960123,PRCP,0,,,a,
ASN00014073,19960124,PRCP,734,,,a,
ASN00014073,19960125,PRCP,0,,,a,
ASN00014073,19960126,PRCP,0,,,a,
ASN00014073,19960127,PRCP,0,,,a,
ASN00014073,19960128,PRCP,0,,,a,
ASN00014073,19960129,PRCP,140,,,a,
ASN00014073,19960130,PRCP,0,,,a,
ASN00014073,19960131,PRCP,130,,,a,
ASN00014073,19960201,PRCP,130,,,a,
ASN00014073,19960219,PRCP,0,,,a,
ASN00014073,19960220,PRCP,0,,,a,
ASN00014073,19960221,PRCP,0,,,a,
ASN00014073,19960222,PRCP,0,,,a,
ASN00014073,19960223,PRCP,0,,,a,
ASN00014073,19960224,PRCP,0,,,a,
ASN00014073,19960225,PRCP,0,,,a,
ASN00014073,19960226,PRCP,0,,,a,
ASN00014073,19960227,PRCP,0,,,a,
ASN00014073,19960228,PRCP,380,,,a,
ASN00014073,19960229,PRCP,404,,,a,
ASN00014073,19960205,DAPR,4,,,a,
ASN00014073,19960218,DAPR,13,,,a,
ASN00014073,19960205,DWPR,4,,,a,
ASN00014073,19960218,DWPR,13,,,a,
ASN00014073,19960205,MDPR,240,,,a,
ASN00014073,19960218,MDPR,922,,,a,
ASN00014073,19960301,PRCP,0,,,a,
ASN00014073,19960302,PRCP,180,,,a,
ASN00014073,19960303,PRCP,0,,,a,
ASN00014073,19960304,PRCP,70,,,a,
ASN00014073,19960305,PRCP,0,,,a,
ASN00014073,19960306,PRCP,0,,,a,
ASN00014073,19960307,PRCP,700,,,a,
ASN00014073,19960308,PRCP,0,,,a,
ASN00014073,19960309,PRCP,0,,,a,
ASN00014073,19960310,PRCP,190,,,a,
ASN00014073,19960311,PRCP,0,,,a,
ASN00014073,19960312,PRCP,0,,,a,
ASN00014073,19960313,PRCP,0,,,a,
ASN00014073,19960314,PRCP,0,,,a,
ASN00014073,19960315,PRCP,0,,,a,
ASN00014073,19960316,PRCP,0,,,a,
ASN00014073,19960317,PRCP,0,,,a,
ASN00014073,19960318,PRCP,0,,,a,
ASN00014073,19960319,PRCP,0,,,a,
ASN00014073,19960320,PRCP,0,,,a,
ASN00014073,19960321,PRCP,0,,,a,
ASN00014073,19960322,PRCP,0,,,a,
ASN00014073,19960323,PRCP,0,,,a,
ASN00014073,19960324,PRCP,0,,,a,
ASN00014073,19960325,PRCP,0,,,a,
ASN00014073,19960326,PRCP,0,,,a,
ASN00014073,19960327,PRCP,0,,,a,
ASN00014073,19960328,PRCP,0,,,a,
ASN00014073,19960329,PRCP,0,,,a,
ASN00014073,19960330,PRCP,0,,,a,
ASN00014073,19960331,PRCP,0,,,a,
ASN00014073,19960401,PRCP,0,,,a,
ASN00014073,19960402,PRCP,0,,,a,
ASN00014073,19960403,PRCP,0,,,a,
ASN00014073,19960404,PRCP,0,,,a,
ASN00014073,19960405,PRCP,0,,,a,
ASN00014073,19960406,PRCP,0,,,a,
ASN00014073,19960407,PRCP,0,,,a,
ASN00014073,19960408,PRCP,0,,,a,
ASN00014073,19960409,PRCP,0,,,a,
ASN00014073,19960410,PRCP,0,,,a,
ASN00014073,19960411,PRCP,0,,,a,
ASN00014073,19960412,PRCP,0,,,a,
ASN00014073,19960413,PRCP,0,,,a,
ASN00014073,19960414,PRCP,0,,,a,
ASN00014073,19960415,PRCP,0,,,a,
ASN00014073,19960416,PRCP,0,,,a,
ASN00014073,19960417,PRCP,0,,,a,
ASN00014073,19960418,PRCP,0,,,a,
ASN00014073,19960419,PRCP,0,,,a,
ASN00014073,19960420,PRCP,0,,,a,
ASN00014073,19960421,PRCP,0,,,a,
ASN00014073,19960422,PRCP,0,,,a,
ASN00014073,19960423,PRCP,0,,,a,
ASN00014073,19960424,PRCP,0,,,a,
ASN00014073,19960425,PRCP,0,,,a,
ASN00014073,19960426,PRCP,0,,,a,
ASN00014073,19960427,PRCP,0,,,a,
ASN00014073,19960428,PRCP,0,,,a,
ASN00014073,19960429,PRCP,0,,,a,
ASN00014073,19960430,PRCP,0,,,a,
ASN00014073,19960501,PRCP,0,,,a,
ASN00014073,19960502,PRCP,0,,,a,
ASN00014073,19960503,PRCP,0,,,a,
ASN00014073,19960504,PRCP,0,,,a,
ASN00014073,19960505,PRCP,0,,,a,
ASN00014073,19960506,PRCP,0,,,a,
ASN00014073,19960507,PRCP,0,,,a,
ASN00014073,19960508,PRCP,0,,,a,
ASN00014073,19960509,PRCP,0,,,a,
ASN00014073,19960510,PRCP,0,,,a,
ASN00014073,19960511,PRCP,0,,,a,
ASN00014073,19960512,PRCP,0,,,a,
ASN00014073,19960513,PRCP,0,,,a,
ASN00014073,19960514,PRCP,0,,,a,
ASN00014073,19960515,PRCP,0,,,a,
ASN00014073,19960516,PRCP,0,,,a,
ASN00014073,19960517,PRCP,0,,,a,
ASN00014073,19960518,PRCP,0,,,a,
ASN00014073,19960519,PRCP,0,,,a,
ASN00014073,19960520,PRCP,0,,,a,
ASN00014073,19960521,PRCP,0,,,a,
ASN00014073,19960522,PRCP,0,,,a,
ASN00014073,19960523,PRCP,0,,,a,
ASN00014073,19960524,PRCP,0,,,a,
ASN00014073,19960525,PRCP,0,,,a,
ASN00014073,19960526,PRCP,0,,,a,
ASN00014073,19960527,PRCP,0,,,a,
ASN00014073,19960528,PRCP,0,,,a,
ASN00014073,19960529,PRCP,0,,,a,
ASN00014073,19960530,PRCP,0,,,a,
ASN00014073,19960531,PRCP,0,,,a,
ASN00014073,19960601,PRCP,0,,,a,
ASN00014073,19960602,PRCP,0,,,a,
ASN00014073,19960603,PRCP,0,,,a,
ASN00014073,19960604,PRCP,0,,,a,
ASN00014073,19960605,PRCP,0,,,a,
ASN00014073,19960606,PRCP,0,,,a,
ASN00014073,19960607,PRCP,0,,,a,
ASN00014073,19960608,PRCP,0,,,a,
ASN00014073,19960609,PRCP,0,,,a,
ASN00014073,19960610,PRCP,0,,,a,
ASN00014073,19960611,PRCP,0,,,a,
ASN00014073,19960612,PRCP,0,,,a,
ASN00014073,19960613,PRCP,0,,,a,
ASN00014073,19960614,PRCP,0,,,a,
ASN00014073,19960615,PRCP,0,,,a,
ASN00014073,19960616,PRCP,0,,,a,
ASN00014073,19960617,PRCP,0,,,a,
ASN00014073,19960618,PRCP,0,,,a,
ASN00014073,19960619,PRCP,0,,,a,
ASN00014073,19960620,PRCP,0,,,a,
ASN00014073,19960621,PRCP,0,,,a,
ASN00014073,19960622,PRCP,0,,,a,
ASN00014073,19960623,PRCP,0,,,a,
ASN00014073,19960624,PRCP,0,,,a,
ASN00014073,19960625,PRCP,0,,,a,
ASN00014073,19960626,PRCP,0,,,a,
ASN00014073,19960627,PRCP,0,,,a,
ASN00014073,19960628,PRCP,0,,,a,
ASN00014073,19960629,PRCP,0,,,a,
ASN00014073,19960630,PRCP,0,,,a,
ASN00014073,19960701,PRCP,0,,,a,
ASN00014073,19960702,PRCP,0,,,a,
ASN00014073,19960703,PRCP,0,,,a,
ASN00014073,19960704,PRCP,0,,,a,
ASN00014073,19960705,PRCP,0,,,a,
ASN00014073,19960706,PRCP,0,,,a,
ASN00014073,19960707,PRCP,250,,,a,
ASN00014073,19960708,PRCP,0,,,a,
ASN00014073,19960709,PRCP,0,,,a,
ASN00014073,19960710,PRCP,0,,,a,
ASN00014073,19960711,PRCP,0,,,a,
ASN00014073,19960712,PRCP,0,,,a,
ASN00014073,19960713,PRCP,0,,,a,
ASN00014073,19960714,PRCP,30,,,a,
ASN00014073,19960715,PRCP,0,,,a,
ASN00014073,19960716,PRCP,0,,,a,
ASN00014073,19960717,PRCP,0,,,a,
ASN00014073,19960718,PRCP,0,,,a,
ASN00014073,19960719,PRCP,0,,,a,
ASN00014073,19960720,PRCP,0,,,a,
ASN00014073,19960721,PRCP,0,,,a,
ASN00014073,19960722,PRCP,0,,,a,
ASN00014073,19960723,PRCP,0,,,a,
ASN00014073,19960724,PRCP,0,,,a,
ASN00014073,19960725,PRCP,0,,,a,
ASN00014073,19960726,PRCP,0,,,a,
ASN00014073,19960727,PRCP,0,,,a,
ASN00014073,19960728,PRCP,0,,,a,
ASN00014073,19960729,PRCP,0,,,a,
ASN00014073,19960730,PRCP,0,,,a,
ASN00014073,19960731,PRCP,0,,,a,
ASN00014073,19960801,PRCP,0,,,a,
ASN00014073,19960802,PRCP,0,,,a,
ASN00014073,19960803,PRCP,0,,,a,
ASN00014073,19960804,PRCP,0,,,a,
ASN00014073,19960805,PRCP,0,,,a,
ASN00014073,19960806,PRCP,0,,,a,
ASN00014073,19960807,PRCP,0,,,a,
ASN00014073,19960808,PRCP,0,,,a,
ASN00014073,19960809,PRCP,200,,,a,
ASN00014073,19960810,PRCP,0,,,a,
ASN00014073,19960811,PRCP,0,,,a,
ASN00014073,19960812,PRCP,0,,,a,
ASN00014073,19960813,PRCP,0,,,a,
ASN00014073,19960814,PRCP,0,,,a,
ASN00014073,19960815,PRCP,0,,,a,
ASN00014073,19960816,PRCP,0,,,a,
ASN00014073,19960817,PRCP,0,,,a,
ASN00014073,19960818,PRCP,0,,,a,
ASN00014073,19960819,PRCP,0,,,a,
ASN00014073,19960820,PRCP,0,,,a,
ASN00014073,19960821,PRCP,0,,,a,
ASN00014073,19960822,PRCP,0,,,a,
ASN00014073,19960823,PRCP,0,,,a,
ASN00014073,19960824,PRCP,0,,,a,
ASN00014073,19960825,PRCP,0,,,a,
ASN00014073,19960826,PRCP,0,,,a,
ASN00014073,19960827,PRCP,0,,,a,
ASN00014073,19960828,PRCP,0,,,a,
ASN00014073,19960829,PRCP,0,,,a,
ASN00014073,19960830,PRCP,0,,,a,
ASN00014073,19960831,PRCP,0,,,a,
ASN00014073,19960901,PRCP,0,,,a,
ASN00014073,19960902,PRCP,0,,,a,
ASN00014073,19960903,PRCP,0,,,a,
ASN00014073,19960904,PRCP,0,,,a,
ASN00014073,19960905,PRCP,0,,,a,
ASN00014073,19960906,PRCP,0,,,a,
ASN00014073,19960907,PRCP,0,,,a,
ASN00014073,19960908,PRCP,0,,,a,
ASN00014073,19960909,PRCP,0,,,a,
ASN00014073,19960910,PRCP,0,,,a,
ASN00014073,19960911,PRCP,0,,,a,
ASN00014073,19960912,PRCP,0,,,a,
ASN00014073,19960913,PRCP,0,,,a,
ASN00014073,19960914,PRCP,0,,,a,
ASN00014073,19960915,PRCP,0,,,a,
ASN00014073,19960916,PRCP,0,,,a,
ASN00014073,19960917,PRCP,0,,,a,
ASN00014073,19960918,PRCP,0,,,a,
ASN00014073,19960919,PRCP,0,,,a,
ASN00014073,19960920,PRCP,0,,,a,
ASN00014073,19960921,PRCP,0,,,a,
ASN00014073,19960922,PRCP,0,,,a,
ASN00014073,19960923,PRCP,0,,,a,
ASN00014073,19960924,PRCP,0,,,a,
ASN00014073,19960925,PRCP,0,,,a,
ASN00014073,19960926,PRCP,0,,,a,
ASN00014073,19960927,PRCP,0,,,a,
ASN00014073,19960928,PRCP,0,,,a,
ASN00014073,19960929,PRCP,0,,,a,
ASN00014073,19960930,PRCP,0,,,a,
ASN00014073,19961001,PRCP,0,,,a,
ASN00014073,19961002,PRCP,0,,,a,
ASN00014073,19961003,PRCP,0,,,a,
ASN00014073,19961004,PRCP,0,,,a,
ASN00014073,19961005,PRCP,24,,,a,
ASN00014073,19961006,PRCP,0,,,a,
ASN00014073,19961007,PRCP,0,,,a,
ASN00014073,19961008,PRCP,50,,,a,
ASN00014073,19961009,PRCP,0,,,a,
ASN00014073,19961010,PRCP,0,,,a,
ASN00014073,19961011,PRCP,0,,,a,
ASN00014073,19961012,PRCP,0,,,a,
ASN00014073,19961013,PRCP,0,,,a,
ASN00014073,19961014,PRCP,0,,,a,
ASN00014073,19961015,PRCP,0,,,a,
ASN00014073,19961016,PRCP,0,,,a,
ASN00014073,19961017,PRCP,0,,,a,
ASN00014073,19961018,PRCP,18,,,a,
ASN00014073,19961019,PRCP,110,,,a,
ASN00014073,19961020,PRCP,0,,,a,
ASN00014073,19961021,PRCP,0,,,a,
ASN00014073,19961022,PRCP,0,,,a,
ASN00014073,19961023,PRCP,0,,,a,
ASN00014073,19961024,PRCP,0,,,a,
ASN00014073,19961025,PRCP,0,,,a,
ASN00014073,19961026,PRCP,0,,,a,
ASN00014073,19961027,PRCP,0,,,a,
ASN00014073,19961028,PRCP,0,,,a,
ASN00014073,19961029,PRCP,0,,,a,
ASN00014073,19961030,PRCP,0,,,a,
ASN00014073,19961031,PRCP,0,,,a,
ASN00014073,19961101,PRCP,0,,,a,
ASN00014073,19961102,PRCP,0,,,a,
ASN00014073,19961103,PRCP,0,,,a,
ASN00014073,19961104,PRCP,0,,,a,
ASN00014073,19961105,PRCP,0,,,a,
ASN00014073,19961106,PRCP,130,,,a,
ASN00014073,19961107,PRCP,570,,,a,
ASN00014073,19961108,PRCP,0,,,a,
ASN00014073,19961109,PRCP,0,,,a,
ASN00014073,19961110,PRCP,0,,,a,
ASN00014073,19961111,PRCP,0,,,a,
ASN00014073,19961112,PRCP,0,,,a,
ASN00014073,19961113,PRCP,0,,,a,
ASN00014073,19961114,PRCP,0,,,a,
ASN00014073,19961115,PRCP,0,,,a,
ASN00014073,19961116,PRCP,0,,,a,
ASN00014073,19961117,PRCP,66,,,a,
ASN00014073,19961118,PRCP,0,,,a,
ASN00014073,19961119,PRCP,0,,,a,
ASN00014073,19961120,PRCP,0,,,a,
ASN00014073,19961121,PRCP,0,,,a,
ASN00014073,19961122,PRCP,50,,,a,
ASN00014073,19961123,PRCP,0,,,a,
ASN00014073,19961124,PRCP,0,,,a,
ASN00014073,19961125,PRCP,0,,,a,
ASN00014073,19961126,PRCP,0,,,a,
ASN00014073,19961127,PRCP,0,,,a,
ASN00014073,19961128,PRCP,0,,,a,
ASN00014073,19961129,PRCP,0,,,a,
ASN00014073,19961130,PRCP,0,,,a,
ASN00014073,19961201,PRCP,0,,,a,
ASN00014073,19961202,PRCP,0,,,a,
ASN00014073,19961203,PRCP,0,,,a,
ASN00014073,19961204,PRCP,160,,,a,
ASN00014073,19961222,PRCP,0,,,a,
ASN00014073,19961223,PRCP,25,,,a,
ASN00014073,19961230,PRCP,1160,,,a,
ASN00014073,19961231,PRCP,750,,,a,
ASN00014073,19961214,DAPR,10,,,a,
ASN00014073,19961221,DAPR,7,,,a,
ASN00014073,19961226,DAPR,3,,,a,
ASN00014073,19961229,DAPR,3,,,a,
ASN00014073,19961214,DWPR,10,,,a,
ASN00014073,19961221,DWPR,7,,,a,
ASN00014073,19961226,DWPR,3,,,a,
ASN00014073,19961229,DWPR,3,,,a,
ASN00014073,19961214,MDPR,1030,,,a,
ASN00014073,19961221,MDPR,50,,,a,
ASN00014073,19961226,MDPR,1100,,,a,
ASN00014073,19961229,MDPR,900,,,a,
ASN00014073,19970101,PRCP,0,,,a,
ASN00014073,19970102,PRCP,680,,,a,
ASN00014073,19970103,PRCP,780,,,a,
ASN00014073,19970104,PRCP,500,,,a,
ASN00014073,19970105,PRCP,300,,,a,
ASN00014073,19970106,PRCP,0,,,a,
ASN00014073,19970107,PRCP,0,,,a,
ASN00014073,19970108,PRCP,0,,,a,
ASN00014073,19970109,PRCP,76,,,a,
ASN00014073,19970110,PRCP,0,,,a,
ASN00014073,19970111,PRCP,0,,,a,
ASN00014073,19970112,PRCP,0,,,a,
ASN00014073,19970113,PRCP,0,,,a,
ASN00014073,19970114,PRCP,0,,,a,
ASN00014073,19970115,PRCP,0,,,a,
ASN00014073,19970116,PRCP,850,,,a,
ASN00014073,19970117,PRCP,0,,,a,
ASN00014073,19970118,PRCP,0,,,a,
ASN00014073,19970119,PRCP,600,,,a,
ASN00014073,19970120,PRCP,520,,,a,
ASN00014073,19970121,PRCP,680,,,a,
ASN00014073,19970122,PRCP,0,,,a,
ASN00014073,19970123,PRCP,0,,,a,
ASN00014073,19970124,PRCP,350,,,a,
ASN00014073,19970125,PRCP,0,,,a,
ASN00014073,19970126,PRCP,0,,,a,
ASN00014073,19970127,PRCP,0,,,a,
ASN00014073,19970128,PRCP,0,,,a,
ASN00014073,19970129,PRCP,300,,,a,
ASN00014073,19970130,PRCP,0,,,a,
ASN00014073,19970131,PRCP,0,,,a,
ASN00014073,19970203,PRCP,0,,,a,
ASN00014073,19970204,PRCP,0,,,a,
ASN00014073,19970205,PRCP,0,,,a,
ASN00014073,19970206,PRCP,0,,,a,
ASN00014073,19970207,PRCP,0,,,a,
ASN00014073,19970208,PRCP,0,,,a,
ASN00014073,19970209,PRCP,250,,,a,
ASN00014073,19970210,PRCP,0,,,a,
ASN00014073,19970211,PRCP,0,,,a,
ASN00014073,19970212,PRCP,0,,,a,
ASN00014073,19970213,PRCP,0,,,a,
ASN00014073,19970214,PRCP,0,,,a,
ASN00014073,19970215,PRCP,0,,,a,
ASN00014073,19970216,PRCP,200,,,a,
ASN00014073,19970202,DAPR,2,,,a,
ASN00014073,19970228,DAPR,12,,,a,
ASN00014073,19970202,DWPR,2,,,a,
ASN00014073,19970228,DWPR,12,,,a,
ASN00014073,19970202,MDPR,135,,,a,
ASN00014073,19970228,MDPR,1700,,,a,
ASN00014073,19970308,PRCP,0,,,a,
ASN00014073,19970309,PRCP,0,,,a,
ASN00014073,19970310,PRCP,600,,,a,
ASN00014073,19970315,PRCP,0,,,a,
ASN00014073,19970316,PRCP,0,,,a,
ASN00014073,19970317,PRCP,0,,,a,
ASN00014073,19970318,PRCP,0,,,a,
ASN00014073,19970319,PRCP,0,,,a,
ASN00014073,19970320,PRCP,10,,,a,
ASN00014073,19970321,PRCP,0,,,a,
ASN00014073,19970322,PRCP,0,,,a,
ASN00014073,19970323,PRCP,0,,,a,
ASN00014073,19970324,PRCP,0,,,a,
ASN00014073,19970325,PRCP,0,,,a,
ASN00014073,19970326,PRCP,0,,,a,
ASN00014073,19970327,PRCP,0,,,a,
ASN00014073,19970328,PRCP,0,,,a,
ASN00014073,19970329,PRCP,0,,,a,
ASN00014073,19970330,PRCP,0,,,a,
ASN00014073,19970331,PRCP,0,,,a,
ASN00014073,19970302,DAPR,2,,,a,
ASN00014073,19970307,DAPR,5,,,a,
ASN00014073,19970314,DAPR,4,,,a,
ASN00014073,19970302,DWPR,2,,,a,
ASN00014073,19970307,DWPR,5,,,a,
ASN00014073,19970314,DWPR,4,,,a,
ASN00014073,19970302,MDPR,40,,,a,
ASN00014073,19970307,MDPR,560,,,a,
ASN00014073,19970314,MDPR,290,,,a,
ASN00014073,19970401,PRCP,0,,,a,
ASN00014073,19970402,PRCP,0,,,a,
ASN00014073,19970403,PRCP,0,,,a,
ASN00014073,19970404,PRCP,0,,,a,
ASN00014073,19970405,PRCP,0,,,a,
ASN00014073,19970406,PRCP,0,,,a,
ASN00014073,19970407,PRCP,0,,,a,
ASN00014073,19970408,PRCP,0,,,a,
ASN00014073,19970409,PRCP,0,,,a,
ASN00014073,19970410,PRCP,0,,,a,
ASN00014073,19970411,PRCP,0,,,a,
ASN00014073,19970412,PRCP,0,,,a,
ASN00014073,19970413,PRCP,0,,,a,
ASN00014073,19970414,PRCP,0,,,a,
ASN00014073,19970415,PRCP,0,,,a,
ASN00014073,19970416,PRCP,0,,,a,
ASN00014073,19970417,PRCP,0,,,a,
ASN00014073,19970418,PRCP,0,,,a,
ASN00014073,19970419,PRCP,0,,,a,
ASN00014073,19970420,PRCP,0,,,a,
ASN00014073,19970421,PRCP,0,,,a,
ASN00014073,19970422,PRCP,0,,,a,
ASN00014073,19970423,PRCP,0,,,a,
ASN00014073,19970424,PRCP,0,,,a,
ASN00014073,19970425,PRCP,0,,,a,
ASN00014073,19970426,PRCP,0,,,a,
ASN00014073,19970427,PRCP,0,,,a,
ASN00014073,19970428,PRCP,0,,,a,
ASN00014073,19970429,PRCP,0,,,a,
ASN00014073,19970430,PRCP,0,,,a,
ASN00014073,19970501,PRCP,0,,,a,
ASN00014073,19970502,PRCP,0,,,a,
ASN00014073,19970503,PRCP,0,,,a,
ASN00014073,19970504,PRCP,0,,,a,
ASN00014073,19970505,PRCP,0,,,a,
ASN00014073,19970506,PRCP,0,,,a,
ASN00014073,19970507,PRCP,0,,,a,
ASN00014073,19970508,PRCP,0,,,a,
ASN00014073,19970509,PRCP,0,,,a,
ASN00014073,19970510,PRCP,0,,,a,
ASN00014073,19970511,PRCP,0,,,a,
ASN00014073,19970512,PRCP,0,,,a,
ASN00014073,19970513,PRCP,0,,,a,
ASN00014073,19970514,PRCP,0,,,a,
ASN00014073,19970515,PRCP,0,,,a,
ASN00014073,19970516,PRCP,0,,,a,
ASN00014073,19970517,PRCP,0,,,a,
ASN00014073,19970518,PRCP,0,,,a,
ASN00014073,19970519,PRCP,0,,,a,
ASN00014073,19970520,PRCP,0,,,a,
ASN00014073,19970521,PRCP,0,,,a,
ASN00014073,19970522,PRCP,0,,,a,
ASN00014073,19970523,PRCP,0,,,a,
ASN00014073,19970524,PRCP,0,,,a,
ASN00014073,19970525,PRCP,0,,,a,
ASN00014073,19970526,PRCP,0,,,a,
ASN00014073,19970527,PRCP,0,,,a,
ASN00014073,19970528,PRCP,0,,,a,
ASN00014073,19970529,PRCP,0,,,a,
ASN00014073,19970530,PRCP,0,,,a,
ASN00014073,19970531,PRCP,0,,,a,
ASN00014073,19970601,PRCP,0,,,a,
ASN00014073,19970602,PRCP,0,,,a,
ASN00014073,19970603,PRCP,0,,,a,
ASN00014073,19970604,PRCP,0,,,a,
ASN00014073,19970605,PRCP,0,,,a,
ASN00014073,19970606,PRCP,0,,,a,
ASN00014073,19970607,PRCP,0,,,a,
ASN00014073,19970608,PRCP,0,,,a,
ASN00014073,19970609,PRCP,0,,,a,
ASN00014073,19970610,PRCP,0,,,a,
ASN00014073,19970611,PRCP,0,,,a,
ASN00014073,19970612,PRCP,0,,,a,
ASN00014073,19970613,PRCP,0,,,a,
ASN00014073,19970614,PRCP,0,,,a,
ASN00014073,19970615,PRCP,0,,,a,
ASN00014073,19970616,PRCP,0,,,a,
ASN00014073,19970617,PRCP,0,,,a,
ASN00014073,19970618,PRCP,0,,,a,
ASN00014073,19970619,PRCP,0,,,a,
ASN00014073,19970620,PRCP,0,,,a,
ASN00014073,19970621,PRCP,0,,,a,
ASN00014073,19970622,PRCP,0,,,a,
ASN00014073,19970623,PRCP,0,,,a,
ASN00014073,19970624,PRCP,0,,,a,
ASN00014073,19970625,PRCP,0,,,a,
ASN00014073,19970626,PRCP,0,,,a,
ASN00014073,19970627,PRCP,0,,,a,
ASN00014073,19970628,PRCP,0,,,a,
ASN00014073,19970629,PRCP,0,,,a,
ASN00014073,19970630,PRCP,0,,,a,
ASN00014073,19970701,PRCP,0,,,a,
ASN00014073,19970702,PRCP,0,,,a,
ASN00014073,19970703,PRCP,0,,,a,
ASN00014073,19970704,PRCP,0,,,a,
ASN00014073,19970705,PRCP,0,,,a,
ASN00014073,19970706,PRCP,0,,,a,
ASN00014073,19970707,PRCP,0,,,a,
ASN00014073,19970708,PRCP,0,,,a,
ASN00014073,19970709,PRCP,0,,,a,
ASN00014073,19970710,PRCP,0,,,a,
ASN00014073,19970711,PRCP,0,,,a,
ASN00014073,19970712,PRCP,0,,,a,
ASN00014073,19970713,PRCP,0,,,a,
ASN00014073,19970714,PRCP,0,,,a,
ASN00014073,19970715,PRCP,0,,,a,
ASN00014073,19970716,PRCP,0,,,a,
ASN00014073,19970717,PRCP,0,,,a,
ASN00014073,19970718,PRCP,0,,,a,
ASN00014073,19970719,PRCP,0,,,a,
ASN00014073,19970720,PRCP,0,,,a,
ASN00014073,19970721,PRCP,0,,,a,
ASN00014073,19970722,PRCP,0,,,a,
ASN00014073,19970723,PRCP,0,,,a,
ASN00014073,19970724,PRCP,0,,,a,
ASN00014073,19970725,PRCP,0,,,a,
ASN00014073,19970726,PRCP,0,,,a,
ASN00014073,19970727,PRCP,0,,,a,
ASN00014073,19970728,PRCP,0,,,a,
ASN00014073,19970729,PRCP,0,,,a,
ASN00014073,19970730,PRCP,0,,,a,
ASN00014073,19970731,PRCP,0,,,a,
ASN00014073,19970801,PRCP,0,,,a,
ASN00014073,19970802,PRCP,0,,,a,
ASN00014073,19970803,PRCP,0,,,a,
ASN00014073,19970804,PRCP,0,,,a,
ASN00014073,19970805,PRCP,0,,,a,
ASN00014073,19970806,PRCP,0,,,a,
ASN00014073,19970807,PRCP,0,,,a,
ASN00014073,19970808,PRCP,0,,,a,
ASN00014073,19970809,PRCP,0,,,a,
ASN00014073,19970810,PRCP,0,,,a,
ASN00014073,19970811,PRCP,0,,,a,
ASN00014073,19970812,PRCP,0,,,a,
ASN00014073,19970813,PRCP,0,,,a,
ASN00014073,19970814,PRCP,0,,,a,
ASN00014073,19970815,PRCP,0,,,a,
ASN00014073,19970816,PRCP,0,,,a,
ASN00014073,19970817,PRCP,0,,,a,
ASN00014073,19970818,PRCP,0,,,a,
ASN00014073,19970819,PRCP,0,,,a,
ASN00014073,19970820,PRCP,0,,,a,
ASN00014073,19970821,PRCP,0,,,a,
ASN00014073,19970822,PRCP,0,,,a,
ASN00014073,19970823,PRCP,0,,,a,
ASN00014073,19970824,PRCP,0,,,a,
ASN00014073,19970825,PRCP,0,,,a,
ASN00014073,19970826,PRCP,0,,,a,
ASN00014073,19970827,PRCP,0,,,a,
ASN00014073,19970828,PRCP,0,,,a,
ASN00014073,19970829,PRCP,0,,,a,
ASN00014073,19970830,PRCP,0,,,a,
ASN00014073,19970831,PRCP,0,,,a,
ASN00014073,19971101,PRCP,0,,,a,
ASN00014073,19971102,PRCP,0,,,a,
ASN00014073,19971103,PRCP,0,,,a,
ASN00014073,19971104,PRCP,0,,,a,
ASN00014073,19971105,PRCP,180,,,a,
ASN00014073,19971106,PRCP,0,,,a,
ASN00014073,19971107,PRCP,0,,,a,
ASN00014073,19971108,PRCP,0,,,a,
ASN00014073,19971109,PRCP,0,,,a,
ASN00014073,19971110,PRCP,0,,,a,
ASN00014073,19971111,PRCP,0,,,a,
ASN00014073,19971112,PRCP,0,,,a,
ASN00014073,19971113,PRCP,0,,,a,
ASN00014073,19971114,PRCP,0,,,a,
ASN00014073,19971115,PRCP,0,,,a,
ASN00014073,19971116,PRCP,0,,,a,
ASN00014073,19971117,PRCP,0,,,a,
ASN00014073,19971118,PRCP,210,,,a,
ASN00014073,19971119,PRCP,0,,,a,
ASN00014073,19971120,PRCP,420,,,a,
ASN00014073,19971121,PRCP,0,,,a,
ASN00014073,19971122,PRCP,0,,,a,
ASN00014073,19971123,PRCP,200,,,a,
ASN00014073,19971124,PRCP,0,,,a,
ASN00014073,19971125,PRCP,0,,,a,
ASN00014073,19971126,PRCP,0,,,a,
ASN00014073,19971127,PRCP,0,,,a,
ASN00014073,19971128,PRCP,0,,,a,
ASN00014073,19971129,PRCP,210,,,a,
ASN00014073,19971130,PRCP,0,,,a,
ASN00014073,19971201,PRCP,0,,,a,
ASN00014073,19971202,PRCP,100,,,a,
ASN00014073,19971203,PRCP,0,,,a,
ASN00014073,19971204,PRCP,0,,,a,
ASN00014073,19971205,PRCP,150,,,a,
ASN00014073,19971206,PRCP,0,,,a,
ASN00014073,19971207,PRCP,0,,,a,
ASN00014073,19971208,PRCP,0,,,a,
ASN00014073,19971209,PRCP,0,,,a,
ASN00014073,19971210,PRCP,0,,,a,
ASN00014073,19971211,PRCP,0,,,a,
ASN00014073,19971212,PRCP,0,,,a,
ASN00014073,19971213,PRCP,0,,,a,
ASN00014073,19971214,PRCP,35,,,a,
ASN00014073,19971215,PRCP,0,,,a,
ASN00014073,19971216,PRCP,130,,,a,
ASN00014073,19971217,PRCP,170,,,a,
ASN00014073,19971218,PRCP,230,,,a,
ASN00014073,19971228,PRCP,0,,,a,
ASN00014073,19971229,PRCP,0,,,a,
ASN00014073,19971225,DAPR,7,,,a,
ASN00014073,19971227,DAPR,2,,,a,
ASN00014073,19971231,DAPR,2,,,a,
ASN00014073,19971225,DWPR,5,,,a,
ASN00014073,19971227,DWPR,2,,,a,
ASN00014073,19971231,DWPR,2,,,a,
ASN00014073,19971225,MDPR,1146,,,a,
ASN00014073,19971227,MDPR,154,,,a,
ASN00014073,19971231,MDPR,120,,,a,
ASN00014073,19980103,PRCP,50,,,a,
ASN00014073,19980104,PRCP,0,,,a,
ASN00014073,19980105,PRCP,0,,,a,
ASN00014073,19980106,PRCP,290,,,a,
ASN00014073,19980107,PRCP,45,,,a,
ASN00014073,19980108,PRCP,0,,,a,
ASN00014073,19980109,PRCP,165,,,a,
ASN00014073,19980110,PRCP,0,,,a,
ASN00014073,19980111,PRCP,0,,,a,
ASN00014073,19980112,PRCP,600,,,a,
ASN00014073,19980113,PRCP,128,,,a,
ASN00014073,19980114,PRCP,0,,,a,
ASN00014073,19980115,PRCP,104,,,a,
ASN00014073,19980116,PRCP,0,,,a,
ASN00014073,19980117,PRCP,30,,,a,
ASN00014073,19980118,PRCP,90,,,a,
ASN00014073,19980119,PRCP,0,,,a,
ASN00014073,19980120,PRCP,0,,,a,
ASN00014073,19980121,PRCP,185,,,a,
ASN00014073,19980122,PRCP,0,,,a,
ASN00014073,19980123,PRCP,0,,,a,
ASN00014073,19980124,PRCP,0,,,a,
ASN00014073,19980125,PRCP,0,,,a,
ASN00014073,19980126,PRCP,0,,,a,
ASN00014073,19980127,PRCP,2500,,,a,
ASN00014073,19980128,PRCP,920,,,a,
ASN00014073,19980131,PRCP,0,,,a,
ASN00014073,19980102,DAPR,2,,,a,
ASN00014073,19980130,DAPR,2,,,a,
ASN00014073,19980102,DWPR,2,,,a,
ASN00014073,19980130,DWPR,2,,,a,
ASN00014073,19980102,MDPR,842,,,a,
ASN00014073,19980130,MDPR,250,,,a,
ASN00014073,19980201,PRCP,0,,,a,
ASN00014073,19980202,PRCP,0,,,a,
ASN00014073,19980203,PRCP,0,,,a,
ASN00014073,19980204,PRCP,0,,,a,
ASN00014073,19980205,PRCP,0,,,a,
ASN00014073,19980215,PRCP,0,,,a,
ASN00014073,19980216,PRCP,0,,,a,
ASN00014073,19980217,PRCP,0,,,a,
ASN00014073,19980218,PRCP,0,,,a,
ASN00014073,19980219,PRCP,0,,,a,
ASN00014073,19980220,PRCP,0,,,a,
ASN00014073,19980221,PRCP,0,,,a,
ASN00014073,19980222,PRCP,0,,,a,
ASN00014073,19980223,PRCP,0,,,a,
ASN00014073,19980224,PRCP,0,,,a,
ASN00014073,19980225,PRCP,0,,,a,
ASN00014073,19980226,PRCP,0,,,a,
ASN00014073,19980227,PRCP,0,,,a,
ASN00014073,19980228,PRCP,300,,,a,
ASN00014073,19980209,DAPR,4,,,a,
ASN00014073,19980212,DAPR,3,,,a,
ASN00014073,19980214,DAPR,2,,,a,
ASN00014073,19980209,DWPR,4,,,a,
ASN00014073,19980212,DWPR,3,,,a,
ASN00014073,19980214,DWPR,2,,,a,
ASN00014073,19980209,MDPR,490,,,a,
ASN00014073,19980212,MDPR,340,,,a,
ASN00014073,19980214,MDPR,560,,,a,
ASN00014073,19980301,PRCP,430,,,a,
ASN00014073,19980302,PRCP,300,,,a,
ASN00014073,19980303,PRCP,200,,,a,
ASN00014073,19980304,PRCP,400,,,a,
ASN00014073,19980305,PRCP,34,,,a,
ASN00014073,19980306,PRCP,0,,,a,
ASN00014073,19980307,PRCP,0,,,a,
ASN00014073,19980308,PRCP,60,,,a,
ASN00014073,19980309,PRCP,0,,,a,
ASN00014073,19980310,PRCP,0,,,a,
ASN00014073,19980311,PRCP,0,,,a,
ASN00014073,19980312,PRCP,0,,,a,
ASN00014073,19980313,PRCP,0,,,a,
ASN00014073,19980314,PRCP,0,,,a,
ASN00014073,19980315,PRCP,168,,,a,
ASN00014073,19980316,PRCP,0,,,a,
ASN00014073,19980317,PRCP,0,,,a,
ASN00014073,19980318,PRCP,0,,,a,
ASN00014073,19980319,PRCP,0,,,a,
ASN00014073,19980320,PRCP,0,,,a,
ASN00014073,19980321,PRCP,0,,,a,
ASN00014073,19980322,PRCP,0,,,a,
ASN00014073,19980323,PRCP,0,,,a,
ASN00014073,19980324,PRCP,310,,,a,
ASN00014073,19980325,PRCP,0,,,a,
ASN00014073,19980326,PRCP,0,,,a,
ASN00014073,19980327,PRCP,0,,,a,
ASN00014073,19980328,PRCP,0,,,a,
ASN00014073,19980329,PRCP,0,,,a,
ASN00014073,19980330,PRCP,0,,,a,
ASN00014073,19980331,PRCP,0,,,a,
ASN00014073,19980401,PRCP,0,,,a,
ASN00014073,19980402,PRCP,0,,,a,
ASN00014073,19980403,PRCP,0,,,a,
ASN00014073,19980404,PRCP,0,,,a,
ASN00014073,19980405,PRCP,0,,,a,
ASN00014073,19980406,PRCP,0,,,a,
ASN00014073,19980407,PRCP,0,,,a,
ASN00014073,19980408,PRCP,0,,,a,
ASN00014073,19980409,PRCP,0,,,a,
ASN00014073,19980410,PRCP,0,,,a,
ASN00014073,19980411,PRCP,0,,,a,
ASN00014073,19980412,PRCP,0,,,a,
ASN00014073,19980413,PRCP,0,,,a,
ASN00014073,19980414,PRCP,0,,,a,
ASN00014073,19980415,PRCP,0,,,a,
ASN00014073,19980416,PRCP,0,,,a,
ASN00014073,19980417,PRCP,0,,,a,
ASN00014073,19980418,PRCP,0,,,a,
ASN00014073,19980419,PRCP,0,,,a,
ASN00014073,19980420,PRCP,0,,,a,
ASN00014073,19980421,PRCP,0,,,a,
ASN00014073,19980422,PRCP,0,,,a,
ASN00014073,19980423,PRCP,0,,,a,
ASN00014073,19980424,PRCP,0,,,a,
ASN00014073,19980425,PRCP,0,,,a,
ASN00014073,19980426,PRCP,0,,,a,
ASN00014073,19980427,PRCP,0,,,a,
ASN00014073,19980428,PRCP,0,,,a,
ASN00014073,19980429,PRCP,0,,,a,
ASN00014073,19980430,PRCP,0,,,a,
ASN00014073,19980501,PRCP,0,,,a,
ASN00014073,19980502,PRCP,0,,,a,
ASN00014073,19980503,PRCP,0,,,a,
ASN00014073,19980504,PRCP,0,,,a,
ASN00014073,19980505,PRCP,0,,,a,
ASN00014073,19980506,PRCP,0,,,a,
ASN00014073,19980507,PRCP,0,,,a,
ASN00014073,19980508,PRCP,0,,,a,
ASN00014073,19980509,PRCP,0,,,a,
ASN00014073,19980510,PRCP,0,,,a,
ASN00014073,19980511,PRCP,0,,,a,
ASN00014073,19980512,PRCP,0,,,a,
ASN00014073,19980513,PRCP,0,,,a,
ASN00014073,19980514,PRCP,0,,,a,
ASN00014073,19980515,PRCP,0,,,a,
ASN00014073,19980516,PRCP,0,,,a,
ASN00014073,19980517,PRCP,0,,,a,
ASN00014073,19980518,PRCP,0,,,a,
ASN00014073,19980519,PRCP,0,,,a,
ASN00014073,19980520,PRCP,0,,,a,
ASN00014073,19980521,PRCP,0,,,a,
ASN00014073,19980522,PRCP,0,,,a,
ASN00014073,19980523,PRCP,0,,,a,
ASN00014073,19980524,PRCP,0,,,a,
ASN00014073,19980525,PRCP,0,,,a,
ASN00014073,19980526,PRCP,0,,,a,
ASN00014073,19980527,PRCP,0,,,a,
ASN00014073,19980528,PRCP,0,,,a,
ASN00014073,19980529,PRCP,0,,,a,
ASN00014073,19980530,PRCP,0,,,a,
ASN00014073,19980531,PRCP,0,,,a,
ASN00014073,19980601,PRCP,0,,,a,
ASN00014073,19980602,PRCP,0,,,a,
ASN00014073,19980603,PRCP,0,,,a,
ASN00014073,19980604,PRCP,0,,,a,
ASN00014073,19980605,PRCP,0,,,a,
ASN00014073,19980606,PRCP,0,,,a,
ASN00014073,19980607,PRCP,0,,,a,
ASN00014073,19980608,PRCP,0,,,a,
ASN00014073,19980609,PRCP,0,,,a,
ASN00014073,19980610,PRCP,0,,,a,
ASN00014073,19980611,PRCP,0,,,a,
ASN00014073,19980612,PRCP,0,,,a,
ASN00014073,19980613,PRCP,0,,,a,
ASN00014073,19980614,PRCP,0,,,a,
ASN00014073,19980615,PRCP,0,,,a,
ASN00014073,19980616,PRCP,0,,,a,
ASN00014073,19980617,PRCP,0,,,a,
ASN00014073,19980618,PRCP,0,,,a,
ASN00014073,19980619,PRCP,0,,,a,
ASN00014073,19980620,PRCP,0,,,a,
ASN00014073,19980621,PRCP,0,,,a,
ASN00014073,19980622,PRCP,0,,,a,
ASN00014073,19980623,PRCP,0,,,a,
ASN00014073,19980624,PRCP,0,,,a,
ASN00014073,19980625,PRCP,0,,,a,
ASN00014073,19980626,PRCP,0,,,a,
ASN00014073,19980627,PRCP,0,,,a,
ASN00014073,19980628,PRCP,0,,,a,
ASN00014073,19980629,PRCP,0,,,a,
ASN00014073,19980630,PRCP,0,,,a,
ASN00014073,19980701,PRCP,0,,,a,
ASN00014073,19980702,PRCP,0,,,a,
ASN00014073,19980703,PRCP,0,,,a,
ASN00014073,19980704,PRCP,0,,,a,
ASN00014073,19980705,PRCP,0,,,a,
ASN00014073,19980706,PRCP,0,,,a,
ASN00014073,19980707,PRCP,0,,,a,
ASN00014073,19980708,PRCP,0,,,a,
ASN00014073,19980709,PRCP,0,,,a,
ASN00014073,19980710,PRCP,0,,,a,
ASN00014073,19980711,PRCP,0,,,a,
ASN00014073,19980712,PRCP,0,,,a,
ASN00014073,19980713,PRCP,0,,,a,
ASN00014073,19980714,PRCP,0,,,a,
ASN00014073,19980715,PRCP,0,,,a,
ASN00014073,19980716,PRCP,0,,,a,
ASN00014073,19980717,PRCP,0,,,a,
ASN00014073,19980718,PRCP,0,,,a,
ASN00014073,19980719,PRCP,0,,,a,
ASN00014073,19980720,PRCP,0,,,a,
ASN00014073,19980721,PRCP,0,,,a,
ASN00014073,19980722,PRCP,0,,,a,
ASN00014073,19980723,PRCP,0,,,a,
ASN00014073,19980724,PRCP,0,,,a,
ASN00014073,19980725,PRCP,0,,,a,
ASN00014073,19980726,PRCP,0,,,a,
ASN00014073,19980727,PRCP,0,,,a,
ASN00014073,19980728,PRCP,0,,,a,
ASN00014073,19980729,PRCP,0,,,a,
ASN00014073,19980730,PRCP,0,,,a,
ASN00014073,19980731,PRCP,0,,,a,
ASN00014073,19980801,PRCP,0,,,a,
ASN00014073,19980802,PRCP,0,,,a,
ASN00014073,19980803,PRCP,0,,,a,
ASN00014073,19980804,PRCP,0,,,a,
ASN00014073,19980805,PRCP,0,,,a,
ASN00014073,19980806,PRCP,0,,,a,
ASN00014073,19980807,PRCP,0,,,a,
ASN00014073,19980808,PRCP,0,,,a,
ASN00014073,19980809,PRCP,0,,,a,
ASN00014073,19980810,PRCP,0,,,a,
ASN00014073,19980811,PRCP,0,,,a,
ASN00014073,19980812,PRCP,0,,,a,
ASN00014073,19980813,PRCP,0,,,a,
ASN00014073,19980814,PRCP,0,,,a,
ASN00014073,19980815,PRCP,0,,,a,
ASN00014073,19980816,PRCP,0,,,a,
ASN00014073,19980817,PRCP,0,,,a,
ASN00014073,19980818,PRCP,0,,,a,
ASN00014073,19980819,PRCP,0,,,a,
ASN00014073,19980820,PRCP,0,,,a,
ASN00014073,19980821,PRCP,0,,,a,
ASN00014073,19980822,PRCP,0,,,a,
ASN00014073,19980823,PRCP,0,,,a,
ASN00014073,19980824,PRCP,0,,,a,
ASN00014073,19980825,PRCP,0,,,a,
ASN00014073,19980826,PRCP,0,,,a,
ASN00014073,19980827,PRCP,0,,,a,
ASN00014073,19980828,PRCP,0,,,a,
ASN00014073,19980829,PRCP,0,,,a,
ASN00014073,19980830,PRCP,0,,,a,
ASN00014073,19980831,PRCP,0,,,a,
ASN00014073,19980901,PRCP,0,,,a,
ASN00014073,19980902,PRCP,0,,,a,
ASN00014073,19980903,PRCP,0,,,a,
ASN00014073,19980904,PRCP,0,,,a,
ASN00014073,19980905,PRCP,0,,,a,
ASN00014073,19980906,PRCP,0,,,a,
ASN00014073,19980907,PRCP,0,,,a,
ASN00014073,19980908,PRCP,0,,,a,
ASN00014073,19980909,PRCP,0,,,a,
ASN00014073,19980910,PRCP,0,,,a,
ASN00014073,19980911,PRCP,0,,,a,
ASN00014073,19980912,PRCP,0,,,a,
ASN00014073,19980913,PRCP,0,,,a,
ASN00014073,19980914,PRCP,0,,,a,
ASN00014073,19980915,PRCP,0,,,a,
ASN00014073,19980916,PRCP,0,,,a,
ASN00014073,19980917,PRCP,0,,,a,
ASN00014073,19980918,PRCP,0,,,a,
ASN00014073,19980919,PRCP,0,,,a,
ASN00014073,19980920,PRCP,0,,,a,
ASN00014073,19980921,PRCP,0,,,a,
ASN00014073,19980922,PRCP,0,,,a,
ASN00014073,19980923,PRCP,20,,,a,
ASN00014073,19980924,PRCP,220,,,a,
ASN00014073,19980925,PRCP,0,,,a,
ASN00014073,19980926,PRCP,0,,,a,
ASN00014073,19980927,PRCP,0,,,a,
ASN00014073,19980928,PRCP,0,,,a,
ASN00014073,19980929,PRCP,0,,,a,
ASN00014073,19980930,PRCP,0,,,a,
ASN00014073,19981001,PRCP,0,,,a,
ASN00014073,19981002,PRCP,0,,,a,
ASN00014073,19981003,PRCP,0,,,a,
ASN00014073,19981004,PRCP,0,,,a,
ASN00014073,19981005,PRCP,0,,,a,
ASN00014073,19981006,PRCP,0,,,a,
ASN00014073,19981014,PRCP,0,,,a,
ASN00014073,19981015,PRCP,0,,,a,
ASN00014073,19981016,PRCP,160,,,a,
ASN00014073,19981017,PRCP,0,,,a,
ASN00014073,19981018,PRCP,0,,,a,
ASN00014073,19981019,PRCP,32,,,a,
ASN00014073,19981020,PRCP,250,,,a,
ASN00014073,19981021,PRCP,0,,,a,
ASN00014073,19981022,PRCP,0,,,a,
ASN00014073,19981023,PRCP,0,,,a,
ASN00014073,19981024,PRCP,0,,,a,
ASN00014073,19981025,PRCP,0,,,a,
ASN00014073,19981026,PRCP,0,,,a,
ASN00014073,19981013,DAPR,7,,,a,
ASN00014073,19981031,DAPR,5,,,a,
ASN00014073,19981013,DWPR,3,,,a,
ASN00014073,19981031,DWPR,3,,,a,
ASN00014073,19981013,MDPR,182,,,a,
ASN00014073,19981031,MDPR,300,,,a,
ASN00014073,19981118,PRCP,0,,,a,
ASN00014073,19981119,PRCP,0,,,a,
ASN00014073,19981120,PRCP,0,,,a,
ASN00014073,19981121,PRCP,0,,,a,
ASN00014073,19981122,PRCP,0,,,a,
ASN00014073,19981123,PRCP,0,,,a,
ASN00014073,19981124,PRCP,0,,,a,
ASN00014073,19981125,PRCP,0,,,a,
ASN00014073,19981129,PRCP,0,,,a,
ASN00014073,19981130,PRCP,620,,,a,
ASN00014073,19981117,DAPR,17,,,a,
ASN00014073,19981128,DAPR,3,,,a,
ASN00014073,19981117,DWPR,9,,,a,
ASN00014073,19981128,DWPR,3,,,a,
ASN00014073,19981117,MDPR,758,,,a,
ASN00014073,19981128,MDPR,664,,,a,
ASN00014073,19981215,DAPR,15,,,a,
ASN00014073,19981231,DAPR,16,,,a,
ASN00014073,19981215,DWPR,10,,,a,
ASN00014073,19981231,DWPR,12,,,a,
ASN00014073,19981215,MDPR,780,,,a,
ASN00014073,19981231,MDPR,900,,,a,
ASN00014073,19990101,PRCP,0,,,a,
ASN00014073,19990102,PRCP,0,,,a,
ASN00014073,19990103,PRCP,0,,,a,
ASN00014073,19990104,PRCP,0,,,a,
ASN00014073,19990105,PRCP,0,,,a,
ASN00014073,19990112,PRCP,400,,,a,
ASN00014073,19990113,PRCP,0,,,a,
ASN00014073,19990114,PRCP,0,,,a,
ASN00014073,19990115,PRCP,0,,,a,
ASN00014073,19990116,PRCP,0,,,a,
ASN00014073,19990117,PRCP,0,,,a,
ASN00014073,19990118,PRCP,0,,,a,
ASN00014073,19990119,PRCP,0,,,a,
ASN00014073,19990111,DAPR,6,,,a,
ASN00014073,19990131,DAPR,12,,,a,
ASN00014073,19990111,DWPR,6,,,a,
ASN00014073,19990131,DWPR,19,,,a,
ASN00014073,19990111,MDPR,600,,,a,
ASN00014073,19990131,MDPR,1100,,,a,
ASN00014073,19990217,PRCP,0,,,a,
ASN00014073,19990224,PRCP,0,,,a,
ASN00014073,19990216,DAPR,16,,,a,
ASN00014073,19990220,DAPR,3,,,a,
ASN00014073,19990223,DAPR,3,,,a,
ASN00014073,19990228,DAPR,4,,,a,
ASN00014073,19990216,DWPR,16,,,a,
ASN00014073,19990220,DWPR,3,,,a,
ASN00014073,19990223,DWPR,3,,,a,
ASN00014073,19990228,DWPR,4,,,a,
ASN00014073,19990216,MDPR,1200,,,a,
ASN00014073,19990220,MDPR,600,,,a,
ASN00014073,19990223,MDPR,750,,,a,
ASN00014073,19990228,MDPR,176,,,a,
ASN00014073,19990312,PRCP,0,,,a,
ASN00014073,19990313,PRCP,0,,,a,
ASN00014073,19990314,PRCP,0,,,a,
ASN00014073,19990311,DAPR,11,,,a,
ASN00014073,19990331,DAPR,17,,,a,
ASN00014073,19990311,DWPR,11,,,a,
ASN00014073,19990331,DWPR,17,,,a,
ASN00014073,19990311,MDPR,2600,,,a,
ASN00014073,19990331,MDPR,930,,,a,
ASN00014073,19990412,PRCP,0,,,a,
ASN00014073,19990413,PRCP,0,,,a,
ASN00014073,19990414,PRCP,0,,,a,
ASN00014073,19990415,PRCP,0,,,a,
ASN00014073,19990416,PRCP,0,,,a,
ASN00014073,19990417,PRCP,0,,,a,
ASN00014073,19990418,PRCP,0,,,a,
ASN00014073,19990419,PRCP,0,,,a,
ASN00014073,19990420,PRCP,0,,,a,
ASN00014073,19990421,PRCP,0,,,a,
ASN00014073,19990422,PRCP,0,,,a,
ASN00014073,19990423,PRCP,0,,,a,
ASN00014073,19990428,PRCP,0,,,a,
ASN00014073,19990429,PRCP,0,,,a,
ASN00014073,19990430,PRCP,0,,,a,
ASN00014073,19990411,DAPR,11,,,a,
ASN00014073,19990427,DAPR,4,,,a,
ASN00014073,19990411,DWPR,8,,,a,
ASN00014073,19990427,DWPR,4,,,a,
ASN00014073,19990411,MDPR,635,,,a,
ASN00014073,19990427,MDPR,780,,,a,
ASN00014073,19990501,PRCP,0,,,a,
ASN00014073,19990502,PRCP,0,,,a,
ASN00014073,19990503,PRCP,0,,,a,
ASN00014073,19990504,PRCP,0,,,a,
ASN00014073,19990505,PRCP,0,,,a,
ASN00014073,19990506,PRCP,0,,,a,
ASN00014073,19990507,PRCP,0,,,a,
ASN00014073,19990508,PRCP,0,,,a,
ASN00014073,19990509,PRCP,0,,,a,
ASN00014073,19990510,PRCP,0,,,a,
ASN00014073,19990511,PRCP,0,,,a,
ASN00014073,19990512,PRCP,0,,,a,
ASN00014073,19990513,PRCP,0,,,a,
ASN00014073,19990514,PRCP,0,,,a,
ASN00014073,19990515,PRCP,0,,,a,
ASN00014073,19990516,PRCP,0,,,a,
ASN00014073,19990517,PRCP,0,,,a,
ASN00014073,19990518,PRCP,0,,,a,
ASN00014073,19990519,PRCP,0,,,a,
ASN00014073,19990520,PRCP,0,,,a,
ASN00014073,19990521,PRCP,0,,,a,
ASN00014073,19990522,PRCP,0,,,a,
ASN00014073,19990523,PRCP,0,,,a,
ASN00014073,19990524,PRCP,0,,,a,
ASN00014073,19990525,PRCP,0,,,a,
ASN00014073,19990526,PRCP,0,,,a,
ASN00014073,19990527,PRCP,0,,,a,
ASN00014073,19990528,PRCP,0,,,a,
ASN00014073,19990529,PRCP,0,,,a,
ASN00014073,19990530,PRCP,0,,,a,
ASN00014073,19990531,PRCP,0,,,a,
ASN00014073,19990601,PRCP,0,,,a,
ASN00014073,19990602,PRCP,0,,,a,
ASN00014073,19990603,PRCP,0,,,a,
ASN00014073,19990604,PRCP,0,,,a,
ASN00014073,19990605,PRCP,0,,,a,
ASN00014073,19990606,PRCP,0,,,a,
ASN00014073,19990607,PRCP,0,,,a,
ASN00014073,19990608,PRCP,0,,,a,
ASN00014073,19990609,PRCP,0,,,a,
ASN00014073,19990610,PRCP,0,,,a,
ASN00014073,19990611,PRCP,0,,,a,
ASN00014073,19990612,PRCP,0,,,a,
ASN00014073,19990613,PRCP,0,,,a,
ASN00014073,19990614,PRCP,0,,,a,
ASN00014073,19990615,PRCP,0,,,a,
ASN00014073,19990616,PRCP,0,,,a,
ASN00014073,19990617,PRCP,0,,,a,
ASN00014073,19990618,PRCP,0,,,a,
ASN00014073,19990619,PRCP,0,,,a,
ASN00014073,19990620,PRCP,0,,,a,
ASN00014073,19990621,PRCP,0,,,a,
ASN00014073,19990622,PRCP,0,,,a,
ASN00014073,19990623,PRCP,0,,,a,
ASN00014073,19990624,PRCP,0,,,a,
ASN00014073,19990625,PRCP,0,,,a,
ASN00014073,19990626,PRCP,0,,,a,
ASN00014073,19990627,PRCP,0,,,a,
ASN00014073,19990628,PRCP,0,,,a,
ASN00014073,19990629,PRCP,0,,,a,
ASN00014073,19990630,PRCP,0,,,a,
ASN00014073,19990701,PRCP,0,,,a,
ASN00014073,19990702,PRCP,0,,,a,
ASN00014073,19990703,PRCP,0,,,a,
ASN00014073,19990704,PRCP,0,,,a,
ASN00014073,19990705,PRCP,0,,,a,
ASN00014073,19990706,PRCP,0,,,a,
ASN00014073,19990707,PRCP,0,,,a,
ASN00014073,19990708,PRCP,0,,,a,
ASN00014073,19990709,PRCP,0,,,a,
ASN00014073,19990710,PRCP,0,,,a,
ASN00014073,19990711,PRCP,0,,,a,
ASN00014073,19990712,PRCP,0,,,a,
ASN00014073,19990713,PRCP,0,,,a,
ASN00014073,19990714,PRCP,0,,,a,
ASN00014073,19990715,PRCP,0,,,a,
ASN00014073,19990716,PRCP,0,,,a,
ASN00014073,19990717,PRCP,0,,,a,
ASN00014073,19990718,PRCP,0,,,a,
ASN00014073,19990719,PRCP,0,,,a,
ASN00014073,19990720,PRCP,0,,,a,
ASN00014073,19990721,PRCP,0,,,a,
ASN00014073,19990722,PRCP,0,,,a,
ASN00014073,19990723,PRCP,0,,,a,
ASN00014073,19990724,PRCP,0,,,a,
ASN00014073,19990725,PRCP,0,,,a,
ASN00014073,19990726,PRCP,0,,,a,
ASN00014073,19990727,PRCP,0,,,a,
ASN00014073,19990728,PRCP,0,,,a,
ASN00014073,19990729,PRCP,0,,,a,
ASN00014073,19990730,PRCP,0,,,a,
ASN00014073,19990731,PRCP,0,,,a,
ASN00014073,19990801,PRCP,0,,,a,
ASN00014073,19990802,PRCP,0,,,a,
ASN00014073,19990803,PRCP,0,,,a,
ASN00014073,19990804,PRCP,0,,,a,
ASN00014073,19990805,PRCP,0,,,a,
ASN00014073,19990806,PRCP,0,,,a,
ASN00014073,19990807,PRCP,0,,,a,
ASN00014073,19990808,PRCP,0,,,a,
ASN00014073,19990809,PRCP,0,,,a,
ASN00014073,19990810,PRCP,0,,,a,
ASN00014073,19990811,PRCP,0,,,a,
ASN00014073,19990812,PRCP,0,,,a,
ASN00014073,19990813,PRCP,0,,,a,
ASN00014073,19990814,PRCP,0,,,a,
ASN00014073,19990815,PRCP,0,,,a,
ASN00014073,19990816,PRCP,0,,,a,
ASN00014073,19990817,PRCP,0,,,a,
ASN00014073,19990818,PRCP,0,,,a,
ASN00014073,19990819,PRCP,0,,,a,
ASN00014073,19990820,PRCP,0,,,a,
ASN00014073,19990821,PRCP,0,,,a,
ASN00014073,19990822,PRCP,0,,,a,
ASN00014073,19990823,PRCP,0,,,a,
ASN00014073,19990824,PRCP,0,,,a,
ASN00014073,19990825,PRCP,0,,,a,
ASN00014073,19990826,PRCP,0,,,a,
ASN00014073,19990827,PRCP,0,,,a,
ASN00014073,19990828,PRCP,0,,,a,
ASN00014073,19990829,PRCP,0,,,a,
ASN00014073,19990830,PRCP,0,,,a,
ASN00014073,19990831,PRCP,0,,,a,
ASN00014073,19991001,PRCP,0,,,a,
ASN00014073,19991002,PRCP,0,,,a,
ASN00014073,19991003,PRCP,0,,,a,
ASN00014073,19991004,PRCP,60,,,a,
ASN00014073,19991005,PRCP,0,,,a,
ASN00014073,19991006,PRCP,0,,,a,
ASN00014073,19991007,PRCP,0,,,a,
ASN00014073,19991008,PRCP,0,,,a,
ASN00014073,19991009,PRCP,0,,,a,
ASN00014073,19991010,PRCP,0,,,a,
ASN00014073,19991011,PRCP,20,,,a,
ASN00014073,19991012,PRCP,0,,,a,
ASN00014073,19991013,PRCP,0,,,a,
ASN00014073,19991014,PRCP,380,,,a,
ASN00014073,19991015,PRCP,0,,,a,
ASN00014073,19991016,PRCP,0,,,a,
ASN00014073,19991017,PRCP,0,,,a,
ASN00014073,19991018,PRCP,0,,,a,
ASN00014073,19991019,PRCP,160,,,a,
ASN00014073,19991020,PRCP,0,,,a,
ASN00014073,19991021,PRCP,0,,,a,
ASN00014073,19991022,PRCP,0,,,a,
ASN00014073,19991023,PRCP,0,,,a,
ASN00014073,19991024,PRCP,0,,,a,
ASN00014073,19991025,PRCP,0,,,a,
ASN00014073,19991026,PRCP,0,,,a,
ASN00014073,19991027,PRCP,80,,,a,
ASN00014073,19991028,PRCP,85,,,a,
ASN00014073,19991029,PRCP,0,,,a,
ASN00014073,19991030,PRCP,0,,,a,
ASN00014073,19991031,PRCP,400,,,a,
ASN00014073,19991101,PRCP,0,,,a,
ASN00014073,19991102,PRCP,540,,,a,
ASN00014073,19991103,PRCP,440,,,a,
ASN00014073,19991104,PRCP,0,,,a,
ASN00014073,19991105,PRCP,0,,,a,
ASN00014073,19991106,PRCP,0,,,a,
ASN00014073,19991107,PRCP,140,,,a,
ASN00014073,19991108,PRCP,0,,,a,
ASN00014073,19991109,PRCP,0,,,a,
ASN00014073,19991110,PRCP,0,,,a,
ASN00014073,19991111,PRCP,0,,,a,
ASN00014073,19991112,PRCP,0,,,a,
ASN00014073,19991113,PRCP,0,,,a,
ASN00014073,19991114,PRCP,0,,,a,
ASN00014073,19991115,PRCP,0,,,a,
ASN00014073,19991116,PRCP,0,,,a,
ASN00014073,19991117,PRCP,0,,,a,
ASN00014073,19991128,PRCP,0,,,a,
ASN00014073,19991129,PRCP,0,,,a,
ASN00014073,19991130,PRCP,0,,,a,
ASN00014073,19991127,DAPR,10,,,a,
ASN00014073,19991127,DWPR,9,,,a,
ASN00014073,19991127,MDPR,330,,,a,
ASN00014073,19991201,PRCP,0,,,a,
ASN00014073,19991202,PRCP,160,,,a,
ASN00014073,19991203,PRCP,0,,,a,
ASN00014073,19991204,PRCP,38,,,a,
ASN00014073,19991205,PRCP,0,,,a,
ASN00014073,19991206,PRCP,0,,,a,
ASN00014073,19991207,PRCP,0,,,a,
ASN00014073,19991208,PRCP,0,,,a,
ASN00014073,19991209,PRCP,0,,,a,
ASN00014073,19991210,PRCP,0,,,a,
ASN00014073,19991211,PRCP,0,,,a,
ASN00014073,19991212,PRCP,0,,,a,
ASN00014073,19991213,PRCP,0,,,a,
ASN00014073,19991214,PRCP,0,,,a,
ASN00014073,19991215,PRCP,0,,,a,
ASN00014073,19991216,PRCP,0,,,a,
ASN00014073,19991217,PRCP,0,,,a,
ASN00014073,19991218,PRCP,1000,,,a,
ASN00014073,19991219,PRCP,0,,,a,
ASN00014073,19991220,PRCP,240,,,a,
ASN00014073,19991221,PRCP,30,,,a,
ASN00014073,19991222,PRCP,820,,,a,
ASN00014073,19991230,PRCP,220,,,a,
ASN00014073,19991231,PRCP,0,,,a,
ASN00014073,19991225,DAPR,3,,,a,
ASN00014073,19991229,DAPR,4,,,a,
ASN00014073,19991225,DWPR,3,,,a,
ASN00014073,19991229,DWPR,4,,,a,
ASN00014073,19991225,MDPR,630,,,a,
ASN00014073,19991229,MDPR,1020,,,a,
ASN00014073,20000101,PRCP,0,,,a,
ASN00014073,20000102,PRCP,0,,,a,
ASN00014073,20000103,PRCP,20,,,a,
ASN00014073,20000104,PRCP,0,,,a,
ASN00014073,20000105,PRCP,0,,,a,
ASN00014073,20000106,PRCP,0,,,a,
ASN00014073,20000107,PRCP,0,,,a,
ASN00014073,20000108,PRCP,0,,,a,
ASN00014073,20000112,PRCP,0,,,a,
ASN00014073,20000113,PRCP,32,,,a,
ASN00014073,20000114,PRCP,0,,,a,
ASN00014073,20000115,PRCP,250,,,a,
ASN00014073,20000116,PRCP,0,,,a,
ASN00014073,20000117,PRCP,0,,,a,
ASN00014073,20000125,PRCP,0,,,a,
ASN00014073,20000126,PRCP,0,,,a,
ASN00014073,20000127,PRCP,0,,,a,
ASN00014073,20000131,PRCP,0,,,a,
ASN00014073,20000111,DAPR,3,,,a,
ASN00014073,20000124,DAPR,7,,,a,
ASN00014073,20000130,DAPR,3,,,a,
ASN00014073,20000111,DWPR,3,,,a,
ASN00014073,20000124,DWPR,7,,,a,
ASN00014073,20000130,DWPR,3,,,a,
ASN00014073,20000111,MDPR,200,,,a,
ASN00014073,20000124,MDPR,410,,,a,
ASN00014073,20000130,MDPR,500,,,a,
ASN00014073,20000201,PRCP,0,,,a,
ASN00014073,20000202,PRCP,0,,,a,
ASN00014073,20000203,PRCP,0,,,a,
ASN00014073,20000204,PRCP,0,,,a,
ASN00014073,20000205,PRCP,0,,,a,
ASN00014073,20000206,PRCP,0,,,a,
ASN00014073,20000207,PRCP,0,,,a,
ASN00014073,20000208,PRCP,200,,,a,
ASN00014073,20000209,PRCP,250,,,a,
ASN00014073,20000210,PRCP,0,,,a,
ASN00014073,20000211,PRCP,0,,,a,
ASN00014073,20000212,PRCP,0,,,a,
ASN00014073,20000213,PRCP,300,,,a,
ASN00014073,20000214,PRCP,330,,,a,
ASN00014073,20000215,PRCP,180,,,a,
ASN00014073,20000216,PRCP,0,,,a,
ASN00014073,20000217,PRCP,0,,,a,
ASN00014073,20000218,PRCP,0,,,a,
ASN00014073,20000219,PRCP,420,,,a,
ASN00014073,20000220,PRCP,0,,,a,
ASN00014073,20000221,PRCP,0,,,a,
ASN00014073,20000222,PRCP,0,,,a,
ASN00014073,20000223,PRCP,0,,,a,
ASN00014073,20000224,PRCP,0,,,a,
ASN00014073,20000225,PRCP,0,,,a,
ASN00014073,20000226,PRCP,0,,,a,
ASN00014073,20000227,PRCP,0,,,a,
ASN00014073,20000228,PRCP,0,,,a,
ASN00014073,20000229,PRCP,0,,,a,
ASN00014073,20000301,PRCP,500,,,a,
ASN00014073,20000302,PRCP,500,,,a,
ASN00014073,20000303,PRCP,100,,,a,
ASN00014073,20000304,PRCP,420,,,a,
ASN00014073,20000305,PRCP,0,,,a,
ASN00014073,20000306,PRCP,375,,,a,
ASN00014073,20000307,PRCP,200,,,a,
ASN00014073,20000308,PRCP,0,,,a,
ASN00014073,20000309,PRCP,0,,,a,
ASN00014073,20000310,PRCP,0,,,a,
ASN00014073,20000311,PRCP,154,,,a,
ASN00014073,20000312,PRCP,1060,,,a,
ASN00014073,20000313,PRCP,150,,,a,
ASN00014073,20000314,PRCP,600,,,a,
ASN00014073,20000315,PRCP,270,,,a,
ASN00014073,20000331,DAPR,16,,,a,
ASN00014073,20000331,DWPR,16,,,a,
ASN00014073,20000331,MDPR,132,,,a,
ASN00014073,20000401,PRCP,0,,,a,
ASN00014073,20000402,PRCP,0,,,a,
ASN00014073,20000403,PRCP,0,,,a,
ASN00014073,20000404,PRCP,0,,,a,
ASN00014073,20000405,PRCP,0,,,a,
ASN00014073,20000406,PRCP,0,,,a,
ASN00014073,20000407,PRCP,0,,,a,
ASN00014073,20000408,PRCP,0,,,a,
ASN00014073,20000409,PRCP,0,,,a,
ASN00014073,20000410,PRCP,0,,,a,
ASN00014073,20000411,PRCP,0,,,a,
ASN00014073,20000412,PRCP,0,,,a,
ASN00014073,20000413,PRCP,0,,,a,
ASN00014073,20000414,PRCP,0,,,a,
ASN00014073,20000415,PRCP,0,,,a,
ASN00014073,20000416,PRCP,0,,,a,
ASN00014073,20000417,PRCP,0,,,a,
ASN00014073,20000418,PRCP,0,,,a,
ASN00014073,20000419,PRCP,0,,,a,
ASN00014073,20000420,PRCP,0,,,a,
ASN00014073,20000421,PRCP,0,,,a,
ASN00014073,20000422,PRCP,0,,,a,
ASN00014073,20000423,PRCP,0,,,a,
ASN00014073,20000424,PRCP,0,,,a,
ASN00014073,20000425,PRCP,0,,,a,
ASN00014073,20000426,PRCP,0,,,a,
ASN00014073,20000427,PRCP,0,,,a,
ASN00014073,20000428,PRCP,0,,,a,
ASN00014073,20000429,PRCP,0,,,a,
ASN00014073,20000430,PRCP,0,,,a,
ASN00014073,20000501,PRCP,0,,,a,
ASN00014073,20000502,PRCP,0,,,a,
ASN00014073,20000503,PRCP,0,,,a,
ASN00014073,20000504,PRCP,0,,,a,
ASN00014073,20000505,PRCP,0,,,a,
ASN00014073,20000506,PRCP,0,,,a,
ASN00014073,20000507,PRCP,0,,,a,
ASN00014073,20000508,PRCP,0,,,a,
ASN00014073,20000509,PRCP,0,,,a,
ASN00014073,20000510,PRCP,0,,,a,
ASN00014073,20000511,PRCP,0,,,a,
ASN00014073,20000512,PRCP,0,,,a,
ASN00014073,20000513,PRCP,0,,,a,
ASN00014073,20000514,PRCP,0,,,a,
ASN00014073,20000515,PRCP,0,,,a,
ASN00014073,20000516,PRCP,0,,,a,
ASN00014073,20000517,PRCP,0,,,a,
ASN00014073,20000518,PRCP,0,,,a,
ASN00014073,20000519,PRCP,0,,,a,
ASN00014073,20000520,PRCP,0,,,a,
ASN00014073,20000521,PRCP,0,,,a,
ASN00014073,20000522,PRCP,0,,,a,
ASN00014073,20000523,PRCP,0,,,a,
ASN00014073,20000524,PRCP,150,,,a,
ASN00014073,20000525,PRCP,0,,,a,
ASN00014073,20000526,PRCP,0,,,a,
ASN00014073,20000527,PRCP,0,,,a,
ASN00014073,20000528,PRCP,0,,,a,
ASN00014073,20000529,PRCP,0,,,a,
ASN00014073,20000530,PRCP,0,,,a,
ASN00014073,20000531,PRCP,0,,,a,
ASN00014073,20000601,PRCP,0,,,a,
ASN00014073,20000602,PRCP,0,,,a,
ASN00014073,20000603,PRCP,0,,,a,
ASN00014073,20000604,PRCP,0,,,a,
ASN00014073,20000605,PRCP,0,,,a,
ASN00014073,20000606,PRCP,0,,,a,
ASN00014073,20000607,PRCP,0,,,a,
ASN00014073,20000608,PRCP,0,,,a,
ASN00014073,20000609,PRCP,0,,,a,
ASN00014073,20000610,PRCP,0,,,a,
ASN00014073,20000611,PRCP,0,,,a,
ASN00014073,20000612,PRCP,0,,,a,
ASN00014073,20000613,PRCP,0,,,a,
ASN00014073,20000614,PRCP,0,,,a,
ASN00014073,20000615,PRCP,0,,,a,
ASN00014073,20000616,PRCP,0,,,a,
ASN00014073,20000617,PRCP,0,,,a,
ASN00014073,20000618,PRCP,0,,,a,
ASN00014073,20000619,PRCP,0,,,a,
ASN00014073,20000620,PRCP,0,,,a,
ASN00014073,20000621,PRCP,0,,,a,
ASN00014073,20000622,PRCP,0,,,a,
ASN00014073,20000623,PRCP,0,,,a,
ASN00014073,20000624,PRCP,0,,,a,
ASN00014073,20000625,PRCP,0,,,a,
ASN00014073,20000626,PRCP,0,,,a,
ASN00014073,20000627,PRCP,0,,,a,
ASN00014073,20000628,PRCP,0,,,a,
ASN00014073,20000629,PRCP,0,,,a,
ASN00014073,20000630,PRCP,0,,,a,
ASN00014073,20000701,PRCP,0,,,a,
ASN00014073,20000702,PRCP,0,,,a,
ASN00014073,20000703,PRCP,0,,,a,
ASN00014073,20000704,PRCP,0,,,a,
ASN00014073,20000705,PRCP,0,,,a,
ASN00014073,20000706,PRCP,0,,,a,
ASN00014073,20000707,PRCP,0,,,a,
ASN00014073,20000708,PRCP,0,,,a,
ASN00014073,20000709,PRCP,0,,,a,
ASN00014073,20000710,PRCP,0,,,a,
ASN00014073,20000711,PRCP,0,,,a,
ASN00014073,20000712,PRCP,0,,,a,
ASN00014073,20000713,PRCP,0,,,a,
ASN00014073,20000714,PRCP,0,,,a,
ASN00014073,20000715,PRCP,0,,,a,
ASN00014073,20000716,PRCP,0,,,a,
ASN00014073,20000717,PRCP,0,,,a,
ASN00014073,20000718,PRCP,0,,,a,
ASN00014073,20000719,PRCP,0,,,a,
ASN00014073,20000720,PRCP,0,,,a,
ASN00014073,20000721,PRCP,0,,,a,
ASN00014073,20000722,PRCP,0,,,a,
ASN00014073,20000723,PRCP,0,,,a,
ASN00014073,20000724,PRCP,0,,,a,
ASN00014073,20000725,PRCP,0,,,a,
ASN00014073,20000726,PRCP,0,,,a,
ASN00014073,20000727,PRCP,0,,,a,
ASN00014073,20000728,PRCP,0,,,a,
ASN00014073,20000729,PRCP,0,,,a,
ASN00014073,20000730,PRCP,0,,,a,
ASN00014073,20000731,PRCP,0,,,a,
ASN00014073,20000801,PRCP,0,,,a,
ASN00014073,20000802,PRCP,0,,,a,
ASN00014073,20000803,PRCP,0,,,a,
ASN00014073,20000804,PRCP,0,,,a,
ASN00014073,20000805,PRCP,0,,,a,
ASN00014073,20000806,PRCP,0,,,a,
ASN00014073,20000807,PRCP,0,,,a,
ASN00014073,20000808,PRCP,0,,,a,
ASN00014073,20000809,PRCP,0,,,a,
ASN00014073,20000810,PRCP,0,,,a,
ASN00014073,20000811,PRCP,0,,,a,
ASN00014073,20000812,PRCP,0,,,a,
ASN00014073,20000813,PRCP,0,,,a,
ASN00014073,20000814,PRCP,0,,,a,
ASN00014073,20000815,PRCP,0,,,a,
ASN00014073,20000816,PRCP,0,,,a,
ASN00014073,20000817,PRCP,0,,,a,
ASN00014073,20000818,PRCP,0,,,a,
ASN00014073,20000819,PRCP,0,,,a,
ASN00014073,20000820,PRCP,0,,,a,
ASN00014073,20000821,PRCP,0,,,a,
ASN00014073,20000822,PRCP,0,,,a,
ASN00014073,20000823,PRCP,0,,,a,
ASN00014073,20000824,PRCP,0,,,a,
ASN00014073,20000825,PRCP,0,,,a,
ASN00014073,20000826,PRCP,0,,,a,
ASN00014073,20000827,PRCP,0,,,a,
ASN00014073,20000828,PRCP,0,,,a,
ASN00014073,20000829,PRCP,0,,,a,
ASN00014073,20000830,PRCP,0,,,a,
ASN00014073,20000831,PRCP,0,,,a,
ASN00014073,20000901,PRCP,0,,,a,
ASN00014073,20000902,PRCP,0,,,a,
ASN00014073,20000903,PRCP,0,,,a,
ASN00014073,20000904,PRCP,0,,,a,
ASN00014073,20000905,PRCP,0,,,a,
ASN00014073,20000906,PRCP,0,,,a,
ASN00014073,20000907,PRCP,0,,,a,
ASN00014073,20000908,PRCP,0,,,a,
ASN00014073,20000909,PRCP,0,,,a,
ASN00014073,20000910,PRCP,0,,,a,
ASN00014073,20000911,PRCP,0,,,a,
ASN00014073,20000912,PRCP,0,,,a,
ASN00014073,20000913,PRCP,0,,,a,
ASN00014073,20000914,PRCP,0,,,a,
ASN00014073,20000915,PRCP,0,,,a,
ASN00014073,20000916,PRCP,0,,,a,
ASN00014073,20000917,PRCP,0,,,a,
ASN00014073,20000918,PRCP,0,,,a,
ASN00014073,20000919,PRCP,0,,,a,
ASN00014073,20000920,PRCP,0,,,a,
ASN00014073,20000921,PRCP,0,,,a,
ASN00014073,20000922,PRCP,0,,,a,
ASN00014073,20000923,PRCP,0,,,a,
ASN00014073,20000924,PRCP,0,,,a,
ASN00014073,20000925,PRCP,0,,,a,
ASN00014073,20000926,PRCP,0,,,a,
ASN00014073,20000927,PRCP,0,,,a,
ASN00014073,20000928,PRCP,0,,,a,
ASN00014073,20000929,PRCP,0,,,a,
ASN00014073,20000930,PRCP,0,,,a,
ASN00014073,20001001,PRCP,0,,,a,
ASN00014073,20001002,PRCP,0,,,a,
ASN00014073,20001003,PRCP,0,,,a,
ASN00014073,20001004,PRCP,0,,,a,
ASN00014073,20001005,PRCP,0,,,a,
ASN00014073,20001006,PRCP,0,,,a,
ASN00014073,20001007,PRCP,0,,,a,
ASN00014073,20001008,PRCP,38,,,a,
ASN00014073,20001009,PRCP,0,,,a,
ASN00014073,20001010,PRCP,0,,,a,
ASN00014073,20001011,PRCP,30,,,a,
ASN00014073,20001012,PRCP,0,,,a,
ASN00014073,20001013,PRCP,0,,,a,
ASN00014073,20001014,PRCP,0,,,a,
ASN00014073,20001015,PRCP,0,,,a,
ASN00014073,20001016,PRCP,0,,,a,
ASN00014073,20001017,PRCP,0,,,a,
ASN00014073,20001018,PRCP,0,,,a,
ASN00014073,20001019,PRCP,32,,,a,
ASN00014073,20001020,PRCP,350,,,a,
ASN00014073,20001021,PRCP,0,,,a,
ASN00014073,20001022,PRCP,0,,,a,
ASN00014073,20001023,PRCP,0,,,a,
ASN00014073,20001024,PRCP,0,,,a,
ASN00014073,20001025,PRCP,0,,,a,
ASN00014073,20001026,PRCP,0,,,a,
ASN00014073,20001027,PRCP,0,,,a,
ASN00014073,20001028,PRCP,0,,,a,
ASN00014073,20001029,PRCP,0,,,a,
ASN00014073,20001030,PRCP,350,,,a,
ASN00014073,20001031,PRCP,0,,,a,
ASN00014073,20001101,PRCP,0,,,a,
ASN00014073,20001102,PRCP,0,,,a,
ASN00014073,20001103,PRCP,0,,,a,
ASN00014073,20001104,PRCP,0,,,a,
ASN00014073,20001105,PRCP,0,,,a,
ASN00014073,20001106,PRCP,0,,,a,
ASN00014073,20001107,PRCP,0,,,a,
ASN00014073,20001108,PRCP,0,,,a,
ASN00014073,20001109,PRCP,0,,,a,
ASN00014073,20001110,PRCP,0,,,a,
ASN00014073,20001111,PRCP,0,,,a,
ASN00014073,20001112,PRCP,0,,,a,
ASN00014073,20001113,PRCP,0,,,a,
ASN00014073,20001114,PRCP,224,,,a,
ASN00014073,20001115,PRCP,0,,,a,
ASN00014073,20001116,PRCP,0,,,a,
ASN00014073,20001117,PRCP,500,,,a,
ASN00014073,20001118,PRCP,0,,,a,
ASN00014073,20001119,PRCP,0,,,a,
ASN00014073,20001120,PRCP,0,,,a,
ASN00014073,20001121,PRCP,0,,,a,
ASN00014073,20001122,PRCP,0,,,a,
ASN00014073,20001123,PRCP,0,,,a,
ASN00014073,20001124,PRCP,0,,,a,
ASN00014073,20001125,PRCP,0,,,a,
ASN00014073,20001126,PRCP,0,,,a,
ASN00014073,20001127,PRCP,0,,,a,
ASN00014073,20001128,PRCP,0,,,a,
ASN00014073,20001129,PRCP,0,,,a,
ASN00014073,20001130,PRCP,0,,,a,
ASN00014073,20001201,PRCP,0,,,a,
ASN00014073,20001211,PRCP,0,,,a,
ASN00014073,20001212,PRCP,0,,,a,
ASN00014073,20001213,PRCP,0,,,a,
ASN00014073,20001214,PRCP,0,,,a,
ASN00014073,20001215,PRCP,0,,,a,
ASN00014073,20001216,PRCP,0,,,a,
ASN00014073,20001217,PRCP,0,,,a,
ASN00014073,20001218,PRCP,0,,,a,
ASN00014073,20001219,PRCP,0,,,a,
ASN00014073,20001220,PRCP,0,,,a,
ASN00014073,20001221,PRCP,0,,,a,
ASN00014073,20001222,PRCP,0,,,a,
ASN00014073,20001223,PRCP,0,,,a,
ASN00014073,20001224,PRCP,0,,,a,
ASN00014073,20001225,PRCP,0,,,a,
ASN00014073,20001226,PRCP,0,,,a,
ASN00014073,20001227,PRCP,0,,,a,
ASN00014073,20001228,PRCP,0,,,a,
ASN00014073,20001229,PRCP,0,,,a,
ASN00014073,20001230,PRCP,0,,,a,
ASN00014073,20001231,PRCP,0,,,a,
ASN00014073,20001206,DAPR,5,,,a,
ASN00014073,20001210,DAPR,4,,,a,
ASN00014073,20001206,DWPR,5,,,a,
ASN00014073,20001210,DWPR,4,,,a,
ASN00014073,20001206,MDPR,2500,,,a,
ASN00014073,20001210,MDPR,315,,,a,
ASN00014073,20010101,PRCP,0,,,a,
ASN00014073,20010102,PRCP,0,,,a,
ASN00014073,20010103,PRCP,0,,,a,
ASN00014073,20010104,PRCP,0,,,a,
ASN00014073,20010105,PRCP,0,,,a,
ASN00014073,20010106,PRCP,0,,,a,
ASN00014073,20010107,PRCP,0,,,a,
ASN00014073,20010108,PRCP,0,,,a,
ASN00014073,20010109,PRCP,0,,,a,
ASN00014073,20010116,PRCP,0,,,a,
ASN00014073,20010117,PRCP,0,,,a,
ASN00014073,20010118,PRCP,0,,,a,
ASN00014073,20010119,PRCP,0,,,a,
ASN00014073,20010120,PRCP,0,,,a,
ASN00014073,20010121,PRCP,0,,,a,
ASN00014073,20010122,PRCP,0,,,a,
ASN00014073,20010123,PRCP,630,,,a,
ASN00014073,20010124,PRCP,0,,,a,
ASN00014073,20010125,PRCP,0,,,a,
ASN00014073,20010126,PRCP,0,,,a,
ASN00014073,20010127,PRCP,0,,,a,
ASN00014073,20010128,PRCP,0,,,a,
ASN00014073,20010129,PRCP,0,,,a,
ASN00014073,20010130,PRCP,0,,,a,
ASN00014073,20010131,PRCP,0,,,a,
ASN00014073,20010115,DAPR,6,,,a,
ASN00014073,20010115,DWPR,6,,,a,
ASN00014073,20010115,MDPR,2500,,,a,
ASN00014073,20010212,PRCP,0,,,a,
ASN00014073,20010213,PRCP,0,,,a,
ASN00014073,20010214,PRCP,0,,,a,
ASN00014073,20010215,PRCP,0,,,a,
ASN00014073,20010216,PRCP,0,,,a,
ASN00014073,20010217,PRCP,0,,,a,
ASN00014073,20010218,PRCP,0,,,a,
ASN00014073,20010219,PRCP,0,,,a,
ASN00014073,20010220,PRCP,0,,,a,
ASN00014073,20010221,PRCP,0,,,a,
ASN00014073,20010222,PRCP,0,,,a,
ASN00014073,20010223,PRCP,0,,,a,
ASN00014073,20010224,PRCP,0,,,a,
ASN00014073,20010225,PRCP,0,,,a,
ASN00014073,20010226,PRCP,0,,,a,
ASN00014073,20010227,PRCP,0,,,a,
ASN00014073,20010228,PRCP,0,,,a,
ASN00014073,20010211,DAPR,11,,,a,
ASN00014073,20010211,DWPR,11,,,a,
ASN00014073,20010211,MDPR,2500,,,a,
ASN00014073,20010404,PRCP,0,,,a,
ASN00014073,20010405,PRCP,0,,,a,
ASN00014073,20010406,PRCP,0,,,a,
ASN00014073,20010407,PRCP,0,,,a,
ASN00014073,20010408,PRCP,0,,,a,
ASN00014073,20010409,PRCP,0,,,a,
ASN00014073,20010410,PRCP,0,,,a,
ASN00014073,20010411,PRCP,0,,,a,
ASN00014073,20010412,PRCP,0,,,a,
ASN00014073,20010413,PRCP,0,,,a,
ASN00014073,20010414,PRCP,0,,,a,
ASN00014073,20010415,PRCP,0,,,a,
ASN00014073,20010416,PRCP,0,,,a,
ASN00014073,20010417,PRCP,0,,,a,
ASN00014073,20010418,PRCP,0,,,a,
ASN00014073,20010419,PRCP,0,,,a,
ASN00014073,20010420,PRCP,0,,,a,
ASN00014073,20010421,PRCP,0,,,a,
ASN00014073,20010422,PRCP,0,,,a,
ASN00014073,20010423,PRCP,0,,,a,
ASN00014073,20010424,PRCP,0,,,a,
ASN00014073,20010425,PRCP,0,,,a,
ASN00014073,20010426,PRCP,0,,,a,
ASN00014073,20010427,PRCP,0,,,a,
ASN00014073,20010428,PRCP,0,,,a,
ASN00014073,20010429,PRCP,0,,,a,
ASN00014073,20010430,PRCP,0,,,a,
ASN00014073,20010403,DAPR,3,,,a,
ASN00014073,20010403,DWPR,3,,,a,
ASN00014073,20010403,MDPR,230,,,a,
ASN00014073,20010501,PRCP,0,,,a,
ASN00014073,20010502,PRCP,0,,,a,
ASN00014073,20010503,PRCP,0,,,a,
ASN00014073,20010504,PRCP,0,,,a,
ASN00014073,20010505,PRCP,0,,,a,
ASN00014073,20010506,PRCP,0,,,a,
ASN00014073,20010507,PRCP,0,,,a,
ASN00014073,20010508,PRCP,0,,,a,
ASN00014073,20010509,PRCP,0,,,a,
ASN00014073,20010510,PRCP,0,,,a,
ASN00014073,20010511,PRCP,0,,,a,
ASN00014073,20010512,PRCP,0,,,a,
ASN00014073,20010513,PRCP,0,,,a,
ASN00014073,20010514,PRCP,0,,,a,
ASN00014073,20010515,PRCP,0,,,a,
ASN00014073,20010516,PRCP,0,,,a,
ASN00014073,20010517,PRCP,0,,,a,
ASN00014073,20010518,PRCP,0,,,a,
ASN00014073,20010519,PRCP,0,,,a,
ASN00014073,20010520,PRCP,0,,,a,
ASN00014073,20010521,PRCP,0,,,a,
ASN00014073,20010522,PRCP,0,,,a,
ASN00014073,20010523,PRCP,0,,,a,
ASN00014073,20010524,PRCP,0,,,a,
ASN00014073,20010525,PRCP,0,,,a,
ASN00014073,20010526,PRCP,0,,,a,
ASN00014073,20010527,PRCP,0,,,a,
ASN00014073,20010528,PRCP,0,,,a,
ASN00014073,20010529,PRCP,0,,,a,
ASN00014073,20010530,PRCP,0,,,a,
ASN00014073,20010531,PRCP,0,,,a,
ASN00014073,20010601,PRCP,0,,,a,
ASN00014073,20010602,PRCP,0,,,a,
ASN00014073,20010603,PRCP,0,,,a,
ASN00014073,20010604,PRCP,0,,,a,
ASN00014073,20010605,PRCP,0,,,a,
ASN00014073,20010606,PRCP,0,,,a,
ASN00014073,20010607,PRCP,0,,,a,
ASN00014073,20010608,PRCP,0,,,a,
ASN00014073,20010609,PRCP,0,,,a,
ASN00014073,20010610,PRCP,0,,,a,
ASN00014073,20010611,PRCP,0,,,a,
ASN00014073,20010612,PRCP,0,,,a,
ASN00014073,20010613,PRCP,0,,,a,
ASN00014073,20010614,PRCP,0,,,a,
ASN00014073,20010615,PRCP,0,,,a,
ASN00014073,20010616,PRCP,0,,,a,
ASN00014073,20010617,PRCP,0,,,a,
ASN00014073,20010618,PRCP,0,,,a,
ASN00014073,20010619,PRCP,0,,,a,
ASN00014073,20010620,PRCP,0,,,a,
ASN00014073,20010621,PRCP,0,,,a,
ASN00014073,20010622,PRCP,0,,,a,
ASN00014073,20010623,PRCP,0,,,a,
ASN00014073,20010624,PRCP,0,,,a,
ASN00014073,20010625,PRCP,0,,,a,
ASN00014073,20010626,PRCP,0,,,a,
ASN00014073,20010627,PRCP,0,,,a,
ASN00014073,20010628,PRCP,0,,,a,
ASN00014073,20010629,PRCP,0,,,a,
ASN00014073,20010630,PRCP,0,,,a,
ASN00014073,20010701,PRCP,0,,,a,
ASN00014073,20010702,PRCP,0,,,a,
ASN00014073,20010703,PRCP,0,,,a,
ASN00014073,20010704,PRCP,0,,,a,
ASN00014073,20010705,PRCP,0,,,a,
ASN00014073,20010706,PRCP,0,,,a,
ASN00014073,20010707,PRCP,0,,,a,
ASN00014073,20010708,PRCP,0,,,a,
ASN00014073,20010709,PRCP,0,,,a,
ASN00014073,20010710,PRCP,0,,,a,
ASN00014073,20010711,PRCP,0,,,a,
ASN00014073,20010712,PRCP,0,,,a,
ASN00014073,20010713,PRCP,0,,,a,
ASN00014073,20010714,PRCP,0,,,a,
ASN00014073,20010715,PRCP,0,,,a,
ASN00014073,20010716,PRCP,0,,,a,
ASN00014073,20010717,PRCP,0,,,a,
ASN00014073,20010718,PRCP,0,,,a,
ASN00014073,20010719,PRCP,0,,,a,
ASN00014073,20010720,PRCP,0,,,a,
ASN00014073,20010721,PRCP,0,,,a,
ASN00014073,20010722,PRCP,0,,,a,
ASN00014073,20010723,PRCP,0,,,a,
ASN00014073,20010724,PRCP,0,,,a,
ASN00014073,20010725,PRCP,0,,,a,
ASN00014073,20010726,PRCP,0,,,a,
ASN00014073,20010727,PRCP,0,,,a,
ASN00014073,20010728,PRCP,0,,,a,
ASN00014073,20010729,PRCP,0,,,a,
ASN00014073,20010730,PRCP,0,,,a,
ASN00014073,20010731,PRCP,0,,,a,
ASN00014073,20010801,PRCP,0,,,a,
ASN00014073,20010802,PRCP,0,,,a,
ASN00014073,20010803,PRCP,0,,,a,
ASN00014073,20010804,PRCP,0,,,a,
ASN00014073,20010805,PRCP,0,,,a,
ASN00014073,20010806,PRCP,0,,,a,
ASN00014073,20010807,PRCP,0,,,a,
ASN00014073,20010808,PRCP,0,,,a,
ASN00014073,20010809,PRCP,0,,,a,
ASN00014073,20010810,PRCP,0,,,a,
ASN00014073,20010811,PRCP,0,,,a,
ASN00014073,20010812,PRCP,0,,,a,
ASN00014073,20010813,PRCP,0,,,a,
ASN00014073,20010814,PRCP,0,,,a,
ASN00014073,20010815,PRCP,0,,,a,
ASN00014073,20010816,PRCP,0,,,a,
ASN00014073,20010817,PRCP,0,,,a,
ASN00014073,20010818,PRCP,0,,,a,
ASN00014073,20010819,PRCP,0,,,a,
ASN00014073,20010820,PRCP,0,,,a,
ASN00014073,20010821,PRCP,0,,,a,
ASN00014073,20010822,PRCP,0,,,a,
ASN00014073,20010823,PRCP,0,,,a,
ASN00014073,20010824,PRCP,0,,,a,
ASN00014073,20010825,PRCP,0,,,a,
ASN00014073,20010826,PRCP,0,,,a,
ASN00014073,20010827,PRCP,0,,,a,
ASN00014073,20010828,PRCP,0,,,a,
ASN00014073,20010829,PRCP,0,,,a,
ASN00014073,20010830,PRCP,0,,,a,
ASN00014073,20010831,PRCP,0,,,a,
ASN00014073,20011001,PRCP,0,,,a,
ASN00014073,20011002,PRCP,0,,,a,
ASN00014073,20011003,PRCP,0,,,a,
ASN00014073,20011004,PRCP,0,,,a,
ASN00014073,20011005,PRCP,0,,,a,
ASN00014073,20011006,PRCP,20,,,a,
ASN00014073,20011007,PRCP,0,,,a,
ASN00014073,20011008,PRCP,0,,,a,
ASN00014073,20011009,PRCP,0,,,a,
ASN00014073,20011010,PRCP,0,,,a,
ASN00014073,20011011,PRCP,0,,,a,
ASN00014073,20011012,PRCP,174,,,a,
ASN00014073,20011013,PRCP,0,,,a,
ASN00014073,20011014,PRCP,0,,,a,
ASN00014073,20011015,PRCP,44,,,a,
ASN00014073,20011016,PRCP,0,,,a,
ASN00014073,20011017,PRCP,0,,,a,
ASN00014073,20011018,PRCP,0,,,a,
ASN00014073,20011019,PRCP,0,,,a,
ASN00014073,20011020,PRCP,0,,,a,
ASN00014073,20011021,PRCP,0,,,a,
ASN00014073,20011022,PRCP,235,,,a,
ASN00014073,20011023,PRCP,0,,,a,
ASN00014073,20011024,PRCP,0,,,a,
ASN00014073,20011025,PRCP,0,,,a,
ASN00014073,20011026,PRCP,0,,,a,
ASN00014073,20011027,PRCP,0,,,a,
ASN00014073,20011028,PRCP,0,,,a,
ASN00014073,20011029,PRCP,60,,,a,
ASN00014073,20011030,PRCP,0,,,a,
ASN00014073,20011031,PRCP,0,,,a,
ASN00014073,20011101,PRCP,0,,,a,
ASN00014073,20011102,PRCP,0,,,a,
ASN00014073,20011103,PRCP,0,,,a,
ASN00014073,20011104,PRCP,6,,,a,
ASN00014073,20011105,PRCP,0,,,a,
ASN00014073,20011106,PRCP,0,,,a,
ASN00014073,20011107,PRCP,42,,,a,
ASN00014073,20011108,PRCP,152,,,a,
ASN00014073,20011109,PRCP,0,,,a,
ASN00014073,20011110,PRCP,100,,,a,
ASN00014073,20011111,PRCP,90,,,a,
ASN00014073,20011112,PRCP,0,,,a,
ASN00014073,20011113,PRCP,312,,,a,
ASN00014073,20011114,PRCP,0,,,a,
ASN00014073,20011115,PRCP,0,,,a,
ASN00014073,20011116,PRCP,0,,,a,
ASN00014073,20011117,PRCP,24,,,a,
ASN00014073,20011118,PRCP,0,,,a,
ASN00014073,20011119,PRCP,0,,,a,
ASN00014073,20011120,PRCP,0,,,a,
ASN00014073,20011121,PRCP,0,,,a,
ASN00014073,20011122,PRCP,0,,,a,
ASN00014073,20011123,PRCP,0,,,a,
ASN00014073,20011124,PRCP,0,,,a,
ASN00014073,20011125,PRCP,0,,,a,
ASN00014073,20011126,PRCP,122,,,a,
ASN00014073,20011127,PRCP,350,,,a,
ASN00014073,20011128,PRCP,0,,,a,
ASN00014073,20011129,PRCP,0,,,a,
ASN00014073,20011130,PRCP,0,,,a,
ASN00014073,20011201,PRCP,0,,,a,
ASN00014073,20011202,PRCP,0,,,a,
ASN00014073,20011203,PRCP,202,,,a,
ASN00014073,20011204,PRCP,0,,,a,
ASN00014073,20011205,PRCP,15,,,a,
ASN00014073,20011206,PRCP,0,,,a,
ASN00014073,20011207,PRCP,0,,,a,
ASN00014073,20011208,PRCP,180,,,a,
ASN00014073,20011209,PRCP,0,,,a,
ASN00014073,20011210,PRCP,144,,,a,
ASN00014073,20011211,PRCP,0,,,a,
ASN00014073,20011212,PRCP,0,,,a,
ASN00014073,20011222,DAPR,10,,,a,
ASN00014073,20011231,DAPR,9,,,a,
ASN00014073,20011222,DWPR,10,,,a,
ASN00014073,20011231,DWPR,9,,,a,
ASN00014073,20011222,MDPR,870,,,a,
ASN00014073,20011231,MDPR,814,,,a,
ASN00014073,20020101,PRCP,908,,,a,
ASN00014073,20020102,PRCP,0,,,a,
ASN00014073,20020103,PRCP,170,,,a,
ASN00014073,20020104,PRCP,0,,,a,
ASN00014073,20020105,PRCP,0,,,a,
ASN00014073,20020106,PRCP,0,,,a,
ASN00014073,20020107,PRCP,0,,,a,
ASN00014073,20020108,PRCP,0,,,a,
ASN00014073,20020109,PRCP,154,,,a,
ASN00014073,20020110,PRCP,394,,,a,
ASN00014073,20020111,PRCP,386,,,a,
ASN00014073,20020112,PRCP,0,,,a,
ASN00014073,20020113,PRCP,0,,,a,
ASN00014073,20020114,PRCP,96,,,a,
ASN00014073,20020115,PRCP,202,,,a,
ASN00014073,20020116,PRCP,0,,,a,
ASN00014073,20020117,PRCP,0,,,a,
ASN00014073,20020118,PRCP,0,,,a,
ASN00014073,20020119,PRCP,0,,,a,
ASN00014073,20020120,PRCP,0,,,a,
ASN00014073,20020121,PRCP,0,,,a,
ASN00014073,20020122,PRCP,0,,,a,
ASN00014073,20020123,PRCP,252,,,a,
ASN00014073,20020124,PRCP,0,,,a,
ASN00014073,20020125,PRCP,0,,,a,
ASN00014073,20020126,PRCP,0,,,a,
ASN00014073,20020127,PRCP,0,,,a,
ASN00014073,20020128,PRCP,0,,,a,
ASN00014073,20020129,PRCP,0,,,a,
ASN00014073,20020130,PRCP,100,,,a,
ASN00014073,20020131,PRCP,0,,,a,
ASN00014073,20020201,PRCP,0,,,a,
ASN00014073,20020202,PRCP,0,,,a,
ASN00014073,20020203,PRCP,18,,,a,
ASN00014073,20020204,PRCP,0,,,a,
ASN00014073,20020205,PRCP,0,,,a,
ASN00014073,20020206,PRCP,0,,,a,
ASN00014073,20020207,PRCP,692,,,a,
ASN00014073,20020211,PRCP,80,,,a,
ASN00014073,20020212,PRCP,2302,,,a,
ASN00014073,20020213,PRCP,844,,,a,
ASN00014073,20020214,PRCP,52,,,a,
ASN00014073,20020215,PRCP,0,,,a,
ASN00014073,20020216,PRCP,0,,,a,
ASN00014073,20020217,PRCP,162,,,a,
ASN00014073,20020218,PRCP,0,,,a,
ASN00014073,20020219,PRCP,44,,,a,
ASN00014073,20020220,PRCP,72,,,a,
ASN00014073,20020221,PRCP,134,,,a,
ASN00014073,20020222,PRCP,180,,,a,
ASN00014073,20020225,PRCP,0,,,a,
ASN00014073,20020226,PRCP,0,,,a,
ASN00014073,20020227,PRCP,72,,,a,
ASN00014073,20020228,PRCP,40,,,a,
ASN00014073,20020210,DAPR,3,,,a,
ASN00014073,20020224,DAPR,2,,,a,
ASN00014073,20020210,DWPR,3,,,a,
ASN00014073,20020224,DWPR,2,,,a,
ASN00014073,20020210,MDPR,676,,,a,
ASN00014073,20020224,MDPR,62,,,a,
ASN00014073,20020301,PRCP,0,,,a,
ASN00014073,20020302,PRCP,344,,,a,
ASN00014073,20020303,PRCP,676,,,a,
ASN00014073,20020304,PRCP,0,,,a,
ASN00014073,20020305,PRCP,0,,,a,
ASN00014073,20020306,PRCP,8,,,a,
ASN00014073,20020307,PRCP,8,,,a,
ASN00014073,20020308,PRCP,0,,,a,
ASN00014073,20020309,PRCP,0,,,a,
ASN00014073,20020310,PRCP,56,,,a,
ASN00014073,20020311,PRCP,162,,,a,
ASN00014073,20020312,PRCP,0,,,a,
ASN00014073,20020313,PRCP,0,,,a,
ASN00014073,20020314,PRCP,0,,,a,
ASN00014073,20020315,PRCP,0,,,a,
ASN00014073,20020316,PRCP,0,,,a,
ASN00014073,20020317,PRCP,0,,,a,
ASN00014073,20020318,PRCP,0,,,a,
ASN00014073,20020319,PRCP,0,,,a,
ASN00014073,20020320,PRCP,0,,,a,
ASN00014073,20020321,PRCP,180,,,a,
ASN00014073,20020322,PRCP,0,,,a,
ASN00014073,20020323,PRCP,0,,,a,
ASN00014073,20020324,PRCP,0,,,a,
ASN00014073,20020325,PRCP,0,,,a,
ASN00014073,20020326,PRCP,0,,,a,
ASN00014073,20020327,PRCP,0,,,a,
ASN00014073,20020328,PRCP,0,,,a,
ASN00014073,20020329,PRCP,0,,,a,
ASN00014073,20020330,PRCP,0,,,a,
ASN00014073,20020331,PRCP,0,,,a,
ASN00014073,20020401,PRCP,0,,,a,
ASN00014073,20020402,PRCP,0,,,a,
ASN00014073,20020403,PRCP,0,,,a,
ASN00014073,20020404,PRCP,0,,,a,
ASN00014073,20020405,PRCP,0,,,a,
ASN00014073,20020406,PRCP,0,,,a,
ASN00014073,20020407,PRCP,0,,,a,
ASN00014073,20020408,PRCP,0,,,a,
ASN00014073,20020409,PRCP,0,,,a,
ASN00014073,20020410,PRCP,0,,,a,
ASN00014073,20020411,PRCP,0,,,a,
ASN00014073,20020412,PRCP,0,,,a,
ASN00014073,20020413,PRCP,0,,,a,
ASN00014073,20020414,PRCP,0,,,a,
ASN00014073,20020415,PRCP,0,,,a,
ASN00014073,20020416,PRCP,0,,,a,
ASN00014073,20020417,PRCP,0,,,a,
ASN00014073,20020418,PRCP,0,,,a,
ASN00014073,20020419,PRCP,0,,,a,
ASN00014073,20020420,PRCP,0,,,a,
ASN00014073,20020421,PRCP,0,,,a,
ASN00014073,20020422,PRCP,0,,,a,
ASN00014073,20020423,PRCP,0,,,a,
ASN00014073,20020424,PRCP,0,,,a,
ASN00014073,20020425,PRCP,0,,,a,
ASN00014073,20020426,PRCP,0,,,a,
ASN00014073,20020427,PRCP,0,,,a,
ASN00014073,20020428,PRCP,0,,,a,
ASN00014073,20020429,PRCP,0,,,a,
ASN00014073,20020430,PRCP,0,,,a,
ASN00014073,20020501,PRCP,0,,,a,
ASN00014073,20020502,PRCP,0,,,a,
ASN00014073,20020503,PRCP,0,,,a,
ASN00014073,20020504,PRCP,0,,,a,
ASN00014073,20020505,PRCP,0,,,a,
ASN00014073,20020506,PRCP,0,,,a,
ASN00014073,20020507,PRCP,0,,,a,
ASN00014073,20020508,PRCP,0,,,a,
ASN00014073,20020509,PRCP,0,,,a,
ASN00014073,20020510,PRCP,0,,,a,
ASN00014073,20020511,PRCP,0,,,a,
ASN00014073,20020512,PRCP,0,,,a,
ASN00014073,20020513,PRCP,0,,,a,
ASN00014073,20020514,PRCP,0,,,a,
ASN00014073,20020515,PRCP,0,,,a,
ASN00014073,20020516,PRCP,0,,,a,
ASN00014073,20020517,PRCP,0,,,a,
ASN00014073,20020518,PRCP,0,,,a,
ASN00014073,20020519,PRCP,0,,,a,
ASN00014073,20020520,PRCP,0,,,a,
ASN00014073,20020521,PRCP,0,,,a,
ASN00014073,20020522,PRCP,0,,,a,
ASN00014073,20020523,PRCP,0,,,a,
ASN00014073,20020524,PRCP,0,,,a,
ASN00014073,20020525,PRCP,0,,,a,
ASN00014073,20020526,PRCP,0,,,a,
ASN00014073,20020527,PRCP,0,,,a,
ASN00014073,20020528,PRCP,0,,,a,
ASN00014073,20020529,PRCP,0,,,a,
ASN00014073,20020530,PRCP,0,,,a,
ASN00014073,20020531,PRCP,0,,,a,
ASN00014073,20020601,PRCP,0,,,a,
ASN00014073,20020602,PRCP,0,,,a,
ASN00014073,20020603,PRCP,0,,,a,
ASN00014073,20020604,PRCP,0,,,a,
ASN00014073,20020605,PRCP,0,,,a,
ASN00014073,20020606,PRCP,0,,,a,
ASN00014073,20020607,PRCP,0,,,a,
ASN00014073,20020608,PRCP,0,,,a,
ASN00014073,20020609,PRCP,0,,,a,
ASN00014073,20020610,PRCP,0,,,a,
ASN00014073,20020611,PRCP,0,,,a,
ASN00014073,20020612,PRCP,0,,,a,
ASN00014073,20020613,PRCP,0,,,a,
ASN00014073,20020614,PRCP,0,,,a,
ASN00014073,20020615,PRCP,0,,,a,
ASN00014073,20020616,PRCP,0,,,a,
ASN00014073,20020617,PRCP,0,,,a,
ASN00014073,20020618,PRCP,0,,,a,
ASN00014073,20020619,PRCP,0,,,a,
ASN00014073,20020620,PRCP,0,,,a,
ASN00014073,20020621,PRCP,0,,,a,
ASN00014073,20020622,PRCP,0,,,a,
ASN00014073,20020623,PRCP,0,,,a,
ASN00014073,20020624,PRCP,0,,,a,
ASN00014073,20020625,PRCP,0,,,a,
ASN00014073,20020626,PRCP,0,,,a,
ASN00014073,20020627,PRCP,0,,,a,
ASN00014073,20020628,PRCP,0,,,a,
ASN00014073,20020629,PRCP,0,,,a,
ASN00014073,20020630,PRCP,0,,,a,
ASN00014073,20020701,PRCP,0,,,a,
ASN00014073,20020702,PRCP,0,,,a,
ASN00014073,20020703,PRCP,0,,,a,
ASN00014073,20020704,PRCP,0,,,a,
ASN00014073,20020705,PRCP,0,,,a,
ASN00014073,20020706,PRCP,0,,,a,
ASN00014073,20020707,PRCP,0,,,a,
ASN00014073,20020708,PRCP,0,,,a,
ASN00014073,20020709,PRCP,0,,,a,
ASN00014073,20020710,PRCP,0,,,a,
ASN00014073,20020711,PRCP,0,,,a,
ASN00014073,20020712,PRCP,0,,,a,
ASN00014073,20020713,PRCP,0,,,a,
ASN00014073,20020714,PRCP,0,,,a,
ASN00014073,20020715,PRCP,0,,,a,
ASN00014073,20020716,PRCP,0,,,a,
ASN00014073,20020717,PRCP,0,,,a,
ASN00014073,20020718,PRCP,0,,,a,
ASN00014073,20020719,PRCP,0,,,a,
ASN00014073,20020720,PRCP,0,,,a,
ASN00014073,20020721,PRCP,0,,,a,
ASN00014073,20020722,PRCP,0,,,a,
ASN00014073,20020723,PRCP,0,,,a,
ASN00014073,20020724,PRCP,0,,,a,
ASN00014073,20020725,PRCP,0,,,a,
ASN00014073,20020726,PRCP,0,,,a,
ASN00014073,20020727,PRCP,0,,,a,
ASN00014073,20020728,PRCP,0,,,a,
ASN00014073,20020729,PRCP,0,,,a,
ASN00014073,20020730,PRCP,0,,,a,
ASN00014073,20020731,PRCP,0,,,a,
ASN00014073,20020801,PRCP,0,,,a,
ASN00014073,20020802,PRCP,0,,,a,
ASN00014073,20020803,PRCP,0,,,a,
ASN00014073,20020804,PRCP,0,,,a,
ASN00014073,20020805,PRCP,0,,,a,
ASN00014073,20020806,PRCP,0,,,a,
ASN00014073,20020807,PRCP,0,,,a,
ASN00014073,20020808,PRCP,0,,,a,
ASN00014073,20020809,PRCP,0,,,a,
ASN00014073,20020810,PRCP,0,,,a,
ASN00014073,20020811,PRCP,0,,,a,
ASN00014073,20020812,PRCP,0,,,a,
ASN00014073,20020813,PRCP,0,,,a,
ASN00014073,20020814,PRCP,0,,,a,
ASN00014073,20020815,PRCP,0,,,a,
ASN00014073,20020816,PRCP,0,,,a,
ASN00014073,20020817,PRCP,0,,,a,
ASN00014073,20020818,PRCP,0,,,a,
ASN00014073,20020819,PRCP,0,,,a,
ASN00014073,20020820,PRCP,0,,,a,
ASN00014073,20020821,PRCP,0,,,a,
ASN00014073,20020822,PRCP,0,,,a,
ASN00014073,20020823,PRCP,0,,,a,
ASN00014073,20020824,PRCP,0,,,a,
ASN00014073,20020825,PRCP,0,,,a,
ASN00014073,20020826,PRCP,0,,,a,
ASN00014073,20020827,PRCP,0,,,a,
ASN00014073,20020828,PRCP,0,,,a,
ASN00014073,20020829,PRCP,0,,,a,
ASN00014073,20020830,PRCP,0,,,a,
ASN00014073,20020831,PRCP,0,,,a,
ASN00014073,20020901,PRCP,0,,,a,
ASN00014073,20020902,PRCP,0,,,a,
ASN00014073,20020903,PRCP,0,,,a,
ASN00014073,20020904,PRCP,0,,,a,
ASN00014073,20020905,PRCP,0,,,a,
ASN00014073,20020906,PRCP,0,,,a,
ASN00014073,20020907,PRCP,0,,,a,
ASN00014073,20020908,PRCP,0,,,a,
ASN00014073,20020909,PRCP,0,,,a,
ASN00014073,20020910,PRCP,0,,,a,
ASN00014073,20020911,PRCP,0,,,a,
ASN00014073,20020912,PRCP,0,,,a,
ASN00014073,20020913,PRCP,0,,,a,
ASN00014073,20020914,PRCP,0,,,a,
ASN00014073,20020915,PRCP,0,,,a,
ASN00014073,20020916,PRCP,0,,,a,
ASN00014073,20020917,PRCP,0,,,a,
ASN00014073,20020918,PRCP,0,,,a,
ASN00014073,20020919,PRCP,0,,,a,
ASN00014073,20020920,PRCP,0,,,a,
ASN00014073,20020921,PRCP,0,,,a,
ASN00014073,20020922,PRCP,0,,,a,
ASN00014073,20020923,PRCP,0,,,a,
ASN00014073,20020924,PRCP,0,,,a,
ASN00014073,20020925,PRCP,0,,,a,
ASN00014073,20020926,PRCP,0,,,a,
ASN00014073,20020927,PRCP,0,,,a,
ASN00014073,20020928,PRCP,0,,,a,
ASN00014073,20020929,PRCP,0,,,a,
ASN00014073,20020930,PRCP,0,,,a,
ASN00014073,20021001,PRCP,0,,,a,
ASN00014073,20021002,PRCP,0,,,a,
ASN00014073,20021003,PRCP,0,,,a,
ASN00014073,20021004,PRCP,0,,,a,
ASN00014073,20021005,PRCP,0,,,a,
ASN00014073,20021006,PRCP,0,,,a,
ASN00014073,20021007,PRCP,0,,,a,
ASN00014073,20021008,PRCP,0,,,a,
ASN00014073,20021009,PRCP,0,,,a,
ASN00014073,20021010,PRCP,0,,,a,
ASN00014073,20021011,PRCP,0,,,a,
ASN00014073,20021012,PRCP,0,,,a,
ASN00014073,20021013,PRCP,0,,,a,
ASN00014073,20021014,PRCP,0,,,a,
ASN00014073,20021015,PRCP,0,,,a,
ASN00014073,20021016,PRCP,0,,,a,
ASN00014073,20021017,PRCP,0,,,a,
ASN00014073,20021018,PRCP,0,,,a,
ASN00014073,20021019,PRCP,0,,,a,
ASN00014073,20021020,PRCP,0,,,a,
ASN00014073,20021021,PRCP,0,,,a,
ASN00014073,20021022,PRCP,0,,,a,
ASN00014073,20021023,PRCP,0,,,a,
ASN00014073,20021024,PRCP,0,,,a,
ASN00014073,20021025,PRCP,0,,,a,
ASN00014073,20021026,PRCP,0,,,a,
ASN00014073,20021027,PRCP,0,,,a,
ASN00014073,20021028,PRCP,0,,,a,
ASN00014073,20021029,PRCP,0,,,a,
ASN00014073,20021030,PRCP,0,,,a,
ASN00014073,20021031,PRCP,0,,,a,
ASN00014073,20021101,PRCP,40,,,a,
ASN00014073,20021102,PRCP,0,,,a,
ASN00014073,20021103,PRCP,0,,,a,
ASN00014073,20021104,PRCP,0,,,a,
ASN00014073,20021107,PRCP,0,,,a,
ASN00014073,20021108,PRCP,0,,,a,
ASN00014073,20021109,PRCP,0,,,a,
ASN00014073,20021110,PRCP,0,,,a,
ASN00014073,20021111,PRCP,0,,,a,
ASN00014073,20021112,PRCP,0,,,a,
ASN00014073,20021113,PRCP,0,,,a,
ASN00014073,20021114,PRCP,0,,,a,
ASN00014073,20021115,PRCP,0,,,a,
ASN00014073,20021116,PRCP,0,,,a,
ASN00014073,20021117,PRCP,118,,,a,
ASN00014073,20021118,PRCP,0,,,a,
ASN00014073,20021119,PRCP,0,,,a,
ASN00014073,20021120,PRCP,0,,,a,
ASN00014073,20021121,PRCP,0,,,a,
ASN00014073,20021122,PRCP,0,,,a,
ASN00014073,20021123,PRCP,0,,,a,
ASN00014073,20021124,PRCP,0,,,a,
ASN00014073,20021125,PRCP,0,,,a,
ASN00014073,20021126,PRCP,0,,,a,
ASN00014073,20021127,PRCP,0,,,a,
ASN00014073,20021128,PRCP,0,,,a,
ASN00014073,20021129,PRCP,0,,,a,
ASN00014073,20021130,PRCP,0,,,a,
ASN00014073,20021106,DAPR,2,,,a,
ASN00014073,20021106,DWPR,2,,,a,
ASN00014073,20021106,MDPR,230,,,a,
ASN00014073,20021201,PRCP,0,,,a,
ASN00014073,20021202,PRCP,0,,,a,
ASN00014073,20021203,PRCP,0,,,a,
ASN00014073,20021204,PRCP,0,,,a,
ASN00014073,20021205,PRCP,0,,,a,
ASN00014073,20021206,PRCP,0,,,a,
ASN00014073,20021207,PRCP,0,,,a,
ASN00014073,20021208,PRCP,0,,,a,
ASN00014073,20021209,PRCP,0,,,a,
ASN00014073,20021210,PRCP,0,,,a,
ASN00014073,20021211,PRCP,0,,,a,
ASN00014073,20021212,PRCP,0,,,a,
ASN00014073,20021213,PRCP,0,,,a,
ASN00014073,20021214,PRCP,0,,,a,
ASN00014073,20021215,PRCP,0,,,a,
ASN00014073,20021216,PRCP,0,,,a,
ASN00014073,20021217,PRCP,0,,,a,
ASN00014073,20021218,PRCP,0,,,a,
ASN00014073,20021219,PRCP,0,,,a,
ASN00014073,20021220,PRCP,0,,,a,
ASN00014073,20021221,PRCP,0,,,a,
ASN00014073,20021222,PRCP,0,,,a,
ASN00014073,20021223,PRCP,1146,,S,a,
ASN00014073,20021224,PRCP,0,,,a,
ASN00014073,20021225,PRCP,0,,,a,
ASN00014073,20021226,PRCP,0,,,a,
ASN00014073,20021227,PRCP,0,,,a,
ASN00014073,20021228,PRCP,0,,,a,
ASN00014073,20021229,PRCP,180,,,a,
ASN00014073,20021230,PRCP,0,,,a,
ASN00014073,20021231,PRCP,0,,,a,
ASN00014073,20030108,PRCP,96,,,a,
ASN00014073,20030107,DAPR,7,,,a,
ASN00014073,20030131,DAPR,23,,,a,
ASN00014073,20030107,DWPR,7,,,a,
ASN00014073,20030131,DWPR,23,,,a,
ASN00014073,20030107,MDPR,640,,,a,
ASN00014073,20030131,MDPR,1800,,,a,
ASN00014073,20030212,PRCP,0,,,a,
ASN00014073,20030213,PRCP,0,,,a,
ASN00014073,20030211,DAPR,11,,,a,
ASN00014073,20030228,DAPR,15,,,a,
ASN00014073,20030211,DWPR,9,,,a,
ASN00014073,20030228,DWPR,15,,,a,
ASN00014073,20030211,MDPR,816,,,a,
ASN00014073,20030228,MDPR,2800,,,a,
ASN00014073,20030401,PRCP,0,,,a,
ASN00014073,20030402,PRCP,0,,,a,
ASN00014073,20030403,PRCP,0,,,a,
ASN00014073,20030404,PRCP,0,,,a,
ASN00014073,20030405,PRCP,0,,,a,
ASN00014073,20030406,PRCP,0,,,a,
ASN00014073,20030407,PRCP,0,,,a,
ASN00014073,20030408,PRCP,0,,,a,
ASN00014073,20030409,PRCP,0,,,a,
ASN00014073,20030410,PRCP,0,,,a,
ASN00014073,20030411,PRCP,0,,,a,
ASN00014073,20030412,PRCP,0,,,a,
ASN00014073,20030413,PRCP,0,,,a,
ASN00014073,20030414,PRCP,0,,,a,
ASN00014073,20030415,PRCP,0,,,a,
ASN00014073,20030416,PRCP,0,,,a,
ASN00014073,20030417,PRCP,0,,,a,
ASN00014073,20030418,PRCP,0,,,a,
ASN00014073,20030419,PRCP,0,,,a,
ASN00014073,20030420,PRCP,0,,,a,
ASN00014073,20030421,PRCP,0,,,a,
ASN00014073,20030422,PRCP,0,,,a,
ASN00014073,20030423,PRCP,0,,,a,
ASN00014073,20030424,PRCP,0,,,a,
ASN00014073,20030425,PRCP,0,,,a,
ASN00014073,20030426,PRCP,0,,,a,
ASN00014073,20030427,PRCP,0,,,a,
ASN00014073,20030428,PRCP,0,,,a,
ASN00014073,20030429,PRCP,0,,,a,
ASN00014073,20030430,PRCP,0,,,a,
ASN00014073,20030501,PRCP,0,,,a,
ASN00014073,20030502,PRCP,0,,,a,
ASN00014073,20030503,PRCP,0,,,a,
ASN00014073,20030504,PRCP,0,,,a,
ASN00014073,20030505,PRCP,0,,,a,
ASN00014073,20030506,PRCP,0,,,a,
ASN00014073,20030507,PRCP,0,,,a,
ASN00014073,20030508,PRCP,0,,,a,
ASN00014073,20030509,PRCP,0,,,a,
ASN00014073,20030510,PRCP,0,,,a,
ASN00014073,20030511,PRCP,0,,,a,
ASN00014073,20030512,PRCP,0,,,a,
ASN00014073,20030513,PRCP,0,,,a,
ASN00014073,20030514,PRCP,0,,,a,
ASN00014073,20030515,PRCP,0,,,a,
ASN00014073,20030516,PRCP,0,,,a,
ASN00014073,20030517,PRCP,0,,,a,
ASN00014073,20030518,PRCP,0,,,a,
ASN00014073,20030519,PRCP,0,,,a,
ASN00014073,20030520,PRCP,0,,,a,
ASN00014073,20030521,PRCP,0,,,a,
ASN00014073,20030522,PRCP,0,,,a,
ASN00014073,20030523,PRCP,0,,,a,
ASN00014073,20030524,PRCP,0,,,a,
ASN00014073,20030525,PRCP,0,,,a,
ASN00014073,20030526,PRCP,0,,,a,
ASN00014073,20030527,PRCP,0,,,a,
ASN00014073,20030528,PRCP,0,,,a,
ASN00014073,20030529,PRCP,0,,,a,
ASN00014073,20030530,PRCP,0,,,a,
ASN00014073,20030531,PRCP,0,,,a,
ASN00014073,20030601,PRCP,0,,,a,
ASN00014073,20030602,PRCP,0,,,a,
ASN00014073,20030603,PRCP,0,,,a,
ASN00014073,20030604,PRCP,0,,,a,
ASN00014073,20030605,PRCP,0,,,a,
ASN00014073,20030606,PRCP,0,,,a,
ASN00014073,20030607,PRCP,0,,,a,
ASN00014073,20030608,PRCP,0,,,a,
ASN00014073,20030609,PRCP,0,,,a,
ASN00014073,20030610,PRCP,0,,,a,
ASN00014073,20030611,PRCP,0,,,a,
ASN00014073,20030612,PRCP,0,,,a,
ASN00014073,20030613,PRCP,0,,,a,
ASN00014073,20030614,PRCP,0,,,a,
ASN00014073,20030615,PRCP,0,,,a,
ASN00014073,20030616,PRCP,0,,,a,
ASN00014073,20030617,PRCP,0,,,a,
ASN00014073,20030618,PRCP,0,,,a,
ASN00014073,20030619,PRCP,0,,,a,
ASN00014073,20030620,PRCP,0,,,a,
ASN00014073,20030621,PRCP,0,,,a,
ASN00014073,20030622,PRCP,0,,,a,
ASN00014073,20030623,PRCP,0,,,a,
ASN00014073,20030624,PRCP,0,,,a,
ASN00014073,20030625,PRCP,0,,,a,
ASN00014073,20030626,PRCP,0,,,a,
ASN00014073,20030627,PRCP,0,,,a,
ASN00014073,20030628,PRCP,0,,,a,
ASN00014073,20030629,PRCP,0,,,a,
ASN00014073,20030630,PRCP,0,,,a,
ASN00014073,20030701,PRCP,0,,,a,
ASN00014073,20030702,PRCP,0,,,a,
ASN00014073,20030703,PRCP,0,,,a,
ASN00014073,20030704,PRCP,0,,,a,
ASN00014073,20030705,PRCP,0,,,a,
ASN00014073,20030706,PRCP,0,,,a,
ASN00014073,20030707,PRCP,0,,,a,
ASN00014073,20030708,PRCP,0,,,a,
ASN00014073,20030709,PRCP,0,,,a,
ASN00014073,20030710,PRCP,0,,,a,
ASN00014073,20030711,PRCP,0,,,a,
ASN00014073,20030712,PRCP,0,,,a,
ASN00014073,20030713,PRCP,0,,,a,
ASN00014073,20030714,PRCP,0,,,a,
ASN00014073,20030715,PRCP,0,,,a,
ASN00014073,20030716,PRCP,0,,,a,
ASN00014073,20030717,PRCP,0,,,a,
ASN00014073,20030718,PRCP,0,,,a,
ASN00014073,20030719,PRCP,0,,,a,
ASN00014073,20030720,PRCP,0,,,a,
ASN00014073,20030721,PRCP,0,,,a,
ASN00014073,20030722,PRCP,0,,,a,
ASN00014073,20030723,PRCP,0,,,a,
ASN00014073,20030724,PRCP,0,,,a,
ASN00014073,20030725,PRCP,0,,,a,
ASN00014073,20030726,PRCP,0,,,a,
ASN00014073,20030727,PRCP,0,,,a,
ASN00014073,20030728,PRCP,0,,,a,
ASN00014073,20030729,PRCP,0,,,a,
ASN00014073,20030730,PRCP,0,,,a,
ASN00014073,20030731,PRCP,0,,,a,
ASN00014073,20030801,PRCP,0,,,a,
ASN00014073,20030802,PRCP,0,,,a,
ASN00014073,20030803,PRCP,0,,,a,
ASN00014073,20030804,PRCP,0,,,a,
ASN00014073,20030805,PRCP,0,,,a,
ASN00014073,20030806,PRCP,0,,,a,
ASN00014073,20030807,PRCP,0,,,a,
ASN00014073,20030808,PRCP,0,,,a,
ASN00014073,20030809,PRCP,0,,,a,
ASN00014073,20030810,PRCP,0,,,a,
ASN00014073,20030811,PRCP,0,,,a,
ASN00014073,20030812,PRCP,0,,,a,
ASN00014073,20030813,PRCP,0,,,a,
ASN00014073,20030814,PRCP,0,,,a,
ASN00014073,20030815,PRCP,0,,,a,
ASN00014073,20030816,PRCP,0,,,a,
ASN00014073,20030817,PRCP,0,,,a,
ASN00014073,20030818,PRCP,0,,,a,
ASN00014073,20030819,PRCP,0,,,a,
ASN00014073,20030820,PRCP,0,,,a,
ASN00014073,20030821,PRCP,0,,,a,
ASN00014073,20030822,PRCP,0,,,a,
ASN00014073,20030823,PRCP,0,,,a,
ASN00014073,20030824,PRCP,0,,,a,
ASN00014073,20030825,PRCP,0,,,a,
ASN00014073,20030826,PRCP,0,,,a,
ASN00014073,20030827,PRCP,0,,,a,
ASN00014073,20030828,PRCP,0,,,a,
ASN00014073,20030829,PRCP,0,,,a,
ASN00014073,20030830,PRCP,0,,,a,
ASN00014073,20030831,PRCP,0,,,a,
ASN00014073,20031001,PRCP,0,,,a,
ASN00014073,20031002,PRCP,0,,,a,
ASN00014073,20031003,PRCP,0,,,a,
ASN00014073,20031004,PRCP,0,,,a,
ASN00014073,20031005,PRCP,0,,,a,
ASN00014073,20031006,PRCP,0,,,a,
ASN00014073,20031007,PRCP,0,,,a,
ASN00014073,20031008,PRCP,0,,,a,
ASN00014073,20031009,PRCP,0,,,a,
ASN00014073,20031010,PRCP,0,,,a,
ASN00014073,20031011,PRCP,0,,,a,
ASN00014073,20031012,PRCP,0,,,a,
ASN00014073,20031013,PRCP,0,,,a,
ASN00014073,20031014,PRCP,0,,,a,
ASN00014073,20031015,PRCP,0,,,a,
ASN00014073,20031016,PRCP,0,,,a,
ASN00014073,20031017,PRCP,0,,,a,
ASN00014073,20031018,PRCP,0,,,a,
ASN00014073,20031019,PRCP,0,,,a,
ASN00014073,20031020,PRCP,0,,,a,
ASN00014073,20031021,PRCP,285,,,a,
ASN00014073,20031022,PRCP,0,,,a,
ASN00014073,20031023,PRCP,0,,,a,
ASN00014073,20031024,PRCP,0,,,a,
ASN00014073,20031025,PRCP,0,,,a,
ASN00014073,20031026,PRCP,0,,,a,
ASN00014073,20031027,PRCP,0,,,a,
ASN00014073,20031028,PRCP,0,,,a,
ASN00014073,20031029,PRCP,0,,,a,
ASN00014073,20031030,PRCP,0,,,a,
ASN00014073,20031031,PRCP,0,,,a,
ASN00014073,20031101,PRCP,0,,,a,
ASN00014073,20031102,PRCP,0,,,a,
ASN00014073,20031103,PRCP,0,,,a,
ASN00014073,20031104,PRCP,70,,,a,
ASN00014073,20031105,PRCP,55,,,a,
ASN00014073,20031116,PRCP,0,,,a,
ASN00014073,20031117,PRCP,0,,,a,
ASN00014073,20031118,PRCP,0,,,a,
ASN00014073,20031119,PRCP,0,,,a,
ASN00014073,20031120,PRCP,0,,,a,
ASN00014073,20031121,PRCP,0,,,a,
ASN00014073,20031122,PRCP,0,,,a,
ASN00014073,20031123,PRCP,0,,,a,
ASN00014073,20031124,PRCP,0,,,a,
ASN00014073,20031125,PRCP,0,,,a,
ASN00014073,20031126,PRCP,0,,,a,
ASN00014073,20031127,PRCP,0,,,a,
ASN00014073,20031128,PRCP,0,,,a,
ASN00014073,20031129,PRCP,0,,,a,
ASN00014073,20031130,PRCP,0,,,a,
ASN00014073,20031115,DAPR,10,,,a,
ASN00014073,20031115,DWPR,10,,,a,
ASN00014073,20031115,MDPR,175,,,a,
ASN00014073,20031201,PRCP,0,,,a,
ASN00014073,20031202,PRCP,0,,,a,
ASN00014073,20031203,PRCP,68,,,a,
ASN00014073,20031204,PRCP,0,,,a,
ASN00014073,20031208,PRCP,0,,,a,
ASN00014073,20031209,PRCP,0,,,a,
ASN00014073,20031223,PRCP,152,,,a,
ASN00014073,20031230,PRCP,0,,,a,
ASN00014073,20031231,PRCP,0,,,a,
ASN00014073,20031207,DAPR,3,,,a,
ASN00014073,20031215,DAPR,6,,,a,
ASN00014073,20031222,DAPR,7,,,a,
ASN00014073,20031229,DAPR,6,,,a,
ASN00014073,20031207,DWPR,2,,,a,
ASN00014073,20031215,DWPR,6,,,a,
ASN00014073,20031222,DWPR,7,,,a,
ASN00014073,20031229,DWPR,6,,,a,
ASN00014073,20031207,MDPR,530,,,a,
ASN00014073,20031215,MDPR,260,,,a,
ASN00014073,20031222,MDPR,1770,,,a,
ASN00014073,20031229,MDPR,580,,,a,
ASN00014073,20040106,DAPR,6,,,a,
ASN00014073,20040112,DAPR,6,,,a,
ASN00014073,20040131,DAPR,19,,,a,
ASN00014073,20040106,DWPR,4,,,a,
ASN00014073,20040112,DWPR,6,,,a,
ASN00014073,20040131,DWPR,19,,,a,
ASN00014073,20040106,MDPR,1430,,,a,
ASN00014073,20040112,MDPR,512,,,a,
ASN00014073,20040131,MDPR,700,,,a,
ASN00014073,20040203,DAPR,3,,,a,
ASN00014073,20040208,DAPR,5,,,a,
ASN00014073,20040225,DAPR,17,,,a,
ASN00014073,20040229,DAPR,4,,,a,
ASN00014073,20040203,DWPR,3,,,a,
ASN00014073,20040208,DWPR,5,,,a,
ASN00014073,20040225,DWPR,17,,,a,
ASN00014073,20040229,DWPR,4,,,a,
ASN00014073,20040203,MDPR,100,,,a,
ASN00014073,20040208,MDPR,3000,,,a,
ASN00014073,20040225,MDPR,1920,,,a,
ASN00014073,20040229,MDPR,200,,,a,
ASN00014073,20040301,PRCP,0,,,a,
ASN00014073,20040302,PRCP,0,,,a,
ASN00014073,20040310,PRCP,0,,,a,
ASN00014073,20040330,PRCP,0,,,a,
ASN00014073,20040331,PRCP,0,,,a,
ASN00014073,20040309,DAPR,7,,,a,
ASN00014073,20040314,DAPR,4,,,a,
ASN00014073,20040323,DAPR,9,,,a,
ASN00014073,20040329,DAPR,6,,,a,
ASN00014073,20040309,DWPR,7,,,a,
ASN00014073,20040314,DWPR,4,,,a,
ASN00014073,20040323,DWPR,9,,,a,
ASN00014073,20040329,DWPR,6,,,a,
ASN00014073,20040309,MDPR,1000,,,a,
ASN00014073,20040314,MDPR,320,,,a,
ASN00014073,20040323,MDPR,400,,,a,
ASN00014073,20040329,MDPR,200,,,a,
ASN00014073,20040401,PRCP,230,,,a,
ASN00014073,20040408,PRCP,0,,,a,
ASN00014073,20040409,PRCP,0,,,a,
ASN00014073,20040410,PRCP,0,,,a,
ASN00014073,20040411,PRCP,0,,,a,
ASN00014073,20040412,PRCP,0,,,a,
ASN00014073,20040413,PRCP,0,,,a,
ASN00014073,20040414,PRCP,0,,,a,
ASN00014073,20040415,PRCP,0,,,a,
ASN00014073,20040416,PRCP,0,,,a,
ASN00014073,20040417,PRCP,0,,,a,
ASN00014073,20040418,PRCP,0,,,a,
ASN00014073,20040419,PRCP,0,,,a,
ASN00014073,20040420,PRCP,0,,,a,
ASN00014073,20040421,PRCP,0,,,a,
ASN00014073,20040422,PRCP,0,,,a,
ASN00014073,20040423,PRCP,0,,,a,
ASN00014073,20040424,PRCP,0,,,a,
ASN00014073,20040425,PRCP,0,,,a,
ASN00014073,20040426,PRCP,0,,,a,
ASN00014073,20040427,PRCP,0,,,a,
ASN00014073,20040428,PRCP,0,,,a,
ASN00014073,20040429,PRCP,0,,,a,
ASN00014073,20040430,PRCP,0,,,a,
ASN00014073,20040407,DAPR,6,,,a,
ASN00014073,20040407,DWPR,6,,,a,
ASN00014073,20040407,MDPR,130,,,a,
ASN00014073,20040601,PRCP,0,,,a,
ASN00014073,20040602,PRCP,0,,,a,
ASN00014073,20040603,PRCP,0,,,a,
ASN00014073,20040604,PRCP,0,,,a,
ASN00014073,20040605,PRCP,0,,,a,
ASN00014073,20040606,PRCP,0,,,a,
ASN00014073,20040607,PRCP,0,,,a,
ASN00014073,20040608,PRCP,0,,,a,
ASN00014073,20040609,PRCP,0,,,a,
ASN00014073,20040610,PRCP,0,,,a,
ASN00014073,20040611,PRCP,0,,,a,
ASN00014073,20040612,PRCP,0,,,a,
ASN00014073,20040613,PRCP,0,,,a,
ASN00014073,20040614,PRCP,0,,,a,
ASN00014073,20040615,PRCP,0,,,a,
ASN00014073,20040616,PRCP,0,,,a,
ASN00014073,20040617,PRCP,0,,,a,
ASN00014073,20040618,PRCP,0,,,a,
ASN00014073,20040619,PRCP,0,,,a,
ASN00014073,20040620,PRCP,0,,,a,
ASN00014073,20040621,PRCP,0,,,a,
ASN00014073,20040622,PRCP,0,,,a,
ASN00014073,20040623,PRCP,0,,,a,
ASN00014073,20040624,PRCP,0,,,a,
ASN00014073,20040625,PRCP,0,,,a,
ASN00014073,20040626,PRCP,0,,,a,
ASN00014073,20040627,PRCP,0,,,a,
ASN00014073,20040628,PRCP,0,,,a,
ASN00014073,20040629,PRCP,0,,,a,
ASN00014073,20040630,PRCP,0,,,a,
ASN00014073,20040701,PRCP,0,,,a,
ASN00014073,20040702,PRCP,0,,,a,
ASN00014073,20040703,PRCP,0,,,a,
ASN00014073,20040704,PRCP,0,,,a,
ASN00014073,20040705,PRCP,0,,,a,
ASN00014073,20040706,PRCP,0,,,a,
ASN00014073,20040707,PRCP,0,,,a,
ASN00014073,20040708,PRCP,0,,,a,
ASN00014073,20040709,PRCP,0,,,a,
ASN00014073,20040710,PRCP,0,,,a,
ASN00014073,20040711,PRCP,0,,,a,
ASN00014073,20040712,PRCP,0,,,a,
ASN00014073,20040713,PRCP,0,,,a,
ASN00014073,20040714,PRCP,0,,,a,
ASN00014073,20040715,PRCP,0,,,a,
ASN00014073,20040716,PRCP,0,,,a,
ASN00014073,20040717,PRCP,0,,,a,
ASN00014073,20040718,PRCP,0,,,a,
ASN00014073,20040719,PRCP,0,,,a,
ASN00014073,20040720,PRCP,0,,,a,
ASN00014073,20040721,PRCP,0,,,a,
ASN00014073,20040722,PRCP,0,,,a,
ASN00014073,20040723,PRCP,0,,,a,
ASN00014073,20040724,PRCP,0,,,a,
ASN00014073,20040725,PRCP,0,,,a,
ASN00014073,20040726,PRCP,0,,,a,
ASN00014073,20040727,PRCP,0,,,a,
ASN00014073,20040728,PRCP,0,,,a,
ASN00014073,20040729,PRCP,0,,,a,
ASN00014073,20040730,PRCP,0,,,a,
ASN00014073,20040731,PRCP,0,,,a,
ASN00014073,20040801,PRCP,0,,,a,
ASN00014073,20040802,PRCP,0,,,a,
ASN00014073,20040803,PRCP,0,,,a,
ASN00014073,20040804,PRCP,0,,,a,
ASN00014073,20040805,PRCP,0,,,a,
ASN00014073,20040806,PRCP,0,,,a,
ASN00014073,20040807,PRCP,0,,,a,
ASN00014073,20040808,PRCP,0,,,a,
ASN00014073,20040809,PRCP,0,,,a,
ASN00014073,20040810,PRCP,0,,,a,
ASN00014073,20040811,PRCP,0,,,a,
ASN00014073,20040812,PRCP,0,,,a,
ASN00014073,20040813,PRCP,0,,,a,
ASN00014073,20040814,PRCP,0,,,a,
ASN00014073,20040815,PRCP,0,,,a,
ASN00014073,20040816,PRCP,0,,,a,
ASN00014073,20040817,PRCP,0,,,a,
ASN00014073,20040818,PRCP,0,,,a,
ASN00014073,20040819,PRCP,0,,,a,
ASN00014073,20040820,PRCP,0,,,a,
ASN00014073,20040821,PRCP,0,,,a,
ASN00014073,20040822,PRCP,0,,,a,
ASN00014073,20040823,PRCP,0,,,a,
ASN00014073,20040824,PRCP,0,,,a,
ASN00014073,20040825,PRCP,0,,,a,
ASN00014073,20040826,PRCP,0,,,a,
ASN00014073,20040827,PRCP,0,,,a,
ASN00014073,20040828,PRCP,0,,,a,
ASN00014073,20040829,PRCP,0,,,a,
ASN00014073,20040830,PRCP,0,,,a,
ASN00014073,20040831,PRCP,0,,,a,
ASN00014073,20040901,PRCP,0,,,a,
ASN00014073,20040902,PRCP,0,,,a,
ASN00014073,20040903,PRCP,0,,,a,
ASN00014073,20040904,PRCP,0,,,a,
ASN00014073,20040905,PRCP,0,,,a,
ASN00014073,20040906,PRCP,0,,,a,
ASN00014073,20040907,PRCP,0,,,a,
ASN00014073,20040908,PRCP,0,,,a,
ASN00014073,20040909,PRCP,0,,,a,
ASN00014073,20040910,PRCP,0,,,a,
ASN00014073,20040911,PRCP,0,,,a,
ASN00014073,20040912,PRCP,0,,,a,
ASN00014073,20040913,PRCP,0,,,a,
ASN00014073,20040914,PRCP,0,,,a,
ASN00014073,20040915,PRCP,0,,,a,
ASN00014073,20040916,PRCP,0,,,a,
ASN00014073,20040917,PRCP,0,,,a,
ASN00014073,20040918,PRCP,0,,,a,
ASN00014073,20040919,PRCP,0,,,a,
ASN00014073,20040920,PRCP,0,,,a,
ASN00014073,20040921,PRCP,0,,,a,
ASN00014073,20040922,PRCP,0,,,a,
ASN00014073,20040923,PRCP,0,,,a,
ASN00014073,20040924,PRCP,0,,,a,
ASN00014073,20040925,PRCP,0,,,a,
ASN00014073,20040926,PRCP,0,,,a,
ASN00014073,20040927,PRCP,0,,,a,
ASN00014073,20040928,PRCP,0,,,a,
ASN00014073,20040929,PRCP,0,,,a,
ASN00014073,20040930,PRCP,0,,,a,
ASN00014073,20041001,PRCP,0,,,a,
ASN00014073,20041002,PRCP,0,,,a,
ASN00014073,20041003,PRCP,0,,,a,
ASN00014073,20041004,PRCP,0,,,a,
ASN00014073,20041005,PRCP,0,,,a,
ASN00014073,20041006,PRCP,0,,,a,
ASN00014073,20041007,PRCP,0,,,a,
ASN00014073,20041008,PRCP,0,,,a,
ASN00014073,20041009,PRCP,40,,,a,
ASN00014073,20041010,PRCP,0,,,a,
ASN00014073,20041011,PRCP,0,,,a,
ASN00014073,20041012,PRCP,0,,,a,
ASN00014073,20041013,PRCP,0,,,a,
ASN00014073,20041014,PRCP,0,,,a,
ASN00014073,20041015,PRCP,10,,,a,
ASN00014073,20041016,PRCP,0,,,a,
ASN00014073,20041017,PRCP,0,,,a,
ASN00014073,20041018,PRCP,0,,,a,
ASN00014073,20041019,PRCP,0,,,a,
ASN00014073,20041020,PRCP,0,,,a,
ASN00014073,20041021,PRCP,0,,,a,
ASN00014073,20041022,PRCP,0,,,a,
ASN00014073,20041023,PRCP,0,,,a,
ASN00014073,20041024,PRCP,0,,,a,
ASN00014073,20041025,PRCP,0,,,a,
ASN00014073,20041026,PRCP,0,,,a,
ASN00014073,20041027,PRCP,0,,,a,
ASN00014073,20041028,PRCP,0,,,a,
ASN00014073,20041029,PRCP,0,,,a,
ASN00014073,20041030,PRCP,0,,,a,
ASN00014073,20041031,PRCP,0,,,a,
ASN00014073,20041101,PRCP,0,,,a,
ASN00014073,20041102,PRCP,0,,,a,
ASN00014073,20041103,PRCP,0,,,a,
ASN00014073,20041104,PRCP,0,,,a,
ASN00014073,20041105,PRCP,0,,,a,
ASN00014073,20041109,PRCP,0,,,a,
ASN00014073,20041110,PRCP,0,,,a,
ASN00014073,20041111,PRCP,0,,,a,
ASN00014073,20041112,PRCP,0,,,a,
ASN00014073,20041113,PRCP,0,,,a,
ASN00014073,20041114,PRCP,0,,,a,
ASN00014073,20041108,DAPR,3,,,a,
ASN00014073,20041130,DAPR,16,,,a,
ASN00014073,20041108,DWPR,2,,,a,
ASN00014073,20041130,DWPR,6,,,a,
ASN00014073,20041108,MDPR,165,,,a,
ASN00014073,20041130,MDPR,675,,,a,
ASN00014073,20041201,PRCP,0,,,a,
ASN00014073,20041202,PRCP,0,,,a,
ASN00014073,20041203,PRCP,0,,,a,
ASN00014073,20041204,PRCP,0,,,a,
ASN00014073,20041205,PRCP,200,,,a,
ASN00014073,20041206,PRCP,0,,,a,
ASN00014073,20041207,PRCP,0,,,a,
ASN00014073,20041208,PRCP,0,,,a,
ASN00014073,20041209,PRCP,0,,,a,
ASN00014073,20041226,DAPR,17,,,a,
ASN00014073,20041226,DWPR,8,,,a,
ASN00014073,20041226,MDPR,260,,,a,
ASN00014073,20050207,PRCP,0,,,a,
ASN00014073,20050208,PRCP,0,,,a,
ASN00014073,20050209,PRCP,0,,,a,
ASN00014073,20050210,PRCP,0,,,a,
ASN00014073,20050211,PRCP,0,,,a,
ASN00014073,20050212,PRCP,60,,,a,
ASN00014073,20050213,PRCP,0,,,a,
ASN00014073,20050214,PRCP,0,,,a,
ASN00014073,20050215,PRCP,0,,,a,
ASN00014073,20050206,DAPR,6,,,a,
ASN00014073,20050222,DAPR,7,,,a,
ASN00014073,20050206,DWPR,5,,,a,
ASN00014073,20050222,DWPR,3,,,a,
ASN00014073,20050206,MDPR,1500,,,a,
ASN00014073,20050222,MDPR,200,,,a,
ASN00014073,20050314,DAPR,14,,,a,
ASN00014073,20050314,DWPR,4,,,a,
ASN00014073,20050314,MDPR,640,,,a,
ASN00014073,20050401,PRCP,0,,,a,
ASN00014073,20050402,PRCP,0,,,a,
ASN00014073,20050403,PRCP,0,,,a,
ASN00014073,20050404,PRCP,0,,,a,
ASN00014073,20050405,PRCP,0,,,a,
ASN00014073,20050406,PRCP,0,,,a,
ASN00014073,20050407,PRCP,0,,,a,
ASN00014073,20050408,PRCP,0,,,a,
ASN00014073,20050409,PRCP,0,,,a,
ASN00014073,20050410,PRCP,0,,,a,
ASN00014073,20050411,PRCP,0,,,a,
ASN00014073,20050412,PRCP,0,,,a,
ASN00014073,20050413,PRCP,0,,,a,
ASN00014073,20050414,PRCP,0,,,a,
ASN00014073,20050415,PRCP,0,,,a,
ASN00014073,20050416,PRCP,0,,,a,
ASN00014073,20050417,PRCP,0,,,a,
ASN00014073,20050418,PRCP,0,,,a,
ASN00014073,20050419,PRCP,0,,,a,
ASN00014073,20050420,PRCP,0,,,a,
ASN00014073,20050421,PRCP,0,,,a,
ASN00014073,20050422,PRCP,0,,,a,
ASN00014073,20050423,PRCP,0,,,a,
ASN00014073,20050424,PRCP,0,,,a,
ASN00014073,20050425,PRCP,0,,,a,
ASN00014073,20050426,PRCP,0,,,a,
ASN00014073,20050427,PRCP,0,,,a,
ASN00014073,20050428,PRCP,0,,,a,
ASN00014073,20050429,PRCP,0,,,a,
ASN00014073,20050430,PRCP,0,,,a,
ASN00014073,20050501,PRCP,0,,,a,
ASN00014073,20050502,PRCP,0,,,a,
ASN00014073,20050503,PRCP,0,,,a,
ASN00014073,20050504,PRCP,0,,,a,
ASN00014073,20050505,PRCP,0,,,a,
ASN00014073,20050506,PRCP,0,,,a,
ASN00014073,20050507,PRCP,0,,,a,
ASN00014073,20050508,PRCP,0,,,a,
ASN00014073,20050509,PRCP,0,,,a,
ASN00014073,20050510,PRCP,0,,,a,
ASN00014073,20050511,PRCP,0,,,a,
ASN00014073,20050512,PRCP,0,,,a,
ASN00014073,20050513,PRCP,0,,,a,
ASN00014073,20050514,PRCP,0,,,a,
ASN00014073,20050515,PRCP,0,,,a,
ASN00014073,20050516,PRCP,0,,,a,
ASN00014073,20050517,PRCP,0,,,a,
ASN00014073,20050518,PRCP,0,,,a,
ASN00014073,20050519,PRCP,0,,,a,
ASN00014073,20050520,PRCP,0,,,a,
ASN00014073,20050521,PRCP,0,,,a,
ASN00014073,20050522,PRCP,0,,,a,
ASN00014073,20050523,PRCP,0,,,a,
ASN00014073,20050524,PRCP,0,,,a,
ASN00014073,20050525,PRCP,0,,,a,
ASN00014073,20050526,PRCP,0,,,a,
ASN00014073,20050527,PRCP,0,,,a,
ASN00014073,20050528,PRCP,0,,,a,
ASN00014073,20050529,PRCP,0,,,a,
ASN00014073,20050530,PRCP,0,,,a,
ASN00014073,20050531,PRCP,0,,,a,
ASN00014073,20050601,PRCP,0,,,a,
ASN00014073,20050602,PRCP,0,,,a,
ASN00014073,20050603,PRCP,0,,,a,
ASN00014073,20050604,PRCP,0,,,a,
ASN00014073,20050605,PRCP,0,,,a,
ASN00014073,20050606,PRCP,0,,,a,
ASN00014073,20050607,PRCP,0,,,a,
ASN00014073,20050608,PRCP,0,,,a,
ASN00014073,20050609,PRCP,0,,,a,
ASN00014073,20050610,PRCP,0,,,a,
ASN00014073,20050611,PRCP,0,,,a,
ASN00014073,20050612,PRCP,0,,,a,
ASN00014073,20050613,PRCP,0,,,a,
ASN00014073,20050614,PRCP,0,,,a,
ASN00014073,20050615,PRCP,0,,,a,
ASN00014073,20050616,PRCP,0,,,a,
ASN00014073,20050617,PRCP,0,,,a,
ASN00014073,20050618,PRCP,0,,,a,
ASN00014073,20050619,PRCP,0,,,a,
ASN00014073,20050620,PRCP,0,,,a,
ASN00014073,20050621,PRCP,0,,,a,
ASN00014073,20050622,PRCP,0,,,a,
ASN00014073,20050623,PRCP,0,,,a,
ASN00014073,20050624,PRCP,0,,,a,
ASN00014073,20050625,PRCP,0,,,a,
ASN00014073,20050626,PRCP,0,,,a,
ASN00014073,20050627,PRCP,0,,,a,
ASN00014073,20050628,PRCP,0,,,a,
ASN00014073,20050629,PRCP,0,,,a,
ASN00014073,20050630,PRCP,0,,,a,
ASN00014073,20050701,PRCP,0,,,a,
ASN00014073,20050702,PRCP,0,,,a,
ASN00014073,20050703,PRCP,0,,,a,
ASN00014073,20050704,PRCP,0,,,a,
ASN00014073,20050705,PRCP,0,,,a,
ASN00014073,20050706,PRCP,0,,,a,
ASN00014073,20050707,PRCP,0,,,a,
ASN00014073,20050708,PRCP,0,,,a,
ASN00014073,20050709,PRCP,0,,,a,
ASN00014073,20050710,PRCP,0,,,a,
ASN00014073,20050711,PRCP,0,,,a,
ASN00014073,20050712,PRCP,0,,,a,
ASN00014073,20050713,PRCP,0,,,a,
ASN00014073,20050714,PRCP,0,,,a,
ASN00014073,20050715,PRCP,0,,,a,
ASN00014073,20050716,PRCP,0,,,a,
ASN00014073,20050717,PRCP,0,,,a,
ASN00014073,20050718,PRCP,0,,,a,
ASN00014073,20050719,PRCP,0,,,a,
ASN00014073,20050720,PRCP,0,,,a,
ASN00014073,20050721,PRCP,0,,,a,
ASN00014073,20050722,PRCP,0,,,a,
ASN00014073,20050723,PRCP,0,,,a,
ASN00014073,20050724,PRCP,0,,,a,
ASN00014073,20050725,PRCP,0,,,a,
ASN00014073,20050726,PRCP,0,,,a,
ASN00014073,20050727,PRCP,0,,,a,
ASN00014073,20050728,PRCP,0,,,a,
ASN00014073,20050729,PRCP,0,,,a,
ASN00014073,20050730,PRCP,0,,,a,
ASN00014073,20050731,PRCP,0,,,a,
ASN00014073,20050801,PRCP,0,,,a,
ASN00014073,20050802,PRCP,0,,,a,
ASN00014073,20050803,PRCP,0,,,a,
ASN00014073,20050804,PRCP,0,,,a,
ASN00014073,20050805,PRCP,0,,,a,
ASN00014073,20050806,PRCP,0,,,a,
ASN00014073,20050807,PRCP,0,,,a,
ASN00014073,20050808,PRCP,0,,,a,
ASN00014073,20050809,PRCP,0,,,a,
ASN00014073,20050810,PRCP,0,,,a,
ASN00014073,20050811,PRCP,0,,,a,
ASN00014073,20050812,PRCP,0,,,a,
ASN00014073,20050813,PRCP,0,,,a,
ASN00014073,20050814,PRCP,0,,,a,
ASN00014073,20050815,PRCP,0,,,a,
ASN00014073,20050816,PRCP,0,,,a,
ASN00014073,20050817,PRCP,0,,,a,
ASN00014073,20050818,PRCP,0,,,a,
ASN00014073,20050819,PRCP,0,,,a,
ASN00014073,20050820,PRCP,0,,,a,
ASN00014073,20050821,PRCP,0,,,a,
ASN00014073,20050822,PRCP,0,,,a,
ASN00014073,20050823,PRCP,0,,,a,
ASN00014073,20050824,PRCP,0,,,a,
ASN00014073,20050825,PRCP,0,,,a,
ASN00014073,20050826,PRCP,0,,,a,
ASN00014073,20050827,PRCP,0,,,a,
ASN00014073,20050828,PRCP,0,,,a,
ASN00014073,20050829,PRCP,0,,,a,
ASN00014073,20050830,PRCP,0,,,a,
ASN00014073,20050831,PRCP,0,,,a,
ASN00014073,20050901,PRCP,0,,,a,
ASN00014073,20050902,PRCP,0,,,a,
ASN00014073,20050903,PRCP,0,,,a,
ASN00014073,20050904,PRCP,0,,,a,
ASN00014073,20050905,PRCP,0,,,a,
ASN00014073,20050906,PRCP,0,,,a,
ASN00014073,20050907,PRCP,0,,,a,
ASN00014073,20050908,PRCP,0,,,a,
ASN00014073,20050909,PRCP,0,,,a,
ASN00014073,20050910,PRCP,0,,,a,
ASN00014073,20050911,PRCP,0,,,a,
ASN00014073,20050912,PRCP,0,,,a,
ASN00014073,20050913,PRCP,0,,,a,
ASN00014073,20050914,PRCP,0,,,a,
ASN00014073,20050915,PRCP,0,,,a,
ASN00014073,20050916,PRCP,0,,,a,
ASN00014073,20050917,PRCP,50,,,a,
ASN00014073,20050918,PRCP,0,,,a,
ASN00014073,20050919,PRCP,0,,,a,
ASN00014073,20050920,PRCP,0,,,a,
ASN00014073,20050921,PRCP,0,,,a,
ASN00014073,20050922,PRCP,0,,,a,
ASN00014073,20050923,PRCP,0,,,a,
ASN00014073,20050924,PRCP,0,,,a,
ASN00014073,20050925,PRCP,0,,,a,
ASN00014073,20050926,PRCP,0,,,a,
ASN00014073,20050927,PRCP,0,,,a,
ASN00014073,20050928,PRCP,0,,,a,
ASN00014073,20050929,PRCP,0,,,a,
ASN00014073,20050930,PRCP,0,,,a,
ASN00014073,20070301,PRCP,144,,,a,
ASN00014073,20120801,PRCP,0,,,a,
ASN00014073,20120802,PRCP,0,,,a,
ASN00014073,20120803,PRCP,0,,,a,
ASN00014073,20120804,PRCP,0,,,a,
ASN00014073,20120805,PRCP,0,,,a,
ASN00014073,20120806,PRCP,0,,,a,
ASN00014073,20120807,PRCP,0,,,a,
ASN00014073,20120808,PRCP,0,,,a,
ASN00014073,20120809,PRCP,0,,,a,
ASN00014073,20120810,PRCP,0,,,a,
ASN00014073,20120811,PRCP,0,,,a,
ASN00014073,20120812,PRCP,0,,,a,
ASN00014073,20120813,PRCP,0,,,a,
ASN00014073,20120814,PRCP,0,,,a,
ASN00014073,20120815,PRCP,0,,,a,
ASN00014073,20120816,PRCP,0,,,a,
ASN00014073,20120817,PRCP,0,,,a,
ASN00014073,20120818,PRCP,0,,,a,
ASN00014073,20120819,PRCP,0,,,a,
ASN00014073,20120820,PRCP,0,,,a,
ASN00014073,20120821,PRCP,0,,,a,
ASN00014073,20120822,PRCP,0,,,a,
ASN00014073,20120823,PRCP,0,,,a,
ASN00014073,20120824,PRCP,0,,,a,
ASN00014073,20120825,PRCP,0,,,a,
ASN00014073,20120826,PRCP,0,,,a,
ASN00014073,20120827,PRCP,0,,,a,
ASN00014073,20120828,PRCP,0,,,a,
ASN00014073,20120829,PRCP,0,,,a,
ASN00014073,20120830,PRCP,0,,,a,
ASN00014073,20120831,PRCP,0,,,a,
ASN00014073,20120901,PRCP,0,,,a,
ASN00014073,20120902,PRCP,0,,,a,
ASN00014073,20120903,PRCP,0,,,a,
ASN00014073,20120904,PRCP,0,,,a,
ASN00014073,20120905,PRCP,0,,,a,
ASN00014073,20120906,PRCP,0,,,a,
ASN00014073,20120907,PRCP,0,,,a,
ASN00014073,20120908,PRCP,0,,,a,
ASN00014073,20120909,PRCP,0,,,a,
ASN00014073,20120910,PRCP,0,,,a,
ASN00014073,20120911,PRCP,0,,,a,
ASN00014073,20120912,PRCP,0,,,a,
ASN00014073,20120913,PRCP,0,,,a,
ASN00014073,20120914,PRCP,0,,,a,
ASN00014073,20120915,PRCP,0,,,a,
ASN00014073,20120916,PRCP,0,,,a,
ASN00014073,20120917,PRCP,0,,,a,
ASN00014073,20120918,PRCP,0,,,a,
ASN00014073,20120919,PRCP,0,,,a,
ASN00014073,20120920,PRCP,0,,,a,
ASN00014073,20120921,PRCP,0,,,a,
ASN00014073,20120922,PRCP,0,,,a,
ASN00014073,20120923,PRCP,0,,,a,
ASN00014073,20120924,PRCP,0,,,a,
ASN00014073,20120925,PRCP,0,,,a,
ASN00014073,20120926,PRCP,0,,,a,
ASN00014073,20120927,PRCP,0,,,a,
ASN00014073,20120928,PRCP,0,,,a,
ASN00014073,20120929,PRCP,0,,,a,
ASN00014073,20120930,PRCP,7,,,a,
ASN00014073,20121001,PRCP,9,,,a,
ASN00014073,20121002,PRCP,0,,,a,
ASN00014073,20121003,PRCP,0,,,a,
ASN00014073,20121004,PRCP,0,,,a,
ASN00014073,20121005,PRCP,0,,,a,
ASN00014073,20121006,PRCP,0,,,a,
ASN00014073,20121007,PRCP,0,,,a,
ASN00014073,20121008,PRCP,0,,,a,
ASN00014073,20121009,PRCP,0,,,a,
ASN00014073,20121010,PRCP,0,,,a,
ASN00014073,20121011,PRCP,0,,,a,
ASN00014073,20121012,PRCP,0,,,a,
ASN00014073,20121013,PRCP,0,,,a,
ASN00014073,20121014,PRCP,0,,,a,
ASN00014073,20121015,PRCP,0,,,a,
ASN00014073,20121016,PRCP,0,,,a,
ASN00014073,20121017,PRCP,0,,,a,
ASN00014073,20121018,PRCP,105,,,a,
ASN00014073,20121019,PRCP,0,,,a,
ASN00014073,20121020,PRCP,0,,,a,
ASN00014073,20121021,PRCP,0,,,a,
ASN00014073,20121022,PRCP,0,,,a,
ASN00014073,20121023,PRCP,34,,,a,
ASN00014073,20121024,PRCP,10,,,a,
ASN00014073,20121025,PRCP,0,,,a,
ASN00014073,20121026,PRCP,0,,,a,
ASN00014073,20121027,PRCP,0,,,a,
ASN00014073,20121028,PRCP,0,,,a,
ASN00014073,20121029,PRCP,0,,,a,
ASN00014073,20121030,PRCP,0,,,a,
ASN00014073,20121031,PRCP,0,,,a,
ASN00014073,20121101,PRCP,0,,,a,
ASN00014073,20121102,PRCP,0,,,a,
ASN00014073,20121103,PRCP,0,,,a,
ASN00014073,20121104,PRCP,0,,,a,
ASN00014073,20121105,PRCP,0,,,a,
ASN00014073,20121106,PRCP,0,,,a,
ASN00014073,20121107,PRCP,272,,,a,
ASN00014073,20121108,PRCP,0,,,a,
ASN00014073,20121109,PRCP,475,,,a,
ASN00014073,20121110,PRCP,0,,,a,
ASN00014073,20121111,PRCP,0,,,a,
ASN00014073,20121112,PRCP,0,,,a,
ASN00014073,20121113,PRCP,0,,,a,
ASN00014073,20121114,PRCP,0,,,a,
ASN00014073,20121115,PRCP,0,,,a,
ASN00014073,20121116,PRCP,0,,,a,
ASN00014073,20121117,PRCP,0,,,a,
ASN00014073,20121118,PRCP,120,,,a,
ASN00014073,20121119,PRCP,84,,,a,
ASN00014073,20121120,PRCP,0,,,a,
ASN00014073,20121121,PRCP,0,,,a,
ASN00014073,20121122,PRCP,0,,,a,
ASN00014073,20121123,PRCP,0,,,a,
ASN00014073,20121124,PRCP,190,,,a,
ASN00014073,20121125,PRCP,0,,,a,
ASN00014073,20121126,PRCP,0,,,a,
ASN00014073,20121127,PRCP,0,,,a,
ASN00014073,20121128,PRCP,0,,,a,
ASN00014073,20121129,PRCP,240,,,a,
ASN00014073,20121130,PRCP,0,,,a,
ASN00014073,20121201,PRCP,590,,,a,
ASN00014073,20121202,PRCP,0,,,a,
ASN00014073,20121203,PRCP,0,,,a,
ASN00014073,20121204,PRCP,0,,,a,
ASN00014073,20121205,PRCP,0,,,a,
ASN00014073,20121206,PRCP,0,,,a,
ASN00014073,20121207,PRCP,0,,,a,
ASN00014073,20121208,PRCP,0,,,a,
ASN00014073,20121209,PRCP,0,,,a,
ASN00014073,20121210,PRCP,210,,,a,
ASN00014073,20121211,PRCP,0,,,a,
ASN00014073,20121212,PRCP,90,,,a,
ASN00014073,20121213,PRCP,0,,,a,
ASN00014073,20121214,PRCP,0,,,a,
ASN00014073,20121215,PRCP,240,,,a,
ASN00014073,20121216,PRCP,0,,,a,
ASN00014073,20121217,PRCP,0,,,a,
ASN00014073,20121218,PRCP,0,,,a,
ASN00014073,20121219,PRCP,110,,,a,
ASN00014073,20121220,PRCP,0,,,a,
ASN00014073,20121221,PRCP,0,,,a,
ASN00014073,20121222,PRCP,0,,,a,
ASN00014073,20121223,PRCP,0,,,a,
ASN00014073,20121224,PRCP,280,,,a,
ASN00014073,20121225,PRCP,0,,,a,
ASN00014073,20121226,PRCP,0,,,a,
ASN00014073,20121227,PRCP,0,,,a,
ASN00014073,20121228,PRCP,260,,,a,
ASN00014073,20121229,PRCP,120,,,a,
ASN00014073,20121230,PRCP,0,,,a,
ASN00014073,20121231,PRCP,20,,,a,
ASN00014073,20130101,PRCP,0,,,a,
ASN00014073,20130102,PRCP,0,,,a,
ASN00014073,20130103,PRCP,60,,,a,
ASN00014073,20130104,PRCP,390,,,a,
ASN00014073,20130105,PRCP,0,,,a,
ASN00014073,20130106,PRCP,0,,,a,
ASN00014073,20130107,PRCP,0,,,a,
ASN00014073,20130108,PRCP,0,,,a,
ASN00014073,20130109,PRCP,0,,,a,
ASN00014073,20130110,PRCP,0,,,a,
ASN00014073,20130111,PRCP,0,,,a,
ASN00014073,20130112,PRCP,0,,,a,
ASN00014073,20130113,PRCP,0,,,a,
ASN00014073,20130114,PRCP,0,,,a,
ASN00014073,20130115,PRCP,20,,,a,
ASN00014073,20130116,PRCP,0,,,a,
ASN00014073,20130117,PRCP,0,,,a,
ASN00014073,20130118,PRCP,0,,,a,
ASN00014073,20130119,PRCP,0,,,a,
ASN00014073,20130120,PRCP,170,,,a,
ASN00014073,20130121,PRCP,0,,,a,
ASN00014073,20130122,PRCP,0,,,a,
ASN00014073,20130123,PRCP,0,,,a,
ASN00014073,20130124,PRCP,0,,,a,
ASN00014073,20130125,PRCP,0,,,a,
ASN00014073,20130126,PRCP,0,,,a,
ASN00014073,20130127,PRCP,0,,,a,
ASN00014073,20130128,PRCP,0,,,a,
ASN00014073,20130129,PRCP,0,,,a,
ASN00014073,20130130,PRCP,0,,,a,
ASN00014073,20130131,PRCP,20,,,a,
ASN00014073,20130301,PRCP,0,,,a,
ASN00014073,20130302,PRCP,0,,,a,
ASN00014073,20130303,PRCP,0,,,a,
ASN00014073,20130304,PRCP,0,,,a,
ASN00014073,20130305,PRCP,0,,,a,
ASN00014073,20130306,PRCP,100,,,a,
ASN00014073,20130307,PRCP,0,,,a,
ASN00014073,20130308,PRCP,0,,,a,
ASN00014073,20130309,PRCP,0,,,a,
ASN00014073,20130310,PRCP,0,,,a,
ASN00014073,20130311,PRCP,0,,,a,
ASN00014073,20130312,PRCP,90,,,a,
ASN00014073,20130313,PRCP,0,,,a,
ASN00014073,20130314,PRCP,0,,,a,
ASN00014073,20130315,PRCP,0,,,a,
ASN00014073,20130316,PRCP,160,,,a,
ASN00014073,20130317,PRCP,0,,,a,
ASN00014073,20130318,PRCP,0,,,a,
ASN00014073,20130319,PRCP,0,,,a,
ASN00014073,20130320,PRCP,0,,,a,
ASN00014073,20130321,PRCP,0,,,a,
ASN00014073,20130322,PRCP,0,,,a,
ASN00014073,20130323,PRCP,0,,,a,
ASN00014073,20130324,PRCP,0,,,a,
ASN00014073,20130325,PRCP,0,,,a,
ASN00014073,20130326,PRCP,100,,,a,
ASN00014073,20130331,DAPR,5,,,a,
ASN00014073,20130331,DWPR,5,,,a,
ASN00014073,20130331,MDPR,1930,,,a,
ASN00014073,20130401,PRCP,0,,,a,
ASN00014073,20130402,PRCP,0,,,a,
ASN00014073,20130403,PRCP,0,,,a,
ASN00014073,20130404,PRCP,0,,,a,
ASN00014073,20130405,PRCP,0,,,a,
ASN00014073,20130406,PRCP,0,,,a,
ASN00014073,20130407,PRCP,0,,,a,
ASN00014073,20130408,PRCP,0,,,a,
ASN00014073,20130409,PRCP,0,,,a,
ASN00014073,20130410,PRCP,0,,,a,
ASN00014073,20130411,PRCP,0,,,a,
ASN00014073,20130412,PRCP,0,,,a,
ASN00014073,20130413,PRCP,0,,,a,
ASN00014073,20130414,PRCP,0,,,a,
ASN00014073,20130415,PRCP,0,,,a,
ASN00014073,20130416,PRCP,0,,,a,
ASN00014073,20130417,PRCP,0,,,a,
ASN00014073,20130418,PRCP,0,,,a,
ASN00014073,20130419,PRCP,0,,,a,
ASN00014073,20130420,PRCP,0,,,a,
ASN00014073,20130421,PRCP,0,,,a,
ASN00014073,20130422,PRCP,0,,,a,
ASN00014073,20130423,PRCP,0,,,a,
ASN00014073,20130424,PRCP,0,,,a,
ASN00014073,20130425,PRCP,0,,,a,
ASN00014073,20130426,PRCP,0,,,a,
ASN00014073,20130427,PRCP,0,,,a,
ASN00014073,20130428,PRCP,0,,,a,
ASN00014073,20130429,PRCP,0,,,a,
ASN00014073,20130430,PRCP,0,,,a,
ASN00014073,20130701,PRCP,0,,,a,
ASN00014073,20130702,PRCP,0,,,a,
ASN00014073,20130703,PRCP,0,,,a,
ASN00014073,20130704,PRCP,0,,,a,
ASN00014073,20130705,PRCP,0,,,a,
ASN00014073,20130706,PRCP,0,,,a,
ASN00014073,20130707,PRCP,0,,,a,
ASN00014073,20130708,PRCP,0,,,a,
ASN00014073,20130709,PRCP,0,,,a,
ASN00014073,20130710,PRCP,0,,,a,
ASN00014073,20130711,PRCP,0,,,a,
ASN00014073,20130712,PRCP,0,,,a,
ASN00014073,20130713,PRCP,0,,,a,
ASN00014073,20130714,PRCP,0,,,a,
ASN00014073,20130715,PRCP,0,,,a,
ASN00014073,20130716,PRCP,0,,,a,
ASN00014073,20130717,PRCP,0,,,a,
ASN00014073,20130718,PRCP,0,,,a,
ASN00014073,20130719,PRCP,0,,,a,
ASN00014073,20130720,PRCP,0,,,a,
ASN00014073,20130721,PRCP,0,,,a,
ASN00014073,20130722,PRCP,0,,,a,
ASN00014073,20130723,PRCP,0,,,a,
ASN00014073,20130724,PRCP,0,,,a,
ASN00014073,20130725,PRCP,0,,,a,
ASN00014073,20130726,PRCP,0,,,a,
ASN00014073,20130727,PRCP,0,,,a,
ASN00014073,20130728,PRCP,0,,,a,
ASN00014073,20130729,PRCP,0,,,a,
ASN00014073,20130730,PRCP,0,,,a,
ASN00014073,20130731,PRCP,0,,,a,
ASN00014073,20130801,PRCP,0,,,a,
ASN00014073,20130802,PRCP,0,,,a,
ASN00014073,20130803,PRCP,0,,,a,
ASN00014073,20130804,PRCP,0,,,a,
ASN00014073,20130805,PRCP,0,,,a,
ASN00014073,20130806,PRCP,0,,,a,
ASN00014073,20130807,PRCP,0,,,a,
ASN00014073,20130808,PRCP,0,,,a,
ASN00014073,20130809,PRCP,0,,,a,
ASN00014073,20130810,PRCP,0,,,a,
ASN00014073,20130811,PRCP,0,,,a,
ASN00014073,20130812,PRCP,0,,,a,
ASN00014073,20130813,PRCP,0,,,a,
ASN00014073,20130814,PRCP,0,,,a,
ASN00014073,20130815,PRCP,0,,,a,
ASN00014073,20130816,PRCP,0,,,a,
ASN00014073,20130817,PRCP,0,,,a,
ASN00014073,20130818,PRCP,0,,,a,
ASN00014073,20130819,PRCP,0,,,a,
ASN00014073,20130820,PRCP,0,,,a,
ASN00014073,20130821,PRCP,0,,,a,
ASN00014073,20130822,PRCP,0,,,a,
ASN00014073,20130823,PRCP,0,,,a,
ASN00014073,20130824,PRCP,0,,,a,
ASN00014073,20130825,PRCP,0,,,a,
ASN00014073,20130826,PRCP,0,,,a,
ASN00014073,20130827,PRCP,0,,,a,
ASN00014073,20130828,PRCP,0,,,a,
ASN00014073,20130829,PRCP,0,,,a,
ASN00014073,20130830,PRCP,0,,,a,
ASN00014073,20130831,PRCP,0,,,a,
