ASN00023718,18700201,PRCP,0,,,a,
ASN00023718,18700202,PRCP,0,,,a,
ASN00023718,18700203,PRCP,0,,,a,
ASN00023718,18700204,PRCP,0,,,a,
ASN00023718,18700205,PRCP,0,,,a,
ASN00023718,18700206,PRCP,0,,,a,
ASN00023718,18700207,PRCP,0,,,a,
ASN00023718,18700208,PRCP,0,,,a,
ASN00023718,18700209,PRCP,0,,,a,
ASN00023718,18700210,PRCP,0,,,a,
ASN00023718,18700211,PRCP,0,,,a,
ASN00023718,18700212,PRCP,0,,,a,
ASN00023718,18700213,PRCP,0,,,a,
ASN00023718,18700214,PRCP,0,,,a,
ASN00023718,18700215,PRCP,0,,,a,
ASN00023718,18700216,PRCP,0,,,a,
ASN00023718,18700217,PRCP,0,,,a,
ASN00023718,18700218,PRCP,0,,,a,
ASN00023718,18700219,PRCP,0,,,a,
ASN00023718,18700220,PRCP,0,,,a,
ASN00023718,18700221,PRCP,0,,,a,
ASN00023718,18700222,PRCP,0,,,a,
ASN00023718,18700223,PRCP,0,,,a,
ASN00023718,18700224,PRCP,0,,,a,
ASN00023718,18700225,PRCP,0,,,a,
ASN00023718,18700226,PRCP,0,,,a,
ASN00023718,18700227,PRCP,0,,,a,
ASN00023718,18700228,PRCP,0,,,a,
ASN00023718,18780101,PRCP,0,,,a,
ASN00023718,18780102,PRCP,0,,,a,
ASN00023718,18780103,PRCP,0,,,a,
ASN00023718,18780104,PRCP,0,,,a,
ASN00023718,18780105,PRCP,0,,,a,
ASN00023718,18780106,PRCP,0,,,a,
ASN00023718,18780107,PRCP,0,,,a,
ASN00023718,18780108,PRCP,0,,,a,
ASN00023718,18780109,PRCP,0,,,a,
ASN00023718,18780110,PRCP,0,,,a,
ASN00023718,18780111,PRCP,0,,,a,
ASN00023718,18780112,PRCP,0,,,a,
ASN00023718,18780113,PRCP,0,,,a,
ASN00023718,18780114,PRCP,0,,,a,
ASN00023718,18780115,PRCP,0,,,a,
ASN00023718,18780116,PRCP,0,,,a,
ASN00023718,18780117,PRCP,0,,,a,
ASN00023718,18780118,PRCP,0,,,a,
ASN00023718,18780119,PRCP,0,,,a,
ASN00023718,18780120,PRCP,0,,,a,
ASN00023718,18780121,PRCP,0,,,a,
ASN00023718,18780122,PRCP,0,,,a,
ASN00023718,18780123,PRCP,0,,,a,
ASN00023718,18780124,PRCP,0,,,a,
ASN00023718,18780125,PRCP,0,,,a,
ASN00023718,18780126,PRCP,0,,,a,
ASN00023718,18780127,PRCP,0,,,a,
ASN00023718,18780128,PRCP,0,,,a,
ASN00023718,18780129,PRCP,0,,,a,
ASN00023718,18780130,PRCP,0,,,a,
ASN00023718,18780131,PRCP,0,,,a,
ASN00023718,18820201,PRCP,0,,,a,
ASN00023718,18820202,PRCP,0,,,a,
ASN00023718,18820203,PRCP,0,,,a,
ASN00023718,18820204,PRCP,0,,,a,
ASN00023718,18820205,PRCP,0,,,a,
ASN00023718,18820206,PRCP,0,,,a,
ASN00023718,18820207,PRCP,0,,,a,
ASN00023718,18820208,PRCP,0,,,a,
ASN00023718,18820209,PRCP,0,,,a,
ASN00023718,18820210,PRCP,0,,,a,
ASN00023718,18820211,PRCP,0,,,a,
ASN00023718,18820212,PRCP,0,,,a,
ASN00023718,18820213,PRCP,0,,,a,
ASN00023718,18820214,PRCP,0,,,a,
ASN00023718,18820215,PRCP,0,,,a,
ASN00023718,18820216,PRCP,0,,,a,
ASN00023718,18820217,PRCP,0,,,a,
ASN00023718,18820218,PRCP,0,,,a,
ASN00023718,18820219,PRCP,0,,,a,
ASN00023718,18820220,PRCP,0,,,a,
ASN00023718,18820221,PRCP,0,,,a,
ASN00023718,18820222,PRCP,0,,,a,
ASN00023718,18820223,PRCP,0,,,a,
ASN00023718,18820224,PRCP,0,,,a,
ASN00023718,18820225,PRCP,0,,,a,
ASN00023718,18820226,PRCP,0,,,a,
ASN00023718,18820227,PRCP,0,,,a,
ASN00023718,18820228,PRCP,0,,,a,
ASN00023718,18860501,PRCP,0,,,a,
ASN00023718,18860502,PRCP,0,,,a,
ASN00023718,18860503,PRCP,0,,,a,
ASN00023718,18860504,PRCP,0,,,a,
ASN00023718,18860505,PRCP,30,,,a,
ASN00023718,18860506,PRCP,0,,,a,
ASN00023718,18860507,PRCP,0,,,a,
ASN00023718,18860508,PRCP,43,,,a,
ASN00023718,18860509,PRCP,0,,,a,
ASN00023718,18860510,PRCP,8,,,a,
ASN00023718,18860511,PRCP,0,,,a,
ASN00023718,18860512,PRCP,5,,,a,
ASN00023718,18860513,PRCP,3,,,a,
ASN00023718,18860514,PRCP,0,,,a,
ASN00023718,18860515,PRCP,0,,,a,
ASN00023718,18860516,PRCP,0,,,a,
ASN00023718,18860517,PRCP,0,,,a,
ASN00023718,18860518,PRCP,41,,,a,
ASN00023718,18860519,PRCP,8,,,a,
ASN00023718,18860520,PRCP,13,,,a,
ASN00023718,18860521,PRCP,0,,,a,
ASN00023718,18860522,PRCP,0,,,a,
ASN00023718,18860523,PRCP,0,,,a,
ASN00023718,18860524,PRCP,0,,,a,
ASN00023718,18860525,PRCP,0,,,a,
ASN00023718,18860526,PRCP,13,,,a,
ASN00023718,18860527,PRCP,3,,,a,
ASN00023718,18860528,PRCP,0,,,a,
ASN00023718,18860529,PRCP,0,,,a,
ASN00023718,18860530,PRCP,0,,,a,
ASN00023718,18860531,PRCP,0,,,a,
ASN00023718,18860701,PRCP,0,,,a,
ASN00023718,18860702,PRCP,0,,,a,
ASN00023718,18860703,PRCP,112,,,a,
ASN00023718,18860704,PRCP,0,,,a,
ASN00023718,18860705,PRCP,5,,,a,
ASN00023718,18860706,PRCP,0,,,a,
ASN00023718,18860707,PRCP,0,,,a,
ASN00023718,18860708,PRCP,0,,,a,
ASN00023718,18860709,PRCP,0,,,a,
ASN00023718,18860710,PRCP,0,,,a,
ASN00023718,18860711,PRCP,157,,,a,
ASN00023718,18860712,PRCP,15,,,a,
ASN00023718,18860713,PRCP,28,,,a,
ASN00023718,18860714,PRCP,3,,,a,
ASN00023718,18860715,PRCP,0,,,a,
ASN00023718,18860716,PRCP,0,,,a,
ASN00023718,18860717,PRCP,38,,,a,
ASN00023718,18860720,PRCP,0,,,a,
ASN00023718,18860721,PRCP,36,,,a,
ASN00023718,18860722,PRCP,53,,,a,
ASN00023718,18860723,PRCP,127,,,a,
ASN00023718,18860724,PRCP,91,,,a,
ASN00023718,18860727,PRCP,36,,,a,
ASN00023718,18860728,PRCP,5,,,a,
ASN00023718,18860729,PRCP,0,,,a,
ASN00023718,18860730,PRCP,8,,,a,
ASN00023718,18860731,PRCP,51,,,a,
ASN00023718,18860719,DAPR,2,,,a,
ASN00023718,18860726,DAPR,2,,,a,
ASN00023718,18860719,DWPR,1,,,a,
ASN00023718,18860726,DWPR,1,,,a,
ASN00023718,18860719,MDPR,30,,,a,
ASN00023718,18860726,MDPR,53,,,a,
ASN00023718,18860801,PRCP,0,,,a,
ASN00023718,18860802,PRCP,20,,,a,
ASN00023718,18860803,PRCP,18,,,a,
ASN00023718,18860804,PRCP,38,,,a,
ASN00023718,18860805,PRCP,0,,,a,
ASN00023718,18860806,PRCP,0,,,a,
ASN00023718,18860807,PRCP,15,,,a,
ASN00023718,18860808,PRCP,0,,,a,
ASN00023718,18860809,PRCP,23,,,a,
ASN00023718,18860810,PRCP,66,,,a,
ASN00023718,18860811,PRCP,8,,,a,
ASN00023718,18860812,PRCP,0,,,a,
ASN00023718,18860813,PRCP,0,,,a,
ASN00023718,18860814,PRCP,216,,,a,
ASN00023718,18860815,PRCP,0,,,a,
ASN00023718,18860816,PRCP,5,,,a,
ASN00023718,18860817,PRCP,25,,,a,
ASN00023718,18860818,PRCP,185,,,a,
ASN00023718,18860819,PRCP,74,,,a,
ASN00023718,18860820,PRCP,99,,,a,
ASN00023718,18860821,PRCP,64,,,a,
ASN00023718,18860822,PRCP,0,,,a,
ASN00023718,18860823,PRCP,0,,,a,
ASN00023718,18860824,PRCP,0,,,a,
ASN00023718,18860825,PRCP,0,,,a,
ASN00023718,18860826,PRCP,0,,,a,
ASN00023718,18860827,PRCP,0,,,a,
ASN00023718,18860828,PRCP,46,,,a,
ASN00023718,18860831,PRCP,10,,,a,
ASN00023718,18860830,DAPR,2,,,a,
ASN00023718,18860830,DWPR,1,,,a,
ASN00023718,18860830,MDPR,28,,,a,
ASN00023718,18860901,PRCP,56,,,a,
ASN00023718,18860902,PRCP,0,,,a,
ASN00023718,18860903,PRCP,0,,,a,
ASN00023718,18860904,PRCP,33,,,a,
ASN00023718,18860907,PRCP,0,,,a,
ASN00023718,18860908,PRCP,10,,,a,
ASN00023718,18860909,PRCP,18,,,a,
ASN00023718,18860910,PRCP,0,,,a,
ASN00023718,18860911,PRCP,33,,,a,
ASN00023718,18860912,PRCP,0,,,a,
ASN00023718,18860913,PRCP,0,,,a,
ASN00023718,18860914,PRCP,0,,,a,
ASN00023718,18860915,PRCP,0,,,a,
ASN00023718,18860916,PRCP,0,,,a,
ASN00023718,18860917,PRCP,0,,,a,
ASN00023718,18860918,PRCP,0,,,a,
ASN00023718,18860921,PRCP,10,,,a,
ASN00023718,18860922,PRCP,0,,,a,
ASN00023718,18860923,PRCP,0,,,a,
ASN00023718,18860924,PRCP,0,,,a,
ASN00023718,18860925,PRCP,0,,,a,
ASN00023718,18860926,PRCP,0,,,a,
ASN00023718,18860927,PRCP,0,,,a,
ASN00023718,18860928,PRCP,0,,,a,
ASN00023718,18860929,PRCP,0,,,a,
ASN00023718,18860930,PRCP,0,,,a,
ASN00023718,18860906,DAPR,2,,,a,
ASN00023718,18860920,DAPR,2,,,a,
ASN00023718,18860906,DWPR,1,,,a,
ASN00023718,18860920,DWPR,1,,,a,
ASN00023718,18860906,MDPR,84,,,a,
ASN00023718,18860920,MDPR,84,,,a,
ASN00023718,18861001,PRCP,10,,,a,
ASN00023718,18861002,PRCP,5,,,a,
ASN00023718,18861003,PRCP,0,,,a,
ASN00023718,18861004,PRCP,0,,,a,
ASN00023718,18861005,PRCP,0,,,a,
ASN00023718,18861006,PRCP,36,,,a,
ASN00023718,18861007,PRCP,0,,,a,
ASN00023718,18861008,PRCP,0,,,a,
ASN00023718,18861009,PRCP,0,,,a,
ASN00023718,18861010,PRCP,0,,,a,
ASN00023718,18861011,PRCP,15,,,a,
ASN00023718,18861012,PRCP,25,,,a,
ASN00023718,18861013,PRCP,3,,,a,
ASN00023718,18861014,PRCP,0,,,a,
ASN00023718,18861015,PRCP,0,,,a,
ASN00023718,18861016,PRCP,0,,,a,
ASN00023718,18861017,PRCP,0,,,a,
ASN00023718,18861018,PRCP,0,,,a,
ASN00023718,18861019,PRCP,25,,,a,
ASN00023718,18861020,PRCP,3,,,a,
ASN00023718,18861021,PRCP,84,,,a,
ASN00023718,18861022,PRCP,84,,,a,
ASN00023718,18861023,PRCP,163,,,a,
ASN00023718,18861026,PRCP,0,,,a,
ASN00023718,18861027,PRCP,0,,,a,
ASN00023718,18861028,PRCP,0,,,a,
ASN00023718,18861029,PRCP,0,,,a,
ASN00023718,18861030,PRCP,0,,,a,
ASN00023718,18861031,PRCP,0,,,a,
ASN00023718,18861025,DAPR,2,,,a,
ASN00023718,18861025,DWPR,1,,,a,
ASN00023718,18861025,MDPR,28,,,a,
ASN00023718,18861101,PRCP,0,,,a,
ASN00023718,18861102,PRCP,0,,,a,
ASN00023718,18861103,PRCP,18,,,a,
ASN00023718,18861104,PRCP,0,,,a,
ASN00023718,18861105,PRCP,0,,,a,
ASN00023718,18861106,PRCP,0,,,a,
ASN00023718,18861107,PRCP,0,,,a,
ASN00023718,18861108,PRCP,0,,,a,
ASN00023718,18861109,PRCP,0,,,a,
ASN00023718,18861110,PRCP,0,,,a,
ASN00023718,18861111,PRCP,0,,,a,
ASN00023718,18861112,PRCP,0,,,a,
ASN00023718,18861113,PRCP,0,,,a,
ASN00023718,18861114,PRCP,0,,,a,
ASN00023718,18861115,PRCP,0,,,a,
ASN00023718,18861116,PRCP,0,,,a,
ASN00023718,18861117,PRCP,0,,,a,
ASN00023718,18861118,PRCP,0,,,a,
ASN00023718,18861119,PRCP,0,,,a,
ASN00023718,18861120,PRCP,0,,,a,
ASN00023718,18861121,PRCP,0,,,a,
ASN00023718,18861122,PRCP,0,,,a,
ASN00023718,18861123,PRCP,0,,,a,
ASN00023718,18861124,PRCP,64,,,a,
ASN00023718,18861125,PRCP,5,,,a,
ASN00023718,18861126,PRCP,30,,,a,
ASN00023718,18861127,PRCP,0,,,a,
ASN00023718,18861128,PRCP,0,,,a,
ASN00023718,18861129,PRCP,0,,,a,
ASN00023718,18861130,PRCP,0,,,a,
ASN00023718,18861201,PRCP,0,,,a,
ASN00023718,18861202,PRCP,0,,,a,
ASN00023718,18861203,PRCP,0,,,a,
ASN00023718,18861204,PRCP,0,,,a,
ASN00023718,18861205,PRCP,0,,,a,
ASN00023718,18861206,PRCP,0,,,a,
ASN00023718,18861207,PRCP,0,,,a,
ASN00023718,18861208,PRCP,0,,,a,
ASN00023718,18861209,PRCP,0,,,a,
ASN00023718,18861210,PRCP,0,,,a,
ASN00023718,18861211,PRCP,0,,,a,
ASN00023718,18861212,PRCP,0,,,a,
ASN00023718,18861213,PRCP,0,,,a,
ASN00023718,18861214,PRCP,0,,,a,
ASN00023718,18861215,PRCP,0,,,a,
ASN00023718,18861216,PRCP,0,,,a,
ASN00023718,18861217,PRCP,33,,,a,
ASN00023718,18861218,PRCP,5,,,a,
ASN00023718,18861219,PRCP,0,,,a,
ASN00023718,18861220,PRCP,0,,,a,
ASN00023718,18861221,PRCP,0,,,a,
ASN00023718,18861222,PRCP,0,,,a,
ASN00023718,18861223,PRCP,0,,,a,
ASN00023718,18861224,PRCP,0,,,a,
ASN00023718,18861225,PRCP,0,,,a,
ASN00023718,18861226,PRCP,0,,,a,
ASN00023718,18861227,PRCP,0,,,a,
ASN00023718,18861228,PRCP,0,,,a,
ASN00023718,18861229,PRCP,0,,,a,
ASN00023718,18861230,PRCP,0,,,a,
ASN00023718,18861231,PRCP,0,,,a,
ASN00023718,18870101,PRCP,0,,,a,
ASN00023718,18870102,PRCP,0,,,a,
ASN00023718,18870103,PRCP,0,,,a,
ASN00023718,18870104,PRCP,0,,,a,
ASN00023718,18870105,PRCP,0,,,a,
ASN00023718,18870106,PRCP,0,,,a,
ASN00023718,18870107,PRCP,0,,,a,
ASN00023718,18870108,PRCP,0,,,a,
ASN00023718,18870109,PRCP,0,,,a,
ASN00023718,18870110,PRCP,0,,,a,
ASN00023718,18870111,PRCP,0,,,a,
ASN00023718,18870112,PRCP,0,,,a,
ASN00023718,18870113,PRCP,74,,,a,
ASN00023718,18870114,PRCP,58,,,a,
ASN00023718,18870115,PRCP,0,,,a,
ASN00023718,18870118,PRCP,0,,,a,
ASN00023718,18870119,PRCP,23,,,a,
ASN00023718,18870120,PRCP,0,,,a,
ASN00023718,18870121,PRCP,0,,,a,
ASN00023718,18870122,PRCP,0,,,a,
ASN00023718,18870123,PRCP,0,,,a,
ASN00023718,18870124,PRCP,0,,,a,
ASN00023718,18870125,PRCP,0,,,a,
ASN00023718,18870126,PRCP,0,,,a,
ASN00023718,18870127,PRCP,0,,,a,
ASN00023718,18870128,PRCP,0,,,a,
ASN00023718,18870129,PRCP,0,,,a,
ASN00023718,18870130,PRCP,0,,,a,
ASN00023718,18870131,PRCP,0,,,a,
ASN00023718,18870117,DAPR,2,,,a,
ASN00023718,18870117,DWPR,1,,,a,
ASN00023718,18870117,MDPR,211,,,a,
ASN00023718,18870201,PRCP,46,,,a,
ASN00023718,18870202,PRCP,0,,,a,
ASN00023718,18870203,PRCP,0,,,a,
ASN00023718,18870204,PRCP,0,,,a,
ASN00023718,18870205,PRCP,0,,,a,
ASN00023718,18870206,PRCP,0,,,a,
ASN00023718,18870207,PRCP,0,,,a,
ASN00023718,18870208,PRCP,0,,,a,
ASN00023718,18870209,PRCP,0,,,a,
ASN00023718,18870210,PRCP,0,,,a,
ASN00023718,18870211,PRCP,0,,,a,
ASN00023718,18870212,PRCP,0,,,a,
ASN00023718,18870213,PRCP,0,,,a,
ASN00023718,18870214,PRCP,5,,,a,
ASN00023718,18870215,PRCP,8,,,a,
ASN00023718,18870216,PRCP,48,,,a,
ASN00023718,18870217,PRCP,0,,,a,
ASN00023718,18870218,PRCP,0,,,a,
ASN00023718,18870219,PRCP,0,,,a,
ASN00023718,18870220,PRCP,0,,,a,
ASN00023718,18870221,PRCP,0,,,a,
ASN00023718,18870222,PRCP,0,,,a,
ASN00023718,18870223,PRCP,0,,,a,
ASN00023718,18870224,PRCP,0,,,a,
ASN00023718,18870225,PRCP,0,,,a,
ASN00023718,18870226,PRCP,0,,,a,
ASN00023718,18870227,PRCP,0,,,a,
ASN00023718,18870228,PRCP,0,,,a,
ASN00023718,18870301,PRCP,3,,,a,
ASN00023718,18870302,PRCP,0,,,a,
ASN00023718,18870303,PRCP,0,,,a,
ASN00023718,18870304,PRCP,0,,,a,
ASN00023718,18870305,PRCP,0,,,a,
ASN00023718,18870306,PRCP,8,,,a,
ASN00023718,18870307,PRCP,0,,,a,
ASN00023718,18870308,PRCP,0,,,a,
ASN00023718,18870309,PRCP,0,,,a,
ASN00023718,18870310,PRCP,0,,,a,
ASN00023718,18870311,PRCP,18,,,a,
ASN00023718,18870312,PRCP,10,,,a,
ASN00023718,18870313,PRCP,0,,,a,
ASN00023718,18870314,PRCP,0,,,a,
ASN00023718,18870315,PRCP,0,,,a,
ASN00023718,18870316,PRCP,0,,,a,
ASN00023718,18870317,PRCP,0,,,a,
ASN00023718,18870318,PRCP,0,,,a,
ASN00023718,18870319,PRCP,0,,,a,
ASN00023718,18870320,PRCP,0,,,a,
ASN00023718,18870321,PRCP,0,,,a,
ASN00023718,18870322,PRCP,0,,,a,
ASN00023718,18870323,PRCP,0,,,a,
ASN00023718,18870324,PRCP,0,,,a,
ASN00023718,18870325,PRCP,8,,,a,
ASN00023718,18870326,PRCP,0,,,a,
ASN00023718,18870327,PRCP,0,,,a,
ASN00023718,18870328,PRCP,0,,,a,
ASN00023718,18870329,PRCP,0,,,a,
ASN00023718,18870330,PRCP,0,,,a,
ASN00023718,18870331,PRCP,0,,,a,
ASN00023718,18870401,PRCP,15,,,a,
ASN00023718,18870402,PRCP,0,,,a,
ASN00023718,18870403,PRCP,0,,,a,
ASN00023718,18870404,PRCP,0,,,a,
ASN00023718,18870405,PRCP,0,,,a,
ASN00023718,18870406,PRCP,0,,,a,
ASN00023718,18870407,PRCP,0,,,a,
ASN00023718,18870408,PRCP,0,,,a,
ASN00023718,18870409,PRCP,0,,,a,
ASN00023718,18870410,PRCP,0,,,a,
ASN00023718,18870411,PRCP,0,,,a,
ASN00023718,18870412,PRCP,0,,,a,
ASN00023718,18870413,PRCP,0,,,a,
ASN00023718,18870414,PRCP,0,,,a,
ASN00023718,18870415,PRCP,0,,,a,
ASN00023718,18870416,PRCP,38,,,a,
ASN00023718,18870417,PRCP,0,,,a,
ASN00023718,18870418,PRCP,0,,,a,
ASN00023718,18870419,PRCP,5,,,a,
ASN00023718,18870420,PRCP,10,,,a,
ASN00023718,18870421,PRCP,5,,,a,
ASN00023718,18870422,PRCP,0,,,a,
ASN00023718,18870423,PRCP,0,,,a,
ASN00023718,18870424,PRCP,0,,,a,
ASN00023718,18870425,PRCP,0,,,a,
ASN00023718,18870426,PRCP,8,,,a,
ASN00023718,18870427,PRCP,13,,,a,
ASN00023718,18870428,PRCP,0,,,a,
ASN00023718,18870429,PRCP,0,,,a,
ASN00023718,18870430,PRCP,46,,,a,
ASN00023718,18870501,PRCP,0,,,a,
ASN00023718,18870502,PRCP,0,,,a,
ASN00023718,18870503,PRCP,46,,,a,
ASN00023718,18870504,PRCP,0,,,a,
ASN00023718,18870505,PRCP,0,,,a,
ASN00023718,18870506,PRCP,56,,,a,
ASN00023718,18870507,PRCP,23,,,a,
ASN00023718,18870508,PRCP,89,,,a,
ASN00023718,18870509,PRCP,0,,,a,
ASN00023718,18870510,PRCP,66,,,a,
ASN00023718,18870511,PRCP,25,,,a,
ASN00023718,18870512,PRCP,0,,,a,
ASN00023718,18870513,PRCP,58,,,a,
ASN00023718,18870514,PRCP,124,,,a,
ASN00023718,18870517,PRCP,25,,,a,
ASN00023718,18870518,PRCP,0,,,a,
ASN00023718,18870519,PRCP,0,,,a,
ASN00023718,18870520,PRCP,0,,,a,
ASN00023718,18870521,PRCP,5,,,a,
ASN00023718,18870522,PRCP,0,,,a,
ASN00023718,18870523,PRCP,3,,,a,
ASN00023718,18870524,PRCP,0,,,a,
ASN00023718,18870525,PRCP,3,,,a,
ASN00023718,18870526,PRCP,0,,,a,
ASN00023718,18870527,PRCP,0,,,a,
ASN00023718,18870528,PRCP,25,,,a,
ASN00023718,18870531,PRCP,0,,,a,
ASN00023718,18870516,DAPR,2,,,a,
ASN00023718,18870530,DAPR,2,,,a,
ASN00023718,18870516,DWPR,1,,,a,
ASN00023718,18870530,DWPR,1,,,a,
ASN00023718,18870516,MDPR,51,,,a,
ASN00023718,18870530,MDPR,66,,,a,
ASN00023718,18870601,PRCP,127,,,a,
ASN00023718,18870602,PRCP,0,,,a,
ASN00023718,18870603,PRCP,145,,,a,
ASN00023718,18870604,PRCP,86,,,a,
ASN00023718,18870607,PRCP,0,,,a,
ASN00023718,18870608,PRCP,0,,,a,
ASN00023718,18870609,PRCP,8,,,a,
ASN00023718,18870610,PRCP,0,,,a,
ASN00023718,18870611,PRCP,107,,,a,
ASN00023718,18870612,PRCP,0,,,a,
ASN00023718,18870613,PRCP,15,,,a,
ASN00023718,18870614,PRCP,28,,,a,
ASN00023718,18870615,PRCP,58,,,a,
ASN00023718,18870616,PRCP,0,,,a,
ASN00023718,18870617,PRCP,0,,,a,
ASN00023718,18870618,PRCP,0,,,a,
ASN00023718,18870621,PRCP,58,,,a,
ASN00023718,18870622,PRCP,10,,,a,
ASN00023718,18870623,PRCP,81,,,a,
ASN00023718,18870624,PRCP,104,,,a,
ASN00023718,18870625,PRCP,41,,,a,
ASN00023718,18870626,PRCP,0,,,a,
ASN00023718,18870627,PRCP,0,,,a,
ASN00023718,18870628,PRCP,33,,,a,
ASN00023718,18870629,PRCP,61,,,a,
ASN00023718,18870630,PRCP,0,,,a,
ASN00023718,18870606,DAPR,2,,,a,
ASN00023718,18870620,DAPR,2,,,a,
ASN00023718,18870606,DWPR,1,,,a,
ASN00023718,18870620,DWPR,1,,,a,
ASN00023718,18870606,MDPR,74,,,a,
ASN00023718,18870620,MDPR,66,,,a,
ASN00023718,18870701,PRCP,439,,,a,
ASN00023718,18870702,PRCP,3,,,a,
ASN00023718,18870705,PRCP,0,,,a,
ASN00023718,18870706,PRCP,33,,,a,
ASN00023718,18870707,PRCP,3,,,a,
ASN00023718,18870708,PRCP,38,,,a,
ASN00023718,18870709,PRCP,48,,,a,
ASN00023718,18870710,PRCP,0,,,a,
ASN00023718,18870711,PRCP,0,,,a,
ASN00023718,18870712,PRCP,0,,,a,
ASN00023718,18870713,PRCP,0,,,a,
ASN00023718,18870714,PRCP,0,,,a,
ASN00023718,18870715,PRCP,0,,,a,
ASN00023718,18870716,PRCP,25,,,a,
ASN00023718,18870717,PRCP,0,,,a,
ASN00023718,18870718,PRCP,0,,,a,
ASN00023718,18870719,PRCP,71,,,a,
ASN00023718,18870720,PRCP,8,,,a,
ASN00023718,18870721,PRCP,74,,,a,
ASN00023718,18870722,PRCP,41,,,a,
ASN00023718,18870723,PRCP,30,,,a,
ASN00023718,18870724,PRCP,0,,,a,
ASN00023718,18870725,PRCP,0,,,a,
ASN00023718,18870726,PRCP,0,,,a,
ASN00023718,18870727,PRCP,0,,,a,
ASN00023718,18870728,PRCP,0,,,a,
ASN00023718,18870729,PRCP,206,,,a,
ASN00023718,18870730,PRCP,53,,,a,
ASN00023718,18870731,PRCP,0,,,a,
ASN00023718,18870704,DAPR,2,,,a,
ASN00023718,18870704,DWPR,1,,,a,
ASN00023718,18870704,MDPR,69,,,a,
ASN00023718,18870801,PRCP,0,,,a,
ASN00023718,18870802,PRCP,25,,,a,
ASN00023718,18870803,PRCP,33,,,a,
ASN00023718,18870804,PRCP,18,,,a,
ASN00023718,18870805,PRCP,36,,,a,
ASN00023718,18870806,PRCP,51,,,a,
ASN00023718,18870807,PRCP,10,,,a,
ASN00023718,18870808,PRCP,0,,,a,
ASN00023718,18870809,PRCP,25,,,a,
ASN00023718,18870810,PRCP,0,,,a,
ASN00023718,18870811,PRCP,0,,,a,
ASN00023718,18870812,PRCP,0,,,a,
ASN00023718,18870813,PRCP,5,,,a,
ASN00023718,18870814,PRCP,0,,,a,
ASN00023718,18870815,PRCP,0,,,a,
ASN00023718,18870816,PRCP,8,,,a,
ASN00023718,18870817,PRCP,0,,,a,
ASN00023718,18870818,PRCP,13,,,a,
ASN00023718,18870819,PRCP,0,,,a,
ASN00023718,18870820,PRCP,23,,,a,
ASN00023718,18870821,PRCP,0,,,a,
ASN00023718,18870822,PRCP,15,,,a,
ASN00023718,18870823,PRCP,0,,,a,
ASN00023718,18870824,PRCP,0,,,a,
ASN00023718,18870825,PRCP,43,,,a,
ASN00023718,18870826,PRCP,38,,,a,
ASN00023718,18870827,PRCP,0,,,a,
ASN00023718,18870828,PRCP,0,,,a,
ASN00023718,18870829,PRCP,0,,,a,
ASN00023718,18870830,PRCP,0,,,a,
ASN00023718,18870831,PRCP,58,,,a,
ASN00023718,18870901,PRCP,91,,,a,
ASN00023718,18870902,PRCP,48,,,a,
ASN00023718,18870903,PRCP,5,,,a,
ASN00023718,18870906,PRCP,18,,,a,
ASN00023718,18870907,PRCP,10,,,a,
ASN00023718,18870908,PRCP,13,,,a,
ASN00023718,18870909,PRCP,15,,,a,
ASN00023718,18870910,PRCP,142,,,a,
ASN00023718,18870911,PRCP,0,,,a,
ASN00023718,18870912,PRCP,0,,,a,
ASN00023718,18870913,PRCP,0,,,a,
ASN00023718,18870914,PRCP,0,,,a,
ASN00023718,18870915,PRCP,0,,,a,
ASN00023718,18870916,PRCP,0,,,a,
ASN00023718,18870917,PRCP,0,,,a,
ASN00023718,18870918,PRCP,0,,,a,
ASN00023718,18870919,PRCP,0,,,a,
ASN00023718,18870920,PRCP,15,,,a,
ASN00023718,18870921,PRCP,64,,,a,
ASN00023718,18870922,PRCP,0,,,a,
ASN00023718,18870923,PRCP,20,,,a,
ASN00023718,18870924,PRCP,43,,,a,
ASN00023718,18870925,PRCP,0,,,a,
ASN00023718,18870926,PRCP,10,,,a,
ASN00023718,18870927,PRCP,13,,,a,
ASN00023718,18870928,PRCP,0,,,a,
ASN00023718,18870929,PRCP,0,,,a,
ASN00023718,18870930,PRCP,79,,,a,
ASN00023718,18870905,DAPR,2,,,a,
ASN00023718,18870905,DWPR,1,,,a,
ASN00023718,18870905,MDPR,107,,,a,
ASN00023718,18871001,PRCP,61,,,a,
ASN00023718,18871002,PRCP,0,,,a,
ASN00023718,18871003,PRCP,0,,,a,
ASN00023718,18871004,PRCP,10,,,a,
ASN00023718,18871005,PRCP,3,,,a,
ASN00023718,18871006,PRCP,0,,,a,
ASN00023718,18871007,PRCP,0,,,a,
ASN00023718,18871008,PRCP,58,,,a,
ASN00023718,18871009,PRCP,0,,,a,
ASN00023718,18871010,PRCP,10,,,a,
ASN00023718,18871011,PRCP,0,,,a,
ASN00023718,18871012,PRCP,0,,,a,
ASN00023718,18871013,PRCP,0,,,a,
ASN00023718,18871014,PRCP,0,,,a,
ASN00023718,18871015,PRCP,0,,,a,
ASN00023718,18871016,PRCP,0,,,a,
ASN00023718,18871017,PRCP,0,,,a,
ASN00023718,18871018,PRCP,51,,,a,
ASN00023718,18871019,PRCP,3,,,a,
ASN00023718,18871020,PRCP,0,,,a,
ASN00023718,18871021,PRCP,0,,,a,
ASN00023718,18871022,PRCP,0,,,a,
ASN00023718,18871023,PRCP,0,,,a,
ASN00023718,18871024,PRCP,0,,,a,
ASN00023718,18871025,PRCP,0,,,a,
ASN00023718,18871026,PRCP,122,,,a,
ASN00023718,18871027,PRCP,23,,,a,
ASN00023718,18871028,PRCP,0,,,a,
ASN00023718,18871029,PRCP,0,,,a,
ASN00023718,18871030,PRCP,0,,,a,
ASN00023718,18871031,PRCP,0,,,a,
ASN00023718,18871101,PRCP,0,,,a,
ASN00023718,18871102,PRCP,0,,,a,
ASN00023718,18871103,PRCP,224,,,a,
ASN00023718,18871104,PRCP,61,,,a,
ASN00023718,18871105,PRCP,58,,,a,
ASN00023718,18871106,PRCP,0,,,a,
ASN00023718,18871107,PRCP,10,,,a,
ASN00023718,18871108,PRCP,0,,,a,
ASN00023718,18871109,PRCP,0,,,a,
ASN00023718,18871110,PRCP,0,,,a,
ASN00023718,18871111,PRCP,0,,,a,
ASN00023718,18871112,PRCP,0,,,a,
ASN00023718,18871113,PRCP,0,,,a,
ASN00023718,18871114,PRCP,0,,,a,
ASN00023718,18871115,PRCP,0,,,a,
ASN00023718,18871116,PRCP,0,,,a,
ASN00023718,18871117,PRCP,0,,,a,
ASN00023718,18871118,PRCP,0,,,a,
ASN00023718,18871119,PRCP,0,,,a,
ASN00023718,18871120,PRCP,0,,,a,
ASN00023718,18871121,PRCP,0,,,a,
ASN00023718,18871122,PRCP,0,,,a,
ASN00023718,18871123,PRCP,0,,,a,
ASN00023718,18871124,PRCP,0,,,a,
ASN00023718,18871125,PRCP,43,,,a,
ASN00023718,18871126,PRCP,0,,,a,
ASN00023718,18871129,PRCP,58,,,a,
ASN00023718,18871130,PRCP,48,,,a,
ASN00023718,18871128,DAPR,2,,,a,
ASN00023718,18871128,DWPR,1,,,a,
ASN00023718,18871128,MDPR,130,,,a,
ASN00023718,18871201,PRCP,43,,,a,
ASN00023718,18871202,PRCP,3,,,a,
ASN00023718,18871203,PRCP,0,,,a,
ASN00023718,18871204,PRCP,0,,,a,
ASN00023718,18871205,PRCP,0,,,a,
ASN00023718,18871206,PRCP,0,,,a,
ASN00023718,18871207,PRCP,0,,,a,
ASN00023718,18871208,PRCP,0,,,a,
ASN00023718,18871209,PRCP,0,,,a,
ASN00023718,18871210,PRCP,10,,,a,
ASN00023718,18871211,PRCP,0,,,a,
ASN00023718,18871212,PRCP,0,,,a,
ASN00023718,18871213,PRCP,109,,,a,
ASN00023718,18871214,PRCP,0,,,a,
ASN00023718,18871215,PRCP,0,,,a,
ASN00023718,18871216,PRCP,0,,,a,
ASN00023718,18871217,PRCP,0,,,a,
ASN00023718,18871218,PRCP,0,,,a,
ASN00023718,18871219,PRCP,0,,,a,
ASN00023718,18871220,PRCP,0,,,a,
ASN00023718,18871221,PRCP,0,,,a,
ASN00023718,18871222,PRCP,0,,,a,
ASN00023718,18871223,PRCP,0,,,a,
ASN00023718,18871224,PRCP,0,,,a,
ASN00023718,18871225,PRCP,0,,,a,
ASN00023718,18871226,PRCP,0,,,a,
ASN00023718,18871227,PRCP,0,,,a,
ASN00023718,18871228,PRCP,0,,,a,
ASN00023718,18871229,PRCP,0,,,a,
ASN00023718,18871230,PRCP,0,,,a,
ASN00023718,18871231,PRCP,0,,,a,
ASN00023718,18880101,PRCP,0,,,a,
ASN00023718,18880102,PRCP,0,,,a,
ASN00023718,18880103,PRCP,0,,,a,
ASN00023718,18880104,PRCP,0,,,a,
ASN00023718,18880105,PRCP,0,,,a,
ASN00023718,18880106,PRCP,0,,,a,
ASN00023718,18880107,PRCP,0,,,a,
ASN00023718,18880108,PRCP,0,,,a,
ASN00023718,18880109,PRCP,0,,,a,
ASN00023718,18880110,PRCP,0,,,a,
ASN00023718,18880111,PRCP,0,,,a,
ASN00023718,18880112,PRCP,86,,,a,
ASN00023718,18880113,PRCP,25,,,a,
ASN00023718,18880114,PRCP,0,,,a,
ASN00023718,18880115,PRCP,0,,,a,
ASN00023718,18880116,PRCP,0,,,a,
ASN00023718,18880117,PRCP,0,,,a,
ASN00023718,18880118,PRCP,0,,,a,
ASN00023718,18880119,PRCP,0,,,a,
ASN00023718,18880120,PRCP,0,,,a,
ASN00023718,18880121,PRCP,84,,,a,
ASN00023718,18880122,PRCP,0,,,a,
ASN00023718,18880123,PRCP,0,,,a,
ASN00023718,18880124,PRCP,0,,,a,
ASN00023718,18880125,PRCP,0,,,a,
ASN00023718,18880126,PRCP,0,,,a,
ASN00023718,18880127,PRCP,15,,,a,
ASN00023718,18880128,PRCP,0,,,a,
ASN00023718,18880129,PRCP,0,,,a,
ASN00023718,18880130,PRCP,0,,,a,
ASN00023718,18880131,PRCP,0,,,a,
ASN00023718,18880201,PRCP,0,,,a,
ASN00023718,18880202,PRCP,0,,,a,
ASN00023718,18880203,PRCP,13,,,a,
ASN00023718,18880204,PRCP,0,,,a,
ASN00023718,18880205,PRCP,0,,,a,
ASN00023718,18880206,PRCP,0,,,a,
ASN00023718,18880207,PRCP,0,,,a,
ASN00023718,18880208,PRCP,0,,,a,
ASN00023718,18880209,PRCP,0,,,a,
ASN00023718,18880210,PRCP,0,,,a,
ASN00023718,18880211,PRCP,0,,,a,
ASN00023718,18880212,PRCP,0,,,a,
ASN00023718,18880213,PRCP,0,,,a,
ASN00023718,18880214,PRCP,0,,,a,
ASN00023718,18880215,PRCP,0,,,a,
ASN00023718,18880216,PRCP,0,,,a,
ASN00023718,18880217,PRCP,0,,,a,
ASN00023718,18880218,PRCP,0,,,a,
ASN00023718,18880219,PRCP,0,,,a,
ASN00023718,18880220,PRCP,0,,,a,
ASN00023718,18880221,PRCP,0,,,a,
ASN00023718,18880222,PRCP,0,,,a,
ASN00023718,18880223,PRCP,0,,,a,
ASN00023718,18880224,PRCP,0,,,a,
ASN00023718,18880225,PRCP,0,,,a,
ASN00023718,18880226,PRCP,0,,,a,
ASN00023718,18880227,PRCP,0,,,a,
ASN00023718,18880228,PRCP,0,,,a,
ASN00023718,18880229,PRCP,0,,,a,
ASN00023718,18880301,PRCP,0,,,a,
ASN00023718,18880302,PRCP,0,,,a,
ASN00023718,18880303,PRCP,0,,,a,
ASN00023718,18880306,PRCP,0,,,a,
ASN00023718,18880307,PRCP,8,,,a,
ASN00023718,18880308,PRCP,5,,,a,
ASN00023718,18880309,PRCP,0,,,a,
ASN00023718,18880310,PRCP,38,,,a,
ASN00023718,18880311,PRCP,0,,,a,
ASN00023718,18880312,PRCP,0,,,a,
ASN00023718,18880313,PRCP,0,,,a,
ASN00023718,18880314,PRCP,10,,,a,
ASN00023718,18880315,PRCP,86,,,a,
ASN00023718,18880316,PRCP,8,,,a,
ASN00023718,18880317,PRCP,8,,,a,
ASN00023718,18880318,PRCP,0,,,a,
ASN00023718,18880319,PRCP,0,,,a,
ASN00023718,18880320,PRCP,0,,,a,
ASN00023718,18880321,PRCP,0,,,a,
ASN00023718,18880322,PRCP,0,,,a,
ASN00023718,18880323,PRCP,0,,,a,
ASN00023718,18880324,PRCP,0,,,a,
ASN00023718,18880325,PRCP,0,,,a,
ASN00023718,18880326,PRCP,0,,,a,
ASN00023718,18880327,PRCP,0,,,a,
ASN00023718,18880328,PRCP,0,,,a,
ASN00023718,18880329,PRCP,0,,,a,
ASN00023718,18880330,PRCP,0,,,a,
ASN00023718,18880331,PRCP,0,,,a,
ASN00023718,18880305,DAPR,2,,,a,
ASN00023718,18880305,DWPR,1,,,a,
ASN00023718,18880305,MDPR,79,,,a,
ASN00023718,18880401,PRCP,0,,,a,
ASN00023718,18880402,PRCP,0,,,a,
ASN00023718,18880403,PRCP,0,,,a,
ASN00023718,18880404,PRCP,0,,,a,
ASN00023718,18880405,PRCP,0,,,a,
ASN00023718,18880406,PRCP,0,,,a,
ASN00023718,18880407,PRCP,0,,,a,
ASN00023718,18880410,PRCP,86,,,a,
ASN00023718,18880411,PRCP,0,,,a,
ASN00023718,18880412,PRCP,0,,,a,
ASN00023718,18880413,PRCP,25,,,a,
ASN00023718,18880414,PRCP,0,,,a,
ASN00023718,18880415,PRCP,0,,,a,
ASN00023718,18880416,PRCP,0,,,a,
ASN00023718,18880417,PRCP,0,,,a,
ASN00023718,18880418,PRCP,0,,,a,
ASN00023718,18880419,PRCP,0,,,a,
ASN00023718,18880420,PRCP,0,,,a,
ASN00023718,18880421,PRCP,8,,,a,
ASN00023718,18880422,PRCP,0,,,a,
ASN00023718,18880423,PRCP,0,,,a,
ASN00023718,18880424,PRCP,0,,,a,
ASN00023718,18880425,PRCP,0,,,a,
ASN00023718,18880426,PRCP,0,,,a,
ASN00023718,18880427,PRCP,0,,,a,
ASN00023718,18880428,PRCP,0,,,a,
ASN00023718,18880429,PRCP,0,,,a,
ASN00023718,18880430,PRCP,0,,,a,
ASN00023718,18880409,DAPR,2,,,a,
ASN00023718,18880409,DWPR,1,,,a,
ASN00023718,18880409,MDPR,43,,,a,
ASN00023718,18880501,PRCP,0,,,a,
ASN00023718,18880502,PRCP,0,,,a,
ASN00023718,18880503,PRCP,97,,,a,
ASN00023718,18880504,PRCP,20,,,a,
ASN00023718,18880505,PRCP,23,,,a,
ASN00023718,18880506,PRCP,0,,,a,
ASN00023718,18880507,PRCP,0,,,a,
ASN00023718,18880508,PRCP,0,,,a,
ASN00023718,18880509,PRCP,0,,,a,
ASN00023718,18880510,PRCP,0,,,a,
ASN00023718,18880511,PRCP,53,,,a,
ASN00023718,18880512,PRCP,3,,,a,
ASN00023718,18880513,PRCP,0,,,a,
ASN00023718,18880514,PRCP,0,,,a,
ASN00023718,18880515,PRCP,0,,,a,
ASN00023718,18880516,PRCP,0,,,a,
ASN00023718,18880517,PRCP,0,,,a,
ASN00023718,18880518,PRCP,0,,,a,
ASN00023718,18880519,PRCP,61,,,a,
ASN00023718,18880520,PRCP,0,,,a,
ASN00023718,18880521,PRCP,0,,,a,
ASN00023718,18880522,PRCP,0,,,a,
ASN00023718,18880523,PRCP,0,,,a,
ASN00023718,18880524,PRCP,0,,,a,
ASN00023718,18880525,PRCP,8,,,a,
ASN00023718,18880526,PRCP,0,,,a,
ASN00023718,18880527,PRCP,0,,,a,
ASN00023718,18880528,PRCP,0,,,a,
ASN00023718,18880529,PRCP,3,,,a,
ASN00023718,18880530,PRCP,20,,,a,
ASN00023718,18880531,PRCP,8,,,a,
ASN00023718,18880601,PRCP,25,,,a,
ASN00023718,18880602,PRCP,89,,,a,
ASN00023718,18880605,PRCP,0,,,a,
ASN00023718,18880606,PRCP,0,,,a,
ASN00023718,18880607,PRCP,0,,,a,
ASN00023718,18880608,PRCP,0,,,a,
ASN00023718,18880609,PRCP,30,,,a,
ASN00023718,18880610,PRCP,94,,,a,
ASN00023718,18880611,PRCP,3,,,a,
ASN00023718,18880612,PRCP,0,,,a,
ASN00023718,18880613,PRCP,0,,,a,
ASN00023718,18880614,PRCP,0,,,a,
ASN00023718,18880615,PRCP,8,,,a,
ASN00023718,18880616,PRCP,0,,,a,
ASN00023718,18880619,PRCP,114,,,a,
ASN00023718,18880620,PRCP,18,,,a,
ASN00023718,18880621,PRCP,102,,,a,
ASN00023718,18880622,PRCP,114,,,a,
ASN00023718,18880623,PRCP,5,,,a,
ASN00023718,18880624,PRCP,0,,,a,
ASN00023718,18880625,PRCP,5,,,a,
ASN00023718,18880626,PRCP,0,,,a,
ASN00023718,18880627,PRCP,0,,,a,
ASN00023718,18880628,PRCP,0,,,a,
ASN00023718,18880629,PRCP,0,,,a,
ASN00023718,18880630,PRCP,0,,,a,
ASN00023718,18880604,DAPR,2,,,a,
ASN00023718,18880618,DAPR,2,,,a,
ASN00023718,18880604,DWPR,1,,,a,
ASN00023718,18880618,DWPR,1,,,a,
ASN00023718,18880604,MDPR,53,,,a,
ASN00023718,18880618,MDPR,91,,,a,
ASN00023718,18880703,PRCP,0,,,a,
ASN00023718,18880704,PRCP,0,,,a,
ASN00023718,18880705,PRCP,0,,,a,
ASN00023718,18880706,PRCP,0,,,a,
ASN00023718,18880707,PRCP,0,,,a,
ASN00023718,18880708,PRCP,0,,,a,
ASN00023718,18880709,PRCP,18,,,a,
ASN00023718,18880710,PRCP,0,,,a,
ASN00023718,18880711,PRCP,84,,,a,
ASN00023718,18880712,PRCP,97,,,a,
ASN00023718,18880713,PRCP,46,,,a,
ASN00023718,18880714,PRCP,267,,,a,
ASN00023718,18880717,PRCP,0,,,a,
ASN00023718,18880718,PRCP,0,,,a,
ASN00023718,18880719,PRCP,25,,,a,
ASN00023718,18880720,PRCP,46,,,a,
ASN00023718,18880721,PRCP,20,,,a,
ASN00023718,18880722,PRCP,0,,,a,
ASN00023718,18880723,PRCP,20,,,a,
ASN00023718,18880724,PRCP,18,,,a,
ASN00023718,18880725,PRCP,0,,,a,
ASN00023718,18880726,PRCP,0,,,a,
ASN00023718,18880727,PRCP,30,,,a,
ASN00023718,18880728,PRCP,23,,,a,
ASN00023718,18880729,PRCP,0,,,a,
ASN00023718,18880730,PRCP,13,,,a,
ASN00023718,18880731,PRCP,25,,,a,
ASN00023718,18880702,DAPR,2,,,a,
ASN00023718,18880716,DAPR,2,,,a,
ASN00023718,18880702,DWPR,1,,,a,
ASN00023718,18880716,DWPR,1,,,a,
ASN00023718,18880702,MDPR,41,,,a,
ASN00023718,18880716,MDPR,25,,,a,
ASN00023718,18880801,PRCP,0,,,a,
ASN00023718,18880802,PRCP,30,,,a,
ASN00023718,18880803,PRCP,0,,,a,
ASN00023718,18880804,PRCP,86,,,a,
ASN00023718,18880805,PRCP,0,,,a,
ASN00023718,18880806,PRCP,0,,,a,
ASN00023718,18880807,PRCP,0,,,a,
ASN00023718,18880808,PRCP,0,,,a,
ASN00023718,18880809,PRCP,0,,,a,
ASN00023718,18880810,PRCP,0,,,a,
ASN00023718,18880811,PRCP,0,,,a,
ASN00023718,18880812,PRCP,18,,,a,
ASN00023718,18880813,PRCP,51,,,a,
ASN00023718,18880814,PRCP,33,,,a,
ASN00023718,18880815,PRCP,5,,,a,
ASN00023718,18880816,PRCP,0,,,a,
ASN00023718,18880817,PRCP,94,,,a,
ASN00023718,18880818,PRCP,10,,,a,
ASN00023718,18880819,PRCP,0,,,a,
ASN00023718,18880820,PRCP,3,,,a,
ASN00023718,18880821,PRCP,5,,,a,
ASN00023718,18880822,PRCP,0,,,a,
ASN00023718,18880823,PRCP,0,,,a,
ASN00023718,18880824,PRCP,0,,,a,
ASN00023718,18880825,PRCP,0,,,a,
ASN00023718,18880826,PRCP,0,,,a,
ASN00023718,18880827,PRCP,20,,,a,
ASN00023718,18880828,PRCP,0,,,a,
ASN00023718,18880829,PRCP,0,,,a,
ASN00023718,18880830,PRCP,91,,,a,
ASN00023718,18880831,PRCP,0,,,a,
ASN00023718,18880901,PRCP,58,,,a,
ASN00023718,18880904,PRCP,28,,,a,
ASN00023718,18880905,PRCP,0,,,a,
ASN00023718,18880906,PRCP,69,,,a,
ASN00023718,18880907,PRCP,0,,,a,
ASN00023718,18880908,PRCP,0,,,a,
ASN00023718,18880909,PRCP,0,,,a,
ASN00023718,18880910,PRCP,0,,,a,
ASN00023718,18880911,PRCP,0,,,a,
ASN00023718,18880912,PRCP,0,,,a,
ASN00023718,18880913,PRCP,0,,,a,
ASN00023718,18880914,PRCP,0,,,a,
ASN00023718,18880915,PRCP,0,,,a,
ASN00023718,18880916,PRCP,0,,,a,
ASN00023718,18880917,PRCP,0,,,a,
ASN00023718,18880918,PRCP,0,,,a,
ASN00023718,18880919,PRCP,0,,,a,
ASN00023718,18880920,PRCP,0,,,a,
ASN00023718,18880921,PRCP,0,,,a,
ASN00023718,18880922,PRCP,30,,,a,
ASN00023718,18880925,PRCP,0,,,a,
ASN00023718,18880926,PRCP,0,,,a,
ASN00023718,18880927,PRCP,0,,,a,
ASN00023718,18880928,PRCP,0,,,a,
ASN00023718,18880929,PRCP,30,,,a,
ASN00023718,18880930,PRCP,0,,,a,
ASN00023718,18880903,DAPR,2,,,a,
ASN00023718,18880924,DAPR,2,,,a,
ASN00023718,18880903,DWPR,1,,,a,
ASN00023718,18880924,DWPR,1,,,a,
ASN00023718,18880903,MDPR,58,,,a,
ASN00023718,18880924,MDPR,112,,,a,
ASN00023718,18881001,PRCP,15,,,a,
ASN00023718,18881002,PRCP,0,,,a,
ASN00023718,18881003,PRCP,15,,,a,
ASN00023718,18881004,PRCP,66,,,a,
ASN00023718,18881005,PRCP,0,,,a,
ASN00023718,18881006,PRCP,0,,,a,
ASN00023718,18881009,PRCP,0,,,a,
ASN00023718,18881010,PRCP,0,,,a,
ASN00023718,18881011,PRCP,0,,,a,
ASN00023718,18881012,PRCP,0,,,a,
ASN00023718,18881013,PRCP,0,,,a,
ASN00023718,18881014,PRCP,0,,,a,
ASN00023718,18881015,PRCP,0,,,a,
ASN00023718,18881016,PRCP,0,,,a,
ASN00023718,18881017,PRCP,0,,,a,
ASN00023718,18881018,PRCP,0,,,a,
ASN00023718,18881019,PRCP,0,,,a,
ASN00023718,18881020,PRCP,5,,,a,
ASN00023718,18881021,PRCP,0,,,a,
ASN00023718,18881022,PRCP,0,,,a,
ASN00023718,18881023,PRCP,0,,,a,
ASN00023718,18881024,PRCP,0,,,a,
ASN00023718,18881025,PRCP,0,,,a,
ASN00023718,18881026,PRCP,0,,,a,
ASN00023718,18881027,PRCP,0,,,a,
ASN00023718,18881028,PRCP,0,,,a,
ASN00023718,18881029,PRCP,8,,,a,
ASN00023718,18881030,PRCP,0,,,a,
ASN00023718,18881031,PRCP,0,,,a,
ASN00023718,18881008,DAPR,2,,,a,
ASN00023718,18881008,DWPR,1,,,a,
ASN00023718,18881008,MDPR,41,,,a,
ASN00023718,18881101,PRCP,0,,,a,
ASN00023718,18881102,PRCP,0,,,a,
ASN00023718,18881103,PRCP,0,,,a,
ASN00023718,18881106,PRCP,10,,,a,
ASN00023718,18881107,PRCP,0,,,a,
ASN00023718,18881108,PRCP,0,,,a,
ASN00023718,18881109,PRCP,18,,,a,
ASN00023718,18881110,PRCP,0,,,a,
ASN00023718,18881111,PRCP,0,,,a,
ASN00023718,18881112,PRCP,13,,,a,
ASN00023718,18881113,PRCP,0,,,a,
ASN00023718,18881114,PRCP,0,,,a,
ASN00023718,18881115,PRCP,0,,,a,
ASN00023718,18881116,PRCP,0,,,a,
ASN00023718,18881117,PRCP,0,,,a,
ASN00023718,18881118,PRCP,0,,,a,
ASN00023718,18881119,PRCP,0,,,a,
ASN00023718,18881120,PRCP,0,,,a,
ASN00023718,18881121,PRCP,0,,,a,
ASN00023718,18881122,PRCP,0,,,a,
ASN00023718,18881123,PRCP,0,,,a,
ASN00023718,18881124,PRCP,0,,,a,
ASN00023718,18881125,PRCP,0,,,a,
ASN00023718,18881126,PRCP,0,,,a,
ASN00023718,18881127,PRCP,0,,,a,
ASN00023718,18881128,PRCP,0,,,a,
ASN00023718,18881129,PRCP,0,,,a,
ASN00023718,18881130,PRCP,0,,,a,
ASN00023718,18881105,DAPR,2,,,a,
ASN00023718,18881105,DWPR,1,,,a,
ASN00023718,18881105,MDPR,33,,,a,
ASN00023718,18881201,PRCP,0,,,a,
ASN00023718,18881202,PRCP,0,,,a,
ASN00023718,18881203,PRCP,0,,,a,
ASN00023718,18881204,PRCP,0,,,a,
ASN00023718,18881205,PRCP,0,,,a,
ASN00023718,18881206,PRCP,0,,,a,
ASN00023718,18881207,PRCP,0,,,a,
ASN00023718,18881208,PRCP,0,,,a,
ASN00023718,18881209,PRCP,0,,,a,
ASN00023718,18881210,PRCP,0,,,a,
ASN00023718,18881211,PRCP,0,,,a,
ASN00023718,18881212,PRCP,0,,,a,
ASN00023718,18881213,PRCP,0,,,a,
ASN00023718,18881214,PRCP,10,,,a,
ASN00023718,18881215,PRCP,8,,,a,
ASN00023718,18881216,PRCP,0,,,a,
ASN00023718,18881217,PRCP,0,,,a,
ASN00023718,18881218,PRCP,10,,,a,
ASN00023718,18881219,PRCP,0,,,a,
ASN00023718,18881220,PRCP,0,,,a,
ASN00023718,18881221,PRCP,0,,,a,
ASN00023718,18881222,PRCP,0,,,a,
ASN00023718,18881223,PRCP,0,,,a,
ASN00023718,18881224,PRCP,0,,,a,
ASN00023718,18881225,PRCP,0,,,a,
ASN00023718,18881226,PRCP,0,,,a,
ASN00023718,18881227,PRCP,0,,,a,
ASN00023718,18881230,PRCP,0,,,a,
ASN00023718,18881231,PRCP,0,,,a,
ASN00023718,18881229,DAPR,2,,,a,
ASN00023718,18881229,DWPR,1,,,a,
ASN00023718,18881229,MDPR,79,,,a,
ASN00023718,18890103,PRCP,58,,,a,
ASN00023718,18890104,PRCP,43,,,a,
ASN00023718,18890105,PRCP,0,,,a,
ASN00023718,18890106,PRCP,0,,,a,
ASN00023718,18890107,PRCP,20,,,a,
ASN00023718,18890108,PRCP,0,,,a,
ASN00023718,18890109,PRCP,0,,,a,
ASN00023718,18890110,PRCP,0,,,a,
ASN00023718,18890111,PRCP,0,,,a,
ASN00023718,18890112,PRCP,0,,,a,
ASN00023718,18890113,PRCP,0,,,a,
ASN00023718,18890114,PRCP,0,,,a,
ASN00023718,18890115,PRCP,0,,,a,
ASN00023718,18890116,PRCP,0,,,a,
ASN00023718,18890117,PRCP,0,,,a,
ASN00023718,18890118,PRCP,0,,,a,
ASN00023718,18890119,PRCP,0,,,a,
ASN00023718,18890120,PRCP,0,,,a,
ASN00023718,18890121,PRCP,0,,,a,
ASN00023718,18890122,PRCP,0,,,a,
ASN00023718,18890123,PRCP,0,,,a,
ASN00023718,18890124,PRCP,23,,,a,
ASN00023718,18890125,PRCP,0,,,a,
ASN00023718,18890126,PRCP,0,,,a,
ASN00023718,18890127,PRCP,0,,,a,
ASN00023718,18890128,PRCP,5,,,a,
ASN00023718,18890129,PRCP,0,,,a,
ASN00023718,18890130,PRCP,0,,,a,
ASN00023718,18890131,PRCP,0,,,a,
ASN00023718,18890102,DAPR,2,,,a,
ASN00023718,18890102,DWPR,1,,,a,
ASN00023718,18890102,MDPR,333,,,a,
ASN00023718,18890201,PRCP,0,,,a,
ASN00023718,18890202,PRCP,8,,,a,
ASN00023718,18890205,PRCP,0,,,a,
ASN00023718,18890206,PRCP,0,,,a,
ASN00023718,18890207,PRCP,0,,,a,
ASN00023718,18890208,PRCP,0,,,a,
ASN00023718,18890209,PRCP,0,,,a,
ASN00023718,18890210,PRCP,0,,,a,
ASN00023718,18890211,PRCP,0,,,a,
ASN00023718,18890212,PRCP,0,,,a,
ASN00023718,18890213,PRCP,0,,,a,
ASN00023718,18890214,PRCP,0,,,a,
ASN00023718,18890215,PRCP,0,,,a,
ASN00023718,18890216,PRCP,0,,,a,
ASN00023718,18890217,PRCP,0,,,a,
ASN00023718,18890218,PRCP,0,,,a,
ASN00023718,18890219,PRCP,0,,,a,
ASN00023718,18890220,PRCP,0,,,a,
ASN00023718,18890221,PRCP,0,,,a,
ASN00023718,18890222,PRCP,3,,,a,
ASN00023718,18890223,PRCP,0,,,a,
ASN00023718,18890224,PRCP,0,,,a,
ASN00023718,18890225,PRCP,0,,,a,
ASN00023718,18890226,PRCP,0,,,a,
ASN00023718,18890227,PRCP,0,,,a,
ASN00023718,18890228,PRCP,0,,,a,
ASN00023718,18890204,DAPR,2,,,a,
ASN00023718,18890204,DWPR,1,,,a,
ASN00023718,18890204,MDPR,66,,,a,
ASN00023718,18890301,PRCP,0,,,a,
ASN00023718,18890302,PRCP,0,,,a,
ASN00023718,18890303,PRCP,0,,,a,
ASN00023718,18890304,PRCP,0,,,a,
ASN00023718,18890305,PRCP,0,,,a,
ASN00023718,18890306,PRCP,10,,,a,
ASN00023718,18890307,PRCP,43,,,a,
ASN00023718,18890308,PRCP,0,,,a,
ASN00023718,18890309,PRCP,5,,,a,
ASN00023718,18890310,PRCP,0,,,a,
ASN00023718,18890311,PRCP,3,,,a,
ASN00023718,18890312,PRCP,0,,,a,
ASN00023718,18890313,PRCP,0,,,a,
ASN00023718,18890314,PRCP,0,,,a,
ASN00023718,18890315,PRCP,0,,,a,
ASN00023718,18890316,PRCP,0,,,a,
ASN00023718,18890317,PRCP,0,,,a,
ASN00023718,18890318,PRCP,0,,,a,
ASN00023718,18890319,PRCP,8,,,a,
ASN00023718,18890320,PRCP,0,,,a,
ASN00023718,18890321,PRCP,8,,,a,
ASN00023718,18890322,PRCP,0,,,a,
ASN00023718,18890323,PRCP,0,,,a,
ASN00023718,18890324,PRCP,0,,,a,
ASN00023718,18890325,PRCP,0,,,a,
ASN00023718,18890326,PRCP,0,,,a,
ASN00023718,18890327,PRCP,0,,,a,
ASN00023718,18890328,PRCP,0,,,a,
ASN00023718,18890329,PRCP,0,,,a,
ASN00023718,18890330,PRCP,0,,,a,
ASN00023718,18890331,PRCP,0,,,a,
ASN00023718,18890401,PRCP,74,,,a,
ASN00023718,18890402,PRCP,716,,,a,
ASN00023718,18890403,PRCP,28,,,a,
ASN00023718,18890404,PRCP,0,,,a,
ASN00023718,18890405,PRCP,0,,,a,
ASN00023718,18890406,PRCP,0,,,a,
ASN00023718,18890409,PRCP,15,,,a,
ASN00023718,18890410,PRCP,56,,,a,
ASN00023718,18890411,PRCP,0,,,a,
ASN00023718,18890412,PRCP,0,,,a,
ASN00023718,18890413,PRCP,0,,,a,
ASN00023718,18890416,PRCP,226,,,a,
ASN00023718,18890417,PRCP,28,,,a,
ASN00023718,18890418,PRCP,66,,,a,
ASN00023718,18890419,PRCP,0,,,a,
ASN00023718,18890420,PRCP,13,,,a,
ASN00023718,18890421,PRCP,0,,,a,
ASN00023718,18890422,PRCP,0,,,a,
ASN00023718,18890423,PRCP,0,,,a,
ASN00023718,18890424,PRCP,0,,,a,
ASN00023718,18890425,PRCP,0,,,a,
ASN00023718,18890426,PRCP,0,,,a,
ASN00023718,18890427,PRCP,0,,,a,
ASN00023718,18890428,PRCP,0,,,a,
ASN00023718,18890429,PRCP,0,,,a,
ASN00023718,18890430,PRCP,0,,,a,
ASN00023718,18890408,DAPR,2,,,a,
ASN00023718,18890415,DAPR,2,,,a,
ASN00023718,18890408,DWPR,1,,,a,
ASN00023718,18890415,DWPR,1,,,a,
ASN00023718,18890408,MDPR,140,,,a,
ASN00023718,18890415,MDPR,41,,,a,
ASN00023718,18890501,PRCP,0,,,a,
ASN00023718,18890502,PRCP,0,,,a,
ASN00023718,18890503,PRCP,0,,,a,
ASN00023718,18890504,PRCP,0,,,a,
ASN00023718,18890505,PRCP,38,,,a,
ASN00023718,18890506,PRCP,0,,,a,
ASN00023718,18890507,PRCP,0,,,a,
ASN00023718,18890508,PRCP,0,,,a,
ASN00023718,18890509,PRCP,20,,,a,
ASN00023718,18890510,PRCP,5,,,a,
ASN00023718,18890511,PRCP,0,,,a,
ASN00023718,18890514,PRCP,0,,,a,
ASN00023718,18890515,PRCP,0,,,a,
ASN00023718,18890516,PRCP,0,,,a,
ASN00023718,18890517,PRCP,0,,,a,
ASN00023718,18890518,PRCP,0,,,a,
ASN00023718,18890521,PRCP,0,,,a,
ASN00023718,18890522,PRCP,15,,,a,
ASN00023718,18890523,PRCP,46,,,a,
ASN00023718,18890524,PRCP,0,,,a,
ASN00023718,18890525,PRCP,0,,,a,
ASN00023718,18890526,PRCP,0,,,a,
ASN00023718,18890527,PRCP,0,,,a,
ASN00023718,18890528,PRCP,0,,,a,
ASN00023718,18890529,PRCP,0,,,a,
ASN00023718,18890530,PRCP,0,,,a,
ASN00023718,18890531,PRCP,185,,,a,
ASN00023718,18890513,DAPR,2,,,a,
ASN00023718,18890520,DAPR,2,,,a,
ASN00023718,18890513,DWPR,1,,,a,
ASN00023718,18890520,DWPR,1,,,a,
ASN00023718,18890513,MDPR,117,,,a,
ASN00023718,18890520,MDPR,198,,,a,
ASN00023718,18890601,PRCP,30,,,a,
ASN00023718,18890604,PRCP,13,,,a,
ASN00023718,18890605,PRCP,0,,,a,
ASN00023718,18890606,PRCP,0,,,a,
ASN00023718,18890607,PRCP,61,,,a,
ASN00023718,18890608,PRCP,10,,,a,
ASN00023718,18890609,PRCP,0,,,a,
ASN00023718,18890610,PRCP,15,,,a,
ASN00023718,18890611,PRCP,0,,,a,
ASN00023718,18890612,PRCP,3,,,a,
ASN00023718,18890613,PRCP,84,,,a,
ASN00023718,18890614,PRCP,38,,,a,
ASN00023718,18890615,PRCP,0,,,a,
ASN00023718,18890618,PRCP,3,,,a,
ASN00023718,18890619,PRCP,3,,,a,
ASN00023718,18890620,PRCP,0,,,a,
ASN00023718,18890621,PRCP,94,,,a,
ASN00023718,18890622,PRCP,18,,,a,
ASN00023718,18890625,PRCP,48,,,a,
ASN00023718,18890626,PRCP,0,,,a,
ASN00023718,18890627,PRCP,0,,,a,
ASN00023718,18890628,PRCP,0,,,a,
ASN00023718,18890629,PRCP,91,,,a,
ASN00023718,18890630,PRCP,132,,,a,
ASN00023718,18890603,DAPR,2,,,a,
ASN00023718,18890617,DAPR,2,,,a,
ASN00023718,18890624,DAPR,2,,,a,
ASN00023718,18890603,DWPR,1,,,a,
ASN00023718,18890617,DWPR,1,,,a,
ASN00023718,18890624,DWPR,1,,,a,
ASN00023718,18890603,MDPR,160,,,a,
ASN00023718,18890617,MDPR,41,,,a,
ASN00023718,18890624,MDPR,89,,,a,
ASN00023718,18890701,PRCP,234,,,a,
ASN00023718,18890702,PRCP,76,,,a,
ASN00023718,18890703,PRCP,0,,,a,
ASN00023718,18890704,PRCP,0,,,a,
ASN00023718,18890705,PRCP,0,,,a,
ASN00023718,18890706,PRCP,0,,,a,
ASN00023718,18890709,PRCP,8,,,a,
ASN00023718,18890710,PRCP,132,,,a,
ASN00023718,18890711,PRCP,15,,,a,
ASN00023718,18890712,PRCP,3,,,a,
ASN00023718,18890713,PRCP,10,,,a,
ASN00023718,18890716,PRCP,0,,,a,
ASN00023718,18890717,PRCP,0,,,a,
ASN00023718,18890718,PRCP,0,,,a,
ASN00023718,18890719,PRCP,0,,,a,
ASN00023718,18890720,PRCP,0,,,a,
ASN00023718,18890721,PRCP,0,,,a,
ASN00023718,18890722,PRCP,0,,,a,
ASN00023718,18890723,PRCP,0,,,a,
ASN00023718,18890724,PRCP,0,,,a,
ASN00023718,18890725,PRCP,64,,,a,
ASN00023718,18890726,PRCP,3,,,a,
ASN00023718,18890727,PRCP,0,,,a,
ASN00023718,18890728,PRCP,0,,,a,
ASN00023718,18890729,PRCP,23,,,a,
ASN00023718,18890730,PRCP,0,,,a,
ASN00023718,18890731,PRCP,0,,,a,
ASN00023718,18890708,DAPR,2,,,a,
ASN00023718,18890715,DAPR,2,,,a,
ASN00023718,18890708,DWPR,1,,,a,
ASN00023718,18890715,DWPR,1,,,a,
ASN00023718,18890708,MDPR,43,,,a,
ASN00023718,18890715,MDPR,25,,,a,
ASN00023718,18890801,PRCP,38,,,a,
ASN00023718,18890802,PRCP,0,,,a,
ASN00023718,18890803,PRCP,0,,,a,
ASN00023718,18890804,PRCP,0,,,a,
ASN00023718,18890805,PRCP,0,,,a,
ASN00023718,18890806,PRCP,74,,,a,
ASN00023718,18890807,PRCP,79,,,a,
ASN00023718,18890808,PRCP,66,,,a,
ASN00023718,18890809,PRCP,20,,,a,
ASN00023718,18890810,PRCP,5,,,a,
ASN00023718,18890811,PRCP,0,,,a,
ASN00023718,18890812,PRCP,15,,,a,
ASN00023718,18890813,PRCP,30,,,a,
ASN00023718,18890814,PRCP,0,,,a,
ASN00023718,18890815,PRCP,13,,,a,
ASN00023718,18890816,PRCP,30,,,a,
ASN00023718,18890817,PRCP,86,,,a,
ASN00023718,18890818,PRCP,0,,,a,
ASN00023718,18890819,PRCP,0,,,a,
ASN00023718,18890820,PRCP,18,,,a,
ASN00023718,18890821,PRCP,15,,,a,
ASN00023718,18890822,PRCP,30,,,a,
ASN00023718,18890823,PRCP,13,,,a,
ASN00023718,18890824,PRCP,0,,,a,
ASN00023718,18890825,PRCP,0,,,a,
ASN00023718,18890826,PRCP,0,,,a,
ASN00023718,18890827,PRCP,0,,,a,
ASN00023718,18890828,PRCP,0,,,a,
ASN00023718,18890829,PRCP,5,,,a,
ASN00023718,18890830,PRCP,23,,,a,
ASN00023718,18890831,PRCP,86,,,a,
ASN00023718,18890901,PRCP,33,,,a,
ASN00023718,18890902,PRCP,0,,,a,
ASN00023718,18890903,PRCP,0,,,a,
ASN00023718,18890904,PRCP,0,,,a,
ASN00023718,18890905,PRCP,0,,,a,
ASN00023718,18890906,PRCP,0,,,a,
ASN00023718,18890907,PRCP,0,,,a,
ASN00023718,18890910,PRCP,33,,,a,
ASN00023718,18890911,PRCP,43,,,a,
ASN00023718,18890912,PRCP,5,,,a,
ASN00023718,18890913,PRCP,84,,,a,
ASN00023718,18890914,PRCP,3,,,a,
ASN00023718,18890915,PRCP,0,,,a,
ASN00023718,18890916,PRCP,0,,,a,
ASN00023718,18890917,PRCP,5,,,a,
ASN00023718,18890918,PRCP,0,,,a,
ASN00023718,18890919,PRCP,0,,,a,
ASN00023718,18890920,PRCP,0,,,a,
ASN00023718,18890921,PRCP,0,,,a,
ASN00023718,18890922,PRCP,0,,,a,
ASN00023718,18890923,PRCP,0,,,a,
ASN00023718,18890924,PRCP,0,,,a,
ASN00023718,18890925,PRCP,0,,,a,
ASN00023718,18890926,PRCP,0,,,a,
ASN00023718,18890927,PRCP,97,,,a,
ASN00023718,18890928,PRCP,23,,,a,
ASN00023718,18890909,DAPR,2,,,a,
ASN00023718,18890930,DAPR,2,,,a,
ASN00023718,18890909,DWPR,1,,,a,
ASN00023718,18890930,DWPR,1,,,a,
ASN00023718,18890909,MDPR,28,,,a,
ASN00023718,18890930,MDPR,51,,,a,
ASN00023718,18891001,PRCP,0,,,a,
ASN00023718,18891002,PRCP,15,,,a,
ASN00023718,18891003,PRCP,0,,,a,
ASN00023718,18891004,PRCP,0,,,a,
ASN00023718,18891005,PRCP,0,,,a,
ASN00023718,18891008,PRCP,0,,,a,
ASN00023718,18891009,PRCP,0,,,a,
ASN00023718,18891010,PRCP,0,,,a,
ASN00023718,18891011,PRCP,0,,,a,
ASN00023718,18891012,PRCP,0,,,a,
ASN00023718,18891013,PRCP,0,,,a,
ASN00023718,18891014,PRCP,33,,,a,
ASN00023718,18891015,PRCP,0,,,a,
ASN00023718,18891016,PRCP,262,,,a,
ASN00023718,18891017,PRCP,0,,,a,
ASN00023718,18891018,PRCP,0,,,a,
ASN00023718,18891019,PRCP,0,,,a,
ASN00023718,18891020,PRCP,0,,,a,
ASN00023718,18891021,PRCP,0,,,a,
ASN00023718,18891022,PRCP,0,,,a,
ASN00023718,18891023,PRCP,0,,,a,
ASN00023718,18891024,PRCP,0,,,a,
ASN00023718,18891025,PRCP,0,,,a,
ASN00023718,18891026,PRCP,66,,,a,
ASN00023718,18891029,PRCP,0,,,a,
ASN00023718,18891030,PRCP,0,,,a,
ASN00023718,18891031,PRCP,0,,,a,
ASN00023718,18891007,DAPR,2,,,a,
ASN00023718,18891028,DAPR,2,,,a,
ASN00023718,18891007,DWPR,1,,,a,
ASN00023718,18891028,DWPR,1,,,a,
ASN00023718,18891007,MDPR,41,,,a,
ASN00023718,18891028,MDPR,56,,,a,
ASN00023718,18891101,PRCP,0,,,a,
ASN00023718,18891102,PRCP,0,,,a,
ASN00023718,18891105,PRCP,0,,,a,
ASN00023718,18891106,PRCP,0,,,a,
ASN00023718,18891107,PRCP,15,,,a,
ASN00023718,18891108,PRCP,0,,,a,
ASN00023718,18891109,PRCP,5,,,a,
ASN00023718,18891112,PRCP,0,,,a,
ASN00023718,18891113,PRCP,0,,,a,
ASN00023718,18891114,PRCP,0,,,a,
ASN00023718,18891115,PRCP,399,,,a,
ASN00023718,18891116,PRCP,0,,,a,
ASN00023718,18891117,PRCP,0,,,a,
ASN00023718,18891118,PRCP,0,,,a,
ASN00023718,18891119,PRCP,0,,,a,
ASN00023718,18891120,PRCP,0,,,a,
ASN00023718,18891121,PRCP,0,,,a,
ASN00023718,18891122,PRCP,0,,,a,
ASN00023718,18891123,PRCP,0,,,a,
ASN00023718,18891124,PRCP,0,,,a,
ASN00023718,18891125,PRCP,0,,,a,
ASN00023718,18891126,PRCP,0,,,a,
ASN00023718,18891127,PRCP,0,,,a,
ASN00023718,18891128,PRCP,0,,,a,
ASN00023718,18891129,PRCP,0,,,a,
ASN00023718,18891130,PRCP,0,,,a,
ASN00023718,18891104,DAPR,2,,,a,
ASN00023718,18891111,DAPR,2,,,a,
ASN00023718,18891104,DWPR,1,,,a,
ASN00023718,18891111,DWPR,1,,,a,
ASN00023718,18891104,MDPR,79,,,a,
ASN00023718,18891111,MDPR,36,,,a,
ASN00023718,18891201,PRCP,0,,,a,
ASN00023718,18891202,PRCP,5,,,a,
ASN00023718,18891203,PRCP,0,,,a,
ASN00023718,18891204,PRCP,0,,,a,
ASN00023718,18891205,PRCP,30,,,a,
ASN00023718,18891206,PRCP,0,,,a,
ASN00023718,18891207,PRCP,0,,,a,
ASN00023718,18891208,PRCP,0,,,a,
ASN00023718,18891209,PRCP,0,,,a,
ASN00023718,18891210,PRCP,0,,,a,
ASN00023718,18891211,PRCP,0,,,a,
ASN00023718,18891212,PRCP,0,,,a,
ASN00023718,18891213,PRCP,0,,,a,
ASN00023718,18891214,PRCP,0,,,a,
ASN00023718,18891215,PRCP,0,,,a,
ASN00023718,18891216,PRCP,0,,,a,
ASN00023718,18891217,PRCP,0,,,a,
ASN00023718,18891218,PRCP,0,,,a,
ASN00023718,18891219,PRCP,0,,,a,
ASN00023718,18891220,PRCP,0,,,a,
ASN00023718,18891221,PRCP,18,,,a,
ASN00023718,18891222,PRCP,0,,,a,
ASN00023718,18891223,PRCP,0,,,a,
ASN00023718,18891224,PRCP,0,,,a,
ASN00023718,18891225,PRCP,0,,,a,
ASN00023718,18891226,PRCP,0,,,a,
ASN00023718,18891227,PRCP,0,,,a,
ASN00023718,18891228,PRCP,0,,,a,
ASN00023718,18891229,PRCP,0,,,a,
ASN00023718,18891230,PRCP,0,,,a,
ASN00023718,18891231,PRCP,0,,,a,
ASN00023718,18900101,PRCP,0,,,a,
ASN00023718,18900102,PRCP,0,,,a,
ASN00023718,18900103,PRCP,0,,,a,
ASN00023718,18900104,PRCP,0,,,a,
ASN00023718,18900105,PRCP,0,,,a,
ASN00023718,18900106,PRCP,0,,,a,
ASN00023718,18900107,PRCP,0,,,a,
ASN00023718,18900108,PRCP,0,,,a,
ASN00023718,18900109,PRCP,0,,,a,
ASN00023718,18900110,PRCP,0,,,a,
ASN00023718,18900111,PRCP,0,,,a,
ASN00023718,18900112,PRCP,0,,,a,
ASN00023718,18900113,PRCP,0,,,a,
ASN00023718,18900114,PRCP,0,,,a,
ASN00023718,18900115,PRCP,0,,,a,
ASN00023718,18900116,PRCP,20,,,a,
ASN00023718,18900117,PRCP,0,,,a,
ASN00023718,18900118,PRCP,0,,,a,
ASN00023718,18900119,PRCP,0,,,a,
ASN00023718,18900120,PRCP,0,,,a,
ASN00023718,18900121,PRCP,0,,,a,
ASN00023718,18900122,PRCP,18,,,a,
ASN00023718,18900123,PRCP,5,,,a,
ASN00023718,18900124,PRCP,0,,,a,
ASN00023718,18900125,PRCP,0,,,a,
ASN00023718,18900126,PRCP,0,,,a,
ASN00023718,18900127,PRCP,0,,,a,
ASN00023718,18900128,PRCP,36,,,a,
ASN00023718,18900129,PRCP,0,,,a,
ASN00023718,18900130,PRCP,0,,,a,
ASN00023718,18900131,PRCP,0,,,a,
ASN00023718,18900201,PRCP,0,,,a,
ASN00023718,18900202,PRCP,0,,,a,
ASN00023718,18900203,PRCP,0,,,a,
ASN00023718,18900204,PRCP,0,,,a,
ASN00023718,18900205,PRCP,493,,,a,
ASN00023718,18900206,PRCP,0,,,a,
ASN00023718,18900207,PRCP,0,,,a,
ASN00023718,18900208,PRCP,15,,,a,
ASN00023718,18900209,PRCP,0,,,a,
ASN00023718,18900210,PRCP,0,,,a,
ASN00023718,18900211,PRCP,0,,,a,
ASN00023718,18900212,PRCP,0,,,a,
ASN00023718,18900213,PRCP,0,,,a,
ASN00023718,18900214,PRCP,0,,,a,
ASN00023718,18900215,PRCP,0,,,a,
ASN00023718,18900216,PRCP,0,,,a,
ASN00023718,18900217,PRCP,0,,,a,
ASN00023718,18900218,PRCP,0,,,a,
ASN00023718,18900219,PRCP,0,,,a,
ASN00023718,18900220,PRCP,0,,,a,
ASN00023718,18900221,PRCP,0,,,a,
ASN00023718,18900222,PRCP,0,,,a,
ASN00023718,18900223,PRCP,0,,,a,
ASN00023718,18900224,PRCP,0,,,a,
ASN00023718,18900225,PRCP,0,,,a,
ASN00023718,18900226,PRCP,0,,,a,
ASN00023718,18900227,PRCP,0,,,a,
ASN00023718,18900228,PRCP,3,,,a,
ASN00023718,18900301,PRCP,0,,,a,
ASN00023718,18900302,PRCP,0,,,a,
ASN00023718,18900303,PRCP,0,,,a,
ASN00023718,18900304,PRCP,0,,,a,
ASN00023718,18900305,PRCP,0,,,a,
ASN00023718,18900306,PRCP,0,,,a,
ASN00023718,18900307,PRCP,13,,,a,
ASN00023718,18900308,PRCP,0,,,a,
ASN00023718,18900309,PRCP,0,,,a,
ASN00023718,18900310,PRCP,0,,,a,
ASN00023718,18900311,PRCP,0,,,a,
ASN00023718,18900312,PRCP,0,,,a,
ASN00023718,18900313,PRCP,0,,,a,
ASN00023718,18900314,PRCP,0,,,a,
ASN00023718,18900315,PRCP,0,,,a,
ASN00023718,18900316,PRCP,0,,,a,
ASN00023718,18900317,PRCP,0,,,a,
ASN00023718,18900318,PRCP,28,,,a,
ASN00023718,18900319,PRCP,36,,,a,
ASN00023718,18900320,PRCP,3,,,a,
ASN00023718,18900321,PRCP,0,,,a,
ASN00023718,18900322,PRCP,0,,,a,
ASN00023718,18900323,PRCP,0,,,a,
ASN00023718,18900324,PRCP,0,,,a,
ASN00023718,18900325,PRCP,0,,,a,
ASN00023718,18900326,PRCP,0,,,a,
ASN00023718,18900327,PRCP,0,,,a,
ASN00023718,18900328,PRCP,0,,,a,
ASN00023718,18900329,PRCP,0,,,a,
ASN00023718,18900330,PRCP,0,,,a,
ASN00023718,18900331,PRCP,0,,,a,
ASN00023718,18900401,PRCP,0,,,a,
ASN00023718,18900402,PRCP,0,,,a,
ASN00023718,18900403,PRCP,0,,,a,
ASN00023718,18900404,PRCP,0,,,a,
ASN00023718,18900405,PRCP,0,,,a,
ASN00023718,18900409,PRCP,81,,,a,
ASN00023718,18900410,PRCP,5,,,a,
ASN00023718,18900411,PRCP,0,,,a,
ASN00023718,18900412,PRCP,0,,,a,
ASN00023718,18900413,PRCP,0,,,a,
ASN00023718,18900414,PRCP,0,,,a,
ASN00023718,18900415,PRCP,0,,,a,
ASN00023718,18900416,PRCP,0,,,a,
ASN00023718,18900417,PRCP,0,,,a,
ASN00023718,18900418,PRCP,0,,,a,
ASN00023718,18900419,PRCP,0,,,a,
ASN00023718,18900420,PRCP,0,,,a,
ASN00023718,18900421,PRCP,0,,,a,
ASN00023718,18900422,PRCP,0,,,a,
ASN00023718,18900423,PRCP,0,,,a,
ASN00023718,18900424,PRCP,0,,,a,
ASN00023718,18900425,PRCP,0,,,a,
ASN00023718,18900426,PRCP,74,,,a,
ASN00023718,18900427,PRCP,30,,,a,
ASN00023718,18900428,PRCP,0,,,a,
ASN00023718,18900429,PRCP,8,,,a,
ASN00023718,18900430,PRCP,0,,,a,
ASN00023718,18900408,DAPR,3,,,a,
ASN00023718,18900408,DWPR,1,,,a,
ASN00023718,18900408,MDPR,198,,,a,
ASN00023718,18900501,PRCP,0,,,a,
ASN00023718,18900502,PRCP,0,,,a,
ASN00023718,18900503,PRCP,0,,,a,
ASN00023718,18900504,PRCP,0,,,a,
ASN00023718,18900505,PRCP,0,,,a,
ASN00023718,18900506,PRCP,0,,,a,
ASN00023718,18900507,PRCP,0,,,a,
ASN00023718,18900508,PRCP,0,,,a,
ASN00023718,18900509,PRCP,0,,,a,
ASN00023718,18900510,PRCP,0,,,a,
ASN00023718,18900511,PRCP,0,,,a,
ASN00023718,18900512,PRCP,0,,,a,
ASN00023718,18900513,PRCP,20,,,a,
ASN00023718,18900514,PRCP,0,,,a,
ASN00023718,18900515,PRCP,0,,,a,
ASN00023718,18900516,PRCP,56,,,a,
ASN00023718,18900517,PRCP,28,,,a,
ASN00023718,18900518,PRCP,0,,,a,
ASN00023718,18900519,PRCP,18,,,a,
ASN00023718,18900520,PRCP,0,,,a,
ASN00023718,18900521,PRCP,20,,,a,
ASN00023718,18900522,PRCP,18,,,a,
ASN00023718,18900523,PRCP,41,,,a,
ASN00023718,18900524,PRCP,0,,,a,
ASN00023718,18900525,PRCP,0,,,a,
ASN00023718,18900526,PRCP,0,,,a,
ASN00023718,18900527,PRCP,0,,,a,
ASN00023718,18900528,PRCP,5,,,a,
ASN00023718,18900529,PRCP,41,,,a,
ASN00023718,18900530,PRCP,3,,,a,
ASN00023718,18900531,PRCP,0,,,a,
ASN00023718,18900601,PRCP,0,,,a,
ASN00023718,18900602,PRCP,0,,,a,
ASN00023718,18900603,PRCP,48,,,a,
ASN00023718,18900604,PRCP,0,,,a,
ASN00023718,18900605,PRCP,0,,,a,
ASN00023718,18900606,PRCP,5,,,a,
ASN00023718,18900607,PRCP,0,,,a,
ASN00023718,18900608,PRCP,0,,,a,
ASN00023718,18900609,PRCP,5,,,a,
ASN00023718,18900610,PRCP,310,,,a,
ASN00023718,18900611,PRCP,10,,,a,
ASN00023718,18900612,PRCP,25,,,a,
ASN00023718,18900613,PRCP,25,,,a,
ASN00023718,18900614,PRCP,28,,,a,
ASN00023718,18900617,PRCP,94,,,a,
ASN00023718,18900618,PRCP,15,,,a,
ASN00023718,18900619,PRCP,0,,,a,
ASN00023718,18900620,PRCP,30,,,a,
ASN00023718,18900621,PRCP,66,,,a,
ASN00023718,18900624,PRCP,15,,,a,
ASN00023718,18900625,PRCP,3,,,a,
ASN00023718,18900626,PRCP,0,,,a,
ASN00023718,18900627,PRCP,5,,,a,
ASN00023718,18900628,PRCP,3,,,a,
ASN00023718,18900629,PRCP,0,,,a,
ASN00023718,18900630,PRCP,0,,,a,
ASN00023718,18900616,DAPR,2,,,a,
ASN00023718,18900623,DAPR,2,,,a,
ASN00023718,18900616,DWPR,1,,,a,
ASN00023718,18900623,DWPR,1,,,a,
ASN00023718,18900616,MDPR,81,,,a,
ASN00023718,18900623,MDPR,84,,,a,
ASN00023718,18900701,PRCP,69,,,a,
ASN00023718,18900702,PRCP,5,,,a,
ASN00023718,18900703,PRCP,0,,,a,
ASN00023718,18900704,PRCP,0,,,a,
ASN00023718,18900705,PRCP,0,,,a,
ASN00023718,18900708,PRCP,56,,,a,
ASN00023718,18900709,PRCP,104,,,a,
ASN00023718,18900710,PRCP,15,,,a,
ASN00023718,18900711,PRCP,0,,,a,
ASN00023718,18900712,PRCP,267,,,a,
ASN00023718,18900715,PRCP,13,,,a,
ASN00023718,18900716,PRCP,0,,,a,
ASN00023718,18900717,PRCP,0,,,a,
ASN00023718,18900718,PRCP,0,,,a,
ASN00023718,18900719,PRCP,0,,,a,
ASN00023718,18900722,PRCP,48,,,a,
ASN00023718,18900723,PRCP,20,,,a,
ASN00023718,18900724,PRCP,69,,,a,
ASN00023718,18900725,PRCP,28,,,a,
ASN00023718,18900726,PRCP,53,,,a,
ASN00023718,18900727,PRCP,0,,,a,
ASN00023718,18900728,PRCP,0,,,a,
ASN00023718,18900729,PRCP,0,,,a,
ASN00023718,18900730,PRCP,155,,,a,
ASN00023718,18900731,PRCP,99,,,a,
ASN00023718,18900707,DAPR,2,,,a,
ASN00023718,18900714,DAPR,2,,,a,
ASN00023718,18900721,DAPR,2,,,a,
ASN00023718,18900707,DWPR,1,,,a,
ASN00023718,18900714,DWPR,1,,,a,
ASN00023718,18900721,DWPR,1,,,a,
ASN00023718,18900707,MDPR,193,,,a,
ASN00023718,18900714,MDPR,56,,,a,
ASN00023718,18900721,MDPR,38,,,a,
ASN00023718,18900801,PRCP,137,,,a,
ASN00023718,18900802,PRCP,33,,,a,
ASN00023718,18900803,PRCP,0,,,a,
ASN00023718,18900804,PRCP,0,,,a,
ASN00023718,18900805,PRCP,0,,,a,
ASN00023718,18900806,PRCP,38,,,a,
ASN00023718,18900807,PRCP,30,,,a,
ASN00023718,18900808,PRCP,0,,,a,
ASN00023718,18900809,PRCP,84,,,a,
ASN00023718,18900810,PRCP,0,,,a,
ASN00023718,18900811,PRCP,0,,,a,
ASN00023718,18900812,PRCP,46,,,a,
ASN00023718,18900813,PRCP,0,,,a,
ASN00023718,18900814,PRCP,58,,,a,
ASN00023718,18900815,PRCP,38,,,a,
ASN00023718,18900816,PRCP,18,,,a,
ASN00023718,18900817,PRCP,18,,,a,
ASN00023718,18900818,PRCP,0,,,a,
ASN00023718,18900819,PRCP,8,,,a,
ASN00023718,18900820,PRCP,0,,,a,
ASN00023718,18900821,PRCP,0,,,a,
ASN00023718,18900822,PRCP,0,,,a,
ASN00023718,18900823,PRCP,0,,,a,
ASN00023718,18900824,PRCP,0,,,a,
ASN00023718,18900825,PRCP,0,,,a,
ASN00023718,18900826,PRCP,86,,,a,
ASN00023718,18900827,PRCP,0,,,a,
ASN00023718,18900828,PRCP,0,,,a,
ASN00023718,18900829,PRCP,53,,,a,
ASN00023718,18900830,PRCP,13,,,a,
ASN00023718,18900831,PRCP,15,,,a,
ASN00023718,18900901,PRCP,0,,,a,
ASN00023718,18900902,PRCP,0,,,a,
ASN00023718,18900903,PRCP,0,,,a,
ASN00023718,18900904,PRCP,0,,,a,
ASN00023718,18900905,PRCP,89,,,a,
ASN00023718,18900906,PRCP,0,,,a,
ASN00023718,18900907,PRCP,0,,,a,
ASN00023718,18900908,PRCP,0,,,a,
ASN00023718,18900909,PRCP,0,,,a,
ASN00023718,18900910,PRCP,97,,,a,
ASN00023718,18900911,PRCP,0,,,a,
ASN00023718,18900912,PRCP,0,,,a,
ASN00023718,18900913,PRCP,28,,,a,
ASN00023718,18900914,PRCP,0,,,a,
ASN00023718,18900915,PRCP,0,,,a,
ASN00023718,18900916,PRCP,48,,,a,
ASN00023718,18900917,PRCP,13,,,a,
ASN00023718,18900918,PRCP,0,,,a,
ASN00023718,18900919,PRCP,64,,,a,
ASN00023718,18900920,PRCP,25,,,a,
ASN00023718,18900921,PRCP,0,,,a,
ASN00023718,18900922,PRCP,0,,,a,
ASN00023718,18900923,PRCP,0,,,a,
ASN00023718,18900924,PRCP,0,,,a,
ASN00023718,18900925,PRCP,0,,,a,
ASN00023718,18900926,PRCP,0,,,a,
ASN00023718,18900927,PRCP,30,,,a,
ASN00023718,18900930,PRCP,76,,,a,
ASN00023718,18900929,DAPR,2,,,a,
ASN00023718,18900929,DWPR,1,,,a,
ASN00023718,18900929,MDPR,107,,,a,
ASN00023718,18901001,PRCP,0,,,a,
ASN00023718,18901002,PRCP,0,,,a,
ASN00023718,18901003,PRCP,0,,,a,
ASN00023718,18901004,PRCP,0,,,a,
ASN00023718,18901005,PRCP,0,,,a,
ASN00023718,18901006,PRCP,0,,,a,
ASN00023718,18901007,PRCP,0,,,a,
ASN00023718,18901008,PRCP,0,,,a,
ASN00023718,18901009,PRCP,0,,,a,
ASN00023718,18901010,PRCP,0,,,a,
ASN00023718,18901011,PRCP,56,,,a,
ASN00023718,18901012,PRCP,0,,,a,
ASN00023718,18901013,PRCP,0,,,a,
ASN00023718,18901014,PRCP,28,,,a,
ASN00023718,18901015,PRCP,30,,,a,
ASN00023718,18901016,PRCP,64,,,a,
ASN00023718,18901017,PRCP,0,,,a,
ASN00023718,18901018,PRCP,0,,,a,
ASN00023718,18901019,PRCP,0,,,a,
ASN00023718,18901020,PRCP,10,,,a,
ASN00023718,18901021,PRCP,381,,,a,
ASN00023718,18901022,PRCP,3,,,a,
ASN00023718,18901023,PRCP,28,,,a,
ASN00023718,18901024,PRCP,38,,,a,
ASN00023718,18901025,PRCP,79,,,a,
ASN00023718,18901026,PRCP,0,,,a,
ASN00023718,18901027,PRCP,0,,,a,
ASN00023718,18901028,PRCP,0,,,a,
ASN00023718,18901029,PRCP,0,,,a,
ASN00023718,18901030,PRCP,51,,,a,
ASN00023718,18901031,PRCP,0,,,a,
ASN00023718,18901101,PRCP,0,,,a,
ASN00023718,18901102,PRCP,0,,,a,
ASN00023718,18901103,PRCP,0,,,a,
ASN00023718,18901104,PRCP,0,,,a,
ASN00023718,18901105,PRCP,0,,,a,
ASN00023718,18901106,PRCP,0,,,a,
ASN00023718,18901107,PRCP,0,,,a,
ASN00023718,18901108,PRCP,51,,,a,
ASN00023718,18901109,PRCP,0,,,a,
ASN00023718,18901110,PRCP,0,,,a,
ASN00023718,18901111,PRCP,0,,,a,
ASN00023718,18901112,PRCP,0,,,a,
ASN00023718,18901113,PRCP,259,,,a,
ASN00023718,18901114,PRCP,135,,,a,
ASN00023718,18901115,PRCP,0,,,a,
ASN00023718,18901116,PRCP,0,,,a,
ASN00023718,18901117,PRCP,0,,,a,
ASN00023718,18901118,PRCP,0,,,a,
ASN00023718,18901119,PRCP,0,,,a,
ASN00023718,18901120,PRCP,0,,,a,
ASN00023718,18901121,PRCP,0,,,a,
ASN00023718,18901122,PRCP,0,,,a,
ASN00023718,18901123,PRCP,0,,,a,
ASN00023718,18901124,PRCP,0,,,a,
ASN00023718,18901125,PRCP,94,,,a,
ASN00023718,18901126,PRCP,18,,,a,
ASN00023718,18901127,PRCP,0,,,a,
ASN00023718,18901128,PRCP,0,,,a,
ASN00023718,18901129,PRCP,0,,,a,
ASN00023718,18901130,PRCP,0,,,a,
ASN00023718,18901201,PRCP,0,,,a,
ASN00023718,18901202,PRCP,0,,,a,
ASN00023718,18901203,PRCP,0,,,a,
ASN00023718,18901204,PRCP,0,,,a,
ASN00023718,18901205,PRCP,0,,,a,
ASN00023718,18901206,PRCP,0,,,a,
ASN00023718,18901207,PRCP,0,,,a,
ASN00023718,18901208,PRCP,0,,,a,
ASN00023718,18901209,PRCP,0,,,a,
ASN00023718,18901210,PRCP,0,,,a,
ASN00023718,18901211,PRCP,0,,,a,
ASN00023718,18901212,PRCP,0,,,a,
ASN00023718,18901213,PRCP,0,,,a,
ASN00023718,18901214,PRCP,0,,,a,
ASN00023718,18901215,PRCP,0,,,a,
ASN00023718,18901216,PRCP,0,,,a,
ASN00023718,18901217,PRCP,0,,,a,
ASN00023718,18901218,PRCP,0,,,a,
ASN00023718,18901219,PRCP,0,,,a,
ASN00023718,18901220,PRCP,0,,,a,
ASN00023718,18901223,PRCP,94,,,a,
ASN00023718,18901224,PRCP,0,,,a,
ASN00023718,18901225,PRCP,0,,,a,
ASN00023718,18901226,PRCP,0,,,a,
ASN00023718,18901227,PRCP,0,,,a,
ASN00023718,18901228,PRCP,0,,,a,
ASN00023718,18901229,PRCP,0,,,a,
ASN00023718,18901230,PRCP,0,,,a,
ASN00023718,18901231,PRCP,0,,,a,
ASN00023718,18901222,DAPR,2,,,a,
ASN00023718,18901222,DWPR,1,,,a,
ASN00023718,18901222,MDPR,25,,,a,
ASN00023718,18910101,PRCP,0,,,a,
ASN00023718,18910102,PRCP,0,,,a,
ASN00023718,18910103,PRCP,0,,,a,
ASN00023718,18910106,PRCP,25,,,a,
ASN00023718,18910107,PRCP,0,,,a,
ASN00023718,18910108,PRCP,0,,,a,
ASN00023718,18910109,PRCP,5,,,a,
ASN00023718,18910110,PRCP,0,,,a,
ASN00023718,18910111,PRCP,0,,,a,
ASN00023718,18910112,PRCP,0,,,a,
ASN00023718,18910113,PRCP,0,,,a,
ASN00023718,18910114,PRCP,0,,,a,
ASN00023718,18910115,PRCP,0,,,a,
ASN00023718,18910116,PRCP,0,,,a,
ASN00023718,18910117,PRCP,0,,,a,
ASN00023718,18910118,PRCP,0,,,a,
ASN00023718,18910119,PRCP,0,,,a,
ASN00023718,18910120,PRCP,0,,,a,
ASN00023718,18910121,PRCP,0,,,a,
ASN00023718,18910122,PRCP,0,,,a,
ASN00023718,18910123,PRCP,0,,,a,
ASN00023718,18910124,PRCP,0,,,a,
ASN00023718,18910125,PRCP,0,,,a,
ASN00023718,18910126,PRCP,0,,,a,
ASN00023718,18910127,PRCP,0,,,a,
ASN00023718,18910128,PRCP,0,,,a,
ASN00023718,18910129,PRCP,0,,,a,
ASN00023718,18910130,PRCP,0,,,a,
ASN00023718,18910131,PRCP,0,,,a,
ASN00023718,18910105,DAPR,2,,,a,
ASN00023718,18910105,DWPR,1,,,a,
ASN00023718,18910105,MDPR,76,,,a,
ASN00023718,18910201,PRCP,0,,,a,
ASN00023718,18910202,PRCP,0,,,a,
ASN00023718,18910203,PRCP,0,,,a,
ASN00023718,18910204,PRCP,0,,,a,
ASN00023718,18910205,PRCP,0,,,a,
ASN00023718,18910206,PRCP,0,,,a,
ASN00023718,18910207,PRCP,0,,,a,
ASN00023718,18910208,PRCP,0,,,a,
ASN00023718,18910209,PRCP,0,,,a,
ASN00023718,18910210,PRCP,0,,,a,
ASN00023718,18910211,PRCP,0,,,a,
ASN00023718,18910212,PRCP,0,,,a,
ASN00023718,18910213,PRCP,0,,,a,
ASN00023718,18910214,PRCP,0,,,a,
ASN00023718,18910215,PRCP,0,,,a,
ASN00023718,18910216,PRCP,0,,,a,
ASN00023718,18910217,PRCP,0,,,a,
ASN00023718,18910218,PRCP,0,,,a,
ASN00023718,18910219,PRCP,0,,,a,
ASN00023718,18910220,PRCP,0,,,a,
ASN00023718,18910221,PRCP,0,,,a,
ASN00023718,18910222,PRCP,102,,,a,
ASN00023718,18910223,PRCP,0,,,a,
ASN00023718,18910224,PRCP,0,,,a,
ASN00023718,18910225,PRCP,0,,,a,
ASN00023718,18910226,PRCP,0,,,a,
ASN00023718,18910227,PRCP,0,,,a,
ASN00023718,18910228,PRCP,0,,,a,
ASN00023718,18910301,PRCP,0,,,a,
ASN00023718,18910302,PRCP,0,,,a,
ASN00023718,18910303,PRCP,0,,,a,
ASN00023718,18910304,PRCP,0,,,a,
ASN00023718,18910305,PRCP,0,,,a,
ASN00023718,18910306,PRCP,0,,,a,
ASN00023718,18910307,PRCP,0,,,a,
ASN00023718,18910308,PRCP,0,,,a,
ASN00023718,18910309,PRCP,15,,,a,
ASN00023718,18910310,PRCP,0,,,a,
ASN00023718,18910311,PRCP,0,,,a,
ASN00023718,18910312,PRCP,0,,,a,
ASN00023718,18910313,PRCP,0,,,a,
ASN00023718,18910314,PRCP,0,,,a,
ASN00023718,18910315,PRCP,0,,,a,
ASN00023718,18910316,PRCP,0,,,a,
ASN00023718,18910317,PRCP,0,,,a,
ASN00023718,18910318,PRCP,0,,,a,
ASN00023718,18910319,PRCP,0,,,a,
ASN00023718,18910320,PRCP,0,,,a,
ASN00023718,18910321,PRCP,0,,,a,
ASN00023718,18910322,PRCP,0,,,a,
ASN00023718,18910323,PRCP,0,,,a,
ASN00023718,18910324,PRCP,0,,,a,
ASN00023718,18910325,PRCP,0,,,a,
ASN00023718,18910326,PRCP,0,,,a,
ASN00023718,18910327,PRCP,0,,,a,
ASN00023718,18910328,PRCP,0,,,a,
ASN00023718,18910331,PRCP,0,,,a,
ASN00023718,18910330,DAPR,2,,,a,
ASN00023718,18910330,DWPR,1,,,a,
ASN00023718,18910330,MDPR,58,,,a,
ASN00023718,18910401,PRCP,0,,,a,
ASN00023718,18910402,PRCP,13,,,a,
ASN00023718,18910403,PRCP,0,,,a,
ASN00023718,18910404,PRCP,0,,,a,
ASN00023718,18910405,PRCP,0,,,a,
ASN00023718,18910406,PRCP,0,,,a,
ASN00023718,18910407,PRCP,0,,,a,
ASN00023718,18910408,PRCP,0,,,a,
ASN00023718,18910409,PRCP,0,,,a,
ASN00023718,18910410,PRCP,0,,,a,
ASN00023718,18910411,PRCP,46,,,a,
ASN00023718,18910414,PRCP,58,,,a,
ASN00023718,18910415,PRCP,30,,,a,
ASN00023718,18910416,PRCP,0,,,a,
ASN00023718,18910417,PRCP,0,,,a,
ASN00023718,18910418,PRCP,0,,,a,
ASN00023718,18910421,PRCP,0,,,a,
ASN00023718,18910422,PRCP,0,,,a,
ASN00023718,18910423,PRCP,18,,,a,
ASN00023718,18910424,PRCP,0,,,a,
ASN00023718,18910425,PRCP,0,,,a,
ASN00023718,18910426,PRCP,0,,,a,
ASN00023718,18910427,PRCP,0,,,a,
ASN00023718,18910428,PRCP,0,,,a,
ASN00023718,18910429,PRCP,0,,,a,
ASN00023718,18910430,PRCP,0,,,a,
ASN00023718,18910413,DAPR,2,,,a,
ASN00023718,18910420,DAPR,2,,,a,
ASN00023718,18910413,DWPR,1,,,a,
ASN00023718,18910420,DWPR,1,,,a,
ASN00023718,18910413,MDPR,112,,,a,
ASN00023718,18910420,MDPR,43,,,a,
ASN00023718,18910501,PRCP,0,,,a,
ASN00023718,18910502,PRCP,0,,,a,
ASN00023718,18910503,PRCP,0,,,a,
ASN00023718,18910504,PRCP,0,,,a,
ASN00023718,18910505,PRCP,0,,,a,
ASN00023718,18910506,PRCP,0,,,a,
ASN00023718,18910507,PRCP,53,,,a,
ASN00023718,18910508,PRCP,0,,,a,
ASN00023718,18910509,PRCP,8,,,a,
ASN00023718,18910510,PRCP,0,,,a,
ASN00023718,18910511,PRCP,0,,,a,
ASN00023718,18910512,PRCP,0,,,a,
ASN00023718,18910513,PRCP,0,,,a,
ASN00023718,18910514,PRCP,0,,,a,
ASN00023718,18910515,PRCP,8,,,a,
ASN00023718,18910516,PRCP,0,,,a,
ASN00023718,18910517,PRCP,0,,,a,
ASN00023718,18910518,PRCP,15,,,a,
ASN00023718,18910519,PRCP,0,,,a,
ASN00023718,18910520,PRCP,0,,,a,
ASN00023718,18910521,PRCP,0,,,a,
ASN00023718,18910522,PRCP,0,,,a,
ASN00023718,18910523,PRCP,0,,,a,
ASN00023718,18910524,PRCP,0,,,a,
ASN00023718,18910525,PRCP,0,,,a,
ASN00023718,18910526,PRCP,0,,,a,
ASN00023718,18910527,PRCP,0,,,a,
ASN00023718,18910528,PRCP,0,,,a,
ASN00023718,18910529,PRCP,0,,,a,
ASN00023718,18910530,PRCP,0,,,a,
ASN00023718,18910531,PRCP,0,,,a,
ASN00023718,18910601,PRCP,13,,,a,
ASN00023718,18910602,PRCP,0,,,a,
ASN00023718,18910603,PRCP,0,,,a,
ASN00023718,18910604,PRCP,0,,,a,
ASN00023718,18910605,PRCP,0,,,a,
ASN00023718,18910606,PRCP,0,,,a,
ASN00023718,18910607,PRCP,0,,,a,
ASN00023718,18910608,PRCP,0,,,a,
ASN00023718,18910609,PRCP,0,,,a,
ASN00023718,18910610,PRCP,0,,,a,
ASN00023718,18910611,PRCP,0,,,a,
ASN00023718,18910612,PRCP,25,,,a,
ASN00023718,18910613,PRCP,53,,,a,
ASN00023718,18910616,PRCP,0,,,a,
ASN00023718,18910617,PRCP,25,,,a,
ASN00023718,18910618,PRCP,25,,,a,
ASN00023718,18910619,PRCP,0,,,a,
ASN00023718,18910620,PRCP,0,,,a,
ASN00023718,18910621,PRCP,0,,,a,
ASN00023718,18910622,PRCP,0,,,a,
ASN00023718,18910623,PRCP,0,,,a,
ASN00023718,18910624,PRCP,0,,,a,
ASN00023718,18910625,PRCP,0,,,a,
ASN00023718,18910626,PRCP,0,,,a,
ASN00023718,18910627,PRCP,0,,,a,
ASN00023718,18910630,PRCP,30,,,a,
ASN00023718,18910615,DAPR,2,,,a,
ASN00023718,18910629,DAPR,2,,,a,
ASN00023718,18910615,DWPR,1,,,a,
ASN00023718,18910629,DWPR,1,,,a,
ASN00023718,18910615,MDPR,102,,,a,
ASN00023718,18910629,MDPR,76,,,a,
ASN00023718,18910701,PRCP,30,,,a,
ASN00023718,18910702,PRCP,0,,,a,
ASN00023718,18910703,PRCP,0,,,a,
ASN00023718,18910704,PRCP,15,,,a,
ASN00023718,18910707,PRCP,28,,,a,
ASN00023718,18910708,PRCP,89,,,a,
ASN00023718,18910709,PRCP,51,,,a,
ASN00023718,18910710,PRCP,8,,,a,
ASN00023718,18910711,PRCP,0,,,a,
ASN00023718,18910714,PRCP,13,,,a,
ASN00023718,18910715,PRCP,0,,,a,
ASN00023718,18910716,PRCP,0,,,a,
ASN00023718,18910717,PRCP,0,,,a,
ASN00023718,18910718,PRCP,0,,,a,
ASN00023718,18910719,PRCP,0,,,a,
ASN00023718,18910720,PRCP,0,,,a,
ASN00023718,18910721,PRCP,0,,,a,
ASN00023718,18910722,PRCP,0,,,a,
ASN00023718,18910723,PRCP,25,,,a,
ASN00023718,18910724,PRCP,147,,,a,
ASN00023718,18910725,PRCP,18,,,a,
ASN00023718,18910726,PRCP,0,,,a,
ASN00023718,18910727,PRCP,15,,,a,
ASN00023718,18910728,PRCP,0,,,a,
ASN00023718,18910729,PRCP,0,,,a,
ASN00023718,18910730,PRCP,33,,,a,
ASN00023718,18910731,PRCP,0,,,a,
ASN00023718,18910706,DAPR,2,,,a,
ASN00023718,18910713,DAPR,2,,,a,
ASN00023718,18910706,DWPR,1,,,a,
ASN00023718,18910713,DWPR,1,,,a,
ASN00023718,18910706,MDPR,152,,,a,
ASN00023718,18910713,MDPR,25,,,a,
ASN00023718,18910801,PRCP,0,,,a,
ASN00023718,18910802,PRCP,0,,,a,
ASN00023718,18910803,PRCP,20,,,a,
ASN00023718,18910804,PRCP,46,,,a,
ASN00023718,18910805,PRCP,0,,,a,
ASN00023718,18910806,PRCP,0,,,a,
ASN00023718,18910807,PRCP,0,,,a,
ASN00023718,18910808,PRCP,0,,,a,
ASN00023718,18910809,PRCP,0,,,a,
ASN00023718,18910810,PRCP,0,,,a,
ASN00023718,18910811,PRCP,0,,,a,
ASN00023718,18910812,PRCP,0,,,a,
ASN00023718,18910813,PRCP,0,,,a,
ASN00023718,18910814,PRCP,0,,,a,
ASN00023718,18910815,PRCP,51,,,a,
ASN00023718,18910818,PRCP,109,,,a,
ASN00023718,18910819,PRCP,18,,,a,
ASN00023718,18910820,PRCP,0,,,a,
ASN00023718,18910821,PRCP,0,,,a,
ASN00023718,18910822,PRCP,0,,,a,
ASN00023718,18910825,PRCP,0,,,a,
ASN00023718,18910826,PRCP,38,,,a,
ASN00023718,18910827,PRCP,66,,,a,
ASN00023718,18910828,PRCP,0,,,a,
ASN00023718,18910829,PRCP,0,,,a,
ASN00023718,18910830,PRCP,0,,,a,
ASN00023718,18910831,PRCP,0,,,a,
ASN00023718,18910817,DAPR,2,,,a,
ASN00023718,18910824,DAPR,2,,,a,
ASN00023718,18910817,DWPR,1,,,a,
ASN00023718,18910824,DWPR,1,,,a,
ASN00023718,18910817,MDPR,38,,,a,
ASN00023718,18910824,MDPR,147,,,a,
ASN00023718,18910901,PRCP,0,,,a,
ASN00023718,18910902,PRCP,0,,,a,
ASN00023718,18910903,PRCP,0,,,a,
ASN00023718,18910904,PRCP,25,,,a,
ASN00023718,18910905,PRCP,0,,,a,
ASN00023718,18910906,PRCP,0,,,a,
ASN00023718,18910907,PRCP,0,,,a,
ASN00023718,18910908,PRCP,0,,,a,
ASN00023718,18910909,PRCP,0,,,a,
ASN00023718,18910910,PRCP,91,,,a,
ASN00023718,18910911,PRCP,8,,,a,
ASN00023718,18910912,PRCP,0,,,a,
ASN00023718,18910913,PRCP,0,,,a,
ASN00023718,18910914,PRCP,0,,,a,
ASN00023718,18910915,PRCP,0,,,a,
ASN00023718,18910916,PRCP,28,,,a,
ASN00023718,18910917,PRCP,0,,,a,
ASN00023718,18910918,PRCP,0,,,a,
ASN00023718,18910919,PRCP,18,,,a,
ASN00023718,18910922,PRCP,84,,,a,
ASN00023718,18910923,PRCP,33,,,a,
ASN00023718,18910924,PRCP,0,,,a,
ASN00023718,18910925,PRCP,0,,,a,
ASN00023718,18910926,PRCP,0,,,a,
ASN00023718,18910927,PRCP,0,,,a,
ASN00023718,18910928,PRCP,0,,,a,
ASN00023718,18910929,PRCP,0,,,a,
ASN00023718,18910930,PRCP,0,,,a,
ASN00023718,18910921,DAPR,2,,,a,
ASN00023718,18910921,DWPR,1,,,a,
ASN00023718,18910921,MDPR,28,,,a,
ASN00023718,18911001,PRCP,0,,,a,
ASN00023718,18911002,PRCP,15,,,a,
ASN00023718,18911003,PRCP,277,,,a,
ASN00023718,18911004,PRCP,244,,,a,
ASN00023718,18911005,PRCP,0,,,a,
ASN00023718,18911006,PRCP,0,,,a,
ASN00023718,18911007,PRCP,0,,,a,
ASN00023718,18911008,PRCP,23,,,a,
ASN00023718,18911009,PRCP,0,,,a,
ASN00023718,18911010,PRCP,18,,,a,
ASN00023718,18911013,PRCP,28,,,a,
ASN00023718,18911014,PRCP,119,,,a,
ASN00023718,18911015,PRCP,48,,,a,
ASN00023718,18911016,PRCP,0,,,a,
ASN00023718,18911017,PRCP,28,,,a,
ASN00023718,18911018,PRCP,0,,,a,
ASN00023718,18911019,PRCP,0,,,a,
ASN00023718,18911020,PRCP,3,,,a,
ASN00023718,18911021,PRCP,0,,,a,
ASN00023718,18911022,PRCP,0,,,a,
ASN00023718,18911023,PRCP,0,,,a,
ASN00023718,18911024,PRCP,0,,,a,
ASN00023718,18911025,PRCP,0,,,a,
ASN00023718,18911026,PRCP,0,,,a,
ASN00023718,18911027,PRCP,0,,,a,
ASN00023718,18911028,PRCP,0,,,a,
ASN00023718,18911029,PRCP,0,,,a,
ASN00023718,18911030,PRCP,64,,,a,
ASN00023718,18911031,PRCP,0,,,a,
ASN00023718,18911012,DAPR,2,,,a,
ASN00023718,18911012,DWPR,1,,,a,
ASN00023718,18911012,MDPR,41,,,a,
ASN00023718,18911101,PRCP,61,,,a,
ASN00023718,18911102,PRCP,0,,,a,
ASN00023718,18911103,PRCP,0,,,a,
ASN00023718,18911104,PRCP,33,,,a,
ASN00023718,18911105,PRCP,0,,,a,
ASN00023718,18911106,PRCP,0,,,a,
ASN00023718,18911107,PRCP,0,,,a,
ASN00023718,18911108,PRCP,0,,,a,
ASN00023718,18911109,PRCP,5,,,a,
ASN00023718,18911110,PRCP,5,,,a,
ASN00023718,18911111,PRCP,0,,,a,
ASN00023718,18911112,PRCP,0,,,a,
ASN00023718,18911113,PRCP,0,,,a,
ASN00023718,18911114,PRCP,0,,,a,
ASN00023718,18911115,PRCP,0,,,a,
ASN00023718,18911116,PRCP,0,,,a,
ASN00023718,18911117,PRCP,0,,,a,
ASN00023718,18911118,PRCP,0,,,a,
ASN00023718,18911119,PRCP,91,,,a,
ASN00023718,18911120,PRCP,76,,,a,
ASN00023718,18911121,PRCP,0,,,a,
ASN00023718,18911122,PRCP,0,,,a,
ASN00023718,18911123,PRCP,0,,,a,
ASN00023718,18911124,PRCP,0,,,a,
ASN00023718,18911125,PRCP,0,,,a,
ASN00023718,18911126,PRCP,0,,,a,
ASN00023718,18911127,PRCP,0,,,a,
ASN00023718,18911128,PRCP,0,,,a,
ASN00023718,18911129,PRCP,0,,,a,
ASN00023718,18911130,PRCP,0,,,a,
ASN00023718,18911201,PRCP,0,,,a,
ASN00023718,18911202,PRCP,0,,,a,
ASN00023718,18911203,PRCP,0,,,a,
ASN00023718,18911204,PRCP,0,,,a,
ASN00023718,18911205,PRCP,0,,,a,
ASN00023718,18911206,PRCP,0,,,a,
ASN00023718,18911207,PRCP,0,,,a,
ASN00023718,18911208,PRCP,0,,,a,
ASN00023718,18911209,PRCP,0,,,a,
ASN00023718,18911210,PRCP,0,,,a,
ASN00023718,18911211,PRCP,155,,,a,
ASN00023718,18911212,PRCP,0,,,a,
ASN00023718,18911215,PRCP,0,,,a,
ASN00023718,18911216,PRCP,104,,,a,
ASN00023718,18911217,PRCP,76,,,a,
ASN00023718,18911218,PRCP,0,,,a,
ASN00023718,18911219,PRCP,0,,,a,
ASN00023718,18911220,PRCP,0,,,a,
ASN00023718,18911221,PRCP,0,,,a,
ASN00023718,18911222,PRCP,0,,,a,
ASN00023718,18911223,PRCP,0,,,a,
ASN00023718,18911224,PRCP,0,,,a,
ASN00023718,18911225,PRCP,0,,,a,
ASN00023718,18911226,PRCP,0,,,a,
ASN00023718,18911227,PRCP,0,,,a,
ASN00023718,18911228,PRCP,0,,,a,
ASN00023718,18911229,PRCP,0,,,a,
ASN00023718,18911230,PRCP,0,,,a,
ASN00023718,18911231,PRCP,0,,,a,
ASN00023718,18911214,DAPR,2,,,a,
ASN00023718,18911214,DWPR,1,,,a,
ASN00023718,18911214,MDPR,53,,,a,
ASN00023718,18920101,PRCP,0,,,a,
ASN00023718,18920102,PRCP,0,,,a,
ASN00023718,18920103,PRCP,0,,,a,
ASN00023718,18920104,PRCP,0,,,a,
ASN00023718,18920105,PRCP,0,,,a,
ASN00023718,18920106,PRCP,0,,,a,
ASN00023718,18920107,PRCP,0,,,a,
ASN00023718,18920108,PRCP,0,,,a,
ASN00023718,18920109,PRCP,0,,,a,
ASN00023718,18920110,PRCP,0,,,a,
ASN00023718,18920111,PRCP,0,,,a,
ASN00023718,18920112,PRCP,0,,,a,
ASN00023718,18920113,PRCP,0,,,a,
ASN00023718,18920114,PRCP,0,,,a,
ASN00023718,18920115,PRCP,0,,,a,
ASN00023718,18920116,PRCP,0,,,a,
ASN00023718,18920117,PRCP,0,,,a,
ASN00023718,18920118,PRCP,0,,,a,
ASN00023718,18920119,PRCP,0,,,a,
ASN00023718,18920120,PRCP,0,,,a,
ASN00023718,18920121,PRCP,0,,,a,
ASN00023718,18920122,PRCP,28,,,a,
ASN00023718,18920123,PRCP,216,,,a,
ASN00023718,18920124,PRCP,0,,,a,
ASN00023718,18920125,PRCP,0,,,a,
ASN00023718,18920126,PRCP,0,,,a,
ASN00023718,18920127,PRCP,0,,,a,
ASN00023718,18920128,PRCP,0,,,a,
ASN00023718,18920129,PRCP,0,,,a,
ASN00023718,18920130,PRCP,0,,,a,
ASN00023718,18920131,PRCP,0,,,a,
ASN00023718,18920201,PRCP,0,,,a,
ASN00023718,18920202,PRCP,0,,,a,
ASN00023718,18920203,PRCP,0,,,a,
ASN00023718,18920204,PRCP,0,,,a,
ASN00023718,18920205,PRCP,0,,,a,
ASN00023718,18920206,PRCP,0,,,a,
ASN00023718,18920207,PRCP,0,,,a,
ASN00023718,18920208,PRCP,0,,,a,
ASN00023718,18920209,PRCP,0,,,a,
ASN00023718,18920210,PRCP,0,,,a,
ASN00023718,18920211,PRCP,0,,,a,
ASN00023718,18920212,PRCP,0,,,a,
ASN00023718,18920213,PRCP,0,,,a,
ASN00023718,18920214,PRCP,0,,,a,
ASN00023718,18920215,PRCP,0,,,a,
ASN00023718,18920216,PRCP,0,,,a,
ASN00023718,18920217,PRCP,0,,,a,
ASN00023718,18920218,PRCP,0,,,a,
ASN00023718,18920219,PRCP,8,,,a,
ASN00023718,18920220,PRCP,10,,,a,
ASN00023718,18920221,PRCP,0,,,a,
ASN00023718,18920222,PRCP,0,,,a,
ASN00023718,18920223,PRCP,0,,,a,
ASN00023718,18920224,PRCP,0,,,a,
ASN00023718,18920225,PRCP,0,,,a,
ASN00023718,18920226,PRCP,0,,,a,
ASN00023718,18920227,PRCP,0,,,a,
ASN00023718,18920228,PRCP,0,,,a,
ASN00023718,18920229,PRCP,0,,,a,
ASN00023718,18920301,PRCP,0,,,a,
ASN00023718,18920302,PRCP,0,,,a,
ASN00023718,18920303,PRCP,0,,,a,
ASN00023718,18920304,PRCP,0,,,a,
ASN00023718,18920305,PRCP,0,,,a,
ASN00023718,18920306,PRCP,0,,,a,
ASN00023718,18920307,PRCP,0,,,a,
ASN00023718,18920308,PRCP,0,,,a,
ASN00023718,18920309,PRCP,20,,,a,
ASN00023718,18920310,PRCP,5,,,a,
ASN00023718,18920311,PRCP,28,,,a,
ASN00023718,18920312,PRCP,3,,,a,
ASN00023718,18920313,PRCP,0,,,a,
ASN00023718,18920314,PRCP,0,,,a,
ASN00023718,18920315,PRCP,0,,,a,
ASN00023718,18920316,PRCP,3,,,a,
ASN00023718,18920317,PRCP,0,,,a,
ASN00023718,18920318,PRCP,0,,,a,
ASN00023718,18920319,PRCP,0,,,a,
ASN00023718,18920322,PRCP,20,,,a,
ASN00023718,18920323,PRCP,0,,,a,
ASN00023718,18920324,PRCP,0,,,a,
ASN00023718,18920325,PRCP,0,,,a,
ASN00023718,18920326,PRCP,99,,,a,
ASN00023718,18920327,PRCP,0,,,a,
ASN00023718,18920328,PRCP,0,,,a,
ASN00023718,18920329,PRCP,0,,,a,
ASN00023718,18920330,PRCP,0,,,a,
ASN00023718,18920331,PRCP,0,,,a,
ASN00023718,18920321,DAPR,2,,,a,
ASN00023718,18920321,DWPR,1,,,a,
ASN00023718,18920321,MDPR,58,,,a,
ASN00023718,18920401,PRCP,0,,,a,
ASN00023718,18920402,PRCP,0,,,a,
ASN00023718,18920403,PRCP,0,,,a,
ASN00023718,18920404,PRCP,0,,,a,
ASN00023718,18920405,PRCP,0,,,a,
ASN00023718,18920406,PRCP,20,,,a,
ASN00023718,18920407,PRCP,0,,,a,
ASN00023718,18920408,PRCP,0,,,a,
ASN00023718,18920409,PRCP,107,,,a,
ASN00023718,18920412,PRCP,28,,,a,
ASN00023718,18920413,PRCP,8,,,a,
ASN00023718,18920414,PRCP,0,,,a,
ASN00023718,18920415,PRCP,0,,,a,
ASN00023718,18920416,PRCP,0,,,a,
ASN00023718,18920419,PRCP,0,,,a,
ASN00023718,18920420,PRCP,0,,,a,
ASN00023718,18920421,PRCP,0,,,a,
ASN00023718,18920422,PRCP,30,,,a,
ASN00023718,18920423,PRCP,0,,,a,
ASN00023718,18920424,PRCP,0,,,a,
ASN00023718,18920425,PRCP,0,,,a,
ASN00023718,18920426,PRCP,0,,,a,
ASN00023718,18920427,PRCP,0,,,a,
ASN00023718,18920428,PRCP,66,,,a,
ASN00023718,18920429,PRCP,157,,,a,
ASN00023718,18920430,PRCP,0,,,a,
ASN00023718,18920411,DAPR,2,,,a,
ASN00023718,18920418,DAPR,2,,,a,
ASN00023718,18920411,DWPR,1,,,a,
ASN00023718,18920418,DWPR,1,,,a,
ASN00023718,18920411,MDPR,25,,,a,
ASN00023718,18920418,MDPR,46,,,a,
ASN00023718,18920501,PRCP,84,,,a,
ASN00023718,18920502,PRCP,8,,,a,
ASN00023718,18920503,PRCP,0,,,a,
ASN00023718,18920504,PRCP,0,,,a,
ASN00023718,18920505,PRCP,0,,,a,
ASN00023718,18920506,PRCP,0,,,a,
ASN00023718,18920507,PRCP,0,,,a,
ASN00023718,18920508,PRCP,0,,,a,
ASN00023718,18920509,PRCP,0,,,a,
ASN00023718,18920510,PRCP,0,,,a,
ASN00023718,18920511,PRCP,23,,,a,
ASN00023718,18920512,PRCP,0,,,a,
ASN00023718,18920513,PRCP,10,,,a,
ASN00023718,18920514,PRCP,0,,,a,
ASN00023718,18920515,PRCP,0,,,a,
ASN00023718,18920516,PRCP,0,,,a,
ASN00023718,18920517,PRCP,25,,,a,
ASN00023718,18920518,PRCP,8,,,a,
ASN00023718,18920519,PRCP,41,,,a,
ASN00023718,18920520,PRCP,13,,,a,
ASN00023718,18920521,PRCP,0,,,a,
ASN00023718,18920522,PRCP,0,,,a,
ASN00023718,18920523,PRCP,0,,,a,
ASN00023718,18920524,PRCP,0,,,a,
ASN00023718,18920525,PRCP,0,,,a,
ASN00023718,18920526,PRCP,0,,,a,
ASN00023718,18920527,PRCP,0,,,a,
ASN00023718,18920528,PRCP,178,,,a,
ASN00023718,18920529,PRCP,0,,,a,
ASN00023718,18920530,PRCP,0,,,a,
ASN00023718,18920531,PRCP,64,,,a,
ASN00023718,18920601,PRCP,10,,,a,
ASN00023718,18920602,PRCP,0,,,a,
ASN00023718,18920603,PRCP,5,,,a,
ASN00023718,18920604,PRCP,0,,,a,
ASN00023718,18920605,PRCP,0,,,a,
ASN00023718,18920606,PRCP,0,,,a,
ASN00023718,18920607,PRCP,0,,,a,
ASN00023718,18920608,PRCP,15,,,a,
ASN00023718,18920609,PRCP,13,,,a,
ASN00023718,18920610,PRCP,0,,,a,
ASN00023718,18920611,PRCP,0,,,a,
ASN00023718,18920612,PRCP,0,,,a,
ASN00023718,18920613,PRCP,0,,,a,
ASN00023718,18920614,PRCP,0,,,a,
ASN00023718,18920615,PRCP,0,,,a,
ASN00023718,18920616,PRCP,66,,,a,
ASN00023718,18920617,PRCP,64,,,a,
ASN00023718,18920618,PRCP,142,,,a,
ASN00023718,18920619,PRCP,10,,,a,
ASN00023718,18920620,PRCP,8,,,a,
ASN00023718,18920621,PRCP,0,,,a,
ASN00023718,18920622,PRCP,0,,,a,
ASN00023718,18920623,PRCP,79,,,a,
ASN00023718,18920624,PRCP,0,,,a,
ASN00023718,18920625,PRCP,0,,,a,
ASN00023718,18920626,PRCP,0,,,a,
ASN00023718,18920627,PRCP,0,,,a,
ASN00023718,18920628,PRCP,0,,,a,
ASN00023718,18920629,PRCP,0,,,a,
ASN00023718,18920630,PRCP,0,,,a,
ASN00023718,18920701,PRCP,0,,,a,
ASN00023718,18920702,PRCP,0,,,a,
ASN00023718,18920703,PRCP,0,,,a,
ASN00023718,18920704,PRCP,0,,,a,
ASN00023718,18920705,PRCP,0,,,a,
ASN00023718,18920706,PRCP,81,,,a,
ASN00023718,18920707,PRCP,107,,,a,
ASN00023718,18920708,PRCP,38,,,a,
ASN00023718,18920709,PRCP,104,,,a,
ASN00023718,18920710,PRCP,79,,,a,
ASN00023718,18920711,PRCP,10,,,a,
ASN00023718,18920712,PRCP,0,,,a,
ASN00023718,18920713,PRCP,0,,,a,
ASN00023718,18920714,PRCP,0,,,a,
ASN00023718,18920715,PRCP,0,,,a,
ASN00023718,18920716,PRCP,0,,,a,
ASN00023718,18920717,PRCP,61,,,a,
ASN00023718,18920718,PRCP,28,,,a,
ASN00023718,18920719,PRCP,0,,,a,
ASN00023718,18920720,PRCP,0,,,a,
ASN00023718,18920721,PRCP,10,,,a,
ASN00023718,18920722,PRCP,0,,,a,
ASN00023718,18920723,PRCP,0,,,a,
ASN00023718,18920724,PRCP,0,,,a,
ASN00023718,18920725,PRCP,0,,,a,
ASN00023718,18920726,PRCP,0,,,a,
ASN00023718,18920727,PRCP,0,,,a,
ASN00023718,18920728,PRCP,0,,,a,
ASN00023718,18920729,PRCP,0,,,a,
ASN00023718,18920730,PRCP,0,,,a,
ASN00023718,18920731,PRCP,51,,,a,
ASN00023718,18920801,PRCP,0,,,a,
ASN00023718,18920802,PRCP,0,,,a,
ASN00023718,18920803,PRCP,28,,,a,
ASN00023718,18920804,PRCP,0,,,a,
ASN00023718,18920805,PRCP,0,,,a,
ASN00023718,18920806,PRCP,0,,,a,
ASN00023718,18920807,PRCP,15,,,a,
ASN00023718,18920808,PRCP,18,,,a,
ASN00023718,18920809,PRCP,46,,,a,
ASN00023718,18920810,PRCP,10,,,a,
ASN00023718,18920811,PRCP,0,,,a,
ASN00023718,18920812,PRCP,41,,,a,
ASN00023718,18920813,PRCP,18,,,a,
ASN00023718,18920814,PRCP,56,,,a,
ASN00023718,18920815,PRCP,5,,,a,
ASN00023718,18920816,PRCP,0,,,a,
ASN00023718,18920817,PRCP,0,,,a,
ASN00023718,18920818,PRCP,0,,,a,
ASN00023718,18920819,PRCP,0,,,a,
ASN00023718,18920820,PRCP,0,,,a,
ASN00023718,18920821,PRCP,142,,,a,
ASN00023718,18920822,PRCP,10,,,a,
ASN00023718,18920823,PRCP,79,,,a,
ASN00023718,18920824,PRCP,3,,,a,
ASN00023718,18920825,PRCP,0,,,a,
ASN00023718,18920826,PRCP,48,,,a,
ASN00023718,18920827,PRCP,0,,,a,
ASN00023718,18920828,PRCP,0,,,a,
ASN00023718,18920829,PRCP,0,,,a,
ASN00023718,18920830,PRCP,58,,,a,
ASN00023718,18920831,PRCP,28,,,a,
ASN00023718,18920901,PRCP,0,,,a,
ASN00023718,18920902,PRCP,0,,,a,
ASN00023718,18920903,PRCP,0,,,a,
ASN00023718,18920906,PRCP,51,,,a,
ASN00023718,18920907,PRCP,13,,,a,
ASN00023718,18920908,PRCP,0,,,a,
ASN00023718,18920909,PRCP,0,,,a,
ASN00023718,18920910,PRCP,0,,,a,
ASN00023718,18920911,PRCP,0,,,a,
ASN00023718,18920912,PRCP,0,,,a,
ASN00023718,18920913,PRCP,0,,,a,
ASN00023718,18920914,PRCP,0,,,a,
ASN00023718,18920915,PRCP,36,,,a,
ASN00023718,18920916,PRCP,30,,,a,
ASN00023718,18920917,PRCP,13,,,a,
ASN00023718,18920920,PRCP,0,,,a,
ASN00023718,18920921,PRCP,36,,,a,
ASN00023718,18920922,PRCP,84,,,a,
ASN00023718,18920923,PRCP,18,,,a,
ASN00023718,18920924,PRCP,0,,,a,
ASN00023718,18920927,PRCP,8,,,a,
ASN00023718,18920928,PRCP,0,,,a,
ASN00023718,18920929,PRCP,0,,,a,
ASN00023718,18920930,PRCP,0,,,a,
ASN00023718,18920905,DAPR,2,,,a,
ASN00023718,18920919,DAPR,2,,,a,
ASN00023718,18920926,DAPR,2,,,a,
ASN00023718,18920905,DWPR,1,,,a,
ASN00023718,18920919,DWPR,1,,,a,
ASN00023718,18920926,DWPR,1,,,a,
ASN00023718,18920905,MDPR,107,,,a,
ASN00023718,18920919,MDPR,79,,,a,
ASN00023718,18920926,MDPR,74,,,a,
ASN00023718,18921001,PRCP,18,,,a,
ASN00023718,18921002,PRCP,0,,,a,
ASN00023718,18921003,PRCP,10,,,a,
ASN00023718,18921004,PRCP,0,,,a,
ASN00023718,18921005,PRCP,0,,,a,
ASN00023718,18921006,PRCP,0,,,a,
ASN00023718,18921007,PRCP,0,,,a,
ASN00023718,18921008,PRCP,18,,,a,
ASN00023718,18921009,PRCP,0,,,a,
ASN00023718,18921010,PRCP,178,,,a,
ASN00023718,18921011,PRCP,46,,,a,
ASN00023718,18921012,PRCP,0,,,a,
ASN00023718,18921013,PRCP,0,,,a,
ASN00023718,18921014,PRCP,8,,,a,
ASN00023718,18921015,PRCP,267,,,a,
ASN00023718,18921016,PRCP,3,,,a,
ASN00023718,18921017,PRCP,0,,,a,
ASN00023718,18921018,PRCP,0,,,a,
ASN00023718,18921019,PRCP,0,,,a,
ASN00023718,18921020,PRCP,0,,,a,
ASN00023718,18921021,PRCP,0,,,a,
ASN00023718,18921022,PRCP,13,,,a,
ASN00023718,18921023,PRCP,0,,,a,
ASN00023718,18921024,PRCP,0,,,a,
ASN00023718,18921025,PRCP,132,,,a,
ASN00023718,18921026,PRCP,94,,,a,
ASN00023718,18921027,PRCP,15,,,a,
ASN00023718,18921028,PRCP,25,,,a,
ASN00023718,18921029,PRCP,0,,,a,
ASN00023718,18921030,PRCP,0,,,a,
ASN00023718,18921031,PRCP,0,,,a,
ASN00023718,18921101,PRCP,41,,,a,
ASN00023718,18921102,PRCP,0,,,a,
ASN00023718,18921103,PRCP,0,,,a,
ASN00023718,18921104,PRCP,0,,,a,
ASN00023718,18921105,PRCP,20,,,a,
ASN00023718,18921106,PRCP,0,,,a,
ASN00023718,18921107,PRCP,0,,,a,
ASN00023718,18921108,PRCP,0,,,a,
ASN00023718,18921109,PRCP,0,,,a,
ASN00023718,18921110,PRCP,0,,,a,
ASN00023718,18921111,PRCP,0,,,a,
ASN00023718,18921112,PRCP,0,,,a,
ASN00023718,18921113,PRCP,0,,,a,
ASN00023718,18921114,PRCP,0,,,a,
ASN00023718,18921115,PRCP,0,,,a,
ASN00023718,18921116,PRCP,0,,,a,
ASN00023718,18921117,PRCP,0,,,a,
ASN00023718,18921118,PRCP,0,,,a,
ASN00023718,18921119,PRCP,0,,,a,
ASN00023718,18921120,PRCP,0,,,a,
ASN00023718,18921121,PRCP,18,,,a,
ASN00023718,18921122,PRCP,0,,,a,
ASN00023718,18921123,PRCP,0,,,a,
ASN00023718,18921124,PRCP,36,,,a,
ASN00023718,18921125,PRCP,0,,,a,
ASN00023718,18921126,PRCP,0,,,a,
ASN00023718,18921127,PRCP,0,,,a,
ASN00023718,18921128,PRCP,0,,,a,
ASN00023718,18921129,PRCP,0,,,a,
ASN00023718,18921130,PRCP,0,,,a,
ASN00023718,18921201,PRCP,0,,,a,
ASN00023718,18921202,PRCP,0,,,a,
ASN00023718,18921203,PRCP,0,,,a,
ASN00023718,18921204,PRCP,0,,,a,
ASN00023718,18921205,PRCP,0,,,a,
ASN00023718,18921206,PRCP,0,,,a,
ASN00023718,18921207,PRCP,0,,,a,
ASN00023718,18921208,PRCP,0,,,a,
ASN00023718,18921209,PRCP,0,,,a,
ASN00023718,18921210,PRCP,0,,,a,
ASN00023718,18921213,PRCP,5,,,a,
ASN00023718,18921214,PRCP,18,,,a,
ASN00023718,18921215,PRCP,81,,,a,
ASN00023718,18921216,PRCP,0,,,a,
ASN00023718,18921217,PRCP,5,,,a,
ASN00023718,18921218,PRCP,0,,,a,
ASN00023718,18921219,PRCP,0,,,a,
ASN00023718,18921220,PRCP,0,,,a,
ASN00023718,18921221,PRCP,0,,,a,
ASN00023718,18921222,PRCP,0,,,a,
ASN00023718,18921223,PRCP,0,,,a,
ASN00023718,18921224,PRCP,0,,,a,
ASN00023718,18921225,PRCP,0,,,a,
ASN00023718,18921226,PRCP,0,,,a,
ASN00023718,18921227,PRCP,0,,,a,
ASN00023718,18921228,PRCP,0,,,a,
ASN00023718,18921229,PRCP,0,,,a,
ASN00023718,18921230,PRCP,43,,,a,
ASN00023718,18921231,PRCP,0,,,a,
ASN00023718,18921212,DAPR,2,,,a,
ASN00023718,18921212,DWPR,1,,,a,
ASN00023718,18921212,MDPR,132,,,a,
ASN00023718,18930101,PRCP,0,,,a,
ASN00023718,18930102,PRCP,0,,,a,
ASN00023718,18930103,PRCP,0,,,a,
ASN00023718,18930104,PRCP,0,,,a,
ASN00023718,18930105,PRCP,0,,,a,
ASN00023718,18930106,PRCP,0,,,a,
ASN00023718,18930107,PRCP,0,,,a,
ASN00023718,18930108,PRCP,0,,,a,
ASN00023718,18930109,PRCP,3,,,a,
ASN00023718,18930110,PRCP,0,,,a,
ASN00023718,18930111,PRCP,0,,,a,
ASN00023718,18930112,PRCP,5,,,a,
ASN00023718,18930113,PRCP,0,,,a,
ASN00023718,18930114,PRCP,0,,,a,
ASN00023718,18930115,PRCP,0,,,a,
ASN00023718,18930116,PRCP,0,,,a,
ASN00023718,18930117,PRCP,0,,,a,
ASN00023718,18930118,PRCP,3,,,a,
ASN00023718,18930119,PRCP,23,,,a,
ASN00023718,18930120,PRCP,0,,,a,
ASN00023718,18930121,PRCP,0,,,a,
ASN00023718,18930122,PRCP,0,,,a,
ASN00023718,18930123,PRCP,3,,,a,
ASN00023718,18930124,PRCP,0,,,a,
ASN00023718,18930125,PRCP,0,,,a,
ASN00023718,18930126,PRCP,0,,,a,
ASN00023718,18930127,PRCP,0,,,a,
ASN00023718,18930128,PRCP,0,,,a,
ASN00023718,18930129,PRCP,0,,,a,
ASN00023718,18930130,PRCP,0,,,a,
ASN00023718,18930131,PRCP,0,,,a,
ASN00023718,18930201,PRCP,0,,,a,
ASN00023718,18930202,PRCP,0,,,a,
ASN00023718,18930203,PRCP,0,,,a,
ASN00023718,18930204,PRCP,0,,,a,
ASN00023718,18930205,PRCP,0,,,a,
ASN00023718,18930206,PRCP,0,,,a,
ASN00023718,18930207,PRCP,0,,,a,
ASN00023718,18930208,PRCP,0,,,a,
ASN00023718,18930209,PRCP,0,,,a,
ASN00023718,18930210,PRCP,0,,,a,
ASN00023718,18930211,PRCP,0,,,a,
ASN00023718,18930212,PRCP,0,,,a,
ASN00023718,18930213,PRCP,0,,,a,
ASN00023718,18930214,PRCP,0,,,a,
ASN00023718,18930215,PRCP,0,,,a,
ASN00023718,18930216,PRCP,0,,,a,
ASN00023718,18930217,PRCP,0,,,a,
ASN00023718,18930218,PRCP,0,,,a,
ASN00023718,18930219,PRCP,0,,,a,
ASN00023718,18930220,PRCP,0,,,a,
ASN00023718,18930221,PRCP,0,,,a,
ASN00023718,18930222,PRCP,0,,,a,
ASN00023718,18930223,PRCP,0,,,a,
ASN00023718,18930224,PRCP,0,,,a,
ASN00023718,18930225,PRCP,0,,,a,
ASN00023718,18930226,PRCP,0,,,a,
ASN00023718,18930227,PRCP,0,,,a,
ASN00023718,18930228,PRCP,0,,,a,
ASN00023718,18930301,PRCP,0,,,a,
ASN00023718,18930302,PRCP,0,,,a,
ASN00023718,18930303,PRCP,0,,,a,
ASN00023718,18930304,PRCP,0,,,a,
ASN00023718,18930305,PRCP,0,,,a,
ASN00023718,18930306,PRCP,0,,,a,
ASN00023718,18930307,PRCP,20,,,a,
ASN00023718,18930308,PRCP,3,,,a,
ASN00023718,18930309,PRCP,0,,,a,
ASN00023718,18930310,PRCP,0,,,a,
ASN00023718,18930311,PRCP,0,,,a,
ASN00023718,18930312,PRCP,0,,,a,
ASN00023718,18930313,PRCP,0,,,a,
ASN00023718,18930314,PRCP,0,,,a,
ASN00023718,18930315,PRCP,0,,,a,
ASN00023718,18930316,PRCP,0,,,a,
ASN00023718,18930317,PRCP,0,,,a,
ASN00023718,18930318,PRCP,0,,,a,
ASN00023718,18930319,PRCP,0,,,a,
ASN00023718,18930320,PRCP,0,,,a,
ASN00023718,18930321,PRCP,0,,,a,
ASN00023718,18930322,PRCP,0,,,a,
ASN00023718,18930323,PRCP,0,,,a,
ASN00023718,18930324,PRCP,0,,,a,
ASN00023718,18930325,PRCP,0,,,a,
ASN00023718,18930326,PRCP,0,,,a,
ASN00023718,18930327,PRCP,0,,,a,
ASN00023718,18930328,PRCP,0,,,a,
ASN00023718,18930329,PRCP,0,,,a,
ASN00023718,18930330,PRCP,20,,,a,
ASN00023718,18930331,PRCP,0,,,a,
ASN00023718,18930401,PRCP,124,,,a,
ASN00023718,18930404,PRCP,0,,,a,
ASN00023718,18930405,PRCP,0,,,a,
ASN00023718,18930406,PRCP,0,,,a,
ASN00023718,18930407,PRCP,3,,,a,
ASN00023718,18930408,PRCP,3,,,a,
ASN00023718,18930409,PRCP,0,,,a,
ASN00023718,18930410,PRCP,0,,,a,
ASN00023718,18930411,PRCP,0,,,a,
ASN00023718,18930412,PRCP,109,,,a,
ASN00023718,18930413,PRCP,0,,,a,
ASN00023718,18930414,PRCP,0,,,a,
ASN00023718,18930415,PRCP,8,,,a,
ASN00023718,18930418,PRCP,79,,,a,
ASN00023718,18930419,PRCP,3,,,a,
ASN00023718,18930420,PRCP,0,,,a,
ASN00023718,18930421,PRCP,0,,,a,
ASN00023718,18930422,PRCP,13,,,a,
ASN00023718,18930423,PRCP,0,,,a,
ASN00023718,18930424,PRCP,0,,,a,
ASN00023718,18930425,PRCP,61,,,a,
ASN00023718,18930426,PRCP,10,,,a,
ASN00023718,18930427,PRCP,0,,,a,
ASN00023718,18930428,PRCP,0,,,a,
ASN00023718,18930429,PRCP,5,,,a,
ASN00023718,18930430,PRCP,0,,,a,
ASN00023718,18930403,DAPR,2,,,a,
ASN00023718,18930417,DAPR,2,,,a,
ASN00023718,18930403,DWPR,1,,,a,
ASN00023718,18930417,DWPR,1,,,a,
ASN00023718,18930403,MDPR,135,,,a,
ASN00023718,18930417,MDPR,94,,,a,
ASN00023718,18930501,PRCP,30,,,a,
ASN00023718,18930502,PRCP,41,,,a,
ASN00023718,18930503,PRCP,0,,,a,
ASN00023718,18930504,PRCP,0,,,a,
ASN00023718,18930505,PRCP,0,,,a,
ASN00023718,18930506,PRCP,0,,,a,
ASN00023718,18930507,PRCP,0,,,a,
ASN00023718,18930508,PRCP,0,,,a,
ASN00023718,18930509,PRCP,13,,,a,
ASN00023718,18930510,PRCP,0,,,a,
ASN00023718,18930511,PRCP,30,,,a,
ASN00023718,18930512,PRCP,0,,,a,
ASN00023718,18930513,PRCP,30,,,a,
ASN00023718,18930514,PRCP,0,,,a,
ASN00023718,18930515,PRCP,13,,,a,
ASN00023718,18930516,PRCP,0,,,a,
ASN00023718,18930517,PRCP,0,,,a,
ASN00023718,18930518,PRCP,13,,,a,
ASN00023718,18930519,PRCP,0,,,a,
ASN00023718,18930520,PRCP,0,,,a,
ASN00023718,18930521,PRCP,0,,,a,
ASN00023718,18930522,PRCP,10,,,a,
ASN00023718,18930523,PRCP,0,,,a,
ASN00023718,18930524,PRCP,0,,,a,
ASN00023718,18930525,PRCP,0,,,a,
ASN00023718,18930526,PRCP,0,,,a,
ASN00023718,18930527,PRCP,122,,,a,
ASN00023718,18930530,PRCP,81,,,a,
ASN00023718,18930531,PRCP,41,,,a,
ASN00023718,18930529,DAPR,2,,,a,
ASN00023718,18930529,DWPR,1,,,a,
ASN00023718,18930529,MDPR,193,,,a,
ASN00023718,18930601,PRCP,13,,,a,
ASN00023718,18930602,PRCP,5,,,a,
ASN00023718,18930603,PRCP,30,,,a,
ASN00023718,18930604,PRCP,0,,,a,
ASN00023718,18930605,PRCP,5,,,a,
ASN00023718,18930606,PRCP,0,,,a,
ASN00023718,18930607,PRCP,0,,,a,
ASN00023718,18930608,PRCP,0,,,a,
ASN00023718,18930609,PRCP,0,,,a,
ASN00023718,18930610,PRCP,0,,,a,
ASN00023718,18930611,PRCP,0,,,a,
ASN00023718,18930612,PRCP,0,,,a,
ASN00023718,18930613,PRCP,0,,,a,
ASN00023718,18930614,PRCP,25,,,a,
ASN00023718,18930615,PRCP,48,,,a,
ASN00023718,18930616,PRCP,64,,,a,
ASN00023718,18930617,PRCP,33,,,a,
ASN00023718,18930620,PRCP,0,,,a,
ASN00023718,18930621,PRCP,48,,,a,
ASN00023718,18930622,PRCP,46,,,a,
ASN00023718,18930623,PRCP,13,,,a,
ASN00023718,18930624,PRCP,5,,,a,
ASN00023718,18930625,PRCP,0,,,a,
ASN00023718,18930626,PRCP,0,,,a,
ASN00023718,18930627,PRCP,28,,,a,
ASN00023718,18930628,PRCP,18,,,a,
ASN00023718,18930629,PRCP,3,,,a,
ASN00023718,18930630,PRCP,18,,,a,
ASN00023718,18930619,DAPR,2,,,a,
ASN00023718,18930619,DWPR,1,,,a,
ASN00023718,18930619,MDPR,36,,,a,
ASN00023718,18930701,PRCP,0,,,a,
ASN00023718,18930702,PRCP,0,,,a,
ASN00023718,18930703,PRCP,20,,,a,
ASN00023718,18930704,PRCP,0,,,a,
ASN00023718,18930705,PRCP,0,,,a,
ASN00023718,18930706,PRCP,0,,,a,
ASN00023718,18930707,PRCP,0,,,a,
ASN00023718,18930708,PRCP,0,,,a,
ASN00023718,18930711,PRCP,5,,,a,
ASN00023718,18930712,PRCP,0,,,a,
ASN00023718,18930713,PRCP,0,,,a,
ASN00023718,18930714,PRCP,5,,,a,
ASN00023718,18930715,PRCP,89,,,a,
ASN00023718,18930716,PRCP,0,,,a,
ASN00023718,18930717,PRCP,13,,,a,
ASN00023718,18930718,PRCP,56,,,a,
ASN00023718,18930719,PRCP,5,,,a,
ASN00023718,18930720,PRCP,25,,,a,
ASN00023718,18930721,PRCP,36,,,a,
ASN00023718,18930722,PRCP,53,,,a,
ASN00023718,18930723,PRCP,0,,,a,
ASN00023718,18930724,PRCP,23,,,a,
ASN00023718,18930725,PRCP,8,,,a,
ASN00023718,18930726,PRCP,36,,,a,
ASN00023718,18930727,PRCP,0,,,a,
ASN00023718,18930728,PRCP,0,,,a,
ASN00023718,18930729,PRCP,0,,,a,
ASN00023718,18930730,PRCP,0,,,a,
ASN00023718,18930731,PRCP,3,,,a,
ASN00023718,18930710,DAPR,2,,,a,
ASN00023718,18930710,DWPR,1,,,a,
ASN00023718,18930710,MDPR,28,,,a,
ASN00023718,18930801,PRCP,0,,,a,
ASN00023718,18930802,PRCP,79,,,a,
ASN00023718,18930803,PRCP,10,,,a,
ASN00023718,18930804,PRCP,3,,,a,
ASN00023718,18930805,PRCP,64,,,a,
ASN00023718,18930806,PRCP,0,,,a,
ASN00023718,18930807,PRCP,15,,,a,
ASN00023718,18930808,PRCP,5,,,a,
ASN00023718,18930809,PRCP,8,,,a,
ASN00023718,18930810,PRCP,13,,,a,
ASN00023718,18930811,PRCP,0,,,a,
ASN00023718,18930812,PRCP,0,,,a,
ASN00023718,18930813,PRCP,0,,,a,
ASN00023718,18930814,PRCP,0,,,a,
ASN00023718,18930815,PRCP,5,,,a,
ASN00023718,18930816,PRCP,0,,,a,
ASN00023718,18930817,PRCP,0,,,a,
ASN00023718,18930818,PRCP,8,,,a,
ASN00023718,18930819,PRCP,0,,,a,
ASN00023718,18930820,PRCP,0,,,a,
ASN00023718,18930821,PRCP,0,,,a,
ASN00023718,18930822,PRCP,0,,,a,
ASN00023718,18930823,PRCP,5,,,a,
ASN00023718,18930824,PRCP,3,,,a,
ASN00023718,18930825,PRCP,13,,,a,
ASN00023718,18930826,PRCP,0,,,a,
ASN00023718,18930827,PRCP,0,,,a,
ASN00023718,18930828,PRCP,5,,,a,
ASN00023718,18930829,PRCP,94,,,a,
ASN00023718,18930830,PRCP,117,,,a,
ASN00023718,18930831,PRCP,8,,,a,
ASN00023718,18930901,PRCP,0,,,a,
ASN00023718,18930902,PRCP,8,,,a,
ASN00023718,18930905,PRCP,25,,,a,
ASN00023718,18930906,PRCP,30,,,a,
ASN00023718,18930907,PRCP,102,,,a,
ASN00023718,18930908,PRCP,38,,,a,
ASN00023718,18930909,PRCP,0,,,a,
ASN00023718,18930910,PRCP,0,,,a,
ASN00023718,18930911,PRCP,23,,,a,
ASN00023718,18930912,PRCP,94,,,a,
ASN00023718,18930913,PRCP,33,,,a,
ASN00023718,18930914,PRCP,13,,,a,
ASN00023718,18930915,PRCP,38,,,a,
ASN00023718,18930916,PRCP,3,,,a,
ASN00023718,18930917,PRCP,0,,,a,
ASN00023718,18930918,PRCP,0,,,a,
ASN00023718,18930919,PRCP,0,,,a,
ASN00023718,18930920,PRCP,0,,,a,
ASN00023718,18930921,PRCP,0,,,a,
ASN00023718,18930922,PRCP,0,,,a,
ASN00023718,18930923,PRCP,0,,,a,
ASN00023718,18930924,PRCP,0,,,a,
ASN00023718,18930925,PRCP,381,,,a,
ASN00023718,18930926,PRCP,0,,,a,
ASN00023718,18930927,PRCP,0,,,a,
ASN00023718,18930928,PRCP,0,,,a,
ASN00023718,18930929,PRCP,0,,,a,
ASN00023718,18930930,PRCP,0,,,a,
ASN00023718,18930904,DAPR,2,,,a,
ASN00023718,18930904,DWPR,1,,,a,
ASN00023718,18930904,MDPR,36,,,a,
ASN00023718,18931001,PRCP,0,,,a,
ASN00023718,18931002,PRCP,8,,,a,
ASN00023718,18931003,PRCP,3,,,a,
ASN00023718,18931004,PRCP,0,,,a,
ASN00023718,18931005,PRCP,0,,,a,
ASN00023718,18931006,PRCP,0,,,a,
ASN00023718,18931007,PRCP,0,,,a,
ASN00023718,18931010,PRCP,36,,,a,
ASN00023718,18931011,PRCP,0,,,a,
ASN00023718,18931012,PRCP,0,,,a,
ASN00023718,18931013,PRCP,3,,,a,
ASN00023718,18931014,PRCP,84,,,a,
ASN00023718,18931017,PRCP,23,,,a,
ASN00023718,18931018,PRCP,0,,,a,
ASN00023718,18931019,PRCP,8,,,a,
ASN00023718,18931020,PRCP,0,,,a,
ASN00023718,18931021,PRCP,0,,,a,
ASN00023718,18931022,PRCP,0,,,a,
ASN00023718,18931023,PRCP,8,,,a,
ASN00023718,18931024,PRCP,0,,,a,
ASN00023718,18931025,PRCP,0,,,a,
ASN00023718,18931026,PRCP,0,,,a,
ASN00023718,18931027,PRCP,3,,,a,
ASN00023718,18931028,PRCP,0,,,a,
ASN00023718,18931029,PRCP,0,,,a,
ASN00023718,18931030,PRCP,0,,,a,
ASN00023718,18931031,PRCP,0,,,a,
ASN00023718,18931009,DAPR,2,,,a,
ASN00023718,18931016,DAPR,2,,,a,
ASN00023718,18931009,DWPR,1,,,a,
ASN00023718,18931016,DWPR,1,,,a,
ASN00023718,18931009,MDPR,76,,,a,
ASN00023718,18931016,MDPR,53,,,a,
ASN00023718,18931101,PRCP,0,,,a,
ASN00023718,18931102,PRCP,0,,,a,
ASN00023718,18931103,PRCP,15,,,a,
ASN00023718,18931104,PRCP,5,,,a,
ASN00023718,18931105,PRCP,0,,,a,
ASN00023718,18931106,PRCP,0,,,a,
ASN00023718,18931107,PRCP,0,,,a,
ASN00023718,18931108,PRCP,130,,,a,
ASN00023718,18931109,PRCP,0,,,a,
ASN00023718,18931110,PRCP,0,,,a,
ASN00023718,18931111,PRCP,0,,,a,
ASN00023718,18931112,PRCP,145,,,a,
ASN00023718,18931113,PRCP,0,,,a,
ASN00023718,18931114,PRCP,0,,,a,
ASN00023718,18931115,PRCP,0,,,a,
ASN00023718,18931116,PRCP,0,,,a,
ASN00023718,18931117,PRCP,8,,,a,
ASN00023718,18931118,PRCP,0,,,a,
ASN00023718,18931119,PRCP,0,,,a,
ASN00023718,18931120,PRCP,15,,,a,
ASN00023718,18931121,PRCP,0,,,a,
ASN00023718,18931122,PRCP,0,,,a,
ASN00023718,18931123,PRCP,0,,,a,
ASN00023718,18931124,PRCP,0,,,a,
ASN00023718,18931125,PRCP,0,,,a,
ASN00023718,18931126,PRCP,0,,,a,
ASN00023718,18931127,PRCP,0,,,a,
ASN00023718,18931128,PRCP,0,,,a,
ASN00023718,18931129,PRCP,0,,,a,
ASN00023718,18931130,PRCP,0,,,a,
ASN00023718,18931201,PRCP,0,,,a,
ASN00023718,18931202,PRCP,0,,,a,
ASN00023718,18931203,PRCP,0,,,a,
ASN00023718,18931204,PRCP,0,,,a,
ASN00023718,18931205,PRCP,0,,,a,
ASN00023718,18931206,PRCP,0,,,a,
ASN00023718,18931207,PRCP,0,,,a,
ASN00023718,18931208,PRCP,0,,,a,
ASN00023718,18931209,PRCP,0,,,a,
ASN00023718,18931210,PRCP,0,,,a,
ASN00023718,18931211,PRCP,0,,,a,
ASN00023718,18931212,PRCP,0,,,a,
ASN00023718,18931213,PRCP,0,,,a,
ASN00023718,18931214,PRCP,0,,,a,
ASN00023718,18931215,PRCP,0,,,a,
ASN00023718,18931216,PRCP,18,,,a,
ASN00023718,18931217,PRCP,0,,,a,
ASN00023718,18931218,PRCP,0,,,a,
ASN00023718,18931219,PRCP,0,,,a,
ASN00023718,18931220,PRCP,0,,,a,
ASN00023718,18931221,PRCP,0,,,a,
ASN00023718,18931222,PRCP,0,,,a,
ASN00023718,18931223,PRCP,0,,,a,
ASN00023718,18931224,PRCP,0,,,a,
ASN00023718,18931227,PRCP,3,,,a,
ASN00023718,18931228,PRCP,3,,,a,
ASN00023718,18931229,PRCP,25,,,a,
ASN00023718,18931230,PRCP,0,,,a,
ASN00023718,18931231,PRCP,0,,,a,
ASN00023718,18931226,DAPR,2,,,a,
ASN00023718,18931226,DWPR,1,,,a,
ASN00023718,18931226,MDPR,79,,,a,
ASN00023718,18940101,PRCP,0,,,a,
ASN00023718,18940102,PRCP,0,,,a,
ASN00023718,18940103,PRCP,0,,,a,
ASN00023718,18940104,PRCP,0,,,a,
ASN00023718,18940105,PRCP,0,,,a,
ASN00023718,18940106,PRCP,0,,,a,
ASN00023718,18940107,PRCP,0,,,a,
ASN00023718,18940108,PRCP,0,,,a,
ASN00023718,18940109,PRCP,0,,,a,
ASN00023718,18940110,PRCP,0,,,a,
ASN00023718,18940111,PRCP,0,,,a,
ASN00023718,18940112,PRCP,20,,,a,
ASN00023718,18940113,PRCP,53,,,a,
ASN00023718,18940116,PRCP,0,,,a,
ASN00023718,18940117,PRCP,0,,,a,
ASN00023718,18940118,PRCP,0,,,a,
ASN00023718,18940119,PRCP,0,,,a,
ASN00023718,18940120,PRCP,0,,,a,
ASN00023718,18940121,PRCP,0,,,a,
ASN00023718,18940122,PRCP,0,,,a,
ASN00023718,18940123,PRCP,0,,,a,
ASN00023718,18940124,PRCP,0,,,a,
ASN00023718,18940125,PRCP,0,,,a,
ASN00023718,18940126,PRCP,0,,,a,
ASN00023718,18940127,PRCP,0,,,a,
ASN00023718,18940128,PRCP,0,,,a,
ASN00023718,18940129,PRCP,0,,,a,
ASN00023718,18940130,PRCP,0,,,a,
ASN00023718,18940131,PRCP,0,,,a,
ASN00023718,18940115,DAPR,2,,,a,
ASN00023718,18940115,DWPR,1,,,a,
ASN00023718,18940115,MDPR,25,,,a,
ASN00023718,18940201,PRCP,5,,,a,
ASN00023718,18940202,PRCP,0,,,a,
ASN00023718,18940203,PRCP,0,,,a,
ASN00023718,18940204,PRCP,0,,,a,
ASN00023718,18940205,PRCP,0,,,a,
ASN00023718,18940206,PRCP,0,,,a,
ASN00023718,18940207,PRCP,0,,,a,
ASN00023718,18940208,PRCP,0,,,a,
ASN00023718,18940209,PRCP,0,,,a,
ASN00023718,18940210,PRCP,0,,,a,
ASN00023718,18940211,PRCP,0,,,a,
ASN00023718,18940212,PRCP,0,,,a,
ASN00023718,18940213,PRCP,0,,,a,
ASN00023718,18940214,PRCP,0,,,a,
ASN00023718,18940215,PRCP,0,,,a,
ASN00023718,18940216,PRCP,0,,,a,
ASN00023718,18940217,PRCP,0,,,a,
ASN00023718,18940218,PRCP,0,,,a,
ASN00023718,18940219,PRCP,0,,,a,
ASN00023718,18940220,PRCP,0,,,a,
ASN00023718,18940221,PRCP,0,,,a,
ASN00023718,18940222,PRCP,18,,,a,
ASN00023718,18940223,PRCP,3,,,a,
ASN00023718,18940224,PRCP,0,,,a,
ASN00023718,18940225,PRCP,0,,,a,
ASN00023718,18940226,PRCP,0,,,a,
ASN00023718,18940227,PRCP,0,,,a,
ASN00023718,18940228,PRCP,0,,,a,
ASN00023718,18940301,PRCP,0,,,a,
ASN00023718,18940302,PRCP,0,,,a,
ASN00023718,18940303,PRCP,0,,,a,
ASN00023718,18940304,PRCP,0,,,a,
ASN00023718,18940305,PRCP,0,,,a,
ASN00023718,18940306,PRCP,213,,,a,
ASN00023718,18940307,PRCP,0,,,a,
ASN00023718,18940308,PRCP,0,,,a,
ASN00023718,18940309,PRCP,3,,,a,
ASN00023718,18940310,PRCP,0,,,a,
ASN00023718,18940311,PRCP,0,,,a,
ASN00023718,18940312,PRCP,0,,,a,
ASN00023718,18940313,PRCP,0,,,a,
ASN00023718,18940314,PRCP,0,,,a,
ASN00023718,18940315,PRCP,0,,,a,
ASN00023718,18940316,PRCP,0,,,a,
ASN00023718,18940317,PRCP,79,,,a,
ASN00023718,18940318,PRCP,18,,,a,
ASN00023718,18940319,PRCP,0,,,a,
ASN00023718,18940320,PRCP,15,,,a,
ASN00023718,18940321,PRCP,20,,,a,
ASN00023718,18940322,PRCP,0,,,a,
ASN00023718,18940323,PRCP,0,,,a,
ASN00023718,18940324,PRCP,36,,,a,
ASN00023718,18940325,PRCP,0,,,a,
ASN00023718,18940326,PRCP,13,,,a,
ASN00023718,18940327,PRCP,69,,,a,
ASN00023718,18940328,PRCP,0,,,a,
ASN00023718,18940329,PRCP,0,,,a,
ASN00023718,18940330,PRCP,0,,,a,
ASN00023718,18940331,PRCP,3,,,a,
ASN00023718,18940401,PRCP,0,,,a,
ASN00023718,18940402,PRCP,0,,,a,
ASN00023718,18940403,PRCP,0,,,a,
ASN00023718,18940404,PRCP,0,,,a,
ASN00023718,18940405,PRCP,0,,,a,
ASN00023718,18940406,PRCP,0,,,a,
ASN00023718,18940407,PRCP,0,,,a,
ASN00023718,18940408,PRCP,0,,,a,
ASN00023718,18940409,PRCP,0,,,a,
ASN00023718,18940410,PRCP,0,,,a,
ASN00023718,18940411,PRCP,0,,,a,
ASN00023718,18940412,PRCP,0,,,a,
ASN00023718,18940413,PRCP,0,,,a,
ASN00023718,18940414,PRCP,0,,,a,
ASN00023718,18940415,PRCP,0,,,a,
ASN00023718,18940416,PRCP,0,,,a,
ASN00023718,18940417,PRCP,36,,,a,
ASN00023718,18940418,PRCP,38,,,a,
ASN00023718,18940419,PRCP,406,,,a,
ASN00023718,18940420,PRCP,15,,,a,
ASN00023718,18940421,PRCP,0,,,a,
ASN00023718,18940422,PRCP,0,,,a,
ASN00023718,18940423,PRCP,0,,,a,
ASN00023718,18940424,PRCP,0,,,a,
ASN00023718,18940425,PRCP,0,,,a,
ASN00023718,18940426,PRCP,0,,,a,
ASN00023718,18940427,PRCP,79,,,a,
ASN00023718,18940428,PRCP,0,,,a,
ASN00023718,18940429,PRCP,0,,,a,
ASN00023718,18940430,PRCP,0,,,a,
ASN00023718,18940501,PRCP,0,,,a,
ASN00023718,18940502,PRCP,15,,,a,
ASN00023718,18940503,PRCP,20,,,a,
ASN00023718,18940504,PRCP,0,,,a,
ASN00023718,18940505,PRCP,0,,,a,
ASN00023718,18940506,PRCP,0,,,a,
ASN00023718,18940507,PRCP,0,,,a,
ASN00023718,18940508,PRCP,0,,,a,
ASN00023718,18940509,PRCP,0,,,a,
ASN00023718,18940510,PRCP,0,,,a,
ASN00023718,18940511,PRCP,0,,,a,
ASN00023718,18940512,PRCP,0,,,a,
ASN00023718,18940515,PRCP,0,,,a,
ASN00023718,18940516,PRCP,0,,,a,
ASN00023718,18940517,PRCP,10,,,a,
ASN00023718,18940518,PRCP,23,,,a,
ASN00023718,18940519,PRCP,30,,,a,
ASN00023718,18940522,PRCP,18,,,a,
ASN00023718,18940523,PRCP,0,,,a,
ASN00023718,18940524,PRCP,5,,,a,
ASN00023718,18940525,PRCP,28,,,a,
ASN00023718,18940526,PRCP,3,,,a,
ASN00023718,18940527,PRCP,0,,,a,
ASN00023718,18940528,PRCP,0,,,a,
ASN00023718,18940529,PRCP,0,,,a,
ASN00023718,18940530,PRCP,0,,,a,
ASN00023718,18940531,PRCP,48,,,a,
ASN00023718,18940514,DAPR,2,,,a,
ASN00023718,18940521,DAPR,2,,,a,
ASN00023718,18940514,DWPR,1,,,a,
ASN00023718,18940521,DWPR,1,,,a,
ASN00023718,18940514,MDPR,71,,,a,
ASN00023718,18940521,MDPR,28,,,a,
ASN00023718,18940601,PRCP,119,,,a,
ASN00023718,18940602,PRCP,3,,,a,
ASN00023718,18940605,PRCP,3,,,a,
ASN00023718,18940606,PRCP,3,,,a,
ASN00023718,18940607,PRCP,0,,,a,
ASN00023718,18940608,PRCP,0,,,a,
ASN00023718,18940609,PRCP,0,,,a,
ASN00023718,18940610,PRCP,0,,,a,
ASN00023718,18940611,PRCP,0,,,a,
ASN00023718,18940612,PRCP,0,,,a,
ASN00023718,18940613,PRCP,0,,,a,
ASN00023718,18940614,PRCP,0,,,a,
ASN00023718,18940615,PRCP,0,,,a,
ASN00023718,18940616,PRCP,0,,,a,
ASN00023718,18940617,PRCP,0,,,a,
ASN00023718,18940618,PRCP,0,,,a,
ASN00023718,18940619,PRCP,0,,,a,
ASN00023718,18940620,PRCP,0,,,a,
ASN00023718,18940621,PRCP,0,,,a,
ASN00023718,18940622,PRCP,0,,,a,
ASN00023718,18940623,PRCP,46,,,a,
ASN00023718,18940626,PRCP,10,,,a,
ASN00023718,18940627,PRCP,43,,,a,
ASN00023718,18940628,PRCP,0,,,a,
ASN00023718,18940629,PRCP,0,,,a,
ASN00023718,18940630,PRCP,0,,,a,
ASN00023718,18940604,DAPR,2,,,a,
ASN00023718,18940625,DAPR,2,,,a,
ASN00023718,18940604,DWPR,1,,,a,
ASN00023718,18940625,DWPR,1,,,a,
ASN00023718,18940604,MDPR,191,,,a,
ASN00023718,18940625,MDPR,81,,,a,
ASN00023718,18940701,PRCP,0,,,a,
ASN00023718,18940702,PRCP,10,,,a,
ASN00023718,18940703,PRCP,0,,,a,
ASN00023718,18940704,PRCP,0,,,a,
ASN00023718,18940705,PRCP,0,,,a,
ASN00023718,18940706,PRCP,0,,,a,
ASN00023718,18940707,PRCP,0,,,a,
ASN00023718,18940708,PRCP,0,,,a,
ASN00023718,18940709,PRCP,13,,,a,
ASN00023718,18940710,PRCP,0,,,a,
ASN00023718,18940711,PRCP,0,,,a,
ASN00023718,18940712,PRCP,69,,,a,
ASN00023718,18940713,PRCP,5,,,a,
ASN00023718,18940714,PRCP,91,,,a,
ASN00023718,18940717,PRCP,30,,,a,
ASN00023718,18940718,PRCP,33,,,a,
ASN00023718,18940719,PRCP,51,,,a,
ASN00023718,18940720,PRCP,23,,,a,
ASN00023718,18940721,PRCP,18,,,a,
ASN00023718,18940724,PRCP,0,,,a,
ASN00023718,18940725,PRCP,0,,,a,
ASN00023718,18940726,PRCP,0,,,a,
ASN00023718,18940727,PRCP,0,,,a,
ASN00023718,18940728,PRCP,0,,,a,
ASN00023718,18940729,PRCP,0,,,a,
ASN00023718,18940730,PRCP,23,,,a,
ASN00023718,18940731,PRCP,66,,,a,
ASN00023718,18940716,DAPR,2,,,a,
ASN00023718,18940723,DAPR,2,,,a,
ASN00023718,18940716,DWPR,1,,,a,
ASN00023718,18940723,DWPR,1,,,a,
ASN00023718,18940716,MDPR,84,,,a,
ASN00023718,18940723,MDPR,53,,,a,
ASN00023718,18940801,PRCP,8,,,a,
ASN00023718,18940802,PRCP,3,,,a,
ASN00023718,18940803,PRCP,0,,,a,
ASN00023718,18940804,PRCP,0,,,a,
ASN00023718,18940805,PRCP,0,,,a,
ASN00023718,18940806,PRCP,0,,,a,
ASN00023718,18940807,PRCP,5,,,a,
ASN00023718,18940808,PRCP,0,,,a,
ASN00023718,18940809,PRCP,0,,,a,
ASN00023718,18940810,PRCP,20,,,a,
ASN00023718,18940811,PRCP,8,,,a,
ASN00023718,18940814,PRCP,0,,,a,
ASN00023718,18940815,PRCP,0,,,a,
ASN00023718,18940816,PRCP,0,,,a,
ASN00023718,18940817,PRCP,0,,,a,
ASN00023718,18940818,PRCP,0,,,a,
ASN00023718,18940819,PRCP,0,,,a,
ASN00023718,18940820,PRCP,0,,,a,
ASN00023718,18940821,PRCP,64,,,a,
ASN00023718,18940822,PRCP,76,,,a,
ASN00023718,18940823,PRCP,15,,,a,
ASN00023718,18940824,PRCP,0,,,a,
ASN00023718,18940825,PRCP,5,,,a,
ASN00023718,18940828,PRCP,71,,,a,
ASN00023718,18940829,PRCP,56,,,a,
ASN00023718,18940830,PRCP,23,,,a,
ASN00023718,18940831,PRCP,97,,,a,
ASN00023718,18940813,DAPR,2,,,a,
ASN00023718,18940827,DAPR,2,,,a,
ASN00023718,18940813,DWPR,1,,,a,
ASN00023718,18940827,DWPR,1,,,a,
ASN00023718,18940813,MDPR,43,,,a,
ASN00023718,18940827,MDPR,89,,,a,
ASN00023718,18940901,PRCP,8,,,a,
ASN00023718,18940902,PRCP,0,,,a,
ASN00023718,18940903,PRCP,0,,,a,
ASN00023718,18940904,PRCP,0,,,a,
ASN00023718,18940905,PRCP,89,,,a,
ASN00023718,18940906,PRCP,0,,,a,
ASN00023718,18940907,PRCP,0,,,a,
ASN00023718,18940908,PRCP,58,,,a,
ASN00023718,18940911,PRCP,10,,,a,
ASN00023718,18940912,PRCP,20,,,a,
ASN00023718,18940913,PRCP,25,,,a,
ASN00023718,18940914,PRCP,10,,,a,
ASN00023718,18940915,PRCP,0,,,a,
ASN00023718,18940916,PRCP,0,,,a,
ASN00023718,18940917,PRCP,0,,,a,
ASN00023718,18940918,PRCP,0,,,a,
ASN00023718,18940919,PRCP,0,,,a,
ASN00023718,18940920,PRCP,0,,,a,
ASN00023718,18940921,PRCP,3,,,a,
ASN00023718,18940922,PRCP,0,,,a,
ASN00023718,18940925,PRCP,0,,,a,
ASN00023718,18940926,PRCP,0,,,a,
ASN00023718,18940927,PRCP,20,,,a,
ASN00023718,18940928,PRCP,0,,,a,
ASN00023718,18940929,PRCP,0,,,a,
ASN00023718,18940930,PRCP,0,,,a,
ASN00023718,18940910,DAPR,2,,,a,
ASN00023718,18940924,DAPR,2,,,a,
ASN00023718,18940910,DWPR,1,,,a,
ASN00023718,18940924,DWPR,1,,,a,
ASN00023718,18940910,MDPR,56,,,a,
ASN00023718,18940924,MDPR,41,,,a,
ASN00023718,18941001,PRCP,0,,,a,
ASN00023718,18941002,PRCP,0,,,a,
ASN00023718,18941003,PRCP,0,,,a,
ASN00023718,18941004,PRCP,0,,,a,
ASN00023718,18941005,PRCP,0,,,a,
ASN00023718,18941006,PRCP,38,,,a,
ASN00023718,18941007,PRCP,30,,,a,
ASN00023718,18941008,PRCP,0,,,a,
ASN00023718,18941009,PRCP,0,,,a,
ASN00023718,18941010,PRCP,0,,,a,
ASN00023718,18941011,PRCP,23,,,a,
ASN00023718,18941012,PRCP,0,,,a,
ASN00023718,18941013,PRCP,0,,,a,
ASN00023718,18941016,PRCP,3,,,a,
ASN00023718,18941017,PRCP,0,,,a,
ASN00023718,18941018,PRCP,15,,,a,
ASN00023718,18941019,PRCP,5,,,a,
ASN00023718,18941020,PRCP,0,,,a,
ASN00023718,18941021,PRCP,0,,,a,
ASN00023718,18941022,PRCP,0,,,a,
ASN00023718,18941023,PRCP,0,,,a,
ASN00023718,18941024,PRCP,41,,,a,
ASN00023718,18941025,PRCP,5,,,a,
ASN00023718,18941026,PRCP,64,,,a,
ASN00023718,18941027,PRCP,10,,,a,
ASN00023718,18941028,PRCP,0,,,a,
ASN00023718,18941029,PRCP,0,,,a,
ASN00023718,18941030,PRCP,0,,,a,
ASN00023718,18941031,PRCP,0,,,a,
ASN00023718,18941015,DAPR,2,,,a,
ASN00023718,18941015,DWPR,1,,,a,
ASN00023718,18941015,MDPR,147,,,a,
ASN00023718,18941101,PRCP,0,,,a,
ASN00023718,18941102,PRCP,0,,,a,
ASN00023718,18941103,PRCP,0,,,a,
ASN00023718,18941104,PRCP,0,,,a,
ASN00023718,18941105,PRCP,20,,,a,
ASN00023718,18941106,PRCP,10,,,a,
ASN00023718,18941107,PRCP,0,,,a,
ASN00023718,18941108,PRCP,0,,,a,
ASN00023718,18941109,PRCP,0,,,a,
ASN00023718,18941110,PRCP,0,,,a,
ASN00023718,18941111,PRCP,0,,,a,
ASN00023718,18941112,PRCP,0,,,a,
ASN00023718,18941113,PRCP,0,,,a,
ASN00023718,18941114,PRCP,0,,,a,
ASN00023718,18941115,PRCP,0,,,a,
ASN00023718,18941116,PRCP,0,,,a,
ASN00023718,18941117,PRCP,0,,,a,
ASN00023718,18941118,PRCP,0,,,a,
ASN00023718,18941119,PRCP,0,,,a,
ASN00023718,18941120,PRCP,0,,,a,
ASN00023718,18941121,PRCP,0,,,a,
ASN00023718,18941122,PRCP,0,,,a,
ASN00023718,18941123,PRCP,0,,,a,
ASN00023718,18941124,PRCP,0,,,a,
ASN00023718,18941125,PRCP,0,,,a,
ASN00023718,18941126,PRCP,0,,,a,
ASN00023718,18941127,PRCP,0,,,a,
ASN00023718,18941128,PRCP,0,,,a,
ASN00023718,18941129,PRCP,0,,,a,
ASN00023718,18941130,PRCP,0,,,a,
ASN00023718,18941201,PRCP,0,,,a,
ASN00023718,18941202,PRCP,0,,,a,
ASN00023718,18941203,PRCP,0,,,a,
ASN00023718,18941204,PRCP,0,,,a,
ASN00023718,18941205,PRCP,0,,,a,
ASN00023718,18941206,PRCP,0,,,a,
ASN00023718,18941207,PRCP,0,,,a,
ASN00023718,18941208,PRCP,0,,,a,
ASN00023718,18941209,PRCP,0,,,a,
ASN00023718,18941210,PRCP,0,,,a,
ASN00023718,18941211,PRCP,0,,,a,
ASN00023718,18941212,PRCP,0,,,a,
ASN00023718,18941213,PRCP,0,,,a,
ASN00023718,18941214,PRCP,0,,,a,
ASN00023718,18941215,PRCP,0,,,a,
ASN00023718,18941216,PRCP,0,,,a,
ASN00023718,18941217,PRCP,3,,,a,
ASN00023718,18941218,PRCP,0,,,a,
ASN00023718,18941219,PRCP,0,,,a,
ASN00023718,18941220,PRCP,0,,,a,
ASN00023718,18941221,PRCP,0,,,a,
ASN00023718,18941222,PRCP,0,,,a,
ASN00023718,18941227,PRCP,102,,,a,
ASN00023718,18941228,PRCP,5,,,a,
ASN00023718,18941229,PRCP,0,,,a,
ASN00023718,18941230,PRCP,0,,,a,
ASN00023718,18941231,PRCP,15,,,a,
ASN00023718,18941224,DAPR,2,,,a,
ASN00023718,18941226,DAPR,2,,,a,
ASN00023718,18941224,DWPR,1,,,a,
ASN00023718,18941226,DWPR,1,,,a,
ASN00023718,18941224,MDPR,269,,,a,
ASN00023718,18941226,MDPR,130,,,a,
ASN00023718,18950101,PRCP,0,,,a,
ASN00023718,18950102,PRCP,0,,,a,
ASN00023718,18950103,PRCP,3,,,a,
ASN00023718,18950104,PRCP,175,,,a,
ASN00023718,18950105,PRCP,38,,,a,
ASN00023718,18950106,PRCP,0,,,a,
ASN00023718,18950107,PRCP,0,,,a,
ASN00023718,18950108,PRCP,0,,,a,
ASN00023718,18950109,PRCP,0,,,a,
ASN00023718,18950110,PRCP,0,,,a,
ASN00023718,18950111,PRCP,0,,,a,
ASN00023718,18950112,PRCP,0,,,a,
ASN00023718,18950113,PRCP,0,,,a,
ASN00023718,18950114,PRCP,0,,,a,
ASN00023718,18950115,PRCP,0,,,a,
ASN00023718,18950116,PRCP,0,,,a,
ASN00023718,18950117,PRCP,0,,,a,
ASN00023718,18950118,PRCP,0,,,a,
ASN00023718,18950119,PRCP,0,,,a,
ASN00023718,18950120,PRCP,0,,,a,
ASN00023718,18950121,PRCP,0,,,a,
ASN00023718,18950122,PRCP,0,,,a,
ASN00023718,18950123,PRCP,0,,,a,
ASN00023718,18950124,PRCP,0,,,a,
ASN00023718,18950125,PRCP,0,,,a,
ASN00023718,18950126,PRCP,0,,,a,
ASN00023718,18950127,PRCP,0,,,a,
ASN00023718,18950128,PRCP,0,,,a,
ASN00023718,18950129,PRCP,0,,,a,
ASN00023718,18950130,PRCP,0,,,a,
ASN00023718,18950131,PRCP,0,,,a,
ASN00023718,18950201,PRCP,0,,,a,
ASN00023718,18950202,PRCP,0,,,a,
ASN00023718,18950203,PRCP,0,,,a,
ASN00023718,18950204,PRCP,0,,,a,
ASN00023718,18950205,PRCP,0,,,a,
ASN00023718,18950206,PRCP,0,,,a,
ASN00023718,18950207,PRCP,0,,,a,
ASN00023718,18950208,PRCP,0,,,a,
ASN00023718,18950209,PRCP,0,,,a,
ASN00023718,18950210,PRCP,0,,,a,
ASN00023718,18950211,PRCP,0,,,a,
ASN00023718,18950212,PRCP,0,,,a,
ASN00023718,18950213,PRCP,0,,,a,
ASN00023718,18950214,PRCP,0,,,a,
ASN00023718,18950215,PRCP,0,,,a,
ASN00023718,18950216,PRCP,0,,,a,
ASN00023718,18950219,PRCP,3,,,a,
ASN00023718,18950220,PRCP,10,,,a,
ASN00023718,18950221,PRCP,3,,,a,
ASN00023718,18950222,PRCP,0,,,a,
ASN00023718,18950223,PRCP,0,,,a,
ASN00023718,18950224,PRCP,0,,,a,
ASN00023718,18950225,PRCP,0,,,a,
ASN00023718,18950226,PRCP,0,,,a,
ASN00023718,18950227,PRCP,0,,,a,
ASN00023718,18950228,PRCP,0,,,a,
ASN00023718,18950218,DAPR,2,,,a,
ASN00023718,18950218,DWPR,1,,,a,
ASN00023718,18950218,MDPR,48,,,a,
ASN00023718,18950301,PRCP,0,,,a,
ASN00023718,18950302,PRCP,0,,,a,
ASN00023718,18950303,PRCP,0,,,a,
ASN00023718,18950304,PRCP,0,,,a,
ASN00023718,18950305,PRCP,0,,,a,
ASN00023718,18950306,PRCP,3,,,a,
ASN00023718,18950307,PRCP,0,,,a,
ASN00023718,18950308,PRCP,3,,,a,
ASN00023718,18950309,PRCP,0,,,a,
ASN00023718,18950310,PRCP,0,,,a,
ASN00023718,18950311,PRCP,0,,,a,
ASN00023718,18950312,PRCP,0,,,a,
ASN00023718,18950313,PRCP,0,,,a,
ASN00023718,18950314,PRCP,203,,,a,
ASN00023718,18950315,PRCP,191,,,a,
ASN00023718,18950316,PRCP,130,,,a,
ASN00023718,18950319,PRCP,0,,,a,
ASN00023718,18950320,PRCP,0,,,a,
ASN00023718,18950321,PRCP,0,,,a,
ASN00023718,18950322,PRCP,0,,,a,
ASN00023718,18950323,PRCP,0,,,a,
ASN00023718,18950324,PRCP,0,,,a,
ASN00023718,18950325,PRCP,0,,,a,
ASN00023718,18950326,PRCP,0,,,a,
ASN00023718,18950327,PRCP,0,,,a,
ASN00023718,18950328,PRCP,0,,,a,
ASN00023718,18950329,PRCP,0,,,a,
ASN00023718,18950330,PRCP,0,,,a,
ASN00023718,18950331,PRCP,0,,,a,
ASN00023718,18950318,DAPR,2,,,a,
ASN00023718,18950318,DWPR,1,,,a,
ASN00023718,18950318,MDPR,36,,,a,
ASN00023718,18950401,PRCP,0,,,a,
ASN00023718,18950402,PRCP,0,,,a,
ASN00023718,18950403,PRCP,193,,,a,
ASN00023718,18950404,PRCP,74,,,a,
ASN00023718,18950405,PRCP,5,,,a,
ASN00023718,18950406,PRCP,0,,,a,
ASN00023718,18950407,PRCP,0,,,a,
ASN00023718,18950408,PRCP,0,,,a,
ASN00023718,18950409,PRCP,0,,,a,
ASN00023718,18950410,PRCP,0,,,a,
ASN00023718,18950411,PRCP,0,,,a,
ASN00023718,18950412,PRCP,0,,,a,
ASN00023718,18950413,PRCP,0,,,a,
ASN00023718,18950414,PRCP,0,,,a,
ASN00023718,18950415,PRCP,0,,,a,
ASN00023718,18950416,PRCP,0,,,a,
ASN00023718,18950417,PRCP,0,,,a,
ASN00023718,18950418,PRCP,119,,,a,
ASN00023718,18950419,PRCP,48,,,a,
ASN00023718,18950420,PRCP,74,,,a,
ASN00023718,18950423,PRCP,10,,,a,
ASN00023718,18950424,PRCP,20,,,a,
ASN00023718,18950425,PRCP,18,,,a,
ASN00023718,18950426,PRCP,5,,,a,
ASN00023718,18950427,PRCP,0,,,a,
ASN00023718,18950428,PRCP,0,,,a,
ASN00023718,18950429,PRCP,20,,,a,
ASN00023718,18950430,PRCP,5,,,a,
ASN00023718,18950422,DAPR,2,,,a,
ASN00023718,18950422,DWPR,1,,,a,
ASN00023718,18950422,MDPR,25,,,a,
ASN00023718,18950501,PRCP,8,,,a,
ASN00023718,18950502,PRCP,0,,,a,
ASN00023718,18950503,PRCP,0,,,a,
ASN00023718,18950504,PRCP,0,,,a,
ASN00023718,18950507,PRCP,0,,,a,
ASN00023718,18950508,PRCP,0,,,a,
ASN00023718,18950509,PRCP,0,,,a,
ASN00023718,18950510,PRCP,0,,,a,
ASN00023718,18950511,PRCP,0,,,a,
ASN00023718,18950512,PRCP,0,,,a,
ASN00023718,18950513,PRCP,3,,,a,
ASN00023718,18950514,PRCP,0,,,a,
ASN00023718,18950515,PRCP,66,,,a,
ASN00023718,18950516,PRCP,0,,,a,
ASN00023718,18950517,PRCP,0,,,a,
ASN00023718,18950518,PRCP,25,,,a,
ASN00023718,18950519,PRCP,0,,,a,
ASN00023718,18950520,PRCP,18,,,a,
ASN00023718,18950521,PRCP,0,,,a,
ASN00023718,18950522,PRCP,0,,,a,
ASN00023718,18950523,PRCP,0,,,a,
ASN00023718,18950524,PRCP,0,,,a,
ASN00023718,18950525,PRCP,0,,,a,
ASN00023718,18950526,PRCP,15,,,a,
ASN00023718,18950527,PRCP,0,,,a,
ASN00023718,18950528,PRCP,0,,,a,
ASN00023718,18950529,PRCP,3,,,a,
ASN00023718,18950530,PRCP,0,,,a,
ASN00023718,18950531,PRCP,8,,,a,
ASN00023718,18950506,DAPR,2,,,a,
ASN00023718,18950506,DWPR,1,,,a,
ASN00023718,18950506,MDPR,25,,,a,
ASN00023718,18950601,PRCP,36,,,a,
ASN00023718,18950602,PRCP,0,,,a,
ASN00023718,18950603,PRCP,13,,,a,
ASN00023718,18950604,PRCP,0,,,a,
ASN00023718,18950605,PRCP,0,,,a,
ASN00023718,18950606,PRCP,0,,,a,
ASN00023718,18950607,PRCP,0,,,a,
ASN00023718,18950608,PRCP,0,,,a,
ASN00023718,18950611,PRCP,91,,,a,
ASN00023718,18950612,PRCP,0,,,a,
ASN00023718,18950613,PRCP,0,,,a,
ASN00023718,18950614,PRCP,0,,,a,
ASN00023718,18950615,PRCP,0,,,a,
ASN00023718,18950616,PRCP,0,,,a,
ASN00023718,18950617,PRCP,3,,,a,
ASN00023718,18950618,PRCP,0,,,a,
ASN00023718,18950619,PRCP,5,,,a,
ASN00023718,18950620,PRCP,58,,,a,
ASN00023718,18950621,PRCP,3,,,a,
ASN00023718,18950622,PRCP,0,,,a,
ASN00023718,18950623,PRCP,0,,,a,
ASN00023718,18950624,PRCP,10,,,a,
ASN00023718,18950625,PRCP,0,,,a,
ASN00023718,18950626,PRCP,112,,,a,
ASN00023718,18950627,PRCP,61,,,a,
ASN00023718,18950628,PRCP,38,,,a,
ASN00023718,18950629,PRCP,89,,,a,
ASN00023718,18950630,PRCP,0,,,a,
ASN00023718,18950610,DAPR,2,,,a,
ASN00023718,18950610,DWPR,1,,,a,
ASN00023718,18950610,MDPR,94,,,a,
ASN00023718,18950701,PRCP,33,,,a,
ASN00023718,18950702,PRCP,0,,,a,
ASN00023718,18950703,PRCP,0,,,a,
ASN00023718,18950704,PRCP,0,,,a,
ASN00023718,18950705,PRCP,0,,,a,
ASN00023718,18950706,PRCP,5,,,a,
ASN00023718,18950707,PRCP,0,,,a,
ASN00023718,18950708,PRCP,0,,,a,
ASN00023718,18950709,PRCP,13,,,a,
ASN00023718,18950710,PRCP,23,,,a,
ASN00023718,18950711,PRCP,3,,,a,
ASN00023718,18950712,PRCP,0,,,a,
ASN00023718,18950713,PRCP,20,,,a,
ASN00023718,18950714,PRCP,5,,,a,
ASN00023718,18950715,PRCP,117,,,a,
ASN00023718,18950716,PRCP,0,,,a,
ASN00023718,18950717,PRCP,43,,,a,
ASN00023718,18950718,PRCP,28,,,a,
ASN00023718,18950719,PRCP,23,,,a,
ASN00023718,18950720,PRCP,142,,,a,
ASN00023718,18950723,PRCP,76,,,a,
ASN00023718,18950724,PRCP,198,,,a,
ASN00023718,18950725,PRCP,20,,,a,
ASN00023718,18950726,PRCP,84,,,a,
ASN00023718,18950727,PRCP,3,,,a,
ASN00023718,18950728,PRCP,0,,,a,
ASN00023718,18950729,PRCP,3,,,a,
ASN00023718,18950730,PRCP,0,,,a,
ASN00023718,18950731,PRCP,0,,,a,
ASN00023718,18950722,DAPR,2,,,a,
ASN00023718,18950722,DWPR,1,,,a,
ASN00023718,18950722,MDPR,122,,,a,
ASN00023718,18950801,PRCP,74,,,a,
ASN00023718,18950802,PRCP,28,,,a,
ASN00023718,18950803,PRCP,28,,,a,
ASN00023718,18950806,PRCP,41,,,a,
ASN00023718,18950807,PRCP,0,,,a,
ASN00023718,18950808,PRCP,0,,,a,
ASN00023718,18950809,PRCP,0,,,a,
ASN00023718,18950810,PRCP,0,,,a,
ASN00023718,18950811,PRCP,0,,,a,
ASN00023718,18950812,PRCP,0,,,a,
ASN00023718,18950813,PRCP,0,,,a,
ASN00023718,18950814,PRCP,25,,,a,
ASN00023718,18950815,PRCP,3,,,a,
ASN00023718,18950816,PRCP,0,,,a,
ASN00023718,18950817,PRCP,0,,,a,
ASN00023718,18950818,PRCP,0,,,a,
ASN00023718,18950819,PRCP,15,,,a,
ASN00023718,18950820,PRCP,48,,,a,
ASN00023718,18950821,PRCP,3,,,a,
ASN00023718,18950822,PRCP,0,,,a,
ASN00023718,18950823,PRCP,3,,,a,
ASN00023718,18950824,PRCP,0,,,a,
ASN00023718,18950827,PRCP,0,,,a,
ASN00023718,18950828,PRCP,38,,,a,
ASN00023718,18950829,PRCP,5,,,a,
ASN00023718,18950830,PRCP,8,,,a,
ASN00023718,18950831,PRCP,41,,,a,
ASN00023718,18950805,DAPR,2,,,a,
ASN00023718,18950826,DAPR,2,,,a,
ASN00023718,18950805,DWPR,1,,,a,
ASN00023718,18950826,DWPR,1,,,a,
ASN00023718,18950805,MDPR,28,,,a,
ASN00023718,18950826,MDPR,150,,,a,
ASN00023718,18950904,PRCP,30,,,a,
ASN00023718,18950905,PRCP,10,,,a,
ASN00023718,18950906,PRCP,0,,,a,
ASN00023718,18950907,PRCP,0,,,a,
ASN00023718,18950908,PRCP,0,,,a,
ASN00023718,18950909,PRCP,0,,,a,
ASN00023718,18950910,PRCP,0,,,a,
ASN00023718,18950911,PRCP,0,,,a,
ASN00023718,18950912,PRCP,0,,,a,
ASN00023718,18950913,PRCP,0,,,a,
ASN00023718,18950914,PRCP,0,,,a,
ASN00023718,18950915,PRCP,28,,,a,
ASN00023718,18950916,PRCP,18,,,a,
ASN00023718,18950917,PRCP,137,,,a,
ASN00023718,18950918,PRCP,28,,,a,
ASN00023718,18950919,PRCP,23,,,a,
ASN00023718,18950920,PRCP,0,,,a,
ASN00023718,18950921,PRCP,0,,,a,
ASN00023718,18950922,PRCP,0,,,a,
ASN00023718,18950923,PRCP,0,,,a,
ASN00023718,18950924,PRCP,0,,,a,
ASN00023718,18950925,PRCP,0,,,a,
ASN00023718,18950926,PRCP,10,,,a,
ASN00023718,18950927,PRCP,0,,,a,
ASN00023718,18950928,PRCP,0,,,a,
ASN00023718,18950929,PRCP,0,,,a,
ASN00023718,18950930,PRCP,0,,,a,
ASN00023718,18950903,DAPR,3,,,a,
ASN00023718,18950903,DWPR,1,,,a,
ASN00023718,18950903,MDPR,89,,,a,
ASN00023718,18951001,PRCP,0,,,a,
ASN00023718,18951002,PRCP,13,,,a,
ASN00023718,18951003,PRCP,3,,,a,
ASN00023718,18951004,PRCP,0,,,a,
ASN00023718,18951005,PRCP,0,,,a,
ASN00023718,18951006,PRCP,0,,,a,
ASN00023718,18951007,PRCP,0,,,a,
ASN00023718,18951008,PRCP,0,,,a,
ASN00023718,18951009,PRCP,0,,,a,
ASN00023718,18951010,PRCP,0,,,a,
ASN00023718,18951011,PRCP,0,,,a,
ASN00023718,18951012,PRCP,0,,,a,
ASN00023718,18951013,PRCP,0,,,a,
ASN00023718,18951014,PRCP,25,,,a,
ASN00023718,18951015,PRCP,0,,,a,
ASN00023718,18951016,PRCP,0,,,a,
ASN00023718,18951017,PRCP,0,,,a,
ASN00023718,18951018,PRCP,0,,,a,
ASN00023718,18951019,PRCP,0,,,a,
ASN00023718,18951020,PRCP,0,,,a,
ASN00023718,18951021,PRCP,0,,,a,
ASN00023718,18951022,PRCP,0,,,a,
ASN00023718,18951023,PRCP,0,,,a,
ASN00023718,18951024,PRCP,0,,,a,
ASN00023718,18951025,PRCP,0,,,a,
ASN00023718,18951026,PRCP,0,,,a,
ASN00023718,18951027,PRCP,0,,,a,
ASN00023718,18951028,PRCP,0,,,a,
ASN00023718,18951029,PRCP,0,,,a,
ASN00023718,18951030,PRCP,0,,,a,
ASN00023718,18951031,PRCP,0,,,a,
ASN00023718,18951101,PRCP,0,,,a,
ASN00023718,18951102,PRCP,0,,,a,
ASN00023718,18951103,PRCP,0,,,a,
ASN00023718,18951104,PRCP,0,,,a,
ASN00023718,18951105,PRCP,0,,,a,
ASN00023718,18951106,PRCP,0,,,a,
ASN00023718,18951107,PRCP,0,,,a,
ASN00023718,18951108,PRCP,0,,,a,
ASN00023718,18951109,PRCP,0,,,a,
ASN00023718,18951110,PRCP,0,,,a,
ASN00023718,18951111,PRCP,0,,,a,
ASN00023718,18951112,PRCP,0,,,a,
ASN00023718,18951113,PRCP,0,,,a,
ASN00023718,18951114,PRCP,0,,,a,
ASN00023718,18951115,PRCP,0,,,a,
ASN00023718,18951116,PRCP,0,,,a,
ASN00023718,18951117,PRCP,0,,,a,
ASN00023718,18951118,PRCP,0,,,a,
ASN00023718,18951119,PRCP,0,,,a,
ASN00023718,18951120,PRCP,0,,,a,
ASN00023718,18951121,PRCP,0,,,a,
ASN00023718,18951122,PRCP,0,,,a,
ASN00023718,18951123,PRCP,0,,,a,
ASN00023718,18951124,PRCP,0,,,a,
ASN00023718,18951125,PRCP,0,,,a,
ASN00023718,18951126,PRCP,0,,,a,
ASN00023718,18951127,PRCP,0,,,a,
ASN00023718,18951128,PRCP,0,,,a,
ASN00023718,18951129,PRCP,41,,,a,
ASN00023718,18951130,PRCP,15,,,a,
ASN00023718,18951201,PRCP,0,,,a,
ASN00023718,18951202,PRCP,0,,,a,
ASN00023718,18951203,PRCP,0,,,a,
ASN00023718,18951204,PRCP,0,,,a,
ASN00023718,18951205,PRCP,0,,,a,
ASN00023718,18951206,PRCP,0,,,a,
ASN00023718,18951207,PRCP,0,,,a,
ASN00023718,18951208,PRCP,0,,,a,
ASN00023718,18951209,PRCP,0,,,a,
ASN00023718,18951210,PRCP,38,,,a,
ASN00023718,18951211,PRCP,3,,,a,
ASN00023718,18951212,PRCP,0,,,a,
ASN00023718,18951213,PRCP,0,,,a,
ASN00023718,18951214,PRCP,0,,,a,
ASN00023718,18951215,PRCP,0,,,a,
ASN00023718,18951216,PRCP,0,,,a,
ASN00023718,18951217,PRCP,53,,,a,
ASN00023718,18951218,PRCP,3,,,a,
ASN00023718,18951219,PRCP,0,,,a,
ASN00023718,18951220,PRCP,0,,,a,
ASN00023718,18951221,PRCP,38,,,a,
ASN00023718,18951222,PRCP,0,,,a,
ASN00023718,18951223,PRCP,0,,,a,
ASN00023718,18951224,PRCP,0,,,a,
ASN00023718,18951225,PRCP,0,,,a,
ASN00023718,18951226,PRCP,8,,,a,
ASN00023718,18951227,PRCP,0,,,a,
ASN00023718,18951228,PRCP,0,,,a,
ASN00023718,18951229,PRCP,0,,,a,
ASN00023718,18951230,PRCP,8,,,a,
ASN00023718,18951231,PRCP,0,,,a,
ASN00023718,18960101,PRCP,0,,,a,
ASN00023718,18960102,PRCP,0,,,a,
ASN00023718,18960103,PRCP,0,,,a,
ASN00023718,18960104,PRCP,0,,,a,
ASN00023718,18960105,PRCP,0,,,a,
ASN00023718,18960106,PRCP,0,,,a,
ASN00023718,18960107,PRCP,0,,,a,
ASN00023718,18960108,PRCP,0,,,a,
ASN00023718,18960109,PRCP,0,,,a,
ASN00023718,18960110,PRCP,5,,,a,
ASN00023718,18960111,PRCP,0,,,a,
ASN00023718,18960114,PRCP,3,,,a,
ASN00023718,18960115,PRCP,0,,,a,
ASN00023718,18960116,PRCP,0,,,a,
ASN00023718,18960117,PRCP,8,,,a,
ASN00023718,18960118,PRCP,117,,,a,
ASN00023718,18960119,PRCP,0,,,a,
ASN00023718,18960120,PRCP,10,,,a,
ASN00023718,18960121,PRCP,28,,,a,
ASN00023718,18960122,PRCP,0,,,a,
ASN00023718,18960123,PRCP,0,,,a,
ASN00023718,18960124,PRCP,84,,,a,
ASN00023718,18960125,PRCP,0,,,a,
ASN00023718,18960126,PRCP,0,,,a,
ASN00023718,18960127,PRCP,0,,,a,
ASN00023718,18960128,PRCP,18,,,a,
ASN00023718,18960129,PRCP,0,,,a,
ASN00023718,18960130,PRCP,0,,,a,
ASN00023718,18960131,PRCP,0,,,a,
ASN00023718,18960113,DAPR,2,,,a,
ASN00023718,18960113,DWPR,1,,,a,
ASN00023718,18960113,MDPR,53,,,a,
ASN00023718,18960201,PRCP,0,,,a,
ASN00023718,18960202,PRCP,0,,,a,
ASN00023718,18960203,PRCP,0,,,a,
ASN00023718,18960204,PRCP,0,,,a,
ASN00023718,18960205,PRCP,0,,,a,
ASN00023718,18960206,PRCP,0,,,a,
ASN00023718,18960207,PRCP,0,,,a,
ASN00023718,18960208,PRCP,0,,,a,
ASN00023718,18960209,PRCP,0,,,a,
ASN00023718,18960210,PRCP,0,,,a,
ASN00023718,18960211,PRCP,0,,,a,
ASN00023718,18960212,PRCP,0,,,a,
ASN00023718,18960213,PRCP,0,,,a,
ASN00023718,18960214,PRCP,0,,,a,
ASN00023718,18960215,PRCP,0,,,a,
ASN00023718,18960216,PRCP,0,,,a,
ASN00023718,18960217,PRCP,0,,,a,
ASN00023718,18960218,PRCP,25,,,a,
ASN00023718,18960219,PRCP,41,,,a,
ASN00023718,18960220,PRCP,0,,,a,
ASN00023718,18960221,PRCP,0,,,a,
ASN00023718,18960222,PRCP,5,,,a,
ASN00023718,18960223,PRCP,0,,,a,
ASN00023718,18960224,PRCP,3,,,a,
ASN00023718,18960225,PRCP,0,,,a,
ASN00023718,18960226,PRCP,0,,,a,
ASN00023718,18960227,PRCP,0,,,a,
ASN00023718,18960228,PRCP,0,,,a,
ASN00023718,18960229,PRCP,0,,,a,
ASN00023718,18960301,PRCP,0,,,a,
ASN00023718,18960302,PRCP,0,,,a,
ASN00023718,18960303,PRCP,0,,,a,
ASN00023718,18960304,PRCP,0,,,a,
ASN00023718,18960305,PRCP,0,,,a,
ASN00023718,18960306,PRCP,0,,,a,
ASN00023718,18960307,PRCP,0,,,a,
ASN00023718,18960308,PRCP,0,,,a,
ASN00023718,18960309,PRCP,0,,,a,
ASN00023718,18960310,PRCP,0,,,a,
ASN00023718,18960311,PRCP,0,,,a,
ASN00023718,18960312,PRCP,8,,,a,
ASN00023718,18960313,PRCP,48,,,a,
ASN00023718,18960314,PRCP,0,,,a,
ASN00023718,18960315,PRCP,130,,,a,
ASN00023718,18960316,PRCP,0,,,a,
ASN00023718,18960317,PRCP,0,,,a,
ASN00023718,18960318,PRCP,0,,,a,
ASN00023718,18960319,PRCP,0,,,a,
ASN00023718,18960320,PRCP,0,,,a,
ASN00023718,18960321,PRCP,0,,,a,
ASN00023718,18960322,PRCP,0,,,a,
ASN00023718,18960323,PRCP,0,,,a,
ASN00023718,18960324,PRCP,0,,,a,
ASN00023718,18960325,PRCP,0,,,a,
ASN00023718,18960326,PRCP,0,,,a,
ASN00023718,18960327,PRCP,13,,,a,
ASN00023718,18960328,PRCP,13,,,a,
ASN00023718,18960329,PRCP,0,,,a,
ASN00023718,18960330,PRCP,0,,,a,
ASN00023718,18960331,PRCP,0,,,a,
ASN00023718,18960401,PRCP,0,,,a,
ASN00023718,18960402,PRCP,0,,,a,
ASN00023718,18960403,PRCP,0,,,a,
ASN00023718,18960404,PRCP,0,,,a,
ASN00023718,18960407,PRCP,5,,,a,
ASN00023718,18960408,PRCP,66,,,a,
ASN00023718,18960409,PRCP,0,,,a,
ASN00023718,18960410,PRCP,81,,,a,
ASN00023718,18960411,PRCP,30,,,a,
ASN00023718,18960412,PRCP,0,,,a,
ASN00023718,18960413,PRCP,5,,,a,
ASN00023718,18960414,PRCP,0,,,a,
ASN00023718,18960415,PRCP,0,,,a,
ASN00023718,18960416,PRCP,0,,,a,
ASN00023718,18960417,PRCP,0,,,a,
ASN00023718,18960418,PRCP,0,,,a,
ASN00023718,18960419,PRCP,0,,,a,
ASN00023718,18960420,PRCP,0,,,a,
ASN00023718,18960421,PRCP,15,,,a,
ASN00023718,18960422,PRCP,69,,,a,
ASN00023718,18960423,PRCP,10,,,a,
ASN00023718,18960424,PRCP,5,,,a,
ASN00023718,18960425,PRCP,20,,,a,
ASN00023718,18960426,PRCP,0,,,a,
ASN00023718,18960427,PRCP,0,,,a,
ASN00023718,18960428,PRCP,0,,,a,
ASN00023718,18960429,PRCP,0,,,a,
ASN00023718,18960430,PRCP,0,,,a,
ASN00023718,18960406,DAPR,2,,,a,
ASN00023718,18960406,DWPR,1,,,a,
ASN00023718,18960406,MDPR,117,,,a,
ASN00023718,18960501,PRCP,18,,,a,
ASN00023718,18960502,PRCP,0,,,a,
ASN00023718,18960503,PRCP,0,,,a,
ASN00023718,18960504,PRCP,20,,,a,
ASN00023718,18960505,PRCP,0,,,a,
ASN00023718,18960506,PRCP,0,,,a,
ASN00023718,18960507,PRCP,0,,,a,
ASN00023718,18960508,PRCP,0,,,a,
ASN00023718,18960509,PRCP,0,,,a,
ASN00023718,18960512,PRCP,41,,,a,
ASN00023718,18960513,PRCP,91,,,a,
ASN00023718,18960514,PRCP,5,,,a,
ASN00023718,18960515,PRCP,8,,,a,
ASN00023718,18960516,PRCP,0,,,a,
ASN00023718,18960517,PRCP,0,,,a,
ASN00023718,18960518,PRCP,15,,,a,
ASN00023718,18960519,PRCP,30,,,a,
ASN00023718,18960520,PRCP,0,,,a,
ASN00023718,18960521,PRCP,0,,,a,
ASN00023718,18960522,PRCP,13,,,a,
ASN00023718,18960523,PRCP,8,,,a,
ASN00023718,18960524,PRCP,5,,,a,
ASN00023718,18960525,PRCP,0,,,a,
ASN00023718,18960526,PRCP,0,,,a,
ASN00023718,18960527,PRCP,0,,,a,
ASN00023718,18960528,PRCP,0,,,a,
ASN00023718,18960529,PRCP,0,,,a,
ASN00023718,18960530,PRCP,0,,,a,
ASN00023718,18960531,PRCP,0,,,a,
ASN00023718,18960511,DAPR,2,,,a,
ASN00023718,18960511,DWPR,1,,,a,
ASN00023718,18960511,MDPR,53,,,a,
ASN00023718,18960601,PRCP,0,,,a,
ASN00023718,18960602,PRCP,0,,,a,
ASN00023718,18960603,PRCP,81,,,a,
ASN00023718,18960604,PRCP,3,,,a,
ASN00023718,18960605,PRCP,0,,,a,
ASN00023718,18960606,PRCP,0,,,a,
ASN00023718,18960607,PRCP,0,,,a,
ASN00023718,18960608,PRCP,0,,,a,
ASN00023718,18960609,PRCP,0,,,a,
ASN00023718,18960610,PRCP,0,,,a,
ASN00023718,18960611,PRCP,3,,,a,
ASN00023718,18960612,PRCP,0,,,a,
ASN00023718,18960613,PRCP,0,,,a,
ASN00023718,18960616,PRCP,23,,,a,
ASN00023718,18960617,PRCP,18,,,a,
ASN00023718,18960618,PRCP,41,,,a,
ASN00023718,18960619,PRCP,13,,,a,
ASN00023718,18960620,PRCP,0,,,a,
ASN00023718,18960623,PRCP,0,,,a,
ASN00023718,18960624,PRCP,0,,,a,
ASN00023718,18960625,PRCP,8,,,a,
ASN00023718,18960626,PRCP,30,,,a,
ASN00023718,18960627,PRCP,33,,,a,
ASN00023718,18960630,PRCP,0,,,a,
ASN00023718,18960615,DAPR,2,,,a,
ASN00023718,18960622,DAPR,2,,,a,
ASN00023718,18960629,DAPR,2,,,a,
ASN00023718,18960615,DWPR,1,,,a,
ASN00023718,18960622,DWPR,1,,,a,
ASN00023718,18960629,DWPR,1,,,a,
ASN00023718,18960615,MDPR,142,,,a,
ASN00023718,18960622,MDPR,135,,,a,
ASN00023718,18960629,MDPR,79,,,a,
ASN00023718,18960701,PRCP,0,,,a,
ASN00023718,18960702,PRCP,0,,,a,
ASN00023718,18960703,PRCP,0,,,a,
ASN00023718,18960704,PRCP,0,,,a,
ASN00023718,18960707,PRCP,86,,,a,
ASN00023718,18960708,PRCP,46,,,a,
ASN00023718,18960709,PRCP,20,,,a,
ASN00023718,18960710,PRCP,3,,,a,
ASN00023718,18960711,PRCP,10,,,a,
ASN00023718,18960712,PRCP,0,,,a,
ASN00023718,18960713,PRCP,13,,,a,
ASN00023718,18960714,PRCP,0,,,a,
ASN00023718,18960715,PRCP,5,,,a,
ASN00023718,18960716,PRCP,0,,,a,
ASN00023718,18960717,PRCP,0,,,a,
ASN00023718,18960718,PRCP,3,,,a,
ASN00023718,18960719,PRCP,0,,,a,
ASN00023718,18960720,PRCP,8,,,a,
ASN00023718,18960721,PRCP,41,,,a,
ASN00023718,18960722,PRCP,8,,,a,
ASN00023718,18960723,PRCP,3,,,a,
ASN00023718,18960724,PRCP,0,,,a,
ASN00023718,18960725,PRCP,0,,,a,
ASN00023718,18960726,PRCP,0,,,a,
ASN00023718,18960727,PRCP,0,,,a,
ASN00023718,18960728,PRCP,0,,,a,
ASN00023718,18960729,PRCP,0,,,a,
ASN00023718,18960730,PRCP,0,,,a,
ASN00023718,18960731,PRCP,0,,,a,
ASN00023718,18960706,DAPR,2,,,a,
ASN00023718,18960706,DWPR,1,,,a,
ASN00023718,18960706,MDPR,198,,,a,
ASN00023718,18960801,PRCP,41,,,a,
ASN00023718,18960802,PRCP,0,,,a,
ASN00023718,18960803,PRCP,3,,,a,
ASN00023718,18960804,PRCP,0,,,a,
ASN00023718,18960805,PRCP,0,,,a,
ASN00023718,18960806,PRCP,15,,,a,
ASN00023718,18960807,PRCP,0,,,a,
ASN00023718,18960808,PRCP,0,,,a,
ASN00023718,18960809,PRCP,0,,,a,
ASN00023718,18960810,PRCP,8,,,a,
ASN00023718,18960811,PRCP,0,,,a,
ASN00023718,18960812,PRCP,3,,,a,
ASN00023718,18960813,PRCP,43,,,a,
ASN00023718,18960814,PRCP,56,,,a,
ASN00023718,18960815,PRCP,33,,,a,
ASN00023718,18960816,PRCP,0,,,a,
ASN00023718,18960817,PRCP,0,,,a,
ASN00023718,18960818,PRCP,5,,,a,
ASN00023718,18960819,PRCP,0,,,a,
ASN00023718,18960820,PRCP,0,,,a,
ASN00023718,18960821,PRCP,0,,,a,
ASN00023718,18960822,PRCP,0,,,a,
ASN00023718,18960823,PRCP,0,,,a,
ASN00023718,18960824,PRCP,0,,,a,
ASN00023718,18960825,PRCP,38,,,a,
ASN00023718,18960826,PRCP,71,,,a,
ASN00023718,18960827,PRCP,5,,,a,
ASN00023718,18960828,PRCP,8,,,a,
ASN00023718,18960829,PRCP,53,,,a,
ASN00023718,18960830,PRCP,0,,,a,
ASN00023718,18960831,PRCP,0,,,a,
ASN00023718,18960901,PRCP,0,,,a,
ASN00023718,18960902,PRCP,0,,,a,
ASN00023718,18960903,PRCP,5,,,a,
ASN00023718,18960904,PRCP,13,,,a,
ASN00023718,18960905,PRCP,3,,,a,
ASN00023718,18960906,PRCP,0,,,a,
ASN00023718,18960907,PRCP,18,,,a,
ASN00023718,18960908,PRCP,0,,,a,
ASN00023718,18960909,PRCP,3,,,a,
ASN00023718,18960910,PRCP,0,,,a,
ASN00023718,18960911,PRCP,0,,,a,
ASN00023718,18960912,PRCP,0,,,a,
ASN00023718,18960913,PRCP,0,,,a,
ASN00023718,18960914,PRCP,5,,,a,
ASN00023718,18960915,PRCP,0,,,a,
ASN00023718,18960916,PRCP,8,,,a,
ASN00023718,18960917,PRCP,33,,,a,
ASN00023718,18960918,PRCP,43,,,a,
ASN00023718,18960919,PRCP,69,,,a,
ASN00023718,18960920,PRCP,0,,,a,
ASN00023718,18960921,PRCP,0,,,a,
ASN00023718,18960922,PRCP,0,,,a,
ASN00023718,18960923,PRCP,3,,,a,
ASN00023718,18960924,PRCP,64,,,a,
ASN00023718,18960925,PRCP,5,,,a,
ASN00023718,18960926,PRCP,0,,,a,
ASN00023718,18960927,PRCP,0,,,a,
ASN00023718,18960928,PRCP,0,,,a,
ASN00023718,18960929,PRCP,0,,,a,
ASN00023718,18960930,PRCP,0,,,a,
ASN00023718,18961001,PRCP,0,,,a,
ASN00023718,18961002,PRCP,0,,,a,
ASN00023718,18961003,PRCP,0,,,a,
ASN00023718,18961004,PRCP,0,,,a,
ASN00023718,18961005,PRCP,0,,,a,
ASN00023718,18961006,PRCP,0,,,a,
ASN00023718,18961007,PRCP,0,,,a,
ASN00023718,18961008,PRCP,5,,,a,
ASN00023718,18961009,PRCP,56,,,a,
ASN00023718,18961010,PRCP,0,,,a,
ASN00023718,18961011,PRCP,0,,,a,
ASN00023718,18961012,PRCP,0,,,a,
ASN00023718,18961013,PRCP,0,,,a,
ASN00023718,18961014,PRCP,0,,,a,
ASN00023718,18961015,PRCP,0,,,a,
ASN00023718,18961016,PRCP,0,,,a,
ASN00023718,18961017,PRCP,0,,,a,
ASN00023718,18961018,PRCP,0,,,a,
ASN00023718,18961019,PRCP,8,,,a,
ASN00023718,18961020,PRCP,0,,,a,
ASN00023718,18961021,PRCP,0,,,a,
ASN00023718,18961022,PRCP,0,,,a,
ASN00023718,18961023,PRCP,0,,,a,
ASN00023718,18961024,PRCP,0,,,a,
ASN00023718,18961025,PRCP,0,,,a,
ASN00023718,18961026,PRCP,0,,,a,
ASN00023718,18961027,PRCP,0,,,a,
ASN00023718,18961028,PRCP,0,,,a,
ASN00023718,18961029,PRCP,0,,,a,
ASN00023718,18961030,PRCP,3,,,a,
ASN00023718,18961031,PRCP,0,,,a,
ASN00023718,18961101,PRCP,0,,,a,
ASN00023718,18961102,PRCP,0,,,a,
ASN00023718,18961103,PRCP,0,,,a,
ASN00023718,18961104,PRCP,0,,,a,
ASN00023718,18961105,PRCP,0,,,a,
ASN00023718,18961106,PRCP,0,,,a,
ASN00023718,18961107,PRCP,0,,,a,
ASN00023718,18961108,PRCP,0,,,a,
ASN00023718,18961109,PRCP,0,,,a,
ASN00023718,18961110,PRCP,0,,,a,
ASN00023718,18961111,PRCP,0,,,a,
ASN00023718,18961112,PRCP,0,,,a,
ASN00023718,18961113,PRCP,0,,,a,
ASN00023718,18961114,PRCP,0,,,a,
ASN00023718,18961115,PRCP,0,,,a,
ASN00023718,18961116,PRCP,0,,,a,
ASN00023718,18961117,PRCP,0,,,a,
ASN00023718,18961118,PRCP,0,,,a,
ASN00023718,18961119,PRCP,0,,,a,
ASN00023718,18961120,PRCP,0,,,a,
ASN00023718,18961121,PRCP,0,,,a,
ASN00023718,18961122,PRCP,0,,,a,
ASN00023718,18961123,PRCP,0,,,a,
ASN00023718,18961124,PRCP,0,,,a,
ASN00023718,18961125,PRCP,0,,,a,
ASN00023718,18961126,PRCP,84,,,a,
ASN00023718,18961127,PRCP,0,,,a,
ASN00023718,18961128,PRCP,0,,,a,
ASN00023718,18961129,PRCP,0,,,a,
ASN00023718,18961130,PRCP,0,,,a,
ASN00023718,18961201,PRCP,0,,,a,
ASN00023718,18961202,PRCP,0,,,a,
ASN00023718,18961203,PRCP,0,,,a,
ASN00023718,18961204,PRCP,0,,,a,
ASN00023718,18961205,PRCP,0,,,a,
ASN00023718,18961206,PRCP,0,,,a,
ASN00023718,18961207,PRCP,0,,,a,
ASN00023718,18961208,PRCP,0,,,a,
ASN00023718,18961209,PRCP,0,,,a,
ASN00023718,18961210,PRCP,0,,,a,
ASN00023718,18961211,PRCP,0,,,a,
ASN00023718,18961212,PRCP,13,,,a,
ASN00023718,18961213,PRCP,0,,,a,
ASN00023718,18961214,PRCP,0,,,a,
ASN00023718,18961215,PRCP,0,,,a,
ASN00023718,18961216,PRCP,0,,,a,
ASN00023718,18961217,PRCP,0,,,a,
ASN00023718,18961218,PRCP,0,,,a,
ASN00023718,18961219,PRCP,0,,,a,
ASN00023718,18961220,PRCP,0,,,a,
ASN00023718,18961221,PRCP,0,,,a,
ASN00023718,18961222,PRCP,0,,,a,
ASN00023718,18961223,PRCP,0,,,a,
ASN00023718,18961224,PRCP,0,,,a,
ASN00023718,18961225,PRCP,0,,,a,
ASN00023718,18961226,PRCP,0,,,a,
ASN00023718,18961229,PRCP,13,,,a,
ASN00023718,18961230,PRCP,0,,,a,
ASN00023718,18961231,PRCP,0,,,a,
ASN00023718,18961228,DAPR,2,,,a,
ASN00023718,18961228,DWPR,1,,,a,
ASN00023718,18961228,MDPR,312,,,a,
ASN00023718,18970101,PRCP,0,,,a,
ASN00023718,18970102,PRCP,0,,,a,
ASN00023718,18970103,PRCP,0,,,a,
ASN00023718,18970104,PRCP,3,,,a,
ASN00023718,18970105,PRCP,0,,,a,
ASN00023718,18970106,PRCP,0,,,a,
ASN00023718,18970107,PRCP,0,,,a,
ASN00023718,18970108,PRCP,0,,,a,
ASN00023718,18970109,PRCP,109,,,a,
ASN00023718,18970110,PRCP,0,,,a,
ASN00023718,18970111,PRCP,13,,,a,
ASN00023718,18970112,PRCP,13,,,a,
ASN00023718,18970113,PRCP,0,,,a,
ASN00023718,18970114,PRCP,0,,,a,
ASN00023718,18970115,PRCP,0,,,a,
ASN00023718,18970116,PRCP,3,,,a,
ASN00023718,18970119,PRCP,3,,,a,
ASN00023718,18970120,PRCP,0,,,a,
ASN00023718,18970121,PRCP,0,,,a,
ASN00023718,18970122,PRCP,0,,,a,
ASN00023718,18970123,PRCP,0,,,a,
ASN00023718,18970124,PRCP,0,,,a,
ASN00023718,18970125,PRCP,0,,,a,
ASN00023718,18970126,PRCP,0,,,a,
ASN00023718,18970127,PRCP,0,,,a,
ASN00023718,18970128,PRCP,0,,,a,
ASN00023718,18970129,PRCP,0,,,a,
ASN00023718,18970130,PRCP,0,,,a,
ASN00023718,18970131,PRCP,0,,,a,
ASN00023718,18970118,DAPR,2,,,a,
ASN00023718,18970118,DWPR,1,,,a,
ASN00023718,18970118,MDPR,30,,,a,
ASN00023718,18970201,PRCP,0,,,a,
ASN00023718,18970202,PRCP,43,,,a,
ASN00023718,18970203,PRCP,51,,,a,
ASN00023718,18970204,PRCP,0,,,a,
ASN00023718,18970205,PRCP,0,,,a,
ASN00023718,18970206,PRCP,0,,,a,
ASN00023718,18970207,PRCP,0,,,a,
ASN00023718,18970208,PRCP,0,,,a,
ASN00023718,18970209,PRCP,0,,,a,
ASN00023718,18970210,PRCP,0,,,a,
ASN00023718,18970211,PRCP,0,,,a,
ASN00023718,18970212,PRCP,0,,,a,
ASN00023718,18970213,PRCP,0,,,a,
ASN00023718,18970214,PRCP,0,,,a,
ASN00023718,18970215,PRCP,0,,,a,
ASN00023718,18970216,PRCP,0,,,a,
ASN00023718,18970217,PRCP,0,,,a,
ASN00023718,18970218,PRCP,0,,,a,
ASN00023718,18970219,PRCP,41,,,a,
ASN00023718,18970220,PRCP,8,,,a,
ASN00023718,18970221,PRCP,0,,,a,
ASN00023718,18970222,PRCP,0,,,a,
ASN00023718,18970223,PRCP,0,,,a,
ASN00023718,18970224,PRCP,25,,,a,
ASN00023718,18970225,PRCP,0,,,a,
ASN00023718,18970226,PRCP,0,,,a,
ASN00023718,18970227,PRCP,0,,,a,
ASN00023718,18970228,PRCP,0,,,a,
ASN00023718,18970301,PRCP,76,,,a,
ASN00023718,18970302,PRCP,0,,,a,
ASN00023718,18970303,PRCP,53,,,a,
ASN00023718,18970304,PRCP,8,,,a,
ASN00023718,18970305,PRCP,33,,,a,
ASN00023718,18970306,PRCP,0,,,a,
ASN00023718,18970309,PRCP,3,,,a,
ASN00023718,18970310,PRCP,0,,,a,
ASN00023718,18970311,PRCP,0,,,a,
ASN00023718,18970312,PRCP,0,,,a,
ASN00023718,18970313,PRCP,0,,,a,
ASN00023718,18970314,PRCP,0,,,a,
ASN00023718,18970315,PRCP,0,,,a,
ASN00023718,18970316,PRCP,0,,,a,
ASN00023718,18970317,PRCP,13,,,a,
ASN00023718,18970318,PRCP,41,,,a,
ASN00023718,18970319,PRCP,3,,,a,
ASN00023718,18970320,PRCP,0,,,a,
ASN00023718,18970321,PRCP,0,,,a,
ASN00023718,18970322,PRCP,3,,,a,
ASN00023718,18970323,PRCP,0,,,a,
ASN00023718,18970324,PRCP,0,,,a,
ASN00023718,18970325,PRCP,0,,,a,
ASN00023718,18970326,PRCP,0,,,a,
ASN00023718,18970327,PRCP,0,,,a,
ASN00023718,18970328,PRCP,0,,,a,
ASN00023718,18970329,PRCP,0,,,a,
ASN00023718,18970330,PRCP,28,,,a,
ASN00023718,18970331,PRCP,0,,,a,
ASN00023718,18970308,DAPR,2,,,a,
ASN00023718,18970308,DWPR,1,,,a,
ASN00023718,18970308,MDPR,74,,,a,
ASN00023718,18970401,PRCP,0,,,a,
ASN00023718,18970402,PRCP,0,,,a,
ASN00023718,18970403,PRCP,0,,,a,
ASN00023718,18970404,PRCP,0,,,a,
ASN00023718,18970405,PRCP,0,,,a,
ASN00023718,18970406,PRCP,0,,,a,
ASN00023718,18970407,PRCP,0,,,a,
ASN00023718,18970408,PRCP,0,,,a,
ASN00023718,18970409,PRCP,0,,,a,
ASN00023718,18970410,PRCP,0,,,a,
ASN00023718,18970411,PRCP,0,,,a,
ASN00023718,18970412,PRCP,10,,,a,
ASN00023718,18970413,PRCP,18,,,a,
ASN00023718,18970414,PRCP,0,,,a,
ASN00023718,18970415,PRCP,0,,,a,
ASN00023718,18970416,PRCP,0,,,a,
ASN00023718,18970417,PRCP,0,,,a,
ASN00023718,18970418,PRCP,0,,,a,
ASN00023718,18970419,PRCP,0,,,a,
ASN00023718,18970420,PRCP,10,,,a,
ASN00023718,18970421,PRCP,8,,,a,
ASN00023718,18970422,PRCP,10,,,a,
ASN00023718,18970423,PRCP,0,,,a,
ASN00023718,18970424,PRCP,0,,,a,
ASN00023718,18970425,PRCP,5,,,a,
ASN00023718,18970426,PRCP,0,,,a,
ASN00023718,18970427,PRCP,155,,,a,
ASN00023718,18970428,PRCP,15,,,a,
ASN00023718,18970429,PRCP,5,,,a,
ASN00023718,18970430,PRCP,0,,,a,
ASN00023718,18970501,PRCP,0,,,a,
ASN00023718,18970502,PRCP,0,,,a,
ASN00023718,18970503,PRCP,15,,,a,
ASN00023718,18970504,PRCP,43,,,a,
ASN00023718,18970505,PRCP,0,,,a,
ASN00023718,18970506,PRCP,0,,,a,
ASN00023718,18970507,PRCP,0,,,a,
ASN00023718,18970508,PRCP,0,,,a,
ASN00023718,18970509,PRCP,0,,,a,
ASN00023718,18970510,PRCP,0,,,a,
ASN00023718,18970511,PRCP,0,,,a,
ASN00023718,18970512,PRCP,0,,,a,
ASN00023718,18970513,PRCP,3,,,a,
ASN00023718,18970514,PRCP,0,,,a,
ASN00023718,18970515,PRCP,8,,,a,
ASN00023718,18970518,PRCP,8,,,a,
ASN00023718,18970519,PRCP,46,,,a,
ASN00023718,18970520,PRCP,0,,,a,
ASN00023718,18970521,PRCP,0,,,a,
ASN00023718,18970522,PRCP,0,,,a,
ASN00023718,18970525,PRCP,147,,,a,
ASN00023718,18970526,PRCP,58,,,a,
ASN00023718,18970527,PRCP,36,,,a,
ASN00023718,18970528,PRCP,91,,,a,
ASN00023718,18970529,PRCP,5,,,a,
ASN00023718,18970530,PRCP,0,,,a,
ASN00023718,18970531,PRCP,0,,,a,
ASN00023718,18970517,DAPR,2,,,a,
ASN00023718,18970524,DAPR,2,,,a,
ASN00023718,18970517,DWPR,1,,,a,
ASN00023718,18970524,DWPR,1,,,a,
ASN00023718,18970517,MDPR,36,,,a,
ASN00023718,18970524,MDPR,84,,,a,
ASN00023718,18970601,PRCP,0,,,a,
ASN00023718,18970602,PRCP,0,,,a,
ASN00023718,18970603,PRCP,0,,,a,
ASN00023718,18970604,PRCP,15,,,a,
ASN00023718,18970605,PRCP,0,,,a,
ASN00023718,18970606,PRCP,0,,,a,
ASN00023718,18970607,PRCP,0,,,a,
ASN00023718,18970608,PRCP,0,,,a,
ASN00023718,18970609,PRCP,3,,,a,
ASN00023718,18970610,PRCP,0,,,a,
ASN00023718,18970611,PRCP,0,,,a,
ASN00023718,18970612,PRCP,0,,,a,
ASN00023718,18970613,PRCP,0,,,a,
ASN00023718,18970614,PRCP,0,,,a,
ASN00023718,18970615,PRCP,0,,,a,
ASN00023718,18970616,PRCP,15,,,a,
ASN00023718,18970617,PRCP,86,,,a,
ASN00023718,18970618,PRCP,211,,,a,
ASN00023718,18970619,PRCP,10,,,a,
ASN00023718,18970620,PRCP,0,,,a,
ASN00023718,18970621,PRCP,13,,,a,
ASN00023718,18970622,PRCP,0,,,a,
ASN00023718,18970623,PRCP,0,,,a,
ASN00023718,18970624,PRCP,0,,,a,
ASN00023718,18970625,PRCP,13,,,a,
ASN00023718,18970626,PRCP,20,,,a,
ASN00023718,18970627,PRCP,0,,,a,
ASN00023718,18970628,PRCP,20,,,a,
ASN00023718,18970629,PRCP,0,,,a,
ASN00023718,18970630,PRCP,0,,,a,
ASN00023718,18970701,PRCP,0,,,a,
ASN00023718,18970702,PRCP,33,,,a,
ASN00023718,18970703,PRCP,0,,,a,
ASN00023718,18970704,PRCP,0,,,a,
ASN00023718,18970705,PRCP,0,,,a,
ASN00023718,18970706,PRCP,30,,,a,
ASN00023718,18970707,PRCP,13,,,a,
ASN00023718,18970708,PRCP,0,,,a,
ASN00023718,18970709,PRCP,58,,,a,
ASN00023718,18970710,PRCP,140,,,a,
ASN00023718,18970713,PRCP,8,,,a,
ASN00023718,18970714,PRCP,3,,,a,
ASN00023718,18970715,PRCP,0,,,a,
ASN00023718,18970716,PRCP,0,,,a,
ASN00023718,18970717,PRCP,0,,,a,
ASN00023718,18970718,PRCP,0,,,a,
ASN00023718,18970719,PRCP,10,,,a,
ASN00023718,18970720,PRCP,43,,,a,
ASN00023718,18970721,PRCP,23,,,a,
ASN00023718,18970722,PRCP,0,,,a,
ASN00023718,18970723,PRCP,0,,,a,
ASN00023718,18970724,PRCP,0,,,a,
ASN00023718,18970725,PRCP,0,,,a,
ASN00023718,18970726,PRCP,0,,,a,
ASN00023718,18970727,PRCP,0,,,a,
ASN00023718,18970728,PRCP,0,,,a,
ASN00023718,18970729,PRCP,0,,,a,
ASN00023718,18970730,PRCP,0,,,a,
ASN00023718,18970731,PRCP,13,,,a,
ASN00023718,18970712,DAPR,2,,,a,
ASN00023718,18970712,DWPR,1,,,a,
ASN00023718,18970712,MDPR,43,,,a,
ASN00023718,18970803,PRCP,0,,,a,
ASN00023718,18970804,PRCP,30,,,a,
ASN00023718,18970805,PRCP,18,,,a,
ASN00023718,18970806,PRCP,53,,,a,
ASN00023718,18970807,PRCP,0,,,a,
ASN00023718,18970810,PRCP,0,,,a,
ASN00023718,18970811,PRCP,0,,,a,
ASN00023718,18970812,PRCP,0,,,a,
ASN00023718,18970813,PRCP,229,,,a,
ASN00023718,18970814,PRCP,15,,,a,
ASN00023718,18970817,PRCP,10,,,a,
ASN00023718,18970818,PRCP,13,,,a,
ASN00023718,18970819,PRCP,5,,,a,
ASN00023718,18970820,PRCP,3,,,a,
ASN00023718,18970821,PRCP,0,,,a,
ASN00023718,18970822,PRCP,0,,,a,
ASN00023718,18970823,PRCP,0,,,a,
ASN00023718,18970824,PRCP,33,,,a,
ASN00023718,18970825,PRCP,5,,,a,
ASN00023718,18970826,PRCP,0,,,a,
ASN00023718,18970827,PRCP,10,,,a,
ASN00023718,18970828,PRCP,36,,,a,
ASN00023718,18970829,PRCP,157,,,a,
ASN00023718,18970830,PRCP,0,,,a,
ASN00023718,18970831,PRCP,97,,,a,
ASN00023718,18970802,DAPR,2,,,a,
ASN00023718,18970809,DAPR,2,,,a,
ASN00023718,18970816,DAPR,2,,,a,
ASN00023718,18970802,DWPR,1,,,a,
ASN00023718,18970809,DWPR,1,,,a,
ASN00023718,18970816,DWPR,1,,,a,
ASN00023718,18970802,MDPR,28,,,a,
ASN00023718,18970809,MDPR,99,,,a,
ASN00023718,18970816,MDPR,28,,,a,
ASN00023718,18970901,PRCP,51,,,a,
ASN00023718,18970902,PRCP,10,,,a,
ASN00023718,18970903,PRCP,0,,,a,
ASN00023718,18970904,PRCP,0,,,a,
ASN00023718,18970905,PRCP,104,,,a,
ASN00023718,18970906,PRCP,53,,,a,
ASN00023718,18970907,PRCP,10,,,a,
ASN00023718,18970908,PRCP,0,,,a,
ASN00023718,18970909,PRCP,0,,,a,
ASN00023718,18970910,PRCP,0,,,a,
ASN00023718,18970911,PRCP,0,,,a,
ASN00023718,18970912,PRCP,0,,,a,
ASN00023718,18970913,PRCP,0,,,a,
ASN00023718,18970914,PRCP,0,,,a,
ASN00023718,18970915,PRCP,0,,,a,
ASN00023718,18970916,PRCP,0,,,a,
ASN00023718,18970917,PRCP,0,,,a,
ASN00023718,18970918,PRCP,13,,,a,
ASN00023718,18970919,PRCP,0,,,a,
ASN00023718,18970920,PRCP,0,,,a,
ASN00023718,18970921,PRCP,0,,,a,
ASN00023718,18970922,PRCP,0,,,a,
ASN00023718,18970923,PRCP,0,,,a,
ASN00023718,18970924,PRCP,0,,,a,
ASN00023718,18970925,PRCP,0,,,a,
ASN00023718,18970926,PRCP,0,,,a,
ASN00023718,18970927,PRCP,0,,,a,
ASN00023718,18970928,PRCP,109,,,a,
ASN00023718,18970929,PRCP,119,,,a,
ASN00023718,18970930,PRCP,0,,,a,
ASN00023718,18971001,PRCP,0,,,a,
ASN00023718,18971002,PRCP,0,,,a,
ASN00023718,18971003,PRCP,0,,,a,
ASN00023718,18971004,PRCP,0,,,a,
ASN00023718,18971005,PRCP,0,,,a,
ASN00023718,18971006,PRCP,0,,,a,
ASN00023718,18971007,PRCP,0,,,a,
ASN00023718,18971008,PRCP,0,,,a,
ASN00023718,18971009,PRCP,3,,,a,
ASN00023718,18971010,PRCP,10,,,a,
ASN00023718,18971011,PRCP,53,,,a,
ASN00023718,18971012,PRCP,8,,,a,
ASN00023718,18971013,PRCP,0,,,a,
ASN00023718,18971014,PRCP,0,,,a,
ASN00023718,18971015,PRCP,28,,,a,
ASN00023718,18971016,PRCP,0,,,a,
ASN00023718,18971017,PRCP,0,,,a,
ASN00023718,18971018,PRCP,0,,,a,
ASN00023718,18971019,PRCP,0,,,a,
ASN00023718,18971020,PRCP,86,,,a,
ASN00023718,18971021,PRCP,0,,,a,
ASN00023718,18971022,PRCP,0,,,a,
ASN00023718,18971023,PRCP,0,,,a,
ASN00023718,18971024,PRCP,0,,,a,
ASN00023718,18971025,PRCP,0,,,a,
ASN00023718,18971026,PRCP,0,,,a,
ASN00023718,18971027,PRCP,0,,,a,
ASN00023718,18971028,PRCP,5,,,a,
ASN00023718,18971029,PRCP,0,,,a,
ASN00023718,18971030,PRCP,0,,,a,
ASN00023718,18971031,PRCP,0,,,a,
ASN00023718,18971101,PRCP,38,,,a,
ASN00023718,18971102,PRCP,10,,,a,
ASN00023718,18971103,PRCP,0,,,a,
ASN00023718,18971104,PRCP,0,,,a,
ASN00023718,18971105,PRCP,0,,,a,
ASN00023718,18971106,PRCP,0,,,a,
ASN00023718,18971107,PRCP,0,,,a,
ASN00023718,18971108,PRCP,0,,,a,
ASN00023718,18971109,PRCP,0,,,a,
ASN00023718,18971110,PRCP,0,,,a,
ASN00023718,18971111,PRCP,0,,,a,
ASN00023718,18971112,PRCP,0,,,a,
ASN00023718,18971113,PRCP,0,,,a,
ASN00023718,18971114,PRCP,0,,,a,
ASN00023718,18971115,PRCP,0,,,a,
ASN00023718,18971116,PRCP,0,,,a,
ASN00023718,18971117,PRCP,0,,,a,
ASN00023718,18971118,PRCP,0,,,a,
ASN00023718,18971119,PRCP,0,,,a,
ASN00023718,18971120,PRCP,0,,,a,
ASN00023718,18971121,PRCP,0,,,a,
ASN00023718,18971122,PRCP,0,,,a,
ASN00023718,18971123,PRCP,0,,,a,
ASN00023718,18971124,PRCP,0,,,a,
ASN00023718,18971125,PRCP,0,,,a,
ASN00023718,18971126,PRCP,0,,,a,
ASN00023718,18971127,PRCP,0,,,a,
ASN00023718,18971128,PRCP,0,,,a,
ASN00023718,18971129,PRCP,0,,,a,
ASN00023718,18971130,PRCP,0,,,a,
ASN00023718,18971201,PRCP,0,,,a,
ASN00023718,18971202,PRCP,0,,,a,
ASN00023718,18971203,PRCP,0,,,a,
ASN00023718,18971204,PRCP,0,,,a,
ASN00023718,18971205,PRCP,0,,,a,
ASN00023718,18971206,PRCP,0,,,a,
ASN00023718,18971207,PRCP,0,,,a,
ASN00023718,18971208,PRCP,0,,,a,
ASN00023718,18971209,PRCP,0,,,a,
ASN00023718,18971210,PRCP,0,,,a,
ASN00023718,18971211,PRCP,0,,,a,
ASN00023718,18971212,PRCP,0,,,a,
ASN00023718,18971213,PRCP,0,,,a,
ASN00023718,18971214,PRCP,0,,,a,
ASN00023718,18971215,PRCP,0,,,a,
ASN00023718,18971216,PRCP,0,,,a,
ASN00023718,18971217,PRCP,0,,,a,
ASN00023718,18971218,PRCP,0,,,a,
ASN00023718,18971219,PRCP,0,,,a,
ASN00023718,18971220,PRCP,0,,,a,
ASN00023718,18971221,PRCP,0,,,a,
ASN00023718,18971222,PRCP,0,,,a,
ASN00023718,18971223,PRCP,0,,,a,
ASN00023718,18971224,PRCP,0,,,a,
ASN00023718,18971225,PRCP,0,,,a,
ASN00023718,18971226,PRCP,0,,,a,
ASN00023718,18971227,PRCP,0,,,a,
ASN00023718,18971228,PRCP,0,,,a,
ASN00023718,18971229,PRCP,0,,,a,
ASN00023718,18971230,PRCP,0,,,a,
ASN00023718,18971231,PRCP,0,,,a,
ASN00023718,18980101,PRCP,0,,,a,
ASN00023718,18980102,PRCP,0,,,a,
ASN00023718,18980103,PRCP,0,,,a,
ASN00023718,18980104,PRCP,0,,,a,
ASN00023718,18980105,PRCP,0,,,a,
ASN00023718,18980106,PRCP,0,,,a,
ASN00023718,18980107,PRCP,0,,,a,
ASN00023718,18980108,PRCP,0,,,a,
ASN00023718,18980109,PRCP,0,,,a,
ASN00023718,18980110,PRCP,0,,,a,
ASN00023718,18980111,PRCP,0,,,a,
ASN00023718,18980112,PRCP,0,,,a,
ASN00023718,18980113,PRCP,0,,,a,
ASN00023718,18980114,PRCP,0,,,a,
ASN00023718,18980115,PRCP,0,,,a,
ASN00023718,18980116,PRCP,0,,,a,
ASN00023718,18980117,PRCP,0,,,a,
ASN00023718,18980118,PRCP,0,,,a,
ASN00023718,18980119,PRCP,0,,,a,
ASN00023718,18980120,PRCP,0,,,a,
ASN00023718,18980121,PRCP,0,,,a,
ASN00023718,18980122,PRCP,0,,,a,
ASN00023718,18980123,PRCP,0,,,a,
ASN00023718,18980124,PRCP,0,,,a,
ASN00023718,18980125,PRCP,0,,,a,
ASN00023718,18980126,PRCP,0,,,a,
ASN00023718,18980127,PRCP,0,,,a,
ASN00023718,18980128,PRCP,0,,,a,
ASN00023718,18980129,PRCP,0,,,a,
ASN00023718,18980130,PRCP,0,,,a,
ASN00023718,18980131,PRCP,0,,,a,
ASN00023718,18980201,PRCP,0,,,a,
ASN00023718,18980202,PRCP,0,,,a,
ASN00023718,18980203,PRCP,0,,,a,
ASN00023718,18980204,PRCP,0,,,a,
ASN00023718,18980205,PRCP,0,,,a,
ASN00023718,18980206,PRCP,0,,,a,
ASN00023718,18980207,PRCP,0,,,a,
ASN00023718,18980208,PRCP,0,,,a,
ASN00023718,18980209,PRCP,0,,,a,
ASN00023718,18980210,PRCP,0,,,a,
ASN00023718,18980211,PRCP,0,,,a,
ASN00023718,18980212,PRCP,0,,,a,
ASN00023718,18980213,PRCP,0,,,a,
ASN00023718,18980214,PRCP,0,,,a,
ASN00023718,18980215,PRCP,0,,,a,
ASN00023718,18980216,PRCP,0,,,a,
ASN00023718,18980217,PRCP,0,,,a,
ASN00023718,18980218,PRCP,0,,,a,
ASN00023718,18980219,PRCP,0,,,a,
ASN00023718,18980220,PRCP,0,,,a,
ASN00023718,18980221,PRCP,0,,,a,
ASN00023718,18980222,PRCP,0,,,a,
ASN00023718,18980223,PRCP,0,,,a,
ASN00023718,18980224,PRCP,0,,,a,
ASN00023718,18980225,PRCP,5,,,a,
ASN00023718,18980226,PRCP,51,,,a,
ASN00023718,18980228,DAPR,2,,,a,
ASN00023718,18980228,DWPR,1,,,a,
ASN00023718,18980228,MDPR,64,,,a,
ASN00023718,18980301,PRCP,33,,,a,
ASN00023718,18980302,PRCP,28,,,a,
ASN00023718,18980303,PRCP,0,,,a,
ASN00023718,18980304,PRCP,0,,,a,
ASN00023718,18980305,PRCP,0,,,a,
ASN00023718,18980306,PRCP,0,,,a,
ASN00023718,18980307,PRCP,0,,,a,
ASN00023718,18980308,PRCP,0,,,a,
ASN00023718,18980309,PRCP,0,,,a,
ASN00023718,18980310,PRCP,0,,,a,
ASN00023718,18980311,PRCP,0,,,a,
ASN00023718,18980312,PRCP,0,,,a,
ASN00023718,18980313,PRCP,0,,,a,
ASN00023718,18980314,PRCP,8,,,a,
ASN00023718,18980315,PRCP,0,,,a,
ASN00023718,18980316,PRCP,8,,,a,
ASN00023718,18980317,PRCP,0,,,a,
ASN00023718,18980318,PRCP,0,,,a,
ASN00023718,18980319,PRCP,0,,,a,
ASN00023718,18980320,PRCP,0,,,a,
ASN00023718,18980321,PRCP,0,,,a,
ASN00023718,18980322,PRCP,0,,,a,
ASN00023718,18980323,PRCP,0,,,a,
ASN00023718,18980324,PRCP,0,,,a,
ASN00023718,18980325,PRCP,0,,,a,
ASN00023718,18980326,PRCP,0,,,a,
ASN00023718,18980327,PRCP,0,,,a,
ASN00023718,18980328,PRCP,0,,,a,
ASN00023718,18980329,PRCP,0,,,a,
ASN00023718,18980330,PRCP,0,,,a,
ASN00023718,18980331,PRCP,0,,,a,
ASN00023718,18980401,PRCP,0,,,a,
ASN00023718,18980402,PRCP,0,,,a,
ASN00023718,18980405,PRCP,28,,,a,
ASN00023718,18980406,PRCP,3,,,a,
ASN00023718,18980407,PRCP,0,,,a,
ASN00023718,18980408,PRCP,0,,,a,
ASN00023718,18980409,PRCP,0,,,a,
ASN00023718,18980410,PRCP,0,,,a,
ASN00023718,18980411,PRCP,0,,,a,
ASN00023718,18980412,PRCP,0,,,a,
ASN00023718,18980413,PRCP,0,,,a,
ASN00023718,18980414,PRCP,0,,,a,
ASN00023718,18980415,PRCP,0,,,a,
ASN00023718,18980416,PRCP,0,,,a,
ASN00023718,18980419,PRCP,20,,,a,
ASN00023718,18980420,PRCP,38,,,a,
ASN00023718,18980421,PRCP,0,,,a,
ASN00023718,18980422,PRCP,0,,,a,
ASN00023718,18980423,PRCP,0,,,a,
ASN00023718,18980424,PRCP,0,,,a,
ASN00023718,18980425,PRCP,5,,,a,
ASN00023718,18980426,PRCP,0,,,a,
ASN00023718,18980427,PRCP,0,,,a,
ASN00023718,18980428,PRCP,5,,,a,
ASN00023718,18980429,PRCP,0,,,a,
ASN00023718,18980430,PRCP,5,,,a,
ASN00023718,18980404,DAPR,2,,,a,
ASN00023718,18980418,DAPR,2,,,a,
ASN00023718,18980404,DWPR,1,,,a,
ASN00023718,18980418,DWPR,1,,,a,
ASN00023718,18980404,MDPR,381,,,a,
ASN00023718,18980418,MDPR,272,,,a,
ASN00023718,18980501,PRCP,0,,,a,
ASN00023718,18980502,PRCP,0,,,a,
ASN00023718,18980503,PRCP,0,,,a,
ASN00023718,18980504,PRCP,127,,,a,
ASN00023718,18980505,PRCP,109,,,a,
ASN00023718,18980506,PRCP,0,,,a,
ASN00023718,18980507,PRCP,0,,,a,
ASN00023718,18980508,PRCP,0,,,a,
ASN00023718,18980509,PRCP,0,,,a,
ASN00023718,18980510,PRCP,0,,,a,
ASN00023718,18980511,PRCP,0,,,a,
ASN00023718,18980512,PRCP,0,,,a,
ASN00023718,18980513,PRCP,0,,,a,
ASN00023718,18980514,PRCP,0,,,a,
ASN00023718,18980517,PRCP,56,,,a,
ASN00023718,18980518,PRCP,0,,,a,
ASN00023718,18980519,PRCP,0,,,a,
ASN00023718,18980520,PRCP,0,,,a,
ASN00023718,18980521,PRCP,0,,,a,
ASN00023718,18980524,PRCP,5,,,a,
ASN00023718,18980525,PRCP,0,,,a,
ASN00023718,18980526,PRCP,0,,,a,
ASN00023718,18980527,PRCP,0,,,a,
ASN00023718,18980528,PRCP,0,,,a,
ASN00023718,18980529,PRCP,0,,,a,
ASN00023718,18980530,PRCP,0,,,a,
ASN00023718,18980531,PRCP,8,,,a,
ASN00023718,18980516,DAPR,2,,,a,
ASN00023718,18980523,DAPR,2,,,a,
ASN00023718,18980516,DWPR,1,,,a,
ASN00023718,18980523,DWPR,1,,,a,
ASN00023718,18980516,MDPR,76,,,a,
ASN00023718,18980523,MDPR,81,,,a,
ASN00023718,18980601,PRCP,0,,,a,
ASN00023718,18980602,PRCP,0,,,a,
ASN00023718,18980603,PRCP,46,,,a,
ASN00023718,18980604,PRCP,28,,,a,
ASN00023718,18980605,PRCP,0,,,a,
ASN00023718,18980606,PRCP,0,,,a,
ASN00023718,18980607,PRCP,0,,,a,
ASN00023718,18980608,PRCP,0,,,a,
ASN00023718,18980609,PRCP,0,,,a,
ASN00023718,18980610,PRCP,191,,,a,
ASN00023718,18980611,PRCP,28,,,a,
ASN00023718,18980612,PRCP,0,,,a,
ASN00023718,18980613,PRCP,0,,,a,
ASN00023718,18980614,PRCP,396,,,a,
ASN00023718,18980615,PRCP,127,,,a,
ASN00023718,18980616,PRCP,130,,,a,
ASN00023718,18980617,PRCP,41,,,a,
ASN00023718,18980618,PRCP,28,,,a,
ASN00023718,18980619,PRCP,0,,,a,
ASN00023718,18980620,PRCP,0,,,a,
ASN00023718,18980621,PRCP,0,,,a,
ASN00023718,18980622,PRCP,0,,,a,
ASN00023718,18980623,PRCP,38,,,a,
ASN00023718,18980624,PRCP,13,,,a,
ASN00023718,18980625,PRCP,0,,,a,
ASN00023718,18980626,PRCP,0,,,a,
ASN00023718,18980627,PRCP,0,,,a,
ASN00023718,18980628,PRCP,0,,,a,
ASN00023718,18980629,PRCP,0,,,a,
ASN00023718,18980630,PRCP,36,,,a,
ASN00023718,18980701,PRCP,0,,,a,
ASN00023718,18980702,PRCP,0,,,a,
ASN00023718,18980703,PRCP,0,,,a,
ASN00023718,18980704,PRCP,0,,,a,
ASN00023718,18980705,PRCP,0,,,a,
ASN00023718,18980706,PRCP,0,,,a,
ASN00023718,18980707,PRCP,23,,,a,
ASN00023718,18980708,PRCP,0,,,a,
ASN00023718,18980709,PRCP,0,,,a,
ASN00023718,18980710,PRCP,0,,,a,
ASN00023718,18980711,PRCP,0,,,a,
ASN00023718,18980712,PRCP,0,,,a,
ASN00023718,18980713,PRCP,0,,,a,
ASN00023718,18980714,PRCP,0,,,a,
ASN00023718,18980715,PRCP,51,,,a,
ASN00023718,18980716,PRCP,56,,,a,
ASN00023718,18980717,PRCP,0,,,a,
ASN00023718,18980718,PRCP,0,,,a,
ASN00023718,18980719,PRCP,0,,,a,
ASN00023718,18980720,PRCP,8,,,a,
ASN00023718,18980721,PRCP,51,,,a,
ASN00023718,18980722,PRCP,20,,,a,
ASN00023718,18980723,PRCP,46,,,a,
ASN00023718,18980724,PRCP,0,,,a,
ASN00023718,18980725,PRCP,0,,,a,
ASN00023718,18980726,PRCP,0,,,a,
ASN00023718,18980727,PRCP,18,,,a,
ASN00023718,18980728,PRCP,46,,,a,
ASN00023718,18980729,PRCP,20,,,a,
ASN00023718,18980730,PRCP,137,,,a,
ASN00023718,18980731,PRCP,0,,,a,
ASN00023718,18980801,PRCP,33,,,a,
ASN00023718,18980802,PRCP,51,,,a,
ASN00023718,18980803,PRCP,0,,,a,
ASN00023718,18980804,PRCP,0,,,a,
ASN00023718,18980805,PRCP,30,,,a,
ASN00023718,18980806,PRCP,0,,,a,
ASN00023718,18980809,PRCP,0,,,a,
ASN00023718,18980810,PRCP,0,,,a,
ASN00023718,18980811,PRCP,0,,,a,
ASN00023718,18980812,PRCP,0,,,a,
ASN00023718,18980813,PRCP,0,,,a,
ASN00023718,18980814,PRCP,0,,,a,
ASN00023718,18980815,PRCP,0,,,a,
ASN00023718,18980816,PRCP,0,,,a,
ASN00023718,18980817,PRCP,0,,,a,
ASN00023718,18980818,PRCP,0,,,a,
ASN00023718,18980819,PRCP,0,,,a,
ASN00023718,18980820,PRCP,0,,,a,
ASN00023718,18980821,PRCP,0,,,a,
ASN00023718,18980822,PRCP,0,,,a,
ASN00023718,18980823,PRCP,0,,,a,
ASN00023718,18980824,PRCP,0,,,a,
ASN00023718,18980825,PRCP,0,,,a,
ASN00023718,18980826,PRCP,0,,,a,
ASN00023718,18980827,PRCP,46,,,a,
ASN00023718,18980828,PRCP,0,,,a,
ASN00023718,18980829,PRCP,3,,,a,
ASN00023718,18980830,PRCP,104,,,a,
ASN00023718,18980831,PRCP,0,,,a,
ASN00023718,18980808,DAPR,2,,,a,
ASN00023718,18980808,DWPR,1,,,a,
ASN00023718,18980808,MDPR,30,,,a,
ASN00023718,18980901,PRCP,0,,,a,
ASN00023718,18980902,PRCP,8,,,a,
ASN00023718,18980903,PRCP,38,,,a,
ASN00023718,18980904,PRCP,0,,,a,
ASN00023718,18980905,PRCP,0,,,a,
ASN00023718,18980906,PRCP,0,,,a,
ASN00023718,18980907,PRCP,0,,,a,
ASN00023718,18980908,PRCP,0,,,a,
ASN00023718,18980909,PRCP,0,,,a,
ASN00023718,18980910,PRCP,0,,,a,
ASN00023718,18980911,PRCP,0,,,a,
ASN00023718,18980912,PRCP,0,,,a,
ASN00023718,18980913,PRCP,0,,,a,
ASN00023718,18980914,PRCP,0,,,a,
ASN00023718,18980915,PRCP,0,,,a,
ASN00023718,18980916,PRCP,0,,,a,
ASN00023718,18980917,PRCP,0,,,a,
ASN00023718,18980918,PRCP,0,,,a,
ASN00023718,18980919,PRCP,0,,,a,
ASN00023718,18980920,PRCP,0,,,a,
ASN00023718,18980921,PRCP,0,,,a,
ASN00023718,18980922,PRCP,30,,,a,
ASN00023718,18980923,PRCP,76,,,a,
ASN00023718,18980924,PRCP,0,,,a,
ASN00023718,18980927,PRCP,23,,,a,
ASN00023718,18980928,PRCP,0,,,a,
ASN00023718,18980929,PRCP,0,,,a,
ASN00023718,18980930,PRCP,0,,,a,
ASN00023718,18980926,DAPR,2,,,a,
ASN00023718,18980926,DWPR,1,,,a,
ASN00023718,18980926,MDPR,33,,,a,
ASN00023718,18981001,PRCP,0,,,a,
ASN00023718,18981002,PRCP,0,,,a,
ASN00023718,18981003,PRCP,0,,,a,
ASN00023718,18981004,PRCP,0,,,a,
ASN00023718,18981005,PRCP,0,,,a,
ASN00023718,18981006,PRCP,0,,,a,
ASN00023718,18981007,PRCP,56,,,a,
ASN00023718,18981008,PRCP,20,,,a,
ASN00023718,18981009,PRCP,0,,,a,
ASN00023718,18981010,PRCP,0,,,a,
ASN00023718,18981011,PRCP,0,,,a,
ASN00023718,18981012,PRCP,0,,,a,
ASN00023718,18981013,PRCP,0,,,a,
ASN00023718,18981014,PRCP,0,,,a,
ASN00023718,18981015,PRCP,0,,,a,
ASN00023718,18981016,PRCP,0,,,a,
ASN00023718,18981017,PRCP,0,,,a,
ASN00023718,18981018,PRCP,33,,,a,
ASN00023718,18981019,PRCP,3,,,a,
ASN00023718,18981020,PRCP,0,,,a,
ASN00023718,18981021,PRCP,0,,,a,
ASN00023718,18981022,PRCP,0,,,a,
ASN00023718,18981023,PRCP,0,,,a,
ASN00023718,18981024,PRCP,0,,,a,
ASN00023718,18981025,PRCP,0,,,a,
ASN00023718,18981026,PRCP,0,,,a,
ASN00023718,18981027,PRCP,48,,,a,
ASN00023718,18981028,PRCP,114,,,a,
ASN00023718,18981029,PRCP,43,,,a,
ASN00023718,18981030,PRCP,0,,,a,
ASN00023718,18981031,PRCP,0,,,a,
ASN00023718,18981101,PRCP,0,,,a,
ASN00023718,18981102,PRCP,25,,,a,
ASN00023718,18981103,PRCP,0,,,a,
ASN00023718,18981104,PRCP,0,,,a,
ASN00023718,18981105,PRCP,0,,,a,
ASN00023718,18981106,PRCP,0,,,a,
ASN00023718,18981107,PRCP,0,,,a,
ASN00023718,18981108,PRCP,0,,,a,
ASN00023718,18981109,PRCP,0,,,a,
ASN00023718,18981110,PRCP,0,,,a,
ASN00023718,18981111,PRCP,0,,,a,
ASN00023718,18981112,PRCP,0,,,a,
ASN00023718,18981113,PRCP,0,,,a,
ASN00023718,18981114,PRCP,0,,,a,
ASN00023718,18981115,PRCP,0,,,a,
ASN00023718,18981116,PRCP,0,,,a,
ASN00023718,18981117,PRCP,0,,,a,
ASN00023718,18981118,PRCP,0,,,a,
ASN00023718,18981119,PRCP,0,,,a,
ASN00023718,18981120,PRCP,0,,,a,
ASN00023718,18981121,PRCP,20,,,a,
ASN00023718,18981122,PRCP,8,,,a,
ASN00023718,18981123,PRCP,0,,,a,
ASN00023718,18981124,PRCP,0,,,a,
ASN00023718,18981125,PRCP,30,,,a,
ASN00023718,18981126,PRCP,0,,,a,
ASN00023718,18981127,PRCP,0,,,a,
ASN00023718,18981128,PRCP,0,,,a,
ASN00023718,18981129,PRCP,41,,,a,
ASN00023718,18981130,PRCP,0,,,a,
ASN00023718,18981201,PRCP,0,,,a,
ASN00023718,18981202,PRCP,0,,,a,
ASN00023718,18981203,PRCP,0,,,a,
ASN00023718,18981204,PRCP,0,,,a,
ASN00023718,18981205,PRCP,0,,,a,
ASN00023718,18981206,PRCP,0,,,a,
ASN00023718,18981207,PRCP,38,,,a,
ASN00023718,18981208,PRCP,104,,,a,
ASN00023718,18981209,PRCP,0,,,a,
ASN00023718,18981210,PRCP,0,,,a,
ASN00023718,18981211,PRCP,0,,,a,
ASN00023718,18981212,PRCP,0,,,a,
ASN00023718,18981213,PRCP,0,,,a,
ASN00023718,18981214,PRCP,0,,,a,
ASN00023718,18981215,PRCP,0,,,a,
ASN00023718,18981216,PRCP,0,,,a,
ASN00023718,18981217,PRCP,0,,,a,
ASN00023718,18981218,PRCP,0,,,a,
ASN00023718,18981219,PRCP,0,,,a,
ASN00023718,18981220,PRCP,0,,,a,
ASN00023718,18981221,PRCP,0,,,a,
ASN00023718,18981222,PRCP,0,,,a,
ASN00023718,18981223,PRCP,66,,,a,
ASN00023718,18981224,PRCP,0,,,a,
ASN00023718,18981225,PRCP,0,,,a,
ASN00023718,18981226,PRCP,0,,,a,
ASN00023718,18981227,PRCP,0,,,a,
ASN00023718,18981228,PRCP,0,,,a,
ASN00023718,18981229,PRCP,0,,,a,
ASN00023718,18981230,PRCP,0,,,a,
ASN00023718,18981231,PRCP,0,,,a,
ASN00023718,18990101,PRCP,0,,,a,
ASN00023718,18990102,PRCP,0,,,a,
ASN00023718,18990103,PRCP,0,,,a,
ASN00023718,18990104,PRCP,8,,,a,
ASN00023718,18990105,PRCP,0,,,a,
ASN00023718,18990106,PRCP,0,,,a,
ASN00023718,18990107,PRCP,0,,,a,
ASN00023718,18990108,PRCP,0,,,a,
ASN00023718,18990109,PRCP,0,,,a,
ASN00023718,18990110,PRCP,0,,,a,
ASN00023718,18990111,PRCP,0,,,a,
ASN00023718,18990112,PRCP,0,,,a,
ASN00023718,18990113,PRCP,0,,,a,
ASN00023718,18990114,PRCP,0,,,a,
ASN00023718,18990115,PRCP,0,,,a,
ASN00023718,18990116,PRCP,0,,,a,
ASN00023718,18990117,PRCP,0,,,a,
ASN00023718,18990118,PRCP,191,,,a,
ASN00023718,18990119,PRCP,13,,,a,
ASN00023718,18990120,PRCP,20,,,a,
ASN00023718,18990121,PRCP,25,,,a,
ASN00023718,18990122,PRCP,0,,,a,
ASN00023718,18990123,PRCP,0,,,a,
ASN00023718,18990124,PRCP,0,,,a,
ASN00023718,18990125,PRCP,0,,,a,
ASN00023718,18990126,PRCP,0,,,a,
ASN00023718,18990127,PRCP,0,,,a,
ASN00023718,18990128,PRCP,0,,,a,
ASN00023718,18990131,PRCP,8,,,a,
ASN00023718,18990130,DAPR,2,,,a,
ASN00023718,18990130,DWPR,1,,,a,
ASN00023718,18990130,MDPR,64,,,a,
ASN00023718,18990201,PRCP,0,,,a,
ASN00023718,18990202,PRCP,0,,,a,
ASN00023718,18990203,PRCP,0,,,a,
ASN00023718,18990204,PRCP,0,,,a,
ASN00023718,18990205,PRCP,0,,,a,
ASN00023718,18990206,PRCP,0,,,a,
ASN00023718,18990207,PRCP,0,,,a,
ASN00023718,18990208,PRCP,0,,,a,
ASN00023718,18990209,PRCP,0,,,a,
ASN00023718,18990210,PRCP,0,,,a,
ASN00023718,18990211,PRCP,0,,,a,
ASN00023718,18990212,PRCP,0,,,a,
ASN00023718,18990213,PRCP,0,,,a,
ASN00023718,18990214,PRCP,0,,,a,
ASN00023718,18990215,PRCP,0,,,a,
ASN00023718,18990216,PRCP,0,,,a,
ASN00023718,18990217,PRCP,0,,,a,
ASN00023718,18990218,PRCP,0,,,a,
ASN00023718,18990219,PRCP,0,,,a,
ASN00023718,18990220,PRCP,0,,,a,
ASN00023718,18990221,PRCP,0,,,a,
ASN00023718,18990222,PRCP,0,,,a,
ASN00023718,18990223,PRCP,0,,,a,
ASN00023718,18990224,PRCP,0,,,a,
ASN00023718,18990225,PRCP,0,,,a,
ASN00023718,18990228,PRCP,51,,,a,
ASN00023718,18990227,DAPR,2,,,a,
ASN00023718,18990227,DWPR,1,,,a,
ASN00023718,18990227,MDPR,76,,,a,
ASN00023718,18990301,PRCP,0,,,a,
ASN00023718,18990302,PRCP,0,,,a,
ASN00023718,18990303,PRCP,0,,,a,
ASN00023718,18990304,PRCP,0,,,a,
ASN00023718,18990305,PRCP,0,,,a,
ASN00023718,18990306,PRCP,0,,,a,
ASN00023718,18990307,PRCP,0,,,a,
ASN00023718,18990308,PRCP,0,,,a,
ASN00023718,18990309,PRCP,0,,,a,
ASN00023718,18990310,PRCP,0,,,a,
ASN00023718,18990311,PRCP,0,,,a,
ASN00023718,18990312,PRCP,0,,,a,
ASN00023718,18990313,PRCP,0,,,a,
ASN00023718,18990314,PRCP,0,,,a,
ASN00023718,18990315,PRCP,0,,,a,
ASN00023718,18990316,PRCP,0,,,a,
ASN00023718,18990317,PRCP,5,,,a,
ASN00023718,18990318,PRCP,0,,,a,
ASN00023718,18990319,PRCP,0,,,a,
ASN00023718,18990320,PRCP,20,,,a,
ASN00023718,18990321,PRCP,69,,,a,
ASN00023718,18990322,PRCP,15,,,a,
ASN00023718,18990323,PRCP,0,,,a,
ASN00023718,18990324,PRCP,0,,,a,
ASN00023718,18990325,PRCP,0,,,a,
ASN00023718,18990328,PRCP,0,,,a,
ASN00023718,18990329,PRCP,0,,,a,
ASN00023718,18990330,PRCP,0,,,a,
ASN00023718,18990331,PRCP,0,,,a,
ASN00023718,18990327,DAPR,2,,,a,
ASN00023718,18990327,DWPR,1,,,a,
ASN00023718,18990327,MDPR,43,,,a,
ASN00023718,18990401,PRCP,0,,,a,
ASN00023718,18990404,PRCP,0,,,a,
ASN00023718,18990405,PRCP,0,,,a,
ASN00023718,18990406,PRCP,0,,,a,
ASN00023718,18990407,PRCP,0,,,a,
ASN00023718,18990408,PRCP,0,,,a,
ASN00023718,18990411,PRCP,0,,,a,
ASN00023718,18990412,PRCP,0,,,a,
ASN00023718,18990413,PRCP,0,,,a,
ASN00023718,18990414,PRCP,0,,,a,
ASN00023718,18990415,PRCP,0,,,a,
ASN00023718,18990416,PRCP,0,,,a,
ASN00023718,18990417,PRCP,0,,,a,
ASN00023718,18990418,PRCP,0,,,a,
ASN00023718,18990419,PRCP,0,,,a,
ASN00023718,18990420,PRCP,0,,,a,
ASN00023718,18990421,PRCP,0,,,a,
ASN00023718,18990422,PRCP,0,,,a,
ASN00023718,18990425,PRCP,0,,,a,
ASN00023718,18990426,PRCP,0,,,a,
ASN00023718,18990427,PRCP,0,,,a,
ASN00023718,18990428,PRCP,0,,,a,
ASN00023718,18990429,PRCP,0,,,a,
ASN00023718,18990430,PRCP,0,,,a,
ASN00023718,18990403,DAPR,2,,,a,
ASN00023718,18990410,DAPR,2,,,a,
ASN00023718,18990424,DAPR,2,,,a,
ASN00023718,18990403,DWPR,1,,,a,
ASN00023718,18990410,DWPR,1,,,a,
ASN00023718,18990424,DWPR,1,,,a,
ASN00023718,18990403,MDPR,64,,,a,
ASN00023718,18990410,MDPR,58,,,a,
ASN00023718,18990424,MDPR,28,,,a,
ASN00023718,18990501,PRCP,0,,,a,
ASN00023718,18990502,PRCP,48,,,a,
ASN00023718,18990503,PRCP,46,,,a,
ASN00023718,18990504,PRCP,160,,,a,
ASN00023718,18990505,PRCP,0,,,a,
ASN00023718,18990506,PRCP,0,,,a,
ASN00023718,18990507,PRCP,0,,,a,
ASN00023718,18990508,PRCP,0,,,a,
ASN00023718,18990509,PRCP,0,,,a,
ASN00023718,18990510,PRCP,0,,,a,
ASN00023718,18990511,PRCP,0,,,a,
ASN00023718,18990512,PRCP,0,,,a,
ASN00023718,18990513,PRCP,0,,,a,
ASN00023718,18990514,PRCP,0,,,a,
ASN00023718,18990515,PRCP,0,,,a,
ASN00023718,18990516,PRCP,76,,,a,
ASN00023718,18990517,PRCP,178,,,a,
ASN00023718,18990518,PRCP,15,,,a,
ASN00023718,18990519,PRCP,3,,,a,
ASN00023718,18990520,PRCP,0,,,a,
ASN00023718,18990523,PRCP,30,,,a,
ASN00023718,18990524,PRCP,0,,,a,
ASN00023718,18990525,PRCP,0,,,a,
ASN00023718,18990526,PRCP,0,,,a,
ASN00023718,18990527,PRCP,0,,,a,
ASN00023718,18990528,PRCP,0,,,a,
ASN00023718,18990529,PRCP,0,,,a,
ASN00023718,18990530,PRCP,0,,,a,
ASN00023718,18990531,PRCP,0,,,a,
ASN00023718,18990522,DAPR,2,,,a,
ASN00023718,18990522,DWPR,1,,,a,
ASN00023718,18990522,MDPR,58,,,a,
ASN00023718,18990601,PRCP,0,,,a,
ASN00023718,18990602,PRCP,0,,,a,
ASN00023718,18990603,PRCP,97,,,a,
ASN00023718,18990604,PRCP,0,,,a,
ASN00023718,18990605,PRCP,8,,,a,
ASN00023718,18990606,PRCP,18,,,a,
ASN00023718,18990607,PRCP,8,,,a,
ASN00023718,18990608,PRCP,0,,,a,
ASN00023718,18990609,PRCP,53,,,a,
ASN00023718,18990610,PRCP,13,,,a,
ASN00023718,18990613,PRCP,0,,,a,
ASN00023718,18990614,PRCP,0,,,a,
ASN00023718,18990615,PRCP,0,,,a,
ASN00023718,18990616,PRCP,0,,,a,
ASN00023718,18990617,PRCP,0,,,a,
ASN00023718,18990618,PRCP,0,,,a,
ASN00023718,18990619,PRCP,0,,,a,
ASN00023718,18990620,PRCP,0,,,a,
ASN00023718,18990621,PRCP,0,,,a,
ASN00023718,18990622,PRCP,0,,,a,
ASN00023718,18990623,PRCP,56,,,a,
ASN00023718,18990624,PRCP,33,,,a,
ASN00023718,18990625,PRCP,0,,,a,
ASN00023718,18990626,PRCP,0,,,a,
ASN00023718,18990627,PRCP,0,,,a,
ASN00023718,18990628,PRCP,0,,,a,
ASN00023718,18990629,PRCP,13,,,a,
ASN00023718,18990630,PRCP,28,,,a,
ASN00023718,18990612,DAPR,2,,,a,
ASN00023718,18990612,DWPR,1,,,a,
ASN00023718,18990612,MDPR,79,,,a,
ASN00023718,18990701,PRCP,91,,,a,
ASN00023718,18990704,PRCP,25,,,a,
ASN00023718,18990705,PRCP,0,,,a,
ASN00023718,18990706,PRCP,0,,,a,
ASN00023718,18990707,PRCP,0,,,a,
ASN00023718,18990708,PRCP,25,,,a,
ASN00023718,18990709,PRCP,0,,,a,
ASN00023718,18990710,PRCP,0,,,a,
ASN00023718,18990711,PRCP,8,,,a,
ASN00023718,18990712,PRCP,0,,,a,
ASN00023718,18990713,PRCP,0,,,a,
ASN00023718,18990714,PRCP,23,,,a,
ASN00023718,18990715,PRCP,0,,,a,
ASN00023718,18990716,PRCP,0,,,a,
ASN00023718,18990717,PRCP,0,,,a,
ASN00023718,18990718,PRCP,15,,,a,
ASN00023718,18990719,PRCP,18,,,a,
ASN00023718,18990720,PRCP,0,,,a,
ASN00023718,18990721,PRCP,0,,,a,
ASN00023718,18990722,PRCP,0,,,a,
ASN00023718,18990723,PRCP,0,,,a,
ASN00023718,18990724,PRCP,0,,,a,
ASN00023718,18990725,PRCP,0,,,a,
ASN00023718,18990726,PRCP,0,,,a,
ASN00023718,18990727,PRCP,0,,,a,
ASN00023718,18990728,PRCP,0,,,a,
ASN00023718,18990729,PRCP,0,,,a,
ASN00023718,18990730,PRCP,0,,,a,
ASN00023718,18990731,PRCP,0,,,a,
ASN00023718,18990703,DAPR,2,,,a,
ASN00023718,18990703,DWPR,1,,,a,
ASN00023718,18990703,MDPR,74,,,a,
ASN00023718,18990801,PRCP,0,,,a,
ASN00023718,18990802,PRCP,0,,,a,
ASN00023718,18990803,PRCP,0,,,a,
ASN00023718,18990804,PRCP,41,,,a,
ASN00023718,18990805,PRCP,0,,,a,
ASN00023718,18990808,PRCP,132,,,a,
ASN00023718,18990809,PRCP,20,,,a,
ASN00023718,18990810,PRCP,0,,,a,
ASN00023718,18990811,PRCP,0,,,a,
ASN00023718,18990812,PRCP,0,,,a,
ASN00023718,18990813,PRCP,0,,,a,
ASN00023718,18990814,PRCP,0,,,a,
ASN00023718,18990815,PRCP,0,,,a,
ASN00023718,18990816,PRCP,0,,,a,
ASN00023718,18990817,PRCP,0,,,a,
ASN00023718,18990818,PRCP,0,,,a,
ASN00023718,18990819,PRCP,0,,,a,
ASN00023718,18990820,PRCP,0,,,a,
ASN00023718,18990821,PRCP,0,,,a,
ASN00023718,18990822,PRCP,0,,,a,
ASN00023718,18990823,PRCP,0,,,a,
ASN00023718,18990824,PRCP,0,,,a,
ASN00023718,18990825,PRCP,0,,,a,
ASN00023718,18990826,PRCP,0,,,a,
ASN00023718,18990827,PRCP,0,,,a,
ASN00023718,18990828,PRCP,0,,,a,
ASN00023718,18990829,PRCP,0,,,a,
ASN00023718,18990830,PRCP,0,,,a,
ASN00023718,18990831,PRCP,10,,,a,
ASN00023718,18990807,DAPR,2,,,a,
ASN00023718,18990807,DWPR,1,,,a,
ASN00023718,18990807,MDPR,25,,,a,
ASN00023718,18990901,PRCP,0,,,a,
ASN00023718,18990902,PRCP,0,,,a,
ASN00023718,18990903,PRCP,0,,,a,
ASN00023718,18990904,PRCP,0,,,a,
ASN00023718,18990905,PRCP,0,,,a,
ASN00023718,18990906,PRCP,0,,,a,
ASN00023718,18990907,PRCP,0,,,a,
ASN00023718,18990908,PRCP,0,,,a,
ASN00023718,18990909,PRCP,135,,,a,
ASN00023718,18990912,PRCP,0,,,a,
ASN00023718,18990913,PRCP,23,,,a,
ASN00023718,18990914,PRCP,0,,,a,
ASN00023718,18990915,PRCP,0,,,a,
ASN00023718,18990916,PRCP,127,,,a,
ASN00023718,18990917,PRCP,0,,,a,
ASN00023718,18990918,PRCP,0,,,a,
ASN00023718,18990919,PRCP,25,,,a,
ASN00023718,18990920,PRCP,0,,,a,
ASN00023718,18990921,PRCP,0,,,a,
ASN00023718,18990922,PRCP,0,,,a,
ASN00023718,18990923,PRCP,0,,,a,
ASN00023718,18990924,PRCP,0,,,a,
ASN00023718,18990925,PRCP,0,,,a,
ASN00023718,18990926,PRCP,0,,,a,
ASN00023718,18990927,PRCP,13,,,a,
ASN00023718,18990928,PRCP,0,,,a,
ASN00023718,18990929,PRCP,0,,,a,
ASN00023718,18990930,PRCP,107,,,a,
ASN00023718,18990911,DAPR,2,,,a,
ASN00023718,18990911,DWPR,1,,,a,
ASN00023718,18990911,MDPR,97,,,a,
ASN00023718,18991003,PRCP,0,,,a,
ASN00023718,18991004,PRCP,0,,,a,
ASN00023718,18991005,PRCP,0,,,a,
ASN00023718,18991006,PRCP,0,,,a,
ASN00023718,18991007,PRCP,0,,,a,
ASN00023718,18991008,PRCP,0,,,a,
ASN00023718,18991009,PRCP,0,,,a,
ASN00023718,18991010,PRCP,0,,,a,
ASN00023718,18991011,PRCP,5,,,a,
ASN00023718,18991012,PRCP,0,,,a,
ASN00023718,18991013,PRCP,0,,,a,
ASN00023718,18991014,PRCP,23,,,a,
ASN00023718,18991015,PRCP,0,,,a,
ASN00023718,18991016,PRCP,38,,,a,
ASN00023718,18991017,PRCP,0,,,a,
ASN00023718,18991018,PRCP,0,,,a,
ASN00023718,18991019,PRCP,0,,,a,
ASN00023718,18991020,PRCP,0,,,a,
ASN00023718,18991021,PRCP,0,,,a,
ASN00023718,18991022,PRCP,0,,,a,
ASN00023718,18991023,PRCP,0,,,a,
ASN00023718,18991024,PRCP,25,,,a,
ASN00023718,18991025,PRCP,25,,,a,
ASN00023718,18991026,PRCP,38,,,a,
ASN00023718,18991027,PRCP,0,,,a,
ASN00023718,18991028,PRCP,0,,,a,
ASN00023718,18991029,PRCP,0,,,a,
ASN00023718,18991030,PRCP,0,,,a,
ASN00023718,18991031,PRCP,0,,,a,
ASN00023718,18991002,DAPR,2,,,a,
ASN00023718,18991002,DWPR,1,,,a,
ASN00023718,18991002,MDPR,36,,,a,
ASN00023718,18991101,PRCP,0,,,a,
ASN00023718,18991102,PRCP,0,,,a,
ASN00023718,18991103,PRCP,0,,,a,
ASN00023718,18991104,PRCP,0,,,a,
ASN00023718,18991107,PRCP,94,,,a,
ASN00023718,18991108,PRCP,13,,,a,
ASN00023718,18991109,PRCP,25,,,a,
ASN00023718,18991110,PRCP,0,,,a,
ASN00023718,18991111,PRCP,0,,,a,
ASN00023718,18991112,PRCP,0,,,a,
ASN00023718,18991113,PRCP,0,,,a,
ASN00023718,18991114,PRCP,0,,,a,
ASN00023718,18991115,PRCP,0,,,a,
ASN00023718,18991116,PRCP,0,,,a,
ASN00023718,18991117,PRCP,0,,,a,
ASN00023718,18991118,PRCP,25,,,a,
ASN00023718,18991119,PRCP,15,,,a,
ASN00023718,18991120,PRCP,0,,,a,
ASN00023718,18991121,PRCP,0,,,a,
ASN00023718,18991122,PRCP,0,,,a,
ASN00023718,18991123,PRCP,0,,,a,
ASN00023718,18991124,PRCP,43,,,a,
ASN00023718,18991125,PRCP,0,,,a,
ASN00023718,18991126,PRCP,0,,,a,
ASN00023718,18991127,PRCP,0,,,a,
ASN00023718,18991128,PRCP,0,,,a,
ASN00023718,18991129,PRCP,0,,,a,
ASN00023718,18991130,PRCP,0,,,a,
ASN00023718,18991106,DAPR,2,,,a,
ASN00023718,18991106,DWPR,1,,,a,
ASN00023718,18991106,MDPR,173,,,a,
ASN00023718,18991201,PRCP,0,,,a,
ASN00023718,18991202,PRCP,0,,,a,
ASN00023718,18991203,PRCP,0,,,a,
ASN00023718,18991204,PRCP,0,,,a,
ASN00023718,18991205,PRCP,0,,,a,
ASN00023718,18991206,PRCP,0,,,a,
ASN00023718,18991207,PRCP,0,,,a,
ASN00023718,18991208,PRCP,0,,,a,
ASN00023718,18991209,PRCP,0,,,a,
ASN00023718,18991210,PRCP,0,,,a,
ASN00023718,18991211,PRCP,0,,,a,
ASN00023718,18991212,PRCP,0,,,a,
ASN00023718,18991213,PRCP,0,,,a,
ASN00023718,18991214,PRCP,0,,,a,
ASN00023718,18991215,PRCP,0,,,a,
ASN00023718,18991216,PRCP,0,,,a,
ASN00023718,18991217,PRCP,0,,,a,
ASN00023718,18991218,PRCP,0,,,a,
ASN00023718,18991219,PRCP,0,,,a,
ASN00023718,18991220,PRCP,0,,,a,
ASN00023718,18991221,PRCP,0,,,a,
ASN00023718,18991222,PRCP,0,,,a,
ASN00023718,18991223,PRCP,0,,,a,
ASN00023718,18991224,PRCP,0,,,a,
ASN00023718,18991227,PRCP,3,,,a,
ASN00023718,18991228,PRCP,0,,,a,
ASN00023718,18991229,PRCP,0,,,a,
ASN00023718,18991230,PRCP,0,,,a,
ASN00023718,18991231,PRCP,0,,,a,
ASN00023718,18991226,DAPR,2,,,a,
ASN00023718,18991226,DWPR,1,,,a,
ASN00023718,18991226,MDPR,56,,,a,
ASN00023718,19000101,PRCP,0,,,a,
ASN00023718,19000102,PRCP,0,,,a,
ASN00023718,19000103,PRCP,0,,,a,
ASN00023718,19000104,PRCP,0,,,a,
ASN00023718,19000105,PRCP,0,,,a,
ASN00023718,19000106,PRCP,0,,,a,
ASN00023718,19000107,PRCP,0,,,a,
ASN00023718,19000108,PRCP,0,,,a,
ASN00023718,19000109,PRCP,0,,,a,
ASN00023718,19000110,PRCP,25,,,a,
ASN00023718,19000111,PRCP,0,,,a,
ASN00023718,19000112,PRCP,0,,,a,
ASN00023718,19000113,PRCP,0,,,a,
ASN00023718,19000114,PRCP,0,,,a,
ASN00023718,19000115,PRCP,0,,,a,
ASN00023718,19000116,PRCP,0,,,a,
ASN00023718,19000117,PRCP,0,,,a,
ASN00023718,19000118,PRCP,0,,,a,
ASN00023718,19000119,PRCP,13,,,a,
ASN00023718,19000120,PRCP,0,,,a,
ASN00023718,19000121,PRCP,0,,,a,
ASN00023718,19000122,PRCP,18,,,a,
ASN00023718,19000123,PRCP,0,,,a,
ASN00023718,19000124,PRCP,0,,,a,
ASN00023718,19000125,PRCP,0,,,a,
ASN00023718,19000126,PRCP,0,,,a,
ASN00023718,19000127,PRCP,0,,,a,
ASN00023718,19000130,PRCP,0,,,a,
ASN00023718,19000131,PRCP,0,,,a,
ASN00023718,19000129,DAPR,2,,,a,
ASN00023718,19000129,DWPR,1,,,a,
ASN00023718,19000129,MDPR,46,,,a,
ASN00023718,19000201,PRCP,0,,,a,
ASN00023718,19000202,PRCP,0,,,a,
ASN00023718,19000203,PRCP,0,,,a,
ASN00023718,19000204,PRCP,0,,,a,
ASN00023718,19000205,PRCP,0,,,a,
ASN00023718,19000206,PRCP,0,,,a,
ASN00023718,19000207,PRCP,0,,,a,
ASN00023718,19000208,PRCP,0,,,a,
ASN00023718,19000209,PRCP,0,,,a,
ASN00023718,19000210,PRCP,0,,,a,
ASN00023718,19000211,PRCP,0,,,a,
ASN00023718,19000212,PRCP,0,,,a,
ASN00023718,19000213,PRCP,0,,,a,
ASN00023718,19000214,PRCP,0,,,a,
ASN00023718,19000215,PRCP,0,,,a,
ASN00023718,19000216,PRCP,0,,,a,
ASN00023718,19000217,PRCP,0,,,a,
ASN00023718,19000218,PRCP,0,,,a,
ASN00023718,19000219,PRCP,0,,,a,
ASN00023718,19000220,PRCP,0,,,a,
ASN00023718,19000221,PRCP,0,,,a,
ASN00023718,19000222,PRCP,0,,,a,
ASN00023718,19000223,PRCP,0,,,a,
ASN00023718,19000224,PRCP,0,,,a,
ASN00023718,19000225,PRCP,0,,,a,
ASN00023718,19000226,PRCP,0,,,a,
ASN00023718,19000227,PRCP,0,,,a,
ASN00023718,19000228,PRCP,0,,,a,
ASN00023718,19000301,PRCP,51,,,a,
ASN00023718,19000302,PRCP,76,,,a,
ASN00023718,19000303,PRCP,0,,,a,
ASN00023718,19000304,PRCP,0,,,a,
ASN00023718,19000305,PRCP,0,,,a,
ASN00023718,19000306,PRCP,13,,,a,
ASN00023718,19000307,PRCP,8,,,a,
ASN00023718,19000308,PRCP,0,,,a,
ASN00023718,19000309,PRCP,0,,,a,
ASN00023718,19000310,PRCP,0,,,a,
ASN00023718,19000311,PRCP,0,,,a,
ASN00023718,19000312,PRCP,0,,,a,
ASN00023718,19000313,PRCP,0,,,a,
ASN00023718,19000314,PRCP,23,,,a,
ASN00023718,19000315,PRCP,142,,,a,
ASN00023718,19000316,PRCP,0,,,a,
ASN00023718,19000317,PRCP,0,,,a,
ASN00023718,19000318,PRCP,0,,,a,
ASN00023718,19000319,PRCP,0,,,a,
ASN00023718,19000320,PRCP,23,,,a,
ASN00023718,19000321,PRCP,15,,,a,
ASN00023718,19000322,PRCP,0,,,a,
ASN00023718,19000323,PRCP,0,,,a,
ASN00023718,19000324,PRCP,30,,,a,
ASN00023718,19000325,PRCP,0,,,a,
ASN00023718,19000326,PRCP,0,,,a,
ASN00023718,19000327,PRCP,0,,,a,
ASN00023718,19000328,PRCP,0,,,a,
ASN00023718,19000329,PRCP,0,,,a,
ASN00023718,19000330,PRCP,0,,,a,
ASN00023718,19000331,PRCP,8,,,a,
ASN00023718,19000401,PRCP,0,,,a,
ASN00023718,19000402,PRCP,33,,,a,
ASN00023718,19000403,PRCP,132,,,a,
ASN00023718,19000404,PRCP,25,,,a,
ASN00023718,19000405,PRCP,13,,,a,
ASN00023718,19000406,PRCP,20,,,a,
ASN00023718,19000407,PRCP,0,,,a,
ASN00023718,19000408,PRCP,0,,,a,
ASN00023718,19000409,PRCP,13,,,a,
ASN00023718,19000410,PRCP,18,,,a,
ASN00023718,19000411,PRCP,13,,,a,
ASN00023718,19000412,PRCP,13,,,a,
ASN00023718,19000413,PRCP,0,,,a,
ASN00023718,19000414,PRCP,51,,,a,
ASN00023718,19000417,PRCP,0,,,a,
ASN00023718,19000418,PRCP,0,,,a,
ASN00023718,19000419,PRCP,0,,,a,
ASN00023718,19000420,PRCP,0,,,a,
ASN00023718,19000421,PRCP,0,,,a,
ASN00023718,19000424,PRCP,8,,,a,
ASN00023718,19000425,PRCP,0,,,a,
ASN00023718,19000426,PRCP,0,,,a,
ASN00023718,19000427,PRCP,0,,,a,
ASN00023718,19000428,PRCP,0,,,a,
ASN00023718,19000429,PRCP,0,,,a,
ASN00023718,19000430,PRCP,5,,,a,
ASN00023718,19000416,DAPR,2,,,a,
ASN00023718,19000423,DAPR,2,,,a,
ASN00023718,19000416,DWPR,1,,,a,
ASN00023718,19000423,DWPR,1,,,a,
ASN00023718,19000416,MDPR,127,,,a,
ASN00023718,19000423,MDPR,94,,,a,
ASN00023718,19000501,PRCP,0,,,a,
ASN00023718,19000502,PRCP,0,,,a,
ASN00023718,19000503,PRCP,0,,,a,
ASN00023718,19000504,PRCP,0,,,a,
ASN00023718,19000505,PRCP,0,,,a,
ASN00023718,19000506,PRCP,0,,,a,
ASN00023718,19000507,PRCP,5,,,a,
ASN00023718,19000508,PRCP,71,,,a,
ASN00023718,19000509,PRCP,13,,,a,
ASN00023718,19000510,PRCP,8,,,a,
ASN00023718,19000511,PRCP,0,,,a,
ASN00023718,19000512,PRCP,20,,,a,
ASN00023718,19000513,PRCP,0,,,a,
ASN00023718,19000514,PRCP,0,,,a,
ASN00023718,19000515,PRCP,0,,,a,
ASN00023718,19000516,PRCP,0,,,a,
ASN00023718,19000517,PRCP,290,,,a,
ASN00023718,19000518,PRCP,135,,,a,
ASN00023718,19000519,PRCP,13,,,a,
ASN00023718,19000520,PRCP,53,,,a,
ASN00023718,19000521,PRCP,0,,,a,
ASN00023718,19000522,PRCP,0,,,a,
ASN00023718,19000523,PRCP,0,,,a,
ASN00023718,19000524,PRCP,0,,,a,
ASN00023718,19000525,PRCP,0,,,a,
ASN00023718,19000526,PRCP,0,,,a,
ASN00023718,19000529,PRCP,30,,,a,
ASN00023718,19000530,PRCP,0,,,a,
ASN00023718,19000531,PRCP,0,,,a,
ASN00023718,19000528,DAPR,2,,,a,
ASN00023718,19000528,DWPR,1,,,a,
ASN00023718,19000528,MDPR,28,,,a,
ASN00023718,19000601,PRCP,0,,,a,
ASN00023718,19000602,PRCP,0,,,a,
ASN00023718,19000603,PRCP,0,,,a,
ASN00023718,19000604,PRCP,0,,,a,
ASN00023718,19000605,PRCP,0,,,a,
ASN00023718,19000606,PRCP,13,,,a,
ASN00023718,19000607,PRCP,0,,,a,
ASN00023718,19000608,PRCP,0,,,a,
ASN00023718,19000609,PRCP,0,,,a,
ASN00023718,19000610,PRCP,0,,,a,
ASN00023718,19000611,PRCP,0,,,a,
ASN00023718,19000612,PRCP,0,,,a,
ASN00023718,19000613,PRCP,0,,,a,
ASN00023718,19000614,PRCP,20,,,a,
ASN00023718,19000615,PRCP,3,,,a,
ASN00023718,19000616,PRCP,18,,,a,
ASN00023718,19000617,PRCP,0,,,a,
ASN00023718,19000618,PRCP,20,,,a,
ASN00023718,19000619,PRCP,46,,,a,
ASN00023718,19000620,PRCP,0,,,a,
ASN00023718,19000621,PRCP,8,,,a,
ASN00023718,19000622,PRCP,64,,,a,
ASN00023718,19000623,PRCP,191,,,a,
ASN00023718,19000626,PRCP,13,,,a,
ASN00023718,19000627,PRCP,25,,,a,
ASN00023718,19000628,PRCP,51,,,a,
ASN00023718,19000629,PRCP,25,,,a,
ASN00023718,19000630,PRCP,46,,,a,
ASN00023718,19000625,DAPR,2,,,a,
ASN00023718,19000625,DWPR,1,,,a,
ASN00023718,19000625,MDPR,51,,,a,
ASN00023718,19000701,PRCP,0,,,a,
ASN00023718,19000702,PRCP,0,,,a,
ASN00023718,19000703,PRCP,0,,,a,
ASN00023718,19000704,PRCP,0,,,a,
ASN00023718,19000705,PRCP,0,,,a,
ASN00023718,19000706,PRCP,0,,,a,
ASN00023718,19000707,PRCP,0,,,a,
ASN00023718,19000710,PRCP,8,,,a,
ASN00023718,19000711,PRCP,0,,,a,
ASN00023718,19000712,PRCP,0,,,a,
ASN00023718,19000713,PRCP,18,,,a,
ASN00023718,19000714,PRCP,8,,,a,
ASN00023718,19000715,PRCP,0,,,a,
ASN00023718,19000716,PRCP,18,,,a,
ASN00023718,19000717,PRCP,25,,,a,
ASN00023718,19000718,PRCP,38,,,a,
ASN00023718,19000719,PRCP,0,,,a,
ASN00023718,19000720,PRCP,0,,,a,
ASN00023718,19000721,PRCP,0,,,a,
ASN00023718,19000722,PRCP,0,,,a,
ASN00023718,19000723,PRCP,0,,,a,
ASN00023718,19000724,PRCP,8,,,a,
ASN00023718,19000725,PRCP,18,,,a,
ASN00023718,19000726,PRCP,13,,,a,
ASN00023718,19000727,PRCP,3,,,a,
ASN00023718,19000728,PRCP,3,,,a,
ASN00023718,19000729,PRCP,0,,,a,
ASN00023718,19000730,PRCP,0,,,a,
ASN00023718,19000731,PRCP,15,,,a,
ASN00023718,19000709,DAPR,2,,,a,
ASN00023718,19000709,DWPR,1,,,a,
ASN00023718,19000709,MDPR,43,,,a,
ASN00023718,19000801,PRCP,0,,,a,
ASN00023718,19000802,PRCP,23,,,a,
ASN00023718,19000803,PRCP,28,,,a,
ASN00023718,19000804,PRCP,8,,,a,
ASN00023718,19000805,PRCP,0,,,a,
ASN00023718,19000806,PRCP,0,,,a,
ASN00023718,19000807,PRCP,0,,,a,
ASN00023718,19000808,PRCP,94,,,a,
ASN00023718,19000809,PRCP,3,,,a,
ASN00023718,19000810,PRCP,0,,,a,
ASN00023718,19000811,PRCP,0,,,a,
ASN00023718,19000814,PRCP,13,,,a,
ASN00023718,19000815,PRCP,71,,,a,
ASN00023718,19000816,PRCP,102,,,a,
ASN00023718,19000817,PRCP,13,,,a,
ASN00023718,19000818,PRCP,5,,,a,
ASN00023718,19000821,PRCP,0,,,a,
ASN00023718,19000822,PRCP,64,,,a,
ASN00023718,19000823,PRCP,46,,,a,
ASN00023718,19000824,PRCP,13,,,a,
ASN00023718,19000825,PRCP,0,,,a,
ASN00023718,19000828,PRCP,51,,,a,
ASN00023718,19000829,PRCP,0,,,a,
ASN00023718,19000830,PRCP,20,,,a,
ASN00023718,19000831,PRCP,36,,,a,
ASN00023718,19000813,DAPR,2,,,a,
ASN00023718,19000820,DAPR,2,,,a,
ASN00023718,19000827,DAPR,2,,,a,
ASN00023718,19000813,DWPR,1,,,a,
ASN00023718,19000820,DWPR,1,,,a,
ASN00023718,19000827,DWPR,1,,,a,
ASN00023718,19000813,MDPR,28,,,a,
ASN00023718,19000820,MDPR,33,,,a,
ASN00023718,19000827,MDPR,69,,,a,
ASN00023718,19000901,PRCP,0,,,a,
ASN00023718,19000902,PRCP,0,,,a,
ASN00023718,19000903,PRCP,0,,,a,
ASN00023718,19000904,PRCP,0,,,a,
ASN00023718,19000905,PRCP,0,,,a,
ASN00023718,19000906,PRCP,0,,,a,
ASN00023718,19000907,PRCP,0,,,a,
ASN00023718,19000908,PRCP,15,,,a,
ASN00023718,19000909,PRCP,0,,,a,
ASN00023718,19000910,PRCP,0,,,a,
ASN00023718,19000911,PRCP,130,,,a,
ASN00023718,19000912,PRCP,33,,,a,
ASN00023718,19000913,PRCP,43,,,a,
ASN00023718,19000914,PRCP,0,,,a,
ASN00023718,19000915,PRCP,0,,,a,
ASN00023718,19000916,PRCP,0,,,a,
ASN00023718,19000917,PRCP,0,,,a,
ASN00023718,19000918,PRCP,0,,,a,
ASN00023718,19000919,PRCP,33,,,a,
ASN00023718,19000920,PRCP,0,,,a,
ASN00023718,19000921,PRCP,5,,,a,
ASN00023718,19000922,PRCP,46,,,a,
ASN00023718,19000925,PRCP,0,,,a,
ASN00023718,19000926,PRCP,33,,,a,
ASN00023718,19000927,PRCP,13,,,a,
ASN00023718,19000928,PRCP,0,,,a,
ASN00023718,19000929,PRCP,0,,,a,
ASN00023718,19000930,PRCP,0,,,a,
ASN00023718,19000924,DAPR,2,,,a,
ASN00023718,19000924,DWPR,1,,,a,
ASN00023718,19000924,MDPR,191,,,a,
ASN00023718,19001001,PRCP,0,,,a,
ASN00023718,19001002,PRCP,0,,,a,
ASN00023718,19001003,PRCP,0,,,a,
ASN00023718,19001004,PRCP,30,,,a,
ASN00023718,19001005,PRCP,25,,,a,
ASN00023718,19001006,PRCP,0,,,a,
ASN00023718,19001007,PRCP,0,,,a,
ASN00023718,19001008,PRCP,0,,,a,
ASN00023718,19001009,PRCP,0,,,a,
ASN00023718,19001010,PRCP,0,,,a,
ASN00023718,19001011,PRCP,0,,,a,
ASN00023718,19001012,PRCP,0,,,a,
ASN00023718,19001013,PRCP,0,,,a,
ASN00023718,19001014,PRCP,0,,,a,
ASN00023718,19001015,PRCP,0,,,a,
ASN00023718,19001016,PRCP,0,,,a,
ASN00023718,19001017,PRCP,0,,,a,
ASN00023718,19001018,PRCP,0,,,a,
ASN00023718,19001019,PRCP,0,,,a,
ASN00023718,19001020,PRCP,0,,,a,
ASN00023718,19001023,PRCP,18,,,a,
ASN00023718,19001024,PRCP,0,,,a,
ASN00023718,19001025,PRCP,0,,,a,
ASN00023718,19001026,PRCP,0,,,a,
ASN00023718,19001027,PRCP,0,,,a,
ASN00023718,19001030,PRCP,0,,,a,
ASN00023718,19001031,PRCP,20,,,a,
ASN00023718,19001022,DAPR,2,,,a,
ASN00023718,19001029,DAPR,2,,,a,
ASN00023718,19001022,DWPR,1,,,a,
ASN00023718,19001029,DWPR,1,,,a,
ASN00023718,19001022,MDPR,33,,,a,
ASN00023718,19001029,MDPR,33,,,a,
ASN00023718,19001101,PRCP,0,,,a,
ASN00023718,19001102,PRCP,0,,,a,
ASN00023718,19001103,PRCP,0,,,a,
ASN00023718,19001104,PRCP,0,,,a,
ASN00023718,19001105,PRCP,0,,,a,
ASN00023718,19001106,PRCP,0,,,a,
ASN00023718,19001107,PRCP,0,,,a,
ASN00023718,19001108,PRCP,0,,,a,
ASN00023718,19001109,PRCP,0,,,a,
ASN00023718,19001110,PRCP,0,,,a,
ASN00023718,19001111,PRCP,0,,,a,
ASN00023718,19001112,PRCP,0,,,a,
ASN00023718,19001113,PRCP,0,,,a,
ASN00023718,19001114,PRCP,56,,,a,
ASN00023718,19001115,PRCP,0,,,a,
ASN00023718,19001116,PRCP,0,,,a,
ASN00023718,19001117,PRCP,97,,,a,
ASN00023718,19001118,PRCP,0,,,a,
ASN00023718,19001119,PRCP,3,,,a,
ASN00023718,19001120,PRCP,0,,,a,
ASN00023718,19001121,PRCP,0,,,a,
ASN00023718,19001122,PRCP,0,,,a,
ASN00023718,19001123,PRCP,0,,,a,
ASN00023718,19001124,PRCP,0,,,a,
ASN00023718,19001125,PRCP,0,,,a,
ASN00023718,19001126,PRCP,0,,,a,
ASN00023718,19001127,PRCP,0,,,a,
ASN00023718,19001128,PRCP,0,,,a,
ASN00023718,19001129,PRCP,0,,,a,
ASN00023718,19001130,PRCP,0,,,a,
ASN00023718,19001201,PRCP,0,,,a,
ASN00023718,19001202,PRCP,0,,,a,
ASN00023718,19001203,PRCP,0,,,a,
ASN00023718,19001204,PRCP,15,,,a,
ASN00023718,19001205,PRCP,0,,,a,
ASN00023718,19001206,PRCP,0,,,a,
ASN00023718,19001207,PRCP,0,,,a,
ASN00023718,19001208,PRCP,0,,,a,
ASN00023718,19001209,PRCP,0,,,a,
ASN00023718,19001210,PRCP,0,,,a,
ASN00023718,19001211,PRCP,0,,,a,
ASN00023718,19001212,PRCP,0,,,a,
ASN00023718,19001213,PRCP,18,,,a,
ASN00023718,19001214,PRCP,0,,,a,
ASN00023718,19001215,PRCP,0,,,a,
ASN00023718,19001216,PRCP,0,,,a,
ASN00023718,19001217,PRCP,0,,,a,
ASN00023718,19001218,PRCP,0,,,a,
ASN00023718,19001219,PRCP,0,,,a,
ASN00023718,19001220,PRCP,0,,,a,
ASN00023718,19001221,PRCP,0,,,a,
ASN00023718,19001222,PRCP,0,,,a,
ASN00023718,19001223,PRCP,0,,,a,
ASN00023718,19001224,PRCP,0,,,a,
ASN00023718,19001225,PRCP,0,,,a,
ASN00023718,19001226,PRCP,0,,,a,
ASN00023718,19001227,PRCP,0,,,a,
ASN00023718,19001228,PRCP,0,,,a,
ASN00023718,19001229,PRCP,0,,,a,
ASN00023718,19001230,PRCP,0,,,a,
ASN00023718,19001231,PRCP,0,,,a,
ASN00023718,19010103,PRCP,0,,,a,
ASN00023718,19010104,PRCP,25,,,a,
ASN00023718,19010105,PRCP,0,,,a,
ASN00023718,19010106,PRCP,0,,,a,
ASN00023718,19010107,PRCP,0,,,a,
ASN00023718,19010108,PRCP,20,,,a,
ASN00023718,19010109,PRCP,0,,,a,
ASN00023718,19010110,PRCP,0,,,a,
ASN00023718,19010111,PRCP,0,,,a,
ASN00023718,19010112,PRCP,0,,,a,
ASN00023718,19010113,PRCP,0,,,a,
ASN00023718,19010114,PRCP,0,,,a,
ASN00023718,19010115,PRCP,25,,,a,
ASN00023718,19010116,PRCP,0,,,a,
ASN00023718,19010117,PRCP,0,,,a,
ASN00023718,19010118,PRCP,0,,,a,
ASN00023718,19010119,PRCP,0,,,a,
ASN00023718,19010120,PRCP,0,,,a,
ASN00023718,19010121,PRCP,0,,,a,
ASN00023718,19010122,PRCP,0,,,a,
ASN00023718,19010123,PRCP,0,,,a,
ASN00023718,19010124,PRCP,0,,,a,
ASN00023718,19010125,PRCP,0,,,a,
ASN00023718,19010126,PRCP,132,,,a,
ASN00023718,19010127,PRCP,0,,,a,
ASN00023718,19010128,PRCP,5,,,a,
ASN00023718,19010129,PRCP,0,,,a,
ASN00023718,19010130,PRCP,0,,,a,
ASN00023718,19010131,PRCP,0,,,a,
ASN00023718,19010102,DAPR,2,,,a,
ASN00023718,19010102,DWPR,1,,,a,
ASN00023718,19010102,MDPR,25,,,a,
ASN00023718,19010201,PRCP,0,,,a,
ASN00023718,19010202,PRCP,0,,,a,
ASN00023718,19010203,PRCP,0,,,a,
ASN00023718,19010204,PRCP,0,,,a,
ASN00023718,19010205,PRCP,0,,,a,
ASN00023718,19010206,PRCP,0,,,a,
ASN00023718,19010207,PRCP,0,,,a,
ASN00023718,19010208,PRCP,0,,,a,
ASN00023718,19010209,PRCP,0,,,a,
ASN00023718,19010210,PRCP,0,,,a,
ASN00023718,19010211,PRCP,0,,,a,
ASN00023718,19010212,PRCP,0,,,a,
ASN00023718,19010213,PRCP,0,,,a,
ASN00023718,19010214,PRCP,0,,,a,
ASN00023718,19010215,PRCP,0,,,a,
ASN00023718,19010216,PRCP,0,,,a,
ASN00023718,19010217,PRCP,0,,,a,
ASN00023718,19010218,PRCP,0,,,a,
ASN00023718,19010219,PRCP,0,,,a,
ASN00023718,19010220,PRCP,0,,,a,
ASN00023718,19010221,PRCP,0,,,a,
ASN00023718,19010222,PRCP,0,,,a,
ASN00023718,19010223,PRCP,0,,,a,
ASN00023718,19010224,PRCP,0,,,a,
ASN00023718,19010225,PRCP,0,,,a,
ASN00023718,19010226,PRCP,5,,,a,
ASN00023718,19010227,PRCP,0,,,a,
ASN00023718,19010228,PRCP,0,,,a,
ASN00023718,19010301,PRCP,0,,,a,
ASN00023718,19010302,PRCP,23,,,a,
ASN00023718,19010303,PRCP,0,,,a,
ASN00023718,19010304,PRCP,0,,,a,
ASN00023718,19010305,PRCP,3,,,a,
ASN00023718,19010306,PRCP,0,,,a,
ASN00023718,19010307,PRCP,0,,,a,
ASN00023718,19010308,PRCP,0,,,a,
ASN00023718,19010309,PRCP,0,,,a,
ASN00023718,19010310,PRCP,0,,,a,
ASN00023718,19010311,PRCP,0,,,a,
ASN00023718,19010312,PRCP,0,,,a,
ASN00023718,19010313,PRCP,0,,,a,
ASN00023718,19010314,PRCP,0,,,a,
ASN00023718,19010315,PRCP,0,,,a,
ASN00023718,19010316,PRCP,0,,,a,
ASN00023718,19010317,PRCP,0,,,a,
ASN00023718,19010318,PRCP,3,,,a,
ASN00023718,19010319,PRCP,0,,,a,
ASN00023718,19010320,PRCP,0,,,a,
ASN00023718,19010321,PRCP,0,,,a,
ASN00023718,19010322,PRCP,5,,,a,
ASN00023718,19010323,PRCP,25,,,a,
ASN00023718,19010324,PRCP,0,,,a,
ASN00023718,19010325,PRCP,5,,,a,
ASN00023718,19010326,PRCP,0,,,a,
ASN00023718,19010327,PRCP,0,,,a,
ASN00023718,19010328,PRCP,0,,,a,
ASN00023718,19010329,PRCP,0,,,a,
ASN00023718,19010330,PRCP,0,,,a,
ASN00023718,19010331,PRCP,0,,,a,
ASN00023718,19010401,PRCP,0,,,a,
ASN00023718,19010402,PRCP,64,,,a,
ASN00023718,19010403,PRCP,267,,,a,
ASN00023718,19010404,PRCP,0,,,a,
ASN00023718,19010405,PRCP,0,,,a,
ASN00023718,19010406,PRCP,0,,,a,
ASN00023718,19010407,PRCP,0,,,a,
ASN00023718,19010408,PRCP,0,,,a,
ASN00023718,19010409,PRCP,0,,,a,
ASN00023718,19010410,PRCP,0,,,a,
ASN00023718,19010411,PRCP,0,,,a,
ASN00023718,19010412,PRCP,0,,,a,
ASN00023718,19010413,PRCP,0,,,a,
ASN00023718,19010414,PRCP,0,,,a,
ASN00023718,19010415,PRCP,0,,,a,
ASN00023718,19010416,PRCP,0,,,a,
ASN00023718,19010417,PRCP,0,,,a,
ASN00023718,19010418,PRCP,0,,,a,
ASN00023718,19010419,PRCP,3,,,a,
ASN00023718,19010420,PRCP,0,,,a,
ASN00023718,19010423,PRCP,5,,,a,
ASN00023718,19010424,PRCP,0,,,a,
ASN00023718,19010425,PRCP,5,,,a,
ASN00023718,19010426,PRCP,18,,,a,
ASN00023718,19010427,PRCP,0,,,a,
ASN00023718,19010428,PRCP,0,,,a,
ASN00023718,19010429,PRCP,0,,,a,
ASN00023718,19010430,PRCP,0,,,a,
ASN00023718,19010422,DAPR,2,,,a,
ASN00023718,19010422,DWPR,1,,,a,
ASN00023718,19010422,MDPR,38,,,a,
ASN00023718,19010501,PRCP,0,,,a,
ASN00023718,19010502,PRCP,0,,,a,
ASN00023718,19010503,PRCP,0,,,a,
ASN00023718,19010504,PRCP,0,,,a,
ASN00023718,19010505,PRCP,0,,,a,
ASN00023718,19010506,PRCP,0,,,a,
ASN00023718,19010507,PRCP,0,,,a,
ASN00023718,19010508,PRCP,18,,,a,
ASN00023718,19010509,PRCP,69,,,a,
ASN00023718,19010510,PRCP,79,,,a,
ASN00023718,19010511,PRCP,0,,,a,
ASN00023718,19010512,PRCP,0,,,a,
ASN00023718,19010513,PRCP,0,,,a,
ASN00023718,19010514,PRCP,0,,,a,
ASN00023718,19010515,PRCP,0,,,a,
ASN00023718,19010516,PRCP,0,,,a,
ASN00023718,19010517,PRCP,0,,,a,
ASN00023718,19010518,PRCP,0,,,a,
ASN00023718,19010519,PRCP,0,,,a,
ASN00023718,19010520,PRCP,0,,,a,
ASN00023718,19010521,PRCP,10,,,a,
ASN00023718,19010522,PRCP,0,,,a,
ASN00023718,19010523,PRCP,0,,,a,
ASN00023718,19010524,PRCP,0,,,a,
ASN00023718,19010525,PRCP,0,,,a,
ASN00023718,19010528,PRCP,89,,,a,
ASN00023718,19010529,PRCP,10,,,a,
ASN00023718,19010530,PRCP,0,,,a,
ASN00023718,19010531,PRCP,20,,,a,
ASN00023718,19010527,DAPR,2,,,a,
ASN00023718,19010527,DWPR,1,,,a,
ASN00023718,19010527,MDPR,102,,,a,
ASN00023718,19010601,PRCP,8,,,a,
ASN00023718,19010604,PRCP,10,,,a,
ASN00023718,19010605,PRCP,43,,,a,
ASN00023718,19010606,PRCP,168,,,a,
ASN00023718,19010607,PRCP,8,,,a,
ASN00023718,19010608,PRCP,0,,,a,
ASN00023718,19010609,PRCP,0,,,a,
ASN00023718,19010610,PRCP,23,,,a,
ASN00023718,19010611,PRCP,76,,,a,
ASN00023718,19010612,PRCP,25,,,a,
ASN00023718,19010613,PRCP,51,,,a,
ASN00023718,19010614,PRCP,51,,,a,
ASN00023718,19010615,PRCP,0,,,a,
ASN00023718,19010618,PRCP,66,,,a,
ASN00023718,19010619,PRCP,64,,,a,
ASN00023718,19010620,PRCP,46,,,a,
ASN00023718,19010621,PRCP,13,,,a,
ASN00023718,19010622,PRCP,0,,,a,
ASN00023718,19010623,PRCP,0,,,a,
ASN00023718,19010624,PRCP,15,,,a,
ASN00023718,19010625,PRCP,0,,,a,
ASN00023718,19010626,PRCP,0,,,a,
ASN00023718,19010627,PRCP,0,,,a,
ASN00023718,19010628,PRCP,0,,,a,
ASN00023718,19010629,PRCP,0,,,a,
ASN00023718,19010630,PRCP,0,,,a,
ASN00023718,19010603,DAPR,2,,,a,
ASN00023718,19010617,DAPR,2,,,a,
ASN00023718,19010603,DWPR,1,,,a,
ASN00023718,19010617,DWPR,1,,,a,
ASN00023718,19010603,MDPR,46,,,a,
ASN00023718,19010617,MDPR,267,,,a,
ASN00023718,19010701,PRCP,0,,,a,
ASN00023718,19010702,PRCP,0,,,a,
ASN00023718,19010703,PRCP,0,,,a,
ASN00023718,19010704,PRCP,0,,,a,
ASN00023718,19010705,PRCP,20,,,a,
ASN00023718,19010706,PRCP,5,,,a,
ASN00023718,19010707,PRCP,0,,,a,
ASN00023718,19010708,PRCP,0,,,a,
ASN00023718,19010709,PRCP,18,,,a,
ASN00023718,19010710,PRCP,8,,,a,
ASN00023718,19010711,PRCP,13,,,a,
ASN00023718,19010712,PRCP,0,,,a,
ASN00023718,19010713,PRCP,0,,,a,
ASN00023718,19010716,PRCP,30,,,a,
ASN00023718,19010717,PRCP,13,,,a,
ASN00023718,19010718,PRCP,0,,,a,
ASN00023718,19010719,PRCP,0,,,a,
ASN00023718,19010720,PRCP,0,,,a,
ASN00023718,19010721,PRCP,0,,,a,
ASN00023718,19010722,PRCP,8,,,a,
ASN00023718,19010723,PRCP,13,,,a,
ASN00023718,19010724,PRCP,8,,,a,
ASN00023718,19010725,PRCP,30,,,a,
ASN00023718,19010726,PRCP,13,,,a,
ASN00023718,19010727,PRCP,119,,,a,
ASN00023718,19010730,PRCP,8,,,a,
ASN00023718,19010731,PRCP,0,,,a,
ASN00023718,19010715,DAPR,2,,,a,
ASN00023718,19010729,DAPR,2,,,a,
ASN00023718,19010715,DWPR,1,,,a,
ASN00023718,19010729,DWPR,1,,,a,
ASN00023718,19010715,MDPR,38,,,a,
ASN00023718,19010729,MDPR,135,,,a,
ASN00023718,19010801,PRCP,0,,,a,
ASN00023718,19010802,PRCP,0,,,a,
ASN00023718,19010803,PRCP,0,,,a,
ASN00023718,19010804,PRCP,0,,,a,
ASN00023718,19010805,PRCP,0,,,a,
ASN00023718,19010806,PRCP,38,,,a,
ASN00023718,19010807,PRCP,89,,,a,
ASN00023718,19010808,PRCP,0,,,a,
ASN00023718,19010809,PRCP,0,,,a,
ASN00023718,19010810,PRCP,0,,,a,
ASN00023718,19010811,PRCP,0,,,a,
ASN00023718,19010812,PRCP,0,,,a,
ASN00023718,19010813,PRCP,0,,,a,
ASN00023718,19010814,PRCP,0,,,a,
ASN00023718,19010815,PRCP,0,,,a,
ASN00023718,19010816,PRCP,8,,,a,
ASN00023718,19010817,PRCP,13,,,a,
ASN00023718,19010818,PRCP,0,,,a,
ASN00023718,19010819,PRCP,0,,,a,
ASN00023718,19010820,PRCP,5,,,a,
ASN00023718,19010821,PRCP,0,,,a,
ASN00023718,19010822,PRCP,0,,,a,
ASN00023718,19010823,PRCP,0,,,a,
ASN00023718,19010824,PRCP,8,,,a,
ASN00023718,19010825,PRCP,0,,,a,
ASN00023718,19010826,PRCP,13,,,a,
ASN00023718,19010827,PRCP,102,,,a,
ASN00023718,19010828,PRCP,38,,,a,
ASN00023718,19010829,PRCP,8,,,a,
ASN00023718,19010830,PRCP,0,,,a,
ASN00023718,19010831,PRCP,0,,,a,
ASN00023718,19010903,PRCP,30,,,a,
ASN00023718,19010904,PRCP,10,,,a,
ASN00023718,19010905,PRCP,5,,,a,
ASN00023718,19010906,PRCP,0,,,a,
ASN00023718,19010907,PRCP,0,,,a,
ASN00023718,19010910,PRCP,0,,,a,
ASN00023718,19010911,PRCP,0,,,a,
ASN00023718,19010912,PRCP,0,,,a,
ASN00023718,19010913,PRCP,0,,,a,
ASN00023718,19010914,PRCP,0,,,a,
ASN00023718,19010915,PRCP,0,,,a,
ASN00023718,19010916,PRCP,0,,,a,
ASN00023718,19010917,PRCP,0,,,a,
ASN00023718,19010918,PRCP,56,,,a,
ASN00023718,19010919,PRCP,38,,,a,
ASN00023718,19010920,PRCP,8,,,a,
ASN00023718,19010921,PRCP,64,,,a,
ASN00023718,19010922,PRCP,0,,,a,
ASN00023718,19010923,PRCP,20,,,a,
ASN00023718,19010924,PRCP,79,,,a,
ASN00023718,19010925,PRCP,5,,,a,
ASN00023718,19010926,PRCP,0,,,a,
ASN00023718,19010927,PRCP,0,,,a,
ASN00023718,19010928,PRCP,0,,,a,
ASN00023718,19010902,DAPR,2,,,a,
ASN00023718,19010909,DAPR,2,,,a,
ASN00023718,19010930,DAPR,2,,,a,
ASN00023718,19010902,DWPR,1,,,a,
ASN00023718,19010909,DWPR,1,,,a,
ASN00023718,19010930,DWPR,1,,,a,
ASN00023718,19010902,MDPR,30,,,a,
ASN00023718,19010909,MDPR,46,,,a,
ASN00023718,19010930,MDPR,25,,,a,
ASN00023718,19011001,PRCP,5,,,a,
ASN00023718,19011002,PRCP,0,,,a,
ASN00023718,19011003,PRCP,0,,,a,
ASN00023718,19011004,PRCP,0,,,a,
ASN00023718,19011005,PRCP,0,,,a,
ASN00023718,19011006,PRCP,0,,,a,
ASN00023718,19011007,PRCP,0,,,a,
ASN00023718,19011008,PRCP,3,,,a,
ASN00023718,19011009,PRCP,0,,,a,
ASN00023718,19011010,PRCP,0,,,a,
ASN00023718,19011011,PRCP,0,,,a,
ASN00023718,19011012,PRCP,102,,,a,
ASN00023718,19011015,PRCP,15,,,a,
ASN00023718,19011016,PRCP,3,,,a,
ASN00023718,19011017,PRCP,0,,,a,
ASN00023718,19011018,PRCP,0,,,a,
ASN00023718,19011019,PRCP,0,,,a,
ASN00023718,19011020,PRCP,0,,,a,
ASN00023718,19011021,PRCP,3,,,a,
ASN00023718,19011022,PRCP,0,,,a,
ASN00023718,19011023,PRCP,0,,,a,
ASN00023718,19011024,PRCP,0,,,a,
ASN00023718,19011025,PRCP,0,,,a,
ASN00023718,19011026,PRCP,18,,,a,
ASN00023718,19011029,PRCP,10,,,a,
ASN00023718,19011030,PRCP,0,,,a,
ASN00023718,19011031,PRCP,0,,,a,
ASN00023718,19011014,DAPR,2,,,a,
ASN00023718,19011028,DAPR,2,,,a,
ASN00023718,19011014,DWPR,1,,,a,
ASN00023718,19011028,DWPR,1,,,a,
ASN00023718,19011014,MDPR,64,,,a,
ASN00023718,19011028,MDPR,191,,,a,
ASN00023718,19011101,PRCP,0,,,a,
ASN00023718,19011102,PRCP,0,,,a,
ASN00023718,19011103,PRCP,0,,,a,
ASN00023718,19011104,PRCP,0,,,a,
ASN00023718,19011105,PRCP,0,,,a,
ASN00023718,19011106,PRCP,0,,,a,
ASN00023718,19011107,PRCP,0,,,a,
ASN00023718,19011108,PRCP,0,,,a,
ASN00023718,19011109,PRCP,0,,,a,
ASN00023718,19011110,PRCP,0,,,a,
ASN00023718,19011111,PRCP,0,,,a,
ASN00023718,19011112,PRCP,10,,,a,
ASN00023718,19011113,PRCP,51,,,a,
ASN00023718,19011114,PRCP,102,,,a,
ASN00023718,19011115,PRCP,0,,,a,
ASN00023718,19011116,PRCP,0,,,a,
ASN00023718,19011117,PRCP,0,,,a,
ASN00023718,19011118,PRCP,10,,,a,
ASN00023718,19011119,PRCP,0,,,a,
ASN00023718,19011120,PRCP,0,,,a,
ASN00023718,19011121,PRCP,5,,,a,
ASN00023718,19011122,PRCP,0,,,a,
ASN00023718,19011123,PRCP,0,,,a,
ASN00023718,19011124,PRCP,0,,,a,
ASN00023718,19011125,PRCP,0,,,a,
ASN00023718,19011126,PRCP,0,,,a,
ASN00023718,19011127,PRCP,0,,,a,
ASN00023718,19011128,PRCP,0,,,a,
ASN00023718,19011129,PRCP,0,,,a,
ASN00023718,19011130,PRCP,8,,,a,
ASN00023718,19011201,PRCP,0,,,a,
ASN00023718,19011202,PRCP,0,,,a,
ASN00023718,19011203,PRCP,0,,,a,
ASN00023718,19011204,PRCP,0,,,a,
ASN00023718,19011205,PRCP,0,,,a,
ASN00023718,19011206,PRCP,0,,,a,
ASN00023718,19011207,PRCP,0,,,a,
ASN00023718,19011208,PRCP,0,,,a,
ASN00023718,19011209,PRCP,0,,,a,
ASN00023718,19011210,PRCP,0,,,a,
ASN00023718,19011211,PRCP,0,,,a,
ASN00023718,19011212,PRCP,0,,,a,
ASN00023718,19011213,PRCP,0,,,a,
ASN00023718,19011214,PRCP,0,,,a,
ASN00023718,19011215,PRCP,0,,,a,
ASN00023718,19011216,PRCP,0,,,a,
ASN00023718,19011217,PRCP,0,,,a,
ASN00023718,19011218,PRCP,3,,,a,
ASN00023718,19011219,PRCP,0,,,a,
ASN00023718,19011220,PRCP,0,,,a,
ASN00023718,19011221,PRCP,69,,,a,
ASN00023718,19011222,PRCP,0,,,a,
ASN00023718,19011223,PRCP,0,,,a,
ASN00023718,19011224,PRCP,0,,,a,
ASN00023718,19011225,PRCP,0,,,a,
ASN00023718,19011226,PRCP,0,,,a,
ASN00023718,19011227,PRCP,0,,,a,
ASN00023718,19011228,PRCP,0,,,a,
ASN00023718,19011229,PRCP,0,,,a,
ASN00023718,19011230,PRCP,0,,,a,
ASN00023718,19011231,PRCP,38,,,a,
ASN00023718,19020101,PRCP,0,,,a,
ASN00023718,19020102,PRCP,0,,,a,
ASN00023718,19020103,PRCP,0,,,a,
ASN00023718,19020104,PRCP,5,,,a,
ASN00023718,19020105,PRCP,0,,,a,
ASN00023718,19020106,PRCP,3,,,a,
ASN00023718,19020107,PRCP,0,,,a,
ASN00023718,19020108,PRCP,0,,,a,
ASN00023718,19020109,PRCP,5,,,a,
ASN00023718,19020110,PRCP,0,,,a,
ASN00023718,19020111,PRCP,0,,,a,
ASN00023718,19020112,PRCP,0,,,a,
ASN00023718,19020113,PRCP,0,,,a,
ASN00023718,19020114,PRCP,5,,,a,
ASN00023718,19020115,PRCP,0,,,a,
ASN00023718,19020116,PRCP,0,,,a,
ASN00023718,19020117,PRCP,0,,,a,
ASN00023718,19020118,PRCP,0,,,a,
ASN00023718,19020119,PRCP,0,,,a,
ASN00023718,19020120,PRCP,0,,,a,
ASN00023718,19020121,PRCP,0,,,a,
ASN00023718,19020122,PRCP,15,,,a,
ASN00023718,19020123,PRCP,0,,,a,
ASN00023718,19020124,PRCP,0,,,a,
ASN00023718,19020125,PRCP,0,,,a,
ASN00023718,19020128,PRCP,0,,,a,
ASN00023718,19020129,PRCP,3,,,a,
ASN00023718,19020130,PRCP,0,,,a,
ASN00023718,19020131,PRCP,0,,,a,
ASN00023718,19020127,DAPR,2,,,a,
ASN00023718,19020127,DWPR,1,,,a,
ASN00023718,19020127,MDPR,41,,,a,
ASN00023718,19020201,PRCP,41,,,a,
ASN00023718,19020202,PRCP,0,,,a,
ASN00023718,19020203,PRCP,0,,,a,
ASN00023718,19020204,PRCP,0,,,a,
ASN00023718,19020205,PRCP,0,,,a,
ASN00023718,19020206,PRCP,0,,,a,
ASN00023718,19020207,PRCP,0,,,a,
ASN00023718,19020208,PRCP,0,,,a,
ASN00023718,19020209,PRCP,0,,,a,
ASN00023718,19020210,PRCP,0,,,a,
ASN00023718,19020211,PRCP,0,,,a,
ASN00023718,19020212,PRCP,20,,,a,
ASN00023718,19020213,PRCP,3,,,a,
ASN00023718,19020214,PRCP,0,,,a,
ASN00023718,19020215,PRCP,0,,,a,
ASN00023718,19020216,PRCP,0,,,a,
ASN00023718,19020217,PRCP,0,,,a,
ASN00023718,19020218,PRCP,0,,,a,
ASN00023718,19020219,PRCP,0,,,a,
ASN00023718,19020220,PRCP,0,,,a,
ASN00023718,19020221,PRCP,0,,,a,
ASN00023718,19020222,PRCP,0,,,a,
ASN00023718,19020225,PRCP,3,,,a,
ASN00023718,19020226,PRCP,0,,,a,
ASN00023718,19020227,PRCP,0,,,a,
ASN00023718,19020228,PRCP,0,,,a,
ASN00023718,19020224,DAPR,2,,,a,
ASN00023718,19020224,DWPR,1,,,a,
ASN00023718,19020224,MDPR,43,,,a,
ASN00023718,19020301,PRCP,0,,,a,
ASN00023718,19020302,PRCP,0,,,a,
ASN00023718,19020303,PRCP,0,,,a,
ASN00023718,19020304,PRCP,0,,,a,
ASN00023718,19020305,PRCP,0,,,a,
ASN00023718,19020306,PRCP,0,,,a,
ASN00023718,19020307,PRCP,0,,,a,
ASN00023718,19020308,PRCP,0,,,a,
ASN00023718,19020309,PRCP,0,,,a,
ASN00023718,19020310,PRCP,0,,,a,
ASN00023718,19020311,PRCP,0,,,a,
ASN00023718,19020312,PRCP,0,,,a,
ASN00023718,19020313,PRCP,0,,,a,
ASN00023718,19020314,PRCP,0,,,a,
ASN00023718,19020315,PRCP,0,,,a,
ASN00023718,19020316,PRCP,0,,,a,
ASN00023718,19020317,PRCP,0,,,a,
ASN00023718,19020318,PRCP,0,,,a,
ASN00023718,19020319,PRCP,0,,,a,
ASN00023718,19020320,PRCP,0,,,a,
ASN00023718,19020321,PRCP,0,,,a,
ASN00023718,19020322,PRCP,0,,,a,
ASN00023718,19020323,PRCP,0,,,a,
ASN00023718,19020324,PRCP,0,,,a,
ASN00023718,19020325,PRCP,114,,,a,
ASN00023718,19020326,PRCP,30,,,a,
ASN00023718,19020327,PRCP,107,,,a,
ASN00023718,19020330,PRCP,0,,,a,
ASN00023718,19020331,PRCP,0,,,a,
ASN00023718,19020329,DAPR,2,,,a,
ASN00023718,19020329,DWPR,1,,,a,
ASN00023718,19020329,MDPR,30,,,a,
ASN00023718,19020401,PRCP,0,,,a,
ASN00023718,19020402,PRCP,0,,,a,
ASN00023718,19020403,PRCP,0,,,a,
ASN00023718,19020404,PRCP,0,,,a,
ASN00023718,19020405,PRCP,0,,,a,
ASN00023718,19020406,PRCP,0,,,a,
ASN00023718,19020407,PRCP,0,,,a,
ASN00023718,19020408,PRCP,0,,,a,
ASN00023718,19020409,PRCP,20,,,a,
ASN00023718,19020410,PRCP,0,,,a,
ASN00023718,19020411,PRCP,0,,,a,
ASN00023718,19020412,PRCP,0,,,a,
ASN00023718,19020413,PRCP,0,,,a,
ASN00023718,19020414,PRCP,0,,,a,
ASN00023718,19020415,PRCP,0,,,a,
ASN00023718,19020416,PRCP,0,,,a,
ASN00023718,19020417,PRCP,0,,,a,
ASN00023718,19020418,PRCP,0,,,a,
ASN00023718,19020419,PRCP,0,,,a,
ASN00023718,19020420,PRCP,0,,,a,
ASN00023718,19020421,PRCP,0,,,a,
ASN00023718,19020422,PRCP,0,,,a,
ASN00023718,19020423,PRCP,0,,,a,
ASN00023718,19020424,PRCP,0,,,a,
ASN00023718,19020425,PRCP,0,,,a,
ASN00023718,19020426,PRCP,10,,,a,
ASN00023718,19020429,PRCP,15,,,a,
ASN00023718,19020430,PRCP,10,,,a,
ASN00023718,19020428,DAPR,2,,,a,
ASN00023718,19020428,DWPR,1,,,a,
ASN00023718,19020428,MDPR,46,,,a,
ASN00023718,19020501,PRCP,0,,,a,
ASN00023718,19020502,PRCP,0,,,a,
ASN00023718,19020503,PRCP,0,,,a,
ASN00023718,19020504,PRCP,0,,,a,
ASN00023718,19020505,PRCP,0,,,a,
ASN00023718,19020506,PRCP,0,,,a,
ASN00023718,19020507,PRCP,5,,,a,
ASN00023718,19020508,PRCP,46,,,a,
ASN00023718,19020509,PRCP,28,,,a,
ASN00023718,19020510,PRCP,23,,,a,
ASN00023718,19020511,PRCP,0,,,a,
ASN00023718,19020512,PRCP,15,,,a,
ASN00023718,19020513,PRCP,38,,,a,
ASN00023718,19020514,PRCP,8,,,a,
ASN00023718,19020515,PRCP,10,,,a,
ASN00023718,19020516,PRCP,15,,,a,
ASN00023718,19020517,PRCP,15,,,a,
ASN00023718,19020518,PRCP,0,,,a,
ASN00023718,19020519,PRCP,20,,,a,
ASN00023718,19020520,PRCP,0,,,a,
ASN00023718,19020521,PRCP,0,,,a,
ASN00023718,19020522,PRCP,0,,,a,
ASN00023718,19020523,PRCP,0,,,a,
ASN00023718,19020524,PRCP,0,,,a,
ASN00023718,19020525,PRCP,0,,,a,
ASN00023718,19020526,PRCP,0,,,a,
ASN00023718,19020527,PRCP,0,,,a,
ASN00023718,19020528,PRCP,0,,,a,
ASN00023718,19020529,PRCP,28,,,a,
ASN00023718,19020530,PRCP,13,,,a,
ASN00023718,19020531,PRCP,0,,,a,
ASN00023718,19020603,PRCP,0,,,a,
ASN00023718,19020604,PRCP,0,,,a,
ASN00023718,19020605,PRCP,0,,,a,
ASN00023718,19020606,PRCP,8,,,a,
ASN00023718,19020607,PRCP,15,,,a,
ASN00023718,19020608,PRCP,89,,,a,
ASN00023718,19020609,PRCP,18,,,a,
ASN00023718,19020610,PRCP,99,,,a,
ASN00023718,19020611,PRCP,18,,,a,
ASN00023718,19020612,PRCP,0,,,a,
ASN00023718,19020613,PRCP,0,,,a,
ASN00023718,19020614,PRCP,20,,,a,
ASN00023718,19020617,PRCP,30,,,a,
ASN00023718,19020618,PRCP,48,,,a,
ASN00023718,19020619,PRCP,99,,,a,
ASN00023718,19020620,PRCP,25,,,a,
ASN00023718,19020621,PRCP,56,,,a,
ASN00023718,19020622,PRCP,0,,,a,
ASN00023718,19020623,PRCP,20,,,a,
ASN00023718,19020624,PRCP,0,,,a,
ASN00023718,19020625,PRCP,0,,,a,
ASN00023718,19020626,PRCP,0,,,a,
ASN00023718,19020627,PRCP,0,,,a,
ASN00023718,19020628,PRCP,0,,,a,
ASN00023718,19020629,PRCP,0,,,a,
ASN00023718,19020630,PRCP,0,,,a,
ASN00023718,19020602,DAPR,2,,,a,
ASN00023718,19020616,DAPR,2,,,a,
ASN00023718,19020602,DWPR,1,,,a,
ASN00023718,19020616,DWPR,1,,,a,
ASN00023718,19020602,MDPR,43,,,a,
ASN00023718,19020616,MDPR,66,,,a,
ASN00023718,19020701,PRCP,0,,,a,
ASN00023718,19020702,PRCP,0,,,a,
ASN00023718,19020703,PRCP,0,,,a,
ASN00023718,19020704,PRCP,0,,,a,
ASN00023718,19020705,PRCP,0,,,a,
ASN00023718,19020706,PRCP,0,,,a,
ASN00023718,19020707,PRCP,0,,,a,
ASN00023718,19020708,PRCP,0,,,a,
ASN00023718,19020709,PRCP,0,,,a,
ASN00023718,19020710,PRCP,0,,,a,
ASN00023718,19020711,PRCP,0,,,a,
ASN00023718,19020712,PRCP,0,,,a,
ASN00023718,19020715,PRCP,0,,,a,
ASN00023718,19020716,PRCP,0,,,a,
ASN00023718,19020717,PRCP,0,,,a,
ASN00023718,19020718,PRCP,10,,,a,
ASN00023718,19020719,PRCP,71,,,a,
ASN00023718,19020720,PRCP,0,,,a,
ASN00023718,19020721,PRCP,0,,,a,
ASN00023718,19020722,PRCP,53,,,a,
ASN00023718,19020723,PRCP,43,,,a,
ASN00023718,19020724,PRCP,94,,,a,
ASN00023718,19020725,PRCP,0,,,a,
ASN00023718,19020726,PRCP,25,,,a,
ASN00023718,19020727,PRCP,0,,,a,
ASN00023718,19020728,PRCP,0,,,a,
ASN00023718,19020729,PRCP,0,,,a,
ASN00023718,19020730,PRCP,97,,,a,
ASN00023718,19020731,PRCP,8,,,a,
ASN00023718,19020714,DAPR,2,,,a,
ASN00023718,19020714,DWPR,1,,,a,
ASN00023718,19020714,MDPR,53,,,a,
ASN00023718,19020801,PRCP,0,,,a,
ASN00023718,19020802,PRCP,79,,,a,
ASN00023718,19020803,PRCP,0,,,a,
ASN00023718,19020804,PRCP,13,,,a,
ASN00023718,19020805,PRCP,13,,,a,
ASN00023718,19020806,PRCP,0,,,a,
ASN00023718,19020807,PRCP,20,,,a,
ASN00023718,19020808,PRCP,0,,,a,
ASN00023718,19020809,PRCP,0,,,a,
ASN00023718,19020810,PRCP,0,,,a,
ASN00023718,19020811,PRCP,0,,,a,
ASN00023718,19020812,PRCP,0,,,a,
ASN00023718,19020813,PRCP,0,,,a,
ASN00023718,19020814,PRCP,0,,,a,
ASN00023718,19020815,PRCP,0,,,a,
ASN00023718,19020816,PRCP,0,,,a,
ASN00023718,19020817,PRCP,0,,,a,
ASN00023718,19020818,PRCP,0,,,a,
ASN00023718,19020819,PRCP,0,,,a,
ASN00023718,19020820,PRCP,0,,,a,
ASN00023718,19020821,PRCP,0,,,a,
ASN00023718,19020822,PRCP,0,,,a,
ASN00023718,19020823,PRCP,109,,,a,
ASN00023718,19020824,PRCP,0,,,a,
ASN00023718,19020825,PRCP,13,,,a,
ASN00023718,19020826,PRCP,0,,,a,
ASN00023718,19020827,PRCP,58,,,a,
ASN00023718,19020828,PRCP,3,,,a,
ASN00023718,19020829,PRCP,28,,,a,
ASN00023718,19020830,PRCP,0,,,a,
ASN00023718,19020831,PRCP,0,,,a,
ASN00023718,19020901,PRCP,0,,,a,
ASN00023718,19020902,PRCP,10,,,a,
ASN00023718,19020903,PRCP,13,,,a,
ASN00023718,19020904,PRCP,0,,,a,
ASN00023718,19020905,PRCP,0,,,a,
ASN00023718,19020906,PRCP,0,,,a,
ASN00023718,19020907,PRCP,0,,,a,
ASN00023718,19020908,PRCP,13,,,a,
ASN00023718,19020909,PRCP,0,,,a,
ASN00023718,19020910,PRCP,0,,,a,
ASN00023718,19020911,PRCP,112,,,a,
ASN00023718,19020912,PRCP,8,,,a,
ASN00023718,19020913,PRCP,30,,,a,
ASN00023718,19020916,PRCP,28,,,a,
ASN00023718,19020917,PRCP,53,,,a,
ASN00023718,19020918,PRCP,5,,,a,
ASN00023718,19020919,PRCP,0,,,a,
ASN00023718,19020920,PRCP,0,,,a,
ASN00023718,19020921,PRCP,0,,,a,
ASN00023718,19020922,PRCP,0,,,a,
ASN00023718,19020923,PRCP,0,,,a,
ASN00023718,19020924,PRCP,0,,,a,
ASN00023718,19020925,PRCP,0,,,a,
ASN00023718,19020926,PRCP,46,,,a,
ASN00023718,19020927,PRCP,10,,,a,
ASN00023718,19020928,PRCP,0,,,a,
ASN00023718,19020929,PRCP,0,,,a,
ASN00023718,19020930,PRCP,0,,,a,
ASN00023718,19020915,DAPR,2,,,a,
ASN00023718,19020915,DWPR,1,,,a,
ASN00023718,19020915,MDPR,51,,,a,
ASN00023718,19021001,PRCP,0,,,a,
ASN00023718,19021002,PRCP,20,,,a,
ASN00023718,19021003,PRCP,18,,,a,
ASN00023718,19021004,PRCP,0,,,a,
ASN00023718,19021005,PRCP,0,,,a,
ASN00023718,19021006,PRCP,0,,,a,
ASN00023718,19021007,PRCP,8,,,a,
ASN00023718,19021008,PRCP,0,,,a,
ASN00023718,19021009,PRCP,0,,,a,
ASN00023718,19021010,PRCP,5,,,a,
ASN00023718,19021011,PRCP,71,,,a,
ASN00023718,19021012,PRCP,0,,,a,
ASN00023718,19021013,PRCP,0,,,a,
ASN00023718,19021014,PRCP,0,,,a,
ASN00023718,19021015,PRCP,0,,,a,
ASN00023718,19021016,PRCP,0,,,a,
ASN00023718,19021017,PRCP,0,,,a,
ASN00023718,19021018,PRCP,10,,,a,
ASN00023718,19021019,PRCP,0,,,a,
ASN00023718,19021020,PRCP,0,,,a,
ASN00023718,19021021,PRCP,0,,,a,
ASN00023718,19021022,PRCP,8,,,a,
ASN00023718,19021023,PRCP,0,,,a,
ASN00023718,19021024,PRCP,15,,,a,
ASN00023718,19021025,PRCP,0,,,a,
ASN00023718,19021026,PRCP,0,,,a,
ASN00023718,19021027,PRCP,0,,,a,
ASN00023718,19021028,PRCP,236,,,a,
ASN00023718,19021029,PRCP,0,,,a,
ASN00023718,19021030,PRCP,0,,,a,
ASN00023718,19021031,PRCP,0,,,a,
ASN00023718,19021101,PRCP,0,,,a,
ASN00023718,19021102,PRCP,0,,,a,
ASN00023718,19021103,PRCP,0,,,a,
ASN00023718,19021104,PRCP,0,,,a,
ASN00023718,19021105,PRCP,0,,,a,
ASN00023718,19021106,PRCP,25,,,a,
ASN00023718,19021107,PRCP,0,,,a,
ASN00023718,19021108,PRCP,0,,,a,
ASN00023718,19021109,PRCP,0,,,a,
ASN00023718,19021110,PRCP,0,,,a,
ASN00023718,19021111,PRCP,0,,,a,
ASN00023718,19021112,PRCP,0,,,a,
ASN00023718,19021113,PRCP,66,,,a,
ASN00023718,19021114,PRCP,0,,,a,
ASN00023718,19021115,PRCP,0,,,a,
ASN00023718,19021116,PRCP,0,,,a,
ASN00023718,19021117,PRCP,0,,,a,
ASN00023718,19021118,PRCP,0,,,a,
ASN00023718,19021119,PRCP,10,,,a,
ASN00023718,19021120,PRCP,0,,,a,
ASN00023718,19021121,PRCP,0,,,a,
ASN00023718,19021122,PRCP,0,,,a,
ASN00023718,19021123,PRCP,0,,,a,
ASN00023718,19021124,PRCP,0,,,a,
ASN00023718,19021125,PRCP,0,,,a,
ASN00023718,19021126,PRCP,0,,,a,
ASN00023718,19021127,PRCP,0,,,a,
ASN00023718,19021128,PRCP,0,,,a,
ASN00023718,19021129,PRCP,0,,,a,
ASN00023718,19021130,PRCP,0,,,a,
ASN00023718,19021201,PRCP,0,,,a,
ASN00023718,19021202,PRCP,0,,,a,
ASN00023718,19021203,PRCP,0,,,a,
ASN00023718,19021204,PRCP,0,,,a,
ASN00023718,19021205,PRCP,0,,,a,
ASN00023718,19021206,PRCP,135,,,a,
ASN00023718,19021207,PRCP,0,,,a,
ASN00023718,19021208,PRCP,0,,,a,
ASN00023718,19021209,PRCP,0,,,a,
ASN00023718,19021210,PRCP,28,,,a,
ASN00023718,19021211,PRCP,122,,,a,
ASN00023718,19021212,PRCP,0,,,a,
ASN00023718,19021213,PRCP,0,,,a,
ASN00023718,19021214,PRCP,0,,,a,
ASN00023718,19021215,PRCP,0,,,a,
ASN00023718,19021216,PRCP,30,,,a,
ASN00023718,19021217,PRCP,267,,,a,
ASN00023718,19021218,PRCP,0,,,a,
ASN00023718,19021219,PRCP,28,,,a,
ASN00023718,19021220,PRCP,0,,,a,
ASN00023718,19021221,PRCP,0,,,a,
ASN00023718,19021222,PRCP,0,,,a,
ASN00023718,19021223,PRCP,0,,,a,
ASN00023718,19021224,PRCP,0,,,a,
ASN00023718,19021225,PRCP,0,,,a,
ASN00023718,19021226,PRCP,0,,,a,
ASN00023718,19021227,PRCP,0,,,a,
ASN00023718,19021228,PRCP,0,,,a,
ASN00023718,19021229,PRCP,0,,,a,
ASN00023718,19021230,PRCP,0,,,a,
ASN00023718,19021231,PRCP,0,,,a,
ASN00023718,19030101,PRCP,0,,,a,
ASN00023718,19030102,PRCP,0,,,a,
ASN00023718,19030103,PRCP,0,,,a,
ASN00023718,19030104,PRCP,0,,,a,
ASN00023718,19030105,PRCP,0,,,a,
ASN00023718,19030106,PRCP,36,,,a,
ASN00023718,19030107,PRCP,0,,,a,
ASN00023718,19030108,PRCP,0,,,a,
ASN00023718,19030109,PRCP,0,,,a,
ASN00023718,19030110,PRCP,0,,,a,
ASN00023718,19030111,PRCP,0,,,a,
ASN00023718,19030112,PRCP,0,,,a,
ASN00023718,19030113,PRCP,0,,,a,
ASN00023718,19030114,PRCP,0,,,a,
ASN00023718,19030115,PRCP,0,,,a,
ASN00023718,19030116,PRCP,0,,,a,
ASN00023718,19030117,PRCP,0,,,a,
ASN00023718,19030118,PRCP,0,,,a,
ASN00023718,19030119,PRCP,0,,,a,
ASN00023718,19030120,PRCP,0,,,a,
ASN00023718,19030121,PRCP,152,,,a,
ASN00023718,19030122,PRCP,99,,,a,
ASN00023718,19030123,PRCP,0,,,a,
ASN00023718,19030124,PRCP,0,,,a,
ASN00023718,19030125,PRCP,0,,,a,
ASN00023718,19030126,PRCP,0,,,a,
ASN00023718,19030127,PRCP,0,,,a,
ASN00023718,19030128,PRCP,0,,,a,
ASN00023718,19030129,PRCP,0,,,a,
ASN00023718,19030130,PRCP,0,,,a,
ASN00023718,19030131,PRCP,0,,,a,
ASN00023718,19030201,PRCP,0,,,a,
ASN00023718,19030204,PRCP,0,,,a,
ASN00023718,19030205,PRCP,0,,,a,
ASN00023718,19030206,PRCP,0,,,a,
ASN00023718,19030207,PRCP,0,,,a,
ASN00023718,19030208,PRCP,0,,,a,
ASN00023718,19030209,PRCP,0,,,a,
ASN00023718,19030210,PRCP,0,,,a,
ASN00023718,19030211,PRCP,0,,,a,
ASN00023718,19030212,PRCP,0,,,a,
ASN00023718,19030213,PRCP,0,,,a,
ASN00023718,19030214,PRCP,119,,,a,
ASN00023718,19030215,PRCP,0,,,a,
ASN00023718,19030216,PRCP,236,,,a,
ASN00023718,19030217,PRCP,13,,,a,
ASN00023718,19030218,PRCP,0,,,a,
ASN00023718,19030219,PRCP,0,,,a,
ASN00023718,19030220,PRCP,0,,,a,
ASN00023718,19030221,PRCP,0,,,a,
ASN00023718,19030222,PRCP,0,,,a,
ASN00023718,19030223,PRCP,0,,,a,
ASN00023718,19030224,PRCP,0,,,a,
ASN00023718,19030225,PRCP,0,,,a,
ASN00023718,19030226,PRCP,0,,,a,
ASN00023718,19030227,PRCP,0,,,a,
ASN00023718,19030228,PRCP,0,,,a,
ASN00023718,19030203,DAPR,2,,,a,
ASN00023718,19030203,DWPR,1,,,a,
ASN00023718,19030203,MDPR,140,,,a,
ASN00023718,19030301,PRCP,0,,,a,
ASN00023718,19030304,PRCP,0,,,a,
ASN00023718,19030305,PRCP,0,,,a,
ASN00023718,19030306,PRCP,8,,,a,
ASN00023718,19030307,PRCP,0,,,a,
ASN00023718,19030308,PRCP,0,,,a,
ASN00023718,19030309,PRCP,295,,,a,
ASN00023718,19030310,PRCP,0,,,a,
ASN00023718,19030311,PRCP,0,,,a,
ASN00023718,19030312,PRCP,0,,,a,
ASN00023718,19030313,PRCP,0,,,a,
ASN00023718,19030314,PRCP,36,,,a,
ASN00023718,19030315,PRCP,0,,,a,
ASN00023718,19030316,PRCP,0,,,a,
ASN00023718,19030317,PRCP,0,,,a,
ASN00023718,19030318,PRCP,0,,,a,
ASN00023718,19030319,PRCP,0,,,a,
ASN00023718,19030320,PRCP,0,,,a,
ASN00023718,19030321,PRCP,0,,,a,
ASN00023718,19030322,PRCP,0,,,a,
ASN00023718,19030323,PRCP,0,,,a,
ASN00023718,19030324,PRCP,0,,,a,
ASN00023718,19030325,PRCP,0,,,a,
ASN00023718,19030326,PRCP,0,,,a,
ASN00023718,19030327,PRCP,0,,,a,
ASN00023718,19030328,PRCP,0,,,a,
ASN00023718,19030329,PRCP,0,,,a,
ASN00023718,19030330,PRCP,0,,,a,
ASN00023718,19030331,PRCP,0,,,a,
ASN00023718,19030303,DAPR,2,,,a,
ASN00023718,19030303,DWPR,1,,,a,
ASN00023718,19030303,MDPR,30,,,a,
ASN00023718,19030401,PRCP,0,,,a,
ASN00023718,19030402,PRCP,0,,,a,
ASN00023718,19030403,PRCP,0,,,a,
ASN00023718,19030404,PRCP,46,,,a,
ASN00023718,19030407,PRCP,0,,,a,
ASN00023718,19030408,PRCP,0,,,a,
ASN00023718,19030409,PRCP,0,,,a,
ASN00023718,19030410,PRCP,0,,,a,
ASN00023718,19030411,PRCP,74,,,a,
ASN00023718,19030412,PRCP,0,,,a,
ASN00023718,19030413,PRCP,13,,,a,
ASN00023718,19030414,PRCP,18,,,a,
ASN00023718,19030415,PRCP,0,,,a,
ASN00023718,19030416,PRCP,0,,,a,
ASN00023718,19030417,PRCP,20,,,a,
ASN00023718,19030418,PRCP,18,,,a,
ASN00023718,19030419,PRCP,0,,,a,
ASN00023718,19030420,PRCP,5,,,a,
ASN00023718,19030421,PRCP,0,,,a,
ASN00023718,19030422,PRCP,8,,,a,
ASN00023718,19030423,PRCP,0,,,a,
ASN00023718,19030424,PRCP,56,,,a,
ASN00023718,19030425,PRCP,46,,,a,
ASN00023718,19030428,PRCP,0,,,a,
ASN00023718,19030429,PRCP,0,,,a,
ASN00023718,19030430,PRCP,28,,,a,
ASN00023718,19030406,DAPR,2,,,a,
ASN00023718,19030427,DAPR,2,,,a,
ASN00023718,19030406,DWPR,1,,,a,
ASN00023718,19030427,DWPR,1,,,a,
ASN00023718,19030406,MDPR,41,,,a,
ASN00023718,19030427,MDPR,211,,,a,
ASN00023718,19030501,PRCP,0,,,a,
ASN00023718,19030502,PRCP,30,,,a,
ASN00023718,19030503,PRCP,0,,,a,
ASN00023718,19030504,PRCP,0,,,a,
ASN00023718,19030505,PRCP,0,,,a,
ASN00023718,19030506,PRCP,0,,,a,
ASN00023718,19030507,PRCP,0,,,a,
ASN00023718,19030508,PRCP,13,,,a,
ASN00023718,19030509,PRCP,323,,,a,
ASN00023718,19030510,PRCP,69,,,a,
ASN00023718,19030511,PRCP,0,,,a,
ASN00023718,19030512,PRCP,10,,,a,
ASN00023718,19030513,PRCP,0,,,a,
ASN00023718,19030514,PRCP,0,,,a,
ASN00023718,19030515,PRCP,0,,,a,
ASN00023718,19030516,PRCP,0,,,a,
ASN00023718,19030517,PRCP,0,,,a,
ASN00023718,19030518,PRCP,0,,,a,
ASN00023718,19030519,PRCP,0,,,a,
ASN00023718,19030520,PRCP,0,,,a,
ASN00023718,19030521,PRCP,46,,,a,
ASN00023718,19030522,PRCP,8,,,a,
ASN00023718,19030523,PRCP,0,,,a,
ASN00023718,19030524,PRCP,0,,,a,
ASN00023718,19030525,PRCP,0,,,a,
ASN00023718,19030526,PRCP,0,,,a,
ASN00023718,19030527,PRCP,20,,,a,
ASN00023718,19030528,PRCP,0,,,a,
ASN00023718,19030529,PRCP,0,,,a,
ASN00023718,19030530,PRCP,0,,,a,
ASN00023718,19030531,PRCP,0,,,a,
ASN00023718,19030601,PRCP,0,,,a,
ASN00023718,19030602,PRCP,0,,,a,
ASN00023718,19030603,PRCP,28,,,a,
ASN00023718,19030604,PRCP,28,,,a,
ASN00023718,19030605,PRCP,38,,,a,
ASN00023718,19030606,PRCP,84,,,a,
ASN00023718,19030609,PRCP,38,,,a,
ASN00023718,19030610,PRCP,0,,,a,
ASN00023718,19030611,PRCP,0,,,a,
ASN00023718,19030612,PRCP,8,,,a,
ASN00023718,19030613,PRCP,0,,,a,
ASN00023718,19030616,PRCP,30,,,a,
ASN00023718,19030617,PRCP,0,,,a,
ASN00023718,19030618,PRCP,0,,,a,
ASN00023718,19030619,PRCP,28,,,a,
ASN00023718,19030620,PRCP,13,,,a,
ASN00023718,19030621,PRCP,0,,,a,
ASN00023718,19030622,PRCP,0,,,a,
ASN00023718,19030623,PRCP,18,,,a,
ASN00023718,19030624,PRCP,0,,,a,
ASN00023718,19030625,PRCP,0,,,a,
ASN00023718,19030626,PRCP,61,,,a,
ASN00023718,19030627,PRCP,0,,,a,
ASN00023718,19030628,PRCP,0,,,a,
ASN00023718,19030629,PRCP,0,,,a,
ASN00023718,19030630,PRCP,0,,,a,
ASN00023718,19030608,DAPR,2,,,a,
ASN00023718,19030615,DAPR,2,,,a,
ASN00023718,19030608,DWPR,1,,,a,
ASN00023718,19030615,DWPR,1,,,a,
ASN00023718,19030608,MDPR,249,,,a,
ASN00023718,19030615,MDPR,38,,,a,
ASN00023718,19030701,PRCP,28,,,a,
ASN00023718,19030702,PRCP,20,,,a,
ASN00023718,19030703,PRCP,81,,,a,
ASN00023718,19030704,PRCP,84,,,a,
ASN00023718,19030705,PRCP,0,,,a,
ASN00023718,19030706,PRCP,18,,,a,
ASN00023718,19030707,PRCP,0,,,a,
ASN00023718,19030708,PRCP,0,,,a,
ASN00023718,19030709,PRCP,20,,,a,
ASN00023718,19030710,PRCP,0,,,a,
ASN00023718,19030711,PRCP,0,,,a,
ASN00023718,19030712,PRCP,0,,,a,
ASN00023718,19030713,PRCP,0,,,a,
ASN00023718,19030714,PRCP,25,,,a,
ASN00023718,19030715,PRCP,64,,,a,
ASN00023718,19030716,PRCP,0,,,a,
ASN00023718,19030717,PRCP,0,,,a,
ASN00023718,19030718,PRCP,0,,,a,
ASN00023718,19030721,PRCP,0,,,a,
ASN00023718,19030722,PRCP,0,,,a,
ASN00023718,19030723,PRCP,0,,,a,
ASN00023718,19030724,PRCP,0,,,a,
ASN00023718,19030725,PRCP,0,,,a,
ASN00023718,19030726,PRCP,0,,,a,
ASN00023718,19030727,PRCP,0,,,a,
ASN00023718,19030728,PRCP,15,,,a,
ASN00023718,19030729,PRCP,18,,,a,
ASN00023718,19030730,PRCP,25,,,a,
ASN00023718,19030731,PRCP,30,,,a,
ASN00023718,19030720,DAPR,2,,,a,
ASN00023718,19030720,DWPR,1,,,a,
ASN00023718,19030720,MDPR,69,,,a,
ASN00023718,19030801,PRCP,38,,,a,
ASN00023718,19030802,PRCP,0,,,a,
ASN00023718,19030803,PRCP,13,,,a,
ASN00023718,19030804,PRCP,0,,,a,
ASN00023718,19030805,PRCP,38,,,a,
ASN00023718,19030806,PRCP,0,,,a,
ASN00023718,19030807,PRCP,0,,,a,
ASN00023718,19030808,PRCP,0,,,a,
ASN00023718,19030809,PRCP,0,,,a,
ASN00023718,19030810,PRCP,0,,,a,
ASN00023718,19030811,PRCP,81,,,a,
ASN00023718,19030812,PRCP,13,,,a,
ASN00023718,19030813,PRCP,13,,,a,
ASN00023718,19030814,PRCP,0,,,a,
ASN00023718,19030815,PRCP,0,,,a,
ASN00023718,19030818,PRCP,36,,,a,
ASN00023718,19030819,PRCP,0,,,a,
ASN00023718,19030820,PRCP,0,,,a,
ASN00023718,19030821,PRCP,61,,,a,
ASN00023718,19030822,PRCP,0,,,a,
ASN00023718,19030823,PRCP,0,,,a,
ASN00023718,19030824,PRCP,0,,,a,
ASN00023718,19030825,PRCP,5,,,a,
ASN00023718,19030826,PRCP,8,,,a,
ASN00023718,19030827,PRCP,0,,,a,
ASN00023718,19030828,PRCP,0,,,a,
ASN00023718,19030829,PRCP,0,,,a,
ASN00023718,19030817,DAPR,2,,,a,
ASN00023718,19030831,DAPR,2,,,a,
ASN00023718,19030817,DWPR,1,,,a,
ASN00023718,19030831,DWPR,1,,,a,
ASN00023718,19030817,MDPR,56,,,a,
ASN00023718,19030831,MDPR,404,,,a,
ASN00023718,19030901,PRCP,0,,,a,
ASN00023718,19030902,PRCP,48,,,a,
ASN00023718,19030903,PRCP,0,,,a,
ASN00023718,19030904,PRCP,0,,,a,
ASN00023718,19030905,PRCP,30,,,a,
ASN00023718,19030908,PRCP,18,,,a,
ASN00023718,19030909,PRCP,0,,,a,
ASN00023718,19030910,PRCP,0,,,a,
ASN00023718,19030911,PRCP,0,,,a,
ASN00023718,19030912,PRCP,0,,,a,
ASN00023718,19030915,PRCP,0,,,a,
ASN00023718,19030916,PRCP,0,,,a,
ASN00023718,19030917,PRCP,97,,,a,
ASN00023718,19030918,PRCP,74,,,a,
ASN00023718,19030919,PRCP,25,,,a,
ASN00023718,19030920,PRCP,0,,,a,
ASN00023718,19030921,PRCP,0,,,a,
ASN00023718,19030922,PRCP,0,,,a,
ASN00023718,19030923,PRCP,30,,,a,
ASN00023718,19030924,PRCP,51,,,a,
ASN00023718,19030925,PRCP,51,,,a,
ASN00023718,19030926,PRCP,0,,,a,
ASN00023718,19030927,PRCP,0,,,a,
ASN00023718,19030928,PRCP,0,,,a,
ASN00023718,19030929,PRCP,41,,,a,
ASN00023718,19030930,PRCP,0,,,a,
ASN00023718,19030907,DAPR,2,,,a,
ASN00023718,19030914,DAPR,2,,,a,
ASN00023718,19030907,DWPR,1,,,a,
ASN00023718,19030914,DWPR,1,,,a,
ASN00023718,19030907,MDPR,46,,,a,
ASN00023718,19030914,MDPR,51,,,a,
ASN00023718,19031001,PRCP,0,,,a,
ASN00023718,19031002,PRCP,0,,,a,
ASN00023718,19031003,PRCP,0,,,a,
ASN00023718,19031004,PRCP,0,,,a,
ASN00023718,19031005,PRCP,0,,,a,
ASN00023718,19031006,PRCP,0,,,a,
ASN00023718,19031007,PRCP,0,,,a,
ASN00023718,19031008,PRCP,0,,,a,
ASN00023718,19031009,PRCP,0,,,a,
ASN00023718,19031010,PRCP,25,,,a,
ASN00023718,19031013,PRCP,0,,,a,
ASN00023718,19031014,PRCP,0,,,a,
ASN00023718,19031015,PRCP,20,,,a,
ASN00023718,19031016,PRCP,25,,,a,
ASN00023718,19031017,PRCP,0,,,a,
ASN00023718,19031018,PRCP,0,,,a,
ASN00023718,19031019,PRCP,0,,,a,
ASN00023718,19031020,PRCP,25,,,a,
ASN00023718,19031021,PRCP,0,,,a,
ASN00023718,19031022,PRCP,0,,,a,
ASN00023718,19031023,PRCP,0,,,a,
ASN00023718,19031024,PRCP,18,,,a,
ASN00023718,19031025,PRCP,0,,,a,
ASN00023718,19031026,PRCP,0,,,a,
ASN00023718,19031027,PRCP,0,,,a,
ASN00023718,19031028,PRCP,0,,,a,
ASN00023718,19031029,PRCP,0,,,a,
ASN00023718,19031030,PRCP,0,,,a,
ASN00023718,19031031,PRCP,0,,,a,
ASN00023718,19031012,DAPR,2,,,a,
ASN00023718,19031012,DWPR,1,,,a,
ASN00023718,19031012,MDPR,51,,,a,
ASN00023718,19031103,PRCP,0,,,a,
ASN00023718,19031104,PRCP,0,,,a,
ASN00023718,19031105,PRCP,0,,,a,
ASN00023718,19031106,PRCP,0,,,a,
ASN00023718,19031107,PRCP,0,,,a,
ASN00023718,19031108,PRCP,0,,,a,
ASN00023718,19031109,PRCP,0,,,a,
ASN00023718,19031110,PRCP,0,,,a,
ASN00023718,19031111,PRCP,0,,,a,
ASN00023718,19031112,PRCP,0,,,a,
ASN00023718,19031113,PRCP,0,,,a,
ASN00023718,19031114,PRCP,0,,,a,
ASN00023718,19031115,PRCP,0,,,a,
ASN00023718,19031116,PRCP,0,,,a,
ASN00023718,19031117,PRCP,0,,,a,
ASN00023718,19031118,PRCP,0,,,a,
ASN00023718,19031119,PRCP,0,,,a,
ASN00023718,19031120,PRCP,0,,,a,
ASN00023718,19031121,PRCP,0,,,a,
ASN00023718,19031122,PRCP,0,,,a,
ASN00023718,19031123,PRCP,18,,,a,
ASN00023718,19031124,PRCP,0,,,a,
ASN00023718,19031125,PRCP,0,,,a,
ASN00023718,19031126,PRCP,165,,,a,
ASN00023718,19031127,PRCP,0,,,a,
ASN00023718,19031128,PRCP,0,,,a,
ASN00023718,19031102,DAPR,2,,,a,
ASN00023718,19031130,DAPR,2,,,a,
ASN00023718,19031102,DWPR,1,,,a,
ASN00023718,19031130,DWPR,1,,,a,
ASN00023718,19031102,MDPR,216,,,a,
ASN00023718,19031130,MDPR,234,,,a,
ASN00023718,19031201,PRCP,0,,,a,
ASN00023718,19031202,PRCP,15,,,a,
ASN00023718,19031203,PRCP,0,,,a,
ASN00023718,19031204,PRCP,0,,,a,
ASN00023718,19031205,PRCP,0,,,a,
ASN00023718,19031206,PRCP,0,,,a,
ASN00023718,19031207,PRCP,0,,,a,
ASN00023718,19031208,PRCP,0,,,a,
ASN00023718,19031209,PRCP,0,,,a,
ASN00023718,19031210,PRCP,0,,,a,
ASN00023718,19031211,PRCP,69,,,a,
ASN00023718,19031212,PRCP,0,,,a,
ASN00023718,19031213,PRCP,0,,,a,
ASN00023718,19031214,PRCP,0,,,a,
ASN00023718,19031215,PRCP,18,,,a,
ASN00023718,19031216,PRCP,0,,,a,
ASN00023718,19031217,PRCP,0,,,a,
ASN00023718,19031218,PRCP,0,,,a,
ASN00023718,19031219,PRCP,18,,,a,
ASN00023718,19031220,PRCP,0,,,a,
ASN00023718,19031221,PRCP,0,,,a,
ASN00023718,19031222,PRCP,0,,,a,
ASN00023718,19031223,PRCP,0,,,a,
ASN00023718,19031224,PRCP,0,,,a,
ASN00023718,19031225,PRCP,0,,,a,
ASN00023718,19031226,PRCP,0,,,a,
ASN00023718,19031227,PRCP,0,,,a,
ASN00023718,19031228,PRCP,0,,,a,
ASN00023718,19031229,PRCP,0,,,a,
ASN00023718,19031230,PRCP,0,,,a,
ASN00023718,19031231,PRCP,0,,,a,
ASN00023718,19040101,PRCP,0,,,a,
ASN00023718,19040102,PRCP,0,,,a,
ASN00023718,19040105,PRCP,0,,,a,
ASN00023718,19040106,PRCP,0,,,a,
ASN00023718,19040107,PRCP,0,,,a,
ASN00023718,19040108,PRCP,0,,,a,
ASN00023718,19040109,PRCP,0,,,a,
ASN00023718,19040110,PRCP,0,,,a,
ASN00023718,19040111,PRCP,0,,,a,
ASN00023718,19040112,PRCP,0,,,a,
ASN00023718,19040113,PRCP,0,,,a,
ASN00023718,19040114,PRCP,0,,,a,
ASN00023718,19040115,PRCP,0,,,a,
ASN00023718,19040116,PRCP,0,,,a,
ASN00023718,19040117,PRCP,0,,,a,
ASN00023718,19040118,PRCP,0,,,a,
ASN00023718,19040119,PRCP,0,,,a,
ASN00023718,19040120,PRCP,0,,,a,
ASN00023718,19040121,PRCP,3,,,a,
ASN00023718,19040122,PRCP,36,,,a,
ASN00023718,19040123,PRCP,0,,,a,
ASN00023718,19040124,PRCP,0,,,a,
ASN00023718,19040125,PRCP,0,,,a,
ASN00023718,19040126,PRCP,130,,,a,
ASN00023718,19040127,PRCP,30,,,a,
ASN00023718,19040128,PRCP,0,,,a,
ASN00023718,19040129,PRCP,0,,,a,
ASN00023718,19040130,PRCP,0,,,a,
ASN00023718,19040131,PRCP,0,,,a,
ASN00023718,19040104,DAPR,2,,,a,
ASN00023718,19040104,DWPR,1,,,a,
ASN00023718,19040104,MDPR,335,,,a,
ASN00023718,19040201,PRCP,0,,,a,
ASN00023718,19040202,PRCP,0,,,a,
ASN00023718,19040203,PRCP,0,,,a,
ASN00023718,19040204,PRCP,0,,,a,
ASN00023718,19040205,PRCP,0,,,a,
ASN00023718,19040206,PRCP,43,,,a,
ASN00023718,19040207,PRCP,0,,,a,
ASN00023718,19040208,PRCP,0,,,a,
ASN00023718,19040209,PRCP,0,,,a,
ASN00023718,19040210,PRCP,0,,,a,
ASN00023718,19040211,PRCP,0,,,a,
ASN00023718,19040212,PRCP,0,,,a,
ASN00023718,19040213,PRCP,0,,,a,
ASN00023718,19040214,PRCP,0,,,a,
ASN00023718,19040215,PRCP,0,,,a,
ASN00023718,19040216,PRCP,0,,,a,
ASN00023718,19040217,PRCP,0,,,a,
ASN00023718,19040218,PRCP,0,,,a,
ASN00023718,19040219,PRCP,0,,,a,
ASN00023718,19040220,PRCP,0,,,a,
ASN00023718,19040221,PRCP,0,,,a,
ASN00023718,19040222,PRCP,10,,,a,
ASN00023718,19040223,PRCP,28,,,a,
ASN00023718,19040224,PRCP,0,,,a,
ASN00023718,19040225,PRCP,0,,,a,
ASN00023718,19040226,PRCP,46,,,a,
ASN00023718,19040227,PRCP,0,,,a,
ASN00023718,19040228,PRCP,0,,,a,
ASN00023718,19040229,PRCP,0,,,a,
ASN00023718,19040301,PRCP,0,,,a,
ASN00023718,19040302,PRCP,0,,,a,
ASN00023718,19040303,PRCP,0,,,a,
ASN00023718,19040304,PRCP,0,,,a,
ASN00023718,19040305,PRCP,0,,,a,
ASN00023718,19040306,PRCP,0,,,a,
ASN00023718,19040307,PRCP,0,,,a,
ASN00023718,19040308,PRCP,0,,,a,
ASN00023718,19040309,PRCP,0,,,a,
ASN00023718,19040310,PRCP,0,,,a,
ASN00023718,19040311,PRCP,0,,,a,
ASN00023718,19040312,PRCP,0,,,a,
ASN00023718,19040313,PRCP,0,,,a,
ASN00023718,19040314,PRCP,0,,,a,
ASN00023718,19040315,PRCP,18,,,a,
ASN00023718,19040316,PRCP,74,,,a,
ASN00023718,19040317,PRCP,18,,,a,
ASN00023718,19040318,PRCP,0,,,a,
ASN00023718,19040319,PRCP,0,,,a,
ASN00023718,19040320,PRCP,0,,,a,
ASN00023718,19040321,PRCP,13,,,a,
ASN00023718,19040322,PRCP,0,,,a,
ASN00023718,19040323,PRCP,5,,,a,
ASN00023718,19040324,PRCP,0,,,a,
ASN00023718,19040325,PRCP,0,,,a,
ASN00023718,19040326,PRCP,0,,,a,
ASN00023718,19040327,PRCP,0,,,a,
ASN00023718,19040328,PRCP,0,,,a,
ASN00023718,19040329,PRCP,0,,,a,
ASN00023718,19040330,PRCP,0,,,a,
ASN00023718,19040331,PRCP,0,,,a,
ASN00023718,19040401,PRCP,0,,,a,
ASN00023718,19040402,PRCP,0,,,a,
ASN00023718,19040403,PRCP,0,,,a,
ASN00023718,19040404,PRCP,0,,,a,
ASN00023718,19040405,PRCP,0,,,a,
ASN00023718,19040406,PRCP,0,,,a,
ASN00023718,19040407,PRCP,0,,,a,
ASN00023718,19040408,PRCP,0,,,a,
ASN00023718,19040409,PRCP,0,,,a,
ASN00023718,19040410,PRCP,0,,,a,
ASN00023718,19040411,PRCP,0,,,a,
ASN00023718,19040412,PRCP,0,,,a,
ASN00023718,19040413,PRCP,0,,,a,
ASN00023718,19040414,PRCP,0,,,a,
ASN00023718,19040415,PRCP,0,,,a,
ASN00023718,19040416,PRCP,0,,,a,
ASN00023718,19040419,PRCP,135,,,a,
ASN00023718,19040420,PRCP,3,,,a,
ASN00023718,19040421,PRCP,0,,,a,
ASN00023718,19040422,PRCP,13,,,a,
ASN00023718,19040423,PRCP,0,,,a,
ASN00023718,19040424,PRCP,0,,,a,
ASN00023718,19040425,PRCP,0,,,a,
ASN00023718,19040426,PRCP,0,,,a,
ASN00023718,19040427,PRCP,13,,,a,
ASN00023718,19040428,PRCP,99,,,a,
ASN00023718,19040429,PRCP,0,,,a,
ASN00023718,19040430,PRCP,0,,,a,
ASN00023718,19040418,DAPR,2,,,a,
ASN00023718,19040418,DWPR,1,,,a,
ASN00023718,19040418,MDPR,213,,,a,
ASN00023718,19040501,PRCP,0,,,a,
ASN00023718,19040502,PRCP,0,,,a,
ASN00023718,19040503,PRCP,0,,,a,
ASN00023718,19040504,PRCP,13,,,a,
ASN00023718,19040505,PRCP,0,,,a,
ASN00023718,19040506,PRCP,0,,,a,
ASN00023718,19040507,PRCP,119,,,a,
ASN00023718,19040510,PRCP,0,,,a,
ASN00023718,19040511,PRCP,0,,,a,
ASN00023718,19040512,PRCP,0,,,a,
ASN00023718,19040513,PRCP,0,,,a,
ASN00023718,19040514,PRCP,0,,,a,
ASN00023718,19040517,PRCP,0,,,a,
ASN00023718,19040518,PRCP,0,,,a,
ASN00023718,19040519,PRCP,0,,,a,
ASN00023718,19040520,PRCP,8,,,a,
ASN00023718,19040521,PRCP,33,,,a,
ASN00023718,19040524,PRCP,33,,,a,
ASN00023718,19040525,PRCP,10,,,a,
ASN00023718,19040526,PRCP,0,,,a,
ASN00023718,19040527,PRCP,0,,,a,
ASN00023718,19040528,PRCP,0,,,a,
ASN00023718,19040531,PRCP,58,,,a,
ASN00023718,19040509,DAPR,2,,,a,
ASN00023718,19040516,DAPR,2,,,a,
ASN00023718,19040523,DAPR,2,,,a,
ASN00023718,19040530,DAPR,2,,,a,
ASN00023718,19040509,DWPR,1,,,a,
ASN00023718,19040516,DWPR,1,,,a,
ASN00023718,19040523,DWPR,1,,,a,
ASN00023718,19040530,DWPR,1,,,a,
ASN00023718,19040509,MDPR,25,,,a,
ASN00023718,19040516,MDPR,71,,,a,
ASN00023718,19040523,MDPR,475,,,a,
ASN00023718,19040530,MDPR,51,,,a,
ASN00023718,19040601,PRCP,13,,,a,
ASN00023718,19040602,PRCP,23,,,a,
ASN00023718,19040603,PRCP,20,,,a,
ASN00023718,19040604,PRCP,0,,,a,
ASN00023718,19040605,PRCP,0,,,a,
ASN00023718,19040606,PRCP,0,,,a,
ASN00023718,19040607,PRCP,20,,,a,
ASN00023718,19040608,PRCP,0,,,a,
ASN00023718,19040609,PRCP,0,,,a,
ASN00023718,19040610,PRCP,0,,,a,
ASN00023718,19040611,PRCP,10,,,a,
ASN00023718,19040614,PRCP,20,,,a,
ASN00023718,19040615,PRCP,10,,,a,
ASN00023718,19040616,PRCP,0,,,a,
ASN00023718,19040617,PRCP,231,,,a,
ASN00023718,19040618,PRCP,53,,,a,
ASN00023718,19040619,PRCP,0,,,a,
ASN00023718,19040620,PRCP,20,,,a,
ASN00023718,19040621,PRCP,0,,,a,
ASN00023718,19040622,PRCP,30,,,a,
ASN00023718,19040623,PRCP,18,,,a,
ASN00023718,19040624,PRCP,23,,,a,
ASN00023718,19040625,PRCP,0,,,a,
ASN00023718,19040626,PRCP,0,,,a,
ASN00023718,19040627,PRCP,0,,,a,
ASN00023718,19040628,PRCP,0,,,a,
ASN00023718,19040629,PRCP,13,,,a,
ASN00023718,19040630,PRCP,168,,,a,
ASN00023718,19040613,DAPR,2,,,a,
ASN00023718,19040613,DWPR,1,,,a,
ASN00023718,19040613,MDPR,89,,,a,
ASN00023718,19040701,PRCP,97,,,a,
ASN00023718,19040702,PRCP,15,,,a,
ASN00023718,19040703,PRCP,0,,,a,
ASN00023718,19040704,PRCP,8,,,a,
ASN00023718,19040705,PRCP,0,,,a,
ASN00023718,19040706,PRCP,0,,,a,
ASN00023718,19040707,PRCP,0,,,a,
ASN00023718,19040708,PRCP,0,,,a,
ASN00023718,19040709,PRCP,0,,,a,
ASN00023718,19040710,PRCP,0,,,a,
ASN00023718,19040711,PRCP,0,,,a,
ASN00023718,19040712,PRCP,0,,,a,
ASN00023718,19040713,PRCP,23,,,a,
ASN00023718,19040714,PRCP,38,,,a,
ASN00023718,19040715,PRCP,58,,,a,
ASN00023718,19040716,PRCP,46,,,a,
ASN00023718,19040717,PRCP,0,,,a,
ASN00023718,19040718,PRCP,15,,,a,
ASN00023718,19040719,PRCP,0,,,a,
ASN00023718,19040720,PRCP,0,,,a,
ASN00023718,19040721,PRCP,0,,,a,
ASN00023718,19040722,PRCP,0,,,a,
ASN00023718,19040723,PRCP,8,,,a,
ASN00023718,19040726,PRCP,0,,,a,
ASN00023718,19040727,PRCP,0,,,a,
ASN00023718,19040728,PRCP,0,,,a,
ASN00023718,19040729,PRCP,18,,,a,
ASN00023718,19040730,PRCP,0,,,a,
ASN00023718,19040731,PRCP,0,,,a,
ASN00023718,19040725,DAPR,2,,,a,
ASN00023718,19040725,DWPR,1,,,a,
ASN00023718,19040725,MDPR,38,,,a,
ASN00023718,19040801,PRCP,0,,,a,
ASN00023718,19040802,PRCP,0,,,a,
ASN00023718,19040803,PRCP,0,,,a,
ASN00023718,19040804,PRCP,0,,,a,
ASN00023718,19040805,PRCP,0,,,a,
ASN00023718,19040806,PRCP,0,,,a,
ASN00023718,19040809,PRCP,33,,,a,
ASN00023718,19040810,PRCP,0,,,a,
ASN00023718,19040811,PRCP,0,,,a,
ASN00023718,19040812,PRCP,0,,,a,
ASN00023718,19040813,PRCP,28,,,a,
ASN00023718,19040814,PRCP,0,,,a,
ASN00023718,19040815,PRCP,0,,,a,
ASN00023718,19040816,PRCP,30,,,a,
ASN00023718,19040817,PRCP,3,,,a,
ASN00023718,19040818,PRCP,8,,,a,
ASN00023718,19040819,PRCP,0,,,a,
ASN00023718,19040820,PRCP,0,,,a,
ASN00023718,19040821,PRCP,0,,,a,
ASN00023718,19040822,PRCP,0,,,a,
ASN00023718,19040823,PRCP,38,,,a,
ASN00023718,19040824,PRCP,0,,,a,
ASN00023718,19040825,PRCP,0,,,a,
ASN00023718,19040826,PRCP,0,,,a,
ASN00023718,19040827,PRCP,76,,,a,
ASN00023718,19040830,PRCP,84,,,a,
ASN00023718,19040831,PRCP,58,,,a,
ASN00023718,19040808,DAPR,2,,,a,
ASN00023718,19040829,DAPR,2,,,a,
ASN00023718,19040808,DWPR,1,,,a,
ASN00023718,19040829,DWPR,1,,,a,
ASN00023718,19040808,MDPR,51,,,a,
ASN00023718,19040829,MDPR,38,,,a,
ASN00023718,19040901,PRCP,0,,,a,
ASN00023718,19040902,PRCP,0,,,a,
ASN00023718,19040903,PRCP,74,,,a,
ASN00023718,19040904,PRCP,0,,,a,
ASN00023718,19040905,PRCP,5,,,a,
ASN00023718,19040906,PRCP,5,,,a,
ASN00023718,19040907,PRCP,0,,,a,
ASN00023718,19040908,PRCP,0,,,a,
ASN00023718,19040909,PRCP,0,,,a,
ASN00023718,19040910,PRCP,0,,,a,
ASN00023718,19040913,PRCP,0,,,a,
ASN00023718,19040914,PRCP,0,,,a,
ASN00023718,19040915,PRCP,0,,,a,
ASN00023718,19040916,PRCP,0,,,a,
ASN00023718,19040917,PRCP,0,,,a,
ASN00023718,19040918,PRCP,0,,,a,
ASN00023718,19040919,PRCP,0,,,a,
ASN00023718,19040920,PRCP,20,,,a,
ASN00023718,19040921,PRCP,0,,,a,
ASN00023718,19040922,PRCP,28,,,a,
ASN00023718,19040923,PRCP,0,,,a,
ASN00023718,19040924,PRCP,0,,,a,
ASN00023718,19040925,PRCP,0,,,a,
ASN00023718,19040926,PRCP,0,,,a,
ASN00023718,19040927,PRCP,0,,,a,
ASN00023718,19040928,PRCP,5,,,a,
ASN00023718,19040929,PRCP,0,,,a,
ASN00023718,19040930,PRCP,0,,,a,
ASN00023718,19040912,DAPR,2,,,a,
ASN00023718,19040912,DWPR,1,,,a,
ASN00023718,19040912,MDPR,56,,,a,
ASN00023718,19041001,PRCP,0,,,a,
ASN00023718,19041002,PRCP,0,,,a,
ASN00023718,19041003,PRCP,0,,,a,
ASN00023718,19041004,PRCP,33,,,a,
ASN00023718,19041005,PRCP,10,,,a,
ASN00023718,19041006,PRCP,0,,,a,
ASN00023718,19041007,PRCP,0,,,a,
ASN00023718,19041008,PRCP,0,,,a,
ASN00023718,19041009,PRCP,0,,,a,
ASN00023718,19041010,PRCP,0,,,a,
ASN00023718,19041011,PRCP,0,,,a,
ASN00023718,19041012,PRCP,18,,,a,
ASN00023718,19041013,PRCP,0,,,a,
ASN00023718,19041014,PRCP,0,,,a,
ASN00023718,19041015,PRCP,0,,,a,
ASN00023718,19041016,PRCP,0,,,a,
ASN00023718,19041017,PRCP,5,,,a,
ASN00023718,19041018,PRCP,0,,,a,
ASN00023718,19041019,PRCP,104,,,a,
ASN00023718,19041020,PRCP,20,,,a,
ASN00023718,19041021,PRCP,8,,,a,
ASN00023718,19041022,PRCP,25,,,a,
ASN00023718,19041023,PRCP,0,,,a,
ASN00023718,19041024,PRCP,15,,,a,
ASN00023718,19041025,PRCP,0,,,a,
ASN00023718,19041026,PRCP,18,,,a,
ASN00023718,19041027,PRCP,0,,,a,
ASN00023718,19041028,PRCP,0,,,a,
ASN00023718,19041029,PRCP,0,,,a,
ASN00023718,19041030,PRCP,0,,,a,
ASN00023718,19041031,PRCP,0,,,a,
ASN00023718,19041101,PRCP,0,,,a,
ASN00023718,19041102,PRCP,64,,,a,
ASN00023718,19041103,PRCP,0,,,a,
ASN00023718,19041104,PRCP,28,,,a,
ASN00023718,19041105,PRCP,0,,,a,
ASN00023718,19041106,PRCP,0,,,a,
ASN00023718,19041107,PRCP,0,,,a,
ASN00023718,19041108,PRCP,0,,,a,
ASN00023718,19041109,PRCP,0,,,a,
ASN00023718,19041110,PRCP,0,,,a,
ASN00023718,19041111,PRCP,0,,,a,
ASN00023718,19041112,PRCP,0,,,a,
ASN00023718,19041113,PRCP,0,,,a,
ASN00023718,19041114,PRCP,0,,,a,
ASN00023718,19041115,PRCP,0,,,a,
ASN00023718,19041116,PRCP,0,,,a,
ASN00023718,19041117,PRCP,8,,,a,
ASN00023718,19041118,PRCP,0,,,a,
ASN00023718,19041119,PRCP,10,,,a,
ASN00023718,19041120,PRCP,0,,,a,
ASN00023718,19041121,PRCP,0,,,a,
ASN00023718,19041122,PRCP,0,,,a,
ASN00023718,19041123,PRCP,0,,,a,
ASN00023718,19041124,PRCP,0,,,a,
ASN00023718,19041125,PRCP,0,,,a,
ASN00023718,19041126,PRCP,0,,,a,
ASN00023718,19041127,PRCP,0,,,a,
ASN00023718,19041128,PRCP,0,,,a,
ASN00023718,19041129,PRCP,5,,,a,
ASN00023718,19041130,PRCP,0,,,a,
ASN00023718,19041201,PRCP,0,,,a,
ASN00023718,19041202,PRCP,0,,,a,
ASN00023718,19041203,PRCP,0,,,a,
ASN00023718,19041204,PRCP,0,,,a,
ASN00023718,19041205,PRCP,0,,,a,
ASN00023718,19041206,PRCP,0,,,a,
ASN00023718,19041207,PRCP,0,,,a,
ASN00023718,19041208,PRCP,0,,,a,
ASN00023718,19041209,PRCP,0,,,a,
ASN00023718,19041210,PRCP,0,,,a,
ASN00023718,19041211,PRCP,0,,,a,
ASN00023718,19041212,PRCP,0,,,a,
ASN00023718,19041213,PRCP,0,,,a,
ASN00023718,19041214,PRCP,0,,,a,
ASN00023718,19041215,PRCP,0,,,a,
ASN00023718,19041216,PRCP,0,,,a,
ASN00023718,19041217,PRCP,0,,,a,
ASN00023718,19041218,PRCP,0,,,a,
ASN00023718,19041219,PRCP,0,,,a,
ASN00023718,19041220,PRCP,0,,,a,
ASN00023718,19041221,PRCP,0,,,a,
ASN00023718,19041222,PRCP,0,,,a,
ASN00023718,19041223,PRCP,0,,,a,
ASN00023718,19041224,PRCP,0,,,a,
ASN00023718,19041225,PRCP,0,,,a,
ASN00023718,19041226,PRCP,0,,,a,
ASN00023718,19041227,PRCP,0,,,a,
ASN00023718,19041228,PRCP,0,,,a,
ASN00023718,19041229,PRCP,0,,,a,
ASN00023718,19041230,PRCP,0,,,a,
ASN00023718,19041231,PRCP,0,,,a,
ASN00023718,19050101,PRCP,0,,,a,
ASN00023718,19050102,PRCP,3,,,a,
ASN00023718,19050103,PRCP,224,,,a,
ASN00023718,19050104,PRCP,18,,,a,
ASN00023718,19050105,PRCP,0,,,a,
ASN00023718,19050106,PRCP,15,,,a,
ASN00023718,19050107,PRCP,0,,,a,
ASN00023718,19050108,PRCP,0,,,a,
ASN00023718,19050109,PRCP,0,,,a,
ASN00023718,19050110,PRCP,0,,,a,
ASN00023718,19050111,PRCP,0,,,a,
ASN00023718,19050112,PRCP,0,,,a,
ASN00023718,19050113,PRCP,0,,,a,
ASN00023718,19050114,PRCP,0,,,a,
ASN00023718,19050115,PRCP,0,,,a,
ASN00023718,19050116,PRCP,0,,,a,
ASN00023718,19050117,PRCP,0,,,a,
ASN00023718,19050118,PRCP,0,,,a,
ASN00023718,19050119,PRCP,0,,,a,
ASN00023718,19050120,PRCP,0,,,a,
ASN00023718,19050121,PRCP,0,,,a,
ASN00023718,19050122,PRCP,0,,,a,
ASN00023718,19050123,PRCP,0,,,a,
ASN00023718,19050124,PRCP,0,,,a,
ASN00023718,19050125,PRCP,0,,,a,
ASN00023718,19050126,PRCP,0,,,a,
ASN00023718,19050127,PRCP,0,,,a,
ASN00023718,19050128,PRCP,0,,,a,
ASN00023718,19050131,PRCP,0,,,a,
ASN00023718,19050130,DAPR,2,,,a,
ASN00023718,19050130,DWPR,1,,,a,
ASN00023718,19050130,MDPR,51,,,a,
ASN00023718,19050201,PRCP,0,,,a,
ASN00023718,19050202,PRCP,0,,,a,
ASN00023718,19050203,PRCP,0,,,a,
ASN00023718,19050204,PRCP,0,,,a,
ASN00023718,19050205,PRCP,0,,,a,
ASN00023718,19050206,PRCP,5,,,a,
ASN00023718,19050207,PRCP,0,,,a,
ASN00023718,19050208,PRCP,0,,,a,
ASN00023718,19050209,PRCP,0,,,a,
ASN00023718,19050210,PRCP,0,,,a,
ASN00023718,19050211,PRCP,0,,,a,
ASN00023718,19050212,PRCP,0,,,a,
ASN00023718,19050213,PRCP,0,,,a,
ASN00023718,19050214,PRCP,0,,,a,
ASN00023718,19050215,PRCP,0,,,a,
ASN00023718,19050216,PRCP,0,,,a,
ASN00023718,19050217,PRCP,0,,,a,
ASN00023718,19050218,PRCP,0,,,a,
ASN00023718,19050219,PRCP,0,,,a,
ASN00023718,19050220,PRCP,0,,,a,
ASN00023718,19050221,PRCP,0,,,a,
ASN00023718,19050222,PRCP,5,,,a,
ASN00023718,19050223,PRCP,13,,,a,
ASN00023718,19050224,PRCP,0,,,a,
ASN00023718,19050225,PRCP,0,,,a,
ASN00023718,19050226,PRCP,0,,,a,
ASN00023718,19050227,PRCP,0,,,a,
ASN00023718,19050228,PRCP,0,,,a,
ASN00023718,19050301,PRCP,15,,,a,
ASN00023718,19050302,PRCP,0,,,a,
ASN00023718,19050303,PRCP,208,,,a,
ASN00023718,19050304,PRCP,0,,,a,
ASN00023718,19050305,PRCP,0,,,a,
ASN00023718,19050306,PRCP,0,,,a,
ASN00023718,19050307,PRCP,8,,,a,
ASN00023718,19050308,PRCP,0,,,a,
ASN00023718,19050309,PRCP,0,,,a,
ASN00023718,19050310,PRCP,0,,,a,
ASN00023718,19050311,PRCP,0,,,a,
ASN00023718,19050312,PRCP,0,,,a,
ASN00023718,19050313,PRCP,0,,,a,
ASN00023718,19050314,PRCP,0,,,a,
ASN00023718,19050315,PRCP,0,,,a,
ASN00023718,19050316,PRCP,0,,,a,
ASN00023718,19050317,PRCP,0,,,a,
ASN00023718,19050318,PRCP,0,,,a,
ASN00023718,19050319,PRCP,0,,,a,
ASN00023718,19050320,PRCP,20,,,a,
ASN00023718,19050321,PRCP,0,,,a,
ASN00023718,19050322,PRCP,0,,,a,
ASN00023718,19050323,PRCP,0,,,a,
ASN00023718,19050324,PRCP,0,,,a,
ASN00023718,19050325,PRCP,0,,,a,
ASN00023718,19050326,PRCP,0,,,a,
ASN00023718,19050327,PRCP,0,,,a,
ASN00023718,19050328,PRCP,0,,,a,
ASN00023718,19050329,PRCP,0,,,a,
ASN00023718,19050330,PRCP,0,,,a,
ASN00023718,19050331,PRCP,0,,,a,
ASN00023718,19050401,PRCP,0,,,a,
ASN00023718,19050402,PRCP,0,,,a,
ASN00023718,19050403,PRCP,0,,,a,
ASN00023718,19050404,PRCP,89,,,a,
ASN00023718,19050405,PRCP,30,,,a,
ASN00023718,19050406,PRCP,0,,,a,
ASN00023718,19050407,PRCP,0,,,a,
ASN00023718,19050408,PRCP,15,,,a,
ASN00023718,19050409,PRCP,0,,,a,
ASN00023718,19050410,PRCP,10,,,a,
ASN00023718,19050411,PRCP,51,,,a,
ASN00023718,19050412,PRCP,33,,,a,
ASN00023718,19050413,PRCP,43,,,a,
ASN00023718,19050414,PRCP,0,,,a,
ASN00023718,19050415,PRCP,8,,,a,
ASN00023718,19050416,PRCP,0,,,a,
ASN00023718,19050417,PRCP,0,,,a,
ASN00023718,19050418,PRCP,0,,,a,
ASN00023718,19050419,PRCP,0,,,a,
ASN00023718,19050420,PRCP,0,,,a,
ASN00023718,19050421,PRCP,0,,,a,
ASN00023718,19050422,PRCP,0,,,a,
ASN00023718,19050425,PRCP,0,,,a,
ASN00023718,19050426,PRCP,0,,,a,
ASN00023718,19050427,PRCP,13,,,a,
ASN00023718,19050428,PRCP,0,,,a,
ASN00023718,19050429,PRCP,0,,,a,
ASN00023718,19050430,PRCP,0,,,a,
ASN00023718,19050424,DAPR,2,,,a,
ASN00023718,19050424,DWPR,1,,,a,
ASN00023718,19050424,MDPR,815,,,a,
ASN00023718,19050501,PRCP,0,,,a,
ASN00023718,19050502,PRCP,0,,,a,
ASN00023718,19050503,PRCP,0,,,a,
ASN00023718,19050504,PRCP,0,,,a,
ASN00023718,19050505,PRCP,0,,,a,
ASN00023718,19050506,PRCP,0,,,a,
ASN00023718,19050507,PRCP,0,,,a,
ASN00023718,19050508,PRCP,10,,,a,
ASN00023718,19050509,PRCP,102,,,a,
ASN00023718,19050510,PRCP,58,,,a,
ASN00023718,19050511,PRCP,8,,,a,
ASN00023718,19050512,PRCP,0,,,a,
ASN00023718,19050513,PRCP,0,,,a,
ASN00023718,19050514,PRCP,0,,,a,
ASN00023718,19050515,PRCP,0,,,a,
ASN00023718,19050516,PRCP,0,,,a,
ASN00023718,19050517,PRCP,0,,,a,
ASN00023718,19050518,PRCP,0,,,a,
ASN00023718,19050519,PRCP,0,,,a,
ASN00023718,19050520,PRCP,0,,,a,
ASN00023718,19050521,PRCP,0,,,a,
ASN00023718,19050522,PRCP,0,,,a,
ASN00023718,19050523,PRCP,0,,,a,
ASN00023718,19050524,PRCP,25,,,a,
ASN00023718,19050525,PRCP,0,,,a,
ASN00023718,19050526,PRCP,0,,,a,
ASN00023718,19050527,PRCP,0,,,a,
ASN00023718,19050530,PRCP,66,,,a,
ASN00023718,19050531,PRCP,23,,,a,
ASN00023718,19050529,DAPR,2,,,a,
ASN00023718,19050529,DWPR,1,,,a,
ASN00023718,19050529,MDPR,239,,,a,
ASN00023718,19050601,PRCP,178,,,a,
ASN00023718,19050602,PRCP,23,,,a,
ASN00023718,19050603,PRCP,0,,,a,
ASN00023718,19050604,PRCP,0,,,a,
ASN00023718,19050605,PRCP,0,,,a,
ASN00023718,19050606,PRCP,43,,,a,
ASN00023718,19050607,PRCP,0,,,a,
ASN00023718,19050608,PRCP,0,,,a,
ASN00023718,19050609,PRCP,0,,,a,
ASN00023718,19050610,PRCP,18,,,a,
ASN00023718,19050613,PRCP,46,,,a,
ASN00023718,19050614,PRCP,41,,,a,
ASN00023718,19050615,PRCP,23,,,a,
ASN00023718,19050616,PRCP,25,,,a,
ASN00023718,19050617,PRCP,0,,,a,
ASN00023718,19050620,PRCP,0,,,a,
ASN00023718,19050621,PRCP,0,,,a,
ASN00023718,19050622,PRCP,8,,,a,
ASN00023718,19050623,PRCP,56,,,a,
ASN00023718,19050624,PRCP,3,,,a,
ASN00023718,19050625,PRCP,0,,,a,
ASN00023718,19050626,PRCP,10,,,a,
ASN00023718,19050627,PRCP,0,,,a,
ASN00023718,19050628,PRCP,51,,,a,
ASN00023718,19050629,PRCP,155,,,a,
ASN00023718,19050630,PRCP,0,,,a,
ASN00023718,19050612,DAPR,2,,,a,
ASN00023718,19050619,DAPR,2,,,a,
ASN00023718,19050612,DWPR,1,,,a,
ASN00023718,19050619,DWPR,1,,,a,
ASN00023718,19050612,MDPR,231,,,a,
ASN00023718,19050619,MDPR,28,,,a,
ASN00023718,19050701,PRCP,13,,,a,
ASN00023718,19050704,PRCP,0,,,a,
ASN00023718,19050705,PRCP,0,,,a,
ASN00023718,19050706,PRCP,0,,,a,
ASN00023718,19050707,PRCP,0,,,a,
ASN00023718,19050708,PRCP,0,,,a,
ASN00023718,19050711,PRCP,124,,,a,
ASN00023718,19050712,PRCP,13,,,a,
ASN00023718,19050713,PRCP,10,,,a,
ASN00023718,19050714,PRCP,28,,,a,
ASN00023718,19050715,PRCP,0,,,a,
ASN00023718,19050716,PRCP,5,,,a,
ASN00023718,19050717,PRCP,0,,,a,
ASN00023718,19050718,PRCP,0,,,a,
ASN00023718,19050719,PRCP,0,,,a,
ASN00023718,19050720,PRCP,0,,,a,
ASN00023718,19050721,PRCP,0,,,a,
ASN00023718,19050722,PRCP,122,,,a,
ASN00023718,19050725,PRCP,48,,,a,
ASN00023718,19050726,PRCP,25,,,a,
ASN00023718,19050727,PRCP,18,,,a,
ASN00023718,19050728,PRCP,0,,,a,
ASN00023718,19050729,PRCP,76,,,a,
ASN00023718,19050730,PRCP,0,,,a,
ASN00023718,19050731,PRCP,33,,,a,
ASN00023718,19050703,DAPR,2,,,a,
ASN00023718,19050710,DAPR,2,,,a,
ASN00023718,19050724,DAPR,2,,,a,
ASN00023718,19050703,DWPR,1,,,a,
ASN00023718,19050710,DWPR,1,,,a,
ASN00023718,19050724,DWPR,1,,,a,
ASN00023718,19050703,MDPR,56,,,a,
ASN00023718,19050710,MDPR,142,,,a,
ASN00023718,19050724,MDPR,48,,,a,
ASN00023718,19050801,PRCP,0,,,a,
ASN00023718,19050802,PRCP,0,,,a,
ASN00023718,19050803,PRCP,0,,,a,
ASN00023718,19050804,PRCP,3,,,a,
ASN00023718,19050805,PRCP,0,,,a,
ASN00023718,19050806,PRCP,0,,,a,
ASN00023718,19050807,PRCP,20,,,a,
ASN00023718,19050808,PRCP,0,,,a,
ASN00023718,19050809,PRCP,0,,,a,
ASN00023718,19050810,PRCP,0,,,a,
ASN00023718,19050811,PRCP,8,,,a,
ASN00023718,19050812,PRCP,23,,,a,
ASN00023718,19050813,PRCP,0,,,a,
ASN00023718,19050814,PRCP,5,,,a,
ASN00023718,19050815,PRCP,0,,,a,
ASN00023718,19050816,PRCP,10,,,a,
ASN00023718,19050817,PRCP,0,,,a,
ASN00023718,19050818,PRCP,0,,,a,
ASN00023718,19050819,PRCP,0,,,a,
ASN00023718,19050820,PRCP,0,,,a,
ASN00023718,19050821,PRCP,18,,,a,
ASN00023718,19050822,PRCP,5,,,a,
ASN00023718,19050823,PRCP,0,,,a,
ASN00023718,19050824,PRCP,0,,,a,
ASN00023718,19050825,PRCP,0,,,a,
ASN00023718,19050826,PRCP,94,,,a,
ASN00023718,19050827,PRCP,0,,,a,
ASN00023718,19050828,PRCP,23,,,a,
ASN00023718,19050829,PRCP,86,,,a,
ASN00023718,19050830,PRCP,64,,,a,
ASN00023718,19050831,PRCP,5,,,a,
ASN00023718,19050901,PRCP,0,,,a,
ASN00023718,19050902,PRCP,5,,,a,
ASN00023718,19050903,PRCP,0,,,a,
ASN00023718,19050904,PRCP,0,,,a,
ASN00023718,19050905,PRCP,69,,,a,
ASN00023718,19050906,PRCP,8,,,a,
ASN00023718,19050907,PRCP,20,,,a,
ASN00023718,19050908,PRCP,20,,,a,
ASN00023718,19050909,PRCP,0,,,a,
ASN00023718,19050910,PRCP,132,,,a,
ASN00023718,19050911,PRCP,0,,,a,
ASN00023718,19050912,PRCP,8,,,a,
ASN00023718,19050913,PRCP,0,,,a,
ASN00023718,19050914,PRCP,107,,,a,
ASN00023718,19050915,PRCP,15,,,a,
ASN00023718,19050916,PRCP,13,,,a,
ASN00023718,19050919,PRCP,20,,,a,
ASN00023718,19050920,PRCP,0,,,a,
ASN00023718,19050921,PRCP,18,,,a,
ASN00023718,19050922,PRCP,10,,,a,
ASN00023718,19050923,PRCP,0,,,a,
ASN00023718,19050926,PRCP,0,,,a,
ASN00023718,19050927,PRCP,0,,,a,
ASN00023718,19050928,PRCP,8,,,a,
ASN00023718,19050929,PRCP,18,,,a,
ASN00023718,19050930,PRCP,20,,,a,
ASN00023718,19050918,DAPR,2,,,a,
ASN00023718,19050925,DAPR,2,,,a,
ASN00023718,19050918,DWPR,1,,,a,
ASN00023718,19050925,DWPR,1,,,a,
ASN00023718,19050918,MDPR,51,,,a,
ASN00023718,19050925,MDPR,53,,,a,
ASN00023718,19051001,PRCP,0,,,a,
ASN00023718,19051002,PRCP,0,,,a,
ASN00023718,19051003,PRCP,25,,,a,
ASN00023718,19051004,PRCP,0,,,a,
ASN00023718,19051005,PRCP,0,,,a,
ASN00023718,19051006,PRCP,51,,,a,
ASN00023718,19051007,PRCP,0,,,a,
ASN00023718,19051008,PRCP,0,,,a,
ASN00023718,19051009,PRCP,0,,,a,
ASN00023718,19051010,PRCP,0,,,a,
ASN00023718,19051011,PRCP,5,,,a,
ASN00023718,19051012,PRCP,13,,,a,
ASN00023718,19051013,PRCP,0,,,a,
ASN00023718,19051014,PRCP,20,,,a,
ASN00023718,19051017,PRCP,41,,,a,
ASN00023718,19051018,PRCP,0,,,a,
ASN00023718,19051019,PRCP,0,,,a,
ASN00023718,19051020,PRCP,0,,,a,
ASN00023718,19051021,PRCP,0,,,a,
ASN00023718,19051022,PRCP,0,,,a,
ASN00023718,19051023,PRCP,10,,,a,
ASN00023718,19051024,PRCP,0,,,a,
ASN00023718,19051025,PRCP,0,,,a,
ASN00023718,19051026,PRCP,107,,,a,
ASN00023718,19051027,PRCP,48,,,a,
ASN00023718,19051028,PRCP,48,,,a,
ASN00023718,19051031,PRCP,13,,,a,
ASN00023718,19051016,DAPR,2,,,a,
ASN00023718,19051030,DAPR,2,,,a,
ASN00023718,19051016,DWPR,1,,,a,
ASN00023718,19051030,DWPR,1,,,a,
ASN00023718,19051016,MDPR,109,,,a,
ASN00023718,19051030,MDPR,71,,,a,
ASN00023718,19051101,PRCP,0,,,a,
ASN00023718,19051102,PRCP,0,,,a,
ASN00023718,19051103,PRCP,0,,,a,
ASN00023718,19051104,PRCP,33,,,a,
ASN00023718,19051105,PRCP,0,,,a,
ASN00023718,19051106,PRCP,0,,,a,
ASN00023718,19051107,PRCP,0,,,a,
ASN00023718,19051108,PRCP,0,,,a,
ASN00023718,19051109,PRCP,0,,,a,
ASN00023718,19051110,PRCP,0,,,a,
ASN00023718,19051111,PRCP,0,,,a,
ASN00023718,19051114,PRCP,0,,,a,
ASN00023718,19051115,PRCP,0,,,a,
ASN00023718,19051116,PRCP,0,,,a,
ASN00023718,19051117,PRCP,0,,,a,
ASN00023718,19051118,PRCP,0,,,a,
ASN00023718,19051119,PRCP,0,,,a,
ASN00023718,19051120,PRCP,0,,,a,
ASN00023718,19051121,PRCP,0,,,a,
ASN00023718,19051122,PRCP,0,,,a,
ASN00023718,19051123,PRCP,0,,,a,
ASN00023718,19051124,PRCP,0,,,a,
ASN00023718,19051125,PRCP,0,,,a,
ASN00023718,19051126,PRCP,0,,,a,
ASN00023718,19051127,PRCP,0,,,a,
ASN00023718,19051128,PRCP,0,,,a,
ASN00023718,19051129,PRCP,0,,,a,
ASN00023718,19051130,PRCP,0,,,a,
ASN00023718,19051113,DAPR,2,,,a,
ASN00023718,19051113,DWPR,1,,,a,
ASN00023718,19051113,MDPR,28,,,a,
ASN00023718,19051201,PRCP,0,,,a,
ASN00023718,19051202,PRCP,0,,,a,
ASN00023718,19051203,PRCP,0,,,a,
ASN00023718,19051204,PRCP,0,,,a,
ASN00023718,19051205,PRCP,0,,,a,
ASN00023718,19051206,PRCP,0,,,a,
ASN00023718,19051207,PRCP,0,,,a,
ASN00023718,19051208,PRCP,0,,,a,
ASN00023718,19051209,PRCP,0,,,a,
ASN00023718,19051210,PRCP,0,,,a,
ASN00023718,19051211,PRCP,5,,,a,
ASN00023718,19051212,PRCP,0,,,a,
ASN00023718,19051213,PRCP,0,,,a,
ASN00023718,19051214,PRCP,0,,,a,
ASN00023718,19051215,PRCP,0,,,a,
ASN00023718,19051216,PRCP,0,,,a,
ASN00023718,19051217,PRCP,0,,,a,
ASN00023718,19051218,PRCP,0,,,a,
ASN00023718,19051219,PRCP,0,,,a,
ASN00023718,19051220,PRCP,0,,,a,
ASN00023718,19051221,PRCP,0,,,a,
ASN00023718,19051222,PRCP,0,,,a,
ASN00023718,19051223,PRCP,0,,,a,
ASN00023718,19051224,PRCP,0,,,a,
ASN00023718,19051225,PRCP,0,,,a,
ASN00023718,19051226,PRCP,0,,,a,
ASN00023718,19051227,PRCP,0,,,a,
ASN00023718,19051228,PRCP,0,,,a,
ASN00023718,19051229,PRCP,0,,,a,
ASN00023718,19051230,PRCP,0,,,a,
ASN00023718,19051231,PRCP,0,,,a,
ASN00023718,19060101,PRCP,0,,,a,
ASN00023718,19060102,PRCP,0,,,a,
ASN00023718,19060103,PRCP,0,,,a,
ASN00023718,19060104,PRCP,0,,,a,
ASN00023718,19060105,PRCP,0,,,a,
ASN00023718,19060106,PRCP,0,,,a,
ASN00023718,19060107,PRCP,8,,,a,
ASN00023718,19060108,PRCP,0,,,a,
ASN00023718,19060109,PRCP,0,,,a,
ASN00023718,19060110,PRCP,0,,,a,
ASN00023718,19060111,PRCP,0,,,a,
ASN00023718,19060112,PRCP,0,,,a,
ASN00023718,19060113,PRCP,0,,,a,
ASN00023718,19060114,PRCP,0,,,a,
ASN00023718,19060115,PRCP,0,,,a,
ASN00023718,19060116,PRCP,0,,,a,
ASN00023718,19060117,PRCP,0,,,a,
ASN00023718,19060118,PRCP,0,,,a,
ASN00023718,19060119,PRCP,0,,,a,
ASN00023718,19060120,PRCP,0,,,a,
ASN00023718,19060121,PRCP,0,,,a,
ASN00023718,19060122,PRCP,0,,,a,
ASN00023718,19060123,PRCP,0,,,a,
ASN00023718,19060124,PRCP,0,,,a,
ASN00023718,19060125,PRCP,0,,,a,
ASN00023718,19060126,PRCP,0,,,a,
ASN00023718,19060127,PRCP,0,,,a,
ASN00023718,19060128,PRCP,0,,,a,
ASN00023718,19060129,PRCP,0,,,a,
ASN00023718,19060130,PRCP,0,,,a,
ASN00023718,19060131,PRCP,0,,,a,
ASN00023718,19060201,PRCP,0,,,a,
ASN00023718,19060202,PRCP,0,,,a,
ASN00023718,19060203,PRCP,0,,,a,
ASN00023718,19060204,PRCP,0,,,a,
ASN00023718,19060205,PRCP,0,,,a,
ASN00023718,19060206,PRCP,0,,,a,
ASN00023718,19060207,PRCP,0,,,a,
ASN00023718,19060208,PRCP,0,,,a,
ASN00023718,19060209,PRCP,0,,,a,
ASN00023718,19060210,PRCP,0,,,a,
ASN00023718,19060211,PRCP,0,,,a,
ASN00023718,19060212,PRCP,0,,,a,
ASN00023718,19060213,PRCP,0,,,a,
ASN00023718,19060214,PRCP,0,,,a,
ASN00023718,19060215,PRCP,0,,,a,
ASN00023718,19060216,PRCP,0,,,a,
ASN00023718,19060217,PRCP,0,,,a,
ASN00023718,19060218,PRCP,38,,,a,
ASN00023718,19060219,PRCP,0,,,a,
ASN00023718,19060220,PRCP,0,,,a,
ASN00023718,19060221,PRCP,0,,,a,
ASN00023718,19060222,PRCP,8,,,a,
ASN00023718,19060223,PRCP,0,,,a,
ASN00023718,19060224,PRCP,0,,,a,
ASN00023718,19060225,PRCP,0,,,a,
ASN00023718,19060226,PRCP,0,,,a,
ASN00023718,19060227,PRCP,0,,,a,
ASN00023718,19060228,PRCP,0,,,a,
ASN00023718,19060301,PRCP,137,,,a,
ASN00023718,19060302,PRCP,0,,,a,
ASN00023718,19060303,PRCP,3,,,a,
ASN00023718,19060304,PRCP,0,,,a,
ASN00023718,19060305,PRCP,0,,,a,
ASN00023718,19060306,PRCP,0,,,a,
ASN00023718,19060307,PRCP,0,,,a,
ASN00023718,19060308,PRCP,0,,,a,
ASN00023718,19060309,PRCP,0,,,a,
ASN00023718,19060310,PRCP,0,,,a,
ASN00023718,19060311,PRCP,25,,,a,
ASN00023718,19060312,PRCP,0,,,a,
ASN00023718,19060313,PRCP,0,,,a,
ASN00023718,19060314,PRCP,20,,,a,
ASN00023718,19060315,PRCP,0,,,a,
ASN00023718,19060316,PRCP,0,,,a,
ASN00023718,19060317,PRCP,0,,,a,
ASN00023718,19060318,PRCP,0,,,a,
ASN00023718,19060319,PRCP,0,,,a,
ASN00023718,19060320,PRCP,5,,,a,
ASN00023718,19060321,PRCP,10,,,a,
ASN00023718,19060322,PRCP,0,,,a,
ASN00023718,19060323,PRCP,0,,,a,
ASN00023718,19060324,PRCP,279,,,a,
ASN00023718,19060325,PRCP,653,,,a,
ASN00023718,19060326,PRCP,20,,,a,
ASN00023718,19060327,PRCP,5,,,a,
ASN00023718,19060328,PRCP,0,,,a,
ASN00023718,19060329,PRCP,0,,,a,
ASN00023718,19060330,PRCP,0,,,a,
ASN00023718,19060331,PRCP,0,,,a,
ASN00023718,19060401,PRCP,0,,,a,
ASN00023718,19060402,PRCP,0,,,a,
ASN00023718,19060403,PRCP,8,,,a,
ASN00023718,19060404,PRCP,0,,,a,
ASN00023718,19060405,PRCP,0,,,a,
ASN00023718,19060406,PRCP,0,,,a,
ASN00023718,19060407,PRCP,0,,,a,
ASN00023718,19060408,PRCP,0,,,a,
ASN00023718,19060409,PRCP,0,,,a,
ASN00023718,19060410,PRCP,0,,,a,
ASN00023718,19060411,PRCP,0,,,a,
ASN00023718,19060412,PRCP,0,,,a,
ASN00023718,19060413,PRCP,0,,,a,
ASN00023718,19060414,PRCP,0,,,a,
ASN00023718,19060415,PRCP,0,,,a,
ASN00023718,19060416,PRCP,0,,,a,
ASN00023718,19060417,PRCP,0,,,a,
ASN00023718,19060418,PRCP,0,,,a,
ASN00023718,19060419,PRCP,0,,,a,
ASN00023718,19060420,PRCP,0,,,a,
ASN00023718,19060421,PRCP,0,,,a,
ASN00023718,19060422,PRCP,10,,,a,
ASN00023718,19060423,PRCP,0,,,a,
ASN00023718,19060424,PRCP,8,,,a,
ASN00023718,19060425,PRCP,0,,,a,
ASN00023718,19060426,PRCP,0,,,a,
ASN00023718,19060427,PRCP,0,,,a,
ASN00023718,19060428,PRCP,8,,,a,
ASN00023718,19060429,PRCP,0,,,a,
ASN00023718,19060430,PRCP,0,,,a,
ASN00023718,19060501,PRCP,0,,,a,
ASN00023718,19060502,PRCP,0,,,a,
ASN00023718,19060503,PRCP,0,,,a,
ASN00023718,19060504,PRCP,0,,,a,
ASN00023718,19060505,PRCP,0,,,a,
ASN00023718,19060506,PRCP,0,,,a,
ASN00023718,19060507,PRCP,0,,,a,
ASN00023718,19060508,PRCP,0,,,a,
ASN00023718,19060509,PRCP,0,,,a,
ASN00023718,19060510,PRCP,0,,,a,
ASN00023718,19060511,PRCP,0,,,a,
ASN00023718,19060512,PRCP,3,,,a,
ASN00023718,19060513,PRCP,0,,,a,
ASN00023718,19060514,PRCP,8,,,a,
ASN00023718,19060515,PRCP,0,,,a,
ASN00023718,19060516,PRCP,0,,,a,
ASN00023718,19060517,PRCP,0,,,a,
ASN00023718,19060518,PRCP,0,,,a,
ASN00023718,19060519,PRCP,13,,,a,
ASN00023718,19060520,PRCP,0,,,a,
ASN00023718,19060521,PRCP,0,,,a,
ASN00023718,19060522,PRCP,0,,,a,
ASN00023718,19060523,PRCP,0,,,a,
ASN00023718,19060524,PRCP,0,,,a,
ASN00023718,19060525,PRCP,0,,,a,
ASN00023718,19060526,PRCP,0,,,a,
ASN00023718,19060529,PRCP,0,,,a,
ASN00023718,19060530,PRCP,0,,,a,
ASN00023718,19060531,PRCP,8,,,a,
ASN00023718,19060528,DAPR,2,,,a,
ASN00023718,19060528,DWPR,1,,,a,
ASN00023718,19060528,MDPR,36,,,a,
ASN00023718,19060601,PRCP,0,,,a,
ASN00023718,19060602,PRCP,0,,,a,
ASN00023718,19060603,PRCP,152,,,a,
ASN00023718,19060604,PRCP,112,,,a,
ASN00023718,19060605,PRCP,13,,,a,
ASN00023718,19060606,PRCP,175,,,a,
ASN00023718,19060607,PRCP,76,,,a,
ASN00023718,19060608,PRCP,5,,,a,
ASN00023718,19060609,PRCP,0,,,a,
ASN00023718,19060610,PRCP,0,,,a,
ASN00023718,19060611,PRCP,0,,,a,
ASN00023718,19060612,PRCP,0,,,a,
ASN00023718,19060613,PRCP,0,,,a,
ASN00023718,19060614,PRCP,0,,,a,
ASN00023718,19060615,PRCP,0,,,a,
ASN00023718,19060616,PRCP,56,,,a,
ASN00023718,19060617,PRCP,81,,,a,
ASN00023718,19060618,PRCP,5,,,a,
ASN00023718,19060619,PRCP,0,,,a,
ASN00023718,19060620,PRCP,0,,,a,
ASN00023718,19060621,PRCP,0,,,a,
ASN00023718,19060622,PRCP,81,,,a,
ASN00023718,19060623,PRCP,30,,,a,
ASN00023718,19060624,PRCP,0,,,a,
ASN00023718,19060625,PRCP,0,,,a,
ASN00023718,19060626,PRCP,81,,,a,
ASN00023718,19060627,PRCP,0,,,a,
ASN00023718,19060628,PRCP,84,,,a,
ASN00023718,19060629,PRCP,8,,,a,
ASN00023718,19060630,PRCP,8,,,a,
ASN00023718,19060703,PRCP,36,,,a,
ASN00023718,19060704,PRCP,0,,,a,
ASN00023718,19060705,PRCP,0,,,a,
ASN00023718,19060706,PRCP,0,,,a,
ASN00023718,19060707,PRCP,0,,,a,
ASN00023718,19060708,PRCP,0,,,a,
ASN00023718,19060709,PRCP,0,,,a,
ASN00023718,19060710,PRCP,0,,,a,
ASN00023718,19060711,PRCP,0,,,a,
ASN00023718,19060712,PRCP,0,,,a,
ASN00023718,19060713,PRCP,13,,,a,
ASN00023718,19060714,PRCP,18,,,a,
ASN00023718,19060717,PRCP,310,,,a,
ASN00023718,19060718,PRCP,51,,,a,
ASN00023718,19060719,PRCP,5,,,a,
ASN00023718,19060720,PRCP,46,,,a,
ASN00023718,19060721,PRCP,231,,,a,
ASN00023718,19060722,PRCP,130,,,a,
ASN00023718,19060723,PRCP,23,,,a,
ASN00023718,19060724,PRCP,41,,,a,
ASN00023718,19060725,PRCP,0,,,a,
ASN00023718,19060726,PRCP,0,,,a,
ASN00023718,19060727,PRCP,86,,,a,
ASN00023718,19060728,PRCP,25,,,a,
ASN00023718,19060729,PRCP,114,,,a,
ASN00023718,19060730,PRCP,104,,,a,
ASN00023718,19060731,PRCP,104,,,a,
ASN00023718,19060702,DAPR,2,,,a,
ASN00023718,19060716,DAPR,2,,,a,
ASN00023718,19060702,DWPR,1,,,a,
ASN00023718,19060716,DWPR,1,,,a,
ASN00023718,19060702,MDPR,71,,,a,
ASN00023718,19060716,MDPR,117,,,a,
ASN00023718,19060801,PRCP,48,,,a,
ASN00023718,19060802,PRCP,5,,,a,
ASN00023718,19060803,PRCP,0,,,a,
ASN00023718,19060804,PRCP,0,,,a,
ASN00023718,19060805,PRCP,0,,,a,
ASN00023718,19060806,PRCP,0,,,a,
ASN00023718,19060807,PRCP,8,,,a,
ASN00023718,19060808,PRCP,81,,,a,
ASN00023718,19060809,PRCP,36,,,a,
ASN00023718,19060810,PRCP,13,,,a,
ASN00023718,19060811,PRCP,10,,,a,
ASN00023718,19060812,PRCP,0,,,a,
ASN00023718,19060813,PRCP,0,,,a,
ASN00023718,19060814,PRCP,0,,,a,
ASN00023718,19060815,PRCP,0,,,a,
ASN00023718,19060816,PRCP,0,,,a,
ASN00023718,19060817,PRCP,102,,,a,
ASN00023718,19060818,PRCP,5,,,a,
ASN00023718,19060819,PRCP,0,,,a,
ASN00023718,19060820,PRCP,13,,,a,
ASN00023718,19060821,PRCP,0,,,a,
ASN00023718,19060822,PRCP,0,,,a,
ASN00023718,19060823,PRCP,20,,,a,
ASN00023718,19060824,PRCP,33,,,a,
ASN00023718,19060825,PRCP,61,,,a,
ASN00023718,19060828,PRCP,69,,,a,
ASN00023718,19060829,PRCP,56,,,a,
ASN00023718,19060830,PRCP,0,,,a,
ASN00023718,19060831,PRCP,0,,,a,
ASN00023718,19060827,DAPR,2,,,a,
ASN00023718,19060827,DWPR,1,,,a,
ASN00023718,19060827,MDPR,117,,,a,
ASN00023718,19060901,PRCP,99,,,a,
ASN00023718,19060902,PRCP,94,,,a,
ASN00023718,19060903,PRCP,0,,,a,
ASN00023718,19060904,PRCP,0,,,a,
ASN00023718,19060905,PRCP,0,,,a,
ASN00023718,19060906,PRCP,28,,,a,
ASN00023718,19060907,PRCP,10,,,a,
ASN00023718,19060908,PRCP,8,,,a,
ASN00023718,19060909,PRCP,94,,,a,
ASN00023718,19060910,PRCP,18,,,a,
ASN00023718,19060911,PRCP,8,,,a,
ASN00023718,19060912,PRCP,58,,,a,
ASN00023718,19060913,PRCP,33,,,a,
ASN00023718,19060914,PRCP,0,,,a,
ASN00023718,19060915,PRCP,0,,,a,
ASN00023718,19060916,PRCP,0,,,a,
ASN00023718,19060917,PRCP,0,,,a,
ASN00023718,19060918,PRCP,36,,,a,
ASN00023718,19060919,PRCP,8,,,a,
ASN00023718,19060920,PRCP,0,,,a,
ASN00023718,19060921,PRCP,0,,,a,
ASN00023718,19060922,PRCP,18,,,a,
ASN00023718,19060923,PRCP,0,,,a,
ASN00023718,19060924,PRCP,0,,,a,
ASN00023718,19060925,PRCP,0,,,a,
ASN00023718,19060926,PRCP,0,,,a,
ASN00023718,19060927,PRCP,353,,,a,
ASN00023718,19060928,PRCP,43,,,a,
ASN00023718,19060929,PRCP,0,,,a,
ASN00023718,19060930,PRCP,0,,,a,
ASN00023718,19061001,PRCP,0,,,a,
ASN00023718,19061002,PRCP,0,,,a,
ASN00023718,19061003,PRCP,5,,,a,
ASN00023718,19061004,PRCP,122,,,a,
ASN00023718,19061005,PRCP,10,,,a,
ASN00023718,19061006,PRCP,0,,,a,
ASN00023718,19061007,PRCP,0,,,a,
ASN00023718,19061008,PRCP,5,,,a,
ASN00023718,19061009,PRCP,0,,,a,
ASN00023718,19061010,PRCP,0,,,a,
ASN00023718,19061011,PRCP,0,,,a,
ASN00023718,19061012,PRCP,56,,,a,
ASN00023718,19061013,PRCP,8,,,a,
ASN00023718,19061014,PRCP,0,,,a,
ASN00023718,19061015,PRCP,0,,,a,
ASN00023718,19061016,PRCP,0,,,a,
ASN00023718,19061017,PRCP,0,,,a,
ASN00023718,19061018,PRCP,0,,,a,
ASN00023718,19061019,PRCP,0,,,a,
ASN00023718,19061020,PRCP,0,,,a,
ASN00023718,19061021,PRCP,0,,,a,
ASN00023718,19061022,PRCP,0,,,a,
ASN00023718,19061023,PRCP,0,,,a,
ASN00023718,19061024,PRCP,13,,,a,
ASN00023718,19061025,PRCP,0,,,a,
ASN00023718,19061026,PRCP,0,,,a,
ASN00023718,19061027,PRCP,0,,,a,
ASN00023718,19061030,PRCP,0,,,a,
ASN00023718,19061031,PRCP,0,,,a,
ASN00023718,19061029,DAPR,2,,,a,
ASN00023718,19061029,DWPR,1,,,a,
ASN00023718,19061029,MDPR,25,,,a,
ASN00023718,19061101,PRCP,0,,,a,
ASN00023718,19061102,PRCP,0,,,a,
ASN00023718,19061103,PRCP,0,,,a,
ASN00023718,19061104,PRCP,36,,,a,
ASN00023718,19061105,PRCP,0,,,a,
ASN00023718,19061106,PRCP,0,,,a,
ASN00023718,19061107,PRCP,0,,,a,
ASN00023718,19061108,PRCP,0,,,a,
ASN00023718,19061109,PRCP,0,,,a,
ASN00023718,19061110,PRCP,0,,,a,
ASN00023718,19061111,PRCP,0,,,a,
ASN00023718,19061112,PRCP,10,,,a,
ASN00023718,19061113,PRCP,53,,,a,
ASN00023718,19061114,PRCP,5,,,a,
ASN00023718,19061115,PRCP,0,,,a,
ASN00023718,19061116,PRCP,0,,,a,
ASN00023718,19061117,PRCP,0,,,a,
ASN00023718,19061120,PRCP,0,,,a,
ASN00023718,19061121,PRCP,0,,,a,
ASN00023718,19061122,PRCP,71,,,a,
ASN00023718,19061123,PRCP,10,,,a,
ASN00023718,19061124,PRCP,0,,,a,
ASN00023718,19061125,PRCP,0,,,a,
ASN00023718,19061126,PRCP,3,,,a,
ASN00023718,19061127,PRCP,36,,,a,
ASN00023718,19061128,PRCP,46,,,a,
ASN00023718,19061129,PRCP,0,,,a,
ASN00023718,19061130,PRCP,0,,,a,
ASN00023718,19061119,DAPR,2,,,a,
ASN00023718,19061119,DWPR,1,,,a,
ASN00023718,19061119,MDPR,688,,,a,
ASN00023718,19061201,PRCP,0,,,a,
ASN00023718,19061202,PRCP,0,,,a,
ASN00023718,19061203,PRCP,10,,,a,
ASN00023718,19061204,PRCP,0,,,a,
ASN00023718,19061205,PRCP,0,,,a,
ASN00023718,19061206,PRCP,0,,,a,
ASN00023718,19061207,PRCP,0,,,a,
ASN00023718,19061208,PRCP,0,,,a,
ASN00023718,19061209,PRCP,0,,,a,
ASN00023718,19061210,PRCP,0,,,a,
ASN00023718,19061211,PRCP,0,,,a,
ASN00023718,19061212,PRCP,0,,,a,
ASN00023718,19061213,PRCP,0,,,a,
ASN00023718,19061214,PRCP,0,,,a,
ASN00023718,19061215,PRCP,66,,,a,
ASN00023718,19061218,PRCP,25,,,a,
ASN00023718,19061219,PRCP,0,,,a,
ASN00023718,19061220,PRCP,0,,,a,
ASN00023718,19061221,PRCP,0,,,a,
ASN00023718,19061222,PRCP,0,,,a,
ASN00023718,19061223,PRCP,0,,,a,
ASN00023718,19061224,PRCP,0,,,a,
ASN00023718,19061225,PRCP,0,,,a,
ASN00023718,19061226,PRCP,0,,,a,
ASN00023718,19061227,PRCP,0,,,a,
ASN00023718,19061228,PRCP,0,,,a,
ASN00023718,19061229,PRCP,0,,,a,
ASN00023718,19061230,PRCP,0,,,a,
ASN00023718,19061231,PRCP,0,,,a,
ASN00023718,19061217,DAPR,2,,,a,
ASN00023718,19061217,DWPR,1,,,a,
ASN00023718,19061217,MDPR,124,,,a,
ASN00023718,19070101,PRCP,0,,,a,
ASN00023718,19070102,PRCP,0,,,a,
ASN00023718,19070103,PRCP,0,,,a,
ASN00023718,19070104,PRCP,0,,,a,
ASN00023718,19070105,PRCP,0,,,a,
ASN00023718,19070106,PRCP,0,,,a,
ASN00023718,19070107,PRCP,0,,,a,
ASN00023718,19070108,PRCP,0,,,a,
ASN00023718,19070109,PRCP,0,,,a,
ASN00023718,19070110,PRCP,0,,,a,
ASN00023718,19070111,PRCP,0,,,a,
ASN00023718,19070112,PRCP,0,,,a,
ASN00023718,19070113,PRCP,0,,,a,
ASN00023718,19070114,PRCP,0,,,a,
ASN00023718,19070115,PRCP,0,,,a,
ASN00023718,19070116,PRCP,0,,,a,
ASN00023718,19070117,PRCP,0,,,a,
ASN00023718,19070118,PRCP,0,,,a,
ASN00023718,19070119,PRCP,0,,,a,
ASN00023718,19070120,PRCP,0,,,a,
ASN00023718,19070121,PRCP,0,,,a,
ASN00023718,19070122,PRCP,8,,,a,
ASN00023718,19070123,PRCP,0,,,a,
ASN00023718,19070124,PRCP,0,,,a,
ASN00023718,19070125,PRCP,0,,,a,
ASN00023718,19070126,PRCP,0,,,a,
ASN00023718,19070127,PRCP,0,,,a,
ASN00023718,19070128,PRCP,0,,,a,
ASN00023718,19070129,PRCP,0,,,a,
ASN00023718,19070130,PRCP,25,,,a,
ASN00023718,19070131,PRCP,0,,,a,
ASN00023718,19070201,PRCP,0,,,a,
ASN00023718,19070202,PRCP,0,,,a,
ASN00023718,19070203,PRCP,0,,,a,
ASN00023718,19070204,PRCP,0,,,a,
ASN00023718,19070205,PRCP,0,,,a,
ASN00023718,19070206,PRCP,170,,,a,
ASN00023718,19070207,PRCP,0,,,a,
ASN00023718,19070208,PRCP,0,,,a,
ASN00023718,19070209,PRCP,0,,,a,
ASN00023718,19070210,PRCP,0,,,a,
ASN00023718,19070211,PRCP,0,,,a,
ASN00023718,19070212,PRCP,0,,,a,
ASN00023718,19070213,PRCP,0,,,a,
ASN00023718,19070214,PRCP,0,,,a,
ASN00023718,19070215,PRCP,0,,,a,
ASN00023718,19070216,PRCP,0,,,a,
ASN00023718,19070217,PRCP,0,,,a,
ASN00023718,19070218,PRCP,0,,,a,
ASN00023718,19070219,PRCP,0,,,a,
ASN00023718,19070220,PRCP,0,,,a,
ASN00023718,19070221,PRCP,0,,,a,
ASN00023718,19070222,PRCP,0,,,a,
ASN00023718,19070223,PRCP,0,,,a,
ASN00023718,19070224,PRCP,0,,,a,
ASN00023718,19070225,PRCP,0,,,a,
ASN00023718,19070226,PRCP,0,,,a,
ASN00023718,19070227,PRCP,0,,,a,
ASN00023718,19070228,PRCP,0,,,a,
ASN00023718,19070301,PRCP,0,,,a,
ASN00023718,19070302,PRCP,0,,,a,
ASN00023718,19070303,PRCP,74,,,a,
ASN00023718,19070304,PRCP,0,,,a,
ASN00023718,19070305,PRCP,41,,,a,
ASN00023718,19070306,PRCP,0,,,a,
ASN00023718,19070307,PRCP,0,,,a,
ASN00023718,19070308,PRCP,0,,,a,
ASN00023718,19070309,PRCP,0,,,a,
ASN00023718,19070310,PRCP,0,,,a,
ASN00023718,19070311,PRCP,0,,,a,
ASN00023718,19070312,PRCP,0,,,a,
ASN00023718,19070313,PRCP,0,,,a,
ASN00023718,19070314,PRCP,0,,,a,
ASN00023718,19070315,PRCP,0,,,a,
ASN00023718,19070316,PRCP,0,,,a,
ASN00023718,19070319,PRCP,38,,,a,
ASN00023718,19070320,PRCP,0,,,a,
ASN00023718,19070321,PRCP,0,,,a,
ASN00023718,19070322,PRCP,0,,,a,
ASN00023718,19070323,PRCP,0,,,a,
ASN00023718,19070324,PRCP,0,,,a,
ASN00023718,19070325,PRCP,5,,,a,
ASN00023718,19070326,PRCP,0,,,a,
ASN00023718,19070327,PRCP,0,,,a,
ASN00023718,19070328,PRCP,0,,,a,
ASN00023718,19070329,PRCP,0,,,a,
ASN00023718,19070330,PRCP,20,,,a,
ASN00023718,19070331,PRCP,0,,,a,
ASN00023718,19070318,DAPR,2,,,a,
ASN00023718,19070318,DWPR,1,,,a,
ASN00023718,19070318,MDPR,36,,,a,
ASN00023718,19070401,PRCP,0,,,a,
ASN00023718,19070402,PRCP,0,,,a,
ASN00023718,19070403,PRCP,0,,,a,
ASN00023718,19070404,PRCP,0,,,a,
ASN00023718,19070405,PRCP,124,,,a,
ASN00023718,19070406,PRCP,114,,,a,
ASN00023718,19070409,PRCP,3,,,a,
ASN00023718,19070410,PRCP,0,,,a,
ASN00023718,19070411,PRCP,0,,,a,
ASN00023718,19070412,PRCP,0,,,a,
ASN00023718,19070413,PRCP,10,,,a,
ASN00023718,19070414,PRCP,0,,,a,
ASN00023718,19070415,PRCP,10,,,a,
ASN00023718,19070416,PRCP,0,,,a,
ASN00023718,19070417,PRCP,0,,,a,
ASN00023718,19070418,PRCP,3,,,a,
ASN00023718,19070419,PRCP,20,,,a,
ASN00023718,19070420,PRCP,10,,,a,
ASN00023718,19070423,PRCP,10,,,a,
ASN00023718,19070424,PRCP,0,,,a,
ASN00023718,19070425,PRCP,0,,,a,
ASN00023718,19070426,PRCP,0,,,a,
ASN00023718,19070427,PRCP,0,,,a,
ASN00023718,19070430,PRCP,10,,,a,
ASN00023718,19070408,DAPR,2,,,a,
ASN00023718,19070422,DAPR,2,,,a,
ASN00023718,19070429,DAPR,2,,,a,
ASN00023718,19070408,DWPR,1,,,a,
ASN00023718,19070422,DWPR,1,,,a,
ASN00023718,19070429,DWPR,1,,,a,
ASN00023718,19070408,MDPR,33,,,a,
ASN00023718,19070422,MDPR,28,,,a,
ASN00023718,19070429,MDPR,25,,,a,
ASN00023718,19070501,PRCP,0,,,a,
ASN00023718,19070502,PRCP,20,,,a,
ASN00023718,19070503,PRCP,36,,,a,
ASN00023718,19070504,PRCP,5,,,a,
ASN00023718,19070505,PRCP,0,,,a,
ASN00023718,19070506,PRCP,0,,,a,
ASN00023718,19070507,PRCP,0,,,a,
ASN00023718,19070508,PRCP,0,,,a,
ASN00023718,19070509,PRCP,8,,,a,
ASN00023718,19070510,PRCP,0,,,a,
ASN00023718,19070511,PRCP,0,,,a,
ASN00023718,19070512,PRCP,0,,,a,
ASN00023718,19070513,PRCP,0,,,a,
ASN00023718,19070514,PRCP,0,,,a,
ASN00023718,19070515,PRCP,0,,,a,
ASN00023718,19070516,PRCP,0,,,a,
ASN00023718,19070517,PRCP,0,,,a,
ASN00023718,19070518,PRCP,0,,,a,
ASN00023718,19070519,PRCP,127,,,a,
ASN00023718,19070520,PRCP,257,,,a,
ASN00023718,19070521,PRCP,10,,,a,
ASN00023718,19070522,PRCP,86,,,a,
ASN00023718,19070523,PRCP,13,,,a,
ASN00023718,19070524,PRCP,0,,,a,
ASN00023718,19070525,PRCP,0,,,a,
ASN00023718,19070526,PRCP,0,,,a,
ASN00023718,19070527,PRCP,0,,,a,
ASN00023718,19070528,PRCP,0,,,a,
ASN00023718,19070529,PRCP,0,,,a,
ASN00023718,19070530,PRCP,0,,,a,
ASN00023718,19070531,PRCP,0,,,a,
ASN00023718,19070601,PRCP,0,,,a,
ASN00023718,19070602,PRCP,137,,,a,
ASN00023718,19070603,PRCP,13,,,a,
ASN00023718,19070604,PRCP,0,,,a,
ASN00023718,19070605,PRCP,41,,,a,
ASN00023718,19070606,PRCP,0,,,a,
ASN00023718,19070607,PRCP,0,,,a,
ASN00023718,19070608,PRCP,61,,,a,
ASN00023718,19070611,PRCP,0,,,a,
ASN00023718,19070612,PRCP,0,,,a,
ASN00023718,19070613,PRCP,23,,,a,
ASN00023718,19070614,PRCP,0,,,a,
ASN00023718,19070615,PRCP,0,,,a,
ASN00023718,19070616,PRCP,61,,,a,
ASN00023718,19070617,PRCP,33,,,a,
ASN00023718,19070618,PRCP,30,,,a,
ASN00023718,19070619,PRCP,0,,,a,
ASN00023718,19070620,PRCP,0,,,a,
ASN00023718,19070621,PRCP,0,,,a,
ASN00023718,19070622,PRCP,25,,,a,
ASN00023718,19070623,PRCP,0,,,a,
ASN00023718,19070624,PRCP,0,,,a,
ASN00023718,19070625,PRCP,0,,,a,
ASN00023718,19070626,PRCP,0,,,a,
ASN00023718,19070627,PRCP,0,,,a,
ASN00023718,19070628,PRCP,0,,,a,
ASN00023718,19070629,PRCP,0,,,a,
ASN00023718,19070630,PRCP,0,,,a,
ASN00023718,19070610,DAPR,2,,,a,
ASN00023718,19070610,DWPR,1,,,a,
ASN00023718,19070610,MDPR,33,,,a,
ASN00023718,19070701,PRCP,0,,,a,
ASN00023718,19070702,PRCP,5,,,a,
ASN00023718,19070703,PRCP,0,,,a,
ASN00023718,19070704,PRCP,0,,,a,
ASN00023718,19070705,PRCP,58,,,a,
ASN00023718,19070706,PRCP,18,,,a,
ASN00023718,19070707,PRCP,0,,,a,
ASN00023718,19070708,PRCP,0,,,a,
ASN00023718,19070709,PRCP,10,,,a,
ASN00023718,19070710,PRCP,74,,,a,
ASN00023718,19070711,PRCP,61,,,a,
ASN00023718,19070712,PRCP,5,,,a,
ASN00023718,19070713,PRCP,3,,,a,
ASN00023718,19070714,PRCP,0,,,a,
ASN00023718,19070715,PRCP,0,,,a,
ASN00023718,19070716,PRCP,0,,,a,
ASN00023718,19070717,PRCP,0,,,a,
ASN00023718,19070718,PRCP,0,,,a,
ASN00023718,19070719,PRCP,0,,,a,
ASN00023718,19070720,PRCP,23,,,a,
ASN00023718,19070721,PRCP,15,,,a,
ASN00023718,19070722,PRCP,122,,,a,
ASN00023718,19070723,PRCP,18,,,a,
ASN00023718,19070724,PRCP,13,,,a,
ASN00023718,19070725,PRCP,33,,,a,
ASN00023718,19070726,PRCP,0,,,a,
ASN00023718,19070727,PRCP,25,,,a,
ASN00023718,19070728,PRCP,0,,,a,
ASN00023718,19070729,PRCP,20,,,a,
ASN00023718,19070730,PRCP,0,,,a,
ASN00023718,19070731,PRCP,10,,,a,
ASN00023718,19070801,PRCP,0,,,a,
ASN00023718,19070802,PRCP,74,,,a,
ASN00023718,19070803,PRCP,51,,,a,
ASN00023718,19070804,PRCP,0,,,a,
ASN00023718,19070805,PRCP,0,,,a,
ASN00023718,19070806,PRCP,20,,,a,
ASN00023718,19070807,PRCP,137,,,a,
ASN00023718,19070808,PRCP,13,,,a,
ASN00023718,19070809,PRCP,5,,,a,
ASN00023718,19070810,PRCP,25,,,a,
ASN00023718,19070813,PRCP,38,,,a,
ASN00023718,19070814,PRCP,0,,,a,
ASN00023718,19070815,PRCP,0,,,a,
ASN00023718,19070816,PRCP,0,,,a,
ASN00023718,19070817,PRCP,0,,,a,
ASN00023718,19070818,PRCP,0,,,a,
ASN00023718,19070819,PRCP,0,,,a,
ASN00023718,19070820,PRCP,43,,,a,
ASN00023718,19070821,PRCP,15,,,a,
ASN00023718,19070822,PRCP,0,,,a,
ASN00023718,19070823,PRCP,0,,,a,
ASN00023718,19070824,PRCP,43,,,a,
ASN00023718,19070825,PRCP,0,,,a,
ASN00023718,19070826,PRCP,0,,,a,
ASN00023718,19070827,PRCP,0,,,a,
ASN00023718,19070828,PRCP,10,,,a,
ASN00023718,19070829,PRCP,0,,,a,
ASN00023718,19070830,PRCP,0,,,a,
ASN00023718,19070831,PRCP,0,,,a,
ASN00023718,19070812,DAPR,2,,,a,
ASN00023718,19070812,DWPR,1,,,a,
ASN00023718,19070812,MDPR,64,,,a,
ASN00023718,19070901,PRCP,0,,,a,
ASN00023718,19070902,PRCP,0,,,a,
ASN00023718,19070903,PRCP,0,,,a,
ASN00023718,19070904,PRCP,0,,,a,
ASN00023718,19070905,PRCP,0,,,a,
ASN00023718,19070906,PRCP,0,,,a,
ASN00023718,19070907,PRCP,13,,,a,
ASN00023718,19070910,PRCP,20,,,a,
ASN00023718,19070911,PRCP,0,,,a,
ASN00023718,19070912,PRCP,0,,,a,
ASN00023718,19070913,PRCP,0,,,a,
ASN00023718,19070914,PRCP,0,,,a,
ASN00023718,19070915,PRCP,0,,,a,
ASN00023718,19070916,PRCP,0,,,a,
ASN00023718,19070917,PRCP,0,,,a,
ASN00023718,19070918,PRCP,0,,,a,
ASN00023718,19070919,PRCP,0,,,a,
ASN00023718,19070920,PRCP,0,,,a,
ASN00023718,19070921,PRCP,0,,,a,
ASN00023718,19070924,PRCP,38,,,a,
ASN00023718,19070925,PRCP,0,,,a,
ASN00023718,19070926,PRCP,3,,,a,
ASN00023718,19070927,PRCP,0,,,a,
ASN00023718,19070928,PRCP,36,,,a,
ASN00023718,19070929,PRCP,0,,,a,
ASN00023718,19070930,PRCP,0,,,a,
ASN00023718,19070909,DAPR,2,,,a,
ASN00023718,19070923,DAPR,2,,,a,
ASN00023718,19070909,DWPR,1,,,a,
ASN00023718,19070923,DWPR,1,,,a,
ASN00023718,19070909,MDPR,66,,,a,
ASN00023718,19070923,MDPR,43,,,a,
ASN00023718,19071001,PRCP,5,,,a,
ASN00023718,19071002,PRCP,51,,,a,
ASN00023718,19071003,PRCP,46,,,a,
ASN00023718,19071004,PRCP,0,,,a,
ASN00023718,19071005,PRCP,0,,,a,
ASN00023718,19071006,PRCP,0,,,a,
ASN00023718,19071007,PRCP,20,,,a,
ASN00023718,19071008,PRCP,13,,,a,
ASN00023718,19071009,PRCP,20,,,a,
ASN00023718,19071010,PRCP,5,,,a,
ASN00023718,19071011,PRCP,5,,,a,
ASN00023718,19071012,PRCP,0,,,a,
ASN00023718,19071013,PRCP,8,,,a,
ASN00023718,19071014,PRCP,0,,,a,
ASN00023718,19071015,PRCP,0,,,a,
ASN00023718,19071016,PRCP,0,,,a,
ASN00023718,19071017,PRCP,0,,,a,
ASN00023718,19071018,PRCP,0,,,a,
ASN00023718,19071019,PRCP,0,,,a,
ASN00023718,19071020,PRCP,0,,,a,
ASN00023718,19071021,PRCP,13,,,a,
ASN00023718,19071022,PRCP,3,,,a,
ASN00023718,19071023,PRCP,0,,,a,
ASN00023718,19071024,PRCP,0,,,a,
ASN00023718,19071025,PRCP,0,,,a,
ASN00023718,19071026,PRCP,0,,,a,
ASN00023718,19071027,PRCP,0,,,a,
ASN00023718,19071028,PRCP,0,,,a,
ASN00023718,19071029,PRCP,0,,,a,
ASN00023718,19071030,PRCP,157,,,a,
ASN00023718,19071031,PRCP,23,,,a,
ASN00023718,19071101,PRCP,0,,,a,
ASN00023718,19071102,PRCP,0,,,a,
ASN00023718,19071103,PRCP,180,,,a,
ASN00023718,19071104,PRCP,0,,,a,
ASN00023718,19071105,PRCP,43,,,a,
ASN00023718,19071106,PRCP,0,,,a,
ASN00023718,19071107,PRCP,0,,,a,
ASN00023718,19071108,PRCP,0,,,a,
ASN00023718,19071109,PRCP,0,,,a,
ASN00023718,19071110,PRCP,0,,,a,
ASN00023718,19071111,PRCP,0,,,a,
ASN00023718,19071112,PRCP,0,,,a,
ASN00023718,19071113,PRCP,0,,,a,
ASN00023718,19071114,PRCP,0,,,a,
ASN00023718,19071115,PRCP,0,,,a,
ASN00023718,19071116,PRCP,3,,,a,
ASN00023718,19071117,PRCP,0,,,a,
ASN00023718,19071118,PRCP,8,,,a,
ASN00023718,19071119,PRCP,0,,,a,
ASN00023718,19071120,PRCP,0,,,a,
ASN00023718,19071121,PRCP,0,,,a,
ASN00023718,19071122,PRCP,0,,,a,
ASN00023718,19071123,PRCP,41,,,a,
ASN00023718,19071124,PRCP,18,,,a,
ASN00023718,19071125,PRCP,0,,,a,
ASN00023718,19071126,PRCP,0,,,a,
ASN00023718,19071127,PRCP,0,,,a,
ASN00023718,19071128,PRCP,0,,,a,
ASN00023718,19071129,PRCP,0,,,a,
ASN00023718,19071130,PRCP,0,,,a,
ASN00023718,19071201,PRCP,0,,,a,
ASN00023718,19071202,PRCP,0,,,a,
ASN00023718,19071203,PRCP,0,,,a,
ASN00023718,19071204,PRCP,0,,,a,
ASN00023718,19071205,PRCP,0,,,a,
ASN00023718,19071206,PRCP,0,,,a,
ASN00023718,19071207,PRCP,0,,,a,
ASN00023718,19071208,PRCP,0,,,a,
ASN00023718,19071209,PRCP,0,,,a,
ASN00023718,19071210,PRCP,0,,,a,
ASN00023718,19071211,PRCP,0,,,a,
ASN00023718,19071212,PRCP,0,,,a,
ASN00023718,19071213,PRCP,0,,,a,
ASN00023718,19071214,PRCP,0,,,a,
ASN00023718,19071215,PRCP,0,,,a,
ASN00023718,19071216,PRCP,0,,,a,
ASN00023718,19071217,PRCP,0,,,a,
ASN00023718,19071218,PRCP,0,,,a,
ASN00023718,19071219,PRCP,0,,,a,
ASN00023718,19071220,PRCP,0,,,a,
ASN00023718,19071221,PRCP,0,,,a,
ASN00023718,19071222,PRCP,0,,,a,
ASN00023718,19071223,PRCP,0,,,a,
ASN00023718,19071224,PRCP,0,,,a,
ASN00023718,19071225,PRCP,0,,,a,
ASN00023718,19071226,PRCP,0,,,a,
ASN00023718,19071227,PRCP,28,,,a,
ASN00023718,19071228,PRCP,69,,,a,
ASN00023718,19071229,PRCP,13,,,a,
ASN00023718,19071230,PRCP,0,,,a,
ASN00023718,19071231,PRCP,0,,,a,
ASN00023718,19080101,PRCP,0,,,a,
ASN00023718,19080102,PRCP,0,,,a,
ASN00023718,19080103,PRCP,0,,,a,
ASN00023718,19080104,PRCP,0,,,a,
ASN00023718,19080105,PRCP,0,,,a,
ASN00023718,19080106,PRCP,0,,,a,
ASN00023718,19080107,PRCP,0,,,a,
ASN00023718,19080108,PRCP,0,,,a,
ASN00023718,19080109,PRCP,0,,,a,
ASN00023718,19080110,PRCP,0,,,a,
ASN00023718,19080111,PRCP,0,,,a,
ASN00023718,19080112,PRCP,0,,,a,
ASN00023718,19080113,PRCP,0,,,a,
ASN00023718,19080114,PRCP,0,,,a,
ASN00023718,19080115,PRCP,0,,,a,
ASN00023718,19080116,PRCP,0,,,a,
ASN00023718,19080117,PRCP,0,,,a,
ASN00023718,19080118,PRCP,0,,,a,
ASN00023718,19080119,PRCP,0,,,a,
ASN00023718,19080120,PRCP,0,,,a,
ASN00023718,19080121,PRCP,0,,,a,
ASN00023718,19080122,PRCP,0,,,a,
ASN00023718,19080123,PRCP,0,,,a,
ASN00023718,19080124,PRCP,0,,,a,
ASN00023718,19080125,PRCP,0,,,a,
ASN00023718,19080126,PRCP,0,,,a,
ASN00023718,19080127,PRCP,0,,,a,
ASN00023718,19080128,PRCP,0,,,a,
ASN00023718,19080129,PRCP,0,,,a,
ASN00023718,19080130,PRCP,0,,,a,
ASN00023718,19080131,PRCP,38,,,a,
ASN00023718,19080201,PRCP,0,,,a,
ASN00023718,19080202,PRCP,0,,,a,
ASN00023718,19080203,PRCP,0,,,a,
ASN00023718,19080204,PRCP,0,,,a,
ASN00023718,19080205,PRCP,5,,,a,
ASN00023718,19080206,PRCP,0,,,a,
ASN00023718,19080207,PRCP,0,,,a,
ASN00023718,19080208,PRCP,117,,,a,
ASN00023718,19080209,PRCP,0,,,a,
ASN00023718,19080210,PRCP,0,,,a,
ASN00023718,19080211,PRCP,0,,,a,
ASN00023718,19080212,PRCP,0,,,a,
ASN00023718,19080213,PRCP,8,,,a,
ASN00023718,19080214,PRCP,0,,,a,
ASN00023718,19080215,PRCP,18,,,a,
ASN00023718,19080216,PRCP,0,,,a,
ASN00023718,19080217,PRCP,0,,,a,
ASN00023718,19080218,PRCP,0,,,a,
ASN00023718,19080219,PRCP,0,,,a,
ASN00023718,19080220,PRCP,0,,,a,
ASN00023718,19080221,PRCP,0,,,a,
ASN00023718,19080222,PRCP,0,,,a,
ASN00023718,19080223,PRCP,0,,,a,
ASN00023718,19080224,PRCP,0,,,a,
ASN00023718,19080225,PRCP,0,,,a,
ASN00023718,19080226,PRCP,0,,,a,
ASN00023718,19080227,PRCP,0,,,a,
ASN00023718,19080228,PRCP,0,,,a,
ASN00023718,19080229,PRCP,13,,,a,
ASN00023718,19080301,PRCP,0,,,a,
ASN00023718,19080302,PRCP,0,,,a,
ASN00023718,19080303,PRCP,30,,,a,
ASN00023718,19080304,PRCP,0,,,a,
ASN00023718,19080305,PRCP,0,,,a,
ASN00023718,19080306,PRCP,81,,,a,
ASN00023718,19080307,PRCP,5,,,a,
ASN00023718,19080308,PRCP,91,,,a,
ASN00023718,19080309,PRCP,3,,,a,
ASN00023718,19080310,PRCP,0,,,a,
ASN00023718,19080311,PRCP,0,,,a,
ASN00023718,19080312,PRCP,0,,,a,
ASN00023718,19080313,PRCP,0,,,a,
ASN00023718,19080314,PRCP,0,,,a,
ASN00023718,19080317,PRCP,3,,,a,
ASN00023718,19080318,PRCP,0,,,a,
ASN00023718,19080319,PRCP,0,,,a,
ASN00023718,19080320,PRCP,0,,,a,
ASN00023718,19080321,PRCP,0,,,a,
ASN00023718,19080322,PRCP,0,,,a,
ASN00023718,19080323,PRCP,0,,,a,
ASN00023718,19080324,PRCP,0,,,a,
ASN00023718,19080325,PRCP,0,,,a,
ASN00023718,19080326,PRCP,0,,,a,
ASN00023718,19080327,PRCP,13,,,a,
ASN00023718,19080328,PRCP,0,,,a,
ASN00023718,19080329,PRCP,0,,,a,
ASN00023718,19080330,PRCP,0,,,a,
ASN00023718,19080331,PRCP,0,,,a,
ASN00023718,19080316,DAPR,2,,,a,
ASN00023718,19080316,DWPR,1,,,a,
ASN00023718,19080316,MDPR,89,,,a,
ASN00023718,19080401,PRCP,0,,,a,
ASN00023718,19080402,PRCP,0,,,a,
ASN00023718,19080403,PRCP,0,,,a,
ASN00023718,19080404,PRCP,0,,,a,
ASN00023718,19080405,PRCP,0,,,a,
ASN00023718,19080406,PRCP,0,,,a,
ASN00023718,19080407,PRCP,0,,,a,
ASN00023718,19080408,PRCP,0,,,a,
ASN00023718,19080409,PRCP,0,,,a,
ASN00023718,19080410,PRCP,0,,,a,
ASN00023718,19080411,PRCP,0,,,a,
ASN00023718,19080412,PRCP,0,,,a,
ASN00023718,19080413,PRCP,0,,,a,
ASN00023718,19080414,PRCP,0,,,a,
ASN00023718,19080415,PRCP,13,,,a,
ASN00023718,19080416,PRCP,178,,,a,
ASN00023718,19080417,PRCP,0,,,a,
ASN00023718,19080418,PRCP,0,,,a,
ASN00023718,19080419,PRCP,51,,,a,
ASN00023718,19080420,PRCP,38,,,a,
ASN00023718,19080421,PRCP,5,,,a,
ASN00023718,19080422,PRCP,0,,,a,
ASN00023718,19080423,PRCP,0,,,a,
ASN00023718,19080424,PRCP,0,,,a,
ASN00023718,19080425,PRCP,0,,,a,
ASN00023718,19080426,PRCP,0,,,a,
ASN00023718,19080427,PRCP,0,,,a,
ASN00023718,19080428,PRCP,0,,,a,
ASN00023718,19080429,PRCP,0,,,a,
ASN00023718,19080430,PRCP,0,,,a,
ASN00023718,19080501,PRCP,0,,,a,
ASN00023718,19080502,PRCP,0,,,a,
ASN00023718,19080505,PRCP,137,,,a,
ASN00023718,19080506,PRCP,8,,,a,
ASN00023718,19080507,PRCP,46,,,a,
ASN00023718,19080508,PRCP,5,,,a,
ASN00023718,19080509,PRCP,0,,,a,
ASN00023718,19080510,PRCP,0,,,a,
ASN00023718,19080511,PRCP,0,,,a,
ASN00023718,19080512,PRCP,53,,,a,
ASN00023718,19080513,PRCP,33,,,a,
ASN00023718,19080514,PRCP,196,,,a,
ASN00023718,19080515,PRCP,8,,,a,
ASN00023718,19080516,PRCP,10,,,a,
ASN00023718,19080517,PRCP,3,,,a,
ASN00023718,19080518,PRCP,0,,,a,
ASN00023718,19080519,PRCP,0,,,a,
ASN00023718,19080520,PRCP,0,,,a,
ASN00023718,19080521,PRCP,3,,,a,
ASN00023718,19080522,PRCP,0,,,a,
ASN00023718,19080523,PRCP,15,,,a,
ASN00023718,19080524,PRCP,0,,,a,
ASN00023718,19080525,PRCP,0,,,a,
ASN00023718,19080526,PRCP,0,,,a,
ASN00023718,19080527,PRCP,8,,,a,
ASN00023718,19080528,PRCP,0,,,a,
ASN00023718,19080529,PRCP,0,,,a,
ASN00023718,19080530,PRCP,0,,,a,
ASN00023718,19080531,PRCP,0,,,a,
ASN00023718,19080504,DAPR,2,,,a,
ASN00023718,19080504,DWPR,1,,,a,
ASN00023718,19080504,MDPR,157,,,a,
ASN00023718,19080601,PRCP,15,,,a,
ASN00023718,19080602,PRCP,0,,,a,
ASN00023718,19080603,PRCP,0,,,a,
ASN00023718,19080604,PRCP,0,,,a,
ASN00023718,19080605,PRCP,46,,,a,
ASN00023718,19080606,PRCP,10,,,a,
ASN00023718,19080607,PRCP,5,,,a,
ASN00023718,19080608,PRCP,0,,,a,
ASN00023718,19080609,PRCP,8,,,a,
ASN00023718,19080610,PRCP,5,,,a,
ASN00023718,19080611,PRCP,41,,,a,
ASN00023718,19080612,PRCP,20,,,a,
ASN00023718,19080613,PRCP,23,,,a,
ASN00023718,19080614,PRCP,0,,,a,
ASN00023718,19080615,PRCP,0,,,a,
ASN00023718,19080616,PRCP,0,,,a,
ASN00023718,19080617,PRCP,0,,,a,
ASN00023718,19080618,PRCP,0,,,a,
ASN00023718,19080619,PRCP,8,,,a,
ASN00023718,19080620,PRCP,18,,,a,
ASN00023718,19080623,PRCP,107,,,a,
ASN00023718,19080624,PRCP,91,,,a,
ASN00023718,19080625,PRCP,23,,,a,
ASN00023718,19080626,PRCP,0,,,a,
ASN00023718,19080627,PRCP,0,,,a,
ASN00023718,19080628,PRCP,0,,,a,
ASN00023718,19080629,PRCP,0,,,a,
ASN00023718,19080630,PRCP,0,,,a,
ASN00023718,19080622,DAPR,2,,,a,
ASN00023718,19080622,DWPR,1,,,a,
ASN00023718,19080622,MDPR,267,,,a,
ASN00023718,19080701,PRCP,163,,,a,
ASN00023718,19080702,PRCP,84,,,a,
ASN00023718,19080703,PRCP,5,,,a,
ASN00023718,19080704,PRCP,38,,,a,
ASN00023718,19080705,PRCP,0,,,a,
ASN00023718,19080706,PRCP,0,,,a,
ASN00023718,19080707,PRCP,13,,,a,
ASN00023718,19080708,PRCP,15,,,a,
ASN00023718,19080709,PRCP,25,,,a,
ASN00023718,19080710,PRCP,10,,,a,
ASN00023718,19080711,PRCP,46,,,a,
ASN00023718,19080712,PRCP,0,,,a,
ASN00023718,19080713,PRCP,10,,,a,
ASN00023718,19080714,PRCP,0,,,a,
ASN00023718,19080715,PRCP,0,,,a,
ASN00023718,19080716,PRCP,0,,,a,
ASN00023718,19080717,PRCP,0,,,a,
ASN00023718,19080718,PRCP,0,,,a,
ASN00023718,19080719,PRCP,0,,,a,
ASN00023718,19080720,PRCP,15,,,a,
ASN00023718,19080721,PRCP,30,,,a,
ASN00023718,19080722,PRCP,13,,,a,
ASN00023718,19080723,PRCP,0,,,a,
ASN00023718,19080724,PRCP,0,,,a,
ASN00023718,19080725,PRCP,0,,,a,
ASN00023718,19080726,PRCP,0,,,a,
ASN00023718,19080727,PRCP,0,,,a,
ASN00023718,19080728,PRCP,0,,,a,
ASN00023718,19080729,PRCP,0,,,a,
ASN00023718,19080730,PRCP,0,,,a,
ASN00023718,19080731,PRCP,0,,,a,
ASN00023718,19080801,PRCP,0,,,a,
ASN00023718,19080802,PRCP,0,,,a,
ASN00023718,19080803,PRCP,8,,,a,
ASN00023718,19080804,PRCP,0,,,a,
ASN00023718,19080805,PRCP,0,,,a,
ASN00023718,19080806,PRCP,0,,,a,
ASN00023718,19080807,PRCP,0,,,a,
ASN00023718,19080808,PRCP,0,,,a,
ASN00023718,19080809,PRCP,0,,,a,
ASN00023718,19080810,PRCP,18,,,a,
ASN00023718,19080811,PRCP,0,,,a,
ASN00023718,19080812,PRCP,0,,,a,
ASN00023718,19080813,PRCP,0,,,a,
ASN00023718,19080814,PRCP,0,,,a,
ASN00023718,19080815,PRCP,0,,,a,
ASN00023718,19080816,PRCP,23,,,a,
ASN00023718,19080817,PRCP,89,,,a,
ASN00023718,19080818,PRCP,33,,,a,
ASN00023718,19080819,PRCP,18,,,a,
ASN00023718,19080820,PRCP,0,,,a,
ASN00023718,19080821,PRCP,15,,,a,
ASN00023718,19080822,PRCP,23,,,a,
ASN00023718,19080823,PRCP,20,,,a,
ASN00023718,19080824,PRCP,10,,,a,
ASN00023718,19080825,PRCP,0,,,a,
ASN00023718,19080826,PRCP,0,,,a,
ASN00023718,19080827,PRCP,0,,,a,
ASN00023718,19080828,PRCP,15,,,a,
ASN00023718,19080829,PRCP,20,,,a,
ASN00023718,19080830,PRCP,0,,,a,
ASN00023718,19080831,PRCP,0,,,a,
ASN00023718,19080901,PRCP,69,,,a,
ASN00023718,19080902,PRCP,74,,,a,
ASN00023718,19080903,PRCP,3,,,a,
ASN00023718,19080904,PRCP,71,,,a,
ASN00023718,19080905,PRCP,216,,,a,
ASN00023718,19080906,PRCP,3,,,a,
ASN00023718,19080907,PRCP,0,,,a,
ASN00023718,19080908,PRCP,0,,,a,
ASN00023718,19080909,PRCP,0,,,a,
ASN00023718,19080910,PRCP,0,,,a,
ASN00023718,19080911,PRCP,0,,,a,
ASN00023718,19080912,PRCP,3,,,a,
ASN00023718,19080915,PRCP,0,,,a,
ASN00023718,19080916,PRCP,0,,,a,
ASN00023718,19080917,PRCP,0,,,a,
ASN00023718,19080918,PRCP,41,,,a,
ASN00023718,19080919,PRCP,43,,,a,
ASN00023718,19080920,PRCP,147,,,a,
ASN00023718,19080921,PRCP,10,,,a,
ASN00023718,19080922,PRCP,0,,,a,
ASN00023718,19080923,PRCP,0,,,a,
ASN00023718,19080924,PRCP,0,,,a,
ASN00023718,19080925,PRCP,66,,,a,
ASN00023718,19080926,PRCP,66,,,a,
ASN00023718,19080927,PRCP,38,,,a,
ASN00023718,19080928,PRCP,53,,,a,
ASN00023718,19080929,PRCP,0,,,a,
ASN00023718,19080930,PRCP,0,,,a,
ASN00023718,19080914,DAPR,2,,,a,
ASN00023718,19080914,DWPR,1,,,a,
ASN00023718,19080914,MDPR,41,,,a,
ASN00023718,19081001,PRCP,0,,,a,
ASN00023718,19081002,PRCP,0,,,a,
ASN00023718,19081003,PRCP,0,,,a,
ASN00023718,19081004,PRCP,0,,,a,
ASN00023718,19081005,PRCP,5,,,a,
ASN00023718,19081006,PRCP,0,,,a,
ASN00023718,19081007,PRCP,23,,,a,
ASN00023718,19081008,PRCP,23,,,a,
ASN00023718,19081009,PRCP,41,,,a,
ASN00023718,19081010,PRCP,0,,,a,
ASN00023718,19081011,PRCP,0,,,a,
ASN00023718,19081012,PRCP,0,,,a,
ASN00023718,19081013,PRCP,0,,,a,
ASN00023718,19081014,PRCP,0,,,a,
ASN00023718,19081015,PRCP,97,,,a,
ASN00023718,19081016,PRCP,366,,,a,
ASN00023718,19081017,PRCP,30,,,a,
ASN00023718,19081020,PRCP,28,,,a,
ASN00023718,19081021,PRCP,5,,,a,
ASN00023718,19081022,PRCP,3,,,a,
ASN00023718,19081023,PRCP,0,,,a,
ASN00023718,19081024,PRCP,0,,,a,
ASN00023718,19081025,PRCP,0,,,a,
ASN00023718,19081026,PRCP,8,,,a,
ASN00023718,19081027,PRCP,0,,,a,
ASN00023718,19081028,PRCP,0,,,a,
ASN00023718,19081029,PRCP,0,,,a,
ASN00023718,19081030,PRCP,0,,,a,
ASN00023718,19081031,PRCP,0,,,a,
ASN00023718,19081019,DAPR,2,,,a,
ASN00023718,19081019,DWPR,1,,,a,
ASN00023718,19081019,MDPR,107,,,a,
ASN00023718,19081103,PRCP,0,,,a,
ASN00023718,19081104,PRCP,0,,,a,
ASN00023718,19081105,PRCP,0,,,a,
ASN00023718,19081106,PRCP,0,,,a,
ASN00023718,19081107,PRCP,0,,,a,
ASN00023718,19081108,PRCP,0,,,a,
ASN00023718,19081109,PRCP,0,,,a,
ASN00023718,19081110,PRCP,0,,,a,
ASN00023718,19081111,PRCP,13,,,a,
ASN00023718,19081112,PRCP,0,,,a,
ASN00023718,19081113,PRCP,0,,,a,
ASN00023718,19081114,PRCP,0,,,a,
ASN00023718,19081115,PRCP,0,,,a,
ASN00023718,19081116,PRCP,23,,,a,
ASN00023718,19081117,PRCP,0,,,a,
ASN00023718,19081118,PRCP,0,,,a,
ASN00023718,19081119,PRCP,0,,,a,
ASN00023718,19081120,PRCP,0,,,a,
ASN00023718,19081121,PRCP,28,,,a,
ASN00023718,19081122,PRCP,0,,,a,
ASN00023718,19081123,PRCP,0,,,a,
ASN00023718,19081124,PRCP,0,,,a,
ASN00023718,19081125,PRCP,0,,,a,
ASN00023718,19081126,PRCP,0,,,a,
ASN00023718,19081127,PRCP,0,,,a,
ASN00023718,19081128,PRCP,0,,,a,
ASN00023718,19081129,PRCP,0,,,a,
ASN00023718,19081130,PRCP,0,,,a,
ASN00023718,19081102,DAPR,2,,,a,
ASN00023718,19081102,DWPR,1,,,a,
ASN00023718,19081102,MDPR,28,,,a,
ASN00023718,19081201,PRCP,0,,,a,
ASN00023718,19081202,PRCP,0,,,a,
ASN00023718,19081203,PRCP,0,,,a,
ASN00023718,19081204,PRCP,0,,,a,
ASN00023718,19081205,PRCP,0,,,a,
ASN00023718,19081206,PRCP,0,,,a,
ASN00023718,19081207,PRCP,0,,,a,
ASN00023718,19081208,PRCP,0,,,a,
ASN00023718,19081209,PRCP,0,,,a,
ASN00023718,19081210,PRCP,0,,,a,
ASN00023718,19081211,PRCP,0,,,a,
ASN00023718,19081212,PRCP,0,,,a,
ASN00023718,19081213,PRCP,0,,,a,
ASN00023718,19081214,PRCP,0,,,a,
ASN00023718,19081215,PRCP,0,,,a,
ASN00023718,19081216,PRCP,0,,,a,
ASN00023718,19081217,PRCP,0,,,a,
ASN00023718,19081218,PRCP,0,,,a,
ASN00023718,19081219,PRCP,0,,,a,
ASN00023718,19081222,PRCP,0,,,a,
ASN00023718,19081223,PRCP,0,,,a,
ASN00023718,19081224,PRCP,0,,,a,
ASN00023718,19081225,PRCP,0,,,a,
ASN00023718,19081226,PRCP,0,,,a,
ASN00023718,19081227,PRCP,0,,,a,
ASN00023718,19081228,PRCP,0,,,a,
ASN00023718,19081229,PRCP,0,,,a,
ASN00023718,19081230,PRCP,0,,,a,
ASN00023718,19081231,PRCP,0,,,a,
ASN00023718,19081221,DAPR,2,,,a,
ASN00023718,19081221,DWPR,1,,,a,
ASN00023718,19081221,MDPR,71,,,a,
ASN00023718,19090101,PRCP,0,,,a,
ASN00023718,19090102,PRCP,0,,,a,
ASN00023718,19090105,PRCP,33,,,a,
ASN00023718,19090106,PRCP,8,,,a,
ASN00023718,19090107,PRCP,0,,,a,
ASN00023718,19090108,PRCP,0,,,a,
ASN00023718,19090109,PRCP,0,,,a,
ASN00023718,19090110,PRCP,0,,,a,
ASN00023718,19090111,PRCP,0,,,a,
ASN00023718,19090112,PRCP,0,,,a,
ASN00023718,19090113,PRCP,0,,,a,
ASN00023718,19090114,PRCP,0,,,a,
ASN00023718,19090115,PRCP,0,,,a,
ASN00023718,19090116,PRCP,0,,,a,
ASN00023718,19090117,PRCP,0,,,a,
ASN00023718,19090118,PRCP,0,,,a,
ASN00023718,19090119,PRCP,0,,,a,
ASN00023718,19090120,PRCP,0,,,a,
ASN00023718,19090121,PRCP,0,,,a,
ASN00023718,19090122,PRCP,18,,,a,
ASN00023718,19090123,PRCP,33,,,a,
ASN00023718,19090124,PRCP,0,,,a,
ASN00023718,19090125,PRCP,0,,,a,
ASN00023718,19090126,PRCP,0,,,a,
ASN00023718,19090127,PRCP,0,,,a,
ASN00023718,19090128,PRCP,0,,,a,
ASN00023718,19090129,PRCP,0,,,a,
ASN00023718,19090130,PRCP,33,,,a,
ASN00023718,19090131,PRCP,0,,,a,
ASN00023718,19090104,DAPR,2,,,a,
ASN00023718,19090104,DWPR,1,,,a,
ASN00023718,19090104,MDPR,112,,,a,
ASN00023718,19090201,PRCP,18,,,a,
ASN00023718,19090202,PRCP,0,,,a,
ASN00023718,19090203,PRCP,0,,,a,
ASN00023718,19090204,PRCP,0,,,a,
ASN00023718,19090205,PRCP,0,,,a,
ASN00023718,19090206,PRCP,0,,,a,
ASN00023718,19090207,PRCP,0,,,a,
ASN00023718,19090208,PRCP,0,,,a,
ASN00023718,19090209,PRCP,0,,,a,
ASN00023718,19090210,PRCP,0,,,a,
ASN00023718,19090211,PRCP,0,,,a,
ASN00023718,19090212,PRCP,0,,,a,
ASN00023718,19090213,PRCP,0,,,a,
ASN00023718,19090214,PRCP,0,,,a,
ASN00023718,19090215,PRCP,0,,,a,
ASN00023718,19090216,PRCP,0,,,a,
ASN00023718,19090217,PRCP,0,,,a,
ASN00023718,19090218,PRCP,0,,,a,
ASN00023718,19090219,PRCP,0,,,a,
ASN00023718,19090220,PRCP,0,,,a,
ASN00023718,19090221,PRCP,0,,,a,
ASN00023718,19090222,PRCP,0,,,a,
ASN00023718,19090223,PRCP,0,,,a,
ASN00023718,19090224,PRCP,10,,,a,
ASN00023718,19090225,PRCP,5,,,a,
ASN00023718,19090226,PRCP,0,,,a,
ASN00023718,19090227,PRCP,0,,,a,
ASN00023718,19090228,PRCP,0,,,a,
ASN00023718,19090301,PRCP,20,,,a,
ASN00023718,19090302,PRCP,0,,,a,
ASN00023718,19090303,PRCP,0,,,a,
ASN00023718,19090304,PRCP,0,,,a,
ASN00023718,19090305,PRCP,0,,,a,
ASN00023718,19090306,PRCP,170,,,a,
ASN00023718,19090307,PRCP,0,,,a,
ASN00023718,19090308,PRCP,0,,,a,
ASN00023718,19090309,PRCP,0,,,a,
ASN00023718,19090310,PRCP,0,,,a,
ASN00023718,19090311,PRCP,0,,,a,
ASN00023718,19090312,PRCP,0,,,a,
ASN00023718,19090313,PRCP,13,,,a,
ASN00023718,19090314,PRCP,0,,,a,
ASN00023718,19090315,PRCP,0,,,a,
ASN00023718,19090316,PRCP,0,,,a,
ASN00023718,19090317,PRCP,0,,,a,
ASN00023718,19090318,PRCP,0,,,a,
ASN00023718,19090319,PRCP,0,,,a,
ASN00023718,19090320,PRCP,0,,,a,
ASN00023718,19090321,PRCP,0,,,a,
ASN00023718,19090322,PRCP,0,,,a,
ASN00023718,19090323,PRCP,0,,,a,
ASN00023718,19090324,PRCP,0,,,a,
ASN00023718,19090325,PRCP,0,,,a,
ASN00023718,19090326,PRCP,0,,,a,
ASN00023718,19090327,PRCP,0,,,a,
ASN00023718,19090328,PRCP,0,,,a,
ASN00023718,19090329,PRCP,0,,,a,
ASN00023718,19090330,PRCP,8,,,a,
ASN00023718,19090331,PRCP,30,,,a,
ASN00023718,19090401,PRCP,0,,,a,
ASN00023718,19090402,PRCP,0,,,a,
ASN00023718,19090403,PRCP,0,,,a,
ASN00023718,19090406,PRCP,0,,,a,
ASN00023718,19090407,PRCP,0,,,a,
ASN00023718,19090408,PRCP,5,,,a,
ASN00023718,19090409,PRCP,0,,,a,
ASN00023718,19090410,PRCP,0,,,a,
ASN00023718,19090411,PRCP,0,,,a,
ASN00023718,19090412,PRCP,0,,,a,
ASN00023718,19090413,PRCP,10,,,a,
ASN00023718,19090414,PRCP,20,,,a,
ASN00023718,19090415,PRCP,0,,,a,
ASN00023718,19090416,PRCP,0,,,a,
ASN00023718,19090417,PRCP,0,,,a,
ASN00023718,19090420,PRCP,102,,,a,
ASN00023718,19090421,PRCP,0,,,a,
ASN00023718,19090422,PRCP,48,,,a,
ASN00023718,19090423,PRCP,0,,,a,
ASN00023718,19090424,PRCP,0,,,a,
ASN00023718,19090427,PRCP,69,,,a,
ASN00023718,19090428,PRCP,25,,,a,
ASN00023718,19090429,PRCP,0,,,a,
ASN00023718,19090430,PRCP,23,,,a,
ASN00023718,19090405,DAPR,2,,,a,
ASN00023718,19090419,DAPR,2,,,a,
ASN00023718,19090426,DAPR,2,,,a,
ASN00023718,19090405,DWPR,1,,,a,
ASN00023718,19090419,DWPR,1,,,a,
ASN00023718,19090426,DWPR,1,,,a,
ASN00023718,19090405,MDPR,41,,,a,
ASN00023718,19090419,MDPR,81,,,a,
ASN00023718,19090426,MDPR,284,,,a,
ASN00023718,19090501,PRCP,18,,,a,
ASN00023718,19090502,PRCP,0,,,a,
ASN00023718,19090503,PRCP,0,,,a,
ASN00023718,19090504,PRCP,0,,,a,
ASN00023718,19090505,PRCP,0,,,a,
ASN00023718,19090506,PRCP,53,,,a,
ASN00023718,19090507,PRCP,28,,,a,
ASN00023718,19090508,PRCP,10,,,a,
ASN00023718,19090509,PRCP,0,,,a,
ASN00023718,19090510,PRCP,18,,,a,
ASN00023718,19090511,PRCP,0,,,a,
ASN00023718,19090512,PRCP,0,,,a,
ASN00023718,19090513,PRCP,79,,,a,
ASN00023718,19090514,PRCP,53,,,a,
ASN00023718,19090515,PRCP,175,,,a,
ASN00023718,19090518,PRCP,5,,,a,
ASN00023718,19090519,PRCP,0,,,a,
ASN00023718,19090520,PRCP,0,,,a,
ASN00023718,19090521,PRCP,0,,,a,
ASN00023718,19090522,PRCP,0,,,a,
ASN00023718,19090525,PRCP,0,,,a,
ASN00023718,19090526,PRCP,0,,,a,
ASN00023718,19090527,PRCP,0,,,a,
ASN00023718,19090528,PRCP,0,,,a,
ASN00023718,19090529,PRCP,0,,,a,
ASN00023718,19090517,DAPR,2,,,a,
ASN00023718,19090524,DAPR,2,,,a,
ASN00023718,19090531,DAPR,2,,,a,
ASN00023718,19090517,DWPR,1,,,a,
ASN00023718,19090524,DWPR,1,,,a,
ASN00023718,19090531,DWPR,1,,,a,
ASN00023718,19090517,MDPR,361,,,a,
ASN00023718,19090524,MDPR,48,,,a,
ASN00023718,19090531,MDPR,152,,,a,
ASN00023718,19090601,PRCP,20,,,a,
ASN00023718,19090602,PRCP,18,,,a,
ASN00023718,19090603,PRCP,0,,,a,
ASN00023718,19090604,PRCP,15,,,a,
ASN00023718,19090605,PRCP,0,,,a,
ASN00023718,19090606,PRCP,0,,,a,
ASN00023718,19090607,PRCP,0,,,a,
ASN00023718,19090608,PRCP,0,,,a,
ASN00023718,19090609,PRCP,0,,,a,
ASN00023718,19090610,PRCP,0,,,a,
ASN00023718,19090611,PRCP,0,,,a,
ASN00023718,19090612,PRCP,0,,,a,
ASN00023718,19090615,PRCP,10,,,a,
ASN00023718,19090616,PRCP,0,,,a,
ASN00023718,19090617,PRCP,48,,,a,
ASN00023718,19090618,PRCP,5,,,a,
ASN00023718,19090619,PRCP,18,,,a,
ASN00023718,19090620,PRCP,0,,,a,
ASN00023718,19090621,PRCP,10,,,a,
ASN00023718,19090622,PRCP,0,,,a,
ASN00023718,19090623,PRCP,13,,,a,
ASN00023718,19090624,PRCP,15,,,a,
ASN00023718,19090625,PRCP,8,,,a,
ASN00023718,19090626,PRCP,51,,,a,
ASN00023718,19090627,PRCP,8,,,a,
ASN00023718,19090628,PRCP,56,,,a,
ASN00023718,19090629,PRCP,0,,,a,
ASN00023718,19090630,PRCP,0,,,a,
ASN00023718,19090614,DAPR,2,,,a,
ASN00023718,19090614,DWPR,1,,,a,
ASN00023718,19090614,MDPR,97,,,a,
ASN00023718,19090701,PRCP,0,,,a,
ASN00023718,19090702,PRCP,0,,,a,
ASN00023718,19090703,PRCP,0,,,a,
ASN00023718,19090704,PRCP,0,,,a,
ASN00023718,19090705,PRCP,10,,,a,
ASN00023718,19090706,PRCP,0,,,a,
ASN00023718,19090707,PRCP,0,,,a,
ASN00023718,19090708,PRCP,0,,,a,
ASN00023718,19090709,PRCP,0,,,a,
ASN00023718,19090710,PRCP,0,,,a,
ASN00023718,19090713,PRCP,30,,,a,
ASN00023718,19090714,PRCP,0,,,a,
ASN00023718,19090715,PRCP,211,,,a,
ASN00023718,19090716,PRCP,124,,,a,
ASN00023718,19090717,PRCP,10,,,a,
ASN00023718,19090718,PRCP,0,,,a,
ASN00023718,19090719,PRCP,8,,,a,
ASN00023718,19090720,PRCP,216,,,a,
ASN00023718,19090721,PRCP,5,,,a,
ASN00023718,19090722,PRCP,0,,,a,
ASN00023718,19090723,PRCP,5,,,a,
ASN00023718,19090724,PRCP,10,,,a,
ASN00023718,19090727,PRCP,18,,,a,
ASN00023718,19090728,PRCP,0,,,a,
ASN00023718,19090729,PRCP,94,,,a,
ASN00023718,19090730,PRCP,10,,,a,
ASN00023718,19090731,PRCP,5,,,a,
ASN00023718,19090712,DAPR,2,,,a,
ASN00023718,19090726,DAPR,2,,,a,
ASN00023718,19090712,DWPR,1,,,a,
ASN00023718,19090726,DWPR,1,,,a,
ASN00023718,19090712,MDPR,135,,,a,
ASN00023718,19090726,MDPR,145,,,a,
ASN00023718,19090801,PRCP,0,,,a,
ASN00023718,19090802,PRCP,188,,,a,
ASN00023718,19090803,PRCP,84,,,a,
ASN00023718,19090804,PRCP,8,,,a,
ASN00023718,19090805,PRCP,0,,,a,
ASN00023718,19090806,PRCP,0,,,a,
ASN00023718,19090807,PRCP,0,,,a,
ASN00023718,19090810,PRCP,18,,,a,
ASN00023718,19090811,PRCP,8,,,a,
ASN00023718,19090812,PRCP,0,,,a,
ASN00023718,19090813,PRCP,28,,,a,
ASN00023718,19090814,PRCP,15,,,a,
ASN00023718,19090815,PRCP,0,,,a,
ASN00023718,19090816,PRCP,0,,,a,
ASN00023718,19090817,PRCP,0,,,a,
ASN00023718,19090818,PRCP,13,,,a,
ASN00023718,19090819,PRCP,328,,,a,
ASN00023718,19090820,PRCP,48,,,a,
ASN00023718,19090821,PRCP,8,,,a,
ASN00023718,19090824,PRCP,0,,,a,
ASN00023718,19090825,PRCP,0,,,a,
ASN00023718,19090826,PRCP,0,,,a,
ASN00023718,19090827,PRCP,8,,,a,
ASN00023718,19090828,PRCP,185,,,a,
ASN00023718,19090831,PRCP,15,,,a,
ASN00023718,19090809,DAPR,2,,,a,
ASN00023718,19090823,DAPR,2,,,a,
ASN00023718,19090830,DAPR,2,,,a,
ASN00023718,19090809,DWPR,1,,,a,
ASN00023718,19090823,DWPR,1,,,a,
ASN00023718,19090830,DWPR,1,,,a,
ASN00023718,19090809,MDPR,51,,,a,
ASN00023718,19090823,MDPR,48,,,a,
ASN00023718,19090830,MDPR,84,,,a,
ASN00023718,19090901,PRCP,89,,,a,
ASN00023718,19090902,PRCP,53,,,a,
ASN00023718,19090903,PRCP,13,,,a,
ASN00023718,19090904,PRCP,0,,,a,
ASN00023718,19090905,PRCP,0,,,a,
ASN00023718,19090906,PRCP,8,,,a,
ASN00023718,19090907,PRCP,0,,,a,
ASN00023718,19090908,PRCP,0,,,a,
ASN00023718,19090909,PRCP,69,,,a,
ASN00023718,19090910,PRCP,0,,,a,
ASN00023718,19090911,PRCP,0,,,a,
ASN00023718,19090914,PRCP,0,,,a,
ASN00023718,19090915,PRCP,64,,,a,
ASN00023718,19090916,PRCP,0,,,a,
ASN00023718,19090917,PRCP,0,,,a,
ASN00023718,19090918,PRCP,0,,,a,
ASN00023718,19090921,PRCP,20,,,a,
ASN00023718,19090922,PRCP,0,,,a,
ASN00023718,19090923,PRCP,0,,,a,
ASN00023718,19090924,PRCP,0,,,a,
ASN00023718,19090925,PRCP,10,,,a,
ASN00023718,19090926,PRCP,0,,,a,
ASN00023718,19090927,PRCP,0,,,a,
ASN00023718,19090928,PRCP,0,,,a,
ASN00023718,19090929,PRCP,0,,,a,
ASN00023718,19090930,PRCP,0,,,a,
ASN00023718,19090913,DAPR,2,,,a,
ASN00023718,19090920,DAPR,2,,,a,
ASN00023718,19090913,DWPR,1,,,a,
ASN00023718,19090920,DWPR,1,,,a,
ASN00023718,19090913,MDPR,58,,,a,
ASN00023718,19090920,MDPR,48,,,a,
ASN00023718,19091001,PRCP,152,,,a,
ASN00023718,19091002,PRCP,20,,,a,
ASN00023718,19091005,PRCP,0,,,a,
ASN00023718,19091006,PRCP,0,,,a,
ASN00023718,19091007,PRCP,0,,,a,
ASN00023718,19091008,PRCP,0,,,a,
ASN00023718,19091009,PRCP,0,,,a,
ASN00023718,19091010,PRCP,0,,,a,
ASN00023718,19091011,PRCP,97,,,a,
ASN00023718,19091012,PRCP,0,,,a,
ASN00023718,19091013,PRCP,0,,,a,
ASN00023718,19091014,PRCP,0,,,a,
ASN00023718,19091015,PRCP,0,,,a,
ASN00023718,19091016,PRCP,0,,,a,
ASN00023718,19091019,PRCP,0,,,a,
ASN00023718,19091020,PRCP,0,,,a,
ASN00023718,19091021,PRCP,0,,,a,
ASN00023718,19091022,PRCP,0,,,a,
ASN00023718,19091023,PRCP,0,,,a,
ASN00023718,19091024,PRCP,0,,,a,
ASN00023718,19091025,PRCP,0,,,a,
ASN00023718,19091026,PRCP,0,,,a,
ASN00023718,19091027,PRCP,0,,,a,
ASN00023718,19091028,PRCP,13,,,a,
ASN00023718,19091029,PRCP,5,,,a,
ASN00023718,19091030,PRCP,0,,,a,
ASN00023718,19091031,PRCP,0,,,a,
ASN00023718,19091004,DAPR,2,,,a,
ASN00023718,19091018,DAPR,2,,,a,
ASN00023718,19091004,DWPR,1,,,a,
ASN00023718,19091018,DWPR,1,,,a,
ASN00023718,19091004,MDPR,89,,,a,
ASN00023718,19091018,MDPR,97,,,a,
ASN00023718,19091101,PRCP,0,,,a,
ASN00023718,19091102,PRCP,0,,,a,
ASN00023718,19091103,PRCP,0,,,a,
ASN00023718,19091104,PRCP,0,,,a,
ASN00023718,19091105,PRCP,0,,,a,
ASN00023718,19091106,PRCP,0,,,a,
ASN00023718,19091107,PRCP,0,,,a,
ASN00023718,19091108,PRCP,0,,,a,
ASN00023718,19091109,PRCP,74,,,a,
ASN00023718,19091110,PRCP,25,,,a,
ASN00023718,19091111,PRCP,0,,,a,
ASN00023718,19091112,PRCP,0,,,a,
ASN00023718,19091113,PRCP,86,,,a,
ASN00023718,19091116,PRCP,48,,,a,
ASN00023718,19091117,PRCP,0,,,a,
ASN00023718,19091118,PRCP,0,,,a,
ASN00023718,19091119,PRCP,13,,,a,
ASN00023718,19091120,PRCP,0,,,a,
ASN00023718,19091123,PRCP,0,,,a,
ASN00023718,19091124,PRCP,0,,,a,
ASN00023718,19091125,PRCP,0,,,a,
ASN00023718,19091126,PRCP,8,,,a,
ASN00023718,19091127,PRCP,0,,,a,
ASN00023718,19091128,PRCP,0,,,a,
ASN00023718,19091129,PRCP,0,,,a,
ASN00023718,19091130,PRCP,0,,,a,
ASN00023718,19091115,DAPR,2,,,a,
ASN00023718,19091122,DAPR,2,,,a,
ASN00023718,19091115,DWPR,1,,,a,
ASN00023718,19091122,DWPR,1,,,a,
ASN00023718,19091115,MDPR,30,,,a,
ASN00023718,19091122,MDPR,74,,,a,
ASN00023718,19091201,PRCP,107,,,a,
ASN00023718,19091202,PRCP,0,,,a,
ASN00023718,19091203,PRCP,0,,,a,
ASN00023718,19091204,PRCP,0,,,a,
ASN00023718,19091205,PRCP,0,,,a,
ASN00023718,19091206,PRCP,0,,,a,
ASN00023718,19091207,PRCP,0,,,a,
ASN00023718,19091208,PRCP,8,,,a,
ASN00023718,19091209,PRCP,0,,,a,
ASN00023718,19091210,PRCP,0,,,a,
ASN00023718,19091211,PRCP,0,,,a,
ASN00023718,19091212,PRCP,0,,,a,
ASN00023718,19091213,PRCP,0,,,a,
ASN00023718,19091214,PRCP,0,,,a,
ASN00023718,19091215,PRCP,0,,,a,
ASN00023718,19091216,PRCP,0,,,a,
ASN00023718,19091217,PRCP,0,,,a,
ASN00023718,19091218,PRCP,0,,,a,
ASN00023718,19091219,PRCP,0,,,a,
ASN00023718,19091220,PRCP,0,,,a,
ASN00023718,19091221,PRCP,10,,,a,
ASN00023718,19091222,PRCP,38,,,a,
ASN00023718,19091223,PRCP,13,,,a,
ASN00023718,19091224,PRCP,0,,,a,
ASN00023718,19091225,PRCP,0,,,a,
ASN00023718,19091226,PRCP,0,,,a,
ASN00023718,19091227,PRCP,0,,,a,
ASN00023718,19091228,PRCP,0,,,a,
ASN00023718,19091229,PRCP,0,,,a,
ASN00023718,19091230,PRCP,0,,,a,
ASN00023718,19091231,PRCP,0,,,a,
ASN00023718,19100101,PRCP,0,,,a,
ASN00023718,19100102,PRCP,0,,,a,
ASN00023718,19100103,PRCP,0,,,a,
ASN00023718,19100104,PRCP,0,,,a,
ASN00023718,19100105,PRCP,0,,,a,
ASN00023718,19100106,PRCP,0,,,a,
ASN00023718,19100107,PRCP,0,,,a,
ASN00023718,19100108,PRCP,0,,,a,
ASN00023718,19100109,PRCP,0,,,a,
ASN00023718,19100110,PRCP,0,,,a,
ASN00023718,19100111,PRCP,0,,,a,
ASN00023718,19100112,PRCP,0,,,a,
ASN00023718,19100113,PRCP,0,,,a,
ASN00023718,19100114,PRCP,8,,,a,
ASN00023718,19100115,PRCP,0,,,a,
ASN00023718,19100116,PRCP,0,,,a,
ASN00023718,19100117,PRCP,0,,,a,
ASN00023718,19100118,PRCP,0,,,a,
ASN00023718,19100119,PRCP,0,,,a,
ASN00023718,19100120,PRCP,0,,,a,
ASN00023718,19100121,PRCP,15,,,a,
ASN00023718,19100122,PRCP,0,,,a,
ASN00023718,19100123,PRCP,0,,,a,
ASN00023718,19100124,PRCP,0,,,a,
ASN00023718,19100125,PRCP,0,,,a,
ASN00023718,19100126,PRCP,0,,,a,
ASN00023718,19100127,PRCP,0,,,a,
ASN00023718,19100128,PRCP,0,,,a,
ASN00023718,19100129,PRCP,0,,,a,
ASN00023718,19100130,PRCP,0,,,a,
ASN00023718,19100131,PRCP,0,,,a,
ASN00023718,19100201,PRCP,0,,,a,
ASN00023718,19100202,PRCP,0,,,a,
ASN00023718,19100203,PRCP,0,,,a,
ASN00023718,19100204,PRCP,0,,,a,
ASN00023718,19100205,PRCP,0,,,a,
ASN00023718,19100206,PRCP,0,,,a,
ASN00023718,19100207,PRCP,10,,,a,
ASN00023718,19100208,PRCP,0,,,a,
ASN00023718,19100209,PRCP,0,,,a,
ASN00023718,19100210,PRCP,0,,,a,
ASN00023718,19100211,PRCP,0,,,a,
ASN00023718,19100212,PRCP,0,,,a,
ASN00023718,19100213,PRCP,0,,,a,
ASN00023718,19100214,PRCP,0,,,a,
ASN00023718,19100215,PRCP,0,,,a,
ASN00023718,19100216,PRCP,0,,,a,
ASN00023718,19100217,PRCP,0,,,a,
ASN00023718,19100218,PRCP,0,,,a,
ASN00023718,19100219,PRCP,0,,,a,
ASN00023718,19100220,PRCP,0,,,a,
ASN00023718,19100221,PRCP,0,,,a,
ASN00023718,19100222,PRCP,0,,,a,
ASN00023718,19100223,PRCP,0,,,a,
ASN00023718,19100224,PRCP,0,,,a,
ASN00023718,19100225,PRCP,0,,,a,
ASN00023718,19100226,PRCP,0,,,a,
ASN00023718,19100227,PRCP,0,,,a,
ASN00023718,19100228,PRCP,0,,,a,
ASN00023718,19100301,PRCP,0,,,a,
ASN00023718,19100302,PRCP,0,,,a,
ASN00023718,19100303,PRCP,0,,,a,
ASN00023718,19100304,PRCP,0,,,a,
ASN00023718,19100305,PRCP,234,,,a,
ASN00023718,19100308,PRCP,18,,,a,
ASN00023718,19100309,PRCP,10,,,a,
ASN00023718,19100310,PRCP,0,,,a,
ASN00023718,19100311,PRCP,0,,,a,
ASN00023718,19100312,PRCP,0,,,a,
ASN00023718,19100313,PRCP,0,,,a,
ASN00023718,19100314,PRCP,0,,,a,
ASN00023718,19100315,PRCP,0,,,a,
ASN00023718,19100316,PRCP,0,,,a,
ASN00023718,19100317,PRCP,0,,,a,
ASN00023718,19100318,PRCP,0,,,a,
ASN00023718,19100319,PRCP,0,,,a,
ASN00023718,19100320,PRCP,0,,,a,
ASN00023718,19100321,PRCP,0,,,a,
ASN00023718,19100322,PRCP,0,,,a,
ASN00023718,19100323,PRCP,0,,,a,
ASN00023718,19100324,PRCP,0,,,a,
ASN00023718,19100325,PRCP,0,,,a,
ASN00023718,19100326,PRCP,0,,,a,
ASN00023718,19100327,PRCP,0,,,a,
ASN00023718,19100328,PRCP,0,,,a,
ASN00023718,19100329,PRCP,0,,,a,
ASN00023718,19100330,PRCP,0,,,a,
ASN00023718,19100331,PRCP,13,,,a,
ASN00023718,19100307,DAPR,2,,,a,
ASN00023718,19100307,DWPR,1,,,a,
ASN00023718,19100307,MDPR,572,,,a,
ASN00023718,19100401,PRCP,0,,,a,
ASN00023718,19100402,PRCP,8,,,a,
ASN00023718,19100403,PRCP,0,,,a,
ASN00023718,19100404,PRCP,0,,,a,
ASN00023718,19100405,PRCP,0,,,a,
ASN00023718,19100406,PRCP,0,,,a,
ASN00023718,19100407,PRCP,0,,,a,
ASN00023718,19100408,PRCP,0,,,a,
ASN00023718,19100409,PRCP,0,,,a,
ASN00023718,19100410,PRCP,0,,,a,
ASN00023718,19100411,PRCP,0,,,a,
ASN00023718,19100412,PRCP,0,,,a,
ASN00023718,19100413,PRCP,0,,,a,
ASN00023718,19100414,PRCP,0,,,a,
ASN00023718,19100415,PRCP,0,,,a,
ASN00023718,19100416,PRCP,0,,,a,
ASN00023718,19100417,PRCP,0,,,a,
ASN00023718,19100418,PRCP,0,,,a,
ASN00023718,19100419,PRCP,0,,,a,
ASN00023718,19100420,PRCP,0,,,a,
ASN00023718,19100421,PRCP,0,,,a,
ASN00023718,19100422,PRCP,0,,,a,
ASN00023718,19100423,PRCP,0,,,a,
ASN00023718,19100424,PRCP,0,,,a,
ASN00023718,19100425,PRCP,0,,,a,
ASN00023718,19100426,PRCP,23,,,a,
ASN00023718,19100427,PRCP,0,,,a,
ASN00023718,19100428,PRCP,0,,,a,
ASN00023718,19100429,PRCP,15,,,a,
ASN00023718,19100430,PRCP,0,,,a,
ASN00023718,19100501,PRCP,0,,,a,
ASN00023718,19100502,PRCP,0,,,a,
ASN00023718,19100503,PRCP,30,,,a,
ASN00023718,19100504,PRCP,0,,,a,
ASN00023718,19100505,PRCP,13,,,a,
ASN00023718,19100506,PRCP,18,,,a,
ASN00023718,19100507,PRCP,0,,,a,
ASN00023718,19100508,PRCP,0,,,a,
ASN00023718,19100509,PRCP,8,,,a,
ASN00023718,19100510,PRCP,0,,,a,
ASN00023718,19100511,PRCP,0,,,a,
ASN00023718,19100512,PRCP,36,,,a,
ASN00023718,19100513,PRCP,30,,,a,
ASN00023718,19100514,PRCP,33,,,a,
ASN00023718,19100517,PRCP,71,,,a,
ASN00023718,19100518,PRCP,61,,,a,
ASN00023718,19100519,PRCP,0,,,a,
ASN00023718,19100520,PRCP,0,,,a,
ASN00023718,19100521,PRCP,0,,,a,
ASN00023718,19100522,PRCP,0,,,a,
ASN00023718,19100523,PRCP,0,,,a,
ASN00023718,19100524,PRCP,0,,,a,
ASN00023718,19100525,PRCP,10,,,a,
ASN00023718,19100526,PRCP,424,,,a,
ASN00023718,19100527,PRCP,114,,,a,
ASN00023718,19100528,PRCP,13,,,a,
ASN00023718,19100531,PRCP,0,,,a,
ASN00023718,19100516,DAPR,2,,,a,
ASN00023718,19100530,DAPR,2,,,a,
ASN00023718,19100516,DWPR,1,,,a,
ASN00023718,19100530,DWPR,1,,,a,
ASN00023718,19100516,MDPR,28,,,a,
ASN00023718,19100530,MDPR,30,,,a,
ASN00023718,19100601,PRCP,0,,,a,
ASN00023718,19100602,PRCP,0,,,a,
ASN00023718,19100603,PRCP,0,,,a,
ASN00023718,19100604,PRCP,8,,,a,
ASN00023718,19100605,PRCP,0,,,a,
ASN00023718,19100606,PRCP,0,,,a,
ASN00023718,19100607,PRCP,0,,,a,
ASN00023718,19100608,PRCP,0,,,a,
ASN00023718,19100609,PRCP,61,,,a,
ASN00023718,19100610,PRCP,18,,,a,
ASN00023718,19100611,PRCP,18,,,a,
ASN00023718,19100612,PRCP,0,,,a,
ASN00023718,19100613,PRCP,5,,,a,
ASN00023718,19100614,PRCP,114,,,a,
ASN00023718,19100615,PRCP,0,,,a,
ASN00023718,19100616,PRCP,0,,,a,
ASN00023718,19100617,PRCP,0,,,a,
ASN00023718,19100618,PRCP,5,,,a,
ASN00023718,19100621,PRCP,132,,,a,
ASN00023718,19100622,PRCP,0,,,a,
ASN00023718,19100623,PRCP,0,,,a,
ASN00023718,19100624,PRCP,0,,,a,
ASN00023718,19100625,PRCP,33,,,a,
ASN00023718,19100628,PRCP,112,,,a,
ASN00023718,19100629,PRCP,79,,,a,
ASN00023718,19100630,PRCP,0,,,a,
ASN00023718,19100620,DAPR,2,,,a,
ASN00023718,19100627,DAPR,2,,,a,
ASN00023718,19100620,DWPR,1,,,a,
ASN00023718,19100627,DWPR,1,,,a,
ASN00023718,19100620,MDPR,48,,,a,
ASN00023718,19100627,MDPR,58,,,a,
ASN00023718,19100701,PRCP,10,,,a,
ASN00023718,19100702,PRCP,43,,,a,
ASN00023718,19100705,PRCP,48,,,a,
ASN00023718,19100706,PRCP,84,,,a,
ASN00023718,19100707,PRCP,53,,,a,
ASN00023718,19100708,PRCP,38,,,a,
ASN00023718,19100709,PRCP,20,,,a,
ASN00023718,19100712,PRCP,0,,,a,
ASN00023718,19100713,PRCP,51,,,a,
ASN00023718,19100714,PRCP,114,,,a,
ASN00023718,19100715,PRCP,51,,,a,
ASN00023718,19100716,PRCP,30,,,a,
ASN00023718,19100719,PRCP,13,,,a,
ASN00023718,19100720,PRCP,5,,,a,
ASN00023718,19100721,PRCP,0,,,a,
ASN00023718,19100722,PRCP,8,,,a,
ASN00023718,19100723,PRCP,23,,,a,
ASN00023718,19100726,PRCP,10,,,a,
ASN00023718,19100727,PRCP,76,,,a,
ASN00023718,19100728,PRCP,51,,,a,
ASN00023718,19100729,PRCP,28,,,a,
ASN00023718,19100730,PRCP,8,,,a,
ASN00023718,19100731,PRCP,0,,,a,
ASN00023718,19100704,DAPR,2,,,a,
ASN00023718,19100711,DAPR,2,,,a,
ASN00023718,19100718,DAPR,2,,,a,
ASN00023718,19100725,DAPR,2,,,a,
ASN00023718,19100704,DWPR,1,,,a,
ASN00023718,19100711,DWPR,1,,,a,
ASN00023718,19100718,DWPR,1,,,a,
ASN00023718,19100725,DWPR,1,,,a,
ASN00023718,19100704,MDPR,165,,,a,
ASN00023718,19100711,MDPR,61,,,a,
ASN00023718,19100718,MDPR,51,,,a,
ASN00023718,19100725,MDPR,112,,,a,
ASN00023718,19100801,PRCP,46,,,a,
ASN00023718,19100802,PRCP,5,,,a,
ASN00023718,19100803,PRCP,0,,,a,
ASN00023718,19100804,PRCP,8,,,a,
ASN00023718,19100805,PRCP,0,,,a,
ASN00023718,19100806,PRCP,10,,,a,
ASN00023718,19100807,PRCP,0,,,a,
ASN00023718,19100808,PRCP,0,,,a,
ASN00023718,19100809,PRCP,56,,,a,
ASN00023718,19100810,PRCP,89,,,a,
ASN00023718,19100811,PRCP,0,,,a,
ASN00023718,19100812,PRCP,0,,,a,
ASN00023718,19100813,PRCP,0,,,a,
ASN00023718,19100814,PRCP,0,,,a,
ASN00023718,19100815,PRCP,0,,,a,
ASN00023718,19100816,PRCP,0,,,a,
ASN00023718,19100817,PRCP,0,,,a,
ASN00023718,19100818,PRCP,0,,,a,
ASN00023718,19100819,PRCP,41,,,a,
ASN00023718,19100820,PRCP,0,,,a,
ASN00023718,19100821,PRCP,0,,,a,
ASN00023718,19100822,PRCP,0,,,a,
ASN00023718,19100823,PRCP,10,,,a,
ASN00023718,19100824,PRCP,244,,,a,
ASN00023718,19100825,PRCP,48,,,a,
ASN00023718,19100826,PRCP,0,,,a,
ASN00023718,19100827,PRCP,0,,,a,
ASN00023718,19100830,PRCP,0,,,a,
ASN00023718,19100831,PRCP,58,,,a,
ASN00023718,19100829,DAPR,2,,,a,
ASN00023718,19100829,DWPR,1,,,a,
ASN00023718,19100829,MDPR,25,,,a,
ASN00023718,19100901,PRCP,8,,,a,
ASN00023718,19100902,PRCP,0,,,a,
ASN00023718,19100903,PRCP,0,,,a,
ASN00023718,19100906,PRCP,23,,,a,
ASN00023718,19100907,PRCP,0,,,a,
ASN00023718,19100908,PRCP,10,,,a,
ASN00023718,19100909,PRCP,0,,,a,
ASN00023718,19100910,PRCP,188,,,a,
ASN00023718,19100913,PRCP,0,,,a,
ASN00023718,19100914,PRCP,0,,,a,
ASN00023718,19100915,PRCP,0,,,a,
ASN00023718,19100916,PRCP,86,,,a,
ASN00023718,19100917,PRCP,13,,,a,
ASN00023718,19100918,PRCP,0,,,a,
ASN00023718,19100919,PRCP,8,,,a,
ASN00023718,19100920,PRCP,10,,,a,
ASN00023718,19100921,PRCP,8,,,a,
ASN00023718,19100922,PRCP,0,,,a,
ASN00023718,19100923,PRCP,0,,,a,
ASN00023718,19100924,PRCP,0,,,a,
ASN00023718,19100925,PRCP,0,,,a,
ASN00023718,19100926,PRCP,23,,,a,
ASN00023718,19100927,PRCP,13,,,a,
ASN00023718,19100928,PRCP,8,,,a,
ASN00023718,19100929,PRCP,10,,,a,
ASN00023718,19100930,PRCP,0,,,a,
ASN00023718,19100905,DAPR,2,,,a,
ASN00023718,19100912,DAPR,2,,,a,
ASN00023718,19100905,DWPR,1,,,a,
ASN00023718,19100912,DWPR,1,,,a,
ASN00023718,19100905,MDPR,79,,,a,
ASN00023718,19100912,MDPR,74,,,a,
ASN00023718,19101001,PRCP,18,,,a,
ASN00023718,19101004,PRCP,0,,,a,
ASN00023718,19101005,PRCP,112,,,a,
ASN00023718,19101006,PRCP,28,,,a,
ASN00023718,19101007,PRCP,10,,,a,
ASN00023718,19101008,PRCP,0,,,a,
ASN00023718,19101011,PRCP,10,,,a,
ASN00023718,19101012,PRCP,0,,,a,
ASN00023718,19101013,PRCP,0,,,a,
ASN00023718,19101014,PRCP,0,,,a,
ASN00023718,19101015,PRCP,0,,,a,
ASN00023718,19101016,PRCP,0,,,a,
ASN00023718,19101017,PRCP,0,,,a,
ASN00023718,19101018,PRCP,81,,,a,
ASN00023718,19101019,PRCP,0,,,a,
ASN00023718,19101020,PRCP,0,,,a,
ASN00023718,19101021,PRCP,0,,,a,
ASN00023718,19101022,PRCP,0,,,a,
ASN00023718,19101023,PRCP,0,,,a,
ASN00023718,19101024,PRCP,23,,,a,
ASN00023718,19101025,PRCP,0,,,a,
ASN00023718,19101026,PRCP,10,,,a,
ASN00023718,19101027,PRCP,0,,,a,
ASN00023718,19101028,PRCP,64,,,a,
ASN00023718,19101029,PRCP,53,,,a,
ASN00023718,19101030,PRCP,0,,,a,
ASN00023718,19101031,PRCP,0,,,a,
ASN00023718,19101003,DAPR,2,,,a,
ASN00023718,19101010,DAPR,2,,,a,
ASN00023718,19101003,DWPR,1,,,a,
ASN00023718,19101010,DWPR,1,,,a,
ASN00023718,19101003,MDPR,107,,,a,
ASN00023718,19101010,MDPR,102,,,a,
ASN00023718,19101101,PRCP,0,,,a,
ASN00023718,19101102,PRCP,0,,,a,
ASN00023718,19101103,PRCP,25,,,a,
ASN00023718,19101104,PRCP,43,,,a,
ASN00023718,19101105,PRCP,226,,,a,
ASN00023718,19101108,PRCP,0,,,a,
ASN00023718,19101109,PRCP,0,,,a,
ASN00023718,19101110,PRCP,0,,,a,
ASN00023718,19101111,PRCP,8,,,a,
ASN00023718,19101112,PRCP,38,,,a,
ASN00023718,19101113,PRCP,0,,,a,
ASN00023718,19101114,PRCP,15,,,a,
ASN00023718,19101115,PRCP,0,,,a,
ASN00023718,19101116,PRCP,0,,,a,
ASN00023718,19101117,PRCP,0,,,a,
ASN00023718,19101118,PRCP,0,,,a,
ASN00023718,19101119,PRCP,25,,,a,
ASN00023718,19101122,PRCP,0,,,a,
ASN00023718,19101123,PRCP,0,,,a,
ASN00023718,19101124,PRCP,89,,,a,
ASN00023718,19101125,PRCP,0,,,a,
ASN00023718,19101126,PRCP,0,,,a,
ASN00023718,19101127,PRCP,0,,,a,
ASN00023718,19101128,PRCP,0,,,a,
ASN00023718,19101129,PRCP,0,,,a,
ASN00023718,19101130,PRCP,0,,,a,
ASN00023718,19101107,DAPR,2,,,a,
ASN00023718,19101121,DAPR,2,,,a,
ASN00023718,19101107,DWPR,1,,,a,
ASN00023718,19101121,DWPR,1,,,a,
ASN00023718,19101107,MDPR,117,,,a,
ASN00023718,19101121,MDPR,51,,,a,
ASN00023718,19101201,PRCP,168,,,a,
ASN00023718,19101202,PRCP,0,,,a,
ASN00023718,19101203,PRCP,0,,,a,
ASN00023718,19101204,PRCP,0,,,a,
ASN00023718,19101205,PRCP,0,,,a,
ASN00023718,19101206,PRCP,0,,,a,
ASN00023718,19101207,PRCP,0,,,a,
ASN00023718,19101208,PRCP,0,,,a,
ASN00023718,19101209,PRCP,0,,,a,
ASN00023718,19101210,PRCP,0,,,a,
ASN00023718,19101211,PRCP,0,,,a,
ASN00023718,19101212,PRCP,0,,,a,
ASN00023718,19101213,PRCP,0,,,a,
ASN00023718,19101214,PRCP,13,,,a,
ASN00023718,19101215,PRCP,0,,,a,
ASN00023718,19101216,PRCP,0,,,a,
ASN00023718,19101217,PRCP,0,,,a,
ASN00023718,19101220,PRCP,46,,,a,
ASN00023718,19101221,PRCP,0,,,a,
ASN00023718,19101222,PRCP,48,,,a,
ASN00023718,19101223,PRCP,160,,,a,
ASN00023718,19101224,PRCP,18,,,a,
ASN00023718,19101225,PRCP,0,,,a,
ASN00023718,19101226,PRCP,0,,,a,
ASN00023718,19101227,PRCP,0,,,a,
ASN00023718,19101228,PRCP,0,,,a,
ASN00023718,19101229,PRCP,0,,,a,
ASN00023718,19101230,PRCP,0,,,a,
ASN00023718,19101231,PRCP,0,,,a,
ASN00023718,19101219,DAPR,2,,,a,
ASN00023718,19101219,DWPR,1,,,a,
ASN00023718,19101219,MDPR,33,,,a,
ASN00023718,19110101,PRCP,0,,,a,
ASN00023718,19110102,PRCP,0,,,a,
ASN00023718,19110103,PRCP,0,,,a,
ASN00023718,19110104,PRCP,0,,,a,
ASN00023718,19110105,PRCP,0,,,a,
ASN00023718,19110106,PRCP,0,,,a,
ASN00023718,19110107,PRCP,0,,,a,
ASN00023718,19110108,PRCP,0,,,a,
ASN00023718,19110109,PRCP,0,,,a,
ASN00023718,19110110,PRCP,0,,,a,
ASN00023718,19110111,PRCP,0,,,a,
ASN00023718,19110112,PRCP,0,,,a,
ASN00023718,19110113,PRCP,0,,,a,
ASN00023718,19110114,PRCP,0,,,a,
ASN00023718,19110115,PRCP,0,,,a,
ASN00023718,19110116,PRCP,0,,,a,
ASN00023718,19110117,PRCP,23,,,a,
ASN00023718,19110118,PRCP,0,,,a,
ASN00023718,19110119,PRCP,13,,,a,
ASN00023718,19110120,PRCP,0,,,a,
ASN00023718,19110121,PRCP,0,,,a,
ASN00023718,19110122,PRCP,0,,,a,
ASN00023718,19110123,PRCP,0,,,a,
ASN00023718,19110124,PRCP,0,,,a,
ASN00023718,19110125,PRCP,0,,,a,
ASN00023718,19110126,PRCP,0,,,a,
ASN00023718,19110127,PRCP,0,,,a,
ASN00023718,19110128,PRCP,20,,,a,
ASN00023718,19110129,PRCP,0,,,a,
ASN00023718,19110130,PRCP,0,,,a,
ASN00023718,19110131,PRCP,0,,,a,
ASN00023718,19110201,PRCP,8,,,a,
ASN00023718,19110202,PRCP,0,,,a,
ASN00023718,19110203,PRCP,0,,,a,
ASN00023718,19110204,PRCP,25,,,a,
ASN00023718,19110207,PRCP,218,,,a,
ASN00023718,19110208,PRCP,69,,,a,
ASN00023718,19110209,PRCP,119,,,a,
ASN00023718,19110210,PRCP,8,,,a,
ASN00023718,19110211,PRCP,0,,,a,
ASN00023718,19110214,PRCP,43,,,a,
ASN00023718,19110215,PRCP,10,,,a,
ASN00023718,19110216,PRCP,10,,,a,
ASN00023718,19110217,PRCP,0,,,a,
ASN00023718,19110218,PRCP,0,,,a,
ASN00023718,19110219,PRCP,0,,,a,
ASN00023718,19110220,PRCP,0,,,a,
ASN00023718,19110221,PRCP,0,,,a,
ASN00023718,19110222,PRCP,0,,,a,
ASN00023718,19110223,PRCP,0,,,a,
ASN00023718,19110224,PRCP,0,,,a,
ASN00023718,19110225,PRCP,0,,,a,
ASN00023718,19110226,PRCP,0,,,a,
ASN00023718,19110227,PRCP,0,,,a,
ASN00023718,19110228,PRCP,25,,,a,
ASN00023718,19110206,DAPR,2,,,a,
ASN00023718,19110213,DAPR,2,,,a,
ASN00023718,19110206,DWPR,1,,,a,
ASN00023718,19110213,DWPR,1,,,a,
ASN00023718,19110206,MDPR,43,,,a,
ASN00023718,19110213,MDPR,58,,,a,
ASN00023718,19110301,PRCP,20,,,a,
ASN00023718,19110302,PRCP,0,,,a,
ASN00023718,19110303,PRCP,0,,,a,
ASN00023718,19110304,PRCP,0,,,a,
ASN00023718,19110305,PRCP,15,,,a,
ASN00023718,19110306,PRCP,0,,,a,
ASN00023718,19110307,PRCP,8,,,a,
ASN00023718,19110308,PRCP,0,,,a,
ASN00023718,19110309,PRCP,13,,,a,
ASN00023718,19110310,PRCP,5,,,a,
ASN00023718,19110311,PRCP,18,,,a,
ASN00023718,19110312,PRCP,0,,,a,
ASN00023718,19110313,PRCP,8,,,a,
ASN00023718,19110314,PRCP,13,,,a,
ASN00023718,19110315,PRCP,0,,,a,
ASN00023718,19110316,PRCP,0,,,a,
ASN00023718,19110317,PRCP,0,,,a,
ASN00023718,19110318,PRCP,0,,,a,
ASN00023718,19110319,PRCP,97,,,a,
ASN00023718,19110320,PRCP,5,,,a,
ASN00023718,19110321,PRCP,28,,,a,
ASN00023718,19110322,PRCP,0,,,a,
ASN00023718,19110323,PRCP,0,,,a,
ASN00023718,19110324,PRCP,0,,,a,
ASN00023718,19110325,PRCP,0,,,a,
ASN00023718,19110326,PRCP,0,,,a,
ASN00023718,19110327,PRCP,0,,,a,
ASN00023718,19110328,PRCP,0,,,a,
ASN00023718,19110329,PRCP,10,,,a,
ASN00023718,19110330,PRCP,0,,,a,
ASN00023718,19110331,PRCP,0,,,a,
ASN00023718,19110401,PRCP,0,,,a,
ASN00023718,19110402,PRCP,0,,,a,
ASN00023718,19110403,PRCP,0,,,a,
ASN00023718,19110404,PRCP,0,,,a,
ASN00023718,19110405,PRCP,8,,,a,
ASN00023718,19110406,PRCP,0,,,a,
ASN00023718,19110407,PRCP,18,,,a,
ASN00023718,19110408,PRCP,0,,,a,
ASN00023718,19110409,PRCP,0,,,a,
ASN00023718,19110410,PRCP,0,,,a,
ASN00023718,19110411,PRCP,0,,,a,
ASN00023718,19110412,PRCP,10,,,a,
ASN00023718,19110413,PRCP,25,,,a,
ASN00023718,19110414,PRCP,0,,,a,
ASN00023718,19110415,PRCP,0,,,a,
ASN00023718,19110416,PRCP,0,,,a,
ASN00023718,19110417,PRCP,0,,,a,
ASN00023718,19110418,PRCP,0,,,a,
ASN00023718,19110419,PRCP,0,,,a,
ASN00023718,19110420,PRCP,0,,,a,
ASN00023718,19110421,PRCP,8,,,a,
ASN00023718,19110422,PRCP,0,,,a,
ASN00023718,19110423,PRCP,0,,,a,
ASN00023718,19110424,PRCP,18,,,a,
ASN00023718,19110425,PRCP,13,,,a,
ASN00023718,19110426,PRCP,0,,,a,
ASN00023718,19110427,PRCP,0,,,a,
ASN00023718,19110428,PRCP,0,,,a,
ASN00023718,19110429,PRCP,0,,,a,
ASN00023718,19110430,PRCP,0,,,a,
ASN00023718,19110501,PRCP,10,,,a,
ASN00023718,19110502,PRCP,0,,,a,
ASN00023718,19110503,PRCP,8,,,a,
ASN00023718,19110504,PRCP,0,,,a,
ASN00023718,19110505,PRCP,0,,,a,
ASN00023718,19110506,PRCP,0,,,a,
ASN00023718,19110507,PRCP,43,,,a,
ASN00023718,19110508,PRCP,0,,,a,
ASN00023718,19110509,PRCP,102,,,a,
ASN00023718,19110510,PRCP,206,,,a,
ASN00023718,19110511,PRCP,0,,,a,
ASN00023718,19110512,PRCP,10,,,a,
ASN00023718,19110513,PRCP,8,,,a,
ASN00023718,19110514,PRCP,30,,,a,
ASN00023718,19110515,PRCP,0,,,a,
ASN00023718,19110516,PRCP,0,,,a,
ASN00023718,19110517,PRCP,18,,,a,
ASN00023718,19110518,PRCP,74,,,a,
ASN00023718,19110519,PRCP,15,,,a,
ASN00023718,19110520,PRCP,114,,,a,
ASN00023718,19110521,PRCP,36,,,a,
ASN00023718,19110522,PRCP,8,,,a,
ASN00023718,19110523,PRCP,5,,,a,
ASN00023718,19110524,PRCP,0,,,a,
ASN00023718,19110525,PRCP,8,,,a,
ASN00023718,19110526,PRCP,5,,,a,
ASN00023718,19110527,PRCP,48,,,a,
ASN00023718,19110528,PRCP,36,,,a,
ASN00023718,19110529,PRCP,18,,,a,
ASN00023718,19110530,PRCP,36,,,a,
ASN00023718,19110531,PRCP,0,,,a,
ASN00023718,19110601,PRCP,0,,,a,
ASN00023718,19110602,PRCP,0,,,a,
ASN00023718,19110603,PRCP,20,,,a,
ASN00023718,19110604,PRCP,76,,,a,
ASN00023718,19110605,PRCP,10,,,a,
ASN00023718,19110606,PRCP,10,,,a,
ASN00023718,19110607,PRCP,76,,,a,
ASN00023718,19110608,PRCP,25,,,a,
ASN00023718,19110609,PRCP,43,,,a,
ASN00023718,19110610,PRCP,15,,,a,
ASN00023718,19110611,PRCP,20,,,a,
ASN00023718,19110612,PRCP,15,,,a,
ASN00023718,19110613,PRCP,0,,,a,
ASN00023718,19110614,PRCP,0,,,a,
ASN00023718,19110615,PRCP,0,,,a,
ASN00023718,19110616,PRCP,0,,,a,
ASN00023718,19110617,PRCP,23,,,a,
ASN00023718,19110620,PRCP,33,,,a,
ASN00023718,19110621,PRCP,13,,,a,
ASN00023718,19110622,PRCP,0,,,a,
ASN00023718,19110623,PRCP,0,,,a,
ASN00023718,19110624,PRCP,0,,,a,
ASN00023718,19110625,PRCP,8,,,a,
ASN00023718,19110626,PRCP,0,,,a,
ASN00023718,19110627,PRCP,0,,,a,
ASN00023718,19110628,PRCP,0,,,a,
ASN00023718,19110629,PRCP,0,,,a,
ASN00023718,19110630,PRCP,23,,,a,
ASN00023718,19110619,DAPR,2,,,a,
ASN00023718,19110619,DWPR,1,,,a,
ASN00023718,19110619,MDPR,58,,,a,
ASN00023718,19110701,PRCP,0,,,a,
ASN00023718,19110704,PRCP,18,,,a,
ASN00023718,19110705,PRCP,0,,,a,
ASN00023718,19110706,PRCP,0,,,a,
ASN00023718,19110707,PRCP,0,,,a,
ASN00023718,19110708,PRCP,0,,,a,
ASN00023718,19110709,PRCP,0,,,a,
ASN00023718,19110710,PRCP,0,,,a,
ASN00023718,19110711,PRCP,43,,,a,
ASN00023718,19110712,PRCP,51,,,a,
ASN00023718,19110713,PRCP,0,,,a,
ASN00023718,19110714,PRCP,0,,,a,
ASN00023718,19110715,PRCP,0,,,a,
ASN00023718,19110716,PRCP,53,,,a,
ASN00023718,19110717,PRCP,66,,,a,
ASN00023718,19110718,PRCP,51,,,a,
ASN00023718,19110719,PRCP,10,,,a,
ASN00023718,19110720,PRCP,20,,,a,
ASN00023718,19110721,PRCP,33,,,a,
ASN00023718,19110722,PRCP,104,,,a,
ASN00023718,19110723,PRCP,0,,,a,
ASN00023718,19110724,PRCP,0,,,a,
ASN00023718,19110725,PRCP,0,,,a,
ASN00023718,19110726,PRCP,0,,,a,
ASN00023718,19110727,PRCP,51,,,a,
ASN00023718,19110728,PRCP,5,,,a,
ASN00023718,19110729,PRCP,25,,,a,
ASN00023718,19110730,PRCP,33,,,a,
ASN00023718,19110731,PRCP,0,,,a,
ASN00023718,19110703,DAPR,2,,,a,
ASN00023718,19110703,DWPR,1,,,a,
ASN00023718,19110703,MDPR,33,,,a,
ASN00023718,19110801,PRCP,13,,,a,
ASN00023718,19110802,PRCP,0,,,a,
ASN00023718,19110803,PRCP,0,,,a,
ASN00023718,19110804,PRCP,0,,,a,
ASN00023718,19110805,PRCP,0,,,a,
ASN00023718,19110806,PRCP,0,,,a,
ASN00023718,19110807,PRCP,0,,,a,
ASN00023718,19110808,PRCP,0,,,a,
ASN00023718,19110809,PRCP,0,,,a,
ASN00023718,19110810,PRCP,0,,,a,
ASN00023718,19110811,PRCP,30,,,a,
ASN00023718,19110812,PRCP,0,,,a,
ASN00023718,19110813,PRCP,51,,,a,
ASN00023718,19110814,PRCP,0,,,a,
ASN00023718,19110815,PRCP,0,,,a,
ASN00023718,19110816,PRCP,28,,,a,
ASN00023718,19110817,PRCP,0,,,a,
ASN00023718,19110818,PRCP,5,,,a,
ASN00023718,19110819,PRCP,30,,,a,
ASN00023718,19110820,PRCP,0,,,a,
ASN00023718,19110821,PRCP,0,,,a,
ASN00023718,19110822,PRCP,0,,,a,
ASN00023718,19110823,PRCP,0,,,a,
ASN00023718,19110824,PRCP,0,,,a,
ASN00023718,19110825,PRCP,0,,,a,
ASN00023718,19110826,PRCP,0,,,a,
ASN00023718,19110829,PRCP,0,,,a,
ASN00023718,19110830,PRCP,0,,,a,
ASN00023718,19110831,PRCP,0,,,a,
ASN00023718,19110828,DAPR,2,,,a,
ASN00023718,19110828,DWPR,1,,,a,
ASN00023718,19110828,MDPR,25,,,a,
ASN00023718,19110901,PRCP,8,,,a,
ASN00023718,19110902,PRCP,310,,,a,
ASN00023718,19110903,PRCP,20,,,a,
ASN00023718,19110904,PRCP,13,,,a,
ASN00023718,19110905,PRCP,8,,,a,
ASN00023718,19110906,PRCP,0,,,a,
ASN00023718,19110907,PRCP,0,,,a,
ASN00023718,19110908,PRCP,0,,,a,
ASN00023718,19110909,PRCP,0,,,a,
ASN00023718,19110910,PRCP,25,,,a,
ASN00023718,19110911,PRCP,0,,,a,
ASN00023718,19110912,PRCP,0,,,a,
ASN00023718,19110913,PRCP,0,,,a,
ASN00023718,19110914,PRCP,0,,,a,
ASN00023718,19110915,PRCP,86,,,a,
ASN00023718,19110916,PRCP,13,,,a,
ASN00023718,19110917,PRCP,0,,,a,
ASN00023718,19110918,PRCP,0,,,a,
ASN00023718,19110919,PRCP,10,,,a,
ASN00023718,19110920,PRCP,0,,,a,
ASN00023718,19110921,PRCP,18,,,a,
ASN00023718,19110922,PRCP,0,,,a,
ASN00023718,19110923,PRCP,0,,,a,
ASN00023718,19110924,PRCP,0,,,a,
ASN00023718,19110925,PRCP,0,,,a,
ASN00023718,19110926,PRCP,10,,,a,
ASN00023718,19110927,PRCP,107,,,a,
ASN00023718,19110928,PRCP,53,,,a,
ASN00023718,19110929,PRCP,183,,,a,
ASN00023718,19110930,PRCP,23,,,a,
ASN00023718,19111001,PRCP,0,,,a,
ASN00023718,19111002,PRCP,0,,,a,
ASN00023718,19111003,PRCP,0,,,a,
ASN00023718,19111004,PRCP,0,,,a,
ASN00023718,19111005,PRCP,0,,,a,
ASN00023718,19111006,PRCP,0,,,a,
ASN00023718,19111007,PRCP,0,,,a,
ASN00023718,19111008,PRCP,0,,,a,
ASN00023718,19111009,PRCP,0,,,a,
ASN00023718,19111010,PRCP,0,,,a,
ASN00023718,19111011,PRCP,0,,,a,
ASN00023718,19111012,PRCP,0,,,a,
ASN00023718,19111013,PRCP,0,,,a,
ASN00023718,19111014,PRCP,46,,,a,
ASN00023718,19111015,PRCP,0,,,a,
ASN00023718,19111016,PRCP,13,,,a,
ASN00023718,19111017,PRCP,48,,,a,
ASN00023718,19111018,PRCP,0,,,a,
ASN00023718,19111019,PRCP,0,,,a,
ASN00023718,19111020,PRCP,0,,,a,
ASN00023718,19111021,PRCP,0,,,a,
ASN00023718,19111022,PRCP,0,,,a,
ASN00023718,19111023,PRCP,0,,,a,
ASN00023718,19111024,PRCP,18,,,a,
ASN00023718,19111025,PRCP,0,,,a,
ASN00023718,19111026,PRCP,0,,,a,
ASN00023718,19111027,PRCP,0,,,a,
ASN00023718,19111028,PRCP,0,,,a,
ASN00023718,19111029,PRCP,0,,,a,
ASN00023718,19111030,PRCP,0,,,a,
ASN00023718,19111031,PRCP,170,,,a,
ASN00023718,19111101,PRCP,8,,,a,
ASN00023718,19111102,PRCP,0,,,a,
ASN00023718,19111103,PRCP,0,,,a,
ASN00023718,19111104,PRCP,0,,,a,
ASN00023718,19111105,PRCP,0,,,a,
ASN00023718,19111106,PRCP,0,,,a,
ASN00023718,19111107,PRCP,0,,,a,
ASN00023718,19111108,PRCP,0,,,a,
ASN00023718,19111109,PRCP,0,,,a,
ASN00023718,19111110,PRCP,0,,,a,
ASN00023718,19111111,PRCP,0,,,a,
ASN00023718,19111112,PRCP,0,,,a,
ASN00023718,19111113,PRCP,0,,,a,
ASN00023718,19111114,PRCP,0,,,a,
ASN00023718,19111115,PRCP,0,,,a,
ASN00023718,19111116,PRCP,0,,,a,
ASN00023718,19111117,PRCP,0,,,a,
ASN00023718,19111118,PRCP,0,,,a,
ASN00023718,19111119,PRCP,0,,,a,
ASN00023718,19111120,PRCP,10,,,a,
ASN00023718,19111121,PRCP,0,,,a,
ASN00023718,19111122,PRCP,0,,,a,
ASN00023718,19111123,PRCP,0,,,a,
ASN00023718,19111124,PRCP,64,,,a,
ASN00023718,19111125,PRCP,0,,,a,
ASN00023718,19111126,PRCP,0,,,a,
ASN00023718,19111127,PRCP,0,,,a,
ASN00023718,19111128,PRCP,0,,,a,
ASN00023718,19111129,PRCP,0,,,a,
ASN00023718,19111130,PRCP,0,,,a,
ASN00023718,19111201,PRCP,13,,,a,
ASN00023718,19111202,PRCP,0,,,a,
ASN00023718,19111205,PRCP,188,,,a,
ASN00023718,19111206,PRCP,0,,,a,
ASN00023718,19111207,PRCP,0,,,a,
ASN00023718,19111208,PRCP,0,,,a,
ASN00023718,19111209,PRCP,0,,,a,
ASN00023718,19111210,PRCP,0,,,a,
ASN00023718,19111211,PRCP,0,,,a,
ASN00023718,19111212,PRCP,61,,,a,
ASN00023718,19111213,PRCP,0,,,a,
ASN00023718,19111214,PRCP,0,,,a,
ASN00023718,19111215,PRCP,41,,,a,
ASN00023718,19111216,PRCP,15,,,a,
ASN00023718,19111217,PRCP,0,,,a,
ASN00023718,19111218,PRCP,0,,,a,
ASN00023718,19111219,PRCP,0,,,a,
ASN00023718,19111220,PRCP,0,,,a,
ASN00023718,19111221,PRCP,0,,,a,
ASN00023718,19111222,PRCP,0,,,a,
ASN00023718,19111223,PRCP,0,,,a,
ASN00023718,19111224,PRCP,0,,,a,
ASN00023718,19111225,PRCP,0,,,a,
ASN00023718,19111226,PRCP,13,,,a,
ASN00023718,19111227,PRCP,0,,,a,
ASN00023718,19111228,PRCP,0,,,a,
ASN00023718,19111229,PRCP,0,,,a,
ASN00023718,19111230,PRCP,0,,,a,
ASN00023718,19111231,PRCP,0,,,a,
ASN00023718,19111204,DAPR,2,,,a,
ASN00023718,19111204,DWPR,1,,,a,
ASN00023718,19111204,MDPR,97,,,a,
ASN00023718,19120101,PRCP,0,,,a,
ASN00023718,19120102,PRCP,0,,,a,
ASN00023718,19120103,PRCP,0,,,a,
ASN00023718,19120104,PRCP,0,,,a,
ASN00023718,19120105,PRCP,41,,,a,
ASN00023718,19120106,PRCP,8,,,a,
ASN00023718,19120107,PRCP,0,,,a,
ASN00023718,19120108,PRCP,0,,,a,
ASN00023718,19120109,PRCP,0,,,a,
ASN00023718,19120110,PRCP,0,,,a,
ASN00023718,19120111,PRCP,0,,,a,
ASN00023718,19120112,PRCP,0,,,a,
ASN00023718,19120113,PRCP,0,,,a,
ASN00023718,19120114,PRCP,0,,,a,
ASN00023718,19120115,PRCP,0,,,a,
ASN00023718,19120116,PRCP,0,,,a,
ASN00023718,19120117,PRCP,0,,,a,
ASN00023718,19120118,PRCP,0,,,a,
ASN00023718,19120119,PRCP,0,,,a,
ASN00023718,19120120,PRCP,0,,,a,
ASN00023718,19120121,PRCP,0,,,a,
ASN00023718,19120122,PRCP,0,,,a,
ASN00023718,19120123,PRCP,0,,,a,
ASN00023718,19120124,PRCP,0,,,a,
ASN00023718,19120125,PRCP,0,,,a,
ASN00023718,19120126,PRCP,0,,,a,
ASN00023718,19120127,PRCP,0,,,a,
ASN00023718,19120128,PRCP,0,,,a,
ASN00023718,19120129,PRCP,0,,,a,
ASN00023718,19120130,PRCP,0,,,a,
ASN00023718,19120131,PRCP,0,,,a,
ASN00023718,19120201,PRCP,0,,,a,
ASN00023718,19120202,PRCP,0,,,a,
ASN00023718,19120203,PRCP,0,,,a,
ASN00023718,19120204,PRCP,0,,,a,
ASN00023718,19120205,PRCP,0,,,a,
ASN00023718,19120206,PRCP,0,,,a,
ASN00023718,19120207,PRCP,0,,,a,
ASN00023718,19120208,PRCP,0,,,a,
ASN00023718,19120209,PRCP,0,,,a,
ASN00023718,19120210,PRCP,0,,,a,
ASN00023718,19120211,PRCP,0,,,a,
ASN00023718,19120212,PRCP,0,,,a,
ASN00023718,19120213,PRCP,0,,,a,
ASN00023718,19120214,PRCP,0,,,a,
ASN00023718,19120215,PRCP,0,,,a,
ASN00023718,19120216,PRCP,0,,,a,
ASN00023718,19120217,PRCP,0,,,a,
ASN00023718,19120218,PRCP,0,,,a,
ASN00023718,19120219,PRCP,0,,,a,
ASN00023718,19120220,PRCP,0,,,a,
ASN00023718,19120221,PRCP,0,,,a,
ASN00023718,19120222,PRCP,0,,,a,
ASN00023718,19120223,PRCP,175,,,a,
ASN00023718,19120224,PRCP,5,,,a,
ASN00023718,19120225,PRCP,0,,,a,
ASN00023718,19120226,PRCP,0,,,a,
ASN00023718,19120227,PRCP,0,,,a,
ASN00023718,19120228,PRCP,8,,,a,
ASN00023718,19120229,PRCP,0,,,a,
ASN00023718,19120301,PRCP,0,,,a,
ASN00023718,19120302,PRCP,0,,,a,
ASN00023718,19120303,PRCP,0,,,a,
ASN00023718,19120304,PRCP,0,,,a,
ASN00023718,19120305,PRCP,0,,,a,
ASN00023718,19120306,PRCP,0,,,a,
ASN00023718,19120307,PRCP,0,,,a,
ASN00023718,19120308,PRCP,0,,,a,
ASN00023718,19120309,PRCP,69,,,a,
ASN00023718,19120310,PRCP,23,,,a,
ASN00023718,19120311,PRCP,5,,,a,
ASN00023718,19120312,PRCP,0,,,a,
ASN00023718,19120313,PRCP,8,,,a,
ASN00023718,19120314,PRCP,0,,,a,
ASN00023718,19120315,PRCP,0,,,a,
ASN00023718,19120316,PRCP,0,,,a,
ASN00023718,19120317,PRCP,0,,,a,
ASN00023718,19120318,PRCP,0,,,a,
ASN00023718,19120319,PRCP,0,,,a,
ASN00023718,19120320,PRCP,0,,,a,
ASN00023718,19120321,PRCP,0,,,a,
ASN00023718,19120322,PRCP,0,,,a,
ASN00023718,19120323,PRCP,0,,,a,
ASN00023718,19120324,PRCP,51,,,a,
ASN00023718,19120325,PRCP,0,,,a,
ASN00023718,19120326,PRCP,5,,,a,
ASN00023718,19120327,PRCP,0,,,a,
ASN00023718,19120328,PRCP,48,,,a,
ASN00023718,19120329,PRCP,8,,,a,
ASN00023718,19120330,PRCP,0,,,a,
ASN00023718,19120331,PRCP,0,,,a,
ASN00023718,19120401,PRCP,0,,,a,
ASN00023718,19120402,PRCP,0,,,a,
ASN00023718,19120403,PRCP,0,,,a,
ASN00023718,19120404,PRCP,0,,,a,
ASN00023718,19120405,PRCP,61,,,a,
ASN00023718,19120406,PRCP,28,,,a,
ASN00023718,19120407,PRCP,33,,,a,
ASN00023718,19120408,PRCP,18,,,a,
ASN00023718,19120409,PRCP,3,,,a,
ASN00023718,19120410,PRCP,0,,,a,
ASN00023718,19120411,PRCP,13,,,a,
ASN00023718,19120412,PRCP,0,,,a,
ASN00023718,19120413,PRCP,0,,,a,
ASN00023718,19120414,PRCP,0,,,a,
ASN00023718,19120415,PRCP,0,,,a,
ASN00023718,19120416,PRCP,25,,,a,
ASN00023718,19120417,PRCP,84,,,a,
ASN00023718,19120418,PRCP,3,,,a,
ASN00023718,19120419,PRCP,10,,,a,
ASN00023718,19120420,PRCP,0,,,a,
ASN00023718,19120421,PRCP,38,,,a,
ASN00023718,19120422,PRCP,5,,,a,
ASN00023718,19120423,PRCP,33,,,a,
ASN00023718,19120424,PRCP,18,,,a,
ASN00023718,19120425,PRCP,5,,,a,
ASN00023718,19120426,PRCP,0,,,a,
ASN00023718,19120427,PRCP,0,,,a,
ASN00023718,19120428,PRCP,0,,,a,
ASN00023718,19120429,PRCP,0,,,a,
ASN00023718,19120430,PRCP,0,,,a,
ASN00023718,19120501,PRCP,0,,,a,
ASN00023718,19120502,PRCP,0,,,a,
ASN00023718,19120503,PRCP,0,,,a,
ASN00023718,19120504,PRCP,0,,,a,
ASN00023718,19120505,PRCP,0,,,a,
ASN00023718,19120506,PRCP,0,,,a,
ASN00023718,19120507,PRCP,0,,,a,
ASN00023718,19120508,PRCP,0,,,a,
ASN00023718,19120509,PRCP,0,,,a,
ASN00023718,19120510,PRCP,8,,,a,
ASN00023718,19120511,PRCP,8,,,a,
ASN00023718,19120512,PRCP,0,,,a,
ASN00023718,19120513,PRCP,3,,,a,
ASN00023718,19120514,PRCP,0,,,a,
ASN00023718,19120515,PRCP,0,,,a,
ASN00023718,19120516,PRCP,23,,,a,
ASN00023718,19120517,PRCP,8,,,a,
ASN00023718,19120518,PRCP,0,,,a,
ASN00023718,19120519,PRCP,18,,,a,
ASN00023718,19120520,PRCP,0,,,a,
ASN00023718,19120521,PRCP,0,,,a,
ASN00023718,19120522,PRCP,3,,,a,
ASN00023718,19120523,PRCP,0,,,a,
ASN00023718,19120524,PRCP,0,,,a,
ASN00023718,19120525,PRCP,13,,,a,
ASN00023718,19120526,PRCP,13,,,a,
ASN00023718,19120527,PRCP,0,,,a,
ASN00023718,19120528,PRCP,0,,,a,
ASN00023718,19120529,PRCP,13,,,a,
ASN00023718,19120530,PRCP,46,,,a,
ASN00023718,19120531,PRCP,8,,,a,
ASN00023718,19120601,PRCP,15,,,a,
ASN00023718,19120602,PRCP,0,,,a,
ASN00023718,19120603,PRCP,0,,,a,
ASN00023718,19120604,PRCP,0,,,a,
ASN00023718,19120605,PRCP,0,,,a,
ASN00023718,19120606,PRCP,15,,,a,
ASN00023718,19120607,PRCP,8,,,a,
ASN00023718,19120608,PRCP,0,,,a,
ASN00023718,19120611,PRCP,5,,,a,
ASN00023718,19120612,PRCP,23,,,a,
ASN00023718,19120613,PRCP,36,,,a,
ASN00023718,19120614,PRCP,71,,,a,
ASN00023718,19120615,PRCP,25,,,a,
ASN00023718,19120616,PRCP,18,,,a,
ASN00023718,19120617,PRCP,20,,,a,
ASN00023718,19120618,PRCP,8,,,a,
ASN00023718,19120619,PRCP,0,,,a,
ASN00023718,19120620,PRCP,0,,,a,
ASN00023718,19120621,PRCP,0,,,a,
ASN00023718,19120622,PRCP,0,,,a,
ASN00023718,19120623,PRCP,18,,,a,
ASN00023718,19120624,PRCP,107,,,a,
ASN00023718,19120625,PRCP,79,,,a,
ASN00023718,19120626,PRCP,81,,,a,
ASN00023718,19120627,PRCP,10,,,a,
ASN00023718,19120628,PRCP,0,,,a,
ASN00023718,19120629,PRCP,0,,,a,
ASN00023718,19120630,PRCP,0,,,a,
ASN00023718,19120610,DAPR,2,,,a,
ASN00023718,19120610,DWPR,1,,,a,
ASN00023718,19120610,MDPR,89,,,a,
ASN00023718,19120701,PRCP,10,,,a,
ASN00023718,19120702,PRCP,0,,,a,
ASN00023718,19120703,PRCP,79,,,a,
ASN00023718,19120704,PRCP,226,,,a,
ASN00023718,19120705,PRCP,0,,,a,
ASN00023718,19120706,PRCP,8,,,a,
ASN00023718,19120707,PRCP,10,,,a,
ASN00023718,19120708,PRCP,51,,,a,
ASN00023718,19120709,PRCP,10,,,a,
ASN00023718,19120710,PRCP,0,,,a,
ASN00023718,19120711,PRCP,150,,,a,
ASN00023718,19120712,PRCP,5,,,a,
ASN00023718,19120713,PRCP,3,,,a,
ASN00023718,19120714,PRCP,13,,,a,
ASN00023718,19120715,PRCP,0,,,a,
ASN00023718,19120716,PRCP,0,,,a,
ASN00023718,19120717,PRCP,0,,,a,
ASN00023718,19120718,PRCP,0,,,a,
ASN00023718,19120719,PRCP,0,,,a,
ASN00023718,19120720,PRCP,13,,,a,
ASN00023718,19120721,PRCP,13,,,a,
ASN00023718,19120722,PRCP,0,,,a,
ASN00023718,19120723,PRCP,0,,,a,
ASN00023718,19120724,PRCP,0,,,a,
ASN00023718,19120725,PRCP,0,,,a,
ASN00023718,19120726,PRCP,0,,,a,
ASN00023718,19120727,PRCP,0,,,a,
ASN00023718,19120728,PRCP,15,,,a,
ASN00023718,19120729,PRCP,0,,,a,
ASN00023718,19120730,PRCP,0,,,a,
ASN00023718,19120731,PRCP,25,,,a,
ASN00023718,19120801,PRCP,23,,,a,
ASN00023718,19120802,PRCP,5,,,a,
ASN00023718,19120803,PRCP,5,,,a,
ASN00023718,19120806,PRCP,43,,,a,
ASN00023718,19120807,PRCP,8,,,a,
ASN00023718,19120808,PRCP,0,,,a,
ASN00023718,19120809,PRCP,0,,,a,
ASN00023718,19120810,PRCP,0,,,a,
ASN00023718,19120811,PRCP,0,,,a,
ASN00023718,19120812,PRCP,0,,,a,
ASN00023718,19120813,PRCP,18,,,a,
ASN00023718,19120814,PRCP,0,,,a,
ASN00023718,19120815,PRCP,0,,,a,
ASN00023718,19120816,PRCP,0,,,a,
ASN00023718,19120817,PRCP,0,,,a,
ASN00023718,19120818,PRCP,0,,,a,
ASN00023718,19120819,PRCP,0,,,a,
ASN00023718,19120820,PRCP,0,,,a,
ASN00023718,19120821,PRCP,0,,,a,
ASN00023718,19120822,PRCP,94,,,a,
ASN00023718,19120823,PRCP,23,,,a,
ASN00023718,19120824,PRCP,0,,,a,
ASN00023718,19120825,PRCP,0,,,a,
ASN00023718,19120826,PRCP,8,,,a,
ASN00023718,19120827,PRCP,23,,,a,
ASN00023718,19120828,PRCP,0,,,a,
ASN00023718,19120829,PRCP,33,,,a,
ASN00023718,19120830,PRCP,0,,,a,
ASN00023718,19120831,PRCP,84,,,a,
ASN00023718,19120805,DAPR,2,,,a,
ASN00023718,19120805,DWPR,1,,,a,
ASN00023718,19120805,MDPR,64,,,a,
ASN00023718,19120903,PRCP,5,,,a,
ASN00023718,19120904,PRCP,0,,,a,
ASN00023718,19120905,PRCP,10,,,a,
ASN00023718,19120906,PRCP,102,,,a,
ASN00023718,19120907,PRCP,13,,,a,
ASN00023718,19120908,PRCP,51,,,a,
ASN00023718,19120909,PRCP,0,,,a,
ASN00023718,19120910,PRCP,20,,,a,
ASN00023718,19120911,PRCP,18,,,a,
ASN00023718,19120912,PRCP,0,,,a,
ASN00023718,19120913,PRCP,81,,,a,
ASN00023718,19120914,PRCP,33,,,a,
ASN00023718,19120915,PRCP,145,,,a,
ASN00023718,19120916,PRCP,302,,,a,
ASN00023718,19120917,PRCP,15,,,a,
ASN00023718,19120918,PRCP,86,,,a,
ASN00023718,19120919,PRCP,10,,,a,
ASN00023718,19120920,PRCP,0,,,a,
ASN00023718,19120921,PRCP,0,,,a,
ASN00023718,19120922,PRCP,0,,,a,
ASN00023718,19120923,PRCP,0,,,a,
ASN00023718,19120924,PRCP,15,,,a,
ASN00023718,19120925,PRCP,3,,,a,
ASN00023718,19120926,PRCP,0,,,a,
ASN00023718,19120927,PRCP,0,,,a,
ASN00023718,19120928,PRCP,0,,,a,
ASN00023718,19120929,PRCP,0,,,a,
ASN00023718,19120930,PRCP,18,,,a,
ASN00023718,19120902,DAPR,2,,,a,
ASN00023718,19120902,DWPR,1,,,a,
ASN00023718,19120902,MDPR,43,,,a,
ASN00023718,19121001,PRCP,5,,,a,
ASN00023718,19121002,PRCP,0,,,a,
ASN00023718,19121003,PRCP,0,,,a,
ASN00023718,19121004,PRCP,53,,,a,
ASN00023718,19121005,PRCP,30,,,a,
ASN00023718,19121006,PRCP,0,,,a,
ASN00023718,19121007,PRCP,0,,,a,
ASN00023718,19121008,PRCP,8,,,a,
ASN00023718,19121009,PRCP,89,,,a,
ASN00023718,19121010,PRCP,0,,,a,
ASN00023718,19121011,PRCP,8,,,a,
ASN00023718,19121012,PRCP,0,,,a,
ASN00023718,19121015,PRCP,3,,,a,
ASN00023718,19121016,PRCP,0,,,a,
ASN00023718,19121017,PRCP,0,,,a,
ASN00023718,19121018,PRCP,0,,,a,
ASN00023718,19121019,PRCP,0,,,a,
ASN00023718,19121020,PRCP,0,,,a,
ASN00023718,19121021,PRCP,0,,,a,
ASN00023718,19121022,PRCP,0,,,a,
ASN00023718,19121023,PRCP,0,,,a,
ASN00023718,19121024,PRCP,0,,,a,
ASN00023718,19121025,PRCP,0,,,a,
ASN00023718,19121026,PRCP,0,,,a,
ASN00023718,19121027,PRCP,0,,,a,
ASN00023718,19121028,PRCP,0,,,a,
ASN00023718,19121029,PRCP,8,,,a,
ASN00023718,19121030,PRCP,0,,,a,
ASN00023718,19121031,PRCP,0,,,a,
ASN00023718,19121014,DAPR,2,,,a,
ASN00023718,19121014,DWPR,1,,,a,
ASN00023718,19121014,MDPR,25,,,a,
ASN00023718,19121101,PRCP,0,,,a,
ASN00023718,19121102,PRCP,0,,,a,
ASN00023718,19121103,PRCP,58,,,a,
ASN00023718,19121104,PRCP,0,,,a,
ASN00023718,19121105,PRCP,33,,,a,
ASN00023718,19121106,PRCP,0,,,a,
ASN00023718,19121107,PRCP,0,,,a,
ASN00023718,19121108,PRCP,0,,,a,
ASN00023718,19121109,PRCP,0,,,a,
ASN00023718,19121110,PRCP,0,,,a,
ASN00023718,19121111,PRCP,0,,,a,
ASN00023718,19121112,PRCP,0,,,a,
ASN00023718,19121113,PRCP,0,,,a,
ASN00023718,19121114,PRCP,0,,,a,
ASN00023718,19121115,PRCP,25,,,a,
ASN00023718,19121116,PRCP,8,,,a,
ASN00023718,19121119,PRCP,36,,,a,
ASN00023718,19121120,PRCP,0,,,a,
ASN00023718,19121121,PRCP,0,,,a,
ASN00023718,19121122,PRCP,0,,,a,
ASN00023718,19121123,PRCP,0,,,a,
ASN00023718,19121124,PRCP,20,,,a,
ASN00023718,19121125,PRCP,0,,,a,
ASN00023718,19121126,PRCP,0,,,a,
ASN00023718,19121127,PRCP,0,,,a,
ASN00023718,19121128,PRCP,0,,,a,
ASN00023718,19121129,PRCP,0,,,a,
ASN00023718,19121130,PRCP,0,,,a,
ASN00023718,19121118,DAPR,2,,,a,
ASN00023718,19121118,DWPR,1,,,a,
ASN00023718,19121118,MDPR,130,,,a,
ASN00023718,19121201,PRCP,0,,,a,
ASN00023718,19121202,PRCP,0,,,a,
ASN00023718,19121203,PRCP,170,,,a,
ASN00023718,19121204,PRCP,0,,,a,
ASN00023718,19121205,PRCP,0,,,a,
ASN00023718,19121206,PRCP,18,,,a,
ASN00023718,19121207,PRCP,48,,,a,
ASN00023718,19121208,PRCP,15,,,a,
ASN00023718,19121209,PRCP,0,,,a,
ASN00023718,19121210,PRCP,28,,,a,
ASN00023718,19121211,PRCP,28,,,a,
ASN00023718,19121212,PRCP,3,,,a,
ASN00023718,19121213,PRCP,0,,,a,
ASN00023718,19121214,PRCP,0,,,a,
ASN00023718,19121215,PRCP,0,,,a,
ASN00023718,19121216,PRCP,0,,,a,
ASN00023718,19121217,PRCP,0,,,a,
ASN00023718,19121218,PRCP,0,,,a,
ASN00023718,19121219,PRCP,0,,,a,
ASN00023718,19121220,PRCP,0,,,a,
ASN00023718,19121221,PRCP,0,,,a,
ASN00023718,19121222,PRCP,0,,,a,
ASN00023718,19121223,PRCP,0,,,a,
ASN00023718,19121224,PRCP,0,,,a,
ASN00023718,19121225,PRCP,0,,,a,
ASN00023718,19121226,PRCP,0,,,a,
ASN00023718,19121227,PRCP,0,,,a,
ASN00023718,19121228,PRCP,0,,,a,
ASN00023718,19121229,PRCP,0,,,a,
ASN00023718,19121230,PRCP,0,,,a,
ASN00023718,19121231,PRCP,0,,,a,
ASN00023718,19130101,PRCP,0,,,a,
ASN00023718,19130102,PRCP,0,,,a,
ASN00023718,19130103,PRCP,48,,,a,
ASN00023718,19130104,PRCP,20,,,a,
ASN00023718,19130105,PRCP,0,,,a,
ASN00023718,19130106,PRCP,0,,,a,
ASN00023718,19130107,PRCP,0,,,a,
ASN00023718,19130108,PRCP,0,,,a,
ASN00023718,19130109,PRCP,0,,,a,
ASN00023718,19130110,PRCP,0,,,a,
ASN00023718,19130111,PRCP,0,,,a,
ASN00023718,19130112,PRCP,0,,,a,
ASN00023718,19130113,PRCP,0,,,a,
ASN00023718,19130114,PRCP,0,,,a,
ASN00023718,19130115,PRCP,0,,,a,
ASN00023718,19130116,PRCP,0,,,a,
ASN00023718,19130117,PRCP,0,,,a,
ASN00023718,19130118,PRCP,0,,,a,
ASN00023718,19130119,PRCP,0,,,a,
ASN00023718,19130120,PRCP,0,,,a,
ASN00023718,19130121,PRCP,0,,,a,
ASN00023718,19130122,PRCP,0,,,a,
ASN00023718,19130123,PRCP,0,,,a,
ASN00023718,19130124,PRCP,0,,,a,
ASN00023718,19130125,PRCP,0,,,a,
ASN00023718,19130126,PRCP,0,,,a,
ASN00023718,19130127,PRCP,0,,,a,
ASN00023718,19130128,PRCP,0,,,a,
ASN00023718,19130129,PRCP,5,,,a,
ASN00023718,19130130,PRCP,5,,,a,
ASN00023718,19130131,PRCP,0,,,a,
ASN00023718,19130201,PRCP,0,,,a,
ASN00023718,19130202,PRCP,0,,,a,
ASN00023718,19130203,PRCP,0,,,a,
ASN00023718,19130204,PRCP,0,,,a,
ASN00023718,19130205,PRCP,25,,,a,
ASN00023718,19130206,PRCP,0,,,a,
ASN00023718,19130207,PRCP,0,,,a,
ASN00023718,19130208,PRCP,0,,,a,
ASN00023718,19130209,PRCP,0,,,a,
ASN00023718,19130210,PRCP,0,,,a,
ASN00023718,19130211,PRCP,0,,,a,
ASN00023718,19130212,PRCP,0,,,a,
ASN00023718,19130213,PRCP,15,,,a,
ASN00023718,19130214,PRCP,292,,,a,
ASN00023718,19130215,PRCP,0,,,a,
ASN00023718,19130216,PRCP,0,,,a,
ASN00023718,19130217,PRCP,3,,,a,
ASN00023718,19130218,PRCP,0,,,a,
ASN00023718,19130219,PRCP,0,,,a,
ASN00023718,19130220,PRCP,0,,,a,
ASN00023718,19130221,PRCP,0,,,a,
ASN00023718,19130222,PRCP,0,,,a,
ASN00023718,19130223,PRCP,0,,,a,
ASN00023718,19130224,PRCP,0,,,a,
ASN00023718,19130225,PRCP,0,,,a,
ASN00023718,19130226,PRCP,0,,,a,
ASN00023718,19130227,PRCP,0,,,a,
ASN00023718,19130228,PRCP,0,,,a,
ASN00023718,19130301,PRCP,0,,,a,
ASN00023718,19130302,PRCP,0,,,a,
ASN00023718,19130303,PRCP,0,,,a,
ASN00023718,19130304,PRCP,15,,,a,
ASN00023718,19130305,PRCP,18,,,a,
ASN00023718,19130306,PRCP,0,,,a,
ASN00023718,19130307,PRCP,0,,,a,
ASN00023718,19130308,PRCP,0,,,a,
ASN00023718,19130309,PRCP,0,,,a,
ASN00023718,19130310,PRCP,0,,,a,
ASN00023718,19130311,PRCP,0,,,a,
ASN00023718,19130312,PRCP,15,,,a,
ASN00023718,19130313,PRCP,124,,,a,
ASN00023718,19130314,PRCP,8,,,a,
ASN00023718,19130315,PRCP,5,,,a,
ASN00023718,19130316,PRCP,0,,,a,
ASN00023718,19130317,PRCP,0,,,a,
ASN00023718,19130318,PRCP,5,,,a,
ASN00023718,19130319,PRCP,0,,,a,
ASN00023718,19130320,PRCP,0,,,a,
ASN00023718,19130321,PRCP,0,,,a,
ASN00023718,19130322,PRCP,0,,,a,
ASN00023718,19130323,PRCP,0,,,a,
ASN00023718,19130324,PRCP,10,,,a,
ASN00023718,19130325,PRCP,178,,,a,
ASN00023718,19130326,PRCP,13,,,a,
ASN00023718,19130327,PRCP,76,,,a,
ASN00023718,19130328,PRCP,13,,,a,
ASN00023718,19130329,PRCP,36,,,a,
ASN00023718,19130330,PRCP,0,,,a,
ASN00023718,19130331,PRCP,0,,,a,
ASN00023718,19130401,PRCP,0,,,a,
ASN00023718,19130402,PRCP,0,,,a,
ASN00023718,19130403,PRCP,0,,,a,
ASN00023718,19130404,PRCP,0,,,a,
ASN00023718,19130405,PRCP,0,,,a,
ASN00023718,19130406,PRCP,0,,,a,
ASN00023718,19130407,PRCP,0,,,a,
ASN00023718,19130408,PRCP,0,,,a,
ASN00023718,19130409,PRCP,0,,,a,
ASN00023718,19130410,PRCP,0,,,a,
ASN00023718,19130411,PRCP,0,,,a,
ASN00023718,19130412,PRCP,0,,,a,
ASN00023718,19130413,PRCP,0,,,a,
ASN00023718,19130414,PRCP,0,,,a,
ASN00023718,19130415,PRCP,0,,,a,
ASN00023718,19130416,PRCP,15,,,a,
ASN00023718,19130417,PRCP,0,,,a,
ASN00023718,19130418,PRCP,0,,,a,
ASN00023718,19130419,PRCP,0,,,a,
ASN00023718,19130420,PRCP,0,,,a,
ASN00023718,19130421,PRCP,8,,,a,
ASN00023718,19130422,PRCP,5,,,a,
ASN00023718,19130423,PRCP,3,,,a,
ASN00023718,19130424,PRCP,0,,,a,
ASN00023718,19130425,PRCP,3,,,a,
ASN00023718,19130426,PRCP,66,,,a,
ASN00023718,19130429,PRCP,0,,,a,
ASN00023718,19130430,PRCP,0,,,a,
ASN00023718,19130428,DAPR,2,,,a,
ASN00023718,19130428,DWPR,1,,,a,
ASN00023718,19130428,MDPR,36,,,a,
ASN00023718,19130501,PRCP,0,,,a,
ASN00023718,19130502,PRCP,3,,,a,
ASN00023718,19130503,PRCP,28,,,a,
ASN00023718,19130504,PRCP,13,,,a,
ASN00023718,19130505,PRCP,0,,,a,
ASN00023718,19130506,PRCP,3,,,a,
ASN00023718,19130507,PRCP,0,,,a,
ASN00023718,19130508,PRCP,0,,,a,
ASN00023718,19130509,PRCP,8,,,a,
ASN00023718,19130510,PRCP,0,,,a,
ASN00023718,19130511,PRCP,0,,,a,
ASN00023718,19130512,PRCP,23,,,a,
ASN00023718,19130513,PRCP,0,,,a,
ASN00023718,19130514,PRCP,0,,,a,
ASN00023718,19130515,PRCP,0,,,a,
ASN00023718,19130516,PRCP,5,,,a,
ASN00023718,19130517,PRCP,25,,,a,
ASN00023718,19130520,PRCP,13,,,a,
ASN00023718,19130521,PRCP,28,,,a,
ASN00023718,19130522,PRCP,3,,,a,
ASN00023718,19130523,PRCP,3,,,a,
ASN00023718,19130524,PRCP,3,,,a,
ASN00023718,19130527,PRCP,61,,,a,
ASN00023718,19130528,PRCP,10,,,a,
ASN00023718,19130529,PRCP,3,,,a,
ASN00023718,19130530,PRCP,0,,,a,
ASN00023718,19130531,PRCP,15,,,a,
ASN00023718,19130519,DAPR,2,,,a,
ASN00023718,19130526,DAPR,2,,,a,
ASN00023718,19130519,DWPR,1,,,a,
ASN00023718,19130526,DWPR,1,,,a,
ASN00023718,19130519,MDPR,25,,,a,
ASN00023718,19130526,MDPR,28,,,a,
ASN00023718,19130601,PRCP,0,,,a,
ASN00023718,19130602,PRCP,8,,,a,
ASN00023718,19130603,PRCP,3,,,a,
ASN00023718,19130604,PRCP,3,,,a,
ASN00023718,19130605,PRCP,5,,,a,
ASN00023718,19130606,PRCP,0,,,a,
ASN00023718,19130607,PRCP,0,,,a,
ASN00023718,19130608,PRCP,0,,,a,
ASN00023718,19130609,PRCP,0,,,a,
ASN00023718,19130610,PRCP,0,,,a,
ASN00023718,19130611,PRCP,0,,,a,
ASN00023718,19130612,PRCP,0,,,a,
ASN00023718,19130613,PRCP,0,,,a,
ASN00023718,19130614,PRCP,0,,,a,
ASN00023718,19130617,PRCP,41,,,a,
ASN00023718,19130618,PRCP,10,,,a,
ASN00023718,19130619,PRCP,5,,,a,
ASN00023718,19130620,PRCP,0,,,a,
ASN00023718,19130621,PRCP,0,,,a,
ASN00023718,19130622,PRCP,0,,,a,
ASN00023718,19130623,PRCP,0,,,a,
ASN00023718,19130624,PRCP,0,,,a,
ASN00023718,19130625,PRCP,0,,,a,
ASN00023718,19130626,PRCP,0,,,a,
ASN00023718,19130627,PRCP,0,,,a,
ASN00023718,19130628,PRCP,0,,,a,
ASN00023718,19130629,PRCP,0,,,a,
ASN00023718,19130630,PRCP,0,,,a,
ASN00023718,19130616,DAPR,2,,,a,
ASN00023718,19130616,DWPR,1,,,a,
ASN00023718,19130616,MDPR,48,,,a,
ASN00023718,19130701,PRCP,0,,,a,
ASN00023718,19130702,PRCP,13,,,a,
ASN00023718,19130703,PRCP,0,,,a,
ASN00023718,19130704,PRCP,0,,,a,
ASN00023718,19130705,PRCP,0,,,a,
ASN00023718,19130706,PRCP,0,,,a,
ASN00023718,19130707,PRCP,0,,,a,
ASN00023718,19130708,PRCP,3,,,a,
ASN00023718,19130709,PRCP,0,,,a,
ASN00023718,19130710,PRCP,0,,,a,
ASN00023718,19130711,PRCP,3,,,a,
ASN00023718,19130712,PRCP,0,,,a,
ASN00023718,19130713,PRCP,0,,,a,
ASN00023718,19130714,PRCP,3,,,a,
ASN00023718,19130715,PRCP,0,,,a,
ASN00023718,19130716,PRCP,56,,,a,
ASN00023718,19130717,PRCP,38,,,a,
ASN00023718,19130718,PRCP,3,,,a,
ASN00023718,19130719,PRCP,102,,,a,
ASN00023718,19130720,PRCP,20,,,a,
ASN00023718,19130721,PRCP,15,,,a,
ASN00023718,19130722,PRCP,3,,,a,
ASN00023718,19130723,PRCP,10,,,a,
ASN00023718,19130724,PRCP,0,,,a,
ASN00023718,19130725,PRCP,0,,,a,
ASN00023718,19130726,PRCP,0,,,a,
ASN00023718,19130727,PRCP,0,,,a,
ASN00023718,19130728,PRCP,0,,,a,
ASN00023718,19130729,PRCP,0,,,a,
ASN00023718,19130730,PRCP,0,,,a,
ASN00023718,19130731,PRCP,30,,,a,
ASN00023718,19130801,PRCP,38,,,a,
ASN00023718,19130802,PRCP,15,,,a,
ASN00023718,19130803,PRCP,66,,,a,
ASN00023718,19130804,PRCP,8,,,a,
ASN00023718,19130805,PRCP,0,,,a,
ASN00023718,19130806,PRCP,0,,,a,
ASN00023718,19130807,PRCP,81,,,a,
ASN00023718,19130808,PRCP,20,,,a,
ASN00023718,19130809,PRCP,102,,,a,
ASN00023718,19130810,PRCP,0,,,a,
ASN00023718,19130811,PRCP,0,,,a,
ASN00023718,19130812,PRCP,0,,,a,
ASN00023718,19130813,PRCP,0,,,a,
ASN00023718,19130814,PRCP,0,,,a,
ASN00023718,19130815,PRCP,3,,,a,
ASN00023718,19130816,PRCP,0,,,a,
ASN00023718,19130817,PRCP,30,,,a,
ASN00023718,19130818,PRCP,0,,,a,
ASN00023718,19130819,PRCP,0,,,a,
ASN00023718,19130820,PRCP,58,,,a,
ASN00023718,19130821,PRCP,36,,,a,
ASN00023718,19130822,PRCP,13,,,a,
ASN00023718,19130823,PRCP,3,,,a,
ASN00023718,19130824,PRCP,0,,,a,
ASN00023718,19130825,PRCP,0,,,a,
ASN00023718,19130826,PRCP,0,,,a,
ASN00023718,19130827,PRCP,0,,,a,
ASN00023718,19130828,PRCP,0,,,a,
ASN00023718,19130829,PRCP,0,,,a,
ASN00023718,19130830,PRCP,30,,,a,
ASN00023718,19130831,PRCP,10,,,a,
ASN00023718,19130901,PRCP,3,,,a,
ASN00023718,19130902,PRCP,0,,,a,
ASN00023718,19130903,PRCP,0,,,a,
ASN00023718,19130904,PRCP,20,,,a,
ASN00023718,19130905,PRCP,74,,,a,
ASN00023718,19130906,PRCP,3,,,a,
ASN00023718,19130907,PRCP,0,,,a,
ASN00023718,19130908,PRCP,0,,,a,
ASN00023718,19130909,PRCP,0,,,a,
ASN00023718,19130910,PRCP,3,,,a,
ASN00023718,19130911,PRCP,28,,,a,
ASN00023718,19130912,PRCP,3,,,a,
ASN00023718,19130913,PRCP,0,,,a,
ASN00023718,19130914,PRCP,0,,,a,
ASN00023718,19130915,PRCP,13,,,a,
ASN00023718,19130916,PRCP,38,,,a,
ASN00023718,19130917,PRCP,0,,,a,
ASN00023718,19130918,PRCP,5,,,a,
ASN00023718,19130919,PRCP,46,,,a,
ASN00023718,19130920,PRCP,5,,,a,
ASN00023718,19130921,PRCP,13,,,a,
ASN00023718,19130922,PRCP,38,,,a,
ASN00023718,19130923,PRCP,0,,,a,
ASN00023718,19130924,PRCP,0,,,a,
ASN00023718,19130925,PRCP,28,,,a,
ASN00023718,19130926,PRCP,33,,,a,
ASN00023718,19130927,PRCP,0,,,a,
ASN00023718,19130928,PRCP,0,,,a,
ASN00023718,19130929,PRCP,8,,,a,
ASN00023718,19130930,PRCP,0,,,a,
ASN00023718,19131001,PRCP,0,,,a,
ASN00023718,19131002,PRCP,0,,,a,
ASN00023718,19131003,PRCP,0,,,a,
ASN00023718,19131004,PRCP,0,,,a,
ASN00023718,19131005,PRCP,0,,,a,
ASN00023718,19131006,PRCP,8,,,a,
ASN00023718,19131007,PRCP,0,,,a,
ASN00023718,19131008,PRCP,0,,,a,
ASN00023718,19131009,PRCP,0,,,a,
ASN00023718,19131010,PRCP,0,,,a,
ASN00023718,19131011,PRCP,30,,,a,
ASN00023718,19131012,PRCP,5,,,a,
ASN00023718,19131013,PRCP,18,,,a,
ASN00023718,19131014,PRCP,53,,,a,
ASN00023718,19131015,PRCP,18,,,a,
ASN00023718,19131016,PRCP,25,,,a,
ASN00023718,19131017,PRCP,18,,,a,
ASN00023718,19131018,PRCP,0,,,a,
ASN00023718,19131019,PRCP,0,,,a,
ASN00023718,19131020,PRCP,3,,,a,
ASN00023718,19131021,PRCP,38,,,a,
ASN00023718,19131022,PRCP,127,,,a,
ASN00023718,19131023,PRCP,0,,,a,
ASN00023718,19131024,PRCP,0,,,a,
ASN00023718,19131025,PRCP,0,,,a,
ASN00023718,19131026,PRCP,13,,,a,
ASN00023718,19131027,PRCP,79,,,a,
ASN00023718,19131028,PRCP,3,,,a,
ASN00023718,19131029,PRCP,0,,,a,
ASN00023718,19131030,PRCP,0,,,a,
ASN00023718,19131031,PRCP,0,,,a,
ASN00023718,19131101,PRCP,0,,,a,
ASN00023718,19131102,PRCP,0,,,a,
ASN00023718,19131103,PRCP,0,,,a,
ASN00023718,19131104,PRCP,0,,,a,
ASN00023718,19131105,PRCP,13,,,a,
ASN00023718,19131106,PRCP,46,,,a,
ASN00023718,19131107,PRCP,5,,,a,
ASN00023718,19131108,PRCP,0,,,a,
ASN00023718,19131109,PRCP,71,,,a,
ASN00023718,19131110,PRCP,30,,,a,
ASN00023718,19131111,PRCP,0,,,a,
ASN00023718,19131112,PRCP,140,,,a,
ASN00023718,19131113,PRCP,0,,,a,
ASN00023718,19131114,PRCP,0,,,a,
ASN00023718,19131115,PRCP,0,,,a,
ASN00023718,19131116,PRCP,0,,,a,
ASN00023718,19131117,PRCP,0,,,a,
ASN00023718,19131118,PRCP,0,,,a,
ASN00023718,19131119,PRCP,0,,,a,
ASN00023718,19131120,PRCP,0,,,a,
ASN00023718,19131121,PRCP,0,,,a,
ASN00023718,19131122,PRCP,3,,,a,
ASN00023718,19131123,PRCP,15,,,a,
ASN00023718,19131124,PRCP,0,,,a,
ASN00023718,19131125,PRCP,0,,,a,
ASN00023718,19131126,PRCP,0,,,a,
ASN00023718,19131127,PRCP,0,,,a,
ASN00023718,19131128,PRCP,0,,,a,
ASN00023718,19131129,PRCP,0,,,a,
ASN00023718,19131130,PRCP,0,,,a,
ASN00023718,19131201,PRCP,0,,,a,
ASN00023718,19131202,PRCP,0,,,a,
ASN00023718,19131203,PRCP,0,,,a,
ASN00023718,19131204,PRCP,0,,,a,
ASN00023718,19131205,PRCP,0,,,a,
ASN00023718,19131206,PRCP,0,,,a,
ASN00023718,19131207,PRCP,0,,,a,
ASN00023718,19131208,PRCP,0,,,a,
ASN00023718,19131209,PRCP,3,,,a,
ASN00023718,19131210,PRCP,0,,,a,
ASN00023718,19131211,PRCP,0,,,a,
ASN00023718,19131212,PRCP,0,,,a,
ASN00023718,19131213,PRCP,0,,,a,
ASN00023718,19131214,PRCP,0,,,a,
ASN00023718,19131215,PRCP,0,,,a,
ASN00023718,19131216,PRCP,0,,,a,
ASN00023718,19131217,PRCP,0,,,a,
ASN00023718,19131218,PRCP,0,,,a,
ASN00023718,19131219,PRCP,0,,,a,
ASN00023718,19131220,PRCP,0,,,a,
ASN00023718,19131221,PRCP,0,,,a,
ASN00023718,19131222,PRCP,0,,,a,
ASN00023718,19131223,PRCP,371,,,a,
ASN00023718,19131224,PRCP,0,,,a,
ASN00023718,19131225,PRCP,43,,,a,
ASN00023718,19131226,PRCP,0,,,a,
ASN00023718,19131227,PRCP,8,,,a,
ASN00023718,19131228,PRCP,0,,,a,
ASN00023718,19131229,PRCP,0,,,a,
ASN00023718,19131230,PRCP,0,,,a,
ASN00023718,19131231,PRCP,0,,,a,
ASN00023718,19140101,PRCP,0,,,a,
ASN00023718,19140102,PRCP,0,,,a,
ASN00023718,19140103,PRCP,0,,,a,
ASN00023718,19140104,PRCP,0,,,a,
ASN00023718,19140105,PRCP,0,,,a,
ASN00023718,19140106,PRCP,0,,,a,
ASN00023718,19140107,PRCP,0,,,a,
ASN00023718,19140108,PRCP,0,,,a,
ASN00023718,19140109,PRCP,0,,,a,
ASN00023718,19140110,PRCP,0,,,a,
ASN00023718,19140111,PRCP,0,,,a,
ASN00023718,19140112,PRCP,5,,,a,
ASN00023718,19140113,PRCP,46,,,a,
ASN00023718,19140114,PRCP,0,,,a,
ASN00023718,19140115,PRCP,0,,,a,
ASN00023718,19140116,PRCP,0,,,a,
ASN00023718,19140117,PRCP,0,,,a,
ASN00023718,19140118,PRCP,0,,,a,
ASN00023718,19140119,PRCP,0,,,a,
ASN00023718,19140120,PRCP,0,,,a,
ASN00023718,19140121,PRCP,0,,,a,
ASN00023718,19140122,PRCP,0,,,a,
ASN00023718,19140123,PRCP,0,,,a,
ASN00023718,19140124,PRCP,0,,,a,
ASN00023718,19140125,PRCP,5,,,a,
ASN00023718,19140126,PRCP,0,,,a,
ASN00023718,19140127,PRCP,0,,,a,
ASN00023718,19140128,PRCP,5,,,a,
ASN00023718,19140129,PRCP,0,,,a,
ASN00023718,19140130,PRCP,0,,,a,
ASN00023718,19140131,PRCP,0,,,a,
ASN00023718,19140201,PRCP,0,,,a,
ASN00023718,19140202,PRCP,0,,,a,
ASN00023718,19140203,PRCP,0,,,a,
ASN00023718,19140204,PRCP,0,,,a,
ASN00023718,19140205,PRCP,0,,,a,
ASN00023718,19140206,PRCP,0,,,a,
ASN00023718,19140207,PRCP,25,,,a,
ASN00023718,19140208,PRCP,0,,,a,
ASN00023718,19140209,PRCP,0,,,a,
ASN00023718,19140210,PRCP,0,,,a,
ASN00023718,19140211,PRCP,0,,,a,
ASN00023718,19140212,PRCP,0,,,a,
ASN00023718,19140213,PRCP,0,,,a,
ASN00023718,19140214,PRCP,0,,,a,
ASN00023718,19140215,PRCP,0,,,a,
ASN00023718,19140216,PRCP,0,,,a,
ASN00023718,19140217,PRCP,0,,,a,
ASN00023718,19140218,PRCP,0,,,a,
ASN00023718,19140219,PRCP,0,,,a,
ASN00023718,19140220,PRCP,0,,,a,
ASN00023718,19140221,PRCP,0,,,a,
ASN00023718,19140222,PRCP,0,,,a,
ASN00023718,19140223,PRCP,0,,,a,
ASN00023718,19140224,PRCP,0,,,a,
ASN00023718,19140225,PRCP,10,,,a,
ASN00023718,19140226,PRCP,0,,,a,
ASN00023718,19140227,PRCP,8,,,a,
ASN00023718,19140228,PRCP,191,,,a,
ASN00023718,19140301,PRCP,0,,,a,
ASN00023718,19140302,PRCP,0,,,a,
ASN00023718,19140303,PRCP,0,,,a,
ASN00023718,19140304,PRCP,0,,,a,
ASN00023718,19140305,PRCP,0,,,a,
ASN00023718,19140306,PRCP,0,,,a,
ASN00023718,19140307,PRCP,13,,,a,
ASN00023718,19140308,PRCP,0,,,a,
ASN00023718,19140309,PRCP,0,,,a,
ASN00023718,19140310,PRCP,0,,,a,
ASN00023718,19140311,PRCP,0,,,a,
ASN00023718,19140312,PRCP,46,,,a,
ASN00023718,19140313,PRCP,94,,,a,
ASN00023718,19140314,PRCP,0,,,a,
ASN00023718,19140315,PRCP,0,,,a,
ASN00023718,19140316,PRCP,0,,,a,
ASN00023718,19140317,PRCP,0,,,a,
ASN00023718,19140318,PRCP,0,,,a,
ASN00023718,19140319,PRCP,0,,,a,
ASN00023718,19140320,PRCP,0,,,a,
ASN00023718,19140321,PRCP,0,,,a,
ASN00023718,19140322,PRCP,0,,,a,
ASN00023718,19140323,PRCP,0,,,a,
ASN00023718,19140324,PRCP,0,,,a,
ASN00023718,19140325,PRCP,0,,,a,
ASN00023718,19140326,PRCP,0,,,a,
ASN00023718,19140327,PRCP,5,,,a,
ASN00023718,19140328,PRCP,15,,,a,
ASN00023718,19140329,PRCP,0,,,a,
ASN00023718,19140330,PRCP,0,,,a,
ASN00023718,19140331,PRCP,0,,,a,
ASN00023718,19140401,PRCP,0,,,a,
ASN00023718,19140402,PRCP,107,,,a,
ASN00023718,19140403,PRCP,0,,,a,
ASN00023718,19140404,PRCP,0,,,a,
ASN00023718,19140405,PRCP,0,,,a,
ASN00023718,19140406,PRCP,5,,,a,
ASN00023718,19140407,PRCP,0,,,a,
ASN00023718,19140408,PRCP,25,,,a,
ASN00023718,19140409,PRCP,8,,,a,
ASN00023718,19140410,PRCP,0,,,a,
ASN00023718,19140411,PRCP,10,,,a,
ASN00023718,19140412,PRCP,0,,,a,
ASN00023718,19140413,PRCP,0,,,a,
ASN00023718,19140414,PRCP,0,,,a,
ASN00023718,19140415,PRCP,0,,,a,
ASN00023718,19140416,PRCP,0,,,a,
ASN00023718,19140417,PRCP,0,,,a,
ASN00023718,19140418,PRCP,137,,,a,
ASN00023718,19140419,PRCP,8,,,a,
ASN00023718,19140420,PRCP,3,,,a,
ASN00023718,19140421,PRCP,46,,,a,
ASN00023718,19140422,PRCP,56,,,a,
ASN00023718,19140423,PRCP,112,,,a,
ASN00023718,19140424,PRCP,18,,,a,
ASN00023718,19140425,PRCP,0,,,a,
ASN00023718,19140426,PRCP,0,,,a,
ASN00023718,19140427,PRCP,0,,,a,
ASN00023718,19140428,PRCP,0,,,a,
ASN00023718,19140429,PRCP,0,,,a,
ASN00023718,19140430,PRCP,0,,,a,
ASN00023718,19140501,PRCP,0,,,a,
ASN00023718,19140502,PRCP,0,,,a,
ASN00023718,19140503,PRCP,0,,,a,
ASN00023718,19140504,PRCP,0,,,a,
ASN00023718,19140505,PRCP,13,,,a,
ASN00023718,19140506,PRCP,58,,,a,
ASN00023718,19140507,PRCP,0,,,a,
ASN00023718,19140508,PRCP,0,,,a,
ASN00023718,19140509,PRCP,0,,,a,
ASN00023718,19140510,PRCP,0,,,a,
ASN00023718,19140511,PRCP,0,,,a,
ASN00023718,19140512,PRCP,0,,,a,
ASN00023718,19140513,PRCP,79,,,a,
ASN00023718,19140514,PRCP,38,,,a,
ASN00023718,19140515,PRCP,8,,,a,
ASN00023718,19140516,PRCP,0,,,a,
ASN00023718,19140517,PRCP,46,,,a,
ASN00023718,19140518,PRCP,20,,,a,
ASN00023718,19140519,PRCP,10,,,a,
ASN00023718,19140520,PRCP,0,,,a,
ASN00023718,19140521,PRCP,0,,,a,
ASN00023718,19140522,PRCP,0,,,a,
ASN00023718,19140523,PRCP,0,,,a,
ASN00023718,19140524,PRCP,0,,,a,
ASN00023718,19140525,PRCP,0,,,a,
ASN00023718,19140526,PRCP,43,,,a,
ASN00023718,19140527,PRCP,0,,,a,
ASN00023718,19140528,PRCP,20,,,a,
ASN00023718,19140529,PRCP,0,,,a,
ASN00023718,19140530,PRCP,10,,,a,
ASN00023718,19140531,PRCP,5,,,a,
ASN00023718,19140601,PRCP,10,,,a,
ASN00023718,19140602,PRCP,8,,,a,
ASN00023718,19140603,PRCP,0,,,a,
ASN00023718,19140604,PRCP,0,,,a,
ASN00023718,19140605,PRCP,0,,,a,
ASN00023718,19140606,PRCP,0,,,a,
ASN00023718,19140607,PRCP,0,,,a,
ASN00023718,19140608,PRCP,0,,,a,
ASN00023718,19140609,PRCP,0,,,a,
ASN00023718,19140610,PRCP,0,,,a,
ASN00023718,19140611,PRCP,0,,,a,
ASN00023718,19140612,PRCP,0,,,a,
ASN00023718,19140613,PRCP,0,,,a,
ASN00023718,19140614,PRCP,10,,,a,
ASN00023718,19140615,PRCP,89,,,a,
ASN00023718,19140616,PRCP,15,,,a,
ASN00023718,19140617,PRCP,0,,,a,
ASN00023718,19140618,PRCP,0,,,a,
ASN00023718,19140619,PRCP,0,,,a,
ASN00023718,19140620,PRCP,0,,,a,
ASN00023718,19140621,PRCP,0,,,a,
ASN00023718,19140622,PRCP,0,,,a,
ASN00023718,19140623,PRCP,25,,,a,
ASN00023718,19140624,PRCP,0,,,a,
ASN00023718,19140625,PRCP,0,,,a,
ASN00023718,19140626,PRCP,0,,,a,
ASN00023718,19140627,PRCP,0,,,a,
ASN00023718,19140628,PRCP,0,,,a,
ASN00023718,19140629,PRCP,13,,,a,
ASN00023718,19140630,PRCP,33,,,a,
ASN00023718,19140701,PRCP,0,,,a,
ASN00023718,19140702,PRCP,0,,,a,
ASN00023718,19140703,PRCP,0,,,a,
ASN00023718,19140704,PRCP,10,,,a,
ASN00023718,19140705,PRCP,0,,,a,
ASN00023718,19140706,PRCP,0,,,a,
ASN00023718,19140707,PRCP,61,,,a,
ASN00023718,19140708,PRCP,33,,,a,
ASN00023718,19140709,PRCP,23,,,a,
ASN00023718,19140710,PRCP,46,,,a,
ASN00023718,19140711,PRCP,30,,,a,
ASN00023718,19140712,PRCP,53,,,a,
ASN00023718,19140713,PRCP,10,,,a,
ASN00023718,19140714,PRCP,43,,,a,
ASN00023718,19140715,PRCP,8,,,a,
ASN00023718,19140716,PRCP,13,,,a,
ASN00023718,19140717,PRCP,30,,,a,
ASN00023718,19140718,PRCP,0,,,a,
ASN00023718,19140719,PRCP,0,,,a,
ASN00023718,19140720,PRCP,0,,,a,
ASN00023718,19140721,PRCP,0,,,a,
ASN00023718,19140722,PRCP,0,,,a,
ASN00023718,19140723,PRCP,5,,,a,
ASN00023718,19140724,PRCP,0,,,a,
ASN00023718,19140725,PRCP,0,,,a,
ASN00023718,19140726,PRCP,8,,,a,
ASN00023718,19140727,PRCP,5,,,a,
ASN00023718,19140728,PRCP,10,,,a,
ASN00023718,19140729,PRCP,41,,,a,
ASN00023718,19140730,PRCP,13,,,a,
ASN00023718,19140731,PRCP,18,,,a,
ASN00023718,19140801,PRCP,0,,,a,
ASN00023718,19140802,PRCP,0,,,a,
ASN00023718,19140803,PRCP,8,,,a,
ASN00023718,19140804,PRCP,10,,,a,
ASN00023718,19140805,PRCP,0,,,a,
ASN00023718,19140806,PRCP,36,,,a,
ASN00023718,19140807,PRCP,10,,,a,
ASN00023718,19140808,PRCP,0,,,a,
ASN00023718,19140809,PRCP,0,,,a,
ASN00023718,19140810,PRCP,0,,,a,
ASN00023718,19140811,PRCP,0,,,a,
ASN00023718,19140812,PRCP,3,,,a,
ASN00023718,19140813,PRCP,0,,,a,
ASN00023718,19140814,PRCP,0,,,a,
ASN00023718,19140815,PRCP,0,,,a,
ASN00023718,19140816,PRCP,0,,,a,
ASN00023718,19140817,PRCP,0,,,a,
ASN00023718,19140818,PRCP,15,,,a,
ASN00023718,19140819,PRCP,13,,,a,
ASN00023718,19140820,PRCP,0,,,a,
ASN00023718,19140821,PRCP,0,,,a,
ASN00023718,19140822,PRCP,8,,,a,
ASN00023718,19140823,PRCP,0,,,a,
ASN00023718,19140824,PRCP,3,,,a,
ASN00023718,19140825,PRCP,0,,,a,
ASN00023718,19140826,PRCP,0,,,a,
ASN00023718,19140827,PRCP,0,,,a,
ASN00023718,19140828,PRCP,0,,,a,
ASN00023718,19140829,PRCP,8,,,a,
ASN00023718,19140831,DAPR,2,,,a,
ASN00023718,19140831,DWPR,1,,,a,
ASN00023718,19140831,MDPR,48,,,a,
ASN00023718,19140901,PRCP,3,,,a,
ASN00023718,19140902,PRCP,0,,,a,
ASN00023718,19140903,PRCP,0,,,a,
ASN00023718,19140904,PRCP,0,,,a,
ASN00023718,19140905,PRCP,0,,,a,
ASN00023718,19140906,PRCP,0,,,a,
ASN00023718,19140907,PRCP,0,,,a,
ASN00023718,19140908,PRCP,0,,,a,
ASN00023718,19140909,PRCP,109,,,a,
ASN00023718,19140910,PRCP,0,,,a,
ASN00023718,19140911,PRCP,0,,,a,
ASN00023718,19140912,PRCP,8,,,a,
ASN00023718,19140913,PRCP,18,,,a,
ASN00023718,19140914,PRCP,0,,,a,
ASN00023718,19140915,PRCP,0,,,a,
ASN00023718,19140916,PRCP,0,,,a,
ASN00023718,19140917,PRCP,0,,,a,
ASN00023718,19140918,PRCP,0,,,a,
ASN00023718,19140919,PRCP,0,,,a,
ASN00023718,19140920,PRCP,0,,,a,
ASN00023718,19140921,PRCP,0,,,a,
ASN00023718,19140922,PRCP,0,,,a,
ASN00023718,19140923,PRCP,0,,,a,
ASN00023718,19140924,PRCP,0,,,a,
ASN00023718,19140925,PRCP,13,,,a,
ASN00023718,19140926,PRCP,8,,,a,
ASN00023718,19140927,PRCP,10,,,a,
ASN00023718,19140928,PRCP,0,,,a,
ASN00023718,19140929,PRCP,0,,,a,
ASN00023718,19140930,PRCP,0,,,a,
ASN00023718,19141001,PRCP,0,,,a,
ASN00023718,19141002,PRCP,0,,,a,
ASN00023718,19141003,PRCP,0,,,a,
ASN00023718,19141004,PRCP,0,,,a,
ASN00023718,19141005,PRCP,0,,,a,
ASN00023718,19141006,PRCP,0,,,a,
ASN00023718,19141007,PRCP,0,,,a,
ASN00023718,19141008,PRCP,0,,,a,
ASN00023718,19141009,PRCP,0,,,a,
ASN00023718,19141010,PRCP,10,,,a,
ASN00023718,19141011,PRCP,15,,,a,
ASN00023718,19141012,PRCP,0,,,a,
ASN00023718,19141013,PRCP,0,,,a,
ASN00023718,19141014,PRCP,0,,,a,
ASN00023718,19141015,PRCP,0,,,a,
ASN00023718,19141016,PRCP,0,,,a,
ASN00023718,19141017,PRCP,0,,,a,
ASN00023718,19141018,PRCP,0,,,a,
ASN00023718,19141019,PRCP,0,,,a,
ASN00023718,19141020,PRCP,0,,,a,
ASN00023718,19141021,PRCP,0,,,a,
ASN00023718,19141022,PRCP,0,,,a,
ASN00023718,19141023,PRCP,0,,,a,
ASN00023718,19141024,PRCP,0,,,a,
ASN00023718,19141025,PRCP,0,,,a,
ASN00023718,19141026,PRCP,0,,,a,
ASN00023718,19141027,PRCP,13,,,a,
ASN00023718,19141028,PRCP,0,,,a,
ASN00023718,19141029,PRCP,0,,,a,
ASN00023718,19141030,PRCP,0,,,a,
ASN00023718,19141031,PRCP,30,,,a,
ASN00023718,19141101,PRCP,0,,,a,
ASN00023718,19141102,PRCP,0,,,a,
ASN00023718,19141103,PRCP,0,,,a,
ASN00023718,19141104,PRCP,8,,,a,
ASN00023718,19141105,PRCP,0,,,a,
ASN00023718,19141106,PRCP,0,,,a,
ASN00023718,19141107,PRCP,0,,,a,
ASN00023718,19141108,PRCP,0,,,a,
ASN00023718,19141109,PRCP,5,,,a,
ASN00023718,19141110,PRCP,0,,,a,
ASN00023718,19141111,PRCP,0,,,a,
ASN00023718,19141112,PRCP,0,,,a,
ASN00023718,19141113,PRCP,0,,,a,
ASN00023718,19141114,PRCP,10,,,a,
ASN00023718,19141115,PRCP,0,,,a,
ASN00023718,19141116,PRCP,0,,,a,
ASN00023718,19141117,PRCP,36,,,a,
ASN00023718,19141118,PRCP,0,,,a,
ASN00023718,19141119,PRCP,0,,,a,
ASN00023718,19141120,PRCP,0,,,a,
ASN00023718,19141121,PRCP,0,,,a,
ASN00023718,19141122,PRCP,5,,,a,
ASN00023718,19141123,PRCP,41,,,a,
ASN00023718,19141124,PRCP,20,,,a,
ASN00023718,19141125,PRCP,551,,,a,
ASN00023718,19141126,PRCP,25,,,a,
ASN00023718,19141127,PRCP,0,,,a,
ASN00023718,19141128,PRCP,0,,,a,
ASN00023718,19141129,PRCP,0,,,a,
ASN00023718,19141130,PRCP,0,,,a,
ASN00023718,19141201,PRCP,0,,,a,
ASN00023718,19141202,PRCP,0,,,a,
ASN00023718,19141203,PRCP,0,,,a,
ASN00023718,19141204,PRCP,0,,,a,
ASN00023718,19141205,PRCP,0,,,a,
ASN00023718,19141206,PRCP,0,,,a,
ASN00023718,19141207,PRCP,0,,,a,
ASN00023718,19141208,PRCP,0,,,a,
ASN00023718,19141209,PRCP,0,,,a,
ASN00023718,19141210,PRCP,0,,,a,
ASN00023718,19141211,PRCP,0,,,a,
ASN00023718,19141212,PRCP,0,,,a,
ASN00023718,19141215,PRCP,20,,,a,
ASN00023718,19141216,PRCP,0,,,a,
ASN00023718,19141217,PRCP,0,,,a,
ASN00023718,19141218,PRCP,0,,,a,
ASN00023718,19141219,PRCP,0,,,a,
ASN00023718,19141220,PRCP,0,,,a,
ASN00023718,19141221,PRCP,0,,,a,
ASN00023718,19141222,PRCP,36,,,a,
ASN00023718,19141223,PRCP,5,,,a,
ASN00023718,19141224,PRCP,0,,,a,
ASN00023718,19141225,PRCP,0,,,a,
ASN00023718,19141226,PRCP,0,,,a,
ASN00023718,19141227,PRCP,0,,,a,
ASN00023718,19141228,PRCP,0,,,a,
ASN00023718,19141229,PRCP,0,,,a,
ASN00023718,19141230,PRCP,0,,,a,
ASN00023718,19141231,PRCP,0,,,a,
ASN00023718,19141214,DAPR,2,,,a,
ASN00023718,19141214,DWPR,1,,,a,
ASN00023718,19141214,MDPR,58,,,a,
ASN00023718,19150101,PRCP,0,,,a,
ASN00023718,19150102,PRCP,0,,,a,
ASN00023718,19150103,PRCP,0,,,a,
ASN00023718,19150104,PRCP,0,,,a,
ASN00023718,19150105,PRCP,0,,,a,
ASN00023718,19150106,PRCP,33,,,a,
ASN00023718,19150107,PRCP,5,,,a,
ASN00023718,19150108,PRCP,0,,,a,
ASN00023718,19150109,PRCP,0,,,a,
ASN00023718,19150110,PRCP,0,,,a,
ASN00023718,19150111,PRCP,0,,,a,
ASN00023718,19150112,PRCP,0,,,a,
ASN00023718,19150113,PRCP,0,,,a,
ASN00023718,19150114,PRCP,0,,,a,
ASN00023718,19150115,PRCP,0,,,a,
ASN00023718,19150116,PRCP,0,,,a,
ASN00023718,19150117,PRCP,0,,,a,
ASN00023718,19150118,PRCP,0,,,a,
ASN00023718,19150119,PRCP,8,,,a,
ASN00023718,19150120,PRCP,43,,,a,
ASN00023718,19150121,PRCP,0,,,a,
ASN00023718,19150122,PRCP,0,,,a,
ASN00023718,19150123,PRCP,0,,,a,
ASN00023718,19150124,PRCP,0,,,a,
ASN00023718,19150125,PRCP,0,,,a,
ASN00023718,19150126,PRCP,0,,,a,
ASN00023718,19150127,PRCP,0,,,a,
ASN00023718,19150128,PRCP,0,,,a,
ASN00023718,19150129,PRCP,0,,,a,
ASN00023718,19150130,PRCP,0,,,a,
ASN00023718,19150131,PRCP,0,,,a,
ASN00023718,19150201,PRCP,0,,,a,
ASN00023718,19150202,PRCP,0,,,a,
ASN00023718,19150203,PRCP,0,,,a,
ASN00023718,19150204,PRCP,0,,,a,
ASN00023718,19150205,PRCP,0,,,a,
ASN00023718,19150206,PRCP,0,,,a,
ASN00023718,19150207,PRCP,0,,,a,
ASN00023718,19150208,PRCP,13,,,a,
ASN00023718,19150209,PRCP,0,,,a,
ASN00023718,19150210,PRCP,0,,,a,
ASN00023718,19150211,PRCP,0,,,a,
ASN00023718,19150212,PRCP,0,,,a,
ASN00023718,19150213,PRCP,0,,,a,
ASN00023718,19150214,PRCP,0,,,a,
ASN00023718,19150215,PRCP,0,,,a,
ASN00023718,19150216,PRCP,0,,,a,
ASN00023718,19150217,PRCP,0,,,a,
ASN00023718,19150218,PRCP,0,,,a,
ASN00023718,19150219,PRCP,0,,,a,
ASN00023718,19150220,PRCP,0,,,a,
ASN00023718,19150221,PRCP,0,,,a,
ASN00023718,19150222,PRCP,0,,,a,
ASN00023718,19150223,PRCP,0,,,a,
ASN00023718,19150224,PRCP,0,,,a,
ASN00023718,19150225,PRCP,0,,,a,
ASN00023718,19150226,PRCP,0,,,a,
ASN00023718,19150227,PRCP,0,,,a,
ASN00023718,19150228,PRCP,0,,,a,
ASN00023718,19150301,PRCP,0,,,a,
ASN00023718,19150302,PRCP,13,,,a,
ASN00023718,19150303,PRCP,5,,,a,
ASN00023718,19150304,PRCP,0,,,a,
ASN00023718,19150305,PRCP,0,,,a,
ASN00023718,19150306,PRCP,0,,,a,
ASN00023718,19150307,PRCP,0,,,a,
ASN00023718,19150308,PRCP,3,,,a,
ASN00023718,19150309,PRCP,23,,,a,
ASN00023718,19150310,PRCP,0,,,a,
ASN00023718,19150311,PRCP,0,,,a,
ASN00023718,19150312,PRCP,0,,,a,
ASN00023718,19150313,PRCP,0,,,a,
ASN00023718,19150314,PRCP,0,,,a,
ASN00023718,19150315,PRCP,0,,,a,
ASN00023718,19150316,PRCP,0,,,a,
ASN00023718,19150317,PRCP,0,,,a,
ASN00023718,19150318,PRCP,0,,,a,
ASN00023718,19150319,PRCP,0,,,a,
ASN00023718,19150320,PRCP,0,,,a,
ASN00023718,19150321,PRCP,0,,,a,
ASN00023718,19150322,PRCP,0,,,a,
ASN00023718,19150323,PRCP,0,,,a,
ASN00023718,19150324,PRCP,0,,,a,
ASN00023718,19150325,PRCP,0,,,a,
ASN00023718,19150326,PRCP,0,,,a,
ASN00023718,19150327,PRCP,0,,,a,
ASN00023718,19150328,PRCP,0,,,a,
ASN00023718,19150329,PRCP,0,,,a,
ASN00023718,19150330,PRCP,0,,,a,
ASN00023718,19150331,PRCP,3,,,a,
ASN00023718,19150401,PRCP,0,,,a,
ASN00023718,19150402,PRCP,0,,,a,
ASN00023718,19150403,PRCP,0,,,a,
ASN00023718,19150404,PRCP,0,,,a,
ASN00023718,19150405,PRCP,0,,,a,
ASN00023718,19150406,PRCP,0,,,a,
ASN00023718,19150407,PRCP,0,,,a,
ASN00023718,19150408,PRCP,0,,,a,
ASN00023718,19150409,PRCP,30,,,a,
ASN00023718,19150410,PRCP,41,,,a,
ASN00023718,19150413,PRCP,13,,,a,
ASN00023718,19150414,PRCP,20,,,a,
ASN00023718,19150415,PRCP,0,,,a,
ASN00023718,19150416,PRCP,0,,,a,
ASN00023718,19150417,PRCP,0,,,a,
ASN00023718,19150418,PRCP,0,,,a,
ASN00023718,19150419,PRCP,20,,,a,
ASN00023718,19150420,PRCP,0,,,a,
ASN00023718,19150421,PRCP,0,,,a,
ASN00023718,19150422,PRCP,0,,,a,
ASN00023718,19150423,PRCP,0,,,a,
ASN00023718,19150424,PRCP,5,,,a,
ASN00023718,19150425,PRCP,0,,,a,
ASN00023718,19150426,PRCP,0,,,a,
ASN00023718,19150427,PRCP,0,,,a,
ASN00023718,19150428,PRCP,13,,,a,
ASN00023718,19150429,PRCP,15,,,a,
ASN00023718,19150430,PRCP,0,,,a,
ASN00023718,19150412,DAPR,2,,,a,
ASN00023718,19150412,DWPR,1,,,a,
ASN00023718,19150412,MDPR,198,,,a,
ASN00023718,19150501,PRCP,0,,,a,
ASN00023718,19150502,PRCP,15,,,a,
ASN00023718,19150503,PRCP,0,,,a,
ASN00023718,19150504,PRCP,0,,,a,
ASN00023718,19150505,PRCP,0,,,a,
ASN00023718,19150506,PRCP,0,,,a,
ASN00023718,19150507,PRCP,0,,,a,
ASN00023718,19150508,PRCP,0,,,a,
ASN00023718,19150509,PRCP,0,,,a,
ASN00023718,19150510,PRCP,0,,,a,
ASN00023718,19150511,PRCP,0,,,a,
ASN00023718,19150512,PRCP,0,,,a,
ASN00023718,19150513,PRCP,36,,,a,
ASN00023718,19150514,PRCP,25,,,a,
ASN00023718,19150515,PRCP,152,,,a,
ASN00023718,19150516,PRCP,79,,,a,
ASN00023718,19150517,PRCP,8,,,a,
ASN00023718,19150518,PRCP,99,,,a,
ASN00023718,19150519,PRCP,18,,,a,
ASN00023718,19150520,PRCP,8,,,a,
ASN00023718,19150521,PRCP,15,,,a,
ASN00023718,19150522,PRCP,0,,,a,
ASN00023718,19150523,PRCP,8,,,a,
ASN00023718,19150524,PRCP,0,,,a,
ASN00023718,19150525,PRCP,25,,,a,
ASN00023718,19150526,PRCP,8,,,a,
ASN00023718,19150527,PRCP,5,,,a,
ASN00023718,19150528,PRCP,0,,,a,
ASN00023718,19150529,PRCP,0,,,a,
ASN00023718,19150530,PRCP,8,,,a,
ASN00023718,19150531,PRCP,0,,,a,
ASN00023718,19150601,PRCP,0,,,a,
ASN00023718,19150602,PRCP,0,,,a,
ASN00023718,19150603,PRCP,0,,,a,
ASN00023718,19150604,PRCP,0,,,a,
ASN00023718,19150605,PRCP,0,,,a,
ASN00023718,19150608,PRCP,117,,,a,
ASN00023718,19150609,PRCP,20,,,a,
ASN00023718,19150610,PRCP,5,,,a,
ASN00023718,19150611,PRCP,18,,,a,
ASN00023718,19150612,PRCP,10,,,a,
ASN00023718,19150613,PRCP,0,,,a,
ASN00023718,19150614,PRCP,3,,,a,
ASN00023718,19150615,PRCP,0,,,a,
ASN00023718,19150616,PRCP,0,,,a,
ASN00023718,19150617,PRCP,0,,,a,
ASN00023718,19150618,PRCP,5,,,a,
ASN00023718,19150619,PRCP,28,,,a,
ASN00023718,19150622,PRCP,25,,,a,
ASN00023718,19150623,PRCP,178,,,a,
ASN00023718,19150624,PRCP,0,,,a,
ASN00023718,19150625,PRCP,53,,,a,
ASN00023718,19150626,PRCP,20,,,a,
ASN00023718,19150627,PRCP,81,,,a,
ASN00023718,19150628,PRCP,51,,,a,
ASN00023718,19150629,PRCP,56,,,a,
ASN00023718,19150630,PRCP,5,,,a,
ASN00023718,19150607,DAPR,2,,,a,
ASN00023718,19150621,DAPR,2,,,a,
ASN00023718,19150607,DWPR,1,,,a,
ASN00023718,19150621,DWPR,1,,,a,
ASN00023718,19150607,MDPR,58,,,a,
ASN00023718,19150621,MDPR,25,,,a,
ASN00023718,19150701,PRCP,0,,,a,
ASN00023718,19150702,PRCP,8,,,a,
ASN00023718,19150703,PRCP,0,,,a,
ASN00023718,19150704,PRCP,0,,,a,
ASN00023718,19150705,PRCP,10,,,a,
ASN00023718,19150706,PRCP,104,,,a,
ASN00023718,19150707,PRCP,8,,,a,
ASN00023718,19150708,PRCP,18,,,a,
ASN00023718,19150709,PRCP,64,,,a,
ASN00023718,19150710,PRCP,8,,,a,
ASN00023718,19150711,PRCP,0,,,a,
ASN00023718,19150712,PRCP,0,,,a,
ASN00023718,19150713,PRCP,79,,,a,
ASN00023718,19150714,PRCP,0,,,a,
ASN00023718,19150715,PRCP,0,,,a,
ASN00023718,19150716,PRCP,0,,,a,
ASN00023718,19150717,PRCP,5,,,a,
ASN00023718,19150718,PRCP,91,,,a,
ASN00023718,19150719,PRCP,13,,,a,
ASN00023718,19150720,PRCP,28,,,a,
ASN00023718,19150721,PRCP,71,,,a,
ASN00023718,19150722,PRCP,0,,,a,
ASN00023718,19150723,PRCP,0,,,a,
ASN00023718,19150724,PRCP,0,,,a,
ASN00023718,19150725,PRCP,0,,,a,
ASN00023718,19150726,PRCP,0,,,a,
ASN00023718,19150727,PRCP,0,,,a,
ASN00023718,19150728,PRCP,0,,,a,
ASN00023718,19150729,PRCP,0,,,a,
ASN00023718,19150730,PRCP,23,,,a,
ASN00023718,19150731,PRCP,0,,,a,
ASN00023718,19150803,PRCP,0,,,a,
ASN00023718,19150804,PRCP,5,,,a,
ASN00023718,19150805,PRCP,170,,,a,
ASN00023718,19150806,PRCP,109,,,a,
ASN00023718,19150807,PRCP,10,,,a,
ASN00023718,19150808,PRCP,30,,,a,
ASN00023718,19150809,PRCP,79,,,a,
ASN00023718,19150810,PRCP,20,,,a,
ASN00023718,19150811,PRCP,15,,,a,
ASN00023718,19150812,PRCP,5,,,a,
ASN00023718,19150813,PRCP,0,,,a,
ASN00023718,19150814,PRCP,5,,,a,
ASN00023718,19150815,PRCP,28,,,a,
ASN00023718,19150816,PRCP,18,,,a,
ASN00023718,19150817,PRCP,5,,,a,
ASN00023718,19150818,PRCP,0,,,a,
ASN00023718,19150819,PRCP,0,,,a,
ASN00023718,19150820,PRCP,0,,,a,
ASN00023718,19150821,PRCP,0,,,a,
ASN00023718,19150822,PRCP,0,,,a,
ASN00023718,19150823,PRCP,3,,,a,
ASN00023718,19150824,PRCP,76,,,a,
ASN00023718,19150825,PRCP,0,,,a,
ASN00023718,19150826,PRCP,0,,,a,
ASN00023718,19150827,PRCP,20,,,a,
ASN00023718,19150828,PRCP,13,,,a,
ASN00023718,19150829,PRCP,0,,,a,
ASN00023718,19150830,PRCP,0,,,a,
ASN00023718,19150831,PRCP,8,,,a,
ASN00023718,19150802,DAPR,2,,,a,
ASN00023718,19150802,DWPR,1,,,a,
ASN00023718,19150802,MDPR,53,,,a,
ASN00023718,19150901,PRCP,5,,,a,
ASN00023718,19150902,PRCP,8,,,a,
ASN00023718,19150903,PRCP,0,,,a,
ASN00023718,19150904,PRCP,8,,,a,
ASN00023718,19150905,PRCP,30,,,a,
ASN00023718,19150906,PRCP,0,,,a,
ASN00023718,19150907,PRCP,15,,,a,
ASN00023718,19150908,PRCP,0,,,a,
ASN00023718,19150909,PRCP,20,,,a,
ASN00023718,19150910,PRCP,0,,,a,
ASN00023718,19150911,PRCP,58,,,a,
ASN00023718,19150912,PRCP,5,,,a,
ASN00023718,19150913,PRCP,0,,,a,
ASN00023718,19150914,PRCP,173,,,a,
ASN00023718,19150915,PRCP,109,,,a,
ASN00023718,19150916,PRCP,10,,,a,
ASN00023718,19150917,PRCP,0,,,a,
ASN00023718,19150918,PRCP,0,,,a,
ASN00023718,19150921,PRCP,46,,,a,
ASN00023718,19150922,PRCP,0,,,a,
ASN00023718,19150923,PRCP,0,,,a,
ASN00023718,19150924,PRCP,33,,,a,
ASN00023718,19150925,PRCP,0,,,a,
ASN00023718,19150926,PRCP,0,,,a,
ASN00023718,19150927,PRCP,0,,,a,
ASN00023718,19150928,PRCP,20,,,a,
ASN00023718,19150929,PRCP,0,,,a,
ASN00023718,19150930,PRCP,36,,,a,
ASN00023718,19150920,DAPR,2,,,a,
ASN00023718,19150920,DWPR,1,,,a,
ASN00023718,19150920,MDPR,89,,,a,
ASN00023718,19151001,PRCP,0,,,a,
ASN00023718,19151002,PRCP,3,,,a,
ASN00023718,19151003,PRCP,0,,,a,
ASN00023718,19151004,PRCP,20,,,a,
ASN00023718,19151005,PRCP,0,,,a,
ASN00023718,19151006,PRCP,0,,,a,
ASN00023718,19151007,PRCP,0,,,a,
ASN00023718,19151008,PRCP,0,,,a,
ASN00023718,19151009,PRCP,0,,,a,
ASN00023718,19151010,PRCP,0,,,a,
ASN00023718,19151011,PRCP,8,,,a,
ASN00023718,19151012,PRCP,0,,,a,
ASN00023718,19151013,PRCP,0,,,a,
ASN00023718,19151014,PRCP,38,,,a,
ASN00023718,19151015,PRCP,0,,,a,
ASN00023718,19151016,PRCP,15,,,a,
ASN00023718,19151017,PRCP,0,,,a,
ASN00023718,19151018,PRCP,0,,,a,
ASN00023718,19151019,PRCP,0,,,a,
ASN00023718,19151020,PRCP,0,,,a,
ASN00023718,19151021,PRCP,0,,,a,
ASN00023718,19151022,PRCP,23,,,a,
ASN00023718,19151023,PRCP,0,,,a,
ASN00023718,19151024,PRCP,0,,,a,
ASN00023718,19151025,PRCP,0,,,a,
ASN00023718,19151026,PRCP,0,,,a,
ASN00023718,19151027,PRCP,0,,,a,
ASN00023718,19151028,PRCP,0,,,a,
ASN00023718,19151029,PRCP,0,,,a,
ASN00023718,19151030,PRCP,0,,,a,
ASN00023718,19151031,PRCP,0,,,a,
ASN00023718,19151101,PRCP,0,,,a,
ASN00023718,19151102,PRCP,0,,,a,
ASN00023718,19151103,PRCP,0,,,a,
ASN00023718,19151104,PRCP,0,,,a,
ASN00023718,19151105,PRCP,0,,,a,
ASN00023718,19151106,PRCP,0,,,a,
ASN00023718,19151107,PRCP,0,,,a,
ASN00023718,19151108,PRCP,0,,,a,
ASN00023718,19151109,PRCP,0,,,a,
ASN00023718,19151110,PRCP,0,,,a,
ASN00023718,19151111,PRCP,0,,,a,
ASN00023718,19151112,PRCP,0,,,a,
ASN00023718,19151113,PRCP,0,,,a,
ASN00023718,19151116,PRCP,0,,,a,
ASN00023718,19151117,PRCP,0,,,a,
ASN00023718,19151118,PRCP,0,,,a,
ASN00023718,19151119,PRCP,0,,,a,
ASN00023718,19151120,PRCP,0,,,a,
ASN00023718,19151121,PRCP,0,,,a,
ASN00023718,19151122,PRCP,0,,,a,
ASN00023718,19151123,PRCP,0,,,a,
ASN00023718,19151124,PRCP,0,,,a,
ASN00023718,19151125,PRCP,0,,,a,
ASN00023718,19151126,PRCP,0,,,a,
ASN00023718,19151127,PRCP,0,,,a,
ASN00023718,19151128,PRCP,0,,,a,
ASN00023718,19151129,PRCP,0,,,a,
ASN00023718,19151130,PRCP,0,,,a,
ASN00023718,19151115,DAPR,2,,,a,
ASN00023718,19151115,DWPR,1,,,a,
ASN00023718,19151115,MDPR,58,,,a,
ASN00023718,19151201,PRCP,0,,,a,
ASN00023718,19151202,PRCP,0,,,a,
ASN00023718,19151203,PRCP,0,,,a,
ASN00023718,19151204,PRCP,0,,,a,
ASN00023718,19151205,PRCP,0,,,a,
ASN00023718,19151206,PRCP,0,,,a,
ASN00023718,19151207,PRCP,0,,,a,
ASN00023718,19151208,PRCP,0,,,a,
ASN00023718,19151209,PRCP,0,,,a,
ASN00023718,19151210,PRCP,0,,,a,
ASN00023718,19151211,PRCP,0,,,a,
ASN00023718,19151212,PRCP,0,,,a,
ASN00023718,19151213,PRCP,0,,,a,
ASN00023718,19151214,PRCP,25,,,a,
ASN00023718,19151215,PRCP,0,,,a,
ASN00023718,19151216,PRCP,0,,,a,
ASN00023718,19151217,PRCP,0,,,a,
ASN00023718,19151218,PRCP,0,,,a,
ASN00023718,19151219,PRCP,0,,,a,
ASN00023718,19151220,PRCP,0,,,a,
ASN00023718,19151221,PRCP,0,,,a,
ASN00023718,19151222,PRCP,0,,,a,
ASN00023718,19151223,PRCP,0,,,a,
ASN00023718,19151224,PRCP,0,,,a,
ASN00023718,19151225,PRCP,0,,,a,
ASN00023718,19151226,PRCP,0,,,a,
ASN00023718,19151227,PRCP,0,,,a,
ASN00023718,19151228,PRCP,0,,,a,
ASN00023718,19151229,PRCP,0,,,a,
ASN00023718,19151230,PRCP,0,,,a,
ASN00023718,19151231,PRCP,0,,,a,
ASN00023718,19160101,PRCP,0,,,a,
ASN00023718,19160102,PRCP,0,,,a,
ASN00023718,19160103,PRCP,0,,,a,
ASN00023718,19160104,PRCP,132,,,a,
ASN00023718,19160105,PRCP,0,,,a,
ASN00023718,19160106,PRCP,0,,,a,
ASN00023718,19160107,PRCP,0,,,a,
ASN00023718,19160108,PRCP,0,,,a,
ASN00023718,19160109,PRCP,18,,,a,
ASN00023718,19160110,PRCP,0,,,a,
ASN00023718,19160111,PRCP,15,,,a,
ASN00023718,19160112,PRCP,0,,,a,
ASN00023718,19160113,PRCP,0,,,a,
ASN00023718,19160114,PRCP,0,,,a,
ASN00023718,19160115,PRCP,0,,,a,
ASN00023718,19160116,PRCP,0,,,a,
ASN00023718,19160117,PRCP,0,,,a,
ASN00023718,19160118,PRCP,20,,,a,
ASN00023718,19160119,PRCP,0,,,a,
ASN00023718,19160120,PRCP,0,,,a,
ASN00023718,19160121,PRCP,0,,,a,
ASN00023718,19160122,PRCP,0,,,a,
ASN00023718,19160123,PRCP,0,,,a,
ASN00023718,19160124,PRCP,0,,,a,
ASN00023718,19160125,PRCP,0,,,a,
ASN00023718,19160126,PRCP,0,,,a,
ASN00023718,19160127,PRCP,0,,,a,
ASN00023718,19160128,PRCP,64,,,a,
ASN00023718,19160129,PRCP,0,,,a,
ASN00023718,19160130,PRCP,0,,,a,
ASN00023718,19160131,PRCP,0,,,a,
ASN00023718,19160201,PRCP,0,,,a,
ASN00023718,19160202,PRCP,0,,,a,
ASN00023718,19160203,PRCP,13,,,a,
ASN00023718,19160204,PRCP,0,,,a,
ASN00023718,19160205,PRCP,0,,,a,
ASN00023718,19160206,PRCP,0,,,a,
ASN00023718,19160207,PRCP,0,,,a,
ASN00023718,19160208,PRCP,0,,,a,
ASN00023718,19160209,PRCP,25,,,a,
ASN00023718,19160210,PRCP,0,,,a,
ASN00023718,19160211,PRCP,0,,,a,
ASN00023718,19160212,PRCP,0,,,a,
ASN00023718,19160213,PRCP,0,,,a,
ASN00023718,19160214,PRCP,0,,,a,
ASN00023718,19160215,PRCP,0,,,a,
ASN00023718,19160216,PRCP,0,,,a,
ASN00023718,19160217,PRCP,0,,,a,
ASN00023718,19160218,PRCP,0,,,a,
ASN00023718,19160219,PRCP,0,,,a,
ASN00023718,19160220,PRCP,0,,,a,
ASN00023718,19160221,PRCP,0,,,a,
ASN00023718,19160222,PRCP,0,,,a,
ASN00023718,19160223,PRCP,0,,,a,
ASN00023718,19160224,PRCP,0,,,a,
ASN00023718,19160225,PRCP,10,,,a,
ASN00023718,19160226,PRCP,0,,,a,
ASN00023718,19160227,PRCP,0,,,a,
ASN00023718,19160228,PRCP,0,,,a,
ASN00023718,19160229,PRCP,5,,,a,
ASN00023718,19160301,PRCP,8,,,a,
ASN00023718,19160302,PRCP,0,,,a,
ASN00023718,19160303,PRCP,0,,,a,
ASN00023718,19160304,PRCP,0,,,a,
ASN00023718,19160305,PRCP,0,,,a,
ASN00023718,19160306,PRCP,0,,,a,
ASN00023718,19160307,PRCP,0,,,a,
ASN00023718,19160308,PRCP,0,,,a,
ASN00023718,19160309,PRCP,0,,,a,
ASN00023718,19160310,PRCP,0,,,a,
ASN00023718,19160311,PRCP,0,,,a,
ASN00023718,19160312,PRCP,0,,,a,
ASN00023718,19160313,PRCP,0,,,a,
ASN00023718,19160314,PRCP,0,,,a,
ASN00023718,19160315,PRCP,0,,,a,
ASN00023718,19160316,PRCP,0,,,a,
ASN00023718,19160317,PRCP,0,,,a,
ASN00023718,19160318,PRCP,0,,,a,
ASN00023718,19160319,PRCP,0,,,a,
ASN00023718,19160320,PRCP,0,,,a,
ASN00023718,19160321,PRCP,0,,,a,
ASN00023718,19160322,PRCP,0,,,a,
ASN00023718,19160323,PRCP,0,,,a,
ASN00023718,19160324,PRCP,0,,,a,
ASN00023718,19160325,PRCP,0,,,a,
ASN00023718,19160326,PRCP,0,,,a,
ASN00023718,19160327,PRCP,0,,,a,
ASN00023718,19160330,PRCP,0,,,a,
ASN00023718,19160331,PRCP,0,,,a,
ASN00023718,19160329,DAPR,2,,,a,
ASN00023718,19160329,DWPR,1,,,a,
ASN00023718,19160329,MDPR,107,,,a,
ASN00023718,19160401,PRCP,0,,,a,
ASN00023718,19160402,PRCP,0,,,a,
ASN00023718,19160403,PRCP,0,,,a,
ASN00023718,19160404,PRCP,0,,,a,
ASN00023718,19160405,PRCP,33,,,a,
ASN00023718,19160406,PRCP,0,,,a,
ASN00023718,19160407,PRCP,15,,,a,
ASN00023718,19160408,PRCP,0,,,a,
ASN00023718,19160409,PRCP,0,,,a,
ASN00023718,19160410,PRCP,0,,,a,
ASN00023718,19160411,PRCP,8,,,a,
ASN00023718,19160412,PRCP,8,,,a,
ASN00023718,19160413,PRCP,51,,,a,
ASN00023718,19160414,PRCP,0,,,a,
ASN00023718,19160415,PRCP,0,,,a,
ASN00023718,19160416,PRCP,0,,,a,
ASN00023718,19160417,PRCP,0,,,a,
ASN00023718,19160418,PRCP,0,,,a,
ASN00023718,19160419,PRCP,10,,,a,
ASN00023718,19160420,PRCP,0,,,a,
ASN00023718,19160425,PRCP,58,,,a,
ASN00023718,19160426,PRCP,109,,,a,
ASN00023718,19160427,PRCP,23,,,a,
ASN00023718,19160428,PRCP,8,,,a,
ASN00023718,19160429,PRCP,18,,,a,
ASN00023718,19160430,PRCP,0,,,a,
ASN00023718,19160422,DAPR,2,,,a,
ASN00023718,19160424,DAPR,2,,,a,
ASN00023718,19160422,DWPR,1,,,a,
ASN00023718,19160424,DWPR,1,,,a,
ASN00023718,19160422,MDPR,53,,,a,
ASN00023718,19160424,MDPR,36,,,a,
ASN00023718,19160501,PRCP,0,,,a,
ASN00023718,19160502,PRCP,0,,,a,
ASN00023718,19160503,PRCP,0,,,a,
ASN00023718,19160504,PRCP,0,,,a,
ASN00023718,19160505,PRCP,0,,,a,
ASN00023718,19160506,PRCP,0,,,a,
ASN00023718,19160507,PRCP,0,,,a,
ASN00023718,19160508,PRCP,0,,,a,
ASN00023718,19160509,PRCP,0,,,a,
ASN00023718,19160510,PRCP,0,,,a,
ASN00023718,19160511,PRCP,0,,,a,
ASN00023718,19160512,PRCP,0,,,a,
ASN00023718,19160513,PRCP,0,,,a,
ASN00023718,19160514,PRCP,28,,,a,
ASN00023718,19160515,PRCP,0,,,a,
ASN00023718,19160516,PRCP,0,,,a,
ASN00023718,19160517,PRCP,3,,,a,
ASN00023718,19160518,PRCP,0,,,a,
ASN00023718,19160519,PRCP,20,,,a,
ASN00023718,19160520,PRCP,0,,,a,
ASN00023718,19160521,PRCP,0,,,a,
ASN00023718,19160522,PRCP,0,,,a,
ASN00023718,19160523,PRCP,8,,,a,
ASN00023718,19160524,PRCP,0,,,a,
ASN00023718,19160525,PRCP,0,,,a,
ASN00023718,19160526,PRCP,0,,,a,
ASN00023718,19160527,PRCP,0,,,a,
ASN00023718,19160528,PRCP,0,,,a,
ASN00023718,19160529,PRCP,0,,,a,
ASN00023718,19160530,PRCP,71,,,a,
ASN00023718,19160531,PRCP,15,,,a,
ASN00023718,19160601,PRCP,0,,,a,
ASN00023718,19160602,PRCP,0,,,a,
ASN00023718,19160603,PRCP,76,,,a,
ASN00023718,19160604,PRCP,0,,,a,
ASN00023718,19160605,PRCP,18,,,a,
ASN00023718,19160606,PRCP,3,,,a,
ASN00023718,19160607,PRCP,18,,,a,
ASN00023718,19160608,PRCP,13,,,a,
ASN00023718,19160609,PRCP,0,,,a,
ASN00023718,19160610,PRCP,81,,,a,
ASN00023718,19160611,PRCP,0,,,a,
ASN00023718,19160612,PRCP,8,,,a,
ASN00023718,19160613,PRCP,0,,,a,
ASN00023718,19160614,PRCP,5,,,a,
ASN00023718,19160615,PRCP,13,,,a,
ASN00023718,19160616,PRCP,0,,,a,
ASN00023718,19160617,PRCP,5,,,a,
ASN00023718,19160618,PRCP,10,,,a,
ASN00023718,19160619,PRCP,0,,,a,
ASN00023718,19160620,PRCP,51,,,a,
ASN00023718,19160621,PRCP,84,,,a,
ASN00023718,19160622,PRCP,142,,,a,
ASN00023718,19160623,PRCP,28,,,a,
ASN00023718,19160624,PRCP,152,,,a,
ASN00023718,19160625,PRCP,43,,,a,
ASN00023718,19160626,PRCP,137,,,a,
ASN00023718,19160627,PRCP,10,,,a,
ASN00023718,19160628,PRCP,79,,,a,
ASN00023718,19160629,PRCP,97,,,a,
ASN00023718,19160630,PRCP,206,,,a,
ASN00023718,19160701,PRCP,28,,,a,
ASN00023718,19160702,PRCP,0,,,a,
ASN00023718,19160703,PRCP,8,,,a,
ASN00023718,19160704,PRCP,10,,,a,
ASN00023718,19160705,PRCP,30,,,a,
ASN00023718,19160706,PRCP,0,,,a,
ASN00023718,19160707,PRCP,38,,,a,
ASN00023718,19160708,PRCP,46,,,a,
ASN00023718,19160711,PRCP,23,,,a,
ASN00023718,19160712,PRCP,20,,,a,
ASN00023718,19160713,PRCP,0,,,a,
ASN00023718,19160714,PRCP,0,,,a,
ASN00023718,19160715,PRCP,0,,,a,
ASN00023718,19160716,PRCP,0,,,a,
ASN00023718,19160717,PRCP,0,,,a,
ASN00023718,19160718,PRCP,191,,,a,
ASN00023718,19160719,PRCP,76,,,a,
ASN00023718,19160720,PRCP,66,,,a,
ASN00023718,19160721,PRCP,18,,,a,
ASN00023718,19160722,PRCP,0,,,a,
ASN00023718,19160723,PRCP,0,,,a,
ASN00023718,19160724,PRCP,0,,,a,
ASN00023718,19160725,PRCP,0,,,a,
ASN00023718,19160726,PRCP,0,,,a,
ASN00023718,19160727,PRCP,79,,,a,
ASN00023718,19160728,PRCP,8,,,a,
ASN00023718,19160729,PRCP,56,,,a,
ASN00023718,19160730,PRCP,8,,,a,
ASN00023718,19160731,PRCP,0,,,a,
ASN00023718,19160710,DAPR,2,,,a,
ASN00023718,19160710,DWPR,1,,,a,
ASN00023718,19160710,MDPR,56,,,a,
ASN00023718,19160801,PRCP,0,,,a,
ASN00023718,19160802,PRCP,15,,,a,
ASN00023718,19160803,PRCP,13,,,a,
ASN00023718,19160804,PRCP,23,,,a,
ASN00023718,19160805,PRCP,41,,,a,
ASN00023718,19160808,PRCP,0,,,a,
ASN00023718,19160809,PRCP,0,,,a,
ASN00023718,19160810,PRCP,0,,,a,
ASN00023718,19160811,PRCP,0,,,a,
ASN00023718,19160812,PRCP,0,,,a,
ASN00023718,19160813,PRCP,20,,,a,
ASN00023718,19160814,PRCP,15,,,a,
ASN00023718,19160815,PRCP,58,,,a,
ASN00023718,19160816,PRCP,20,,,a,
ASN00023718,19160817,PRCP,33,,,a,
ASN00023718,19160818,PRCP,0,,,a,
ASN00023718,19160819,PRCP,0,,,a,
ASN00023718,19160820,PRCP,147,,,a,
ASN00023718,19160821,PRCP,23,,,a,
ASN00023718,19160822,PRCP,0,,,a,
ASN00023718,19160823,PRCP,0,,,a,
ASN00023718,19160824,PRCP,0,,,a,
ASN00023718,19160825,PRCP,0,,,a,
ASN00023718,19160826,PRCP,0,,,a,
ASN00023718,19160827,PRCP,46,,,a,
ASN00023718,19160828,PRCP,10,,,a,
ASN00023718,19160829,PRCP,13,,,a,
ASN00023718,19160830,PRCP,8,,,a,
ASN00023718,19160831,PRCP,15,,,a,
ASN00023718,19160807,DAPR,2,,,a,
ASN00023718,19160807,DWPR,1,,,a,
ASN00023718,19160807,MDPR,30,,,a,
ASN00023718,19160901,PRCP,0,,,a,
ASN00023718,19160902,PRCP,0,,,a,
ASN00023718,19160903,PRCP,0,,,a,
ASN00023718,19160904,PRCP,0,,,a,
ASN00023718,19160905,PRCP,0,,,a,
ASN00023718,19160906,PRCP,18,,,a,
ASN00023718,19160907,PRCP,0,,,a,
ASN00023718,19160908,PRCP,0,,,a,
ASN00023718,19160909,PRCP,0,,,a,
ASN00023718,19160910,PRCP,13,,,a,
ASN00023718,19160911,PRCP,0,,,a,
ASN00023718,19160912,PRCP,0,,,a,
ASN00023718,19160913,PRCP,0,,,a,
ASN00023718,19160914,PRCP,0,,,a,
ASN00023718,19160915,PRCP,0,,,a,
ASN00023718,19160916,PRCP,0,,,a,
ASN00023718,19160917,PRCP,3,,,a,
ASN00023718,19160918,PRCP,0,,,a,
ASN00023718,19160919,PRCP,0,,,a,
ASN00023718,19160920,PRCP,0,,,a,
ASN00023718,19160921,PRCP,211,,,a,
ASN00023718,19160922,PRCP,201,,,a,
ASN00023718,19160923,PRCP,25,,,a,
ASN00023718,19160924,PRCP,18,,,a,
ASN00023718,19160925,PRCP,8,,,a,
ASN00023718,19160926,PRCP,5,,,a,
ASN00023718,19160927,PRCP,8,,,a,
ASN00023718,19160928,PRCP,10,,,a,
ASN00023718,19160929,PRCP,0,,,a,
ASN00023718,19160930,PRCP,0,,,a,
ASN00023718,19161001,PRCP,0,,,a,
ASN00023718,19161002,PRCP,13,,,a,
ASN00023718,19161003,PRCP,0,,,a,
ASN00023718,19161004,PRCP,71,,,a,
ASN00023718,19161005,PRCP,5,,,a,
ASN00023718,19161006,PRCP,0,,,a,
ASN00023718,19161007,PRCP,0,,,a,
ASN00023718,19161008,PRCP,84,,,a,
ASN00023718,19161009,PRCP,86,,,a,
ASN00023718,19161010,PRCP,5,,,a,
ASN00023718,19161011,PRCP,0,,,a,
ASN00023718,19161012,PRCP,0,,,a,
ASN00023718,19161013,PRCP,10,,,a,
ASN00023718,19161014,PRCP,8,,,a,
ASN00023718,19161015,PRCP,0,,,a,
ASN00023718,19161016,PRCP,8,,,a,
ASN00023718,19161017,PRCP,33,,,a,
ASN00023718,19161018,PRCP,0,,,a,
ASN00023718,19161019,PRCP,0,,,a,
ASN00023718,19161020,PRCP,0,,,a,
ASN00023718,19161021,PRCP,0,,,a,
ASN00023718,19161022,PRCP,112,,,a,
ASN00023718,19161023,PRCP,0,,,a,
ASN00023718,19161024,PRCP,13,,,a,
ASN00023718,19161025,PRCP,0,,,a,
ASN00023718,19161026,PRCP,46,,,a,
ASN00023718,19161027,PRCP,0,,,a,
ASN00023718,19161028,PRCP,0,,,a,
ASN00023718,19161029,PRCP,0,,,a,
ASN00023718,19161030,PRCP,23,,,a,
ASN00023718,19161031,PRCP,0,,,a,
ASN00023718,19161101,PRCP,0,,,a,
ASN00023718,19161102,PRCP,0,,,a,
ASN00023718,19161103,PRCP,0,,,a,
ASN00023718,19161104,PRCP,64,,,a,
ASN00023718,19161105,PRCP,198,,,a,
ASN00023718,19161106,PRCP,43,,,a,
ASN00023718,19161107,PRCP,13,,,a,
ASN00023718,19161108,PRCP,0,,,a,
ASN00023718,19161109,PRCP,0,,,a,
ASN00023718,19161110,PRCP,0,,,a,
ASN00023718,19161111,PRCP,0,,,a,
ASN00023718,19161112,PRCP,168,,,a,
ASN00023718,19161113,PRCP,10,,,a,
ASN00023718,19161114,PRCP,36,,,a,
ASN00023718,19161115,PRCP,142,,,a,
ASN00023718,19161116,PRCP,99,,,a,
ASN00023718,19161117,PRCP,15,,,a,
ASN00023718,19161118,PRCP,0,,,a,
ASN00023718,19161119,PRCP,0,,,a,
ASN00023718,19161120,PRCP,0,,,a,
ASN00023718,19161121,PRCP,33,,,a,
ASN00023718,19161122,PRCP,0,,,a,
ASN00023718,19161123,PRCP,0,,,a,
ASN00023718,19161124,PRCP,0,,,a,
ASN00023718,19161125,PRCP,170,,,a,
ASN00023718,19161126,PRCP,10,,,a,
ASN00023718,19161127,PRCP,0,,,a,
ASN00023718,19161128,PRCP,0,,,a,
ASN00023718,19161129,PRCP,0,,,a,
ASN00023718,19161130,PRCP,0,,,a,
ASN00023718,19161201,PRCP,0,,,a,
ASN00023718,19161202,PRCP,10,,,a,
ASN00023718,19161203,PRCP,0,,,a,
ASN00023718,19161204,PRCP,0,,,a,
ASN00023718,19161205,PRCP,0,,,a,
ASN00023718,19161206,PRCP,0,,,a,
ASN00023718,19161207,PRCP,0,,,a,
ASN00023718,19161208,PRCP,28,,,a,
ASN00023718,19161209,PRCP,36,,,a,
ASN00023718,19161212,PRCP,38,,,a,
ASN00023718,19161213,PRCP,64,,,a,
ASN00023718,19161214,PRCP,41,,,a,
ASN00023718,19161215,PRCP,0,,,a,
ASN00023718,19161216,PRCP,0,,,a,
ASN00023718,19161217,PRCP,0,,,a,
ASN00023718,19161218,PRCP,0,,,a,
ASN00023718,19161219,PRCP,0,,,a,
ASN00023718,19161220,PRCP,0,,,a,
ASN00023718,19161221,PRCP,0,,,a,
ASN00023718,19161222,PRCP,0,,,a,
ASN00023718,19161223,PRCP,0,,,a,
ASN00023718,19161224,PRCP,0,,,a,
ASN00023718,19161225,PRCP,0,,,a,
ASN00023718,19161226,PRCP,0,,,a,
ASN00023718,19161227,PRCP,0,,,a,
ASN00023718,19161228,PRCP,0,,,a,
ASN00023718,19161229,PRCP,0,,,a,
ASN00023718,19161230,PRCP,0,,,a,
ASN00023718,19161231,PRCP,0,,,a,
ASN00023718,19161211,DAPR,2,,,a,
ASN00023718,19161211,DWPR,1,,,a,
ASN00023718,19161211,MDPR,30,,,a,
ASN00023718,19170101,PRCP,0,,,a,
ASN00023718,19170102,PRCP,5,,,a,
ASN00023718,19170103,PRCP,0,,,a,
ASN00023718,19170104,PRCP,0,,,a,
ASN00023718,19170105,PRCP,0,,,a,
ASN00023718,19170106,PRCP,0,,,a,
ASN00023718,19170107,PRCP,0,,,a,
ASN00023718,19170108,PRCP,0,,,a,
ASN00023718,19170109,PRCP,0,,,a,
ASN00023718,19170110,PRCP,0,,,a,
ASN00023718,19170111,PRCP,0,,,a,
ASN00023718,19170112,PRCP,0,,,a,
ASN00023718,19170113,PRCP,0,,,a,
ASN00023718,19170114,PRCP,0,,,a,
ASN00023718,19170115,PRCP,0,,,a,
ASN00023718,19170116,PRCP,0,,,a,
ASN00023718,19170117,PRCP,0,,,a,
ASN00023718,19170118,PRCP,0,,,a,
ASN00023718,19170119,PRCP,0,,,a,
ASN00023718,19170120,PRCP,0,,,a,
ASN00023718,19170123,PRCP,0,,,a,
ASN00023718,19170124,PRCP,0,,,a,
ASN00023718,19170125,PRCP,0,,,a,
ASN00023718,19170126,PRCP,0,,,a,
ASN00023718,19170127,PRCP,0,,,a,
ASN00023718,19170128,PRCP,0,,,a,
ASN00023718,19170129,PRCP,0,,,a,
ASN00023718,19170130,PRCP,0,,,a,
ASN00023718,19170131,PRCP,0,,,a,
ASN00023718,19170122,DAPR,2,,,a,
ASN00023718,19170122,DWPR,1,,,a,
ASN00023718,19170122,MDPR,84,,,a,
ASN00023718,19170201,PRCP,0,,,a,
ASN00023718,19170202,PRCP,0,,,a,
ASN00023718,19170203,PRCP,0,,,a,
ASN00023718,19170204,PRCP,0,,,a,
ASN00023718,19170205,PRCP,0,,,a,
ASN00023718,19170206,PRCP,0,,,a,
ASN00023718,19170207,PRCP,0,,,a,
ASN00023718,19170208,PRCP,0,,,a,
ASN00023718,19170209,PRCP,0,,,a,
ASN00023718,19170210,PRCP,0,,,a,
ASN00023718,19170211,PRCP,0,,,a,
ASN00023718,19170212,PRCP,0,,,a,
ASN00023718,19170213,PRCP,36,,,a,
ASN00023718,19170214,PRCP,427,,,a,
ASN00023718,19170215,PRCP,18,,,a,
ASN00023718,19170216,PRCP,0,,,a,
ASN00023718,19170217,PRCP,0,,,a,
ASN00023718,19170218,PRCP,0,,,a,
ASN00023718,19170219,PRCP,0,,,a,
ASN00023718,19170220,PRCP,0,,,a,
ASN00023718,19170221,PRCP,114,,,a,
ASN00023718,19170222,PRCP,0,,,a,
ASN00023718,19170223,PRCP,0,,,a,
ASN00023718,19170224,PRCP,3,,,a,
ASN00023718,19170225,PRCP,0,,,a,
ASN00023718,19170226,PRCP,13,,,a,
ASN00023718,19170227,PRCP,5,,,a,
ASN00023718,19170228,PRCP,0,,,a,
ASN00023718,19170301,PRCP,0,,,a,
ASN00023718,19170302,PRCP,0,,,a,
ASN00023718,19170303,PRCP,0,,,a,
ASN00023718,19170304,PRCP,0,,,a,
ASN00023718,19170305,PRCP,0,,,a,
ASN00023718,19170306,PRCP,0,,,a,
ASN00023718,19170307,PRCP,0,,,a,
ASN00023718,19170308,PRCP,0,,,a,
ASN00023718,19170309,PRCP,0,,,a,
ASN00023718,19170310,PRCP,0,,,a,
ASN00023718,19170313,PRCP,0,,,a,
ASN00023718,19170314,PRCP,48,,,a,
ASN00023718,19170315,PRCP,15,,,a,
ASN00023718,19170316,PRCP,0,,,a,
ASN00023718,19170317,PRCP,0,,,a,
ASN00023718,19170318,PRCP,0,,,a,
ASN00023718,19170319,PRCP,5,,,a,
ASN00023718,19170320,PRCP,0,,,a,
ASN00023718,19170321,PRCP,0,,,a,
ASN00023718,19170322,PRCP,20,,,a,
ASN00023718,19170323,PRCP,5,,,a,
ASN00023718,19170324,PRCP,0,,,a,
ASN00023718,19170325,PRCP,0,,,a,
ASN00023718,19170326,PRCP,0,,,a,
ASN00023718,19170327,PRCP,0,,,a,
ASN00023718,19170328,PRCP,23,,,a,
ASN00023718,19170329,PRCP,3,,,a,
ASN00023718,19170330,PRCP,165,,,a,
ASN00023718,19170331,PRCP,38,,,a,
ASN00023718,19170312,DAPR,2,,,a,
ASN00023718,19170312,DWPR,1,,,a,
ASN00023718,19170312,MDPR,25,,,a,
ASN00023718,19170401,PRCP,8,,,a,
ASN00023718,19170402,PRCP,0,,,a,
ASN00023718,19170403,PRCP,0,,,a,
ASN00023718,19170404,PRCP,0,,,a,
ASN00023718,19170405,PRCP,5,,,a,
ASN00023718,19170406,PRCP,99,,,a,
ASN00023718,19170407,PRCP,5,,,a,
ASN00023718,19170408,PRCP,8,,,a,
ASN00023718,19170409,PRCP,64,,,a,
ASN00023718,19170410,PRCP,0,,,a,
ASN00023718,19170411,PRCP,0,,,a,
ASN00023718,19170412,PRCP,0,,,a,
ASN00023718,19170413,PRCP,0,,,a,
ASN00023718,19170414,PRCP,104,,,a,
ASN00023718,19170415,PRCP,0,,,a,
ASN00023718,19170416,PRCP,0,,,a,
ASN00023718,19170417,PRCP,0,,,a,
ASN00023718,19170418,PRCP,0,,,a,
ASN00023718,19170419,PRCP,0,,,a,
ASN00023718,19170420,PRCP,0,,,a,
ASN00023718,19170421,PRCP,0,,,a,
ASN00023718,19170422,PRCP,0,,,a,
ASN00023718,19170423,PRCP,0,,,a,
ASN00023718,19170424,PRCP,0,,,a,
ASN00023718,19170425,PRCP,0,,,a,
ASN00023718,19170426,PRCP,0,,,a,
ASN00023718,19170427,PRCP,8,,,a,
ASN00023718,19170428,PRCP,8,,,a,
ASN00023718,19170429,PRCP,13,,,a,
ASN00023718,19170430,PRCP,0,,,a,
ASN00023718,19170501,PRCP,0,,,a,
ASN00023718,19170502,PRCP,0,,,a,
ASN00023718,19170503,PRCP,0,,,a,
ASN00023718,19170504,PRCP,0,,,a,
ASN00023718,19170505,PRCP,10,,,a,
ASN00023718,19170506,PRCP,239,,,a,
ASN00023718,19170507,PRCP,58,,,a,
ASN00023718,19170508,PRCP,69,,,a,
ASN00023718,19170509,PRCP,25,,,a,
ASN00023718,19170510,PRCP,0,,,a,
ASN00023718,19170511,PRCP,74,,,a,
ASN00023718,19170512,PRCP,51,,,a,
ASN00023718,19170513,PRCP,94,,,a,
ASN00023718,19170514,PRCP,140,,,a,
ASN00023718,19170515,PRCP,25,,,a,
ASN00023718,19170516,PRCP,5,,,a,
ASN00023718,19170517,PRCP,0,,,a,
ASN00023718,19170518,PRCP,38,,,a,
ASN00023718,19170519,PRCP,18,,,a,
ASN00023718,19170520,PRCP,13,,,a,
ASN00023718,19170521,PRCP,43,,,a,
ASN00023718,19170522,PRCP,0,,,a,
ASN00023718,19170523,PRCP,5,,,a,
ASN00023718,19170524,PRCP,91,,,a,
ASN00023718,19170525,PRCP,5,,,a,
ASN00023718,19170526,PRCP,28,,,a,
ASN00023718,19170527,PRCP,0,,,a,
ASN00023718,19170528,PRCP,0,,,a,
ASN00023718,19170529,PRCP,0,,,a,
ASN00023718,19170530,PRCP,0,,,a,
ASN00023718,19170531,PRCP,0,,,a,
ASN00023718,19170601,PRCP,0,,,a,
ASN00023718,19170602,PRCP,0,,,a,
ASN00023718,19170605,PRCP,69,,,a,
ASN00023718,19170606,PRCP,94,,,a,
ASN00023718,19170607,PRCP,58,,,a,
ASN00023718,19170608,PRCP,0,,,a,
ASN00023718,19170609,PRCP,0,,,a,
ASN00023718,19170610,PRCP,33,,,a,
ASN00023718,19170611,PRCP,0,,,a,
ASN00023718,19170612,PRCP,25,,,a,
ASN00023718,19170613,PRCP,71,,,a,
ASN00023718,19170614,PRCP,8,,,a,
ASN00023718,19170615,PRCP,132,,,a,
ASN00023718,19170616,PRCP,10,,,a,
ASN00023718,19170617,PRCP,0,,,a,
ASN00023718,19170618,PRCP,13,,,a,
ASN00023718,19170619,PRCP,0,,,a,
ASN00023718,19170620,PRCP,71,,,a,
ASN00023718,19170621,PRCP,0,,,a,
ASN00023718,19170622,PRCP,0,,,a,
ASN00023718,19170623,PRCP,0,,,a,
ASN00023718,19170624,PRCP,0,,,a,
ASN00023718,19170625,PRCP,0,,,a,
ASN00023718,19170626,PRCP,0,,,a,
ASN00023718,19170627,PRCP,0,,,a,
ASN00023718,19170628,PRCP,0,,,a,
ASN00023718,19170629,PRCP,0,,,a,
ASN00023718,19170630,PRCP,0,,,a,
ASN00023718,19170604,DAPR,2,,,a,
ASN00023718,19170604,DWPR,1,,,a,
ASN00023718,19170604,MDPR,51,,,a,
ASN00023718,19170701,PRCP,0,,,a,
ASN00023718,19170702,PRCP,23,,,a,
ASN00023718,19170703,PRCP,30,,,a,
ASN00023718,19170704,PRCP,102,,,a,
ASN00023718,19170705,PRCP,0,,,a,
ASN00023718,19170706,PRCP,0,,,a,
ASN00023718,19170707,PRCP,51,,,a,
ASN00023718,19170708,PRCP,0,,,a,
ASN00023718,19170709,PRCP,0,,,a,
ASN00023718,19170710,PRCP,0,,,a,
ASN00023718,19170711,PRCP,0,,,a,
ASN00023718,19170712,PRCP,0,,,a,
ASN00023718,19170713,PRCP,0,,,a,
ASN00023718,19170714,PRCP,0,,,a,
ASN00023718,19170715,PRCP,25,,,a,
ASN00023718,19170716,PRCP,25,,,a,
ASN00023718,19170717,PRCP,3,,,a,
ASN00023718,19170718,PRCP,79,,,a,
ASN00023718,19170719,PRCP,69,,,a,
ASN00023718,19170720,PRCP,104,,,a,
ASN00023718,19170721,PRCP,89,,,a,
ASN00023718,19170722,PRCP,3,,,a,
ASN00023718,19170723,PRCP,0,,,a,
ASN00023718,19170724,PRCP,0,,,a,
ASN00023718,19170725,PRCP,0,,,a,
ASN00023718,19170726,PRCP,0,,,a,
ASN00023718,19170727,PRCP,18,,,a,
ASN00023718,19170728,PRCP,56,,,a,
ASN00023718,19170729,PRCP,0,,,a,
ASN00023718,19170730,PRCP,15,,,a,
ASN00023718,19170731,PRCP,5,,,a,
ASN00023718,19170801,PRCP,0,,,a,
ASN00023718,19170802,PRCP,38,,,a,
ASN00023718,19170803,PRCP,71,,,a,
ASN00023718,19170804,PRCP,30,,,a,
ASN00023718,19170805,PRCP,0,,,a,
ASN00023718,19170806,PRCP,0,,,a,
ASN00023718,19170807,PRCP,0,,,a,
ASN00023718,19170808,PRCP,0,,,a,
ASN00023718,19170809,PRCP,0,,,a,
ASN00023718,19170810,PRCP,0,,,a,
ASN00023718,19170811,PRCP,0,,,a,
ASN00023718,19170812,PRCP,13,,,a,
ASN00023718,19170813,PRCP,10,,,a,
ASN00023718,19170814,PRCP,0,,,a,
ASN00023718,19170815,PRCP,0,,,a,
ASN00023718,19170816,PRCP,0,,,a,
ASN00023718,19170817,PRCP,0,,,a,
ASN00023718,19170818,PRCP,10,,,a,
ASN00023718,19170819,PRCP,28,,,a,
ASN00023718,19170820,PRCP,86,,,a,
ASN00023718,19170821,PRCP,84,,,a,
ASN00023718,19170822,PRCP,69,,,a,
ASN00023718,19170823,PRCP,0,,,a,
ASN00023718,19170824,PRCP,0,,,a,
ASN00023718,19170825,PRCP,0,,,a,
ASN00023718,19170826,PRCP,0,,,a,
ASN00023718,19170827,PRCP,0,,,a,
ASN00023718,19170828,PRCP,0,,,a,
ASN00023718,19170829,PRCP,0,,,a,
ASN00023718,19170830,PRCP,43,,,a,
ASN00023718,19170831,PRCP,112,,,a,
ASN00023718,19170901,PRCP,25,,,a,
ASN00023718,19170904,PRCP,53,,,a,
ASN00023718,19170905,PRCP,18,,,a,
ASN00023718,19170906,PRCP,61,,,a,
ASN00023718,19170907,PRCP,8,,,a,
ASN00023718,19170908,PRCP,127,,,a,
ASN00023718,19170909,PRCP,0,,,a,
ASN00023718,19170910,PRCP,0,,,a,
ASN00023718,19170911,PRCP,0,,,a,
ASN00023718,19170912,PRCP,119,,,a,
ASN00023718,19170913,PRCP,0,,,a,
ASN00023718,19170914,PRCP,0,,,a,
ASN00023718,19170915,PRCP,10,,,a,
ASN00023718,19170916,PRCP,160,,,a,
ASN00023718,19170917,PRCP,18,,,a,
ASN00023718,19170918,PRCP,51,,,a,
ASN00023718,19170919,PRCP,0,,,a,
ASN00023718,19170920,PRCP,0,,,a,
ASN00023718,19170921,PRCP,13,,,a,
ASN00023718,19170922,PRCP,5,,,a,
ASN00023718,19170923,PRCP,25,,,a,
ASN00023718,19170924,PRCP,10,,,a,
ASN00023718,19170925,PRCP,0,,,a,
ASN00023718,19170926,PRCP,0,,,a,
ASN00023718,19170927,PRCP,0,,,a,
ASN00023718,19170928,PRCP,0,,,a,
ASN00023718,19170929,PRCP,0,,,a,
ASN00023718,19170930,PRCP,0,,,a,
ASN00023718,19170903,DAPR,2,,,a,
ASN00023718,19170903,DWPR,1,,,a,
ASN00023718,19170903,MDPR,71,,,a,
ASN00023718,19171001,PRCP,0,,,a,
ASN00023718,19171002,PRCP,18,,,a,
ASN00023718,19171003,PRCP,0,,,a,
ASN00023718,19171004,PRCP,38,,,a,
ASN00023718,19171005,PRCP,102,,,a,
ASN00023718,19171006,PRCP,38,,,a,
ASN00023718,19171007,PRCP,51,,,a,
ASN00023718,19171008,PRCP,64,,,a,
ASN00023718,19171009,PRCP,10,,,a,
ASN00023718,19171010,PRCP,0,,,a,
ASN00023718,19171011,PRCP,0,,,a,
ASN00023718,19171012,PRCP,0,,,a,
ASN00023718,19171013,PRCP,0,,,a,
ASN00023718,19171014,PRCP,20,,,a,
ASN00023718,19171015,PRCP,0,,,a,
ASN00023718,19171016,PRCP,0,,,a,
ASN00023718,19171017,PRCP,0,,,a,
ASN00023718,19171018,PRCP,58,,,a,
ASN00023718,19171019,PRCP,0,,,a,
ASN00023718,19171020,PRCP,86,,,a,
ASN00023718,19171021,PRCP,0,,,a,
ASN00023718,19171022,PRCP,20,,,a,
ASN00023718,19171023,PRCP,38,,,a,
ASN00023718,19171024,PRCP,64,,,a,
ASN00023718,19171025,PRCP,0,,,a,
ASN00023718,19171026,PRCP,0,,,a,
ASN00023718,19171027,PRCP,0,,,a,
ASN00023718,19171028,PRCP,0,,,a,
ASN00023718,19171029,PRCP,20,,,a,
ASN00023718,19171030,PRCP,0,,,a,
ASN00023718,19171031,PRCP,0,,,a,
ASN00023718,19171101,PRCP,0,,,a,
ASN00023718,19171102,PRCP,0,,,a,
ASN00023718,19171103,PRCP,0,,,a,
ASN00023718,19171104,PRCP,0,,,a,
ASN00023718,19171105,PRCP,0,,,a,
ASN00023718,19171106,PRCP,0,,,a,
ASN00023718,19171107,PRCP,0,,,a,
ASN00023718,19171108,PRCP,0,,,a,
ASN00023718,19171109,PRCP,0,,,a,
ASN00023718,19171110,PRCP,0,,,a,
ASN00023718,19171111,PRCP,0,,,a,
ASN00023718,19171112,PRCP,13,,,a,
ASN00023718,19171113,PRCP,0,,,a,
ASN00023718,19171114,PRCP,0,,,a,
ASN00023718,19171115,PRCP,0,,,a,
ASN00023718,19171116,PRCP,0,,,a,
ASN00023718,19171117,PRCP,0,,,a,
ASN00023718,19171120,PRCP,0,,,a,
ASN00023718,19171121,PRCP,13,,,a,
ASN00023718,19171122,PRCP,20,,,a,
ASN00023718,19171123,PRCP,5,,,a,
ASN00023718,19171124,PRCP,10,,,a,
ASN00023718,19171125,PRCP,30,,,a,
ASN00023718,19171126,PRCP,46,,,a,
ASN00023718,19171127,PRCP,0,,,a,
ASN00023718,19171128,PRCP,0,,,a,
ASN00023718,19171129,PRCP,0,,,a,
ASN00023718,19171130,PRCP,0,,,a,
ASN00023718,19171119,DAPR,2,,,a,
ASN00023718,19171119,DWPR,1,,,a,
ASN00023718,19171119,MDPR,56,,,a,
ASN00023718,19171201,PRCP,0,,,a,
ASN00023718,19171202,PRCP,0,,,a,
ASN00023718,19171203,PRCP,0,,,a,
ASN00023718,19171204,PRCP,0,,,a,
ASN00023718,19171205,PRCP,0,,,a,
ASN00023718,19171206,PRCP,0,,,a,
ASN00023718,19171207,PRCP,0,,,a,
ASN00023718,19171208,PRCP,0,,,a,
ASN00023718,19171209,PRCP,0,,,a,
ASN00023718,19171210,PRCP,0,,,a,
ASN00023718,19171211,PRCP,10,,,a,
ASN00023718,19171212,PRCP,254,,,a,
ASN00023718,19171213,PRCP,0,,,a,
ASN00023718,19171214,PRCP,0,,,a,
ASN00023718,19171215,PRCP,0,,,a,
ASN00023718,19171216,PRCP,0,,,a,
ASN00023718,19171217,PRCP,0,,,a,
ASN00023718,19171218,PRCP,41,,,a,
ASN00023718,19171219,PRCP,0,,,a,
ASN00023718,19171220,PRCP,0,,,a,
ASN00023718,19171221,PRCP,0,,,a,
ASN00023718,19171222,PRCP,0,,,a,
ASN00023718,19171223,PRCP,0,,,a,
ASN00023718,19171224,PRCP,0,,,a,
ASN00023718,19171225,PRCP,0,,,a,
ASN00023718,19171226,PRCP,0,,,a,
ASN00023718,19171227,PRCP,0,,,a,
ASN00023718,19171228,PRCP,0,,,a,
ASN00023718,19171229,PRCP,0,,,a,
ASN00023718,19171230,PRCP,18,,,a,
ASN00023718,19171231,PRCP,86,,,a,
ASN00023718,19180101,PRCP,0,,,a,
ASN00023718,19180102,PRCP,0,,,a,
ASN00023718,19180103,PRCP,0,,,a,
ASN00023718,19180104,PRCP,0,,,a,
ASN00023718,19180105,PRCP,0,,,a,
ASN00023718,19180106,PRCP,0,,,a,
ASN00023718,19180107,PRCP,0,,,a,
ASN00023718,19180108,PRCP,0,,,a,
ASN00023718,19180109,PRCP,0,,,a,
ASN00023718,19180110,PRCP,0,,,a,
ASN00023718,19180111,PRCP,0,,,a,
ASN00023718,19180112,PRCP,0,,,a,
ASN00023718,19180113,PRCP,0,,,a,
ASN00023718,19180114,PRCP,0,,,a,
ASN00023718,19180115,PRCP,25,,,a,
ASN00023718,19180116,PRCP,0,,,a,
ASN00023718,19180117,PRCP,0,,,a,
ASN00023718,19180118,PRCP,0,,,a,
ASN00023718,19180119,PRCP,0,,,a,
ASN00023718,19180120,PRCP,0,,,a,
ASN00023718,19180121,PRCP,0,,,a,
ASN00023718,19180122,PRCP,0,,,a,
ASN00023718,19180123,PRCP,0,,,a,
ASN00023718,19180124,PRCP,0,,,a,
ASN00023718,19180125,PRCP,0,,,a,
ASN00023718,19180126,PRCP,0,,,a,
ASN00023718,19180127,PRCP,0,,,a,
ASN00023718,19180128,PRCP,0,,,a,
ASN00023718,19180129,PRCP,0,,,a,
ASN00023718,19180130,PRCP,0,,,a,
ASN00023718,19180131,PRCP,0,,,a,
ASN00023718,19180201,PRCP,0,,,a,
ASN00023718,19180202,PRCP,0,,,a,
ASN00023718,19180203,PRCP,0,,,a,
ASN00023718,19180204,PRCP,0,,,a,
ASN00023718,19180205,PRCP,0,,,a,
ASN00023718,19180206,PRCP,0,,,a,
ASN00023718,19180207,PRCP,8,,,a,
ASN00023718,19180208,PRCP,0,,,a,
ASN00023718,19180209,PRCP,0,,,a,
ASN00023718,19180210,PRCP,0,,,a,
ASN00023718,19180211,PRCP,0,,,a,
ASN00023718,19180212,PRCP,0,,,a,
ASN00023718,19180213,PRCP,0,,,a,
ASN00023718,19180214,PRCP,0,,,a,
ASN00023718,19180215,PRCP,0,,,a,
ASN00023718,19180216,PRCP,0,,,a,
ASN00023718,19180217,PRCP,0,,,a,
ASN00023718,19180218,PRCP,5,,,a,
ASN00023718,19180219,PRCP,91,,,a,
ASN00023718,19180220,PRCP,0,,,a,
ASN00023718,19180221,PRCP,10,,,a,
ASN00023718,19180222,PRCP,0,,,a,
ASN00023718,19180223,PRCP,0,,,a,
ASN00023718,19180224,PRCP,5,,,a,
ASN00023718,19180225,PRCP,0,,,a,
ASN00023718,19180226,PRCP,0,,,a,
ASN00023718,19180227,PRCP,0,,,a,
ASN00023718,19180228,PRCP,0,,,a,
ASN00023718,19180301,PRCP,0,,,a,
ASN00023718,19180302,PRCP,0,,,a,
ASN00023718,19180303,PRCP,0,,,a,
ASN00023718,19180304,PRCP,0,,,a,
ASN00023718,19180305,PRCP,58,,,a,
ASN00023718,19180306,PRCP,48,,,a,
ASN00023718,19180307,PRCP,0,,,a,
ASN00023718,19180308,PRCP,0,,,a,
ASN00023718,19180309,PRCP,0,,,a,
ASN00023718,19180310,PRCP,0,,,a,
ASN00023718,19180311,PRCP,0,,,a,
ASN00023718,19180312,PRCP,0,,,a,
ASN00023718,19180313,PRCP,0,,,a,
ASN00023718,19180314,PRCP,38,,,a,
ASN00023718,19180315,PRCP,8,,,a,
ASN00023718,19180316,PRCP,10,,,a,
ASN00023718,19180317,PRCP,0,,,a,
ASN00023718,19180318,PRCP,0,,,a,
ASN00023718,19180319,PRCP,0,,,a,
ASN00023718,19180320,PRCP,0,,,a,
ASN00023718,19180321,PRCP,0,,,a,
ASN00023718,19180322,PRCP,0,,,a,
ASN00023718,19180323,PRCP,0,,,a,
ASN00023718,19180324,PRCP,0,,,a,
ASN00023718,19180325,PRCP,0,,,a,
ASN00023718,19180326,PRCP,15,,,a,
ASN00023718,19180327,PRCP,0,,,a,
ASN00023718,19180328,PRCP,0,,,a,
ASN00023718,19180329,PRCP,0,,,a,
ASN00023718,19180330,PRCP,0,,,a,
ASN00023718,19180331,PRCP,0,,,a,
ASN00023718,19180401,PRCP,0,,,a,
ASN00023718,19180402,PRCP,0,,,a,
ASN00023718,19180403,PRCP,28,,,a,
ASN00023718,19180404,PRCP,10,,,a,
ASN00023718,19180405,PRCP,56,,,a,
ASN00023718,19180406,PRCP,5,,,a,
ASN00023718,19180407,PRCP,0,,,a,
ASN00023718,19180408,PRCP,0,,,a,
ASN00023718,19180409,PRCP,0,,,a,
ASN00023718,19180410,PRCP,0,,,a,
ASN00023718,19180411,PRCP,0,,,a,
ASN00023718,19180412,PRCP,0,,,a,
ASN00023718,19180413,PRCP,0,,,a,
ASN00023718,19180414,PRCP,0,,,a,
ASN00023718,19180415,PRCP,0,,,a,
ASN00023718,19180416,PRCP,0,,,a,
ASN00023718,19180417,PRCP,0,,,a,
ASN00023718,19180418,PRCP,0,,,a,
ASN00023718,19180419,PRCP,0,,,a,
ASN00023718,19180420,PRCP,0,,,a,
ASN00023718,19180421,PRCP,0,,,a,
ASN00023718,19180422,PRCP,0,,,a,
ASN00023718,19180423,PRCP,0,,,a,
ASN00023718,19180424,PRCP,8,,,a,
ASN00023718,19180425,PRCP,0,,,a,
ASN00023718,19180426,PRCP,10,,,a,
ASN00023718,19180427,PRCP,56,,,a,
ASN00023718,19180430,PRCP,0,,,a,
ASN00023718,19180429,DAPR,2,,,a,
ASN00023718,19180429,DWPR,1,,,a,
ASN00023718,19180429,MDPR,36,,,a,
ASN00023718,19180501,PRCP,0,,,a,
ASN00023718,19180502,PRCP,0,,,a,
ASN00023718,19180503,PRCP,0,,,a,
ASN00023718,19180504,PRCP,0,,,a,
ASN00023718,19180505,PRCP,0,,,a,
ASN00023718,19180506,PRCP,0,,,a,
ASN00023718,19180507,PRCP,0,,,a,
ASN00023718,19180508,PRCP,5,,,a,
ASN00023718,19180509,PRCP,5,,,a,
ASN00023718,19180510,PRCP,91,,,a,
ASN00023718,19180511,PRCP,0,,,a,
ASN00023718,19180512,PRCP,0,,,a,
ASN00023718,19180513,PRCP,20,,,a,
ASN00023718,19180514,PRCP,0,,,a,
ASN00023718,19180515,PRCP,13,,,a,
ASN00023718,19180516,PRCP,46,,,a,
ASN00023718,19180517,PRCP,23,,,a,
ASN00023718,19180518,PRCP,5,,,a,
ASN00023718,19180519,PRCP,46,,,a,
ASN00023718,19180520,PRCP,15,,,a,
ASN00023718,19180521,PRCP,51,,,a,
ASN00023718,19180522,PRCP,18,,,a,
ASN00023718,19180523,PRCP,0,,,a,
ASN00023718,19180524,PRCP,0,,,a,
ASN00023718,19180525,PRCP,0,,,a,
ASN00023718,19180526,PRCP,0,,,a,
ASN00023718,19180527,PRCP,3,,,a,
ASN00023718,19180528,PRCP,0,,,a,
ASN00023718,19180529,PRCP,61,,,a,
ASN00023718,19180530,PRCP,13,,,a,
ASN00023718,19180531,PRCP,0,,,a,
ASN00023718,19180601,PRCP,0,,,a,
ASN00023718,19180602,PRCP,0,,,a,
ASN00023718,19180603,PRCP,0,,,a,
ASN00023718,19180604,PRCP,0,,,a,
ASN00023718,19180605,PRCP,0,,,a,
ASN00023718,19180606,PRCP,0,,,a,
ASN00023718,19180607,PRCP,0,,,a,
ASN00023718,19180608,PRCP,0,,,a,
ASN00023718,19180609,PRCP,0,,,a,
ASN00023718,19180610,PRCP,8,,,a,
ASN00023718,19180611,PRCP,58,,,a,
ASN00023718,19180612,PRCP,13,,,a,
ASN00023718,19180613,PRCP,0,,,a,
ASN00023718,19180614,PRCP,51,,,a,
ASN00023718,19180615,PRCP,15,,,a,
ASN00023718,19180616,PRCP,0,,,a,
ASN00023718,19180617,PRCP,0,,,a,
ASN00023718,19180618,PRCP,23,,,a,
ASN00023718,19180619,PRCP,76,,,a,
ASN00023718,19180620,PRCP,5,,,a,
ASN00023718,19180621,PRCP,18,,,a,
ASN00023718,19180622,PRCP,0,,,a,
ASN00023718,19180625,PRCP,15,,,a,
ASN00023718,19180626,PRCP,5,,,a,
ASN00023718,19180627,PRCP,0,,,a,
ASN00023718,19180628,PRCP,5,,,a,
ASN00023718,19180629,PRCP,56,,,a,
ASN00023718,19180630,PRCP,0,,,a,
ASN00023718,19180624,DAPR,2,,,a,
ASN00023718,19180624,DWPR,1,,,a,
ASN00023718,19180624,MDPR,81,,,a,
ASN00023718,19180701,PRCP,18,,,a,
ASN00023718,19180702,PRCP,10,,,a,
ASN00023718,19180703,PRCP,0,,,a,
ASN00023718,19180704,PRCP,112,,,a,
ASN00023718,19180705,PRCP,0,,,a,
ASN00023718,19180706,PRCP,0,,,a,
ASN00023718,19180707,PRCP,0,,,a,
ASN00023718,19180708,PRCP,0,,,a,
ASN00023718,19180709,PRCP,41,,,a,
ASN00023718,19180710,PRCP,18,,,a,
ASN00023718,19180711,PRCP,10,,,a,
ASN00023718,19180712,PRCP,104,,,a,
ASN00023718,19180713,PRCP,66,,,a,
ASN00023718,19180714,PRCP,66,,,a,
ASN00023718,19180715,PRCP,8,,,a,
ASN00023718,19180716,PRCP,28,,,a,
ASN00023718,19180717,PRCP,13,,,a,
ASN00023718,19180718,PRCP,0,,,a,
ASN00023718,19180719,PRCP,0,,,a,
ASN00023718,19180720,PRCP,0,,,a,
ASN00023718,19180721,PRCP,0,,,a,
ASN00023718,19180722,PRCP,0,,,a,
ASN00023718,19180723,PRCP,0,,,a,
ASN00023718,19180724,PRCP,0,,,a,
ASN00023718,19180725,PRCP,152,,,a,
ASN00023718,19180726,PRCP,8,,,a,
ASN00023718,19180727,PRCP,0,,,a,
ASN00023718,19180728,PRCP,0,,,a,
ASN00023718,19180729,PRCP,8,,,a,
ASN00023718,19180730,PRCP,0,,,a,
ASN00023718,19180731,PRCP,0,,,a,
ASN00023718,19180801,PRCP,0,,,a,
ASN00023718,19180802,PRCP,0,,,a,
ASN00023718,19180803,PRCP,0,,,a,
ASN00023718,19180804,PRCP,0,,,a,
ASN00023718,19180805,PRCP,23,,,a,
ASN00023718,19180806,PRCP,5,,,a,
ASN00023718,19180807,PRCP,0,,,a,
ASN00023718,19180808,PRCP,36,,,a,
ASN00023718,19180809,PRCP,79,,,a,
ASN00023718,19180810,PRCP,5,,,a,
ASN00023718,19180811,PRCP,0,,,a,
ASN00023718,19180812,PRCP,0,,,a,
ASN00023718,19180813,PRCP,0,,,a,
ASN00023718,19180814,PRCP,10,,,a,
ASN00023718,19180815,PRCP,0,,,a,
ASN00023718,19180816,PRCP,0,,,a,
ASN00023718,19180817,PRCP,0,,,a,
ASN00023718,19180818,PRCP,0,,,a,
ASN00023718,19180819,PRCP,0,,,a,
ASN00023718,19180820,PRCP,64,,,a,
ASN00023718,19180821,PRCP,53,,,a,
ASN00023718,19180822,PRCP,38,,,a,
ASN00023718,19180823,PRCP,13,,,a,
ASN00023718,19180824,PRCP,8,,,a,
ASN00023718,19180825,PRCP,13,,,a,
ASN00023718,19180826,PRCP,0,,,a,
ASN00023718,19180827,PRCP,0,,,a,
ASN00023718,19180828,PRCP,0,,,a,
ASN00023718,19180829,PRCP,0,,,a,
ASN00023718,19180830,PRCP,13,,,a,
ASN00023718,19180831,PRCP,15,,,a,
ASN00023718,19180903,PRCP,165,,,a,
ASN00023718,19180904,PRCP,18,,,a,
ASN00023718,19180905,PRCP,33,,,a,
ASN00023718,19180906,PRCP,0,,,a,
ASN00023718,19180907,PRCP,0,,,a,
ASN00023718,19180908,PRCP,0,,,a,
ASN00023718,19180909,PRCP,0,,,a,
ASN00023718,19180910,PRCP,0,,,a,
ASN00023718,19180911,PRCP,0,,,a,
ASN00023718,19180912,PRCP,0,,,a,
ASN00023718,19180913,PRCP,0,,,a,
ASN00023718,19180914,PRCP,0,,,a,
ASN00023718,19180915,PRCP,64,,,a,
ASN00023718,19180916,PRCP,0,,,a,
ASN00023718,19180917,PRCP,0,,,a,
ASN00023718,19180918,PRCP,0,,,a,
ASN00023718,19180919,PRCP,0,,,a,
ASN00023718,19180920,PRCP,0,,,a,
ASN00023718,19180921,PRCP,5,,,a,
ASN00023718,19180922,PRCP,0,,,a,
ASN00023718,19180923,PRCP,0,,,a,
ASN00023718,19180924,PRCP,0,,,a,
ASN00023718,19180925,PRCP,0,,,a,
ASN00023718,19180926,PRCP,0,,,a,
ASN00023718,19180927,PRCP,3,,,a,
ASN00023718,19180928,PRCP,0,,,a,
ASN00023718,19180929,PRCP,10,,,a,
ASN00023718,19180930,PRCP,0,,,a,
ASN00023718,19180902,DAPR,2,,,a,
ASN00023718,19180902,DWPR,1,,,a,
ASN00023718,19180902,MDPR,25,,,a,
ASN00023718,19181001,PRCP,3,,,a,
ASN00023718,19181002,PRCP,0,,,a,
ASN00023718,19181003,PRCP,0,,,a,
ASN00023718,19181004,PRCP,86,,,a,
ASN00023718,19181005,PRCP,0,,,a,
ASN00023718,19181008,PRCP,8,,,a,
ASN00023718,19181009,PRCP,0,,,a,
ASN00023718,19181010,PRCP,0,,,a,
ASN00023718,19181011,PRCP,0,,,a,
ASN00023718,19181012,PRCP,48,,,a,
ASN00023718,19181013,PRCP,0,,,a,
ASN00023718,19181014,PRCP,3,,,a,
ASN00023718,19181015,PRCP,0,,,a,
ASN00023718,19181016,PRCP,0,,,a,
ASN00023718,19181017,PRCP,0,,,a,
ASN00023718,19181018,PRCP,0,,,a,
ASN00023718,19181019,PRCP,0,,,a,
ASN00023718,19181020,PRCP,0,,,a,
ASN00023718,19181021,PRCP,0,,,a,
ASN00023718,19181022,PRCP,0,,,a,
ASN00023718,19181023,PRCP,0,,,a,
ASN00023718,19181024,PRCP,10,,,a,
ASN00023718,19181025,PRCP,0,,,a,
ASN00023718,19181026,PRCP,36,,,a,
ASN00023718,19181027,PRCP,0,,,a,
ASN00023718,19181028,PRCP,0,,,a,
ASN00023718,19181029,PRCP,0,,,a,
ASN00023718,19181030,PRCP,13,,,a,
ASN00023718,19181031,PRCP,10,,,a,
ASN00023718,19181007,DAPR,2,,,a,
ASN00023718,19181007,DWPR,1,,,a,
ASN00023718,19181007,MDPR,216,,,a,
ASN00023718,19181101,PRCP,51,,,a,
ASN00023718,19181102,PRCP,20,,,a,
ASN00023718,19181103,PRCP,0,,,a,
ASN00023718,19181104,PRCP,10,,,a,
ASN00023718,19181105,PRCP,0,,,a,
ASN00023718,19181106,PRCP,0,,,a,
ASN00023718,19181107,PRCP,0,,,a,
ASN00023718,19181108,PRCP,0,,,a,
ASN00023718,19181109,PRCP,0,,,a,
ASN00023718,19181110,PRCP,0,,,a,
ASN00023718,19181111,PRCP,0,,,a,
ASN00023718,19181112,PRCP,0,,,a,
ASN00023718,19181113,PRCP,0,,,a,
ASN00023718,19181114,PRCP,0,,,a,
ASN00023718,19181115,PRCP,0,,,a,
ASN00023718,19181116,PRCP,0,,,a,
ASN00023718,19181117,PRCP,0,,,a,
ASN00023718,19181118,PRCP,0,,,a,
ASN00023718,19181119,PRCP,0,,,a,
ASN00023718,19181120,PRCP,0,,,a,
ASN00023718,19181121,PRCP,0,,,a,
ASN00023718,19181122,PRCP,0,,,a,
ASN00023718,19181123,PRCP,0,,,a,
ASN00023718,19181124,PRCP,0,,,a,
ASN00023718,19181125,PRCP,0,,,a,
ASN00023718,19181126,PRCP,0,,,a,
ASN00023718,19181127,PRCP,0,,,a,
ASN00023718,19181128,PRCP,0,,,a,
ASN00023718,19181129,PRCP,0,,,a,
ASN00023718,19181130,PRCP,0,,,a,
ASN00023718,19181203,PRCP,15,,,a,
ASN00023718,19181204,PRCP,0,,,a,
ASN00023718,19181205,PRCP,0,,,a,
ASN00023718,19181206,PRCP,0,,,a,
ASN00023718,19181207,PRCP,0,,,a,
ASN00023718,19181208,PRCP,0,,,a,
ASN00023718,19181209,PRCP,0,,,a,
ASN00023718,19181210,PRCP,0,,,a,
ASN00023718,19181211,PRCP,0,,,a,
ASN00023718,19181212,PRCP,0,,,a,
ASN00023718,19181213,PRCP,15,,,a,
ASN00023718,19181214,PRCP,0,,,a,
ASN00023718,19181215,PRCP,0,,,a,
ASN00023718,19181216,PRCP,0,,,a,
ASN00023718,19181217,PRCP,0,,,a,
ASN00023718,19181218,PRCP,0,,,a,
ASN00023718,19181219,PRCP,0,,,a,
ASN00023718,19181220,PRCP,0,,,a,
ASN00023718,19181221,PRCP,0,,,a,
ASN00023718,19181222,PRCP,0,,,a,
ASN00023718,19181223,PRCP,0,,,a,
ASN00023718,19181224,PRCP,41,,,a,
ASN00023718,19181227,PRCP,8,,,a,
ASN00023718,19181228,PRCP,0,,,a,
ASN00023718,19181229,PRCP,0,,,a,
ASN00023718,19181230,PRCP,0,,,a,
ASN00023718,19181231,PRCP,0,,,a,
ASN00023718,19181202,DAPR,2,,,a,
ASN00023718,19181226,DAPR,2,,,a,
ASN00023718,19181202,DWPR,1,,,a,
ASN00023718,19181226,DWPR,1,,,a,
ASN00023718,19181202,MDPR,25,,,a,
ASN00023718,19181226,MDPR,102,,,a,
ASN00023718,19190101,PRCP,0,,,a,
ASN00023718,19190102,PRCP,0,,,a,
ASN00023718,19190103,PRCP,0,,,a,
ASN00023718,19190104,PRCP,0,,,a,
ASN00023718,19190105,PRCP,0,,,a,
ASN00023718,19190106,PRCP,0,,,a,
ASN00023718,19190107,PRCP,56,,,a,
ASN00023718,19190108,PRCP,0,,,a,
ASN00023718,19190109,PRCP,0,,,a,
ASN00023718,19190110,PRCP,0,,,a,
ASN00023718,19190111,PRCP,0,,,a,
ASN00023718,19190112,PRCP,0,,,a,
ASN00023718,19190113,PRCP,0,,,a,
ASN00023718,19190114,PRCP,0,,,a,
ASN00023718,19190115,PRCP,0,,,a,
ASN00023718,19190116,PRCP,0,,,a,
ASN00023718,19190117,PRCP,0,,,a,
ASN00023718,19190118,PRCP,0,,,a,
ASN00023718,19190119,PRCP,0,,,a,
ASN00023718,19190120,PRCP,0,,,a,
ASN00023718,19190121,PRCP,0,,,a,
ASN00023718,19190122,PRCP,0,,,a,
ASN00023718,19190123,PRCP,0,,,a,
ASN00023718,19190124,PRCP,0,,,a,
ASN00023718,19190125,PRCP,0,,,a,
ASN00023718,19190126,PRCP,0,,,a,
ASN00023718,19190127,PRCP,0,,,a,
ASN00023718,19190128,PRCP,0,,,a,
ASN00023718,19190129,PRCP,13,,,a,
ASN00023718,19190130,PRCP,0,,,a,
ASN00023718,19190131,PRCP,0,,,a,
ASN00023718,19190201,PRCP,0,,,a,
ASN00023718,19190204,PRCP,0,,,a,
ASN00023718,19190205,PRCP,0,,,a,
ASN00023718,19190206,PRCP,0,,,a,
ASN00023718,19190207,PRCP,0,,,a,
ASN00023718,19190208,PRCP,43,,,a,
ASN00023718,19190209,PRCP,43,,,a,
ASN00023718,19190210,PRCP,0,,,a,
ASN00023718,19190211,PRCP,0,,,a,
ASN00023718,19190212,PRCP,0,,,a,
ASN00023718,19190213,PRCP,0,,,a,
ASN00023718,19190214,PRCP,0,,,a,
ASN00023718,19190215,PRCP,0,,,a,
ASN00023718,19190218,PRCP,343,,,a,
ASN00023718,19190219,PRCP,33,,,a,
ASN00023718,19190220,PRCP,8,,,a,
ASN00023718,19190221,PRCP,0,,,a,
ASN00023718,19190222,PRCP,0,,,a,
ASN00023718,19190223,PRCP,0,,,a,
ASN00023718,19190224,PRCP,0,,,a,
ASN00023718,19190225,PRCP,0,,,a,
ASN00023718,19190226,PRCP,0,,,a,
ASN00023718,19190227,PRCP,0,,,a,
ASN00023718,19190228,PRCP,0,,,a,
ASN00023718,19190203,DAPR,2,,,a,
ASN00023718,19190217,DAPR,2,,,a,
ASN00023718,19190203,DWPR,1,,,a,
ASN00023718,19190217,DWPR,1,,,a,
ASN00023718,19190203,MDPR,53,,,a,
ASN00023718,19190217,MDPR,137,,,a,
ASN00023718,19190301,PRCP,0,,,a,
ASN00023718,19190302,PRCP,0,,,a,
ASN00023718,19190303,PRCP,0,,,a,
ASN00023718,19190304,PRCP,8,,,a,
ASN00023718,19190305,PRCP,18,,,a,
ASN00023718,19190306,PRCP,13,,,a,
ASN00023718,19190307,PRCP,0,,,a,
ASN00023718,19190308,PRCP,0,,,a,
ASN00023718,19190309,PRCP,0,,,a,
ASN00023718,19190310,PRCP,0,,,a,
ASN00023718,19190311,PRCP,0,,,a,
ASN00023718,19190312,PRCP,0,,,a,
ASN00023718,19190313,PRCP,0,,,a,
ASN00023718,19190314,PRCP,0,,,a,
ASN00023718,19190315,PRCP,0,,,a,
ASN00023718,19190316,PRCP,0,,,a,
ASN00023718,19190317,PRCP,0,,,a,
ASN00023718,19190318,PRCP,0,,,a,
ASN00023718,19190319,PRCP,0,,,a,
ASN00023718,19190320,PRCP,0,,,a,
ASN00023718,19190321,PRCP,0,,,a,
ASN00023718,19190322,PRCP,0,,,a,
ASN00023718,19190323,PRCP,0,,,a,
ASN00023718,19190324,PRCP,0,,,a,
ASN00023718,19190325,PRCP,0,,,a,
ASN00023718,19190326,PRCP,0,,,a,
ASN00023718,19190327,PRCP,0,,,a,
ASN00023718,19190328,PRCP,0,,,a,
ASN00023718,19190329,PRCP,0,,,a,
ASN00023718,19190330,PRCP,0,,,a,
ASN00023718,19190331,PRCP,18,,,a,
ASN00023718,19190401,PRCP,0,,,a,
ASN00023718,19190402,PRCP,0,,,a,
ASN00023718,19190403,PRCP,0,,,a,
ASN00023718,19190404,PRCP,0,,,a,
ASN00023718,19190405,PRCP,0,,,a,
ASN00023718,19190408,PRCP,0,,,a,
ASN00023718,19190409,PRCP,0,,,a,
ASN00023718,19190410,PRCP,0,,,a,
ASN00023718,19190411,PRCP,0,,,a,
ASN00023718,19190412,PRCP,0,,,a,
ASN00023718,19190413,PRCP,0,,,a,
ASN00023718,19190414,PRCP,0,,,a,
ASN00023718,19190415,PRCP,0,,,a,
ASN00023718,19190416,PRCP,0,,,a,
ASN00023718,19190417,PRCP,0,,,a,
ASN00023718,19190418,PRCP,0,,,a,
ASN00023718,19190419,PRCP,0,,,a,
ASN00023718,19190420,PRCP,0,,,a,
ASN00023718,19190421,PRCP,0,,,a,
ASN00023718,19190422,PRCP,0,,,a,
ASN00023718,19190423,PRCP,0,,,a,
ASN00023718,19190424,PRCP,0,,,a,
ASN00023718,19190425,PRCP,0,,,a,
ASN00023718,19190426,PRCP,0,,,a,
ASN00023718,19190427,PRCP,0,,,a,
ASN00023718,19190428,PRCP,0,,,a,
ASN00023718,19190429,PRCP,0,,,a,
ASN00023718,19190430,PRCP,0,,,a,
ASN00023718,19190407,DAPR,2,,,a,
ASN00023718,19190407,DWPR,1,,,a,
ASN00023718,19190407,MDPR,53,,,a,
ASN00023718,19190501,PRCP,8,,,a,
ASN00023718,19190502,PRCP,10,,,a,
ASN00023718,19190503,PRCP,0,,,a,
ASN00023718,19190504,PRCP,0,,,a,
ASN00023718,19190505,PRCP,0,,,a,
ASN00023718,19190506,PRCP,0,,,a,
ASN00023718,19190507,PRCP,122,,,a,
ASN00023718,19190508,PRCP,8,,,a,
ASN00023718,19190509,PRCP,41,,,a,
ASN00023718,19190510,PRCP,33,,,a,
ASN00023718,19190511,PRCP,0,,,a,
ASN00023718,19190512,PRCP,13,,,a,
ASN00023718,19190513,PRCP,25,,,a,
ASN00023718,19190514,PRCP,5,,,a,
ASN00023718,19190515,PRCP,43,,,a,
ASN00023718,19190516,PRCP,0,,,a,
ASN00023718,19190517,PRCP,0,,,a,
ASN00023718,19190518,PRCP,0,,,a,
ASN00023718,19190519,PRCP,0,,,a,
ASN00023718,19190520,PRCP,0,,,a,
ASN00023718,19190521,PRCP,0,,,a,
ASN00023718,19190522,PRCP,0,,,a,
ASN00023718,19190523,PRCP,20,,,a,
ASN00023718,19190524,PRCP,18,,,a,
ASN00023718,19190527,PRCP,0,,,a,
ASN00023718,19190528,PRCP,5,,,a,
ASN00023718,19190529,PRCP,0,,,a,
ASN00023718,19190530,PRCP,25,,,a,
ASN00023718,19190531,PRCP,5,,,a,
ASN00023718,19190526,DAPR,2,,,a,
ASN00023718,19190526,DWPR,1,,,a,
ASN00023718,19190526,MDPR,173,,,a,
ASN00023718,19190603,PRCP,0,,,a,
ASN00023718,19190604,PRCP,0,,,a,
ASN00023718,19190605,PRCP,0,,,a,
ASN00023718,19190606,PRCP,0,,,a,
ASN00023718,19190607,PRCP,0,,,a,
ASN00023718,19190608,PRCP,0,,,a,
ASN00023718,19190609,PRCP,0,,,a,
ASN00023718,19190610,PRCP,3,,,a,
ASN00023718,19190611,PRCP,0,,,a,
ASN00023718,19190612,PRCP,0,,,a,
ASN00023718,19190613,PRCP,10,,,a,
ASN00023718,19190614,PRCP,0,,,a,
ASN00023718,19190617,PRCP,23,,,a,
ASN00023718,19190618,PRCP,43,,,a,
ASN00023718,19190619,PRCP,20,,,a,
ASN00023718,19190620,PRCP,3,,,a,
ASN00023718,19190621,PRCP,15,,,a,
ASN00023718,19190622,PRCP,0,,,a,
ASN00023718,19190623,PRCP,0,,,a,
ASN00023718,19190624,PRCP,0,,,a,
ASN00023718,19190625,PRCP,0,,,a,
ASN00023718,19190626,PRCP,3,,,a,
ASN00023718,19190627,PRCP,76,,,a,
ASN00023718,19190628,PRCP,33,,,a,
ASN00023718,19190629,PRCP,25,,,a,
ASN00023718,19190630,PRCP,84,,,a,
ASN00023718,19190602,DAPR,2,,,a,
ASN00023718,19190616,DAPR,2,,,a,
ASN00023718,19190602,DWPR,1,,,a,
ASN00023718,19190616,DWPR,1,,,a,
ASN00023718,19190602,MDPR,33,,,a,
ASN00023718,19190616,MDPR,173,,,a,
ASN00023718,19190701,PRCP,147,,,a,
ASN00023718,19190702,PRCP,61,,,a,
ASN00023718,19190703,PRCP,0,,,a,
ASN00023718,19190704,PRCP,0,,,a,
ASN00023718,19190705,PRCP,5,,,a,
ASN00023718,19190706,PRCP,20,,,a,
ASN00023718,19190707,PRCP,66,,,a,
ASN00023718,19190708,PRCP,0,,,a,
ASN00023718,19190709,PRCP,0,,,a,
ASN00023718,19190710,PRCP,0,,,a,
ASN00023718,19190711,PRCP,5,,,a,
ASN00023718,19190712,PRCP,46,,,a,
ASN00023718,19190713,PRCP,71,,,a,
ASN00023718,19190714,PRCP,28,,,a,
ASN00023718,19190715,PRCP,0,,,a,
ASN00023718,19190716,PRCP,0,,,a,
ASN00023718,19190717,PRCP,0,,,a,
ASN00023718,19190718,PRCP,0,,,a,
ASN00023718,19190719,PRCP,0,,,a,
ASN00023718,19190720,PRCP,0,,,a,
ASN00023718,19190721,PRCP,10,,,a,
ASN00023718,19190722,PRCP,10,,,a,
ASN00023718,19190723,PRCP,0,,,a,
ASN00023718,19190724,PRCP,0,,,a,
ASN00023718,19190725,PRCP,0,,,a,
ASN00023718,19190726,PRCP,36,,,a,
ASN00023718,19190727,PRCP,0,,,a,
ASN00023718,19190728,PRCP,0,,,a,
ASN00023718,19190729,PRCP,10,,,a,
ASN00023718,19190730,PRCP,30,,,a,
ASN00023718,19190731,PRCP,25,,,a,
ASN00023718,19190801,PRCP,33,,,a,
ASN00023718,19190802,PRCP,0,,,a,
ASN00023718,19190803,PRCP,38,,,a,
ASN00023718,19190804,PRCP,0,,,a,
ASN00023718,19190805,PRCP,0,,,a,
ASN00023718,19190806,PRCP,74,,,a,
ASN00023718,19190807,PRCP,30,,,a,
ASN00023718,19190808,PRCP,13,,,a,
ASN00023718,19190809,PRCP,0,,,a,
ASN00023718,19190810,PRCP,0,,,a,
ASN00023718,19190811,PRCP,0,,,a,
ASN00023718,19190812,PRCP,41,,,a,
ASN00023718,19190813,PRCP,30,,,a,
ASN00023718,19190814,PRCP,66,,,a,
ASN00023718,19190815,PRCP,8,,,a,
ASN00023718,19190816,PRCP,0,,,a,
ASN00023718,19190817,PRCP,0,,,a,
ASN00023718,19190818,PRCP,0,,,a,
ASN00023718,19190819,PRCP,0,,,a,
ASN00023718,19190820,PRCP,0,,,a,
ASN00023718,19190821,PRCP,0,,,a,
ASN00023718,19190822,PRCP,0,,,a,
ASN00023718,19190823,PRCP,0,,,a,
ASN00023718,19190824,PRCP,13,,,a,
ASN00023718,19190825,PRCP,25,,,a,
ASN00023718,19190826,PRCP,58,,,a,
ASN00023718,19190827,PRCP,15,,,a,
ASN00023718,19190828,PRCP,0,,,a,
ASN00023718,19190829,PRCP,0,,,a,
ASN00023718,19190830,PRCP,0,,,a,
ASN00023718,19190831,PRCP,0,,,a,
ASN00023718,19190901,PRCP,0,,,a,
ASN00023718,19190902,PRCP,0,,,a,
ASN00023718,19190903,PRCP,0,,,a,
ASN00023718,19190904,PRCP,5,,,a,
ASN00023718,19190905,PRCP,0,,,a,
ASN00023718,19190906,PRCP,41,,,a,
ASN00023718,19190907,PRCP,211,,,a,
ASN00023718,19190908,PRCP,86,,,a,
ASN00023718,19190909,PRCP,18,,,a,
ASN00023718,19190910,PRCP,0,,,a,
ASN00023718,19190911,PRCP,15,,,a,
ASN00023718,19190912,PRCP,30,,,a,
ASN00023718,19190913,PRCP,10,,,a,
ASN00023718,19190914,PRCP,76,,,a,
ASN00023718,19190915,PRCP,36,,,a,
ASN00023718,19190916,PRCP,8,,,a,
ASN00023718,19190917,PRCP,0,,,a,
ASN00023718,19190918,PRCP,0,,,a,
ASN00023718,19190919,PRCP,0,,,a,
ASN00023718,19190920,PRCP,0,,,a,
ASN00023718,19190921,PRCP,0,,,a,
ASN00023718,19190922,PRCP,0,,,a,
ASN00023718,19190923,PRCP,0,,,a,
ASN00023718,19190924,PRCP,15,,,a,
ASN00023718,19190925,PRCP,8,,,a,
ASN00023718,19190926,PRCP,0,,,a,
ASN00023718,19190927,PRCP,0,,,a,
ASN00023718,19190928,PRCP,0,,,a,
ASN00023718,19190929,PRCP,0,,,a,
ASN00023718,19190930,PRCP,41,,,a,
ASN00023718,19191001,PRCP,0,,,a,
ASN00023718,19191002,PRCP,58,,,a,
ASN00023718,19191003,PRCP,0,,,a,
ASN00023718,19191004,PRCP,0,,,a,
ASN00023718,19191007,PRCP,28,,,a,
ASN00023718,19191008,PRCP,0,,,a,
ASN00023718,19191009,PRCP,8,,,a,
ASN00023718,19191010,PRCP,30,,,a,
ASN00023718,19191011,PRCP,0,,,a,
ASN00023718,19191012,PRCP,0,,,a,
ASN00023718,19191013,PRCP,0,,,a,
ASN00023718,19191014,PRCP,28,,,a,
ASN00023718,19191015,PRCP,0,,,a,
ASN00023718,19191016,PRCP,0,,,a,
ASN00023718,19191017,PRCP,0,,,a,
ASN00023718,19191018,PRCP,0,,,a,
ASN00023718,19191019,PRCP,0,,,a,
ASN00023718,19191020,PRCP,0,,,a,
ASN00023718,19191021,PRCP,28,,,a,
ASN00023718,19191022,PRCP,0,,,a,
ASN00023718,19191023,PRCP,0,,,a,
ASN00023718,19191024,PRCP,0,,,a,
ASN00023718,19191025,PRCP,0,,,a,
ASN00023718,19191026,PRCP,0,,,a,
ASN00023718,19191027,PRCP,0,,,a,
ASN00023718,19191028,PRCP,0,,,a,
ASN00023718,19191029,PRCP,0,,,a,
ASN00023718,19191030,PRCP,0,,,a,
ASN00023718,19191031,PRCP,0,,,a,
ASN00023718,19191006,DAPR,2,,,a,
ASN00023718,19191006,DWPR,1,,,a,
ASN00023718,19191006,MDPR,51,,,a,
ASN00023718,19191101,PRCP,18,,,a,
ASN00023718,19191102,PRCP,0,,,a,
ASN00023718,19191103,PRCP,0,,,a,
ASN00023718,19191104,PRCP,0,,,a,
ASN00023718,19191105,PRCP,0,,,a,
ASN00023718,19191106,PRCP,0,,,a,
ASN00023718,19191107,PRCP,0,,,a,
ASN00023718,19191108,PRCP,0,,,a,
ASN00023718,19191111,PRCP,0,,,a,
ASN00023718,19191112,PRCP,0,,,a,
ASN00023718,19191113,PRCP,18,,,a,
ASN00023718,19191114,PRCP,0,,,a,
ASN00023718,19191115,PRCP,0,,,a,
ASN00023718,19191116,PRCP,0,,,a,
ASN00023718,19191117,PRCP,0,,,a,
ASN00023718,19191118,PRCP,0,,,a,
ASN00023718,19191119,PRCP,13,,,a,
ASN00023718,19191120,PRCP,0,,,a,
ASN00023718,19191121,PRCP,0,,,a,
ASN00023718,19191122,PRCP,0,,,a,
ASN00023718,19191123,PRCP,0,,,a,
ASN00023718,19191124,PRCP,0,,,a,
ASN00023718,19191125,PRCP,0,,,a,
ASN00023718,19191126,PRCP,0,,,a,
ASN00023718,19191127,PRCP,0,,,a,
ASN00023718,19191128,PRCP,0,,,a,
ASN00023718,19191129,PRCP,0,,,a,
ASN00023718,19191130,PRCP,0,,,a,
ASN00023718,19191110,DAPR,2,,,a,
ASN00023718,19191110,DWPR,1,,,a,
ASN00023718,19191110,MDPR,51,,,a,
ASN00023718,19191201,PRCP,0,,,a,
ASN00023718,19191202,PRCP,0,,,a,
ASN00023718,19191203,PRCP,0,,,a,
ASN00023718,19191204,PRCP,8,,,a,
ASN00023718,19191205,PRCP,0,,,a,
ASN00023718,19191206,PRCP,0,,,a,
ASN00023718,19191207,PRCP,0,,,a,
ASN00023718,19191208,PRCP,0,,,a,
ASN00023718,19191209,PRCP,0,,,a,
ASN00023718,19191210,PRCP,0,,,a,
ASN00023718,19191211,PRCP,0,,,a,
ASN00023718,19191212,PRCP,10,,,a,
ASN00023718,19191213,PRCP,0,,,a,
ASN00023718,19191214,PRCP,0,,,a,
ASN00023718,19191215,PRCP,0,,,a,
ASN00023718,19191216,PRCP,0,,,a,
ASN00023718,19191217,PRCP,15,,,a,
ASN00023718,19191218,PRCP,0,,,a,
ASN00023718,19191219,PRCP,0,,,a,
ASN00023718,19191220,PRCP,0,,,a,
ASN00023718,19191221,PRCP,0,,,a,
ASN00023718,19191222,PRCP,0,,,a,
ASN00023718,19191223,PRCP,0,,,a,
ASN00023718,19191224,PRCP,91,,,a,
ASN00023718,19191225,PRCP,0,,,a,
ASN00023718,19191226,PRCP,0,,,a,
ASN00023718,19191227,PRCP,104,,,a,
ASN00023718,19191228,PRCP,56,,,a,
ASN00023718,19191229,PRCP,0,,,a,
ASN00023718,19191230,PRCP,0,,,a,
ASN00023718,19191231,PRCP,0,,,a,
ASN00023718,19200101,PRCP,13,,,a,
ASN00023718,19200102,PRCP,0,,,a,
ASN00023718,19200103,PRCP,0,,,a,
ASN00023718,19200104,PRCP,0,,,a,
ASN00023718,19200105,PRCP,0,,,a,
ASN00023718,19200106,PRCP,0,,,a,
ASN00023718,19200107,PRCP,5,,,a,
ASN00023718,19200108,PRCP,0,,,a,
ASN00023718,19200109,PRCP,0,,,a,
ASN00023718,19200110,PRCP,0,,,a,
ASN00023718,19200111,PRCP,0,,,a,
ASN00023718,19200112,PRCP,0,,,a,
ASN00023718,19200113,PRCP,0,,,a,
ASN00023718,19200114,PRCP,0,,,a,
ASN00023718,19200115,PRCP,0,,,a,
ASN00023718,19200116,PRCP,58,,,a,
ASN00023718,19200117,PRCP,0,,,a,
ASN00023718,19200118,PRCP,0,,,a,
ASN00023718,19200119,PRCP,0,,,a,
ASN00023718,19200120,PRCP,0,,,a,
ASN00023718,19200121,PRCP,0,,,a,
ASN00023718,19200122,PRCP,0,,,a,
ASN00023718,19200123,PRCP,0,,,a,
ASN00023718,19200124,PRCP,0,,,a,
ASN00023718,19200125,PRCP,0,,,a,
ASN00023718,19200126,PRCP,0,,,a,
ASN00023718,19200127,PRCP,3,,,a,
ASN00023718,19200128,PRCP,0,,,a,
ASN00023718,19200129,PRCP,0,,,a,
ASN00023718,19200130,PRCP,0,,,a,
ASN00023718,19200131,PRCP,0,,,a,
ASN00023718,19200201,PRCP,0,,,a,
ASN00023718,19200202,PRCP,0,,,a,
ASN00023718,19200203,PRCP,0,,,a,
ASN00023718,19200204,PRCP,0,,,a,
ASN00023718,19200205,PRCP,13,,,a,
ASN00023718,19200206,PRCP,8,,,a,
ASN00023718,19200207,PRCP,0,,,a,
ASN00023718,19200208,PRCP,0,,,a,
ASN00023718,19200209,PRCP,0,,,a,
ASN00023718,19200210,PRCP,0,,,a,
ASN00023718,19200211,PRCP,0,,,a,
ASN00023718,19200212,PRCP,0,,,a,
ASN00023718,19200213,PRCP,0,,,a,
ASN00023718,19200214,PRCP,0,,,a,
ASN00023718,19200215,PRCP,0,,,a,
ASN00023718,19200216,PRCP,0,,,a,
ASN00023718,19200217,PRCP,0,,,a,
ASN00023718,19200218,PRCP,0,,,a,
ASN00023718,19200219,PRCP,0,,,a,
ASN00023718,19200220,PRCP,0,,,a,
ASN00023718,19200221,PRCP,0,,,a,
ASN00023718,19200222,PRCP,0,,,a,
ASN00023718,19200223,PRCP,0,,,a,
ASN00023718,19200224,PRCP,0,,,a,
ASN00023718,19200225,PRCP,0,,,a,
ASN00023718,19200226,PRCP,0,,,a,
ASN00023718,19200227,PRCP,0,,,a,
ASN00023718,19200228,PRCP,8,,,a,
ASN00023718,19200229,PRCP,23,,,a,
ASN00023718,19200301,PRCP,0,,,a,
ASN00023718,19200302,PRCP,0,,,a,
ASN00023718,19200303,PRCP,0,,,a,
ASN00023718,19200304,PRCP,0,,,a,
ASN00023718,19200305,PRCP,0,,,a,
ASN00023718,19200306,PRCP,13,,,a,
ASN00023718,19200307,PRCP,157,,,a,
ASN00023718,19200308,PRCP,0,,,a,
ASN00023718,19200309,PRCP,0,,,a,
ASN00023718,19200310,PRCP,0,,,a,
ASN00023718,19200311,PRCP,0,,,a,
ASN00023718,19200312,PRCP,0,,,a,
ASN00023718,19200313,PRCP,0,,,a,
ASN00023718,19200316,PRCP,8,,,a,
ASN00023718,19200317,PRCP,10,,,a,
ASN00023718,19200318,PRCP,0,,,a,
ASN00023718,19200319,PRCP,0,,,a,
ASN00023718,19200320,PRCP,0,,,a,
ASN00023718,19200321,PRCP,8,,,a,
ASN00023718,19200322,PRCP,0,,,a,
ASN00023718,19200323,PRCP,0,,,a,
ASN00023718,19200324,PRCP,0,,,a,
ASN00023718,19200325,PRCP,0,,,a,
ASN00023718,19200326,PRCP,0,,,a,
ASN00023718,19200327,PRCP,0,,,a,
ASN00023718,19200328,PRCP,0,,,a,
ASN00023718,19200329,PRCP,0,,,a,
ASN00023718,19200330,PRCP,0,,,a,
ASN00023718,19200331,PRCP,0,,,a,
ASN00023718,19200315,DAPR,2,,,a,
ASN00023718,19200315,DWPR,1,,,a,
ASN00023718,19200315,MDPR,33,,,a,
ASN00023718,19200401,PRCP,0,,,a,
ASN00023718,19200402,PRCP,0,,,a,
ASN00023718,19200403,PRCP,0,,,a,
ASN00023718,19200404,PRCP,0,,,a,
ASN00023718,19200405,PRCP,0,,,a,
ASN00023718,19200406,PRCP,0,,,a,
ASN00023718,19200407,PRCP,0,,,a,
ASN00023718,19200408,PRCP,0,,,a,
ASN00023718,19200409,PRCP,0,,,a,
ASN00023718,19200410,PRCP,0,,,a,
ASN00023718,19200411,PRCP,8,,,a,
ASN00023718,19200412,PRCP,0,,,a,
ASN00023718,19200413,PRCP,28,,,a,
ASN00023718,19200414,PRCP,137,,,a,
ASN00023718,19200415,PRCP,0,,,a,
ASN00023718,19200416,PRCP,8,,,a,
ASN00023718,19200417,PRCP,43,,,a,
ASN00023718,19200418,PRCP,0,,,a,
ASN00023718,19200419,PRCP,0,,,a,
ASN00023718,19200420,PRCP,0,,,a,
ASN00023718,19200421,PRCP,0,,,a,
ASN00023718,19200422,PRCP,0,,,a,
ASN00023718,19200423,PRCP,0,,,a,
ASN00023718,19200424,PRCP,0,,,a,
ASN00023718,19200425,PRCP,0,,,a,
ASN00023718,19200426,PRCP,0,,,a,
ASN00023718,19200427,PRCP,0,,,a,
ASN00023718,19200428,PRCP,0,,,a,
ASN00023718,19200429,PRCP,0,,,a,
ASN00023718,19200430,PRCP,5,,,a,
ASN00023718,19200501,PRCP,0,,,a,
ASN00023718,19200504,PRCP,0,,,a,
ASN00023718,19200505,PRCP,0,,,a,
ASN00023718,19200506,PRCP,0,,,a,
ASN00023718,19200507,PRCP,0,,,a,
ASN00023718,19200508,PRCP,0,,,a,
ASN00023718,19200509,PRCP,28,,,a,
ASN00023718,19200510,PRCP,56,,,a,
ASN00023718,19200511,PRCP,13,,,a,
ASN00023718,19200512,PRCP,0,,,a,
ASN00023718,19200513,PRCP,43,,,a,
ASN00023718,19200514,PRCP,51,,,a,
ASN00023718,19200515,PRCP,23,,,a,
ASN00023718,19200516,PRCP,56,,,a,
ASN00023718,19200517,PRCP,15,,,a,
ASN00023718,19200518,PRCP,0,,,a,
ASN00023718,19200519,PRCP,8,,,a,
ASN00023718,19200520,PRCP,8,,,a,
ASN00023718,19200521,PRCP,0,,,a,
ASN00023718,19200522,PRCP,0,,,a,
ASN00023718,19200523,PRCP,0,,,a,
ASN00023718,19200524,PRCP,0,,,a,
ASN00023718,19200525,PRCP,0,,,a,
ASN00023718,19200526,PRCP,0,,,a,
ASN00023718,19200527,PRCP,0,,,a,
ASN00023718,19200528,PRCP,0,,,a,
ASN00023718,19200529,PRCP,0,,,a,
ASN00023718,19200530,PRCP,0,,,a,
ASN00023718,19200531,PRCP,0,,,a,
ASN00023718,19200503,DAPR,2,,,a,
ASN00023718,19200503,DWPR,1,,,a,
ASN00023718,19200503,MDPR,38,,,a,
ASN00023718,19200601,PRCP,267,,,a,
ASN00023718,19200602,PRCP,104,,,a,
ASN00023718,19200603,PRCP,56,,,a,
ASN00023718,19200604,PRCP,25,,,a,
ASN00023718,19200605,PRCP,0,,,a,
ASN00023718,19200606,PRCP,0,,,a,
ASN00023718,19200607,PRCP,13,,,a,
ASN00023718,19200608,PRCP,13,,,a,
ASN00023718,19200609,PRCP,41,,,a,
ASN00023718,19200610,PRCP,51,,,a,
ASN00023718,19200611,PRCP,0,,,a,
ASN00023718,19200612,PRCP,8,,,a,
ASN00023718,19200613,PRCP,71,,,a,
ASN00023718,19200614,PRCP,15,,,a,
ASN00023718,19200615,PRCP,8,,,a,
ASN00023718,19200616,PRCP,43,,,a,
ASN00023718,19200617,PRCP,20,,,a,
ASN00023718,19200618,PRCP,23,,,a,
ASN00023718,19200619,PRCP,0,,,a,
ASN00023718,19200620,PRCP,25,,,a,
ASN00023718,19200621,PRCP,0,,,a,
ASN00023718,19200622,PRCP,30,,,a,
ASN00023718,19200623,PRCP,46,,,a,
ASN00023718,19200624,PRCP,8,,,a,
ASN00023718,19200625,PRCP,5,,,a,
ASN00023718,19200626,PRCP,0,,,a,
ASN00023718,19200627,PRCP,0,,,a,
ASN00023718,19200628,PRCP,18,,,a,
ASN00023718,19200629,PRCP,0,,,a,
ASN00023718,19200630,PRCP,10,,,a,
ASN00023718,19200701,PRCP,38,,,a,
ASN00023718,19200702,PRCP,20,,,a,
ASN00023718,19200703,PRCP,13,,,a,
ASN00023718,19200704,PRCP,0,,,a,
ASN00023718,19200705,PRCP,10,,,a,
ASN00023718,19200706,PRCP,10,,,a,
ASN00023718,19200707,PRCP,25,,,a,
ASN00023718,19200708,PRCP,13,,,a,
ASN00023718,19200709,PRCP,23,,,a,
ASN00023718,19200710,PRCP,25,,,a,
ASN00023718,19200711,PRCP,10,,,a,
ASN00023718,19200712,PRCP,41,,,a,
ASN00023718,19200713,PRCP,0,,,a,
ASN00023718,19200714,PRCP,0,,,a,
ASN00023718,19200715,PRCP,0,,,a,
ASN00023718,19200716,PRCP,0,,,a,
ASN00023718,19200717,PRCP,0,,,a,
ASN00023718,19200718,PRCP,0,,,a,
ASN00023718,19200719,PRCP,0,,,a,
ASN00023718,19200720,PRCP,0,,,a,
ASN00023718,19200721,PRCP,51,,,a,
ASN00023718,19200722,PRCP,5,,,a,
ASN00023718,19200723,PRCP,0,,,a,
ASN00023718,19200724,PRCP,0,,,a,
ASN00023718,19200725,PRCP,0,,,a,
ASN00023718,19200726,PRCP,0,,,a,
ASN00023718,19200727,PRCP,0,,,a,
ASN00023718,19200728,PRCP,0,,,a,
ASN00023718,19200729,PRCP,0,,,a,
ASN00023718,19200730,PRCP,0,,,a,
ASN00023718,19200731,PRCP,114,,,a,
ASN00023718,19200801,PRCP,0,,,a,
ASN00023718,19200802,PRCP,18,,,a,
ASN00023718,19200803,PRCP,0,,,a,
ASN00023718,19200804,PRCP,18,,,a,
ASN00023718,19200805,PRCP,61,,,a,
ASN00023718,19200806,PRCP,15,,,a,
ASN00023718,19200807,PRCP,0,,,a,
ASN00023718,19200808,PRCP,53,,,a,
ASN00023718,19200809,PRCP,25,,,a,
ASN00023718,19200810,PRCP,10,,,a,
ASN00023718,19200811,PRCP,20,,,a,
ASN00023718,19200812,PRCP,8,,,a,
ASN00023718,19200813,PRCP,0,,,a,
ASN00023718,19200814,PRCP,0,,,a,
ASN00023718,19200815,PRCP,5,,,a,
ASN00023718,19200816,PRCP,43,,,a,
ASN00023718,19200817,PRCP,13,,,a,
ASN00023718,19200818,PRCP,5,,,a,
ASN00023718,19200819,PRCP,25,,,a,
ASN00023718,19200820,PRCP,0,,,a,
ASN00023718,19200821,PRCP,0,,,a,
ASN00023718,19200824,PRCP,140,,,a,
ASN00023718,19200825,PRCP,25,,,a,
ASN00023718,19200826,PRCP,0,,,a,
ASN00023718,19200827,PRCP,0,,,a,
ASN00023718,19200828,PRCP,0,,,a,
ASN00023718,19200829,PRCP,0,,,a,
ASN00023718,19200830,PRCP,0,,,a,
ASN00023718,19200831,PRCP,25,,,a,
ASN00023718,19200823,DAPR,2,,,a,
ASN00023718,19200823,DWPR,1,,,a,
ASN00023718,19200823,MDPR,53,,,a,
ASN00023718,19200901,PRCP,0,,,a,
ASN00023718,19200902,PRCP,0,,,a,
ASN00023718,19200903,PRCP,0,,,a,
ASN00023718,19200904,PRCP,0,,,a,
ASN00023718,19200905,PRCP,25,,,a,
ASN00023718,19200906,PRCP,51,,,a,
ASN00023718,19200907,PRCP,5,,,a,
ASN00023718,19200908,PRCP,0,,,a,
ASN00023718,19200909,PRCP,104,,,a,
ASN00023718,19200910,PRCP,38,,,a,
ASN00023718,19200911,PRCP,10,,,a,
ASN00023718,19200912,PRCP,13,,,a,
ASN00023718,19200913,PRCP,0,,,a,
ASN00023718,19200914,PRCP,15,,,a,
ASN00023718,19200915,PRCP,58,,,a,
ASN00023718,19200916,PRCP,8,,,a,
ASN00023718,19200917,PRCP,36,,,a,
ASN00023718,19200918,PRCP,13,,,a,
ASN00023718,19200919,PRCP,0,,,a,
ASN00023718,19200920,PRCP,0,,,a,
ASN00023718,19200921,PRCP,0,,,a,
ASN00023718,19200922,PRCP,0,,,a,
ASN00023718,19200923,PRCP,0,,,a,
ASN00023718,19200924,PRCP,0,,,a,
ASN00023718,19200925,PRCP,0,,,a,
ASN00023718,19200926,PRCP,8,,,a,
ASN00023718,19200927,PRCP,0,,,a,
ASN00023718,19200928,PRCP,0,,,a,
ASN00023718,19200929,PRCP,0,,,a,
ASN00023718,19200930,PRCP,0,,,a,
ASN00023718,19201001,PRCP,41,,,a,
ASN00023718,19201002,PRCP,0,,,a,
ASN00023718,19201003,PRCP,0,,,a,
ASN00023718,19201004,PRCP,0,,,a,
ASN00023718,19201005,PRCP,0,,,a,
ASN00023718,19201006,PRCP,0,,,a,
ASN00023718,19201007,PRCP,30,,,a,
ASN00023718,19201008,PRCP,0,,,a,
ASN00023718,19201009,PRCP,0,,,a,
ASN00023718,19201012,PRCP,0,,,a,
ASN00023718,19201013,PRCP,0,,,a,
ASN00023718,19201014,PRCP,10,,,a,
ASN00023718,19201015,PRCP,0,,,a,
ASN00023718,19201016,PRCP,0,,,a,
ASN00023718,19201017,PRCP,0,,,a,
ASN00023718,19201018,PRCP,0,,,a,
ASN00023718,19201019,PRCP,0,,,a,
ASN00023718,19201020,PRCP,0,,,a,
ASN00023718,19201021,PRCP,0,,,a,
ASN00023718,19201022,PRCP,0,,,a,
ASN00023718,19201023,PRCP,58,,,a,
ASN00023718,19201024,PRCP,104,,,a,
ASN00023718,19201025,PRCP,0,,,a,
ASN00023718,19201026,PRCP,0,,,a,
ASN00023718,19201027,PRCP,13,,,a,
ASN00023718,19201028,PRCP,0,,,a,
ASN00023718,19201029,PRCP,0,,,a,
ASN00023718,19201030,PRCP,0,,,a,
ASN00023718,19201031,PRCP,0,,,a,
ASN00023718,19201011,DAPR,2,,,a,
ASN00023718,19201011,DWPR,1,,,a,
ASN00023718,19201011,MDPR,216,,,a,
ASN00023718,19201101,PRCP,5,,,a,
ASN00023718,19201102,PRCP,0,,,a,
ASN00023718,19201103,PRCP,0,,,a,
ASN00023718,19201104,PRCP,0,,,a,
ASN00023718,19201105,PRCP,23,,,a,
ASN00023718,19201106,PRCP,0,,,a,
ASN00023718,19201107,PRCP,0,,,a,
ASN00023718,19201108,PRCP,0,,,a,
ASN00023718,19201109,PRCP,25,,,a,
ASN00023718,19201110,PRCP,0,,,a,
ASN00023718,19201111,PRCP,0,,,a,
ASN00023718,19201112,PRCP,69,,,a,
ASN00023718,19201113,PRCP,18,,,a,
ASN00023718,19201114,PRCP,69,,,a,
ASN00023718,19201115,PRCP,0,,,a,
ASN00023718,19201116,PRCP,0,,,a,
ASN00023718,19201117,PRCP,0,,,a,
ASN00023718,19201118,PRCP,0,,,a,
ASN00023718,19201119,PRCP,0,,,a,
ASN00023718,19201120,PRCP,0,,,a,
ASN00023718,19201121,PRCP,0,,,a,
ASN00023718,19201122,PRCP,0,,,a,
ASN00023718,19201123,PRCP,0,,,a,
ASN00023718,19201124,PRCP,0,,,a,
ASN00023718,19201125,PRCP,0,,,a,
ASN00023718,19201126,PRCP,0,,,a,
ASN00023718,19201127,PRCP,191,,,a,
ASN00023718,19201128,PRCP,58,,,a,
ASN00023718,19201129,PRCP,0,,,a,
ASN00023718,19201130,PRCP,0,,,a,
ASN00023718,19201201,PRCP,0,,,a,
ASN00023718,19201202,PRCP,0,,,a,
ASN00023718,19201203,PRCP,0,,,a,
ASN00023718,19201204,PRCP,0,,,a,
ASN00023718,19201205,PRCP,0,,,a,
ASN00023718,19201206,PRCP,8,,,a,
ASN00023718,19201207,PRCP,23,,,a,
ASN00023718,19201208,PRCP,94,,,a,
ASN00023718,19201209,PRCP,0,,,a,
ASN00023718,19201210,PRCP,0,,,a,
ASN00023718,19201211,PRCP,0,,,a,
ASN00023718,19201212,PRCP,0,,,a,
ASN00023718,19201213,PRCP,0,,,a,
ASN00023718,19201214,PRCP,0,,,a,
ASN00023718,19201215,PRCP,0,,,a,
ASN00023718,19201216,PRCP,0,,,a,
ASN00023718,19201217,PRCP,15,,,a,
ASN00023718,19201218,PRCP,0,,,a,
ASN00023718,19201219,PRCP,0,,,a,
ASN00023718,19201220,PRCP,0,,,a,
ASN00023718,19201221,PRCP,0,,,a,
ASN00023718,19201222,PRCP,0,,,a,
ASN00023718,19201223,PRCP,0,,,a,
ASN00023718,19201224,PRCP,0,,,a,
ASN00023718,19201227,PRCP,64,,,a,
ASN00023718,19201228,PRCP,0,,,a,
ASN00023718,19201229,PRCP,0,,,a,
ASN00023718,19201230,PRCP,0,,,a,
ASN00023718,19201231,PRCP,0,,,a,
ASN00023718,19201226,DAPR,2,,,a,
ASN00023718,19201226,DWPR,1,,,a,
ASN00023718,19201226,MDPR,30,,,a,
ASN00023718,19210103,PRCP,0,,,a,
ASN00023718,19210104,PRCP,0,,,a,
ASN00023718,19210105,PRCP,0,,,a,
ASN00023718,19210106,PRCP,0,,,a,
ASN00023718,19210107,PRCP,0,,,a,
ASN00023718,19210108,PRCP,0,,,a,
ASN00023718,19210109,PRCP,0,,,a,
ASN00023718,19210110,PRCP,0,,,a,
ASN00023718,19210111,PRCP,18,,,a,
ASN00023718,19210112,PRCP,0,,,a,
ASN00023718,19210113,PRCP,0,,,a,
ASN00023718,19210114,PRCP,15,,,a,
ASN00023718,19210115,PRCP,0,,,a,
ASN00023718,19210116,PRCP,0,,,a,
ASN00023718,19210117,PRCP,0,,,a,
ASN00023718,19210118,PRCP,0,,,a,
ASN00023718,19210119,PRCP,0,,,a,
ASN00023718,19210120,PRCP,0,,,a,
ASN00023718,19210121,PRCP,0,,,a,
ASN00023718,19210122,PRCP,0,,,a,
ASN00023718,19210123,PRCP,0,,,a,
ASN00023718,19210124,PRCP,0,,,a,
ASN00023718,19210125,PRCP,0,,,a,
ASN00023718,19210126,PRCP,0,,,a,
ASN00023718,19210127,PRCP,0,,,a,
ASN00023718,19210128,PRCP,0,,,a,
ASN00023718,19210129,PRCP,0,,,a,
ASN00023718,19210130,PRCP,0,,,a,
ASN00023718,19210131,PRCP,0,,,a,
ASN00023718,19210102,DAPR,2,,,a,
ASN00023718,19210102,DWPR,1,,,a,
ASN00023718,19210102,MDPR,348,,,a,
ASN00023718,19210201,PRCP,0,,,a,
ASN00023718,19210202,PRCP,0,,,a,
ASN00023718,19210203,PRCP,0,,,a,
ASN00023718,19210204,PRCP,0,,,a,
ASN00023718,19210205,PRCP,0,,,a,
ASN00023718,19210206,PRCP,0,,,a,
ASN00023718,19210207,PRCP,0,,,a,
ASN00023718,19210208,PRCP,0,,,a,
ASN00023718,19210209,PRCP,0,,,a,
ASN00023718,19210210,PRCP,0,,,a,
ASN00023718,19210211,PRCP,0,,,a,
ASN00023718,19210212,PRCP,0,,,a,
ASN00023718,19210213,PRCP,0,,,a,
ASN00023718,19210214,PRCP,0,,,a,
ASN00023718,19210215,PRCP,0,,,a,
ASN00023718,19210216,PRCP,0,,,a,
ASN00023718,19210217,PRCP,0,,,a,
ASN00023718,19210218,PRCP,0,,,a,
ASN00023718,19210219,PRCP,0,,,a,
ASN00023718,19210220,PRCP,13,,,a,
ASN00023718,19210221,PRCP,0,,,a,
ASN00023718,19210222,PRCP,0,,,a,
ASN00023718,19210223,PRCP,109,,,a,
ASN00023718,19210224,PRCP,638,,,a,
ASN00023718,19210225,PRCP,0,,,a,
ASN00023718,19210226,PRCP,0,,,a,
ASN00023718,19210227,PRCP,0,,,a,
ASN00023718,19210228,PRCP,0,,,a,
ASN00023718,19210301,PRCP,363,,,a,
ASN00023718,19210302,PRCP,0,,,a,
ASN00023718,19210303,PRCP,0,,,a,
ASN00023718,19210304,PRCP,0,,,a,
ASN00023718,19210305,PRCP,20,,,a,
ASN00023718,19210306,PRCP,0,,,a,
ASN00023718,19210307,PRCP,0,,,a,
ASN00023718,19210308,PRCP,0,,,a,
ASN00023718,19210309,PRCP,0,,,a,
ASN00023718,19210310,PRCP,0,,,a,
ASN00023718,19210311,PRCP,0,,,a,
ASN00023718,19210312,PRCP,0,,,a,
ASN00023718,19210313,PRCP,0,,,a,
ASN00023718,19210314,PRCP,0,,,a,
ASN00023718,19210315,PRCP,0,,,a,
ASN00023718,19210316,PRCP,0,,,a,
ASN00023718,19210317,PRCP,0,,,a,
ASN00023718,19210318,PRCP,0,,,a,
ASN00023718,19210319,PRCP,0,,,a,
ASN00023718,19210320,PRCP,0,,,a,
ASN00023718,19210321,PRCP,0,,,a,
ASN00023718,19210322,PRCP,0,,,a,
ASN00023718,19210323,PRCP,0,,,a,
ASN00023718,19210324,PRCP,0,,,a,
ASN00023718,19210325,PRCP,0,,,a,
ASN00023718,19210326,PRCP,0,,,a,
ASN00023718,19210327,PRCP,0,,,a,
ASN00023718,19210328,PRCP,0,,,a,
ASN00023718,19210329,PRCP,0,,,a,
ASN00023718,19210330,PRCP,0,,,a,
ASN00023718,19210331,PRCP,46,,,a,
ASN00023718,19210401,PRCP,0,,,a,
ASN00023718,19210402,PRCP,0,,,a,
ASN00023718,19210403,PRCP,0,,,a,
ASN00023718,19210404,PRCP,0,,,a,
ASN00023718,19210405,PRCP,0,,,a,
ASN00023718,19210406,PRCP,5,,,a,
ASN00023718,19210407,PRCP,0,,,a,
ASN00023718,19210408,PRCP,15,,,a,
ASN00023718,19210409,PRCP,0,,,a,
ASN00023718,19210410,PRCP,0,,,a,
ASN00023718,19210411,PRCP,0,,,a,
ASN00023718,19210412,PRCP,0,,,a,
ASN00023718,19210413,PRCP,0,,,a,
ASN00023718,19210414,PRCP,0,,,a,
ASN00023718,19210415,PRCP,5,,,a,
ASN00023718,19210416,PRCP,0,,,a,
ASN00023718,19210417,PRCP,10,,,a,
ASN00023718,19210418,PRCP,0,,,a,
ASN00023718,19210419,PRCP,0,,,a,
ASN00023718,19210420,PRCP,0,,,a,
ASN00023718,19210421,PRCP,0,,,a,
ASN00023718,19210422,PRCP,0,,,a,
ASN00023718,19210423,PRCP,0,,,a,
ASN00023718,19210424,PRCP,0,,,a,
ASN00023718,19210425,PRCP,0,,,a,
ASN00023718,19210426,PRCP,0,,,a,
ASN00023718,19210427,PRCP,0,,,a,
ASN00023718,19210428,PRCP,0,,,a,
ASN00023718,19210429,PRCP,0,,,a,
ASN00023718,19210430,PRCP,0,,,a,
ASN00023718,19210501,PRCP,0,,,a,
ASN00023718,19210502,PRCP,8,,,a,
ASN00023718,19210503,PRCP,0,,,a,
ASN00023718,19210504,PRCP,0,,,a,
ASN00023718,19210505,PRCP,0,,,a,
ASN00023718,19210506,PRCP,0,,,a,
ASN00023718,19210507,PRCP,30,,,a,
ASN00023718,19210508,PRCP,0,,,a,
ASN00023718,19210509,PRCP,13,,,a,
ASN00023718,19210510,PRCP,0,,,a,
ASN00023718,19210511,PRCP,0,,,a,
ASN00023718,19210512,PRCP,0,,,a,
ASN00023718,19210513,PRCP,0,,,a,
ASN00023718,19210514,PRCP,0,,,a,
ASN00023718,19210515,PRCP,0,,,a,
ASN00023718,19210516,PRCP,0,,,a,
ASN00023718,19210517,PRCP,0,,,a,
ASN00023718,19210518,PRCP,0,,,a,
ASN00023718,19210519,PRCP,0,,,a,
ASN00023718,19210520,PRCP,97,,,a,
ASN00023718,19210521,PRCP,0,,,a,
ASN00023718,19210524,PRCP,109,,,a,
ASN00023718,19210525,PRCP,25,,,a,
ASN00023718,19210526,PRCP,94,,,a,
ASN00023718,19210527,PRCP,0,,,a,
ASN00023718,19210528,PRCP,0,,,a,
ASN00023718,19210529,PRCP,69,,,a,
ASN00023718,19210530,PRCP,185,,,a,
ASN00023718,19210531,PRCP,46,,,a,
ASN00023718,19210523,DAPR,2,,,a,
ASN00023718,19210523,DWPR,1,,,a,
ASN00023718,19210523,MDPR,140,,,a,
ASN00023718,19210601,PRCP,18,,,a,
ASN00023718,19210602,PRCP,0,,,a,
ASN00023718,19210603,PRCP,0,,,a,
ASN00023718,19210604,PRCP,8,,,a,
ASN00023718,19210605,PRCP,0,,,a,
ASN00023718,19210606,PRCP,8,,,a,
ASN00023718,19210607,PRCP,142,,,a,
ASN00023718,19210608,PRCP,5,,,a,
ASN00023718,19210609,PRCP,0,,,a,
ASN00023718,19210610,PRCP,0,,,a,
ASN00023718,19210611,PRCP,33,,,a,
ASN00023718,19210612,PRCP,0,,,a,
ASN00023718,19210613,PRCP,0,,,a,
ASN00023718,19210614,PRCP,0,,,a,
ASN00023718,19210615,PRCP,28,,,a,
ASN00023718,19210616,PRCP,15,,,a,
ASN00023718,19210617,PRCP,71,,,a,
ASN00023718,19210618,PRCP,0,,,a,
ASN00023718,19210619,PRCP,0,,,a,
ASN00023718,19210620,PRCP,0,,,a,
ASN00023718,19210621,PRCP,0,,,a,
ASN00023718,19210622,PRCP,0,,,a,
ASN00023718,19210623,PRCP,0,,,a,
ASN00023718,19210624,PRCP,0,,,a,
ASN00023718,19210625,PRCP,0,,,a,
ASN00023718,19210626,PRCP,0,,,a,
ASN00023718,19210627,PRCP,0,,,a,
ASN00023718,19210628,PRCP,0,,,a,
ASN00023718,19210629,PRCP,0,,,a,
ASN00023718,19210630,PRCP,38,,,a,
ASN00023718,19210701,PRCP,0,,,a,
ASN00023718,19210702,PRCP,0,,,a,
ASN00023718,19210703,PRCP,0,,,a,
ASN00023718,19210704,PRCP,0,,,a,
ASN00023718,19210705,PRCP,147,,,a,
ASN00023718,19210706,PRCP,8,,,a,
ASN00023718,19210707,PRCP,0,,,a,
ASN00023718,19210708,PRCP,0,,,a,
ASN00023718,19210709,PRCP,0,,,a,
ASN00023718,19210710,PRCP,0,,,a,
ASN00023718,19210711,PRCP,0,,,a,
ASN00023718,19210712,PRCP,0,,,a,
ASN00023718,19210713,PRCP,5,,,a,
ASN00023718,19210714,PRCP,41,,,a,
ASN00023718,19210715,PRCP,18,,,a,
ASN00023718,19210716,PRCP,0,,,a,
ASN00023718,19210717,PRCP,0,,,a,
ASN00023718,19210718,PRCP,0,,,a,
ASN00023718,19210719,PRCP,0,,,a,
ASN00023718,19210720,PRCP,89,,,a,
ASN00023718,19210721,PRCP,5,,,a,
ASN00023718,19210722,PRCP,5,,,a,
ASN00023718,19210723,PRCP,0,,,a,
ASN00023718,19210724,PRCP,0,,,a,
ASN00023718,19210725,PRCP,0,,,a,
ASN00023718,19210726,PRCP,8,,,a,
ASN00023718,19210727,PRCP,0,,,a,
ASN00023718,19210728,PRCP,0,,,a,
ASN00023718,19210729,PRCP,46,,,a,
ASN00023718,19210730,PRCP,71,,,a,
ASN00023718,19210731,PRCP,46,,,a,
ASN00023718,19210801,PRCP,15,,,a,
ASN00023718,19210802,PRCP,15,,,a,
ASN00023718,19210803,PRCP,28,,,a,
ASN00023718,19210804,PRCP,30,,,a,
ASN00023718,19210805,PRCP,5,,,a,
ASN00023718,19210806,PRCP,0,,,a,
ASN00023718,19210807,PRCP,0,,,a,
ASN00023718,19210808,PRCP,0,,,a,
ASN00023718,19210809,PRCP,0,,,a,
ASN00023718,19210810,PRCP,5,,,a,
ASN00023718,19210811,PRCP,30,,,a,
ASN00023718,19210812,PRCP,56,,,a,
ASN00023718,19210813,PRCP,0,,,a,
ASN00023718,19210814,PRCP,8,,,a,
ASN00023718,19210815,PRCP,0,,,a,
ASN00023718,19210816,PRCP,0,,,a,
ASN00023718,19210817,PRCP,0,,,a,
ASN00023718,19210818,PRCP,0,,,a,
ASN00023718,19210819,PRCP,0,,,a,
ASN00023718,19210820,PRCP,0,,,a,
ASN00023718,19210821,PRCP,0,,,a,
ASN00023718,19210822,PRCP,18,,,a,
ASN00023718,19210823,PRCP,25,,,a,
ASN00023718,19210824,PRCP,25,,,a,
ASN00023718,19210825,PRCP,13,,,a,
ASN00023718,19210826,PRCP,10,,,a,
ASN00023718,19210827,PRCP,0,,,a,
ASN00023718,19210830,PRCP,0,,,a,
ASN00023718,19210831,PRCP,0,,,a,
ASN00023718,19210829,DAPR,2,,,a,
ASN00023718,19210829,DWPR,1,,,a,
ASN00023718,19210829,MDPR,84,,,a,
ASN00023718,19210901,PRCP,0,,,a,
ASN00023718,19210902,PRCP,0,,,a,
ASN00023718,19210903,PRCP,0,,,a,
ASN00023718,19210904,PRCP,0,,,a,
ASN00023718,19210905,PRCP,0,,,a,
ASN00023718,19210906,PRCP,0,,,a,
ASN00023718,19210907,PRCP,43,,,a,
ASN00023718,19210908,PRCP,76,,,a,
ASN00023718,19210909,PRCP,13,,,a,
ASN00023718,19210910,PRCP,53,,,a,
ASN00023718,19210911,PRCP,0,,,a,
ASN00023718,19210912,PRCP,0,,,a,
ASN00023718,19210913,PRCP,36,,,a,
ASN00023718,19210914,PRCP,0,,,a,
ASN00023718,19210915,PRCP,0,,,a,
ASN00023718,19210916,PRCP,0,,,a,
ASN00023718,19210917,PRCP,0,,,a,
ASN00023718,19210918,PRCP,185,,,a,
ASN00023718,19210919,PRCP,58,,,a,
ASN00023718,19210920,PRCP,10,,,a,
ASN00023718,19210921,PRCP,20,,,a,
ASN00023718,19210922,PRCP,10,,,a,
ASN00023718,19210923,PRCP,0,,,a,
ASN00023718,19210924,PRCP,0,,,a,
ASN00023718,19210925,PRCP,0,,,a,
ASN00023718,19210926,PRCP,0,,,a,
ASN00023718,19210927,PRCP,0,,,a,
ASN00023718,19210928,PRCP,0,,,a,
ASN00023718,19210929,PRCP,18,,,a,
ASN00023718,19210930,PRCP,0,,,a,
ASN00023718,19211001,PRCP,127,,,a,
ASN00023718,19211002,PRCP,8,,,a,
ASN00023718,19211003,PRCP,0,,,a,
ASN00023718,19211004,PRCP,0,,,a,
ASN00023718,19211005,PRCP,0,,,a,
ASN00023718,19211006,PRCP,0,,,a,
ASN00023718,19211007,PRCP,0,,,a,
ASN00023718,19211008,PRCP,0,,,a,
ASN00023718,19211009,PRCP,30,,,a,
ASN00023718,19211010,PRCP,10,,,a,
ASN00023718,19211011,PRCP,0,,,a,
ASN00023718,19211012,PRCP,0,,,a,
ASN00023718,19211013,PRCP,0,,,a,
ASN00023718,19211014,PRCP,102,,,a,
ASN00023718,19211015,PRCP,0,,,a,
ASN00023718,19211018,PRCP,0,,,a,
ASN00023718,19211019,PRCP,0,,,a,
ASN00023718,19211020,PRCP,0,,,a,
ASN00023718,19211021,PRCP,18,,,a,
ASN00023718,19211022,PRCP,18,,,a,
ASN00023718,19211023,PRCP,0,,,a,
ASN00023718,19211024,PRCP,0,,,a,
ASN00023718,19211025,PRCP,0,,,a,
ASN00023718,19211026,PRCP,0,,,a,
ASN00023718,19211027,PRCP,0,,,a,
ASN00023718,19211028,PRCP,0,,,a,
ASN00023718,19211029,PRCP,0,,,a,
ASN00023718,19211030,PRCP,0,,,a,
ASN00023718,19211031,PRCP,0,,,a,
ASN00023718,19211017,DAPR,2,,,a,
ASN00023718,19211017,DWPR,1,,,a,
ASN00023718,19211017,MDPR,38,,,a,
ASN00023718,19211101,PRCP,0,,,a,
ASN00023718,19211102,PRCP,0,,,a,
ASN00023718,19211103,PRCP,0,,,a,
ASN00023718,19211104,PRCP,0,,,a,
ASN00023718,19211105,PRCP,325,,,a,
ASN00023718,19211106,PRCP,0,,,a,
ASN00023718,19211107,PRCP,0,,,a,
ASN00023718,19211108,PRCP,0,,,a,
ASN00023718,19211109,PRCP,0,,,a,
ASN00023718,19211110,PRCP,0,,,a,
ASN00023718,19211111,PRCP,0,,,a,
ASN00023718,19211112,PRCP,0,,,a,
ASN00023718,19211113,PRCP,0,,,a,
ASN00023718,19211114,PRCP,0,,,a,
ASN00023718,19211115,PRCP,41,,,a,
ASN00023718,19211116,PRCP,0,,,a,
ASN00023718,19211117,PRCP,0,,,a,
ASN00023718,19211118,PRCP,0,,,a,
ASN00023718,19211119,PRCP,8,,,a,
ASN00023718,19211120,PRCP,58,,,a,
ASN00023718,19211121,PRCP,0,,,a,
ASN00023718,19211122,PRCP,0,,,a,
ASN00023718,19211123,PRCP,0,,,a,
ASN00023718,19211124,PRCP,0,,,a,
ASN00023718,19211125,PRCP,51,,,a,
ASN00023718,19211126,PRCP,46,,,a,
ASN00023718,19211127,PRCP,25,,,a,
ASN00023718,19211128,PRCP,0,,,a,
ASN00023718,19211129,PRCP,33,,,a,
ASN00023718,19211130,PRCP,0,,,a,
ASN00023718,19211201,PRCP,0,,,a,
ASN00023718,19211202,PRCP,0,,,a,
ASN00023718,19211203,PRCP,18,,,a,
ASN00023718,19211204,PRCP,0,,,a,
ASN00023718,19211205,PRCP,0,,,a,
ASN00023718,19211206,PRCP,0,,,a,
ASN00023718,19211207,PRCP,0,,,a,
ASN00023718,19211208,PRCP,0,,,a,
ASN00023718,19211209,PRCP,0,,,a,
ASN00023718,19211210,PRCP,0,,,a,
ASN00023718,19211211,PRCP,0,,,a,
ASN00023718,19211212,PRCP,0,,,a,
ASN00023718,19211213,PRCP,15,,,a,
ASN00023718,19211214,PRCP,0,,,a,
ASN00023718,19211215,PRCP,0,,,a,
ASN00023718,19211216,PRCP,0,,,a,
ASN00023718,19211217,PRCP,0,,,a,
ASN00023718,19211218,PRCP,0,,,a,
ASN00023718,19211219,PRCP,0,,,a,
ASN00023718,19211220,PRCP,0,,,a,
ASN00023718,19211221,PRCP,0,,,a,
ASN00023718,19211222,PRCP,0,,,a,
ASN00023718,19211223,PRCP,0,,,a,
ASN00023718,19211224,PRCP,0,,,a,
ASN00023718,19211225,PRCP,0,,,a,
ASN00023718,19211226,PRCP,0,,,a,
ASN00023718,19211227,PRCP,0,,,a,
ASN00023718,19211228,PRCP,0,,,a,
ASN00023718,19211229,PRCP,0,,,a,
ASN00023718,19211230,PRCP,0,,,a,
ASN00023718,19211231,PRCP,0,,,a,
ASN00023718,19220101,PRCP,0,,,a,
ASN00023718,19220102,PRCP,0,,,a,
ASN00023718,19220103,PRCP,0,,,a,
ASN00023718,19220104,PRCP,25,,,a,
ASN00023718,19220105,PRCP,0,,,a,
ASN00023718,19220106,PRCP,104,,,a,
ASN00023718,19220107,PRCP,18,,,a,
ASN00023718,19220108,PRCP,33,,,a,
ASN00023718,19220109,PRCP,0,,,a,
ASN00023718,19220110,PRCP,0,,,a,
ASN00023718,19220111,PRCP,13,,,a,
ASN00023718,19220112,PRCP,0,,,a,
ASN00023718,19220113,PRCP,0,,,a,
ASN00023718,19220114,PRCP,0,,,a,
ASN00023718,19220115,PRCP,0,,,a,
ASN00023718,19220116,PRCP,0,,,a,
ASN00023718,19220117,PRCP,0,,,a,
ASN00023718,19220118,PRCP,0,,,a,
ASN00023718,19220119,PRCP,0,,,a,
ASN00023718,19220120,PRCP,0,,,a,
ASN00023718,19220121,PRCP,0,,,a,
ASN00023718,19220122,PRCP,0,,,a,
ASN00023718,19220123,PRCP,0,,,a,
ASN00023718,19220124,PRCP,0,,,a,
ASN00023718,19220125,PRCP,0,,,a,
ASN00023718,19220126,PRCP,0,,,a,
ASN00023718,19220127,PRCP,0,,,a,
ASN00023718,19220128,PRCP,5,,,a,
ASN00023718,19220129,PRCP,0,,,a,
ASN00023718,19220130,PRCP,0,,,a,
ASN00023718,19220131,PRCP,0,,,a,
ASN00023718,19220201,PRCP,0,,,a,
ASN00023718,19220202,PRCP,0,,,a,
ASN00023718,19220203,PRCP,0,,,a,
ASN00023718,19220204,PRCP,0,,,a,
ASN00023718,19220205,PRCP,0,,,a,
ASN00023718,19220206,PRCP,0,,,a,
ASN00023718,19220207,PRCP,0,,,a,
ASN00023718,19220208,PRCP,0,,,a,
ASN00023718,19220209,PRCP,0,,,a,
ASN00023718,19220210,PRCP,0,,,a,
ASN00023718,19220211,PRCP,0,,,a,
ASN00023718,19220212,PRCP,0,,,a,
ASN00023718,19220213,PRCP,0,,,a,
ASN00023718,19220214,PRCP,0,,,a,
ASN00023718,19220215,PRCP,0,,,a,
ASN00023718,19220216,PRCP,0,,,a,
ASN00023718,19220217,PRCP,0,,,a,
ASN00023718,19220218,PRCP,0,,,a,
ASN00023718,19220219,PRCP,0,,,a,
ASN00023718,19220220,PRCP,0,,,a,
ASN00023718,19220221,PRCP,13,,,a,
ASN00023718,19220222,PRCP,0,,,a,
ASN00023718,19220223,PRCP,0,,,a,
ASN00023718,19220224,PRCP,0,,,a,
ASN00023718,19220225,PRCP,0,,,a,
ASN00023718,19220226,PRCP,0,,,a,
ASN00023718,19220227,PRCP,0,,,a,
ASN00023718,19220228,PRCP,15,,,a,
ASN00023718,19220301,PRCP,0,,,a,
ASN00023718,19220302,PRCP,0,,,a,
ASN00023718,19220303,PRCP,0,,,a,
ASN00023718,19220304,PRCP,0,,,a,
ASN00023718,19220305,PRCP,0,,,a,
ASN00023718,19220306,PRCP,0,,,a,
ASN00023718,19220307,PRCP,0,,,a,
ASN00023718,19220308,PRCP,0,,,a,
ASN00023718,19220309,PRCP,0,,,a,
ASN00023718,19220310,PRCP,0,,,a,
ASN00023718,19220311,PRCP,0,,,a,
ASN00023718,19220312,PRCP,0,,,a,
ASN00023718,19220313,PRCP,0,,,a,
ASN00023718,19220314,PRCP,0,,,a,
ASN00023718,19220315,PRCP,0,,,a,
ASN00023718,19220316,PRCP,0,,,a,
ASN00023718,19220317,PRCP,0,,,a,
ASN00023718,19220318,PRCP,0,,,a,
ASN00023718,19220319,PRCP,0,,,a,
ASN00023718,19220320,PRCP,0,,,a,
ASN00023718,19220321,PRCP,0,,,a,
ASN00023718,19220322,PRCP,64,,,a,
ASN00023718,19220323,PRCP,0,,,a,
ASN00023718,19220324,PRCP,8,,,a,
ASN00023718,19220325,PRCP,0,,,a,
ASN00023718,19220326,PRCP,0,,,a,
ASN00023718,19220327,PRCP,0,,,a,
ASN00023718,19220328,PRCP,0,,,a,
ASN00023718,19220329,PRCP,0,,,a,
ASN00023718,19220330,PRCP,0,,,a,
ASN00023718,19220331,PRCP,0,,,a,
ASN00023718,19220401,PRCP,0,,,a,
ASN00023718,19220402,PRCP,0,,,a,
ASN00023718,19220403,PRCP,0,,,a,
ASN00023718,19220404,PRCP,0,,,a,
ASN00023718,19220405,PRCP,28,,,a,
ASN00023718,19220406,PRCP,25,,,a,
ASN00023718,19220407,PRCP,0,,,a,
ASN00023718,19220408,PRCP,0,,,a,
ASN00023718,19220409,PRCP,0,,,a,
ASN00023718,19220410,PRCP,0,,,a,
ASN00023718,19220411,PRCP,0,,,a,
ASN00023718,19220412,PRCP,0,,,a,
ASN00023718,19220413,PRCP,0,,,a,
ASN00023718,19220414,PRCP,0,,,a,
ASN00023718,19220415,PRCP,0,,,a,
ASN00023718,19220416,PRCP,0,,,a,
ASN00023718,19220417,PRCP,0,,,a,
ASN00023718,19220418,PRCP,5,,,a,
ASN00023718,19220419,PRCP,41,,,a,
ASN00023718,19220420,PRCP,0,,,a,
ASN00023718,19220421,PRCP,0,,,a,
ASN00023718,19220422,PRCP,0,,,a,
ASN00023718,19220423,PRCP,0,,,a,
ASN00023718,19220424,PRCP,10,,,a,
ASN00023718,19220425,PRCP,178,,,a,
ASN00023718,19220426,PRCP,5,,,a,
ASN00023718,19220427,PRCP,0,,,a,
ASN00023718,19220428,PRCP,0,,,a,
ASN00023718,19220429,PRCP,0,,,a,
ASN00023718,19220430,PRCP,30,,,a,
ASN00023718,19220501,PRCP,5,,,a,
ASN00023718,19220502,PRCP,64,,,a,
ASN00023718,19220503,PRCP,196,,,a,
ASN00023718,19220504,PRCP,0,,,a,
ASN00023718,19220505,PRCP,18,,,a,
ASN00023718,19220506,PRCP,51,,,a,
ASN00023718,19220507,PRCP,36,,,a,
ASN00023718,19220508,PRCP,15,,,a,
ASN00023718,19220509,PRCP,0,,,a,
ASN00023718,19220510,PRCP,28,,,a,
ASN00023718,19220511,PRCP,20,,,a,
ASN00023718,19220512,PRCP,0,,,a,
ASN00023718,19220513,PRCP,0,,,a,
ASN00023718,19220514,PRCP,0,,,a,
ASN00023718,19220515,PRCP,0,,,a,
ASN00023718,19220516,PRCP,0,,,a,
ASN00023718,19220517,PRCP,13,,,a,
ASN00023718,19220518,PRCP,0,,,a,
ASN00023718,19220519,PRCP,0,,,a,
ASN00023718,19220520,PRCP,0,,,a,
ASN00023718,19220521,PRCP,0,,,a,
ASN00023718,19220522,PRCP,0,,,a,
ASN00023718,19220523,PRCP,0,,,a,
ASN00023718,19220524,PRCP,0,,,a,
ASN00023718,19220525,PRCP,0,,,a,
ASN00023718,19220526,PRCP,0,,,a,
ASN00023718,19220527,PRCP,33,,,a,
ASN00023718,19220528,PRCP,89,,,a,
ASN00023718,19220529,PRCP,0,,,a,
ASN00023718,19220530,PRCP,122,,,a,
ASN00023718,19220531,PRCP,10,,,a,
ASN00023718,19220601,PRCP,5,,,a,
ASN00023718,19220602,PRCP,0,,,a,
ASN00023718,19220603,PRCP,0,,,a,
ASN00023718,19220604,PRCP,102,,,a,
ASN00023718,19220605,PRCP,20,,,a,
ASN00023718,19220606,PRCP,79,,,a,
ASN00023718,19220607,PRCP,0,,,a,
ASN00023718,19220608,PRCP,0,,,a,
ASN00023718,19220609,PRCP,0,,,a,
ASN00023718,19220610,PRCP,8,,,a,
ASN00023718,19220613,PRCP,36,,,a,
ASN00023718,19220614,PRCP,0,,,a,
ASN00023718,19220615,PRCP,0,,,a,
ASN00023718,19220616,PRCP,0,,,a,
ASN00023718,19220617,PRCP,0,,,a,
ASN00023718,19220618,PRCP,0,,,a,
ASN00023718,19220619,PRCP,8,,,a,
ASN00023718,19220620,PRCP,0,,,a,
ASN00023718,19220621,PRCP,0,,,a,
ASN00023718,19220622,PRCP,61,,,a,
ASN00023718,19220623,PRCP,0,,,a,
ASN00023718,19220624,PRCP,0,,,a,
ASN00023718,19220627,PRCP,0,,,a,
ASN00023718,19220628,PRCP,38,,,a,
ASN00023718,19220629,PRCP,20,,,a,
ASN00023718,19220630,PRCP,114,,,a,
ASN00023718,19220612,DAPR,2,,,a,
ASN00023718,19220626,DAPR,2,,,a,
ASN00023718,19220612,DWPR,1,,,a,
ASN00023718,19220626,DWPR,1,,,a,
ASN00023718,19220612,MDPR,30,,,a,
ASN00023718,19220626,MDPR,64,,,a,
ASN00023718,19220701,PRCP,30,,,a,
ASN00023718,19220702,PRCP,0,,,a,
ASN00023718,19220703,PRCP,20,,,a,
ASN00023718,19220704,PRCP,0,,,a,
ASN00023718,19220705,PRCP,0,,,a,
ASN00023718,19220706,PRCP,38,,,a,
ASN00023718,19220707,PRCP,295,,,a,
ASN00023718,19220708,PRCP,157,,,a,
ASN00023718,19220711,PRCP,8,,,a,
ASN00023718,19220712,PRCP,0,,,a,
ASN00023718,19220713,PRCP,0,,,a,
ASN00023718,19220714,PRCP,0,,,a,
ASN00023718,19220715,PRCP,0,,,a,
ASN00023718,19220716,PRCP,25,,,a,
ASN00023718,19220717,PRCP,46,,,a,
ASN00023718,19220718,PRCP,79,,,a,
ASN00023718,19220719,PRCP,0,,,a,
ASN00023718,19220720,PRCP,0,,,a,
ASN00023718,19220721,PRCP,69,,,a,
ASN00023718,19220722,PRCP,25,,,a,
ASN00023718,19220723,PRCP,0,,,a,
ASN00023718,19220724,PRCP,0,,,a,
ASN00023718,19220725,PRCP,0,,,a,
ASN00023718,19220726,PRCP,8,,,a,
ASN00023718,19220727,PRCP,0,,,a,
ASN00023718,19220728,PRCP,0,,,a,
ASN00023718,19220729,PRCP,0,,,a,
ASN00023718,19220730,PRCP,0,,,a,
ASN00023718,19220731,PRCP,0,,,a,
ASN00023718,19220710,DAPR,2,,,a,
ASN00023718,19220710,DWPR,1,,,a,
ASN00023718,19220710,MDPR,114,,,a,
ASN00023718,19220801,PRCP,0,,,a,
ASN00023718,19220802,PRCP,127,,,a,
ASN00023718,19220803,PRCP,8,,,a,
ASN00023718,19220804,PRCP,0,,,a,
ASN00023718,19220805,PRCP,0,,,a,
ASN00023718,19220808,PRCP,0,,,a,
ASN00023718,19220809,PRCP,38,,,a,
ASN00023718,19220810,PRCP,8,,,a,
ASN00023718,19220811,PRCP,64,,,a,
ASN00023718,19220812,PRCP,119,,,a,
ASN00023718,19220813,PRCP,0,,,a,
ASN00023718,19220814,PRCP,0,,,a,
ASN00023718,19220815,PRCP,0,,,a,
ASN00023718,19220816,PRCP,71,,,a,
ASN00023718,19220817,PRCP,38,,,a,
ASN00023718,19220818,PRCP,0,,,a,
ASN00023718,19220819,PRCP,5,,,a,
ASN00023718,19220820,PRCP,0,,,a,
ASN00023718,19220821,PRCP,20,,,a,
ASN00023718,19220822,PRCP,0,,,a,
ASN00023718,19220823,PRCP,0,,,a,
ASN00023718,19220824,PRCP,0,,,a,
ASN00023718,19220825,PRCP,0,,,a,
ASN00023718,19220826,PRCP,18,,,a,
ASN00023718,19220827,PRCP,8,,,a,
ASN00023718,19220828,PRCP,0,,,a,
ASN00023718,19220829,PRCP,0,,,a,
ASN00023718,19220830,PRCP,0,,,a,
ASN00023718,19220831,PRCP,0,,,a,
ASN00023718,19220807,DAPR,2,,,a,
ASN00023718,19220807,DWPR,1,,,a,
ASN00023718,19220807,MDPR,33,,,a,
ASN00023718,19220901,PRCP,0,,,a,
ASN00023718,19220902,PRCP,0,,,a,
ASN00023718,19220903,PRCP,0,,,a,
ASN00023718,19220904,PRCP,0,,,a,
ASN00023718,19220905,PRCP,0,,,a,
ASN00023718,19220906,PRCP,0,,,a,
ASN00023718,19220907,PRCP,30,,,a,
ASN00023718,19220908,PRCP,13,,,a,
ASN00023718,19220909,PRCP,5,,,a,
ASN00023718,19220910,PRCP,0,,,a,
ASN00023718,19220911,PRCP,18,,,a,
ASN00023718,19220912,PRCP,0,,,a,
ASN00023718,19220913,PRCP,0,,,a,
ASN00023718,19220914,PRCP,0,,,a,
ASN00023718,19220915,PRCP,13,,,a,
ASN00023718,19220916,PRCP,5,,,a,
ASN00023718,19220917,PRCP,0,,,a,
ASN00023718,19220918,PRCP,0,,,a,
ASN00023718,19220919,PRCP,152,,,a,
ASN00023718,19220920,PRCP,58,,,a,
ASN00023718,19220921,PRCP,0,,,a,
ASN00023718,19220922,PRCP,0,,,a,
ASN00023718,19220923,PRCP,0,,,a,
ASN00023718,19220924,PRCP,0,,,a,
ASN00023718,19220925,PRCP,0,,,a,
ASN00023718,19220926,PRCP,38,,,a,
ASN00023718,19220927,PRCP,13,,,a,
ASN00023718,19220928,PRCP,0,,,a,
ASN00023718,19220929,PRCP,0,,,a,
ASN00023718,19220930,PRCP,58,,,a,
ASN00023718,19221001,PRCP,102,,,a,
ASN00023718,19221002,PRCP,0,,,a,
ASN00023718,19221003,PRCP,25,,,a,
ASN00023718,19221004,PRCP,15,,,a,
ASN00023718,19221005,PRCP,8,,,a,
ASN00023718,19221006,PRCP,0,,,a,
ASN00023718,19221007,PRCP,0,,,a,
ASN00023718,19221010,PRCP,0,,,a,
ASN00023718,19221011,PRCP,23,,,a,
ASN00023718,19221012,PRCP,69,,,a,
ASN00023718,19221013,PRCP,0,,,a,
ASN00023718,19221014,PRCP,8,,,a,
ASN00023718,19221015,PRCP,10,,,a,
ASN00023718,19221016,PRCP,0,,,a,
ASN00023718,19221017,PRCP,0,,,a,
ASN00023718,19221018,PRCP,0,,,a,
ASN00023718,19221019,PRCP,0,,,a,
ASN00023718,19221020,PRCP,0,,,a,
ASN00023718,19221021,PRCP,0,,,a,
ASN00023718,19221022,PRCP,0,,,a,
ASN00023718,19221023,PRCP,18,,,a,
ASN00023718,19221024,PRCP,86,,,a,
ASN00023718,19221025,PRCP,0,,,a,
ASN00023718,19221026,PRCP,10,,,a,
ASN00023718,19221027,PRCP,20,,,a,
ASN00023718,19221028,PRCP,0,,,a,
ASN00023718,19221029,PRCP,56,,,a,
ASN00023718,19221030,PRCP,5,,,a,
ASN00023718,19221031,PRCP,0,,,a,
ASN00023718,19221009,DAPR,2,,,a,
ASN00023718,19221009,DWPR,1,,,a,
ASN00023718,19221009,MDPR,36,,,a,
ASN00023718,19221101,PRCP,0,,,a,
ASN00023718,19221102,PRCP,0,,,a,
ASN00023718,19221103,PRCP,0,,,a,
ASN00023718,19221104,PRCP,0,,,a,
ASN00023718,19221105,PRCP,0,,,a,
ASN00023718,19221106,PRCP,0,,,a,
ASN00023718,19221107,PRCP,18,,,a,
ASN00023718,19221108,PRCP,0,,,a,
ASN00023718,19221109,PRCP,0,,,a,
ASN00023718,19221110,PRCP,0,,,a,
ASN00023718,19221111,PRCP,0,,,a,
ASN00023718,19221112,PRCP,0,,,a,
ASN00023718,19221113,PRCP,0,,,a,
ASN00023718,19221114,PRCP,0,,,a,
ASN00023718,19221115,PRCP,0,,,a,
ASN00023718,19221116,PRCP,0,,,a,
ASN00023718,19221117,PRCP,0,,,a,
ASN00023718,19221118,PRCP,0,,,a,
ASN00023718,19221119,PRCP,0,,,a,
ASN00023718,19221120,PRCP,0,,,a,
ASN00023718,19221121,PRCP,0,,,a,
ASN00023718,19221122,PRCP,0,,,a,
ASN00023718,19221123,PRCP,0,,,a,
ASN00023718,19221124,PRCP,0,,,a,
ASN00023718,19221125,PRCP,0,,,a,
ASN00023718,19221126,PRCP,0,,,a,
ASN00023718,19221127,PRCP,0,,,a,
ASN00023718,19221128,PRCP,0,,,a,
ASN00023718,19221129,PRCP,0,,,a,
ASN00023718,19221130,PRCP,0,,,a,
ASN00023718,19221201,PRCP,0,,,a,
ASN00023718,19221202,PRCP,0,,,a,
ASN00023718,19221203,PRCP,0,,,a,
ASN00023718,19221204,PRCP,5,,,a,
ASN00023718,19221205,PRCP,0,,,a,
ASN00023718,19221206,PRCP,0,,,a,
ASN00023718,19221207,PRCP,0,,,a,
ASN00023718,19221208,PRCP,13,,,a,
ASN00023718,19221209,PRCP,206,,,a,
ASN00023718,19221210,PRCP,0,,,a,
ASN00023718,19221211,PRCP,0,,,a,
ASN00023718,19221212,PRCP,0,,,a,
ASN00023718,19221213,PRCP,0,,,a,
ASN00023718,19221214,PRCP,0,,,a,
ASN00023718,19221215,PRCP,0,,,a,
ASN00023718,19221216,PRCP,0,,,a,
ASN00023718,19221217,PRCP,0,,,a,
ASN00023718,19221218,PRCP,0,,,a,
ASN00023718,19221219,PRCP,0,,,a,
ASN00023718,19221220,PRCP,0,,,a,
ASN00023718,19221221,PRCP,0,,,a,
ASN00023718,19221222,PRCP,0,,,a,
ASN00023718,19221223,PRCP,0,,,a,
ASN00023718,19221226,PRCP,91,,,a,
ASN00023718,19221227,PRCP,5,,,a,
ASN00023718,19221228,PRCP,30,,,a,
ASN00023718,19221229,PRCP,0,,,a,
ASN00023718,19221230,PRCP,41,,,a,
ASN00023718,19221231,PRCP,0,,,a,
ASN00023718,19221225,DAPR,2,,,a,
ASN00023718,19221225,DWPR,1,,,a,
ASN00023718,19221225,MDPR,46,,,a,
ASN00023718,19230101,PRCP,0,,,a,
ASN00023718,19230102,PRCP,0,,,a,
ASN00023718,19230103,PRCP,0,,,a,
ASN00023718,19230104,PRCP,0,,,a,
ASN00023718,19230105,PRCP,0,,,a,
ASN00023718,19230106,PRCP,0,,,a,
ASN00023718,19230107,PRCP,0,,,a,
ASN00023718,19230108,PRCP,0,,,a,
ASN00023718,19230109,PRCP,0,,,a,
ASN00023718,19230110,PRCP,0,,,a,
ASN00023718,19230111,PRCP,0,,,a,
ASN00023718,19230112,PRCP,0,,,a,
ASN00023718,19230113,PRCP,0,,,a,
ASN00023718,19230114,PRCP,0,,,a,
ASN00023718,19230115,PRCP,0,,,a,
ASN00023718,19230116,PRCP,0,,,a,
ASN00023718,19230117,PRCP,0,,,a,
ASN00023718,19230118,PRCP,64,,,a,
ASN00023718,19230119,PRCP,5,,,a,
ASN00023718,19230120,PRCP,0,,,a,
ASN00023718,19230121,PRCP,0,,,a,
ASN00023718,19230122,PRCP,0,,,a,
ASN00023718,19230123,PRCP,0,,,a,
ASN00023718,19230124,PRCP,0,,,a,
ASN00023718,19230125,PRCP,8,,,a,
ASN00023718,19230126,PRCP,0,,,a,
ASN00023718,19230127,PRCP,0,,,a,
ASN00023718,19230128,PRCP,0,,,a,
ASN00023718,19230129,PRCP,0,,,a,
ASN00023718,19230130,PRCP,0,,,a,
ASN00023718,19230131,PRCP,13,,,a,
ASN00023718,19230201,PRCP,0,,,a,
ASN00023718,19230202,PRCP,0,,,a,
ASN00023718,19230203,PRCP,0,,,a,
ASN00023718,19230204,PRCP,0,,,a,
ASN00023718,19230205,PRCP,0,,,a,
ASN00023718,19230206,PRCP,0,,,a,
ASN00023718,19230207,PRCP,0,,,a,
ASN00023718,19230208,PRCP,0,,,a,
ASN00023718,19230209,PRCP,0,,,a,
ASN00023718,19230210,PRCP,0,,,a,
ASN00023718,19230211,PRCP,0,,,a,
ASN00023718,19230212,PRCP,0,,,a,
ASN00023718,19230213,PRCP,0,,,a,
ASN00023718,19230214,PRCP,0,,,a,
ASN00023718,19230215,PRCP,0,,,a,
ASN00023718,19230216,PRCP,0,,,a,
ASN00023718,19230217,PRCP,0,,,a,
ASN00023718,19230218,PRCP,0,,,a,
ASN00023718,19230219,PRCP,0,,,a,
ASN00023718,19230220,PRCP,0,,,a,
ASN00023718,19230221,PRCP,0,,,a,
ASN00023718,19230222,PRCP,0,,,a,
ASN00023718,19230223,PRCP,0,,,a,
ASN00023718,19230224,PRCP,0,,,a,
ASN00023718,19230225,PRCP,0,,,a,
ASN00023718,19230226,PRCP,0,,,a,
ASN00023718,19230227,PRCP,0,,,a,
ASN00023718,19230228,PRCP,15,,,a,
ASN00023718,19230301,PRCP,0,,,a,
ASN00023718,19230302,PRCP,0,,,a,
ASN00023718,19230303,PRCP,0,,,a,
ASN00023718,19230304,PRCP,0,,,a,
ASN00023718,19230305,PRCP,0,,,a,
ASN00023718,19230306,PRCP,0,,,a,
ASN00023718,19230307,PRCP,0,,,a,
ASN00023718,19230308,PRCP,0,,,a,
ASN00023718,19230309,PRCP,0,,,a,
ASN00023718,19230310,PRCP,0,,,a,
ASN00023718,19230311,PRCP,0,,,a,
ASN00023718,19230312,PRCP,0,,,a,
ASN00023718,19230313,PRCP,0,,,a,
ASN00023718,19230314,PRCP,0,,,a,
ASN00023718,19230315,PRCP,0,,,a,
ASN00023718,19230316,PRCP,0,,,a,
ASN00023718,19230317,PRCP,0,,,a,
ASN00023718,19230318,PRCP,0,,,a,
ASN00023718,19230319,PRCP,0,,,a,
ASN00023718,19230320,PRCP,0,,,a,
ASN00023718,19230321,PRCP,0,,,a,
ASN00023718,19230322,PRCP,0,,,a,
ASN00023718,19230323,PRCP,0,,,a,
ASN00023718,19230324,PRCP,0,,,a,
ASN00023718,19230325,PRCP,0,,,a,
ASN00023718,19230326,PRCP,0,,,a,
ASN00023718,19230327,PRCP,0,,,a,
ASN00023718,19230328,PRCP,0,,,a,
ASN00023718,19230329,PRCP,0,,,a,
ASN00023718,19230330,PRCP,0,,,a,
ASN00023718,19230331,PRCP,0,,,a,
ASN00023718,19230401,PRCP,0,,,a,
ASN00023718,19230402,PRCP,0,,,a,
ASN00023718,19230403,PRCP,0,,,a,
ASN00023718,19230404,PRCP,0,,,a,
ASN00023718,19230405,PRCP,0,,,a,
ASN00023718,19230406,PRCP,0,,,a,
ASN00023718,19230407,PRCP,0,,,a,
ASN00023718,19230408,PRCP,0,,,a,
ASN00023718,19230409,PRCP,0,,,a,
ASN00023718,19230410,PRCP,0,,,a,
ASN00023718,19230411,PRCP,0,,,a,
ASN00023718,19230412,PRCP,0,,,a,
ASN00023718,19230413,PRCP,0,,,a,
ASN00023718,19230414,PRCP,0,,,a,
ASN00023718,19230415,PRCP,0,,,a,
ASN00023718,19230416,PRCP,0,,,a,
ASN00023718,19230417,PRCP,0,,,a,
ASN00023718,19230418,PRCP,0,,,a,
ASN00023718,19230419,PRCP,0,,,a,
ASN00023718,19230420,PRCP,0,,,a,
ASN00023718,19230421,PRCP,0,,,a,
ASN00023718,19230422,PRCP,0,,,a,
ASN00023718,19230423,PRCP,0,,,a,
ASN00023718,19230424,PRCP,0,,,a,
ASN00023718,19230425,PRCP,0,,,a,
ASN00023718,19230426,PRCP,0,,,a,
ASN00023718,19230427,PRCP,0,,,a,
ASN00023718,19230428,PRCP,0,,,a,
ASN00023718,19230429,PRCP,0,,,a,
ASN00023718,19230430,PRCP,0,,,a,
ASN00023718,19230501,PRCP,0,,,a,
ASN00023718,19230502,PRCP,0,,,a,
ASN00023718,19230503,PRCP,0,,,a,
ASN00023718,19230504,PRCP,0,,,a,
ASN00023718,19230505,PRCP,18,,,a,
ASN00023718,19230506,PRCP,10,,,a,
ASN00023718,19230507,PRCP,0,,,a,
ASN00023718,19230508,PRCP,76,,,a,
ASN00023718,19230509,PRCP,5,,,a,
ASN00023718,19230510,PRCP,5,,,a,
ASN00023718,19230511,PRCP,0,,,a,
ASN00023718,19230512,PRCP,0,,,a,
ASN00023718,19230513,PRCP,0,,,a,
ASN00023718,19230514,PRCP,0,,,a,
ASN00023718,19230515,PRCP,8,,,a,
ASN00023718,19230516,PRCP,15,,,a,
ASN00023718,19230517,PRCP,8,,,a,
ASN00023718,19230518,PRCP,0,,,a,
ASN00023718,19230519,PRCP,0,,,a,
ASN00023718,19230522,PRCP,0,,,a,
ASN00023718,19230523,PRCP,0,,,a,
ASN00023718,19230524,PRCP,0,,,a,
ASN00023718,19230525,PRCP,0,,,a,
ASN00023718,19230526,PRCP,0,,,a,
ASN00023718,19230527,PRCP,168,,,a,
ASN00023718,19230528,PRCP,0,,,a,
ASN00023718,19230529,PRCP,145,,,a,
ASN00023718,19230530,PRCP,102,,,a,
ASN00023718,19230531,PRCP,0,,,a,
ASN00023718,19230521,DAPR,2,,,a,
ASN00023718,19230521,DWPR,1,,,a,
ASN00023718,19230521,MDPR,71,,,a,
ASN00023718,19230601,PRCP,0,,,a,
ASN00023718,19230602,PRCP,0,,,a,
ASN00023718,19230605,PRCP,122,,,a,
ASN00023718,19230606,PRCP,8,,,a,
ASN00023718,19230607,PRCP,10,,,a,
ASN00023718,19230608,PRCP,0,,,a,
ASN00023718,19230609,PRCP,28,,,a,
ASN00023718,19230610,PRCP,71,,,a,
ASN00023718,19230611,PRCP,224,,,a,
ASN00023718,19230612,PRCP,114,,,a,
ASN00023718,19230613,PRCP,51,,,a,
ASN00023718,19230614,PRCP,20,,,a,
ASN00023718,19230615,PRCP,0,,,a,
ASN00023718,19230616,PRCP,15,,,a,
ASN00023718,19230617,PRCP,43,,,a,
ASN00023718,19230618,PRCP,76,,,a,
ASN00023718,19230619,PRCP,15,,,a,
ASN00023718,19230620,PRCP,0,,,a,
ASN00023718,19230621,PRCP,0,,,a,
ASN00023718,19230622,PRCP,15,,,a,
ASN00023718,19230623,PRCP,18,,,a,
ASN00023718,19230624,PRCP,64,,,a,
ASN00023718,19230625,PRCP,89,,,a,
ASN00023718,19230626,PRCP,43,,,a,
ASN00023718,19230627,PRCP,0,,,a,
ASN00023718,19230628,PRCP,0,,,a,
ASN00023718,19230629,PRCP,0,,,a,
ASN00023718,19230630,PRCP,36,,,a,
ASN00023718,19230604,DAPR,2,,,a,
ASN00023718,19230604,DWPR,1,,,a,
ASN00023718,19230604,MDPR,127,,,a,
ASN00023718,19230703,PRCP,28,,,a,
ASN00023718,19230704,PRCP,0,,,a,
ASN00023718,19230705,PRCP,0,,,a,
ASN00023718,19230706,PRCP,25,,,a,
ASN00023718,19230707,PRCP,15,,,a,
ASN00023718,19230710,PRCP,56,,,a,
ASN00023718,19230711,PRCP,0,,,a,
ASN00023718,19230712,PRCP,0,,,a,
ASN00023718,19230713,PRCP,0,,,a,
ASN00023718,19230714,PRCP,18,,,a,
ASN00023718,19230715,PRCP,23,,,a,
ASN00023718,19230716,PRCP,71,,,a,
ASN00023718,19230717,PRCP,8,,,a,
ASN00023718,19230718,PRCP,0,,,a,
ASN00023718,19230719,PRCP,48,,,a,
ASN00023718,19230720,PRCP,41,,,a,
ASN00023718,19230721,PRCP,8,,,a,
ASN00023718,19230722,PRCP,0,,,a,
ASN00023718,19230723,PRCP,13,,,a,
ASN00023718,19230724,PRCP,0,,,a,
ASN00023718,19230725,PRCP,0,,,a,
ASN00023718,19230726,PRCP,0,,,a,
ASN00023718,19230727,PRCP,0,,,a,
ASN00023718,19230728,PRCP,0,,,a,
ASN00023718,19230731,PRCP,0,,,a,
ASN00023718,19230702,DAPR,2,,,a,
ASN00023718,19230709,DAPR,2,,,a,
ASN00023718,19230730,DAPR,2,,,a,
ASN00023718,19230702,DWPR,1,,,a,
ASN00023718,19230709,DWPR,1,,,a,
ASN00023718,19230730,DWPR,1,,,a,
ASN00023718,19230702,MDPR,71,,,a,
ASN00023718,19230709,MDPR,89,,,a,
ASN00023718,19230730,MDPR,91,,,a,
ASN00023718,19230801,PRCP,38,,,a,
ASN00023718,19230802,PRCP,51,,,a,
ASN00023718,19230803,PRCP,13,,,a,
ASN00023718,19230804,PRCP,13,,,a,
ASN00023718,19230807,PRCP,0,,,a,
ASN00023718,19230808,PRCP,0,,,a,
ASN00023718,19230809,PRCP,13,,,a,
ASN00023718,19230810,PRCP,0,,,a,
ASN00023718,19230811,PRCP,5,,,a,
ASN00023718,19230814,PRCP,18,,,a,
ASN00023718,19230815,PRCP,0,,,a,
ASN00023718,19230816,PRCP,0,,,a,
ASN00023718,19230817,PRCP,0,,,a,
ASN00023718,19230818,PRCP,0,,,a,
ASN00023718,19230819,PRCP,0,,,a,
ASN00023718,19230820,PRCP,0,,,a,
ASN00023718,19230821,PRCP,0,,,a,
ASN00023718,19230822,PRCP,0,,,a,
ASN00023718,19230823,PRCP,0,,,a,
ASN00023718,19230824,PRCP,0,,,a,
ASN00023718,19230825,PRCP,0,,,a,
ASN00023718,19230826,PRCP,0,,,a,
ASN00023718,19230827,PRCP,0,,,a,
ASN00023718,19230828,PRCP,10,,,a,
ASN00023718,19230829,PRCP,36,,,a,
ASN00023718,19230830,PRCP,104,,,a,
ASN00023718,19230831,PRCP,5,,,a,
ASN00023718,19230806,DAPR,2,,,a,
ASN00023718,19230813,DAPR,2,,,a,
ASN00023718,19230806,DWPR,1,,,a,
ASN00023718,19230813,DWPR,1,,,a,
ASN00023718,19230806,MDPR,51,,,a,
ASN00023718,19230813,MDPR,28,,,a,
ASN00023718,19230901,PRCP,0,,,a,
ASN00023718,19230902,PRCP,0,,,a,
ASN00023718,19230903,PRCP,0,,,a,
ASN00023718,19230904,PRCP,0,,,a,
ASN00023718,19230905,PRCP,0,,,a,
ASN00023718,19230906,PRCP,0,,,a,
ASN00023718,19230907,PRCP,0,,,a,
ASN00023718,19230908,PRCP,0,,,a,
ASN00023718,19230909,PRCP,0,,,a,
ASN00023718,19230910,PRCP,0,,,a,
ASN00023718,19230911,PRCP,0,,,a,
ASN00023718,19230912,PRCP,0,,,a,
ASN00023718,19230913,PRCP,20,,,a,
ASN00023718,19230914,PRCP,46,,,a,
ASN00023718,19230915,PRCP,0,,,a,
ASN00023718,19230916,PRCP,0,,,a,
ASN00023718,19230917,PRCP,0,,,a,
ASN00023718,19230918,PRCP,0,,,a,
ASN00023718,19230919,PRCP,0,,,a,
ASN00023718,19230920,PRCP,165,,,a,
ASN00023718,19230921,PRCP,64,,,a,
ASN00023718,19230922,PRCP,53,,,a,
ASN00023718,19230923,PRCP,0,,,a,
ASN00023718,19230924,PRCP,20,,,a,
ASN00023718,19230925,PRCP,0,,,a,
ASN00023718,19230926,PRCP,0,,,a,
ASN00023718,19230927,PRCP,15,,,a,
ASN00023718,19230928,PRCP,20,,,a,
ASN00023718,19230929,PRCP,0,,,a,
ASN00023718,19230930,PRCP,53,,,a,
ASN00023718,19231001,PRCP,10,,,a,
ASN00023718,19231002,PRCP,8,,,a,
ASN00023718,19231003,PRCP,0,,,a,
ASN00023718,19231004,PRCP,0,,,a,
ASN00023718,19231005,PRCP,0,,,a,
ASN00023718,19231006,PRCP,0,,,a,
ASN00023718,19231007,PRCP,0,,,a,
ASN00023718,19231008,PRCP,13,,,a,
ASN00023718,19231009,PRCP,0,,,a,
ASN00023718,19231010,PRCP,15,,,a,
ASN00023718,19231011,PRCP,46,,,a,
ASN00023718,19231012,PRCP,25,,,a,
ASN00023718,19231013,PRCP,18,,,a,
ASN00023718,19231014,PRCP,0,,,a,
ASN00023718,19231015,PRCP,0,,,a,
ASN00023718,19231016,PRCP,0,,,a,
ASN00023718,19231017,PRCP,0,,,a,
ASN00023718,19231018,PRCP,15,,,a,
ASN00023718,19231019,PRCP,0,,,a,
ASN00023718,19231020,PRCP,0,,,a,
ASN00023718,19231021,PRCP,0,,,a,
ASN00023718,19231022,PRCP,0,,,a,
ASN00023718,19231023,PRCP,0,,,a,
ASN00023718,19231024,PRCP,0,,,a,
ASN00023718,19231025,PRCP,64,,,a,
ASN00023718,19231026,PRCP,0,,,a,
ASN00023718,19231027,PRCP,0,,,a,
ASN00023718,19231028,PRCP,0,,,a,
ASN00023718,19231029,PRCP,20,,,a,
ASN00023718,19231030,PRCP,66,,,a,
ASN00023718,19231031,PRCP,8,,,a,
ASN00023718,19231101,PRCP,15,,,a,
ASN00023718,19231102,PRCP,0,,,a,
ASN00023718,19231103,PRCP,0,,,a,
ASN00023718,19231104,PRCP,0,,,a,
ASN00023718,19231105,PRCP,10,,,a,
ASN00023718,19231106,PRCP,0,,,a,
ASN00023718,19231107,PRCP,0,,,a,
ASN00023718,19231108,PRCP,0,,,a,
ASN00023718,19231109,PRCP,13,,,a,
ASN00023718,19231110,PRCP,0,,,a,
ASN00023718,19231111,PRCP,0,,,a,
ASN00023718,19231112,PRCP,0,,,a,
ASN00023718,19231113,PRCP,0,,,a,
ASN00023718,19231114,PRCP,0,,,a,
ASN00023718,19231115,PRCP,0,,,a,
ASN00023718,19231116,PRCP,0,,,a,
ASN00023718,19231117,PRCP,20,,,a,
ASN00023718,19231118,PRCP,13,,,a,
ASN00023718,19231119,PRCP,0,,,a,
ASN00023718,19231120,PRCP,0,,,a,
ASN00023718,19231121,PRCP,0,,,a,
ASN00023718,19231122,PRCP,0,,,a,
ASN00023718,19231123,PRCP,0,,,a,
ASN00023718,19231124,PRCP,0,,,a,
ASN00023718,19231125,PRCP,0,,,a,
ASN00023718,19231126,PRCP,0,,,a,
ASN00023718,19231127,PRCP,0,,,a,
ASN00023718,19231128,PRCP,0,,,a,
ASN00023718,19231129,PRCP,0,,,a,
ASN00023718,19231130,PRCP,0,,,a,
ASN00023718,19231201,PRCP,0,,,a,
ASN00023718,19231202,PRCP,0,,,a,
ASN00023718,19231203,PRCP,0,,,a,
ASN00023718,19231204,PRCP,0,,,a,
ASN00023718,19231205,PRCP,145,,,a,
ASN00023718,19231206,PRCP,0,,,a,
ASN00023718,19231207,PRCP,0,,,a,
ASN00023718,19231208,PRCP,0,,,a,
ASN00023718,19231211,PRCP,0,,,a,
ASN00023718,19231212,PRCP,0,,,a,
ASN00023718,19231213,PRCP,23,,,a,
ASN00023718,19231214,PRCP,157,,,a,
ASN00023718,19231215,PRCP,119,,,a,
ASN00023718,19231216,PRCP,0,,,a,
ASN00023718,19231217,PRCP,0,,,a,
ASN00023718,19231218,PRCP,81,,,a,
ASN00023718,19231219,PRCP,5,,,a,
ASN00023718,19231220,PRCP,0,,,a,
ASN00023718,19231221,PRCP,0,,,a,
ASN00023718,19231222,PRCP,0,,,a,
ASN00023718,19231223,PRCP,0,,,a,
ASN00023718,19231224,PRCP,0,,,a,
ASN00023718,19231225,PRCP,0,,,a,
ASN00023718,19231226,PRCP,0,,,a,
ASN00023718,19231227,PRCP,0,,,a,
ASN00023718,19231228,PRCP,0,,,a,
ASN00023718,19231229,PRCP,0,,,a,
ASN00023718,19231230,PRCP,0,,,a,
ASN00023718,19231231,PRCP,0,,,a,
ASN00023718,19231210,DAPR,2,,,a,
ASN00023718,19231210,DWPR,1,,,a,
ASN00023718,19231210,MDPR,81,,,a,
ASN00023718,19240101,PRCP,0,,,a,
ASN00023718,19240102,PRCP,0,,,a,
ASN00023718,19240103,PRCP,0,,,a,
ASN00023718,19240104,PRCP,0,,,a,
ASN00023718,19240105,PRCP,0,,,a,
ASN00023718,19240106,PRCP,15,,,a,
ASN00023718,19240107,PRCP,0,,,a,
ASN00023718,19240108,PRCP,8,,,a,
ASN00023718,19240109,PRCP,0,,,a,
ASN00023718,19240110,PRCP,0,,,a,
ASN00023718,19240111,PRCP,18,,,a,
ASN00023718,19240112,PRCP,0,,,a,
ASN00023718,19240113,PRCP,0,,,a,
ASN00023718,19240114,PRCP,0,,,a,
ASN00023718,19240115,PRCP,0,,,a,
ASN00023718,19240116,PRCP,0,,,a,
ASN00023718,19240117,PRCP,0,,,a,
ASN00023718,19240118,PRCP,0,,,a,
ASN00023718,19240119,PRCP,10,,,a,
ASN00023718,19240120,PRCP,0,,,a,
ASN00023718,19240121,PRCP,0,,,a,
ASN00023718,19240122,PRCP,0,,,a,
ASN00023718,19240123,PRCP,0,,,a,
ASN00023718,19240124,PRCP,0,,,a,
ASN00023718,19240125,PRCP,0,,,a,
ASN00023718,19240126,PRCP,33,,,a,
ASN00023718,19240129,PRCP,0,,,a,
ASN00023718,19240130,PRCP,0,,,a,
ASN00023718,19240131,PRCP,0,,,a,
ASN00023718,19240128,DAPR,2,,,a,
ASN00023718,19240128,DWPR,1,,,a,
ASN00023718,19240128,MDPR,28,,,a,
ASN00023718,19240201,PRCP,0,,,a,
ASN00023718,19240202,PRCP,0,,,a,
ASN00023718,19240203,PRCP,0,,,a,
ASN00023718,19240204,PRCP,8,,,a,
ASN00023718,19240205,PRCP,0,,,a,
ASN00023718,19240206,PRCP,0,,,a,
ASN00023718,19240207,PRCP,0,,,a,
ASN00023718,19240208,PRCP,0,,,a,
ASN00023718,19240209,PRCP,0,,,a,
ASN00023718,19240210,PRCP,0,,,a,
ASN00023718,19240211,PRCP,0,,,a,
ASN00023718,19240212,PRCP,0,,,a,
ASN00023718,19240213,PRCP,0,,,a,
ASN00023718,19240214,PRCP,0,,,a,
ASN00023718,19240215,PRCP,33,,,a,
ASN00023718,19240216,PRCP,33,,,a,
ASN00023718,19240217,PRCP,71,,,a,
ASN00023718,19240218,PRCP,0,,,a,
ASN00023718,19240219,PRCP,66,,,a,
ASN00023718,19240220,PRCP,8,,,a,
ASN00023718,19240221,PRCP,0,,,a,
ASN00023718,19240222,PRCP,0,,,a,
ASN00023718,19240223,PRCP,51,,,a,
ASN00023718,19240224,PRCP,5,,,a,
ASN00023718,19240225,PRCP,0,,,a,
ASN00023718,19240226,PRCP,0,,,a,
ASN00023718,19240227,PRCP,0,,,a,
ASN00023718,19240228,PRCP,0,,,a,
ASN00023718,19240229,PRCP,0,,,a,
ASN00023718,19240301,PRCP,0,,,a,
ASN00023718,19240302,PRCP,0,,,a,
ASN00023718,19240303,PRCP,0,,,a,
ASN00023718,19240304,PRCP,0,,,a,
ASN00023718,19240305,PRCP,145,,,a,
ASN00023718,19240306,PRCP,18,,,a,
ASN00023718,19240307,PRCP,0,,,a,
ASN00023718,19240308,PRCP,0,,,a,
ASN00023718,19240309,PRCP,5,,,a,
ASN00023718,19240310,PRCP,0,,,a,
ASN00023718,19240311,PRCP,0,,,a,
ASN00023718,19240312,PRCP,0,,,a,
ASN00023718,19240313,PRCP,0,,,a,
ASN00023718,19240314,PRCP,0,,,a,
ASN00023718,19240315,PRCP,0,,,a,
ASN00023718,19240316,PRCP,0,,,a,
ASN00023718,19240317,PRCP,0,,,a,
ASN00023718,19240318,PRCP,0,,,a,
ASN00023718,19240319,PRCP,0,,,a,
ASN00023718,19240320,PRCP,0,,,a,
ASN00023718,19240321,PRCP,0,,,a,
ASN00023718,19240322,PRCP,0,,,a,
ASN00023718,19240323,PRCP,0,,,a,
ASN00023718,19240324,PRCP,0,,,a,
ASN00023718,19240325,PRCP,0,,,a,
ASN00023718,19240326,PRCP,0,,,a,
ASN00023718,19240327,PRCP,30,,,a,
ASN00023718,19240328,PRCP,76,,,a,
ASN00023718,19240329,PRCP,0,,,a,
ASN00023718,19240330,PRCP,0,,,a,
ASN00023718,19240331,PRCP,0,,,a,
ASN00023718,19240401,PRCP,0,,,a,
ASN00023718,19240402,PRCP,0,,,a,
ASN00023718,19240403,PRCP,0,,,a,
ASN00023718,19240404,PRCP,0,,,a,
ASN00023718,19240405,PRCP,0,,,a,
ASN00023718,19240406,PRCP,0,,,a,
ASN00023718,19240407,PRCP,0,,,a,
ASN00023718,19240408,PRCP,0,,,a,
ASN00023718,19240409,PRCP,36,,,a,
ASN00023718,19240410,PRCP,0,,,a,
ASN00023718,19240411,PRCP,18,,,a,
ASN00023718,19240412,PRCP,0,,,a,
ASN00023718,19240413,PRCP,38,,,a,
ASN00023718,19240414,PRCP,0,,,a,
ASN00023718,19240415,PRCP,0,,,a,
ASN00023718,19240416,PRCP,0,,,a,
ASN00023718,19240417,PRCP,0,,,a,
ASN00023718,19240418,PRCP,0,,,a,
ASN00023718,19240419,PRCP,0,,,a,
ASN00023718,19240420,PRCP,51,,,a,
ASN00023718,19240421,PRCP,15,,,a,
ASN00023718,19240422,PRCP,0,,,a,
ASN00023718,19240423,PRCP,0,,,a,
ASN00023718,19240424,PRCP,0,,,a,
ASN00023718,19240425,PRCP,3,,,a,
ASN00023718,19240426,PRCP,0,,,a,
ASN00023718,19240427,PRCP,0,,,a,
ASN00023718,19240428,PRCP,0,,,a,
ASN00023718,19240429,PRCP,0,,,a,
ASN00023718,19240430,PRCP,0,,,a,
ASN00023718,19240501,PRCP,0,,,a,
ASN00023718,19240502,PRCP,0,,,a,
ASN00023718,19240503,PRCP,0,,,a,
ASN00023718,19240504,PRCP,0,,,a,
ASN00023718,19240505,PRCP,20,,,a,
ASN00023718,19240506,PRCP,0,,,a,
ASN00023718,19240507,PRCP,0,,,a,
ASN00023718,19240508,PRCP,0,,,a,
ASN00023718,19240509,PRCP,0,,,a,
ASN00023718,19240510,PRCP,0,,,a,
ASN00023718,19240511,PRCP,0,,,a,
ASN00023718,19240512,PRCP,0,,,a,
ASN00023718,19240513,PRCP,43,,,a,
ASN00023718,19240514,PRCP,23,,,a,
ASN00023718,19240515,PRCP,0,,,a,
ASN00023718,19240516,PRCP,0,,,a,
ASN00023718,19240517,PRCP,43,,,a,
ASN00023718,19240518,PRCP,0,,,a,
ASN00023718,19240519,PRCP,15,,,a,
ASN00023718,19240520,PRCP,79,,,a,
ASN00023718,19240521,PRCP,3,,,a,
ASN00023718,19240522,PRCP,64,,,a,
ASN00023718,19240523,PRCP,8,,,a,
ASN00023718,19240524,PRCP,0,,,a,
ASN00023718,19240527,PRCP,51,,,a,
ASN00023718,19240528,PRCP,0,,,a,
ASN00023718,19240529,PRCP,0,,,a,
ASN00023718,19240530,PRCP,0,,,a,
ASN00023718,19240531,PRCP,0,,,a,
ASN00023718,19240526,DAPR,2,,,a,
ASN00023718,19240526,DWPR,1,,,a,
ASN00023718,19240526,MDPR,56,,,a,
ASN00023718,19240601,PRCP,0,,,a,
ASN00023718,19240602,PRCP,0,,,a,
ASN00023718,19240605,PRCP,94,,,a,
ASN00023718,19240606,PRCP,30,,,a,
ASN00023718,19240607,PRCP,69,,,a,
ASN00023718,19240610,PRCP,8,,,a,
ASN00023718,19240611,PRCP,0,,,a,
ASN00023718,19240612,PRCP,0,,,a,
ASN00023718,19240613,PRCP,0,,,a,
ASN00023718,19240614,PRCP,30,,,a,
ASN00023718,19240617,PRCP,15,,,a,
ASN00023718,19240618,PRCP,20,,,a,
ASN00023718,19240619,PRCP,0,,,a,
ASN00023718,19240620,PRCP,0,,,a,
ASN00023718,19240621,PRCP,0,,,a,
ASN00023718,19240622,PRCP,0,,,a,
ASN00023718,19240623,PRCP,0,,,a,
ASN00023718,19240624,PRCP,0,,,a,
ASN00023718,19240625,PRCP,8,,,a,
ASN00023718,19240626,PRCP,0,,,a,
ASN00023718,19240627,PRCP,0,,,a,
ASN00023718,19240628,PRCP,0,,,a,
ASN00023718,19240629,PRCP,0,,,a,
ASN00023718,19240630,PRCP,10,,,a,
ASN00023718,19240604,DAPR,2,,,a,
ASN00023718,19240609,DAPR,2,,,a,
ASN00023718,19240616,DAPR,2,,,a,
ASN00023718,19240604,DWPR,1,,,a,
ASN00023718,19240609,DWPR,1,,,a,
ASN00023718,19240616,DWPR,1,,,a,
ASN00023718,19240604,MDPR,64,,,a,
ASN00023718,19240609,MDPR,30,,,a,
ASN00023718,19240616,MDPR,104,,,a,
ASN00023718,19240701,PRCP,0,,,a,
ASN00023718,19240702,PRCP,0,,,a,
ASN00023718,19240703,PRCP,0,,,a,
ASN00023718,19240704,PRCP,5,,,a,
ASN00023718,19240705,PRCP,0,,,a,
ASN00023718,19240706,PRCP,0,,,a,
ASN00023718,19240707,PRCP,0,,,a,
ASN00023718,19240708,PRCP,0,,,a,
ASN00023718,19240709,PRCP,0,,,a,
ASN00023718,19240710,PRCP,10,,,a,
ASN00023718,19240711,PRCP,23,,,a,
ASN00023718,19240712,PRCP,0,,,a,
ASN00023718,19240713,PRCP,0,,,a,
ASN00023718,19240714,PRCP,0,,,a,
ASN00023718,19240715,PRCP,0,,,a,
ASN00023718,19240716,PRCP,0,,,a,
ASN00023718,19240717,PRCP,0,,,a,
ASN00023718,19240718,PRCP,0,,,a,
ASN00023718,19240719,PRCP,0,,,a,
ASN00023718,19240722,PRCP,25,,,a,
ASN00023718,19240723,PRCP,0,,,a,
ASN00023718,19240724,PRCP,0,,,a,
ASN00023718,19240725,PRCP,0,,,a,
ASN00023718,19240726,PRCP,0,,,a,
ASN00023718,19240727,PRCP,0,,,a,
ASN00023718,19240728,PRCP,0,,,a,
ASN00023718,19240729,PRCP,25,,,a,
ASN00023718,19240730,PRCP,23,,,a,
ASN00023718,19240731,PRCP,0,,,a,
ASN00023718,19240721,DAPR,2,,,a,
ASN00023718,19240721,DWPR,1,,,a,
ASN00023718,19240721,MDPR,41,,,a,
ASN00023718,19240801,PRCP,0,,,a,
ASN00023718,19240802,PRCP,5,,,a,
ASN00023718,19240805,PRCP,0,,,a,
ASN00023718,19240806,PRCP,0,,,a,
ASN00023718,19240807,PRCP,0,,,a,
ASN00023718,19240808,PRCP,0,,,a,
ASN00023718,19240809,PRCP,15,,,a,
ASN00023718,19240810,PRCP,168,,,a,
ASN00023718,19240811,PRCP,0,,,a,
ASN00023718,19240812,PRCP,71,,,a,
ASN00023718,19240813,PRCP,46,,,a,
ASN00023718,19240814,PRCP,38,,,a,
ASN00023718,19240815,PRCP,8,,,a,
ASN00023718,19240816,PRCP,0,,,a,
ASN00023718,19240817,PRCP,0,,,a,
ASN00023718,19240818,PRCP,0,,,a,
ASN00023718,19240819,PRCP,0,,,a,
ASN00023718,19240820,PRCP,0,,,a,
ASN00023718,19240821,PRCP,5,,,a,
ASN00023718,19240822,PRCP,0,,,a,
ASN00023718,19240823,PRCP,0,,,a,
ASN00023718,19240826,PRCP,48,,,a,
ASN00023718,19240827,PRCP,18,,,a,
ASN00023718,19240828,PRCP,0,,,a,
ASN00023718,19240829,PRCP,0,,,a,
ASN00023718,19240830,PRCP,0,,,a,
ASN00023718,19240831,PRCP,0,,,a,
ASN00023718,19240804,DAPR,2,,,a,
ASN00023718,19240825,DAPR,2,,,a,
ASN00023718,19240804,DWPR,1,,,a,
ASN00023718,19240825,DWPR,1,,,a,
ASN00023718,19240804,MDPR,28,,,a,
ASN00023718,19240825,MDPR,86,,,a,
ASN00023718,19240901,PRCP,0,,,a,
ASN00023718,19240902,PRCP,0,,,a,
ASN00023718,19240903,PRCP,0,,,a,
ASN00023718,19240904,PRCP,33,,,a,
ASN00023718,19240905,PRCP,0,,,a,
ASN00023718,19240906,PRCP,0,,,a,
ASN00023718,19240909,PRCP,64,,,a,
ASN00023718,19240910,PRCP,0,,,a,
ASN00023718,19240911,PRCP,15,,,a,
ASN00023718,19240912,PRCP,13,,,a,
ASN00023718,19240913,PRCP,0,,,a,
ASN00023718,19240916,PRCP,0,,,a,
ASN00023718,19240917,PRCP,0,,,a,
ASN00023718,19240918,PRCP,0,,,a,
ASN00023718,19240919,PRCP,18,,,a,
ASN00023718,19240920,PRCP,89,,,a,
ASN00023718,19240921,PRCP,0,,,a,
ASN00023718,19240922,PRCP,18,,,a,
ASN00023718,19240923,PRCP,15,,,a,
ASN00023718,19240924,PRCP,64,,,a,
ASN00023718,19240925,PRCP,0,,,a,
ASN00023718,19240926,PRCP,10,,,a,
ASN00023718,19240927,PRCP,89,,,a,
ASN00023718,19240930,PRCP,5,,,a,
ASN00023718,19240908,DAPR,2,,,a,
ASN00023718,19240915,DAPR,2,,,a,
ASN00023718,19240929,DAPR,2,,,a,
ASN00023718,19240908,DWPR,1,,,a,
ASN00023718,19240915,DWPR,1,,,a,
ASN00023718,19240929,DWPR,1,,,a,
ASN00023718,19240908,MDPR,64,,,a,
ASN00023718,19240915,MDPR,119,,,a,
ASN00023718,19240929,MDPR,48,,,a,
ASN00023718,19241001,PRCP,0,,,a,
ASN00023718,19241002,PRCP,0,,,a,
ASN00023718,19241003,PRCP,0,,,a,
ASN00023718,19241004,PRCP,0,,,a,
ASN00023718,19241005,PRCP,0,,,a,
ASN00023718,19241006,PRCP,23,,,a,
ASN00023718,19241007,PRCP,0,,,a,
ASN00023718,19241008,PRCP,0,,,a,
ASN00023718,19241009,PRCP,0,,,a,
ASN00023718,19241010,PRCP,0,,,a,
ASN00023718,19241011,PRCP,51,,,a,
ASN00023718,19241012,PRCP,0,,,a,
ASN00023718,19241013,PRCP,0,,,a,
ASN00023718,19241014,PRCP,0,,,a,
ASN00023718,19241015,PRCP,0,,,a,
ASN00023718,19241016,PRCP,0,,,a,
ASN00023718,19241017,PRCP,0,,,a,
ASN00023718,19241018,PRCP,0,,,a,
ASN00023718,19241021,PRCP,157,,,a,
ASN00023718,19241022,PRCP,0,,,a,
ASN00023718,19241023,PRCP,0,,,a,
ASN00023718,19241024,PRCP,69,,,a,
ASN00023718,19241025,PRCP,0,,,a,
ASN00023718,19241026,PRCP,0,,,a,
ASN00023718,19241027,PRCP,0,,,a,
ASN00023718,19241028,PRCP,8,,,a,
ASN00023718,19241029,PRCP,0,,,a,
ASN00023718,19241030,PRCP,0,,,a,
ASN00023718,19241031,PRCP,10,,,a,
ASN00023718,19241020,DAPR,2,,,a,
ASN00023718,19241020,DWPR,1,,,a,
ASN00023718,19241020,MDPR,183,,,a,
ASN00023718,19241101,PRCP,10,,,a,
ASN00023718,19241102,PRCP,0,,,a,
ASN00023718,19241103,PRCP,0,,,a,
ASN00023718,19241104,PRCP,25,,,a,
ASN00023718,19241105,PRCP,0,,,a,
ASN00023718,19241106,PRCP,0,,,a,
ASN00023718,19241107,PRCP,107,,,a,
ASN00023718,19241108,PRCP,23,,,a,
ASN00023718,19241109,PRCP,0,,,a,
ASN00023718,19241110,PRCP,20,,,a,
ASN00023718,19241111,PRCP,81,,,a,
ASN00023718,19241112,PRCP,0,,,a,
ASN00023718,19241113,PRCP,0,,,a,
ASN00023718,19241114,PRCP,0,,,a,
ASN00023718,19241115,PRCP,0,,,a,
ASN00023718,19241116,PRCP,0,,,a,
ASN00023718,19241117,PRCP,0,,,a,
ASN00023718,19241118,PRCP,0,,,a,
ASN00023718,19241119,PRCP,0,,,a,
ASN00023718,19241120,PRCP,0,,,a,
ASN00023718,19241121,PRCP,0,,,a,
ASN00023718,19241122,PRCP,0,,,a,
ASN00023718,19241123,PRCP,114,,,a,
ASN00023718,19241124,PRCP,0,,,a,
ASN00023718,19241125,PRCP,51,,,a,
ASN00023718,19241126,PRCP,0,,,a,
ASN00023718,19241127,PRCP,0,,,a,
ASN00023718,19241128,PRCP,0,,,a,
ASN00023718,19241129,PRCP,0,,,a,
ASN00023718,19241130,PRCP,0,,,a,
ASN00023718,19241201,PRCP,0,,,a,
ASN00023718,19241202,PRCP,18,,,a,
ASN00023718,19241203,PRCP,0,,,a,
ASN00023718,19241204,PRCP,0,,,a,
ASN00023718,19241205,PRCP,0,,,a,
ASN00023718,19241206,PRCP,0,,,a,
ASN00023718,19241207,PRCP,0,,,a,
ASN00023718,19241208,PRCP,0,,,a,
ASN00023718,19241209,PRCP,0,,,a,
ASN00023718,19241210,PRCP,0,,,a,
ASN00023718,19241211,PRCP,0,,,a,
ASN00023718,19241212,PRCP,0,,,a,
ASN00023718,19241213,PRCP,0,,,a,
ASN00023718,19241214,PRCP,0,,,a,
ASN00023718,19241215,PRCP,18,,,a,
ASN00023718,19241216,PRCP,0,,,a,
ASN00023718,19241217,PRCP,0,,,a,
ASN00023718,19241218,PRCP,0,,,a,
ASN00023718,19241219,PRCP,0,,,a,
ASN00023718,19241220,PRCP,0,,,a,
ASN00023718,19241221,PRCP,0,,,a,
ASN00023718,19241222,PRCP,0,,,a,
ASN00023718,19241223,PRCP,0,,,a,
ASN00023718,19241224,PRCP,0,,,a,
ASN00023718,19241227,PRCP,18,,,a,
ASN00023718,19241228,PRCP,0,,,a,
ASN00023718,19241229,PRCP,0,,,a,
ASN00023718,19241230,PRCP,0,,,a,
ASN00023718,19241231,PRCP,0,,,a,
ASN00023718,19241226,DAPR,2,,,a,
ASN00023718,19241226,DWPR,1,,,a,
ASN00023718,19241226,MDPR,64,,,a,
ASN00023718,19250101,PRCP,0,,,a,
ASN00023718,19250102,PRCP,0,,,a,
ASN00023718,19250103,PRCP,0,,,a,
ASN00023718,19250104,PRCP,0,,,a,
ASN00023718,19250105,PRCP,0,,,a,
ASN00023718,19250106,PRCP,0,,,a,
ASN00023718,19250107,PRCP,0,,,a,
ASN00023718,19250108,PRCP,0,,,a,
ASN00023718,19250109,PRCP,0,,,a,
ASN00023718,19250110,PRCP,0,,,a,
ASN00023718,19250111,PRCP,0,,,a,
ASN00023718,19250112,PRCP,0,,,a,
ASN00023718,19250113,PRCP,102,,,a,
ASN00023718,19250114,PRCP,0,,,a,
ASN00023718,19250115,PRCP,0,,,a,
ASN00023718,19250116,PRCP,0,,,a,
ASN00023718,19250117,PRCP,0,,,a,
ASN00023718,19250118,PRCP,0,,,a,
ASN00023718,19250119,PRCP,0,,,a,
ASN00023718,19250120,PRCP,0,,,a,
ASN00023718,19250121,PRCP,0,,,a,
ASN00023718,19250122,PRCP,10,,,a,
ASN00023718,19250123,PRCP,0,,,a,
ASN00023718,19250124,PRCP,0,,,a,
ASN00023718,19250125,PRCP,0,,,a,
ASN00023718,19250126,PRCP,0,,,a,
ASN00023718,19250127,PRCP,0,,,a,
ASN00023718,19250128,PRCP,0,,,a,
ASN00023718,19250129,PRCP,0,,,a,
ASN00023718,19250130,PRCP,0,,,a,
ASN00023718,19250131,PRCP,0,,,a,
ASN00023718,19250201,PRCP,0,,,a,
ASN00023718,19250202,PRCP,0,,,a,
ASN00023718,19250203,PRCP,0,,,a,
ASN00023718,19250204,PRCP,0,,,a,
ASN00023718,19250205,PRCP,0,,,a,
ASN00023718,19250206,PRCP,94,,,a,
ASN00023718,19250207,PRCP,333,,,a,
ASN00023718,19250208,PRCP,0,,,a,
ASN00023718,19250209,PRCP,23,,,a,
ASN00023718,19250210,PRCP,0,,,a,
ASN00023718,19250211,PRCP,0,,,a,
ASN00023718,19250212,PRCP,0,,,a,
ASN00023718,19250213,PRCP,0,,,a,
ASN00023718,19250214,PRCP,0,,,a,
ASN00023718,19250215,PRCP,0,,,a,
ASN00023718,19250216,PRCP,13,,,a,
ASN00023718,19250217,PRCP,53,,,a,
ASN00023718,19250218,PRCP,0,,,a,
ASN00023718,19250219,PRCP,0,,,a,
ASN00023718,19250220,PRCP,0,,,a,
ASN00023718,19250221,PRCP,0,,,a,
ASN00023718,19250222,PRCP,0,,,a,
ASN00023718,19250223,PRCP,0,,,a,
ASN00023718,19250224,PRCP,41,,,a,
ASN00023718,19250225,PRCP,0,,,a,
ASN00023718,19250226,PRCP,0,,,a,
ASN00023718,19250227,PRCP,0,,,a,
ASN00023718,19250228,PRCP,0,,,a,
ASN00023718,19250301,PRCP,0,,,a,
ASN00023718,19250302,PRCP,0,,,a,
ASN00023718,19250303,PRCP,140,,,a,
ASN00023718,19250304,PRCP,8,,,a,
ASN00023718,19250305,PRCP,0,,,a,
ASN00023718,19250306,PRCP,0,,,a,
ASN00023718,19250307,PRCP,0,,,a,
ASN00023718,19250308,PRCP,0,,,a,
ASN00023718,19250309,PRCP,0,,,a,
ASN00023718,19250310,PRCP,0,,,a,
ASN00023718,19250311,PRCP,0,,,a,
ASN00023718,19250312,PRCP,0,,,a,
ASN00023718,19250313,PRCP,0,,,a,
ASN00023718,19250314,PRCP,0,,,a,
ASN00023718,19250315,PRCP,0,,,a,
ASN00023718,19250316,PRCP,0,,,a,
ASN00023718,19250317,PRCP,0,,,a,
ASN00023718,19250318,PRCP,0,,,a,
ASN00023718,19250319,PRCP,0,,,a,
ASN00023718,19250320,PRCP,0,,,a,
ASN00023718,19250321,PRCP,0,,,a,
ASN00023718,19250322,PRCP,0,,,a,
ASN00023718,19250323,PRCP,0,,,a,
ASN00023718,19250324,PRCP,0,,,a,
ASN00023718,19250325,PRCP,43,,,a,
ASN00023718,19250326,PRCP,0,,,a,
ASN00023718,19250327,PRCP,0,,,a,
ASN00023718,19250328,PRCP,0,,,a,
ASN00023718,19250329,PRCP,0,,,a,
ASN00023718,19250330,PRCP,0,,,a,
ASN00023718,19250331,PRCP,0,,,a,
ASN00023718,19250401,PRCP,0,,,a,
ASN00023718,19250402,PRCP,0,,,a,
ASN00023718,19250403,PRCP,0,,,a,
ASN00023718,19250404,PRCP,51,,,a,
ASN00023718,19250405,PRCP,97,,,a,
ASN00023718,19250406,PRCP,76,,,a,
ASN00023718,19250407,PRCP,8,,,a,
ASN00023718,19250408,PRCP,33,,,a,
ASN00023718,19250409,PRCP,0,,,a,
ASN00023718,19250410,PRCP,0,,,a,
ASN00023718,19250411,PRCP,0,,,a,
ASN00023718,19250412,PRCP,0,,,a,
ASN00023718,19250413,PRCP,0,,,a,
ASN00023718,19250414,PRCP,0,,,a,
ASN00023718,19250415,PRCP,0,,,a,
ASN00023718,19250416,PRCP,0,,,a,
ASN00023718,19250417,PRCP,0,,,a,
ASN00023718,19250418,PRCP,0,,,a,
ASN00023718,19250419,PRCP,0,,,a,
ASN00023718,19250420,PRCP,0,,,a,
ASN00023718,19250421,PRCP,64,,,a,
ASN00023718,19250422,PRCP,0,,,a,
ASN00023718,19250423,PRCP,0,,,a,
ASN00023718,19250424,PRCP,0,,,a,
ASN00023718,19250425,PRCP,10,,,a,
ASN00023718,19250426,PRCP,0,,,a,
ASN00023718,19250427,PRCP,0,,,a,
ASN00023718,19250428,PRCP,0,,,a,
ASN00023718,19250429,PRCP,0,,,a,
ASN00023718,19250430,PRCP,0,,,a,
ASN00023718,19250501,PRCP,0,,,a,
ASN00023718,19250502,PRCP,0,,,a,
ASN00023718,19250503,PRCP,0,,,a,
ASN00023718,19250504,PRCP,0,,,a,
ASN00023718,19250505,PRCP,0,,,a,
ASN00023718,19250506,PRCP,0,,,a,
ASN00023718,19250507,PRCP,0,,,a,
ASN00023718,19250508,PRCP,0,,,a,
ASN00023718,19250509,PRCP,43,,,a,
ASN00023718,19250510,PRCP,147,,,a,
ASN00023718,19250511,PRCP,13,,,a,
ASN00023718,19250512,PRCP,74,,,a,
ASN00023718,19250513,PRCP,272,,,a,
ASN00023718,19250514,PRCP,0,,,a,
ASN00023718,19250515,PRCP,8,,,a,
ASN00023718,19250516,PRCP,0,,,a,
ASN00023718,19250517,PRCP,0,,,a,
ASN00023718,19250518,PRCP,0,,,a,
ASN00023718,19250519,PRCP,0,,,a,
ASN00023718,19250520,PRCP,0,,,a,
ASN00023718,19250521,PRCP,58,,,a,
ASN00023718,19250522,PRCP,178,,,a,
ASN00023718,19250523,PRCP,0,,,a,
ASN00023718,19250526,PRCP,0,,,a,
ASN00023718,19250527,PRCP,0,,,a,
ASN00023718,19250528,PRCP,0,,,a,
ASN00023718,19250529,PRCP,0,,,a,
ASN00023718,19250530,PRCP,58,,,a,
ASN00023718,19250531,PRCP,0,,,a,
ASN00023718,19250525,DAPR,2,,,a,
ASN00023718,19250525,DWPR,1,,,a,
ASN00023718,19250525,MDPR,135,,,a,
ASN00023718,19250601,PRCP,135,,,a,
ASN00023718,19250602,PRCP,132,,,a,
ASN00023718,19250603,PRCP,58,,,a,
ASN00023718,19250604,PRCP,0,,,a,
ASN00023718,19250605,PRCP,8,,,a,
ASN00023718,19250606,PRCP,33,,,a,
ASN00023718,19250607,PRCP,0,,,a,
ASN00023718,19250608,PRCP,8,,,a,
ASN00023718,19250609,PRCP,0,,,a,
ASN00023718,19250610,PRCP,0,,,a,
ASN00023718,19250611,PRCP,0,,,a,
ASN00023718,19250612,PRCP,0,,,a,
ASN00023718,19250613,PRCP,0,,,a,
ASN00023718,19250614,PRCP,0,,,a,
ASN00023718,19250615,PRCP,0,,,a,
ASN00023718,19250616,PRCP,0,,,a,
ASN00023718,19250617,PRCP,0,,,a,
ASN00023718,19250618,PRCP,8,,,a,
ASN00023718,19250619,PRCP,0,,,a,
ASN00023718,19250620,PRCP,0,,,a,
ASN00023718,19250621,PRCP,0,,,a,
ASN00023718,19250622,PRCP,0,,,a,
ASN00023718,19250623,PRCP,0,,,a,
ASN00023718,19250624,PRCP,0,,,a,
ASN00023718,19250625,PRCP,15,,,a,
ASN00023718,19250626,PRCP,0,,,a,
ASN00023718,19250627,PRCP,0,,,a,
ASN00023718,19250628,PRCP,0,,,a,
ASN00023718,19250629,PRCP,18,,,a,
ASN00023718,19250630,PRCP,0,,,a,
ASN00023718,19250701,PRCP,25,,,a,
ASN00023718,19250702,PRCP,5,,,a,
ASN00023718,19250703,PRCP,23,,,a,
ASN00023718,19250704,PRCP,25,,,a,
ASN00023718,19250707,PRCP,0,,,a,
ASN00023718,19250708,PRCP,0,,,a,
ASN00023718,19250709,PRCP,0,,,a,
ASN00023718,19250710,PRCP,0,,,a,
ASN00023718,19250711,PRCP,0,,,a,
ASN00023718,19250714,PRCP,0,,,a,
ASN00023718,19250715,PRCP,0,,,a,
ASN00023718,19250716,PRCP,0,,,a,
ASN00023718,19250717,PRCP,18,,,a,
ASN00023718,19250718,PRCP,89,,,a,
ASN00023718,19250721,PRCP,41,,,a,
ASN00023718,19250722,PRCP,48,,,a,
ASN00023718,19250723,PRCP,0,,,a,
ASN00023718,19250724,PRCP,3,,,a,
ASN00023718,19250725,PRCP,0,,,a,
ASN00023718,19250728,PRCP,0,,,a,
ASN00023718,19250729,PRCP,20,,,a,
ASN00023718,19250730,PRCP,20,,,a,
ASN00023718,19250731,PRCP,3,,,a,
ASN00023718,19250706,DAPR,2,,,a,
ASN00023718,19250713,DAPR,2,,,a,
ASN00023718,19250720,DAPR,2,,,a,
ASN00023718,19250727,DAPR,2,,,a,
ASN00023718,19250706,DWPR,1,,,a,
ASN00023718,19250713,DWPR,1,,,a,
ASN00023718,19250720,DWPR,1,,,a,
ASN00023718,19250727,DWPR,1,,,a,
ASN00023718,19250706,MDPR,41,,,a,
ASN00023718,19250713,MDPR,41,,,a,
ASN00023718,19250720,MDPR,46,,,a,
ASN00023718,19250727,MDPR,127,,,a,
ASN00023718,19250801,PRCP,38,,,a,
ASN00023718,19250804,PRCP,46,,,a,
ASN00023718,19250805,PRCP,0,,,a,
ASN00023718,19250806,PRCP,8,,,a,
ASN00023718,19250807,PRCP,0,,,a,
ASN00023718,19250808,PRCP,0,,,a,
ASN00023718,19250809,PRCP,0,,,a,
ASN00023718,19250810,PRCP,8,,,a,
ASN00023718,19250811,PRCP,46,,,a,
ASN00023718,19250812,PRCP,0,,,a,
ASN00023718,19250813,PRCP,0,,,a,
ASN00023718,19250814,PRCP,0,,,a,
ASN00023718,19250815,PRCP,0,,,a,
ASN00023718,19250816,PRCP,0,,,a,
ASN00023718,19250817,PRCP,10,,,a,
ASN00023718,19250818,PRCP,23,,,a,
ASN00023718,19250819,PRCP,0,,,a,
ASN00023718,19250820,PRCP,0,,,a,
ASN00023718,19250821,PRCP,46,,,a,
ASN00023718,19250822,PRCP,33,,,a,
ASN00023718,19250825,PRCP,46,,,a,
ASN00023718,19250826,PRCP,0,,,a,
ASN00023718,19250827,PRCP,28,,,a,
ASN00023718,19250828,PRCP,13,,,a,
ASN00023718,19250829,PRCP,0,,,a,
ASN00023718,19250830,PRCP,0,,,a,
ASN00023718,19250831,PRCP,0,,,a,
ASN00023718,19250803,DAPR,2,,,a,
ASN00023718,19250824,DAPR,2,,,a,
ASN00023718,19250803,DWPR,1,,,a,
ASN00023718,19250824,DWPR,1,,,a,
ASN00023718,19250803,MDPR,36,,,a,
ASN00023718,19250824,MDPR,71,,,a,
ASN00023718,19250901,PRCP,0,,,a,
ASN00023718,19250902,PRCP,0,,,a,
ASN00023718,19250903,PRCP,0,,,a,
ASN00023718,19250904,PRCP,10,,,a,
ASN00023718,19250905,PRCP,5,,,a,
ASN00023718,19250906,PRCP,0,,,a,
ASN00023718,19250907,PRCP,5,,,a,
ASN00023718,19250908,PRCP,0,,,a,
ASN00023718,19250909,PRCP,0,,,a,
ASN00023718,19250910,PRCP,0,,,a,
ASN00023718,19250911,PRCP,0,,,a,
ASN00023718,19250912,PRCP,221,,,a,
ASN00023718,19250913,PRCP,15,,,a,
ASN00023718,19250914,PRCP,84,,,a,
ASN00023718,19250915,PRCP,56,,,a,
ASN00023718,19250916,PRCP,66,,,a,
ASN00023718,19250917,PRCP,89,,,a,
ASN00023718,19250918,PRCP,74,,,a,
ASN00023718,19250919,PRCP,10,,,a,
ASN00023718,19250920,PRCP,0,,,a,
ASN00023718,19250921,PRCP,0,,,a,
ASN00023718,19250922,PRCP,0,,,a,
ASN00023718,19250923,PRCP,0,,,a,
ASN00023718,19250924,PRCP,0,,,a,
ASN00023718,19250925,PRCP,0,,,a,
ASN00023718,19250926,PRCP,0,,,a,
ASN00023718,19250927,PRCP,46,,,a,
ASN00023718,19250928,PRCP,71,,,a,
ASN00023718,19250929,PRCP,15,,,a,
ASN00023718,19250930,PRCP,0,,,a,
ASN00023718,19251001,PRCP,10,,,a,
ASN00023718,19251002,PRCP,0,,,a,
ASN00023718,19251003,PRCP,0,,,a,
ASN00023718,19251006,PRCP,0,,,a,
ASN00023718,19251007,PRCP,0,,,a,
ASN00023718,19251008,PRCP,0,,,a,
ASN00023718,19251009,PRCP,0,,,a,
ASN00023718,19251010,PRCP,0,,,a,
ASN00023718,19251013,PRCP,0,,,a,
ASN00023718,19251014,PRCP,0,,,a,
ASN00023718,19251015,PRCP,0,,,a,
ASN00023718,19251016,PRCP,0,,,a,
ASN00023718,19251017,PRCP,0,,,a,
ASN00023718,19251018,PRCP,0,,,a,
ASN00023718,19251019,PRCP,0,,,a,
ASN00023718,19251020,PRCP,0,,,a,
ASN00023718,19251021,PRCP,38,,,a,
ASN00023718,19251022,PRCP,0,,,a,
ASN00023718,19251023,PRCP,0,,,a,
ASN00023718,19251024,PRCP,0,,,a,
ASN00023718,19251025,PRCP,0,,,a,
ASN00023718,19251026,PRCP,0,,,a,
ASN00023718,19251027,PRCP,0,,,a,
ASN00023718,19251028,PRCP,0,,,a,
ASN00023718,19251029,PRCP,0,,,a,
ASN00023718,19251030,PRCP,0,,,a,
ASN00023718,19251031,PRCP,0,,,a,
ASN00023718,19251005,DAPR,2,,,a,
ASN00023718,19251012,DAPR,2,,,a,
ASN00023718,19251005,DWPR,1,,,a,
ASN00023718,19251012,DWPR,1,,,a,
ASN00023718,19251005,MDPR,30,,,a,
ASN00023718,19251012,MDPR,64,,,a,
ASN00023718,19251101,PRCP,64,,,a,
ASN00023718,19251102,PRCP,0,,,a,
ASN00023718,19251103,PRCP,0,,,a,
ASN00023718,19251104,PRCP,0,,,a,
ASN00023718,19251105,PRCP,0,,,a,
ASN00023718,19251106,PRCP,0,,,a,
ASN00023718,19251107,PRCP,0,,,a,
ASN00023718,19251108,PRCP,0,,,a,
ASN00023718,19251109,PRCP,0,,,a,
ASN00023718,19251110,PRCP,0,,,a,
ASN00023718,19251111,PRCP,0,,,a,
ASN00023718,19251112,PRCP,0,,,a,
ASN00023718,19251113,PRCP,0,,,a,
ASN00023718,19251114,PRCP,0,,,a,
ASN00023718,19251115,PRCP,0,,,a,
ASN00023718,19251116,PRCP,0,,,a,
ASN00023718,19251117,PRCP,8,,,a,
ASN00023718,19251118,PRCP,114,,,a,
ASN00023718,19251119,PRCP,0,,,a,
ASN00023718,19251120,PRCP,46,,,a,
ASN00023718,19251121,PRCP,0,,,a,
ASN00023718,19251122,PRCP,0,,,a,
ASN00023718,19251123,PRCP,8,,,a,
ASN00023718,19251124,PRCP,5,,,a,
ASN00023718,19251125,PRCP,0,,,a,
ASN00023718,19251126,PRCP,0,,,a,
ASN00023718,19251127,PRCP,0,,,a,
ASN00023718,19251128,PRCP,0,,,a,
ASN00023718,19251129,PRCP,0,,,a,
ASN00023718,19251130,PRCP,0,,,a,
ASN00023718,19251201,PRCP,0,,,a,
ASN00023718,19251202,PRCP,0,,,a,
ASN00023718,19251203,PRCP,0,,,a,
ASN00023718,19251204,PRCP,0,,,a,
ASN00023718,19251205,PRCP,0,,,a,
ASN00023718,19251206,PRCP,0,,,a,
ASN00023718,19251207,PRCP,0,,,a,
ASN00023718,19251208,PRCP,0,,,a,
ASN00023718,19251209,PRCP,0,,,a,
ASN00023718,19251210,PRCP,0,,,a,
ASN00023718,19251211,PRCP,0,,,a,
ASN00023718,19251212,PRCP,0,,,a,
ASN00023718,19251213,PRCP,0,,,a,
ASN00023718,19251214,PRCP,0,,,a,
ASN00023718,19251215,PRCP,0,,,a,
ASN00023718,19251216,PRCP,0,,,a,
ASN00023718,19251217,PRCP,0,,,a,
ASN00023718,19251218,PRCP,0,,,a,
ASN00023718,19251219,PRCP,0,,,a,
ASN00023718,19251220,PRCP,0,,,a,
ASN00023718,19251221,PRCP,0,,,a,
ASN00023718,19251222,PRCP,43,,,a,
ASN00023718,19251223,PRCP,0,,,a,
ASN00023718,19251224,PRCP,23,,,a,
ASN00023718,19251225,PRCP,0,,,a,
ASN00023718,19251226,PRCP,15,,,a,
ASN00023718,19251227,PRCP,0,,,a,
ASN00023718,19251228,PRCP,0,,,a,
ASN00023718,19251229,PRCP,0,,,a,
ASN00023718,19251230,PRCP,0,,,a,
ASN00023718,19251231,PRCP,0,,,a,
ASN00023718,19260101,PRCP,0,,,a,
ASN00023718,19260102,PRCP,0,,,a,
ASN00023718,19260103,PRCP,0,,,a,
ASN00023718,19260104,PRCP,0,,,a,
ASN00023718,19260105,PRCP,0,,,a,
ASN00023718,19260106,PRCP,0,,,a,
ASN00023718,19260107,PRCP,0,,,a,
ASN00023718,19260108,PRCP,0,,,a,
ASN00023718,19260109,PRCP,0,,,a,
ASN00023718,19260110,PRCP,0,,,a,
ASN00023718,19260111,PRCP,0,,,a,
ASN00023718,19260112,PRCP,0,,,a,
ASN00023718,19260113,PRCP,0,,,a,
ASN00023718,19260114,PRCP,0,,,a,
ASN00023718,19260115,PRCP,0,,,a,
ASN00023718,19260116,PRCP,0,,,a,
ASN00023718,19260117,PRCP,0,,,a,
ASN00023718,19260118,PRCP,0,,,a,
ASN00023718,19260119,PRCP,0,,,a,
ASN00023718,19260120,PRCP,0,,,a,
ASN00023718,19260121,PRCP,0,,,a,
ASN00023718,19260122,PRCP,0,,,a,
ASN00023718,19260123,PRCP,0,,,a,
ASN00023718,19260124,PRCP,0,,,a,
ASN00023718,19260125,PRCP,0,,,a,
ASN00023718,19260126,PRCP,0,,,a,
ASN00023718,19260127,PRCP,0,,,a,
ASN00023718,19260128,PRCP,0,,,a,
ASN00023718,19260129,PRCP,0,,,a,
ASN00023718,19260130,PRCP,0,,,a,
ASN00023718,19260131,PRCP,0,,,a,
ASN00023718,19260201,PRCP,0,,,a,
ASN00023718,19260202,PRCP,0,,,a,
ASN00023718,19260203,PRCP,0,,,a,
ASN00023718,19260204,PRCP,0,,,a,
ASN00023718,19260205,PRCP,0,,,a,
ASN00023718,19260206,PRCP,0,,,a,
ASN00023718,19260207,PRCP,0,,,a,
ASN00023718,19260208,PRCP,20,,,a,
ASN00023718,19260209,PRCP,15,,,a,
ASN00023718,19260210,PRCP,0,,,a,
ASN00023718,19260211,PRCP,0,,,a,
ASN00023718,19260212,PRCP,0,,,a,
ASN00023718,19260213,PRCP,0,,,a,
ASN00023718,19260214,PRCP,0,,,a,
ASN00023718,19260215,PRCP,0,,,a,
ASN00023718,19260216,PRCP,0,,,a,
ASN00023718,19260217,PRCP,0,,,a,
ASN00023718,19260218,PRCP,0,,,a,
ASN00023718,19260219,PRCP,0,,,a,
ASN00023718,19260220,PRCP,0,,,a,
ASN00023718,19260221,PRCP,0,,,a,
ASN00023718,19260222,PRCP,0,,,a,
ASN00023718,19260223,PRCP,0,,,a,
ASN00023718,19260224,PRCP,0,,,a,
ASN00023718,19260225,PRCP,81,,,a,
ASN00023718,19260226,PRCP,0,,,a,
ASN00023718,19260227,PRCP,0,,,a,
ASN00023718,19260228,PRCP,0,,,a,
ASN00023718,19260401,PRCP,0,,,a,
ASN00023718,19260402,PRCP,0,,,a,
ASN00023718,19260403,PRCP,0,,,a,
ASN00023718,19260404,PRCP,0,,,a,
ASN00023718,19260405,PRCP,0,,,a,
ASN00023718,19260406,PRCP,0,,,a,
ASN00023718,19260407,PRCP,0,,,a,
ASN00023718,19260408,PRCP,0,,,a,
ASN00023718,19260409,PRCP,0,,,a,
ASN00023718,19260410,PRCP,0,,,a,
ASN00023718,19260411,PRCP,0,,,a,
ASN00023718,19260412,PRCP,15,,,a,
ASN00023718,19260413,PRCP,0,,,a,
ASN00023718,19260414,PRCP,15,,,a,
ASN00023718,19260415,PRCP,5,,,a,
ASN00023718,19260416,PRCP,0,,,a,
ASN00023718,19260417,PRCP,0,,,a,
ASN00023718,19260418,PRCP,0,,,a,
ASN00023718,19260419,PRCP,0,,,a,
ASN00023718,19260420,PRCP,0,,,a,
ASN00023718,19260421,PRCP,0,,,a,
ASN00023718,19260422,PRCP,0,,,a,
ASN00023718,19260423,PRCP,0,,,a,
ASN00023718,19260424,PRCP,152,,,a,
ASN00023718,19260425,PRCP,86,,,a,
ASN00023718,19260426,PRCP,0,,,a,
ASN00023718,19260427,PRCP,0,,,a,
ASN00023718,19260428,PRCP,0,,,a,
ASN00023718,19260429,PRCP,23,,,a,
ASN00023718,19260430,PRCP,30,,,a,
ASN00023718,19260501,PRCP,86,,,a,
ASN00023718,19260504,PRCP,0,,,a,
ASN00023718,19260505,PRCP,0,,,a,
ASN00023718,19260506,PRCP,0,,,a,
ASN00023718,19260507,PRCP,30,,,a,
ASN00023718,19260508,PRCP,81,,,a,
ASN00023718,19260511,PRCP,20,,,a,
ASN00023718,19260512,PRCP,56,,,a,
ASN00023718,19260513,PRCP,15,,,a,
ASN00023718,19260514,PRCP,0,,,a,
ASN00023718,19260515,PRCP,0,,,a,
ASN00023718,19260516,PRCP,0,,,a,
ASN00023718,19260517,PRCP,0,,,a,
ASN00023718,19260518,PRCP,0,,,a,
ASN00023718,19260519,PRCP,0,,,a,
ASN00023718,19260520,PRCP,0,,,a,
ASN00023718,19260521,PRCP,173,,,a,
ASN00023718,19260522,PRCP,89,,,a,
ASN00023718,19260525,PRCP,0,,,a,
ASN00023718,19260526,PRCP,5,,,a,
ASN00023718,19260527,PRCP,0,,,a,
ASN00023718,19260528,PRCP,13,,,a,
ASN00023718,19260529,PRCP,0,,,a,
ASN00023718,19260503,DAPR,2,,,a,
ASN00023718,19260510,DAPR,2,,,a,
ASN00023718,19260524,DAPR,2,,,a,
ASN00023718,19260531,DAPR,2,,,a,
ASN00023718,19260503,DWPR,1,,,a,
ASN00023718,19260510,DWPR,1,,,a,
ASN00023718,19260524,DWPR,1,,,a,
ASN00023718,19260531,DWPR,1,,,a,
ASN00023718,19260503,MDPR,64,,,a,
ASN00023718,19260510,MDPR,51,,,a,
ASN00023718,19260524,MDPR,51,,,a,
ASN00023718,19260531,MDPR,104,,,a,
ASN00023718,19260601,PRCP,0,,,a,
ASN00023718,19260602,PRCP,0,,,a,
ASN00023718,19260603,PRCP,0,,,a,
ASN00023718,19260604,PRCP,0,,,a,
ASN00023718,19260605,PRCP,38,,,a,
ASN00023718,19260606,PRCP,0,,,a,
ASN00023718,19260607,PRCP,0,,,a,
ASN00023718,19260608,PRCP,8,,,a,
ASN00023718,19260609,PRCP,23,,,a,
ASN00023718,19260610,PRCP,18,,,a,
ASN00023718,19260611,PRCP,48,,,a,
ASN00023718,19260612,PRCP,0,,,a,
ASN00023718,19260613,PRCP,0,,,a,
ASN00023718,19260614,PRCP,0,,,a,
ASN00023718,19260615,PRCP,0,,,a,
ASN00023718,19260616,PRCP,0,,,a,
ASN00023718,19260617,PRCP,0,,,a,
ASN00023718,19260618,PRCP,0,,,a,
ASN00023718,19260619,PRCP,0,,,a,
ASN00023718,19260622,PRCP,178,,,a,
ASN00023718,19260623,PRCP,0,,,a,
ASN00023718,19260624,PRCP,0,,,a,
ASN00023718,19260625,PRCP,28,,,a,
ASN00023718,19260626,PRCP,0,,,a,
ASN00023718,19260627,PRCP,3,,,a,
ASN00023718,19260628,PRCP,18,,,a,
ASN00023718,19260629,PRCP,15,,,a,
ASN00023718,19260630,PRCP,0,,,a,
ASN00023718,19260621,DAPR,2,,,a,
ASN00023718,19260621,DWPR,1,,,a,
ASN00023718,19260621,MDPR,28,,,a,
ASN00023718,19260701,PRCP,0,,,a,
ASN00023718,19260702,PRCP,0,,,a,
ASN00023718,19260703,PRCP,0,,,a,
ASN00023718,19260704,PRCP,0,,,a,
ASN00023718,19260705,PRCP,0,,,a,
ASN00023718,19260706,PRCP,0,,,a,
ASN00023718,19260707,PRCP,0,,,a,
ASN00023718,19260708,PRCP,0,,,a,
ASN00023718,19260709,PRCP,0,,,a,
ASN00023718,19260710,PRCP,0,,,a,
ASN00023718,19260713,PRCP,28,,,a,
ASN00023718,19260714,PRCP,46,,,a,
ASN00023718,19260715,PRCP,5,,,a,
ASN00023718,19260716,PRCP,43,,,a,
ASN00023718,19260717,PRCP,0,,,a,
ASN00023718,19260718,PRCP,0,,,a,
ASN00023718,19260719,PRCP,13,,,a,
ASN00023718,19260720,PRCP,0,,,a,
ASN00023718,19260721,PRCP,0,,,a,
ASN00023718,19260722,PRCP,0,,,a,
ASN00023718,19260723,PRCP,56,,,a,
ASN00023718,19260724,PRCP,147,,,a,
ASN00023718,19260725,PRCP,0,,,a,
ASN00023718,19260726,PRCP,20,,,a,
ASN00023718,19260727,PRCP,0,,,a,
ASN00023718,19260728,PRCP,0,,,a,
ASN00023718,19260729,PRCP,13,,,a,
ASN00023718,19260730,PRCP,61,,,a,
ASN00023718,19260731,PRCP,140,,,a,
ASN00023718,19260712,DAPR,2,,,a,
ASN00023718,19260712,DWPR,1,,,a,
ASN00023718,19260712,MDPR,28,,,a,
ASN00023718,19260801,PRCP,163,,,a,
ASN00023718,19260802,PRCP,0,,,a,
ASN00023718,19260803,PRCP,38,,,a,
ASN00023718,19260804,PRCP,84,,,a,
ASN00023718,19260805,PRCP,5,,,a,
ASN00023718,19260806,PRCP,0,,,a,
ASN00023718,19260807,PRCP,0,,,a,
ASN00023718,19260810,PRCP,0,,,a,
ASN00023718,19260811,PRCP,0,,,a,
ASN00023718,19260812,PRCP,0,,,a,
ASN00023718,19260813,PRCP,0,,,a,
ASN00023718,19260814,PRCP,0,,,a,
ASN00023718,19260817,PRCP,43,,,a,
ASN00023718,19260818,PRCP,20,,,a,
ASN00023718,19260819,PRCP,0,,,a,
ASN00023718,19260820,PRCP,20,,,a,
ASN00023718,19260821,PRCP,5,,,a,
ASN00023718,19260822,PRCP,0,,,a,
ASN00023718,19260823,PRCP,0,,,a,
ASN00023718,19260824,PRCP,38,,,a,
ASN00023718,19260825,PRCP,10,,,a,
ASN00023718,19260826,PRCP,56,,,a,
ASN00023718,19260827,PRCP,0,,,a,
ASN00023718,19260828,PRCP,84,,,a,
ASN00023718,19260831,PRCP,33,,,a,
ASN00023718,19260809,DAPR,2,,,a,
ASN00023718,19260816,DAPR,2,,,a,
ASN00023718,19260830,DAPR,2,,,a,
ASN00023718,19260809,DWPR,1,,,a,
ASN00023718,19260816,DWPR,1,,,a,
ASN00023718,19260830,DWPR,1,,,a,
ASN00023718,19260809,MDPR,102,,,a,
ASN00023718,19260816,MDPR,46,,,a,
ASN00023718,19260830,MDPR,51,,,a,
ASN00023718,19260901,PRCP,0,,,a,
ASN00023718,19260902,PRCP,0,,,a,
ASN00023718,19260903,PRCP,0,,,a,
ASN00023718,19260904,PRCP,30,,,a,
ASN00023718,19260905,PRCP,0,,,a,
ASN00023718,19260906,PRCP,0,,,a,
ASN00023718,19260907,PRCP,0,,,a,
ASN00023718,19260908,PRCP,0,,,a,
ASN00023718,19260909,PRCP,0,,,a,
ASN00023718,19260910,PRCP,28,,,a,
ASN00023718,19260911,PRCP,13,,,a,
ASN00023718,19260912,PRCP,0,,,a,
ASN00023718,19260913,PRCP,5,,,a,
ASN00023718,19260914,PRCP,0,,,a,
ASN00023718,19260915,PRCP,0,,,a,
ASN00023718,19260916,PRCP,15,,,a,
ASN00023718,19260917,PRCP,76,,,a,
ASN00023718,19260918,PRCP,0,,,a,
ASN00023718,19260919,PRCP,0,,,a,
ASN00023718,19260920,PRCP,0,,,a,
ASN00023718,19260921,PRCP,0,,,a,
ASN00023718,19260922,PRCP,0,,,a,
ASN00023718,19260923,PRCP,0,,,a,
ASN00023718,19260924,PRCP,246,,,a,
ASN00023718,19260925,PRCP,64,,,a,
ASN00023718,19260928,PRCP,94,,,a,
ASN00023718,19260929,PRCP,5,,,a,
ASN00023718,19260930,PRCP,13,,,a,
ASN00023718,19260927,DAPR,2,,,a,
ASN00023718,19260927,DWPR,1,,,a,
ASN00023718,19260927,MDPR,216,,,a,
ASN00023718,19261001,PRCP,0,,,a,
ASN00023718,19261002,PRCP,0,,,a,
ASN00023718,19261003,PRCP,0,,,a,
ASN00023718,19261004,PRCP,20,,,a,
ASN00023718,19261005,PRCP,0,,,a,
ASN00023718,19261006,PRCP,119,,,a,
ASN00023718,19261007,PRCP,66,,,a,
ASN00023718,19261008,PRCP,23,,,a,
ASN00023718,19261009,PRCP,0,,,a,
ASN00023718,19261010,PRCP,0,,,a,
ASN00023718,19261011,PRCP,20,,,a,
ASN00023718,19261012,PRCP,188,,,a,
ASN00023718,19261013,PRCP,25,,,a,
ASN00023718,19261014,PRCP,79,,,a,
ASN00023718,19261015,PRCP,18,,,a,
ASN00023718,19261016,PRCP,0,,,a,
ASN00023718,19261017,PRCP,0,,,a,
ASN00023718,19261018,PRCP,0,,,a,
ASN00023718,19261019,PRCP,0,,,a,
ASN00023718,19261020,PRCP,0,,,a,
ASN00023718,19261021,PRCP,0,,,a,
ASN00023718,19261022,PRCP,0,,,a,
ASN00023718,19261023,PRCP,0,,,a,
ASN00023718,19261024,PRCP,0,,,a,
ASN00023718,19261025,PRCP,0,,,a,
ASN00023718,19261026,PRCP,0,,,a,
ASN00023718,19261027,PRCP,0,,,a,
ASN00023718,19261028,PRCP,0,,,a,
ASN00023718,19261029,PRCP,0,,,a,
ASN00023718,19261030,PRCP,0,,,a,
ASN00023718,19261031,PRCP,0,,,a,
ASN00023718,19261101,PRCP,0,,,a,
ASN00023718,19261102,PRCP,0,,,a,
ASN00023718,19261103,PRCP,0,,,a,
ASN00023718,19261104,PRCP,0,,,a,
ASN00023718,19261105,PRCP,71,,,a,
ASN00023718,19261106,PRCP,0,,,a,
ASN00023718,19261107,PRCP,0,,,a,
ASN00023718,19261108,PRCP,0,,,a,
ASN00023718,19261109,PRCP,0,,,a,
ASN00023718,19261110,PRCP,0,,,a,
ASN00023718,19261111,PRCP,0,,,a,
ASN00023718,19261112,PRCP,0,,,a,
ASN00023718,19261113,PRCP,0,,,a,
ASN00023718,19261114,PRCP,0,,,a,
ASN00023718,19261115,PRCP,0,,,a,
ASN00023718,19261116,PRCP,0,,,a,
ASN00023718,19261117,PRCP,51,,,a,
ASN00023718,19261118,PRCP,0,,,a,
ASN00023718,19261119,PRCP,0,,,a,
ASN00023718,19261120,PRCP,0,,,a,
ASN00023718,19261121,PRCP,0,,,a,
ASN00023718,19261122,PRCP,0,,,a,
ASN00023718,19261123,PRCP,0,,,a,
ASN00023718,19261124,PRCP,0,,,a,
ASN00023718,19261125,PRCP,0,,,a,
ASN00023718,19261126,PRCP,0,,,a,
ASN00023718,19261127,PRCP,0,,,a,
ASN00023718,19261128,PRCP,0,,,a,
ASN00023718,19261129,PRCP,0,,,a,
ASN00023718,19261130,PRCP,28,,,a,
ASN00023718,19261201,PRCP,0,,,a,
ASN00023718,19261202,PRCP,0,,,a,
ASN00023718,19261203,PRCP,0,,,a,
ASN00023718,19261204,PRCP,0,,,a,
ASN00023718,19261205,PRCP,135,,,a,
ASN00023718,19261206,PRCP,15,,,a,
ASN00023718,19261207,PRCP,0,,,a,
ASN00023718,19261208,PRCP,0,,,a,
ASN00023718,19261209,PRCP,0,,,a,
ASN00023718,19261210,PRCP,23,,,a,
ASN00023718,19261211,PRCP,0,,,a,
ASN00023718,19261212,PRCP,0,,,a,
ASN00023718,19261213,PRCP,0,,,a,
ASN00023718,19261214,PRCP,0,,,a,
ASN00023718,19261215,PRCP,0,,,a,
ASN00023718,19261216,PRCP,0,,,a,
ASN00023718,19261217,PRCP,119,,,a,
ASN00023718,19261218,PRCP,0,,,a,
ASN00023718,19261219,PRCP,0,,,a,
ASN00023718,19261220,PRCP,0,,,a,
ASN00023718,19261221,PRCP,0,,,a,
ASN00023718,19261222,PRCP,13,,,a,
ASN00023718,19261223,PRCP,0,,,a,
ASN00023718,19261224,PRCP,0,,,a,
ASN00023718,19261227,PRCP,33,,,a,
ASN00023718,19261228,PRCP,0,,,a,
ASN00023718,19261229,PRCP,0,,,a,
ASN00023718,19261230,PRCP,0,,,a,
ASN00023718,19261231,PRCP,0,,,a,
ASN00023718,19261226,DAPR,2,,,a,
ASN00023718,19261226,DWPR,1,,,a,
ASN00023718,19261226,MDPR,97,,,a,
ASN00023718,19270101,PRCP,0,,,a,
ASN00023718,19270102,PRCP,0,,,a,
ASN00023718,19270103,PRCP,0,,,a,
ASN00023718,19270104,PRCP,0,,,a,
ASN00023718,19270105,PRCP,71,,,a,
ASN00023718,19270106,PRCP,56,,,a,
ASN00023718,19270107,PRCP,0,,,a,
ASN00023718,19270108,PRCP,0,,,a,
ASN00023718,19270109,PRCP,0,,,a,
ASN00023718,19270110,PRCP,0,,,a,
ASN00023718,19270111,PRCP,0,,,a,
ASN00023718,19270112,PRCP,0,,,a,
ASN00023718,19270113,PRCP,0,,,a,
ASN00023718,19270114,PRCP,0,,,a,
ASN00023718,19270115,PRCP,0,,,a,
ASN00023718,19270116,PRCP,0,,,a,
ASN00023718,19270117,PRCP,0,,,a,
ASN00023718,19270118,PRCP,0,,,a,
ASN00023718,19270119,PRCP,0,,,a,
ASN00023718,19270120,PRCP,0,,,a,
ASN00023718,19270121,PRCP,0,,,a,
ASN00023718,19270122,PRCP,0,,,a,
ASN00023718,19270123,PRCP,0,,,a,
ASN00023718,19270124,PRCP,0,,,a,
ASN00023718,19270125,PRCP,0,,,a,
ASN00023718,19270126,PRCP,0,,,a,
ASN00023718,19270127,PRCP,0,,,a,
ASN00023718,19270128,PRCP,0,,,a,
ASN00023718,19270129,PRCP,0,,,a,
ASN00023718,19270130,PRCP,0,,,a,
ASN00023718,19270131,PRCP,0,,,a,
ASN00023718,19270201,PRCP,0,,,a,
ASN00023718,19270202,PRCP,0,,,a,
ASN00023718,19270203,PRCP,46,,,a,
ASN00023718,19270204,PRCP,0,,,a,
ASN00023718,19270205,PRCP,178,,,a,
ASN00023718,19270206,PRCP,0,,,a,
ASN00023718,19270207,PRCP,0,,,a,
ASN00023718,19270208,PRCP,0,,,a,
ASN00023718,19270209,PRCP,0,,,a,
ASN00023718,19270210,PRCP,0,,,a,
ASN00023718,19270211,PRCP,0,,,a,
ASN00023718,19270212,PRCP,0,,,a,
ASN00023718,19270213,PRCP,0,,,a,
ASN00023718,19270214,PRCP,0,,,a,
ASN00023718,19270215,PRCP,0,,,a,
ASN00023718,19270216,PRCP,0,,,a,
ASN00023718,19270217,PRCP,0,,,a,
ASN00023718,19270218,PRCP,0,,,a,
ASN00023718,19270219,PRCP,0,,,a,
ASN00023718,19270220,PRCP,0,,,a,
ASN00023718,19270221,PRCP,0,,,a,
ASN00023718,19270222,PRCP,0,,,a,
ASN00023718,19270223,PRCP,0,,,a,
ASN00023718,19270224,PRCP,76,,,a,
ASN00023718,19270225,PRCP,0,,,a,
ASN00023718,19270226,PRCP,0,,,a,
ASN00023718,19270227,PRCP,0,,,a,
ASN00023718,19270228,PRCP,0,,,a,
ASN00023718,19270301,PRCP,0,,,a,
ASN00023718,19270302,PRCP,0,,,a,
ASN00023718,19270303,PRCP,0,,,a,
ASN00023718,19270304,PRCP,0,,,a,
ASN00023718,19270305,PRCP,0,,,a,
ASN00023718,19270306,PRCP,0,,,a,
ASN00023718,19270307,PRCP,0,,,a,
ASN00023718,19270308,PRCP,38,,,a,
ASN00023718,19270309,PRCP,0,,,a,
ASN00023718,19270310,PRCP,0,,,a,
ASN00023718,19270311,PRCP,0,,,a,
ASN00023718,19270312,PRCP,0,,,a,
ASN00023718,19270313,PRCP,0,,,a,
ASN00023718,19270314,PRCP,0,,,a,
ASN00023718,19270315,PRCP,0,,,a,
ASN00023718,19270316,PRCP,0,,,a,
ASN00023718,19270317,PRCP,0,,,a,
ASN00023718,19270318,PRCP,20,,,a,
ASN00023718,19270319,PRCP,61,,,a,
ASN00023718,19270320,PRCP,0,,,a,
ASN00023718,19270321,PRCP,0,,,a,
ASN00023718,19270322,PRCP,38,,,a,
ASN00023718,19270323,PRCP,0,,,a,
ASN00023718,19270324,PRCP,0,,,a,
ASN00023718,19270325,PRCP,0,,,a,
ASN00023718,19270326,PRCP,0,,,a,
ASN00023718,19270327,PRCP,0,,,a,
ASN00023718,19270328,PRCP,0,,,a,
ASN00023718,19270329,PRCP,0,,,a,
ASN00023718,19270330,PRCP,0,,,a,
ASN00023718,19270331,PRCP,0,,,a,
ASN00023718,19270401,PRCP,0,,,a,
ASN00023718,19270402,PRCP,0,,,a,
ASN00023718,19270403,PRCP,0,,,a,
ASN00023718,19270404,PRCP,0,,,a,
ASN00023718,19270405,PRCP,0,,,a,
ASN00023718,19270406,PRCP,0,,,a,
ASN00023718,19270407,PRCP,0,,,a,
ASN00023718,19270408,PRCP,0,,,a,
ASN00023718,19270409,PRCP,0,,,a,
ASN00023718,19270410,PRCP,0,,,a,
ASN00023718,19270411,PRCP,0,,,a,
ASN00023718,19270412,PRCP,0,,,a,
ASN00023718,19270413,PRCP,0,,,a,
ASN00023718,19270414,PRCP,18,,,a,
ASN00023718,19270415,PRCP,0,,,a,
ASN00023718,19270416,PRCP,0,,,a,
ASN00023718,19270417,PRCP,0,,,a,
ASN00023718,19270418,PRCP,0,,,a,
ASN00023718,19270419,PRCP,0,,,a,
ASN00023718,19270420,PRCP,0,,,a,
ASN00023718,19270421,PRCP,8,,,a,
ASN00023718,19270422,PRCP,38,,,a,
ASN00023718,19270423,PRCP,0,,,a,
ASN00023718,19270424,PRCP,0,,,a,
ASN00023718,19270425,PRCP,0,,,a,
ASN00023718,19270426,PRCP,15,,,a,
ASN00023718,19270427,PRCP,0,,,a,
ASN00023718,19270428,PRCP,0,,,a,
ASN00023718,19270429,PRCP,13,,,a,
ASN00023718,19270430,PRCP,5,,,a,
ASN00023718,19270501,PRCP,0,,,a,
ASN00023718,19270502,PRCP,0,,,a,
ASN00023718,19270503,PRCP,23,,,a,
ASN00023718,19270504,PRCP,13,,,a,
ASN00023718,19270505,PRCP,10,,,a,
ASN00023718,19270506,PRCP,0,,,a,
ASN00023718,19270507,PRCP,0,,,a,
ASN00023718,19270508,PRCP,0,,,a,
ASN00023718,19270509,PRCP,0,,,a,
ASN00023718,19270510,PRCP,0,,,a,
ASN00023718,19270511,PRCP,10,,,a,
ASN00023718,19270512,PRCP,0,,,a,
ASN00023718,19270513,PRCP,0,,,a,
ASN00023718,19270514,PRCP,0,,,a,
ASN00023718,19270515,PRCP,0,,,a,
ASN00023718,19270516,PRCP,0,,,a,
ASN00023718,19270517,PRCP,140,,,a,
ASN00023718,19270518,PRCP,8,,,a,
ASN00023718,19270519,PRCP,0,,,a,
ASN00023718,19270520,PRCP,0,,,a,
ASN00023718,19270521,PRCP,0,,,a,
ASN00023718,19270524,PRCP,5,,,a,
ASN00023718,19270525,PRCP,89,,,a,
ASN00023718,19270526,PRCP,51,,,a,
ASN00023718,19270527,PRCP,43,,,a,
ASN00023718,19270528,PRCP,18,,,a,
ASN00023718,19270529,PRCP,0,,,a,
ASN00023718,19270530,PRCP,5,,,a,
ASN00023718,19270531,PRCP,0,,,a,
ASN00023718,19270523,DAPR,2,,,a,
ASN00023718,19270523,DWPR,1,,,a,
ASN00023718,19270523,MDPR,51,,,a,
ASN00023718,19270601,PRCP,0,,,a,
ASN00023718,19270602,PRCP,0,,,a,
ASN00023718,19270603,PRCP,0,,,a,
ASN00023718,19270604,PRCP,8,,,a,
ASN00023718,19270605,PRCP,0,,,a,
ASN00023718,19270606,PRCP,91,,,a,
ASN00023718,19270607,PRCP,20,,,a,
ASN00023718,19270608,PRCP,10,,,a,
ASN00023718,19270609,PRCP,0,,,a,
ASN00023718,19270610,PRCP,0,,,a,
ASN00023718,19270611,PRCP,0,,,a,
ASN00023718,19270612,PRCP,0,,,a,
ASN00023718,19270613,PRCP,0,,,a,
ASN00023718,19270614,PRCP,0,,,a,
ASN00023718,19270615,PRCP,15,,,a,
ASN00023718,19270616,PRCP,0,,,a,
ASN00023718,19270617,PRCP,0,,,a,
ASN00023718,19270618,PRCP,36,,,a,
ASN00023718,19270619,PRCP,0,,,a,
ASN00023718,19270620,PRCP,165,,,a,
ASN00023718,19270621,PRCP,8,,,a,
ASN00023718,19270622,PRCP,5,,,a,
ASN00023718,19270623,PRCP,0,,,a,
ASN00023718,19270624,PRCP,0,,,a,
ASN00023718,19270625,PRCP,0,,,a,
ASN00023718,19270626,PRCP,0,,,a,
ASN00023718,19270627,PRCP,0,,,a,
ASN00023718,19270628,PRCP,0,,,a,
ASN00023718,19270629,PRCP,0,,,a,
ASN00023718,19270630,PRCP,0,,,a,
ASN00023718,19270701,PRCP,0,,,a,
ASN00023718,19270702,PRCP,0,,,a,
ASN00023718,19270703,PRCP,0,,,a,
ASN00023718,19270704,PRCP,0,,,a,
ASN00023718,19270705,PRCP,0,,,a,
ASN00023718,19270706,PRCP,0,,,a,
ASN00023718,19270707,PRCP,51,,,a,
ASN00023718,19270708,PRCP,53,,,a,
ASN00023718,19270709,PRCP,18,,,a,
ASN00023718,19270710,PRCP,0,,,a,
ASN00023718,19270711,PRCP,0,,,a,
ASN00023718,19270712,PRCP,0,,,a,
ASN00023718,19270713,PRCP,0,,,a,
ASN00023718,19270714,PRCP,0,,,a,
ASN00023718,19270715,PRCP,0,,,a,
ASN00023718,19270716,PRCP,84,,,a,
ASN00023718,19270717,PRCP,0,,,a,
ASN00023718,19270718,PRCP,18,,,a,
ASN00023718,19270719,PRCP,69,,,a,
ASN00023718,19270720,PRCP,0,,,a,
ASN00023718,19270721,PRCP,206,,,a,
ASN00023718,19270722,PRCP,160,,,a,
ASN00023718,19270723,PRCP,0,,,a,
ASN00023718,19270726,PRCP,15,,,a,
ASN00023718,19270727,PRCP,0,,,a,
ASN00023718,19270728,PRCP,0,,,a,
ASN00023718,19270729,PRCP,0,,,a,
ASN00023718,19270730,PRCP,0,,,a,
ASN00023718,19270731,PRCP,0,,,a,
ASN00023718,19270725,DAPR,2,,,a,
ASN00023718,19270725,DWPR,1,,,a,
ASN00023718,19270725,MDPR,41,,,a,
ASN00023718,19270801,PRCP,84,,,a,
ASN00023718,19270802,PRCP,0,,,a,
ASN00023718,19270803,PRCP,8,,,a,
ASN00023718,19270804,PRCP,58,,,a,
ASN00023718,19270805,PRCP,91,,,a,
ASN00023718,19270806,PRCP,0,,,a,
ASN00023718,19270809,PRCP,33,,,a,
ASN00023718,19270810,PRCP,79,,,a,
ASN00023718,19270811,PRCP,0,,,a,
ASN00023718,19270812,PRCP,0,,,a,
ASN00023718,19270813,PRCP,0,,,a,
ASN00023718,19270816,PRCP,0,,,a,
ASN00023718,19270817,PRCP,0,,,a,
ASN00023718,19270818,PRCP,0,,,a,
ASN00023718,19270819,PRCP,97,,,a,
ASN00023718,19270820,PRCP,48,,,a,
ASN00023718,19270821,PRCP,28,,,a,
ASN00023718,19270822,PRCP,15,,,a,
ASN00023718,19270823,PRCP,0,,,a,
ASN00023718,19270824,PRCP,20,,,a,
ASN00023718,19270825,PRCP,0,,,a,
ASN00023718,19270826,PRCP,8,,,a,
ASN00023718,19270827,PRCP,15,,,a,
ASN00023718,19270828,PRCP,89,,,a,
ASN00023718,19270829,PRCP,0,,,a,
ASN00023718,19270830,PRCP,0,,,a,
ASN00023718,19270831,PRCP,0,,,a,
ASN00023718,19270808,DAPR,2,,,a,
ASN00023718,19270815,DAPR,2,,,a,
ASN00023718,19270808,DWPR,1,,,a,
ASN00023718,19270815,DWPR,1,,,a,
ASN00023718,19270808,MDPR,46,,,a,
ASN00023718,19270815,MDPR,43,,,a,
ASN00023718,19270901,PRCP,25,,,a,
ASN00023718,19270902,PRCP,0,,,a,
ASN00023718,19270903,PRCP,0,,,a,
ASN00023718,19270904,PRCP,0,,,a,
ASN00023718,19270905,PRCP,0,,,a,
ASN00023718,19270906,PRCP,0,,,a,
ASN00023718,19270907,PRCP,0,,,a,
ASN00023718,19270908,PRCP,51,,,a,
ASN00023718,19270909,PRCP,23,,,a,
ASN00023718,19270910,PRCP,0,,,a,
ASN00023718,19270911,PRCP,0,,,a,
ASN00023718,19270912,PRCP,0,,,a,
ASN00023718,19270913,PRCP,0,,,a,
ASN00023718,19270914,PRCP,0,,,a,
ASN00023718,19270915,PRCP,0,,,a,
ASN00023718,19270916,PRCP,0,,,a,
ASN00023718,19270917,PRCP,0,,,a,
ASN00023718,19270918,PRCP,0,,,a,
ASN00023718,19270919,PRCP,0,,,a,
ASN00023718,19270920,PRCP,0,,,a,
ASN00023718,19270921,PRCP,0,,,a,
ASN00023718,19270922,PRCP,0,,,a,
ASN00023718,19270923,PRCP,8,,,a,
ASN00023718,19270924,PRCP,89,,,a,
ASN00023718,19270925,PRCP,0,,,a,
ASN00023718,19270926,PRCP,0,,,a,
ASN00023718,19270927,PRCP,0,,,a,
ASN00023718,19270928,PRCP,0,,,a,
ASN00023718,19270929,PRCP,0,,,a,
ASN00023718,19270930,PRCP,38,,,a,
ASN00023718,19271001,PRCP,64,,,a,
ASN00023718,19271004,PRCP,0,,,a,
ASN00023718,19271005,PRCP,0,,,a,
ASN00023718,19271006,PRCP,0,,,a,
ASN00023718,19271007,PRCP,0,,,a,
ASN00023718,19271008,PRCP,0,,,a,
ASN00023718,19271009,PRCP,0,,,a,
ASN00023718,19271010,PRCP,18,,,a,
ASN00023718,19271011,PRCP,0,,,a,
ASN00023718,19271012,PRCP,0,,,a,
ASN00023718,19271013,PRCP,0,,,a,
ASN00023718,19271014,PRCP,0,,,a,
ASN00023718,19271015,PRCP,0,,,a,
ASN00023718,19271016,PRCP,0,,,a,
ASN00023718,19271017,PRCP,0,,,a,
ASN00023718,19271018,PRCP,0,,,a,
ASN00023718,19271019,PRCP,13,,,a,
ASN00023718,19271020,PRCP,0,,,a,
ASN00023718,19271021,PRCP,0,,,a,
ASN00023718,19271022,PRCP,0,,,a,
ASN00023718,19271023,PRCP,0,,,a,
ASN00023718,19271024,PRCP,0,,,a,
ASN00023718,19271025,PRCP,0,,,a,
ASN00023718,19271026,PRCP,0,,,a,
ASN00023718,19271027,PRCP,0,,,a,
ASN00023718,19271028,PRCP,0,,,a,
ASN00023718,19271029,PRCP,0,,,a,
ASN00023718,19271030,PRCP,0,,,a,
ASN00023718,19271031,PRCP,0,,,a,
ASN00023718,19271003,DAPR,2,,,a,
ASN00023718,19271003,DWPR,1,,,a,
ASN00023718,19271003,MDPR,43,,,a,
ASN00023718,19271101,PRCP,483,,,a,
ASN00023718,19271102,PRCP,13,,,a,
ASN00023718,19271103,PRCP,25,,,a,
ASN00023718,19271104,PRCP,23,,,a,
ASN00023718,19271105,PRCP,0,,,a,
ASN00023718,19271106,PRCP,0,,,a,
ASN00023718,19271107,PRCP,0,,,a,
ASN00023718,19271108,PRCP,0,,,a,
ASN00023718,19271109,PRCP,0,,,a,
ASN00023718,19271110,PRCP,0,,,a,
ASN00023718,19271111,PRCP,0,,,a,
ASN00023718,19271112,PRCP,0,,,a,
ASN00023718,19271113,PRCP,0,,,a,
ASN00023718,19271114,PRCP,0,,,a,
ASN00023718,19271115,PRCP,0,,,a,
ASN00023718,19271116,PRCP,0,,,a,
ASN00023718,19271117,PRCP,0,,,a,
ASN00023718,19271118,PRCP,0,,,a,
ASN00023718,19271119,PRCP,0,,,a,
ASN00023718,19271120,PRCP,0,,,a,
ASN00023718,19271121,PRCP,0,,,a,
ASN00023718,19271122,PRCP,0,,,a,
ASN00023718,19271123,PRCP,41,,,a,
ASN00023718,19271124,PRCP,0,,,a,
ASN00023718,19271125,PRCP,0,,,a,
ASN00023718,19271126,PRCP,0,,,a,
ASN00023718,19271127,PRCP,0,,,a,
ASN00023718,19271128,PRCP,0,,,a,
ASN00023718,19271129,PRCP,0,,,a,
ASN00023718,19271130,PRCP,0,,,a,
ASN00023718,19271201,PRCP,0,,,a,
ASN00023718,19271202,PRCP,112,,,a,
ASN00023718,19271203,PRCP,15,,,a,
ASN00023718,19271206,PRCP,0,,,a,
ASN00023718,19271207,PRCP,0,,,a,
ASN00023718,19271208,PRCP,0,,,a,
ASN00023718,19271209,PRCP,0,,,a,
ASN00023718,19271210,PRCP,0,,,a,
ASN00023718,19271211,PRCP,0,,,a,
ASN00023718,19271212,PRCP,0,,,a,
ASN00023718,19271213,PRCP,0,,,a,
ASN00023718,19271214,PRCP,0,,,a,
ASN00023718,19271215,PRCP,0,,,a,
ASN00023718,19271216,PRCP,0,,,a,
ASN00023718,19271217,PRCP,0,,,a,
ASN00023718,19271218,PRCP,0,,,a,
ASN00023718,19271219,PRCP,0,,,a,
ASN00023718,19271220,PRCP,0,,,a,
ASN00023718,19271221,PRCP,0,,,a,
ASN00023718,19271222,PRCP,0,,,a,
ASN00023718,19271223,PRCP,0,,,a,
ASN00023718,19271224,PRCP,0,,,a,
ASN00023718,19271225,PRCP,0,,,a,
ASN00023718,19271226,PRCP,0,,,a,
ASN00023718,19271227,PRCP,36,,,a,
ASN00023718,19271228,PRCP,0,,,a,
ASN00023718,19271229,PRCP,0,,,a,
ASN00023718,19271230,PRCP,0,,,a,
ASN00023718,19271231,PRCP,0,,,a,
ASN00023718,19271205,DAPR,2,,,a,
ASN00023718,19271205,DWPR,1,,,a,
ASN00023718,19271205,MDPR,25,,,a,
ASN00023718,19280101,PRCP,0,,,a,
ASN00023718,19280102,PRCP,0,,,a,
ASN00023718,19280103,PRCP,0,,,a,
ASN00023718,19280104,PRCP,0,,,a,
ASN00023718,19280105,PRCP,0,,,a,
ASN00023718,19280106,PRCP,0,,,a,
ASN00023718,19280107,PRCP,0,,,a,
ASN00023718,19280108,PRCP,0,,,a,
ASN00023718,19280109,PRCP,0,,,a,
ASN00023718,19280110,PRCP,0,,,a,
ASN00023718,19280111,PRCP,0,,,a,
ASN00023718,19280112,PRCP,0,,,a,
ASN00023718,19280113,PRCP,0,,,a,
ASN00023718,19280114,PRCP,0,,,a,
ASN00023718,19280115,PRCP,0,,,a,
ASN00023718,19280116,PRCP,0,,,a,
ASN00023718,19280117,PRCP,0,,,a,
ASN00023718,19280118,PRCP,30,,,a,
ASN00023718,19280119,PRCP,0,,,a,
ASN00023718,19280120,PRCP,0,,,a,
ASN00023718,19280121,PRCP,28,,,a,
ASN00023718,19280122,PRCP,0,,,a,
ASN00023718,19280123,PRCP,0,,,a,
ASN00023718,19280124,PRCP,25,,,a,
ASN00023718,19280125,PRCP,0,,,a,
ASN00023718,19280126,PRCP,30,,,a,
ASN00023718,19280127,PRCP,437,,,a,
ASN00023718,19280128,PRCP,8,,,a,
ASN00023718,19280129,PRCP,0,,,a,
ASN00023718,19280130,PRCP,0,,,a,
ASN00023718,19280131,PRCP,0,,,a,
ASN00023718,19280201,PRCP,33,,,a,
ASN00023718,19280202,PRCP,0,,,a,
ASN00023718,19280203,PRCP,0,,,a,
ASN00023718,19280204,PRCP,0,,,a,
ASN00023718,19280205,PRCP,0,,,a,
ASN00023718,19280206,PRCP,0,,,a,
ASN00023718,19280207,PRCP,0,,,a,
ASN00023718,19280208,PRCP,0,,,a,
ASN00023718,19280209,PRCP,0,,,a,
ASN00023718,19280210,PRCP,0,,,a,
ASN00023718,19280211,PRCP,0,,,a,
ASN00023718,19280212,PRCP,297,,,a,
ASN00023718,19280213,PRCP,0,,,a,
ASN00023718,19280214,PRCP,0,,,a,
ASN00023718,19280215,PRCP,0,,,a,
ASN00023718,19280216,PRCP,0,,,a,
ASN00023718,19280217,PRCP,0,,,a,
ASN00023718,19280218,PRCP,0,,,a,
ASN00023718,19280219,PRCP,0,,,a,
ASN00023718,19280220,PRCP,0,,,a,
ASN00023718,19280221,PRCP,0,,,a,
ASN00023718,19280222,PRCP,0,,,a,
ASN00023718,19280223,PRCP,0,,,a,
ASN00023718,19280224,PRCP,0,,,a,
ASN00023718,19280225,PRCP,0,,,a,
ASN00023718,19280226,PRCP,0,,,a,
ASN00023718,19280227,PRCP,0,,,a,
ASN00023718,19280228,PRCP,0,,,a,
ASN00023718,19280229,PRCP,0,,,a,
ASN00023718,19280301,PRCP,0,,,a,
ASN00023718,19280302,PRCP,0,,,a,
ASN00023718,19280303,PRCP,0,,,a,
ASN00023718,19280304,PRCP,0,,,a,
ASN00023718,19280305,PRCP,0,,,a,
ASN00023718,19280306,PRCP,0,,,a,
ASN00023718,19280307,PRCP,0,,,a,
ASN00023718,19280308,PRCP,0,,,a,
ASN00023718,19280309,PRCP,0,,,a,
ASN00023718,19280310,PRCP,0,,,a,
ASN00023718,19280311,PRCP,0,,,a,
ASN00023718,19280312,PRCP,0,,,a,
ASN00023718,19280313,PRCP,0,,,a,
ASN00023718,19280314,PRCP,5,,,a,
ASN00023718,19280315,PRCP,0,,,a,
ASN00023718,19280316,PRCP,0,,,a,
ASN00023718,19280317,PRCP,0,,,a,
ASN00023718,19280318,PRCP,0,,,a,
ASN00023718,19280319,PRCP,0,,,a,
ASN00023718,19280320,PRCP,142,,,a,
ASN00023718,19280321,PRCP,18,,,a,
ASN00023718,19280322,PRCP,0,,,a,
ASN00023718,19280323,PRCP,0,,,a,
ASN00023718,19280324,PRCP,0,,,a,
ASN00023718,19280327,PRCP,0,,,a,
ASN00023718,19280328,PRCP,0,,,a,
ASN00023718,19280329,PRCP,0,,,a,
ASN00023718,19280330,PRCP,0,,,a,
ASN00023718,19280331,PRCP,0,,,a,
ASN00023718,19280326,DAPR,2,,,a,
ASN00023718,19280326,DWPR,1,,,a,
ASN00023718,19280326,MDPR,224,,,a,
ASN00023718,19280401,PRCP,0,,,a,
ASN00023718,19280402,PRCP,0,,,a,
ASN00023718,19280403,PRCP,0,,,a,
ASN00023718,19280404,PRCP,0,,,a,
ASN00023718,19280405,PRCP,10,,,a,
ASN00023718,19280406,PRCP,0,,,a,
ASN00023718,19280407,PRCP,0,,,a,
ASN00023718,19280408,PRCP,0,,,a,
ASN00023718,19280409,PRCP,0,,,a,
ASN00023718,19280410,PRCP,0,,,a,
ASN00023718,19280411,PRCP,0,,,a,
ASN00023718,19280412,PRCP,0,,,a,
ASN00023718,19280413,PRCP,0,,,a,
ASN00023718,19280414,PRCP,0,,,a,
ASN00023718,19280415,PRCP,0,,,a,
ASN00023718,19280416,PRCP,0,,,a,
ASN00023718,19280417,PRCP,0,,,a,
ASN00023718,19280418,PRCP,0,,,a,
ASN00023718,19280419,PRCP,0,,,a,
ASN00023718,19280420,PRCP,0,,,a,
ASN00023718,19280421,PRCP,0,,,a,
ASN00023718,19280422,PRCP,0,,,a,
ASN00023718,19280423,PRCP,10,,,a,
ASN00023718,19280424,PRCP,91,,,a,
ASN00023718,19280425,PRCP,0,,,a,
ASN00023718,19280426,PRCP,0,,,a,
ASN00023718,19280427,PRCP,81,,,a,
ASN00023718,19280428,PRCP,0,,,a,
ASN00023718,19280429,PRCP,0,,,a,
ASN00023718,19280430,PRCP,5,,,a,
ASN00023718,19280501,PRCP,28,,,a,
ASN00023718,19280502,PRCP,69,,,a,
ASN00023718,19280503,PRCP,0,,,a,
ASN00023718,19280504,PRCP,0,,,a,
ASN00023718,19280505,PRCP,0,,,a,
ASN00023718,19280506,PRCP,0,,,a,
ASN00023718,19280507,PRCP,0,,,a,
ASN00023718,19280508,PRCP,0,,,a,
ASN00023718,19280509,PRCP,0,,,a,
ASN00023718,19280510,PRCP,0,,,a,
ASN00023718,19280511,PRCP,191,,,a,
ASN00023718,19280512,PRCP,13,,,a,
ASN00023718,19280515,PRCP,5,,,a,
ASN00023718,19280516,PRCP,18,,,a,
ASN00023718,19280517,PRCP,0,,,a,
ASN00023718,19280518,PRCP,0,,,a,
ASN00023718,19280519,PRCP,0,,,a,
ASN00023718,19280520,PRCP,0,,,a,
ASN00023718,19280521,PRCP,0,,,a,
ASN00023718,19280522,PRCP,0,,,a,
ASN00023718,19280523,PRCP,0,,,a,
ASN00023718,19280524,PRCP,0,,,a,
ASN00023718,19280525,PRCP,183,,,a,
ASN00023718,19280526,PRCP,0,,,a,
ASN00023718,19280527,PRCP,0,,,a,
ASN00023718,19280528,PRCP,0,,,a,
ASN00023718,19280529,PRCP,0,,,a,
ASN00023718,19280530,PRCP,0,,,a,
ASN00023718,19280531,PRCP,0,,,a,
ASN00023718,19280514,DAPR,2,,,a,
ASN00023718,19280514,DWPR,1,,,a,
ASN00023718,19280514,MDPR,46,,,a,
ASN00023718,19280601,PRCP,10,,,a,
ASN00023718,19280602,PRCP,0,,,a,
ASN00023718,19280605,PRCP,61,,,a,
ASN00023718,19280606,PRCP,61,,,a,
ASN00023718,19280607,PRCP,0,,,a,
ASN00023718,19280608,PRCP,0,,,a,
ASN00023718,19280609,PRCP,0,,,a,
ASN00023718,19280612,PRCP,43,,,a,
ASN00023718,19280613,PRCP,69,,,a,
ASN00023718,19280614,PRCP,8,,,a,
ASN00023718,19280615,PRCP,0,,,a,
ASN00023718,19280616,PRCP,0,,,a,
ASN00023718,19280617,PRCP,0,,,a,
ASN00023718,19280618,PRCP,0,,,a,
ASN00023718,19280619,PRCP,107,,,a,
ASN00023718,19280620,PRCP,122,,,a,
ASN00023718,19280621,PRCP,33,,,a,
ASN00023718,19280622,PRCP,8,,,a,
ASN00023718,19280623,PRCP,213,,,a,
ASN00023718,19280624,PRCP,0,,,a,
ASN00023718,19280625,PRCP,23,,,a,
ASN00023718,19280626,PRCP,25,,,a,
ASN00023718,19280627,PRCP,25,,,a,
ASN00023718,19280628,PRCP,43,,,a,
ASN00023718,19280629,PRCP,0,,,a,
ASN00023718,19280630,PRCP,8,,,a,
ASN00023718,19280604,DAPR,2,,,a,
ASN00023718,19280611,DAPR,2,,,a,
ASN00023718,19280604,DWPR,1,,,a,
ASN00023718,19280611,DWPR,1,,,a,
ASN00023718,19280604,MDPR,38,,,a,
ASN00023718,19280611,MDPR,363,,,a,
ASN00023718,19280701,PRCP,0,,,a,
ASN00023718,19280702,PRCP,0,,,a,
ASN00023718,19280703,PRCP,5,,,a,
ASN00023718,19280704,PRCP,0,,,a,
ASN00023718,19280705,PRCP,20,,,a,
ASN00023718,19280706,PRCP,10,,,a,
ASN00023718,19280707,PRCP,0,,,a,
ASN00023718,19280708,PRCP,0,,,a,
ASN00023718,19280709,PRCP,0,,,a,
ASN00023718,19280710,PRCP,0,,,a,
ASN00023718,19280711,PRCP,0,,,a,
ASN00023718,19280712,PRCP,0,,,a,
ASN00023718,19280713,PRCP,0,,,a,
ASN00023718,19280714,PRCP,0,,,a,
ASN00023718,19280717,PRCP,102,,,a,
ASN00023718,19280718,PRCP,0,,,a,
ASN00023718,19280719,PRCP,10,,,a,
ASN00023718,19280720,PRCP,18,,,a,
ASN00023718,19280721,PRCP,0,,,a,
ASN00023718,19280724,PRCP,185,,,a,
ASN00023718,19280725,PRCP,0,,,a,
ASN00023718,19280726,PRCP,0,,,a,
ASN00023718,19280727,PRCP,0,,,a,
ASN00023718,19280728,PRCP,0,,,a,
ASN00023718,19280729,PRCP,0,,,a,
ASN00023718,19280730,PRCP,0,,,a,
ASN00023718,19280731,PRCP,43,,,a,
ASN00023718,19280716,DAPR,2,,,a,
ASN00023718,19280723,DAPR,2,,,a,
ASN00023718,19280716,DWPR,1,,,a,
ASN00023718,19280723,DWPR,1,,,a,
ASN00023718,19280716,MDPR,104,,,a,
ASN00023718,19280723,MDPR,46,,,a,
ASN00023718,19280801,PRCP,0,,,a,
ASN00023718,19280802,PRCP,25,,,a,
ASN00023718,19280803,PRCP,0,,,a,
ASN00023718,19280804,PRCP,0,,,a,
ASN00023718,19280805,PRCP,0,,,a,
ASN00023718,19280806,PRCP,0,,,a,
ASN00023718,19280807,PRCP,0,,,a,
ASN00023718,19280808,PRCP,0,,,a,
ASN00023718,19280809,PRCP,0,,,a,
ASN00023718,19280810,PRCP,0,,,a,
ASN00023718,19280811,PRCP,0,,,a,
ASN00023718,19280812,PRCP,0,,,a,
ASN00023718,19280813,PRCP,0,,,a,
ASN00023718,19280814,PRCP,0,,,a,
ASN00023718,19280815,PRCP,0,,,a,
ASN00023718,19280816,PRCP,0,,,a,
ASN00023718,19280817,PRCP,0,,,a,
ASN00023718,19280818,PRCP,0,,,a,
ASN00023718,19280819,PRCP,0,,,a,
ASN00023718,19280820,PRCP,0,,,a,
ASN00023718,19280821,PRCP,0,,,a,
ASN00023718,19280822,PRCP,43,,,a,
ASN00023718,19280823,PRCP,0,,,a,
ASN00023718,19280824,PRCP,66,,,a,
ASN00023718,19280825,PRCP,0,,,a,
ASN00023718,19280826,PRCP,0,,,a,
ASN00023718,19280827,PRCP,0,,,a,
ASN00023718,19280828,PRCP,0,,,a,
ASN00023718,19280829,PRCP,0,,,a,
ASN00023718,19280830,PRCP,41,,,a,
ASN00023718,19280831,PRCP,0,,,a,
ASN00023718,19280901,PRCP,0,,,a,
ASN00023718,19280902,PRCP,15,,,a,
ASN00023718,19280903,PRCP,0,,,a,
ASN00023718,19280904,PRCP,5,,,a,
ASN00023718,19280905,PRCP,64,,,a,
ASN00023718,19280906,PRCP,0,,,a,
ASN00023718,19280907,PRCP,5,,,a,
ASN00023718,19280908,PRCP,0,,,a,
ASN00023718,19280909,PRCP,0,,,a,
ASN00023718,19280910,PRCP,0,,,a,
ASN00023718,19280911,PRCP,0,,,a,
ASN00023718,19280912,PRCP,0,,,a,
ASN00023718,19280913,PRCP,74,,,a,
ASN00023718,19280914,PRCP,0,,,a,
ASN00023718,19280915,PRCP,0,,,a,
ASN00023718,19280916,PRCP,0,,,a,
ASN00023718,19280917,PRCP,5,,,a,
ASN00023718,19280918,PRCP,0,,,a,
ASN00023718,19280919,PRCP,0,,,a,
ASN00023718,19280920,PRCP,0,,,a,
ASN00023718,19280921,PRCP,0,,,a,
ASN00023718,19280922,PRCP,8,,,a,
ASN00023718,19280925,PRCP,0,,,a,
ASN00023718,19280926,PRCP,3,,,a,
ASN00023718,19280927,PRCP,0,,,a,
ASN00023718,19280928,PRCP,0,,,a,
ASN00023718,19280929,PRCP,0,,,a,
ASN00023718,19280930,PRCP,102,,,a,
ASN00023718,19280924,DAPR,2,,,a,
ASN00023718,19280924,DWPR,1,,,a,
ASN00023718,19280924,MDPR,30,,,a,
ASN00023718,19281001,PRCP,0,,,a,
ASN00023718,19281002,PRCP,157,,,a,
ASN00023718,19281003,PRCP,58,,,a,
ASN00023718,19281004,PRCP,13,,,a,
ASN00023718,19281005,PRCP,38,,,a,
ASN00023718,19281006,PRCP,51,,,a,
ASN00023718,19281009,PRCP,0,,,a,
ASN00023718,19281010,PRCP,0,,,a,
ASN00023718,19281011,PRCP,0,,,a,
ASN00023718,19281012,PRCP,0,,,a,
ASN00023718,19281013,PRCP,0,,,a,
ASN00023718,19281016,PRCP,0,,,a,
ASN00023718,19281017,PRCP,0,,,a,
ASN00023718,19281018,PRCP,0,,,a,
ASN00023718,19281019,PRCP,13,,,a,
ASN00023718,19281020,PRCP,0,,,a,
ASN00023718,19281023,PRCP,18,,,a,
ASN00023718,19281024,PRCP,0,,,a,
ASN00023718,19281025,PRCP,23,,,a,
ASN00023718,19281026,PRCP,18,,,a,
ASN00023718,19281027,PRCP,15,,,a,
ASN00023718,19281028,PRCP,0,,,a,
ASN00023718,19281029,PRCP,0,,,a,
ASN00023718,19281030,PRCP,0,,,a,
ASN00023718,19281031,PRCP,10,,,a,
ASN00023718,19281008,DAPR,2,,,a,
ASN00023718,19281015,DAPR,2,,,a,
ASN00023718,19281022,DAPR,2,,,a,
ASN00023718,19281008,DWPR,1,,,a,
ASN00023718,19281015,DWPR,1,,,a,
ASN00023718,19281022,DWPR,1,,,a,
ASN00023718,19281008,MDPR,43,,,a,
ASN00023718,19281015,MDPR,76,,,a,
ASN00023718,19281022,MDPR,38,,,a,
ASN00023718,19281101,PRCP,0,,,a,
ASN00023718,19281102,PRCP,0,,,a,
ASN00023718,19281103,PRCP,81,,,a,
ASN00023718,19281104,PRCP,0,,,a,
ASN00023718,19281105,PRCP,13,,,a,
ASN00023718,19281106,PRCP,0,,,a,
ASN00023718,19281107,PRCP,0,,,a,
ASN00023718,19281108,PRCP,0,,,a,
ASN00023718,19281109,PRCP,0,,,a,
ASN00023718,19281110,PRCP,0,,,a,
ASN00023718,19281111,PRCP,0,,,a,
ASN00023718,19281112,PRCP,0,,,a,
ASN00023718,19281113,PRCP,0,,,a,
ASN00023718,19281114,PRCP,0,,,a,
ASN00023718,19281115,PRCP,0,,,a,
ASN00023718,19281116,PRCP,0,,,a,
ASN00023718,19281117,PRCP,0,,,a,
ASN00023718,19281118,PRCP,0,,,a,
ASN00023718,19281119,PRCP,0,,,a,
ASN00023718,19281120,PRCP,0,,,a,
ASN00023718,19281121,PRCP,0,,,a,
ASN00023718,19281122,PRCP,0,,,a,
ASN00023718,19281123,PRCP,0,,,a,
ASN00023718,19281124,PRCP,0,,,a,
ASN00023718,19281125,PRCP,0,,,a,
ASN00023718,19281126,PRCP,0,,,a,
ASN00023718,19281127,PRCP,0,,,a,
ASN00023718,19281128,PRCP,0,,,a,
ASN00023718,19281129,PRCP,0,,,a,
ASN00023718,19281130,PRCP,0,,,a,
ASN00023718,19281201,PRCP,0,,,a,
ASN00023718,19281202,PRCP,0,,,a,
ASN00023718,19281203,PRCP,0,,,a,
ASN00023718,19281204,PRCP,0,,,a,
ASN00023718,19281205,PRCP,0,,,a,
ASN00023718,19281206,PRCP,0,,,a,
ASN00023718,19281207,PRCP,0,,,a,
ASN00023718,19281208,PRCP,0,,,a,
ASN00023718,19281209,PRCP,0,,,a,
ASN00023718,19281210,PRCP,0,,,a,
ASN00023718,19281211,PRCP,0,,,a,
ASN00023718,19281212,PRCP,0,,,a,
ASN00023718,19281213,PRCP,0,,,a,
ASN00023718,19281214,PRCP,0,,,a,
ASN00023718,19281215,PRCP,0,,,a,
ASN00023718,19281216,PRCP,0,,,a,
ASN00023718,19281217,PRCP,0,,,a,
ASN00023718,19281218,PRCP,0,,,a,
ASN00023718,19281219,PRCP,0,,,a,
ASN00023718,19281220,PRCP,0,,,a,
ASN00023718,19281221,PRCP,0,,,a,
ASN00023718,19281222,PRCP,18,,,a,
ASN00023718,19281223,PRCP,0,,,a,
ASN00023718,19281224,PRCP,0,,,a,
ASN00023718,19281225,PRCP,0,,,a,
ASN00023718,19281226,PRCP,0,,,a,
ASN00023718,19281227,PRCP,0,,,a,
ASN00023718,19281228,PRCP,0,,,a,
ASN00023718,19281229,PRCP,0,,,a,
ASN00023718,19281230,PRCP,0,,,a,
ASN00023718,19281231,PRCP,0,,,a,
ASN00023718,19290101,PRCP,0,,,a,
ASN00023718,19290102,PRCP,0,,,a,
ASN00023718,19290103,PRCP,0,,,a,
ASN00023718,19290104,PRCP,0,,,a,
ASN00023718,19290105,PRCP,0,,,a,
ASN00023718,19290106,PRCP,0,,,a,
ASN00023718,19290107,PRCP,0,,,a,
ASN00023718,19290108,PRCP,0,,,a,
ASN00023718,19290109,PRCP,0,,,a,
ASN00023718,19290110,PRCP,0,,,a,
ASN00023718,19290111,PRCP,0,,,a,
ASN00023718,19290112,PRCP,0,,,a,
ASN00023718,19290113,PRCP,0,,,a,
ASN00023718,19290114,PRCP,18,,,a,
ASN00023718,19290115,PRCP,0,,,a,
ASN00023718,19290116,PRCP,0,,,a,
ASN00023718,19290117,PRCP,0,,,a,
ASN00023718,19290118,PRCP,0,,,a,
ASN00023718,19290119,PRCP,0,,,a,
ASN00023718,19290120,PRCP,0,,,a,
ASN00023718,19290121,PRCP,0,,,a,
ASN00023718,19290122,PRCP,0,,,a,
ASN00023718,19290123,PRCP,0,,,a,
ASN00023718,19290124,PRCP,0,,,a,
ASN00023718,19290125,PRCP,0,,,a,
ASN00023718,19290126,PRCP,3,,,a,
ASN00023718,19290127,PRCP,0,,,a,
ASN00023718,19290128,PRCP,0,,,a,
ASN00023718,19290129,PRCP,0,,,a,
ASN00023718,19290130,PRCP,38,,,a,
ASN00023718,19290131,PRCP,64,,,a,
ASN00023718,19290201,PRCP,0,,,a,
ASN00023718,19290202,PRCP,0,,,a,
ASN00023718,19290203,PRCP,0,,,a,
ASN00023718,19290204,PRCP,0,,,a,
ASN00023718,19290205,PRCP,0,,,a,
ASN00023718,19290206,PRCP,0,,,a,
ASN00023718,19290207,PRCP,0,,,a,
ASN00023718,19290208,PRCP,0,,,a,
ASN00023718,19290209,PRCP,0,,,a,
ASN00023718,19290210,PRCP,0,,,a,
ASN00023718,19290211,PRCP,0,,,a,
ASN00023718,19290212,PRCP,0,,,a,
ASN00023718,19290213,PRCP,0,,,a,
ASN00023718,19290214,PRCP,0,,,a,
ASN00023718,19290215,PRCP,0,,,a,
ASN00023718,19290216,PRCP,0,,,a,
ASN00023718,19290217,PRCP,0,,,a,
ASN00023718,19290218,PRCP,0,,,a,
ASN00023718,19290219,PRCP,8,,,a,
ASN00023718,19290220,PRCP,0,,,a,
ASN00023718,19290221,PRCP,0,,,a,
ASN00023718,19290222,PRCP,0,,,a,
ASN00023718,19290223,PRCP,0,,,a,
ASN00023718,19290224,PRCP,0,,,a,
ASN00023718,19290225,PRCP,0,,,a,
ASN00023718,19290226,PRCP,0,,,a,
ASN00023718,19290227,PRCP,0,,,a,
ASN00023718,19290228,PRCP,0,,,a,
ASN00023718,19290301,PRCP,0,,,a,
ASN00023718,19290302,PRCP,0,,,a,
ASN00023718,19290305,PRCP,0,,,a,
ASN00023718,19290306,PRCP,0,,,a,
ASN00023718,19290307,PRCP,0,,,a,
ASN00023718,19290308,PRCP,0,,,a,
ASN00023718,19290309,PRCP,0,,,a,
ASN00023718,19290310,PRCP,0,,,a,
ASN00023718,19290311,PRCP,0,,,a,
ASN00023718,19290312,PRCP,0,,,a,
ASN00023718,19290313,PRCP,0,,,a,
ASN00023718,19290314,PRCP,0,,,a,
ASN00023718,19290315,PRCP,0,,,a,
ASN00023718,19290316,PRCP,0,,,a,
ASN00023718,19290317,PRCP,0,,,a,
ASN00023718,19290318,PRCP,13,,,a,
ASN00023718,19290319,PRCP,0,,,a,
ASN00023718,19290320,PRCP,0,,,a,
ASN00023718,19290321,PRCP,0,,,a,
ASN00023718,19290322,PRCP,0,,,a,
ASN00023718,19290323,PRCP,0,,,a,
ASN00023718,19290324,PRCP,0,,,a,
ASN00023718,19290325,PRCP,8,,,a,
ASN00023718,19290326,PRCP,13,,,a,
ASN00023718,19290327,PRCP,30,,,a,
ASN00023718,19290328,PRCP,0,,,a,
ASN00023718,19290329,PRCP,0,,,a,
ASN00023718,19290330,PRCP,0,,,a,
ASN00023718,19290331,PRCP,0,,,a,
ASN00023718,19290304,DAPR,2,,,a,
ASN00023718,19290304,DWPR,1,,,a,
ASN00023718,19290304,MDPR,71,,,a,
ASN00023718,19290401,PRCP,0,,,a,
ASN00023718,19290402,PRCP,0,,,a,
ASN00023718,19290403,PRCP,0,,,a,
ASN00023718,19290404,PRCP,15,,,a,
ASN00023718,19290405,PRCP,0,,,a,
ASN00023718,19290406,PRCP,5,,,a,
ASN00023718,19290407,PRCP,0,,,a,
ASN00023718,19290408,PRCP,5,,,a,
ASN00023718,19290409,PRCP,0,,,a,
ASN00023718,19290410,PRCP,0,,,a,
ASN00023718,19290411,PRCP,0,,,a,
ASN00023718,19290412,PRCP,0,,,a,
ASN00023718,19290413,PRCP,0,,,a,
ASN00023718,19290414,PRCP,0,,,a,
ASN00023718,19290415,PRCP,0,,,a,
ASN00023718,19290416,PRCP,0,,,a,
ASN00023718,19290417,PRCP,0,,,a,
ASN00023718,19290418,PRCP,0,,,a,
ASN00023718,19290419,PRCP,0,,,a,
ASN00023718,19290420,PRCP,0,,,a,
ASN00023718,19290421,PRCP,0,,,a,
ASN00023718,19290422,PRCP,5,,,a,
ASN00023718,19290423,PRCP,23,,,a,
ASN00023718,19290424,PRCP,5,,,a,
ASN00023718,19290425,PRCP,18,,,a,
ASN00023718,19290426,PRCP,51,,,a,
ASN00023718,19290427,PRCP,5,,,a,
ASN00023718,19290428,PRCP,0,,,a,
ASN00023718,19290429,PRCP,0,,,a,
ASN00023718,19290430,PRCP,0,,,a,
ASN00023718,19290501,PRCP,0,,,a,
ASN00023718,19290502,PRCP,0,,,a,
ASN00023718,19290503,PRCP,0,,,a,
ASN00023718,19290504,PRCP,0,,,a,
ASN00023718,19290507,PRCP,84,,,a,
ASN00023718,19290508,PRCP,10,,,a,
ASN00023718,19290509,PRCP,38,,,a,
ASN00023718,19290510,PRCP,41,,,a,
ASN00023718,19290511,PRCP,0,,,a,
ASN00023718,19290512,PRCP,0,,,a,
ASN00023718,19290513,PRCP,0,,,a,
ASN00023718,19290514,PRCP,0,,,a,
ASN00023718,19290515,PRCP,13,,,a,
ASN00023718,19290516,PRCP,0,,,a,
ASN00023718,19290517,PRCP,0,,,a,
ASN00023718,19290518,PRCP,0,,,a,
ASN00023718,19290519,PRCP,0,,,a,
ASN00023718,19290520,PRCP,0,,,a,
ASN00023718,19290521,PRCP,25,,,a,
ASN00023718,19290522,PRCP,117,,,a,
ASN00023718,19290523,PRCP,5,,,a,
ASN00023718,19290524,PRCP,5,,,a,
ASN00023718,19290525,PRCP,0,,,a,
ASN00023718,19290528,PRCP,0,,,a,
ASN00023718,19290529,PRCP,0,,,a,
ASN00023718,19290530,PRCP,0,,,a,
ASN00023718,19290531,PRCP,0,,,a,
ASN00023718,19290506,DAPR,2,,,a,
ASN00023718,19290527,DAPR,2,,,a,
ASN00023718,19290506,DWPR,1,,,a,
ASN00023718,19290527,DWPR,1,,,a,
ASN00023718,19290506,MDPR,69,,,a,
ASN00023718,19290527,MDPR,51,,,a,
ASN00023718,19290601,PRCP,0,,,a,
ASN00023718,19290604,PRCP,127,,,a,
ASN00023718,19290605,PRCP,112,,,a,
ASN00023718,19290606,PRCP,3,,,a,
ASN00023718,19290607,PRCP,0,,,a,
ASN00023718,19290608,PRCP,3,,,a,
ASN00023718,19290609,PRCP,15,,,a,
ASN00023718,19290610,PRCP,8,,,a,
ASN00023718,19290611,PRCP,0,,,a,
ASN00023718,19290612,PRCP,46,,,a,
ASN00023718,19290613,PRCP,0,,,a,
ASN00023718,19290614,PRCP,0,,,a,
ASN00023718,19290615,PRCP,0,,,a,
ASN00023718,19290616,PRCP,0,,,a,
ASN00023718,19290617,PRCP,0,,,a,
ASN00023718,19290618,PRCP,43,,,a,
ASN00023718,19290619,PRCP,0,,,a,
ASN00023718,19290620,PRCP,0,,,a,
ASN00023718,19290621,PRCP,66,,,a,
ASN00023718,19290622,PRCP,53,,,a,
ASN00023718,19290625,PRCP,23,,,a,
ASN00023718,19290626,PRCP,71,,,a,
ASN00023718,19290627,PRCP,41,,,a,
ASN00023718,19290628,PRCP,0,,,a,
ASN00023718,19290629,PRCP,0,,,a,
ASN00023718,19290630,PRCP,0,,,a,
ASN00023718,19290603,DAPR,2,,,a,
ASN00023718,19290624,DAPR,2,,,a,
ASN00023718,19290603,DWPR,1,,,a,
ASN00023718,19290624,DWPR,1,,,a,
ASN00023718,19290603,MDPR,56,,,a,
ASN00023718,19290624,MDPR,89,,,a,
ASN00023718,19290701,PRCP,0,,,a,
ASN00023718,19290702,PRCP,10,,,a,
ASN00023718,19290703,PRCP,0,,,a,
ASN00023718,19290704,PRCP,145,,,a,
ASN00023718,19290705,PRCP,43,,,a,
ASN00023718,19290706,PRCP,25,,,a,
ASN00023718,19290707,PRCP,0,,,a,
ASN00023718,19290708,PRCP,0,,,a,
ASN00023718,19290709,PRCP,0,,,a,
ASN00023718,19290710,PRCP,43,,,a,
ASN00023718,19290711,PRCP,64,,,a,
ASN00023718,19290712,PRCP,51,,,a,
ASN00023718,19290713,PRCP,8,,,a,
ASN00023718,19290716,PRCP,0,,,a,
ASN00023718,19290717,PRCP,0,,,a,
ASN00023718,19290718,PRCP,38,,,a,
ASN00023718,19290719,PRCP,0,,,a,
ASN00023718,19290720,PRCP,0,,,a,
ASN00023718,19290723,PRCP,0,,,a,
ASN00023718,19290724,PRCP,0,,,a,
ASN00023718,19290725,PRCP,0,,,a,
ASN00023718,19290726,PRCP,64,,,a,
ASN00023718,19290727,PRCP,8,,,a,
ASN00023718,19290728,PRCP,0,,,a,
ASN00023718,19290729,PRCP,5,,,a,
ASN00023718,19290730,PRCP,0,,,a,
ASN00023718,19290731,PRCP,0,,,a,
ASN00023718,19290715,DAPR,2,,,a,
ASN00023718,19290722,DAPR,2,,,a,
ASN00023718,19290715,DWPR,1,,,a,
ASN00023718,19290722,DWPR,1,,,a,
ASN00023718,19290715,MDPR,91,,,a,
ASN00023718,19290722,MDPR,36,,,a,
ASN00023718,19290801,PRCP,0,,,a,
ASN00023718,19290802,PRCP,0,,,a,
ASN00023718,19290803,PRCP,0,,,a,
ASN00023718,19290806,PRCP,8,,,a,
ASN00023718,19290807,PRCP,0,,,a,
ASN00023718,19290808,PRCP,0,,,a,
ASN00023718,19290809,PRCP,0,,,a,
ASN00023718,19290810,PRCP,0,,,a,
ASN00023718,19290811,PRCP,0,,,a,
ASN00023718,19290812,PRCP,0,,,a,
ASN00023718,19290813,PRCP,0,,,a,
ASN00023718,19290814,PRCP,10,,,a,
ASN00023718,19290815,PRCP,53,,,a,
ASN00023718,19290816,PRCP,25,,,a,
ASN00023718,19290817,PRCP,0,,,a,
ASN00023718,19290818,PRCP,0,,,a,
ASN00023718,19290819,PRCP,0,,,a,
ASN00023718,19290820,PRCP,0,,,a,
ASN00023718,19290821,PRCP,0,,,a,
ASN00023718,19290822,PRCP,0,,,a,
ASN00023718,19290823,PRCP,76,,,a,
ASN00023718,19290824,PRCP,18,,,a,
ASN00023718,19290825,PRCP,0,,,a,
ASN00023718,19290826,PRCP,8,,,a,
ASN00023718,19290827,PRCP,0,,,a,
ASN00023718,19290828,PRCP,0,,,a,
ASN00023718,19290829,PRCP,0,,,a,
ASN00023718,19290830,PRCP,0,,,a,
ASN00023718,19290831,PRCP,38,,,a,
ASN00023718,19290805,DAPR,2,,,a,
ASN00023718,19290805,DWPR,1,,,a,
ASN00023718,19290805,MDPR,94,,,a,
ASN00023718,19290903,PRCP,0,,,a,
ASN00023718,19290904,PRCP,0,,,a,
ASN00023718,19290905,PRCP,0,,,a,
ASN00023718,19290906,PRCP,0,,,a,
ASN00023718,19290907,PRCP,5,,,a,
ASN00023718,19290908,PRCP,0,,,a,
ASN00023718,19290909,PRCP,8,,,a,
ASN00023718,19290910,PRCP,0,,,a,
ASN00023718,19290911,PRCP,0,,,a,
ASN00023718,19290912,PRCP,0,,,a,
ASN00023718,19290913,PRCP,0,,,a,
ASN00023718,19290914,PRCP,0,,,a,
ASN00023718,19290915,PRCP,0,,,a,
ASN00023718,19290916,PRCP,0,,,a,
ASN00023718,19290917,PRCP,0,,,a,
ASN00023718,19290918,PRCP,0,,,a,
ASN00023718,19290919,PRCP,0,,,a,
ASN00023718,19290920,PRCP,13,,,a,
ASN00023718,19290921,PRCP,10,,,a,
ASN00023718,19290922,PRCP,28,,,a,
ASN00023718,19290923,PRCP,0,,,a,
ASN00023718,19290924,PRCP,0,,,a,
ASN00023718,19290925,PRCP,0,,,a,
ASN00023718,19290926,PRCP,0,,,a,
ASN00023718,19290927,PRCP,160,,,a,
ASN00023718,19290928,PRCP,97,,,a,
ASN00023718,19290929,PRCP,0,,,a,
ASN00023718,19290930,PRCP,0,,,a,
ASN00023718,19290902,DAPR,2,,,a,
ASN00023718,19290902,DWPR,1,,,a,
ASN00023718,19290902,MDPR,231,,,a,
ASN00023718,19291001,PRCP,0,,,a,
ASN00023718,19291002,PRCP,13,,,a,
ASN00023718,19291003,PRCP,0,,,a,
ASN00023718,19291004,PRCP,0,,,a,
ASN00023718,19291005,PRCP,0,,,a,
ASN00023718,19291008,PRCP,30,,,a,
ASN00023718,19291009,PRCP,0,,,a,
ASN00023718,19291010,PRCP,0,,,a,
ASN00023718,19291011,PRCP,13,,,a,
ASN00023718,19291012,PRCP,0,,,a,
ASN00023718,19291013,PRCP,0,,,a,
ASN00023718,19291014,PRCP,0,,,a,
ASN00023718,19291015,PRCP,0,,,a,
ASN00023718,19291016,PRCP,0,,,a,
ASN00023718,19291017,PRCP,0,,,a,
ASN00023718,19291018,PRCP,0,,,a,
ASN00023718,19291019,PRCP,0,,,a,
ASN00023718,19291020,PRCP,0,,,a,
ASN00023718,19291021,PRCP,0,,,a,
ASN00023718,19291022,PRCP,0,,,a,
ASN00023718,19291023,PRCP,0,,,a,
ASN00023718,19291024,PRCP,0,,,a,
ASN00023718,19291025,PRCP,8,,,a,
ASN00023718,19291026,PRCP,0,,,a,
ASN00023718,19291029,PRCP,0,,,a,
ASN00023718,19291030,PRCP,0,,,a,
ASN00023718,19291031,PRCP,0,,,a,
ASN00023718,19291007,DAPR,2,,,a,
ASN00023718,19291028,DAPR,2,,,a,
ASN00023718,19291007,DWPR,1,,,a,
ASN00023718,19291028,DWPR,1,,,a,
ASN00023718,19291007,MDPR,295,,,a,
ASN00023718,19291028,MDPR,38,,,a,
ASN00023718,19291101,PRCP,0,,,a,
ASN00023718,19291102,PRCP,0,,,a,
ASN00023718,19291103,PRCP,0,,,a,
ASN00023718,19291104,PRCP,0,,,a,
ASN00023718,19291105,PRCP,8,,,a,
ASN00023718,19291106,PRCP,0,,,a,
ASN00023718,19291107,PRCP,0,,,a,
ASN00023718,19291108,PRCP,13,,,a,
ASN00023718,19291109,PRCP,0,,,a,
ASN00023718,19291110,PRCP,0,,,a,
ASN00023718,19291111,PRCP,0,,,a,
ASN00023718,19291112,PRCP,56,,,a,
ASN00023718,19291113,PRCP,56,,,a,
ASN00023718,19291114,PRCP,0,,,a,
ASN00023718,19291115,PRCP,0,,,a,
ASN00023718,19291116,PRCP,0,,,a,
ASN00023718,19291117,PRCP,0,,,a,
ASN00023718,19291118,PRCP,8,,,a,
ASN00023718,19291119,PRCP,13,,,a,
ASN00023718,19291120,PRCP,0,,,a,
ASN00023718,19291121,PRCP,0,,,a,
ASN00023718,19291122,PRCP,0,,,a,
ASN00023718,19291123,PRCP,0,,,a,
ASN00023718,19291126,PRCP,13,,,a,
ASN00023718,19291127,PRCP,0,,,a,
ASN00023718,19291128,PRCP,0,,,a,
ASN00023718,19291129,PRCP,0,,,a,
ASN00023718,19291130,PRCP,0,,,a,
ASN00023718,19291125,DAPR,2,,,a,
ASN00023718,19291125,DWPR,1,,,a,
ASN00023718,19291125,MDPR,30,,,a,
ASN00023718,19291201,PRCP,0,,,a,
ASN00023718,19291202,PRCP,18,,,a,
ASN00023718,19291203,PRCP,23,,,a,
ASN00023718,19291204,PRCP,0,,,a,
ASN00023718,19291205,PRCP,0,,,a,
ASN00023718,19291206,PRCP,0,,,a,
ASN00023718,19291207,PRCP,0,,,a,
ASN00023718,19291208,PRCP,0,,,a,
ASN00023718,19291209,PRCP,0,,,a,
ASN00023718,19291210,PRCP,0,,,a,
ASN00023718,19291211,PRCP,0,,,a,
ASN00023718,19291212,PRCP,0,,,a,
ASN00023718,19291213,PRCP,0,,,a,
ASN00023718,19291214,PRCP,0,,,a,
ASN00023718,19291215,PRCP,0,,,a,
ASN00023718,19291216,PRCP,0,,,a,
ASN00023718,19291217,PRCP,0,,,a,
ASN00023718,19291218,PRCP,0,,,a,
ASN00023718,19291219,PRCP,0,,,a,
ASN00023718,19291220,PRCP,0,,,a,
ASN00023718,19291221,PRCP,0,,,a,
ASN00023718,19291222,PRCP,0,,,a,
ASN00023718,19291223,PRCP,0,,,a,
ASN00023718,19291224,PRCP,0,,,a,
ASN00023718,19291225,PRCP,0,,,a,
ASN00023718,19291226,PRCP,13,,,a,
ASN00023718,19291227,PRCP,254,,,a,
ASN00023718,19291228,PRCP,97,,,a,
ASN00023718,19291229,PRCP,0,,,a,
ASN00023718,19291230,PRCP,0,,,a,
ASN00023718,19291231,PRCP,13,,,a,
ASN00023718,19300101,PRCP,0,,,a,
ASN00023718,19300102,PRCP,0,,,a,
ASN00023718,19300103,PRCP,0,,,a,
ASN00023718,19300104,PRCP,0,,,a,
ASN00023718,19300105,PRCP,0,,,a,
ASN00023718,19300106,PRCP,0,,,a,
ASN00023718,19300107,PRCP,0,,,a,
ASN00023718,19300108,PRCP,0,,,a,
ASN00023718,19300109,PRCP,0,,,a,
ASN00023718,19300110,PRCP,0,,,a,
ASN00023718,19300111,PRCP,0,,,a,
ASN00023718,19300112,PRCP,0,,,a,
ASN00023718,19300113,PRCP,0,,,a,
ASN00023718,19300114,PRCP,0,,,a,
ASN00023718,19300115,PRCP,0,,,a,
ASN00023718,19300116,PRCP,0,,,a,
ASN00023718,19300117,PRCP,0,,,a,
ASN00023718,19300118,PRCP,0,,,a,
ASN00023718,19300119,PRCP,0,,,a,
ASN00023718,19300120,PRCP,0,,,a,
ASN00023718,19300121,PRCP,0,,,a,
ASN00023718,19300122,PRCP,0,,,a,
ASN00023718,19300123,PRCP,0,,,a,
ASN00023718,19300124,PRCP,0,,,a,
ASN00023718,19300125,PRCP,0,,,a,
ASN00023718,19300126,PRCP,0,,,a,
ASN00023718,19300127,PRCP,0,,,a,
ASN00023718,19300128,PRCP,0,,,a,
ASN00023718,19300129,PRCP,0,,,a,
ASN00023718,19300130,PRCP,0,,,a,
ASN00023718,19300131,PRCP,0,,,a,
ASN00023718,19300201,PRCP,0,,,a,
ASN00023718,19300202,PRCP,0,,,a,
ASN00023718,19300203,PRCP,0,,,a,
ASN00023718,19300204,PRCP,0,,,a,
ASN00023718,19300205,PRCP,0,,,a,
ASN00023718,19300206,PRCP,0,,,a,
ASN00023718,19300207,PRCP,0,,,a,
ASN00023718,19300208,PRCP,25,,,a,
ASN00023718,19300209,PRCP,0,,,a,
ASN00023718,19300210,PRCP,0,,,a,
ASN00023718,19300211,PRCP,0,,,a,
ASN00023718,19300212,PRCP,0,,,a,
ASN00023718,19300213,PRCP,0,,,a,
ASN00023718,19300214,PRCP,0,,,a,
ASN00023718,19300215,PRCP,0,,,a,
ASN00023718,19300216,PRCP,0,,,a,
ASN00023718,19300217,PRCP,0,,,a,
ASN00023718,19300218,PRCP,0,,,a,
ASN00023718,19300219,PRCP,0,,,a,
ASN00023718,19300220,PRCP,20,,,a,
ASN00023718,19300221,PRCP,203,,,a,
ASN00023718,19300222,PRCP,8,,,a,
ASN00023718,19300223,PRCP,0,,,a,
ASN00023718,19300224,PRCP,8,,,a,
ASN00023718,19300225,PRCP,0,,,a,
ASN00023718,19300226,PRCP,0,,,a,
ASN00023718,19300227,PRCP,0,,,a,
ASN00023718,19300228,PRCP,0,,,a,
ASN00023718,19300301,PRCP,0,,,a,
ASN00023718,19300302,PRCP,0,,,a,
ASN00023718,19300303,PRCP,0,,,a,
ASN00023718,19300304,PRCP,0,,,a,
ASN00023718,19300305,PRCP,0,,,a,
ASN00023718,19300306,PRCP,0,,,a,
ASN00023718,19300307,PRCP,0,,,a,
ASN00023718,19300308,PRCP,0,,,a,
ASN00023718,19300309,PRCP,0,,,a,
ASN00023718,19300310,PRCP,0,,,a,
ASN00023718,19300311,PRCP,0,,,a,
ASN00023718,19300312,PRCP,10,,,a,
ASN00023718,19300313,PRCP,13,,,a,
ASN00023718,19300314,PRCP,0,,,a,
ASN00023718,19300315,PRCP,0,,,a,
ASN00023718,19300316,PRCP,0,,,a,
ASN00023718,19300317,PRCP,5,,,a,
ASN00023718,19300318,PRCP,0,,,a,
ASN00023718,19300319,PRCP,0,,,a,
ASN00023718,19300320,PRCP,0,,,a,
ASN00023718,19300321,PRCP,0,,,a,
ASN00023718,19300322,PRCP,0,,,a,
ASN00023718,19300323,PRCP,0,,,a,
ASN00023718,19300324,PRCP,0,,,a,
ASN00023718,19300325,PRCP,0,,,a,
ASN00023718,19300326,PRCP,0,,,a,
ASN00023718,19300327,PRCP,0,,,a,
ASN00023718,19300328,PRCP,0,,,a,
ASN00023718,19300329,PRCP,0,,,a,
ASN00023718,19300330,PRCP,0,,,a,
ASN00023718,19300331,PRCP,5,,,a,
ASN00023718,19300401,PRCP,8,,,a,
ASN00023718,19300402,PRCP,0,,,a,
ASN00023718,19300403,PRCP,0,,,a,
ASN00023718,19300404,PRCP,0,,,a,
ASN00023718,19300405,PRCP,0,,,a,
ASN00023718,19300406,PRCP,0,,,a,
ASN00023718,19300407,PRCP,0,,,a,
ASN00023718,19300408,PRCP,0,,,a,
ASN00023718,19300409,PRCP,0,,,a,
ASN00023718,19300410,PRCP,30,,,a,
ASN00023718,19300411,PRCP,41,,,a,
ASN00023718,19300412,PRCP,3,,,a,
ASN00023718,19300413,PRCP,0,,,a,
ASN00023718,19300414,PRCP,0,,,a,
ASN00023718,19300415,PRCP,0,,,a,
ASN00023718,19300416,PRCP,0,,,a,
ASN00023718,19300417,PRCP,0,,,a,
ASN00023718,19300418,PRCP,0,,,a,
ASN00023718,19300419,PRCP,0,,,a,
ASN00023718,19300422,PRCP,0,,,a,
ASN00023718,19300423,PRCP,117,,,a,
ASN00023718,19300424,PRCP,30,,,a,
ASN00023718,19300425,PRCP,15,,,a,
ASN00023718,19300426,PRCP,0,,,a,
ASN00023718,19300427,PRCP,0,,,a,
ASN00023718,19300428,PRCP,15,,,a,
ASN00023718,19300429,PRCP,0,,,a,
ASN00023718,19300430,PRCP,0,,,a,
ASN00023718,19300421,DAPR,2,,,a,
ASN00023718,19300421,DWPR,1,,,a,
ASN00023718,19300421,MDPR,30,,,a,
ASN00023718,19300501,PRCP,0,,,a,
ASN00023718,19300502,PRCP,0,,,a,
ASN00023718,19300503,PRCP,0,,,a,
ASN00023718,19300504,PRCP,0,,,a,
ASN00023718,19300505,PRCP,0,,,a,
ASN00023718,19300506,PRCP,0,,,a,
ASN00023718,19300507,PRCP,0,,,a,
ASN00023718,19300508,PRCP,8,,,a,
ASN00023718,19300509,PRCP,0,,,a,
ASN00023718,19300510,PRCP,5,,,a,
ASN00023718,19300511,PRCP,0,,,a,
ASN00023718,19300512,PRCP,13,,,a,
ASN00023718,19300513,PRCP,36,,,a,
ASN00023718,19300514,PRCP,0,,,a,
ASN00023718,19300515,PRCP,0,,,a,
ASN00023718,19300516,PRCP,0,,,a,
ASN00023718,19300517,PRCP,0,,,a,
ASN00023718,19300518,PRCP,0,,,a,
ASN00023718,19300519,PRCP,8,,,a,
ASN00023718,19300520,PRCP,0,,,a,
ASN00023718,19300521,PRCP,0,,,a,
ASN00023718,19300522,PRCP,0,,,a,
ASN00023718,19300523,PRCP,0,,,a,
ASN00023718,19300524,PRCP,0,,,a,
ASN00023718,19300525,PRCP,0,,,a,
ASN00023718,19300526,PRCP,0,,,a,
ASN00023718,19300527,PRCP,0,,,a,
ASN00023718,19300528,PRCP,0,,,a,
ASN00023718,19300529,PRCP,0,,,a,
ASN00023718,19300530,PRCP,0,,,a,
ASN00023718,19300531,PRCP,0,,,a,
ASN00023718,19300601,PRCP,0,,,a,
ASN00023718,19300602,PRCP,0,,,a,
ASN00023718,19300603,PRCP,0,,,a,
ASN00023718,19300604,PRCP,0,,,a,
ASN00023718,19300605,PRCP,0,,,a,
ASN00023718,19300606,PRCP,0,,,a,
ASN00023718,19300607,PRCP,58,,,a,
ASN00023718,19300608,PRCP,0,,,a,
ASN00023718,19300609,PRCP,8,,,a,
ASN00023718,19300610,PRCP,0,,,a,
ASN00023718,19300611,PRCP,0,,,a,
ASN00023718,19300612,PRCP,0,,,a,
ASN00023718,19300613,PRCP,0,,,a,
ASN00023718,19300614,PRCP,20,,,a,
ASN00023718,19300617,PRCP,15,,,a,
ASN00023718,19300618,PRCP,0,,,a,
ASN00023718,19300619,PRCP,0,,,a,
ASN00023718,19300620,PRCP,0,,,a,
ASN00023718,19300621,PRCP,15,,,a,
ASN00023718,19300622,PRCP,0,,,a,
ASN00023718,19300623,PRCP,0,,,a,
ASN00023718,19300624,PRCP,0,,,a,
ASN00023718,19300625,PRCP,0,,,a,
ASN00023718,19300626,PRCP,0,,,a,
ASN00023718,19300627,PRCP,43,,,a,
ASN00023718,19300628,PRCP,0,,,a,
ASN00023718,19300629,PRCP,188,,,a,
ASN00023718,19300630,PRCP,3,,,a,
ASN00023718,19300616,DAPR,2,,,a,
ASN00023718,19300616,DWPR,1,,,a,
ASN00023718,19300616,MDPR,79,,,a,
ASN00023718,19300701,PRCP,20,,,a,
ASN00023718,19300702,PRCP,127,,,a,
ASN00023718,19300703,PRCP,112,,,a,
ASN00023718,19300704,PRCP,0,,,a,
ASN00023718,19300705,PRCP,20,,,a,
ASN00023718,19300706,PRCP,0,,,a,
ASN00023718,19300707,PRCP,8,,,a,
ASN00023718,19300708,PRCP,23,,,a,
ASN00023718,19300709,PRCP,0,,,a,
ASN00023718,19300710,PRCP,15,,,a,
ASN00023718,19300711,PRCP,43,,,a,
ASN00023718,19300712,PRCP,86,,,a,
ASN00023718,19300713,PRCP,0,,,a,
ASN00023718,19300714,PRCP,5,,,a,
ASN00023718,19300715,PRCP,0,,,a,
ASN00023718,19300716,PRCP,13,,,a,
ASN00023718,19300717,PRCP,41,,,a,
ASN00023718,19300718,PRCP,0,,,a,
ASN00023718,19300719,PRCP,8,,,a,
ASN00023718,19300720,PRCP,0,,,a,
ASN00023718,19300721,PRCP,8,,,a,
ASN00023718,19300722,PRCP,0,,,a,
ASN00023718,19300723,PRCP,0,,,a,
ASN00023718,19300724,PRCP,0,,,a,
ASN00023718,19300725,PRCP,0,,,a,
ASN00023718,19300726,PRCP,0,,,a,
ASN00023718,19300727,PRCP,0,,,a,
ASN00023718,19300728,PRCP,23,,,a,
ASN00023718,19300729,PRCP,0,,,a,
ASN00023718,19300730,PRCP,8,,,a,
ASN00023718,19300731,PRCP,53,,,a,
ASN00023718,19300801,PRCP,28,,,a,
ASN00023718,19300802,PRCP,127,,,a,
ASN00023718,19300805,PRCP,0,,,a,
ASN00023718,19300806,PRCP,5,,,a,
ASN00023718,19300807,PRCP,8,,,a,
ASN00023718,19300808,PRCP,38,,,a,
ASN00023718,19300809,PRCP,48,,,a,
ASN00023718,19300810,PRCP,0,,,a,
ASN00023718,19300811,PRCP,8,,,a,
ASN00023718,19300812,PRCP,0,,,a,
ASN00023718,19300813,PRCP,43,,,a,
ASN00023718,19300814,PRCP,84,,,a,
ASN00023718,19300815,PRCP,0,,,a,
ASN00023718,19300816,PRCP,0,,,a,
ASN00023718,19300817,PRCP,0,,,a,
ASN00023718,19300818,PRCP,20,,,a,
ASN00023718,19300819,PRCP,0,,,a,
ASN00023718,19300820,PRCP,13,,,a,
ASN00023718,19300821,PRCP,0,,,a,
ASN00023718,19300822,PRCP,0,,,a,
ASN00023718,19300823,PRCP,0,,,a,
ASN00023718,19300824,PRCP,0,,,a,
ASN00023718,19300825,PRCP,0,,,a,
ASN00023718,19300826,PRCP,0,,,a,
ASN00023718,19300827,PRCP,76,,,a,
ASN00023718,19300828,PRCP,0,,,a,
ASN00023718,19300829,PRCP,0,,,a,
ASN00023718,19300830,PRCP,0,,,a,
ASN00023718,19300831,PRCP,97,,,a,
ASN00023718,19300804,DAPR,2,,,a,
ASN00023718,19300804,DWPR,1,,,a,
ASN00023718,19300804,MDPR,38,,,a,
ASN00023718,19300901,PRCP,97,,,a,
ASN00023718,19300902,PRCP,69,,,a,
ASN00023718,19300903,PRCP,0,,,a,
ASN00023718,19300904,PRCP,0,,,a,
ASN00023718,19300905,PRCP,0,,,a,
ASN00023718,19300906,PRCP,20,,,a,
ASN00023718,19300907,PRCP,0,,,a,
ASN00023718,19300908,PRCP,0,,,a,
ASN00023718,19300909,PRCP,51,,,a,
ASN00023718,19300910,PRCP,8,,,a,
ASN00023718,19300911,PRCP,0,,,a,
ASN00023718,19300912,PRCP,0,,,a,
ASN00023718,19300913,PRCP,18,,,a,
ASN00023718,19300914,PRCP,0,,,a,
ASN00023718,19300915,PRCP,0,,,a,
ASN00023718,19300916,PRCP,0,,,a,
ASN00023718,19300917,PRCP,36,,,a,
ASN00023718,19300918,PRCP,0,,,a,
ASN00023718,19300919,PRCP,8,,,a,
ASN00023718,19300920,PRCP,0,,,a,
ASN00023718,19300921,PRCP,0,,,a,
ASN00023718,19300922,PRCP,5,,,a,
ASN00023718,19300923,PRCP,46,,,a,
ASN00023718,19300924,PRCP,13,,,a,
ASN00023718,19300925,PRCP,0,,,a,
ASN00023718,19300926,PRCP,0,,,a,
ASN00023718,19300927,PRCP,0,,,a,
ASN00023718,19300928,PRCP,0,,,a,
ASN00023718,19300929,PRCP,0,,,a,
ASN00023718,19300930,PRCP,0,,,a,
ASN00023718,19301001,PRCP,0,,,a,
ASN00023718,19301002,PRCP,0,,,a,
ASN00023718,19301003,PRCP,0,,,a,
ASN00023718,19301004,PRCP,0,,,a,
ASN00023718,19301007,PRCP,0,,,a,
ASN00023718,19301008,PRCP,0,,,a,
ASN00023718,19301009,PRCP,0,,,a,
ASN00023718,19301010,PRCP,0,,,a,
ASN00023718,19301011,PRCP,198,,,a,
ASN00023718,19301014,PRCP,0,,,a,
ASN00023718,19301015,PRCP,0,,,a,
ASN00023718,19301016,PRCP,0,,,a,
ASN00023718,19301017,PRCP,0,,,a,
ASN00023718,19301018,PRCP,0,,,a,
ASN00023718,19301019,PRCP,0,,,a,
ASN00023718,19301020,PRCP,25,,,a,
ASN00023718,19301021,PRCP,13,,,a,
ASN00023718,19301022,PRCP,0,,,a,
ASN00023718,19301023,PRCP,38,,,a,
ASN00023718,19301024,PRCP,79,,,a,
ASN00023718,19301025,PRCP,0,,,a,
ASN00023718,19301026,PRCP,0,,,a,
ASN00023718,19301027,PRCP,0,,,a,
ASN00023718,19301028,PRCP,0,,,a,
ASN00023718,19301029,PRCP,5,,,a,
ASN00023718,19301030,PRCP,0,,,a,
ASN00023718,19301031,PRCP,0,,,a,
ASN00023718,19301006,DAPR,2,,,a,
ASN00023718,19301013,DAPR,2,,,a,
ASN00023718,19301006,DWPR,1,,,a,
ASN00023718,19301013,DWPR,1,,,a,
ASN00023718,19301006,MDPR,165,,,a,
ASN00023718,19301013,MDPR,61,,,a,
ASN00023718,19301101,PRCP,0,,,a,
ASN00023718,19301102,PRCP,3,,,a,
ASN00023718,19301103,PRCP,0,,,a,
ASN00023718,19301104,PRCP,20,,,a,
ASN00023718,19301105,PRCP,13,,,a,
ASN00023718,19301106,PRCP,0,,,a,
ASN00023718,19301107,PRCP,0,,,a,
ASN00023718,19301108,PRCP,0,,,a,
ASN00023718,19301109,PRCP,0,,,a,
ASN00023718,19301110,PRCP,18,,,a,
ASN00023718,19301111,PRCP,0,,,a,
ASN00023718,19301112,PRCP,0,,,a,
ASN00023718,19301113,PRCP,0,,,a,
ASN00023718,19301114,PRCP,0,,,a,
ASN00023718,19301115,PRCP,0,,,a,
ASN00023718,19301118,PRCP,0,,,a,
ASN00023718,19301119,PRCP,0,,,a,
ASN00023718,19301120,PRCP,0,,,a,
ASN00023718,19301121,PRCP,0,,,a,
ASN00023718,19301122,PRCP,0,,,a,
ASN00023718,19301123,PRCP,0,,,a,
ASN00023718,19301124,PRCP,18,,,a,
ASN00023718,19301125,PRCP,0,,,a,
ASN00023718,19301126,PRCP,0,,,a,
ASN00023718,19301127,PRCP,0,,,a,
ASN00023718,19301128,PRCP,0,,,a,
ASN00023718,19301129,PRCP,0,,,a,
ASN00023718,19301130,PRCP,0,,,a,
ASN00023718,19301117,DAPR,2,,,a,
ASN00023718,19301117,DWPR,1,,,a,
ASN00023718,19301117,MDPR,36,,,a,
ASN00023718,19301201,PRCP,0,,,a,
ASN00023718,19301202,PRCP,0,,,a,
ASN00023718,19301203,PRCP,0,,,a,
ASN00023718,19301204,PRCP,0,,,a,
ASN00023718,19301205,PRCP,61,,,a,
ASN00023718,19301206,PRCP,0,,,a,
ASN00023718,19301207,PRCP,0,,,a,
ASN00023718,19301208,PRCP,0,,,a,
ASN00023718,19301209,PRCP,0,,,a,
ASN00023718,19301210,PRCP,0,,,a,
ASN00023718,19301211,PRCP,0,,,a,
ASN00023718,19301212,PRCP,0,,,a,
ASN00023718,19301213,PRCP,0,,,a,
ASN00023718,19301214,PRCP,0,,,a,
ASN00023718,19301215,PRCP,0,,,a,
ASN00023718,19301216,PRCP,0,,,a,
ASN00023718,19301217,PRCP,0,,,a,
ASN00023718,19301218,PRCP,0,,,a,
ASN00023718,19301219,PRCP,0,,,a,
ASN00023718,19301220,PRCP,0,,,a,
ASN00023718,19301221,PRCP,0,,,a,
ASN00023718,19301222,PRCP,0,,,a,
ASN00023718,19301223,PRCP,0,,,a,
ASN00023718,19301224,PRCP,0,,,a,
ASN00023718,19301227,PRCP,0,,,a,
ASN00023718,19301228,PRCP,0,,,a,
ASN00023718,19301229,PRCP,0,,,a,
ASN00023718,19301230,PRCP,0,,,a,
ASN00023718,19301231,PRCP,0,,,a,
ASN00023718,19301226,DAPR,2,,,a,
ASN00023718,19301226,DWPR,1,,,a,
ASN00023718,19301226,MDPR,58,,,a,
ASN00023718,19310103,PRCP,13,,,a,
ASN00023718,19310104,PRCP,0,,,a,
ASN00023718,19310105,PRCP,0,,,a,
ASN00023718,19310106,PRCP,0,,,a,
ASN00023718,19310107,PRCP,0,,,a,
ASN00023718,19310108,PRCP,0,,,a,
ASN00023718,19310109,PRCP,0,,,a,
ASN00023718,19310110,PRCP,0,,,a,
ASN00023718,19310111,PRCP,0,,,a,
ASN00023718,19310112,PRCP,0,,,a,
ASN00023718,19310113,PRCP,0,,,a,
ASN00023718,19310114,PRCP,0,,,a,
ASN00023718,19310115,PRCP,0,,,a,
ASN00023718,19310116,PRCP,0,,,a,
ASN00023718,19310117,PRCP,0,,,a,
ASN00023718,19310118,PRCP,0,,,a,
ASN00023718,19310119,PRCP,8,,,a,
ASN00023718,19310120,PRCP,0,,,a,
ASN00023718,19310121,PRCP,0,,,a,
ASN00023718,19310122,PRCP,0,,,a,
ASN00023718,19310123,PRCP,0,,,a,
ASN00023718,19310124,PRCP,46,,,a,
ASN00023718,19310125,PRCP,0,,,a,
ASN00023718,19310126,PRCP,20,,,a,
ASN00023718,19310127,PRCP,0,,,a,
ASN00023718,19310128,PRCP,0,,,a,
ASN00023718,19310129,PRCP,0,,,a,
ASN00023718,19310130,PRCP,0,,,a,
ASN00023718,19310131,PRCP,0,,,a,
ASN00023718,19310102,DAPR,2,,,a,
ASN00023718,19310102,DWPR,1,,,a,
ASN00023718,19310102,MDPR,28,,,a,
ASN00023718,19310201,PRCP,0,,,a,
ASN00023718,19310202,PRCP,8,,,a,
ASN00023718,19310203,PRCP,0,,,a,
ASN00023718,19310204,PRCP,0,,,a,
ASN00023718,19310205,PRCP,0,,,a,
ASN00023718,19310206,PRCP,0,,,a,
ASN00023718,19310207,PRCP,0,,,a,
ASN00023718,19310208,PRCP,0,,,a,
ASN00023718,19310209,PRCP,0,,,a,
ASN00023718,19310210,PRCP,0,,,a,
ASN00023718,19310211,PRCP,0,,,a,
ASN00023718,19310212,PRCP,0,,,a,
ASN00023718,19310213,PRCP,0,,,a,
ASN00023718,19310214,PRCP,0,,,a,
ASN00023718,19310215,PRCP,0,,,a,
ASN00023718,19310216,PRCP,0,,,a,
ASN00023718,19310217,PRCP,0,,,a,
ASN00023718,19310218,PRCP,0,,,a,
ASN00023718,19310219,PRCP,0,,,a,
ASN00023718,19310220,PRCP,0,,,a,
ASN00023718,19310221,PRCP,0,,,a,
ASN00023718,19310222,PRCP,0,,,a,
ASN00023718,19310223,PRCP,0,,,a,
ASN00023718,19310224,PRCP,0,,,a,
ASN00023718,19310225,PRCP,0,,,a,
ASN00023718,19310226,PRCP,5,,,a,
ASN00023718,19310227,PRCP,0,,,a,
ASN00023718,19310228,PRCP,0,,,a,
ASN00023718,19310301,PRCP,0,,,a,
ASN00023718,19310302,PRCP,0,,,a,
ASN00023718,19310303,PRCP,0,,,a,
ASN00023718,19310304,PRCP,15,,,a,
ASN00023718,19310305,PRCP,0,,,a,
ASN00023718,19310306,PRCP,0,,,a,
ASN00023718,19310307,PRCP,0,,,a,
ASN00023718,19310308,PRCP,0,,,a,
ASN00023718,19310309,PRCP,0,,,a,
ASN00023718,19310310,PRCP,0,,,a,
ASN00023718,19310311,PRCP,0,,,a,
ASN00023718,19310312,PRCP,0,,,a,
ASN00023718,19310313,PRCP,33,,,a,
ASN00023718,19310314,PRCP,0,,,a,
ASN00023718,19310315,PRCP,0,,,a,
ASN00023718,19310316,PRCP,0,,,a,
ASN00023718,19310317,PRCP,0,,,a,
ASN00023718,19310318,PRCP,0,,,a,
ASN00023718,19310319,PRCP,0,,,a,
ASN00023718,19310320,PRCP,15,,,a,
ASN00023718,19310321,PRCP,119,,,a,
ASN00023718,19310322,PRCP,0,,,a,
ASN00023718,19310323,PRCP,15,,,a,
ASN00023718,19310324,PRCP,0,,,a,
ASN00023718,19310325,PRCP,0,,,a,
ASN00023718,19310326,PRCP,0,,,a,
ASN00023718,19310327,PRCP,0,,,a,
ASN00023718,19310328,PRCP,0,,,a,
ASN00023718,19310329,PRCP,0,,,a,
ASN00023718,19310330,PRCP,0,,,a,
ASN00023718,19310331,PRCP,0,,,a,
ASN00023718,19310401,PRCP,0,,,a,
ASN00023718,19310402,PRCP,43,,,a,
ASN00023718,19310403,PRCP,0,,,a,
ASN00023718,19310404,PRCP,8,,,a,
ASN00023718,19310405,PRCP,0,,,a,
ASN00023718,19310406,PRCP,0,,,a,
ASN00023718,19310407,PRCP,8,,,a,
ASN00023718,19310408,PRCP,0,,,a,
ASN00023718,19310409,PRCP,0,,,a,
ASN00023718,19310410,PRCP,0,,,a,
ASN00023718,19310411,PRCP,0,,,a,
ASN00023718,19310412,PRCP,0,,,a,
ASN00023718,19310413,PRCP,0,,,a,
ASN00023718,19310414,PRCP,33,,,a,
ASN00023718,19310415,PRCP,0,,,a,
ASN00023718,19310416,PRCP,3,,,a,
ASN00023718,19310417,PRCP,0,,,a,
ASN00023718,19310418,PRCP,0,,,a,
ASN00023718,19310419,PRCP,0,,,a,
ASN00023718,19310420,PRCP,0,,,a,
ASN00023718,19310421,PRCP,0,,,a,
ASN00023718,19310422,PRCP,0,,,a,
ASN00023718,19310423,PRCP,0,,,a,
ASN00023718,19310424,PRCP,0,,,a,
ASN00023718,19310425,PRCP,0,,,a,
ASN00023718,19310426,PRCP,0,,,a,
ASN00023718,19310427,PRCP,0,,,a,
ASN00023718,19310428,PRCP,30,,,a,
ASN00023718,19310429,PRCP,64,,,a,
ASN00023718,19310430,PRCP,15,,,a,
ASN00023718,19310501,PRCP,8,,,a,
ASN00023718,19310502,PRCP,13,,,a,
ASN00023718,19310503,PRCP,0,,,a,
ASN00023718,19310504,PRCP,8,,,a,
ASN00023718,19310505,PRCP,0,,,a,
ASN00023718,19310506,PRCP,0,,,a,
ASN00023718,19310507,PRCP,185,,,a,
ASN00023718,19310508,PRCP,18,,,a,
ASN00023718,19310509,PRCP,0,,,a,
ASN00023718,19310512,PRCP,0,,,a,
ASN00023718,19310513,PRCP,0,,,a,
ASN00023718,19310514,PRCP,69,,,a,
ASN00023718,19310515,PRCP,58,,,a,
ASN00023718,19310516,PRCP,0,,,a,
ASN00023718,19310517,PRCP,0,,,a,
ASN00023718,19310518,PRCP,0,,,a,
ASN00023718,19310519,PRCP,0,,,a,
ASN00023718,19310520,PRCP,20,,,a,
ASN00023718,19310521,PRCP,15,,,a,
ASN00023718,19310522,PRCP,18,,,a,
ASN00023718,19310523,PRCP,8,,,a,
ASN00023718,19310526,PRCP,323,,,a,
ASN00023718,19310527,PRCP,8,,,a,
ASN00023718,19310528,PRCP,0,,,a,
ASN00023718,19310529,PRCP,10,,,a,
ASN00023718,19310530,PRCP,69,,,a,
ASN00023718,19310531,PRCP,0,,,a,
ASN00023718,19310511,DAPR,2,,,a,
ASN00023718,19310525,DAPR,2,,,a,
ASN00023718,19310511,DWPR,1,,,a,
ASN00023718,19310525,DWPR,1,,,a,
ASN00023718,19310511,MDPR,58,,,a,
ASN00023718,19310525,MDPR,41,,,a,
ASN00023718,19310601,PRCP,0,,,a,
ASN00023718,19310602,PRCP,0,,,a,
ASN00023718,19310603,PRCP,0,,,a,
ASN00023718,19310604,PRCP,0,,,a,
ASN00023718,19310605,PRCP,0,,,a,
ASN00023718,19310606,PRCP,0,,,a,
ASN00023718,19310607,PRCP,0,,,a,
ASN00023718,19310608,PRCP,0,,,a,
ASN00023718,19310609,PRCP,18,,,a,
ASN00023718,19310610,PRCP,28,,,a,
ASN00023718,19310611,PRCP,43,,,a,
ASN00023718,19310612,PRCP,13,,,a,
ASN00023718,19310613,PRCP,0,,,a,
ASN00023718,19310616,PRCP,13,,,a,
ASN00023718,19310617,PRCP,0,,,a,
ASN00023718,19310618,PRCP,43,,,a,
ASN00023718,19310619,PRCP,61,,,a,
ASN00023718,19310620,PRCP,38,,,a,
ASN00023718,19310621,PRCP,0,,,a,
ASN00023718,19310622,PRCP,10,,,a,
ASN00023718,19310623,PRCP,5,,,a,
ASN00023718,19310624,PRCP,0,,,a,
ASN00023718,19310625,PRCP,122,,,a,
ASN00023718,19310626,PRCP,5,,,a,
ASN00023718,19310627,PRCP,0,,,a,
ASN00023718,19310630,PRCP,38,,,a,
ASN00023718,19310615,DAPR,2,,,a,
ASN00023718,19310629,DAPR,2,,,a,
ASN00023718,19310615,DWPR,1,,,a,
ASN00023718,19310629,DWPR,1,,,a,
ASN00023718,19310615,MDPR,97,,,a,
ASN00023718,19310629,MDPR,89,,,a,
ASN00023718,19310701,PRCP,76,,,a,
ASN00023718,19310702,PRCP,0,,,a,
ASN00023718,19310703,PRCP,89,,,a,
ASN00023718,19310704,PRCP,89,,,a,
ASN00023718,19310707,PRCP,51,,,a,
ASN00023718,19310708,PRCP,13,,,a,
ASN00023718,19310709,PRCP,0,,,a,
ASN00023718,19310710,PRCP,15,,,a,
ASN00023718,19310711,PRCP,30,,,a,
ASN00023718,19310714,PRCP,30,,,a,
ASN00023718,19310715,PRCP,0,,,a,
ASN00023718,19310716,PRCP,0,,,a,
ASN00023718,19310717,PRCP,0,,,a,
ASN00023718,19310718,PRCP,0,,,a,
ASN00023718,19310719,PRCP,0,,,a,
ASN00023718,19310720,PRCP,0,,,a,
ASN00023718,19310721,PRCP,0,,,a,
ASN00023718,19310722,PRCP,25,,,a,
ASN00023718,19310723,PRCP,30,,,a,
ASN00023718,19310724,PRCP,0,,,a,
ASN00023718,19310725,PRCP,23,,,a,
ASN00023718,19310728,PRCP,30,,,a,
ASN00023718,19310729,PRCP,0,,,a,
ASN00023718,19310730,PRCP,3,,,a,
ASN00023718,19310731,PRCP,0,,,a,
ASN00023718,19310706,DAPR,2,,,a,
ASN00023718,19310713,DAPR,2,,,a,
ASN00023718,19310727,DAPR,2,,,a,
ASN00023718,19310706,DWPR,1,,,a,
ASN00023718,19310713,DWPR,1,,,a,
ASN00023718,19310727,DWPR,1,,,a,
ASN00023718,19310706,MDPR,53,,,a,
ASN00023718,19310713,MDPR,117,,,a,
ASN00023718,19310727,MDPR,254,,,a,
ASN00023718,19310801,PRCP,0,,,a,
ASN00023718,19310802,PRCP,0,,,a,
ASN00023718,19310803,PRCP,0,,,a,
ASN00023718,19310804,PRCP,0,,,a,
ASN00023718,19310805,PRCP,0,,,a,
ASN00023718,19310806,PRCP,33,,,a,
ASN00023718,19310807,PRCP,38,,,a,
ASN00023718,19310808,PRCP,0,,,a,
ASN00023718,19310809,PRCP,0,,,a,
ASN00023718,19310810,PRCP,0,,,a,
ASN00023718,19310811,PRCP,23,,,a,
ASN00023718,19310812,PRCP,0,,,a,
ASN00023718,19310813,PRCP,38,,,a,
ASN00023718,19310814,PRCP,30,,,a,
ASN00023718,19310815,PRCP,0,,,a,
ASN00023718,19310816,PRCP,0,,,a,
ASN00023718,19310817,PRCP,0,,,a,
ASN00023718,19310818,PRCP,0,,,a,
ASN00023718,19310819,PRCP,76,,,a,
ASN00023718,19310820,PRCP,13,,,a,
ASN00023718,19310821,PRCP,0,,,a,
ASN00023718,19310822,PRCP,66,,,a,
ASN00023718,19310823,PRCP,23,,,a,
ASN00023718,19310824,PRCP,18,,,a,
ASN00023718,19310825,PRCP,0,,,a,
ASN00023718,19310826,PRCP,18,,,a,
ASN00023718,19310827,PRCP,0,,,a,
ASN00023718,19310828,PRCP,13,,,a,
ASN00023718,19310829,PRCP,0,,,a,
ASN00023718,19310830,PRCP,0,,,a,
ASN00023718,19310831,PRCP,13,,,a,
ASN00023718,19310901,PRCP,30,,,a,
ASN00023718,19310902,PRCP,0,,,a,
ASN00023718,19310903,PRCP,99,,,a,
ASN00023718,19310904,PRCP,0,,,a,
ASN00023718,19310905,PRCP,0,,,a,
ASN00023718,19310906,PRCP,0,,,a,
ASN00023718,19310907,PRCP,13,,,a,
ASN00023718,19310908,PRCP,43,,,a,
ASN00023718,19310909,PRCP,0,,,a,
ASN00023718,19310910,PRCP,18,,,a,
ASN00023718,19310911,PRCP,64,,,a,
ASN00023718,19310912,PRCP,3,,,a,
ASN00023718,19310915,PRCP,0,,,a,
ASN00023718,19310916,PRCP,18,,,a,
ASN00023718,19310917,PRCP,5,,,a,
ASN00023718,19310918,PRCP,0,,,a,
ASN00023718,19310919,PRCP,0,,,a,
ASN00023718,19310920,PRCP,0,,,a,
ASN00023718,19310921,PRCP,0,,,a,
ASN00023718,19310922,PRCP,0,,,a,
ASN00023718,19310923,PRCP,0,,,a,
ASN00023718,19310924,PRCP,0,,,a,
ASN00023718,19310925,PRCP,18,,,a,
ASN00023718,19310926,PRCP,8,,,a,
ASN00023718,19310927,PRCP,0,,,a,
ASN00023718,19310928,PRCP,0,,,a,
ASN00023718,19310929,PRCP,0,,,a,
ASN00023718,19310930,PRCP,81,,,a,
ASN00023718,19310914,DAPR,2,,,a,
ASN00023718,19310914,DWPR,1,,,a,
ASN00023718,19310914,MDPR,107,,,a,
ASN00023718,19311001,PRCP,0,,,a,
ASN00023718,19311002,PRCP,0,,,a,
ASN00023718,19311003,PRCP,56,,,a,
ASN00023718,19311004,PRCP,0,,,a,
ASN00023718,19311005,PRCP,0,,,a,
ASN00023718,19311006,PRCP,0,,,a,
ASN00023718,19311007,PRCP,0,,,a,
ASN00023718,19311008,PRCP,0,,,a,
ASN00023718,19311009,PRCP,18,,,a,
ASN00023718,19311010,PRCP,15,,,a,
ASN00023718,19311011,PRCP,0,,,a,
ASN00023718,19311012,PRCP,0,,,a,
ASN00023718,19311013,PRCP,0,,,a,
ASN00023718,19311014,PRCP,0,,,a,
ASN00023718,19311015,PRCP,0,,,a,
ASN00023718,19311016,PRCP,25,,,a,
ASN00023718,19311017,PRCP,0,,,a,
ASN00023718,19311020,PRCP,18,,,a,
ASN00023718,19311021,PRCP,0,,,a,
ASN00023718,19311022,PRCP,0,,,a,
ASN00023718,19311023,PRCP,0,,,a,
ASN00023718,19311024,PRCP,0,,,a,
ASN00023718,19311025,PRCP,0,,,a,
ASN00023718,19311026,PRCP,13,,,a,
ASN00023718,19311027,PRCP,0,,,a,
ASN00023718,19311028,PRCP,0,,,a,
ASN00023718,19311029,PRCP,0,,,a,
ASN00023718,19311030,PRCP,8,,,a,
ASN00023718,19311031,PRCP,0,,,a,
ASN00023718,19311019,DAPR,2,,,a,
ASN00023718,19311019,DWPR,1,,,a,
ASN00023718,19311019,MDPR,43,,,a,
ASN00023718,19311101,PRCP,0,,,a,
ASN00023718,19311102,PRCP,0,,,a,
ASN00023718,19311103,PRCP,0,,,a,
ASN00023718,19311104,PRCP,0,,,a,
ASN00023718,19311105,PRCP,0,,,a,
ASN00023718,19311106,PRCP,0,,,a,
ASN00023718,19311107,PRCP,15,,,a,
ASN00023718,19311108,PRCP,0,,,a,
ASN00023718,19311109,PRCP,28,,,a,
ASN00023718,19311110,PRCP,0,,,a,
ASN00023718,19311111,PRCP,0,,,a,
ASN00023718,19311112,PRCP,0,,,a,
ASN00023718,19311113,PRCP,0,,,a,
ASN00023718,19311114,PRCP,0,,,a,
ASN00023718,19311117,PRCP,79,,,a,
ASN00023718,19311118,PRCP,5,,,a,
ASN00023718,19311119,PRCP,13,,,a,
ASN00023718,19311120,PRCP,8,,,a,
ASN00023718,19311121,PRCP,0,,,a,
ASN00023718,19311122,PRCP,0,,,a,
ASN00023718,19311123,PRCP,0,,,a,
ASN00023718,19311124,PRCP,20,,,a,
ASN00023718,19311125,PRCP,0,,,a,
ASN00023718,19311126,PRCP,0,,,a,
ASN00023718,19311127,PRCP,0,,,a,
ASN00023718,19311128,PRCP,0,,,a,
ASN00023718,19311129,PRCP,0,,,a,
ASN00023718,19311130,PRCP,0,,,a,
ASN00023718,19311116,DAPR,2,,,a,
ASN00023718,19311116,DWPR,1,,,a,
ASN00023718,19311116,MDPR,30,,,a,
ASN00023718,19311201,PRCP,0,,,a,
ASN00023718,19311202,PRCP,0,,,a,
ASN00023718,19311203,PRCP,0,,,a,
ASN00023718,19311204,PRCP,0,,,a,
ASN00023718,19311205,PRCP,0,,,a,
ASN00023718,19311206,PRCP,0,,,a,
ASN00023718,19311207,PRCP,0,,,a,
ASN00023718,19311208,PRCP,0,,,a,
ASN00023718,19311209,PRCP,0,,,a,
ASN00023718,19311210,PRCP,0,,,a,
ASN00023718,19311211,PRCP,0,,,a,
ASN00023718,19311212,PRCP,0,,,a,
ASN00023718,19311213,PRCP,0,,,a,
ASN00023718,19311214,PRCP,0,,,a,
ASN00023718,19311215,PRCP,0,,,a,
ASN00023718,19311216,PRCP,0,,,a,
ASN00023718,19311217,PRCP,0,,,a,
ASN00023718,19311218,PRCP,0,,,a,
ASN00023718,19311219,PRCP,0,,,a,
ASN00023718,19311220,PRCP,0,,,a,
ASN00023718,19311221,PRCP,0,,,a,
ASN00023718,19311222,PRCP,114,,,a,
ASN00023718,19311223,PRCP,0,,,a,
ASN00023718,19311224,PRCP,0,,,a,
ASN00023718,19311225,PRCP,0,,,a,
ASN00023718,19311226,PRCP,0,,,a,
ASN00023718,19311227,PRCP,0,,,a,
ASN00023718,19311228,PRCP,0,,,a,
ASN00023718,19311229,PRCP,0,,,a,
ASN00023718,19311230,PRCP,0,,,a,
ASN00023718,19311231,PRCP,0,,,a,
ASN00023718,19320101,PRCP,0,,,a,
ASN00023718,19320102,PRCP,0,,,a,
ASN00023718,19320103,PRCP,0,,,a,
ASN00023718,19320104,PRCP,0,,,a,
ASN00023718,19320105,PRCP,0,,,a,
ASN00023718,19320106,PRCP,0,,,a,
ASN00023718,19320107,PRCP,0,,,a,
ASN00023718,19320108,PRCP,0,,,a,
ASN00023718,19320109,PRCP,0,,,a,
ASN00023718,19320110,PRCP,0,,,a,
ASN00023718,19320111,PRCP,0,,,a,
ASN00023718,19320112,PRCP,0,,,a,
ASN00023718,19320113,PRCP,0,,,a,
ASN00023718,19320114,PRCP,0,,,a,
ASN00023718,19320115,PRCP,0,,,a,
ASN00023718,19320116,PRCP,0,,,a,
ASN00023718,19320117,PRCP,0,,,a,
ASN00023718,19320118,PRCP,0,,,a,
ASN00023718,19320119,PRCP,0,,,a,
ASN00023718,19320120,PRCP,0,,,a,
ASN00023718,19320121,PRCP,0,,,a,
ASN00023718,19320122,PRCP,0,,,a,
ASN00023718,19320123,PRCP,0,,,a,
ASN00023718,19320124,PRCP,0,,,a,
ASN00023718,19320125,PRCP,0,,,a,
ASN00023718,19320126,PRCP,0,,,a,
ASN00023718,19320127,PRCP,0,,,a,
ASN00023718,19320128,PRCP,0,,,a,
ASN00023718,19320129,PRCP,0,,,a,
ASN00023718,19320130,PRCP,0,,,a,
ASN00023718,19320131,PRCP,0,,,a,
ASN00023718,19320201,PRCP,0,,,a,
ASN00023718,19320202,PRCP,0,,,a,
ASN00023718,19320203,PRCP,0,,,a,
ASN00023718,19320204,PRCP,0,,,a,
ASN00023718,19320205,PRCP,203,,,a,
ASN00023718,19320206,PRCP,15,,,a,
ASN00023718,19320207,PRCP,0,,,a,
ASN00023718,19320208,PRCP,5,,,a,
ASN00023718,19320209,PRCP,33,,,a,
ASN00023718,19320210,PRCP,0,,,a,
ASN00023718,19320211,PRCP,13,,,a,
ASN00023718,19320212,PRCP,0,,,a,
ASN00023718,19320213,PRCP,0,,,a,
ASN00023718,19320216,PRCP,0,,,a,
ASN00023718,19320217,PRCP,0,,,a,
ASN00023718,19320218,PRCP,0,,,a,
ASN00023718,19320219,PRCP,0,,,a,
ASN00023718,19320220,PRCP,0,,,a,
ASN00023718,19320221,PRCP,0,,,a,
ASN00023718,19320222,PRCP,13,,,a,
ASN00023718,19320223,PRCP,0,,,a,
ASN00023718,19320224,PRCP,0,,,a,
ASN00023718,19320225,PRCP,0,,,a,
ASN00023718,19320226,PRCP,0,,,a,
ASN00023718,19320227,PRCP,0,,,a,
ASN00023718,19320228,PRCP,0,,,a,
ASN00023718,19320229,PRCP,0,,,a,
ASN00023718,19320215,DAPR,2,,,a,
ASN00023718,19320215,DWPR,1,,,a,
ASN00023718,19320215,MDPR,25,,,a,
ASN00023718,19320301,PRCP,0,,,a,
ASN00023718,19320302,PRCP,0,,,a,
ASN00023718,19320303,PRCP,0,,,a,
ASN00023718,19320304,PRCP,0,,,a,
ASN00023718,19320305,PRCP,0,,,a,
ASN00023718,19320308,PRCP,0,,,a,
ASN00023718,19320309,PRCP,51,,,a,
ASN00023718,19320310,PRCP,13,,,a,
ASN00023718,19320311,PRCP,0,,,a,
ASN00023718,19320312,PRCP,0,,,a,
ASN00023718,19320313,PRCP,0,,,a,
ASN00023718,19320314,PRCP,0,,,a,
ASN00023718,19320315,PRCP,0,,,a,
ASN00023718,19320316,PRCP,51,,,a,
ASN00023718,19320317,PRCP,0,,,a,
ASN00023718,19320318,PRCP,0,,,a,
ASN00023718,19320319,PRCP,0,,,a,
ASN00023718,19320320,PRCP,0,,,a,
ASN00023718,19320321,PRCP,0,,,a,
ASN00023718,19320322,PRCP,0,,,a,
ASN00023718,19320323,PRCP,0,,,a,
ASN00023718,19320324,PRCP,0,,,a,
ASN00023718,19320325,PRCP,0,,,a,
ASN00023718,19320326,PRCP,10,,,a,
ASN00023718,19320329,PRCP,8,,,a,
ASN00023718,19320330,PRCP,0,,,a,
ASN00023718,19320331,PRCP,30,,,a,
ASN00023718,19320307,DAPR,2,,,a,
ASN00023718,19320328,DAPR,2,,,a,
ASN00023718,19320307,DWPR,1,,,a,
ASN00023718,19320328,DWPR,1,,,a,
ASN00023718,19320307,MDPR,30,,,a,
ASN00023718,19320328,MDPR,264,,,a,
ASN00023718,19320401,PRCP,102,,,a,
ASN00023718,19320402,PRCP,56,,,a,
ASN00023718,19320405,PRCP,20,,,a,
ASN00023718,19320406,PRCP,8,,,a,
ASN00023718,19320407,PRCP,0,,,a,
ASN00023718,19320408,PRCP,0,,,a,
ASN00023718,19320409,PRCP,0,,,a,
ASN00023718,19320412,PRCP,0,,,a,
ASN00023718,19320413,PRCP,18,,,a,
ASN00023718,19320414,PRCP,0,,,a,
ASN00023718,19320415,PRCP,0,,,a,
ASN00023718,19320416,PRCP,33,,,a,
ASN00023718,19320419,PRCP,0,,,a,
ASN00023718,19320420,PRCP,0,,,a,
ASN00023718,19320421,PRCP,0,,,a,
ASN00023718,19320422,PRCP,0,,,a,
ASN00023718,19320423,PRCP,0,,,a,
ASN00023718,19320424,PRCP,0,,,a,
ASN00023718,19320425,PRCP,18,,,a,
ASN00023718,19320426,PRCP,8,,,a,
ASN00023718,19320427,PRCP,0,,,a,
ASN00023718,19320428,PRCP,0,,,a,
ASN00023718,19320429,PRCP,0,,,a,
ASN00023718,19320430,PRCP,0,,,a,
ASN00023718,19320404,DAPR,2,,,a,
ASN00023718,19320411,DAPR,2,,,a,
ASN00023718,19320418,DAPR,2,,,a,
ASN00023718,19320404,DWPR,1,,,a,
ASN00023718,19320411,DWPR,1,,,a,
ASN00023718,19320418,DWPR,1,,,a,
ASN00023718,19320404,MDPR,58,,,a,
ASN00023718,19320411,MDPR,107,,,a,
ASN00023718,19320418,MDPR,71,,,a,
ASN00023718,19320501,PRCP,0,,,a,
ASN00023718,19320502,PRCP,0,,,a,
ASN00023718,19320503,PRCP,0,,,a,
ASN00023718,19320504,PRCP,0,,,a,
ASN00023718,19320505,PRCP,0,,,a,
ASN00023718,19320506,PRCP,18,,,a,
ASN00023718,19320507,PRCP,0,,,a,
ASN00023718,19320508,PRCP,0,,,a,
ASN00023718,19320509,PRCP,18,,,a,
ASN00023718,19320510,PRCP,0,,,a,
ASN00023718,19320511,PRCP,18,,,a,
ASN00023718,19320512,PRCP,0,,,a,
ASN00023718,19320513,PRCP,0,,,a,
ASN00023718,19320514,PRCP,0,,,a,
ASN00023718,19320515,PRCP,0,,,a,
ASN00023718,19320516,PRCP,0,,,a,
ASN00023718,19320517,PRCP,10,,,a,
ASN00023718,19320518,PRCP,38,,,a,
ASN00023718,19320519,PRCP,36,,,a,
ASN00023718,19320520,PRCP,0,,,a,
ASN00023718,19320521,PRCP,36,,,a,
ASN00023718,19320522,PRCP,0,,,a,
ASN00023718,19320523,PRCP,15,,,a,
ASN00023718,19320524,PRCP,0,,,a,
ASN00023718,19320525,PRCP,0,,,a,
ASN00023718,19320526,PRCP,0,,,a,
ASN00023718,19320527,PRCP,0,,,a,
ASN00023718,19320528,PRCP,0,,,a,
ASN00023718,19320529,PRCP,0,,,a,
ASN00023718,19320530,PRCP,0,,,a,
ASN00023718,19320531,PRCP,109,,,a,
ASN00023718,19320601,PRCP,38,,,a,
ASN00023718,19320602,PRCP,58,,,a,
ASN00023718,19320603,PRCP,38,,,a,
ASN00023718,19320604,PRCP,13,,,a,
ASN00023718,19320605,PRCP,0,,,a,
ASN00023718,19320606,PRCP,0,,,a,
ASN00023718,19320607,PRCP,0,,,a,
ASN00023718,19320608,PRCP,0,,,a,
ASN00023718,19320609,PRCP,0,,,a,
ASN00023718,19320610,PRCP,0,,,a,
ASN00023718,19320611,PRCP,38,,,a,
ASN00023718,19320614,PRCP,48,,,a,
ASN00023718,19320615,PRCP,25,,,a,
ASN00023718,19320616,PRCP,69,,,a,
ASN00023718,19320617,PRCP,53,,,a,
ASN00023718,19320618,PRCP,18,,,a,
ASN00023718,19320621,PRCP,13,,,a,
ASN00023718,19320622,PRCP,0,,,a,
ASN00023718,19320623,PRCP,25,,,a,
ASN00023718,19320624,PRCP,43,,,a,
ASN00023718,19320625,PRCP,0,,,a,
ASN00023718,19320628,PRCP,0,,,a,
ASN00023718,19320629,PRCP,0,,,a,
ASN00023718,19320630,PRCP,0,,,a,
ASN00023718,19320613,DAPR,2,,,a,
ASN00023718,19320620,DAPR,2,,,a,
ASN00023718,19320627,DAPR,2,,,a,
ASN00023718,19320613,DWPR,1,,,a,
ASN00023718,19320620,DWPR,1,,,a,
ASN00023718,19320627,DWPR,1,,,a,
ASN00023718,19320613,MDPR,460,,,a,
ASN00023718,19320620,MDPR,279,,,a,
ASN00023718,19320627,MDPR,104,,,a,
ASN00023718,19320701,PRCP,0,,,a,
ASN00023718,19320702,PRCP,0,,,a,
ASN00023718,19320703,PRCP,119,,,a,
ASN00023718,19320704,PRCP,5,,,a,
ASN00023718,19320705,PRCP,0,,,a,
ASN00023718,19320706,PRCP,0,,,a,
ASN00023718,19320707,PRCP,0,,,a,
ASN00023718,19320708,PRCP,18,,,a,
ASN00023718,19320709,PRCP,36,,,a,
ASN00023718,19320712,PRCP,0,,,a,
ASN00023718,19320713,PRCP,3,,,a,
ASN00023718,19320714,PRCP,43,,,a,
ASN00023718,19320715,PRCP,53,,,a,
ASN00023718,19320716,PRCP,0,,,a,
ASN00023718,19320717,PRCP,0,,,a,
ASN00023718,19320718,PRCP,0,,,a,
ASN00023718,19320719,PRCP,0,,,a,
ASN00023718,19320720,PRCP,0,,,a,
ASN00023718,19320721,PRCP,0,,,a,
ASN00023718,19320722,PRCP,56,,,a,
ASN00023718,19320723,PRCP,33,,,a,
ASN00023718,19320724,PRCP,0,,,a,
ASN00023718,19320725,PRCP,0,,,a,
ASN00023718,19320726,PRCP,0,,,a,
ASN00023718,19320727,PRCP,0,,,a,
ASN00023718,19320728,PRCP,0,,,a,
ASN00023718,19320729,PRCP,5,,,a,
ASN00023718,19320730,PRCP,41,,,a,
ASN00023718,19320731,PRCP,0,,,a,
ASN00023718,19320711,DAPR,2,,,a,
ASN00023718,19320711,DWPR,1,,,a,
ASN00023718,19320711,MDPR,180,,,a,
ASN00023718,19320801,PRCP,69,,,a,
ASN00023718,19320802,PRCP,0,,,a,
ASN00023718,19320803,PRCP,0,,,a,
ASN00023718,19320804,PRCP,79,,,a,
ASN00023718,19320805,PRCP,69,,,a,
ASN00023718,19320806,PRCP,71,,,a,
ASN00023718,19320809,PRCP,0,,,a,
ASN00023718,19320810,PRCP,46,,,a,
ASN00023718,19320811,PRCP,8,,,a,
ASN00023718,19320812,PRCP,15,,,a,
ASN00023718,19320813,PRCP,30,,,a,
ASN00023718,19320814,PRCP,89,,,a,
ASN00023718,19320815,PRCP,23,,,a,
ASN00023718,19320816,PRCP,5,,,a,
ASN00023718,19320817,PRCP,0,,,a,
ASN00023718,19320818,PRCP,0,,,a,
ASN00023718,19320819,PRCP,8,,,a,
ASN00023718,19320820,PRCP,0,,,a,
ASN00023718,19320821,PRCP,0,,,a,
ASN00023718,19320822,PRCP,0,,,a,
ASN00023718,19320823,PRCP,5,,,a,
ASN00023718,19320824,PRCP,0,,,a,
ASN00023718,19320825,PRCP,84,,,a,
ASN00023718,19320826,PRCP,0,,,a,
ASN00023718,19320827,PRCP,0,,,a,
ASN00023718,19320828,PRCP,0,,,a,
ASN00023718,19320829,PRCP,18,,,a,
ASN00023718,19320830,PRCP,38,,,a,
ASN00023718,19320831,PRCP,13,,,a,
ASN00023718,19320808,DAPR,2,,,a,
ASN00023718,19320808,DWPR,1,,,a,
ASN00023718,19320808,MDPR,122,,,a,
ASN00023718,19320901,PRCP,5,,,a,
ASN00023718,19320902,PRCP,0,,,a,
ASN00023718,19320903,PRCP,0,,,a,
ASN00023718,19320906,PRCP,0,,,a,
ASN00023718,19320907,PRCP,0,,,a,
ASN00023718,19320908,PRCP,0,,,a,
ASN00023718,19320909,PRCP,0,,,a,
ASN00023718,19320910,PRCP,0,,,a,
ASN00023718,19320911,PRCP,0,,,a,
ASN00023718,19320912,PRCP,0,,,a,
ASN00023718,19320913,PRCP,76,,,a,
ASN00023718,19320914,PRCP,46,,,a,
ASN00023718,19320915,PRCP,13,,,a,
ASN00023718,19320916,PRCP,0,,,a,
ASN00023718,19320917,PRCP,0,,,a,
ASN00023718,19320920,PRCP,0,,,a,
ASN00023718,19320921,PRCP,43,,,a,
ASN00023718,19320922,PRCP,0,,,a,
ASN00023718,19320923,PRCP,13,,,a,
ASN00023718,19320924,PRCP,13,,,a,
ASN00023718,19320925,PRCP,0,,,a,
ASN00023718,19320926,PRCP,0,,,a,
ASN00023718,19320927,PRCP,0,,,a,
ASN00023718,19320928,PRCP,0,,,a,
ASN00023718,19320929,PRCP,58,,,a,
ASN00023718,19320930,PRCP,13,,,a,
ASN00023718,19320905,DAPR,2,,,a,
ASN00023718,19320919,DAPR,2,,,a,
ASN00023718,19320905,DWPR,1,,,a,
ASN00023718,19320919,DWPR,1,,,a,
ASN00023718,19320905,MDPR,30,,,a,
ASN00023718,19320919,MDPR,157,,,a,
ASN00023718,19321001,PRCP,0,,,a,
ASN00023718,19321002,PRCP,0,,,a,
ASN00023718,19321003,PRCP,0,,,a,
ASN00023718,19321004,PRCP,0,,,a,
ASN00023718,19321005,PRCP,33,,,a,
ASN00023718,19321006,PRCP,0,,,a,
ASN00023718,19321007,PRCP,0,,,a,
ASN00023718,19321008,PRCP,0,,,a,
ASN00023718,19321009,PRCP,0,,,a,
ASN00023718,19321010,PRCP,15,,,a,
ASN00023718,19321011,PRCP,0,,,a,
ASN00023718,19321012,PRCP,345,,,a,
ASN00023718,19321013,PRCP,33,,,a,
ASN00023718,19321014,PRCP,0,,,a,
ASN00023718,19321015,PRCP,0,,,a,
ASN00023718,19321016,PRCP,41,,,a,
ASN00023718,19321017,PRCP,0,,,a,
ASN00023718,19321018,PRCP,18,,,a,
ASN00023718,19321019,PRCP,20,,,a,
ASN00023718,19321020,PRCP,23,,,a,
ASN00023718,19321021,PRCP,0,,,a,
ASN00023718,19321022,PRCP,0,,,a,
ASN00023718,19321023,PRCP,0,,,a,
ASN00023718,19321024,PRCP,0,,,a,
ASN00023718,19321025,PRCP,8,,,a,
ASN00023718,19321026,PRCP,69,,,a,
ASN00023718,19321027,PRCP,18,,,a,
ASN00023718,19321028,PRCP,51,,,a,
ASN00023718,19321029,PRCP,0,,,a,
ASN00023718,19321031,DAPR,2,,,a,
ASN00023718,19321031,DWPR,1,,,a,
ASN00023718,19321031,MDPR,30,,,a,
ASN00023718,19321101,PRCP,46,,,a,
ASN00023718,19321102,PRCP,0,,,a,
ASN00023718,19321103,PRCP,0,,,a,
ASN00023718,19321104,PRCP,8,,,a,
ASN00023718,19321105,PRCP,0,,,a,
ASN00023718,19321106,PRCP,0,,,a,
ASN00023718,19321107,PRCP,0,,,a,
ASN00023718,19321108,PRCP,0,,,a,
ASN00023718,19321109,PRCP,0,,,a,
ASN00023718,19321110,PRCP,0,,,a,
ASN00023718,19321111,PRCP,0,,,a,
ASN00023718,19321112,PRCP,0,,,a,
ASN00023718,19321113,PRCP,0,,,a,
ASN00023718,19321114,PRCP,0,,,a,
ASN00023718,19321115,PRCP,0,,,a,
ASN00023718,19321116,PRCP,0,,,a,
ASN00023718,19321117,PRCP,0,,,a,
ASN00023718,19321118,PRCP,0,,,a,
ASN00023718,19321119,PRCP,0,,,a,
ASN00023718,19321120,PRCP,0,,,a,
ASN00023718,19321121,PRCP,13,,,a,
ASN00023718,19321122,PRCP,0,,,a,
ASN00023718,19321123,PRCP,0,,,a,
ASN00023718,19321124,PRCP,0,,,a,
ASN00023718,19321125,PRCP,0,,,a,
ASN00023718,19321126,PRCP,0,,,a,
ASN00023718,19321127,PRCP,0,,,a,
ASN00023718,19321128,PRCP,0,,,a,
ASN00023718,19321129,PRCP,0,,,a,
ASN00023718,19321130,PRCP,0,,,a,
ASN00023718,19321201,PRCP,0,,,a,
ASN00023718,19321202,PRCP,0,,,a,
ASN00023718,19321203,PRCP,0,,,a,
ASN00023718,19321204,PRCP,0,,,a,
ASN00023718,19321205,PRCP,0,,,a,
ASN00023718,19321206,PRCP,8,,,a,
ASN00023718,19321207,PRCP,0,,,a,
ASN00023718,19321208,PRCP,0,,,a,
ASN00023718,19321209,PRCP,0,,,a,
ASN00023718,19321210,PRCP,0,,,a,
ASN00023718,19321211,PRCP,0,,,a,
ASN00023718,19321212,PRCP,0,,,a,
ASN00023718,19321213,PRCP,0,,,a,
ASN00023718,19321214,PRCP,0,,,a,
ASN00023718,19321215,PRCP,8,,,a,
ASN00023718,19321216,PRCP,0,,,a,
ASN00023718,19321217,PRCP,0,,,a,
ASN00023718,19321218,PRCP,0,,,a,
ASN00023718,19321219,PRCP,0,,,a,
ASN00023718,19321220,PRCP,5,,,a,
ASN00023718,19321221,PRCP,0,,,a,
ASN00023718,19321222,PRCP,0,,,a,
ASN00023718,19321223,PRCP,76,,,a,
ASN00023718,19321224,PRCP,18,,,a,
ASN00023718,19321225,PRCP,0,,,a,
ASN00023718,19321226,PRCP,0,,,a,
ASN00023718,19321227,PRCP,43,,,a,
ASN00023718,19321228,PRCP,0,,,a,
ASN00023718,19321229,PRCP,0,,,a,
ASN00023718,19321230,PRCP,0,,,a,
ASN00023718,19321231,PRCP,0,,,a,
ASN00023718,19330101,PRCP,0,,,a,
ASN00023718,19330102,PRCP,0,,,a,
ASN00023718,19330103,PRCP,0,,,a,
ASN00023718,19330104,PRCP,0,,,a,
ASN00023718,19330105,PRCP,0,,,a,
ASN00023718,19330106,PRCP,0,,,a,
ASN00023718,19330107,PRCP,0,,,a,
ASN00023718,19330108,PRCP,0,,,a,
ASN00023718,19330109,PRCP,0,,,a,
ASN00023718,19330110,PRCP,0,,,a,
ASN00023718,19330111,PRCP,8,,,a,
ASN00023718,19330112,PRCP,0,,,a,
ASN00023718,19330113,PRCP,0,,,a,
ASN00023718,19330114,PRCP,0,,,a,
ASN00023718,19330115,PRCP,0,,,a,
ASN00023718,19330116,PRCP,0,,,a,
ASN00023718,19330117,PRCP,0,,,a,
ASN00023718,19330118,PRCP,13,,,a,
ASN00023718,19330119,PRCP,0,,,a,
ASN00023718,19330120,PRCP,183,,,a,
ASN00023718,19330121,PRCP,18,,,a,
ASN00023718,19330122,PRCP,0,,,a,
ASN00023718,19330123,PRCP,0,,,a,
ASN00023718,19330124,PRCP,0,,,a,
ASN00023718,19330125,PRCP,0,,,a,
ASN00023718,19330126,PRCP,0,,,a,
ASN00023718,19330127,PRCP,0,,,a,
ASN00023718,19330128,PRCP,0,,,a,
ASN00023718,19330129,PRCP,0,,,a,
ASN00023718,19330130,PRCP,15,,,a,
ASN00023718,19330131,PRCP,8,,,a,
ASN00023718,19330201,PRCP,0,,,a,
ASN00023718,19330202,PRCP,0,,,a,
ASN00023718,19330203,PRCP,0,,,a,
ASN00023718,19330204,PRCP,0,,,a,
ASN00023718,19330205,PRCP,0,,,a,
ASN00023718,19330206,PRCP,0,,,a,
ASN00023718,19330207,PRCP,0,,,a,
ASN00023718,19330208,PRCP,0,,,a,
ASN00023718,19330209,PRCP,0,,,a,
ASN00023718,19330210,PRCP,0,,,a,
ASN00023718,19330211,PRCP,0,,,a,
ASN00023718,19330212,PRCP,0,,,a,
ASN00023718,19330213,PRCP,0,,,a,
ASN00023718,19330214,PRCP,0,,,a,
ASN00023718,19330215,PRCP,0,,,a,
ASN00023718,19330216,PRCP,0,,,a,
ASN00023718,19330217,PRCP,0,,,a,
ASN00023718,19330218,PRCP,0,,,a,
ASN00023718,19330219,PRCP,0,,,a,
ASN00023718,19330220,PRCP,0,,,a,
ASN00023718,19330221,PRCP,0,,,a,
ASN00023718,19330222,PRCP,0,,,a,
ASN00023718,19330223,PRCP,0,,,a,
ASN00023718,19330224,PRCP,0,,,a,
ASN00023718,19330225,PRCP,0,,,a,
ASN00023718,19330226,PRCP,0,,,a,
ASN00023718,19330227,PRCP,0,,,a,
ASN00023718,19330228,PRCP,0,,,a,
ASN00023718,19330301,PRCP,0,,,a,
ASN00023718,19330302,PRCP,0,,,a,
ASN00023718,19330303,PRCP,0,,,a,
ASN00023718,19330304,PRCP,71,,,a,
ASN00023718,19330305,PRCP,0,,,a,
ASN00023718,19330306,PRCP,0,,,a,
ASN00023718,19330307,PRCP,0,,,a,
ASN00023718,19330308,PRCP,0,,,a,
ASN00023718,19330309,PRCP,0,,,a,
ASN00023718,19330310,PRCP,0,,,a,
ASN00023718,19330311,PRCP,0,,,a,
ASN00023718,19330312,PRCP,0,,,a,
ASN00023718,19330313,PRCP,0,,,a,
ASN00023718,19330314,PRCP,0,,,a,
ASN00023718,19330315,PRCP,0,,,a,
ASN00023718,19330316,PRCP,0,,,a,
ASN00023718,19330317,PRCP,0,,,a,
ASN00023718,19330318,PRCP,0,,,a,
ASN00023718,19330319,PRCP,0,,,a,
ASN00023718,19330320,PRCP,18,,,a,
ASN00023718,19330321,PRCP,5,,,a,
ASN00023718,19330322,PRCP,0,,,a,
ASN00023718,19330323,PRCP,0,,,a,
ASN00023718,19330324,PRCP,0,,,a,
ASN00023718,19330325,PRCP,0,,,a,
ASN00023718,19330326,PRCP,0,,,a,
ASN00023718,19330327,PRCP,0,,,a,
ASN00023718,19330328,PRCP,0,,,a,
ASN00023718,19330329,PRCP,25,,,a,
ASN00023718,19330330,PRCP,0,,,a,
ASN00023718,19330331,PRCP,8,,,a,
ASN00023718,19330401,PRCP,0,,,a,
ASN00023718,19330402,PRCP,0,,,a,
ASN00023718,19330403,PRCP,0,,,a,
ASN00023718,19330404,PRCP,0,,,a,
ASN00023718,19330405,PRCP,0,,,a,
ASN00023718,19330406,PRCP,0,,,a,
ASN00023718,19330407,PRCP,0,,,a,
ASN00023718,19330408,PRCP,0,,,a,
ASN00023718,19330409,PRCP,0,,,a,
ASN00023718,19330410,PRCP,20,,,a,
ASN00023718,19330411,PRCP,107,,,a,
ASN00023718,19330412,PRCP,15,,,a,
ASN00023718,19330413,PRCP,33,,,a,
ASN00023718,19330414,PRCP,0,,,a,
ASN00023718,19330415,PRCP,5,,,a,
ASN00023718,19330416,PRCP,0,,,a,
ASN00023718,19330417,PRCP,0,,,a,
ASN00023718,19330418,PRCP,3,,,a,
ASN00023718,19330419,PRCP,0,,,a,
ASN00023718,19330420,PRCP,0,,,a,
ASN00023718,19330421,PRCP,0,,,a,
ASN00023718,19330422,PRCP,0,,,a,
ASN00023718,19330423,PRCP,0,,,a,
ASN00023718,19330424,PRCP,0,,,a,
ASN00023718,19330425,PRCP,0,,,a,
ASN00023718,19330426,PRCP,0,,,a,
ASN00023718,19330427,PRCP,0,,,a,
ASN00023718,19330428,PRCP,0,,,a,
ASN00023718,19330429,PRCP,0,,,a,
ASN00023718,19330430,PRCP,0,,,a,
ASN00023718,19330501,PRCP,119,,,a,
ASN00023718,19330502,PRCP,13,,,a,
ASN00023718,19330503,PRCP,0,,,a,
ASN00023718,19330504,PRCP,20,,,a,
ASN00023718,19330505,PRCP,0,,,a,
ASN00023718,19330506,PRCP,0,,,a,
ASN00023718,19330507,PRCP,0,,,a,
ASN00023718,19330508,PRCP,0,,,a,
ASN00023718,19330509,PRCP,0,,,a,
ASN00023718,19330510,PRCP,0,,,a,
ASN00023718,19330511,PRCP,0,,,a,
ASN00023718,19330512,PRCP,0,,,a,
ASN00023718,19330513,PRCP,53,,,a,
ASN00023718,19330516,PRCP,0,,,a,
ASN00023718,19330517,PRCP,5,,,a,
ASN00023718,19330518,PRCP,13,,,a,
ASN00023718,19330519,PRCP,0,,,a,
ASN00023718,19330520,PRCP,0,,,a,
ASN00023718,19330521,PRCP,0,,,a,
ASN00023718,19330522,PRCP,0,,,a,
ASN00023718,19330523,PRCP,0,,,a,
ASN00023718,19330524,PRCP,0,,,a,
ASN00023718,19330525,PRCP,51,,,a,
ASN00023718,19330526,PRCP,99,,,a,
ASN00023718,19330527,PRCP,18,,,a,
ASN00023718,19330530,PRCP,0,,,a,
ASN00023718,19330531,PRCP,15,,,a,
ASN00023718,19330515,DAPR,2,,,a,
ASN00023718,19330529,DAPR,2,,,a,
ASN00023718,19330515,DWPR,1,,,a,
ASN00023718,19330529,DWPR,1,,,a,
ASN00023718,19330515,MDPR,71,,,a,
ASN00023718,19330529,MDPR,94,,,a,
ASN00023718,19330601,PRCP,8,,,a,
ASN00023718,19330602,PRCP,0,,,a,
ASN00023718,19330603,PRCP,15,,,a,
ASN00023718,19330604,PRCP,0,,,a,
ASN00023718,19330605,PRCP,0,,,a,
ASN00023718,19330606,PRCP,0,,,a,
ASN00023718,19330607,PRCP,18,,,a,
ASN00023718,19330608,PRCP,0,,,a,
ASN00023718,19330609,PRCP,0,,,a,
ASN00023718,19330610,PRCP,0,,,a,
ASN00023718,19330611,PRCP,0,,,a,
ASN00023718,19330612,PRCP,0,,,a,
ASN00023718,19330613,PRCP,0,,,a,
ASN00023718,19330614,PRCP,5,,,a,
ASN00023718,19330615,PRCP,0,,,a,
ASN00023718,19330616,PRCP,13,,,a,
ASN00023718,19330617,PRCP,0,,,a,
ASN00023718,19330618,PRCP,0,,,a,
ASN00023718,19330619,PRCP,0,,,a,
ASN00023718,19330620,PRCP,0,,,a,
ASN00023718,19330621,PRCP,104,,,a,
ASN00023718,19330622,PRCP,5,,,a,
ASN00023718,19330623,PRCP,23,,,a,
ASN00023718,19330624,PRCP,127,,,a,
ASN00023718,19330625,PRCP,0,,,a,
ASN00023718,19330626,PRCP,13,,,a,
ASN00023718,19330627,PRCP,15,,,a,
ASN00023718,19330628,PRCP,0,,,a,
ASN00023718,19330629,PRCP,61,,,a,
ASN00023718,19330630,PRCP,13,,,a,
ASN00023718,19330701,PRCP,0,,,a,
ASN00023718,19330702,PRCP,0,,,a,
ASN00023718,19330703,PRCP,0,,,a,
ASN00023718,19330704,PRCP,0,,,a,
ASN00023718,19330705,PRCP,0,,,a,
ASN00023718,19330706,PRCP,0,,,a,
ASN00023718,19330707,PRCP,0,,,a,
ASN00023718,19330708,PRCP,71,,,a,
ASN00023718,19330709,PRCP,0,,,a,
ASN00023718,19330710,PRCP,0,,,a,
ASN00023718,19330711,PRCP,0,,,a,
ASN00023718,19330712,PRCP,0,,,a,
ASN00023718,19330713,PRCP,23,,,a,
ASN00023718,19330714,PRCP,13,,,a,
ASN00023718,19330715,PRCP,0,,,a,
ASN00023718,19330718,PRCP,0,,,a,
ASN00023718,19330719,PRCP,0,,,a,
ASN00023718,19330720,PRCP,53,,,a,
ASN00023718,19330721,PRCP,0,,,a,
ASN00023718,19330722,PRCP,0,,,a,
ASN00023718,19330723,PRCP,0,,,a,
ASN00023718,19330724,PRCP,0,,,a,
ASN00023718,19330725,PRCP,0,,,a,
ASN00023718,19330726,PRCP,0,,,a,
ASN00023718,19330727,PRCP,0,,,a,
ASN00023718,19330728,PRCP,89,,,a,
ASN00023718,19330729,PRCP,157,,,a,
ASN00023718,19330717,DAPR,2,,,a,
ASN00023718,19330731,DAPR,2,,,a,
ASN00023718,19330717,DWPR,1,,,a,
ASN00023718,19330731,DWPR,1,,,a,
ASN00023718,19330717,MDPR,41,,,a,
ASN00023718,19330731,MDPR,33,,,a,
ASN00023718,19330801,PRCP,0,,,a,
ASN00023718,19330802,PRCP,122,,,a,
ASN00023718,19330803,PRCP,8,,,a,
ASN00023718,19330804,PRCP,0,,,a,
ASN00023718,19330805,PRCP,0,,,a,
ASN00023718,19330806,PRCP,0,,,a,
ASN00023718,19330807,PRCP,0,,,a,
ASN00023718,19330808,PRCP,38,,,a,
ASN00023718,19330809,PRCP,13,,,a,
ASN00023718,19330810,PRCP,23,,,a,
ASN00023718,19330811,PRCP,0,,,a,
ASN00023718,19330812,PRCP,18,,,a,
ASN00023718,19330813,PRCP,0,,,a,
ASN00023718,19330814,PRCP,0,,,a,
ASN00023718,19330815,PRCP,0,,,a,
ASN00023718,19330816,PRCP,38,,,a,
ASN00023718,19330817,PRCP,28,,,a,
ASN00023718,19330818,PRCP,58,,,a,
ASN00023718,19330819,PRCP,5,,,a,
ASN00023718,19330820,PRCP,0,,,a,
ASN00023718,19330821,PRCP,0,,,a,
ASN00023718,19330822,PRCP,25,,,a,
ASN00023718,19330823,PRCP,41,,,a,
ASN00023718,19330824,PRCP,20,,,a,
ASN00023718,19330825,PRCP,0,,,a,
ASN00023718,19330826,PRCP,0,,,a,
ASN00023718,19330827,PRCP,0,,,a,
ASN00023718,19330828,PRCP,18,,,a,
ASN00023718,19330829,PRCP,10,,,a,
ASN00023718,19330830,PRCP,0,,,a,
ASN00023718,19330831,PRCP,165,,,a,
ASN00023718,19330901,PRCP,53,,,a,
ASN00023718,19330902,PRCP,5,,,a,
ASN00023718,19330903,PRCP,0,,,a,
ASN00023718,19330904,PRCP,5,,,a,
ASN00023718,19330905,PRCP,0,,,a,
ASN00023718,19330906,PRCP,0,,,a,
ASN00023718,19330907,PRCP,56,,,a,
ASN00023718,19330908,PRCP,53,,,a,
ASN00023718,19330909,PRCP,0,,,a,
ASN00023718,19330912,PRCP,0,,,a,
ASN00023718,19330913,PRCP,0,,,a,
ASN00023718,19330914,PRCP,0,,,a,
ASN00023718,19330915,PRCP,0,,,a,
ASN00023718,19330916,PRCP,41,,,a,
ASN00023718,19330919,PRCP,61,,,a,
ASN00023718,19330920,PRCP,33,,,a,
ASN00023718,19330921,PRCP,0,,,a,
ASN00023718,19330922,PRCP,51,,,a,
ASN00023718,19330923,PRCP,20,,,a,
ASN00023718,19330926,PRCP,0,,,a,
ASN00023718,19330927,PRCP,0,,,a,
ASN00023718,19330928,PRCP,0,,,a,
ASN00023718,19330929,PRCP,0,,,a,
ASN00023718,19330930,PRCP,0,,,a,
ASN00023718,19330911,DAPR,2,,,a,
ASN00023718,19330918,DAPR,2,,,a,
ASN00023718,19330925,DAPR,2,,,a,
ASN00023718,19330911,DWPR,1,,,a,
ASN00023718,19330918,DWPR,1,,,a,
ASN00023718,19330925,DWPR,1,,,a,
ASN00023718,19330911,MDPR,74,,,a,
ASN00023718,19330918,MDPR,152,,,a,
ASN00023718,19330925,MDPR,28,,,a,
ASN00023718,19331001,PRCP,0,,,a,
ASN00023718,19331002,PRCP,0,,,a,
ASN00023718,19331003,PRCP,0,,,a,
ASN00023718,19331004,PRCP,0,,,a,
ASN00023718,19331005,PRCP,5,,,a,
ASN00023718,19331006,PRCP,0,,,a,
ASN00023718,19331007,PRCP,0,,,a,
ASN00023718,19331010,PRCP,0,,,a,
ASN00023718,19331011,PRCP,13,,,a,
ASN00023718,19331012,PRCP,0,,,a,
ASN00023718,19331013,PRCP,0,,,a,
ASN00023718,19331014,PRCP,8,,,a,
ASN00023718,19331015,PRCP,0,,,a,
ASN00023718,19331016,PRCP,0,,,a,
ASN00023718,19331017,PRCP,0,,,a,
ASN00023718,19331018,PRCP,0,,,a,
ASN00023718,19331019,PRCP,0,,,a,
ASN00023718,19331020,PRCP,0,,,a,
ASN00023718,19331021,PRCP,0,,,a,
ASN00023718,19331022,PRCP,0,,,a,
ASN00023718,19331023,PRCP,0,,,a,
ASN00023718,19331024,PRCP,64,,,a,
ASN00023718,19331025,PRCP,0,,,a,
ASN00023718,19331026,PRCP,0,,,a,
ASN00023718,19331027,PRCP,0,,,a,
ASN00023718,19331028,PRCP,0,,,a,
ASN00023718,19331031,PRCP,0,,,a,
ASN00023718,19331009,DAPR,2,,,a,
ASN00023718,19331030,DAPR,2,,,a,
ASN00023718,19331009,DWPR,1,,,a,
ASN00023718,19331030,DWPR,1,,,a,
ASN00023718,19331009,MDPR,25,,,a,
ASN00023718,19331030,MDPR,43,,,a,
ASN00023718,19331101,PRCP,0,,,a,
ASN00023718,19331102,PRCP,0,,,a,
ASN00023718,19331103,PRCP,0,,,a,
ASN00023718,19331104,PRCP,0,,,a,
ASN00023718,19331105,PRCP,0,,,a,
ASN00023718,19331106,PRCP,0,,,a,
ASN00023718,19331107,PRCP,0,,,a,
ASN00023718,19331108,PRCP,0,,,a,
ASN00023718,19331109,PRCP,0,,,a,
ASN00023718,19331110,PRCP,0,,,a,
ASN00023718,19331111,PRCP,0,,,a,
ASN00023718,19331112,PRCP,0,,,a,
ASN00023718,19331113,PRCP,0,,,a,
ASN00023718,19331114,PRCP,0,,,a,
ASN00023718,19331115,PRCP,0,,,a,
ASN00023718,19331116,PRCP,0,,,a,
ASN00023718,19331117,PRCP,61,,,a,
ASN00023718,19331118,PRCP,28,,,a,
ASN00023718,19331121,PRCP,0,,,a,
ASN00023718,19331122,PRCP,0,,,a,
ASN00023718,19331123,PRCP,0,,,a,
ASN00023718,19331124,PRCP,0,,,a,
ASN00023718,19331125,PRCP,0,,,a,
ASN00023718,19331126,PRCP,0,,,a,
ASN00023718,19331127,PRCP,0,,,a,
ASN00023718,19331128,PRCP,5,,,a,
ASN00023718,19331129,PRCP,46,,,a,
ASN00023718,19331130,PRCP,18,,,a,
ASN00023718,19331120,DAPR,2,,,a,
ASN00023718,19331120,DWPR,1,,,a,
ASN00023718,19331120,MDPR,318,,,a,
ASN00023718,19331201,PRCP,25,,,a,
ASN00023718,19331202,PRCP,0,,,a,
ASN00023718,19331203,PRCP,0,,,a,
ASN00023718,19331204,PRCP,0,,,a,
ASN00023718,19331205,PRCP,0,,,a,
ASN00023718,19331206,PRCP,0,,,a,
ASN00023718,19331207,PRCP,0,,,a,
ASN00023718,19331208,PRCP,0,,,a,
ASN00023718,19331209,PRCP,0,,,a,
ASN00023718,19331210,PRCP,0,,,a,
ASN00023718,19331211,PRCP,0,,,a,
ASN00023718,19331212,PRCP,0,,,a,
ASN00023718,19331213,PRCP,0,,,a,
ASN00023718,19331214,PRCP,0,,,a,
ASN00023718,19331215,PRCP,127,,,a,
ASN00023718,19331216,PRCP,20,,,a,
ASN00023718,19331217,PRCP,0,,,a,
ASN00023718,19331218,PRCP,0,,,a,
ASN00023718,19331219,PRCP,0,,,a,
ASN00023718,19331220,PRCP,0,,,a,
ASN00023718,19331221,PRCP,0,,,a,
ASN00023718,19331222,PRCP,0,,,a,
ASN00023718,19331223,PRCP,0,,,a,
ASN00023718,19331224,PRCP,0,,,a,
ASN00023718,19331225,PRCP,0,,,a,
ASN00023718,19331226,PRCP,0,,,a,
ASN00023718,19331227,PRCP,0,,,a,
ASN00023718,19331228,PRCP,0,,,a,
ASN00023718,19331229,PRCP,0,,,a,
ASN00023718,19331230,PRCP,0,,,a,
ASN00023718,19331231,PRCP,0,,,a,
ASN00023718,19340101,PRCP,0,,,a,
ASN00023718,19340102,PRCP,0,,,a,
ASN00023718,19340103,PRCP,0,,,a,
ASN00023718,19340104,PRCP,0,,,a,
ASN00023718,19340105,PRCP,0,,,a,
ASN00023718,19340106,PRCP,76,,,a,
ASN00023718,19340107,PRCP,0,,,a,
ASN00023718,19340108,PRCP,3,,,a,
ASN00023718,19340109,PRCP,33,,,a,
ASN00023718,19340110,PRCP,0,,,a,
ASN00023718,19340111,PRCP,0,,,a,
ASN00023718,19340112,PRCP,0,,,a,
ASN00023718,19340113,PRCP,0,,,a,
ASN00023718,19340114,PRCP,0,,,a,
ASN00023718,19340115,PRCP,0,,,a,
ASN00023718,19340116,PRCP,0,,,a,
ASN00023718,19340117,PRCP,0,,,a,
ASN00023718,19340118,PRCP,0,,,a,
ASN00023718,19340119,PRCP,0,,,a,
ASN00023718,19340120,PRCP,0,,,a,
ASN00023718,19340121,PRCP,0,,,a,
ASN00023718,19340122,PRCP,0,,,a,
ASN00023718,19340123,PRCP,0,,,a,
ASN00023718,19340124,PRCP,0,,,a,
ASN00023718,19340125,PRCP,0,,,a,
ASN00023718,19340126,PRCP,0,,,a,
ASN00023718,19340127,PRCP,0,,,a,
ASN00023718,19340128,PRCP,0,,,a,
ASN00023718,19340129,PRCP,0,,,a,
ASN00023718,19340130,PRCP,0,,,a,
ASN00023718,19340131,PRCP,0,,,a,
ASN00023718,19340201,PRCP,0,,,a,
ASN00023718,19340202,PRCP,0,,,a,
ASN00023718,19340203,PRCP,0,,,a,
ASN00023718,19340204,PRCP,0,,,a,
ASN00023718,19340205,PRCP,0,,,a,
ASN00023718,19340206,PRCP,0,,,a,
ASN00023718,19340207,PRCP,0,,,a,
ASN00023718,19340208,PRCP,0,,,a,
ASN00023718,19340209,PRCP,0,,,a,
ASN00023718,19340210,PRCP,0,,,a,
ASN00023718,19340213,PRCP,0,,,a,
ASN00023718,19340214,PRCP,0,,,a,
ASN00023718,19340215,PRCP,0,,,a,
ASN00023718,19340216,PRCP,18,,,a,
ASN00023718,19340217,PRCP,33,,,a,
ASN00023718,19340218,PRCP,0,,,a,
ASN00023718,19340219,PRCP,0,,,a,
ASN00023718,19340220,PRCP,0,,,a,
ASN00023718,19340221,PRCP,0,,,a,
ASN00023718,19340222,PRCP,0,,,a,
ASN00023718,19340223,PRCP,0,,,a,
ASN00023718,19340224,PRCP,0,,,a,
ASN00023718,19340225,PRCP,0,,,a,
ASN00023718,19340226,PRCP,0,,,a,
ASN00023718,19340227,PRCP,0,,,a,
ASN00023718,19340228,PRCP,0,,,a,
ASN00023718,19340212,DAPR,2,,,a,
ASN00023718,19340212,DWPR,1,,,a,
ASN00023718,19340212,MDPR,25,,,a,
ASN00023718,19340301,PRCP,0,,,a,
ASN00023718,19340302,PRCP,0,,,a,
ASN00023718,19340303,PRCP,0,,,a,
ASN00023718,19340304,PRCP,0,,,a,
ASN00023718,19340305,PRCP,0,,,a,
ASN00023718,19340306,PRCP,0,,,a,
ASN00023718,19340307,PRCP,0,,,a,
ASN00023718,19340308,PRCP,0,,,a,
ASN00023718,19340309,PRCP,0,,,a,
ASN00023718,19340310,PRCP,0,,,a,
ASN00023718,19340311,PRCP,0,,,a,
ASN00023718,19340312,PRCP,0,,,a,
ASN00023718,19340313,PRCP,0,,,a,
ASN00023718,19340314,PRCP,0,,,a,
ASN00023718,19340315,PRCP,10,,,a,
ASN00023718,19340316,PRCP,13,,,a,
ASN00023718,19340317,PRCP,0,,,a,
ASN00023718,19340318,PRCP,0,,,a,
ASN00023718,19340319,PRCP,0,,,a,
ASN00023718,19340320,PRCP,0,,,a,
ASN00023718,19340321,PRCP,23,,,a,
ASN00023718,19340322,PRCP,0,,,a,
ASN00023718,19340323,PRCP,0,,,a,
ASN00023718,19340324,PRCP,5,,,a,
ASN00023718,19340325,PRCP,0,,,a,
ASN00023718,19340326,PRCP,0,,,a,
ASN00023718,19340327,PRCP,0,,,a,
ASN00023718,19340328,PRCP,89,,,a,
ASN00023718,19340329,PRCP,0,,,a,
ASN00023718,19340330,PRCP,0,,,a,
ASN00023718,19340331,PRCP,18,,,a,
ASN00023718,19340401,PRCP,0,,,a,
ASN00023718,19340404,PRCP,94,,,a,
ASN00023718,19340405,PRCP,0,,,a,
ASN00023718,19340406,PRCP,0,,,a,
ASN00023718,19340407,PRCP,0,,,a,
ASN00023718,19340408,PRCP,0,,,a,
ASN00023718,19340409,PRCP,0,,,a,
ASN00023718,19340410,PRCP,0,,,a,
ASN00023718,19340411,PRCP,0,,,a,
ASN00023718,19340412,PRCP,114,,,a,
ASN00023718,19340413,PRCP,5,,,a,
ASN00023718,19340414,PRCP,0,,,a,
ASN00023718,19340415,PRCP,0,,,a,
ASN00023718,19340416,PRCP,0,,,a,
ASN00023718,19340417,PRCP,13,,,a,
ASN00023718,19340418,PRCP,10,,,a,
ASN00023718,19340419,PRCP,18,,,a,
ASN00023718,19340420,PRCP,41,,,a,
ASN00023718,19340421,PRCP,30,,,a,
ASN00023718,19340422,PRCP,0,,,a,
ASN00023718,19340423,PRCP,13,,,a,
ASN00023718,19340424,PRCP,30,,,a,
ASN00023718,19340425,PRCP,0,,,a,
ASN00023718,19340426,PRCP,0,,,a,
ASN00023718,19340427,PRCP,13,,,a,
ASN00023718,19340428,PRCP,0,,,a,
ASN00023718,19340429,PRCP,0,,,a,
ASN00023718,19340430,PRCP,0,,,a,
ASN00023718,19340403,DAPR,2,,,a,
ASN00023718,19340403,DWPR,1,,,a,
ASN00023718,19340403,MDPR,170,,,a,
ASN00023718,19340501,PRCP,0,,,a,
ASN00023718,19340502,PRCP,0,,,a,
ASN00023718,19340503,PRCP,0,,,a,
ASN00023718,19340504,PRCP,0,,,a,
ASN00023718,19340505,PRCP,0,,,a,
ASN00023718,19340508,PRCP,0,,,a,
ASN00023718,19340509,PRCP,0,,,a,
ASN00023718,19340510,PRCP,0,,,a,
ASN00023718,19340511,PRCP,0,,,a,
ASN00023718,19340512,PRCP,0,,,a,
ASN00023718,19340513,PRCP,0,,,a,
ASN00023718,19340514,PRCP,5,,,a,
ASN00023718,19340515,PRCP,0,,,a,
ASN00023718,19340516,PRCP,0,,,a,
ASN00023718,19340517,PRCP,0,,,a,
ASN00023718,19340518,PRCP,0,,,a,
ASN00023718,19340519,PRCP,0,,,a,
ASN00023718,19340520,PRCP,0,,,a,
ASN00023718,19340521,PRCP,0,,,a,
ASN00023718,19340522,PRCP,0,,,a,
ASN00023718,19340523,PRCP,0,,,a,
ASN00023718,19340524,PRCP,0,,,a,
ASN00023718,19340525,PRCP,0,,,a,
ASN00023718,19340526,PRCP,0,,,a,
ASN00023718,19340527,PRCP,0,,,a,
ASN00023718,19340528,PRCP,0,,,a,
ASN00023718,19340529,PRCP,0,,,a,
ASN00023718,19340530,PRCP,38,,,a,
ASN00023718,19340531,PRCP,84,,,a,
ASN00023718,19340507,DAPR,2,,,a,
ASN00023718,19340507,DWPR,1,,,a,
ASN00023718,19340507,MDPR,41,,,a,
ASN00023718,19340601,PRCP,0,,,a,
ASN00023718,19340602,PRCP,0,,,a,
ASN00023718,19340605,PRCP,13,,,a,
ASN00023718,19340606,PRCP,0,,,a,
ASN00023718,19340607,PRCP,0,,,a,
ASN00023718,19340608,PRCP,0,,,a,
ASN00023718,19340609,PRCP,8,,,a,
ASN00023718,19340610,PRCP,0,,,a,
ASN00023718,19340611,PRCP,0,,,a,
ASN00023718,19340612,PRCP,0,,,a,
ASN00023718,19340613,PRCP,0,,,a,
ASN00023718,19340614,PRCP,33,,,a,
ASN00023718,19340615,PRCP,66,,,a,
ASN00023718,19340616,PRCP,15,,,a,
ASN00023718,19340617,PRCP,0,,,a,
ASN00023718,19340618,PRCP,15,,,a,
ASN00023718,19340619,PRCP,0,,,a,
ASN00023718,19340620,PRCP,0,,,a,
ASN00023718,19340621,PRCP,0,,,a,
ASN00023718,19340622,PRCP,0,,,a,
ASN00023718,19340623,PRCP,0,,,a,
ASN00023718,19340624,PRCP,0,,,a,
ASN00023718,19340625,PRCP,0,,,a,
ASN00023718,19340626,PRCP,28,,,a,
ASN00023718,19340627,PRCP,25,,,a,
ASN00023718,19340628,PRCP,13,,,a,
ASN00023718,19340629,PRCP,10,,,a,
ASN00023718,19340630,PRCP,0,,,a,
ASN00023718,19340604,DAPR,2,,,a,
ASN00023718,19340604,DWPR,1,,,a,
ASN00023718,19340604,MDPR,107,,,a,
ASN00023718,19340701,PRCP,0,,,a,
ASN00023718,19340702,PRCP,0,,,a,
ASN00023718,19340703,PRCP,46,,,a,
ASN00023718,19340704,PRCP,15,,,a,
ASN00023718,19340705,PRCP,0,,,a,
ASN00023718,19340706,PRCP,5,,,a,
ASN00023718,19340707,PRCP,0,,,a,
ASN00023718,19340710,PRCP,0,,,a,
ASN00023718,19340711,PRCP,13,,,a,
ASN00023718,19340712,PRCP,0,,,a,
ASN00023718,19340713,PRCP,0,,,a,
ASN00023718,19340714,PRCP,0,,,a,
ASN00023718,19340715,PRCP,0,,,a,
ASN00023718,19340716,PRCP,0,,,a,
ASN00023718,19340717,PRCP,0,,,a,
ASN00023718,19340718,PRCP,15,,,a,
ASN00023718,19340719,PRCP,56,,,a,
ASN00023718,19340720,PRCP,33,,,a,
ASN00023718,19340721,PRCP,0,,,a,
ASN00023718,19340722,PRCP,0,,,a,
ASN00023718,19340723,PRCP,10,,,a,
ASN00023718,19340724,PRCP,0,,,a,
ASN00023718,19340725,PRCP,0,,,a,
ASN00023718,19340726,PRCP,0,,,a,
ASN00023718,19340727,PRCP,0,,,a,
ASN00023718,19340728,PRCP,0,,,a,
ASN00023718,19340729,PRCP,0,,,a,
ASN00023718,19340730,PRCP,0,,,a,
ASN00023718,19340731,PRCP,0,,,a,
ASN00023718,19340709,DAPR,2,,,a,
ASN00023718,19340709,DWPR,1,,,a,
ASN00023718,19340709,MDPR,46,,,a,
ASN00023718,19340801,PRCP,0,,,a,
ASN00023718,19340802,PRCP,18,,,a,
ASN00023718,19340803,PRCP,97,,,a,
ASN00023718,19340804,PRCP,147,,,a,
ASN00023718,19340807,PRCP,0,,,a,
ASN00023718,19340808,PRCP,13,,,a,
ASN00023718,19340809,PRCP,5,,,a,
ASN00023718,19340810,PRCP,8,,,a,
ASN00023718,19340811,PRCP,8,,,a,
ASN00023718,19340814,PRCP,58,,,a,
ASN00023718,19340815,PRCP,203,,,a,
ASN00023718,19340816,PRCP,10,,,a,
ASN00023718,19340817,PRCP,0,,,a,
ASN00023718,19340818,PRCP,89,,,a,
ASN00023718,19340821,PRCP,0,,,a,
ASN00023718,19340822,PRCP,0,,,a,
ASN00023718,19340823,PRCP,0,,,a,
ASN00023718,19340824,PRCP,0,,,a,
ASN00023718,19340825,PRCP,0,,,a,
ASN00023718,19340828,PRCP,0,,,a,
ASN00023718,19340829,PRCP,8,,,a,
ASN00023718,19340830,PRCP,0,,,a,
ASN00023718,19340831,PRCP,76,,,a,
ASN00023718,19340806,DAPR,2,,,a,
ASN00023718,19340813,DAPR,2,,,a,
ASN00023718,19340820,DAPR,2,,,a,
ASN00023718,19340827,DAPR,2,,,a,
ASN00023718,19340806,DWPR,1,,,a,
ASN00023718,19340813,DWPR,1,,,a,
ASN00023718,19340820,DWPR,1,,,a,
ASN00023718,19340827,DWPR,1,,,a,
ASN00023718,19340806,MDPR,41,,,a,
ASN00023718,19340813,MDPR,61,,,a,
ASN00023718,19340820,MDPR,30,,,a,
ASN00023718,19340827,MDPR,51,,,a,
ASN00023718,19340901,PRCP,0,,,a,
ASN00023718,19340902,PRCP,0,,,a,
ASN00023718,19340903,PRCP,0,,,a,
ASN00023718,19340904,PRCP,0,,,a,
ASN00023718,19340905,PRCP,109,,,a,
ASN00023718,19340906,PRCP,33,,,a,
ASN00023718,19340907,PRCP,15,,,a,
ASN00023718,19340908,PRCP,0,,,a,
ASN00023718,19340909,PRCP,0,,,a,
ASN00023718,19340910,PRCP,0,,,a,
ASN00023718,19340911,PRCP,0,,,a,
ASN00023718,19340912,PRCP,0,,,a,
ASN00023718,19340913,PRCP,0,,,a,
ASN00023718,19340914,PRCP,0,,,a,
ASN00023718,19340915,PRCP,74,,,a,
ASN00023718,19340916,PRCP,0,,,a,
ASN00023718,19340917,PRCP,0,,,a,
ASN00023718,19340918,PRCP,0,,,a,
ASN00023718,19340919,PRCP,86,,,a,
ASN00023718,19340920,PRCP,117,,,a,
ASN00023718,19340921,PRCP,211,,,a,
ASN00023718,19340922,PRCP,10,,,a,
ASN00023718,19340923,PRCP,0,,,a,
ASN00023718,19340924,PRCP,0,,,a,
ASN00023718,19340925,PRCP,10,,,a,
ASN00023718,19340926,PRCP,0,,,a,
ASN00023718,19340927,PRCP,13,,,a,
ASN00023718,19340928,PRCP,0,,,a,
ASN00023718,19340929,PRCP,15,,,a,
ASN00023718,19340930,PRCP,0,,,a,
ASN00023718,19341001,PRCP,155,,,a,
ASN00023718,19341002,PRCP,13,,,a,
ASN00023718,19341003,PRCP,0,,,a,
ASN00023718,19341004,PRCP,0,,,a,
ASN00023718,19341005,PRCP,0,,,a,
ASN00023718,19341006,PRCP,61,,,a,
ASN00023718,19341007,PRCP,0,,,a,
ASN00023718,19341008,PRCP,13,,,a,
ASN00023718,19341009,PRCP,23,,,a,
ASN00023718,19341010,PRCP,0,,,a,
ASN00023718,19341011,PRCP,0,,,a,
ASN00023718,19341012,PRCP,0,,,a,
ASN00023718,19341013,PRCP,25,,,a,
ASN00023718,19341016,PRCP,0,,,a,
ASN00023718,19341017,PRCP,10,,,a,
ASN00023718,19341018,PRCP,0,,,a,
ASN00023718,19341019,PRCP,0,,,a,
ASN00023718,19341020,PRCP,58,,,a,
ASN00023718,19341021,PRCP,0,,,a,
ASN00023718,19341022,PRCP,0,,,a,
ASN00023718,19341023,PRCP,13,,,a,
ASN00023718,19341024,PRCP,0,,,a,
ASN00023718,19341025,PRCP,366,,,a,
ASN00023718,19341026,PRCP,8,,,a,
ASN00023718,19341027,PRCP,0,,,a,
ASN00023718,19341028,PRCP,0,,,a,
ASN00023718,19341029,PRCP,0,,,a,
ASN00023718,19341030,PRCP,0,,,a,
ASN00023718,19341031,PRCP,15,,,a,
ASN00023718,19341015,DAPR,2,,,a,
ASN00023718,19341015,DWPR,1,,,a,
ASN00023718,19341015,MDPR,142,,,a,
ASN00023718,19341101,PRCP,0,,,a,
ASN00023718,19341102,PRCP,0,,,a,
ASN00023718,19341103,PRCP,0,,,a,
ASN00023718,19341104,PRCP,0,,,a,
ASN00023718,19341105,PRCP,0,,,a,
ASN00023718,19341106,PRCP,20,,,a,
ASN00023718,19341107,PRCP,76,,,a,
ASN00023718,19341108,PRCP,203,,,a,
ASN00023718,19341109,PRCP,18,,,a,
ASN00023718,19341110,PRCP,20,,,a,
ASN00023718,19341111,PRCP,0,,,a,
ASN00023718,19341112,PRCP,18,,,a,
ASN00023718,19341113,PRCP,0,,,a,
ASN00023718,19341114,PRCP,13,,,a,
ASN00023718,19341115,PRCP,0,,,a,
ASN00023718,19341116,PRCP,0,,,a,
ASN00023718,19341117,PRCP,0,,,a,
ASN00023718,19341118,PRCP,0,,,a,
ASN00023718,19341119,PRCP,18,,,a,
ASN00023718,19341120,PRCP,0,,,a,
ASN00023718,19341121,PRCP,0,,,a,
ASN00023718,19341122,PRCP,0,,,a,
ASN00023718,19341123,PRCP,0,,,a,
ASN00023718,19341124,PRCP,0,,,a,
ASN00023718,19341125,PRCP,0,,,a,
ASN00023718,19341126,PRCP,0,,,a,
ASN00023718,19341127,PRCP,0,,,a,
ASN00023718,19341128,PRCP,0,,,a,
ASN00023718,19341129,PRCP,15,,,a,
ASN00023718,19341130,PRCP,89,,,a,
ASN00023718,19341201,PRCP,13,,,a,
ASN00023718,19341202,PRCP,0,,,a,
ASN00023718,19341203,PRCP,0,,,a,
ASN00023718,19341204,PRCP,0,,,a,
ASN00023718,19341205,PRCP,0,,,a,
ASN00023718,19341206,PRCP,0,,,a,
ASN00023718,19341207,PRCP,0,,,a,
ASN00023718,19341208,PRCP,36,,,a,
ASN00023718,19341211,PRCP,0,,,a,
ASN00023718,19341212,PRCP,0,,,a,
ASN00023718,19341213,PRCP,0,,,a,
ASN00023718,19341214,PRCP,0,,,a,
ASN00023718,19341215,PRCP,0,,,a,
ASN00023718,19341216,PRCP,0,,,a,
ASN00023718,19341217,PRCP,0,,,a,
ASN00023718,19341218,PRCP,8,,,a,
ASN00023718,19341219,PRCP,0,,,a,
ASN00023718,19341220,PRCP,5,,,a,
ASN00023718,19341221,PRCP,0,,,a,
ASN00023718,19341222,PRCP,0,,,a,
ASN00023718,19341223,PRCP,0,,,a,
ASN00023718,19341224,PRCP,0,,,a,
ASN00023718,19341225,PRCP,0,,,a,
ASN00023718,19341226,PRCP,0,,,a,
ASN00023718,19341227,PRCP,0,,,a,
ASN00023718,19341228,PRCP,0,,,a,
ASN00023718,19341229,PRCP,10,,,a,
ASN00023718,19341230,PRCP,0,,,a,
ASN00023718,19341231,PRCP,0,,,a,
ASN00023718,19341210,DAPR,2,,,a,
ASN00023718,19341210,DWPR,1,,,a,
ASN00023718,19341210,MDPR,99,,,a,
ASN00023718,19350101,PRCP,0,,,a,
ASN00023718,19350102,PRCP,0,,,a,
ASN00023718,19350103,PRCP,8,,,a,
ASN00023718,19350104,PRCP,0,,,a,
ASN00023718,19350105,PRCP,43,,,a,
ASN00023718,19350108,PRCP,0,,,a,
ASN00023718,19350109,PRCP,5,,,a,
ASN00023718,19350110,PRCP,0,,,a,
ASN00023718,19350111,PRCP,0,,,a,
ASN00023718,19350112,PRCP,0,,,a,
ASN00023718,19350113,PRCP,0,,,a,
ASN00023718,19350114,PRCP,0,,,a,
ASN00023718,19350115,PRCP,0,,,a,
ASN00023718,19350116,PRCP,0,,,a,
ASN00023718,19350117,PRCP,0,,,a,
ASN00023718,19350118,PRCP,0,,,a,
ASN00023718,19350119,PRCP,0,,,a,
ASN00023718,19350120,PRCP,0,,,a,
ASN00023718,19350121,PRCP,0,,,a,
ASN00023718,19350122,PRCP,0,,,a,
ASN00023718,19350123,PRCP,0,,,a,
ASN00023718,19350124,PRCP,0,,,a,
ASN00023718,19350125,PRCP,0,,,a,
ASN00023718,19350126,PRCP,0,,,a,
ASN00023718,19350127,PRCP,0,,,a,
ASN00023718,19350128,PRCP,0,,,a,
ASN00023718,19350129,PRCP,0,,,a,
ASN00023718,19350130,PRCP,0,,,a,
ASN00023718,19350131,PRCP,0,,,a,
ASN00023718,19350107,DAPR,2,,,a,
ASN00023718,19350107,DWPR,1,,,a,
ASN00023718,19350107,MDPR,53,,,a,
ASN00023718,19350201,PRCP,0,,,a,
ASN00023718,19350202,PRCP,5,,,a,
ASN00023718,19350203,PRCP,0,,,a,
ASN00023718,19350204,PRCP,0,,,a,
ASN00023718,19350205,PRCP,0,,,a,
ASN00023718,19350206,PRCP,0,,,a,
ASN00023718,19350207,PRCP,0,,,a,
ASN00023718,19350208,PRCP,0,,,a,
ASN00023718,19350209,PRCP,5,,,a,
ASN00023718,19350210,PRCP,0,,,a,
ASN00023718,19350211,PRCP,8,,,a,
ASN00023718,19350212,PRCP,0,,,a,
ASN00023718,19350213,PRCP,5,,,a,
ASN00023718,19350214,PRCP,8,,,a,
ASN00023718,19350215,PRCP,0,,,a,
ASN00023718,19350216,PRCP,0,,,a,
ASN00023718,19350217,PRCP,0,,,a,
ASN00023718,19350218,PRCP,0,,,a,
ASN00023718,19350219,PRCP,0,,,a,
ASN00023718,19350220,PRCP,0,,,a,
ASN00023718,19350221,PRCP,10,,,a,
ASN00023718,19350222,PRCP,0,,,a,
ASN00023718,19350223,PRCP,0,,,a,
ASN00023718,19350224,PRCP,0,,,a,
ASN00023718,19350225,PRCP,0,,,a,
ASN00023718,19350226,PRCP,0,,,a,
ASN00023718,19350227,PRCP,0,,,a,
ASN00023718,19350228,PRCP,0,,,a,
ASN00023718,19350301,PRCP,0,,,a,
ASN00023718,19350302,PRCP,0,,,a,
ASN00023718,19350303,PRCP,0,,,a,
ASN00023718,19350304,PRCP,0,,,a,
ASN00023718,19350305,PRCP,0,,,a,
ASN00023718,19350306,PRCP,0,,,a,
ASN00023718,19350307,PRCP,0,,,a,
ASN00023718,19350308,PRCP,0,,,a,
ASN00023718,19350309,PRCP,0,,,a,
ASN00023718,19350310,PRCP,0,,,a,
ASN00023718,19350311,PRCP,18,,,a,
ASN00023718,19350312,PRCP,0,,,a,
ASN00023718,19350313,PRCP,0,,,a,
ASN00023718,19350314,PRCP,10,,,a,
ASN00023718,19350315,PRCP,13,,,a,
ASN00023718,19350316,PRCP,48,,,a,
ASN00023718,19350317,PRCP,0,,,a,
ASN00023718,19350318,PRCP,8,,,a,
ASN00023718,19350319,PRCP,0,,,a,
ASN00023718,19350320,PRCP,69,,,a,
ASN00023718,19350321,PRCP,140,,,a,
ASN00023718,19350322,PRCP,8,,,a,
ASN00023718,19350323,PRCP,18,,,a,
ASN00023718,19350324,PRCP,0,,,a,
ASN00023718,19350325,PRCP,0,,,a,
ASN00023718,19350326,PRCP,0,,,a,
ASN00023718,19350327,PRCP,0,,,a,
ASN00023718,19350328,PRCP,0,,,a,
ASN00023718,19350329,PRCP,0,,,a,
ASN00023718,19350330,PRCP,0,,,a,
ASN00023718,19350331,PRCP,0,,,a,
ASN00023718,19350401,PRCP,36,,,a,
ASN00023718,19350402,PRCP,0,,,a,
ASN00023718,19350403,PRCP,0,,,a,
ASN00023718,19350404,PRCP,8,,,a,
ASN00023718,19350405,PRCP,0,,,a,
ASN00023718,19350406,PRCP,0,,,a,
ASN00023718,19350409,PRCP,23,,,a,
ASN00023718,19350410,PRCP,0,,,a,
ASN00023718,19350411,PRCP,0,,,a,
ASN00023718,19350412,PRCP,56,,,a,
ASN00023718,19350413,PRCP,8,,,a,
ASN00023718,19350414,PRCP,0,,,a,
ASN00023718,19350415,PRCP,13,,,a,
ASN00023718,19350416,PRCP,43,,,a,
ASN00023718,19350417,PRCP,0,,,a,
ASN00023718,19350418,PRCP,61,,,a,
ASN00023718,19350419,PRCP,71,,,a,
ASN00023718,19350420,PRCP,10,,,a,
ASN00023718,19350421,PRCP,0,,,a,
ASN00023718,19350422,PRCP,0,,,a,
ASN00023718,19350423,PRCP,0,,,a,
ASN00023718,19350424,PRCP,0,,,a,
ASN00023718,19350425,PRCP,0,,,a,
ASN00023718,19350426,PRCP,0,,,a,
ASN00023718,19350427,PRCP,0,,,a,
ASN00023718,19350430,PRCP,33,,,a,
ASN00023718,19350408,DAPR,2,,,a,
ASN00023718,19350429,DAPR,2,,,a,
ASN00023718,19350408,DWPR,1,,,a,
ASN00023718,19350429,DWPR,1,,,a,
ASN00023718,19350408,MDPR,25,,,a,
ASN00023718,19350429,MDPR,33,,,a,
ASN00023718,19350501,PRCP,18,,,a,
ASN00023718,19350502,PRCP,8,,,a,
ASN00023718,19350503,PRCP,0,,,a,
ASN00023718,19350504,PRCP,5,,,a,
ASN00023718,19350507,PRCP,0,,,a,
ASN00023718,19350508,PRCP,0,,,a,
ASN00023718,19350509,PRCP,0,,,a,
ASN00023718,19350510,PRCP,13,,,a,
ASN00023718,19350511,PRCP,0,,,a,
ASN00023718,19350514,PRCP,0,,,a,
ASN00023718,19350515,PRCP,0,,,a,
ASN00023718,19350516,PRCP,18,,,a,
ASN00023718,19350517,PRCP,0,,,a,
ASN00023718,19350518,PRCP,5,,,a,
ASN00023718,19350519,PRCP,0,,,a,
ASN00023718,19350520,PRCP,0,,,a,
ASN00023718,19350521,PRCP,0,,,a,
ASN00023718,19350522,PRCP,0,,,a,
ASN00023718,19350523,PRCP,0,,,a,
ASN00023718,19350524,PRCP,0,,,a,
ASN00023718,19350525,PRCP,0,,,a,
ASN00023718,19350526,PRCP,0,,,a,
ASN00023718,19350527,PRCP,0,,,a,
ASN00023718,19350528,PRCP,5,,,a,
ASN00023718,19350529,PRCP,23,,,a,
ASN00023718,19350530,PRCP,0,,,a,
ASN00023718,19350531,PRCP,10,,,a,
ASN00023718,19350506,DAPR,2,,,a,
ASN00023718,19350513,DAPR,2,,,a,
ASN00023718,19350506,DWPR,1,,,a,
ASN00023718,19350513,DWPR,1,,,a,
ASN00023718,19350506,MDPR,28,,,a,
ASN00023718,19350513,MDPR,152,,,a,
ASN00023718,19350601,PRCP,25,,,a,
ASN00023718,19350602,PRCP,0,,,a,
ASN00023718,19350603,PRCP,0,,,a,
ASN00023718,19350604,PRCP,0,,,a,
ASN00023718,19350605,PRCP,0,,,a,
ASN00023718,19350606,PRCP,0,,,a,
ASN00023718,19350607,PRCP,0,,,a,
ASN00023718,19350608,PRCP,10,,,a,
ASN00023718,19350611,PRCP,8,,,a,
ASN00023718,19350612,PRCP,66,,,a,
ASN00023718,19350613,PRCP,66,,,a,
ASN00023718,19350614,PRCP,30,,,a,
ASN00023718,19350615,PRCP,0,,,a,
ASN00023718,19350616,PRCP,0,,,a,
ASN00023718,19350617,PRCP,10,,,a,
ASN00023718,19350618,PRCP,20,,,a,
ASN00023718,19350619,PRCP,0,,,a,
ASN00023718,19350620,PRCP,0,,,a,
ASN00023718,19350621,PRCP,33,,,a,
ASN00023718,19350622,PRCP,56,,,a,
ASN00023718,19350625,PRCP,25,,,a,
ASN00023718,19350626,PRCP,13,,,a,
ASN00023718,19350627,PRCP,0,,,a,
ASN00023718,19350628,PRCP,20,,,a,
ASN00023718,19350629,PRCP,0,,,a,
ASN00023718,19350630,PRCP,0,,,a,
ASN00023718,19350610,DAPR,2,,,a,
ASN00023718,19350624,DAPR,2,,,a,
ASN00023718,19350610,DWPR,1,,,a,
ASN00023718,19350624,DWPR,1,,,a,
ASN00023718,19350610,MDPR,38,,,a,
ASN00023718,19350624,MDPR,117,,,a,
ASN00023718,19350701,PRCP,0,,,a,
ASN00023718,19350702,PRCP,0,,,a,
ASN00023718,19350703,PRCP,0,,,a,
ASN00023718,19350704,PRCP,89,,,a,
ASN00023718,19350705,PRCP,23,,,a,
ASN00023718,19350706,PRCP,0,,,a,
ASN00023718,19350707,PRCP,0,,,a,
ASN00023718,19350708,PRCP,0,,,a,
ASN00023718,19350709,PRCP,0,,,a,
ASN00023718,19350710,PRCP,0,,,a,
ASN00023718,19350711,PRCP,69,,,a,
ASN00023718,19350712,PRCP,8,,,a,
ASN00023718,19350713,PRCP,0,,,a,
ASN00023718,19350714,PRCP,0,,,a,
ASN00023718,19350715,PRCP,13,,,a,
ASN00023718,19350716,PRCP,89,,,a,
ASN00023718,19350717,PRCP,13,,,a,
ASN00023718,19350718,PRCP,0,,,a,
ASN00023718,19350719,PRCP,0,,,a,
ASN00023718,19350720,PRCP,30,,,a,
ASN00023718,19350721,PRCP,0,,,a,
ASN00023718,19350722,PRCP,5,,,a,
ASN00023718,19350723,PRCP,0,,,a,
ASN00023718,19350724,PRCP,8,,,a,
ASN00023718,19350725,PRCP,25,,,a,
ASN00023718,19350726,PRCP,0,,,a,
ASN00023718,19350727,PRCP,0,,,a,
ASN00023718,19350728,PRCP,0,,,a,
ASN00023718,19350729,PRCP,23,,,a,
ASN00023718,19350730,PRCP,89,,,a,
ASN00023718,19350731,PRCP,0,,,a,
ASN00023718,19350801,PRCP,0,,,a,
ASN00023718,19350802,PRCP,135,,,a,
ASN00023718,19350803,PRCP,107,,,a,
ASN00023718,19350806,PRCP,0,,,a,
ASN00023718,19350807,PRCP,0,,,a,
ASN00023718,19350808,PRCP,99,,,a,
ASN00023718,19350809,PRCP,244,,,a,
ASN00023718,19350810,PRCP,28,,,a,
ASN00023718,19350811,PRCP,0,,,a,
ASN00023718,19350812,PRCP,5,,,a,
ASN00023718,19350813,PRCP,0,,,a,
ASN00023718,19350814,PRCP,8,,,a,
ASN00023718,19350815,PRCP,8,,,a,
ASN00023718,19350816,PRCP,0,,,a,
ASN00023718,19350817,PRCP,0,,,a,
ASN00023718,19350818,PRCP,0,,,a,
ASN00023718,19350819,PRCP,0,,,a,
ASN00023718,19350820,PRCP,0,,,a,
ASN00023718,19350821,PRCP,0,,,a,
ASN00023718,19350822,PRCP,0,,,a,
ASN00023718,19350823,PRCP,0,,,a,
ASN00023718,19350824,PRCP,0,,,a,
ASN00023718,19350825,PRCP,0,,,a,
ASN00023718,19350826,PRCP,8,,,a,
ASN00023718,19350827,PRCP,0,,,a,
ASN00023718,19350828,PRCP,8,,,a,
ASN00023718,19350829,PRCP,0,,,a,
ASN00023718,19350830,PRCP,0,,,a,
ASN00023718,19350831,PRCP,18,,,a,
ASN00023718,19350805,DAPR,2,,,a,
ASN00023718,19350805,DWPR,1,,,a,
ASN00023718,19350805,MDPR,48,,,a,
ASN00023718,19350901,PRCP,0,,,a,
ASN00023718,19350902,PRCP,0,,,a,
ASN00023718,19350903,PRCP,0,,,a,
ASN00023718,19350904,PRCP,0,,,a,
ASN00023718,19350905,PRCP,0,,,a,
ASN00023718,19350906,PRCP,0,,,a,
ASN00023718,19350907,PRCP,0,,,a,
ASN00023718,19350908,PRCP,0,,,a,
ASN00023718,19350909,PRCP,0,,,a,
ASN00023718,19350910,PRCP,0,,,a,
ASN00023718,19350911,PRCP,0,,,a,
ASN00023718,19350912,PRCP,43,,,a,
ASN00023718,19350913,PRCP,48,,,a,
ASN00023718,19350914,PRCP,30,,,a,
ASN00023718,19350917,PRCP,20,,,a,
ASN00023718,19350918,PRCP,0,,,a,
ASN00023718,19350919,PRCP,0,,,a,
ASN00023718,19350920,PRCP,23,,,a,
ASN00023718,19350921,PRCP,0,,,a,
ASN00023718,19350922,PRCP,0,,,a,
ASN00023718,19350923,PRCP,0,,,a,
ASN00023718,19350924,PRCP,0,,,a,
ASN00023718,19350925,PRCP,0,,,a,
ASN00023718,19350926,PRCP,0,,,a,
ASN00023718,19350927,PRCP,0,,,a,
ASN00023718,19350928,PRCP,0,,,a,
ASN00023718,19350929,PRCP,0,,,a,
ASN00023718,19350930,PRCP,0,,,a,
ASN00023718,19350916,DAPR,2,,,a,
ASN00023718,19350916,DWPR,1,,,a,
ASN00023718,19350916,MDPR,66,,,a,
ASN00023718,19351001,PRCP,0,,,a,
ASN00023718,19351002,PRCP,0,,,a,
ASN00023718,19351003,PRCP,0,,,a,
ASN00023718,19351004,PRCP,0,,,a,
ASN00023718,19351005,PRCP,0,,,a,
ASN00023718,19351006,PRCP,0,,,a,
ASN00023718,19351007,PRCP,3,,,a,
ASN00023718,19351008,PRCP,0,,,a,
ASN00023718,19351009,PRCP,0,,,a,
ASN00023718,19351010,PRCP,64,,,a,
ASN00023718,19351011,PRCP,8,,,a,
ASN00023718,19351012,PRCP,8,,,a,
ASN00023718,19351013,PRCP,0,,,a,
ASN00023718,19351014,PRCP,8,,,a,
ASN00023718,19351015,PRCP,0,,,a,
ASN00023718,19351016,PRCP,0,,,a,
ASN00023718,19351017,PRCP,0,,,a,
ASN00023718,19351018,PRCP,0,,,a,
ASN00023718,19351019,PRCP,198,,,a,
ASN00023718,19351022,PRCP,30,,,a,
ASN00023718,19351023,PRCP,3,,,a,
ASN00023718,19351024,PRCP,0,,,a,
ASN00023718,19351025,PRCP,0,,,a,
ASN00023718,19351026,PRCP,0,,,a,
ASN00023718,19351029,PRCP,36,,,a,
ASN00023718,19351030,PRCP,0,,,a,
ASN00023718,19351031,PRCP,0,,,a,
ASN00023718,19351021,DAPR,2,,,a,
ASN00023718,19351028,DAPR,2,,,a,
ASN00023718,19351021,DWPR,1,,,a,
ASN00023718,19351028,DWPR,1,,,a,
ASN00023718,19351021,MDPR,287,,,a,
ASN00023718,19351028,MDPR,25,,,a,
ASN00023718,19351101,PRCP,0,,,a,
ASN00023718,19351102,PRCP,0,,,a,
ASN00023718,19351103,PRCP,0,,,a,
ASN00023718,19351104,PRCP,3,,,a,
ASN00023718,19351105,PRCP,0,,,a,
ASN00023718,19351106,PRCP,0,,,a,
ASN00023718,19351107,PRCP,0,,,a,
ASN00023718,19351108,PRCP,13,,,a,
ASN00023718,19351109,PRCP,0,,,a,
ASN00023718,19351112,PRCP,0,,,a,
ASN00023718,19351113,PRCP,5,,,a,
ASN00023718,19351114,PRCP,0,,,a,
ASN00023718,19351115,PRCP,18,,,a,
ASN00023718,19351116,PRCP,5,,,a,
ASN00023718,19351117,PRCP,0,,,a,
ASN00023718,19351118,PRCP,0,,,a,
ASN00023718,19351119,PRCP,0,,,a,
ASN00023718,19351120,PRCP,18,,,a,
ASN00023718,19351121,PRCP,0,,,a,
ASN00023718,19351122,PRCP,10,,,a,
ASN00023718,19351123,PRCP,0,,,a,
ASN00023718,19351124,PRCP,0,,,a,
ASN00023718,19351125,PRCP,0,,,a,
ASN00023718,19351126,PRCP,0,,,a,
ASN00023718,19351127,PRCP,0,,,a,
ASN00023718,19351128,PRCP,0,,,a,
ASN00023718,19351129,PRCP,0,,,a,
ASN00023718,19351130,PRCP,0,,,a,
ASN00023718,19351111,DAPR,2,,,a,
ASN00023718,19351111,DWPR,1,,,a,
ASN00023718,19351111,MDPR,165,,,a,
ASN00023718,19351203,PRCP,13,,,a,
ASN00023718,19351204,PRCP,0,,,a,
ASN00023718,19351205,PRCP,0,,,a,
ASN00023718,19351206,PRCP,0,,,a,
ASN00023718,19351207,PRCP,0,,,a,
ASN00023718,19351208,PRCP,0,,,a,
ASN00023718,19351209,PRCP,0,,,a,
ASN00023718,19351210,PRCP,5,,,a,
ASN00023718,19351211,PRCP,10,,,a,
ASN00023718,19351212,PRCP,5,,,a,
ASN00023718,19351213,PRCP,0,,,a,
ASN00023718,19351214,PRCP,0,,,a,
ASN00023718,19351215,PRCP,0,,,a,
ASN00023718,19351216,PRCP,0,,,a,
ASN00023718,19351217,PRCP,0,,,a,
ASN00023718,19351218,PRCP,0,,,a,
ASN00023718,19351219,PRCP,0,,,a,
ASN00023718,19351220,PRCP,0,,,a,
ASN00023718,19351221,PRCP,0,,,a,
ASN00023718,19351222,PRCP,0,,,a,
ASN00023718,19351223,PRCP,0,,,a,
ASN00023718,19351224,PRCP,10,,,a,
ASN00023718,19351227,PRCP,0,,,a,
ASN00023718,19351228,PRCP,0,,,a,
ASN00023718,19351229,PRCP,0,,,a,
ASN00023718,19351230,PRCP,0,,,a,
ASN00023718,19351231,PRCP,0,,,a,
ASN00023718,19351202,DAPR,2,,,a,
ASN00023718,19351226,DAPR,2,,,a,
ASN00023718,19351202,DWPR,1,,,a,
ASN00023718,19351226,DWPR,1,,,a,
ASN00023718,19351202,MDPR,38,,,a,
ASN00023718,19351226,MDPR,84,,,a,
ASN00023718,19360101,PRCP,0,,,a,
ASN00023718,19360102,PRCP,0,,,a,
ASN00023718,19360103,PRCP,0,,,a,
ASN00023718,19360104,PRCP,33,,,a,
ASN00023718,19360105,PRCP,0,,,a,
ASN00023718,19360106,PRCP,0,,,a,
ASN00023718,19360107,PRCP,399,,,a,
ASN00023718,19360108,PRCP,0,,,a,
ASN00023718,19360109,PRCP,84,,,a,
ASN00023718,19360110,PRCP,0,,,a,
ASN00023718,19360111,PRCP,0,,,a,
ASN00023718,19360112,PRCP,0,,,a,
ASN00023718,19360113,PRCP,0,,,a,
ASN00023718,19360114,PRCP,0,,,a,
ASN00023718,19360115,PRCP,0,,,a,
ASN00023718,19360116,PRCP,0,,,a,
ASN00023718,19360117,PRCP,0,,,a,
ASN00023718,19360118,PRCP,0,,,a,
ASN00023718,19360119,PRCP,0,,,a,
ASN00023718,19360120,PRCP,0,,,a,
ASN00023718,19360121,PRCP,0,,,a,
ASN00023718,19360122,PRCP,0,,,a,
ASN00023718,19360123,PRCP,0,,,a,
ASN00023718,19360124,PRCP,0,,,a,
ASN00023718,19360125,PRCP,0,,,a,
ASN00023718,19360126,PRCP,0,,,a,
ASN00023718,19360127,PRCP,0,,,a,
ASN00023718,19360128,PRCP,3,,,a,
ASN00023718,19360129,PRCP,0,,,a,
ASN00023718,19360130,PRCP,0,,,a,
ASN00023718,19360131,PRCP,0,,,a,
ASN00023718,19360201,PRCP,0,,,a,
ASN00023718,19360202,PRCP,0,,,a,
ASN00023718,19360203,PRCP,0,,,a,
ASN00023718,19360204,PRCP,13,,,a,
ASN00023718,19360205,PRCP,0,,,a,
ASN00023718,19360206,PRCP,0,,,a,
ASN00023718,19360207,PRCP,0,,,a,
ASN00023718,19360208,PRCP,0,,,a,
ASN00023718,19360209,PRCP,0,,,a,
ASN00023718,19360210,PRCP,0,,,a,
ASN00023718,19360211,PRCP,0,,,a,
ASN00023718,19360212,PRCP,0,,,a,
ASN00023718,19360213,PRCP,0,,,a,
ASN00023718,19360214,PRCP,0,,,a,
ASN00023718,19360215,PRCP,0,,,a,
ASN00023718,19360216,PRCP,0,,,a,
ASN00023718,19360217,PRCP,0,,,a,
ASN00023718,19360218,PRCP,10,,,a,
ASN00023718,19360219,PRCP,102,,,a,
ASN00023718,19360220,PRCP,0,,,a,
ASN00023718,19360221,PRCP,0,,,a,
ASN00023718,19360222,PRCP,0,,,a,
ASN00023718,19360223,PRCP,0,,,a,
ASN00023718,19360224,PRCP,0,,,a,
ASN00023718,19360225,PRCP,0,,,a,
ASN00023718,19360226,PRCP,0,,,a,
ASN00023718,19360227,PRCP,23,,,a,
ASN00023718,19360228,PRCP,0,,,a,
ASN00023718,19360229,PRCP,0,,,a,
ASN00023718,19360301,PRCP,0,,,a,
ASN00023718,19360302,PRCP,0,,,a,
ASN00023718,19360303,PRCP,0,,,a,
ASN00023718,19360304,PRCP,0,,,a,
ASN00023718,19360305,PRCP,0,,,a,
ASN00023718,19360306,PRCP,0,,,a,
ASN00023718,19360307,PRCP,0,,,a,
ASN00023718,19360308,PRCP,0,,,a,
ASN00023718,19360309,PRCP,0,,,a,
ASN00023718,19360310,PRCP,0,,,a,
ASN00023718,19360311,PRCP,0,,,a,
ASN00023718,19360312,PRCP,38,,,a,
ASN00023718,19360313,PRCP,0,,,a,
ASN00023718,19360314,PRCP,8,,,a,
ASN00023718,19360315,PRCP,0,,,a,
ASN00023718,19360316,PRCP,0,,,a,
ASN00023718,19360317,PRCP,0,,,a,
ASN00023718,19360318,PRCP,8,,,a,
ASN00023718,19360319,PRCP,23,,,a,
ASN00023718,19360320,PRCP,0,,,a,
ASN00023718,19360321,PRCP,0,,,a,
ASN00023718,19360322,PRCP,0,,,a,
ASN00023718,19360323,PRCP,0,,,a,
ASN00023718,19360324,PRCP,0,,,a,
ASN00023718,19360325,PRCP,0,,,a,
ASN00023718,19360326,PRCP,0,,,a,
ASN00023718,19360327,PRCP,0,,,a,
ASN00023718,19360328,PRCP,0,,,a,
ASN00023718,19360329,PRCP,0,,,a,
ASN00023718,19360330,PRCP,0,,,a,
ASN00023718,19360331,PRCP,0,,,a,
ASN00023718,19360401,PRCP,0,,,a,
ASN00023718,19360402,PRCP,0,,,a,
ASN00023718,19360403,PRCP,0,,,a,
ASN00023718,19360404,PRCP,18,,,a,
ASN00023718,19360405,PRCP,0,,,a,
ASN00023718,19360406,PRCP,0,,,a,
ASN00023718,19360407,PRCP,310,,,a,
ASN00023718,19360408,PRCP,15,,,a,
ASN00023718,19360409,PRCP,30,,,a,
ASN00023718,19360412,PRCP,0,,,a,
ASN00023718,19360413,PRCP,0,,,a,
ASN00023718,19360414,PRCP,0,,,a,
ASN00023718,19360415,PRCP,0,,,a,
ASN00023718,19360416,PRCP,0,,,a,
ASN00023718,19360417,PRCP,18,,,a,
ASN00023718,19360418,PRCP,0,,,a,
ASN00023718,19360419,PRCP,15,,,a,
ASN00023718,19360420,PRCP,3,,,a,
ASN00023718,19360421,PRCP,25,,,a,
ASN00023718,19360422,PRCP,10,,,a,
ASN00023718,19360423,PRCP,0,,,a,
ASN00023718,19360424,PRCP,0,,,a,
ASN00023718,19360425,PRCP,0,,,a,
ASN00023718,19360426,PRCP,0,,,a,
ASN00023718,19360427,PRCP,0,,,a,
ASN00023718,19360428,PRCP,0,,,a,
ASN00023718,19360429,PRCP,0,,,a,
ASN00023718,19360430,PRCP,0,,,a,
ASN00023718,19360411,DAPR,2,,,a,
ASN00023718,19360411,DWPR,1,,,a,
ASN00023718,19360411,MDPR,28,,,a,
ASN00023718,19360501,PRCP,0,,,a,
ASN00023718,19360502,PRCP,0,,,a,
ASN00023718,19360503,PRCP,0,,,a,
ASN00023718,19360504,PRCP,8,,,a,
ASN00023718,19360505,PRCP,28,,,a,
ASN00023718,19360506,PRCP,0,,,a,
ASN00023718,19360507,PRCP,0,,,a,
ASN00023718,19360508,PRCP,0,,,a,
ASN00023718,19360509,PRCP,0,,,a,
ASN00023718,19360512,PRCP,0,,,a,
ASN00023718,19360513,PRCP,193,,,a,
ASN00023718,19360514,PRCP,30,,,a,
ASN00023718,19360515,PRCP,5,,,a,
ASN00023718,19360516,PRCP,0,,,a,
ASN00023718,19360517,PRCP,0,,,a,
ASN00023718,19360518,PRCP,0,,,a,
ASN00023718,19360519,PRCP,0,,,a,
ASN00023718,19360520,PRCP,0,,,a,
ASN00023718,19360521,PRCP,0,,,a,
ASN00023718,19360522,PRCP,0,,,a,
ASN00023718,19360523,PRCP,0,,,a,
ASN00023718,19360524,PRCP,0,,,a,
ASN00023718,19360525,PRCP,0,,,a,
ASN00023718,19360526,PRCP,0,,,a,
ASN00023718,19360527,PRCP,0,,,a,
ASN00023718,19360528,PRCP,0,,,a,
ASN00023718,19360529,PRCP,0,,,a,
ASN00023718,19360530,PRCP,168,,,a,
ASN00023718,19360531,PRCP,0,,,a,
ASN00023718,19360511,DAPR,2,,,a,
ASN00023718,19360511,DWPR,1,,,a,
ASN00023718,19360511,MDPR,71,,,a,
ASN00023718,19360601,PRCP,41,,,a,
ASN00023718,19360602,PRCP,0,,,a,
ASN00023718,19360603,PRCP,0,,,a,
ASN00023718,19360604,PRCP,117,,,a,
ASN00023718,19360605,PRCP,56,,,a,
ASN00023718,19360606,PRCP,0,,,a,
ASN00023718,19360607,PRCP,0,,,a,
ASN00023718,19360608,PRCP,0,,,a,
ASN00023718,19360609,PRCP,0,,,a,
ASN00023718,19360610,PRCP,0,,,a,
ASN00023718,19360611,PRCP,112,,,a,
ASN00023718,19360612,PRCP,10,,,a,
ASN00023718,19360613,PRCP,10,,,a,
ASN00023718,19360614,PRCP,0,,,a,
ASN00023718,19360615,PRCP,15,,,a,
ASN00023718,19360616,PRCP,0,,,a,
ASN00023718,19360617,PRCP,0,,,a,
ASN00023718,19360618,PRCP,0,,,a,
ASN00023718,19360619,PRCP,46,,,a,
ASN00023718,19360620,PRCP,0,,,a,
ASN00023718,19360623,PRCP,94,,,a,
ASN00023718,19360624,PRCP,0,,,a,
ASN00023718,19360625,PRCP,0,,,a,
ASN00023718,19360626,PRCP,0,,,a,
ASN00023718,19360627,PRCP,0,,,a,
ASN00023718,19360630,PRCP,15,,,a,
ASN00023718,19360622,DAPR,2,,,a,
ASN00023718,19360629,DAPR,2,,,a,
ASN00023718,19360622,DWPR,1,,,a,
ASN00023718,19360629,DWPR,1,,,a,
ASN00023718,19360622,MDPR,86,,,a,
ASN00023718,19360629,MDPR,48,,,a,
ASN00023718,19360701,PRCP,0,,,a,
ASN00023718,19360702,PRCP,41,,,a,
ASN00023718,19360703,PRCP,5,,,a,
ASN00023718,19360704,PRCP,58,,,a,
ASN00023718,19360705,PRCP,0,,,a,
ASN00023718,19360706,PRCP,23,,,a,
ASN00023718,19360707,PRCP,0,,,a,
ASN00023718,19360708,PRCP,0,,,a,
ASN00023718,19360709,PRCP,0,,,a,
ASN00023718,19360710,PRCP,5,,,a,
ASN00023718,19360711,PRCP,0,,,a,
ASN00023718,19360712,PRCP,0,,,a,
ASN00023718,19360713,PRCP,0,,,a,
ASN00023718,19360714,PRCP,18,,,a,
ASN00023718,19360715,PRCP,25,,,a,
ASN00023718,19360716,PRCP,28,,,a,
ASN00023718,19360717,PRCP,43,,,a,
ASN00023718,19360718,PRCP,8,,,a,
ASN00023718,19360719,PRCP,0,,,a,
ASN00023718,19360720,PRCP,5,,,a,
ASN00023718,19360721,PRCP,0,,,a,
ASN00023718,19360722,PRCP,0,,,a,
ASN00023718,19360723,PRCP,0,,,a,
ASN00023718,19360724,PRCP,5,,,a,
ASN00023718,19360725,PRCP,264,,,a,
ASN00023718,19360726,PRCP,0,,,a,
ASN00023718,19360727,PRCP,0,,,a,
ASN00023718,19360728,PRCP,10,,,a,
ASN00023718,19360729,PRCP,5,,,a,
ASN00023718,19360730,PRCP,0,,,a,
ASN00023718,19360731,PRCP,76,,,a,
ASN00023718,19360801,PRCP,0,,,a,
ASN00023718,19360804,PRCP,41,,,a,
ASN00023718,19360805,PRCP,0,,,a,
ASN00023718,19360806,PRCP,0,,,a,
ASN00023718,19360807,PRCP,0,,,a,
ASN00023718,19360808,PRCP,30,,,a,
ASN00023718,19360809,PRCP,0,,,a,
ASN00023718,19360810,PRCP,23,,,a,
ASN00023718,19360811,PRCP,13,,,a,
ASN00023718,19360812,PRCP,30,,,a,
ASN00023718,19360813,PRCP,33,,,a,
ASN00023718,19360814,PRCP,0,,,a,
ASN00023718,19360815,PRCP,0,,,a,
ASN00023718,19360816,PRCP,0,,,a,
ASN00023718,19360817,PRCP,0,,,a,
ASN00023718,19360818,PRCP,0,,,a,
ASN00023718,19360819,PRCP,3,,,a,
ASN00023718,19360820,PRCP,0,,,a,
ASN00023718,19360821,PRCP,3,,,a,
ASN00023718,19360822,PRCP,0,,,a,
ASN00023718,19360825,PRCP,5,,,a,
ASN00023718,19360826,PRCP,0,,,a,
ASN00023718,19360827,PRCP,109,,,a,
ASN00023718,19360828,PRCP,13,,,a,
ASN00023718,19360829,PRCP,13,,,a,
ASN00023718,19360830,PRCP,0,,,a,
ASN00023718,19360831,PRCP,23,,,a,
ASN00023718,19360803,DAPR,2,,,a,
ASN00023718,19360824,DAPR,2,,,a,
ASN00023718,19360803,DWPR,1,,,a,
ASN00023718,19360824,DWPR,1,,,a,
ASN00023718,19360803,MDPR,48,,,a,
ASN00023718,19360824,MDPR,30,,,a,
ASN00023718,19360901,PRCP,13,,,a,
ASN00023718,19360902,PRCP,10,,,a,
ASN00023718,19360903,PRCP,0,,,a,
ASN00023718,19360904,PRCP,0,,,a,
ASN00023718,19360905,PRCP,0,,,a,
ASN00023718,19360906,PRCP,0,,,a,
ASN00023718,19360907,PRCP,0,,,a,
ASN00023718,19360908,PRCP,71,,,a,
ASN00023718,19360909,PRCP,0,,,a,
ASN00023718,19360910,PRCP,0,,,a,
ASN00023718,19360911,PRCP,13,,,a,
ASN00023718,19360912,PRCP,8,,,a,
ASN00023718,19360913,PRCP,0,,,a,
ASN00023718,19360914,PRCP,10,,,a,
ASN00023718,19360915,PRCP,10,,,a,
ASN00023718,19360916,PRCP,56,,,a,
ASN00023718,19360917,PRCP,18,,,a,
ASN00023718,19360918,PRCP,0,,,a,
ASN00023718,19360919,PRCP,0,,,a,
ASN00023718,19360920,PRCP,0,,,a,
ASN00023718,19360921,PRCP,0,,,a,
ASN00023718,19360922,PRCP,0,,,a,
ASN00023718,19360923,PRCP,5,,,a,
ASN00023718,19360924,PRCP,10,,,a,
ASN00023718,19360925,PRCP,0,,,a,
ASN00023718,19360926,PRCP,13,,,a,
ASN00023718,19360929,PRCP,0,,,a,
ASN00023718,19360930,PRCP,0,,,a,
ASN00023718,19360928,DAPR,2,,,a,
ASN00023718,19360928,DWPR,1,,,a,
ASN00023718,19360928,MDPR,25,,,a,
ASN00023718,19361001,PRCP,64,,,a,
ASN00023718,19361002,PRCP,36,,,a,
ASN00023718,19361003,PRCP,0,,,a,
ASN00023718,19361004,PRCP,0,,,a,
ASN00023718,19361005,PRCP,0,,,a,
ASN00023718,19361006,PRCP,0,,,a,
ASN00023718,19361007,PRCP,0,,,a,
ASN00023718,19361008,PRCP,46,,,a,
ASN00023718,19361009,PRCP,10,,,a,
ASN00023718,19361010,PRCP,0,,,a,
ASN00023718,19361011,PRCP,0,,,a,
ASN00023718,19361012,PRCP,15,,,a,
ASN00023718,19361013,PRCP,0,,,a,
ASN00023718,19361014,PRCP,0,,,a,
ASN00023718,19361015,PRCP,0,,,a,
ASN00023718,19361016,PRCP,0,,,a,
ASN00023718,19361017,PRCP,0,,,a,
ASN00023718,19361020,PRCP,8,,,a,
ASN00023718,19361021,PRCP,0,,,a,
ASN00023718,19361022,PRCP,0,,,a,
ASN00023718,19361023,PRCP,0,,,a,
ASN00023718,19361024,PRCP,43,,,a,
ASN00023718,19361025,PRCP,0,,,a,
ASN00023718,19361026,PRCP,0,,,a,
ASN00023718,19361027,PRCP,71,,,a,
ASN00023718,19361028,PRCP,64,,,a,
ASN00023718,19361029,PRCP,38,,,a,
ASN00023718,19361030,PRCP,0,,,a,
ASN00023718,19361031,PRCP,38,,,a,
ASN00023718,19361019,DAPR,2,,,a,
ASN00023718,19361019,DWPR,1,,,a,
ASN00023718,19361019,MDPR,86,,,a,
ASN00023718,19361101,PRCP,0,,,a,
ASN00023718,19361102,PRCP,0,,,a,
ASN00023718,19361103,PRCP,0,,,a,
ASN00023718,19361104,PRCP,0,,,a,
ASN00023718,19361105,PRCP,0,,,a,
ASN00023718,19361106,PRCP,0,,,a,
ASN00023718,19361107,PRCP,0,,,a,
ASN00023718,19361108,PRCP,0,,,a,
ASN00023718,19361109,PRCP,0,,,a,
ASN00023718,19361110,PRCP,25,,,a,
ASN00023718,19361111,PRCP,0,,,a,
ASN00023718,19361112,PRCP,0,,,a,
ASN00023718,19361113,PRCP,0,,,a,
ASN00023718,19361114,PRCP,43,,,a,
ASN00023718,19361117,PRCP,0,,,a,
ASN00023718,19361118,PRCP,0,,,a,
ASN00023718,19361119,PRCP,36,,,a,
ASN00023718,19361120,PRCP,0,,,a,
ASN00023718,19361121,PRCP,0,,,a,
ASN00023718,19361122,PRCP,0,,,a,
ASN00023718,19361123,PRCP,8,,,a,
ASN00023718,19361124,PRCP,0,,,a,
ASN00023718,19361125,PRCP,15,,,a,
ASN00023718,19361126,PRCP,0,,,a,
ASN00023718,19361127,PRCP,0,,,a,
ASN00023718,19361128,PRCP,0,,,a,
ASN00023718,19361129,PRCP,0,,,a,
ASN00023718,19361130,PRCP,0,,,a,
ASN00023718,19361116,DAPR,2,,,a,
ASN00023718,19361116,DWPR,1,,,a,
ASN00023718,19361116,MDPR,28,,,a,
ASN00023718,19361201,PRCP,3,,,a,
ASN00023718,19361202,PRCP,0,,,a,
ASN00023718,19361203,PRCP,51,,,a,
ASN00023718,19361204,PRCP,36,,,a,
ASN00023718,19361205,PRCP,5,,,a,
ASN00023718,19361206,PRCP,0,,,a,
ASN00023718,19361207,PRCP,0,,,a,
ASN00023718,19361208,PRCP,0,,,a,
ASN00023718,19361209,PRCP,0,,,a,
ASN00023718,19361210,PRCP,5,,,a,
ASN00023718,19361211,PRCP,0,,,a,
ASN00023718,19361212,PRCP,10,,,a,
ASN00023718,19361213,PRCP,0,,,a,
ASN00023718,19361214,PRCP,20,,,a,
ASN00023718,19361215,PRCP,0,,,a,
ASN00023718,19361216,PRCP,15,,,a,
ASN00023718,19361217,PRCP,89,,,a,
ASN00023718,19361218,PRCP,18,,,a,
ASN00023718,19361219,PRCP,0,,,a,
ASN00023718,19361220,PRCP,0,,,a,
ASN00023718,19361221,PRCP,8,,,a,
ASN00023718,19361222,PRCP,0,,,a,
ASN00023718,19361223,PRCP,0,,,a,
ASN00023718,19361224,PRCP,0,,,a,
ASN00023718,19361225,PRCP,0,,,a,
ASN00023718,19361226,PRCP,0,,,a,
ASN00023718,19361227,PRCP,0,,,a,
ASN00023718,19361228,PRCP,0,,,a,
ASN00023718,19361229,PRCP,0,,,a,
ASN00023718,19361230,PRCP,30,,,a,
ASN00023718,19361231,PRCP,0,,,a,
ASN00023718,19370101,PRCP,3,,,a,
ASN00023718,19370102,PRCP,25,,,a,
ASN00023718,19370103,PRCP,0,,,a,
ASN00023718,19370104,PRCP,0,,,a,
ASN00023718,19370105,PRCP,0,,,a,
ASN00023718,19370106,PRCP,0,,,a,
ASN00023718,19370107,PRCP,0,,,a,
ASN00023718,19370108,PRCP,28,,,a,
ASN00023718,19370109,PRCP,30,,,a,
ASN00023718,19370110,PRCP,0,,,a,
ASN00023718,19370111,PRCP,0,,,a,
ASN00023718,19370112,PRCP,0,,,a,
ASN00023718,19370113,PRCP,0,,,a,
ASN00023718,19370114,PRCP,0,,,a,
ASN00023718,19370115,PRCP,0,,,a,
ASN00023718,19370116,PRCP,8,,,a,
ASN00023718,19370117,PRCP,0,,,a,
ASN00023718,19370118,PRCP,0,,,a,
ASN00023718,19370119,PRCP,193,,,a,
ASN00023718,19370120,PRCP,0,,,a,
ASN00023718,19370121,PRCP,0,,,a,
ASN00023718,19370122,PRCP,0,,,a,
ASN00023718,19370123,PRCP,0,,,a,
ASN00023718,19370126,PRCP,127,,,a,
ASN00023718,19370127,PRCP,18,,,a,
ASN00023718,19370128,PRCP,0,,,a,
ASN00023718,19370129,PRCP,0,,,a,
ASN00023718,19370130,PRCP,0,,,a,
ASN00023718,19370131,PRCP,0,,,a,
ASN00023718,19370125,DAPR,2,,,a,
ASN00023718,19370125,DWPR,1,,,a,
ASN00023718,19370125,MDPR,198,,,a,
ASN00023718,19370201,PRCP,0,,,a,
ASN00023718,19370202,PRCP,0,,,a,
ASN00023718,19370203,PRCP,0,,,a,
ASN00023718,19370204,PRCP,0,,,a,
ASN00023718,19370205,PRCP,0,,,a,
ASN00023718,19370206,PRCP,0,,,a,
ASN00023718,19370207,PRCP,0,,,a,
ASN00023718,19370208,PRCP,0,,,a,
ASN00023718,19370209,PRCP,0,,,a,
ASN00023718,19370210,PRCP,0,,,a,
ASN00023718,19370211,PRCP,0,,,a,
ASN00023718,19370212,PRCP,0,,,a,
ASN00023718,19370213,PRCP,0,,,a,
ASN00023718,19370214,PRCP,0,,,a,
ASN00023718,19370215,PRCP,0,,,a,
ASN00023718,19370216,PRCP,0,,,a,
ASN00023718,19370217,PRCP,0,,,a,
ASN00023718,19370218,PRCP,0,,,a,
ASN00023718,19370219,PRCP,0,,,a,
ASN00023718,19370220,PRCP,28,,,a,
ASN00023718,19370221,PRCP,0,,,a,
ASN00023718,19370222,PRCP,0,,,a,
ASN00023718,19370223,PRCP,0,,,a,
ASN00023718,19370224,PRCP,0,,,a,
ASN00023718,19370225,PRCP,0,,,a,
ASN00023718,19370226,PRCP,0,,,a,
ASN00023718,19370227,PRCP,0,,,a,
ASN00023718,19370228,PRCP,0,,,a,
ASN00023718,19370301,PRCP,0,,,a,
ASN00023718,19370302,PRCP,0,,,a,
ASN00023718,19370303,PRCP,0,,,a,
ASN00023718,19370304,PRCP,0,,,a,
ASN00023718,19370305,PRCP,0,,,a,
ASN00023718,19370306,PRCP,28,,,a,
ASN00023718,19370307,PRCP,0,,,a,
ASN00023718,19370308,PRCP,0,,,a,
ASN00023718,19370309,PRCP,0,,,a,
ASN00023718,19370310,PRCP,0,,,a,
ASN00023718,19370311,PRCP,0,,,a,
ASN00023718,19370312,PRCP,0,,,a,
ASN00023718,19370313,PRCP,0,,,a,
ASN00023718,19370314,PRCP,0,,,a,
ASN00023718,19370315,PRCP,0,,,a,
ASN00023718,19370316,PRCP,0,,,a,
ASN00023718,19370317,PRCP,0,,,a,
ASN00023718,19370318,PRCP,0,,,a,
ASN00023718,19370319,PRCP,0,,,a,
ASN00023718,19370320,PRCP,0,,,a,
ASN00023718,19370321,PRCP,0,,,a,
ASN00023718,19370322,PRCP,0,,,a,
ASN00023718,19370323,PRCP,0,,,a,
ASN00023718,19370324,PRCP,0,,,a,
ASN00023718,19370325,PRCP,0,,,a,
ASN00023718,19370326,PRCP,0,,,a,
ASN00023718,19370327,PRCP,25,,,a,
ASN00023718,19370328,PRCP,0,,,a,
ASN00023718,19370329,PRCP,0,,,a,
ASN00023718,19370330,PRCP,28,,,a,
ASN00023718,19370331,PRCP,0,,,a,
ASN00023718,19370401,PRCP,18,,,a,
ASN00023718,19370402,PRCP,0,,,a,
ASN00023718,19370403,PRCP,0,,,a,
ASN00023718,19370404,PRCP,0,,,a,
ASN00023718,19370405,PRCP,0,,,a,
ASN00023718,19370406,PRCP,0,,,a,
ASN00023718,19370407,PRCP,0,,,a,
ASN00023718,19370408,PRCP,0,,,a,
ASN00023718,19370409,PRCP,0,,,a,
ASN00023718,19370410,PRCP,0,,,a,
ASN00023718,19370413,PRCP,18,,,a,
ASN00023718,19370414,PRCP,18,,,a,
ASN00023718,19370415,PRCP,0,,,a,
ASN00023718,19370416,PRCP,0,,,a,
ASN00023718,19370417,PRCP,0,,,a,
ASN00023718,19370418,PRCP,0,,,a,
ASN00023718,19370419,PRCP,3,,,a,
ASN00023718,19370420,PRCP,0,,,a,
ASN00023718,19370421,PRCP,5,,,a,
ASN00023718,19370422,PRCP,13,,,a,
ASN00023718,19370423,PRCP,0,,,a,
ASN00023718,19370424,PRCP,0,,,a,
ASN00023718,19370425,PRCP,0,,,a,
ASN00023718,19370426,PRCP,0,,,a,
ASN00023718,19370427,PRCP,41,,,a,
ASN00023718,19370428,PRCP,41,,,a,
ASN00023718,19370429,PRCP,43,,,a,
ASN00023718,19370430,PRCP,5,,,a,
ASN00023718,19370412,DAPR,2,,,a,
ASN00023718,19370412,DWPR,1,,,a,
ASN00023718,19370412,MDPR,41,,,a,
ASN00023718,19370501,PRCP,0,,,a,
ASN00023718,19370502,PRCP,0,,,a,
ASN00023718,19370503,PRCP,20,,,a,
ASN00023718,19370504,PRCP,0,,,a,
ASN00023718,19370505,PRCP,0,,,a,
ASN00023718,19370506,PRCP,0,,,a,
ASN00023718,19370507,PRCP,8,,,a,
ASN00023718,19370508,PRCP,8,,,a,
ASN00023718,19370511,PRCP,0,,,a,
ASN00023718,19370512,PRCP,0,,,a,
ASN00023718,19370513,PRCP,3,,,a,
ASN00023718,19370514,PRCP,173,,,a,
ASN00023718,19370515,PRCP,86,,,a,
ASN00023718,19370518,PRCP,0,,,a,
ASN00023718,19370519,PRCP,0,,,a,
ASN00023718,19370520,PRCP,0,,,a,
ASN00023718,19370521,PRCP,0,,,a,
ASN00023718,19370522,PRCP,3,,,a,
ASN00023718,19370525,PRCP,8,,,a,
ASN00023718,19370526,PRCP,0,,,a,
ASN00023718,19370527,PRCP,33,,,a,
ASN00023718,19370528,PRCP,0,,,a,
ASN00023718,19370529,PRCP,0,,,a,
ASN00023718,19370510,DAPR,2,,,a,
ASN00023718,19370517,DAPR,2,,,a,
ASN00023718,19370524,DAPR,2,,,a,
ASN00023718,19370531,DAPR,2,,,a,
ASN00023718,19370510,DWPR,1,,,a,
ASN00023718,19370517,DWPR,1,,,a,
ASN00023718,19370524,DWPR,1,,,a,
ASN00023718,19370531,DWPR,1,,,a,
ASN00023718,19370510,MDPR,76,,,a,
ASN00023718,19370517,MDPR,71,,,a,
ASN00023718,19370524,MDPR,46,,,a,
ASN00023718,19370531,MDPR,163,,,a,
ASN00023718,19370601,PRCP,30,,,a,
ASN00023718,19370602,PRCP,5,,,a,
ASN00023718,19370603,PRCP,168,,,a,
ASN00023718,19370604,PRCP,102,,,a,
ASN00023718,19370605,PRCP,5,,,a,
ASN00023718,19370606,PRCP,0,,,a,
ASN00023718,19370607,PRCP,0,,,a,
ASN00023718,19370608,PRCP,0,,,a,
ASN00023718,19370609,PRCP,0,,,a,
ASN00023718,19370610,PRCP,0,,,a,
ASN00023718,19370611,PRCP,0,,,a,
ASN00023718,19370612,PRCP,145,,,a,
ASN00023718,19370615,PRCP,25,,,a,
ASN00023718,19370616,PRCP,8,,,a,
ASN00023718,19370617,PRCP,5,,,a,
ASN00023718,19370618,PRCP,0,,,a,
ASN00023718,19370619,PRCP,0,,,a,
ASN00023718,19370622,PRCP,0,,,a,
ASN00023718,19370623,PRCP,13,,,a,
ASN00023718,19370624,PRCP,0,,,a,
ASN00023718,19370625,PRCP,0,,,a,
ASN00023718,19370626,PRCP,0,,,a,
ASN00023718,19370627,PRCP,0,,,a,
ASN00023718,19370628,PRCP,0,,,a,
ASN00023718,19370629,PRCP,0,,,a,
ASN00023718,19370630,PRCP,0,,,a,
ASN00023718,19370614,DAPR,2,,,a,
ASN00023718,19370621,DAPR,2,,,a,
ASN00023718,19370614,DWPR,1,,,a,
ASN00023718,19370621,DWPR,1,,,a,
ASN00023718,19370614,MDPR,122,,,a,
ASN00023718,19370621,MDPR,53,,,a,
ASN00023718,19370701,PRCP,41,,,a,
ASN00023718,19370702,PRCP,8,,,a,
ASN00023718,19370703,PRCP,0,,,a,
ASN00023718,19370706,PRCP,0,,,a,
ASN00023718,19370707,PRCP,0,,,a,
ASN00023718,19370708,PRCP,0,,,a,
ASN00023718,19370709,PRCP,0,,,a,
ASN00023718,19370710,PRCP,0,,,a,
ASN00023718,19370711,PRCP,0,,,a,
ASN00023718,19370712,PRCP,8,,,a,
ASN00023718,19370713,PRCP,0,,,a,
ASN00023718,19370714,PRCP,0,,,a,
ASN00023718,19370715,PRCP,0,,,a,
ASN00023718,19370716,PRCP,0,,,a,
ASN00023718,19370717,PRCP,25,,,a,
ASN00023718,19370720,PRCP,8,,,a,
ASN00023718,19370721,PRCP,0,,,a,
ASN00023718,19370722,PRCP,0,,,a,
ASN00023718,19370723,PRCP,64,,,a,
ASN00023718,19370724,PRCP,53,,,a,
ASN00023718,19370727,PRCP,0,,,a,
ASN00023718,19370728,PRCP,0,,,a,
ASN00023718,19370729,PRCP,0,,,a,
ASN00023718,19370730,PRCP,0,,,a,
ASN00023718,19370731,PRCP,0,,,a,
ASN00023718,19370705,DAPR,2,,,a,
ASN00023718,19370719,DAPR,2,,,a,
ASN00023718,19370726,DAPR,2,,,a,
ASN00023718,19370705,DWPR,1,,,a,
ASN00023718,19370719,DWPR,1,,,a,
ASN00023718,19370726,DWPR,1,,,a,
ASN00023718,19370705,MDPR,127,,,a,
ASN00023718,19370719,MDPR,64,,,a,
ASN00023718,19370726,MDPR,94,,,a,
ASN00023718,19370803,PRCP,114,,,a,
ASN00023718,19370804,PRCP,38,,,a,
ASN00023718,19370805,PRCP,30,,,a,
ASN00023718,19370806,PRCP,0,,,a,
ASN00023718,19370807,PRCP,0,,,a,
ASN00023718,19370808,PRCP,0,,,a,
ASN00023718,19370809,PRCP,0,,,a,
ASN00023718,19370810,PRCP,0,,,a,
ASN00023718,19370811,PRCP,0,,,a,
ASN00023718,19370812,PRCP,8,,,a,
ASN00023718,19370813,PRCP,0,,,a,
ASN00023718,19370814,PRCP,46,,,a,
ASN00023718,19370817,PRCP,25,,,a,
ASN00023718,19370818,PRCP,20,,,a,
ASN00023718,19370819,PRCP,13,,,a,
ASN00023718,19370820,PRCP,66,,,a,
ASN00023718,19370821,PRCP,43,,,a,
ASN00023718,19370822,PRCP,0,,,a,
ASN00023718,19370823,PRCP,0,,,a,
ASN00023718,19370824,PRCP,0,,,a,
ASN00023718,19370825,PRCP,43,,,a,
ASN00023718,19370826,PRCP,0,,,a,
ASN00023718,19370827,PRCP,0,,,a,
ASN00023718,19370828,PRCP,0,,,a,
ASN00023718,19370829,PRCP,0,,,a,
ASN00023718,19370830,PRCP,8,,,a,
ASN00023718,19370831,PRCP,0,,,a,
ASN00023718,19370802,DAPR,2,,,a,
ASN00023718,19370816,DAPR,2,,,a,
ASN00023718,19370802,DWPR,1,,,a,
ASN00023718,19370816,DWPR,1,,,a,
ASN00023718,19370802,MDPR,76,,,a,
ASN00023718,19370816,MDPR,137,,,a,
ASN00023718,19370901,PRCP,25,,,a,
ASN00023718,19370902,PRCP,114,,,a,
ASN00023718,19370903,PRCP,97,,,a,
ASN00023718,19370904,PRCP,0,,,a,
ASN00023718,19370905,PRCP,0,,,a,
ASN00023718,19370906,PRCP,0,,,a,
ASN00023718,19370907,PRCP,0,,,a,
ASN00023718,19370908,PRCP,8,,,a,
ASN00023718,19370909,PRCP,43,,,a,
ASN00023718,19370910,PRCP,8,,,a,
ASN00023718,19370911,PRCP,0,,,a,
ASN00023718,19370912,PRCP,0,,,a,
ASN00023718,19370913,PRCP,18,,,a,
ASN00023718,19370914,PRCP,0,,,a,
ASN00023718,19370915,PRCP,13,,,a,
ASN00023718,19370916,PRCP,0,,,a,
ASN00023718,19370917,PRCP,5,,,a,
ASN00023718,19370918,PRCP,94,,,a,
ASN00023718,19370921,PRCP,61,,,a,
ASN00023718,19370922,PRCP,8,,,a,
ASN00023718,19370923,PRCP,0,,,a,
ASN00023718,19370924,PRCP,0,,,a,
ASN00023718,19370925,PRCP,0,,,a,
ASN00023718,19370926,PRCP,0,,,a,
ASN00023718,19370927,PRCP,0,,,a,
ASN00023718,19370928,PRCP,0,,,a,
ASN00023718,19370929,PRCP,0,,,a,
ASN00023718,19370930,PRCP,58,,,a,
ASN00023718,19370920,DAPR,2,,,a,
ASN00023718,19370920,DWPR,1,,,a,
ASN00023718,19370920,MDPR,36,,,a,
ASN00023718,19371001,PRCP,13,,,a,
ASN00023718,19371002,PRCP,0,,,a,
ASN00023718,19371003,PRCP,0,,,a,
ASN00023718,19371004,PRCP,0,,,a,
ASN00023718,19371005,PRCP,10,,,a,
ASN00023718,19371006,PRCP,3,,,a,
ASN00023718,19371007,PRCP,0,,,a,
ASN00023718,19371008,PRCP,0,,,a,
ASN00023718,19371009,PRCP,46,,,a,
ASN00023718,19371010,PRCP,0,,,a,
ASN00023718,19371011,PRCP,0,,,a,
ASN00023718,19371012,PRCP,0,,,a,
ASN00023718,19371013,PRCP,0,,,a,
ASN00023718,19371014,PRCP,0,,,a,
ASN00023718,19371015,PRCP,20,,,a,
ASN00023718,19371016,PRCP,15,,,a,
ASN00023718,19371017,PRCP,0,,,a,
ASN00023718,19371018,PRCP,13,,,a,
ASN00023718,19371019,PRCP,0,,,a,
ASN00023718,19371020,PRCP,0,,,a,
ASN00023718,19371021,PRCP,5,,,a,
ASN00023718,19371022,PRCP,0,,,a,
ASN00023718,19371023,PRCP,69,,,a,
ASN00023718,19371024,PRCP,0,,,a,
ASN00023718,19371025,PRCP,0,,,a,
ASN00023718,19371026,PRCP,0,,,a,
ASN00023718,19371027,PRCP,0,,,a,
ASN00023718,19371028,PRCP,0,,,a,
ASN00023718,19371029,PRCP,0,,,a,
ASN00023718,19371030,PRCP,0,,,a,
ASN00023718,19371031,PRCP,0,,,a,
ASN00023718,19371101,PRCP,0,,,a,
ASN00023718,19371102,PRCP,0,,,a,
ASN00023718,19371103,PRCP,0,,,a,
ASN00023718,19371104,PRCP,0,,,a,
ASN00023718,19371105,PRCP,0,,,a,
ASN00023718,19371106,PRCP,5,,,a,
ASN00023718,19371107,PRCP,0,,,a,
ASN00023718,19371108,PRCP,0,,,a,
ASN00023718,19371109,PRCP,0,,,a,
ASN00023718,19371110,PRCP,0,,,a,
ASN00023718,19371111,PRCP,0,,,a,
ASN00023718,19371112,PRCP,0,,,a,
ASN00023718,19371113,PRCP,0,,,a,
ASN00023718,19371114,PRCP,18,,,a,
ASN00023718,19371115,PRCP,0,,,a,
ASN00023718,19371116,PRCP,13,,,a,
ASN00023718,19371117,PRCP,0,,,a,
ASN00023718,19371118,PRCP,0,,,a,
ASN00023718,19371119,PRCP,0,,,a,
ASN00023718,19371120,PRCP,0,,,a,
ASN00023718,19371121,PRCP,0,,,a,
ASN00023718,19371122,PRCP,5,,,a,
ASN00023718,19371123,PRCP,0,,,a,
ASN00023718,19371124,PRCP,0,,,a,
ASN00023718,19371125,PRCP,0,,,a,
ASN00023718,19371126,PRCP,0,,,a,
ASN00023718,19371127,PRCP,0,,,a,
ASN00023718,19371130,PRCP,185,,,a,
ASN00023718,19371129,DAPR,2,,,a,
ASN00023718,19371129,DWPR,1,,,a,
ASN00023718,19371129,MDPR,122,,,a,
ASN00023718,19371201,PRCP,107,,,a,
ASN00023718,19371202,PRCP,69,,,a,
ASN00023718,19371203,PRCP,64,,,a,
ASN00023718,19371204,PRCP,15,,,a,
ASN00023718,19371205,PRCP,0,,,a,
ASN00023718,19371206,PRCP,0,,,a,
ASN00023718,19371207,PRCP,30,,,a,
ASN00023718,19371208,PRCP,20,,,a,
ASN00023718,19371209,PRCP,0,,,a,
ASN00023718,19371210,PRCP,0,,,a,
ASN00023718,19371211,PRCP,457,,,a,
ASN00023718,19371212,PRCP,0,,,a,
ASN00023718,19371213,PRCP,0,,,a,
ASN00023718,19371214,PRCP,0,,,a,
ASN00023718,19371215,PRCP,64,,,a,
ASN00023718,19371216,PRCP,0,,,a,
ASN00023718,19371217,PRCP,13,,,a,
ASN00023718,19371218,PRCP,0,,,a,
ASN00023718,19371219,PRCP,0,,,a,
ASN00023718,19371220,PRCP,0,,,a,
ASN00023718,19371221,PRCP,0,,,a,
ASN00023718,19371222,PRCP,0,,,a,
ASN00023718,19371223,PRCP,0,,,a,
ASN00023718,19371224,PRCP,0,,,a,
ASN00023718,19371228,PRCP,0,,,a,
ASN00023718,19371229,PRCP,0,,,a,
ASN00023718,19371230,PRCP,0,,,a,
ASN00023718,19371231,PRCP,0,,,a,
ASN00023718,19371227,DAPR,3,,,a,
ASN00023718,19371227,DWPR,1,,,a,
ASN00023718,19371227,MDPR,43,,,a,
ASN00023718,19380101,PRCP,10,,,a,
ASN00023718,19380104,PRCP,10,,,a,
ASN00023718,19380105,PRCP,3,,,a,
ASN00023718,19380106,PRCP,0,,,a,
ASN00023718,19380107,PRCP,0,,,a,
ASN00023718,19380108,PRCP,0,,,a,
ASN00023718,19380109,PRCP,0,,,a,
ASN00023718,19380110,PRCP,0,,,a,
ASN00023718,19380111,PRCP,0,,,a,
ASN00023718,19380112,PRCP,0,,,a,
ASN00023718,19380113,PRCP,0,,,a,
ASN00023718,19380114,PRCP,102,,,a,
ASN00023718,19380115,PRCP,0,,,a,
ASN00023718,19380116,PRCP,0,,,a,
ASN00023718,19380117,PRCP,0,,,a,
ASN00023718,19380118,PRCP,0,,,a,
ASN00023718,19380119,PRCP,0,,,a,
ASN00023718,19380120,PRCP,0,,,a,
ASN00023718,19380121,PRCP,0,,,a,
ASN00023718,19380122,PRCP,0,,,a,
ASN00023718,19380123,PRCP,0,,,a,
ASN00023718,19380124,PRCP,0,,,a,
ASN00023718,19380125,PRCP,0,,,a,
ASN00023718,19380126,PRCP,0,,,a,
ASN00023718,19380127,PRCP,20,,,a,
ASN00023718,19380128,PRCP,8,,,a,
ASN00023718,19380129,PRCP,15,,,a,
ASN00023718,19380130,PRCP,0,,,a,
ASN00023718,19380131,PRCP,0,,,a,
ASN00023718,19380103,DAPR,2,,,a,
ASN00023718,19380103,DWPR,1,,,a,
ASN00023718,19380103,MDPR,142,,,a,
ASN00023718,19380201,PRCP,0,,,a,
ASN00023718,19380202,PRCP,0,,,a,
ASN00023718,19380203,PRCP,0,,,a,
ASN00023718,19380204,PRCP,0,,,a,
ASN00023718,19380205,PRCP,102,,,a,
ASN00023718,19380206,PRCP,0,,,a,
ASN00023718,19380207,PRCP,25,,,a,
ASN00023718,19380208,PRCP,0,,,a,
ASN00023718,19380209,PRCP,0,,,a,
ASN00023718,19380210,PRCP,0,,,a,
ASN00023718,19380211,PRCP,0,,,a,
ASN00023718,19380212,PRCP,13,,,a,
ASN00023718,19380213,PRCP,0,,,a,
ASN00023718,19380214,PRCP,0,,,a,
ASN00023718,19380215,PRCP,0,,,a,
ASN00023718,19380216,PRCP,0,,,a,
ASN00023718,19380217,PRCP,0,,,a,
ASN00023718,19380218,PRCP,0,,,a,
ASN00023718,19380219,PRCP,89,,,a,
ASN00023718,19380222,PRCP,0,,,a,
ASN00023718,19380223,PRCP,0,,,a,
ASN00023718,19380224,PRCP,5,,,a,
ASN00023718,19380225,PRCP,64,,,a,
ASN00023718,19380226,PRCP,20,,,a,
ASN00023718,19380227,PRCP,0,,,a,
ASN00023718,19380228,PRCP,0,,,a,
ASN00023718,19380221,DAPR,2,,,a,
ASN00023718,19380221,DWPR,1,,,a,
ASN00023718,19380221,MDPR,97,,,a,
ASN00023718,19380301,PRCP,0,,,a,
ASN00023718,19380302,PRCP,3,,,a,
ASN00023718,19380303,PRCP,0,,,a,
ASN00023718,19380304,PRCP,0,,,a,
ASN00023718,19380305,PRCP,0,,,a,
ASN00023718,19380308,PRCP,0,,,a,
ASN00023718,19380309,PRCP,0,,,a,
ASN00023718,19380310,PRCP,0,,,a,
ASN00023718,19380311,PRCP,0,,,a,
ASN00023718,19380312,PRCP,8,,,a,
ASN00023718,19380313,PRCP,0,,,a,
ASN00023718,19380314,PRCP,0,,,a,
ASN00023718,19380315,PRCP,0,,,a,
ASN00023718,19380316,PRCP,0,,,a,
ASN00023718,19380317,PRCP,20,,,a,
ASN00023718,19380318,PRCP,8,,,a,
ASN00023718,19380319,PRCP,0,,,a,
ASN00023718,19380320,PRCP,0,,,a,
ASN00023718,19380321,PRCP,0,,,a,
ASN00023718,19380322,PRCP,0,,,a,
ASN00023718,19380323,PRCP,0,,,a,
ASN00023718,19380324,PRCP,0,,,a,
ASN00023718,19380325,PRCP,0,,,a,
ASN00023718,19380326,PRCP,0,,,a,
ASN00023718,19380327,PRCP,0,,,a,
ASN00023718,19380328,PRCP,0,,,a,
ASN00023718,19380329,PRCP,0,,,a,
ASN00023718,19380330,PRCP,0,,,a,
ASN00023718,19380331,PRCP,0,,,a,
ASN00023718,19380307,DAPR,2,,,a,
ASN00023718,19380307,DWPR,1,,,a,
ASN00023718,19380307,MDPR,89,,,a,
ASN00023718,19380401,PRCP,0,,,a,
ASN00023718,19380402,PRCP,0,,,a,
ASN00023718,19380403,PRCP,0,,,a,
ASN00023718,19380404,PRCP,0,,,a,
ASN00023718,19380405,PRCP,0,,,a,
ASN00023718,19380406,PRCP,0,,,a,
ASN00023718,19380407,PRCP,0,,,a,
ASN00023718,19380408,PRCP,0,,,a,
ASN00023718,19380409,PRCP,0,,,a,
ASN00023718,19380410,PRCP,0,,,a,
ASN00023718,19380411,PRCP,0,,,a,
ASN00023718,19380412,PRCP,0,,,a,
ASN00023718,19380413,PRCP,13,,,a,
ASN00023718,19380414,PRCP,0,,,a,
ASN00023718,19380419,PRCP,13,,,a,
ASN00023718,19380420,PRCP,15,,,a,
ASN00023718,19380421,PRCP,0,,,a,
ASN00023718,19380422,PRCP,0,,,a,
ASN00023718,19380423,PRCP,0,,,a,
ASN00023718,19380426,PRCP,221,,,a,
ASN00023718,19380427,PRCP,51,,,a,
ASN00023718,19380428,PRCP,20,,,a,
ASN00023718,19380429,PRCP,5,,,a,
ASN00023718,19380430,PRCP,0,,,a,
ASN00023718,19380416,DAPR,2,,,a,
ASN00023718,19380418,DAPR,2,,,a,
ASN00023718,19380425,DAPR,2,,,a,
ASN00023718,19380416,DWPR,1,,,a,
ASN00023718,19380418,DWPR,1,,,a,
ASN00023718,19380425,DWPR,1,,,a,
ASN00023718,19380416,MDPR,185,,,a,
ASN00023718,19380418,MDPR,345,,,a,
ASN00023718,19380425,MDPR,211,,,a,
ASN00023718,19380501,PRCP,0,,,a,
ASN00023718,19380502,PRCP,0,,,a,
ASN00023718,19380503,PRCP,0,,,a,
ASN00023718,19380504,PRCP,18,,,a,
ASN00023718,19380505,PRCP,0,,,a,
ASN00023718,19380506,PRCP,0,,,a,
ASN00023718,19380507,PRCP,0,,,a,
ASN00023718,19380508,PRCP,0,,,a,
ASN00023718,19380509,PRCP,0,,,a,
ASN00023718,19380510,PRCP,0,,,a,
ASN00023718,19380511,PRCP,0,,,a,
ASN00023718,19380512,PRCP,0,,,a,
ASN00023718,19380513,PRCP,0,,,a,
ASN00023718,19380514,PRCP,0,,,a,
ASN00023718,19380515,PRCP,0,,,a,
ASN00023718,19380516,PRCP,0,,,a,
ASN00023718,19380517,PRCP,41,,,a,
ASN00023718,19380518,PRCP,0,,,a,
ASN00023718,19380519,PRCP,0,,,a,
ASN00023718,19380520,PRCP,0,,,a,
ASN00023718,19380521,PRCP,0,,,a,
ASN00023718,19380522,PRCP,0,,,a,
ASN00023718,19380523,PRCP,0,,,a,
ASN00023718,19380524,PRCP,0,,,a,
ASN00023718,19380525,PRCP,0,,,a,
ASN00023718,19380526,PRCP,0,,,a,
ASN00023718,19380527,PRCP,8,,,a,
ASN00023718,19380528,PRCP,0,,,a,
ASN00023718,19380531,PRCP,15,,,a,
ASN00023718,19380530,DAPR,2,,,a,
ASN00023718,19380530,DWPR,1,,,a,
ASN00023718,19380530,MDPR,53,,,a,
ASN00023718,19380601,PRCP,30,,,a,
ASN00023718,19380602,PRCP,41,,,a,
ASN00023718,19380603,PRCP,0,,,a,
ASN00023718,19380604,PRCP,0,,,a,
ASN00023718,19380605,PRCP,0,,,a,
ASN00023718,19380606,PRCP,10,,,a,
ASN00023718,19380607,PRCP,23,,,a,
ASN00023718,19380608,PRCP,0,,,a,
ASN00023718,19380609,PRCP,51,,,a,
ASN00023718,19380610,PRCP,0,,,a,
ASN00023718,19380611,PRCP,0,,,a,
ASN00023718,19380612,PRCP,0,,,a,
ASN00023718,19380613,PRCP,0,,,a,
ASN00023718,19380614,PRCP,5,,,a,
ASN00023718,19380615,PRCP,152,,,a,
ASN00023718,19380616,PRCP,0,,,a,
ASN00023718,19380617,PRCP,0,,,a,
ASN00023718,19380618,PRCP,10,,,a,
ASN00023718,19380619,PRCP,0,,,a,
ASN00023718,19380620,PRCP,8,,,a,
ASN00023718,19380621,PRCP,0,,,a,
ASN00023718,19380622,PRCP,0,,,a,
ASN00023718,19380623,PRCP,0,,,a,
ASN00023718,19380624,PRCP,8,,,a,
ASN00023718,19380625,PRCP,71,,,a,
ASN00023718,19380628,PRCP,41,,,a,
ASN00023718,19380629,PRCP,36,,,a,
ASN00023718,19380630,PRCP,5,,,a,
ASN00023718,19380627,DAPR,2,,,a,
ASN00023718,19380627,DWPR,1,,,a,
ASN00023718,19380627,MDPR,51,,,a,
ASN00023718,19380701,PRCP,30,,,a,
ASN00023718,19380702,PRCP,41,,,a,
ASN00023718,19380705,PRCP,8,,,a,
ASN00023718,19380706,PRCP,0,,,a,
ASN00023718,19380707,PRCP,0,,,a,
ASN00023718,19380708,PRCP,0,,,a,
ASN00023718,19380709,PRCP,0,,,a,
ASN00023718,19380710,PRCP,0,,,a,
ASN00023718,19380711,PRCP,0,,,a,
ASN00023718,19380712,PRCP,0,,,a,
ASN00023718,19380713,PRCP,0,,,a,
ASN00023718,19380714,PRCP,0,,,a,
ASN00023718,19380715,PRCP,0,,,a,
ASN00023718,19380716,PRCP,25,,,a,
ASN00023718,19380717,PRCP,0,,,a,
ASN00023718,19380718,PRCP,0,,,a,
ASN00023718,19380719,PRCP,38,,,a,
ASN00023718,19380720,PRCP,0,,,a,
ASN00023718,19380721,PRCP,81,,,a,
ASN00023718,19380722,PRCP,0,,,a,
ASN00023718,19380723,PRCP,0,,,a,
ASN00023718,19380726,PRCP,0,,,a,
ASN00023718,19380727,PRCP,10,,,a,
ASN00023718,19380728,PRCP,5,,,a,
ASN00023718,19380729,PRCP,38,,,a,
ASN00023718,19380730,PRCP,94,,,a,
ASN00023718,19380731,PRCP,0,,,a,
ASN00023718,19380704,DAPR,2,,,a,
ASN00023718,19380725,DAPR,2,,,a,
ASN00023718,19380704,DWPR,1,,,a,
ASN00023718,19380725,DWPR,1,,,a,
ASN00023718,19380704,MDPR,30,,,a,
ASN00023718,19380725,MDPR,272,,,a,
ASN00023718,19380801,PRCP,51,,,a,
ASN00023718,19380802,PRCP,0,,,a,
ASN00023718,19380803,PRCP,0,,,a,
ASN00023718,19380804,PRCP,0,,,a,
ASN00023718,19380805,PRCP,0,,,a,
ASN00023718,19380806,PRCP,41,,,a,
ASN00023718,19380809,PRCP,18,,,a,
ASN00023718,19380810,PRCP,0,,,a,
ASN00023718,19380811,PRCP,0,,,a,
ASN00023718,19380812,PRCP,0,,,a,
ASN00023718,19380813,PRCP,0,,,a,
ASN00023718,19380816,PRCP,8,,,a,
ASN00023718,19380817,PRCP,0,,,a,
ASN00023718,19380818,PRCP,0,,,a,
ASN00023718,19380819,PRCP,0,,,a,
ASN00023718,19380820,PRCP,0,,,a,
ASN00023718,19380821,PRCP,0,,,a,
ASN00023718,19380822,PRCP,0,,,a,
ASN00023718,19380823,PRCP,0,,,a,
ASN00023718,19380824,PRCP,178,,,a,
ASN00023718,19380825,PRCP,5,,,a,
ASN00023718,19380826,PRCP,36,,,a,
ASN00023718,19380827,PRCP,8,,,a,
ASN00023718,19380830,PRCP,0,,,a,
ASN00023718,19380831,PRCP,28,,,a,
ASN00023718,19380808,DAPR,2,,,a,
ASN00023718,19380815,DAPR,2,,,a,
ASN00023718,19380829,DAPR,2,,,a,
ASN00023718,19380808,DWPR,1,,,a,
ASN00023718,19380815,DWPR,1,,,a,
ASN00023718,19380829,DWPR,1,,,a,
ASN00023718,19380808,MDPR,86,,,a,
ASN00023718,19380815,MDPR,84,,,a,
ASN00023718,19380829,MDPR,114,,,a,
ASN00023718,19380901,PRCP,0,,,a,
ASN00023718,19380902,PRCP,0,,,a,
ASN00023718,19380903,PRCP,0,,,a,
ASN00023718,19380906,PRCP,0,,,a,
ASN00023718,19380907,PRCP,0,,,a,
ASN00023718,19380908,PRCP,0,,,a,
ASN00023718,19380909,PRCP,48,,,a,
ASN00023718,19380910,PRCP,0,,,a,
ASN00023718,19380911,PRCP,0,,,a,
ASN00023718,19380912,PRCP,13,,,a,
ASN00023718,19380913,PRCP,0,,,a,
ASN00023718,19380914,PRCP,0,,,a,
ASN00023718,19380915,PRCP,0,,,a,
ASN00023718,19380916,PRCP,89,,,a,
ASN00023718,19380917,PRCP,41,,,a,
ASN00023718,19380918,PRCP,0,,,a,
ASN00023718,19380919,PRCP,13,,,a,
ASN00023718,19380920,PRCP,0,,,a,
ASN00023718,19380921,PRCP,0,,,a,
ASN00023718,19380922,PRCP,0,,,a,
ASN00023718,19380923,PRCP,0,,,a,
ASN00023718,19380924,PRCP,0,,,a,
ASN00023718,19380925,PRCP,0,,,a,
ASN00023718,19380926,PRCP,0,,,a,
ASN00023718,19380927,PRCP,15,,,a,
ASN00023718,19380928,PRCP,0,,,a,
ASN00023718,19380929,PRCP,0,,,a,
ASN00023718,19380930,PRCP,8,,,a,
ASN00023718,19380905,DAPR,2,,,a,
ASN00023718,19380905,DWPR,1,,,a,
ASN00023718,19380905,MDPR,33,,,a,
ASN00023718,19381001,PRCP,0,,,a,
ASN00023718,19381002,PRCP,0,,,a,
ASN00023718,19381003,PRCP,0,,,a,
ASN00023718,19381004,PRCP,0,,,a,
ASN00023718,19381005,PRCP,0,,,a,
ASN00023718,19381006,PRCP,0,,,a,
ASN00023718,19381007,PRCP,33,,,a,
ASN00023718,19381008,PRCP,0,,,a,
ASN00023718,19381009,PRCP,0,,,a,
ASN00023718,19381010,PRCP,0,,,a,
ASN00023718,19381011,PRCP,0,,,a,
ASN00023718,19381012,PRCP,0,,,a,
ASN00023718,19381013,PRCP,0,,,a,
ASN00023718,19381014,PRCP,0,,,a,
ASN00023718,19381015,PRCP,114,,,a,
ASN00023718,19381016,PRCP,0,,,a,
ASN00023718,19381017,PRCP,0,,,a,
ASN00023718,19381018,PRCP,0,,,a,
ASN00023718,19381019,PRCP,0,,,a,
ASN00023718,19381020,PRCP,0,,,a,
ASN00023718,19381021,PRCP,0,,,a,
ASN00023718,19381022,PRCP,0,,,a,
ASN00023718,19381023,PRCP,0,,,a,
ASN00023718,19381024,PRCP,15,,,a,
ASN00023718,19381025,PRCP,0,,,a,
ASN00023718,19381026,PRCP,13,,,a,
ASN00023718,19381027,PRCP,0,,,a,
ASN00023718,19381028,PRCP,0,,,a,
ASN00023718,19381029,PRCP,0,,,a,
ASN00023718,19381031,DAPR,2,,,a,
ASN00023718,19381031,DWPR,1,,,a,
ASN00023718,19381031,MDPR,53,,,a,
ASN00023718,19381101,PRCP,8,,,a,
ASN00023718,19381102,PRCP,0,,,a,
ASN00023718,19381103,PRCP,0,,,a,
ASN00023718,19381104,PRCP,30,,,a,
ASN00023718,19381105,PRCP,0,,,a,
ASN00023718,19381106,PRCP,0,,,a,
ASN00023718,19381107,PRCP,0,,,a,
ASN00023718,19381108,PRCP,0,,,a,
ASN00023718,19381109,PRCP,3,,,a,
ASN00023718,19381110,PRCP,13,,,a,
ASN00023718,19381111,PRCP,5,,,a,
ASN00023718,19381112,PRCP,0,,,a,
ASN00023718,19381113,PRCP,0,,,a,
ASN00023718,19381114,PRCP,0,,,a,
ASN00023718,19381115,PRCP,0,,,a,
ASN00023718,19381116,PRCP,0,,,a,
ASN00023718,19381117,PRCP,0,,,a,
ASN00023718,19381118,PRCP,0,,,a,
ASN00023718,19381119,PRCP,0,,,a,
ASN00023718,19381120,PRCP,0,,,a,
ASN00023718,19381121,PRCP,0,,,a,
ASN00023718,19381122,PRCP,0,,,a,
ASN00023718,19381123,PRCP,0,,,a,
ASN00023718,19381124,PRCP,0,,,a,
ASN00023718,19381125,PRCP,0,,,a,
ASN00023718,19381126,PRCP,0,,,a,
ASN00023718,19381129,PRCP,0,,,a,
ASN00023718,19381130,PRCP,18,,,a,
ASN00023718,19381128,DAPR,2,,,a,
ASN00023718,19381128,DWPR,1,,,a,
ASN00023718,19381128,MDPR,76,,,a,
ASN00023718,19381201,PRCP,0,,,a,
ASN00023718,19381202,PRCP,0,,,a,
ASN00023718,19381203,PRCP,0,,,a,
ASN00023718,19381204,PRCP,0,,,a,
ASN00023718,19381205,PRCP,0,,,a,
ASN00023718,19381206,PRCP,0,,,a,
ASN00023718,19381207,PRCP,0,,,a,
ASN00023718,19381208,PRCP,0,,,a,
ASN00023718,19381209,PRCP,0,,,a,
ASN00023718,19381210,PRCP,0,,,a,
ASN00023718,19381211,PRCP,0,,,a,
ASN00023718,19381212,PRCP,13,,,a,
ASN00023718,19381213,PRCP,0,,,a,
ASN00023718,19381214,PRCP,0,,,a,
ASN00023718,19381215,PRCP,0,,,a,
ASN00023718,19381216,PRCP,0,,,a,
ASN00023718,19381217,PRCP,0,,,a,
ASN00023718,19381218,PRCP,0,,,a,
ASN00023718,19381219,PRCP,0,,,a,
ASN00023718,19381220,PRCP,0,,,a,
ASN00023718,19381221,PRCP,0,,,a,
ASN00023718,19381222,PRCP,0,,,a,
ASN00023718,19381223,PRCP,0,,,a,
ASN00023718,19381224,PRCP,0,,,a,
ASN00023718,19381225,PRCP,0,,,a,
ASN00023718,19381226,PRCP,0,,,a,
ASN00023718,19381227,PRCP,104,,,a,
ASN00023718,19381228,PRCP,36,,,a,
ASN00023718,19381229,PRCP,0,,,a,
ASN00023718,19381230,PRCP,0,,,a,
ASN00023718,19381231,PRCP,0,,,a,
ASN00023718,19390101,PRCP,0,,,a,
ASN00023718,19390102,PRCP,0,,,a,
ASN00023718,19390103,PRCP,5,,,a,
ASN00023718,19390104,PRCP,46,,,a,
ASN00023718,19390105,PRCP,0,,,a,
ASN00023718,19390106,PRCP,0,,,a,
ASN00023718,19390107,PRCP,0,,,a,
ASN00023718,19390108,PRCP,0,,,a,
ASN00023718,19390109,PRCP,0,,,a,
ASN00023718,19390110,PRCP,0,,,a,
ASN00023718,19390111,PRCP,0,,,a,
ASN00023718,19390112,PRCP,0,,,a,
ASN00023718,19390113,PRCP,0,,,a,
ASN00023718,19390114,PRCP,0,,,a,
ASN00023718,19390117,PRCP,48,,,a,
ASN00023718,19390118,PRCP,0,,,a,
ASN00023718,19390119,PRCP,0,,,a,
ASN00023718,19390120,PRCP,0,,,a,
ASN00023718,19390121,PRCP,0,,,a,
ASN00023718,19390122,PRCP,0,,,a,
ASN00023718,19390123,PRCP,0,,,a,
ASN00023718,19390124,PRCP,0,,,a,
ASN00023718,19390125,PRCP,38,,,a,
ASN00023718,19390126,PRCP,0,,,a,
ASN00023718,19390127,PRCP,0,,,a,
ASN00023718,19390128,PRCP,0,,,a,
ASN00023718,19390129,PRCP,0,,,a,
ASN00023718,19390130,PRCP,0,,,a,
ASN00023718,19390131,PRCP,0,,,a,
ASN00023718,19390116,DAPR,2,,,a,
ASN00023718,19390116,DWPR,1,,,a,
ASN00023718,19390116,MDPR,528,,,a,
ASN00023718,19390201,PRCP,0,,,a,
ASN00023718,19390202,PRCP,71,,,a,
ASN00023718,19390203,PRCP,0,,,a,
ASN00023718,19390204,PRCP,0,,,a,
ASN00023718,19390205,PRCP,0,,,a,
ASN00023718,19390206,PRCP,0,,,a,
ASN00023718,19390207,PRCP,0,,,a,
ASN00023718,19390208,PRCP,0,,,a,
ASN00023718,19390209,PRCP,0,,,a,
ASN00023718,19390210,PRCP,0,,,a,
ASN00023718,19390211,PRCP,0,,,a,
ASN00023718,19390212,PRCP,0,,,a,
ASN00023718,19390213,PRCP,0,,,a,
ASN00023718,19390214,PRCP,0,,,a,
ASN00023718,19390215,PRCP,0,,,a,
ASN00023718,19390216,PRCP,0,,,a,
ASN00023718,19390217,PRCP,91,,,a,
ASN00023718,19390218,PRCP,0,,,a,
ASN00023718,19390219,PRCP,0,,,a,
ASN00023718,19390220,PRCP,0,,,a,
ASN00023718,19390221,PRCP,0,,,a,
ASN00023718,19390222,PRCP,0,,,a,
ASN00023718,19390223,PRCP,41,,,a,
ASN00023718,19390224,PRCP,0,,,a,
ASN00023718,19390225,PRCP,0,,,a,
ASN00023718,19390226,PRCP,0,,,a,
ASN00023718,19390227,PRCP,8,,,a,
ASN00023718,19390228,PRCP,246,,,a,
ASN00023718,19390301,PRCP,18,,,a,
ASN00023718,19390302,PRCP,10,,,a,
ASN00023718,19390303,PRCP,0,,,a,
ASN00023718,19390304,PRCP,0,,,a,
ASN00023718,19390305,PRCP,0,,,a,
ASN00023718,19390306,PRCP,0,,,a,
ASN00023718,19390307,PRCP,0,,,a,
ASN00023718,19390308,PRCP,0,,,a,
ASN00023718,19390309,PRCP,0,,,a,
ASN00023718,19390310,PRCP,0,,,a,
ASN00023718,19390311,PRCP,0,,,a,
ASN00023718,19390314,PRCP,0,,,a,
ASN00023718,19390315,PRCP,0,,,a,
ASN00023718,19390316,PRCP,0,,,a,
ASN00023718,19390317,PRCP,0,,,a,
ASN00023718,19390318,PRCP,0,,,a,
ASN00023718,19390319,PRCP,0,,,a,
ASN00023718,19390320,PRCP,0,,,a,
ASN00023718,19390321,PRCP,0,,,a,
ASN00023718,19390322,PRCP,18,,,a,
ASN00023718,19390323,PRCP,0,,,a,
ASN00023718,19390324,PRCP,0,,,a,
ASN00023718,19390325,PRCP,0,,,a,
ASN00023718,19390326,PRCP,0,,,a,
ASN00023718,19390327,PRCP,0,,,a,
ASN00023718,19390328,PRCP,0,,,a,
ASN00023718,19390329,PRCP,0,,,a,
ASN00023718,19390330,PRCP,0,,,a,
ASN00023718,19390331,PRCP,0,,,a,
ASN00023718,19390313,DAPR,2,,,a,
ASN00023718,19390313,DWPR,1,,,a,
ASN00023718,19390313,MDPR,53,,,a,
ASN00023718,19390401,PRCP,10,,,a,
ASN00023718,19390402,PRCP,0,,,a,
ASN00023718,19390403,PRCP,0,,,a,
ASN00023718,19390404,PRCP,0,,,a,
ASN00023718,19390405,PRCP,0,,,a,
ASN00023718,19390406,PRCP,132,,,a,
ASN00023718,19390407,PRCP,0,,,a,
ASN00023718,19390408,PRCP,13,,,a,
ASN00023718,19390409,PRCP,0,,,a,
ASN00023718,19390410,PRCP,0,,,a,
ASN00023718,19390411,PRCP,0,,,a,
ASN00023718,19390412,PRCP,0,,,a,
ASN00023718,19390413,PRCP,0,,,a,
ASN00023718,19390414,PRCP,0,,,a,
ASN00023718,19390415,PRCP,0,,,a,
ASN00023718,19390418,PRCP,25,,,a,
ASN00023718,19390419,PRCP,0,,,a,
ASN00023718,19390420,PRCP,0,,,a,
ASN00023718,19390421,PRCP,0,,,a,
ASN00023718,19390422,PRCP,0,,,a,
ASN00023718,19390425,PRCP,10,,,a,
ASN00023718,19390426,PRCP,15,,,a,
ASN00023718,19390427,PRCP,0,,,a,
ASN00023718,19390428,PRCP,8,,,a,
ASN00023718,19390429,PRCP,20,,,a,
ASN00023718,19390430,PRCP,0,,,a,
ASN00023718,19390417,DAPR,2,,,a,
ASN00023718,19390424,DAPR,2,,,a,
ASN00023718,19390417,DWPR,1,,,a,
ASN00023718,19390424,DWPR,1,,,a,
ASN00023718,19390417,MDPR,79,,,a,
ASN00023718,19390424,MDPR,46,,,a,
ASN00023718,19390501,PRCP,0,,,a,
ASN00023718,19390502,PRCP,0,,,a,
ASN00023718,19390503,PRCP,0,,,a,
ASN00023718,19390504,PRCP,0,,,a,
ASN00023718,19390505,PRCP,8,,,a,
ASN00023718,19390506,PRCP,0,,,a,
ASN00023718,19390507,PRCP,0,,,a,
ASN00023718,19390508,PRCP,0,,,a,
ASN00023718,19390509,PRCP,0,,,a,
ASN00023718,19390510,PRCP,0,,,a,
ASN00023718,19390511,PRCP,3,,,a,
ASN00023718,19390512,PRCP,0,,,a,
ASN00023718,19390513,PRCP,48,,,a,
ASN00023718,19390516,PRCP,102,,,a,
ASN00023718,19390517,PRCP,3,,,a,
ASN00023718,19390518,PRCP,0,,,a,
ASN00023718,19390519,PRCP,18,,,a,
ASN00023718,19390520,PRCP,8,,,a,
ASN00023718,19390521,PRCP,0,,,a,
ASN00023718,19390522,PRCP,20,,,a,
ASN00023718,19390523,PRCP,64,,,a,
ASN00023718,19390524,PRCP,8,,,a,
ASN00023718,19390525,PRCP,10,,,a,
ASN00023718,19390526,PRCP,0,,,a,
ASN00023718,19390527,PRCP,0,,,a,
ASN00023718,19390528,PRCP,0,,,a,
ASN00023718,19390529,PRCP,0,,,a,
ASN00023718,19390530,PRCP,0,,,a,
ASN00023718,19390531,PRCP,8,,,a,
ASN00023718,19390515,DAPR,2,,,a,
ASN00023718,19390515,DWPR,1,,,a,
ASN00023718,19390515,MDPR,84,,,a,
ASN00023718,19390601,PRCP,254,,,a,
ASN00023718,19390602,PRCP,488,,,a,
ASN00023718,19390603,PRCP,66,,,a,
ASN00023718,19390604,PRCP,0,,,a,
ASN00023718,19390605,PRCP,8,,,a,
ASN00023718,19390606,PRCP,0,,,a,
ASN00023718,19390607,PRCP,15,,,a,
ASN00023718,19390608,PRCP,18,,,a,
ASN00023718,19390609,PRCP,0,,,a,
ASN00023718,19390610,PRCP,0,,,a,
ASN00023718,19390611,PRCP,0,,,a,
ASN00023718,19390612,PRCP,0,,,a,
ASN00023718,19390613,PRCP,8,,,a,
ASN00023718,19390614,PRCP,0,,,a,
ASN00023718,19390615,PRCP,0,,,a,
ASN00023718,19390616,PRCP,0,,,a,
ASN00023718,19390617,PRCP,0,,,a,
ASN00023718,19390620,PRCP,15,,,a,
ASN00023718,19390621,PRCP,8,,,a,
ASN00023718,19390622,PRCP,0,,,a,
ASN00023718,19390623,PRCP,0,,,a,
ASN00023718,19390624,PRCP,5,,,a,
ASN00023718,19390627,PRCP,36,,,a,
ASN00023718,19390628,PRCP,0,,,a,
ASN00023718,19390629,PRCP,18,,,a,
ASN00023718,19390630,PRCP,109,,,a,
ASN00023718,19390619,DAPR,2,,,a,
ASN00023718,19390626,DAPR,2,,,a,
ASN00023718,19390619,DWPR,1,,,a,
ASN00023718,19390626,DWPR,1,,,a,
ASN00023718,19390619,MDPR,25,,,a,
ASN00023718,19390626,MDPR,81,,,a,
ASN00023718,19390701,PRCP,58,,,a,
ASN00023718,19390702,PRCP,0,,,a,
ASN00023718,19390703,PRCP,18,,,a,
ASN00023718,19390704,PRCP,0,,,a,
ASN00023718,19390705,PRCP,0,,,a,
ASN00023718,19390706,PRCP,0,,,a,
ASN00023718,19390707,PRCP,0,,,a,
ASN00023718,19390708,PRCP,0,,,a,
ASN00023718,19390709,PRCP,0,,,a,
ASN00023718,19390710,PRCP,8,,,a,
ASN00023718,19390711,PRCP,86,,,a,
ASN00023718,19390712,PRCP,147,,,a,
ASN00023718,19390713,PRCP,5,,,a,
ASN00023718,19390714,PRCP,5,,,a,
ASN00023718,19390715,PRCP,0,,,a,
ASN00023718,19390716,PRCP,0,,,a,
ASN00023718,19390717,PRCP,8,,,a,
ASN00023718,19390718,PRCP,36,,,a,
ASN00023718,19390719,PRCP,5,,,a,
ASN00023718,19390720,PRCP,43,,,a,
ASN00023718,19390721,PRCP,0,,,a,
ASN00023718,19390722,PRCP,76,,,a,
ASN00023718,19390725,PRCP,0,,,a,
ASN00023718,19390726,PRCP,0,,,a,
ASN00023718,19390727,PRCP,0,,,a,
ASN00023718,19390728,PRCP,0,,,a,
ASN00023718,19390729,PRCP,0,,,a,
ASN00023718,19390730,PRCP,0,,,a,
ASN00023718,19390731,PRCP,13,,,a,
ASN00023718,19390724,DAPR,2,,,a,
ASN00023718,19390724,DWPR,1,,,a,
ASN00023718,19390724,MDPR,25,,,a,
ASN00023718,19390801,PRCP,13,,,a,
ASN00023718,19390802,PRCP,15,,,a,
ASN00023718,19390803,PRCP,0,,,a,
ASN00023718,19390804,PRCP,0,,,a,
ASN00023718,19390805,PRCP,0,,,a,
ASN00023718,19390808,PRCP,58,,,a,
ASN00023718,19390809,PRCP,28,,,a,
ASN00023718,19390810,PRCP,81,,,a,
ASN00023718,19390811,PRCP,18,,,a,
ASN00023718,19390812,PRCP,0,,,a,
ASN00023718,19390813,PRCP,0,,,a,
ASN00023718,19390814,PRCP,8,,,a,
ASN00023718,19390815,PRCP,13,,,a,
ASN00023718,19390816,PRCP,0,,,a,
ASN00023718,19390817,PRCP,0,,,a,
ASN00023718,19390818,PRCP,43,,,a,
ASN00023718,19390819,PRCP,0,,,a,
ASN00023718,19390822,PRCP,18,,,a,
ASN00023718,19390823,PRCP,74,,,a,
ASN00023718,19390824,PRCP,23,,,a,
ASN00023718,19390825,PRCP,0,,,a,
ASN00023718,19390826,PRCP,86,,,a,
ASN00023718,19390829,PRCP,97,,,a,
ASN00023718,19390830,PRCP,107,,,a,
ASN00023718,19390831,PRCP,13,,,a,
ASN00023718,19390807,DAPR,2,,,a,
ASN00023718,19390821,DAPR,2,,,a,
ASN00023718,19390828,DAPR,2,,,a,
ASN00023718,19390807,DWPR,1,,,a,
ASN00023718,19390821,DWPR,1,,,a,
ASN00023718,19390828,DWPR,1,,,a,
ASN00023718,19390807,MDPR,94,,,a,
ASN00023718,19390821,MDPR,203,,,a,
ASN00023718,19390828,MDPR,86,,,a,
ASN00023718,19390901,PRCP,0,,,a,
ASN00023718,19390902,PRCP,0,,,a,
ASN00023718,19390903,PRCP,79,,,a,
ASN00023718,19390904,PRCP,30,,,a,
ASN00023718,19390905,PRCP,0,,,a,
ASN00023718,19390906,PRCP,0,,,a,
ASN00023718,19390907,PRCP,0,,,a,
ASN00023718,19390908,PRCP,0,,,a,
ASN00023718,19390909,PRCP,0,,,a,
ASN00023718,19390912,PRCP,36,,,a,
ASN00023718,19390913,PRCP,8,,,a,
ASN00023718,19390914,PRCP,0,,,a,
ASN00023718,19390915,PRCP,0,,,a,
ASN00023718,19390916,PRCP,0,,,a,
ASN00023718,19390917,PRCP,0,,,a,
ASN00023718,19390918,PRCP,0,,,a,
ASN00023718,19390919,PRCP,0,,,a,
ASN00023718,19390920,PRCP,15,,,a,
ASN00023718,19390921,PRCP,23,,,a,
ASN00023718,19390922,PRCP,0,,,a,
ASN00023718,19390923,PRCP,0,,,a,
ASN00023718,19390924,PRCP,0,,,a,
ASN00023718,19390925,PRCP,0,,,a,
ASN00023718,19390926,PRCP,10,,,a,
ASN00023718,19390927,PRCP,0,,,a,
ASN00023718,19390928,PRCP,10,,,a,
ASN00023718,19390929,PRCP,0,,,a,
ASN00023718,19390930,PRCP,0,,,a,
ASN00023718,19390911,DAPR,2,,,a,
ASN00023718,19390911,DWPR,1,,,a,
ASN00023718,19390911,MDPR,69,,,a,
ASN00023718,19391001,PRCP,0,,,a,
ASN00023718,19391002,PRCP,0,,,a,
ASN00023718,19391003,PRCP,0,,,a,
ASN00023718,19391004,PRCP,0,,,a,
ASN00023718,19391005,PRCP,30,,,a,
ASN00023718,19391006,PRCP,46,,,a,
ASN00023718,19391007,PRCP,10,,,a,
ASN00023718,19391010,PRCP,13,,,a,
ASN00023718,19391011,PRCP,0,,,a,
ASN00023718,19391012,PRCP,0,,,a,
ASN00023718,19391013,PRCP,25,,,a,
ASN00023718,19391014,PRCP,10,,,a,
ASN00023718,19391017,PRCP,0,,,a,
ASN00023718,19391018,PRCP,0,,,a,
ASN00023718,19391019,PRCP,0,,,a,
ASN00023718,19391020,PRCP,0,,,a,
ASN00023718,19391021,PRCP,0,,,a,
ASN00023718,19391022,PRCP,0,,,a,
ASN00023718,19391023,PRCP,0,,,a,
ASN00023718,19391024,PRCP,0,,,a,
ASN00023718,19391025,PRCP,0,,,a,
ASN00023718,19391026,PRCP,0,,,a,
ASN00023718,19391027,PRCP,0,,,a,
ASN00023718,19391028,PRCP,0,,,a,
ASN00023718,19391029,PRCP,0,,,a,
ASN00023718,19391030,PRCP,0,,,a,
ASN00023718,19391031,PRCP,46,,,a,
ASN00023718,19391009,DAPR,2,,,a,
ASN00023718,19391016,DAPR,2,,,a,
ASN00023718,19391009,DWPR,1,,,a,
ASN00023718,19391016,DWPR,1,,,a,
ASN00023718,19391009,MDPR,81,,,a,
ASN00023718,19391016,MDPR,61,,,a,
ASN00023718,19391101,PRCP,333,,,a,
ASN00023718,19391102,PRCP,0,,,a,
ASN00023718,19391103,PRCP,69,,,a,
ASN00023718,19391104,PRCP,10,,,a,
ASN00023718,19391107,PRCP,41,,,a,
ASN00023718,19391108,PRCP,23,,,a,
ASN00023718,19391109,PRCP,0,,,a,
ASN00023718,19391110,PRCP,20,,,a,
ASN00023718,19391111,PRCP,0,,,a,
ASN00023718,19391112,PRCP,0,,,a,
ASN00023718,19391113,PRCP,0,,,a,
ASN00023718,19391114,PRCP,0,,,a,
ASN00023718,19391115,PRCP,51,,,a,
ASN00023718,19391116,PRCP,0,,,a,
ASN00023718,19391117,PRCP,0,,,a,
ASN00023718,19391118,PRCP,0,,,a,
ASN00023718,19391119,PRCP,0,,,a,
ASN00023718,19391120,PRCP,0,,,a,
ASN00023718,19391121,PRCP,5,,,a,
ASN00023718,19391122,PRCP,0,,,a,
ASN00023718,19391123,PRCP,0,,,a,
ASN00023718,19391124,PRCP,0,,,a,
ASN00023718,19391125,PRCP,0,,,a,
ASN00023718,19391126,PRCP,0,,,a,
ASN00023718,19391127,PRCP,20,,,a,
ASN00023718,19391128,PRCP,13,,,a,
ASN00023718,19391129,PRCP,18,,,a,
ASN00023718,19391130,PRCP,0,,,a,
ASN00023718,19391106,DAPR,2,,,a,
ASN00023718,19391106,DWPR,1,,,a,
ASN00023718,19391106,MDPR,178,,,a,
ASN00023718,19391201,PRCP,0,,,a,
ASN00023718,19391202,PRCP,0,,,a,
ASN00023718,19391203,PRCP,0,,,a,
ASN00023718,19391204,PRCP,13,,,a,
ASN00023718,19391205,PRCP,76,,,a,
ASN00023718,19391206,PRCP,18,,,a,
ASN00023718,19391207,PRCP,0,,,a,
ASN00023718,19391208,PRCP,13,,,a,
ASN00023718,19391209,PRCP,0,,,a,
ASN00023718,19391210,PRCP,0,,,a,
ASN00023718,19391211,PRCP,0,,,a,
ASN00023718,19391212,PRCP,0,,,a,
ASN00023718,19391213,PRCP,0,,,a,
ASN00023718,19391214,PRCP,8,,,a,
ASN00023718,19391215,PRCP,0,,,a,
ASN00023718,19391216,PRCP,0,,,a,
ASN00023718,19391217,PRCP,0,,,a,
ASN00023718,19391218,PRCP,0,,,a,
ASN00023718,19391219,PRCP,0,,,a,
ASN00023718,19391220,PRCP,0,,,a,
ASN00023718,19391221,PRCP,0,,,a,
ASN00023718,19391222,PRCP,38,,,a,
ASN00023718,19391223,PRCP,0,,,a,
ASN00023718,19391224,PRCP,0,,,a,
ASN00023718,19391225,PRCP,0,,,a,
ASN00023718,19391226,PRCP,0,,,a,
ASN00023718,19391227,PRCP,0,,,a,
ASN00023718,19391228,PRCP,0,,,a,
ASN00023718,19391229,PRCP,0,,,a,
ASN00023718,19391230,PRCP,0,,,a,
ASN00023718,19391231,PRCP,0,,,a,
ASN00023718,19400101,PRCP,0,,,a,
ASN00023718,19400102,PRCP,0,,,a,
ASN00023718,19400103,PRCP,0,,,a,
ASN00023718,19400104,PRCP,0,,,a,
ASN00023718,19400105,PRCP,147,,,a,
ASN00023718,19400106,PRCP,0,,,a,
ASN00023718,19400107,PRCP,0,,,a,
ASN00023718,19400108,PRCP,0,,,a,
ASN00023718,19400109,PRCP,0,,,a,
ASN00023718,19400110,PRCP,0,,,a,
ASN00023718,19400111,PRCP,0,,,a,
ASN00023718,19400112,PRCP,0,,,a,
ASN00023718,19400113,PRCP,0,,,a,
ASN00023718,19400114,PRCP,0,,,a,
ASN00023718,19400115,PRCP,20,,,a,
ASN00023718,19400116,PRCP,0,,,a,
ASN00023718,19400117,PRCP,0,,,a,
ASN00023718,19400118,PRCP,0,,,a,
ASN00023718,19400119,PRCP,0,,,a,
ASN00023718,19400120,PRCP,0,,,a,
ASN00023718,19400123,PRCP,0,,,a,
ASN00023718,19400124,PRCP,0,,,a,
ASN00023718,19400125,PRCP,20,,,a,
ASN00023718,19400126,PRCP,0,,,a,
ASN00023718,19400127,PRCP,0,,,a,
ASN00023718,19400128,PRCP,0,,,a,
ASN00023718,19400129,PRCP,0,,,a,
ASN00023718,19400130,PRCP,0,,,a,
ASN00023718,19400131,PRCP,0,,,a,
ASN00023718,19400122,DAPR,2,,,a,
ASN00023718,19400122,DWPR,1,,,a,
ASN00023718,19400122,MDPR,66,,,a,
ASN00023718,19400201,PRCP,0,,,a,
ASN00023718,19400202,PRCP,0,,,a,
ASN00023718,19400203,PRCP,0,,,a,
ASN00023718,19400204,PRCP,0,,,a,
ASN00023718,19400205,PRCP,0,,,a,
ASN00023718,19400206,PRCP,0,,,a,
ASN00023718,19400207,PRCP,0,,,a,
ASN00023718,19400208,PRCP,0,,,a,
ASN00023718,19400209,PRCP,0,,,a,
ASN00023718,19400210,PRCP,0,,,a,
ASN00023718,19400211,PRCP,0,,,a,
ASN00023718,19400212,PRCP,0,,,a,
ASN00023718,19400213,PRCP,0,,,a,
ASN00023718,19400214,PRCP,0,,,a,
ASN00023718,19400215,PRCP,8,,,a,
ASN00023718,19400216,PRCP,0,,,a,
ASN00023718,19400217,PRCP,0,,,a,
ASN00023718,19400218,PRCP,0,,,a,
ASN00023718,19400219,PRCP,0,,,a,
ASN00023718,19400220,PRCP,0,,,a,
ASN00023718,19400221,PRCP,0,,,a,
ASN00023718,19400222,PRCP,0,,,a,
ASN00023718,19400223,PRCP,8,,,a,
ASN00023718,19400224,PRCP,0,,,a,
ASN00023718,19400225,PRCP,0,,,a,
ASN00023718,19400226,PRCP,0,,,a,
ASN00023718,19400227,PRCP,15,,,a,
ASN00023718,19400228,PRCP,51,,,a,
ASN00023718,19400229,PRCP,104,,,a,
ASN00023718,19400301,PRCP,10,,,a,
ASN00023718,19400302,PRCP,0,,,a,
ASN00023718,19400303,PRCP,0,,,a,
ASN00023718,19400304,PRCP,0,,,a,
ASN00023718,19400305,PRCP,0,,,a,
ASN00023718,19400306,PRCP,0,,,a,
ASN00023718,19400307,PRCP,0,,,a,
ASN00023718,19400308,PRCP,0,,,a,
ASN00023718,19400309,PRCP,0,,,a,
ASN00023718,19400310,PRCP,0,,,a,
ASN00023718,19400311,PRCP,0,,,a,
ASN00023718,19400312,PRCP,0,,,a,
ASN00023718,19400313,PRCP,0,,,a,
ASN00023718,19400314,PRCP,0,,,a,
ASN00023718,19400315,PRCP,0,,,a,
ASN00023718,19400316,PRCP,0,,,a,
ASN00023718,19400317,PRCP,0,,,a,
ASN00023718,19400318,PRCP,0,,,a,
ASN00023718,19400319,PRCP,13,,,a,
ASN00023718,19400320,PRCP,0,,,a,
ASN00023718,19400321,PRCP,0,,,a,
ASN00023718,19400322,PRCP,0,,,a,
ASN00023718,19400323,PRCP,0,,,a,
ASN00023718,19400324,PRCP,0,,,a,
ASN00023718,19400325,PRCP,0,,,a,
ASN00023718,19400326,PRCP,0,,,a,
ASN00023718,19400327,PRCP,0,,,a,
ASN00023718,19400328,PRCP,0,,,a,
ASN00023718,19400329,PRCP,0,,,a,
ASN00023718,19400330,PRCP,0,,,a,
ASN00023718,19400331,PRCP,114,,,a,
ASN00023718,19400401,PRCP,0,,,a,
ASN00023718,19400402,PRCP,0,,,a,
ASN00023718,19400403,PRCP,0,,,a,
ASN00023718,19400404,PRCP,0,,,a,
ASN00023718,19400405,PRCP,0,,,a,
ASN00023718,19400406,PRCP,0,,,a,
ASN00023718,19400407,PRCP,64,,,a,
ASN00023718,19400408,PRCP,0,,,a,
ASN00023718,19400409,PRCP,3,,,a,
ASN00023718,19400410,PRCP,0,,,a,
ASN00023718,19400411,PRCP,0,,,a,
ASN00023718,19400412,PRCP,0,,,a,
ASN00023718,19400413,PRCP,53,,,a,
ASN00023718,19400416,PRCP,15,,,a,
ASN00023718,19400417,PRCP,10,,,a,
ASN00023718,19400418,PRCP,13,,,a,
ASN00023718,19400419,PRCP,0,,,a,
ASN00023718,19400420,PRCP,0,,,a,
ASN00023718,19400421,PRCP,0,,,a,
ASN00023718,19400422,PRCP,0,,,a,
ASN00023718,19400423,PRCP,0,,,a,
ASN00023718,19400424,PRCP,241,,,a,
ASN00023718,19400425,PRCP,91,,,a,
ASN00023718,19400426,PRCP,41,,,a,
ASN00023718,19400427,PRCP,13,,,a,
ASN00023718,19400428,PRCP,0,,,a,
ASN00023718,19400429,PRCP,0,,,a,
ASN00023718,19400430,PRCP,122,,,a,
ASN00023718,19400415,DAPR,2,,,a,
ASN00023718,19400415,DWPR,1,,,a,
ASN00023718,19400415,MDPR,74,,,a,
ASN00023718,19400501,PRCP,135,,,a,
ASN00023718,19400502,PRCP,30,,,a,
ASN00023718,19400503,PRCP,13,,,a,
ASN00023718,19400504,PRCP,10,,,a,
ASN00023718,19400505,PRCP,0,,,a,
ASN00023718,19400506,PRCP,8,,,a,
ASN00023718,19400507,PRCP,0,,,a,
ASN00023718,19400508,PRCP,0,,,a,
ASN00023718,19400509,PRCP,0,,,a,
ASN00023718,19400510,PRCP,0,,,a,
ASN00023718,19400511,PRCP,33,,,a,
ASN00023718,19400512,PRCP,0,,,a,
ASN00023718,19400513,PRCP,8,,,a,
ASN00023718,19400514,PRCP,0,,,a,
ASN00023718,19400515,PRCP,0,,,a,
ASN00023718,19400516,PRCP,0,,,a,
ASN00023718,19400517,PRCP,36,,,a,
ASN00023718,19400518,PRCP,8,,,a,
ASN00023718,19400519,PRCP,0,,,a,
ASN00023718,19400520,PRCP,0,,,a,
ASN00023718,19400521,PRCP,0,,,a,
ASN00023718,19400522,PRCP,0,,,a,
ASN00023718,19400523,PRCP,0,,,a,
ASN00023718,19400524,PRCP,0,,,a,
ASN00023718,19400525,PRCP,5,,,a,
ASN00023718,19400526,PRCP,0,,,a,
ASN00023718,19400527,PRCP,0,,,a,
ASN00023718,19400528,PRCP,0,,,a,
ASN00023718,19400529,PRCP,0,,,a,
ASN00023718,19400530,PRCP,51,,,a,
ASN00023718,19400531,PRCP,0,,,a,
ASN00023718,19400601,PRCP,0,,,a,
ASN00023718,19400602,PRCP,0,,,a,
ASN00023718,19400603,PRCP,18,,,a,
ASN00023718,19400604,PRCP,0,,,a,
ASN00023718,19400605,PRCP,0,,,a,
ASN00023718,19400606,PRCP,13,,,a,
ASN00023718,19400607,PRCP,36,,,a,
ASN00023718,19400608,PRCP,15,,,a,
ASN00023718,19400609,PRCP,0,,,a,
ASN00023718,19400610,PRCP,0,,,a,
ASN00023718,19400611,PRCP,0,,,a,
ASN00023718,19400612,PRCP,0,,,a,
ASN00023718,19400613,PRCP,0,,,a,
ASN00023718,19400614,PRCP,0,,,a,
ASN00023718,19400615,PRCP,8,,,a,
ASN00023718,19400618,PRCP,0,,,a,
ASN00023718,19400619,PRCP,0,,,a,
ASN00023718,19400620,PRCP,30,,,a,
ASN00023718,19400621,PRCP,13,,,a,
ASN00023718,19400622,PRCP,28,,,a,
ASN00023718,19400623,PRCP,0,,,a,
ASN00023718,19400624,PRCP,15,,,a,
ASN00023718,19400625,PRCP,0,,,a,
ASN00023718,19400626,PRCP,0,,,a,
ASN00023718,19400627,PRCP,0,,,a,
ASN00023718,19400628,PRCP,0,,,a,
ASN00023718,19400629,PRCP,0,,,a,
ASN00023718,19400630,PRCP,0,,,a,
ASN00023718,19400617,DAPR,2,,,a,
ASN00023718,19400617,DWPR,1,,,a,
ASN00023718,19400617,MDPR,25,,,a,
ASN00023718,19400701,PRCP,8,,,a,
ASN00023718,19400702,PRCP,0,,,a,
ASN00023718,19400703,PRCP,3,,,a,
ASN00023718,19400704,PRCP,5,,,a,
ASN00023718,19400705,PRCP,0,,,a,
ASN00023718,19400706,PRCP,0,,,a,
ASN00023718,19400707,PRCP,0,,,a,
ASN00023718,19400708,PRCP,0,,,a,
ASN00023718,19400709,PRCP,168,,,a,
ASN00023718,19400710,PRCP,51,,,a,
ASN00023718,19400711,PRCP,5,,,a,
ASN00023718,19400712,PRCP,5,,,a,
ASN00023718,19400713,PRCP,20,,,a,
ASN00023718,19400716,PRCP,3,,,a,
ASN00023718,19400717,PRCP,43,,,a,
ASN00023718,19400718,PRCP,18,,,a,
ASN00023718,19400719,PRCP,13,,,a,
ASN00023718,19400720,PRCP,30,,,a,
ASN00023718,19400721,PRCP,0,,,a,
ASN00023718,19400722,PRCP,0,,,a,
ASN00023718,19400723,PRCP,0,,,a,
ASN00023718,19400724,PRCP,114,,,a,
ASN00023718,19400725,PRCP,20,,,a,
ASN00023718,19400726,PRCP,13,,,a,
ASN00023718,19400727,PRCP,0,,,a,
ASN00023718,19400730,PRCP,28,,,a,
ASN00023718,19400731,PRCP,3,,,a,
ASN00023718,19400715,DAPR,2,,,a,
ASN00023718,19400729,DAPR,2,,,a,
ASN00023718,19400715,DWPR,1,,,a,
ASN00023718,19400729,DWPR,1,,,a,
ASN00023718,19400715,MDPR,30,,,a,
ASN00023718,19400729,MDPR,43,,,a,
ASN00023718,19400801,PRCP,0,,,a,
ASN00023718,19400802,PRCP,8,,,a,
ASN00023718,19400803,PRCP,43,,,a,
ASN00023718,19400806,PRCP,18,,,a,
ASN00023718,19400807,PRCP,0,,,a,
ASN00023718,19400808,PRCP,0,,,a,
ASN00023718,19400809,PRCP,0,,,a,
ASN00023718,19400810,PRCP,0,,,a,
ASN00023718,19400811,PRCP,0,,,a,
ASN00023718,19400812,PRCP,10,,,a,
ASN00023718,19400813,PRCP,0,,,a,
ASN00023718,19400814,PRCP,0,,,a,
ASN00023718,19400815,PRCP,18,,,a,
ASN00023718,19400816,PRCP,33,,,a,
ASN00023718,19400817,PRCP,0,,,a,
ASN00023718,19400818,PRCP,0,,,a,
ASN00023718,19400819,PRCP,0,,,a,
ASN00023718,19400820,PRCP,0,,,a,
ASN00023718,19400821,PRCP,0,,,a,
ASN00023718,19400822,PRCP,0,,,a,
ASN00023718,19400823,PRCP,0,,,a,
ASN00023718,19400824,PRCP,0,,,a,
ASN00023718,19400825,PRCP,0,,,a,
ASN00023718,19400826,PRCP,8,,,a,
ASN00023718,19400827,PRCP,46,,,a,
ASN00023718,19400828,PRCP,0,,,a,
ASN00023718,19400829,PRCP,18,,,a,
ASN00023718,19400830,PRCP,0,,,a,
ASN00023718,19400831,PRCP,18,,,a,
ASN00023718,19400805,DAPR,2,,,a,
ASN00023718,19400805,DWPR,1,,,a,
ASN00023718,19400805,MDPR,81,,,a,
ASN00023718,19400901,PRCP,0,,,a,
ASN00023718,19400902,PRCP,18,,,a,
ASN00023718,19400903,PRCP,0,,,a,
ASN00023718,19400904,PRCP,0,,,a,
ASN00023718,19400905,PRCP,0,,,a,
ASN00023718,19400906,PRCP,0,,,a,
ASN00023718,19400907,PRCP,0,,,a,
ASN00023718,19400908,PRCP,0,,,a,
ASN00023718,19400909,PRCP,0,,,a,
ASN00023718,19400910,PRCP,0,,,a,
ASN00023718,19400911,PRCP,0,,,a,
ASN00023718,19400912,PRCP,8,,,a,
ASN00023718,19400913,PRCP,36,,,a,
ASN00023718,19400914,PRCP,5,,,a,
ASN00023718,19400915,PRCP,0,,,a,
ASN00023718,19400916,PRCP,0,,,a,
ASN00023718,19400917,PRCP,0,,,a,
ASN00023718,19400918,PRCP,0,,,a,
ASN00023718,19400919,PRCP,23,,,a,
ASN00023718,19400920,PRCP,0,,,a,
ASN00023718,19400921,PRCP,0,,,a,
ASN00023718,19400922,PRCP,0,,,a,
ASN00023718,19400923,PRCP,0,,,a,
ASN00023718,19400924,PRCP,0,,,a,
ASN00023718,19400925,PRCP,0,,,a,
ASN00023718,19400926,PRCP,18,,,a,
ASN00023718,19400927,PRCP,64,,,a,
ASN00023718,19400928,PRCP,89,,,a,
ASN00023718,19400930,DAPR,2,,,a,
ASN00023718,19400930,DWPR,1,,,a,
ASN00023718,19400930,MDPR,41,,,a,
ASN00023718,19401001,PRCP,0,,,a,
ASN00023718,19401002,PRCP,0,,,a,
ASN00023718,19401003,PRCP,0,,,a,
ASN00023718,19401004,PRCP,0,,,a,
ASN00023718,19401005,PRCP,0,,,a,
ASN00023718,19401006,PRCP,0,,,a,
ASN00023718,19401007,PRCP,0,,,a,
ASN00023718,19401008,PRCP,0,,,a,
ASN00023718,19401009,PRCP,0,,,a,
ASN00023718,19401010,PRCP,0,,,a,
ASN00023718,19401011,PRCP,0,,,a,
ASN00023718,19401012,PRCP,0,,,a,
ASN00023718,19401013,PRCP,0,,,a,
ASN00023718,19401014,PRCP,0,,,a,
ASN00023718,19401015,PRCP,3,,,a,
ASN00023718,19401016,PRCP,15,,,a,
ASN00023718,19401017,PRCP,0,,,a,
ASN00023718,19401018,PRCP,0,,,a,
ASN00023718,19401019,PRCP,0,,,a,
ASN00023718,19401020,PRCP,0,,,a,
ASN00023718,19401021,PRCP,0,,,a,
ASN00023718,19401022,PRCP,0,,,a,
ASN00023718,19401023,PRCP,147,,,a,
ASN00023718,19401024,PRCP,0,,,a,
ASN00023718,19401025,PRCP,0,,,a,
ASN00023718,19401026,PRCP,0,,,a,
ASN00023718,19401027,PRCP,0,,,a,
ASN00023718,19401028,PRCP,0,,,a,
ASN00023718,19401029,PRCP,0,,,a,
ASN00023718,19401030,PRCP,13,,,a,
ASN00023718,19401031,PRCP,13,,,a,
ASN00023718,19401101,PRCP,3,,,a,
ASN00023718,19401102,PRCP,25,,,a,
ASN00023718,19401103,PRCP,0,,,a,
ASN00023718,19401104,PRCP,13,,,a,
ASN00023718,19401105,PRCP,0,,,a,
ASN00023718,19401106,PRCP,0,,,a,
ASN00023718,19401107,PRCP,0,,,a,
ASN00023718,19401108,PRCP,79,,,a,
ASN00023718,19401109,PRCP,71,,,a,
ASN00023718,19401110,PRCP,0,,,a,
ASN00023718,19401111,PRCP,5,,,a,
ASN00023718,19401112,PRCP,91,,,a,
ASN00023718,19401113,PRCP,38,,,a,
ASN00023718,19401114,PRCP,3,,,a,
ASN00023718,19401115,PRCP,0,,,a,
ASN00023718,19401116,PRCP,0,,,a,
ASN00023718,19401117,PRCP,0,,,a,
ASN00023718,19401118,PRCP,0,,,a,
ASN00023718,19401119,PRCP,0,,,a,
ASN00023718,19401120,PRCP,0,,,a,
ASN00023718,19401121,PRCP,94,,,a,
ASN00023718,19401122,PRCP,10,,,a,
ASN00023718,19401123,PRCP,8,,,a,
ASN00023718,19401124,PRCP,0,,,a,
ASN00023718,19401125,PRCP,0,,,a,
ASN00023718,19401126,PRCP,0,,,a,
ASN00023718,19401127,PRCP,0,,,a,
ASN00023718,19401128,PRCP,0,,,a,
ASN00023718,19401129,PRCP,0,,,a,
ASN00023718,19401130,PRCP,0,,,a,
ASN00023718,19401201,PRCP,0,,,a,
ASN00023718,19401202,PRCP,0,,,a,
ASN00023718,19401203,PRCP,0,,,a,
ASN00023718,19401204,PRCP,0,,,a,
ASN00023718,19401205,PRCP,13,,,a,
ASN00023718,19401206,PRCP,0,,,a,
ASN00023718,19401207,PRCP,0,,,a,
ASN00023718,19401208,PRCP,0,,,a,
ASN00023718,19401209,PRCP,0,,,a,
ASN00023718,19401210,PRCP,0,,,a,
ASN00023718,19401211,PRCP,0,,,a,
ASN00023718,19401212,PRCP,0,,,a,
ASN00023718,19401213,PRCP,0,,,a,
ASN00023718,19401214,PRCP,0,,,a,
ASN00023718,19401215,PRCP,0,,,a,
ASN00023718,19401216,PRCP,0,,,a,
ASN00023718,19401217,PRCP,0,,,a,
ASN00023718,19401218,PRCP,0,,,a,
ASN00023718,19401219,PRCP,183,,,a,
ASN00023718,19401220,PRCP,51,,,a,
ASN00023718,19401221,PRCP,0,,,a,
ASN00023718,19401222,PRCP,0,,,a,
ASN00023718,19401223,PRCP,0,,,a,
ASN00023718,19401224,PRCP,0,,,a,
ASN00023718,19401225,PRCP,0,,,a,
ASN00023718,19401226,PRCP,0,,,a,
ASN00023718,19401227,PRCP,0,,,a,
ASN00023718,19401228,PRCP,18,,,a,
ASN00023718,19401229,PRCP,0,,,a,
ASN00023718,19401230,PRCP,0,,,a,
ASN00023718,19401231,PRCP,0,,,a,
ASN00023718,19410101,PRCP,0,,,a,
ASN00023718,19410102,PRCP,0,,,a,
ASN00023718,19410103,PRCP,0,,,a,
ASN00023718,19410104,PRCP,48,,,a,
ASN00023718,19410105,PRCP,0,,,a,
ASN00023718,19410106,PRCP,0,,,a,
ASN00023718,19410107,PRCP,0,,,a,
ASN00023718,19410108,PRCP,0,,,a,
ASN00023718,19410109,PRCP,0,,,a,
ASN00023718,19410110,PRCP,0,,,a,
ASN00023718,19410111,PRCP,0,,,a,
ASN00023718,19410112,PRCP,0,,,a,
ASN00023718,19410113,PRCP,0,,,a,
ASN00023718,19410114,PRCP,10,,,a,
ASN00023718,19410115,PRCP,0,,,a,
ASN00023718,19410116,PRCP,0,,,a,
ASN00023718,19410117,PRCP,0,,,a,
ASN00023718,19410118,PRCP,0,,,a,
ASN00023718,19410119,PRCP,0,,,a,
ASN00023718,19410120,PRCP,0,,,a,
ASN00023718,19410121,PRCP,0,,,a,
ASN00023718,19410122,PRCP,0,,,a,
ASN00023718,19410123,PRCP,0,,,a,
ASN00023718,19410124,PRCP,305,,,a,
ASN00023718,19410125,PRCP,876,,,a,
ASN00023718,19410128,PRCP,0,,,a,
ASN00023718,19410129,PRCP,0,,,a,
ASN00023718,19410130,PRCP,0,,,a,
ASN00023718,19410131,PRCP,0,,,a,
ASN00023718,19410127,DAPR,2,,,a,
ASN00023718,19410127,DWPR,1,,,a,
ASN00023718,19410127,MDPR,287,,,a,
ASN00023718,19410201,PRCP,0,,,a,
ASN00023718,19410204,PRCP,0,,,a,
ASN00023718,19410205,PRCP,0,,,a,
ASN00023718,19410206,PRCP,0,,,a,
ASN00023718,19410207,PRCP,0,,,a,
ASN00023718,19410208,PRCP,0,,,a,
ASN00023718,19410209,PRCP,0,,,a,
ASN00023718,19410210,PRCP,0,,,a,
ASN00023718,19410211,PRCP,0,,,a,
ASN00023718,19410212,PRCP,0,,,a,
ASN00023718,19410213,PRCP,0,,,a,
ASN00023718,19410214,PRCP,0,,,a,
ASN00023718,19410215,PRCP,0,,,a,
ASN00023718,19410216,PRCP,0,,,a,
ASN00023718,19410217,PRCP,0,,,a,
ASN00023718,19410218,PRCP,0,,,a,
ASN00023718,19410219,PRCP,0,,,a,
ASN00023718,19410220,PRCP,0,,,a,
ASN00023718,19410221,PRCP,0,,,a,
ASN00023718,19410222,PRCP,0,,,a,
ASN00023718,19410225,PRCP,15,,,a,
ASN00023718,19410226,PRCP,0,,,a,
ASN00023718,19410227,PRCP,0,,,a,
ASN00023718,19410228,PRCP,0,,,a,
ASN00023718,19410203,DAPR,2,,,a,
ASN00023718,19410224,DAPR,2,,,a,
ASN00023718,19410203,DWPR,1,,,a,
ASN00023718,19410224,DWPR,1,,,a,
ASN00023718,19410203,MDPR,76,,,a,
ASN00023718,19410224,MDPR,53,,,a,
ASN00023718,19410301,PRCP,10,,,a,
ASN00023718,19410304,PRCP,0,,,a,
ASN00023718,19410305,PRCP,10,,,a,
ASN00023718,19410306,PRCP,0,,,a,
ASN00023718,19410307,PRCP,0,,,a,
ASN00023718,19410308,PRCP,0,,,a,
ASN00023718,19410309,PRCP,0,,,a,
ASN00023718,19410310,PRCP,0,,,a,
ASN00023718,19410311,PRCP,0,,,a,
ASN00023718,19410312,PRCP,0,,,a,
ASN00023718,19410313,PRCP,0,,,a,
ASN00023718,19410314,PRCP,0,,,a,
ASN00023718,19410315,PRCP,0,,,a,
ASN00023718,19410316,PRCP,0,,,a,
ASN00023718,19410317,PRCP,0,,,a,
ASN00023718,19410318,PRCP,0,,,a,
ASN00023718,19410319,PRCP,8,,,a,
ASN00023718,19410320,PRCP,0,,,a,
ASN00023718,19410321,PRCP,58,,,a,
ASN00023718,19410322,PRCP,15,,,a,
ASN00023718,19410323,PRCP,0,,,a,
ASN00023718,19410324,PRCP,0,,,a,
ASN00023718,19410325,PRCP,0,,,a,
ASN00023718,19410326,PRCP,0,,,a,
ASN00023718,19410327,PRCP,0,,,a,
ASN00023718,19410328,PRCP,0,,,a,
ASN00023718,19410329,PRCP,0,,,a,
ASN00023718,19410330,PRCP,0,,,a,
ASN00023718,19410331,PRCP,0,,,a,
ASN00023718,19410303,DAPR,2,,,a,
ASN00023718,19410303,DWPR,1,,,a,
ASN00023718,19410303,MDPR,48,,,a,
ASN00023718,19410401,PRCP,0,,,a,
ASN00023718,19410402,PRCP,0,,,a,
ASN00023718,19410403,PRCP,168,,,a,
ASN00023718,19410404,PRCP,25,,,a,
ASN00023718,19410405,PRCP,18,,,a,
ASN00023718,19410406,PRCP,0,,,a,
ASN00023718,19410407,PRCP,0,,,a,
ASN00023718,19410408,PRCP,0,,,a,
ASN00023718,19410409,PRCP,0,,,a,
ASN00023718,19410410,PRCP,0,,,a,
ASN00023718,19410411,PRCP,0,,,a,
ASN00023718,19410412,PRCP,0,,,a,
ASN00023718,19410413,PRCP,0,,,a,
ASN00023718,19410414,PRCP,0,,,a,
ASN00023718,19410415,PRCP,0,,,a,
ASN00023718,19410416,PRCP,0,,,a,
ASN00023718,19410417,PRCP,46,,,a,
ASN00023718,19410418,PRCP,25,,,a,
ASN00023718,19410419,PRCP,0,,,a,
ASN00023718,19410422,PRCP,20,,,a,
ASN00023718,19410423,PRCP,0,,,a,
ASN00023718,19410424,PRCP,0,,,a,
ASN00023718,19410425,PRCP,0,,,a,
ASN00023718,19410426,PRCP,0,,,a,
ASN00023718,19410427,PRCP,0,,,a,
ASN00023718,19410428,PRCP,0,,,a,
ASN00023718,19410429,PRCP,0,,,a,
ASN00023718,19410430,PRCP,0,,,a,
ASN00023718,19410421,DAPR,2,,,a,
ASN00023718,19410421,DWPR,1,,,a,
ASN00023718,19410421,MDPR,43,,,a,
ASN00023718,19410501,PRCP,0,,,a,
ASN00023718,19410502,PRCP,25,,,a,
ASN00023718,19410503,PRCP,0,,,a,
ASN00023718,19410504,PRCP,0,,,a,
ASN00023718,19410505,PRCP,0,,,a,
ASN00023718,19410506,PRCP,0,,,a,
ASN00023718,19410507,PRCP,0,,,a,
ASN00023718,19410508,PRCP,30,,,a,
ASN00023718,19410509,PRCP,0,,,a,
ASN00023718,19410510,PRCP,0,,,a,
ASN00023718,19410511,PRCP,0,,,a,
ASN00023718,19410512,PRCP,0,,,a,
ASN00023718,19410513,PRCP,0,,,a,
ASN00023718,19410514,PRCP,13,,,a,
ASN00023718,19410515,PRCP,0,,,a,
ASN00023718,19410516,PRCP,8,,,a,
ASN00023718,19410517,PRCP,41,,,a,
ASN00023718,19410518,PRCP,0,,,a,
ASN00023718,19410519,PRCP,0,,,a,
ASN00023718,19410520,PRCP,0,,,a,
ASN00023718,19410521,PRCP,0,,,a,
ASN00023718,19410522,PRCP,0,,,a,
ASN00023718,19410523,PRCP,61,,,a,
ASN00023718,19410524,PRCP,51,,,a,
ASN00023718,19410525,PRCP,0,,,a,
ASN00023718,19410526,PRCP,5,,,a,
ASN00023718,19410527,PRCP,15,,,a,
ASN00023718,19410528,PRCP,15,,,a,
ASN00023718,19410529,PRCP,0,,,a,
ASN00023718,19410530,PRCP,0,,,a,
ASN00023718,19410531,PRCP,8,,,a,
ASN00023718,19410601,PRCP,20,,,a,
ASN00023718,19410602,PRCP,20,,,a,
ASN00023718,19410603,PRCP,23,,,a,
ASN00023718,19410604,PRCP,8,,,a,
ASN00023718,19410605,PRCP,0,,,a,
ASN00023718,19410606,PRCP,0,,,a,
ASN00023718,19410607,PRCP,0,,,a,
ASN00023718,19410610,PRCP,20,,,a,
ASN00023718,19410611,PRCP,0,,,a,
ASN00023718,19410612,PRCP,0,,,a,
ASN00023718,19410613,PRCP,0,,,a,
ASN00023718,19410614,PRCP,0,,,a,
ASN00023718,19410615,PRCP,0,,,a,
ASN00023718,19410616,PRCP,0,,,a,
ASN00023718,19410617,PRCP,0,,,a,
ASN00023718,19410618,PRCP,0,,,a,
ASN00023718,19410619,PRCP,15,,,a,
ASN00023718,19410620,PRCP,18,,,a,
ASN00023718,19410621,PRCP,0,,,a,
ASN00023718,19410624,PRCP,0,,,a,
ASN00023718,19410625,PRCP,0,,,a,
ASN00023718,19410626,PRCP,0,,,a,
ASN00023718,19410627,PRCP,0,,,a,
ASN00023718,19410628,PRCP,0,,,a,
ASN00023718,19410629,PRCP,0,,,a,
ASN00023718,19410630,PRCP,0,,,a,
ASN00023718,19410609,DAPR,2,,,a,
ASN00023718,19410623,DAPR,2,,,a,
ASN00023718,19410609,DWPR,1,,,a,
ASN00023718,19410623,DWPR,1,,,a,
ASN00023718,19410609,MDPR,147,,,a,
ASN00023718,19410623,MDPR,25,,,a,
ASN00023718,19410701,PRCP,8,,,a,
ASN00023718,19410702,PRCP,8,,,a,
ASN00023718,19410703,PRCP,25,,,a,
ASN00023718,19410704,PRCP,18,,,a,
ASN00023718,19410705,PRCP,8,,,a,
ASN00023718,19410708,PRCP,0,,,a,
ASN00023718,19410709,PRCP,13,,,a,
ASN00023718,19410710,PRCP,137,,,a,
ASN00023718,19410711,PRCP,0,,,a,
ASN00023718,19410712,PRCP,0,,,a,
ASN00023718,19410715,PRCP,46,,,a,
ASN00023718,19410716,PRCP,5,,,a,
ASN00023718,19410717,PRCP,5,,,a,
ASN00023718,19410718,PRCP,0,,,a,
ASN00023718,19410719,PRCP,8,,,a,
ASN00023718,19410720,PRCP,0,,,a,
ASN00023718,19410721,PRCP,0,,,a,
ASN00023718,19410722,PRCP,69,,,a,
ASN00023718,19410723,PRCP,56,,,a,
ASN00023718,19410724,PRCP,0,,,a,
ASN00023718,19410725,PRCP,38,,,a,
ASN00023718,19410726,PRCP,0,,,a,
ASN00023718,19410729,PRCP,13,,,a,
ASN00023718,19410730,PRCP,0,,,a,
ASN00023718,19410731,PRCP,0,,,a,
ASN00023718,19410707,DAPR,2,,,a,
ASN00023718,19410714,DAPR,2,,,a,
ASN00023718,19410728,DAPR,2,,,a,
ASN00023718,19410707,DWPR,1,,,a,
ASN00023718,19410714,DWPR,1,,,a,
ASN00023718,19410728,DWPR,1,,,a,
ASN00023718,19410707,MDPR,28,,,a,
ASN00023718,19410714,MDPR,196,,,a,
ASN00023718,19410728,MDPR,127,,,a,
ASN00023718,19410801,PRCP,0,,,a,
ASN00023718,19410802,PRCP,0,,,a,
ASN00023718,19410803,PRCP,0,,,a,
ASN00023718,19410804,PRCP,5,,,a,
ASN00023718,19410805,PRCP,94,,,a,
ASN00023718,19410806,PRCP,28,,,a,
ASN00023718,19410807,PRCP,8,,,a,
ASN00023718,19410808,PRCP,28,,,a,
ASN00023718,19410809,PRCP,0,,,a,
ASN00023718,19410810,PRCP,0,,,a,
ASN00023718,19410811,PRCP,23,,,a,
ASN00023718,19410812,PRCP,0,,,a,
ASN00023718,19410813,PRCP,0,,,a,
ASN00023718,19410814,PRCP,8,,,a,
ASN00023718,19410815,PRCP,0,,,a,
ASN00023718,19410816,PRCP,0,,,a,
ASN00023718,19410817,PRCP,0,,,a,
ASN00023718,19410818,PRCP,5,,,a,
ASN00023718,19410819,PRCP,0,,,a,
ASN00023718,19410820,PRCP,0,,,a,
ASN00023718,19410821,PRCP,30,,,a,
ASN00023718,19410822,PRCP,36,,,a,
ASN00023718,19410823,PRCP,5,,,a,
ASN00023718,19410824,PRCP,0,,,a,
ASN00023718,19410825,PRCP,15,,,a,
ASN00023718,19410826,PRCP,0,,,a,
ASN00023718,19410827,PRCP,0,,,a,
ASN00023718,19410828,PRCP,0,,,a,
ASN00023718,19410829,PRCP,0,,,a,
ASN00023718,19410830,PRCP,5,,,a,
ASN00023718,19410831,PRCP,0,,,a,
ASN00023718,19410901,PRCP,0,,,a,
ASN00023718,19410902,PRCP,15,,,a,
ASN00023718,19410903,PRCP,28,,,a,
ASN00023718,19410904,PRCP,0,,,a,
ASN00023718,19410905,PRCP,25,,,a,
ASN00023718,19410906,PRCP,10,,,a,
ASN00023718,19410909,PRCP,127,,,a,
ASN00023718,19410910,PRCP,79,,,a,
ASN00023718,19410911,PRCP,58,,,a,
ASN00023718,19410912,PRCP,0,,,a,
ASN00023718,19410913,PRCP,0,,,a,
ASN00023718,19410916,PRCP,5,,,a,
ASN00023718,19410917,PRCP,0,,,a,
ASN00023718,19410918,PRCP,0,,,a,
ASN00023718,19410919,PRCP,0,,,a,
ASN00023718,19410920,PRCP,20,,,a,
ASN00023718,19410921,PRCP,0,,,a,
ASN00023718,19410922,PRCP,0,,,a,
ASN00023718,19410923,PRCP,13,,,a,
ASN00023718,19410924,PRCP,102,,,a,
ASN00023718,19410925,PRCP,5,,,a,
ASN00023718,19410926,PRCP,0,,,a,
ASN00023718,19410927,PRCP,30,,,a,
ASN00023718,19410930,PRCP,97,,,a,
ASN00023718,19410908,DAPR,2,,,a,
ASN00023718,19410915,DAPR,2,,,a,
ASN00023718,19410929,DAPR,2,,,a,
ASN00023718,19410908,DWPR,1,,,a,
ASN00023718,19410915,DWPR,1,,,a,
ASN00023718,19410929,DWPR,1,,,a,
ASN00023718,19410908,MDPR,102,,,a,
ASN00023718,19410915,MDPR,86,,,a,
ASN00023718,19410929,MDPR,99,,,a,
ASN00023718,19411001,PRCP,76,,,a,
ASN00023718,19411002,PRCP,8,,,a,
ASN00023718,19411003,PRCP,5,,,a,
ASN00023718,19411004,PRCP,0,,,a,
ASN00023718,19411005,PRCP,0,,,a,
ASN00023718,19411006,PRCP,0,,,a,
ASN00023718,19411007,PRCP,18,,,a,
ASN00023718,19411008,PRCP,20,,,a,
ASN00023718,19411009,PRCP,8,,,a,
ASN00023718,19411010,PRCP,0,,,a,
ASN00023718,19411011,PRCP,0,,,a,
ASN00023718,19411012,PRCP,0,,,a,
ASN00023718,19411013,PRCP,0,,,a,
ASN00023718,19411014,PRCP,0,,,a,
ASN00023718,19411015,PRCP,0,,,a,
ASN00023718,19411016,PRCP,0,,,a,
ASN00023718,19411017,PRCP,10,,,a,
ASN00023718,19411018,PRCP,0,,,a,
ASN00023718,19411019,PRCP,0,,,a,
ASN00023718,19411020,PRCP,0,,,a,
ASN00023718,19411021,PRCP,0,,,a,
ASN00023718,19411022,PRCP,0,,,a,
ASN00023718,19411023,PRCP,0,,,a,
ASN00023718,19411024,PRCP,0,,,a,
ASN00023718,19411025,PRCP,43,,,a,
ASN00023718,19411026,PRCP,81,,,a,
ASN00023718,19411027,PRCP,0,,,a,
ASN00023718,19411028,PRCP,122,,,a,
ASN00023718,19411029,PRCP,0,,,a,
ASN00023718,19411030,PRCP,0,,,a,
ASN00023718,19411031,PRCP,5,,,a,
ASN00023718,19411101,PRCP,0,,,a,
ASN00023718,19411102,PRCP,0,,,a,
ASN00023718,19411103,PRCP,0,,,a,
ASN00023718,19411104,PRCP,0,,,a,
ASN00023718,19411105,PRCP,0,,,a,
ASN00023718,19411106,PRCP,0,,,a,
ASN00023718,19411107,PRCP,0,,,a,
ASN00023718,19411108,PRCP,0,,,a,
ASN00023718,19411109,PRCP,0,,,a,
ASN00023718,19411110,PRCP,0,,,a,
ASN00023718,19411111,PRCP,0,,,a,
ASN00023718,19411112,PRCP,0,,,a,
ASN00023718,19411113,PRCP,10,,,a,
ASN00023718,19411114,PRCP,0,,,a,
ASN00023718,19411115,PRCP,0,,,a,
ASN00023718,19411116,PRCP,0,,,a,
ASN00023718,19411117,PRCP,0,,,a,
ASN00023718,19411118,PRCP,5,,,a,
ASN00023718,19411119,PRCP,53,,,a,
ASN00023718,19411120,PRCP,5,,,a,
ASN00023718,19411121,PRCP,30,,,a,
ASN00023718,19411122,PRCP,0,,,a,
ASN00023718,19411123,PRCP,0,,,a,
ASN00023718,19411124,PRCP,0,,,a,
ASN00023718,19411125,PRCP,0,,,a,
ASN00023718,19411126,PRCP,0,,,a,
ASN00023718,19411127,PRCP,0,,,a,
ASN00023718,19411128,PRCP,0,,,a,
ASN00023718,19411129,PRCP,0,,,a,
ASN00023718,19411130,PRCP,0,,,a,
ASN00023718,19411201,PRCP,0,,,a,
ASN00023718,19411202,PRCP,0,,,a,
ASN00023718,19411203,PRCP,0,,,a,
ASN00023718,19411204,PRCP,46,,,a,
ASN00023718,19411205,PRCP,0,,,a,
ASN00023718,19411206,PRCP,0,,,a,
ASN00023718,19411207,PRCP,0,,,a,
ASN00023718,19411208,PRCP,13,,,a,
ASN00023718,19411209,PRCP,0,,,a,
ASN00023718,19411210,PRCP,0,,,a,
ASN00023718,19411211,PRCP,0,,,a,
ASN00023718,19411212,PRCP,0,,,a,
ASN00023718,19411213,PRCP,0,,,a,
ASN00023718,19411216,PRCP,30,,,a,
ASN00023718,19411217,PRCP,0,,,a,
ASN00023718,19411218,PRCP,0,,,a,
ASN00023718,19411219,PRCP,0,,,a,
ASN00023718,19411220,PRCP,0,,,a,
ASN00023718,19411221,PRCP,0,,,a,
ASN00023718,19411222,PRCP,0,,,a,
ASN00023718,19411223,PRCP,0,,,a,
ASN00023718,19411224,PRCP,0,,,a,
ASN00023718,19411225,PRCP,0,,,a,
ASN00023718,19411226,PRCP,0,,,a,
ASN00023718,19411227,PRCP,0,,,a,
ASN00023718,19411228,PRCP,0,,,a,
ASN00023718,19411229,PRCP,0,,,a,
ASN00023718,19411230,PRCP,0,,,a,
ASN00023718,19411231,PRCP,0,,,a,
ASN00023718,19411215,DAPR,2,,,a,
ASN00023718,19411215,DWPR,1,,,a,
ASN00023718,19411215,MDPR,58,,,a,
ASN00023718,19420101,PRCP,0,,,a,
ASN00023718,19420102,PRCP,0,,,a,
ASN00023718,19420103,PRCP,0,,,a,
ASN00023718,19420104,PRCP,0,,,a,
ASN00023718,19420105,PRCP,0,,,a,
ASN00023718,19420106,PRCP,0,,,a,
ASN00023718,19420107,PRCP,0,,,a,
ASN00023718,19420108,PRCP,0,,,a,
ASN00023718,19420109,PRCP,0,,,a,
ASN00023718,19420110,PRCP,0,,,a,
ASN00023718,19420111,PRCP,0,,,a,
ASN00023718,19420112,PRCP,0,,,a,
ASN00023718,19420113,PRCP,0,,,a,
ASN00023718,19420114,PRCP,0,,,a,
ASN00023718,19420115,PRCP,0,,,a,
ASN00023718,19420116,PRCP,0,,,a,
ASN00023718,19420117,PRCP,0,,,a,
ASN00023718,19420118,PRCP,0,,,a,
ASN00023718,19420119,PRCP,0,,,a,
ASN00023718,19420120,PRCP,185,,,a,
ASN00023718,19420121,PRCP,0,,,a,
ASN00023718,19420122,PRCP,0,,,a,
ASN00023718,19420123,PRCP,0,,,a,
ASN00023718,19420124,PRCP,0,,,a,
ASN00023718,19420125,PRCP,58,,,a,
ASN00023718,19420126,PRCP,0,,,a,
ASN00023718,19420127,PRCP,0,,,a,
ASN00023718,19420128,PRCP,5,,,a,
ASN00023718,19420129,PRCP,0,,,a,
ASN00023718,19420130,PRCP,0,,,a,
ASN00023718,19420131,PRCP,0,,,a,
ASN00023718,19420201,PRCP,0,,,a,
ASN00023718,19420202,PRCP,0,,,a,
ASN00023718,19420203,PRCP,0,,,a,
ASN00023718,19420204,PRCP,0,,,a,
ASN00023718,19420205,PRCP,0,,,a,
ASN00023718,19420206,PRCP,0,,,a,
ASN00023718,19420207,PRCP,5,,,a,
ASN00023718,19420208,PRCP,0,,,a,
ASN00023718,19420209,PRCP,13,,,a,
ASN00023718,19420210,PRCP,0,,,a,
ASN00023718,19420211,PRCP,0,,,a,
ASN00023718,19420212,PRCP,0,,,a,
ASN00023718,19420213,PRCP,0,,,a,
ASN00023718,19420214,PRCP,0,,,a,
ASN00023718,19420215,PRCP,0,,,a,
ASN00023718,19420216,PRCP,0,,,a,
ASN00023718,19420217,PRCP,0,,,a,
ASN00023718,19420218,PRCP,0,,,a,
ASN00023718,19420219,PRCP,0,,,a,
ASN00023718,19420220,PRCP,0,,,a,
ASN00023718,19420221,PRCP,0,,,a,
ASN00023718,19420222,PRCP,0,,,a,
ASN00023718,19420223,PRCP,10,,,a,
ASN00023718,19420224,PRCP,0,,,a,
ASN00023718,19420225,PRCP,0,,,a,
ASN00023718,19420226,PRCP,0,,,a,
ASN00023718,19420227,PRCP,0,,,a,
ASN00023718,19420228,PRCP,0,,,a,
ASN00023718,19420301,PRCP,0,,,a,
ASN00023718,19420302,PRCP,0,,,a,
ASN00023718,19420303,PRCP,0,,,a,
ASN00023718,19420304,PRCP,0,,,a,
ASN00023718,19420305,PRCP,0,,,a,
ASN00023718,19420306,PRCP,0,,,a,
ASN00023718,19420307,PRCP,0,,,a,
ASN00023718,19420308,PRCP,0,,,a,
ASN00023718,19420309,PRCP,0,,,a,
ASN00023718,19420310,PRCP,0,,,a,
ASN00023718,19420311,PRCP,0,,,a,
ASN00023718,19420312,PRCP,18,,,a,
ASN00023718,19420313,PRCP,0,,,a,
ASN00023718,19420314,PRCP,0,,,a,
ASN00023718,19420315,PRCP,0,,,a,
ASN00023718,19420316,PRCP,0,,,a,
ASN00023718,19420317,PRCP,0,,,a,
ASN00023718,19420318,PRCP,0,,,a,
ASN00023718,19420319,PRCP,0,,,a,
ASN00023718,19420320,PRCP,0,,,a,
ASN00023718,19420321,PRCP,0,,,a,
ASN00023718,19420322,PRCP,0,,,a,
ASN00023718,19420323,PRCP,0,,,a,
ASN00023718,19420324,PRCP,0,,,a,
ASN00023718,19420325,PRCP,0,,,a,
ASN00023718,19420326,PRCP,25,,,a,
ASN00023718,19420327,PRCP,0,,,a,
ASN00023718,19420328,PRCP,0,,,a,
ASN00023718,19420329,PRCP,0,,,a,
ASN00023718,19420330,PRCP,20,,,a,
ASN00023718,19420331,PRCP,0,,,a,
ASN00023718,19420401,PRCP,0,,,a,
ASN00023718,19420402,PRCP,3,,,a,
ASN00023718,19420405,PRCP,69,,,a,
ASN00023718,19420406,PRCP,0,,,a,
ASN00023718,19420407,PRCP,23,,,a,
ASN00023718,19420408,PRCP,13,,,a,
ASN00023718,19420409,PRCP,0,,,a,
ASN00023718,19420410,PRCP,0,,,a,
ASN00023718,19420411,PRCP,0,,,a,
ASN00023718,19420412,PRCP,0,,,a,
ASN00023718,19420413,PRCP,0,,,a,
ASN00023718,19420414,PRCP,0,,,a,
ASN00023718,19420415,PRCP,0,,,a,
ASN00023718,19420416,PRCP,13,,,a,
ASN00023718,19420417,PRCP,0,,,a,
ASN00023718,19420418,PRCP,0,,,a,
ASN00023718,19420419,PRCP,0,,,a,
ASN00023718,19420420,PRCP,0,,,a,
ASN00023718,19420421,PRCP,66,,,a,
ASN00023718,19420422,PRCP,0,,,a,
ASN00023718,19420423,PRCP,0,,,a,
ASN00023718,19420424,PRCP,3,,,a,
ASN00023718,19420425,PRCP,0,,,a,
ASN00023718,19420428,PRCP,0,,,a,
ASN00023718,19420429,PRCP,0,,,a,
ASN00023718,19420430,PRCP,56,,,a,
ASN00023718,19420404,DAPR,2,,,a,
ASN00023718,19420427,DAPR,2,,,a,
ASN00023718,19420404,DWPR,1,,,a,
ASN00023718,19420427,DWPR,1,,,a,
ASN00023718,19420404,MDPR,33,,,a,
ASN00023718,19420427,MDPR,112,,,a,
ASN00023718,19420501,PRCP,0,,,a,
ASN00023718,19420502,PRCP,0,,,a,
ASN00023718,19420503,PRCP,97,,,a,
ASN00023718,19420504,PRCP,0,,,a,
ASN00023718,19420505,PRCP,81,,,a,
ASN00023718,19420506,PRCP,41,,,a,
ASN00023718,19420507,PRCP,8,,,a,
ASN00023718,19420508,PRCP,0,,,a,
ASN00023718,19420509,PRCP,25,,,a,
ASN00023718,19420510,PRCP,0,,,a,
ASN00023718,19420511,PRCP,10,,,a,
ASN00023718,19420512,PRCP,86,,,a,
ASN00023718,19420513,PRCP,279,,,a,
ASN00023718,19420514,PRCP,8,,,a,
ASN00023718,19420515,PRCP,0,,,a,
ASN00023718,19420516,PRCP,18,,,a,
ASN00023718,19420517,PRCP,0,,,a,
ASN00023718,19420518,PRCP,18,,,a,
ASN00023718,19420519,PRCP,56,,,a,
ASN00023718,19420520,PRCP,10,,,a,
ASN00023718,19420521,PRCP,23,,,a,
ASN00023718,19420522,PRCP,8,,,a,
ASN00023718,19420523,PRCP,8,,,a,
ASN00023718,19420526,PRCP,114,,,a,
ASN00023718,19420527,PRCP,140,,,a,
ASN00023718,19420528,PRCP,46,,,a,
ASN00023718,19420529,PRCP,0,,,a,
ASN00023718,19420530,PRCP,0,,,a,
ASN00023718,19420531,PRCP,56,,,a,
ASN00023718,19420525,DAPR,2,,,a,
ASN00023718,19420525,DWPR,1,,,a,
ASN00023718,19420525,MDPR,36,,,a,
ASN00023718,19420601,PRCP,0,,,a,
ASN00023718,19420602,PRCP,0,,,a,
ASN00023718,19420603,PRCP,0,,,a,
ASN00023718,19420604,PRCP,18,,,a,
ASN00023718,19420605,PRCP,0,,,a,
ASN00023718,19420606,PRCP,0,,,a,
ASN00023718,19420607,PRCP,0,,,a,
ASN00023718,19420608,PRCP,0,,,a,
ASN00023718,19420609,PRCP,56,,,a,
ASN00023718,19420610,PRCP,61,,,a,
ASN00023718,19420611,PRCP,0,,,a,
ASN00023718,19420612,PRCP,86,,,a,
ASN00023718,19420613,PRCP,23,,,a,
ASN00023718,19420614,PRCP,28,,,a,
ASN00023718,19420615,PRCP,0,,,a,
ASN00023718,19420616,PRCP,94,,,a,
ASN00023718,19420617,PRCP,13,,,a,
ASN00023718,19420618,PRCP,20,,,a,
ASN00023718,19420619,PRCP,122,,,a,
ASN00023718,19420620,PRCP,33,,,a,
ASN00023718,19420621,PRCP,8,,,a,
ASN00023718,19420622,PRCP,0,,,a,
ASN00023718,19420623,PRCP,0,,,a,
ASN00023718,19420624,PRCP,0,,,a,
ASN00023718,19420625,PRCP,0,,,a,
ASN00023718,19420626,PRCP,10,,,a,
ASN00023718,19420627,PRCP,13,,,a,
ASN00023718,19420628,PRCP,89,,,a,
ASN00023718,19420629,PRCP,0,,,a,
ASN00023718,19420630,PRCP,127,,,a,
ASN00023718,19420701,PRCP,20,,,a,
ASN00023718,19420702,PRCP,56,,,a,
ASN00023718,19420703,PRCP,13,,,a,
ASN00023718,19420704,PRCP,66,,,a,
ASN00023718,19420705,PRCP,69,,,a,
ASN00023718,19420706,PRCP,0,,,a,
ASN00023718,19420707,PRCP,0,,,a,
ASN00023718,19420708,PRCP,46,,,a,
ASN00023718,19420709,PRCP,0,,,a,
ASN00023718,19420710,PRCP,15,,,a,
ASN00023718,19420711,PRCP,33,,,a,
ASN00023718,19420712,PRCP,41,,,a,
ASN00023718,19420713,PRCP,0,,,a,
ASN00023718,19420714,PRCP,0,,,a,
ASN00023718,19420715,PRCP,30,,,a,
ASN00023718,19420716,PRCP,8,,,a,
ASN00023718,19420717,PRCP,0,,,a,
ASN00023718,19420718,PRCP,51,,,a,
ASN00023718,19420721,PRCP,8,,,a,
ASN00023718,19420722,PRCP,23,,,a,
ASN00023718,19420723,PRCP,0,,,a,
ASN00023718,19420724,PRCP,46,,,a,
ASN00023718,19420725,PRCP,0,,,a,
ASN00023718,19420728,PRCP,0,,,a,
ASN00023718,19420729,PRCP,0,,,a,
ASN00023718,19420730,PRCP,0,,,a,
ASN00023718,19420731,PRCP,0,,,a,
ASN00023718,19420720,DAPR,2,,,a,
ASN00023718,19420727,DAPR,2,,,a,
ASN00023718,19420720,DWPR,1,,,a,
ASN00023718,19420727,DWPR,1,,,a,
ASN00023718,19420720,MDPR,132,,,a,
ASN00023718,19420727,MDPR,69,,,a,
ASN00023718,19420801,PRCP,0,,,a,
ASN00023718,19420802,PRCP,0,,,a,
ASN00023718,19420803,PRCP,8,,,a,
ASN00023718,19420804,PRCP,13,,,a,
ASN00023718,19420805,PRCP,8,,,a,
ASN00023718,19420806,PRCP,0,,,a,
ASN00023718,19420807,PRCP,5,,,a,
ASN00023718,19420808,PRCP,41,,,a,
ASN00023718,19420811,PRCP,13,,,a,
ASN00023718,19420812,PRCP,25,,,a,
ASN00023718,19420813,PRCP,20,,,a,
ASN00023718,19420814,PRCP,0,,,a,
ASN00023718,19420815,PRCP,30,,,a,
ASN00023718,19420816,PRCP,0,,,a,
ASN00023718,19420817,PRCP,20,,,a,
ASN00023718,19420818,PRCP,0,,,a,
ASN00023718,19420819,PRCP,0,,,a,
ASN00023718,19420820,PRCP,0,,,a,
ASN00023718,19420821,PRCP,28,,,a,
ASN00023718,19420822,PRCP,15,,,a,
ASN00023718,19420823,PRCP,0,,,a,
ASN00023718,19420824,PRCP,18,,,a,
ASN00023718,19420825,PRCP,0,,,a,
ASN00023718,19420826,PRCP,0,,,a,
ASN00023718,19420827,PRCP,10,,,a,
ASN00023718,19420828,PRCP,8,,,a,
ASN00023718,19420829,PRCP,43,,,a,
ASN00023718,19420830,PRCP,246,,,a,
ASN00023718,19420831,PRCP,0,,,a,
ASN00023718,19420810,DAPR,2,,,a,
ASN00023718,19420810,DWPR,1,,,a,
ASN00023718,19420810,MDPR,76,,,a,
ASN00023718,19420901,PRCP,79,,,a,
ASN00023718,19420902,PRCP,0,,,a,
ASN00023718,19420903,PRCP,0,,,a,
ASN00023718,19420904,PRCP,0,,,a,
ASN00023718,19420905,PRCP,89,,,a,
ASN00023718,19420906,PRCP,15,,,a,
ASN00023718,19420907,PRCP,0,,,a,
ASN00023718,19420908,PRCP,0,,,a,
ASN00023718,19420909,PRCP,0,,,a,
ASN00023718,19420910,PRCP,0,,,a,
ASN00023718,19420911,PRCP,41,,,a,
ASN00023718,19420912,PRCP,145,,,a,
ASN00023718,19420913,PRCP,25,,,a,
ASN00023718,19420914,PRCP,0,,,a,
ASN00023718,19420915,PRCP,91,,,a,
ASN00023718,19420916,PRCP,117,,,a,
ASN00023718,19420917,PRCP,51,,,a,
ASN00023718,19420918,PRCP,0,,,a,
ASN00023718,19420919,PRCP,0,,,a,
ASN00023718,19420920,PRCP,0,,,a,
ASN00023718,19420921,PRCP,0,,,a,
ASN00023718,19420922,PRCP,66,,,a,
ASN00023718,19420923,PRCP,142,,,a,
ASN00023718,19420924,PRCP,0,,,a,
ASN00023718,19420925,PRCP,0,,,a,
ASN00023718,19420926,PRCP,0,,,a,
ASN00023718,19420927,PRCP,0,,,a,
ASN00023718,19420928,PRCP,0,,,a,
ASN00023718,19420929,PRCP,0,,,a,
ASN00023718,19420930,PRCP,5,,,a,
ASN00023718,19421001,PRCP,0,,,a,
ASN00023718,19421002,PRCP,0,,,a,
ASN00023718,19421003,PRCP,0,,,a,
ASN00023718,19421006,PRCP,0,,,a,
ASN00023718,19421007,PRCP,0,,,a,
ASN00023718,19421008,PRCP,8,,,a,
ASN00023718,19421009,PRCP,18,,,a,
ASN00023718,19421010,PRCP,0,,,a,
ASN00023718,19421011,PRCP,0,,,a,
ASN00023718,19421012,PRCP,0,,,a,
ASN00023718,19421013,PRCP,0,,,a,
ASN00023718,19421014,PRCP,0,,,a,
ASN00023718,19421015,PRCP,0,,,a,
ASN00023718,19421016,PRCP,0,,,a,
ASN00023718,19421017,PRCP,0,,,a,
ASN00023718,19421018,PRCP,25,,,a,
ASN00023718,19421019,PRCP,0,,,a,
ASN00023718,19421020,PRCP,25,,,a,
ASN00023718,19421021,PRCP,10,,,a,
ASN00023718,19421022,PRCP,0,,,a,
ASN00023718,19421023,PRCP,0,,,a,
ASN00023718,19421024,PRCP,0,,,a,
ASN00023718,19421025,PRCP,0,,,a,
ASN00023718,19421026,PRCP,0,,,a,
ASN00023718,19421027,PRCP,0,,,a,
ASN00023718,19421028,PRCP,0,,,a,
ASN00023718,19421029,PRCP,427,,,a,
ASN00023718,19421030,PRCP,0,,,a,
ASN00023718,19421031,PRCP,0,,,a,
ASN00023718,19421005,DAPR,2,,,a,
ASN00023718,19421005,DWPR,1,,,a,
ASN00023718,19421005,MDPR,46,,,a,
ASN00023718,19421101,PRCP,0,,,a,
ASN00023718,19421102,PRCP,0,,,a,
ASN00023718,19421103,PRCP,0,,,a,
ASN00023718,19421104,PRCP,69,,,a,
ASN00023718,19421105,PRCP,102,,,a,
ASN00023718,19421106,PRCP,0,,,a,
ASN00023718,19421107,PRCP,0,,,a,
ASN00023718,19421108,PRCP,0,,,a,
ASN00023718,19421109,PRCP,0,,,a,
ASN00023718,19421110,PRCP,0,,,a,
ASN00023718,19421111,PRCP,0,,,a,
ASN00023718,19421112,PRCP,0,,,a,
ASN00023718,19421113,PRCP,0,,,a,
ASN00023718,19421114,PRCP,0,,,a,
ASN00023718,19421115,PRCP,0,,,a,
ASN00023718,19421116,PRCP,0,,,a,
ASN00023718,19421117,PRCP,0,,,a,
ASN00023718,19421118,PRCP,0,,,a,
ASN00023718,19421119,PRCP,0,,,a,
ASN00023718,19421120,PRCP,3,,,a,
ASN00023718,19421121,PRCP,183,,,a,
ASN00023718,19421122,PRCP,193,,,a,
ASN00023718,19421123,PRCP,0,,,a,
ASN00023718,19421124,PRCP,0,,,a,
ASN00023718,19421125,PRCP,0,,,a,
ASN00023718,19421126,PRCP,8,,,a,
ASN00023718,19421127,PRCP,8,,,a,
ASN00023718,19421128,PRCP,0,,,a,
ASN00023718,19421129,PRCP,0,,,a,
ASN00023718,19421130,PRCP,3,,,a,
ASN00023718,19421201,PRCP,18,,,a,
ASN00023718,19421202,PRCP,0,,,a,
ASN00023718,19421203,PRCP,0,,,a,
ASN00023718,19421204,PRCP,0,,,a,
ASN00023718,19421205,PRCP,25,,,a,
ASN00023718,19421206,PRCP,0,,,a,
ASN00023718,19421207,PRCP,0,,,a,
ASN00023718,19421208,PRCP,0,,,a,
ASN00023718,19421209,PRCP,0,,,a,
ASN00023718,19421210,PRCP,0,,,a,
ASN00023718,19421211,PRCP,0,,,a,
ASN00023718,19421212,PRCP,0,,,a,
ASN00023718,19421213,PRCP,0,,,a,
ASN00023718,19421214,PRCP,0,,,a,
ASN00023718,19421215,PRCP,0,,,a,
ASN00023718,19421216,PRCP,0,,,a,
ASN00023718,19421217,PRCP,0,,,a,
ASN00023718,19421218,PRCP,0,,,a,
ASN00023718,19421219,PRCP,64,,,a,
ASN00023718,19421220,PRCP,0,,,a,
ASN00023718,19421221,PRCP,0,,,a,
ASN00023718,19421222,PRCP,0,,,a,
ASN00023718,19421223,PRCP,0,,,a,
ASN00023718,19421224,PRCP,23,,,a,
ASN00023718,19421225,PRCP,0,,,a,
ASN00023718,19421226,PRCP,0,,,a,
ASN00023718,19421227,PRCP,0,,,a,
ASN00023718,19421228,PRCP,0,,,a,
ASN00023718,19421229,PRCP,0,,,a,
ASN00023718,19421230,PRCP,0,,,a,
ASN00023718,19421231,PRCP,0,,,a,
ASN00023718,19430101,PRCP,0,,,a,
ASN00023718,19430102,PRCP,0,,,a,
ASN00023718,19430103,PRCP,0,,,a,
ASN00023718,19430104,PRCP,0,,,a,
ASN00023718,19430105,PRCP,0,,,a,
ASN00023718,19430106,PRCP,0,,,a,
ASN00023718,19430107,PRCP,0,,,a,
ASN00023718,19430108,PRCP,0,,,a,
ASN00023718,19430109,PRCP,0,,,a,
ASN00023718,19430110,PRCP,0,,,a,
ASN00023718,19430111,PRCP,0,,,a,
ASN00023718,19430112,PRCP,64,,,a,
ASN00023718,19430113,PRCP,18,,,a,
ASN00023718,19430114,PRCP,8,,,a,
ASN00023718,19430115,PRCP,23,,,a,
ASN00023718,19430116,PRCP,0,,,a,
ASN00023718,19430117,PRCP,0,,,a,
ASN00023718,19430118,PRCP,0,,,a,
ASN00023718,19430119,PRCP,0,,,a,
ASN00023718,19430120,PRCP,0,,,a,
ASN00023718,19430121,PRCP,3,,,a,
ASN00023718,19430122,PRCP,15,,,a,
ASN00023718,19430123,PRCP,0,,,a,
ASN00023718,19430124,PRCP,0,,,a,
ASN00023718,19430125,PRCP,0,,,a,
ASN00023718,19430126,PRCP,0,,,a,
ASN00023718,19430127,PRCP,0,,,a,
ASN00023718,19430128,PRCP,0,,,a,
ASN00023718,19430129,PRCP,0,,,a,
ASN00023718,19430130,PRCP,0,,,a,
ASN00023718,19430131,PRCP,0,,,a,
ASN00023718,19430201,PRCP,0,,,a,
ASN00023718,19430202,PRCP,0,,,a,
ASN00023718,19430203,PRCP,0,,,a,
ASN00023718,19430204,PRCP,0,,,a,
ASN00023718,19430205,PRCP,0,,,a,
ASN00023718,19430206,PRCP,0,,,a,
ASN00023718,19430207,PRCP,0,,,a,
ASN00023718,19430208,PRCP,0,,,a,
ASN00023718,19430209,PRCP,0,,,a,
ASN00023718,19430210,PRCP,0,,,a,
ASN00023718,19430211,PRCP,102,,,a,
ASN00023718,19430212,PRCP,0,,,a,
ASN00023718,19430213,PRCP,0,,,a,
ASN00023718,19430214,PRCP,0,,,a,
ASN00023718,19430215,PRCP,0,,,a,
ASN00023718,19430216,PRCP,0,,,a,
ASN00023718,19430217,PRCP,290,,,a,
ASN00023718,19430218,PRCP,13,,,a,
ASN00023718,19430219,PRCP,0,,,a,
ASN00023718,19430220,PRCP,10,,,a,
ASN00023718,19430221,PRCP,61,,,a,
ASN00023718,19430222,PRCP,0,,,a,
ASN00023718,19430223,PRCP,0,,,a,
ASN00023718,19430224,PRCP,0,,,a,
ASN00023718,19430225,PRCP,0,,,a,
ASN00023718,19430226,PRCP,0,,,a,
ASN00023718,19430227,PRCP,0,,,a,
ASN00023718,19430228,PRCP,0,,,a,
ASN00023718,19430301,PRCP,3,,,a,
ASN00023718,19430302,PRCP,0,,,a,
ASN00023718,19430303,PRCP,0,,,a,
ASN00023718,19430304,PRCP,38,,,a,
ASN00023718,19430305,PRCP,8,,,a,
ASN00023718,19430306,PRCP,0,,,a,
ASN00023718,19430307,PRCP,0,,,a,
ASN00023718,19430308,PRCP,0,,,a,
ASN00023718,19430309,PRCP,0,,,a,
ASN00023718,19430310,PRCP,0,,,a,
ASN00023718,19430311,PRCP,0,,,a,
ASN00023718,19430312,PRCP,5,,,a,
ASN00023718,19430313,PRCP,0,,,a,
ASN00023718,19430314,PRCP,10,,,a,
ASN00023718,19430315,PRCP,0,,,a,
ASN00023718,19430316,PRCP,0,,,a,
ASN00023718,19430317,PRCP,0,,,a,
ASN00023718,19430318,PRCP,0,,,a,
ASN00023718,19430319,PRCP,0,,,a,
ASN00023718,19430320,PRCP,0,,,a,
ASN00023718,19430321,PRCP,0,,,a,
ASN00023718,19430322,PRCP,0,,,a,
ASN00023718,19430323,PRCP,0,,,a,
ASN00023718,19430324,PRCP,0,,,a,
ASN00023718,19430325,PRCP,0,,,a,
ASN00023718,19430326,PRCP,0,,,a,
ASN00023718,19430327,PRCP,0,,,a,
ASN00023718,19430328,PRCP,0,,,a,
ASN00023718,19430329,PRCP,0,,,a,
ASN00023718,19430330,PRCP,0,,,a,
ASN00023718,19430331,PRCP,0,,,a,
ASN00023718,19430401,PRCP,0,,,a,
ASN00023718,19430402,PRCP,5,,,a,
ASN00023718,19430403,PRCP,0,,,a,
ASN00023718,19430404,PRCP,0,,,a,
ASN00023718,19430405,PRCP,0,,,a,
ASN00023718,19430406,PRCP,5,,,a,
ASN00023718,19430407,PRCP,10,,,a,
ASN00023718,19430408,PRCP,33,,,a,
ASN00023718,19430409,PRCP,8,,,a,
ASN00023718,19430410,PRCP,0,,,a,
ASN00023718,19430411,PRCP,0,,,a,
ASN00023718,19430412,PRCP,20,,,a,
ASN00023718,19430413,PRCP,0,,,a,
ASN00023718,19430414,PRCP,0,,,a,
ASN00023718,19430415,PRCP,79,,,a,
ASN00023718,19430416,PRCP,0,,,a,
ASN00023718,19430417,PRCP,46,,,a,
ASN00023718,19430418,PRCP,10,,,a,
ASN00023718,19430419,PRCP,0,,,a,
ASN00023718,19430420,PRCP,36,,,a,
ASN00023718,19430421,PRCP,20,,,a,
ASN00023718,19430422,PRCP,13,,,a,
ASN00023718,19430423,PRCP,76,,,a,
ASN00023718,19430424,PRCP,0,,,a,
ASN00023718,19430425,PRCP,0,,,a,
ASN00023718,19430426,PRCP,0,,,a,
ASN00023718,19430427,PRCP,0,,,a,
ASN00023718,19430428,PRCP,0,,,a,
ASN00023718,19430429,PRCP,64,,,a,
ASN00023718,19430430,PRCP,18,,,a,
ASN00023718,19430501,PRCP,0,,,a,
ASN00023718,19430502,PRCP,0,,,a,
ASN00023718,19430503,PRCP,8,,,a,
ASN00023718,19430504,PRCP,0,,,a,
ASN00023718,19430505,PRCP,0,,,a,
ASN00023718,19430506,PRCP,0,,,a,
ASN00023718,19430507,PRCP,10,,,a,
ASN00023718,19430508,PRCP,0,,,a,
ASN00023718,19430511,PRCP,36,,,a,
ASN00023718,19430512,PRCP,0,,,a,
ASN00023718,19430513,PRCP,18,,,a,
ASN00023718,19430514,PRCP,76,,,a,
ASN00023718,19430515,PRCP,0,,,a,
ASN00023718,19430516,PRCP,0,,,a,
ASN00023718,19430517,PRCP,0,,,a,
ASN00023718,19430518,PRCP,0,,,a,
ASN00023718,19430519,PRCP,0,,,a,
ASN00023718,19430520,PRCP,0,,,a,
ASN00023718,19430521,PRCP,28,,,a,
ASN00023718,19430522,PRCP,0,,,a,
ASN00023718,19430523,PRCP,0,,,a,
ASN00023718,19430524,PRCP,0,,,a,
ASN00023718,19430525,PRCP,0,,,a,
ASN00023718,19430526,PRCP,0,,,a,
ASN00023718,19430527,PRCP,0,,,a,
ASN00023718,19430528,PRCP,0,,,a,
ASN00023718,19430529,PRCP,0,,,a,
ASN00023718,19430510,DAPR,2,,,a,
ASN00023718,19430531,DAPR,2,,,a,
ASN00023718,19430510,DWPR,1,,,a,
ASN00023718,19430531,DWPR,1,,,a,
ASN00023718,19430510,MDPR,30,,,a,
ASN00023718,19430531,MDPR,76,,,a,
ASN00023718,19430601,PRCP,119,,,a,
ASN00023718,19430602,PRCP,8,,,a,
ASN00023718,19430603,PRCP,56,,,a,
ASN00023718,19430604,PRCP,30,,,a,
ASN00023718,19430605,PRCP,0,,,a,
ASN00023718,19430606,PRCP,0,,,a,
ASN00023718,19430607,PRCP,0,,,a,
ASN00023718,19430608,PRCP,23,,,a,
ASN00023718,19430609,PRCP,3,,,a,
ASN00023718,19430610,PRCP,25,,,a,
ASN00023718,19430611,PRCP,5,,,a,
ASN00023718,19430612,PRCP,0,,,a,
ASN00023718,19430613,PRCP,0,,,a,
ASN00023718,19430614,PRCP,8,,,a,
ASN00023718,19430615,PRCP,160,,,a,
ASN00023718,19430616,PRCP,0,,,a,
ASN00023718,19430617,PRCP,0,,,a,
ASN00023718,19430618,PRCP,8,,,a,
ASN00023718,19430619,PRCP,8,,,a,
ASN00023718,19430620,PRCP,127,,,a,
ASN00023718,19430621,PRCP,0,,,a,
ASN00023718,19430622,PRCP,33,,,a,
ASN00023718,19430623,PRCP,18,,,a,
ASN00023718,19430624,PRCP,5,,,a,
ASN00023718,19430625,PRCP,0,,,a,
ASN00023718,19430626,PRCP,18,,,a,
ASN00023718,19430627,PRCP,25,,,a,
ASN00023718,19430628,PRCP,0,,,a,
ASN00023718,19430629,PRCP,5,,,a,
ASN00023718,19430630,PRCP,5,,,a,
ASN00023718,19430701,PRCP,10,,,a,
ASN00023718,19430702,PRCP,8,,,a,
ASN00023718,19430703,PRCP,0,,,a,
ASN00023718,19430706,PRCP,8,,,a,
ASN00023718,19430707,PRCP,0,,,a,
ASN00023718,19430708,PRCP,0,,,a,
ASN00023718,19430709,PRCP,254,,,a,
ASN00023718,19430710,PRCP,109,,,a,
ASN00023718,19430711,PRCP,5,,,a,
ASN00023718,19430712,PRCP,0,,,a,
ASN00023718,19430713,PRCP,0,,,a,
ASN00023718,19430714,PRCP,23,,,a,
ASN00023718,19430715,PRCP,51,,,a,
ASN00023718,19430716,PRCP,5,,,a,
ASN00023718,19430717,PRCP,0,,,a,
ASN00023718,19430718,PRCP,0,,,a,
ASN00023718,19430719,PRCP,20,,,a,
ASN00023718,19430720,PRCP,8,,,a,
ASN00023718,19430721,PRCP,8,,,a,
ASN00023718,19430722,PRCP,13,,,a,
ASN00023718,19430723,PRCP,5,,,a,
ASN00023718,19430724,PRCP,28,,,a,
ASN00023718,19430727,PRCP,0,,,a,
ASN00023718,19430728,PRCP,64,,,a,
ASN00023718,19430729,PRCP,0,,,a,
ASN00023718,19430730,PRCP,0,,,a,
ASN00023718,19430731,PRCP,30,,,a,
ASN00023718,19430705,DAPR,2,,,a,
ASN00023718,19430726,DAPR,2,,,a,
ASN00023718,19430705,DWPR,1,,,a,
ASN00023718,19430726,DWPR,1,,,a,
ASN00023718,19430705,MDPR,198,,,a,
ASN00023718,19430726,MDPR,30,,,a,
ASN00023718,19430801,PRCP,178,,,a,
ASN00023718,19430802,PRCP,8,,,a,
ASN00023718,19430803,PRCP,8,,,a,
ASN00023718,19430804,PRCP,46,,,a,
ASN00023718,19430805,PRCP,28,,,a,
ASN00023718,19430806,PRCP,0,,,a,
ASN00023718,19430807,PRCP,127,,,a,
ASN00023718,19430808,PRCP,76,,,a,
ASN00023718,19430809,PRCP,0,,,a,
ASN00023718,19430810,PRCP,0,,,a,
ASN00023718,19430811,PRCP,0,,,a,
ASN00023718,19430812,PRCP,0,,,a,
ASN00023718,19430813,PRCP,0,,,a,
ASN00023718,19430814,PRCP,0,,,a,
ASN00023718,19430815,PRCP,5,,,a,
ASN00023718,19430816,PRCP,0,,,a,
ASN00023718,19430817,PRCP,0,,,a,
ASN00023718,19430818,PRCP,0,,,a,
ASN00023718,19430819,PRCP,0,,,a,
ASN00023718,19430820,PRCP,5,,,a,
ASN00023718,19430821,PRCP,0,,,a,
ASN00023718,19430822,PRCP,89,,,a,
ASN00023718,19430823,PRCP,0,,,a,
ASN00023718,19430824,PRCP,0,,,a,
ASN00023718,19430825,PRCP,0,,,a,
ASN00023718,19430826,PRCP,38,,,a,
ASN00023718,19430827,PRCP,46,,,a,
ASN00023718,19430828,PRCP,36,,,a,
ASN00023718,19430829,PRCP,0,,,a,
ASN00023718,19430830,PRCP,15,,,a,
ASN00023718,19430831,PRCP,0,,,a,
ASN00023718,19430901,PRCP,5,,,a,
ASN00023718,19430902,PRCP,0,,,a,
ASN00023718,19430903,PRCP,0,,,a,
ASN00023718,19430904,PRCP,0,,,a,
ASN00023718,19430905,PRCP,0,,,a,
ASN00023718,19430906,PRCP,0,,,a,
ASN00023718,19430907,PRCP,0,,,a,
ASN00023718,19430908,PRCP,0,,,a,
ASN00023718,19430909,PRCP,0,,,a,
ASN00023718,19430910,PRCP,0,,,a,
ASN00023718,19430911,PRCP,0,,,a,
ASN00023718,19430912,PRCP,0,,,a,
ASN00023718,19430913,PRCP,0,,,a,
ASN00023718,19430914,PRCP,30,,,a,
ASN00023718,19430915,PRCP,0,,,a,
ASN00023718,19430916,PRCP,13,,,a,
ASN00023718,19430917,PRCP,53,,,a,
ASN00023718,19430918,PRCP,46,,,a,
ASN00023718,19430919,PRCP,0,,,a,
ASN00023718,19430920,PRCP,23,,,a,
ASN00023718,19430921,PRCP,28,,,a,
ASN00023718,19430922,PRCP,109,,,a,
ASN00023718,19430923,PRCP,10,,,a,
ASN00023718,19430924,PRCP,25,,,a,
ASN00023718,19430925,PRCP,0,,,a,
ASN00023718,19430926,PRCP,0,,,a,
ASN00023718,19430927,PRCP,0,,,a,
ASN00023718,19430928,PRCP,23,,,a,
ASN00023718,19430929,PRCP,66,,,a,
ASN00023718,19430930,PRCP,13,,,a,
ASN00023718,19431001,PRCP,0,,,a,
ASN00023718,19431002,PRCP,0,,,a,
ASN00023718,19431003,PRCP,0,,,a,
ASN00023718,19431004,PRCP,0,,,a,
ASN00023718,19431005,PRCP,23,,,a,
ASN00023718,19431006,PRCP,0,,,a,
ASN00023718,19431007,PRCP,0,,,a,
ASN00023718,19431008,PRCP,3,,,a,
ASN00023718,19431009,PRCP,119,,,a,
ASN00023718,19431010,PRCP,0,,,a,
ASN00023718,19431011,PRCP,0,,,a,
ASN00023718,19431012,PRCP,13,,,a,
ASN00023718,19431013,PRCP,10,,,a,
ASN00023718,19431014,PRCP,0,,,a,
ASN00023718,19431015,PRCP,0,,,a,
ASN00023718,19431016,PRCP,58,,,a,
ASN00023718,19431017,PRCP,84,,,a,
ASN00023718,19431018,PRCP,0,,,a,
ASN00023718,19431019,PRCP,0,,,a,
ASN00023718,19431020,PRCP,0,,,a,
ASN00023718,19431021,PRCP,0,,,a,
ASN00023718,19431022,PRCP,0,,,a,
ASN00023718,19431023,PRCP,0,,,a,
ASN00023718,19431024,PRCP,0,,,a,
ASN00023718,19431025,PRCP,0,,,a,
ASN00023718,19431026,PRCP,10,,,a,
ASN00023718,19431027,PRCP,0,,,a,
ASN00023718,19431028,PRCP,0,,,a,
ASN00023718,19431029,PRCP,0,,,a,
ASN00023718,19431030,PRCP,8,,,a,
ASN00023718,19431031,PRCP,0,,,a,
ASN00023718,19431101,PRCP,0,,,a,
ASN00023718,19431102,PRCP,18,,,a,
ASN00023718,19431103,PRCP,18,,,a,
ASN00023718,19431104,PRCP,46,,,a,
ASN00023718,19431105,PRCP,5,,,a,
ASN00023718,19431106,PRCP,10,,,a,
ASN00023718,19431107,PRCP,0,,,a,
ASN00023718,19431108,PRCP,18,,,a,
ASN00023718,19431109,PRCP,0,,,a,
ASN00023718,19431110,PRCP,0,,,a,
ASN00023718,19431111,PRCP,0,,,a,
ASN00023718,19431112,PRCP,5,,,a,
ASN00023718,19431113,PRCP,8,,,a,
ASN00023718,19431114,PRCP,0,,,a,
ASN00023718,19431115,PRCP,0,,,a,
ASN00023718,19431116,PRCP,0,,,a,
ASN00023718,19431117,PRCP,0,,,a,
ASN00023718,19431118,PRCP,0,,,a,
ASN00023718,19431119,PRCP,0,,,a,
ASN00023718,19431120,PRCP,0,,,a,
ASN00023718,19431121,PRCP,0,,,a,
ASN00023718,19431122,PRCP,0,,,a,
ASN00023718,19431123,PRCP,0,,,a,
ASN00023718,19431124,PRCP,0,,,a,
ASN00023718,19431125,PRCP,0,,,a,
ASN00023718,19431126,PRCP,0,,,a,
ASN00023718,19431127,PRCP,0,,,a,
ASN00023718,19431128,PRCP,0,,,a,
ASN00023718,19431129,PRCP,0,,,a,
ASN00023718,19431130,PRCP,5,,,a,
ASN00023718,19431201,PRCP,0,,,a,
ASN00023718,19431202,PRCP,0,,,a,
ASN00023718,19431203,PRCP,0,,,a,
ASN00023718,19431204,PRCP,0,,,a,
ASN00023718,19431205,PRCP,0,,,a,
ASN00023718,19431206,PRCP,0,,,a,
ASN00023718,19431207,PRCP,0,,,a,
ASN00023718,19431208,PRCP,0,,,a,
ASN00023718,19431209,PRCP,0,,,a,
ASN00023718,19431210,PRCP,0,,,a,
ASN00023718,19431211,PRCP,0,,,a,
ASN00023718,19431212,PRCP,0,,,a,
ASN00023718,19431213,PRCP,5,,,a,
ASN00023718,19431214,PRCP,0,,,a,
ASN00023718,19431215,PRCP,0,,,a,
ASN00023718,19431216,PRCP,15,,,a,
ASN00023718,19431217,PRCP,142,,,a,
ASN00023718,19431218,PRCP,5,,,a,
ASN00023718,19431219,PRCP,0,,,a,
ASN00023718,19431220,PRCP,0,,,a,
ASN00023718,19431221,PRCP,0,,,a,
ASN00023718,19431222,PRCP,0,,,a,
ASN00023718,19431223,PRCP,0,,,a,
ASN00023718,19431224,PRCP,0,,,a,
ASN00023718,19431225,PRCP,0,,,a,
ASN00023718,19431226,PRCP,0,,,a,
ASN00023718,19431227,PRCP,0,,,a,
ASN00023718,19431228,PRCP,0,,,a,
ASN00023718,19431229,PRCP,0,,,a,
ASN00023718,19431230,PRCP,0,,,a,
ASN00023718,19431231,PRCP,0,,,a,
ASN00023718,19440101,PRCP,0,,,a,
ASN00023718,19440102,PRCP,0,,,a,
ASN00023718,19440103,PRCP,13,,,a,
ASN00023718,19440104,PRCP,20,,,a,
ASN00023718,19440105,PRCP,0,,,a,
ASN00023718,19440106,PRCP,0,,,a,
ASN00023718,19440107,PRCP,0,,,a,
ASN00023718,19440108,PRCP,0,,,a,
ASN00023718,19440109,PRCP,0,,,a,
ASN00023718,19440110,PRCP,0,,,a,
ASN00023718,19440111,PRCP,0,,,a,
ASN00023718,19440112,PRCP,0,,,a,
ASN00023718,19440113,PRCP,0,,,a,
ASN00023718,19440114,PRCP,0,,,a,
ASN00023718,19440115,PRCP,0,,,a,
ASN00023718,19440116,PRCP,0,,,a,
ASN00023718,19440117,PRCP,0,,,a,
ASN00023718,19440118,PRCP,0,,,a,
ASN00023718,19440119,PRCP,0,,,a,
ASN00023718,19440120,PRCP,0,,,a,
ASN00023718,19440121,PRCP,0,,,a,
ASN00023718,19440122,PRCP,0,,,a,
ASN00023718,19440123,PRCP,0,,,a,
ASN00023718,19440124,PRCP,0,,,a,
ASN00023718,19440125,PRCP,0,,,a,
ASN00023718,19440126,PRCP,0,,,a,
ASN00023718,19440127,PRCP,0,,,a,
ASN00023718,19440128,PRCP,0,,,a,
ASN00023718,19440129,PRCP,0,,,a,
ASN00023718,19440130,PRCP,0,,,a,
ASN00023718,19440131,PRCP,0,,,a,
ASN00023718,19440201,PRCP,0,,,a,
ASN00023718,19440202,PRCP,0,,,a,
ASN00023718,19440203,PRCP,0,,,a,
ASN00023718,19440204,PRCP,0,,,a,
ASN00023718,19440205,PRCP,0,,,a,
ASN00023718,19440206,PRCP,0,,,a,
ASN00023718,19440207,PRCP,3,,,a,
ASN00023718,19440208,PRCP,36,,,a,
ASN00023718,19440209,PRCP,23,,,a,
ASN00023718,19440210,PRCP,0,,,a,
ASN00023718,19440211,PRCP,0,,,a,
ASN00023718,19440212,PRCP,0,,,a,
ASN00023718,19440213,PRCP,0,,,a,
ASN00023718,19440214,PRCP,0,,,a,
ASN00023718,19440215,PRCP,0,,,a,
ASN00023718,19440216,PRCP,0,,,a,
ASN00023718,19440217,PRCP,0,,,a,
ASN00023718,19440218,PRCP,0,,,a,
ASN00023718,19440219,PRCP,0,,,a,
ASN00023718,19440220,PRCP,0,,,a,
ASN00023718,19440221,PRCP,0,,,a,
ASN00023718,19440222,PRCP,0,,,a,
ASN00023718,19440223,PRCP,0,,,a,
ASN00023718,19440224,PRCP,0,,,a,
ASN00023718,19440225,PRCP,0,,,a,
ASN00023718,19440226,PRCP,0,,,a,
ASN00023718,19440227,PRCP,15,,,a,
ASN00023718,19440228,PRCP,0,,,a,
ASN00023718,19440229,PRCP,0,,,a,
ASN00023718,19440301,PRCP,0,,,a,
ASN00023718,19440302,PRCP,0,,,a,
ASN00023718,19440303,PRCP,0,,,a,
ASN00023718,19440304,PRCP,0,,,a,
ASN00023718,19440305,PRCP,0,,,a,
ASN00023718,19440306,PRCP,0,,,a,
ASN00023718,19440307,PRCP,0,,,a,
ASN00023718,19440308,PRCP,0,,,a,
ASN00023718,19440309,PRCP,0,,,a,
ASN00023718,19440310,PRCP,0,,,a,
ASN00023718,19440311,PRCP,0,,,a,
ASN00023718,19440312,PRCP,53,,,a,
ASN00023718,19440313,PRCP,0,,,a,
ASN00023718,19440314,PRCP,0,,,a,
ASN00023718,19440315,PRCP,0,,,a,
ASN00023718,19440316,PRCP,0,,,a,
ASN00023718,19440317,PRCP,0,,,a,
ASN00023718,19440318,PRCP,0,,,a,
ASN00023718,19440319,PRCP,0,,,a,
ASN00023718,19440320,PRCP,0,,,a,
ASN00023718,19440321,PRCP,0,,,a,
ASN00023718,19440322,PRCP,0,,,a,
ASN00023718,19440323,PRCP,0,,,a,
ASN00023718,19440324,PRCP,0,,,a,
ASN00023718,19440325,PRCP,0,,,a,
ASN00023718,19440326,PRCP,0,,,a,
ASN00023718,19440327,PRCP,0,,,a,
ASN00023718,19440328,PRCP,0,,,a,
ASN00023718,19440329,PRCP,0,,,a,
ASN00023718,19440330,PRCP,0,,,a,
ASN00023718,19440331,PRCP,0,,,a,
ASN00023718,19440401,PRCP,0,,,a,
ASN00023718,19440402,PRCP,221,,,a,
ASN00023718,19440403,PRCP,0,,,a,
ASN00023718,19440404,PRCP,0,,,a,
ASN00023718,19440405,PRCP,0,,,a,
ASN00023718,19440406,PRCP,0,,,a,
ASN00023718,19440407,PRCP,0,,,a,
ASN00023718,19440408,PRCP,8,,,a,
ASN00023718,19440411,PRCP,0,,,a,
ASN00023718,19440412,PRCP,20,,,a,
ASN00023718,19440413,PRCP,0,,,a,
ASN00023718,19440414,PRCP,3,,,a,
ASN00023718,19440415,PRCP,0,,,a,
ASN00023718,19440418,PRCP,0,,,a,
ASN00023718,19440419,PRCP,20,,,a,
ASN00023718,19440420,PRCP,10,,,a,
ASN00023718,19440421,PRCP,0,,,a,
ASN00023718,19440422,PRCP,0,,,a,
ASN00023718,19440425,PRCP,10,,,a,
ASN00023718,19440426,PRCP,5,,,a,
ASN00023718,19440427,PRCP,5,,,a,
ASN00023718,19440428,PRCP,0,,,a,
ASN00023718,19440429,PRCP,0,,,a,
ASN00023718,19440430,PRCP,0,,,a,
ASN00023718,19440410,DAPR,2,,,a,
ASN00023718,19440417,DAPR,2,,,a,
ASN00023718,19440424,DAPR,2,,,a,
ASN00023718,19440410,DWPR,1,,,a,
ASN00023718,19440417,DWPR,1,,,a,
ASN00023718,19440424,DWPR,1,,,a,
ASN00023718,19440410,MDPR,51,,,a,
ASN00023718,19440417,MDPR,25,,,a,
ASN00023718,19440424,MDPR,30,,,a,
ASN00023718,19440501,PRCP,0,,,a,
ASN00023718,19440502,PRCP,216,,,a,
ASN00023718,19440503,PRCP,107,,,a,
ASN00023718,19440504,PRCP,10,,,a,
ASN00023718,19440505,PRCP,23,,,a,
ASN00023718,19440506,PRCP,0,,,a,
ASN00023718,19440509,PRCP,119,,,a,
ASN00023718,19440510,PRCP,23,,,a,
ASN00023718,19440511,PRCP,157,,,a,
ASN00023718,19440512,PRCP,3,,,a,
ASN00023718,19440513,PRCP,0,,,a,
ASN00023718,19440516,PRCP,23,,,a,
ASN00023718,19440517,PRCP,0,,,a,
ASN00023718,19440518,PRCP,0,,,a,
ASN00023718,19440519,PRCP,0,,,a,
ASN00023718,19440520,PRCP,0,,,a,
ASN00023718,19440521,PRCP,119,,,a,
ASN00023718,19440522,PRCP,0,,,a,
ASN00023718,19440523,PRCP,3,,,a,
ASN00023718,19440524,PRCP,0,,,a,
ASN00023718,19440525,PRCP,0,,,a,
ASN00023718,19440526,PRCP,0,,,a,
ASN00023718,19440527,PRCP,25,,,a,
ASN00023718,19440530,PRCP,15,,,a,
ASN00023718,19440531,PRCP,0,,,a,
ASN00023718,19440508,DAPR,2,,,a,
ASN00023718,19440515,DAPR,2,,,a,
ASN00023718,19440529,DAPR,2,,,a,
ASN00023718,19440508,DWPR,1,,,a,
ASN00023718,19440515,DWPR,1,,,a,
ASN00023718,19440529,DWPR,1,,,a,
ASN00023718,19440508,MDPR,38,,,a,
ASN00023718,19440515,MDPR,71,,,a,
ASN00023718,19440529,MDPR,30,,,a,
ASN00023718,19440601,PRCP,0,,,a,
ASN00023718,19440602,PRCP,0,,,a,
ASN00023718,19440603,PRCP,0,,,a,
ASN00023718,19440604,PRCP,8,,,a,
ASN00023718,19440605,PRCP,0,,,a,
ASN00023718,19440606,PRCP,0,,,a,
ASN00023718,19440607,PRCP,18,,,a,
ASN00023718,19440608,PRCP,10,,,a,
ASN00023718,19440609,PRCP,0,,,a,
ASN00023718,19440610,PRCP,0,,,a,
ASN00023718,19440611,PRCP,0,,,a,
ASN00023718,19440612,PRCP,0,,,a,
ASN00023718,19440613,PRCP,0,,,a,
ASN00023718,19440614,PRCP,0,,,a,
ASN00023718,19440615,PRCP,43,,,a,
ASN00023718,19440616,PRCP,0,,,a,
ASN00023718,19440617,PRCP,15,,,a,
ASN00023718,19440620,PRCP,20,,,a,
ASN00023718,19440621,PRCP,10,,,a,
ASN00023718,19440622,PRCP,8,,,a,
ASN00023718,19440623,PRCP,0,,,a,
ASN00023718,19440624,PRCP,0,,,a,
ASN00023718,19440625,PRCP,0,,,a,
ASN00023718,19440626,PRCP,0,,,a,
ASN00023718,19440627,PRCP,0,,,a,
ASN00023718,19440628,PRCP,0,,,a,
ASN00023718,19440629,PRCP,0,,,a,
ASN00023718,19440630,PRCP,0,,,a,
ASN00023718,19440619,DAPR,2,,,a,
ASN00023718,19440619,DWPR,1,,,a,
ASN00023718,19440619,MDPR,46,,,a,
ASN00023718,19440701,PRCP,0,,,a,
ASN00023718,19440702,PRCP,0,,,a,
ASN00023718,19440703,PRCP,5,,,a,
ASN00023718,19440704,PRCP,112,,,a,
ASN00023718,19440705,PRCP,119,,,a,
ASN00023718,19440706,PRCP,8,,,a,
ASN00023718,19440707,PRCP,36,,,a,
ASN00023718,19440708,PRCP,0,,,a,
ASN00023718,19440709,PRCP,0,,,a,
ASN00023718,19440710,PRCP,36,,,a,
ASN00023718,19440711,PRCP,0,,,a,
ASN00023718,19440712,PRCP,0,,,a,
ASN00023718,19440713,PRCP,18,,,a,
ASN00023718,19440714,PRCP,0,,,a,
ASN00023718,19440715,PRCP,0,,,a,
ASN00023718,19440716,PRCP,0,,,a,
ASN00023718,19440717,PRCP,0,,,a,
ASN00023718,19440718,PRCP,51,,,a,
ASN00023718,19440719,PRCP,20,,,a,
ASN00023718,19440720,PRCP,8,,,a,
ASN00023718,19440721,PRCP,10,,,a,
ASN00023718,19440722,PRCP,28,,,a,
ASN00023718,19440723,PRCP,0,,,a,
ASN00023718,19440724,PRCP,0,,,a,
ASN00023718,19440725,PRCP,0,,,a,
ASN00023718,19440726,PRCP,0,,,a,
ASN00023718,19440727,PRCP,0,,,a,
ASN00023718,19440728,PRCP,0,,,a,
ASN00023718,19440729,PRCP,20,,,a,
ASN00023718,19440730,PRCP,0,,,a,
ASN00023718,19440731,PRCP,13,,,a,
ASN00023718,19440801,PRCP,8,,,a,
ASN00023718,19440802,PRCP,5,,,a,
ASN00023718,19440803,PRCP,0,,,a,
ASN00023718,19440804,PRCP,0,,,a,
ASN00023718,19440805,PRCP,13,,,a,
ASN00023718,19440806,PRCP,0,,,a,
ASN00023718,19440807,PRCP,0,,,a,
ASN00023718,19440808,PRCP,0,,,a,
ASN00023718,19440809,PRCP,0,,,a,
ASN00023718,19440810,PRCP,0,,,a,
ASN00023718,19440811,PRCP,0,,,a,
ASN00023718,19440812,PRCP,0,,,a,
ASN00023718,19440813,PRCP,0,,,a,
ASN00023718,19440814,PRCP,15,,,a,
ASN00023718,19440815,PRCP,0,,,a,
ASN00023718,19440816,PRCP,18,,,a,
ASN00023718,19440817,PRCP,15,,,a,
ASN00023718,19440818,PRCP,8,,,a,
ASN00023718,19440819,PRCP,0,,,a,
ASN00023718,19440820,PRCP,0,,,a,
ASN00023718,19440821,PRCP,0,,,a,
ASN00023718,19440822,PRCP,0,,,a,
ASN00023718,19440823,PRCP,0,,,a,
ASN00023718,19440824,PRCP,0,,,a,
ASN00023718,19440825,PRCP,0,,,a,
ASN00023718,19440826,PRCP,0,,,a,
ASN00023718,19440827,PRCP,0,,,a,
ASN00023718,19440828,PRCP,0,,,a,
ASN00023718,19440829,PRCP,0,,,a,
ASN00023718,19440830,PRCP,8,,,a,
ASN00023718,19440831,PRCP,0,,,a,
ASN00023718,19440901,PRCP,0,,,a,
ASN00023718,19440902,PRCP,0,,,a,
ASN00023718,19440903,PRCP,0,,,a,
ASN00023718,19440904,PRCP,0,,,a,
ASN00023718,19440905,PRCP,0,,,a,
ASN00023718,19440906,PRCP,0,,,a,
ASN00023718,19440907,PRCP,0,,,a,
ASN00023718,19440908,PRCP,69,,,a,
ASN00023718,19440909,PRCP,140,,,a,
ASN00023718,19440910,PRCP,0,,,a,
ASN00023718,19440911,PRCP,0,,,a,
ASN00023718,19440912,PRCP,8,,,a,
ASN00023718,19440913,PRCP,3,,,a,
ASN00023718,19440914,PRCP,0,,,a,
ASN00023718,19440915,PRCP,25,,,a,
ASN00023718,19440916,PRCP,38,,,a,
ASN00023718,19440917,PRCP,0,,,a,
ASN00023718,19440918,PRCP,5,,,a,
ASN00023718,19440919,PRCP,0,,,a,
ASN00023718,19440920,PRCP,0,,,a,
ASN00023718,19440921,PRCP,18,,,a,
ASN00023718,19440922,PRCP,0,,,a,
ASN00023718,19440923,PRCP,0,,,a,
ASN00023718,19440926,PRCP,0,,,a,
ASN00023718,19440927,PRCP,0,,,a,
ASN00023718,19440928,PRCP,0,,,a,
ASN00023718,19440929,PRCP,0,,,a,
ASN00023718,19440930,PRCP,0,,,a,
ASN00023718,19440925,DAPR,2,,,a,
ASN00023718,19440925,DWPR,1,,,a,
ASN00023718,19440925,MDPR,25,,,a,
ASN00023718,19441001,PRCP,173,,,a,
ASN00023718,19441002,PRCP,0,,,a,
ASN00023718,19441003,PRCP,127,,,a,
ASN00023718,19441004,PRCP,0,,,a,
ASN00023718,19441005,PRCP,0,,,a,
ASN00023718,19441006,PRCP,0,,,a,
ASN00023718,19441007,PRCP,0,,,a,
ASN00023718,19441008,PRCP,0,,,a,
ASN00023718,19441009,PRCP,0,,,a,
ASN00023718,19441010,PRCP,0,,,a,
ASN00023718,19441011,PRCP,0,,,a,
ASN00023718,19441012,PRCP,0,,,a,
ASN00023718,19441013,PRCP,0,,,a,
ASN00023718,19441014,PRCP,0,,,a,
ASN00023718,19441017,PRCP,23,,,a,
ASN00023718,19441018,PRCP,0,,,a,
ASN00023718,19441019,PRCP,0,,,a,
ASN00023718,19441020,PRCP,0,,,a,
ASN00023718,19441021,PRCP,0,,,a,
ASN00023718,19441022,PRCP,0,,,a,
ASN00023718,19441023,PRCP,0,,,a,
ASN00023718,19441024,PRCP,0,,,a,
ASN00023718,19441025,PRCP,20,,,a,
ASN00023718,19441026,PRCP,13,,,a,
ASN00023718,19441027,PRCP,33,,,a,
ASN00023718,19441028,PRCP,13,,,a,
ASN00023718,19441029,PRCP,0,,,a,
ASN00023718,19441030,PRCP,0,,,a,
ASN00023718,19441031,PRCP,0,,,a,
ASN00023718,19441016,DAPR,2,,,a,
ASN00023718,19441016,DWPR,1,,,a,
ASN00023718,19441016,MDPR,135,,,a,
ASN00023718,19441101,PRCP,0,,,a,
ASN00023718,19441102,PRCP,0,,,a,
ASN00023718,19441103,PRCP,0,,,a,
ASN00023718,19441104,PRCP,0,,,a,
ASN00023718,19441105,PRCP,15,,,a,
ASN00023718,19441106,PRCP,0,,,a,
ASN00023718,19441107,PRCP,58,,,a,
ASN00023718,19441108,PRCP,33,,,a,
ASN00023718,19441109,PRCP,0,,,a,
ASN00023718,19441110,PRCP,10,,,a,
ASN00023718,19441111,PRCP,0,,,a,
ASN00023718,19441114,PRCP,18,,,a,
ASN00023718,19441115,PRCP,0,,,a,
ASN00023718,19441116,PRCP,0,,,a,
ASN00023718,19441117,PRCP,0,,,a,
ASN00023718,19441118,PRCP,0,,,a,
ASN00023718,19441121,PRCP,53,,,a,
ASN00023718,19441122,PRCP,0,,,a,
ASN00023718,19441123,PRCP,0,,,a,
ASN00023718,19441124,PRCP,0,,,a,
ASN00023718,19441125,PRCP,0,,,a,
ASN00023718,19441126,PRCP,0,,,a,
ASN00023718,19441127,PRCP,0,,,a,
ASN00023718,19441128,PRCP,0,,,a,
ASN00023718,19441129,PRCP,0,,,a,
ASN00023718,19441130,PRCP,0,,,a,
ASN00023718,19441113,DAPR,2,,,a,
ASN00023718,19441120,DAPR,2,,,a,
ASN00023718,19441113,DWPR,1,,,a,
ASN00023718,19441120,DWPR,1,,,a,
ASN00023718,19441113,MDPR,56,,,a,
ASN00023718,19441120,MDPR,61,,,a,
ASN00023718,19441201,PRCP,0,,,a,
ASN00023718,19441202,PRCP,0,,,a,
ASN00023718,19441203,PRCP,0,,,a,
ASN00023718,19441204,PRCP,0,,,a,
ASN00023718,19441205,PRCP,8,,,a,
ASN00023718,19441206,PRCP,8,,,a,
ASN00023718,19441207,PRCP,0,,,a,
ASN00023718,19441208,PRCP,0,,,a,
ASN00023718,19441209,PRCP,0,,,a,
ASN00023718,19441210,PRCP,33,,,a,
ASN00023718,19441211,PRCP,0,,,a,
ASN00023718,19441212,PRCP,25,,,a,
ASN00023718,19441213,PRCP,0,,,a,
ASN00023718,19441214,PRCP,0,,,a,
ASN00023718,19441215,PRCP,0,,,a,
ASN00023718,19441216,PRCP,0,,,a,
ASN00023718,19441217,PRCP,41,,,a,
ASN00023718,19441218,PRCP,0,,,a,
ASN00023718,19441219,PRCP,0,,,a,
ASN00023718,19441220,PRCP,0,,,a,
ASN00023718,19441221,PRCP,38,,,a,
ASN00023718,19441222,PRCP,0,,,a,
ASN00023718,19441223,PRCP,10,,,a,
ASN00023718,19441224,PRCP,0,,,a,
ASN00023718,19441225,PRCP,0,,,a,
ASN00023718,19441226,PRCP,0,,,a,
ASN00023718,19441227,PRCP,0,,,a,
ASN00023718,19441228,PRCP,0,,,a,
ASN00023718,19441229,PRCP,0,,,a,
ASN00023718,19441230,PRCP,0,,,a,
ASN00023718,19441231,PRCP,0,,,a,
ASN00023718,19450101,PRCP,0,,,a,
ASN00023718,19450102,PRCP,0,,,a,
ASN00023718,19450103,PRCP,0,,,a,
ASN00023718,19450104,PRCP,0,,,a,
ASN00023718,19450105,PRCP,0,,,a,
ASN00023718,19450106,PRCP,0,,,a,
ASN00023718,19450107,PRCP,0,,,a,
ASN00023718,19450108,PRCP,0,,,a,
ASN00023718,19450109,PRCP,0,,,a,
ASN00023718,19450110,PRCP,15,,,a,
ASN00023718,19450111,PRCP,97,,,a,
ASN00023718,19450112,PRCP,0,,,a,
ASN00023718,19450113,PRCP,0,,,a,
ASN00023718,19450114,PRCP,0,,,a,
ASN00023718,19450115,PRCP,0,,,a,
ASN00023718,19450116,PRCP,0,,,a,
ASN00023718,19450117,PRCP,0,,,a,
ASN00023718,19450118,PRCP,0,,,a,
ASN00023718,19450119,PRCP,0,,,a,
ASN00023718,19450120,PRCP,0,,,a,
ASN00023718,19450121,PRCP,0,,,a,
ASN00023718,19450122,PRCP,0,,,a,
ASN00023718,19450123,PRCP,0,,,a,
ASN00023718,19450124,PRCP,0,,,a,
ASN00023718,19450125,PRCP,0,,,a,
ASN00023718,19450126,PRCP,0,,,a,
ASN00023718,19450127,PRCP,0,,,a,
ASN00023718,19450128,PRCP,0,,,a,
ASN00023718,19450129,PRCP,0,,,a,
ASN00023718,19450130,PRCP,0,,,a,
ASN00023718,19450131,PRCP,91,,,a,
ASN00023718,19450201,PRCP,0,,,a,
ASN00023718,19450202,PRCP,0,,,a,
ASN00023718,19450203,PRCP,0,,,a,
ASN00023718,19450204,PRCP,0,,,a,
ASN00023718,19450205,PRCP,0,,,a,
ASN00023718,19450206,PRCP,0,,,a,
ASN00023718,19450207,PRCP,0,,,a,
ASN00023718,19450208,PRCP,0,,,a,
ASN00023718,19450209,PRCP,0,,,a,
ASN00023718,19450210,PRCP,0,,,a,
ASN00023718,19450211,PRCP,0,,,a,
ASN00023718,19450212,PRCP,0,,,a,
ASN00023718,19450213,PRCP,18,,,a,
ASN00023718,19450214,PRCP,13,,,a,
ASN00023718,19450215,PRCP,0,,,a,
ASN00023718,19450216,PRCP,38,,,a,
ASN00023718,19450217,PRCP,71,,,a,
ASN00023718,19450220,PRCP,5,,,a,
ASN00023718,19450221,PRCP,64,,,a,
ASN00023718,19450222,PRCP,38,,,a,
ASN00023718,19450223,PRCP,30,,,a,
ASN00023718,19450224,PRCP,0,,,a,
ASN00023718,19450225,PRCP,0,,,a,
ASN00023718,19450226,PRCP,0,,,a,
ASN00023718,19450227,PRCP,0,,,a,
ASN00023718,19450228,PRCP,0,,,a,
ASN00023718,19450219,DAPR,2,,,a,
ASN00023718,19450219,DWPR,1,,,a,
ASN00023718,19450219,MDPR,81,,,a,
ASN00023718,19450301,PRCP,0,,,a,
ASN00023718,19450302,PRCP,0,,,a,
ASN00023718,19450303,PRCP,0,,,a,
ASN00023718,19450304,PRCP,0,,,a,
ASN00023718,19450305,PRCP,0,,,a,
ASN00023718,19450306,PRCP,0,,,a,
ASN00023718,19450307,PRCP,0,,,a,
ASN00023718,19450308,PRCP,0,,,a,
ASN00023718,19450309,PRCP,8,,,a,
ASN00023718,19450310,PRCP,0,,,a,
ASN00023718,19450311,PRCP,0,,,a,
ASN00023718,19450312,PRCP,0,,,a,
ASN00023718,19450313,PRCP,0,,,a,
ASN00023718,19450314,PRCP,0,,,a,
ASN00023718,19450315,PRCP,0,,,a,
ASN00023718,19450316,PRCP,0,,,a,
ASN00023718,19450317,PRCP,0,,,a,
ASN00023718,19450318,PRCP,0,,,a,
ASN00023718,19450319,PRCP,0,,,a,
ASN00023718,19450320,PRCP,0,,,a,
ASN00023718,19450321,PRCP,0,,,a,
ASN00023718,19450322,PRCP,0,,,a,
ASN00023718,19450323,PRCP,0,,,a,
ASN00023718,19450324,PRCP,0,,,a,
ASN00023718,19450325,PRCP,0,,,a,
ASN00023718,19450326,PRCP,0,,,a,
ASN00023718,19450327,PRCP,0,,,a,
ASN00023718,19450328,PRCP,0,,,a,
ASN00023718,19450329,PRCP,0,,,a,
ASN00023718,19450330,PRCP,69,,,a,
ASN00023718,19450331,PRCP,0,,,a,
ASN00023718,19450401,PRCP,0,,,a,
ASN00023718,19450402,PRCP,0,,,a,
ASN00023718,19450403,PRCP,0,,,a,
ASN00023718,19450404,PRCP,0,,,a,
ASN00023718,19450405,PRCP,0,,,a,
ASN00023718,19450406,PRCP,5,,,a,
ASN00023718,19450407,PRCP,13,,,a,
ASN00023718,19450408,PRCP,0,,,a,
ASN00023718,19450409,PRCP,0,,,a,
ASN00023718,19450410,PRCP,10,,,a,
ASN00023718,19450411,PRCP,0,,,a,
ASN00023718,19450412,PRCP,0,,,a,
ASN00023718,19450413,PRCP,0,,,a,
ASN00023718,19450414,PRCP,0,,,a,
ASN00023718,19450415,PRCP,0,,,a,
ASN00023718,19450416,PRCP,0,,,a,
ASN00023718,19450417,PRCP,0,,,a,
ASN00023718,19450418,PRCP,0,,,a,
ASN00023718,19450419,PRCP,0,,,a,
ASN00023718,19450420,PRCP,0,,,a,
ASN00023718,19450421,PRCP,0,,,a,
ASN00023718,19450422,PRCP,0,,,a,
ASN00023718,19450423,PRCP,0,,,a,
ASN00023718,19450424,PRCP,0,,,a,
ASN00023718,19450425,PRCP,0,,,a,
ASN00023718,19450426,PRCP,0,,,a,
ASN00023718,19450427,PRCP,0,,,a,
ASN00023718,19450428,PRCP,0,,,a,
ASN00023718,19450429,PRCP,0,,,a,
ASN00023718,19450430,PRCP,0,,,a,
ASN00023718,19450501,PRCP,0,,,a,
ASN00023718,19450502,PRCP,0,,,a,
ASN00023718,19450503,PRCP,0,,,a,
ASN00023718,19450504,PRCP,23,,,a,
ASN00023718,19450505,PRCP,0,,,a,
ASN00023718,19450506,PRCP,107,,,a,
ASN00023718,19450507,PRCP,145,,,a,
ASN00023718,19450508,PRCP,18,,,a,
ASN00023718,19450509,PRCP,0,,,a,
ASN00023718,19450510,PRCP,3,,,a,
ASN00023718,19450511,PRCP,5,,,a,
ASN00023718,19450512,PRCP,0,,,a,
ASN00023718,19450513,PRCP,107,,,a,
ASN00023718,19450514,PRCP,38,,,a,
ASN00023718,19450515,PRCP,18,,,a,
ASN00023718,19450516,PRCP,5,,,a,
ASN00023718,19450517,PRCP,0,,,a,
ASN00023718,19450518,PRCP,0,,,a,
ASN00023718,19450519,PRCP,0,,,a,
ASN00023718,19450520,PRCP,0,,,a,
ASN00023718,19450521,PRCP,8,,,a,
ASN00023718,19450522,PRCP,0,,,a,
ASN00023718,19450523,PRCP,0,,,a,
ASN00023718,19450524,PRCP,0,,,a,
ASN00023718,19450525,PRCP,0,,,a,
ASN00023718,19450526,PRCP,0,,,a,
ASN00023718,19450527,PRCP,0,,,a,
ASN00023718,19450528,PRCP,0,,,a,
ASN00023718,19450529,PRCP,0,,,a,
ASN00023718,19450530,PRCP,0,,,a,
ASN00023718,19450531,PRCP,0,,,a,
ASN00023718,19450601,PRCP,0,,,a,
ASN00023718,19450602,PRCP,0,,,a,
ASN00023718,19450605,PRCP,25,,,a,
ASN00023718,19450606,PRCP,51,,,a,
ASN00023718,19450607,PRCP,10,,,a,
ASN00023718,19450608,PRCP,5,,,a,
ASN00023718,19450609,PRCP,0,,,a,
ASN00023718,19450610,PRCP,0,,,a,
ASN00023718,19450611,PRCP,0,,,a,
ASN00023718,19450612,PRCP,0,,,a,
ASN00023718,19450613,PRCP,0,,,a,
ASN00023718,19450614,PRCP,0,,,a,
ASN00023718,19450615,PRCP,0,,,a,
ASN00023718,19450616,PRCP,18,,,a,
ASN00023718,19450619,PRCP,0,,,a,
ASN00023718,19450620,PRCP,13,,,a,
ASN00023718,19450621,PRCP,33,,,a,
ASN00023718,19450622,PRCP,20,,,a,
ASN00023718,19450623,PRCP,140,,,a,
ASN00023718,19450624,PRCP,0,,,a,
ASN00023718,19450625,PRCP,0,,,a,
ASN00023718,19450626,PRCP,5,,,a,
ASN00023718,19450627,PRCP,89,,,a,
ASN00023718,19450628,PRCP,10,,,a,
ASN00023718,19450629,PRCP,0,,,a,
ASN00023718,19450630,PRCP,0,,,a,
ASN00023718,19450604,DAPR,2,,,a,
ASN00023718,19450618,DAPR,2,,,a,
ASN00023718,19450604,DWPR,1,,,a,
ASN00023718,19450618,DWPR,1,,,a,
ASN00023718,19450604,MDPR,33,,,a,
ASN00023718,19450618,MDPR,89,,,a,
ASN00023718,19450701,PRCP,8,,,a,
ASN00023718,19450702,PRCP,0,,,a,
ASN00023718,19450703,PRCP,0,,,a,
ASN00023718,19450704,PRCP,0,,,a,
ASN00023718,19450705,PRCP,56,,,a,
ASN00023718,19450706,PRCP,107,,,a,
ASN00023718,19450707,PRCP,0,,,a,
ASN00023718,19450708,PRCP,0,,,a,
ASN00023718,19450709,PRCP,0,,,a,
ASN00023718,19450710,PRCP,0,,,a,
ASN00023718,19450711,PRCP,0,,,a,
ASN00023718,19450712,PRCP,0,,,a,
ASN00023718,19450713,PRCP,13,,,a,
ASN00023718,19450714,PRCP,25,,,a,
ASN00023718,19450715,PRCP,10,,,a,
ASN00023718,19450716,PRCP,0,,,a,
ASN00023718,19450717,PRCP,0,,,a,
ASN00023718,19450718,PRCP,15,,,a,
ASN00023718,19450719,PRCP,0,,,a,
ASN00023718,19450720,PRCP,15,,,a,
ASN00023718,19450721,PRCP,0,,,a,
ASN00023718,19450722,PRCP,0,,,a,
ASN00023718,19450723,PRCP,0,,,a,
ASN00023718,19450724,PRCP,0,,,a,
ASN00023718,19450725,PRCP,0,,,a,
ASN00023718,19450726,PRCP,0,,,a,
ASN00023718,19450727,PRCP,0,,,a,
ASN00023718,19450728,PRCP,10,,,a,
ASN00023718,19450729,PRCP,0,,,a,
ASN00023718,19450730,PRCP,0,,,a,
ASN00023718,19450731,PRCP,51,,,a,
ASN00023718,19450801,PRCP,91,,,a,
ASN00023718,19450802,PRCP,23,,,a,
ASN00023718,19450803,PRCP,30,,,a,
ASN00023718,19450804,PRCP,0,,,a,
ASN00023718,19450807,PRCP,56,,,a,
ASN00023718,19450808,PRCP,5,,,a,
ASN00023718,19450809,PRCP,0,,,a,
ASN00023718,19450810,PRCP,0,,,a,
ASN00023718,19450811,PRCP,41,,,a,
ASN00023718,19450812,PRCP,0,,,a,
ASN00023718,19450813,PRCP,10,,,a,
ASN00023718,19450814,PRCP,0,,,a,
ASN00023718,19450815,PRCP,0,,,a,
ASN00023718,19450816,PRCP,18,,,a,
ASN00023718,19450817,PRCP,0,,,a,
ASN00023718,19450818,PRCP,0,,,a,
ASN00023718,19450819,PRCP,0,,,a,
ASN00023718,19450820,PRCP,0,,,a,
ASN00023718,19450821,PRCP,28,,,a,
ASN00023718,19450822,PRCP,23,,,a,
ASN00023718,19450823,PRCP,5,,,a,
ASN00023718,19450824,PRCP,30,,,a,
ASN00023718,19450825,PRCP,38,,,a,
ASN00023718,19450828,PRCP,15,,,a,
ASN00023718,19450829,PRCP,5,,,a,
ASN00023718,19450830,PRCP,8,,,a,
ASN00023718,19450831,PRCP,25,,,a,
ASN00023718,19450806,DAPR,2,,,a,
ASN00023718,19450827,DAPR,2,,,a,
ASN00023718,19450806,DWPR,1,,,a,
ASN00023718,19450827,DWPR,1,,,a,
ASN00023718,19450806,MDPR,51,,,a,
ASN00023718,19450827,MDPR,41,,,a,
ASN00023718,19450901,PRCP,5,,,a,
ASN00023718,19450904,PRCP,51,,,a,
ASN00023718,19450905,PRCP,0,,,a,
ASN00023718,19450906,PRCP,5,,,a,
ASN00023718,19450907,PRCP,33,,,a,
ASN00023718,19450908,PRCP,0,,,a,
ASN00023718,19450909,PRCP,0,,,a,
ASN00023718,19450910,PRCP,0,,,a,
ASN00023718,19450911,PRCP,0,,,a,
ASN00023718,19450912,PRCP,0,,,a,
ASN00023718,19450913,PRCP,0,,,a,
ASN00023718,19450914,PRCP,0,,,a,
ASN00023718,19450915,PRCP,0,,,a,
ASN00023718,19450918,PRCP,0,,,a,
ASN00023718,19450919,PRCP,0,,,a,
ASN00023718,19450920,PRCP,38,,,a,
ASN00023718,19450921,PRCP,76,,,a,
ASN00023718,19450922,PRCP,15,,,a,
ASN00023718,19450925,PRCP,41,,,a,
ASN00023718,19450926,PRCP,25,,,a,
ASN00023718,19450927,PRCP,5,,,a,
ASN00023718,19450928,PRCP,0,,,a,
ASN00023718,19450929,PRCP,13,,,a,
ASN00023718,19450930,PRCP,0,,,a,
ASN00023718,19450903,DAPR,2,,,a,
ASN00023718,19450917,DAPR,2,,,a,
ASN00023718,19450924,DAPR,2,,,a,
ASN00023718,19450903,DWPR,1,,,a,
ASN00023718,19450917,DWPR,1,,,a,
ASN00023718,19450924,DWPR,1,,,a,
ASN00023718,19450903,MDPR,94,,,a,
ASN00023718,19450917,MDPR,94,,,a,
ASN00023718,19450924,MDPR,36,,,a,
ASN00023718,19451001,PRCP,13,,,a,
ASN00023718,19451002,PRCP,0,,,a,
ASN00023718,19451003,PRCP,0,,,a,
ASN00023718,19451004,PRCP,0,,,a,
ASN00023718,19451005,PRCP,0,,,a,
ASN00023718,19451006,PRCP,5,,,a,
ASN00023718,19451007,PRCP,0,,,a,
ASN00023718,19451008,PRCP,13,,,a,
ASN00023718,19451009,PRCP,18,,,a,
ASN00023718,19451010,PRCP,5,,,a,
ASN00023718,19451011,PRCP,0,,,a,
ASN00023718,19451012,PRCP,0,,,a,
ASN00023718,19451013,PRCP,8,,,a,
ASN00023718,19451014,PRCP,0,,,a,
ASN00023718,19451015,PRCP,0,,,a,
ASN00023718,19451016,PRCP,13,,,a,
ASN00023718,19451017,PRCP,0,,,a,
ASN00023718,19451018,PRCP,0,,,a,
ASN00023718,19451019,PRCP,0,,,a,
ASN00023718,19451020,PRCP,0,,,a,
ASN00023718,19451021,PRCP,0,,,a,
ASN00023718,19451022,PRCP,5,,,a,
ASN00023718,19451023,PRCP,20,,,a,
ASN00023718,19451024,PRCP,224,,,a,
ASN00023718,19451025,PRCP,0,,,a,
ASN00023718,19451026,PRCP,23,,,a,
ASN00023718,19451027,PRCP,23,,,a,
ASN00023718,19451030,PRCP,13,,,a,
ASN00023718,19451031,PRCP,0,,,a,
ASN00023718,19451029,DAPR,2,,,a,
ASN00023718,19451029,DWPR,1,,,a,
ASN00023718,19451029,MDPR,267,,,a,
ASN00023718,19451101,PRCP,0,,,a,
ASN00023718,19451102,PRCP,0,,,a,
ASN00023718,19451103,PRCP,3,,,a,
ASN00023718,19451104,PRCP,0,,,a,
ASN00023718,19451105,PRCP,0,,,a,
ASN00023718,19451106,PRCP,0,,,a,
ASN00023718,19451107,PRCP,0,,,a,
ASN00023718,19451108,PRCP,0,,,a,
ASN00023718,19451109,PRCP,41,,,a,
ASN00023718,19451110,PRCP,0,,,a,
ASN00023718,19451111,PRCP,0,,,a,
ASN00023718,19451112,PRCP,0,,,a,
ASN00023718,19451113,PRCP,0,,,a,
ASN00023718,19451114,PRCP,0,,,a,
ASN00023718,19451115,PRCP,0,,,a,
ASN00023718,19451116,PRCP,51,,,a,
ASN00023718,19451117,PRCP,224,,,a,
ASN00023718,19451120,PRCP,20,,,a,
ASN00023718,19451121,PRCP,8,,,a,
ASN00023718,19451122,PRCP,0,,,a,
ASN00023718,19451123,PRCP,0,,,a,
ASN00023718,19451124,PRCP,0,,,a,
ASN00023718,19451125,PRCP,0,,,a,
ASN00023718,19451126,PRCP,0,,,a,
ASN00023718,19451127,PRCP,0,,,a,
ASN00023718,19451128,PRCP,0,,,a,
ASN00023718,19451129,PRCP,20,,,a,
ASN00023718,19451130,PRCP,15,,,a,
ASN00023718,19451119,DAPR,2,,,a,
ASN00023718,19451119,DWPR,1,,,a,
ASN00023718,19451119,MDPR,165,,,a,
ASN00023718,19451201,PRCP,5,,,a,
ASN00023718,19451202,PRCP,0,,,a,
ASN00023718,19451203,PRCP,8,,,a,
ASN00023718,19451204,PRCP,157,,,a,
ASN00023718,19451205,PRCP,0,,,a,
ASN00023718,19451206,PRCP,0,,,a,
ASN00023718,19451207,PRCP,0,,,a,
ASN00023718,19451208,PRCP,0,,,a,
ASN00023718,19451209,PRCP,0,,,a,
ASN00023718,19451210,PRCP,0,,,a,
ASN00023718,19451211,PRCP,0,,,a,
ASN00023718,19451212,PRCP,0,,,a,
ASN00023718,19451213,PRCP,0,,,a,
ASN00023718,19451214,PRCP,23,,,a,
ASN00023718,19451215,PRCP,0,,,a,
ASN00023718,19451218,PRCP,0,,,a,
ASN00023718,19451219,PRCP,0,,,a,
ASN00023718,19451220,PRCP,0,,,a,
ASN00023718,19451221,PRCP,0,,,a,
ASN00023718,19451222,PRCP,0,,,a,
ASN00023718,19451223,PRCP,0,,,a,
ASN00023718,19451224,PRCP,0,,,a,
ASN00023718,19451225,PRCP,0,,,a,
ASN00023718,19451226,PRCP,0,,,a,
ASN00023718,19451227,PRCP,127,,,a,
ASN00023718,19451228,PRCP,0,,,a,
ASN00023718,19451229,PRCP,0,,,a,
ASN00023718,19451230,PRCP,0,,,a,
ASN00023718,19451231,PRCP,0,,,a,
ASN00023718,19451217,DAPR,2,,,a,
ASN00023718,19451217,DWPR,1,,,a,
ASN00023718,19451217,MDPR,213,,,a,
ASN00023718,19460101,PRCP,0,,,a,
ASN00023718,19460102,PRCP,0,,,a,
ASN00023718,19460103,PRCP,0,,,a,
ASN00023718,19460104,PRCP,0,,,a,
ASN00023718,19460105,PRCP,0,,,a,
ASN00023718,19460106,PRCP,0,,,a,
ASN00023718,19460107,PRCP,0,,,a,
ASN00023718,19460108,PRCP,0,,,a,
ASN00023718,19460109,PRCP,0,,,a,
ASN00023718,19460110,PRCP,0,,,a,
ASN00023718,19460111,PRCP,0,,,a,
ASN00023718,19460112,PRCP,0,,,a,
ASN00023718,19460113,PRCP,0,,,a,
ASN00023718,19460114,PRCP,0,,,a,
ASN00023718,19460115,PRCP,0,,,a,
ASN00023718,19460116,PRCP,25,,,a,
ASN00023718,19460117,PRCP,699,,,a,
ASN00023718,19460118,PRCP,495,,,a,
ASN00023718,19460119,PRCP,86,,,a,
ASN00023718,19460120,PRCP,0,,,a,
ASN00023718,19460121,PRCP,0,,,a,
ASN00023718,19460122,PRCP,8,,,a,
ASN00023718,19460123,PRCP,0,,,a,
ASN00023718,19460124,PRCP,0,,,a,
ASN00023718,19460125,PRCP,5,,,a,
ASN00023718,19460126,PRCP,0,,,a,
ASN00023718,19460127,PRCP,0,,,a,
ASN00023718,19460128,PRCP,0,,,a,
ASN00023718,19460129,PRCP,0,,,a,
ASN00023718,19460130,PRCP,0,,,a,
ASN00023718,19460131,PRCP,0,,,a,
ASN00023718,19460201,PRCP,56,,,a,
ASN00023718,19460202,PRCP,0,,,a,
ASN00023718,19460203,PRCP,0,,,a,
ASN00023718,19460204,PRCP,0,,,a,
ASN00023718,19460205,PRCP,0,,,a,
ASN00023718,19460206,PRCP,0,,,a,
ASN00023718,19460207,PRCP,0,,,a,
ASN00023718,19460208,PRCP,0,,,a,
ASN00023718,19460209,PRCP,0,,,a,
ASN00023718,19460210,PRCP,0,,,a,
ASN00023718,19460211,PRCP,8,,,a,
ASN00023718,19460212,PRCP,0,,,a,
ASN00023718,19460213,PRCP,0,,,a,
ASN00023718,19460214,PRCP,0,,,a,
ASN00023718,19460215,PRCP,0,,,a,
ASN00023718,19460216,PRCP,0,,,a,
ASN00023718,19460219,PRCP,25,,,a,
ASN00023718,19460220,PRCP,8,,,a,
ASN00023718,19460221,PRCP,0,,,a,
ASN00023718,19460222,PRCP,0,,,a,
ASN00023718,19460223,PRCP,0,,,a,
ASN00023718,19460224,PRCP,0,,,a,
ASN00023718,19460225,PRCP,0,,,a,
ASN00023718,19460226,PRCP,20,,,a,
ASN00023718,19460227,PRCP,0,,,a,
ASN00023718,19460228,PRCP,0,,,a,
ASN00023718,19460218,DAPR,2,,,a,
ASN00023718,19460218,DWPR,1,,,a,
ASN00023718,19460218,MDPR,1316,,,a,
ASN00023718,19460301,PRCP,0,,,a,
ASN00023718,19460302,PRCP,0,,,a,
ASN00023718,19460303,PRCP,0,,,a,
ASN00023718,19460304,PRCP,0,,,a,
ASN00023718,19460305,PRCP,23,,,a,
ASN00023718,19460306,PRCP,0,,,a,
ASN00023718,19460307,PRCP,0,,,a,
ASN00023718,19460308,PRCP,0,,,a,
ASN00023718,19460309,PRCP,8,,,a,
ASN00023718,19460312,PRCP,0,,,a,
ASN00023718,19460313,PRCP,0,,,a,
ASN00023718,19460314,PRCP,0,,,a,
ASN00023718,19460315,PRCP,53,,,a,
ASN00023718,19460316,PRCP,234,,,a,
ASN00023718,19460317,PRCP,0,,,a,
ASN00023718,19460318,PRCP,0,,,a,
ASN00023718,19460319,PRCP,0,,,a,
ASN00023718,19460320,PRCP,0,,,a,
ASN00023718,19460321,PRCP,0,,,a,
ASN00023718,19460322,PRCP,0,,,a,
ASN00023718,19460323,PRCP,0,,,a,
ASN00023718,19460326,PRCP,10,,,a,
ASN00023718,19460327,PRCP,0,,,a,
ASN00023718,19460328,PRCP,0,,,a,
ASN00023718,19460329,PRCP,0,,,a,
ASN00023718,19460330,PRCP,0,,,a,
ASN00023718,19460331,PRCP,0,,,a,
ASN00023718,19460311,DAPR,2,,,a,
ASN00023718,19460325,DAPR,2,,,a,
ASN00023718,19460311,DWPR,1,,,a,
ASN00023718,19460325,DWPR,1,,,a,
ASN00023718,19460311,MDPR,76,,,a,
ASN00023718,19460325,MDPR,38,,,a,
ASN00023718,19460401,PRCP,25,,,a,
ASN00023718,19460402,PRCP,0,,,a,
ASN00023718,19460403,PRCP,0,,,a,
ASN00023718,19460404,PRCP,0,,,a,
ASN00023718,19460405,PRCP,20,,,a,
ASN00023718,19460406,PRCP,0,,,a,
ASN00023718,19460409,PRCP,0,,,a,
ASN00023718,19460410,PRCP,0,,,a,
ASN00023718,19460411,PRCP,0,,,a,
ASN00023718,19460412,PRCP,0,,,a,
ASN00023718,19460413,PRCP,0,,,a,
ASN00023718,19460414,PRCP,0,,,a,
ASN00023718,19460415,PRCP,0,,,a,
ASN00023718,19460416,PRCP,0,,,a,
ASN00023718,19460417,PRCP,0,,,a,
ASN00023718,19460418,PRCP,0,,,a,
ASN00023718,19460419,PRCP,0,,,a,
ASN00023718,19460420,PRCP,10,,,a,
ASN00023718,19460421,PRCP,0,,,a,
ASN00023718,19460422,PRCP,0,,,a,
ASN00023718,19460423,PRCP,244,,,a,
ASN00023718,19460424,PRCP,8,,,a,
ASN00023718,19460425,PRCP,3,,,a,
ASN00023718,19460426,PRCP,0,,,a,
ASN00023718,19460427,PRCP,25,,,a,
ASN00023718,19460428,PRCP,0,,,a,
ASN00023718,19460429,PRCP,0,,,a,
ASN00023718,19460430,PRCP,0,,,a,
ASN00023718,19460408,DAPR,2,,,a,
ASN00023718,19460408,DWPR,1,,,a,
ASN00023718,19460408,MDPR,28,,,a,
ASN00023718,19460501,PRCP,0,,,a,
ASN00023718,19460502,PRCP,0,,,a,
ASN00023718,19460503,PRCP,0,,,a,
ASN00023718,19460504,PRCP,0,,,a,
ASN00023718,19460505,PRCP,0,,,a,
ASN00023718,19460506,PRCP,5,,,a,
ASN00023718,19460507,PRCP,0,,,a,
ASN00023718,19460508,PRCP,0,,,a,
ASN00023718,19460509,PRCP,0,,,a,
ASN00023718,19460510,PRCP,0,,,a,
ASN00023718,19460511,PRCP,0,,,a,
ASN00023718,19460512,PRCP,0,,,a,
ASN00023718,19460513,PRCP,0,,,a,
ASN00023718,19460514,PRCP,0,,,a,
ASN00023718,19460515,PRCP,0,,,a,
ASN00023718,19460516,PRCP,0,,,a,
ASN00023718,19460517,PRCP,163,,,a,
ASN00023718,19460518,PRCP,157,,,a,
ASN00023718,19460519,PRCP,0,,,a,
ASN00023718,19460520,PRCP,13,,,a,
ASN00023718,19460521,PRCP,0,,,a,
ASN00023718,19460522,PRCP,0,,,a,
ASN00023718,19460523,PRCP,0,,,a,
ASN00023718,19460524,PRCP,0,,,a,
ASN00023718,19460525,PRCP,0,,,a,
ASN00023718,19460528,PRCP,0,,,a,
ASN00023718,19460529,PRCP,0,,,a,
ASN00023718,19460530,PRCP,117,,,a,
ASN00023718,19460531,PRCP,0,,,a,
ASN00023718,19460527,DAPR,2,,,a,
ASN00023718,19460527,DWPR,1,,,a,
ASN00023718,19460527,MDPR,51,,,a,
ASN00023718,19460601,PRCP,25,,,a,
ASN00023718,19460602,PRCP,0,,,a,
ASN00023718,19460603,PRCP,5,,,a,
ASN00023718,19460604,PRCP,0,,,a,
ASN00023718,19460605,PRCP,20,,,a,
ASN00023718,19460606,PRCP,0,,,a,
ASN00023718,19460607,PRCP,0,,,a,
ASN00023718,19460608,PRCP,0,,,a,
ASN00023718,19460611,PRCP,5,,,a,
ASN00023718,19460612,PRCP,5,,,a,
ASN00023718,19460613,PRCP,5,,,a,
ASN00023718,19460614,PRCP,18,,,a,
ASN00023718,19460615,PRCP,5,,,a,
ASN00023718,19460618,PRCP,0,,,a,
ASN00023718,19460619,PRCP,23,,,a,
ASN00023718,19460620,PRCP,20,,,a,
ASN00023718,19460621,PRCP,0,,,a,
ASN00023718,19460622,PRCP,8,,,a,
ASN00023718,19460625,PRCP,13,,,a,
ASN00023718,19460626,PRCP,0,,,a,
ASN00023718,19460627,PRCP,0,,,a,
ASN00023718,19460628,PRCP,0,,,a,
ASN00023718,19460629,PRCP,0,,,a,
ASN00023718,19460630,PRCP,89,,,a,
ASN00023718,19460610,DAPR,2,,,a,
ASN00023718,19460617,DAPR,2,,,a,
ASN00023718,19460624,DAPR,2,,,a,
ASN00023718,19460610,DWPR,1,,,a,
ASN00023718,19460617,DWPR,1,,,a,
ASN00023718,19460624,DWPR,1,,,a,
ASN00023718,19460610,MDPR,191,,,a,
ASN00023718,19460617,MDPR,33,,,a,
ASN00023718,19460624,MDPR,28,,,a,
ASN00023718,19460701,PRCP,13,,,a,
ASN00023718,19460702,PRCP,109,,,a,
ASN00023718,19460703,PRCP,8,,,a,
ASN00023718,19460704,PRCP,0,,,a,
ASN00023718,19460705,PRCP,0,,,a,
ASN00023718,19460706,PRCP,107,,,a,
ASN00023718,19460707,PRCP,0,,,a,
ASN00023718,19460708,PRCP,10,,,a,
ASN00023718,19460709,PRCP,0,,,a,
ASN00023718,19460710,PRCP,0,,,a,
ASN00023718,19460711,PRCP,0,,,a,
ASN00023718,19460712,PRCP,0,,,a,
ASN00023718,19460713,PRCP,0,,,a,
ASN00023718,19460716,PRCP,0,,,a,
ASN00023718,19460717,PRCP,53,,,a,
ASN00023718,19460718,PRCP,30,,,a,
ASN00023718,19460719,PRCP,0,,,a,
ASN00023718,19460720,PRCP,51,,,a,
ASN00023718,19460723,PRCP,145,,,a,
ASN00023718,19460724,PRCP,18,,,a,
ASN00023718,19460725,PRCP,117,,,a,
ASN00023718,19460726,PRCP,33,,,a,
ASN00023718,19460727,PRCP,5,,,a,
ASN00023718,19460728,PRCP,0,,,a,
ASN00023718,19460729,PRCP,0,,,a,
ASN00023718,19460730,PRCP,81,,,a,
ASN00023718,19460731,PRCP,20,,,a,
ASN00023718,19460715,DAPR,2,,,a,
ASN00023718,19460722,DAPR,2,,,a,
ASN00023718,19460715,DWPR,1,,,a,
ASN00023718,19460722,DWPR,1,,,a,
ASN00023718,19460715,MDPR,119,,,a,
ASN00023718,19460722,MDPR,89,,,a,
ASN00023718,19460801,PRCP,18,,,a,
ASN00023718,19460802,PRCP,10,,,a,
ASN00023718,19460803,PRCP,10,,,a,
ASN00023718,19460804,PRCP,0,,,a,
ASN00023718,19460805,PRCP,0,,,a,
ASN00023718,19460806,PRCP,5,,,a,
ASN00023718,19460807,PRCP,0,,,a,
ASN00023718,19460808,PRCP,0,,,a,
ASN00023718,19460809,PRCP,0,,,a,
ASN00023718,19460810,PRCP,0,,,a,
ASN00023718,19460811,PRCP,0,,,a,
ASN00023718,19460812,PRCP,0,,,a,
ASN00023718,19460813,PRCP,56,,,a,
ASN00023718,19460814,PRCP,71,,,a,
ASN00023718,19460815,PRCP,8,,,a,
ASN00023718,19460816,PRCP,10,,,a,
ASN00023718,19460817,PRCP,0,,,a,
ASN00023718,19460818,PRCP,0,,,a,
ASN00023718,19460819,PRCP,5,,,a,
ASN00023718,19460820,PRCP,0,,,a,
ASN00023718,19460821,PRCP,38,,,a,
ASN00023718,19460822,PRCP,0,,,a,
ASN00023718,19460823,PRCP,0,,,a,
ASN00023718,19460824,PRCP,20,,,a,
ASN00023718,19460825,PRCP,0,,,a,
ASN00023718,19460826,PRCP,0,,,a,
ASN00023718,19460827,PRCP,20,,,a,
ASN00023718,19460828,PRCP,23,,,a,
ASN00023718,19460829,PRCP,28,,,a,
ASN00023718,19460830,PRCP,0,,,a,
ASN00023718,19460831,PRCP,18,,,a,
ASN00023718,19460901,PRCP,0,,,a,
ASN00023718,19460902,PRCP,0,,,a,
ASN00023718,19460903,PRCP,0,,,a,
ASN00023718,19460904,PRCP,0,,,a,
ASN00023718,19460905,PRCP,0,,,a,
ASN00023718,19460906,PRCP,20,,,a,
ASN00023718,19460907,PRCP,0,,,a,
ASN00023718,19460908,PRCP,0,,,a,
ASN00023718,19460909,PRCP,0,,,a,
ASN00023718,19460910,PRCP,0,,,a,
ASN00023718,19460911,PRCP,107,,,a,
ASN00023718,19460912,PRCP,38,,,a,
ASN00023718,19460913,PRCP,8,,,a,
ASN00023718,19460914,PRCP,20,,,a,
ASN00023718,19460917,PRCP,0,,,a,
ASN00023718,19460918,PRCP,0,,,a,
ASN00023718,19460919,PRCP,0,,,a,
ASN00023718,19460920,PRCP,0,,,a,
ASN00023718,19460921,PRCP,25,,,a,
ASN00023718,19460924,PRCP,8,,,a,
ASN00023718,19460925,PRCP,10,,,a,
ASN00023718,19460926,PRCP,0,,,a,
ASN00023718,19460927,PRCP,0,,,a,
ASN00023718,19460928,PRCP,0,,,a,
ASN00023718,19460929,PRCP,0,,,a,
ASN00023718,19460930,PRCP,0,,,a,
ASN00023718,19460916,DAPR,2,,,a,
ASN00023718,19460923,DAPR,2,,,a,
ASN00023718,19460916,DWPR,1,,,a,
ASN00023718,19460923,DWPR,1,,,a,
ASN00023718,19460916,MDPR,30,,,a,
ASN00023718,19460923,MDPR,48,,,a,
ASN00023718,19461001,PRCP,0,,,a,
ASN00023718,19461002,PRCP,0,,,a,
ASN00023718,19461003,PRCP,0,,,a,
ASN00023718,19461004,PRCP,5,,,a,
ASN00023718,19461005,PRCP,46,,,a,
ASN00023718,19461006,PRCP,0,,,a,
ASN00023718,19461007,PRCP,0,,,a,
ASN00023718,19461008,PRCP,0,,,a,
ASN00023718,19461009,PRCP,0,,,a,
ASN00023718,19461010,PRCP,0,,,a,
ASN00023718,19461011,PRCP,0,,,a,
ASN00023718,19461012,PRCP,0,,,a,
ASN00023718,19461013,PRCP,18,,,a,
ASN00023718,19461014,PRCP,51,,,a,
ASN00023718,19461015,PRCP,38,,,a,
ASN00023718,19461016,PRCP,10,,,a,
ASN00023718,19461017,PRCP,0,,,a,
ASN00023718,19461018,PRCP,0,,,a,
ASN00023718,19461019,PRCP,0,,,a,
ASN00023718,19461020,PRCP,0,,,a,
ASN00023718,19461021,PRCP,3,,,a,
ASN00023718,19461022,PRCP,53,,,a,
ASN00023718,19461023,PRCP,8,,,a,
ASN00023718,19461024,PRCP,0,,,a,
ASN00023718,19461025,PRCP,0,,,a,
ASN00023718,19461026,PRCP,0,,,a,
ASN00023718,19461027,PRCP,0,,,a,
ASN00023718,19461028,PRCP,3,,,a,
ASN00023718,19461029,PRCP,0,,,a,
ASN00023718,19461030,PRCP,0,,,a,
ASN00023718,19461031,PRCP,0,,,a,
ASN00023718,19461101,PRCP,0,,,a,
ASN00023718,19461102,PRCP,0,,,a,
ASN00023718,19461103,PRCP,0,,,a,
ASN00023718,19461104,PRCP,0,,,a,
ASN00023718,19461105,PRCP,0,,,a,
ASN00023718,19461106,PRCP,0,,,a,
ASN00023718,19461107,PRCP,8,,,a,
ASN00023718,19461108,PRCP,0,,,a,
ASN00023718,19461109,PRCP,0,,,a,
ASN00023718,19461110,PRCP,0,,,a,
ASN00023718,19461111,PRCP,0,,,a,
ASN00023718,19461112,PRCP,36,,,a,
ASN00023718,19461113,PRCP,56,,,a,
ASN00023718,19461114,PRCP,0,,,a,
ASN00023718,19461115,PRCP,122,,,a,
ASN00023718,19461116,PRCP,0,,,a,
ASN00023718,19461117,PRCP,0,,,a,
ASN00023718,19461118,PRCP,0,,,a,
ASN00023718,19461119,PRCP,0,,,a,
ASN00023718,19461120,PRCP,0,,,a,
ASN00023718,19461121,PRCP,0,,,a,
ASN00023718,19461122,PRCP,0,,,a,
ASN00023718,19461123,PRCP,0,,,a,
ASN00023718,19461124,PRCP,0,,,a,
ASN00023718,19461125,PRCP,0,,,a,
ASN00023718,19461126,PRCP,0,,,a,
ASN00023718,19461127,PRCP,0,,,a,
ASN00023718,19461128,PRCP,0,,,a,
ASN00023718,19461129,PRCP,0,,,a,
ASN00023718,19461130,PRCP,58,,,a,
ASN00023718,19470101,PRCP,0,,,a,
ASN00023718,19470102,PRCP,0,,,a,
ASN00023718,19470103,PRCP,0,,,a,
ASN00023718,19470104,PRCP,0,,,a,
ASN00023718,19470105,PRCP,0,,,a,
ASN00023718,19470106,PRCP,10,,,a,
ASN00023718,19470107,PRCP,0,,,a,
ASN00023718,19470108,PRCP,0,,,a,
ASN00023718,19470109,PRCP,0,,,a,
ASN00023718,19470110,PRCP,0,,,a,
ASN00023718,19470111,PRCP,0,,,a,
ASN00023718,19470112,PRCP,0,,,a,
ASN00023718,19470113,PRCP,0,,,a,
ASN00023718,19470114,PRCP,0,,,a,
ASN00023718,19470115,PRCP,0,,,a,
ASN00023718,19470116,PRCP,0,,,a,
ASN00023718,19470117,PRCP,0,,,a,
ASN00023718,19470118,PRCP,0,,,a,
ASN00023718,19470119,PRCP,0,,,a,
ASN00023718,19470120,PRCP,0,,,a,
ASN00023718,19470121,PRCP,10,,,a,
ASN00023718,19470122,PRCP,0,,,a,
ASN00023718,19470123,PRCP,0,,,a,
ASN00023718,19470124,PRCP,0,,,a,
ASN00023718,19470125,PRCP,0,,,a,
ASN00023718,19470126,PRCP,18,,,a,
ASN00023718,19470127,PRCP,0,,,a,
ASN00023718,19470128,PRCP,0,,,a,
ASN00023718,19470129,PRCP,25,,,a,
ASN00023718,19470130,PRCP,0,,,a,
ASN00023718,19470131,PRCP,5,,,a,
ASN00023718,19470201,PRCP,0,,,a,
ASN00023718,19470202,PRCP,0,,,a,
ASN00023718,19470203,PRCP,0,,,a,
ASN00023718,19470204,PRCP,0,,,a,
ASN00023718,19470205,PRCP,0,,,a,
ASN00023718,19470206,PRCP,0,,,a,
ASN00023718,19470207,PRCP,0,,,a,
ASN00023718,19470208,PRCP,25,,,a,
ASN00023718,19470209,PRCP,25,,,a,
ASN00023718,19470210,PRCP,0,,,a,
ASN00023718,19470211,PRCP,0,,,a,
ASN00023718,19470212,PRCP,0,,,a,
ASN00023718,19470213,PRCP,0,,,a,
ASN00023718,19470214,PRCP,13,,,a,
ASN00023718,19470215,PRCP,81,,,a,
ASN00023718,19470216,PRCP,0,,,a,
ASN00023718,19470217,PRCP,8,,,a,
ASN00023718,19470218,PRCP,13,,,a,
ASN00023718,19470219,PRCP,0,,,a,
ASN00023718,19470220,PRCP,0,,,a,
ASN00023718,19470221,PRCP,0,,,a,
ASN00023718,19470222,PRCP,0,,,a,
ASN00023718,19470223,PRCP,0,,,a,
ASN00023718,19470224,PRCP,0,,,a,
ASN00023718,19470225,PRCP,0,,,a,
ASN00023718,19470226,PRCP,0,,,a,
ASN00023718,19470227,PRCP,0,,,a,
ASN00023718,19470228,PRCP,81,,,a,
ASN00023718,19470301,PRCP,23,,,a,
ASN00023718,19470302,PRCP,0,,,a,
ASN00023718,19470303,PRCP,0,,,a,
ASN00023718,19470304,PRCP,8,,,a,
ASN00023718,19470305,PRCP,0,,,a,
ASN00023718,19470306,PRCP,5,,,a,
ASN00023718,19470307,PRCP,0,,,a,
ASN00023718,19470308,PRCP,0,,,a,
ASN00023718,19470309,PRCP,0,,,a,
ASN00023718,19470310,PRCP,0,,,a,
ASN00023718,19470311,PRCP,0,,,a,
ASN00023718,19470312,PRCP,76,,,a,
ASN00023718,19470313,PRCP,0,,,a,
ASN00023718,19470314,PRCP,20,,,a,
ASN00023718,19470315,PRCP,0,,,a,
ASN00023718,19470316,PRCP,0,,,a,
ASN00023718,19470317,PRCP,0,,,a,
ASN00023718,19470318,PRCP,0,,,a,
ASN00023718,19470319,PRCP,0,,,a,
ASN00023718,19470320,PRCP,0,,,a,
ASN00023718,19470321,PRCP,0,,,a,
ASN00023718,19470322,PRCP,0,,,a,
ASN00023718,19470323,PRCP,0,,,a,
ASN00023718,19470324,PRCP,0,,,a,
ASN00023718,19470325,PRCP,0,,,a,
ASN00023718,19470326,PRCP,76,,,a,
ASN00023718,19470327,PRCP,5,,,a,
ASN00023718,19470328,PRCP,287,,,a,
ASN00023718,19470329,PRCP,406,,,a,
ASN00023718,19470330,PRCP,66,,,a,
ASN00023718,19470331,PRCP,8,,,a,
ASN00023718,19470401,PRCP,41,,,a,
ASN00023718,19470402,PRCP,0,,,a,
ASN00023718,19470403,PRCP,0,,,a,
ASN00023718,19470404,PRCP,0,,,a,
ASN00023718,19470405,PRCP,0,,,a,
ASN00023718,19470406,PRCP,0,,,a,
ASN00023718,19470407,PRCP,0,,,a,
ASN00023718,19470408,PRCP,0,,,a,
ASN00023718,19470409,PRCP,0,,,a,
ASN00023718,19470410,PRCP,8,,,a,
ASN00023718,19470411,PRCP,94,,,a,
ASN00023718,19470412,PRCP,28,,,a,
ASN00023718,19470413,PRCP,0,,,a,
ASN00023718,19470414,PRCP,8,,,a,
ASN00023718,19470415,PRCP,0,,,a,
ASN00023718,19470416,PRCP,0,,,a,
ASN00023718,19470417,PRCP,0,,,a,
ASN00023718,19470418,PRCP,0,,,a,
ASN00023718,19470419,PRCP,0,,,a,
ASN00023718,19470420,PRCP,0,,,a,
ASN00023718,19470421,PRCP,20,,,a,
ASN00023718,19470422,PRCP,33,,,a,
ASN00023718,19470423,PRCP,0,,,a,
ASN00023718,19470424,PRCP,0,,,a,
ASN00023718,19470425,PRCP,13,,,a,
ASN00023718,19470426,PRCP,0,,,a,
ASN00023718,19470427,PRCP,0,,,a,
ASN00023718,19470428,PRCP,0,,,a,
ASN00023718,19470429,PRCP,0,,,a,
ASN00023718,19470430,PRCP,0,,,a,
ASN00023718,19470501,PRCP,0,,,a,
ASN00023718,19470502,PRCP,0,,,a,
ASN00023718,19470503,PRCP,0,,,a,
ASN00023718,19470504,PRCP,0,,,a,
ASN00023718,19470505,PRCP,0,,,a,
ASN00023718,19470506,PRCP,0,,,a,
ASN00023718,19470507,PRCP,0,,,a,
ASN00023718,19470508,PRCP,8,,,a,
ASN00023718,19470509,PRCP,15,,,a,
ASN00023718,19470510,PRCP,0,,,a,
ASN00023718,19470511,PRCP,0,,,a,
ASN00023718,19470512,PRCP,0,,,a,
ASN00023718,19470513,PRCP,0,,,a,
ASN00023718,19470514,PRCP,0,,,a,
ASN00023718,19470515,PRCP,0,,,a,
ASN00023718,19470516,PRCP,0,,,a,
ASN00023718,19470517,PRCP,0,,,a,
ASN00023718,19470518,PRCP,0,,,a,
ASN00023718,19470519,PRCP,0,,,a,
ASN00023718,19470520,PRCP,0,,,a,
ASN00023718,19470521,PRCP,0,,,a,
ASN00023718,19470522,PRCP,0,,,a,
ASN00023718,19470523,PRCP,0,,,a,
ASN00023718,19470524,PRCP,58,,,a,
ASN00023718,19470525,PRCP,46,,,a,
ASN00023718,19470526,PRCP,18,,,a,
ASN00023718,19470527,PRCP,114,,,a,
ASN00023718,19470528,PRCP,8,,,a,
ASN00023718,19470529,PRCP,20,,,a,
ASN00023718,19470530,PRCP,8,,,a,
ASN00023718,19470531,PRCP,0,,,a,
ASN00023718,19470601,PRCP,0,,,a,
ASN00023718,19470602,PRCP,0,,,a,
ASN00023718,19470603,PRCP,0,,,a,
ASN00023718,19470604,PRCP,97,,,a,
ASN00023718,19470605,PRCP,0,,,a,
ASN00023718,19470606,PRCP,8,,,a,
ASN00023718,19470607,PRCP,0,,,a,
ASN00023718,19470610,PRCP,56,,,a,
ASN00023718,19470611,PRCP,0,,,a,
ASN00023718,19470612,PRCP,0,,,a,
ASN00023718,19470613,PRCP,15,,,a,
ASN00023718,19470614,PRCP,0,,,a,
ASN00023718,19470615,PRCP,0,,,a,
ASN00023718,19470616,PRCP,0,,,a,
ASN00023718,19470617,PRCP,0,,,a,
ASN00023718,19470618,PRCP,0,,,a,
ASN00023718,19470619,PRCP,0,,,a,
ASN00023718,19470620,PRCP,38,,,a,
ASN00023718,19470621,PRCP,0,,,a,
ASN00023718,19470622,PRCP,0,,,a,
ASN00023718,19470623,PRCP,18,,,a,
ASN00023718,19470624,PRCP,58,,,a,
ASN00023718,19470625,PRCP,0,,,a,
ASN00023718,19470626,PRCP,0,,,a,
ASN00023718,19470627,PRCP,46,,,a,
ASN00023718,19470628,PRCP,38,,,a,
ASN00023718,19470629,PRCP,0,,,a,
ASN00023718,19470630,PRCP,0,,,a,
ASN00023718,19470609,DAPR,2,,,a,
ASN00023718,19470609,DWPR,1,,,a,
ASN00023718,19470609,MDPR,94,,,a,
ASN00023718,19470701,PRCP,0,,,a,
ASN00023718,19470702,PRCP,0,,,a,
ASN00023718,19470703,PRCP,127,,,a,
ASN00023718,19470704,PRCP,0,,,a,
ASN00023718,19470705,PRCP,43,,,a,
ASN00023718,19470706,PRCP,0,,,a,
ASN00023718,19470707,PRCP,15,,,a,
ASN00023718,19470708,PRCP,28,,,a,
ASN00023718,19470709,PRCP,20,,,a,
ASN00023718,19470710,PRCP,33,,,a,
ASN00023718,19470711,PRCP,43,,,a,
ASN00023718,19470712,PRCP,0,,,a,
ASN00023718,19470713,PRCP,36,,,a,
ASN00023718,19470714,PRCP,86,,,a,
ASN00023718,19470715,PRCP,191,,,a,
ASN00023718,19470716,PRCP,170,,,a,
ASN00023718,19470717,PRCP,66,,,a,
ASN00023718,19470718,PRCP,0,,,a,
ASN00023718,19470719,PRCP,0,,,a,
ASN00023718,19470720,PRCP,0,,,a,
ASN00023718,19470721,PRCP,8,,,a,
ASN00023718,19470722,PRCP,102,,,a,
ASN00023718,19470723,PRCP,10,,,a,
ASN00023718,19470724,PRCP,0,,,a,
ASN00023718,19470725,PRCP,20,,,a,
ASN00023718,19470726,PRCP,25,,,a,
ASN00023718,19470729,PRCP,13,,,a,
ASN00023718,19470730,PRCP,0,,,a,
ASN00023718,19470731,PRCP,0,,,a,
ASN00023718,19470728,DAPR,2,,,a,
ASN00023718,19470728,DWPR,1,,,a,
ASN00023718,19470728,MDPR,157,,,a,
ASN00023718,19470801,PRCP,0,,,a,
ASN00023718,19470802,PRCP,0,,,a,
ASN00023718,19470803,PRCP,8,,,a,
ASN00023718,19470804,PRCP,0,,,a,
ASN00023718,19470805,PRCP,0,,,a,
ASN00023718,19470806,PRCP,0,,,a,
ASN00023718,19470807,PRCP,0,,,a,
ASN00023718,19470808,PRCP,0,,,a,
ASN00023718,19470809,PRCP,0,,,a,
ASN00023718,19470812,PRCP,69,,,a,
ASN00023718,19470813,PRCP,8,,,a,
ASN00023718,19470814,PRCP,64,,,a,
ASN00023718,19470815,PRCP,25,,,a,
ASN00023718,19470816,PRCP,8,,,a,
ASN00023718,19470817,PRCP,0,,,a,
ASN00023718,19470818,PRCP,0,,,a,
ASN00023718,19470819,PRCP,18,,,a,
ASN00023718,19470820,PRCP,8,,,a,
ASN00023718,19470821,PRCP,46,,,a,
ASN00023718,19470822,PRCP,30,,,a,
ASN00023718,19470823,PRCP,84,,,a,
ASN00023718,19470824,PRCP,64,,,a,
ASN00023718,19470825,PRCP,33,,,a,
ASN00023718,19470826,PRCP,0,,,a,
ASN00023718,19470827,PRCP,0,,,a,
ASN00023718,19470828,PRCP,0,,,a,
ASN00023718,19470829,PRCP,0,,,a,
ASN00023718,19470830,PRCP,0,,,a,
ASN00023718,19470831,PRCP,13,,,a,
ASN00023718,19470811,DAPR,2,,,a,
ASN00023718,19470811,DWPR,1,,,a,
ASN00023718,19470811,MDPR,28,,,a,
ASN00023718,19470901,PRCP,0,,,a,
ASN00023718,19470902,PRCP,208,,,a,
ASN00023718,19470903,PRCP,279,,,a,
ASN00023718,19470904,PRCP,5,,,a,
ASN00023718,19470905,PRCP,0,,,a,
ASN00023718,19470906,PRCP,20,,,a,
ASN00023718,19470907,PRCP,0,,,a,
ASN00023718,19470908,PRCP,8,,,a,
ASN00023718,19470909,PRCP,0,,,a,
ASN00023718,19470910,PRCP,0,,,a,
ASN00023718,19470911,PRCP,0,,,a,
ASN00023718,19470912,PRCP,0,,,a,
ASN00023718,19470913,PRCP,0,,,a,
ASN00023718,19470916,PRCP,46,,,a,
ASN00023718,19470917,PRCP,0,,,a,
ASN00023718,19470918,PRCP,0,,,a,
ASN00023718,19470919,PRCP,0,,,a,
ASN00023718,19470920,PRCP,0,,,a,
ASN00023718,19470921,PRCP,0,,,a,
ASN00023718,19470922,PRCP,0,,,a,
ASN00023718,19470923,PRCP,10,,,a,
ASN00023718,19470924,PRCP,23,,,a,
ASN00023718,19470925,PRCP,0,,,a,
ASN00023718,19470926,PRCP,0,,,a,
ASN00023718,19470927,PRCP,0,,,a,
ASN00023718,19470928,PRCP,0,,,a,
ASN00023718,19470929,PRCP,0,,,a,
ASN00023718,19470930,PRCP,46,,,a,
ASN00023718,19470915,DAPR,2,,,a,
ASN00023718,19470915,DWPR,1,,,a,
ASN00023718,19470915,MDPR,74,,,a,
ASN00023718,19471001,PRCP,107,,,a,
ASN00023718,19471002,PRCP,10,,,a,
ASN00023718,19471003,PRCP,25,,,a,
ASN00023718,19471004,PRCP,119,,,a,
ASN00023718,19471005,PRCP,107,,,a,
ASN00023718,19471006,PRCP,0,,,a,
ASN00023718,19471007,PRCP,30,,,a,
ASN00023718,19471008,PRCP,8,,,a,
ASN00023718,19471009,PRCP,0,,,a,
ASN00023718,19471010,PRCP,0,,,a,
ASN00023718,19471011,PRCP,0,,,a,
ASN00023718,19471012,PRCP,0,,,a,
ASN00023718,19471013,PRCP,0,,,a,
ASN00023718,19471014,PRCP,28,,,a,
ASN00023718,19471015,PRCP,8,,,a,
ASN00023718,19471016,PRCP,8,,,a,
ASN00023718,19471017,PRCP,0,,,a,
ASN00023718,19471018,PRCP,0,,,a,
ASN00023718,19471021,PRCP,8,,,a,
ASN00023718,19471022,PRCP,5,,,a,
ASN00023718,19471023,PRCP,18,,,a,
ASN00023718,19471024,PRCP,38,,,a,
ASN00023718,19471025,PRCP,0,,,a,
ASN00023718,19471026,PRCP,0,,,a,
ASN00023718,19471027,PRCP,0,,,a,
ASN00023718,19471028,PRCP,0,,,a,
ASN00023718,19471029,PRCP,0,,,a,
ASN00023718,19471030,PRCP,15,,,a,
ASN00023718,19471031,PRCP,0,,,a,
ASN00023718,19471020,DAPR,2,,,a,
ASN00023718,19471020,DWPR,1,,,a,
ASN00023718,19471020,MDPR,102,,,a,
ASN00023718,19471101,PRCP,0,,,a,
ASN00023718,19471102,PRCP,0,,,a,
ASN00023718,19471103,PRCP,0,,,a,
ASN00023718,19471104,PRCP,18,,,a,
ASN00023718,19471105,PRCP,51,,,a,
ASN00023718,19471106,PRCP,0,,,a,
ASN00023718,19471107,PRCP,0,,,a,
ASN00023718,19471108,PRCP,43,,,a,
ASN00023718,19471109,PRCP,86,,,a,
ASN00023718,19471110,PRCP,0,,,a,
ASN00023718,19471111,PRCP,0,,,a,
ASN00023718,19471112,PRCP,0,,,a,
ASN00023718,19471113,PRCP,0,,,a,
ASN00023718,19471114,PRCP,0,,,a,
ASN00023718,19471115,PRCP,0,,,a,
ASN00023718,19471116,PRCP,0,,,a,
ASN00023718,19471117,PRCP,0,,,a,
ASN00023718,19471118,PRCP,0,,,a,
ASN00023718,19471119,PRCP,0,,,a,
ASN00023718,19471120,PRCP,0,,,a,
ASN00023718,19471121,PRCP,23,,,a,
ASN00023718,19471122,PRCP,0,,,a,
ASN00023718,19471123,PRCP,0,,,a,
ASN00023718,19471124,PRCP,0,,,a,
ASN00023718,19471125,PRCP,0,,,a,
ASN00023718,19471126,PRCP,0,,,a,
ASN00023718,19471127,PRCP,0,,,a,
ASN00023718,19471128,PRCP,0,,,a,
ASN00023718,19471129,PRCP,20,,,a,
ASN00023718,19471130,PRCP,53,,,a,
ASN00023718,19471201,PRCP,0,,,a,
ASN00023718,19471202,PRCP,5,,,a,
ASN00023718,19471203,PRCP,23,,,a,
ASN00023718,19471204,PRCP,0,,,a,
ASN00023718,19471205,PRCP,0,,,a,
ASN00023718,19471206,PRCP,0,,,a,
ASN00023718,19471207,PRCP,0,,,a,
ASN00023718,19471208,PRCP,0,,,a,
ASN00023718,19471209,PRCP,0,,,a,
ASN00023718,19471210,PRCP,0,,,a,
ASN00023718,19471211,PRCP,0,,,a,
ASN00023718,19471212,PRCP,0,,,a,
ASN00023718,19471213,PRCP,56,,,a,
ASN00023718,19471214,PRCP,0,,,a,
ASN00023718,19471215,PRCP,0,,,a,
ASN00023718,19471216,PRCP,0,,,a,
ASN00023718,19471217,PRCP,0,,,a,
ASN00023718,19471218,PRCP,0,,,a,
ASN00023718,19471219,PRCP,0,,,a,
ASN00023718,19471220,PRCP,13,,,a,
ASN00023718,19471221,PRCP,0,,,a,
ASN00023718,19471222,PRCP,20,,,a,
ASN00023718,19471223,PRCP,66,,,a,
ASN00023718,19471224,PRCP,10,,,a,
ASN00023718,19471225,PRCP,28,,,a,
ASN00023718,19471226,PRCP,0,,,a,
ASN00023718,19471227,PRCP,0,,,a,
ASN00023718,19471228,PRCP,0,,,a,
ASN00023718,19471229,PRCP,0,,,a,
ASN00023718,19471230,PRCP,0,,,a,
ASN00023718,19471231,PRCP,0,,,a,
ASN00023718,19480103,PRCP,0,,,a,
ASN00023718,19480106,PRCP,0,,,a,
ASN00023718,19480107,PRCP,18,,,a,
ASN00023718,19480108,PRCP,0,,,a,
ASN00023718,19480109,PRCP,0,,,a,
ASN00023718,19480110,PRCP,0,,,a,
ASN00023718,19480111,PRCP,0,,,a,
ASN00023718,19480112,PRCP,0,,,a,
ASN00023718,19480113,PRCP,0,,,a,
ASN00023718,19480114,PRCP,0,,,a,
ASN00023718,19480115,PRCP,0,,,a,
ASN00023718,19480116,PRCP,0,,,a,
ASN00023718,19480117,PRCP,0,,,a,
ASN00023718,19480118,PRCP,0,,,a,
ASN00023718,19480119,PRCP,0,,,a,
ASN00023718,19480120,PRCP,0,,,a,
ASN00023718,19480121,PRCP,0,,,a,
ASN00023718,19480122,PRCP,0,,,a,
ASN00023718,19480123,PRCP,0,,,a,
ASN00023718,19480124,PRCP,0,,,a,
ASN00023718,19480125,PRCP,0,,,a,
ASN00023718,19480126,PRCP,0,,,a,
ASN00023718,19480127,PRCP,0,,,a,
ASN00023718,19480128,PRCP,0,,,a,
ASN00023718,19480129,PRCP,0,,,a,
ASN00023718,19480130,PRCP,0,,,a,
ASN00023718,19480131,PRCP,0,,,a,
ASN00023718,19480102,DAPR,2,,,a,
ASN00023718,19480105,DAPR,2,,,a,
ASN00023718,19480102,DWPR,1,,,a,
ASN00023718,19480105,DWPR,1,,,a,
ASN00023718,19480102,MDPR,56,,,a,
ASN00023718,19480105,MDPR,36,,,a,
ASN00023718,19480203,PRCP,0,,,a,
ASN00023718,19480204,PRCP,0,,,a,
ASN00023718,19480205,PRCP,0,,,a,
ASN00023718,19480206,PRCP,0,,,a,
ASN00023718,19480207,PRCP,0,,,a,
ASN00023718,19480208,PRCP,0,,,a,
ASN00023718,19480209,PRCP,0,,,a,
ASN00023718,19480210,PRCP,0,,,a,
ASN00023718,19480211,PRCP,0,,,a,
ASN00023718,19480212,PRCP,0,,,a,
ASN00023718,19480213,PRCP,18,,,a,
ASN00023718,19480214,PRCP,0,,,a,
ASN00023718,19480215,PRCP,0,,,a,
ASN00023718,19480216,PRCP,0,,,a,
ASN00023718,19480217,PRCP,0,,,a,
ASN00023718,19480218,PRCP,0,,,a,
ASN00023718,19480219,PRCP,0,,,a,
ASN00023718,19480220,PRCP,0,,,a,
ASN00023718,19480221,PRCP,0,,,a,
ASN00023718,19480224,PRCP,0,,,a,
ASN00023718,19480225,PRCP,0,,,a,
ASN00023718,19480226,PRCP,0,,,a,
ASN00023718,19480227,PRCP,0,,,a,
ASN00023718,19480228,PRCP,13,,,a,
ASN00023718,19480229,PRCP,76,,,a,
ASN00023718,19480202,DAPR,2,,,a,
ASN00023718,19480223,DAPR,2,,,a,
ASN00023718,19480202,DWPR,1,,,a,
ASN00023718,19480223,DWPR,1,,,a,
ASN00023718,19480202,MDPR,51,,,a,
ASN00023718,19480223,MDPR,76,,,a,
ASN00023718,19480301,PRCP,13,,,a,
ASN00023718,19480302,PRCP,0,,,a,
ASN00023718,19480303,PRCP,0,,,a,
ASN00023718,19480304,PRCP,0,,,a,
ASN00023718,19480305,PRCP,0,,,a,
ASN00023718,19480306,PRCP,5,,,a,
ASN00023718,19480307,PRCP,0,,,a,
ASN00023718,19480308,PRCP,0,,,a,
ASN00023718,19480309,PRCP,0,,,a,
ASN00023718,19480310,PRCP,13,,,a,
ASN00023718,19480311,PRCP,0,,,a,
ASN00023718,19480312,PRCP,0,,,a,
ASN00023718,19480313,PRCP,0,,,a,
ASN00023718,19480314,PRCP,0,,,a,
ASN00023718,19480315,PRCP,0,,,a,
ASN00023718,19480316,PRCP,0,,,a,
ASN00023718,19480317,PRCP,0,,,a,
ASN00023718,19480318,PRCP,0,,,a,
ASN00023718,19480319,PRCP,0,,,a,
ASN00023718,19480320,PRCP,0,,,a,
ASN00023718,19480321,PRCP,0,,,a,
ASN00023718,19480322,PRCP,0,,,a,
ASN00023718,19480323,PRCP,0,,,a,
ASN00023718,19480324,PRCP,0,,,a,
ASN00023718,19480325,PRCP,0,,,a,
ASN00023718,19480326,PRCP,0,,,a,
ASN00023718,19480327,PRCP,0,,,a,
ASN00023718,19480328,PRCP,0,,,a,
ASN00023718,19480329,PRCP,0,,,a,
ASN00023718,19480330,PRCP,0,,,a,
ASN00023718,19480331,PRCP,0,,,a,
ASN00023718,19480401,PRCP,0,,,a,
ASN00023718,19480402,PRCP,0,,,a,
ASN00023718,19480403,PRCP,0,,,a,
ASN00023718,19480404,PRCP,0,,,a,
ASN00023718,19480405,PRCP,0,,,a,
ASN00023718,19480406,PRCP,0,,,a,
ASN00023718,19480407,PRCP,25,,,a,
ASN00023718,19480408,PRCP,0,,,a,
ASN00023718,19480409,PRCP,43,,,a,
ASN00023718,19480410,PRCP,0,,,a,
ASN00023718,19480413,PRCP,64,,,a,
ASN00023718,19480414,PRCP,0,,,a,
ASN00023718,19480415,PRCP,0,,,a,
ASN00023718,19480416,PRCP,0,,,a,
ASN00023718,19480417,PRCP,0,,,a,
ASN00023718,19480418,PRCP,0,,,a,
ASN00023718,19480419,PRCP,0,,,a,
ASN00023718,19480420,PRCP,38,,,a,
ASN00023718,19480421,PRCP,76,,,a,
ASN00023718,19480422,PRCP,38,,,a,
ASN00023718,19480423,PRCP,51,,,a,
ASN00023718,19480424,PRCP,10,,,a,
ASN00023718,19480425,PRCP,0,,,a,
ASN00023718,19480426,PRCP,0,,,a,
ASN00023718,19480427,PRCP,10,,,a,
ASN00023718,19480428,PRCP,0,,,a,
ASN00023718,19480429,PRCP,0,,,a,
ASN00023718,19480430,PRCP,0,,,a,
ASN00023718,19480412,DAPR,2,,,a,
ASN00023718,19480412,DWPR,1,,,a,
ASN00023718,19480412,MDPR,648,,,a,
ASN00023718,19480501,PRCP,0,,,a,
ASN00023718,19480502,PRCP,0,,,a,
ASN00023718,19480503,PRCP,0,,,a,
ASN00023718,19480504,PRCP,0,,,a,
ASN00023718,19480505,PRCP,152,,,a,
ASN00023718,19480506,PRCP,13,,,a,
ASN00023718,19480507,PRCP,10,,,a,
ASN00023718,19480508,PRCP,15,,,a,
ASN00023718,19480511,PRCP,0,,,a,
ASN00023718,19480512,PRCP,0,,,a,
ASN00023718,19480513,PRCP,0,,,a,
ASN00023718,19480514,PRCP,30,,,a,
ASN00023718,19480515,PRCP,10,,,a,
ASN00023718,19480518,PRCP,0,,,a,
ASN00023718,19480519,PRCP,13,,,a,
ASN00023718,19480520,PRCP,0,,,a,
ASN00023718,19480521,PRCP,0,,,a,
ASN00023718,19480522,PRCP,0,,,a,
ASN00023718,19480523,PRCP,0,,,a,
ASN00023718,19480524,PRCP,18,,,a,
ASN00023718,19480525,PRCP,13,,,a,
ASN00023718,19480526,PRCP,0,,,a,
ASN00023718,19480527,PRCP,13,,,a,
ASN00023718,19480528,PRCP,5,,,a,
ASN00023718,19480529,PRCP,102,,,a,
ASN00023718,19480530,PRCP,0,,,a,
ASN00023718,19480531,PRCP,20,,,a,
ASN00023718,19480510,DAPR,2,,,a,
ASN00023718,19480517,DAPR,2,,,a,
ASN00023718,19480510,DWPR,1,,,a,
ASN00023718,19480517,DWPR,1,,,a,
ASN00023718,19480510,MDPR,30,,,a,
ASN00023718,19480517,MDPR,71,,,a,
ASN00023718,19480601,PRCP,20,,,a,
ASN00023718,19480602,PRCP,0,,,a,
ASN00023718,19480603,PRCP,0,,,a,
ASN00023718,19480604,PRCP,0,,,a,
ASN00023718,19480605,PRCP,0,,,a,
ASN00023718,19480608,PRCP,76,,,a,
ASN00023718,19480609,PRCP,0,,,a,
ASN00023718,19480610,PRCP,0,,,a,
ASN00023718,19480611,PRCP,15,,,a,
ASN00023718,19480612,PRCP,0,,,a,
ASN00023718,19480613,PRCP,0,,,a,
ASN00023718,19480614,PRCP,0,,,a,
ASN00023718,19480615,PRCP,0,,,a,
ASN00023718,19480616,PRCP,0,,,a,
ASN00023718,19480617,PRCP,0,,,a,
ASN00023718,19480618,PRCP,13,,,a,
ASN00023718,19480619,PRCP,15,,,a,
ASN00023718,19480620,PRCP,0,,,a,
ASN00023718,19480621,PRCP,10,,,a,
ASN00023718,19480622,PRCP,0,,,a,
ASN00023718,19480623,PRCP,15,,,a,
ASN00023718,19480624,PRCP,0,,,a,
ASN00023718,19480625,PRCP,0,,,a,
ASN00023718,19480626,PRCP,38,,,a,
ASN00023718,19480629,PRCP,0,,,a,
ASN00023718,19480630,PRCP,0,,,a,
ASN00023718,19480607,DAPR,2,,,a,
ASN00023718,19480628,DAPR,2,,,a,
ASN00023718,19480607,DWPR,1,,,a,
ASN00023718,19480628,DWPR,1,,,a,
ASN00023718,19480607,MDPR,114,,,a,
ASN00023718,19480628,MDPR,25,,,a,
ASN00023718,19480701,PRCP,0,,,a,
ASN00023718,19480702,PRCP,25,,,a,
ASN00023718,19480703,PRCP,8,,,a,
ASN00023718,19480706,PRCP,20,,,a,
ASN00023718,19480707,PRCP,0,,,a,
ASN00023718,19480708,PRCP,36,,,a,
ASN00023718,19480709,PRCP,76,,,a,
ASN00023718,19480710,PRCP,0,,,a,
ASN00023718,19480713,PRCP,0,,,a,
ASN00023718,19480714,PRCP,8,,,a,
ASN00023718,19480715,PRCP,0,,,a,
ASN00023718,19480716,PRCP,0,,,a,
ASN00023718,19480717,PRCP,0,,,a,
ASN00023718,19480718,PRCP,0,,,a,
ASN00023718,19480719,PRCP,0,,,a,
ASN00023718,19480720,PRCP,38,,,a,
ASN00023718,19480721,PRCP,51,,,a,
ASN00023718,19480722,PRCP,23,,,a,
ASN00023718,19480723,PRCP,51,,,a,
ASN00023718,19480724,PRCP,13,,,a,
ASN00023718,19480725,PRCP,0,,,a,
ASN00023718,19480726,PRCP,20,,,a,
ASN00023718,19480727,PRCP,71,,,a,
ASN00023718,19480728,PRCP,0,,,a,
ASN00023718,19480729,PRCP,0,,,a,
ASN00023718,19480730,PRCP,0,,,a,
ASN00023718,19480731,PRCP,8,,,a,
ASN00023718,19480705,DAPR,2,,,a,
ASN00023718,19480712,DAPR,2,,,a,
ASN00023718,19480705,DWPR,1,,,a,
ASN00023718,19480712,DWPR,1,,,a,
ASN00023718,19480705,MDPR,30,,,a,
ASN00023718,19480712,MDPR,56,,,a,
ASN00023718,19480801,PRCP,0,,,a,
ASN00023718,19480802,PRCP,0,,,a,
ASN00023718,19480803,PRCP,0,,,a,
ASN00023718,19480804,PRCP,0,,,a,
ASN00023718,19480805,PRCP,0,,,a,
ASN00023718,19480806,PRCP,0,,,a,
ASN00023718,19480807,PRCP,0,,,a,
ASN00023718,19480808,PRCP,0,,,a,
ASN00023718,19480809,PRCP,0,,,a,
ASN00023718,19480810,PRCP,0,,,a,
ASN00023718,19480811,PRCP,0,,,a,
ASN00023718,19480812,PRCP,0,,,a,
ASN00023718,19480813,PRCP,0,,,a,
ASN00023718,19480814,PRCP,0,,,a,
ASN00023718,19480817,PRCP,0,,,a,
ASN00023718,19480818,PRCP,38,,,a,
ASN00023718,19480819,PRCP,117,,,a,
ASN00023718,19480820,PRCP,102,,,a,
ASN00023718,19480821,PRCP,30,,,a,
ASN00023718,19480824,PRCP,178,,,a,
ASN00023718,19480825,PRCP,89,,,a,
ASN00023718,19480826,PRCP,8,,,a,
ASN00023718,19480827,PRCP,15,,,a,
ASN00023718,19480828,PRCP,0,,,a,
ASN00023718,19480829,PRCP,0,,,a,
ASN00023718,19480830,PRCP,0,,,a,
ASN00023718,19480831,PRCP,51,,,a,
ASN00023718,19480816,DAPR,2,,,a,
ASN00023718,19480823,DAPR,2,,,a,
ASN00023718,19480816,DWPR,1,,,a,
ASN00023718,19480823,DWPR,1,,,a,
ASN00023718,19480816,MDPR,51,,,a,
ASN00023718,19480823,MDPR,165,,,a,
ASN00023718,19480901,PRCP,30,,,a,
ASN00023718,19480902,PRCP,140,,,a,
ASN00023718,19480903,PRCP,10,,,a,
ASN00023718,19480904,PRCP,30,,,a,
ASN00023718,19480905,PRCP,0,,,a,
ASN00023718,19480906,PRCP,10,,,a,
ASN00023718,19480907,PRCP,8,,,a,
ASN00023718,19480908,PRCP,0,,,a,
ASN00023718,19480909,PRCP,10,,,a,
ASN00023718,19480910,PRCP,0,,,a,
ASN00023718,19480911,PRCP,0,,,a,
ASN00023718,19480912,PRCP,0,,,a,
ASN00023718,19480913,PRCP,0,,,a,
ASN00023718,19480914,PRCP,0,,,a,
ASN00023718,19480915,PRCP,0,,,a,
ASN00023718,19480916,PRCP,0,,,a,
ASN00023718,19480917,PRCP,0,,,a,
ASN00023718,19480918,PRCP,0,,,a,
ASN00023718,19480919,PRCP,0,,,a,
ASN00023718,19480920,PRCP,0,,,a,
ASN00023718,19480921,PRCP,0,,,a,
ASN00023718,19480922,PRCP,0,,,a,
ASN00023718,19480923,PRCP,0,,,a,
ASN00023718,19480924,PRCP,0,,,a,
ASN00023718,19480925,PRCP,0,,,a,
ASN00023718,19480926,PRCP,0,,,a,
ASN00023718,19480927,PRCP,0,,,a,
ASN00023718,19480928,PRCP,0,,,a,
ASN00023718,19480929,PRCP,0,,,a,
ASN00023718,19480930,PRCP,0,,,a,
ASN00023718,19481001,PRCP,30,,,a,
ASN00023718,19481002,PRCP,46,,,a,
ASN00023718,19481003,PRCP,0,,,a,
ASN00023718,19481004,PRCP,0,,,a,
ASN00023718,19481005,PRCP,0,,,a,
ASN00023718,19481006,PRCP,0,,,a,
ASN00023718,19481007,PRCP,0,,,a,
ASN00023718,19481008,PRCP,0,,,a,
ASN00023718,19481009,PRCP,0,,,a,
ASN00023718,19481012,PRCP,13,,,a,
ASN00023718,19481013,PRCP,0,,,a,
ASN00023718,19481014,PRCP,38,,,a,
ASN00023718,19481015,PRCP,0,,,a,
ASN00023718,19481016,PRCP,0,,,a,
ASN00023718,19481017,PRCP,0,,,a,
ASN00023718,19481018,PRCP,13,,,a,
ASN00023718,19481019,PRCP,0,,,a,
ASN00023718,19481020,PRCP,0,,,a,
ASN00023718,19481021,PRCP,0,,,a,
ASN00023718,19481022,PRCP,25,,,a,
ASN00023718,19481023,PRCP,0,,,a,
ASN00023718,19481024,PRCP,0,,,a,
ASN00023718,19481025,PRCP,0,,,a,
ASN00023718,19481026,PRCP,0,,,a,
ASN00023718,19481027,PRCP,64,,,a,
ASN00023718,19481028,PRCP,13,,,a,
ASN00023718,19481029,PRCP,0,,,a,
ASN00023718,19481030,PRCP,13,,,a,
ASN00023718,19481031,PRCP,114,,,a,
ASN00023718,19481011,DAPR,2,,,a,
ASN00023718,19481011,DWPR,1,,,a,
ASN00023718,19481011,MDPR,119,,,a,
ASN00023718,19481101,PRCP,114,,,a,
ASN00023718,19481102,PRCP,0,,,a,
ASN00023718,19481103,PRCP,0,,,a,
ASN00023718,19481104,PRCP,0,,,a,
ASN00023718,19481105,PRCP,89,,,a,
ASN00023718,19481106,PRCP,0,,,a,
ASN00023718,19481109,PRCP,15,,,a,
ASN00023718,19481110,PRCP,8,,,a,
ASN00023718,19481111,PRCP,0,,,a,
ASN00023718,19481112,PRCP,0,,,a,
ASN00023718,19481113,PRCP,0,,,a,
ASN00023718,19481116,PRCP,0,,,a,
ASN00023718,19481117,PRCP,0,,,a,
ASN00023718,19481118,PRCP,0,,,a,
ASN00023718,19481119,PRCP,0,,,a,
ASN00023718,19481120,PRCP,0,,,a,
ASN00023718,19481121,PRCP,0,,,a,
ASN00023718,19481122,PRCP,0,,,a,
ASN00023718,19481123,PRCP,0,,,a,
ASN00023718,19481124,PRCP,0,,,a,
ASN00023718,19481125,PRCP,0,,,a,
ASN00023718,19481126,PRCP,0,,,a,
ASN00023718,19481127,PRCP,0,,,a,
ASN00023718,19481128,PRCP,0,,,a,
ASN00023718,19481129,PRCP,15,,,a,
ASN00023718,19481130,PRCP,5,,,a,
ASN00023718,19481108,DAPR,2,,,a,
ASN00023718,19481115,DAPR,2,,,a,
ASN00023718,19481108,DWPR,1,,,a,
ASN00023718,19481115,DWPR,1,,,a,
ASN00023718,19481108,MDPR,165,,,a,
ASN00023718,19481115,MDPR,58,,,a,
ASN00023718,19481201,PRCP,0,,,a,
ASN00023718,19481202,PRCP,0,,,a,
ASN00023718,19481203,PRCP,0,,,a,
ASN00023718,19481204,PRCP,0,,,a,
ASN00023718,19481205,PRCP,0,,,a,
ASN00023718,19481206,PRCP,0,,,a,
ASN00023718,19481207,PRCP,0,,,a,
ASN00023718,19481208,PRCP,0,,,a,
ASN00023718,19481209,PRCP,0,,,a,
ASN00023718,19481210,PRCP,0,,,a,
ASN00023718,19481211,PRCP,0,,,a,
ASN00023718,19481212,PRCP,0,,,a,
ASN00023718,19481213,PRCP,0,,,a,
ASN00023718,19481214,PRCP,0,,,a,
ASN00023718,19481215,PRCP,0,,,a,
ASN00023718,19481216,PRCP,84,,,a,
ASN00023718,19481217,PRCP,0,,,a,
ASN00023718,19481218,PRCP,15,,,a,
ASN00023718,19481219,PRCP,0,,,a,
ASN00023718,19481220,PRCP,0,,,a,
ASN00023718,19481221,PRCP,0,,,a,
ASN00023718,19481222,PRCP,0,,,a,
ASN00023718,19481223,PRCP,0,,,a,
ASN00023718,19481224,PRCP,0,,,a,
ASN00023718,19481225,PRCP,0,,,a,
ASN00023718,19481228,PRCP,0,,,a,
ASN00023718,19481229,PRCP,0,,,a,
ASN00023718,19481230,PRCP,0,,,a,
ASN00023718,19481231,PRCP,0,,,a,
ASN00023718,19481227,DAPR,2,,,a,
ASN00023718,19481227,DWPR,1,,,a,
ASN00023718,19481227,MDPR,33,,,a,
ASN00023718,19490101,PRCP,0,,,a,
ASN00023718,19490102,PRCP,0,,,a,
ASN00023718,19490103,PRCP,5,,,a,
ASN00023718,19490104,PRCP,30,,,a,
ASN00023718,19490105,PRCP,0,,,a,
ASN00023718,19490106,PRCP,0,,,a,
ASN00023718,19490107,PRCP,0,,,a,
ASN00023718,19490108,PRCP,0,,,a,
ASN00023718,19490109,PRCP,0,,,a,
ASN00023718,19490110,PRCP,0,,,a,
ASN00023718,19490111,PRCP,0,,,a,
ASN00023718,19490112,PRCP,0,,,a,
ASN00023718,19490113,PRCP,0,,,a,
ASN00023718,19490114,PRCP,0,,,a,
ASN00023718,19490115,PRCP,10,,,a,
ASN00023718,19490118,PRCP,0,,,a,
ASN00023718,19490119,PRCP,0,,,a,
ASN00023718,19490120,PRCP,0,,,a,
ASN00023718,19490121,PRCP,0,,,a,
ASN00023718,19490122,PRCP,0,,,a,
ASN00023718,19490123,PRCP,0,,,a,
ASN00023718,19490124,PRCP,0,,,a,
ASN00023718,19490125,PRCP,0,,,a,
ASN00023718,19490126,PRCP,0,,,a,
ASN00023718,19490127,PRCP,0,,,a,
ASN00023718,19490128,PRCP,0,,,a,
ASN00023718,19490129,PRCP,0,,,a,
ASN00023718,19490130,PRCP,0,,,a,
ASN00023718,19490131,PRCP,140,,,a,
ASN00023718,19490117,DAPR,2,,,a,
ASN00023718,19490117,DWPR,1,,,a,
ASN00023718,19490117,MDPR,46,,,a,
ASN00023718,19490201,PRCP,0,,,a,
ASN00023718,19490202,PRCP,0,,,a,
ASN00023718,19490203,PRCP,0,,,a,
ASN00023718,19490204,PRCP,0,,,a,
ASN00023718,19490205,PRCP,0,,,a,
ASN00023718,19490206,PRCP,0,,,a,
ASN00023718,19490207,PRCP,0,,,a,
ASN00023718,19490208,PRCP,0,,,a,
ASN00023718,19490209,PRCP,0,,,a,
ASN00023718,19490210,PRCP,0,,,a,
ASN00023718,19490211,PRCP,0,,,a,
ASN00023718,19490212,PRCP,0,,,a,
ASN00023718,19490213,PRCP,0,,,a,
ASN00023718,19490214,PRCP,0,,,a,
ASN00023718,19490215,PRCP,0,,,a,
ASN00023718,19490216,PRCP,0,,,a,
ASN00023718,19490217,PRCP,0,,,a,
ASN00023718,19490218,PRCP,0,,,a,
ASN00023718,19490219,PRCP,0,,,a,
ASN00023718,19490222,PRCP,20,,,a,
ASN00023718,19490223,PRCP,5,,,a,
ASN00023718,19490224,PRCP,0,,,a,
ASN00023718,19490225,PRCP,0,,,a,
ASN00023718,19490226,PRCP,0,,,a,
ASN00023718,19490221,DAPR,2,,,a,
ASN00023718,19490228,DAPR,2,,,a,
ASN00023718,19490221,DWPR,1,,,a,
ASN00023718,19490228,DWPR,1,,,a,
ASN00023718,19490221,MDPR,216,,,a,
ASN00023718,19490228,MDPR,343,,,a,
ASN00023718,19490301,PRCP,0,,,a,
ASN00023718,19490302,PRCP,0,,,a,
ASN00023718,19490303,PRCP,0,,,a,
ASN00023718,19490304,PRCP,0,,,a,
ASN00023718,19490305,PRCP,0,,,a,
ASN00023718,19490306,PRCP,0,,,a,
ASN00023718,19490307,PRCP,0,,,a,
ASN00023718,19490308,PRCP,0,,,a,
ASN00023718,19490309,PRCP,0,,,a,
ASN00023718,19490310,PRCP,0,,,a,
ASN00023718,19490311,PRCP,0,,,a,
ASN00023718,19490312,PRCP,0,,,a,
ASN00023718,19490313,PRCP,0,,,a,
ASN00023718,19490314,PRCP,0,,,a,
ASN00023718,19490315,PRCP,0,,,a,
ASN00023718,19490316,PRCP,0,,,a,
ASN00023718,19490317,PRCP,0,,,a,
ASN00023718,19490318,PRCP,0,,,a,
ASN00023718,19490319,PRCP,0,,,a,
ASN00023718,19490320,PRCP,0,,,a,
ASN00023718,19490321,PRCP,0,,,a,
ASN00023718,19490322,PRCP,0,,,a,
ASN00023718,19490323,PRCP,0,,,a,
ASN00023718,19490324,PRCP,0,,,a,
ASN00023718,19490325,PRCP,0,,,a,
ASN00023718,19490326,PRCP,0,,,a,
ASN00023718,19490327,PRCP,0,,,a,
ASN00023718,19490328,PRCP,0,,,a,
ASN00023718,19490329,PRCP,0,,,a,
ASN00023718,19490330,PRCP,114,,,a,
ASN00023718,19490331,PRCP,38,,,a,
ASN00023718,19490401,PRCP,20,,,a,
ASN00023718,19490402,PRCP,0,,,a,
ASN00023718,19490403,PRCP,0,,,a,
ASN00023718,19490404,PRCP,0,,,a,
ASN00023718,19490405,PRCP,0,,,a,
ASN00023718,19490406,PRCP,0,,,a,
ASN00023718,19490407,PRCP,0,,,a,
ASN00023718,19490408,PRCP,0,,,a,
ASN00023718,19490409,PRCP,18,,,a,
ASN00023718,19490410,PRCP,0,,,a,
ASN00023718,19490411,PRCP,0,,,a,
ASN00023718,19490412,PRCP,0,,,a,
ASN00023718,19490413,PRCP,0,,,a,
ASN00023718,19490414,PRCP,0,,,a,
ASN00023718,19490415,PRCP,0,,,a,
ASN00023718,19490416,PRCP,0,,,a,
ASN00023718,19490417,PRCP,0,,,a,
ASN00023718,19490418,PRCP,0,,,a,
ASN00023718,19490419,PRCP,28,,,a,
ASN00023718,19490420,PRCP,18,,,a,
ASN00023718,19490421,PRCP,33,,,a,
ASN00023718,19490422,PRCP,5,,,a,
ASN00023718,19490423,PRCP,13,,,a,
ASN00023718,19490424,PRCP,25,,,a,
ASN00023718,19490425,PRCP,0,,,a,
ASN00023718,19490426,PRCP,0,,,a,
ASN00023718,19490427,PRCP,0,,,a,
ASN00023718,19490428,PRCP,0,,,a,
ASN00023718,19490429,PRCP,0,,,a,
ASN00023718,19490430,PRCP,0,,,a,
ASN00023718,19490503,PRCP,33,,,a,
ASN00023718,19490504,PRCP,25,,,a,
ASN00023718,19490505,PRCP,170,,,a,
ASN00023718,19490506,PRCP,76,,,a,
ASN00023718,19490507,PRCP,8,,,a,
ASN00023718,19490508,PRCP,0,,,a,
ASN00023718,19490509,PRCP,0,,,a,
ASN00023718,19490510,PRCP,0,,,a,
ASN00023718,19490511,PRCP,0,,,a,
ASN00023718,19490512,PRCP,0,,,a,
ASN00023718,19490513,PRCP,0,,,a,
ASN00023718,19490514,PRCP,0,,,a,
ASN00023718,19490515,PRCP,0,,,a,
ASN00023718,19490516,PRCP,0,,,a,
ASN00023718,19490517,PRCP,0,,,a,
ASN00023718,19490518,PRCP,51,,,a,
ASN00023718,19490519,PRCP,25,,,a,
ASN00023718,19490520,PRCP,0,,,a,
ASN00023718,19490521,PRCP,3,,,a,
ASN00023718,19490522,PRCP,13,,,a,
ASN00023718,19490523,PRCP,38,,,a,
ASN00023718,19490524,PRCP,8,,,a,
ASN00023718,19490525,PRCP,0,,,a,
ASN00023718,19490526,PRCP,3,,,a,
ASN00023718,19490527,PRCP,18,,,a,
ASN00023718,19490528,PRCP,5,,,a,
ASN00023718,19490529,PRCP,0,,,a,
ASN00023718,19490530,PRCP,0,,,a,
ASN00023718,19490531,PRCP,0,,,a,
ASN00023718,19490502,DAPR,2,,,a,
ASN00023718,19490502,DWPR,1,,,a,
ASN00023718,19490502,MDPR,64,,,a,
ASN00023718,19490601,PRCP,0,,,a,
ASN00023718,19490602,PRCP,51,,,a,
ASN00023718,19490603,PRCP,56,,,a,
ASN00023718,19490604,PRCP,30,,,a,
ASN00023718,19490607,PRCP,51,,,a,
ASN00023718,19490608,PRCP,10,,,a,
ASN00023718,19490609,PRCP,0,,,a,
ASN00023718,19490610,PRCP,10,,,a,
ASN00023718,19490611,PRCP,0,,,a,
ASN00023718,19490612,PRCP,0,,,a,
ASN00023718,19490613,PRCP,0,,,a,
ASN00023718,19490614,PRCP,5,,,a,
ASN00023718,19490615,PRCP,30,,,a,
ASN00023718,19490616,PRCP,10,,,a,
ASN00023718,19490617,PRCP,0,,,a,
ASN00023718,19490618,PRCP,0,,,a,
ASN00023718,19490621,PRCP,61,,,a,
ASN00023718,19490622,PRCP,10,,,a,
ASN00023718,19490623,PRCP,0,,,a,
ASN00023718,19490624,PRCP,0,,,a,
ASN00023718,19490625,PRCP,0,,,a,
ASN00023718,19490626,PRCP,0,,,a,
ASN00023718,19490627,PRCP,8,,,a,
ASN00023718,19490628,PRCP,0,,,a,
ASN00023718,19490629,PRCP,0,,,a,
ASN00023718,19490630,PRCP,0,,,a,
ASN00023718,19490606,DAPR,2,,,a,
ASN00023718,19490620,DAPR,2,,,a,
ASN00023718,19490606,DWPR,1,,,a,
ASN00023718,19490620,DWPR,1,,,a,
ASN00023718,19490606,MDPR,61,,,a,
ASN00023718,19490620,MDPR,89,,,a,
ASN00023718,19490701,PRCP,13,,,a,
ASN00023718,19490702,PRCP,0,,,a,
ASN00023718,19490703,PRCP,0,,,a,
ASN00023718,19490704,PRCP,8,,,a,
ASN00023718,19490705,PRCP,0,,,a,
ASN00023718,19490706,PRCP,0,,,a,
ASN00023718,19490707,PRCP,5,,,a,
ASN00023718,19490708,PRCP,13,,,a,
ASN00023718,19490709,PRCP,0,,,a,
ASN00023718,19490710,PRCP,0,,,a,
ASN00023718,19490711,PRCP,5,,,a,
ASN00023718,19490712,PRCP,0,,,a,
ASN00023718,19490713,PRCP,0,,,a,
ASN00023718,19490714,PRCP,13,,,a,
ASN00023718,19490715,PRCP,0,,,a,
ASN00023718,19490716,PRCP,0,,,a,
ASN00023718,19490719,PRCP,135,,,a,
ASN00023718,19490720,PRCP,51,,,a,
ASN00023718,19490721,PRCP,0,,,a,
ASN00023718,19490722,PRCP,0,,,a,
ASN00023718,19490723,PRCP,20,,,a,
ASN00023718,19490724,PRCP,0,,,a,
ASN00023718,19490725,PRCP,0,,,a,
ASN00023718,19490726,PRCP,0,,,a,
ASN00023718,19490727,PRCP,0,,,a,
ASN00023718,19490728,PRCP,20,,,a,
ASN00023718,19490729,PRCP,18,,,a,
ASN00023718,19490730,PRCP,18,,,a,
ASN00023718,19490731,PRCP,0,,,a,
ASN00023718,19490718,DAPR,2,,,a,
ASN00023718,19490718,DWPR,1,,,a,
ASN00023718,19490718,MDPR,147,,,a,
ASN00023718,19490801,PRCP,46,,,a,
ASN00023718,19490802,PRCP,28,,,a,
ASN00023718,19490803,PRCP,0,,,a,
ASN00023718,19490804,PRCP,0,,,a,
ASN00023718,19490805,PRCP,0,,,a,
ASN00023718,19490806,PRCP,0,,,a,
ASN00023718,19490807,PRCP,0,,,a,
ASN00023718,19490808,PRCP,0,,,a,
ASN00023718,19490809,PRCP,0,,,a,
ASN00023718,19490810,PRCP,89,,,a,
ASN00023718,19490811,PRCP,30,,,a,
ASN00023718,19490812,PRCP,0,,,a,
ASN00023718,19490813,PRCP,0,,,a,
ASN00023718,19490814,PRCP,0,,,a,
ASN00023718,19490815,PRCP,18,,,a,
ASN00023718,19490816,PRCP,0,,,a,
ASN00023718,19490817,PRCP,10,,,a,
ASN00023718,19490818,PRCP,10,,,a,
ASN00023718,19490819,PRCP,53,,,a,
ASN00023718,19490820,PRCP,30,,,a,
ASN00023718,19490821,PRCP,0,,,a,
ASN00023718,19490822,PRCP,0,,,a,
ASN00023718,19490823,PRCP,36,,,a,
ASN00023718,19490824,PRCP,13,,,a,
ASN00023718,19490825,PRCP,0,,,a,
ASN00023718,19490826,PRCP,8,,,a,
ASN00023718,19490827,PRCP,0,,,a,
ASN00023718,19490828,PRCP,0,,,a,
ASN00023718,19490829,PRCP,0,,,a,
ASN00023718,19490830,PRCP,0,,,a,
ASN00023718,19490831,PRCP,0,,,a,
ASN00023718,19490901,PRCP,0,,,a,
ASN00023718,19490902,PRCP,0,,,a,
ASN00023718,19490903,PRCP,18,,,a,
ASN00023718,19490904,PRCP,0,,,a,
ASN00023718,19490905,PRCP,0,,,a,
ASN00023718,19490906,PRCP,0,,,a,
ASN00023718,19490907,PRCP,0,,,a,
ASN00023718,19490908,PRCP,18,,,a,
ASN00023718,19490909,PRCP,25,,,a,
ASN00023718,19490910,PRCP,20,,,a,
ASN00023718,19490911,PRCP,0,,,a,
ASN00023718,19490912,PRCP,0,,,a,
ASN00023718,19490913,PRCP,13,,,a,
ASN00023718,19490914,PRCP,5,,,a,
ASN00023718,19490915,PRCP,28,,,a,
ASN00023718,19490916,PRCP,0,,,a,
ASN00023718,19490917,PRCP,0,,,a,
ASN00023718,19490918,PRCP,0,,,a,
ASN00023718,19490919,PRCP,0,,,a,
ASN00023718,19490920,PRCP,0,,,a,
ASN00023718,19490921,PRCP,15,,,a,
ASN00023718,19490922,PRCP,46,,,a,
ASN00023718,19490923,PRCP,15,,,a,
ASN00023718,19490924,PRCP,51,,,a,
ASN00023718,19490925,PRCP,0,,,a,
ASN00023718,19490926,PRCP,5,,,a,
ASN00023718,19490927,PRCP,0,,,a,
ASN00023718,19490928,PRCP,0,,,a,
ASN00023718,19490929,PRCP,0,,,a,
ASN00023718,19490930,PRCP,0,,,a,
ASN00023718,19491001,PRCP,0,,,a,
ASN00023718,19491002,PRCP,0,,,a,
ASN00023718,19491003,PRCP,0,,,a,
ASN00023718,19491004,PRCP,25,,,a,
ASN00023718,19491005,PRCP,0,,,a,
ASN00023718,19491006,PRCP,13,,,a,
ASN00023718,19491007,PRCP,0,,,a,
ASN00023718,19491008,PRCP,0,,,a,
ASN00023718,19491011,PRCP,185,,,a,
ASN00023718,19491012,PRCP,25,,,a,
ASN00023718,19491013,PRCP,51,,,a,
ASN00023718,19491014,PRCP,5,,,a,
ASN00023718,19491015,PRCP,114,,,a,
ASN00023718,19491018,PRCP,0,,,a,
ASN00023718,19491019,PRCP,0,,,a,
ASN00023718,19491020,PRCP,0,,,a,
ASN00023718,19491021,PRCP,0,,,a,
ASN00023718,19491022,PRCP,38,,,a,
ASN00023718,19491025,PRCP,25,,,a,
ASN00023718,19491026,PRCP,8,,,a,
ASN00023718,19491027,PRCP,0,,,a,
ASN00023718,19491028,PRCP,0,,,a,
ASN00023718,19491029,PRCP,0,,,a,
ASN00023718,19491010,DAPR,2,,,a,
ASN00023718,19491017,DAPR,2,,,a,
ASN00023718,19491024,DAPR,2,,,a,
ASN00023718,19491031,DAPR,2,,,a,
ASN00023718,19491010,DWPR,1,,,a,
ASN00023718,19491017,DWPR,1,,,a,
ASN00023718,19491024,DWPR,1,,,a,
ASN00023718,19491031,DWPR,1,,,a,
ASN00023718,19491010,MDPR,102,,,a,
ASN00023718,19491017,MDPR,46,,,a,
ASN00023718,19491024,MDPR,89,,,a,
ASN00023718,19491031,MDPR,56,,,a,
ASN00023718,19491101,PRCP,51,,,a,
ASN00023718,19491102,PRCP,8,,,a,
ASN00023718,19491103,PRCP,86,,,a,
ASN00023718,19491104,PRCP,64,,,a,
ASN00023718,19491105,PRCP,5,,,a,
ASN00023718,19491106,PRCP,0,,,a,
ASN00023718,19491107,PRCP,0,,,a,
ASN00023718,19491108,PRCP,13,,,a,
ASN00023718,19491109,PRCP,13,,,a,
ASN00023718,19491110,PRCP,0,,,a,
ASN00023718,19491111,PRCP,241,,,a,
ASN00023718,19491112,PRCP,8,,,a,
ASN00023718,19491113,PRCP,0,,,a,
ASN00023718,19491114,PRCP,20,,,a,
ASN00023718,19491115,PRCP,0,,,a,
ASN00023718,19491116,PRCP,0,,,a,
ASN00023718,19491117,PRCP,13,,,a,
ASN00023718,19491118,PRCP,8,,,a,
ASN00023718,19491119,PRCP,0,,,a,
ASN00023718,19491122,PRCP,25,,,a,
ASN00023718,19491123,PRCP,5,,,a,
ASN00023718,19491124,PRCP,0,,,a,
ASN00023718,19491125,PRCP,0,,,a,
ASN00023718,19491126,PRCP,0,,,a,
ASN00023718,19491129,PRCP,10,,,a,
ASN00023718,19491130,PRCP,0,,,a,
ASN00023718,19491121,DAPR,2,,,a,
ASN00023718,19491128,DAPR,2,,,a,
ASN00023718,19491121,DWPR,1,,,a,
ASN00023718,19491128,DWPR,1,,,a,
ASN00023718,19491121,MDPR,185,,,a,
ASN00023718,19491128,MDPR,25,,,a,
ASN00023718,19491201,PRCP,0,,,a,
ASN00023718,19491202,PRCP,0,,,a,
ASN00023718,19491203,PRCP,0,,,a,
ASN00023718,19491204,PRCP,0,,,a,
ASN00023718,19491205,PRCP,0,,,a,
ASN00023718,19491206,PRCP,15,,,a,
ASN00023718,19491207,PRCP,0,,,a,
ASN00023718,19491208,PRCP,0,,,a,
ASN00023718,19491209,PRCP,0,,,a,
ASN00023718,19491210,PRCP,0,,,a,
ASN00023718,19491211,PRCP,0,,,a,
ASN00023718,19491212,PRCP,0,,,a,
ASN00023718,19491213,PRCP,0,,,a,
ASN00023718,19491214,PRCP,46,,,a,
ASN00023718,19491215,PRCP,0,,,a,
ASN00023718,19491216,PRCP,0,,,a,
ASN00023718,19491217,PRCP,0,,,a,
ASN00023718,19491218,PRCP,0,,,a,
ASN00023718,19491219,PRCP,13,,,a,
ASN00023718,19491220,PRCP,0,,,a,
ASN00023718,19491221,PRCP,0,,,a,
ASN00023718,19491222,PRCP,0,,,a,
ASN00023718,19491223,PRCP,0,,,a,
ASN00023718,19491224,PRCP,0,,,a,
ASN00023718,19491225,PRCP,0,,,a,
ASN00023718,19491226,PRCP,0,,,a,
ASN00023718,19491227,PRCP,0,,,a,
ASN00023718,19491228,PRCP,0,,,a,
ASN00023718,19491229,PRCP,0,,,a,
ASN00023718,19491230,PRCP,0,,,a,
ASN00023718,19491231,PRCP,0,,,a,
ASN00023718,19500101,PRCP,0,,,a,
ASN00023718,19500102,PRCP,13,,,a,
ASN00023718,19500103,PRCP,0,,,a,
ASN00023718,19500104,PRCP,0,,,a,
ASN00023718,19500105,PRCP,0,,,a,
ASN00023718,19500106,PRCP,0,,,a,
ASN00023718,19500107,PRCP,0,,,a,
ASN00023718,19500110,PRCP,0,,,a,
ASN00023718,19500111,PRCP,0,,,a,
ASN00023718,19500112,PRCP,0,,,a,
ASN00023718,19500113,PRCP,0,,,a,
ASN00023718,19500114,PRCP,0,,,a,
ASN00023718,19500115,PRCP,0,,,a,
ASN00023718,19500116,PRCP,0,,,a,
ASN00023718,19500117,PRCP,0,,,a,
ASN00023718,19500118,PRCP,0,,,a,
ASN00023718,19500119,PRCP,0,,,a,
ASN00023718,19500120,PRCP,25,,,a,
ASN00023718,19500121,PRCP,0,,,a,
ASN00023718,19500122,PRCP,0,,,a,
ASN00023718,19500123,PRCP,0,,,a,
ASN00023718,19500124,PRCP,0,,,a,
ASN00023718,19500125,PRCP,0,,,a,
ASN00023718,19500126,PRCP,0,,,a,
ASN00023718,19500127,PRCP,0,,,a,
ASN00023718,19500128,PRCP,0,,,a,
ASN00023718,19500129,PRCP,0,,,a,
ASN00023718,19500130,PRCP,0,,,a,
ASN00023718,19500131,PRCP,15,,,a,
ASN00023718,19500109,DAPR,2,,,a,
ASN00023718,19500109,DWPR,1,,,a,
ASN00023718,19500109,MDPR,25,,,a,
ASN00023718,19500201,PRCP,51,,,a,
ASN00023718,19500202,PRCP,36,,,a,
ASN00023718,19500203,PRCP,3,,,a,
ASN00023718,19500204,PRCP,0,,,a,
ASN00023718,19500205,PRCP,5,,,a,
ASN00023718,19500206,PRCP,13,,,a,
ASN00023718,19500207,PRCP,0,,,a,
ASN00023718,19500208,PRCP,0,,,a,
ASN00023718,19500209,PRCP,0,,,a,
ASN00023718,19500210,PRCP,0,,,a,
ASN00023718,19500211,PRCP,0,,,a,
ASN00023718,19500212,PRCP,0,,,a,
ASN00023718,19500213,PRCP,0,,,a,
ASN00023718,19500214,PRCP,0,,,a,
ASN00023718,19500215,PRCP,3,,,a,
ASN00023718,19500216,PRCP,8,,,a,
ASN00023718,19500217,PRCP,64,,,a,
ASN00023718,19500218,PRCP,0,,,a,
ASN00023718,19500219,PRCP,0,,,a,
ASN00023718,19500220,PRCP,0,,,a,
ASN00023718,19500221,PRCP,0,,,a,
ASN00023718,19500222,PRCP,0,,,a,
ASN00023718,19500223,PRCP,0,,,a,
ASN00023718,19500224,PRCP,10,,,a,
ASN00023718,19500225,PRCP,0,,,a,
ASN00023718,19500226,PRCP,0,,,a,
ASN00023718,19500227,PRCP,0,,,a,
ASN00023718,19500228,PRCP,0,,,a,
ASN00023718,19500301,PRCP,0,,,a,
ASN00023718,19500302,PRCP,10,,,a,
ASN00023718,19500303,PRCP,0,,,a,
ASN00023718,19500304,PRCP,0,,,a,
ASN00023718,19500305,PRCP,0,,,a,
ASN00023718,19500306,PRCP,5,,,a,
ASN00023718,19500307,PRCP,0,,,a,
ASN00023718,19500308,PRCP,0,,,a,
ASN00023718,19500309,PRCP,0,,,a,
ASN00023718,19500310,PRCP,0,,,a,
ASN00023718,19500311,PRCP,0,,,a,
ASN00023718,19500312,PRCP,0,,,a,
ASN00023718,19500313,PRCP,0,,,a,
ASN00023718,19500314,PRCP,0,,,a,
ASN00023718,19500315,PRCP,0,,,a,
ASN00023718,19500316,PRCP,0,,,a,
ASN00023718,19500317,PRCP,66,,,a,
ASN00023718,19500318,PRCP,13,,,a,
ASN00023718,19500319,PRCP,0,,,a,
ASN00023718,19500320,PRCP,0,,,a,
ASN00023718,19500321,PRCP,18,,,a,
ASN00023718,19500322,PRCP,94,,,a,
ASN00023718,19500323,PRCP,28,,,a,
ASN00023718,19500324,PRCP,5,,,a,
ASN00023718,19500325,PRCP,0,,,a,
ASN00023718,19500326,PRCP,0,,,a,
ASN00023718,19500327,PRCP,0,,,a,
ASN00023718,19500328,PRCP,0,,,a,
ASN00023718,19500329,PRCP,0,,,a,
ASN00023718,19500330,PRCP,13,,,a,
ASN00023718,19500331,PRCP,0,,,a,
ASN00023718,19500401,PRCP,5,,,a,
ASN00023718,19500402,PRCP,0,,,a,
ASN00023718,19500403,PRCP,8,,,a,
ASN00023718,19500404,PRCP,8,,,a,
ASN00023718,19500405,PRCP,69,,,a,
ASN00023718,19500406,PRCP,13,,,a,
ASN00023718,19500411,PRCP,0,,,a,
ASN00023718,19500412,PRCP,0,,,a,
ASN00023718,19500413,PRCP,0,,,a,
ASN00023718,19500414,PRCP,0,,,a,
ASN00023718,19500415,PRCP,0,,,a,
ASN00023718,19500416,PRCP,0,,,a,
ASN00023718,19500417,PRCP,0,,,a,
ASN00023718,19500418,PRCP,0,,,a,
ASN00023718,19500419,PRCP,0,,,a,
ASN00023718,19500420,PRCP,0,,,a,
ASN00023718,19500421,PRCP,0,,,a,
ASN00023718,19500422,PRCP,0,,,a,
ASN00023718,19500423,PRCP,0,,,a,
ASN00023718,19500424,PRCP,0,,,a,
ASN00023718,19500425,PRCP,0,,,a,
ASN00023718,19500426,PRCP,0,,,a,
ASN00023718,19500427,PRCP,0,,,a,
ASN00023718,19500428,PRCP,0,,,a,
ASN00023718,19500429,PRCP,0,,,a,
ASN00023718,19500430,PRCP,0,,,a,
ASN00023718,19500408,DAPR,2,,,a,
ASN00023718,19500410,DAPR,2,,,a,
ASN00023718,19500408,DWPR,1,,,a,
ASN00023718,19500410,DWPR,1,,,a,
ASN00023718,19500408,MDPR,48,,,a,
ASN00023718,19500410,MDPR,61,,,a,
ASN00023718,19500501,PRCP,0,,,a,
ASN00023718,19500502,PRCP,8,,,a,
ASN00023718,19500503,PRCP,0,,,a,
ASN00023718,19500504,PRCP,0,,,a,
ASN00023718,19500505,PRCP,0,,,a,
ASN00023718,19500506,PRCP,0,,,a,
ASN00023718,19500507,PRCP,0,,,a,
ASN00023718,19500508,PRCP,0,,,a,
ASN00023718,19500509,PRCP,0,,,a,
ASN00023718,19500510,PRCP,0,,,a,
ASN00023718,19500511,PRCP,0,,,a,
ASN00023718,19500512,PRCP,0,,,a,
ASN00023718,19500513,PRCP,137,,,a,
ASN00023718,19500514,PRCP,0,,,a,
ASN00023718,19500515,PRCP,20,,,a,
ASN00023718,19500516,PRCP,0,,,a,
ASN00023718,19500517,PRCP,0,,,a,
ASN00023718,19500518,PRCP,5,,,a,
ASN00023718,19500519,PRCP,0,,,a,
ASN00023718,19500520,PRCP,0,,,a,
ASN00023718,19500521,PRCP,0,,,a,
ASN00023718,19500522,PRCP,5,,,a,
ASN00023718,19500523,PRCP,18,,,a,
ASN00023718,19500524,PRCP,0,,,a,
ASN00023718,19500525,PRCP,30,,,a,
ASN00023718,19500526,PRCP,56,,,a,
ASN00023718,19500527,PRCP,18,,,a,
ASN00023718,19500528,PRCP,0,,,a,
ASN00023718,19500529,PRCP,10,,,a,
ASN00023718,19500530,PRCP,180,,,a,
ASN00023718,19500531,PRCP,99,,,a,
ASN00023718,19500601,PRCP,0,,,a,
ASN00023718,19500602,PRCP,8,,,a,
ASN00023718,19500603,PRCP,8,,,a,
ASN00023718,19500604,PRCP,79,,,a,
ASN00023718,19500605,PRCP,10,,,a,
ASN00023718,19500606,PRCP,0,,,a,
ASN00023718,19500607,PRCP,0,,,a,
ASN00023718,19500608,PRCP,8,,,a,
ASN00023718,19500609,PRCP,36,,,a,
ASN00023718,19500610,PRCP,0,,,a,
ASN00023718,19500611,PRCP,0,,,a,
ASN00023718,19500612,PRCP,0,,,a,
ASN00023718,19500613,PRCP,0,,,a,
ASN00023718,19500614,PRCP,0,,,a,
ASN00023718,19500615,PRCP,8,,,a,
ASN00023718,19500616,PRCP,0,,,a,
ASN00023718,19500617,PRCP,0,,,a,
ASN00023718,19500618,PRCP,0,,,a,
ASN00023718,19500619,PRCP,0,,,a,
ASN00023718,19500620,PRCP,0,,,a,
ASN00023718,19500621,PRCP,0,,,a,
ASN00023718,19500622,PRCP,0,,,a,
ASN00023718,19500623,PRCP,0,,,a,
ASN00023718,19500624,PRCP,13,,,a,
ASN00023718,19500625,PRCP,198,,,a,
ASN00023718,19500626,PRCP,13,,,a,
ASN00023718,19500627,PRCP,48,,,a,
ASN00023718,19500628,PRCP,79,,,a,
ASN00023718,19500629,PRCP,48,,,a,
ASN00023718,19500630,PRCP,0,,,a,
ASN00023718,19500701,PRCP,0,,,a,
ASN00023718,19500702,PRCP,0,,,a,
ASN00023718,19500703,PRCP,23,,,a,
ASN00023718,19500704,PRCP,8,,,a,
ASN00023718,19500705,PRCP,0,,,a,
ASN00023718,19500706,PRCP,0,,,a,
ASN00023718,19500707,PRCP,64,,,a,
ASN00023718,19500708,PRCP,15,,,a,
ASN00023718,19500709,PRCP,0,,,a,
ASN00023718,19500710,PRCP,0,,,a,
ASN00023718,19500711,PRCP,0,,,a,
ASN00023718,19500712,PRCP,5,,,a,
ASN00023718,19500713,PRCP,0,,,a,
ASN00023718,19500714,PRCP,8,,,a,
ASN00023718,19500715,PRCP,0,,,a,
ASN00023718,19500716,PRCP,0,,,a,
ASN00023718,19500717,PRCP,0,,,a,
ASN00023718,19500718,PRCP,0,,,a,
ASN00023718,19500719,PRCP,0,,,a,
ASN00023718,19500720,PRCP,0,,,a,
ASN00023718,19500721,PRCP,10,,,a,
ASN00023718,19500722,PRCP,25,,,a,
ASN00023718,19500723,PRCP,0,,,a,
ASN00023718,19500724,PRCP,0,,,a,
ASN00023718,19500725,PRCP,0,,,a,
ASN00023718,19500726,PRCP,0,,,a,
ASN00023718,19500727,PRCP,20,,,a,
ASN00023718,19500728,PRCP,46,,,a,
ASN00023718,19500729,PRCP,0,,,a,
ASN00023718,19500730,PRCP,0,,,a,
ASN00023718,19500731,PRCP,18,,,a,
ASN00023718,19500801,PRCP,10,,,a,
ASN00023718,19500802,PRCP,5,,,a,
ASN00023718,19500803,PRCP,15,,,a,
ASN00023718,19500804,PRCP,145,,,a,
ASN00023718,19500805,PRCP,246,,,a,
ASN00023718,19500806,PRCP,20,,,a,
ASN00023718,19500807,PRCP,38,,,a,
ASN00023718,19500808,PRCP,46,,,a,
ASN00023718,19500809,PRCP,0,,,a,
ASN00023718,19500810,PRCP,0,,,a,
ASN00023718,19500811,PRCP,0,,,a,
ASN00023718,19500812,PRCP,0,,,a,
ASN00023718,19500813,PRCP,0,,,a,
ASN00023718,19500814,PRCP,0,,,a,
ASN00023718,19500815,PRCP,0,,,a,
ASN00023718,19500816,PRCP,10,,,a,
ASN00023718,19500817,PRCP,5,,,a,
ASN00023718,19500818,PRCP,13,,,a,
ASN00023718,19500819,PRCP,30,,,a,
ASN00023718,19500820,PRCP,64,,,a,
ASN00023718,19500821,PRCP,13,,,a,
ASN00023718,19500822,PRCP,0,,,a,
ASN00023718,19500823,PRCP,0,,,a,
ASN00023718,19500824,PRCP,0,,,a,
ASN00023718,19500825,PRCP,0,,,a,
ASN00023718,19500826,PRCP,0,,,a,
ASN00023718,19500827,PRCP,0,,,a,
ASN00023718,19500828,PRCP,0,,,a,
ASN00023718,19500829,PRCP,13,,,a,
ASN00023718,19500830,PRCP,0,,,a,
ASN00023718,19500831,PRCP,94,,,a,
ASN00023718,19500901,PRCP,20,,,a,
ASN00023718,19500902,PRCP,43,,,a,
ASN00023718,19500903,PRCP,0,,,a,
ASN00023718,19500904,PRCP,0,,,a,
ASN00023718,19500905,PRCP,0,,,a,
ASN00023718,19500906,PRCP,0,,,a,
ASN00023718,19500907,PRCP,0,,,a,
ASN00023718,19500908,PRCP,5,,,a,
ASN00023718,19500909,PRCP,23,,,a,
ASN00023718,19500910,PRCP,0,,,a,
ASN00023718,19500911,PRCP,0,,,a,
ASN00023718,19500912,PRCP,0,,,a,
ASN00023718,19500913,PRCP,0,,,a,
ASN00023718,19500914,PRCP,20,,,a,
ASN00023718,19500915,PRCP,36,,,a,
ASN00023718,19500916,PRCP,3,,,a,
ASN00023718,19500917,PRCP,0,,,a,
ASN00023718,19500918,PRCP,23,,,a,
ASN00023718,19500919,PRCP,33,,,a,
ASN00023718,19500920,PRCP,10,,,a,
ASN00023718,19500921,PRCP,0,,,a,
ASN00023718,19500922,PRCP,0,,,a,
ASN00023718,19500923,PRCP,43,,,a,
ASN00023718,19500926,PRCP,0,,,a,
ASN00023718,19500927,PRCP,0,,,a,
ASN00023718,19500928,PRCP,0,,,a,
ASN00023718,19500929,PRCP,0,,,a,
ASN00023718,19500930,PRCP,0,,,a,
ASN00023718,19500925,DAPR,2,,,a,
ASN00023718,19500925,DWPR,1,,,a,
ASN00023718,19500925,MDPR,53,,,a,
ASN00023718,19501001,PRCP,0,,,a,
ASN00023718,19501002,PRCP,0,,,a,
ASN00023718,19501003,PRCP,0,,,a,
ASN00023718,19501004,PRCP,0,,,a,
ASN00023718,19501005,PRCP,127,,,a,
ASN00023718,19501006,PRCP,5,,,a,
ASN00023718,19501007,PRCP,25,,,a,
ASN00023718,19501008,PRCP,0,,,a,
ASN00023718,19501009,PRCP,0,,,a,
ASN00023718,19501010,PRCP,0,,,a,
ASN00023718,19501011,PRCP,0,,,a,
ASN00023718,19501012,PRCP,188,,,a,
ASN00023718,19501013,PRCP,0,,,a,
ASN00023718,19501014,PRCP,0,,,a,
ASN00023718,19501015,PRCP,0,,,a,
ASN00023718,19501016,PRCP,0,,,a,
ASN00023718,19501017,PRCP,18,,,a,
ASN00023718,19501018,PRCP,18,,,a,
ASN00023718,19501019,PRCP,5,,,a,
ASN00023718,19501020,PRCP,0,,,a,
ASN00023718,19501021,PRCP,0,,,a,
ASN00023718,19501022,PRCP,0,,,a,
ASN00023718,19501023,PRCP,5,,,a,
ASN00023718,19501024,PRCP,0,,,a,
ASN00023718,19501025,PRCP,246,,,a,
ASN00023718,19501026,PRCP,0,,,a,
ASN00023718,19501027,PRCP,5,,,a,
ASN00023718,19501028,PRCP,0,,,a,
ASN00023718,19501029,PRCP,0,,,a,
ASN00023718,19501030,PRCP,0,,,a,
ASN00023718,19501031,PRCP,0,,,a,
ASN00023718,19501101,PRCP,0,,,a,
ASN00023718,19501102,PRCP,0,,,a,
ASN00023718,19501103,PRCP,25,,,a,
ASN00023718,19501104,PRCP,0,,,a,
ASN00023718,19501105,PRCP,0,,,a,
ASN00023718,19501106,PRCP,5,,,a,
ASN00023718,19501107,PRCP,0,,,a,
ASN00023718,19501108,PRCP,0,,,a,
ASN00023718,19501109,PRCP,0,,,a,
ASN00023718,19501110,PRCP,0,,,a,
ASN00023718,19501111,PRCP,0,,,a,
ASN00023718,19501112,PRCP,0,,,a,
ASN00023718,19501113,PRCP,20,,,a,
ASN00023718,19501114,PRCP,10,,,a,
ASN00023718,19501115,PRCP,0,,,a,
ASN00023718,19501116,PRCP,0,,,a,
ASN00023718,19501117,PRCP,0,,,a,
ASN00023718,19501118,PRCP,28,,,a,
ASN00023718,19501119,PRCP,0,,,a,
ASN00023718,19501120,PRCP,0,,,a,
ASN00023718,19501121,PRCP,0,,,a,
ASN00023718,19501122,PRCP,0,,,a,
ASN00023718,19501123,PRCP,0,,,a,
ASN00023718,19501124,PRCP,0,,,a,
ASN00023718,19501125,PRCP,0,,,a,
ASN00023718,19501126,PRCP,0,,,a,
ASN00023718,19501127,PRCP,0,,,a,
ASN00023718,19501128,PRCP,0,,,a,
ASN00023718,19501129,PRCP,18,,,a,
ASN00023718,19501130,PRCP,0,,,a,
ASN00023718,19501201,PRCP,0,,,a,
ASN00023718,19501202,PRCP,0,,,a,
ASN00023718,19501203,PRCP,0,,,a,
ASN00023718,19501204,PRCP,0,,,a,
ASN00023718,19501205,PRCP,0,,,a,
ASN00023718,19501206,PRCP,0,,,a,
ASN00023718,19501207,PRCP,0,,,a,
ASN00023718,19501208,PRCP,0,,,a,
ASN00023718,19501209,PRCP,0,,,a,
ASN00023718,19501210,PRCP,0,,,a,
ASN00023718,19501211,PRCP,0,,,a,
ASN00023718,19501212,PRCP,0,,,a,
ASN00023718,19501213,PRCP,0,,,a,
ASN00023718,19501214,PRCP,0,,,a,
ASN00023718,19501215,PRCP,0,,,a,
ASN00023718,19501216,PRCP,0,,,a,
ASN00023718,19501217,PRCP,0,,,a,
ASN00023718,19501218,PRCP,0,,,a,
ASN00023718,19501219,PRCP,0,,,a,
ASN00023718,19501220,PRCP,168,,,a,
ASN00023718,19501221,PRCP,0,,,a,
ASN00023718,19501222,PRCP,0,,,a,
ASN00023718,19501223,PRCP,0,,,a,
ASN00023718,19501224,PRCP,0,,,a,
ASN00023718,19501225,PRCP,0,,,a,
ASN00023718,19501226,PRCP,0,,,a,
ASN00023718,19501227,PRCP,0,,,a,
ASN00023718,19501228,PRCP,0,,,a,
ASN00023718,19501229,PRCP,0,,,a,
ASN00023718,19501230,PRCP,0,,,a,
ASN00023718,19501231,PRCP,0,,,a,
ASN00023718,19510101,PRCP,0,,,a,
ASN00023718,19510102,PRCP,0,,,a,
ASN00023718,19510103,PRCP,97,,,a,
ASN00023718,19510104,PRCP,0,,,a,
ASN00023718,19510105,PRCP,0,,,a,
ASN00023718,19510106,PRCP,0,,,a,
ASN00023718,19510107,PRCP,20,,,a,
ASN00023718,19510108,PRCP,0,,,a,
ASN00023718,19510109,PRCP,0,,,a,
ASN00023718,19510110,PRCP,0,,,a,
ASN00023718,19510111,PRCP,0,,,a,
ASN00023718,19510112,PRCP,0,,,a,
ASN00023718,19510113,PRCP,0,,,a,
ASN00023718,19510114,PRCP,0,,,a,
ASN00023718,19510115,PRCP,0,,,a,
ASN00023718,19510116,PRCP,0,,,a,
ASN00023718,19510117,PRCP,0,,,a,
ASN00023718,19510118,PRCP,0,,,a,
ASN00023718,19510119,PRCP,0,,,a,
ASN00023718,19510120,PRCP,0,,,a,
ASN00023718,19510121,PRCP,0,,,a,
ASN00023718,19510122,PRCP,0,,,a,
ASN00023718,19510123,PRCP,0,,,a,
ASN00023718,19510124,PRCP,0,,,a,
ASN00023718,19510125,PRCP,0,,,a,
ASN00023718,19510126,PRCP,0,,,a,
ASN00023718,19510127,PRCP,0,,,a,
ASN00023718,19510128,PRCP,0,,,a,
ASN00023718,19510129,PRCP,0,,,a,
ASN00023718,19510130,PRCP,0,,,a,
ASN00023718,19510131,PRCP,0,,,a,
ASN00023718,19510201,PRCP,0,,,a,
ASN00023718,19510202,PRCP,0,,,a,
ASN00023718,19510203,PRCP,0,,,a,
ASN00023718,19510204,PRCP,0,,,a,
ASN00023718,19510205,PRCP,0,,,a,
ASN00023718,19510206,PRCP,0,,,a,
ASN00023718,19510207,PRCP,0,,,a,
ASN00023718,19510208,PRCP,0,,,a,
ASN00023718,19510209,PRCP,0,,,a,
ASN00023718,19510210,PRCP,0,,,a,
ASN00023718,19510211,PRCP,0,,,a,
ASN00023718,19510212,PRCP,0,,,a,
ASN00023718,19510213,PRCP,0,,,a,
ASN00023718,19510214,PRCP,0,,,a,
ASN00023718,19510215,PRCP,0,,,a,
ASN00023718,19510216,PRCP,0,,,a,
ASN00023718,19510217,PRCP,0,,,a,
ASN00023718,19510218,PRCP,0,,,a,
ASN00023718,19510219,PRCP,23,,,a,
ASN00023718,19510220,PRCP,30,,,a,
ASN00023718,19510221,PRCP,25,,,a,
ASN00023718,19510222,PRCP,117,,,a,
ASN00023718,19510223,PRCP,0,,,a,
ASN00023718,19510224,PRCP,0,,,a,
ASN00023718,19510225,PRCP,0,,,a,
ASN00023718,19510226,PRCP,0,,,a,
ASN00023718,19510227,PRCP,0,,,a,
ASN00023718,19510228,PRCP,0,,,a,
ASN00023718,19510301,PRCP,0,,,a,
ASN00023718,19510302,PRCP,0,,,a,
ASN00023718,19510303,PRCP,0,,,a,
ASN00023718,19510304,PRCP,0,,,a,
ASN00023718,19510305,PRCP,0,,,a,
ASN00023718,19510306,PRCP,0,,,a,
ASN00023718,19510307,PRCP,0,,,a,
ASN00023718,19510308,PRCP,0,,,a,
ASN00023718,19510309,PRCP,0,,,a,
ASN00023718,19510310,PRCP,0,,,a,
ASN00023718,19510311,PRCP,0,,,a,
ASN00023718,19510312,PRCP,0,,,a,
ASN00023718,19510313,PRCP,0,,,a,
ASN00023718,19510314,PRCP,0,,,a,
ASN00023718,19510315,PRCP,0,,,a,
ASN00023718,19510316,PRCP,0,,,a,
ASN00023718,19510317,PRCP,0,,,a,
ASN00023718,19510318,PRCP,0,,,a,
ASN00023718,19510319,PRCP,0,,,a,
ASN00023718,19510320,PRCP,0,,,a,
ASN00023718,19510321,PRCP,0,,,a,
ASN00023718,19510322,PRCP,0,,,a,
ASN00023718,19510323,PRCP,0,,,a,
ASN00023718,19510324,PRCP,0,,,a,
ASN00023718,19510325,PRCP,0,,,a,
ASN00023718,19510326,PRCP,0,,,a,
ASN00023718,19510327,PRCP,0,,,a,
ASN00023718,19510328,PRCP,0,,,a,
ASN00023718,19510329,PRCP,0,,,a,
ASN00023718,19510330,PRCP,10,,,a,
ASN00023718,19510331,PRCP,0,,,a,
ASN00023718,19510403,PRCP,13,,,a,
ASN00023718,19510404,PRCP,25,,,a,
ASN00023718,19510405,PRCP,53,,,a,
ASN00023718,19510406,PRCP,64,,,a,
ASN00023718,19510407,PRCP,13,,,a,
ASN00023718,19510408,PRCP,0,,,a,
ASN00023718,19510409,PRCP,0,,,a,
ASN00023718,19510410,PRCP,0,,,a,
ASN00023718,19510411,PRCP,43,,,a,
ASN00023718,19510412,PRCP,112,,,a,
ASN00023718,19510413,PRCP,23,,,a,
ASN00023718,19510414,PRCP,15,,,a,
ASN00023718,19510415,PRCP,0,,,a,
ASN00023718,19510416,PRCP,0,,,a,
ASN00023718,19510417,PRCP,58,,,a,
ASN00023718,19510418,PRCP,30,,,a,
ASN00023718,19510419,PRCP,25,,,a,
ASN00023718,19510420,PRCP,0,,,a,
ASN00023718,19510421,PRCP,64,,,a,
ASN00023718,19510424,PRCP,0,,,a,
ASN00023718,19510425,PRCP,10,,,a,
ASN00023718,19510426,PRCP,46,,,a,
ASN00023718,19510427,PRCP,48,,,a,
ASN00023718,19510428,PRCP,0,,,a,
ASN00023718,19510429,PRCP,0,,,a,
ASN00023718,19510430,PRCP,10,,,a,
ASN00023718,19510402,DAPR,2,,,a,
ASN00023718,19510423,DAPR,2,,,a,
ASN00023718,19510402,DWPR,1,,,a,
ASN00023718,19510423,DWPR,1,,,a,
ASN00023718,19510402,MDPR,46,,,a,
ASN00023718,19510423,MDPR,38,,,a,
ASN00023718,19510501,PRCP,13,,,a,
ASN00023718,19510502,PRCP,0,,,a,
ASN00023718,19510503,PRCP,0,,,a,
ASN00023718,19510504,PRCP,0,,,a,
ASN00023718,19510505,PRCP,0,,,a,
ASN00023718,19510508,PRCP,38,,,a,
ASN00023718,19510509,PRCP,18,,,a,
ASN00023718,19510510,PRCP,0,,,a,
ASN00023718,19510511,PRCP,0,,,a,
ASN00023718,19510512,PRCP,0,,,a,
ASN00023718,19510513,PRCP,434,,,a,
ASN00023718,19510514,PRCP,5,,,a,
ASN00023718,19510515,PRCP,13,,,a,
ASN00023718,19510516,PRCP,8,,,a,
ASN00023718,19510517,PRCP,0,,,a,
ASN00023718,19510518,PRCP,0,,,a,
ASN00023718,19510519,PRCP,0,,,a,
ASN00023718,19510520,PRCP,0,,,a,
ASN00023718,19510521,PRCP,23,,,a,
ASN00023718,19510522,PRCP,13,,,a,
ASN00023718,19510523,PRCP,46,,,a,
ASN00023718,19510524,PRCP,81,,,a,
ASN00023718,19510525,PRCP,61,,,a,
ASN00023718,19510526,PRCP,18,,,a,
ASN00023718,19510529,PRCP,5,,,a,
ASN00023718,19510530,PRCP,0,,,a,
ASN00023718,19510531,PRCP,0,,,a,
ASN00023718,19510507,DAPR,2,,,a,
ASN00023718,19510528,DAPR,2,,,a,
ASN00023718,19510507,DWPR,1,,,a,
ASN00023718,19510528,DWPR,2,,,a,
ASN00023718,19510507,MDPR,48,,,a,
ASN00023718,19510528,MDPR,66,,,a,
ASN00023718,19510601,PRCP,0,,,a,
ASN00023718,19510602,PRCP,0,,,a,
ASN00023718,19510603,PRCP,0,,,a,
ASN00023718,19510604,PRCP,0,,,a,
ASN00023718,19510605,PRCP,38,,,a,
ASN00023718,19510606,PRCP,107,,,a,
ASN00023718,19510607,PRCP,0,,,a,
ASN00023718,19510608,PRCP,15,,,a,
ASN00023718,19510609,PRCP,0,,,a,
ASN00023718,19510612,PRCP,127,,,a,
ASN00023718,19510613,PRCP,13,,,a,
ASN00023718,19510614,PRCP,13,,,a,
ASN00023718,19510615,PRCP,0,,,a,
ASN00023718,19510616,PRCP,0,,,a,
ASN00023718,19510617,PRCP,0,,,a,
ASN00023718,19510618,PRCP,5,,,a,
ASN00023718,19510619,PRCP,0,,,a,
ASN00023718,19510620,PRCP,0,,,a,
ASN00023718,19510621,PRCP,46,,,a,
ASN00023718,19510622,PRCP,13,,,a,
ASN00023718,19510623,PRCP,109,,,a,
ASN00023718,19510626,PRCP,20,,,a,
ASN00023718,19510627,PRCP,15,,,a,
ASN00023718,19510628,PRCP,0,,,a,
ASN00023718,19510629,PRCP,0,,,a,
ASN00023718,19510630,PRCP,0,,,a,
ASN00023718,19510611,DAPR,2,,,a,
ASN00023718,19510625,DAPR,2,,,a,
ASN00023718,19510611,DWPR,1,,,a,
ASN00023718,19510625,DWPR,2,,,a,
ASN00023718,19510611,MDPR,99,,,a,
ASN00023718,19510625,MDPR,89,,,a,
ASN00023718,19510701,PRCP,0,,,a,
ASN00023718,19510702,PRCP,0,,,a,
ASN00023718,19510703,PRCP,10,,,a,
ASN00023718,19510704,PRCP,13,,,a,
ASN00023718,19510705,PRCP,48,,,a,
ASN00023718,19510706,PRCP,8,,,a,
ASN00023718,19510707,PRCP,0,,,a,
ASN00023718,19510708,PRCP,368,,,a,
ASN00023718,19510709,PRCP,71,,,a,
ASN00023718,19510710,PRCP,46,,,a,
ASN00023718,19510711,PRCP,0,,,a,
ASN00023718,19510712,PRCP,0,,,a,
ASN00023718,19510713,PRCP,0,,,a,
ASN00023718,19510714,PRCP,5,,,a,
ASN00023718,19510715,PRCP,203,,,a,
ASN00023718,19510716,PRCP,124,,,a,
ASN00023718,19510717,PRCP,28,,,a,
ASN00023718,19510718,PRCP,15,,,a,
ASN00023718,19510719,PRCP,122,,,a,
ASN00023718,19510720,PRCP,46,,,a,
ASN00023718,19510721,PRCP,33,,,a,
ASN00023718,19510722,PRCP,0,,,a,
ASN00023718,19510723,PRCP,10,,,a,
ASN00023718,19510724,PRCP,0,,,a,
ASN00023718,19510725,PRCP,0,,,a,
ASN00023718,19510726,PRCP,0,,,a,
ASN00023718,19510727,PRCP,15,,,a,
ASN00023718,19510728,PRCP,0,,,a,
ASN00023718,19510729,PRCP,0,,,a,
ASN00023718,19510730,PRCP,10,,,a,
ASN00023718,19510731,PRCP,61,,,a,
ASN00023718,19510801,PRCP,13,,,a,
ASN00023718,19510802,PRCP,130,,,a,
ASN00023718,19510803,PRCP,25,,,a,
ASN00023718,19510804,PRCP,20,,,a,
ASN00023718,19510805,PRCP,0,,,a,
ASN00023718,19510806,PRCP,13,,,a,
ASN00023718,19510807,PRCP,79,,,a,
ASN00023718,19510808,PRCP,147,,,a,
ASN00023718,19510809,PRCP,23,,,a,
ASN00023718,19510810,PRCP,86,,,a,
ASN00023718,19510811,PRCP,20,,,a,
ASN00023718,19510812,PRCP,0,,,a,
ASN00023718,19510813,PRCP,0,,,a,
ASN00023718,19510814,PRCP,10,,,a,
ASN00023718,19510815,PRCP,0,,,a,
ASN00023718,19510816,PRCP,0,,,a,
ASN00023718,19510817,PRCP,0,,,a,
ASN00023718,19510818,PRCP,13,,,a,
ASN00023718,19510821,PRCP,41,,,a,
ASN00023718,19510822,PRCP,15,,,a,
ASN00023718,19510823,PRCP,10,,,a,
ASN00023718,19510824,PRCP,25,,,a,
ASN00023718,19510825,PRCP,0,,,a,
ASN00023718,19510826,PRCP,89,,,a,
ASN00023718,19510827,PRCP,23,,,a,
ASN00023718,19510828,PRCP,8,,,a,
ASN00023718,19510829,PRCP,13,,,a,
ASN00023718,19510830,PRCP,0,,,a,
ASN00023718,19510831,PRCP,0,,,a,
ASN00023718,19510820,DAPR,2,,,a,
ASN00023718,19510820,DWPR,2,,,a,
ASN00023718,19510820,MDPR,107,,,a,
ASN00023718,19510901,PRCP,0,,,a,
ASN00023718,19510902,PRCP,0,,,a,
ASN00023718,19510903,PRCP,0,,,a,
ASN00023718,19510904,PRCP,20,,,a,
ASN00023718,19510905,PRCP,13,,,a,
ASN00023718,19510906,PRCP,0,,,a,
ASN00023718,19510907,PRCP,0,,,a,
ASN00023718,19510908,PRCP,0,,,a,
ASN00023718,19510909,PRCP,0,,,a,
ASN00023718,19510910,PRCP,0,,,a,
ASN00023718,19510911,PRCP,0,,,a,
ASN00023718,19510912,PRCP,0,,,a,
ASN00023718,19510913,PRCP,0,,,a,
ASN00023718,19510914,PRCP,0,,,a,
ASN00023718,19510915,PRCP,0,,,a,
ASN00023718,19510916,PRCP,0,,,a,
ASN00023718,19510917,PRCP,0,,,a,
ASN00023718,19510918,PRCP,0,,,a,
ASN00023718,19510919,PRCP,0,,,a,
ASN00023718,19510920,PRCP,0,,,a,
ASN00023718,19510921,PRCP,0,,,a,
ASN00023718,19510922,PRCP,23,,,a,
ASN00023718,19510923,PRCP,0,,,a,
ASN00023718,19510924,PRCP,10,,,a,
ASN00023718,19510925,PRCP,0,,,a,
ASN00023718,19510926,PRCP,15,,,a,
ASN00023718,19510927,PRCP,0,,,a,
ASN00023718,19510928,PRCP,15,,,a,
ASN00023718,19510929,PRCP,8,,,a,
ASN00023718,19510930,PRCP,0,,,a,
ASN00023718,19511001,PRCP,0,,,a,
ASN00023718,19511002,PRCP,0,,,a,
ASN00023718,19511003,PRCP,0,,,a,
ASN00023718,19511004,PRCP,0,,,a,
ASN00023718,19511005,PRCP,0,,,a,
ASN00023718,19511006,PRCP,0,,,a,
ASN00023718,19511007,PRCP,0,,,a,
ASN00023718,19511008,PRCP,0,,,a,
ASN00023718,19511009,PRCP,41,,,a,
ASN00023718,19511010,PRCP,193,,,a,
ASN00023718,19511011,PRCP,28,,,a,
ASN00023718,19511012,PRCP,13,,,a,
ASN00023718,19511013,PRCP,0,,,a,
ASN00023718,19511014,PRCP,0,,,a,
ASN00023718,19511015,PRCP,0,,,a,
ASN00023718,19511016,PRCP,15,,,a,
ASN00023718,19511017,PRCP,23,,,a,
ASN00023718,19511018,PRCP,0,,,a,
ASN00023718,19511019,PRCP,0,,,a,
ASN00023718,19511020,PRCP,23,,,a,
ASN00023718,19511023,PRCP,89,,,a,
ASN00023718,19511024,PRCP,132,,,a,
ASN00023718,19511025,PRCP,86,,,a,
ASN00023718,19511026,PRCP,0,,,a,
ASN00023718,19511027,PRCP,0,,,a,
ASN00023718,19511028,PRCP,0,,,a,
ASN00023718,19511029,PRCP,0,,,a,
ASN00023718,19511030,PRCP,0,,,a,
ASN00023718,19511031,PRCP,0,,,a,
ASN00023718,19511022,DAPR,2,,,a,
ASN00023718,19511022,DWPR,2,,,a,
ASN00023718,19511022,MDPR,94,,,a,
ASN00023718,19511101,PRCP,0,,,a,
ASN00023718,19511102,PRCP,0,,,a,
ASN00023718,19511103,PRCP,0,,,a,
ASN00023718,19511104,PRCP,0,,,a,
ASN00023718,19511105,PRCP,0,,,a,
ASN00023718,19511106,PRCP,23,,,a,
ASN00023718,19511107,PRCP,0,,,a,
ASN00023718,19511108,PRCP,0,,,a,
ASN00023718,19511109,PRCP,30,,,a,
ASN00023718,19511110,PRCP,15,,,a,
ASN00023718,19511111,PRCP,0,,,a,
ASN00023718,19511112,PRCP,0,,,a,
ASN00023718,19511113,PRCP,0,,,a,
ASN00023718,19511114,PRCP,0,,,a,
ASN00023718,19511115,PRCP,0,,,a,
ASN00023718,19511116,PRCP,5,,,a,
ASN00023718,19511117,PRCP,0,,,a,
ASN00023718,19511118,PRCP,0,,,a,
ASN00023718,19511119,PRCP,0,,,a,
ASN00023718,19511120,PRCP,0,,,a,
ASN00023718,19511121,PRCP,0,,,a,
ASN00023718,19511122,PRCP,0,,,a,
ASN00023718,19511123,PRCP,0,,,a,
ASN00023718,19511124,PRCP,0,,,a,
ASN00023718,19511127,PRCP,20,,,a,
ASN00023718,19511128,PRCP,0,,,a,
ASN00023718,19511129,PRCP,0,,,a,
ASN00023718,19511130,PRCP,0,,,a,
ASN00023718,19511126,DAPR,2,,,a,
ASN00023718,19511126,DWPR,1,,,a,
ASN00023718,19511126,MDPR,71,,,a,
ASN00023718,19511201,PRCP,0,,,a,
ASN00023718,19511202,PRCP,0,,,a,
ASN00023718,19511203,PRCP,0,,,a,
ASN00023718,19511204,PRCP,0,,,a,
ASN00023718,19511205,PRCP,0,,,a,
ASN00023718,19511206,PRCP,0,,,a,
ASN00023718,19511207,PRCP,0,,,a,
ASN00023718,19511208,PRCP,5,,,a,
ASN00023718,19511211,PRCP,0,,,a,
ASN00023718,19511212,PRCP,0,,,a,
ASN00023718,19511213,PRCP,0,,,a,
ASN00023718,19511214,PRCP,0,,,a,
ASN00023718,19511215,PRCP,94,,,a,
ASN00023718,19511216,PRCP,0,,,a,
ASN00023718,19511217,PRCP,18,,,a,
ASN00023718,19511218,PRCP,25,,,a,
ASN00023718,19511219,PRCP,15,,,a,
ASN00023718,19511220,PRCP,51,,,a,
ASN00023718,19511221,PRCP,0,,,a,
ASN00023718,19511222,PRCP,0,,,a,
ASN00023718,19511223,PRCP,0,,,a,
ASN00023718,19511224,PRCP,0,,,a,
ASN00023718,19511225,PRCP,0,,,a,
ASN00023718,19511226,PRCP,0,,,a,
ASN00023718,19511227,PRCP,0,,,a,
ASN00023718,19511228,PRCP,0,,,a,
ASN00023718,19511229,PRCP,0,,,a,
ASN00023718,19511210,DAPR,2,,,a,
ASN00023718,19511231,DAPR,2,,,a,
ASN00023718,19511210,DWPR,1,,,a,
ASN00023718,19511231,DWPR,1,,,a,
ASN00023718,19511210,MDPR,76,,,a,
ASN00023718,19511231,MDPR,119,,,a,
ASN00023718,19520101,PRCP,0,,,a,
ASN00023718,19520102,PRCP,0,,,a,
ASN00023718,19520103,PRCP,0,,,a,
ASN00023718,19520104,PRCP,25,,,a,
ASN00023718,19520105,PRCP,0,,,a,
ASN00023718,19520106,PRCP,0,,,a,
ASN00023718,19520107,PRCP,0,,,a,
ASN00023718,19520108,PRCP,0,,,a,
ASN00023718,19520109,PRCP,0,,,a,
ASN00023718,19520110,PRCP,0,,,a,
ASN00023718,19520111,PRCP,0,,,a,
ASN00023718,19520112,PRCP,0,,,a,
ASN00023718,19520113,PRCP,0,,,a,
ASN00023718,19520114,PRCP,0,,,a,
ASN00023718,19520115,PRCP,0,,,a,
ASN00023718,19520116,PRCP,0,,,a,
ASN00023718,19520117,PRCP,0,,,a,
ASN00023718,19520118,PRCP,0,,,a,
ASN00023718,19520119,PRCP,0,,,a,
ASN00023718,19520120,PRCP,0,,,a,
ASN00023718,19520121,PRCP,0,,,a,
ASN00023718,19520122,PRCP,0,,,a,
ASN00023718,19520123,PRCP,0,,,a,
ASN00023718,19520124,PRCP,48,,,a,
ASN00023718,19520125,PRCP,130,,,a,
ASN00023718,19520126,PRCP,5,,,a,
ASN00023718,19520127,PRCP,0,,,a,
ASN00023718,19520128,PRCP,18,,,a,
ASN00023718,19520129,PRCP,0,,,a,
ASN00023718,19520130,PRCP,0,,,a,
ASN00023718,19520131,PRCP,0,,,a,
ASN00023718,19520201,PRCP,8,,,a,
ASN00023718,19520202,PRCP,0,,,a,
ASN00023718,19520203,PRCP,0,,,a,
ASN00023718,19520204,PRCP,0,,,a,
ASN00023718,19520205,PRCP,0,,,a,
ASN00023718,19520206,PRCP,0,,,a,
ASN00023718,19520207,PRCP,0,,,a,
ASN00023718,19520208,PRCP,0,,,a,
ASN00023718,19520209,PRCP,0,,,a,
ASN00023718,19520212,PRCP,0,,,a,
ASN00023718,19520213,PRCP,0,,,a,
ASN00023718,19520214,PRCP,0,,,a,
ASN00023718,19520215,PRCP,0,,,a,
ASN00023718,19520216,PRCP,0,,,a,
ASN00023718,19520219,PRCP,0,,,a,
ASN00023718,19520220,PRCP,0,,,a,
ASN00023718,19520221,PRCP,0,,,a,
ASN00023718,19520222,PRCP,0,,,a,
ASN00023718,19520223,PRCP,3,,,a,
ASN00023718,19520224,PRCP,0,,,a,
ASN00023718,19520225,PRCP,0,,,a,
ASN00023718,19520226,PRCP,0,,,a,
ASN00023718,19520227,PRCP,0,,,a,
ASN00023718,19520228,PRCP,0,,,a,
ASN00023718,19520229,PRCP,0,,,a,
ASN00023718,19520211,DAPR,2,,,a,
ASN00023718,19520218,DAPR,2,,,a,
ASN00023718,19520211,DWPR,1,,,a,
ASN00023718,19520218,DWPR,1,,,a,
ASN00023718,19520211,MDPR,135,,,a,
ASN00023718,19520218,MDPR,66,,,a,
ASN00023718,19520301,PRCP,0,,,a,
ASN00023718,19520302,PRCP,0,,,a,
ASN00023718,19520303,PRCP,0,,,a,
ASN00023718,19520304,PRCP,0,,,a,
ASN00023718,19520305,PRCP,0,,,a,
ASN00023718,19520306,PRCP,0,,,a,
ASN00023718,19520307,PRCP,0,,,a,
ASN00023718,19520308,PRCP,0,,,a,
ASN00023718,19520309,PRCP,0,,,a,
ASN00023718,19520310,PRCP,0,,,a,
ASN00023718,19520311,PRCP,0,,,a,
ASN00023718,19520312,PRCP,13,,,a,
ASN00023718,19520313,PRCP,0,,,a,
ASN00023718,19520314,PRCP,33,,,a,
ASN00023718,19520315,PRCP,0,,,a,
ASN00023718,19520316,PRCP,0,,,a,
ASN00023718,19520317,PRCP,0,,,a,
ASN00023718,19520318,PRCP,0,,,a,
ASN00023718,19520319,PRCP,0,,,a,
ASN00023718,19520320,PRCP,0,,,a,
ASN00023718,19520321,PRCP,0,,,a,
ASN00023718,19520322,PRCP,0,,,a,
ASN00023718,19520323,PRCP,0,,,a,
ASN00023718,19520324,PRCP,0,,,a,
ASN00023718,19520325,PRCP,0,,,a,
ASN00023718,19520326,PRCP,0,,,a,
ASN00023718,19520327,PRCP,0,,,a,
ASN00023718,19520328,PRCP,0,,,a,
ASN00023718,19520329,PRCP,0,,,a,
ASN00023718,19520330,PRCP,0,,,a,
ASN00023718,19520331,PRCP,0,,,a,
ASN00023718,19520401,PRCP,8,,,a,
ASN00023718,19520402,PRCP,0,,,a,
ASN00023718,19520403,PRCP,0,,,a,
ASN00023718,19520404,PRCP,0,,,a,
ASN00023718,19520405,PRCP,0,,,a,
ASN00023718,19520406,PRCP,0,,,a,
ASN00023718,19520407,PRCP,0,,,a,
ASN00023718,19520408,PRCP,0,,,a,
ASN00023718,19520409,PRCP,74,,,a,
ASN00023718,19520410,PRCP,0,,,a,
ASN00023718,19520411,PRCP,0,,,a,
ASN00023718,19520412,PRCP,10,,,a,
ASN00023718,19520413,PRCP,13,,,a,
ASN00023718,19520414,PRCP,0,,,a,
ASN00023718,19520415,PRCP,0,,,a,
ASN00023718,19520416,PRCP,48,,,a,
ASN00023718,19520417,PRCP,74,,,a,
ASN00023718,19520418,PRCP,122,,,a,
ASN00023718,19520419,PRCP,102,,,a,
ASN00023718,19520420,PRCP,0,,,a,
ASN00023718,19520421,PRCP,0,,,a,
ASN00023718,19520422,PRCP,0,,,a,
ASN00023718,19520423,PRCP,0,,,a,
ASN00023718,19520424,PRCP,58,,,a,
ASN00023718,19520425,PRCP,0,,,a,
ASN00023718,19520426,PRCP,33,,,a,
ASN00023718,19520429,PRCP,58,,,a,
ASN00023718,19520430,PRCP,33,,,a,
ASN00023718,19520428,DAPR,2,,,a,
ASN00023718,19520428,DWPR,2,,,a,
ASN00023718,19520428,MDPR,147,,,a,
ASN00023718,19520501,PRCP,8,,,a,
ASN00023718,19520502,PRCP,0,,,a,
ASN00023718,19520503,PRCP,0,,,a,
ASN00023718,19520504,PRCP,0,,,a,
ASN00023718,19520505,PRCP,0,,,a,
ASN00023718,19520506,PRCP,64,,,a,
ASN00023718,19520507,PRCP,36,,,a,
ASN00023718,19520508,PRCP,0,,,a,
ASN00023718,19520509,PRCP,0,,,a,
ASN00023718,19520510,PRCP,0,,,a,
ASN00023718,19520511,PRCP,0,,,a,
ASN00023718,19520512,PRCP,0,,,a,
ASN00023718,19520513,PRCP,28,,,a,
ASN00023718,19520514,PRCP,20,,,a,
ASN00023718,19520515,PRCP,0,,,a,
ASN00023718,19520516,PRCP,86,,,a,
ASN00023718,19520517,PRCP,0,,,a,
ASN00023718,19520520,PRCP,0,,,a,
ASN00023718,19520521,PRCP,0,,,a,
ASN00023718,19520522,PRCP,0,,,a,
ASN00023718,19520523,PRCP,114,,,a,
ASN00023718,19520524,PRCP,30,,,a,
ASN00023718,19520527,PRCP,0,,,a,
ASN00023718,19520528,PRCP,0,,,a,
ASN00023718,19520529,PRCP,71,,,a,
ASN00023718,19520530,PRCP,20,,,a,
ASN00023718,19520531,PRCP,46,,,a,
ASN00023718,19520519,DAPR,2,,,a,
ASN00023718,19520526,DAPR,2,,,a,
ASN00023718,19520519,DWPR,1,,,a,
ASN00023718,19520526,DWPR,1,,,a,
ASN00023718,19520519,MDPR,102,,,a,
ASN00023718,19520526,MDPR,56,,,a,
ASN00023718,19520603,PRCP,109,,,a,
ASN00023718,19520604,PRCP,0,,,a,
ASN00023718,19520605,PRCP,0,,,a,
ASN00023718,19520606,PRCP,0,,,a,
ASN00023718,19520607,PRCP,18,,,a,
ASN00023718,19520608,PRCP,13,,,a,
ASN00023718,19520609,PRCP,36,,,a,
ASN00023718,19520610,PRCP,0,,,a,
ASN00023718,19520611,PRCP,0,,,a,
ASN00023718,19520612,PRCP,38,,,a,
ASN00023718,19520613,PRCP,36,,,a,
ASN00023718,19520614,PRCP,0,,,a,
ASN00023718,19520617,PRCP,135,,,a,
ASN00023718,19520618,PRCP,64,,,a,
ASN00023718,19520619,PRCP,0,,,a,
ASN00023718,19520620,PRCP,43,,,a,
ASN00023718,19520621,PRCP,0,,,a,
ASN00023718,19520624,PRCP,0,,,a,
ASN00023718,19520625,PRCP,71,,,a,
ASN00023718,19520626,PRCP,0,,,a,
ASN00023718,19520627,PRCP,0,,,a,
ASN00023718,19520628,PRCP,0,,,a,
ASN00023718,19520602,DAPR,2,,,a,
ASN00023718,19520616,DAPR,2,,,a,
ASN00023718,19520623,DAPR,2,,,a,
ASN00023718,19520630,DAPR,2,,,a,
ASN00023718,19520602,DWPR,2,,,a,
ASN00023718,19520616,DWPR,1,,,a,
ASN00023718,19520623,DWPR,1,,,a,
ASN00023718,19520630,DWPR,1,,,a,
ASN00023718,19520602,MDPR,86,,,a,
ASN00023718,19520616,MDPR,66,,,a,
ASN00023718,19520623,MDPR,79,,,a,
ASN00023718,19520630,MDPR,38,,,a,
ASN00023718,19520701,PRCP,0,,,a,
ASN00023718,19520702,PRCP,0,,,a,
ASN00023718,19520703,PRCP,0,,,a,
ASN00023718,19520704,PRCP,66,,,a,
ASN00023718,19520705,PRCP,124,,,a,
ASN00023718,19520708,PRCP,0,,,a,
ASN00023718,19520709,PRCP,0,,,a,
ASN00023718,19520710,PRCP,0,,,a,
ASN00023718,19520711,PRCP,0,,,a,
ASN00023718,19520712,PRCP,76,,,a,
ASN00023718,19520715,PRCP,0,,,a,
ASN00023718,19520716,PRCP,0,,,a,
ASN00023718,19520717,PRCP,25,,,a,
ASN00023718,19520718,PRCP,79,,,a,
ASN00023718,19520719,PRCP,18,,,a,
ASN00023718,19520720,PRCP,0,,,a,
ASN00023718,19520721,PRCP,0,,,a,
ASN00023718,19520722,PRCP,0,,,a,
ASN00023718,19520723,PRCP,0,,,a,
ASN00023718,19520724,PRCP,0,,,a,
ASN00023718,19520725,PRCP,0,,,a,
ASN00023718,19520726,PRCP,0,,,a,
ASN00023718,19520727,PRCP,0,,,a,
ASN00023718,19520728,PRCP,0,,,a,
ASN00023718,19520729,PRCP,0,,,a,
ASN00023718,19520730,PRCP,38,,,a,
ASN00023718,19520731,PRCP,74,,,a,
ASN00023718,19520707,DAPR,2,,,a,
ASN00023718,19520714,DAPR,2,,,a,
ASN00023718,19520707,DWPR,1,,,a,
ASN00023718,19520714,DWPR,1,,,a,
ASN00023718,19520707,MDPR,46,,,a,
ASN00023718,19520714,MDPR,48,,,a,
ASN00023718,19520801,PRCP,0,,,a,
ASN00023718,19520802,PRCP,10,,,a,
ASN00023718,19520803,PRCP,0,,,a,
ASN00023718,19520804,PRCP,0,,,a,
ASN00023718,19520805,PRCP,0,,,a,
ASN00023718,19520806,PRCP,13,,,a,
ASN00023718,19520807,PRCP,0,,,a,
ASN00023718,19520808,PRCP,0,,,a,
ASN00023718,19520809,PRCP,43,,,a,
ASN00023718,19520812,PRCP,0,,,a,
ASN00023718,19520813,PRCP,0,,,a,
ASN00023718,19520814,PRCP,0,,,a,
ASN00023718,19520815,PRCP,0,,,a,
ASN00023718,19520816,PRCP,0,,,a,
ASN00023718,19520817,PRCP,0,,,a,
ASN00023718,19520818,PRCP,0,,,a,
ASN00023718,19520819,PRCP,0,,,a,
ASN00023718,19520820,PRCP,20,,,a,
ASN00023718,19520821,PRCP,0,,,a,
ASN00023718,19520822,PRCP,0,,,a,
ASN00023718,19520823,PRCP,20,,,a,
ASN00023718,19520826,PRCP,0,,,a,
ASN00023718,19520827,PRCP,0,,,a,
ASN00023718,19520828,PRCP,0,,,a,
ASN00023718,19520829,PRCP,0,,,a,
ASN00023718,19520830,PRCP,23,,,a,
ASN00023718,19520831,PRCP,0,,,a,
ASN00023718,19520811,DAPR,2,,,a,
ASN00023718,19520825,DAPR,2,,,a,
ASN00023718,19520811,DWPR,1,,,a,
ASN00023718,19520825,DWPR,1,,,a,
ASN00023718,19520811,MDPR,76,,,a,
ASN00023718,19520825,MDPR,41,,,a,
ASN00023718,19520901,PRCP,0,,,a,
ASN00023718,19520902,PRCP,25,,,a,
ASN00023718,19520903,PRCP,51,,,a,
ASN00023718,19520904,PRCP,0,,,a,
ASN00023718,19520905,PRCP,0,,,a,
ASN00023718,19520906,PRCP,0,,,a,
ASN00023718,19520907,PRCP,0,,,a,
ASN00023718,19520908,PRCP,0,,,a,
ASN00023718,19520909,PRCP,23,,,a,
ASN00023718,19520910,PRCP,0,,,a,
ASN00023718,19520911,PRCP,0,,,a,
ASN00023718,19520912,PRCP,0,,,a,
ASN00023718,19520913,PRCP,0,,,a,
ASN00023718,19520914,PRCP,0,,,a,
ASN00023718,19520915,PRCP,0,,,a,
ASN00023718,19520916,PRCP,58,,,a,
ASN00023718,19520917,PRCP,122,,,a,
ASN00023718,19520918,PRCP,10,,,a,
ASN00023718,19520919,PRCP,30,,,a,
ASN00023718,19520920,PRCP,5,,,a,
ASN00023718,19520923,PRCP,18,,,a,
ASN00023718,19520924,PRCP,0,,,a,
ASN00023718,19520925,PRCP,0,,,a,
ASN00023718,19520926,PRCP,0,,,a,
ASN00023718,19520927,PRCP,0,,,a,
ASN00023718,19520928,PRCP,0,,,a,
ASN00023718,19520929,PRCP,0,,,a,
ASN00023718,19520930,PRCP,117,,,a,
ASN00023718,19520922,DAPR,2,,,a,
ASN00023718,19520922,DWPR,1,,,a,
ASN00023718,19520922,MDPR,56,,,a,
ASN00023718,19521001,PRCP,94,,,a,
ASN00023718,19521002,PRCP,0,,,a,
ASN00023718,19521003,PRCP,51,,,a,
ASN00023718,19521004,PRCP,0,,,a,
ASN00023718,19521005,PRCP,0,,,a,
ASN00023718,19521006,PRCP,0,,,a,
ASN00023718,19521007,PRCP,0,,,a,
ASN00023718,19521008,PRCP,0,,,a,
ASN00023718,19521009,PRCP,38,,,a,
ASN00023718,19521010,PRCP,5,,,a,
ASN00023718,19521011,PRCP,48,,,a,
ASN00023718,19521012,PRCP,0,,,a,
ASN00023718,19521013,PRCP,0,,,a,
ASN00023718,19521014,PRCP,18,,,a,
ASN00023718,19521015,PRCP,41,,,a,
ASN00023718,19521016,PRCP,33,,,a,
ASN00023718,19521017,PRCP,23,,,a,
ASN00023718,19521018,PRCP,0,,,a,
ASN00023718,19521019,PRCP,0,,,a,
ASN00023718,19521020,PRCP,0,,,a,
ASN00023718,19521021,PRCP,13,,,a,
ASN00023718,19521022,PRCP,0,,,a,
ASN00023718,19521023,PRCP,0,,,a,
ASN00023718,19521024,PRCP,0,,,a,
ASN00023718,19521025,PRCP,0,,,a,
ASN00023718,19521026,PRCP,0,,,a,
ASN00023718,19521027,PRCP,15,,,a,
ASN00023718,19521028,PRCP,0,,,a,
ASN00023718,19521029,PRCP,58,,,a,
ASN00023718,19521030,PRCP,0,,,a,
ASN00023718,19521031,PRCP,28,,,a,
ASN00023718,19521101,PRCP,15,,,a,
ASN00023718,19521102,PRCP,0,,,a,
ASN00023718,19521103,PRCP,18,,,a,
ASN00023718,19521104,PRCP,10,,,a,
ASN00023718,19521105,PRCP,25,,,a,
ASN00023718,19521106,PRCP,0,,,a,
ASN00023718,19521107,PRCP,0,,,a,
ASN00023718,19521108,PRCP,0,,,a,
ASN00023718,19521111,PRCP,25,,,a,
ASN00023718,19521112,PRCP,0,,,a,
ASN00023718,19521113,PRCP,0,,,a,
ASN00023718,19521114,PRCP,0,,,a,
ASN00023718,19521115,PRCP,0,,,a,
ASN00023718,19521116,PRCP,109,,,a,
ASN00023718,19521117,PRCP,107,,,a,
ASN00023718,19521118,PRCP,20,,,a,
ASN00023718,19521119,PRCP,0,,,a,
ASN00023718,19521120,PRCP,46,,,a,
ASN00023718,19521121,PRCP,0,,,a,
ASN00023718,19521122,PRCP,0,,,a,
ASN00023718,19521123,PRCP,0,,,a,
ASN00023718,19521124,PRCP,0,,,a,
ASN00023718,19521125,PRCP,0,,,a,
ASN00023718,19521126,PRCP,0,,,a,
ASN00023718,19521127,PRCP,183,,,a,
ASN00023718,19521128,PRCP,25,,,a,
ASN00023718,19521129,PRCP,0,,,a,
ASN00023718,19521130,PRCP,0,,,a,
ASN00023718,19521110,DAPR,2,,,a,
ASN00023718,19521110,DWPR,1,,,a,
ASN00023718,19521110,MDPR,66,,,a,
ASN00023718,19521201,PRCP,0,,,a,
ASN00023718,19521202,PRCP,0,,,a,
ASN00023718,19521203,PRCP,0,,,a,
ASN00023718,19521204,PRCP,0,,,a,
ASN00023718,19521205,PRCP,0,,,a,
ASN00023718,19521206,PRCP,0,,,a,
ASN00023718,19521207,PRCP,79,,,a,
ASN00023718,19521208,PRCP,15,,,a,
ASN00023718,19521209,PRCP,0,,,a,
ASN00023718,19521210,PRCP,30,,,a,
ASN00023718,19521211,PRCP,36,,,a,
ASN00023718,19521212,PRCP,5,,,a,
ASN00023718,19521213,PRCP,0,,,a,
ASN00023718,19521214,PRCP,0,,,a,
ASN00023718,19521215,PRCP,0,,,a,
ASN00023718,19521216,PRCP,0,,,a,
ASN00023718,19521217,PRCP,0,,,a,
ASN00023718,19521218,PRCP,0,,,a,
ASN00023718,19521219,PRCP,0,,,a,
ASN00023718,19521220,PRCP,0,,,a,
ASN00023718,19521221,PRCP,0,,,a,
ASN00023718,19521222,PRCP,0,,,a,
ASN00023718,19521223,PRCP,0,,,a,
ASN00023718,19521224,PRCP,0,,,a,
ASN00023718,19521225,PRCP,0,,,a,
ASN00023718,19521226,PRCP,13,,,a,
ASN00023718,19521227,PRCP,0,,,a,
ASN00023718,19521230,PRCP,0,,,a,
ASN00023718,19521231,PRCP,0,,,a,
ASN00023718,19521229,DAPR,2,,,a,
ASN00023718,19521229,DWPR,1,,,a,
ASN00023718,19521229,MDPR,25,,,a,
ASN00023718,19530101,PRCP,0,,,a,
ASN00023718,19530102,PRCP,0,,,a,
ASN00023718,19530103,PRCP,0,,,a,
ASN00023718,19530106,PRCP,0,,,a,
ASN00023718,19530107,PRCP,0,,,a,
ASN00023718,19530108,PRCP,0,,,a,
ASN00023718,19530109,PRCP,0,,,a,
ASN00023718,19530110,PRCP,0,,,a,
ASN00023718,19530111,PRCP,0,,,a,
ASN00023718,19530112,PRCP,0,,,a,
ASN00023718,19530113,PRCP,0,,,a,
ASN00023718,19530114,PRCP,0,,,a,
ASN00023718,19530115,PRCP,0,,,a,
ASN00023718,19530116,PRCP,0,,,a,
ASN00023718,19530117,PRCP,0,,,a,
ASN00023718,19530118,PRCP,0,,,a,
ASN00023718,19530119,PRCP,0,,,a,
ASN00023718,19530120,PRCP,0,,,a,
ASN00023718,19530121,PRCP,0,,,a,
ASN00023718,19530122,PRCP,0,,,a,
ASN00023718,19530123,PRCP,0,,,a,
ASN00023718,19530124,PRCP,0,,,a,
ASN00023718,19530125,PRCP,0,,,a,
ASN00023718,19530126,PRCP,0,,,a,
ASN00023718,19530127,PRCP,0,,,a,
ASN00023718,19530128,PRCP,0,,,a,
ASN00023718,19530129,PRCP,0,,,a,
ASN00023718,19530130,PRCP,0,,,a,
ASN00023718,19530131,PRCP,0,,,a,
ASN00023718,19530105,DAPR,2,,,a,
ASN00023718,19530105,DWPR,1,,,a,
ASN00023718,19530105,MDPR,89,,,a,
ASN00023718,19530201,PRCP,0,,,a,
ASN00023718,19530202,PRCP,0,,,a,
ASN00023718,19530203,PRCP,0,,,a,
ASN00023718,19530204,PRCP,0,,,a,
ASN00023718,19530205,PRCP,163,,,a,
ASN00023718,19530206,PRCP,0,,,a,
ASN00023718,19530207,PRCP,0,,,a,
ASN00023718,19530208,PRCP,0,,,a,
ASN00023718,19530209,PRCP,5,,,a,
ASN00023718,19530210,PRCP,0,,,a,
ASN00023718,19530211,PRCP,0,,,a,
ASN00023718,19530212,PRCP,0,,,a,
ASN00023718,19530213,PRCP,0,,,a,
ASN00023718,19530214,PRCP,0,,,a,
ASN00023718,19530215,PRCP,0,,,a,
ASN00023718,19530216,PRCP,0,,,a,
ASN00023718,19530217,PRCP,0,,,a,
ASN00023718,19530218,PRCP,0,,,a,
ASN00023718,19530219,PRCP,0,,,a,
ASN00023718,19530220,PRCP,0,,,a,
ASN00023718,19530221,PRCP,0,,,a,
ASN00023718,19530222,PRCP,0,,,a,
ASN00023718,19530223,PRCP,0,,,a,
ASN00023718,19530224,PRCP,0,,,a,
ASN00023718,19530225,PRCP,0,,,a,
ASN00023718,19530226,PRCP,0,,,a,
ASN00023718,19530227,PRCP,0,,,a,
ASN00023718,19530228,PRCP,0,,,a,
ASN00023718,19530301,PRCP,0,,,a,
ASN00023718,19530302,PRCP,0,,,a,
ASN00023718,19530303,PRCP,0,,,a,
ASN00023718,19530304,PRCP,0,,,a,
ASN00023718,19530305,PRCP,0,,,a,
ASN00023718,19530306,PRCP,0,,,a,
ASN00023718,19530307,PRCP,0,,,a,
ASN00023718,19530308,PRCP,0,,,a,
ASN00023718,19530309,PRCP,0,,,a,
ASN00023718,19530310,PRCP,0,,,a,
ASN00023718,19530311,PRCP,0,,,a,
ASN00023718,19530312,PRCP,0,,,a,
ASN00023718,19530313,PRCP,0,,,a,
ASN00023718,19530314,PRCP,0,,,a,
ASN00023718,19530315,PRCP,0,,,a,
ASN00023718,19530316,PRCP,0,,,a,
ASN00023718,19530317,PRCP,0,,,a,
ASN00023718,19530318,PRCP,8,,,a,
ASN00023718,19530319,PRCP,0,,,a,
ASN00023718,19530320,PRCP,0,,,a,
ASN00023718,19530321,PRCP,38,,,a,
ASN00023718,19530322,PRCP,0,,,a,
ASN00023718,19530323,PRCP,0,,,a,
ASN00023718,19530324,PRCP,0,,,a,
ASN00023718,19530325,PRCP,0,,,a,
ASN00023718,19530326,PRCP,0,,,a,
ASN00023718,19530327,PRCP,0,,,a,
ASN00023718,19530328,PRCP,0,,,a,
ASN00023718,19530329,PRCP,0,,,a,
ASN00023718,19530330,PRCP,0,,,a,
ASN00023718,19530331,PRCP,0,,,a,
ASN00023718,19530401,PRCP,0,,,a,
ASN00023718,19530402,PRCP,0,,,a,
ASN00023718,19530405,PRCP,0,,,a,
ASN00023718,19530406,PRCP,0,,,a,
ASN00023718,19530407,PRCP,0,,,a,
ASN00023718,19530408,PRCP,0,,,a,
ASN00023718,19530409,PRCP,0,,,a,
ASN00023718,19530410,PRCP,0,,,a,
ASN00023718,19530411,PRCP,0,,,a,
ASN00023718,19530412,PRCP,0,,,a,
ASN00023718,19530413,PRCP,0,,,a,
ASN00023718,19530414,PRCP,0,,,a,
ASN00023718,19530415,PRCP,0,,,a,
ASN00023718,19530416,PRCP,0,,,a,
ASN00023718,19530417,PRCP,0,,,a,
ASN00023718,19530418,PRCP,0,,,a,
ASN00023718,19530421,PRCP,0,,,a,
ASN00023718,19530422,PRCP,0,,,a,
ASN00023718,19530423,PRCP,0,,,a,
ASN00023718,19530424,PRCP,0,,,a,
ASN00023718,19530425,PRCP,0,,,a,
ASN00023718,19530428,PRCP,13,,,a,
ASN00023718,19530429,PRCP,0,,,a,
ASN00023718,19530430,PRCP,0,,,a,
ASN00023718,19530404,DAPR,2,,,a,
ASN00023718,19530420,DAPR,2,,,a,
ASN00023718,19530427,DAPR,2,,,a,
ASN00023718,19530404,DWPR,1,,,a,
ASN00023718,19530420,DWPR,1,,,a,
ASN00023718,19530427,DWPR,1,,,a,
ASN00023718,19530404,MDPR,99,,,a,
ASN00023718,19530420,MDPR,51,,,a,
ASN00023718,19530427,MDPR,36,,,a,
ASN00023718,19530501,PRCP,0,,,a,
ASN00023718,19530502,PRCP,0,,,a,
ASN00023718,19530503,PRCP,0,,,a,
ASN00023718,19530504,PRCP,0,,,a,
ASN00023718,19530505,PRCP,0,,,a,
ASN00023718,19530506,PRCP,0,,,a,
ASN00023718,19530507,PRCP,0,,,a,
ASN00023718,19530508,PRCP,0,,,a,
ASN00023718,19530509,PRCP,0,,,a,
ASN00023718,19530510,PRCP,0,,,a,
ASN00023718,19530511,PRCP,0,,,a,
ASN00023718,19530512,PRCP,0,,,a,
ASN00023718,19530513,PRCP,36,,,a,
ASN00023718,19530514,PRCP,5,,,a,
ASN00023718,19530515,PRCP,0,,,a,
ASN00023718,19530516,PRCP,33,,,a,
ASN00023718,19530519,PRCP,25,,,a,
ASN00023718,19530520,PRCP,28,,,a,
ASN00023718,19530521,PRCP,0,,,a,
ASN00023718,19530522,PRCP,0,,,a,
ASN00023718,19530523,PRCP,0,,,a,
ASN00023718,19530524,PRCP,0,,,a,
ASN00023718,19530525,PRCP,0,,,a,
ASN00023718,19530526,PRCP,0,,,a,
ASN00023718,19530527,PRCP,18,,,a,
ASN00023718,19530528,PRCP,0,,,a,
ASN00023718,19530529,PRCP,0,,,a,
ASN00023718,19530530,PRCP,0,,,a,
ASN00023718,19530531,PRCP,0,,,a,
ASN00023718,19530518,DAPR,2,,,a,
ASN00023718,19530518,DWPR,1,,,a,
ASN00023718,19530518,MDPR,38,,,a,
ASN00023718,19530601,PRCP,5,,,a,
ASN00023718,19530602,PRCP,0,,,a,
ASN00023718,19530603,PRCP,0,,,a,
ASN00023718,19530604,PRCP,46,,,a,
ASN00023718,19530605,PRCP,23,,,a,
ASN00023718,19530606,PRCP,0,,,a,
ASN00023718,19530607,PRCP,0,,,a,
ASN00023718,19530608,PRCP,5,,,a,
ASN00023718,19530609,PRCP,0,,,a,
ASN00023718,19530610,PRCP,114,,,a,
ASN00023718,19530611,PRCP,18,,,a,
ASN00023718,19530612,PRCP,241,,,a,
ASN00023718,19530613,PRCP,28,,,a,
ASN00023718,19530614,PRCP,117,,,a,
ASN00023718,19530615,PRCP,0,,,a,
ASN00023718,19530616,PRCP,38,,,a,
ASN00023718,19530617,PRCP,33,,,a,
ASN00023718,19530618,PRCP,13,,,a,
ASN00023718,19530619,PRCP,140,,,a,
ASN00023718,19530620,PRCP,0,,,a,
ASN00023718,19530623,PRCP,10,,,a,
ASN00023718,19530624,PRCP,0,,,a,
ASN00023718,19530625,PRCP,20,,,a,
ASN00023718,19530626,PRCP,0,,,a,
ASN00023718,19530627,PRCP,0,,,a,
ASN00023718,19530628,PRCP,0,,,a,
ASN00023718,19530629,PRCP,13,,,a,
ASN00023718,19530630,PRCP,53,,,a,
ASN00023718,19530622,DAPR,2,,,a,
ASN00023718,19530622,DWPR,2,,,a,
ASN00023718,19530622,MDPR,89,,,a,
ASN00023718,19530701,PRCP,20,,,a,
ASN00023718,19530702,PRCP,0,,,a,
ASN00023718,19530703,PRCP,0,,,a,
ASN00023718,19530704,PRCP,0,,,a,
ASN00023718,19530705,PRCP,0,,,a,
ASN00023718,19530706,PRCP,0,,,a,
ASN00023718,19530707,PRCP,117,,,a,
ASN00023718,19530708,PRCP,97,,,a,
ASN00023718,19530709,PRCP,28,,,a,
ASN00023718,19530710,PRCP,89,,,a,
ASN00023718,19530711,PRCP,0,,,a,
ASN00023718,19530712,PRCP,0,,,a,
ASN00023718,19530713,PRCP,0,,,a,
ASN00023718,19530714,PRCP,5,,,a,
ASN00023718,19530715,PRCP,81,,,a,
ASN00023718,19530716,PRCP,30,,,a,
ASN00023718,19530717,PRCP,10,,,a,
ASN00023718,19530718,PRCP,0,,,a,
ASN00023718,19530719,PRCP,0,,,a,
ASN00023718,19530720,PRCP,8,,,a,
ASN00023718,19530721,PRCP,0,,,a,
ASN00023718,19530722,PRCP,5,,,a,
ASN00023718,19530723,PRCP,170,,,a,
ASN00023718,19530724,PRCP,13,,,a,
ASN00023718,19530725,PRCP,0,,,a,
ASN00023718,19530726,PRCP,0,,,a,
ASN00023718,19530727,PRCP,13,,,a,
ASN00023718,19530728,PRCP,0,,,a,
ASN00023718,19530729,PRCP,0,,,a,
ASN00023718,19530730,PRCP,0,,,a,
ASN00023718,19530731,PRCP,3,,,a,
ASN00023718,19530801,PRCP,48,,,a,
ASN00023718,19530802,PRCP,0,,,a,
ASN00023718,19530803,PRCP,0,,,a,
ASN00023718,19530804,PRCP,211,,,a,
ASN00023718,19530805,PRCP,25,,,a,
ASN00023718,19530806,PRCP,15,,,a,
ASN00023718,19530807,PRCP,0,,,a,
ASN00023718,19530808,PRCP,8,,,a,
ASN00023718,19530809,PRCP,0,,,a,
ASN00023718,19530810,PRCP,13,,,a,
ASN00023718,19530811,PRCP,61,,,a,
ASN00023718,19530812,PRCP,13,,,a,
ASN00023718,19530813,PRCP,0,,,a,
ASN00023718,19530814,PRCP,0,,,a,
ASN00023718,19530815,PRCP,135,,,a,
ASN00023718,19530816,PRCP,0,,,a,
ASN00023718,19530817,PRCP,84,,,a,
ASN00023718,19530818,PRCP,8,,,a,
ASN00023718,19530819,PRCP,0,,,a,
ASN00023718,19530820,PRCP,0,,,a,
ASN00023718,19530821,PRCP,53,,,a,
ASN00023718,19530822,PRCP,28,,,a,
ASN00023718,19530825,PRCP,0,,,a,
ASN00023718,19530826,PRCP,0,,,a,
ASN00023718,19530827,PRCP,0,,,a,
ASN00023718,19530828,PRCP,61,,,a,
ASN00023718,19530829,PRCP,0,,,a,
ASN00023718,19530830,PRCP,0,,,a,
ASN00023718,19530831,PRCP,13,,,a,
ASN00023718,19530824,DAPR,2,,,a,
ASN00023718,19530824,DWPR,1,,,a,
ASN00023718,19530824,MDPR,25,,,a,
ASN00023718,19530901,PRCP,168,,,a,
ASN00023718,19530902,PRCP,13,,,a,
ASN00023718,19530903,PRCP,79,,,a,
ASN00023718,19530904,PRCP,18,,,a,
ASN00023718,19530905,PRCP,0,,,a,
ASN00023718,19530906,PRCP,0,,,a,
ASN00023718,19530907,PRCP,0,,,a,
ASN00023718,19530908,PRCP,0,,,a,
ASN00023718,19530909,PRCP,23,,,a,
ASN00023718,19530910,PRCP,0,,,a,
ASN00023718,19530911,PRCP,5,,,a,
ASN00023718,19530912,PRCP,0,,,a,
ASN00023718,19530913,PRCP,0,,,a,
ASN00023718,19530914,PRCP,0,,,a,
ASN00023718,19530915,PRCP,0,,,a,
ASN00023718,19530916,PRCP,0,,,a,
ASN00023718,19530917,PRCP,0,,,a,
ASN00023718,19530918,PRCP,0,,,a,
ASN00023718,19530919,PRCP,46,,,a,
ASN00023718,19530920,PRCP,71,,,a,
ASN00023718,19530921,PRCP,0,,,a,
ASN00023718,19530922,PRCP,0,,,a,
ASN00023718,19530923,PRCP,0,,,a,
ASN00023718,19530924,PRCP,0,,,a,
ASN00023718,19530925,PRCP,0,,,a,
ASN00023718,19530926,PRCP,0,,,a,
ASN00023718,19530927,PRCP,0,,,a,
ASN00023718,19530928,PRCP,0,,,a,
ASN00023718,19530929,PRCP,0,,,a,
ASN00023718,19530930,PRCP,36,,,a,
ASN00023718,19531001,PRCP,0,,,a,
ASN00023718,19531002,PRCP,0,,,a,
ASN00023718,19531003,PRCP,0,,,a,
ASN00023718,19531006,PRCP,0,,,a,
ASN00023718,19531007,PRCP,13,,,a,
ASN00023718,19531008,PRCP,0,,,a,
ASN00023718,19531009,PRCP,0,,,a,
ASN00023718,19531010,PRCP,28,,,a,
ASN00023718,19531011,PRCP,0,,,a,
ASN00023718,19531012,PRCP,0,,,a,
ASN00023718,19531013,PRCP,0,,,a,
ASN00023718,19531014,PRCP,0,,,a,
ASN00023718,19531015,PRCP,0,,,a,
ASN00023718,19531016,PRCP,0,,,a,
ASN00023718,19531017,PRCP,0,,,a,
ASN00023718,19531018,PRCP,0,,,a,
ASN00023718,19531019,PRCP,0,,,a,
ASN00023718,19531020,PRCP,61,,,a,
ASN00023718,19531021,PRCP,43,,,a,
ASN00023718,19531022,PRCP,0,,,a,
ASN00023718,19531023,PRCP,0,,,a,
ASN00023718,19531024,PRCP,0,,,a,
ASN00023718,19531025,PRCP,0,,,a,
ASN00023718,19531026,PRCP,0,,,a,
ASN00023718,19531027,PRCP,0,,,a,
ASN00023718,19531028,PRCP,0,,,a,
ASN00023718,19531029,PRCP,8,,,a,
ASN00023718,19531030,PRCP,0,,,a,
ASN00023718,19531031,PRCP,0,,,a,
ASN00023718,19531005,DAPR,2,,,a,
ASN00023718,19531005,DWPR,1,,,a,
ASN00023718,19531005,MDPR,53,,,a,
ASN00023718,19531103,PRCP,0,,,a,
ASN00023718,19531104,PRCP,94,,,a,
ASN00023718,19531105,PRCP,0,,,a,
ASN00023718,19531106,PRCP,74,,,a,
ASN00023718,19531107,PRCP,28,,,a,
ASN00023718,19531108,PRCP,28,,,a,
ASN00023718,19531109,PRCP,0,,,a,
ASN00023718,19531110,PRCP,0,,,a,
ASN00023718,19531111,PRCP,0,,,a,
ASN00023718,19531112,PRCP,0,,,a,
ASN00023718,19531113,PRCP,0,,,a,
ASN00023718,19531114,PRCP,0,,,a,
ASN00023718,19531115,PRCP,64,,,a,
ASN00023718,19531116,PRCP,0,,,a,
ASN00023718,19531117,PRCP,0,,,a,
ASN00023718,19531118,PRCP,0,,,a,
ASN00023718,19531119,PRCP,0,,,a,
ASN00023718,19531120,PRCP,0,,,a,
ASN00023718,19531121,PRCP,0,,,a,
ASN00023718,19531122,PRCP,0,,,a,
ASN00023718,19531123,PRCP,0,,,a,
ASN00023718,19531124,PRCP,0,,,a,
ASN00023718,19531125,PRCP,0,,,a,
ASN00023718,19531126,PRCP,81,,,a,
ASN00023718,19531127,PRCP,0,,,a,
ASN00023718,19531128,PRCP,0,,,a,
ASN00023718,19531129,PRCP,0,,,a,
ASN00023718,19531130,PRCP,0,,,a,
ASN00023718,19531102,DAPR,2,,,a,
ASN00023718,19531102,DWPR,1,,,a,
ASN00023718,19531102,MDPR,38,,,a,
ASN00023718,19531201,PRCP,0,,,a,
ASN00023718,19531202,PRCP,0,,,a,
ASN00023718,19531203,PRCP,0,,,a,
ASN00023718,19531204,PRCP,0,,,a,
ASN00023718,19531205,PRCP,0,,,a,
ASN00023718,19531208,PRCP,8,,,a,
ASN00023718,19531209,PRCP,71,,,a,
ASN00023718,19531210,PRCP,0,,,a,
ASN00023718,19531211,PRCP,8,,,a,
ASN00023718,19531212,PRCP,0,,,a,
ASN00023718,19531213,PRCP,0,,,a,
ASN00023718,19531214,PRCP,0,,,a,
ASN00023718,19531215,PRCP,0,,,a,
ASN00023718,19531216,PRCP,0,,,a,
ASN00023718,19531217,PRCP,0,,,a,
ASN00023718,19531218,PRCP,0,,,a,
ASN00023718,19531219,PRCP,0,,,a,
ASN00023718,19531220,PRCP,0,,,a,
ASN00023718,19531221,PRCP,0,,,a,
ASN00023718,19531222,PRCP,18,,,a,
ASN00023718,19531223,PRCP,0,,,a,
ASN00023718,19531224,PRCP,0,,,a,
ASN00023718,19531227,PRCP,8,,,a,
ASN00023718,19531228,PRCP,0,,,a,
ASN00023718,19531229,PRCP,0,,,a,
ASN00023718,19531230,PRCP,137,,,a,
ASN00023718,19531231,PRCP,8,,,a,
ASN00023718,19531207,DAPR,2,,,a,
ASN00023718,19531226,DAPR,2,,,a,
ASN00023718,19531207,DWPR,1,,,a,
ASN00023718,19531226,DWPR,1,,,a,
ASN00023718,19531207,MDPR,297,,,a,
ASN00023718,19531226,MDPR,25,,,a,
ASN00023718,19540101,PRCP,0,,,a,
ASN00023718,19540102,PRCP,0,,,a,
ASN00023718,19540103,PRCP,0,,,a,
ASN00023718,19540104,PRCP,0,,,a,
ASN00023718,19540105,PRCP,0,,,a,
ASN00023718,19540106,PRCP,0,,,a,
ASN00023718,19540107,PRCP,0,,,a,
ASN00023718,19540108,PRCP,0,,,a,
ASN00023718,19540109,PRCP,0,,,a,
ASN00023718,19540110,PRCP,0,,,a,
ASN00023718,19540111,PRCP,0,,,a,
ASN00023718,19540112,PRCP,0,,,a,
ASN00023718,19540113,PRCP,0,,,a,
ASN00023718,19540114,PRCP,0,,,a,
ASN00023718,19540115,PRCP,0,,,a,
ASN00023718,19540116,PRCP,0,,,a,
ASN00023718,19540117,PRCP,0,,,a,
ASN00023718,19540118,PRCP,0,,,a,
ASN00023718,19540119,PRCP,0,,,a,
ASN00023718,19540120,PRCP,0,,,a,
ASN00023718,19540121,PRCP,0,,,a,
ASN00023718,19540122,PRCP,0,,,a,
ASN00023718,19540123,PRCP,0,,,a,
ASN00023718,19540124,PRCP,0,,,a,
ASN00023718,19540125,PRCP,0,,,a,
ASN00023718,19540126,PRCP,0,,,a,
ASN00023718,19540127,PRCP,86,,,a,
ASN00023718,19540128,PRCP,142,,,a,
ASN00023718,19540129,PRCP,0,,,a,
ASN00023718,19540130,PRCP,0,,,a,
ASN00023718,19540131,PRCP,0,,,a,
ASN00023718,19540201,PRCP,38,,,a,
ASN00023718,19540202,PRCP,10,,,a,
ASN00023718,19540203,PRCP,0,,,a,
ASN00023718,19540204,PRCP,0,,,a,
ASN00023718,19540205,PRCP,0,,,a,
ASN00023718,19540206,PRCP,0,,,a,
ASN00023718,19540207,PRCP,0,,,a,
ASN00023718,19540208,PRCP,0,,,a,
ASN00023718,19540209,PRCP,0,,,a,
ASN00023718,19540210,PRCP,0,,,a,
ASN00023718,19540211,PRCP,0,,,a,
ASN00023718,19540212,PRCP,0,,,a,
ASN00023718,19540213,PRCP,0,,,a,
ASN00023718,19540214,PRCP,0,,,a,
ASN00023718,19540215,PRCP,0,,,a,
ASN00023718,19540216,PRCP,0,,,a,
ASN00023718,19540217,PRCP,0,,,a,
ASN00023718,19540218,PRCP,0,,,a,
ASN00023718,19540219,PRCP,0,,,a,
ASN00023718,19540220,PRCP,0,,,a,
ASN00023718,19540221,PRCP,0,,,a,
ASN00023718,19540222,PRCP,0,,,a,
ASN00023718,19540223,PRCP,0,,,a,
ASN00023718,19540224,PRCP,0,,,a,
ASN00023718,19540225,PRCP,0,,,a,
ASN00023718,19540226,PRCP,0,,,a,
ASN00023718,19540227,PRCP,0,,,a,
ASN00023718,19540228,PRCP,0,,,a,
ASN00023718,19540301,PRCP,0,,,a,
ASN00023718,19540302,PRCP,0,,,a,
ASN00023718,19540303,PRCP,0,,,a,
ASN00023718,19540304,PRCP,0,,,a,
ASN00023718,19540305,PRCP,0,,,a,
ASN00023718,19540306,PRCP,0,,,a,
ASN00023718,19540307,PRCP,0,,,a,
ASN00023718,19540308,PRCP,0,,,a,
ASN00023718,19540309,PRCP,0,,,a,
ASN00023718,19540310,PRCP,0,,,a,
ASN00023718,19540311,PRCP,0,,,a,
ASN00023718,19540312,PRCP,0,,,a,
ASN00023718,19540313,PRCP,0,,,a,
ASN00023718,19540314,PRCP,0,,,a,
ASN00023718,19540315,PRCP,0,,,a,
ASN00023718,19540316,PRCP,0,,,a,
ASN00023718,19540317,PRCP,0,,,a,
ASN00023718,19540318,PRCP,0,,,a,
ASN00023718,19540319,PRCP,0,,,a,
ASN00023718,19540320,PRCP,0,,,a,
ASN00023718,19540323,PRCP,0,,,a,
ASN00023718,19540324,PRCP,0,,,a,
ASN00023718,19540325,PRCP,0,,,a,
ASN00023718,19540326,PRCP,0,,,a,
ASN00023718,19540327,PRCP,0,,,a,
ASN00023718,19540328,PRCP,0,,,a,
ASN00023718,19540329,PRCP,0,,,a,
ASN00023718,19540330,PRCP,0,,,a,
ASN00023718,19540331,PRCP,0,,,a,
ASN00023718,19540322,DAPR,2,,,a,
ASN00023718,19540322,DWPR,1,,,a,
ASN00023718,19540322,MDPR,48,,,a,
ASN00023718,19540401,PRCP,0,,,a,
ASN00023718,19540402,PRCP,0,,,a,
ASN00023718,19540403,PRCP,0,,,a,
ASN00023718,19540404,PRCP,0,,,a,
ASN00023718,19540405,PRCP,0,,,a,
ASN00023718,19540406,PRCP,81,,,a,
ASN00023718,19540407,PRCP,0,,,a,
ASN00023718,19540408,PRCP,0,,,a,
ASN00023718,19540409,PRCP,0,,,a,
ASN00023718,19540410,PRCP,0,,,a,
ASN00023718,19540411,PRCP,0,,,a,
ASN00023718,19540412,PRCP,0,,,a,
ASN00023718,19540413,PRCP,0,,,a,
ASN00023718,19540414,PRCP,414,,,a,
ASN00023718,19540415,PRCP,18,,,a,
ASN00023718,19540416,PRCP,0,,,a,
ASN00023718,19540417,PRCP,13,,,a,
ASN00023718,19540418,PRCP,0,,,a,
ASN00023718,19540419,PRCP,0,,,a,
ASN00023718,19540420,PRCP,0,,,a,
ASN00023718,19540421,PRCP,0,,,a,
ASN00023718,19540422,PRCP,0,,,a,
ASN00023718,19540423,PRCP,0,,,a,
ASN00023718,19540424,PRCP,76,,,a,
ASN00023718,19540425,PRCP,20,,,a,
ASN00023718,19540426,PRCP,0,,,a,
ASN00023718,19540427,PRCP,0,,,a,
ASN00023718,19540428,PRCP,0,,,a,
ASN00023718,19540429,PRCP,38,,,a,
ASN00023718,19540430,PRCP,20,,,a,
ASN00023718,19540501,PRCP,0,,,a,
ASN00023718,19540502,PRCP,0,,,a,
ASN00023718,19540503,PRCP,0,,,a,
ASN00023718,19540504,PRCP,8,,,a,
ASN00023718,19540505,PRCP,0,,,a,
ASN00023718,19540506,PRCP,0,,,a,
ASN00023718,19540507,PRCP,0,,,a,
ASN00023718,19540508,PRCP,0,,,a,
ASN00023718,19540509,PRCP,0,,,a,
ASN00023718,19540510,PRCP,0,,,a,
ASN00023718,19540511,PRCP,0,,,a,
ASN00023718,19540512,PRCP,0,,,a,
ASN00023718,19540513,PRCP,0,,,a,
ASN00023718,19540514,PRCP,0,,,a,
ASN00023718,19540515,PRCP,8,,,a,
ASN00023718,19540516,PRCP,0,,,a,
ASN00023718,19540517,PRCP,0,,,a,
ASN00023718,19540518,PRCP,28,,,a,
ASN00023718,19540519,PRCP,0,,,a,
ASN00023718,19540520,PRCP,10,,,a,
ASN00023718,19540521,PRCP,25,,,a,
ASN00023718,19540522,PRCP,0,,,a,
ASN00023718,19540523,PRCP,0,,,a,
ASN00023718,19540524,PRCP,0,,,a,
ASN00023718,19540525,PRCP,0,,,a,
ASN00023718,19540526,PRCP,0,,,a,
ASN00023718,19540527,PRCP,0,,,a,
ASN00023718,19540528,PRCP,0,,,a,
ASN00023718,19540529,PRCP,0,,,a,
ASN00023718,19540530,PRCP,0,,,a,
ASN00023718,19540531,PRCP,8,,,a,
ASN00023718,19540601,PRCP,41,,,a,
ASN00023718,19540602,PRCP,33,,,a,
ASN00023718,19540603,PRCP,28,,,a,
ASN00023718,19540604,PRCP,23,,,a,
ASN00023718,19540605,PRCP,56,,,a,
ASN00023718,19540608,PRCP,140,,,a,
ASN00023718,19540609,PRCP,0,,,a,
ASN00023718,19540610,PRCP,8,,,a,
ASN00023718,19540611,PRCP,0,,,a,
ASN00023718,19540612,PRCP,0,,,a,
ASN00023718,19540613,PRCP,0,,,a,
ASN00023718,19540614,PRCP,0,,,a,
ASN00023718,19540615,PRCP,38,,,a,
ASN00023718,19540616,PRCP,48,,,a,
ASN00023718,19540617,PRCP,5,,,a,
ASN00023718,19540618,PRCP,0,,,a,
ASN00023718,19540619,PRCP,0,,,a,
ASN00023718,19540620,PRCP,0,,,a,
ASN00023718,19540621,PRCP,0,,,a,
ASN00023718,19540622,PRCP,3,,,a,
ASN00023718,19540623,PRCP,0,,,a,
ASN00023718,19540624,PRCP,0,,,a,
ASN00023718,19540625,PRCP,0,,,a,
ASN00023718,19540626,PRCP,0,,,a,
ASN00023718,19540627,PRCP,0,,,a,
ASN00023718,19540628,PRCP,0,,,a,
ASN00023718,19540629,PRCP,61,,,a,
ASN00023718,19540630,PRCP,41,,,a,
ASN00023718,19540607,DAPR,2,,,a,
ASN00023718,19540607,DWPR,1,,,a,
ASN00023718,19540607,MDPR,122,,,a,
ASN00023718,19540701,PRCP,28,,,a,
ASN00023718,19540702,PRCP,0,,,a,
ASN00023718,19540703,PRCP,0,,,a,
ASN00023718,19540706,PRCP,25,,,a,
ASN00023718,19540707,PRCP,25,,,a,
ASN00023718,19540708,PRCP,5,,,a,
ASN00023718,19540709,PRCP,0,,,a,
ASN00023718,19540710,PRCP,0,,,a,
ASN00023718,19540711,PRCP,0,,,a,
ASN00023718,19540712,PRCP,0,,,a,
ASN00023718,19540713,PRCP,0,,,a,
ASN00023718,19540714,PRCP,0,,,a,
ASN00023718,19540715,PRCP,0,,,a,
ASN00023718,19540716,PRCP,30,,,a,
ASN00023718,19540717,PRCP,0,,,a,
ASN00023718,19540720,PRCP,0,,,a,
ASN00023718,19540721,PRCP,20,,,a,
ASN00023718,19540722,PRCP,0,,,a,
ASN00023718,19540723,PRCP,15,,,a,
ASN00023718,19540724,PRCP,41,,,a,
ASN00023718,19540727,PRCP,0,,,a,
ASN00023718,19540728,PRCP,0,,,a,
ASN00023718,19540729,PRCP,0,,,a,
ASN00023718,19540730,PRCP,0,,,a,
ASN00023718,19540731,PRCP,0,,,a,
ASN00023718,19540705,DAPR,2,,,a,
ASN00023718,19540719,DAPR,2,,,a,
ASN00023718,19540726,DAPR,2,,,a,
ASN00023718,19540705,DWPR,1,,,a,
ASN00023718,19540719,DWPR,1,,,a,
ASN00023718,19540726,DWPR,1,,,a,
ASN00023718,19540705,MDPR,36,,,a,
ASN00023718,19540719,MDPR,28,,,a,
ASN00023718,19540726,MDPR,36,,,a,
ASN00023718,19540803,PRCP,8,,,a,
ASN00023718,19540804,PRCP,5,,,a,
ASN00023718,19540805,PRCP,0,,,a,
ASN00023718,19540806,PRCP,5,,,a,
ASN00023718,19540807,PRCP,0,,,a,
ASN00023718,19540808,PRCP,0,,,a,
ASN00023718,19540809,PRCP,5,,,a,
ASN00023718,19540810,PRCP,18,,,a,
ASN00023718,19540811,PRCP,20,,,a,
ASN00023718,19540812,PRCP,8,,,a,
ASN00023718,19540813,PRCP,33,,,a,
ASN00023718,19540814,PRCP,0,,,a,
ASN00023718,19540815,PRCP,0,,,a,
ASN00023718,19540816,PRCP,0,,,a,
ASN00023718,19540817,PRCP,0,,,a,
ASN00023718,19540818,PRCP,0,,,a,
ASN00023718,19540819,PRCP,0,,,a,
ASN00023718,19540820,PRCP,0,,,a,
ASN00023718,19540821,PRCP,0,,,a,
ASN00023718,19540822,PRCP,10,,,a,
ASN00023718,19540823,PRCP,0,,,a,
ASN00023718,19540824,PRCP,13,,,a,
ASN00023718,19540825,PRCP,5,,,a,
ASN00023718,19540826,PRCP,8,,,a,
ASN00023718,19540827,PRCP,3,,,a,
ASN00023718,19540828,PRCP,0,,,a,
ASN00023718,19540829,PRCP,0,,,a,
ASN00023718,19540830,PRCP,10,,,a,
ASN00023718,19540831,PRCP,3,,,a,
ASN00023718,19540802,DAPR,2,,,a,
ASN00023718,19540802,DWPR,1,,,a,
ASN00023718,19540802,MDPR,64,,,a,
ASN00023718,19540901,PRCP,10,,,a,
ASN00023718,19540902,PRCP,69,,,a,
ASN00023718,19540903,PRCP,8,,,a,
ASN00023718,19540904,PRCP,0,,,a,
ASN00023718,19540907,PRCP,30,,,a,
ASN00023718,19540908,PRCP,0,,,a,
ASN00023718,19540909,PRCP,0,,,a,
ASN00023718,19540910,PRCP,0,,,a,
ASN00023718,19540911,PRCP,0,,,a,
ASN00023718,19540912,PRCP,0,,,a,
ASN00023718,19540913,PRCP,10,,,a,
ASN00023718,19540914,PRCP,0,,,a,
ASN00023718,19540915,PRCP,0,,,a,
ASN00023718,19540916,PRCP,0,,,a,
ASN00023718,19540917,PRCP,36,,,a,
ASN00023718,19540918,PRCP,79,,,a,
ASN00023718,19540919,PRCP,0,,,a,
ASN00023718,19540920,PRCP,0,,,a,
ASN00023718,19540921,PRCP,0,,,a,
ASN00023718,19540922,PRCP,0,,,a,
ASN00023718,19540923,PRCP,0,,,a,
ASN00023718,19540924,PRCP,0,,,a,
ASN00023718,19540925,PRCP,0,,,a,
ASN00023718,19540926,PRCP,0,,,a,
ASN00023718,19540927,PRCP,0,,,a,
ASN00023718,19540928,PRCP,0,,,a,
ASN00023718,19540929,PRCP,0,,,a,
ASN00023718,19540930,PRCP,0,,,a,
ASN00023718,19540906,DAPR,2,,,a,
ASN00023718,19540906,DWPR,1,,,a,
ASN00023718,19540906,MDPR,36,,,a,
ASN00023718,19541001,PRCP,0,,,a,
ASN00023718,19541002,PRCP,0,,,a,
ASN00023718,19541005,PRCP,0,,,a,
ASN00023718,19541006,PRCP,0,,,a,
ASN00023718,19541007,PRCP,0,,,a,
ASN00023718,19541008,PRCP,5,,,a,
ASN00023718,19541009,PRCP,0,,,a,
ASN00023718,19541010,PRCP,0,,,a,
ASN00023718,19541011,PRCP,0,,,a,
ASN00023718,19541012,PRCP,0,,,a,
ASN00023718,19541013,PRCP,0,,,a,
ASN00023718,19541014,PRCP,8,,,a,
ASN00023718,19541015,PRCP,0,,,a,
ASN00023718,19541016,PRCP,0,,,a,
ASN00023718,19541017,PRCP,0,,,a,
ASN00023718,19541018,PRCP,0,,,a,
ASN00023718,19541019,PRCP,13,,,a,
ASN00023718,19541020,PRCP,0,,,a,
ASN00023718,19541021,PRCP,0,,,a,
ASN00023718,19541022,PRCP,0,,,a,
ASN00023718,19541023,PRCP,0,,,a,
ASN00023718,19541024,PRCP,173,,,a,
ASN00023718,19541025,PRCP,30,,,a,
ASN00023718,19541026,PRCP,0,,,a,
ASN00023718,19541027,PRCP,0,,,a,
ASN00023718,19541028,PRCP,0,,,a,
ASN00023718,19541029,PRCP,0,,,a,
ASN00023718,19541030,PRCP,43,,,a,
ASN00023718,19541031,PRCP,10,,,a,
ASN00023718,19541004,DAPR,2,,,a,
ASN00023718,19541004,DWPR,1,,,a,
ASN00023718,19541004,MDPR,155,,,a,
ASN00023718,19541101,PRCP,0,,,a,
ASN00023718,19541102,PRCP,0,,,a,
ASN00023718,19541103,PRCP,0,,,a,
ASN00023718,19541104,PRCP,0,,,a,
ASN00023718,19541105,PRCP,0,,,a,
ASN00023718,19541106,PRCP,69,,,a,
ASN00023718,19541107,PRCP,0,,,a,
ASN00023718,19541108,PRCP,20,,,a,
ASN00023718,19541109,PRCP,74,,,a,
ASN00023718,19541110,PRCP,0,,,a,
ASN00023718,19541111,PRCP,0,,,a,
ASN00023718,19541112,PRCP,28,,,a,
ASN00023718,19541113,PRCP,0,,,a,
ASN00023718,19541114,PRCP,0,,,a,
ASN00023718,19541115,PRCP,18,,,a,
ASN00023718,19541116,PRCP,0,,,a,
ASN00023718,19541117,PRCP,0,,,a,
ASN00023718,19541118,PRCP,0,,,a,
ASN00023718,19541119,PRCP,0,,,a,
ASN00023718,19541120,PRCP,76,,,a,
ASN00023718,19541121,PRCP,0,,,a,
ASN00023718,19541122,PRCP,0,,,a,
ASN00023718,19541123,PRCP,0,,,a,
ASN00023718,19541124,PRCP,0,,,a,
ASN00023718,19541125,PRCP,0,,,a,
ASN00023718,19541126,PRCP,0,,,a,
ASN00023718,19541127,PRCP,0,,,a,
ASN00023718,19541128,PRCP,0,,,a,
ASN00023718,19541129,PRCP,0,,,a,
ASN00023718,19541130,PRCP,0,,,a,
ASN00023718,19541201,PRCP,0,,,a,
ASN00023718,19541202,PRCP,0,,,a,
ASN00023718,19541203,PRCP,43,,,a,
ASN00023718,19541204,PRCP,0,,,a,
ASN00023718,19541205,PRCP,0,,,a,
ASN00023718,19541206,PRCP,0,,,a,
ASN00023718,19541207,PRCP,0,,,a,
ASN00023718,19541208,PRCP,0,,,a,
ASN00023718,19541209,PRCP,0,,,a,
ASN00023718,19541210,PRCP,53,,,a,
ASN00023718,19541211,PRCP,0,,,a,
ASN00023718,19541214,PRCP,0,,,a,
ASN00023718,19541215,PRCP,0,,,a,
ASN00023718,19541216,PRCP,0,,,a,
ASN00023718,19541217,PRCP,0,,,a,
ASN00023718,19541218,PRCP,0,,,a,
ASN00023718,19541219,PRCP,0,,,a,
ASN00023718,19541220,PRCP,0,,,a,
ASN00023718,19541221,PRCP,0,,,a,
ASN00023718,19541222,PRCP,0,,,a,
ASN00023718,19541223,PRCP,0,,,a,
ASN00023718,19541224,PRCP,0,,,a,
ASN00023718,19541225,PRCP,0,,,a,
ASN00023718,19541226,PRCP,0,,,a,
ASN00023718,19541227,PRCP,0,,,a,
ASN00023718,19541228,PRCP,0,,,a,
ASN00023718,19541229,PRCP,0,,,a,
ASN00023718,19541230,PRCP,0,,,a,
ASN00023718,19541231,PRCP,0,,,a,
ASN00023718,19541213,DAPR,2,,,a,
ASN00023718,19541213,DWPR,1,,,a,
ASN00023718,19541213,MDPR,84,,,a,
ASN00023718,19550101,PRCP,0,,,a,
ASN00023718,19550102,PRCP,0,,,a,
ASN00023718,19550103,PRCP,13,,,a,
ASN00023718,19550104,PRCP,0,,,a,
ASN00023718,19550105,PRCP,0,,,a,
ASN00023718,19550106,PRCP,0,,,a,
ASN00023718,19550107,PRCP,0,,,a,
ASN00023718,19550108,PRCP,0,,,a,
ASN00023718,19550109,PRCP,0,,,a,
ASN00023718,19550110,PRCP,0,,,a,
ASN00023718,19550111,PRCP,0,,,a,
ASN00023718,19550112,PRCP,0,,,a,
ASN00023718,19550113,PRCP,0,,,a,
ASN00023718,19550114,PRCP,0,,,a,
ASN00023718,19550115,PRCP,0,,,a,
ASN00023718,19550116,PRCP,0,,,a,
ASN00023718,19550117,PRCP,0,,,a,
ASN00023718,19550118,PRCP,0,,,a,
ASN00023718,19550119,PRCP,5,,,a,
ASN00023718,19550120,PRCP,0,,,a,
ASN00023718,19550121,PRCP,0,,,a,
ASN00023718,19550122,PRCP,0,,,a,
ASN00023718,19550123,PRCP,0,,,a,
ASN00023718,19550124,PRCP,0,,,a,
ASN00023718,19550125,PRCP,0,,,a,
ASN00023718,19550126,PRCP,0,,,a,
ASN00023718,19550127,PRCP,0,,,a,
ASN00023718,19550128,PRCP,0,,,a,
ASN00023718,19550129,PRCP,0,,,a,
ASN00023718,19550130,PRCP,0,,,a,
ASN00023718,19550131,PRCP,5,,,a,
ASN00023718,19550201,PRCP,18,,,a,
ASN00023718,19550202,PRCP,0,,,a,
ASN00023718,19550203,PRCP,0,,,a,
ASN00023718,19550204,PRCP,0,,,a,
ASN00023718,19550205,PRCP,0,,,a,
ASN00023718,19550206,PRCP,0,,,a,
ASN00023718,19550207,PRCP,0,,,a,
ASN00023718,19550208,PRCP,41,,,a,
ASN00023718,19550209,PRCP,224,,,a,
ASN00023718,19550210,PRCP,272,,,a,
ASN00023718,19550211,PRCP,0,,,a,
ASN00023718,19550212,PRCP,0,,,a,
ASN00023718,19550213,PRCP,0,,,a,
ASN00023718,19550214,PRCP,0,,,a,
ASN00023718,19550215,PRCP,76,,,a,
ASN00023718,19550216,PRCP,201,,,a,
ASN00023718,19550217,PRCP,0,,,a,
ASN00023718,19550218,PRCP,0,,,a,
ASN00023718,19550219,PRCP,0,,,a,
ASN00023718,19550220,PRCP,0,,,a,
ASN00023718,19550221,PRCP,0,,,a,
ASN00023718,19550222,PRCP,0,,,a,
ASN00023718,19550223,PRCP,0,,,a,
ASN00023718,19550224,PRCP,0,,,a,
ASN00023718,19550225,PRCP,0,,,a,
ASN00023718,19550226,PRCP,0,,,a,
ASN00023718,19550227,PRCP,0,,,a,
ASN00023718,19550228,PRCP,0,,,a,
ASN00023718,19550301,PRCP,0,,,a,
ASN00023718,19550302,PRCP,0,,,a,
ASN00023718,19550303,PRCP,0,,,a,
ASN00023718,19550304,PRCP,0,,,a,
ASN00023718,19550305,PRCP,0,,,a,
ASN00023718,19550306,PRCP,0,,,a,
ASN00023718,19550307,PRCP,0,,,a,
ASN00023718,19550308,PRCP,0,,,a,
ASN00023718,19550309,PRCP,0,,,a,
ASN00023718,19550310,PRCP,0,,,a,
ASN00023718,19550311,PRCP,0,,,a,
ASN00023718,19550312,PRCP,0,,,a,
ASN00023718,19550313,PRCP,0,,,a,
ASN00023718,19550314,PRCP,8,,,a,
ASN00023718,19550315,PRCP,0,,,a,
ASN00023718,19550316,PRCP,0,,,a,
ASN00023718,19550317,PRCP,0,,,a,
ASN00023718,19550318,PRCP,0,,,a,
ASN00023718,19550319,PRCP,0,,,a,
ASN00023718,19550320,PRCP,0,,,a,
ASN00023718,19550321,PRCP,0,,,a,
ASN00023718,19550322,PRCP,10,,,a,
ASN00023718,19550323,PRCP,8,,,a,
ASN00023718,19550324,PRCP,13,,,a,
ASN00023718,19550325,PRCP,0,,,a,
ASN00023718,19550326,PRCP,0,,,a,
ASN00023718,19550327,PRCP,0,,,a,
ASN00023718,19550328,PRCP,0,,,a,
ASN00023718,19550329,PRCP,0,,,a,
ASN00023718,19550330,PRCP,0,,,a,
ASN00023718,19550331,PRCP,0,,,a,
ASN00023718,19550401,PRCP,0,,,a,
ASN00023718,19550402,PRCP,0,,,a,
ASN00023718,19550403,PRCP,0,,,a,
ASN00023718,19550404,PRCP,0,,,a,
ASN00023718,19550405,PRCP,0,,,a,
ASN00023718,19550406,PRCP,0,,,a,
ASN00023718,19550407,PRCP,0,,,a,
ASN00023718,19550408,PRCP,0,,,a,
ASN00023718,19550409,PRCP,0,,,a,
ASN00023718,19550410,PRCP,0,,,a,
ASN00023718,19550411,PRCP,0,,,a,
ASN00023718,19550412,PRCP,15,,,a,
ASN00023718,19550413,PRCP,97,,,a,
ASN00023718,19550414,PRCP,66,,,a,
ASN00023718,19550415,PRCP,20,,,a,
ASN00023718,19550416,PRCP,0,,,a,
ASN00023718,19550419,PRCP,0,,,a,
ASN00023718,19550420,PRCP,0,,,a,
ASN00023718,19550421,PRCP,0,,,a,
ASN00023718,19550422,PRCP,0,,,a,
ASN00023718,19550423,PRCP,0,,,a,
ASN00023718,19550426,PRCP,20,,,a,
ASN00023718,19550427,PRCP,10,,,a,
ASN00023718,19550428,PRCP,18,,,a,
ASN00023718,19550429,PRCP,0,,,a,
ASN00023718,19550430,PRCP,0,,,a,
ASN00023718,19550418,DAPR,2,,,a,
ASN00023718,19550425,DAPR,2,,,a,
ASN00023718,19550418,DWPR,1,,,a,
ASN00023718,19550425,DWPR,1,,,a,
ASN00023718,19550418,MDPR,36,,,a,
ASN00023718,19550425,MDPR,178,,,a,
ASN00023718,19550501,PRCP,0,,,a,
ASN00023718,19550502,PRCP,0,,,a,
ASN00023718,19550503,PRCP,25,,,a,
ASN00023718,19550504,PRCP,30,,,a,
ASN00023718,19550505,PRCP,53,,,a,
ASN00023718,19550506,PRCP,99,,,a,
ASN00023718,19550507,PRCP,13,,,a,
ASN00023718,19550508,PRCP,0,,,a,
ASN00023718,19550509,PRCP,0,,,a,
ASN00023718,19550510,PRCP,0,,,a,
ASN00023718,19550511,PRCP,0,,,a,
ASN00023718,19550512,PRCP,0,,,a,
ASN00023718,19550513,PRCP,15,,,a,
ASN00023718,19550514,PRCP,0,,,a,
ASN00023718,19550515,PRCP,0,,,a,
ASN00023718,19550516,PRCP,15,,,a,
ASN00023718,19550517,PRCP,135,,,a,
ASN00023718,19550518,PRCP,61,,,a,
ASN00023718,19550519,PRCP,0,,,a,
ASN00023718,19550520,PRCP,36,,,a,
ASN00023718,19550521,PRCP,0,,,a,
ASN00023718,19550522,PRCP,0,,,a,
ASN00023718,19550523,PRCP,0,,,a,
ASN00023718,19550524,PRCP,0,,,a,
ASN00023718,19550525,PRCP,109,,,a,
ASN00023718,19550526,PRCP,335,,,a,
ASN00023718,19550527,PRCP,0,,,a,
ASN00023718,19550528,PRCP,0,,,a,
ASN00023718,19550531,PRCP,25,,,a,
ASN00023718,19550530,DAPR,2,,,a,
ASN00023718,19550530,DWPR,1,,,a,
ASN00023718,19550530,MDPR,48,,,a,
ASN00023718,19550601,PRCP,15,,,a,
ASN00023718,19550602,PRCP,165,,,a,
ASN00023718,19550603,PRCP,109,,,a,
ASN00023718,19550604,PRCP,211,,,a,
ASN00023718,19550607,PRCP,0,,,a,
ASN00023718,19550608,PRCP,0,,,a,
ASN00023718,19550609,PRCP,0,,,a,
ASN00023718,19550610,PRCP,0,,,a,
ASN00023718,19550611,PRCP,0,,,a,
ASN00023718,19550614,PRCP,30,,,a,
ASN00023718,19550615,PRCP,0,,,a,
ASN00023718,19550616,PRCP,264,,,a,
ASN00023718,19550617,PRCP,157,,,a,
ASN00023718,19550618,PRCP,46,,,a,
ASN00023718,19550619,PRCP,0,,,a,
ASN00023718,19550620,PRCP,13,,,a,
ASN00023718,19550621,PRCP,0,,,a,
ASN00023718,19550622,PRCP,102,,,a,
ASN00023718,19550623,PRCP,10,,,a,
ASN00023718,19550624,PRCP,8,,,a,
ASN00023718,19550625,PRCP,71,,,a,
ASN00023718,19550628,PRCP,0,,,a,
ASN00023718,19550629,PRCP,0,,,a,
ASN00023718,19550630,PRCP,0,,,a,
ASN00023718,19550606,DAPR,2,,,a,
ASN00023718,19550613,DAPR,2,,,a,
ASN00023718,19550627,DAPR,2,,,a,
ASN00023718,19550606,DWPR,1,,,a,
ASN00023718,19550613,DWPR,1,,,a,
ASN00023718,19550627,DWPR,1,,,a,
ASN00023718,19550606,MDPR,53,,,a,
ASN00023718,19550613,MDPR,102,,,a,
ASN00023718,19550627,MDPR,30,,,a,
ASN00023718,19550701,PRCP,0,,,a,
ASN00023718,19550702,PRCP,0,,,a,
ASN00023718,19550703,PRCP,0,,,a,
ASN00023718,19550704,PRCP,0,,,a,
ASN00023718,19550705,PRCP,0,,,a,
ASN00023718,19550706,PRCP,0,,,a,
ASN00023718,19550707,PRCP,25,,,a,
ASN00023718,19550708,PRCP,5,,,a,
ASN00023718,19550709,PRCP,5,,,a,
ASN00023718,19550710,PRCP,0,,,a,
ASN00023718,19550711,PRCP,8,,,a,
ASN00023718,19550712,PRCP,0,,,a,
ASN00023718,19550713,PRCP,0,,,a,
ASN00023718,19550714,PRCP,107,,,a,
ASN00023718,19550715,PRCP,66,,,a,
ASN00023718,19550716,PRCP,155,,,a,
ASN00023718,19550717,PRCP,0,,,a,
ASN00023718,19550718,PRCP,5,,,a,
ASN00023718,19550719,PRCP,5,,,a,
ASN00023718,19550720,PRCP,0,,,a,
ASN00023718,19550721,PRCP,0,,,a,
ASN00023718,19550722,PRCP,0,,,a,
ASN00023718,19550723,PRCP,8,,,a,
ASN00023718,19550724,PRCP,0,,,a,
ASN00023718,19550725,PRCP,5,,,a,
ASN00023718,19550726,PRCP,5,,,a,
ASN00023718,19550727,PRCP,0,,,a,
ASN00023718,19550728,PRCP,56,,,a,
ASN00023718,19550729,PRCP,53,,,a,
ASN00023718,19550730,PRCP,13,,,a,
ASN00023718,19550731,PRCP,0,,,a,
ASN00023718,19550801,PRCP,0,,,a,
ASN00023718,19550802,PRCP,8,,,a,
ASN00023718,19550803,PRCP,0,,,a,
ASN00023718,19550804,PRCP,25,,,a,
ASN00023718,19550805,PRCP,0,,,a,
ASN00023718,19550806,PRCP,0,,,a,
ASN00023718,19550809,PRCP,61,,,a,
ASN00023718,19550810,PRCP,0,,,a,
ASN00023718,19550811,PRCP,61,,,a,
ASN00023718,19550812,PRCP,18,,,a,
ASN00023718,19550813,PRCP,5,,,a,
ASN00023718,19550816,PRCP,0,,,a,
ASN00023718,19550817,PRCP,0,,,a,
ASN00023718,19550818,PRCP,0,,,a,
ASN00023718,19550819,PRCP,0,,,a,
ASN00023718,19550820,PRCP,20,,,a,
ASN00023718,19550821,PRCP,0,,,a,
ASN00023718,19550822,PRCP,15,,,a,
ASN00023718,19550823,PRCP,56,,,a,
ASN00023718,19550824,PRCP,56,,,a,
ASN00023718,19550825,PRCP,127,,,a,
ASN00023718,19550826,PRCP,18,,,a,
ASN00023718,19550827,PRCP,0,,,a,
ASN00023718,19550828,PRCP,0,,,a,
ASN00023718,19550829,PRCP,5,,,a,
ASN00023718,19550830,PRCP,5,,,a,
ASN00023718,19550831,PRCP,0,,,a,
ASN00023718,19550808,DAPR,2,,,a,
ASN00023718,19550815,DAPR,2,,,a,
ASN00023718,19550808,DWPR,1,,,a,
ASN00023718,19550815,DWPR,1,,,a,
ASN00023718,19550808,MDPR,175,,,a,
ASN00023718,19550815,MDPR,51,,,a,
ASN00023718,19550901,PRCP,13,,,a,
ASN00023718,19550902,PRCP,0,,,a,
ASN00023718,19550903,PRCP,33,,,a,
ASN00023718,19550904,PRCP,0,,,a,
ASN00023718,19550905,PRCP,13,,,a,
ASN00023718,19550906,PRCP,0,,,a,
ASN00023718,19550907,PRCP,20,,,a,
ASN00023718,19550908,PRCP,0,,,a,
ASN00023718,19550909,PRCP,0,,,a,
ASN00023718,19550910,PRCP,0,,,a,
ASN00023718,19550911,PRCP,0,,,a,
ASN00023718,19550912,PRCP,0,,,a,
ASN00023718,19550913,PRCP,0,,,a,
ASN00023718,19550914,PRCP,0,,,a,
ASN00023718,19550915,PRCP,33,,,a,
ASN00023718,19550916,PRCP,0,,,a,
ASN00023718,19550917,PRCP,15,,,a,
ASN00023718,19550918,PRCP,0,,,a,
ASN00023718,19550919,PRCP,0,,,a,
ASN00023718,19550920,PRCP,0,,,a,
ASN00023718,19550921,PRCP,0,,,a,
ASN00023718,19550922,PRCP,15,,,a,
ASN00023718,19550923,PRCP,64,,,a,
ASN00023718,19550924,PRCP,33,,,a,
ASN00023718,19550927,PRCP,25,,,a,
ASN00023718,19550928,PRCP,0,,,a,
ASN00023718,19550929,PRCP,8,,,a,
ASN00023718,19550930,PRCP,0,,,a,
ASN00023718,19550926,DAPR,2,,,a,
ASN00023718,19550926,DWPR,1,,,a,
ASN00023718,19550926,MDPR,25,,,a,
ASN00023718,19551001,PRCP,18,,,a,
ASN00023718,19551004,PRCP,0,,,a,
ASN00023718,19551005,PRCP,0,,,a,
ASN00023718,19551006,PRCP,3,,,a,
ASN00023718,19551007,PRCP,0,,,a,
ASN00023718,19551008,PRCP,0,,,a,
ASN00023718,19551009,PRCP,0,,,a,
ASN00023718,19551010,PRCP,8,,,a,
ASN00023718,19551011,PRCP,41,,,a,
ASN00023718,19551012,PRCP,48,,,a,
ASN00023718,19551013,PRCP,28,,,a,
ASN00023718,19551014,PRCP,0,,,a,
ASN00023718,19551015,PRCP,20,,,a,
ASN00023718,19551016,PRCP,0,,,a,
ASN00023718,19551017,PRCP,0,,,a,
ASN00023718,19551018,PRCP,0,,,a,
ASN00023718,19551019,PRCP,0,,,a,
ASN00023718,19551020,PRCP,305,,,a,
ASN00023718,19551021,PRCP,5,,,a,
ASN00023718,19551022,PRCP,0,,,a,
ASN00023718,19551023,PRCP,0,,,a,
ASN00023718,19551024,PRCP,0,,,a,
ASN00023718,19551025,PRCP,0,,,a,
ASN00023718,19551026,PRCP,0,,,a,
ASN00023718,19551027,PRCP,0,,,a,
ASN00023718,19551028,PRCP,0,,,a,
ASN00023718,19551029,PRCP,61,,,a,
ASN00023718,19551030,PRCP,0,,,a,
ASN00023718,19551031,PRCP,5,,,a,
ASN00023718,19551003,DAPR,2,,,a,
ASN00023718,19551003,DWPR,1,,,a,
ASN00023718,19551003,MDPR,43,,,a,
ASN00023718,19551101,PRCP,5,,,a,
ASN00023718,19551102,PRCP,0,,,a,
ASN00023718,19551103,PRCP,0,,,a,
ASN00023718,19551104,PRCP,0,,,a,
ASN00023718,19551105,PRCP,33,,,a,
ASN00023718,19551106,PRCP,0,,,a,
ASN00023718,19551107,PRCP,0,,,a,
ASN00023718,19551108,PRCP,13,,,a,
ASN00023718,19551109,PRCP,18,,,a,
ASN00023718,19551110,PRCP,74,,,a,
ASN00023718,19551111,PRCP,0,,,a,
ASN00023718,19551112,PRCP,8,,,a,
ASN00023718,19551113,PRCP,0,,,a,
ASN00023718,19551114,PRCP,0,,,a,
ASN00023718,19551115,PRCP,0,,,a,
ASN00023718,19551116,PRCP,0,,,a,
ASN00023718,19551117,PRCP,38,,,a,
ASN00023718,19551118,PRCP,0,,,a,
ASN00023718,19551119,PRCP,0,,,a,
ASN00023718,19551120,PRCP,0,,,a,
ASN00023718,19551121,PRCP,0,,,a,
ASN00023718,19551122,PRCP,0,,,a,
ASN00023718,19551123,PRCP,0,,,a,
ASN00023718,19551124,PRCP,0,,,a,
ASN00023718,19551125,PRCP,15,,,a,
ASN00023718,19551126,PRCP,0,,,a,
ASN00023718,19551127,PRCP,0,,,a,
ASN00023718,19551128,PRCP,20,,,a,
ASN00023718,19551129,PRCP,0,,,a,
ASN00023718,19551130,PRCP,0,,,a,
ASN00023718,19551201,PRCP,0,,,a,
ASN00023718,19551202,PRCP,0,,,a,
ASN00023718,19551203,PRCP,142,,,a,
ASN00023718,19551204,PRCP,0,,,a,
ASN00023718,19551205,PRCP,0,,,a,
ASN00023718,19551206,PRCP,0,,,a,
ASN00023718,19551207,PRCP,0,,,a,
ASN00023718,19551208,PRCP,0,,,a,
ASN00023718,19551209,PRCP,0,,,a,
ASN00023718,19551210,PRCP,0,,,a,
ASN00023718,19551211,PRCP,0,,,a,
ASN00023718,19551212,PRCP,15,,,a,
ASN00023718,19551213,PRCP,0,,,a,
ASN00023718,19551214,PRCP,0,,,a,
ASN00023718,19551215,PRCP,0,,,a,
ASN00023718,19551216,PRCP,0,,,a,
ASN00023718,19551217,PRCP,0,,,a,
ASN00023718,19551218,PRCP,0,,,a,
ASN00023718,19551219,PRCP,0,,,a,
ASN00023718,19551220,PRCP,0,,,a,
ASN00023718,19551221,PRCP,0,,,a,
ASN00023718,19551222,PRCP,0,,,a,
ASN00023718,19551223,PRCP,0,,,a,
ASN00023718,19551224,PRCP,0,,,a,
ASN00023718,19551225,PRCP,0,,,a,
ASN00023718,19551226,PRCP,0,,,a,
ASN00023718,19551227,PRCP,8,,,a,
ASN00023718,19551228,PRCP,0,,,a,
ASN00023718,19551229,PRCP,0,,,a,
ASN00023718,19551230,PRCP,5,,,a,
ASN00023718,19551231,PRCP,64,,,a,
ASN00023718,19560103,PRCP,5,,,a,
ASN00023718,19560104,PRCP,0,,,a,
ASN00023718,19560105,PRCP,0,,,a,
ASN00023718,19560106,PRCP,0,,,a,
ASN00023718,19560107,PRCP,0,,,a,
ASN00023718,19560108,PRCP,0,,,a,
ASN00023718,19560109,PRCP,0,,,a,
ASN00023718,19560110,PRCP,0,,,a,
ASN00023718,19560111,PRCP,0,,,a,
ASN00023718,19560112,PRCP,0,,,a,
ASN00023718,19560113,PRCP,0,,,a,
ASN00023718,19560114,PRCP,0,,,a,
ASN00023718,19560115,PRCP,0,,,a,
ASN00023718,19560116,PRCP,8,,,a,
ASN00023718,19560117,PRCP,0,,,a,
ASN00023718,19560118,PRCP,13,,,a,
ASN00023718,19560119,PRCP,0,,,a,
ASN00023718,19560120,PRCP,38,,,a,
ASN00023718,19560121,PRCP,15,,,a,
ASN00023718,19560122,PRCP,0,,,a,
ASN00023718,19560123,PRCP,0,,,a,
ASN00023718,19560124,PRCP,0,,,a,
ASN00023718,19560125,PRCP,0,,,a,
ASN00023718,19560126,PRCP,0,,,a,
ASN00023718,19560127,PRCP,0,,,a,
ASN00023718,19560128,PRCP,0,,,a,
ASN00023718,19560129,PRCP,0,,,a,
ASN00023718,19560130,PRCP,0,,,a,
ASN00023718,19560131,PRCP,0,,,a,
ASN00023718,19560102,DAPR,2,,,a,
ASN00023718,19560102,DWPR,1,,,a,
ASN00023718,19560102,MDPR,51,,,a,
ASN00023718,19560201,PRCP,0,,,a,
ASN00023718,19560202,PRCP,0,,,a,
ASN00023718,19560203,PRCP,0,,,a,
ASN00023718,19560204,PRCP,0,,,a,
ASN00023718,19560205,PRCP,0,,,a,
ASN00023718,19560206,PRCP,0,,,a,
ASN00023718,19560207,PRCP,0,,,a,
ASN00023718,19560208,PRCP,0,,,a,
ASN00023718,19560209,PRCP,0,,,a,
ASN00023718,19560210,PRCP,0,,,a,
ASN00023718,19560211,PRCP,0,,,a,
ASN00023718,19560212,PRCP,0,,,a,
ASN00023718,19560213,PRCP,0,,,a,
ASN00023718,19560214,PRCP,0,,,a,
ASN00023718,19560215,PRCP,0,,,a,
ASN00023718,19560216,PRCP,0,,,a,
ASN00023718,19560217,PRCP,0,,,a,
ASN00023718,19560218,PRCP,0,,,a,
ASN00023718,19560219,PRCP,0,,,a,
ASN00023718,19560220,PRCP,0,,,a,
ASN00023718,19560221,PRCP,0,,,a,
ASN00023718,19560222,PRCP,0,,,a,
ASN00023718,19560223,PRCP,0,,,a,
ASN00023718,19560224,PRCP,0,,,a,
ASN00023718,19560225,PRCP,0,,,a,
ASN00023718,19560226,PRCP,0,,,a,
ASN00023718,19560227,PRCP,0,,,a,
ASN00023718,19560228,PRCP,0,,,a,
ASN00023718,19560229,PRCP,0,,,a,
ASN00023718,19560301,PRCP,0,,,a,
ASN00023718,19560302,PRCP,0,,,a,
ASN00023718,19560303,PRCP,0,,,a,
ASN00023718,19560304,PRCP,0,,,a,
ASN00023718,19560305,PRCP,0,,,a,
ASN00023718,19560306,PRCP,130,,,a,
ASN00023718,19560307,PRCP,0,,,a,
ASN00023718,19560308,PRCP,0,,,a,
ASN00023718,19560309,PRCP,0,,,a,
ASN00023718,19560310,PRCP,13,,,a,
ASN00023718,19560311,PRCP,0,,,a,
ASN00023718,19560312,PRCP,0,,,a,
ASN00023718,19560313,PRCP,0,,,a,
ASN00023718,19560314,PRCP,0,,,a,
ASN00023718,19560315,PRCP,0,,,a,
ASN00023718,19560316,PRCP,0,,,a,
ASN00023718,19560317,PRCP,0,,,a,
ASN00023718,19560318,PRCP,0,,,a,
ASN00023718,19560319,PRCP,0,,,a,
ASN00023718,19560320,PRCP,84,,,a,
ASN00023718,19560321,PRCP,0,,,a,
ASN00023718,19560322,PRCP,0,,,a,
ASN00023718,19560323,PRCP,8,,,a,
ASN00023718,19560324,PRCP,0,,,a,
ASN00023718,19560325,PRCP,0,,,a,
ASN00023718,19560326,PRCP,0,,,a,
ASN00023718,19560327,PRCP,0,,,a,
ASN00023718,19560328,PRCP,0,,,a,
ASN00023718,19560329,PRCP,0,,,a,
ASN00023718,19560331,DAPR,2,,,a,
ASN00023718,19560331,DWPR,1,,,a,
ASN00023718,19560331,MDPR,94,,,a,
ASN00023718,19560401,PRCP,0,,,a,
ASN00023718,19560402,PRCP,15,,,a,
ASN00023718,19560403,PRCP,0,,,a,
ASN00023718,19560404,PRCP,0,,,a,
ASN00023718,19560405,PRCP,0,,,a,
ASN00023718,19560406,PRCP,25,,,a,
ASN00023718,19560407,PRCP,0,,,a,
ASN00023718,19560410,PRCP,38,,,a,
ASN00023718,19560411,PRCP,0,,,a,
ASN00023718,19560412,PRCP,0,,,a,
ASN00023718,19560413,PRCP,0,,,a,
ASN00023718,19560414,PRCP,0,,,a,
ASN00023718,19560417,PRCP,48,,,a,
ASN00023718,19560418,PRCP,0,,,a,
ASN00023718,19560419,PRCP,84,,,a,
ASN00023718,19560420,PRCP,56,,,a,
ASN00023718,19560421,PRCP,64,,,a,
ASN00023718,19560422,PRCP,0,,,a,
ASN00023718,19560423,PRCP,0,,,a,
ASN00023718,19560424,PRCP,0,,,a,
ASN00023718,19560425,PRCP,0,,,a,
ASN00023718,19560426,PRCP,0,,,a,
ASN00023718,19560427,PRCP,0,,,a,
ASN00023718,19560428,PRCP,0,,,a,
ASN00023718,19560429,PRCP,0,,,a,
ASN00023718,19560430,PRCP,0,,,a,
ASN00023718,19560409,DAPR,2,,,a,
ASN00023718,19560416,DAPR,2,,,a,
ASN00023718,19560409,DWPR,1,,,a,
ASN00023718,19560416,DWPR,1,,,a,
ASN00023718,19560409,MDPR,48,,,a,
ASN00023718,19560416,MDPR,104,,,a,
ASN00023718,19560501,PRCP,0,,,a,
ASN00023718,19560502,PRCP,0,,,a,
ASN00023718,19560503,PRCP,0,,,a,
ASN00023718,19560504,PRCP,0,,,a,
ASN00023718,19560505,PRCP,0,,,a,
ASN00023718,19560506,PRCP,0,,,a,
ASN00023718,19560507,PRCP,0,,,a,
ASN00023718,19560508,PRCP,0,,,a,
ASN00023718,19560509,PRCP,0,,,a,
ASN00023718,19560510,PRCP,15,,,a,
ASN00023718,19560511,PRCP,188,,,a,
ASN00023718,19560512,PRCP,43,,,a,
ASN00023718,19560513,PRCP,0,,,a,
ASN00023718,19560514,PRCP,0,,,a,
ASN00023718,19560515,PRCP,30,,,a,
ASN00023718,19560516,PRCP,160,,,a,
ASN00023718,19560517,PRCP,94,,,a,
ASN00023718,19560518,PRCP,0,,,a,
ASN00023718,19560519,PRCP,15,,,a,
ASN00023718,19560522,PRCP,89,,,a,
ASN00023718,19560523,PRCP,30,,,a,
ASN00023718,19560524,PRCP,38,,,a,
ASN00023718,19560525,PRCP,5,,,a,
ASN00023718,19560526,PRCP,8,,,a,
ASN00023718,19560529,PRCP,0,,,a,
ASN00023718,19560530,PRCP,0,,,a,
ASN00023718,19560531,PRCP,104,,,a,
ASN00023718,19560521,DAPR,2,,,a,
ASN00023718,19560528,DAPR,2,,,a,
ASN00023718,19560521,DWPR,1,,,a,
ASN00023718,19560528,DWPR,1,,,a,
ASN00023718,19560521,MDPR,41,,,a,
ASN00023718,19560528,MDPR,48,,,a,
ASN00023718,19560601,PRCP,81,,,a,
ASN00023718,19560602,PRCP,0,,,a,
ASN00023718,19560605,PRCP,5,,,a,
ASN00023718,19560606,PRCP,0,,,a,
ASN00023718,19560607,PRCP,43,,,a,
ASN00023718,19560608,PRCP,33,,,a,
ASN00023718,19560609,PRCP,0,,,a,
ASN00023718,19560610,PRCP,0,,,a,
ASN00023718,19560611,PRCP,0,,,a,
ASN00023718,19560612,PRCP,66,,,a,
ASN00023718,19560613,PRCP,0,,,a,
ASN00023718,19560614,PRCP,0,,,a,
ASN00023718,19560615,PRCP,36,,,a,
ASN00023718,19560616,PRCP,127,,,a,
ASN00023718,19560619,PRCP,0,,,a,
ASN00023718,19560620,PRCP,0,,,a,
ASN00023718,19560621,PRCP,0,,,a,
ASN00023718,19560622,PRCP,0,,,a,
ASN00023718,19560623,PRCP,0,,,a,
ASN00023718,19560624,PRCP,0,,,a,
ASN00023718,19560625,PRCP,0,,,a,
ASN00023718,19560626,PRCP,0,,,a,
ASN00023718,19560627,PRCP,76,,,a,
ASN00023718,19560628,PRCP,71,,,a,
ASN00023718,19560629,PRCP,69,,,a,
ASN00023718,19560630,PRCP,61,,,a,
ASN00023718,19560604,DAPR,2,,,a,
ASN00023718,19560618,DAPR,2,,,a,
ASN00023718,19560604,DWPR,1,,,a,
ASN00023718,19560618,DWPR,1,,,a,
ASN00023718,19560604,MDPR,56,,,a,
ASN00023718,19560618,MDPR,244,,,a,
ASN00023718,19560701,PRCP,0,,,a,
ASN00023718,19560702,PRCP,0,,,a,
ASN00023718,19560703,PRCP,48,,,a,
ASN00023718,19560704,PRCP,18,,,a,
ASN00023718,19560705,PRCP,0,,,a,
ASN00023718,19560706,PRCP,130,,,a,
ASN00023718,19560707,PRCP,46,,,a,
ASN00023718,19560710,PRCP,0,,,a,
ASN00023718,19560711,PRCP,0,,,a,
ASN00023718,19560712,PRCP,25,,,a,
ASN00023718,19560713,PRCP,0,,,a,
ASN00023718,19560714,PRCP,0,,,a,
ASN00023718,19560717,PRCP,36,,,a,
ASN00023718,19560718,PRCP,0,,,a,
ASN00023718,19560719,PRCP,0,,,a,
ASN00023718,19560720,PRCP,0,,,a,
ASN00023718,19560721,PRCP,0,,,a,
ASN00023718,19560722,PRCP,0,,,a,
ASN00023718,19560723,PRCP,8,,,a,
ASN00023718,19560724,PRCP,0,,,a,
ASN00023718,19560725,PRCP,41,,,a,
ASN00023718,19560726,PRCP,18,,,a,
ASN00023718,19560727,PRCP,0,,,a,
ASN00023718,19560728,PRCP,8,,,a,
ASN00023718,19560731,PRCP,30,,,a,
ASN00023718,19560709,DAPR,2,,,a,
ASN00023718,19560716,DAPR,2,,,a,
ASN00023718,19560730,DAPR,2,,,a,
ASN00023718,19560709,DWPR,1,,,a,
ASN00023718,19560716,DWPR,1,,,a,
ASN00023718,19560730,DWPR,1,,,a,
ASN00023718,19560709,MDPR,41,,,a,
ASN00023718,19560716,MDPR,89,,,a,
ASN00023718,19560730,MDPR,58,,,a,
ASN00023718,19560801,PRCP,25,,,a,
ASN00023718,19560802,PRCP,0,,,a,
ASN00023718,19560803,PRCP,0,,,a,
ASN00023718,19560804,PRCP,0,,,a,
ASN00023718,19560805,PRCP,0,,,a,
ASN00023718,19560806,PRCP,0,,,a,
ASN00023718,19560807,PRCP,102,,,a,
ASN00023718,19560808,PRCP,25,,,a,
ASN00023718,19560809,PRCP,53,,,a,
ASN00023718,19560810,PRCP,160,,,a,
ASN00023718,19560811,PRCP,71,,,a,
ASN00023718,19560814,PRCP,132,,,a,
ASN00023718,19560815,PRCP,0,,,a,
ASN00023718,19560816,PRCP,15,,,a,
ASN00023718,19560817,PRCP,0,,,a,
ASN00023718,19560818,PRCP,0,,,a,
ASN00023718,19560821,PRCP,20,,,a,
ASN00023718,19560822,PRCP,91,,,a,
ASN00023718,19560823,PRCP,18,,,a,
ASN00023718,19560824,PRCP,41,,,a,
ASN00023718,19560825,PRCP,58,,,a,
ASN00023718,19560826,PRCP,0,,,a,
ASN00023718,19560827,PRCP,0,,,a,
ASN00023718,19560828,PRCP,0,,,a,
ASN00023718,19560829,PRCP,0,,,a,
ASN00023718,19560830,PRCP,0,,,a,
ASN00023718,19560831,PRCP,0,,,a,
ASN00023718,19560813,DAPR,2,,,a,
ASN00023718,19560820,DAPR,2,,,a,
ASN00023718,19560813,DWPR,1,,,a,
ASN00023718,19560820,DWPR,1,,,a,
ASN00023718,19560813,MDPR,41,,,a,
ASN00023718,19560820,MDPR,91,,,a,
ASN00023718,19560901,PRCP,38,,,a,
ASN00023718,19560904,PRCP,0,,,a,
ASN00023718,19560905,PRCP,0,,,a,
ASN00023718,19560906,PRCP,0,,,a,
ASN00023718,19560907,PRCP,33,,,a,
ASN00023718,19560908,PRCP,107,,,a,
ASN00023718,19560911,PRCP,8,,,a,
ASN00023718,19560912,PRCP,10,,,a,
ASN00023718,19560913,PRCP,0,,,a,
ASN00023718,19560914,PRCP,0,,,a,
ASN00023718,19560915,PRCP,0,,,a,
ASN00023718,19560916,PRCP,0,,,a,
ASN00023718,19560917,PRCP,0,,,a,
ASN00023718,19560918,PRCP,0,,,a,
ASN00023718,19560919,PRCP,36,,,a,
ASN00023718,19560920,PRCP,0,,,a,
ASN00023718,19560921,PRCP,30,,,a,
ASN00023718,19560922,PRCP,89,,,a,
ASN00023718,19560923,PRCP,0,,,a,
ASN00023718,19560924,PRCP,0,,,a,
ASN00023718,19560925,PRCP,0,,,a,
ASN00023718,19560926,PRCP,130,,,a,
ASN00023718,19560927,PRCP,0,,,a,
ASN00023718,19560928,PRCP,0,,,a,
ASN00023718,19560929,PRCP,48,,,a,
ASN00023718,19560930,PRCP,0,,,a,
ASN00023718,19560903,DAPR,2,,,a,
ASN00023718,19560910,DAPR,2,,,a,
ASN00023718,19560903,DWPR,1,,,a,
ASN00023718,19560910,DWPR,1,,,a,
ASN00023718,19560903,MDPR,117,,,a,
ASN00023718,19560910,MDPR,246,,,a,
ASN00023718,19561001,PRCP,0,,,a,
ASN00023718,19561002,PRCP,0,,,a,
ASN00023718,19561003,PRCP,48,,,a,
ASN00023718,19561004,PRCP,109,,,a,
ASN00023718,19561005,PRCP,13,,,a,
ASN00023718,19561006,PRCP,10,,,a,
ASN00023718,19561007,PRCP,0,,,a,
ASN00023718,19561008,PRCP,0,,,a,
ASN00023718,19561009,PRCP,0,,,a,
ASN00023718,19561010,PRCP,10,,,a,
ASN00023718,19561011,PRCP,8,,,a,
ASN00023718,19561012,PRCP,0,,,a,
ASN00023718,19561013,PRCP,0,,,a,
ASN00023718,19561016,PRCP,28,,,a,
ASN00023718,19561017,PRCP,58,,,a,
ASN00023718,19561018,PRCP,173,,,a,
ASN00023718,19561019,PRCP,0,,,a,
ASN00023718,19561020,PRCP,0,,,a,
ASN00023718,19561021,PRCP,0,,,a,
ASN00023718,19561022,PRCP,0,,,a,
ASN00023718,19561023,PRCP,25,,,a,
ASN00023718,19561024,PRCP,0,,,a,
ASN00023718,19561025,PRCP,0,,,a,
ASN00023718,19561026,PRCP,0,,,a,
ASN00023718,19561027,PRCP,15,,,a,
ASN00023718,19561028,PRCP,0,,,a,
ASN00023718,19561029,PRCP,0,,,a,
ASN00023718,19561030,PRCP,0,,,a,
ASN00023718,19561031,PRCP,3,,,a,
ASN00023718,19561015,DAPR,2,,,a,
ASN00023718,19561015,DWPR,1,,,a,
ASN00023718,19561015,MDPR,91,,,a,
ASN00023718,19561101,PRCP,0,,,a,
ASN00023718,19561102,PRCP,13,,,a,
ASN00023718,19561103,PRCP,25,,,a,
ASN00023718,19561104,PRCP,0,,,a,
ASN00023718,19561105,PRCP,0,,,a,
ASN00023718,19561106,PRCP,0,,,a,
ASN00023718,19561107,PRCP,0,,,a,
ASN00023718,19561108,PRCP,0,,,a,
ASN00023718,19561109,PRCP,0,,,a,
ASN00023718,19561110,PRCP,0,,,a,
ASN00023718,19561111,PRCP,0,,,a,
ASN00023718,19561112,PRCP,0,,,a,
ASN00023718,19561113,PRCP,0,,,a,
ASN00023718,19561114,PRCP,0,,,a,
ASN00023718,19561115,PRCP,0,,,a,
ASN00023718,19561116,PRCP,18,,,a,
ASN00023718,19561117,PRCP,0,,,a,
ASN00023718,19561118,PRCP,0,,,a,
ASN00023718,19561119,PRCP,0,,,a,
ASN00023718,19561120,PRCP,0,,,a,
ASN00023718,19561121,PRCP,0,,,a,
ASN00023718,19561122,PRCP,0,,,a,
ASN00023718,19561123,PRCP,28,,,a,
ASN00023718,19561124,PRCP,0,,,a,
ASN00023718,19561125,PRCP,0,,,a,
ASN00023718,19561126,PRCP,0,,,a,
ASN00023718,19561127,PRCP,0,,,a,
ASN00023718,19561128,PRCP,0,,,a,
ASN00023718,19561129,PRCP,0,,,a,
ASN00023718,19561130,PRCP,0,,,a,
ASN00023718,19561201,PRCP,0,,,a,
ASN00023718,19561202,PRCP,0,,,a,
ASN00023718,19561203,PRCP,0,,,a,
ASN00023718,19561204,PRCP,0,,,a,
ASN00023718,19561205,PRCP,0,,,a,
ASN00023718,19561206,PRCP,0,,,a,
ASN00023718,19561207,PRCP,0,,,a,
ASN00023718,19561208,PRCP,0,,,a,
ASN00023718,19561209,PRCP,0,,,a,
ASN00023718,19561210,PRCP,0,,,a,
ASN00023718,19561211,PRCP,0,,,a,
ASN00023718,19561212,PRCP,20,,,a,
ASN00023718,19561213,PRCP,23,,,a,
ASN00023718,19561214,PRCP,0,,,a,
ASN00023718,19561215,PRCP,0,,,a,
ASN00023718,19561216,PRCP,0,,,a,
ASN00023718,19561217,PRCP,0,,,a,
ASN00023718,19561218,PRCP,5,,,a,
ASN00023718,19561219,PRCP,0,,,a,
ASN00023718,19561220,PRCP,0,,,a,
ASN00023718,19561221,PRCP,0,,,a,
ASN00023718,19561222,PRCP,0,,,a,
ASN00023718,19561223,PRCP,0,,,a,
ASN00023718,19561224,PRCP,0,,,a,
ASN00023718,19561227,PRCP,41,,,a,
ASN00023718,19561228,PRCP,0,,,a,
ASN00023718,19561229,PRCP,0,,,a,
ASN00023718,19561230,PRCP,0,,,a,
ASN00023718,19561231,PRCP,0,,,a,
ASN00023718,19561226,DAPR,2,,,a,
ASN00023718,19561226,DWPR,1,,,a,
ASN00023718,19561226,MDPR,28,,,a,
ASN00023718,19570101,PRCP,0,,,a,
ASN00023718,19570102,PRCP,0,,,a,
ASN00023718,19570103,PRCP,0,,,a,
ASN00023718,19570104,PRCP,0,,,a,
ASN00023718,19570105,PRCP,0,,,a,
ASN00023718,19570106,PRCP,0,,,a,
ASN00023718,19570107,PRCP,0,,,a,
ASN00023718,19570108,PRCP,0,,,a,
ASN00023718,19570109,PRCP,0,,,a,
ASN00023718,19570110,PRCP,0,,,a,
ASN00023718,19570111,PRCP,0,,,a,
ASN00023718,19570112,PRCP,0,,,a,
ASN00023718,19570113,PRCP,0,,,a,
ASN00023718,19570114,PRCP,0,,,a,
ASN00023718,19570115,PRCP,0,,,a,
ASN00023718,19570116,PRCP,0,,,a,
ASN00023718,19570117,PRCP,0,,,a,
ASN00023718,19570118,PRCP,0,,,a,
ASN00023718,19570119,PRCP,0,,,a,
ASN00023718,19570120,PRCP,0,,,a,
ASN00023718,19570121,PRCP,0,,,a,
ASN00023718,19570122,PRCP,0,,,a,
ASN00023718,19570123,PRCP,0,,,a,
ASN00023718,19570124,PRCP,0,,,a,
ASN00023718,19570125,PRCP,5,,,a,
ASN00023718,19570126,PRCP,0,,,a,
ASN00023718,19570127,PRCP,0,,,a,
ASN00023718,19570128,PRCP,0,,,a,
ASN00023718,19570129,PRCP,0,,,a,
ASN00023718,19570130,PRCP,0,,,a,
ASN00023718,19570131,PRCP,0,,,a,
ASN00023718,19570201,PRCP,0,,,a,
ASN00023718,19570202,PRCP,0,,,a,
ASN00023718,19570203,PRCP,0,,,a,
ASN00023718,19570204,PRCP,0,,,a,
ASN00023718,19570205,PRCP,0,,,a,
ASN00023718,19570206,PRCP,0,,,a,
ASN00023718,19570207,PRCP,0,,,a,
ASN00023718,19570208,PRCP,0,,,a,
ASN00023718,19570209,PRCP,0,,,a,
ASN00023718,19570210,PRCP,0,,,a,
ASN00023718,19570211,PRCP,0,,,a,
ASN00023718,19570212,PRCP,0,,,a,
ASN00023718,19570213,PRCP,0,,,a,
ASN00023718,19570214,PRCP,0,,,a,
ASN00023718,19570215,PRCP,0,,,a,
ASN00023718,19570216,PRCP,0,,,a,
ASN00023718,19570217,PRCP,0,,,a,
ASN00023718,19570218,PRCP,0,,,a,
ASN00023718,19570219,PRCP,0,,,a,
ASN00023718,19570220,PRCP,0,,,a,
ASN00023718,19570221,PRCP,0,,,a,
ASN00023718,19570222,PRCP,0,,,a,
ASN00023718,19570223,PRCP,0,,,a,
ASN00023718,19570224,PRCP,0,,,a,
ASN00023718,19570225,PRCP,0,,,a,
ASN00023718,19570226,PRCP,0,,,a,
ASN00023718,19570227,PRCP,0,,,a,
ASN00023718,19570228,PRCP,0,,,a,
ASN00023718,19570401,PRCP,5,,,a,
ASN00023718,19570402,PRCP,0,,,a,
ASN00023718,19570403,PRCP,0,,,a,
ASN00023718,19570404,PRCP,0,,,a,
ASN00023718,19570405,PRCP,0,,,a,
ASN00023718,19570406,PRCP,0,,,a,
ASN00023718,19570407,PRCP,0,,,a,
ASN00023718,19570408,PRCP,0,,,a,
ASN00023718,19570409,PRCP,0,,,a,
ASN00023718,19570410,PRCP,61,,,a,
ASN00023718,19570411,PRCP,0,,,a,
ASN00023718,19570412,PRCP,0,,,a,
ASN00023718,19570413,PRCP,0,,,a,
ASN00023718,19570414,PRCP,0,,,a,
ASN00023718,19570415,PRCP,0,,,a,
ASN00023718,19570416,PRCP,0,,,a,
ASN00023718,19570417,PRCP,0,,,a,
ASN00023718,19570418,PRCP,23,,,a,
ASN00023718,19570419,PRCP,0,,,a,
ASN00023718,19570420,PRCP,0,,,a,
ASN00023718,19570421,PRCP,0,,,a,
ASN00023718,19570422,PRCP,0,,,a,
ASN00023718,19570423,PRCP,8,,,a,
ASN00023718,19570424,PRCP,0,,,a,
ASN00023718,19570425,PRCP,10,,,a,
ASN00023718,19570426,PRCP,0,,,a,
ASN00023718,19570427,PRCP,0,,,a,
ASN00023718,19570428,PRCP,0,,,a,
ASN00023718,19570429,PRCP,5,,,a,
ASN00023718,19570430,PRCP,0,,,a,
ASN00023718,19570501,PRCP,30,,,a,
ASN00023718,19570502,PRCP,79,,,a,
ASN00023718,19570503,PRCP,8,,,a,
ASN00023718,19570504,PRCP,0,,,a,
ASN00023718,19570505,PRCP,0,,,a,
ASN00023718,19570506,PRCP,0,,,a,
ASN00023718,19570507,PRCP,0,,,a,
ASN00023718,19570508,PRCP,0,,,a,
ASN00023718,19570509,PRCP,0,,,a,
ASN00023718,19570510,PRCP,0,,,a,
ASN00023718,19570511,PRCP,0,,,a,
ASN00023718,19570512,PRCP,0,,,a,
ASN00023718,19570513,PRCP,0,,,a,
ASN00023718,19570514,PRCP,5,,,a,
ASN00023718,19570515,PRCP,0,,,a,
ASN00023718,19570516,PRCP,0,,,a,
ASN00023718,19570517,PRCP,79,,,a,
ASN00023718,19570518,PRCP,0,,,a,
ASN00023718,19570521,PRCP,20,,,a,
ASN00023718,19570522,PRCP,15,,,a,
ASN00023718,19570523,PRCP,20,,,a,
ASN00023718,19570524,PRCP,0,,,a,
ASN00023718,19570525,PRCP,0,,,a,
ASN00023718,19570526,PRCP,0,,,a,
ASN00023718,19570527,PRCP,0,,,a,
ASN00023718,19570528,PRCP,0,,,a,
ASN00023718,19570529,PRCP,0,,,a,
ASN00023718,19570530,PRCP,0,,,a,
ASN00023718,19570531,PRCP,0,,,a,
ASN00023718,19570520,DAPR,2,,,a,
ASN00023718,19570520,DWPR,1,,,a,
ASN00023718,19570520,MDPR,76,,,a,
ASN00023718,19570601,PRCP,0,,,a,
ASN00023718,19570602,PRCP,0,,,a,
ASN00023718,19570603,PRCP,0,,,a,
ASN00023718,19570604,PRCP,0,,,a,
ASN00023718,19570605,PRCP,0,,,a,
ASN00023718,19570606,PRCP,0,,,a,
ASN00023718,19570607,PRCP,0,,,a,
ASN00023718,19570608,PRCP,0,,,a,
ASN00023718,19570609,PRCP,0,,,a,
ASN00023718,19570610,PRCP,0,,,a,
ASN00023718,19570611,PRCP,0,,,a,
ASN00023718,19570612,PRCP,0,,,a,
ASN00023718,19570613,PRCP,0,,,a,
ASN00023718,19570614,PRCP,0,,,a,
ASN00023718,19570615,PRCP,0,,,a,
ASN00023718,19570616,PRCP,0,,,a,
ASN00023718,19570617,PRCP,8,,,a,
ASN00023718,19570618,PRCP,0,,,a,
ASN00023718,19570619,PRCP,48,,,a,
ASN00023718,19570620,PRCP,8,,,a,
ASN00023718,19570621,PRCP,145,,,a,
ASN00023718,19570622,PRCP,0,,,a,
ASN00023718,19570623,PRCP,0,,,a,
ASN00023718,19570624,PRCP,0,,,a,
ASN00023718,19570625,PRCP,0,,,a,
ASN00023718,19570626,PRCP,8,,,a,
ASN00023718,19570627,PRCP,0,,,a,
ASN00023718,19570628,PRCP,8,,,a,
ASN00023718,19570629,PRCP,36,,,a,
ASN00023718,19570630,PRCP,97,,,a,
ASN00023718,19570701,PRCP,0,,,a,
ASN00023718,19570702,PRCP,0,,,a,
ASN00023718,19570703,PRCP,0,,,a,
ASN00023718,19570704,PRCP,0,,,a,
ASN00023718,19570705,PRCP,56,,,a,
ASN00023718,19570706,PRCP,69,,,a,
ASN00023718,19570707,PRCP,0,,,a,
ASN00023718,19570708,PRCP,13,,,a,
ASN00023718,19570709,PRCP,0,,,a,
ASN00023718,19570710,PRCP,191,,,a,
ASN00023718,19570711,PRCP,15,,,a,
ASN00023718,19570712,PRCP,28,,,a,
ASN00023718,19570713,PRCP,0,,,a,
ASN00023718,19570716,PRCP,0,,,a,
ASN00023718,19570717,PRCP,0,,,a,
ASN00023718,19570718,PRCP,0,,,a,
ASN00023718,19570719,PRCP,0,,,a,
ASN00023718,19570720,PRCP,74,,,a,
ASN00023718,19570723,PRCP,0,,,a,
ASN00023718,19570724,PRCP,0,,,a,
ASN00023718,19570725,PRCP,0,,,a,
ASN00023718,19570726,PRCP,0,,,a,
ASN00023718,19570727,PRCP,0,,,a,
ASN00023718,19570730,PRCP,71,,,a,
ASN00023718,19570731,PRCP,0,,,a,
ASN00023718,19570715,DAPR,2,,,a,
ASN00023718,19570722,DAPR,2,,,a,
ASN00023718,19570729,DAPR,2,,,a,
ASN00023718,19570715,DWPR,1,,,a,
ASN00023718,19570722,DWPR,1,,,a,
ASN00023718,19570729,DWPR,1,,,a,
ASN00023718,19570715,MDPR,53,,,a,
ASN00023718,19570722,MDPR,165,,,a,
ASN00023718,19570729,MDPR,140,,,a,
ASN00023718,19570801,PRCP,0,,,a,
ASN00023718,19570802,PRCP,0,,,a,
ASN00023718,19570803,PRCP,18,,,a,
ASN00023718,19570804,PRCP,0,,,a,
ASN00023718,19570805,PRCP,0,,,a,
ASN00023718,19570806,PRCP,0,,,a,
ASN00023718,19570807,PRCP,0,,,a,
ASN00023718,19570808,PRCP,61,,,a,
ASN00023718,19570809,PRCP,163,,,a,
ASN00023718,19570810,PRCP,23,,,a,
ASN00023718,19570813,PRCP,71,,,a,
ASN00023718,19570814,PRCP,18,,,a,
ASN00023718,19570815,PRCP,8,,,a,
ASN00023718,19570816,PRCP,0,,,a,
ASN00023718,19570817,PRCP,0,,,a,
ASN00023718,19570818,PRCP,0,,,a,
ASN00023718,19570819,PRCP,0,,,a,
ASN00023718,19570820,PRCP,0,,,a,
ASN00023718,19570821,PRCP,38,,,a,
ASN00023718,19570822,PRCP,15,,,a,
ASN00023718,19570823,PRCP,0,,,a,
ASN00023718,19570824,PRCP,0,,,a,
ASN00023718,19570825,PRCP,0,,,a,
ASN00023718,19570826,PRCP,0,,,a,
ASN00023718,19570827,PRCP,0,,,a,
ASN00023718,19570828,PRCP,0,,,a,
ASN00023718,19570829,PRCP,0,,,a,
ASN00023718,19570830,PRCP,0,,,a,
ASN00023718,19570831,PRCP,18,,,a,
ASN00023718,19570812,DAPR,2,,,a,
ASN00023718,19570812,DWPR,1,,,a,
ASN00023718,19570812,MDPR,53,,,a,
ASN00023718,19570901,PRCP,0,,,a,
ASN00023718,19570902,PRCP,0,,,a,
ASN00023718,19570903,PRCP,41,,,a,
ASN00023718,19570904,PRCP,18,,,a,
ASN00023718,19570905,PRCP,0,,,a,
ASN00023718,19570906,PRCP,58,,,a,
ASN00023718,19570907,PRCP,43,,,a,
ASN00023718,19570908,PRCP,0,,,a,
ASN00023718,19570909,PRCP,0,,,a,
ASN00023718,19570910,PRCP,0,,,a,
ASN00023718,19570911,PRCP,0,,,a,
ASN00023718,19570912,PRCP,0,,,a,
ASN00023718,19570913,PRCP,0,,,a,
ASN00023718,19570914,PRCP,30,,,a,
ASN00023718,19570917,PRCP,0,,,a,
ASN00023718,19570918,PRCP,0,,,a,
ASN00023718,19570919,PRCP,0,,,a,
ASN00023718,19570920,PRCP,0,,,a,
ASN00023718,19570921,PRCP,36,,,a,
ASN00023718,19570922,PRCP,0,,,a,
ASN00023718,19570923,PRCP,0,,,a,
ASN00023718,19570924,PRCP,5,,,a,
ASN00023718,19570925,PRCP,13,,,a,
ASN00023718,19570926,PRCP,33,,,a,
ASN00023718,19570927,PRCP,0,,,a,
ASN00023718,19570928,PRCP,0,,,a,
ASN00023718,19570929,PRCP,0,,,a,
ASN00023718,19570930,PRCP,20,,,a,
ASN00023718,19570916,DAPR,2,,,a,
ASN00023718,19570916,DWPR,1,,,a,
ASN00023718,19570916,MDPR,132,,,a,
ASN00023718,19571001,PRCP,13,,,a,
ASN00023718,19571002,PRCP,0,,,a,
ASN00023718,19571003,PRCP,0,,,a,
ASN00023718,19571004,PRCP,0,,,a,
ASN00023718,19571005,PRCP,36,,,a,
ASN00023718,19571006,PRCP,0,,,a,
ASN00023718,19571007,PRCP,0,,,a,
ASN00023718,19571008,PRCP,0,,,a,
ASN00023718,19571009,PRCP,0,,,a,
ASN00023718,19571010,PRCP,0,,,a,
ASN00023718,19571011,PRCP,48,,,a,
ASN00023718,19571012,PRCP,0,,,a,
ASN00023718,19571013,PRCP,0,,,a,
ASN00023718,19571014,PRCP,0,,,a,
ASN00023718,19571015,PRCP,0,,,a,
ASN00023718,19571016,PRCP,0,,,a,
ASN00023718,19571017,PRCP,0,,,a,
ASN00023718,19571018,PRCP,0,,,a,
ASN00023718,19571019,PRCP,0,,,a,
ASN00023718,19571020,PRCP,0,,,a,
ASN00023718,19571021,PRCP,0,,,a,
ASN00023718,19571022,PRCP,74,,,a,
ASN00023718,19571023,PRCP,137,,,a,
ASN00023718,19571024,PRCP,0,,,a,
ASN00023718,19571025,PRCP,0,,,a,
ASN00023718,19571026,PRCP,0,,,a,
ASN00023718,19571027,PRCP,0,,,a,
ASN00023718,19571028,PRCP,0,,,a,
ASN00023718,19571029,PRCP,0,,,a,
ASN00023718,19571030,PRCP,5,,,a,
ASN00023718,19571031,PRCP,0,,,a,
ASN00023718,19571101,PRCP,0,,,a,
ASN00023718,19571102,PRCP,0,,,a,
ASN00023718,19571103,PRCP,0,,,a,
ASN00023718,19571104,PRCP,0,,,a,
ASN00023718,19571105,PRCP,0,,,a,
ASN00023718,19571106,PRCP,0,,,a,
ASN00023718,19571107,PRCP,36,,,a,
ASN00023718,19571108,PRCP,30,,,a,
ASN00023718,19571109,PRCP,0,,,a,
ASN00023718,19571110,PRCP,0,,,a,
ASN00023718,19571111,PRCP,0,,,a,
ASN00023718,19571112,PRCP,0,,,a,
ASN00023718,19571113,PRCP,0,,,a,
ASN00023718,19571114,PRCP,0,,,a,
ASN00023718,19571115,PRCP,0,,,a,
ASN00023718,19571116,PRCP,0,,,a,
ASN00023718,19571119,PRCP,36,,,a,
ASN00023718,19571120,PRCP,5,,,a,
ASN00023718,19571121,PRCP,0,,,a,
ASN00023718,19571122,PRCP,0,,,a,
ASN00023718,19571123,PRCP,0,,,a,
ASN00023718,19571124,PRCP,0,,,a,
ASN00023718,19571125,PRCP,0,,,a,
ASN00023718,19571126,PRCP,13,,,a,
ASN00023718,19571127,PRCP,0,,,a,
ASN00023718,19571128,PRCP,0,,,a,
ASN00023718,19571129,PRCP,0,,,a,
ASN00023718,19571130,PRCP,0,,,a,
ASN00023718,19571118,DAPR,2,,,a,
ASN00023718,19571118,DWPR,1,,,a,
ASN00023718,19571118,MDPR,53,,,a,
ASN00023718,19571201,PRCP,0,,,a,
ASN00023718,19571202,PRCP,0,,,a,
ASN00023718,19571203,PRCP,0,,,a,
ASN00023718,19571204,PRCP,0,,,a,
ASN00023718,19571205,PRCP,0,,,a,
ASN00023718,19571206,PRCP,0,,,a,
ASN00023718,19571207,PRCP,0,,,a,
ASN00023718,19571208,PRCP,0,,,a,
ASN00023718,19571209,PRCP,0,,,a,
ASN00023718,19571210,PRCP,0,,,a,
ASN00023718,19571211,PRCP,0,,,a,
ASN00023718,19571212,PRCP,0,,,a,
ASN00023718,19571213,PRCP,13,,,a,
ASN00023718,19571214,PRCP,0,,,a,
ASN00023718,19571215,PRCP,0,,,a,
ASN00023718,19571216,PRCP,0,,,a,
ASN00023718,19571217,PRCP,0,,,a,
ASN00023718,19571218,PRCP,0,,,a,
ASN00023718,19571219,PRCP,0,,,a,
ASN00023718,19571220,PRCP,0,,,a,
ASN00023718,19571221,PRCP,0,,,a,
ASN00023718,19571222,PRCP,0,,,a,
ASN00023718,19571223,PRCP,0,,,a,
ASN00023718,19571224,PRCP,30,,,a,
ASN00023718,19571227,PRCP,0,,,a,
ASN00023718,19571228,PRCP,0,,,a,
ASN00023718,19571229,PRCP,0,,,a,
ASN00023718,19571230,PRCP,0,,,a,
ASN00023718,19571231,PRCP,0,,,a,
ASN00023718,19571226,DAPR,2,,,a,
ASN00023718,19571226,DWPR,1,,,a,
ASN00023718,19571226,MDPR,188,,,a,
ASN00023718,19580101,PRCP,0,,,a,
ASN00023718,19580102,PRCP,0,,,a,
ASN00023718,19580103,PRCP,0,,,a,
ASN00023718,19580104,PRCP,0,,,a,
ASN00023718,19580105,PRCP,0,,,a,
ASN00023718,19580106,PRCP,0,,,a,
ASN00023718,19580107,PRCP,0,,,a,
ASN00023718,19580108,PRCP,0,,,a,
ASN00023718,19580109,PRCP,0,,,a,
ASN00023718,19580110,PRCP,0,,,a,
ASN00023718,19580111,PRCP,0,,,a,
ASN00023718,19580112,PRCP,0,,,a,
ASN00023718,19580113,PRCP,0,,,a,
ASN00023718,19580114,PRCP,0,,,a,
ASN00023718,19580115,PRCP,0,,,a,
ASN00023718,19580116,PRCP,0,,,a,
ASN00023718,19580117,PRCP,0,,,a,
ASN00023718,19580118,PRCP,0,,,a,
ASN00023718,19580119,PRCP,0,,,a,
ASN00023718,19580120,PRCP,0,,,a,
ASN00023718,19580121,PRCP,13,,,a,
ASN00023718,19580122,PRCP,0,,,a,
ASN00023718,19580123,PRCP,0,,,a,
ASN00023718,19580124,PRCP,0,,,a,
ASN00023718,19580125,PRCP,0,,,a,
ASN00023718,19580126,PRCP,0,,,a,
ASN00023718,19580127,PRCP,0,,,a,
ASN00023718,19580128,PRCP,0,,,a,
ASN00023718,19580129,PRCP,0,,,a,
ASN00023718,19580130,PRCP,15,,,a,
ASN00023718,19580131,PRCP,10,,,a,
ASN00023718,19580201,PRCP,0,,,a,
ASN00023718,19580202,PRCP,0,,,a,
ASN00023718,19580203,PRCP,0,,,a,
ASN00023718,19580204,PRCP,0,,,a,
ASN00023718,19580205,PRCP,0,,,a,
ASN00023718,19580206,PRCP,0,,,a,
ASN00023718,19580207,PRCP,0,,,a,
ASN00023718,19580208,PRCP,0,,,a,
ASN00023718,19580209,PRCP,0,,,a,
ASN00023718,19580210,PRCP,0,,,a,
ASN00023718,19580211,PRCP,25,,,a,
ASN00023718,19580212,PRCP,0,,,a,
ASN00023718,19580213,PRCP,0,,,a,
ASN00023718,19580214,PRCP,0,,,a,
ASN00023718,19580215,PRCP,0,,,a,
ASN00023718,19580216,PRCP,0,,,a,
ASN00023718,19580217,PRCP,0,,,a,
ASN00023718,19580218,PRCP,0,,,a,
ASN00023718,19580219,PRCP,18,,,a,
ASN00023718,19580220,PRCP,53,,,a,
ASN00023718,19580221,PRCP,0,,,a,
ASN00023718,19580222,PRCP,0,,,a,
ASN00023718,19580223,PRCP,0,,,a,
ASN00023718,19580224,PRCP,5,,,a,
ASN00023718,19580225,PRCP,0,,,a,
ASN00023718,19580226,PRCP,0,,,a,
ASN00023718,19580227,PRCP,0,,,a,
ASN00023718,19580228,PRCP,0,,,a,
ASN00023718,19580301,PRCP,0,,,a,
ASN00023718,19580302,PRCP,0,,,a,
ASN00023718,19580303,PRCP,0,,,a,
ASN00023718,19580304,PRCP,0,,,a,
ASN00023718,19580305,PRCP,0,,,a,
ASN00023718,19580306,PRCP,0,,,a,
ASN00023718,19580307,PRCP,170,,,a,
ASN00023718,19580308,PRCP,0,,,a,
ASN00023718,19580309,PRCP,0,,,a,
ASN00023718,19580310,PRCP,0,,,a,
ASN00023718,19580311,PRCP,0,,,a,
ASN00023718,19580312,PRCP,0,,,a,
ASN00023718,19580313,PRCP,0,,,a,
ASN00023718,19580314,PRCP,0,,,a,
ASN00023718,19580315,PRCP,0,,,a,
ASN00023718,19580316,PRCP,0,,,a,
ASN00023718,19580317,PRCP,0,,,a,
ASN00023718,19580318,PRCP,0,,,a,
ASN00023718,19580319,PRCP,0,,,a,
ASN00023718,19580320,PRCP,0,,,a,
ASN00023718,19580321,PRCP,0,,,a,
ASN00023718,19580322,PRCP,0,,,a,
ASN00023718,19580323,PRCP,0,,,a,
ASN00023718,19580324,PRCP,18,,,a,
ASN00023718,19580325,PRCP,0,,,a,
ASN00023718,19580326,PRCP,0,,,a,
ASN00023718,19580327,PRCP,53,,,a,
ASN00023718,19580328,PRCP,10,,,a,
ASN00023718,19580329,PRCP,0,,,a,
ASN00023718,19580330,PRCP,0,,,a,
ASN00023718,19580331,PRCP,48,,,a,
ASN00023718,19580401,PRCP,0,,,a,
ASN00023718,19580402,PRCP,0,,,a,
ASN00023718,19580403,PRCP,0,,,a,
ASN00023718,19580404,PRCP,0,,,a,
ASN00023718,19580405,PRCP,0,,,a,
ASN00023718,19580406,PRCP,0,,,a,
ASN00023718,19580407,PRCP,0,,,a,
ASN00023718,19580408,PRCP,18,,,a,
ASN00023718,19580409,PRCP,0,,,a,
ASN00023718,19580410,PRCP,0,,,a,
ASN00023718,19580411,PRCP,0,,,a,
ASN00023718,19580412,PRCP,0,,,a,
ASN00023718,19580415,PRCP,0,,,a,
ASN00023718,19580416,PRCP,0,,,a,
ASN00023718,19580417,PRCP,0,,,a,
ASN00023718,19580418,PRCP,0,,,a,
ASN00023718,19580419,PRCP,0,,,a,
ASN00023718,19580420,PRCP,0,,,a,
ASN00023718,19580421,PRCP,0,,,a,
ASN00023718,19580422,PRCP,0,,,a,
ASN00023718,19580423,PRCP,0,,,a,
ASN00023718,19580424,PRCP,0,,,a,
ASN00023718,19580425,PRCP,0,,,a,
ASN00023718,19580426,PRCP,0,,,a,
ASN00023718,19580427,PRCP,0,,,a,
ASN00023718,19580428,PRCP,0,,,a,
ASN00023718,19580429,PRCP,0,,,a,
ASN00023718,19580430,PRCP,0,,,a,
ASN00023718,19580414,DAPR,2,,,a,
ASN00023718,19580414,DWPR,1,,,a,
ASN00023718,19580414,MDPR,170,,,a,
ASN00023718,19580501,PRCP,0,,,a,
ASN00023718,19580502,PRCP,0,,,a,
ASN00023718,19580503,PRCP,0,,,a,
ASN00023718,19580504,PRCP,0,,,a,
ASN00023718,19580505,PRCP,3,,,a,
ASN00023718,19580506,PRCP,8,,,a,
ASN00023718,19580507,PRCP,0,,,a,
ASN00023718,19580508,PRCP,145,,,a,
ASN00023718,19580509,PRCP,28,,,a,
ASN00023718,19580510,PRCP,0,,,a,
ASN00023718,19580513,PRCP,0,,,a,
ASN00023718,19580514,PRCP,208,,,a,
ASN00023718,19580515,PRCP,246,,,a,
ASN00023718,19580516,PRCP,43,,,a,
ASN00023718,19580517,PRCP,0,,,a,
ASN00023718,19580520,PRCP,10,,,a,
ASN00023718,19580521,PRCP,0,,,a,
ASN00023718,19580522,PRCP,0,,,a,
ASN00023718,19580523,PRCP,13,,,a,
ASN00023718,19580524,PRCP,231,,,a,
ASN00023718,19580527,PRCP,5,,,a,
ASN00023718,19580528,PRCP,13,,,a,
ASN00023718,19580529,PRCP,25,,,a,
ASN00023718,19580530,PRCP,0,,,a,
ASN00023718,19580531,PRCP,0,,,a,
ASN00023718,19580512,DAPR,2,,,a,
ASN00023718,19580519,DAPR,2,,,a,
ASN00023718,19580526,DAPR,2,,,a,
ASN00023718,19580512,DWPR,1,,,a,
ASN00023718,19580519,DWPR,1,,,a,
ASN00023718,19580526,DWPR,1,,,a,
ASN00023718,19580512,MDPR,160,,,a,
ASN00023718,19580519,MDPR,38,,,a,
ASN00023718,19580526,MDPR,51,,,a,
ASN00023718,19580601,PRCP,0,,,a,
ASN00023718,19580602,PRCP,0,,,a,
ASN00023718,19580603,PRCP,0,,,a,
ASN00023718,19580604,PRCP,0,,,a,
ASN00023718,19580605,PRCP,160,,,a,
ASN00023718,19580606,PRCP,15,,,a,
ASN00023718,19580607,PRCP,36,,,a,
ASN00023718,19580608,PRCP,0,,,a,
ASN00023718,19580609,PRCP,0,,,a,
ASN00023718,19580610,PRCP,0,,,a,
ASN00023718,19580611,PRCP,0,,,a,
ASN00023718,19580612,PRCP,0,,,a,
ASN00023718,19580613,PRCP,0,,,a,
ASN00023718,19580614,PRCP,18,,,a,
ASN00023718,19580615,PRCP,0,,,a,
ASN00023718,19580616,PRCP,0,,,a,
ASN00023718,19580617,PRCP,0,,,a,
ASN00023718,19580618,PRCP,0,,,a,
ASN00023718,19580619,PRCP,0,,,a,
ASN00023718,19580620,PRCP,0,,,a,
ASN00023718,19580621,PRCP,0,,,a,
ASN00023718,19580622,PRCP,0,,,a,
ASN00023718,19580623,PRCP,23,,,a,
ASN00023718,19580624,PRCP,10,,,a,
ASN00023718,19580625,PRCP,15,,,a,
ASN00023718,19580626,PRCP,0,,,a,
ASN00023718,19580627,PRCP,0,,,a,
ASN00023718,19580628,PRCP,0,,,a,
ASN00023718,19580629,PRCP,0,,,a,
ASN00023718,19580630,PRCP,0,,,a,
ASN00023718,19580701,PRCP,0,,,a,
ASN00023718,19580702,PRCP,0,,,a,
ASN00023718,19580703,PRCP,0,,,a,
ASN00023718,19580704,PRCP,25,,,a,
ASN00023718,19580705,PRCP,104,,,a,
ASN00023718,19580706,PRCP,0,,,a,
ASN00023718,19580707,PRCP,0,,,a,
ASN00023718,19580708,PRCP,0,,,a,
ASN00023718,19580709,PRCP,0,,,a,
ASN00023718,19580710,PRCP,0,,,a,
ASN00023718,19580711,PRCP,15,,,a,
ASN00023718,19580712,PRCP,8,,,a,
ASN00023718,19580713,PRCP,0,,,a,
ASN00023718,19580714,PRCP,0,,,a,
ASN00023718,19580715,PRCP,8,,,a,
ASN00023718,19580716,PRCP,48,,,a,
ASN00023718,19580717,PRCP,160,,,a,
ASN00023718,19580718,PRCP,175,,,a,
ASN00023718,19580719,PRCP,0,,,a,
ASN00023718,19580722,PRCP,0,,,a,
ASN00023718,19580723,PRCP,0,,,a,
ASN00023718,19580724,PRCP,10,,,a,
ASN00023718,19580725,PRCP,0,,,a,
ASN00023718,19580726,PRCP,15,,,a,
ASN00023718,19580727,PRCP,0,,,a,
ASN00023718,19580728,PRCP,13,,,a,
ASN00023718,19580729,PRCP,48,,,a,
ASN00023718,19580730,PRCP,91,,,a,
ASN00023718,19580731,PRCP,43,,,a,
ASN00023718,19580721,DAPR,2,,,a,
ASN00023718,19580721,DWPR,1,,,a,
ASN00023718,19580721,MDPR,41,,,a,
ASN00023718,19580801,PRCP,0,,,a,
ASN00023718,19580802,PRCP,0,,,a,
ASN00023718,19580803,PRCP,0,,,a,
ASN00023718,19580804,PRCP,8,,,a,
ASN00023718,19580805,PRCP,0,,,a,
ASN00023718,19580806,PRCP,152,,,a,
ASN00023718,19580807,PRCP,20,,,a,
ASN00023718,19580808,PRCP,30,,,a,
ASN00023718,19580809,PRCP,5,,,a,
ASN00023718,19580810,PRCP,0,,,a,
ASN00023718,19580811,PRCP,5,,,a,
ASN00023718,19580812,PRCP,0,,,a,
ASN00023718,19580813,PRCP,5,,,a,
ASN00023718,19580814,PRCP,0,,,a,
ASN00023718,19580815,PRCP,226,,,a,
ASN00023718,19580816,PRCP,8,,,a,
ASN00023718,19580819,PRCP,28,,,a,
ASN00023718,19580820,PRCP,25,,,a,
ASN00023718,19580821,PRCP,0,,,a,
ASN00023718,19580822,PRCP,0,,,a,
ASN00023718,19580823,PRCP,28,,,a,
ASN00023718,19580826,PRCP,30,,,a,
ASN00023718,19580827,PRCP,0,,,a,
ASN00023718,19580828,PRCP,33,,,a,
ASN00023718,19580829,PRCP,5,,,a,
ASN00023718,19580830,PRCP,23,,,a,
ASN00023718,19580831,PRCP,0,,,a,
ASN00023718,19580818,DAPR,2,,,a,
ASN00023718,19580825,DAPR,2,,,a,
ASN00023718,19580818,DWPR,1,,,a,
ASN00023718,19580825,DWPR,1,,,a,
ASN00023718,19580818,MDPR,43,,,a,
ASN00023718,19580825,MDPR,64,,,a,
ASN00023718,19580901,PRCP,0,,,a,
ASN00023718,19580902,PRCP,13,,,a,
ASN00023718,19580903,PRCP,56,,,a,
ASN00023718,19580904,PRCP,81,,,a,
ASN00023718,19580905,PRCP,10,,,a,
ASN00023718,19580906,PRCP,8,,,a,
ASN00023718,19580907,PRCP,0,,,a,
ASN00023718,19580908,PRCP,0,,,a,
ASN00023718,19580909,PRCP,0,,,a,
ASN00023718,19580910,PRCP,43,,,a,
ASN00023718,19580911,PRCP,211,,,a,
ASN00023718,19580912,PRCP,84,,,a,
ASN00023718,19580913,PRCP,13,,,a,
ASN00023718,19580914,PRCP,0,,,a,
ASN00023718,19580915,PRCP,0,,,a,
ASN00023718,19580916,PRCP,0,,,a,
ASN00023718,19580917,PRCP,43,,,a,
ASN00023718,19580918,PRCP,10,,,a,
ASN00023718,19580919,PRCP,5,,,a,
ASN00023718,19580920,PRCP,43,,,a,
ASN00023718,19580923,PRCP,0,,,a,
ASN00023718,19580924,PRCP,0,,,a,
ASN00023718,19580925,PRCP,0,,,a,
ASN00023718,19580926,PRCP,0,,,a,
ASN00023718,19580927,PRCP,15,,,a,
ASN00023718,19580928,PRCP,0,,,a,
ASN00023718,19580929,PRCP,0,,,a,
ASN00023718,19580930,PRCP,0,,,a,
ASN00023718,19580922,DAPR,2,,,a,
ASN00023718,19580922,DWPR,1,,,a,
ASN00023718,19580922,MDPR,109,,,a,
ASN00023718,19581001,PRCP,0,,,a,
ASN00023718,19581002,PRCP,10,,,a,
ASN00023718,19581003,PRCP,0,,,a,
ASN00023718,19581004,PRCP,0,,,a,
ASN00023718,19581007,PRCP,13,,,a,
ASN00023718,19581008,PRCP,18,,,a,
ASN00023718,19581009,PRCP,36,,,a,
ASN00023718,19581010,PRCP,241,,,a,
ASN00023718,19581011,PRCP,13,,,a,
ASN00023718,19581012,PRCP,0,,,a,
ASN00023718,19581013,PRCP,0,,,a,
ASN00023718,19581014,PRCP,0,,,a,
ASN00023718,19581015,PRCP,0,,,a,
ASN00023718,19581016,PRCP,46,,,a,
ASN00023718,19581017,PRCP,0,,,a,
ASN00023718,19581018,PRCP,30,,,a,
ASN00023718,19581019,PRCP,0,,,a,
ASN00023718,19581020,PRCP,3,,,a,
ASN00023718,19581021,PRCP,0,,,a,
ASN00023718,19581022,PRCP,0,,,a,
ASN00023718,19581023,PRCP,0,,,a,
ASN00023718,19581024,PRCP,13,,,a,
ASN00023718,19581025,PRCP,0,,,a,
ASN00023718,19581026,PRCP,0,,,a,
ASN00023718,19581027,PRCP,0,,,a,
ASN00023718,19581028,PRCP,0,,,a,
ASN00023718,19581029,PRCP,0,,,a,
ASN00023718,19581030,PRCP,0,,,a,
ASN00023718,19581031,PRCP,0,,,a,
ASN00023718,19581006,DAPR,2,,,a,
ASN00023718,19581006,DWPR,1,,,a,
ASN00023718,19581006,MDPR,89,,,a,
ASN00023718,19581101,PRCP,0,,,a,
ASN00023718,19581102,PRCP,0,,,a,
ASN00023718,19581103,PRCP,0,,,a,
ASN00023718,19581104,PRCP,64,,,a,
ASN00023718,19581105,PRCP,3,,,a,
ASN00023718,19581106,PRCP,0,,,a,
ASN00023718,19581107,PRCP,0,,,a,
ASN00023718,19581108,PRCP,0,,,a,
ASN00023718,19581109,PRCP,0,,,a,
ASN00023718,19581110,PRCP,0,,,a,
ASN00023718,19581111,PRCP,0,,,a,
ASN00023718,19581112,PRCP,0,,,a,
ASN00023718,19581113,PRCP,10,,,a,
ASN00023718,19581114,PRCP,20,,,a,
ASN00023718,19581115,PRCP,0,,,a,
ASN00023718,19581116,PRCP,0,,,a,
ASN00023718,19581117,PRCP,0,,,a,
ASN00023718,19581118,PRCP,0,,,a,
ASN00023718,19581119,PRCP,0,,,a,
ASN00023718,19581120,PRCP,0,,,a,
ASN00023718,19581121,PRCP,0,,,a,
ASN00023718,19581122,PRCP,0,,,a,
ASN00023718,19581123,PRCP,0,,,a,
ASN00023718,19581124,PRCP,0,,,a,
ASN00023718,19581125,PRCP,0,,,a,
ASN00023718,19581126,PRCP,0,,,a,
ASN00023718,19581127,PRCP,0,,,a,
ASN00023718,19581128,PRCP,0,,,a,
ASN00023718,19581129,PRCP,5,,,a,
ASN00023718,19581130,PRCP,0,,,a,
ASN00023718,19581201,PRCP,0,,,a,
ASN00023718,19581202,PRCP,0,,,a,
ASN00023718,19581203,PRCP,0,,,a,
ASN00023718,19581204,PRCP,0,,,a,
ASN00023718,19581205,PRCP,0,,,a,
ASN00023718,19581206,PRCP,0,,,a,
ASN00023718,19581207,PRCP,0,,,a,
ASN00023718,19581208,PRCP,0,,,a,
ASN00023718,19581209,PRCP,0,,,a,
ASN00023718,19581210,PRCP,36,,,a,
ASN00023718,19581211,PRCP,15,,,a,
ASN00023718,19581212,PRCP,20,,,a,
ASN00023718,19581213,PRCP,0,,,a,
ASN00023718,19581216,PRCP,0,,,a,
ASN00023718,19581217,PRCP,5,,,a,
ASN00023718,19581218,PRCP,0,,,a,
ASN00023718,19581219,PRCP,0,,,a,
ASN00023718,19581220,PRCP,0,,,a,
ASN00023718,19581221,PRCP,0,,,a,
ASN00023718,19581222,PRCP,0,,,a,
ASN00023718,19581223,PRCP,0,,,a,
ASN00023718,19581224,PRCP,5,,,a,
ASN00023718,19581225,PRCP,0,,,a,
ASN00023718,19581226,PRCP,10,,,a,
ASN00023718,19581227,PRCP,0,,,a,
ASN00023718,19581228,PRCP,0,,,a,
ASN00023718,19581229,PRCP,0,,,a,
ASN00023718,19581230,PRCP,0,,,a,
ASN00023718,19581231,PRCP,0,,,a,
ASN00023718,19581215,DAPR,2,,,a,
ASN00023718,19581215,DWPR,1,,,a,
ASN00023718,19581215,MDPR,25,,,a,
ASN00023718,19590101,PRCP,0,,,a,
ASN00023718,19590102,PRCP,0,,,a,
ASN00023718,19590103,PRCP,0,,,a,
ASN00023718,19590104,PRCP,0,,,a,
ASN00023718,19590105,PRCP,8,,,a,
ASN00023718,19590106,PRCP,0,,,a,
ASN00023718,19590107,PRCP,0,,,a,
ASN00023718,19590108,PRCP,5,,,a,
ASN00023718,19590109,PRCP,0,,,a,
ASN00023718,19590110,PRCP,0,,,a,
ASN00023718,19590111,PRCP,0,,,a,
ASN00023718,19590112,PRCP,0,,,a,
ASN00023718,19590113,PRCP,0,,,a,
ASN00023718,19590114,PRCP,0,,,a,
ASN00023718,19590115,PRCP,0,,,a,
ASN00023718,19590116,PRCP,0,,,a,
ASN00023718,19590117,PRCP,0,,,a,
ASN00023718,19590118,PRCP,0,,,a,
ASN00023718,19590119,PRCP,0,,,a,
ASN00023718,19590120,PRCP,0,,,a,
ASN00023718,19590121,PRCP,0,,,a,
ASN00023718,19590122,PRCP,0,,,a,
ASN00023718,19590123,PRCP,0,,,a,
ASN00023718,19590124,PRCP,0,,,a,
ASN00023718,19590125,PRCP,0,,,a,
ASN00023718,19590126,PRCP,0,,,a,
ASN00023718,19590127,PRCP,107,,,a,
ASN00023718,19590128,PRCP,0,,,a,
ASN00023718,19590129,PRCP,0,,,a,
ASN00023718,19590130,PRCP,0,,,a,
ASN00023718,19590131,PRCP,0,,,a,
ASN00023718,19590201,PRCP,0,,,a,
ASN00023718,19590202,PRCP,0,,,a,
ASN00023718,19590203,PRCP,0,,,a,
ASN00023718,19590204,PRCP,0,,,a,
ASN00023718,19590205,PRCP,0,,,a,
ASN00023718,19590206,PRCP,0,,,a,
ASN00023718,19590207,PRCP,0,,,a,
ASN00023718,19590208,PRCP,0,,,a,
ASN00023718,19590209,PRCP,0,,,a,
ASN00023718,19590210,PRCP,0,,,a,
ASN00023718,19590211,PRCP,0,,,a,
ASN00023718,19590212,PRCP,0,,,a,
ASN00023718,19590213,PRCP,86,,,a,
ASN00023718,19590214,PRCP,0,,,a,
ASN00023718,19590217,PRCP,0,,,a,
ASN00023718,19590218,PRCP,0,,,a,
ASN00023718,19590219,PRCP,0,,,a,
ASN00023718,19590220,PRCP,0,,,a,
ASN00023718,19590221,PRCP,0,,,a,
ASN00023718,19590222,PRCP,0,,,a,
ASN00023718,19590223,PRCP,0,,,a,
ASN00023718,19590224,PRCP,0,,,a,
ASN00023718,19590225,PRCP,0,,,a,
ASN00023718,19590226,PRCP,0,,,a,
ASN00023718,19590227,PRCP,0,,,a,
ASN00023718,19590228,PRCP,0,,,a,
ASN00023718,19590216,DAPR,2,,,a,
ASN00023718,19590216,DWPR,1,,,a,
ASN00023718,19590216,MDPR,102,,,a,
ASN00023718,19590301,PRCP,0,,,a,
ASN00023718,19590302,PRCP,0,,,a,
ASN00023718,19590303,PRCP,0,,,a,
ASN00023718,19590304,PRCP,0,,,a,
ASN00023718,19590305,PRCP,0,,,a,
ASN00023718,19590306,PRCP,0,,,a,
ASN00023718,19590307,PRCP,0,,,a,
ASN00023718,19590308,PRCP,0,,,a,
ASN00023718,19590309,PRCP,20,,,a,
ASN00023718,19590310,PRCP,0,,,a,
ASN00023718,19590311,PRCP,0,,,a,
ASN00023718,19590312,PRCP,0,,,a,
ASN00023718,19590313,PRCP,0,,,a,
ASN00023718,19590314,PRCP,0,,,a,
ASN00023718,19590315,PRCP,0,,,a,
ASN00023718,19590316,PRCP,0,,,a,
ASN00023718,19590317,PRCP,0,,,a,
ASN00023718,19590318,PRCP,0,,,a,
ASN00023718,19590319,PRCP,0,,,a,
ASN00023718,19590320,PRCP,0,,,a,
ASN00023718,19590321,PRCP,0,,,a,
ASN00023718,19590322,PRCP,0,,,a,
ASN00023718,19590323,PRCP,0,,,a,
ASN00023718,19590324,PRCP,0,,,a,
ASN00023718,19590325,PRCP,0,,,a,
ASN00023718,19590326,PRCP,0,,,a,
ASN00023718,19590327,PRCP,0,,,a,
ASN00023718,19590328,PRCP,0,,,a,
ASN00023718,19590329,PRCP,0,,,a,
ASN00023718,19590331,DAPR,2,,,a,
ASN00023718,19590331,DWPR,1,,,a,
ASN00023718,19590331,MDPR,521,,,a,
ASN00023718,19590401,PRCP,0,,,a,
ASN00023718,19590402,PRCP,0,,,a,
ASN00023718,19590403,PRCP,0,,,a,
ASN00023718,19590404,PRCP,0,,,a,
ASN00023718,19590405,PRCP,0,,,a,
ASN00023718,19590406,PRCP,0,,,a,
ASN00023718,19590407,PRCP,0,,,a,
ASN00023718,19590408,PRCP,0,,,a,
ASN00023718,19590409,PRCP,0,,,a,
ASN00023718,19590410,PRCP,0,,,a,
ASN00023718,19590411,PRCP,0,,,a,
ASN00023718,19590412,PRCP,0,,,a,
ASN00023718,19590413,PRCP,0,,,a,
ASN00023718,19590414,PRCP,10,,,a,
ASN00023718,19590415,PRCP,5,,,a,
ASN00023718,19590416,PRCP,23,,,a,
ASN00023718,19590417,PRCP,0,,,a,
ASN00023718,19590418,PRCP,0,,,a,
ASN00023718,19590419,PRCP,0,,,a,
ASN00023718,19590420,PRCP,0,,,a,
ASN00023718,19590421,PRCP,0,,,a,
ASN00023718,19590422,PRCP,0,,,a,
ASN00023718,19590423,PRCP,0,,,a,
ASN00023718,19590424,PRCP,0,,,a,
ASN00023718,19590425,PRCP,15,,,a,
ASN00023718,19590426,PRCP,0,,,a,
ASN00023718,19590427,PRCP,0,,,a,
ASN00023718,19590428,PRCP,0,,,a,
ASN00023718,19590429,PRCP,0,,,a,
ASN00023718,19590430,PRCP,0,,,a,
ASN00023718,19590501,PRCP,33,,,a,
ASN00023718,19590502,PRCP,0,,,a,
ASN00023718,19590503,PRCP,0,,,a,
ASN00023718,19590504,PRCP,0,,,a,
ASN00023718,19590505,PRCP,0,,,a,
ASN00023718,19590506,PRCP,0,,,a,
ASN00023718,19590507,PRCP,0,,,a,
ASN00023718,19590508,PRCP,0,,,a,
ASN00023718,19590509,PRCP,0,,,a,
ASN00023718,19590510,PRCP,0,,,a,
ASN00023718,19590511,PRCP,0,,,a,
ASN00023718,19590512,PRCP,0,,,a,
ASN00023718,19590513,PRCP,0,,,a,
ASN00023718,19590514,PRCP,0,,,a,
ASN00023718,19590515,PRCP,0,,,a,
ASN00023718,19590516,PRCP,0,,,a,
ASN00023718,19590517,PRCP,0,,,a,
ASN00023718,19590518,PRCP,13,,,a,
ASN00023718,19590519,PRCP,0,,,a,
ASN00023718,19590520,PRCP,46,,,a,
ASN00023718,19590521,PRCP,41,,,a,
ASN00023718,19590522,PRCP,0,,,a,
ASN00023718,19590523,PRCP,25,,,a,
ASN00023718,19590524,PRCP,0,,,a,
ASN00023718,19590525,PRCP,8,,,a,
ASN00023718,19590526,PRCP,0,,,a,
ASN00023718,19590527,PRCP,0,,,a,
ASN00023718,19590528,PRCP,0,,,a,
ASN00023718,19590529,PRCP,25,,,a,
ASN00023718,19590530,PRCP,0,,,a,
ASN00023718,19590531,PRCP,0,,,a,
ASN00023718,19590601,PRCP,0,,,a,
ASN00023718,19590602,PRCP,0,,,a,
ASN00023718,19590603,PRCP,0,,,a,
ASN00023718,19590604,PRCP,0,,,a,
ASN00023718,19590605,PRCP,36,,,a,
ASN00023718,19590606,PRCP,33,,,a,
ASN00023718,19590607,PRCP,0,,,a,
ASN00023718,19590608,PRCP,0,,,a,
ASN00023718,19590609,PRCP,13,,,a,
ASN00023718,19590610,PRCP,0,,,a,
ASN00023718,19590611,PRCP,0,,,a,
ASN00023718,19590612,PRCP,0,,,a,
ASN00023718,19590613,PRCP,23,,,a,
ASN00023718,19590614,PRCP,0,,,a,
ASN00023718,19590615,PRCP,0,,,a,
ASN00023718,19590616,PRCP,0,,,a,
ASN00023718,19590617,PRCP,0,,,a,
ASN00023718,19590618,PRCP,0,,,a,
ASN00023718,19590619,PRCP,0,,,a,
ASN00023718,19590620,PRCP,0,,,a,
ASN00023718,19590621,PRCP,0,,,a,
ASN00023718,19590622,PRCP,8,,,a,
ASN00023718,19590623,PRCP,0,,,a,
ASN00023718,19590624,PRCP,0,,,a,
ASN00023718,19590625,PRCP,13,,,a,
ASN00023718,19590626,PRCP,18,,,a,
ASN00023718,19590627,PRCP,23,,,a,
ASN00023718,19590628,PRCP,0,,,a,
ASN00023718,19590629,PRCP,0,,,a,
ASN00023718,19590630,PRCP,0,,,a,
ASN00023718,19590701,PRCP,10,,,a,
ASN00023718,19590702,PRCP,0,,,a,
ASN00023718,19590703,PRCP,0,,,a,
ASN00023718,19590704,PRCP,0,,,a,
ASN00023718,19590705,PRCP,0,,,a,
ASN00023718,19590706,PRCP,0,,,a,
ASN00023718,19590707,PRCP,0,,,a,
ASN00023718,19590708,PRCP,0,,,a,
ASN00023718,19590709,PRCP,0,,,a,
ASN00023718,19590710,PRCP,0,,,a,
ASN00023718,19590711,PRCP,0,,,a,
ASN00023718,19590712,PRCP,0,,,a,
ASN00023718,19590713,PRCP,0,,,a,
ASN00023718,19590714,PRCP,18,,,a,
ASN00023718,19590715,PRCP,13,,,a,
ASN00023718,19590716,PRCP,0,,,a,
ASN00023718,19590717,PRCP,0,,,a,
ASN00023718,19590718,PRCP,0,,,a,
ASN00023718,19590719,PRCP,0,,,a,
ASN00023718,19590720,PRCP,0,,,a,
ASN00023718,19590721,PRCP,0,,,a,
ASN00023718,19590722,PRCP,25,,,a,
ASN00023718,19590723,PRCP,58,,,a,
ASN00023718,19590724,PRCP,99,,,a,
ASN00023718,19590725,PRCP,46,,,a,
ASN00023718,19590728,PRCP,5,,,a,
ASN00023718,19590729,PRCP,0,,,a,
ASN00023718,19590730,PRCP,23,,,a,
ASN00023718,19590731,PRCP,0,,,a,
ASN00023718,19590727,DAPR,2,,,a,
ASN00023718,19590727,DWPR,1,,,a,
ASN00023718,19590727,MDPR,79,,,a,
ASN00023718,19590801,PRCP,0,,,a,
ASN00023718,19590804,PRCP,25,,,a,
ASN00023718,19590805,PRCP,51,,,a,
ASN00023718,19590806,PRCP,10,,,a,
ASN00023718,19590807,PRCP,5,,,a,
ASN00023718,19590808,PRCP,0,,,a,
ASN00023718,19590811,PRCP,23,,,a,
ASN00023718,19590812,PRCP,51,,,a,
ASN00023718,19590813,PRCP,18,,,a,
ASN00023718,19590814,PRCP,5,,,a,
ASN00023718,19590815,PRCP,33,,,a,
ASN00023718,19590816,PRCP,0,,,a,
ASN00023718,19590817,PRCP,3,,,a,
ASN00023718,19590818,PRCP,0,,,a,
ASN00023718,19590819,PRCP,0,,,a,
ASN00023718,19590820,PRCP,0,,,a,
ASN00023718,19590821,PRCP,0,,,a,
ASN00023718,19590822,PRCP,0,,,a,
ASN00023718,19590823,PRCP,0,,,a,
ASN00023718,19590824,PRCP,0,,,a,
ASN00023718,19590825,PRCP,0,,,a,
ASN00023718,19590826,PRCP,0,,,a,
ASN00023718,19590827,PRCP,0,,,a,
ASN00023718,19590828,PRCP,0,,,a,
ASN00023718,19590829,PRCP,0,,,a,
ASN00023718,19590830,PRCP,0,,,a,
ASN00023718,19590831,PRCP,13,,,a,
ASN00023718,19590803,DAPR,2,,,a,
ASN00023718,19590810,DAPR,2,,,a,
ASN00023718,19590803,DWPR,1,,,a,
ASN00023718,19590810,DWPR,1,,,a,
ASN00023718,19590803,MDPR,43,,,a,
ASN00023718,19590810,MDPR,71,,,a,
ASN00023718,19590901,PRCP,13,,,a,
ASN00023718,19590902,PRCP,5,,,a,
ASN00023718,19590903,PRCP,0,,,a,
ASN00023718,19590904,PRCP,0,,,a,
ASN00023718,19590905,PRCP,0,,,a,
ASN00023718,19590906,PRCP,0,,,a,
ASN00023718,19590907,PRCP,0,,,a,
ASN00023718,19590908,PRCP,0,,,a,
ASN00023718,19590909,PRCP,0,,,a,
ASN00023718,19590910,PRCP,0,,,a,
ASN00023718,19590911,PRCP,0,,,a,
ASN00023718,19590912,PRCP,0,,,a,
ASN00023718,19590915,PRCP,94,,,a,
ASN00023718,19590916,PRCP,0,,,a,
ASN00023718,19590917,PRCP,0,,,a,
ASN00023718,19590918,PRCP,0,,,a,
ASN00023718,19590919,PRCP,137,,,a,
ASN00023718,19590922,PRCP,0,,,a,
ASN00023718,19590923,PRCP,0,,,a,
ASN00023718,19590924,PRCP,0,,,a,
ASN00023718,19590925,PRCP,0,,,a,
ASN00023718,19590926,PRCP,0,,,a,
ASN00023718,19590927,PRCP,41,,,a,
ASN00023718,19590928,PRCP,0,,,a,
ASN00023718,19590929,PRCP,0,,,a,
ASN00023718,19590930,PRCP,5,,,a,
ASN00023718,19590914,DAPR,2,,,a,
ASN00023718,19590921,DAPR,2,,,a,
ASN00023718,19590914,DWPR,1,,,a,
ASN00023718,19590921,DWPR,1,,,a,
ASN00023718,19590914,MDPR,64,,,a,
ASN00023718,19590921,MDPR,76,,,a,
ASN00023718,19591001,PRCP,0,,,a,
ASN00023718,19591002,PRCP,18,,,a,
ASN00023718,19591003,PRCP,18,,,a,
ASN00023718,19591006,PRCP,0,,,a,
ASN00023718,19591007,PRCP,0,,,a,
ASN00023718,19591008,PRCP,13,,,a,
ASN00023718,19591009,PRCP,0,,,a,
ASN00023718,19591010,PRCP,0,,,a,
ASN00023718,19591011,PRCP,0,,,a,
ASN00023718,19591012,PRCP,0,,,a,
ASN00023718,19591013,PRCP,0,,,a,
ASN00023718,19591014,PRCP,0,,,a,
ASN00023718,19591015,PRCP,0,,,a,
ASN00023718,19591016,PRCP,0,,,a,
ASN00023718,19591017,PRCP,0,,,a,
ASN00023718,19591018,PRCP,0,,,a,
ASN00023718,19591019,PRCP,0,,,a,
ASN00023718,19591020,PRCP,5,,,a,
ASN00023718,19591021,PRCP,0,,,a,
ASN00023718,19591022,PRCP,0,,,a,
ASN00023718,19591023,PRCP,0,,,a,
ASN00023718,19591024,PRCP,15,,,a,
ASN00023718,19591025,PRCP,0,,,a,
ASN00023718,19591026,PRCP,15,,,a,
ASN00023718,19591027,PRCP,0,,,a,
ASN00023718,19591028,PRCP,140,,,a,
ASN00023718,19591029,PRCP,10,,,a,
ASN00023718,19591030,PRCP,0,,,a,
ASN00023718,19591031,PRCP,0,,,a,
ASN00023718,19591005,DAPR,2,,,a,
ASN00023718,19591005,DWPR,1,,,a,
ASN00023718,19591005,MDPR,28,,,a,
ASN00023718,19591101,PRCP,0,,,a,
ASN00023718,19591102,PRCP,0,,,a,
ASN00023718,19591103,PRCP,0,,,a,
ASN00023718,19591104,PRCP,0,,,a,
ASN00023718,19591105,PRCP,0,,,a,
ASN00023718,19591106,PRCP,0,,,a,
ASN00023718,19591107,PRCP,0,,,a,
ASN00023718,19591110,PRCP,0,,,a,
ASN00023718,19591111,PRCP,0,,,a,
ASN00023718,19591112,PRCP,0,,,a,
ASN00023718,19591113,PRCP,0,,,a,
ASN00023718,19591114,PRCP,0,,,a,
ASN00023718,19591115,PRCP,0,,,a,
ASN00023718,19591116,PRCP,0,,,a,
ASN00023718,19591117,PRCP,0,,,a,
ASN00023718,19591118,PRCP,0,,,a,
ASN00023718,19591119,PRCP,0,,,a,
ASN00023718,19591120,PRCP,0,,,a,
ASN00023718,19591121,PRCP,0,,,a,
ASN00023718,19591122,PRCP,0,,,a,
ASN00023718,19591123,PRCP,0,,,a,
ASN00023718,19591124,PRCP,0,,,a,
ASN00023718,19591125,PRCP,20,,,a,
ASN00023718,19591126,PRCP,0,,,a,
ASN00023718,19591127,PRCP,0,,,a,
ASN00023718,19591128,PRCP,0,,,a,
ASN00023718,19591129,PRCP,114,,,a,
ASN00023718,19591130,PRCP,18,,,a,
ASN00023718,19591109,DAPR,2,,,a,
ASN00023718,19591109,DWPR,1,,,a,
ASN00023718,19591109,MDPR,41,,,a,
ASN00023718,19591201,PRCP,0,,,a,
ASN00023718,19591202,PRCP,0,,,a,
ASN00023718,19591203,PRCP,0,,,a,
ASN00023718,19591204,PRCP,8,,,a,
ASN00023718,19591205,PRCP,20,,,a,
ASN00023718,19591206,PRCP,0,,,a,
ASN00023718,19591207,PRCP,0,,,a,
ASN00023718,19591208,PRCP,15,,,a,
ASN00023718,19591209,PRCP,13,,,a,
ASN00023718,19591210,PRCP,0,,,a,
ASN00023718,19591211,PRCP,10,,,a,
ASN00023718,19591212,PRCP,76,,,a,
ASN00023718,19591213,PRCP,0,,,a,
ASN00023718,19591214,PRCP,0,,,a,
ASN00023718,19591215,PRCP,0,,,a,
ASN00023718,19591216,PRCP,0,,,a,
ASN00023718,19591217,PRCP,0,,,a,
ASN00023718,19591218,PRCP,0,,,a,
ASN00023718,19591219,PRCP,0,,,a,
ASN00023718,19591220,PRCP,0,,,a,
ASN00023718,19591221,PRCP,0,,,a,
ASN00023718,19591222,PRCP,0,,,a,
ASN00023718,19591223,PRCP,0,,,a,
ASN00023718,19591224,PRCP,18,,,a,
ASN00023718,19591227,PRCP,0,,,a,
ASN00023718,19591228,PRCP,0,,,a,
ASN00023718,19591229,PRCP,5,,,a,
ASN00023718,19591230,PRCP,0,,,a,
ASN00023718,19591231,PRCP,0,,,a,
ASN00023718,19591226,DAPR,2,,,a,
ASN00023718,19591226,DWPR,1,,,a,
ASN00023718,19591226,MDPR,259,,,a,
ASN00023718,19600101,PRCP,0,,,a,
ASN00023718,19600102,PRCP,0,,,a,
ASN00023718,19600105,PRCP,0,,,a,
ASN00023718,19600106,PRCP,0,,,a,
ASN00023718,19600107,PRCP,0,,,a,
ASN00023718,19600108,PRCP,0,,,a,
ASN00023718,19600109,PRCP,0,,,a,
ASN00023718,19600110,PRCP,0,,,a,
ASN00023718,19600111,PRCP,0,,,a,
ASN00023718,19600112,PRCP,0,,,a,
ASN00023718,19600113,PRCP,0,,,a,
ASN00023718,19600114,PRCP,0,,,a,
ASN00023718,19600115,PRCP,0,,,a,
ASN00023718,19600116,PRCP,0,,,a,
ASN00023718,19600119,PRCP,0,,,a,
ASN00023718,19600120,PRCP,0,,,a,
ASN00023718,19600121,PRCP,0,,,a,
ASN00023718,19600122,PRCP,0,,,a,
ASN00023718,19600123,PRCP,0,,,a,
ASN00023718,19600124,PRCP,0,,,a,
ASN00023718,19600125,PRCP,0,,,a,
ASN00023718,19600126,PRCP,0,,,a,
ASN00023718,19600127,PRCP,0,,,a,
ASN00023718,19600128,PRCP,0,,,a,
ASN00023718,19600129,PRCP,0,,,a,
ASN00023718,19600130,PRCP,0,,,a,
ASN00023718,19600131,PRCP,0,,,a,
ASN00023718,19600104,DAPR,2,,,a,
ASN00023718,19600118,DAPR,2,,,a,
ASN00023718,19600104,DWPR,1,,,a,
ASN00023718,19600118,DWPR,1,,,a,
ASN00023718,19600104,MDPR,28,,,a,
ASN00023718,19600118,MDPR,61,,,a,
ASN00023718,19600201,PRCP,51,,,a,
ASN00023718,19600202,PRCP,64,,,a,
ASN00023718,19600203,PRCP,0,,,a,
ASN00023718,19600204,PRCP,0,,,a,
ASN00023718,19600205,PRCP,0,,,a,
ASN00023718,19600206,PRCP,0,,,a,
ASN00023718,19600207,PRCP,0,,,a,
ASN00023718,19600208,PRCP,0,,,a,
ASN00023718,19600209,PRCP,0,,,a,
ASN00023718,19600210,PRCP,0,,,a,
ASN00023718,19600211,PRCP,0,,,a,
ASN00023718,19600212,PRCP,0,,,a,
ASN00023718,19600213,PRCP,122,,,a,
ASN00023718,19600216,PRCP,25,,,a,
ASN00023718,19600217,PRCP,5,,,a,
ASN00023718,19600218,PRCP,0,,,a,
ASN00023718,19600219,PRCP,0,,,a,
ASN00023718,19600220,PRCP,0,,,a,
ASN00023718,19600221,PRCP,0,,,a,
ASN00023718,19600222,PRCP,0,,,a,
ASN00023718,19600223,PRCP,0,,,a,
ASN00023718,19600224,PRCP,0,,,a,
ASN00023718,19600225,PRCP,0,,,a,
ASN00023718,19600226,PRCP,0,,,a,
ASN00023718,19600227,PRCP,0,,,a,
ASN00023718,19600228,PRCP,0,,,a,
ASN00023718,19600229,PRCP,0,,,a,
ASN00023718,19600215,DAPR,2,,,a,
ASN00023718,19600215,DWPR,1,,,a,
ASN00023718,19600215,MDPR,185,,,a,
ASN00023718,19600301,PRCP,0,,,a,
ASN00023718,19600302,PRCP,0,,,a,
ASN00023718,19600303,PRCP,0,,,a,
ASN00023718,19600304,PRCP,0,,,a,
ASN00023718,19600305,PRCP,8,,,a,
ASN00023718,19600308,PRCP,5,,,a,
ASN00023718,19600309,PRCP,0,,,a,
ASN00023718,19600310,PRCP,0,,,a,
ASN00023718,19600311,PRCP,3,,,a,
ASN00023718,19600312,PRCP,0,,,a,
ASN00023718,19600313,PRCP,0,,,a,
ASN00023718,19600314,PRCP,0,,,a,
ASN00023718,19600315,PRCP,0,,,a,
ASN00023718,19600316,PRCP,0,,,a,
ASN00023718,19600317,PRCP,0,,,a,
ASN00023718,19600318,PRCP,0,,,a,
ASN00023718,19600319,PRCP,0,,,a,
ASN00023718,19600320,PRCP,0,,,a,
ASN00023718,19600321,PRCP,0,,,a,
ASN00023718,19600322,PRCP,0,,,a,
ASN00023718,19600323,PRCP,5,,,a,
ASN00023718,19600324,PRCP,0,,,a,
ASN00023718,19600325,PRCP,0,,,a,
ASN00023718,19600326,PRCP,0,,,a,
ASN00023718,19600327,PRCP,0,,,a,
ASN00023718,19600328,PRCP,0,,,a,
ASN00023718,19600329,PRCP,0,,,a,
ASN00023718,19600330,PRCP,0,,,a,
ASN00023718,19600331,PRCP,0,,,a,
ASN00023718,19600307,DAPR,2,,,a,
ASN00023718,19600307,DWPR,1,,,a,
ASN00023718,19600307,MDPR,56,,,a,
ASN00023718,19600401,PRCP,18,,,a,
ASN00023718,19600402,PRCP,3,,,a,
ASN00023718,19600403,PRCP,0,,,a,
ASN00023718,19600404,PRCP,10,,,a,
ASN00023718,19600405,PRCP,0,,,a,
ASN00023718,19600406,PRCP,0,,,a,
ASN00023718,19600407,PRCP,0,,,a,
ASN00023718,19600408,PRCP,0,,,a,
ASN00023718,19600409,PRCP,13,,,a,
ASN00023718,19600412,PRCP,5,,,a,
ASN00023718,19600413,PRCP,0,,,a,
ASN00023718,19600414,PRCP,0,,,a,
ASN00023718,19600415,PRCP,0,,,a,
ASN00023718,19600416,PRCP,5,,,a,
ASN00023718,19600417,PRCP,0,,,a,
ASN00023718,19600418,PRCP,5,,,a,
ASN00023718,19600419,PRCP,0,,,a,
ASN00023718,19600420,PRCP,76,,,a,
ASN00023718,19600421,PRCP,653,,,a,
ASN00023718,19600422,PRCP,56,,,a,
ASN00023718,19600423,PRCP,3,,,a,
ASN00023718,19600424,PRCP,0,,,a,
ASN00023718,19600425,PRCP,0,,,a,
ASN00023718,19600426,PRCP,53,,,a,
ASN00023718,19600427,PRCP,89,,,a,
ASN00023718,19600428,PRCP,5,,,a,
ASN00023718,19600429,PRCP,5,,,a,
ASN00023718,19600430,PRCP,5,,,a,
ASN00023718,19600411,DAPR,2,,,a,
ASN00023718,19600411,DWPR,1,,,a,
ASN00023718,19600411,MDPR,64,,,a,
ASN00023718,19600501,PRCP,0,,,a,
ASN00023718,19600502,PRCP,20,,,a,
ASN00023718,19600503,PRCP,0,,,a,
ASN00023718,19600504,PRCP,241,,,a,
ASN00023718,19600505,PRCP,64,,,a,
ASN00023718,19600506,PRCP,10,,,a,
ASN00023718,19600507,PRCP,132,,,a,
ASN00023718,19600508,PRCP,0,,,a,
ASN00023718,19600509,PRCP,0,,,a,
ASN00023718,19600510,PRCP,0,,,a,
ASN00023718,19600511,PRCP,0,,,a,
ASN00023718,19600512,PRCP,25,,,a,
ASN00023718,19600513,PRCP,155,,,a,
ASN00023718,19600514,PRCP,48,,,a,
ASN00023718,19600517,PRCP,0,,,a,
ASN00023718,19600518,PRCP,0,,,a,
ASN00023718,19600519,PRCP,0,,,a,
ASN00023718,19600520,PRCP,0,,,a,
ASN00023718,19600521,PRCP,13,,,a,
ASN00023718,19600522,PRCP,0,,,a,
ASN00023718,19600523,PRCP,15,,,a,
ASN00023718,19600524,PRCP,0,,,a,
ASN00023718,19600525,PRCP,0,,,a,
ASN00023718,19600526,PRCP,15,,,a,
ASN00023718,19600527,PRCP,86,,,a,
ASN00023718,19600528,PRCP,0,,,a,
ASN00023718,19600531,PRCP,13,,,a,
ASN00023718,19600516,DAPR,2,,,a,
ASN00023718,19600530,DAPR,2,,,a,
ASN00023718,19600516,DWPR,1,,,a,
ASN00023718,19600530,DWPR,1,,,a,
ASN00023718,19600516,MDPR,91,,,a,
ASN00023718,19600530,MDPR,163,,,a,
ASN00023718,19600601,PRCP,0,,,a,
ASN00023718,19600602,PRCP,8,,,a,
ASN00023718,19600603,PRCP,25,,,a,
ASN00023718,19600604,PRCP,3,,,a,
ASN00023718,19600605,PRCP,0,,,a,
ASN00023718,19600606,PRCP,0,,,a,
ASN00023718,19600607,PRCP,0,,,a,
ASN00023718,19600608,PRCP,3,,,a,
ASN00023718,19600609,PRCP,28,,,a,
ASN00023718,19600610,PRCP,13,,,a,
ASN00023718,19600611,PRCP,13,,,a,
ASN00023718,19600612,PRCP,0,,,a,
ASN00023718,19600613,PRCP,0,,,a,
ASN00023718,19600614,PRCP,0,,,a,
ASN00023718,19600615,PRCP,66,,,a,
ASN00023718,19600616,PRCP,10,,,a,
ASN00023718,19600617,PRCP,10,,,a,
ASN00023718,19600618,PRCP,3,,,a,
ASN00023718,19600619,PRCP,0,,,a,
ASN00023718,19600620,PRCP,0,,,a,
ASN00023718,19600621,PRCP,0,,,a,
ASN00023718,19600622,PRCP,5,,,a,
ASN00023718,19600623,PRCP,0,,,a,
ASN00023718,19600624,PRCP,10,,,a,
ASN00023718,19600625,PRCP,30,,,a,
ASN00023718,19600626,PRCP,0,,,a,
ASN00023718,19600627,PRCP,0,,,a,
ASN00023718,19600628,PRCP,0,,,a,
ASN00023718,19600629,PRCP,0,,,a,
ASN00023718,19600630,PRCP,0,,,a,
ASN00023718,19600701,PRCP,0,,,a,
ASN00023718,19600702,PRCP,0,,,a,
ASN00023718,19600705,PRCP,28,,,a,
ASN00023718,19600706,PRCP,5,,,a,
ASN00023718,19600707,PRCP,0,,,a,
ASN00023718,19600708,PRCP,0,,,a,
ASN00023718,19600709,PRCP,15,,,a,
ASN00023718,19600712,PRCP,0,,,a,
ASN00023718,19600713,PRCP,0,,,a,
ASN00023718,19600714,PRCP,0,,,a,
ASN00023718,19600715,PRCP,0,,,a,
ASN00023718,19600716,PRCP,0,,,a,
ASN00023718,19600719,PRCP,10,,,a,
ASN00023718,19600720,PRCP,76,,,a,
ASN00023718,19600721,PRCP,3,,,a,
ASN00023718,19600722,PRCP,20,,,a,
ASN00023718,19600723,PRCP,71,,,a,
ASN00023718,19600724,PRCP,0,,,a,
ASN00023718,19600725,PRCP,0,,,a,
ASN00023718,19600726,PRCP,0,,,a,
ASN00023718,19600727,PRCP,0,,,a,
ASN00023718,19600728,PRCP,20,,,a,
ASN00023718,19600729,PRCP,0,,,a,
ASN00023718,19600730,PRCP,0,,,a,
ASN00023718,19600731,PRCP,0,,,a,
ASN00023718,19600704,DAPR,2,,,a,
ASN00023718,19600711,DAPR,2,,,a,
ASN00023718,19600718,DAPR,2,,,a,
ASN00023718,19600704,DWPR,1,,,a,
ASN00023718,19600711,DWPR,1,,,a,
ASN00023718,19600718,DWPR,1,,,a,
ASN00023718,19600704,MDPR,89,,,a,
ASN00023718,19600711,MDPR,51,,,a,
ASN00023718,19600718,MDPR,84,,,a,
ASN00023718,19600801,PRCP,84,,,a,
ASN00023718,19600802,PRCP,10,,,a,
ASN00023718,19600803,PRCP,38,,,a,
ASN00023718,19600804,PRCP,5,,,a,
ASN00023718,19600805,PRCP,0,,,a,
ASN00023718,19600806,PRCP,0,,,a,
ASN00023718,19600809,PRCP,5,,,a,
ASN00023718,19600810,PRCP,8,,,a,
ASN00023718,19600811,PRCP,30,,,a,
ASN00023718,19600812,PRCP,246,,,a,
ASN00023718,19600813,PRCP,18,,,a,
ASN00023718,19600814,PRCP,0,,,a,
ASN00023718,19600815,PRCP,10,,,a,
ASN00023718,19600816,PRCP,0,,,a,
ASN00023718,19600817,PRCP,13,,,a,
ASN00023718,19600818,PRCP,10,,,a,
ASN00023718,19600819,PRCP,23,,,a,
ASN00023718,19600820,PRCP,0,,,a,
ASN00023718,19600821,PRCP,0,,,a,
ASN00023718,19600822,PRCP,0,,,a,
ASN00023718,19600823,PRCP,5,,,a,
ASN00023718,19600824,PRCP,0,,,a,
ASN00023718,19600825,PRCP,0,,,a,
ASN00023718,19600826,PRCP,0,,,a,
ASN00023718,19600827,PRCP,20,,,a,
ASN00023718,19600830,PRCP,0,,,a,
ASN00023718,19600831,PRCP,0,,,a,
ASN00023718,19600808,DAPR,2,,,a,
ASN00023718,19600829,DAPR,2,,,a,
ASN00023718,19600808,DWPR,1,,,a,
ASN00023718,19600829,DWPR,1,,,a,
ASN00023718,19600808,MDPR,25,,,a,
ASN00023718,19600829,MDPR,53,,,a,
ASN00023718,19600901,PRCP,0,,,a,
ASN00023718,19600902,PRCP,3,,,a,
ASN00023718,19600903,PRCP,56,,,a,
ASN00023718,19600906,PRCP,0,,,a,
ASN00023718,19600907,PRCP,58,,,a,
ASN00023718,19600908,PRCP,18,,,a,
ASN00023718,19600909,PRCP,5,,,a,
ASN00023718,19600910,PRCP,0,,,a,
ASN00023718,19600911,PRCP,0,,,a,
ASN00023718,19600912,PRCP,3,,,a,
ASN00023718,19600913,PRCP,198,,,a,
ASN00023718,19600914,PRCP,178,,,a,
ASN00023718,19600915,PRCP,5,,,a,
ASN00023718,19600916,PRCP,33,,,a,
ASN00023718,19600917,PRCP,8,,,a,
ASN00023718,19600918,PRCP,0,,,a,
ASN00023718,19600919,PRCP,8,,,a,
ASN00023718,19600920,PRCP,0,,,a,
ASN00023718,19600921,PRCP,0,,,a,
ASN00023718,19600922,PRCP,0,,,a,
ASN00023718,19600923,PRCP,5,,,a,
ASN00023718,19600924,PRCP,18,,,a,
ASN00023718,19600927,PRCP,8,,,a,
ASN00023718,19600928,PRCP,0,,,a,
ASN00023718,19600929,PRCP,0,,,a,
ASN00023718,19600930,PRCP,3,,,a,
ASN00023718,19600905,DAPR,2,,,a,
ASN00023718,19600926,DAPR,2,,,a,
ASN00023718,19600905,DWPR,1,,,a,
ASN00023718,19600926,DWPR,1,,,a,
ASN00023718,19600905,MDPR,33,,,a,
ASN00023718,19600926,MDPR,43,,,a,
ASN00023718,19601001,PRCP,0,,,a,
ASN00023718,19601002,PRCP,0,,,a,
ASN00023718,19601003,PRCP,0,,,a,
ASN00023718,19601004,PRCP,0,,,a,
ASN00023718,19601005,PRCP,3,,,a,
ASN00023718,19601006,PRCP,10,,,a,
ASN00023718,19601007,PRCP,8,,,a,
ASN00023718,19601008,PRCP,13,,,a,
ASN00023718,19601009,PRCP,0,,,a,
ASN00023718,19601010,PRCP,0,,,a,
ASN00023718,19601011,PRCP,0,,,a,
ASN00023718,19601012,PRCP,5,,,a,
ASN00023718,19601013,PRCP,0,,,a,
ASN00023718,19601014,PRCP,0,,,a,
ASN00023718,19601015,PRCP,0,,,a,
ASN00023718,19601016,PRCP,0,,,a,
ASN00023718,19601017,PRCP,13,,,a,
ASN00023718,19601018,PRCP,5,,,a,
ASN00023718,19601019,PRCP,0,,,a,
ASN00023718,19601020,PRCP,0,,,a,
ASN00023718,19601021,PRCP,0,,,a,
ASN00023718,19601022,PRCP,0,,,a,
ASN00023718,19601023,PRCP,0,,,a,
ASN00023718,19601024,PRCP,0,,,a,
ASN00023718,19601025,PRCP,0,,,a,
ASN00023718,19601026,PRCP,0,,,a,
ASN00023718,19601027,PRCP,0,,,a,
ASN00023718,19601028,PRCP,0,,,a,
ASN00023718,19601029,PRCP,0,,,a,
ASN00023718,19601030,PRCP,0,,,a,
ASN00023718,19601031,PRCP,3,,,a,
ASN00023718,19601101,PRCP,5,,,a,
ASN00023718,19601102,PRCP,0,,,a,
ASN00023718,19601103,PRCP,41,,,a,
ASN00023718,19601104,PRCP,0,,,a,
ASN00023718,19601105,PRCP,0,,,a,
ASN00023718,19601106,PRCP,0,,,a,
ASN00023718,19601107,PRCP,0,,,a,
ASN00023718,19601108,PRCP,30,,,a,
ASN00023718,19601109,PRCP,0,,,a,
ASN00023718,19601110,PRCP,0,,,a,
ASN00023718,19601111,PRCP,3,,,a,
ASN00023718,19601112,PRCP,137,,,a,
ASN00023718,19601113,PRCP,0,,,a,
ASN00023718,19601114,PRCP,13,,,a,
ASN00023718,19601115,PRCP,0,,,a,
ASN00023718,19601116,PRCP,0,,,a,
ASN00023718,19601117,PRCP,41,,,a,
ASN00023718,19601118,PRCP,0,,,a,
ASN00023718,19601119,PRCP,0,,,a,
ASN00023718,19601120,PRCP,0,,,a,
ASN00023718,19601121,PRCP,0,,,a,
ASN00023718,19601122,PRCP,0,,,a,
ASN00023718,19601123,PRCP,0,,,a,
ASN00023718,19601124,PRCP,10,,,a,
ASN00023718,19601125,PRCP,0,,,a,
ASN00023718,19601126,PRCP,0,,,a,
ASN00023718,19601127,PRCP,0,,,a,
ASN00023718,19601128,PRCP,0,,,a,
ASN00023718,19601129,PRCP,0,,,a,
ASN00023718,19601130,PRCP,0,,,a,
ASN00023718,19601201,PRCP,3,,,a,
ASN00023718,19601202,PRCP,0,,,a,
ASN00023718,19601203,PRCP,13,,,a,
ASN00023718,19601204,PRCP,0,,,a,
ASN00023718,19601205,PRCP,0,,,a,
ASN00023718,19601206,PRCP,0,,,a,
ASN00023718,19601207,PRCP,0,,,a,
ASN00023718,19601208,PRCP,0,,,a,
ASN00023718,19601209,PRCP,0,,,a,
ASN00023718,19601210,PRCP,0,,,a,
ASN00023718,19601211,PRCP,0,,,a,
ASN00023718,19601212,PRCP,0,,,a,
ASN00023718,19601213,PRCP,0,,,a,
ASN00023718,19601214,PRCP,0,,,a,
ASN00023718,19601215,PRCP,76,,,a,
ASN00023718,19601216,PRCP,5,,,a,
ASN00023718,19601217,PRCP,0,,,a,
ASN00023718,19601218,PRCP,0,,,a,
ASN00023718,19601219,PRCP,0,,,a,
ASN00023718,19601220,PRCP,0,,,a,
ASN00023718,19601221,PRCP,0,,,a,
ASN00023718,19601222,PRCP,0,,,a,
ASN00023718,19601223,PRCP,0,,,a,
ASN00023718,19601224,PRCP,0,,,a,
ASN00023718,19601225,PRCP,0,,,a,
ASN00023718,19601226,PRCP,0,,,a,
ASN00023718,19601227,PRCP,0,,,a,
ASN00023718,19601228,PRCP,0,,,a,
ASN00023718,19601229,PRCP,0,,,a,
ASN00023718,19601230,PRCP,0,,,a,
ASN00023718,19601231,PRCP,3,,,a,
ASN00023718,19610101,PRCP,0,,,a,
ASN00023718,19610102,PRCP,0,,,a,
ASN00023718,19610103,PRCP,30,,,a,
ASN00023718,19610104,PRCP,5,,,a,
ASN00023718,19610105,PRCP,0,,,a,
ASN00023718,19610106,PRCP,0,,,a,
ASN00023718,19610107,PRCP,0,,,a,
ASN00023718,19610108,PRCP,0,,,a,
ASN00023718,19610109,PRCP,0,,,a,
ASN00023718,19610110,PRCP,0,,,a,
ASN00023718,19610111,PRCP,5,,,a,
ASN00023718,19610112,PRCP,0,,,a,
ASN00023718,19610113,PRCP,0,,,a,
ASN00023718,19610114,PRCP,0,,,a,
ASN00023718,19610115,PRCP,0,,,a,
ASN00023718,19610116,PRCP,0,,,a,
ASN00023718,19610117,PRCP,0,,,a,
ASN00023718,19610118,PRCP,0,,,a,
ASN00023718,19610119,PRCP,0,,,a,
ASN00023718,19610120,PRCP,0,,,a,
ASN00023718,19610121,PRCP,0,,,a,
ASN00023718,19610122,PRCP,0,,,a,
ASN00023718,19610123,PRCP,0,,,a,
ASN00023718,19610124,PRCP,0,,,a,
ASN00023718,19610125,PRCP,0,,,a,
ASN00023718,19610126,PRCP,0,,,a,
ASN00023718,19610127,PRCP,0,,,a,
ASN00023718,19610128,PRCP,0,,,a,
ASN00023718,19610129,PRCP,0,,,a,
ASN00023718,19610130,PRCP,0,,,a,
ASN00023718,19610131,PRCP,0,,,a,
ASN00023718,19610201,PRCP,18,,,a,
ASN00023718,19610202,PRCP,0,,,a,
ASN00023718,19610203,PRCP,0,,,a,
ASN00023718,19610204,PRCP,0,,,a,
ASN00023718,19610205,PRCP,0,,,a,
ASN00023718,19610206,PRCP,0,,,a,
ASN00023718,19610207,PRCP,0,,,a,
ASN00023718,19610208,PRCP,94,,,a,
ASN00023718,19610209,PRCP,25,,,a,
ASN00023718,19610210,PRCP,0,,,a,
ASN00023718,19610211,PRCP,0,,,a,
ASN00023718,19610212,PRCP,0,,,a,
ASN00023718,19610213,PRCP,0,,,a,
ASN00023718,19610214,PRCP,0,,,a,
ASN00023718,19610215,PRCP,0,,,a,
ASN00023718,19610216,PRCP,0,,,a,
ASN00023718,19610217,PRCP,0,,,a,
ASN00023718,19610218,PRCP,0,,,a,
ASN00023718,19610219,PRCP,0,,,a,
ASN00023718,19610220,PRCP,0,,,a,
ASN00023718,19610221,PRCP,0,,,a,
ASN00023718,19610222,PRCP,20,,,a,
ASN00023718,19610223,PRCP,0,,,a,
ASN00023718,19610224,PRCP,3,,,a,
ASN00023718,19610225,PRCP,33,,,a,
ASN00023718,19610226,PRCP,0,,,a,
ASN00023718,19610227,PRCP,20,,,a,
ASN00023718,19610228,PRCP,0,,,a,
ASN00023718,19610301,PRCP,0,,,a,
ASN00023718,19610302,PRCP,10,,,a,
ASN00023718,19610303,PRCP,0,,,a,
ASN00023718,19610304,PRCP,0,,,a,
ASN00023718,19610305,PRCP,0,,,a,
ASN00023718,19610306,PRCP,13,,,a,
ASN00023718,19610307,PRCP,0,,,a,
ASN00023718,19610308,PRCP,0,,,a,
ASN00023718,19610309,PRCP,30,,,a,
ASN00023718,19610310,PRCP,0,,,a,
ASN00023718,19610311,PRCP,0,,,a,
ASN00023718,19610312,PRCP,0,,,a,
ASN00023718,19610313,PRCP,0,,,a,
ASN00023718,19610314,PRCP,0,,,a,
ASN00023718,19610315,PRCP,0,,,a,
ASN00023718,19610316,PRCP,0,,,a,
ASN00023718,19610317,PRCP,0,,,a,
ASN00023718,19610318,PRCP,0,,,a,
ASN00023718,19610321,PRCP,0,,,a,
ASN00023718,19610322,PRCP,0,,,a,
ASN00023718,19610323,PRCP,0,,,a,
ASN00023718,19610324,PRCP,3,,,a,
ASN00023718,19610325,PRCP,0,,,a,
ASN00023718,19610326,PRCP,0,,,a,
ASN00023718,19610327,PRCP,0,,,a,
ASN00023718,19610328,PRCP,0,,,a,
ASN00023718,19610329,PRCP,0,,,a,
ASN00023718,19610330,PRCP,0,,,a,
ASN00023718,19610331,PRCP,0,,,a,
ASN00023718,19610320,DAPR,2,,,a,
ASN00023718,19610320,DWPR,1,,,a,
ASN00023718,19610320,MDPR,51,,,a,
ASN00023718,19610401,PRCP,0,,,a,
ASN00023718,19610402,PRCP,0,,,a,
ASN00023718,19610403,PRCP,0,,,a,
ASN00023718,19610404,PRCP,23,,,a,
ASN00023718,19610405,PRCP,86,,,a,
ASN00023718,19610406,PRCP,13,,,a,
ASN00023718,19610407,PRCP,56,,,a,
ASN00023718,19610408,PRCP,3,,,a,
ASN00023718,19610409,PRCP,0,,,a,
ASN00023718,19610410,PRCP,15,,,a,
ASN00023718,19610411,PRCP,28,,,a,
ASN00023718,19610412,PRCP,8,,,a,
ASN00023718,19610413,PRCP,41,,,a,
ASN00023718,19610414,PRCP,38,,,a,
ASN00023718,19610415,PRCP,51,,,a,
ASN00023718,19610418,PRCP,0,,,a,
ASN00023718,19610419,PRCP,5,,,a,
ASN00023718,19610420,PRCP,74,,,a,
ASN00023718,19610421,PRCP,0,,,a,
ASN00023718,19610422,PRCP,0,,,a,
ASN00023718,19610425,PRCP,0,,,a,
ASN00023718,19610426,PRCP,10,,,a,
ASN00023718,19610427,PRCP,0,,,a,
ASN00023718,19610428,PRCP,0,,,a,
ASN00023718,19610429,PRCP,0,,,a,
ASN00023718,19610430,PRCP,0,,,a,
ASN00023718,19610417,DAPR,2,,,a,
ASN00023718,19610424,DAPR,2,,,a,
ASN00023718,19610417,DWPR,1,,,a,
ASN00023718,19610424,DWPR,1,,,a,
ASN00023718,19610417,MDPR,33,,,a,
ASN00023718,19610424,MDPR,25,,,a,
ASN00023718,19610501,PRCP,0,,,a,
ASN00023718,19610502,PRCP,0,,,a,
ASN00023718,19610503,PRCP,97,,,a,
ASN00023718,19610504,PRCP,8,,,a,
ASN00023718,19610505,PRCP,23,,,a,
ASN00023718,19610506,PRCP,5,,,a,
ASN00023718,19610507,PRCP,0,,,a,
ASN00023718,19610508,PRCP,8,,,a,
ASN00023718,19610509,PRCP,0,,,a,
ASN00023718,19610510,PRCP,0,,,a,
ASN00023718,19610511,PRCP,0,,,a,
ASN00023718,19610512,PRCP,0,,,a,
ASN00023718,19610513,PRCP,5,,,a,
ASN00023718,19610514,PRCP,0,,,a,
ASN00023718,19610515,PRCP,10,,,a,
ASN00023718,19610516,PRCP,0,,,a,
ASN00023718,19610517,PRCP,0,,,a,
ASN00023718,19610518,PRCP,0,,,a,
ASN00023718,19610519,PRCP,0,,,a,
ASN00023718,19610520,PRCP,0,,,a,
ASN00023718,19610521,PRCP,0,,,a,
ASN00023718,19610522,PRCP,0,,,a,
ASN00023718,19610523,PRCP,0,,,a,
ASN00023718,19610524,PRCP,5,,,a,
ASN00023718,19610525,PRCP,20,,,a,
ASN00023718,19610526,PRCP,5,,,a,
ASN00023718,19610527,PRCP,3,,,a,
ASN00023718,19610528,PRCP,0,,,a,
ASN00023718,19610529,PRCP,10,,,a,
ASN00023718,19610530,PRCP,0,,,a,
ASN00023718,19610531,PRCP,0,,,a,
ASN00023718,19610601,PRCP,0,,,a,
ASN00023718,19610602,PRCP,0,,,a,
ASN00023718,19610603,PRCP,20,,,a,
ASN00023718,19610604,PRCP,0,,,a,
ASN00023718,19610605,PRCP,0,,,a,
ASN00023718,19610606,PRCP,0,,,a,
ASN00023718,19610607,PRCP,0,,,a,
ASN00023718,19610608,PRCP,36,,,a,
ASN00023718,19610609,PRCP,5,,,a,
ASN00023718,19610610,PRCP,0,,,a,
ASN00023718,19610611,PRCP,0,,,a,
ASN00023718,19610612,PRCP,0,,,a,
ASN00023718,19610613,PRCP,0,,,a,
ASN00023718,19610614,PRCP,0,,,a,
ASN00023718,19610615,PRCP,0,,,a,
ASN00023718,19610616,PRCP,61,,,a,
ASN00023718,19610617,PRCP,36,,,a,
ASN00023718,19610620,PRCP,41,,,a,
ASN00023718,19610621,PRCP,15,,,a,
ASN00023718,19610622,PRCP,0,,,a,
ASN00023718,19610623,PRCP,0,,,a,
ASN00023718,19610624,PRCP,66,,,a,
ASN00023718,19610625,PRCP,0,,,a,
ASN00023718,19610626,PRCP,5,,,a,
ASN00023718,19610627,PRCP,0,,,a,
ASN00023718,19610628,PRCP,0,,,a,
ASN00023718,19610629,PRCP,0,,,a,
ASN00023718,19610630,PRCP,0,,,a,
ASN00023718,19610619,DAPR,2,,,a,
ASN00023718,19610619,DWPR,1,,,a,
ASN00023718,19610619,MDPR,71,,,a,
ASN00023718,19610701,PRCP,0,,,a,
ASN00023718,19610704,PRCP,3,,,a,
ASN00023718,19610705,PRCP,112,,,a,
ASN00023718,19610706,PRCP,109,,,a,
ASN00023718,19610707,PRCP,137,,,a,
ASN00023718,19610708,PRCP,10,,,a,
ASN00023718,19610709,PRCP,0,,,a,
ASN00023718,19610710,PRCP,0,,,a,
ASN00023718,19610711,PRCP,0,,,a,
ASN00023718,19610712,PRCP,0,,,a,
ASN00023718,19610713,PRCP,0,,,a,
ASN00023718,19610714,PRCP,10,,,a,
ASN00023718,19610715,PRCP,5,,,a,
ASN00023718,19610716,PRCP,0,,,a,
ASN00023718,19610717,PRCP,8,,,a,
ASN00023718,19610718,PRCP,0,,,a,
ASN00023718,19610719,PRCP,0,,,a,
ASN00023718,19610720,PRCP,0,,,a,
ASN00023718,19610721,PRCP,0,,,a,
ASN00023718,19610722,PRCP,0,,,a,
ASN00023718,19610725,PRCP,0,,,a,
ASN00023718,19610726,PRCP,38,,,a,
ASN00023718,19610727,PRCP,41,,,a,
ASN00023718,19610728,PRCP,25,,,a,
ASN00023718,19610729,PRCP,13,,,a,
ASN00023718,19610730,PRCP,0,,,a,
ASN00023718,19610731,PRCP,18,,,a,
ASN00023718,19610703,DAPR,2,,,a,
ASN00023718,19610724,DAPR,2,,,a,
ASN00023718,19610703,DWPR,1,,,a,
ASN00023718,19610724,DWPR,1,,,a,
ASN00023718,19610703,MDPR,51,,,a,
ASN00023718,19610724,MDPR,127,,,a,
ASN00023718,19610801,PRCP,3,,,a,
ASN00023718,19610802,PRCP,5,,,a,
ASN00023718,19610803,PRCP,3,,,a,
ASN00023718,19610804,PRCP,5,,,a,
ASN00023718,19610805,PRCP,0,,,a,
ASN00023718,19610806,PRCP,0,,,a,
ASN00023718,19610807,PRCP,0,,,a,
ASN00023718,19610808,PRCP,0,,,a,
ASN00023718,19610809,PRCP,15,,,a,
ASN00023718,19610810,PRCP,15,,,a,
ASN00023718,19610811,PRCP,0,,,a,
ASN00023718,19610812,PRCP,0,,,a,
ASN00023718,19610813,PRCP,0,,,a,
ASN00023718,19610814,PRCP,0,,,a,
ASN00023718,19610815,PRCP,5,,,a,
ASN00023718,19610816,PRCP,18,,,a,
ASN00023718,19610817,PRCP,8,,,a,
ASN00023718,19610818,PRCP,18,,,a,
ASN00023718,19610819,PRCP,0,,,a,
ASN00023718,19610822,PRCP,0,,,a,
ASN00023718,19610823,PRCP,66,,,a,
ASN00023718,19610824,PRCP,30,,,a,
ASN00023718,19610825,PRCP,0,,,a,
ASN00023718,19610826,PRCP,0,,,a,
ASN00023718,19610827,PRCP,0,,,a,
ASN00023718,19610828,PRCP,0,,,a,
ASN00023718,19610829,PRCP,46,,,a,
ASN00023718,19610830,PRCP,0,,,a,
ASN00023718,19610831,PRCP,33,,,a,
ASN00023718,19610821,DAPR,2,,,a,
ASN00023718,19610821,DWPR,1,,,a,
ASN00023718,19610821,MDPR,66,,,a,
ASN00023718,19610901,PRCP,13,,,a,
ASN00023718,19610902,PRCP,48,,,a,
ASN00023718,19610903,PRCP,0,,,a,
ASN00023718,19610904,PRCP,0,,,a,
ASN00023718,19610905,PRCP,15,,,a,
ASN00023718,19610906,PRCP,5,,,a,
ASN00023718,19610907,PRCP,0,,,a,
ASN00023718,19610908,PRCP,0,,,a,
ASN00023718,19610909,PRCP,0,,,a,
ASN00023718,19610910,PRCP,0,,,a,
ASN00023718,19610911,PRCP,0,,,a,
ASN00023718,19610912,PRCP,0,,,a,
ASN00023718,19610913,PRCP,23,,,a,
ASN00023718,19610914,PRCP,15,,,a,
ASN00023718,19610915,PRCP,25,,,a,
ASN00023718,19610916,PRCP,10,,,a,
ASN00023718,19610917,PRCP,0,,,a,
ASN00023718,19610918,PRCP,0,,,a,
ASN00023718,19610919,PRCP,0,,,a,
ASN00023718,19610920,PRCP,0,,,a,
ASN00023718,19610921,PRCP,0,,,a,
ASN00023718,19610922,PRCP,0,,,a,
ASN00023718,19610923,PRCP,0,,,a,
ASN00023718,19610924,PRCP,0,,,a,
ASN00023718,19610925,PRCP,0,,,a,
ASN00023718,19610926,PRCP,0,,,a,
ASN00023718,19610927,PRCP,0,,,a,
ASN00023718,19610928,PRCP,0,,,a,
ASN00023718,19610929,PRCP,0,,,a,
ASN00023718,19610930,PRCP,0,,,a,
ASN00023718,19611001,PRCP,0,,,a,
ASN00023718,19611002,PRCP,0,,,a,
ASN00023718,19611003,PRCP,0,,,a,
ASN00023718,19611004,PRCP,0,,,a,
ASN00023718,19611005,PRCP,0,,,a,
ASN00023718,19611006,PRCP,0,,,a,
ASN00023718,19611007,PRCP,0,,,a,
ASN00023718,19611008,PRCP,0,,,a,
ASN00023718,19611009,PRCP,0,,,a,
ASN00023718,19611010,PRCP,8,,,a,
ASN00023718,19611011,PRCP,64,,,a,
ASN00023718,19611012,PRCP,5,,,a,
ASN00023718,19611013,PRCP,0,,,a,
ASN00023718,19611014,PRCP,5,,,a,
ASN00023718,19611015,PRCP,0,,,a,
ASN00023718,19611016,PRCP,5,,,a,
ASN00023718,19611017,PRCP,0,,,a,
ASN00023718,19611018,PRCP,0,,,a,
ASN00023718,19611019,PRCP,0,,,a,
ASN00023718,19611020,PRCP,0,,,a,
ASN00023718,19611021,PRCP,0,,,a,
ASN00023718,19611022,PRCP,0,,,a,
ASN00023718,19611023,PRCP,0,,,a,
ASN00023718,19611024,PRCP,0,,,a,
ASN00023718,19611025,PRCP,3,,,a,
ASN00023718,19611026,PRCP,0,,,a,
ASN00023718,19611027,PRCP,0,,,a,
ASN00023718,19611028,PRCP,0,,,a,
ASN00023718,19611029,PRCP,0,,,a,
ASN00023718,19611030,PRCP,0,,,a,
ASN00023718,19611031,PRCP,46,,,a,
ASN00023718,19611101,PRCP,20,,,a,
ASN00023718,19611102,PRCP,25,,,a,
ASN00023718,19611103,PRCP,0,,,a,
ASN00023718,19611104,PRCP,0,,,a,
ASN00023718,19611105,PRCP,0,,,a,
ASN00023718,19611106,PRCP,0,,,a,
ASN00023718,19611107,PRCP,18,,,a,
ASN00023718,19611108,PRCP,0,,,a,
ASN00023718,19611109,PRCP,13,,,a,
ASN00023718,19611110,PRCP,15,,,a,
ASN00023718,19611111,PRCP,0,,,a,
ASN00023718,19611112,PRCP,0,,,a,
ASN00023718,19611113,PRCP,0,,,a,
ASN00023718,19611114,PRCP,0,,,a,
ASN00023718,19611115,PRCP,15,,,a,
ASN00023718,19611116,PRCP,0,,,a,
ASN00023718,19611117,PRCP,74,,,a,
ASN00023718,19611118,PRCP,28,,,a,
ASN00023718,19611119,PRCP,0,,,a,
ASN00023718,19611120,PRCP,0,,,a,
ASN00023718,19611121,PRCP,0,,,a,
ASN00023718,19611122,PRCP,0,,,a,
ASN00023718,19611123,PRCP,0,,,a,
ASN00023718,19611124,PRCP,8,,,a,
ASN00023718,19611125,PRCP,0,,,a,
ASN00023718,19611126,PRCP,0,,,a,
ASN00023718,19611127,PRCP,0,,,a,
ASN00023718,19611128,PRCP,0,,,a,
ASN00023718,19611129,PRCP,3,,,a,
ASN00023718,19611130,PRCP,13,,,a,
ASN00023718,19611201,PRCP,0,,,a,
ASN00023718,19611202,PRCP,0,,,a,
ASN00023718,19611203,PRCP,0,,,a,
ASN00023718,19611204,PRCP,0,,,a,
ASN00023718,19611205,PRCP,0,,,a,
ASN00023718,19611206,PRCP,28,,,a,
ASN00023718,19611207,PRCP,0,,,a,
ASN00023718,19611208,PRCP,8,,,a,
ASN00023718,19611209,PRCP,8,,,a,
ASN00023718,19611210,PRCP,0,,,a,
ASN00023718,19611211,PRCP,0,,,a,
ASN00023718,19611212,PRCP,0,,,a,
ASN00023718,19611213,PRCP,28,,,a,
ASN00023718,19611214,PRCP,13,,,a,
ASN00023718,19611215,PRCP,38,,,a,
ASN00023718,19611216,PRCP,0,,,a,
ASN00023718,19611219,PRCP,10,,,a,
ASN00023718,19611220,PRCP,0,,,a,
ASN00023718,19611221,PRCP,0,,,a,
ASN00023718,19611222,PRCP,0,,,a,
ASN00023718,19611223,PRCP,0,,,a,
ASN00023718,19611224,PRCP,0,,,a,
ASN00023718,19611225,PRCP,0,,,a,
ASN00023718,19611226,PRCP,0,,,a,
ASN00023718,19611227,PRCP,0,,,a,
ASN00023718,19611228,PRCP,0,,,a,
ASN00023718,19611229,PRCP,0,,,a,
ASN00023718,19611230,PRCP,0,,,a,
ASN00023718,19611231,PRCP,0,,,a,
ASN00023718,19611218,DAPR,2,,,a,
ASN00023718,19611218,DWPR,1,,,a,
ASN00023718,19611218,MDPR,30,,,a,
ASN00023718,19620101,PRCP,0,,,a,
ASN00023718,19620102,PRCP,0,,,a,
ASN00023718,19620103,PRCP,0,,,a,
ASN00023718,19620104,PRCP,0,,,a,
ASN00023718,19620105,PRCP,0,,,a,
ASN00023718,19620106,PRCP,0,,,a,
ASN00023718,19620107,PRCP,0,,,a,
ASN00023718,19620108,PRCP,0,,,a,
ASN00023718,19620109,PRCP,0,,,a,
ASN00023718,19620110,PRCP,0,,,a,
ASN00023718,19620111,PRCP,0,,,a,
ASN00023718,19620112,PRCP,0,,,a,
ASN00023718,19620113,PRCP,0,,,a,
ASN00023718,19620114,PRCP,0,,,a,
ASN00023718,19620115,PRCP,0,,,a,
ASN00023718,19620116,PRCP,0,,,a,
ASN00023718,19620117,PRCP,15,,,a,
ASN00023718,19620118,PRCP,0,,,a,
ASN00023718,19620119,PRCP,18,,,a,
ASN00023718,19620120,PRCP,13,,,a,
ASN00023718,19620121,PRCP,0,,,a,
ASN00023718,19620122,PRCP,0,,,a,
ASN00023718,19620123,PRCP,0,,,a,
ASN00023718,19620124,PRCP,0,,,a,
ASN00023718,19620125,PRCP,0,,,a,
ASN00023718,19620126,PRCP,0,,,a,
ASN00023718,19620127,PRCP,0,,,a,
ASN00023718,19620128,PRCP,0,,,a,
ASN00023718,19620129,PRCP,0,,,a,
ASN00023718,19620130,PRCP,0,,,a,
ASN00023718,19620131,PRCP,0,,,a,
ASN00023718,19620201,PRCP,0,,,a,
ASN00023718,19620202,PRCP,0,,,a,
ASN00023718,19620203,PRCP,3,,,a,
ASN00023718,19620204,PRCP,0,,,a,
ASN00023718,19620205,PRCP,0,,,a,
ASN00023718,19620206,PRCP,0,,,a,
ASN00023718,19620207,PRCP,0,,,a,
ASN00023718,19620208,PRCP,0,,,a,
ASN00023718,19620209,PRCP,0,,,a,
ASN00023718,19620210,PRCP,0,,,a,
ASN00023718,19620211,PRCP,0,,,a,
ASN00023718,19620212,PRCP,0,,,a,
ASN00023718,19620213,PRCP,0,,,a,
ASN00023718,19620214,PRCP,5,,,a,
ASN00023718,19620215,PRCP,0,,,a,
ASN00023718,19620216,PRCP,0,,,a,
ASN00023718,19620217,PRCP,0,,,a,
ASN00023718,19620218,PRCP,0,,,a,
ASN00023718,19620219,PRCP,0,,,a,
ASN00023718,19620220,PRCP,147,,,a,
ASN00023718,19620221,PRCP,5,,,a,
ASN00023718,19620222,PRCP,5,,,a,
ASN00023718,19620223,PRCP,0,,,a,
ASN00023718,19620224,PRCP,0,,,a,
ASN00023718,19620225,PRCP,0,,,a,
ASN00023718,19620226,PRCP,0,,,a,
ASN00023718,19620227,PRCP,0,,,a,
ASN00023718,19620228,PRCP,0,,,a,
ASN00023718,19620301,PRCP,0,,,a,
ASN00023718,19620302,PRCP,0,,,a,
ASN00023718,19620303,PRCP,5,,,a,
ASN00023718,19620304,PRCP,0,,,a,
ASN00023718,19620305,PRCP,0,,,a,
ASN00023718,19620306,PRCP,0,,,a,
ASN00023718,19620307,PRCP,8,,,a,
ASN00023718,19620308,PRCP,0,,,a,
ASN00023718,19620309,PRCP,0,,,a,
ASN00023718,19620310,PRCP,0,,,a,
ASN00023718,19620311,PRCP,0,,,a,
ASN00023718,19620312,PRCP,0,,,a,
ASN00023718,19620313,PRCP,0,,,a,
ASN00023718,19620314,PRCP,0,,,a,
ASN00023718,19620315,PRCP,0,,,a,
ASN00023718,19620316,PRCP,0,,,a,
ASN00023718,19620317,PRCP,15,,,a,
ASN00023718,19620318,PRCP,0,,,a,
ASN00023718,19620319,PRCP,0,,,a,
ASN00023718,19620320,PRCP,0,,,a,
ASN00023718,19620321,PRCP,0,,,a,
ASN00023718,19620322,PRCP,0,,,a,
ASN00023718,19620323,PRCP,0,,,a,
ASN00023718,19620324,PRCP,0,,,a,
ASN00023718,19620325,PRCP,0,,,a,
ASN00023718,19620326,PRCP,0,,,a,
ASN00023718,19620327,PRCP,25,,,a,
ASN00023718,19620328,PRCP,61,,,a,
ASN00023718,19620329,PRCP,25,,,a,
ASN00023718,19620330,PRCP,0,,,a,
ASN00023718,19620331,PRCP,0,,,a,
ASN00023718,19620401,PRCP,0,,,a,
ASN00023718,19620402,PRCP,0,,,a,
ASN00023718,19620403,PRCP,0,,,a,
ASN00023718,19620404,PRCP,20,,,a,
ASN00023718,19620405,PRCP,0,,,a,
ASN00023718,19620406,PRCP,0,,,a,
ASN00023718,19620407,PRCP,0,,,a,
ASN00023718,19620408,PRCP,0,,,a,
ASN00023718,19620409,PRCP,0,,,a,
ASN00023718,19620410,PRCP,0,,,a,
ASN00023718,19620411,PRCP,0,,,a,
ASN00023718,19620412,PRCP,0,,,a,
ASN00023718,19620413,PRCP,3,,,a,
ASN00023718,19620414,PRCP,0,,,a,
ASN00023718,19620415,PRCP,0,,,a,
ASN00023718,19620416,PRCP,0,,,a,
ASN00023718,19620417,PRCP,0,,,a,
ASN00023718,19620418,PRCP,0,,,a,
ASN00023718,19620419,PRCP,0,,,a,
ASN00023718,19620420,PRCP,0,,,a,
ASN00023718,19620421,PRCP,0,,,a,
ASN00023718,19620422,PRCP,0,,,a,
ASN00023718,19620423,PRCP,0,,,a,
ASN00023718,19620424,PRCP,0,,,a,
ASN00023718,19620425,PRCP,0,,,a,
ASN00023718,19620426,PRCP,0,,,a,
ASN00023718,19620427,PRCP,0,,,a,
ASN00023718,19620428,PRCP,41,,,a,
ASN00023718,19620430,DAPR,2,,,a,
ASN00023718,19620430,DWPR,1,,,a,
ASN00023718,19620430,MDPR,28,,,a,
ASN00023718,19620501,PRCP,76,,,a,
ASN00023718,19620502,PRCP,5,,,a,
ASN00023718,19620503,PRCP,5,,,a,
ASN00023718,19620504,PRCP,0,,,a,
ASN00023718,19620505,PRCP,0,,,a,
ASN00023718,19620506,PRCP,0,,,a,
ASN00023718,19620507,PRCP,5,,,a,
ASN00023718,19620508,PRCP,8,,,a,
ASN00023718,19620509,PRCP,71,,,a,
ASN00023718,19620510,PRCP,15,,,a,
ASN00023718,19620511,PRCP,0,,,a,
ASN00023718,19620512,PRCP,0,,,a,
ASN00023718,19620513,PRCP,0,,,a,
ASN00023718,19620514,PRCP,0,,,a,
ASN00023718,19620515,PRCP,0,,,a,
ASN00023718,19620516,PRCP,10,,,a,
ASN00023718,19620517,PRCP,13,,,a,
ASN00023718,19620518,PRCP,0,,,a,
ASN00023718,19620519,PRCP,0,,,a,
ASN00023718,19620520,PRCP,0,,,a,
ASN00023718,19620521,PRCP,0,,,a,
ASN00023718,19620522,PRCP,117,,,a,
ASN00023718,19620523,PRCP,99,,,a,
ASN00023718,19620524,PRCP,46,,,a,
ASN00023718,19620525,PRCP,10,,,a,
ASN00023718,19620526,PRCP,0,,,a,
ASN00023718,19620527,PRCP,0,,,a,
ASN00023718,19620528,PRCP,0,,,a,
ASN00023718,19620529,PRCP,8,,,a,
ASN00023718,19620530,PRCP,0,,,a,
ASN00023718,19620531,PRCP,5,,,a,
ASN00023718,19620601,PRCP,0,,,a,
ASN00023718,19620602,PRCP,13,,,a,
ASN00023718,19620605,PRCP,15,,,a,
ASN00023718,19620606,PRCP,15,,,a,
ASN00023718,19620607,PRCP,0,,,a,
ASN00023718,19620608,PRCP,0,,,a,
ASN00023718,19620609,PRCP,58,,,a,
ASN00023718,19620610,PRCP,0,,,a,
ASN00023718,19620611,PRCP,0,,,a,
ASN00023718,19620612,PRCP,0,,,a,
ASN00023718,19620613,PRCP,0,,,a,
ASN00023718,19620614,PRCP,25,,,a,
ASN00023718,19620615,PRCP,3,,,a,
ASN00023718,19620616,PRCP,0,,,a,
ASN00023718,19620617,PRCP,0,,,a,
ASN00023718,19620618,PRCP,8,,,a,
ASN00023718,19620619,PRCP,0,,,a,
ASN00023718,19620620,PRCP,0,,,a,
ASN00023718,19620621,PRCP,5,,,a,
ASN00023718,19620622,PRCP,0,,,a,
ASN00023718,19620623,PRCP,0,,,a,
ASN00023718,19620626,PRCP,0,,,a,
ASN00023718,19620627,PRCP,0,,,a,
ASN00023718,19620628,PRCP,0,,,a,
ASN00023718,19620629,PRCP,23,,,a,
ASN00023718,19620630,PRCP,79,,,a,
ASN00023718,19620604,DAPR,2,,,a,
ASN00023718,19620625,DAPR,2,,,a,
ASN00023718,19620604,DWPR,1,,,a,
ASN00023718,19620625,DWPR,1,,,a,
ASN00023718,19620604,MDPR,74,,,a,
ASN00023718,19620625,MDPR,30,,,a,
ASN00023718,19620703,PRCP,51,,,a,
ASN00023718,19620704,PRCP,3,,,a,
ASN00023718,19620705,PRCP,0,,,a,
ASN00023718,19620706,PRCP,0,,,a,
ASN00023718,19620707,PRCP,0,,,a,
ASN00023718,19620708,PRCP,0,,,a,
ASN00023718,19620709,PRCP,0,,,a,
ASN00023718,19620710,PRCP,0,,,a,
ASN00023718,19620711,PRCP,0,,,a,
ASN00023718,19620712,PRCP,0,,,a,
ASN00023718,19620713,PRCP,0,,,a,
ASN00023718,19620714,PRCP,0,,,a,
ASN00023718,19620715,PRCP,0,,,a,
ASN00023718,19620716,PRCP,0,,,a,
ASN00023718,19620717,PRCP,0,,,a,
ASN00023718,19620718,PRCP,0,,,a,
ASN00023718,19620719,PRCP,0,,,a,
ASN00023718,19620720,PRCP,33,,,a,
ASN00023718,19620721,PRCP,5,,,a,
ASN00023718,19620722,PRCP,0,,,a,
ASN00023718,19620723,PRCP,10,,,a,
ASN00023718,19620724,PRCP,76,,,a,
ASN00023718,19620725,PRCP,10,,,a,
ASN00023718,19620726,PRCP,36,,,a,
ASN00023718,19620727,PRCP,0,,,a,
ASN00023718,19620728,PRCP,13,,,a,
ASN00023718,19620729,PRCP,0,,,a,
ASN00023718,19620730,PRCP,3,,,a,
ASN00023718,19620731,PRCP,86,,,a,
ASN00023718,19620702,DAPR,2,,,a,
ASN00023718,19620702,DWPR,1,,,a,
ASN00023718,19620702,MDPR,46,,,a,
ASN00023718,19620801,PRCP,188,,,a,
ASN00023718,19620802,PRCP,76,,,a,
ASN00023718,19620803,PRCP,10,,,a,
ASN00023718,19620804,PRCP,0,,,a,
ASN00023718,19620805,PRCP,3,,,a,
ASN00023718,19620806,PRCP,69,,,a,
ASN00023718,19620807,PRCP,0,,,a,
ASN00023718,19620808,PRCP,0,,,a,
ASN00023718,19620809,PRCP,0,,,a,
ASN00023718,19620810,PRCP,5,,,a,
ASN00023718,19620811,PRCP,0,,,a,
ASN00023718,19620812,PRCP,0,,,a,
ASN00023718,19620813,PRCP,5,,,a,
ASN00023718,19620814,PRCP,0,,,a,
ASN00023718,19620815,PRCP,30,,,a,
ASN00023718,19620816,PRCP,8,,,a,
ASN00023718,19620817,PRCP,0,,,a,
ASN00023718,19620818,PRCP,0,,,a,
ASN00023718,19620821,PRCP,69,,,a,
ASN00023718,19620822,PRCP,5,,,a,
ASN00023718,19620823,PRCP,0,,,a,
ASN00023718,19620824,PRCP,86,,,a,
ASN00023718,19620825,PRCP,0,,,a,
ASN00023718,19620826,PRCP,0,,,a,
ASN00023718,19620827,PRCP,3,,,a,
ASN00023718,19620828,PRCP,8,,,a,
ASN00023718,19620829,PRCP,13,,,a,
ASN00023718,19620830,PRCP,28,,,a,
ASN00023718,19620831,PRCP,10,,,a,
ASN00023718,19620820,DAPR,2,,,a,
ASN00023718,19620820,DWPR,1,,,a,
ASN00023718,19620820,MDPR,99,,,a,
ASN00023718,19620901,PRCP,0,,,a,
ASN00023718,19620902,PRCP,0,,,a,
ASN00023718,19620903,PRCP,0,,,a,
ASN00023718,19620904,PRCP,0,,,a,
ASN00023718,19620905,PRCP,15,,,a,
ASN00023718,19620906,PRCP,28,,,a,
ASN00023718,19620907,PRCP,8,,,a,
ASN00023718,19620908,PRCP,23,,,a,
ASN00023718,19620909,PRCP,3,,,a,
ASN00023718,19620910,PRCP,0,,,a,
ASN00023718,19620911,PRCP,3,,,a,
ASN00023718,19620912,PRCP,3,,,a,
ASN00023718,19620913,PRCP,15,,,a,
ASN00023718,19620914,PRCP,0,,,a,
ASN00023718,19620915,PRCP,23,,,a,
ASN00023718,19620916,PRCP,0,,,a,
ASN00023718,19620917,PRCP,0,,,a,
ASN00023718,19620918,PRCP,0,,,a,
ASN00023718,19620919,PRCP,8,,,a,
ASN00023718,19620920,PRCP,0,,,a,
ASN00023718,19620921,PRCP,0,,,a,
ASN00023718,19620922,PRCP,0,,,a,
ASN00023718,19620923,PRCP,0,,,a,
ASN00023718,19620924,PRCP,8,,,a,
ASN00023718,19620925,PRCP,0,,,a,
ASN00023718,19620926,PRCP,3,,,a,
ASN00023718,19620927,PRCP,23,,,a,
ASN00023718,19620928,PRCP,140,,,a,
ASN00023718,19620929,PRCP,33,,,a,
ASN00023718,19620930,PRCP,5,,,a,
ASN00023718,19621001,PRCP,5,,,a,
ASN00023718,19621002,PRCP,0,,,a,
ASN00023718,19621003,PRCP,0,,,a,
ASN00023718,19621004,PRCP,97,,,a,
ASN00023718,19621005,PRCP,84,,,a,
ASN00023718,19621006,PRCP,124,,,a,
ASN00023718,19621009,PRCP,66,,,a,
ASN00023718,19621010,PRCP,8,,,a,
ASN00023718,19621011,PRCP,0,,,a,
ASN00023718,19621012,PRCP,0,,,a,
ASN00023718,19621013,PRCP,18,,,a,
ASN00023718,19621014,PRCP,0,,,a,
ASN00023718,19621015,PRCP,0,,,a,
ASN00023718,19621016,PRCP,0,,,a,
ASN00023718,19621017,PRCP,53,,,a,
ASN00023718,19621018,PRCP,0,,,a,
ASN00023718,19621019,PRCP,71,,,a,
ASN00023718,19621020,PRCP,142,,,a,
ASN00023718,19621021,PRCP,0,,,a,
ASN00023718,19621022,PRCP,5,,,a,
ASN00023718,19621023,PRCP,94,,,a,
ASN00023718,19621024,PRCP,15,,,a,
ASN00023718,19621025,PRCP,0,,,a,
ASN00023718,19621026,PRCP,0,,,a,
ASN00023718,19621027,PRCP,0,,,a,
ASN00023718,19621028,PRCP,0,,,a,
ASN00023718,19621029,PRCP,0,,,a,
ASN00023718,19621030,PRCP,0,,,a,
ASN00023718,19621031,PRCP,0,,,a,
ASN00023718,19621008,DAPR,2,,,a,
ASN00023718,19621008,DWPR,1,,,a,
ASN00023718,19621008,MDPR,183,,,a,
ASN00023718,19621101,PRCP,0,,,a,
ASN00023718,19621102,PRCP,0,,,a,
ASN00023718,19621103,PRCP,0,,,a,
ASN00023718,19621104,PRCP,0,,,a,
ASN00023718,19621105,PRCP,13,,,a,
ASN00023718,19621106,PRCP,0,,,a,
ASN00023718,19621107,PRCP,51,,,a,
ASN00023718,19621108,PRCP,0,,,a,
ASN00023718,19621109,PRCP,0,,,a,
ASN00023718,19621110,PRCP,13,,,a,
ASN00023718,19621111,PRCP,0,,,a,
ASN00023718,19621112,PRCP,0,,,a,
ASN00023718,19621113,PRCP,0,,,a,
ASN00023718,19621114,PRCP,0,,,a,
ASN00023718,19621115,PRCP,0,,,a,
ASN00023718,19621116,PRCP,0,,,a,
ASN00023718,19621117,PRCP,0,,,a,
ASN00023718,19621118,PRCP,0,,,a,
ASN00023718,19621119,PRCP,0,,,a,
ASN00023718,19621120,PRCP,18,,,a,
ASN00023718,19621121,PRCP,25,,,a,
ASN00023718,19621122,PRCP,10,,,a,
ASN00023718,19621123,PRCP,0,,,a,
ASN00023718,19621124,PRCP,0,,,a,
ASN00023718,19621125,PRCP,0,,,a,
ASN00023718,19621126,PRCP,0,,,a,
ASN00023718,19621127,PRCP,0,,,a,
ASN00023718,19621128,PRCP,0,,,a,
ASN00023718,19621129,PRCP,0,,,a,
ASN00023718,19621130,PRCP,0,,,a,
ASN00023718,19621201,PRCP,0,,,a,
ASN00023718,19621204,PRCP,0,,,a,
ASN00023718,19621205,PRCP,0,,,a,
ASN00023718,19621206,PRCP,0,,,a,
ASN00023718,19621207,PRCP,0,,,a,
ASN00023718,19621208,PRCP,0,,,a,
ASN00023718,19621209,PRCP,0,,,a,
ASN00023718,19621210,PRCP,0,,,a,
ASN00023718,19621211,PRCP,28,,,a,
ASN00023718,19621212,PRCP,0,,,a,
ASN00023718,19621213,PRCP,30,,,a,
ASN00023718,19621214,PRCP,0,,,a,
ASN00023718,19621215,PRCP,0,,,a,
ASN00023718,19621216,PRCP,0,,,a,
ASN00023718,19621217,PRCP,0,,,a,
ASN00023718,19621218,PRCP,0,,,a,
ASN00023718,19621219,PRCP,0,,,a,
ASN00023718,19621220,PRCP,0,,,a,
ASN00023718,19621221,PRCP,0,,,a,
ASN00023718,19621222,PRCP,0,,,a,
ASN00023718,19621223,PRCP,0,,,a,
ASN00023718,19621224,PRCP,0,,,a,
ASN00023718,19621225,PRCP,0,,,a,
ASN00023718,19621226,PRCP,0,,,a,
ASN00023718,19621227,PRCP,5,,,a,
ASN00023718,19621228,PRCP,71,,,a,
ASN00023718,19621229,PRCP,5,,,a,
ASN00023718,19621230,PRCP,36,,,a,
ASN00023718,19621231,PRCP,0,,,a,
ASN00023718,19621203,DAPR,2,,,a,
ASN00023718,19621203,DWPR,1,,,a,
ASN00023718,19621203,MDPR,74,,,a,
ASN00023718,19630103,PRCP,5,,,a,
ASN00023718,19630104,PRCP,0,,,a,
ASN00023718,19630105,PRCP,0,,,a,
ASN00023718,19630106,PRCP,0,,,a,
ASN00023718,19630107,PRCP,0,,,a,
ASN00023718,19630108,PRCP,0,,,a,
ASN00023718,19630109,PRCP,0,,,a,
ASN00023718,19630110,PRCP,0,,,a,
ASN00023718,19630111,PRCP,0,,,a,
ASN00023718,19630112,PRCP,0,,,a,
ASN00023718,19630115,PRCP,84,,,a,
ASN00023718,19630116,PRCP,46,,,a,
ASN00023718,19630117,PRCP,18,,,a,
ASN00023718,19630118,PRCP,5,,,a,
ASN00023718,19630119,PRCP,0,,,a,
ASN00023718,19630120,PRCP,0,,,a,
ASN00023718,19630121,PRCP,0,,,a,
ASN00023718,19630122,PRCP,0,,,a,
ASN00023718,19630123,PRCP,0,,,a,
ASN00023718,19630124,PRCP,0,,,a,
ASN00023718,19630125,PRCP,0,,,a,
ASN00023718,19630126,PRCP,0,,,a,
ASN00023718,19630129,PRCP,58,,,a,
ASN00023718,19630130,PRCP,0,,,a,
ASN00023718,19630131,PRCP,0,,,a,
ASN00023718,19630102,DAPR,2,,,a,
ASN00023718,19630114,DAPR,2,,,a,
ASN00023718,19630128,DAPR,2,,,a,
ASN00023718,19630102,DWPR,1,,,a,
ASN00023718,19630114,DWPR,1,,,a,
ASN00023718,19630128,DWPR,1,,,a,
ASN00023718,19630102,MDPR,25,,,a,
ASN00023718,19630114,MDPR,462,,,a,
ASN00023718,19630128,MDPR,99,,,a,
ASN00023718,19630201,PRCP,0,,,a,
ASN00023718,19630202,PRCP,0,,,a,
ASN00023718,19630203,PRCP,0,,,a,
ASN00023718,19630204,PRCP,0,,,a,
ASN00023718,19630205,PRCP,0,,,a,
ASN00023718,19630206,PRCP,0,,,a,
ASN00023718,19630207,PRCP,0,,,a,
ASN00023718,19630208,PRCP,0,,,a,
ASN00023718,19630209,PRCP,0,,,a,
ASN00023718,19630212,PRCP,0,,,a,
ASN00023718,19630213,PRCP,20,,,a,
ASN00023718,19630214,PRCP,0,,,a,
ASN00023718,19630215,PRCP,0,,,a,
ASN00023718,19630216,PRCP,0,,,a,
ASN00023718,19630217,PRCP,0,,,a,
ASN00023718,19630218,PRCP,0,,,a,
ASN00023718,19630219,PRCP,0,,,a,
ASN00023718,19630220,PRCP,0,,,a,
ASN00023718,19630221,PRCP,0,,,a,
ASN00023718,19630222,PRCP,0,,,a,
ASN00023718,19630223,PRCP,0,,,a,
ASN00023718,19630224,PRCP,0,,,a,
ASN00023718,19630225,PRCP,0,,,a,
ASN00023718,19630226,PRCP,0,,,a,
ASN00023718,19630227,PRCP,0,,,a,
ASN00023718,19630228,PRCP,0,,,a,
ASN00023718,19630211,DAPR,2,,,a,
ASN00023718,19630211,DWPR,1,,,a,
ASN00023718,19630211,MDPR,132,,,a,
ASN00023718,19630301,PRCP,0,,,a,
ASN00023718,19630302,PRCP,0,,,a,
ASN00023718,19630303,PRCP,0,,,a,
ASN00023718,19630304,PRCP,0,,,a,
ASN00023718,19630305,PRCP,0,,,a,
ASN00023718,19630306,PRCP,0,,,a,
ASN00023718,19630307,PRCP,0,,,a,
ASN00023718,19630308,PRCP,0,,,a,
ASN00023718,19630309,PRCP,0,,,a,
ASN00023718,19630310,PRCP,0,,,a,
ASN00023718,19630311,PRCP,0,,,a,
ASN00023718,19630312,PRCP,0,,,a,
ASN00023718,19630313,PRCP,0,,,a,
ASN00023718,19630314,PRCP,0,,,a,
ASN00023718,19630315,PRCP,0,,,a,
ASN00023718,19630316,PRCP,0,,,a,
ASN00023718,19630317,PRCP,0,,,a,
ASN00023718,19630318,PRCP,0,,,a,
ASN00023718,19630319,PRCP,0,,,a,
ASN00023718,19630320,PRCP,0,,,a,
ASN00023718,19630321,PRCP,0,,,a,
ASN00023718,19630322,PRCP,0,,,a,
ASN00023718,19630323,PRCP,0,,,a,
ASN00023718,19630324,PRCP,0,,,a,
ASN00023718,19630325,PRCP,0,,,a,
ASN00023718,19630326,PRCP,0,,,a,
ASN00023718,19630327,PRCP,0,,,a,
ASN00023718,19630328,PRCP,0,,,a,
ASN00023718,19630329,PRCP,0,,,a,
ASN00023718,19630330,PRCP,8,,,a,
ASN00023718,19630331,PRCP,0,,,a,
ASN00023718,19630401,PRCP,3,,,a,
ASN00023718,19630402,PRCP,0,,,a,
ASN00023718,19630403,PRCP,0,,,a,
ASN00023718,19630404,PRCP,5,,,a,
ASN00023718,19630405,PRCP,0,,,a,
ASN00023718,19630406,PRCP,0,,,a,
ASN00023718,19630407,PRCP,0,,,a,
ASN00023718,19630408,PRCP,0,,,a,
ASN00023718,19630409,PRCP,0,,,a,
ASN00023718,19630410,PRCP,0,,,a,
ASN00023718,19630411,PRCP,0,,,a,
ASN00023718,19630412,PRCP,0,,,a,
ASN00023718,19630413,PRCP,0,,,a,
ASN00023718,19630414,PRCP,0,,,a,
ASN00023718,19630415,PRCP,0,,,a,
ASN00023718,19630416,PRCP,0,,,a,
ASN00023718,19630417,PRCP,0,,,a,
ASN00023718,19630418,PRCP,0,,,a,
ASN00023718,19630419,PRCP,0,,,a,
ASN00023718,19630420,PRCP,0,,,a,
ASN00023718,19630421,PRCP,0,,,a,
ASN00023718,19630422,PRCP,0,,,a,
ASN00023718,19630423,PRCP,0,,,a,
ASN00023718,19630424,PRCP,0,,,a,
ASN00023718,19630427,PRCP,56,,,a,
ASN00023718,19630430,PRCP,0,,,a,
ASN00023718,19630426,DAPR,2,,,a,
ASN00023718,19630429,DAPR,2,,,a,
ASN00023718,19630426,DWPR,1,,,a,
ASN00023718,19630429,DWPR,1,,,a,
ASN00023718,19630426,MDPR,64,,,a,
ASN00023718,19630429,MDPR,226,,,a,
ASN00023718,19630501,PRCP,20,,,a,
ASN00023718,19630502,PRCP,15,,,a,
ASN00023718,19630503,PRCP,0,,,a,
ASN00023718,19630504,PRCP,0,,,a,
ASN00023718,19630505,PRCP,0,,,a,
ASN00023718,19630506,PRCP,0,,,a,
ASN00023718,19630507,PRCP,0,,,a,
ASN00023718,19630508,PRCP,0,,,a,
ASN00023718,19630509,PRCP,0,,,a,
ASN00023718,19630510,PRCP,0,,,a,
ASN00023718,19630511,PRCP,0,,,a,
ASN00023718,19630514,PRCP,8,,,a,
ASN00023718,19630515,PRCP,422,,,a,
ASN00023718,19630516,PRCP,0,,,a,
ASN00023718,19630517,PRCP,3,,,a,
ASN00023718,19630518,PRCP,0,,,a,
ASN00023718,19630519,PRCP,0,,,a,
ASN00023718,19630520,PRCP,0,,,a,
ASN00023718,19630521,PRCP,23,,,a,
ASN00023718,19630522,PRCP,5,,,a,
ASN00023718,19630523,PRCP,36,,,a,
ASN00023718,19630524,PRCP,3,,,a,
ASN00023718,19630525,PRCP,25,,,a,
ASN00023718,19630528,PRCP,0,,,a,
ASN00023718,19630529,PRCP,5,,,a,
ASN00023718,19630530,PRCP,0,,,a,
ASN00023718,19630531,PRCP,112,,,a,
ASN00023718,19630513,DAPR,2,,,a,
ASN00023718,19630527,DAPR,2,,,a,
ASN00023718,19630513,DWPR,1,,,a,
ASN00023718,19630527,DWPR,1,,,a,
ASN00023718,19630513,MDPR,41,,,a,
ASN00023718,19630527,MDPR,25,,,a,
ASN00023718,19630601,PRCP,38,,,a,
ASN00023718,19630604,PRCP,0,,,a,
ASN00023718,19630605,PRCP,74,,,a,
ASN00023718,19630606,PRCP,5,,,a,
ASN00023718,19630607,PRCP,216,,,a,
ASN00023718,19630608,PRCP,86,,,a,
ASN00023718,19630609,PRCP,0,,,a,
ASN00023718,19630610,PRCP,0,,,a,
ASN00023718,19630611,PRCP,15,,,a,
ASN00023718,19630612,PRCP,5,,,a,
ASN00023718,19630613,PRCP,0,,,a,
ASN00023718,19630614,PRCP,0,,,a,
ASN00023718,19630615,PRCP,46,,,a,
ASN00023718,19630618,PRCP,30,,,a,
ASN00023718,19630619,PRCP,3,,,a,
ASN00023718,19630620,PRCP,114,,,a,
ASN00023718,19630621,PRCP,5,,,a,
ASN00023718,19630622,PRCP,0,,,a,
ASN00023718,19630623,PRCP,0,,,a,
ASN00023718,19630624,PRCP,0,,,a,
ASN00023718,19630625,PRCP,0,,,a,
ASN00023718,19630626,PRCP,0,,,a,
ASN00023718,19630627,PRCP,0,,,a,
ASN00023718,19630628,PRCP,0,,,a,
ASN00023718,19630629,PRCP,0,,,a,
ASN00023718,19630630,PRCP,0,,,a,
ASN00023718,19630603,DAPR,2,,,a,
ASN00023718,19630617,DAPR,2,,,a,
ASN00023718,19630603,DWPR,1,,,a,
ASN00023718,19630617,DWPR,1,,,a,
ASN00023718,19630603,MDPR,323,,,a,
ASN00023718,19630617,MDPR,30,,,a,
ASN00023718,19630701,PRCP,23,,,a,
ASN00023718,19630702,PRCP,18,,,a,
ASN00023718,19630703,PRCP,33,,,a,
ASN00023718,19630704,PRCP,38,,,a,
ASN00023718,19630705,PRCP,10,,,a,
ASN00023718,19630706,PRCP,20,,,a,
ASN00023718,19630709,PRCP,5,,,a,
ASN00023718,19630710,PRCP,5,,,a,
ASN00023718,19630711,PRCP,3,,,a,
ASN00023718,19630712,PRCP,5,,,a,
ASN00023718,19630713,PRCP,30,,,a,
ASN00023718,19630714,PRCP,0,,,a,
ASN00023718,19630715,PRCP,8,,,a,
ASN00023718,19630716,PRCP,3,,,a,
ASN00023718,19630717,PRCP,0,,,a,
ASN00023718,19630718,PRCP,0,,,a,
ASN00023718,19630719,PRCP,10,,,a,
ASN00023718,19630720,PRCP,25,,,a,
ASN00023718,19630723,PRCP,38,,,a,
ASN00023718,19630724,PRCP,8,,,a,
ASN00023718,19630725,PRCP,0,,,a,
ASN00023718,19630726,PRCP,0,,,a,
ASN00023718,19630727,PRCP,15,,,a,
ASN00023718,19630730,PRCP,38,,,a,
ASN00023718,19630731,PRCP,0,,,a,
ASN00023718,19630708,DAPR,2,,,a,
ASN00023718,19630722,DAPR,2,,,a,
ASN00023718,19630729,DAPR,2,,,a,
ASN00023718,19630708,DWPR,1,,,a,
ASN00023718,19630722,DWPR,1,,,a,
ASN00023718,19630729,DWPR,1,,,a,
ASN00023718,19630708,MDPR,112,,,a,
ASN00023718,19630722,MDPR,135,,,a,
ASN00023718,19630729,MDPR,259,,,a,
ASN00023718,19630801,PRCP,0,,,a,
ASN00023718,19630802,PRCP,28,,,a,
ASN00023718,19630803,PRCP,0,,,a,
ASN00023718,19630806,PRCP,13,,,a,
ASN00023718,19630807,PRCP,0,,,a,
ASN00023718,19630808,PRCP,0,,,a,
ASN00023718,19630809,PRCP,0,,,a,
ASN00023718,19630810,PRCP,0,,,a,
ASN00023718,19630811,PRCP,0,,,a,
ASN00023718,19630812,PRCP,0,,,a,
ASN00023718,19630813,PRCP,0,,,a,
ASN00023718,19630814,PRCP,23,,,a,
ASN00023718,19630815,PRCP,20,,,a,
ASN00023718,19630816,PRCP,10,,,a,
ASN00023718,19630817,PRCP,0,,,a,
ASN00023718,19630818,PRCP,0,,,a,
ASN00023718,19630819,PRCP,0,,,a,
ASN00023718,19630820,PRCP,0,,,a,
ASN00023718,19630821,PRCP,0,,,a,
ASN00023718,19630822,PRCP,81,,,a,
ASN00023718,19630823,PRCP,0,,,a,
ASN00023718,19630824,PRCP,18,,,a,
ASN00023718,19630827,PRCP,38,,,a,
ASN00023718,19630828,PRCP,61,,,a,
ASN00023718,19630829,PRCP,5,,,a,
ASN00023718,19630830,PRCP,0,,,a,
ASN00023718,19630831,PRCP,3,,,a,
ASN00023718,19630805,DAPR,2,,,a,
ASN00023718,19630826,DAPR,2,,,a,
ASN00023718,19630805,DWPR,1,,,a,
ASN00023718,19630826,DWPR,1,,,a,
ASN00023718,19630805,MDPR,86,,,a,
ASN00023718,19630826,MDPR,86,,,a,
ASN00023718,19630901,PRCP,0,,,a,
ASN00023718,19630902,PRCP,0,,,a,
ASN00023718,19630903,PRCP,0,,,a,
ASN00023718,19630904,PRCP,33,,,a,
ASN00023718,19630905,PRCP,13,,,a,
ASN00023718,19630906,PRCP,28,,,a,
ASN00023718,19630907,PRCP,8,,,a,
ASN00023718,19630910,PRCP,0,,,a,
ASN00023718,19630911,PRCP,18,,,a,
ASN00023718,19630912,PRCP,66,,,a,
ASN00023718,19630913,PRCP,3,,,a,
ASN00023718,19630914,PRCP,0,,,a,
ASN00023718,19630917,PRCP,0,,,a,
ASN00023718,19630918,PRCP,0,,,a,
ASN00023718,19630919,PRCP,0,,,a,
ASN00023718,19630920,PRCP,0,,,a,
ASN00023718,19630921,PRCP,0,,,a,
ASN00023718,19630924,PRCP,3,,,a,
ASN00023718,19630925,PRCP,0,,,a,
ASN00023718,19630926,PRCP,0,,,a,
ASN00023718,19630927,PRCP,0,,,a,
ASN00023718,19630928,PRCP,0,,,a,
ASN00023718,19630929,PRCP,0,,,a,
ASN00023718,19630930,PRCP,10,,,a,
ASN00023718,19630909,DAPR,2,,,a,
ASN00023718,19630916,DAPR,2,,,a,
ASN00023718,19630923,DAPR,2,,,a,
ASN00023718,19630909,DWPR,1,,,a,
ASN00023718,19630916,DWPR,1,,,a,
ASN00023718,19630923,DWPR,1,,,a,
ASN00023718,19630909,MDPR,28,,,a,
ASN00023718,19630916,MDPR,61,,,a,
ASN00023718,19630923,MDPR,30,,,a,
ASN00023718,19631001,PRCP,0,,,a,
ASN00023718,19631002,PRCP,5,,,a,
ASN00023718,19631003,PRCP,0,,,a,
ASN00023718,19631004,PRCP,0,,,a,
ASN00023718,19631005,PRCP,0,,,a,
ASN00023718,19631006,PRCP,0,,,a,
ASN00023718,19631007,PRCP,0,,,a,
ASN00023718,19631008,PRCP,0,,,a,
ASN00023718,19631009,PRCP,0,,,a,
ASN00023718,19631010,PRCP,0,,,a,
ASN00023718,19631011,PRCP,0,,,a,
ASN00023718,19631012,PRCP,23,,,a,
ASN00023718,19631013,PRCP,0,,,a,
ASN00023718,19631014,PRCP,0,,,a,
ASN00023718,19631015,PRCP,0,,,a,
ASN00023718,19631016,PRCP,0,,,a,
ASN00023718,19631017,PRCP,0,,,a,
ASN00023718,19631018,PRCP,0,,,a,
ASN00023718,19631019,PRCP,0,,,a,
ASN00023718,19631020,PRCP,0,,,a,
ASN00023718,19631021,PRCP,10,,,a,
ASN00023718,19631022,PRCP,0,,,a,
ASN00023718,19631023,PRCP,0,,,a,
ASN00023718,19631024,PRCP,0,,,a,
ASN00023718,19631025,PRCP,0,,,a,
ASN00023718,19631026,PRCP,3,,,a,
ASN00023718,19631029,PRCP,0,,,a,
ASN00023718,19631030,PRCP,0,,,a,
ASN00023718,19631031,PRCP,0,,,a,
ASN00023718,19631028,DAPR,2,,,a,
ASN00023718,19631028,DWPR,1,,,a,
ASN00023718,19631028,MDPR,277,,,a,
ASN00023718,19631101,PRCP,0,,,a,
ASN00023718,19631102,PRCP,0,,,a,
ASN00023718,19631103,PRCP,0,,,a,
ASN00023718,19631104,PRCP,0,,,a,
ASN00023718,19631105,PRCP,0,,,a,
ASN00023718,19631106,PRCP,0,,,a,
ASN00023718,19631107,PRCP,33,,,a,
ASN00023718,19631108,PRCP,5,,,a,
ASN00023718,19631109,PRCP,0,,,a,
ASN00023718,19631110,PRCP,0,,,a,
ASN00023718,19631111,PRCP,0,,,a,
ASN00023718,19631112,PRCP,0,,,a,
ASN00023718,19631113,PRCP,5,,,a,
ASN00023718,19631114,PRCP,0,,,a,
ASN00023718,19631115,PRCP,3,,,a,
ASN00023718,19631116,PRCP,0,,,a,
ASN00023718,19631117,PRCP,0,,,a,
ASN00023718,19631118,PRCP,0,,,a,
ASN00023718,19631119,PRCP,0,,,a,
ASN00023718,19631120,PRCP,0,,,a,
ASN00023718,19631121,PRCP,0,,,a,
ASN00023718,19631122,PRCP,0,,,a,
ASN00023718,19631123,PRCP,0,,,a,
ASN00023718,19631124,PRCP,0,,,a,
ASN00023718,19631125,PRCP,0,,,a,
ASN00023718,19631126,PRCP,0,,,a,
ASN00023718,19631127,PRCP,0,,,a,
ASN00023718,19631128,PRCP,0,,,a,
ASN00023718,19631129,PRCP,15,,,a,
ASN00023718,19631130,PRCP,23,,,a,
ASN00023718,19631201,PRCP,0,,,a,
ASN00023718,19631202,PRCP,0,,,a,
ASN00023718,19631203,PRCP,0,,,a,
ASN00023718,19631204,PRCP,0,,,a,
ASN00023718,19631205,PRCP,0,,,a,
ASN00023718,19631206,PRCP,8,,,a,
ASN00023718,19631207,PRCP,0,,,a,
ASN00023718,19631208,PRCP,0,,,a,
ASN00023718,19631209,PRCP,0,,,a,
ASN00023718,19631210,PRCP,0,,,a,
ASN00023718,19631211,PRCP,0,,,a,
ASN00023718,19631212,PRCP,0,,,a,
ASN00023718,19631213,PRCP,0,,,a,
ASN00023718,19631214,PRCP,0,,,a,
ASN00023718,19631215,PRCP,0,,,a,
ASN00023718,19631216,PRCP,0,,,a,
ASN00023718,19631217,PRCP,0,,,a,
ASN00023718,19631218,PRCP,0,,,a,
ASN00023718,19631219,PRCP,0,,,a,
ASN00023718,19631220,PRCP,0,,,a,
ASN00023718,19631221,PRCP,0,,,a,
ASN00023718,19631222,PRCP,0,,,a,
ASN00023718,19631223,PRCP,3,,,a,
ASN00023718,19631224,PRCP,0,,,a,
ASN00023718,19631225,PRCP,0,,,a,
ASN00023718,19631226,PRCP,0,,,a,
ASN00023718,19631227,PRCP,0,,,a,
ASN00023718,19631228,PRCP,0,,,a,
ASN00023718,19631229,PRCP,0,,,a,
ASN00023718,19631230,PRCP,18,,,a,
ASN00023718,19631231,PRCP,0,,,a,
ASN00023718,19640101,PRCP,0,,,a,
ASN00023718,19640102,PRCP,0,,,a,
ASN00023718,19640103,PRCP,0,,,a,
ASN00023718,19640104,PRCP,0,,,a,
ASN00023718,19640105,PRCP,0,,,a,
ASN00023718,19640106,PRCP,0,,,a,
ASN00023718,19640107,PRCP,0,,,a,
ASN00023718,19640108,PRCP,46,,,a,
ASN00023718,19640109,PRCP,15,,,a,
ASN00023718,19640110,PRCP,0,,,a,
ASN00023718,19640111,PRCP,0,,,a,
ASN00023718,19640112,PRCP,0,,,a,
ASN00023718,19640113,PRCP,0,,,a,
ASN00023718,19640114,PRCP,8,,,a,
ASN00023718,19640115,PRCP,8,,,a,
ASN00023718,19640116,PRCP,0,,,a,
ASN00023718,19640117,PRCP,0,,,a,
ASN00023718,19640118,PRCP,0,,,a,
ASN00023718,19640119,PRCP,0,,,a,
ASN00023718,19640120,PRCP,0,,,a,
ASN00023718,19640121,PRCP,0,,,a,
ASN00023718,19640122,PRCP,0,,,a,
ASN00023718,19640123,PRCP,0,,,a,
ASN00023718,19640124,PRCP,0,,,a,
ASN00023718,19640125,PRCP,0,,,a,
ASN00023718,19640126,PRCP,0,,,a,
ASN00023718,19640127,PRCP,0,,,a,
ASN00023718,19640128,PRCP,0,,,a,
ASN00023718,19640129,PRCP,0,,,a,
ASN00023718,19640130,PRCP,0,,,a,
ASN00023718,19640131,PRCP,0,,,a,
ASN00023718,19640201,PRCP,28,,,a,
ASN00023718,19640202,PRCP,0,,,a,
ASN00023718,19640203,PRCP,13,,,a,
ASN00023718,19640204,PRCP,0,,,a,
ASN00023718,19640205,PRCP,0,,,a,
ASN00023718,19640206,PRCP,74,,,a,
ASN00023718,19640207,PRCP,20,,,a,
ASN00023718,19640208,PRCP,0,,,a,
ASN00023718,19640209,PRCP,0,,,a,
ASN00023718,19640210,PRCP,0,,,a,
ASN00023718,19640211,PRCP,18,,,a,
ASN00023718,19640212,PRCP,15,,,a,
ASN00023718,19640213,PRCP,0,,,a,
ASN00023718,19640214,PRCP,0,,,a,
ASN00023718,19640215,PRCP,0,,,a,
ASN00023718,19640216,PRCP,0,,,a,
ASN00023718,19640217,PRCP,0,,,a,
ASN00023718,19640218,PRCP,0,,,a,
ASN00023718,19640219,PRCP,0,,,a,
ASN00023718,19640220,PRCP,0,,,a,
ASN00023718,19640221,PRCP,0,,,a,
ASN00023718,19640222,PRCP,5,,,a,
ASN00023718,19640223,PRCP,0,,,a,
ASN00023718,19640224,PRCP,13,,,a,
ASN00023718,19640225,PRCP,5,,,a,
ASN00023718,19640226,PRCP,3,,,a,
ASN00023718,19640227,PRCP,0,,,a,
ASN00023718,19640228,PRCP,0,,,a,
ASN00023718,19640229,PRCP,0,,,a,
ASN00023718,19640301,PRCP,48,,,a,
ASN00023718,19640302,PRCP,0,,,a,
ASN00023718,19640303,PRCP,0,,,a,
ASN00023718,19640304,PRCP,0,,,a,
ASN00023718,19640305,PRCP,0,,,a,
ASN00023718,19640306,PRCP,0,,,a,
ASN00023718,19640307,PRCP,0,,,a,
ASN00023718,19640308,PRCP,0,,,a,
ASN00023718,19640309,PRCP,0,,,a,
ASN00023718,19640310,PRCP,0,,,a,
ASN00023718,19640311,PRCP,0,,,a,
ASN00023718,19640312,PRCP,0,,,a,
ASN00023718,19640313,PRCP,0,,,a,
ASN00023718,19640314,PRCP,0,,,a,
ASN00023718,19640315,PRCP,0,,,a,
ASN00023718,19640316,PRCP,0,,,a,
ASN00023718,19640317,PRCP,0,,,a,
ASN00023718,19640318,PRCP,0,,,a,
ASN00023718,19640319,PRCP,0,,,a,
ASN00023718,19640320,PRCP,0,,,a,
ASN00023718,19640321,PRCP,0,,,a,
ASN00023718,19640322,PRCP,0,,,a,
ASN00023718,19640323,PRCP,0,,,a,
ASN00023718,19640324,PRCP,13,,,a,
ASN00023718,19640325,PRCP,0,,,a,
ASN00023718,19640326,PRCP,0,,,a,
ASN00023718,19640327,PRCP,0,,,a,
ASN00023718,19640328,PRCP,0,,,a,
ASN00023718,19640329,PRCP,0,,,a,
ASN00023718,19640330,PRCP,0,,,a,
ASN00023718,19640331,PRCP,0,,,a,
ASN00023718,19640401,PRCP,0,,,a,
ASN00023718,19640402,PRCP,0,,,a,
ASN00023718,19640403,PRCP,0,,,a,
ASN00023718,19640404,PRCP,0,,,a,
ASN00023718,19640405,PRCP,0,,,a,
ASN00023718,19640406,PRCP,0,,,a,
ASN00023718,19640407,PRCP,135,,,a,
ASN00023718,19640408,PRCP,257,,,a,
ASN00023718,19640409,PRCP,5,,,a,
ASN00023718,19640410,PRCP,0,,,a,
ASN00023718,19640411,PRCP,0,,,a,
ASN00023718,19640412,PRCP,0,,,a,
ASN00023718,19640413,PRCP,0,,,a,
ASN00023718,19640414,PRCP,0,,,a,
ASN00023718,19640415,PRCP,0,,,a,
ASN00023718,19640416,PRCP,0,,,a,
ASN00023718,19640417,PRCP,0,,,a,
ASN00023718,19640418,PRCP,0,,,a,
ASN00023718,19640419,PRCP,0,,,a,
ASN00023718,19640420,PRCP,8,,,a,
ASN00023718,19640421,PRCP,8,,,a,
ASN00023718,19640422,PRCP,0,,,a,
ASN00023718,19640423,PRCP,0,,,a,
ASN00023718,19640424,PRCP,0,,,a,
ASN00023718,19640425,PRCP,0,,,a,
ASN00023718,19640428,PRCP,0,,,a,
ASN00023718,19640429,PRCP,0,,,a,
ASN00023718,19640430,PRCP,3,,,a,
ASN00023718,19640427,DAPR,2,,,a,
ASN00023718,19640427,DWPR,1,,,a,
ASN00023718,19640427,MDPR,46,,,a,
ASN00023718,19640501,PRCP,18,,,a,
ASN00023718,19640502,PRCP,3,,,a,
ASN00023718,19640505,PRCP,5,,,a,
ASN00023718,19640506,PRCP,0,,,a,
ASN00023718,19640507,PRCP,0,,,a,
ASN00023718,19640508,PRCP,0,,,a,
ASN00023718,19640509,PRCP,0,,,a,
ASN00023718,19640510,PRCP,0,,,a,
ASN00023718,19640511,PRCP,15,,,a,
ASN00023718,19640512,PRCP,5,,,a,
ASN00023718,19640513,PRCP,0,,,a,
ASN00023718,19640514,PRCP,0,,,a,
ASN00023718,19640515,PRCP,18,,,a,
ASN00023718,19640516,PRCP,0,,,a,
ASN00023718,19640517,PRCP,0,,,a,
ASN00023718,19640518,PRCP,0,,,a,
ASN00023718,19640519,PRCP,0,,,a,
ASN00023718,19640520,PRCP,0,,,a,
ASN00023718,19640521,PRCP,0,,,a,
ASN00023718,19640522,PRCP,0,,,a,
ASN00023718,19640523,PRCP,0,,,a,
ASN00023718,19640524,PRCP,0,,,a,
ASN00023718,19640525,PRCP,0,,,a,
ASN00023718,19640526,PRCP,196,,,a,
ASN00023718,19640527,PRCP,3,,,a,
ASN00023718,19640528,PRCP,25,,,a,
ASN00023718,19640529,PRCP,0,,,a,
ASN00023718,19640530,PRCP,13,,,a,
ASN00023718,19640531,PRCP,0,,,a,
ASN00023718,19640504,DAPR,2,,,a,
ASN00023718,19640504,DWPR,1,,,a,
ASN00023718,19640504,MDPR,229,,,a,
ASN00023718,19640601,PRCP,8,,,a,
ASN00023718,19640602,PRCP,33,,,a,
ASN00023718,19640603,PRCP,58,,,a,
ASN00023718,19640604,PRCP,15,,,a,
ASN00023718,19640605,PRCP,3,,,a,
ASN00023718,19640606,PRCP,0,,,a,
ASN00023718,19640607,PRCP,0,,,a,
ASN00023718,19640608,PRCP,0,,,a,
ASN00023718,19640609,PRCP,0,,,a,
ASN00023718,19640610,PRCP,0,,,a,
ASN00023718,19640611,PRCP,0,,,a,
ASN00023718,19640612,PRCP,0,,,a,
ASN00023718,19640613,PRCP,0,,,a,
ASN00023718,19640614,PRCP,0,,,a,
ASN00023718,19640615,PRCP,0,,,a,
ASN00023718,19640616,PRCP,38,,,a,
ASN00023718,19640617,PRCP,20,,,a,
ASN00023718,19640618,PRCP,15,,,a,
ASN00023718,19640619,PRCP,20,,,a,
ASN00023718,19640620,PRCP,109,,,a,
ASN00023718,19640621,PRCP,0,,,a,
ASN00023718,19640622,PRCP,10,,,a,
ASN00023718,19640623,PRCP,33,,,a,
ASN00023718,19640624,PRCP,0,,,a,
ASN00023718,19640625,PRCP,0,,,a,
ASN00023718,19640626,PRCP,36,,,a,
ASN00023718,19640627,PRCP,0,,,a,
ASN00023718,19640630,PRCP,61,,,a,
ASN00023718,19640629,DAPR,2,,,a,
ASN00023718,19640629,DWPR,1,,,a,
ASN00023718,19640629,MDPR,94,,,a,
ASN00023718,19640701,PRCP,137,,,a,
ASN00023718,19640702,PRCP,20,,,a,
ASN00023718,19640703,PRCP,122,,,a,
ASN00023718,19640704,PRCP,23,,,a,
ASN00023718,19640707,PRCP,20,,,a,
ASN00023718,19640708,PRCP,0,,,a,
ASN00023718,19640709,PRCP,0,,,a,
ASN00023718,19640710,PRCP,8,,,a,
ASN00023718,19640711,PRCP,81,,,a,
ASN00023718,19640714,PRCP,46,,,a,
ASN00023718,19640715,PRCP,23,,,a,
ASN00023718,19640716,PRCP,43,,,a,
ASN00023718,19640717,PRCP,94,,,a,
ASN00023718,19640718,PRCP,0,,,a,
ASN00023718,19640721,PRCP,0,,,a,
ASN00023718,19640722,PRCP,0,,,a,
ASN00023718,19640723,PRCP,23,,,a,
ASN00023718,19640724,PRCP,38,,,a,
ASN00023718,19640725,PRCP,0,,,a,
ASN00023718,19640726,PRCP,0,,,a,
ASN00023718,19640727,PRCP,0,,,a,
ASN00023718,19640728,PRCP,41,,,a,
ASN00023718,19640729,PRCP,0,,,a,
ASN00023718,19640730,PRCP,0,,,a,
ASN00023718,19640731,PRCP,66,,,a,
ASN00023718,19640706,DAPR,2,,,a,
ASN00023718,19640713,DAPR,2,,,a,
ASN00023718,19640720,DAPR,2,,,a,
ASN00023718,19640706,DWPR,1,,,a,
ASN00023718,19640713,DWPR,1,,,a,
ASN00023718,19640720,DWPR,1,,,a,
ASN00023718,19640706,MDPR,58,,,a,
ASN00023718,19640713,MDPR,391,,,a,
ASN00023718,19640720,MDPR,71,,,a,
ASN00023718,19640801,PRCP,41,,,a,
ASN00023718,19640802,PRCP,5,,,a,
ASN00023718,19640803,PRCP,0,,,a,
ASN00023718,19640804,PRCP,0,,,a,
ASN00023718,19640805,PRCP,0,,,a,
ASN00023718,19640806,PRCP,8,,,a,
ASN00023718,19640807,PRCP,0,,,a,
ASN00023718,19640808,PRCP,13,,,a,
ASN00023718,19640811,PRCP,74,,,a,
ASN00023718,19640812,PRCP,0,,,a,
ASN00023718,19640813,PRCP,18,,,a,
ASN00023718,19640814,PRCP,5,,,a,
ASN00023718,19640815,PRCP,15,,,a,
ASN00023718,19640816,PRCP,18,,,a,
ASN00023718,19640817,PRCP,0,,,a,
ASN00023718,19640818,PRCP,0,,,a,
ASN00023718,19640819,PRCP,0,,,a,
ASN00023718,19640820,PRCP,0,,,a,
ASN00023718,19640821,PRCP,0,,,a,
ASN00023718,19640822,PRCP,0,,,a,
ASN00023718,19640823,PRCP,0,,,a,
ASN00023718,19640824,PRCP,18,,,a,
ASN00023718,19640825,PRCP,8,,,a,
ASN00023718,19640826,PRCP,18,,,a,
ASN00023718,19640827,PRCP,20,,,a,
ASN00023718,19640828,PRCP,5,,,a,
ASN00023718,19640829,PRCP,10,,,a,
ASN00023718,19640830,PRCP,0,,,a,
ASN00023718,19640831,PRCP,0,,,a,
ASN00023718,19640810,DAPR,2,,,a,
ASN00023718,19640810,DWPR,1,,,a,
ASN00023718,19640810,MDPR,58,,,a,
ASN00023718,19640901,PRCP,10,,,a,
ASN00023718,19640902,PRCP,30,,,a,
ASN00023718,19640903,PRCP,3,,,a,
ASN00023718,19640904,PRCP,18,,,a,
ASN00023718,19640905,PRCP,0,,,a,
ASN00023718,19640908,PRCP,0,,,a,
ASN00023718,19640909,PRCP,0,,,a,
ASN00023718,19640910,PRCP,13,,,a,
ASN00023718,19640911,PRCP,0,,,a,
ASN00023718,19640912,PRCP,0,,,a,
ASN00023718,19640913,PRCP,0,,,a,
ASN00023718,19640914,PRCP,3,,,a,
ASN00023718,19640915,PRCP,0,,,a,
ASN00023718,19640916,PRCP,147,,,a,
ASN00023718,19640917,PRCP,18,,,a,
ASN00023718,19640918,PRCP,0,,,a,
ASN00023718,19640919,PRCP,0,,,a,
ASN00023718,19640920,PRCP,0,,,a,
ASN00023718,19640921,PRCP,5,,,a,
ASN00023718,19640922,PRCP,10,,,a,
ASN00023718,19640923,PRCP,36,,,a,
ASN00023718,19640924,PRCP,0,,,a,
ASN00023718,19640925,PRCP,0,,,a,
ASN00023718,19640926,PRCP,10,,,a,
ASN00023718,19640929,PRCP,114,,,a,
ASN00023718,19640930,PRCP,0,,,a,
ASN00023718,19640907,DAPR,2,,,a,
ASN00023718,19640928,DAPR,2,,,a,
ASN00023718,19640907,DWPR,1,,,a,
ASN00023718,19640928,DWPR,1,,,a,
ASN00023718,19640907,MDPR,66,,,a,
ASN00023718,19640928,MDPR,122,,,a,
ASN00023718,19641001,PRCP,5,,,a,
ASN00023718,19641002,PRCP,13,,,a,
ASN00023718,19641003,PRCP,38,,,a,
ASN00023718,19641004,PRCP,15,,,a,
ASN00023718,19641005,PRCP,0,,,a,
ASN00023718,19641006,PRCP,33,,,a,
ASN00023718,19641007,PRCP,5,,,a,
ASN00023718,19641008,PRCP,8,,,a,
ASN00023718,19641009,PRCP,13,,,a,
ASN00023718,19641010,PRCP,18,,,a,
ASN00023718,19641013,PRCP,0,,,a,
ASN00023718,19641014,PRCP,25,,,a,
ASN00023718,19641015,PRCP,28,,,a,
ASN00023718,19641016,PRCP,20,,,a,
ASN00023718,19641017,PRCP,23,,,a,
ASN00023718,19641018,PRCP,0,,,a,
ASN00023718,19641019,PRCP,5,,,a,
ASN00023718,19641020,PRCP,0,,,a,
ASN00023718,19641021,PRCP,0,,,a,
ASN00023718,19641022,PRCP,0,,,a,
ASN00023718,19641023,PRCP,91,,,a,
ASN00023718,19641024,PRCP,61,,,a,
ASN00023718,19641025,PRCP,0,,,a,
ASN00023718,19641026,PRCP,23,,,a,
ASN00023718,19641027,PRCP,0,,,a,
ASN00023718,19641028,PRCP,0,,,a,
ASN00023718,19641029,PRCP,0,,,a,
ASN00023718,19641030,PRCP,10,,,a,
ASN00023718,19641031,PRCP,3,,,a,
ASN00023718,19641012,DAPR,2,,,a,
ASN00023718,19641012,DWPR,1,,,a,
ASN00023718,19641012,MDPR,155,,,a,
ASN00023718,19641103,PRCP,10,,,a,
ASN00023718,19641104,PRCP,0,,,a,
ASN00023718,19641105,PRCP,13,,,a,
ASN00023718,19641106,PRCP,0,,,a,
ASN00023718,19641107,PRCP,3,,,a,
ASN00023718,19641108,PRCP,0,,,a,
ASN00023718,19641109,PRCP,0,,,a,
ASN00023718,19641110,PRCP,0,,,a,
ASN00023718,19641111,PRCP,0,,,a,
ASN00023718,19641112,PRCP,0,,,a,
ASN00023718,19641113,PRCP,0,,,a,
ASN00023718,19641114,PRCP,0,,,a,
ASN00023718,19641115,PRCP,0,,,a,
ASN00023718,19641116,PRCP,0,,,a,
ASN00023718,19641117,PRCP,64,,,a,
ASN00023718,19641118,PRCP,775,,,a,
ASN00023718,19641119,PRCP,8,,,a,
ASN00023718,19641120,PRCP,8,,,a,
ASN00023718,19641121,PRCP,0,,,a,
ASN00023718,19641122,PRCP,56,,,a,
ASN00023718,19641123,PRCP,0,,,a,
ASN00023718,19641124,PRCP,0,,,a,
ASN00023718,19641125,PRCP,0,,,a,
ASN00023718,19641126,PRCP,0,,,a,
ASN00023718,19641127,PRCP,0,,,a,
ASN00023718,19641128,PRCP,0,,,a,
ASN00023718,19641129,PRCP,0,,,a,
ASN00023718,19641130,PRCP,3,,,a,
ASN00023718,19641102,DAPR,2,,,a,
ASN00023718,19641102,DWPR,1,,,a,
ASN00023718,19641102,MDPR,152,,,a,
ASN00023718,19641201,PRCP,36,,,a,
ASN00023718,19641202,PRCP,33,,,a,
ASN00023718,19641203,PRCP,0,,,a,
ASN00023718,19641204,PRCP,0,,,a,
ASN00023718,19641205,PRCP,0,,,a,
ASN00023718,19641206,PRCP,0,,,a,
ASN00023718,19641207,PRCP,0,,,a,
ASN00023718,19641208,PRCP,0,,,a,
ASN00023718,19641209,PRCP,3,,,a,
ASN00023718,19641210,PRCP,5,,,a,
ASN00023718,19641211,PRCP,0,,,a,
ASN00023718,19641212,PRCP,0,,,a,
ASN00023718,19641213,PRCP,0,,,a,
ASN00023718,19641214,PRCP,0,,,a,
ASN00023718,19641215,PRCP,0,,,a,
ASN00023718,19641216,PRCP,8,,,a,
ASN00023718,19641217,PRCP,18,,,a,
ASN00023718,19641218,PRCP,0,,,a,
ASN00023718,19641219,PRCP,0,,,a,
ASN00023718,19641220,PRCP,0,,,a,
ASN00023718,19641221,PRCP,0,,,a,
ASN00023718,19641222,PRCP,58,,,a,
ASN00023718,19641223,PRCP,10,,,a,
ASN00023718,19641224,PRCP,0,,,a,
ASN00023718,19641225,PRCP,76,,,a,
ASN00023718,19641226,PRCP,0,,,a,
ASN00023718,19641227,PRCP,0,,,a,
ASN00023718,19641228,PRCP,0,,,a,
ASN00023718,19641229,PRCP,13,,,a,
ASN00023718,19641230,PRCP,3,,,a,
ASN00023718,19641231,PRCP,0,,,a,
ASN00023718,19650101,PRCP,0,,,a,
ASN00023718,19650102,PRCP,0,,,a,
ASN00023718,19650103,PRCP,0,,,a,
ASN00023718,19650104,PRCP,0,,,a,
ASN00023718,19650105,PRCP,0,,,a,
ASN00023718,19650106,PRCP,0,,,a,
ASN00023718,19650107,PRCP,0,,,a,
ASN00023718,19650108,PRCP,0,,,a,
ASN00023718,19650109,PRCP,0,,,a,
ASN00023718,19650110,PRCP,0,,,a,
ASN00023718,19650111,PRCP,0,,,a,
ASN00023718,19650112,PRCP,0,,,a,
ASN00023718,19650113,PRCP,3,,,a,
ASN00023718,19650114,PRCP,0,,,a,
ASN00023718,19650115,PRCP,0,,,a,
ASN00023718,19650116,PRCP,0,,,a,
ASN00023718,19650117,PRCP,0,,,a,
ASN00023718,19650118,PRCP,0,,,a,
ASN00023718,19650119,PRCP,0,,,a,
ASN00023718,19650120,PRCP,0,,,a,
ASN00023718,19650121,PRCP,0,,,a,
ASN00023718,19650122,PRCP,5,,,a,
ASN00023718,19650123,PRCP,0,,,a,
ASN00023718,19650124,PRCP,0,,,a,
ASN00023718,19650125,PRCP,0,,,a,
ASN00023718,19650126,PRCP,0,,,a,
ASN00023718,19650127,PRCP,0,,,a,
ASN00023718,19650128,PRCP,0,,,a,
ASN00023718,19650129,PRCP,8,,,a,
ASN00023718,19650130,PRCP,0,,,a,
ASN00023718,19650131,PRCP,0,,,a,
ASN00023718,19650201,PRCP,0,,,a,
ASN00023718,19650202,PRCP,0,,,a,
ASN00023718,19650203,PRCP,0,,,a,
ASN00023718,19650204,PRCP,0,,,a,
ASN00023718,19650205,PRCP,0,,,a,
ASN00023718,19650206,PRCP,0,,,a,
ASN00023718,19650207,PRCP,0,,,a,
ASN00023718,19650208,PRCP,0,,,a,
ASN00023718,19650209,PRCP,0,,,a,
ASN00023718,19650210,PRCP,3,,,a,
ASN00023718,19650211,PRCP,0,,,a,
ASN00023718,19650212,PRCP,0,,,a,
ASN00023718,19650213,PRCP,0,,,a,
ASN00023718,19650214,PRCP,0,,,a,
ASN00023718,19650215,PRCP,0,,,a,
ASN00023718,19650216,PRCP,0,,,a,
ASN00023718,19650217,PRCP,0,,,a,
ASN00023718,19650218,PRCP,0,,,a,
ASN00023718,19650219,PRCP,0,,,a,
ASN00023718,19650220,PRCP,0,,,a,
ASN00023718,19650221,PRCP,0,,,a,
ASN00023718,19650222,PRCP,13,,,a,
ASN00023718,19650223,PRCP,0,,,a,
ASN00023718,19650224,PRCP,0,,,a,
ASN00023718,19650225,PRCP,0,,,a,
ASN00023718,19650226,PRCP,0,,,a,
ASN00023718,19650227,PRCP,0,,,a,
ASN00023718,19650228,PRCP,0,,,a,
ASN00023718,19650301,PRCP,0,,,a,
ASN00023718,19650302,PRCP,0,,,a,
ASN00023718,19650303,PRCP,0,,,a,
ASN00023718,19650304,PRCP,0,,,a,
ASN00023718,19650305,PRCP,0,,,a,
ASN00023718,19650306,PRCP,18,,,a,
ASN00023718,19650307,PRCP,0,,,a,
ASN00023718,19650308,PRCP,0,,,a,
ASN00023718,19650309,PRCP,10,,,a,
ASN00023718,19650310,PRCP,0,,,a,
ASN00023718,19650311,PRCP,0,,,a,
ASN00023718,19650312,PRCP,46,,,a,
ASN00023718,19650313,PRCP,0,,,a,
ASN00023718,19650314,PRCP,0,,,a,
ASN00023718,19650315,PRCP,0,,,a,
ASN00023718,19650316,PRCP,0,,,a,
ASN00023718,19650317,PRCP,0,,,a,
ASN00023718,19650318,PRCP,0,,,a,
ASN00023718,19650319,PRCP,0,,,a,
ASN00023718,19650320,PRCP,0,,,a,
ASN00023718,19650321,PRCP,0,,,a,
ASN00023718,19650322,PRCP,0,,,a,
ASN00023718,19650323,PRCP,0,,,a,
ASN00023718,19650324,PRCP,23,,,a,
ASN00023718,19650325,PRCP,3,,,a,
ASN00023718,19650326,PRCP,0,,,a,
ASN00023718,19650327,PRCP,0,,,a,
ASN00023718,19650328,PRCP,0,,,a,
ASN00023718,19650329,PRCP,0,,,a,
ASN00023718,19650330,PRCP,0,,,a,
ASN00023718,19650331,PRCP,0,,,a,
ASN00023718,19650401,PRCP,0,,,a,
ASN00023718,19650402,PRCP,38,,,a,
ASN00023718,19650403,PRCP,0,,,a,
ASN00023718,19650404,PRCP,56,,,a,
ASN00023718,19650405,PRCP,0,,,a,
ASN00023718,19650406,PRCP,0,,,a,
ASN00023718,19650407,PRCP,0,,,a,
ASN00023718,19650408,PRCP,0,,,a,
ASN00023718,19650409,PRCP,0,,,a,
ASN00023718,19650410,PRCP,0,,,a,
ASN00023718,19650411,PRCP,0,,,a,
ASN00023718,19650412,PRCP,0,,,a,
ASN00023718,19650413,PRCP,0,,,a,
ASN00023718,19650414,PRCP,0,,,a,
ASN00023718,19650415,PRCP,0,,,a,
ASN00023718,19650418,PRCP,0,,,a,
ASN00023718,19650419,PRCP,38,,,a,
ASN00023718,19650420,PRCP,0,,,a,
ASN00023718,19650421,PRCP,5,,,a,
ASN00023718,19650422,PRCP,30,,,a,
ASN00023718,19650423,PRCP,18,,,a,
ASN00023718,19650424,PRCP,8,,,a,
ASN00023718,19650425,PRCP,0,,,a,
ASN00023718,19650426,PRCP,0,,,a,
ASN00023718,19650427,PRCP,0,,,a,
ASN00023718,19650428,PRCP,0,,,a,
ASN00023718,19650429,PRCP,0,,,a,
ASN00023718,19650430,PRCP,0,,,a,
ASN00023718,19650417,DAPR,2,,,a,
ASN00023718,19650417,DWPR,1,,,a,
ASN00023718,19650417,MDPR,56,,,a,
ASN00023718,19650501,PRCP,0,,,a,
ASN00023718,19650502,PRCP,0,,,a,
ASN00023718,19650503,PRCP,0,,,a,
ASN00023718,19650504,PRCP,0,,,a,
ASN00023718,19650505,PRCP,0,,,a,
ASN00023718,19650506,PRCP,0,,,a,
ASN00023718,19650507,PRCP,8,,,a,
ASN00023718,19650508,PRCP,66,,,a,
ASN00023718,19650511,PRCP,18,,,a,
ASN00023718,19650512,PRCP,8,,,a,
ASN00023718,19650513,PRCP,38,,,a,
ASN00023718,19650514,PRCP,18,,,a,
ASN00023718,19650515,PRCP,5,,,a,
ASN00023718,19650518,PRCP,28,,,a,
ASN00023718,19650519,PRCP,38,,,a,
ASN00023718,19650520,PRCP,3,,,a,
ASN00023718,19650521,PRCP,0,,,a,
ASN00023718,19650522,PRCP,0,,,a,
ASN00023718,19650525,PRCP,0,,,a,
ASN00023718,19650526,PRCP,0,,,a,
ASN00023718,19650527,PRCP,0,,,a,
ASN00023718,19650528,PRCP,8,,,a,
ASN00023718,19650529,PRCP,0,,,a,
ASN00023718,19650510,DAPR,2,,,a,
ASN00023718,19650517,DAPR,2,,,a,
ASN00023718,19650524,DAPR,2,,,a,
ASN00023718,19650531,DAPR,2,,,a,
ASN00023718,19650510,DWPR,1,,,a,
ASN00023718,19650517,DWPR,1,,,a,
ASN00023718,19650524,DWPR,1,,,a,
ASN00023718,19650531,DWPR,1,,,a,
ASN00023718,19650510,MDPR,48,,,a,
ASN00023718,19650517,MDPR,25,,,a,
ASN00023718,19650524,MDPR,28,,,a,
ASN00023718,19650531,MDPR,89,,,a,
ASN00023718,19650601,PRCP,0,,,a,
ASN00023718,19650602,PRCP,0,,,a,
ASN00023718,19650603,PRCP,51,,,a,
ASN00023718,19650604,PRCP,0,,,a,
ASN00023718,19650605,PRCP,0,,,a,
ASN00023718,19650606,PRCP,0,,,a,
ASN00023718,19650607,PRCP,0,,,a,
ASN00023718,19650608,PRCP,0,,,a,
ASN00023718,19650609,PRCP,18,,,a,
ASN00023718,19650610,PRCP,0,,,a,
ASN00023718,19650611,PRCP,0,,,a,
ASN00023718,19650612,PRCP,0,,,a,
ASN00023718,19650613,PRCP,0,,,a,
ASN00023718,19650614,PRCP,0,,,a,
ASN00023718,19650615,PRCP,0,,,a,
ASN00023718,19650616,PRCP,0,,,a,
ASN00023718,19650617,PRCP,8,,,a,
ASN00023718,19650618,PRCP,43,,,a,
ASN00023718,19650619,PRCP,0,,,a,
ASN00023718,19650620,PRCP,0,,,a,
ASN00023718,19650621,PRCP,13,,,a,
ASN00023718,19650622,PRCP,135,,,a,
ASN00023718,19650623,PRCP,18,,,a,
ASN00023718,19650624,PRCP,5,,,a,
ASN00023718,19650625,PRCP,0,,,a,
ASN00023718,19650626,PRCP,0,,,a,
ASN00023718,19650627,PRCP,0,,,a,
ASN00023718,19650628,PRCP,0,,,a,
ASN00023718,19650629,PRCP,0,,,a,
ASN00023718,19650630,PRCP,0,,,a,
ASN00023718,19650701,PRCP,13,,,a,
ASN00023718,19650702,PRCP,58,,,a,
ASN00023718,19650703,PRCP,3,,,a,
ASN00023718,19650704,PRCP,0,,,a,
ASN00023718,19650705,PRCP,18,,,a,
ASN00023718,19650706,PRCP,0,,,a,
ASN00023718,19650707,PRCP,0,,,a,
ASN00023718,19650708,PRCP,0,,,a,
ASN00023718,19650709,PRCP,0,,,a,
ASN00023718,19650710,PRCP,0,,,a,
ASN00023718,19650713,PRCP,43,,,a,
ASN00023718,19650714,PRCP,61,,,a,
ASN00023718,19650715,PRCP,0,,,a,
ASN00023718,19650716,PRCP,8,,,a,
ASN00023718,19650717,PRCP,61,,,a,
ASN00023718,19650718,PRCP,0,,,a,
ASN00023718,19650719,PRCP,10,,,a,
ASN00023718,19650720,PRCP,0,,,a,
ASN00023718,19650721,PRCP,20,,,a,
ASN00023718,19650722,PRCP,0,,,a,
ASN00023718,19650723,PRCP,46,,,a,
ASN00023718,19650724,PRCP,8,,,a,
ASN00023718,19650725,PRCP,0,,,a,
ASN00023718,19650726,PRCP,3,,,a,
ASN00023718,19650727,PRCP,28,,,a,
ASN00023718,19650728,PRCP,30,,,a,
ASN00023718,19650729,PRCP,51,,,a,
ASN00023718,19650730,PRCP,0,,,a,
ASN00023718,19650731,PRCP,0,,,a,
ASN00023718,19650712,DAPR,2,,,a,
ASN00023718,19650712,DWPR,1,,,a,
ASN00023718,19650712,MDPR,53,,,a,
ASN00023718,19650801,PRCP,0,,,a,
ASN00023718,19650802,PRCP,8,,,a,
ASN00023718,19650803,PRCP,0,,,a,
ASN00023718,19650804,PRCP,76,,,a,
ASN00023718,19650805,PRCP,91,,,a,
ASN00023718,19650806,PRCP,48,,,a,
ASN00023718,19650807,PRCP,23,,,a,
ASN00023718,19650808,PRCP,0,,,a,
ASN00023718,19650809,PRCP,0,,,a,
ASN00023718,19650810,PRCP,18,,,a,
ASN00023718,19650811,PRCP,89,,,a,
ASN00023718,19650812,PRCP,3,,,a,
ASN00023718,19650813,PRCP,3,,,a,
ASN00023718,19650814,PRCP,0,,,a,
ASN00023718,19650817,PRCP,23,,,a,
ASN00023718,19650818,PRCP,0,,,a,
ASN00023718,19650819,PRCP,8,,,a,
ASN00023718,19650820,PRCP,56,,,a,
ASN00023718,19650821,PRCP,3,,,a,
ASN00023718,19650824,PRCP,0,,,a,
ASN00023718,19650825,PRCP,43,,,a,
ASN00023718,19650826,PRCP,0,,,a,
ASN00023718,19650827,PRCP,0,,,a,
ASN00023718,19650828,PRCP,0,,,a,
ASN00023718,19650829,PRCP,0,,,a,
ASN00023718,19650830,PRCP,0,,,a,
ASN00023718,19650831,PRCP,0,,,a,
ASN00023718,19650816,DAPR,2,,,a,
ASN00023718,19650823,DAPR,2,,,a,
ASN00023718,19650816,DWPR,1,,,a,
ASN00023718,19650823,DWPR,1,,,a,
ASN00023718,19650816,MDPR,122,,,a,
ASN00023718,19650823,MDPR,28,,,a,
ASN00023718,19650901,PRCP,0,,,a,
ASN00023718,19650902,PRCP,15,,,a,
ASN00023718,19650903,PRCP,0,,,a,
ASN00023718,19650904,PRCP,0,,,a,
ASN00023718,19650907,PRCP,0,,,a,
ASN00023718,19650908,PRCP,25,,,a,
ASN00023718,19650909,PRCP,15,,,a,
ASN00023718,19650910,PRCP,0,,,a,
ASN00023718,19650911,PRCP,0,,,a,
ASN00023718,19650912,PRCP,8,,,a,
ASN00023718,19650913,PRCP,0,,,a,
ASN00023718,19650914,PRCP,0,,,a,
ASN00023718,19650915,PRCP,56,,,a,
ASN00023718,19650916,PRCP,20,,,a,
ASN00023718,19650917,PRCP,36,,,a,
ASN00023718,19650918,PRCP,0,,,a,
ASN00023718,19650919,PRCP,0,,,a,
ASN00023718,19650920,PRCP,0,,,a,
ASN00023718,19650921,PRCP,3,,,a,
ASN00023718,19650922,PRCP,0,,,a,
ASN00023718,19650923,PRCP,0,,,a,
ASN00023718,19650924,PRCP,0,,,a,
ASN00023718,19650925,PRCP,0,,,a,
ASN00023718,19650928,PRCP,0,,,a,
ASN00023718,19650929,PRCP,0,,,a,
ASN00023718,19650930,PRCP,3,,,a,
ASN00023718,19650906,DAPR,2,,,a,
ASN00023718,19650927,DAPR,2,,,a,
ASN00023718,19650906,DWPR,1,,,a,
ASN00023718,19650927,DWPR,1,,,a,
ASN00023718,19650906,MDPR,114,,,a,
ASN00023718,19650927,MDPR,30,,,a,
ASN00023718,19651001,PRCP,18,,,a,
ASN00023718,19651002,PRCP,0,,,a,
ASN00023718,19651003,PRCP,0,,,a,
ASN00023718,19651004,PRCP,3,,,a,
ASN00023718,19651005,PRCP,0,,,a,
ASN00023718,19651006,PRCP,0,,,a,
ASN00023718,19651007,PRCP,0,,,a,
ASN00023718,19651008,PRCP,5,,,a,
ASN00023718,19651009,PRCP,23,,,a,
ASN00023718,19651010,PRCP,0,,,a,
ASN00023718,19651011,PRCP,3,,,a,
ASN00023718,19651012,PRCP,0,,,a,
ASN00023718,19651013,PRCP,0,,,a,
ASN00023718,19651014,PRCP,0,,,a,
ASN00023718,19651015,PRCP,0,,,a,
ASN00023718,19651016,PRCP,28,,,a,
ASN00023718,19651017,PRCP,0,,,a,
ASN00023718,19651018,PRCP,0,,,a,
ASN00023718,19651019,PRCP,0,,,a,
ASN00023718,19651020,PRCP,0,,,a,
ASN00023718,19651021,PRCP,0,,,a,
ASN00023718,19651022,PRCP,0,,,a,
ASN00023718,19651023,PRCP,0,,,a,
ASN00023718,19651024,PRCP,0,,,a,
ASN00023718,19651025,PRCP,0,,,a,
ASN00023718,19651026,PRCP,0,,,a,
ASN00023718,19651027,PRCP,0,,,a,
ASN00023718,19651028,PRCP,0,,,a,
ASN00023718,19651029,PRCP,0,,,a,
ASN00023718,19651030,PRCP,0,,,a,
ASN00023718,19651031,PRCP,0,,,a,
ASN00023718,19651101,PRCP,66,,,a,
ASN00023718,19651102,PRCP,64,,,a,
ASN00023718,19651103,PRCP,0,,,a,
ASN00023718,19651104,PRCP,0,,,a,
ASN00023718,19651105,PRCP,13,,,a,
ASN00023718,19651106,PRCP,0,,,a,
ASN00023718,19651107,PRCP,0,,,a,
ASN00023718,19651108,PRCP,0,,,a,
ASN00023718,19651109,PRCP,5,,,a,
ASN00023718,19651110,PRCP,15,,,a,
ASN00023718,19651111,PRCP,86,,,a,
ASN00023718,19651112,PRCP,46,,,a,
ASN00023718,19651113,PRCP,0,,,a,
ASN00023718,19651114,PRCP,0,,,a,
ASN00023718,19651115,PRCP,0,,,a,
ASN00023718,19651116,PRCP,0,,,a,
ASN00023718,19651117,PRCP,0,,,a,
ASN00023718,19651118,PRCP,0,,,a,
ASN00023718,19651119,PRCP,0,,,a,
ASN00023718,19651120,PRCP,0,,,a,
ASN00023718,19651121,PRCP,0,,,a,
ASN00023718,19651122,PRCP,0,,,a,
ASN00023718,19651123,PRCP,0,,,a,
ASN00023718,19651124,PRCP,71,,,a,
ASN00023718,19651125,PRCP,56,,,a,
ASN00023718,19651126,PRCP,3,,,a,
ASN00023718,19651127,PRCP,0,,,a,
ASN00023718,19651128,PRCP,0,,,a,
ASN00023718,19651129,PRCP,0,,,a,
ASN00023718,19651130,PRCP,0,,,a,
ASN00023718,19651201,PRCP,0,,,a,
ASN00023718,19651202,PRCP,0,,,a,
ASN00023718,19651203,PRCP,0,,,a,
ASN00023718,19651204,PRCP,0,,,a,
ASN00023718,19651207,PRCP,38,,,a,
ASN00023718,19651208,PRCP,0,,,a,
ASN00023718,19651209,PRCP,0,,,a,
ASN00023718,19651210,PRCP,0,,,a,
ASN00023718,19651211,PRCP,0,,,a,
ASN00023718,19651212,PRCP,0,,,a,
ASN00023718,19651213,PRCP,13,,,a,
ASN00023718,19651214,PRCP,0,,,a,
ASN00023718,19651215,PRCP,0,,,a,
ASN00023718,19651216,PRCP,0,,,a,
ASN00023718,19651217,PRCP,0,,,a,
ASN00023718,19651218,PRCP,0,,,a,
ASN00023718,19651219,PRCP,0,,,a,
ASN00023718,19651220,PRCP,0,,,a,
ASN00023718,19651221,PRCP,0,,,a,
ASN00023718,19651222,PRCP,5,,,a,
ASN00023718,19651223,PRCP,0,,,a,
ASN00023718,19651224,PRCP,0,,,a,
ASN00023718,19651225,PRCP,0,,,a,
ASN00023718,19651226,PRCP,0,,,a,
ASN00023718,19651227,PRCP,0,,,a,
ASN00023718,19651228,PRCP,0,,,a,
ASN00023718,19651229,PRCP,0,,,a,
ASN00023718,19651230,PRCP,0,,,a,
ASN00023718,19651231,PRCP,15,,,a,
ASN00023718,19651206,DAPR,2,,,a,
ASN00023718,19651206,DWPR,1,,,a,
ASN00023718,19651206,MDPR,64,,,a,
ASN00023718,19660101,PRCP,0,,,a,
ASN00023718,19660102,PRCP,0,,,a,
ASN00023718,19660103,PRCP,0,,,a,
ASN00023718,19660104,PRCP,3,,,a,
ASN00023718,19660105,PRCP,0,,,a,
ASN00023718,19660106,PRCP,0,,,a,
ASN00023718,19660107,PRCP,0,,,a,
ASN00023718,19660108,PRCP,0,,,a,
ASN00023718,19660109,PRCP,0,,,a,
ASN00023718,19660110,PRCP,0,,,a,
ASN00023718,19660111,PRCP,0,,,a,
ASN00023718,19660112,PRCP,0,,,a,
ASN00023718,19660113,PRCP,0,,,a,
ASN00023718,19660114,PRCP,0,,,a,
ASN00023718,19660115,PRCP,0,,,a,
ASN00023718,19660116,PRCP,0,,,a,
ASN00023718,19660117,PRCP,0,,,a,
ASN00023718,19660118,PRCP,23,,,a,
ASN00023718,19660119,PRCP,0,,,a,
ASN00023718,19660120,PRCP,0,,,a,
ASN00023718,19660121,PRCP,0,,,a,
ASN00023718,19660122,PRCP,0,,,a,
ASN00023718,19660123,PRCP,0,,,a,
ASN00023718,19660124,PRCP,0,,,a,
ASN00023718,19660125,PRCP,0,,,a,
ASN00023718,19660126,PRCP,0,,,a,
ASN00023718,19660127,PRCP,0,,,a,
ASN00023718,19660128,PRCP,5,,,a,
ASN00023718,19660129,PRCP,0,,,a,
ASN00023718,19660130,PRCP,0,,,a,
ASN00023718,19660131,PRCP,0,,,a,
ASN00023718,19660201,PRCP,8,,,a,
ASN00023718,19660202,PRCP,0,,,a,
ASN00023718,19660203,PRCP,0,,,a,
ASN00023718,19660204,PRCP,10,,,a,
ASN00023718,19660205,PRCP,0,,,a,
ASN00023718,19660206,PRCP,0,,,a,
ASN00023718,19660207,PRCP,0,,,a,
ASN00023718,19660208,PRCP,0,,,a,
ASN00023718,19660209,PRCP,0,,,a,
ASN00023718,19660210,PRCP,0,,,a,
ASN00023718,19660211,PRCP,0,,,a,
ASN00023718,19660212,PRCP,0,,,a,
ASN00023718,19660215,PRCP,117,,,a,
ASN00023718,19660216,PRCP,0,,,a,
ASN00023718,19660217,PRCP,0,,,a,
ASN00023718,19660218,PRCP,0,,,a,
ASN00023718,19660219,PRCP,0,,,a,
ASN00023718,19660220,PRCP,0,,,a,
ASN00023718,19660221,PRCP,0,,,a,
ASN00023718,19660222,PRCP,0,,,a,
ASN00023718,19660223,PRCP,0,,,a,
ASN00023718,19660224,PRCP,0,,,a,
ASN00023718,19660225,PRCP,0,,,a,
ASN00023718,19660226,PRCP,0,,,a,
ASN00023718,19660227,PRCP,0,,,a,
ASN00023718,19660228,PRCP,0,,,a,
ASN00023718,19660214,DAPR,2,,,a,
ASN00023718,19660214,DWPR,1,,,a,
ASN00023718,19660214,MDPR,124,,,a,
ASN00023718,19660301,PRCP,0,,,a,
ASN00023718,19660302,PRCP,0,,,a,
ASN00023718,19660303,PRCP,0,,,a,
ASN00023718,19660304,PRCP,0,,,a,
ASN00023718,19660305,PRCP,0,,,a,
ASN00023718,19660306,PRCP,0,,,a,
ASN00023718,19660307,PRCP,0,,,a,
ASN00023718,19660308,PRCP,0,,,a,
ASN00023718,19660309,PRCP,0,,,a,
ASN00023718,19660310,PRCP,0,,,a,
ASN00023718,19660311,PRCP,0,,,a,
ASN00023718,19660312,PRCP,0,,,a,
ASN00023718,19660313,PRCP,0,,,a,
ASN00023718,19660314,PRCP,0,,,a,
ASN00023718,19660315,PRCP,3,,,a,
ASN00023718,19660316,PRCP,76,,,a,
ASN00023718,19660317,PRCP,28,,,a,
ASN00023718,19660318,PRCP,0,,,a,
ASN00023718,19660319,PRCP,0,,,a,
ASN00023718,19660322,PRCP,20,,,a,
ASN00023718,19660323,PRCP,61,,,a,
ASN00023718,19660324,PRCP,10,,,a,
ASN00023718,19660325,PRCP,25,,,a,
ASN00023718,19660326,PRCP,0,,,a,
ASN00023718,19660327,PRCP,0,,,a,
ASN00023718,19660328,PRCP,0,,,a,
ASN00023718,19660329,PRCP,0,,,a,
ASN00023718,19660330,PRCP,0,,,a,
ASN00023718,19660331,PRCP,0,,,a,
ASN00023718,19660321,DAPR,2,,,a,
ASN00023718,19660321,DWPR,1,,,a,
ASN00023718,19660321,MDPR,38,,,a,
ASN00023718,19660401,PRCP,0,,,a,
ASN00023718,19660402,PRCP,0,,,a,
ASN00023718,19660403,PRCP,0,,,a,
ASN00023718,19660404,PRCP,0,,,a,
ASN00023718,19660405,PRCP,0,,,a,
ASN00023718,19660406,PRCP,0,,,a,
ASN00023718,19660407,PRCP,0,,,a,
ASN00023718,19660408,PRCP,0,,,a,
ASN00023718,19660409,PRCP,0,,,a,
ASN00023718,19660410,PRCP,0,,,a,
ASN00023718,19660411,PRCP,0,,,a,
ASN00023718,19660412,PRCP,0,,,a,
ASN00023718,19660413,PRCP,0,,,a,
ASN00023718,19660414,PRCP,0,,,a,
ASN00023718,19660415,PRCP,0,,,a,
ASN00023718,19660416,PRCP,25,,,a,
ASN00023718,19660417,PRCP,0,,,a,
ASN00023718,19660418,PRCP,0,,,a,
ASN00023718,19660419,PRCP,0,,,a,
ASN00023718,19660420,PRCP,0,,,a,
ASN00023718,19660421,PRCP,46,,,a,
ASN00023718,19660422,PRCP,13,,,a,
ASN00023718,19660423,PRCP,0,,,a,
ASN00023718,19660424,PRCP,0,,,a,
ASN00023718,19660425,PRCP,0,,,a,
ASN00023718,19660426,PRCP,23,,,a,
ASN00023718,19660427,PRCP,8,,,a,
ASN00023718,19660428,PRCP,8,,,a,
ASN00023718,19660429,PRCP,0,,,a,
ASN00023718,19660430,PRCP,10,,,a,
ASN00023718,19660501,PRCP,0,,,a,
ASN00023718,19660502,PRCP,0,,,a,
ASN00023718,19660503,PRCP,0,,,a,
ASN00023718,19660504,PRCP,183,,,a,
ASN00023718,19660505,PRCP,33,,,a,
ASN00023718,19660506,PRCP,30,,,a,
ASN00023718,19660507,PRCP,81,,,a,
ASN00023718,19660510,PRCP,0,,,a,
ASN00023718,19660511,PRCP,5,,,a,
ASN00023718,19660512,PRCP,0,,,a,
ASN00023718,19660513,PRCP,0,,,a,
ASN00023718,19660514,PRCP,0,,,a,
ASN00023718,19660515,PRCP,0,,,a,
ASN00023718,19660516,PRCP,0,,,a,
ASN00023718,19660517,PRCP,0,,,a,
ASN00023718,19660518,PRCP,0,,,a,
ASN00023718,19660519,PRCP,76,,,a,
ASN00023718,19660520,PRCP,46,,,a,
ASN00023718,19660521,PRCP,8,,,a,
ASN00023718,19660522,PRCP,0,,,a,
ASN00023718,19660523,PRCP,15,,,a,
ASN00023718,19660524,PRCP,0,,,a,
ASN00023718,19660525,PRCP,25,,,a,
ASN00023718,19660526,PRCP,0,,,a,
ASN00023718,19660527,PRCP,0,,,a,
ASN00023718,19660528,PRCP,0,,,a,
ASN00023718,19660529,PRCP,0,,,a,
ASN00023718,19660530,PRCP,0,,,a,
ASN00023718,19660531,PRCP,3,,,a,
ASN00023718,19660509,DAPR,2,,,a,
ASN00023718,19660509,DWPR,1,,,a,
ASN00023718,19660509,MDPR,58,,,a,
ASN00023718,19660601,PRCP,119,,,a,
ASN00023718,19660602,PRCP,53,,,a,
ASN00023718,19660603,PRCP,5,,,a,
ASN00023718,19660604,PRCP,0,,,a,
ASN00023718,19660605,PRCP,0,,,a,
ASN00023718,19660606,PRCP,0,,,a,
ASN00023718,19660607,PRCP,0,,,a,
ASN00023718,19660608,PRCP,0,,,a,
ASN00023718,19660609,PRCP,0,,,a,
ASN00023718,19660610,PRCP,3,,,a,
ASN00023718,19660611,PRCP,10,,,a,
ASN00023718,19660614,PRCP,0,,,a,
ASN00023718,19660615,PRCP,3,,,a,
ASN00023718,19660616,PRCP,8,,,a,
ASN00023718,19660617,PRCP,5,,,a,
ASN00023718,19660618,PRCP,0,,,a,
ASN00023718,19660621,PRCP,0,,,a,
ASN00023718,19660622,PRCP,0,,,a,
ASN00023718,19660623,PRCP,74,,,a,
ASN00023718,19660624,PRCP,3,,,a,
ASN00023718,19660625,PRCP,15,,,a,
ASN00023718,19660626,PRCP,0,,,a,
ASN00023718,19660627,PRCP,3,,,a,
ASN00023718,19660628,PRCP,0,,,a,
ASN00023718,19660629,PRCP,25,,,a,
ASN00023718,19660630,PRCP,0,,,a,
ASN00023718,19660613,DAPR,2,,,a,
ASN00023718,19660620,DAPR,2,,,a,
ASN00023718,19660613,DWPR,1,,,a,
ASN00023718,19660620,DWPR,1,,,a,
ASN00023718,19660613,MDPR,191,,,a,
ASN00023718,19660620,MDPR,117,,,a,
ASN00023718,19660701,PRCP,10,,,a,
ASN00023718,19660702,PRCP,38,,,a,
ASN00023718,19660703,PRCP,18,,,a,
ASN00023718,19660704,PRCP,0,,,a,
ASN00023718,19660705,PRCP,10,,,a,
ASN00023718,19660706,PRCP,51,,,a,
ASN00023718,19660707,PRCP,0,,,a,
ASN00023718,19660708,PRCP,0,,,a,
ASN00023718,19660709,PRCP,0,,,a,
ASN00023718,19660710,PRCP,13,,,a,
ASN00023718,19660711,PRCP,0,,,a,
ASN00023718,19660712,PRCP,0,,,a,
ASN00023718,19660713,PRCP,61,,,a,
ASN00023718,19660714,PRCP,43,,,a,
ASN00023718,19660715,PRCP,20,,,a,
ASN00023718,19660716,PRCP,15,,,a,
ASN00023718,19660719,PRCP,0,,,a,
ASN00023718,19660720,PRCP,99,,,a,
ASN00023718,19660721,PRCP,3,,,a,
ASN00023718,19660722,PRCP,5,,,a,
ASN00023718,19660723,PRCP,0,,,a,
ASN00023718,19660726,PRCP,36,,,a,
ASN00023718,19660727,PRCP,163,,,a,
ASN00023718,19660728,PRCP,36,,,a,
ASN00023718,19660729,PRCP,18,,,a,
ASN00023718,19660730,PRCP,3,,,a,
ASN00023718,19660731,PRCP,0,,,a,
ASN00023718,19660718,DAPR,2,,,a,
ASN00023718,19660725,DAPR,2,,,a,
ASN00023718,19660718,DWPR,1,,,a,
ASN00023718,19660725,DWPR,1,,,a,
ASN00023718,19660718,MDPR,30,,,a,
ASN00023718,19660725,MDPR,173,,,a,
ASN00023718,19660801,PRCP,3,,,a,
ASN00023718,19660802,PRCP,5,,,a,
ASN00023718,19660803,PRCP,33,,,a,
ASN00023718,19660804,PRCP,48,,,a,
ASN00023718,19660805,PRCP,5,,,a,
ASN00023718,19660806,PRCP,8,,,a,
ASN00023718,19660807,PRCP,5,,,a,
ASN00023718,19660808,PRCP,0,,,a,
ASN00023718,19660809,PRCP,0,,,a,
ASN00023718,19660810,PRCP,30,,,a,
ASN00023718,19660811,PRCP,231,,,a,
ASN00023718,19660812,PRCP,23,,,a,
ASN00023718,19660813,PRCP,15,,,a,
ASN00023718,19660814,PRCP,5,,,a,
ASN00023718,19660815,PRCP,0,,,a,
ASN00023718,19660816,PRCP,0,,,a,
ASN00023718,19660817,PRCP,0,,,a,
ASN00023718,19660818,PRCP,0,,,a,
ASN00023718,19660819,PRCP,102,,,a,
ASN00023718,19660820,PRCP,3,,,a,
ASN00023718,19660823,PRCP,3,,,a,
ASN00023718,19660824,PRCP,15,,,a,
ASN00023718,19660825,PRCP,0,,,a,
ASN00023718,19660826,PRCP,0,,,a,
ASN00023718,19660827,PRCP,0,,,a,
ASN00023718,19660828,PRCP,0,,,a,
ASN00023718,19660829,PRCP,8,,,a,
ASN00023718,19660830,PRCP,5,,,a,
ASN00023718,19660831,PRCP,0,,,a,
ASN00023718,19660822,DAPR,2,,,a,
ASN00023718,19660822,DWPR,1,,,a,
ASN00023718,19660822,MDPR,119,,,a,
ASN00023718,19660901,PRCP,0,,,a,
ASN00023718,19660902,PRCP,94,,,a,
ASN00023718,19660903,PRCP,0,,,a,
ASN00023718,19660904,PRCP,0,,,a,
ASN00023718,19660905,PRCP,0,,,a,
ASN00023718,19660906,PRCP,0,,,a,
ASN00023718,19660907,PRCP,0,,,a,
ASN00023718,19660908,PRCP,64,,,a,
ASN00023718,19660909,PRCP,0,,,a,
ASN00023718,19660910,PRCP,15,,,a,
ASN00023718,19660911,PRCP,0,,,a,
ASN00023718,19660912,PRCP,3,,,a,
ASN00023718,19660913,PRCP,13,,,a,
ASN00023718,19660914,PRCP,0,,,a,
ASN00023718,19660915,PRCP,25,,,a,
ASN00023718,19660916,PRCP,79,,,a,
ASN00023718,19660917,PRCP,5,,,a,
ASN00023718,19660918,PRCP,0,,,a,
ASN00023718,19660919,PRCP,0,,,a,
ASN00023718,19660920,PRCP,38,,,a,
ASN00023718,19660921,PRCP,56,,,a,
ASN00023718,19660922,PRCP,5,,,a,
ASN00023718,19660923,PRCP,53,,,a,
ASN00023718,19660924,PRCP,30,,,a,
ASN00023718,19660925,PRCP,0,,,a,
ASN00023718,19660926,PRCP,0,,,a,
ASN00023718,19660927,PRCP,0,,,a,
ASN00023718,19660928,PRCP,0,,,a,
ASN00023718,19660929,PRCP,15,,,a,
ASN00023718,19660930,PRCP,5,,,a,
ASN00023718,19661001,PRCP,5,,,a,
ASN00023718,19661004,PRCP,8,,,a,
ASN00023718,19661005,PRCP,23,,,a,
ASN00023718,19661006,PRCP,3,,,a,
ASN00023718,19661007,PRCP,18,,,a,
ASN00023718,19661008,PRCP,18,,,a,
ASN00023718,19661009,PRCP,0,,,a,
ASN00023718,19661010,PRCP,0,,,a,
ASN00023718,19661011,PRCP,0,,,a,
ASN00023718,19661012,PRCP,3,,,a,
ASN00023718,19661013,PRCP,10,,,a,
ASN00023718,19661014,PRCP,8,,,a,
ASN00023718,19661015,PRCP,0,,,a,
ASN00023718,19661016,PRCP,0,,,a,
ASN00023718,19661017,PRCP,0,,,a,
ASN00023718,19661018,PRCP,0,,,a,
ASN00023718,19661019,PRCP,0,,,a,
ASN00023718,19661020,PRCP,38,,,a,
ASN00023718,19661021,PRCP,30,,,a,
ASN00023718,19661022,PRCP,0,,,a,
ASN00023718,19661023,PRCP,0,,,a,
ASN00023718,19661024,PRCP,0,,,a,
ASN00023718,19661025,PRCP,0,,,a,
ASN00023718,19661026,PRCP,25,,,a,
ASN00023718,19661027,PRCP,0,,,a,
ASN00023718,19661028,PRCP,0,,,a,
ASN00023718,19661029,PRCP,3,,,a,
ASN00023718,19661003,DAPR,2,,,a,
ASN00023718,19661031,DAPR,2,,,a,
ASN00023718,19661003,DWPR,1,,,a,
ASN00023718,19661031,DWPR,1,,,a,
ASN00023718,19661003,MDPR,64,,,a,
ASN00023718,19661031,MDPR,102,,,a,
ASN00023718,19661101,PRCP,10,,,a,
ASN00023718,19661102,PRCP,13,,,a,
ASN00023718,19661103,PRCP,0,,,a,
ASN00023718,19661104,PRCP,0,,,a,
ASN00023718,19661105,PRCP,0,,,a,
ASN00023718,19661106,PRCP,0,,,a,
ASN00023718,19661107,PRCP,8,,,a,
ASN00023718,19661108,PRCP,0,,,a,
ASN00023718,19661109,PRCP,0,,,a,
ASN00023718,19661110,PRCP,0,,,a,
ASN00023718,19661111,PRCP,0,,,a,
ASN00023718,19661112,PRCP,46,,,a,
ASN00023718,19661113,PRCP,3,,,a,
ASN00023718,19661114,PRCP,0,,,a,
ASN00023718,19661115,PRCP,0,,,a,
ASN00023718,19661116,PRCP,0,,,a,
ASN00023718,19661117,PRCP,0,,,a,
ASN00023718,19661118,PRCP,0,,,a,
ASN00023718,19661119,PRCP,0,,,a,
ASN00023718,19661120,PRCP,0,,,a,
ASN00023718,19661121,PRCP,0,,,a,
ASN00023718,19661122,PRCP,0,,,a,
ASN00023718,19661123,PRCP,0,,,a,
ASN00023718,19661124,PRCP,0,,,a,
ASN00023718,19661125,PRCP,0,,,a,
ASN00023718,19661126,PRCP,0,,,a,
ASN00023718,19661127,PRCP,0,,,a,
ASN00023718,19661128,PRCP,0,,,a,
ASN00023718,19661129,PRCP,0,,,a,
ASN00023718,19661130,PRCP,97,,,a,
ASN00023718,19661201,PRCP,28,,,a,
ASN00023718,19661202,PRCP,0,,,a,
ASN00023718,19661203,PRCP,61,,,a,
ASN00023718,19661206,PRCP,0,,,a,
ASN00023718,19661207,PRCP,0,,,a,
ASN00023718,19661208,PRCP,0,,,a,
ASN00023718,19661209,PRCP,0,,,a,
ASN00023718,19661210,PRCP,0,,,a,
ASN00023718,19661211,PRCP,0,,,a,
ASN00023718,19661212,PRCP,0,,,a,
ASN00023718,19661213,PRCP,0,,,a,
ASN00023718,19661214,PRCP,0,,,a,
ASN00023718,19661215,PRCP,15,,,a,
ASN00023718,19661216,PRCP,0,,,a,
ASN00023718,19661217,PRCP,0,,,a,
ASN00023718,19661218,PRCP,0,,,a,
ASN00023718,19661219,PRCP,5,,,a,
ASN00023718,19661220,PRCP,36,,,a,
ASN00023718,19661221,PRCP,0,,,a,
ASN00023718,19661222,PRCP,0,,,a,
ASN00023718,19661223,PRCP,0,,,a,
ASN00023718,19661224,PRCP,0,,,a,
ASN00023718,19661225,PRCP,0,,,a,
ASN00023718,19661226,PRCP,0,,,a,
ASN00023718,19661227,PRCP,0,,,a,
ASN00023718,19661228,PRCP,0,,,a,
ASN00023718,19661229,PRCP,8,,,a,
ASN00023718,19661230,PRCP,0,,,a,
ASN00023718,19661231,PRCP,0,,,a,
ASN00023718,19661205,DAPR,2,,,a,
ASN00023718,19661205,DWPR,1,,,a,
ASN00023718,19661205,MDPR,376,,,a,
ASN00023718,19670101,PRCP,0,,,a,
ASN00023718,19670102,PRCP,0,,,a,
ASN00023718,19670103,PRCP,0,,,a,
ASN00023718,19670104,PRCP,0,,,a,
ASN00023718,19670105,PRCP,0,,,a,
ASN00023718,19670106,PRCP,0,,,a,
ASN00023718,19670107,PRCP,0,,,a,
ASN00023718,19670108,PRCP,0,,,a,
ASN00023718,19670109,PRCP,0,,,a,
ASN00023718,19670110,PRCP,0,,,a,
ASN00023718,19670111,PRCP,0,,,a,
ASN00023718,19670112,PRCP,0,,,a,
ASN00023718,19670113,PRCP,0,,,a,
ASN00023718,19670116,PRCP,0,,,a,
ASN00023718,19670117,PRCP,0,,,a,
ASN00023718,19670118,PRCP,0,,,a,
ASN00023718,19670119,PRCP,0,,,a,
ASN00023718,19670120,PRCP,0,,,a,
ASN00023718,19670121,PRCP,0,,,a,
ASN00023718,19670122,PRCP,0,,,a,
ASN00023718,19670123,PRCP,0,,,a,
ASN00023718,19670124,PRCP,0,,,a,
ASN00023718,19670125,PRCP,0,,,a,
ASN00023718,19670126,PRCP,0,,,a,
ASN00023718,19670127,PRCP,0,,,a,
ASN00023718,19670128,PRCP,0,,,a,
ASN00023718,19670129,PRCP,0,,,a,
ASN00023718,19670130,PRCP,0,,,a,
ASN00023718,19670131,PRCP,0,,,a,
ASN00023718,19670115,DAPR,2,,,a,
ASN00023718,19670115,DWPR,1,,,a,
ASN00023718,19670115,MDPR,56,,,a,
ASN00023718,19670201,PRCP,0,,,a,
ASN00023718,19670202,PRCP,0,,,a,
ASN00023718,19670203,PRCP,0,,,a,
ASN00023718,19670204,PRCP,0,,,a,
ASN00023718,19670205,PRCP,0,,,a,
ASN00023718,19670206,PRCP,0,,,a,
ASN00023718,19670207,PRCP,0,,,a,
ASN00023718,19670208,PRCP,0,,,a,
ASN00023718,19670209,PRCP,0,,,a,
ASN00023718,19670210,PRCP,0,,,a,
ASN00023718,19670211,PRCP,0,,,a,
ASN00023718,19670212,PRCP,0,,,a,
ASN00023718,19670213,PRCP,18,,,a,
ASN00023718,19670214,PRCP,0,,,a,
ASN00023718,19670215,PRCP,0,,,a,
ASN00023718,19670216,PRCP,0,,,a,
ASN00023718,19670217,PRCP,0,,,a,
ASN00023718,19670218,PRCP,0,,,a,
ASN00023718,19670219,PRCP,0,,,a,
ASN00023718,19670220,PRCP,0,,,a,
ASN00023718,19670221,PRCP,0,,,a,
ASN00023718,19670222,PRCP,3,,,a,
ASN00023718,19670223,PRCP,104,,,a,
ASN00023718,19670224,PRCP,89,,,a,
ASN00023718,19670225,PRCP,79,,,a,
ASN00023718,19670226,PRCP,0,,,a,
ASN00023718,19670227,PRCP,0,,,a,
ASN00023718,19670228,PRCP,0,,,a,
ASN00023718,19670301,PRCP,0,,,a,
ASN00023718,19670302,PRCP,8,,,a,
ASN00023718,19670303,PRCP,0,,,a,
ASN00023718,19670304,PRCP,13,,,a,
ASN00023718,19670305,PRCP,0,,,a,
ASN00023718,19670306,PRCP,0,,,a,
ASN00023718,19670307,PRCP,0,,,a,
ASN00023718,19670308,PRCP,0,,,a,
ASN00023718,19670309,PRCP,0,,,a,
ASN00023718,19670310,PRCP,3,,,a,
ASN00023718,19670311,PRCP,0,,,a,
ASN00023718,19670312,PRCP,0,,,a,
ASN00023718,19670313,PRCP,0,,,a,
ASN00023718,19670314,PRCP,0,,,a,
ASN00023718,19670315,PRCP,0,,,a,
ASN00023718,19670316,PRCP,0,,,a,
ASN00023718,19670317,PRCP,0,,,a,
ASN00023718,19670318,PRCP,15,,,a,
ASN00023718,19670319,PRCP,0,,,a,
ASN00023718,19670320,PRCP,0,,,a,
ASN00023718,19670321,PRCP,0,,,a,
ASN00023718,19670322,PRCP,8,,,a,
ASN00023718,19670323,PRCP,0,,,a,
ASN00023718,19670324,PRCP,0,,,a,
ASN00023718,19670325,PRCP,13,,,a,
ASN00023718,19670326,PRCP,0,,,a,
ASN00023718,19670327,PRCP,0,,,a,
ASN00023718,19670328,PRCP,0,,,a,
ASN00023718,19670329,PRCP,0,,,a,
ASN00023718,19670330,PRCP,0,,,a,
ASN00023718,19670331,PRCP,30,,,a,
ASN00023718,19670401,PRCP,0,,,a,
ASN00023718,19670402,PRCP,0,,,a,
ASN00023718,19670403,PRCP,0,,,a,
ASN00023718,19670404,PRCP,0,,,a,
ASN00023718,19670405,PRCP,51,,,a,
ASN00023718,19670406,PRCP,20,,,a,
ASN00023718,19670407,PRCP,3,,,a,
ASN00023718,19670408,PRCP,30,,,a,
ASN00023718,19670409,PRCP,0,,,a,
ASN00023718,19670410,PRCP,0,,,a,
ASN00023718,19670411,PRCP,0,,,a,
ASN00023718,19670412,PRCP,0,,,a,
ASN00023718,19670413,PRCP,0,,,a,
ASN00023718,19670414,PRCP,81,,,a,
ASN00023718,19670415,PRCP,0,,,a,
ASN00023718,19670416,PRCP,0,,,a,
ASN00023718,19670417,PRCP,0,,,a,
ASN00023718,19670418,PRCP,0,,,a,
ASN00023718,19670419,PRCP,0,,,a,
ASN00023718,19670420,PRCP,0,,,a,
ASN00023718,19670421,PRCP,0,,,a,
ASN00023718,19670422,PRCP,5,,,a,
ASN00023718,19670423,PRCP,0,,,a,
ASN00023718,19670424,PRCP,0,,,a,
ASN00023718,19670425,PRCP,0,,,a,
ASN00023718,19670426,PRCP,8,,,a,
ASN00023718,19670427,PRCP,0,,,a,
ASN00023718,19670428,PRCP,0,,,a,
ASN00023718,19670429,PRCP,0,,,a,
ASN00023718,19670430,PRCP,8,,,a,
ASN00023718,19670501,PRCP,0,,,a,
ASN00023718,19670502,PRCP,0,,,a,
ASN00023718,19670503,PRCP,0,,,a,
ASN00023718,19670504,PRCP,0,,,a,
ASN00023718,19670505,PRCP,0,,,a,
ASN00023718,19670506,PRCP,43,,,a,
ASN00023718,19670507,PRCP,10,,,a,
ASN00023718,19670508,PRCP,0,,,a,
ASN00023718,19670509,PRCP,0,,,a,
ASN00023718,19670510,PRCP,0,,,a,
ASN00023718,19670511,PRCP,0,,,a,
ASN00023718,19670512,PRCP,36,,,a,
ASN00023718,19670513,PRCP,3,,,a,
ASN00023718,19670514,PRCP,13,,,a,
ASN00023718,19670515,PRCP,0,,,a,
ASN00023718,19670516,PRCP,0,,,a,
ASN00023718,19670517,PRCP,0,,,a,
ASN00023718,19670518,PRCP,53,,,a,
ASN00023718,19670519,PRCP,79,,,a,
ASN00023718,19670520,PRCP,5,,,a,
ASN00023718,19670521,PRCP,8,,,a,
ASN00023718,19670522,PRCP,0,,,a,
ASN00023718,19670523,PRCP,0,,,a,
ASN00023718,19670524,PRCP,0,,,a,
ASN00023718,19670525,PRCP,0,,,a,
ASN00023718,19670526,PRCP,0,,,a,
ASN00023718,19670527,PRCP,0,,,a,
ASN00023718,19670528,PRCP,0,,,a,
ASN00023718,19670529,PRCP,0,,,a,
ASN00023718,19670530,PRCP,66,,,a,
ASN00023718,19670531,PRCP,8,,,a,
ASN00023718,19670601,PRCP,33,,,a,
ASN00023718,19670602,PRCP,0,,,a,
ASN00023718,19670603,PRCP,0,,,a,
ASN00023718,19670604,PRCP,0,,,a,
ASN00023718,19670605,PRCP,0,,,a,
ASN00023718,19670606,PRCP,0,,,a,
ASN00023718,19670607,PRCP,0,,,a,
ASN00023718,19670608,PRCP,0,,,a,
ASN00023718,19670609,PRCP,0,,,a,
ASN00023718,19670610,PRCP,5,,,a,
ASN00023718,19670611,PRCP,0,,,a,
ASN00023718,19670612,PRCP,0,,,a,
ASN00023718,19670613,PRCP,23,,,a,
ASN00023718,19670614,PRCP,0,,,a,
ASN00023718,19670615,PRCP,5,,,a,
ASN00023718,19670616,PRCP,0,,,a,
ASN00023718,19670617,PRCP,0,,,a,
ASN00023718,19670618,PRCP,0,,,a,
ASN00023718,19670619,PRCP,0,,,a,
ASN00023718,19670620,PRCP,0,,,a,
ASN00023718,19670621,PRCP,0,,,a,
ASN00023718,19670622,PRCP,0,,,a,
ASN00023718,19670623,PRCP,3,,,a,
ASN00023718,19670624,PRCP,25,,,a,
ASN00023718,19670627,PRCP,0,,,a,
ASN00023718,19670628,PRCP,0,,,a,
ASN00023718,19670629,PRCP,0,,,a,
ASN00023718,19670630,PRCP,81,,,a,
ASN00023718,19670626,DAPR,2,,,a,
ASN00023718,19670626,DWPR,1,,,a,
ASN00023718,19670626,MDPR,28,,,a,
ASN00023718,19670701,PRCP,43,,,a,
ASN00023718,19670702,PRCP,46,,,a,
ASN00023718,19670703,PRCP,0,,,a,
ASN00023718,19670704,PRCP,0,,,a,
ASN00023718,19670705,PRCP,0,,,a,
ASN00023718,19670706,PRCP,0,,,a,
ASN00023718,19670707,PRCP,0,,,a,
ASN00023718,19670708,PRCP,0,,,a,
ASN00023718,19670709,PRCP,0,,,a,
ASN00023718,19670710,PRCP,5,,,a,
ASN00023718,19670711,PRCP,3,,,a,
ASN00023718,19670712,PRCP,10,,,a,
ASN00023718,19670713,PRCP,3,,,a,
ASN00023718,19670714,PRCP,97,,,a,
ASN00023718,19670715,PRCP,5,,,a,
ASN00023718,19670718,PRCP,46,,,a,
ASN00023718,19670719,PRCP,0,,,a,
ASN00023718,19670720,PRCP,0,,,a,
ASN00023718,19670721,PRCP,0,,,a,
ASN00023718,19670722,PRCP,3,,,a,
ASN00023718,19670725,PRCP,10,,,a,
ASN00023718,19670726,PRCP,3,,,a,
ASN00023718,19670727,PRCP,0,,,a,
ASN00023718,19670728,PRCP,0,,,a,
ASN00023718,19670729,PRCP,30,,,a,
ASN00023718,19670717,DAPR,2,,,a,
ASN00023718,19670724,DAPR,2,,,a,
ASN00023718,19670731,DAPR,2,,,a,
ASN00023718,19670717,DWPR,1,,,a,
ASN00023718,19670724,DWPR,1,,,a,
ASN00023718,19670731,DWPR,1,,,a,
ASN00023718,19670717,MDPR,66,,,a,
ASN00023718,19670724,MDPR,89,,,a,
ASN00023718,19670731,MDPR,41,,,a,
ASN00023718,19670801,PRCP,36,,,a,
ASN00023718,19670802,PRCP,30,,,a,
ASN00023718,19670803,PRCP,0,,,a,
ASN00023718,19670804,PRCP,5,,,a,
ASN00023718,19670805,PRCP,0,,,a,
ASN00023718,19670806,PRCP,0,,,a,
ASN00023718,19670807,PRCP,0,,,a,
ASN00023718,19670808,PRCP,0,,,a,
ASN00023718,19670809,PRCP,0,,,a,
ASN00023718,19670810,PRCP,25,,,a,
ASN00023718,19670811,PRCP,5,,,a,
ASN00023718,19670812,PRCP,33,,,a,
ASN00023718,19670815,PRCP,18,,,a,
ASN00023718,19670816,PRCP,0,,,a,
ASN00023718,19670817,PRCP,0,,,a,
ASN00023718,19670818,PRCP,48,,,a,
ASN00023718,19670819,PRCP,5,,,a,
ASN00023718,19670820,PRCP,0,,,a,
ASN00023718,19670821,PRCP,0,,,a,
ASN00023718,19670822,PRCP,0,,,a,
ASN00023718,19670823,PRCP,0,,,a,
ASN00023718,19670824,PRCP,8,,,a,
ASN00023718,19670825,PRCP,18,,,a,
ASN00023718,19670826,PRCP,0,,,a,
ASN00023718,19670827,PRCP,25,,,a,
ASN00023718,19670828,PRCP,0,,,a,
ASN00023718,19670829,PRCP,5,,,a,
ASN00023718,19670830,PRCP,15,,,a,
ASN00023718,19670831,PRCP,0,,,a,
ASN00023718,19670814,DAPR,2,,,a,
ASN00023718,19670814,DWPR,1,,,a,
ASN00023718,19670814,MDPR,257,,,a,
ASN00023718,19670901,PRCP,10,,,a,
ASN00023718,19670902,PRCP,0,,,a,
ASN00023718,19670903,PRCP,0,,,a,
ASN00023718,19670904,PRCP,10,,,a,
ASN00023718,19670905,PRCP,0,,,a,
ASN00023718,19670906,PRCP,0,,,a,
ASN00023718,19670907,PRCP,0,,,a,
ASN00023718,19670908,PRCP,0,,,a,
ASN00023718,19670909,PRCP,0,,,a,
ASN00023718,19670910,PRCP,0,,,a,
ASN00023718,19670911,PRCP,8,,,a,
ASN00023718,19670912,PRCP,5,,,a,
ASN00023718,19670913,PRCP,0,,,a,
ASN00023718,19670914,PRCP,79,,,a,
ASN00023718,19670915,PRCP,84,,,a,
ASN00023718,19670916,PRCP,10,,,a,
ASN00023718,19670917,PRCP,0,,,a,
ASN00023718,19670918,PRCP,13,,,a,
ASN00023718,19670919,PRCP,20,,,a,
ASN00023718,19670920,PRCP,0,,,a,
ASN00023718,19670921,PRCP,0,,,a,
ASN00023718,19670922,PRCP,0,,,a,
ASN00023718,19670923,PRCP,0,,,a,
ASN00023718,19670924,PRCP,0,,,a,
ASN00023718,19670925,PRCP,0,,,a,
ASN00023718,19670926,PRCP,0,,,a,
ASN00023718,19670927,PRCP,23,,,a,
ASN00023718,19670928,PRCP,0,,,a,
ASN00023718,19670929,PRCP,5,,,a,
ASN00023718,19670930,PRCP,8,,,a,
ASN00023718,19671003,PRCP,5,,,a,
ASN00023718,19671004,PRCP,0,,,a,
ASN00023718,19671005,PRCP,30,,,a,
ASN00023718,19671006,PRCP,10,,,a,
ASN00023718,19671007,PRCP,0,,,a,
ASN00023718,19671008,PRCP,0,,,a,
ASN00023718,19671009,PRCP,0,,,a,
ASN00023718,19671010,PRCP,8,,,a,
ASN00023718,19671011,PRCP,0,,,a,
ASN00023718,19671012,PRCP,0,,,a,
ASN00023718,19671013,PRCP,0,,,a,
ASN00023718,19671014,PRCP,0,,,a,
ASN00023718,19671015,PRCP,0,,,a,
ASN00023718,19671016,PRCP,0,,,a,
ASN00023718,19671017,PRCP,0,,,a,
ASN00023718,19671018,PRCP,0,,,a,
ASN00023718,19671019,PRCP,0,,,a,
ASN00023718,19671020,PRCP,0,,,a,
ASN00023718,19671021,PRCP,0,,,a,
ASN00023718,19671022,PRCP,0,,,a,
ASN00023718,19671023,PRCP,0,,,a,
ASN00023718,19671024,PRCP,0,,,a,
ASN00023718,19671025,PRCP,0,,,a,
ASN00023718,19671026,PRCP,0,,,a,
ASN00023718,19671027,PRCP,0,,,a,
ASN00023718,19671028,PRCP,0,,,a,
ASN00023718,19671029,PRCP,0,,,a,
ASN00023718,19671030,PRCP,0,,,a,
ASN00023718,19671031,PRCP,0,,,a,
ASN00023718,19671002,DAPR,2,,,a,
ASN00023718,19671002,DWPR,1,,,a,
ASN00023718,19671002,MDPR,36,,,a,
ASN00023718,19671101,PRCP,0,,,a,
ASN00023718,19671102,PRCP,0,,,a,
ASN00023718,19671103,PRCP,0,,,a,
ASN00023718,19671104,PRCP,0,,,a,
ASN00023718,19671105,PRCP,0,,,a,
ASN00023718,19671106,PRCP,0,,,a,
ASN00023718,19671107,PRCP,0,,,a,
ASN00023718,19671108,PRCP,0,,,a,
ASN00023718,19671109,PRCP,0,,,a,
ASN00023718,19671110,PRCP,0,,,a,
ASN00023718,19671111,PRCP,0,,,a,
ASN00023718,19671112,PRCP,0,,,a,
ASN00023718,19671113,PRCP,0,,,a,
ASN00023718,19671114,PRCP,0,,,a,
ASN00023718,19671115,PRCP,0,,,a,
ASN00023718,19671116,PRCP,0,,,a,
ASN00023718,19671117,PRCP,0,,,a,
ASN00023718,19671118,PRCP,0,,,a,
ASN00023718,19671119,PRCP,0,,,a,
ASN00023718,19671120,PRCP,0,,,a,
ASN00023718,19671121,PRCP,0,,,a,
ASN00023718,19671122,PRCP,0,,,a,
ASN00023718,19671123,PRCP,3,,,a,
ASN00023718,19671124,PRCP,0,,,a,
ASN00023718,19671125,PRCP,0,,,a,
ASN00023718,19671128,PRCP,0,,,a,
ASN00023718,19671129,PRCP,0,,,a,
ASN00023718,19671130,PRCP,0,,,a,
ASN00023718,19671127,DAPR,2,,,a,
ASN00023718,19671127,DWPR,1,,,a,
ASN00023718,19671127,MDPR,38,,,a,
ASN00023718,19671201,PRCP,0,,,a,
ASN00023718,19671202,PRCP,0,,,a,
ASN00023718,19671203,PRCP,0,,,a,
ASN00023718,19671204,PRCP,8,,,a,
ASN00023718,19671205,PRCP,0,,,a,
ASN00023718,19671206,PRCP,0,,,a,
ASN00023718,19671207,PRCP,0,,,a,
ASN00023718,19671208,PRCP,0,,,a,
ASN00023718,19671209,PRCP,0,,,a,
ASN00023718,19671210,PRCP,0,,,a,
ASN00023718,19671211,PRCP,10,,,a,
ASN00023718,19671212,PRCP,3,,,a,
ASN00023718,19671213,PRCP,0,,,a,
ASN00023718,19671214,PRCP,0,,,a,
ASN00023718,19671215,PRCP,0,,,a,
ASN00023718,19671216,PRCP,0,,,a,
ASN00023718,19671219,PRCP,0,,,a,
ASN00023718,19671220,PRCP,0,,,a,
ASN00023718,19671221,PRCP,0,,,a,
ASN00023718,19671222,PRCP,0,,,a,
ASN00023718,19671223,PRCP,0,,,a,
ASN00023718,19671224,PRCP,0,,,a,
ASN00023718,19671225,PRCP,0,,,a,
ASN00023718,19671226,PRCP,0,,,a,
ASN00023718,19671227,PRCP,0,,,a,
ASN00023718,19671228,PRCP,0,,,a,
ASN00023718,19671229,PRCP,0,,,a,
ASN00023718,19671230,PRCP,20,,,a,
ASN00023718,19671231,PRCP,0,,,a,
ASN00023718,19671218,DAPR,2,,,a,
ASN00023718,19671218,DWPR,1,,,a,
ASN00023718,19671218,MDPR,64,,,a,
ASN00023718,19680101,PRCP,0,,,a,
ASN00023718,19680102,PRCP,0,,,a,
ASN00023718,19680103,PRCP,0,,,a,
ASN00023718,19680104,PRCP,0,,,a,
ASN00023718,19680105,PRCP,0,,,a,
ASN00023718,19680106,PRCP,0,,,a,
ASN00023718,19680107,PRCP,0,,,a,
ASN00023718,19680108,PRCP,0,,,a,
ASN00023718,19680109,PRCP,0,,,a,
ASN00023718,19680110,PRCP,0,,,a,
ASN00023718,19680111,PRCP,0,,,a,
ASN00023718,19680112,PRCP,0,,,a,
ASN00023718,19680113,PRCP,0,,,a,
ASN00023718,19680114,PRCP,0,,,a,
ASN00023718,19680115,PRCP,0,,,a,
ASN00023718,19680116,PRCP,0,,,a,
ASN00023718,19680117,PRCP,0,,,a,
ASN00023718,19680118,PRCP,0,,,a,
ASN00023718,19680119,PRCP,5,,,a,
ASN00023718,19680120,PRCP,257,,,a,
ASN00023718,19680121,PRCP,0,,,a,
ASN00023718,19680122,PRCP,0,,,a,
ASN00023718,19680123,PRCP,0,,,a,
ASN00023718,19680124,PRCP,0,,,a,
ASN00023718,19680125,PRCP,0,,,a,
ASN00023718,19680126,PRCP,0,,,a,
ASN00023718,19680127,PRCP,0,,,a,
ASN00023718,19680128,PRCP,0,,,a,
ASN00023718,19680129,PRCP,0,,,a,
ASN00023718,19680130,PRCP,0,,,a,
ASN00023718,19680131,PRCP,0,,,a,
ASN00023718,19680201,PRCP,0,,,a,
ASN00023718,19680202,PRCP,0,,,a,
ASN00023718,19680203,PRCP,0,,,a,
ASN00023718,19680204,PRCP,0,,,a,
ASN00023718,19680205,PRCP,0,,,a,
ASN00023718,19680206,PRCP,0,,,a,
ASN00023718,19680207,PRCP,0,,,a,
ASN00023718,19680208,PRCP,0,,,a,
ASN00023718,19680209,PRCP,0,,,a,
ASN00023718,19680210,PRCP,0,,,a,
ASN00023718,19680211,PRCP,0,,,a,
ASN00023718,19680212,PRCP,0,,,a,
ASN00023718,19680213,PRCP,0,,,a,
ASN00023718,19680214,PRCP,0,,,a,
ASN00023718,19680215,PRCP,0,,,a,
ASN00023718,19680216,PRCP,0,,,a,
ASN00023718,19680217,PRCP,0,,,a,
ASN00023718,19680218,PRCP,0,,,a,
ASN00023718,19680219,PRCP,5,,,a,
ASN00023718,19680220,PRCP,56,,,a,
ASN00023718,19680221,PRCP,0,,,a,
ASN00023718,19680222,PRCP,0,,,a,
ASN00023718,19680223,PRCP,0,,,a,
ASN00023718,19680224,PRCP,0,,,a,
ASN00023718,19680225,PRCP,0,,,a,
ASN00023718,19680226,PRCP,0,,,a,
ASN00023718,19680227,PRCP,46,,,a,
ASN00023718,19680228,PRCP,0,,,a,
ASN00023718,19680229,PRCP,0,,,a,
ASN00023718,19680301,PRCP,0,,,a,
ASN00023718,19680302,PRCP,0,,,a,
ASN00023718,19680303,PRCP,0,,,a,
ASN00023718,19680304,PRCP,10,,,a,
ASN00023718,19680305,PRCP,0,,,a,
ASN00023718,19680306,PRCP,0,,,a,
ASN00023718,19680307,PRCP,0,,,a,
ASN00023718,19680308,PRCP,0,,,a,
ASN00023718,19680309,PRCP,0,,,a,
ASN00023718,19680310,PRCP,0,,,a,
ASN00023718,19680311,PRCP,5,,,a,
ASN00023718,19680312,PRCP,0,,,a,
ASN00023718,19680313,PRCP,3,,,a,
ASN00023718,19680314,PRCP,0,,,a,
ASN00023718,19680315,PRCP,18,,,a,
ASN00023718,19680316,PRCP,3,,,a,
ASN00023718,19680317,PRCP,0,,,a,
ASN00023718,19680318,PRCP,0,,,a,
ASN00023718,19680319,PRCP,15,,,a,
ASN00023718,19680320,PRCP,0,,,a,
ASN00023718,19680321,PRCP,0,,,a,
ASN00023718,19680322,PRCP,0,,,a,
ASN00023718,19680323,PRCP,15,,,a,
ASN00023718,19680324,PRCP,0,,,a,
ASN00023718,19680325,PRCP,10,,,a,
ASN00023718,19680326,PRCP,0,,,a,
ASN00023718,19680327,PRCP,0,,,a,
ASN00023718,19680328,PRCP,51,,,a,
ASN00023718,19680329,PRCP,241,,,a,
ASN00023718,19680330,PRCP,38,,,a,
ASN00023718,19680331,PRCP,0,,,a,
ASN00023718,19680401,PRCP,5,,,a,
ASN00023718,19680402,PRCP,0,,,a,
ASN00023718,19680403,PRCP,0,,,a,
ASN00023718,19680404,PRCP,0,,,a,
ASN00023718,19680405,PRCP,0,,,a,
ASN00023718,19680406,PRCP,0,,,a,
ASN00023718,19680407,PRCP,0,,,a,
ASN00023718,19680408,PRCP,5,,,a,
ASN00023718,19680409,PRCP,0,,,a,
ASN00023718,19680410,PRCP,0,,,a,
ASN00023718,19680411,PRCP,0,,,a,
ASN00023718,19680412,PRCP,0,,,a,
ASN00023718,19680413,PRCP,0,,,a,
ASN00023718,19680414,PRCP,0,,,a,
ASN00023718,19680415,PRCP,0,,,a,
ASN00023718,19680416,PRCP,5,,,a,
ASN00023718,19680417,PRCP,0,,,a,
ASN00023718,19680418,PRCP,117,,,a,
ASN00023718,19680419,PRCP,3,,,a,
ASN00023718,19680420,PRCP,15,,,a,
ASN00023718,19680423,PRCP,0,,,a,
ASN00023718,19680424,PRCP,0,,,a,
ASN00023718,19680425,PRCP,0,,,a,
ASN00023718,19680426,PRCP,28,,,a,
ASN00023718,19680427,PRCP,0,,,a,
ASN00023718,19680430,PRCP,53,,,a,
ASN00023718,19680422,DAPR,2,,,a,
ASN00023718,19680429,DAPR,2,,,a,
ASN00023718,19680422,DWPR,1,,,a,
ASN00023718,19680429,DWPR,1,,,a,
ASN00023718,19680422,MDPR,94,,,a,
ASN00023718,19680429,MDPR,493,,,a,
ASN00023718,19680501,PRCP,0,,,a,
ASN00023718,19680502,PRCP,97,,,a,
ASN00023718,19680503,PRCP,10,,,a,
ASN00023718,19680504,PRCP,30,,,a,
ASN00023718,19680505,PRCP,0,,,a,
ASN00023718,19680506,PRCP,10,,,a,
ASN00023718,19680507,PRCP,0,,,a,
ASN00023718,19680508,PRCP,0,,,a,
ASN00023718,19680509,PRCP,0,,,a,
ASN00023718,19680510,PRCP,13,,,a,
ASN00023718,19680511,PRCP,64,,,a,
ASN00023718,19680514,PRCP,18,,,a,
ASN00023718,19680515,PRCP,28,,,a,
ASN00023718,19680516,PRCP,0,,,a,
ASN00023718,19680517,PRCP,28,,,a,
ASN00023718,19680518,PRCP,155,,,a,
ASN00023718,19680521,PRCP,0,,,a,
ASN00023718,19680522,PRCP,5,,,a,
ASN00023718,19680523,PRCP,10,,,a,
ASN00023718,19680524,PRCP,61,,,a,
ASN00023718,19680525,PRCP,5,,,a,
ASN00023718,19680528,PRCP,25,,,a,
ASN00023718,19680529,PRCP,23,,,a,
ASN00023718,19680530,PRCP,18,,,a,
ASN00023718,19680531,PRCP,0,,,a,
ASN00023718,19680513,DAPR,2,,,a,
ASN00023718,19680520,DAPR,2,,,a,
ASN00023718,19680527,DAPR,2,,,a,
ASN00023718,19680513,DWPR,1,,,a,
ASN00023718,19680520,DWPR,1,,,a,
ASN00023718,19680527,DWPR,1,,,a,
ASN00023718,19680513,MDPR,145,,,a,
ASN00023718,19680520,MDPR,99,,,a,
ASN00023718,19680527,MDPR,132,,,a,
ASN00023718,19680601,PRCP,3,,,a,
ASN00023718,19680604,PRCP,8,,,a,
ASN00023718,19680605,PRCP,135,,,a,
ASN00023718,19680606,PRCP,3,,,a,
ASN00023718,19680607,PRCP,5,,,a,
ASN00023718,19680608,PRCP,0,,,a,
ASN00023718,19680609,PRCP,0,,,a,
ASN00023718,19680610,PRCP,0,,,a,
ASN00023718,19680611,PRCP,0,,,a,
ASN00023718,19680612,PRCP,0,,,a,
ASN00023718,19680613,PRCP,0,,,a,
ASN00023718,19680614,PRCP,0,,,a,
ASN00023718,19680615,PRCP,15,,,a,
ASN00023718,19680616,PRCP,0,,,a,
ASN00023718,19680617,PRCP,5,,,a,
ASN00023718,19680618,PRCP,0,,,a,
ASN00023718,19680619,PRCP,8,,,a,
ASN00023718,19680620,PRCP,8,,,a,
ASN00023718,19680621,PRCP,203,,,a,
ASN00023718,19680622,PRCP,0,,,a,
ASN00023718,19680623,PRCP,0,,,a,
ASN00023718,19680624,PRCP,0,,,a,
ASN00023718,19680625,PRCP,0,,,a,
ASN00023718,19680626,PRCP,0,,,a,
ASN00023718,19680627,PRCP,0,,,a,
ASN00023718,19680628,PRCP,0,,,a,
ASN00023718,19680629,PRCP,3,,,a,
ASN00023718,19680630,PRCP,0,,,a,
ASN00023718,19680603,DAPR,2,,,a,
ASN00023718,19680603,DWPR,1,,,a,
ASN00023718,19680603,MDPR,30,,,a,
ASN00023718,19680701,PRCP,0,,,a,
ASN00023718,19680702,PRCP,119,,,a,
ASN00023718,19680703,PRCP,28,,,a,
ASN00023718,19680704,PRCP,25,,,a,
ASN00023718,19680705,PRCP,33,,,a,
ASN00023718,19680706,PRCP,0,,,a,
ASN00023718,19680707,PRCP,0,,,a,
ASN00023718,19680708,PRCP,0,,,a,
ASN00023718,19680709,PRCP,30,,,a,
ASN00023718,19680710,PRCP,0,,,a,
ASN00023718,19680711,PRCP,0,,,a,
ASN00023718,19680712,PRCP,25,,,a,
ASN00023718,19680713,PRCP,0,,,a,
ASN00023718,19680714,PRCP,0,,,a,
ASN00023718,19680715,PRCP,0,,,a,
ASN00023718,19680716,PRCP,3,,,a,
ASN00023718,19680717,PRCP,36,,,a,
ASN00023718,19680718,PRCP,8,,,a,
ASN00023718,19680719,PRCP,0,,,a,
ASN00023718,19680720,PRCP,0,,,a,
ASN00023718,19680723,PRCP,8,,,a,
ASN00023718,19680724,PRCP,0,,,a,
ASN00023718,19680725,PRCP,0,,,a,
ASN00023718,19680726,PRCP,18,,,a,
ASN00023718,19680727,PRCP,0,,,a,
ASN00023718,19680730,PRCP,0,,,a,
ASN00023718,19680731,PRCP,81,,,a,
ASN00023718,19680722,DAPR,2,,,a,
ASN00023718,19680729,DAPR,2,,,a,
ASN00023718,19680722,DWPR,1,,,a,
ASN00023718,19680729,DWPR,1,,,a,
ASN00023718,19680722,MDPR,109,,,a,
ASN00023718,19680729,MDPR,86,,,a,
ASN00023718,19680801,PRCP,3,,,a,
ASN00023718,19680802,PRCP,25,,,a,
ASN00023718,19680803,PRCP,0,,,a,
ASN00023718,19680804,PRCP,0,,,a,
ASN00023718,19680805,PRCP,18,,,a,
ASN00023718,19680806,PRCP,0,,,a,
ASN00023718,19680807,PRCP,0,,,a,
ASN00023718,19680808,PRCP,53,,,a,
ASN00023718,19680809,PRCP,89,,,a,
ASN00023718,19680810,PRCP,10,,,a,
ASN00023718,19680813,PRCP,0,,,a,
ASN00023718,19680814,PRCP,48,,,a,
ASN00023718,19680815,PRCP,13,,,a,
ASN00023718,19680816,PRCP,0,,,a,
ASN00023718,19680817,PRCP,0,,,a,
ASN00023718,19680818,PRCP,0,,,a,
ASN00023718,19680819,PRCP,15,,,a,
ASN00023718,19680820,PRCP,15,,,a,
ASN00023718,19680821,PRCP,46,,,a,
ASN00023718,19680822,PRCP,0,,,a,
ASN00023718,19680823,PRCP,3,,,a,
ASN00023718,19680824,PRCP,28,,,a,
ASN00023718,19680827,PRCP,5,,,a,
ASN00023718,19680828,PRCP,56,,,a,
ASN00023718,19680829,PRCP,18,,,a,
ASN00023718,19680830,PRCP,10,,,a,
ASN00023718,19680831,PRCP,3,,,a,
ASN00023718,19680812,DAPR,2,,,a,
ASN00023718,19680826,DAPR,2,,,a,
ASN00023718,19680812,DWPR,1,,,a,
ASN00023718,19680826,DWPR,1,,,a,
ASN00023718,19680812,MDPR,51,,,a,
ASN00023718,19680826,MDPR,104,,,a,
ASN00023718,19680901,PRCP,0,,,a,
ASN00023718,19680902,PRCP,0,,,a,
ASN00023718,19680903,PRCP,20,,,a,
ASN00023718,19680904,PRCP,0,,,a,
ASN00023718,19680905,PRCP,0,,,a,
ASN00023718,19680906,PRCP,0,,,a,
ASN00023718,19680907,PRCP,3,,,a,
ASN00023718,19680908,PRCP,0,,,a,
ASN00023718,19680909,PRCP,8,,,a,
ASN00023718,19680910,PRCP,0,,,a,
ASN00023718,19680911,PRCP,0,,,a,
ASN00023718,19680912,PRCP,8,,,a,
ASN00023718,19680913,PRCP,25,,,a,
ASN00023718,19680914,PRCP,0,,,a,
ASN00023718,19680915,PRCP,0,,,a,
ASN00023718,19680916,PRCP,0,,,a,
ASN00023718,19680917,PRCP,0,,,a,
ASN00023718,19680918,PRCP,0,,,a,
ASN00023718,19680919,PRCP,0,,,a,
ASN00023718,19680920,PRCP,5,,,a,
ASN00023718,19680921,PRCP,3,,,a,
ASN00023718,19680922,PRCP,0,,,a,
ASN00023718,19680923,PRCP,0,,,a,
ASN00023718,19680924,PRCP,51,,,a,
ASN00023718,19680925,PRCP,28,,,a,
ASN00023718,19680926,PRCP,0,,,a,
ASN00023718,19680927,PRCP,0,,,a,
ASN00023718,19680928,PRCP,0,,,a,
ASN00023718,19680930,DAPR,2,,,a,
ASN00023718,19680930,DWPR,1,,,a,
ASN00023718,19680930,MDPR,107,,,a,
ASN00023718,19681001,PRCP,104,,,a,
ASN00023718,19681002,PRCP,13,,,a,
ASN00023718,19681003,PRCP,8,,,a,
ASN00023718,19681004,PRCP,0,,,a,
ASN00023718,19681005,PRCP,0,,,a,
ASN00023718,19681008,PRCP,30,,,a,
ASN00023718,19681009,PRCP,0,,,a,
ASN00023718,19681010,PRCP,0,,,a,
ASN00023718,19681011,PRCP,0,,,a,
ASN00023718,19681012,PRCP,0,,,a,
ASN00023718,19681013,PRCP,0,,,a,
ASN00023718,19681014,PRCP,0,,,a,
ASN00023718,19681015,PRCP,0,,,a,
ASN00023718,19681016,PRCP,0,,,a,
ASN00023718,19681017,PRCP,0,,,a,
ASN00023718,19681018,PRCP,0,,,a,
ASN00023718,19681019,PRCP,0,,,a,
ASN00023718,19681020,PRCP,0,,,a,
ASN00023718,19681021,PRCP,0,,,a,
ASN00023718,19681022,PRCP,10,,,a,
ASN00023718,19681023,PRCP,0,,,a,
ASN00023718,19681024,PRCP,18,,,a,
ASN00023718,19681025,PRCP,30,,,a,
ASN00023718,19681026,PRCP,61,,,a,
ASN00023718,19681027,PRCP,0,,,a,
ASN00023718,19681028,PRCP,0,,,a,
ASN00023718,19681029,PRCP,0,,,a,
ASN00023718,19681030,PRCP,0,,,a,
ASN00023718,19681031,PRCP,0,,,a,
ASN00023718,19681007,DAPR,2,,,a,
ASN00023718,19681007,DWPR,1,,,a,
ASN00023718,19681007,MDPR,140,,,a,
ASN00023718,19681101,PRCP,0,,,a,
ASN00023718,19681102,PRCP,69,,,a,
ASN00023718,19681103,PRCP,0,,,a,
ASN00023718,19681104,PRCP,0,,,a,
ASN00023718,19681105,PRCP,30,,,a,
ASN00023718,19681106,PRCP,23,,,a,
ASN00023718,19681107,PRCP,48,,,a,
ASN00023718,19681108,PRCP,5,,,a,
ASN00023718,19681109,PRCP,0,,,a,
ASN00023718,19681112,PRCP,0,,,a,
ASN00023718,19681113,PRCP,3,,,a,
ASN00023718,19681114,PRCP,20,,,a,
ASN00023718,19681115,PRCP,0,,,a,
ASN00023718,19681116,PRCP,0,,,a,
ASN00023718,19681117,PRCP,0,,,a,
ASN00023718,19681118,PRCP,0,,,a,
ASN00023718,19681119,PRCP,0,,,a,
ASN00023718,19681120,PRCP,8,,,a,
ASN00023718,19681121,PRCP,8,,,a,
ASN00023718,19681122,PRCP,0,,,a,
ASN00023718,19681123,PRCP,15,,,a,
ASN00023718,19681124,PRCP,0,,,a,
ASN00023718,19681125,PRCP,0,,,a,
ASN00023718,19681126,PRCP,3,,,a,
ASN00023718,19681127,PRCP,0,,,a,
ASN00023718,19681128,PRCP,0,,,a,
ASN00023718,19681129,PRCP,3,,,a,
ASN00023718,19681130,PRCP,0,,,a,
ASN00023718,19681111,DAPR,2,,,a,
ASN00023718,19681111,DWPR,1,,,a,
ASN00023718,19681111,MDPR,28,,,a,
ASN00023718,19681201,PRCP,0,,,a,
ASN00023718,19681202,PRCP,5,,,a,
ASN00023718,19681203,PRCP,46,,,a,
ASN00023718,19681204,PRCP,3,,,a,
ASN00023718,19681205,PRCP,0,,,a,
ASN00023718,19681206,PRCP,0,,,a,
ASN00023718,19681207,PRCP,0,,,a,
ASN00023718,19681208,PRCP,0,,,a,
ASN00023718,19681209,PRCP,0,,,a,
ASN00023718,19681210,PRCP,0,,,a,
ASN00023718,19681211,PRCP,0,,,a,
ASN00023718,19681212,PRCP,0,,,a,
ASN00023718,19681213,PRCP,0,,,a,
ASN00023718,19681214,PRCP,0,,,a,
ASN00023718,19681215,PRCP,0,,,a,
ASN00023718,19681216,PRCP,0,,,a,
ASN00023718,19681217,PRCP,0,,,a,
ASN00023718,19681218,PRCP,0,,,a,
ASN00023718,19681219,PRCP,0,,,a,
ASN00023718,19681220,PRCP,0,,,a,
ASN00023718,19681221,PRCP,0,,,a,
ASN00023718,19681224,PRCP,0,,,a,
ASN00023718,19681225,PRCP,0,,,a,
ASN00023718,19681226,PRCP,0,,,a,
ASN00023718,19681227,PRCP,0,,,a,
ASN00023718,19681228,PRCP,0,,,a,
ASN00023718,19681229,PRCP,0,,,a,
ASN00023718,19681230,PRCP,0,,,a,
ASN00023718,19681231,PRCP,0,,,a,
ASN00023718,19681223,DAPR,2,,,a,
ASN00023718,19681223,DWPR,1,,,a,
ASN00023718,19681223,MDPR,94,,,a,
ASN00023718,19690101,PRCP,0,,,a,
ASN00023718,19690102,PRCP,0,,,a,
ASN00023718,19690103,PRCP,0,,,a,
ASN00023718,19690104,PRCP,0,,,a,
ASN00023718,19690105,PRCP,0,,,a,
ASN00023718,19690106,PRCP,0,,,a,
ASN00023718,19690107,PRCP,0,,,a,
ASN00023718,19690108,PRCP,0,,,a,
ASN00023718,19690109,PRCP,0,,,a,
ASN00023718,19690110,PRCP,0,,,a,
ASN00023718,19690111,PRCP,0,,,a,
ASN00023718,19690112,PRCP,0,,,a,
ASN00023718,19690113,PRCP,0,,,a,
ASN00023718,19690114,PRCP,71,,,a,
ASN00023718,19690115,PRCP,0,,,a,
ASN00023718,19690116,PRCP,0,,,a,
ASN00023718,19690117,PRCP,0,,,a,
ASN00023718,19690118,PRCP,0,,,a,
ASN00023718,19690119,PRCP,0,,,a,
ASN00023718,19690120,PRCP,0,,,a,
ASN00023718,19690121,PRCP,0,,,a,
ASN00023718,19690122,PRCP,0,,,a,
ASN00023718,19690123,PRCP,0,,,a,
ASN00023718,19690124,PRCP,0,,,a,
ASN00023718,19690125,PRCP,30,,,a,
ASN00023718,19690126,PRCP,0,,,a,
ASN00023718,19690127,PRCP,0,,,a,
ASN00023718,19690128,PRCP,0,,,a,
ASN00023718,19690129,PRCP,0,,,a,
ASN00023718,19690130,PRCP,0,,,a,
ASN00023718,19690131,PRCP,0,,,a,
ASN00023718,19690201,PRCP,0,,,a,
ASN00023718,19690202,PRCP,0,,,a,
ASN00023718,19690203,PRCP,0,,,a,
ASN00023718,19690204,PRCP,0,,,a,
ASN00023718,19690205,PRCP,0,,,a,
ASN00023718,19690206,PRCP,0,,,a,
ASN00023718,19690207,PRCP,0,,,a,
ASN00023718,19690208,PRCP,0,,,a,
ASN00023718,19690211,PRCP,10,,,a,
ASN00023718,19690212,PRCP,8,,,a,
ASN00023718,19690213,PRCP,0,,,a,
ASN00023718,19690214,PRCP,0,,,a,
ASN00023718,19690215,PRCP,0,,,a,
ASN00023718,19690216,PRCP,0,,,a,
ASN00023718,19690217,PRCP,0,,,a,
ASN00023718,19690218,PRCP,0,,,a,
ASN00023718,19690219,PRCP,0,,,a,
ASN00023718,19690220,PRCP,0,,,a,
ASN00023718,19690221,PRCP,30,,,a,
ASN00023718,19690222,PRCP,124,,,a,
ASN00023718,19690223,PRCP,0,,,a,
ASN00023718,19690224,PRCP,0,,,a,
ASN00023718,19690225,PRCP,0,,,a,
ASN00023718,19690226,PRCP,0,,,a,
ASN00023718,19690227,PRCP,0,,,a,
ASN00023718,19690228,PRCP,0,,,a,
ASN00023718,19690210,DAPR,2,,,a,
ASN00023718,19690210,DWPR,1,,,a,
ASN00023718,19690210,MDPR,897,,,a,
ASN00023718,19690301,PRCP,0,,,a,
ASN00023718,19690302,PRCP,0,,,a,
ASN00023718,19690303,PRCP,0,,,a,
ASN00023718,19690304,PRCP,0,,,a,
ASN00023718,19690305,PRCP,0,,,a,
ASN00023718,19690306,PRCP,0,,,a,
ASN00023718,19690307,PRCP,0,,,a,
ASN00023718,19690308,PRCP,0,,,a,
ASN00023718,19690309,PRCP,0,,,a,
ASN00023718,19690310,PRCP,0,,,a,
ASN00023718,19690311,PRCP,0,,,a,
ASN00023718,19690312,PRCP,0,,,a,
ASN00023718,19690313,PRCP,0,,,a,
ASN00023718,19690314,PRCP,8,,,a,
ASN00023718,19690315,PRCP,41,,,a,
ASN00023718,19690316,PRCP,0,,,a,
ASN00023718,19690317,PRCP,0,,,a,
ASN00023718,19690318,PRCP,0,,,a,
ASN00023718,19690319,PRCP,0,,,a,
ASN00023718,19690320,PRCP,0,,,a,
ASN00023718,19690321,PRCP,0,,,a,
ASN00023718,19690322,PRCP,0,,,a,
ASN00023718,19690325,PRCP,0,,,a,
ASN00023718,19690326,PRCP,0,,,a,
ASN00023718,19690327,PRCP,20,,,a,
ASN00023718,19690328,PRCP,0,,,a,
ASN00023718,19690329,PRCP,0,,,a,
ASN00023718,19690330,PRCP,0,,,a,
ASN00023718,19690331,PRCP,5,,,a,
ASN00023718,19690324,DAPR,2,,,a,
ASN00023718,19690324,DWPR,1,,,a,
ASN00023718,19690324,MDPR,74,,,a,
ASN00023718,19690401,PRCP,0,,,a,
ASN00023718,19690402,PRCP,0,,,a,
ASN00023718,19690403,PRCP,0,,,a,
ASN00023718,19690404,PRCP,0,,,a,
ASN00023718,19690405,PRCP,0,,,a,
ASN00023718,19690406,PRCP,0,,,a,
ASN00023718,19690407,PRCP,0,,,a,
ASN00023718,19690408,PRCP,0,,,a,
ASN00023718,19690409,PRCP,0,,,a,
ASN00023718,19690410,PRCP,0,,,a,
ASN00023718,19690411,PRCP,18,,,a,
ASN00023718,19690412,PRCP,10,,,a,
ASN00023718,19690415,PRCP,0,,,a,
ASN00023718,19690416,PRCP,0,,,a,
ASN00023718,19690417,PRCP,0,,,a,
ASN00023718,19690418,PRCP,0,,,a,
ASN00023718,19690419,PRCP,41,,,a,
ASN00023718,19690420,PRCP,15,,,a,
ASN00023718,19690421,PRCP,0,,,a,
ASN00023718,19690422,PRCP,0,,,a,
ASN00023718,19690423,PRCP,5,,,a,
ASN00023718,19690424,PRCP,0,,,a,
ASN00023718,19690425,PRCP,0,,,a,
ASN00023718,19690426,PRCP,0,,,a,
ASN00023718,19690427,PRCP,0,,,a,
ASN00023718,19690428,PRCP,0,,,a,
ASN00023718,19690429,PRCP,0,,,a,
ASN00023718,19690430,PRCP,0,,,a,
ASN00023718,19690414,DAPR,2,,,a,
ASN00023718,19690414,DWPR,1,,,a,
ASN00023718,19690414,MDPR,61,,,a,
ASN00023718,19690501,PRCP,58,,,a,
ASN00023718,19690502,PRCP,0,,,a,
ASN00023718,19690503,PRCP,0,,,a,
ASN00023718,19690504,PRCP,0,,,a,
ASN00023718,19690505,PRCP,0,,,a,
ASN00023718,19690506,PRCP,0,,,a,
ASN00023718,19690507,PRCP,0,,,a,
ASN00023718,19690508,PRCP,0,,,a,
ASN00023718,19690509,PRCP,0,,,a,
ASN00023718,19690510,PRCP,0,,,a,
ASN00023718,19690513,PRCP,5,,,a,
ASN00023718,19690514,PRCP,0,,,a,
ASN00023718,19690515,PRCP,5,,,a,
ASN00023718,19690516,PRCP,33,,,a,
ASN00023718,19690517,PRCP,36,,,a,
ASN00023718,19690518,PRCP,0,,,a,
ASN00023718,19690519,PRCP,0,,,a,
ASN00023718,19690520,PRCP,8,,,a,
ASN00023718,19690521,PRCP,46,,,a,
ASN00023718,19690522,PRCP,0,,,a,
ASN00023718,19690523,PRCP,0,,,a,
ASN00023718,19690524,PRCP,20,,,a,
ASN00023718,19690525,PRCP,0,,,a,
ASN00023718,19690526,PRCP,0,,,a,
ASN00023718,19690527,PRCP,0,,,a,
ASN00023718,19690528,PRCP,0,,,a,
ASN00023718,19690529,PRCP,135,,,a,
ASN00023718,19690530,PRCP,25,,,a,
ASN00023718,19690531,PRCP,231,,,a,
ASN00023718,19690512,DAPR,2,,,a,
ASN00023718,19690512,DWPR,1,,,a,
ASN00023718,19690512,MDPR,188,,,a,
ASN00023718,19690601,PRCP,0,,,a,
ASN00023718,19690602,PRCP,10,,,a,
ASN00023718,19690603,PRCP,10,,,a,
ASN00023718,19690604,PRCP,0,,,a,
ASN00023718,19690605,PRCP,8,,,a,
ASN00023718,19690606,PRCP,0,,,a,
ASN00023718,19690607,PRCP,0,,,a,
ASN00023718,19690610,PRCP,3,,,a,
ASN00023718,19690611,PRCP,0,,,a,
ASN00023718,19690612,PRCP,0,,,a,
ASN00023718,19690613,PRCP,8,,,a,
ASN00023718,19690614,PRCP,0,,,a,
ASN00023718,19690615,PRCP,0,,,a,
ASN00023718,19690616,PRCP,0,,,a,
ASN00023718,19690617,PRCP,0,,,a,
ASN00023718,19690618,PRCP,23,,,a,
ASN00023718,19690619,PRCP,0,,,a,
ASN00023718,19690620,PRCP,0,,,a,
ASN00023718,19690621,PRCP,0,,,a,
ASN00023718,19690622,PRCP,0,,,a,
ASN00023718,19690623,PRCP,8,,,a,
ASN00023718,19690624,PRCP,28,,,a,
ASN00023718,19690625,PRCP,3,,,a,
ASN00023718,19690626,PRCP,5,,,a,
ASN00023718,19690627,PRCP,0,,,a,
ASN00023718,19690628,PRCP,0,,,a,
ASN00023718,19690629,PRCP,0,,,a,
ASN00023718,19690630,PRCP,0,,,a,
ASN00023718,19690609,DAPR,2,,,a,
ASN00023718,19690609,DWPR,1,,,a,
ASN00023718,19690609,MDPR,69,,,a,
ASN00023718,19690701,PRCP,0,,,a,
ASN00023718,19690702,PRCP,0,,,a,
ASN00023718,19690703,PRCP,0,,,a,
ASN00023718,19690704,PRCP,18,,,a,
ASN00023718,19690705,PRCP,79,,,a,
ASN00023718,19690708,PRCP,30,,,a,
ASN00023718,19690709,PRCP,0,,,a,
ASN00023718,19690710,PRCP,0,,,a,
ASN00023718,19690711,PRCP,20,,,a,
ASN00023718,19690712,PRCP,76,,,a,
ASN00023718,19690713,PRCP,3,,,a,
ASN00023718,19690714,PRCP,0,,,a,
ASN00023718,19690715,PRCP,0,,,a,
ASN00023718,19690716,PRCP,0,,,a,
ASN00023718,19690717,PRCP,0,,,a,
ASN00023718,19690718,PRCP,0,,,a,
ASN00023718,19690719,PRCP,13,,,a,
ASN00023718,19690722,PRCP,160,,,a,
ASN00023718,19690723,PRCP,36,,,a,
ASN00023718,19690724,PRCP,23,,,a,
ASN00023718,19690725,PRCP,0,,,a,
ASN00023718,19690726,PRCP,0,,,a,
ASN00023718,19690727,PRCP,0,,,a,
ASN00023718,19690728,PRCP,0,,,a,
ASN00023718,19690729,PRCP,10,,,a,
ASN00023718,19690730,PRCP,23,,,a,
ASN00023718,19690731,PRCP,0,,,a,
ASN00023718,19690707,DAPR,2,,,a,
ASN00023718,19690721,DAPR,2,,,a,
ASN00023718,19690707,DWPR,1,,,a,
ASN00023718,19690721,DWPR,1,,,a,
ASN00023718,19690707,MDPR,25,,,a,
ASN00023718,19690721,MDPR,81,,,a,
ASN00023718,19690801,PRCP,0,,,a,
ASN00023718,19690802,PRCP,0,,,a,
ASN00023718,19690805,PRCP,8,,,a,
ASN00023718,19690806,PRCP,0,,,a,
ASN00023718,19690807,PRCP,58,,,a,
ASN00023718,19690808,PRCP,5,,,a,
ASN00023718,19690809,PRCP,0,,,a,
ASN00023718,19690810,PRCP,0,,,a,
ASN00023718,19690811,PRCP,0,,,a,
ASN00023718,19690812,PRCP,0,,,a,
ASN00023718,19690813,PRCP,0,,,a,
ASN00023718,19690814,PRCP,38,,,a,
ASN00023718,19690815,PRCP,0,,,a,
ASN00023718,19690816,PRCP,8,,,a,
ASN00023718,19690817,PRCP,0,,,a,
ASN00023718,19690818,PRCP,0,,,a,
ASN00023718,19690819,PRCP,0,,,a,
ASN00023718,19690820,PRCP,0,,,a,
ASN00023718,19690821,PRCP,0,,,a,
ASN00023718,19690822,PRCP,0,,,a,
ASN00023718,19690823,PRCP,33,,,a,
ASN00023718,19690824,PRCP,0,,,a,
ASN00023718,19690825,PRCP,0,,,a,
ASN00023718,19690826,PRCP,0,,,a,
ASN00023718,19690827,PRCP,0,,,a,
ASN00023718,19690828,PRCP,0,,,a,
ASN00023718,19690829,PRCP,5,,,a,
ASN00023718,19690830,PRCP,157,,,a,
ASN00023718,19690831,PRCP,0,,,a,
ASN00023718,19690804,DAPR,2,,,a,
ASN00023718,19690804,DWPR,1,,,a,
ASN00023718,19690804,MDPR,61,,,a,
ASN00023718,19690901,PRCP,0,,,a,
ASN00023718,19690902,PRCP,5,,,a,
ASN00023718,19690903,PRCP,15,,,a,
ASN00023718,19690904,PRCP,0,,,a,
ASN00023718,19690905,PRCP,8,,,a,
ASN00023718,19690906,PRCP,81,,,a,
ASN00023718,19690909,PRCP,5,,,a,
ASN00023718,19690910,PRCP,5,,,a,
ASN00023718,19690911,PRCP,33,,,a,
ASN00023718,19690912,PRCP,36,,,a,
ASN00023718,19690913,PRCP,20,,,a,
ASN00023718,19690916,PRCP,30,,,a,
ASN00023718,19690917,PRCP,5,,,a,
ASN00023718,19690918,PRCP,30,,,a,
ASN00023718,19690919,PRCP,18,,,a,
ASN00023718,19690920,PRCP,5,,,a,
ASN00023718,19690923,PRCP,33,,,a,
ASN00023718,19690924,PRCP,5,,,a,
ASN00023718,19690925,PRCP,5,,,a,
ASN00023718,19690926,PRCP,0,,,a,
ASN00023718,19690927,PRCP,0,,,a,
ASN00023718,19690928,PRCP,0,,,a,
ASN00023718,19690929,PRCP,0,,,a,
ASN00023718,19690930,PRCP,0,,,a,
ASN00023718,19690908,DAPR,2,,,a,
ASN00023718,19690915,DAPR,2,,,a,
ASN00023718,19690922,DAPR,2,,,a,
ASN00023718,19690908,DWPR,1,,,a,
ASN00023718,19690915,DWPR,1,,,a,
ASN00023718,19690922,DWPR,1,,,a,
ASN00023718,19690908,MDPR,122,,,a,
ASN00023718,19690915,MDPR,122,,,a,
ASN00023718,19690922,MDPR,51,,,a,
ASN00023718,19691001,PRCP,0,,,a,
ASN00023718,19691002,PRCP,0,,,a,
ASN00023718,19691003,PRCP,0,,,a,
ASN00023718,19691004,PRCP,10,,,a,
ASN00023718,19691005,PRCP,0,,,a,
ASN00023718,19691006,PRCP,0,,,a,
ASN00023718,19691007,PRCP,0,,,a,
ASN00023718,19691008,PRCP,0,,,a,
ASN00023718,19691009,PRCP,0,,,a,
ASN00023718,19691010,PRCP,0,,,a,
ASN00023718,19691011,PRCP,0,,,a,
ASN00023718,19691012,PRCP,0,,,a,
ASN00023718,19691013,PRCP,0,,,a,
ASN00023718,19691014,PRCP,0,,,a,
ASN00023718,19691015,PRCP,0,,,a,
ASN00023718,19691016,PRCP,0,,,a,
ASN00023718,19691017,PRCP,0,,,a,
ASN00023718,19691018,PRCP,0,,,a,
ASN00023718,19691019,PRCP,0,,,a,
ASN00023718,19691020,PRCP,0,,,a,
ASN00023718,19691021,PRCP,0,,,a,
ASN00023718,19691022,PRCP,0,,,a,
ASN00023718,19691023,PRCP,0,,,a,
ASN00023718,19691024,PRCP,0,,,a,
ASN00023718,19691025,PRCP,0,,,a,
ASN00023718,19691026,PRCP,0,,,a,
ASN00023718,19691027,PRCP,0,,,a,
ASN00023718,19691028,PRCP,8,,,a,
ASN00023718,19691029,PRCP,20,,,a,
ASN00023718,19691030,PRCP,5,,,a,
ASN00023718,19691031,PRCP,10,,,a,
ASN00023718,19691101,PRCP,0,,,a,
ASN00023718,19691102,PRCP,0,,,a,
ASN00023718,19691103,PRCP,0,,,a,
ASN00023718,19691104,PRCP,25,,,a,
ASN00023718,19691105,PRCP,13,,,a,
ASN00023718,19691106,PRCP,23,,,a,
ASN00023718,19691107,PRCP,8,,,a,
ASN00023718,19691108,PRCP,0,,,a,
ASN00023718,19691109,PRCP,0,,,a,
ASN00023718,19691110,PRCP,18,,,a,
ASN00023718,19691111,PRCP,0,,,a,
ASN00023718,19691112,PRCP,0,,,a,
ASN00023718,19691113,PRCP,0,,,a,
ASN00023718,19691114,PRCP,0,,,a,
ASN00023718,19691115,PRCP,0,,,a,
ASN00023718,19691116,PRCP,0,,,a,
ASN00023718,19691117,PRCP,20,,,a,
ASN00023718,19691118,PRCP,8,,,a,
ASN00023718,19691119,PRCP,15,,,a,
ASN00023718,19691120,PRCP,0,,,a,
ASN00023718,19691121,PRCP,0,,,a,
ASN00023718,19691122,PRCP,0,,,a,
ASN00023718,19691123,PRCP,0,,,a,
ASN00023718,19691124,PRCP,0,,,a,
ASN00023718,19691125,PRCP,0,,,a,
ASN00023718,19691126,PRCP,0,,,a,
ASN00023718,19691127,PRCP,0,,,a,
ASN00023718,19691128,PRCP,0,,,a,
ASN00023718,19691129,PRCP,5,,,a,
ASN00023718,19691130,PRCP,0,,,a,
ASN00023718,19691201,PRCP,109,,,a,
ASN00023718,19691202,PRCP,48,,,a,
ASN00023718,19691203,PRCP,5,,,a,
ASN00023718,19691204,PRCP,0,,,a,
ASN00023718,19691205,PRCP,0,,,a,
ASN00023718,19691206,PRCP,0,,,a,
ASN00023718,19691207,PRCP,5,,,a,
ASN00023718,19691208,PRCP,0,,,a,
ASN00023718,19691209,PRCP,0,,,a,
ASN00023718,19691210,PRCP,18,,,a,
ASN00023718,19691211,PRCP,10,,,a,
ASN00023718,19691212,PRCP,0,,,a,
ASN00023718,19691213,PRCP,10,,,a,
ASN00023718,19691214,PRCP,0,,,a,
ASN00023718,19691215,PRCP,0,,,a,
ASN00023718,19691216,PRCP,0,,,a,
ASN00023718,19691217,PRCP,0,,,a,
ASN00023718,19691218,PRCP,0,,,a,
ASN00023718,19691219,PRCP,0,,,a,
ASN00023718,19691220,PRCP,0,,,a,
ASN00023718,19691221,PRCP,0,,,a,
ASN00023718,19691222,PRCP,0,,,a,
ASN00023718,19691223,PRCP,3,,,a,
ASN00023718,19691224,PRCP,13,,,a,
ASN00023718,19691225,PRCP,0,,,a,
ASN00023718,19691226,PRCP,0,,,a,
ASN00023718,19691227,PRCP,0,,,a,
ASN00023718,19691228,PRCP,0,,,a,
ASN00023718,19691229,PRCP,0,,,a,
ASN00023718,19691230,PRCP,0,,,a,
ASN00023718,19691231,PRCP,0,,,a,
ASN00023718,19700103,PRCP,20,,,a,
ASN00023718,19700106,PRCP,0,,,a,
ASN00023718,19700107,PRCP,0,,,a,
ASN00023718,19700108,PRCP,0,,,a,
ASN00023718,19700109,PRCP,13,,,a,
ASN00023718,19700110,PRCP,0,,,a,
ASN00023718,19700113,PRCP,36,,,a,
ASN00023718,19700114,PRCP,18,,,a,
ASN00023718,19700115,PRCP,0,,,a,
ASN00023718,19700116,PRCP,0,,,a,
ASN00023718,19700117,PRCP,0,,,a,
ASN00023718,19700118,PRCP,0,,,a,
ASN00023718,19700119,PRCP,0,,,a,
ASN00023718,19700120,PRCP,0,,,a,
ASN00023718,19700121,PRCP,0,,,a,
ASN00023718,19700122,PRCP,0,,,a,
ASN00023718,19700123,PRCP,0,,,a,
ASN00023718,19700124,PRCP,0,,,a,
ASN00023718,19700125,PRCP,0,,,a,
ASN00023718,19700126,PRCP,0,,,a,
ASN00023718,19700127,PRCP,0,,,a,
ASN00023718,19700128,PRCP,0,,,a,
ASN00023718,19700129,PRCP,0,,,a,
ASN00023718,19700130,PRCP,0,,,a,
ASN00023718,19700131,PRCP,0,,,a,
ASN00023718,19700102,DAPR,2,,,a,
ASN00023718,19700105,DAPR,2,,,a,
ASN00023718,19700112,DAPR,2,,,a,
ASN00023718,19700102,DWPR,1,,,a,
ASN00023718,19700105,DWPR,1,,,a,
ASN00023718,19700112,DWPR,1,,,a,
ASN00023718,19700102,MDPR,348,,,a,
ASN00023718,19700105,MDPR,41,,,a,
ASN00023718,19700112,MDPR,48,,,a,
ASN00023718,19700201,PRCP,0,,,a,
ASN00023718,19700202,PRCP,0,,,a,
ASN00023718,19700203,PRCP,0,,,a,
ASN00023718,19700204,PRCP,0,,,a,
ASN00023718,19700205,PRCP,0,,,a,
ASN00023718,19700206,PRCP,0,,,a,
ASN00023718,19700207,PRCP,0,,,a,
ASN00023718,19700208,PRCP,0,,,a,
ASN00023718,19700209,PRCP,0,,,a,
ASN00023718,19700210,PRCP,0,,,a,
ASN00023718,19700211,PRCP,3,,,a,
ASN00023718,19700212,PRCP,0,,,a,
ASN00023718,19700213,PRCP,0,,,a,
ASN00023718,19700214,PRCP,0,,,a,
ASN00023718,19700215,PRCP,0,,,a,
ASN00023718,19700216,PRCP,0,,,a,
ASN00023718,19700217,PRCP,0,,,a,
ASN00023718,19700218,PRCP,0,,,a,
ASN00023718,19700219,PRCP,0,,,a,
ASN00023718,19700220,PRCP,3,,,a,
ASN00023718,19700221,PRCP,8,,,a,
ASN00023718,19700222,PRCP,0,,,a,
ASN00023718,19700223,PRCP,0,,,a,
ASN00023718,19700224,PRCP,0,,,a,
ASN00023718,19700225,PRCP,0,,,a,
ASN00023718,19700226,PRCP,0,,,a,
ASN00023718,19700227,PRCP,0,,,a,
ASN00023718,19700228,PRCP,0,,,a,
ASN00023718,19700301,PRCP,0,,,a,
ASN00023718,19700302,PRCP,0,,,a,
ASN00023718,19700303,PRCP,0,,,a,
ASN00023718,19700304,PRCP,0,,,a,
ASN00023718,19700305,PRCP,28,,,a,
ASN00023718,19700306,PRCP,0,,,a,
ASN00023718,19700307,PRCP,0,,,a,
ASN00023718,19700308,PRCP,0,,,a,
ASN00023718,19700309,PRCP,13,,,a,
ASN00023718,19700310,PRCP,0,,,a,
ASN00023718,19700311,PRCP,5,,,a,
ASN00023718,19700312,PRCP,18,,,a,
ASN00023718,19700313,PRCP,0,,,a,
ASN00023718,19700314,PRCP,0,,,a,
ASN00023718,19700315,PRCP,0,,,a,
ASN00023718,19700316,PRCP,0,,,a,
ASN00023718,19700317,PRCP,0,,,a,
ASN00023718,19700318,PRCP,0,,,a,
ASN00023718,19700319,PRCP,0,,,a,
ASN00023718,19700320,PRCP,5,,,a,
ASN00023718,19700321,PRCP,58,,,a,
ASN00023718,19700324,PRCP,0,,,a,
ASN00023718,19700325,PRCP,0,,,a,
ASN00023718,19700326,PRCP,0,,,a,
ASN00023718,19700327,PRCP,0,,,a,
ASN00023718,19700328,PRCP,0,,,a,
ASN00023718,19700329,PRCP,0,,,a,
ASN00023718,19700330,PRCP,0,,,a,
ASN00023718,19700331,PRCP,76,,,a,
ASN00023718,19700323,DAPR,2,,,a,
ASN00023718,19700323,DWPR,1,,,a,
ASN00023718,19700323,MDPR,185,,,a,
ASN00023718,19700401,PRCP,0,,,a,
ASN00023718,19700402,PRCP,0,,,a,
ASN00023718,19700403,PRCP,0,,,a,
ASN00023718,19700404,PRCP,5,,,a,
ASN00023718,19700405,PRCP,0,,,a,
ASN00023718,19700406,PRCP,0,,,a,
ASN00023718,19700407,PRCP,43,,,a,
ASN00023718,19700408,PRCP,13,,,a,
ASN00023718,19700409,PRCP,13,,,a,
ASN00023718,19700410,PRCP,0,,,a,
ASN00023718,19700411,PRCP,0,,,a,
ASN00023718,19700412,PRCP,0,,,a,
ASN00023718,19700413,PRCP,0,,,a,
ASN00023718,19700414,PRCP,0,,,a,
ASN00023718,19700415,PRCP,0,,,a,
ASN00023718,19700416,PRCP,0,,,a,
ASN00023718,19700417,PRCP,0,,,a,
ASN00023718,19700418,PRCP,0,,,a,
ASN00023718,19700419,PRCP,20,,,a,
ASN00023718,19700420,PRCP,0,,,a,
ASN00023718,19700421,PRCP,76,,,a,
ASN00023718,19700422,PRCP,10,,,a,
ASN00023718,19700423,PRCP,13,,,a,
ASN00023718,19700424,PRCP,0,,,a,
ASN00023718,19700425,PRCP,0,,,a,
ASN00023718,19700428,PRCP,51,,,a,
ASN00023718,19700429,PRCP,0,,,a,
ASN00023718,19700430,PRCP,0,,,a,
ASN00023718,19700427,DAPR,2,,,a,
ASN00023718,19700427,DWPR,1,,,a,
ASN00023718,19700427,MDPR,104,,,a,
ASN00023718,19700501,PRCP,0,,,a,
ASN00023718,19700502,PRCP,30,,,a,
ASN00023718,19700503,PRCP,15,,,a,
ASN00023718,19700504,PRCP,0,,,a,
ASN00023718,19700505,PRCP,5,,,a,
ASN00023718,19700506,PRCP,107,,,a,
ASN00023718,19700507,PRCP,13,,,a,
ASN00023718,19700508,PRCP,5,,,a,
ASN00023718,19700509,PRCP,0,,,a,
ASN00023718,19700512,PRCP,0,,,a,
ASN00023718,19700513,PRCP,0,,,a,
ASN00023718,19700514,PRCP,15,,,a,
ASN00023718,19700515,PRCP,23,,,a,
ASN00023718,19700516,PRCP,33,,,a,
ASN00023718,19700519,PRCP,5,,,a,
ASN00023718,19700520,PRCP,13,,,a,
ASN00023718,19700521,PRCP,107,,,a,
ASN00023718,19700522,PRCP,23,,,a,
ASN00023718,19700523,PRCP,5,,,a,
ASN00023718,19700524,PRCP,0,,,a,
ASN00023718,19700525,PRCP,0,,,a,
ASN00023718,19700526,PRCP,0,,,a,
ASN00023718,19700527,PRCP,0,,,a,
ASN00023718,19700528,PRCP,0,,,a,
ASN00023718,19700529,PRCP,279,,,a,
ASN00023718,19700530,PRCP,0,,,a,
ASN00023718,19700531,PRCP,0,,,a,
ASN00023718,19700511,DAPR,2,,,a,
ASN00023718,19700518,DAPR,2,,,a,
ASN00023718,19700511,DWPR,1,,,a,
ASN00023718,19700518,DWPR,1,,,a,
ASN00023718,19700511,MDPR,30,,,a,
ASN00023718,19700518,MDPR,76,,,a,
ASN00023718,19700601,PRCP,0,,,a,
ASN00023718,19700602,PRCP,15,,,a,
ASN00023718,19700603,PRCP,28,,,a,
ASN00023718,19700604,PRCP,18,,,a,
ASN00023718,19700605,PRCP,0,,,a,
ASN00023718,19700606,PRCP,0,,,a,
ASN00023718,19700607,PRCP,0,,,a,
ASN00023718,19700608,PRCP,0,,,a,
ASN00023718,19700609,PRCP,10,,,a,
ASN00023718,19700610,PRCP,13,,,a,
ASN00023718,19700611,PRCP,18,,,a,
ASN00023718,19700612,PRCP,0,,,a,
ASN00023718,19700613,PRCP,0,,,a,
ASN00023718,19700614,PRCP,0,,,a,
ASN00023718,19700615,PRCP,0,,,a,
ASN00023718,19700616,PRCP,185,,,a,
ASN00023718,19700617,PRCP,10,,,a,
ASN00023718,19700618,PRCP,0,,,a,
ASN00023718,19700619,PRCP,0,,,a,
ASN00023718,19700620,PRCP,0,,,a,
ASN00023718,19700623,PRCP,0,,,a,
ASN00023718,19700624,PRCP,0,,,a,
ASN00023718,19700625,PRCP,0,,,a,
ASN00023718,19700626,PRCP,41,,,a,
ASN00023718,19700627,PRCP,20,,,a,
ASN00023718,19700628,PRCP,0,,,a,
ASN00023718,19700629,PRCP,0,,,a,
ASN00023718,19700630,PRCP,41,,,a,
ASN00023718,19700622,DAPR,2,,,a,
ASN00023718,19700622,DWPR,1,,,a,
ASN00023718,19700622,MDPR,56,,,a,
ASN00023718,19700701,PRCP,28,,,a,
ASN00023718,19700702,PRCP,5,,,a,
ASN00023718,19700703,PRCP,0,,,a,
ASN00023718,19700704,PRCP,0,,,a,
ASN00023718,19700707,PRCP,0,,,a,
ASN00023718,19700708,PRCP,5,,,a,
ASN00023718,19700709,PRCP,23,,,a,
ASN00023718,19700710,PRCP,43,,,a,
ASN00023718,19700711,PRCP,0,,,a,
ASN00023718,19700714,PRCP,0,,,a,
ASN00023718,19700715,PRCP,0,,,a,
ASN00023718,19700716,PRCP,0,,,a,
ASN00023718,19700717,PRCP,15,,,a,
ASN00023718,19700718,PRCP,81,,,a,
ASN00023718,19700721,PRCP,5,,,a,
ASN00023718,19700722,PRCP,0,,,a,
ASN00023718,19700723,PRCP,0,,,a,
ASN00023718,19700724,PRCP,0,,,a,
ASN00023718,19700725,PRCP,5,,,a,
ASN00023718,19700726,PRCP,0,,,a,
ASN00023718,19700727,PRCP,25,,,a,
ASN00023718,19700728,PRCP,0,,,a,
ASN00023718,19700729,PRCP,0,,,a,
ASN00023718,19700730,PRCP,0,,,a,
ASN00023718,19700731,PRCP,0,,,a,
ASN00023718,19700706,DAPR,2,,,a,
ASN00023718,19700713,DAPR,2,,,a,
ASN00023718,19700720,DAPR,2,,,a,
ASN00023718,19700706,DWPR,1,,,a,
ASN00023718,19700713,DWPR,1,,,a,
ASN00023718,19700720,DWPR,1,,,a,
ASN00023718,19700706,MDPR,41,,,a,
ASN00023718,19700713,MDPR,64,,,a,
ASN00023718,19700720,MDPR,69,,,a,
ASN00023718,19700801,PRCP,5,,,a,
ASN00023718,19700804,PRCP,66,,,a,
ASN00023718,19700805,PRCP,0,,,a,
ASN00023718,19700806,PRCP,0,,,a,
ASN00023718,19700807,PRCP,0,,,a,
ASN00023718,19700808,PRCP,0,,,a,
ASN00023718,19700809,PRCP,0,,,a,
ASN00023718,19700810,PRCP,5,,,a,
ASN00023718,19700811,PRCP,33,,,a,
ASN00023718,19700812,PRCP,81,,,a,
ASN00023718,19700813,PRCP,0,,,a,
ASN00023718,19700814,PRCP,28,,,a,
ASN00023718,19700815,PRCP,25,,,a,
ASN00023718,19700818,PRCP,0,,,a,
ASN00023718,19700819,PRCP,0,,,a,
ASN00023718,19700820,PRCP,0,,,a,
ASN00023718,19700821,PRCP,0,,,a,
ASN00023718,19700822,PRCP,30,,,a,
ASN00023718,19700825,PRCP,15,,,a,
ASN00023718,19700826,PRCP,0,,,a,
ASN00023718,19700827,PRCP,38,,,a,
ASN00023718,19700828,PRCP,8,,,a,
ASN00023718,19700829,PRCP,66,,,a,
ASN00023718,19700803,DAPR,2,,,a,
ASN00023718,19700817,DAPR,2,,,a,
ASN00023718,19700824,DAPR,2,,,a,
ASN00023718,19700831,DAPR,2,,,a,
ASN00023718,19700803,DWPR,1,,,a,
ASN00023718,19700817,DWPR,1,,,a,
ASN00023718,19700824,DWPR,1,,,a,
ASN00023718,19700831,DWPR,1,,,a,
ASN00023718,19700803,MDPR,117,,,a,
ASN00023718,19700817,MDPR,58,,,a,
ASN00023718,19700824,MDPR,51,,,a,
ASN00023718,19700831,MDPR,48,,,a,
ASN00023718,19700901,PRCP,0,,,a,
ASN00023718,19700902,PRCP,0,,,a,
ASN00023718,19700903,PRCP,0,,,a,
ASN00023718,19700904,PRCP,0,,,a,
ASN00023718,19700905,PRCP,5,,,a,
ASN00023718,19700906,PRCP,0,,,a,
ASN00023718,19700907,PRCP,0,,,a,
ASN00023718,19700908,PRCP,0,,,a,
ASN00023718,19700909,PRCP,53,,,a,
ASN00023718,19700910,PRCP,33,,,a,
ASN00023718,19700911,PRCP,3,,,a,
ASN00023718,19700912,PRCP,0,,,a,
ASN00023718,19700913,PRCP,0,,,a,
ASN00023718,19700914,PRCP,13,,,a,
ASN00023718,19700915,PRCP,69,,,a,
ASN00023718,19700916,PRCP,5,,,a,
ASN00023718,19700917,PRCP,0,,,a,
ASN00023718,19700918,PRCP,8,,,a,
ASN00023718,19700919,PRCP,0,,,a,
ASN00023718,19700920,PRCP,0,,,a,
ASN00023718,19700921,PRCP,23,,,a,
ASN00023718,19700922,PRCP,53,,,a,
ASN00023718,19700923,PRCP,13,,,a,
ASN00023718,19700924,PRCP,5,,,a,
ASN00023718,19700925,PRCP,0,,,a,
ASN00023718,19700926,PRCP,0,,,a,
ASN00023718,19700929,PRCP,28,,,a,
ASN00023718,19700930,PRCP,0,,,a,
ASN00023718,19700928,DAPR,2,,,a,
ASN00023718,19700928,DWPR,1,,,a,
ASN00023718,19700928,MDPR,208,,,a,
ASN00023718,19701001,PRCP,10,,,a,
ASN00023718,19701002,PRCP,0,,,a,
ASN00023718,19701003,PRCP,56,,,a,
ASN00023718,19701004,PRCP,0,,,a,
ASN00023718,19701005,PRCP,10,,,a,
ASN00023718,19701006,PRCP,0,,,a,
ASN00023718,19701007,PRCP,0,,,a,
ASN00023718,19701008,PRCP,0,,,a,
ASN00023718,19701009,PRCP,0,,,a,
ASN00023718,19701010,PRCP,0,,,a,
ASN00023718,19701011,PRCP,0,,,a,
ASN00023718,19701012,PRCP,0,,,a,
ASN00023718,19701013,PRCP,8,,,a,
ASN00023718,19701014,PRCP,10,,,a,
ASN00023718,19701015,PRCP,0,,,a,
ASN00023718,19701016,PRCP,0,,,a,
ASN00023718,19701017,PRCP,3,,,a,
ASN00023718,19701018,PRCP,0,,,a,
ASN00023718,19701019,PRCP,0,,,a,
ASN00023718,19701020,PRCP,0,,,a,
ASN00023718,19701021,PRCP,0,,,a,
ASN00023718,19701022,PRCP,5,,,a,
ASN00023718,19701023,PRCP,0,,,a,
ASN00023718,19701024,PRCP,25,,,a,
ASN00023718,19701025,PRCP,0,,,a,
ASN00023718,19701026,PRCP,0,,,a,
ASN00023718,19701027,PRCP,0,,,a,
ASN00023718,19701028,PRCP,0,,,a,
ASN00023718,19701029,PRCP,8,,,a,
ASN00023718,19701030,PRCP,20,,,a,
ASN00023718,19701031,PRCP,0,,,a,
ASN00023718,19701101,PRCP,0,,,a,
ASN00023718,19701102,PRCP,0,,,a,
ASN00023718,19701103,PRCP,0,,,a,
ASN00023718,19701104,PRCP,0,,,a,
ASN00023718,19701105,PRCP,33,,,a,
ASN00023718,19701106,PRCP,0,,,a,
ASN00023718,19701107,PRCP,0,,,a,
ASN00023718,19701108,PRCP,0,,,a,
ASN00023718,19701109,PRCP,0,,,a,
ASN00023718,19701110,PRCP,15,,,a,
ASN00023718,19701111,PRCP,66,,,a,
ASN00023718,19701112,PRCP,0,,,a,
ASN00023718,19701113,PRCP,0,,,a,
ASN00023718,19701114,PRCP,61,,,a,
ASN00023718,19701117,PRCP,0,,,a,
ASN00023718,19701118,PRCP,0,,,a,
ASN00023718,19701119,PRCP,0,,,a,
ASN00023718,19701120,PRCP,0,,,a,
ASN00023718,19701121,PRCP,0,,,a,
ASN00023718,19701122,PRCP,0,,,a,
ASN00023718,19701123,PRCP,0,,,a,
ASN00023718,19701124,PRCP,0,,,a,
ASN00023718,19701125,PRCP,0,,,a,
ASN00023718,19701126,PRCP,0,,,a,
ASN00023718,19701127,PRCP,0,,,a,
ASN00023718,19701128,PRCP,0,,,a,
ASN00023718,19701129,PRCP,0,,,a,
ASN00023718,19701130,PRCP,0,,,a,
ASN00023718,19701116,DAPR,2,,,a,
ASN00023718,19701116,DWPR,1,,,a,
ASN00023718,19701116,MDPR,282,,,a,
ASN00023718,19701201,PRCP,0,,,a,
ASN00023718,19701202,PRCP,0,,,a,
ASN00023718,19701203,PRCP,0,,,a,
ASN00023718,19701204,PRCP,23,,,a,
ASN00023718,19701205,PRCP,112,,,a,
ASN00023718,19701206,PRCP,0,,,a,
ASN00023718,19701207,PRCP,0,,,a,
ASN00023718,19701208,PRCP,0,,,a,
ASN00023718,19701209,PRCP,0,,,a,
ASN00023718,19701210,PRCP,0,,,a,
ASN00023718,19701211,PRCP,127,,,a,
ASN00023718,19701212,PRCP,8,,,a,
ASN00023718,19701213,PRCP,0,,,a,
ASN00023718,19701214,PRCP,0,,,a,
ASN00023718,19701215,PRCP,0,,,a,
ASN00023718,19701216,PRCP,0,,,a,
ASN00023718,19701217,PRCP,0,,,a,
ASN00023718,19701218,PRCP,0,,,a,
ASN00023718,19701219,PRCP,10,,,a,
ASN00023718,19701220,PRCP,0,,,a,
ASN00023718,19701221,PRCP,0,,,a,
ASN00023718,19701222,PRCP,0,,,a,
ASN00023718,19701223,PRCP,0,,,a,
ASN00023718,19701224,PRCP,0,,,a,
ASN00023718,19701225,PRCP,0,,,a,
ASN00023718,19701226,PRCP,0,,,a,
ASN00023718,19701227,PRCP,0,,,a,
ASN00023718,19701228,PRCP,20,,,a,
ASN00023718,19701229,PRCP,13,,,a,
ASN00023718,19701230,PRCP,3,,,a,
ASN00023718,19701231,PRCP,23,,,a,
ASN00023718,19710101,PRCP,0,,,a,
ASN00023718,19710102,PRCP,51,,,a,
ASN00023718,19710103,PRCP,0,,,a,
ASN00023718,19710104,PRCP,0,,,a,
ASN00023718,19710105,PRCP,0,,,a,
ASN00023718,19710106,PRCP,0,,,a,
ASN00023718,19710107,PRCP,0,,,a,
ASN00023718,19710108,PRCP,0,,,a,
ASN00023718,19710109,PRCP,0,,,a,
ASN00023718,19710110,PRCP,0,,,a,
ASN00023718,19710111,PRCP,0,,,a,
ASN00023718,19710112,PRCP,0,,,a,
ASN00023718,19710113,PRCP,0,,,a,
ASN00023718,19710114,PRCP,0,,,a,
ASN00023718,19710115,PRCP,0,,,a,
ASN00023718,19710116,PRCP,15,,,a,
ASN00023718,19710117,PRCP,0,,,a,
ASN00023718,19710118,PRCP,0,,,a,
ASN00023718,19710119,PRCP,0,,,a,
ASN00023718,19710120,PRCP,0,,,a,
ASN00023718,19710121,PRCP,0,,,a,
ASN00023718,19710122,PRCP,0,,,a,
ASN00023718,19710123,PRCP,0,,,a,
ASN00023718,19710124,PRCP,0,,,a,
ASN00023718,19710125,PRCP,0,,,a,
ASN00023718,19710126,PRCP,0,,,a,
ASN00023718,19710127,PRCP,0,,,a,
ASN00023718,19710128,PRCP,8,,,a,
ASN00023718,19710129,PRCP,0,,,a,
ASN00023718,19710130,PRCP,0,,,a,
ASN00023718,19710131,PRCP,0,,,a,
ASN00023718,19710201,PRCP,0,,,a,
ASN00023718,19710202,PRCP,3,,,a,
ASN00023718,19710203,PRCP,8,,,a,
ASN00023718,19710204,PRCP,0,,,a,
ASN00023718,19710205,PRCP,0,,,a,
ASN00023718,19710206,PRCP,0,,,a,
ASN00023718,19710207,PRCP,0,,,a,
ASN00023718,19710208,PRCP,0,,,a,
ASN00023718,19710209,PRCP,0,,,a,
ASN00023718,19710210,PRCP,0,,,a,
ASN00023718,19710211,PRCP,0,,,a,
ASN00023718,19710212,PRCP,0,,,a,
ASN00023718,19710213,PRCP,0,,,a,
ASN00023718,19710214,PRCP,0,,,a,
ASN00023718,19710215,PRCP,0,,,a,
ASN00023718,19710216,PRCP,0,,,a,
ASN00023718,19710217,PRCP,0,,,a,
ASN00023718,19710218,PRCP,0,,,a,
ASN00023718,19710219,PRCP,0,,,a,
ASN00023718,19710220,PRCP,0,,,a,
ASN00023718,19710221,PRCP,0,,,a,
ASN00023718,19710222,PRCP,0,,,a,
ASN00023718,19710223,PRCP,0,,,a,
ASN00023718,19710224,PRCP,0,,,a,
ASN00023718,19710225,PRCP,0,,,a,
ASN00023718,19710226,PRCP,0,,,a,
ASN00023718,19710227,PRCP,0,,,a,
ASN00023718,19710228,PRCP,0,,,a,
ASN00023718,19710301,PRCP,15,,,a,
ASN00023718,19710302,PRCP,0,,,a,
ASN00023718,19710303,PRCP,0,,,a,
ASN00023718,19710304,PRCP,0,,,a,
ASN00023718,19710305,PRCP,0,,,a,
ASN00023718,19710306,PRCP,0,,,a,
ASN00023718,19710307,PRCP,0,,,a,
ASN00023718,19710308,PRCP,0,,,a,
ASN00023718,19710309,PRCP,0,,,a,
ASN00023718,19710310,PRCP,89,,,a,
ASN00023718,19710311,PRCP,3,,,a,
ASN00023718,19710312,PRCP,0,,,a,
ASN00023718,19710313,PRCP,0,,,a,
ASN00023718,19710314,PRCP,0,,,a,
ASN00023718,19710315,PRCP,183,,,a,
ASN00023718,19710316,PRCP,0,,,a,
ASN00023718,19710317,PRCP,0,,,a,
ASN00023718,19710318,PRCP,0,,,a,
ASN00023718,19710319,PRCP,0,,,a,
ASN00023718,19710320,PRCP,0,,,a,
ASN00023718,19710321,PRCP,0,,,a,
ASN00023718,19710322,PRCP,0,,,a,
ASN00023718,19710323,PRCP,13,,,a,
ASN00023718,19710324,PRCP,0,,,a,
ASN00023718,19710325,PRCP,0,,,a,
ASN00023718,19710326,PRCP,36,,,a,
ASN00023718,19710327,PRCP,0,,,a,
ASN00023718,19710328,PRCP,0,,,a,
ASN00023718,19710329,PRCP,0,,,a,
ASN00023718,19710330,PRCP,0,,,a,
ASN00023718,19710331,PRCP,0,,,a,
ASN00023718,19710401,PRCP,0,,,a,
ASN00023718,19710402,PRCP,0,,,a,
ASN00023718,19710403,PRCP,0,,,a,
ASN00023718,19710404,PRCP,0,,,a,
ASN00023718,19710405,PRCP,0,,,a,
ASN00023718,19710406,PRCP,0,,,a,
ASN00023718,19710407,PRCP,0,,,a,
ASN00023718,19710408,PRCP,0,,,a,
ASN00023718,19710409,PRCP,0,,,a,
ASN00023718,19710410,PRCP,0,,,a,
ASN00023718,19710411,PRCP,0,,,a,
ASN00023718,19710412,PRCP,0,,,a,
ASN00023718,19710413,PRCP,0,,,a,
ASN00023718,19710414,PRCP,0,,,a,
ASN00023718,19710415,PRCP,36,,,a,
ASN00023718,19710416,PRCP,178,,,a,
ASN00023718,19710417,PRCP,147,,,a,
ASN00023718,19710418,PRCP,0,,,a,
ASN00023718,19710419,PRCP,28,,,a,
ASN00023718,19710420,PRCP,20,,,a,
ASN00023718,19710421,PRCP,10,,,a,
ASN00023718,19710422,PRCP,20,,,a,
ASN00023718,19710423,PRCP,0,,,a,
ASN00023718,19710424,PRCP,10,,,a,
ASN00023718,19710428,PRCP,211,,,a,
ASN00023718,19710429,PRCP,79,,,a,
ASN00023718,19710430,PRCP,3,,,a,
ASN00023718,19710427,DAPR,3,,,a,
ASN00023718,19710427,DWPR,3,,,a,
ASN00023718,19710427,MDPR,325,,,a,
ASN00023718,19710501,PRCP,51,,,a,
ASN00023718,19710504,PRCP,91,,,a,
ASN00023718,19710505,PRCP,20,,,a,
ASN00023718,19710506,PRCP,3,,,a,
ASN00023718,19710507,PRCP,15,,,a,
ASN00023718,19710508,PRCP,0,,,a,
ASN00023718,19710509,PRCP,0,,,a,
ASN00023718,19710510,PRCP,8,,,a,
ASN00023718,19710511,PRCP,5,,,a,
ASN00023718,19710512,PRCP,0,,,a,
ASN00023718,19710513,PRCP,15,,,a,
ASN00023718,19710514,PRCP,0,,,a,
ASN00023718,19710515,PRCP,0,,,a,
ASN00023718,19710516,PRCP,0,,,a,
ASN00023718,19710517,PRCP,0,,,a,
ASN00023718,19710518,PRCP,0,,,a,
ASN00023718,19710519,PRCP,0,,,a,
ASN00023718,19710520,PRCP,53,,,a,
ASN00023718,19710521,PRCP,0,,,a,
ASN00023718,19710522,PRCP,0,,,a,
ASN00023718,19710523,PRCP,0,,,a,
ASN00023718,19710524,PRCP,0,,,a,
ASN00023718,19710525,PRCP,13,,,a,
ASN00023718,19710526,PRCP,30,,,a,
ASN00023718,19710527,PRCP,0,,,a,
ASN00023718,19710528,PRCP,64,,,a,
ASN00023718,19710529,PRCP,56,,,a,
ASN00023718,19710503,DAPR,2,,,a,
ASN00023718,19710531,DAPR,2,,,a,
ASN00023718,19710503,DWPR,2,,,a,
ASN00023718,19710531,DWPR,2,,,a,
ASN00023718,19710503,MDPR,107,,,a,
ASN00023718,19710531,MDPR,114,,,a,
ASN00023718,19710601,PRCP,0,,,a,
ASN00023718,19710602,PRCP,15,,,a,
ASN00023718,19710603,PRCP,5,,,a,
ASN00023718,19710604,PRCP,0,,,a,
ASN00023718,19710605,PRCP,0,,,a,
ASN00023718,19710606,PRCP,0,,,a,
ASN00023718,19710607,PRCP,5,,,a,
ASN00023718,19710608,PRCP,8,,,a,
ASN00023718,19710609,PRCP,0,,,a,
ASN00023718,19710610,PRCP,0,,,a,
ASN00023718,19710611,PRCP,0,,,a,
ASN00023718,19710612,PRCP,0,,,a,
ASN00023718,19710613,PRCP,0,,,a,
ASN00023718,19710614,PRCP,0,,,a,
ASN00023718,19710615,PRCP,18,,,a,
ASN00023718,19710616,PRCP,0,,,a,
ASN00023718,19710617,PRCP,0,,,a,
ASN00023718,19710618,PRCP,0,,,a,
ASN00023718,19710619,PRCP,13,,,a,
ASN00023718,19710620,PRCP,28,,,a,
ASN00023718,19710621,PRCP,0,,,a,
ASN00023718,19710622,PRCP,8,,,a,
ASN00023718,19710623,PRCP,0,,,a,
ASN00023718,19710624,PRCP,140,,,a,
ASN00023718,19710625,PRCP,5,,,a,
ASN00023718,19710626,PRCP,51,,,a,
ASN00023718,19710627,PRCP,8,,,a,
ASN00023718,19710628,PRCP,0,,,a,
ASN00023718,19710629,PRCP,0,,,a,
ASN00023718,19710630,PRCP,13,,,a,
ASN00023718,19710701,PRCP,0,,,a,
ASN00023718,19710702,PRCP,0,,,a,
ASN00023718,19710703,PRCP,0,,,a,
ASN00023718,19710704,PRCP,0,,,a,
ASN00023718,19710705,PRCP,0,,,a,
ASN00023718,19710706,PRCP,0,,,a,
ASN00023718,19710707,PRCP,0,,,a,
ASN00023718,19710708,PRCP,36,,,a,
ASN00023718,19710709,PRCP,0,,,a,
ASN00023718,19710710,PRCP,0,,,a,
ASN00023718,19710711,PRCP,0,,,a,
ASN00023718,19710712,PRCP,0,,,a,
ASN00023718,19710713,PRCP,0,,,a,
ASN00023718,19710714,PRCP,0,,,a,
ASN00023718,19710715,PRCP,0,,,a,
ASN00023718,19710716,PRCP,132,,,a,
ASN00023718,19710717,PRCP,5,,,a,
ASN00023718,19710720,PRCP,0,,,a,
ASN00023718,19710721,PRCP,0,,,a,
ASN00023718,19710722,PRCP,58,,,a,
ASN00023718,19710723,PRCP,23,,,a,
ASN00023718,19710724,PRCP,0,,,a,
ASN00023718,19710725,PRCP,0,,,a,
ASN00023718,19710726,PRCP,18,,,a,
ASN00023718,19710727,PRCP,51,,,a,
ASN00023718,19710728,PRCP,20,,,a,
ASN00023718,19710729,PRCP,3,,,a,
ASN00023718,19710730,PRCP,0,,,a,
ASN00023718,19710731,PRCP,38,,,a,
ASN00023718,19710719,DAPR,2,,,a,
ASN00023718,19710719,DWPR,2,,,a,
ASN00023718,19710719,MDPR,41,,,a,
ASN00023718,19710803,PRCP,8,,,a,
ASN00023718,19710804,PRCP,0,,,a,
ASN00023718,19710805,PRCP,5,,,a,
ASN00023718,19710806,PRCP,0,,,a,
ASN00023718,19710807,PRCP,69,,,a,
ASN00023718,19710810,PRCP,160,,,a,
ASN00023718,19710811,PRCP,46,,,a,
ASN00023718,19710812,PRCP,8,,,a,
ASN00023718,19710813,PRCP,10,,,a,
ASN00023718,19710814,PRCP,124,,,a,
ASN00023718,19710815,PRCP,0,,,a,
ASN00023718,19710816,PRCP,0,,,a,
ASN00023718,19710817,PRCP,0,,,a,
ASN00023718,19710818,PRCP,8,,,a,
ASN00023718,19710819,PRCP,0,,,a,
ASN00023718,19710820,PRCP,0,,,a,
ASN00023718,19710821,PRCP,38,,,a,
ASN00023718,19710822,PRCP,0,,,a,
ASN00023718,19710823,PRCP,25,,,a,
ASN00023718,19710824,PRCP,33,,,a,
ASN00023718,19710825,PRCP,0,,,a,
ASN00023718,19710826,PRCP,41,,,a,
ASN00023718,19710827,PRCP,8,,,a,
ASN00023718,19710828,PRCP,30,,,a,
ASN00023718,19710831,PRCP,5,,,a,
ASN00023718,19710802,DAPR,2,,,a,
ASN00023718,19710809,DAPR,2,,,a,
ASN00023718,19710830,DAPR,2,,,a,
ASN00023718,19710802,DWPR,1,,,a,
ASN00023718,19710809,DWPR,2,,,a,
ASN00023718,19710830,DWPR,2,,,a,
ASN00023718,19710802,MDPR,5,,,a,
ASN00023718,19710809,MDPR,23,,,a,
ASN00023718,19710830,MDPR,97,,,a,
ASN00023718,19710901,PRCP,18,,,a,
ASN00023718,19710902,PRCP,0,,,a,
ASN00023718,19710903,PRCP,0,,,a,
ASN00023718,19710904,PRCP,135,,,a,
ASN00023718,19710905,PRCP,0,,,a,
ASN00023718,19710906,PRCP,0,,,a,
ASN00023718,19710907,PRCP,61,,,a,
ASN00023718,19710908,PRCP,0,,,a,
ASN00023718,19710909,PRCP,10,,,a,
ASN00023718,19710910,PRCP,69,,,a,
ASN00023718,19710911,PRCP,0,,,a,
ASN00023718,19710912,PRCP,0,,,a,
ASN00023718,19710913,PRCP,0,,,a,
ASN00023718,19710914,PRCP,0,,,a,
ASN00023718,19710915,PRCP,0,,,a,
ASN00023718,19710916,PRCP,0,,,a,
ASN00023718,19710917,PRCP,0,,,a,
ASN00023718,19710918,PRCP,10,,,a,
ASN00023718,19710919,PRCP,0,,,a,
ASN00023718,19710920,PRCP,38,,,a,
ASN00023718,19710921,PRCP,36,,,a,
ASN00023718,19710922,PRCP,38,,,a,
ASN00023718,19710923,PRCP,3,,,a,
ASN00023718,19710924,PRCP,0,,,a,
ASN00023718,19710925,PRCP,10,,,a,
ASN00023718,19710928,PRCP,5,,,a,
ASN00023718,19710929,PRCP,0,,,a,
ASN00023718,19710930,PRCP,5,,,a,
ASN00023718,19710927,DAPR,2,,,a,
ASN00023718,19710927,DWPR,2,,,a,
ASN00023718,19710927,MDPR,107,,,a,
ASN00023718,19711001,PRCP,46,,,a,
ASN00023718,19711002,PRCP,30,,,a,
ASN00023718,19711005,PRCP,0,,,a,
ASN00023718,19711006,PRCP,5,,,a,
ASN00023718,19711007,PRCP,0,,,a,
ASN00023718,19711008,PRCP,0,,,a,
ASN00023718,19711009,PRCP,0,,,a,
ASN00023718,19711010,PRCP,0,,,a,
ASN00023718,19711011,PRCP,0,,,a,
ASN00023718,19711012,PRCP,0,,,a,
ASN00023718,19711013,PRCP,0,,,a,
ASN00023718,19711014,PRCP,0,,,a,
ASN00023718,19711015,PRCP,61,,,a,
ASN00023718,19711016,PRCP,3,,,a,
ASN00023718,19711017,PRCP,0,,,a,
ASN00023718,19711018,PRCP,0,,,a,
ASN00023718,19711019,PRCP,0,,,a,
ASN00023718,19711020,PRCP,0,,,a,
ASN00023718,19711021,PRCP,0,,,a,
ASN00023718,19711022,PRCP,0,,,a,
ASN00023718,19711023,PRCP,0,,,a,
ASN00023718,19711024,PRCP,0,,,a,
ASN00023718,19711025,PRCP,0,,,a,
ASN00023718,19711026,PRCP,58,,,a,
ASN00023718,19711027,PRCP,36,,,a,
ASN00023718,19711028,PRCP,0,,,a,
ASN00023718,19711029,PRCP,5,,,a,
ASN00023718,19711030,PRCP,0,,,a,
ASN00023718,19711031,PRCP,0,,,a,
ASN00023718,19711004,DAPR,2,,,a,
ASN00023718,19711004,DWPR,1,,,a,
ASN00023718,19711004,MDPR,10,,,a,
ASN00023718,19711101,PRCP,0,,,a,
ASN00023718,19711102,PRCP,0,,,a,
ASN00023718,19711103,PRCP,0,,,a,
ASN00023718,19711104,PRCP,122,,,a,
ASN00023718,19711105,PRCP,8,,,a,
ASN00023718,19711106,PRCP,43,,,a,
ASN00023718,19711107,PRCP,0,,,a,
ASN00023718,19711108,PRCP,69,,,a,
ASN00023718,19711109,PRCP,0,,,a,
ASN00023718,19711110,PRCP,0,,,a,
ASN00023718,19711111,PRCP,0,,,a,
ASN00023718,19711112,PRCP,8,,,a,
ASN00023718,19711113,PRCP,0,,,a,
ASN00023718,19711114,PRCP,0,,,a,
ASN00023718,19711115,PRCP,53,,,a,
ASN00023718,19711116,PRCP,18,,,a,
ASN00023718,19711117,PRCP,8,,,a,
ASN00023718,19711118,PRCP,102,,,a,
ASN00023718,19711119,PRCP,0,,,a,
ASN00023718,19711120,PRCP,10,,,a,
ASN00023718,19711121,PRCP,0,,,a,
ASN00023718,19711122,PRCP,15,,,a,
ASN00023718,19711123,PRCP,0,,,a,
ASN00023718,19711124,PRCP,0,,,a,
ASN00023718,19711125,PRCP,0,,,a,
ASN00023718,19711126,PRCP,0,,,a,
ASN00023718,19711127,PRCP,0,,,a,
ASN00023718,19711128,PRCP,0,,,a,
ASN00023718,19711129,PRCP,0,,,a,
ASN00023718,19711130,PRCP,0,,,a,
ASN00023718,19711201,PRCP,0,,,a,
ASN00023718,19711202,PRCP,0,,,a,
ASN00023718,19711203,PRCP,0,,,a,
ASN00023718,19711204,PRCP,0,,,a,
ASN00023718,19711205,PRCP,0,,,a,
ASN00023718,19711206,PRCP,0,,,a,
ASN00023718,19711207,PRCP,5,,,a,
ASN00023718,19711208,PRCP,0,,,a,
ASN00023718,19711209,PRCP,0,,,a,
ASN00023718,19711210,PRCP,241,,,a,
ASN00023718,19711211,PRCP,10,,,a,
ASN00023718,19711212,PRCP,0,,,a,
ASN00023718,19711213,PRCP,0,,,a,
ASN00023718,19711214,PRCP,0,,,a,
ASN00023718,19711215,PRCP,0,,,a,
ASN00023718,19711216,PRCP,0,,,a,
ASN00023718,19711217,PRCP,0,,,a,
ASN00023718,19711218,PRCP,0,,,a,
ASN00023718,19711219,PRCP,0,,,a,
ASN00023718,19711220,PRCP,0,,,a,
ASN00023718,19711221,PRCP,53,,,a,
ASN00023718,19711222,PRCP,0,,,a,
ASN00023718,19711223,PRCP,0,,,a,
ASN00023718,19711224,PRCP,0,,,a,
ASN00023718,19711225,PRCP,0,,,a,
ASN00023718,19711226,PRCP,0,,,a,
ASN00023718,19711227,PRCP,0,,,a,
ASN00023718,19711228,PRCP,0,,,a,
ASN00023718,19711229,PRCP,0,,,a,
ASN00023718,19711230,PRCP,0,,,a,
ASN00023718,19711231,PRCP,36,,,a,
ASN00023718,19720101,PRCP,0,,,a,
ASN00023718,19720102,PRCP,0,,,a,
ASN00023718,19720103,PRCP,0,,,a,
ASN00023718,19720104,PRCP,5,,,a,
ASN00023718,19720105,PRCP,0,,,a,
ASN00023718,19720106,PRCP,3,,,a,
ASN00023718,19720107,PRCP,142,,,a,
ASN00023718,19720108,PRCP,104,,,a,
ASN00023718,19720109,PRCP,0,,,a,
ASN00023718,19720110,PRCP,244,,,a,
ASN00023718,19720111,PRCP,155,,,a,
ASN00023718,19720112,PRCP,130,,,a,
ASN00023718,19720113,PRCP,0,,,a,
ASN00023718,19720114,PRCP,0,,,a,
ASN00023718,19720115,PRCP,0,,,a,
ASN00023718,19720116,PRCP,0,,,a,
ASN00023718,19720117,PRCP,0,,,a,
ASN00023718,19720118,PRCP,0,,,a,
ASN00023718,19720119,PRCP,0,,,a,
ASN00023718,19720120,PRCP,0,,,a,
ASN00023718,19720121,PRCP,0,,,a,
ASN00023718,19720122,PRCP,13,,,a,
ASN00023718,19720123,PRCP,0,,,a,
ASN00023718,19720124,PRCP,15,,,a,
ASN00023718,19720125,PRCP,0,,,a,
ASN00023718,19720126,PRCP,0,,,a,
ASN00023718,19720127,PRCP,0,,,a,
ASN00023718,19720128,PRCP,0,,,a,
ASN00023718,19720129,PRCP,0,,,a,
ASN00023718,19720130,PRCP,0,,,a,
ASN00023718,19720131,PRCP,0,,,a,
ASN00023718,19720201,PRCP,0,,,a,
ASN00023718,19720202,PRCP,0,,,a,
ASN00023718,19720203,PRCP,0,,,a,
ASN00023718,19720204,PRCP,0,,,a,
ASN00023718,19720205,PRCP,0,,,a,
ASN00023718,19720206,PRCP,0,,,a,
ASN00023718,19720207,PRCP,0,,,a,
ASN00023718,19720208,PRCP,0,,,a,
ASN00023718,19720209,PRCP,0,,,a,
ASN00023718,19720210,PRCP,0,,,a,
ASN00023718,19720211,PRCP,0,,,a,
ASN00023718,19720212,PRCP,0,,,a,
ASN00023718,19720213,PRCP,0,,,a,
ASN00023718,19720214,PRCP,33,,,a,
ASN00023718,19720215,PRCP,203,,,a,
ASN00023718,19720216,PRCP,28,,,a,
ASN00023718,19720217,PRCP,0,,,a,
ASN00023718,19720218,PRCP,23,,,a,
ASN00023718,19720219,PRCP,3,,,a,
ASN00023718,19720220,PRCP,0,,,a,
ASN00023718,19720221,PRCP,109,,,a,
ASN00023718,19720222,PRCP,0,,,a,
ASN00023718,19720223,PRCP,0,,,a,
ASN00023718,19720224,PRCP,0,,,a,
ASN00023718,19720225,PRCP,0,,,a,
ASN00023718,19720226,PRCP,0,,,a,
ASN00023718,19720227,PRCP,0,,,a,
ASN00023718,19720228,PRCP,0,,,a,
ASN00023718,19720229,PRCP,0,,,a,
ASN00023718,19720301,PRCP,0,,,a,
ASN00023718,19720302,PRCP,0,,,a,
ASN00023718,19720303,PRCP,0,,,a,
ASN00023718,19720304,PRCP,0,,,a,
ASN00023718,19720305,PRCP,0,,,a,
ASN00023718,19720306,PRCP,0,,,a,
ASN00023718,19720307,PRCP,0,,,a,
ASN00023718,19720308,PRCP,0,,,a,
ASN00023718,19720309,PRCP,0,,,a,
ASN00023718,19720310,PRCP,0,,,a,
ASN00023718,19720311,PRCP,0,,,a,
ASN00023718,19720312,PRCP,0,,,a,
ASN00023718,19720313,PRCP,0,,,a,
ASN00023718,19720314,PRCP,13,,,a,
ASN00023718,19720315,PRCP,0,,,a,
ASN00023718,19720316,PRCP,0,,,a,
ASN00023718,19720317,PRCP,0,,,a,
ASN00023718,19720318,PRCP,0,,,a,
ASN00023718,19720319,PRCP,0,,,a,
ASN00023718,19720320,PRCP,0,,,a,
ASN00023718,19720321,PRCP,0,,,a,
ASN00023718,19720322,PRCP,0,,,a,
ASN00023718,19720323,PRCP,0,,,a,
ASN00023718,19720324,PRCP,0,,,a,
ASN00023718,19720325,PRCP,0,,,a,
ASN00023718,19720326,PRCP,0,,,a,
ASN00023718,19720327,PRCP,0,,,a,
ASN00023718,19720328,PRCP,0,,,a,
ASN00023718,19720329,PRCP,5,,,a,
ASN00023718,19720330,PRCP,0,,,a,
ASN00023718,19720331,PRCP,0,,,a,
ASN00023718,19720401,PRCP,0,,,a,
ASN00023718,19720402,PRCP,0,,,a,
ASN00023718,19720403,PRCP,0,,,a,
ASN00023718,19720404,PRCP,0,,,a,
ASN00023718,19720405,PRCP,5,,,a,
ASN00023718,19720406,PRCP,8,,,a,
ASN00023718,19720407,PRCP,0,,,a,
ASN00023718,19720408,PRCP,0,,,a,
ASN00023718,19720411,PRCP,0,,,a,
ASN00023718,19720412,PRCP,0,,,a,
ASN00023718,19720413,PRCP,0,,,a,
ASN00023718,19720414,PRCP,0,,,a,
ASN00023718,19720415,PRCP,0,,,a,
ASN00023718,19720416,PRCP,0,,,a,
ASN00023718,19720417,PRCP,0,,,a,
ASN00023718,19720418,PRCP,0,,,a,
ASN00023718,19720419,PRCP,0,,,a,
ASN00023718,19720420,PRCP,0,,,a,
ASN00023718,19720421,PRCP,0,,,a,
ASN00023718,19720422,PRCP,38,,,a,
ASN00023718,19720425,PRCP,23,,,a,
ASN00023718,19720426,PRCP,0,,,a,
ASN00023718,19720427,PRCP,18,,,a,
ASN00023718,19720428,PRCP,0,,,a,
ASN00023718,19720429,PRCP,0,,,a,
ASN00023718,19720430,PRCP,0,,,a,
ASN00023718,19720410,DAPR,2,,,a,
ASN00023718,19720424,DAPR,2,,,a,
ASN00023718,19720410,DWPR,1,,,a,
ASN00023718,19720424,DWPR,2,,,a,
ASN00023718,19720410,MDPR,30,,,a,
ASN00023718,19720424,MDPR,104,,,a,
ASN00023718,19720501,PRCP,0,,,a,
ASN00023718,19720502,PRCP,0,,,a,
ASN00023718,19720503,PRCP,0,,,a,
ASN00023718,19720504,PRCP,0,,,a,
ASN00023718,19720505,PRCP,0,,,a,
ASN00023718,19720506,PRCP,0,,,a,
ASN00023718,19720507,PRCP,0,,,a,
ASN00023718,19720508,PRCP,0,,,a,
ASN00023718,19720509,PRCP,0,,,a,
ASN00023718,19720510,PRCP,0,,,a,
ASN00023718,19720511,PRCP,0,,,a,
ASN00023718,19720512,PRCP,0,,,a,
ASN00023718,19720513,PRCP,0,,,a,
ASN00023718,19720514,PRCP,0,,,a,
ASN00023718,19720515,PRCP,0,,,a,
ASN00023718,19720516,PRCP,76,,,a,
ASN00023718,19720517,PRCP,18,,,a,
ASN00023718,19720518,PRCP,8,,,a,
ASN00023718,19720519,PRCP,5,,,a,
ASN00023718,19720520,PRCP,10,,,a,
ASN00023718,19720521,PRCP,0,,,a,
ASN00023718,19720522,PRCP,0,,,a,
ASN00023718,19720523,PRCP,13,,,a,
ASN00023718,19720524,PRCP,0,,,a,
ASN00023718,19720525,PRCP,0,,,a,
ASN00023718,19720526,PRCP,5,,,a,
ASN00023718,19720527,PRCP,10,,,a,
ASN00023718,19720528,PRCP,0,,,a,
ASN00023718,19720529,PRCP,0,,,a,
ASN00023718,19720530,PRCP,0,,,a,
ASN00023718,19720531,PRCP,0,,,a,
ASN00023718,19720601,PRCP,0,,,a,
ASN00023718,19720602,PRCP,0,,,a,
ASN00023718,19720603,PRCP,0,,,a,
ASN00023718,19720606,PRCP,0,,,a,
ASN00023718,19720607,PRCP,0,,,a,
ASN00023718,19720608,PRCP,0,,,a,
ASN00023718,19720609,PRCP,0,,,a,
ASN00023718,19720610,PRCP,0,,,a,
ASN00023718,19720611,PRCP,0,,,a,
ASN00023718,19720612,PRCP,0,,,a,
ASN00023718,19720613,PRCP,18,,,a,
ASN00023718,19720614,PRCP,0,,,a,
ASN00023718,19720615,PRCP,0,,,a,
ASN00023718,19720616,PRCP,0,,,a,
ASN00023718,19720617,PRCP,0,,,a,
ASN00023718,19720618,PRCP,0,,,a,
ASN00023718,19720619,PRCP,0,,,a,
ASN00023718,19720620,PRCP,0,,,a,
ASN00023718,19720621,PRCP,0,,,a,
ASN00023718,19720622,PRCP,20,,,a,
ASN00023718,19720623,PRCP,0,,,a,
ASN00023718,19720624,PRCP,0,,,a,
ASN00023718,19720625,PRCP,0,,,a,
ASN00023718,19720626,PRCP,18,,,a,
ASN00023718,19720627,PRCP,5,,,a,
ASN00023718,19720628,PRCP,91,,,a,
ASN00023718,19720629,PRCP,302,,,a,
ASN00023718,19720630,PRCP,38,,,a,
ASN00023718,19720605,DAPR,2,,,a,
ASN00023718,19720605,DWPR,2,,,a,
ASN00023718,19720605,MDPR,23,,,a,
ASN00023718,19720701,PRCP,38,,,a,
ASN00023718,19720702,PRCP,0,,,a,
ASN00023718,19720703,PRCP,5,,,a,
ASN00023718,19720704,PRCP,41,,,a,
ASN00023718,19720705,PRCP,10,,,a,
ASN00023718,19720706,PRCP,53,,,a,
ASN00023718,19720707,PRCP,107,,,a,
ASN00023718,19720708,PRCP,51,,,a,
ASN00023718,19720709,PRCP,0,,,a,
ASN00023718,19720710,PRCP,18,,,a,
ASN00023718,19720711,PRCP,23,,,a,
ASN00023718,19720712,PRCP,36,,,a,
ASN00023718,19720713,PRCP,13,,,a,
ASN00023718,19720714,PRCP,18,,,a,
ASN00023718,19720715,PRCP,86,,,a,
ASN00023718,19720716,PRCP,0,,,a,
ASN00023718,19720717,PRCP,15,,,a,
ASN00023718,19720718,PRCP,0,,,a,
ASN00023718,19720719,PRCP,5,,,a,
ASN00023718,19720720,PRCP,61,,,a,
ASN00023718,19720721,PRCP,3,,,a,
ASN00023718,19720722,PRCP,5,,,a,
ASN00023718,19720723,PRCP,0,,,a,
ASN00023718,19720724,PRCP,0,,,a,
ASN00023718,19720725,PRCP,0,,,a,
ASN00023718,19720726,PRCP,0,,,a,
ASN00023718,19720727,PRCP,3,,,a,
ASN00023718,19720728,PRCP,0,,,a,
ASN00023718,19720729,PRCP,5,,,a,
ASN00023718,19720730,PRCP,0,,,a,
ASN00023718,19720731,PRCP,10,,,a,
ASN00023718,19720801,PRCP,18,,,a,
ASN00023718,19720802,PRCP,25,,,a,
ASN00023718,19720803,PRCP,25,,,a,
ASN00023718,19720804,PRCP,0,,,a,
ASN00023718,19720805,PRCP,0,,,a,
ASN00023718,19720808,PRCP,69,,,a,
ASN00023718,19720809,PRCP,23,,,a,
ASN00023718,19720810,PRCP,170,,,a,
ASN00023718,19720811,PRCP,97,,,a,
ASN00023718,19720812,PRCP,36,,,a,
ASN00023718,19720815,PRCP,15,,,a,
ASN00023718,19720816,PRCP,15,,,a,
ASN00023718,19720817,PRCP,0,,,a,
ASN00023718,19720818,PRCP,0,,,a,
ASN00023718,19720819,PRCP,43,,,a,
ASN00023718,19720820,PRCP,0,,,a,
ASN00023718,19720821,PRCP,0,,,a,
ASN00023718,19720822,PRCP,0,,,a,
ASN00023718,19720823,PRCP,0,,,a,
ASN00023718,19720824,PRCP,0,,,a,
ASN00023718,19720825,PRCP,0,,,a,
ASN00023718,19720826,PRCP,0,,,a,
ASN00023718,19720827,PRCP,0,,,a,
ASN00023718,19720828,PRCP,0,,,a,
ASN00023718,19720829,PRCP,56,,,a,
ASN00023718,19720830,PRCP,13,,,a,
ASN00023718,19720831,PRCP,0,,,a,
ASN00023718,19720807,DAPR,2,,,a,
ASN00023718,19720814,DAPR,2,,,a,
ASN00023718,19720807,DWPR,1,,,a,
ASN00023718,19720814,DWPR,1,,,a,
ASN00023718,19720807,MDPR,107,,,a,
ASN00023718,19720814,MDPR,30,,,a,
ASN00023718,19720901,PRCP,0,,,a,
ASN00023718,19720902,PRCP,0,,,a,
ASN00023718,19720903,PRCP,0,,,a,
ASN00023718,19720904,PRCP,0,,,a,
ASN00023718,19720905,PRCP,0,,,a,
ASN00023718,19720906,PRCP,30,,,a,
ASN00023718,19720907,PRCP,69,,,a,
ASN00023718,19720908,PRCP,51,,,a,
ASN00023718,19720909,PRCP,0,,,a,
ASN00023718,19720910,PRCP,0,,,a,
ASN00023718,19720911,PRCP,0,,,a,
ASN00023718,19720912,PRCP,58,,,a,
ASN00023718,19720913,PRCP,99,,,a,
ASN00023718,19720914,PRCP,0,,,a,
ASN00023718,19720915,PRCP,0,,,a,
ASN00023718,19720916,PRCP,0,,,a,
ASN00023718,19720917,PRCP,0,,,a,
ASN00023718,19720918,PRCP,15,,,a,
ASN00023718,19720919,PRCP,0,,,a,
ASN00023718,19720920,PRCP,0,,,a,
ASN00023718,19720921,PRCP,0,,,a,
ASN00023718,19720922,PRCP,15,,,a,
ASN00023718,19720923,PRCP,0,,,a,
ASN00023718,19720924,PRCP,0,,,a,
ASN00023718,19720925,PRCP,0,,,a,
ASN00023718,19720926,PRCP,0,,,a,
ASN00023718,19720927,PRCP,0,,,a,
ASN00023718,19720928,PRCP,0,,,a,
ASN00023718,19720929,PRCP,0,,,a,
ASN00023718,19720930,PRCP,0,,,a,
ASN00023718,19721001,PRCP,0,,,a,
ASN00023718,19721002,PRCP,0,,,a,
ASN00023718,19721003,PRCP,15,,,a,
ASN00023718,19721004,PRCP,0,,,a,
ASN00023718,19721005,PRCP,0,,,a,
ASN00023718,19721006,PRCP,28,,,a,
ASN00023718,19721007,PRCP,0,,,a,
ASN00023718,19721008,PRCP,0,,,a,
ASN00023718,19721009,PRCP,0,,,a,
ASN00023718,19721010,PRCP,61,,,a,
ASN00023718,19721011,PRCP,20,,,a,
ASN00023718,19721012,PRCP,15,,,a,
ASN00023718,19721013,PRCP,5,,,a,
ASN00023718,19721014,PRCP,0,,,a,
ASN00023718,19721017,PRCP,0,,,a,
ASN00023718,19721018,PRCP,0,,,a,
ASN00023718,19721019,PRCP,0,,,a,
ASN00023718,19721020,PRCP,0,,,a,
ASN00023718,19721021,PRCP,0,,,a,
ASN00023718,19721022,PRCP,0,,,a,
ASN00023718,19721023,PRCP,0,,,a,
ASN00023718,19721024,PRCP,0,,,a,
ASN00023718,19721025,PRCP,0,,,a,
ASN00023718,19721026,PRCP,0,,,a,
ASN00023718,19721027,PRCP,0,,,a,
ASN00023718,19721028,PRCP,0,,,a,
ASN00023718,19721029,PRCP,0,,,a,
ASN00023718,19721030,PRCP,0,,,a,
ASN00023718,19721031,PRCP,3,,,a,
ASN00023718,19721016,DAPR,2,,,a,
ASN00023718,19721016,DWPR,1,,,a,
ASN00023718,19721016,MDPR,104,,,a,
ASN00023718,19721101,PRCP,0,,,a,
ASN00023718,19721102,PRCP,137,,,a,
ASN00023718,19721103,PRCP,8,,,a,
ASN00023718,19721104,PRCP,10,,,a,
ASN00023718,19721105,PRCP,0,,,a,
ASN00023718,19721106,PRCP,0,,,a,
ASN00023718,19721107,PRCP,0,,,a,
ASN00023718,19721108,PRCP,0,,,a,
ASN00023718,19721109,PRCP,0,,,a,
ASN00023718,19721110,PRCP,20,,,a,
ASN00023718,19721111,PRCP,8,,,a,
ASN00023718,19721112,PRCP,0,,,a,
ASN00023718,19721113,PRCP,8,,,a,
ASN00023718,19721114,PRCP,0,,,a,
ASN00023718,19721115,PRCP,0,,,a,
ASN00023718,19721116,PRCP,0,,,a,
ASN00023718,19721117,PRCP,0,,,a,
ASN00023718,19721118,PRCP,0,,,a,
ASN00023718,19721119,PRCP,0,,,a,
ASN00023718,19721120,PRCP,0,,,a,
ASN00023718,19721121,PRCP,0,,,a,
ASN00023718,19721122,PRCP,0,,,a,
ASN00023718,19721123,PRCP,0,,,a,
ASN00023718,19721124,PRCP,0,,,a,
ASN00023718,19721125,PRCP,5,,,a,
ASN00023718,19721126,PRCP,0,,,a,
ASN00023718,19721127,PRCP,0,,,a,
ASN00023718,19721128,PRCP,0,,,a,
ASN00023718,19721129,PRCP,0,,,a,
ASN00023718,19721130,PRCP,0,,,a,
ASN00023718,19721201,PRCP,0,,,a,
ASN00023718,19721202,PRCP,3,,,a,
ASN00023718,19721203,PRCP,0,,,a,
ASN00023718,19721204,PRCP,0,,,a,
ASN00023718,19721205,PRCP,0,,,a,
ASN00023718,19721206,PRCP,0,,,a,
ASN00023718,19721207,PRCP,0,,,a,
ASN00023718,19721208,PRCP,0,,,a,
ASN00023718,19721209,PRCP,0,,,a,
ASN00023718,19721210,PRCP,0,,,a,
ASN00023718,19721211,PRCP,0,,,a,
ASN00023718,19721212,PRCP,0,,,a,
ASN00023718,19721213,PRCP,0,,,a,
ASN00023718,19721214,PRCP,0,,,a,
ASN00023718,19721215,PRCP,0,,,a,
ASN00023718,19721216,PRCP,0,,,a,
ASN00023718,19721217,PRCP,0,,,a,
ASN00023718,19721218,PRCP,18,,,a,
ASN00023718,19721219,PRCP,0,,,a,
ASN00023718,19721220,PRCP,0,,,a,
ASN00023718,19721221,PRCP,0,,,a,
ASN00023718,19721222,PRCP,0,,,a,
ASN00023718,19721223,PRCP,0,,,a,
ASN00023718,19721224,PRCP,0,,,a,
ASN00023718,19721225,PRCP,0,,,a,
ASN00023718,19721226,PRCP,0,,,a,
ASN00023718,19721227,PRCP,76,,,a,
ASN00023718,19721228,PRCP,0,,,a,
ASN00023718,19721229,PRCP,0,,,a,
ASN00023718,19721230,PRCP,0,,,a,
ASN00023718,19721231,PRCP,0,,,a,
ASN00023718,19730101,PRCP,0,,,a,
ASN00023718,19730102,PRCP,0,,,a,
ASN00023718,19730103,PRCP,0,,,a,
ASN00023718,19730104,PRCP,0,,,a,
ASN00023718,19730105,PRCP,0,,,a,
ASN00023718,19730106,PRCP,0,,,a,
ASN00023718,19730107,PRCP,0,,,a,
ASN00023718,19730108,PRCP,0,,,a,
ASN00023718,19730109,PRCP,0,,,a,
ASN00023718,19730110,PRCP,0,,,a,
ASN00023718,19730111,PRCP,0,,,a,
ASN00023718,19730112,PRCP,0,,,a,
ASN00023718,19730113,PRCP,0,,,a,
ASN00023718,19730114,PRCP,0,,,a,
ASN00023718,19730115,PRCP,46,,,a,
ASN00023718,19730116,PRCP,0,,,a,
ASN00023718,19730117,PRCP,0,,,a,
ASN00023718,19730118,PRCP,0,,,a,
ASN00023718,19730119,PRCP,0,,,a,
ASN00023718,19730120,PRCP,0,,,a,
ASN00023718,19730121,PRCP,0,,,a,
ASN00023718,19730122,PRCP,0,,,a,
ASN00023718,19730123,PRCP,0,,,a,
ASN00023718,19730124,PRCP,0,,,a,
ASN00023718,19730125,PRCP,5,,,a,
ASN00023718,19730126,PRCP,0,,,a,
ASN00023718,19730127,PRCP,0,,,a,
ASN00023718,19730128,PRCP,0,,,a,
ASN00023718,19730129,PRCP,0,,,a,
ASN00023718,19730130,PRCP,53,,,a,
ASN00023718,19730131,PRCP,3,,,a,
ASN00023718,19730201,PRCP,0,,,a,
ASN00023718,19730202,PRCP,0,,,a,
ASN00023718,19730203,PRCP,0,,,a,
ASN00023718,19730204,PRCP,0,,,a,
ASN00023718,19730205,PRCP,30,,,a,
ASN00023718,19730206,PRCP,409,,,a,
ASN00023718,19730207,PRCP,0,,,a,
ASN00023718,19730208,PRCP,0,,,a,
ASN00023718,19730209,PRCP,0,,,a,
ASN00023718,19730210,PRCP,0,,,a,
ASN00023718,19730211,PRCP,0,,,a,
ASN00023718,19730212,PRCP,0,,,a,
ASN00023718,19730213,PRCP,0,,,a,
ASN00023718,19730214,PRCP,0,,,a,
ASN00023718,19730215,PRCP,0,,,a,
ASN00023718,19730216,PRCP,0,,,a,
ASN00023718,19730217,PRCP,0,,,a,
ASN00023718,19730218,PRCP,0,,,a,
ASN00023718,19730219,PRCP,0,,,a,
ASN00023718,19730220,PRCP,0,,,a,
ASN00023718,19730221,PRCP,0,,,a,
ASN00023718,19730222,PRCP,0,,,a,
ASN00023718,19730223,PRCP,0,,,a,
ASN00023718,19730224,PRCP,0,,,a,
ASN00023718,19730225,PRCP,0,,,a,
ASN00023718,19730226,PRCP,0,,,a,
ASN00023718,19730227,PRCP,0,,,a,
ASN00023718,19730228,PRCP,15,,,a,
ASN00023718,19730301,PRCP,0,,,a,
ASN00023718,19730302,PRCP,0,,,a,
ASN00023718,19730303,PRCP,0,,,a,
ASN00023718,19730304,PRCP,0,,,a,
ASN00023718,19730305,PRCP,0,,,a,
ASN00023718,19730306,PRCP,0,,,a,
ASN00023718,19730307,PRCP,10,,,a,
ASN00023718,19730308,PRCP,0,,,a,
ASN00023718,19730309,PRCP,0,,,a,
ASN00023718,19730310,PRCP,0,,,a,
ASN00023718,19730311,PRCP,0,,,a,
ASN00023718,19730312,PRCP,10,,,a,
ASN00023718,19730313,PRCP,5,,,a,
ASN00023718,19730314,PRCP,0,,,a,
ASN00023718,19730315,PRCP,0,,,a,
ASN00023718,19730316,PRCP,0,,,a,
ASN00023718,19730317,PRCP,0,,,a,
ASN00023718,19730318,PRCP,0,,,a,
ASN00023718,19730319,PRCP,155,,,a,
ASN00023718,19730320,PRCP,0,,,a,
ASN00023718,19730321,PRCP,0,,,a,
ASN00023718,19730322,PRCP,15,,,a,
ASN00023718,19730323,PRCP,10,,,a,
ASN00023718,19730324,PRCP,0,,,a,
ASN00023718,19730325,PRCP,0,,,a,
ASN00023718,19730326,PRCP,0,,,a,
ASN00023718,19730327,PRCP,0,,,a,
ASN00023718,19730328,PRCP,3,,,a,
ASN00023718,19730329,PRCP,0,,,a,
ASN00023718,19730330,PRCP,97,,,a,
ASN00023718,19730331,PRCP,48,,,a,
ASN00023718,19730401,PRCP,0,,,a,
ASN00023718,19730402,PRCP,0,,,a,
ASN00023718,19730403,PRCP,0,,,a,
ASN00023718,19730404,PRCP,0,,,a,
ASN00023718,19730405,PRCP,0,,,a,
ASN00023718,19730406,PRCP,15,,,a,
ASN00023718,19730407,PRCP,0,,,a,
ASN00023718,19730408,PRCP,0,,,a,
ASN00023718,19730409,PRCP,0,,,a,
ASN00023718,19730410,PRCP,0,,,a,
ASN00023718,19730411,PRCP,0,,,a,
ASN00023718,19730412,PRCP,0,,,a,
ASN00023718,19730413,PRCP,0,,,a,
ASN00023718,19730414,PRCP,0,,,a,
ASN00023718,19730415,PRCP,0,,,a,
ASN00023718,19730416,PRCP,51,,,a,
ASN00023718,19730417,PRCP,0,,,a,
ASN00023718,19730418,PRCP,18,,,a,
ASN00023718,19730419,PRCP,20,,,a,
ASN00023718,19730420,PRCP,0,,,a,
ASN00023718,19730421,PRCP,0,,,a,
ASN00023718,19730422,PRCP,0,,,a,
ASN00023718,19730423,PRCP,0,,,a,
ASN00023718,19730424,PRCP,43,,,a,
ASN00023718,19730425,PRCP,0,,,a,
ASN00023718,19730426,PRCP,23,,,a,
ASN00023718,19730427,PRCP,8,,,a,
ASN00023718,19730428,PRCP,0,,,a,
ASN00023718,19730429,PRCP,0,,,a,
ASN00023718,19730430,PRCP,3,,,a,
ASN00023718,19730501,PRCP,79,,,a,
ASN00023718,19730502,PRCP,10,,,a,
ASN00023718,19730503,PRCP,10,,,a,
ASN00023718,19730504,PRCP,0,,,a,
ASN00023718,19730505,PRCP,0,,,a,
ASN00023718,19730506,PRCP,0,,,a,
ASN00023718,19730507,PRCP,30,,,a,
ASN00023718,19730508,PRCP,0,,,a,
ASN00023718,19730509,PRCP,25,,,a,
ASN00023718,19730510,PRCP,48,,,a,
ASN00023718,19730511,PRCP,15,,,a,
ASN00023718,19730512,PRCP,0,,,a,
ASN00023718,19730513,PRCP,0,,,a,
ASN00023718,19730514,PRCP,43,,,a,
ASN00023718,19730515,PRCP,28,,,a,
ASN00023718,19730516,PRCP,23,,,a,
ASN00023718,19730517,PRCP,10,,,a,
ASN00023718,19730518,PRCP,0,,,a,
ASN00023718,19730519,PRCP,0,,,a,
ASN00023718,19730520,PRCP,0,,,a,
ASN00023718,19730521,PRCP,0,,,a,
ASN00023718,19730522,PRCP,0,,,a,
ASN00023718,19730523,PRCP,38,,,a,
ASN00023718,19730524,PRCP,33,,,a,
ASN00023718,19730525,PRCP,30,,,a,
ASN00023718,19730526,PRCP,0,,,a,
ASN00023718,19730527,PRCP,0,,,a,
ASN00023718,19730528,PRCP,0,,,a,
ASN00023718,19730529,PRCP,13,,,a,
ASN00023718,19730530,PRCP,0,,,a,
ASN00023718,19730531,PRCP,0,,,a,
ASN00023718,19730601,PRCP,23,,,a,
ASN00023718,19730602,PRCP,97,,,a,
ASN00023718,19730603,PRCP,0,,,a,
ASN00023718,19730604,PRCP,48,,,a,
ASN00023718,19730605,PRCP,13,,,a,
ASN00023718,19730606,PRCP,13,,,a,
ASN00023718,19730607,PRCP,0,,,a,
ASN00023718,19730608,PRCP,0,,,a,
ASN00023718,19730609,PRCP,0,,,a,
ASN00023718,19730610,PRCP,0,,,a,
ASN00023718,19730611,PRCP,0,,,a,
ASN00023718,19730612,PRCP,231,,,a,
ASN00023718,19730613,PRCP,15,,,a,
ASN00023718,19730614,PRCP,53,,,a,
ASN00023718,19730615,PRCP,53,,,a,
ASN00023718,19730616,PRCP,0,,,a,
ASN00023718,19730617,PRCP,0,,,a,
ASN00023718,19730618,PRCP,0,,,a,
ASN00023718,19730619,PRCP,0,,,a,
ASN00023718,19730620,PRCP,3,,,a,
ASN00023718,19730621,PRCP,18,,,a,
ASN00023718,19730622,PRCP,0,,,a,
ASN00023718,19730623,PRCP,0,,,a,
ASN00023718,19730624,PRCP,0,,,a,
ASN00023718,19730625,PRCP,142,,,a,
ASN00023718,19730626,PRCP,25,,,a,
ASN00023718,19730627,PRCP,0,,,a,
ASN00023718,19730628,PRCP,0,,,a,
ASN00023718,19730629,PRCP,0,,,a,
ASN00023718,19730630,PRCP,0,,,a,
ASN00023718,19730701,PRCP,0,,,a,
ASN00023718,19730702,PRCP,0,,,a,
ASN00023718,19730703,PRCP,15,,,a,
ASN00023718,19730704,PRCP,10,,,a,
ASN00023718,19730705,PRCP,0,,,a,
ASN00023718,19730706,PRCP,0,,,a,
ASN00023718,19730707,PRCP,0,,,a,
ASN00023718,19730708,PRCP,0,,,a,
ASN00023718,19730709,PRCP,0,,,a,
ASN00023718,19730710,PRCP,0,,,a,
ASN00023718,19730711,PRCP,0,,,a,
ASN00023718,19730712,PRCP,15,,,a,
ASN00023718,19730713,PRCP,0,,,a,
ASN00023718,19730714,PRCP,89,,,a,
ASN00023718,19730715,PRCP,0,,,a,
ASN00023718,19730716,PRCP,74,,,a,
ASN00023718,19730717,PRCP,43,,,a,
ASN00023718,19730718,PRCP,5,,,a,
ASN00023718,19730719,PRCP,28,,,a,
ASN00023718,19730720,PRCP,18,,,a,
ASN00023718,19730721,PRCP,13,,,a,
ASN00023718,19730722,PRCP,0,,,a,
ASN00023718,19730723,PRCP,0,,,a,
ASN00023718,19730724,PRCP,0,,,a,
ASN00023718,19730725,PRCP,0,,,a,
ASN00023718,19730726,PRCP,76,,,a,
ASN00023718,19730727,PRCP,0,,,a,
ASN00023718,19730728,PRCP,0,,,a,
ASN00023718,19730729,PRCP,0,,,a,
ASN00023718,19730730,PRCP,5,,,a,
ASN00023718,19730731,PRCP,8,,,a,
ASN00023718,19730801,PRCP,8,,,a,
ASN00023718,19730802,PRCP,0,,,a,
ASN00023718,19730803,PRCP,0,,,a,
ASN00023718,19730804,PRCP,61,,,a,
ASN00023718,19730805,PRCP,0,,,a,
ASN00023718,19730806,PRCP,74,,,a,
ASN00023718,19730807,PRCP,56,,,a,
ASN00023718,19730808,PRCP,58,,,a,
ASN00023718,19730809,PRCP,25,,,a,
ASN00023718,19730810,PRCP,41,,,a,
ASN00023718,19730811,PRCP,0,,,a,
ASN00023718,19730812,PRCP,0,,,a,
ASN00023718,19730813,PRCP,8,,,a,
ASN00023718,19730814,PRCP,79,,,a,
ASN00023718,19730815,PRCP,38,,,a,
ASN00023718,19730816,PRCP,5,,,a,
ASN00023718,19730817,PRCP,56,,,a,
ASN00023718,19730818,PRCP,23,,,a,
ASN00023718,19730819,PRCP,0,,,a,
ASN00023718,19730820,PRCP,13,,,a,
ASN00023718,19730821,PRCP,0,,,a,
ASN00023718,19730822,PRCP,0,,,a,
ASN00023718,19730823,PRCP,0,,,a,
ASN00023718,19730824,PRCP,0,,,a,
ASN00023718,19730825,PRCP,0,,,a,
ASN00023718,19730826,PRCP,0,,,a,
ASN00023718,19730827,PRCP,97,,,a,
ASN00023718,19730828,PRCP,8,,,a,
ASN00023718,19730829,PRCP,79,,,a,
ASN00023718,19730830,PRCP,5,,,a,
ASN00023718,19730831,PRCP,0,,,a,
ASN00023718,19730901,PRCP,33,,,a,
ASN00023718,19730902,PRCP,0,,,a,
ASN00023718,19730903,PRCP,25,,,a,
ASN00023718,19730904,PRCP,91,,,a,
ASN00023718,19730905,PRCP,13,,,a,
ASN00023718,19730906,PRCP,5,,,a,
ASN00023718,19730907,PRCP,5,,,a,
ASN00023718,19730908,PRCP,0,,,a,
ASN00023718,19730909,PRCP,0,,,a,
ASN00023718,19730910,PRCP,0,,,a,
ASN00023718,19730911,PRCP,3,,,a,
ASN00023718,19730912,PRCP,48,,,a,
ASN00023718,19730913,PRCP,56,,,a,
ASN00023718,19730914,PRCP,38,,,a,
ASN00023718,19730915,PRCP,0,,,a,
ASN00023718,19730916,PRCP,0,,,a,
ASN00023718,19730917,PRCP,0,,,a,
ASN00023718,19730918,PRCP,0,,,a,
ASN00023718,19730919,PRCP,18,,,a,
ASN00023718,19730920,PRCP,0,,,a,
ASN00023718,19730921,PRCP,0,,,a,
ASN00023718,19730922,PRCP,0,,,a,
ASN00023718,19730923,PRCP,0,,,a,
ASN00023718,19730924,PRCP,94,,,a,
ASN00023718,19730925,PRCP,0,,,a,
ASN00023718,19730926,PRCP,30,,,a,
ASN00023718,19730927,PRCP,0,,,a,
ASN00023718,19730928,PRCP,0,,,a,
ASN00023718,19730929,PRCP,0,,,a,
ASN00023718,19730930,PRCP,0,,,a,
ASN00023718,19731001,PRCP,8,,,a,
ASN00023718,19731002,PRCP,0,,,a,
ASN00023718,19731003,PRCP,0,,,a,
ASN00023718,19731004,PRCP,0,,,a,
ASN00023718,19731005,PRCP,0,,,a,
ASN00023718,19731006,PRCP,0,,,a,
ASN00023718,19731007,PRCP,0,,,a,
ASN00023718,19731008,PRCP,0,,,a,
ASN00023718,19731009,PRCP,0,,,a,
ASN00023718,19731010,PRCP,0,,,a,
ASN00023718,19731011,PRCP,79,,,a,
ASN00023718,19731012,PRCP,23,,,a,
ASN00023718,19731013,PRCP,15,,,a,
ASN00023718,19731014,PRCP,0,,,a,
ASN00023718,19731015,PRCP,0,,,a,
ASN00023718,19731016,PRCP,0,,,a,
ASN00023718,19731017,PRCP,10,,,a,
ASN00023718,19731018,PRCP,99,,,a,
ASN00023718,19731019,PRCP,25,,,a,
ASN00023718,19731020,PRCP,79,,,a,
ASN00023718,19731021,PRCP,0,,,a,
ASN00023718,19731022,PRCP,15,,,a,
ASN00023718,19731023,PRCP,0,,,a,
ASN00023718,19731024,PRCP,0,,,a,
ASN00023718,19731025,PRCP,0,,,a,
ASN00023718,19731026,PRCP,10,,,a,
ASN00023718,19731027,PRCP,0,,,a,
ASN00023718,19731028,PRCP,0,,,a,
ASN00023718,19731029,PRCP,18,,,a,
ASN00023718,19731030,PRCP,71,,,a,
ASN00023718,19731031,PRCP,8,,,a,
ASN00023718,19731101,PRCP,0,,,a,
ASN00023718,19731102,PRCP,0,,,a,
ASN00023718,19731103,PRCP,5,,,a,
ASN00023718,19731104,PRCP,0,,,a,
ASN00023718,19731105,PRCP,0,,,a,
ASN00023718,19731106,PRCP,0,,,a,
ASN00023718,19731107,PRCP,0,,,a,
ASN00023718,19731108,PRCP,0,,,a,
ASN00023718,19731109,PRCP,0,,,a,
ASN00023718,19731110,PRCP,5,,,a,
ASN00023718,19731111,PRCP,0,,,a,
ASN00023718,19731112,PRCP,8,,,a,
ASN00023718,19731113,PRCP,13,,,a,
ASN00023718,19731114,PRCP,0,,,a,
ASN00023718,19731115,PRCP,0,,,a,
ASN00023718,19731116,PRCP,0,,,a,
ASN00023718,19731117,PRCP,0,,,a,
ASN00023718,19731118,PRCP,0,,,a,
ASN00023718,19731119,PRCP,0,,,a,
ASN00023718,19731120,PRCP,0,,,a,
ASN00023718,19731121,PRCP,0,,,a,
ASN00023718,19731122,PRCP,0,,,a,
ASN00023718,19731123,PRCP,0,,,a,
ASN00023718,19731124,PRCP,0,,,a,
ASN00023718,19731125,PRCP,0,,,a,
ASN00023718,19731126,PRCP,0,,,a,
ASN00023718,19731127,PRCP,0,,,a,
ASN00023718,19731128,PRCP,33,,,a,
ASN00023718,19731129,PRCP,5,,,a,
ASN00023718,19731130,PRCP,0,,,a,
ASN00023718,19731201,PRCP,0,,,a,
ASN00023718,19731202,PRCP,0,,,a,
ASN00023718,19731203,PRCP,33,,,a,
ASN00023718,19731204,PRCP,0,,,a,
ASN00023718,19731205,PRCP,0,,,a,
ASN00023718,19731206,PRCP,0,,,a,
ASN00023718,19731207,PRCP,0,,,a,
ASN00023718,19731208,PRCP,0,,,a,
ASN00023718,19731209,PRCP,0,,,a,
ASN00023718,19731210,PRCP,0,,,a,
ASN00023718,19731211,PRCP,0,,,a,
ASN00023718,19731212,PRCP,0,,,a,
ASN00023718,19731213,PRCP,0,,,a,
ASN00023718,19731214,PRCP,0,,,a,
ASN00023718,19731215,PRCP,25,,,a,
ASN00023718,19731216,PRCP,0,,,a,
ASN00023718,19731217,PRCP,10,,,a,
ASN00023718,19731218,PRCP,0,,,a,
ASN00023718,19731219,PRCP,0,,,a,
ASN00023718,19731220,PRCP,0,,,a,
ASN00023718,19731221,PRCP,8,,,a,
ASN00023718,19731222,PRCP,23,,,a,
ASN00023718,19731223,PRCP,0,,,a,
ASN00023718,19731224,PRCP,0,,,a,
ASN00023718,19731225,PRCP,0,,,a,
ASN00023718,19731226,PRCP,0,,,a,
ASN00023718,19731227,PRCP,0,,,a,
ASN00023718,19731228,PRCP,0,,,a,
ASN00023718,19731229,PRCP,8,,,a,
ASN00023718,19731230,PRCP,0,,,a,
ASN00023718,19731231,PRCP,46,,,a,
ASN00023718,19740101,PRCP,0,,,a,
ASN00023718,19740102,PRCP,0,,,a,
ASN00023718,19740103,PRCP,0,,,a,
ASN00023718,19740104,PRCP,0,,,a,
ASN00023718,19740105,PRCP,0,,,a,
ASN00023718,19740106,PRCP,0,,,a,
ASN00023718,19740107,PRCP,0,,,a,
ASN00023718,19740108,PRCP,0,,,a,
ASN00023718,19740109,PRCP,0,,,a,
ASN00023718,19740110,PRCP,8,,,a,
ASN00023718,19740111,PRCP,0,,,a,
ASN00023718,19740112,PRCP,0,,,a,
ASN00023718,19740113,PRCP,0,,,a,
ASN00023718,19740114,PRCP,240,,,a,
ASN00023718,19740115,PRCP,0,,,a,
ASN00023718,19740116,PRCP,0,,,a,
ASN00023718,19740117,PRCP,0,,,a,
ASN00023718,19740118,PRCP,0,,,a,
ASN00023718,19740119,PRCP,0,,,a,
ASN00023718,19740120,PRCP,0,,,a,
ASN00023718,19740121,PRCP,0,,,a,
ASN00023718,19740122,PRCP,0,,,a,
ASN00023718,19740123,PRCP,0,,,a,
ASN00023718,19740124,PRCP,0,,,a,
ASN00023718,19740125,PRCP,0,,,a,
ASN00023718,19740126,PRCP,0,,,a,
ASN00023718,19740127,PRCP,0,,,a,
ASN00023718,19740128,PRCP,0,,,a,
ASN00023718,19740129,PRCP,60,,,a,
ASN00023718,19740130,PRCP,10,,,a,
ASN00023718,19740131,PRCP,146,,,a,
ASN00023718,19740201,PRCP,860,,,a,
ASN00023718,19740202,PRCP,6,,,a,
ASN00023718,19740203,PRCP,0,,,a,
ASN00023718,19740204,PRCP,0,,,a,
ASN00023718,19740205,PRCP,0,,,a,
ASN00023718,19740206,PRCP,6,,,a,
ASN00023718,19740207,PRCP,0,,,a,
ASN00023718,19740208,PRCP,0,,,a,
ASN00023718,19740209,PRCP,0,,,a,
ASN00023718,19740210,PRCP,0,,,a,
ASN00023718,19740211,PRCP,0,,,a,
ASN00023718,19740212,PRCP,0,,,a,
ASN00023718,19740213,PRCP,0,,,a,
ASN00023718,19740214,PRCP,0,,,a,
ASN00023718,19740215,PRCP,0,,,a,
ASN00023718,19740216,PRCP,0,,,a,
ASN00023718,19740217,PRCP,0,,,a,
ASN00023718,19740218,PRCP,22,,,a,
ASN00023718,19740219,PRCP,0,,,a,
ASN00023718,19740220,PRCP,0,,,a,
ASN00023718,19740221,PRCP,0,,,a,
ASN00023718,19740222,PRCP,0,,,a,
ASN00023718,19740223,PRCP,0,,,a,
ASN00023718,19740224,PRCP,0,,,a,
ASN00023718,19740225,PRCP,0,,,a,
ASN00023718,19740226,PRCP,0,,,a,
ASN00023718,19740227,PRCP,0,,,a,
ASN00023718,19740228,PRCP,0,,,a,
ASN00023718,19740301,PRCP,0,,,a,
ASN00023718,19740302,PRCP,0,,,a,
ASN00023718,19740303,PRCP,0,,,a,
ASN00023718,19740304,PRCP,0,,,a,
ASN00023718,19740305,PRCP,0,,,a,
ASN00023718,19740306,PRCP,0,,,a,
ASN00023718,19740307,PRCP,0,,,a,
ASN00023718,19740308,PRCP,0,,,a,
ASN00023718,19740309,PRCP,0,,,a,
ASN00023718,19740310,PRCP,0,,,a,
ASN00023718,19740311,PRCP,0,,,a,
ASN00023718,19740312,PRCP,0,,,a,
ASN00023718,19740313,PRCP,0,,,a,
ASN00023718,19740314,PRCP,4,,,a,
ASN00023718,19740315,PRCP,0,,,a,
ASN00023718,19740316,PRCP,0,,,a,
ASN00023718,19740317,PRCP,0,,,a,
ASN00023718,19740318,PRCP,0,,,a,
ASN00023718,19740319,PRCP,0,,,a,
ASN00023718,19740320,PRCP,0,,,a,
ASN00023718,19740321,PRCP,6,,,a,
ASN00023718,19740322,PRCP,0,,,a,
ASN00023718,19740323,PRCP,0,,,a,
ASN00023718,19740324,PRCP,0,,,a,
ASN00023718,19740325,PRCP,0,,,a,
ASN00023718,19740326,PRCP,0,,,a,
ASN00023718,19740327,PRCP,0,,,a,
ASN00023718,19740328,PRCP,0,,,a,
ASN00023718,19740329,PRCP,10,,,a,
ASN00023718,19740330,PRCP,0,,,a,
ASN00023718,19740331,PRCP,0,,,a,
ASN00023718,19740401,PRCP,12,,,a,
ASN00023718,19740402,PRCP,0,,,a,
ASN00023718,19740403,PRCP,20,,,a,
ASN00023718,19740404,PRCP,16,,,a,
ASN00023718,19740405,PRCP,4,,,a,
ASN00023718,19740409,PRCP,0,,,a,
ASN00023718,19740410,PRCP,0,,,a,
ASN00023718,19740411,PRCP,462,,,a,
ASN00023718,19740417,PRCP,0,,,a,
ASN00023718,19740418,PRCP,0,,,a,
ASN00023718,19740419,PRCP,0,,,a,
ASN00023718,19740420,PRCP,0,,,a,
ASN00023718,19740421,PRCP,0,,,a,
ASN00023718,19740422,PRCP,58,,,a,
ASN00023718,19740423,PRCP,4,,,a,
ASN00023718,19740424,PRCP,0,,,a,
ASN00023718,19740425,PRCP,0,,,a,
ASN00023718,19740426,PRCP,4,,,a,
ASN00023718,19740427,PRCP,0,,,a,
ASN00023718,19740428,PRCP,0,,,a,
ASN00023718,19740429,PRCP,90,,,a,
ASN00023718,19740430,PRCP,28,,,a,
ASN00023718,19740408,DAPR,3,,,a,
ASN00023718,19740416,DAPR,5,,,a,
ASN00023718,19740408,DWPR,1,,,a,
ASN00023718,19740416,DWPR,1,,,a,
ASN00023718,19740408,MDPR,112,,,a,
ASN00023718,19740416,MDPR,24,,,a,
ASN00023718,19740501,PRCP,4,,,a,
ASN00023718,19740502,PRCP,6,,,a,
ASN00023718,19740503,PRCP,0,,,a,
ASN00023718,19740504,PRCP,0,,,a,
ASN00023718,19740505,PRCP,0,,,a,
ASN00023718,19740506,PRCP,0,,,a,
ASN00023718,19740507,PRCP,30,,,a,
ASN00023718,19740508,PRCP,16,,,a,
ASN00023718,19740509,PRCP,70,,,a,
ASN00023718,19740510,PRCP,0,,,a,
ASN00023718,19740511,PRCP,0,,,a,
ASN00023718,19740512,PRCP,0,,,a,
ASN00023718,19740513,PRCP,150,,,a,
ASN00023718,19740514,PRCP,0,,,a,
ASN00023718,19740515,PRCP,120,,,a,
ASN00023718,19740516,PRCP,32,,,a,
ASN00023718,19740517,PRCP,0,,,a,
ASN00023718,19740518,PRCP,0,,,a,
ASN00023718,19740519,PRCP,0,,,a,
ASN00023718,19740520,PRCP,0,,,a,
ASN00023718,19740521,PRCP,42,,,a,
ASN00023718,19740522,PRCP,142,,,a,
ASN00023718,19740523,PRCP,62,,,a,
ASN00023718,19740524,PRCP,100,,,a,
ASN00023718,19740525,PRCP,0,,,a,
ASN00023718,19740526,PRCP,0,,,a,
ASN00023718,19740527,PRCP,4,,,a,
ASN00023718,19740528,PRCP,0,,,a,
ASN00023718,19740529,PRCP,0,,,a,
ASN00023718,19740530,PRCP,0,,,a,
ASN00023718,19740531,PRCP,0,,,a,
ASN00023718,19740601,PRCP,0,,,a,
ASN00023718,19740602,PRCP,0,,,a,
ASN00023718,19740603,PRCP,34,,,a,
ASN00023718,19740604,PRCP,20,,,a,
ASN00023718,19740605,PRCP,0,,,a,
ASN00023718,19740606,PRCP,4,,,a,
ASN00023718,19740607,PRCP,18,,,a,
ASN00023718,19740611,PRCP,18,,,a,
ASN00023718,19740612,PRCP,0,,,a,
ASN00023718,19740613,PRCP,0,,,a,
ASN00023718,19740614,PRCP,0,,,a,
ASN00023718,19740615,PRCP,0,,,a,
ASN00023718,19740616,PRCP,0,,,a,
ASN00023718,19740617,PRCP,0,,,a,
ASN00023718,19740618,PRCP,0,,,a,
ASN00023718,19740619,PRCP,0,,,a,
ASN00023718,19740620,PRCP,40,,,a,
ASN00023718,19740621,PRCP,0,,,a,
ASN00023718,19740625,PRCP,0,,,a,
ASN00023718,19740626,PRCP,0,,,a,
ASN00023718,19740627,PRCP,6,,,a,
ASN00023718,19740628,PRCP,40,,,a,
ASN00023718,19740629,PRCP,0,,,a,
ASN00023718,19740630,PRCP,0,,,a,
ASN00023718,19740610,DAPR,3,,,a,
ASN00023718,19740624,DAPR,3,,,a,
ASN00023718,19740610,DWPR,1,,,a,
ASN00023718,19740624,DWPR,1,,,a,
ASN00023718,19740610,MDPR,8,,,a,
ASN00023718,19740624,MDPR,34,,,a,
ASN00023718,19740701,PRCP,138,,,a,
ASN00023718,19740702,PRCP,30,,,a,
ASN00023718,19740703,PRCP,0,,,a,
ASN00023718,19740704,PRCP,26,,,a,
ASN00023718,19740705,PRCP,70,,,a,
ASN00023718,19740709,PRCP,20,,,a,
ASN00023718,19740710,PRCP,68,,,a,
ASN00023718,19740711,PRCP,24,,,a,
ASN00023718,19740712,PRCP,500,,,a,
ASN00023718,19740713,PRCP,0,,,a,
ASN00023718,19740716,PRCP,0,,,a,
ASN00023718,19740717,PRCP,8,,,a,
ASN00023718,19740718,PRCP,24,,,a,
ASN00023718,19740719,PRCP,0,,,a,
ASN00023718,19740723,PRCP,0,,,a,
ASN00023718,19740724,PRCP,0,,,a,
ASN00023718,19740725,PRCP,0,,,a,
ASN00023718,19740726,PRCP,94,,,a,
ASN00023718,19740727,PRCP,0,,,a,
ASN00023718,19740730,PRCP,60,,,a,
ASN00023718,19740731,PRCP,22,,,a,
ASN00023718,19740708,DAPR,3,,,a,
ASN00023718,19740715,DAPR,2,,,a,
ASN00023718,19740722,DAPR,3,,,a,
ASN00023718,19740729,DAPR,2,,,a,
ASN00023718,19740708,DWPR,1,,,a,
ASN00023718,19740715,DWPR,1,,,a,
ASN00023718,19740722,DWPR,1,,,a,
ASN00023718,19740729,DWPR,1,,,a,
ASN00023718,19740708,MDPR,220,,,a,
ASN00023718,19740715,MDPR,14,,,a,
ASN00023718,19740722,MDPR,162,,,a,
ASN00023718,19740729,MDPR,46,,,a,
ASN00023718,19740801,PRCP,18,,,a,
ASN00023718,19740802,PRCP,0,,,a,
ASN00023718,19740803,PRCP,0,,,a,
ASN00023718,19740806,PRCP,30,,,a,
ASN00023718,19740807,PRCP,0,,,a,
ASN00023718,19740808,PRCP,8,,,a,
ASN00023718,19740809,PRCP,0,,,a,
ASN00023718,19740810,PRCP,0,,,a,
ASN00023718,19740813,PRCP,0,,,a,
ASN00023718,19740814,PRCP,112,,,a,
ASN00023718,19740815,PRCP,8,,,a,
ASN00023718,19740816,PRCP,0,,,a,
ASN00023718,19740817,PRCP,0,,,a,
ASN00023718,19740820,PRCP,40,,,a,
ASN00023718,19740821,PRCP,10,,,a,
ASN00023718,19740822,PRCP,36,,,a,
ASN00023718,19740823,PRCP,0,,,a,
ASN00023718,19740824,PRCP,0,,,a,
ASN00023718,19740827,PRCP,6,,,a,
ASN00023718,19740828,PRCP,2,,,a,
ASN00023718,19740829,PRCP,4,,,a,
ASN00023718,19740830,PRCP,78,,,a,
ASN00023718,19740831,PRCP,0,,,a,
ASN00023718,19740805,DAPR,2,,,a,
ASN00023718,19740812,DAPR,2,,,a,
ASN00023718,19740819,DAPR,2,,,a,
ASN00023718,19740826,DAPR,2,,,a,
ASN00023718,19740805,DWPR,1,,,a,
ASN00023718,19740812,DWPR,1,,,a,
ASN00023718,19740819,DWPR,1,,,a,
ASN00023718,19740826,DWPR,1,,,a,
ASN00023718,19740805,MDPR,40,,,a,
ASN00023718,19740812,MDPR,4,,,a,
ASN00023718,19740819,MDPR,6,,,a,
ASN00023718,19740826,MDPR,6,,,a,
ASN00023718,19740903,PRCP,0,,,a,
ASN00023718,19740904,PRCP,10,,,a,
ASN00023718,19740905,PRCP,22,,,a,
ASN00023718,19740906,PRCP,14,,,a,
ASN00023718,19740910,PRCP,0,,,a,
ASN00023718,19740911,PRCP,0,,,a,
ASN00023718,19740912,PRCP,0,,,a,
ASN00023718,19740913,PRCP,22,,,a,
ASN00023718,19740917,PRCP,30,,,a,
ASN00023718,19740918,PRCP,0,,,a,
ASN00023718,19740919,PRCP,4,,,a,
ASN00023718,19740920,PRCP,18,,,a,
ASN00023718,19740924,PRCP,86,,,a,
ASN00023718,19740925,PRCP,14,,,a,
ASN00023718,19740926,PRCP,22,,,a,
ASN00023718,19740927,PRCP,0,,,a,
ASN00023718,19740902,DAPR,2,,,a,
ASN00023718,19740909,DAPR,3,,,a,
ASN00023718,19740916,DAPR,3,,,a,
ASN00023718,19740923,DAPR,3,,,a,
ASN00023718,19740930,DAPR,3,,,a,
ASN00023718,19740902,DWPR,1,,,a,
ASN00023718,19740909,DWPR,1,,,a,
ASN00023718,19740916,DWPR,1,,,a,
ASN00023718,19740923,DWPR,1,,,a,
ASN00023718,19740930,DWPR,1,,,a,
ASN00023718,19740902,MDPR,70,,,a,
ASN00023718,19740909,MDPR,2,,,a,
ASN00023718,19740916,MDPR,108,,,a,
ASN00023718,19740923,MDPR,82,,,a,
ASN00023718,19740930,MDPR,142,,,a,
ASN00023718,19741001,PRCP,0,,,a,
ASN00023718,19741002,PRCP,0,,,a,
ASN00023718,19741003,PRCP,46,,,a,
ASN00023718,19741004,PRCP,318,,,a,
ASN00023718,19741008,PRCP,66,,,a,
ASN00023718,19741009,PRCP,0,,,a,
ASN00023718,19741010,PRCP,18,,,a,
ASN00023718,19741011,PRCP,2,,,a,
ASN00023718,19741016,PRCP,104,,,a,
ASN00023718,19741017,PRCP,10,,,a,
ASN00023718,19741018,PRCP,24,,,a,
ASN00023718,19741019,PRCP,0,,,a,
ASN00023718,19741020,PRCP,0,,,a,
ASN00023718,19741021,PRCP,0,,,a,
ASN00023718,19741022,PRCP,64,,,a,
ASN00023718,19741023,PRCP,2,,,a,
ASN00023718,19741024,PRCP,72,,,a,
ASN00023718,19741025,PRCP,18,,,a,
ASN00023718,19741026,PRCP,0,,,a,
ASN00023718,19741027,PRCP,0,,,a,
ASN00023718,19741028,PRCP,0,,,a,
ASN00023718,19741029,PRCP,0,,,a,
ASN00023718,19741030,PRCP,0,,,a,
ASN00023718,19741031,PRCP,30,,,a,
ASN00023718,19741007,DAPR,3,,,a,
ASN00023718,19741015,DAPR,4,,,a,
ASN00023718,19741007,DWPR,1,,,a,
ASN00023718,19741015,DWPR,1,,,a,
ASN00023718,19741007,MDPR,8,,,a,
ASN00023718,19741015,MDPR,40,,,a,
ASN00023718,19741101,PRCP,12,,,a,
ASN00023718,19741105,PRCP,0,,,a,
ASN00023718,19741106,PRCP,0,,,a,
ASN00023718,19741107,PRCP,0,,,a,
ASN00023718,19741108,PRCP,0,,,a,
ASN00023718,19741109,PRCP,0,,,a,
ASN00023718,19741110,PRCP,0,,,a,
ASN00023718,19741111,PRCP,0,,,a,
ASN00023718,19741112,PRCP,32,,,a,
ASN00023718,19741113,PRCP,0,,,a,
ASN00023718,19741114,PRCP,0,,,a,
ASN00023718,19741115,PRCP,0,,,a,
ASN00023718,19741116,PRCP,0,,,a,
ASN00023718,19741117,PRCP,0,,,a,
ASN00023718,19741118,PRCP,0,,,a,
ASN00023718,19741119,PRCP,0,,,a,
ASN00023718,19741120,PRCP,0,,,a,
ASN00023718,19741121,PRCP,0,,,a,
ASN00023718,19741122,PRCP,0,,,a,
ASN00023718,19741123,PRCP,0,,,a,
ASN00023718,19741124,PRCP,0,,,a,
ASN00023718,19741125,PRCP,0,,,a,
ASN00023718,19741126,PRCP,8,,,a,
ASN00023718,19741127,PRCP,46,,,a,
ASN00023718,19741128,PRCP,4,,,a,
ASN00023718,19741129,PRCP,0,,,a,
ASN00023718,19741130,PRCP,0,,,a,
ASN00023718,19741104,DAPR,3,,,a,
ASN00023718,19741104,DWPR,1,,,a,
ASN00023718,19741104,MDPR,14,,,a,
ASN00023718,19741201,PRCP,0,,,a,
ASN00023718,19741202,PRCP,0,,,a,
ASN00023718,19741203,PRCP,0,,,a,
ASN00023718,19741204,PRCP,0,,,a,
ASN00023718,19741205,PRCP,0,,,a,
ASN00023718,19741206,PRCP,0,,,a,
ASN00023718,19741207,PRCP,0,,,a,
ASN00023718,19741208,PRCP,0,,,a,
ASN00023718,19741209,PRCP,0,,,a,
ASN00023718,19741210,PRCP,0,,,a,
ASN00023718,19741211,PRCP,10,,,a,
ASN00023718,19741212,PRCP,0,,,a,
ASN00023718,19741213,PRCP,0,,,a,
ASN00023718,19741214,PRCP,0,,,a,
ASN00023718,19741215,PRCP,0,,,a,
ASN00023718,19741216,PRCP,18,,,a,
ASN00023718,19741217,PRCP,0,,,a,
ASN00023718,19741218,PRCP,0,,,a,
ASN00023718,19741219,PRCP,0,,,a,
ASN00023718,19741220,PRCP,0,,,a,
ASN00023718,19741221,PRCP,0,,,a,
ASN00023718,19741222,PRCP,0,,,a,
ASN00023718,19741223,PRCP,0,,,a,
ASN00023718,19741224,PRCP,0,,,a,
ASN00023718,19741231,DAPR,7,,,a,
ASN00023718,19741231,DWPR,1,,,a,
ASN00023718,19741231,MDPR,60,,,a,
ASN00023718,19750101,PRCP,0,,,a,
ASN00023718,19750102,PRCP,0,,,a,
ASN00023718,19750103,PRCP,0,,,a,
ASN00023718,19750104,PRCP,0,,,a,
ASN00023718,19750105,PRCP,0,,,a,
ASN00023718,19750106,PRCP,0,,,a,
ASN00023718,19750107,PRCP,0,,,a,
ASN00023718,19750108,PRCP,0,,,a,
ASN00023718,19750109,PRCP,10,,,a,
ASN00023718,19750110,PRCP,34,,,a,
ASN00023718,19750114,PRCP,0,,,a,
ASN00023718,19750115,PRCP,0,,,a,
ASN00023718,19750116,PRCP,0,,,a,
ASN00023718,19750117,PRCP,0,,,a,
ASN00023718,19750118,PRCP,0,,,a,
ASN00023718,19750119,PRCP,0,,,a,
ASN00023718,19750120,PRCP,0,,,a,
ASN00023718,19750121,PRCP,0,,,a,
ASN00023718,19750122,PRCP,0,,,a,
ASN00023718,19750123,PRCP,0,,,a,
ASN00023718,19750124,PRCP,12,,,a,
ASN00023718,19750129,PRCP,0,,,a,
ASN00023718,19750130,PRCP,0,,,a,
ASN00023718,19750131,PRCP,0,,,a,
ASN00023718,19750113,DAPR,3,,,a,
ASN00023718,19750128,DAPR,4,,,a,
ASN00023718,19750113,DWPR,1,,,a,
ASN00023718,19750128,DWPR,1,,,a,
ASN00023718,19750113,MDPR,86,,,a,
ASN00023718,19750128,MDPR,112,,,a,
ASN00023718,19750201,PRCP,0,,,a,
ASN00023718,19750202,PRCP,0,,,a,
ASN00023718,19750203,PRCP,0,,,a,
ASN00023718,19750204,PRCP,0,,,a,
ASN00023718,19750205,PRCP,0,,,a,
ASN00023718,19750206,PRCP,0,,,a,
ASN00023718,19750207,PRCP,0,,,a,
ASN00023718,19750208,PRCP,0,,,a,
ASN00023718,19750209,PRCP,0,,,a,
ASN00023718,19750210,PRCP,0,,,a,
ASN00023718,19750211,PRCP,0,,,a,
ASN00023718,19750212,PRCP,0,,,a,
ASN00023718,19750213,PRCP,0,,,a,
ASN00023718,19750214,PRCP,0,,,a,
ASN00023718,19750215,PRCP,0,,,a,
ASN00023718,19750216,PRCP,0,,,a,
ASN00023718,19750217,PRCP,0,,,a,
ASN00023718,19750218,PRCP,0,,,a,
ASN00023718,19750219,PRCP,0,,,a,
ASN00023718,19750220,PRCP,0,,,a,
ASN00023718,19750221,PRCP,0,,,a,
ASN00023718,19750222,PRCP,0,,,a,
ASN00023718,19750223,PRCP,0,,,a,
ASN00023718,19750224,PRCP,0,,,a,
ASN00023718,19750225,PRCP,0,,,a,
ASN00023718,19750226,PRCP,0,,,a,
ASN00023718,19750227,PRCP,4,,,a,
ASN00023718,19750228,PRCP,8,,,a,
ASN00023718,19750301,PRCP,0,,,a,
ASN00023718,19750302,PRCP,0,,,a,
ASN00023718,19750303,PRCP,42,,,a,
ASN00023718,19750304,PRCP,0,,,a,
ASN00023718,19750305,PRCP,0,,,a,
ASN00023718,19750306,PRCP,0,,,a,
ASN00023718,19750307,PRCP,0,,,a,
ASN00023718,19750308,PRCP,0,,,a,
ASN00023718,19750309,PRCP,0,,,a,
ASN00023718,19750310,PRCP,0,,,a,
ASN00023718,19750311,PRCP,0,,,a,
ASN00023718,19750312,PRCP,0,,,a,
ASN00023718,19750313,PRCP,0,,,a,
ASN00023718,19750314,PRCP,0,,,a,
ASN00023718,19750318,PRCP,2,,,a,
ASN00023718,19750319,PRCP,32,,,a,
ASN00023718,19750320,PRCP,74,,,a,
ASN00023718,19750321,PRCP,38,,,a,
ASN00023718,19750325,PRCP,0,,,a,
ASN00023718,19750326,PRCP,0,,,a,
ASN00023718,19750327,PRCP,0,,,a,
ASN00023718,19750328,PRCP,0,,,a,
ASN00023718,19750329,PRCP,0,,,a,
ASN00023718,19750330,PRCP,0,,,a,
ASN00023718,19750331,PRCP,0,,,a,
ASN00023718,19750317,DAPR,3,,,a,
ASN00023718,19750324,DAPR,3,,,a,
ASN00023718,19750317,DWPR,1,,,a,
ASN00023718,19750324,DWPR,1,,,a,
ASN00023718,19750317,MDPR,16,,,a,
ASN00023718,19750324,MDPR,82,,,a,
ASN00023718,19750402,PRCP,0,,,a,
ASN00023718,19750403,PRCP,0,,,a,
ASN00023718,19750404,PRCP,0,,,a,
ASN00023718,19750408,PRCP,0,,,a,
ASN00023718,19750409,PRCP,0,,,a,
ASN00023718,19750410,PRCP,0,,,a,
ASN00023718,19750411,PRCP,0,,,a,
ASN00023718,19750412,PRCP,0,,,a,
ASN00023718,19750413,PRCP,0,,,a,
ASN00023718,19750414,PRCP,0,,,a,
ASN00023718,19750415,PRCP,0,,,a,
ASN00023718,19750416,PRCP,0,,,a,
ASN00023718,19750417,PRCP,0,,,a,
ASN00023718,19750418,PRCP,0,,,a,
ASN00023718,19750419,PRCP,0,,,a,
ASN00023718,19750420,PRCP,0,,,a,
ASN00023718,19750421,PRCP,0,,,a,
ASN00023718,19750422,PRCP,50,,,a,
ASN00023718,19750423,PRCP,42,,,a,
ASN00023718,19750424,PRCP,2,,,a,
ASN00023718,19750429,PRCP,0,,,a,
ASN00023718,19750430,PRCP,40,,,a,
ASN00023718,19750407,DAPR,3,,,a,
ASN00023718,19750428,DAPR,4,,,a,
ASN00023718,19750407,DWPR,1,,,a,
ASN00023718,19750428,DWPR,1,,,a,
ASN00023718,19750407,MDPR,40,,,a,
ASN00023718,19750428,MDPR,16,,,a,
ASN00023718,19750501,PRCP,4,,,a,
ASN00023718,19750502,PRCP,0,,,a,
ASN00023718,19750503,PRCP,0,,,a,
ASN00023718,19750504,PRCP,0,,,a,
ASN00023718,19750505,PRCP,6,,,a,
ASN00023718,19750506,PRCP,8,,,a,
ASN00023718,19750507,PRCP,90,,,a,
ASN00023718,19750508,PRCP,2,,,a,
ASN00023718,19750509,PRCP,44,,,a,
ASN00023718,19750513,PRCP,4,,,a,
ASN00023718,19750514,PRCP,90,,,a,
ASN00023718,19750515,PRCP,4,,,a,
ASN00023718,19750516,PRCP,2,,,a,
ASN00023718,19750517,PRCP,0,,,a,
ASN00023718,19750518,PRCP,0,,,a,
ASN00023718,19750519,PRCP,0,,,a,
ASN00023718,19750520,PRCP,6,,,a,
ASN00023718,19750521,PRCP,0,,,a,
ASN00023718,19750522,PRCP,0,,,a,
ASN00023718,19750523,PRCP,0,,,a,
ASN00023718,19750527,PRCP,30,,,a,
ASN00023718,19750528,PRCP,0,,,a,
ASN00023718,19750529,PRCP,0,,,a,
ASN00023718,19750530,PRCP,0,,,a,
ASN00023718,19750531,PRCP,0,,,a,
ASN00023718,19750512,DAPR,3,,,a,
ASN00023718,19750526,DAPR,3,,,a,
ASN00023718,19750512,DWPR,1,,,a,
ASN00023718,19750526,DWPR,1,,,a,
ASN00023718,19750512,MDPR,130,,,a,
ASN00023718,19750526,MDPR,82,,,a,
ASN00023718,19750601,PRCP,0,,,a,
ASN00023718,19750602,PRCP,74,,,a,
ASN00023718,19750603,PRCP,20,,,a,
ASN00023718,19750604,PRCP,16,,,a,
ASN00023718,19750605,PRCP,4,,,a,
ASN00023718,19750606,PRCP,0,,,a,
ASN00023718,19750607,PRCP,0,,,a,
ASN00023718,19750608,PRCP,0,,,a,
ASN00023718,19750609,PRCP,0,,,a,
ASN00023718,19750610,PRCP,0,,,a,
ASN00023718,19750611,PRCP,44,,,a,
ASN00023718,19750612,PRCP,16,,,a,
ASN00023718,19750613,PRCP,0,,,a,
ASN00023718,19750614,PRCP,0,,,a,
ASN00023718,19750615,PRCP,0,,,a,
ASN00023718,19750616,PRCP,0,,,a,
ASN00023718,19750617,PRCP,26,,,a,
ASN00023718,19750618,PRCP,0,,,a,
ASN00023718,19750619,PRCP,0,,,a,
ASN00023718,19750620,PRCP,0,,,a,
ASN00023718,19750621,PRCP,0,,,a,
ASN00023718,19750622,PRCP,0,,,a,
ASN00023718,19750623,PRCP,0,,,a,
ASN00023718,19750624,PRCP,2,,,a,
ASN00023718,19750625,PRCP,0,,,a,
ASN00023718,19750626,PRCP,38,,,a,
ASN00023718,19750627,PRCP,0,,,a,
ASN00023718,19750630,DAPR,3,,,a,
ASN00023718,19750630,DWPR,1,,,a,
ASN00023718,19750630,MDPR,76,,,a,
ASN00023718,19750701,PRCP,0,,,a,
ASN00023718,19750702,PRCP,0,,,a,
ASN00023718,19750703,PRCP,0,,,a,
ASN00023718,19750704,PRCP,10,,,a,
ASN00023718,19750708,PRCP,0,,,a,
ASN00023718,19750709,PRCP,0,,,a,
ASN00023718,19750710,PRCP,0,,,a,
ASN00023718,19750711,PRCP,52,,,a,
ASN00023718,19750715,PRCP,6,,,a,
ASN00023718,19750716,PRCP,22,,,a,
ASN00023718,19750717,PRCP,0,,,a,
ASN00023718,19750718,PRCP,8,,,a,
ASN00023718,19750722,PRCP,0,,,a,
ASN00023718,19750723,PRCP,0,,,a,
ASN00023718,19750724,PRCP,24,,,a,
ASN00023718,19750725,PRCP,2,,,a,
ASN00023718,19750726,PRCP,0,,,a,
ASN00023718,19750727,PRCP,0,,,a,
ASN00023718,19750728,PRCP,4,,,a,
ASN00023718,19750729,PRCP,0,,,a,
ASN00023718,19750730,PRCP,0,,,a,
ASN00023718,19750731,PRCP,272,,,a,
ASN00023718,19750707,DAPR,3,,,a,
ASN00023718,19750714,DAPR,3,,,a,
ASN00023718,19750721,DAPR,3,,,a,
ASN00023718,19750707,DWPR,1,,,a,
ASN00023718,19750714,DWPR,1,,,a,
ASN00023718,19750721,DWPR,1,,,a,
ASN00023718,19750707,MDPR,140,,,a,
ASN00023718,19750714,MDPR,144,,,a,
ASN00023718,19750721,MDPR,124,,,a,
ASN00023718,19750801,PRCP,6,,,a,
ASN00023718,19750805,PRCP,50,,,a,
ASN00023718,19750806,PRCP,3,,,a,
ASN00023718,19750807,PRCP,0,,,a,
ASN00023718,19750808,PRCP,0,,,a,
ASN00023718,19750809,PRCP,0,,,a,
ASN00023718,19750810,PRCP,0,,,a,
ASN00023718,19750811,PRCP,199,,,a,
ASN00023718,19750812,PRCP,30,,,a,
ASN00023718,19750813,PRCP,32,,,a,
ASN00023718,19750814,PRCP,0,,,a,
ASN00023718,19750815,PRCP,5,,,a,
ASN00023718,19750816,PRCP,0,,,a,
ASN00023718,19750817,PRCP,0,,,a,
ASN00023718,19750818,PRCP,6,,,a,
ASN00023718,19750819,PRCP,0,,,a,
ASN00023718,19750820,PRCP,90,,,a,
ASN00023718,19750821,PRCP,4,,,a,
ASN00023718,19750822,PRCP,6,,,a,
ASN00023718,19750826,PRCP,0,,,a,
ASN00023718,19750827,PRCP,96,,,a,
ASN00023718,19750828,PRCP,4,,,a,
ASN00023718,19750829,PRCP,0,,,a,
ASN00023718,19750830,PRCP,0,,,a,
ASN00023718,19750831,PRCP,0,,,a,
ASN00023718,19750804,DAPR,3,,,a,
ASN00023718,19750825,DAPR,3,,,a,
ASN00023718,19750804,DWPR,1,,,a,
ASN00023718,19750825,DWPR,1,,,a,
ASN00023718,19750804,MDPR,62,,,a,
ASN00023718,19750825,MDPR,44,,,a,
ASN00023718,19750901,PRCP,0,,,a,
ASN00023718,19750902,PRCP,4,,,a,
ASN00023718,19750903,PRCP,110,,,a,
ASN00023718,19750904,PRCP,10,,,a,
ASN00023718,19750905,PRCP,6,,,a,
ASN00023718,19750906,PRCP,0,,,a,
ASN00023718,19750907,PRCP,0,,,a,
ASN00023718,19750908,PRCP,0,,,a,
ASN00023718,19750909,PRCP,0,,,a,
ASN00023718,19750910,PRCP,0,,,a,
ASN00023718,19750911,PRCP,0,,,a,
ASN00023718,19750912,PRCP,0,,,a,
ASN00023718,19750916,PRCP,50,,,a,
ASN00023718,19750917,PRCP,46,,,a,
ASN00023718,19750918,PRCP,30,,,a,
ASN00023718,19750919,PRCP,0,,,a,
ASN00023718,19750920,PRCP,0,,,a,
ASN00023718,19750921,PRCP,0,,,a,
ASN00023718,19750922,PRCP,0,,,a,
ASN00023718,19750923,PRCP,10,,,a,
ASN00023718,19750924,PRCP,0,,,a,
ASN00023718,19750925,PRCP,0,,,a,
ASN00023718,19750926,PRCP,0,,,a,
ASN00023718,19750930,PRCP,104,,,a,
ASN00023718,19750915,DAPR,3,,,a,
ASN00023718,19750929,DAPR,3,,,a,
ASN00023718,19750915,DWPR,1,,,a,
ASN00023718,19750929,DWPR,1,,,a,
ASN00023718,19750915,MDPR,64,,,a,
ASN00023718,19750929,MDPR,20,,,a,
ASN00023718,19751001,PRCP,40,,,a,
ASN00023718,19751002,PRCP,36,,,a,
ASN00023718,19751003,PRCP,24,,,a,
ASN00023718,19751004,PRCP,0,,,a,
ASN00023718,19751005,PRCP,0,,,a,
ASN00023718,19751006,PRCP,0,,,a,
ASN00023718,19751007,PRCP,50,,,a,
ASN00023718,19751008,PRCP,22,,,a,
ASN00023718,19751009,PRCP,2,,,a,
ASN00023718,19751010,PRCP,0,,,a,
ASN00023718,19751011,PRCP,0,,,a,
ASN00023718,19751012,PRCP,0,,,a,
ASN00023718,19751013,PRCP,0,,,a,
ASN00023718,19751014,PRCP,32,,,a,
ASN00023718,19751015,PRCP,20,,,a,
ASN00023718,19751016,PRCP,0,,,a,
ASN00023718,19751017,PRCP,0,,,a,
ASN00023718,19751018,PRCP,0,,,a,
ASN00023718,19751019,PRCP,0,,,a,
ASN00023718,19751020,PRCP,42,,,a,
ASN00023718,19751021,PRCP,10,,,a,
ASN00023718,19751022,PRCP,0,,,a,
ASN00023718,19751023,PRCP,0,,,a,
ASN00023718,19751024,PRCP,470,,,a,
ASN00023718,19751025,PRCP,0,,,a,
ASN00023718,19751026,PRCP,0,,,a,
ASN00023718,19751027,PRCP,210,,,a,
ASN00023718,19751028,PRCP,0,,,a,
ASN00023718,19751029,PRCP,24,,,a,
ASN00023718,19751030,PRCP,0,,,a,
ASN00023718,19751031,PRCP,34,,,a,
ASN00023718,19751104,PRCP,2,,,a,
ASN00023718,19751105,PRCP,12,,,a,
ASN00023718,19751106,PRCP,0,,,a,
ASN00023718,19751107,PRCP,0,,,a,
ASN00023718,19751111,PRCP,2,,,a,
ASN00023718,19751112,PRCP,0,,,a,
ASN00023718,19751113,PRCP,0,,,a,
ASN00023718,19751114,PRCP,0,,,a,
ASN00023718,19751115,PRCP,0,,,a,
ASN00023718,19751116,PRCP,0,,,a,
ASN00023718,19751117,PRCP,0,,,a,
ASN00023718,19751118,PRCP,0,,,a,
ASN00023718,19751119,PRCP,0,,,a,
ASN00023718,19751120,PRCP,6,,,a,
ASN00023718,19751121,PRCP,10,,,a,
ASN00023718,19751125,PRCP,0,,,a,
ASN00023718,19751126,PRCP,0,,,a,
ASN00023718,19751127,PRCP,0,,,a,
ASN00023718,19751128,PRCP,0,,,a,
ASN00023718,19751129,PRCP,0,,,a,
ASN00023718,19751130,PRCP,0,,,a,
ASN00023718,19751103,DAPR,3,,,a,
ASN00023718,19751110,DAPR,3,,,a,
ASN00023718,19751124,DAPR,3,,,a,
ASN00023718,19751103,DWPR,1,,,a,
ASN00023718,19751110,DWPR,1,,,a,
ASN00023718,19751124,DWPR,1,,,a,
ASN00023718,19751103,MDPR,84,,,a,
ASN00023718,19751110,MDPR,72,,,a,
ASN00023718,19751124,MDPR,50,,,a,
ASN00023718,19751201,PRCP,0,,,a,
ASN00023718,19751202,PRCP,0,,,a,
ASN00023718,19751203,PRCP,8,,,a,
ASN00023718,19751204,PRCP,4,,,a,
ASN00023718,19751205,PRCP,0,,,a,
ASN00023718,19751206,PRCP,0,,,a,
ASN00023718,19751207,PRCP,0,,,a,
ASN00023718,19751208,PRCP,0,,,a,
ASN00023718,19751209,PRCP,0,,,a,
ASN00023718,19751210,PRCP,0,,,a,
ASN00023718,19751211,PRCP,0,,,a,
ASN00023718,19751212,PRCP,0,,,a,
ASN00023718,19751216,PRCP,0,,,a,
ASN00023718,19751217,PRCP,0,,,a,
ASN00023718,19751218,PRCP,0,,,a,
ASN00023718,19751219,PRCP,0,,,a,
ASN00023718,19751220,PRCP,0,,,a,
ASN00023718,19751221,PRCP,0,,,a,
ASN00023718,19751222,PRCP,0,,,a,
ASN00023718,19751223,PRCP,0,,,a,
ASN00023718,19751224,PRCP,0,,,a,
ASN00023718,19751225,PRCP,0,,,a,
ASN00023718,19751226,PRCP,0,,,a,
ASN00023718,19751227,PRCP,0,,,a,
ASN00023718,19751228,PRCP,0,,,a,
ASN00023718,19751229,PRCP,0,,,a,
ASN00023718,19751230,PRCP,0,,,a,
ASN00023718,19751231,PRCP,0,,,a,
ASN00023718,19751215,DAPR,3,,,a,
ASN00023718,19751215,DWPR,1,,,a,
ASN00023718,19751215,MDPR,26,,,a,
ASN00023718,19760101,PRCP,0,,,a,
ASN00023718,19760102,PRCP,0,,,a,
ASN00023718,19760103,PRCP,0,,,a,
ASN00023718,19760104,PRCP,0,,,a,
ASN00023718,19760105,PRCP,0,,,a,
ASN00023718,19760106,PRCP,0,,,a,
ASN00023718,19760107,PRCP,0,,,a,
ASN00023718,19760108,PRCP,0,,,a,
ASN00023718,19760109,PRCP,36,,,a,
ASN00023718,19760113,PRCP,0,,,a,
ASN00023718,19760114,PRCP,0,,,a,
ASN00023718,19760115,PRCP,0,,,a,
ASN00023718,19760116,PRCP,0,,,a,
ASN00023718,19760117,PRCP,0,,,a,
ASN00023718,19760118,PRCP,0,,,a,
ASN00023718,19760119,PRCP,0,,,a,
ASN00023718,19760120,PRCP,0,,,a,
ASN00023718,19760121,PRCP,0,,,a,
ASN00023718,19760122,PRCP,0,,,a,
ASN00023718,19760123,PRCP,0,,,a,
ASN00023718,19760128,PRCP,0,,,a,
ASN00023718,19760129,PRCP,0,,,a,
ASN00023718,19760130,PRCP,0,,,a,
ASN00023718,19760131,PRCP,0,,,a,
ASN00023718,19760112,DAPR,3,,,a,
ASN00023718,19760127,DAPR,4,,,a,
ASN00023718,19760112,DWPR,1,,,a,
ASN00023718,19760127,DWPR,1,,,a,
ASN00023718,19760112,MDPR,340,,,a,
ASN00023718,19760127,MDPR,16,,,a,
ASN00023718,19760201,PRCP,0,,,a,
ASN00023718,19760202,PRCP,0,,,a,
ASN00023718,19760203,PRCP,0,,,a,
ASN00023718,19760204,PRCP,0,,,a,
ASN00023718,19760205,PRCP,0,,,a,
ASN00023718,19760206,PRCP,0,,,a,
ASN00023718,19760210,PRCP,0,,,a,
ASN00023718,19760211,PRCP,0,,,a,
ASN00023718,19760212,PRCP,0,,,a,
ASN00023718,19760213,PRCP,0,,,a,
ASN00023718,19760214,PRCP,0,,,a,
ASN00023718,19760215,PRCP,0,,,a,
ASN00023718,19760216,PRCP,0,,,a,
ASN00023718,19760217,PRCP,0,,,a,
ASN00023718,19760218,PRCP,6,,,a,
ASN00023718,19760219,PRCP,30,,,a,
ASN00023718,19760220,PRCP,0,,,a,
ASN00023718,19760221,PRCP,0,,,a,
ASN00023718,19760222,PRCP,0,,,a,
ASN00023718,19760223,PRCP,0,,,a,
ASN00023718,19760224,PRCP,0,,,a,
ASN00023718,19760225,PRCP,266,,,a,
ASN00023718,19760226,PRCP,16,,,a,
ASN00023718,19760227,PRCP,0,,,a,
ASN00023718,19760228,PRCP,0,,,a,
ASN00023718,19760229,PRCP,20,,,a,
ASN00023718,19760209,DAPR,3,,,a,
ASN00023718,19760209,DWPR,1,,,a,
ASN00023718,19760209,MDPR,460,,,a,
ASN00023718,19760301,PRCP,10,,,a,
ASN00023718,19760302,PRCP,0,,,a,
ASN00023718,19760303,PRCP,0,,,a,
ASN00023718,19760304,PRCP,0,,,a,
ASN00023718,19760305,PRCP,0,,,a,
ASN00023718,19760306,PRCP,0,,,a,
ASN00023718,19760307,PRCP,0,,,a,
ASN00023718,19760308,PRCP,0,,,a,
ASN00023718,19760309,PRCP,0,,,a,
ASN00023718,19760310,PRCP,0,,,a,
ASN00023718,19760311,PRCP,0,,,a,
ASN00023718,19760312,PRCP,0,,,a,
ASN00023718,19760313,PRCP,0,,,a,
ASN00023718,19760314,PRCP,0,,,a,
ASN00023718,19760315,PRCP,0,,,a,
ASN00023718,19760316,PRCP,8,,,a,
ASN00023718,19760317,PRCP,0,,,a,
ASN00023718,19760318,PRCP,0,,,a,
ASN00023718,19760319,PRCP,0,,,a,
ASN00023718,19760323,PRCP,0,,,a,
ASN00023718,19760324,PRCP,0,,,a,
ASN00023718,19760325,PRCP,0,,,a,
ASN00023718,19760326,PRCP,0,,,a,
ASN00023718,19760327,PRCP,0,,,a,
ASN00023718,19760328,PRCP,0,,,a,
ASN00023718,19760329,PRCP,0,,,a,
ASN00023718,19760330,PRCP,0,,,a,
ASN00023718,19760331,PRCP,0,,,a,
ASN00023718,19760322,DAPR,3,,,a,
ASN00023718,19760322,DWPR,1,,,a,
ASN00023718,19760322,MDPR,12,,,a,
ASN00023718,19760401,PRCP,0,,,a,
ASN00023718,19760402,PRCP,2,,,a,
ASN00023718,19760403,PRCP,0,,,a,
ASN00023718,19760404,PRCP,0,,,a,
ASN00023718,19760405,PRCP,16,,,a,
ASN00023718,19760406,PRCP,0,,,a,
ASN00023718,19760407,PRCP,0,,,a,
ASN00023718,19760408,PRCP,0,,,a,
ASN00023718,19760409,PRCP,0,,,a,
ASN00023718,19760410,PRCP,0,,,a,
ASN00023718,19760413,PRCP,0,,,a,
ASN00023718,19760414,PRCP,0,,,a,
ASN00023718,19760415,PRCP,0,,,a,
ASN00023718,19760421,PRCP,0,,,a,
ASN00023718,19760422,PRCP,0,,,a,
ASN00023718,19760423,PRCP,0,,,a,
ASN00023718,19760424,PRCP,0,,,a,
ASN00023718,19760425,PRCP,0,,,a,
ASN00023718,19760428,PRCP,0,,,a,
ASN00023718,19760429,PRCP,50,,,a,
ASN00023718,19760430,PRCP,4,,,a,
ASN00023718,19760412,DAPR,2,,,a,
ASN00023718,19760420,DAPR,5,,,a,
ASN00023718,19760427,DAPR,2,,,a,
ASN00023718,19760412,DWPR,1,,,a,
ASN00023718,19760420,DWPR,1,,,a,
ASN00023718,19760427,DWPR,1,,,a,
ASN00023718,19760412,MDPR,150,,,a,
ASN00023718,19760420,MDPR,20,,,a,
ASN00023718,19760427,MDPR,54,,,a,
ASN00023718,19760501,PRCP,0,,,a,
ASN00023718,19760502,PRCP,0,,,a,
ASN00023718,19760503,PRCP,0,,,a,
ASN00023718,19760504,PRCP,0,,,a,
ASN00023718,19760505,PRCP,0,,,a,
ASN00023718,19760506,PRCP,0,,,a,
ASN00023718,19760507,PRCP,0,,,a,
ASN00023718,19760511,PRCP,8,,,a,
ASN00023718,19760512,PRCP,0,,,a,
ASN00023718,19760513,PRCP,0,,,a,
ASN00023718,19760514,PRCP,0,,,a,
ASN00023718,19760515,PRCP,0,,,a,
ASN00023718,19760516,PRCP,0,,,a,
ASN00023718,19760517,PRCP,0,,,a,
ASN00023718,19760518,PRCP,34,,,a,
ASN00023718,19760519,PRCP,0,,,a,
ASN00023718,19760520,PRCP,0,,,a,
ASN00023718,19760521,PRCP,0,,,a,
ASN00023718,19760525,PRCP,6,,,a,
ASN00023718,19760526,PRCP,50,,,a,
ASN00023718,19760527,PRCP,0,,,a,
ASN00023718,19760528,PRCP,0,,,a,
ASN00023718,19760529,PRCP,0,,,a,
ASN00023718,19760530,PRCP,0,,,a,
ASN00023718,19760531,PRCP,0,,,a,
ASN00023718,19760510,DAPR,3,,,a,
ASN00023718,19760524,DAPR,3,,,a,
ASN00023718,19760510,DWPR,1,,,a,
ASN00023718,19760524,DWPR,1,,,a,
ASN00023718,19760510,MDPR,44,,,a,
ASN00023718,19760524,MDPR,56,,,a,
ASN00023718,19760601,PRCP,24,,,a,
ASN00023718,19760602,PRCP,60,,,a,
ASN00023718,19760603,PRCP,0,,,a,
ASN00023718,19760604,PRCP,14,,,a,
ASN00023718,19760605,PRCP,0,,,a,
ASN00023718,19760606,PRCP,0,,,a,
ASN00023718,19760607,PRCP,30,,,a,
ASN00023718,19760608,PRCP,8,,,a,
ASN00023718,19760609,PRCP,10,,,a,
ASN00023718,19760610,PRCP,10,,,a,
ASN00023718,19760611,PRCP,0,,,a,
ASN00023718,19760612,PRCP,0,,,a,
ASN00023718,19760613,PRCP,0,,,a,
ASN00023718,19760614,PRCP,0,,,a,
ASN00023718,19760615,PRCP,84,,,a,
ASN00023718,19760616,PRCP,64,,,a,
ASN00023718,19760617,PRCP,58,,,a,
ASN00023718,19760618,PRCP,0,,,a,
ASN00023718,19760619,PRCP,0,,,a,
ASN00023718,19760620,PRCP,0,,,a,
ASN00023718,19760621,PRCP,0,,,a,
ASN00023718,19760622,PRCP,0,,,a,
ASN00023718,19760623,PRCP,0,,,a,
ASN00023718,19760624,PRCP,6,,,a,
ASN00023718,19760625,PRCP,0,,,a,
ASN00023718,19760626,PRCP,0,,,a,
ASN00023718,19760627,PRCP,0,,,a,
ASN00023718,19760628,PRCP,26,,,a,
ASN00023718,19760629,PRCP,44,,,a,
ASN00023718,19760630,PRCP,30,,,a,
ASN00023718,19760701,PRCP,0,,,a,
ASN00023718,19760702,PRCP,0,,,a,
ASN00023718,19760706,PRCP,0,,,a,
ASN00023718,19760707,PRCP,0,,,a,
ASN00023718,19760708,PRCP,0,,,a,
ASN00023718,19760709,PRCP,0,,,a,
ASN00023718,19760710,PRCP,0,,,a,
ASN00023718,19760711,PRCP,0,,,a,
ASN00023718,19760712,PRCP,0,,,a,
ASN00023718,19760713,PRCP,0,,,a,
ASN00023718,19760714,PRCP,0,,,a,
ASN00023718,19760715,PRCP,10,,,a,
ASN00023718,19760716,PRCP,0,,,a,
ASN00023718,19760717,PRCP,0,,,a,
ASN00023718,19760718,PRCP,0,,,a,
ASN00023718,19760719,PRCP,0,,,a,
ASN00023718,19760720,PRCP,0,,,a,
ASN00023718,19760721,PRCP,0,,,a,
ASN00023718,19760722,PRCP,0,,,a,
ASN00023718,19760723,PRCP,0,,,a,
ASN00023718,19760724,PRCP,0,,,a,
ASN00023718,19760725,PRCP,0,,,a,
ASN00023718,19760726,PRCP,0,,,a,
ASN00023718,19760727,PRCP,0,,,a,
ASN00023718,19760728,PRCP,0,,,a,
ASN00023718,19760729,PRCP,28,,,a,
ASN00023718,19760730,PRCP,70,,,a,
ASN00023718,19760731,PRCP,0,,,a,
ASN00023718,19760705,DAPR,3,,,a,
ASN00023718,19760705,DWPR,1,,,a,
ASN00023718,19760705,MDPR,170,,,a,
ASN00023718,19760803,PRCP,30,,,a,
ASN00023718,19760804,PRCP,0,,,a,
ASN00023718,19760805,PRCP,0,,,a,
ASN00023718,19760806,PRCP,36,,,a,
ASN00023718,19760807,PRCP,0,,,a,
ASN00023718,19760808,PRCP,0,,,a,
ASN00023718,19760809,PRCP,0,,,a,
ASN00023718,19760810,PRCP,124,,,a,
ASN00023718,19760811,PRCP,20,,,a,
ASN00023718,19760812,PRCP,2,,,a,
ASN00023718,19760813,PRCP,24,,,a,
ASN00023718,19760814,PRCP,0,,,a,
ASN00023718,19760815,PRCP,0,,,a,
ASN00023718,19760816,PRCP,0,,,a,
ASN00023718,19760817,PRCP,8,,,a,
ASN00023718,19760818,PRCP,0,,,a,
ASN00023718,19760819,PRCP,0,,,a,
ASN00023718,19760820,PRCP,0,,,a,
ASN00023718,19760821,PRCP,0,,,a,
ASN00023718,19760824,PRCP,32,,,a,
ASN00023718,19760825,PRCP,14,,,a,
ASN00023718,19760826,PRCP,0,,,a,
ASN00023718,19760827,PRCP,0,,,a,
ASN00023718,19760828,PRCP,0,,,a,
ASN00023718,19760829,PRCP,0,,,a,
ASN00023718,19760830,PRCP,0,,,a,
ASN00023718,19760831,PRCP,0,,,a,
ASN00023718,19760802,DAPR,2,,,a,
ASN00023718,19760823,DAPR,2,,,a,
ASN00023718,19760802,DWPR,1,,,a,
ASN00023718,19760823,DWPR,1,,,a,
ASN00023718,19760802,MDPR,200,,,a,
ASN00023718,19760823,MDPR,50,,,a,
ASN00023718,19760901,PRCP,28,,,a,
ASN00023718,19760902,PRCP,0,,,a,
ASN00023718,19760903,PRCP,0,,,a,
ASN00023718,19760904,PRCP,0,,,a,
ASN00023718,19760905,PRCP,0,,,a,
ASN00023718,19760906,PRCP,0,,,a,
ASN00023718,19760907,PRCP,14,,,a,
ASN00023718,19760908,PRCP,20,,,a,
ASN00023718,19760909,PRCP,80,,,a,
ASN00023718,19760910,PRCP,34,,,a,
ASN00023718,19760914,PRCP,0,,,a,
ASN00023718,19760915,PRCP,0,,,a,
ASN00023718,19760916,PRCP,10,,,a,
ASN00023718,19760917,PRCP,30,,,a,
ASN00023718,19760918,PRCP,0,,,a,
ASN00023718,19760919,PRCP,0,,,a,
ASN00023718,19760920,PRCP,50,,,a,
ASN00023718,19760921,PRCP,60,,,a,
ASN00023718,19760922,PRCP,16,,,a,
ASN00023718,19760923,PRCP,12,,,a,
ASN00023718,19760924,PRCP,0,,,a,
ASN00023718,19760925,PRCP,0,,,a,
ASN00023718,19760926,PRCP,0,,,a,
ASN00023718,19760927,PRCP,0,,,a,
ASN00023718,19760928,PRCP,0,,,a,
ASN00023718,19760929,PRCP,12,,,a,
ASN00023718,19760930,PRCP,0,,,a,
ASN00023718,19760913,DAPR,3,,,a,
ASN00023718,19760913,DWPR,1,,,a,
ASN00023718,19760913,MDPR,14,,,a,
ASN00023718,19761001,PRCP,0,,,a,
ASN00023718,19761005,PRCP,6,,,a,
ASN00023718,19761006,PRCP,42,,,a,
ASN00023718,19761007,PRCP,80,,,a,
ASN00023718,19761008,PRCP,26,,,a,
ASN00023718,19761013,PRCP,0,,,a,
ASN00023718,19761014,PRCP,16,,,a,
ASN00023718,19761015,PRCP,4,,,a,
ASN00023718,19761019,PRCP,0,,,a,
ASN00023718,19761020,PRCP,0,,,a,
ASN00023718,19761021,PRCP,0,,,a,
ASN00023718,19761022,PRCP,0,,,a,
ASN00023718,19761023,PRCP,0,,,a,
ASN00023718,19761024,PRCP,0,,,a,
ASN00023718,19761025,PRCP,56,,,a,
ASN00023718,19761026,PRCP,0,,,a,
ASN00023718,19761027,PRCP,0,,,a,
ASN00023718,19761028,PRCP,0,,,a,
ASN00023718,19761029,PRCP,0,,,a,
ASN00023718,19761030,PRCP,0,,,a,
ASN00023718,19761031,PRCP,0,,,a,
ASN00023718,19761004,DAPR,3,,,a,
ASN00023718,19761012,DAPR,4,,,a,
ASN00023718,19761018,DAPR,3,,,a,
ASN00023718,19761004,DWPR,1,,,a,
ASN00023718,19761012,DWPR,1,,,a,
ASN00023718,19761018,DWPR,1,,,a,
ASN00023718,19761004,MDPR,258,,,a,
ASN00023718,19761012,MDPR,50,,,a,
ASN00023718,19761018,MDPR,162,,,a,
ASN00023718,19761101,PRCP,0,,,a,
ASN00023718,19761102,PRCP,62,,,a,
ASN00023718,19761103,PRCP,56,,,a,
ASN00023718,19761104,PRCP,10,,,a,
ASN00023718,19761105,PRCP,12,,,a,
ASN00023718,19761106,PRCP,0,,,a,
ASN00023718,19761107,PRCP,0,,,a,
ASN00023718,19761108,PRCP,0,,,a,
ASN00023718,19761109,PRCP,0,,,a,
ASN00023718,19761110,PRCP,2,,,a,
ASN00023718,19761111,PRCP,0,,,a,
ASN00023718,19761112,PRCP,0,,,a,
ASN00023718,19761113,PRCP,0,,,a,
ASN00023718,19761114,PRCP,0,,,a,
ASN00023718,19761115,PRCP,0,,,a,
ASN00023718,19761116,PRCP,6,,,a,
ASN00023718,19761117,PRCP,0,,,a,
ASN00023718,19761118,PRCP,0,,,a,
ASN00023718,19761119,PRCP,0,,,a,
ASN00023718,19761120,PRCP,0,,,a,
ASN00023718,19761121,PRCP,0,,,a,
ASN00023718,19761122,PRCP,0,,,a,
ASN00023718,19761123,PRCP,0,,,a,
ASN00023718,19761124,PRCP,0,,,a,
ASN00023718,19761125,PRCP,28,,,a,
ASN00023718,19761126,PRCP,0,,,a,
ASN00023718,19761127,PRCP,0,,,a,
ASN00023718,19761128,PRCP,0,,,a,
ASN00023718,19761129,PRCP,18,,,a,
ASN00023718,19761130,PRCP,6,,,a,
ASN00023718,19761201,PRCP,0,,,a,
ASN00023718,19761202,PRCP,0,,,a,
ASN00023718,19761203,PRCP,0,,,a,
ASN00023718,19761204,PRCP,0,,,a,
ASN00023718,19761205,PRCP,0,,,a,
ASN00023718,19761206,PRCP,6,,,a,
ASN00023718,19761207,PRCP,10,,,a,
ASN00023718,19761208,PRCP,0,,,a,
ASN00023718,19761209,PRCP,0,,,a,
ASN00023718,19761210,PRCP,0,,,a,
ASN00023718,19761211,PRCP,0,,,a,
ASN00023718,19761212,PRCP,0,,,a,
ASN00023718,19761213,PRCP,0,,,a,
ASN00023718,19761214,PRCP,0,,,a,
ASN00023718,19761215,PRCP,20,,,a,
ASN00023718,19761216,PRCP,12,,,a,
ASN00023718,19761217,PRCP,10,,,a,
ASN00023718,19761218,PRCP,0,,,a,
ASN00023718,19761219,PRCP,0,,,a,
ASN00023718,19761220,PRCP,0,,,a,
ASN00023718,19761221,PRCP,0,,,a,
ASN00023718,19761222,PRCP,0,,,a,
ASN00023718,19761223,PRCP,358,,,a,
ASN00023718,19761224,PRCP,0,,,a,
ASN00023718,19761225,PRCP,0,,,a,
ASN00023718,19761226,PRCP,0,,,a,
ASN00023718,19761227,PRCP,0,,,a,
ASN00023718,19761228,PRCP,0,,,a,
ASN00023718,19761229,PRCP,0,,,a,
ASN00023718,19761230,PRCP,0,,,a,
ASN00023718,19761231,PRCP,0,,,a,
ASN00023718,19770101,PRCP,0,,,a,
ASN00023718,19770102,PRCP,0,,,a,
ASN00023718,19770103,PRCP,0,,,a,
ASN00023718,19770104,PRCP,0,,,a,
ASN00023718,19770105,PRCP,0,,,a,
ASN00023718,19770106,PRCP,0,,,a,
ASN00023718,19770107,PRCP,0,,,a,
ASN00023718,19770108,PRCP,0,,,a,
ASN00023718,19770109,PRCP,0,,,a,
ASN00023718,19770110,PRCP,0,,,a,
ASN00023718,19770111,PRCP,0,,,a,
ASN00023718,19770112,PRCP,0,,,a,
ASN00023718,19770113,PRCP,0,,,a,
ASN00023718,19770114,PRCP,36,,,a,
ASN00023718,19770118,PRCP,0,,,a,
ASN00023718,19770119,PRCP,0,,,a,
ASN00023718,19770120,PRCP,0,,,a,
ASN00023718,19770121,PRCP,6,,,a,
ASN00023718,19770125,PRCP,0,,,a,
ASN00023718,19770126,PRCP,0,,,a,
ASN00023718,19770127,PRCP,0,,,a,
ASN00023718,19770128,PRCP,0,,,a,
ASN00023718,19770129,PRCP,0,,,a,
ASN00023718,19770130,PRCP,0,,,a,
ASN00023718,19770131,PRCP,0,,,a,
ASN00023718,19770117,DAPR,3,,,a,
ASN00023718,19770124,DAPR,3,,,a,
ASN00023718,19770117,DWPR,1,,,a,
ASN00023718,19770124,DWPR,1,,,a,
ASN00023718,19770117,MDPR,224,,,a,
ASN00023718,19770124,MDPR,10,,,a,
ASN00023718,19770201,PRCP,0,,,a,
ASN00023718,19770202,PRCP,0,,,a,
ASN00023718,19770203,PRCP,0,,,a,
ASN00023718,19770204,PRCP,0,,,a,
ASN00023718,19770205,PRCP,0,,,a,
ASN00023718,19770206,PRCP,0,,,a,
ASN00023718,19770207,PRCP,0,,,a,
ASN00023718,19770208,PRCP,0,,,a,
ASN00023718,19770209,PRCP,0,,,a,
ASN00023718,19770210,PRCP,0,,,a,
ASN00023718,19770211,PRCP,0,,,a,
ASN00023718,19770212,PRCP,0,,,a,
ASN00023718,19770215,PRCP,0,,,a,
ASN00023718,19770216,PRCP,0,,,a,
ASN00023718,19770217,PRCP,0,,,a,
ASN00023718,19770218,PRCP,0,,,a,
ASN00023718,19770219,PRCP,0,,,a,
ASN00023718,19770220,PRCP,0,,,a,
ASN00023718,19770221,PRCP,0,,,a,
ASN00023718,19770222,PRCP,0,,,a,
ASN00023718,19770223,PRCP,0,,,a,
ASN00023718,19770224,PRCP,0,,,a,
ASN00023718,19770225,PRCP,14,,,a,
ASN00023718,19770214,DAPR,2,,,a,
ASN00023718,19770228,DAPR,3,,,a,
ASN00023718,19770214,DWPR,1,,,a,
ASN00023718,19770228,DWPR,1,,,a,
ASN00023718,19770214,MDPR,18,,,a,
ASN00023718,19770228,MDPR,22,,,a,
ASN00023718,19770301,PRCP,0,,,a,
ASN00023718,19770302,PRCP,0,,,a,
ASN00023718,19770303,PRCP,0,,,a,
ASN00023718,19770304,PRCP,0,,,a,
ASN00023718,19770305,PRCP,0,,,a,
ASN00023718,19770306,PRCP,0,,,a,
ASN00023718,19770307,PRCP,0,,,a,
ASN00023718,19770308,PRCP,0,,,a,
ASN00023718,19770309,PRCP,0,,,a,
ASN00023718,19770310,PRCP,0,,,a,
ASN00023718,19770311,PRCP,0,,,a,
ASN00023718,19770312,PRCP,0,,,a,
ASN00023718,19770313,PRCP,0,,,a,
ASN00023718,19770314,PRCP,0,,,a,
ASN00023718,19770315,PRCP,38,,,a,
ASN00023718,19770316,PRCP,6,,,a,
ASN00023718,19770317,PRCP,0,,,a,
ASN00023718,19770318,PRCP,78,,,a,
ASN00023718,19770319,PRCP,0,,,a,
ASN00023718,19770320,PRCP,0,,,a,
ASN00023718,19770321,PRCP,0,,,a,
ASN00023718,19770322,PRCP,0,,,a,
ASN00023718,19770323,PRCP,0,,,a,
ASN00023718,19770324,PRCP,10,,,a,
ASN00023718,19770325,PRCP,0,,,a,
ASN00023718,19770329,PRCP,6,,,a,
ASN00023718,19770330,PRCP,0,,,a,
ASN00023718,19770331,PRCP,0,,,a,
ASN00023718,19770328,DAPR,3,,,a,
ASN00023718,19770328,DWPR,1,,,a,
ASN00023718,19770328,MDPR,164,,,a,
ASN00023718,19770401,PRCP,10,,,a,
ASN00023718,19770402,PRCP,0,,,a,
ASN00023718,19770403,PRCP,0,,,a,
ASN00023718,19770404,PRCP,0,,,a,
ASN00023718,19770405,PRCP,0,,,a,
ASN00023718,19770406,PRCP,14,,,a,
ASN00023718,19770407,PRCP,146,,,a,
ASN00023718,19770413,PRCP,4,,,a,
ASN00023718,19770414,PRCP,0,,,a,
ASN00023718,19770415,PRCP,0,,,a,
ASN00023718,19770419,PRCP,0,,,a,
ASN00023718,19770420,PRCP,0,,,a,
ASN00023718,19770421,PRCP,0,,,a,
ASN00023718,19770422,PRCP,0,,,a,
ASN00023718,19770427,PRCP,2,,,a,
ASN00023718,19770428,PRCP,0,,,a,
ASN00023718,19770429,PRCP,0,,,a,
ASN00023718,19770430,PRCP,0,,,a,
ASN00023718,19770412,DAPR,5,,,a,
ASN00023718,19770418,DAPR,3,,,a,
ASN00023718,19770426,DAPR,4,,,a,
ASN00023718,19770412,DWPR,1,,,a,
ASN00023718,19770418,DWPR,1,,,a,
ASN00023718,19770426,DWPR,1,,,a,
ASN00023718,19770412,MDPR,66,,,a,
ASN00023718,19770418,MDPR,66,,,a,
ASN00023718,19770426,MDPR,28,,,a,
ASN00023718,19770501,PRCP,0,,,a,
ASN00023718,19770502,PRCP,0,,,a,
ASN00023718,19770503,PRCP,0,,,a,
ASN00023718,19770504,PRCP,0,,,a,
ASN00023718,19770505,PRCP,0,,,a,
ASN00023718,19770506,PRCP,138,,,a,
ASN00023718,19770510,PRCP,8,,,a,
ASN00023718,19770511,PRCP,14,,,a,
ASN00023718,19770512,PRCP,8,,,a,
ASN00023718,19770513,PRCP,6,,,a,
ASN00023718,19770514,PRCP,0,,,a,
ASN00023718,19770515,PRCP,0,,,a,
ASN00023718,19770516,PRCP,0,,,a,
ASN00023718,19770517,PRCP,0,,,a,
ASN00023718,19770518,PRCP,6,,,a,
ASN00023718,19770519,PRCP,0,,,a,
ASN00023718,19770520,PRCP,8,,,a,
ASN00023718,19770524,PRCP,60,,,a,
ASN00023718,19770525,PRCP,6,,,a,
ASN00023718,19770526,PRCP,0,,,a,
ASN00023718,19770527,PRCP,0,,,a,
ASN00023718,19770531,PRCP,66,,,a,
ASN00023718,19770509,DAPR,3,,,a,
ASN00023718,19770523,DAPR,3,,,a,
ASN00023718,19770530,DAPR,3,,,a,
ASN00023718,19770509,DWPR,1,,,a,
ASN00023718,19770523,DWPR,1,,,a,
ASN00023718,19770530,DWPR,1,,,a,
ASN00023718,19770509,MDPR,18,,,a,
ASN00023718,19770523,MDPR,192,,,a,
ASN00023718,19770530,MDPR,12,,,a,
ASN00023718,19770601,PRCP,46,,,a,
ASN00023718,19770602,PRCP,20,,,a,
ASN00023718,19770603,PRCP,4,,,a,
ASN00023718,19770604,PRCP,0,,,a,
ASN00023718,19770605,PRCP,0,,,a,
ASN00023718,19770606,PRCP,2,,,a,
ASN00023718,19770607,PRCP,4,,,a,
ASN00023718,19770608,PRCP,26,,,a,
ASN00023718,19770609,PRCP,76,,,a,
ASN00023718,19770610,PRCP,10,,,a,
ASN00023718,19770611,PRCP,0,,,a,
ASN00023718,19770612,PRCP,0,,,a,
ASN00023718,19770613,PRCP,0,,,a,
ASN00023718,19770614,PRCP,18,,,a,
ASN00023718,19770615,PRCP,6,,,a,
ASN00023718,19770616,PRCP,18,,,a,
ASN00023718,19770617,PRCP,0,,,a,
ASN00023718,19770621,PRCP,0,,,a,
ASN00023718,19770622,PRCP,0,,,a,
ASN00023718,19770623,PRCP,0,,,a,
ASN00023718,19770624,PRCP,60,,,a,
ASN00023718,19770625,PRCP,0,,,a,
ASN00023718,19770626,PRCP,0,,,a,
ASN00023718,19770627,PRCP,0,,,a,
ASN00023718,19770628,PRCP,68,,,a,
ASN00023718,19770629,PRCP,110,,,a,
ASN00023718,19770630,PRCP,52,,,a,
ASN00023718,19770620,DAPR,3,,,a,
ASN00023718,19770620,DWPR,1,,,a,
ASN00023718,19770620,MDPR,140,,,a,
ASN00023718,19770701,PRCP,0,,,a,
ASN00023718,19770702,PRCP,0,,,a,
ASN00023718,19770703,PRCP,0,,,a,
ASN00023718,19770704,PRCP,0,,,a,
ASN00023718,19770705,PRCP,0,,,a,
ASN00023718,19770706,PRCP,0,,,a,
ASN00023718,19770707,PRCP,0,,,a,
ASN00023718,19770708,PRCP,0,,,a,
ASN00023718,19770709,PRCP,0,,,a,
ASN00023718,19770710,PRCP,0,,,a,
ASN00023718,19770711,PRCP,0,,,a,
ASN00023718,19770712,PRCP,0,,,a,
ASN00023718,19770713,PRCP,0,,,a,
ASN00023718,19770714,PRCP,0,,,a,
ASN00023718,19770715,PRCP,10,,,a,
ASN00023718,19770716,PRCP,0,,,a,
ASN00023718,19770717,PRCP,0,,,a,
ASN00023718,19770718,PRCP,0,,,a,
ASN00023718,19770719,PRCP,0,,,a,
ASN00023718,19770720,PRCP,0,,,a,
ASN00023718,19770721,PRCP,0,,,a,
ASN00023718,19770722,PRCP,50,,,a,
ASN00023718,19770726,PRCP,10,,,a,
ASN00023718,19770727,PRCP,26,,,a,
ASN00023718,19770728,PRCP,24,,,a,
ASN00023718,19770729,PRCP,0,,,a,
ASN00023718,19770730,PRCP,0,,,a,
ASN00023718,19770731,PRCP,0,,,a,
ASN00023718,19770725,DAPR,3,,,a,
ASN00023718,19770725,DWPR,1,,,a,
ASN00023718,19770725,MDPR,96,,,a,
ASN00023718,19770801,PRCP,28,,,a,
ASN00023718,19770802,PRCP,0,,,a,
ASN00023718,19770803,PRCP,94,,,a,
ASN00023718,19770804,PRCP,4,,,a,
ASN00023718,19770805,PRCP,0,,,a,
ASN00023718,19770809,PRCP,0,,,a,
ASN00023718,19770810,PRCP,0,,,a,
ASN00023718,19770811,PRCP,0,,,a,
ASN00023718,19770812,PRCP,100,,,a,
ASN00023718,19770816,PRCP,0,,,a,
ASN00023718,19770817,PRCP,0,,,a,
ASN00023718,19770818,PRCP,0,,,a,
ASN00023718,19770819,PRCP,0,,,a,
ASN00023718,19770823,PRCP,0,,,a,
ASN00023718,19770824,PRCP,0,,,a,
ASN00023718,19770825,PRCP,0,,,a,
ASN00023718,19770826,PRCP,0,,,a,
ASN00023718,19770827,PRCP,0,,,a,
ASN00023718,19770828,PRCP,0,,,a,
ASN00023718,19770829,PRCP,0,,,a,
ASN00023718,19770830,PRCP,48,,,a,
ASN00023718,19770831,PRCP,26,,,a,
ASN00023718,19770808,DAPR,3,,,a,
ASN00023718,19770815,DAPR,3,,,a,
ASN00023718,19770822,DAPR,3,,,a,
ASN00023718,19770808,DWPR,1,,,a,
ASN00023718,19770815,DWPR,1,,,a,
ASN00023718,19770822,DWPR,1,,,a,
ASN00023718,19770808,MDPR,20,,,a,
ASN00023718,19770815,MDPR,26,,,a,
ASN00023718,19770822,MDPR,56,,,a,
ASN00023718,19770901,PRCP,2,,,a,
ASN00023718,19770902,PRCP,0,,,a,
ASN00023718,19770906,PRCP,0,,,a,
ASN00023718,19770907,PRCP,8,,,a,
ASN00023718,19770908,PRCP,0,,,a,
ASN00023718,19770909,PRCP,132,,,a,
ASN00023718,19770913,PRCP,54,,,a,
ASN00023718,19770914,PRCP,24,,,a,
ASN00023718,19770915,PRCP,18,,,a,
ASN00023718,19770916,PRCP,0,,,a,
ASN00023718,19770917,PRCP,0,,,a,
ASN00023718,19770918,PRCP,0,,,a,
ASN00023718,19770919,PRCP,0,,,a,
ASN00023718,19770920,PRCP,0,,,a,
ASN00023718,19770921,PRCP,0,,,a,
ASN00023718,19770922,PRCP,0,,,a,
ASN00023718,19770923,PRCP,0,,,a,
ASN00023718,19770924,PRCP,0,,,a,
ASN00023718,19770925,PRCP,0,,,a,
ASN00023718,19770926,PRCP,0,,,a,
ASN00023718,19770927,PRCP,0,,,a,
ASN00023718,19770928,PRCP,0,,,a,
ASN00023718,19770929,PRCP,0,,,a,
ASN00023718,19770930,PRCP,0,,,a,
ASN00023718,19770905,DAPR,3,,,a,
ASN00023718,19770912,DAPR,3,,,a,
ASN00023718,19770905,DWPR,1,,,a,
ASN00023718,19770912,DWPR,1,,,a,
ASN00023718,19770905,MDPR,38,,,a,
ASN00023718,19770912,MDPR,58,,,a,
ASN00023718,19771001,PRCP,0,,,a,
ASN00023718,19771002,PRCP,40,,,a,
ASN00023718,19771003,PRCP,0,,,a,
ASN00023718,19771004,PRCP,0,,,a,
ASN00023718,19771005,PRCP,0,,,a,
ASN00023718,19771006,PRCP,0,,,a,
ASN00023718,19771007,PRCP,0,,,a,
ASN00023718,19771012,PRCP,0,,,a,
ASN00023718,19771013,PRCP,0,,,a,
ASN00023718,19771014,PRCP,50,,,a,
ASN00023718,19771018,PRCP,0,,,a,
ASN00023718,19771019,PRCP,106,,,a,
ASN00023718,19771020,PRCP,0,,,a,
ASN00023718,19771021,PRCP,10,,,a,
ASN00023718,19771022,PRCP,0,,,a,
ASN00023718,19771023,PRCP,0,,,a,
ASN00023718,19771024,PRCP,0,,,a,
ASN00023718,19771025,PRCP,0,,,a,
ASN00023718,19771026,PRCP,0,,,a,
ASN00023718,19771027,PRCP,0,,,a,
ASN00023718,19771028,PRCP,0,,,a,
ASN00023718,19771011,DAPR,4,,,a,
ASN00023718,19771017,DAPR,3,,,a,
ASN00023718,19771031,DAPR,3,,,a,
ASN00023718,19771011,DWPR,1,,,a,
ASN00023718,19771017,DWPR,1,,,a,
ASN00023718,19771031,DWPR,1,,,a,
ASN00023718,19771011,MDPR,32,,,a,
ASN00023718,19771017,MDPR,10,,,a,
ASN00023718,19771031,MDPR,26,,,a,
ASN00023718,19771101,PRCP,2,,,a,
ASN00023718,19771102,PRCP,0,,,a,
ASN00023718,19771103,PRCP,0,,,a,
ASN00023718,19771104,PRCP,0,,,a,
ASN00023718,19771105,PRCP,0,,,a,
ASN00023718,19771106,PRCP,0,,,a,
ASN00023718,19771107,PRCP,0,,,a,
ASN00023718,19771108,PRCP,0,,,a,
ASN00023718,19771109,PRCP,0,,,a,
ASN00023718,19771110,PRCP,134,,,a,
ASN00023718,19771111,PRCP,0,,,a,
ASN00023718,19771112,PRCP,0,,,a,
ASN00023718,19771113,PRCP,0,,,a,
ASN00023718,19771114,PRCP,0,,,a,
ASN00023718,19771115,PRCP,4,,,a,
ASN00023718,19771116,PRCP,0,,,a,
ASN00023718,19771117,PRCP,0,,,a,
ASN00023718,19771118,PRCP,0,,,a,
ASN00023718,19771119,PRCP,0,,,a,
ASN00023718,19771120,PRCP,0,,,a,
ASN00023718,19771121,PRCP,0,,,a,
ASN00023718,19771122,PRCP,4,,,a,
ASN00023718,19771123,PRCP,0,,,a,
ASN00023718,19771124,PRCP,0,,,a,
ASN00023718,19771125,PRCP,0,,,a,
ASN00023718,19771126,PRCP,0,,,a,
ASN00023718,19771129,PRCP,142,,,a,
ASN00023718,19771130,PRCP,0,,,a,
ASN00023718,19771128,DAPR,2,,,a,
ASN00023718,19771128,DWPR,1,,,a,
ASN00023718,19771128,MDPR,30,,,a,
ASN00023718,19771201,PRCP,0,,,a,
ASN00023718,19771202,PRCP,24,,,a,
ASN00023718,19771203,PRCP,0,,,a,
ASN00023718,19771204,PRCP,0,,,a,
ASN00023718,19771205,PRCP,16,,,a,
ASN00023718,19771206,PRCP,0,,,a,
ASN00023718,19771207,PRCP,0,,,a,
ASN00023718,19771208,PRCP,0,,,a,
ASN00023718,19771209,PRCP,0,,,a,
ASN00023718,19771210,PRCP,0,,,a,
ASN00023718,19771211,PRCP,0,,,a,
ASN00023718,19771212,PRCP,0,,,a,
ASN00023718,19771213,PRCP,0,,,a,
ASN00023718,19771214,PRCP,0,,,a,
ASN00023718,19771215,PRCP,0,,,a,
ASN00023718,19771216,PRCP,0,,,a,
ASN00023718,19771217,PRCP,0,,,a,
ASN00023718,19771218,PRCP,0,,,a,
ASN00023718,19771219,PRCP,0,,,a,
ASN00023718,19771220,PRCP,0,,,a,
ASN00023718,19771221,PRCP,0,,,a,
ASN00023718,19771222,PRCP,0,,,a,
ASN00023718,19771223,PRCP,0,,,a,
ASN00023718,19771224,PRCP,0,,,a,
ASN00023718,19771225,PRCP,0,,,a,
ASN00023718,19771226,PRCP,0,,,a,
ASN00023718,19771227,PRCP,20,,,a,
ASN00023718,19771228,PRCP,0,,,a,
ASN00023718,19771229,PRCP,0,,,a,
ASN00023718,19771230,PRCP,0,,,a,
ASN00023718,19771231,PRCP,0,,,a,
ASN00023718,19780101,PRCP,0,,,a,
ASN00023718,19780102,PRCP,0,,,a,
ASN00023718,19780103,PRCP,0,,,a,
ASN00023718,19780104,PRCP,0,,,a,
ASN00023718,19780105,PRCP,0,,,a,
ASN00023718,19780106,PRCP,0,,,a,
ASN00023718,19780107,PRCP,0,,,a,
ASN00023718,19780108,PRCP,0,,,a,
ASN00023718,19780109,PRCP,0,,,a,
ASN00023718,19780110,PRCP,0,,,a,
ASN00023718,19780111,PRCP,0,,,a,
ASN00023718,19780112,PRCP,0,,,a,
ASN00023718,19780113,PRCP,0,,,a,
ASN00023718,19780114,PRCP,0,,,a,
ASN00023718,19780115,PRCP,0,,,a,
ASN00023718,19780116,PRCP,0,,,a,
ASN00023718,19780117,PRCP,0,,,a,
ASN00023718,19780118,PRCP,0,,,a,
ASN00023718,19780119,PRCP,0,,,a,
ASN00023718,19780120,PRCP,0,,,a,
ASN00023718,19780121,PRCP,0,,,a,
ASN00023718,19780122,PRCP,0,,,a,
ASN00023718,19780123,PRCP,60,,,a,
ASN00023718,19780124,PRCP,0,,,a,
ASN00023718,19780125,PRCP,0,,,a,
ASN00023718,19780126,PRCP,0,,,a,
ASN00023718,19780127,PRCP,6,,,a,
ASN00023718,19780128,PRCP,0,,,a,
ASN00023718,19780129,PRCP,0,,,a,
ASN00023718,19780130,PRCP,0,,,a,
ASN00023718,19780131,PRCP,0,,,a,
ASN00023718,19780201,PRCP,0,,,a,
ASN00023718,19780202,PRCP,0,,,a,
ASN00023718,19780203,PRCP,0,,,a,
ASN00023718,19780204,PRCP,0,,,a,
ASN00023718,19780205,PRCP,0,,,a,
ASN00023718,19780206,PRCP,0,,,a,
ASN00023718,19780207,PRCP,0,,,a,
ASN00023718,19780208,PRCP,0,,,a,
ASN00023718,19780209,PRCP,0,,,a,
ASN00023718,19780210,PRCP,0,,,a,
ASN00023718,19780211,PRCP,0,,,a,
ASN00023718,19780212,PRCP,0,,,a,
ASN00023718,19780213,PRCP,0,,,a,
ASN00023718,19780214,PRCP,0,,,a,
ASN00023718,19780215,PRCP,0,,,a,
ASN00023718,19780216,PRCP,6,,,a,
ASN00023718,19780217,PRCP,0,,,a,
ASN00023718,19780218,PRCP,0,,,a,
ASN00023718,19780219,PRCP,0,,,a,
ASN00023718,19780220,PRCP,0,,,a,
ASN00023718,19780221,PRCP,0,,,a,
ASN00023718,19780222,PRCP,6,,,a,
ASN00023718,19780223,PRCP,0,,,a,
ASN00023718,19780224,PRCP,0,,,a,
ASN00023718,19780225,PRCP,0,,,a,
ASN00023718,19780226,PRCP,0,,,a,
ASN00023718,19780227,PRCP,0,,,a,
ASN00023718,19780228,PRCP,0,,,a,
ASN00023718,19780301,PRCP,0,,,a,
ASN00023718,19780302,PRCP,0,,,a,
ASN00023718,19780303,PRCP,0,,,a,
ASN00023718,19780304,PRCP,0,,,a,
ASN00023718,19780305,PRCP,0,,,a,
ASN00023718,19780306,PRCP,0,,,a,
ASN00023718,19780307,PRCP,0,,,a,
ASN00023718,19780308,PRCP,0,,,a,
ASN00023718,19780309,PRCP,0,,,a,
ASN00023718,19780310,PRCP,0,,,a,
ASN00023718,19780311,PRCP,0,,,a,
ASN00023718,19780312,PRCP,0,,,a,
ASN00023718,19780313,PRCP,16,,,a,
ASN00023718,19780314,PRCP,0,,,a,
ASN00023718,19780315,PRCP,0,,,a,
ASN00023718,19780316,PRCP,0,,,a,
ASN00023718,19780317,PRCP,0,,,a,
ASN00023718,19780318,PRCP,0,,,a,
ASN00023718,19780319,PRCP,0,,,a,
ASN00023718,19780320,PRCP,0,,,a,
ASN00023718,19780321,PRCP,0,,,a,
ASN00023718,19780322,PRCP,4,,,a,
ASN00023718,19780323,PRCP,0,,,a,
ASN00023718,19780324,PRCP,0,,,a,
ASN00023718,19780325,PRCP,0,,,a,
ASN00023718,19780326,PRCP,0,,,a,
ASN00023718,19780327,PRCP,0,,,a,
ASN00023718,19780328,PRCP,20,,,a,
ASN00023718,19780329,PRCP,0,,,a,
ASN00023718,19780330,PRCP,32,,,a,
ASN00023718,19780331,PRCP,8,,,a,
ASN00023718,19780401,PRCP,0,,,a,
ASN00023718,19780402,PRCP,0,,,a,
ASN00023718,19780403,PRCP,0,,,a,
ASN00023718,19780404,PRCP,0,,,a,
ASN00023718,19780405,PRCP,0,,,a,
ASN00023718,19780406,PRCP,0,,,a,
ASN00023718,19780407,PRCP,0,,,a,
ASN00023718,19780408,PRCP,0,,,a,
ASN00023718,19780409,PRCP,0,,,a,
ASN00023718,19780410,PRCP,74,,,a,
ASN00023718,19780411,PRCP,38,,,a,
ASN00023718,19780412,PRCP,0,,,a,
ASN00023718,19780413,PRCP,0,,,a,
ASN00023718,19780414,PRCP,0,,,a,
ASN00023718,19780415,PRCP,0,,,a,
ASN00023718,19780416,PRCP,0,,,a,
ASN00023718,19780417,PRCP,0,,,a,
ASN00023718,19780418,PRCP,0,,,a,
ASN00023718,19780419,PRCP,0,,,a,
ASN00023718,19780420,PRCP,0,,,a,
ASN00023718,19780421,PRCP,4,,,a,
ASN00023718,19780422,PRCP,0,,,a,
ASN00023718,19780423,PRCP,0,,,a,
ASN00023718,19780424,PRCP,16,,,a,
ASN00023718,19780425,PRCP,0,,,a,
ASN00023718,19780426,PRCP,54,,,a,
ASN00023718,19780427,PRCP,0,,,a,
ASN00023718,19780428,PRCP,0,,,a,
ASN00023718,19780429,PRCP,0,,,a,
ASN00023718,19780430,PRCP,0,,,a,
ASN00023718,19780501,PRCP,0,,,a,
ASN00023718,19780502,PRCP,0,,,a,
ASN00023718,19780503,PRCP,0,,,a,
ASN00023718,19780504,PRCP,0,,,a,
ASN00023718,19780505,PRCP,0,,,a,
ASN00023718,19780506,PRCP,0,,,a,
ASN00023718,19780507,PRCP,0,,,a,
ASN00023718,19780508,PRCP,0,,,a,
ASN00023718,19780509,PRCP,134,,,a,
ASN00023718,19780510,PRCP,30,,,a,
ASN00023718,19780511,PRCP,132,,,a,
ASN00023718,19780512,PRCP,12,,,a,
ASN00023718,19780513,PRCP,0,,,a,
ASN00023718,19780514,PRCP,0,,,a,
ASN00023718,19780515,PRCP,0,,,a,
ASN00023718,19780516,PRCP,13,,,a,
ASN00023718,19780517,PRCP,0,,,a,
ASN00023718,19780518,PRCP,0,,,a,
ASN00023718,19780519,PRCP,10,,,a,
ASN00023718,19780520,PRCP,0,,,a,
ASN00023718,19780521,PRCP,0,,,a,
ASN00023718,19780522,PRCP,64,,,a,
ASN00023718,19780523,PRCP,20,,,a,
ASN00023718,19780524,PRCP,0,,,a,
ASN00023718,19780525,PRCP,0,,,a,
ASN00023718,19780526,PRCP,6,,,a,
ASN00023718,19780527,PRCP,0,,,a,
ASN00023718,19780528,PRCP,0,,,a,
ASN00023718,19780529,PRCP,0,,,a,
ASN00023718,19780530,PRCP,30,,,a,
ASN00023718,19780531,PRCP,60,,,a,
ASN00023718,19780601,PRCP,4,,,a,
ASN00023718,19780602,PRCP,0,,,a,
ASN00023718,19780607,PRCP,4,,,a,
ASN00023718,19780608,PRCP,30,,,a,
ASN00023718,19780609,PRCP,162,,,a,
ASN00023718,19780613,PRCP,70,,,a,
ASN00023718,19780614,PRCP,20,,,a,
ASN00023718,19780615,PRCP,0,,,a,
ASN00023718,19780616,PRCP,0,,,a,
ASN00023718,19780620,PRCP,14,,,a,
ASN00023718,19780621,PRCP,0,,,a,
ASN00023718,19780622,PRCP,10,,,a,
ASN00023718,19780623,PRCP,0,,,a,
ASN00023718,19780624,PRCP,0,,,a,
ASN00023718,19780625,PRCP,0,,,a,
ASN00023718,19780626,PRCP,20,,,a,
ASN00023718,19780627,PRCP,74,,,a,
ASN00023718,19780628,PRCP,0,,,a,
ASN00023718,19780629,PRCP,0,,,a,
ASN00023718,19780630,PRCP,0,,,a,
ASN00023718,19780606,DAPR,4,,,a,
ASN00023718,19780612,DAPR,3,,,a,
ASN00023718,19780619,DAPR,3,,,a,
ASN00023718,19780606,DWPR,1,,,a,
ASN00023718,19780612,DWPR,1,,,a,
ASN00023718,19780619,DWPR,1,,,a,
ASN00023718,19780606,MDPR,164,,,a,
ASN00023718,19780612,MDPR,130,,,a,
ASN00023718,19780619,MDPR,144,,,a,
ASN00023718,19780704,PRCP,26,,,a,
ASN00023718,19780705,PRCP,46,,,a,
ASN00023718,19780706,PRCP,84,,,a,
ASN00023718,19780707,PRCP,14,,,a,
ASN00023718,19780711,PRCP,130,,,a,
ASN00023718,19780712,PRCP,0,,,a,
ASN00023718,19780713,PRCP,0,,,a,
ASN00023718,19780714,PRCP,2,,,a,
ASN00023718,19780715,PRCP,0,,,a,
ASN00023718,19780716,PRCP,0,,,a,
ASN00023718,19780717,PRCP,1,,,a,
ASN00023718,19780718,PRCP,30,,,a,
ASN00023718,19780719,PRCP,4,,,a,
ASN00023718,19780720,PRCP,14,,,a,
ASN00023718,19780721,PRCP,0,,,a,
ASN00023718,19780725,PRCP,0,,,a,
ASN00023718,19780726,PRCP,8,,,a,
ASN00023718,19780727,PRCP,24,,,a,
ASN00023718,19780728,PRCP,18,,,a,
ASN00023718,19780729,PRCP,0,,,a,
ASN00023718,19780730,PRCP,0,,,a,
ASN00023718,19780731,PRCP,0,,,a,
ASN00023718,19780703,DAPR,3,,,a,
ASN00023718,19780710,DAPR,3,,,a,
ASN00023718,19780724,DAPR,3,,,a,
ASN00023718,19780703,DWPR,1,,,a,
ASN00023718,19780710,DWPR,1,,,a,
ASN00023718,19780724,DWPR,1,,,a,
ASN00023718,19780703,MDPR,172,,,a,
ASN00023718,19780710,MDPR,40,,,a,
ASN00023718,19780724,MDPR,106,,,a,
ASN00023718,19780801,PRCP,0,,,a,
ASN00023718,19780802,PRCP,0,,,a,
ASN00023718,19780803,PRCP,0,,,a,
ASN00023718,19780804,PRCP,0,,,a,
ASN00023718,19780808,PRCP,74,,,a,
ASN00023718,19780809,PRCP,136,,,a,
ASN00023718,19780810,PRCP,0,,,a,
ASN00023718,19780811,PRCP,0,,,a,
ASN00023718,19780815,PRCP,0,,,a,
ASN00023718,19780816,PRCP,0,,,a,
ASN00023718,19780817,PRCP,0,,,a,
ASN00023718,19780818,PRCP,186,,,a,
ASN00023718,19780822,PRCP,10,,,a,
ASN00023718,19780823,PRCP,0,,,a,
ASN00023718,19780824,PRCP,0,,,a,
ASN00023718,19780825,PRCP,0,,,a,
ASN00023718,19780826,PRCP,0,,,a,
ASN00023718,19780827,PRCP,0,,,a,
ASN00023718,19780828,PRCP,0,,,a,
ASN00023718,19780829,PRCP,0,,,a,
ASN00023718,19780830,PRCP,0,,,a,
ASN00023718,19780831,PRCP,0,,,a,
ASN00023718,19780807,DAPR,3,,,a,
ASN00023718,19780814,DAPR,3,,,a,
ASN00023718,19780821,DAPR,3,,,a,
ASN00023718,19780807,DWPR,1,,,a,
ASN00023718,19780814,DWPR,1,,,a,
ASN00023718,19780821,DWPR,1,,,a,
ASN00023718,19780807,MDPR,282,,,a,
ASN00023718,19780814,MDPR,116,,,a,
ASN00023718,19780821,MDPR,44,,,a,
ASN00023718,19780901,PRCP,0,,,a,
ASN00023718,19780905,PRCP,18,,,a,
ASN00023718,19780906,PRCP,34,,,a,
ASN00023718,19780907,PRCP,0,,,a,
ASN00023718,19780908,PRCP,12,,,a,
ASN00023718,19780909,PRCP,0,,,a,
ASN00023718,19780910,PRCP,0,,,a,
ASN00023718,19780911,PRCP,0,,,a,
ASN00023718,19780912,PRCP,20,,,a,
ASN00023718,19780913,PRCP,120,,,a,
ASN00023718,19780914,PRCP,50,,,a,
ASN00023718,19780915,PRCP,20,,,a,
ASN00023718,19780916,PRCP,0,,,a,
ASN00023718,19780917,PRCP,0,,,a,
ASN00023718,19780918,PRCP,78,,,a,
ASN00023718,19780919,PRCP,24,,,a,
ASN00023718,19780920,PRCP,0,,,a,
ASN00023718,19780921,PRCP,42,,,a,
ASN00023718,19780922,PRCP,94,,,a,
ASN00023718,19780923,PRCP,0,,,a,
ASN00023718,19780924,PRCP,0,,,a,
ASN00023718,19780925,PRCP,34,,,a,
ASN00023718,19780926,PRCP,30,,,a,
ASN00023718,19780927,PRCP,38,,,a,
ASN00023718,19780928,PRCP,334,,,a,
ASN00023718,19780929,PRCP,6,,,a,
ASN00023718,19780930,PRCP,0,,,a,
ASN00023718,19780904,DAPR,3,,,a,
ASN00023718,19780904,DWPR,1,,,a,
ASN00023718,19780904,MDPR,144,,,a,
ASN00023718,19781001,PRCP,0,,,a,
ASN00023718,19781002,PRCP,0,,,a,
ASN00023718,19781003,PRCP,12,,,a,
ASN00023718,19781004,PRCP,0,,,a,
ASN00023718,19781005,PRCP,0,,,a,
ASN00023718,19781006,PRCP,0,,,a,
ASN00023718,19781007,PRCP,0,,,a,
ASN00023718,19781008,PRCP,0,,,a,
ASN00023718,19781009,PRCP,0,,,a,
ASN00023718,19781010,PRCP,0,,,a,
ASN00023718,19781011,PRCP,0,,,a,
ASN00023718,19781012,PRCP,0,,,a,
ASN00023718,19781013,PRCP,48,,,a,
ASN00023718,19781017,PRCP,50,,,a,
ASN00023718,19781018,PRCP,14,,,a,
ASN00023718,19781019,PRCP,0,,,a,
ASN00023718,19781020,PRCP,0,,,a,
ASN00023718,19781021,PRCP,0,,,a,
ASN00023718,19781022,PRCP,0,,,a,
ASN00023718,19781023,PRCP,0,,,a,
ASN00023718,19781024,PRCP,0,,,a,
ASN00023718,19781025,PRCP,0,,,a,
ASN00023718,19781026,PRCP,40,,,a,
ASN00023718,19781027,PRCP,52,,,a,
ASN00023718,19781028,PRCP,0,,,a,
ASN00023718,19781029,PRCP,0,,,a,
ASN00023718,19781030,PRCP,0,,,a,
ASN00023718,19781031,PRCP,6,,,a,
ASN00023718,19781016,DAPR,3,,,a,
ASN00023718,19781016,DWPR,1,,,a,
ASN00023718,19781016,MDPR,34,,,a,
ASN00023718,19781101,PRCP,0,,,a,
ASN00023718,19781102,PRCP,0,,,a,
ASN00023718,19781103,PRCP,0,,,a,
ASN00023718,19781104,PRCP,0,,,a,
ASN00023718,19781105,PRCP,0,,,a,
ASN00023718,19781106,PRCP,28,,,a,
ASN00023718,19781107,PRCP,0,,,a,
ASN00023718,19781108,PRCP,6,,,a,
ASN00023718,19781109,PRCP,0,,,a,
ASN00023718,19781110,PRCP,94,,,a,
ASN00023718,19781111,PRCP,0,,,a,
ASN00023718,19781112,PRCP,0,,,a,
ASN00023718,19781113,PRCP,2,,,a,
ASN00023718,19781114,PRCP,0,,,a,
ASN00023718,19781115,PRCP,0,,,a,
ASN00023718,19781116,PRCP,0,,,a,
ASN00023718,19781117,PRCP,0,,,a,
ASN00023718,19781121,PRCP,0,,,a,
ASN00023718,19781122,PRCP,14,,,a,
ASN00023718,19781123,PRCP,0,,,a,
ASN00023718,19781124,PRCP,0,,,a,
ASN00023718,19781125,PRCP,0,,,a,
ASN00023718,19781126,PRCP,0,,,a,
ASN00023718,19781127,PRCP,0,,,a,
ASN00023718,19781128,PRCP,0,,,a,
ASN00023718,19781129,PRCP,0,,,a,
ASN00023718,19781130,PRCP,4,,,a,
ASN00023718,19781120,DAPR,3,,,a,
ASN00023718,19781120,DWPR,1,,,a,
ASN00023718,19781120,MDPR,282,,,a,
ASN00023718,19781201,PRCP,0,,,a,
ASN00023718,19781202,PRCP,0,,,a,
ASN00023718,19781203,PRCP,0,,,a,
ASN00023718,19781204,PRCP,120,,,a,
ASN00023718,19781205,PRCP,0,,,a,
ASN00023718,19781206,PRCP,4,,,a,
ASN00023718,19781207,PRCP,0,,,a,
ASN00023718,19781208,PRCP,0,,,a,
ASN00023718,19781209,PRCP,0,,,a,
ASN00023718,19781210,PRCP,0,,,a,
ASN00023718,19781211,PRCP,24,,,a,
ASN00023718,19781212,PRCP,0,,,a,
ASN00023718,19781213,PRCP,0,,,a,
ASN00023718,19781214,PRCP,0,,,a,
ASN00023718,19781215,PRCP,0,,,a,
ASN00023718,19781216,PRCP,0,,,a,
ASN00023718,19781217,PRCP,0,,,a,
ASN00023718,19781218,PRCP,0,,,a,
ASN00023718,19781219,PRCP,0,,,a,
ASN00023718,19781220,PRCP,0,,,a,
ASN00023718,19781221,PRCP,0,,,a,
ASN00023718,19781222,PRCP,0,,,a,
ASN00023718,19781228,PRCP,0,,,a,
ASN00023718,19781229,PRCP,0,,,a,
ASN00023718,19781230,PRCP,0,,,a,
ASN00023718,19781231,PRCP,0,,,a,
ASN00023718,19781227,DAPR,5,,,a,
ASN00023718,19781227,DWPR,1,,,a,
ASN00023718,19781227,MDPR,14,,,a,
ASN00023718,19790101,PRCP,0,,,a,
ASN00023718,19790102,PRCP,0,,,a,
ASN00023718,19790103,PRCP,0,,,a,
ASN00023718,19790104,PRCP,0,,,a,
ASN00023718,19790105,PRCP,0,,,a,
ASN00023718,19790106,PRCP,0,,,a,
ASN00023718,19790107,PRCP,0,,,a,
ASN00023718,19790108,PRCP,0,,,a,
ASN00023718,19790109,PRCP,0,,,a,
ASN00023718,19790110,PRCP,0,,,a,
ASN00023718,19790111,PRCP,0,,,a,
ASN00023718,19790112,PRCP,0,,,a,
ASN00023718,19790113,PRCP,0,,,a,
ASN00023718,19790114,PRCP,0,,,a,
ASN00023718,19790115,PRCP,0,,,a,
ASN00023718,19790116,PRCP,0,,,a,
ASN00023718,19790117,PRCP,74,,,a,
ASN00023718,19790118,PRCP,0,,,a,
ASN00023718,19790119,PRCP,0,,,a,
ASN00023718,19790123,PRCP,0,,,a,
ASN00023718,19790124,PRCP,0,,,a,
ASN00023718,19790125,PRCP,0,,,a,
ASN00023718,19790126,PRCP,0,,,a,
ASN00023718,19790127,PRCP,0,,,a,
ASN00023718,19790128,PRCP,0,,,a,
ASN00023718,19790129,PRCP,0,,,a,
ASN00023718,19790130,PRCP,0,,,a,
ASN00023718,19790131,PRCP,0,,,a,
ASN00023718,19790122,DAPR,3,,,a,
ASN00023718,19790122,DWPR,1,,,a,
ASN00023718,19790122,MDPR,220,,,a,
ASN00023718,19790201,PRCP,0,,,a,
ASN00023718,19790202,PRCP,0,,,a,
ASN00023718,19790203,PRCP,0,,,a,
ASN00023718,19790204,PRCP,0,,,a,
ASN00023718,19790205,PRCP,26,,,a,
ASN00023718,19790206,PRCP,0,,,a,
ASN00023718,19790207,PRCP,0,,,a,
ASN00023718,19790208,PRCP,0,,,a,
ASN00023718,19790209,PRCP,0,,,a,
ASN00023718,19790210,PRCP,0,,,a,
ASN00023718,19790211,PRCP,0,,,a,
ASN00023718,19790212,PRCP,0,,,a,
ASN00023718,19790213,PRCP,0,,,a,
ASN00023718,19790214,PRCP,144,,,a,
ASN00023718,19790215,PRCP,14,,,a,
ASN00023718,19790216,PRCP,0,,,a,
ASN00023718,19790217,PRCP,0,,,a,
ASN00023718,19790218,PRCP,0,,,a,
ASN00023718,19790219,PRCP,0,,,a,
ASN00023718,19790220,PRCP,0,,,a,
ASN00023718,19790221,PRCP,0,,,a,
ASN00023718,19790222,PRCP,4,,,a,
ASN00023718,19790223,PRCP,6,,,a,
ASN00023718,19790224,PRCP,0,,,a,
ASN00023718,19790225,PRCP,0,,,a,
ASN00023718,19790226,PRCP,90,,,a,
ASN00023718,19790227,PRCP,0,,,a,
ASN00023718,19790228,PRCP,0,,,a,
ASN00023718,19790301,PRCP,0,,,a,
ASN00023718,19790302,PRCP,72,,,a,
ASN00023718,19790303,PRCP,0,,,a,
ASN00023718,19790304,PRCP,0,,,a,
ASN00023718,19790305,PRCP,0,,,a,
ASN00023718,19790306,PRCP,22,,,a,
ASN00023718,19790307,PRCP,0,,,a,
ASN00023718,19790308,PRCP,0,,,a,
ASN00023718,19790309,PRCP,0,,,a,
ASN00023718,19790310,PRCP,0,,,a,
ASN00023718,19790311,PRCP,0,,,a,
ASN00023718,19790312,PRCP,0,,,a,
ASN00023718,19790313,PRCP,0,,,a,
ASN00023718,19790314,PRCP,0,,,a,
ASN00023718,19790315,PRCP,0,,,a,
ASN00023718,19790316,PRCP,0,,,a,
ASN00023718,19790317,PRCP,0,,,a,
ASN00023718,19790318,PRCP,0,,,a,
ASN00023718,19790319,PRCP,4,,,a,
ASN00023718,19790320,PRCP,0,,,a,
ASN00023718,19790321,PRCP,10,,,a,
ASN00023718,19790322,PRCP,0,,,a,
ASN00023718,19790323,PRCP,0,,,a,
ASN00023718,19790324,PRCP,0,,,a,
ASN00023718,19790325,PRCP,0,,,a,
ASN00023718,19790326,PRCP,26,,,a,
ASN00023718,19790327,PRCP,0,,,a,
ASN00023718,19790328,PRCP,0,,,a,
ASN00023718,19790329,PRCP,0,,,a,
ASN00023718,19790330,PRCP,0,,,a,
ASN00023718,19790331,PRCP,0,,,a,
ASN00023718,19790403,PRCP,120,,,a,
ASN00023718,19790404,PRCP,0,,,a,
ASN00023718,19790405,PRCP,0,,,a,
ASN00023718,19790406,PRCP,0,,,a,
ASN00023718,19790410,PRCP,0,,,a,
ASN00023718,19790411,PRCP,0,,,a,
ASN00023718,19790412,PRCP,0,,,a,
ASN00023718,19790413,PRCP,0,,,a,
ASN00023718,19790414,PRCP,0,,,a,
ASN00023718,19790415,PRCP,0,,,a,
ASN00023718,19790416,PRCP,0,,,a,
ASN00023718,19790417,PRCP,112,,,a,
ASN00023718,19790418,PRCP,40,,,a,
ASN00023718,19790419,PRCP,30,,,a,
ASN00023718,19790420,PRCP,4,,,a,
ASN00023718,19790424,PRCP,0,,,a,
ASN00023718,19790427,PRCP,10,,,a,
ASN00023718,19790428,PRCP,0,,,a,
ASN00023718,19790429,PRCP,0,,,a,
ASN00023718,19790430,PRCP,0,,,a,
ASN00023718,19790402,DAPR,2,,,a,
ASN00023718,19790409,DAPR,3,,,a,
ASN00023718,19790423,DAPR,3,,,a,
ASN00023718,19790426,DAPR,2,,,a,
ASN00023718,19790402,DWPR,1,,,a,
ASN00023718,19790409,DWPR,1,,,a,
ASN00023718,19790423,DWPR,1,,,a,
ASN00023718,19790426,DWPR,1,,,a,
ASN00023718,19790402,MDPR,50,,,a,
ASN00023718,19790409,MDPR,36,,,a,
ASN00023718,19790423,MDPR,30,,,a,
ASN00023718,19790426,MDPR,76,,,a,
ASN00023718,19790501,PRCP,0,,,a,
ASN00023718,19790502,PRCP,0,,,a,
ASN00023718,19790503,PRCP,22,,,a,
ASN00023718,19790504,PRCP,30,,,a,
ASN00023718,19790505,PRCP,0,,,a,
ASN00023718,19790506,PRCP,0,,,a,
ASN00023718,19790507,PRCP,0,,,a,
ASN00023718,19790508,PRCP,0,,,a,
ASN00023718,19790509,PRCP,0,,,a,
ASN00023718,19790510,PRCP,20,,,a,
ASN00023718,19790511,PRCP,10,,,a,
ASN00023718,19790512,PRCP,0,,,a,
ASN00023718,19790513,PRCP,0,,,a,
ASN00023718,19790514,PRCP,0,,,a,
ASN00023718,19790515,PRCP,0,,,a,
ASN00023718,19790516,PRCP,0,,,a,
ASN00023718,19790517,PRCP,0,,,a,
ASN00023718,19790518,PRCP,0,,,a,
ASN00023718,19790519,PRCP,0,,,a,
ASN00023718,19790520,PRCP,0,,,a,
ASN00023718,19790521,PRCP,0,,,a,
ASN00023718,19790522,PRCP,60,,,a,
ASN00023718,19790523,PRCP,34,,,a,
ASN00023718,19790524,PRCP,0,,,a,
ASN00023718,19790525,PRCP,14,,,a,
ASN00023718,19790529,PRCP,8,,,a,
ASN00023718,19790530,PRCP,32,,,a,
ASN00023718,19790531,PRCP,12,,,a,
ASN00023718,19790528,DAPR,3,,,a,
ASN00023718,19790528,DWPR,1,,,a,
ASN00023718,19790528,MDPR,120,,,a,
ASN00023718,19790601,PRCP,0,,,a,
ASN00023718,19790602,PRCP,0,,,a,
ASN00023718,19790603,PRCP,0,,,a,
ASN00023718,19790604,PRCP,0,,,a,
ASN00023718,19790605,PRCP,0,,,a,
ASN00023718,19790606,PRCP,0,,,a,
ASN00023718,19790607,PRCP,0,,,a,
ASN00023718,19790608,PRCP,58,,,a,
ASN00023718,19790612,PRCP,4,,,a,
ASN00023718,19790613,PRCP,0,,,a,
ASN00023718,19790614,PRCP,4,,,a,
ASN00023718,19790615,PRCP,30,,,a,
ASN00023718,19790616,PRCP,0,,,a,
ASN00023718,19790617,PRCP,0,,,a,
ASN00023718,19790618,PRCP,0,,,a,
ASN00023718,19790619,PRCP,38,,,a,
ASN00023718,19790620,PRCP,0,,,a,
ASN00023718,19790621,PRCP,0,,,a,
ASN00023718,19790622,PRCP,0,,,a,
ASN00023718,19790623,PRCP,0,,,a,
ASN00023718,19790624,PRCP,0,,,a,
ASN00023718,19790625,PRCP,0,,,a,
ASN00023718,19790626,PRCP,28,,,a,
ASN00023718,19790627,PRCP,0,,,a,
ASN00023718,19790628,PRCP,36,,,a,
ASN00023718,19790629,PRCP,20,,,a,
ASN00023718,19790630,PRCP,0,,,a,
ASN00023718,19790611,DAPR,3,,,a,
ASN00023718,19790611,DWPR,1,,,a,
ASN00023718,19790611,MDPR,54,,,a,
ASN00023718,19790703,PRCP,38,,,a,
ASN00023718,19790704,PRCP,0,,,a,
ASN00023718,19790705,PRCP,16,,,a,
ASN00023718,19790706,PRCP,2,,,a,
ASN00023718,19790710,PRCP,32,,,a,
ASN00023718,19790711,PRCP,0,,,a,
ASN00023718,19790712,PRCP,0,,,a,
ASN00023718,19790713,PRCP,16,,,a,
ASN00023718,19790714,PRCP,0,,,a,
ASN00023718,19790715,PRCP,0,,,a,
ASN00023718,19790716,PRCP,0,,,a,
ASN00023718,19790717,PRCP,0,,,a,
ASN00023718,19790718,PRCP,50,,,a,
ASN00023718,19790719,PRCP,38,,,a,
ASN00023718,19790720,PRCP,0,,,a,
ASN00023718,19790724,PRCP,2,,,a,
ASN00023718,19790725,PRCP,0,,,a,
ASN00023718,19790726,PRCP,0,,,a,
ASN00023718,19790727,PRCP,32,,,a,
ASN00023718,19790731,PRCP,6,,,a,
ASN00023718,19790702,DAPR,2,,,a,
ASN00023718,19790709,DAPR,3,,,a,
ASN00023718,19790723,DAPR,3,,,a,
ASN00023718,19790730,DAPR,3,,,a,
ASN00023718,19790702,DWPR,1,,,a,
ASN00023718,19790709,DWPR,1,,,a,
ASN00023718,19790723,DWPR,1,,,a,
ASN00023718,19790730,DWPR,1,,,a,
ASN00023718,19790702,MDPR,92,,,a,
ASN00023718,19790709,MDPR,22,,,a,
ASN00023718,19790723,MDPR,220,,,a,
ASN00023718,19790730,MDPR,2,,,a,
ASN00023718,19790801,PRCP,44,,,a,
ASN00023718,19790802,PRCP,4,,,a,
ASN00023718,19790803,PRCP,0,,,a,
ASN00023718,19790807,PRCP,64,,,a,
ASN00023718,19790808,PRCP,30,,,a,
ASN00023718,19790809,PRCP,42,,,a,
ASN00023718,19790810,PRCP,10,,,a,
ASN00023718,19790814,PRCP,0,,,a,
ASN00023718,19790815,PRCP,0,,,a,
ASN00023718,19790816,PRCP,22,,,a,
ASN00023718,19790817,PRCP,4,,,a,
ASN00023718,19790821,PRCP,0,,,a,
ASN00023718,19790822,PRCP,0,,,a,
ASN00023718,19790823,PRCP,0,,,a,
ASN00023718,19790824,PRCP,0,,,a,
ASN00023718,19790828,PRCP,20,,,a,
ASN00023718,19790829,PRCP,0,,,a,
ASN00023718,19790830,PRCP,0,,,a,
ASN00023718,19790831,PRCP,30,,,a,
ASN00023718,19790806,DAPR,3,,,a,
ASN00023718,19790813,DAPR,3,,,a,
ASN00023718,19790820,DAPR,3,,,a,
ASN00023718,19790827,DAPR,3,,,a,
ASN00023718,19790806,DWPR,1,,,a,
ASN00023718,19790813,DWPR,1,,,a,
ASN00023718,19790820,DWPR,1,,,a,
ASN00023718,19790827,DWPR,1,,,a,
ASN00023718,19790806,MDPR,28,,,a,
ASN00023718,19790813,MDPR,132,,,a,
ASN00023718,19790820,MDPR,50,,,a,
ASN00023718,19790827,MDPR,220,,,a,
ASN00023718,19790901,PRCP,0,,,a,
ASN00023718,19790902,PRCP,0,,,a,
ASN00023718,19790903,PRCP,90,,,a,
ASN00023718,19790904,PRCP,40,,,a,
ASN00023718,19790905,PRCP,0,,,a,
ASN00023718,19790906,PRCP,30,,,a,
ASN00023718,19790907,PRCP,32,,,a,
ASN00023718,19790911,PRCP,24,,,a,
ASN00023718,19790912,PRCP,110,,,a,
ASN00023718,19790913,PRCP,10,,,a,
ASN00023718,19790914,PRCP,0,,,a,
ASN00023718,19790915,PRCP,0,,,a,
ASN00023718,19790916,PRCP,0,,,a,
ASN00023718,19790917,PRCP,0,,,a,
ASN00023718,19790918,PRCP,0,,,a,
ASN00023718,19790919,PRCP,0,,,a,
ASN00023718,19790920,PRCP,0,,,a,
ASN00023718,19790921,PRCP,0,,,a,
ASN00023718,19790922,PRCP,0,,,a,
ASN00023718,19790923,PRCP,0,,,a,
ASN00023718,19790924,PRCP,46,,,a,
ASN00023718,19790925,PRCP,144,,,a,
ASN00023718,19790926,PRCP,0,,,a,
ASN00023718,19790927,PRCP,0,,,a,
ASN00023718,19790928,PRCP,64,,,a,
ASN00023718,19790910,DAPR,3,,,a,
ASN00023718,19790930,DAPR,2,,,a,
ASN00023718,19790910,DWPR,1,,,a,
ASN00023718,19790930,DWPR,1,,,a,
ASN00023718,19790910,MDPR,42,,,a,
ASN00023718,19790930,MDPR,96,,,a,
ASN00023718,19791001,PRCP,0,,,a,
ASN00023718,19791002,PRCP,0,,,a,
ASN00023718,19791003,PRCP,72,,,a,
ASN00023718,19791004,PRCP,6,,,a,
ASN00023718,19791005,PRCP,0,,,a,
ASN00023718,19791010,PRCP,170,,,a,
ASN00023718,19791011,PRCP,18,,,a,
ASN00023718,19791012,PRCP,38,,,a,
ASN00023718,19791013,PRCP,0,,,a,
ASN00023718,19791014,PRCP,122,,,a,
ASN00023718,19791015,PRCP,0,,,a,
ASN00023718,19791016,PRCP,0,,,a,
ASN00023718,19791017,PRCP,6,,,a,
ASN00023718,19791018,PRCP,0,,,a,
ASN00023718,19791019,PRCP,0,,,a,
ASN00023718,19791020,PRCP,0,,,a,
ASN00023718,19791021,PRCP,0,,,a,
ASN00023718,19791022,PRCP,0,,,a,
ASN00023718,19791023,PRCP,4,,,a,
ASN00023718,19791024,PRCP,0,,,a,
ASN00023718,19791025,PRCP,0,,,a,
ASN00023718,19791026,PRCP,0,,,a,
ASN00023718,19791027,PRCP,0,,,a,
ASN00023718,19791028,PRCP,0,,,a,
ASN00023718,19791029,PRCP,10,,,a,
ASN00023718,19791030,PRCP,0,,,a,
ASN00023718,19791031,PRCP,0,,,a,
ASN00023718,19791009,DAPR,4,,,a,
ASN00023718,19791009,DWPR,1,,,a,
ASN00023718,19791009,MDPR,100,,,a,
ASN00023718,19791101,PRCP,0,,,a,
ASN00023718,19791102,PRCP,0,,,a,
ASN00023718,19791103,PRCP,0,,,a,
ASN00023718,19791104,PRCP,0,,,a,
ASN00023718,19791105,PRCP,0,,,a,
ASN00023718,19791106,PRCP,0,,,a,
ASN00023718,19791107,PRCP,0,,,a,
ASN00023718,19791108,PRCP,0,,,a,
ASN00023718,19791109,PRCP,0,,,a,
ASN00023718,19791113,PRCP,0,,,a,
ASN00023718,19791114,PRCP,12,,,a,
ASN00023718,19791115,PRCP,250,,,a,
ASN00023718,19791116,PRCP,12,,,a,
ASN00023718,19791120,PRCP,10,,,a,
ASN00023718,19791121,PRCP,18,,,a,
ASN00023718,19791122,PRCP,0,,,a,
ASN00023718,19791123,PRCP,4,,,a,
ASN00023718,19791127,PRCP,0,,,a,
ASN00023718,19791128,PRCP,0,,,a,
ASN00023718,19791129,PRCP,0,,,a,
ASN00023718,19791130,PRCP,0,,,a,
ASN00023718,19791112,DAPR,3,,,a,
ASN00023718,19791119,DAPR,3,,,a,
ASN00023718,19791126,DAPR,3,,,a,
ASN00023718,19791112,DWPR,1,,,a,
ASN00023718,19791119,DWPR,1,,,a,
ASN00023718,19791126,DWPR,1,,,a,
ASN00023718,19791112,MDPR,20,,,a,
ASN00023718,19791119,MDPR,42,,,a,
ASN00023718,19791126,MDPR,10,,,a,
ASN00023718,19791201,PRCP,0,,,a,
ASN00023718,19791202,PRCP,0,,,a,
ASN00023718,19791203,PRCP,4,,,a,
ASN00023718,19791204,PRCP,0,,,a,
ASN00023718,19791205,PRCP,0,,,a,
ASN00023718,19791206,PRCP,0,,,a,
ASN00023718,19791207,PRCP,0,,,a,
ASN00023718,19791208,PRCP,0,,,a,
ASN00023718,19791209,PRCP,0,,,a,
ASN00023718,19791210,PRCP,0,,,a,
ASN00023718,19791211,PRCP,0,,,a,
ASN00023718,19791212,PRCP,0,,,a,
ASN00023718,19791213,PRCP,30,,,a,
ASN00023718,19791214,PRCP,0,,,a,
ASN00023718,19791215,PRCP,0,,,a,
ASN00023718,19791216,PRCP,0,,,a,
ASN00023718,19791217,PRCP,0,,,a,
ASN00023718,19791218,PRCP,0,,,a,
ASN00023718,19791219,PRCP,0,,,a,
ASN00023718,19791220,PRCP,0,,,a,
ASN00023718,19791221,PRCP,2,,,a,
ASN00023718,19791222,PRCP,0,,,a,
ASN00023718,19791223,PRCP,0,,,a,
ASN00023718,19791224,PRCP,16,,,a,
ASN00023718,19791225,PRCP,0,,,a,
ASN00023718,19791226,PRCP,0,,,a,
ASN00023718,19791227,PRCP,0,,,a,
ASN00023718,19791228,PRCP,0,,,a,
ASN00023718,19791231,DAPR,3,,,a,
ASN00023718,19791231,DWPR,1,,,a,
ASN00023718,19791231,MDPR,136,,,a,
ASN00023718,19800101,PRCP,0,,,a,
ASN00023718,19800102,PRCP,0,,,a,
ASN00023718,19800103,PRCP,0,,,a,
ASN00023718,19800104,PRCP,0,,,a,
ASN00023718,19800105,PRCP,0,,,a,
ASN00023718,19800106,PRCP,0,,,a,
ASN00023718,19800107,PRCP,0,,,a,
ASN00023718,19800108,PRCP,0,,,a,
ASN00023718,19800109,PRCP,0,,,a,
ASN00023718,19800110,PRCP,0,,,a,
ASN00023718,19800111,PRCP,0,,,a,
ASN00023718,19800115,PRCP,8,,,a,
ASN00023718,19800116,PRCP,0,,,a,
ASN00023718,19800117,PRCP,0,,,a,
ASN00023718,19800118,PRCP,0,,,a,
ASN00023718,19800122,PRCP,0,,,a,
ASN00023718,19800123,PRCP,0,,,a,
ASN00023718,19800124,PRCP,0,,,a,
ASN00023718,19800125,PRCP,0,,,a,
ASN00023718,19800126,PRCP,0,,,a,
ASN00023718,19800127,PRCP,0,,,a,
ASN00023718,19800128,PRCP,0,,,a,
ASN00023718,19800129,PRCP,0,,,a,
ASN00023718,19800130,PRCP,0,,,a,
ASN00023718,19800131,PRCP,0,,,a,
ASN00023718,19800114,DAPR,3,,,a,
ASN00023718,19800121,DAPR,3,,,a,
ASN00023718,19800114,DWPR,1,,,a,
ASN00023718,19800121,DWPR,1,,,a,
ASN00023718,19800114,MDPR,34,,,a,
ASN00023718,19800121,MDPR,10,,,a,
ASN00023718,19800201,PRCP,0,,,a,
ASN00023718,19800202,PRCP,0,,,a,
ASN00023718,19800203,PRCP,0,,,a,
ASN00023718,19800204,PRCP,0,,,a,
ASN00023718,19800205,PRCP,0,,,a,
ASN00023718,19800206,PRCP,8,,,a,
ASN00023718,19800207,PRCP,0,,,a,
ASN00023718,19800208,PRCP,0,,,a,
ASN00023718,19800209,PRCP,0,,,a,
ASN00023718,19800210,PRCP,0,,,a,
ASN00023718,19800211,PRCP,0,,,a,
ASN00023718,19800212,PRCP,0,,,a,
ASN00023718,19800213,PRCP,0,,,a,
ASN00023718,19800214,PRCP,0,,,a,
ASN00023718,19800215,PRCP,0,,,a,
ASN00023718,19800216,PRCP,0,,,a,
ASN00023718,19800217,PRCP,0,,,a,
ASN00023718,19800218,PRCP,0,,,a,
ASN00023718,19800219,PRCP,0,,,a,
ASN00023718,19800220,PRCP,0,,,a,
ASN00023718,19800221,PRCP,0,,,a,
ASN00023718,19800222,PRCP,0,,,a,
ASN00023718,19800226,PRCP,0,,,a,
ASN00023718,19800227,PRCP,8,,,a,
ASN00023718,19800228,PRCP,0,,,a,
ASN00023718,19800229,PRCP,0,,,a,
ASN00023718,19800225,DAPR,3,,,a,
ASN00023718,19800225,DWPR,1,,,a,
ASN00023718,19800225,MDPR,6,,,a,
ASN00023718,19800301,PRCP,0,,,a,
ASN00023718,19800302,PRCP,0,,,a,
ASN00023718,19800303,PRCP,0,,,a,
ASN00023718,19800304,PRCP,0,,,a,
ASN00023718,19800305,PRCP,12,,,a,
ASN00023718,19800306,PRCP,0,,,a,
ASN00023718,19800307,PRCP,2,,,a,
ASN00023718,19800308,PRCP,0,,,a,
ASN00023718,19800309,PRCP,0,,,a,
ASN00023718,19800310,PRCP,0,,,a,
ASN00023718,19800311,PRCP,0,,,a,
ASN00023718,19800312,PRCP,0,,,a,
ASN00023718,19800313,PRCP,0,,,a,
ASN00023718,19800314,PRCP,0,,,a,
ASN00023718,19800315,PRCP,0,,,a,
ASN00023718,19800316,PRCP,0,,,a,
ASN00023718,19800317,PRCP,0,,,a,
ASN00023718,19800318,PRCP,0,,,a,
ASN00023718,19800319,PRCP,0,,,a,
ASN00023718,19800320,PRCP,0,,,a,
ASN00023718,19800321,PRCP,0,,,a,
ASN00023718,19800322,PRCP,0,,,a,
ASN00023718,19800323,PRCP,0,,,a,
ASN00023718,19800324,PRCP,0,,,a,
ASN00023718,19800325,PRCP,0,,,a,
ASN00023718,19800326,PRCP,0,,,a,
ASN00023718,19800327,PRCP,0,,,a,
ASN00023718,19800328,PRCP,0,,,a,
ASN00023718,19800329,PRCP,0,,,a,
ASN00023718,19800330,PRCP,0,,,a,
ASN00023718,19800331,PRCP,0,,,a,
ASN00023718,19800401,PRCP,0,,,a,
ASN00023718,19800402,PRCP,0,,,a,
ASN00023718,19800403,PRCP,0,,,a,
ASN00023718,19800404,PRCP,0,,,a,
ASN00023718,19800405,PRCP,0,,,a,
ASN00023718,19800406,PRCP,0,,,a,
ASN00023718,19800407,PRCP,0,,,a,
ASN00023718,19800408,PRCP,0,,,a,
ASN00023718,19800409,PRCP,0,,,a,
ASN00023718,19800410,PRCP,0,,,a,
ASN00023718,19800411,PRCP,0,,,a,
ASN00023718,19800412,PRCP,0,,,a,
ASN00023718,19800413,PRCP,0,,,a,
ASN00023718,19800414,PRCP,0,,,a,
ASN00023718,19800415,PRCP,12,,,a,
ASN00023718,19800416,PRCP,0,,,a,
ASN00023718,19800417,PRCP,0,,,a,
ASN00023718,19800418,PRCP,172,,,a,
ASN00023718,19800422,PRCP,34,,,a,
ASN00023718,19800423,PRCP,78,,,a,
ASN00023718,19800424,PRCP,10,,,a,
ASN00023718,19800429,PRCP,0,,,a,
ASN00023718,19800430,PRCP,4,,,a,
ASN00023718,19800421,DAPR,3,,,a,
ASN00023718,19800428,DAPR,4,,,a,
ASN00023718,19800421,DWPR,1,,,a,
ASN00023718,19800428,DWPR,1,,,a,
ASN00023718,19800421,MDPR,542,,,a,
ASN00023718,19800428,MDPR,38,,,a,
ASN00023718,19800501,PRCP,0,,,a,
ASN00023718,19800502,PRCP,0,,,a,
ASN00023718,19800503,PRCP,0,,,a,
ASN00023718,19800504,PRCP,0,,,a,
ASN00023718,19800505,PRCP,0,,,a,
ASN00023718,19800506,PRCP,0,,,a,
ASN00023718,19800507,PRCP,24,,,a,
ASN00023718,19800508,PRCP,0,,,a,
ASN00023718,19800509,PRCP,0,,,a,
ASN00023718,19800513,PRCP,0,,,a,
ASN00023718,19800514,PRCP,0,,,a,
ASN00023718,19800515,PRCP,0,,,a,
ASN00023718,19800516,PRCP,0,,,a,
ASN00023718,19800517,PRCP,0,,,a,
ASN00023718,19800518,PRCP,0,,,a,
ASN00023718,19800519,PRCP,0,,,a,
ASN00023718,19800520,PRCP,120,,,a,
ASN00023718,19800521,PRCP,12,,,a,
ASN00023718,19800522,PRCP,0,,,a,
ASN00023718,19800523,PRCP,0,,,a,
ASN00023718,19800524,PRCP,0,,,a,
ASN00023718,19800525,PRCP,0,,,a,
ASN00023718,19800526,PRCP,0,,,a,
ASN00023718,19800527,PRCP,0,,,a,
ASN00023718,19800528,PRCP,0,,,a,
ASN00023718,19800529,PRCP,0,,,a,
ASN00023718,19800530,PRCP,0,,,a,
ASN00023718,19800531,PRCP,48,,,a,
ASN00023718,19800512,DAPR,3,,,a,
ASN00023718,19800512,DWPR,1,,,a,
ASN00023718,19800512,MDPR,62,,,a,
ASN00023718,19800603,PRCP,8,,,a,
ASN00023718,19800604,PRCP,62,,,a,
ASN00023718,19800605,PRCP,0,,,a,
ASN00023718,19800606,PRCP,0,,,a,
ASN00023718,19800610,PRCP,66,,,a,
ASN00023718,19800611,PRCP,32,,,a,
ASN00023718,19800612,PRCP,46,,,a,
ASN00023718,19800613,PRCP,0,,,a,
ASN00023718,19800618,PRCP,0,,,a,
ASN00023718,19800619,PRCP,0,,,a,
ASN00023718,19800620,PRCP,28,,,a,
ASN00023718,19800621,PRCP,0,,,a,
ASN00023718,19800622,PRCP,0,,,a,
ASN00023718,19800623,PRCP,0,,,a,
ASN00023718,19800624,PRCP,0,,,a,
ASN00023718,19800625,PRCP,0,,,a,
ASN00023718,19800626,PRCP,0,,,a,
ASN00023718,19800627,PRCP,74,,,a,
ASN00023718,19800602,DAPR,2,,,a,
ASN00023718,19800609,DAPR,3,,,a,
ASN00023718,19800617,DAPR,4,,,a,
ASN00023718,19800630,DAPR,3,,,a,
ASN00023718,19800602,DWPR,1,,,a,
ASN00023718,19800609,DWPR,1,,,a,
ASN00023718,19800617,DWPR,1,,,a,
ASN00023718,19800630,DWPR,1,,,a,
ASN00023718,19800602,MDPR,4,,,a,
ASN00023718,19800609,MDPR,58,,,a,
ASN00023718,19800617,MDPR,140,,,a,
ASN00023718,19800630,MDPR,208,,,a,
ASN00023718,19800701,PRCP,16,,,a,
ASN00023718,19800702,PRCP,30,,,a,
ASN00023718,19800703,PRCP,0,,,a,
ASN00023718,19800704,PRCP,46,,,a,
ASN00023718,19800705,PRCP,0,,,a,
ASN00023718,19800706,PRCP,0,,,a,
ASN00023718,19800707,PRCP,20,,,a,
ASN00023718,19800708,PRCP,16,,,a,
ASN00023718,19800709,PRCP,2,,,a,
ASN00023718,19800710,PRCP,16,,,a,
ASN00023718,19800711,PRCP,0,,,a,
ASN00023718,19800712,PRCP,0,,,a,
ASN00023718,19800713,PRCP,0,,,a,
ASN00023718,19800714,PRCP,10,,,a,
ASN00023718,19800715,PRCP,18,,,a,
ASN00023718,19800716,PRCP,0,,,a,
ASN00023718,19800717,PRCP,18,,,a,
ASN00023718,19800718,PRCP,10,,,a,
ASN00023718,19800719,PRCP,0,,,a,
ASN00023718,19800720,PRCP,0,,,a,
ASN00023718,19800721,PRCP,32,,,a,
ASN00023718,19800722,PRCP,36,,,a,
ASN00023718,19800723,PRCP,0,,,a,
ASN00023718,19800724,PRCP,0,,,a,
ASN00023718,19800725,PRCP,0,,,a,
ASN00023718,19800726,PRCP,0,,,a,
ASN00023718,19800727,PRCP,0,,,a,
ASN00023718,19800728,PRCP,74,,,a,
ASN00023718,19800729,PRCP,24,,,a,
ASN00023718,19800730,PRCP,4,,,a,
ASN00023718,19800731,PRCP,0,,,a,
ASN00023718,19800801,PRCP,0,,,a,
ASN00023718,19800802,PRCP,0,,,a,
ASN00023718,19800803,PRCP,0,,,a,
ASN00023718,19800804,PRCP,24,,,a,
ASN00023718,19800805,PRCP,0,,,a,
ASN00023718,19800806,PRCP,0,,,a,
ASN00023718,19800807,PRCP,62,,,a,
ASN00023718,19800808,PRCP,0,,,a,
ASN00023718,19800809,PRCP,0,,,a,
ASN00023718,19800810,PRCP,0,,,a,
ASN00023718,19800811,PRCP,24,,,a,
ASN00023718,19800812,PRCP,6,,,a,
ASN00023718,19800813,PRCP,30,,,a,
ASN00023718,19800814,PRCP,0,,,a,
ASN00023718,19800815,PRCP,76,,,a,
ASN00023718,19800816,PRCP,0,,,a,
ASN00023718,19800817,PRCP,0,,,a,
ASN00023718,19800818,PRCP,0,,,a,
ASN00023718,19800819,PRCP,0,,,a,
ASN00023718,19800820,PRCP,2,,,a,
ASN00023718,19800821,PRCP,30,,,a,
ASN00023718,19800822,PRCP,0,,,a,
ASN00023718,19800823,PRCP,0,,,a,
ASN00023718,19800824,PRCP,0,,,a,
ASN00023718,19800825,PRCP,46,,,a,
ASN00023718,19800826,PRCP,34,,,a,
ASN00023718,19800827,PRCP,0,,,a,
ASN00023718,19800828,PRCP,0,,,a,
ASN00023718,19800829,PRCP,0,,,a,
ASN00023718,19800830,PRCP,0,,,a,
ASN00023718,19800831,PRCP,0,,,a,
ASN00023718,19800901,PRCP,8,,,a,
ASN00023718,19800902,PRCP,0,,,a,
ASN00023718,19800903,PRCP,0,,,a,
ASN00023718,19800904,PRCP,0,,,a,
ASN00023718,19800905,PRCP,0,,,a,
ASN00023718,19800906,PRCP,0,,,a,
ASN00023718,19800907,PRCP,0,,,a,
ASN00023718,19800908,PRCP,0,,,a,
ASN00023718,19800909,PRCP,12,,,a,
ASN00023718,19800910,PRCP,6,,,a,
ASN00023718,19800911,PRCP,20,,,a,
ASN00023718,19800912,PRCP,0,,,a,
ASN00023718,19800913,PRCP,0,,,a,
ASN00023718,19800914,PRCP,0,,,a,
ASN00023718,19800915,PRCP,50,,,a,
ASN00023718,19800916,PRCP,4,,,a,
ASN00023718,19800917,PRCP,52,,,a,
ASN00023718,19800918,PRCP,162,,,a,
ASN00023718,19800919,PRCP,2,,,a,
ASN00023718,19800920,PRCP,0,,,a,
ASN00023718,19800921,PRCP,0,,,a,
ASN00023718,19800922,PRCP,8,,,a,
ASN00023718,19800923,PRCP,0,,,a,
ASN00023718,19800924,PRCP,0,,,a,
ASN00023718,19800925,PRCP,0,,,a,
ASN00023718,19800926,PRCP,0,,,a,
ASN00023718,19800927,PRCP,0,,,a,
ASN00023718,19800928,PRCP,0,,,a,
ASN00023718,19800929,PRCP,0,,,a,
ASN00023718,19800930,PRCP,0,,,a,
ASN00023718,19801001,PRCP,0,,,a,
ASN00023718,19801002,PRCP,0,,,a,
ASN00023718,19801003,PRCP,0,,,a,
ASN00023718,19801007,PRCP,40,,,a,
ASN00023718,19801008,PRCP,0,,,a,
ASN00023718,19801009,PRCP,0,,,a,
ASN00023718,19801010,PRCP,0,,,a,
ASN00023718,19801015,PRCP,0,,,a,
ASN00023718,19801016,PRCP,0,,,a,
ASN00023718,19801017,PRCP,0,,,a,
ASN00023718,19801021,PRCP,0,,,a,
ASN00023718,19801022,PRCP,0,,,a,
ASN00023718,19801023,PRCP,8,,,a,
ASN00023718,19801024,PRCP,0,,,a,
ASN00023718,19801028,PRCP,32,,,a,
ASN00023718,19801029,PRCP,0,,,a,
ASN00023718,19801030,PRCP,14,,,a,
ASN00023718,19801031,PRCP,8,,,a,
ASN00023718,19801006,DAPR,3,,,a,
ASN00023718,19801014,DAPR,4,,,a,
ASN00023718,19801020,DAPR,3,,,a,
ASN00023718,19801027,DAPR,3,,,a,
ASN00023718,19801006,DWPR,1,,,a,
ASN00023718,19801014,DWPR,1,,,a,
ASN00023718,19801020,DWPR,1,,,a,
ASN00023718,19801027,DWPR,1,,,a,
ASN00023718,19801006,MDPR,440,,,a,
ASN00023718,19801014,MDPR,264,,,a,
ASN00023718,19801020,MDPR,8,,,a,
ASN00023718,19801027,MDPR,26,,,a,
ASN00023718,19801104,PRCP,10,,,a,
ASN00023718,19801105,PRCP,86,,,a,
ASN00023718,19801106,PRCP,40,,,a,
ASN00023718,19801107,PRCP,38,,,a,
ASN00023718,19801108,PRCP,0,,,a,
ASN00023718,19801109,PRCP,0,,,a,
ASN00023718,19801110,PRCP,0,,,a,
ASN00023718,19801111,PRCP,0,,,a,
ASN00023718,19801112,PRCP,0,,,a,
ASN00023718,19801113,PRCP,0,,,a,
ASN00023718,19801114,PRCP,0,,,a,
ASN00023718,19801115,PRCP,0,,,a,
ASN00023718,19801116,PRCP,0,,,a,
ASN00023718,19801117,PRCP,0,,,a,
ASN00023718,19801118,PRCP,10,,,a,
ASN00023718,19801119,PRCP,18,,,a,
ASN00023718,19801120,PRCP,0,,,a,
ASN00023718,19801121,PRCP,0,,,a,
ASN00023718,19801122,PRCP,0,,,a,
ASN00023718,19801123,PRCP,0,,,a,
ASN00023718,19801124,PRCP,0,,,a,
ASN00023718,19801125,PRCP,0,,,a,
ASN00023718,19801126,PRCP,0,,,a,
ASN00023718,19801127,PRCP,0,,,a,
ASN00023718,19801128,PRCP,0,,,a,
ASN00023718,19801129,PRCP,0,,,a,
ASN00023718,19801130,PRCP,0,,,a,
ASN00023718,19801103,DAPR,3,,,a,
ASN00023718,19801103,DWPR,1,,,a,
ASN00023718,19801103,MDPR,16,,,a,
ASN00023718,19801201,PRCP,0,,,a,
ASN00023718,19801202,PRCP,28,,,a,
ASN00023718,19801203,PRCP,18,,,a,
ASN00023718,19801204,PRCP,8,,,a,
ASN00023718,19801205,PRCP,0,,,a,
ASN00023718,19801206,PRCP,0,,,a,
ASN00023718,19801207,PRCP,0,,,a,
ASN00023718,19801208,PRCP,0,,,a,
ASN00023718,19801209,PRCP,0,,,a,
ASN00023718,19801210,PRCP,0,,,a,
ASN00023718,19801211,PRCP,0,,,a,
ASN00023718,19801212,PRCP,2,,,a,
ASN00023718,19801216,PRCP,120,,,a,
ASN00023718,19801217,PRCP,52,,,a,
ASN00023718,19801218,PRCP,80,,,a,
ASN00023718,19801219,PRCP,0,,,a,
ASN00023718,19801220,PRCP,0,,,a,
ASN00023718,19801221,PRCP,0,,,a,
ASN00023718,19801222,PRCP,0,,,a,
ASN00023718,19801223,PRCP,0,,,a,
ASN00023718,19801224,PRCP,0,,,a,
ASN00023718,19801225,PRCP,0,,,a,
ASN00023718,19801226,PRCP,0,,,a,
ASN00023718,19801227,PRCP,0,,,a,
ASN00023718,19801228,PRCP,0,,,a,
ASN00023718,19801229,PRCP,0,,,a,
ASN00023718,19801230,PRCP,0,,,a,
ASN00023718,19801231,PRCP,0,,,a,
ASN00023718,19801215,DAPR,3,,,a,
ASN00023718,19801215,DWPR,1,,,a,
ASN00023718,19801215,MDPR,68,,,a,
ASN00023718,19810101,PRCP,0,,,a,
ASN00023718,19810102,PRCP,0,,,a,
ASN00023718,19810103,PRCP,0,,,a,
ASN00023718,19810104,PRCP,0,,,a,
ASN00023718,19810105,PRCP,0,,,a,
ASN00023718,19810106,PRCP,0,,,a,
ASN00023718,19810107,PRCP,0,,,a,
ASN00023718,19810108,PRCP,0,,,a,
ASN00023718,19810109,PRCP,18,,,a,
ASN00023718,19810113,PRCP,0,,,a,
ASN00023718,19810114,PRCP,0,,,a,
ASN00023718,19810115,PRCP,0,,,a,
ASN00023718,19810116,PRCP,0,,,a,
ASN00023718,19810117,PRCP,0,,,a,
ASN00023718,19810118,PRCP,0,,,a,
ASN00023718,19810119,PRCP,0,,,a,
ASN00023718,19810120,PRCP,0,,,a,
ASN00023718,19810121,PRCP,0,,,a,
ASN00023718,19810122,PRCP,0,,,a,
ASN00023718,19810123,PRCP,0,,,a,
ASN00023718,19810128,PRCP,20,,,a,
ASN00023718,19810129,PRCP,0,,,a,
ASN00023718,19810130,PRCP,0,,,a,
ASN00023718,19810131,PRCP,0,,,a,
ASN00023718,19810112,DAPR,3,,,a,
ASN00023718,19810127,DAPR,4,,,a,
ASN00023718,19810112,DWPR,1,,,a,
ASN00023718,19810127,DWPR,1,,,a,
ASN00023718,19810112,MDPR,30,,,a,
ASN00023718,19810127,MDPR,464,,,a,
ASN00023718,19810201,PRCP,0,,,a,
ASN00023718,19810202,PRCP,0,,,a,
ASN00023718,19810203,PRCP,0,,,a,
ASN00023718,19810204,PRCP,6,,,a,
ASN00023718,19810205,PRCP,20,,,a,
ASN00023718,19810206,PRCP,8,,,a,
ASN00023718,19810207,PRCP,0,,,a,
ASN00023718,19810208,PRCP,0,,,a,
ASN00023718,19810209,PRCP,0,,,a,
ASN00023718,19810210,PRCP,0,,,a,
ASN00023718,19810211,PRCP,4,,,a,
ASN00023718,19810212,PRCP,0,,,a,
ASN00023718,19810213,PRCP,0,,,a,
ASN00023718,19810217,PRCP,0,,,a,
ASN00023718,19810218,PRCP,0,,,a,
ASN00023718,19810219,PRCP,0,,,a,
ASN00023718,19810220,PRCP,0,,,a,
ASN00023718,19810221,PRCP,0,,,a,
ASN00023718,19810222,PRCP,0,,,a,
ASN00023718,19810223,PRCP,0,,,a,
ASN00023718,19810224,PRCP,0,,,a,
ASN00023718,19810225,PRCP,0,,,a,
ASN00023718,19810226,PRCP,0,,,a,
ASN00023718,19810227,PRCP,0,,,a,
ASN00023718,19810228,PRCP,0,,,a,
ASN00023718,19810216,DAPR,3,,,a,
ASN00023718,19810216,DWPR,1,,,a,
ASN00023718,19810216,MDPR,60,,,a,
ASN00023718,19810303,PRCP,16,,,a,
ASN00023718,19810304,PRCP,6,,,a,
ASN00023718,19810305,PRCP,0,,,a,
ASN00023718,19810306,PRCP,0,,,a,
ASN00023718,19810310,PRCP,4,,,a,
ASN00023718,19810311,PRCP,30,,,a,
ASN00023718,19810312,PRCP,0,,,a,
ASN00023718,19810313,PRCP,20,,,a,
ASN00023718,19810314,PRCP,0,,,a,
ASN00023718,19810315,PRCP,0,,,a,
ASN00023718,19810316,PRCP,0,,,a,
ASN00023718,19810317,PRCP,0,,,a,
ASN00023718,19810318,PRCP,0,,,a,
ASN00023718,19810319,PRCP,0,,,a,
ASN00023718,19810320,PRCP,14,,,a,
ASN00023718,19810321,PRCP,0,,,a,
ASN00023718,19810322,PRCP,0,,,a,
ASN00023718,19810323,PRCP,0,,,a,
ASN00023718,19810324,PRCP,0,,,a,
ASN00023718,19810325,PRCP,0,,,a,
ASN00023718,19810326,PRCP,0,,,a,
ASN00023718,19810327,PRCP,14,,,a,
ASN00023718,19810331,PRCP,0,,,a,
ASN00023718,19810302,DAPR,2,,,a,
ASN00023718,19810309,DAPR,3,,,a,
ASN00023718,19810330,DAPR,3,,,a,
ASN00023718,19810302,DWPR,1,,,a,
ASN00023718,19810309,DWPR,1,,,a,
ASN00023718,19810330,DWPR,1,,,a,
ASN00023718,19810302,MDPR,224,,,a,
ASN00023718,19810309,MDPR,22,,,a,
ASN00023718,19810330,MDPR,16,,,a,
ASN00023718,19810401,PRCP,0,,,a,
ASN00023718,19810402,PRCP,0,,,a,
ASN00023718,19810403,PRCP,6,,,a,
ASN00023718,19810407,PRCP,0,,,a,
ASN00023718,19810408,PRCP,0,,,a,
ASN00023718,19810409,PRCP,0,,,a,
ASN00023718,19810410,PRCP,0,,,a,
ASN00023718,19810414,PRCP,0,,,a,
ASN00023718,19810415,PRCP,0,,,a,
ASN00023718,19810416,PRCP,0,,,a,
ASN00023718,19810417,PRCP,0,,,a,
ASN00023718,19810418,PRCP,0,,,a,
ASN00023718,19810419,PRCP,0,,,a,
ASN00023718,19810420,PRCP,0,,,a,
ASN00023718,19810421,PRCP,0,,,a,
ASN00023718,19810422,PRCP,0,,,a,
ASN00023718,19810423,PRCP,2,,,a,
ASN00023718,19810424,PRCP,0,,,a,
ASN00023718,19810425,PRCP,0,,,a,
ASN00023718,19810426,PRCP,0,,,a,
ASN00023718,19810427,PRCP,0,,,a,
ASN00023718,19810428,PRCP,0,,,a,
ASN00023718,19810429,PRCP,0,,,a,
ASN00023718,19810430,PRCP,0,,,a,
ASN00023718,19810406,DAPR,3,,,a,
ASN00023718,19810413,DAPR,3,,,a,
ASN00023718,19810406,DWPR,1,,,a,
ASN00023718,19810413,DWPR,1,,,a,
ASN00023718,19810406,MDPR,24,,,a,
ASN00023718,19810413,MDPR,18,,,a,
ASN00023718,19810501,PRCP,0,,,a,
ASN00023718,19810502,PRCP,0,,,a,
ASN00023718,19810503,PRCP,0,,,a,
ASN00023718,19810504,PRCP,0,,,a,
ASN00023718,19810505,PRCP,0,,,a,
ASN00023718,19810506,PRCP,32,,,a,
ASN00023718,19810507,PRCP,18,,,a,
ASN00023718,19810508,PRCP,0,,,a,
ASN00023718,19810509,PRCP,0,,,a,
ASN00023718,19810510,PRCP,0,,,a,
ASN00023718,19810511,PRCP,28,,,a,
ASN00023718,19810512,PRCP,0,,,a,
ASN00023718,19810513,PRCP,0,,,a,
ASN00023718,19810514,PRCP,0,,,a,
ASN00023718,19810515,PRCP,0,,,a,
ASN00023718,19810516,PRCP,0,,,a,
ASN00023718,19810517,PRCP,0,,,a,
ASN00023718,19810518,PRCP,0,,,a,
ASN00023718,19810519,PRCP,12,,,a,
ASN00023718,19810520,PRCP,0,,,a,
ASN00023718,19810521,PRCP,0,,,a,
ASN00023718,19810522,PRCP,22,,,a,
ASN00023718,19810523,PRCP,0,,,a,
ASN00023718,19810524,PRCP,0,,,a,
ASN00023718,19810525,PRCP,64,,,a,
ASN00023718,19810526,PRCP,2,,,a,
ASN00023718,19810527,PRCP,38,,,a,
ASN00023718,19810528,PRCP,16,,,a,
ASN00023718,19810529,PRCP,0,,,a,
ASN00023718,19810530,PRCP,0,,,a,
ASN00023718,19810531,PRCP,0,,,a,
ASN00023718,19810601,PRCP,350,,,a,
ASN00023718,19810602,PRCP,152,,,a,
ASN00023718,19810603,PRCP,0,,,a,
ASN00023718,19810604,PRCP,18,,,a,
ASN00023718,19810605,PRCP,60,,,a,
ASN00023718,19810606,PRCP,0,,,a,
ASN00023718,19810607,PRCP,0,,,a,
ASN00023718,19810608,PRCP,0,,,a,
ASN00023718,19810609,PRCP,230,,,a,
ASN00023718,19810610,PRCP,4,,,a,
ASN00023718,19810611,PRCP,106,,,a,
ASN00023718,19810612,PRCP,6,,,a,
ASN00023718,19810613,PRCP,0,,,a,
ASN00023718,19810614,PRCP,0,,,a,
ASN00023718,19810615,PRCP,44,,,a,
ASN00023718,19810616,PRCP,26,,,a,
ASN00023718,19810617,PRCP,0,,,a,
ASN00023718,19810618,PRCP,34,,,a,
ASN00023718,19810619,PRCP,2,,,a,
ASN00023718,19810620,PRCP,0,,,a,
ASN00023718,19810621,PRCP,0,,,a,
ASN00023718,19810622,PRCP,116,,,a,
ASN00023718,19810623,PRCP,146,,,a,
ASN00023718,19810624,PRCP,106,,,a,
ASN00023718,19810625,PRCP,26,,,a,
ASN00023718,19810626,PRCP,266,,,a,
ASN00023718,19810627,PRCP,0,,,a,
ASN00023718,19810628,PRCP,0,,,a,
ASN00023718,19810629,PRCP,56,,,a,
ASN00023718,19810630,PRCP,0,,,a,
ASN00023718,19810701,PRCP,34,,,a,
ASN00023718,19810702,PRCP,28,,,a,
ASN00023718,19810703,PRCP,22,,,a,
ASN00023718,19810704,PRCP,0,,,a,
ASN00023718,19810705,PRCP,0,,,a,
ASN00023718,19810706,PRCP,172,,,a,
ASN00023718,19810707,PRCP,2,,,a,
ASN00023718,19810708,PRCP,38,,,a,
ASN00023718,19810709,PRCP,4,,,a,
ASN00023718,19810710,PRCP,0,,,a,
ASN00023718,19810711,PRCP,0,,,a,
ASN00023718,19810712,PRCP,0,,,a,
ASN00023718,19810713,PRCP,102,,,a,
ASN00023718,19810714,PRCP,0,,,a,
ASN00023718,19810715,PRCP,0,,,a,
ASN00023718,19810716,PRCP,0,,,a,
ASN00023718,19810717,PRCP,0,,,a,
ASN00023718,19810718,PRCP,0,,,a,
ASN00023718,19810719,PRCP,0,,,a,
ASN00023718,19810720,PRCP,0,,,a,
ASN00023718,19810721,PRCP,208,,,a,
ASN00023718,19810722,PRCP,48,,,a,
ASN00023718,19810723,PRCP,0,,,a,
ASN00023718,19810724,PRCP,82,,,a,
ASN00023718,19810725,PRCP,0,,,a,
ASN00023718,19810726,PRCP,0,,,a,
ASN00023718,19810727,PRCP,2,,,a,
ASN00023718,19810728,PRCP,26,,,a,
ASN00023718,19810729,PRCP,32,,,a,
ASN00023718,19810730,PRCP,4,,,a,
ASN00023718,19810731,PRCP,0,,,a,
ASN00023718,19810804,PRCP,74,,,a,
ASN00023718,19810805,PRCP,0,,,a,
ASN00023718,19810806,PRCP,0,,,a,
ASN00023718,19810807,PRCP,0,,,a,
ASN00023718,19810811,PRCP,0,,,a,
ASN00023718,19810812,PRCP,26,,,a,
ASN00023718,19810813,PRCP,32,,,a,
ASN00023718,19810814,PRCP,132,,,a,
ASN00023718,19810818,PRCP,18,,,a,
ASN00023718,19810819,PRCP,2,,,a,
ASN00023718,19810820,PRCP,50,,,a,
ASN00023718,19810821,PRCP,80,,,a,
ASN00023718,19810825,PRCP,6,,,a,
ASN00023718,19810826,PRCP,0,,,a,
ASN00023718,19810827,PRCP,64,,,a,
ASN00023718,19810828,PRCP,2,,,a,
ASN00023718,19810803,DAPR,3,,,a,
ASN00023718,19810810,DAPR,3,,,a,
ASN00023718,19810817,DAPR,3,,,a,
ASN00023718,19810824,DAPR,3,,,a,
ASN00023718,19810831,DAPR,3,,,a,
ASN00023718,19810803,DWPR,1,,,a,
ASN00023718,19810810,DWPR,1,,,a,
ASN00023718,19810817,DWPR,1,,,a,
ASN00023718,19810824,DWPR,1,,,a,
ASN00023718,19810831,DWPR,1,,,a,
ASN00023718,19810803,MDPR,68,,,a,
ASN00023718,19810810,MDPR,190,,,a,
ASN00023718,19810817,MDPR,44,,,a,
ASN00023718,19810824,MDPR,20,,,a,
ASN00023718,19810831,MDPR,132,,,a,
ASN00023718,19810901,PRCP,0,,,a,
ASN00023718,19810902,PRCP,0,,,a,
ASN00023718,19810903,PRCP,0,,,a,
ASN00023718,19810904,PRCP,0,,,a,
ASN00023718,19810905,PRCP,0,,,a,
ASN00023718,19810906,PRCP,0,,,a,
ASN00023718,19810907,PRCP,0,,,a,
ASN00023718,19810908,PRCP,0,,,a,
ASN00023718,19810909,PRCP,0,,,a,
ASN00023718,19810910,PRCP,0,,,a,
ASN00023718,19810911,PRCP,0,,,a,
ASN00023718,19810912,PRCP,0,,,a,
ASN00023718,19810913,PRCP,0,,,a,
ASN00023718,19810914,PRCP,0,,,a,
ASN00023718,19810915,PRCP,0,,,a,
ASN00023718,19810916,PRCP,0,,,a,
ASN00023718,19810917,PRCP,0,,,a,
ASN00023718,19810918,PRCP,0,,,a,
ASN00023718,19810919,PRCP,0,,,a,
ASN00023718,19810920,PRCP,0,,,a,
ASN00023718,19810921,PRCP,0,,,a,
ASN00023718,19810922,PRCP,0,,,a,
ASN00023718,19810923,PRCP,26,,,a,
ASN00023718,19810924,PRCP,20,,,a,
ASN00023718,19810925,PRCP,32,,,a,
ASN00023718,19810929,PRCP,0,,,a,
ASN00023718,19810930,PRCP,0,,,a,
ASN00023718,19810928,DAPR,3,,,a,
ASN00023718,19810928,DWPR,1,,,a,
ASN00023718,19810928,MDPR,100,,,a,
ASN00023718,19811001,PRCP,0,,,a,
ASN00023718,19811002,PRCP,0,,,a,
ASN00023718,19811006,PRCP,0,,,a,
ASN00023718,19811007,PRCP,0,,,a,
ASN00023718,19811008,PRCP,0,,,a,
ASN00023718,19811009,PRCP,0,,,a,
ASN00023718,19811010,PRCP,0,,,a,
ASN00023718,19811011,PRCP,0,,,a,
ASN00023718,19811012,PRCP,0,,,a,
ASN00023718,19811013,PRCP,0,,,a,
ASN00023718,19811014,PRCP,106,,,a,
ASN00023718,19811015,PRCP,8,,,a,
ASN00023718,19811016,PRCP,0,,,a,
ASN00023718,19811017,PRCP,0,,,a,
ASN00023718,19811018,PRCP,0,,,a,
ASN00023718,19811019,PRCP,0,,,a,
ASN00023718,19811020,PRCP,10,,,a,
ASN00023718,19811021,PRCP,20,,,a,
ASN00023718,19811022,PRCP,0,,,a,
ASN00023718,19811023,PRCP,4,,,a,
ASN00023718,19811024,PRCP,0,,,a,
ASN00023718,19811025,PRCP,0,,,a,
ASN00023718,19811026,PRCP,0,,,a,
ASN00023718,19811027,PRCP,0,,,a,
ASN00023718,19811028,PRCP,36,,,a,
ASN00023718,19811029,PRCP,0,,,a,
ASN00023718,19811030,PRCP,0,,,a,
ASN00023718,19811031,PRCP,0,,,a,
ASN00023718,19811005,DAPR,3,,,a,
ASN00023718,19811005,DWPR,1,,,a,
ASN00023718,19811005,MDPR,112,,,a,
ASN00023718,19811101,PRCP,0,,,a,
ASN00023718,19811102,PRCP,0,,,a,
ASN00023718,19811103,PRCP,0,,,a,
ASN00023718,19811104,PRCP,40,,,a,
ASN00023718,19811105,PRCP,0,,,a,
ASN00023718,19811106,PRCP,0,,,a,
ASN00023718,19811107,PRCP,0,,,a,
ASN00023718,19811108,PRCP,0,,,a,
ASN00023718,19811109,PRCP,70,,,a,
ASN00023718,19811110,PRCP,170,,,a,
ASN00023718,19811111,PRCP,2,,,a,
ASN00023718,19811112,PRCP,0,,,a,
ASN00023718,19811113,PRCP,0,,,a,
ASN00023718,19811114,PRCP,0,,,a,
ASN00023718,19811115,PRCP,0,,,a,
ASN00023718,19811116,PRCP,54,,,a,
ASN00023718,19811117,PRCP,0,,,a,
ASN00023718,19811118,PRCP,0,,,a,
ASN00023718,19811119,PRCP,0,,,a,
ASN00023718,19811120,PRCP,0,,,a,
ASN00023718,19811121,PRCP,0,,,a,
ASN00023718,19811122,PRCP,0,,,a,
ASN00023718,19811123,PRCP,0,,,a,
ASN00023718,19811124,PRCP,0,,,a,
ASN00023718,19811125,PRCP,0,,,a,
ASN00023718,19811126,PRCP,18,,,a,
ASN00023718,19811127,PRCP,0,,,a,
ASN00023718,19811128,PRCP,0,,,a,
ASN00023718,19811129,PRCP,0,,,a,
ASN00023718,19811130,PRCP,0,,,a,
ASN00023718,19811201,PRCP,0,,,a,
ASN00023718,19811202,PRCP,0,,,a,
ASN00023718,19811203,PRCP,0,,,a,
ASN00023718,19811204,PRCP,0,,,a,
ASN00023718,19811205,PRCP,0,,,a,
ASN00023718,19811206,PRCP,0,,,a,
ASN00023718,19811207,PRCP,0,,,a,
ASN00023718,19811208,PRCP,0,,,a,
ASN00023718,19811209,PRCP,0,,,a,
ASN00023718,19811210,PRCP,0,,,a,
ASN00023718,19811211,PRCP,0,,,a,
ASN00023718,19811215,PRCP,0,,,a,
ASN00023718,19811216,PRCP,0,,,a,
ASN00023718,19811217,PRCP,0,,,a,
ASN00023718,19811218,PRCP,0,,,a,
ASN00023718,19811222,PRCP,0,,,a,
ASN00023718,19811223,PRCP,0,,,a,
ASN00023718,19811224,PRCP,0,,,a,
ASN00023718,19811225,PRCP,0,,,a,
ASN00023718,19811226,PRCP,0,,,a,
ASN00023718,19811227,PRCP,0,,,a,
ASN00023718,19811228,PRCP,0,,,a,
ASN00023718,19811229,PRCP,0,,,a,
ASN00023718,19811230,PRCP,0,,,a,
ASN00023718,19811231,PRCP,0,,,a,
ASN00023718,19811214,DAPR,3,,,a,
ASN00023718,19811221,DAPR,3,,,a,
ASN00023718,19811214,DWPR,1,,,a,
ASN00023718,19811221,DWPR,1,,,a,
ASN00023718,19811214,MDPR,18,,,a,
ASN00023718,19811221,MDPR,100,,,a,
ASN00023718,19820101,PRCP,0,,,a,
ASN00023718,19820102,PRCP,0,,,a,
ASN00023718,19820103,PRCP,0,,,a,
ASN00023718,19820104,PRCP,0,,,a,
ASN00023718,19820105,PRCP,0,,,a,
ASN00023718,19820106,PRCP,6,,,a,
ASN00023718,19820107,PRCP,106,,,a,
ASN00023718,19820108,PRCP,0,,,a,
ASN00023718,19820109,PRCP,0,,,a,
ASN00023718,19820110,PRCP,0,,,a,
ASN00023718,19820111,PRCP,0,,,a,
ASN00023718,19820112,PRCP,0,,,a,
ASN00023718,19820113,PRCP,14,,,a,
ASN00023718,19820114,PRCP,0,,,a,
ASN00023718,19820115,PRCP,0,,,a,
ASN00023718,19820116,PRCP,0,,,a,
ASN00023718,19820117,PRCP,0,,,a,
ASN00023718,19820118,PRCP,0,,,a,
ASN00023718,19820119,PRCP,0,,,a,
ASN00023718,19820120,PRCP,0,,,a,
ASN00023718,19820121,PRCP,0,,,a,
ASN00023718,19820122,PRCP,0,,,a,
ASN00023718,19820126,PRCP,0,,,a,
ASN00023718,19820127,PRCP,0,,,a,
ASN00023718,19820128,PRCP,0,,,a,
ASN00023718,19820129,PRCP,0,,,a,
ASN00023718,19820130,PRCP,0,,,a,
ASN00023718,19820131,PRCP,0,,,a,
ASN00023718,19820125,DAPR,3,,,a,
ASN00023718,19820125,DWPR,1,,,a,
ASN00023718,19820125,MDPR,176,,,a,
ASN00023718,19820201,PRCP,0,,,a,
ASN00023718,19820202,PRCP,24,,,a,
ASN00023718,19820203,PRCP,0,,,a,
ASN00023718,19820204,PRCP,0,,,a,
ASN00023718,19820205,PRCP,0,,,a,
ASN00023718,19820206,PRCP,0,,,a,
ASN00023718,19820207,PRCP,0,,,a,
ASN00023718,19820208,PRCP,0,,,a,
ASN00023718,19820209,PRCP,0,,,a,
ASN00023718,19820210,PRCP,0,,,a,
ASN00023718,19820211,PRCP,0,,,a,
ASN00023718,19820212,PRCP,0,,,a,
ASN00023718,19820213,PRCP,0,,,a,
ASN00023718,19820214,PRCP,0,,,a,
ASN00023718,19820215,PRCP,0,,,a,
ASN00023718,19820216,PRCP,0,,,a,
ASN00023718,19820217,PRCP,0,,,a,
ASN00023718,19820218,PRCP,0,,,a,
ASN00023718,19820219,PRCP,0,,,a,
ASN00023718,19820220,PRCP,0,,,a,
ASN00023718,19820221,PRCP,0,,,a,
ASN00023718,19820222,PRCP,0,,,a,
ASN00023718,19820223,PRCP,0,,,a,
ASN00023718,19820224,PRCP,0,,,a,
ASN00023718,19820225,PRCP,0,,,a,
ASN00023718,19820226,PRCP,6,,,a,
ASN00023718,19820227,PRCP,0,,,a,
ASN00023718,19820228,PRCP,0,,,a,
ASN00023718,19820301,PRCP,0,,,a,
ASN00023718,19820302,PRCP,0,,,a,
ASN00023718,19820303,PRCP,0,,,a,
ASN00023718,19820304,PRCP,0,,,a,
ASN00023718,19820305,PRCP,0,,,a,
ASN00023718,19820309,PRCP,0,,,a,
ASN00023718,19820310,PRCP,0,,,a,
ASN00023718,19820311,PRCP,12,,,a,
ASN00023718,19820312,PRCP,60,,,a,
ASN00023718,19820313,PRCP,0,,,a,
ASN00023718,19820314,PRCP,0,,,a,
ASN00023718,19820315,PRCP,0,,,a,
ASN00023718,19820316,PRCP,0,,,a,
ASN00023718,19820317,PRCP,0,,,a,
ASN00023718,19820318,PRCP,0,,,a,
ASN00023718,19820319,PRCP,0,,,a,
ASN00023718,19820323,PRCP,86,,,a,
ASN00023718,19820324,PRCP,0,,,a,
ASN00023718,19820325,PRCP,0,,,a,
ASN00023718,19820326,PRCP,0,,,a,
ASN00023718,19820330,PRCP,8,,,a,
ASN00023718,19820331,PRCP,0,,,a,
ASN00023718,19820308,DAPR,3,,,a,
ASN00023718,19820322,DAPR,3,,,a,
ASN00023718,19820329,DAPR,3,,,a,
ASN00023718,19820308,DWPR,1,,,a,
ASN00023718,19820322,DWPR,1,,,a,
ASN00023718,19820329,DWPR,1,,,a,
ASN00023718,19820308,MDPR,52,,,a,
ASN00023718,19820322,MDPR,60,,,a,
ASN00023718,19820329,MDPR,30,,,a,
ASN00023718,19820401,PRCP,0,,,a,
ASN00023718,19820402,PRCP,0,,,a,
ASN00023718,19820403,PRCP,0,,,a,
ASN00023718,19820404,PRCP,0,,,a,
ASN00023718,19820405,PRCP,0,,,a,
ASN00023718,19820406,PRCP,0,,,a,
ASN00023718,19820407,PRCP,0,,,a,
ASN00023718,19820408,PRCP,0,,,a,
ASN00023718,19820409,PRCP,0,,,a,
ASN00023718,19820410,PRCP,0,,,a,
ASN00023718,19820411,PRCP,0,,,a,
ASN00023718,19820412,PRCP,0,,,a,
ASN00023718,19820413,PRCP,0,,,a,
ASN00023718,19820414,PRCP,0,,,a,
ASN00023718,19820415,PRCP,10,,,a,
ASN00023718,19820416,PRCP,32,,,a,
ASN00023718,19820417,PRCP,0,,,a,
ASN00023718,19820418,PRCP,0,,,a,
ASN00023718,19820419,PRCP,0,,,a,
ASN00023718,19820420,PRCP,0,,,a,
ASN00023718,19820421,PRCP,0,,,a,
ASN00023718,19820422,PRCP,0,,,a,
ASN00023718,19820423,PRCP,12,,,a,
ASN00023718,19820428,PRCP,76,,,a,
ASN00023718,19820429,PRCP,32,,,a,
ASN00023718,19820430,PRCP,2,,,a,
ASN00023718,19820427,DAPR,4,,,a,
ASN00023718,19820427,DWPR,1,,,a,
ASN00023718,19820427,MDPR,142,,,a,
ASN00023718,19820501,PRCP,0,,,a,
ASN00023718,19820502,PRCP,0,,,a,
ASN00023718,19820503,PRCP,0,,,a,
ASN00023718,19820504,PRCP,30,,,a,
ASN00023718,19820505,PRCP,50,,,a,
ASN00023718,19820506,PRCP,48,,,a,
ASN00023718,19820507,PRCP,0,,,a,
ASN00023718,19820511,PRCP,20,,,a,
ASN00023718,19820512,PRCP,0,,,a,
ASN00023718,19820513,PRCP,24,,,a,
ASN00023718,19820514,PRCP,12,,,a,
ASN00023718,19820515,PRCP,0,,,a,
ASN00023718,19820516,PRCP,0,,,a,
ASN00023718,19820517,PRCP,0,,,a,
ASN00023718,19820518,PRCP,0,,,a,
ASN00023718,19820519,PRCP,2,,,a,
ASN00023718,19820520,PRCP,0,,,a,
ASN00023718,19820521,PRCP,48,,,a,
ASN00023718,19820525,PRCP,0,,,a,
ASN00023718,19820526,PRCP,22,,,a,
ASN00023718,19820527,PRCP,22,,,a,
ASN00023718,19820528,PRCP,0,,,a,
ASN00023718,19820510,DAPR,3,,,a,
ASN00023718,19820524,DAPR,3,,,a,
ASN00023718,19820531,DAPR,3,,,a,
ASN00023718,19820510,DWPR,1,,,a,
ASN00023718,19820524,DWPR,1,,,a,
ASN00023718,19820531,DWPR,1,,,a,
ASN00023718,19820510,MDPR,44,,,a,
ASN00023718,19820524,MDPR,48,,,a,
ASN00023718,19820531,MDPR,70,,,a,
ASN00023718,19820601,PRCP,0,,,a,
ASN00023718,19820602,PRCP,34,,,a,
ASN00023718,19820603,PRCP,26,,,a,
ASN00023718,19820604,PRCP,0,,,a,
ASN00023718,19820605,PRCP,0,,,a,
ASN00023718,19820606,PRCP,0,,,a,
ASN00023718,19820607,PRCP,0,,,a,
ASN00023718,19820608,PRCP,0,,,a,
ASN00023718,19820609,PRCP,0,,,a,
ASN00023718,19820610,PRCP,14,,,a,
ASN00023718,19820611,PRCP,18,,,a,
ASN00023718,19820616,PRCP,58,,,a,
ASN00023718,19820617,PRCP,0,,,a,
ASN00023718,19820618,PRCP,46,,,a,
ASN00023718,19820622,PRCP,0,,,a,
ASN00023718,19820623,PRCP,12,,,a,
ASN00023718,19820624,PRCP,40,,,a,
ASN00023718,19820625,PRCP,2,,,a,
ASN00023718,19820629,PRCP,0,,,a,
ASN00023718,19820630,PRCP,0,,,a,
ASN00023718,19820615,DAPR,4,,,a,
ASN00023718,19820621,DAPR,3,,,a,
ASN00023718,19820628,DAPR,3,,,a,
ASN00023718,19820615,DWPR,1,,,a,
ASN00023718,19820621,DWPR,1,,,a,
ASN00023718,19820628,DWPR,1,,,a,
ASN00023718,19820615,MDPR,36,,,a,
ASN00023718,19820621,MDPR,116,,,a,
ASN00023718,19820628,MDPR,20,,,a,
ASN00023718,19820701,PRCP,0,,,a,
ASN00023718,19820702,PRCP,0,,,a,
ASN00023718,19820706,PRCP,0,,,a,
ASN00023718,19820707,PRCP,16,,,a,
ASN00023718,19820708,PRCP,2,,,a,
ASN00023718,19820709,PRCP,8,,,a,
ASN00023718,19820713,PRCP,0,,,a,
ASN00023718,19820714,PRCP,8,,,a,
ASN00023718,19820715,PRCP,0,,,a,
ASN00023718,19820716,PRCP,0,,,a,
ASN00023718,19820720,PRCP,0,,,a,
ASN00023718,19820721,PRCP,0,,,a,
ASN00023718,19820722,PRCP,0,,,a,
ASN00023718,19820723,PRCP,0,,,a,
ASN00023718,19820724,PRCP,0,,,a,
ASN00023718,19820725,PRCP,0,,,a,
ASN00023718,19820726,PRCP,0,,,a,
ASN00023718,19820727,PRCP,0,,,a,
ASN00023718,19820728,PRCP,0,,,a,
ASN00023718,19820729,PRCP,42,,,a,
ASN00023718,19820730,PRCP,6,,,a,
ASN00023718,19820731,PRCP,0,,,a,
ASN00023718,19820705,DAPR,3,,,a,
ASN00023718,19820712,DAPR,3,,,a,
ASN00023718,19820719,DAPR,3,,,a,
ASN00023718,19820705,DWPR,1,,,a,
ASN00023718,19820712,DWPR,1,,,a,
ASN00023718,19820719,DWPR,1,,,a,
ASN00023718,19820705,MDPR,36,,,a,
ASN00023718,19820712,MDPR,38,,,a,
ASN00023718,19820719,MDPR,16,,,a,
ASN00023718,19820803,PRCP,0,,,a,
ASN00023718,19820804,PRCP,0,,,a,
ASN00023718,19820805,PRCP,0,,,a,
ASN00023718,19820806,PRCP,0,,,a,
ASN00023718,19820807,PRCP,0,,,a,
ASN00023718,19820808,PRCP,0,,,a,
ASN00023718,19820809,PRCP,0,,,a,
ASN00023718,19820810,PRCP,30,,,a,
ASN00023718,19820811,PRCP,158,,,a,
ASN00023718,19820812,PRCP,66,,,a,
ASN00023718,19820813,PRCP,2,,,a,
ASN00023718,19820817,PRCP,0,,,a,
ASN00023718,19820818,PRCP,2,,,a,
ASN00023718,19820819,PRCP,0,,,a,
ASN00023718,19820820,PRCP,0,,,a,
ASN00023718,19820821,PRCP,0,,,a,
ASN00023718,19820822,PRCP,0,,,a,
ASN00023718,19820823,PRCP,0,,,a,
ASN00023718,19820824,PRCP,0,,,a,
ASN00023718,19820825,PRCP,0,,,a,
ASN00023718,19820826,PRCP,0,,,a,
ASN00023718,19820827,PRCP,0,,,a,
ASN00023718,19820831,PRCP,0,,,a,
ASN00023718,19820802,DAPR,2,,,a,
ASN00023718,19820816,DAPR,3,,,a,
ASN00023718,19820830,DAPR,3,,,a,
ASN00023718,19820802,DWPR,1,,,a,
ASN00023718,19820816,DWPR,1,,,a,
ASN00023718,19820830,DWPR,1,,,a,
ASN00023718,19820802,MDPR,6,,,a,
ASN00023718,19820816,MDPR,30,,,a,
ASN00023718,19820830,MDPR,8,,,a,
ASN00023718,19820901,PRCP,0,,,a,
ASN00023718,19820902,PRCP,0,,,a,
ASN00023718,19820903,PRCP,10,,,a,
ASN00023718,19820907,PRCP,2,,,a,
ASN00023718,19820908,PRCP,2,,,a,
ASN00023718,19820909,PRCP,52,,,a,
ASN00023718,19820910,PRCP,10,,,a,
ASN00023718,19820914,PRCP,0,,,a,
ASN00023718,19820915,PRCP,0,,,a,
ASN00023718,19820916,PRCP,0,,,a,
ASN00023718,19820917,PRCP,0,,,a,
ASN00023718,19820921,PRCP,0,,,a,
ASN00023718,19820922,PRCP,0,,,a,
ASN00023718,19820923,PRCP,0,,,a,
ASN00023718,19820924,PRCP,0,,,a,
ASN00023718,19820928,PRCP,8,,,a,
ASN00023718,19820929,PRCP,144,,,a,
ASN00023718,19820930,PRCP,2,,,a,
ASN00023718,19820906,DAPR,3,,,a,
ASN00023718,19820913,DAPR,3,,,a,
ASN00023718,19820920,DAPR,3,,,a,
ASN00023718,19820927,DAPR,3,,,a,
ASN00023718,19820906,DWPR,1,,,a,
ASN00023718,19820913,DWPR,1,,,a,
ASN00023718,19820920,DWPR,1,,,a,
ASN00023718,19820927,DWPR,1,,,a,
ASN00023718,19820906,MDPR,48,,,a,
ASN00023718,19820913,MDPR,4,,,a,
ASN00023718,19820920,MDPR,18,,,a,
ASN00023718,19820927,MDPR,4,,,a,
ASN00023718,19821001,PRCP,0,,,a,
ASN00023718,19821002,PRCP,0,,,a,
ASN00023718,19821003,PRCP,0,,,a,
ASN00023718,19821004,PRCP,0,,,a,
ASN00023718,19821005,PRCP,0,,,a,
ASN00023718,19821006,PRCP,0,,,a,
ASN00023718,19821007,PRCP,0,,,a,
ASN00023718,19821008,PRCP,6,,,a,
ASN00023718,19821009,PRCP,0,,,a,
ASN00023718,19821010,PRCP,0,,,a,
ASN00023718,19821011,PRCP,0,,,a,
ASN00023718,19821012,PRCP,74,,,a,
ASN00023718,19821013,PRCP,12,,,a,
ASN00023718,19821014,PRCP,8,,,a,
ASN00023718,19821015,PRCP,0,,,a,
ASN00023718,19821019,PRCP,20,,,a,
ASN00023718,19821020,PRCP,6,,,a,
ASN00023718,19821021,PRCP,72,,,a,
ASN00023718,19821022,PRCP,6,,,a,
ASN00023718,19821023,PRCP,0,,,a,
ASN00023718,19821024,PRCP,0,,,a,
ASN00023718,19821025,PRCP,0,,,a,
ASN00023718,19821026,PRCP,0,,,a,
ASN00023718,19821027,PRCP,0,,,a,
ASN00023718,19821028,PRCP,0,,,a,
ASN00023718,19821029,PRCP,0,,,a,
ASN00023718,19821018,DAPR,3,,,a,
ASN00023718,19821031,DAPR,2,,,a,
ASN00023718,19821018,DWPR,1,,,a,
ASN00023718,19821031,DWPR,1,,,a,
ASN00023718,19821018,MDPR,40,,,a,
ASN00023718,19821031,MDPR,20,,,a,
ASN00023718,19821101,PRCP,30,,,a,
ASN00023718,19821102,PRCP,0,,,a,
ASN00023718,19821103,PRCP,0,,,a,
ASN00023718,19821104,PRCP,0,,,a,
ASN00023718,19821105,PRCP,0,,,a,
ASN00023718,19821106,PRCP,0,,,a,
ASN00023718,19821107,PRCP,0,,,a,
ASN00023718,19821108,PRCP,0,,,a,
ASN00023718,19821109,PRCP,0,,,a,
ASN00023718,19821110,PRCP,0,,,a,
ASN00023718,19821111,PRCP,0,,,a,
ASN00023718,19821112,PRCP,0,,,a,
ASN00023718,19821113,PRCP,0,,,a,
ASN00023718,19821114,PRCP,0,,,a,
ASN00023718,19821115,PRCP,0,,,a,
ASN00023718,19821116,PRCP,0,,,a,
ASN00023718,19821117,PRCP,32,,,a,
ASN00023718,19821118,PRCP,6,,,a,
ASN00023718,19821119,PRCP,0,,,a,
ASN00023718,19821120,PRCP,0,,,a,
ASN00023718,19821121,PRCP,0,,,a,
ASN00023718,19821122,PRCP,0,,,a,
ASN00023718,19821123,PRCP,0,,,a,
ASN00023718,19821124,PRCP,0,,,a,
ASN00023718,19821125,PRCP,0,,,a,
ASN00023718,19821126,PRCP,0,,,a,
ASN00023718,19821127,PRCP,0,,,a,
ASN00023718,19821128,PRCP,0,,,a,
ASN00023718,19821129,PRCP,0,,,a,
ASN00023718,19821130,PRCP,0,,,a,
ASN00023718,19821201,PRCP,0,,,a,
ASN00023718,19821202,PRCP,0,,,a,
ASN00023718,19821203,PRCP,0,,,a,
ASN00023718,19821204,PRCP,0,,,a,
ASN00023718,19821205,PRCP,0,,,a,
ASN00023718,19821206,PRCP,0,,,a,
ASN00023718,19821207,PRCP,10,,,a,
ASN00023718,19821208,PRCP,0,,,a,
ASN00023718,19821209,PRCP,8,,,a,
ASN00023718,19821210,PRCP,0,,,a,
ASN00023718,19821211,PRCP,0,,,a,
ASN00023718,19821212,PRCP,0,,,a,
ASN00023718,19821213,PRCP,0,,,a,
ASN00023718,19821214,PRCP,0,,,a,
ASN00023718,19821215,PRCP,0,,,a,
ASN00023718,19821216,PRCP,0,,,a,
ASN00023718,19821217,PRCP,0,,,a,
ASN00023718,19821218,PRCP,0,,,a,
ASN00023718,19821219,PRCP,0,,,a,
ASN00023718,19821220,PRCP,0,,,a,
ASN00023718,19821221,PRCP,0,,,a,
ASN00023718,19821222,PRCP,0,,,a,
ASN00023718,19821223,PRCP,0,,,a,
ASN00023718,19821224,PRCP,0,,,a,
ASN00023718,19821230,PRCP,20,,,a,
ASN00023718,19821231,PRCP,0,,,a,
ASN00023718,19821229,DAPR,5,,,a,
ASN00023718,19821229,DWPR,1,,,a,
ASN00023718,19821229,MDPR,68,,,a,
ASN00023718,19830101,PRCP,0,,,a,
ASN00023718,19830102,PRCP,0,,,a,
ASN00023718,19830103,PRCP,0,,,a,
ASN00023718,19830104,PRCP,0,,,a,
ASN00023718,19830105,PRCP,0,,,a,
ASN00023718,19830106,PRCP,0,,,a,
ASN00023718,19830107,PRCP,0,,,a,
ASN00023718,19830108,PRCP,0,,,a,
ASN00023718,19830109,PRCP,0,,,a,
ASN00023718,19830110,PRCP,0,,,a,
ASN00023718,19830111,PRCP,42,,,a,
ASN00023718,19830112,PRCP,0,,,a,
ASN00023718,19830113,PRCP,0,,,a,
ASN00023718,19830114,PRCP,0,,,a,
ASN00023718,19830115,PRCP,0,,,a,
ASN00023718,19830116,PRCP,0,,,a,
ASN00023718,19830117,PRCP,0,,,a,
ASN00023718,19830118,PRCP,0,,,a,
ASN00023718,19830119,PRCP,0,,,a,
ASN00023718,19830120,PRCP,0,,,a,
ASN00023718,19830121,PRCP,0,,,a,
ASN00023718,19830125,PRCP,0,,,a,
ASN00023718,19830126,PRCP,22,,,a,
ASN00023718,19830127,PRCP,0,,,a,
ASN00023718,19830128,PRCP,0,,,a,
ASN00023718,19830129,PRCP,0,,,a,
ASN00023718,19830130,PRCP,0,,,a,
ASN00023718,19830131,PRCP,0,,,a,
ASN00023718,19830124,DAPR,3,,,a,
ASN00023718,19830124,DWPR,1,,,a,
ASN00023718,19830124,MDPR,8,,,a,
ASN00023718,19830201,PRCP,0,,,a,
ASN00023718,19830202,PRCP,12,,,a,
ASN00023718,19830203,PRCP,0,,,a,
ASN00023718,19830204,PRCP,0,,,a,
ASN00023718,19830205,PRCP,0,,,a,
ASN00023718,19830206,PRCP,0,,,a,
ASN00023718,19830207,PRCP,0,,,a,
ASN00023718,19830208,PRCP,0,,,a,
ASN00023718,19830209,PRCP,0,,,a,
ASN00023718,19830210,PRCP,0,,,a,
ASN00023718,19830211,PRCP,0,,,a,
ASN00023718,19830212,PRCP,0,,,a,
ASN00023718,19830213,PRCP,0,,,a,
ASN00023718,19830214,PRCP,0,,,a,
ASN00023718,19830215,PRCP,0,,,a,
ASN00023718,19830216,PRCP,0,,,a,
ASN00023718,19830217,PRCP,16,,,a,
ASN00023718,19830218,PRCP,0,,,a,
ASN00023718,19830219,PRCP,0,,,a,
ASN00023718,19830220,PRCP,0,,,a,
ASN00023718,19830221,PRCP,0,,,a,
ASN00023718,19830222,PRCP,0,,,a,
ASN00023718,19830223,PRCP,0,,,a,
ASN00023718,19830224,PRCP,0,,,a,
ASN00023718,19830225,PRCP,0,,,a,
ASN00023718,19830226,PRCP,0,,,a,
ASN00023718,19830227,PRCP,0,,,a,
ASN00023718,19830228,PRCP,0,,,a,
ASN00023718,19830301,PRCP,28,,,a,
ASN00023718,19830302,PRCP,0,,,a,
ASN00023718,19830303,PRCP,150,,,a,
ASN00023718,19830304,PRCP,132,,,a,
ASN00023718,19830305,PRCP,0,,,a,
ASN00023718,19830306,PRCP,0,,,a,
ASN00023718,19830307,PRCP,0,,,a,
ASN00023718,19830308,PRCP,22,,,a,
ASN00023718,19830309,PRCP,18,,,a,
ASN00023718,19830310,PRCP,0,,,a,
ASN00023718,19830311,PRCP,0,,,a,
ASN00023718,19830315,PRCP,34,,,a,
ASN00023718,19830316,PRCP,0,,,a,
ASN00023718,19830317,PRCP,0,,,a,
ASN00023718,19830318,PRCP,0,,,a,
ASN00023718,19830319,PRCP,0,,,a,
ASN00023718,19830320,PRCP,0,,,a,
ASN00023718,19830321,PRCP,0,,,a,
ASN00023718,19830322,PRCP,200,,,a,
ASN00023718,19830323,PRCP,202,,,a,
ASN00023718,19830324,PRCP,18,,,a,
ASN00023718,19830325,PRCP,0,,,a,
ASN00023718,19830326,PRCP,0,,,a,
ASN00023718,19830327,PRCP,0,,,a,
ASN00023718,19830328,PRCP,0,,,a,
ASN00023718,19830329,PRCP,0,,,a,
ASN00023718,19830330,PRCP,0,,,a,
ASN00023718,19830331,PRCP,0,,,a,
ASN00023718,19830314,DAPR,3,,,a,
ASN00023718,19830314,DWPR,1,,,a,
ASN00023718,19830314,MDPR,2,,,a,
ASN00023718,19830406,PRCP,30,,,a,
ASN00023718,19830407,PRCP,28,,,a,
ASN00023718,19830408,PRCP,0,,,a,
ASN00023718,19830412,PRCP,82,,,a,
ASN00023718,19830413,PRCP,10,,,a,
ASN00023718,19830414,PRCP,6,,,a,
ASN00023718,19830415,PRCP,10,,,a,
ASN00023718,19830416,PRCP,0,,,a,
ASN00023718,19830417,PRCP,0,,,a,
ASN00023718,19830418,PRCP,0,,,a,
ASN00023718,19830419,PRCP,0,,,a,
ASN00023718,19830420,PRCP,0,,,a,
ASN00023718,19830421,PRCP,0,,,a,
ASN00023718,19830422,PRCP,0,,,a,
ASN00023718,19830423,PRCP,0,,,a,
ASN00023718,19830424,PRCP,0,,,a,
ASN00023718,19830425,PRCP,0,,,a,
ASN00023718,19830426,PRCP,124,,,a,
ASN00023718,19830427,PRCP,2,,,a,
ASN00023718,19830428,PRCP,0,,,a,
ASN00023718,19830429,PRCP,0,,,a,
ASN00023718,19830430,PRCP,0,,,a,
ASN00023718,19830405,DAPR,5,,,a,
ASN00023718,19830411,DAPR,3,,,a,
ASN00023718,19830405,DWPR,1,,,a,
ASN00023718,19830411,DWPR,1,,,a,
ASN00023718,19830405,MDPR,126,,,a,
ASN00023718,19830411,MDPR,270,,,a,
ASN00023718,19830503,PRCP,160,,,a,
ASN00023718,19830504,PRCP,2,,,a,
ASN00023718,19830505,PRCP,14,,,a,
ASN00023718,19830506,PRCP,0,,,a,
ASN00023718,19830507,PRCP,0,,,a,
ASN00023718,19830508,PRCP,0,,,a,
ASN00023718,19830509,PRCP,0,,,a,
ASN00023718,19830510,PRCP,0,,,a,
ASN00023718,19830511,PRCP,0,,,a,
ASN00023718,19830512,PRCP,0,,,a,
ASN00023718,19830513,PRCP,0,,,a,
ASN00023718,19830518,PRCP,0,,,a,
ASN00023718,19830519,PRCP,0,,,a,
ASN00023718,19830520,PRCP,0,,,a,
ASN00023718,19830521,PRCP,0,,,a,
ASN00023718,19830522,PRCP,0,,,a,
ASN00023718,19830523,PRCP,0,,,a,
ASN00023718,19830524,PRCP,0,,,a,
ASN00023718,19830525,PRCP,0,,,a,
ASN00023718,19830526,PRCP,10,,,a,
ASN00023718,19830527,PRCP,0,,,a,
ASN00023718,19830531,PRCP,8,,,a,
ASN00023718,19830502,DAPR,2,,,a,
ASN00023718,19830517,DAPR,4,,,a,
ASN00023718,19830530,DAPR,3,,,a,
ASN00023718,19830502,DWPR,1,,,a,
ASN00023718,19830517,DWPR,1,,,a,
ASN00023718,19830530,DWPR,1,,,a,
ASN00023718,19830502,MDPR,12,,,a,
ASN00023718,19830517,MDPR,188,,,a,
ASN00023718,19830530,MDPR,70,,,a,
ASN00023718,19830601,PRCP,22,,,a,
ASN00023718,19830602,PRCP,0,,,a,
ASN00023718,19830603,PRCP,0,,,a,
ASN00023718,19830604,PRCP,0,,,a,
ASN00023718,19830605,PRCP,0,,,a,
ASN00023718,19830606,PRCP,0,,,a,
ASN00023718,19830607,PRCP,28,,,a,
ASN00023718,19830608,PRCP,70,,,a,
ASN00023718,19830609,PRCP,4,,,a,
ASN00023718,19830610,PRCP,172,,,a,
ASN00023718,19830615,PRCP,0,,,a,
ASN00023718,19830616,PRCP,0,,,a,
ASN00023718,19830617,PRCP,0,,,a,
ASN00023718,19830618,PRCP,0,,,a,
ASN00023718,19830619,PRCP,0,,,a,
ASN00023718,19830620,PRCP,0,,,a,
ASN00023718,19830621,PRCP,0,,,a,
ASN00023718,19830622,PRCP,0,,,a,
ASN00023718,19830623,PRCP,0,,,a,
ASN00023718,19830624,PRCP,0,,,a,
ASN00023718,19830628,PRCP,6,,,a,
ASN00023718,19830629,PRCP,18,,,a,
ASN00023718,19830630,PRCP,16,,,a,
ASN00023718,19830614,DAPR,4,,,a,
ASN00023718,19830627,DAPR,3,,,a,
ASN00023718,19830614,DWPR,1,,,a,
ASN00023718,19830627,DWPR,1,,,a,
ASN00023718,19830614,MDPR,76,,,a,
ASN00023718,19830627,MDPR,32,,,a,
ASN00023718,19830701,PRCP,124,,,a,
ASN00023718,19830705,PRCP,0,,,a,
ASN00023718,19830706,PRCP,12,,,a,
ASN00023718,19830707,PRCP,22,,,a,
ASN00023718,19830708,PRCP,0,,,a,
ASN00023718,19830709,PRCP,0,,,a,
ASN00023718,19830710,PRCP,0,,,a,
ASN00023718,19830711,PRCP,0,,,a,
ASN00023718,19830712,PRCP,104,,,a,
ASN00023718,19830713,PRCP,12,,,a,
ASN00023718,19830714,PRCP,6,,,a,
ASN00023718,19830715,PRCP,34,,,a,
ASN00023718,19830719,PRCP,24,,,a,
ASN00023718,19830720,PRCP,20,,,a,
ASN00023718,19830721,PRCP,4,,,a,
ASN00023718,19830722,PRCP,0,,,a,
ASN00023718,19830723,PRCP,0,,,a,
ASN00023718,19830724,PRCP,0,,,a,
ASN00023718,19830725,PRCP,0,,,a,
ASN00023718,19830726,PRCP,8,,,a,
ASN00023718,19830727,PRCP,186,,,a,
ASN00023718,19830728,PRCP,34,,,a,
ASN00023718,19830729,PRCP,132,,,a,
ASN00023718,19830730,PRCP,0,,,a,
ASN00023718,19830731,PRCP,0,,,a,
ASN00023718,19830704,DAPR,3,,,a,
ASN00023718,19830718,DAPR,3,,,a,
ASN00023718,19830704,DWPR,1,,,a,
ASN00023718,19830718,DWPR,1,,,a,
ASN00023718,19830704,MDPR,152,,,a,
ASN00023718,19830718,MDPR,6,,,a,
ASN00023718,19830801,PRCP,136,,,a,
ASN00023718,19830802,PRCP,12,,,a,
ASN00023718,19830803,PRCP,0,,,a,
ASN00023718,19830804,PRCP,0,,,a,
ASN00023718,19830805,PRCP,0,,,a,
ASN00023718,19830809,PRCP,0,,,a,
ASN00023718,19830810,PRCP,12,,,a,
ASN00023718,19830811,PRCP,20,,,a,
ASN00023718,19830812,PRCP,0,,,a,
ASN00023718,19830813,PRCP,0,,,a,
ASN00023718,19830814,PRCP,0,,,a,
ASN00023718,19830815,PRCP,0,,,a,
ASN00023718,19830816,PRCP,136,,,a,
ASN00023718,19830817,PRCP,20,,,a,
ASN00023718,19830818,PRCP,0,,,a,
ASN00023718,19830819,PRCP,0,,,a,
ASN00023718,19830823,PRCP,0,,,a,
ASN00023718,19830824,PRCP,0,,,a,
ASN00023718,19830825,PRCP,180,,,a,
ASN00023718,19830826,PRCP,118,,,a,
ASN00023718,19830830,PRCP,76,,,a,
ASN00023718,19830831,PRCP,2,,,a,
ASN00023718,19830808,DAPR,3,,,a,
ASN00023718,19830822,DAPR,3,,,a,
ASN00023718,19830829,DAPR,3,,,a,
ASN00023718,19830808,DWPR,1,,,a,
ASN00023718,19830822,DWPR,1,,,a,
ASN00023718,19830829,DWPR,1,,,a,
ASN00023718,19830808,MDPR,26,,,a,
ASN00023718,19830822,MDPR,148,,,a,
ASN00023718,19830829,MDPR,52,,,a,
ASN00023718,19830901,PRCP,0,,,a,
ASN00023718,19830902,PRCP,16,,,a,
ASN00023718,19830906,PRCP,20,,,a,
ASN00023718,19830907,PRCP,0,,,a,
ASN00023718,19830908,PRCP,60,,,a,
ASN00023718,19830909,PRCP,16,,,a,
ASN00023718,19830913,PRCP,32,,,a,
ASN00023718,19830914,PRCP,14,,,a,
ASN00023718,19830915,PRCP,20,,,a,
ASN00023718,19830916,PRCP,0,,,a,
ASN00023718,19830917,PRCP,0,,,a,
ASN00023718,19830918,PRCP,0,,,a,
ASN00023718,19830919,PRCP,0,,,a,
ASN00023718,19830920,PRCP,10,,,a,
ASN00023718,19830921,PRCP,0,,,a,
ASN00023718,19830922,PRCP,0,,,a,
ASN00023718,19830923,PRCP,0,,,a,
ASN00023718,19830924,PRCP,0,,,a,
ASN00023718,19830925,PRCP,0,,,a,
ASN00023718,19830926,PRCP,0,,,a,
ASN00023718,19830927,PRCP,0,,,a,
ASN00023718,19830928,PRCP,0,,,a,
ASN00023718,19830929,PRCP,4,,,a,
ASN00023718,19830930,PRCP,0,,,a,
ASN00023718,19830905,DAPR,3,,,a,
ASN00023718,19830912,DAPR,3,,,a,
ASN00023718,19830905,DWPR,1,,,a,
ASN00023718,19830912,DWPR,1,,,a,
ASN00023718,19830905,MDPR,98,,,a,
ASN00023718,19830912,MDPR,66,,,a,
ASN00023718,19831004,PRCP,78,,,a,
ASN00023718,19831005,PRCP,28,,,a,
ASN00023718,19831006,PRCP,0,,,a,
ASN00023718,19831007,PRCP,0,,,a,
ASN00023718,19831008,PRCP,0,,,a,
ASN00023718,19831009,PRCP,0,,,a,
ASN00023718,19831010,PRCP,0,,,a,
ASN00023718,19831011,PRCP,0,,,a,
ASN00023718,19831012,PRCP,50,,,a,
ASN00023718,19831013,PRCP,0,,,a,
ASN00023718,19831014,PRCP,26,,,a,
ASN00023718,19831018,PRCP,30,,,a,
ASN00023718,19831019,PRCP,54,,,a,
ASN00023718,19831020,PRCP,10,,,a,
ASN00023718,19831021,PRCP,0,,,a,
ASN00023718,19831022,PRCP,0,,,a,
ASN00023718,19831023,PRCP,0,,,a,
ASN00023718,19831024,PRCP,0,,,a,
ASN00023718,19831025,PRCP,0,,,a,
ASN00023718,19831026,PRCP,0,,,a,
ASN00023718,19831027,PRCP,0,,,a,
ASN00023718,19831028,PRCP,6,,,a,
ASN00023718,19831029,PRCP,0,,,a,
ASN00023718,19831030,PRCP,0,,,a,
ASN00023718,19831031,PRCP,0,,,a,
ASN00023718,19831003,DAPR,3,,,a,
ASN00023718,19831017,DAPR,3,,,a,
ASN00023718,19831003,DWPR,1,,,a,
ASN00023718,19831017,DWPR,1,,,a,
ASN00023718,19831003,MDPR,22,,,a,
ASN00023718,19831017,MDPR,262,,,a,
ASN00023718,19831101,PRCP,0,,,a,
ASN00023718,19831102,PRCP,0,,,a,
ASN00023718,19831103,PRCP,0,,,a,
ASN00023718,19831104,PRCP,16,,,a,
ASN00023718,19831105,PRCP,0,,,a,
ASN00023718,19831106,PRCP,0,,,a,
ASN00023718,19831107,PRCP,0,,,a,
ASN00023718,19831108,PRCP,82,,,a,
ASN00023718,19831109,PRCP,6,,,a,
ASN00023718,19831110,PRCP,26,,,a,
ASN00023718,19831111,PRCP,0,,,a,
ASN00023718,19831112,PRCP,0,,,a,
ASN00023718,19831113,PRCP,0,,,a,
ASN00023718,19831114,PRCP,0,,,a,
ASN00023718,19831115,PRCP,0,,,a,
ASN00023718,19831116,PRCP,76,,,a,
ASN00023718,19831117,PRCP,14,,,a,
ASN00023718,19831118,PRCP,0,,,a,
ASN00023718,19831119,PRCP,0,,,a,
ASN00023718,19831120,PRCP,0,,,a,
ASN00023718,19831121,PRCP,0,,,a,
ASN00023718,19831122,PRCP,8,,,a,
ASN00023718,19831123,PRCP,0,,,a,
ASN00023718,19831124,PRCP,0,,,a,
ASN00023718,19831125,PRCP,0,,,a,
ASN00023718,19831126,PRCP,0,,,a,
ASN00023718,19831127,PRCP,0,,,a,
ASN00023718,19831128,PRCP,0,,,a,
ASN00023718,19831129,PRCP,0,,,a,
ASN00023718,19831130,PRCP,10,,,a,
ASN00023718,19831201,PRCP,0,,,a,
ASN00023718,19831202,PRCP,0,,,a,
ASN00023718,19831203,PRCP,0,,,a,
ASN00023718,19831204,PRCP,0,,,a,
ASN00023718,19831205,PRCP,0,,,a,
ASN00023718,19831206,PRCP,90,,,a,
ASN00023718,19831207,PRCP,16,,,a,
ASN00023718,19831208,PRCP,0,,,a,
ASN00023718,19831209,PRCP,0,,,a,
ASN00023718,19831210,PRCP,0,,,a,
ASN00023718,19831211,PRCP,0,,,a,
ASN00023718,19831212,PRCP,0,,,a,
ASN00023718,19831213,PRCP,0,,,a,
ASN00023718,19831214,PRCP,0,,,a,
ASN00023718,19831215,PRCP,0,,,a,
ASN00023718,19831216,PRCP,0,,,a,
ASN00023718,19831217,PRCP,0,,,a,
ASN00023718,19831218,PRCP,0,,,a,
ASN00023718,19831219,PRCP,0,,,a,
ASN00023718,19831220,PRCP,0,,,a,
ASN00023718,19831221,PRCP,0,,,a,
ASN00023718,19831222,PRCP,0,,,a,
ASN00023718,19831223,PRCP,0,,,a,
ASN00023718,19831224,PRCP,0,,,a,
ASN00023718,19831225,PRCP,0,,,a,
ASN00023718,19831226,PRCP,0,,,a,
ASN00023718,19831227,PRCP,0,,,a,
ASN00023718,19831228,PRCP,58,,,a,
ASN00023718,19831229,PRCP,0,,,a,
ASN00023718,19831230,PRCP,0,,,a,
ASN00023718,19831231,PRCP,0,,,a,
ASN00023718,19840101,PRCP,0,,,a,
ASN00023718,19840102,PRCP,0,,,a,
ASN00023718,19840103,PRCP,154,,,a,
ASN00023718,19840104,PRCP,0,,,a,
ASN00023718,19840105,PRCP,0,,,a,
ASN00023718,19840106,PRCP,0,,,a,
ASN00023718,19840107,PRCP,0,,,a,
ASN00023718,19840108,PRCP,0,,,a,
ASN00023718,19840109,PRCP,0,,,a,
ASN00023718,19840110,PRCP,0,,,a,
ASN00023718,19840111,PRCP,0,,,a,
ASN00023718,19840112,PRCP,0,,,a,
ASN00023718,19840113,PRCP,0,,,a,
ASN00023718,19840114,PRCP,0,,,a,
ASN00023718,19840115,PRCP,0,,,a,
ASN00023718,19840116,PRCP,0,,,a,
ASN00023718,19840117,PRCP,10,,,a,
ASN00023718,19840118,PRCP,0,,,a,
ASN00023718,19840119,PRCP,0,,,a,
ASN00023718,19840120,PRCP,0,,,a,
ASN00023718,19840121,PRCP,0,,,a,
ASN00023718,19840122,PRCP,0,,,a,
ASN00023718,19840123,PRCP,0,,,a,
ASN00023718,19840124,PRCP,0,,,a,
ASN00023718,19840125,PRCP,10,,,a,
ASN00023718,19840126,PRCP,48,,,a,
ASN00023718,19840127,PRCP,0,,,a,
ASN00023718,19840128,PRCP,0,,,a,
ASN00023718,19840129,PRCP,0,,,a,
ASN00023718,19840130,PRCP,0,,,a,
ASN00023718,19840131,PRCP,0,,,a,
ASN00023718,19840201,PRCP,0,,,a,
ASN00023718,19840202,PRCP,0,,,a,
ASN00023718,19840203,PRCP,0,,,a,
ASN00023718,19840204,PRCP,0,,,a,
ASN00023718,19840205,PRCP,0,,,a,
ASN00023718,19840206,PRCP,0,,,a,
ASN00023718,19840207,PRCP,0,,,a,
ASN00023718,19840208,PRCP,0,,,a,
ASN00023718,19840209,PRCP,0,,,a,
ASN00023718,19840210,PRCP,0,,,a,
ASN00023718,19840211,PRCP,0,,,a,
ASN00023718,19840212,PRCP,0,,,a,
ASN00023718,19840213,PRCP,28,,,a,
ASN00023718,19840214,PRCP,0,,,a,
ASN00023718,19840215,PRCP,0,,,a,
ASN00023718,19840216,PRCP,0,,,a,
ASN00023718,19840217,PRCP,0,,,a,
ASN00023718,19840218,PRCP,0,,,a,
ASN00023718,19840219,PRCP,0,,,a,
ASN00023718,19840220,PRCP,0,,,a,
ASN00023718,19840221,PRCP,0,,,a,
ASN00023718,19840222,PRCP,0,,,a,
ASN00023718,19840223,PRCP,0,,,a,
ASN00023718,19840224,PRCP,0,,,a,
ASN00023718,19840225,PRCP,0,,,a,
ASN00023718,19840226,PRCP,0,,,a,
ASN00023718,19840227,PRCP,0,,,a,
ASN00023718,19840228,PRCP,40,,,a,
ASN00023718,19840229,PRCP,0,,,a,
ASN00023718,19840301,PRCP,0,,,a,
ASN00023718,19840302,PRCP,0,,,a,
ASN00023718,19840303,PRCP,0,,,a,
ASN00023718,19840304,PRCP,0,,,a,
ASN00023718,19840305,PRCP,0,,,a,
ASN00023718,19840306,PRCP,0,,,a,
ASN00023718,19840307,PRCP,0,,,a,
ASN00023718,19840308,PRCP,0,,,a,
ASN00023718,19840309,PRCP,0,,,a,
ASN00023718,19840310,PRCP,0,,,a,
ASN00023718,19840311,PRCP,0,,,a,
ASN00023718,19840312,PRCP,40,,,a,
ASN00023718,19840313,PRCP,30,,,a,
ASN00023718,19840314,PRCP,8,,,a,
ASN00023718,19840315,PRCP,14,,,a,
ASN00023718,19840316,PRCP,0,,,a,
ASN00023718,19840317,PRCP,0,,,a,
ASN00023718,19840318,PRCP,0,,,a,
ASN00023718,19840319,PRCP,0,,,a,
ASN00023718,19840320,PRCP,0,,,a,
ASN00023718,19840321,PRCP,0,,,a,
ASN00023718,19840322,PRCP,0,,,a,
ASN00023718,19840323,PRCP,0,,,a,
ASN00023718,19840324,PRCP,0,,,a,
ASN00023718,19840325,PRCP,0,,,a,
ASN00023718,19840326,PRCP,122,,,a,
ASN00023718,19840327,PRCP,30,,,a,
ASN00023718,19840328,PRCP,0,,,a,
ASN00023718,19840329,PRCP,0,,,a,
ASN00023718,19840330,PRCP,0,,,a,
ASN00023718,19840331,PRCP,0,,,a,
ASN00023718,19840401,PRCP,0,,,a,
ASN00023718,19840402,PRCP,0,,,a,
ASN00023718,19840403,PRCP,0,,,a,
ASN00023718,19840404,PRCP,0,,,a,
ASN00023718,19840405,PRCP,0,,,a,
ASN00023718,19840406,PRCP,120,,,a,
ASN00023718,19840410,PRCP,0,,,a,
ASN00023718,19840411,PRCP,0,,,a,
ASN00023718,19840412,PRCP,0,,,a,
ASN00023718,19840413,PRCP,0,,,a,
ASN00023718,19840417,PRCP,0,,,a,
ASN00023718,19840418,PRCP,30,,,a,
ASN00023718,19840419,PRCP,0,,,a,
ASN00023718,19840427,PRCP,0,,,a,
ASN00023718,19840428,PRCP,0,,,a,
ASN00023718,19840429,PRCP,0,,,a,
ASN00023718,19840430,PRCP,0,,,a,
ASN00023718,19840409,DAPR,3,,,a,
ASN00023718,19840416,DAPR,3,,,a,
ASN00023718,19840424,DAPR,5,,,a,
ASN00023718,19840426,DAPR,2,,,a,
ASN00023718,19840409,DWPR,1,,,a,
ASN00023718,19840416,DWPR,1,,,a,
ASN00023718,19840424,DWPR,1,,,a,
ASN00023718,19840426,DWPR,1,,,a,
ASN00023718,19840409,MDPR,22,,,a,
ASN00023718,19840416,MDPR,36,,,a,
ASN00023718,19840424,MDPR,70,,,a,
ASN00023718,19840426,MDPR,4,,,a,
ASN00023718,19840501,PRCP,0,,,a,
ASN00023718,19840502,PRCP,0,,,a,
ASN00023718,19840503,PRCP,0,,,a,
ASN00023718,19840504,PRCP,6,,,a,
ASN00023718,19840508,PRCP,0,,,a,
ASN00023718,19840509,PRCP,0,,,a,
ASN00023718,19840510,PRCP,0,,,a,
ASN00023718,19840511,PRCP,20,,,a,
ASN00023718,19840515,PRCP,0,,,a,
ASN00023718,19840516,PRCP,0,,,a,
ASN00023718,19840517,PRCP,0,,,a,
ASN00023718,19840518,PRCP,0,,,a,
ASN00023718,19840519,PRCP,0,,,a,
ASN00023718,19840523,PRCP,22,,,a,
ASN00023718,19840524,PRCP,20,,,a,
ASN00023718,19840525,PRCP,2,,,a,
ASN00023718,19840526,PRCP,0,,,a,
ASN00023718,19840527,PRCP,0,,,a,
ASN00023718,19840528,PRCP,0,,,a,
ASN00023718,19840529,PRCP,4,,,a,
ASN00023718,19840530,PRCP,0,,,a,
ASN00023718,19840531,PRCP,0,,,a,
ASN00023718,19840507,DAPR,3,,,a,
ASN00023718,19840514,DAPR,3,,,a,
ASN00023718,19840522,DAPR,3,,,a,
ASN00023718,19840507,DWPR,1,,,a,
ASN00023718,19840514,DWPR,1,,,a,
ASN00023718,19840522,DWPR,1,,,a,
ASN00023718,19840507,MDPR,70,,,a,
ASN00023718,19840514,MDPR,34,,,a,
ASN00023718,19840522,MDPR,124,,,a,
ASN00023718,19840601,PRCP,10,,,a,
ASN00023718,19840602,PRCP,0,,,a,
ASN00023718,19840603,PRCP,0,,,a,
ASN00023718,19840604,PRCP,0,,,a,
ASN00023718,19840605,PRCP,0,,,a,
ASN00023718,19840606,PRCP,0,,,a,
ASN00023718,19840607,PRCP,0,,,a,
ASN00023718,19840608,PRCP,62,,,a,
ASN00023718,19840613,PRCP,0,,,a,
ASN00023718,19840614,PRCP,0,,,a,
ASN00023718,19840615,PRCP,42,,,a,
ASN00023718,19840616,PRCP,0,,,a,
ASN00023718,19840617,PRCP,0,,,a,
ASN00023718,19840618,PRCP,74,,,a,
ASN00023718,19840619,PRCP,0,,,a,
ASN00023718,19840620,PRCP,0,,,a,
ASN00023718,19840621,PRCP,0,,,a,
ASN00023718,19840622,PRCP,0,,,a,
ASN00023718,19840623,PRCP,0,,,a,
ASN00023718,19840624,PRCP,0,,,a,
ASN00023718,19840625,PRCP,104,,,a,
ASN00023718,19840626,PRCP,0,,,a,
ASN00023718,19840627,PRCP,0,,,a,
ASN00023718,19840628,PRCP,0,,,a,
ASN00023718,19840629,PRCP,0,,,a,
ASN00023718,19840630,PRCP,0,,,a,
ASN00023718,19840612,DAPR,4,,,a,
ASN00023718,19840612,DWPR,1,,,a,
ASN00023718,19840612,MDPR,70,,,a,
ASN00023718,19840701,PRCP,0,,,a,
ASN00023718,19840702,PRCP,42,,,a,
ASN00023718,19840703,PRCP,112,,,a,
ASN00023718,19840704,PRCP,52,,,a,
ASN00023718,19840705,PRCP,0,,,a,
ASN00023718,19840706,PRCP,0,,,a,
ASN00023718,19840710,PRCP,94,,,a,
ASN00023718,19840711,PRCP,10,,,a,
ASN00023718,19840712,PRCP,28,,,a,
ASN00023718,19840713,PRCP,228,,,a,
ASN00023718,19840717,PRCP,6,,,a,
ASN00023718,19840718,PRCP,2,,,a,
ASN00023718,19840719,PRCP,50,,,a,
ASN00023718,19840720,PRCP,0,,,a,
ASN00023718,19840724,PRCP,100,,,a,
ASN00023718,19840725,PRCP,8,,,a,
ASN00023718,19840726,PRCP,0,,,a,
ASN00023718,19840727,PRCP,0,,,a,
ASN00023718,19840731,PRCP,0,,,a,
ASN00023718,19840709,DAPR,3,,,a,
ASN00023718,19840716,DAPR,3,,,a,
ASN00023718,19840723,DAPR,3,,,a,
ASN00023718,19840730,DAPR,3,,,a,
ASN00023718,19840709,DWPR,1,,,a,
ASN00023718,19840716,DWPR,1,,,a,
ASN00023718,19840723,DWPR,1,,,a,
ASN00023718,19840730,DWPR,1,,,a,
ASN00023718,19840709,MDPR,48,,,a,
ASN00023718,19840716,MDPR,98,,,a,
ASN00023718,19840723,MDPR,14,,,a,
ASN00023718,19840730,MDPR,10,,,a,
ASN00023718,19840801,PRCP,0,,,a,
ASN00023718,19840802,PRCP,0,,,a,
ASN00023718,19840803,PRCP,0,,,a,
ASN00023718,19840807,PRCP,0,,,a,
ASN00023718,19840808,PRCP,0,,,a,
ASN00023718,19840809,PRCP,20,,,a,
ASN00023718,19840810,PRCP,110,,,a,
ASN00023718,19840814,PRCP,6,,,a,
ASN00023718,19840815,PRCP,0,,,a,
ASN00023718,19840816,PRCP,82,,,a,
ASN00023718,19840817,PRCP,20,,,a,
ASN00023718,19840821,PRCP,26,,,a,
ASN00023718,19840822,PRCP,8,,,a,
ASN00023718,19840823,PRCP,10,,,a,
ASN00023718,19840824,PRCP,54,,,a,
ASN00023718,19840828,PRCP,52,,,a,
ASN00023718,19840829,PRCP,0,,,a,
ASN00023718,19840830,PRCP,0,,,a,
ASN00023718,19840831,PRCP,2,,,a,
ASN00023718,19840806,DAPR,3,,,a,
ASN00023718,19840813,DAPR,3,,,a,
ASN00023718,19840820,DAPR,3,,,a,
ASN00023718,19840827,DAPR,3,,,a,
ASN00023718,19840806,DWPR,1,,,a,
ASN00023718,19840813,DWPR,1,,,a,
ASN00023718,19840820,DWPR,1,,,a,
ASN00023718,19840827,DWPR,1,,,a,
ASN00023718,19840806,MDPR,98,,,a,
ASN00023718,19840813,MDPR,142,,,a,
ASN00023718,19840820,MDPR,148,,,a,
ASN00023718,19840827,MDPR,62,,,a,
ASN00023718,19840901,PRCP,0,,,a,
ASN00023718,19840902,PRCP,74,,,a,
ASN00023718,19840903,PRCP,100,,,a,
ASN00023718,19840904,PRCP,4,,,a,
ASN00023718,19840905,PRCP,0,,,a,
ASN00023718,19840906,PRCP,0,,,a,
ASN00023718,19840907,PRCP,0,,,a,
ASN00023718,19840908,PRCP,0,,,a,
ASN00023718,19840909,PRCP,0,,,a,
ASN00023718,19840910,PRCP,0,,,a,
ASN00023718,19840911,PRCP,88,,,a,
ASN00023718,19840912,PRCP,0,,,a,
ASN00023718,19840913,PRCP,0,,,a,
ASN00023718,19840914,PRCP,0,,,a,
ASN00023718,19840918,PRCP,18,,,a,
ASN00023718,19840919,PRCP,12,,,a,
ASN00023718,19840920,PRCP,0,,,a,
ASN00023718,19840921,PRCP,26,,,a,
ASN00023718,19840925,PRCP,28,,,a,
ASN00023718,19840926,PRCP,8,,,a,
ASN00023718,19840927,PRCP,8,,,a,
ASN00023718,19840928,PRCP,52,,,a,
ASN00023718,19840929,PRCP,0,,,a,
ASN00023718,19840930,PRCP,0,,,a,
ASN00023718,19840917,DAPR,3,,,a,
ASN00023718,19840924,DAPR,3,,,a,
ASN00023718,19840917,DWPR,1,,,a,
ASN00023718,19840924,DWPR,1,,,a,
ASN00023718,19840917,MDPR,134,,,a,
ASN00023718,19840924,MDPR,84,,,a,
ASN00023718,19841001,PRCP,1,,,a,
ASN00023718,19841002,PRCP,14,,,a,
ASN00023718,19841003,PRCP,172,,,a,
ASN00023718,19841004,PRCP,0,,,a,
ASN00023718,19841005,PRCP,0,,,a,
ASN00023718,19841006,PRCP,0,,,a,
ASN00023718,19841007,PRCP,0,,,a,
ASN00023718,19841008,PRCP,0,,,a,
ASN00023718,19841009,PRCP,16,,,a,
ASN00023718,19841010,PRCP,0,,,a,
ASN00023718,19841011,PRCP,0,,,a,
ASN00023718,19841012,PRCP,0,,,a,
ASN00023718,19841013,PRCP,0,,,a,
ASN00023718,19841014,PRCP,0,,,a,
ASN00023718,19841015,PRCP,0,,,a,
ASN00023718,19841016,PRCP,4,,,a,
ASN00023718,19841017,PRCP,16,,,a,
ASN00023718,19841018,PRCP,4,,,a,
ASN00023718,19841019,PRCP,0,,,a,
ASN00023718,19841020,PRCP,0,,,a,
ASN00023718,19841021,PRCP,0,,,a,
ASN00023718,19841022,PRCP,0,,,a,
ASN00023718,19841023,PRCP,0,,,a,
ASN00023718,19841024,PRCP,0,,,a,
ASN00023718,19841025,PRCP,0,,,a,
ASN00023718,19841026,PRCP,0,,,a,
ASN00023718,19841027,PRCP,0,,,a,
ASN00023718,19841028,PRCP,0,,,a,
ASN00023718,19841029,PRCP,0,,,a,
ASN00023718,19841030,PRCP,0,,,a,
ASN00023718,19841031,PRCP,0,,,a,
ASN00023718,19841101,PRCP,56,,,a,
ASN00023718,19841102,PRCP,18,,,a,
ASN00023718,19841103,PRCP,0,,,a,
ASN00023718,19841104,PRCP,0,,,a,
ASN00023718,19841105,PRCP,0,,,a,
ASN00023718,19841106,PRCP,0,,,a,
ASN00023718,19841107,PRCP,0,,,a,
ASN00023718,19841108,PRCP,0,,,a,
ASN00023718,19841109,PRCP,0,,,a,
ASN00023718,19841113,PRCP,8,,,a,
ASN00023718,19841114,PRCP,8,,,a,
ASN00023718,19841115,PRCP,0,,,a,
ASN00023718,19841116,PRCP,0,,,a,
ASN00023718,19841120,PRCP,0,,,a,
ASN00023718,19841121,PRCP,0,,,a,
ASN00023718,19841122,PRCP,20,,,a,
ASN00023718,19841123,PRCP,28,,,a,
ASN00023718,19841127,PRCP,0,,,a,
ASN00023718,19841128,PRCP,0,,,a,
ASN00023718,19841129,PRCP,0,,,a,
ASN00023718,19841130,PRCP,0,,,a,
ASN00023718,19841112,DAPR,3,,,a,
ASN00023718,19841119,DAPR,3,,,a,
ASN00023718,19841126,DAPR,3,,,a,
ASN00023718,19841112,DWPR,1,,,a,
ASN00023718,19841119,DWPR,1,,,a,
ASN00023718,19841126,DWPR,1,,,a,
ASN00023718,19841112,MDPR,286,,,a,
ASN00023718,19841119,MDPR,20,,,a,
ASN00023718,19841126,MDPR,8,,,a,
ASN00023718,19841204,PRCP,0,,,a,
ASN00023718,19841205,PRCP,2,,,a,
ASN00023718,19841206,PRCP,0,,,a,
ASN00023718,19841207,PRCP,0,,,a,
ASN00023718,19841208,PRCP,0,,,a,
ASN00023718,19841209,PRCP,0,,,a,
ASN00023718,19841210,PRCP,0,,,a,
ASN00023718,19841211,PRCP,6,,,a,
ASN00023718,19841212,PRCP,0,,,a,
ASN00023718,19841213,PRCP,0,,,a,
ASN00023718,19841214,PRCP,4,,,a,
ASN00023718,19841215,PRCP,0,,,a,
ASN00023718,19841216,PRCP,0,,,a,
ASN00023718,19841217,PRCP,0,,,a,
ASN00023718,19841218,PRCP,0,,,a,
ASN00023718,19841219,PRCP,0,,,a,
ASN00023718,19841220,PRCP,14,,,a,
ASN00023718,19841221,PRCP,0,,,a,
ASN00023718,19841222,PRCP,0,,,a,
ASN00023718,19841223,PRCP,0,,,a,
ASN00023718,19841224,PRCP,0,,,a,
ASN00023718,19841225,PRCP,0,,,a,
ASN00023718,19841226,PRCP,0,,,a,
ASN00023718,19841227,PRCP,2,,,a,
ASN00023718,19841228,PRCP,0,,,a,
ASN00023718,19841229,PRCP,0,,,a,
ASN00023718,19841230,PRCP,0,,,a,
ASN00023718,19841231,PRCP,0,,,a,
ASN00023718,19841203,DAPR,3,,,a,
ASN00023718,19841203,DWPR,1,,,a,
ASN00023718,19841203,MDPR,6,,,a,
ASN00023718,19850101,PRCP,0,,,a,
ASN00023718,19850102,PRCP,60,,,a,
ASN00023718,19850103,PRCP,30,,,a,
ASN00023718,19850104,PRCP,0,,,a,
ASN00023718,19850105,PRCP,0,,,a,
ASN00023718,19850106,PRCP,0,,,a,
ASN00023718,19850107,PRCP,0,,,a,
ASN00023718,19850108,PRCP,0,,,a,
ASN00023718,19850109,PRCP,0,,,a,
ASN00023718,19850110,PRCP,0,,,a,
ASN00023718,19850111,PRCP,0,,,a,
ASN00023718,19850112,PRCP,0,,,a,
ASN00023718,19850113,PRCP,0,,,a,
ASN00023718,19850114,PRCP,0,,,a,
ASN00023718,19850115,PRCP,0,,,a,
ASN00023718,19850116,PRCP,0,,,a,
ASN00023718,19850117,PRCP,12,,,a,
ASN00023718,19850118,PRCP,0,,,a,
ASN00023718,19850119,PRCP,0,,,a,
ASN00023718,19850120,PRCP,0,,,a,
ASN00023718,19850121,PRCP,0,,,a,
ASN00023718,19850122,PRCP,0,,,a,
ASN00023718,19850123,PRCP,0,,,a,
ASN00023718,19850124,PRCP,0,,,a,
ASN00023718,19850125,PRCP,0,,,a,
ASN00023718,19850126,PRCP,0,,,a,
ASN00023718,19850127,PRCP,0,,,a,
ASN00023718,19850128,PRCP,0,,,a,
ASN00023718,19850129,PRCP,0,,,a,
ASN00023718,19850130,PRCP,0,,,a,
ASN00023718,19850131,PRCP,0,,,a,
ASN00023718,19850201,PRCP,0,,,a,
ASN00023718,19850202,PRCP,0,,,a,
ASN00023718,19850203,PRCP,0,,,a,
ASN00023718,19850204,PRCP,0,,,a,
ASN00023718,19850205,PRCP,0,,,a,
ASN00023718,19850206,PRCP,0,,,a,
ASN00023718,19850207,PRCP,42,,,a,
ASN00023718,19850208,PRCP,0,,,a,
ASN00023718,19850209,PRCP,0,,,a,
ASN00023718,19850210,PRCP,0,,,a,
ASN00023718,19850211,PRCP,0,,,a,
ASN00023718,19850212,PRCP,0,,,a,
ASN00023718,19850213,PRCP,0,,,a,
ASN00023718,19850214,PRCP,0,,,a,
ASN00023718,19850215,PRCP,0,,,a,
ASN00023718,19850216,PRCP,0,,,a,
ASN00023718,19850217,PRCP,0,,,a,
ASN00023718,19850218,PRCP,0,,,a,
ASN00023718,19850219,PRCP,0,,,a,
ASN00023718,19850220,PRCP,0,,,a,
ASN00023718,19850221,PRCP,0,,,a,
ASN00023718,19850222,PRCP,0,,,a,
ASN00023718,19850223,PRCP,0,,,a,
ASN00023718,19850224,PRCP,0,,,a,
ASN00023718,19850225,PRCP,0,,,a,
ASN00023718,19850226,PRCP,22,,,a,
ASN00023718,19850227,PRCP,0,,,a,
ASN00023718,19850228,PRCP,0,,,a,
ASN00023718,19850301,PRCP,0,,,a,
ASN00023718,19850302,PRCP,0,,,a,
ASN00023718,19850303,PRCP,0,,,a,
ASN00023718,19850304,PRCP,8,,,a,
ASN00023718,19850305,PRCP,0,,,a,
ASN00023718,19850306,PRCP,22,,,a,
ASN00023718,19850307,PRCP,0,,,a,
ASN00023718,19850308,PRCP,0,,,a,
ASN00023718,19850309,PRCP,0,,,a,
ASN00023718,19850310,PRCP,0,,,a,
ASN00023718,19850311,PRCP,0,,,a,
ASN00023718,19850312,PRCP,0,,,a,
ASN00023718,19850313,PRCP,0,,,a,
ASN00023718,19850314,PRCP,0,,,a,
ASN00023718,19850315,PRCP,12,,,a,
ASN00023718,19850316,PRCP,0,,,a,
ASN00023718,19850317,PRCP,0,,,a,
ASN00023718,19850318,PRCP,300,,,a,
ASN00023718,19850319,PRCP,0,,,a,
ASN00023718,19850320,PRCP,0,,,a,
ASN00023718,19850321,PRCP,0,,,a,
ASN00023718,19850322,PRCP,0,,,a,
ASN00023718,19850323,PRCP,0,,,a,
ASN00023718,19850324,PRCP,0,,,a,
ASN00023718,19850325,PRCP,0,,,a,
ASN00023718,19850326,PRCP,0,,,a,
ASN00023718,19850327,PRCP,0,,,a,
ASN00023718,19850328,PRCP,0,,,a,
ASN00023718,19850329,PRCP,0,,,a,
ASN00023718,19850330,PRCP,0,,,a,
ASN00023718,19850331,PRCP,0,,,a,
ASN00023718,19850401,PRCP,10,,,a,
ASN00023718,19850402,PRCP,6,,,a,
ASN00023718,19850403,PRCP,0,,,a,
ASN00023718,19850404,PRCP,0,,,a,
ASN00023718,19850405,PRCP,0,,,a,
ASN00023718,19850406,PRCP,0,,,a,
ASN00023718,19850407,PRCP,0,,,a,
ASN00023718,19850408,PRCP,0,,,a,
ASN00023718,19850409,PRCP,34,,,a,
ASN00023718,19850410,PRCP,0,,,a,
ASN00023718,19850411,PRCP,0,,,a,
ASN00023718,19850412,PRCP,0,,,a,
ASN00023718,19850413,PRCP,0,,,a,
ASN00023718,19850414,PRCP,0,,,a,
ASN00023718,19850415,PRCP,556,,,a,
ASN00023718,19850416,PRCP,84,,,a,
ASN00023718,19850417,PRCP,134,,,a,
ASN00023718,19850418,PRCP,20,,,a,
ASN00023718,19850419,PRCP,16,,,a,
ASN00023718,19850420,PRCP,0,,,a,
ASN00023718,19850421,PRCP,0,,,a,
ASN00023718,19850422,PRCP,12,,,a,
ASN00023718,19850423,PRCP,0,,,a,
ASN00023718,19850424,PRCP,0,,,a,
ASN00023718,19850425,PRCP,0,,,a,
ASN00023718,19850426,PRCP,0,,,a,
ASN00023718,19850427,PRCP,0,,,a,
ASN00023718,19850428,PRCP,0,,,a,
ASN00023718,19850429,PRCP,0,,,a,
ASN00023718,19850430,PRCP,0,,,a,
ASN00023718,19850501,PRCP,0,,,a,
ASN00023718,19850502,PRCP,0,,,a,
ASN00023718,19850503,PRCP,0,,,a,
ASN00023718,19850507,PRCP,4,,,a,
ASN00023718,19850508,PRCP,40,,,a,
ASN00023718,19850509,PRCP,8,,,a,
ASN00023718,19850510,PRCP,4,,,a,
ASN00023718,19850514,PRCP,0,,,a,
ASN00023718,19850515,PRCP,8,,,a,
ASN00023718,19850516,PRCP,62,,,a,
ASN00023718,19850517,PRCP,0,,,a,
ASN00023718,19850522,PRCP,0,,,a,
ASN00023718,19850523,PRCP,10,,,a,
ASN00023718,19850524,PRCP,4,,,a,
ASN00023718,19850525,PRCP,0,,,a,
ASN00023718,19850526,PRCP,0,,,a,
ASN00023718,19850527,PRCP,0,,,a,
ASN00023718,19850528,PRCP,26,,,a,
ASN00023718,19850529,PRCP,20,,,a,
ASN00023718,19850530,PRCP,0,,,a,
ASN00023718,19850531,PRCP,2,,,a,
ASN00023718,19850506,DAPR,3,,,a,
ASN00023718,19850513,DAPR,3,,,a,
ASN00023718,19850521,DAPR,4,,,a,
ASN00023718,19850506,DWPR,1,,,a,
ASN00023718,19850513,DWPR,1,,,a,
ASN00023718,19850521,DWPR,1,,,a,
ASN00023718,19850506,MDPR,20,,,a,
ASN00023718,19850513,MDPR,4,,,a,
ASN00023718,19850521,MDPR,106,,,a,
ASN00023718,19850601,PRCP,0,,,a,
ASN00023718,19850602,PRCP,0,,,a,
ASN00023718,19850603,PRCP,34,,,a,
ASN00023718,19850604,PRCP,102,,,a,
ASN00023718,19850605,PRCP,96,,,a,
ASN00023718,19850606,PRCP,44,,,a,
ASN00023718,19850607,PRCP,0,,,a,
ASN00023718,19850608,PRCP,0,,,a,
ASN00023718,19850609,PRCP,0,,,a,
ASN00023718,19850610,PRCP,0,,,a,
ASN00023718,19850611,PRCP,12,,,a,
ASN00023718,19850612,PRCP,60,,,a,
ASN00023718,19850613,PRCP,0,,,a,
ASN00023718,19850614,PRCP,8,,,a,
ASN00023718,19850615,PRCP,0,,,a,
ASN00023718,19850616,PRCP,0,,,a,
ASN00023718,19850617,PRCP,18,,,a,
ASN00023718,19850618,PRCP,76,,,a,
ASN00023718,19850619,PRCP,22,,,a,
ASN00023718,19850620,PRCP,234,,,a,
ASN00023718,19850621,PRCP,90,,,a,
ASN00023718,19850622,PRCP,0,,,a,
ASN00023718,19850623,PRCP,0,,,a,
ASN00023718,19850624,PRCP,0,,,a,
ASN00023718,19850625,PRCP,64,,,a,
ASN00023718,19850626,PRCP,2,,,a,
ASN00023718,19850627,PRCP,0,,,a,
ASN00023718,19850628,PRCP,0,,,a,
ASN00023718,19850629,PRCP,0,,,a,
ASN00023718,19850630,PRCP,0,,,a,
ASN00023718,19850701,PRCP,0,,,a,
ASN00023718,19850702,PRCP,0,,,a,
ASN00023718,19850703,PRCP,0,,,a,
ASN00023718,19850704,PRCP,0,,,a,
ASN00023718,19850705,PRCP,0,,,a,
ASN00023718,19850706,PRCP,0,,,a,
ASN00023718,19850707,PRCP,0,,,a,
ASN00023718,19850708,PRCP,0,,,a,
ASN00023718,19850709,PRCP,0,,,a,
ASN00023718,19850710,PRCP,6,,,a,
ASN00023718,19850711,PRCP,0,,,a,
ASN00023718,19850712,PRCP,0,,,a,
ASN00023718,19850716,PRCP,102,,,a,
ASN00023718,19850717,PRCP,42,,,a,
ASN00023718,19850718,PRCP,10,,,a,
ASN00023718,19850719,PRCP,0,,,a,
ASN00023718,19850723,PRCP,4,,,a,
ASN00023718,19850724,PRCP,0,,,a,
ASN00023718,19850725,PRCP,0,,,a,
ASN00023718,19850726,PRCP,0,,,a,
ASN00023718,19850730,PRCP,50,,,a,
ASN00023718,19850731,PRCP,20,,,a,
ASN00023718,19850715,DAPR,3,,,a,
ASN00023718,19850722,DAPR,3,,,a,
ASN00023718,19850729,DAPR,3,,,a,
ASN00023718,19850715,DWPR,1,,,a,
ASN00023718,19850722,DWPR,1,,,a,
ASN00023718,19850729,DWPR,1,,,a,
ASN00023718,19850715,MDPR,68,,,a,
ASN00023718,19850722,MDPR,32,,,a,
ASN00023718,19850729,MDPR,70,,,a,
ASN00023718,19850801,PRCP,0,,,a,
ASN00023718,19850802,PRCP,0,,,a,
ASN00023718,19850806,PRCP,10,,,a,
ASN00023718,19850807,PRCP,192,,,a,
ASN00023718,19850808,PRCP,24,,,a,
ASN00023718,19850809,PRCP,26,,,a,
ASN00023718,19850813,PRCP,0,,,a,
ASN00023718,19850814,PRCP,32,,,a,
ASN00023718,19850815,PRCP,54,,,a,
ASN00023718,19850816,PRCP,18,,,a,
ASN00023718,19850817,PRCP,0,,,a,
ASN00023718,19850818,PRCP,0,,,a,
ASN00023718,19850819,PRCP,0,,,a,
ASN00023718,19850820,PRCP,0,,,a,
ASN00023718,19850821,PRCP,46,,,a,
ASN00023718,19850822,PRCP,202,,,a,
ASN00023718,19850823,PRCP,22,,,a,
ASN00023718,19850827,PRCP,0,,,a,
ASN00023718,19850828,PRCP,40,,,a,
ASN00023718,19850829,PRCP,0,,,a,
ASN00023718,19850830,PRCP,0,,,a,
ASN00023718,19850831,PRCP,0,,,a,
ASN00023718,19850805,DAPR,3,,,a,
ASN00023718,19850812,DAPR,3,,,a,
ASN00023718,19850826,DAPR,3,,,a,
ASN00023718,19850805,DWPR,1,,,a,
ASN00023718,19850812,DWPR,1,,,a,
ASN00023718,19850826,DWPR,1,,,a,
ASN00023718,19850805,MDPR,56,,,a,
ASN00023718,19850812,MDPR,6,,,a,
ASN00023718,19850826,MDPR,50,,,a,
ASN00023718,19850903,PRCP,30,,,a,
ASN00023718,19850904,PRCP,0,,,a,
ASN00023718,19850905,PRCP,0,,,a,
ASN00023718,19850906,PRCP,0,,,a,
ASN00023718,19850907,PRCP,0,,,a,
ASN00023718,19850908,PRCP,0,,,a,
ASN00023718,19850909,PRCP,0,,,a,
ASN00023718,19850910,PRCP,284,,,a,
ASN00023718,19850911,PRCP,50,,,a,
ASN00023718,19850912,PRCP,68,,,a,
ASN00023718,19850913,PRCP,134,,,a,
ASN00023718,19850917,PRCP,0,,,a,
ASN00023718,19850918,PRCP,36,,,a,
ASN00023718,19850919,PRCP,24,,,a,
ASN00023718,19850920,PRCP,10,,,a,
ASN00023718,19850921,PRCP,0,,,a,
ASN00023718,19850922,PRCP,0,,,a,
ASN00023718,19850923,PRCP,0,,,a,
ASN00023718,19850924,PRCP,0,,,a,
ASN00023718,19850925,PRCP,24,,,a,
ASN00023718,19850926,PRCP,24,,,a,
ASN00023718,19850927,PRCP,24,,,a,
ASN00023718,19850928,PRCP,0,,,a,
ASN00023718,19850929,PRCP,0,,,a,
ASN00023718,19850930,PRCP,0,,,a,
ASN00023718,19850902,DAPR,2,,,a,
ASN00023718,19850916,DAPR,3,,,a,
ASN00023718,19850902,DWPR,1,,,a,
ASN00023718,19850916,DWPR,1,,,a,
ASN00023718,19850902,MDPR,82,,,a,
ASN00023718,19850916,MDPR,52,,,a,
ASN00023718,19851001,PRCP,0,,,a,
ASN00023718,19851002,PRCP,0,,,a,
ASN00023718,19851003,PRCP,0,,,a,
ASN00023718,19851004,PRCP,0,,,a,
ASN00023718,19851008,PRCP,0,,,a,
ASN00023718,19851009,PRCP,0,,,a,
ASN00023718,19851010,PRCP,0,,,a,
ASN00023718,19851011,PRCP,0,,,a,
ASN00023718,19851016,PRCP,182,,,a,
ASN00023718,19851017,PRCP,4,,,a,
ASN00023718,19851018,PRCP,6,,,a,
ASN00023718,19851022,PRCP,46,,,a,
ASN00023718,19851023,PRCP,54,,,a,
ASN00023718,19851024,PRCP,42,,,a,
ASN00023718,19851025,PRCP,0,,,a,
ASN00023718,19851026,PRCP,0,,,a,
ASN00023718,19851027,PRCP,0,,,a,
ASN00023718,19851028,PRCP,0,,,a,
ASN00023718,19851029,PRCP,0,,,a,
ASN00023718,19851030,PRCP,0,,,a,
ASN00023718,19851031,PRCP,0,,,a,
ASN00023718,19851007,DAPR,3,,,a,
ASN00023718,19851015,DAPR,4,,,a,
ASN00023718,19851021,DAPR,3,,,a,
ASN00023718,19851007,DWPR,1,,,a,
ASN00023718,19851015,DWPR,1,,,a,
ASN00023718,19851021,DWPR,1,,,a,
ASN00023718,19851007,MDPR,36,,,a,
ASN00023718,19851015,MDPR,20,,,a,
ASN00023718,19851021,MDPR,20,,,a,
ASN00023718,19851101,PRCP,0,,,a,
ASN00023718,19851102,PRCP,0,,,a,
ASN00023718,19851103,PRCP,0,,,a,
ASN00023718,19851104,PRCP,0,,,a,
ASN00023718,19851105,PRCP,0,,,a,
ASN00023718,19851106,PRCP,0,,,a,
ASN00023718,19851107,PRCP,0,,,a,
ASN00023718,19851108,PRCP,0,,,a,
ASN00023718,19851112,PRCP,0,,,a,
ASN00023718,19851113,PRCP,0,,,a,
ASN00023718,19851114,PRCP,24,,,a,
ASN00023718,19851115,PRCP,0,,,a,
ASN00023718,19851116,PRCP,0,,,a,
ASN00023718,19851117,PRCP,0,,,a,
ASN00023718,19851118,PRCP,0,,,a,
ASN00023718,19851119,PRCP,0,,,a,
ASN00023718,19851120,PRCP,0,,,a,
ASN00023718,19851121,PRCP,0,,,a,
ASN00023718,19851122,PRCP,0,,,a,
ASN00023718,19851126,PRCP,20,,,a,
ASN00023718,19851127,PRCP,0,,,a,
ASN00023718,19851128,PRCP,0,,,a,
ASN00023718,19851129,PRCP,0,,,a,
ASN00023718,19851130,PRCP,0,,,a,
ASN00023718,19851111,DAPR,3,,,a,
ASN00023718,19851125,DAPR,3,,,a,
ASN00023718,19851111,DWPR,1,,,a,
ASN00023718,19851125,DWPR,1,,,a,
ASN00023718,19851111,MDPR,24,,,a,
ASN00023718,19851125,MDPR,6,,,a,
ASN00023718,19851203,PRCP,0,,,a,
ASN00023718,19851204,PRCP,0,,,a,
ASN00023718,19851205,PRCP,0,,,a,
ASN00023718,19851206,PRCP,0,,,a,
ASN00023718,19851210,PRCP,20,,,a,
ASN00023718,19851211,PRCP,8,,,a,
ASN00023718,19851212,PRCP,0,,,a,
ASN00023718,19851213,PRCP,0,,,a,
ASN00023718,19851217,PRCP,8,,,a,
ASN00023718,19851218,PRCP,0,,,a,
ASN00023718,19851219,PRCP,0,,,a,
ASN00023718,19851220,PRCP,0,,,a,
ASN00023718,19851224,PRCP,0,,,a,
ASN00023718,19851225,PRCP,0,,,a,
ASN00023718,19851226,PRCP,0,,,a,
ASN00023718,19851227,PRCP,8,,,a,
ASN00023718,19851202,DAPR,2,,,a,
ASN00023718,19851209,DAPR,3,,,a,
ASN00023718,19851216,DAPR,3,,,a,
ASN00023718,19851223,DAPR,3,,,a,
ASN00023718,19851231,DAPR,4,,,a,
ASN00023718,19851202,DWPR,1,,,a,
ASN00023718,19851209,DWPR,1,,,a,
ASN00023718,19851216,DWPR,1,,,a,
ASN00023718,19851223,DWPR,1,,,a,
ASN00023718,19851231,DWPR,1,,,a,
ASN00023718,19851202,MDPR,50,,,a,
ASN00023718,19851209,MDPR,236,,,a,
ASN00023718,19851216,MDPR,10,,,a,
ASN00023718,19851223,MDPR,78,,,a,
ASN00023718,19851231,MDPR,4,,,a,
ASN00023718,19860101,PRCP,0,,,a,
ASN00023718,19860102,PRCP,0,,,a,
ASN00023718,19860103,PRCP,0,,,a,
ASN00023718,19860104,PRCP,0,,,a,
ASN00023718,19860105,PRCP,0,,,a,
ASN00023718,19860106,PRCP,0,,,a,
ASN00023718,19860107,PRCP,0,,,a,
ASN00023718,19860108,PRCP,0,,,a,
ASN00023718,19860109,PRCP,0,,,a,
ASN00023718,19860110,PRCP,0,,,a,
ASN00023718,19860111,PRCP,0,,,a,
ASN00023718,19860112,PRCP,0,,,a,
ASN00023718,19860113,PRCP,0,,,a,
ASN00023718,19860114,PRCP,0,,,a,
ASN00023718,19860115,PRCP,0,,,a,
ASN00023718,19860116,PRCP,40,,,a,
ASN00023718,19860117,PRCP,0,,,a,
ASN00023718,19860118,PRCP,0,,,a,
ASN00023718,19860119,PRCP,0,,,a,
ASN00023718,19860120,PRCP,0,,,a,
ASN00023718,19860121,PRCP,0,,,a,
ASN00023718,19860122,PRCP,0,,,a,
ASN00023718,19860123,PRCP,0,,,a,
ASN00023718,19860124,PRCP,0,,,a,
ASN00023718,19860125,PRCP,0,,,a,
ASN00023718,19860126,PRCP,0,,,a,
ASN00023718,19860127,PRCP,0,,,a,
ASN00023718,19860128,PRCP,0,,,a,
ASN00023718,19860129,PRCP,0,,,a,
ASN00023718,19860130,PRCP,0,,,a,
ASN00023718,19860131,PRCP,0,,,a,
ASN00023718,19860201,PRCP,0,,,a,
ASN00023718,19860202,PRCP,0,,,a,
ASN00023718,19860203,PRCP,0,,,a,
ASN00023718,19860204,PRCP,0,,,a,
ASN00023718,19860205,PRCP,0,,,a,
ASN00023718,19860206,PRCP,0,,,a,
ASN00023718,19860207,PRCP,0,,,a,
ASN00023718,19860208,PRCP,0,,,a,
ASN00023718,19860209,PRCP,0,,,a,
ASN00023718,19860210,PRCP,0,,,a,
ASN00023718,19860211,PRCP,0,,,a,
ASN00023718,19860212,PRCP,0,,,a,
ASN00023718,19860213,PRCP,0,,,a,
ASN00023718,19860214,PRCP,0,,,a,
ASN00023718,19860215,PRCP,0,,,a,
ASN00023718,19860216,PRCP,0,,,a,
ASN00023718,19860217,PRCP,8,,,a,
ASN00023718,19860218,PRCP,0,,,a,
ASN00023718,19860219,PRCP,0,,,a,
ASN00023718,19860220,PRCP,0,,,a,
ASN00023718,19860221,PRCP,0,,,a,
ASN00023718,19860222,PRCP,0,,,a,
ASN00023718,19860223,PRCP,0,,,a,
ASN00023718,19860224,PRCP,0,,,a,
ASN00023718,19860225,PRCP,0,,,a,
ASN00023718,19860226,PRCP,0,,,a,
ASN00023718,19860227,PRCP,0,,,a,
ASN00023718,19860228,PRCP,0,,,a,
ASN00023718,19860301,PRCP,0,,,a,
ASN00023718,19860302,PRCP,0,,,a,
ASN00023718,19860303,PRCP,0,,,a,
ASN00023718,19860304,PRCP,0,,,a,
ASN00023718,19860305,PRCP,0,,,a,
ASN00023718,19860306,PRCP,0,,,a,
ASN00023718,19860307,PRCP,0,,,a,
ASN00023718,19860311,PRCP,0,,,a,
ASN00023718,19860312,PRCP,0,,,a,
ASN00023718,19860313,PRCP,0,,,a,
ASN00023718,19860314,PRCP,0,,,a,
ASN00023718,19860315,PRCP,0,,,a,
ASN00023718,19860316,PRCP,0,,,a,
ASN00023718,19860317,PRCP,0,,,a,
ASN00023718,19860318,PRCP,0,,,a,
ASN00023718,19860319,PRCP,0,,,a,
ASN00023718,19860320,PRCP,0,,,a,
ASN00023718,19860321,PRCP,0,,,a,
ASN00023718,19860322,PRCP,0,,,a,
ASN00023718,19860323,PRCP,0,,,a,
ASN00023718,19860324,PRCP,0,,,a,
ASN00023718,19860325,PRCP,0,,,a,
ASN00023718,19860326,PRCP,0,,,a,
ASN00023718,19860327,PRCP,0,,,a,
ASN00023718,19860328,PRCP,0,,,a,
ASN00023718,19860329,PRCP,0,,,a,
ASN00023718,19860330,PRCP,0,,,a,
ASN00023718,19860331,PRCP,0,,,a,
ASN00023718,19860310,DAPR,3,,,a,
ASN00023718,19860310,DWPR,1,,,a,
ASN00023718,19860310,MDPR,16,,,a,
ASN00023718,19860401,PRCP,0,,,a,
ASN00023718,19860402,PRCP,0,,,a,
ASN00023718,19860403,PRCP,0,,,a,
ASN00023718,19860404,PRCP,0,,,a,
ASN00023718,19860405,PRCP,0,,,a,
ASN00023718,19860406,PRCP,0,,,a,
ASN00023718,19860407,PRCP,0,,,a,
ASN00023718,19860408,PRCP,0,,,a,
ASN00023718,19860409,PRCP,0,,,a,
ASN00023718,19860410,PRCP,0,,,a,
ASN00023718,19860411,PRCP,0,,,a,
ASN00023718,19860412,PRCP,0,,,a,
ASN00023718,19860413,PRCP,0,,,a,
ASN00023718,19860414,PRCP,0,,,a,
ASN00023718,19860415,PRCP,0,,,a,
ASN00023718,19860416,PRCP,114,,,a,
ASN00023718,19860417,PRCP,126,,,a,
ASN00023718,19860418,PRCP,16,,,a,
ASN00023718,19860419,PRCP,0,,,a,
ASN00023718,19860420,PRCP,0,,,a,
ASN00023718,19860421,PRCP,24,,,a,
ASN00023718,19860422,PRCP,8,,,a,
ASN00023718,19860423,PRCP,12,,,a,
ASN00023718,19860424,PRCP,124,,,a,
ASN00023718,19860425,PRCP,0,,,a,
ASN00023718,19860426,PRCP,0,,,a,
ASN00023718,19860427,PRCP,0,,,a,
ASN00023718,19860428,PRCP,130,,,a,
ASN00023718,19860429,PRCP,62,,,a,
ASN00023718,19860430,PRCP,32,,,a,
ASN00023718,19860501,PRCP,26,,,a,
ASN00023718,19860502,PRCP,0,,,a,
ASN00023718,19860503,PRCP,0,,,a,
ASN00023718,19860504,PRCP,0,,,a,
ASN00023718,19860505,PRCP,0,,,a,
ASN00023718,19860506,PRCP,0,,,a,
ASN00023718,19860507,PRCP,0,,,a,
ASN00023718,19860508,PRCP,18,,,a,
ASN00023718,19860509,PRCP,6,,,a,
ASN00023718,19860510,PRCP,0,,,a,
ASN00023718,19860511,PRCP,0,,,a,
ASN00023718,19860512,PRCP,0,,,a,
ASN00023718,19860513,PRCP,0,,,a,
ASN00023718,19860514,PRCP,0,,,a,
ASN00023718,19860515,PRCP,20,,,a,
ASN00023718,19860516,PRCP,100,,,a,
ASN00023718,19860521,PRCP,20,,,a,
ASN00023718,19860522,PRCP,2,,,a,
ASN00023718,19860523,PRCP,60,,,a,
ASN00023718,19860524,PRCP,0,,,a,
ASN00023718,19860525,PRCP,0,,,a,
ASN00023718,19860526,PRCP,0,,,a,
ASN00023718,19860527,PRCP,0,,,a,
ASN00023718,19860528,PRCP,0,,,a,
ASN00023718,19860529,PRCP,28,,,a,
ASN00023718,19860530,PRCP,14,,,a,
ASN00023718,19860531,PRCP,0,,,a,
ASN00023718,19860520,DAPR,4,,,a,
ASN00023718,19860520,DWPR,1,,,a,
ASN00023718,19860520,MDPR,98,,,a,
ASN00023718,19860601,PRCP,0,,,a,
ASN00023718,19860602,PRCP,0,,,a,
ASN00023718,19860603,PRCP,0,,,a,
ASN00023718,19860604,PRCP,0,,,a,
ASN00023718,19860605,PRCP,12,,,a,
ASN00023718,19860606,PRCP,0,,,a,
ASN00023718,19860611,PRCP,0,,,a,
ASN00023718,19860612,PRCP,0,,,a,
ASN00023718,19860613,PRCP,0,,,a,
ASN00023718,19860614,PRCP,0,,,a,
ASN00023718,19860615,PRCP,0,,,a,
ASN00023718,19860616,PRCP,0,,,a,
ASN00023718,19860617,PRCP,20,,,a,
ASN00023718,19860618,PRCP,94,,,a,
ASN00023718,19860619,PRCP,8,,,a,
ASN00023718,19860620,PRCP,30,,,a,
ASN00023718,19860624,PRCP,0,,,a,
ASN00023718,19860625,PRCP,0,,,a,
ASN00023718,19860626,PRCP,0,,,a,
ASN00023718,19860627,PRCP,0,,,a,
ASN00023718,19860610,DAPR,4,,,a,
ASN00023718,19860623,DAPR,3,,,a,
ASN00023718,19860630,DAPR,3,,,a,
ASN00023718,19860610,DWPR,1,,,a,
ASN00023718,19860623,DWPR,1,,,a,
ASN00023718,19860630,DWPR,1,,,a,
ASN00023718,19860610,MDPR,24,,,a,
ASN00023718,19860623,MDPR,118,,,a,
ASN00023718,19860630,MDPR,26,,,a,
ASN00023718,19860701,PRCP,48,,,a,
ASN00023718,19860702,PRCP,214,,,a,
ASN00023718,19860703,PRCP,86,,,a,
ASN00023718,19860704,PRCP,92,,,a,
ASN00023718,19860708,PRCP,74,,,a,
ASN00023718,19860709,PRCP,104,,,a,
ASN00023718,19860710,PRCP,10,,,a,
ASN00023718,19860711,PRCP,0,,,a,
ASN00023718,19860712,PRCP,0,,,a,
ASN00023718,19860713,PRCP,0,,,a,
ASN00023718,19860714,PRCP,0,,,a,
ASN00023718,19860715,PRCP,0,,,a,
ASN00023718,19860716,PRCP,4,,,a,
ASN00023718,19860717,PRCP,22,,,a,
ASN00023718,19860718,PRCP,32,,,a,
ASN00023718,19860719,PRCP,0,,,a,
ASN00023718,19860720,PRCP,0,,,a,
ASN00023718,19860721,PRCP,0,,,a,
ASN00023718,19860722,PRCP,0,,,a,
ASN00023718,19860723,PRCP,58,,,a,
ASN00023718,19860724,PRCP,0,,,a,
ASN00023718,19860725,PRCP,70,,,a,
ASN00023718,19860729,PRCP,0,,,a,
ASN00023718,19860730,PRCP,4,,,a,
ASN00023718,19860731,PRCP,0,,,a,
ASN00023718,19860707,DAPR,3,,,a,
ASN00023718,19860728,DAPR,3,,,a,
ASN00023718,19860707,DWPR,1,,,a,
ASN00023718,19860728,DWPR,1,,,a,
ASN00023718,19860707,MDPR,94,,,a,
ASN00023718,19860728,MDPR,8,,,a,
ASN00023718,19860801,PRCP,0,,,a,
ASN00023718,19860805,PRCP,2,,,a,
ASN00023718,19860806,PRCP,10,,,a,
ASN00023718,19860807,PRCP,0,,,a,
ASN00023718,19860808,PRCP,0,,,a,
ASN00023718,19860812,PRCP,8,,,a,
ASN00023718,19860813,PRCP,0,,,a,
ASN00023718,19860814,PRCP,102,,,a,
ASN00023718,19860815,PRCP,368,,,a,
ASN00023718,19860819,PRCP,0,,,a,
ASN00023718,19860820,PRCP,0,,,a,
ASN00023718,19860821,PRCP,18,,,a,
ASN00023718,19860822,PRCP,0,,,a,
ASN00023718,19860826,PRCP,8,,,a,
ASN00023718,19860827,PRCP,0,,,a,
ASN00023718,19860828,PRCP,0,,,a,
ASN00023718,19860829,PRCP,18,,,a,
ASN00023718,19860804,DAPR,3,,,a,
ASN00023718,19860811,DAPR,3,,,a,
ASN00023718,19860818,DAPR,3,,,a,
ASN00023718,19860825,DAPR,3,,,a,
ASN00023718,19860831,DAPR,2,,,a,
ASN00023718,19860804,DWPR,1,,,a,
ASN00023718,19860811,DWPR,1,,,a,
ASN00023718,19860818,DWPR,1,,,a,
ASN00023718,19860825,DWPR,1,,,a,
ASN00023718,19860831,DWPR,1,,,a,
ASN00023718,19860804,MDPR,230,,,a,
ASN00023718,19860811,MDPR,48,,,a,
ASN00023718,19860818,MDPR,246,,,a,
ASN00023718,19860825,MDPR,32,,,a,
ASN00023718,19860831,MDPR,80,,,a,
ASN00023718,19860901,PRCP,6,,,a,
ASN00023718,19860902,PRCP,0,,,a,
ASN00023718,19860903,PRCP,0,,,a,
ASN00023718,19860904,PRCP,0,,,a,
ASN00023718,19860905,PRCP,0,,,a,
ASN00023718,19860909,PRCP,0,,,a,
ASN00023718,19860910,PRCP,0,,,a,
ASN00023718,19860911,PRCP,0,,,a,
ASN00023718,19860912,PRCP,164,,,a,
ASN00023718,19860916,PRCP,22,,,a,
ASN00023718,19860917,PRCP,36,,,a,
ASN00023718,19860918,PRCP,6,,,a,
ASN00023718,19860919,PRCP,4,,,a,
ASN00023718,19860923,PRCP,6,,,a,
ASN00023718,19860924,PRCP,0,,,a,
ASN00023718,19860925,PRCP,0,,,a,
ASN00023718,19860926,PRCP,0,,,a,
ASN00023718,19860927,PRCP,0,,,a,
ASN00023718,19860928,PRCP,0,,,a,
ASN00023718,19860929,PRCP,0,,,a,
ASN00023718,19860930,PRCP,0,,,a,
ASN00023718,19860908,DAPR,3,,,a,
ASN00023718,19860915,DAPR,3,,,a,
ASN00023718,19860922,DAPR,3,,,a,
ASN00023718,19860908,DWPR,1,,,a,
ASN00023718,19860915,DWPR,1,,,a,
ASN00023718,19860922,DWPR,1,,,a,
ASN00023718,19860908,MDPR,30,,,a,
ASN00023718,19860915,MDPR,122,,,a,
ASN00023718,19860922,MDPR,44,,,a,
ASN00023718,19861001,PRCP,0,,,a,
ASN00023718,19861002,PRCP,6,,,a,
ASN00023718,19861003,PRCP,30,,,a,
ASN00023718,19861007,PRCP,6,,,a,
ASN00023718,19861008,PRCP,0,,,a,
ASN00023718,19861009,PRCP,0,,,a,
ASN00023718,19861010,PRCP,0,,,a,
ASN00023718,19861015,PRCP,4,,,a,
ASN00023718,19861016,PRCP,0,,,a,
ASN00023718,19861017,PRCP,0,,,a,
ASN00023718,19861021,PRCP,0,,,a,
ASN00023718,19861022,PRCP,172,,,a,
ASN00023718,19861023,PRCP,74,,,a,
ASN00023718,19861024,PRCP,46,,,a,
ASN00023718,19861028,PRCP,0,,,a,
ASN00023718,19861029,PRCP,0,,,a,
ASN00023718,19861030,PRCP,0,,,a,
ASN00023718,19861031,PRCP,0,,,a,
ASN00023718,19861006,DAPR,3,,,a,
ASN00023718,19861014,DAPR,4,,,a,
ASN00023718,19861020,DAPR,3,,,a,
ASN00023718,19861027,DAPR,3,,,a,
ASN00023718,19861006,DWPR,1,,,a,
ASN00023718,19861014,DWPR,1,,,a,
ASN00023718,19861020,DWPR,1,,,a,
ASN00023718,19861027,DWPR,1,,,a,
ASN00023718,19861006,MDPR,6,,,a,
ASN00023718,19861014,MDPR,32,,,a,
ASN00023718,19861020,MDPR,102,,,a,
ASN00023718,19861027,MDPR,70,,,a,
ASN00023718,19861101,PRCP,0,,,a,
ASN00023718,19861102,PRCP,0,,,a,
ASN00023718,19861103,PRCP,0,,,a,
ASN00023718,19861104,PRCP,0,,,a,
ASN00023718,19861105,PRCP,0,,,a,
ASN00023718,19861106,PRCP,0,,,a,
ASN00023718,19861107,PRCP,0,,,a,
ASN00023718,19861108,PRCP,0,,,a,
ASN00023718,19861109,PRCP,0,,,a,
ASN00023718,19861110,PRCP,0,,,a,
ASN00023718,19861111,PRCP,0,,,a,
ASN00023718,19861112,PRCP,10,,,a,
ASN00023718,19861113,PRCP,0,,,a,
ASN00023718,19861114,PRCP,0,,,a,
ASN00023718,19861115,PRCP,0,,,a,
ASN00023718,19861116,PRCP,0,,,a,
ASN00023718,19861117,PRCP,0,,,a,
ASN00023718,19861118,PRCP,112,,,a,
ASN00023718,19861119,PRCP,12,,,a,
ASN00023718,19861120,PRCP,0,,,a,
ASN00023718,19861121,PRCP,0,,,a,
ASN00023718,19861122,PRCP,0,,,a,
ASN00023718,19861123,PRCP,0,,,a,
ASN00023718,19861124,PRCP,0,,,a,
ASN00023718,19861125,PRCP,0,,,a,
ASN00023718,19861126,PRCP,0,,,a,
ASN00023718,19861127,PRCP,0,,,a,
ASN00023718,19861128,PRCP,0,,,a,
ASN00023718,19861129,PRCP,0,,,a,
ASN00023718,19861130,PRCP,0,,,a,
ASN00023718,19861201,PRCP,0,,,a,
ASN00023718,19861202,PRCP,0,,,a,
ASN00023718,19861203,PRCP,0,,,a,
ASN00023718,19861204,PRCP,0,,,a,
ASN00023718,19861205,PRCP,0,,,a,
ASN00023718,19861209,PRCP,0,,,a,
ASN00023718,19861210,PRCP,0,,,a,
ASN00023718,19861211,PRCP,0,,,a,
ASN00023718,19861212,PRCP,2,,,a,
ASN00023718,19861216,PRCP,20,,,a,
ASN00023718,19861217,PRCP,26,,,a,
ASN00023718,19861218,PRCP,0,,,a,
ASN00023718,19861219,PRCP,0,,,a,
ASN00023718,19861220,PRCP,0,,,a,
ASN00023718,19861221,PRCP,0,,,a,
ASN00023718,19861222,PRCP,0,,,a,
ASN00023718,19861223,PRCP,0,,,a,
ASN00023718,19861224,PRCP,0,,,a,
ASN00023718,19861225,PRCP,0,,,a,
ASN00023718,19861226,PRCP,0,,,a,
ASN00023718,19861227,PRCP,0,,,a,
ASN00023718,19861228,PRCP,0,,,a,
ASN00023718,19861229,PRCP,0,,,a,
ASN00023718,19861230,PRCP,0,,,a,
ASN00023718,19861231,PRCP,10,,,a,
ASN00023718,19861208,DAPR,3,,,a,
ASN00023718,19861215,DAPR,3,,,a,
ASN00023718,19861208,DWPR,1,,,a,
ASN00023718,19861215,DWPR,1,,,a,
ASN00023718,19861208,MDPR,156,,,a,
ASN00023718,19861215,MDPR,6,,,a,
ASN00023718,19870101,PRCP,0,,,a,
ASN00023718,19870102,PRCP,0,,,a,
ASN00023718,19870106,PRCP,0,,,a,
ASN00023718,19870107,PRCP,0,,,a,
ASN00023718,19870108,PRCP,0,,,a,
ASN00023718,19870109,PRCP,0,,,a,
ASN00023718,19870110,PRCP,0,,,a,
ASN00023718,19870111,PRCP,0,,,a,
ASN00023718,19870112,PRCP,0,,,a,
ASN00023718,19870113,PRCP,0,,,a,
ASN00023718,19870114,PRCP,0,,,a,
ASN00023718,19870115,PRCP,0,,,a,
ASN00023718,19870116,PRCP,0,,,a,
ASN00023718,19870117,PRCP,0,,,a,
ASN00023718,19870118,PRCP,0,,,a,
ASN00023718,19870119,PRCP,0,,,a,
ASN00023718,19870120,PRCP,0,,,a,
ASN00023718,19870121,PRCP,0,,,a,
ASN00023718,19870122,PRCP,0,,,a,
ASN00023718,19870123,PRCP,0,,,a,
ASN00023718,19870128,PRCP,0,,,a,
ASN00023718,19870129,PRCP,0,,,a,
ASN00023718,19870130,PRCP,0,,,a,
ASN00023718,19870131,PRCP,0,,,a,
ASN00023718,19870105,DAPR,3,,,a,
ASN00023718,19870127,DAPR,4,,,a,
ASN00023718,19870105,DWPR,1,,,a,
ASN00023718,19870127,DWPR,1,,,a,
ASN00023718,19870105,MDPR,50,,,a,
ASN00023718,19870127,MDPR,58,,,a,
ASN00023718,19870201,PRCP,0,,,a,
ASN00023718,19870202,PRCP,0,,,a,
ASN00023718,19870203,PRCP,0,,,a,
ASN00023718,19870204,PRCP,0,,,a,
ASN00023718,19870205,PRCP,0,,,a,
ASN00023718,19870206,PRCP,0,,,a,
ASN00023718,19870207,PRCP,0,,,a,
ASN00023718,19870208,PRCP,0,,,a,
ASN00023718,19870209,PRCP,0,,,a,
ASN00023718,19870210,PRCP,0,,,a,
ASN00023718,19870211,PRCP,0,,,a,
ASN00023718,19870212,PRCP,0,,,a,
ASN00023718,19870213,PRCP,0,,,a,
ASN00023718,19870214,PRCP,0,,,a,
ASN00023718,19870215,PRCP,0,,,a,
ASN00023718,19870216,PRCP,0,,,a,
ASN00023718,19870217,PRCP,0,,,a,
ASN00023718,19870218,PRCP,0,,,a,
ASN00023718,19870219,PRCP,0,,,a,
ASN00023718,19870220,PRCP,12,,,a,
ASN00023718,19870224,PRCP,0,,,a,
ASN00023718,19870225,PRCP,8,,,a,
ASN00023718,19870226,PRCP,0,,,a,
ASN00023718,19870227,PRCP,0,,,a,
ASN00023718,19870228,PRCP,200,,,a,
ASN00023718,19870223,DAPR,3,,,a,
ASN00023718,19870223,DWPR,1,,,a,
ASN00023718,19870223,MDPR,4,,,a,
ASN00023718,19870303,PRCP,0,,,a,
ASN00023718,19870304,PRCP,0,,,a,
ASN00023718,19870305,PRCP,0,,,a,
ASN00023718,19870306,PRCP,0,,,a,
ASN00023718,19870310,PRCP,0,,,a,
ASN00023718,19870311,PRCP,0,,,a,
ASN00023718,19870312,PRCP,0,,,a,
ASN00023718,19870313,PRCP,0,,,a,
ASN00023718,19870314,PRCP,0,,,a,
ASN00023718,19870315,PRCP,0,,,a,
ASN00023718,19870316,PRCP,0,,,a,
ASN00023718,19870317,PRCP,0,,,a,
ASN00023718,19870318,PRCP,0,,,a,
ASN00023718,19870319,PRCP,0,,,a,
ASN00023718,19870320,PRCP,10,,,a,
ASN00023718,19870321,PRCP,0,,,a,
ASN00023718,19870322,PRCP,0,,,a,
ASN00023718,19870323,PRCP,0,,,a,
ASN00023718,19870324,PRCP,0,,,a,
ASN00023718,19870325,PRCP,0,,,a,
ASN00023718,19870326,PRCP,0,,,a,
ASN00023718,19870327,PRCP,0,,,a,
ASN00023718,19870331,PRCP,4,,,a,
ASN00023718,19870302,DAPR,2,,,a,
ASN00023718,19870309,DAPR,3,,,a,
ASN00023718,19870330,DAPR,3,,,a,
ASN00023718,19870302,DWPR,1,,,a,
ASN00023718,19870309,DWPR,1,,,a,
ASN00023718,19870330,DWPR,1,,,a,
ASN00023718,19870302,MDPR,24,,,a,
ASN00023718,19870309,MDPR,4,,,a,
ASN00023718,19870330,MDPR,174,,,a,
ASN00023718,19870401,PRCP,0,,,a,
ASN00023718,19870402,PRCP,0,,,a,
ASN00023718,19870403,PRCP,0,,,a,
ASN00023718,19870404,PRCP,0,,,a,
ASN00023718,19870405,PRCP,0,,,a,
ASN00023718,19870406,PRCP,0,,,a,
ASN00023718,19870407,PRCP,6,,,a,
ASN00023718,19870408,PRCP,6,,,a,
ASN00023718,19870409,PRCP,0,,,a,
ASN00023718,19870410,PRCP,0,,,a,
ASN00023718,19870414,PRCP,0,,,a,
ASN00023718,19870415,PRCP,0,,,a,
ASN00023718,19870416,PRCP,0,,,a,
ASN00023718,19870422,PRCP,0,,,a,
ASN00023718,19870423,PRCP,0,,,a,
ASN00023718,19870424,PRCP,0,,,a,
ASN00023718,19870425,PRCP,0,,,a,
ASN00023718,19870426,PRCP,0,,,a,
ASN00023718,19870427,PRCP,0,,,a,
ASN00023718,19870428,PRCP,66,,,a,
ASN00023718,19870429,PRCP,18,,,a,
ASN00023718,19870430,PRCP,0,,,a,
ASN00023718,19870413,DAPR,3,,,a,
ASN00023718,19870421,DAPR,5,,,a,
ASN00023718,19870413,DWPR,1,,,a,
ASN00023718,19870421,DWPR,1,,,a,
ASN00023718,19870413,MDPR,14,,,a,
ASN00023718,19870421,MDPR,14,,,a,
ASN00023718,19870501,PRCP,0,,,a,
ASN00023718,19870505,PRCP,2,,,a,
ASN00023718,19870506,PRCP,0,,,a,
ASN00023718,19870507,PRCP,0,,,a,
ASN00023718,19870508,PRCP,0,,,a,
ASN00023718,19870509,PRCP,0,,,a,
ASN00023718,19870510,PRCP,0,,,a,
ASN00023718,19870511,PRCP,0,,,a,
ASN00023718,19870512,PRCP,142,,,a,
ASN00023718,19870513,PRCP,8,,,a,
ASN00023718,19870514,PRCP,28,,,a,
ASN00023718,19870515,PRCP,90,,,a,
ASN00023718,19870520,PRCP,0,,,a,
ASN00023718,19870521,PRCP,0,,,a,
ASN00023718,19870522,PRCP,0,,,a,
ASN00023718,19870526,PRCP,190,,,a,
ASN00023718,19870527,PRCP,144,,,a,
ASN00023718,19870528,PRCP,36,,,a,
ASN00023718,19870529,PRCP,0,,,a,
ASN00023718,19870504,DAPR,3,,,a,
ASN00023718,19870519,DAPR,4,,,a,
ASN00023718,19870525,DAPR,3,,,a,
ASN00023718,19870531,DAPR,2,,,a,
ASN00023718,19870504,DWPR,1,,,a,
ASN00023718,19870519,DWPR,1,,,a,
ASN00023718,19870525,DWPR,1,,,a,
ASN00023718,19870531,DWPR,1,,,a,
ASN00023718,19870504,MDPR,72,,,a,
ASN00023718,19870519,MDPR,44,,,a,
ASN00023718,19870525,MDPR,98,,,a,
ASN00023718,19870531,MDPR,10,,,a,
ASN00023718,19870601,PRCP,6,,,a,
ASN00023718,19870602,PRCP,0,,,a,
ASN00023718,19870603,PRCP,0,,,a,
ASN00023718,19870604,PRCP,0,,,a,
ASN00023718,19870605,PRCP,0,,,a,
ASN00023718,19870606,PRCP,0,,,a,
ASN00023718,19870607,PRCP,0,,,a,
ASN00023718,19870608,PRCP,0,,,a,
ASN00023718,19870609,PRCP,0,,,a,
ASN00023718,19870610,PRCP,0,,,a,
ASN00023718,19870611,PRCP,4,,,a,
ASN00023718,19870612,PRCP,40,,,a,
ASN00023718,19870616,PRCP,0,,,a,
ASN00023718,19870617,PRCP,0,,,a,
ASN00023718,19870618,PRCP,6,,,a,
ASN00023718,19870619,PRCP,2,,,a,
ASN00023718,19870623,PRCP,12,,,a,
ASN00023718,19870624,PRCP,182,,,a,
ASN00023718,19870625,PRCP,60,,,a,
ASN00023718,19870626,PRCP,40,,,a,
ASN00023718,19870630,PRCP,0,,,a,
ASN00023718,19870615,DAPR,3,,,a,
ASN00023718,19870622,DAPR,3,,,a,
ASN00023718,19870629,DAPR,3,,,a,
ASN00023718,19870615,DWPR,1,,,a,
ASN00023718,19870622,DWPR,1,,,a,
ASN00023718,19870629,DWPR,1,,,a,
ASN00023718,19870615,MDPR,8,,,a,
ASN00023718,19870622,MDPR,286,,,a,
ASN00023718,19870629,MDPR,42,,,a,
ASN00023718,19870701,PRCP,2,,,a,
ASN00023718,19870702,PRCP,0,,,a,
ASN00023718,19870703,PRCP,0,,,a,
ASN00023718,19870704,PRCP,0,,,a,
ASN00023718,19870705,PRCP,0,,,a,
ASN00023718,19870706,PRCP,0,,,a,
ASN00023718,19870707,PRCP,0,,,a,
ASN00023718,19870708,PRCP,0,,,a,
ASN00023718,19870709,PRCP,0,,,a,
ASN00023718,19870710,PRCP,12,,,a,
ASN00023718,19870714,PRCP,2,,,a,
ASN00023718,19870715,PRCP,114,,,a,
ASN00023718,19870716,PRCP,64,,,a,
ASN00023718,19870717,PRCP,18,,,a,
ASN00023718,19870721,PRCP,0,,,a,
ASN00023718,19870722,PRCP,0,,,a,
ASN00023718,19870723,PRCP,0,,,a,
ASN00023718,19870724,PRCP,0,,,a,
ASN00023718,19870728,PRCP,2,,,a,
ASN00023718,19870729,PRCP,0,,,a,
ASN00023718,19870730,PRCP,0,,,a,
ASN00023718,19870731,PRCP,62,,,a,
ASN00023718,19870713,DAPR,3,,,a,
ASN00023718,19870720,DAPR,3,,,a,
ASN00023718,19870727,DAPR,3,,,a,
ASN00023718,19870713,DWPR,1,,,a,
ASN00023718,19870720,DWPR,1,,,a,
ASN00023718,19870727,DWPR,1,,,a,
ASN00023718,19870713,MDPR,38,,,a,
ASN00023718,19870720,MDPR,132,,,a,
ASN00023718,19870727,MDPR,132,,,a,
ASN00023718,19870804,PRCP,4,,,a,
ASN00023718,19870805,PRCP,16,,,a,
ASN00023718,19870806,PRCP,0,,,a,
ASN00023718,19870807,PRCP,14,,,a,
ASN00023718,19870811,PRCP,0,,,a,
ASN00023718,19870812,PRCP,0,,,a,
ASN00023718,19870813,PRCP,0,,,a,
ASN00023718,19870814,PRCP,0,,,a,
ASN00023718,19870818,PRCP,0,,,a,
ASN00023718,19870819,PRCP,12,,,a,
ASN00023718,19870820,PRCP,0,,,a,
ASN00023718,19870821,PRCP,0,,,a,
ASN00023718,19870825,PRCP,0,,,a,
ASN00023718,19870826,PRCP,0,,,a,
ASN00023718,19870827,PRCP,0,,,a,
ASN00023718,19870828,PRCP,8,,,a,
ASN00023718,19870803,DAPR,3,,,a,
ASN00023718,19870810,DAPR,3,,,a,
ASN00023718,19870817,DAPR,3,,,a,
ASN00023718,19870824,DAPR,3,,,a,
ASN00023718,19870831,DAPR,3,,,a,
ASN00023718,19870803,DWPR,1,,,a,
ASN00023718,19870810,DWPR,1,,,a,
ASN00023718,19870817,DWPR,1,,,a,
ASN00023718,19870824,DWPR,1,,,a,
ASN00023718,19870831,DWPR,1,,,a,
ASN00023718,19870803,MDPR,70,,,a,
ASN00023718,19870810,MDPR,66,,,a,
ASN00023718,19870817,MDPR,32,,,a,
ASN00023718,19870824,MDPR,46,,,a,
ASN00023718,19870831,MDPR,44,,,a,
ASN00023718,19870901,PRCP,26,,,a,
ASN00023718,19870902,PRCP,2,,,a,
ASN00023718,19870903,PRCP,0,,,a,
ASN00023718,19870904,PRCP,10,,,a,
ASN00023718,19870908,PRCP,4,,,a,
ASN00023718,19870909,PRCP,12,,,a,
ASN00023718,19870910,PRCP,0,,,a,
ASN00023718,19870911,PRCP,0,,,a,
ASN00023718,19870915,PRCP,0,,,a,
ASN00023718,19870916,PRCP,0,,,a,
ASN00023718,19870917,PRCP,0,,,a,
ASN00023718,19870918,PRCP,0,,,a,
ASN00023718,19870922,PRCP,0,,,a,
ASN00023718,19870923,PRCP,0,,,a,
ASN00023718,19870924,PRCP,0,,,a,
ASN00023718,19870925,PRCP,0,,,a,
ASN00023718,19870926,PRCP,0,,,a,
ASN00023718,19870927,PRCP,0,,,a,
ASN00023718,19870928,PRCP,0,,,a,
ASN00023718,19870929,PRCP,0,,,a,
ASN00023718,19870930,PRCP,36,,,a,
ASN00023718,19870907,DAPR,3,,,a,
ASN00023718,19870914,DAPR,3,,,a,
ASN00023718,19870921,DAPR,3,,,a,
ASN00023718,19870907,DWPR,1,,,a,
ASN00023718,19870914,DWPR,1,,,a,
ASN00023718,19870921,DWPR,1,,,a,
ASN00023718,19870907,MDPR,44,,,a,
ASN00023718,19870914,MDPR,8,,,a,
ASN00023718,19870921,MDPR,26,,,a,
ASN00023718,19871001,PRCP,0,,,a,
ASN00023718,19871002,PRCP,0,,,a,
ASN00023718,19871006,PRCP,0,,,a,
ASN00023718,19871007,PRCP,10,,,a,
ASN00023718,19871008,PRCP,0,,,a,
ASN00023718,19871009,PRCP,0,,,a,
ASN00023718,19871014,PRCP,0,,,a,
ASN00023718,19871015,PRCP,0,,,a,
ASN00023718,19871016,PRCP,86,,,a,
ASN00023718,19871020,PRCP,0,,,a,
ASN00023718,19871021,PRCP,0,,,a,
ASN00023718,19871022,PRCP,0,,,a,
ASN00023718,19871023,PRCP,28,,,a,
ASN00023718,19871024,PRCP,0,,,a,
ASN00023718,19871025,PRCP,0,,,a,
ASN00023718,19871026,PRCP,0,,,a,
ASN00023718,19871027,PRCP,0,,,a,
ASN00023718,19871028,PRCP,4,,,a,
ASN00023718,19871029,PRCP,0,,,a,
ASN00023718,19871030,PRCP,0,,,a,
ASN00023718,19871031,PRCP,0,,,a,
ASN00023718,19871005,DAPR,3,,,a,
ASN00023718,19871013,DAPR,4,,,a,
ASN00023718,19871019,DAPR,3,,,a,
ASN00023718,19871005,DWPR,1,,,a,
ASN00023718,19871013,DWPR,1,,,a,
ASN00023718,19871019,DWPR,1,,,a,
ASN00023718,19871005,MDPR,46,,,a,
ASN00023718,19871013,MDPR,56,,,a,
ASN00023718,19871019,MDPR,244,,,a,
ASN00023718,19871101,PRCP,0,,,a,
ASN00023718,19871102,PRCP,0,,,a,
ASN00023718,19871103,PRCP,0,,,a,
ASN00023718,19871104,PRCP,0,,,a,
ASN00023718,19871105,PRCP,0,,,a,
ASN00023718,19871106,PRCP,0,,,a,
ASN00023718,19871107,PRCP,0,,,a,
ASN00023718,19871108,PRCP,0,,,a,
ASN00023718,19871109,PRCP,0,,,a,
ASN00023718,19871110,PRCP,0,,,a,
ASN00023718,19871111,PRCP,2,,,a,
ASN00023718,19871112,PRCP,0,,,a,
ASN00023718,19871113,PRCP,0,,,a,
ASN00023718,19871114,PRCP,0,,,a,
ASN00023718,19871115,PRCP,0,,,a,
ASN00023718,19871116,PRCP,0,,,a,
ASN00023718,19871117,PRCP,0,,,a,
ASN00023718,19871118,PRCP,0,,,a,
ASN00023718,19871119,PRCP,0,,,a,
ASN00023718,19871120,PRCP,9,,,a,
ASN00023718,19871124,PRCP,0,,,a,
ASN00023718,19871125,PRCP,56,,,a,
ASN00023718,19871126,PRCP,6,,,a,
ASN00023718,19871127,PRCP,0,,,a,
ASN00023718,19871128,PRCP,0,,,a,
ASN00023718,19871129,PRCP,0,,,a,
ASN00023718,19871130,PRCP,0,,,a,
ASN00023718,19871123,DAPR,3,,,a,
ASN00023718,19871123,DWPR,1,,,a,
ASN00023718,19871123,MDPR,3,,,a,
ASN00023718,19871201,PRCP,492,,,a,
ASN00023718,19871202,PRCP,88,,,a,
ASN00023718,19871203,PRCP,10,,,a,
ASN00023718,19871204,PRCP,0,,,a,
ASN00023718,19871205,PRCP,0,,,a,
ASN00023718,19871206,PRCP,0,,,a,
ASN00023718,19871207,PRCP,0,,,a,
ASN00023718,19871208,PRCP,0,,,a,
ASN00023718,19871209,PRCP,52,,,a,
ASN00023718,19871210,PRCP,38,,,a,
ASN00023718,19871211,PRCP,0,,,a,
ASN00023718,19871212,PRCP,0,,,a,
ASN00023718,19871213,PRCP,0,,,a,
ASN00023718,19871214,PRCP,0,,,a,
ASN00023718,19871215,PRCP,0,,,a,
ASN00023718,19871216,PRCP,0,,,a,
ASN00023718,19871217,PRCP,0,,,a,
ASN00023718,19871218,PRCP,0,,,a,
ASN00023718,19871219,PRCP,0,,,a,
ASN00023718,19871220,PRCP,0,,,a,
ASN00023718,19871221,PRCP,0,,,a,
ASN00023718,19871222,PRCP,0,,,a,
ASN00023718,19871223,PRCP,0,,,a,
ASN00023718,19871224,PRCP,0,,,a,
ASN00023718,19871225,PRCP,0,,,a,
ASN00023718,19871226,PRCP,0,,,a,
ASN00023718,19871227,PRCP,0,,,a,
ASN00023718,19871230,PRCP,0,,,a,
ASN00023718,19871231,PRCP,0,,,a,
ASN00023718,19871229,DAPR,2,,,a,
ASN00023718,19871229,DWPR,1,,,a,
ASN00023718,19871229,MDPR,6,,,a,
ASN00023718,19880101,PRCP,0,,,a,
ASN00023718,19880102,PRCP,0,,,a,
ASN00023718,19880103,PRCP,0,,,a,
ASN00023718,19880104,PRCP,0,,,a,
ASN00023718,19880105,PRCP,0,,,a,
ASN00023718,19880106,PRCP,0,,,a,
ASN00023718,19880107,PRCP,0,,,a,
ASN00023718,19880108,PRCP,0,,,a,
ASN00023718,19880109,PRCP,0,,,a,
ASN00023718,19880110,PRCP,0,,,a,
ASN00023718,19880111,PRCP,0,,,a,
ASN00023718,19880112,PRCP,0,,,a,
ASN00023718,19880113,PRCP,6,,,a,
ASN00023718,19880114,PRCP,24,,,a,
ASN00023718,19880115,PRCP,38,,,a,
ASN00023718,19880116,PRCP,0,,,a,
ASN00023718,19880117,PRCP,0,,,a,
ASN00023718,19880118,PRCP,0,,,a,
ASN00023718,19880119,PRCP,0,,,a,
ASN00023718,19880120,PRCP,0,,,a,
ASN00023718,19880121,PRCP,0,,,a,
ASN00023718,19880122,PRCP,0,,,a,
ASN00023718,19880128,PRCP,0,,,a,
ASN00023718,19880129,PRCP,0,,,a,
ASN00023718,19880130,PRCP,0,,,a,
ASN00023718,19880131,PRCP,0,,,a,
ASN00023718,19880127,DAPR,5,,,a,
ASN00023718,19880127,DWPR,1,,,a,
ASN00023718,19880127,MDPR,136,,,a,
ASN00023718,19880201,PRCP,0,,,a,
ASN00023718,19880202,PRCP,0,,,a,
ASN00023718,19880203,PRCP,0,,,a,
ASN00023718,19880204,PRCP,0,,,a,
ASN00023718,19880205,PRCP,0,,,a,
ASN00023718,19880209,PRCP,0,,,a,
ASN00023718,19880210,PRCP,0,,,a,
ASN00023718,19880211,PRCP,0,,,a,
ASN00023718,19880212,PRCP,0,,,a,
ASN00023718,19880213,PRCP,0,,,a,
ASN00023718,19880214,PRCP,0,,,a,
ASN00023718,19880215,PRCP,0,,,a,
ASN00023718,19880216,PRCP,0,,,a,
ASN00023718,19880217,PRCP,0,,,a,
ASN00023718,19880218,PRCP,0,,,a,
ASN00023718,19880219,PRCP,0,,,a,
ASN00023718,19880220,PRCP,0,,,a,
ASN00023718,19880221,PRCP,0,,,a,
ASN00023718,19880222,PRCP,0,,,a,
ASN00023718,19880223,PRCP,0,,,a,
ASN00023718,19880224,PRCP,0,,,a,
ASN00023718,19880225,PRCP,0,,,a,
ASN00023718,19880226,PRCP,0,,,a,
ASN00023718,19880208,DAPR,3,,,a,
ASN00023718,19880229,DAPR,3,,,a,
ASN00023718,19880208,DWPR,1,,,a,
ASN00023718,19880229,DWPR,1,,,a,
ASN00023718,19880208,MDPR,202,,,a,
ASN00023718,19880229,MDPR,2,,,a,
ASN00023718,19880301,PRCP,0,,,a,
ASN00023718,19880302,PRCP,0,,,a,
ASN00023718,19880303,PRCP,0,,,a,
ASN00023718,19880304,PRCP,0,,,a,
ASN00023718,19880305,PRCP,0,,,a,
ASN00023718,19880306,PRCP,0,,,a,
ASN00023718,19880307,PRCP,0,,,a,
ASN00023718,19880308,PRCP,0,,,a,
ASN00023718,19880309,PRCP,0,,,a,
ASN00023718,19880310,PRCP,0,,,a,
ASN00023718,19880311,PRCP,104,,,a,
ASN00023718,19880315,PRCP,0,,,a,
ASN00023718,19880316,PRCP,0,,,a,
ASN00023718,19880317,PRCP,0,,,a,
ASN00023718,19880318,PRCP,0,,,a,
ASN00023718,19880319,PRCP,0,,,a,
ASN00023718,19880320,PRCP,0,,,a,
ASN00023718,19880321,PRCP,0,,,a,
ASN00023718,19880322,PRCP,0,,,a,
ASN00023718,19880323,PRCP,0,,,a,
ASN00023718,19880324,PRCP,0,,,a,
ASN00023718,19880325,PRCP,0,,,a,
ASN00023718,19880329,PRCP,20,,,a,
ASN00023718,19880330,PRCP,58,,,a,
ASN00023718,19880331,PRCP,0,,,a,
ASN00023718,19880314,DAPR,3,,,a,
ASN00023718,19880328,DAPR,3,,,a,
ASN00023718,19880314,DWPR,1,,,a,
ASN00023718,19880328,DWPR,1,,,a,
ASN00023718,19880314,MDPR,32,,,a,
ASN00023718,19880328,MDPR,8,,,a,
ASN00023718,19880401,PRCP,0,,,a,
ASN00023718,19880402,PRCP,0,,,a,
ASN00023718,19880403,PRCP,0,,,a,
ASN00023718,19880404,PRCP,0,,,a,
ASN00023718,19880405,PRCP,0,,,a,
ASN00023718,19880406,PRCP,0,,,a,
ASN00023718,19880407,PRCP,0,,,a,
ASN00023718,19880408,PRCP,0,,,a,
ASN00023718,19880409,PRCP,0,,,a,
ASN00023718,19880410,PRCP,0,,,a,
ASN00023718,19880411,PRCP,0,,,a,
ASN00023718,19880412,PRCP,0,,,a,
ASN00023718,19880413,PRCP,0,,,a,
ASN00023718,19880414,PRCP,0,,,a,
ASN00023718,19880415,PRCP,8,,,a,
ASN00023718,19880419,PRCP,0,,,a,
ASN00023718,19880420,PRCP,20,,,a,
ASN00023718,19880421,PRCP,0,,,a,
ASN00023718,19880422,PRCP,0,,,a,
ASN00023718,19880427,PRCP,42,,,a,
ASN00023718,19880428,PRCP,0,,,a,
ASN00023718,19880429,PRCP,0,,,a,
ASN00023718,19880430,PRCP,0,,,a,
ASN00023718,19880418,DAPR,3,,,a,
ASN00023718,19880426,DAPR,4,,,a,
ASN00023718,19880418,DWPR,1,,,a,
ASN00023718,19880426,DWPR,1,,,a,
ASN00023718,19880418,MDPR,4,,,a,
ASN00023718,19880426,MDPR,34,,,a,
ASN00023718,19880503,PRCP,0,,,a,
ASN00023718,19880504,PRCP,0,,,a,
ASN00023718,19880505,PRCP,30,,,a,
ASN00023718,19880506,PRCP,18,,,a,
ASN00023718,19880510,PRCP,6,,,a,
ASN00023718,19880511,PRCP,0,,,a,
ASN00023718,19880512,PRCP,0,,,a,
ASN00023718,19880513,PRCP,0,,,a,
ASN00023718,19880518,PRCP,0,,,a,
ASN00023718,19880519,PRCP,30,,,a,
ASN00023718,19880520,PRCP,22,,,a,
ASN00023718,19880524,PRCP,172,,,a,
ASN00023718,19880525,PRCP,0,,,a,
ASN00023718,19880526,PRCP,0,,,a,
ASN00023718,19880527,PRCP,0,,,a,
ASN00023718,19880531,PRCP,0,,,a,
ASN00023718,19880502,DAPR,2,,,a,
ASN00023718,19880509,DAPR,3,,,a,
ASN00023718,19880517,DAPR,4,,,a,
ASN00023718,19880523,DAPR,3,,,a,
ASN00023718,19880530,DAPR,3,,,a,
ASN00023718,19880502,DWPR,1,,,a,
ASN00023718,19880509,DWPR,1,,,a,
ASN00023718,19880517,DWPR,1,,,a,
ASN00023718,19880523,DWPR,1,,,a,
ASN00023718,19880530,DWPR,1,,,a,
ASN00023718,19880502,MDPR,2,,,a,
ASN00023718,19880509,MDPR,6,,,a,
ASN00023718,19880517,MDPR,64,,,a,
ASN00023718,19880523,MDPR,116,,,a,
ASN00023718,19880530,MDPR,12,,,a,
ASN00023718,19880601,PRCP,0,,,a,
ASN00023718,19880602,PRCP,0,,,a,
ASN00023718,19880603,PRCP,0,,,a,
ASN00023718,19880607,PRCP,4,,,a,
ASN00023718,19880608,PRCP,0,,,a,
ASN00023718,19880609,PRCP,22,,,a,
ASN00023718,19880610,PRCP,8,,,a,
ASN00023718,19880615,PRCP,374,,,a,
ASN00023718,19880616,PRCP,2,,,a,
ASN00023718,19880617,PRCP,0,,,a,
ASN00023718,19880618,PRCP,0,,,a,
ASN00023718,19880619,PRCP,0,,,a,
ASN00023718,19880620,PRCP,0,,,a,
ASN00023718,19880621,PRCP,36,,,a,
ASN00023718,19880622,PRCP,0,,,a,
ASN00023718,19880623,PRCP,0,,,a,
ASN00023718,19880624,PRCP,0,,,a,
ASN00023718,19880625,PRCP,0,,,a,
ASN00023718,19880626,PRCP,0,,,a,
ASN00023718,19880627,PRCP,0,,,a,
ASN00023718,19880628,PRCP,16,,,a,
ASN00023718,19880629,PRCP,2,,,a,
ASN00023718,19880630,PRCP,30,,,a,
ASN00023718,19880606,DAPR,3,,,a,
ASN00023718,19880614,DAPR,4,,,a,
ASN00023718,19880606,DWPR,1,,,a,
ASN00023718,19880614,DWPR,1,,,a,
ASN00023718,19880606,MDPR,228,,,a,
ASN00023718,19880614,MDPR,104,,,a,
ASN00023718,19880701,PRCP,0,,,a,
ASN00023718,19880705,PRCP,0,,,a,
ASN00023718,19880706,PRCP,6,,,a,
ASN00023718,19880707,PRCP,0,,,a,
ASN00023718,19880708,PRCP,14,,,a,
ASN00023718,19880712,PRCP,4,,,a,
ASN00023718,19880713,PRCP,0,,,a,
ASN00023718,19880714,PRCP,0,,,a,
ASN00023718,19880715,PRCP,0,,,a,
ASN00023718,19880719,PRCP,6,,,a,
ASN00023718,19880720,PRCP,42,,,a,
ASN00023718,19880721,PRCP,32,,,a,
ASN00023718,19880722,PRCP,74,,,a,
ASN00023718,19880726,PRCP,44,,,a,
ASN00023718,19880727,PRCP,0,,,a,
ASN00023718,19880728,PRCP,0,,,a,
ASN00023718,19880729,PRCP,0,,,a,
ASN00023718,19880730,PRCP,0,,,a,
ASN00023718,19880731,PRCP,0,,,a,
ASN00023718,19880704,DAPR,3,,,a,
ASN00023718,19880711,DAPR,3,,,a,
ASN00023718,19880718,DAPR,3,,,a,
ASN00023718,19880725,DAPR,3,,,a,
ASN00023718,19880704,DWPR,1,,,a,
ASN00023718,19880711,DWPR,1,,,a,
ASN00023718,19880718,DWPR,1,,,a,
ASN00023718,19880725,DWPR,1,,,a,
ASN00023718,19880704,MDPR,10,,,a,
ASN00023718,19880711,MDPR,178,,,a,
ASN00023718,19880718,MDPR,82,,,a,
ASN00023718,19880725,MDPR,94,,,a,
ASN00023718,19880801,PRCP,6,,,a,
ASN00023718,19880802,PRCP,0,,,a,
ASN00023718,19880803,PRCP,0,,,a,
ASN00023718,19880804,PRCP,8,,,a,
ASN00023718,19880805,PRCP,20,,,a,
ASN00023718,19880806,PRCP,0,,,a,
ASN00023718,19880807,PRCP,78,,,a,
ASN00023718,19880808,PRCP,36,,,a,
ASN00023718,19880809,PRCP,2,,,a,
ASN00023718,19880810,PRCP,0,,,a,
ASN00023718,19880811,PRCP,0,,,a,
ASN00023718,19880812,PRCP,0,,,a,
ASN00023718,19880813,PRCP,0,,,a,
ASN00023718,19880814,PRCP,0,,,a,
ASN00023718,19880815,PRCP,0,,,a,
ASN00023718,19880816,PRCP,2,,,a,
ASN00023718,19880817,PRCP,0,,,a,
ASN00023718,19880818,PRCP,100,,,a,
ASN00023718,19880819,PRCP,46,,,a,
ASN00023718,19880823,PRCP,20,,,a,
ASN00023718,19880824,PRCP,2,,,a,
ASN00023718,19880825,PRCP,0,,,a,
ASN00023718,19880826,PRCP,0,,,a,
ASN00023718,19880830,PRCP,0,,,a,
ASN00023718,19880831,PRCP,22,,,a,
ASN00023718,19880822,DAPR,3,,,a,
ASN00023718,19880829,DAPR,3,,,a,
ASN00023718,19880822,DWPR,1,,,a,
ASN00023718,19880829,DWPR,1,,,a,
ASN00023718,19880822,MDPR,20,,,a,
ASN00023718,19880829,MDPR,122,,,a,
ASN00023718,19880901,PRCP,2,,,a,
ASN00023718,19880902,PRCP,3,,,a,
ASN00023718,19880906,PRCP,0,,,a,
ASN00023718,19880907,PRCP,0,,,a,
ASN00023718,19880908,PRCP,0,,,a,
ASN00023718,19880909,PRCP,0,,,a,
ASN00023718,19880913,PRCP,70,,,a,
ASN00023718,19880914,PRCP,0,,,a,
ASN00023718,19880915,PRCP,0,,,a,
ASN00023718,19880916,PRCP,0,,,a,
ASN00023718,19880920,PRCP,0,,,a,
ASN00023718,19880921,PRCP,0,,,a,
ASN00023718,19880922,PRCP,0,,,a,
ASN00023718,19880923,PRCP,6,,,a,
ASN00023718,19880927,PRCP,0,,,a,
ASN00023718,19880928,PRCP,0,,,a,
ASN00023718,19880929,PRCP,10,,,a,
ASN00023718,19880930,PRCP,14,,,a,
ASN00023718,19880905,DAPR,3,,,a,
ASN00023718,19880912,DAPR,3,,,a,
ASN00023718,19880919,DAPR,3,,,a,
ASN00023718,19880926,DAPR,3,,,a,
ASN00023718,19880905,DWPR,1,,,a,
ASN00023718,19880912,DWPR,1,,,a,
ASN00023718,19880919,DWPR,1,,,a,
ASN00023718,19880926,DWPR,1,,,a,
ASN00023718,19880905,MDPR,34,,,a,
ASN00023718,19880912,MDPR,90,,,a,
ASN00023718,19880919,MDPR,231,,,a,
ASN00023718,19880926,MDPR,16,,,a,
ASN00023718,19881004,PRCP,0,,,a,
ASN00023718,19881005,PRCP,10,,,a,
ASN00023718,19881006,PRCP,16,,,a,
ASN00023718,19881007,PRCP,0,,,a,
ASN00023718,19881012,PRCP,0,,,a,
ASN00023718,19881013,PRCP,0,,,a,
ASN00023718,19881014,PRCP,0,,,a,
ASN00023718,19881015,PRCP,0,,,a,
ASN00023718,19881016,PRCP,0,,,a,
ASN00023718,19881017,PRCP,0,,,a,
ASN00023718,19881018,PRCP,0,,,a,
ASN00023718,19881019,PRCP,0,,,a,
ASN00023718,19881020,PRCP,0,,,a,
ASN00023718,19881021,PRCP,7,,,a,
ASN00023718,19881025,PRCP,0,,,a,
ASN00023718,19881026,PRCP,0,,,a,
ASN00023718,19881027,PRCP,0,,,a,
ASN00023718,19881028,PRCP,0,,,a,
ASN00023718,19881029,PRCP,0,,,a,
ASN00023718,19881030,PRCP,0,,,a,
ASN00023718,19881031,PRCP,0,,,a,
ASN00023718,19881003,DAPR,3,,,a,
ASN00023718,19881011,DAPR,4,,,a,
ASN00023718,19881024,DAPR,3,,,a,
ASN00023718,19881003,DWPR,1,,,a,
ASN00023718,19881011,DWPR,1,,,a,
ASN00023718,19881024,DWPR,1,,,a,
ASN00023718,19881003,MDPR,33,,,a,
ASN00023718,19881011,MDPR,10,,,a,
ASN00023718,19881024,MDPR,36,,,a,
ASN00023718,19881101,PRCP,0,,,a,
ASN00023718,19881102,PRCP,0,,,a,
ASN00023718,19881103,PRCP,0,,,a,
ASN00023718,19881104,PRCP,18,,,a,
ASN00023718,19881105,PRCP,0,,,a,
ASN00023718,19881106,PRCP,0,,,a,
ASN00023718,19881107,PRCP,0,,,a,
ASN00023718,19881108,PRCP,0,,,a,
ASN00023718,19881109,PRCP,0,,,a,
ASN00023718,19881110,PRCP,0,,,a,
ASN00023718,19881111,PRCP,0,,,a,
ASN00023718,19881115,PRCP,12,,,a,
ASN00023718,19881116,PRCP,22,,,a,
ASN00023718,19881117,PRCP,0,,,a,
ASN00023718,19881118,PRCP,0,,,a,
ASN00023718,19881122,PRCP,4,,,a,
ASN00023718,19881123,PRCP,36,,,a,
ASN00023718,19881124,PRCP,8,,,a,
ASN00023718,19881125,PRCP,0,,,a,
ASN00023718,19881129,PRCP,0,,,a,
ASN00023718,19881130,PRCP,2,,,a,
ASN00023718,19881114,DAPR,3,,,a,
ASN00023718,19881121,DAPR,3,,,a,
ASN00023718,19881128,DAPR,3,,,a,
ASN00023718,19881114,DWPR,1,,,a,
ASN00023718,19881121,DWPR,1,,,a,
ASN00023718,19881128,DWPR,1,,,a,
ASN00023718,19881114,MDPR,16,,,a,
ASN00023718,19881121,MDPR,58,,,a,
ASN00023718,19881128,MDPR,40,,,a,
ASN00023718,19881201,PRCP,0,,,a,
ASN00023718,19881202,PRCP,0,,,a,
ASN00023718,19881206,PRCP,0,,,a,
ASN00023718,19881207,PRCP,0,,,a,
ASN00023718,19881208,PRCP,0,,,a,
ASN00023718,19881209,PRCP,0,,,a,
ASN00023718,19881213,PRCP,0,,,a,
ASN00023718,19881214,PRCP,0,,,a,
ASN00023718,19881215,PRCP,0,,,a,
ASN00023718,19881216,PRCP,0,,,a,
ASN00023718,19881217,PRCP,0,,,a,
ASN00023718,19881218,PRCP,0,,,a,
ASN00023718,19881219,PRCP,0,,,a,
ASN00023718,19881220,PRCP,6,,,a,
ASN00023718,19881221,PRCP,50,,,a,
ASN00023718,19881222,PRCP,0,,,a,
ASN00023718,19881223,PRCP,0,,,a,
ASN00023718,19881229,PRCP,0,,,a,
ASN00023718,19881230,PRCP,0,,,a,
ASN00023718,19881231,PRCP,0,,,a,
ASN00023718,19881205,DAPR,3,,,a,
ASN00023718,19881212,DAPR,3,,,a,
ASN00023718,19881228,DAPR,5,,,a,
ASN00023718,19881205,DWPR,1,,,a,
ASN00023718,19881212,DWPR,1,,,a,
ASN00023718,19881228,DWPR,1,,,a,
ASN00023718,19881205,MDPR,44,,,a,
ASN00023718,19881212,MDPR,30,,,a,
ASN00023718,19881228,MDPR,54,,,a,
ASN00023718,19890104,PRCP,16,,,a,
ASN00023718,19890105,PRCP,0,,,a,
ASN00023718,19890106,PRCP,0,,,a,
ASN00023718,19890110,PRCP,8,,,a,
ASN00023718,19890111,PRCP,12,,,a,
ASN00023718,19890112,PRCP,6,,,a,
ASN00023718,19890113,PRCP,0,,,a,
ASN00023718,19890114,PRCP,0,,,a,
ASN00023718,19890115,PRCP,0,,,a,
ASN00023718,19890116,PRCP,0,,,a,
ASN00023718,19890117,PRCP,0,,,a,
ASN00023718,19890118,PRCP,0,,,a,
ASN00023718,19890119,PRCP,2,,,a,
ASN00023718,19890120,PRCP,0,,,a,
ASN00023718,19890121,PRCP,0,,,a,
ASN00023718,19890122,PRCP,0,,,a,
ASN00023718,19890123,PRCP,0,,,a,
ASN00023718,19890124,PRCP,0,,,a,
ASN00023718,19890125,PRCP,0,,,a,
ASN00023718,19890126,PRCP,0,,,a,
ASN00023718,19890127,PRCP,0,,,a,
ASN00023718,19890128,PRCP,0,,,a,
ASN00023718,19890129,PRCP,0,,,a,
ASN00023718,19890130,PRCP,0,,,a,
ASN00023718,19890131,PRCP,0,,,a,
ASN00023718,19890103,DAPR,3,,,a,
ASN00023718,19890109,DAPR,3,,,a,
ASN00023718,19890103,DWPR,1,,,a,
ASN00023718,19890109,DWPR,1,,,a,
ASN00023718,19890103,MDPR,12,,,a,
ASN00023718,19890109,MDPR,8,,,a,
ASN00023718,19890201,PRCP,0,,,a,
ASN00023718,19890202,PRCP,0,,,a,
ASN00023718,19890203,PRCP,0,,,a,
ASN00023718,19890204,PRCP,0,,,a,
ASN00023718,19890205,PRCP,0,,,a,
ASN00023718,19890206,PRCP,0,,,a,
ASN00023718,19890207,PRCP,6,,,a,
ASN00023718,19890208,PRCP,0,,,a,
ASN00023718,19890209,PRCP,0,,,a,
ASN00023718,19890210,PRCP,2,,,a,
ASN00023718,19890214,PRCP,2,,,a,
ASN00023718,19890215,PRCP,0,,,a,
ASN00023718,19890216,PRCP,0,,,a,
ASN00023718,19890217,PRCP,0,,,a,
ASN00023718,19890218,PRCP,0,,,a,
ASN00023718,19890219,PRCP,0,,,a,
ASN00023718,19890220,PRCP,0,,,a,
ASN00023718,19890221,PRCP,0,,,a,
ASN00023718,19890222,PRCP,0,,,a,
ASN00023718,19890223,PRCP,0,,,a,
ASN00023718,19890224,PRCP,0,,,a,
ASN00023718,19890225,PRCP,0,,,a,
ASN00023718,19890226,PRCP,0,,,a,
ASN00023718,19890227,PRCP,0,,,a,
ASN00023718,19890228,PRCP,0,,,a,
ASN00023718,19890213,DAPR,3,,,a,
ASN00023718,19890213,DWPR,1,,,a,
ASN00023718,19890213,MDPR,20,,,a,
ASN00023718,19890301,PRCP,0,,,a,
ASN00023718,19890302,PRCP,0,,,a,
ASN00023718,19890303,PRCP,0,,,a,
ASN00023718,19890304,PRCP,0,,,a,
ASN00023718,19890305,PRCP,0,,,a,
ASN00023718,19890306,PRCP,0,,,a,
ASN00023718,19890307,PRCP,0,,,a,
ASN00023718,19890308,PRCP,0,,,a,
ASN00023718,19890309,PRCP,0,,,a,
ASN00023718,19890310,PRCP,4,,,a,
ASN00023718,19890311,PRCP,0,,,a,
ASN00023718,19890312,PRCP,0,,,a,
ASN00023718,19890313,PRCP,0,,,a,
ASN00023718,19890314,PRCP,0,,,a,
ASN00023718,19890315,PRCP,0,,,a,
ASN00023718,19890316,PRCP,4,,,a,
ASN00023718,19890317,PRCP,0,,,a,
ASN00023718,19890318,PRCP,0,,,a,
ASN00023718,19890319,PRCP,0,,,a,
ASN00023718,19890320,PRCP,0,,,a,
ASN00023718,19890321,PRCP,8,,,a,
ASN00023718,19890322,PRCP,0,,,a,
ASN00023718,19890323,PRCP,0,,,a,
ASN00023718,19890324,PRCP,0,,,a,
ASN00023718,19890325,PRCP,0,,,a,
ASN00023718,19890326,PRCP,0,,,a,
ASN00023718,19890327,PRCP,0,,,a,
ASN00023718,19890328,PRCP,0,,,a,
ASN00023718,19890329,PRCP,14,,,a,
ASN00023718,19890330,PRCP,0,,,a,
ASN00023718,19890331,PRCP,0,,,a,
ASN00023718,19890401,PRCP,0,,,a,
ASN00023718,19890402,PRCP,0,,,a,
ASN00023718,19890403,PRCP,0,,,a,
ASN00023718,19890404,PRCP,0,,,a,
ASN00023718,19890405,PRCP,0,,,a,
ASN00023718,19890406,PRCP,0,,,a,
ASN00023718,19890407,PRCP,2,,,a,
ASN00023718,19890408,PRCP,0,,,a,
ASN00023718,19890409,PRCP,0,,,a,
ASN00023718,19890410,PRCP,0,,,a,
ASN00023718,19890411,PRCP,0,,,a,
ASN00023718,19890412,PRCP,24,,,a,
ASN00023718,19890413,PRCP,10,,,a,
ASN00023718,19890414,PRCP,0,,,a,
ASN00023718,19890418,PRCP,2,,,a,
ASN00023718,19890419,PRCP,0,,,a,
ASN00023718,19890420,PRCP,0,,,a,
ASN00023718,19890421,PRCP,0,,,a,
ASN00023718,19890422,PRCP,0,,,a,
ASN00023718,19890423,PRCP,0,,,a,
ASN00023718,19890424,PRCP,0,,,a,
ASN00023718,19890427,PRCP,58,,,a,
ASN00023718,19890428,PRCP,0,,,a,
ASN00023718,19890429,PRCP,0,,,a,
ASN00023718,19890430,PRCP,0,,,a,
ASN00023718,19890417,DAPR,3,,,a,
ASN00023718,19890426,DAPR,2,,,a,
ASN00023718,19890417,DWPR,1,,,a,
ASN00023718,19890426,DWPR,1,,,a,
ASN00023718,19890417,MDPR,6,,,a,
ASN00023718,19890426,MDPR,282,,,a,
ASN00023718,19890501,PRCP,22,,,a,
ASN00023718,19890502,PRCP,0,,,a,
ASN00023718,19890503,PRCP,26,,,a,
ASN00023718,19890504,PRCP,72,,,a,
ASN00023718,19890505,PRCP,56,,,a,
ASN00023718,19890509,PRCP,278,,,a,
ASN00023718,19890510,PRCP,2,,,a,
ASN00023718,19890511,PRCP,20,,,a,
ASN00023718,19890512,PRCP,0,,,a,
ASN00023718,19890513,PRCP,0,,,a,
ASN00023718,19890514,PRCP,0,,,a,
ASN00023718,19890515,PRCP,0,,,a,
ASN00023718,19890516,PRCP,0,,,a,
ASN00023718,19890517,PRCP,0,,,a,
ASN00023718,19890518,PRCP,0,,,a,
ASN00023718,19890519,PRCP,64,,,a,
ASN00023718,19890523,PRCP,4,,,a,
ASN00023718,19890524,PRCP,12,,,a,
ASN00023718,19890525,PRCP,2,,,a,
ASN00023718,19890526,PRCP,2,,,a,
ASN00023718,19890530,PRCP,40,,,a,
ASN00023718,19890531,PRCP,30,,,a,
ASN00023718,19890508,DAPR,3,,,a,
ASN00023718,19890522,DAPR,3,,,a,
ASN00023718,19890529,DAPR,3,,,a,
ASN00023718,19890508,DWPR,1,,,a,
ASN00023718,19890522,DWPR,1,,,a,
ASN00023718,19890529,DWPR,1,,,a,
ASN00023718,19890508,MDPR,12,,,a,
ASN00023718,19890522,MDPR,58,,,a,
ASN00023718,19890529,MDPR,6,,,a,
ASN00023718,19890601,PRCP,2,,,a,
ASN00023718,19890602,PRCP,0,,,a,
ASN00023718,19890606,PRCP,30,,,a,
ASN00023718,19890607,PRCP,12,,,a,
ASN00023718,19890608,PRCP,0,,,a,
ASN00023718,19890609,PRCP,62,,,a,
ASN00023718,19890614,PRCP,42,,,a,
ASN00023718,19890615,PRCP,50,,,a,
ASN00023718,19890616,PRCP,72,,,a,
ASN00023718,19890620,PRCP,0,,,a,
ASN00023718,19890621,PRCP,0,,,a,
ASN00023718,19890622,PRCP,0,,,a,
ASN00023718,19890623,PRCP,70,,,a,
ASN00023718,19890627,PRCP,0,,,a,
ASN00023718,19890628,PRCP,0,,,a,
ASN00023718,19890629,PRCP,0,,,a,
ASN00023718,19890630,PRCP,0,,,a,
ASN00023718,19890605,DAPR,3,,,a,
ASN00023718,19890613,DAPR,4,,,a,
ASN00023718,19890619,DAPR,3,,,a,
ASN00023718,19890626,DAPR,3,,,a,
ASN00023718,19890605,DWPR,1,,,a,
ASN00023718,19890613,DWPR,1,,,a,
ASN00023718,19890619,DWPR,1,,,a,
ASN00023718,19890626,DWPR,1,,,a,
ASN00023718,19890605,MDPR,80,,,a,
ASN00023718,19890613,MDPR,102,,,a,
ASN00023718,19890619,MDPR,154,,,a,
ASN00023718,19890626,MDPR,74,,,a,
ASN00023718,19890704,PRCP,60,,,a,
ASN00023718,19890705,PRCP,28,,,a,
ASN00023718,19890706,PRCP,90,,,a,
ASN00023718,19890707,PRCP,10,,,a,
ASN00023718,19890711,PRCP,192,,,a,
ASN00023718,19890712,PRCP,0,,,a,
ASN00023718,19890713,PRCP,0,,,a,
ASN00023718,19890714,PRCP,0,,,a,
ASN00023718,19890718,PRCP,32,,,a,
ASN00023718,19890719,PRCP,0,,,a,
ASN00023718,19890720,PRCP,40,,,a,
ASN00023718,19890721,PRCP,0,,,a,
ASN00023718,19890725,PRCP,0,,,a,
ASN00023718,19890726,PRCP,0,,,a,
ASN00023718,19890727,PRCP,0,,,a,
ASN00023718,19890728,PRCP,0,,,a,
ASN00023718,19890703,DAPR,3,,,a,
ASN00023718,19890710,DAPR,3,,,a,
ASN00023718,19890717,DAPR,3,,,a,
ASN00023718,19890724,DAPR,3,,,a,
ASN00023718,19890731,DAPR,3,,,a,
ASN00023718,19890703,DWPR,1,,,a,
ASN00023718,19890710,DWPR,1,,,a,
ASN00023718,19890717,DWPR,1,,,a,
ASN00023718,19890724,DWPR,1,,,a,
ASN00023718,19890731,DWPR,1,,,a,
ASN00023718,19890703,MDPR,10,,,a,
ASN00023718,19890710,MDPR,312,,,a,
ASN00023718,19890717,MDPR,20,,,a,
ASN00023718,19890724,MDPR,60,,,a,
ASN00023718,19890731,MDPR,176,,,a,
ASN00023718,19890801,PRCP,18,,,a,
ASN00023718,19890802,PRCP,6,,,a,
ASN00023718,19890803,PRCP,0,,,a,
ASN00023718,19890804,PRCP,12,,,a,
ASN00023718,19890808,PRCP,32,,,a,
ASN00023718,19890809,PRCP,32,,,a,
ASN00023718,19890810,PRCP,4,,,a,
ASN00023718,19890811,PRCP,0,,,a,
ASN00023718,19890812,PRCP,0,,,a,
ASN00023718,19890813,PRCP,0,,,a,
ASN00023718,19890814,PRCP,0,,,a,
ASN00023718,19890815,PRCP,2,,,a,
ASN00023718,19890816,PRCP,60,,,a,
ASN00023718,19890817,PRCP,16,,,a,
ASN00023718,19890818,PRCP,0,,,a,
ASN00023718,19890822,PRCP,68,,,a,
ASN00023718,19890823,PRCP,48,,,a,
ASN00023718,19890824,PRCP,0,,,a,
ASN00023718,19890825,PRCP,8,,,a,
ASN00023718,19890829,PRCP,10,,,a,
ASN00023718,19890830,PRCP,0,,,a,
ASN00023718,19890831,PRCP,26,,,a,
ASN00023718,19890807,DAPR,3,,,a,
ASN00023718,19890821,DAPR,3,,,a,
ASN00023718,19890828,DAPR,3,,,a,
ASN00023718,19890807,DWPR,1,,,a,
ASN00023718,19890821,DWPR,1,,,a,
ASN00023718,19890828,DWPR,1,,,a,
ASN00023718,19890807,MDPR,150,,,a,
ASN00023718,19890821,MDPR,20,,,a,
ASN00023718,19890828,MDPR,82,,,a,
ASN00023718,19890901,PRCP,0,,,a,
ASN00023718,19890902,PRCP,0,,,a,
ASN00023718,19890903,PRCP,0,,,a,
ASN00023718,19890904,PRCP,0,,,a,
ASN00023718,19890905,PRCP,0,,,a,
ASN00023718,19890906,PRCP,0,,,a,
ASN00023718,19890907,PRCP,0,,,a,
ASN00023718,19890908,PRCP,0,,,a,
ASN00023718,19890912,PRCP,114,,,a,
ASN00023718,19890913,PRCP,0,,,a,
ASN00023718,19890914,PRCP,10,,,a,
ASN00023718,19890915,PRCP,0,,,a,
ASN00023718,19890916,PRCP,0,,,a,
ASN00023718,19890917,PRCP,0,,,a,
ASN00023718,19890918,PRCP,0,,,a,
ASN00023718,19890919,PRCP,20,,,a,
ASN00023718,19890920,PRCP,0,,,a,
ASN00023718,19890921,PRCP,0,,,a,
ASN00023718,19890922,PRCP,6,,,a,
ASN00023718,19890926,PRCP,60,,,a,
ASN00023718,19890927,PRCP,0,,,a,
ASN00023718,19890928,PRCP,0,,,a,
ASN00023718,19890929,PRCP,0,,,a,
ASN00023718,19890930,PRCP,0,,,a,
ASN00023718,19890911,DAPR,3,,,a,
ASN00023718,19890925,DAPR,3,,,a,
ASN00023718,19890911,DWPR,1,,,a,
ASN00023718,19890925,DWPR,1,,,a,
ASN00023718,19890911,MDPR,172,,,a,
ASN00023718,19890925,MDPR,20,,,a,
ASN00023718,19891001,PRCP,0,,,a,
ASN00023718,19891002,PRCP,0,,,a,
ASN00023718,19891003,PRCP,0,,,a,
ASN00023718,19891004,PRCP,52,,,a,
ASN00023718,19891005,PRCP,0,,,a,
ASN00023718,19891006,PRCP,0,,,a,
ASN00023718,19891011,PRCP,0,,,a,
ASN00023718,19891012,PRCP,14,,,a,
ASN00023718,19891013,PRCP,10,,,a,
ASN00023718,19891017,PRCP,0,,,a,
ASN00023718,19891018,PRCP,0,,,a,
ASN00023718,19891019,PRCP,0,,,a,
ASN00023718,19891020,PRCP,10,,,a,
ASN00023718,19891021,PRCP,0,,,a,
ASN00023718,19891022,PRCP,0,,,a,
ASN00023718,19891023,PRCP,0,,,a,
ASN00023718,19891024,PRCP,0,,,a,
ASN00023718,19891025,PRCP,30,,,a,
ASN00023718,19891026,PRCP,10,,,a,
ASN00023718,19891027,PRCP,42,,,a,
ASN00023718,19891028,PRCP,0,,,a,
ASN00023718,19891029,PRCP,0,,,a,
ASN00023718,19891030,PRCP,0,,,a,
ASN00023718,19891031,PRCP,50,,,a,
ASN00023718,19891010,DAPR,4,,,a,
ASN00023718,19891016,DAPR,3,,,a,
ASN00023718,19891010,DWPR,1,,,a,
ASN00023718,19891016,DWPR,1,,,a,
ASN00023718,19891010,MDPR,152,,,a,
ASN00023718,19891016,MDPR,20,,,a,
ASN00023718,19891101,PRCP,0,,,a,
ASN00023718,19891102,PRCP,18,,,a,
ASN00023718,19891103,PRCP,0,,,a,
ASN00023718,19891107,PRCP,0,,,a,
ASN00023718,19891108,PRCP,22,,,a,
ASN00023718,19891109,PRCP,0,,,a,
ASN00023718,19891110,PRCP,0,,,a,
ASN00023718,19891114,PRCP,0,,,a,
ASN00023718,19891115,PRCP,0,,,a,
ASN00023718,19891116,PRCP,0,,,a,
ASN00023718,19891117,PRCP,0,,,a,
ASN00023718,19891118,PRCP,0,,,a,
ASN00023718,19891119,PRCP,0,,,a,
ASN00023718,19891120,PRCP,0,,,a,
ASN00023718,19891121,PRCP,0,,,a,
ASN00023718,19891122,PRCP,0,,,a,
ASN00023718,19891123,PRCP,0,,,a,
ASN00023718,19891124,PRCP,0,,,a,
ASN00023718,19891125,PRCP,0,,,a,
ASN00023718,19891126,PRCP,0,,,a,
ASN00023718,19891127,PRCP,0,,,a,
ASN00023718,19891128,PRCP,0,,,a,
ASN00023718,19891129,PRCP,18,,,a,
ASN00023718,19891130,PRCP,72,,,a,
ASN00023718,19891106,DAPR,3,,,a,
ASN00023718,19891113,DAPR,3,,,a,
ASN00023718,19891106,DWPR,1,,,a,
ASN00023718,19891113,DWPR,1,,,a,
ASN00023718,19891106,MDPR,204,,,a,
ASN00023718,19891113,MDPR,24,,,a,
ASN00023718,19891201,PRCP,22,,,a,
ASN00023718,19891205,PRCP,0,,,a,
ASN00023718,19891206,PRCP,0,,,a,
ASN00023718,19891207,PRCP,0,,,a,
ASN00023718,19891208,PRCP,0,,,a,
ASN00023718,19891209,PRCP,0,,,a,
ASN00023718,19891210,PRCP,0,,,a,
ASN00023718,19891211,PRCP,0,,,a,
ASN00023718,19891212,PRCP,0,,,a,
ASN00023718,19891213,PRCP,0,,,a,
ASN00023718,19891214,PRCP,0,,,a,
ASN00023718,19891215,PRCP,0,,,a,
ASN00023718,19891216,PRCP,0,,,a,
ASN00023718,19891217,PRCP,0,,,a,
ASN00023718,19891218,PRCP,0,,,a,
ASN00023718,19891219,PRCP,0,,,a,
ASN00023718,19891220,PRCP,0,,,a,
ASN00023718,19891221,PRCP,0,,,a,
ASN00023718,19891222,PRCP,0,,,a,
ASN00023718,19891228,PRCP,0,,,a,
ASN00023718,19891229,PRCP,0,,,a,
ASN00023718,19891230,PRCP,0,,,a,
ASN00023718,19891231,PRCP,0,,,a,
ASN00023718,19891204,DAPR,3,,,a,
ASN00023718,19891227,DAPR,5,,,a,
ASN00023718,19891204,DWPR,1,,,a,
ASN00023718,19891227,DWPR,1,,,a,
ASN00023718,19891204,MDPR,20,,,a,
ASN00023718,19891227,MDPR,10,,,a,
ASN00023718,19900101,PRCP,0,,,a,
ASN00023718,19900102,PRCP,0,,,a,
ASN00023718,19900103,PRCP,0,,,a,
ASN00023718,19900104,PRCP,0,,,a,
ASN00023718,19900105,PRCP,0,,,a,
ASN00023718,19900106,PRCP,0,,,a,
ASN00023718,19900107,PRCP,0,,,a,
ASN00023718,19900108,PRCP,0,,,a,
ASN00023718,19900109,PRCP,0,,,a,
ASN00023718,19900110,PRCP,0,,,a,
ASN00023718,19900111,PRCP,0,,,a,
ASN00023718,19900112,PRCP,0,,,a,
ASN00023718,19900113,PRCP,0,,,a,
ASN00023718,19900114,PRCP,0,,,a,
ASN00023718,19900115,PRCP,0,,,a,
ASN00023718,19900116,PRCP,0,,,a,
ASN00023718,19900117,PRCP,0,,,a,
ASN00023718,19900118,PRCP,62,,,a,
ASN00023718,19900119,PRCP,0,,,a,
ASN00023718,19900120,PRCP,0,,,a,
ASN00023718,19900121,PRCP,0,,,a,
ASN00023718,19900122,PRCP,0,,,a,
ASN00023718,19900123,PRCP,0,,,a,
ASN00023718,19900124,PRCP,0,,,a,
ASN00023718,19900125,PRCP,0,,,a,
ASN00023718,19900126,PRCP,0,,,a,
ASN00023718,19900127,PRCP,0,,,a,
ASN00023718,19900128,PRCP,0,,,a,
ASN00023718,19900129,PRCP,0,,,a,
ASN00023718,19900130,PRCP,0,,,a,
ASN00023718,19900131,PRCP,0,,,a,
ASN00023718,19900201,PRCP,12,,,a,
ASN00023718,19900202,PRCP,12,,,a,
ASN00023718,19900203,PRCP,0,,,a,
ASN00023718,19900204,PRCP,0,,,a,
ASN00023718,19900205,PRCP,2,,,a,
ASN00023718,19900206,PRCP,0,,,a,
ASN00023718,19900207,PRCP,0,,,a,
ASN00023718,19900208,PRCP,0,,,a,
ASN00023718,19900209,PRCP,28,,,a,
ASN00023718,19900210,PRCP,0,,,a,
ASN00023718,19900211,PRCP,0,,,a,
ASN00023718,19900212,PRCP,0,,,a,
ASN00023718,19900213,PRCP,0,,,a,
ASN00023718,19900214,PRCP,0,,,a,
ASN00023718,19900215,PRCP,0,,,a,
ASN00023718,19900216,PRCP,2,,,a,
ASN00023718,19900217,PRCP,0,,,a,
ASN00023718,19900218,PRCP,0,,,a,
ASN00023718,19900219,PRCP,0,,,a,
ASN00023718,19900220,PRCP,0,,,a,
ASN00023718,19900221,PRCP,0,,,a,
ASN00023718,19900222,PRCP,0,,,a,
ASN00023718,19900223,PRCP,0,,,a,
ASN00023718,19900224,PRCP,0,,,a,
ASN00023718,19900225,PRCP,0,,,a,
ASN00023718,19900226,PRCP,0,,,a,
ASN00023718,19900227,PRCP,10,,,a,
ASN00023718,19900228,PRCP,12,,,a,
ASN00023718,19900301,PRCP,0,,,a,
ASN00023718,19900302,PRCP,0,,,a,
ASN00023718,19900303,PRCP,0,,,a,
ASN00023718,19900304,PRCP,0,,,a,
ASN00023718,19900305,PRCP,0,,,a,
ASN00023718,19900306,PRCP,0,,,a,
ASN00023718,19900307,PRCP,0,,,a,
ASN00023718,19900308,PRCP,0,,,a,
ASN00023718,19900309,PRCP,0,,,a,
ASN00023718,19900313,PRCP,0,,,a,
ASN00023718,19900314,PRCP,0,,,a,
ASN00023718,19900315,PRCP,0,,,a,
ASN00023718,19900316,PRCP,0,,,a,
ASN00023718,19900317,PRCP,0,,,a,
ASN00023718,19900318,PRCP,0,,,a,
ASN00023718,19900319,PRCP,0,,,a,
ASN00023718,19900320,PRCP,0,,,a,
ASN00023718,19900321,PRCP,0,,,a,
ASN00023718,19900322,PRCP,0,,,a,
ASN00023718,19900323,PRCP,0,,,a,
ASN00023718,19900324,PRCP,0,,,a,
ASN00023718,19900325,PRCP,0,,,a,
ASN00023718,19900326,PRCP,0,,,a,
ASN00023718,19900327,PRCP,2,,,a,
ASN00023718,19900328,PRCP,0,,,a,
ASN00023718,19900329,PRCP,0,,,a,
ASN00023718,19900330,PRCP,0,,,a,
ASN00023718,19900331,PRCP,0,,,a,
ASN00023718,19900312,DAPR,3,,,a,
ASN00023718,19900312,DWPR,1,,,a,
ASN00023718,19900312,MDPR,6,,,a,
ASN00023718,19900401,PRCP,0,,,a,
ASN00023718,19900402,PRCP,0,,,a,
ASN00023718,19900403,PRCP,0,,,a,
ASN00023718,19900404,PRCP,0,,,a,
ASN00023718,19900405,PRCP,0,,,a,
ASN00023718,19900406,PRCP,0,,,a,
ASN00023718,19900407,PRCP,0,,,a,
ASN00023718,19900408,PRCP,0,,,a,
ASN00023718,19900409,PRCP,0,,,a,
ASN00023718,19900410,PRCP,0,,,a,
ASN00023718,19900411,PRCP,0,,,a,
ASN00023718,19900412,PRCP,0,,,a,
ASN00023718,19900418,PRCP,0,,,a,
ASN00023718,19900419,PRCP,0,,,a,
ASN00023718,19900420,PRCP,0,,,a,
ASN00023718,19900424,PRCP,0,,,a,
ASN00023718,19900427,PRCP,0,,,a,
ASN00023718,19900417,DAPR,5,,,a,
ASN00023718,19900423,DAPR,3,,,a,
ASN00023718,19900426,DAPR,2,,,a,
ASN00023718,19900430,DAPR,3,,,a,
ASN00023718,19900417,DWPR,1,,,a,
ASN00023718,19900423,DWPR,1,,,a,
ASN00023718,19900426,DWPR,1,,,a,
ASN00023718,19900430,DWPR,1,,,a,
ASN00023718,19900417,MDPR,72,,,a,
ASN00023718,19900423,MDPR,72,,,a,
ASN00023718,19900426,MDPR,46,,,a,
ASN00023718,19900430,MDPR,62,,,a,
ASN00023718,19900501,PRCP,0,,,a,
ASN00023718,19900502,PRCP,0,,,a,
ASN00023718,19900503,PRCP,0,,,a,
ASN00023718,19900504,PRCP,0,,,a,
ASN00023718,19900508,PRCP,0,,,a,
ASN00023718,19900509,PRCP,0,,,a,
ASN00023718,19900510,PRCP,0,,,a,
ASN00023718,19900511,PRCP,0,,,a,
ASN00023718,19900512,PRCP,0,,,a,
ASN00023718,19900513,PRCP,0,,,a,
ASN00023718,19900514,PRCP,0,,,a,
ASN00023718,19900515,PRCP,0,,,a,
ASN00023718,19900516,PRCP,0,,,a,
ASN00023718,19900517,PRCP,16,,,a,
ASN00023718,19900518,PRCP,10,,,a,
ASN00023718,19900519,PRCP,0,,,a,
ASN00023718,19900520,PRCP,0,,,a,
ASN00023718,19900521,PRCP,0,,,a,
ASN00023718,19900522,PRCP,0,,,a,
ASN00023718,19900523,PRCP,0,,,a,
ASN00023718,19900524,PRCP,20,,,a,
ASN00023718,19900525,PRCP,26,,,a,
ASN00023718,19900529,PRCP,0,,,a,
ASN00023718,19900530,PRCP,0,,,a,
ASN00023718,19900531,PRCP,10,,,a,
ASN00023718,19900507,DAPR,3,,,a,
ASN00023718,19900528,DAPR,3,,,a,
ASN00023718,19900507,DWPR,1,,,a,
ASN00023718,19900528,DWPR,1,,,a,
ASN00023718,19900507,MDPR,44,,,a,
ASN00023718,19900528,MDPR,34,,,a,
ASN00023718,19900601,PRCP,26,,,a,
ASN00023718,19900605,PRCP,0,,,a,
ASN00023718,19900606,PRCP,0,,,a,
ASN00023718,19900607,PRCP,0,,,a,
ASN00023718,19900608,PRCP,0,,,a,
ASN00023718,19900613,PRCP,34,,,a,
ASN00023718,19900614,PRCP,0,,,a,
ASN00023718,19900615,PRCP,0,,,a,
ASN00023718,19900619,PRCP,2,,,a,
ASN00023718,19900620,PRCP,0,,,a,
ASN00023718,19900621,PRCP,4,,,a,
ASN00023718,19900622,PRCP,0,,,a,
ASN00023718,19900626,PRCP,34,,,a,
ASN00023718,19900627,PRCP,234,,,a,
ASN00023718,19900628,PRCP,134,,,a,
ASN00023718,19900629,PRCP,38,,,a,
ASN00023718,19900630,PRCP,40,,,a,
ASN00023718,19900604,DAPR,3,,,a,
ASN00023718,19900612,DAPR,4,,,a,
ASN00023718,19900618,DAPR,3,,,a,
ASN00023718,19900625,DAPR,3,,,a,
ASN00023718,19900604,DWPR,1,,,a,
ASN00023718,19900612,DWPR,1,,,a,
ASN00023718,19900618,DWPR,1,,,a,
ASN00023718,19900625,DWPR,1,,,a,
ASN00023718,19900604,MDPR,20,,,a,
ASN00023718,19900612,MDPR,36,,,a,
ASN00023718,19900618,MDPR,170,,,a,
ASN00023718,19900625,MDPR,110,,,a,
ASN00023718,19900703,PRCP,28,,,a,
ASN00023718,19900704,PRCP,8,,,a,
ASN00023718,19900705,PRCP,46,,,a,
ASN00023718,19900706,PRCP,64,,,a,
ASN00023718,19900710,PRCP,0,,,a,
ASN00023718,19900711,PRCP,0,,,a,
ASN00023718,19900712,PRCP,76,,,a,
ASN00023718,19900713,PRCP,0,,,a,
ASN00023718,19900717,PRCP,2,,,a,
ASN00023718,19900718,PRCP,32,,,a,
ASN00023718,19900719,PRCP,30,,,a,
ASN00023718,19900720,PRCP,4,,,a,
ASN00023718,19900724,PRCP,14,,,a,
ASN00023718,19900725,PRCP,108,,,a,
ASN00023718,19900726,PRCP,124,,,a,
ASN00023718,19900727,PRCP,0,,,a,
ASN00023718,19900731,PRCP,0,,,a,
ASN00023718,19900702,DAPR,2,,,a,
ASN00023718,19900709,DAPR,3,,,a,
ASN00023718,19900716,DAPR,3,,,a,
ASN00023718,19900723,DAPR,3,,,a,
ASN00023718,19900730,DAPR,3,,,a,
ASN00023718,19900702,DWPR,1,,,a,
ASN00023718,19900709,DWPR,1,,,a,
ASN00023718,19900716,DWPR,1,,,a,
ASN00023718,19900723,DWPR,1,,,a,
ASN00023718,19900730,DWPR,1,,,a,
ASN00023718,19900702,MDPR,242,,,a,
ASN00023718,19900709,MDPR,4,,,a,
ASN00023718,19900716,MDPR,42,,,a,
ASN00023718,19900723,MDPR,94,,,a,
ASN00023718,19900730,MDPR,4,,,a,
ASN00023718,19900801,PRCP,0,,,a,
ASN00023718,19900802,PRCP,0,,,a,
ASN00023718,19900803,PRCP,0,,,a,
ASN00023718,19900807,PRCP,6,,,a,
ASN00023718,19900808,PRCP,0,,,a,
ASN00023718,19900809,PRCP,50,,,a,
ASN00023718,19900810,PRCP,6,,,a,
ASN00023718,19900814,PRCP,26,,,a,
ASN00023718,19900815,PRCP,90,,,a,
ASN00023718,19900816,PRCP,92,,,a,
ASN00023718,19900817,PRCP,8,,,a,
ASN00023718,19900821,PRCP,86,,,a,
ASN00023718,19900822,PRCP,22,,,a,
ASN00023718,19900823,PRCP,22,,,a,
ASN00023718,19900824,PRCP,64,,,a,
ASN00023718,19900828,PRCP,0,,,a,
ASN00023718,19900829,PRCP,22,,,a,
ASN00023718,19900830,PRCP,10,,,a,
ASN00023718,19900831,PRCP,24,,,a,
ASN00023718,19900806,DAPR,3,,,a,
ASN00023718,19900813,DAPR,3,,,a,
ASN00023718,19900820,DAPR,3,,,a,
ASN00023718,19900827,DAPR,3,,,a,
ASN00023718,19900806,DWPR,1,,,a,
ASN00023718,19900813,DWPR,1,,,a,
ASN00023718,19900820,DWPR,1,,,a,
ASN00023718,19900827,DWPR,1,,,a,
ASN00023718,19900806,MDPR,174,,,a,
ASN00023718,19900813,MDPR,68,,,a,
ASN00023718,19900820,MDPR,10,,,a,
ASN00023718,19900827,MDPR,20,,,a,
ASN00023718,19900904,PRCP,0,,,a,
ASN00023718,19900905,PRCP,10,,,a,
ASN00023718,19900906,PRCP,4,,,a,
ASN00023718,19900907,PRCP,0,,,a,
ASN00023718,19900908,PRCP,0,,,a,
ASN00023718,19900909,PRCP,0,,,a,
ASN00023718,19900910,PRCP,0,,,a,
ASN00023718,19900911,PRCP,0,,,a,
ASN00023718,19900912,PRCP,214,,,a,
ASN00023718,19900913,PRCP,34,,,a,
ASN00023718,19900914,PRCP,12,,,a,
ASN00023718,19900918,PRCP,0,,,a,
ASN00023718,19900919,PRCP,0,,,a,
ASN00023718,19900920,PRCP,0,,,a,
ASN00023718,19900921,PRCP,0,,,a,
ASN00023718,19900922,PRCP,0,,,a,
ASN00023718,19900923,PRCP,0,,,a,
ASN00023718,19900924,PRCP,0,,,a,
ASN00023718,19900925,PRCP,102,,,a,
ASN00023718,19900926,PRCP,2,,,a,
ASN00023718,19900927,PRCP,0,,,a,
ASN00023718,19900928,PRCP,0,,,a,
ASN00023718,19900929,PRCP,0,,,a,
ASN00023718,19900930,PRCP,0,,,a,
ASN00023718,19900903,DAPR,3,,,a,
ASN00023718,19900917,DAPR,3,,,a,
ASN00023718,19900903,DWPR,1,,,a,
ASN00023718,19900917,DWPR,1,,,a,
ASN00023718,19900903,MDPR,34,,,a,
ASN00023718,19900917,MDPR,14,,,a,
ASN00023718,19901001,PRCP,0,,,a,
ASN00023718,19901002,PRCP,0,,,a,
ASN00023718,19901003,PRCP,0,,,a,
ASN00023718,19901004,PRCP,0,,,a,
ASN00023718,19901005,PRCP,6,,,a,
ASN00023718,19901010,PRCP,0,,,a,
ASN00023718,19901011,PRCP,22,,,a,
ASN00023718,19901012,PRCP,6,,,a,
ASN00023718,19901013,PRCP,0,,,a,
ASN00023718,19901014,PRCP,0,,,a,
ASN00023718,19901015,PRCP,0,,,a,
ASN00023718,19901016,PRCP,14,,,a,
ASN00023718,19901017,PRCP,6,,,a,
ASN00023718,19901018,PRCP,0,,,a,
ASN00023718,19901019,PRCP,32,,,a,
ASN00023718,19901023,PRCP,0,,,a,
ASN00023718,19901024,PRCP,0,,,a,
ASN00023718,19901025,PRCP,0,,,a,
ASN00023718,19901026,PRCP,0,,,a,
ASN00023718,19901027,PRCP,0,,,a,
ASN00023718,19901028,PRCP,0,,,a,
ASN00023718,19901029,PRCP,0,,,a,
ASN00023718,19901030,PRCP,0,,,a,
ASN00023718,19901031,PRCP,8,,,a,
ASN00023718,19901009,DAPR,4,,,a,
ASN00023718,19901022,DAPR,3,,,a,
ASN00023718,19901009,DWPR,1,,,a,
ASN00023718,19901022,DWPR,1,,,a,
ASN00023718,19901009,MDPR,68,,,a,
ASN00023718,19901022,MDPR,98,,,a,
ASN00023718,19901101,PRCP,4,,,a,
ASN00023718,19901102,PRCP,0,,,a,
ASN00023718,19901103,PRCP,0,,,a,
ASN00023718,19901104,PRCP,0,,,a,
ASN00023718,19901105,PRCP,0,,,a,
ASN00023718,19901106,PRCP,0,,,a,
ASN00023718,19901107,PRCP,4,,,a,
ASN00023718,19901108,PRCP,0,,,a,
ASN00023718,19901109,PRCP,0,,,a,
ASN00023718,19901110,PRCP,0,,,a,
ASN00023718,19901111,PRCP,0,,,a,
ASN00023718,19901112,PRCP,0,,,a,
ASN00023718,19901113,PRCP,0,,,a,
ASN00023718,19901114,PRCP,0,,,a,
ASN00023718,19901115,PRCP,0,,,a,
ASN00023718,19901116,PRCP,0,,,a,
ASN00023718,19901120,PRCP,0,,,a,
ASN00023718,19901121,PRCP,0,,,a,
ASN00023718,19901122,PRCP,4,,,a,
ASN00023718,19901123,PRCP,4,,,a,
ASN00023718,19901124,PRCP,0,,,a,
ASN00023718,19901125,PRCP,0,,,a,
ASN00023718,19901126,PRCP,0,,,a,
ASN00023718,19901127,PRCP,0,,,a,
ASN00023718,19901128,PRCP,0,,,a,
ASN00023718,19901129,PRCP,0,,,a,
ASN00023718,19901130,PRCP,0,,,a,
ASN00023718,19901119,DAPR,3,,,a,
ASN00023718,19901119,DWPR,1,,,a,
ASN00023718,19901119,MDPR,10,,,a,
ASN00023718,19901201,PRCP,0,,,a,
ASN00023718,19901202,PRCP,0,,,a,
ASN00023718,19901203,PRCP,0,,,a,
ASN00023718,19901204,PRCP,0,,,a,
ASN00023718,19901205,PRCP,0,,,a,
ASN00023718,19901206,PRCP,94,,,a,
ASN00023718,19901207,PRCP,8,,,a,
ASN00023718,19901211,PRCP,0,,,a,
ASN00023718,19901212,PRCP,0,,,a,
ASN00023718,19901213,PRCP,4,,,a,
ASN00023718,19901214,PRCP,0,,,a,
ASN00023718,19901215,PRCP,0,,,a,
ASN00023718,19901216,PRCP,0,,,a,
ASN00023718,19901217,PRCP,0,,,a,
ASN00023718,19901218,PRCP,0,,,a,
ASN00023718,19901219,PRCP,0,,,a,
ASN00023718,19901220,PRCP,0,,,a,
ASN00023718,19901221,PRCP,0,,,a,
ASN00023718,19901225,PRCP,0,,,a,
ASN00023718,19901226,PRCP,0,,,a,
ASN00023718,19901227,PRCP,0,,,a,
ASN00023718,19901228,PRCP,0,,,a,
ASN00023718,19901229,PRCP,0,,,a,
ASN00023718,19901230,PRCP,0,,,a,
ASN00023718,19901231,PRCP,0,,,a,
ASN00023718,19901210,DAPR,3,,,a,
ASN00023718,19901224,DAPR,3,,,a,
ASN00023718,19901210,DWPR,1,,,a,
ASN00023718,19901224,DWPR,1,,,a,
ASN00023718,19901210,MDPR,132,,,a,
ASN00023718,19901224,MDPR,36,,,a,
ASN00023718,19910101,PRCP,0,,,a,
ASN00023718,19910102,PRCP,0,,,a,
ASN00023718,19910103,PRCP,0,,,a,
ASN00023718,19910104,PRCP,34,,,a,
ASN00023718,19910108,PRCP,0,,,a,
ASN00023718,19910109,PRCP,0,,,a,
ASN00023718,19910110,PRCP,0,,,a,
ASN00023718,19910111,PRCP,0,,,a,
ASN00023718,19910112,PRCP,0,,,a,
ASN00023718,19910113,PRCP,0,,,a,
ASN00023718,19910114,PRCP,0,,,a,
ASN00023718,19910115,PRCP,0,,,a,
ASN00023718,19910116,PRCP,0,,,a,
ASN00023718,19910117,PRCP,0,,,a,
ASN00023718,19910118,PRCP,0,,,a,
ASN00023718,19910119,PRCP,0,,,a,
ASN00023718,19910120,PRCP,0,,,a,
ASN00023718,19910121,PRCP,0,,,a,
ASN00023718,19910122,PRCP,6,,,a,
ASN00023718,19910123,PRCP,0,,,a,
ASN00023718,19910124,PRCP,0,,,a,
ASN00023718,19910125,PRCP,4,,,a,
ASN00023718,19910126,PRCP,0,,,a,
ASN00023718,19910127,PRCP,0,,,a,
ASN00023718,19910128,PRCP,0,,,a,
ASN00023718,19910129,PRCP,0,,,a,
ASN00023718,19910130,PRCP,0,,,a,
ASN00023718,19910131,PRCP,0,,,a,
ASN00023718,19910107,DAPR,3,,,a,
ASN00023718,19910107,DWPR,1,,,a,
ASN00023718,19910107,MDPR,82,,,a,
ASN00023718,19910201,PRCP,0,,,a,
ASN00023718,19910202,PRCP,0,,,a,
ASN00023718,19910203,PRCP,0,,,a,
ASN00023718,19910204,PRCP,0,,,a,
ASN00023718,19910205,PRCP,0,,,a,
ASN00023718,19910206,PRCP,0,,,a,
ASN00023718,19910207,PRCP,0,,,a,
ASN00023718,19910208,PRCP,0,,,a,
ASN00023718,19910209,PRCP,0,,,a,
ASN00023718,19910210,PRCP,0,,,a,
ASN00023718,19910211,PRCP,0,,,a,
ASN00023718,19910212,PRCP,0,,,a,
ASN00023718,19910213,PRCP,0,,,a,
ASN00023718,19910214,PRCP,0,,,a,
ASN00023718,19910215,PRCP,0,,,a,
ASN00023718,19910216,PRCP,0,,,a,
ASN00023718,19910217,PRCP,0,,,a,
ASN00023718,19910218,PRCP,0,,,a,
ASN00023718,19910219,PRCP,0,,,a,
ASN00023718,19910220,PRCP,0,,,a,
ASN00023718,19910221,PRCP,0,,,a,
ASN00023718,19910222,PRCP,0,,,a,
ASN00023718,19910223,PRCP,0,,,a,
ASN00023718,19910224,PRCP,0,,,a,
ASN00023718,19910225,PRCP,0,,,a,
ASN00023718,19910226,PRCP,0,,,a,
ASN00023718,19910227,PRCP,0,,,a,
ASN00023718,19910228,PRCP,0,,,a,
ASN00023718,19910301,PRCP,0,,,a,
ASN00023718,19910302,PRCP,0,,,a,
ASN00023718,19910303,PRCP,0,,,a,
ASN00023718,19910304,PRCP,0,,,a,
ASN00023718,19910305,PRCP,0,,,a,
ASN00023718,19910306,PRCP,0,,,a,
ASN00023718,19910307,PRCP,0,,,a,
ASN00023718,19910308,PRCP,0,,,a,
ASN00023718,19910312,PRCP,0,,,a,
ASN00023718,19910313,PRCP,0,,,a,
ASN00023718,19910314,PRCP,0,,,a,
ASN00023718,19910315,PRCP,0,,,a,
ASN00023718,19910316,PRCP,0,,,a,
ASN00023718,19910317,PRCP,0,,,a,
ASN00023718,19910318,PRCP,0,,,a,
ASN00023718,19910319,PRCP,10,,,a,
ASN00023718,19910320,PRCP,34,,,a,
ASN00023718,19910321,PRCP,0,,,a,
ASN00023718,19910322,PRCP,18,,,a,
ASN00023718,19910323,PRCP,0,,,a,
ASN00023718,19910324,PRCP,0,,,a,
ASN00023718,19910325,PRCP,0,,,a,
ASN00023718,19910326,PRCP,8,,,a,
ASN00023718,19910327,PRCP,0,,,a,
ASN00023718,19910328,PRCP,0,,,a,
ASN00023718,19910311,DAPR,3,,,a,
ASN00023718,19910331,DAPR,3,,,a,
ASN00023718,19910311,DWPR,1,,,a,
ASN00023718,19910331,DWPR,1,,,a,
ASN00023718,19910311,MDPR,20,,,a,
ASN00023718,19910331,MDPR,12,,,a,
ASN00023718,19910403,PRCP,0,,,a,
ASN00023718,19910404,PRCP,0,,,a,
ASN00023718,19910405,PRCP,0,,,a,
ASN00023718,19910406,PRCP,0,,,a,
ASN00023718,19910407,PRCP,0,,,a,
ASN00023718,19910408,PRCP,0,,,a,
ASN00023718,19910409,PRCP,0,,,a,
ASN00023718,19910410,PRCP,0,,,a,
ASN00023718,19910411,PRCP,0,,,a,
ASN00023718,19910412,PRCP,0,,,a,
ASN00023718,19910416,PRCP,4,,,a,
ASN00023718,19910417,PRCP,0,,,a,
ASN00023718,19910418,PRCP,26,,,a,
ASN00023718,19910419,PRCP,4,,,a,
ASN00023718,19910420,PRCP,0,,,a,
ASN00023718,19910421,PRCP,0,,,a,
ASN00023718,19910422,PRCP,0,,,a,
ASN00023718,19910423,PRCP,0,,,a,
ASN00023718,19910424,PRCP,8,,,a,
ASN00023718,19910427,PRCP,0,,,a,
ASN00023718,19910428,PRCP,0,,,a,
ASN00023718,19910429,PRCP,0,,,a,
ASN00023718,19910430,PRCP,24,,,a,
ASN00023718,19910402,DAPR,2,,,a,
ASN00023718,19910415,DAPR,3,,,a,
ASN00023718,19910426,DAPR,2,,,a,
ASN00023718,19910402,DWPR,1,,,a,
ASN00023718,19910415,DWPR,1,,,a,
ASN00023718,19910426,DWPR,1,,,a,
ASN00023718,19910402,MDPR,50,,,a,
ASN00023718,19910415,MDPR,94,,,a,
ASN00023718,19910426,MDPR,94,,,a,
ASN00023718,19910501,PRCP,44,,,a,
ASN00023718,19910502,PRCP,12,,,a,
ASN00023718,19910503,PRCP,4,,,a,
ASN00023718,19910507,PRCP,10,,,a,
ASN00023718,19910508,PRCP,20,,,a,
ASN00023718,19910509,PRCP,0,,,a,
ASN00023718,19910510,PRCP,0,,,a,
ASN00023718,19910514,PRCP,0,,,a,
ASN00023718,19910515,PRCP,0,,,a,
ASN00023718,19910516,PRCP,0,,,a,
ASN00023718,19910517,PRCP,0,,,a,
ASN00023718,19910518,PRCP,0,,,a,
ASN00023718,19910519,PRCP,0,,,a,
ASN00023718,19910520,PRCP,0,,,a,
ASN00023718,19910521,PRCP,0,,,a,
ASN00023718,19910522,PRCP,0,,,a,
ASN00023718,19910523,PRCP,0,,,a,
ASN00023718,19910524,PRCP,0,,,a,
ASN00023718,19910528,PRCP,0,,,a,
ASN00023718,19910529,PRCP,2,,,a,
ASN00023718,19910530,PRCP,0,,,a,
ASN00023718,19910531,PRCP,0,,,a,
ASN00023718,19910506,DAPR,3,,,a,
ASN00023718,19910513,DAPR,3,,,a,
ASN00023718,19910527,DAPR,3,,,a,
ASN00023718,19910506,DWPR,1,,,a,
ASN00023718,19910513,DWPR,1,,,a,
ASN00023718,19910527,DWPR,1,,,a,
ASN00023718,19910506,MDPR,54,,,a,
ASN00023718,19910513,MDPR,64,,,a,
ASN00023718,19910527,MDPR,20,,,a,
ASN00023718,19910604,PRCP,2,,,a,
ASN00023718,19910605,PRCP,0,,,a,
ASN00023718,19910606,PRCP,136,,,a,
ASN00023718,19910607,PRCP,26,,,a,
ASN00023718,19910612,PRCP,46,,,a,
ASN00023718,19910613,PRCP,0,,,a,
ASN00023718,19910614,PRCP,0,,,a,
ASN00023718,19910618,PRCP,2,,,a,
ASN00023718,19910619,PRCP,4,,,a,
ASN00023718,19910620,PRCP,2,,,a,
ASN00023718,19910621,PRCP,52,,,a,
ASN00023718,19910625,PRCP,0,,,a,
ASN00023718,19910626,PRCP,6,,,a,
ASN00023718,19910627,PRCP,0,,,a,
ASN00023718,19910628,PRCP,44,,,a,
ASN00023718,19910603,DAPR,3,,,a,
ASN00023718,19910611,DAPR,4,,,a,
ASN00023718,19910617,DAPR,3,,,a,
ASN00023718,19910624,DAPR,3,,,a,
ASN00023718,19910630,DAPR,2,,,a,
ASN00023718,19910603,DWPR,1,,,a,
ASN00023718,19910611,DWPR,1,,,a,
ASN00023718,19910617,DWPR,1,,,a,
ASN00023718,19910624,DWPR,1,,,a,
ASN00023718,19910630,DWPR,1,,,a,
ASN00023718,19910603,MDPR,144,,,a,
ASN00023718,19910611,MDPR,594,,,a,
ASN00023718,19910617,MDPR,30,,,a,
ASN00023718,19910624,MDPR,2,,,a,
ASN00023718,19910630,MDPR,30,,,a,
ASN00023718,19910701,PRCP,6,,,a,
ASN00023718,19910702,PRCP,0,,,a,
ASN00023718,19910703,PRCP,0,,,a,
ASN00023718,19910704,PRCP,0,,,a,
ASN00023718,19910705,PRCP,70,,,a,
ASN00023718,19910709,PRCP,123,,,a,
ASN00023718,19910710,PRCP,42,,,a,
ASN00023718,19910711,PRCP,2,,,a,
ASN00023718,19910712,PRCP,8,,,a,
ASN00023718,19910716,PRCP,4,,,a,
ASN00023718,19910717,PRCP,0,,,a,
ASN00023718,19910718,PRCP,4,,,a,
ASN00023718,19910719,PRCP,0,,,a,
ASN00023718,19910723,PRCP,22,,,a,
ASN00023718,19910724,PRCP,12,,,a,
ASN00023718,19910725,PRCP,0,,,a,
ASN00023718,19910726,PRCP,0,,,a,
ASN00023718,19910730,PRCP,4,,,a,
ASN00023718,19910731,PRCP,16,,,a,
ASN00023718,19910708,DAPR,3,,,a,
ASN00023718,19910715,DAPR,3,,,a,
ASN00023718,19910722,DAPR,3,,,a,
ASN00023718,19910729,DAPR,3,,,a,
ASN00023718,19910708,DWPR,1,,,a,
ASN00023718,19910715,DWPR,1,,,a,
ASN00023718,19910722,DWPR,1,,,a,
ASN00023718,19910729,DWPR,1,,,a,
ASN00023718,19910708,MDPR,122,,,a,
ASN00023718,19910715,MDPR,38,,,a,
ASN00023718,19910722,MDPR,26,,,a,
ASN00023718,19910729,MDPR,32,,,a,
ASN00023718,19910801,PRCP,24,,,a,
ASN00023718,19910802,PRCP,0,,,a,
ASN00023718,19910806,PRCP,8,,,a,
ASN00023718,19910807,PRCP,20,,,a,
ASN00023718,19910808,PRCP,148,,,a,
ASN00023718,19910809,PRCP,30,,,a,
ASN00023718,19910813,PRCP,8,,,a,
ASN00023718,19910814,PRCP,10,,,a,
ASN00023718,19910815,PRCP,10,,,a,
ASN00023718,19910816,PRCP,38,,,a,
ASN00023718,19910817,PRCP,0,,,a,
ASN00023718,19910818,PRCP,0,,,a,
ASN00023718,19910819,PRCP,0,,,a,
ASN00023718,19910820,PRCP,20,,,a,
ASN00023718,19910821,PRCP,84,,,a,
ASN00023718,19910822,PRCP,68,,,a,
ASN00023718,19910823,PRCP,90,,,a,
ASN00023718,19910827,PRCP,20,,,a,
ASN00023718,19910828,PRCP,64,,,a,
ASN00023718,19910829,PRCP,62,,,a,
ASN00023718,19910830,PRCP,42,,,a,
ASN00023718,19910831,PRCP,24,,,a,
ASN00023718,19910805,DAPR,3,,,a,
ASN00023718,19910812,DAPR,3,,,a,
ASN00023718,19910826,DAPR,3,,,a,
ASN00023718,19910805,DWPR,3,,,a,
ASN00023718,19910812,DWPR,3,,,a,
ASN00023718,19910826,DWPR,3,,,a,
ASN00023718,19910805,MDPR,36,,,a,
ASN00023718,19910812,MDPR,12,,,a,
ASN00023718,19910826,MDPR,70,,,a,
ASN00023718,19910901,PRCP,0,,,a,
ASN00023718,19910902,PRCP,0,,,a,
ASN00023718,19910903,PRCP,0,,,a,
ASN00023718,19910904,PRCP,0,,,a,
ASN00023718,19910905,PRCP,0,,,a,
ASN00023718,19910906,PRCP,0,,,a,
ASN00023718,19910907,PRCP,0,,,a,
ASN00023718,19910908,PRCP,0,,,a,
ASN00023718,19910909,PRCP,0,,,a,
ASN00023718,19910910,PRCP,294,,,a,
ASN00023718,19910911,PRCP,56,,,a,
ASN00023718,19910912,PRCP,4,,,a,
ASN00023718,19910913,PRCP,0,,,a,
ASN00023718,19910917,PRCP,102,,,a,
ASN00023718,19910918,PRCP,76,,,a,
ASN00023718,19910919,PRCP,26,,,a,
ASN00023718,19910920,PRCP,6,,,a,
ASN00023718,19910924,PRCP,0,,,a,
ASN00023718,19910925,PRCP,0,,,a,
ASN00023718,19910926,PRCP,42,,,a,
ASN00023718,19910927,PRCP,0,,,a,
ASN00023718,19910928,PRCP,0,,,a,
ASN00023718,19910929,PRCP,0,,,a,
ASN00023718,19910930,PRCP,0,,,a,
ASN00023718,19910916,DAPR,3,,,a,
ASN00023718,19910923,DAPR,3,,,a,
ASN00023718,19910916,DWPR,3,,,a,
ASN00023718,19910923,DWPR,3,,,a,
ASN00023718,19910916,MDPR,106,,,a,
ASN00023718,19910923,MDPR,18,,,a,
ASN00023718,19911001,PRCP,0,,,a,
ASN00023718,19911002,PRCP,0,,,a,
ASN00023718,19911003,PRCP,24,,,a,
ASN00023718,19911004,PRCP,0,,,a,
ASN00023718,19911005,PRCP,0,,,a,
ASN00023718,19911006,PRCP,0,,,a,
ASN00023718,19911007,PRCP,0,,,a,
ASN00023718,19911008,PRCP,34,,,a,
ASN00023718,19911009,PRCP,0,,,a,
ASN00023718,19911010,PRCP,0,,,a,
ASN00023718,19911011,PRCP,0,,,a,
ASN00023718,19911012,PRCP,0,,,a,
ASN00023718,19911013,PRCP,0,,,a,
ASN00023718,19911014,PRCP,0,,,a,
ASN00023718,19911015,PRCP,0,,,a,
ASN00023718,19911016,PRCP,8,,,a,
ASN00023718,19911017,PRCP,0,,,a,
ASN00023718,19911018,PRCP,0,,,a,
ASN00023718,19911019,PRCP,0,,,a,
ASN00023718,19911020,PRCP,0,,,a,
ASN00023718,19911021,PRCP,0,,,a,
ASN00023718,19911022,PRCP,4,,,a,
ASN00023718,19911023,PRCP,0,,,a,
ASN00023718,19911024,PRCP,0,,,a,
ASN00023718,19911025,PRCP,2,,,a,
ASN00023718,19911026,PRCP,0,,,a,
ASN00023718,19911027,PRCP,0,,,a,
ASN00023718,19911028,PRCP,0,,,a,
ASN00023718,19911029,PRCP,0,,,a,
ASN00023718,19911030,PRCP,0,,,a,
ASN00023718,19911031,PRCP,2,,,a,
ASN00023718,19911101,PRCP,0,,,a,
ASN00023718,19911105,PRCP,0,,,a,
ASN00023718,19911106,PRCP,104,,,a,
ASN00023718,19911107,PRCP,4,,,a,
ASN00023718,19911108,PRCP,4,,,a,
ASN00023718,19911109,PRCP,0,,,a,
ASN00023718,19911110,PRCP,0,,,a,
ASN00023718,19911111,PRCP,0,,,a,
ASN00023718,19911112,PRCP,0,,,a,
ASN00023718,19911113,PRCP,0,,,a,
ASN00023718,19911114,PRCP,0,,,a,
ASN00023718,19911115,PRCP,0,,,a,
ASN00023718,19911116,PRCP,0,,,a,
ASN00023718,19911117,PRCP,0,,,a,
ASN00023718,19911118,PRCP,0,,,a,
ASN00023718,19911119,PRCP,8,,,a,
ASN00023718,19911120,PRCP,2,,,a,
ASN00023718,19911121,PRCP,0,,,a,
ASN00023718,19911122,PRCP,0,,,a,
ASN00023718,19911123,PRCP,0,,,a,
ASN00023718,19911124,PRCP,0,,,a,
ASN00023718,19911125,PRCP,0,,,a,
ASN00023718,19911126,PRCP,0,,,a,
ASN00023718,19911127,PRCP,0,,,a,
ASN00023718,19911128,PRCP,0,,,a,
ASN00023718,19911129,PRCP,0,,,a,
ASN00023718,19911130,PRCP,0,,,a,
ASN00023718,19911104,DAPR,3,,,a,
ASN00023718,19911104,DWPR,1,,,a,
ASN00023718,19911104,MDPR,32,,,a,
ASN00023718,19911201,PRCP,0,,,a,
ASN00023718,19911202,PRCP,0,,,a,
ASN00023718,19911203,PRCP,0,,,a,
ASN00023718,19911204,PRCP,14,,,a,
ASN00023718,19911205,PRCP,0,,,a,
ASN00023718,19911206,PRCP,0,,,a,
ASN00023718,19911207,PRCP,0,,,a,
ASN00023718,19911208,PRCP,0,,,a,
ASN00023718,19911209,PRCP,0,,,a,
ASN00023718,19911210,PRCP,0,,,a,
ASN00023718,19911211,PRCP,0,,,a,
ASN00023718,19911212,PRCP,0,,,a,
ASN00023718,19911213,PRCP,0,,,a,
ASN00023718,19911217,PRCP,0,,,a,
ASN00023718,19911218,PRCP,80,,,a,
ASN00023718,19911219,PRCP,14,,,a,
ASN00023718,19911220,PRCP,0,,,a,
ASN00023718,19911224,PRCP,0,,,a,
ASN00023718,19911225,PRCP,0,,,a,
ASN00023718,19911226,PRCP,0,,,a,
ASN00023718,19911227,PRCP,0,,,a,
ASN00023718,19911228,PRCP,0,,,a,
ASN00023718,19911229,PRCP,0,,,a,
ASN00023718,19911230,PRCP,0,,,a,
ASN00023718,19911231,PRCP,0,,,a,
ASN00023718,19911216,DAPR,3,,,a,
ASN00023718,19911223,DAPR,3,,,a,
ASN00023718,19911216,DWPR,1,,,a,
ASN00023718,19911223,DWPR,1,,,a,
ASN00023718,19911216,MDPR,14,,,a,
ASN00023718,19911223,MDPR,12,,,a,
ASN00023718,19920101,PRCP,0,,,a,
ASN00023718,19920102,PRCP,0,,,a,
ASN00023718,19920103,PRCP,0,,,a,
ASN00023718,19920107,PRCP,0,,,a,
ASN00023718,19920108,PRCP,2,,,a,
ASN00023718,19920109,PRCP,0,,,a,
ASN00023718,19920110,PRCP,0,,,a,
ASN00023718,19920111,PRCP,0,,,a,
ASN00023718,19920112,PRCP,0,,,a,
ASN00023718,19920113,PRCP,0,,,a,
ASN00023718,19920114,PRCP,10,,,a,
ASN00023718,19920115,PRCP,0,,,a,
ASN00023718,19920116,PRCP,0,,,a,
ASN00023718,19920117,PRCP,0,,,a,
ASN00023718,19920118,PRCP,0,,,a,
ASN00023718,19920119,PRCP,0,,,a,
ASN00023718,19920120,PRCP,0,,,a,
ASN00023718,19920121,PRCP,0,,,a,
ASN00023718,19920122,PRCP,0,,,a,
ASN00023718,19920123,PRCP,0,,,a,
ASN00023718,19920124,PRCP,0,,,a,
ASN00023718,19920129,PRCP,0,,,a,
ASN00023718,19920130,PRCP,0,,,a,
ASN00023718,19920131,PRCP,0,,,a,
ASN00023718,19920106,DAPR,3,,,a,
ASN00023718,19920128,DAPR,4,,,a,
ASN00023718,19920106,DWPR,1,,,a,
ASN00023718,19920128,DWPR,1,,,a,
ASN00023718,19920106,MDPR,8,,,a,
ASN00023718,19920128,MDPR,6,,,a,
ASN00023718,19920201,PRCP,0,,,a,
ASN00023718,19920202,PRCP,0,,,a,
ASN00023718,19920203,PRCP,0,,,a,
ASN00023718,19920204,PRCP,42,,,a,
ASN00023718,19920205,PRCP,0,,,a,
ASN00023718,19920206,PRCP,30,,,a,
ASN00023718,19920207,PRCP,0,,,a,
ASN00023718,19920208,PRCP,0,,,a,
ASN00023718,19920209,PRCP,0,,,a,
ASN00023718,19920210,PRCP,0,,,a,
ASN00023718,19920211,PRCP,4,,,a,
ASN00023718,19920212,PRCP,10,,,a,
ASN00023718,19920213,PRCP,0,,,a,
ASN00023718,19920214,PRCP,0,,,a,
ASN00023718,19920215,PRCP,0,,,a,
ASN00023718,19920216,PRCP,0,,,a,
ASN00023718,19920217,PRCP,0,,,a,
ASN00023718,19920218,PRCP,0,,,a,
ASN00023718,19920219,PRCP,0,,,a,
ASN00023718,19920220,PRCP,0,,,a,
ASN00023718,19920221,PRCP,0,,,a,
ASN00023718,19920225,PRCP,0,,,a,
ASN00023718,19920226,PRCP,0,,,a,
ASN00023718,19920227,PRCP,0,,,a,
ASN00023718,19920228,PRCP,0,,,a,
ASN00023718,19920229,PRCP,0,,,a,
ASN00023718,19920224,DAPR,3,,,a,
ASN00023718,19920224,DWPR,1,,,a,
ASN00023718,19920224,MDPR,6,,,a,
ASN00023718,19920303,PRCP,28,,,a,
ASN00023718,19920304,PRCP,14,,,a,
ASN00023718,19920305,PRCP,0,,,a,
ASN00023718,19920306,PRCP,0,,,a,
ASN00023718,19920307,PRCP,0,,,a,
ASN00023718,19920308,PRCP,0,,,a,
ASN00023718,19920309,PRCP,0,,,a,
ASN00023718,19920310,PRCP,0,,,a,
ASN00023718,19920311,PRCP,42,,,a,
ASN00023718,19920312,PRCP,0,,,a,
ASN00023718,19920313,PRCP,0,,,a,
ASN00023718,19920317,PRCP,0,,,a,
ASN00023718,19920318,PRCP,0,,,a,
ASN00023718,19920319,PRCP,0,,,a,
ASN00023718,19920320,PRCP,0,,,a,
ASN00023718,19920324,PRCP,0,,,a,
ASN00023718,19920325,PRCP,0,,,a,
ASN00023718,19920326,PRCP,0,,,a,
ASN00023718,19920327,PRCP,126,,,a,
ASN00023718,19920331,PRCP,0,,,a,
ASN00023718,19920302,DAPR,2,,,a,
ASN00023718,19920316,DAPR,3,,,a,
ASN00023718,19920323,DAPR,3,,,a,
ASN00023718,19920330,DAPR,3,,,a,
ASN00023718,19920302,DWPR,1,,,a,
ASN00023718,19920316,DWPR,1,,,a,
ASN00023718,19920323,DWPR,1,,,a,
ASN00023718,19920330,DWPR,1,,,a,
ASN00023718,19920302,MDPR,336,,,a,
ASN00023718,19920316,MDPR,84,,,a,
ASN00023718,19920323,MDPR,8,,,a,
ASN00023718,19920330,MDPR,10,,,a,
ASN00023718,19920401,PRCP,0,,,a,
ASN00023718,19920402,PRCP,0,,,a,
ASN00023718,19920403,PRCP,0,,,a,
ASN00023718,19920407,PRCP,2,,,a,
ASN00023718,19920408,PRCP,0,,,a,
ASN00023718,19920409,PRCP,0,,,a,
ASN00023718,19920410,PRCP,0,,,a,
ASN00023718,19920414,PRCP,4,,,a,
ASN00023718,19920415,PRCP,62,,,a,
ASN00023718,19920416,PRCP,12,,,a,
ASN00023718,19920422,PRCP,2,,,a,
ASN00023718,19920423,PRCP,0,,,a,
ASN00023718,19920424,PRCP,0,,,a,
ASN00023718,19920428,PRCP,40,,,a,
ASN00023718,19920429,PRCP,0,,,a,
ASN00023718,19920430,PRCP,0,,,a,
ASN00023718,19920406,DAPR,3,,,a,
ASN00023718,19920413,DAPR,3,,,a,
ASN00023718,19920421,DAPR,5,,,a,
ASN00023718,19920427,DAPR,3,,,a,
ASN00023718,19920406,DWPR,1,,,a,
ASN00023718,19920413,DWPR,1,,,a,
ASN00023718,19920421,DWPR,1,,,a,
ASN00023718,19920427,DWPR,1,,,a,
ASN00023718,19920406,MDPR,602,,,a,
ASN00023718,19920413,MDPR,20,,,a,
ASN00023718,19920421,MDPR,52,,,a,
ASN00023718,19920427,MDPR,72,,,a,
ASN00023718,19920501,PRCP,0,,,a,
ASN00023718,19920505,PRCP,0,,,a,
ASN00023718,19920506,PRCP,0,,,a,
ASN00023718,19920507,PRCP,0,,,a,
ASN00023718,19920508,PRCP,60,,,a,
ASN00023718,19920512,PRCP,44,,,a,
ASN00023718,19920513,PRCP,54,,,a,
ASN00023718,19920514,PRCP,48,,,a,
ASN00023718,19920515,PRCP,38,,,a,
ASN00023718,19920520,PRCP,8,,,a,
ASN00023718,19920521,PRCP,0,,,a,
ASN00023718,19920522,PRCP,4,,,a,
ASN00023718,19920526,PRCP,16,,,a,
ASN00023718,19920527,PRCP,6,,,a,
ASN00023718,19920528,PRCP,12,,,a,
ASN00023718,19920529,PRCP,0,,,a,
ASN00023718,19920530,PRCP,0,,,a,
ASN00023718,19920531,PRCP,0,,,a,
ASN00023718,19920504,DAPR,3,,,a,
ASN00023718,19920511,DAPR,3,,,a,
ASN00023718,19920519,DAPR,4,,,a,
ASN00023718,19920525,DAPR,3,,,a,
ASN00023718,19920504,DWPR,1,,,a,
ASN00023718,19920511,DWPR,1,,,a,
ASN00023718,19920519,DWPR,1,,,a,
ASN00023718,19920525,DWPR,1,,,a,
ASN00023718,19920504,MDPR,72,,,a,
ASN00023718,19920511,MDPR,26,,,a,
ASN00023718,19920519,MDPR,104,,,a,
ASN00023718,19920525,MDPR,2,,,a,
ASN00023718,19920601,PRCP,4,,,a,
ASN00023718,19920602,PRCP,30,,,a,
ASN00023718,19920603,PRCP,2,,,a,
ASN00023718,19920604,PRCP,20,,,a,
ASN00023718,19920605,PRCP,14,,,a,
ASN00023718,19920610,PRCP,44,,,a,
ASN00023718,19920611,PRCP,12,,,a,
ASN00023718,19920612,PRCP,0,,,a,
ASN00023718,19920613,PRCP,0,,,a,
ASN00023718,19920614,PRCP,0,,,a,
ASN00023718,19920615,PRCP,0,,,a,
ASN00023718,19920616,PRCP,0,,,a,
ASN00023718,19920617,PRCP,44,,,a,
ASN00023718,19920618,PRCP,20,,,a,
ASN00023718,19920619,PRCP,22,,,a,
ASN00023718,19920623,PRCP,62,,,a,
ASN00023718,19920624,PRCP,4,,,a,
ASN00023718,19920625,PRCP,54,,,a,
ASN00023718,19920626,PRCP,2,,,a,
ASN00023718,19920630,PRCP,8,,,a,
ASN00023718,19920609,DAPR,4,,,a,
ASN00023718,19920622,DAPR,3,,,a,
ASN00023718,19920629,DAPR,3,,,a,
ASN00023718,19920609,DWPR,1,,,a,
ASN00023718,19920622,DWPR,1,,,a,
ASN00023718,19920629,DWPR,1,,,a,
ASN00023718,19920609,MDPR,94,,,a,
ASN00023718,19920622,MDPR,24,,,a,
ASN00023718,19920629,MDPR,2,,,a,
ASN00023718,19920701,PRCP,0,,,a,
ASN00023718,19920702,PRCP,0,,,a,
ASN00023718,19920703,PRCP,0,,,a,
ASN00023718,19920707,PRCP,42,,,a,
ASN00023718,19920708,PRCP,4,,,a,
ASN00023718,19920709,PRCP,22,,,a,
ASN00023718,19920710,PRCP,2,,,a,
ASN00023718,19920714,PRCP,0,,,a,
ASN00023718,19920715,PRCP,0,,,a,
ASN00023718,19920716,PRCP,0,,,a,
ASN00023718,19920717,PRCP,0,,,a,
ASN00023718,19920721,PRCP,4,,,a,
ASN00023718,19920722,PRCP,0,,,a,
ASN00023718,19920723,PRCP,0,,,a,
ASN00023718,19920724,PRCP,6,,,a,
ASN00023718,19920725,PRCP,0,,,a,
ASN00023718,19920728,PRCP,4,,,a,
ASN00023718,19920729,PRCP,0,,,a,
ASN00023718,19920730,PRCP,2,,,a,
ASN00023718,19920731,PRCP,2,,,a,
ASN00023718,19920706,DAPR,3,,,a,
ASN00023718,19920713,DAPR,3,,,a,
ASN00023718,19920720,DAPR,3,,,a,
ASN00023718,19920727,DAPR,2,,,a,
ASN00023718,19920706,DWPR,1,,,a,
ASN00023718,19920713,DWPR,1,,,a,
ASN00023718,19920720,DWPR,1,,,a,
ASN00023718,19920727,DWPR,1,,,a,
ASN00023718,19920706,MDPR,162,,,a,
ASN00023718,19920713,MDPR,72,,,a,
ASN00023718,19920720,MDPR,136,,,a,
ASN00023718,19920727,MDPR,24,,,a,
ASN00023718,19920801,PRCP,0,,,a,
ASN00023718,19920802,PRCP,0,,,a,
ASN00023718,19920803,PRCP,0,,,a,
ASN00023718,19920804,PRCP,10,,,a,
ASN00023718,19920805,PRCP,0,,,a,
ASN00023718,19920806,PRCP,0,,,a,
ASN00023718,19920807,PRCP,2,,,a,
ASN00023718,19920811,PRCP,30,,,a,
ASN00023718,19920812,PRCP,90,,,a,
ASN00023718,19920813,PRCP,62,,,a,
ASN00023718,19920814,PRCP,34,,,a,
ASN00023718,19920818,PRCP,24,,,a,
ASN00023718,19920819,PRCP,104,,,a,
ASN00023718,19920820,PRCP,16,,,a,
ASN00023718,19920821,PRCP,0,,,a,
ASN00023718,19920825,PRCP,0,,,a,
ASN00023718,19920826,PRCP,0,,,a,
ASN00023718,19920827,PRCP,2,,,a,
ASN00023718,19920828,PRCP,6,,,a,
ASN00023718,19920810,DAPR,3,,,a,
ASN00023718,19920817,DAPR,3,,,a,
ASN00023718,19920824,DAPR,3,,,a,
ASN00023718,19920831,DAPR,3,,,a,
ASN00023718,19920810,DWPR,1,,,a,
ASN00023718,19920817,DWPR,1,,,a,
ASN00023718,19920824,DWPR,1,,,a,
ASN00023718,19920831,DWPR,1,,,a,
ASN00023718,19920810,MDPR,100,,,a,
ASN00023718,19920817,MDPR,36,,,a,
ASN00023718,19920824,MDPR,94,,,a,
ASN00023718,19920831,MDPR,106,,,a,
ASN00023718,19920901,PRCP,36,,,a,
ASN00023718,19920902,PRCP,56,,,a,
ASN00023718,19920903,PRCP,94,,,a,
ASN00023718,19920904,PRCP,2,,,a,
ASN00023718,19920908,PRCP,6,,,a,
ASN00023718,19920909,PRCP,0,,,a,
ASN00023718,19920910,PRCP,0,,,a,
ASN00023718,19920911,PRCP,34,,,a,
ASN00023718,19920915,PRCP,24,,,a,
ASN00023718,19920916,PRCP,122,,,a,
ASN00023718,19920917,PRCP,2,,,a,
ASN00023718,19920918,PRCP,32,,,a,
ASN00023718,19920922,PRCP,12,,,a,
ASN00023718,19920923,PRCP,0,,,a,
ASN00023718,19920924,PRCP,12,,,a,
ASN00023718,19920925,PRCP,372,,,a,
ASN00023718,19920929,PRCP,134,,,a,
ASN00023718,19920930,PRCP,0,,,a,
ASN00023718,19920907,DAPR,3,,,a,
ASN00023718,19920914,DAPR,3,,,a,
ASN00023718,19920921,DAPR,3,,,a,
ASN00023718,19920928,DAPR,3,,,a,
ASN00023718,19920907,DWPR,1,,,a,
ASN00023718,19920914,DWPR,1,,,a,
ASN00023718,19920921,DWPR,1,,,a,
ASN00023718,19920928,DWPR,1,,,a,
ASN00023718,19920907,MDPR,40,,,a,
ASN00023718,19920914,MDPR,42,,,a,
ASN00023718,19920921,MDPR,34,,,a,
ASN00023718,19920928,MDPR,74,,,a,
ASN00023718,19921001,PRCP,0,,,a,
ASN00023718,19921002,PRCP,0,,,a,
ASN00023718,19921007,PRCP,138,,,a,
ASN00023718,19921008,PRCP,0,,,a,
ASN00023718,19921009,PRCP,98,,,a,
ASN00023718,19921013,PRCP,0,,,a,
ASN00023718,19921014,PRCP,0,,,a,
ASN00023718,19921015,PRCP,0,,,a,
ASN00023718,19921016,PRCP,0,,,a,
ASN00023718,19921020,PRCP,0,,,a,
ASN00023718,19921021,PRCP,0,,,a,
ASN00023718,19921022,PRCP,0,,,a,
ASN00023718,19921023,PRCP,0,,,a,
ASN00023718,19921024,PRCP,0,,,a,
ASN00023718,19921025,PRCP,0,,,a,
ASN00023718,19921026,PRCP,0,,,a,
ASN00023718,19921027,PRCP,0,,,a,
ASN00023718,19921028,PRCP,0,,,a,
ASN00023718,19921029,PRCP,0,,,a,
ASN00023718,19921030,PRCP,70,,,a,
ASN00023718,19921031,PRCP,80,,,a,
ASN00023718,19921006,DAPR,4,,,a,
ASN00023718,19921012,DAPR,3,,,a,
ASN00023718,19921019,DAPR,3,,,a,
ASN00023718,19921006,DWPR,1,,,a,
ASN00023718,19921012,DWPR,1,,,a,
ASN00023718,19921019,DWPR,1,,,a,
ASN00023718,19921006,MDPR,74,,,a,
ASN00023718,19921012,MDPR,48,,,a,
ASN00023718,19921019,MDPR,222,,,a,
ASN00023718,19921103,PRCP,18,,,a,
ASN00023718,19921104,PRCP,0,,,a,
ASN00023718,19921105,PRCP,0,,,a,
ASN00023718,19921106,PRCP,0,,,a,
ASN00023718,19921110,PRCP,34,,,a,
ASN00023718,19921111,PRCP,44,,,a,
ASN00023718,19921112,PRCP,6,,,a,
ASN00023718,19921113,PRCP,0,,,a,
ASN00023718,19921114,PRCP,0,,,a,
ASN00023718,19921115,PRCP,0,,,a,
ASN00023718,19921116,PRCP,0,,,a,
ASN00023718,19921117,PRCP,0,,,a,
ASN00023718,19921118,PRCP,70,,,a,
ASN00023718,19921119,PRCP,36,,,a,
ASN00023718,19921120,PRCP,0,,,a,
ASN00023718,19921124,PRCP,0,,,a,
ASN00023718,19921125,PRCP,12,,,a,
ASN00023718,19921126,PRCP,8,,,a,
ASN00023718,19921127,PRCP,8,,,a,
ASN00023718,19921102,DAPR,2,,,a,
ASN00023718,19921109,DAPR,3,,,a,
ASN00023718,19921123,DAPR,3,,,a,
ASN00023718,19921130,DAPR,3,,,a,
ASN00023718,19921102,DWPR,1,,,a,
ASN00023718,19921109,DWPR,1,,,a,
ASN00023718,19921123,DWPR,1,,,a,
ASN00023718,19921130,DWPR,1,,,a,
ASN00023718,19921102,MDPR,2,,,a,
ASN00023718,19921109,MDPR,54,,,a,
ASN00023718,19921123,MDPR,212,,,a,
ASN00023718,19921130,MDPR,28,,,a,
ASN00023718,19921201,PRCP,0,,,a,
ASN00023718,19921202,PRCP,0,,,a,
ASN00023718,19921203,PRCP,132,,,a,
ASN00023718,19921204,PRCP,0,,,a,
ASN00023718,19921208,PRCP,0,,,a,
ASN00023718,19921209,PRCP,0,,,a,
ASN00023718,19921210,PRCP,0,,,a,
ASN00023718,19921211,PRCP,0,,,a,
ASN00023718,19921215,PRCP,2,,,a,
ASN00023718,19921216,PRCP,0,,,a,
ASN00023718,19921217,PRCP,14,,,a,
ASN00023718,19921218,PRCP,509,,,a,
ASN00023718,19921222,PRCP,0,,,a,
ASN00023718,19921223,PRCP,0,,,a,
ASN00023718,19921224,PRCP,0,,,a,
ASN00023718,19921230,PRCP,0,,,a,
ASN00023718,19921231,PRCP,0,,,a,
ASN00023718,19921207,DAPR,3,,,a,
ASN00023718,19921214,DAPR,3,,,a,
ASN00023718,19921221,DAPR,3,,,a,
ASN00023718,19921229,DAPR,5,,,a,
ASN00023718,19921207,DWPR,1,,,a,
ASN00023718,19921214,DWPR,1,,,a,
ASN00023718,19921221,DWPR,1,,,a,
ASN00023718,19921229,DWPR,1,,,a,
ASN00023718,19921207,MDPR,32,,,a,
ASN00023718,19921214,MDPR,42,,,a,
ASN00023718,19921221,MDPR,722,,,a,
ASN00023718,19921229,MDPR,146,,,a,
ASN00023718,19930101,PRCP,0,,,a,
ASN00023718,19930102,PRCP,0,,,a,
ASN00023718,19930103,PRCP,0,,,a,
ASN00023718,19930104,PRCP,0,,,a,
ASN00023718,19930105,PRCP,0,,,a,
ASN00023718,19930106,PRCP,0,,,a,
ASN00023718,19930107,PRCP,0,,,a,
ASN00023718,19930108,PRCP,4,,,a,
ASN00023718,19930109,PRCP,0,,,a,
ASN00023718,19930110,PRCP,0,,,a,
ASN00023718,19930111,PRCP,0,,,a,
ASN00023718,19930112,PRCP,0,,,a,
ASN00023718,19930113,PRCP,0,,,a,
ASN00023718,19930114,PRCP,0,,,a,
ASN00023718,19930115,PRCP,0,,,a,
ASN00023718,19930116,PRCP,0,,,a,
ASN00023718,19930117,PRCP,0,,,a,
ASN00023718,19930118,PRCP,0,,,a,
ASN00023718,19930119,PRCP,0,,,a,
ASN00023718,19930120,PRCP,0,,,a,
ASN00023718,19930121,PRCP,56,,,a,
ASN00023718,19930122,PRCP,0,,,a,
ASN00023718,19930126,PRCP,10,,,a,
ASN00023718,19930127,PRCP,0,,,a,
ASN00023718,19930128,PRCP,0,,,a,
ASN00023718,19930129,PRCP,0,,,a,
ASN00023718,19930130,PRCP,0,,,a,
ASN00023718,19930131,PRCP,0,,,a,
ASN00023718,19930125,DAPR,3,,,a,
ASN00023718,19930125,DWPR,1,,,a,
ASN00023718,19930125,MDPR,98,,,a,
ASN00023718,19930201,PRCP,0,,,a,
ASN00023718,19930202,PRCP,0,,,a,
ASN00023718,19930203,PRCP,0,,,a,
ASN00023718,19930204,PRCP,0,,,a,
ASN00023718,19930205,PRCP,0,,,a,
ASN00023718,19930209,PRCP,0,,,a,
ASN00023718,19930210,PRCP,0,,,a,
ASN00023718,19930211,PRCP,20,,,a,
ASN00023718,19930212,PRCP,0,,,a,
ASN00023718,19930213,PRCP,0,,,a,
ASN00023718,19930214,PRCP,0,,,a,
ASN00023718,19930215,PRCP,0,,,a,
ASN00023718,19930216,PRCP,0,,,a,
ASN00023718,19930217,PRCP,0,,,a,
ASN00023718,19930218,PRCP,0,,,a,
ASN00023718,19930219,PRCP,0,,,a,
ASN00023718,19930223,PRCP,18,,,a,
ASN00023718,19930224,PRCP,0,,,a,
ASN00023718,19930225,PRCP,0,,,a,
ASN00023718,19930226,PRCP,0,,,a,
ASN00023718,19930208,DAPR,3,,,a,
ASN00023718,19930222,DAPR,3,,,a,
ASN00023718,19930228,DAPR,2,,,a,
ASN00023718,19930208,DWPR,1,,,a,
ASN00023718,19930222,DWPR,1,,,a,
ASN00023718,19930228,DWPR,1,,,a,
ASN00023718,19930208,MDPR,2,,,a,
ASN00023718,19930222,MDPR,56,,,a,
ASN00023718,19930228,MDPR,20,,,a,
ASN00023718,19930301,PRCP,34,,,a,
ASN00023718,19930302,PRCP,44,,,a,
ASN00023718,19930303,PRCP,2,,,a,
ASN00023718,19930304,PRCP,0,,,a,
ASN00023718,19930305,PRCP,0,,,a,
ASN00023718,19930306,PRCP,0,,,a,
ASN00023718,19930307,PRCP,0,,,a,
ASN00023718,19930308,PRCP,0,,,a,
ASN00023718,19930309,PRCP,0,,,a,
ASN00023718,19930310,PRCP,0,,,a,
ASN00023718,19930311,PRCP,0,,,a,
ASN00023718,19930312,PRCP,0,,,a,
ASN00023718,19930313,PRCP,0,,,a,
ASN00023718,19930314,PRCP,0,,,a,
ASN00023718,19930315,PRCP,0,,,a,
ASN00023718,19930316,PRCP,30,,,a,
ASN00023718,19930317,PRCP,6,,,a,
ASN00023718,19930318,PRCP,60,,,a,
ASN00023718,19930319,PRCP,10,,,a,
ASN00023718,19930323,PRCP,0,,,a,
ASN00023718,19930324,PRCP,0,,,a,
ASN00023718,19930325,PRCP,0,,,a,
ASN00023718,19930326,PRCP,0,,,a,
ASN00023718,19930327,PRCP,0,,,a,
ASN00023718,19930328,PRCP,0,,,a,
ASN00023718,19930329,PRCP,0,,,a,
ASN00023718,19930330,PRCP,0,,,a,
ASN00023718,19930331,PRCP,0,,,a,
ASN00023718,19930322,DAPR,3,,,a,
ASN00023718,19930322,DWPR,1,,,a,
ASN00023718,19930322,MDPR,4,,,a,
ASN00023718,19930401,PRCP,0,,,a,
ASN00023718,19930402,PRCP,0,,,a,
ASN00023718,19930403,PRCP,0,,,a,
ASN00023718,19930404,PRCP,0,,,a,
ASN00023718,19930405,PRCP,0,,,a,
ASN00023718,19930406,PRCP,0,,,a,
ASN00023718,19930407,PRCP,0,,,a,
ASN00023718,19930408,PRCP,0,,,a,
ASN00023718,19930409,PRCP,0,,,a,
ASN00023718,19930410,PRCP,0,,,a,
ASN00023718,19930411,PRCP,0,,,a,
ASN00023718,19930412,PRCP,0,,,a,
ASN00023718,19930413,PRCP,0,,,a,
ASN00023718,19930414,PRCP,4,,,a,
ASN00023718,19930415,PRCP,0,,,a,
ASN00023718,19930416,PRCP,0,,,a,
ASN00023718,19930417,PRCP,0,,,a,
ASN00023718,19930418,PRCP,0,,,a,
ASN00023718,19930419,PRCP,0,,,a,
ASN00023718,19930420,PRCP,0,,,a,
ASN00023718,19930421,PRCP,0,,,a,
ASN00023718,19930422,PRCP,0,,,a,
ASN00023718,19930423,PRCP,0,,,a,
ASN00023718,19930424,PRCP,0,,,a,
ASN00023718,19930425,PRCP,0,,,a,
ASN00023718,19930426,PRCP,0,,,a,
ASN00023718,19930427,PRCP,0,,,a,
ASN00023718,19930428,PRCP,6,,,a,
ASN00023718,19930429,PRCP,0,,,a,
ASN00023718,19930430,PRCP,0,,,a,
ASN00023718,19930501,PRCP,0,,,a,
ASN00023718,19930502,PRCP,0,,,a,
ASN00023718,19930503,PRCP,0,,,a,
ASN00023718,19930504,PRCP,0,,,a,
ASN00023718,19930505,PRCP,0,,,a,
ASN00023718,19930506,PRCP,22,,,a,
ASN00023718,19930507,PRCP,2,,,a,
ASN00023718,19930508,PRCP,0,,,a,
ASN00023718,19930509,PRCP,0,,,a,
ASN00023718,19930510,PRCP,0,,,a,
ASN00023718,19930511,PRCP,0,,,a,
ASN00023718,19930512,PRCP,0,,,a,
ASN00023718,19930513,PRCP,12,,,a,
ASN00023718,19930514,PRCP,12,,,a,
ASN00023718,19930515,PRCP,0,,,a,
ASN00023718,19930519,PRCP,0,,,a,
ASN00023718,19930520,PRCP,0,,,a,
ASN00023718,19930521,PRCP,14,,,a,
ASN00023718,19930525,PRCP,40,,,a,
ASN00023718,19930526,PRCP,2,,,a,
ASN00023718,19930527,PRCP,0,,,a,
ASN00023718,19930528,PRCP,0,,,a,
ASN00023718,19930518,DAPR,3,,,a,
ASN00023718,19930524,DAPR,3,,,a,
ASN00023718,19930531,DAPR,3,,,a,
ASN00023718,19930518,DWPR,1,,,a,
ASN00023718,19930524,DWPR,1,,,a,
ASN00023718,19930531,DWPR,1,,,a,
ASN00023718,19930518,MDPR,12,,,a,
ASN00023718,19930524,MDPR,34,,,a,
ASN00023718,19930531,MDPR,102,,,a,
ASN00023718,19930601,PRCP,0,,,a,
ASN00023718,19930602,PRCP,0,,,a,
ASN00023718,19930603,PRCP,40,,,a,
ASN00023718,19930604,PRCP,6,,,a,
ASN00023718,19930608,PRCP,2,,,a,
ASN00023718,19930609,PRCP,0,,,a,
ASN00023718,19930610,PRCP,40,,,a,
ASN00023718,19930611,PRCP,6,,,a,
ASN00023718,19930616,PRCP,0,,,a,
ASN00023718,19930617,PRCP,0,,,a,
ASN00023718,19930618,PRCP,0,,,a,
ASN00023718,19930622,PRCP,44,,,a,
ASN00023718,19930623,PRCP,14,,,a,
ASN00023718,19930624,PRCP,4,,,a,
ASN00023718,19930625,PRCP,8,,,a,
ASN00023718,19930626,PRCP,0,,,a,
ASN00023718,19930627,PRCP,0,,,a,
ASN00023718,19930628,PRCP,0,,,a,
ASN00023718,19930629,PRCP,0,,,a,
ASN00023718,19930630,PRCP,34,,,a,
ASN00023718,19930607,DAPR,3,,,a,
ASN00023718,19930615,DAPR,4,,,a,
ASN00023718,19930621,DAPR,3,,,a,
ASN00023718,19930607,DWPR,1,,,a,
ASN00023718,19930615,DWPR,1,,,a,
ASN00023718,19930621,DWPR,1,,,a,
ASN00023718,19930607,MDPR,62,,,a,
ASN00023718,19930615,MDPR,180,,,a,
ASN00023718,19930621,MDPR,54,,,a,
ASN00023718,19930701,PRCP,10,,,a,
ASN00023718,19930702,PRCP,0,,,a,
ASN00023718,19930706,PRCP,18,,,a,
ASN00023718,19930707,PRCP,72,,,a,
ASN00023718,19930708,PRCP,522,,,a,
ASN00023718,19930709,PRCP,172,,,a,
ASN00023718,19930713,PRCP,0,,,a,
ASN00023718,19930714,PRCP,0,,,a,
ASN00023718,19930715,PRCP,14,,,a,
ASN00023718,19930716,PRCP,0,,,a,
ASN00023718,19930720,PRCP,4,,,a,
ASN00023718,19930721,PRCP,4,,,a,
ASN00023718,19930722,PRCP,0,,,a,
ASN00023718,19930723,PRCP,0,,,a,
ASN00023718,19930727,PRCP,0,,,a,
ASN00023718,19930728,PRCP,0,,,a,
ASN00023718,19930729,PRCP,0,,,a,
ASN00023718,19930730,PRCP,40,,,a,
ASN00023718,19930731,PRCP,40,,,a,
ASN00023718,19930705,DAPR,3,,,a,
ASN00023718,19930712,DAPR,3,,,a,
ASN00023718,19930719,DAPR,3,,,a,
ASN00023718,19930726,DAPR,3,,,a,
ASN00023718,19930705,DWPR,1,,,a,
ASN00023718,19930712,DWPR,1,,,a,
ASN00023718,19930719,DWPR,1,,,a,
ASN00023718,19930726,DWPR,1,,,a,
ASN00023718,19930705,MDPR,18,,,a,
ASN00023718,19930712,MDPR,26,,,a,
ASN00023718,19930719,MDPR,34,,,a,
ASN00023718,19930726,MDPR,18,,,a,
ASN00023718,19930803,PRCP,24,,,a,
ASN00023718,19930804,PRCP,4,,,a,
ASN00023718,19930805,PRCP,0,,,a,
ASN00023718,19930806,PRCP,0,,,a,
ASN00023718,19930807,PRCP,0,,,a,
ASN00023718,19930808,PRCP,0,,,a,
ASN00023718,19930809,PRCP,0,,,a,
ASN00023718,19930810,PRCP,138,,,a,
ASN00023718,19930811,PRCP,20,,,a,
ASN00023718,19930812,PRCP,0,,,a,
ASN00023718,19930813,PRCP,0,,,a,
ASN00023718,19930817,PRCP,6,,,a,
ASN00023718,19930818,PRCP,0,,,a,
ASN00023718,19930819,PRCP,0,,,a,
ASN00023718,19930820,PRCP,0,,,a,
ASN00023718,19930821,PRCP,0,,,a,
ASN00023718,19930822,PRCP,0,,,a,
ASN00023718,19930823,PRCP,0,,,a,
ASN00023718,19930824,PRCP,0,,,a,
ASN00023718,19930825,PRCP,0,,,a,
ASN00023718,19930826,PRCP,0,,,a,
ASN00023718,19930827,PRCP,0,,,a,
ASN00023718,19930831,PRCP,48,,,a,
ASN00023718,19930802,DAPR,2,,,a,
ASN00023718,19930816,DAPR,3,,,a,
ASN00023718,19930830,DAPR,3,,,a,
ASN00023718,19930802,DWPR,1,,,a,
ASN00023718,19930816,DWPR,1,,,a,
ASN00023718,19930830,DWPR,1,,,a,
ASN00023718,19930802,MDPR,76,,,a,
ASN00023718,19930816,MDPR,168,,,a,
ASN00023718,19930830,MDPR,6,,,a,
ASN00023718,19930901,PRCP,26,,,a,
ASN00023718,19930902,PRCP,46,,,a,
ASN00023718,19930903,PRCP,24,,,a,
ASN00023718,19930904,PRCP,0,,,a,
ASN00023718,19930905,PRCP,0,,,a,
ASN00023718,19930906,PRCP,0,,,a,
ASN00023718,19930907,PRCP,0,,,a,
ASN00023718,19930908,PRCP,4,,,a,
ASN00023718,19930909,PRCP,126,,,a,
ASN00023718,19930910,PRCP,6,,,a,
ASN00023718,19930911,PRCP,0,,,a,
ASN00023718,19930914,PRCP,0,,,a,
ASN00023718,19930915,PRCP,0,,,a,
ASN00023718,19930916,PRCP,0,,,a,
ASN00023718,19930917,PRCP,0,,,a,
ASN00023718,19930918,PRCP,0,,,a,
ASN00023718,19930921,PRCP,40,,,a,
ASN00023718,19930922,PRCP,0,,,a,
ASN00023718,19930923,PRCP,0,,,a,
ASN00023718,19930924,PRCP,0,,,a,
ASN00023718,19930925,PRCP,0,,,a,
ASN00023718,19930926,PRCP,0,,,a,
ASN00023718,19930927,PRCP,0,,,a,
ASN00023718,19930928,PRCP,0,,,a,
ASN00023718,19930929,PRCP,94,,,a,
ASN00023718,19930930,PRCP,0,,,a,
ASN00023718,19930913,DAPR,2,,,a,
ASN00023718,19930920,DAPR,2,,,a,
ASN00023718,19930913,DWPR,1,,,a,
ASN00023718,19930920,DWPR,1,,,a,
ASN00023718,19930913,MDPR,172,,,a,
ASN00023718,19930920,MDPR,206,,,a,
ASN00023718,19931001,PRCP,24,,,a,
ASN00023718,19931006,PRCP,0,,,a,
ASN00023718,19931007,PRCP,0,,,a,
ASN00023718,19931008,PRCP,0,,,a,
ASN00023718,19931012,PRCP,0,,,a,
ASN00023718,19931013,PRCP,0,,,a,
ASN00023718,19931014,PRCP,0,,,a,
ASN00023718,19931015,PRCP,0,,,a,
ASN00023718,19931019,PRCP,20,,,a,
ASN00023718,19931020,PRCP,0,,,a,
ASN00023718,19931021,PRCP,0,,,a,
ASN00023718,19931022,PRCP,0,,,a,
ASN00023718,19931023,PRCP,0,,,a,
ASN00023718,19931024,PRCP,0,,,a,
ASN00023718,19931025,PRCP,0,,,a,
ASN00023718,19931026,PRCP,16,,,a,
ASN00023718,19931027,PRCP,0,,,a,
ASN00023718,19931028,PRCP,80,,,a,
ASN00023718,19931029,PRCP,36,,,a,
ASN00023718,19931030,PRCP,0,,,a,
ASN00023718,19931031,PRCP,0,,,a,
ASN00023718,19931005,DAPR,4,,,a,
ASN00023718,19931011,DAPR,3,,,a,
ASN00023718,19931018,DAPR,3,,,a,
ASN00023718,19931005,DWPR,1,,,a,
ASN00023718,19931011,DWPR,1,,,a,
ASN00023718,19931018,DWPR,1,,,a,
ASN00023718,19931005,MDPR,240,,,a,
ASN00023718,19931011,MDPR,90,,,a,
ASN00023718,19931018,MDPR,34,,,a,
ASN00023718,19931101,PRCP,4,,,a,
ASN00023718,19931102,PRCP,94,,,a,
ASN00023718,19931103,PRCP,16,,,a,
ASN00023718,19931104,PRCP,36,,,a,
ASN00023718,19931105,PRCP,4,,,a,
ASN00023718,19931109,PRCP,0,,,a,
ASN00023718,19931110,PRCP,4,,,a,
ASN00023718,19931111,PRCP,0,,,a,
ASN00023718,19931112,PRCP,0,,,a,
ASN00023718,19931113,PRCP,0,,,a,
ASN00023718,19931114,PRCP,0,,,a,
ASN00023718,19931115,PRCP,0,,,a,
ASN00023718,19931116,PRCP,0,,,a,
ASN00023718,19931117,PRCP,0,,,a,
ASN00023718,19931118,PRCP,0,,,a,
ASN00023718,19931119,PRCP,80,,,a,
ASN00023718,19931123,PRCP,0,,,a,
ASN00023718,19931124,PRCP,0,,,a,
ASN00023718,19931125,PRCP,0,,,a,
ASN00023718,19931126,PRCP,0,,,a,
ASN00023718,19931127,PRCP,0,,,a,
ASN00023718,19931128,PRCP,0,,,a,
ASN00023718,19931129,PRCP,0,,,a,
ASN00023718,19931130,PRCP,0,,,a,
ASN00023718,19931108,DAPR,3,,,a,
ASN00023718,19931122,DAPR,3,,,a,
ASN00023718,19931108,DWPR,1,,,a,
ASN00023718,19931122,DWPR,1,,,a,
ASN00023718,19931108,MDPR,34,,,a,
ASN00023718,19931122,MDPR,36,,,a,
ASN00023718,19931201,PRCP,0,,,a,
ASN00023718,19931202,PRCP,6,,,a,
ASN00023718,19931203,PRCP,4,,,a,
ASN00023718,19931204,PRCP,0,,,a,
ASN00023718,19931205,PRCP,0,,,a,
ASN00023718,19931206,PRCP,0,,,a,
ASN00023718,19931207,PRCP,0,,,a,
ASN00023718,19931208,PRCP,0,,,a,
ASN00023718,19931209,PRCP,0,,,a,
ASN00023718,19931210,PRCP,0,,,a,
ASN00023718,19931214,PRCP,216,,,a,
ASN00023718,19931215,PRCP,4,,,a,
ASN00023718,19931216,PRCP,34,,,a,
ASN00023718,19931217,PRCP,0,,,a,
ASN00023718,19931218,PRCP,0,,,a,
ASN00023718,19931219,PRCP,0,,,a,
ASN00023718,19931220,PRCP,0,,,a,
ASN00023718,19931221,PRCP,0,,,a,
ASN00023718,19931222,PRCP,12,,,a,
ASN00023718,19931223,PRCP,8,,,a,
ASN00023718,19931224,PRCP,0,,,a,
ASN00023718,19931230,PRCP,0,,,a,
ASN00023718,19931231,PRCP,0,,,a,
ASN00023718,19931213,DAPR,3,,,a,
ASN00023718,19931229,DAPR,5,,,a,
ASN00023718,19931213,DWPR,1,,,a,
ASN00023718,19931229,DWPR,1,,,a,
ASN00023718,19931213,MDPR,100,,,a,
ASN00023718,19931229,MDPR,80,,,a,
ASN00023718,19940101,PRCP,0,,,a,
ASN00023718,19940102,PRCP,0,,,a,
ASN00023718,19940103,PRCP,0,,,a,
ASN00023718,19940104,PRCP,84,,,a,
ASN00023718,19940105,PRCP,16,,,a,
ASN00023718,19940106,PRCP,28,,,a,
ASN00023718,19940107,PRCP,4,,,a,
ASN00023718,19940108,PRCP,26,,,a,
ASN00023718,19940109,PRCP,0,,,a,
ASN00023718,19940110,PRCP,0,,,a,
ASN00023718,19940111,PRCP,0,,,a,
ASN00023718,19940112,PRCP,0,,,a,
ASN00023718,19940113,PRCP,0,,,a,
ASN00023718,19940114,PRCP,0,,,a,
ASN00023718,19940115,PRCP,0,,,a,
ASN00023718,19940116,PRCP,10,,,a,
ASN00023718,19940117,PRCP,0,,,a,
ASN00023718,19940118,PRCP,0,,,a,
ASN00023718,19940119,PRCP,0,,,a,
ASN00023718,19940120,PRCP,0,,,a,
ASN00023718,19940121,PRCP,8,,,a,
ASN00023718,19940122,PRCP,0,,,a,
ASN00023718,19940123,PRCP,0,,,a,
ASN00023718,19940124,PRCP,0,,,a,
ASN00023718,19940125,PRCP,0,,,a,
ASN00023718,19940126,PRCP,0,,,a,
ASN00023718,19940127,PRCP,0,,,a,
ASN00023718,19940128,PRCP,0,,,a,
ASN00023718,19940129,PRCP,0,,,a,
ASN00023718,19940130,PRCP,0,,,a,
ASN00023718,19940131,PRCP,0,,,a,
ASN00023718,19940201,PRCP,0,,,a,
ASN00023718,19940202,PRCP,0,,,a,
ASN00023718,19940203,PRCP,0,,,a,
ASN00023718,19940204,PRCP,0,,,a,
ASN00023718,19940205,PRCP,0,,,a,
ASN00023718,19940209,PRCP,18,,,a,
ASN00023718,19940210,PRCP,0,,,a,
ASN00023718,19940211,PRCP,18,,,a,
ASN00023718,19940212,PRCP,0,,,a,
ASN00023718,19940213,PRCP,0,,,a,
ASN00023718,19940214,PRCP,0,,,a,
ASN00023718,19940215,PRCP,0,,,a,
ASN00023718,19940216,PRCP,0,,,a,
ASN00023718,19940217,PRCP,0,,,a,
ASN00023718,19940218,PRCP,0,,,a,
ASN00023718,19940219,PRCP,0,,,a,
ASN00023718,19940220,PRCP,0,,,a,
ASN00023718,19940221,PRCP,0,,,a,
ASN00023718,19940222,PRCP,0,,,a,
ASN00023718,19940223,PRCP,0,,,a,
ASN00023718,19940224,PRCP,0,,,a,
ASN00023718,19940225,PRCP,0,,,a,
ASN00023718,19940226,PRCP,0,,,a,
ASN00023718,19940227,PRCP,0,,,a,
ASN00023718,19940228,PRCP,0,,,a,
ASN00023718,19940208,DAPR,3,,,a,
ASN00023718,19940208,DWPR,1,,,a,
ASN00023718,19940208,MDPR,36,,,a,
ASN00023718,19940301,PRCP,0,,,a,
ASN00023718,19940302,PRCP,0,,,a,
ASN00023718,19940303,PRCP,0,,,a,
ASN00023718,19940304,PRCP,0,,,a,
ASN00023718,19940305,PRCP,0,,,a,
ASN00023718,19940306,PRCP,0,,,a,
ASN00023718,19940307,PRCP,0,,,a,
ASN00023718,19940308,PRCP,0,,,a,
ASN00023718,19940309,PRCP,0,,,a,
ASN00023718,19940310,PRCP,0,,,a,
ASN00023718,19940311,PRCP,0,,,a,
ASN00023718,19940312,PRCP,0,,,a,
ASN00023718,19940313,PRCP,0,,,a,
ASN00023718,19940314,PRCP,0,,,a,
ASN00023718,19940315,PRCP,0,,,a,
ASN00023718,19940316,PRCP,0,,,a,
ASN00023718,19940317,PRCP,0,,,a,
ASN00023718,19940318,PRCP,0,,,a,
ASN00023718,19940319,PRCP,0,,,a,
ASN00023718,19940320,PRCP,0,,,a,
ASN00023718,19940321,PRCP,0,,,a,
ASN00023718,19940322,PRCP,0,,,a,
ASN00023718,19940323,PRCP,0,,,a,
ASN00023718,19940324,PRCP,0,,,a,
ASN00023718,19940325,PRCP,0,,,a,
ASN00023718,19940326,PRCP,0,,,a,
ASN00023718,19940327,PRCP,0,,,a,
ASN00023718,19940328,PRCP,0,,,a,
ASN00023718,19940329,PRCP,0,,,a,
ASN00023718,19940330,PRCP,0,,,a,
ASN00023718,19940331,PRCP,0,,,a,
ASN00023718,19940406,PRCP,0,,,a,
ASN00023718,19940407,PRCP,10,,,a,
ASN00023718,19940408,PRCP,0,,,a,
ASN00023718,19940409,PRCP,0,,,a,
ASN00023718,19940412,PRCP,50,,,a,
ASN00023718,19940413,PRCP,12,,,a,
ASN00023718,19940414,PRCP,12,,,a,
ASN00023718,19940415,PRCP,2,,,a,
ASN00023718,19940416,PRCP,0,,,a,
ASN00023718,19940420,PRCP,0,,,a,
ASN00023718,19940421,PRCP,0,,,a,
ASN00023718,19940422,PRCP,0,,,a,
ASN00023718,19940423,PRCP,0,,,a,
ASN00023718,19940424,PRCP,0,,,a,
ASN00023718,19940425,PRCP,0,,,a,
ASN00023718,19940426,PRCP,0,,,a,
ASN00023718,19940427,PRCP,0,,,a,
ASN00023718,19940428,PRCP,0,,,a,
ASN00023718,19940429,PRCP,0,,,a,
ASN00023718,19940430,PRCP,10,,,a,
ASN00023718,19940405,DAPR,5,,,a,
ASN00023718,19940411,DAPR,2,,,a,
ASN00023718,19940419,DAPR,3,,,a,
ASN00023718,19940405,DWPR,1,,,a,
ASN00023718,19940411,DWPR,1,,,a,
ASN00023718,19940419,DWPR,1,,,a,
ASN00023718,19940405,MDPR,56,,,a,
ASN00023718,19940411,MDPR,16,,,a,
ASN00023718,19940419,MDPR,2,,,a,
ASN00023718,19940504,PRCP,0,,,a,
ASN00023718,19940505,PRCP,0,,,a,
ASN00023718,19940506,PRCP,0,,,a,
ASN00023718,19940507,PRCP,0,,,a,
ASN00023718,19940510,PRCP,36,,,a,
ASN00023718,19940511,PRCP,58,,,a,
ASN00023718,19940512,PRCP,4,,,a,
ASN00023718,19940513,PRCP,0,,,a,
ASN00023718,19940519,PRCP,10,,,a,
ASN00023718,19940520,PRCP,0,,,a,
ASN00023718,19940524,PRCP,0,,,a,
ASN00023718,19940525,PRCP,58,,,a,
ASN00023718,19940526,PRCP,80,,,a,
ASN00023718,19940527,PRCP,0,,,a,
ASN00023718,19940531,PRCP,16,,,a,
ASN00023718,19940503,DAPR,3,,,a,
ASN00023718,19940509,DAPR,2,,,a,
ASN00023718,19940518,DAPR,5,,,a,
ASN00023718,19940523,DAPR,3,,,a,
ASN00023718,19940530,DAPR,3,,,a,
ASN00023718,19940503,DWPR,1,,,a,
ASN00023718,19940509,DWPR,1,,,a,
ASN00023718,19940518,DWPR,1,,,a,
ASN00023718,19940523,DWPR,1,,,a,
ASN00023718,19940530,DWPR,1,,,a,
ASN00023718,19940503,MDPR,10,,,a,
ASN00023718,19940509,MDPR,30,,,a,
ASN00023718,19940518,MDPR,44,,,a,
ASN00023718,19940523,MDPR,22,,,a,
ASN00023718,19940530,MDPR,16,,,a,
ASN00023718,19940601,PRCP,0,,,a,
ASN00023718,19940602,PRCP,0,,,a,
ASN00023718,19940603,PRCP,0,,,a,
ASN00023718,19940604,PRCP,0,,,a,
ASN00023718,19940607,PRCP,466,,,a,
ASN00023718,19940608,PRCP,20,,,a,
ASN00023718,19940609,PRCP,0,,,a,
ASN00023718,19940610,PRCP,0,,,a,
ASN00023718,19940611,PRCP,0,,,a,
ASN00023718,19940615,PRCP,16,,,a,
ASN00023718,19940616,PRCP,0,,,a,
ASN00023718,19940617,PRCP,68,,,a,
ASN00023718,19940618,PRCP,0,,,a,
ASN00023718,19940619,PRCP,0,,,a,
ASN00023718,19940620,PRCP,8,,,a,
ASN00023718,19940621,PRCP,0,,,a,
ASN00023718,19940622,PRCP,12,,,a,
ASN00023718,19940623,PRCP,2,,,a,
ASN00023718,19940624,PRCP,18,,,a,
ASN00023718,19940628,PRCP,0,,,a,
ASN00023718,19940629,PRCP,0,,,a,
ASN00023718,19940630,PRCP,0,,,a,
ASN00023718,19940606,DAPR,2,,,a,
ASN00023718,19940614,DAPR,3,,,a,
ASN00023718,19940627,DAPR,3,,,a,
ASN00023718,19940606,DWPR,2,,,a,
ASN00023718,19940614,DWPR,3,,,a,
ASN00023718,19940627,DWPR,3,,,a,
ASN00023718,19940606,MDPR,78,,,a,
ASN00023718,19940614,MDPR,46,,,a,
ASN00023718,19940627,MDPR,188,,,a,
ASN00023718,19940701,PRCP,0,,,a,
ASN00023718,19940702,PRCP,0,,,a,
ASN00023718,19940703,PRCP,0,,,a,
ASN00023718,19940704,PRCP,0,,,a,
ASN00023718,19940705,PRCP,0,,,a,
ASN00023718,19940706,PRCP,0,,,a,
ASN00023718,19940707,PRCP,0,,,a,
ASN00023718,19940708,PRCP,0,,,a,
ASN00023718,19940709,PRCP,0,,,a,
ASN00023718,19940710,PRCP,0,,,a,
ASN00023718,19940711,PRCP,18,,,a,
ASN00023718,19940712,PRCP,64,,,a,
ASN00023718,19940713,PRCP,12,,,a,
ASN00023718,19940714,PRCP,0,,,a,
ASN00023718,19940715,PRCP,0,,,a,
ASN00023718,19940716,PRCP,26,,,a,
ASN00023718,19940717,PRCP,0,,,a,
ASN00023718,19940718,PRCP,0,,,a,
ASN00023718,19940719,PRCP,12,,,a,
ASN00023718,19940720,PRCP,4,,,a,
ASN00023718,19940721,PRCP,0,,,a,
ASN00023718,19940722,PRCP,0,,,a,
ASN00023718,19940723,PRCP,0,,,a,
ASN00023718,19940724,PRCP,0,,,a,
ASN00023718,19940725,PRCP,0,,,a,
ASN00023718,19940726,PRCP,0,,,a,
ASN00023718,19940727,PRCP,0,,,a,
ASN00023718,19940728,PRCP,2,,,a,
ASN00023718,19940729,PRCP,0,,,a,
ASN00023718,19940731,DAPR,2,,,a,
ASN00023718,19940731,DWPR,2,,,a,
ASN00023718,19940731,MDPR,340,,,a,
ASN00023718,19940801,PRCP,2,,,a,
ASN00023718,19940802,PRCP,98,,,a,
ASN00023718,19940803,PRCP,2,,,a,
ASN00023718,19940804,PRCP,0,,,a,
ASN00023718,19940805,PRCP,0,,,a,
ASN00023718,19940810,PRCP,14,,,a,
ASN00023718,19940811,PRCP,0,,,a,
ASN00023718,19940812,PRCP,54,,,a,
ASN00023718,19940816,PRCP,0,,,a,
ASN00023718,19940817,PRCP,0,,,a,
ASN00023718,19940818,PRCP,0,,,a,
ASN00023718,19940819,PRCP,0,,,a,
ASN00023718,19940820,PRCP,0,,,a,
ASN00023718,19940821,PRCP,0,,,a,
ASN00023718,19940822,PRCP,0,,,a,
ASN00023718,19940823,PRCP,2,,,a,
ASN00023718,19940824,PRCP,0,,,a,
ASN00023718,19940825,PRCP,0,,,a,
ASN00023718,19940826,PRCP,0,,,a,
ASN00023718,19940830,PRCP,0,,,a,
ASN00023718,19940831,PRCP,0,,,a,
ASN00023718,19940809,DAPR,4,,,a,
ASN00023718,19940815,DAPR,3,,,a,
ASN00023718,19940829,DAPR,3,,,a,
ASN00023718,19940809,DWPR,4,,,a,
ASN00023718,19940815,DWPR,3,,,a,
ASN00023718,19940829,DWPR,3,,,a,
ASN00023718,19940809,MDPR,100,,,a,
ASN00023718,19940815,MDPR,66,,,a,
ASN00023718,19940829,MDPR,12,,,a,
ASN00023718,19940901,PRCP,0,,,a,
ASN00023718,19940902,PRCP,0,,,a,
ASN00023718,19940906,PRCP,6,,,a,
ASN00023718,19940907,PRCP,20,,,a,
ASN00023718,19940908,PRCP,12,,,a,
ASN00023718,19940909,PRCP,24,,,a,
ASN00023718,19940913,PRCP,14,,,a,
ASN00023718,19940914,PRCP,0,,,a,
ASN00023718,19940915,PRCP,12,,,a,
ASN00023718,19940916,PRCP,0,,,a,
ASN00023718,19940921,PRCP,24,,,a,
ASN00023718,19940922,PRCP,0,,,a,
ASN00023718,19940923,PRCP,0,,,a,
ASN00023718,19940924,PRCP,0,,,a,
ASN00023718,19940925,PRCP,0,,,a,
ASN00023718,19940926,PRCP,26,,,a,
ASN00023718,19940927,PRCP,10,,,a,
ASN00023718,19940928,PRCP,0,,,a,
ASN00023718,19940929,PRCP,0,,,a,
ASN00023718,19940930,PRCP,22,,,a,
ASN00023718,19940905,DAPR,3,,,a,
ASN00023718,19940912,DAPR,3,,,a,
ASN00023718,19940920,DAPR,4,,,a,
ASN00023718,19940905,DWPR,1,,,a,
ASN00023718,19940912,DWPR,1,,,a,
ASN00023718,19940920,DWPR,1,,,a,
ASN00023718,19940905,MDPR,10,,,a,
ASN00023718,19940912,MDPR,38,,,a,
ASN00023718,19940920,MDPR,24,,,a,
ASN00023718,19941006,PRCP,6,,,a,
ASN00023718,19941007,PRCP,80,,,a,
ASN00023718,19941008,PRCP,0,,,a,
ASN00023718,19941011,PRCP,0,,,a,
ASN00023718,19941012,PRCP,0,,,a,
ASN00023718,19941013,PRCP,0,,,a,
ASN00023718,19941014,PRCP,0,,,a,
ASN00023718,19941015,PRCP,0,,,a,
ASN00023718,19941019,PRCP,0,,,a,
ASN00023718,19941020,PRCP,10,,,a,
ASN00023718,19941021,PRCP,0,,,a,
ASN00023718,19941022,PRCP,0,,,a,
ASN00023718,19941023,PRCP,0,,,a,
ASN00023718,19941024,PRCP,0,,,a,
ASN00023718,19941025,PRCP,4,,,a,
ASN00023718,19941026,PRCP,32,,,a,
ASN00023718,19941027,PRCP,0,,,a,
ASN00023718,19941028,PRCP,0,,,a,
ASN00023718,19941029,PRCP,0,,,a,
ASN00023718,19941030,PRCP,0,,L,a,
ASN00023718,19941031,PRCP,0,,L,a,
ASN00023718,19941005,DAPR,5,,,a,
ASN00023718,19941010,DAPR,2,,,a,
ASN00023718,19941018,DAPR,3,,,a,
ASN00023718,19941005,DWPR,5,,,a,
ASN00023718,19941010,DWPR,2,,,a,
ASN00023718,19941018,DWPR,3,,,a,
ASN00023718,19941005,MDPR,270,,,a,
ASN00023718,19941010,MDPR,10,,,a,
ASN00023718,19941018,MDPR,6,,,a,
ASN00023718,19941102,PRCP,186,,,a,
ASN00023718,19941103,PRCP,12,,,a,
ASN00023718,19941104,PRCP,8,,,a,
ASN00023718,19941108,PRCP,2,,,a,
ASN00023718,19941109,PRCP,0,,,a,
ASN00023718,19941110,PRCP,0,,,a,
ASN00023718,19941111,PRCP,0,,,a,
ASN00023718,19941112,PRCP,0,,,a,
ASN00023718,19941116,PRCP,0,,,a,
ASN00023718,19941117,PRCP,0,,,a,
ASN00023718,19941118,PRCP,0,,,a,
ASN00023718,19941122,PRCP,4,,,a,
ASN00023718,19941123,PRCP,0,,,a,
ASN00023718,19941124,PRCP,0,,,a,
ASN00023718,19941125,PRCP,0,,,a,
ASN00023718,19941129,PRCP,0,,,a,
ASN00023718,19941130,PRCP,0,,,a,
ASN00023718,19941101,DAPR,3,,L,a,
ASN00023718,19941107,DAPR,3,,,a,
ASN00023718,19941115,DAPR,3,,,a,
ASN00023718,19941121,DAPR,3,,,a,
ASN00023718,19941128,DAPR,3,,,a,
ASN00023718,19941101,DWPR,3,,,a,
ASN00023718,19941107,DWPR,3,,,a,
ASN00023718,19941115,DWPR,3,,,a,
ASN00023718,19941121,DWPR,3,,,a,
ASN00023718,19941128,DWPR,3,,,a,
ASN00023718,19941101,MDPR,116,,L,a,
ASN00023718,19941107,MDPR,16,,,a,
ASN00023718,19941115,MDPR,2,,,a,
ASN00023718,19941121,MDPR,52,,,a,
ASN00023718,19941128,MDPR,14,,,a,
ASN00023718,19941201,PRCP,0,,,a,
ASN00023718,19941202,PRCP,0,,,a,
ASN00023718,19941203,PRCP,0,,,a,
ASN00023718,19941204,PRCP,0,,,a,
ASN00023718,19941205,PRCP,0,,,a,
ASN00023718,19941206,PRCP,0,,,a,
ASN00023718,19941207,PRCP,24,,,a,
ASN00023718,19941208,PRCP,4,,,a,
ASN00023718,19941209,PRCP,0,,,a,
ASN00023718,19941210,PRCP,0,,,a,
ASN00023718,19941211,PRCP,0,,,a,
ASN00023718,19941212,PRCP,0,,,a,
ASN00023718,19941213,PRCP,0,,,a,
ASN00023718,19941214,PRCP,0,,,a,
ASN00023718,19941215,PRCP,0,,,a,
ASN00023718,19941216,PRCP,0,,,a,
ASN00023718,19941217,PRCP,0,,,a,
ASN00023718,19941218,PRCP,0,,,a,
ASN00023718,19941219,PRCP,0,,,a,
ASN00023718,19941220,PRCP,0,,,a,
ASN00023718,19941221,PRCP,38,,,a,
ASN00023718,19941222,PRCP,100,,,a,
ASN00023718,19941223,PRCP,0,,,a,
ASN00023718,19941224,PRCP,0,,,a,
ASN00023718,19941225,PRCP,0,,,a,
ASN00023718,19941226,PRCP,0,,,a,
ASN00023718,19941227,PRCP,0,,,a,
ASN00023718,19941228,PRCP,0,,,a,
ASN00023718,19941229,PRCP,0,,,a,
ASN00023718,19941230,PRCP,0,,,a,
ASN00023718,19941231,PRCP,0,,,a,
ASN00023718,19950101,PRCP,0,,,a,
ASN00023718,19950102,PRCP,0,,,a,
ASN00023718,19950103,PRCP,0,,,a,
ASN00023718,19950104,PRCP,0,,,a,
ASN00023718,19950105,PRCP,0,,,a,
ASN00023718,19950106,PRCP,0,,,a,
ASN00023718,19950107,PRCP,0,,,a,
ASN00023718,19950108,PRCP,0,,,a,
ASN00023718,19950109,PRCP,0,,,a,
ASN00023718,19950110,PRCP,0,,,a,
ASN00023718,19950111,PRCP,0,,,a,
ASN00023718,19950112,PRCP,0,,,a,
ASN00023718,19950113,PRCP,0,,,a,
ASN00023718,19950117,PRCP,0,,,a,
ASN00023718,19950118,PRCP,0,,,a,
ASN00023718,19950119,PRCP,0,,,a,
ASN00023718,19950120,PRCP,0,,,a,
ASN00023718,19950121,PRCP,0,,,a,
ASN00023718,19950122,PRCP,0,,,a,
ASN00023718,19950123,PRCP,0,,,a,
ASN00023718,19950124,PRCP,0,,,a,
ASN00023718,19950125,PRCP,0,,,a,
ASN00023718,19950126,PRCP,38,,,a,
ASN00023718,19950127,PRCP,14,,,a,
ASN00023718,19950131,PRCP,0,,,a,
ASN00023718,19950116,DAPR,3,,,a,
ASN00023718,19950130,DAPR,3,,,a,
ASN00023718,19950116,DWPR,3,,,a,
ASN00023718,19950130,DWPR,3,,,a,
ASN00023718,19950116,MDPR,130,,,a,
ASN00023718,19950130,MDPR,46,,,a,
ASN00023718,19950201,PRCP,0,,,a,
ASN00023718,19950202,PRCP,0,,,a,
ASN00023718,19950203,PRCP,0,,,a,
ASN00023718,19950204,PRCP,0,,,a,
ASN00023718,19950208,PRCP,0,,,a,
ASN00023718,19950209,PRCP,0,,,a,
ASN00023718,19950210,PRCP,4,,,a,
ASN00023718,19950211,PRCP,0,,,a,
ASN00023718,19950212,PRCP,0,,,a,
ASN00023718,19950213,PRCP,0,,,a,
ASN00023718,19950214,PRCP,0,,,a,
ASN00023718,19950215,PRCP,0,,,a,
ASN00023718,19950216,PRCP,78,,,a,
ASN00023718,19950217,PRCP,0,,,a,
ASN00023718,19950218,PRCP,0,,,a,
ASN00023718,19950219,PRCP,0,,,a,
ASN00023718,19950220,PRCP,0,,,a,
ASN00023718,19950221,PRCP,0,,,a,
ASN00023718,19950222,PRCP,0,,,a,
ASN00023718,19950223,PRCP,0,,,a,
ASN00023718,19950224,PRCP,0,,,a,
ASN00023718,19950225,PRCP,0,,,a,
ASN00023718,19950226,PRCP,0,,,a,
ASN00023718,19950227,PRCP,0,,,a,
ASN00023718,19950228,PRCP,22,,,a,
ASN00023718,19950207,DAPR,3,,,a,
ASN00023718,19950207,DWPR,3,,,a,
ASN00023718,19950207,MDPR,32,,,a,
ASN00023718,19950301,PRCP,8,,,a,
ASN00023718,19950302,PRCP,12,,,a,
ASN00023718,19950303,PRCP,0,,,a,
ASN00023718,19950304,PRCP,0,,,a,
ASN00023718,19950308,PRCP,0,,,a,
ASN00023718,19950309,PRCP,14,,,a,
ASN00023718,19950310,PRCP,0,,,a,
ASN00023718,19950314,PRCP,0,,,a,
ASN00023718,19950315,PRCP,0,,,a,
ASN00023718,19950316,PRCP,0,,,a,
ASN00023718,19950317,PRCP,0,,,a,
ASN00023718,19950318,PRCP,0,,,a,
ASN00023718,19950322,PRCP,0,,,a,
ASN00023718,19950323,PRCP,0,,,a,
ASN00023718,19950324,PRCP,0,,,a,
ASN00023718,19950328,PRCP,0,,,a,
ASN00023718,19950329,PRCP,6,,,a,
ASN00023718,19950330,PRCP,18,,,a,
ASN00023718,19950331,PRCP,20,,,a,
ASN00023718,19950307,DAPR,3,,,a,
ASN00023718,19950313,DAPR,3,,,a,
ASN00023718,19950321,DAPR,3,,,a,
ASN00023718,19950327,DAPR,3,,,a,
ASN00023718,19950307,DWPR,3,,,a,
ASN00023718,19950313,DWPR,3,,,a,
ASN00023718,19950321,DWPR,3,,,a,
ASN00023718,19950327,DWPR,3,,,a,
ASN00023718,19950307,MDPR,4,,,a,
ASN00023718,19950313,MDPR,14,,,a,
ASN00023718,19950321,MDPR,4,,,a,
ASN00023718,19950327,MDPR,34,,,a,
ASN00023718,19950405,PRCP,78,,,a,
ASN00023718,19950406,PRCP,0,,,a,
ASN00023718,19950407,PRCP,40,,,a,
ASN00023718,19950411,PRCP,4,,,a,
ASN00023718,19950412,PRCP,0,,,a,
ASN00023718,19950413,PRCP,0,,,a,
ASN00023718,19950419,PRCP,0,,,a,
ASN00023718,19950420,PRCP,6,,,a,
ASN00023718,19950421,PRCP,0,,,a,
ASN00023718,19950422,PRCP,0,,,a,
ASN00023718,19950423,PRCP,0,,,a,
ASN00023718,19950424,PRCP,10,,,a,
ASN00023718,19950425,PRCP,0,,,a,
ASN00023718,19950426,PRCP,6,,,a,
ASN00023718,19950427,PRCP,22,,,a,
ASN00023718,19950428,PRCP,0,,,a,
ASN00023718,19950429,PRCP,0,,,a,
ASN00023718,19950430,PRCP,100,,,a,
ASN00023718,19950404,DAPR,4,,,a,
ASN00023718,19950410,DAPR,3,,,a,
ASN00023718,19950418,DAPR,5,,,a,
ASN00023718,19950404,DWPR,4,,,a,
ASN00023718,19950410,DWPR,3,,,a,
ASN00023718,19950418,DWPR,5,,,a,
ASN00023718,19950404,MDPR,38,,,a,
ASN00023718,19950410,MDPR,74,,,a,
ASN00023718,19950418,MDPR,148,,,a,
ASN00023718,19950503,PRCP,542,,,a,
ASN00023718,19950504,PRCP,14,,,a,
ASN00023718,19950505,PRCP,32,,,a,
ASN00023718,19950509,PRCP,0,,,a,
ASN00023718,19950510,PRCP,0,,,a,
ASN00023718,19950511,PRCP,0,,,a,
ASN00023718,19950512,PRCP,0,,,a,
ASN00023718,19950517,PRCP,0,,,a,
ASN00023718,19950518,PRCP,4,,,a,
ASN00023718,19950519,PRCP,0,,,a,
ASN00023718,19950520,PRCP,0,,,a,
ASN00023718,19950521,PRCP,0,,,a,
ASN00023718,19950522,PRCP,0,,,a,
ASN00023718,19950523,PRCP,0,,,a,
ASN00023718,19950524,PRCP,0,,,a,
ASN00023718,19950525,PRCP,62,,,a,
ASN00023718,19950526,PRCP,46,,,a,
ASN00023718,19950531,PRCP,0,,,a,
ASN00023718,19950502,DAPR,2,,,a,
ASN00023718,19950508,DAPR,3,,,a,
ASN00023718,19950516,DAPR,4,,,a,
ASN00023718,19950530,DAPR,4,,,a,
ASN00023718,19950502,DWPR,2,,,a,
ASN00023718,19950508,DWPR,3,,,a,
ASN00023718,19950516,DWPR,4,,,a,
ASN00023718,19950530,DWPR,4,,,a,
ASN00023718,19950502,MDPR,68,,,a,
ASN00023718,19950508,MDPR,16,,,a,
ASN00023718,19950516,MDPR,28,,,a,
ASN00023718,19950530,MDPR,20,,,a,
ASN00023718,19950601,PRCP,0,,,a,
ASN00023718,19950602,PRCP,0,,,a,
ASN00023718,19950603,PRCP,0,,,a,
ASN00023718,19950604,PRCP,0,,,a,
ASN00023718,19950605,PRCP,0,,,a,
ASN00023718,19950606,PRCP,40,,,a,
ASN00023718,19950607,PRCP,18,,,a,
ASN00023718,19950608,PRCP,122,,,a,
ASN00023718,19950609,PRCP,164,,,a,
ASN00023718,19950615,PRCP,170,,,a,
ASN00023718,19950616,PRCP,34,,,a,
ASN00023718,19950620,PRCP,12,,,a,
ASN00023718,19950621,PRCP,0,,,a,
ASN00023718,19950622,PRCP,0,,,a,
ASN00023718,19950623,PRCP,0,,,a,
ASN00023718,19950628,PRCP,24,,,a,
ASN00023718,19950629,PRCP,46,,,a,
ASN00023718,19950630,PRCP,6,,,a,
ASN00023718,19950614,DAPR,5,,,a,
ASN00023718,19950619,DAPR,3,,,a,
ASN00023718,19950627,DAPR,4,,,a,
ASN00023718,19950614,DWPR,5,,,a,
ASN00023718,19950619,DWPR,3,,,a,
ASN00023718,19950627,DWPR,4,,,a,
ASN00023718,19950614,MDPR,54,,,a,
ASN00023718,19950619,MDPR,94,,,a,
ASN00023718,19950627,MDPR,44,,,a,
ASN00023718,19950704,PRCP,0,,,a,
ASN00023718,19950705,PRCP,0,,,a,
ASN00023718,19950706,PRCP,0,,,a,
ASN00023718,19950707,PRCP,0,,,a,
ASN00023718,19950708,PRCP,0,,,a,
ASN00023718,19950712,PRCP,116,,,a,
ASN00023718,19950713,PRCP,38,,,a,
ASN00023718,19950714,PRCP,58,,,a,
ASN00023718,19950718,PRCP,16,,,a,
ASN00023718,19950719,PRCP,44,,,a,
ASN00023718,19950720,PRCP,0,,,a,
ASN00023718,19950721,PRCP,32,,,a,
ASN00023718,19950725,PRCP,0,,,a,
ASN00023718,19950726,PRCP,14,,,a,
ASN00023718,19950727,PRCP,12,,,a,
ASN00023718,19950728,PRCP,34,,,a,
ASN00023718,19950703,DAPR,3,,,a,
ASN00023718,19950711,DAPR,3,,,a,
ASN00023718,19950717,DAPR,3,,,a,
ASN00023718,19950724,DAPR,3,,,a,
ASN00023718,19950731,DAPR,3,,,a,
ASN00023718,19950703,DWPR,3,,,a,
ASN00023718,19950711,DWPR,3,,,a,
ASN00023718,19950717,DWPR,3,,,a,
ASN00023718,19950724,DWPR,3,,,a,
ASN00023718,19950731,DWPR,3,,,a,
ASN00023718,19950703,MDPR,164,,,a,
ASN00023718,19950711,MDPR,82,,,a,
ASN00023718,19950717,MDPR,32,,,a,
ASN00023718,19950724,MDPR,272,,,a,
ASN00023718,19950731,MDPR,108,,,a,
ASN00023718,19950801,PRCP,0,,,a,
ASN00023718,19950802,PRCP,46,,,a,
ASN00023718,19950803,PRCP,30,,,a,
ASN00023718,19950804,PRCP,32,,,a,
ASN00023718,19950805,PRCP,0,,,a,
ASN00023718,19950806,PRCP,0,,,a,
ASN00023718,19950807,PRCP,0,,,a,
ASN00023718,19950808,PRCP,22,,,a,
ASN00023718,19950809,PRCP,16,,,a,
ASN00023718,19950810,PRCP,0,,,a,
ASN00023718,19950811,PRCP,0,,,a,
ASN00023718,19950812,PRCP,0,,,a,
ASN00023718,19950813,PRCP,0,,,a,
ASN00023718,19950814,PRCP,0,,,a,
ASN00023718,19950815,PRCP,0,,,a,
ASN00023718,19950816,PRCP,0,,,a,
ASN00023718,19950817,PRCP,0,,,a,
ASN00023718,19950818,PRCP,0,,,a,
ASN00023718,19950819,PRCP,0,,,a,
ASN00023718,19950820,PRCP,0,,,a,
ASN00023718,19950821,PRCP,0,,,a,
ASN00023718,19950822,PRCP,0,,,a,
ASN00023718,19950823,PRCP,0,,,a,
ASN00023718,19950824,PRCP,0,,,a,
ASN00023718,19950825,PRCP,72,,,a,
ASN00023718,19950829,PRCP,0,,,a,
ASN00023718,19950830,PRCP,0,,,a,
ASN00023718,19950831,PRCP,0,,,a,
ASN00023718,19950828,DAPR,3,,,a,
ASN00023718,19950828,DWPR,3,,,a,
ASN00023718,19950828,MDPR,12,,,a,
ASN00023718,19950901,PRCP,12,,,a,
ASN00023718,19950902,PRCP,0,,,a,
ASN00023718,19950903,PRCP,0,,,a,
ASN00023718,19950904,PRCP,0,,,a,
ASN00023718,19950905,PRCP,10,,,a,
ASN00023718,19950906,PRCP,0,,,a,
ASN00023718,19950907,PRCP,0,,,a,
ASN00023718,19950908,PRCP,0,,,a,
ASN00023718,19950912,PRCP,0,,,a,
ASN00023718,19950913,PRCP,0,,,a,
ASN00023718,19950914,PRCP,60,,,a,
ASN00023718,19950915,PRCP,0,,,a,
ASN00023718,19950916,PRCP,0,,,a,
ASN00023718,19950917,PRCP,0,,,a,
ASN00023718,19950918,PRCP,0,,,a,
ASN00023718,19950919,PRCP,0,,,a,
ASN00023718,19950920,PRCP,0,,,a,
ASN00023718,19950921,PRCP,24,,,a,
ASN00023718,19950922,PRCP,0,,,a,
ASN00023718,19950926,PRCP,0,,,a,
ASN00023718,19950927,PRCP,0,,,a,
ASN00023718,19950928,PRCP,0,,,a,
ASN00023718,19950929,PRCP,8,,,a,
ASN00023718,19950930,PRCP,0,,L,a,
ASN00023718,19950911,DAPR,3,,,a,
ASN00023718,19950925,DAPR,3,,,a,
ASN00023718,19950911,DWPR,3,,,a,
ASN00023718,19950925,DWPR,3,,,a,
ASN00023718,19950911,MDPR,6,,,a,
ASN00023718,19950925,MDPR,70,,,a,
ASN00023718,19951005,PRCP,4,,,a,
ASN00023718,19951006,PRCP,0,,,a,
ASN00023718,19951010,PRCP,0,,,a,
ASN00023718,19951011,PRCP,14,,,a,
ASN00023718,19951012,PRCP,14,,,a,
ASN00023718,19951013,PRCP,0,,,a,
ASN00023718,19951018,PRCP,0,,,a,
ASN00023718,19951019,PRCP,0,,,a,
ASN00023718,19951020,PRCP,64,,,a,
ASN00023718,19951024,PRCP,10,,,a,
ASN00023718,19951025,PRCP,0,,,a,
ASN00023718,19951026,PRCP,0,,,a,
ASN00023718,19951027,PRCP,0,,,a,
ASN00023718,19951028,PRCP,0,,,a,
ASN00023718,19951029,PRCP,0,,,a,
ASN00023718,19951030,PRCP,0,,,a,
ASN00023718,19951031,PRCP,0,,,a,
ASN00023718,19951004,DAPR,5,,L,a,
ASN00023718,19951009,DAPR,3,,,a,
ASN00023718,19951017,DAPR,4,,,a,
ASN00023718,19951023,DAPR,3,,,a,
ASN00023718,19951004,DWPR,5,,,a,
ASN00023718,19951009,DWPR,3,,,a,
ASN00023718,19951017,DWPR,4,,,a,
ASN00023718,19951023,DWPR,3,,,a,
ASN00023718,19951004,MDPR,26,,L,a,
ASN00023718,19951009,MDPR,100,,,a,
ASN00023718,19951017,MDPR,28,,,a,
ASN00023718,19951023,MDPR,78,,,a,
ASN00023718,19951101,PRCP,0,,,a,
ASN00023718,19951102,PRCP,12,,,a,
ASN00023718,19951103,PRCP,0,,,a,
ASN00023718,19951104,PRCP,0,,,a,
ASN00023718,19951107,PRCP,0,,,a,
ASN00023718,19951108,PRCP,0,,,a,
ASN00023718,19951109,PRCP,0,,,a,
ASN00023718,19951110,PRCP,0,,,a,
ASN00023718,19951111,PRCP,0,,,a,
ASN00023718,19951115,PRCP,0,,,a,
ASN00023718,19951116,PRCP,0,,,a,
ASN00023718,19951117,PRCP,0,,,a,
ASN00023718,19951118,PRCP,0,,,a,
ASN00023718,19951119,PRCP,0,,,a,
ASN00023718,19951120,PRCP,0,,,a,
ASN00023718,19951121,PRCP,0,,,a,
ASN00023718,19951122,PRCP,10,,,a,
ASN00023718,19951123,PRCP,0,,,a,
ASN00023718,19951124,PRCP,0,,,a,
ASN00023718,19951125,PRCP,0,,,a,
ASN00023718,19951126,PRCP,0,,,a,
ASN00023718,19951127,PRCP,0,,,a,
ASN00023718,19951128,PRCP,0,,,a,
ASN00023718,19951129,PRCP,0,,,a,
ASN00023718,19951130,PRCP,0,,,a,
ASN00023718,19951106,DAPR,2,,,a,
ASN00023718,19951114,DAPR,3,,,a,
ASN00023718,19951106,DWPR,2,,,a,
ASN00023718,19951114,DWPR,3,,,a,
ASN00023718,19951106,MDPR,34,,,a,
ASN00023718,19951114,MDPR,16,,,a,
ASN00023718,19951201,PRCP,0,,,a,
ASN00023718,19951205,PRCP,28,,,a,
ASN00023718,19951206,PRCP,0,,,a,
ASN00023718,19951207,PRCP,14,,,a,
ASN00023718,19951208,PRCP,0,,,a,
ASN00023718,19951212,PRCP,4,,,a,
ASN00023718,19951213,PRCP,0,,,a,
ASN00023718,19951214,PRCP,0,,,a,
ASN00023718,19951215,PRCP,0,,,a,
ASN00023718,19951219,PRCP,14,,,a,
ASN00023718,19951220,PRCP,8,,,a,
ASN00023718,19951221,PRCP,0,,,a,
ASN00023718,19951222,PRCP,0,,,a,
ASN00023718,19951223,PRCP,0,,,a,
ASN00023718,19951224,PRCP,0,,,a,
ASN00023718,19951225,PRCP,0,,,a,
ASN00023718,19951226,PRCP,0,,,a,
ASN00023718,19951227,PRCP,0,,,a,
ASN00023718,19951228,PRCP,0,,,a,
ASN00023718,19951229,PRCP,0,,,a,
ASN00023718,19951230,PRCP,0,,,a,
ASN00023718,19951231,PRCP,0,,L,a,
ASN00023718,19951204,DAPR,3,,,a,
ASN00023718,19951211,DAPR,3,,,a,
ASN00023718,19951218,DAPR,3,,,a,
ASN00023718,19951204,DWPR,3,,,a,
ASN00023718,19951211,DWPR,3,,,a,
ASN00023718,19951218,DWPR,3,,,a,
ASN00023718,19951204,MDPR,26,,,a,
ASN00023718,19951211,MDPR,4,,,a,
ASN00023718,19951218,MDPR,14,,,a,
ASN00023718,19960103,PRCP,0,,,a,
ASN00023718,19960104,PRCP,0,,,a,
ASN00023718,19960105,PRCP,0,,,a,
ASN00023718,19960106,PRCP,0,,,a,
ASN00023718,19960107,PRCP,0,,,a,
ASN00023718,19960108,PRCP,0,,,a,
ASN00023718,19960109,PRCP,0,,,a,
ASN00023718,19960110,PRCP,0,,,a,
ASN00023718,19960111,PRCP,0,,,a,
ASN00023718,19960112,PRCP,0,,,a,
ASN00023718,19960113,PRCP,0,,,a,
ASN00023718,19960114,PRCP,0,,,a,
ASN00023718,19960115,PRCP,0,,,a,
ASN00023718,19960116,PRCP,0,,,a,
ASN00023718,19960117,PRCP,0,,,a,
ASN00023718,19960118,PRCP,0,,,a,
ASN00023718,19960119,PRCP,0,,,a,
ASN00023718,19960120,PRCP,0,,,a,
ASN00023718,19960124,PRCP,0,,,a,
ASN00023718,19960125,PRCP,38,,,a,
ASN00023718,19960126,PRCP,0,,,a,
ASN00023718,19960130,PRCP,0,,,a,
ASN00023718,19960131,PRCP,0,,,a,
ASN00023718,19960102,DAPR,3,,L,a,
ASN00023718,19960123,DAPR,3,,,a,
ASN00023718,19960129,DAPR,3,,,a,
ASN00023718,19960102,DWPR,3,,,a,
ASN00023718,19960123,DWPR,3,,,a,
ASN00023718,19960129,DWPR,3,,,a,
ASN00023718,19960102,MDPR,40,,L,a,
ASN00023718,19960123,MDPR,2,,,a,
ASN00023718,19960129,MDPR,10,,,a,
ASN00023718,19960201,PRCP,0,,,a,
ASN00023718,19960202,PRCP,2,,,a,
ASN00023718,19960203,PRCP,0,,,a,
ASN00023718,19960204,PRCP,0,,,a,
ASN00023718,19960205,PRCP,0,,,a,
ASN00023718,19960206,PRCP,0,,,a,
ASN00023718,19960207,PRCP,0,,,a,
ASN00023718,19960208,PRCP,112,,,a,
ASN00023718,19960209,PRCP,12,,,a,
ASN00023718,19960210,PRCP,0,,,a,
ASN00023718,19960211,PRCP,0,,,a,
ASN00023718,19960212,PRCP,6,,,a,
ASN00023718,19960213,PRCP,0,,,a,
ASN00023718,19960214,PRCP,0,,,a,
ASN00023718,19960215,PRCP,0,,,a,
ASN00023718,19960216,PRCP,0,,,a,
ASN00023718,19960217,PRCP,0,,,a,
ASN00023718,19960218,PRCP,0,,,a,
ASN00023718,19960219,PRCP,0,,,a,
ASN00023718,19960220,PRCP,0,,,a,
ASN00023718,19960221,PRCP,0,,,a,
ASN00023718,19960222,PRCP,0,,,a,
ASN00023718,19960223,PRCP,0,,,a,
ASN00023718,19960224,PRCP,0,,,a,
ASN00023718,19960225,PRCP,0,,,a,
ASN00023718,19960226,PRCP,0,,,a,
ASN00023718,19960227,PRCP,0,,,a,
ASN00023718,19960228,PRCP,0,,,a,
ASN00023718,19960229,PRCP,6,,,a,
ASN00023718,19960301,PRCP,0,,,a,
ASN00023718,19960302,PRCP,0,,,a,
ASN00023718,19960303,PRCP,0,,,a,
ASN00023718,19960304,PRCP,0,,,a,
ASN00023718,19960305,PRCP,0,,,a,
ASN00023718,19960306,PRCP,0,,,a,
ASN00023718,19960307,PRCP,0,,,a,
ASN00023718,19960308,PRCP,0,,,a,
ASN00023718,19960309,PRCP,0,,,a,
ASN00023718,19960310,PRCP,0,,,a,
ASN00023718,19960311,PRCP,0,,,a,
ASN00023718,19960312,PRCP,0,,,a,
ASN00023718,19960313,PRCP,0,,,a,
ASN00023718,19960314,PRCP,0,,,a,
ASN00023718,19960315,PRCP,10,,,a,
ASN00023718,19960316,PRCP,0,,,a,
ASN00023718,19960320,PRCP,20,,,a,
ASN00023718,19960321,PRCP,10,,,a,
ASN00023718,19960322,PRCP,2,,,a,
ASN00023718,19960323,PRCP,0,,,a,
ASN00023718,19960324,PRCP,0,,,a,
ASN00023718,19960325,PRCP,0,,,a,
ASN00023718,19960326,PRCP,0,,,a,
ASN00023718,19960327,PRCP,0,,,a,
ASN00023718,19960328,PRCP,0,,,a,
ASN00023718,19960329,PRCP,2,,,a,
ASN00023718,19960330,PRCP,6,,,a,
ASN00023718,19960331,PRCP,0,,,a,
ASN00023718,19960319,DAPR,3,,,a,
ASN00023718,19960319,DWPR,3,,,a,
ASN00023718,19960319,MDPR,54,,,a,
ASN00023718,19960401,PRCP,0,,,a,
ASN00023718,19960402,PRCP,0,,,a,
ASN00023718,19960403,PRCP,0,,,a,
ASN00023718,19960404,PRCP,0,,,a,
ASN00023718,19960405,PRCP,0,,,a,
ASN00023718,19960410,PRCP,32,,,a,
ASN00023718,19960411,PRCP,24,,,a,
ASN00023718,19960412,PRCP,0,,,a,
ASN00023718,19960417,PRCP,44,,,a,
ASN00023718,19960418,PRCP,0,,,a,
ASN00023718,19960419,PRCP,22,,,a,
ASN00023718,19960423,PRCP,0,,,a,
ASN00023718,19960424,PRCP,4,,,a,
ASN00023718,19960427,PRCP,0,,,a,
ASN00023718,19960409,DAPR,4,,,a,
ASN00023718,19960416,DAPR,4,,,a,
ASN00023718,19960422,DAPR,3,,,a,
ASN00023718,19960426,DAPR,2,,,a,
ASN00023718,19960430,DAPR,3,,,a,
ASN00023718,19960409,DWPR,4,,,a,
ASN00023718,19960416,DWPR,4,,,a,
ASN00023718,19960422,DWPR,3,,,a,
ASN00023718,19960426,DWPR,2,,,a,
ASN00023718,19960430,DWPR,3,,,a,
ASN00023718,19960409,MDPR,82,,,a,
ASN00023718,19960416,MDPR,56,,,a,
ASN00023718,19960422,MDPR,12,,,a,
ASN00023718,19960426,MDPR,16,,,a,
ASN00023718,19960430,MDPR,10,,,a,
ASN00023718,19960501,PRCP,0,,,a,
ASN00023718,19960502,PRCP,0,,,a,
ASN00023718,19960503,PRCP,0,,,a,
ASN00023718,19960504,PRCP,0,,,a,
ASN00023718,19960505,PRCP,0,,,a,
ASN00023718,19960506,PRCP,0,,,a,
ASN00023718,19960507,PRCP,0,,,a,
ASN00023718,19960508,PRCP,0,,,a,
ASN00023718,19960509,PRCP,0,,,a,
ASN00023718,19960510,PRCP,0,,,a,
ASN00023718,19960511,PRCP,0,,,a,
ASN00023718,19960515,PRCP,2,,,a,
ASN00023718,19960516,PRCP,0,,,a,
ASN00023718,19960517,PRCP,0,,,a,
ASN00023718,19960518,PRCP,0,,,a,
ASN00023718,19960522,PRCP,6,,,a,
ASN00023718,19960525,PRCP,0,,,a,
ASN00023718,19960526,PRCP,0,,,a,
ASN00023718,19960527,PRCP,0,,,a,
ASN00023718,19960528,PRCP,0,,,a,
ASN00023718,19960529,PRCP,6,,,a,
ASN00023718,19960530,PRCP,0,,,a,
ASN00023718,19960531,PRCP,0,,,a,
ASN00023718,19960514,DAPR,3,,,a,
ASN00023718,19960521,DAPR,3,,,a,
ASN00023718,19960524,DAPR,2,,,a,
ASN00023718,19960514,DWPR,3,,,a,
ASN00023718,19960521,DWPR,3,,,a,
ASN00023718,19960524,DWPR,2,,,a,
ASN00023718,19960514,MDPR,328,,,a,
ASN00023718,19960521,MDPR,26,,,a,
ASN00023718,19960524,MDPR,26,,,a,
ASN00023718,19960601,PRCP,0,,,a,
ASN00023718,19960604,PRCP,52,,,a,
ASN00023718,19960605,PRCP,6,,,a,
ASN00023718,19960606,PRCP,18,,,a,
ASN00023718,19960607,PRCP,12,,,a,
ASN00023718,19960608,PRCP,0,,,a,
ASN00023718,19960609,PRCP,0,,,a,
ASN00023718,19960610,PRCP,0,,,a,
ASN00023718,19960613,PRCP,0,,,a,
ASN00023718,19960614,PRCP,0,,,a,
ASN00023718,19960615,PRCP,0,,,a,
ASN00023718,19960616,PRCP,0,,,a,
ASN00023718,19960617,PRCP,4,,,a,
ASN00023718,19960618,PRCP,34,,,a,
ASN00023718,19960619,PRCP,6,,,a,
ASN00023718,19960620,PRCP,2,,,a,
ASN00023718,19960621,PRCP,0,,,a,
ASN00023718,19960622,PRCP,0,,,a,
ASN00023718,19960625,PRCP,0,,,a,
ASN00023718,19960626,PRCP,62,,,a,
ASN00023718,19960627,PRCP,38,,,a,
ASN00023718,19960628,PRCP,0,,,a,
ASN00023718,19960603,DAPR,2,,,a,
ASN00023718,19960612,DAPR,2,,,a,
ASN00023718,19960624,DAPR,2,,,a,
ASN00023718,19960630,DAPR,2,,,a,
ASN00023718,19960603,DWPR,2,,,a,
ASN00023718,19960612,DWPR,2,,,a,
ASN00023718,19960624,DWPR,2,,,a,
ASN00023718,19960630,DWPR,2,,,a,
ASN00023718,19960603,MDPR,42,,,a,
ASN00023718,19960612,MDPR,38,,,a,
ASN00023718,19960624,MDPR,82,,,a,
ASN00023718,19960630,MDPR,112,,,a,
ASN00023718,19960701,PRCP,0,,,a,
ASN00023718,19960702,PRCP,6,,,a,
ASN00023718,19960703,PRCP,0,,,a,
ASN00023718,19960704,PRCP,26,,,a,
ASN00023718,19960705,PRCP,108,,,a,
ASN00023718,19960710,PRCP,4,,,a,
ASN00023718,19960711,PRCP,22,,,a,
ASN00023718,19960712,PRCP,0,,,a,
ASN00023718,19960716,PRCP,0,,,a,
ASN00023718,19960717,PRCP,24,,,a,
ASN00023718,19960718,PRCP,0,,,a,
ASN00023718,19960719,PRCP,48,,,a,
ASN00023718,19960724,PRCP,42,,,a,
ASN00023718,19960725,PRCP,4,,,a,
ASN00023718,19960726,PRCP,10,,,a,
ASN00023718,19960727,PRCP,0,,,a,
ASN00023718,19960728,PRCP,0,,,a,
ASN00023718,19960729,PRCP,90,,,a,
ASN00023718,19960730,PRCP,42,,,a,
ASN00023718,19960731,PRCP,14,,,a,
ASN00023718,19960709,DAPR,4,,,a,
ASN00023718,19960715,DAPR,3,,,a,
ASN00023718,19960723,DAPR,4,,,a,
ASN00023718,19960709,DWPR,4,,,a,
ASN00023718,19960715,DWPR,3,,,a,
ASN00023718,19960723,DWPR,4,,,a,
ASN00023718,19960709,MDPR,48,,,a,
ASN00023718,19960715,MDPR,100,,,a,
ASN00023718,19960723,MDPR,200,,,a,
ASN00023718,19960801,PRCP,100,,,a,
ASN00023718,19960802,PRCP,40,,,a,
ASN00023718,19960807,PRCP,28,,,a,
ASN00023718,19960808,PRCP,40,,,a,
ASN00023718,19960809,PRCP,0,,,a,
ASN00023718,19960810,PRCP,0,,,a,
ASN00023718,19960811,PRCP,0,,,a,
ASN00023718,19960812,PRCP,0,,,a,
ASN00023718,19960813,PRCP,0,,,a,
ASN00023718,19960814,PRCP,42,,,a,
ASN00023718,19960815,PRCP,4,,,a,
ASN00023718,19960816,PRCP,12,,,a,
ASN00023718,19960821,PRCP,0,,,a,
ASN00023718,19960822,PRCP,0,,,a,
ASN00023718,19960823,PRCP,0,,,a,
ASN00023718,19960824,PRCP,0,,,a,
ASN00023718,19960825,PRCP,0,,,a,
ASN00023718,19960826,PRCP,0,,,a,
ASN00023718,19960827,PRCP,150,,,a,
ASN00023718,19960828,PRCP,6,,,a,
ASN00023718,19960829,PRCP,0,,,a,
ASN00023718,19960830,PRCP,0,,,a,
ASN00023718,19960831,PRCP,0,,,a,
ASN00023718,19960806,DAPR,4,,,a,
ASN00023718,19960820,DAPR,4,,,a,
ASN00023718,19960806,DWPR,3,,,a,
ASN00023718,19960820,DWPR,4,,,a,
ASN00023718,19960806,MDPR,244,,,a,
ASN00023718,19960820,MDPR,188,,,a,
ASN00023718,19960901,PRCP,0,,,a,
ASN00023718,19960902,PRCP,78,,,a,
ASN00023718,19960903,PRCP,6,,,a,
ASN00023718,19960904,PRCP,0,,,a,
ASN00023718,19960905,PRCP,0,,,a,
ASN00023718,19960906,PRCP,14,,,a,
ASN00023718,19960907,PRCP,0,,,a,
ASN00023718,19960910,PRCP,12,,,a,
ASN00023718,19960911,PRCP,0,,,a,
ASN00023718,19960912,PRCP,56,,,a,
ASN00023718,19960913,PRCP,24,,,a,
ASN00023718,19960914,PRCP,0,,,a,
ASN00023718,19960915,PRCP,0,,,a,
ASN00023718,19960916,PRCP,0,,,a,
ASN00023718,19960917,PRCP,0,,,a,
ASN00023718,19960918,PRCP,0,,,a,
ASN00023718,19960919,PRCP,98,,,a,
ASN00023718,19960920,PRCP,110,,,a,
ASN00023718,19960921,PRCP,0,,,a,
ASN00023718,19960924,PRCP,66,,,a,
ASN00023718,19960925,PRCP,12,,,a,
ASN00023718,19960926,PRCP,32,,,a,
ASN00023718,19960927,PRCP,0,,,a,
ASN00023718,19960909,DAPR,2,,,a,
ASN00023718,19960923,DAPR,2,,,a,
ASN00023718,19960930,DAPR,3,,,a,
ASN00023718,19960909,DWPR,2,,,a,
ASN00023718,19960923,DWPR,2,,,a,
ASN00023718,19960930,DWPR,3,,,a,
ASN00023718,19960909,MDPR,40,,,a,
ASN00023718,19960923,MDPR,52,,,a,
ASN00023718,19960930,MDPR,246,,,a,
ASN00023718,19961001,PRCP,20,,,a,
ASN00023718,19961002,PRCP,8,,,a,
ASN00023718,19961003,PRCP,8,,,a,
ASN00023718,19961004,PRCP,0,,,a,
ASN00023718,19961005,PRCP,0,,,a,
ASN00023718,19961006,PRCP,0,,,a,
ASN00023718,19961007,PRCP,0,,,a,
ASN00023718,19961008,PRCP,0,,,a,
ASN00023718,19961009,PRCP,0,,,a,
ASN00023718,19961010,PRCP,0,,,a,
ASN00023718,19961011,PRCP,0,,,a,
ASN00023718,19961012,PRCP,0,,,a,
ASN00023718,19961016,PRCP,32,,,a,
ASN00023718,19961017,PRCP,0,,,a,
ASN00023718,19961018,PRCP,0,,,a,
ASN00023718,19961022,PRCP,0,,,a,
ASN00023718,19961023,PRCP,0,,,a,
ASN00023718,19961024,PRCP,0,,,a,
ASN00023718,19961025,PRCP,54,,,a,
ASN00023718,19961026,PRCP,0,,,a,
ASN00023718,19961027,PRCP,0,,,a,
ASN00023718,19961028,PRCP,0,,,a,
ASN00023718,19961029,PRCP,0,,,a,
ASN00023718,19961030,PRCP,0,,,a,
ASN00023718,19961031,PRCP,0,,,a,
ASN00023718,19961015,DAPR,3,,,a,
ASN00023718,19961021,DAPR,3,,,a,
ASN00023718,19961015,DWPR,3,,,a,
ASN00023718,19961021,DWPR,3,,,a,
ASN00023718,19961015,MDPR,6,,,a,
ASN00023718,19961021,MDPR,32,,,a,
ASN00023718,19961101,PRCP,0,,,a,
ASN00023718,19961105,PRCP,0,,,a,
ASN00023718,19961106,PRCP,0,,,a,
ASN00023718,19961107,PRCP,0,,,a,
ASN00023718,19961108,PRCP,0,,,a,
ASN00023718,19961109,PRCP,0,,,a,
ASN00023718,19961110,PRCP,0,,,a,
ASN00023718,19961111,PRCP,0,,,a,
ASN00023718,19961112,PRCP,0,,,a,
ASN00023718,19961113,PRCP,0,,,a,
ASN00023718,19961114,PRCP,0,,,a,
ASN00023718,19961115,PRCP,0,,,a,
ASN00023718,19961119,PRCP,0,,,a,
ASN00023718,19961120,PRCP,30,,,a,
ASN00023718,19961121,PRCP,0,,,a,
ASN00023718,19961122,PRCP,4,,,a,
ASN00023718,19961123,PRCP,0,,,a,
ASN00023718,19961126,PRCP,0,,,a,
ASN00023718,19961127,PRCP,0,,,a,
ASN00023718,19961128,PRCP,0,,,a,
ASN00023718,19961129,PRCP,0,,,a,
ASN00023718,19961130,PRCP,0,,,a,
ASN00023718,19961104,DAPR,3,,,a,
ASN00023718,19961118,DAPR,3,,,a,
ASN00023718,19961125,DAPR,2,,,a,
ASN00023718,19961104,DWPR,3,,,a,
ASN00023718,19961118,DWPR,3,,,a,
ASN00023718,19961125,DWPR,2,,,a,
ASN00023718,19961104,MDPR,24,,,a,
ASN00023718,19961118,MDPR,14,,,a,
ASN00023718,19961125,MDPR,6,,,a,
ASN00023718,19961203,PRCP,0,,,a,
ASN00023718,19961204,PRCP,0,,,a,
ASN00023718,19961205,PRCP,0,,,a,
ASN00023718,19961206,PRCP,164,,,a,
ASN00023718,19961207,PRCP,0,,,a,
ASN00023718,19961210,PRCP,0,,,a,
ASN00023718,19961211,PRCP,0,,,a,
ASN00023718,19961212,PRCP,0,,,a,
ASN00023718,19961213,PRCP,0,,,a,
ASN00023718,19961214,PRCP,0,,,a,
ASN00023718,19961215,PRCP,0,,,a,
ASN00023718,19961216,PRCP,0,,,a,
ASN00023718,19961217,PRCP,2,,,a,
ASN00023718,19961220,PRCP,0,,,a,
ASN00023718,19961221,PRCP,0,,,a,
ASN00023718,19961222,PRCP,0,,,a,
ASN00023718,19961223,PRCP,0,,,a,
ASN00023718,19961224,PRCP,0,,,a,
ASN00023718,19961225,PRCP,0,,,a,
ASN00023718,19961226,PRCP,0,,,a,
ASN00023718,19961227,PRCP,0,,,a,
ASN00023718,19961228,PRCP,0,,,a,
ASN00023718,19961229,PRCP,0,,,a,
ASN00023718,19961230,PRCP,0,,,a,
ASN00023718,19961231,PRCP,0,,,a,
ASN00023718,19961202,DAPR,2,,,a,
ASN00023718,19961209,DAPR,2,,,a,
ASN00023718,19961219,DAPR,2,,,a,
ASN00023718,19961202,DWPR,2,,,a,
ASN00023718,19961209,DWPR,2,,,a,
ASN00023718,19961219,DWPR,2,,,a,
ASN00023718,19961202,MDPR,26,,,a,
ASN00023718,19961209,MDPR,32,,,a,
ASN00023718,19961219,MDPR,4,,,a,
ASN00023718,19970101,PRCP,0,,,a,
ASN00023718,19970102,PRCP,0,,,a,
ASN00023718,19970103,PRCP,0,,,a,
ASN00023718,19970104,PRCP,0,,,a,
ASN00023718,19970105,PRCP,0,,,a,
ASN00023718,19970106,PRCP,0,,,a,
ASN00023718,19970107,PRCP,0,,,a,
ASN00023718,19970108,PRCP,0,,,a,
ASN00023718,19970109,PRCP,0,,,a,
ASN00023718,19970110,PRCP,0,,,a,
ASN00023718,19970111,PRCP,0,,,a,
ASN00023718,19970112,PRCP,0,,,a,
ASN00023718,19970113,PRCP,0,,,a,
ASN00023718,19970114,PRCP,0,,,a,
ASN00023718,19970115,PRCP,122,,,a,
ASN00023718,19970116,PRCP,10,,,a,
ASN00023718,19970117,PRCP,0,,,a,
ASN00023718,19970118,PRCP,0,,,a,
ASN00023718,19970119,PRCP,0,,,a,
ASN00023718,19970120,PRCP,0,,,a,
ASN00023718,19970121,PRCP,0,,,a,
ASN00023718,19970122,PRCP,182,,,a,
ASN00023718,19970123,PRCP,6,,,a,
ASN00023718,19970124,PRCP,0,,,a,
ASN00023718,19970129,PRCP,0,,,a,
ASN00023718,19970130,PRCP,0,,,a,
ASN00023718,19970131,PRCP,0,,,a,
ASN00023718,19970128,DAPR,4,,,a,
ASN00023718,19970128,DWPR,4,,,a,
ASN00023718,19970128,MDPR,4,,,a,
ASN00023718,19970201,PRCP,0,,,a,
ASN00023718,19970202,PRCP,0,,,a,
ASN00023718,19970203,PRCP,0,,,a,
ASN00023718,19970204,PRCP,0,,,a,
ASN00023718,19970205,PRCP,0,,,a,
ASN00023718,19970206,PRCP,0,,,a,
ASN00023718,19970207,PRCP,100,,,a,
ASN00023718,19970211,PRCP,0,,,a,
ASN00023718,19970212,PRCP,0,,,a,
ASN00023718,19970213,PRCP,0,,,a,
ASN00023718,19970214,PRCP,0,,,a,
ASN00023718,19970215,PRCP,0,,,a,
ASN00023718,19970216,PRCP,0,,,a,
ASN00023718,19970217,PRCP,0,,,a,
ASN00023718,19970218,PRCP,0,,,a,
ASN00023718,19970219,PRCP,0,,,a,
ASN00023718,19970220,PRCP,0,,,a,
ASN00023718,19970221,PRCP,0,,,a,
ASN00023718,19970222,PRCP,0,,,a,
ASN00023718,19970223,PRCP,0,,,a,
ASN00023718,19970224,PRCP,72,,,a,
ASN00023718,19970225,PRCP,0,,,a,
ASN00023718,19970226,PRCP,0,,,a,
ASN00023718,19970227,PRCP,0,,,a,
ASN00023718,19970228,PRCP,0,,,a,
ASN00023718,19970210,DAPR,3,,,a,
ASN00023718,19970210,DWPR,3,,,a,
ASN00023718,19970210,MDPR,36,,,a,
ASN00023718,19970301,PRCP,0,,,a,
ASN00023718,19970302,PRCP,0,,,a,
ASN00023718,19970305,PRCP,0,,,a,
ASN00023718,19970306,PRCP,0,,,a,
ASN00023718,19970307,PRCP,0,,,a,
ASN00023718,19970308,PRCP,0,,,a,
ASN00023718,19970309,PRCP,0,,,a,
ASN00023718,19970310,PRCP,0,,,a,
ASN00023718,19970311,PRCP,0,,,a,
ASN00023718,19970312,PRCP,0,,,a,
ASN00023718,19970313,PRCP,0,,,a,
ASN00023718,19970314,PRCP,0,,,a,
ASN00023718,19970315,PRCP,0,,,a,
ASN00023718,19970316,PRCP,0,,,a,
ASN00023718,19970317,PRCP,0,,,a,
ASN00023718,19970318,PRCP,0,,,a,
ASN00023718,19970319,PRCP,0,,,a,
ASN00023718,19970320,PRCP,0,,,a,
ASN00023718,19970321,PRCP,2,,,a,
ASN00023718,19970322,PRCP,0,,,a,
ASN00023718,19970325,PRCP,0,,,a,
ASN00023718,19970326,PRCP,0,,,a,
ASN00023718,19970327,PRCP,0,,,a,
ASN00023718,19970328,PRCP,0,,,a,
ASN00023718,19970329,PRCP,0,,,a,
ASN00023718,19970330,PRCP,0,,,a,
ASN00023718,19970331,PRCP,0,,,a,
ASN00023718,19970304,DAPR,2,,,a,
ASN00023718,19970324,DAPR,2,,,a,
ASN00023718,19970304,DWPR,2,,,a,
ASN00023718,19970324,DWPR,2,,,a,
ASN00023718,19970304,MDPR,52,,,a,
ASN00023718,19970324,MDPR,28,,,a,
ASN00023718,19970403,PRCP,0,,,a,
ASN00023718,19970404,PRCP,8,,,a,
ASN00023718,19970405,PRCP,0,,,a,
ASN00023718,19970408,PRCP,0,,,a,
ASN00023718,19970409,PRCP,0,,,a,
ASN00023718,19970410,PRCP,0,,,a,
ASN00023718,19970411,PRCP,0,,,a,
ASN00023718,19970412,PRCP,0,,,a,
ASN00023718,19970413,PRCP,0,,,a,
ASN00023718,19970414,PRCP,0,,,a,
ASN00023718,19970415,PRCP,0,,,a,
ASN00023718,19970416,PRCP,0,,,a,
ASN00023718,19970417,PRCP,0,,,a,
ASN00023718,19970418,PRCP,0,,,a,
ASN00023718,19970419,PRCP,0,,,a,
ASN00023718,19970420,PRCP,0,,,a,
ASN00023718,19970421,PRCP,0,,,a,
ASN00023718,19970422,PRCP,0,,,a,
ASN00023718,19970423,PRCP,0,,,a,
ASN00023718,19970424,PRCP,0,,,a,
ASN00023718,19970425,PRCP,0,,,a,
ASN00023718,19970426,PRCP,0,,,a,
ASN00023718,19970427,PRCP,0,,,a,
ASN00023718,19970428,PRCP,0,,,a,
ASN00023718,19970429,PRCP,0,,,a,
ASN00023718,19970430,PRCP,0,,,a,
ASN00023718,19970402,DAPR,2,,,a,
ASN00023718,19970407,DAPR,2,,,a,
ASN00023718,19970402,DWPR,2,,,a,
ASN00023718,19970407,DWPR,2,,,a,
ASN00023718,19970402,MDPR,6,,,a,
ASN00023718,19970407,MDPR,6,,,a,
ASN00023718,19970501,PRCP,0,,,a,
ASN00023718,19970502,PRCP,0,,,a,
ASN00023718,19970503,PRCP,78,,,a,
ASN00023718,19970504,PRCP,2,,,a,
ASN00023718,19970505,PRCP,4,,,a,
ASN00023718,19970506,PRCP,0,,,a,
ASN00023718,19970507,PRCP,34,,,a,
ASN00023718,19970508,PRCP,12,,,a,
ASN00023718,19970509,PRCP,26,,,a,
ASN00023718,19970510,PRCP,0,,,a,
ASN00023718,19970511,PRCP,0,,,a,
ASN00023718,19970512,PRCP,0,,,a,
ASN00023718,19970513,PRCP,0,,,a,
ASN00023718,19970514,PRCP,0,,,a,
ASN00023718,19970515,PRCP,0,,,a,
ASN00023718,19970516,PRCP,0,,,a,
ASN00023718,19970517,PRCP,0,,,a,
ASN00023718,19970518,PRCP,0,,,a,
ASN00023718,19970519,PRCP,4,,,a,
ASN00023718,19970520,PRCP,0,,,a,
ASN00023718,19970521,PRCP,40,,,a,
ASN00023718,19970522,PRCP,10,,,a,
ASN00023718,19970523,PRCP,12,,,a,
ASN00023718,19970524,PRCP,0,,,a,
ASN00023718,19970525,PRCP,0,,,a,
ASN00023718,19970528,PRCP,24,,,a,
ASN00023718,19970529,PRCP,78,,,a,
ASN00023718,19970530,PRCP,36,,,a,
ASN00023718,19970531,PRCP,0,,,a,
ASN00023718,19970527,DAPR,2,,,a,
ASN00023718,19970527,DWPR,2,,,a,
ASN00023718,19970527,MDPR,62,,,a,
ASN00023718,19970601,PRCP,0,,,a,
ASN00023718,19970602,PRCP,0,,,a,
ASN00023718,19970603,PRCP,0,,,a,
ASN00023718,19970604,PRCP,24,,,a,
ASN00023718,19970605,PRCP,0,,,a,
ASN00023718,19970606,PRCP,52,,,a,
ASN00023718,19970607,PRCP,0,,,a,
ASN00023718,19970612,PRCP,4,,,a,
ASN00023718,19970613,PRCP,106,,,a,
ASN00023718,19970617,PRCP,16,,,a,
ASN00023718,19970618,PRCP,4,,,a,
ASN00023718,19970619,PRCP,0,,,a,
ASN00023718,19970620,PRCP,0,,,a,
ASN00023718,19970621,PRCP,0,,,a,
ASN00023718,19970622,PRCP,0,,,a,
ASN00023718,19970623,PRCP,0,,,a,
ASN00023718,19970624,PRCP,34,,,a,
ASN00023718,19970625,PRCP,6,,,a,
ASN00023718,19970626,PRCP,0,,,a,
ASN00023718,19970627,PRCP,0,,,a,
ASN00023718,19970611,DAPR,4,,,a,
ASN00023718,19970616,DAPR,3,,,a,
ASN00023718,19970630,DAPR,3,,,a,
ASN00023718,19970611,DWPR,4,,,a,
ASN00023718,19970616,DWPR,3,,,a,
ASN00023718,19970630,DWPR,3,,,a,
ASN00023718,19970611,MDPR,26,,,a,
ASN00023718,19970616,MDPR,40,,,a,
ASN00023718,19970630,MDPR,8,,,a,
ASN00023718,19970701,PRCP,0,,,a,
ASN00023718,19970702,PRCP,0,,,a,
ASN00023718,19970703,PRCP,0,,,a,
ASN00023718,19970704,PRCP,0,,,a,
ASN00023718,19970705,PRCP,0,,,a,
ASN00023718,19970706,PRCP,0,,,a,
ASN00023718,19970707,PRCP,0,,,a,
ASN00023718,19970708,PRCP,18,,,a,
ASN00023718,19970709,PRCP,24,,,a,
ASN00023718,19970710,PRCP,40,,,a,
ASN00023718,19970711,PRCP,0,,,a,
ASN00023718,19970712,PRCP,0,,,a,
ASN00023718,19970713,PRCP,0,,,a,
ASN00023718,19970714,PRCP,0,,,a,
ASN00023718,19970715,PRCP,34,,,a,
ASN00023718,19970716,PRCP,38,,,a,
ASN00023718,19970717,PRCP,40,,,a,
ASN00023718,19970718,PRCP,0,,,a,
ASN00023718,19970719,PRCP,0,,,a,
ASN00023718,19970720,PRCP,0,,,a,
ASN00023718,19970723,PRCP,0,,,a,
ASN00023718,19970724,PRCP,0,,,a,
ASN00023718,19970725,PRCP,0,,,a,
ASN00023718,19970726,PRCP,0,,,a,
ASN00023718,19970729,PRCP,0,,,a,
ASN00023718,19970730,PRCP,0,,,a,
ASN00023718,19970731,PRCP,6,,,a,
ASN00023718,19970722,DAPR,2,,,a,
ASN00023718,19970728,DAPR,2,,,a,
ASN00023718,19970722,DWPR,2,,,a,
ASN00023718,19970728,DWPR,2,,,a,
ASN00023718,19970722,MDPR,20,,,a,
ASN00023718,19970728,MDPR,14,,,a,
ASN00023718,19970801,PRCP,0,,,a,
ASN00023718,19970802,PRCP,0,,,a,
ASN00023718,19970803,PRCP,0,,,a,
ASN00023718,19970804,PRCP,0,,,a,
ASN00023718,19970805,PRCP,0,,,a,
ASN00023718,19970806,PRCP,10,,,a,
ASN00023718,19970807,PRCP,160,,,a,
ASN00023718,19970808,PRCP,34,,,a,
ASN00023718,19970809,PRCP,0,,,a,
ASN00023718,19970812,PRCP,70,,,a,
ASN00023718,19970813,PRCP,10,,,a,
ASN00023718,19970814,PRCP,6,,,a,
ASN00023718,19970815,PRCP,2,,,a,
ASN00023718,19970820,PRCP,0,,,a,
ASN00023718,19970821,PRCP,0,,,a,
ASN00023718,19970822,PRCP,0,,,a,
ASN00023718,19970823,PRCP,0,,,a,
ASN00023718,19970826,PRCP,10,,,a,
ASN00023718,19970827,PRCP,12,,,a,
ASN00023718,19970828,PRCP,8,,,a,
ASN00023718,19970829,PRCP,0,,,a,
ASN00023718,19970811,DAPR,2,,,a,
ASN00023718,19970819,DAPR,4,,,a,
ASN00023718,19970825,DAPR,2,,,a,
ASN00023718,19970831,DAPR,2,,,a,
ASN00023718,19970811,DWPR,2,,,a,
ASN00023718,19970819,DWPR,4,,,a,
ASN00023718,19970825,DWPR,2,,,a,
ASN00023718,19970831,DWPR,2,,,a,
ASN00023718,19970811,MDPR,38,,,a,
ASN00023718,19970819,MDPR,38,,,a,
ASN00023718,19970825,MDPR,86,,,a,
ASN00023718,19970831,MDPR,120,,,a,
ASN00023718,19970903,PRCP,0,,,a,
ASN00023718,19970904,PRCP,18,,,a,
ASN00023718,19970905,PRCP,12,,,a,
ASN00023718,19970909,PRCP,0,,,a,
ASN00023718,19970910,PRCP,0,,,a,
ASN00023718,19970911,PRCP,0,,,a,
ASN00023718,19970912,PRCP,0,,,a,
ASN00023718,19970917,PRCP,0,,,a,
ASN00023718,19970918,PRCP,0,,,a,
ASN00023718,19970919,PRCP,126,,,a,
ASN00023718,19970920,PRCP,0,,,a,
ASN00023718,19970921,PRCP,0,,,a,
ASN00023718,19970922,PRCP,0,,,a,
ASN00023718,19970923,PRCP,0,,,a,
ASN00023718,19970924,PRCP,0,,,a,
ASN00023718,19970925,PRCP,0,,,a,
ASN00023718,19970926,PRCP,30,,,a,
ASN00023718,19970902,DAPR,2,,,a,
ASN00023718,19970908,DAPR,3,,,a,
ASN00023718,19970916,DAPR,4,,,a,
ASN00023718,19970930,DAPR,4,,,a,
ASN00023718,19970902,DWPR,2,,,a,
ASN00023718,19970908,DWPR,3,,,a,
ASN00023718,19970916,DWPR,4,,,a,
ASN00023718,19970930,DWPR,4,,,a,
ASN00023718,19970902,MDPR,132,,,a,
ASN00023718,19970908,MDPR,62,,,a,
ASN00023718,19970916,MDPR,186,,,a,
ASN00023718,19970930,MDPR,124,,,a,
ASN00023718,19971001,PRCP,0,,,a,
ASN00023718,19971002,PRCP,0,,,a,
ASN00023718,19971003,PRCP,32,,,a,
ASN00023718,19971004,PRCP,0,,,a,
ASN00023718,19971005,PRCP,0,,,a,
ASN00023718,19971006,PRCP,0,,,a,
ASN00023718,19971007,PRCP,0,,,a,
ASN00023718,19971008,PRCP,0,,,a,
ASN00023718,19971009,PRCP,0,,,a,
ASN00023718,19971010,PRCP,0,,,a,
ASN00023718,19971011,PRCP,0,,,a,
ASN00023718,19971015,PRCP,0,,,a,
ASN00023718,19971016,PRCP,0,,,a,
ASN00023718,19971017,PRCP,2,,,a,
ASN00023718,19971021,PRCP,0,,,a,
ASN00023718,19971022,PRCP,0,,,a,
ASN00023718,19971023,PRCP,0,,,a,
ASN00023718,19971024,PRCP,0,,,a,
ASN00023718,19971025,PRCP,0,,,a,
ASN00023718,19971029,PRCP,14,,,a,
ASN00023718,19971030,PRCP,0,,,a,
ASN00023718,19971031,PRCP,480,,,a,
ASN00023718,19971014,DAPR,3,,,a,
ASN00023718,19971020,DAPR,3,,,a,
ASN00023718,19971028,DAPR,3,,,a,
ASN00023718,19971014,DWPR,3,,,a,
ASN00023718,19971020,DWPR,3,,,a,
ASN00023718,19971028,DWPR,3,,,a,
ASN00023718,19971014,MDPR,18,,,a,
ASN00023718,19971020,MDPR,6,,,a,
ASN00023718,19971028,MDPR,6,,,a,
ASN00023718,19971104,PRCP,0,,,a,
ASN00023718,19971105,PRCP,0,,,a,
ASN00023718,19971106,PRCP,0,,,a,
ASN00023718,19971107,PRCP,0,,,a,
ASN00023718,19971108,PRCP,0,,,a,
ASN00023718,19971112,PRCP,0,,,a,
ASN00023718,19971113,PRCP,0,,,a,
ASN00023718,19971114,PRCP,98,,,a,
ASN00023718,19971118,PRCP,0,,,a,
ASN00023718,19971119,PRCP,0,,,a,
ASN00023718,19971120,PRCP,0,,,a,
ASN00023718,19971121,PRCP,0,,,a,
ASN00023718,19971122,PRCP,0,,,a,
ASN00023718,19971123,PRCP,0,,,a,
ASN00023718,19971124,PRCP,0,,,a,
ASN00023718,19971125,PRCP,0,,,a,
ASN00023718,19971126,PRCP,0,,,a,
ASN00023718,19971127,PRCP,14,,,a,
ASN00023718,19971128,PRCP,0,,,a,
ASN00023718,19971129,PRCP,0,,,a,
ASN00023718,19971130,PRCP,0,,,a,
ASN00023718,19971103,DAPR,3,,,a,
ASN00023718,19971111,DAPR,3,,,a,
ASN00023718,19971117,DAPR,3,,,a,
ASN00023718,19971103,DWPR,3,,,a,
ASN00023718,19971111,DWPR,3,,,a,
ASN00023718,19971117,DWPR,3,,,a,
ASN00023718,19971103,MDPR,560,,,a,
ASN00023718,19971111,MDPR,12,,,a,
ASN00023718,19971117,MDPR,46,,,a,
ASN00023718,19971201,PRCP,0,,,a,
ASN00023718,19971202,PRCP,0,,,a,
ASN00023718,19971203,PRCP,0,,,a,
ASN00023718,19971204,PRCP,0,,,a,
ASN00023718,19971205,PRCP,12,,,a,
ASN00023718,19971206,PRCP,0,,,a,
ASN00023718,19971210,PRCP,0,,,a,
ASN00023718,19971211,PRCP,0,,,a,
ASN00023718,19971212,PRCP,0,,,a,
ASN00023718,19971213,PRCP,0,,,a,
ASN00023718,19971214,PRCP,0,,,a,
ASN00023718,19971215,PRCP,0,,,a,
ASN00023718,19971216,PRCP,2,,,a,
ASN00023718,19971217,PRCP,0,,,a,
ASN00023718,19971218,PRCP,14,,,a,
ASN00023718,19971219,PRCP,16,,,a,
ASN00023718,19971220,PRCP,0,,,a,
ASN00023718,19971221,PRCP,0,,,a,
ASN00023718,19971222,PRCP,0,,,a,
ASN00023718,19971223,PRCP,0,,,a,
ASN00023718,19971224,PRCP,0,,,a,
ASN00023718,19971225,PRCP,0,,,a,
ASN00023718,19971226,PRCP,0,,,a,
ASN00023718,19971227,PRCP,0,,,a,
ASN00023718,19971228,PRCP,0,,,a,
ASN00023718,19971229,PRCP,0,,,a,
ASN00023718,19971230,PRCP,0,,,a,
ASN00023718,19971231,PRCP,0,,,a,
ASN00023718,19971209,DAPR,3,,,a,
ASN00023718,19971209,DWPR,3,,,a,
ASN00023718,19971209,MDPR,146,,,a,
ASN00023718,19980101,PRCP,0,,,a,
ASN00023718,19980102,PRCP,0,,,a,
ASN00023718,19980103,PRCP,0,,,a,
ASN00023718,19980104,PRCP,0,,,a,
ASN00023718,19980105,PRCP,0,,,a,
ASN00023718,19980106,PRCP,0,,,a,
ASN00023718,19980107,PRCP,12,,,a,
ASN00023718,19980108,PRCP,0,,,a,
ASN00023718,19980109,PRCP,0,,,a,
ASN00023718,19980110,PRCP,0,,,a,
ASN00023718,19980111,PRCP,0,,,a,
ASN00023718,19980112,PRCP,0,,,a,
ASN00023718,19980113,PRCP,0,,,a,
ASN00023718,19980114,PRCP,0,,,a,
ASN00023718,19980115,PRCP,0,,,a,
ASN00023718,19980116,PRCP,0,,,a,
ASN00023718,19980117,PRCP,0,,,a,
ASN00023718,19980118,PRCP,0,,,a,
ASN00023718,19980119,PRCP,0,,,a,
ASN00023718,19980120,PRCP,0,,,a,
ASN00023718,19980121,PRCP,0,,,a,
ASN00023718,19980122,PRCP,0,,,a,
ASN00023718,19980123,PRCP,0,,,a,
ASN00023718,19980124,PRCP,0,,,a,
ASN00023718,19980125,PRCP,54,,,a,
ASN00023718,19980126,PRCP,0,,,a,
ASN00023718,19980127,PRCP,0,,,a,
ASN00023718,19980128,PRCP,0,,,a,
ASN00023718,19980129,PRCP,0,,,a,
ASN00023718,19980130,PRCP,0,,,a,
ASN00023718,19980131,PRCP,0,,,a,
ASN00023718,19980201,PRCP,0,,,a,
ASN00023718,19980202,PRCP,0,,,a,
ASN00023718,19980203,PRCP,0,,,a,
ASN00023718,19980204,PRCP,2,,,a,
ASN00023718,19980205,PRCP,0,,,a,
ASN00023718,19980206,PRCP,0,,,a,
ASN00023718,19980209,PRCP,0,,,a,
ASN00023718,19980210,PRCP,0,,,a,
ASN00023718,19980211,PRCP,0,,,a,
ASN00023718,19980212,PRCP,0,,,a,
ASN00023718,19980213,PRCP,0,,,a,
ASN00023718,19980214,PRCP,0,,,a,
ASN00023718,19980215,PRCP,0,,,a,
ASN00023718,19980216,PRCP,58,,,a,
ASN00023718,19980217,PRCP,0,,,a,
ASN00023718,19980218,PRCP,0,,,a,
ASN00023718,19980219,PRCP,0,,,a,
ASN00023718,19980220,PRCP,0,,,a,
ASN00023718,19980221,PRCP,0,,,a,
ASN00023718,19980222,PRCP,0,,,a,
ASN00023718,19980223,PRCP,0,,,a,
ASN00023718,19980224,PRCP,0,,,a,
ASN00023718,19980225,PRCP,0,,,a,
ASN00023718,19980226,PRCP,0,,,a,
ASN00023718,19980227,PRCP,0,,,a,
ASN00023718,19980228,PRCP,0,,,a,
ASN00023718,19980208,DAPR,2,,,a,
ASN00023718,19980208,DWPR,2,,,a,
ASN00023718,19980208,MDPR,36,,,a,
ASN00023718,19980301,PRCP,0,,,a,
ASN00023718,19980302,PRCP,0,,,a,
ASN00023718,19980303,PRCP,0,,,a,
ASN00023718,19980304,PRCP,0,,,a,
ASN00023718,19980305,PRCP,0,,,a,
ASN00023718,19980306,PRCP,0,,,a,
ASN00023718,19980307,PRCP,0,,,a,
ASN00023718,19980308,PRCP,0,,,a,
ASN00023718,19980309,PRCP,0,,,a,
ASN00023718,19980310,PRCP,0,,,a,
ASN00023718,19980311,PRCP,0,,,a,
ASN00023718,19980312,PRCP,0,,,a,
ASN00023718,19980313,PRCP,0,,,a,
ASN00023718,19980314,PRCP,30,,,a,
ASN00023718,19980315,PRCP,0,,,a,
ASN00023718,19980316,PRCP,0,,,a,
ASN00023718,19980317,PRCP,0,,,a,
ASN00023718,19980318,PRCP,0,,,a,
ASN00023718,19980319,PRCP,0,,,a,
ASN00023718,19980320,PRCP,0,,,a,
ASN00023718,19980321,PRCP,0,,,a,
ASN00023718,19980322,PRCP,0,,,a,
ASN00023718,19980323,PRCP,14,,,a,
ASN00023718,19980324,PRCP,8,,,a,
ASN00023718,19980325,PRCP,0,,,a,
ASN00023718,19980326,PRCP,0,,,a,
ASN00023718,19980327,PRCP,0,,,a,
ASN00023718,19980328,PRCP,0,,,a,
ASN00023718,19980329,PRCP,22,,,a,
ASN00023718,19980330,PRCP,0,,,a,
ASN00023718,19980331,PRCP,0,,,a,
ASN00023718,19980401,PRCP,4,,,a,
ASN00023718,19980402,PRCP,0,,,a,
ASN00023718,19980403,PRCP,0,,,a,
ASN00023718,19980404,PRCP,0,,,a,
ASN00023718,19980405,PRCP,0,,,a,
ASN00023718,19980406,PRCP,0,,,a,
ASN00023718,19980407,PRCP,0,,,a,
ASN00023718,19980408,PRCP,0,,,a,
ASN00023718,19980409,PRCP,0,,,a,
ASN00023718,19980410,PRCP,0,,,a,
ASN00023718,19980411,PRCP,0,,,a,
ASN00023718,19980414,PRCP,0,,,a,
ASN00023718,19980415,PRCP,0,,,a,
ASN00023718,19980416,PRCP,0,,,a,
ASN00023718,19980417,PRCP,0,,,a,
ASN00023718,19980418,PRCP,0,,,a,
ASN00023718,19980419,PRCP,0,,,a,
ASN00023718,19980420,PRCP,280,,,a,
ASN00023718,19980421,PRCP,22,,,a,
ASN00023718,19980422,PRCP,14,,,a,
ASN00023718,19980423,PRCP,0,,,a,
ASN00023718,19980424,PRCP,0,,,a,
ASN00023718,19980425,PRCP,0,,,a,
ASN00023718,19980429,PRCP,16,,,a,
ASN00023718,19980430,PRCP,6,,,a,
ASN00023718,19980413,DAPR,2,,,a,
ASN00023718,19980428,DAPR,3,,,a,
ASN00023718,19980413,DWPR,2,,,a,
ASN00023718,19980428,DWPR,3,,,a,
ASN00023718,19980413,MDPR,260,,,a,
ASN00023718,19980428,MDPR,132,,,a,
ASN00023718,19980501,PRCP,48,,,a,
ASN00023718,19980502,PRCP,0,,,a,
ASN00023718,19980503,PRCP,0,,,a,
ASN00023718,19980504,PRCP,0,,,a,
ASN00023718,19980505,PRCP,0,,,a,
ASN00023718,19980506,PRCP,0,,,a,
ASN00023718,19980507,PRCP,4,,,a,
ASN00023718,19980513,PRCP,36,,,a,
ASN00023718,19980514,PRCP,12,,,a,
ASN00023718,19980515,PRCP,0,,,a,
ASN00023718,19980516,PRCP,0,,,a,
ASN00023718,19980517,PRCP,0,,,a,
ASN00023718,19980518,PRCP,4,,,a,
ASN00023718,19980519,PRCP,0,,,a,
ASN00023718,19980520,PRCP,64,,,a,
ASN00023718,19980521,PRCP,2,,,a,
ASN00023718,19980522,PRCP,10,,,a,
ASN00023718,19980526,PRCP,0,,,a,
ASN00023718,19980527,PRCP,0,,,a,
ASN00023718,19980528,PRCP,0,,,a,
ASN00023718,19980529,PRCP,0,,,a,
ASN00023718,19980530,PRCP,0,,,a,
ASN00023718,19980531,PRCP,0,,,a,
ASN00023718,19980512,DAPR,5,,,a,
ASN00023718,19980525,DAPR,3,,,a,
ASN00023718,19980512,DWPR,3,,,a,
ASN00023718,19980525,DWPR,2,,,a,
ASN00023718,19980512,MDPR,36,,,a,
ASN00023718,19980525,MDPR,56,,,a,
ASN00023718,19980601,PRCP,0,,,a,
ASN00023718,19980602,PRCP,0,,,a,
ASN00023718,19980603,PRCP,0,,,a,
ASN00023718,19980604,PRCP,0,,,a,
ASN00023718,19980605,PRCP,8,,,a,
ASN00023718,19980609,PRCP,0,,,a,
ASN00023718,19980610,PRCP,0,,,a,
ASN00023718,19980611,PRCP,0,,,a,
ASN00023718,19980612,PRCP,220,,,a,
ASN00023718,19980613,PRCP,0,,,a,
ASN00023718,19980614,PRCP,0,,,a,
ASN00023718,19980615,PRCP,8,,,a,
ASN00023718,19980616,PRCP,0,,,a,
ASN00023718,19980617,PRCP,0,,,a,
ASN00023718,19980618,PRCP,0,,,a,
ASN00023718,19980619,PRCP,0,,,a,
ASN00023718,19980623,PRCP,64,,,a,
ASN00023718,19980624,PRCP,46,,,a,
ASN00023718,19980625,PRCP,30,,,a,
ASN00023718,19980626,PRCP,0,,,a,
ASN00023718,19980630,PRCP,44,,,a,
ASN00023718,19980608,DAPR,3,,,a,
ASN00023718,19980622,DAPR,3,,,a,
ASN00023718,19980629,DAPR,3,,,a,
ASN00023718,19980608,DWPR,3,,,a,
ASN00023718,19980622,DWPR,3,,,a,
ASN00023718,19980629,DWPR,3,,,a,
ASN00023718,19980608,MDPR,138,,,a,
ASN00023718,19980622,MDPR,290,,,a,
ASN00023718,19980629,MDPR,30,,,a,
ASN00023718,19980701,PRCP,20,,,a,
ASN00023718,19980702,PRCP,0,,,a,
ASN00023718,19980703,PRCP,6,,,a,
ASN00023718,19980704,PRCP,0,,,a,
ASN00023718,19980705,PRCP,0,,,a,
ASN00023718,19980709,PRCP,72,,,a,
ASN00023718,19980710,PRCP,14,,,a,
ASN00023718,19980711,PRCP,0,,,a,
ASN00023718,19980712,PRCP,0,,,a,
ASN00023718,19980713,PRCP,0,,,a,
ASN00023718,19980714,PRCP,0,,,a,
ASN00023718,19980715,PRCP,0,,,a,
ASN00023718,19980716,PRCP,0,,,a,
ASN00023718,19980717,PRCP,0,,,a,
ASN00023718,19980718,PRCP,0,,,a,
ASN00023718,19980719,PRCP,0,,,a,
ASN00023718,19980720,PRCP,0,,,a,
ASN00023718,19980728,PRCP,154,,,a,
ASN00023718,19980729,PRCP,80,,,a,
ASN00023718,19980730,PRCP,52,,,a,
ASN00023718,19980731,PRCP,44,,,a,
ASN00023718,19980708,DAPR,3,,,a,
ASN00023718,19980727,DAPR,7,,,a,
ASN00023718,19980708,DWPR,2,,,a,
ASN00023718,19980727,DWPR,4,,,a,
ASN00023718,19980708,MDPR,168,,,a,
ASN00023718,19980727,MDPR,118,,,a,
ASN00023718,19980801,PRCP,0,,,a,
ASN00023718,19980802,PRCP,0,,,a,
ASN00023718,19980805,PRCP,2,,,a,
ASN00023718,19980806,PRCP,0,,,a,
ASN00023718,19980807,PRCP,16,,,a,
ASN00023718,19980808,PRCP,0,,,a,
ASN00023718,19980809,PRCP,0,,,a,
ASN00023718,19980810,PRCP,0,,,a,
ASN00023718,19980811,PRCP,0,,,a,
ASN00023718,19980812,PRCP,0,,,a,
ASN00023718,19980813,PRCP,4,,,a,
ASN00023718,19980814,PRCP,6,,,a,
ASN00023718,19980815,PRCP,0,,,a,
ASN00023718,19980816,PRCP,0,,,a,
ASN00023718,19980817,PRCP,0,,,a,
ASN00023718,19980818,PRCP,0,,,a,
ASN00023718,19980819,PRCP,0,,,a,
ASN00023718,19980820,PRCP,8,,,a,
ASN00023718,19980821,PRCP,126,,,a,
ASN00023718,19980825,PRCP,22,,,a,
ASN00023718,19980826,PRCP,110,,,a,
ASN00023718,19980827,PRCP,0,,,a,
ASN00023718,19980828,PRCP,0,,,a,
ASN00023718,19980829,PRCP,0,,,a,
ASN00023718,19980830,PRCP,0,,,a,
ASN00023718,19980831,PRCP,0,,,a,
ASN00023718,19980804,DAPR,2,,,a,
ASN00023718,19980824,DAPR,3,,,a,
ASN00023718,19980804,DWPR,2,,,a,
ASN00023718,19980824,DWPR,3,,,a,
ASN00023718,19980804,MDPR,8,,,a,
ASN00023718,19980824,MDPR,72,,,a,
ASN00023718,19980901,PRCP,0,,,a,
ASN00023718,19980902,PRCP,0,,,a,
ASN00023718,19980903,PRCP,22,,,a,
ASN00023718,19980904,PRCP,0,,,a,
ASN00023718,19980905,PRCP,68,,,a,
ASN00023718,19980906,PRCP,0,,,a,
ASN00023718,19980907,PRCP,0,,,a,
ASN00023718,19980908,PRCP,0,,,a,
ASN00023718,19980909,PRCP,0,,,a,
ASN00023718,19980910,PRCP,0,,,a,
ASN00023718,19980911,PRCP,0,,,a,
ASN00023718,19980912,PRCP,0,,,a,
ASN00023718,19980913,PRCP,0,,,a,
ASN00023718,19980914,PRCP,0,,,a,
ASN00023718,19980915,PRCP,34,,,a,
ASN00023718,19980916,PRCP,20,,,a,
ASN00023718,19980917,PRCP,0,,,a,
ASN00023718,19980918,PRCP,0,,,a,
ASN00023718,19980919,PRCP,0,,,a,
ASN00023718,19980920,PRCP,0,,,a,
ASN00023718,19980921,PRCP,0,,,a,
ASN00023718,19980922,PRCP,0,,,a,
ASN00023718,19980923,PRCP,194,,,a,
ASN00023718,19980924,PRCP,64,,,a,
ASN00023718,19980925,PRCP,0,,,a,
ASN00023718,19980926,PRCP,0,,,a,
ASN00023718,19980927,PRCP,0,,,a,
ASN00023718,19980928,PRCP,14,,,a,
ASN00023718,19980929,PRCP,0,,,a,
ASN00023718,19980930,PRCP,0,,,a,
ASN00023718,19981001,PRCP,0,,,a,
ASN00023718,19981002,PRCP,0,,,a,
ASN00023718,19981003,PRCP,0,,,a,
ASN00023718,19981004,PRCP,0,,,a,
ASN00023718,19981005,PRCP,0,,,a,
ASN00023718,19981006,PRCP,188,,,a,
ASN00023718,19981007,PRCP,74,,,a,
ASN00023718,19981008,PRCP,0,,,a,
ASN00023718,19981009,PRCP,24,,,a,
ASN00023718,19981010,PRCP,0,,,a,
ASN00023718,19981011,PRCP,0,,,a,
ASN00023718,19981012,PRCP,0,,,a,
ASN00023718,19981013,PRCP,52,,,a,
ASN00023718,19981014,PRCP,0,,,a,
ASN00023718,19981015,PRCP,0,,,a,
ASN00023718,19981016,PRCP,0,,,a,
ASN00023718,19981017,PRCP,0,,,a,
ASN00023718,19981018,PRCP,0,,,a,
ASN00023718,19981021,PRCP,0,,,a,
ASN00023718,19981022,PRCP,0,,,a,
ASN00023718,19981023,PRCP,0,,,a,
ASN00023718,19981024,PRCP,0,,,a,
ASN00023718,19981025,PRCP,0,,,a,
ASN00023718,19981026,PRCP,4,,,a,
ASN00023718,19981027,PRCP,64,,,a,
ASN00023718,19981028,PRCP,0,,,a,
ASN00023718,19981029,PRCP,0,,,a,
ASN00023718,19981030,PRCP,0,,,a,
ASN00023718,19981031,PRCP,0,,,a,
ASN00023718,19981020,DAPR,2,,,a,
ASN00023718,19981020,DWPR,2,,,a,
ASN00023718,19981020,MDPR,50,,,a,
ASN00023718,19981101,PRCP,0,,,a,
ASN00023718,19981102,PRCP,0,,,a,
ASN00023718,19981103,PRCP,0,,,a,
ASN00023718,19981104,PRCP,0,,,a,
ASN00023718,19981105,PRCP,0,,,a,
ASN00023718,19981106,PRCP,0,,,a,
ASN00023718,19981112,PRCP,60,,,a,
ASN00023718,19981113,PRCP,0,,,a,
ASN00023718,19981114,PRCP,0,,,a,
ASN00023718,19981117,PRCP,0,,,a,
ASN00023718,19981118,PRCP,0,,,a,
ASN00023718,19981119,PRCP,0,,,a,
ASN00023718,19981120,PRCP,0,,,a,
ASN00023718,19981121,PRCP,0,,,a,
ASN00023718,19981122,PRCP,0,,,a,
ASN00023718,19981123,PRCP,0,,,a,
ASN00023718,19981124,PRCP,0,,,a,
ASN00023718,19981125,PRCP,0,,,a,
ASN00023718,19981126,PRCP,0,,,a,
ASN00023718,19981127,PRCP,48,,,a,
ASN00023718,19981128,PRCP,4,,,a,
ASN00023718,19981129,PRCP,0,,,a,
ASN00023718,19981130,PRCP,0,,,a,
ASN00023718,19981111,DAPR,5,,,a,
ASN00023718,19981116,DAPR,2,,,a,
ASN00023718,19981111,DWPR,2,,,a,
ASN00023718,19981116,DWPR,2,,,a,
ASN00023718,19981111,MDPR,174,,,a,
ASN00023718,19981116,MDPR,14,,,a,
ASN00023718,19981201,PRCP,0,,,a,
ASN00023718,19981202,PRCP,0,,,a,
ASN00023718,19981203,PRCP,0,,,a,
ASN00023718,19981204,PRCP,10,,,a,
ASN00023718,19981205,PRCP,0,,,a,
ASN00023718,19981206,PRCP,0,,,a,
ASN00023718,19981207,PRCP,0,,,a,
ASN00023718,19981208,PRCP,0,,,a,
ASN00023718,19981209,PRCP,0,,,a,
ASN00023718,19981210,PRCP,0,,,a,
ASN00023718,19981211,PRCP,0,,,a,
ASN00023718,19981212,PRCP,0,,,a,
ASN00023718,19981215,PRCP,0,,,a,
ASN00023718,19981216,PRCP,0,,,a,
ASN00023718,19981217,PRCP,0,,,a,
ASN00023718,19981218,PRCP,0,,,a,
ASN00023718,19981219,PRCP,0,,,a,
ASN00023718,19981223,PRCP,0,,,a,
ASN00023718,19981224,PRCP,0,,,a,
ASN00023718,19981225,PRCP,0,,,a,
ASN00023718,19981228,PRCP,0,,,a,
ASN00023718,19981229,PRCP,0,,,a,
ASN00023718,19981230,PRCP,0,,,a,
ASN00023718,19981231,PRCP,0,,,a,
ASN00023718,19981214,DAPR,2,,,a,
ASN00023718,19981222,DAPR,3,,,a,
ASN00023718,19981227,DAPR,2,,,a,
ASN00023718,19981214,DWPR,2,,,a,
ASN00023718,19981222,DWPR,3,,,a,
ASN00023718,19981227,DWPR,2,,,a,
ASN00023718,19981214,MDPR,6,,,a,
ASN00023718,19981222,MDPR,110,,,a,
ASN00023718,19981227,MDPR,12,,,a,
ASN00023718,19990101,PRCP,0,,,a,
ASN00023718,19990102,PRCP,0,,,a,
ASN00023718,19990103,PRCP,0,,,a,
ASN00023718,19990104,PRCP,0,,,a,
ASN00023718,19990105,PRCP,0,,,a,
ASN00023718,19990106,PRCP,0,,,a,
ASN00023718,19990107,PRCP,0,,,a,
ASN00023718,19990108,PRCP,104,,,a,
ASN00023718,19990109,PRCP,0,,,a,
ASN00023718,19990110,PRCP,0,,,a,
ASN00023718,19990111,PRCP,6,,,a,
ASN00023718,19990112,PRCP,0,,,a,
ASN00023718,19990113,PRCP,0,,,a,
ASN00023718,19990114,PRCP,0,,,a,
ASN00023718,19990115,PRCP,0,,,a,
ASN00023718,19990116,PRCP,0,,,a,
ASN00023718,19990117,PRCP,0,,,a,
ASN00023718,19990118,PRCP,0,,,a,
ASN00023718,19990119,PRCP,0,,,a,
ASN00023718,19990120,PRCP,0,,,a,
ASN00023718,19990121,PRCP,0,,,a,
ASN00023718,19990122,PRCP,0,,,a,
ASN00023718,19990123,PRCP,0,,,a,
ASN00023718,19990124,PRCP,0,,,a,
ASN00023718,19990125,PRCP,0,,,a,
ASN00023718,19990126,PRCP,0,,,a,
ASN00023718,19990127,PRCP,0,,,a,
ASN00023718,19990128,PRCP,0,,,a,
ASN00023718,19990129,PRCP,0,,,a,
ASN00023718,19990130,PRCP,0,,,a,
ASN00023718,19990131,PRCP,0,,,a,
ASN00023718,19990201,PRCP,0,,,a,
ASN00023718,19990202,PRCP,0,,,a,
ASN00023718,19990203,PRCP,2,,,a,
ASN00023718,19990204,PRCP,0,,,a,
ASN00023718,19990205,PRCP,0,,,a,
ASN00023718,19990208,PRCP,0,,,a,
ASN00023718,19990209,PRCP,0,,,a,
ASN00023718,19990210,PRCP,0,,,a,
ASN00023718,19990211,PRCP,0,,,a,
ASN00023718,19990212,PRCP,0,,,a,
ASN00023718,19990213,PRCP,0,,,a,
ASN00023718,19990214,PRCP,0,,,a,
ASN00023718,19990215,PRCP,0,,,a,
ASN00023718,19990216,PRCP,0,,,a,
ASN00023718,19990217,PRCP,0,,,a,
ASN00023718,19990218,PRCP,10,,,a,
ASN00023718,19990219,PRCP,0,,,a,
ASN00023718,19990220,PRCP,0,,,a,
ASN00023718,19990221,PRCP,0,,,a,
ASN00023718,19990222,PRCP,0,,,a,
ASN00023718,19990223,PRCP,0,,,a,
ASN00023718,19990224,PRCP,0,,,a,
ASN00023718,19990225,PRCP,0,,,a,
ASN00023718,19990226,PRCP,0,,,a,
ASN00023718,19990227,PRCP,0,,,a,
ASN00023718,19990228,PRCP,0,,,a,
ASN00023718,19990207,DAPR,2,,,a,
ASN00023718,19990207,DWPR,2,,,a,
ASN00023718,19990207,MDPR,40,,,a,
ASN00023718,19990301,PRCP,0,,,a,
ASN00023718,19990302,PRCP,0,,,a,
ASN00023718,19990303,PRCP,0,,,a,
ASN00023718,19990304,PRCP,0,,,a,
ASN00023718,19990305,PRCP,0,,,a,
ASN00023718,19990306,PRCP,0,,,a,
ASN00023718,19990307,PRCP,190,,,a,
ASN00023718,19990308,PRCP,0,,,a,
ASN00023718,19990309,PRCP,0,,,a,
ASN00023718,19990310,PRCP,0,,,a,
ASN00023718,19990311,PRCP,0,,,a,
ASN00023718,19990312,PRCP,0,,,a,
ASN00023718,19990313,PRCP,0,,,a,
ASN00023718,19990314,PRCP,0,,,a,
ASN00023718,19990315,PRCP,0,,,a,
ASN00023718,19990316,PRCP,4,,,a,
ASN00023718,19990317,PRCP,0,,,a,
ASN00023718,19990318,PRCP,88,,,a,
ASN00023718,19990319,PRCP,20,,,a,
ASN00023718,19990320,PRCP,0,,,a,
ASN00023718,19990323,PRCP,2,,,a,
ASN00023718,19990324,PRCP,0,,,a,
ASN00023718,19990325,PRCP,38,,,a,
ASN00023718,19990326,PRCP,4,,,a,
ASN00023718,19990327,PRCP,0,,,a,
ASN00023718,19990322,DAPR,2,,,a,
ASN00023718,19990331,DAPR,4,,,a,
ASN00023718,19990322,DWPR,2,,,a,
ASN00023718,19990331,DWPR,4,,,a,
ASN00023718,19990322,MDPR,157,,,a,
ASN00023718,19990331,MDPR,80,,,a,
ASN00023718,19990401,PRCP,0,,,a,
ASN00023718,19990402,PRCP,0,,,a,
ASN00023718,19990403,PRCP,0,,,a,
ASN00023718,19990404,PRCP,0,,,a,
ASN00023718,19990407,PRCP,0,,,a,
ASN00023718,19990408,PRCP,0,,,a,
ASN00023718,19990409,PRCP,0,,,a,
ASN00023718,19990410,PRCP,0,,,a,
ASN00023718,19990411,PRCP,0,,,a,
ASN00023718,19990412,PRCP,0,,,a,
ASN00023718,19990413,PRCP,0,,,a,
ASN00023718,19990414,PRCP,0,,,a,
ASN00023718,19990415,PRCP,0,,,a,
ASN00023718,19990416,PRCP,0,,,a,
ASN00023718,19990417,PRCP,0,,,a,
ASN00023718,19990418,PRCP,0,,,a,
ASN00023718,19990419,PRCP,0,,,a,
ASN00023718,19990420,PRCP,0,,,a,
ASN00023718,19990421,PRCP,20,,,a,
ASN00023718,19990422,PRCP,0,,,a,
ASN00023718,19990423,PRCP,0,,,a,
ASN00023718,19990424,PRCP,0,,,a,
ASN00023718,19990425,PRCP,0,,,a,
ASN00023718,19990426,PRCP,0,,,a,
ASN00023718,19990429,PRCP,4,,,a,
ASN00023718,19990430,PRCP,10,,,a,
ASN00023718,19990406,DAPR,2,,,a,
ASN00023718,19990428,DAPR,2,,,a,
ASN00023718,19990406,DWPR,2,,,a,
ASN00023718,19990428,DWPR,2,,,a,
ASN00023718,19990406,MDPR,46,,,a,
ASN00023718,19990428,MDPR,18,,,a,
ASN00023718,19990501,PRCP,0,,,a,
ASN00023718,19990502,PRCP,0,,,a,
ASN00023718,19990503,PRCP,0,,,a,
ASN00023718,19990504,PRCP,0,,,a,
ASN00023718,19990505,PRCP,0,,,a,
ASN00023718,19990506,PRCP,0,,,a,
ASN00023718,19990507,PRCP,0,,,a,
ASN00023718,19990508,PRCP,0,,,a,
ASN00023718,19990511,PRCP,0,,,a,
ASN00023718,19990512,PRCP,10,,,a,
ASN00023718,19990513,PRCP,118,,,a,
ASN00023718,19990514,PRCP,0,,,a,
ASN00023718,19990519,PRCP,0,,,a,
ASN00023718,19990520,PRCP,0,,,a,
ASN00023718,19990521,PRCP,20,,,a,
ASN00023718,19990522,PRCP,0,,,a,
ASN00023718,19990526,PRCP,0,,,a,
ASN00023718,19990527,PRCP,36,,,a,
ASN00023718,19990528,PRCP,0,,,a,
ASN00023718,19990510,DAPR,2,,,a,
ASN00023718,19990518,DAPR,4,,,a,
ASN00023718,19990525,DAPR,3,,,a,
ASN00023718,19990531,DAPR,3,,,a,
ASN00023718,19990510,DWPR,2,,,a,
ASN00023718,19990518,DWPR,2,,,a,
ASN00023718,19990525,DWPR,3,,,a,
ASN00023718,19990531,DWPR,3,,,a,
ASN00023718,19990510,MDPR,38,,,a,
ASN00023718,19990518,MDPR,68,,,a,
ASN00023718,19990525,MDPR,212,,,a,
ASN00023718,19990531,MDPR,96,,,a,
ASN00023718,19990601,PRCP,0,,,a,
ASN00023718,19990602,PRCP,0,,,a,
ASN00023718,19990603,PRCP,2,,,a,
ASN00023718,19990604,PRCP,2,,,a,
ASN00023718,19990605,PRCP,0,,,a,
ASN00023718,19990606,PRCP,0,,,a,
ASN00023718,19990607,PRCP,0,,,a,
ASN00023718,19990608,PRCP,0,,,a,
ASN00023718,19990609,PRCP,0,,,a,
ASN00023718,19990610,PRCP,0,,,a,
ASN00023718,19990611,PRCP,0,,,a,
ASN00023718,19990612,PRCP,0,,,a,
ASN00023718,19990616,PRCP,6,,,a,
ASN00023718,19990617,PRCP,2,,,a,
ASN00023718,19990618,PRCP,106,,,a,
ASN00023718,19990619,PRCP,0,,,a,
ASN00023718,19990620,PRCP,0,,,a,
ASN00023718,19990623,PRCP,0,,,a,
ASN00023718,19990624,PRCP,0,,,a,
ASN00023718,19990625,PRCP,44,,,a,
ASN00023718,19990626,PRCP,18,,,a,
ASN00023718,19990627,PRCP,0,,,a,
ASN00023718,19990628,PRCP,0,,,a,
ASN00023718,19990629,PRCP,0,,,a,
ASN00023718,19990630,PRCP,42,,,a,
ASN00023718,19990615,DAPR,3,,,a,
ASN00023718,19990622,DAPR,2,,,a,
ASN00023718,19990615,DWPR,3,,,a,
ASN00023718,19990622,DWPR,2,,,a,
ASN00023718,19990615,MDPR,182,,,a,
ASN00023718,19990622,MDPR,40,,,a,
ASN00023718,19990701,PRCP,14,,,a,
ASN00023718,19990704,PRCP,0,,,a,
ASN00023718,19990705,PRCP,0,,,a,
ASN00023718,19990706,PRCP,0,,,a,
ASN00023718,19990707,PRCP,0,,,a,
ASN00023718,19990708,PRCP,18,,,a,
ASN00023718,19990709,PRCP,56,,,a,
ASN00023718,19990710,PRCP,0,,,a,
ASN00023718,19990711,PRCP,0,,,a,
ASN00023718,19990712,PRCP,4,,,a,
ASN00023718,19990713,PRCP,0,,,a,
ASN00023718,19990714,PRCP,0,,,a,
ASN00023718,19990715,PRCP,0,,,a,
ASN00023718,19990716,PRCP,0,,,a,
ASN00023718,19990717,PRCP,0,,,a,
ASN00023718,19990721,PRCP,0,,,a,
ASN00023718,19990722,PRCP,12,,,a,
ASN00023718,19990723,PRCP,12,,,a,
ASN00023718,19990724,PRCP,0,,,a,
ASN00023718,19990725,PRCP,0,,,a,
ASN00023718,19990726,PRCP,0,,,a,
ASN00023718,19990727,PRCP,0,,,a,
ASN00023718,19990728,PRCP,0,,,a,
ASN00023718,19990729,PRCP,0,,,a,
ASN00023718,19990730,PRCP,0,,,a,
ASN00023718,19990731,PRCP,8,,,a,
ASN00023718,19990703,DAPR,2,,,a,
ASN00023718,19990720,DAPR,3,,,a,
ASN00023718,19990703,DWPR,2,,,a,
ASN00023718,19990720,DWPR,3,,,a,
ASN00023718,19990703,MDPR,30,,,a,
ASN00023718,19990720,MDPR,300,,,a,
ASN00023718,19990801,PRCP,0,,,a,
ASN00023718,19990802,PRCP,0,,,a,
ASN00023718,19990803,PRCP,0,,,a,
ASN00023718,19990804,PRCP,0,,,a,
ASN00023718,19990805,PRCP,0,,,a,
ASN00023718,19990806,PRCP,0,,,a,
ASN00023718,19990807,PRCP,0,,,a,
ASN00023718,19990810,PRCP,2,,,a,
ASN00023718,19990811,PRCP,0,,,a,
ASN00023718,19990812,PRCP,18,,,a,
ASN00023718,19990813,PRCP,2,,,a,
ASN00023718,19990816,PRCP,0,,,a,
ASN00023718,19990817,PRCP,0,,,a,
ASN00023718,19990818,PRCP,0,,,a,
ASN00023718,19990819,PRCP,0,,,a,
ASN00023718,19990820,PRCP,0,,,a,
ASN00023718,19990821,PRCP,0,,,a,
ASN00023718,19990822,PRCP,0,,,a,
ASN00023718,19990823,PRCP,0,,,a,
ASN00023718,19990824,PRCP,0,,,a,
ASN00023718,19990825,PRCP,6,,,a,
ASN00023718,19990826,PRCP,4,,,a,
ASN00023718,19990827,PRCP,56,,,a,
ASN00023718,19990828,PRCP,0,,,a,
ASN00023718,19990829,PRCP,0,,,a,
ASN00023718,19990830,PRCP,0,,,a,
ASN00023718,19990831,PRCP,0,,,a,
ASN00023718,19990809,DAPR,2,,,a,
ASN00023718,19990815,DAPR,2,,,a,
ASN00023718,19990809,DWPR,2,,,a,
ASN00023718,19990815,DWPR,2,,,a,
ASN00023718,19990809,MDPR,276,,,a,
ASN00023718,19990815,MDPR,62,,,a,
ASN00023718,19990901,PRCP,0,,,a,
ASN00023718,19990902,PRCP,0,,,a,
ASN00023718,19990903,PRCP,0,,,a,
ASN00023718,19990907,PRCP,0,,,a,
ASN00023718,19990908,PRCP,0,,,a,
ASN00023718,19990909,PRCP,0,,,a,
ASN00023718,19990910,PRCP,6,,,a,
ASN00023718,19990911,PRCP,0,,,a,
ASN00023718,19990912,PRCP,0,,,a,
ASN00023718,19990915,PRCP,0,,,a,
ASN00023718,19990916,PRCP,92,,,a,
ASN00023718,19990917,PRCP,164,,,a,
ASN00023718,19990921,PRCP,0,,,a,
ASN00023718,19990922,PRCP,0,,,a,
ASN00023718,19990923,PRCP,0,,,a,
ASN00023718,19990924,PRCP,0,,,a,
ASN00023718,19990925,PRCP,0,,,a,
ASN00023718,19990926,PRCP,0,,,a,
ASN00023718,19990927,PRCP,0,,,a,
ASN00023718,19990928,PRCP,0,,,a,
ASN00023718,19990929,PRCP,26,,,a,
ASN00023718,19990930,PRCP,0,,,a,
ASN00023718,19990906,DAPR,3,,,a,
ASN00023718,19990914,DAPR,2,,,a,
ASN00023718,19990920,DAPR,3,,,a,
ASN00023718,19990906,DWPR,3,,,a,
ASN00023718,19990914,DWPR,2,,,a,
ASN00023718,19990920,DWPR,3,,,a,
ASN00023718,19990906,MDPR,242,,,a,
ASN00023718,19990914,MDPR,10,,,a,
ASN00023718,19990920,MDPR,36,,,a,
ASN00023718,19991001,PRCP,0,,,a,
ASN00023718,19991002,PRCP,0,,,a,
ASN00023718,19991003,PRCP,66,,,a,
ASN00023718,19991004,PRCP,0,,,a,
ASN00023718,19991005,PRCP,0,,,a,
ASN00023718,19991006,PRCP,0,,,a,
ASN00023718,19991007,PRCP,0,,,a,
ASN00023718,19991008,PRCP,0,,,a,
ASN00023718,19991012,PRCP,0,,,a,
ASN00023718,19991013,PRCP,92,,,a,
ASN00023718,19991014,PRCP,8,,,a,
ASN00023718,19991015,PRCP,10,,,a,
ASN00023718,19991016,PRCP,0,,,a,
ASN00023718,19991017,PRCP,0,,,a,
ASN00023718,19991018,PRCP,0,,,a,
ASN00023718,19991019,PRCP,0,,,a,
ASN00023718,19991020,PRCP,0,,,a,
ASN00023718,19991021,PRCP,0,,,a,
ASN00023718,19991022,PRCP,36,,,a,
ASN00023718,19991023,PRCP,34,,,a,
ASN00023718,19991024,PRCP,0,,,a,
ASN00023718,19991025,PRCP,0,,,a,
ASN00023718,19991026,PRCP,0,,,a,
ASN00023718,19991027,PRCP,2,,,a,
ASN00023718,19991028,PRCP,0,,,a,
ASN00023718,19991029,PRCP,0,,,a,
ASN00023718,19991030,PRCP,14,,,a,
ASN00023718,19991031,PRCP,0,,,a,
ASN00023718,19991011,DAPR,3,,,a,
ASN00023718,19991011,DWPR,3,,,a,
ASN00023718,19991011,MDPR,38,,,a,
ASN00023718,19991101,PRCP,0,,,a,
ASN00023718,19991102,PRCP,0,,,a,
ASN00023718,19991103,PRCP,0,,,a,
ASN00023718,19991104,PRCP,6,,,a,
ASN00023718,19991105,PRCP,56,,,a,
ASN00023718,19991110,PRCP,14,,,a,
ASN00023718,19991111,PRCP,4,,,a,
ASN00023718,19991112,PRCP,0,,,a,
ASN00023718,19991113,PRCP,0,,,a,
ASN00023718,19991114,PRCP,0,,,a,
ASN00023718,19991115,PRCP,8,,,a,
ASN00023718,19991116,PRCP,18,,,a,
ASN00023718,19991117,PRCP,0,,,a,
ASN00023718,19991118,PRCP,0,,,a,
ASN00023718,19991119,PRCP,0,,,a,
ASN00023718,19991120,PRCP,0,,,a,
ASN00023718,19991124,PRCP,0,,,a,
ASN00023718,19991125,PRCP,0,,,a,
ASN00023718,19991126,PRCP,0,,,a,
ASN00023718,19991127,PRCP,0,,,a,
ASN00023718,19991128,PRCP,0,,,a,
ASN00023718,19991129,PRCP,0,,,a,
ASN00023718,19991130,PRCP,0,,,a,
ASN00023718,19991109,DAPR,4,,,a,
ASN00023718,19991123,DAPR,3,,,a,
ASN00023718,19991109,DWPR,3,,,a,
ASN00023718,19991123,DWPR,3,,,a,
ASN00023718,19991109,MDPR,150,,,a,
ASN00023718,19991123,MDPR,70,,,a,
ASN00023718,19991201,PRCP,112,,,a,
ASN00023718,19991202,PRCP,0,,,a,
ASN00023718,19991203,PRCP,164,,,a,
ASN00023718,19991204,PRCP,0,,,a,
ASN00023718,19991205,PRCP,0,,,a,
ASN00023718,19991206,PRCP,0,,,a,
ASN00023718,19991207,PRCP,0,,,a,
ASN00023718,19991208,PRCP,8,,,a,
ASN00023718,19991209,PRCP,22,,,a,
ASN00023718,19991210,PRCP,0,,,a,
ASN00023718,19991211,PRCP,0,,,a,
ASN00023718,19991212,PRCP,4,,,a,
ASN00023718,19991213,PRCP,0,,,a,
ASN00023718,19991214,PRCP,0,,,a,
ASN00023718,19991215,PRCP,0,,,a,
ASN00023718,19991216,PRCP,18,,,a,
ASN00023718,19991217,PRCP,0,,,a,
ASN00023718,19991218,PRCP,0,,,a,
ASN00023718,19991219,PRCP,0,,,a,
ASN00023718,19991220,PRCP,0,,,a,
ASN00023718,19991221,PRCP,0,,,a,
ASN00023718,19991222,PRCP,0,,,a,
ASN00023718,19991223,PRCP,0,,,a,
ASN00023718,19991224,PRCP,0,,,a,
ASN00023718,19991225,PRCP,0,,,a,
ASN00023718,19991226,PRCP,0,,,a,
ASN00023718,19991227,PRCP,0,,,a,
ASN00023718,19991228,PRCP,0,,,a,
ASN00023718,19991229,PRCP,2,,,a,
ASN00023718,19991230,PRCP,0,,,a,
ASN00023718,19991231,PRCP,0,,,a,
ASN00023718,20000101,PRCP,0,,,a,
ASN00023718,20000102,PRCP,0,,,a,
ASN00023718,20000103,PRCP,0,,,a,
ASN00023718,20000104,PRCP,0,,,a,
ASN00023718,20000105,PRCP,0,,,a,
ASN00023718,20000106,PRCP,0,,,a,
ASN00023718,20000107,PRCP,0,,,a,
ASN00023718,20000108,PRCP,0,,,a,
ASN00023718,20000109,PRCP,0,,,a,
ASN00023718,20000110,PRCP,0,,,a,
ASN00023718,20000111,PRCP,0,,,a,
ASN00023718,20000112,PRCP,0,,,a,
ASN00023718,20000113,PRCP,0,,,a,
ASN00023718,20000114,PRCP,0,,,a,
ASN00023718,20000115,PRCP,0,,,a,
ASN00023718,20000116,PRCP,0,,,a,
ASN00023718,20000117,PRCP,0,,,a,
ASN00023718,20000118,PRCP,0,,,a,
ASN00023718,20000119,PRCP,0,,,a,
ASN00023718,20000120,PRCP,0,,,a,
ASN00023718,20000121,PRCP,10,,,a,
ASN00023718,20000122,PRCP,0,,,a,
ASN00023718,20000125,PRCP,90,,,a,
ASN00023718,20000126,PRCP,0,,,a,
ASN00023718,20000127,PRCP,0,,,a,
ASN00023718,20000128,PRCP,0,,,a,
ASN00023718,20000129,PRCP,0,,,a,
ASN00023718,20000130,PRCP,0,,,a,
ASN00023718,20000131,PRCP,0,,,a,
ASN00023718,20000124,DAPR,2,,,a,
ASN00023718,20000124,DWPR,2,,,a,
ASN00023718,20000124,MDPR,24,,,a,
ASN00023718,20000201,PRCP,0,,,a,
ASN00023718,20000202,PRCP,0,,,a,
ASN00023718,20000203,PRCP,0,,,a,
ASN00023718,20000204,PRCP,0,,,a,
ASN00023718,20000205,PRCP,0,,,a,
ASN00023718,20000206,PRCP,0,,,a,
ASN00023718,20000207,PRCP,0,,,a,
ASN00023718,20000208,PRCP,0,,,a,
ASN00023718,20000209,PRCP,0,,,a,
ASN00023718,20000210,PRCP,0,,,a,
ASN00023718,20000211,PRCP,10,,,a,
ASN00023718,20000212,PRCP,0,,,a,
ASN00023718,20000213,PRCP,0,,,a,
ASN00023718,20000214,PRCP,0,,,a,
ASN00023718,20000215,PRCP,0,,,a,
ASN00023718,20000216,PRCP,0,,,a,
ASN00023718,20000217,PRCP,0,,,a,
ASN00023718,20000218,PRCP,0,,,a,
ASN00023718,20000219,PRCP,0,,,a,
ASN00023718,20000222,PRCP,290,,,a,
ASN00023718,20000223,PRCP,6,,,a,
ASN00023718,20000224,PRCP,0,,,a,
ASN00023718,20000225,PRCP,0,,,a,
ASN00023718,20000226,PRCP,0,,,a,
ASN00023718,20000227,PRCP,0,,,a,
ASN00023718,20000228,PRCP,0,,,a,
ASN00023718,20000229,PRCP,4,,,a,
ASN00023718,20000221,DAPR,2,,,a,
ASN00023718,20000221,DWPR,2,,,a,
ASN00023718,20000221,MDPR,384,,,a,
ASN00023718,20000301,PRCP,0,,,a,
ASN00023718,20000302,PRCP,0,,,a,
ASN00023718,20000303,PRCP,4,,,a,
ASN00023718,20000304,PRCP,0,,,a,
ASN00023718,20000305,PRCP,0,,,a,
ASN00023718,20000306,PRCP,0,,,a,
ASN00023718,20000307,PRCP,0,,,a,
ASN00023718,20000308,PRCP,0,,,a,
ASN00023718,20000309,PRCP,0,,,a,
ASN00023718,20000310,PRCP,0,,,a,
ASN00023718,20000311,PRCP,0,,,a,
ASN00023718,20000312,PRCP,0,,,a,
ASN00023718,20000313,PRCP,0,,,a,
ASN00023718,20000314,PRCP,0,,,a,
ASN00023718,20000315,PRCP,0,,,a,
ASN00023718,20000316,PRCP,0,,,a,
ASN00023718,20000317,PRCP,0,,,a,
ASN00023718,20000318,PRCP,0,,,a,
ASN00023718,20000319,PRCP,0,,,a,
ASN00023718,20000320,PRCP,0,,,a,
ASN00023718,20000321,PRCP,0,,,a,
ASN00023718,20000322,PRCP,0,,,a,
ASN00023718,20000323,PRCP,126,,,a,
ASN00023718,20000324,PRCP,0,,,a,
ASN00023718,20000325,PRCP,0,,,a,
ASN00023718,20000326,PRCP,0,,,a,
ASN00023718,20000327,PRCP,0,,,a,
ASN00023718,20000328,PRCP,6,,,a,
ASN00023718,20000329,PRCP,0,,,a,
ASN00023718,20000330,PRCP,0,,,a,
ASN00023718,20000331,PRCP,0,,,a,
ASN00023718,20000401,PRCP,0,,,a,
ASN00023718,20000402,PRCP,0,,,a,
ASN00023718,20000403,PRCP,0,,,a,
ASN00023718,20000404,PRCP,124,,,a,
ASN00023718,20000405,PRCP,54,,,a,
ASN00023718,20000406,PRCP,0,,,a,
ASN00023718,20000407,PRCP,0,,,a,
ASN00023718,20000408,PRCP,0,,,a,
ASN00023718,20000409,PRCP,0,,,a,
ASN00023718,20000410,PRCP,0,,,a,
ASN00023718,20000411,PRCP,0,,,a,
ASN00023718,20000412,PRCP,4,,,a,
ASN00023718,20000413,PRCP,0,,,a,
ASN00023718,20000414,PRCP,74,,,a,
ASN00023718,20000415,PRCP,0,,,a,
ASN00023718,20000416,PRCP,0,,,a,
ASN00023718,20000417,PRCP,0,,,a,
ASN00023718,20000418,PRCP,4,,,a,
ASN00023718,20000419,PRCP,6,,,a,
ASN00023718,20000422,PRCP,0,,,a,
ASN00023718,20000423,PRCP,0,,,a,
ASN00023718,20000424,PRCP,0,,,a,
ASN00023718,20000425,PRCP,0,,,a,
ASN00023718,20000426,PRCP,0,,,a,
ASN00023718,20000427,PRCP,0,,,a,
ASN00023718,20000428,PRCP,34,,,a,
ASN00023718,20000429,PRCP,0,,,a,
ASN00023718,20000430,PRCP,120,,,a,
ASN00023718,20000421,DAPR,2,,,a,
ASN00023718,20000421,DWPR,2,,,a,
ASN00023718,20000421,MDPR,62,,,a,
ASN00023718,20000501,PRCP,0,,,a,
ASN00023718,20000502,PRCP,0,,,a,
ASN00023718,20000503,PRCP,0,,,a,
ASN00023718,20000504,PRCP,24,,,a,
ASN00023718,20000505,PRCP,114,,,a,
ASN00023718,20000506,PRCP,0,,,a,
ASN00023718,20000507,PRCP,0,,,a,
ASN00023718,20000508,PRCP,0,,,a,
ASN00023718,20000509,PRCP,8,,,a,
ASN00023718,20000510,PRCP,0,,,a,
ASN00023718,20000511,PRCP,0,,,a,
ASN00023718,20000512,PRCP,0,,,a,
ASN00023718,20000513,PRCP,0,,,a,
ASN00023718,20000517,PRCP,24,,,a,
ASN00023718,20000518,PRCP,0,,,a,
ASN00023718,20000519,PRCP,0,,,a,
ASN00023718,20000520,PRCP,0,,,a,
ASN00023718,20000521,PRCP,0,,,a,
ASN00023718,20000522,PRCP,0,,,a,
ASN00023718,20000523,PRCP,0,,,a,
ASN00023718,20000524,PRCP,0,,,a,
ASN00023718,20000525,PRCP,70,,,a,
ASN00023718,20000526,PRCP,92,,,a,
ASN00023718,20000530,PRCP,14,,,a,
ASN00023718,20000531,PRCP,28,,,a,
ASN00023718,20000516,DAPR,3,,,a,
ASN00023718,20000529,DAPR,3,,,a,
ASN00023718,20000516,DWPR,3,,,a,
ASN00023718,20000529,DWPR,3,,,a,
ASN00023718,20000516,MDPR,82,,,a,
ASN00023718,20000529,MDPR,262,,,a,
ASN00023718,20000601,PRCP,6,,,a,
ASN00023718,20000602,PRCP,0,,,a,
ASN00023718,20000603,PRCP,0,,,a,
ASN00023718,20000607,PRCP,6,,,a,
ASN00023718,20000608,PRCP,4,,,a,
ASN00023718,20000609,PRCP,40,,,a,
ASN00023718,20000610,PRCP,0,,,a,
ASN00023718,20000611,PRCP,0,,,a,
ASN00023718,20000612,PRCP,0,,,a,
ASN00023718,20000613,PRCP,6,,,a,
ASN00023718,20000614,PRCP,0,,,a,
ASN00023718,20000615,PRCP,2,,,a,
ASN00023718,20000616,PRCP,8,,,a,
ASN00023718,20000617,PRCP,0,,,a,
ASN00023718,20000618,PRCP,0,,,a,
ASN00023718,20000619,PRCP,0,,,a,
ASN00023718,20000620,PRCP,14,,,a,
ASN00023718,20000621,PRCP,10,,,a,
ASN00023718,20000622,PRCP,244,,,a,
ASN00023718,20000623,PRCP,24,,,a,
ASN00023718,20000624,PRCP,0,,,a,
ASN00023718,20000625,PRCP,0,,,a,
ASN00023718,20000626,PRCP,4,,,a,
ASN00023718,20000627,PRCP,14,,,a,
ASN00023718,20000628,PRCP,42,,,a,
ASN00023718,20000629,PRCP,134,,,a,
ASN00023718,20000630,PRCP,32,,,a,
ASN00023718,20000606,DAPR,3,,,a,
ASN00023718,20000606,DWPR,3,,,a,
ASN00023718,20000606,MDPR,182,,,a,
ASN00023718,20000701,PRCP,0,,,a,
ASN00023718,20000702,PRCP,0,,,a,
ASN00023718,20000703,PRCP,0,,,a,
ASN00023718,20000704,PRCP,0,,,a,
ASN00023718,20000705,PRCP,0,,,a,
ASN00023718,20000706,PRCP,50,,,a,
ASN00023718,20000707,PRCP,2,,,a,
ASN00023718,20000711,PRCP,0,,,a,
ASN00023718,20000712,PRCP,18,,,a,
ASN00023718,20000713,PRCP,0,,,a,
ASN00023718,20000714,PRCP,0,,,a,
ASN00023718,20000719,PRCP,124,,,a,
ASN00023718,20000720,PRCP,4,,,a,
ASN00023718,20000721,PRCP,128,,,a,
ASN00023718,20000725,PRCP,34,,,a,
ASN00023718,20000726,PRCP,190,,,a,
ASN00023718,20000727,PRCP,86,,,a,
ASN00023718,20000728,PRCP,4,,,a,
ASN00023718,20000729,PRCP,0,,,a,
ASN00023718,20000730,PRCP,0,,,a,
ASN00023718,20000731,PRCP,0,,,a,
ASN00023718,20000710,DAPR,3,,,a,
ASN00023718,20000718,DAPR,4,,,a,
ASN00023718,20000724,DAPR,3,,,a,
ASN00023718,20000710,DWPR,3,,,a,
ASN00023718,20000718,DWPR,4,,,a,
ASN00023718,20000724,DWPR,3,,,a,
ASN00023718,20000710,MDPR,18,,,a,
ASN00023718,20000718,MDPR,20,,,a,
ASN00023718,20000724,MDPR,54,,,a,
ASN00023718,20000801,PRCP,0,,,a,
ASN00023718,20000802,PRCP,0,,,a,
ASN00023718,20000803,PRCP,0,,,a,
ASN00023718,20000804,PRCP,0,,,a,
ASN00023718,20000805,PRCP,0,,,a,
ASN00023718,20000806,PRCP,0,,,a,
ASN00023718,20000807,PRCP,4,,,a,
ASN00023718,20000808,PRCP,32,,,a,
ASN00023718,20000809,PRCP,18,,,a,
ASN00023718,20000810,PRCP,8,,,a,
ASN00023718,20000811,PRCP,0,,,a,
ASN00023718,20000812,PRCP,0,,,a,
ASN00023718,20000815,PRCP,32,,,a,
ASN00023718,20000816,PRCP,22,,,a,
ASN00023718,20000817,PRCP,0,,,a,
ASN00023718,20000818,PRCP,0,,,a,
ASN00023718,20000819,PRCP,0,,,a,
ASN00023718,20000820,PRCP,0,,,a,
ASN00023718,20000821,PRCP,0,,,a,
ASN00023718,20000822,PRCP,72,,,a,
ASN00023718,20000823,PRCP,142,,,a,
ASN00023718,20000824,PRCP,16,,,a,
ASN00023718,20000825,PRCP,34,,,a,
ASN00023718,20000826,PRCP,0,,,a,
ASN00023718,20000827,PRCP,0,,,a,
ASN00023718,20000830,PRCP,0,,,a,
ASN00023718,20000831,PRCP,104,,,a,
ASN00023718,20000814,DAPR,2,,,a,
ASN00023718,20000829,DAPR,2,,,a,
ASN00023718,20000814,DWPR,2,,,a,
ASN00023718,20000829,DWPR,2,,,a,
ASN00023718,20000814,MDPR,22,,,a,
ASN00023718,20000829,MDPR,72,,,a,
ASN00023718,20000901,PRCP,0,,,a,
ASN00023718,20000904,PRCP,0,,,a,
ASN00023718,20000905,PRCP,4,,,a,
ASN00023718,20000906,PRCP,0,,,a,
ASN00023718,20000907,PRCP,56,,,a,
ASN00023718,20000908,PRCP,34,,,a,
ASN00023718,20000912,PRCP,2,,,a,
ASN00023718,20000913,PRCP,0,,,a,
ASN00023718,20000914,PRCP,0,,,a,
ASN00023718,20000915,PRCP,0,,,a,
ASN00023718,20000916,PRCP,0,,,a,
ASN00023718,20000917,PRCP,0,,,a,
ASN00023718,20000918,PRCP,0,,,a,
ASN00023718,20000919,PRCP,0,,,a,
ASN00023718,20000920,PRCP,0,,,a,
ASN00023718,20000921,PRCP,0,,,a,
ASN00023718,20000922,PRCP,0,,,a,
ASN00023718,20000923,PRCP,0,,,a,
ASN00023718,20000924,PRCP,0,,,a,
ASN00023718,20000925,PRCP,0,,,a,
ASN00023718,20000926,PRCP,0,,,a,
ASN00023718,20000927,PRCP,0,,,a,
ASN00023718,20000928,PRCP,0,,,a,
ASN00023718,20000929,PRCP,14,,,a,
ASN00023718,20000930,PRCP,0,,,a,
ASN00023718,20000903,DAPR,2,,,a,
ASN00023718,20000911,DAPR,3,,,a,
ASN00023718,20000903,DWPR,2,,,a,
ASN00023718,20000911,DWPR,3,,,a,
ASN00023718,20000903,MDPR,78,,,a,
ASN00023718,20000911,MDPR,104,,,a,
ASN00023718,20001004,PRCP,0,,,a,
ASN00023718,20001005,PRCP,0,,,a,
ASN00023718,20001006,PRCP,0,,,a,
ASN00023718,20001007,PRCP,0,,,a,
ASN00023718,20001008,PRCP,0,,,a,
ASN00023718,20001012,PRCP,0,,,a,
ASN00023718,20001013,PRCP,14,,,a,
ASN00023718,20001014,PRCP,0,,,a,
ASN00023718,20001017,PRCP,0,,,a,
ASN00023718,20001018,PRCP,380,,,a,
ASN00023718,20001019,PRCP,332,,,a,
ASN00023718,20001020,PRCP,10,,,a,
ASN00023718,20001021,PRCP,0,,,a,
ASN00023718,20001022,PRCP,0,,,a,
ASN00023718,20001023,PRCP,0,,,a,
ASN00023718,20001024,PRCP,0,,,a,
ASN00023718,20001025,PRCP,14,,,a,
ASN00023718,20001026,PRCP,0,,,a,
ASN00023718,20001027,PRCP,4,,,a,
ASN00023718,20001028,PRCP,0,,,a,
ASN00023718,20001029,PRCP,0,,,a,
ASN00023718,20001030,PRCP,6,,,a,
ASN00023718,20001031,PRCP,0,,,a,
ASN00023718,20001003,DAPR,3,,,a,
ASN00023718,20001011,DAPR,3,,,a,
ASN00023718,20001016,DAPR,2,,,a,
ASN00023718,20001003,DWPR,3,,,a,
ASN00023718,20001011,DWPR,3,,,a,
ASN00023718,20001016,DWPR,2,,,a,
ASN00023718,20001003,MDPR,20,,,a,
ASN00023718,20001011,MDPR,94,,,a,
ASN00023718,20001016,MDPR,28,,,a,
ASN00023718,20001101,PRCP,6,,,a,
ASN00023718,20001102,PRCP,24,,,a,
ASN00023718,20001103,PRCP,0,,,a,
ASN00023718,20001104,PRCP,0,,,a,
ASN00023718,20001105,PRCP,0,,,a,
ASN00023718,20001106,PRCP,0,,,a,
ASN00023718,20001107,PRCP,0,,,a,
ASN00023718,20001108,PRCP,0,,,a,
ASN00023718,20001109,PRCP,10,,,a,
ASN00023718,20001110,PRCP,0,,,a,
ASN00023718,20001111,PRCP,0,,,a,
ASN00023718,20001114,PRCP,0,,,a,
ASN00023718,20001115,PRCP,0,,,a,
ASN00023718,20001116,PRCP,0,,,a,
ASN00023718,20001117,PRCP,0,,,a,
ASN00023718,20001118,PRCP,0,,,a,
ASN00023718,20001119,PRCP,0,,,a,
ASN00023718,20001122,PRCP,0,,,a,
ASN00023718,20001123,PRCP,0,,,a,
ASN00023718,20001124,PRCP,0,,,a,
ASN00023718,20001125,PRCP,0,,,a,
ASN00023718,20001126,PRCP,0,,,a,
ASN00023718,20001127,PRCP,0,,,a,
ASN00023718,20001128,PRCP,0,,,a,
ASN00023718,20001129,PRCP,0,,,a,
ASN00023718,20001130,PRCP,14,,,a,
ASN00023718,20001113,DAPR,2,,,a,
ASN00023718,20001121,DAPR,2,,,a,
ASN00023718,20001113,DWPR,2,,,a,
ASN00023718,20001121,DWPR,2,,,a,
ASN00023718,20001113,MDPR,20,,,a,
ASN00023718,20001121,MDPR,14,,,a,
ASN00023718,20001201,PRCP,0,,,a,
ASN00023718,20001202,PRCP,0,,,a,
ASN00023718,20001203,PRCP,0,,,a,
ASN00023718,20001204,PRCP,0,,,a,
ASN00023718,20001205,PRCP,0,,,a,
ASN00023718,20001206,PRCP,0,,,a,
ASN00023718,20001207,PRCP,0,,,a,
ASN00023718,20001208,PRCP,0,,,a,
ASN00023718,20001209,PRCP,0,,,a,
ASN00023718,20001210,PRCP,0,,,a,
ASN00023718,20001211,PRCP,0,,,a,
ASN00023718,20001212,PRCP,0,,,a,
ASN00023718,20001213,PRCP,0,,,a,
ASN00023718,20001214,PRCP,0,,,a,
ASN00023718,20001215,PRCP,0,,,a,
ASN00023718,20001216,PRCP,0,,,a,
ASN00023718,20001217,PRCP,0,,,a,
ASN00023718,20001218,PRCP,6,,,a,
ASN00023718,20001219,PRCP,0,,,a,
ASN00023718,20001220,PRCP,0,,,a,
ASN00023718,20001221,PRCP,0,,,a,
ASN00023718,20001222,PRCP,22,,,a,
ASN00023718,20001223,PRCP,0,,,a,
ASN00023718,20001224,PRCP,0,,,a,
ASN00023718,20001225,PRCP,0,,,a,
ASN00023718,20001226,PRCP,0,,,a,
ASN00023718,20001227,PRCP,6,,,a,
ASN00023718,20001228,PRCP,6,,,a,
ASN00023718,20001229,PRCP,0,,,a,
ASN00023718,20001230,PRCP,0,,,a,
ASN00023718,20001231,PRCP,0,,,a,
ASN00023718,20010101,PRCP,0,,,a,
ASN00023718,20010102,PRCP,0,,,a,
ASN00023718,20010103,PRCP,0,,,a,
ASN00023718,20010104,PRCP,0,,,a,
ASN00023718,20010105,PRCP,0,,,a,
ASN00023718,20010106,PRCP,0,,,a,
ASN00023718,20010107,PRCP,0,,,a,
ASN00023718,20010108,PRCP,0,,,a,
ASN00023718,20010109,PRCP,0,,,a,
ASN00023718,20010110,PRCP,0,,,a,
ASN00023718,20010111,PRCP,0,,,a,
ASN00023718,20010112,PRCP,0,,,a,
ASN00023718,20010113,PRCP,0,,,a,
ASN00023718,20010114,PRCP,0,,,a,
ASN00023718,20010115,PRCP,0,,,a,
ASN00023718,20010116,PRCP,0,,,a,
ASN00023718,20010117,PRCP,0,,,a,
ASN00023718,20010118,PRCP,0,,,a,
ASN00023718,20010119,PRCP,0,,,a,
ASN00023718,20010120,PRCP,0,,,a,
ASN00023718,20010121,PRCP,0,,,a,
ASN00023718,20010122,PRCP,0,,,a,
ASN00023718,20010123,PRCP,0,,,a,
ASN00023718,20010124,PRCP,0,,,a,
ASN00023718,20010125,PRCP,0,,,a,
ASN00023718,20010126,PRCP,12,,,a,
ASN00023718,20010127,PRCP,0,,,a,
ASN00023718,20010128,PRCP,0,,,a,
ASN00023718,20010129,PRCP,0,,,a,
ASN00023718,20010130,PRCP,0,,,a,
ASN00023718,20010131,PRCP,0,,,a,
ASN00023718,20010201,PRCP,0,,,a,
ASN00023718,20010202,PRCP,0,,,a,
ASN00023718,20010203,PRCP,0,,,a,
ASN00023718,20010206,PRCP,0,,,a,
ASN00023718,20010207,PRCP,0,,,a,
ASN00023718,20010208,PRCP,44,,,a,
ASN00023718,20010209,PRCP,0,,,a,
ASN00023718,20010210,PRCP,0,,,a,
ASN00023718,20010211,PRCP,0,,,a,
ASN00023718,20010214,PRCP,0,,,a,
ASN00023718,20010215,PRCP,0,,,a,
ASN00023718,20010216,PRCP,0,,,a,
ASN00023718,20010217,PRCP,0,,,a,
ASN00023718,20010218,PRCP,0,,,a,
ASN00023718,20010219,PRCP,0,,,a,
ASN00023718,20010220,PRCP,0,,,a,
ASN00023718,20010221,PRCP,0,,,a,
ASN00023718,20010222,PRCP,0,,,a,
ASN00023718,20010223,PRCP,0,,,a,
ASN00023718,20010224,PRCP,0,,,a,
ASN00023718,20010227,PRCP,0,,,a,
ASN00023718,20010228,PRCP,0,,,a,
ASN00023718,20010205,DAPR,2,,,a,
ASN00023718,20010213,DAPR,2,,,a,
ASN00023718,20010226,DAPR,2,,,a,
ASN00023718,20010205,DWPR,2,,,a,
ASN00023718,20010213,DWPR,2,,,a,
ASN00023718,20010226,DWPR,2,,,a,
ASN00023718,20010205,MDPR,36,,,a,
ASN00023718,20010213,MDPR,80,,,a,
ASN00023718,20010226,MDPR,8,,,a,
ASN00023718,20010301,PRCP,0,,,a,
ASN00023718,20010302,PRCP,0,,,a,
ASN00023718,20010303,PRCP,0,,,a,
ASN00023718,20010304,PRCP,0,,,a,
ASN00023718,20010305,PRCP,0,,,a,
ASN00023718,20010306,PRCP,0,,,a,
ASN00023718,20010307,PRCP,0,,,a,
ASN00023718,20010308,PRCP,0,,,a,
ASN00023718,20010309,PRCP,0,,,a,
ASN00023718,20010310,PRCP,0,,,a,
ASN00023718,20010311,PRCP,0,,,a,
ASN00023718,20010312,PRCP,0,,,a,
ASN00023718,20010313,PRCP,12,,,a,
ASN00023718,20010314,PRCP,0,,,a,
ASN00023718,20010315,PRCP,0,,,a,
ASN00023718,20010316,PRCP,0,,,a,
ASN00023718,20010319,PRCP,0,,,a,
ASN00023718,20010320,PRCP,0,,,a,
ASN00023718,20010321,PRCP,74,,,a,
ASN00023718,20010322,PRCP,54,,,a,
ASN00023718,20010323,PRCP,4,,,a,
ASN00023718,20010327,PRCP,10,,,a,
ASN00023718,20010328,PRCP,0,,,a,
ASN00023718,20010329,PRCP,0,,,a,
ASN00023718,20010330,PRCP,0,,,a,
ASN00023718,20010331,PRCP,0,,,a,
ASN00023718,20010318,DAPR,2,,,a,
ASN00023718,20010326,DAPR,3,,,a,
ASN00023718,20010318,DWPR,2,,,a,
ASN00023718,20010326,DWPR,3,,,a,
ASN00023718,20010318,MDPR,56,,,a,
ASN00023718,20010326,MDPR,112,,,a,
ASN00023718,20010401,PRCP,0,,,a,
ASN00023718,20010402,PRCP,0,,,a,
ASN00023718,20010403,PRCP,0,,,a,
ASN00023718,20010404,PRCP,0,,,a,
ASN00023718,20010405,PRCP,0,,,a,
ASN00023718,20010406,PRCP,0,,,a,
ASN00023718,20010407,PRCP,0,,,a,
ASN00023718,20010408,PRCP,20,,,a,
ASN00023718,20010409,PRCP,0,,,a,
ASN00023718,20010410,PRCP,0,,,a,
ASN00023718,20010411,PRCP,0,,,a,
ASN00023718,20010412,PRCP,0,,,a,
ASN00023718,20010413,PRCP,0,,,a,
ASN00023718,20010414,PRCP,0,,,a,
ASN00023718,20010415,PRCP,0,,,a,
ASN00023718,20010416,PRCP,0,,,a,
ASN00023718,20010417,PRCP,0,,,a,
ASN00023718,20010418,PRCP,0,,,a,
ASN00023718,20010419,PRCP,0,,,a,
ASN00023718,20010420,PRCP,4,,,a,
ASN00023718,20010421,PRCP,0,,,a,
ASN00023718,20010424,PRCP,0,,,a,
ASN00023718,20010425,PRCP,0,,,a,
ASN00023718,20010426,PRCP,0,,,a,
ASN00023718,20010427,PRCP,28,,,a,
ASN00023718,20010428,PRCP,0,,,a,
ASN00023718,20010429,PRCP,0,,,a,
ASN00023718,20010430,PRCP,0,,,a,
ASN00023718,20010423,DAPR,2,,,a,
ASN00023718,20010423,DWPR,2,,,a,
ASN00023718,20010423,MDPR,190,,,a,
ASN00023718,20010501,PRCP,0,,,a,
ASN00023718,20010502,PRCP,0,,,a,
ASN00023718,20010503,PRCP,0,,,a,
ASN00023718,20010504,PRCP,0,,,a,
ASN00023718,20010505,PRCP,0,,,a,
ASN00023718,20010506,PRCP,0,,,a,
ASN00023718,20010507,PRCP,8,,,a,
ASN00023718,20010508,PRCP,0,,,a,
ASN00023718,20010509,PRCP,8,,,a,
ASN00023718,20010510,PRCP,38,,,a,
ASN00023718,20010511,PRCP,0,,,a,
ASN00023718,20010512,PRCP,0,,,a,
ASN00023718,20010513,PRCP,0,,,a,
ASN00023718,20010514,PRCP,10,,,a,
ASN00023718,20010515,PRCP,30,,,a,
ASN00023718,20010516,PRCP,46,,,a,
ASN00023718,20010517,PRCP,40,,,a,
ASN00023718,20010518,PRCP,242,,,a,
ASN00023718,20010519,PRCP,22,,,a,
ASN00023718,20010520,PRCP,0,,,a,
ASN00023718,20010521,PRCP,0,,,a,
ASN00023718,20010522,PRCP,0,,,a,
ASN00023718,20010523,PRCP,0,,,a,
ASN00023718,20010524,PRCP,0,,,a,
ASN00023718,20010525,PRCP,0,,,a,
ASN00023718,20010529,PRCP,0,,,a,
ASN00023718,20010530,PRCP,0,,,a,
ASN00023718,20010531,PRCP,0,,,a,
ASN00023718,20010528,DAPR,3,,,a,
ASN00023718,20010528,DWPR,3,,,a,
ASN00023718,20010528,MDPR,208,,,a,
ASN00023718,20010601,PRCP,0,,,a,
ASN00023718,20010602,PRCP,0,,,a,
ASN00023718,20010603,PRCP,0,,,a,
ASN00023718,20010604,PRCP,0,,,a,
ASN00023718,20010605,PRCP,4,,,a,
ASN00023718,20010606,PRCP,130,,,a,
ASN00023718,20010607,PRCP,160,,,a,
ASN00023718,20010608,PRCP,30,,,a,
ASN00023718,20010612,PRCP,0,,,a,
ASN00023718,20010613,PRCP,0,,,a,
ASN00023718,20010614,PRCP,14,,,a,
ASN00023718,20010615,PRCP,4,,,a,
ASN00023718,20010616,PRCP,0,,,a,
ASN00023718,20010617,PRCP,0,,,a,
ASN00023718,20010618,PRCP,0,,,a,
ASN00023718,20010619,PRCP,0,,,a,
ASN00023718,20010620,PRCP,2,,,a,
ASN00023718,20010621,PRCP,4,,,a,
ASN00023718,20010622,PRCP,8,,,a,
ASN00023718,20010623,PRCP,0,,,a,
ASN00023718,20010624,PRCP,0,,,a,
ASN00023718,20010625,PRCP,0,,,a,
ASN00023718,20010626,PRCP,32,,,a,
ASN00023718,20010627,PRCP,0,,,a,
ASN00023718,20010628,PRCP,0,,,a,
ASN00023718,20010629,PRCP,0,,,a,
ASN00023718,20010630,PRCP,0,,,a,
ASN00023718,20010611,DAPR,3,,,a,
ASN00023718,20010611,DWPR,3,,,a,
ASN00023718,20010611,MDPR,144,,,a,
ASN00023718,20010701,PRCP,0,,,a,
ASN00023718,20010702,PRCP,0,,,a,
ASN00023718,20010703,PRCP,0,,,a,
ASN00023718,20010704,PRCP,0,,,a,
ASN00023718,20010705,PRCP,94,,,a,
ASN00023718,20010706,PRCP,6,,,a,
ASN00023718,20010710,PRCP,0,,,a,
ASN00023718,20010711,PRCP,0,,,a,
ASN00023718,20010712,PRCP,42,,,a,
ASN00023718,20010713,PRCP,4,,,a,
ASN00023718,20010714,PRCP,0,,,a,
ASN00023718,20010715,PRCP,0,,,a,
ASN00023718,20010716,PRCP,0,,,a,
ASN00023718,20010724,PRCP,0,,,a,
ASN00023718,20010725,PRCP,22,,,a,
ASN00023718,20010726,PRCP,0,,,a,
ASN00023718,20010727,PRCP,12,,,a,
ASN00023718,20010728,PRCP,0,,,a,
ASN00023718,20010729,PRCP,0,,,a,
ASN00023718,20010730,PRCP,0,,,a,
ASN00023718,20010731,PRCP,0,,,a,
ASN00023718,20010709,DAPR,3,,,a,
ASN00023718,20010723,DAPR,7,,,a,
ASN00023718,20010709,DWPR,3,,,a,
ASN00023718,20010723,DWPR,5,,,a,
ASN00023718,20010709,MDPR,166,,,a,
ASN00023718,20010723,MDPR,206,,,a,
ASN00023718,20010801,PRCP,70,,,a,
ASN00023718,20010802,PRCP,0,,,a,
ASN00023718,20010803,PRCP,0,,,a,
ASN00023718,20010804,PRCP,0,,,a,
ASN00023718,20010809,PRCP,0,,,a,
ASN00023718,20010810,PRCP,0,,,a,
ASN00023718,20010811,PRCP,24,,,a,
ASN00023718,20010812,PRCP,0,,,a,
ASN00023718,20010813,PRCP,0,,,a,
ASN00023718,20010814,PRCP,0,,,a,
ASN00023718,20010815,PRCP,0,,,a,
ASN00023718,20010816,PRCP,4,,,a,
ASN00023718,20010817,PRCP,70,,,a,
ASN00023718,20010821,PRCP,26,,,a,
ASN00023718,20010822,PRCP,36,,,a,
ASN00023718,20010823,PRCP,18,,,a,
ASN00023718,20010824,PRCP,0,,,a,
ASN00023718,20010825,PRCP,0,,,a,
ASN00023718,20010829,PRCP,34,,,a,
ASN00023718,20010830,PRCP,0,,,a,
ASN00023718,20010831,PRCP,0,,,a,
ASN00023718,20010806,DAPR,2,,,a,
ASN00023718,20010808,DAPR,2,,,a,
ASN00023718,20010820,DAPR,3,,,a,
ASN00023718,20010828,DAPR,3,,,a,
ASN00023718,20010806,DWPR,2,,,a,
ASN00023718,20010808,DWPR,2,,,a,
ASN00023718,20010820,DWPR,3,,,a,
ASN00023718,20010828,DWPR,3,,,a,
ASN00023718,20010806,MDPR,94,,,a,
ASN00023718,20010808,MDPR,82,,,a,
ASN00023718,20010820,MDPR,32,,,a,
ASN00023718,20010828,MDPR,288,,,a,
ASN00023718,20010904,PRCP,30,,,a,
ASN00023718,20010905,PRCP,0,,,a,
ASN00023718,20010906,PRCP,0,,,a,
ASN00023718,20010907,PRCP,108,,,a,
ASN00023718,20010910,PRCP,0,,,a,
ASN00023718,20010911,PRCP,0,,,a,
ASN00023718,20010912,PRCP,0,,,a,
ASN00023718,20010913,PRCP,22,,,a,
ASN00023718,20010914,PRCP,2,,,a,
ASN00023718,20010915,PRCP,0,,,a,
ASN00023718,20010916,PRCP,0,,,a,
ASN00023718,20010917,PRCP,4,,,a,
ASN00023718,20010918,PRCP,0,,,a,
ASN00023718,20010919,PRCP,0,,,a,
ASN00023718,20010920,PRCP,0,,,a,
ASN00023718,20010921,PRCP,0,,,a,
ASN00023718,20010922,PRCP,0,,,a,
ASN00023718,20010923,PRCP,0,,,a,
ASN00023718,20010926,PRCP,10,,,a,
ASN00023718,20010927,PRCP,0,,,a,
ASN00023718,20010928,PRCP,0,,,a,
ASN00023718,20010929,PRCP,0,,,a,
ASN00023718,20010930,PRCP,0,,,a,
ASN00023718,20010903,DAPR,3,,,a,
ASN00023718,20010909,DAPR,2,,,a,
ASN00023718,20010925,DAPR,2,,,a,
ASN00023718,20010903,DWPR,3,,,a,
ASN00023718,20010909,DWPR,2,,,a,
ASN00023718,20010925,DWPR,2,,,a,
ASN00023718,20010903,MDPR,86,,,a,
ASN00023718,20010909,MDPR,226,,,a,
ASN00023718,20010925,MDPR,110,,,a,
ASN00023718,20011003,PRCP,8,,,a,
ASN00023718,20011004,PRCP,26,,,a,
ASN00023718,20011005,PRCP,0,,,a,
ASN00023718,20011010,PRCP,0,,,a,
ASN00023718,20011011,PRCP,42,,,a,
ASN00023718,20011012,PRCP,34,,,a,
ASN00023718,20011015,PRCP,0,,,a,
ASN00023718,20011016,PRCP,0,,,a,
ASN00023718,20011017,PRCP,0,,,a,
ASN00023718,20011018,PRCP,8,,,a,
ASN00023718,20011019,PRCP,10,,,a,
ASN00023718,20011020,PRCP,0,,,a,
ASN00023718,20011021,PRCP,0,,,a,
ASN00023718,20011022,PRCP,0,,,a,
ASN00023718,20011023,PRCP,28,,,a,
ASN00023718,20011024,PRCP,8,,,a,
ASN00023718,20011025,PRCP,70,,,a,
ASN00023718,20011026,PRCP,0,,,a,
ASN00023718,20011027,PRCP,0,,,a,
ASN00023718,20011028,PRCP,0,,,a,
ASN00023718,20011029,PRCP,0,,,a,
ASN00023718,20011030,PRCP,0,,,a,
ASN00023718,20011031,PRCP,4,,,a,
ASN00023718,20011002,DAPR,2,,,a,
ASN00023718,20011009,DAPR,4,,,a,
ASN00023718,20011014,DAPR,2,,,a,
ASN00023718,20011002,DWPR,2,,,a,
ASN00023718,20011009,DWPR,4,,,a,
ASN00023718,20011014,DWPR,2,,,a,
ASN00023718,20011002,MDPR,40,,,a,
ASN00023718,20011009,MDPR,144,,,a,
ASN00023718,20011014,MDPR,26,,,a,
ASN00023718,20011101,PRCP,0,,,a,
ASN00023718,20011102,PRCP,0,,,a,
ASN00023718,20011103,PRCP,0,,,a,
ASN00023718,20011107,PRCP,0,,,a,
ASN00023718,20011108,PRCP,0,,,a,
ASN00023718,20011109,PRCP,0,,,a,
ASN00023718,20011129,PRCP,0,,,a,
ASN00023718,20011130,PRCP,58,,,a,
ASN00023718,20011106,DAPR,3,,,a,
ASN00023718,20011122,DAPR,13,,,a,
ASN00023718,20011128,DAPR,6,,,a,
ASN00023718,20011106,DWPR,3,,,a,
ASN00023718,20011122,DWPR,8,,,a,
ASN00023718,20011128,DWPR,6,,,a,
ASN00023718,20011106,MDPR,80,,,a,
ASN00023718,20011122,MDPR,100,,,a,
ASN00023718,20011128,MDPR,160,,,a,
ASN00023718,20011201,PRCP,0,,,a,
ASN00023718,20011205,PRCP,0,,,a,
ASN00023718,20011206,PRCP,64,,,a,
ASN00023718,20011209,PRCP,0,,,a,
ASN00023718,20011210,PRCP,0,,,a,
ASN00023718,20011211,PRCP,34,,,a,
ASN00023718,20011212,PRCP,0,,,a,
ASN00023718,20011213,PRCP,0,,,a,
ASN00023718,20011214,PRCP,0,,,a,
ASN00023718,20011215,PRCP,0,,,a,
ASN00023718,20011216,PRCP,0,,,a,
ASN00023718,20011217,PRCP,0,,,a,
ASN00023718,20011218,PRCP,0,,,a,
ASN00023718,20011219,PRCP,0,,,a,
ASN00023718,20011220,PRCP,0,,,a,
ASN00023718,20011221,PRCP,0,,,a,
ASN00023718,20011222,PRCP,0,,,a,
ASN00023718,20011223,PRCP,0,,,a,
ASN00023718,20011224,PRCP,0,,,a,
ASN00023718,20011225,PRCP,0,,,a,
ASN00023718,20011226,PRCP,0,,,a,
ASN00023718,20011227,PRCP,20,,,a,
ASN00023718,20011228,PRCP,0,,,a,
ASN00023718,20011229,PRCP,0,,,a,
ASN00023718,20011230,PRCP,0,,,a,
ASN00023718,20011231,PRCP,0,,,a,
ASN00023718,20011204,DAPR,3,,,a,
ASN00023718,20011208,DAPR,2,,,a,
ASN00023718,20011204,DWPR,3,,,a,
ASN00023718,20011208,DWPR,2,,,a,
ASN00023718,20011204,MDPR,84,,,a,
ASN00023718,20011208,MDPR,60,,,a,
ASN00023718,20020103,PRCP,0,,,a,
ASN00023718,20020104,PRCP,0,,,a,
ASN00023718,20020105,PRCP,0,,,a,
ASN00023718,20020106,PRCP,0,,,a,
ASN00023718,20020107,PRCP,20,,,a,
ASN00023718,20020108,PRCP,2,,,a,
ASN00023718,20020109,PRCP,0,,,a,
ASN00023718,20020110,PRCP,0,,,a,
ASN00023718,20020111,PRCP,0,,,a,
ASN00023718,20020112,PRCP,0,,,a,
ASN00023718,20020113,PRCP,0,,,a,
ASN00023718,20020114,PRCP,0,,,a,
ASN00023718,20020115,PRCP,0,,,a,
ASN00023718,20020116,PRCP,0,,,a,
ASN00023718,20020117,PRCP,0,,,a,
ASN00023718,20020118,PRCP,0,,,a,
ASN00023718,20020119,PRCP,0,,,a,
ASN00023718,20020122,PRCP,0,,,a,
ASN00023718,20020123,PRCP,0,,,a,
ASN00023718,20020124,PRCP,0,,,a,
ASN00023718,20020125,PRCP,0,,,a,
ASN00023718,20020126,PRCP,0,,,a,
ASN00023718,20020127,PRCP,20,,,a,
ASN00023718,20020128,PRCP,0,,,a,
ASN00023718,20020129,PRCP,0,,,a,
ASN00023718,20020130,PRCP,0,,,a,
ASN00023718,20020131,PRCP,0,,,a,
ASN00023718,20020102,DAPR,2,,,a,
ASN00023718,20020121,DAPR,2,,,a,
ASN00023718,20020102,DWPR,2,,,a,
ASN00023718,20020121,DWPR,2,,,a,
ASN00023718,20020102,MDPR,20,,,a,
ASN00023718,20020121,MDPR,140,,,a,
ASN00023718,20020201,PRCP,0,,,a,
ASN00023718,20020202,PRCP,0,,,a,
ASN00023718,20020203,PRCP,0,,,a,
ASN00023718,20020204,PRCP,0,,,a,
ASN00023718,20020205,PRCP,0,,,a,
ASN00023718,20020206,PRCP,0,,,a,
ASN00023718,20020207,PRCP,0,,,a,
ASN00023718,20020208,PRCP,12,,,a,
ASN00023718,20020209,PRCP,0,,,a,
ASN00023718,20020210,PRCP,0,,,a,
ASN00023718,20020211,PRCP,0,,,a,
ASN00023718,20020212,PRCP,0,,,a,
ASN00023718,20020213,PRCP,0,,,a,
ASN00023718,20020214,PRCP,0,,,a,
ASN00023718,20020215,PRCP,0,,,a,
ASN00023718,20020216,PRCP,0,,,a,
ASN00023718,20020217,PRCP,0,,,a,
ASN00023718,20020218,PRCP,0,,,a,
ASN00023718,20020219,PRCP,0,,,a,
ASN00023718,20020220,PRCP,0,,,a,
ASN00023718,20020221,PRCP,0,,,a,
ASN00023718,20020222,PRCP,0,,,a,
ASN00023718,20020223,PRCP,0,,,a,
ASN00023718,20020224,PRCP,0,,,a,
ASN00023718,20020225,PRCP,0,,,a,
ASN00023718,20020226,PRCP,0,,,a,
ASN00023718,20020227,PRCP,0,,,a,
ASN00023718,20020228,PRCP,0,,,a,
ASN00023718,20020301,PRCP,10,,,a,
ASN00023718,20020302,PRCP,0,,,a,
ASN00023718,20020303,PRCP,0,,,a,
ASN00023718,20020304,PRCP,0,,,a,
ASN00023718,20020305,PRCP,0,,,a,
ASN00023718,20020306,PRCP,0,,,a,
ASN00023718,20020307,PRCP,0,,,a,
ASN00023718,20020308,PRCP,0,,,a,
ASN00023718,20020309,PRCP,0,,,a,
ASN00023718,20020310,PRCP,0,,,a,
ASN00023718,20020311,PRCP,0,,,a,
ASN00023718,20020312,PRCP,0,,,a,
ASN00023718,20020313,PRCP,0,,,a,
ASN00023718,20020314,PRCP,0,,,a,
ASN00023718,20020315,PRCP,0,,,a,
ASN00023718,20020316,PRCP,0,,,a,
ASN00023718,20020317,PRCP,0,,,a,
ASN00023718,20020318,PRCP,0,,,a,
ASN00023718,20020319,PRCP,0,,,a,
ASN00023718,20020320,PRCP,0,,,a,
ASN00023718,20020321,PRCP,0,,,a,
ASN00023718,20020322,PRCP,0,,,a,
ASN00023718,20020323,PRCP,0,,,a,
ASN00023718,20020324,PRCP,0,,,a,
ASN00023718,20020325,PRCP,0,,,a,
ASN00023718,20020326,PRCP,128,,,a,
ASN00023718,20020327,PRCP,6,,,a,
ASN00023718,20020328,PRCP,0,,,a,
ASN00023718,20020329,PRCP,0,,,a,
ASN00023718,20020330,PRCP,0,,,a,
ASN00023718,20020331,PRCP,0,,,a,
ASN00023718,20020401,PRCP,0,,,a,
ASN00023718,20020402,PRCP,0,,,a,
ASN00023718,20020403,PRCP,0,,,a,
ASN00023718,20020404,PRCP,2,,,a,
ASN00023718,20020405,PRCP,0,,,a,
ASN00023718,20020406,PRCP,0,,,a,
ASN00023718,20020407,PRCP,0,,,a,
ASN00023718,20020408,PRCP,0,,,a,
ASN00023718,20020409,PRCP,0,,,a,
ASN00023718,20020410,PRCP,0,,,a,
ASN00023718,20020411,PRCP,0,,,a,
ASN00023718,20020412,PRCP,0,,,a,
ASN00023718,20020413,PRCP,60,,,a,
ASN00023718,20020414,PRCP,0,,,a,
ASN00023718,20020415,PRCP,0,,,a,
ASN00023718,20020416,PRCP,0,,,a,
ASN00023718,20020417,PRCP,0,,,a,
ASN00023718,20020418,PRCP,0,,,a,
ASN00023718,20020419,PRCP,0,,,a,
ASN00023718,20020420,PRCP,0,,,a,
ASN00023718,20020421,PRCP,0,,,a,
ASN00023718,20020422,PRCP,0,,,a,
ASN00023718,20020423,PRCP,0,,,a,
ASN00023718,20020424,PRCP,0,,,a,
ASN00023718,20020425,PRCP,22,,,a,
ASN00023718,20020426,PRCP,0,,,a,
ASN00023718,20020427,PRCP,0,,,a,
ASN00023718,20020428,PRCP,0,,,a,
ASN00023718,20020429,PRCP,0,,,a,
ASN00023718,20020430,PRCP,0,,,a,
ASN00023718,20020501,PRCP,0,,,a,
ASN00023718,20020502,PRCP,0,,,a,
ASN00023718,20020503,PRCP,0,,,a,
ASN00023718,20020504,PRCP,0,,,a,
ASN00023718,20020505,PRCP,0,,,a,
ASN00023718,20020506,PRCP,0,,,a,
ASN00023718,20020507,PRCP,0,,,a,
ASN00023718,20020508,PRCP,0,,,a,
ASN00023718,20020509,PRCP,62,,,a,
ASN00023718,20020510,PRCP,0,,,a,
ASN00023718,20020511,PRCP,0,,,a,
ASN00023718,20020512,PRCP,0,,,a,
ASN00023718,20020513,PRCP,8,,,a,
ASN00023718,20020514,PRCP,12,,,a,
ASN00023718,20020515,PRCP,30,,,a,
ASN00023718,20020516,PRCP,10,,,a,
ASN00023718,20020517,PRCP,0,,,a,
ASN00023718,20020523,PRCP,0,,,a,
ASN00023718,20020524,PRCP,0,,,a,
ASN00023718,20020525,PRCP,0,,,a,
ASN00023718,20020526,PRCP,0,,,a,
ASN00023718,20020527,PRCP,0,,,a,
ASN00023718,20020528,PRCP,0,,,a,
ASN00023718,20020529,PRCP,0,,,a,
ASN00023718,20020530,PRCP,0,,,a,
ASN00023718,20020531,PRCP,64,,,a,
ASN00023718,20020522,DAPR,5,,,a,
ASN00023718,20020522,DWPR,4,,,a,
ASN00023718,20020522,MDPR,310,,,a,
ASN00023718,20020601,PRCP,0,,,a,
ASN00023718,20020602,PRCP,0,,,a,
ASN00023718,20020605,PRCP,0,,,a,
ASN00023718,20020612,PRCP,0,,,a,
ASN00023718,20020615,PRCP,0,,,a,
ASN00023718,20020619,PRCP,0,,,a,
ASN00023718,20020620,PRCP,6,,,a,
ASN00023718,20020621,PRCP,0,,,a,
ASN00023718,20020622,PRCP,0,,,a,
ASN00023718,20020623,PRCP,0,,,a,
ASN00023718,20020624,PRCP,0,,,a,
ASN00023718,20020625,PRCP,12,,,a,
ASN00023718,20020626,PRCP,0,,,a,
ASN00023718,20020627,PRCP,64,,,a,
ASN00023718,20020628,PRCP,38,,,a,
ASN00023718,20020629,PRCP,0,,,a,
ASN00023718,20020630,PRCP,0,,,a,
ASN00023718,20020604,DAPR,2,,,a,
ASN00023718,20020611,DAPR,6,,,a,
ASN00023718,20020614,DAPR,2,,,a,
ASN00023718,20020618,DAPR,3,,,a,
ASN00023718,20020604,DWPR,2,,,a,
ASN00023718,20020611,DWPR,6,,,a,
ASN00023718,20020614,DWPR,2,,,a,
ASN00023718,20020618,DWPR,3,,,a,
ASN00023718,20020604,MDPR,6,,,a,
ASN00023718,20020611,MDPR,160,,,a,
ASN00023718,20020614,MDPR,112,,,a,
ASN00023718,20020618,MDPR,84,,,a,
ASN00023718,20020701,PRCP,0,,,a,
ASN00023718,20020702,PRCP,2,,,a,
ASN00023718,20020703,PRCP,70,,,a,
ASN00023718,20020704,PRCP,74,,,a,
ASN00023718,20020705,PRCP,28,,,a,
ASN00023718,20020706,PRCP,0,,,a,
ASN00023718,20020711,PRCP,0,,,a,
ASN00023718,20020712,PRCP,16,,,a,
ASN00023718,20020719,PRCP,0,,,a,
ASN00023718,20020720,PRCP,0,,,a,
ASN00023718,20020723,PRCP,0,,,a,
ASN00023718,20020724,PRCP,0,,,a,
ASN00023718,20020725,PRCP,0,,,a,
ASN00023718,20020726,PRCP,0,,,a,
ASN00023718,20020730,PRCP,0,,,a,
ASN00023718,20020731,PRCP,0,,,a,
ASN00023718,20020708,DAPR,2,,,a,
ASN00023718,20020710,DAPR,2,,,a,
ASN00023718,20020718,DAPR,6,,,a,
ASN00023718,20020722,DAPR,2,,,a,
ASN00023718,20020729,DAPR,3,,,a,
ASN00023718,20020708,DWPR,2,,,a,
ASN00023718,20020710,DWPR,2,,,a,
ASN00023718,20020718,DWPR,5,,,a,
ASN00023718,20020722,DWPR,2,,,a,
ASN00023718,20020729,DWPR,3,,,a,
ASN00023718,20020708,MDPR,20,,,a,
ASN00023718,20020710,MDPR,10,,,a,
ASN00023718,20020718,MDPR,110,,,a,
ASN00023718,20020722,MDPR,2,,,a,
ASN00023718,20020729,MDPR,156,,,a,
ASN00023718,20020801,PRCP,8,,,a,
ASN00023718,20020806,PRCP,60,,,a,
ASN00023718,20020814,PRCP,20,,,a,
ASN00023718,20020828,PRCP,42,,,a,
ASN00023718,20020829,PRCP,6,,,a,
ASN00023718,20020830,PRCP,2,,,a,
ASN00023718,20020805,DAPR,2,,,a,
ASN00023718,20020813,DAPR,2,,,a,
ASN00023718,20020805,MDPR,114,,,a,
ASN00023718,20020813,MDPR,128,,,a,
ASN00023718,20020901,PRCP,0,,,a,
ASN00023718,20020902,PRCP,0,,,a,
ASN00023718,20020903,PRCP,98,,,a,
ASN00023718,20020904,PRCP,32,,,a,
ASN00023718,20020905,PRCP,0,,,a,
ASN00023718,20020906,PRCP,0,,,a,
ASN00023718,20020907,PRCP,0,,,a,
ASN00023718,20020908,PRCP,0,,,a,
ASN00023718,20020911,PRCP,0,,,a,
ASN00023718,20020912,PRCP,0,,,a,
ASN00023718,20020913,PRCP,0,,,a,
ASN00023718,20020914,PRCP,0,,,a,
ASN00023718,20020915,PRCP,0,,,a,
ASN00023718,20020916,PRCP,24,,,a,
ASN00023718,20020917,PRCP,20,,,a,
ASN00023718,20020918,PRCP,0,,,a,
ASN00023718,20020919,PRCP,0,,,a,
ASN00023718,20020920,PRCP,0,,,a,
ASN00023718,20020921,PRCP,0,,,a,
ASN00023718,20020922,PRCP,0,,,a,
ASN00023718,20020923,PRCP,0,,,a,
ASN00023718,20020924,PRCP,0,,,a,
ASN00023718,20020930,PRCP,0,,,a,
ASN00023718,20020910,DAPR,2,,,a,
ASN00023718,20020929,DAPR,5,,,a,
ASN00023718,20020910,DWPR,2,,,a,
ASN00023718,20020929,DWPR,4,,,a,
ASN00023718,20020910,MDPR,80,,,a,
ASN00023718,20020929,MDPR,170,,,a,
ASN00023718,20021001,PRCP,0,,,a,
ASN00023718,20021002,PRCP,0,,,a,
ASN00023718,20021003,PRCP,0,,,a,
ASN00023718,20021004,PRCP,0,,,a,
ASN00023718,20021010,PRCP,0,,,a,
ASN00023718,20021011,PRCP,0,,,a,
ASN00023718,20021012,PRCP,0,,,a,
ASN00023718,20021013,PRCP,0,,,a,
ASN00023718,20021014,PRCP,26,,,a,
ASN00023718,20021015,PRCP,2,,,a,
ASN00023718,20021016,PRCP,0,,,a,
ASN00023718,20021017,PRCP,0,,,a,
ASN00023718,20021018,PRCP,0,,,a,
ASN00023718,20021019,PRCP,0,,,a,
ASN00023718,20021020,PRCP,0,,,a,
ASN00023718,20021021,PRCP,0,,,a,
ASN00023718,20021022,PRCP,0,,,a,
ASN00023718,20021023,PRCP,0,,,a,
ASN00023718,20021029,PRCP,0,,,a,
ASN00023718,20021030,PRCP,0,,,a,
ASN00023718,20021031,PRCP,0,,,a,
ASN00023718,20021009,DAPR,5,,,a,
ASN00023718,20021028,DAPR,5,,,a,
ASN00023718,20021009,DWPR,5,,,a,
ASN00023718,20021028,DWPR,5,,,a,
ASN00023718,20021009,MDPR,130,,,a,
ASN00023718,20021028,MDPR,72,,,a,
ASN00023718,20021101,PRCP,0,,,a,
ASN00023718,20021102,PRCP,16,,,a,
ASN00023718,20021103,PRCP,0,,,a,
ASN00023718,20021104,PRCP,0,,,a,
ASN00023718,20021105,PRCP,0,,,a,
ASN00023718,20021106,PRCP,0,,,a,
ASN00023718,20021107,PRCP,0,,,a,
ASN00023718,20021108,PRCP,0,,,a,
ASN00023718,20021109,PRCP,0,,,a,
ASN00023718,20021110,PRCP,0,,,a,
ASN00023718,20021111,PRCP,0,,,a,
ASN00023718,20021112,PRCP,0,,,a,
ASN00023718,20021115,PRCP,0,,,a,
ASN00023718,20021116,PRCP,0,,,a,
ASN00023718,20021117,PRCP,0,,,a,
ASN00023718,20021118,PRCP,0,,,a,
ASN00023718,20021119,PRCP,0,,,a,
ASN00023718,20021120,PRCP,6,,,a,
ASN00023718,20021121,PRCP,0,,,a,
ASN00023718,20021122,PRCP,0,,,a,
ASN00023718,20021123,PRCP,0,,,a,
ASN00023718,20021124,PRCP,0,,,a,
ASN00023718,20021125,PRCP,70,,,a,
ASN00023718,20021126,PRCP,254,,,a,
ASN00023718,20021127,PRCP,8,,,a,
ASN00023718,20021128,PRCP,0,,,a,
ASN00023718,20021129,PRCP,0,,,a,
ASN00023718,20021130,PRCP,0,,,a,
ASN00023718,20021114,DAPR,2,,,a,
ASN00023718,20021114,DWPR,2,,,a,
ASN00023718,20021114,MDPR,10,,,a,
ASN00023718,20021201,PRCP,0,,,a,
ASN00023718,20021202,PRCP,0,,,a,
ASN00023718,20021203,PRCP,0,,,a,
ASN00023718,20021204,PRCP,0,,,a,
ASN00023718,20021205,PRCP,0,,,a,
ASN00023718,20021206,PRCP,0,,,a,
ASN00023718,20021207,PRCP,0,,,a,
ASN00023718,20021208,PRCP,0,,,a,
ASN00023718,20021209,PRCP,14,,,a,
ASN00023718,20021210,PRCP,2,,,a,
ASN00023718,20021211,PRCP,0,,,a,
ASN00023718,20021212,PRCP,0,,,a,
ASN00023718,20021213,PRCP,0,,,a,
ASN00023718,20021214,PRCP,0,,,a,
ASN00023718,20021215,PRCP,0,,,a,
ASN00023718,20021216,PRCP,0,,,a,
ASN00023718,20021217,PRCP,0,,,a,
ASN00023718,20021218,PRCP,0,,,a,
ASN00023718,20021219,PRCP,0,,,a,
ASN00023718,20021220,PRCP,0,,,a,
ASN00023718,20021221,PRCP,0,,,a,
ASN00023718,20021222,PRCP,0,,,a,
ASN00023718,20021223,PRCP,0,,,a,
ASN00023718,20021224,PRCP,0,,,a,
ASN00023718,20021225,PRCP,0,,,a,
ASN00023718,20021226,PRCP,0,,,a,
ASN00023718,20021227,PRCP,0,,,a,
ASN00023718,20021228,PRCP,0,,,a,
ASN00023718,20021229,PRCP,0,,,a,
ASN00023718,20021230,PRCP,0,,,a,
ASN00023718,20021231,PRCP,0,,,a,
ASN00023718,20030101,PRCP,0,,,a,
ASN00023718,20030102,PRCP,4,,,a,
ASN00023718,20030103,PRCP,0,,,a,
ASN00023718,20030104,PRCP,0,,,a,
ASN00023718,20030105,PRCP,0,,,a,
ASN00023718,20030106,PRCP,0,,,a,
ASN00023718,20030107,PRCP,0,,,a,
ASN00023718,20030108,PRCP,0,,,a,
ASN00023718,20030109,PRCP,0,,,a,
ASN00023718,20030110,PRCP,0,,,a,
ASN00023718,20030111,PRCP,0,,,a,
ASN00023718,20030112,PRCP,0,,,a,
ASN00023718,20030113,PRCP,0,,,a,
ASN00023718,20030114,PRCP,0,,,a,
ASN00023718,20030115,PRCP,0,,,a,
ASN00023718,20030116,PRCP,0,,,a,
ASN00023718,20030117,PRCP,0,,,a,
ASN00023718,20030118,PRCP,0,,,a,
ASN00023718,20030119,PRCP,0,,,a,
ASN00023718,20030120,PRCP,0,,,a,
ASN00023718,20030121,PRCP,0,,,a,
ASN00023718,20030122,PRCP,0,,,a,
ASN00023718,20030123,PRCP,0,,,a,
ASN00023718,20030124,PRCP,0,,,a,
ASN00023718,20030125,PRCP,0,,,a,
ASN00023718,20030126,PRCP,0,,,a,
ASN00023718,20030127,PRCP,0,,,a,
ASN00023718,20030128,PRCP,0,,,a,
ASN00023718,20030129,PRCP,0,,,a,
ASN00023718,20030130,PRCP,188,,,a,
ASN00023718,20030131,PRCP,10,,,a,
ASN00023718,20030201,PRCP,0,,,a,
ASN00023718,20030202,PRCP,0,,,a,
ASN00023718,20030203,PRCP,0,,,a,
ASN00023718,20030204,PRCP,0,,,a,
ASN00023718,20030205,PRCP,0,,,a,
ASN00023718,20030206,PRCP,0,,,a,
ASN00023718,20030207,PRCP,0,,,a,
ASN00023718,20030208,PRCP,0,,,a,
ASN00023718,20030209,PRCP,0,,,a,
ASN00023718,20030210,PRCP,0,,,a,
ASN00023718,20030211,PRCP,0,,,a,
ASN00023718,20030212,PRCP,0,,,a,
ASN00023718,20030213,PRCP,0,,,a,
ASN00023718,20030214,PRCP,0,,,a,
ASN00023718,20030215,PRCP,0,,,a,
ASN00023718,20030216,PRCP,48,,,a,
ASN00023718,20030217,PRCP,0,,,a,
ASN00023718,20030218,PRCP,0,,,a,
ASN00023718,20030219,PRCP,0,,,a,
ASN00023718,20030222,PRCP,0,,,a,
ASN00023718,20030223,PRCP,0,,,a,
ASN00023718,20030224,PRCP,0,,,a,
ASN00023718,20030225,PRCP,14,,,a,
ASN00023718,20030226,PRCP,0,,,a,
ASN00023718,20030227,PRCP,0,,,a,
ASN00023718,20030228,PRCP,42,,,a,
ASN00023718,20030221,DAPR,2,,,a,
ASN00023718,20030221,DWPR,2,,,a,
ASN00023718,20030221,MDPR,204,,,a,
ASN00023718,20030301,PRCP,52,,,a,
ASN00023718,20030302,PRCP,0,,,a,
ASN00023718,20030303,PRCP,0,,,a,
ASN00023718,20030304,PRCP,0,,,a,
ASN00023718,20030305,PRCP,0,,,a,
ASN00023718,20030306,PRCP,0,,,a,
ASN00023718,20030307,PRCP,0,,,a,
ASN00023718,20030308,PRCP,0,,,a,
ASN00023718,20030309,PRCP,0,,,a,
ASN00023718,20030310,PRCP,0,,,a,
ASN00023718,20030311,PRCP,0,,,a,
ASN00023718,20030312,PRCP,0,,,a,
ASN00023718,20030313,PRCP,0,,,a,
ASN00023718,20030314,PRCP,0,,,a,
ASN00023718,20030315,PRCP,0,,,a,
ASN00023718,20030316,PRCP,0,,,a,
ASN00023718,20030317,PRCP,0,,,a,
ASN00023718,20030318,PRCP,0,,,a,
ASN00023718,20030319,PRCP,86,,,a,
ASN00023718,20030320,PRCP,56,,,a,
ASN00023718,20030324,PRCP,0,,,a,
ASN00023718,20030325,PRCP,0,,,a,
ASN00023718,20030326,PRCP,0,,,a,
ASN00023718,20030327,PRCP,0,,,a,
ASN00023718,20030328,PRCP,0,,,a,
ASN00023718,20030329,PRCP,0,,,a,
ASN00023718,20030330,PRCP,0,,,a,
ASN00023718,20030331,PRCP,0,,,a,
ASN00023718,20030323,DAPR,3,,,a,
ASN00023718,20030323,DWPR,3,,,a,
ASN00023718,20030323,MDPR,26,,,a,
ASN00023718,20030401,PRCP,0,,,a,
ASN00023718,20030402,PRCP,0,,,a,
ASN00023718,20030403,PRCP,0,,,a,
ASN00023718,20030404,PRCP,0,,,a,
ASN00023718,20030405,PRCP,0,,,a,
ASN00023718,20030406,PRCP,0,,,a,
ASN00023718,20030407,PRCP,0,,,a,
ASN00023718,20030408,PRCP,50,,,a,
ASN00023718,20030409,PRCP,0,,,a,
ASN00023718,20030410,PRCP,0,,,a,
ASN00023718,20030411,PRCP,68,,,a,
ASN00023718,20030412,PRCP,0,,,a,
ASN00023718,20030415,PRCP,18,,,a,
ASN00023718,20030416,PRCP,0,,,a,
ASN00023718,20030417,PRCP,0,,,a,
ASN00023718,20030418,PRCP,0,,,a,
ASN00023718,20030419,PRCP,0,,,a,
ASN00023718,20030420,PRCP,0,,,a,
ASN00023718,20030421,PRCP,0,,,a,
ASN00023718,20030422,PRCP,0,,,a,
ASN00023718,20030423,PRCP,0,,,a,
ASN00023718,20030424,PRCP,0,,,a,
ASN00023718,20030425,PRCP,0,,,a,
ASN00023718,20030426,PRCP,0,,,a,
ASN00023718,20030427,PRCP,0,,,a,
ASN00023718,20030428,PRCP,0,,,a,
ASN00023718,20030429,PRCP,0,,,a,
ASN00023718,20030430,PRCP,0,,,a,
ASN00023718,20030414,DAPR,2,,,a,
ASN00023718,20030414,DWPR,2,,,a,
ASN00023718,20030414,MDPR,26,,,a,
ASN00023718,20030501,PRCP,246,,,a,
ASN00023718,20030502,PRCP,0,,,a,
ASN00023718,20030503,PRCP,0,,,a,
ASN00023718,20030504,PRCP,0,,,a,
ASN00023718,20030505,PRCP,0,,,a,
ASN00023718,20030506,PRCP,0,,,a,
ASN00023718,20030507,PRCP,0,,,a,
ASN00023718,20030508,PRCP,0,,,a,
ASN00023718,20030509,PRCP,0,,,a,
ASN00023718,20030513,PRCP,0,,,a,
ASN00023718,20030514,PRCP,0,,,a,
ASN00023718,20030515,PRCP,0,,,a,
ASN00023718,20030516,PRCP,0,,,a,
ASN00023718,20030517,PRCP,0,,,a,
ASN00023718,20030521,PRCP,8,,,a,
ASN00023718,20030522,PRCP,0,,,a,
ASN00023718,20030523,PRCP,14,,,a,
ASN00023718,20030527,PRCP,0,,,a,
ASN00023718,20030528,PRCP,0,,,a,
ASN00023718,20030529,PRCP,0,,,a,
ASN00023718,20030530,PRCP,0,,,a,
ASN00023718,20030531,PRCP,0,,,a,
ASN00023718,20030512,DAPR,3,,,a,
ASN00023718,20030520,DAPR,3,,,a,
ASN00023718,20030526,DAPR,3,,,a,
ASN00023718,20030512,DWPR,3,,,a,
ASN00023718,20030520,DWPR,3,,,a,
ASN00023718,20030526,DWPR,3,,,a,
ASN00023718,20030512,MDPR,154,,,a,
ASN00023718,20030520,MDPR,198,,,a,
ASN00023718,20030526,MDPR,46,,,a,
ASN00023718,20030604,PRCP,0,,,a,
ASN00023718,20030605,PRCP,190,,,a,
ASN00023718,20030606,PRCP,100,,,a,
ASN00023718,20030607,PRCP,64,,,a,
ASN00023718,20030608,PRCP,0,,,a,
ASN00023718,20030609,PRCP,0,,,a,
ASN00023718,20030610,PRCP,0,,,a,
ASN00023718,20030611,PRCP,0,,,a,
ASN00023718,20030612,PRCP,0,,,a,
ASN00023718,20030616,PRCP,30,,,a,
ASN00023718,20030617,PRCP,0,,,a,
ASN00023718,20030618,PRCP,18,,,a,
ASN00023718,20030619,PRCP,46,,,a,
ASN00023718,20030620,PRCP,6,,,a,
ASN00023718,20030621,PRCP,0,,,a,
ASN00023718,20030624,PRCP,0,,,a,
ASN00023718,20030625,PRCP,0,,,a,
ASN00023718,20030626,PRCP,0,,,a,
ASN00023718,20030627,PRCP,38,,,a,
ASN00023718,20030603,DAPR,3,,,a,
ASN00023718,20030615,DAPR,3,,,a,
ASN00023718,20030623,DAPR,2,,,a,
ASN00023718,20030630,DAPR,3,,,a,
ASN00023718,20030603,DWPR,2,,,a,
ASN00023718,20030615,DWPR,3,,,a,
ASN00023718,20030623,DWPR,2,,,a,
ASN00023718,20030630,DWPR,3,,,a,
ASN00023718,20030603,MDPR,34,,,a,
ASN00023718,20030615,MDPR,16,,,a,
ASN00023718,20030623,MDPR,106,,,a,
ASN00023718,20030630,MDPR,68,,,a,
ASN00023718,20030701,PRCP,4,,,a,
ASN00023718,20030702,PRCP,0,,,a,
ASN00023718,20030703,PRCP,0,,,a,
ASN00023718,20030704,PRCP,0,,,a,
ASN00023718,20030705,PRCP,0,,,a,
ASN00023718,20030706,PRCP,0,,,a,
ASN00023718,20030707,PRCP,0,,,a,
ASN00023718,20030708,PRCP,8,,,a,
ASN00023718,20030709,PRCP,42,,,a,
ASN00023718,20030710,PRCP,0,,,a,
ASN00023718,20030711,PRCP,0,,,a,
ASN00023718,20030715,PRCP,0,,,a,
ASN00023718,20030716,PRCP,36,,,a,
ASN00023718,20030717,PRCP,0,,,a,
ASN00023718,20030718,PRCP,0,,,a,
ASN00023718,20030719,PRCP,0,,,a,
ASN00023718,20030720,PRCP,0,,,a,
ASN00023718,20030721,PRCP,4,,,a,
ASN00023718,20030722,PRCP,28,,,a,
ASN00023718,20030723,PRCP,0,,,a,
ASN00023718,20030724,PRCP,150,,,a,
ASN00023718,20030725,PRCP,70,,,a,
ASN00023718,20030730,PRCP,30,,,a,
ASN00023718,20030731,PRCP,0,,,a,
ASN00023718,20030714,DAPR,3,,,a,
ASN00023718,20030729,DAPR,4,,,a,
ASN00023718,20030714,DWPR,3,,,a,
ASN00023718,20030729,DWPR,2,,,a,
ASN00023718,20030714,MDPR,100,,,a,
ASN00023718,20030729,MDPR,118,,,a,
ASN00023718,20030801,PRCP,0,,,a,
ASN00023718,20030802,PRCP,0,,,a,
ASN00023718,20030803,PRCP,0,,,a,
ASN00023718,20030804,PRCP,0,,,a,
ASN00023718,20030805,PRCP,106,,,a,
ASN00023718,20030806,PRCP,36,,,a,
ASN00023718,20030807,PRCP,0,,,a,
ASN00023718,20030808,PRCP,8,,,a,
ASN00023718,20030812,PRCP,0,,,a,
ASN00023718,20030813,PRCP,62,,,a,
ASN00023718,20030814,PRCP,54,,,a,
ASN00023718,20030815,PRCP,4,,,a,
ASN00023718,20030816,PRCP,0,,,a,
ASN00023718,20030817,PRCP,0,,,a,
ASN00023718,20030818,PRCP,16,,,a,
ASN00023718,20030819,PRCP,6,,,a,
ASN00023718,20030820,PRCP,0,,,a,
ASN00023718,20030821,PRCP,96,,,a,
ASN00023718,20030822,PRCP,6,,,a,
ASN00023718,20030828,PRCP,0,,,a,
ASN00023718,20030829,PRCP,0,,,a,
ASN00023718,20030811,DAPR,3,,,a,
ASN00023718,20030825,DAPR,3,,,a,
ASN00023718,20030827,DAPR,2,,,a,
ASN00023718,20030831,DAPR,2,,,a,
ASN00023718,20030811,DWPR,2,,,a,
ASN00023718,20030825,DWPR,3,,,a,
ASN00023718,20030827,DWPR,2,,,a,
ASN00023718,20030831,DWPR,2,,,a,
ASN00023718,20030811,MDPR,94,,,a,
ASN00023718,20030825,MDPR,290,,,a,
ASN00023718,20030827,MDPR,16,,,a,
ASN00023718,20030831,MDPR,166,,,a,
ASN00023718,20030901,PRCP,16,,,a,
ASN00023718,20030902,PRCP,12,,,a,
ASN00023718,20030903,PRCP,0,,,a,
ASN00023718,20030904,PRCP,0,,,a,
ASN00023718,20030905,PRCP,0,,,a,
ASN00023718,20030906,PRCP,82,,,a,
ASN00023718,20030907,PRCP,0,,,a,
ASN00023718,20030908,PRCP,0,,,a,
ASN00023718,20030909,PRCP,0,,,a,
ASN00023718,20030910,PRCP,0,,,a,
ASN00023718,20030911,PRCP,10,,,a,
ASN00023718,20030912,PRCP,0,,,a,
ASN00023718,20030916,PRCP,0,,,a,
ASN00023718,20030917,PRCP,12,,,a,
ASN00023718,20030918,PRCP,0,,,a,
ASN00023718,20030919,PRCP,2,,,a,
ASN00023718,20030920,PRCP,2,,,a,
ASN00023718,20030921,PRCP,0,,,a,
ASN00023718,20030922,PRCP,0,,,a,
ASN00023718,20030923,PRCP,2,,,a,
ASN00023718,20030924,PRCP,8,,,a,
ASN00023718,20030925,PRCP,18,,,a,
ASN00023718,20030930,PRCP,0,,,a,
ASN00023718,20030915,DAPR,3,,,a,
ASN00023718,20030929,DAPR,4,,,a,
ASN00023718,20030915,DWPR,3,,,a,
ASN00023718,20030929,DWPR,4,,,a,
ASN00023718,20030915,MDPR,140,,,a,
ASN00023718,20030929,MDPR,48,,,a,
ASN00023718,20031001,PRCP,150,,,a,
ASN00023718,20031002,PRCP,390,,,a,
ASN00023718,20031003,PRCP,10,,,a,
ASN00023718,20031004,PRCP,0,,,a,
ASN00023718,20031005,PRCP,0,,,a,
ASN00023718,20031006,PRCP,0,,,a,
ASN00023718,20031007,PRCP,0,,,a,
ASN00023718,20031011,PRCP,10,,,a,
ASN00023718,20031012,PRCP,0,,,a,
ASN00023718,20031013,PRCP,0,,,a,
ASN00023718,20031014,PRCP,0,,,a,
ASN00023718,20031015,PRCP,0,,,a,
ASN00023718,20031016,PRCP,0,,,a,
ASN00023718,20031017,PRCP,0,,,a,
ASN00023718,20031018,PRCP,0,,,a,
ASN00023718,20031019,PRCP,0,,,a,
ASN00023718,20031020,PRCP,0,,,a,
ASN00023718,20031021,PRCP,72,,,a,
ASN00023718,20031022,PRCP,4,,,a,
ASN00023718,20031023,PRCP,14,,,a,
ASN00023718,20031024,PRCP,0,,,a,
ASN00023718,20031025,PRCP,0,,,a,
ASN00023718,20031026,PRCP,22,,,a,
ASN00023718,20031027,PRCP,0,,,a,
ASN00023718,20031028,PRCP,22,,,a,
ASN00023718,20031029,PRCP,36,,,a,
ASN00023718,20031030,PRCP,12,,,a,
ASN00023718,20031031,PRCP,70,,,a,
ASN00023718,20031010,DAPR,3,,,a,
ASN00023718,20031010,DWPR,3,,,a,
ASN00023718,20031010,MDPR,56,,,a,
ASN00023718,20031103,PRCP,0,,,a,
ASN00023718,20031104,PRCP,0,,,a,
ASN00023718,20031105,PRCP,0,,,a,
ASN00023718,20031106,PRCP,0,,,a,
ASN00023718,20031107,PRCP,0,,,a,
ASN00023718,20031108,PRCP,0,,,a,
ASN00023718,20031109,PRCP,0,,,a,
ASN00023718,20031110,PRCP,0,,,a,
ASN00023718,20031111,PRCP,0,,,a,
ASN00023718,20031112,PRCP,0,,,a,
ASN00023718,20031113,PRCP,0,,,a,
ASN00023718,20031114,PRCP,0,,,a,
ASN00023718,20031115,PRCP,0,,,a,
ASN00023718,20031116,PRCP,0,,,a,
ASN00023718,20031117,PRCP,0,,,a,
ASN00023718,20031118,PRCP,26,,,a,
ASN00023718,20031119,PRCP,0,,,a,
ASN00023718,20031124,PRCP,0,,,a,
ASN00023718,20031125,PRCP,0,,,a,
ASN00023718,20031126,PRCP,0,,,a,
ASN00023718,20031127,PRCP,0,,,a,
ASN00023718,20031128,PRCP,0,,,a,
ASN00023718,20031129,PRCP,0,,,a,
ASN00023718,20031130,PRCP,46,,,a,
ASN00023718,20031102,DAPR,2,,,a,
ASN00023718,20031123,DAPR,4,,,a,
ASN00023718,20031102,DWPR,2,,,a,
ASN00023718,20031123,DWPR,4,,,a,
ASN00023718,20031102,MDPR,44,,,a,
ASN00023718,20031123,MDPR,100,,,a,
ASN00023718,20031201,PRCP,0,,,a,
ASN00023718,20031202,PRCP,0,,,a,
ASN00023718,20031203,PRCP,0,,,a,
ASN00023718,20031204,PRCP,0,,,a,
ASN00023718,20031205,PRCP,0,,,a,
ASN00023718,20031206,PRCP,0,,,a,
ASN00023718,20031207,PRCP,0,,,a,
ASN00023718,20031208,PRCP,0,,,a,
ASN00023718,20031209,PRCP,0,,,a,
ASN00023718,20031210,PRCP,0,,,a,
ASN00023718,20031211,PRCP,0,,,a,
ASN00023718,20031212,PRCP,0,,,a,
ASN00023718,20031213,PRCP,0,,,a,
ASN00023718,20031214,PRCP,0,,,a,
ASN00023718,20031215,PRCP,0,,,a,
ASN00023718,20031216,PRCP,0,,,a,
ASN00023718,20031217,PRCP,0,,,a,
ASN00023718,20031218,PRCP,0,,,a,
ASN00023718,20031219,PRCP,0,,,a,
ASN00023718,20031223,PRCP,0,,,a,
ASN00023718,20031224,PRCP,0,,,a,
ASN00023718,20031225,PRCP,0,,,a,
ASN00023718,20031226,PRCP,0,,,a,
ASN00023718,20031227,PRCP,0,,,a,
ASN00023718,20031228,PRCP,0,,,a,
ASN00023718,20031229,PRCP,0,,,a,
ASN00023718,20031230,PRCP,0,,,a,
ASN00023718,20031231,PRCP,0,,,a,
ASN00023718,20031222,DAPR,3,,,a,
ASN00023718,20031222,DWPR,3,,,a,
ASN00023718,20031222,MDPR,224,,,a,
ASN00023718,20040101,PRCP,0,,,a,
ASN00023718,20040102,PRCP,0,,,a,
ASN00023718,20040103,PRCP,0,,,a,
ASN00023718,20040109,PRCP,0,,,a,
ASN00023718,20040110,PRCP,0,,,a,
ASN00023718,20040111,PRCP,0,,,a,
ASN00023718,20040112,PRCP,0,,,a,
ASN00023718,20040113,PRCP,0,,,a,
ASN00023718,20040114,PRCP,0,,,a,
ASN00023718,20040115,PRCP,0,,,a,
ASN00023718,20040116,PRCP,0,,,a,
ASN00023718,20040117,PRCP,0,,,a,
ASN00023718,20040118,PRCP,0,,,a,
ASN00023718,20040119,PRCP,0,,,a,
ASN00023718,20040120,PRCP,0,,,a,
ASN00023718,20040121,PRCP,0,,,a,
ASN00023718,20040122,PRCP,0,,,a,
ASN00023718,20040123,PRCP,0,,,a,
ASN00023718,20040124,PRCP,0,,,a,
ASN00023718,20040125,PRCP,0,,,a,
ASN00023718,20040126,PRCP,0,,,a,
ASN00023718,20040127,PRCP,0,,,a,
ASN00023718,20040128,PRCP,0,,,a,
ASN00023718,20040129,PRCP,4,,,a,
ASN00023718,20040130,PRCP,0,,,a,
ASN00023718,20040131,PRCP,16,,,a,
ASN00023718,20040108,DAPR,5,,,a,
ASN00023718,20040108,DWPR,4,,,a,
ASN00023718,20040108,MDPR,114,,,a,
ASN00023718,20040201,PRCP,0,,,a,
ASN00023718,20040202,PRCP,10,,,a,
ASN00023718,20040203,PRCP,0,,,a,
ASN00023718,20040204,PRCP,0,,,a,
ASN00023718,20040205,PRCP,0,,,a,
ASN00023718,20040206,PRCP,0,,,a,
ASN00023718,20040207,PRCP,0,,,a,
ASN00023718,20040208,PRCP,0,,,a,
ASN00023718,20040209,PRCP,2,,,a,
ASN00023718,20040210,PRCP,0,,,a,
ASN00023718,20040211,PRCP,0,,,a,
ASN00023718,20040212,PRCP,0,,,a,
ASN00023718,20040213,PRCP,0,,,a,
ASN00023718,20040214,PRCP,0,,,a,
ASN00023718,20040215,PRCP,0,,,a,
ASN00023718,20040216,PRCP,0,,,a,
ASN00023718,20040217,PRCP,0,,,a,
ASN00023718,20040218,PRCP,0,,,a,
ASN00023718,20040219,PRCP,0,,,a,
ASN00023718,20040220,PRCP,0,,,a,
ASN00023718,20040221,PRCP,0,,,a,
ASN00023718,20040222,PRCP,98,,,a,
ASN00023718,20040223,PRCP,0,,,a,
ASN00023718,20040224,PRCP,0,,,a,
ASN00023718,20040225,PRCP,0,,,a,
ASN00023718,20040226,PRCP,0,,,a,
ASN00023718,20040227,PRCP,0,,,a,
ASN00023718,20040228,PRCP,0,,,a,
ASN00023718,20040229,PRCP,0,,,a,
ASN00023718,20040301,PRCP,0,,,a,
ASN00023718,20040302,PRCP,0,,,a,
ASN00023718,20040303,PRCP,0,,,a,
ASN00023718,20040304,PRCP,0,,,a,
ASN00023718,20040305,PRCP,0,,,a,
ASN00023718,20040310,PRCP,4,,,a,
ASN00023718,20040311,PRCP,0,,,a,
ASN00023718,20040312,PRCP,4,,,a,
ASN00023718,20040313,PRCP,0,,,a,
ASN00023718,20040314,PRCP,0,,,a,
ASN00023718,20040315,PRCP,0,,,a,
ASN00023718,20040316,PRCP,0,,,a,
ASN00023718,20040317,PRCP,0,,,a,
ASN00023718,20040318,PRCP,0,,,a,
ASN00023718,20040319,PRCP,0,,,a,
ASN00023718,20040320,PRCP,0,,,a,
ASN00023718,20040321,PRCP,0,,,a,
ASN00023718,20040322,PRCP,0,,,a,
ASN00023718,20040323,PRCP,0,,,a,
ASN00023718,20040324,PRCP,0,,,a,
ASN00023718,20040325,PRCP,0,,,a,
ASN00023718,20040326,PRCP,0,,,a,
ASN00023718,20040327,PRCP,0,,,a,
ASN00023718,20040328,PRCP,0,,,a,
ASN00023718,20040329,PRCP,190,,,a,
ASN00023718,20040330,PRCP,0,,,a,
ASN00023718,20040331,PRCP,0,,,a,
ASN00023718,20040309,DAPR,4,,,a,
ASN00023718,20040309,DWPR,2,,,a,
ASN00023718,20040309,MDPR,28,,,a,
ASN00023718,20040401,PRCP,0,,,a,
ASN00023718,20040402,PRCP,6,,,a,
ASN00023718,20040403,PRCP,0,,,a,
ASN00023718,20040404,PRCP,0,,,a,
ASN00023718,20040405,PRCP,0,,,a,
ASN00023718,20040406,PRCP,0,,,a,
ASN00023718,20040407,PRCP,0,,,a,
ASN00023718,20040408,PRCP,0,,,a,
ASN00023718,20040409,PRCP,0,,,a,
ASN00023718,20040410,PRCP,0,,,a,
ASN00023718,20040411,PRCP,0,,,a,
ASN00023718,20040412,PRCP,0,,,a,
ASN00023718,20040413,PRCP,4,,,a,
ASN00023718,20040414,PRCP,0,,,a,
ASN00023718,20040415,PRCP,12,,,a,
ASN00023718,20040416,PRCP,0,,,a,
ASN00023718,20040417,PRCP,0,,,a,
ASN00023718,20040418,PRCP,4,,,a,
ASN00023718,20040419,PRCP,0,,,a,
ASN00023718,20040420,PRCP,0,,,a,
ASN00023718,20040421,PRCP,0,,,a,
ASN00023718,20040422,PRCP,0,,,a,
ASN00023718,20040423,PRCP,50,,,a,
ASN00023718,20040424,PRCP,0,,,a,
ASN00023718,20040425,PRCP,0,,,a,
ASN00023718,20040426,PRCP,0,,,a,
ASN00023718,20040427,PRCP,36,,,a,
ASN00023718,20040428,PRCP,0,,,a,
ASN00023718,20040429,PRCP,0,,,a,
ASN00023718,20040430,PRCP,14,,,a,
ASN00023718,20040505,PRCP,0,,,a,
ASN00023718,20040506,PRCP,4,,,a,
ASN00023718,20040507,PRCP,0,,,a,
ASN00023718,20040508,PRCP,0,,,a,
ASN00023718,20040509,PRCP,0,,,a,
ASN00023718,20040510,PRCP,0,,,a,
ASN00023718,20040511,PRCP,0,,,a,
ASN00023718,20040512,PRCP,0,,,a,
ASN00023718,20040513,PRCP,0,,,a,
ASN00023718,20040514,PRCP,0,,,a,
ASN00023718,20040515,PRCP,0,,,a,
ASN00023718,20040519,PRCP,0,,,a,
ASN00023718,20040520,PRCP,0,,,a,
ASN00023718,20040521,PRCP,0,,,a,
ASN00023718,20040522,PRCP,0,,,a,
ASN00023718,20040523,PRCP,20,,,a,
ASN00023718,20040524,PRCP,0,,,a,
ASN00023718,20040525,PRCP,8,,,a,
ASN00023718,20040526,PRCP,0,,,a,
ASN00023718,20040527,PRCP,56,,,a,
ASN00023718,20040528,PRCP,0,,,a,
ASN00023718,20040529,PRCP,36,,,a,
ASN00023718,20040530,PRCP,0,,,a,
ASN00023718,20040531,PRCP,0,,,a,
ASN00023718,20040504,DAPR,4,,,a,
ASN00023718,20040518,DAPR,3,,,a,
ASN00023718,20040504,DWPR,4,,,a,
ASN00023718,20040518,DWPR,3,,,a,
ASN00023718,20040504,MDPR,84,,,a,
ASN00023718,20040518,MDPR,50,,,a,
ASN00023718,20040601,PRCP,0,,,a,
ASN00023718,20040602,PRCP,10,,,a,
ASN00023718,20040603,PRCP,14,,,a,
ASN00023718,20040604,PRCP,2,,,a,
ASN00023718,20040605,PRCP,0,,,a,
ASN00023718,20040606,PRCP,0,,,a,
ASN00023718,20040607,PRCP,4,,,a,
ASN00023718,20040608,PRCP,0,,,a,
ASN00023718,20040609,PRCP,80,,,a,
ASN00023718,20040610,PRCP,0,,,a,
ASN00023718,20040611,PRCP,0,,,a,
ASN00023718,20040618,PRCP,68,,,a,
ASN00023718,20040621,PRCP,0,,,a,
ASN00023718,20040622,PRCP,0,,,a,
ASN00023718,20040623,PRCP,0,,,a,
ASN00023718,20040624,PRCP,50,,,a,
ASN00023718,20040625,PRCP,62,,,a,
ASN00023718,20040626,PRCP,0,,,a,
ASN00023718,20040627,PRCP,0,,,a,
ASN00023718,20040617,DAPR,6,,,a,
ASN00023718,20040620,DAPR,2,,,a,
ASN00023718,20040630,DAPR,3,,,a,
ASN00023718,20040617,DWPR,6,,,a,
ASN00023718,20040620,DWPR,2,,,a,
ASN00023718,20040630,DWPR,2,,,a,
ASN00023718,20040617,MDPR,168,,,a,
ASN00023718,20040620,MDPR,100,,,a,
ASN00023718,20040630,MDPR,26,,,a,
ASN00023718,20040701,PRCP,60,,,a,
ASN00023718,20040702,PRCP,54,,,a,
ASN00023718,20040721,PRCP,0,,,a,
ASN00023718,20040722,PRCP,0,,,a,
ASN00023718,20040723,PRCP,16,,,a,
ASN00023718,20040727,PRCP,0,,,a,
ASN00023718,20040728,PRCP,26,,,a,
ASN00023718,20040731,PRCP,0,,,a,
ASN00023718,20040720,DAPR,18,,,a,
ASN00023718,20040726,DAPR,3,,,a,
ASN00023718,20040730,DAPR,2,,,a,
ASN00023718,20040720,DWPR,13,,,a,
ASN00023718,20040726,DWPR,3,,,a,
ASN00023718,20040730,DWPR,2,,,a,
ASN00023718,20040720,MDPR,300,,,a,
ASN00023718,20040726,MDPR,144,,,a,
ASN00023718,20040730,MDPR,12,,,a,
ASN00023718,20040803,PRCP,146,,,a,
ASN00023718,20040806,PRCP,64,,,a,
ASN00023718,20040807,PRCP,0,,,a,
ASN00023718,20040808,PRCP,0,,,a,
ASN00023718,20040809,PRCP,32,,,a,
ASN00023718,20040810,PRCP,0,,,a,
ASN00023718,20040811,PRCP,8,,,a,
ASN00023718,20040812,PRCP,0,,,a,
ASN00023718,20040813,PRCP,34,,,a,
ASN00023718,20040814,PRCP,0,,,a,
ASN00023718,20040815,PRCP,26,,,a,
ASN00023718,20040816,PRCP,0,,,a,
ASN00023718,20040817,PRCP,0,,,a,
ASN00023718,20040818,PRCP,0,,,a,
ASN00023718,20040819,PRCP,0,,,a,
ASN00023718,20040820,PRCP,0,,,a,
ASN00023718,20040821,PRCP,0,,,a,
ASN00023718,20040822,PRCP,0,,,a,
ASN00023718,20040823,PRCP,6,,,a,
ASN00023718,20040824,PRCP,0,,,a,
ASN00023718,20040825,PRCP,0,,,a,
ASN00023718,20040826,PRCP,22,,,a,
ASN00023718,20040827,PRCP,0,,,a,
ASN00023718,20040828,PRCP,0,,,a,
ASN00023718,20040829,PRCP,116,,,a,
ASN00023718,20040830,PRCP,0,,,a,
ASN00023718,20040831,PRCP,0,,,a,
ASN00023718,20040802,DAPR,2,,,a,
ASN00023718,20040805,DAPR,2,,,a,
ASN00023718,20040802,DWPR,2,,,a,
ASN00023718,20040805,DWPR,2,,,a,
ASN00023718,20040802,MDPR,30,,,a,
ASN00023718,20040805,MDPR,184,,,a,
ASN00023718,20040901,PRCP,0,,,a,
ASN00023718,20040902,PRCP,0,,,a,
ASN00023718,20040903,PRCP,22,,,a,
ASN00023718,20040908,PRCP,92,,,a,
ASN00023718,20040909,PRCP,0,,,a,
ASN00023718,20040910,PRCP,4,,,a,
ASN00023718,20040914,PRCP,32,,,a,
ASN00023718,20040915,PRCP,0,,,a,
ASN00023718,20040916,PRCP,0,,,a,
ASN00023718,20040917,PRCP,0,,,a,
ASN00023718,20040918,PRCP,0,,,a,
ASN00023718,20040919,PRCP,0,,,a,
ASN00023718,20040920,PRCP,0,,,a,
ASN00023718,20040921,PRCP,0,,,a,
ASN00023718,20040922,PRCP,0,,,a,
ASN00023718,20040923,PRCP,56,,,a,
ASN00023718,20040924,PRCP,0,,,a,
ASN00023718,20040925,PRCP,0,,,a,
ASN00023718,20040926,PRCP,0,,,a,
ASN00023718,20040927,PRCP,30,,,a,
ASN00023718,20040928,PRCP,0,,,a,
ASN00023718,20040929,PRCP,26,,,a,
ASN00023718,20040930,PRCP,0,,,a,
ASN00023718,20040907,DAPR,4,,,a,
ASN00023718,20040913,DAPR,3,,,a,
ASN00023718,20040907,DWPR,2,,,a,
ASN00023718,20040913,DWPR,3,,,a,
ASN00023718,20040907,MDPR,104,,,a,
ASN00023718,20040913,MDPR,94,,,a,
ASN00023718,20041001,PRCP,0,,,a,
ASN00023718,20041002,PRCP,0,,,a,
ASN00023718,20041003,PRCP,0,,,a,
ASN00023718,20041004,PRCP,0,,,a,
ASN00023718,20041005,PRCP,0,,,a,
ASN00023718,20041006,PRCP,0,,,a,
ASN00023718,20041007,PRCP,0,,,a,
ASN00023718,20041008,PRCP,8,,,a,
ASN00023718,20041009,PRCP,0,,,a,
ASN00023718,20041010,PRCP,0,,,a,
ASN00023718,20041011,PRCP,0,,,a,
ASN00023718,20041012,PRCP,0,,,a,
ASN00023718,20041013,PRCP,18,,,a,
ASN00023718,20041014,PRCP,0,,,a,
ASN00023718,20041015,PRCP,28,,,a,
ASN00023718,20041016,PRCP,0,,,a,
ASN00023718,20041017,PRCP,0,,,a,
ASN00023718,20041018,PRCP,0,,,a,
ASN00023718,20041019,PRCP,0,,,a,
ASN00023718,20041020,PRCP,0,,,a,
ASN00023718,20041021,PRCP,6,,,a,
ASN00023718,20041022,PRCP,0,,,a,
ASN00023718,20041023,PRCP,0,,,a,
ASN00023718,20041024,PRCP,0,,,a,
ASN00023718,20041025,PRCP,0,,,a,
ASN00023718,20041026,PRCP,0,,,a,
ASN00023718,20041027,PRCP,132,,,a,
ASN00023718,20041028,PRCP,0,,,a,
ASN00023718,20041029,PRCP,0,,,a,
ASN00023718,20041030,PRCP,0,,,a,
ASN00023718,20041031,PRCP,0,,,a,
ASN00023718,20041101,PRCP,0,,,a,
ASN00023718,20041102,PRCP,30,,,a,
ASN00023718,20041103,PRCP,28,,,a,
ASN00023718,20041114,PRCP,0,,,a,
ASN00023718,20041115,PRCP,0,,,a,
ASN00023718,20041116,PRCP,0,,,a,
ASN00023718,20041117,PRCP,0,,,a,
ASN00023718,20041118,PRCP,0,,,a,
ASN00023718,20041119,PRCP,0,,,a,
ASN00023718,20041120,PRCP,0,,,a,
ASN00023718,20041121,PRCP,0,,,a,
ASN00023718,20041122,PRCP,0,,,a,
ASN00023718,20041123,PRCP,0,,,a,
ASN00023718,20041124,PRCP,0,,,a,
ASN00023718,20041125,PRCP,0,,,a,
ASN00023718,20041126,PRCP,0,,,a,
ASN00023718,20041127,PRCP,0,,,a,
ASN00023718,20041128,PRCP,0,,,a,
ASN00023718,20041129,PRCP,0,,,a,
ASN00023718,20041130,PRCP,0,,,a,
ASN00023718,20041105,DAPR,2,,,a,
ASN00023718,20041113,DAPR,8,,,a,
ASN00023718,20041105,DWPR,2,,,a,
ASN00023718,20041113,DWPR,6,,,a,
ASN00023718,20041105,MDPR,190,,,a,
ASN00023718,20041113,MDPR,164,,,a,
ASN00023718,20041201,PRCP,0,,,a,
ASN00023718,20041202,PRCP,0,,,a,
ASN00023718,20041203,PRCP,0,,,a,
ASN00023718,20041204,PRCP,0,,,a,
ASN00023718,20041205,PRCP,0,,,a,
ASN00023718,20041206,PRCP,0,,,a,
ASN00023718,20041207,PRCP,28,,,a,
ASN00023718,20041210,PRCP,200,,,a,
ASN00023718,20041211,PRCP,0,,,a,
ASN00023718,20041212,PRCP,0,,,a,
ASN00023718,20041213,PRCP,0,,,a,
ASN00023718,20041214,PRCP,0,,,a,
ASN00023718,20041215,PRCP,10,,,a,
ASN00023718,20041216,PRCP,0,,,a,
ASN00023718,20041217,PRCP,0,,,a,
ASN00023718,20041218,PRCP,0,,,a,
ASN00023718,20041219,PRCP,0,,,a,
ASN00023718,20041220,PRCP,0,,,a,
ASN00023718,20041221,PRCP,0,,,a,
ASN00023718,20041222,PRCP,0,,,a,
ASN00023718,20041223,PRCP,0,,,a,
ASN00023718,20041224,PRCP,0,,,a,
ASN00023718,20041225,PRCP,0,,,a,
ASN00023718,20041226,PRCP,0,,,a,
ASN00023718,20041227,PRCP,0,,,a,
ASN00023718,20041228,PRCP,0,,,a,
ASN00023718,20041229,PRCP,0,,,a,
ASN00023718,20041230,PRCP,0,,,a,
ASN00023718,20041231,PRCP,0,,,a,
ASN00023718,20041209,DAPR,2,,,a,
ASN00023718,20041209,DWPR,2,,,a,
ASN00023718,20041209,MDPR,50,,,a,
ASN00023718,20050101,PRCP,0,,,a,
ASN00023718,20050102,PRCP,0,,,a,
ASN00023718,20050103,PRCP,0,,,a,
ASN00023718,20050106,PRCP,0,,,a,
ASN00023718,20050107,PRCP,0,,,a,
ASN00023718,20050108,PRCP,0,,,a,
ASN00023718,20050109,PRCP,0,,,a,
ASN00023718,20050110,PRCP,0,,,a,
ASN00023718,20050111,PRCP,0,,,a,
ASN00023718,20050112,PRCP,0,,,a,
ASN00023718,20050113,PRCP,0,,,a,
ASN00023718,20050114,PRCP,0,,,a,
ASN00023718,20050115,PRCP,0,,,a,
ASN00023718,20050116,PRCP,0,,,a,
ASN00023718,20050117,PRCP,0,,,a,
ASN00023718,20050118,PRCP,0,,,a,
ASN00023718,20050119,PRCP,0,,,a,
ASN00023718,20050120,PRCP,26,,,a,
ASN00023718,20050121,PRCP,0,,,a,
ASN00023718,20050122,PRCP,0,,,a,
ASN00023718,20050123,PRCP,0,,,a,
ASN00023718,20050124,PRCP,0,,,a,
ASN00023718,20050125,PRCP,0,,,a,
ASN00023718,20050126,PRCP,0,,,a,
ASN00023718,20050127,PRCP,0,,,a,
ASN00023718,20050130,PRCP,0,,,a,
ASN00023718,20050131,PRCP,0,,,a,
ASN00023718,20050105,DAPR,2,,,a,
ASN00023718,20050129,DAPR,2,,,a,
ASN00023718,20050105,DWPR,2,,,a,
ASN00023718,20050129,DWPR,2,,,a,
ASN00023718,20050105,MDPR,148,,,a,
ASN00023718,20050129,MDPR,30,,,a,
ASN00023718,20050201,PRCP,0,,,a,
ASN00023718,20050202,PRCP,120,,,a,
ASN00023718,20050203,PRCP,94,,,a,
ASN00023718,20050204,PRCP,70,,,a,
ASN00023718,20050205,PRCP,0,,,a,
ASN00023718,20050206,PRCP,0,,,a,
ASN00023718,20050207,PRCP,0,,,a,
ASN00023718,20050208,PRCP,0,,,a,
ASN00023718,20050211,PRCP,0,,,a,
ASN00023718,20050212,PRCP,0,,,a,
ASN00023718,20050213,PRCP,0,,,a,
ASN00023718,20050214,PRCP,0,,,a,
ASN00023718,20050215,PRCP,0,,,a,
ASN00023718,20050216,PRCP,0,,,a,
ASN00023718,20050217,PRCP,0,,,a,
ASN00023718,20050218,PRCP,0,,,a,
ASN00023718,20050221,PRCP,0,,,a,
ASN00023718,20050222,PRCP,0,,,a,
ASN00023718,20050223,PRCP,0,,,a,
ASN00023718,20050224,PRCP,0,,,a,
ASN00023718,20050225,PRCP,0,,,a,
ASN00023718,20050226,PRCP,0,,,a,
ASN00023718,20050227,PRCP,0,,,a,
ASN00023718,20050228,PRCP,0,,,a,
ASN00023718,20050210,DAPR,2,,,a,
ASN00023718,20050220,DAPR,2,,,a,
ASN00023718,20050210,DWPR,2,,,a,
ASN00023718,20050220,DWPR,2,,,a,
ASN00023718,20050210,MDPR,42,,,a,
ASN00023718,20050220,MDPR,44,,,a,
ASN00023718,20050301,PRCP,0,,,a,
ASN00023718,20050302,PRCP,0,,,a,
ASN00023718,20050303,PRCP,0,,,a,
ASN00023718,20050304,PRCP,0,,,a,
ASN00023718,20050305,PRCP,12,,,a,
ASN00023718,20050306,PRCP,0,,,a,
ASN00023718,20050307,PRCP,0,,,a,
ASN00023718,20050308,PRCP,0,,,a,
ASN00023718,20050309,PRCP,0,,,a,
ASN00023718,20050310,PRCP,0,,,a,
ASN00023718,20050311,PRCP,0,,,a,
ASN00023718,20050312,PRCP,0,,,a,
ASN00023718,20050313,PRCP,0,,,a,
ASN00023718,20050314,PRCP,0,,,a,
ASN00023718,20050315,PRCP,0,,,a,
ASN00023718,20050316,PRCP,54,,,a,
ASN00023718,20050317,PRCP,0,,,a,
ASN00023718,20050318,PRCP,0,,,a,
ASN00023718,20050319,PRCP,0,,,a,
ASN00023718,20050320,PRCP,0,,,a,
ASN00023718,20050321,PRCP,0,,,a,
ASN00023718,20050322,PRCP,0,,,a,
ASN00023718,20050323,PRCP,0,,,a,
ASN00023718,20050324,PRCP,0,,,a,
ASN00023718,20050325,PRCP,0,,,a,
ASN00023718,20050326,PRCP,0,,,a,
ASN00023718,20050327,PRCP,0,,,a,
ASN00023718,20050328,PRCP,0,,,a,
ASN00023718,20050329,PRCP,0,,,a,
ASN00023718,20050330,PRCP,2,,,a,
ASN00023718,20050331,PRCP,0,,,a,
ASN00023718,20050401,PRCP,0,,,a,
ASN00023718,20050402,PRCP,0,,,a,
ASN00023718,20050405,PRCP,0,,,a,
ASN00023718,20050406,PRCP,0,,,a,
ASN00023718,20050407,PRCP,0,,,a,
ASN00023718,20050408,PRCP,0,,,a,
ASN00023718,20050409,PRCP,0,,,a,
ASN00023718,20050410,PRCP,0,,,a,
ASN00023718,20050411,PRCP,0,,,a,
ASN00023718,20050412,PRCP,2,,,a,
ASN00023718,20050413,PRCP,0,,,a,
ASN00023718,20050414,PRCP,50,,,a,
ASN00023718,20050415,PRCP,0,,,a,
ASN00023718,20050416,PRCP,0,,,a,
ASN00023718,20050417,PRCP,0,,,a,
ASN00023718,20050418,PRCP,0,,,a,
ASN00023718,20050419,PRCP,8,,,a,
ASN00023718,20050420,PRCP,0,,,a,
ASN00023718,20050421,PRCP,0,,,a,
ASN00023718,20050422,PRCP,0,,,a,
ASN00023718,20050423,PRCP,0,,,a,
ASN00023718,20050424,PRCP,0,,,a,
ASN00023718,20050425,PRCP,0,,,a,
ASN00023718,20050426,PRCP,4,,,a,
ASN00023718,20050427,PRCP,0,,,a,
ASN00023718,20050428,PRCP,0,,,a,
ASN00023718,20050429,PRCP,0,,,a,
ASN00023718,20050430,PRCP,0,,,a,
ASN00023718,20050404,DAPR,2,,,a,
ASN00023718,20050404,DWPR,2,,,a,
ASN00023718,20050404,MDPR,20,,,a,
ASN00023718,20050501,PRCP,16,,,a,
ASN00023718,20050502,PRCP,0,,,a,
ASN00023718,20050503,PRCP,0,,,a,
ASN00023718,20050504,PRCP,0,,,a,
ASN00023718,20050505,PRCP,0,,,a,
ASN00023718,20050506,PRCP,0,,,a,
ASN00023718,20050507,PRCP,0,,,a,
ASN00023718,20050508,PRCP,0,,,a,
ASN00023718,20050509,PRCP,0,,,a,
ASN00023718,20050510,PRCP,0,,,a,
ASN00023718,20050511,PRCP,0,,,a,
ASN00023718,20050512,PRCP,0,,,a,
ASN00023718,20050513,PRCP,0,,,a,
ASN00023718,20050514,PRCP,0,,,a,
ASN00023718,20050515,PRCP,18,,,a,
ASN00023718,20050516,PRCP,0,,,a,
ASN00023718,20050517,PRCP,0,,,a,
ASN00023718,20050518,PRCP,0,,,a,
ASN00023718,20050519,PRCP,0,,,a,
ASN00023718,20050520,PRCP,0,,,a,
ASN00023718,20050521,PRCP,0,,,a,
ASN00023718,20050522,PRCP,0,,,a,
ASN00023718,20050525,PRCP,0,,,a,
ASN00023718,20050526,PRCP,2,,,a,
ASN00023718,20050527,PRCP,14,,,a,
ASN00023718,20050530,PRCP,0,,,a,
ASN00023718,20050531,PRCP,0,,,a,
ASN00023718,20050524,DAPR,2,,,a,
ASN00023718,20050529,DAPR,2,,,a,
ASN00023718,20050524,DWPR,2,,,a,
ASN00023718,20050529,DWPR,2,,,a,
ASN00023718,20050524,MDPR,36,,,a,
ASN00023718,20050529,MDPR,28,,,a,
ASN00023718,20050601,PRCP,4,,,a,
ASN00023718,20050602,PRCP,0,,,a,
ASN00023718,20050603,PRCP,0,,,a,
ASN00023718,20050604,PRCP,0,,,a,
ASN00023718,20050605,PRCP,0,,,a,
ASN00023718,20050606,PRCP,0,,,a,
ASN00023718,20050607,PRCP,0,,,a,
ASN00023718,20050608,PRCP,0,,,a,
ASN00023718,20050609,PRCP,24,,,a,
ASN00023718,20050610,PRCP,120,,,a,
ASN00023718,20050616,PRCP,48,,,a,
ASN00023718,20050617,PRCP,4,,,a,
ASN00023718,20050618,PRCP,0,,,a,
ASN00023718,20050621,PRCP,154,,,a,
ASN00023718,20050624,PRCP,2,,,a,
ASN00023718,20050625,PRCP,0,,,a,
ASN00023718,20050626,PRCP,0,,,a,
ASN00023718,20050627,PRCP,0,,,a,
ASN00023718,20050628,PRCP,4,,,a,
ASN00023718,20050629,PRCP,0,,,a,
ASN00023718,20050630,PRCP,2,,,a,
ASN00023718,20050615,DAPR,5,,,a,
ASN00023718,20050620,DAPR,2,,,a,
ASN00023718,20050623,DAPR,2,,,a,
ASN00023718,20050615,DWPR,3,,,a,
ASN00023718,20050620,DWPR,2,,,a,
ASN00023718,20050623,DWPR,2,,,a,
ASN00023718,20050615,MDPR,348,,,a,
ASN00023718,20050620,MDPR,456,,,a,
ASN00023718,20050623,MDPR,298,,,a,
ASN00023718,20050703,PRCP,0,,,a,
ASN00023718,20050704,PRCP,0,,,a,
ASN00023718,20050705,PRCP,0,,,a,
ASN00023718,20050706,PRCP,0,,,a,
ASN00023718,20050707,PRCP,0,,,a,
ASN00023718,20050708,PRCP,0,,,a,
ASN00023718,20050711,PRCP,0,,,a,
ASN00023718,20050712,PRCP,0,,,a,
ASN00023718,20050713,PRCP,36,,,a,
ASN00023718,20050714,PRCP,26,,,a,
ASN00023718,20050715,PRCP,52,,,a,
ASN00023718,20050718,PRCP,0,,,a,
ASN00023718,20050719,PRCP,0,,,a,
ASN00023718,20050720,PRCP,0,,,a,
ASN00023718,20050721,PRCP,0,,,a,
ASN00023718,20050722,PRCP,0,,,a,
ASN00023718,20050723,PRCP,0,,,a,
ASN00023718,20050724,PRCP,0,,,a,
ASN00023718,20050725,PRCP,0,,,a,
ASN00023718,20050729,PRCP,0,,,a,
ASN00023718,20050730,PRCP,0,,,a,
ASN00023718,20050731,PRCP,0,,,a,
ASN00023718,20050702,DAPR,2,,,a,
ASN00023718,20050710,DAPR,2,,,a,
ASN00023718,20050717,DAPR,2,,,a,
ASN00023718,20050728,DAPR,3,,,a,
ASN00023718,20050702,DWPR,2,,,a,
ASN00023718,20050710,DWPR,2,,,a,
ASN00023718,20050717,DWPR,2,,,a,
ASN00023718,20050728,DWPR,3,,,a,
ASN00023718,20050702,MDPR,72,,,a,
ASN00023718,20050710,MDPR,116,,,a,
ASN00023718,20050717,MDPR,52,,,a,
ASN00023718,20050728,MDPR,22,,,a,
ASN00023718,20050801,PRCP,0,,,a,
ASN00023718,20050802,PRCP,0,,,a,
ASN00023718,20050803,PRCP,0,,,a,
ASN00023718,20050812,PRCP,70,,,a,
ASN00023718,20050813,PRCP,0,,,a,
ASN00023718,20050814,PRCP,0,,,a,
ASN00023718,20050817,PRCP,0,,,a,
ASN00023718,20050818,PRCP,0,,,a,
ASN00023718,20050819,PRCP,0,,,a,
ASN00023718,20050823,PRCP,0,,,a,
ASN00023718,20050824,PRCP,0,,,a,
ASN00023718,20050825,PRCP,0,,,a,
ASN00023718,20050826,PRCP,0,,,a,
ASN00023718,20050827,PRCP,0,,,a,
ASN00023718,20050828,PRCP,0,,,a,
ASN00023718,20050829,PRCP,0,,,a,
ASN00023718,20050830,PRCP,66,,,a,
ASN00023718,20050831,PRCP,106,,,a,
ASN00023718,20050809,DAPR,6,,,a,
ASN00023718,20050811,DAPR,2,,,a,
ASN00023718,20050816,DAPR,2,,,a,
ASN00023718,20050822,DAPR,3,,,a,
ASN00023718,20050809,DWPR,3,,,a,
ASN00023718,20050811,DWPR,2,,,a,
ASN00023718,20050816,DWPR,2,,,a,
ASN00023718,20050822,DWPR,3,,,a,
ASN00023718,20050809,MDPR,198,,,a,
ASN00023718,20050811,MDPR,172,,,a,
ASN00023718,20050816,MDPR,60,,,a,
ASN00023718,20050822,MDPR,50,,,a,
ASN00023718,20050905,PRCP,0,,,a,
ASN00023718,20050906,PRCP,0,,,a,
ASN00023718,20050907,PRCP,10,,,a,
ASN00023718,20050908,PRCP,0,,,a,
ASN00023718,20050909,PRCP,0,,,a,
ASN00023718,20050913,PRCP,0,,,a,
ASN00023718,20050914,PRCP,0,,,a,
ASN00023718,20050915,PRCP,22,,,a,
ASN00023718,20050916,PRCP,10,,,a,
ASN00023718,20050921,PRCP,0,,,a,
ASN00023718,20050922,PRCP,4,,,a,
ASN00023718,20050923,PRCP,10,,,a,
ASN00023718,20050924,PRCP,0,,,a,
ASN00023718,20050925,PRCP,0,,,a,
ASN00023718,20050926,PRCP,72,,,a,
ASN00023718,20050927,PRCP,0,,,a,
ASN00023718,20050928,PRCP,32,,,a,
ASN00023718,20050929,PRCP,70,,,a,
ASN00023718,20050930,PRCP,0,,,a,
ASN00023718,20050904,DAPR,4,,,a,
ASN00023718,20050912,DAPR,3,,,a,
ASN00023718,20050920,DAPR,4,,,a,
ASN00023718,20050904,DWPR,4,,,a,
ASN00023718,20050912,DWPR,3,,,a,
ASN00023718,20050920,DWPR,2,,,a,
ASN00023718,20050904,MDPR,94,,,a,
ASN00023718,20050912,MDPR,68,,,a,
ASN00023718,20050920,MDPR,28,,,a,
ASN00023718,20051001,PRCP,0,,,a,
ASN00023718,20051002,PRCP,0,,,a,
ASN00023718,20051003,PRCP,0,,,a,
ASN00023718,20051004,PRCP,0,,,a,
ASN00023718,20051005,PRCP,0,,,a,
ASN00023718,20051006,PRCP,0,,,a,
ASN00023718,20051010,PRCP,0,,,a,
ASN00023718,20051011,PRCP,12,,,a,
ASN00023718,20051012,PRCP,0,,,a,
ASN00023718,20051013,PRCP,0,,,a,
ASN00023718,20051014,PRCP,0,,,a,
ASN00023718,20051015,PRCP,0,,,a,
ASN00023718,20051016,PRCP,0,,,a,
ASN00023718,20051017,PRCP,0,,,a,
ASN00023718,20051018,PRCP,0,,,a,
ASN00023718,20051019,PRCP,108,,,a,
ASN00023718,20051020,PRCP,54,,,a,
ASN00023718,20051025,PRCP,0,,,a,
ASN00023718,20051026,PRCP,0,,,a,
ASN00023718,20051027,PRCP,0,,,a,
ASN00023718,20051028,PRCP,0,,,a,
ASN00023718,20051031,PRCP,0,,,a,
ASN00023718,20051009,DAPR,3,,,a,
ASN00023718,20051024,DAPR,4,,,a,
ASN00023718,20051030,DAPR,2,,,a,
ASN00023718,20051009,DWPR,3,,,a,
ASN00023718,20051024,DWPR,3,,,a,
ASN00023718,20051030,DWPR,2,,,a,
ASN00023718,20051009,MDPR,320,,,a,
ASN00023718,20051024,MDPR,114,,,a,
ASN00023718,20051030,MDPR,102,,,a,
ASN00023718,20051101,PRCP,0,,,a,
ASN00023718,20051102,PRCP,0,,,a,
ASN00023718,20051103,PRCP,22,,,a,
ASN00023718,20051104,PRCP,0,,,a,
ASN00023718,20051105,PRCP,0,,,a,
ASN00023718,20051106,PRCP,0,,,a,
ASN00023718,20051109,PRCP,0,,,a,
ASN00023718,20051112,PRCP,0,,,a,
ASN00023718,20051113,PRCP,0,,,a,
ASN00023718,20051114,PRCP,0,,,a,
ASN00023718,20051115,PRCP,4,,,a,
ASN00023718,20051116,PRCP,0,,,a,
ASN00023718,20051117,PRCP,0,,,a,
ASN00023718,20051118,PRCP,0,,,a,
ASN00023718,20051119,PRCP,0,,,a,
ASN00023718,20051120,PRCP,0,,,a,
ASN00023718,20051121,PRCP,0,,,a,
ASN00023718,20051122,PRCP,0,,,a,
ASN00023718,20051123,PRCP,0,,,a,
ASN00023718,20051124,PRCP,0,,,a,
ASN00023718,20051125,PRCP,0,,,a,
ASN00023718,20051126,PRCP,0,,,a,
ASN00023718,20051127,PRCP,0,,,a,
ASN00023718,20051128,PRCP,0,,,a,
ASN00023718,20051129,PRCP,0,,,a,
ASN00023718,20051130,PRCP,0,,,a,
ASN00023718,20051108,DAPR,2,,,a,
ASN00023718,20051111,DAPR,2,,,a,
ASN00023718,20051108,DWPR,2,,,a,
ASN00023718,20051111,DWPR,2,,,a,
ASN00023718,20051108,MDPR,274,,,a,
ASN00023718,20051111,MDPR,48,,,a,
ASN00023718,20051201,PRCP,0,,,a,
ASN00023718,20051202,PRCP,150,,,a,
ASN00023718,20051203,PRCP,0,,,a,
ASN00023718,20051204,PRCP,0,,,a,
ASN00023718,20051205,PRCP,0,,,a,
ASN00023718,20051206,PRCP,56,,,a,
ASN00023718,20051207,PRCP,0,,,a,
ASN00023718,20051208,PRCP,0,,,a,
ASN00023718,20051209,PRCP,0,,,a,
ASN00023718,20051210,PRCP,0,,,a,
ASN00023718,20051211,PRCP,0,,,a,
ASN00023718,20051214,PRCP,0,,,a,
ASN00023718,20051215,PRCP,0,,,a,
ASN00023718,20051216,PRCP,26,,,a,
ASN00023718,20051219,PRCP,0,,,a,
ASN00023718,20051220,PRCP,0,,,a,
ASN00023718,20051221,PRCP,0,,,a,
ASN00023718,20051222,PRCP,0,,,a,
ASN00023718,20051223,PRCP,0,,,a,
ASN00023718,20051224,PRCP,0,,,a,
ASN00023718,20051225,PRCP,0,,,a,
ASN00023718,20051226,PRCP,0,,,a,
ASN00023718,20051227,PRCP,0,,,a,
ASN00023718,20051228,PRCP,0,,,a,
ASN00023718,20051229,PRCP,0,,,a,
ASN00023718,20051230,PRCP,0,,,a,
ASN00023718,20051231,PRCP,0,,,a,
ASN00023718,20051213,DAPR,2,,,a,
ASN00023718,20051218,DAPR,2,,,a,
ASN00023718,20051213,DWPR,2,,,a,
ASN00023718,20051218,DWPR,2,,,a,
ASN00023718,20051213,MDPR,40,,,a,
ASN00023718,20051218,MDPR,38,,,a,
ASN00023718,20060103,PRCP,0,,,a,
ASN00023718,20060104,PRCP,0,,,a,
ASN00023718,20060105,PRCP,0,,,a,
ASN00023718,20060106,PRCP,0,,,a,
ASN00023718,20060107,PRCP,0,,,a,
ASN00023718,20060108,PRCP,0,,,a,
ASN00023718,20060109,PRCP,0,,,a,
ASN00023718,20060110,PRCP,0,,,a,
ASN00023718,20060111,PRCP,0,,,a,
ASN00023718,20060112,PRCP,0,,,a,
ASN00023718,20060113,PRCP,0,,,a,
ASN00023718,20060114,PRCP,0,,,a,
ASN00023718,20060115,PRCP,0,,,a,
ASN00023718,20060116,PRCP,0,,,a,
ASN00023718,20060117,PRCP,0,,,a,
ASN00023718,20060118,PRCP,0,,,a,
ASN00023718,20060119,PRCP,0,,,a,
ASN00023718,20060120,PRCP,0,,,a,
ASN00023718,20060121,PRCP,0,,,a,
ASN00023718,20060122,PRCP,0,,,a,
ASN00023718,20060123,PRCP,0,,,a,
ASN00023718,20060124,PRCP,0,,,a,
ASN00023718,20060125,PRCP,0,,,a,
ASN00023718,20060126,PRCP,0,,,a,
ASN00023718,20060127,PRCP,0,,,a,
ASN00023718,20060131,PRCP,0,,,a,
ASN00023718,20060102,DAPR,2,,,a,
ASN00023718,20060130,DAPR,3,,,a,
ASN00023718,20060102,DWPR,2,,,a,
ASN00023718,20060130,DWPR,3,,,a,
ASN00023718,20060102,MDPR,150,,,a,
ASN00023718,20060130,MDPR,224,,,a,
ASN00023718,20060201,PRCP,6,,,a,
ASN00023718,20060202,PRCP,174,,,a,
ASN00023718,20060203,PRCP,0,,,a,
ASN00023718,20060204,PRCP,0,,,a,
ASN00023718,20060205,PRCP,0,,,a,
ASN00023718,20060206,PRCP,0,,,a,
ASN00023718,20060207,PRCP,0,,,a,
ASN00023718,20060208,PRCP,0,,,a,
ASN00023718,20060209,PRCP,90,,,a,
ASN00023718,20060210,PRCP,0,,,a,
ASN00023718,20060211,PRCP,0,,,a,
ASN00023718,20060212,PRCP,0,,,a,
ASN00023718,20060213,PRCP,0,,,a,
ASN00023718,20060214,PRCP,0,,,a,
ASN00023718,20060215,PRCP,0,,,a,
ASN00023718,20060216,PRCP,0,,,a,
ASN00023718,20060217,PRCP,0,,,a,
ASN00023718,20060218,PRCP,0,,,a,
ASN00023718,20060219,PRCP,0,,,a,
ASN00023718,20060220,PRCP,0,,,a,
ASN00023718,20060221,PRCP,0,,,a,
ASN00023718,20060222,PRCP,0,,,a,
ASN00023718,20060223,PRCP,0,,,a,
ASN00023718,20060224,PRCP,0,,,a,
ASN00023718,20060225,PRCP,0,,,a,
ASN00023718,20060226,PRCP,0,,,a,
ASN00023718,20060227,PRCP,0,,,a,
ASN00023718,20060228,PRCP,0,,,a,
ASN00023718,20060301,PRCP,0,,,a,
ASN00023718,20060302,PRCP,0,,,a,
ASN00023718,20060303,PRCP,0,,,a,
ASN00023718,20060304,PRCP,0,,,a,
ASN00023718,20060305,PRCP,0,,,a,
ASN00023718,20060306,PRCP,0,,,a,
ASN00023718,20060307,PRCP,0,,,a,
ASN00023718,20060308,PRCP,0,,,a,
ASN00023718,20060309,PRCP,0,,,a,
ASN00023718,20060310,PRCP,0,,,a,
ASN00023718,20060311,PRCP,0,,,a,
ASN00023718,20060312,PRCP,0,,,a,
ASN00023718,20060313,PRCP,50,,,a,
ASN00023718,20060314,PRCP,0,,,a,
ASN00023718,20060315,PRCP,0,,,a,
ASN00023718,20060316,PRCP,12,,,a,
ASN00023718,20060317,PRCP,18,,,a,
ASN00023718,20060318,PRCP,0,,,a,
ASN00023718,20060319,PRCP,0,,,a,
ASN00023718,20060320,PRCP,0,,,a,
ASN00023718,20060321,PRCP,0,,,a,
ASN00023718,20060322,PRCP,0,,,a,
ASN00023718,20060323,PRCP,0,,,a,
ASN00023718,20060324,PRCP,0,,,a,
ASN00023718,20060325,PRCP,0,,,a,
ASN00023718,20060326,PRCP,0,,,a,
ASN00023718,20060327,PRCP,142,,,a,
ASN00023718,20060328,PRCP,20,,,a,
ASN00023718,20060329,PRCP,0,,,a,
ASN00023718,20060330,PRCP,0,,,a,
ASN00023718,20060331,PRCP,0,,,a,
ASN00023718,20060401,PRCP,0,,,a,
ASN00023718,20060402,PRCP,0,,,a,
ASN00023718,20060403,PRCP,0,,,a,
ASN00023718,20060404,PRCP,28,,,a,
ASN00023718,20060405,PRCP,0,,,a,
ASN00023718,20060406,PRCP,94,,,a,
ASN00023718,20060407,PRCP,54,,,a,
ASN00023718,20060408,PRCP,0,,,a,
ASN00023718,20060411,PRCP,0,,,a,
ASN00023718,20060412,PRCP,6,,,a,
ASN00023718,20060413,PRCP,0,,,a,
ASN00023718,20060414,PRCP,0,,,a,
ASN00023718,20060415,PRCP,0,,,a,
ASN00023718,20060416,PRCP,0,,,a,
ASN00023718,20060417,PRCP,0,,,a,
ASN00023718,20060422,PRCP,0,,,a,
ASN00023718,20060423,PRCP,0,,,a,
ASN00023718,20060424,PRCP,0,,,a,
ASN00023718,20060425,PRCP,0,,,a,
ASN00023718,20060426,PRCP,0,,,a,
ASN00023718,20060427,PRCP,0,,,a,
ASN00023718,20060410,DAPR,2,,,a,
ASN00023718,20060419,DAPR,2,,,a,
ASN00023718,20060421,DAPR,2,,,a,
ASN00023718,20060430,DAPR,3,,,a,
ASN00023718,20060410,DWPR,2,,,a,
ASN00023718,20060419,DWPR,2,,,a,
ASN00023718,20060421,DWPR,2,,,a,
ASN00023718,20060430,DWPR,3,,,a,
ASN00023718,20060410,MDPR,8,,,a,
ASN00023718,20060419,MDPR,68,,,a,
ASN00023718,20060421,MDPR,72,,,a,
ASN00023718,20060430,MDPR,80,,,a,
ASN00023718,20060504,PRCP,0,,,a,
ASN00023718,20060505,PRCP,16,,,a,
ASN00023718,20060512,PRCP,0,,,a,
ASN00023718,20060513,PRCP,0,,,a,
ASN00023718,20060514,PRCP,0,,,a,
ASN00023718,20060515,PRCP,0,,,a,
ASN00023718,20060516,PRCP,0,,,a,
ASN00023718,20060517,PRCP,0,,,a,
ASN00023718,20060518,PRCP,0,,,a,
ASN00023718,20060519,PRCP,0,,,a,
ASN00023718,20060520,PRCP,0,,,a,
ASN00023718,20060523,PRCP,0,,,a,
ASN00023718,20060524,PRCP,0,,,a,
ASN00023718,20060525,PRCP,0,,,a,
ASN00023718,20060526,PRCP,18,,,a,
ASN00023718,20060527,PRCP,0,,,a,
ASN00023718,20060530,PRCP,0,,,a,
ASN00023718,20060531,PRCP,0,,,a,
ASN00023718,20060503,DAPR,3,,,a,
ASN00023718,20060511,DAPR,6,,,a,
ASN00023718,20060522,DAPR,2,,,a,
ASN00023718,20060529,DAPR,2,,,a,
ASN00023718,20060503,DWPR,3,,,a,
ASN00023718,20060511,DWPR,5,,,a,
ASN00023718,20060522,DWPR,2,,,a,
ASN00023718,20060529,DWPR,2,,,a,
ASN00023718,20060503,MDPR,82,,,a,
ASN00023718,20060511,MDPR,240,,,a,
ASN00023718,20060522,MDPR,40,,,a,
ASN00023718,20060529,MDPR,30,,,a,
ASN00023718,20060601,PRCP,164,,,a,
ASN00023718,20060609,PRCP,0,,,a,
ASN00023718,20060610,PRCP,0,,,a,
ASN00023718,20060617,PRCP,0,,,a,
ASN00023718,20060618,PRCP,0,,,a,
ASN00023718,20060619,PRCP,0,,,a,
ASN00023718,20060620,PRCP,0,,,a,
ASN00023718,20060621,PRCP,0,,,a,
ASN00023718,20060622,PRCP,0,,,a,
ASN00023718,20060623,PRCP,0,,,a,
ASN00023718,20060624,PRCP,0,,,a,
ASN00023718,20060625,PRCP,0,,,a,
ASN00023718,20060626,PRCP,0,,,a,
ASN00023718,20060627,PRCP,4,,,a,
ASN00023718,20060628,PRCP,0,,,a,
ASN00023718,20060629,PRCP,0,,,a,
ASN00023718,20060630,PRCP,6,,,a,
ASN00023718,20060608,DAPR,7,,,a,
ASN00023718,20060616,DAPR,6,,,a,
ASN00023718,20060608,DWPR,5,,,a,
ASN00023718,20060616,DWPR,2,,,a,
ASN00023718,20060608,MDPR,70,,,a,
ASN00023718,20060616,MDPR,60,,,a,
ASN00023718,20060705,PRCP,0,,,a,
ASN00023718,20060706,PRCP,0,,,a,
ASN00023718,20060707,PRCP,0,,,a,
ASN00023718,20060708,PRCP,0,,,a,
ASN00023718,20060709,PRCP,0,,,a,
ASN00023718,20060710,PRCP,0,,,a,
ASN00023718,20060718,PRCP,0,,,a,
ASN00023718,20060719,PRCP,0,,,a,
ASN00023718,20060720,PRCP,0,,,a,
ASN00023718,20060721,PRCP,0,,,a,
ASN00023718,20060722,PRCP,0,,,a,
ASN00023718,20060704,DAPR,4,,,a,
ASN00023718,20060717,DAPR,7,,,a,
ASN00023718,20060726,DAPR,4,,,a,
ASN00023718,20060731,DAPR,5,,,a,
ASN00023718,20060704,DWPR,4,,,a,
ASN00023718,20060717,DWPR,7,,,a,
ASN00023718,20060726,DWPR,2,,,a,
ASN00023718,20060731,DWPR,4,,,a,
ASN00023718,20060704,MDPR,84,,,a,
ASN00023718,20060717,MDPR,260,,,a,
ASN00023718,20060726,MDPR,12,,,a,
ASN00023718,20060731,MDPR,36,,,a,
ASN00023718,20060801,PRCP,0,,,a,
ASN00023718,20060802,PRCP,0,,,a,
ASN00023718,20060803,PRCP,6,,,a,
ASN00023718,20060804,PRCP,0,,,a,
ASN00023718,20060805,PRCP,0,,,a,
ASN00023718,20060806,PRCP,0,,,a,
ASN00023718,20060807,PRCP,0,,,a,
ASN00023718,20060808,PRCP,0,,,a,
ASN00023718,20060809,PRCP,0,,,a,
ASN00023718,20060810,PRCP,0,,,a,
ASN00023718,20060811,PRCP,0,,,a,
ASN00023718,20060812,PRCP,0,,,a,
ASN00023718,20060813,PRCP,0,,,a,
ASN00023718,20060814,PRCP,0,,,a,
ASN00023718,20060815,PRCP,0,,,a,
ASN00023718,20060816,PRCP,0,,,a,
ASN00023718,20060819,PRCP,0,,,a,
ASN00023718,20060820,PRCP,0,,,a,
ASN00023718,20060823,PRCP,0,,,a,
ASN00023718,20060826,PRCP,0,,,a,
ASN00023718,20060827,PRCP,0,,,a,
ASN00023718,20060830,PRCP,0,,,a,
ASN00023718,20060831,PRCP,0,,,a,
ASN00023718,20060818,DAPR,2,,,a,
ASN00023718,20060822,DAPR,2,,,a,
ASN00023718,20060825,DAPR,2,,,a,
ASN00023718,20060829,DAPR,2,,,a,
ASN00023718,20060818,DWPR,2,,,a,
ASN00023718,20060822,DWPR,2,,,a,
ASN00023718,20060825,DWPR,2,,,a,
ASN00023718,20060829,DWPR,2,,,a,
ASN00023718,20060818,MDPR,32,,,a,
ASN00023718,20060822,MDPR,8,,,a,
ASN00023718,20060825,MDPR,20,,,a,
ASN00023718,20060829,MDPR,40,,,a,
ASN00023718,20060901,PRCP,0,,,a,
ASN00023718,20060902,PRCP,0,,,a,
ASN00023718,20060907,PRCP,16,,,a,
ASN00023718,20060911,PRCP,0,,,a,
ASN00023718,20060912,PRCP,0,,,a,
ASN00023718,20060913,PRCP,0,,,a,
ASN00023718,20060914,PRCP,0,,,a,
ASN00023718,20060915,PRCP,0,,,a,
ASN00023718,20060916,PRCP,0,,,a,
ASN00023718,20060917,PRCP,0,,,a,
ASN00023718,20060918,PRCP,0,,,a,
ASN00023718,20060919,PRCP,0,,,a,
ASN00023718,20060922,PRCP,0,,,a,
ASN00023718,20060923,PRCP,0,,,a,
ASN00023718,20060926,PRCP,0,,,a,
ASN00023718,20060927,PRCP,0,,,a,
ASN00023718,20060928,PRCP,0,,,a,
ASN00023718,20060929,PRCP,0,,,a,
ASN00023718,20060930,PRCP,0,,,a,
ASN00023718,20060906,DAPR,4,,,a,
ASN00023718,20060910,DAPR,3,,,a,
ASN00023718,20060921,DAPR,2,,,a,
ASN00023718,20060925,DAPR,2,,,a,
ASN00023718,20060906,DWPR,3,,,a,
ASN00023718,20060910,DWPR,3,,,a,
ASN00023718,20060921,DWPR,2,,,a,
ASN00023718,20060925,DWPR,2,,,a,
ASN00023718,20060906,MDPR,188,,,a,
ASN00023718,20060910,MDPR,96,,,a,
ASN00023718,20060921,MDPR,22,,,a,
ASN00023718,20060925,MDPR,64,,,a,
ASN00023718,20061001,PRCP,0,,,a,
ASN00023718,20061002,PRCP,0,,,a,
ASN00023718,20061003,PRCP,0,,,a,
ASN00023718,20061004,PRCP,0,,,a,
ASN00023718,20061005,PRCP,0,,,a,
ASN00023718,20061006,PRCP,0,,,a,
ASN00023718,20061007,PRCP,0,,,a,
ASN00023718,20061008,PRCP,0,,,a,
ASN00023718,20061009,PRCP,0,,,a,
ASN00023718,20061010,PRCP,0,,,a,
ASN00023718,20061011,PRCP,0,,,a,
ASN00023718,20061012,PRCP,0,,,a,
ASN00023718,20061013,PRCP,0,,,a,
ASN00023718,20061014,PRCP,0,,,a,
ASN00023718,20061015,PRCP,0,,,a,
ASN00023718,20061016,PRCP,0,,,a,
ASN00023718,20061017,PRCP,0,,,a,
ASN00023718,20061018,PRCP,0,,,a,
ASN00023718,20061019,PRCP,0,,,a,
ASN00023718,20061020,PRCP,0,,,a,
ASN00023718,20061021,PRCP,0,,,a,
ASN00023718,20061022,PRCP,0,,,a,
ASN00023718,20061023,PRCP,0,,,a,
ASN00023718,20061024,PRCP,0,,,a,
ASN00023718,20061025,PRCP,0,,,a,
ASN00023718,20061026,PRCP,0,,,a,
ASN00023718,20061027,PRCP,0,,,a,
ASN00023718,20061031,PRCP,0,,,a,
ASN00023718,20061030,DAPR,3,,,a,
ASN00023718,20061030,DWPR,2,,,a,
ASN00023718,20061030,MDPR,12,,,a,
ASN00023718,20061101,PRCP,0,,,a,
ASN00023718,20061102,PRCP,24,,,a,
ASN00023718,20061103,PRCP,0,,,a,
ASN00023718,20061104,PRCP,0,,,a,
ASN00023718,20061105,PRCP,0,,,a,
ASN00023718,20061106,PRCP,0,,,a,
ASN00023718,20061107,PRCP,0,,,a,
ASN00023718,20061108,PRCP,0,,,a,
ASN00023718,20061109,PRCP,0,,,a,
ASN00023718,20061110,PRCP,0,,,a,
ASN00023718,20061111,PRCP,0,,,a,
ASN00023718,20061123,PRCP,0,,,a,
ASN00023718,20061124,PRCP,0,,,a,
ASN00023718,20061125,PRCP,0,,,a,
ASN00023718,20061126,PRCP,0,,,a,
ASN00023718,20061127,PRCP,0,,,a,
ASN00023718,20061128,PRCP,0,,,a,
ASN00023718,20061129,PRCP,0,,,a,
ASN00023718,20061130,PRCP,0,,,a,
ASN00023718,20061115,DAPR,4,,,a,
ASN00023718,20061122,DAPR,7,,,a,
ASN00023718,20061115,DWPR,3,,,a,
ASN00023718,20061122,DWPR,2,,,a,
ASN00023718,20061115,MDPR,102,,,a,
ASN00023718,20061122,MDPR,12,,,a,
ASN00023718,20061201,PRCP,0,,,a,
ASN00023718,20061202,PRCP,0,,,a,
ASN00023718,20061203,PRCP,0,,,a,
ASN00023718,20061204,PRCP,0,,,a,
ASN00023718,20061205,PRCP,0,,,a,
ASN00023718,20061206,PRCP,0,,,a,
ASN00023718,20061207,PRCP,0,,,a,
ASN00023718,20061208,PRCP,0,,,a,
ASN00023718,20061209,PRCP,0,,,a,
ASN00023718,20061210,PRCP,0,,,a,
ASN00023718,20061211,PRCP,0,,,a,
ASN00023718,20061212,PRCP,0,,,a,
ASN00023718,20061213,PRCP,0,,,a,
ASN00023718,20061214,PRCP,0,,,a,
ASN00023718,20061215,PRCP,34,,,a,
ASN00023718,20061216,PRCP,0,,,a,
ASN00023718,20061217,PRCP,0,,,a,
ASN00023718,20061218,PRCP,0,,,a,
ASN00023718,20061219,PRCP,0,,,a,
ASN00023718,20061220,PRCP,0,,,a,
ASN00023718,20061221,PRCP,0,,,a,
ASN00023718,20061222,PRCP,70,,,a,
ASN00023718,20061223,PRCP,0,,,a,
ASN00023718,20061224,PRCP,0,,,a,
ASN00023718,20061225,PRCP,0,,,a,
ASN00023718,20061228,PRCP,0,,,a,
ASN00023718,20061229,PRCP,0,,,a,
ASN00023718,20061230,PRCP,0,,,a,
ASN00023718,20061231,PRCP,0,,,a,
ASN00023718,20061227,DAPR,2,,,a,
ASN00023718,20061227,DWPR,2,,,a,
ASN00023718,20061227,MDPR,12,,,a,
ASN00023718,20070101,PRCP,0,,,a,
ASN00023718,20070102,PRCP,0,,,a,
ASN00023718,20070103,PRCP,0,,,a,
ASN00023718,20070104,PRCP,0,,,a,
ASN00023718,20070105,PRCP,0,,,a,
ASN00023718,20070108,PRCP,0,,,a,
ASN00023718,20070109,PRCP,0,,,a,
ASN00023718,20070110,PRCP,0,,,a,
ASN00023718,20070111,PRCP,0,,,a,
ASN00023718,20070112,PRCP,0,,,a,
ASN00023718,20070113,PRCP,0,,,a,
ASN00023718,20070114,PRCP,0,,,a,
ASN00023718,20070115,PRCP,0,,,a,
ASN00023718,20070116,PRCP,0,,,a,
ASN00023718,20070117,PRCP,0,,,a,
ASN00023718,20070118,PRCP,0,,,a,
ASN00023718,20070122,PRCP,0,,,a,
ASN00023718,20070123,PRCP,0,,,a,
ASN00023718,20070124,PRCP,0,,,a,
ASN00023718,20070125,PRCP,0,,,a,
ASN00023718,20070126,PRCP,0,,,a,
ASN00023718,20070127,PRCP,0,,,a,
ASN00023718,20070128,PRCP,0,,,a,
ASN00023718,20070129,PRCP,0,,,a,
ASN00023718,20070130,PRCP,0,,,a,
ASN00023718,20070131,PRCP,0,,,a,
ASN00023718,20070107,DAPR,2,,,a,
ASN00023718,20070121,DAPR,3,,,a,
ASN00023718,20070107,DWPR,2,,,a,
ASN00023718,20070121,DWPR,3,,,a,
ASN00023718,20070107,MDPR,60,,,a,
ASN00023718,20070121,MDPR,310,,,a,
ASN00023718,20070201,PRCP,0,,,a,
ASN00023718,20070202,PRCP,0,,,a,
ASN00023718,20070203,PRCP,0,,,a,
ASN00023718,20070204,PRCP,0,,,a,
ASN00023718,20070205,PRCP,0,,,a,
ASN00023718,20070206,PRCP,0,,,a,
ASN00023718,20070207,PRCP,0,,,a,
ASN00023718,20070208,PRCP,0,,,a,
ASN00023718,20070209,PRCP,0,,,a,
ASN00023718,20070210,PRCP,0,,,a,
ASN00023718,20070211,PRCP,0,,,a,
ASN00023718,20070212,PRCP,0,,,a,
ASN00023718,20070213,PRCP,0,,,a,
ASN00023718,20070214,PRCP,0,,,a,
ASN00023718,20070215,PRCP,0,,,a,
ASN00023718,20070216,PRCP,0,,,a,
ASN00023718,20070217,PRCP,0,,,a,
ASN00023718,20070218,PRCP,0,,,a,
ASN00023718,20070219,PRCP,0,,,a,
ASN00023718,20070220,PRCP,0,,,a,
ASN00023718,20070221,PRCP,0,,,a,
ASN00023718,20070222,PRCP,0,,,a,
ASN00023718,20070223,PRCP,0,,,a,
ASN00023718,20070226,PRCP,0,,,a,
ASN00023718,20070227,PRCP,0,,,a,
ASN00023718,20070228,PRCP,0,,,a,
ASN00023718,20070225,DAPR,2,,,a,
ASN00023718,20070225,DWPR,2,,,a,
ASN00023718,20070225,MDPR,8,,,a,
ASN00023718,20070301,PRCP,0,,,a,
ASN00023718,20070302,PRCP,0,,,a,
ASN00023718,20070303,PRCP,0,,,a,
ASN00023718,20070304,PRCP,0,,,a,
ASN00023718,20070305,PRCP,0,,,a,
ASN00023718,20070306,PRCP,0,,,a,
ASN00023718,20070307,PRCP,0,,,a,
ASN00023718,20070308,PRCP,0,,,a,
ASN00023718,20070309,PRCP,0,,,a,
ASN00023718,20070310,PRCP,0,,,a,
ASN00023718,20070311,PRCP,0,,,a,
ASN00023718,20070312,PRCP,0,,,a,
ASN00023718,20070313,PRCP,0,,,a,
ASN00023718,20070314,PRCP,0,,,a,
ASN00023718,20070315,PRCP,0,,,a,
ASN00023718,20070316,PRCP,8,,,a,
ASN00023718,20070317,PRCP,0,,,a,
ASN00023718,20070318,PRCP,0,,,a,
ASN00023718,20070319,PRCP,0,,,a,
ASN00023718,20070320,PRCP,0,,,a,
ASN00023718,20070321,PRCP,0,,,a,
ASN00023718,20070322,PRCP,0,,,a,
ASN00023718,20070323,PRCP,0,,,a,
ASN00023718,20070324,PRCP,150,,,a,
ASN00023718,20070325,PRCP,0,,,a,
ASN00023718,20070326,PRCP,0,,,a,
ASN00023718,20070327,PRCP,0,,,a,
ASN00023718,20070328,PRCP,0,,,a,
ASN00023718,20070329,PRCP,12,,,a,
ASN00023718,20070330,PRCP,0,,,a,
ASN00023718,20070331,PRCP,0,,,a,
ASN00023718,20070401,PRCP,0,,,a,
ASN00023718,20070402,PRCP,0,,,a,
ASN00023718,20070403,PRCP,0,,,a,
ASN00023718,20070404,PRCP,0,,,a,
ASN00023718,20070405,PRCP,0,,,a,
ASN00023718,20070406,PRCP,0,,,a,
ASN00023718,20070407,PRCP,0,,,a,
ASN00023718,20070408,PRCP,0,,,a,
ASN00023718,20070409,PRCP,0,,,a,
ASN00023718,20070410,PRCP,0,,,a,
ASN00023718,20070411,PRCP,0,,,a,
ASN00023718,20070412,PRCP,0,,,a,
ASN00023718,20070413,PRCP,0,,,a,
ASN00023718,20070414,PRCP,0,,,a,
ASN00023718,20070415,PRCP,0,,,a,
ASN00023718,20070416,PRCP,0,,,a,
ASN00023718,20070417,PRCP,0,,,a,
ASN00023718,20070418,PRCP,0,,,a,
ASN00023718,20070419,PRCP,0,,,a,
ASN00023718,20070420,PRCP,0,,,a,
ASN00023718,20070421,PRCP,0,,,a,
ASN00023718,20070424,PRCP,0,,,a,
ASN00023718,20070425,PRCP,0,,,a,
ASN00023718,20070426,PRCP,0,,,a,
ASN00023718,20070427,PRCP,310,,,a,
ASN00023718,20070423,DAPR,2,,,a,
ASN00023718,20070430,DAPR,3,,,a,
ASN00023718,20070423,DWPR,2,,,a,
ASN00023718,20070430,DWPR,2,,,a,
ASN00023718,20070423,MDPR,8,,,a,
ASN00023718,20070430,MDPR,200,,,a,
ASN00023718,20070501,PRCP,0,,,a,
ASN00023718,20070502,PRCP,0,,,a,
ASN00023718,20070503,PRCP,22,,,a,
ASN00023718,20070504,PRCP,44,,,a,
ASN00023718,20070505,PRCP,0,,,a,
ASN00023718,20070506,PRCP,0,,,a,
ASN00023718,20070507,PRCP,0,,,a,
ASN00023718,20070508,PRCP,8,,,a,
ASN00023718,20070509,PRCP,0,,,a,
ASN00023718,20070510,PRCP,0,,,a,
ASN00023718,20070511,PRCP,0,,,a,
ASN00023718,20070512,PRCP,0,,,a,
ASN00023718,20070513,PRCP,0,,,a,
ASN00023718,20070514,PRCP,0,,,a,
ASN00023718,20070515,PRCP,20,,,a,
ASN00023718,20070516,PRCP,0,,,a,
ASN00023718,20070517,PRCP,0,,,a,
ASN00023718,20070518,PRCP,0,,,a,
ASN00023718,20070522,PRCP,0,,,a,
ASN00023718,20070523,PRCP,0,,,a,
ASN00023718,20070524,PRCP,0,,,a,
ASN00023718,20070525,PRCP,0,,,a,
ASN00023718,20070526,PRCP,0,,,a,
ASN00023718,20070527,PRCP,0,,,a,
ASN00023718,20070530,PRCP,16,,,a,
ASN00023718,20070531,PRCP,6,,,a,
ASN00023718,20070521,DAPR,3,,,a,
ASN00023718,20070529,DAPR,2,,,a,
ASN00023718,20070521,DWPR,2,,,a,
ASN00023718,20070529,DWPR,2,,,a,
ASN00023718,20070521,MDPR,26,,,a,
ASN00023718,20070529,MDPR,46,,,a,
ASN00023718,20070601,PRCP,44,,,a,
ASN00023718,20070606,PRCP,4,,,a,
ASN00023718,20070615,PRCP,0,,,a,
ASN00023718,20070622,PRCP,28,,,a,
ASN00023718,20070623,PRCP,0,,,a,
ASN00023718,20070624,PRCP,0,,,a,
ASN00023718,20070625,PRCP,0,,,a,
ASN00023718,20070628,PRCP,36,,,a,
ASN00023718,20070629,PRCP,0,,,a,
ASN00023718,20070630,PRCP,0,,,a,
ASN00023718,20070605,DAPR,4,,,a,
ASN00023718,20070608,DAPR,2,,,a,
ASN00023718,20070614,DAPR,6,,,a,
ASN00023718,20070619,DAPR,4,,,a,
ASN00023718,20070621,DAPR,2,,,a,
ASN00023718,20070627,DAPR,2,,,a,
ASN00023718,20070605,DWPR,4,,,a,
ASN00023718,20070608,DWPR,2,,,a,
ASN00023718,20070614,DWPR,5,,,a,
ASN00023718,20070619,DWPR,3,,,a,
ASN00023718,20070621,DWPR,2,,,a,
ASN00023718,20070627,DWPR,2,,,a,
ASN00023718,20070605,MDPR,294,,,a,
ASN00023718,20070608,MDPR,50,,,a,
ASN00023718,20070614,MDPR,186,,,a,
ASN00023718,20070619,MDPR,94,,,a,
ASN00023718,20070621,MDPR,60,,,a,
ASN00023718,20070627,MDPR,12,,,a,
ASN00023718,20070701,PRCP,0,,,a,
ASN00023718,20070702,PRCP,32,,,a,
ASN00023718,20070703,PRCP,12,,,a,
ASN00023718,20070704,PRCP,68,,,a,
ASN00023718,20070718,PRCP,0,,,a,
ASN00023718,20070719,PRCP,0,,,a,
ASN00023718,20070720,PRCP,0,,,a,
ASN00023718,20070721,PRCP,0,,,a,
ASN00023718,20070722,PRCP,0,,,a,
ASN00023718,20070723,PRCP,0,,,a,
ASN00023718,20070724,PRCP,0,,,a,
ASN00023718,20070725,PRCP,0,,,a,
ASN00023718,20070726,PRCP,0,,,a,
ASN00023718,20070730,PRCP,0,,,a,
ASN00023718,20070731,PRCP,0,,,a,
ASN00023718,20070711,DAPR,7,,,a,
ASN00023718,20070711,DWPR,5,,,a,
ASN00023718,20070711,MDPR,300,,,a,
ASN00023718,20070801,PRCP,18,,,a,
ASN00023718,20070806,PRCP,0,,,a,
ASN00023718,20070807,PRCP,0,,,a,
ASN00023718,20070808,PRCP,18,,,a,
ASN00023718,20070809,PRCP,0,,,a,
ASN00023718,20070810,PRCP,0,,,a,
ASN00023718,20070811,PRCP,0,,,a,
ASN00023718,20070812,PRCP,32,,L,a,
ASN00023718,20070818,PRCP,0,,,a,
ASN00023718,20070819,PRCP,0,,,a,
ASN00023718,20070820,PRCP,0,,,a,
ASN00023718,20070821,PRCP,0,,,a,
ASN00023718,20070822,PRCP,0,,,a,
ASN00023718,20070823,PRCP,0,,,a,
ASN00023718,20070824,PRCP,0,,,a,
ASN00023718,20070825,PRCP,0,,,a,
ASN00023718,20070826,PRCP,0,,,a,
ASN00023718,20070827,PRCP,0,,,a,
ASN00023718,20070828,PRCP,0,,,a,
ASN00023718,20070829,PRCP,0,,,a,
ASN00023718,20070830,PRCP,0,,,a,
ASN00023718,20070831,PRCP,70,,,a,
ASN00023718,20070805,DAPR,4,,,a,
ASN00023718,20070814,DAPR,3,,L,a,
ASN00023718,20070817,DAPR,5,,,a,
ASN00023718,20070805,DWPR,3,,,a,
ASN00023718,20070817,DWPR,2,,,a,
ASN00023718,20070805,MDPR,62,,,a,
ASN00023718,20070814,MDPR,32,,L,a,
ASN00023718,20070817,MDPR,50,,,a,
ASN00023718,20070901,PRCP,0,,,a,
ASN00023718,20070902,PRCP,0,,,a,
ASN00023718,20070903,PRCP,46,,,a,
ASN00023718,20070904,PRCP,0,,,a,
ASN00023718,20070905,PRCP,0,,,a,
ASN00023718,20070906,PRCP,0,,,a,
ASN00023718,20070907,PRCP,0,,,a,
ASN00023718,20070908,PRCP,0,,,a,
ASN00023718,20070909,PRCP,0,,,a,
ASN00023718,20070912,PRCP,12,,,a,
ASN00023718,20070913,PRCP,0,,,a,
ASN00023718,20070914,PRCP,72,,,a,
ASN00023718,20070915,PRCP,0,,,a,
ASN00023718,20070916,PRCP,0,,,a,
ASN00023718,20070917,PRCP,60,,,a,
ASN00023718,20070918,PRCP,0,,,a,
ASN00023718,20070919,PRCP,0,,,a,
ASN00023718,20070920,PRCP,42,,,a,
ASN00023718,20070921,PRCP,0,,,a,
ASN00023718,20070922,PRCP,0,,,a,
ASN00023718,20070923,PRCP,0,,,a,
ASN00023718,20070924,PRCP,0,,,a,
ASN00023718,20070925,PRCP,0,,,a,
ASN00023718,20070930,PRCP,0,,,a,
ASN00023718,20070911,DAPR,2,,,a,
ASN00023718,20070929,DAPR,4,,,a,
ASN00023718,20070911,DWPR,2,,,a,
ASN00023718,20070929,DWPR,4,,,a,
ASN00023718,20070911,MDPR,68,,,a,
ASN00023718,20070929,MDPR,110,,,a,
ASN00023718,20071001,PRCP,0,,,a,
ASN00023718,20071002,PRCP,0,,,a,
ASN00023718,20071003,PRCP,0,,,a,
ASN00023718,20071004,PRCP,0,,,a,
ASN00023718,20071005,PRCP,0,,,a,
ASN00023718,20071006,PRCP,0,,,a,
ASN00023718,20071007,PRCP,0,,,a,
ASN00023718,20071008,PRCP,0,,,a,
ASN00023718,20071009,PRCP,0,,,a,
ASN00023718,20071010,PRCP,0,,,a,
ASN00023718,20071014,PRCP,0,,,a,
ASN00023718,20071015,PRCP,0,,,a,
ASN00023718,20071016,PRCP,0,,,a,
ASN00023718,20071017,PRCP,0,,,a,
ASN00023718,20071018,PRCP,0,,,a,
ASN00023718,20071019,PRCP,0,,,a,
ASN00023718,20071020,PRCP,0,,,a,
ASN00023718,20071021,PRCP,0,,,a,
ASN00023718,20071024,PRCP,0,,,a,
ASN00023718,20071025,PRCP,0,,,a,
ASN00023718,20071026,PRCP,0,,,a,
ASN00023718,20071027,PRCP,0,,,a,
ASN00023718,20071031,PRCP,0,,,a,
ASN00023718,20071013,DAPR,3,,,a,
ASN00023718,20071023,DAPR,2,,,a,
ASN00023718,20071030,DAPR,3,,,a,
ASN00023718,20071013,DWPR,3,,,a,
ASN00023718,20071023,DWPR,2,,,a,
ASN00023718,20071030,DWPR,3,,,a,
ASN00023718,20071013,MDPR,50,,,a,
ASN00023718,20071023,MDPR,172,,,a,
ASN00023718,20071030,MDPR,122,,,a,
ASN00023718,20071105,PRCP,0,,,a,
ASN00023718,20071106,PRCP,0,,,a,
ASN00023718,20071107,PRCP,0,,,a,
ASN00023718,20071108,PRCP,0,,,a,
ASN00023718,20071109,PRCP,0,,,a,
ASN00023718,20071110,PRCP,0,,,a,
ASN00023718,20071111,PRCP,0,,,a,
ASN00023718,20071112,PRCP,0,,,a,
ASN00023718,20071113,PRCP,0,,,a,
ASN00023718,20071114,PRCP,0,,,a,
ASN00023718,20071115,PRCP,0,,,a,
ASN00023718,20071116,PRCP,0,,,a,
ASN00023718,20071117,PRCP,0,,,a,
ASN00023718,20071118,PRCP,0,,,a,
ASN00023718,20071119,PRCP,0,,,a,
ASN00023718,20071120,PRCP,0,,,a,
ASN00023718,20071121,PRCP,88,,,a,
ASN00023718,20071122,PRCP,0,,,a,
ASN00023718,20071123,PRCP,0,,,a,
ASN00023718,20071124,PRCP,0,,,a,
ASN00023718,20071125,PRCP,0,,,a,
ASN00023718,20071126,PRCP,0,,,a,
ASN00023718,20071127,PRCP,0,,,a,
ASN00023718,20071128,PRCP,0,,,a,
ASN00023718,20071129,PRCP,0,,,a,
ASN00023718,20071130,PRCP,0,,,a,
ASN00023718,20071102,DAPR,2,,,a,
ASN00023718,20071104,DAPR,2,,,a,
ASN00023718,20071102,DWPR,2,,,a,
ASN00023718,20071104,DWPR,2,,,a,
ASN00023718,20071102,MDPR,84,,,a,
ASN00023718,20071104,MDPR,414,,,a,
ASN00023718,20071201,PRCP,0,,,a,
ASN00023718,20071202,PRCP,0,,,a,
ASN00023718,20071203,PRCP,0,,,a,
ASN00023718,20071204,PRCP,0,,,a,
ASN00023718,20071205,PRCP,0,,,a,
ASN00023718,20071206,PRCP,0,,,a,
ASN00023718,20071207,PRCP,0,,,a,
ASN00023718,20071208,PRCP,0,,,a,
ASN00023718,20071209,PRCP,0,,,a,
ASN00023718,20071210,PRCP,0,,,a,
ASN00023718,20071211,PRCP,0,,,a,
ASN00023718,20071212,PRCP,0,,,a,
ASN00023718,20071213,PRCP,0,,,a,
ASN00023718,20071214,PRCP,0,,,a,
ASN00023718,20071215,PRCP,0,,,a,
ASN00023718,20071216,PRCP,0,,,a,
ASN00023718,20071217,PRCP,0,,,a,
ASN00023718,20071218,PRCP,0,,,a,
ASN00023718,20071219,PRCP,14,,,a,
ASN00023718,20071220,PRCP,0,,,a,
ASN00023718,20071224,PRCP,0,,,a,
ASN00023718,20071225,PRCP,0,,,a,
ASN00023718,20071226,PRCP,0,,,a,
ASN00023718,20071227,PRCP,0,,,a,
ASN00023718,20071228,PRCP,0,,,a,
ASN00023718,20071229,PRCP,0,,,a,
ASN00023718,20071230,PRCP,0,,,a,
ASN00023718,20071231,PRCP,0,,,a,
ASN00023718,20071223,DAPR,3,,,a,
ASN00023718,20071223,DWPR,3,,,a,
ASN00023718,20071223,MDPR,294,,,a,
ASN00023718,20080101,PRCP,0,,,a,
ASN00023718,20080102,PRCP,0,,,a,
ASN00023718,20080103,PRCP,0,,,a,
ASN00023718,20080104,PRCP,0,,,a,
ASN00023718,20080105,PRCP,0,,,a,
ASN00023718,20080106,PRCP,0,,,a,
ASN00023718,20080107,PRCP,0,,,a,
ASN00023718,20080108,PRCP,0,,,a,
ASN00023718,20080109,PRCP,0,,,a,
ASN00023718,20080110,PRCP,0,,,a,
ASN00023718,20080111,PRCP,0,,,a,
ASN00023718,20080112,PRCP,0,,,a,
ASN00023718,20080113,PRCP,8,,,a,
ASN00023718,20080114,PRCP,0,,,a,
ASN00023718,20080115,PRCP,0,,,a,
ASN00023718,20080116,PRCP,0,,,a,
ASN00023718,20080117,PRCP,0,,,a,
ASN00023718,20080118,PRCP,0,,,a,
ASN00023718,20080119,PRCP,0,,,a,
ASN00023718,20080125,PRCP,0,,,a,
ASN00023718,20080126,PRCP,0,,,a,
ASN00023718,20080127,PRCP,0,,,a,
ASN00023718,20080128,PRCP,0,,,a,
ASN00023718,20080129,PRCP,0,,,a,
ASN00023718,20080130,PRCP,0,,,a,
ASN00023718,20080131,PRCP,0,,,a,
ASN00023718,20080124,DAPR,5,,,a,
ASN00023718,20080124,DWPR,3,,,a,
ASN00023718,20080124,MDPR,12,,,a,
ASN00023718,20080201,PRCP,0,,,a,
ASN00023718,20080202,PRCP,0,,,a,
ASN00023718,20080203,PRCP,0,,,a,
ASN00023718,20080208,PRCP,0,,,a,
ASN00023718,20080209,PRCP,0,,,a,
ASN00023718,20080210,PRCP,0,,,a,
ASN00023718,20080211,PRCP,0,,,a,
ASN00023718,20080212,PRCP,0,,,a,
ASN00023718,20080213,PRCP,0,,,a,
ASN00023718,20080214,PRCP,0,,,a,
ASN00023718,20080215,PRCP,0,,,a,
ASN00023718,20080216,PRCP,0,,,a,
ASN00023718,20080217,PRCP,0,,,a,
ASN00023718,20080218,PRCP,0,,,a,
ASN00023718,20080219,PRCP,0,,,a,
ASN00023718,20080220,PRCP,82,,,a,
ASN00023718,20080221,PRCP,0,,,a,
ASN00023718,20080222,PRCP,0,,,a,
ASN00023718,20080223,PRCP,0,,,a,
ASN00023718,20080224,PRCP,0,,,a,
ASN00023718,20080225,PRCP,0,,,a,
ASN00023718,20080226,PRCP,0,,,a,
ASN00023718,20080227,PRCP,0,,,a,
ASN00023718,20080228,PRCP,0,,,a,
ASN00023718,20080229,PRCP,0,,,a,
ASN00023718,20080207,DAPR,4,,,a,
ASN00023718,20080207,DWPR,2,,,a,
ASN00023718,20080207,MDPR,4,,,a,
ASN00023718,20080301,PRCP,0,,,a,
ASN00023718,20080302,PRCP,0,,,a,
ASN00023718,20080303,PRCP,0,,,a,
ASN00023718,20080304,PRCP,0,,,a,
ASN00023718,20080305,PRCP,0,,,a,
ASN00023718,20080306,PRCP,0,,,a,
ASN00023718,20080307,PRCP,0,,,a,
ASN00023718,20080308,PRCP,0,,,a,
ASN00023718,20080309,PRCP,0,,,a,
ASN00023718,20080310,PRCP,0,,,a,
ASN00023718,20080311,PRCP,0,,,a,
ASN00023718,20080312,PRCP,0,,,a,
ASN00023718,20080313,PRCP,0,,,a,
ASN00023718,20080314,PRCP,0,,,a,
ASN00023718,20080315,PRCP,0,,,a,
ASN00023718,20080316,PRCP,0,,,a,
ASN00023718,20080317,PRCP,0,,,a,
ASN00023718,20080318,PRCP,0,,,a,
ASN00023718,20080319,PRCP,0,,,a,
ASN00023718,20080320,PRCP,0,,,a,
ASN00023718,20080321,PRCP,0,,,a,
ASN00023718,20080322,PRCP,0,,,a,
ASN00023718,20080323,PRCP,0,,,a,
ASN00023718,20080324,PRCP,0,,,a,
ASN00023718,20080325,PRCP,80,,,a,
ASN00023718,20080326,PRCP,14,,,a,
ASN00023718,20080327,PRCP,54,,,a,
ASN00023718,20080328,PRCP,8,,,a,
ASN00023718,20080329,PRCP,0,,,a,
ASN00023718,20080330,PRCP,0,,,a,
ASN00023718,20080331,PRCP,0,,,a,
ASN00023718,20080401,PRCP,0,,,a,
ASN00023718,20080404,PRCP,12,,,a,
ASN00023718,20080405,PRCP,0,,,a,
ASN00023718,20080406,PRCP,0,,,a,
ASN00023718,20080407,PRCP,0,,,a,
ASN00023718,20080408,PRCP,0,,,a,
ASN00023718,20080409,PRCP,20,,,a,
ASN00023718,20080410,PRCP,0,,,a,
ASN00023718,20080411,PRCP,0,,,a,
ASN00023718,20080414,PRCP,0,,,a,
ASN00023718,20080415,PRCP,0,,,a,
ASN00023718,20080416,PRCP,0,,,a,
ASN00023718,20080417,PRCP,0,,,a,
ASN00023718,20080418,PRCP,0,,,a,
ASN00023718,20080419,PRCP,0,,,a,
ASN00023718,20080420,PRCP,0,,,a,
ASN00023718,20080421,PRCP,0,,,a,
ASN00023718,20080422,PRCP,0,,,a,
ASN00023718,20080423,PRCP,0,,,a,
ASN00023718,20080424,PRCP,0,,,a,
ASN00023718,20080425,PRCP,0,,,a,
ASN00023718,20080430,PRCP,4,,,a,
ASN00023718,20080403,DAPR,2,,,a,
ASN00023718,20080413,DAPR,2,,,a,
ASN00023718,20080429,DAPR,4,,,a,
ASN00023718,20080403,DWPR,2,,,a,
ASN00023718,20080413,DWPR,2,,,a,
ASN00023718,20080429,DWPR,4,,,a,
ASN00023718,20080403,MDPR,110,,,a,
ASN00023718,20080413,MDPR,70,,,a,
ASN00023718,20080429,MDPR,156,,,a,
ASN00023718,20080503,PRCP,6,,,a,
ASN00023718,20080504,PRCP,0,,,a,
ASN00023718,20080505,PRCP,0,,,a,
ASN00023718,20080506,PRCP,0,,,a,
ASN00023718,20080507,PRCP,46,,,a,
ASN00023718,20080508,PRCP,8,,,a,
ASN00023718,20080509,PRCP,0,,,a,
ASN00023718,20080510,PRCP,0,,,a,
ASN00023718,20080511,PRCP,0,,,a,
ASN00023718,20080512,PRCP,0,,,a,
ASN00023718,20080513,PRCP,0,,,a,
ASN00023718,20080514,PRCP,0,,,a,
ASN00023718,20080515,PRCP,0,,,a,
ASN00023718,20080516,PRCP,0,,,a,
ASN00023718,20080520,PRCP,2,,,a,
ASN00023718,20080521,PRCP,104,,,a,
ASN00023718,20080522,PRCP,0,,,a,
ASN00023718,20080523,PRCP,0,,,a,
ASN00023718,20080524,PRCP,0,,,a,
ASN00023718,20080525,PRCP,0,,,a,
ASN00023718,20080526,PRCP,0,,,a,
ASN00023718,20080527,PRCP,20,,,a,
ASN00023718,20080528,PRCP,0,,,a,
ASN00023718,20080529,PRCP,0,,,a,
ASN00023718,20080530,PRCP,0,,,a,
ASN00023718,20080531,PRCP,0,,,a,
ASN00023718,20080502,DAPR,2,,,a,
ASN00023718,20080519,DAPR,3,,,a,
ASN00023718,20080502,DWPR,2,,,a,
ASN00023718,20080519,DWPR,3,,,a,
ASN00023718,20080502,MDPR,64,,,a,
ASN00023718,20080519,MDPR,190,,,a,
ASN00023718,20080601,PRCP,6,,,a,
ASN00023718,20080602,PRCP,0,,,a,
ASN00023718,20080603,PRCP,0,,,a,
ASN00023718,20080604,PRCP,0,,,a,
ASN00023718,20080612,PRCP,0,,,a,
ASN00023718,20080613,PRCP,42,,,a,
ASN00023718,20080614,PRCP,0,,,a,
ASN00023718,20080615,PRCP,0,,,a,
ASN00023718,20080616,PRCP,0,,,a,
ASN00023718,20080617,PRCP,0,,,a,
ASN00023718,20080618,PRCP,0,,,a,
ASN00023718,20080619,PRCP,98,,,a,
ASN00023718,20080620,PRCP,0,,,a,
ASN00023718,20080624,PRCP,0,,,a,
ASN00023718,20080625,PRCP,0,,,a,
ASN00023718,20080626,PRCP,8,,,a,
ASN00023718,20080627,PRCP,0,,,a,
ASN00023718,20080628,PRCP,0,,,a,
ASN00023718,20080629,PRCP,0,,,a,
ASN00023718,20080630,PRCP,70,,,a,
ASN00023718,20080611,DAPR,7,,,a,
ASN00023718,20080623,DAPR,3,,,a,
ASN00023718,20080611,DWPR,4,,,a,
ASN00023718,20080623,DWPR,3,,,a,
ASN00023718,20080611,MDPR,140,,,a,
ASN00023718,20080623,MDPR,46,,,a,
ASN00023718,20080701,PRCP,0,,,a,
ASN00023718,20080702,PRCP,4,,,a,
ASN00023718,20080703,PRCP,0,,,a,
ASN00023718,20080704,PRCP,0,,,a,
ASN00023718,20080705,PRCP,0,,,a,
ASN00023718,20080706,PRCP,0,,,a,
ASN00023718,20080707,PRCP,48,,,a,
ASN00023718,20080708,PRCP,310,,,a,
ASN00023718,20080709,PRCP,110,,,a,
ASN00023718,20080710,PRCP,62,,,a,
ASN00023718,20080711,PRCP,0,,,a,
ASN00023718,20080712,PRCP,0,,,a,
ASN00023718,20080713,PRCP,0,,,a,
ASN00023718,20080722,PRCP,0,,,a,
ASN00023718,20080723,PRCP,0,,,a,
ASN00023718,20080724,PRCP,0,,,a,
ASN00023718,20080725,PRCP,0,,,a,
ASN00023718,20080726,PRCP,0,,,a,
ASN00023718,20080721,DAPR,8,,,a,
ASN00023718,20080731,DAPR,5,,,a,
ASN00023718,20080721,DWPR,7,,,a,
ASN00023718,20080731,DWPR,4,,,a,
ASN00023718,20080721,MDPR,182,,,a,
ASN00023718,20080731,MDPR,130,,,a,
ASN00023718,20080803,PRCP,0,,,a,
ASN00023718,20080806,PRCP,18,,,a,
ASN00023718,20080807,PRCP,212,,,a,
ASN00023718,20080812,PRCP,8,,,a,
ASN00023718,20080815,PRCP,22,,,a,
ASN00023718,20080819,PRCP,0,,,a,
ASN00023718,20080820,PRCP,0,,,a,
ASN00023718,20080823,PRCP,14,,,a,
ASN00023718,20080824,PRCP,0,,,a,
ASN00023718,20080825,PRCP,0,,,a,
ASN00023718,20080826,PRCP,0,,,a,
ASN00023718,20080827,PRCP,0,,,a,
ASN00023718,20080828,PRCP,0,,,a,
ASN00023718,20080829,PRCP,0,,,a,
ASN00023718,20080830,PRCP,0,,,a,
ASN00023718,20080831,PRCP,0,,,a,
ASN00023718,20080802,DAPR,2,,,a,
ASN00023718,20080805,DAPR,2,,,a,
ASN00023718,20080811,DAPR,4,,,a,
ASN00023718,20080814,DAPR,2,,,a,
ASN00023718,20080818,DAPR,3,,,a,
ASN00023718,20080822,DAPR,2,,,a,
ASN00023718,20080802,DWPR,2,,,a,
ASN00023718,20080805,DWPR,2,,,a,
ASN00023718,20080811,DWPR,4,,,a,
ASN00023718,20080814,DWPR,2,,,a,
ASN00023718,20080818,DWPR,3,,,a,
ASN00023718,20080822,DWPR,2,,,a,
ASN00023718,20080802,MDPR,130,,,a,
ASN00023718,20080805,MDPR,94,,,a,
ASN00023718,20080811,MDPR,274,,,a,
ASN00023718,20080814,MDPR,150,,,a,
ASN00023718,20080818,MDPR,64,,,a,
ASN00023718,20080822,MDPR,172,,,a,
ASN00023718,20080903,PRCP,0,,,a,
ASN00023718,20080904,PRCP,0,,,a,
ASN00023718,20080905,PRCP,0,,,a,
ASN00023718,20080906,PRCP,0,,,a,
ASN00023718,20080907,PRCP,0,,,a,
ASN00023718,20080908,PRCP,0,,,a,
ASN00023718,20080909,PRCP,0,,,a,
ASN00023718,20080910,PRCP,0,,,a,
ASN00023718,20080911,PRCP,36,,,a,
ASN00023718,20080912,PRCP,0,,,a,
ASN00023718,20080913,PRCP,0,,,a,
ASN00023718,20080917,PRCP,0,,,a,
ASN00023718,20080918,PRCP,0,,,a,
ASN00023718,20080919,PRCP,0,,,a,
ASN00023718,20080920,PRCP,0,,,a,
ASN00023718,20080921,PRCP,0,,,a,
ASN00023718,20080924,PRCP,0,,,a,
ASN00023718,20080925,PRCP,0,,,a,
ASN00023718,20080926,PRCP,0,,,a,
ASN00023718,20080927,PRCP,0,,,a,
ASN00023718,20080928,PRCP,0,,,a,
ASN00023718,20080929,PRCP,0,,,a,
ASN00023718,20080930,PRCP,0,,,a,
ASN00023718,20080902,DAPR,2,,,a,
ASN00023718,20080916,DAPR,3,,,a,
ASN00023718,20080923,DAPR,2,,,a,
ASN00023718,20080902,DWPR,2,,,a,
ASN00023718,20080916,DWPR,3,,,a,
ASN00023718,20080923,DWPR,2,,,a,
ASN00023718,20080902,MDPR,98,,,a,
ASN00023718,20080916,MDPR,122,,,a,
ASN00023718,20080923,MDPR,100,,,a,
ASN00023718,20081001,PRCP,0,,,a,
ASN00023718,20081002,PRCP,0,,,a,
ASN00023718,20081003,PRCP,0,,,a,
ASN00023718,20081004,PRCP,0,,,a,
ASN00023718,20081005,PRCP,0,,,a,
ASN00023718,20081008,PRCP,0,,,a,
ASN00023718,20081009,PRCP,20,,,a,
ASN00023718,20081010,PRCP,0,,,a,
ASN00023718,20081011,PRCP,0,,,a,
ASN00023718,20081012,PRCP,0,,,a,
ASN00023718,20081013,PRCP,0,,,a,
ASN00023718,20081014,PRCP,0,,,a,
ASN00023718,20081015,PRCP,0,,,a,
ASN00023718,20081016,PRCP,0,,,a,
ASN00023718,20081017,PRCP,0,,,a,
ASN00023718,20081018,PRCP,0,,,a,
ASN00023718,20081019,PRCP,0,,,a,
ASN00023718,20081020,PRCP,0,,,a,
ASN00023718,20081021,PRCP,0,,,a,
ASN00023718,20081022,PRCP,0,,,a,
ASN00023718,20081023,PRCP,0,,,a,
ASN00023718,20081024,PRCP,0,,,a,
ASN00023718,20081025,PRCP,0,,,a,
ASN00023718,20081026,PRCP,0,,,a,
ASN00023718,20081027,PRCP,16,,,a,
ASN00023718,20081028,PRCP,0,,,a,
ASN00023718,20081029,PRCP,0,,,a,
ASN00023718,20081030,PRCP,0,,,a,
ASN00023718,20081031,PRCP,0,,,a,
ASN00023718,20081007,DAPR,2,,,a,
ASN00023718,20081007,DWPR,2,,,a,
ASN00023718,20081007,MDPR,44,,,a,
ASN00023718,20081101,PRCP,0,,,a,
ASN00023718,20081104,PRCP,0,,,a,
ASN00023718,20081105,PRCP,16,,,a,
ASN00023718,20081106,PRCP,0,,,a,
ASN00023718,20081107,PRCP,20,,,a,
ASN00023718,20081108,PRCP,0,,,a,
ASN00023718,20081109,PRCP,0,,,a,
ASN00023718,20081110,PRCP,0,,,a,
ASN00023718,20081111,PRCP,0,,,a,
ASN00023718,20081112,PRCP,0,,,a,
ASN00023718,20081113,PRCP,0,,,a,
ASN00023718,20081114,PRCP,10,,,a,
ASN00023718,20081115,PRCP,0,,,a,
ASN00023718,20081116,PRCP,0,,,a,
ASN00023718,20081117,PRCP,0,,,a,
ASN00023718,20081118,PRCP,12,,,a,
ASN00023718,20081119,PRCP,0,,,a,
ASN00023718,20081120,PRCP,0,,,a,
ASN00023718,20081121,PRCP,0,,,a,
ASN00023718,20081122,PRCP,52,,,a,
ASN00023718,20081123,PRCP,0,,,a,
ASN00023718,20081124,PRCP,0,,,a,
ASN00023718,20081125,PRCP,0,,,a,
ASN00023718,20081126,PRCP,0,,,a,
ASN00023718,20081127,PRCP,0,,,a,
ASN00023718,20081128,PRCP,36,,,a,
ASN00023718,20081129,PRCP,0,,,a,
ASN00023718,20081130,PRCP,0,,,a,
ASN00023718,20081103,DAPR,2,,,a,
ASN00023718,20081103,DWPR,2,,,a,
ASN00023718,20081103,MDPR,48,,,a,
ASN00023718,20081201,PRCP,0,,,a,
ASN00023718,20081202,PRCP,0,,,a,
ASN00023718,20081203,PRCP,0,,,a,
ASN00023718,20081204,PRCP,0,,,a,
ASN00023718,20081205,PRCP,32,,,a,
ASN00023718,20081206,PRCP,0,,,a,
ASN00023718,20081207,PRCP,0,,,a,
ASN00023718,20081208,PRCP,0,,,a,
ASN00023718,20081211,PRCP,0,,,a,
ASN00023718,20081214,PRCP,6,,,a,
ASN00023718,20081215,PRCP,0,,,a,
ASN00023718,20081216,PRCP,0,,,a,
ASN00023718,20081217,PRCP,0,,,a,
ASN00023718,20081218,PRCP,0,,,a,
ASN00023718,20081219,PRCP,10,,,a,
ASN00023718,20081220,PRCP,0,,,a,
ASN00023718,20081221,PRCP,0,,,a,
ASN00023718,20081222,PRCP,0,,,a,
ASN00023718,20081223,PRCP,0,,,a,
ASN00023718,20081224,PRCP,0,,,a,
ASN00023718,20081225,PRCP,0,,,a,
ASN00023718,20081226,PRCP,0,,,a,
ASN00023718,20081227,PRCP,0,,,a,
ASN00023718,20081228,PRCP,0,,,a,
ASN00023718,20081229,PRCP,0,,,a,
ASN00023718,20081230,PRCP,0,,,a,
ASN00023718,20081231,PRCP,0,,,a,
ASN00023718,20081210,DAPR,2,,,a,
ASN00023718,20081213,DAPR,2,,,a,
ASN00023718,20081210,DWPR,2,,,a,
ASN00023718,20081213,DWPR,2,,,a,
ASN00023718,20081210,MDPR,30,,,a,
ASN00023718,20081213,MDPR,260,,,a,
ASN00023718,20090101,PRCP,0,,,a,
ASN00023718,20090102,PRCP,0,,,a,
ASN00023718,20090103,PRCP,0,,,a,
ASN00023718,20090104,PRCP,0,,,a,
ASN00023718,20090105,PRCP,0,,,a,
ASN00023718,20090106,PRCP,0,,,a,
ASN00023718,20090107,PRCP,0,,,a,
ASN00023718,20090108,PRCP,0,,,a,
ASN00023718,20090109,PRCP,0,,,a,
ASN00023718,20090110,PRCP,0,,,a,
ASN00023718,20090111,PRCP,0,,,a,
ASN00023718,20090112,PRCP,0,,,a,
ASN00023718,20090113,PRCP,0,,,a,
ASN00023718,20090114,PRCP,0,,,a,
ASN00023718,20090115,PRCP,0,,,a,
ASN00023718,20090116,PRCP,0,,,a,
ASN00023718,20090117,PRCP,0,,,a,
ASN00023718,20090118,PRCP,0,,,a,
ASN00023718,20090119,PRCP,0,,,a,
ASN00023718,20090120,PRCP,0,,,a,
ASN00023718,20090121,PRCP,0,,,a,
ASN00023718,20090122,PRCP,0,,,a,
ASN00023718,20090123,PRCP,0,,,a,
ASN00023718,20090124,PRCP,0,,,a,
ASN00023718,20090125,PRCP,0,,,a,
ASN00023718,20090126,PRCP,0,,,a,
ASN00023718,20090127,PRCP,0,,,a,
ASN00023718,20090128,PRCP,0,,,a,
ASN00023718,20090129,PRCP,0,,,a,
ASN00023718,20090130,PRCP,0,,,a,
ASN00023718,20090131,PRCP,0,,,a,
ASN00023718,20090201,PRCP,0,,,a,
ASN00023718,20090202,PRCP,0,,,a,
ASN00023718,20090203,PRCP,0,,,a,
ASN00023718,20090204,PRCP,0,,,a,
ASN00023718,20090205,PRCP,0,,,a,
ASN00023718,20090206,PRCP,0,,,a,
ASN00023718,20090207,PRCP,0,,,a,
ASN00023718,20090208,PRCP,0,,,a,
ASN00023718,20090209,PRCP,0,,,a,
ASN00023718,20090210,PRCP,0,,,a,
ASN00023718,20090211,PRCP,0,,,a,
ASN00023718,20090212,PRCP,0,,,a,
ASN00023718,20090213,PRCP,0,,,a,
ASN00023718,20090214,PRCP,0,,,a,
ASN00023718,20090215,PRCP,0,,,a,
ASN00023718,20090216,PRCP,0,,,a,
ASN00023718,20090217,PRCP,0,,,a,
ASN00023718,20090218,PRCP,0,,,a,
ASN00023718,20090219,PRCP,0,,,a,
ASN00023718,20090220,PRCP,0,,,a,
ASN00023718,20090221,PRCP,0,,,a,
ASN00023718,20090222,PRCP,0,,,a,
ASN00023718,20090223,PRCP,0,,,a,
ASN00023718,20090224,PRCP,0,,,a,
ASN00023718,20090225,PRCP,0,,,a,
ASN00023718,20090226,PRCP,0,,,a,
ASN00023718,20090227,PRCP,0,,,a,
ASN00023718,20090228,PRCP,0,,,a,
ASN00023718,20090301,PRCP,0,,,a,
ASN00023718,20090302,PRCP,0,,,a,
ASN00023718,20090303,PRCP,36,,,a,
ASN00023718,20090311,PRCP,0,,,a,
ASN00023718,20090312,PRCP,0,,,a,
ASN00023718,20090313,PRCP,0,,,a,
ASN00023718,20090317,PRCP,0,,,a,
ASN00023718,20090318,PRCP,0,,,a,
ASN00023718,20090319,PRCP,0,,,a,
ASN00023718,20090320,PRCP,0,,,a,
ASN00023718,20090321,PRCP,0,,,a,
ASN00023718,20090322,PRCP,0,,,a,
ASN00023718,20090323,PRCP,0,,,a,
ASN00023718,20090326,PRCP,0,,,a,
ASN00023718,20090327,PRCP,0,,,a,
ASN00023718,20090328,PRCP,0,,,a,
ASN00023718,20090329,PRCP,0,,,a,
ASN00023718,20090330,PRCP,0,,,a,
ASN00023718,20090331,PRCP,0,,,a,
ASN00023718,20090305,DAPR,2,,,a,
ASN00023718,20090310,DAPR,5,,,a,
ASN00023718,20090316,DAPR,3,,,a,
ASN00023718,20090325,DAPR,2,,,a,
ASN00023718,20090305,DWPR,2,,,a,
ASN00023718,20090310,DWPR,3,,,a,
ASN00023718,20090316,DWPR,3,,,a,
ASN00023718,20090325,DWPR,2,,,a,
ASN00023718,20090305,MDPR,42,,,a,
ASN00023718,20090310,MDPR,42,,,a,
ASN00023718,20090316,MDPR,50,,,a,
ASN00023718,20090325,MDPR,10,,,a,
ASN00023718,20090401,PRCP,0,,,a,
ASN00023718,20090402,PRCP,0,,,a,
ASN00023718,20090403,PRCP,0,,,a,
ASN00023718,20090404,PRCP,0,,,a,
ASN00023718,20090407,PRCP,0,,,a,
ASN00023718,20090408,PRCP,0,,,a,
ASN00023718,20090409,PRCP,4,,,a,
ASN00023718,20090410,PRCP,0,,,a,
ASN00023718,20090411,PRCP,0,,,a,
ASN00023718,20090412,PRCP,0,,,a,
ASN00023718,20090413,PRCP,0,,,a,
ASN00023718,20090414,PRCP,0,,,a,
ASN00023718,20090415,PRCP,4,,,a,
ASN00023718,20090416,PRCP,0,,,a,
ASN00023718,20090417,PRCP,0,,,a,
ASN00023718,20090418,PRCP,0,,,a,
ASN00023718,20090419,PRCP,0,,,a,
ASN00023718,20090420,PRCP,0,,,a,
ASN00023718,20090421,PRCP,0,,,a,
ASN00023718,20090422,PRCP,0,,,a,
ASN00023718,20090429,PRCP,0,,,a,
ASN00023718,20090430,PRCP,0,,,a,
ASN00023718,20090406,DAPR,2,,,a,
ASN00023718,20090424,DAPR,2,,,a,
ASN00023718,20090428,DAPR,4,,,a,
ASN00023718,20090406,DWPR,2,,,a,
ASN00023718,20090424,DWPR,2,,,a,
ASN00023718,20090428,DWPR,4,,,a,
ASN00023718,20090406,MDPR,14,,,a,
ASN00023718,20090424,MDPR,90,,,a,
ASN00023718,20090428,MDPR,240,,,a,
ASN00023718,20090505,PRCP,0,,,a,
ASN00023718,20090506,PRCP,0,,,a,
ASN00023718,20090507,PRCP,34,,,a,
ASN00023718,20090508,PRCP,0,,,a,
ASN00023718,20090509,PRCP,0,,,a,
ASN00023718,20090510,PRCP,0,,,a,
ASN00023718,20090511,PRCP,0,,,a,
ASN00023718,20090512,PRCP,0,,,a,
ASN00023718,20090513,PRCP,14,,,a,
ASN00023718,20090514,PRCP,0,,,a,
ASN00023718,20090515,PRCP,0,,,a,
ASN00023718,20090516,PRCP,0,,,a,
ASN00023718,20090519,PRCP,0,,,a,
ASN00023718,20090520,PRCP,0,,,a,
ASN00023718,20090521,PRCP,0,,,a,
ASN00023718,20090522,PRCP,0,,,a,
ASN00023718,20090523,PRCP,0,,,a,
ASN00023718,20090524,PRCP,0,,,a,
ASN00023718,20090525,PRCP,0,,,a,
ASN00023718,20090526,PRCP,0,,,a,
ASN00023718,20090527,PRCP,0,,,a,
ASN00023718,20090530,PRCP,0,,,a,
ASN00023718,20090531,PRCP,0,,,a,
ASN00023718,20090504,DAPR,4,,,a,
ASN00023718,20090518,DAPR,2,,,a,
ASN00023718,20090529,DAPR,2,,,a,
ASN00023718,20090504,DWPR,4,,,a,
ASN00023718,20090518,DWPR,2,,,a,
ASN00023718,20090529,DWPR,2,,,a,
ASN00023718,20090504,MDPR,222,,,a,
ASN00023718,20090518,MDPR,34,,,a,
ASN00023718,20090529,MDPR,34,,,a,
ASN00023718,20090601,PRCP,0,,,a,
ASN00023718,20090602,PRCP,0,,,a,
ASN00023718,20090603,PRCP,0,,,a,
ASN00023718,20090611,PRCP,0,,,a,
ASN00023718,20090612,PRCP,0,,,a,
ASN00023718,20090613,PRCP,0,,,a,
ASN00023718,20090617,PRCP,0,,,a,
ASN00023718,20090618,PRCP,0,,,a,
ASN00023718,20090619,PRCP,0,,,a,
ASN00023718,20090620,PRCP,0,,,a,
ASN00023718,20090623,PRCP,0,,,a,
ASN00023718,20090624,PRCP,0,,,a,
ASN00023718,20090625,PRCP,18,,,a,
ASN00023718,20090626,PRCP,32,,,a,
ASN00023718,20090627,PRCP,0,,,a,
ASN00023718,20090628,PRCP,0,,,a,
ASN00023718,20090629,PRCP,0,,,a,
ASN00023718,20090630,PRCP,20,,,a,
ASN00023718,20090610,DAPR,7,,,a,
ASN00023718,20090616,DAPR,3,,,a,
ASN00023718,20090622,DAPR,2,,,a,
ASN00023718,20090610,DWPR,6,,,a,
ASN00023718,20090616,DWPR,3,,,a,
ASN00023718,20090622,DWPR,2,,,a,
ASN00023718,20090610,MDPR,276,,,a,
ASN00023718,20090616,MDPR,36,,,a,
ASN00023718,20090622,MDPR,26,,,a,
ASN00023718,20090701,PRCP,156,,,a,
ASN00023718,20090702,PRCP,64,,,a,
ASN00023718,20090703,PRCP,56,,,a,
ASN00023718,20090707,PRCP,0,,,a,
ASN00023718,20090708,PRCP,0,,,a,
ASN00023718,20090709,PRCP,0,,,a,
ASN00023718,20090717,PRCP,0,,,a,
ASN00023718,20090718,PRCP,0,,,a,
ASN00023718,20090719,PRCP,0,,,a,
ASN00023718,20090720,PRCP,0,,,a,
ASN00023718,20090721,PRCP,10,,,a,
ASN00023718,20090728,PRCP,0,,,a,
ASN00023718,20090729,PRCP,0,,,a,
ASN00023718,20090730,PRCP,0,,,a,
ASN00023718,20090731,PRCP,0,,,a,
ASN00023718,20090706,DAPR,3,,,a,
ASN00023718,20090713,DAPR,4,,,a,
ASN00023718,20090716,DAPR,3,,,a,
ASN00023718,20090727,DAPR,6,,,a,
ASN00023718,20090706,DWPR,3,,,a,
ASN00023718,20090713,DWPR,4,,,a,
ASN00023718,20090716,DWPR,3,,,a,
ASN00023718,20090727,DWPR,5,,,a,
ASN00023718,20090706,MDPR,32,,,a,
ASN00023718,20090713,MDPR,182,,,a,
ASN00023718,20090716,MDPR,330,,,a,
ASN00023718,20090727,MDPR,110,,,a,
ASN00023718,20090801,PRCP,0,,,a,
ASN00023718,20090805,PRCP,26,,,a,
ASN00023718,20090806,PRCP,0,,,a,
ASN00023718,20090807,PRCP,0,,,a,
ASN00023718,20090808,PRCP,0,,,a,
ASN00023718,20090811,PRCP,0,,,a,
ASN00023718,20090812,PRCP,0,,,a,
ASN00023718,20090813,PRCP,0,,,a,
ASN00023718,20090814,PRCP,0,,,a,
ASN00023718,20090815,PRCP,0,,,a,
ASN00023718,20090819,PRCP,0,,,a,
ASN00023718,20090820,PRCP,0,,,a,
ASN00023718,20090821,PRCP,0,,,a,
ASN00023718,20090822,PRCP,0,,,a,
ASN00023718,20090825,PRCP,0,,,a,
ASN00023718,20090826,PRCP,0,,,a,
ASN00023718,20090827,PRCP,0,,,a,
ASN00023718,20090828,PRCP,0,,,a,
ASN00023718,20090829,PRCP,0,,,a,
ASN00023718,20090804,DAPR,3,,,a,
ASN00023718,20090810,DAPR,2,,,a,
ASN00023718,20090818,DAPR,3,,,a,
ASN00023718,20090824,DAPR,2,,,a,
ASN00023718,20090831,DAPR,2,,,a,
ASN00023718,20090804,DWPR,3,,,a,
ASN00023718,20090810,DWPR,2,,,a,
ASN00023718,20090818,DWPR,3,,,a,
ASN00023718,20090824,DWPR,2,,,a,
ASN00023718,20090831,DWPR,2,,,a,
ASN00023718,20090804,MDPR,34,,,a,
ASN00023718,20090810,MDPR,58,,,a,
ASN00023718,20090818,MDPR,160,,,a,
ASN00023718,20090824,MDPR,78,,,a,
ASN00023718,20090831,MDPR,166,,,a,
ASN00023718,20090901,PRCP,0,,,a,
ASN00023718,20090902,PRCP,0,,,a,
ASN00023718,20090905,PRCP,0,,,a,
ASN00023718,20090908,PRCP,0,,,a,
ASN00023718,20090911,PRCP,0,,,a,
ASN00023718,20090912,PRCP,0,,,a,
ASN00023718,20090913,PRCP,0,,,a,
ASN00023718,20090914,PRCP,0,,,a,
ASN00023718,20090915,PRCP,0,,,a,
ASN00023718,20090916,PRCP,0,,,a,
ASN00023718,20090917,PRCP,52,,,a,
ASN00023718,20090918,PRCP,0,,,a,
ASN00023718,20090919,PRCP,0,,,a,
ASN00023718,20090920,PRCP,0,,,a,
ASN00023718,20090921,PRCP,0,,,a,
ASN00023718,20090922,PRCP,244,,,a,
ASN00023718,20090923,PRCP,190,,,a,
ASN00023718,20090924,PRCP,0,,,a,
ASN00023718,20090925,PRCP,26,,,a,
ASN00023718,20090926,PRCP,0,,,a,
ASN00023718,20090927,PRCP,0,,,a,
ASN00023718,20090904,DAPR,2,,,a,
ASN00023718,20090907,DAPR,2,,,a,
ASN00023718,20090910,DAPR,2,,,a,
ASN00023718,20090930,DAPR,3,,,a,
ASN00023718,20090904,DWPR,2,,,a,
ASN00023718,20090907,DWPR,2,,,a,
ASN00023718,20090910,DWPR,2,,,a,
ASN00023718,20090930,DWPR,3,,,a,
ASN00023718,20090904,MDPR,48,,,a,
ASN00023718,20090907,MDPR,22,,,a,
ASN00023718,20090910,MDPR,22,,,a,
ASN00023718,20090930,MDPR,174,,,a,
ASN00023718,20091001,PRCP,0,,,a,
ASN00023718,20091002,PRCP,40,,,a,
ASN00023718,20091003,PRCP,0,,,a,
ASN00023718,20091004,PRCP,0,,,a,
ASN00023718,20091005,PRCP,0,,,a,
ASN00023718,20091006,PRCP,0,,,a,
ASN00023718,20091009,PRCP,0,,,a,
ASN00023718,20091010,PRCP,0,,,a,
ASN00023718,20091011,PRCP,0,,,a,
ASN00023718,20091014,PRCP,208,,,a,
ASN00023718,20091015,PRCP,30,,,a,
ASN00023718,20091016,PRCP,40,,,a,
ASN00023718,20091017,PRCP,0,,,a,
ASN00023718,20091018,PRCP,0,,,a,
ASN00023718,20091019,PRCP,0,,,a,
ASN00023718,20091020,PRCP,0,,,a,
ASN00023718,20091021,PRCP,0,,,a,
ASN00023718,20091022,PRCP,0,,,a,
ASN00023718,20091023,PRCP,0,,,a,
ASN00023718,20091024,PRCP,0,,,a,
ASN00023718,20091025,PRCP,0,,,a,
ASN00023718,20091026,PRCP,0,,,a,
ASN00023718,20091027,PRCP,0,,,a,
ASN00023718,20091028,PRCP,0,,,a,
ASN00023718,20091029,PRCP,0,,,a,
ASN00023718,20091030,PRCP,0,,,a,
ASN00023718,20091031,PRCP,0,,,a,
ASN00023718,20091008,DAPR,2,,,a,
ASN00023718,20091013,DAPR,2,,,a,
ASN00023718,20091008,DWPR,2,,,a,
ASN00023718,20091013,DWPR,2,,,a,
ASN00023718,20091008,MDPR,10,,,a,
ASN00023718,20091013,MDPR,88,,,a,
ASN00023718,20091101,PRCP,0,,,a,
ASN00023718,20091102,PRCP,0,,,a,
ASN00023718,20091103,PRCP,4,,,a,
ASN00023718,20091104,PRCP,0,,,a,
ASN00023718,20091105,PRCP,0,,,a,
ASN00023718,20091106,PRCP,0,,,a,
ASN00023718,20091107,PRCP,0,,,a,
ASN00023718,20091108,PRCP,0,,,a,
ASN00023718,20091109,PRCP,0,,,a,
ASN00023718,20091110,PRCP,0,,,a,
ASN00023718,20091111,PRCP,0,,,a,
ASN00023718,20091112,PRCP,0,,,a,
ASN00023718,20091113,PRCP,0,,,a,
ASN00023718,20091114,PRCP,0,,,a,
ASN00023718,20091115,PRCP,0,,,a,
ASN00023718,20091116,PRCP,0,,,a,
ASN00023718,20091117,PRCP,0,,,a,
ASN00023718,20091118,PRCP,0,,,a,
ASN00023718,20091119,PRCP,0,,,a,
ASN00023718,20091120,PRCP,14,,,a,
ASN00023718,20091121,PRCP,0,,,a,
ASN00023718,20091124,PRCP,0,,,a,
ASN00023718,20091125,PRCP,0,,,a,
ASN00023718,20091126,PRCP,22,,,a,
ASN00023718,20091127,PRCP,0,,,a,
ASN00023718,20091123,DAPR,2,,,a,
ASN00023718,20091130,DAPR,3,,,a,
ASN00023718,20091123,DWPR,2,,,a,
ASN00023718,20091130,DWPR,3,,,a,
ASN00023718,20091123,MDPR,184,,,a,
ASN00023718,20091130,MDPR,138,,,a,
ASN00023718,20091201,PRCP,0,,,a,
ASN00023718,20091202,PRCP,0,,,a,
ASN00023718,20091203,PRCP,0,,,a,
ASN00023718,20091204,PRCP,0,,,a,
ASN00023718,20091205,PRCP,0,,,a,
ASN00023718,20091206,PRCP,0,,,a,
ASN00023718,20091207,PRCP,0,,,a,
ASN00023718,20091208,PRCP,94,,,a,
ASN00023718,20091209,PRCP,0,,,a,
ASN00023718,20091212,PRCP,0,,,a,
ASN00023718,20091213,PRCP,0,,,a,
ASN00023718,20091214,PRCP,0,,,a,
ASN00023718,20091215,PRCP,0,,,a,
ASN00023718,20091216,PRCP,0,,,a,
ASN00023718,20091219,PRCP,0,,,a,
ASN00023718,20091220,PRCP,0,,,a,
ASN00023718,20091221,PRCP,0,,,a,
ASN00023718,20091222,PRCP,0,,,a,
ASN00023718,20091223,PRCP,0,,,a,
ASN00023718,20091224,PRCP,0,,,a,
ASN00023718,20091225,PRCP,0,,,a,
ASN00023718,20091226,PRCP,0,,,a,
ASN00023718,20091227,PRCP,0,,,a,
ASN00023718,20091228,PRCP,0,,,a,
ASN00023718,20091229,PRCP,0,,,a,
ASN00023718,20091230,PRCP,0,,,a,
ASN00023718,20091231,PRCP,0,,,a,
ASN00023718,20091211,DAPR,2,,,a,
ASN00023718,20091218,DAPR,2,,,a,
ASN00023718,20091211,DWPR,2,,,a,
ASN00023718,20091218,DWPR,2,,,a,
ASN00023718,20091211,MDPR,80,,,a,
ASN00023718,20091218,MDPR,106,,,a,
ASN00023718,20100101,PRCP,0,,,a,
ASN00023718,20100102,PRCP,0,,,a,
ASN00023718,20100103,PRCP,0,,,a,
ASN00023718,20100104,PRCP,0,,,a,
ASN00023718,20100105,PRCP,0,,,a,
ASN00023718,20100106,PRCP,0,,,a,
ASN00023718,20100107,PRCP,0,,,a,
ASN00023718,20100108,PRCP,0,,,a,
ASN00023718,20100109,PRCP,0,,,a,
ASN00023718,20100110,PRCP,0,,,a,
ASN00023718,20100111,PRCP,0,,,a,
ASN00023718,20100112,PRCP,0,,,a,
ASN00023718,20100113,PRCP,230,,,a,
ASN00023718,20100114,PRCP,0,,,a,
ASN00023718,20100115,PRCP,0,,,a,
ASN00023718,20100116,PRCP,0,,,a,
ASN00023718,20100117,PRCP,0,,,a,
ASN00023718,20100120,PRCP,0,,,a,
ASN00023718,20100121,PRCP,0,,,a,
ASN00023718,20100122,PRCP,0,,,a,
ASN00023718,20100123,PRCP,0,,,a,
ASN00023718,20100124,PRCP,0,,,a,
ASN00023718,20100125,PRCP,0,,,a,
ASN00023718,20100126,PRCP,0,,,a,
ASN00023718,20100127,PRCP,0,,,a,
ASN00023718,20100128,PRCP,0,,,a,
ASN00023718,20100129,PRCP,0,,,a,
ASN00023718,20100130,PRCP,0,,,a,
ASN00023718,20100131,PRCP,0,,,a,
ASN00023718,20100119,DAPR,2,,,a,
ASN00023718,20100119,DWPR,2,,,a,
ASN00023718,20100119,MDPR,14,,,a,
ASN00023718,20100201,PRCP,0,,,a,
ASN00023718,20100202,PRCP,0,,,a,
ASN00023718,20100203,PRCP,0,,,a,
ASN00023718,20100204,PRCP,6,,,a,
ASN00023718,20100205,PRCP,0,,,a,
ASN00023718,20100206,PRCP,0,,,a,
ASN00023718,20100207,PRCP,0,,,a,
ASN00023718,20100208,PRCP,0,,,a,
ASN00023718,20100209,PRCP,0,,,a,
ASN00023718,20100210,PRCP,0,,,a,
ASN00023718,20100211,PRCP,0,,,a,
ASN00023718,20100212,PRCP,58,,,a,
ASN00023718,20100213,PRCP,0,,,a,
ASN00023718,20100214,PRCP,0,,,a,
ASN00023718,20100215,PRCP,0,,,a,
ASN00023718,20100216,PRCP,0,,,a,
ASN00023718,20100217,PRCP,0,,,a,
ASN00023718,20100218,PRCP,0,,,a,
ASN00023718,20100219,PRCP,0,,,a,
ASN00023718,20100220,PRCP,0,,,a,
ASN00023718,20100221,PRCP,0,,,a,
ASN00023718,20100222,PRCP,0,,,a,
ASN00023718,20100223,PRCP,8,,,a,
ASN00023718,20100224,PRCP,0,,,a,
ASN00023718,20100225,PRCP,0,,,a,
ASN00023718,20100226,PRCP,0,,,a,
ASN00023718,20100227,PRCP,0,,,a,
ASN00023718,20100228,PRCP,0,,,a,
ASN00023718,20100301,PRCP,0,,,a,
ASN00023718,20100302,PRCP,0,,,a,
ASN00023718,20100303,PRCP,0,,,a,
ASN00023718,20100304,PRCP,0,,,a,
ASN00023718,20100305,PRCP,0,,,a,
ASN00023718,20100306,PRCP,0,,,a,
ASN00023718,20100310,PRCP,0,,,a,
ASN00023718,20100311,PRCP,0,,,a,
ASN00023718,20100312,PRCP,0,,,a,
ASN00023718,20100313,PRCP,0,,,a,
ASN00023718,20100314,PRCP,0,,,a,
ASN00023718,20100315,PRCP,0,,,a,
ASN00023718,20100316,PRCP,0,,,a,
ASN00023718,20100317,PRCP,0,,,a,
ASN00023718,20100318,PRCP,0,,,a,
ASN00023718,20100319,PRCP,10,,,a,
ASN00023718,20100320,PRCP,0,,,a,
ASN00023718,20100321,PRCP,0,,,a,
ASN00023718,20100322,PRCP,0,,,a,
ASN00023718,20100323,PRCP,0,,,a,
ASN00023718,20100324,PRCP,0,,,a,
ASN00023718,20100325,PRCP,0,,,a,
ASN00023718,20100326,PRCP,0,,,a,
ASN00023718,20100327,PRCP,0,,,a,
ASN00023718,20100328,PRCP,0,,,a,
ASN00023718,20100331,PRCP,0,,,a,
ASN00023718,20100309,DAPR,3,,,a,
ASN00023718,20100330,DAPR,2,,,a,
ASN00023718,20100309,DWPR,3,,,a,
ASN00023718,20100330,DWPR,2,,,a,
ASN00023718,20100309,MDPR,188,,,a,
ASN00023718,20100330,MDPR,30,,,a,
ASN00023718,20100401,PRCP,0,,,a,
ASN00023718,20100402,PRCP,0,,,a,
ASN00023718,20100403,PRCP,0,,,a,
ASN00023718,20100404,PRCP,0,,,a,
ASN00023718,20100405,PRCP,0,,,a,
ASN00023718,20100406,PRCP,98,,,a,
ASN00023718,20100407,PRCP,88,,,a,
ASN00023718,20100408,PRCP,0,,,a,
ASN00023718,20100409,PRCP,38,,,a,
ASN00023718,20100414,PRCP,0,,,a,
ASN00023718,20100415,PRCP,0,,,a,
ASN00023718,20100416,PRCP,0,,,a,
ASN00023718,20100417,PRCP,0,,,a,
ASN00023718,20100418,PRCP,0,,,a,
ASN00023718,20100419,PRCP,62,,,a,
ASN00023718,20100420,PRCP,16,,,a,
ASN00023718,20100421,PRCP,0,,,a,
ASN00023718,20100422,PRCP,0,,,a,
ASN00023718,20100423,PRCP,0,,,a,
ASN00023718,20100424,PRCP,0,,,a,
ASN00023718,20100425,PRCP,0,,,a,
ASN00023718,20100426,PRCP,0,,,a,
ASN00023718,20100413,DAPR,4,,,a,
ASN00023718,20100430,DAPR,4,,,a,
ASN00023718,20100413,DWPR,4,,,a,
ASN00023718,20100430,DWPR,4,,,a,
ASN00023718,20100413,MDPR,58,,,a,
ASN00023718,20100430,MDPR,28,,,a,
ASN00023718,20100501,PRCP,0,,,a,
ASN00023718,20100502,PRCP,0,,,a,
ASN00023718,20100506,PRCP,0,,,a,
ASN00023718,20100507,PRCP,0,,,a,
ASN00023718,20100508,PRCP,0,,,a,
ASN00023718,20100513,PRCP,0,,,a,
ASN00023718,20100514,PRCP,0,,,a,
ASN00023718,20100515,PRCP,0,,,a,
ASN00023718,20100516,PRCP,0,,,a,
ASN00023718,20100517,PRCP,0,,,a,
ASN00023718,20100518,PRCP,0,,,a,
ASN00023718,20100519,PRCP,0,,,a,
ASN00023718,20100520,PRCP,0,,,a,
ASN00023718,20100521,PRCP,0,,,a,
ASN00023718,20100522,PRCP,0,,,a,
ASN00023718,20100526,PRCP,2,,,a,
ASN00023718,20100527,PRCP,0,,,a,
ASN00023718,20100528,PRCP,0,,,a,
ASN00023718,20100529,PRCP,0,,,a,
ASN00023718,20100505,DAPR,3,,,a,
ASN00023718,20100512,DAPR,4,,,a,
ASN00023718,20100525,DAPR,3,,,a,
ASN00023718,20100531,DAPR,2,,,a,
ASN00023718,20100505,DWPR,3,,,a,
ASN00023718,20100512,DWPR,4,,,a,
ASN00023718,20100525,DWPR,3,,,a,
ASN00023718,20100531,DWPR,2,,,a,
ASN00023718,20100505,MDPR,62,,,a,
ASN00023718,20100512,MDPR,28,,,a,
ASN00023718,20100525,MDPR,162,,,a,
ASN00023718,20100531,MDPR,228,,,a,
ASN00023718,20100601,PRCP,0,,,a,
ASN00023718,20100602,PRCP,6,,,a,
ASN00023718,20100603,PRCP,0,,,a,
ASN00023718,20100604,PRCP,0,,,a,
ASN00023718,20100605,PRCP,0,,,a,
ASN00023718,20100609,PRCP,68,,,a,
ASN00023718,20100610,PRCP,0,,,a,
ASN00023718,20100611,PRCP,36,,,a,
ASN00023718,20100612,PRCP,0,,,a,
ASN00023718,20100613,PRCP,0,,,a,
ASN00023718,20100616,PRCP,0,,,a,
ASN00023718,20100617,PRCP,62,,,a,
ASN00023718,20100618,PRCP,10,,,a,
ASN00023718,20100619,PRCP,0,,,a,
ASN00023718,20100620,PRCP,0,,,a,
ASN00023718,20100623,PRCP,0,,,a,
ASN00023718,20100624,PRCP,0,,,a,
ASN00023718,20100625,PRCP,128,,,a,
ASN00023718,20100626,PRCP,0,,,a,
ASN00023718,20100629,PRCP,260,,,a,
ASN00023718,20100630,PRCP,52,,,a,
ASN00023718,20100608,DAPR,3,,,a,
ASN00023718,20100615,DAPR,2,,,a,
ASN00023718,20100622,DAPR,2,,,a,
ASN00023718,20100628,DAPR,2,,,a,
ASN00023718,20100608,DWPR,3,,,a,
ASN00023718,20100615,DWPR,2,,,a,
ASN00023718,20100622,DWPR,2,,,a,
ASN00023718,20100628,DWPR,2,,,a,
ASN00023718,20100608,MDPR,56,,,a,
ASN00023718,20100615,MDPR,36,,,a,
ASN00023718,20100622,MDPR,32,,,a,
ASN00023718,20100628,MDPR,44,,,a,
ASN00023718,20100701,PRCP,30,,,a,
ASN00023718,20100702,PRCP,0,,,a,
ASN00023718,20100703,PRCP,0,,,a,
ASN00023718,20100704,PRCP,0,,,a,
ASN00023718,20100705,PRCP,0,,,a,
ASN00023718,20100708,PRCP,0,,,a,
ASN00023718,20100709,PRCP,0,,,a,
ASN00023718,20100710,PRCP,0,,,a,
ASN00023718,20100711,PRCP,0,,,a,
ASN00023718,20100712,PRCP,60,,,a,
ASN00023718,20100713,PRCP,0,,,a,
ASN00023718,20100714,PRCP,88,,,a,
ASN00023718,20100715,PRCP,16,,,a,
ASN00023718,20100720,PRCP,70,,,a,
ASN00023718,20100721,PRCP,0,,,a,
ASN00023718,20100722,PRCP,2,,,a,
ASN00023718,20100723,PRCP,0,,,a,
ASN00023718,20100724,PRCP,0,,,a,
ASN00023718,20100725,PRCP,0,,,a,
ASN00023718,20100726,PRCP,0,,,a,
ASN00023718,20100727,PRCP,0,,,a,
ASN00023718,20100728,PRCP,0,,,a,
ASN00023718,20100729,PRCP,0,,,a,
ASN00023718,20100730,PRCP,22,,,a,
ASN00023718,20100731,PRCP,0,,,a,
ASN00023718,20100707,DAPR,2,,,a,
ASN00023718,20100707,DWPR,2,,,a,
ASN00023718,20100707,MDPR,8,,,a,
ASN00023718,20100804,PRCP,44,,,a,
ASN00023718,20100805,PRCP,52,,,a,
ASN00023718,20100806,PRCP,10,,,a,
ASN00023718,20100807,PRCP,0,,,a,
ASN00023718,20100808,PRCP,0,,,a,
ASN00023718,20100809,PRCP,31,,,a,
ASN00023718,20100810,PRCP,0,,,a,
ASN00023718,20100811,PRCP,0,,,a,
ASN00023718,20100812,PRCP,0,,,a,
ASN00023718,20100820,PRCP,16,,,a,
ASN00023718,20100821,PRCP,0,,,a,
ASN00023718,20100827,PRCP,18,,,a,
ASN00023718,20100831,PRCP,10,,,a,
ASN00023718,20100803,DAPR,3,,,a,
ASN00023718,20100817,DAPR,5,,,a,
ASN00023718,20100819,DAPR,2,,,a,
ASN00023718,20100826,DAPR,5,,,a,
ASN00023718,20100803,DWPR,2,,,a,
ASN00023718,20100817,DWPR,3,,,a,
ASN00023718,20100819,DWPR,2,,,a,
ASN00023718,20100826,DWPR,3,,,a,
ASN00023718,20100803,MDPR,150,,,a,
ASN00023718,20100817,MDPR,106,,,a,
ASN00023718,20100819,MDPR,100,,,a,
ASN00023718,20100826,MDPR,232,,,a,
ASN00023718,20100901,PRCP,22,,,a,
ASN00023718,20100902,PRCP,0,,,a,
ASN00023718,20100903,PRCP,0,,,a,
ASN00023718,20100904,PRCP,0,,,a,
ASN00023718,20100905,PRCP,0,,,a,
ASN00023718,20100906,PRCP,530,,,a,
ASN00023718,20100907,PRCP,0,,,a,
ASN00023718,20100908,PRCP,0,,,a,
ASN00023718,20100909,PRCP,0,,,a,
ASN00023718,20100910,PRCP,30,,,a,
ASN00023718,20100911,PRCP,0,,,a,
ASN00023718,20100912,PRCP,0,,,a,
ASN00023718,20100915,PRCP,4,,,a,
ASN00023718,20100916,PRCP,18,,,a,
ASN00023718,20100917,PRCP,0,,,a,
ASN00023718,20100918,PRCP,0,,,a,
ASN00023718,20100921,PRCP,0,,,a,
ASN00023718,20100922,PRCP,0,,,a,
ASN00023718,20100923,PRCP,0,,,a,
ASN00023718,20100924,PRCP,0,,,a,
ASN00023718,20100925,PRCP,0,,,a,
ASN00023718,20100926,PRCP,0,,,a,
ASN00023718,20100929,PRCP,0,,,a,
ASN00023718,20100930,PRCP,16,,,a,
ASN00023718,20100914,DAPR,2,,,a,
ASN00023718,20100920,DAPR,2,,,a,
ASN00023718,20100928,DAPR,2,,,a,
ASN00023718,20100914,DWPR,2,,,a,
ASN00023718,20100920,DWPR,2,,,a,
ASN00023718,20100928,DWPR,2,,,a,
ASN00023718,20100914,MDPR,248,,,a,
ASN00023718,20100920,MDPR,22,,,a,
ASN00023718,20100928,MDPR,50,,,a,
ASN00023718,20101001,PRCP,0,,,a,
ASN00023718,20101002,PRCP,0,,,a,
ASN00023718,20101003,PRCP,0,,,a,
ASN00023718,20101004,PRCP,0,,,a,
ASN00023718,20101005,PRCP,0,,,a,
ASN00023718,20101006,PRCP,0,,,a,
ASN00023718,20101007,PRCP,0,,,a,
ASN00023718,20101008,PRCP,0,,,a,
ASN00023718,20101009,PRCP,0,,,a,
ASN00023718,20101010,PRCP,0,,,a,
ASN00023718,20101011,PRCP,0,,,a,
ASN00023718,20101014,PRCP,0,,,a,
ASN00023718,20101015,PRCP,128,,,a,
ASN00023718,20101016,PRCP,0,,,a,
ASN00023718,20101019,PRCP,0,,,a,
ASN00023718,20101020,PRCP,0,,,a,
ASN00023718,20101021,PRCP,0,,,a,
ASN00023718,20101022,PRCP,0,,,a,
ASN00023718,20101023,PRCP,0,,,a,
ASN00023718,20101029,PRCP,0,,,a,
ASN00023718,20101013,DAPR,2,,,a,
ASN00023718,20101018,DAPR,2,,,a,
ASN00023718,20101028,DAPR,5,,,a,
ASN00023718,20101031,DAPR,2,,,a,
ASN00023718,20101013,DWPR,2,,,a,
ASN00023718,20101018,DWPR,2,,,a,
ASN00023718,20101028,DWPR,2,,,a,
ASN00023718,20101031,DWPR,2,,,a,
ASN00023718,20101013,MDPR,36,,,a,
ASN00023718,20101018,MDPR,52,,,a,
ASN00023718,20101028,MDPR,20,,,a,
ASN00023718,20101031,MDPR,222,,,a,
ASN00023718,20101101,PRCP,0,,,a,
ASN00023718,20101102,PRCP,0,,,a,
ASN00023718,20101103,PRCP,0,,,a,
ASN00023718,20101104,PRCP,6,,,a,
ASN00023718,20101105,PRCP,0,,,a,
ASN00023718,20101106,PRCP,0,,,a,
ASN00023718,20101107,PRCP,0,,,a,
ASN00023718,20101108,PRCP,0,,,a,
ASN00023718,20101109,PRCP,0,,,a,
ASN00023718,20101110,PRCP,0,,,a,
ASN00023718,20101111,PRCP,0,,,a,
ASN00023718,20101112,PRCP,0,,,a,
ASN00023718,20101113,PRCP,0,,,a,
ASN00023718,20101116,PRCP,0,,,a,
ASN00023718,20101117,PRCP,0,,,a,
ASN00023718,20101118,PRCP,12,,,a,
ASN00023718,20101119,PRCP,0,,,a,
ASN00023718,20101120,PRCP,0,,,a,
ASN00023718,20101121,PRCP,0,,,a,
ASN00023718,20101122,PRCP,0,,,a,
ASN00023718,20101123,PRCP,0,,,a,
ASN00023718,20101126,PRCP,0,,,a,
ASN00023718,20101127,PRCP,0,,,a,
ASN00023718,20101130,PRCP,0,,,a,
ASN00023718,20101115,DAPR,2,,,a,
ASN00023718,20101125,DAPR,2,,,a,
ASN00023718,20101129,DAPR,2,,,a,
ASN00023718,20101115,DWPR,2,,,a,
ASN00023718,20101125,DWPR,2,,,a,
ASN00023718,20101129,DWPR,2,,,a,
ASN00023718,20101115,MDPR,26,,,a,
ASN00023718,20101125,MDPR,78,,,a,
ASN00023718,20101129,MDPR,88,,,a,
ASN00023718,20101201,PRCP,0,,,a,
ASN00023718,20101202,PRCP,0,,,a,
ASN00023718,20101203,PRCP,0,,,a,
ASN00023718,20101204,PRCP,0,,,a,
ASN00023718,20101208,PRCP,228,,,a,
ASN00023718,20101209,PRCP,0,,,a,
ASN00023718,20101210,PRCP,0,,,a,
ASN00023718,20101211,PRCP,0,,,a,
ASN00023718,20101212,PRCP,0,,,a,
ASN00023718,20101213,PRCP,0,,,a,
ASN00023718,20101214,PRCP,0,,,a,
ASN00023718,20101217,PRCP,0,,,a,
ASN00023718,20101218,PRCP,0,,,a,
ASN00023718,20101222,PRCP,0,,,a,
ASN00023718,20101223,PRCP,0,,,a,
ASN00023718,20101224,PRCP,0,,,a,
ASN00023718,20101225,PRCP,0,,,a,
ASN00023718,20101226,PRCP,0,,,a,
ASN00023718,20101227,PRCP,0,,,a,
ASN00023718,20101231,PRCP,0,,,a,
ASN00023718,20101207,DAPR,3,,,a,
ASN00023718,20101216,DAPR,2,,,a,
ASN00023718,20101221,DAPR,3,,,a,
ASN00023718,20101230,DAPR,3,,,a,
ASN00023718,20101207,DWPR,3,,,a,
ASN00023718,20101216,DWPR,2,,,a,
ASN00023718,20101221,DWPR,3,,,a,
ASN00023718,20101230,DWPR,3,,,a,
ASN00023718,20101207,MDPR,208,,,a,
ASN00023718,20101216,MDPR,18,,,a,
ASN00023718,20101221,MDPR,64,,,a,
ASN00023718,20101230,MDPR,6,,,a,
ASN00023718,20110101,PRCP,0,,,a,
ASN00023718,20110102,PRCP,0,,,a,
ASN00023718,20110103,PRCP,0,,,a,
ASN00023718,20110104,PRCP,0,,,a,
ASN00023718,20110105,PRCP,0,,,a,
ASN00023718,20110106,PRCP,0,,,a,
ASN00023718,20110107,PRCP,0,,,a,
ASN00023718,20110108,PRCP,0,,,a,
ASN00023718,20110109,PRCP,0,,,a,
ASN00023718,20110110,PRCP,0,,,a,
ASN00023718,20110111,PRCP,0,,,a,
ASN00023718,20110112,PRCP,16,,,a,
ASN00023718,20110113,PRCP,0,,,a,
ASN00023718,20110114,PRCP,180,,,a,
ASN00023718,20110115,PRCP,0,,,a,
ASN00023718,20110116,PRCP,0,,,a,
ASN00023718,20110117,PRCP,0,,,a,
ASN00023718,20110118,PRCP,0,,,a,
ASN00023718,20110119,PRCP,0,,,a,
ASN00023718,20110120,PRCP,0,,,a,
ASN00023718,20110121,PRCP,0,,,a,
ASN00023718,20110122,PRCP,0,,,a,
ASN00023718,20110123,PRCP,0,,,a,
ASN00023718,20110124,PRCP,0,,,a,
ASN00023718,20110125,PRCP,0,,,a,
ASN00023718,20110126,PRCP,0,,,a,
ASN00023718,20110127,PRCP,0,,,a,
ASN00023718,20110128,PRCP,0,,,a,
ASN00023718,20110129,PRCP,0,,,a,
ASN00023718,20110130,PRCP,0,,,a,
ASN00023718,20110131,PRCP,0,,,a,
ASN00023718,20110201,PRCP,0,,,a,
ASN00023718,20110202,PRCP,0,,,a,
ASN00023718,20110203,PRCP,0,,,a,
ASN00023718,20110204,PRCP,0,,,a,
ASN00023718,20110205,PRCP,0,,,a,
ASN00023718,20110208,PRCP,0,,,a,
ASN00023718,20110209,PRCP,0,,,a,
ASN00023718,20110210,PRCP,0,,,a,
ASN00023718,20110211,PRCP,32,,,a,
ASN00023718,20110212,PRCP,0,,,a,
ASN00023718,20110213,PRCP,0,,,a,
ASN00023718,20110216,PRCP,0,,,a,
ASN00023718,20110217,PRCP,0,,,a,
ASN00023718,20110218,PRCP,0,,,a,
ASN00023718,20110219,PRCP,0,,,a,
ASN00023718,20110222,PRCP,0,,,a,
ASN00023718,20110223,PRCP,0,,,a,
ASN00023718,20110224,PRCP,0,,,a,
ASN00023718,20110225,PRCP,0,,,a,
ASN00023718,20110226,PRCP,0,,,a,
ASN00023718,20110227,PRCP,0,,,a,
ASN00023718,20110228,PRCP,0,,,a,
ASN00023718,20110207,DAPR,2,,,a,
ASN00023718,20110215,DAPR,2,,,a,
ASN00023718,20110221,DAPR,2,,,a,
ASN00023718,20110207,DWPR,2,,,a,
ASN00023718,20110215,DWPR,2,,,a,
ASN00023718,20110221,DWPR,2,,,a,
ASN00023718,20110207,MDPR,12,,,a,
ASN00023718,20110215,MDPR,22,,,a,
ASN00023718,20110221,MDPR,738,,,a,
ASN00023718,20110301,PRCP,0,,,a,
ASN00023718,20110302,PRCP,0,,,a,
ASN00023718,20110303,PRCP,0,,,a,
ASN00023718,20110304,PRCP,0,,,a,
ASN00023718,20110305,PRCP,0,,,a,
ASN00023718,20110306,PRCP,0,,,a,
ASN00023718,20110307,PRCP,0,,,a,
ASN00023718,20110308,PRCP,22,,,a,
ASN00023718,20110309,PRCP,72,,,a,
ASN00023718,20110310,PRCP,0,,,a,
ASN00023718,20110311,PRCP,0,,,a,
ASN00023718,20110312,PRCP,0,,,a,
ASN00023718,20110313,PRCP,0,,,a,
ASN00023718,20110314,PRCP,0,,,a,
ASN00023718,20110315,PRCP,0,,,a,
ASN00023718,20110316,PRCP,0,,,a,
ASN00023718,20110317,PRCP,0,,,a,
ASN00023718,20110318,PRCP,0,,,a,
ASN00023718,20110319,PRCP,0,,,a,
ASN00023718,20110320,PRCP,0,,,a,
ASN00023718,20110321,PRCP,68,,,a,
ASN00023718,20110322,PRCP,12,,,a,
ASN00023718,20110323,PRCP,38,,,a,
ASN00023718,20110324,PRCP,0,,,a,
ASN00023718,20110325,PRCP,32,,,a,
ASN00023718,20110326,PRCP,0,,,a,
ASN00023718,20110327,PRCP,0,,,a,
ASN00023718,20110328,PRCP,0,,,a,
ASN00023718,20110329,PRCP,0,,,a,
ASN00023718,20110330,PRCP,0,,,a,
ASN00023718,20110331,PRCP,0,,,a,
ASN00023718,20110401,PRCP,0,,,a,
ASN00023718,20110402,PRCP,0,,,a,
ASN00023718,20110403,PRCP,0,,,a,
ASN00023718,20110404,PRCP,0,,,a,
ASN00023718,20110405,PRCP,0,,,a,
ASN00023718,20110406,PRCP,0,,,a,
ASN00023718,20110407,PRCP,0,,,a,
ASN00023718,20110408,PRCP,0,,,a,
ASN00023718,20110409,PRCP,0,,,a,
ASN00023718,20110413,PRCP,0,,,a,
ASN00023718,20110414,PRCP,6,,,a,
ASN00023718,20110415,PRCP,0,,,a,
ASN00023718,20110416,PRCP,0,,,a,
ASN00023718,20110417,PRCP,0,,,a,
ASN00023718,20110418,PRCP,0,,,a,
ASN00023718,20110419,PRCP,0,,,a,
ASN00023718,20110420,PRCP,10,,,a,
ASN00023718,20110421,PRCP,0,,,a,
ASN00023718,20110422,PRCP,0,,,a,
ASN00023718,20110423,PRCP,0,,,a,
ASN00023718,20110429,PRCP,0,,,a,
ASN00023718,20110430,PRCP,0,,,a,
ASN00023718,20110412,DAPR,3,,,a,
ASN00023718,20110428,DAPR,5,,,a,
ASN00023718,20110412,DWPR,3,,,a,
ASN00023718,20110428,DWPR,5,,,a,
ASN00023718,20110412,MDPR,150,,,a,
ASN00023718,20110428,MDPR,34,,,a,
ASN00023718,20110503,PRCP,0,,,a,
ASN00023718,20110504,PRCP,0,,,a,
ASN00023718,20110505,PRCP,4,,,a,
ASN00023718,20110506,PRCP,0,,,a,
ASN00023718,20110507,PRCP,0,,,a,
ASN00023718,20110508,PRCP,0,,,a,
ASN00023718,20110513,PRCP,48,,,a,
ASN00023718,20110514,PRCP,0,,,a,
ASN00023718,20110517,PRCP,0,,,a,
ASN00023718,20110518,PRCP,0,,,a,
ASN00023718,20110519,PRCP,0,,,a,
ASN00023718,20110520,PRCP,0,,,a,
ASN00023718,20110521,PRCP,0,,,a,
ASN00023718,20110522,PRCP,0,,,a,
ASN00023718,20110525,PRCP,42,,,a,
ASN00023718,20110526,PRCP,14,,,a,
ASN00023718,20110527,PRCP,0,,,a,
ASN00023718,20110528,PRCP,0,,,a,
ASN00023718,20110529,PRCP,0,,,a,
ASN00023718,20110502,DAPR,2,,,a,
ASN00023718,20110510,DAPR,2,,,a,
ASN00023718,20110512,DAPR,2,,,a,
ASN00023718,20110516,DAPR,2,,,a,
ASN00023718,20110524,DAPR,2,,,a,
ASN00023718,20110531,DAPR,2,,,a,
ASN00023718,20110502,DWPR,2,,,a,
ASN00023718,20110510,DWPR,2,,,a,
ASN00023718,20110512,DWPR,2,,,a,
ASN00023718,20110516,DWPR,2,,,a,
ASN00023718,20110524,DWPR,2,,,a,
ASN00023718,20110531,DWPR,2,,,a,
ASN00023718,20110502,MDPR,50,,,a,
ASN00023718,20110510,MDPR,8,,,a,
ASN00023718,20110512,MDPR,124,,,a,
ASN00023718,20110516,MDPR,6,,,a,
ASN00023718,20110524,MDPR,276,,,a,
ASN00023718,20110531,MDPR,56,,,a,
ASN00023718,20110601,PRCP,0,,,a,
ASN00023718,20110602,PRCP,0,,,a,
ASN00023718,20110603,PRCP,0,,,a,
ASN00023718,20110604,PRCP,0,,,a,
ASN00023718,20110605,PRCP,0,,,a,
ASN00023718,20110608,PRCP,42,,,a,
ASN00023718,20110611,PRCP,0,,,a,
ASN00023718,20110612,PRCP,0,,,a,
ASN00023718,20110615,PRCP,0,,,a,
ASN00023718,20110616,PRCP,0,,,a,
ASN00023718,20110617,PRCP,50,,,a,
ASN00023718,20110618,PRCP,0,,,a,
ASN00023718,20110619,PRCP,0,,,a,
ASN00023718,20110622,PRCP,22,,,a,
ASN00023718,20110623,PRCP,0,,,a,
ASN00023718,20110624,PRCP,4,,,a,
ASN00023718,20110625,PRCP,0,,,a,
ASN00023718,20110626,PRCP,0,,,a,
ASN00023718,20110627,PRCP,0,,,a,
ASN00023718,20110628,PRCP,0,,,a,
ASN00023718,20110629,PRCP,0,,,a,
ASN00023718,20110630,PRCP,0,,,a,
ASN00023718,20110607,DAPR,2,,,a,
ASN00023718,20110610,DAPR,2,,,a,
ASN00023718,20110614,DAPR,2,,,a,
ASN00023718,20110621,DAPR,2,,,a,
ASN00023718,20110607,DWPR,2,,,a,
ASN00023718,20110610,DWPR,2,,,a,
ASN00023718,20110614,DWPR,2,,,a,
ASN00023718,20110621,DWPR,2,,,a,
ASN00023718,20110607,MDPR,48,,,a,
ASN00023718,20110610,MDPR,54,,,a,
ASN00023718,20110614,MDPR,18,,,a,
ASN00023718,20110621,MDPR,298,,,a,
ASN00023718,20110701,PRCP,0,,,a,
ASN00023718,20110702,PRCP,0,,,a,
ASN00023718,20110703,PRCP,0,,,a,
ASN00023718,20110706,PRCP,26,,,a,
ASN00023718,20110707,PRCP,82,,,a,
ASN00023718,20110708,PRCP,6,,,a,
ASN00023718,20110709,PRCP,0,,,a,
ASN00023718,20110712,PRCP,0,,,a,
ASN00023718,20110713,PRCP,0,,,a,
ASN00023718,20110714,PRCP,10,,,a,
ASN00023718,20110715,PRCP,0,,,a,
ASN00023718,20110716,PRCP,0,,,a,
ASN00023718,20110717,PRCP,0,,,a,
ASN00023718,20110718,PRCP,0,,,a,
ASN00023718,20110719,PRCP,50,,,a,
ASN00023718,20110720,PRCP,0,,,a,
ASN00023718,20110721,PRCP,0,,,a,
ASN00023718,20110722,PRCP,0,,,a,
ASN00023718,20110723,PRCP,0,,,a,
ASN00023718,20110724,PRCP,0,,,a,
ASN00023718,20110725,PRCP,38,,,a,
ASN00023718,20110726,PRCP,12,,,a,
ASN00023718,20110727,PRCP,0,,,a,
ASN00023718,20110728,PRCP,0,,,a,
ASN00023718,20110729,PRCP,0,,,a,
ASN00023718,20110730,PRCP,0,,,a,
ASN00023718,20110731,PRCP,0,,,a,
ASN00023718,20110705,DAPR,2,,,a,
ASN00023718,20110711,DAPR,2,,,a,
ASN00023718,20110705,DWPR,2,,,a,
ASN00023718,20110711,DWPR,2,,,a,
ASN00023718,20110705,MDPR,152,,,a,
ASN00023718,20110711,MDPR,18,,,a,
ASN00023718,20110801,PRCP,0,,,a,
ASN00023718,20110802,PRCP,17,,,a,
ASN00023718,20110803,PRCP,0,,,a,
ASN00023718,20110804,PRCP,23,,,a,
ASN00023718,20110805,PRCP,86,,,a,
ASN00023718,20110806,PRCP,0,,,a,
ASN00023718,20110807,PRCP,0,,,a,
ASN00023718,20110808,PRCP,98,,,a,
ASN00023718,20110809,PRCP,45,,,a,
ASN00023718,20110810,PRCP,35,,,a,
ASN00023718,20110811,PRCP,32,,,a,
ASN00023718,20110812,PRCP,0,,,a,
ASN00023718,20110813,PRCP,0,,,a,
ASN00023718,20110814,PRCP,0,,,a,
ASN00023718,20110815,PRCP,0,,,a,
ASN00023718,20110816,PRCP,5,,,a,
ASN00023718,20110817,PRCP,64,,,a,
ASN00023718,20110818,PRCP,10,,,a,
ASN00023718,20110819,PRCP,0,,,a,
ASN00023718,20110820,PRCP,0,,,a,
ASN00023718,20110821,PRCP,0,,,a,
ASN00023718,20110822,PRCP,48,,,a,
ASN00023718,20110823,PRCP,0,,,a,
ASN00023718,20110824,PRCP,0,,,a,
ASN00023718,20110825,PRCP,0,,,a,
ASN00023718,20110826,PRCP,0,,,a,
ASN00023718,20110827,PRCP,0,,,a,
ASN00023718,20110828,PRCP,0,,,a,
ASN00023718,20110829,PRCP,0,,,a,
ASN00023718,20110830,PRCP,12,,,a,
ASN00023718,20110831,PRCP,0,,,a,
ASN00023718,20110901,PRCP,0,,,a,
ASN00023718,20110902,PRCP,0,,,a,
ASN00023718,20110903,PRCP,0,,,a,
ASN00023718,20110904,PRCP,0,,,a,
ASN00023718,20110905,PRCP,8,,,a,
ASN00023718,20110906,PRCP,6,,,a,
ASN00023718,20110907,PRCP,0,,,a,
ASN00023718,20110908,PRCP,6,,,a,
ASN00023718,20110909,PRCP,20,,,a,
ASN00023718,20110910,PRCP,0,,,a,
ASN00023718,20110911,PRCP,0,,,a,
ASN00023718,20110914,PRCP,0,,,a,
ASN00023718,20110915,PRCP,0,,,a,
ASN00023718,20110916,PRCP,0,,,a,
ASN00023718,20110917,PRCP,0,,,a,
ASN00023718,20110918,PRCP,0,,,a,
ASN00023718,20110919,PRCP,0,,,a,
ASN00023718,20110922,PRCP,0,,,a,
ASN00023718,20110923,PRCP,0,,,a,
ASN00023718,20110924,PRCP,0,,,a,
ASN00023718,20110925,PRCP,0,,,a,
ASN00023718,20110926,PRCP,0,,,a,
ASN00023718,20110927,PRCP,8,,,a,
ASN00023718,20110928,PRCP,30,,,a,
ASN00023718,20110929,PRCP,0,,,a,
ASN00023718,20110930,PRCP,0,,,a,
ASN00023718,20110913,DAPR,2,,,a,
ASN00023718,20110921,DAPR,2,,,a,
ASN00023718,20110913,DWPR,2,,,a,
ASN00023718,20110921,DWPR,2,,,a,
ASN00023718,20110913,MDPR,26,,,a,
ASN00023718,20110921,MDPR,40,,,a,
ASN00023718,20111001,PRCP,0,,,a,
ASN00023718,20111005,PRCP,42,,,a,
ASN00023718,20111006,PRCP,4,,,a,
ASN00023718,20111007,PRCP,0,,,a,
ASN00023718,20111008,PRCP,0,,,a,
ASN00023718,20111012,PRCP,0,,,a,
ASN00023718,20111013,PRCP,0,,,a,
ASN00023718,20111014,PRCP,2,,,a,
ASN00023718,20111015,PRCP,0,,,a,
ASN00023718,20111018,PRCP,0,,,a,
ASN00023718,20111019,PRCP,0,,,a,
ASN00023718,20111020,PRCP,0,,,a,
ASN00023718,20111021,PRCP,54,,,a,
ASN00023718,20111022,PRCP,0,,,a,
ASN00023718,20111023,PRCP,0,,,a,
ASN00023718,20111026,PRCP,0,,,a,
ASN00023718,20111027,PRCP,0,,,a,
ASN00023718,20111028,PRCP,0,,,a,
ASN00023718,20111029,PRCP,0,,,a,
ASN00023718,20111030,PRCP,0,,,a,
ASN00023718,20111031,PRCP,4,,,a,
ASN00023718,20111004,DAPR,3,,,a,
ASN00023718,20111011,DAPR,3,,,a,
ASN00023718,20111017,DAPR,2,,,a,
ASN00023718,20111025,DAPR,2,,,a,
ASN00023718,20111004,DWPR,3,,,a,
ASN00023718,20111011,DWPR,3,,,a,
ASN00023718,20111017,DWPR,2,,,a,
ASN00023718,20111025,DWPR,2,,,a,
ASN00023718,20111004,MDPR,262,,,a,
ASN00023718,20111011,MDPR,14,,,a,
ASN00023718,20111017,MDPR,60,,,a,
ASN00023718,20111025,MDPR,22,,,a,
ASN00023718,20111101,PRCP,0,,,a,
ASN00023718,20111102,PRCP,0,,,a,
ASN00023718,20111103,PRCP,4,,,a,
ASN00023718,20111104,PRCP,0,,,a,
ASN00023718,20111105,PRCP,0,,,a,
ASN00023718,20111106,PRCP,0,,,a,
ASN00023718,20111109,PRCP,0,,,a,
ASN00023718,20111110,PRCP,0,,,a,
ASN00023718,20111111,PRCP,0,,,a,
ASN00023718,20111112,PRCP,0,,,a,
ASN00023718,20111115,PRCP,0,,,a,
ASN00023718,20111116,PRCP,0,,,a,
ASN00023718,20111117,PRCP,0,,,a,
ASN00023718,20111118,PRCP,0,,,a,
ASN00023718,20111119,PRCP,0,,,a,
ASN00023718,20111120,PRCP,0,,,a,
ASN00023718,20111123,PRCP,12,,,a,
ASN00023718,20111124,PRCP,0,,,a,
ASN00023718,20111125,PRCP,0,,,a,
ASN00023718,20111126,PRCP,0,,,a,
ASN00023718,20111129,PRCP,0,,,a,
ASN00023718,20111130,PRCP,0,,,a,
ASN00023718,20111108,DAPR,2,,,a,
ASN00023718,20111114,DAPR,2,,,a,
ASN00023718,20111122,DAPR,2,,,a,
ASN00023718,20111128,DAPR,2,,,a,
ASN00023718,20111108,DWPR,2,,,a,
ASN00023718,20111114,DWPR,2,,,a,
ASN00023718,20111122,DWPR,2,,,a,
ASN00023718,20111128,DWPR,2,,,a,
ASN00023718,20111108,MDPR,6,,,a,
ASN00023718,20111114,MDPR,12,,,a,
ASN00023718,20111122,MDPR,30,,,a,
ASN00023718,20111128,MDPR,56,,,a,
ASN00023718,20111201,PRCP,0,,,a,
ASN00023718,20111202,PRCP,6,,,a,
ASN00023718,20111203,PRCP,0,,,a,
ASN00023718,20111204,PRCP,0,,,a,
ASN00023718,20111205,PRCP,0,,,a,
ASN00023718,20111206,PRCP,0,,,a,
ASN00023718,20111207,PRCP,0,,,a,
ASN00023718,20111208,PRCP,0,,,a,
ASN00023718,20111209,PRCP,0,,,a,
ASN00023718,20111210,PRCP,0,,,a,
ASN00023718,20111213,PRCP,4,,,a,
ASN00023718,20111214,PRCP,0,,,a,
ASN00023718,20111215,PRCP,0,,,a,
ASN00023718,20111216,PRCP,0,,,a,
ASN00023718,20111217,PRCP,0,,,a,
ASN00023718,20111218,PRCP,0,,,a,
ASN00023718,20111221,PRCP,0,,,a,
ASN00023718,20111222,PRCP,0,,,a,
ASN00023718,20111223,PRCP,0,,,a,
ASN00023718,20111224,PRCP,0,,,a,
ASN00023718,20111225,PRCP,0,,,a,
ASN00023718,20111226,PRCP,0,,,a,
ASN00023718,20111227,PRCP,0,,,a,
ASN00023718,20111228,PRCP,0,,,a,
ASN00023718,20111229,PRCP,0,,,a,
ASN00023718,20111230,PRCP,0,,,a,
ASN00023718,20111231,PRCP,0,,,a,
ASN00023718,20111212,DAPR,2,,,a,
ASN00023718,20111220,DAPR,2,,,a,
ASN00023718,20111212,DWPR,2,,,a,
ASN00023718,20111220,DWPR,2,,,a,
ASN00023718,20111212,MDPR,76,,,a,
ASN00023718,20111220,MDPR,306,,,a,
ASN00023718,20120101,PRCP,0,,,a,
ASN00023718,20120102,PRCP,0,,,a,
ASN00023718,20120103,PRCP,0,,,a,
ASN00023718,20120104,PRCP,0,,,a,
ASN00023718,20120105,PRCP,0,,,a,
ASN00023718,20120106,PRCP,0,,,a,
ASN00023718,20120107,PRCP,0,,,a,
ASN00023718,20120108,PRCP,0,,,a,
ASN00023718,20120109,PRCP,20,,,a,
ASN00023718,20120110,PRCP,14,,,a,
ASN00023718,20120111,PRCP,6,,,a,
ASN00023718,20120112,PRCP,0,,,a,
ASN00023718,20120113,PRCP,0,,,a,
ASN00023718,20120114,PRCP,0,,,a,
ASN00023718,20120115,PRCP,0,,,a,
ASN00023718,20120116,PRCP,0,,,a,
ASN00023718,20120117,PRCP,0,,,a,
ASN00023718,20120118,PRCP,0,,,a,
ASN00023718,20120119,PRCP,0,,,a,
ASN00023718,20120120,PRCP,0,,,a,
ASN00023718,20120121,PRCP,0,,,a,
ASN00023718,20120122,PRCP,0,,,a,
ASN00023718,20120123,PRCP,0,,,a,
ASN00023718,20120124,PRCP,0,,,a,
ASN00023718,20120125,PRCP,0,,,a,
ASN00023718,20120126,PRCP,0,,,a,
ASN00023718,20120127,PRCP,0,,,a,
ASN00023718,20120128,PRCP,0,,,a,
ASN00023718,20120129,PRCP,0,,,a,
ASN00023718,20120130,PRCP,0,,,a,
ASN00023718,20120131,PRCP,2,,,a,
ASN00023718,20120201,PRCP,0,,,a,
ASN00023718,20120202,PRCP,0,,,a,
ASN00023718,20120203,PRCP,0,,,a,
ASN00023718,20120204,PRCP,0,,,a,
ASN00023718,20120207,PRCP,20,,,a,
ASN00023718,20120208,PRCP,0,,,a,
ASN00023718,20120209,PRCP,0,,,a,
ASN00023718,20120210,PRCP,0,,,a,
ASN00023718,20120211,PRCP,0,,,a,
ASN00023718,20120212,PRCP,0,,,a,
ASN00023718,20120213,PRCP,0,,,a,
ASN00023718,20120216,PRCP,0,,,a,
ASN00023718,20120217,PRCP,0,,,a,
ASN00023718,20120218,PRCP,0,,,a,
ASN00023718,20120219,PRCP,0,,,a,
ASN00023718,20120220,PRCP,0,,,a,
ASN00023718,20120221,PRCP,0,,,a,
ASN00023718,20120222,PRCP,0,,,a,
ASN00023718,20120223,PRCP,0,,,a,
ASN00023718,20120224,PRCP,0,,,a,
ASN00023718,20120225,PRCP,0,,,a,
ASN00023718,20120226,PRCP,0,,,a,
ASN00023718,20120227,PRCP,0,,,a,
ASN00023718,20120228,PRCP,0,,,a,
ASN00023718,20120229,PRCP,0,,,a,
ASN00023718,20120206,DAPR,2,,,a,
ASN00023718,20120215,DAPR,2,,,a,
ASN00023718,20120206,DWPR,2,,,a,
ASN00023718,20120215,DWPR,2,,,a,
ASN00023718,20120206,MDPR,80,,,a,
ASN00023718,20120215,MDPR,32,,,a,
ASN00023718,20120301,PRCP,32,,,a,
ASN00023718,20120315,PRCP,252,,,a,
ASN00023718,20120321,PRCP,172,,,a,
ASN00023718,20120323,PRCP,20,,,a,
ASN00023718,20120331,PRCP,0,,,a,
ASN00023718,20120305,DAPR,2,,,a,
ASN00023718,20120319,DAPR,2,,,a,
ASN00023718,20120327,DAPR,2,,,a,
ASN00023718,20120305,MDPR,56,,,a,
ASN00023718,20120319,MDPR,18,,,a,
ASN00023718,20120327,MDPR,30,,,a,
ASN00023718,20120401,PRCP,0,,,a,
ASN00023718,20120402,PRCP,0,,,a,
ASN00023718,20120403,PRCP,0,,,a,
ASN00023718,20120404,PRCP,0,,,a,
ASN00023718,20120405,PRCP,0,,,a,
ASN00023718,20120406,PRCP,0,,,a,
ASN00023718,20120407,PRCP,0,,,a,
ASN00023718,20120408,PRCP,0,,,a,
ASN00023718,20120412,PRCP,0,,,a,
ASN00023718,20120413,PRCP,0,,,a,
ASN00023718,20120414,PRCP,0,,,a,
ASN00023718,20120415,PRCP,0,,,a,
ASN00023718,20120416,PRCP,0,,,a,
ASN00023718,20120417,PRCP,0,,,a,
ASN00023718,20120418,PRCP,0,,,a,
ASN00023718,20120419,PRCP,0,,,a,
ASN00023718,20120420,PRCP,0,,,a,
ASN00023718,20120421,PRCP,0,,,a,
ASN00023718,20120422,PRCP,0,,,a,
ASN00023718,20120425,PRCP,0,,,a,
ASN00023718,20120428,PRCP,0,,,a,
ASN00023718,20120411,DAPR,3,,,a,
ASN00023718,20120424,DAPR,2,,,a,
ASN00023718,20120427,DAPR,2,,,a,
ASN00023718,20120430,DAPR,2,,,a,
ASN00023718,20120411,DWPR,3,,,a,
ASN00023718,20120424,DWPR,2,,,a,
ASN00023718,20120427,DWPR,2,,,a,
ASN00023718,20120430,DWPR,2,,,a,
ASN00023718,20120411,MDPR,24,,,a,
ASN00023718,20120424,MDPR,80,,,a,
ASN00023718,20120427,MDPR,112,,,a,
ASN00023718,20120430,MDPR,4,,,a,
ASN00023718,20120501,PRCP,0,,,a,
ASN00023718,20120502,PRCP,84,,,a,
ASN00023718,20120503,PRCP,0,,,a,
ASN00023718,20120504,PRCP,44,,,a,
ASN00023718,20120505,PRCP,0,,,a,
ASN00023718,20120509,PRCP,2,,,a,
ASN00023718,20120510,PRCP,0,,,a,
ASN00023718,20120511,PRCP,14,,,a,
ASN00023718,20120512,PRCP,0,,,a,
ASN00023718,20120515,PRCP,0,,,a,
ASN00023718,20120516,PRCP,0,,,a,
ASN00023718,20120517,PRCP,0,,,a,
ASN00023718,20120518,PRCP,0,,,a,
ASN00023718,20120519,PRCP,0,,,a,
ASN00023718,20120520,PRCP,0,,,a,
ASN00023718,20120523,PRCP,0,,,a,
ASN00023718,20120524,PRCP,460,,,a,
ASN00023718,20120525,PRCP,226,,,a,
ASN00023718,20120526,PRCP,0,,,a,
ASN00023718,20120529,PRCP,56,,,a,
ASN00023718,20120530,PRCP,0,,,a,
ASN00023718,20120531,PRCP,0,,,a,
ASN00023718,20120508,DAPR,3,,,a,
ASN00023718,20120514,DAPR,2,,,a,
ASN00023718,20120522,DAPR,2,,,a,
ASN00023718,20120528,DAPR,2,,,a,
ASN00023718,20120508,DWPR,3,,,a,
ASN00023718,20120514,DWPR,2,,,a,
ASN00023718,20120522,DWPR,2,,,a,
ASN00023718,20120528,DWPR,2,,,a,
ASN00023718,20120508,MDPR,100,,,a,
ASN00023718,20120514,MDPR,56,,,a,
ASN00023718,20120522,MDPR,102,,,a,
ASN00023718,20120528,MDPR,106,,,a,
ASN00023718,20120601,PRCP,0,,,a,
ASN00023718,20120602,PRCP,0,,,a,
ASN00023718,20120606,PRCP,0,,,a,
ASN00023718,20120607,PRCP,0,,,a,
ASN00023718,20120608,PRCP,0,,,a,
ASN00023718,20120609,PRCP,0,,,a,
ASN00023718,20120610,PRCP,0,,,a,
ASN00023718,20120611,PRCP,0,,,a,
ASN00023718,20120614,PRCP,66,,,a,
ASN00023718,20120615,PRCP,36,,,a,
ASN00023718,20120616,PRCP,0,,,a,
ASN00023718,20120617,PRCP,0,,,a,
ASN00023718,20120620,PRCP,0,,,a,
ASN00023718,20120621,PRCP,360,,,a,
ASN00023718,20120622,PRCP,186,,,a,
ASN00023718,20120623,PRCP,0,,,a,
ASN00023718,20120626,PRCP,36,,,a,
ASN00023718,20120627,PRCP,0,,,a,
ASN00023718,20120628,PRCP,0,,,a,
ASN00023718,20120629,PRCP,64,,,a,
ASN00023718,20120630,PRCP,0,,,a,
ASN00023718,20120605,DAPR,3,,,a,
ASN00023718,20120613,DAPR,2,,,a,
ASN00023718,20120619,DAPR,2,,,a,
ASN00023718,20120625,DAPR,2,,,a,
ASN00023718,20120605,DWPR,3,,,a,
ASN00023718,20120613,DWPR,2,,,a,
ASN00023718,20120619,DWPR,2,,,a,
ASN00023718,20120625,DWPR,2,,,a,
ASN00023718,20120605,MDPR,428,,,a,
ASN00023718,20120613,MDPR,4,,,a,
ASN00023718,20120619,MDPR,52,,,a,
ASN00023718,20120625,MDPR,140,,,a,
ASN00023718,20120701,PRCP,0,,,a,
ASN00023718,20120704,PRCP,40,,,a,
ASN00023718,20120705,PRCP,0,,,a,
ASN00023718,20120706,PRCP,0,,,a,
ASN00023718,20120707,PRCP,0,,,a,
ASN00023718,20120708,PRCP,0,,,a,
ASN00023718,20120709,PRCP,0,,,a,
ASN00023718,20120710,PRCP,4,,,a,
ASN00023718,20120711,PRCP,4,,,a,
ASN00023718,20120712,PRCP,0,,,a,
ASN00023718,20120713,PRCP,24,,,a,
ASN00023718,20120717,PRCP,0,,,a,
ASN00023718,20120718,PRCP,20,,,a,
ASN00023718,20120719,PRCP,6,,,a,
ASN00023718,20120720,PRCP,2,,,a,
ASN00023718,20120721,PRCP,0,,,a,
ASN00023718,20120722,PRCP,0,,,a,
ASN00023718,20120723,PRCP,0,,,a,
ASN00023718,20120724,PRCP,0,,,a,
ASN00023718,20120725,PRCP,4,,,a,
ASN00023718,20120726,PRCP,44,,,a,
ASN00023718,20120727,PRCP,0,,,a,
ASN00023718,20120728,PRCP,0,,,a,
ASN00023718,20120729,PRCP,0,,,a,
ASN00023718,20120730,PRCP,0,,,a,
ASN00023718,20120731,PRCP,20,,,a,
ASN00023718,20120703,DAPR,2,,,a,
ASN00023718,20120716,DAPR,3,,,a,
ASN00023718,20120703,DWPR,2,,,a,
ASN00023718,20120716,DWPR,3,,,a,
ASN00023718,20120703,MDPR,136,,,a,
ASN00023718,20120716,MDPR,235,,,a,
ASN00023718,20120801,PRCP,0,,,a,
ASN00023718,20120802,PRCP,0,,,a,
ASN00023718,20120803,PRCP,18,,,a,
ASN00023718,20120804,PRCP,0,,,a,
ASN00023718,20120805,PRCP,0,,,a,
ASN00023718,20120806,PRCP,22,,,a,
ASN00023718,20120807,PRCP,0,,,a,
ASN00023718,20120808,PRCP,10,,,a,
ASN00023718,20120809,PRCP,4,,,a,
ASN00023718,20120810,PRCP,0,,,a,
ASN00023718,20120811,PRCP,0,,,a,
ASN00023718,20120812,PRCP,0,,,a,
ASN00023718,20120815,PRCP,0,,,a,
ASN00023718,20120816,PRCP,0,,,a,
ASN00023718,20120817,PRCP,230,,,a,
ASN00023718,20120818,PRCP,0,,,a,
ASN00023718,20120819,PRCP,0,,,a,
ASN00023718,20120823,PRCP,26,,,a,
ASN00023718,20120824,PRCP,86,,,a,
ASN00023718,20120825,PRCP,0,,,a,
ASN00023718,20120826,PRCP,0,,,a,
ASN00023718,20120830,PRCP,72,,,a,
ASN00023718,20120831,PRCP,0,,,a,
ASN00023718,20120814,DAPR,2,,,a,
ASN00023718,20120822,DAPR,3,,,a,
ASN00023718,20120829,DAPR,3,,,a,
ASN00023718,20120814,DWPR,2,,,a,
ASN00023718,20120822,DWPR,3,,,a,
ASN00023718,20120829,DWPR,3,,,a,
ASN00023718,20120814,MDPR,20,,,a,
ASN00023718,20120822,MDPR,72,,,a,
ASN00023718,20120829,MDPR,20,,,a,
ASN00023718,20120901,PRCP,0,,,a,
ASN00023718,20120904,PRCP,0,,,a,
ASN00023718,20120905,PRCP,0,,,a,
ASN00023718,20120906,PRCP,0,,,a,
ASN00023718,20120912,PRCP,0,,,a,
ASN00023718,20120913,PRCP,0,,,a,
ASN00023718,20120914,PRCP,0,,,a,
ASN00023718,20120915,PRCP,0,,,a,
ASN00023718,20120918,PRCP,2,,,a,
ASN00023718,20120919,PRCP,0,,,a,
ASN00023718,20120920,PRCP,14,,,a,
ASN00023718,20120921,PRCP,0,,,a,
ASN00023718,20120922,PRCP,0,,,a,
ASN00023718,20120923,PRCP,0,,,a,
ASN00023718,20120929,PRCP,0,,,a,
ASN00023718,20120930,PRCP,56,,,a,
ASN00023718,20120903,DAPR,2,,,a,
ASN00023718,20120911,DAPR,5,,,a,
ASN00023718,20120917,DAPR,2,,,a,
ASN00023718,20120926,DAPR,3,,,a,
ASN00023718,20120928,DAPR,2,,,a,
ASN00023718,20120903,DWPR,2,,,a,
ASN00023718,20120911,DWPR,5,,,a,
ASN00023718,20120917,DWPR,2,,,a,
ASN00023718,20120926,DWPR,3,,,a,
ASN00023718,20120928,DWPR,2,,,a,
ASN00023718,20120903,MDPR,16,,,a,
ASN00023718,20120911,MDPR,154,,,a,
ASN00023718,20120917,MDPR,40,,,a,
ASN00023718,20120926,MDPR,50,,,a,
ASN00023718,20120928,MDPR,38,,,a,
ASN00023718,20121001,PRCP,0,,,a,
ASN00023718,20121002,PRCP,0,,,a,
ASN00023718,20121003,PRCP,0,,,a,
ASN00023718,20121004,PRCP,0,,,a,
ASN00023718,20121005,PRCP,0,,,a,
ASN00023718,20121006,PRCP,0,,,a,
ASN00023718,20121007,PRCP,0,,,a,
ASN00023718,20121010,PRCP,6,,,a,
ASN00023718,20121011,PRCP,182,,,a,
ASN00023718,20121012,PRCP,0,,,a,
ASN00023718,20121016,PRCP,0,,,a,
ASN00023718,20121017,PRCP,0,,,a,
ASN00023718,20121018,PRCP,0,,,a,
ASN00023718,20121019,PRCP,0,,,a,
ASN00023718,20121020,PRCP,0,,,a,
ASN00023718,20121021,PRCP,0,,,a,
ASN00023718,20121022,PRCP,0,,,a,
ASN00023718,20121023,PRCP,0,,,a,
ASN00023718,20121024,PRCP,0,,,a,
ASN00023718,20121025,PRCP,0,,,a,
ASN00023718,20121026,PRCP,14,,,a,
ASN00023718,20121027,PRCP,0,,,a,
ASN00023718,20121028,PRCP,0,,,a,
ASN00023718,20121029,PRCP,0,,,a,
ASN00023718,20121030,PRCP,0,,,a,
ASN00023718,20121031,PRCP,14,,,a,
ASN00023718,20121009,DAPR,2,,,a,
ASN00023718,20121015,DAPR,3,,,a,
ASN00023718,20121009,DWPR,2,,,a,
ASN00023718,20121015,DWPR,3,,,a,
ASN00023718,20121009,MDPR,12,,,a,
ASN00023718,20121015,MDPR,56,,,a,
ASN00023718,20121101,PRCP,0,,,a,
ASN00023718,20121102,PRCP,0,,,a,
ASN00023718,20121103,PRCP,0,,,a,
ASN00023718,20121104,PRCP,0,,,a,
ASN00023718,20121105,PRCP,0,,,a,
ASN00023718,20121106,PRCP,80,,,a,
ASN00023718,20121107,PRCP,0,,,a,
ASN00023718,20121108,PRCP,0,,,a,
ASN00023718,20121109,PRCP,22,,,a,
ASN00023718,20121110,PRCP,0,,,a,
ASN00023718,20121111,PRCP,0,,,a,
ASN00023718,20121112,PRCP,0,,,a,
ASN00023718,20121113,PRCP,0,,,a,
ASN00023718,20121114,PRCP,0,,,a,
ASN00023718,20121115,PRCP,0,,,a,
ASN00023718,20121116,PRCP,8,,,a,
ASN00023718,20121117,PRCP,0,,,a,
ASN00023718,20121118,PRCP,0,,,a,
ASN00023718,20121119,PRCP,0,,,a,
ASN00023718,20121120,PRCP,0,,,a,
ASN00023718,20121121,PRCP,0,,,a,
ASN00023718,20121122,PRCP,0,,,a,
ASN00023718,20121123,PRCP,0,,,a,
ASN00023718,20121124,PRCP,0,,,a,
ASN00023718,20121125,PRCP,0,,,a,
ASN00023718,20121126,PRCP,20,,,a,
ASN00023718,20121127,PRCP,0,,,a,
ASN00023718,20121128,PRCP,0,,,a,
ASN00023718,20121129,PRCP,0,,,a,
ASN00023718,20121130,PRCP,12,,,a,
ASN00023718,20121201,PRCP,0,,,a,
ASN00023718,20121202,PRCP,0,,,a,
ASN00023718,20121203,PRCP,0,,,a,
ASN00023718,20121204,PRCP,8,,,a,
ASN00023718,20121205,PRCP,0,,,a,
ASN00023718,20121206,PRCP,0,,,a,
ASN00023718,20121207,PRCP,0,,,a,
ASN00023718,20121208,PRCP,0,,,a,
ASN00023718,20121209,PRCP,0,,,a,
ASN00023718,20121210,PRCP,0,,,a,
ASN00023718,20121211,PRCP,0,,,a,
ASN00023718,20121212,PRCP,0,,,a,
ASN00023718,20121213,PRCP,0,,,a,
ASN00023718,20121214,PRCP,2,,,a,
ASN00023718,20121215,PRCP,0,,,a,
ASN00023718,20121216,PRCP,0,,,a,
ASN00023718,20121219,PRCP,0,,,a,
ASN00023718,20121220,PRCP,8,,,a,
ASN00023718,20121221,PRCP,0,,,a,
ASN00023718,20121222,PRCP,0,,,a,
ASN00023718,20121223,PRCP,0,,,a,
ASN00023718,20121224,PRCP,0,,,a,
ASN00023718,20121225,PRCP,0,,,a,
ASN00023718,20121226,PRCP,0,,,a,
ASN00023718,20121227,PRCP,0,,,a,
ASN00023718,20121228,PRCP,0,,,a,
ASN00023718,20121229,PRCP,0,,,a,
ASN00023718,20121230,PRCP,0,,,a,
ASN00023718,20121231,PRCP,0,,,a,
ASN00023718,20121218,DAPR,2,,,a,
ASN00023718,20121218,DWPR,2,,,a,
ASN00023718,20121218,MDPR,72,,,a,
ASN00023718,20130101,PRCP,0,,,a,
ASN00023718,20130102,PRCP,0,,,a,
ASN00023718,20130103,PRCP,0,,,a,
ASN00023718,20130104,PRCP,0,,,a,
ASN00023718,20130105,PRCP,0,,,a,
ASN00023718,20130106,PRCP,0,,,a,
ASN00023718,20130107,PRCP,0,,,a,
ASN00023718,20130108,PRCP,0,,,a,
ASN00023718,20130109,PRCP,0,,,a,
ASN00023718,20130110,PRCP,0,,,a,
ASN00023718,20130111,PRCP,0,,,a,
ASN00023718,20130112,PRCP,0,,,a,
ASN00023718,20130113,PRCP,0,,,a,
ASN00023718,20130114,PRCP,0,,,a,
ASN00023718,20130115,PRCP,80,,,a,
ASN00023718,20130116,PRCP,0,,,a,
ASN00023718,20130117,PRCP,0,,,a,
ASN00023718,20130118,PRCP,0,,,a,
ASN00023718,20130119,PRCP,0,,,a,
ASN00023718,20130120,PRCP,0,,,a,
ASN00023718,20130121,PRCP,0,,,a,
ASN00023718,20130122,PRCP,0,,,a,
ASN00023718,20130123,PRCP,0,,,a,
ASN00023718,20130124,PRCP,0,,,a,
ASN00023718,20130125,PRCP,0,,,a,
ASN00023718,20130126,PRCP,0,,,a,
ASN00023718,20130127,PRCP,0,,,a,
ASN00023718,20130128,PRCP,0,,,a,
ASN00023718,20130131,PRCP,0,,,a,
ASN00023718,20130130,DAPR,2,,,a,
ASN00023718,20130130,DWPR,2,,,a,
ASN00023718,20130130,MDPR,62,,,a,
ASN00023718,20130201,PRCP,68,,,a,
ASN00023718,20130202,PRCP,0,,,a,
ASN00023718,20130203,PRCP,0,,,a,
ASN00023718,20130204,PRCP,12,,,a,
ASN00023718,20130205,PRCP,0,,,a,
ASN00023718,20130206,PRCP,0,,,a,
ASN00023718,20130207,PRCP,0,,,a,
ASN00023718,20130208,PRCP,2,,,a,
ASN00023718,20130209,PRCP,0,,,a,
ASN00023718,20130210,PRCP,0,,,a,
ASN00023718,20130211,PRCP,0,,,a,
ASN00023718,20130212,PRCP,0,,,a,
ASN00023718,20130213,PRCP,0,,,a,
ASN00023718,20130214,PRCP,2,,,a,
ASN00023718,20130215,PRCP,0,,,a,
ASN00023718,20130216,PRCP,0,,,a,
ASN00023718,20130217,PRCP,0,,,a,
ASN00023718,20130218,PRCP,0,,,a,
ASN00023718,20130219,PRCP,0,,,a,
ASN00023718,20130220,PRCP,0,,,a,
ASN00023718,20130221,PRCP,0,,,a,
ASN00023718,20130222,PRCP,0,,,a,
ASN00023718,20130223,PRCP,0,,,a,
ASN00023718,20130224,PRCP,0,,,a,
ASN00023718,20130225,PRCP,0,,,a,
ASN00023718,20130226,PRCP,40,,,a,
ASN00023718,20130227,PRCP,0,,,a,
ASN00023718,20130228,PRCP,16,,,a,
ASN00023718,20130301,PRCP,0,,,a,
ASN00023718,20130302,PRCP,0,,,a,
ASN00023718,20130303,PRCP,0,,,a,
ASN00023718,20130304,PRCP,0,,,a,
ASN00023718,20130305,PRCP,0,,,a,
ASN00023718,20130306,PRCP,0,,,a,
ASN00023718,20130307,PRCP,0,,,a,
ASN00023718,20130308,PRCP,4,,,a,
ASN00023718,20130309,PRCP,0,,,a,
ASN00023718,20130310,PRCP,0,,,a,
ASN00023718,20130311,PRCP,0,,,a,
ASN00023718,20130312,PRCP,0,,,a,
ASN00023718,20130313,PRCP,0,,,a,
ASN00023718,20130314,PRCP,0,,,a,
ASN00023718,20130315,PRCP,0,,,a,
ASN00023718,20130316,PRCP,0,,,a,
ASN00023718,20130317,PRCP,0,,,a,
ASN00023718,20130318,PRCP,2,,,a,
ASN00023718,20130319,PRCP,0,,,a,
ASN00023718,20130320,PRCP,0,,,a,
ASN00023718,20130321,PRCP,0,,,a,
ASN00023718,20130322,PRCP,0,,,a,
ASN00023718,20130323,PRCP,0,,,a,
ASN00023718,20130324,PRCP,0,,,a,
ASN00023718,20130325,PRCP,0,,,a,
ASN00023718,20130326,PRCP,10,,,a,
ASN00023718,20130327,PRCP,0,,,a,
ASN00023718,20130328,PRCP,32,,,a,
ASN00023718,20130329,PRCP,0,,,a,
ASN00023718,20130330,PRCP,0,,,a,
ASN00023718,20130331,PRCP,0,,,a,
ASN00023718,20130403,PRCP,18,,,a,
ASN00023718,20130404,PRCP,0,,,a,
ASN00023718,20130405,PRCP,0,,,a,
ASN00023718,20130406,PRCP,0,,,a,
ASN00023718,20130407,PRCP,0,,,a,
ASN00023718,20130408,PRCP,0,,,a,
ASN00023718,20130409,PRCP,0,,,a,
ASN00023718,20130410,PRCP,0,,,a,
ASN00023718,20130411,PRCP,0,,,a,
ASN00023718,20130412,PRCP,0,,,a,
ASN00023718,20130413,PRCP,0,,,a,
ASN00023718,20130416,PRCP,4,,,a,
ASN00023718,20130417,PRCP,0,,,a,
ASN00023718,20130418,PRCP,0,,,a,
ASN00023718,20130419,PRCP,2,,,a,
ASN00023718,20130420,PRCP,0,,,a,
ASN00023718,20130421,PRCP,0,,,a,
ASN00023718,20130424,PRCP,0,,,a,
ASN00023718,20130425,PRCP,0,,,a,
ASN00023718,20130426,PRCP,0,,,a,
ASN00023718,20130427,PRCP,0,,,a,
ASN00023718,20130430,PRCP,0,,,a,
ASN00023718,20130402,DAPR,2,,,a,
ASN00023718,20130415,DAPR,2,,,a,
ASN00023718,20130423,DAPR,2,,,a,
ASN00023718,20130429,DAPR,2,,,a,
ASN00023718,20130402,DWPR,2,,,a,
ASN00023718,20130415,DWPR,2,,,a,
ASN00023718,20130423,DWPR,2,,,a,
ASN00023718,20130429,DWPR,2,,,a,
ASN00023718,20130402,MDPR,56,,,a,
ASN00023718,20130415,MDPR,50,,,a,
ASN00023718,20130423,MDPR,276,,,a,
ASN00023718,20130429,MDPR,42,,,a,
ASN00023718,20130501,PRCP,0,,,a,
ASN00023718,20130502,PRCP,0,,,a,
ASN00023718,20130503,PRCP,0,,,a,
ASN00023718,20130504,PRCP,0,,,a,
ASN00023718,20130505,PRCP,0,,,a,
ASN00023718,20130506,PRCP,0,,,a,
ASN00023718,20130507,PRCP,46,,,a,
ASN00023718,20130508,PRCP,0,,,a,
ASN00023718,20130509,PRCP,0,,,a,
ASN00023718,20130510,PRCP,0,,,a,
ASN00023718,20130511,PRCP,0,,,a,
ASN00023718,20130512,PRCP,0,,,a,
ASN00023718,20130513,PRCP,112,,,a,
ASN00023718,20130514,PRCP,42,,,a,
ASN00023718,20130517,PRCP,14,,,a,
ASN00023718,20130518,PRCP,0,,,a,
ASN00023718,20130519,PRCP,0,,,a,
ASN00023718,20130522,PRCP,76,,,a,
ASN00023718,20130525,PRCP,0,,,a,
ASN00023718,20130528,PRCP,0,,,a,
ASN00023718,20130529,PRCP,0,,,a,
ASN00023718,20130530,PRCP,0,,,a,
ASN00023718,20130531,PRCP,0,,,a,
ASN00023718,20130516,DAPR,2,,,a,
ASN00023718,20130521,DAPR,2,,,a,
ASN00023718,20130524,DAPR,2,,,a,
ASN00023718,20130527,DAPR,2,,,a,
ASN00023718,20130516,DWPR,2,,,a,
ASN00023718,20130521,DWPR,2,,,a,
ASN00023718,20130524,DWPR,2,,,a,
ASN00023718,20130527,DWPR,2,,,a,
ASN00023718,20130516,MDPR,118,,,a,
ASN00023718,20130521,MDPR,8,,,a,
ASN00023718,20130524,MDPR,62,,,a,
ASN00023718,20130527,MDPR,16,,,a,
ASN00023718,20130605,PRCP,0,,,a,
ASN00023718,20130606,PRCP,0,,,a,
ASN00023718,20130607,PRCP,62,,,a,
ASN00023718,20130608,PRCP,0,,,a,
ASN00023718,20130609,PRCP,0,,,a,
ASN00023718,20130610,PRCP,0,,,a,
ASN00023718,20130611,PRCP,4,,,a,
ASN00023718,20130612,PRCP,214,,,a,
ASN00023718,20130613,PRCP,68,,,a,
ASN00023718,20130614,PRCP,148,,,a,
ASN00023718,20130615,PRCP,0,,,a,
ASN00023718,20130616,PRCP,0,,,a,
ASN00023718,20130617,PRCP,0,,,a,
ASN00023718,20130621,PRCP,4,,,a,
ASN00023718,20130622,PRCP,0,,,a,
ASN00023718,20130625,PRCP,0,,,a,
ASN00023718,20130626,PRCP,0,,,a,
ASN00023718,20130627,PRCP,0,,,a,
ASN00023718,20130628,PRCP,0,,,a,
ASN00023718,20130629,PRCP,0,,,a,
ASN00023718,20130630,PRCP,0,,,a,
ASN00023718,20130604,DAPR,4,,,a,
ASN00023718,20130620,DAPR,3,,,a,
ASN00023718,20130624,DAPR,2,,,a,
ASN00023718,20130604,DWPR,4,,,a,
ASN00023718,20130620,DWPR,3,,,a,
ASN00023718,20130624,DWPR,2,,,a,
ASN00023718,20130604,MDPR,334,,,a,
ASN00023718,20130620,MDPR,64,,,a,
ASN00023718,20130624,MDPR,130,,,a,
ASN00023718,20130703,PRCP,0,,,a,
ASN00023718,20130704,PRCP,0,,,a,
ASN00023718,20130705,PRCP,88,,,a,
ASN00023718,20130706,PRCP,0,,,a,
ASN00023718,20130709,PRCP,8,,,a,
ASN00023718,20130710,PRCP,0,,,a,
ASN00023718,20130711,PRCP,0,,,a,
ASN00023718,20130712,PRCP,0,,,a,
ASN00023718,20130713,PRCP,0,,,a,
ASN00023718,20130717,PRCP,0,,,a,
ASN00023718,20130718,PRCP,40,,,a,
ASN00023718,20130719,PRCP,65,,,a,
ASN00023718,20130723,PRCP,158,,,a,
ASN00023718,20130724,PRCP,0,,,a,
ASN00023718,20130725,PRCP,0,,,a,
ASN00023718,20130726,PRCP,54,,,a,
ASN00023718,20130727,PRCP,0,,,a,
ASN00023718,20130728,PRCP,0,,,a,
ASN00023718,20130729,PRCP,0,,,a,
ASN00023718,20130730,PRCP,0,,,a,
ASN00023718,20130731,PRCP,0,,,a,
ASN00023718,20130702,DAPR,2,,,a,
ASN00023718,20130708,DAPR,2,,,a,
ASN00023718,20130716,DAPR,3,,,a,
ASN00023718,20130722,DAPR,3,,,a,
ASN00023718,20130702,DWPR,2,,,a,
ASN00023718,20130708,DWPR,2,,,a,
ASN00023718,20130716,DWPR,3,,,a,
ASN00023718,20130722,DWPR,3,,,a,
ASN00023718,20130702,MDPR,6,,,a,
ASN00023718,20130708,MDPR,54,,,a,
ASN00023718,20130716,MDPR,142,,,a,
ASN00023718,20130722,MDPR,370,,,a,
ASN00023718,20130801,PRCP,0,,,a,
ASN00023718,20130802,PRCP,52,,,a,
ASN00023718,20130803,PRCP,0,,,a,
ASN00023718,20130804,PRCP,0,,,a,
ASN00023718,20130805,PRCP,64,,,a,
ASN00023718,20130806,PRCP,23,,,a,
ASN00023718,20130807,PRCP,10,,,a,
ASN00023718,20130808,PRCP,0,,,a,
ASN00023718,20130809,PRCP,0,,,a,
ASN00023718,20130810,PRCP,0,,,a,
ASN00023718,20130811,PRCP,0,,,a,
ASN00023718,20130812,PRCP,0,,,a,
ASN00023718,20130813,PRCP,0,,,a,
ASN00023718,20130814,PRCP,145,,,a,
ASN00023718,20130815,PRCP,0,,,a,
ASN00023718,20130816,PRCP,0,,,a,
ASN00023718,20130817,PRCP,0,,,a,
ASN00023718,20130818,PRCP,0,,,a,
ASN00023718,20130819,PRCP,280,,,a,
ASN00023718,20130820,PRCP,0,,,a,
ASN00023718,20130821,PRCP,0,,,a,
ASN00023718,20130822,PRCP,58,,,a,
ASN00023718,20130823,PRCP,0,,,a,
ASN00023718,20130824,PRCP,0,,,a,
ASN00023718,20130825,PRCP,0,,,a,
ASN00023718,20130826,PRCP,0,,,a,
ASN00023718,20130827,PRCP,6,,,a,
ASN00023718,20130828,PRCP,0,,,a,
ASN00023718,20130829,PRCP,0,,,a,
ASN00023718,20130830,PRCP,52,,,a,
ASN00023718,20130831,PRCP,0,,,a,
ASN00023718,20130901,PRCP,0,,,a,
ASN00023718,20130902,PRCP,0,,,a,
ASN00023718,20130903,PRCP,0,,,a,
ASN00023718,20130904,PRCP,0,,,a,
ASN00023718,20130905,PRCP,0,,,a,
ASN00023718,20130906,PRCP,42,,,a,
ASN00023718,20130907,PRCP,0,,,a,
ASN00023718,20130908,PRCP,0,,,a,
ASN00023718,20130909,PRCP,0,,,a,
ASN00023718,20130910,PRCP,16,,,a,
ASN00023718,20130911,PRCP,0,,,a,
ASN00023718,20130912,PRCP,0,,,a,
ASN00023718,20130913,PRCP,164,,,a,
ASN00023718,20130914,PRCP,0,,,a,
ASN00023718,20130917,PRCP,30,,,a,
ASN00023718,20130918,PRCP,22,,,a,
ASN00023718,20130919,PRCP,14,,,a,
ASN00023718,20130920,PRCP,0,,,a,
ASN00023718,20130921,PRCP,0,,,a,
ASN00023718,20130922,PRCP,0,,,a,
ASN00023718,20130925,PRCP,0,,,a,
ASN00023718,20130926,PRCP,32,,,a,
ASN00023718,20130927,PRCP,0,,,a,
ASN00023718,20130928,PRCP,0,,,a,
ASN00023718,20130916,DAPR,2,,,a,
ASN00023718,20130924,DAPR,2,,,a,
ASN00023718,20130930,DAPR,2,,,a,
ASN00023718,20130916,DWPR,2,,,a,
ASN00023718,20130924,DWPR,2,,,a,
ASN00023718,20130930,DWPR,2,,,a,
ASN00023718,20130916,MDPR,66,,,a,
ASN00023718,20130924,MDPR,52,,,a,
ASN00023718,20130930,MDPR,24,,,a,
ASN00023718,20131001,PRCP,0,,,a,
ASN00023718,20131002,PRCP,30,,,a,
ASN00023718,20131003,PRCP,0,,,a,
ASN00023718,20131004,PRCP,0,,,a,
ASN00023718,20131005,PRCP,0,,,a,
ASN00023718,20131010,PRCP,0,,,a,
ASN00023718,20131011,PRCP,0,,,a,
ASN00023718,20131015,PRCP,0,,,a,
ASN00023718,20131016,PRCP,0,,,a,
ASN00023718,20131017,PRCP,30,,,a,
ASN00023718,20131018,PRCP,0,,,a,
ASN00023718,20131019,PRCP,0,,,a,
ASN00023718,20131020,PRCP,0,,,a,
ASN00023718,20131023,PRCP,38,,,a,
ASN00023718,20131024,PRCP,0,,,a,
ASN00023718,20131025,PRCP,10,,,a,
ASN00023718,20131026,PRCP,0,,,a,
ASN00023718,20131027,PRCP,0,,,a,
ASN00023718,20131028,PRCP,34,,,a,
ASN00023718,20131029,PRCP,10,,,a,
ASN00023718,20131030,PRCP,0,,,a,
ASN00023718,20131031,PRCP,0,,,a,
ASN00023718,20131009,DAPR,4,,,a,
ASN00023718,20131014,DAPR,3,,,a,
ASN00023718,20131022,DAPR,2,,,a,
ASN00023718,20131009,DWPR,4,,,a,
ASN00023718,20131014,DWPR,3,,,a,
ASN00023718,20131022,DWPR,2,,,a,
ASN00023718,20131009,MDPR,32,,,a,
ASN00023718,20131014,MDPR,44,,,a,
ASN00023718,20131022,MDPR,42,,,a,
ASN00023718,20131101,PRCP,0,,,a,
ASN00023718,20131102,PRCP,0,,,a,
ASN00023718,20131103,PRCP,0,,,a,
ASN00023718,20131104,PRCP,0,,,a,
ASN00023718,20131105,PRCP,0,,,a,
ASN00023718,20131106,PRCP,0,,,a,
ASN00023718,20131107,PRCP,0,,,a,
ASN00023718,20131108,PRCP,114,,,a,
ASN00023718,20131109,PRCP,0,,,a,
ASN00023718,20131110,PRCP,0,,,a,
ASN00023718,20131111,PRCP,0,,,a,
ASN00023718,20131114,PRCP,0,,,a,
ASN00023718,20131115,PRCP,0,,,a,
ASN00023718,20131116,PRCP,0,,,a,
ASN00023718,20131117,PRCP,0,,,a,
ASN00023718,20131118,PRCP,0,,,a,
ASN00023718,20131119,PRCP,0,,,a,
ASN00023718,20131120,PRCP,0,,,a,
ASN00023718,20131121,PRCP,20,,,a,
ASN00023718,20131122,PRCP,0,,,a,
ASN00023718,20131123,PRCP,0,,,a,
ASN00023718,20131124,PRCP,0,,,a,
ASN00023718,20131125,PRCP,0,,,a,
ASN00023718,20131126,PRCP,0,,,a,
ASN00023718,20131127,PRCP,0,,,a,
ASN00023718,20131128,PRCP,0,,,a,
ASN00023718,20131129,PRCP,62,,,a,
ASN00023718,20131130,PRCP,0,,,a,
ASN00023718,20131113,DAPR,2,,,a,
ASN00023718,20131113,DWPR,2,,,a,
ASN00023718,20131113,MDPR,134,,,a,
ASN00023718,20131201,PRCP,0,,,a,
ASN00023718,20131202,PRCP,0,,,a,
ASN00023718,20131203,PRCP,22,,,a,
ASN00023718,20131204,PRCP,0,,,a,
ASN00023718,20131205,PRCP,144,,,a,
ASN00023718,20131206,PRCP,18,,,a,
ASN00023718,20131207,PRCP,0,,,a,
ASN00023718,20131208,PRCP,0,,,a,
ASN00023718,20131209,PRCP,10,,,a,
ASN00023718,20131210,PRCP,0,,,a,
ASN00023718,20131211,PRCP,0,,,a,
ASN00023718,20131214,PRCP,0,,,a,
ASN00023718,20131215,PRCP,0,,,a,
ASN00023718,20131216,PRCP,0,,,a,
ASN00023718,20131217,PRCP,0,,,a,
ASN00023718,20131218,PRCP,0,,,a,
ASN00023718,20131219,PRCP,0,,,a,
ASN00023718,20131220,PRCP,0,,,a,
ASN00023718,20131225,PRCP,0,,,a,
ASN00023718,20131226,PRCP,0,,,a,
ASN00023718,20131227,PRCP,0,,,a,
ASN00023718,20131228,PRCP,0,,,a,
ASN00023718,20131229,PRCP,0,,,a,
ASN00023718,20131230,PRCP,0,,,a,
ASN00023718,20131231,PRCP,0,,,a,
ASN00023718,20131213,DAPR,2,,,a,
ASN00023718,20131224,DAPR,4,,,a,
ASN00023718,20131213,DWPR,2,,,a,
ASN00023718,20131224,DWPR,4,,,a,
ASN00023718,20131213,MDPR,10,,,a,
ASN00023718,20131224,MDPR,64,,,a,
ASN00023718,20140103,PRCP,0,,,a,
ASN00023718,20140104,PRCP,0,,,a,
ASN00023718,20140108,PRCP,0,,,a,
ASN00023718,20140109,PRCP,0,,,a,
ASN00023718,20140110,PRCP,0,,,a,
ASN00023718,20140111,PRCP,0,,,a,
ASN00023718,20140112,PRCP,0,,,a,
ASN00023718,20140113,PRCP,0,,,a,
ASN00023718,20140114,PRCP,0,,,a,
ASN00023718,20140115,PRCP,0,,,a,
ASN00023718,20140116,PRCP,0,,,a,
ASN00023718,20140117,PRCP,0,,,a,
ASN00023718,20140123,PRCP,0,,,a,
ASN00023718,20140124,PRCP,0,,,a,
ASN00023718,20140125,PRCP,0,,,a,
ASN00023718,20140126,PRCP,0,,,a,
ASN00023718,20140127,PRCP,0,,,a,
ASN00023718,20140128,PRCP,0,,,a,
ASN00023718,20140129,PRCP,0,,,a,
ASN00023718,20140130,PRCP,0,,,a,
ASN00023718,20140131,PRCP,0,,,a,
ASN00023718,20140102,DAPR,2,,,a,
ASN00023718,20140107,DAPR,3,,,a,
ASN00023718,20140122,DAPR,5,,,a,
ASN00023718,20140102,DWPR,2,,,a,
ASN00023718,20140107,DWPR,3,,,a,
ASN00023718,20140122,DWPR,5,,,a,
ASN00023718,20140102,MDPR,98,,,a,
ASN00023718,20140107,MDPR,112,,,a,
ASN00023718,20140122,MDPR,10,,,a,
ASN00023718,20140201,PRCP,0,,,a,
ASN00023718,20140202,PRCP,0,,,a,
ASN00023718,20140203,PRCP,0,,,a,
ASN00023718,20140204,PRCP,0,,,a,
ASN00023718,20140205,PRCP,0,,,a,
ASN00023718,20140206,PRCP,0,,,a,
ASN00023718,20140207,PRCP,0,,,a,
ASN00023718,20140208,PRCP,0,,,a,
ASN00023718,20140209,PRCP,0,,,a,
ASN00023718,20140210,PRCP,0,,,a,
ASN00023718,20140211,PRCP,0,,,a,
ASN00023718,20140212,PRCP,0,,,a,
ASN00023718,20140213,PRCP,0,,,a,
ASN00023718,20140214,PRCP,122,,,a,
ASN00023718,20140218,PRCP,0,,,a,
ASN00023718,20140221,PRCP,2,,,a,
ASN00023718,20140222,PRCP,0,,,a,
ASN00023718,20140223,PRCP,0,,,a,
ASN00023718,20140224,PRCP,0,,,a,
ASN00023718,20140225,PRCP,0,,,a,
ASN00023718,20140226,PRCP,0,,,a,
ASN00023718,20140227,PRCP,14,,,a,
ASN00023718,20140228,PRCP,0,,,a,
ASN00023718,20140217,DAPR,3,,,a,
ASN00023718,20140220,DAPR,2,,,a,
ASN00023718,20140217,DWPR,3,,,a,
ASN00023718,20140220,DWPR,2,,,a,
ASN00023718,20140217,MDPR,72,,,a,
ASN00023718,20140220,MDPR,100,,,a,
ASN00023718,20140301,PRCP,0,,,a,
ASN00023718,20140302,PRCP,0,,,a,
ASN00023718,20140303,PRCP,0,,,a,
ASN00023718,20140304,PRCP,0,,,a,
ASN00023718,20140305,PRCP,0,,,a,
ASN00023718,20140306,PRCP,0,,,a,
ASN00023718,20140307,PRCP,0,,,a,
ASN00023718,20140308,PRCP,0,,,a,
ASN00023718,20140309,PRCP,0,,,a,
ASN00023718,20140310,PRCP,0,,,a,
ASN00023718,20140311,PRCP,0,,,a,
ASN00023718,20140312,PRCP,0,,,a,
ASN00023718,20140313,PRCP,0,,,a,
ASN00023718,20140314,PRCP,6,,,a,
ASN00023718,20140315,PRCP,0,,,a,
ASN00023718,20140316,PRCP,0,,,a,
ASN00023718,20140317,PRCP,0,,,a,
ASN00023718,20140320,PRCP,0,,,a,
ASN00023718,20140321,PRCP,0,,,a,
ASN00023718,20140322,PRCP,0,,,a,
ASN00023718,20140323,PRCP,0,,,a,
ASN00023718,20140324,PRCP,0,,,a,
ASN00023718,20140325,PRCP,80,,,a,
ASN00023718,20140326,PRCP,8,,,a,
ASN00023718,20140327,PRCP,0,,,a,
ASN00023718,20140328,PRCP,0,,,a,
ASN00023718,20140329,PRCP,0,,,a,
ASN00023718,20140330,PRCP,0,,,a,
ASN00023718,20140331,PRCP,0,,,a,
ASN00023718,20140319,DAPR,2,,,a,
ASN00023718,20140319,DWPR,2,,,a,
ASN00023718,20140319,MDPR,12,,,a,
ASN00023718,20140401,PRCP,0,,,a,
ASN00023718,20140402,PRCP,0,,,a,
ASN00023718,20140403,PRCP,8,,,a,
ASN00023718,20140404,PRCP,0,,,a,
ASN00023718,20140405,PRCP,0,,,a,
ASN00023718,20140406,PRCP,0,,,a,
ASN00023718,20140407,PRCP,0,,,a,
ASN00023718,20140408,PRCP,20,,,a,
ASN00023718,20140409,PRCP,22,,,a,
ASN00023718,20140410,PRCP,12,,,a,
ASN00023718,20140411,PRCP,0,,,a,
ASN00023718,20140412,PRCP,0,,,a,
ASN00023718,20140413,PRCP,0,,,a,
ASN00023718,20140414,PRCP,0,,,a,
ASN00023718,20140415,PRCP,0,,,a,
ASN00023718,20140416,PRCP,0,,,a,
ASN00023718,20140417,PRCP,0,,,a,
ASN00023718,20140418,PRCP,0,,,a,
ASN00023718,20140419,PRCP,0,,,a,
ASN00023718,20140425,PRCP,0,,,a,
ASN00023718,20140429,PRCP,122,,,a,
ASN00023718,20140430,PRCP,12,,,a,
ASN00023718,20140424,DAPR,5,,,a,
ASN00023718,20140428,DAPR,3,,,a,
ASN00023718,20140424,DWPR,5,,,a,
ASN00023718,20140428,DWPR,3,,,a,
ASN00023718,20140424,MDPR,22,,,a,
ASN00023718,20140428,MDPR,6,,,a,
ASN00023718,20140501,PRCP,0,,,a,
ASN00023718,20140502,PRCP,98,,,a,
ASN00023718,20140503,PRCP,0,,,a,
ASN00023718,20140504,PRCP,0,,,a,
ASN00023718,20140505,PRCP,0,,,a,
ASN00023718,20140506,PRCP,182,,,a,
ASN00023718,20140507,PRCP,0,,,a,
ASN00023718,20140508,PRCP,0,,,a,
ASN00023718,20140509,PRCP,0,,,a,
ASN00023718,20140510,PRCP,0,,,a,
ASN00023718,20140511,PRCP,0,,,a,
ASN00023718,20140514,PRCP,0,,,a,
ASN00023718,20140515,PRCP,0,,,a,
ASN00023718,20140516,PRCP,0,,,a,
ASN00023718,20140517,PRCP,0,,,a,
ASN00023718,20140518,PRCP,0,,,a,
ASN00023718,20140519,PRCP,0,,,a,
ASN00023718,20140520,PRCP,0,,,a,
ASN00023718,20140521,PRCP,0,,,a,
ASN00023718,20140522,PRCP,0,,,a,
ASN00023718,20140523,PRCP,10,,,a,
ASN00023718,20140527,PRCP,0,,,a,
ASN00023718,20140528,PRCP,116,,,a,
ASN00023718,20140529,PRCP,0,,,a,
ASN00023718,20140530,PRCP,0,,,a,
ASN00023718,20140531,PRCP,0,,,a,
ASN00023718,20140513,DAPR,2,,,a,
ASN00023718,20140526,DAPR,3,,,a,
ASN00023718,20140513,DWPR,2,,,a,
ASN00023718,20140526,DWPR,3,,,a,
ASN00023718,20140513,MDPR,34,,,a,
ASN00023718,20140526,MDPR,4,,,a,
ASN00023718,20140601,PRCP,0,,,a,
ASN00023718,20140602,PRCP,0,,,a,
ASN00023718,20140603,PRCP,232,,,a,
ASN00023718,20140604,PRCP,0,,,a,
ASN00023718,20140605,PRCP,18,,,a,
ASN00023718,20140606,PRCP,0,,,a,
ASN00023718,20140607,PRCP,0,,,a,
ASN00023718,20140608,PRCP,0,,,a,
ASN00023718,20140609,PRCP,0,,,a,
ASN00023718,20140610,PRCP,0,,,a,
ASN00023718,20140611,PRCP,10,,,a,
ASN00023718,20140612,PRCP,0,,,a,
ASN00023718,20140613,PRCP,0,,,a,
ASN00023718,20140614,PRCP,0,,,a,
ASN00023718,20140615,PRCP,0,,,a,
ASN00023718,20140616,PRCP,0,,,a,
ASN00023718,20140617,PRCP,124,,,a,
ASN00023718,20140618,PRCP,0,,,a,
ASN00023718,20140619,PRCP,0,,,a,
ASN00023718,20140620,PRCP,6,,,a,
ASN00023718,20140624,PRCP,40,,,a,
ASN00023718,20140625,PRCP,4,,,a,
ASN00023718,20140626,PRCP,0,,,a,
ASN00023718,20140627,PRCP,0,,,a,
ASN00023718,20140628,PRCP,0,,,a,
ASN00023718,20140623,DAPR,3,,,a,
ASN00023718,20140623,DWPR,3,,,a,
ASN00023718,20140623,MDPR,176,,,a,
ASN00023718,20140702,PRCP,0,,,a,
ASN00023718,20140703,PRCP,0,,,a,
ASN00023718,20140704,PRCP,24,,,a,
ASN00023718,20140708,PRCP,0,,,a,
ASN00023718,20140709,PRCP,0,,,a,
ASN00023718,20140710,PRCP,260,,,a,
ASN00023718,20140711,PRCP,0,,,a,
ASN00023718,20140712,PRCP,0,,,a,
ASN00023718,20140716,PRCP,8,,,a,
ASN00023718,20140717,PRCP,54,,,a,
ASN00023718,20140718,PRCP,114,,,a,
ASN00023718,20140719,PRCP,0,,,a,
ASN00023718,20140720,PRCP,0,,,a,
ASN00023718,20140721,PRCP,0,,,a,
ASN00023718,20140726,PRCP,0,,,a,
ASN00023718,20140727,PRCP,0,,,a,
ASN00023718,20140728,PRCP,0,,,a,
ASN00023718,20140729,PRCP,0,,,a,
ASN00023718,20140730,PRCP,8,,,a,
ASN00023718,20140731,PRCP,0,,,a,
ASN00023718,20140701,DAPR,3,,,a,
ASN00023718,20140707,DAPR,3,,,a,
ASN00023718,20140715,DAPR,3,,,a,
ASN00023718,20140725,DAPR,4,,,a,
ASN00023718,20140701,DWPR,3,,,a,
ASN00023718,20140707,DWPR,3,,,a,
ASN00023718,20140715,DWPR,3,,,a,
ASN00023718,20140725,DWPR,4,,,a,
ASN00023718,20140701,MDPR,250,,,a,
ASN00023718,20140707,MDPR,20,,,a,
ASN00023718,20140715,MDPR,64,,,a,
ASN00023718,20140725,MDPR,142,,,a,
ASN00023718,20140813,PRCP,0,,,a,
ASN00023718,20140814,PRCP,0,,,a,
ASN00023718,20140815,PRCP,0,,,a,
ASN00023718,20140819,PRCP,0,,,a,
ASN00023718,20140820,PRCP,0,,,a,
ASN00023718,20140821,PRCP,0,,,a,
ASN00023718,20140822,PRCP,4,,,a,
ASN00023718,20140823,PRCP,0,,,a,
ASN00023718,20140824,PRCP,0,,,a,
ASN00023718,20140829,PRCP,0,,,a,
ASN00023718,20140812,DAPR,12,,,a,
ASN00023718,20140818,DAPR,3,,,a,
ASN00023718,20140828,DAPR,4,,,a,
ASN00023718,20140812,DWPR,12,,,a,
ASN00023718,20140818,DWPR,3,,,a,
ASN00023718,20140828,DWPR,4,,,a,
ASN00023718,20140812,MDPR,232,,,a,
ASN00023718,20140818,MDPR,38,,,a,
ASN00023718,20140828,MDPR,20,,,a,
ASN00023718,20140902,PRCP,50,,,a,
ASN00023718,20140903,PRCP,0,,,a,
ASN00023718,20140904,PRCP,0,,,a,
ASN00023718,20140905,PRCP,0,,,a,
ASN00023718,20140906,PRCP,0,,,a,
ASN00023718,20140910,PRCP,4,,,a,
ASN00023718,20140911,PRCP,0,,,a,
ASN00023718,20140912,PRCP,0,,,a,
ASN00023718,20140913,PRCP,0,,,a,
ASN00023718,20140914,PRCP,0,,,a,
ASN00023718,20140915,PRCP,0,,,a,
ASN00023718,20140916,PRCP,44,,,a,
ASN00023718,20140920,PRCP,0,,,a,
ASN00023718,20140921,PRCP,0,,,a,
ASN00023718,20140922,PRCP,0,,,a,
ASN00023718,20140923,PRCP,0,,,a,
ASN00023718,20140924,PRCP,22,,,a,
ASN00023718,20140925,PRCP,8,,,a,
ASN00023718,20140926,PRCP,0,,,a,
ASN00023718,20140927,PRCP,0,,,a,
ASN00023718,20140928,PRCP,0,,,a,
ASN00023718,20140929,PRCP,0,,,a,
ASN00023718,20140930,PRCP,0,,,a,
ASN00023718,20140901,DAPR,3,,,a,
ASN00023718,20140909,DAPR,3,,,a,
ASN00023718,20140919,DAPR,3,,,a,
ASN00023718,20140901,DWPR,3,,,a,
ASN00023718,20140909,DWPR,3,,,a,
ASN00023718,20140919,DWPR,3,,,a,
ASN00023718,20140901,MDPR,56,,,a,
ASN00023718,20140909,MDPR,114,,,a,
ASN00023718,20140919,MDPR,60,,,a,
ASN00023718,20141004,PRCP,0,,,a,
ASN00023718,20141005,PRCP,0,,,a,
ASN00023718,20141006,PRCP,0,,,a,
ASN00023718,20141007,PRCP,0,,,a,
ASN00023718,20141010,PRCP,0,,,a,
ASN00023718,20141011,PRCP,0,,,a,
ASN00023718,20141012,PRCP,0,,,a,
ASN00023718,20141016,PRCP,0,,,a,
ASN00023718,20141017,PRCP,0,,,a,
ASN00023718,20141018,PRCP,0,,,a,
ASN00023718,20141019,PRCP,0,,,a,
ASN00023718,20141020,PRCP,0,,,a,
ASN00023718,20141021,PRCP,0,,,a,
ASN00023718,20141022,PRCP,0,,,a,
ASN00023718,20141023,PRCP,0,,,a,
ASN00023718,20141024,PRCP,0,,,a,
ASN00023718,20141028,PRCP,0,,,a,
ASN00023718,20141029,PRCP,0,,,a,
ASN00023718,20141030,PRCP,0,,,a,
ASN00023718,20141031,PRCP,0,,,a,
ASN00023718,20141003,DAPR,3,,,a,
ASN00023718,20141009,DAPR,2,,,a,
ASN00023718,20141015,DAPR,3,,,a,
ASN00023718,20141027,DAPR,3,,,a,
ASN00023718,20141003,DWPR,3,,,a,
ASN00023718,20141009,DWPR,2,,,a,
ASN00023718,20141015,DWPR,3,,,a,
ASN00023718,20141027,DWPR,3,,,a,
ASN00023718,20141003,MDPR,22,,,a,
ASN00023718,20141009,MDPR,12,,,a,
ASN00023718,20141015,MDPR,14,,,a,
ASN00023718,20141027,MDPR,18,,,a,
ASN00023718,20141101,PRCP,0,,,a,
ASN00023718,20141102,PRCP,0,,,a,
ASN00023718,20141105,PRCP,0,,,a,
ASN00023718,20141106,PRCP,0,,,a,
ASN00023718,20141107,PRCP,0,,,a,
ASN00023718,20141108,PRCP,0,,,a,
ASN00023718,20141109,PRCP,0,,,a,
ASN00023718,20141110,PRCP,0,,,a,
ASN00023718,20141113,PRCP,0,,,a,
ASN00023718,20141114,PRCP,0,,,a,
ASN00023718,20141115,PRCP,0,,,a,
ASN00023718,20141116,PRCP,0,,,a,
ASN00023718,20141117,PRCP,0,,,a,
ASN00023718,20141118,PRCP,42,,,a,
ASN00023718,20141119,PRCP,0,,,a,
ASN00023718,20141120,PRCP,0,,,a,
ASN00023718,20141121,PRCP,6,,,a,
ASN00023718,20141125,PRCP,0,,,a,
ASN00023718,20141126,PRCP,0,,,a,
ASN00023718,20141127,PRCP,0,,,a,
ASN00023718,20141128,PRCP,0,,,a,
ASN00023718,20141129,PRCP,0,,,a,
ASN00023718,20141130,PRCP,0,,,a,
ASN00023718,20141104,DAPR,2,,,a,
ASN00023718,20141112,DAPR,2,,,a,
ASN00023718,20141124,DAPR,3,,,a,
ASN00023718,20141104,DWPR,2,,,a,
ASN00023718,20141112,DWPR,2,,,a,
ASN00023718,20141124,DWPR,3,,,a,
ASN00023718,20141104,MDPR,12,,,a,
ASN00023718,20141112,MDPR,4,,,a,
ASN00023718,20141124,MDPR,80,,,a,
ASN00023718,20141201,PRCP,0,,,a,
ASN00023718,20141202,PRCP,0,,,a,
ASN00023718,20141205,PRCP,0,,,a,
ASN00023718,20141206,PRCP,0,,,a,
ASN00023718,20141207,PRCP,0,,,a,
ASN00023718,20141208,PRCP,0,,,a,
ASN00023718,20141209,PRCP,12,,,a,
ASN00023718,20141210,PRCP,0,,,a,
ASN00023718,20141211,PRCP,84,,,a,
ASN00023718,20141212,PRCP,0,,,a,
ASN00023718,20141213,PRCP,0,,,a,
ASN00023718,20141214,PRCP,0,,,a,
ASN00023718,20141215,PRCP,0,,,a,
ASN00023718,20141216,PRCP,0,,,a,
ASN00023718,20141217,PRCP,16,,,a,
ASN00023718,20141218,PRCP,0,,,a,
ASN00023718,20141219,PRCP,0,,,a,
ASN00023718,20141220,PRCP,0,,,a,
ASN00023718,20141221,PRCP,0,,,a,
ASN00023718,20141222,PRCP,0,,,a,
ASN00023718,20141223,PRCP,0,,,a,
ASN00023718,20141224,PRCP,30,,,a,
ASN00023718,20141225,PRCP,0,,,a,
ASN00023718,20141226,PRCP,0,,,a,
ASN00023718,20141227,PRCP,0,,,a,
ASN00023718,20141228,PRCP,0,,,a,
ASN00023718,20141229,PRCP,0,,,a,
ASN00023718,20141230,PRCP,0,,,a,
ASN00023718,20141231,PRCP,0,,,a,
ASN00023718,20141204,DAPR,2,,,a,
ASN00023718,20141204,DWPR,2,,,a,
ASN00023718,20141204,MDPR,40,,,a,
ASN00023718,20150101,PRCP,0,,,a,
ASN00023718,20150102,PRCP,0,,,a,
ASN00023718,20150107,PRCP,0,,,a,
ASN00023718,20150108,PRCP,0,,,a,
ASN00023718,20150109,PRCP,42,,,a,
ASN00023718,20150110,PRCP,0,,,a,
ASN00023718,20150114,PRCP,0,,,a,
ASN00023718,20150115,PRCP,0,,,a,
ASN00023718,20150116,PRCP,0,,,a,
ASN00023718,20150117,PRCP,0,,,a,
ASN00023718,20150118,PRCP,0,,,a,
ASN00023718,20150119,PRCP,0,,,a,
ASN00023718,20150120,PRCP,0,,,a,
ASN00023718,20150121,PRCP,0,,,a,
ASN00023718,20150124,PRCP,0,,,a,
ASN00023718,20150125,PRCP,0,,,a,
ASN00023718,20150126,PRCP,0,,,a,
ASN00023718,20150127,PRCP,0,,,a,
ASN00023718,20150128,PRCP,0,,,a,
ASN00023718,20150129,PRCP,0,,,a,
ASN00023718,20150130,PRCP,0,,,a,
ASN00023718,20150131,PRCP,0,,,a,
ASN00023718,20150106,DAPR,4,,,a,
ASN00023718,20150113,DAPR,3,,,a,
ASN00023718,20150123,DAPR,2,,,a,
ASN00023718,20150106,DWPR,4,,,a,
ASN00023718,20150113,DWPR,3,,,a,
ASN00023718,20150123,DWPR,2,,,a,
ASN00023718,20150106,MDPR,46,,,a,
ASN00023718,20150113,MDPR,344,,,a,
ASN00023718,20150123,MDPR,26,,,a,
ASN00023718,20150201,PRCP,0,,,a,
ASN00023718,20150202,PRCP,0,,,a,
ASN00023718,20150203,PRCP,0,,,a,
ASN00023718,20150204,PRCP,0,,,a,
ASN00023718,20150205,PRCP,0,,,a,
ASN00023718,20150206,PRCP,0,,,a,
ASN00023718,20150207,PRCP,0,,,a,
ASN00023718,20150208,PRCP,0,,,a,
ASN00023718,20150214,PRCP,0,,,a,
ASN00023718,20150215,PRCP,0,,,a,
ASN00023718,20150216,PRCP,0,,,a,
ASN00023718,20150217,PRCP,0,,,a,
ASN00023718,20150218,PRCP,0,,,a,
ASN00023718,20150219,PRCP,0,,,a,
ASN00023718,20150220,PRCP,0,,,a,
ASN00023718,20150221,PRCP,0,,,a,
ASN00023718,20150222,PRCP,0,,,a,
ASN00023718,20150223,PRCP,0,,,a,
ASN00023718,20150224,PRCP,0,,,a,
ASN00023718,20150225,PRCP,0,,,a,
ASN00023718,20150226,PRCP,0,,,a,
ASN00023718,20150227,PRCP,0,,,a,
ASN00023718,20150228,PRCP,0,,,a,
ASN00023718,20150213,DAPR,5,,,a,
ASN00023718,20150213,DWPR,5,,,a,
ASN00023718,20150213,MDPR,14,,,a,
ASN00023718,20150301,PRCP,0,,,a,
ASN00023718,20150302,PRCP,0,,,a,
ASN00023718,20150303,PRCP,0,,,a,
ASN00023718,20150304,PRCP,0,,,a,
ASN00023718,20150305,PRCP,8,,,a,
ASN00023718,20150306,PRCP,0,,,a,
ASN00023718,20150307,PRCP,0,,,a,
ASN00023718,20150308,PRCP,0,,,a,
ASN00023718,20150309,PRCP,0,,,a,
ASN00023718,20150310,PRCP,0,,,a,
ASN00023718,20150311,PRCP,0,,,a,
ASN00023718,20150312,PRCP,0,,,a,
ASN00023718,20150313,PRCP,0,,,a,
ASN00023718,20150314,PRCP,0,,,a,
ASN00023718,20150315,PRCP,0,,,a,
ASN00023718,20150316,PRCP,0,,,a,
ASN00023718,20150317,PRCP,0,,,a,
ASN00023718,20150318,PRCP,0,,,a,
ASN00023718,20150319,PRCP,0,,,a,
ASN00023718,20150320,PRCP,0,,,a,
ASN00023718,20150321,PRCP,0,,,a,
ASN00023718,20150322,PRCP,0,,,a,
ASN00023718,20150323,PRCP,0,,,a,
ASN00023718,20150324,PRCP,0,,,a,
ASN00023718,20150325,PRCP,124,,,a,
ASN00023718,20150326,PRCP,56,,,a,
ASN00023718,20150327,PRCP,0,,,a,
ASN00023718,20150328,PRCP,0,,,a,
ASN00023718,20150329,PRCP,0,,,a,
ASN00023718,20150330,PRCP,0,,,a,
ASN00023718,20150331,PRCP,0,,,a,
ASN00023718,20150401,PRCP,0,,,a,
ASN00023718,20150402,PRCP,28,,,a,
ASN00023718,20150403,PRCP,0,,,a,
ASN00023718,20150404,PRCP,0,,,a,
ASN00023718,20150405,PRCP,0,,,a,
ASN00023718,20150406,PRCP,0,,,a,
ASN00023718,20150407,PRCP,302,,,a,
ASN00023718,20150408,PRCP,0,,,a,
ASN00023718,20150409,PRCP,0,,,a,
ASN00023718,20150410,PRCP,4,,,a,
ASN00023718,20150411,PRCP,0,,,a,
ASN00023718,20150412,PRCP,0,,,a,
ASN00023718,20150413,PRCP,0,,,a,
ASN00023718,20150414,PRCP,0,,,a,
ASN00023718,20150415,PRCP,0,,,a,
ASN00023718,20150416,PRCP,6,,,a,
ASN00023718,20150417,PRCP,126,,,a,
ASN00023718,20150418,PRCP,0,,,a,
ASN00023718,20150419,PRCP,0,,,a,
ASN00023718,20150420,PRCP,0,,,a,
ASN00023718,20150421,PRCP,0,,,a,
ASN00023718,20150422,PRCP,114,,,a,
ASN00023718,20150423,PRCP,0,,,a,
ASN00023718,20150424,PRCP,0,,,a,
ASN00023718,20150428,PRCP,34,,,a,
ASN00023718,20150429,PRCP,0,,,a,
ASN00023718,20150430,PRCP,0,,,a,
ASN00023718,20150427,DAPR,3,,,a,
ASN00023718,20150427,DWPR,3,,,a,
ASN00023718,20150427,MDPR,246,,,a,
ASN00023718,20150501,PRCP,0,,,a,
ASN00023718,20150502,PRCP,0,,,a,
ASN00023718,20150503,PRCP,0,,,a,
ASN00023718,20150504,PRCP,0,,,a,
ASN00023718,20150505,PRCP,94,,,a,
ASN00023718,20150506,PRCP,0,,,a,
ASN00023718,20150507,PRCP,0,,,a,
ASN00023718,20150508,PRCP,0,,,a,
ASN00023718,20150509,PRCP,0,,,a,
ASN00023718,20150510,PRCP,0,,,a,
ASN00023718,20150513,PRCP,92,,,a,
ASN00023718,20150514,PRCP,0,,,a,
ASN00023718,20150515,PRCP,0,,,a,
ASN00023718,20150516,PRCP,0,,,a,
ASN00023718,20150517,PRCP,0,,,a,
ASN00023718,20150518,PRCP,0,,,a,
ASN00023718,20150519,PRCP,290,,,a,
ASN00023718,20150520,PRCP,0,,,a,
ASN00023718,20150521,PRCP,0,,,a,
ASN00023718,20150522,PRCP,174,,,a,
ASN00023718,20150526,PRCP,0,,,a,
ASN00023718,20150527,PRCP,0,,,a,
ASN00023718,20150528,PRCP,0,,,a,
ASN00023718,20150529,PRCP,24,,,a,
ASN00023718,20150530,PRCP,0,,,a,
ASN00023718,20150531,PRCP,0,,,a,
ASN00023718,20150512,DAPR,2,,,a,
ASN00023718,20150525,DAPR,3,,,a,
ASN00023718,20150512,DWPR,2,,,a,
ASN00023718,20150525,DWPR,3,,,a,
ASN00023718,20150512,MDPR,74,,,a,
ASN00023718,20150525,MDPR,2,,,a,
ASN00023718,20150601,PRCP,0,,,a,
ASN00023718,20150602,PRCP,0,,,a,
ASN00023718,20150605,PRCP,0,,,a,
ASN00023718,20150606,PRCP,0,,,a,
ASN00023718,20150607,PRCP,0,,,a,
ASN00023718,20150612,PRCP,0,,,a,
ASN00023718,20150613,PRCP,0,,,a,
ASN00023718,20150614,PRCP,0,,,a,
ASN00023718,20150615,PRCP,0,,,a,
ASN00023718,20150616,PRCP,0,,,a,
ASN00023718,20150617,PRCP,34,,,a,
ASN00023718,20150623,PRCP,0,,,a,
ASN00023718,20150624,PRCP,0,,,a,
ASN00023718,20150627,PRCP,0,,,a,
ASN00023718,20150628,PRCP,0,,,a,
ASN00023718,20150629,PRCP,0,,,a,
ASN00023718,20150630,PRCP,0,,,a,
ASN00023718,20150604,DAPR,2,,,a,
ASN00023718,20150611,DAPR,4,,,a,
ASN00023718,20150619,DAPR,2,,,a,
ASN00023718,20150622,DAPR,3,,,a,
ASN00023718,20150626,DAPR,2,,,a,
ASN00023718,20150604,DWPR,2,,,a,
ASN00023718,20150611,DWPR,4,,,a,
ASN00023718,20150619,DWPR,2,,,a,
ASN00023718,20150622,DWPR,3,,,a,
ASN00023718,20150626,DWPR,2,,,a,
ASN00023718,20150604,MDPR,68,,,a,
ASN00023718,20150611,MDPR,58,,,a,
ASN00023718,20150619,MDPR,42,,,a,
ASN00023718,20150622,MDPR,10,,,a,
ASN00023718,20150626,MDPR,54,,,a,
ASN00023718,20150701,PRCP,0,,,a,
ASN00023718,20150702,PRCP,0,,,a,
ASN00023718,20150703,PRCP,10,,,a,
ASN00023718,20150707,PRCP,0,,,a,
ASN00023718,20150708,PRCP,0,,,a,
ASN00023718,20150709,PRCP,0,,,a,
ASN00023718,20150710,PRCP,4,,,a,
ASN00023718,20150711,PRCP,0,,,a,
ASN00023718,20150712,PRCP,0,,,a,
ASN00023718,20150713,PRCP,0,,,a,
ASN00023718,20150714,PRCP,310,,,a,
ASN00023718,20150715,PRCP,150,,,a,
ASN00023718,20150716,PRCP,52,,,a,
ASN00023718,20150717,PRCP,0,,,a,
ASN00023718,20150718,PRCP,0,,,a,
ASN00023718,20150722,PRCP,0,,,a,
ASN00023718,20150723,PRCP,12,,,a,
ASN00023718,20150724,PRCP,0,,,a,
ASN00023718,20150725,PRCP,0,,,a,
ASN00023718,20150726,PRCP,0,,,a,
ASN00023718,20150727,PRCP,0,,,a,
ASN00023718,20150728,PRCP,0,,,a,
ASN00023718,20150729,PRCP,0,,,a,
ASN00023718,20150730,PRCP,0,,,a,
ASN00023718,20150731,PRCP,0,,,a,
ASN00023718,20150706,DAPR,3,,,a,
ASN00023718,20150721,DAPR,3,,,a,
ASN00023718,20150706,DWPR,3,,,a,
ASN00023718,20150721,DWPR,3,,,a,
ASN00023718,20150706,MDPR,72,,,a,
ASN00023718,20150721,MDPR,42,,,a,
ASN00023718,20150804,PRCP,42,,,a,
ASN00023718,20150805,PRCP,0,,,a,
ASN00023718,20150806,PRCP,40,,,a,
ASN00023718,20150807,PRCP,0,,,a,
ASN00023718,20150808,PRCP,0,,,a,
ASN00023718,20150809,PRCP,0,,,a,
ASN00023718,20150810,PRCP,0,,,a,
ASN00023718,20150813,PRCP,50,,,a,
ASN00023718,20150814,PRCP,18,,,a,
ASN00023718,20150815,PRCP,0,,,a,
ASN00023718,20150816,PRCP,0,,,a,
ASN00023718,20150819,PRCP,0,,,a,
ASN00023718,20150820,PRCP,0,,,a,
ASN00023718,20150821,PRCP,0,,,a,
ASN00023718,20150822,PRCP,0,,,a,
ASN00023718,20150823,PRCP,0,,,a,
ASN00023718,20150828,PRCP,0,,,a,
ASN00023718,20150803,DAPR,3,,,a,
ASN00023718,20150812,DAPR,2,,,a,
ASN00023718,20150818,DAPR,2,,,a,
ASN00023718,20150827,DAPR,4,,,a,
ASN00023718,20150831,DAPR,3,,,a,
ASN00023718,20150803,DWPR,3,,,a,
ASN00023718,20150812,DWPR,2,,,a,
ASN00023718,20150818,DWPR,2,,,a,
ASN00023718,20150827,DWPR,4,,,a,
ASN00023718,20150831,DWPR,3,,,a,
ASN00023718,20150803,MDPR,210,,,a,
ASN00023718,20150812,MDPR,120,,,a,
ASN00023718,20150818,MDPR,82,,,a,
ASN00023718,20150827,MDPR,48,,,a,
ASN00023718,20150831,MDPR,10,,,a,
ASN00023718,20150901,PRCP,0,,,a,
ASN00023718,20150904,PRCP,0,,,a,
ASN00023718,20150905,PRCP,0,,,a,
ASN00023718,20150906,PRCP,0,,,a,
ASN00023718,20150907,PRCP,0,,,a,
ASN00023718,20150908,PRCP,60,,,a,
ASN00023718,20150909,PRCP,0,,,a,
ASN00023718,20150910,PRCP,0,,,a,
ASN00023718,20150911,PRCP,0,,,a,
ASN00023718,20150912,PRCP,0,,,a,
ASN00023718,20150913,PRCP,0,,,a,
ASN00023718,20150914,PRCP,0,,,a,
ASN00023718,20150918,PRCP,0,,,a,
ASN00023718,20150919,PRCP,0,,,a,
ASN00023718,20150920,PRCP,0,,,a,
ASN00023718,20150921,PRCP,0,,,a,
ASN00023718,20150922,PRCP,0,,,a,
ASN00023718,20150923,PRCP,0,,,a,
ASN00023718,20150924,PRCP,0,,,a,
ASN00023718,20150925,PRCP,0,,,a,
ASN00023718,20150926,PRCP,0,,,a,
ASN00023718,20150927,PRCP,0,,,a,
ASN00023718,20150928,PRCP,0,,,a,
ASN00023718,20150929,PRCP,0,,,a,
ASN00023718,20150930,PRCP,0,,,a,
ASN00023718,20150903,DAPR,2,,,a,
ASN00023718,20150917,DAPR,3,,,a,
ASN00023718,20150903,DWPR,2,,,a,
ASN00023718,20150917,DWPR,3,,,a,
ASN00023718,20150903,MDPR,90,,,a,
ASN00023718,20150917,MDPR,34,,,a,
ASN00023718,20151001,PRCP,0,,,a,
ASN00023718,20151002,PRCP,0,,,a,
ASN00023718,20151008,PRCP,0,,,a,
ASN00023718,20151009,PRCP,0,,,a,
ASN00023718,20151010,PRCP,0,,,a,
ASN00023718,20151011,PRCP,0,,,a,
ASN00023718,20151012,PRCP,0,,,a,
ASN00023718,20151013,PRCP,0,,,a,
ASN00023718,20151014,PRCP,0,,,a,
ASN00023718,20151015,PRCP,0,,,a,
ASN00023718,20151016,PRCP,0,,,a,
ASN00023718,20151017,PRCP,0,,,a,
ASN00023718,20151018,PRCP,0,,,a,
ASN00023718,20151019,PRCP,0,,,a,
ASN00023718,20151020,PRCP,6,,,a,
ASN00023718,20151021,PRCP,0,,,a,
ASN00023718,20151022,PRCP,26,,,a,
ASN00023718,20151007,DAPR,5,,,a,
ASN00023718,20151007,DWPR,5,,,a,
ASN00023718,20151007,MDPR,16,,,a,
ASN00023718,20151101,PRCP,0,,,a,
ASN00023718,20151102,PRCP,0,,,a,
ASN00023718,20151103,PRCP,0,,,a,
ASN00023718,20151104,PRCP,60,,,a,
ASN00023718,20151105,PRCP,12,,,a,
ASN00023718,20151106,PRCP,16,,,a,
ASN00023718,20151107,PRCP,0,,,a,
ASN00023718,20151108,PRCP,0,,,a,
ASN00023718,20151109,PRCP,0,,,a,
ASN00023718,20151110,PRCP,0,,,a,
ASN00023718,20151111,PRCP,0,,,a,
ASN00023718,20151112,PRCP,0,,,a,
ASN00023718,20151113,PRCP,0,,,a,
ASN00023718,20151114,PRCP,0,,,a,
ASN00023718,20151115,PRCP,0,,,a,
ASN00023718,20151116,PRCP,0,,,a,
ASN00023718,20151117,PRCP,0,,,a,
ASN00023718,20151118,PRCP,0,,,a,
ASN00023718,20151119,PRCP,0,,,a,
ASN00023718,20151120,PRCP,0,,,a,
ASN00023718,20151121,PRCP,0,,,a,
ASN00023718,20151122,PRCP,0,,,a,
ASN00023718,20151123,PRCP,0,,,a,
ASN00023718,20151124,PRCP,0,,,a,
ASN00023718,20151125,PRCP,0,,,a,
ASN00023718,20151126,PRCP,0,,,a,
ASN00023718,20151127,PRCP,0,,,a,
ASN00023718,20151128,PRCP,0,,,a,
ASN00023718,20151129,PRCP,0,,,a,
ASN00023718,20151130,PRCP,0,,,a,
ASN00023718,20151201,PRCP,0,,,a,
ASN00023718,20151204,PRCP,0,,,a,
ASN00023718,20151205,PRCP,0,,,a,
ASN00023718,20151206,PRCP,0,,,a,
ASN00023718,20151207,PRCP,0,,,a,
ASN00023718,20151208,PRCP,16,,,a,
ASN00023718,20151209,PRCP,0,,,a,
ASN00023718,20151210,PRCP,0,,,a,
ASN00023718,20151211,PRCP,0,,,a,
ASN00023718,20151212,PRCP,0,,,a,
ASN00023718,20151213,PRCP,0,,,a,
ASN00023718,20151214,PRCP,0,,,a,
ASN00023718,20151215,PRCP,0,,,a,
ASN00023718,20151216,PRCP,0,,,a,
ASN00023718,20151217,PRCP,0,,,a,
ASN00023718,20151218,PRCP,0,,,a,
ASN00023718,20151222,PRCP,0,,,a,
ASN00023718,20151223,PRCP,0,,,a,
ASN00023718,20151224,PRCP,0,,,a,
ASN00023718,20151225,PRCP,0,,,a,
ASN00023718,20151226,PRCP,0,,,a,
ASN00023718,20151227,PRCP,0,,,a,
ASN00023718,20151228,PRCP,0,,,a,
ASN00023718,20151229,PRCP,0,,,a,
ASN00023718,20151230,PRCP,0,,,a,
ASN00023718,20151231,PRCP,0,,,a,
ASN00023718,20151203,DAPR,2,,,a,
ASN00023718,20151221,DAPR,3,,,a,
ASN00023718,20151203,DWPR,2,,,a,
ASN00023718,20151221,DWPR,3,,,a,
ASN00023718,20151203,MDPR,20,,,a,
ASN00023718,20151221,MDPR,12,,,a,
ASN00023718,20160101,PRCP,0,,,a,
ASN00023718,20160102,PRCP,0,,,a,
ASN00023718,20160103,PRCP,0,,,a,
ASN00023718,20160104,PRCP,0,,,a,
ASN00023718,20160105,PRCP,0,,,a,
ASN00023718,20160106,PRCP,0,,,a,
ASN00023718,20160107,PRCP,0,,,a,
ASN00023718,20160108,PRCP,0,,,a,
ASN00023718,20160109,PRCP,0,,,a,
ASN00023718,20160110,PRCP,0,,,a,
ASN00023718,20160114,PRCP,0,,,a,
ASN00023718,20160115,PRCP,0,,,a,
ASN00023718,20160116,PRCP,0,,,a,
ASN00023718,20160117,PRCP,0,,,a,
ASN00023718,20160118,PRCP,0,,,a,
ASN00023718,20160119,PRCP,0,,,a,
ASN00023718,20160120,PRCP,0,,,a,
ASN00023718,20160121,PRCP,0,,,a,
ASN00023718,20160122,PRCP,104,,,a,
ASN00023718,20160123,PRCP,0,,,a,
ASN00023718,20160124,PRCP,0,,,a,
ASN00023718,20160125,PRCP,0,,,a,
ASN00023718,20160126,PRCP,0,,,a,
ASN00023718,20160127,PRCP,0,,,a,
ASN00023718,20160130,PRCP,0,,,a,
ASN00023718,20160131,PRCP,0,,,a,
ASN00023718,20160113,DAPR,3,,,a,
ASN00023718,20160129,DAPR,2,,,a,
ASN00023718,20160113,DWPR,3,,,a,
ASN00023718,20160129,DWPR,2,,,a,
ASN00023718,20160113,MDPR,22,,,a,
ASN00023718,20160129,MDPR,64,,,a,
ASN00023718,20160201,PRCP,0,,,a,
ASN00023718,20160202,PRCP,0,,,a,
ASN00023718,20160203,PRCP,594,,,a,
ASN00023718,20160204,PRCP,0,,,a,
ASN00023718,20160205,PRCP,0,,,a,
ASN00023718,20160206,PRCP,0,,,a,
ASN00023718,20160207,PRCP,0,,,a,
ASN00023718,20160208,PRCP,0,,,a,
ASN00023718,20160209,PRCP,0,,,a,
ASN00023718,20160210,PRCP,0,,,a,
ASN00023718,20160211,PRCP,0,,,a,
ASN00023718,20160212,PRCP,0,,,a,
ASN00023718,20160213,PRCP,0,,,a,
ASN00023718,20160214,PRCP,0,,,a,
ASN00023718,20160215,PRCP,0,,,a,
ASN00023718,20160216,PRCP,26,,,a,
ASN00023718,20160217,PRCP,0,,,a,
ASN00023718,20160218,PRCP,0,,,a,
ASN00023718,20160219,PRCP,0,,,a,
ASN00023718,20160220,PRCP,0,,,a,
ASN00023718,20160221,PRCP,0,,,a,
ASN00023718,20160222,PRCP,0,,,a,
ASN00023718,20160223,PRCP,0,,,a,
ASN00023718,20160224,PRCP,20,,,a,
ASN00023718,20160225,PRCP,14,,,a,
ASN00023718,20160226,PRCP,0,,,a,
ASN00023718,20160227,PRCP,0,,,a,
ASN00023718,20160228,PRCP,0,,,a,
ASN00023718,20160229,PRCP,0,,,a,
ASN00023718,20160301,PRCP,0,,,a,
ASN00023718,20160302,PRCP,0,,,a,
ASN00023718,20160303,PRCP,0,,,a,
ASN00023718,20160304,PRCP,0,,,a,
ASN00023718,20160305,PRCP,0,,,a,
ASN00023718,20160306,PRCP,0,,,a,
ASN00023718,20160309,PRCP,0,,,a,
ASN00023718,20160310,PRCP,42,,,a,
ASN00023718,20160311,PRCP,0,,,a,
ASN00023718,20160312,PRCP,0,,,a,
ASN00023718,20160313,PRCP,0,,,a,
ASN00023718,20160314,PRCP,0,,,a,
ASN00023718,20160315,PRCP,0,,,a,
ASN00023718,20160316,PRCP,0,,,a,
ASN00023718,20160317,PRCP,0,,,a,
ASN00023718,20160318,PRCP,104,,,a,
ASN00023718,20160319,PRCP,0,,,a,
ASN00023718,20160320,PRCP,0,,,a,
ASN00023718,20160321,PRCP,0,,,a,
ASN00023718,20160322,PRCP,0,,,a,
ASN00023718,20160323,PRCP,10,,,a,
ASN00023718,20160324,PRCP,0,,,a,
ASN00023718,20160325,PRCP,0,,,a,
ASN00023718,20160326,PRCP,0,,,a,
ASN00023718,20160327,PRCP,0,,,a,
ASN00023718,20160328,PRCP,0,,,a,
ASN00023718,20160331,PRCP,0,,,a,
ASN00023718,20160308,DAPR,2,,,a,
ASN00023718,20160330,DAPR,2,,,a,
ASN00023718,20160308,DWPR,2,,,a,
ASN00023718,20160330,DWPR,2,,,a,
ASN00023718,20160308,MDPR,72,,,a,
ASN00023718,20160330,MDPR,8,,,a,
ASN00023718,20160401,PRCP,0,,,a,
ASN00023718,20160402,PRCP,0,,,a,
ASN00023718,20160403,PRCP,0,,,a,
ASN00023718,20160404,PRCP,0,,,a,
ASN00023718,20160405,PRCP,0,,,a,
ASN00023718,20160406,PRCP,48,,,a,
ASN00023718,20160407,PRCP,0,,,a,
ASN00023718,20160408,PRCP,0,,,a,
ASN00023718,20160409,PRCP,0,,,a,
ASN00023718,20160410,PRCP,0,,,a,
ASN00023718,20160413,PRCP,0,,,a,
ASN00023718,20160414,PRCP,0,,,a,
ASN00023718,20160415,PRCP,0,,,a,
ASN00023718,20160416,PRCP,0,,,a,
ASN00023718,20160417,PRCP,0,,,a,
ASN00023718,20160418,PRCP,0,,,a,
ASN00023718,20160419,PRCP,0,,,a,
ASN00023718,20160420,PRCP,0,,,a,
ASN00023718,20160421,PRCP,32,,,a,
ASN00023718,20160422,PRCP,0,,,a,
ASN00023718,20160423,PRCP,0,,,a,
ASN00023718,20160424,PRCP,0,,,a,
ASN00023718,20160425,PRCP,0,,,a,
ASN00023718,20160426,PRCP,0,,,a,
ASN00023718,20160427,PRCP,0,,,a,
ASN00023718,20160428,PRCP,0,,,a,
ASN00023718,20160429,PRCP,12,,,a,
ASN00023718,20160430,PRCP,0,,,a,
ASN00023718,20160412,DAPR,2,,,a,
ASN00023718,20160412,DWPR,2,,,a,
ASN00023718,20160412,MDPR,4,,,a,
ASN00023718,20160501,PRCP,0,,,a,
ASN00023718,20160502,PRCP,0,,,a,
ASN00023718,20160503,PRCP,0,,,a,
ASN00023718,20160504,PRCP,82,,,a,
ASN00023718,20160505,PRCP,0,,,a,
ASN00023718,20160506,PRCP,0,,,a,
ASN00023718,20160510,PRCP,102,,,a,
ASN00023718,20160511,PRCP,0,,,a,
ASN00023718,20160512,PRCP,0,,,a,
ASN00023718,20160513,PRCP,0,,,a,
ASN00023718,20160514,PRCP,0,,,a,
ASN00023718,20160515,PRCP,0,,,a,
ASN00023718,20160516,PRCP,0,,,a,
ASN00023718,20160517,PRCP,0,,,a,
ASN00023718,20160518,PRCP,6,,,a,
ASN00023718,20160519,PRCP,0,,,a,
ASN00023718,20160520,PRCP,0,,,a,
ASN00023718,20160524,PRCP,0,,,a,
ASN00023718,20160525,PRCP,0,,,a,
ASN00023718,20160526,PRCP,0,,,a,
ASN00023718,20160527,PRCP,62,,,a,
ASN00023718,20160528,PRCP,0,,,a,
ASN00023718,20160529,PRCP,0,,,a,
ASN00023718,20160530,PRCP,0,,,a,
ASN00023718,20160531,PRCP,148,,,a,
ASN00023718,20160509,DAPR,3,,,a,
ASN00023718,20160523,DAPR,3,,,a,
ASN00023718,20160509,DWPR,3,,,a,
ASN00023718,20160523,DWPR,3,,,a,
ASN00023718,20160509,MDPR,32,,,a,
ASN00023718,20160523,MDPR,50,,,a,
ASN00023718,20160601,PRCP,22,,,a,
ASN00023718,20160602,PRCP,0,,,a,
ASN00023718,20160603,PRCP,20,,,a,
ASN00023718,20160607,PRCP,0,,,a,
ASN00023718,20160608,PRCP,0,,,a,
ASN00023718,20160609,PRCP,132,,,a,
ASN00023718,20160610,PRCP,0,,,a,
ASN00023718,20160611,PRCP,0,,,a,
ASN00023718,20160612,PRCP,0,,,a,
ASN00023718,20160613,PRCP,0,,,a,
ASN00023718,20160614,PRCP,0,,,a,
ASN00023718,20160615,PRCP,0,,,a,
ASN00023718,20160616,PRCP,0,,,a,
ASN00023718,20160617,PRCP,102,,,a,
ASN00023718,20160621,PRCP,0,,,a,
ASN00023718,20160622,PRCP,12,,,a,
ASN00023718,20160623,PRCP,0,,,a,
ASN00023718,20160624,PRCP,130,,,a,
ASN00023718,20160625,PRCP,0,,,a,
ASN00023718,20160626,PRCP,0,,,a,
ASN00023718,20160627,PRCP,0,,,a,
ASN00023718,20160628,PRCP,0,,,a,
ASN00023718,20160629,PRCP,44,,,a,
ASN00023718,20160630,PRCP,0,,,a,
ASN00023718,20160606,DAPR,3,,,a,
ASN00023718,20160620,DAPR,3,,,a,
ASN00023718,20160606,DWPR,3,,,a,
ASN00023718,20160620,DWPR,3,,,a,
ASN00023718,20160606,MDPR,40,,,a,
ASN00023718,20160620,MDPR,18,,,a,
ASN00023718,20160701,PRCP,40,,,a,
ASN00023718,20160702,PRCP,0,,,a,
ASN00023718,20160703,PRCP,0,,,a,
ASN00023718,20160704,PRCP,0,,,a,
ASN00023718,20160705,PRCP,334,,,a,
ASN00023718,20160706,PRCP,100,,,a,
ASN00023718,20160707,PRCP,10,,,a,
ASN00023718,20160708,PRCP,2,,,a,
ASN00023718,20160709,PRCP,0,,,a,
ASN00023718,20160710,PRCP,0,,,a,
ASN00023718,20160711,PRCP,0,,,a,
ASN00023718,20160712,PRCP,0,,,a,
ASN00023718,20160713,PRCP,254,,,a,
ASN00023718,20160714,PRCP,0,,,a,
ASN00023718,20160715,PRCP,0,,,a,
ASN00023718,20160716,PRCP,0,,,a,
ASN00023718,20160717,PRCP,0,,,a,
ASN00023718,20160718,PRCP,0,,,a,
ASN00023718,20160719,PRCP,0,,,a,
ASN00023718,20160720,PRCP,28,,,a,
ASN00023718,20160721,PRCP,0,,,a,
ASN00023718,20160722,PRCP,28,,,a,
ASN00023718,20160723,PRCP,0,,,a,
ASN00023718,20160724,PRCP,0,,,a,
ASN00023718,20160728,PRCP,0,,,a,
ASN00023718,20160729,PRCP,6,,,a,
ASN00023718,20160727,DAPR,3,,,a,
ASN00023718,20160727,DWPR,3,,,a,
ASN00023718,20160727,MDPR,288,,,a,
ASN00023718,20160805,PRCP,0,,,a,
ASN00023718,20160806,PRCP,0,,,a,
ASN00023718,20160807,PRCP,0,,,a,
ASN00023718,20160810,PRCP,0,,,a,
ASN00023718,20160811,PRCP,42,,,a,
ASN00023718,20160812,PRCP,0,,,a,
ASN00023718,20160813,PRCP,0,,,a,
ASN00023718,20160820,PRCP,0,,,a,
ASN00023718,20160830,PRCP,16,,,a,
ASN00023718,20160831,PRCP,16,,,a,
ASN00023718,20160801,DAPR,3,,,a,
ASN00023718,20160804,DAPR,3,,,a,
ASN00023718,20160809,DAPR,2,,,a,
ASN00023718,20160819,DAPR,6,,,a,
ASN00023718,20160826,DAPR,6,,,a,
ASN00023718,20160829,DAPR,3,,,a,
ASN00023718,20160801,DWPR,3,,,a,
ASN00023718,20160804,DWPR,3,,,a,
ASN00023718,20160809,DWPR,2,,,a,
ASN00023718,20160819,DWPR,6,,,a,
ASN00023718,20160826,DWPR,6,,,a,
ASN00023718,20160829,DWPR,3,,,a,
ASN00023718,20160801,MDPR,68,,,a,
ASN00023718,20160804,MDPR,82,,,a,
ASN00023718,20160809,MDPR,4,,,a,
ASN00023718,20160819,MDPR,32,,,a,
ASN00023718,20160826,MDPR,42,,,a,
ASN00023718,20160829,MDPR,26,,,a,
ASN00023718,20160901,PRCP,0,,,a,
ASN00023718,20160907,PRCP,0,,,a,
ASN00023718,20160908,PRCP,0,,,a,
ASN00023718,20160909,PRCP,102,,,a,
ASN00023718,20160910,PRCP,0,,,a,
ASN00023718,20160911,PRCP,0,,,a,
ASN00023718,20160912,PRCP,0,,,a,
ASN00023718,20160913,PRCP,286,,,a,
ASN00023718,20160914,PRCP,606,,,a,
ASN00023718,20160915,PRCP,112,,,a,
ASN00023718,20160916,PRCP,0,,,a,
ASN00023718,20160917,PRCP,0,,,a,
ASN00023718,20160922,PRCP,0,,,a,
ASN00023718,20160923,PRCP,6,,,a,
ASN00023718,20160924,PRCP,0,,,a,
ASN00023718,20160928,PRCP,0,,,a,
ASN00023718,20160929,PRCP,360,,,a,
ASN00023718,20160930,PRCP,180,,,a,
ASN00023718,20160906,DAPR,5,,,a,
ASN00023718,20160921,DAPR,4,,,a,
ASN00023718,20160927,DAPR,3,,,a,
ASN00023718,20160906,DWPR,5,,,a,
ASN00023718,20160921,DWPR,4,,,a,
ASN00023718,20160927,DWPR,3,,,a,
ASN00023718,20160906,MDPR,26,,,a,
ASN00023718,20160921,MDPR,50,,,a,
ASN00023718,20160927,MDPR,20,,,a,
ASN00023718,20161001,PRCP,0,,,a,
ASN00023718,20161006,PRCP,0,,,a,
ASN00023718,20161007,PRCP,0,,,a,
ASN00023718,20161011,PRCP,54,,,a,
ASN00023718,20161014,PRCP,0,,,a,
ASN00023718,20161019,PRCP,32,,,a,
ASN00023718,20161020,PRCP,0,,,a,
ASN00023718,20161021,PRCP,92,,,a,
ASN00023718,20161022,PRCP,0,,,a,
ASN00023718,20161027,PRCP,0,,,a,
ASN00023718,20161028,PRCP,0,,,a,
ASN00023718,20161029,PRCP,0,,,a,
ASN00023718,20161030,PRCP,0,,,a,
ASN00023718,20161005,DAPR,4,,,a,
ASN00023718,20161010,DAPR,3,,,a,
ASN00023718,20161013,DAPR,2,,,a,
ASN00023718,20161018,DAPR,4,,,a,
ASN00023718,20161026,DAPR,4,,,a,
ASN00023718,20161005,DWPR,4,,,a,
ASN00023718,20161010,DWPR,3,,,a,
ASN00023718,20161013,DWPR,2,,,a,
ASN00023718,20161018,DWPR,4,,,a,
ASN00023718,20161026,DWPR,4,,,a,
ASN00023718,20161005,MDPR,144,,,a,
ASN00023718,20161010,MDPR,24,,,a,
ASN00023718,20161013,MDPR,34,,,a,
ASN00023718,20161018,MDPR,144,,,a,
ASN00023718,20161026,MDPR,10,,,a,
ASN00023718,20161105,PRCP,0,,,a,
ASN00023718,20161117,PRCP,0,,,a,
ASN00023718,20161104,DAPR,5,,,a,
ASN00023718,20161116,DAPR,11,,,a,
ASN00023718,20161104,DWPR,5,,,a,
ASN00023718,20161116,DWPR,11,,,a,
ASN00023718,20161104,MDPR,10,,,a,
ASN00023718,20161116,MDPR,136,,,a,
ASN00023718,20161203,PRCP,0,,,a,
ASN00023718,20161209,PRCP,0,,,a,
ASN00023718,20161221,PRCP,0,,,a,
ASN00023718,20161202,DAPR,15,,,a,
ASN00023718,20161208,DAPR,5,,,a,
ASN00023718,20161220,DAPR,11,,,a,
ASN00023718,20161202,DWPR,15,,,a,
ASN00023718,20161208,DWPR,5,,,a,
ASN00023718,20161220,DWPR,11,,,a,
ASN00023718,20161202,MDPR,26,,,a,
ASN00023718,20161208,MDPR,130,,,a,
ASN00023718,20161220,MDPR,28,,,a,
ASN00023718,20170104,PRCP,0,,,a,
ASN00023718,20170117,PRCP,0,,,a,
ASN00023718,20170125,PRCP,0,,,a,
ASN00023718,20170126,PRCP,0,,,a,
ASN00023718,20170127,PRCP,0,,,a,
ASN00023718,20170128,PRCP,0,,,a,
ASN00023718,20170129,PRCP,0,,,a,
ASN00023718,20170130,PRCP,0,,,a,
ASN00023718,20170131,PRCP,0,,,a,
ASN00023718,20170103,DAPR,13,,,a,
ASN00023718,20170116,DAPR,12,,,a,
ASN00023718,20170124,DAPR,7,,,a,
ASN00023718,20170103,DWPR,13,,,a,
ASN00023718,20170116,DWPR,12,,,a,
ASN00023718,20170124,DWPR,7,,,a,
ASN00023718,20170103,MDPR,438,,,a,
ASN00023718,20170116,MDPR,48,,,a,
ASN00023718,20170124,MDPR,90,,,a,
ASN00023718,20170201,PRCP,0,,,a,
ASN00023718,20170208,PRCP,0,,,a,
ASN00023718,20170209,PRCP,0,,,a,
ASN00023718,20170210,PRCP,0,,,a,
ASN00023718,20170211,PRCP,0,,,a,
ASN00023718,20170212,PRCP,0,,,a,
ASN00023718,20170213,PRCP,0,,,a,
ASN00023718,20170214,PRCP,0,,,a,
ASN00023718,20170215,PRCP,0,,,a,
ASN00023718,20170216,PRCP,0,,,a,
ASN00023718,20170224,PRCP,0,,,a,
ASN00023718,20170225,PRCP,0,,,a,
ASN00023718,20170226,PRCP,0,,,a,
ASN00023718,20170227,PRCP,0,,,a,
ASN00023718,20170228,PRCP,0,,,a,
ASN00023718,20170207,DAPR,6,,,a,
ASN00023718,20170223,DAPR,7,,,a,
ASN00023718,20170207,DWPR,6,,,a,
ASN00023718,20170223,DWPR,7,,,a,
ASN00023718,20170207,MDPR,138,,,a,
ASN00023718,20170223,MDPR,112,,,a,
ASN00023718,20170315,PRCP,0,,,a,
ASN00023718,20170316,PRCP,0,,,a,
ASN00023718,20170322,PRCP,0,,,a,
ASN00023718,20170314,DAPR,14,,,a,
ASN00023718,20170321,DAPR,5,,,a,
ASN00023718,20170330,DAPR,8,,,a,
ASN00023718,20170314,DWPR,14,,,a,
ASN00023718,20170321,DWPR,5,,,a,
ASN00023718,20170330,DWPR,8,,,a,
ASN00023718,20170314,MDPR,40,,,a,
ASN00023718,20170321,MDPR,88,,,a,
ASN00023718,20170330,MDPR,42,,,a,
ASN00023718,20170401,PRCP,0,,,a,
ASN00023718,20170406,PRCP,0,,,a,
ASN00023718,20170407,PRCP,0,,,a,
ASN00023718,20170413,PRCP,0,,,a,
ASN00023718,20170421,PRCP,0,,,a,
ASN00023718,20170425,PRCP,0,,,a,
ASN00023718,20170426,PRCP,48,,,a,
ASN00023718,20170427,PRCP,0,,,a,
ASN00023718,20170428,PRCP,0,,,a,
ASN00023718,20170429,PRCP,0,,,a,
ASN00023718,20170405,DAPR,4,,,a,
ASN00023718,20170410,DAPR,3,,,a,
ASN00023718,20170412,DAPR,2,,,a,
ASN00023718,20170420,DAPR,7,,,a,
ASN00023718,20170424,DAPR,3,,,a,
ASN00023718,20170405,DWPR,4,,,a,
ASN00023718,20170410,DWPR,3,,,a,
ASN00023718,20170412,DWPR,2,,,a,
ASN00023718,20170420,DWPR,7,,,a,
ASN00023718,20170424,DWPR,3,,,a,
ASN00023718,20170405,MDPR,38,,,a,
ASN00023718,20170410,MDPR,80,,,a,
ASN00023718,20170412,MDPR,24,,,a,
ASN00023718,20170420,MDPR,118,,,a,
ASN00023718,20170424,MDPR,76,,,a,
ASN00023718,20170503,PRCP,76,,,a,
ASN00023718,20170504,PRCP,0,,,a,
ASN00023718,20170505,PRCP,0,,,a,
ASN00023718,20170509,PRCP,0,,,a,
ASN00023718,20170520,PRCP,0,,,a,
ASN00023718,20170523,PRCP,12,,,a,
ASN00023718,20170524,PRCP,0,,,a,
ASN00023718,20170525,PRCP,0,,,a,
ASN00023718,20170502,DAPR,3,,,a,
ASN00023718,20170508,DAPR,3,,,a,
ASN00023718,20170517,DAPR,8,,,a,
ASN00023718,20170519,DAPR,2,,,a,
ASN00023718,20170522,DAPR,2,,,a,
ASN00023718,20170531,DAPR,6,,,a,
ASN00023718,20170502,DWPR,3,,,a,
ASN00023718,20170508,DWPR,3,,,a,
ASN00023718,20170517,DWPR,8,,,a,
ASN00023718,20170519,DWPR,2,,,a,
ASN00023718,20170522,DWPR,2,,,a,
ASN00023718,20170531,DWPR,6,,,a,
ASN00023718,20170502,MDPR,116,,,a,
ASN00023718,20170508,MDPR,4,,,a,
ASN00023718,20170517,MDPR,20,,,a,
ASN00023718,20170519,MDPR,160,,,a,
ASN00023718,20170522,MDPR,14,,,a,
ASN00023718,20170531,MDPR,138,,,a,
ASN00023718,20170601,PRCP,0,,,a,
ASN00023718,20170602,PRCP,0,,,a,
ASN00023718,20170603,PRCP,0,,,a,
ASN00023718,20170604,PRCP,0,,,a,
ASN00023718,20170605,PRCP,0,,,a,
ASN00023718,20170606,PRCP,0,,,a,
ASN00023718,20170607,PRCP,46,,,a,
ASN00023718,20170608,PRCP,0,,,a,
ASN00023718,20170615,PRCP,0,,,a,
ASN00023718,20170630,PRCP,112,,,a,
ASN00023718,20170614,DAPR,6,,,a,
ASN00023718,20170627,DAPR,12,,,a,
ASN00023718,20170629,DAPR,2,,,a,
ASN00023718,20170614,DWPR,6,,,a,
ASN00023718,20170627,DWPR,12,,,a,
ASN00023718,20170629,DWPR,2,,,a,
ASN00023718,20170614,MDPR,26,,,a,
ASN00023718,20170627,MDPR,24,,,a,
ASN00023718,20170629,MDPR,42,,,a,
ASN00023718,20170701,PRCP,0,,,a,
ASN00023718,20170702,PRCP,0,,,a,
ASN00023718,20170703,PRCP,0,,,a,
ASN00023718,20170704,PRCP,34,,,a,
ASN00023718,20170705,PRCP,86,,,a,
ASN00023718,20170706,PRCP,0,,,a,
ASN00023718,20170712,PRCP,0,,,a,
ASN00023718,20170715,PRCP,0,,,a,
ASN00023718,20170719,PRCP,28,,,a,
ASN00023718,20170720,PRCP,0,,,a,
ASN00023718,20170727,PRCP,0,,,a,
ASN00023718,20170711,DAPR,5,,,a,
ASN00023718,20170714,DAPR,2,,,a,
ASN00023718,20170718,DAPR,3,,,a,
ASN00023718,20170726,DAPR,6,,,a,
ASN00023718,20170731,DAPR,4,,,a,
ASN00023718,20170711,DWPR,5,,,a,
ASN00023718,20170714,DWPR,2,,,a,
ASN00023718,20170718,DWPR,3,,,a,
ASN00023718,20170726,DWPR,6,,,a,
ASN00023718,20170731,DWPR,4,,,a,
ASN00023718,20170711,MDPR,112,,,a,
ASN00023718,20170714,MDPR,10,,,a,
ASN00023718,20170718,MDPR,240,,,a,
ASN00023718,20170726,MDPR,42,,,a,
ASN00023718,20170731,MDPR,176,,,a,
ASN00023718,20170801,PRCP,0,,,a,
ASN00023718,20170804,PRCP,0,,,a,
ASN00023718,20170809,PRCP,0,,,a,
ASN00023718,20170812,PRCP,0,,,a,
ASN00023718,20170816,PRCP,210,,,a,
ASN00023718,20170817,PRCP,0,,,a,
ASN00023718,20170818,PRCP,146,,,a,
ASN00023718,20170819,PRCP,0,,,a,
ASN00023718,20170824,PRCP,0,,,a,
ASN00023718,20170830,PRCP,0,,,a,
ASN00023718,20170803,DAPR,2,,,a,
ASN00023718,20170808,DAPR,4,,,a,
ASN00023718,20170811,DAPR,2,,,a,
ASN00023718,20170815,DAPR,3,,,a,
ASN00023718,20170823,DAPR,4,,,a,
ASN00023718,20170829,DAPR,5,,,a,
ASN00023718,20170803,DWPR,2,,,a,
ASN00023718,20170808,DWPR,4,,,a,
ASN00023718,20170811,DWPR,2,,,a,
ASN00023718,20170815,DWPR,3,,,a,
ASN00023718,20170823,DWPR,4,,,a,
ASN00023718,20170829,DWPR,5,,,a,
ASN00023718,20170803,MDPR,60,,,a,
ASN00023718,20170808,MDPR,360,,,a,
ASN00023718,20170811,MDPR,36,,,a,
ASN00023718,20170815,MDPR,100,,,a,
ASN00023718,20170823,MDPR,94,,,a,
ASN00023718,20170829,MDPR,48,,,a,
ASN00023718,20170906,PRCP,0,,,a,
ASN00023718,20170909,PRCP,0,,,a,
ASN00023718,20170913,PRCP,0,,,a,
ASN00023718,20170914,PRCP,38,,,a,
ASN00023718,20170915,PRCP,4,,,a,
ASN00023718,20170916,PRCP,0,,,a,
ASN00023718,20170921,PRCP,0,,,a,
ASN00023718,20170927,PRCP,0,,,a,
ASN00023718,20170928,PRCP,0,,,a,
ASN00023718,20170929,PRCP,0,,,a,
ASN00023718,20170930,PRCP,0,,,a,
ASN00023718,20170905,DAPR,6,,,a,
ASN00023718,20170908,DAPR,2,,,a,
ASN00023718,20170912,DAPR,3,,,a,
ASN00023718,20170920,DAPR,4,,,a,
ASN00023718,20170926,DAPR,5,,,a,
ASN00023718,20170905,DWPR,6,,,a,
ASN00023718,20170908,DWPR,2,,,a,
ASN00023718,20170912,DWPR,3,,,a,
ASN00023718,20170920,DWPR,4,,,a,
ASN00023718,20170926,DWPR,5,,,a,
ASN00023718,20170905,MDPR,178,,,a,
ASN00023718,20170908,MDPR,14,,,a,
ASN00023718,20170912,MDPR,20,,,a,
ASN00023718,20170920,MDPR,30,,,a,
ASN00023718,20170926,MDPR,16,,,a,
ASN00023718,20171001,PRCP,0,,,a,
ASN00023718,20171012,PRCP,50,,,a,
ASN00023718,20171020,PRCP,0,,,a,
ASN00023718,20171026,PRCP,0,,,a,
ASN00023718,20171011,DAPR,10,,,a,
ASN00023718,20171019,DAPR,7,,,a,
ASN00023718,20171025,DAPR,5,,,a,
ASN00023718,20171031,DAPR,5,,,a,
ASN00023718,20171011,DWPR,10,,,a,
ASN00023718,20171019,DWPR,7,,,a,
ASN00023718,20171025,DWPR,5,,,a,
ASN00023718,20171031,DWPR,5,,,a,
ASN00023718,20171011,MDPR,12,,,a,
ASN00023718,20171019,MDPR,26,,,a,
ASN00023718,20171025,MDPR,10,,,a,
ASN00023718,20171031,MDPR,30,,,a,
ASN00023718,20171101,PRCP,0,,,a,
ASN00023718,20171121,PRCP,0,,,a,
ASN00023718,20171124,PRCP,0,,,a,
ASN00023718,20171117,DAPR,16,,,a,
ASN00023718,20171120,DAPR,3,,,a,
ASN00023718,20171123,DAPR,2,,,a,
ASN00023718,20171117,DWPR,16,,,a,
ASN00023718,20171120,DWPR,3,,,a,
ASN00023718,20171123,DWPR,2,,,a,
ASN00023718,20171117,MDPR,220,,,a,
ASN00023718,20171120,MDPR,28,,,a,
ASN00023718,20171123,MDPR,30,,,a,
ASN00023718,20171202,PRCP,0,,,a,
ASN00023718,20171205,PRCP,2,,,a,
ASN00023718,20171206,PRCP,0,,,a,
ASN00023718,20171209,PRCP,0,,,a,
ASN00023718,20171216,PRCP,0,,,a,
ASN00023718,20171220,PRCP,0,,,a,
ASN00023718,20171221,PRCP,0,,,a,
ASN00023718,20171222,PRCP,0,,,a,
ASN00023718,20171223,PRCP,0,,,a,
ASN00023718,20171224,PRCP,0,,,a,
ASN00023718,20171225,PRCP,0,,,a,
ASN00023718,20171226,PRCP,0,,,a,
ASN00023718,20171227,PRCP,0,,,a,
ASN00023718,20171228,PRCP,0,,,a,
ASN00023718,20171229,PRCP,0,,,a,
ASN00023718,20171230,PRCP,0,,,a,
ASN00023718,20171231,PRCP,0,,,a,
ASN00023718,20171201,DAPR,7,,,a,
ASN00023718,20171204,DAPR,2,,,a,
ASN00023718,20171208,DAPR,2,,,a,
ASN00023718,20171215,DAPR,6,,,a,
ASN00023718,20171219,DAPR,3,,,a,
ASN00023718,20171201,DWPR,7,,,a,
ASN00023718,20171204,DWPR,2,,,a,
ASN00023718,20171208,DWPR,2,,,a,
ASN00023718,20171215,DWPR,6,,,a,
ASN00023718,20171219,DWPR,3,,,a,
ASN00023718,20171201,MDPR,98,,,a,
ASN00023718,20171204,MDPR,38,,,a,
ASN00023718,20171208,MDPR,114,,,a,
ASN00023718,20171215,MDPR,14,,,a,
ASN00023718,20171219,MDPR,62,,,a,
ASN00023718,20180101,PRCP,0,,,a,
ASN00023718,20180116,PRCP,0,,,a,
ASN00023718,20180115,DAPR,14,,,a,
ASN00023718,20180130,DAPR,14,,,a,
ASN00023718,20180115,DWPR,14,,,a,
ASN00023718,20180130,DWPR,14,,,a,
ASN00023718,20180115,MDPR,40,,,a,
ASN00023718,20180130,MDPR,62,,,a,
ASN00023718,20180201,PRCP,0,,,a,
ASN00023718,20180202,PRCP,0,,,a,
ASN00023718,20180203,PRCP,0,,,a,
ASN00023718,20180204,PRCP,0,,,a,
ASN00023718,20180205,PRCP,0,,,a,
ASN00023718,20180206,PRCP,0,,,a,
ASN00023718,20180207,PRCP,0,,,a,
ASN00023718,20180208,PRCP,0,,,a,
ASN00023718,20180209,PRCP,0,,,a,
ASN00023718,20180210,PRCP,0,,,a,
ASN00023718,20180211,PRCP,0,,,a,
ASN00023718,20180212,PRCP,0,,,a,
ASN00023718,20180213,PRCP,0,,,a,
ASN00023718,20180214,PRCP,0,,,a,
ASN00023718,20180215,PRCP,0,,,a,
ASN00023718,20180216,PRCP,0,,,a,
ASN00023718,20180217,PRCP,0,,,a,
ASN00023718,20180218,PRCP,0,,,a,
ASN00023718,20180219,PRCP,0,,,a,
ASN00023718,20180220,PRCP,0,,,a,
ASN00023718,20180228,DAPR,8,,,a,
ASN00023718,20180228,DWPR,8,,,a,
ASN00023718,20180228,MDPR,98,,,a,
ASN00023718,20180301,PRCP,0,,,a,
ASN00023718,20180302,PRCP,0,,,a,
ASN00023718,20180303,PRCP,0,,,a,
ASN00023718,20180304,PRCP,0,,,a,
ASN00023718,20180305,PRCP,0,,,a,
ASN00023718,20180306,PRCP,0,,,a,
ASN00023718,20180307,PRCP,0,,,a,
ASN00023718,20180308,PRCP,0,,,a,
ASN00023718,20180309,PRCP,0,,,a,
ASN00023718,20180310,PRCP,0,,,a,
ASN00023718,20180311,PRCP,0,,,a,
ASN00023718,20180312,PRCP,0,,,a,
ASN00023718,20180313,PRCP,0,,,a,
ASN00023718,20180314,PRCP,0,,,a,
ASN00023718,20180315,PRCP,0,,,a,
ASN00023718,20180316,PRCP,0,,,a,
ASN00023718,20180317,PRCP,0,,,a,
ASN00023718,20180318,PRCP,0,,,a,
ASN00023718,20180319,PRCP,0,,,a,
ASN00023718,20180320,PRCP,0,,,a,
ASN00023718,20180321,PRCP,0,,,a,
ASN00023718,20180322,PRCP,0,,,a,
ASN00023718,20180323,PRCP,0,,,a,
ASN00023718,20180324,PRCP,0,,,a,
ASN00023718,20180325,PRCP,0,,,a,
ASN00023718,20180326,PRCP,0,,,a,
ASN00023718,20180327,PRCP,0,,,a,
ASN00023718,20180328,PRCP,0,,,a,
ASN00023718,20180329,PRCP,0,,,a,
ASN00023718,20180330,PRCP,0,,,a,
ASN00023718,20180331,PRCP,0,,,a,
ASN00023718,20180401,PRCP,0,,,a,
ASN00023718,20180402,PRCP,0,,,a,
ASN00023718,20180403,PRCP,0,,,a,
ASN00023718,20180404,PRCP,0,,,a,
ASN00023718,20180405,PRCP,0,,,a,
ASN00023718,20180406,PRCP,0,,,a,
ASN00023718,20180407,PRCP,0,,,a,
ASN00023718,20180408,PRCP,0,,,a,
ASN00023718,20180409,PRCP,0,,,a,
ASN00023718,20180410,PRCP,0,,,a,
ASN00023718,20180411,PRCP,0,,,a,
ASN00023718,20180412,PRCP,0,,,a,
ASN00023718,20180418,PRCP,0,,,a,
ASN00023718,20180419,PRCP,0,,,a,
ASN00023718,20180420,PRCP,0,,,a,
ASN00023718,20180421,PRCP,0,,,a,
ASN00023718,20180422,PRCP,0,,,a,
ASN00023718,20180423,PRCP,0,,,a,
ASN00023718,20180427,PRCP,0,,,a,
ASN00023718,20180428,PRCP,0,,,a,
ASN00023718,20180429,PRCP,0,,,a,
ASN00023718,20180430,PRCP,0,,,a,
ASN00023718,20180417,DAPR,5,,,a,
ASN00023718,20180426,DAPR,3,,,a,
ASN00023718,20180417,DWPR,5,,,a,
ASN00023718,20180426,DWPR,3,,,a,
ASN00023718,20180417,MDPR,100,,,a,
ASN00023718,20180426,MDPR,28,,,a,
ASN00023718,20180505,PRCP,0,,,a,
ASN00023718,20180511,PRCP,36,,,a,
ASN00023718,20180512,PRCP,0,,,a,
ASN00023718,20180516,PRCP,0,,,a,
ASN00023718,20180519,PRCP,0,,,a,
ASN00023718,20180523,PRCP,0,,,a,
ASN00023718,20180524,PRCP,0,,,a,
ASN00023718,20180525,PRCP,0,,,a,
ASN00023718,20180526,PRCP,0,,,a,
ASN00023718,20180527,PRCP,0,,,a,
ASN00023718,20180528,PRCP,0,,,a,
ASN00023718,20180529,PRCP,0,,,a,
ASN00023718,20180530,PRCP,0,,,a,
ASN00023718,20180531,PRCP,0,,,a,
ASN00023718,20180504,DAPR,4,,,a,
ASN00023718,20180510,DAPR,5,,,a,
ASN00023718,20180515,DAPR,3,,,a,
ASN00023718,20180518,DAPR,2,,,a,
ASN00023718,20180522,DAPR,3,,,a,
ASN00023718,20180504,DWPR,4,,,a,
ASN00023718,20180510,DWPR,5,,,a,
ASN00023718,20180515,DWPR,3,,,a,
ASN00023718,20180518,DWPR,2,,,a,
ASN00023718,20180522,DWPR,3,,,a,
ASN00023718,20180504,MDPR,98,,,a,
ASN00023718,20180510,MDPR,88,,,a,
ASN00023718,20180515,MDPR,52,,,a,
ASN00023718,20180518,MDPR,10,,,a,
ASN00023718,20180522,MDPR,194,,,a,
ASN00023718,20180601,PRCP,0,,,a,
ASN00023718,20180605,PRCP,0,,,a,
ASN00023718,20180614,PRCP,52,,,a,
ASN00023718,20180615,PRCP,0,,,a,
ASN00023718,20180619,PRCP,0,,,a,
ASN00023718,20180604,DAPR,3,,,a,
ASN00023718,20180613,DAPR,8,,,a,
ASN00023718,20180618,DAPR,3,,,a,
ASN00023718,20180629,DAPR,10,,,a,
ASN00023718,20180604,DWPR,3,,,a,
ASN00023718,20180613,DWPR,8,,,a,
ASN00023718,20180618,DWPR,3,,,a,
ASN00023718,20180629,DWPR,10,,,a,
ASN00023718,20180604,MDPR,76,,,a,
ASN00023718,20180613,MDPR,90,,,a,
ASN00023718,20180618,MDPR,208,,,a,
ASN00023718,20180629,MDPR,72,,,a,
ASN00023718,20180701,PRCP,0,,,a,
ASN00023718,20180707,PRCP,0,,,a,
ASN00023718,20180713,PRCP,0,,,a,
ASN00023718,20180720,PRCP,0,,,a,
ASN00023718,20180727,PRCP,0,,,a,
ASN00023718,20180728,PRCP,0,,,a,
ASN00023718,20180729,PRCP,0,,,a,
ASN00023718,20180706,DAPR,5,,,a,
ASN00023718,20180710,DAPR,3,,,a,
ASN00023718,20180712,DAPR,2,,,a,
ASN00023718,20180719,DAPR,6,,,a,
ASN00023718,20180726,DAPR,6,,,a,
ASN00023718,20180706,DWPR,5,,,a,
ASN00023718,20180710,DWPR,3,,,a,
ASN00023718,20180712,DWPR,2,,,a,
ASN00023718,20180719,DWPR,6,,,a,
ASN00023718,20180726,DWPR,6,,,a,
ASN00023718,20180706,MDPR,168,,,a,
ASN00023718,20180710,MDPR,84,,,a,
ASN00023718,20180712,MDPR,84,,,a,
ASN00023718,20180719,MDPR,50,,,a,
ASN00023718,20180726,MDPR,142,,,a,
ASN00023718,20180804,PRCP,0,,,a,
ASN00023718,20180815,PRCP,0,,,a,
ASN00023718,20180823,PRCP,0,,,a,
ASN00023718,20180829,PRCP,0,,,a,
ASN00023718,20180830,PRCP,0,,,a,
ASN00023718,20180831,PRCP,0,,,a,
ASN00023718,20180803,DAPR,5,,,a,
ASN00023718,20180808,DAPR,4,,,a,
ASN00023718,20180814,DAPR,6,,,a,
ASN00023718,20180822,DAPR,7,,,a,
ASN00023718,20180828,DAPR,5,,,a,
ASN00023718,20180803,DWPR,5,,,a,
ASN00023718,20180808,DWPR,4,,,a,
ASN00023718,20180814,DWPR,6,,,a,
ASN00023718,20180822,DWPR,7,,,a,
ASN00023718,20180828,DWPR,5,,,a,
ASN00023718,20180803,MDPR,160,,,a,
ASN00023718,20180808,MDPR,174,,,a,
ASN00023718,20180814,MDPR,112,,,a,
ASN00023718,20180822,MDPR,76,,,a,
ASN00023718,20180828,MDPR,32,,,a,
ASN00023718,20180901,PRCP,0,,,a,
ASN00023718,20180912,PRCP,0,,,a,
ASN00023718,20180919,PRCP,6,,,a,
ASN00023718,20180920,PRCP,0,,,a,
ASN00023718,20180921,PRCP,52,,,a,
ASN00023718,20180922,PRCP,0,,,a,
ASN00023718,20180923,PRCP,0,,,a,
ASN00023718,20180924,PRCP,0,,,a,
ASN00023718,20180925,PRCP,0,,,a,
ASN00023718,20180926,PRCP,0,,,a,
ASN00023718,20180927,PRCP,0,,,a,
ASN00023718,20180928,PRCP,0,,,a,
ASN00023718,20180929,PRCP,0,,,a,
ASN00023718,20180930,PRCP,0,,,a,
ASN00023718,20180911,DAPR,10,,,a,
ASN00023718,20180918,DAPR,6,,,a,
ASN00023718,20180911,DWPR,10,,,a,
ASN00023718,20180918,DWPR,6,,,a,
ASN00023718,20180911,MDPR,20,,,a,
ASN00023718,20180918,MDPR,92,,,a,
ASN00023718,20181001,PRCP,0,,,a,
ASN00023718,20181009,PRCP,0,,,a,
ASN00023718,20181017,PRCP,0,,,a,
ASN00023718,20181018,PRCP,6,,,a,
ASN00023718,20181019,PRCP,0,,,a,
ASN00023718,20181008,DAPR,7,,,a,
ASN00023718,20181016,DAPR,7,,,a,
ASN00023718,20181008,DWPR,7,,,a,
ASN00023718,20181016,DWPR,7,,,a,
ASN00023718,20181008,MDPR,32,,,a,
ASN00023718,20181016,MDPR,106,,,a,
ASN00023718,20181103,PRCP,0,,,a,
ASN00023718,20181117,PRCP,0,,,a,
ASN00023718,20181122,PRCP,194,,,a,
ASN00023718,20181123,PRCP,0,,,a,
ASN00023718,20181129,PRCP,0,,,a,
ASN00023718,20181130,PRCP,0,,,a,
ASN00023718,20181102,DAPR,14,,,a,
ASN00023718,20181116,DAPR,13,,,a,
ASN00023718,20181121,DAPR,4,,,a,
ASN00023718,20181128,DAPR,5,,,a,
ASN00023718,20181102,DWPR,14,,,a,
ASN00023718,20181116,DWPR,13,,,a,
ASN00023718,20181121,DWPR,4,,,a,
ASN00023718,20181128,DWPR,5,,,a,
ASN00023718,20181102,MDPR,60,,,a,
ASN00023718,20181116,MDPR,8,,,a,
ASN00023718,20181121,MDPR,108,,,a,
ASN00023718,20181128,MDPR,118,,,a,
ASN00023718,20181201,PRCP,0,,,a,
ASN00023718,20181202,PRCP,0,,,a,
ASN00023718,20181203,PRCP,0,,,a,
ASN00023718,20181207,PRCP,0,,,a,
ASN00023718,20181212,PRCP,0,,,a,
ASN00023718,20181215,PRCP,0,,,a,
ASN00023718,20181220,PRCP,0,,,a,
ASN00023718,20181228,PRCP,0,,,a,
ASN00023718,20181229,PRCP,0,,,a,
ASN00023718,20181230,PRCP,0,,,a,
ASN00023718,20181231,PRCP,0,,,a,
ASN00023718,20181206,DAPR,3,,,a,
ASN00023718,20181211,DAPR,4,,,a,
ASN00023718,20181214,DAPR,2,,,a,
ASN00023718,20181219,DAPR,4,,,a,
ASN00023718,20181227,DAPR,7,,,a,
ASN00023718,20181206,DWPR,3,,,a,
ASN00023718,20181211,DWPR,4,,,a,
ASN00023718,20181214,DWPR,2,,,a,
ASN00023718,20181219,DWPR,4,,,a,
ASN00023718,20181227,DWPR,7,,,a,
ASN00023718,20181206,MDPR,42,,,a,
ASN00023718,20181211,MDPR,18,,,a,
ASN00023718,20181214,MDPR,126,,,a,
ASN00023718,20181219,MDPR,64,,,a,
ASN00023718,20181227,MDPR,20,,,a,
ASN00023718,20190101,PRCP,0,,,a,
ASN00023718,20190102,PRCP,0,,,a,
ASN00023718,20190103,PRCP,0,,,a,
ASN00023718,20190104,PRCP,0,,,a,
ASN00023718,20190105,PRCP,0,,,a,
ASN00023718,20190106,PRCP,0,,,a,
ASN00023718,20190107,PRCP,0,,,a,
ASN00023718,20190108,PRCP,0,,,a,
ASN00023718,20190109,PRCP,0,,,a,
ASN00023718,20190110,PRCP,0,,,a,
ASN00023718,20190111,PRCP,0,,,a,
ASN00023718,20190119,PRCP,0,,,a,
ASN00023718,20190120,PRCP,0,,,a,
ASN00023718,20190121,PRCP,0,,,a,
ASN00023718,20190122,PRCP,0,,,a,
ASN00023718,20190123,PRCP,0,,,a,
ASN00023718,20190124,PRCP,0,,,a,
ASN00023718,20190125,PRCP,0,,,a,
ASN00023718,20190126,PRCP,0,,,a,
ASN00023718,20190127,PRCP,0,,,a,
ASN00023718,20190128,PRCP,0,,,a,
ASN00023718,20190129,PRCP,0,,,a,
ASN00023718,20190130,PRCP,0,,,a,
ASN00023718,20190131,PRCP,0,,,a,
ASN00023718,20190118,DAPR,7,,,a,
ASN00023718,20190118,DWPR,7,,,a,
ASN00023718,20190118,MDPR,2,,,a,
ASN00023718,20190201,PRCP,0,,,a,
ASN00023718,20190202,PRCP,0,,,a,
ASN00023718,20190203,PRCP,0,,,a,
ASN00023718,20190204,PRCP,0,,,a,
ASN00023718,20190205,PRCP,0,,,a,
ASN00023718,20190206,PRCP,0,,,a,
ASN00023718,20190207,PRCP,0,,,a,
ASN00023718,20190208,PRCP,0,,,a,
ASN00023718,20190212,PRCP,0,,,a,
ASN00023718,20190213,PRCP,34,,,a,
ASN00023718,20190214,PRCP,0,,,a,
ASN00023718,20190215,PRCP,0,,,a,
ASN00023718,20190223,PRCP,0,,,a,
ASN00023718,20190211,DAPR,3,,,a,
ASN00023718,20190222,DAPR,7,,,a,
ASN00023718,20190211,DWPR,3,,,a,
ASN00023718,20190222,DWPR,7,,,a,
ASN00023718,20190211,MDPR,50,,,a,
ASN00023718,20190222,MDPR,22,,,a,
ASN00023718,20190307,PRCP,0,,,a,
ASN00023718,20190308,PRCP,0,,,a,
ASN00023718,20190313,PRCP,10,,,a,
ASN00023718,20190314,PRCP,0,,,a,
ASN00023718,20190326,PRCP,0,,,a,
ASN00023718,20190327,PRCP,0,,,a,
ASN00023718,20190328,PRCP,0,,,a,
ASN00023718,20190329,PRCP,0,,,a,
ASN00023718,20190330,PRCP,0,,,a,
ASN00023718,20190331,PRCP,0,,,a,
ASN00023718,20190306,DAPR,11,,,a,
ASN00023718,20190312,DAPR,4,,,a,
ASN00023718,20190325,DAPR,11,,,a,
ASN00023718,20190306,DWPR,11,,,a,
ASN00023718,20190312,DWPR,4,,,a,
ASN00023718,20190325,DWPR,11,,,a,
ASN00023718,20190306,MDPR,16,,,a,
ASN00023718,20190312,MDPR,26,,,a,
ASN00023718,20190325,MDPR,4,,,a,
ASN00023718,20190401,PRCP,0,,,a,
ASN00023718,20190406,PRCP,0,,,a,
ASN00023718,20190411,PRCP,0,,,a,
ASN00023718,20190418,PRCP,0,,,a,
ASN00023718,20190419,PRCP,0,,,a,
ASN00023718,20190420,PRCP,0,,,a,
ASN00023718,20190421,PRCP,0,,,a,
ASN00023718,20190422,PRCP,0,,,a,
ASN00023718,20190423,PRCP,0,,,a,
ASN00023718,20190424,PRCP,0,,,a,
ASN00023718,20190425,PRCP,0,,,a,
ASN00023718,20190426,PRCP,0,,,a,
ASN00023718,20190427,PRCP,0,,,a,
ASN00023718,20190428,PRCP,0,,,a,
ASN00023718,20190429,PRCP,0,,,a,
ASN00023718,20190430,PRCP,0,,,a,
ASN00023718,20190405,DAPR,4,,,a,
ASN00023718,20190410,DAPR,4,,,a,
ASN00023718,20190417,DAPR,6,,,a,
ASN00023718,20190405,DWPR,4,,,a,
ASN00023718,20190410,DWPR,4,,,a,
ASN00023718,20190417,DWPR,6,,,a,
ASN00023718,20190405,MDPR,54,,,a,
ASN00023718,20190410,MDPR,50,,,a,
ASN00023718,20190417,MDPR,22,,,a,
ASN00023718,20190501,PRCP,72,,,a,
ASN00023718,20190502,PRCP,82,,,a,
ASN00023718,20190503,PRCP,0,,,a,
ASN00023718,20190508,PRCP,50,,,a,
ASN00023718,20190509,PRCP,0,,,a,
ASN00023718,20190510,PRCP,250,,,a,
ASN00023718,20190511,PRCP,0,,,a,
ASN00023718,20190516,PRCP,0,,,a,
ASN00023718,20190517,PRCP,0,,,a,
ASN00023718,20190518,PRCP,0,,,a,
ASN00023718,20190519,PRCP,0,,,a,
ASN00023718,20190522,PRCP,0,,,a,
ASN00023718,20190530,PRCP,0,,,a,
ASN00023718,20190531,PRCP,90,,,a,
ASN00023718,20190507,DAPR,4,,,a,
ASN00023718,20190515,DAPR,4,,,a,
ASN00023718,20190521,DAPR,2,,,a,
ASN00023718,20190524,DAPR,2,,,a,
ASN00023718,20190529,DAPR,5,,,a,
ASN00023718,20190507,DWPR,4,,,a,
ASN00023718,20190515,DWPR,4,,,a,
ASN00023718,20190521,DWPR,2,,,a,
ASN00023718,20190524,DWPR,2,,,a,
ASN00023718,20190529,DWPR,5,,,a,
ASN00023718,20190507,MDPR,58,,,a,
ASN00023718,20190515,MDPR,24,,,a,
ASN00023718,20190521,MDPR,30,,,a,
ASN00023718,20190524,MDPR,10,,,a,
ASN00023718,20190529,MDPR,240,,,a,
ASN00023718,20190606,PRCP,0,,,a,
ASN00023718,20190614,PRCP,0,,,a,
ASN00023718,20190618,PRCP,48,,,a,
ASN00023718,20190628,PRCP,0,,,a,
ASN00023718,20190629,PRCP,0,,,a,
ASN00023718,20190603,DAPR,3,,,a,
ASN00023718,20190605,DAPR,2,,,a,
ASN00023718,20190613,DAPR,7,,,a,
ASN00023718,20190617,DAPR,3,,,a,
ASN00023718,20190627,DAPR,9,,,a,
ASN00023718,20190603,DWPR,3,,,a,
ASN00023718,20190605,DWPR,2,,,a,
ASN00023718,20190613,DWPR,7,,,a,
ASN00023718,20190617,DWPR,3,,,a,
ASN00023718,20190627,DWPR,9,,,a,
ASN00023718,20190603,MDPR,42,,,a,
ASN00023718,20190605,MDPR,40,,,a,
ASN00023718,20190613,MDPR,142,,,a,
ASN00023718,20190617,MDPR,82,,,a,
ASN00023718,20190627,MDPR,6,,,a,
ASN00023718,20190705,PRCP,0,,,a,
ASN00023718,20190706,PRCP,0,,,a,
ASN00023718,20190707,PRCP,0,,,a,
ASN00023718,20190708,PRCP,0,,,a,
ASN00023718,20190709,PRCP,0,,,a,
ASN00023718,20190710,PRCP,0,,,a,
ASN00023718,20190711,PRCP,0,,,a,
ASN00023718,20190712,PRCP,0,,,a,
ASN00023718,20190713,PRCP,0,,,a,
ASN00023718,20190714,PRCP,0,,,a,
ASN00023718,20190715,PRCP,0,,,a,
ASN00023718,20190716,PRCP,0,,,a,
ASN00023718,20190717,PRCP,0,,,a,
ASN00023718,20190718,PRCP,0,,,a,
ASN00023718,20190719,PRCP,0,,,a,
ASN00023718,20190720,PRCP,0,,,a,
ASN00023718,20190721,PRCP,0,,,a,
ASN00023718,20190722,PRCP,0,,,a,
ASN00023718,20190723,PRCP,0,,,a,
ASN00023718,20190704,DAPR,5,,,a,
ASN00023718,20190704,DWPR,5,,,a,
ASN00023718,20190704,MDPR,60,,,a,
ASN00023718,20190807,PRCP,0,,,a,
ASN00023718,20190808,PRCP,212,,,a,
ASN00023718,20190809,PRCP,0,,,a,
ASN00023718,20190813,PRCP,0,,,a,
ASN00023718,20190816,PRCP,0,,,a,
ASN00023718,20190822,PRCP,0,,,a,
ASN00023718,20190823,PRCP,0,,,a,
ASN00023718,20190824,PRCP,0,,,a,
ASN00023718,20190825,PRCP,0,,,a,
ASN00023718,20190826,PRCP,0,,,a,
ASN00023718,20190827,PRCP,0,,,a,
ASN00023718,20190828,PRCP,0,,,a,
ASN00023718,20190806,DAPR,14,,,a,
ASN00023718,20190812,DAPR,3,,,a,
ASN00023718,20190815,DAPR,2,,,a,
ASN00023718,20190821,DAPR,5,,,a,
ASN00023718,20190830,DAPR,2,,,a,
ASN00023718,20190806,DWPR,14,,,a,
ASN00023718,20190812,DWPR,3,,,a,
ASN00023718,20190815,DWPR,2,,,a,
ASN00023718,20190821,DWPR,5,,,a,
ASN00023718,20190830,DWPR,2,,,a,
ASN00023718,20190806,MDPR,579,,,a,
ASN00023718,20190812,MDPR,304,,,a,
ASN00023718,20190815,MDPR,14,,,a,
ASN00023718,20190821,MDPR,112,,,a,
ASN00023718,20190830,MDPR,56,,,a,
ASN00023718,20190904,PRCP,0,,,a,
ASN00023718,20190911,PRCP,0,,,a,
ASN00023718,20190912,PRCP,0,,,a,
ASN00023718,20190913,PRCP,0,,,a,
ASN00023718,20190914,PRCP,0,,,a,
ASN00023718,20190915,PRCP,0,,,a,
ASN00023718,20190916,PRCP,0,,,a,
ASN00023718,20190917,PRCP,0,,,a,
ASN00023718,20190918,PRCP,0,,,a,
ASN00023718,20190927,PRCP,0,,,a,
ASN00023718,20190928,PRCP,0,,,a,
ASN00023718,20190929,PRCP,0,,,a,
ASN00023718,20190930,PRCP,0,,,a,
ASN00023718,20190903,DAPR,3,,,a,
ASN00023718,20190910,DAPR,6,,,a,
ASN00023718,20190926,DAPR,8,,,a,
ASN00023718,20190903,DWPR,3,,,a,
ASN00023718,20190910,DWPR,6,,,a,
ASN00023718,20190926,DWPR,8,,,a,
ASN00023718,20190903,MDPR,20,,,a,
ASN00023718,20190910,MDPR,92,,,a,
ASN00023718,20190926,MDPR,280,,,a,
ASN00023718,20191001,PRCP,0,,,a,
ASN00023718,20191010,PRCP,0,,,a,
ASN00023718,20191018,PRCP,8,,,a,
ASN00023718,20191019,PRCP,0,,,a,
ASN00023718,20191020,PRCP,0,,,a,
ASN00023718,20191021,PRCP,0,,,a,
ASN00023718,20191022,PRCP,0,,,a,
ASN00023718,20191023,PRCP,0,,,a,
ASN00023718,20191024,PRCP,0,,,a,
ASN00023718,20191025,PRCP,0,,,a,
ASN00023718,20191026,PRCP,0,,,a,
ASN00023718,20191027,PRCP,0,,,a,
ASN00023718,20191028,PRCP,0,,,a,
ASN00023718,20191029,PRCP,0,,,a,
ASN00023718,20191030,PRCP,0,,,a,
ASN00023718,20191031,PRCP,0,,,a,
ASN00023718,20191009,DAPR,8,,,a,
ASN00023718,20191017,DAPR,7,,,a,
ASN00023718,20191009,DWPR,8,,,a,
ASN00023718,20191017,DWPR,7,,,a,
ASN00023718,20191009,MDPR,78,,,a,
ASN00023718,20191017,MDPR,108,,,a,
ASN00023718,20191101,PRCP,0,,,a,
ASN00023718,20191105,PRCP,36,,,a,
ASN00023718,20191121,PRCP,0,,,a,
ASN00023718,20191122,PRCP,0,,,a,
ASN00023718,20191123,PRCP,0,,,a,
ASN00023718,20191124,PRCP,0,,,a,
ASN00023718,20191125,PRCP,0,,,a,
ASN00023718,20191126,PRCP,0,,,a,
ASN00023718,20191127,PRCP,0,,,a,
ASN00023718,20191128,PRCP,0,,,a,
ASN00023718,20191129,PRCP,0,,,a,
ASN00023718,20191104,DAPR,3,,,a,
ASN00023718,20191120,DAPR,15,,,a,
ASN00023718,20191104,DWPR,3,,,a,
ASN00023718,20191120,DWPR,15,,,a,
ASN00023718,20191104,MDPR,130,,,a,
ASN00023718,20191120,MDPR,14,,,a,
ASN00023718,20191203,PRCP,0,,,a,
ASN00023718,20191204,PRCP,0,,,a,
ASN00023718,20191205,PRCP,0,,,a,
ASN00023718,20191206,PRCP,0,,,a,
ASN00023718,20191207,PRCP,0,,,a,
ASN00023718,20191208,PRCP,0,,,a,
ASN00023718,20191202,DAPR,3,,,a,
ASN00023718,20191202,DWPR,3,,,a,
ASN00023718,20191202,MDPR,98,,,a,
ASN00023718,20200108,PRCP,0,,,a,
ASN00023718,20200118,PRCP,0,,,a,
ASN00023718,20200124,PRCP,0,,,a,
ASN00023718,20200129,PRCP,0,,,a,
ASN00023718,20200130,PRCP,0,,,a,
ASN00023718,20200131,PRCP,0,,,a,
ASN00023718,20200107,DAPR,30,,,a,
ASN00023718,20200117,DAPR,9,,,a,
ASN00023718,20200121,DAPR,3,,,a,
ASN00023718,20200123,DAPR,2,,,a,
ASN00023718,20200128,DAPR,4,,,a,
ASN00023718,20200107,DWPR,30,,,a,
ASN00023718,20200117,DWPR,9,,,a,
ASN00023718,20200121,DWPR,3,,,a,
ASN00023718,20200123,DWPR,2,,,a,
ASN00023718,20200128,DWPR,4,,,a,
ASN00023718,20200107,MDPR,62,,,a,
ASN00023718,20200117,MDPR,30,,,a,
ASN00023718,20200121,MDPR,286,,,a,
ASN00023718,20200123,MDPR,48,,,a,
ASN00023718,20200128,MDPR,30,,,a,
ASN00023718,20200201,PRCP,0,,,a,
ASN00023718,20200205,PRCP,0,,,a,
ASN00023718,20200225,PRCP,0,,,a,
ASN00023718,20200226,PRCP,0,,,a,
ASN00023718,20200227,PRCP,0,,,a,
ASN00023718,20200228,PRCP,0,,,a,
ASN00023718,20200229,PRCP,0,,,a,
ASN00023718,20200204,DAPR,3,,,a,
ASN00023718,20200224,DAPR,19,,,a,
ASN00023718,20200204,DWPR,3,,,a,
ASN00023718,20200224,DWPR,19,,,a,
ASN00023718,20200204,MDPR,134,,,a,
ASN00023718,20200224,MDPR,20,,,a,
ASN00023718,20200301,PRCP,0,,,a,
ASN00023718,20200305,PRCP,0,,,a,
ASN00023718,20200306,PRCP,0,,,a,
ASN00023718,20200312,PRCP,0,,,a,
ASN00023718,20200304,DAPR,3,,,a,
ASN00023718,20200311,DAPR,5,,,a,
ASN00023718,20200304,DWPR,3,,,a,
ASN00023718,20200311,DWPR,5,,,a,
ASN00023718,20200304,MDPR,14,,,a,
ASN00023718,20200311,MDPR,24,,,a,
ASN00023718,20200402,PRCP,36,,,a,
ASN00023718,20200403,PRCP,0,,,a,
ASN00023718,20200407,PRCP,0,,,a,
ASN00023718,20200417,PRCP,0,,,a,
ASN00023718,20200421,PRCP,0,,,a,
ASN00023718,20200429,PRCP,96,,,a,
ASN00023718,20200401,DAPR,20,,,a,
ASN00023718,20200406,DAPR,3,,,a,
ASN00023718,20200416,DAPR,9,,,a,
ASN00023718,20200420,DAPR,3,,,a,
ASN00023718,20200428,DAPR,7,,,a,
ASN00023718,20200401,DWPR,20,,,a,
ASN00023718,20200406,DWPR,3,,,a,
ASN00023718,20200416,DWPR,9,,,a,
ASN00023718,20200420,DWPR,3,,,a,
ASN00023718,20200428,DWPR,7,,,a,
ASN00023718,20200401,MDPR,12,,,a,
ASN00023718,20200406,MDPR,156,,,a,
ASN00023718,20200416,MDPR,6,,,a,
ASN00023718,20200420,MDPR,34,,,a,
ASN00023718,20200428,MDPR,206,,,a,
ASN00023718,20200501,PRCP,260,,,a,
ASN00023718,20200505,PRCP,0,,,a,
ASN00023718,20200513,PRCP,54,,,a,
ASN00023718,20200514,PRCP,0,,,a,
ASN00023718,20200523,PRCP,0,,,a,
ASN00023718,20200527,PRCP,0,,,a,
ASN00023718,20200528,PRCP,0,,,a,
ASN00023718,20200529,PRCP,0,,,a,
ASN00023718,20200504,DAPR,3,,,a,
ASN00023718,20200512,DAPR,7,,,a,
ASN00023718,20200520,DAPR,6,,,a,
ASN00023718,20200522,DAPR,2,,,a,
ASN00023718,20200526,DAPR,3,,,a,
ASN00023718,20200504,DWPR,3,,,a,
ASN00023718,20200512,DWPR,7,,,a,
ASN00023718,20200520,DWPR,6,,,a,
ASN00023718,20200522,DWPR,2,,,a,
ASN00023718,20200526,DWPR,3,,,a,
ASN00023718,20200504,MDPR,170,,,a,
ASN00023718,20200512,MDPR,230,,,a,
ASN00023718,20200520,MDPR,28,,,a,
ASN00023718,20200522,MDPR,150,,,a,
ASN00023718,20200526,MDPR,94,,,a,
ASN00023718,20200602,PRCP,22,,,a,
ASN00023718,20200603,PRCP,0,,,a,
ASN00023718,20200616,PRCP,0,,,a,
ASN00023718,20200624,PRCP,0,,,a,
ASN00023718,20200601,DAPR,3,,,a,
ASN00023718,20200612,DAPR,9,,,a,
ASN00023718,20200615,DAPR,3,,,a,
ASN00023718,20200623,DAPR,7,,,a,
ASN00023718,20200629,DAPR,5,,,a,
ASN00023718,20200601,DWPR,3,,,a,
ASN00023718,20200612,DWPR,9,,,a,
ASN00023718,20200615,DWPR,3,,,a,
ASN00023718,20200623,DWPR,7,,,a,
ASN00023718,20200629,DWPR,5,,,a,
ASN00023718,20200601,MDPR,214,,,a,
ASN00023718,20200612,MDPR,18,,,a,
ASN00023718,20200615,MDPR,100,,,a,
ASN00023718,20200623,MDPR,298,,,a,
ASN00023718,20200629,MDPR,24,,,a,
ASN00023718,20200703,PRCP,0,,,a,
ASN00023718,20200728,PRCP,0,,,a,
ASN00023718,20200729,PRCP,0,,,a,
ASN00023718,20200730,PRCP,0,,,a,
ASN00023718,20200731,PRCP,0,,,a,
ASN00023718,20200702,DAPR,3,,,a,
ASN00023718,20200707,DAPR,4,,,a,
ASN00023718,20200727,DAPR,20,,,a,
ASN00023718,20200702,DWPR,3,,,a,
ASN00023718,20200707,DWPR,4,,,a,
ASN00023718,20200727,DWPR,20,,,a,
ASN00023718,20200702,MDPR,104,,,a,
ASN00023718,20200707,MDPR,40,,,a,
ASN00023718,20200727,MDPR,122,,,a,
ASN00023718,20200813,PRCP,0,,,a,
ASN00023718,20200814,PRCP,54,,,a,
ASN00023718,20200815,PRCP,0,,,a,
ASN00023718,20200819,PRCP,0,,,a,
ASN00023718,20200820,PRCP,112,,,a,
ASN00023718,20200821,PRCP,0,,,a,
ASN00023718,20200825,PRCP,0,,,a,
ASN00023718,20200826,PRCP,0,,,a,
ASN00023718,20200827,PRCP,0,,,a,
ASN00023718,20200828,PRCP,0,,,a,
ASN00023718,20200829,PRCP,0,,,a,
ASN00023718,20200830,PRCP,0,,,a,
ASN00023718,20200831,PRCP,0,,,a,
ASN00023718,20200812,DAPR,12,,,a,
ASN00023718,20200818,DAPR,3,,,a,
ASN00023718,20200824,DAPR,3,,,a,
ASN00023718,20200812,DWPR,12,,,a,
ASN00023718,20200818,DWPR,3,,,a,
ASN00023718,20200824,DWPR,3,,,a,
ASN00023718,20200812,MDPR,98,,,a,
ASN00023718,20200818,MDPR,62,,,a,
ASN00023718,20200824,MDPR,188,,,a,
ASN00023718,20200924,PRCP,0,,,a,
ASN00023718,20200915,DAPR,15,,,a,
ASN00023718,20200923,DAPR,8,,,a,
ASN00023718,20200930,DAPR,6,,,a,
ASN00023718,20200915,DWPR,15,,,a,
ASN00023718,20200923,DWPR,8,,,a,
ASN00023718,20200930,DWPR,6,,,a,
ASN00023718,20200915,MDPR,184,,,a,
ASN00023718,20200923,MDPR,82,,,a,
ASN00023718,20200930,MDPR,222,,,a,
ASN00023718,20201001,PRCP,0,,,a,
ASN00023718,20201008,PRCP,122,,,a,
ASN00023718,20201009,PRCP,0,,,a,
ASN00023718,20201024,PRCP,0,,,a,
ASN00023718,20201007,DAPR,6,,,a,
ASN00023718,20201023,DAPR,14,,,a,
ASN00023718,20201030,DAPR,6,,,a,
ASN00023718,20201007,DWPR,6,,,a,
ASN00023718,20201023,DWPR,14,,,a,
ASN00023718,20201030,DWPR,6,,,a,
ASN00023718,20201007,MDPR,380,,,a,
ASN00023718,20201023,MDPR,52,,,a,
ASN00023718,20201030,MDPR,72,,,a,
ASN00023718,20201103,PRCP,0,,,a,
ASN00023718,20201107,PRCP,0,,,a,
ASN00023718,20201112,PRCP,0,,,a,
ASN00023718,20201102,DAPR,3,,,a,
ASN00023718,20201106,DAPR,3,,,a,
ASN00023718,20201111,DAPR,4,,,a,
ASN00023718,20201130,DAPR,18,,,a,
ASN00023718,20201102,DWPR,3,,,a,
ASN00023718,20201106,DWPR,3,,,a,
ASN00023718,20201111,DWPR,4,,,a,
ASN00023718,20201130,DWPR,18,,,a,
ASN00023718,20201102,MDPR,8,,,a,
ASN00023718,20201106,MDPR,20,,,a,
ASN00023718,20201111,MDPR,40,,,a,
ASN00023718,20201130,MDPR,22,,,a,
ASN00023718,20201201,PRCP,24,,,a,
ASN00023718,20201224,PRCP,0,,,a,
ASN00023718,20201225,PRCP,0,,,a,
ASN00023718,20201226,PRCP,0,,,a,
ASN00023718,20201227,PRCP,0,,,a,
ASN00023718,20201211,DAPR,10,,,a,
ASN00023718,20201217,DAPR,6,,,a,
ASN00023718,20201223,DAPR,6,,,a,
ASN00023718,20201211,DWPR,10,,,a,
ASN00023718,20201217,DWPR,6,,,a,
ASN00023718,20201223,DWPR,6,,,a,
ASN00023718,20201211,MDPR,34,,,a,
ASN00023718,20201217,MDPR,48,,,a,
ASN00023718,20201223,MDPR,30,,,a,
ASN00023718,20210128,PRCP,0,,,a,
ASN00023718,20210127,DAPR,31,,,a,
ASN00023718,20210127,DWPR,31,,,a,
ASN00023718,20210127,MDPR,126,,,a,
ASN00023718,20210206,PRCP,0,,,a,
ASN00023718,20210209,PRCP,0,,,a,
ASN00023718,20210217,PRCP,0,,,a,
ASN00023718,20210227,PRCP,0,,,a,
ASN00023718,20210228,PRCP,0,,,a,
ASN00023718,20210205,DAPR,8,,,a,
ASN00023718,20210208,DAPR,2,,,a,
ASN00023718,20210216,DAPR,7,,,a,
ASN00023718,20210226,DAPR,9,,,a,
ASN00023718,20210205,DWPR,8,,,a,
ASN00023718,20210208,DWPR,2,,,a,
ASN00023718,20210216,DWPR,7,,,a,
ASN00023718,20210226,DWPR,9,,,a,
ASN00023718,20210205,MDPR,122,,,a,
ASN00023718,20210208,MDPR,42,,,a,
ASN00023718,20210216,MDPR,42,,,a,
ASN00023718,20210226,MDPR,8,,,a,
ASN00023718,20210326,PRCP,0,,,a,
ASN00023718,20210311,DAPR,11,,,a,
ASN00023718,20210316,DAPR,5,,,a,
ASN00023718,20210325,DAPR,9,,,a,
ASN00023718,20210311,DWPR,11,,,a,
ASN00023718,20210316,DWPR,5,,,a,
ASN00023718,20210325,DWPR,9,,,a,
ASN00023718,20210311,MDPR,32,,,a,
ASN00023718,20210316,MDPR,114,,,a,
ASN00023718,20210325,MDPR,34,,,a,
ASN00023718,20210408,PRCP,0,,,a,
ASN00023718,20210409,PRCP,0,,,a,
ASN00023718,20210410,PRCP,0,,,a,
ASN00023718,20210411,PRCP,0,,,a,
ASN00023718,20210412,PRCP,0,,,a,
ASN00023718,20210413,PRCP,0,,,a,
ASN00023718,20210414,PRCP,68,,,a,
ASN00023718,20210415,PRCP,0,,,a,
ASN00023718,20210416,PRCP,4,,,a,
ASN00023718,20210417,PRCP,0,,,a,
ASN00023718,20210420,PRCP,0,,,a,
ASN00023718,20210421,PRCP,54,,,a,
ASN00023718,20210422,PRCP,0,,,a,
ASN00023718,20210407,DAPR,12,,,a,
ASN00023718,20210419,DAPR,2,,,a,
ASN00023718,20210407,DWPR,12,,,a,
ASN00023718,20210419,DWPR,2,,,a,
ASN00023718,20210407,MDPR,14,,,a,
ASN00023718,20210419,MDPR,14,,,a,
ASN00023718,20210505,PRCP,0,,,a,
ASN00023718,20210512,PRCP,0,,,a,
ASN00023718,20210513,PRCP,6,,,a,
ASN00023718,20210514,PRCP,0,,,a,
ASN00023718,20210528,PRCP,0,,,a,
ASN00023718,20210529,PRCP,0,,,a,
ASN00023718,20210530,PRCP,0,,,a,
ASN00023718,20210531,PRCP,0,,,a,
ASN00023718,20210504,DAPR,12,,,a,
ASN00023718,20210511,DAPR,6,,,a,
ASN00023718,20210517,DAPR,3,,,a,
ASN00023718,20210525,DAPR,8,,,a,
ASN00023718,20210527,DAPR,2,,,a,
ASN00023718,20210504,DWPR,12,,,a,
ASN00023718,20210511,DWPR,6,,,a,
ASN00023718,20210517,DWPR,3,,,a,
ASN00023718,20210525,DWPR,8,,,a,
ASN00023718,20210527,DWPR,2,,,a,
ASN00023718,20210504,MDPR,40,,,a,
ASN00023718,20210511,MDPR,42,,,a,
ASN00023718,20210517,MDPR,48,,,a,
ASN00023718,20210525,MDPR,74,,,a,
ASN00023718,20210527,MDPR,34,,,a,
ASN00023718,20210617,PRCP,0,,,a,
ASN00023718,20210623,PRCP,38,,,a,
ASN00023718,20210624,PRCP,0,,,a,
ASN00023718,20210625,PRCP,92,,,a,
ASN00023718,20210608,DAPR,8,,,a,
ASN00023718,20210611,DAPR,3,,,a,
ASN00023718,20210616,DAPR,5,,,a,
ASN00023718,20210622,DAPR,5,,,a,
ASN00023718,20210628,DAPR,3,,,a,
ASN00023718,20210608,DWPR,8,,,a,
ASN00023718,20210611,DWPR,3,,,a,
ASN00023718,20210616,DWPR,5,,,a,
ASN00023718,20210622,DWPR,5,,,a,
ASN00023718,20210628,DWPR,3,,,a,
ASN00023718,20210608,MDPR,130,,,a,
ASN00023718,20210611,MDPR,114,,,a,
ASN00023718,20210616,MDPR,160,,,a,
ASN00023718,20210622,MDPR,424,,,a,
ASN00023718,20210628,MDPR,84,,,a,
ASN00023718,20210729,PRCP,0,,,a,
ASN00023718,20210720,DAPR,22,,,a,
ASN00023718,20210728,DAPR,8,,,a,
ASN00023718,20210720,DWPR,22,,,a,
ASN00023718,20210728,DWPR,8,,,a,
ASN00023718,20210720,MDPR,290,,,a,
ASN00023718,20210728,MDPR,430,,,a,
ASN00023718,20210824,PRCP,40,,,a,
ASN00023718,20210827,PRCP,4,,,a,
ASN00023718,20210804,DAPR,6,,,a,
ASN00023718,20210813,DAPR,9,,,a,
ASN00023718,20210818,DAPR,5,,,a,
ASN00023718,20210823,DAPR,5,,,a,
ASN00023718,20210826,DAPR,2,,,a,
ASN00023718,20210804,DWPR,6,,,a,
ASN00023718,20210813,DWPR,9,,,a,
ASN00023718,20210818,DWPR,5,,,a,
ASN00023718,20210823,DWPR,5,,,a,
ASN00023718,20210826,DWPR,2,,,a,
ASN00023718,20210804,MDPR,170,,,a,
ASN00023718,20210813,MDPR,80,,,a,
ASN00023718,20210818,MDPR,12,,,a,
ASN00023718,20210823,MDPR,22,,,a,
ASN00023718,20210826,MDPR,56,,,a,
ASN00023718,20210916,PRCP,0,,,a,
ASN00023718,20210903,DAPR,7,,,a,
ASN00023718,20210906,DAPR,3,,,a,
ASN00023718,20210915,DAPR,9,,,a,
ASN00023718,20210920,DAPR,4,,,a,
ASN00023718,20210903,DWPR,7,,,a,
ASN00023718,20210906,DWPR,3,,,a,
ASN00023718,20210915,DWPR,9,,,a,
ASN00023718,20210920,DWPR,4,,,a,
ASN00023718,20210903,MDPR,14,,,a,
ASN00023718,20210906,MDPR,76,,,a,
ASN00023718,20210915,MDPR,40,,,a,
ASN00023718,20210920,MDPR,70,,,a,
ASN00023718,20211015,PRCP,128,,,a,
ASN00023718,20211029,PRCP,250,,,a,
ASN00023718,20211001,DAPR,11,,,a,
ASN00023718,20211005,DAPR,4,,,a,
ASN00023718,20211014,DAPR,9,,,a,
ASN00023718,20211028,DAPR,13,,,a,
ASN00023718,20211001,DWPR,11,,,a,
ASN00023718,20211005,DWPR,4,,,a,
ASN00023718,20211014,DWPR,9,,,a,
ASN00023718,20211028,DWPR,13,,,a,
ASN00023718,20211001,MDPR,144,,,a,
ASN00023718,20211005,MDPR,70,,,a,
ASN00023718,20211014,MDPR,32,,,a,
ASN00023718,20211028,MDPR,14,,,a,
ASN00023718,20211127,PRCP,0,,,a,
ASN00023718,20211128,PRCP,0,,,a,
ASN00023718,20211129,PRCP,0,,,a,
ASN00023718,20211130,PRCP,0,,,a,
ASN00023718,20211104,DAPR,6,,,a,
ASN00023718,20211111,DAPR,7,,,a,
ASN00023718,20211116,DAPR,5,,,a,
ASN00023718,20211126,DAPR,10,,,a,
ASN00023718,20211104,DWPR,6,,,a,
ASN00023718,20211111,DWPR,7,,,a,
ASN00023718,20211116,DWPR,5,,,a,
ASN00023718,20211126,DWPR,10,,,a,
ASN00023718,20211104,MDPR,38,,,a,
ASN00023718,20211111,MDPR,40,,,a,
ASN00023718,20211116,MDPR,66,,,a,
ASN00023718,20211126,MDPR,206,,,a,
ASN00023718,20211201,PRCP,0,,,a,
ASN00023718,20211202,PRCP,0,,,a,
ASN00023718,20211203,PRCP,0,,,a,
ASN00023718,20211204,PRCP,0,,,a,
ASN00023718,20211205,PRCP,0,,,a,
ASN00023718,20211206,PRCP,0,,,a,
ASN00023718,20211207,PRCP,0,,,a,
ASN00023718,20211208,PRCP,0,,,a,
ASN00023718,20211209,PRCP,0,,,a,
ASN00023718,20211210,PRCP,0,,,a,
ASN00023718,20211211,PRCP,0,,,a,
ASN00023718,20211212,PRCP,0,,,a,
ASN00023718,20211213,PRCP,0,,,a,
ASN00023718,20211214,PRCP,0,,,a,
ASN00023718,20211215,PRCP,0,,,a,
ASN00023718,20211216,PRCP,0,,,a,
ASN00023718,20211217,PRCP,0,,,a,
ASN00023718,20211218,PRCP,0,,,a,
ASN00023718,20211219,PRCP,0,,,a,
ASN00023718,20211220,PRCP,0,,,a,
ASN00023718,20211221,PRCP,0,,,a,
ASN00023718,20211222,PRCP,0,,,a,
ASN00023718,20211223,PRCP,0,,,a,
ASN00023718,20211224,PRCP,0,,,a,
ASN00023718,20211225,PRCP,0,,,a,
ASN00023718,20211226,PRCP,0,,,a,
ASN00023718,20211227,PRCP,0,,,a,
ASN00023718,20211228,PRCP,0,,,a,
ASN00023718,20211229,PRCP,0,,,a,
ASN00023718,20211230,PRCP,0,,,a,
ASN00023718,20211231,PRCP,0,,,a,
ASN00023718,20220101,PRCP,0,,,a,
ASN00023718,20220108,PRCP,0,,,a,
ASN00023718,20220125,PRCP,0,,,a,
ASN00023718,20220107,DAPR,6,,,a,
ASN00023718,20220124,DAPR,16,,,a,
ASN00023718,20220107,DWPR,6,,,a,
ASN00023718,20220124,DWPR,16,,,a,
ASN00023718,20220107,MDPR,20,,,a,
ASN00023718,20220124,MDPR,280,,,a,
ASN00023718,20220204,DAPR,10,,,a,
ASN00023718,20220204,DWPR,10,,,a,
ASN00023718,20220204,MDPR,8,,,a,
ASN00023718,20220302,DAPR,26,,,a,
ASN00023718,20220310,DAPR,8,,,a,
ASN00023718,20220302,DWPR,26,,,a,
ASN00023718,20220310,DWPR,8,,,a,
ASN00023718,20220302,MDPR,76,,,a,
ASN00023718,20220310,MDPR,20,,,a,
