ASN00092045,19080816,PRCP,30,,,a,
ASN00092045,19080821,PRCP,8,,,a,
ASN00092045,19080822,PRCP,46,,,a,
ASN00092045,19080823,PRCP,5,,,a,
ASN00092045,19080901,PRCP,0,,,a,
ASN00092045,19080902,PRCP,112,,,a,
ASN00092045,19080903,PRCP,137,,,a,
ASN00092045,19080904,PRCP,0,,,a,
ASN00092045,19080905,PRCP,0,,,a,
ASN00092045,19080906,PRCP,13,,,a,
ASN00092045,19080907,PRCP,0,,,a,
ASN00092045,19080908,PRCP,0,,,a,
ASN00092045,19080909,PRCP,10,,,a,
ASN00092045,19080910,PRCP,0,,,a,
ASN00092045,19080911,PRCP,0,,,a,
ASN00092045,19080912,PRCP,0,,,a,
ASN00092045,19080913,PRCP,41,,,a,
ASN00092045,19080914,PRCP,41,,,a,
ASN00092045,19080915,PRCP,0,,,a,
ASN00092045,19080916,PRCP,10,,,a,
ASN00092045,19080917,PRCP,0,,,a,
ASN00092045,19080918,PRCP,0,,,a,
ASN00092045,19080919,PRCP,10,,,a,
ASN00092045,19080920,PRCP,3,,,a,
ASN00092045,19080921,PRCP,18,,,a,
ASN00092045,19080922,PRCP,0,,,a,
ASN00092045,19080923,PRCP,0,,,a,
ASN00092045,19080924,PRCP,0,,,a,
ASN00092045,19080925,PRCP,0,,,a,
ASN00092045,19080926,PRCP,43,,,a,
ASN00092045,19080927,PRCP,15,,,a,
ASN00092045,19080928,PRCP,30,,,a,
ASN00092045,19080929,PRCP,0,,,a,
ASN00092045,19080930,PRCP,0,,,a,
ASN00092045,19081001,PRCP,13,,,a,
ASN00092045,19081002,PRCP,10,,,a,
ASN00092045,19081003,PRCP,0,,,a,
ASN00092045,19081004,PRCP,0,,,a,
ASN00092045,19081005,PRCP,0,,,a,
ASN00092045,19081006,PRCP,0,,,a,
ASN00092045,19081007,PRCP,0,,,a,
ASN00092045,19081008,PRCP,15,,,a,
ASN00092045,19081009,PRCP,38,,,a,
ASN00092045,19081010,PRCP,64,,,a,
ASN00092045,19081011,PRCP,0,,,a,
ASN00092045,19081012,PRCP,0,,,a,
ASN00092045,19081013,PRCP,0,,,a,
ASN00092045,19081014,PRCP,0,,,a,
ASN00092045,19081015,PRCP,0,,,a,
ASN00092045,19081016,PRCP,0,,,a,
ASN00092045,19081017,PRCP,18,,,a,
ASN00092045,19081018,PRCP,20,,,a,
ASN00092045,19081019,PRCP,5,,,a,
ASN00092045,19081020,PRCP,18,,,a,
ASN00092045,19081021,PRCP,13,,,a,
ASN00092045,19081022,PRCP,0,,,a,
ASN00092045,19081023,PRCP,0,,,a,
ASN00092045,19081024,PRCP,0,,,a,
ASN00092045,19081025,PRCP,0,,,a,
ASN00092045,19081026,PRCP,0,,,a,
ASN00092045,19081027,PRCP,0,,,a,
ASN00092045,19081028,PRCP,0,,,a,
ASN00092045,19081029,PRCP,0,,,a,
ASN00092045,19081030,PRCP,0,,,a,
ASN00092045,19081031,PRCP,8,,,a,
ASN00092045,19081101,PRCP,0,,,a,
ASN00092045,19081102,PRCP,0,,,a,
ASN00092045,19081103,PRCP,43,,,a,
ASN00092045,19081104,PRCP,0,,,a,
ASN00092045,19081105,PRCP,0,,,a,
ASN00092045,19081106,PRCP,0,,,a,
ASN00092045,19081107,PRCP,0,,,a,
ASN00092045,19081108,PRCP,0,,,a,
ASN00092045,19081109,PRCP,0,,,a,
ASN00092045,19081110,PRCP,0,,,a,
ASN00092045,19081111,PRCP,0,,,a,
ASN00092045,19081112,PRCP,0,,,a,
ASN00092045,19081113,PRCP,0,,,a,
ASN00092045,19081114,PRCP,0,,,a,
ASN00092045,19081115,PRCP,0,,,a,
ASN00092045,19081116,PRCP,0,,,a,
ASN00092045,19081117,PRCP,0,,,a,
ASN00092045,19081118,PRCP,5,,,a,
ASN00092045,19081119,PRCP,0,,,a,
ASN00092045,19081120,PRCP,0,,,a,
ASN00092045,19081121,PRCP,0,,,a,
ASN00092045,19081122,PRCP,64,,,a,
ASN00092045,19081123,PRCP,0,,,a,
ASN00092045,19081124,PRCP,0,,,a,
ASN00092045,19081125,PRCP,0,,,a,
ASN00092045,19081126,PRCP,0,,,a,
ASN00092045,19081127,PRCP,97,,,a,
ASN00092045,19081128,PRCP,0,,,a,
ASN00092045,19081129,PRCP,0,,,a,
ASN00092045,19081130,PRCP,0,,,a,
ASN00092045,19081201,PRCP,0,,,a,
ASN00092045,19081202,PRCP,0,,,a,
ASN00092045,19081203,PRCP,0,,,a,
ASN00092045,19081204,PRCP,0,,,a,
ASN00092045,19081205,PRCP,0,,,a,
ASN00092045,19081206,PRCP,0,,,a,
ASN00092045,19081207,PRCP,0,,,a,
ASN00092045,19081208,PRCP,30,,,a,
ASN00092045,19081209,PRCP,46,,,a,
ASN00092045,19081210,PRCP,0,,,a,
ASN00092045,19081211,PRCP,0,,,a,
ASN00092045,19081212,PRCP,0,,,a,
ASN00092045,19081213,PRCP,0,,,a,
ASN00092045,19081214,PRCP,0,,,a,
ASN00092045,19081215,PRCP,0,,,a,
ASN00092045,19081216,PRCP,0,,,a,
ASN00092045,19081217,PRCP,0,,,a,
ASN00092045,19081218,PRCP,13,,,a,
ASN00092045,19081219,PRCP,0,,,a,
ASN00092045,19081220,PRCP,0,,,a,
ASN00092045,19081221,PRCP,0,,,a,
ASN00092045,19081222,PRCP,15,,,a,
ASN00092045,19081223,PRCP,51,,,a,
ASN00092045,19081224,PRCP,0,,,a,
ASN00092045,19081225,PRCP,0,,,a,
ASN00092045,19081226,PRCP,0,,,a,
ASN00092045,19081227,PRCP,0,,,a,
ASN00092045,19081228,PRCP,0,,,a,
ASN00092045,19081229,PRCP,5,,,a,
ASN00092045,19081230,PRCP,13,,,a,
ASN00092045,19081231,PRCP,0,,,a,
ASN00092045,19090101,PRCP,0,,,a,
ASN00092045,19090102,PRCP,0,,,a,
ASN00092045,19090103,PRCP,41,,,a,
ASN00092045,19090104,PRCP,178,,,a,
ASN00092045,19090105,PRCP,74,,,a,
ASN00092045,19090106,PRCP,5,,,a,
ASN00092045,19090107,PRCP,0,,,a,
ASN00092045,19090108,PRCP,18,,,a,
ASN00092045,19090109,PRCP,0,,,a,
ASN00092045,19090110,PRCP,0,,,a,
ASN00092045,19090111,PRCP,0,,,a,
ASN00092045,19090112,PRCP,0,,,a,
ASN00092045,19090113,PRCP,15,,,a,
ASN00092045,19090114,PRCP,0,,,a,
ASN00092045,19090115,PRCP,0,,,a,
ASN00092045,19090116,PRCP,0,,,a,
ASN00092045,19090117,PRCP,0,,,a,
ASN00092045,19090118,PRCP,0,,,a,
ASN00092045,19090119,PRCP,0,,,a,
ASN00092045,19090120,PRCP,0,,,a,
ASN00092045,19090121,PRCP,10,,,a,
ASN00092045,19090122,PRCP,0,,,a,
ASN00092045,19090123,PRCP,0,,,a,
ASN00092045,19090124,PRCP,0,,,a,
ASN00092045,19090125,PRCP,0,,,a,
ASN00092045,19090126,PRCP,0,,,a,
ASN00092045,19090127,PRCP,0,,,a,
ASN00092045,19090128,PRCP,0,,,a,
ASN00092045,19090129,PRCP,0,,,a,
ASN00092045,19090130,PRCP,3,,,a,
ASN00092045,19090131,PRCP,147,,,a,
ASN00092045,19090201,PRCP,0,,,a,
ASN00092045,19090202,PRCP,5,,,a,
ASN00092045,19090203,PRCP,0,,,a,
ASN00092045,19090204,PRCP,0,,,a,
ASN00092045,19090205,PRCP,0,,,a,
ASN00092045,19090206,PRCP,0,,,a,
ASN00092045,19090207,PRCP,0,,,a,
ASN00092045,19090208,PRCP,0,,,a,
ASN00092045,19090209,PRCP,0,,,a,
ASN00092045,19090210,PRCP,0,,,a,
ASN00092045,19090211,PRCP,0,,,a,
ASN00092045,19090212,PRCP,0,,,a,
ASN00092045,19090213,PRCP,0,,,a,
ASN00092045,19090214,PRCP,0,,,a,
ASN00092045,19090215,PRCP,0,,,a,
ASN00092045,19090216,PRCP,15,,,a,
ASN00092045,19090217,PRCP,0,,,a,
ASN00092045,19090218,PRCP,0,,,a,
ASN00092045,19090219,PRCP,0,,,a,
ASN00092045,19090220,PRCP,0,,,a,
ASN00092045,19090221,PRCP,0,,,a,
ASN00092045,19090222,PRCP,8,,,a,
ASN00092045,19090223,PRCP,3,,,a,
ASN00092045,19090224,PRCP,0,,,a,
ASN00092045,19090225,PRCP,30,,,a,
ASN00092045,19090226,PRCP,3,,,a,
ASN00092045,19090227,PRCP,15,,,a,
ASN00092045,19090228,PRCP,43,,,a,
ASN00092045,19090301,PRCP,30,,,a,
ASN00092045,19090302,PRCP,28,,,a,
ASN00092045,19090303,PRCP,0,,,a,
ASN00092045,19090304,PRCP,0,,,a,
ASN00092045,19090305,PRCP,0,,,a,
ASN00092045,19090306,PRCP,0,,,a,
ASN00092045,19090307,PRCP,84,,,a,
ASN00092045,19090308,PRCP,23,,,a,
ASN00092045,19090309,PRCP,36,,,a,
ASN00092045,19090310,PRCP,46,,,a,
ASN00092045,19090311,PRCP,0,,,a,
ASN00092045,19090312,PRCP,0,,,a,
ASN00092045,19090313,PRCP,0,,,a,
ASN00092045,19090314,PRCP,0,,,a,
ASN00092045,19090315,PRCP,0,,,a,
ASN00092045,19090316,PRCP,0,,,a,
ASN00092045,19090317,PRCP,15,,,a,
ASN00092045,19090318,PRCP,0,,,a,
ASN00092045,19090319,PRCP,10,,,a,
ASN00092045,19090320,PRCP,0,,,a,
ASN00092045,19090321,PRCP,0,,,a,
ASN00092045,19090322,PRCP,0,,,a,
ASN00092045,19090323,PRCP,0,,,a,
ASN00092045,19090324,PRCP,0,,,a,
ASN00092045,19090325,PRCP,0,,,a,
ASN00092045,19090326,PRCP,13,,,a,
ASN00092045,19090327,PRCP,0,,,a,
ASN00092045,19090328,PRCP,0,,,a,
ASN00092045,19090329,PRCP,0,,,a,
ASN00092045,19090330,PRCP,155,,,a,
ASN00092045,19090331,PRCP,0,,,a,
ASN00092045,19090401,PRCP,0,,,a,
ASN00092045,19090402,PRCP,0,,,a,
ASN00092045,19090403,PRCP,0,,,a,
ASN00092045,19090404,PRCP,36,,,a,
ASN00092045,19090405,PRCP,0,,,a,
ASN00092045,19090406,PRCP,0,,,a,
ASN00092045,19090407,PRCP,0,,,a,
ASN00092045,19090408,PRCP,0,,,a,
ASN00092045,19090409,PRCP,20,,,a,
ASN00092045,19090410,PRCP,0,,,a,
ASN00092045,19090411,PRCP,0,,,a,
ASN00092045,19090412,PRCP,0,,,a,
ASN00092045,19090413,PRCP,25,,,a,
ASN00092045,19090414,PRCP,10,,,a,
ASN00092045,19090415,PRCP,0,,,a,
ASN00092045,19090416,PRCP,0,,,a,
ASN00092045,19090417,PRCP,0,,,a,
ASN00092045,19090418,PRCP,0,,,a,
ASN00092045,19090419,PRCP,20,,,a,
ASN00092045,19090420,PRCP,53,,,a,
ASN00092045,19090421,PRCP,13,,,a,
ASN00092045,19090422,PRCP,0,,,a,
ASN00092045,19090423,PRCP,0,,,a,
ASN00092045,19090424,PRCP,0,,,a,
ASN00092045,19090425,PRCP,0,,,a,
ASN00092045,19090426,PRCP,81,,,a,
ASN00092045,19090427,PRCP,56,,,a,
ASN00092045,19090428,PRCP,0,,,a,
ASN00092045,19090429,PRCP,33,,,a,
ASN00092045,19090430,PRCP,81,,,a,
ASN00092045,19090501,PRCP,79,,,a,
ASN00092045,19090502,PRCP,0,,,a,
ASN00092045,19090503,PRCP,0,,,a,
ASN00092045,19090504,PRCP,0,,,a,
ASN00092045,19090505,PRCP,0,,,a,
ASN00092045,19090506,PRCP,0,,,a,
ASN00092045,19090507,PRCP,8,,,a,
ASN00092045,19090508,PRCP,0,,,a,
ASN00092045,19090509,PRCP,0,,,a,
ASN00092045,19090510,PRCP,3,,,a,
ASN00092045,19090511,PRCP,0,,,a,
ASN00092045,19090512,PRCP,13,,,a,
ASN00092045,19090513,PRCP,43,,,a,
ASN00092045,19090514,PRCP,137,,,a,
ASN00092045,19090515,PRCP,315,,,a,
ASN00092045,19090516,PRCP,79,,,a,
ASN00092045,19090517,PRCP,0,,,a,
ASN00092045,19090518,PRCP,0,,,a,
ASN00092045,19090519,PRCP,0,,,a,
ASN00092045,19090520,PRCP,0,,,a,
ASN00092045,19090521,PRCP,15,,,a,
ASN00092045,19090522,PRCP,36,,,a,
ASN00092045,19090523,PRCP,0,,,a,
ASN00092045,19090524,PRCP,0,,,a,
ASN00092045,19090525,PRCP,0,,,a,
ASN00092045,19090526,PRCP,10,,,a,
ASN00092045,19090527,PRCP,5,,,a,
ASN00092045,19090528,PRCP,0,,,a,
ASN00092045,19090529,PRCP,0,,,a,
ASN00092045,19090530,PRCP,0,,,a,
ASN00092045,19090531,PRCP,0,,,a,
ASN00092045,19090601,PRCP,36,,,a,
ASN00092045,19090602,PRCP,124,,,a,
ASN00092045,19090603,PRCP,18,,,a,
ASN00092045,19090604,PRCP,0,,,a,
ASN00092045,19090605,PRCP,0,,,a,
ASN00092045,19090606,PRCP,0,,,a,
ASN00092045,19090607,PRCP,0,,,a,
ASN00092045,19090608,PRCP,5,,,a,
ASN00092045,19090609,PRCP,20,,,a,
ASN00092045,19090610,PRCP,0,,,a,
ASN00092045,19090611,PRCP,94,,,a,
ASN00092045,19090612,PRCP,378,,,a,
ASN00092045,19090613,PRCP,18,,,a,
ASN00092045,19090614,PRCP,0,,,a,
ASN00092045,19090615,PRCP,0,,,a,
ASN00092045,19090616,PRCP,0,,,a,
ASN00092045,19090617,PRCP,0,,,a,
ASN00092045,19090618,PRCP,66,,,a,
ASN00092045,19090619,PRCP,46,,,a,
ASN00092045,19090620,PRCP,8,,,a,
ASN00092045,19090621,PRCP,20,,,a,
ASN00092045,19090622,PRCP,41,,,a,
ASN00092045,19090623,PRCP,0,,,a,
ASN00092045,19090624,PRCP,25,,,a,
ASN00092045,19090625,PRCP,119,,,a,
ASN00092045,19090626,PRCP,0,,,a,
ASN00092045,19090627,PRCP,18,,,a,
ASN00092045,19090628,PRCP,0,,,a,
ASN00092045,19090629,PRCP,20,,,a,
ASN00092045,19090630,PRCP,8,,,a,
ASN00092045,19090701,PRCP,28,,,a,
ASN00092045,19090702,PRCP,36,,,a,
ASN00092045,19090703,PRCP,43,,,a,
ASN00092045,19090704,PRCP,0,,,a,
ASN00092045,19090705,PRCP,25,,,a,
ASN00092045,19090706,PRCP,0,,,a,
ASN00092045,19090707,PRCP,0,,,a,
ASN00092045,19090708,PRCP,0,,,a,
ASN00092045,19090709,PRCP,0,,,a,
ASN00092045,19090710,PRCP,0,,,a,
ASN00092045,19090711,PRCP,0,,,a,
ASN00092045,19090712,PRCP,20,,,a,
ASN00092045,19090713,PRCP,79,,,a,
ASN00092045,19090714,PRCP,8,,,a,
ASN00092045,19090715,PRCP,36,,,a,
ASN00092045,19090716,PRCP,69,,,a,
ASN00092045,19090717,PRCP,0,,,a,
ASN00092045,19090718,PRCP,0,,,a,
ASN00092045,19090719,PRCP,0,,,a,
ASN00092045,19090720,PRCP,0,,,a,
ASN00092045,19090721,PRCP,0,,,a,
ASN00092045,19090722,PRCP,0,,,a,
ASN00092045,19090723,PRCP,8,,,a,
ASN00092045,19090724,PRCP,107,,,a,
ASN00092045,19090725,PRCP,25,,,a,
ASN00092045,19090726,PRCP,0,,,a,
ASN00092045,19090727,PRCP,23,,,a,
ASN00092045,19090728,PRCP,8,,,a,
ASN00092045,19090729,PRCP,71,,,a,
ASN00092045,19090730,PRCP,94,,,a,
ASN00092045,19090731,PRCP,10,,,a,
ASN00092045,19090801,PRCP,10,,,a,
ASN00092045,19090802,PRCP,66,,,a,
ASN00092045,19090803,PRCP,10,,,a,
ASN00092045,19090804,PRCP,0,,,a,
ASN00092045,19090805,PRCP,0,,,a,
ASN00092045,19090806,PRCP,0,,,a,
ASN00092045,19090807,PRCP,0,,,a,
ASN00092045,19090808,PRCP,0,,,a,
ASN00092045,19090809,PRCP,0,,,a,
ASN00092045,19090810,PRCP,20,,,a,
ASN00092045,19090811,PRCP,0,,,a,
ASN00092045,19090812,PRCP,56,,,a,
ASN00092045,19090813,PRCP,10,,,a,
ASN00092045,19090814,PRCP,0,,,a,
ASN00092045,19090815,PRCP,0,,,a,
ASN00092045,19090816,PRCP,0,,,a,
ASN00092045,19090817,PRCP,0,,,a,
ASN00092045,19090818,PRCP,0,,,a,
ASN00092045,19090819,PRCP,10,,,a,
ASN00092045,19090820,PRCP,226,,,a,
ASN00092045,19090821,PRCP,61,,,a,
ASN00092045,19090822,PRCP,0,,,a,
ASN00092045,19090823,PRCP,0,,,a,
ASN00092045,19090824,PRCP,213,,,a,
ASN00092045,19090825,PRCP,0,,,a,
ASN00092045,19090826,PRCP,0,,,a,
ASN00092045,19090827,PRCP,0,,,a,
ASN00092045,19090828,PRCP,0,,,a,
ASN00092045,19090829,PRCP,28,,,a,
ASN00092045,19090830,PRCP,97,,,a,
ASN00092045,19090831,PRCP,18,,,a,
ASN00092045,19090901,PRCP,28,,,a,
ASN00092045,19090902,PRCP,51,,,a,
ASN00092045,19090903,PRCP,15,,,a,
ASN00092045,19090904,PRCP,25,,,a,
ASN00092045,19090905,PRCP,33,,,a,
ASN00092045,19090906,PRCP,0,,,a,
ASN00092045,19090907,PRCP,0,,,a,
ASN00092045,19090908,PRCP,0,,,a,
ASN00092045,19090909,PRCP,0,,,a,
ASN00092045,19090910,PRCP,25,,,a,
ASN00092045,19090911,PRCP,10,,,a,
ASN00092045,19090912,PRCP,0,,,a,
ASN00092045,19090913,PRCP,3,,,a,
ASN00092045,19090914,PRCP,10,,,a,
ASN00092045,19090915,PRCP,0,,,a,
ASN00092045,19090916,PRCP,0,,,a,
ASN00092045,19090917,PRCP,0,,,a,
ASN00092045,19090918,PRCP,76,,,a,
ASN00092045,19090919,PRCP,0,,,a,
ASN00092045,19090920,PRCP,0,,,a,
ASN00092045,19090921,PRCP,30,,,a,
ASN00092045,19090922,PRCP,28,,,a,
ASN00092045,19090923,PRCP,0,,,a,
ASN00092045,19090924,PRCP,8,,,a,
ASN00092045,19090925,PRCP,10,,,a,
ASN00092045,19090926,PRCP,0,,,a,
ASN00092045,19090927,PRCP,0,,,a,
ASN00092045,19090928,PRCP,0,,,a,
ASN00092045,19090929,PRCP,0,,,a,
ASN00092045,19090930,PRCP,0,,,a,
ASN00092045,19091001,PRCP,0,,,a,
ASN00092045,19091002,PRCP,13,,,a,
ASN00092045,19091003,PRCP,97,,,a,
ASN00092045,19091004,PRCP,18,,,a,
ASN00092045,19091005,PRCP,0,,,a,
ASN00092045,19091006,PRCP,0,,,a,
ASN00092045,19091007,PRCP,0,,,a,
ASN00092045,19091008,PRCP,0,,,a,
ASN00092045,19091009,PRCP,0,,,a,
ASN00092045,19091010,PRCP,0,,,a,
ASN00092045,19091011,PRCP,41,,,a,
ASN00092045,19091012,PRCP,28,,,a,
ASN00092045,19091013,PRCP,0,,,a,
ASN00092045,19091014,PRCP,0,,,a,
ASN00092045,19091015,PRCP,8,,,a,
ASN00092045,19091016,PRCP,8,,,a,
ASN00092045,19091017,PRCP,48,,,a,
ASN00092045,19091018,PRCP,0,,,a,
ASN00092045,19091019,PRCP,0,,,a,
ASN00092045,19091020,PRCP,13,,,a,
ASN00092045,19091021,PRCP,0,,,a,
ASN00092045,19091022,PRCP,0,,,a,
ASN00092045,19091023,PRCP,0,,,a,
ASN00092045,19091024,PRCP,0,,,a,
ASN00092045,19091025,PRCP,0,,,a,
ASN00092045,19091026,PRCP,0,,,a,
ASN00092045,19091027,PRCP,0,,,a,
ASN00092045,19091028,PRCP,0,,,a,
ASN00092045,19091029,PRCP,10,,,a,
ASN00092045,19091030,PRCP,10,,,a,
ASN00092045,19091031,PRCP,0,,,a,
ASN00092045,19091101,PRCP,0,,,a,
ASN00092045,19091102,PRCP,0,,,a,
ASN00092045,19091103,PRCP,0,,,a,
ASN00092045,19091104,PRCP,0,,,a,
ASN00092045,19091105,PRCP,0,,,a,
ASN00092045,19091106,PRCP,0,,,a,
ASN00092045,19091107,PRCP,0,,,a,
ASN00092045,19091108,PRCP,0,,,a,
ASN00092045,19091109,PRCP,0,,,a,
ASN00092045,19091110,PRCP,15,,,a,
ASN00092045,19091111,PRCP,0,,,a,
ASN00092045,19091112,PRCP,0,,,a,
ASN00092045,19091113,PRCP,0,,,a,
ASN00092045,19091114,PRCP,0,,,a,
ASN00092045,19091115,PRCP,15,,,a,
ASN00092045,19091116,PRCP,36,,,a,
ASN00092045,19091117,PRCP,30,,,a,
ASN00092045,19091118,PRCP,0,,,a,
ASN00092045,19091119,PRCP,5,,,a,
ASN00092045,19091120,PRCP,5,,,a,
ASN00092045,19091121,PRCP,0,,,a,
ASN00092045,19091122,PRCP,53,,,a,
ASN00092045,19091123,PRCP,8,,,a,
ASN00092045,19091124,PRCP,0,,,a,
ASN00092045,19091125,PRCP,3,,,a,
ASN00092045,19091126,PRCP,5,,,a,
ASN00092045,19091127,PRCP,5,,,a,
ASN00092045,19091128,PRCP,0,,,a,
ASN00092045,19091129,PRCP,0,,,a,
ASN00092045,19091130,PRCP,0,,,a,
ASN00092045,19091201,PRCP,23,,,a,
ASN00092045,19091202,PRCP,18,,,a,
ASN00092045,19091203,PRCP,0,,,a,
ASN00092045,19091204,PRCP,48,,,a,
ASN00092045,19091205,PRCP,0,,,a,
ASN00092045,19091206,PRCP,0,,,a,
ASN00092045,19091207,PRCP,0,,,a,
ASN00092045,19091208,PRCP,0,,,a,
ASN00092045,19091209,PRCP,13,,,a,
ASN00092045,19091210,PRCP,3,,,a,
ASN00092045,19091211,PRCP,0,,,a,
ASN00092045,19091212,PRCP,0,,,a,
ASN00092045,19091213,PRCP,0,,,a,
ASN00092045,19091214,PRCP,0,,,a,
ASN00092045,19091215,PRCP,8,,,a,
ASN00092045,19091216,PRCP,0,,,a,
ASN00092045,19091217,PRCP,0,,,a,
ASN00092045,19091218,PRCP,0,,,a,
ASN00092045,19091219,PRCP,0,,,a,
ASN00092045,19091220,PRCP,0,,,a,
ASN00092045,19091221,PRCP,0,,,a,
ASN00092045,19091222,PRCP,124,,,a,
ASN00092045,19091223,PRCP,0,,,a,
ASN00092045,19091224,PRCP,0,,,a,
ASN00092045,19091225,PRCP,0,,,a,
ASN00092045,19091226,PRCP,0,,,a,
ASN00092045,19091227,PRCP,0,,,a,
ASN00092045,19091228,PRCP,0,,,a,
ASN00092045,19091229,PRCP,0,,,a,
ASN00092045,19091230,PRCP,0,,,a,
ASN00092045,19091231,PRCP,0,,,a,
ASN00092045,19100101,PRCP,0,,,a,
ASN00092045,19100102,PRCP,0,,,a,
ASN00092045,19100103,PRCP,0,,,a,
ASN00092045,19100104,PRCP,0,,,a,
ASN00092045,19100105,PRCP,0,,,a,
ASN00092045,19100106,PRCP,18,,,a,
ASN00092045,19100107,PRCP,10,,,a,
ASN00092045,19100108,PRCP,0,,,a,
ASN00092045,19100109,PRCP,0,,,a,
ASN00092045,19100110,PRCP,8,,,a,
ASN00092045,19100111,PRCP,69,,,a,
ASN00092045,19100112,PRCP,0,,,a,
ASN00092045,19100113,PRCP,0,,,a,
ASN00092045,19100114,PRCP,10,,,a,
ASN00092045,19100115,PRCP,234,,,a,
ASN00092045,19100116,PRCP,391,,,a,
ASN00092045,19100117,PRCP,0,,,a,
ASN00092045,19100118,PRCP,15,,,a,
ASN00092045,19100119,PRCP,0,,,a,
ASN00092045,19100120,PRCP,23,,,a,
ASN00092045,19100121,PRCP,0,,,a,
ASN00092045,19100122,PRCP,13,,,a,
ASN00092045,19100123,PRCP,20,,,a,
ASN00092045,19100124,PRCP,0,,,a,
ASN00092045,19100125,PRCP,0,,,a,
ASN00092045,19100126,PRCP,0,,,a,
ASN00092045,19100127,PRCP,0,,,a,
ASN00092045,19100128,PRCP,5,,,a,
ASN00092045,19100129,PRCP,0,,,a,
ASN00092045,19100130,PRCP,0,,,a,
ASN00092045,19100131,PRCP,0,,,a,
ASN00092045,19100201,PRCP,0,,,a,
ASN00092045,19100202,PRCP,0,,,a,
ASN00092045,19100203,PRCP,0,,,a,
ASN00092045,19100204,PRCP,0,,,a,
ASN00092045,19100205,PRCP,0,,,a,
ASN00092045,19100206,PRCP,0,,,a,
ASN00092045,19100207,PRCP,36,,,a,
ASN00092045,19100208,PRCP,5,,,a,
ASN00092045,19100209,PRCP,0,,,a,
ASN00092045,19100210,PRCP,0,,,a,
ASN00092045,19100211,PRCP,0,,,a,
ASN00092045,19100212,PRCP,30,,,a,
ASN00092045,19100213,PRCP,0,,,a,
ASN00092045,19100214,PRCP,0,,,a,
ASN00092045,19100215,PRCP,0,,,a,
ASN00092045,19100216,PRCP,0,,,a,
ASN00092045,19100217,PRCP,0,,,a,
ASN00092045,19100218,PRCP,0,,,a,
ASN00092045,19100219,PRCP,0,,,a,
ASN00092045,19100220,PRCP,0,,,a,
ASN00092045,19100221,PRCP,0,,,a,
ASN00092045,19100222,PRCP,0,,,a,
ASN00092045,19100223,PRCP,0,,,a,
ASN00092045,19100224,PRCP,20,,,a,
ASN00092045,19100225,PRCP,0,,,a,
ASN00092045,19100226,PRCP,3,,,a,
ASN00092045,19100227,PRCP,43,,,a,
ASN00092045,19100228,PRCP,0,,,a,
ASN00092045,19100301,PRCP,0,,,a,
ASN00092045,19100302,PRCP,0,,,a,
ASN00092045,19100303,PRCP,0,,,a,
ASN00092045,19100304,PRCP,3,,,a,
ASN00092045,19100305,PRCP,0,,,a,
ASN00092045,19100306,PRCP,8,,,a,
ASN00092045,19100307,PRCP,41,,,a,
ASN00092045,19100308,PRCP,36,,,a,
ASN00092045,19100309,PRCP,216,,,a,
ASN00092045,19100310,PRCP,0,,,a,
ASN00092045,19100311,PRCP,0,,,a,
ASN00092045,19100312,PRCP,0,,,a,
ASN00092045,19100313,PRCP,20,,,a,
ASN00092045,19100314,PRCP,33,,,a,
ASN00092045,19100315,PRCP,0,,,a,
ASN00092045,19100316,PRCP,0,,,a,
ASN00092045,19100317,PRCP,0,,,a,
ASN00092045,19100318,PRCP,0,,,a,
ASN00092045,19100319,PRCP,0,,,a,
ASN00092045,19100320,PRCP,0,,,a,
ASN00092045,19100321,PRCP,0,,,a,
ASN00092045,19100322,PRCP,10,,,a,
ASN00092045,19100323,PRCP,0,,,a,
ASN00092045,19100324,PRCP,0,,,a,
ASN00092045,19100325,PRCP,0,,,a,
ASN00092045,19100326,PRCP,0,,,a,
ASN00092045,19100327,PRCP,0,,,a,
ASN00092045,19100328,PRCP,0,,,a,
ASN00092045,19100329,PRCP,0,,,a,
ASN00092045,19100330,PRCP,0,,,a,
ASN00092045,19100331,PRCP,0,,,a,
ASN00092045,19100401,PRCP,112,,,a,
ASN00092045,19100402,PRCP,0,,,a,
ASN00092045,19100403,PRCP,0,,,a,
ASN00092045,19100404,PRCP,0,,,a,
ASN00092045,19100405,PRCP,0,,,a,
ASN00092045,19100406,PRCP,0,,,a,
ASN00092045,19100407,PRCP,0,,,a,
ASN00092045,19100408,PRCP,0,,,a,
ASN00092045,19100409,PRCP,0,,,a,
ASN00092045,19100410,PRCP,0,,,a,
ASN00092045,19100411,PRCP,0,,,a,
ASN00092045,19100412,PRCP,23,,,a,
ASN00092045,19100413,PRCP,0,,,a,
ASN00092045,19100414,PRCP,0,,,a,
ASN00092045,19100415,PRCP,0,,,a,
ASN00092045,19100416,PRCP,0,,,a,
ASN00092045,19100417,PRCP,0,,,a,
ASN00092045,19100418,PRCP,0,,,a,
ASN00092045,19100419,PRCP,0,,,a,
ASN00092045,19100420,PRCP,0,,,a,
ASN00092045,19100421,PRCP,0,,,a,
ASN00092045,19100422,PRCP,0,,,a,
ASN00092045,19100423,PRCP,0,,,a,
ASN00092045,19100424,PRCP,0,,,a,
ASN00092045,19100425,PRCP,0,,,a,
ASN00092045,19100426,PRCP,76,,,a,
ASN00092045,19100427,PRCP,135,,,a,
ASN00092045,19100428,PRCP,0,,,a,
ASN00092045,19100429,PRCP,56,,,a,
ASN00092045,19100430,PRCP,25,,,a,
ASN00092045,19100501,PRCP,38,,,a,
ASN00092045,19100502,PRCP,10,,,a,
ASN00092045,19100503,PRCP,25,,,a,
ASN00092045,19100504,PRCP,81,,,a,
ASN00092045,19100505,PRCP,15,,,a,
ASN00092045,19100506,PRCP,0,,,a,
ASN00092045,19100507,PRCP,0,,,a,
ASN00092045,19100508,PRCP,0,,,a,
ASN00092045,19100509,PRCP,0,,,a,
ASN00092045,19100510,PRCP,15,,,a,
ASN00092045,19100511,PRCP,0,,,a,
ASN00092045,19100512,PRCP,0,,,a,
ASN00092045,19100513,PRCP,185,,,a,
ASN00092045,19100514,PRCP,0,,,a,
ASN00092045,19100515,PRCP,0,,,a,
ASN00092045,19100516,PRCP,0,,,a,
ASN00092045,19100517,PRCP,25,,,a,
ASN00092045,19100518,PRCP,41,,,a,
ASN00092045,19100519,PRCP,5,,,a,
ASN00092045,19100520,PRCP,5,,,a,
ASN00092045,19100521,PRCP,3,,,a,
ASN00092045,19100522,PRCP,0,,,a,
ASN00092045,19100523,PRCP,0,,,a,
ASN00092045,19100524,PRCP,10,,,a,
ASN00092045,19100525,PRCP,10,,,a,
ASN00092045,19100526,PRCP,0,,,a,
ASN00092045,19100527,PRCP,38,,,a,
ASN00092045,19100528,PRCP,23,,,a,
ASN00092045,19100529,PRCP,163,,,a,
ASN00092045,19100530,PRCP,10,,,a,
ASN00092045,19100531,PRCP,0,,,a,
ASN00092045,19100601,PRCP,0,,,a,
ASN00092045,19100602,PRCP,0,,,a,
ASN00092045,19100603,PRCP,25,,,a,
ASN00092045,19100604,PRCP,188,,,a,
ASN00092045,19100605,PRCP,0,,,a,
ASN00092045,19100606,PRCP,0,,,a,
ASN00092045,19100607,PRCP,0,,,a,
ASN00092045,19100608,PRCP,0,,,a,
ASN00092045,19100609,PRCP,5,,,a,
ASN00092045,19100610,PRCP,168,,,a,
ASN00092045,19100611,PRCP,104,,,a,
ASN00092045,19100612,PRCP,3,,,a,
ASN00092045,19100613,PRCP,127,,,a,
ASN00092045,19100614,PRCP,3,,,a,
ASN00092045,19100615,PRCP,0,,,a,
ASN00092045,19100616,PRCP,0,,,a,
ASN00092045,19100617,PRCP,0,,,a,
ASN00092045,19100618,PRCP,3,,,a,
ASN00092045,19100619,PRCP,53,,,a,
ASN00092045,19100620,PRCP,0,,,a,
ASN00092045,19100621,PRCP,8,,,a,
ASN00092045,19100622,PRCP,0,,,a,
ASN00092045,19100623,PRCP,447,,,a,
ASN00092045,19100624,PRCP,33,,,a,
ASN00092045,19100625,PRCP,5,,,a,
ASN00092045,19100626,PRCP,43,,,a,
ASN00092045,19100627,PRCP,0,,,a,
ASN00092045,19100628,PRCP,0,,,a,
ASN00092045,19100629,PRCP,226,,,a,
ASN00092045,19100630,PRCP,86,,,a,
ASN00092045,19100701,PRCP,5,,,a,
ASN00092045,19100702,PRCP,0,,,a,
ASN00092045,19100703,PRCP,86,,,a,
ASN00092045,19100704,PRCP,0,,,a,
ASN00092045,19100705,PRCP,8,,,a,
ASN00092045,19100706,PRCP,91,,,a,
ASN00092045,19100707,PRCP,28,,,a,
ASN00092045,19100708,PRCP,84,,,a,
ASN00092045,19100709,PRCP,64,,,a,
ASN00092045,19100710,PRCP,0,,,a,
ASN00092045,19100711,PRCP,23,,,a,
ASN00092045,19100712,PRCP,10,,,a,
ASN00092045,19100713,PRCP,20,,,a,
ASN00092045,19100714,PRCP,8,,,a,
ASN00092045,19100715,PRCP,8,,,a,
ASN00092045,19100716,PRCP,5,,,a,
ASN00092045,19100717,PRCP,0,,,a,
ASN00092045,19100718,PRCP,0,,,a,
ASN00092045,19100719,PRCP,0,,,a,
ASN00092045,19100720,PRCP,18,,,a,
ASN00092045,19100721,PRCP,23,,,a,
ASN00092045,19100722,PRCP,0,,,a,
ASN00092045,19100723,PRCP,13,,,a,
ASN00092045,19100724,PRCP,51,,,a,
ASN00092045,19100725,PRCP,5,,,a,
ASN00092045,19100726,PRCP,0,,,a,
ASN00092045,19100727,PRCP,5,,,a,
ASN00092045,19100728,PRCP,10,,,a,
ASN00092045,19100729,PRCP,76,,,a,
ASN00092045,19100730,PRCP,25,,,a,
ASN00092045,19100731,PRCP,3,,,a,
ASN00092045,19100801,PRCP,86,,,a,
ASN00092045,19100802,PRCP,107,,,a,
ASN00092045,19100803,PRCP,5,,,a,
ASN00092045,19100804,PRCP,5,,,a,
ASN00092045,19100805,PRCP,25,,,a,
ASN00092045,19100806,PRCP,23,,,a,
ASN00092045,19100807,PRCP,3,,,a,
ASN00092045,19100808,PRCP,0,,,a,
ASN00092045,19100809,PRCP,0,,,a,
ASN00092045,19100810,PRCP,137,,,a,
ASN00092045,19100811,PRCP,122,,,a,
ASN00092045,19100812,PRCP,5,,,a,
ASN00092045,19100813,PRCP,0,,,a,
ASN00092045,19100814,PRCP,5,,,a,
ASN00092045,19100815,PRCP,3,,,a,
ASN00092045,19100816,PRCP,8,,,a,
ASN00092045,19100817,PRCP,64,,,a,
ASN00092045,19100818,PRCP,0,,,a,
ASN00092045,19100819,PRCP,130,,,a,
ASN00092045,19100820,PRCP,51,,,a,
ASN00092045,19100821,PRCP,297,,,a,
ASN00092045,19100822,PRCP,0,,,a,
ASN00092045,19100823,PRCP,38,,,a,
ASN00092045,19100824,PRCP,8,,,a,
ASN00092045,19100825,PRCP,0,,,a,
ASN00092045,19100826,PRCP,0,,,a,
ASN00092045,19100827,PRCP,0,,,a,
ASN00092045,19100828,PRCP,0,,,a,
ASN00092045,19100829,PRCP,0,,,a,
ASN00092045,19100830,PRCP,71,,,a,
ASN00092045,19100831,PRCP,130,,,a,
ASN00092045,19100901,PRCP,56,,,a,
ASN00092045,19100902,PRCP,13,,,a,
ASN00092045,19100903,PRCP,5,,,a,
ASN00092045,19100904,PRCP,170,,,a,
ASN00092045,19100905,PRCP,5,,,a,
ASN00092045,19100906,PRCP,3,,,a,
ASN00092045,19100907,PRCP,0,,,a,
ASN00092045,19100908,PRCP,3,,,a,
ASN00092045,19100909,PRCP,10,,,a,
ASN00092045,19100910,PRCP,20,,,a,
ASN00092045,19100911,PRCP,127,,,a,
ASN00092045,19100912,PRCP,0,,,a,
ASN00092045,19100913,PRCP,0,,,a,
ASN00092045,19100914,PRCP,0,,,a,
ASN00092045,19100915,PRCP,0,,,a,
ASN00092045,19100916,PRCP,0,,,a,
ASN00092045,19100917,PRCP,150,,,a,
ASN00092045,19100918,PRCP,30,,,a,
ASN00092045,19100919,PRCP,58,,,a,
ASN00092045,19100920,PRCP,0,,,a,
ASN00092045,19100921,PRCP,0,,,a,
ASN00092045,19100922,PRCP,0,,,a,
ASN00092045,19100923,PRCP,3,,,a,
ASN00092045,19100924,PRCP,0,,,a,
ASN00092045,19100925,PRCP,0,,,a,
ASN00092045,19100926,PRCP,30,,,a,
ASN00092045,19100927,PRCP,10,,,a,
ASN00092045,19100928,PRCP,610,,,a,
ASN00092045,19100929,PRCP,114,,,a,
ASN00092045,19100930,PRCP,5,,,a,
ASN00092045,19101001,PRCP,0,,,a,
ASN00092045,19101002,PRCP,66,,,a,
ASN00092045,19101003,PRCP,224,,,a,
ASN00092045,19101004,PRCP,107,,,a,
ASN00092045,19101005,PRCP,15,,,a,
ASN00092045,19101006,PRCP,15,,,a,
ASN00092045,19101007,PRCP,0,,,a,
ASN00092045,19101008,PRCP,3,,,a,
ASN00092045,19101009,PRCP,13,,,a,
ASN00092045,19101010,PRCP,69,,,a,
ASN00092045,19101011,PRCP,0,,,a,
ASN00092045,19101012,PRCP,0,,,a,
ASN00092045,19101013,PRCP,13,,,a,
ASN00092045,19101014,PRCP,0,,,a,
ASN00092045,19101015,PRCP,0,,,a,
ASN00092045,19101016,PRCP,0,,,a,
ASN00092045,19101017,PRCP,0,,,a,
ASN00092045,19101018,PRCP,91,,,a,
ASN00092045,19101019,PRCP,5,,,a,
ASN00092045,19101020,PRCP,0,,,a,
ASN00092045,19101021,PRCP,0,,,a,
ASN00092045,19101022,PRCP,0,,,a,
ASN00092045,19101023,PRCP,0,,,a,
ASN00092045,19101024,PRCP,0,,,a,
ASN00092045,19101025,PRCP,53,,,a,
ASN00092045,19101026,PRCP,5,,,a,
ASN00092045,19101027,PRCP,0,,,a,
ASN00092045,19101028,PRCP,0,,,a,
ASN00092045,19101029,PRCP,36,,,a,
ASN00092045,19101030,PRCP,58,,,a,
ASN00092045,19101031,PRCP,30,,,a,
ASN00092045,19101101,PRCP,0,,,a,
ASN00092045,19101102,PRCP,0,,,a,
ASN00092045,19101103,PRCP,0,,,a,
ASN00092045,19101104,PRCP,13,,,a,
ASN00092045,19101105,PRCP,8,,,a,
ASN00092045,19101106,PRCP,76,,,a,
ASN00092045,19101107,PRCP,0,,,a,
ASN00092045,19101108,PRCP,10,,,a,
ASN00092045,19101109,PRCP,0,,,a,
ASN00092045,19101110,PRCP,0,,,a,
ASN00092045,19101111,PRCP,0,,,a,
ASN00092045,19101112,PRCP,23,,,a,
ASN00092045,19101113,PRCP,0,,,a,
ASN00092045,19101114,PRCP,61,,,a,
ASN00092045,19101115,PRCP,0,,,a,
ASN00092045,19101116,PRCP,0,,,a,
ASN00092045,19101117,PRCP,0,,,a,
ASN00092045,19101118,PRCP,0,,,a,
ASN00092045,19101119,PRCP,13,,,a,
ASN00092045,19101120,PRCP,127,,,a,
ASN00092045,19101121,PRCP,56,,,a,
ASN00092045,19101122,PRCP,0,,,a,
ASN00092045,19101123,PRCP,0,,,a,
ASN00092045,19101124,PRCP,0,,,a,
ASN00092045,19101125,PRCP,0,,,a,
ASN00092045,19101126,PRCP,0,,,a,
ASN00092045,19101127,PRCP,0,,,a,
ASN00092045,19101128,PRCP,0,,,a,
ASN00092045,19101129,PRCP,38,,,a,
ASN00092045,19101130,PRCP,0,,,a,
ASN00092045,19101201,PRCP,348,,,a,
ASN00092045,19101202,PRCP,185,,,a,
ASN00092045,19101203,PRCP,91,,,a,
ASN00092045,19101204,PRCP,18,,,a,
ASN00092045,19101205,PRCP,41,,,a,
ASN00092045,19101206,PRCP,15,,,a,
ASN00092045,19101207,PRCP,0,,,a,
ASN00092045,19101208,PRCP,0,,,a,
ASN00092045,19101209,PRCP,0,,,a,
ASN00092045,19101210,PRCP,43,,,a,
ASN00092045,19101211,PRCP,0,,,a,
ASN00092045,19101212,PRCP,0,,,a,
ASN00092045,19101213,PRCP,0,,,a,
ASN00092045,19101214,PRCP,0,,,a,
ASN00092045,19101215,PRCP,0,,,a,
ASN00092045,19101216,PRCP,0,,,a,
ASN00092045,19101217,PRCP,10,,,a,
ASN00092045,19101218,PRCP,0,,,a,
ASN00092045,19101219,PRCP,10,,,a,
ASN00092045,19101220,PRCP,8,,,a,
ASN00092045,19101221,PRCP,28,,,a,
ASN00092045,19101222,PRCP,0,,,a,
ASN00092045,19101223,PRCP,91,,,a,
ASN00092045,19101224,PRCP,5,,,a,
ASN00092045,19101225,PRCP,0,,,a,
ASN00092045,19101226,PRCP,0,,,a,
ASN00092045,19101227,PRCP,43,,,a,
ASN00092045,19101228,PRCP,10,,,a,
ASN00092045,19101229,PRCP,0,,,a,
ASN00092045,19101230,PRCP,0,,,a,
ASN00092045,19101231,PRCP,0,,,a,
ASN00092045,19110101,PRCP,23,,,a,
ASN00092045,19110102,PRCP,0,,,a,
ASN00092045,19110103,PRCP,0,,,a,
ASN00092045,19110104,PRCP,0,,,a,
ASN00092045,19110105,PRCP,0,,,a,
ASN00092045,19110106,PRCP,0,,,a,
ASN00092045,19110107,PRCP,0,,,a,
ASN00092045,19110108,PRCP,15,,,a,
ASN00092045,19110109,PRCP,0,,,a,
ASN00092045,19110110,PRCP,0,,,a,
ASN00092045,19110111,PRCP,23,,,a,
ASN00092045,19110112,PRCP,0,,,a,
ASN00092045,19110113,PRCP,0,,,a,
ASN00092045,19110114,PRCP,0,,,a,
ASN00092045,19110115,PRCP,0,,,a,
ASN00092045,19110116,PRCP,0,,,a,
ASN00092045,19110117,PRCP,64,,,a,
ASN00092045,19110118,PRCP,15,,,a,
ASN00092045,19110119,PRCP,0,,,a,
ASN00092045,19110120,PRCP,0,,,a,
ASN00092045,19110121,PRCP,0,,,a,
ASN00092045,19110122,PRCP,0,,,a,
ASN00092045,19110123,PRCP,0,,,a,
ASN00092045,19110124,PRCP,0,,,a,
ASN00092045,19110125,PRCP,0,,,a,
ASN00092045,19110126,PRCP,0,,,a,
ASN00092045,19110127,PRCP,0,,,a,
ASN00092045,19110128,PRCP,0,,,a,
ASN00092045,19110129,PRCP,0,,,a,
ASN00092045,19110130,PRCP,0,,,a,
ASN00092045,19110131,PRCP,0,,,a,
ASN00092045,19110201,PRCP,0,,,a,
ASN00092045,19110202,PRCP,0,,,a,
ASN00092045,19110203,PRCP,23,,,a,
ASN00092045,19110204,PRCP,0,,,a,
ASN00092045,19110205,PRCP,20,,,a,
ASN00092045,19110206,PRCP,15,,,a,
ASN00092045,19110207,PRCP,23,,,a,
ASN00092045,19110208,PRCP,0,,,a,
ASN00092045,19110209,PRCP,0,,,a,
ASN00092045,19110210,PRCP,8,,,a,
ASN00092045,19110211,PRCP,117,,,a,
ASN00092045,19110212,PRCP,18,,,a,
ASN00092045,19110213,PRCP,0,,,a,
ASN00092045,19110214,PRCP,124,,,a,
ASN00092045,19110215,PRCP,18,,,a,
ASN00092045,19110216,PRCP,79,,,a,
ASN00092045,19110217,PRCP,0,,,a,
ASN00092045,19110218,PRCP,0,,,a,
ASN00092045,19110219,PRCP,0,,,a,
ASN00092045,19110220,PRCP,0,,,a,
ASN00092045,19110221,PRCP,0,,,a,
ASN00092045,19110222,PRCP,0,,,a,
ASN00092045,19110223,PRCP,0,,,a,
ASN00092045,19110224,PRCP,0,,,a,
ASN00092045,19110225,PRCP,0,,,a,
ASN00092045,19110226,PRCP,0,,,a,
ASN00092045,19110227,PRCP,0,,,a,
ASN00092045,19110228,PRCP,15,,,a,
ASN00092045,19110301,PRCP,0,,,a,
ASN00092045,19110302,PRCP,0,,,a,
ASN00092045,19110303,PRCP,0,,,a,
ASN00092045,19110304,PRCP,0,,,a,
ASN00092045,19110305,PRCP,0,,,a,
ASN00092045,19110306,PRCP,0,,,a,
ASN00092045,19110307,PRCP,30,,,a,
ASN00092045,19110308,PRCP,818,,,a,
ASN00092045,19110309,PRCP,434,,,a,
ASN00092045,19110310,PRCP,71,,,a,
ASN00092045,19110311,PRCP,13,,,a,
ASN00092045,19110312,PRCP,0,,,a,
ASN00092045,19110313,PRCP,99,,,a,
ASN00092045,19110314,PRCP,168,,,a,
ASN00092045,19110315,PRCP,0,,,a,
ASN00092045,19110316,PRCP,28,,,a,
ASN00092045,19110317,PRCP,0,,,a,
ASN00092045,19110318,PRCP,0,,,a,
ASN00092045,19110319,PRCP,64,,,a,
ASN00092045,19110320,PRCP,102,,,a,
ASN00092045,19110321,PRCP,0,,,a,
ASN00092045,19110322,PRCP,0,,,a,
ASN00092045,19110323,PRCP,0,,,a,
ASN00092045,19110324,PRCP,0,,,a,
ASN00092045,19110325,PRCP,0,,,a,
ASN00092045,19110326,PRCP,0,,,a,
ASN00092045,19110327,PRCP,104,,,a,
ASN00092045,19110328,PRCP,38,,,a,
ASN00092045,19110329,PRCP,69,,,a,
ASN00092045,19110330,PRCP,15,,,a,
ASN00092045,19110331,PRCP,0,,,a,
ASN00092045,19110401,PRCP,0,,,a,
ASN00092045,19110402,PRCP,0,,,a,
ASN00092045,19110403,PRCP,0,,,a,
ASN00092045,19110404,PRCP,0,,,a,
ASN00092045,19110405,PRCP,0,,,a,
ASN00092045,19110406,PRCP,0,,,a,
ASN00092045,19110407,PRCP,25,,,a,
ASN00092045,19110408,PRCP,36,,,a,
ASN00092045,19110409,PRCP,20,,,a,
ASN00092045,19110410,PRCP,53,,,a,
ASN00092045,19110411,PRCP,0,,,a,
ASN00092045,19110412,PRCP,0,,,a,
ASN00092045,19110413,PRCP,64,,,a,
ASN00092045,19110414,PRCP,0,,,a,
ASN00092045,19110415,PRCP,0,,,a,
ASN00092045,19110416,PRCP,0,,,a,
ASN00092045,19110417,PRCP,0,,,a,
ASN00092045,19110418,PRCP,23,,,a,
ASN00092045,19110419,PRCP,0,,,a,
ASN00092045,19110420,PRCP,0,,,a,
ASN00092045,19110421,PRCP,23,,,a,
ASN00092045,19110422,PRCP,10,,,a,
ASN00092045,19110423,PRCP,0,,,a,
ASN00092045,19110424,PRCP,46,,,a,
ASN00092045,19110425,PRCP,119,,,a,
ASN00092045,19110426,PRCP,0,,,a,
ASN00092045,19110427,PRCP,0,,,a,
ASN00092045,19110428,PRCP,0,,,a,
ASN00092045,19110429,PRCP,5,,,a,
ASN00092045,19110430,PRCP,8,,,a,
ASN00092045,19110501,PRCP,0,,,a,
ASN00092045,19110502,PRCP,0,,,a,
ASN00092045,19110503,PRCP,0,,,a,
ASN00092045,19110504,PRCP,0,,,a,
ASN00092045,19110505,PRCP,20,,,a,
ASN00092045,19110506,PRCP,0,,,a,
ASN00092045,19110507,PRCP,10,,,a,
ASN00092045,19110508,PRCP,0,,,a,
ASN00092045,19110509,PRCP,0,,,a,
ASN00092045,19110510,PRCP,0,,,a,
ASN00092045,19110511,PRCP,0,,,a,
ASN00092045,19110512,PRCP,0,,,a,
ASN00092045,19110513,PRCP,0,,,a,
ASN00092045,19110514,PRCP,0,,,a,
ASN00092045,19110515,PRCP,0,,,a,
ASN00092045,19110516,PRCP,0,,,a,
ASN00092045,19110517,PRCP,0,,,a,
ASN00092045,19110518,PRCP,58,,,a,
ASN00092045,19110519,PRCP,10,,,a,
ASN00092045,19110520,PRCP,107,,,a,
ASN00092045,19110521,PRCP,5,,,a,
ASN00092045,19110522,PRCP,191,,,a,
ASN00092045,19110523,PRCP,66,,,a,
ASN00092045,19110524,PRCP,13,,,a,
ASN00092045,19110525,PRCP,0,,,a,
ASN00092045,19110526,PRCP,33,,,a,
ASN00092045,19110527,PRCP,41,,,a,
ASN00092045,19110528,PRCP,0,,,a,
ASN00092045,19110529,PRCP,28,,,a,
ASN00092045,19110530,PRCP,0,,,a,
ASN00092045,19110531,PRCP,8,,,a,
ASN00092045,19110601,PRCP,0,,,a,
ASN00092045,19110602,PRCP,0,,,a,
ASN00092045,19110603,PRCP,0,,,a,
ASN00092045,19110604,PRCP,10,,,a,
ASN00092045,19110605,PRCP,28,,,a,
ASN00092045,19110606,PRCP,0,,,a,
ASN00092045,19110607,PRCP,104,,,a,
ASN00092045,19110608,PRCP,251,,,a,
ASN00092045,19110609,PRCP,168,,,a,
ASN00092045,19110610,PRCP,5,,,a,
ASN00092045,19110611,PRCP,30,,,a,
ASN00092045,19110612,PRCP,0,,,a,
ASN00092045,19110613,PRCP,0,,,a,
ASN00092045,19110614,PRCP,0,,,a,
ASN00092045,19110615,PRCP,25,,,a,
ASN00092045,19110616,PRCP,10,,,a,
ASN00092045,19110617,PRCP,5,,,a,
ASN00092045,19110618,PRCP,0,,,a,
ASN00092045,19110619,PRCP,8,,,a,
ASN00092045,19110620,PRCP,15,,,a,
ASN00092045,19110621,PRCP,10,,,a,
ASN00092045,19110622,PRCP,0,,,a,
ASN00092045,19110623,PRCP,8,,,a,
ASN00092045,19110624,PRCP,5,,,a,
ASN00092045,19110625,PRCP,76,,,a,
ASN00092045,19110626,PRCP,0,,,a,
ASN00092045,19110627,PRCP,5,,,a,
ASN00092045,19110628,PRCP,13,,,a,
ASN00092045,19110629,PRCP,0,,,a,
ASN00092045,19110630,PRCP,25,,,a,
ASN00092045,19110701,PRCP,0,,,a,
ASN00092045,19110702,PRCP,0,,,a,
ASN00092045,19110703,PRCP,0,,,a,
ASN00092045,19110704,PRCP,0,,,a,
ASN00092045,19110705,PRCP,0,,,a,
ASN00092045,19110706,PRCP,23,,,a,
ASN00092045,19110707,PRCP,0,,,a,
ASN00092045,19110708,PRCP,0,,,a,
ASN00092045,19110709,PRCP,0,,,a,
ASN00092045,19110710,PRCP,0,,,a,
ASN00092045,19110711,PRCP,0,,,a,
ASN00092045,19110712,PRCP,8,,,a,
ASN00092045,19110713,PRCP,0,,,a,
ASN00092045,19110714,PRCP,0,,,a,
ASN00092045,19110715,PRCP,0,,,a,
ASN00092045,19110716,PRCP,33,,,a,
ASN00092045,19110717,PRCP,5,,,a,
ASN00092045,19110718,PRCP,48,,,a,
ASN00092045,19110719,PRCP,36,,,a,
ASN00092045,19110720,PRCP,5,,,a,
ASN00092045,19110721,PRCP,137,,,a,
ASN00092045,19110722,PRCP,5,,,a,
ASN00092045,19110723,PRCP,0,,,a,
ASN00092045,19110724,PRCP,0,,,a,
ASN00092045,19110725,PRCP,0,,,a,
ASN00092045,19110726,PRCP,0,,,a,
ASN00092045,19110727,PRCP,41,,,a,
ASN00092045,19110728,PRCP,28,,,a,
ASN00092045,19110729,PRCP,13,,,a,
ASN00092045,19110730,PRCP,43,,,a,
ASN00092045,19110731,PRCP,0,,,a,
ASN00092045,19110801,PRCP,0,,,a,
ASN00092045,19110802,PRCP,5,,,a,
ASN00092045,19110803,PRCP,5,,,a,
ASN00092045,19110804,PRCP,15,,,a,
ASN00092045,19110805,PRCP,0,,,a,
ASN00092045,19110806,PRCP,5,,,a,
ASN00092045,19110807,PRCP,5,,,a,
ASN00092045,19110808,PRCP,5,,,a,
ASN00092045,19110809,PRCP,0,,,a,
ASN00092045,19110810,PRCP,13,,,a,
ASN00092045,19110811,PRCP,0,,,a,
ASN00092045,19110812,PRCP,0,,,a,
ASN00092045,19110813,PRCP,97,,,a,
ASN00092045,19110814,PRCP,0,,,a,
ASN00092045,19110815,PRCP,0,,,a,
ASN00092045,19110816,PRCP,0,,,a,
ASN00092045,19110817,PRCP,0,,,a,
ASN00092045,19110818,PRCP,0,,,a,
ASN00092045,19110819,PRCP,0,,,a,
ASN00092045,19110820,PRCP,3,,,a,
ASN00092045,19110821,PRCP,3,,,a,
ASN00092045,19110822,PRCP,58,,,a,
ASN00092045,19110823,PRCP,13,,,a,
ASN00092045,19110824,PRCP,20,,,a,
ASN00092045,19110825,PRCP,23,,,a,
ASN00092045,19110826,PRCP,5,,,a,
ASN00092045,19110827,PRCP,0,,,a,
ASN00092045,19110828,PRCP,0,,,a,
ASN00092045,19110829,PRCP,8,,,a,
ASN00092045,19110830,PRCP,0,,,a,
ASN00092045,19110831,PRCP,41,,,a,
ASN00092045,19110901,PRCP,0,,,a,
ASN00092045,19110902,PRCP,13,,,a,
ASN00092045,19110903,PRCP,8,,,a,
ASN00092045,19110904,PRCP,0,,,a,
ASN00092045,19110905,PRCP,38,,,a,
ASN00092045,19110906,PRCP,41,,,a,
ASN00092045,19110907,PRCP,5,,,a,
ASN00092045,19110908,PRCP,0,,,a,
ASN00092045,19110909,PRCP,8,,,a,
ASN00092045,19110910,PRCP,0,,,a,
ASN00092045,19110911,PRCP,3,,,a,
ASN00092045,19110912,PRCP,20,,,a,
ASN00092045,19110913,PRCP,5,,,a,
ASN00092045,19110914,PRCP,13,,,a,
ASN00092045,19110915,PRCP,28,,,a,
ASN00092045,19110916,PRCP,0,,,a,
ASN00092045,19110917,PRCP,0,,,a,
ASN00092045,19110918,PRCP,0,,,a,
ASN00092045,19110919,PRCP,25,,,a,
ASN00092045,19110920,PRCP,99,,,a,
ASN00092045,19110921,PRCP,8,,,a,
ASN00092045,19110922,PRCP,15,,,a,
ASN00092045,19110923,PRCP,8,,,a,
ASN00092045,19110924,PRCP,127,,,a,
ASN00092045,19110925,PRCP,0,,,a,
ASN00092045,19110926,PRCP,13,,,a,
ASN00092045,19110927,PRCP,8,,,a,
ASN00092045,19110928,PRCP,13,,,a,
ASN00092045,19110929,PRCP,132,,,a,
ASN00092045,19110930,PRCP,5,,,a,
ASN00092045,19111001,PRCP,0,,,a,
ASN00092045,19111002,PRCP,5,,,a,
ASN00092045,19111003,PRCP,137,,,a,
ASN00092045,19111004,PRCP,13,,,a,
ASN00092045,19111005,PRCP,3,,,a,
ASN00092045,19111006,PRCP,0,,,a,
ASN00092045,19111007,PRCP,0,,,a,
ASN00092045,19111008,PRCP,15,,,a,
ASN00092045,19111009,PRCP,734,,,a,
ASN00092045,19111010,PRCP,0,,,a,
ASN00092045,19111011,PRCP,10,,,a,
ASN00092045,19111012,PRCP,0,,,a,
ASN00092045,19111013,PRCP,0,,,a,
ASN00092045,19111014,PRCP,0,,,a,
ASN00092045,19111015,PRCP,0,,,a,
ASN00092045,19111016,PRCP,0,,,a,
ASN00092045,19111017,PRCP,0,,,a,
ASN00092045,19111018,PRCP,0,,,a,
ASN00092045,19111019,PRCP,0,,,a,
ASN00092045,19111020,PRCP,0,,,a,
ASN00092045,19111021,PRCP,0,,,a,
ASN00092045,19111022,PRCP,0,,,a,
ASN00092045,19111023,PRCP,25,,,a,
ASN00092045,19111024,PRCP,13,,,a,
ASN00092045,19111025,PRCP,0,,,a,
ASN00092045,19111026,PRCP,0,,,a,
ASN00092045,19111027,PRCP,0,,,a,
ASN00092045,19111028,PRCP,0,,,a,
ASN00092045,19111029,PRCP,0,,,a,
ASN00092045,19111030,PRCP,0,,,a,
ASN00092045,19111031,PRCP,5,,,a,
ASN00092045,19111101,PRCP,119,,,a,
ASN00092045,19111102,PRCP,3,,,a,
ASN00092045,19111103,PRCP,38,,,a,
ASN00092045,19111104,PRCP,0,,,a,
ASN00092045,19111105,PRCP,0,,,a,
ASN00092045,19111106,PRCP,0,,,a,
ASN00092045,19111107,PRCP,0,,,a,
ASN00092045,19111108,PRCP,0,,,a,
ASN00092045,19111109,PRCP,0,,,a,
ASN00092045,19111110,PRCP,0,,,a,
ASN00092045,19111111,PRCP,0,,,a,
ASN00092045,19111112,PRCP,0,,,a,
ASN00092045,19111113,PRCP,3,,,a,
ASN00092045,19111114,PRCP,0,,,a,
ASN00092045,19111115,PRCP,0,,,a,
ASN00092045,19111116,PRCP,10,,,a,
ASN00092045,19111117,PRCP,0,,,a,
ASN00092045,19111118,PRCP,0,,,a,
ASN00092045,19111119,PRCP,0,,,a,
ASN00092045,19111120,PRCP,0,,,a,
ASN00092045,19111121,PRCP,0,,,a,
ASN00092045,19111122,PRCP,0,,,a,
ASN00092045,19111123,PRCP,0,,,a,
ASN00092045,19111124,PRCP,3,,,a,
ASN00092045,19111125,PRCP,0,,,a,
ASN00092045,19111126,PRCP,0,,,a,
ASN00092045,19111127,PRCP,0,,,a,
ASN00092045,19111128,PRCP,0,,,a,
ASN00092045,19111129,PRCP,0,,,a,
ASN00092045,19111130,PRCP,0,,,a,
ASN00092045,19111201,PRCP,0,,,a,
ASN00092045,19111202,PRCP,0,,,a,
ASN00092045,19111203,PRCP,0,,,a,
ASN00092045,19111204,PRCP,0,,,a,
ASN00092045,19111205,PRCP,241,,,a,
ASN00092045,19111206,PRCP,56,,,a,
ASN00092045,19111207,PRCP,5,,,a,
ASN00092045,19111208,PRCP,107,,,a,
ASN00092045,19111209,PRCP,0,,,a,
ASN00092045,19111210,PRCP,64,,,a,
ASN00092045,19111211,PRCP,5,,,a,
ASN00092045,19111212,PRCP,0,,,a,
ASN00092045,19111213,PRCP,20,,,a,
ASN00092045,19111214,PRCP,0,,,a,
ASN00092045,19111215,PRCP,0,,,a,
ASN00092045,19111216,PRCP,0,,,a,
ASN00092045,19111217,PRCP,155,,,a,
ASN00092045,19111218,PRCP,53,,,a,
ASN00092045,19111219,PRCP,76,,,a,
ASN00092045,19111220,PRCP,5,,,a,
ASN00092045,19111221,PRCP,0,,,a,
ASN00092045,19111222,PRCP,0,,,a,
ASN00092045,19111223,PRCP,0,,,a,
ASN00092045,19111224,PRCP,0,,,a,
ASN00092045,19111225,PRCP,0,,,a,
ASN00092045,19111226,PRCP,102,,,a,
ASN00092045,19111227,PRCP,0,,,a,
ASN00092045,19111228,PRCP,0,,,a,
ASN00092045,19111229,PRCP,0,,,a,
ASN00092045,19111230,PRCP,0,,,a,
ASN00092045,19111231,PRCP,0,,,a,
ASN00092045,19120101,PRCP,61,,,a,
ASN00092045,19120102,PRCP,0,,,a,
ASN00092045,19120103,PRCP,0,,,a,
ASN00092045,19120104,PRCP,51,,,a,
ASN00092045,19120105,PRCP,13,,,a,
ASN00092045,19120106,PRCP,5,,,a,
ASN00092045,19120107,PRCP,0,,,a,
ASN00092045,19120108,PRCP,0,,,a,
ASN00092045,19120109,PRCP,0,,,a,
ASN00092045,19120110,PRCP,18,,,a,
ASN00092045,19120111,PRCP,3,,,a,
ASN00092045,19120112,PRCP,0,,,a,
ASN00092045,19120113,PRCP,0,,,a,
ASN00092045,19120114,PRCP,0,,,a,
ASN00092045,19120115,PRCP,0,,,a,
ASN00092045,19120116,PRCP,0,,,a,
ASN00092045,19120117,PRCP,10,,,a,
ASN00092045,19120118,PRCP,0,,,a,
ASN00092045,19120119,PRCP,0,,,a,
ASN00092045,19120120,PRCP,0,,,a,
ASN00092045,19120121,PRCP,0,,,a,
ASN00092045,19120122,PRCP,10,,,a,
ASN00092045,19120123,PRCP,0,,,a,
ASN00092045,19120124,PRCP,0,,,a,
ASN00092045,19120125,PRCP,0,,,a,
ASN00092045,19120126,PRCP,0,,,a,
ASN00092045,19120127,PRCP,0,,,a,
ASN00092045,19120128,PRCP,3,,,a,
ASN00092045,19120129,PRCP,0,,,a,
ASN00092045,19120130,PRCP,0,,,a,
ASN00092045,19120131,PRCP,0,,,a,
ASN00092045,19120201,PRCP,0,,,a,
ASN00092045,19120202,PRCP,0,,,a,
ASN00092045,19120203,PRCP,0,,,a,
ASN00092045,19120204,PRCP,0,,,a,
ASN00092045,19120205,PRCP,0,,,a,
ASN00092045,19120206,PRCP,0,,,a,
ASN00092045,19120207,PRCP,0,,,a,
ASN00092045,19120208,PRCP,132,,,a,
ASN00092045,19120209,PRCP,0,,,a,
ASN00092045,19120210,PRCP,0,,,a,
ASN00092045,19120211,PRCP,0,,,a,
ASN00092045,19120212,PRCP,0,,,a,
ASN00092045,19120213,PRCP,0,,,a,
ASN00092045,19120214,PRCP,0,,,a,
ASN00092045,19120215,PRCP,0,,,a,
ASN00092045,19120216,PRCP,0,,,a,
ASN00092045,19120217,PRCP,0,,,a,
ASN00092045,19120218,PRCP,0,,,a,
ASN00092045,19120219,PRCP,0,,,a,
ASN00092045,19120220,PRCP,0,,,a,
ASN00092045,19120221,PRCP,0,,,a,
ASN00092045,19120222,PRCP,0,,,a,
ASN00092045,19120223,PRCP,0,,,a,
ASN00092045,19120224,PRCP,0,,,a,
ASN00092045,19120225,PRCP,3,,,a,
ASN00092045,19120226,PRCP,0,,,a,
ASN00092045,19120227,PRCP,0,,,a,
ASN00092045,19120228,PRCP,0,,,a,
ASN00092045,19120229,PRCP,0,,,a,
ASN00092045,19120301,PRCP,0,,,a,
ASN00092045,19120302,PRCP,23,,,a,
ASN00092045,19120303,PRCP,3,,,a,
ASN00092045,19120304,PRCP,0,,,a,
ASN00092045,19120305,PRCP,5,,,a,
ASN00092045,19120306,PRCP,124,,,a,
ASN00092045,19120307,PRCP,0,,,a,
ASN00092045,19120308,PRCP,0,,,a,
ASN00092045,19120309,PRCP,0,,,a,
ASN00092045,19120310,PRCP,28,,,a,
ASN00092045,19120311,PRCP,99,,,a,
ASN00092045,19120312,PRCP,0,,,a,
ASN00092045,19120313,PRCP,0,,,a,
ASN00092045,19120314,PRCP,0,,,a,
ASN00092045,19120315,PRCP,0,,,a,
ASN00092045,19120316,PRCP,0,,,a,
ASN00092045,19120317,PRCP,0,,,a,
ASN00092045,19120318,PRCP,0,,,a,
ASN00092045,19120319,PRCP,0,,,a,
ASN00092045,19120320,PRCP,8,,,a,
ASN00092045,19120321,PRCP,0,,,a,
ASN00092045,19120322,PRCP,0,,,a,
ASN00092045,19120323,PRCP,8,,,a,
ASN00092045,19120324,PRCP,5,,,a,
ASN00092045,19120325,PRCP,0,,,a,
ASN00092045,19120326,PRCP,0,,,a,
ASN00092045,19120327,PRCP,0,,,a,
ASN00092045,19120328,PRCP,196,,,a,
ASN00092045,19120329,PRCP,20,,,a,
ASN00092045,19120330,PRCP,89,,,a,
ASN00092045,19120331,PRCP,13,,,a,
ASN00092045,19120401,PRCP,198,,,a,
ASN00092045,19120402,PRCP,0,,,a,
ASN00092045,19120403,PRCP,0,,,a,
ASN00092045,19120404,PRCP,13,,,a,
ASN00092045,19120405,PRCP,0,,,a,
ASN00092045,19120406,PRCP,3,,,a,
ASN00092045,19120407,PRCP,132,,,a,
ASN00092045,19120408,PRCP,69,,,a,
ASN00092045,19120409,PRCP,36,,,a,
ASN00092045,19120410,PRCP,36,,,a,
ASN00092045,19120411,PRCP,18,,,a,
ASN00092045,19120412,PRCP,0,,,a,
ASN00092045,19120413,PRCP,20,,,a,
ASN00092045,19120414,PRCP,0,,,a,
ASN00092045,19120415,PRCP,0,,,a,
ASN00092045,19120416,PRCP,0,,,a,
ASN00092045,19120417,PRCP,0,,,a,
ASN00092045,19120418,PRCP,102,,,a,
ASN00092045,19120419,PRCP,8,,,a,
ASN00092045,19120420,PRCP,58,,,a,
ASN00092045,19120421,PRCP,66,,,a,
ASN00092045,19120422,PRCP,0,,,a,
ASN00092045,19120423,PRCP,0,,,a,
ASN00092045,19120424,PRCP,0,,,a,
ASN00092045,19120425,PRCP,0,,,a,
ASN00092045,19120426,PRCP,0,,,a,
ASN00092045,19120427,PRCP,0,,,a,
ASN00092045,19120428,PRCP,0,,,a,
ASN00092045,19120429,PRCP,0,,,a,
ASN00092045,19120430,PRCP,0,,,a,
ASN00092045,19120501,PRCP,0,,,a,
ASN00092045,19120502,PRCP,0,,,a,
ASN00092045,19120503,PRCP,0,,,a,
ASN00092045,19120504,PRCP,69,,,a,
ASN00092045,19120505,PRCP,10,,,a,
ASN00092045,19120506,PRCP,3,,,a,
ASN00092045,19120507,PRCP,0,,,a,
ASN00092045,19120508,PRCP,20,,,a,
ASN00092045,19120509,PRCP,0,,,a,
ASN00092045,19120510,PRCP,0,,,a,
ASN00092045,19120511,PRCP,28,,,a,
ASN00092045,19120512,PRCP,0,,,a,
ASN00092045,19120513,PRCP,0,,,a,
ASN00092045,19120514,PRCP,28,,,a,
ASN00092045,19120515,PRCP,0,,,a,
ASN00092045,19120516,PRCP,15,,,a,
ASN00092045,19120517,PRCP,0,,,a,
ASN00092045,19120518,PRCP,10,,,a,
ASN00092045,19120519,PRCP,3,,,a,
ASN00092045,19120520,PRCP,0,,,a,
ASN00092045,19120521,PRCP,8,,,a,
ASN00092045,19120522,PRCP,193,,,a,
ASN00092045,19120523,PRCP,5,,,a,
ASN00092045,19120524,PRCP,0,,,a,
ASN00092045,19120525,PRCP,15,,,a,
ASN00092045,19120526,PRCP,13,,,a,
ASN00092045,19120527,PRCP,0,,,a,
ASN00092045,19120528,PRCP,0,,,a,
ASN00092045,19120529,PRCP,0,,,a,
ASN00092045,19120530,PRCP,0,,,a,
ASN00092045,19120531,PRCP,36,,,a,
ASN00092045,19120601,PRCP,0,,,a,
ASN00092045,19120602,PRCP,0,,,a,
ASN00092045,19120603,PRCP,0,,,a,
ASN00092045,19120604,PRCP,0,,,a,
ASN00092045,19120605,PRCP,0,,,a,
ASN00092045,19120606,PRCP,8,,,a,
ASN00092045,19120607,PRCP,48,,,a,
ASN00092045,19120608,PRCP,0,,,a,
ASN00092045,19120609,PRCP,71,,,a,
ASN00092045,19120610,PRCP,8,,,a,
ASN00092045,19120611,PRCP,381,,,a,
ASN00092045,19120612,PRCP,46,,,a,
ASN00092045,19120613,PRCP,25,,,a,
ASN00092045,19120614,PRCP,25,,,a,
ASN00092045,19120615,PRCP,3,,,a,
ASN00092045,19120616,PRCP,0,,,a,
ASN00092045,19120617,PRCP,30,,,a,
ASN00092045,19120618,PRCP,0,,,a,
ASN00092045,19120619,PRCP,0,,,a,
ASN00092045,19120620,PRCP,0,,,a,
ASN00092045,19120621,PRCP,0,,,a,
ASN00092045,19120622,PRCP,0,,,a,
ASN00092045,19120623,PRCP,0,,,a,
ASN00092045,19120624,PRCP,23,,,a,
ASN00092045,19120625,PRCP,236,,,a,
ASN00092045,19120626,PRCP,3,,,a,
ASN00092045,19120627,PRCP,46,,,a,
ASN00092045,19120628,PRCP,0,,,a,
ASN00092045,19120629,PRCP,0,,,a,
ASN00092045,19120630,PRCP,8,,,a,
ASN00092045,19120701,PRCP,8,,,a,
ASN00092045,19120702,PRCP,30,,,a,
ASN00092045,19120703,PRCP,13,,,a,
ASN00092045,19120704,PRCP,53,,,a,
ASN00092045,19120705,PRCP,0,,,a,
ASN00092045,19120706,PRCP,0,,,a,
ASN00092045,19120707,PRCP,53,,,a,
ASN00092045,19120708,PRCP,0,,,a,
ASN00092045,19120709,PRCP,0,,,a,
ASN00092045,19120710,PRCP,0,,,a,
ASN00092045,19120711,PRCP,0,,,a,
ASN00092045,19120712,PRCP,18,,,a,
ASN00092045,19120713,PRCP,38,,,a,
ASN00092045,19120714,PRCP,0,,,a,
ASN00092045,19120715,PRCP,58,,,a,
ASN00092045,19120716,PRCP,0,,,a,
ASN00092045,19120717,PRCP,0,,,a,
ASN00092045,19120718,PRCP,0,,,a,
ASN00092045,19120719,PRCP,0,,,a,
ASN00092045,19120720,PRCP,18,,,a,
ASN00092045,19120721,PRCP,0,,,a,
ASN00092045,19120722,PRCP,5,,,a,
ASN00092045,19120723,PRCP,18,,,a,
ASN00092045,19120724,PRCP,521,,,a,
ASN00092045,19120725,PRCP,66,,,a,
ASN00092045,19120726,PRCP,18,,,a,
ASN00092045,19120727,PRCP,13,,,a,
ASN00092045,19120728,PRCP,20,,,a,
ASN00092045,19120729,PRCP,0,,,a,
ASN00092045,19120730,PRCP,30,,,a,
ASN00092045,19120731,PRCP,160,,,a,
ASN00092045,19120801,PRCP,66,,,a,
ASN00092045,19120802,PRCP,0,,,a,
ASN00092045,19120803,PRCP,5,,,a,
ASN00092045,19120804,PRCP,79,,,a,
ASN00092045,19120805,PRCP,41,,,a,
ASN00092045,19120806,PRCP,0,,,a,
ASN00092045,19120807,PRCP,33,,,a,
ASN00092045,19120808,PRCP,0,,,a,
ASN00092045,19120809,PRCP,10,,,a,
ASN00092045,19120810,PRCP,25,,,a,
ASN00092045,19120811,PRCP,38,,,a,
ASN00092045,19120812,PRCP,15,,,a,
ASN00092045,19120813,PRCP,5,,,a,
ASN00092045,19120814,PRCP,0,,,a,
ASN00092045,19120815,PRCP,0,,,a,
ASN00092045,19120816,PRCP,3,,,a,
ASN00092045,19120817,PRCP,74,,,a,
ASN00092045,19120818,PRCP,5,,,a,
ASN00092045,19120819,PRCP,0,,,a,
ASN00092045,19120820,PRCP,0,,,a,
ASN00092045,19120821,PRCP,0,,,a,
ASN00092045,19120822,PRCP,0,,,a,
ASN00092045,19120823,PRCP,66,,,a,
ASN00092045,19120824,PRCP,0,,,a,
ASN00092045,19120825,PRCP,0,,,a,
ASN00092045,19120826,PRCP,13,,,a,
ASN00092045,19120827,PRCP,0,,,a,
ASN00092045,19120828,PRCP,69,,,a,
ASN00092045,19120829,PRCP,36,,,a,
ASN00092045,19120830,PRCP,0,,,a,
ASN00092045,19120831,PRCP,0,,,a,
ASN00092045,19120901,PRCP,0,,,a,
ASN00092045,19120902,PRCP,8,,,a,
ASN00092045,19120903,PRCP,53,,,a,
ASN00092045,19120904,PRCP,10,,,a,
ASN00092045,19120905,PRCP,0,,,a,
ASN00092045,19120906,PRCP,33,,,a,
ASN00092045,19120907,PRCP,0,,,a,
ASN00092045,19120908,PRCP,0,,,a,
ASN00092045,19120909,PRCP,10,,,a,
ASN00092045,19120910,PRCP,173,,,a,
ASN00092045,19120911,PRCP,15,,,a,
ASN00092045,19120912,PRCP,0,,,a,
ASN00092045,19120913,PRCP,122,,,a,
ASN00092045,19120914,PRCP,69,,,a,
ASN00092045,19120915,PRCP,48,,,a,
ASN00092045,19120916,PRCP,99,,,a,
ASN00092045,19120917,PRCP,58,,,a,
ASN00092045,19120918,PRCP,155,,,a,
ASN00092045,19120919,PRCP,104,,,a,
ASN00092045,19120920,PRCP,5,,,a,
ASN00092045,19120921,PRCP,36,,,a,
ASN00092045,19120922,PRCP,0,,,a,
ASN00092045,19120923,PRCP,0,,,a,
ASN00092045,19120924,PRCP,30,,,a,
ASN00092045,19120925,PRCP,30,,,a,
ASN00092045,19120926,PRCP,0,,,a,
ASN00092045,19120927,PRCP,0,,,a,
ASN00092045,19120928,PRCP,0,,,a,
ASN00092045,19120929,PRCP,0,,,a,
ASN00092045,19120930,PRCP,64,,,a,
ASN00092045,19121001,PRCP,20,,,a,
ASN00092045,19121002,PRCP,0,,,a,
ASN00092045,19121003,PRCP,18,,,a,
ASN00092045,19121004,PRCP,13,,,a,
ASN00092045,19121005,PRCP,0,,,a,
ASN00092045,19121006,PRCP,0,,,a,
ASN00092045,19121007,PRCP,0,,,a,
ASN00092045,19121008,PRCP,30,,,a,
ASN00092045,19121009,PRCP,13,,,a,
ASN00092045,19121010,PRCP,33,,,a,
ASN00092045,19121011,PRCP,76,,,a,
ASN00092045,19121012,PRCP,0,,,a,
ASN00092045,19121013,PRCP,0,,,a,
ASN00092045,19121014,PRCP,302,,,a,
ASN00092045,19121015,PRCP,18,,,a,
ASN00092045,19121016,PRCP,0,,,a,
ASN00092045,19121017,PRCP,0,,,a,
ASN00092045,19121018,PRCP,0,,,a,
ASN00092045,19121019,PRCP,0,,,a,
ASN00092045,19121020,PRCP,0,,,a,
ASN00092045,19121021,PRCP,10,,,a,
ASN00092045,19121022,PRCP,0,,,a,
ASN00092045,19121023,PRCP,18,,,a,
ASN00092045,19121024,PRCP,0,,,a,
ASN00092045,19121025,PRCP,0,,,a,
ASN00092045,19121026,PRCP,89,,,a,
ASN00092045,19121027,PRCP,0,,,a,
ASN00092045,19121028,PRCP,0,,,a,
ASN00092045,19121029,PRCP,0,,,a,
ASN00092045,19121030,PRCP,0,,,a,
ASN00092045,19121031,PRCP,33,,,a,
ASN00092045,19121101,PRCP,0,,,a,
ASN00092045,19121102,PRCP,0,,,a,
ASN00092045,19121103,PRCP,0,,,a,
ASN00092045,19121104,PRCP,0,,,a,
ASN00092045,19121105,PRCP,69,,,a,
ASN00092045,19121106,PRCP,10,,,a,
ASN00092045,19121107,PRCP,0,,,a,
ASN00092045,19121108,PRCP,137,,,a,
ASN00092045,19121109,PRCP,0,,,a,
ASN00092045,19121110,PRCP,0,,,a,
ASN00092045,19121111,PRCP,23,,,a,
ASN00092045,19121112,PRCP,109,,,a,
ASN00092045,19121113,PRCP,0,,,a,
ASN00092045,19121114,PRCP,0,,,a,
ASN00092045,19121115,PRCP,0,,,a,
ASN00092045,19121116,PRCP,36,,,a,
ASN00092045,19121117,PRCP,20,,,a,
ASN00092045,19121118,PRCP,0,,,a,
ASN00092045,19121119,PRCP,51,,,a,
ASN00092045,19121120,PRCP,23,,,a,
ASN00092045,19121121,PRCP,5,,,a,
ASN00092045,19121122,PRCP,0,,,a,
ASN00092045,19121123,PRCP,0,,,a,
ASN00092045,19121124,PRCP,8,,,a,
ASN00092045,19121125,PRCP,0,,,a,
ASN00092045,19121126,PRCP,5,,,a,
ASN00092045,19121127,PRCP,0,,,a,
ASN00092045,19121128,PRCP,0,,,a,
ASN00092045,19121129,PRCP,0,,,a,
ASN00092045,19121130,PRCP,0,,,a,
ASN00092045,19121201,PRCP,86,,,a,
ASN00092045,19121202,PRCP,10,,,a,
ASN00092045,19121203,PRCP,28,,,a,
ASN00092045,19121204,PRCP,91,,,a,
ASN00092045,19121205,PRCP,0,,,a,
ASN00092045,19121206,PRCP,58,,,a,
ASN00092045,19121207,PRCP,0,,,a,
ASN00092045,19121208,PRCP,18,,,a,
ASN00092045,19121209,PRCP,8,,,a,
ASN00092045,19121210,PRCP,97,,,a,
ASN00092045,19121211,PRCP,0,,,a,
ASN00092045,19121212,PRCP,28,,,a,
ASN00092045,19121213,PRCP,0,,,a,
ASN00092045,19121214,PRCP,0,,,a,
ASN00092045,19121215,PRCP,0,,,a,
ASN00092045,19121216,PRCP,0,,,a,
ASN00092045,19121217,PRCP,0,,,a,
ASN00092045,19121218,PRCP,0,,,a,
ASN00092045,19121219,PRCP,0,,,a,
ASN00092045,19121220,PRCP,0,,,a,
ASN00092045,19121221,PRCP,0,,,a,
ASN00092045,19121222,PRCP,0,,,a,
ASN00092045,19121223,PRCP,264,,,a,
ASN00092045,19121224,PRCP,0,,,a,
ASN00092045,19121225,PRCP,0,,,a,
ASN00092045,19121226,PRCP,0,,,a,
ASN00092045,19121227,PRCP,0,,,a,
ASN00092045,19121228,PRCP,0,,,a,
ASN00092045,19121229,PRCP,0,,,a,
ASN00092045,19121230,PRCP,0,,,a,
ASN00092045,19121231,PRCP,0,,,a,
ASN00092045,19130101,PRCP,0,,,a,
ASN00092045,19130102,PRCP,0,,,a,
ASN00092045,19130103,PRCP,8,,,a,
ASN00092045,19130104,PRCP,0,,,a,
ASN00092045,19130105,PRCP,0,,,a,
ASN00092045,19130106,PRCP,0,,,a,
ASN00092045,19130107,PRCP,0,,,a,
ASN00092045,19130108,PRCP,0,,,a,
ASN00092045,19130109,PRCP,0,,,a,
ASN00092045,19130110,PRCP,3,,,a,
ASN00092045,19130111,PRCP,0,,,a,
ASN00092045,19130112,PRCP,0,,,a,
ASN00092045,19130113,PRCP,0,,,a,
ASN00092045,19130114,PRCP,0,,,a,
ASN00092045,19130115,PRCP,0,,,a,
ASN00092045,19130116,PRCP,0,,,a,
ASN00092045,19130117,PRCP,0,,,a,
ASN00092045,19130118,PRCP,0,,,a,
ASN00092045,19130119,PRCP,0,,,a,
ASN00092045,19130120,PRCP,0,,,a,
ASN00092045,19130121,PRCP,0,,,a,
ASN00092045,19130122,PRCP,0,,,a,
ASN00092045,19130123,PRCP,0,,,a,
ASN00092045,19130124,PRCP,0,,,a,
ASN00092045,19130125,PRCP,0,,,a,
ASN00092045,19130126,PRCP,0,,,a,
ASN00092045,19130127,PRCP,0,,,a,
ASN00092045,19130128,PRCP,0,,,a,
ASN00092045,19130129,PRCP,10,,,a,
ASN00092045,19130130,PRCP,23,,,a,
ASN00092045,19130131,PRCP,0,,,a,
ASN00092045,19130201,PRCP,0,,,a,
ASN00092045,19130202,PRCP,0,,,a,
ASN00092045,19130203,PRCP,0,,,a,
ASN00092045,19130204,PRCP,0,,,a,
ASN00092045,19130205,PRCP,23,,,a,
ASN00092045,19130206,PRCP,0,,,a,
ASN00092045,19130207,PRCP,0,,,a,
ASN00092045,19130208,PRCP,0,,,a,
ASN00092045,19130209,PRCP,0,,,a,
ASN00092045,19130210,PRCP,0,,,a,
ASN00092045,19130211,PRCP,0,,,a,
ASN00092045,19130212,PRCP,0,,,a,
ASN00092045,19130213,PRCP,0,,,a,
ASN00092045,19130214,PRCP,0,,,a,
ASN00092045,19130215,PRCP,25,,,a,
ASN00092045,19130216,PRCP,0,,,a,
ASN00092045,19130217,PRCP,0,,,a,
ASN00092045,19130218,PRCP,15,,,a,
ASN00092045,19130219,PRCP,23,,,a,
ASN00092045,19130220,PRCP,15,,,a,
ASN00092045,19130221,PRCP,0,,,a,
ASN00092045,19130222,PRCP,0,,,a,
ASN00092045,19130223,PRCP,0,,,a,
ASN00092045,19130224,PRCP,0,,,a,
ASN00092045,19130225,PRCP,0,,,a,
ASN00092045,19130226,PRCP,0,,,a,
ASN00092045,19130227,PRCP,0,,,a,
ASN00092045,19130228,PRCP,13,,,a,
ASN00092045,19130301,PRCP,0,,,a,
ASN00092045,19130302,PRCP,0,,,a,
ASN00092045,19130303,PRCP,0,,,a,
ASN00092045,19130304,PRCP,0,,,a,
ASN00092045,19130305,PRCP,38,,,a,
ASN00092045,19130306,PRCP,48,,,a,
ASN00092045,19130307,PRCP,61,,,a,
ASN00092045,19130308,PRCP,61,,,a,
ASN00092045,19130309,PRCP,91,,,a,
ASN00092045,19130310,PRCP,297,,,a,
ASN00092045,19130311,PRCP,23,,,a,
ASN00092045,19130312,PRCP,0,,,a,
ASN00092045,19130313,PRCP,0,,,a,
ASN00092045,19130314,PRCP,0,,,a,
ASN00092045,19130315,PRCP,33,,,a,
ASN00092045,19130316,PRCP,53,,,a,
ASN00092045,19130317,PRCP,10,,,a,
ASN00092045,19130318,PRCP,0,,,a,
ASN00092045,19130319,PRCP,10,,,a,
ASN00092045,19130320,PRCP,0,,,a,
ASN00092045,19130321,PRCP,3,,,a,
ASN00092045,19130322,PRCP,0,,,a,
ASN00092045,19130323,PRCP,104,,,a,
ASN00092045,19130324,PRCP,25,,,a,
ASN00092045,19130325,PRCP,0,,,a,
ASN00092045,19130326,PRCP,114,,,a,
ASN00092045,19130327,PRCP,0,,,a,
ASN00092045,19130328,PRCP,0,,,a,
ASN00092045,19130329,PRCP,0,,,a,
ASN00092045,19130330,PRCP,0,,,a,
ASN00092045,19130331,PRCP,8,,,a,
ASN00092045,19130401,PRCP,0,,,a,
ASN00092045,19130402,PRCP,0,,,a,
ASN00092045,19130403,PRCP,0,,,a,
ASN00092045,19130404,PRCP,0,,,a,
ASN00092045,19130405,PRCP,0,,,a,
ASN00092045,19130406,PRCP,3,,,a,
ASN00092045,19130407,PRCP,0,,,a,
ASN00092045,19130408,PRCP,0,,,a,
ASN00092045,19130409,PRCP,0,,,a,
ASN00092045,19130410,PRCP,0,,,a,
ASN00092045,19130411,PRCP,0,,,a,
ASN00092045,19130412,PRCP,3,,,a,
ASN00092045,19130413,PRCP,0,,,a,
ASN00092045,19130414,PRCP,0,,,a,
ASN00092045,19130415,PRCP,0,,,a,
ASN00092045,19130416,PRCP,8,,,a,
ASN00092045,19130417,PRCP,0,,,a,
ASN00092045,19130418,PRCP,8,,,a,
ASN00092045,19130419,PRCP,18,,,a,
ASN00092045,19130420,PRCP,0,,,a,
ASN00092045,19130421,PRCP,0,,,a,
ASN00092045,19130422,PRCP,292,,,a,
ASN00092045,19130423,PRCP,18,,,a,
ASN00092045,19130424,PRCP,102,,,a,
ASN00092045,19130425,PRCP,28,,,a,
ASN00092045,19130426,PRCP,66,,,a,
ASN00092045,19130427,PRCP,30,,,a,
ASN00092045,19130428,PRCP,0,,,a,
ASN00092045,19130429,PRCP,0,,,a,
ASN00092045,19130430,PRCP,0,,,a,
ASN00092045,19130501,PRCP,8,,,a,
ASN00092045,19130502,PRCP,0,,,a,
ASN00092045,19130503,PRCP,18,,,a,
ASN00092045,19130504,PRCP,13,,,a,
ASN00092045,19130505,PRCP,318,,,a,
ASN00092045,19130506,PRCP,155,,,a,
ASN00092045,19130507,PRCP,0,,,a,
ASN00092045,19130508,PRCP,0,,,a,
ASN00092045,19130509,PRCP,0,,,a,
ASN00092045,19130510,PRCP,0,,,a,
ASN00092045,19130511,PRCP,0,,,a,
ASN00092045,19130512,PRCP,0,,,a,
ASN00092045,19130513,PRCP,0,,,a,
ASN00092045,19130514,PRCP,13,,,a,
ASN00092045,19130515,PRCP,25,,,a,
ASN00092045,19130516,PRCP,0,,,a,
ASN00092045,19130517,PRCP,0,,,a,
ASN00092045,19130518,PRCP,0,,,a,
ASN00092045,19130519,PRCP,0,,,a,
ASN00092045,19130520,PRCP,0,,,a,
ASN00092045,19130521,PRCP,0,,,a,
ASN00092045,19130522,PRCP,0,,,a,
ASN00092045,19130523,PRCP,0,,,a,
ASN00092045,19130524,PRCP,0,,,a,
ASN00092045,19130525,PRCP,0,,,a,
ASN00092045,19130526,PRCP,0,,,a,
ASN00092045,19130527,PRCP,0,,,a,
ASN00092045,19130528,PRCP,0,,,a,
ASN00092045,19130529,PRCP,18,,,a,
ASN00092045,19130530,PRCP,13,,,a,
ASN00092045,19130531,PRCP,18,,,a,
ASN00092045,19130601,PRCP,170,,,a,
ASN00092045,19130602,PRCP,18,,,a,
ASN00092045,19130603,PRCP,56,,,a,
ASN00092045,19130604,PRCP,53,,,a,
ASN00092045,19130605,PRCP,0,,,a,
ASN00092045,19130606,PRCP,0,,,a,
ASN00092045,19130607,PRCP,0,,,a,
ASN00092045,19130608,PRCP,0,,,a,
ASN00092045,19130609,PRCP,18,,,a,
ASN00092045,19130610,PRCP,0,,,a,
ASN00092045,19130611,PRCP,0,,,a,
ASN00092045,19130612,PRCP,5,,,a,
ASN00092045,19130613,PRCP,0,,,a,
ASN00092045,19130614,PRCP,0,,,a,
ASN00092045,19130615,PRCP,0,,,a,
ASN00092045,19130616,PRCP,0,,,a,
ASN00092045,19130617,PRCP,41,,,a,
ASN00092045,19130618,PRCP,0,,,a,
ASN00092045,19130619,PRCP,0,,,a,
ASN00092045,19130620,PRCP,0,,,a,
ASN00092045,19130621,PRCP,3,,,a,
ASN00092045,19130622,PRCP,0,,,a,
ASN00092045,19130623,PRCP,3,,,a,
ASN00092045,19130624,PRCP,15,,,a,
ASN00092045,19130625,PRCP,18,,,a,
ASN00092045,19130626,PRCP,114,,,a,
ASN00092045,19130627,PRCP,15,,,a,
ASN00092045,19130628,PRCP,0,,,a,
ASN00092045,19130629,PRCP,104,,,a,
ASN00092045,19130630,PRCP,0,,,a,
ASN00092045,19130701,PRCP,23,,,a,
ASN00092045,19130702,PRCP,8,,,a,
ASN00092045,19130703,PRCP,0,,,a,
ASN00092045,19130704,PRCP,5,,,a,
ASN00092045,19130705,PRCP,5,,,a,
ASN00092045,19130706,PRCP,0,,,a,
ASN00092045,19130707,PRCP,0,,,a,
ASN00092045,19130708,PRCP,71,,,a,
ASN00092045,19130709,PRCP,0,,,a,
ASN00092045,19130710,PRCP,0,,,a,
ASN00092045,19130711,PRCP,69,,,a,
ASN00092045,19130712,PRCP,15,,,a,
ASN00092045,19130713,PRCP,20,,,a,
ASN00092045,19130714,PRCP,10,,,a,
ASN00092045,19130715,PRCP,5,,,a,
ASN00092045,19130716,PRCP,114,,,a,
ASN00092045,19130717,PRCP,61,,,a,
ASN00092045,19130718,PRCP,0,,,a,
ASN00092045,19130719,PRCP,89,,,a,
ASN00092045,19130720,PRCP,38,,,a,
ASN00092045,19130721,PRCP,0,,,a,
ASN00092045,19130722,PRCP,0,,,a,
ASN00092045,19130723,PRCP,0,,,a,
ASN00092045,19130724,PRCP,0,,,a,
ASN00092045,19130725,PRCP,0,,,a,
ASN00092045,19130726,PRCP,0,,,a,
ASN00092045,19130727,PRCP,0,,,a,
ASN00092045,19130728,PRCP,0,,,a,
ASN00092045,19130729,PRCP,251,,,a,
ASN00092045,19130730,PRCP,18,,,a,
ASN00092045,19130731,PRCP,8,,,a,
ASN00092045,19130801,PRCP,56,,,a,
ASN00092045,19130802,PRCP,5,,,a,
ASN00092045,19130803,PRCP,119,,,a,
ASN00092045,19130804,PRCP,25,,,a,
ASN00092045,19130805,PRCP,0,,,a,
ASN00092045,19130806,PRCP,64,,,a,
ASN00092045,19130807,PRCP,58,,,a,
ASN00092045,19130808,PRCP,0,,,a,
ASN00092045,19130809,PRCP,28,,,a,
ASN00092045,19130810,PRCP,0,,,a,
ASN00092045,19130811,PRCP,0,,,a,
ASN00092045,19130812,PRCP,0,,,a,
ASN00092045,19130813,PRCP,0,,,a,
ASN00092045,19130814,PRCP,0,,,a,
ASN00092045,19130815,PRCP,0,,,a,
ASN00092045,19130816,PRCP,79,,,a,
ASN00092045,19130817,PRCP,13,,,a,
ASN00092045,19130818,PRCP,3,,,a,
ASN00092045,19130819,PRCP,0,,,a,
ASN00092045,19130820,PRCP,0,,,a,
ASN00092045,19130821,PRCP,43,,,a,
ASN00092045,19130822,PRCP,0,,,a,
ASN00092045,19130823,PRCP,0,,,a,
ASN00092045,19130824,PRCP,5,,,a,
ASN00092045,19130825,PRCP,0,,,a,
ASN00092045,19130826,PRCP,0,,,a,
ASN00092045,19130827,PRCP,3,,,a,
ASN00092045,19130828,PRCP,0,,,a,
ASN00092045,19130829,PRCP,0,,,a,
ASN00092045,19130830,PRCP,3,,,a,
ASN00092045,19130831,PRCP,0,,,a,
ASN00092045,19130901,PRCP,0,,,a,
ASN00092045,19130902,PRCP,0,,,a,
ASN00092045,19130903,PRCP,3,,,a,
ASN00092045,19130904,PRCP,58,,,a,
ASN00092045,19130905,PRCP,0,,,a,
ASN00092045,19130906,PRCP,0,,,a,
ASN00092045,19130907,PRCP,5,,,a,
ASN00092045,19130908,PRCP,30,,,a,
ASN00092045,19130909,PRCP,0,,,a,
ASN00092045,19130910,PRCP,20,,,a,
ASN00092045,19130911,PRCP,0,,,a,
ASN00092045,19130912,PRCP,43,,,a,
ASN00092045,19130913,PRCP,10,,,a,
ASN00092045,19130914,PRCP,28,,,a,
ASN00092045,19130915,PRCP,3,,,a,
ASN00092045,19130916,PRCP,8,,,a,
ASN00092045,19130917,PRCP,23,,,a,
ASN00092045,19130918,PRCP,0,,,a,
ASN00092045,19130919,PRCP,3,,,a,
ASN00092045,19130920,PRCP,15,,,a,
ASN00092045,19130921,PRCP,0,,,a,
ASN00092045,19130922,PRCP,3,,,a,
ASN00092045,19130923,PRCP,0,,,a,
ASN00092045,19130924,PRCP,3,,,a,
ASN00092045,19130925,PRCP,0,,,a,
ASN00092045,19130926,PRCP,30,,,a,
ASN00092045,19130927,PRCP,0,,,a,
ASN00092045,19130928,PRCP,5,,,a,
ASN00092045,19130929,PRCP,0,,,a,
ASN00092045,19130930,PRCP,0,,,a,
ASN00092045,19131001,PRCP,0,,,a,
ASN00092045,19131002,PRCP,0,,,a,
ASN00092045,19131003,PRCP,5,,,a,
ASN00092045,19131004,PRCP,0,,,a,
ASN00092045,19131005,PRCP,0,,,a,
ASN00092045,19131006,PRCP,28,,,a,
ASN00092045,19131007,PRCP,8,,,a,
ASN00092045,19131008,PRCP,0,,,a,
ASN00092045,19131009,PRCP,0,,,a,
ASN00092045,19131010,PRCP,0,,,a,
ASN00092045,19131011,PRCP,0,,,a,
ASN00092045,19131012,PRCP,43,,,a,
ASN00092045,19131013,PRCP,3,,,a,
ASN00092045,19131014,PRCP,498,,,a,
ASN00092045,19131015,PRCP,69,,,a,
ASN00092045,19131016,PRCP,48,,,a,
ASN00092045,19131017,PRCP,8,,,a,
ASN00092045,19131018,PRCP,0,,,a,
ASN00092045,19131019,PRCP,0,,,a,
ASN00092045,19131020,PRCP,0,,,a,
ASN00092045,19131021,PRCP,13,,,a,
ASN00092045,19131022,PRCP,15,,,a,
ASN00092045,19131023,PRCP,0,,,a,
ASN00092045,19131024,PRCP,0,,,a,
ASN00092045,19131025,PRCP,0,,,a,
ASN00092045,19131026,PRCP,3,,,a,
ASN00092045,19131027,PRCP,0,,,a,
ASN00092045,19131028,PRCP,0,,,a,
ASN00092045,19131029,PRCP,0,,,a,
ASN00092045,19131030,PRCP,8,,,a,
ASN00092045,19131031,PRCP,3,,,a,
ASN00092045,19131101,PRCP,0,,,a,
ASN00092045,19131102,PRCP,0,,,a,
ASN00092045,19131103,PRCP,38,,,a,
ASN00092045,19131104,PRCP,13,,,a,
ASN00092045,19131105,PRCP,15,,,a,
ASN00092045,19131106,PRCP,3,,,a,
ASN00092045,19131107,PRCP,0,,,a,
ASN00092045,19131108,PRCP,0,,,a,
ASN00092045,19131109,PRCP,0,,,a,
ASN00092045,19131110,PRCP,3,,,a,
ASN00092045,19131111,PRCP,0,,,a,
ASN00092045,19131112,PRCP,0,,,a,
ASN00092045,19131113,PRCP,282,,,a,
ASN00092045,19131114,PRCP,3,,,a,
ASN00092045,19131115,PRCP,0,,,a,
ASN00092045,19131116,PRCP,33,,,a,
ASN00092045,19131117,PRCP,0,,,a,
ASN00092045,19131118,PRCP,15,,,a,
ASN00092045,19131119,PRCP,0,,,a,
ASN00092045,19131120,PRCP,3,,,a,
ASN00092045,19131121,PRCP,46,,,a,
ASN00092045,19131122,PRCP,112,,,a,
ASN00092045,19131123,PRCP,0,,,a,
ASN00092045,19131124,PRCP,5,,,a,
ASN00092045,19131125,PRCP,13,,,a,
ASN00092045,19131126,PRCP,3,,,a,
ASN00092045,19131127,PRCP,0,,,a,
ASN00092045,19131128,PRCP,0,,,a,
ASN00092045,19131129,PRCP,0,,,a,
ASN00092045,19131130,PRCP,0,,,a,
ASN00092045,19131201,PRCP,0,,,a,
ASN00092045,19131202,PRCP,0,,,a,
ASN00092045,19131203,PRCP,0,,,a,
ASN00092045,19131204,PRCP,0,,,a,
ASN00092045,19131205,PRCP,48,,,a,
ASN00092045,19131206,PRCP,0,,,a,
ASN00092045,19131207,PRCP,0,,,a,
ASN00092045,19131208,PRCP,0,,,a,
ASN00092045,19131209,PRCP,3,,,a,
ASN00092045,19131210,PRCP,20,,,a,
ASN00092045,19131211,PRCP,0,,,a,
ASN00092045,19131212,PRCP,5,,,a,
ASN00092045,19131213,PRCP,0,,,a,
ASN00092045,19131214,PRCP,0,,,a,
ASN00092045,19131215,PRCP,38,,,a,
ASN00092045,19131216,PRCP,13,,,a,
ASN00092045,19131217,PRCP,0,,,a,
ASN00092045,19131218,PRCP,0,,,a,
ASN00092045,19131219,PRCP,0,,,a,
ASN00092045,19131220,PRCP,0,,,a,
ASN00092045,19131221,PRCP,0,,,a,
ASN00092045,19131222,PRCP,0,,,a,
ASN00092045,19131223,PRCP,0,,,a,
ASN00092045,19131224,PRCP,71,,,a,
ASN00092045,19131225,PRCP,64,,,a,
ASN00092045,19131226,PRCP,25,,,a,
ASN00092045,19131227,PRCP,25,,,a,
ASN00092045,19131228,PRCP,0,,,a,
ASN00092045,19131229,PRCP,0,,,a,
ASN00092045,19131230,PRCP,3,,,a,
ASN00092045,19131231,PRCP,76,,,a,
ASN00092045,19140101,PRCP,0,,,a,
ASN00092045,19140102,PRCP,0,,,a,
ASN00092045,19140103,PRCP,0,,,a,
ASN00092045,19140104,PRCP,0,,,a,
ASN00092045,19140105,PRCP,0,,,a,
ASN00092045,19140106,PRCP,0,,,a,
ASN00092045,19140107,PRCP,0,,,a,
ASN00092045,19140108,PRCP,0,,,a,
ASN00092045,19140109,PRCP,0,,,a,
ASN00092045,19140110,PRCP,0,,,a,
ASN00092045,19140111,PRCP,0,,,a,
ASN00092045,19140112,PRCP,56,,,a,
ASN00092045,19140113,PRCP,15,,,a,
ASN00092045,19140114,PRCP,0,,,a,
ASN00092045,19140115,PRCP,0,,,a,
ASN00092045,19140116,PRCP,0,,,a,
ASN00092045,19140117,PRCP,0,,,a,
ASN00092045,19140118,PRCP,0,,,a,
ASN00092045,19140119,PRCP,41,,,a,
ASN00092045,19140120,PRCP,20,,,a,
ASN00092045,19140121,PRCP,0,,,a,
ASN00092045,19140122,PRCP,0,,,a,
ASN00092045,19140123,PRCP,0,,,a,
ASN00092045,19140124,PRCP,0,,,a,
ASN00092045,19140125,PRCP,0,,,a,
ASN00092045,19140126,PRCP,0,,,a,
ASN00092045,19140127,PRCP,0,,,a,
ASN00092045,19140128,PRCP,76,,,a,
ASN00092045,19140129,PRCP,43,,,a,
ASN00092045,19140130,PRCP,0,,,a,
ASN00092045,19140131,PRCP,0,,,a,
ASN00092045,19140201,PRCP,0,,,a,
ASN00092045,19140202,PRCP,0,,,a,
ASN00092045,19140203,PRCP,0,,,a,
ASN00092045,19140204,PRCP,0,,,a,
ASN00092045,19140205,PRCP,0,,,a,
ASN00092045,19140206,PRCP,0,,,a,
ASN00092045,19140207,PRCP,0,,,a,
ASN00092045,19140208,PRCP,0,,,a,
ASN00092045,19140209,PRCP,0,,,a,
ASN00092045,19140210,PRCP,0,,,a,
ASN00092045,19140211,PRCP,0,,,a,
ASN00092045,19140212,PRCP,0,,,a,
ASN00092045,19140213,PRCP,0,,,a,
ASN00092045,19140214,PRCP,0,,,a,
ASN00092045,19140215,PRCP,0,,,a,
ASN00092045,19140216,PRCP,0,,,a,
ASN00092045,19140217,PRCP,0,,,a,
ASN00092045,19140218,PRCP,0,,,a,
ASN00092045,19140219,PRCP,3,,,a,
ASN00092045,19140220,PRCP,0,,,a,
ASN00092045,19140221,PRCP,3,,,a,
ASN00092045,19140222,PRCP,0,,,a,
ASN00092045,19140223,PRCP,0,,,a,
ASN00092045,19140224,PRCP,0,,,a,
ASN00092045,19140225,PRCP,0,,,a,
ASN00092045,19140226,PRCP,8,,,a,
ASN00092045,19140227,PRCP,0,,,a,
ASN00092045,19140228,PRCP,0,,,a,
ASN00092045,19140301,PRCP,0,,,a,
ASN00092045,19140302,PRCP,0,,,a,
ASN00092045,19140303,PRCP,0,,,a,
ASN00092045,19140304,PRCP,0,,,a,
ASN00092045,19140305,PRCP,13,,,a,
ASN00092045,19140306,PRCP,0,,,a,
ASN00092045,19140307,PRCP,0,,,a,
ASN00092045,19140308,PRCP,0,,,a,
ASN00092045,19140309,PRCP,0,,,a,
ASN00092045,19140310,PRCP,0,,,a,
ASN00092045,19140311,PRCP,0,,,a,
ASN00092045,19140312,PRCP,0,,,a,
ASN00092045,19140313,PRCP,3,,,a,
ASN00092045,19140314,PRCP,36,,,a,
ASN00092045,19140315,PRCP,0,,,a,
ASN00092045,19140316,PRCP,79,,,a,
ASN00092045,19140317,PRCP,0,,,a,
ASN00092045,19140318,PRCP,0,,,a,
ASN00092045,19140319,PRCP,0,,,a,
ASN00092045,19140320,PRCP,0,,,a,
ASN00092045,19140321,PRCP,0,,,a,
ASN00092045,19140322,PRCP,20,,,a,
ASN00092045,19140323,PRCP,28,,,a,
ASN00092045,19140324,PRCP,8,,,a,
ASN00092045,19140325,PRCP,203,,,a,
ASN00092045,19140326,PRCP,0,,,a,
ASN00092045,19140327,PRCP,25,,,a,
ASN00092045,19140328,PRCP,894,,,a,
ASN00092045,19140329,PRCP,5,,,a,
ASN00092045,19140330,PRCP,0,,,a,
ASN00092045,19140331,PRCP,0,,,a,
ASN00092045,19140401,PRCP,0,,,a,
ASN00092045,19140402,PRCP,10,,,a,
ASN00092045,19140403,PRCP,25,,,a,
ASN00092045,19140404,PRCP,0,,,a,
ASN00092045,19140405,PRCP,13,,,a,
ASN00092045,19140406,PRCP,18,,,a,
ASN00092045,19140407,PRCP,0,,,a,
ASN00092045,19140408,PRCP,0,,,a,
ASN00092045,19140409,PRCP,3,,,a,
ASN00092045,19140410,PRCP,28,,,a,
ASN00092045,19140411,PRCP,53,,,a,
ASN00092045,19140412,PRCP,13,,,a,
ASN00092045,19140413,PRCP,15,,,a,
ASN00092045,19140414,PRCP,0,,,a,
ASN00092045,19140415,PRCP,0,,,a,
ASN00092045,19140416,PRCP,0,,,a,
ASN00092045,19140417,PRCP,3,,,a,
ASN00092045,19140418,PRCP,15,,,a,
ASN00092045,19140419,PRCP,56,,,a,
ASN00092045,19140420,PRCP,48,,,a,
ASN00092045,19140421,PRCP,18,,,a,
ASN00092045,19140422,PRCP,401,,,a,
ASN00092045,19140423,PRCP,76,,,a,
ASN00092045,19140424,PRCP,94,,,a,
ASN00092045,19140425,PRCP,10,,,a,
ASN00092045,19140426,PRCP,3,,,a,
ASN00092045,19140427,PRCP,3,,,a,
ASN00092045,19140428,PRCP,5,,,a,
ASN00092045,19140429,PRCP,66,,,a,
ASN00092045,19140430,PRCP,13,,,a,
ASN00092045,19140501,PRCP,51,,,a,
ASN00092045,19140502,PRCP,0,,,a,
ASN00092045,19140503,PRCP,0,,,a,
ASN00092045,19140504,PRCP,28,,,a,
ASN00092045,19140505,PRCP,168,,,a,
ASN00092045,19140506,PRCP,30,,,a,
ASN00092045,19140507,PRCP,15,,,a,
ASN00092045,19140508,PRCP,3,,,a,
ASN00092045,19140509,PRCP,3,,,a,
ASN00092045,19140510,PRCP,3,,,a,
ASN00092045,19140511,PRCP,3,,,a,
ASN00092045,19140512,PRCP,3,,,a,
ASN00092045,19140513,PRCP,114,,,a,
ASN00092045,19140514,PRCP,97,,,a,
ASN00092045,19140515,PRCP,3,,,a,
ASN00092045,19140516,PRCP,3,,,a,
ASN00092045,19140517,PRCP,66,,,a,
ASN00092045,19140518,PRCP,0,,,a,
ASN00092045,19140519,PRCP,3,,,a,
ASN00092045,19140520,PRCP,3,,,a,
ASN00092045,19140521,PRCP,0,,,a,
ASN00092045,19140522,PRCP,30,,,a,
ASN00092045,19140523,PRCP,3,,,a,
ASN00092045,19140524,PRCP,5,,,a,
ASN00092045,19140525,PRCP,3,,,a,
ASN00092045,19140526,PRCP,8,,,a,
ASN00092045,19140527,PRCP,5,,,a,
ASN00092045,19140528,PRCP,0,,,a,
ASN00092045,19140529,PRCP,3,,,a,
ASN00092045,19140530,PRCP,5,,,a,
ASN00092045,19140531,PRCP,0,,,a,
ASN00092045,19140601,PRCP,0,,,a,
ASN00092045,19140602,PRCP,0,,,a,
ASN00092045,19140603,PRCP,3,,,a,
ASN00092045,19140604,PRCP,3,,,a,
ASN00092045,19140605,PRCP,3,,,a,
ASN00092045,19140606,PRCP,3,,,a,
ASN00092045,19140607,PRCP,3,,,a,
ASN00092045,19140608,PRCP,3,,,a,
ASN00092045,19140609,PRCP,5,,,a,
ASN00092045,19140610,PRCP,10,,,a,
ASN00092045,19140611,PRCP,0,,,a,
ASN00092045,19140612,PRCP,3,,,a,
ASN00092045,19140613,PRCP,3,,,a,
ASN00092045,19140614,PRCP,3,,,a,
ASN00092045,19140615,PRCP,15,,,a,
ASN00092045,19140616,PRCP,20,,,a,
ASN00092045,19140617,PRCP,3,,,a,
ASN00092045,19140618,PRCP,0,,,a,
ASN00092045,19140619,PRCP,0,,,a,
ASN00092045,19140620,PRCP,0,,,a,
ASN00092045,19140621,PRCP,0,,,a,
ASN00092045,19140622,PRCP,8,,,a,
ASN00092045,19140623,PRCP,10,,,a,
ASN00092045,19140624,PRCP,0,,,a,
ASN00092045,19140625,PRCP,3,,,a,
ASN00092045,19140626,PRCP,13,,,a,
ASN00092045,19140627,PRCP,3,,,a,
ASN00092045,19140628,PRCP,3,,,a,
ASN00092045,19140629,PRCP,5,,,a,
ASN00092045,19140630,PRCP,18,,,a,
ASN00092045,19140701,PRCP,3,,,a,
ASN00092045,19140702,PRCP,3,,,a,
ASN00092045,19140703,PRCP,5,,,a,
ASN00092045,19140704,PRCP,566,,,a,
ASN00092045,19140705,PRCP,0,,,a,
ASN00092045,19140706,PRCP,0,,,a,
ASN00092045,19140707,PRCP,10,,,a,
ASN00092045,19140708,PRCP,3,,,a,
ASN00092045,19140709,PRCP,5,,,a,
ASN00092045,19140710,PRCP,10,,,a,
ASN00092045,19140711,PRCP,0,,,a,
ASN00092045,19140712,PRCP,36,,,a,
ASN00092045,19140713,PRCP,104,,,a,
ASN00092045,19140714,PRCP,10,,,a,
ASN00092045,19140715,PRCP,15,,,a,
ASN00092045,19140716,PRCP,127,,,a,
ASN00092045,19140717,PRCP,112,,,a,
ASN00092045,19140718,PRCP,8,,,a,
ASN00092045,19140719,PRCP,0,,,a,
ASN00092045,19140720,PRCP,0,,,a,
ASN00092045,19140721,PRCP,3,,,a,
ASN00092045,19140722,PRCP,0,,,a,
ASN00092045,19140723,PRCP,0,,,a,
ASN00092045,19140724,PRCP,0,,,a,
ASN00092045,19140725,PRCP,0,,,a,
ASN00092045,19140726,PRCP,3,,,a,
ASN00092045,19140727,PRCP,3,,,a,
ASN00092045,19140728,PRCP,0,,,a,
ASN00092045,19140729,PRCP,30,,,a,
ASN00092045,19140730,PRCP,46,,,a,
ASN00092045,19140731,PRCP,3,,,a,
ASN00092045,19140801,PRCP,3,,,a,
ASN00092045,19140802,PRCP,3,,,a,
ASN00092045,19140803,PRCP,3,,,a,
ASN00092045,19140804,PRCP,3,,,a,
ASN00092045,19140805,PRCP,0,,,a,
ASN00092045,19140806,PRCP,0,,,a,
ASN00092045,19140807,PRCP,0,,,a,
ASN00092045,19140808,PRCP,0,,,a,
ASN00092045,19140809,PRCP,0,,,a,
ASN00092045,19140810,PRCP,0,,,a,
ASN00092045,19140811,PRCP,13,,,a,
ASN00092045,19140812,PRCP,0,,,a,
ASN00092045,19140813,PRCP,0,,,a,
ASN00092045,19140814,PRCP,0,,,a,
ASN00092045,19140815,PRCP,0,,,a,
ASN00092045,19140816,PRCP,20,,,a,
ASN00092045,19140817,PRCP,3,,,a,
ASN00092045,19140818,PRCP,0,,,a,
ASN00092045,19140819,PRCP,0,,,a,
ASN00092045,19140820,PRCP,3,,,a,
ASN00092045,19140821,PRCP,0,,,a,
ASN00092045,19140822,PRCP,0,,,a,
ASN00092045,19140823,PRCP,0,,,a,
ASN00092045,19140824,PRCP,3,,,a,
ASN00092045,19140825,PRCP,0,,,a,
ASN00092045,19140826,PRCP,0,,,a,
ASN00092045,19140827,PRCP,0,,,a,
ASN00092045,19140828,PRCP,0,,,a,
ASN00092045,19140829,PRCP,30,,,a,
ASN00092045,19140830,PRCP,0,,,a,
ASN00092045,19140831,PRCP,10,,,a,
ASN00092045,19140901,PRCP,10,,,a,
ASN00092045,19140902,PRCP,0,,,a,
ASN00092045,19140903,PRCP,0,,,a,
ASN00092045,19140904,PRCP,0,,,a,
ASN00092045,19140905,PRCP,0,,,a,
ASN00092045,19140906,PRCP,0,,,a,
ASN00092045,19140907,PRCP,0,,,a,
ASN00092045,19140908,PRCP,3,,,a,
ASN00092045,19140909,PRCP,8,,,a,
ASN00092045,19140910,PRCP,0,,,a,
ASN00092045,19140911,PRCP,18,,,a,
ASN00092045,19140912,PRCP,8,,,a,
ASN00092045,19140913,PRCP,0,,,a,
ASN00092045,19140914,PRCP,0,,,a,
ASN00092045,19140915,PRCP,0,,,a,
ASN00092045,19140916,PRCP,8,,,a,
ASN00092045,19140917,PRCP,30,,,a,
ASN00092045,19140918,PRCP,13,,,a,
ASN00092045,19140919,PRCP,0,,,a,
ASN00092045,19140920,PRCP,18,,,a,
ASN00092045,19140921,PRCP,3,,,a,
ASN00092045,19140922,PRCP,0,,,a,
ASN00092045,19140923,PRCP,0,,,a,
ASN00092045,19140924,PRCP,66,,,a,
ASN00092045,19140925,PRCP,0,,,a,
ASN00092045,19140926,PRCP,0,,,a,
ASN00092045,19140927,PRCP,0,,,a,
ASN00092045,19140928,PRCP,0,,,a,
ASN00092045,19140929,PRCP,0,,,a,
ASN00092045,19140930,PRCP,0,,,a,
ASN00092045,19141001,PRCP,0,,,a,
ASN00092045,19141002,PRCP,0,,,a,
ASN00092045,19141003,PRCP,3,,,a,
ASN00092045,19141004,PRCP,3,,,a,
ASN00092045,19141005,PRCP,0,,,a,
ASN00092045,19141006,PRCP,0,,,a,
ASN00092045,19141007,PRCP,0,,,a,
ASN00092045,19141008,PRCP,0,,,a,
ASN00092045,19141009,PRCP,0,,,a,
ASN00092045,19141010,PRCP,0,,,a,
ASN00092045,19141011,PRCP,0,,,a,
ASN00092045,19141012,PRCP,0,,,a,
ASN00092045,19141013,PRCP,0,,,a,
ASN00092045,19141014,PRCP,0,,,a,
ASN00092045,19141015,PRCP,61,,,a,
ASN00092045,19141016,PRCP,0,,,a,
ASN00092045,19141017,PRCP,0,,,a,
ASN00092045,19141018,PRCP,0,,,a,
ASN00092045,19141019,PRCP,0,,,a,
ASN00092045,19141020,PRCP,0,,,a,
ASN00092045,19141021,PRCP,0,,,a,
ASN00092045,19141022,PRCP,0,,,a,
ASN00092045,19141023,PRCP,0,,,a,
ASN00092045,19141024,PRCP,0,,,a,
ASN00092045,19141025,PRCP,0,,,a,
ASN00092045,19141026,PRCP,0,,,a,
ASN00092045,19141027,PRCP,0,,,a,
ASN00092045,19141028,PRCP,0,,,a,
ASN00092045,19141029,PRCP,0,,,a,
ASN00092045,19141030,PRCP,3,,,a,
ASN00092045,19141031,PRCP,18,,,a,
ASN00092045,19141101,PRCP,20,,,a,
ASN00092045,19141102,PRCP,0,,,a,
ASN00092045,19141103,PRCP,0,,,a,
ASN00092045,19141104,PRCP,3,,,a,
ASN00092045,19141105,PRCP,20,,,a,
ASN00092045,19141106,PRCP,0,,,a,
ASN00092045,19141107,PRCP,0,,,a,
ASN00092045,19141108,PRCP,0,,,a,
ASN00092045,19141109,PRCP,0,,,a,
ASN00092045,19141110,PRCP,0,,,a,
ASN00092045,19141111,PRCP,0,,,a,
ASN00092045,19141112,PRCP,0,,,a,
ASN00092045,19141113,PRCP,0,,,a,
ASN00092045,19141114,PRCP,0,,,a,
ASN00092045,19141115,PRCP,0,,,a,
ASN00092045,19141116,PRCP,0,,,a,
ASN00092045,19141117,PRCP,0,,,a,
ASN00092045,19141118,PRCP,0,,,a,
ASN00092045,19141119,PRCP,0,,,a,
ASN00092045,19141120,PRCP,69,,,a,
ASN00092045,19141121,PRCP,0,,,a,
ASN00092045,19141122,PRCP,0,,,a,
ASN00092045,19141123,PRCP,0,,,a,
ASN00092045,19141124,PRCP,18,,,a,
ASN00092045,19141125,PRCP,117,,,a,
ASN00092045,19141126,PRCP,43,,,a,
ASN00092045,19141127,PRCP,0,,,a,
ASN00092045,19141128,PRCP,0,,,a,
ASN00092045,19141129,PRCP,0,,,a,
ASN00092045,19141130,PRCP,0,,,a,
ASN00092045,19141201,PRCP,0,,,a,
ASN00092045,19141202,PRCP,25,,,a,
ASN00092045,19141203,PRCP,33,,,a,
ASN00092045,19141204,PRCP,0,,,a,
ASN00092045,19141205,PRCP,0,,,a,
ASN00092045,19141206,PRCP,18,,,a,
ASN00092045,19141207,PRCP,0,,,a,
ASN00092045,19141208,PRCP,0,,,a,
ASN00092045,19141209,PRCP,0,,,a,
ASN00092045,19141210,PRCP,0,,,a,
ASN00092045,19141211,PRCP,0,,,a,
ASN00092045,19141212,PRCP,30,,,a,
ASN00092045,19141213,PRCP,155,,,a,
ASN00092045,19141214,PRCP,0,,,a,
ASN00092045,19141215,PRCP,320,,,a,
ASN00092045,19141216,PRCP,0,,,a,
ASN00092045,19141217,PRCP,0,,,a,
ASN00092045,19141218,PRCP,0,,,a,
ASN00092045,19141219,PRCP,0,,,a,
ASN00092045,19141220,PRCP,0,,,a,
ASN00092045,19141221,PRCP,0,,,a,
ASN00092045,19141222,PRCP,0,,,a,
ASN00092045,19141223,PRCP,152,,,a,
ASN00092045,19141224,PRCP,0,,,a,
ASN00092045,19141225,PRCP,0,,,a,
ASN00092045,19141226,PRCP,312,,,a,
ASN00092045,19141227,PRCP,185,,,a,
ASN00092045,19141228,PRCP,43,,,a,
ASN00092045,19141229,PRCP,0,,,a,
ASN00092045,19141230,PRCP,25,,,a,
ASN00092045,19141231,PRCP,8,,,a,
ASN00092045,19150101,PRCP,0,,,a,
ASN00092045,19150102,PRCP,0,,,a,
ASN00092045,19150103,PRCP,0,,,a,
ASN00092045,19150104,PRCP,0,,,a,
ASN00092045,19150105,PRCP,0,,,a,
ASN00092045,19150106,PRCP,0,,,a,
ASN00092045,19150107,PRCP,5,,,a,
ASN00092045,19150108,PRCP,0,,,a,
ASN00092045,19150109,PRCP,0,,,a,
ASN00092045,19150110,PRCP,0,,,a,
ASN00092045,19150111,PRCP,0,,,a,
ASN00092045,19150112,PRCP,0,,,a,
ASN00092045,19150113,PRCP,0,,,a,
ASN00092045,19150114,PRCP,0,,,a,
ASN00092045,19150115,PRCP,0,,,a,
ASN00092045,19150116,PRCP,0,,,a,
ASN00092045,19150117,PRCP,0,,,a,
ASN00092045,19150118,PRCP,8,,,a,
ASN00092045,19150119,PRCP,0,,,a,
ASN00092045,19150120,PRCP,3,,,a,
ASN00092045,19150121,PRCP,8,,,a,
ASN00092045,19150122,PRCP,10,,,a,
ASN00092045,19150123,PRCP,3,,,a,
ASN00092045,19150124,PRCP,0,,,a,
ASN00092045,19150125,PRCP,0,,,a,
ASN00092045,19150126,PRCP,0,,,a,
ASN00092045,19150127,PRCP,0,,,a,
ASN00092045,19150128,PRCP,0,,,a,
ASN00092045,19150129,PRCP,0,,,a,
ASN00092045,19150130,PRCP,0,,,a,
ASN00092045,19150131,PRCP,0,,,a,
ASN00092045,19150201,PRCP,0,,,a,
ASN00092045,19150202,PRCP,0,,,a,
ASN00092045,19150203,PRCP,0,,,a,
ASN00092045,19150204,PRCP,0,,,a,
ASN00092045,19150205,PRCP,0,,,a,
ASN00092045,19150206,PRCP,0,,,a,
ASN00092045,19150207,PRCP,0,,,a,
ASN00092045,19150208,PRCP,0,,,a,
ASN00092045,19150209,PRCP,0,,,a,
ASN00092045,19150210,PRCP,25,,,a,
ASN00092045,19150211,PRCP,0,,,a,
ASN00092045,19150212,PRCP,0,,,a,
ASN00092045,19150213,PRCP,0,,,a,
ASN00092045,19150214,PRCP,0,,,a,
ASN00092045,19150215,PRCP,0,,,a,
ASN00092045,19150216,PRCP,0,,,a,
ASN00092045,19150217,PRCP,0,,,a,
ASN00092045,19150218,PRCP,0,,,a,
ASN00092045,19150219,PRCP,0,,,a,
ASN00092045,19150220,PRCP,41,,,a,
ASN00092045,19150221,PRCP,38,,,a,
ASN00092045,19150222,PRCP,0,,,a,
ASN00092045,19150223,PRCP,0,,,a,
ASN00092045,19150224,PRCP,10,,,a,
ASN00092045,19150225,PRCP,0,,,a,
ASN00092045,19150226,PRCP,0,,,a,
ASN00092045,19150227,PRCP,0,,,a,
ASN00092045,19150228,PRCP,8,,,a,
ASN00092045,19150301,PRCP,43,,,a,
ASN00092045,19150302,PRCP,0,,,a,
ASN00092045,19150303,PRCP,8,,,a,
ASN00092045,19150304,PRCP,0,,,a,
ASN00092045,19150305,PRCP,0,,,a,
ASN00092045,19150306,PRCP,0,,,a,
ASN00092045,19150307,PRCP,18,,,a,
ASN00092045,19150308,PRCP,5,,,a,
ASN00092045,19150309,PRCP,53,,,a,
ASN00092045,19150310,PRCP,0,,,a,
ASN00092045,19150311,PRCP,0,,,a,
ASN00092045,19150312,PRCP,0,,,a,
ASN00092045,19150313,PRCP,30,,,a,
ASN00092045,19150314,PRCP,8,,,a,
ASN00092045,19150315,PRCP,25,,,a,
ASN00092045,19150316,PRCP,249,,,a,
ASN00092045,19150317,PRCP,0,,,a,
ASN00092045,19150318,PRCP,0,,,a,
ASN00092045,19150319,PRCP,0,,,a,
ASN00092045,19150320,PRCP,0,,,a,
ASN00092045,19150321,PRCP,0,,,a,
ASN00092045,19150322,PRCP,0,,,a,
ASN00092045,19150323,PRCP,0,,,a,
ASN00092045,19150324,PRCP,0,,,a,
ASN00092045,19150325,PRCP,3,,,a,
ASN00092045,19150326,PRCP,0,,,a,
ASN00092045,19150327,PRCP,0,,,a,
ASN00092045,19150328,PRCP,41,,,a,
ASN00092045,19150329,PRCP,3,,,a,
ASN00092045,19150330,PRCP,0,,,a,
ASN00092045,19150331,PRCP,0,,,a,
ASN00092045,19150401,PRCP,3,,,a,
ASN00092045,19150402,PRCP,0,,,a,
ASN00092045,19150403,PRCP,0,,,a,
ASN00092045,19150404,PRCP,0,,,a,
ASN00092045,19150405,PRCP,0,,,a,
ASN00092045,19150406,PRCP,10,,,a,
ASN00092045,19150407,PRCP,305,,,a,
ASN00092045,19150408,PRCP,173,,,a,
ASN00092045,19150409,PRCP,152,,,a,
ASN00092045,19150410,PRCP,117,,,a,
ASN00092045,19150411,PRCP,3,,,a,
ASN00092045,19150412,PRCP,114,,,a,
ASN00092045,19150413,PRCP,5,,,a,
ASN00092045,19150414,PRCP,74,,,a,
ASN00092045,19150415,PRCP,0,,,a,
ASN00092045,19150416,PRCP,0,,,a,
ASN00092045,19150417,PRCP,0,,,a,
ASN00092045,19150418,PRCP,3,,,a,
ASN00092045,19150419,PRCP,76,,,a,
ASN00092045,19150420,PRCP,0,,,a,
ASN00092045,19150421,PRCP,0,,,a,
ASN00092045,19150422,PRCP,0,,,a,
ASN00092045,19150423,PRCP,3,,,a,
ASN00092045,19150424,PRCP,25,,,a,
ASN00092045,19150425,PRCP,0,,,a,
ASN00092045,19150426,PRCP,0,,,a,
ASN00092045,19150427,PRCP,0,,,a,
ASN00092045,19150428,PRCP,0,,,a,
ASN00092045,19150429,PRCP,0,,,a,
ASN00092045,19150430,PRCP,0,,,a,
ASN00092045,19150501,PRCP,0,,,a,
ASN00092045,19150502,PRCP,0,,,a,
ASN00092045,19150503,PRCP,0,,,a,
ASN00092045,19150504,PRCP,0,,,a,
ASN00092045,19150505,PRCP,0,,,a,
ASN00092045,19150506,PRCP,3,,,a,
ASN00092045,19150507,PRCP,5,,,a,
ASN00092045,19150508,PRCP,3,,,a,
ASN00092045,19150509,PRCP,0,,,a,
ASN00092045,19150510,PRCP,0,,,a,
ASN00092045,19150511,PRCP,0,,,a,
ASN00092045,19150512,PRCP,0,,,a,
ASN00092045,19150513,PRCP,0,,,a,
ASN00092045,19150514,PRCP,25,,,a,
ASN00092045,19150515,PRCP,79,,,a,
ASN00092045,19150516,PRCP,208,,,a,
ASN00092045,19150517,PRCP,168,,,a,
ASN00092045,19150518,PRCP,71,,,a,
ASN00092045,19150519,PRCP,0,,,a,
ASN00092045,19150520,PRCP,0,,,a,
ASN00092045,19150521,PRCP,0,,,a,
ASN00092045,19150522,PRCP,36,,,a,
ASN00092045,19150523,PRCP,5,,,a,
ASN00092045,19150524,PRCP,13,,,a,
ASN00092045,19150525,PRCP,33,,,a,
ASN00092045,19150526,PRCP,8,,,a,
ASN00092045,19150527,PRCP,0,,,a,
ASN00092045,19150528,PRCP,0,,,a,
ASN00092045,19150529,PRCP,3,,,a,
ASN00092045,19150530,PRCP,23,,,a,
ASN00092045,19150531,PRCP,0,,,a,
ASN00092045,19150601,PRCP,0,,,a,
ASN00092045,19150602,PRCP,3,,,a,
ASN00092045,19150603,PRCP,3,,,a,
ASN00092045,19150604,PRCP,58,,,a,
ASN00092045,19150605,PRCP,0,,,a,
ASN00092045,19150606,PRCP,0,,,a,
ASN00092045,19150607,PRCP,66,,,a,
ASN00092045,19150608,PRCP,8,,,a,
ASN00092045,19150609,PRCP,0,,,a,
ASN00092045,19150610,PRCP,0,,,a,
ASN00092045,19150611,PRCP,0,,,a,
ASN00092045,19150612,PRCP,3,,,a,
ASN00092045,19150613,PRCP,0,,,a,
ASN00092045,19150614,PRCP,0,,,a,
ASN00092045,19150615,PRCP,3,,,a,
ASN00092045,19150616,PRCP,46,,,a,
ASN00092045,19150617,PRCP,0,,,a,
ASN00092045,19150618,PRCP,0,,,a,
ASN00092045,19150619,PRCP,0,,,a,
ASN00092045,19150620,PRCP,10,,,a,
ASN00092045,19150621,PRCP,13,,,a,
ASN00092045,19150622,PRCP,170,,,a,
ASN00092045,19150623,PRCP,147,,,a,
ASN00092045,19150624,PRCP,28,,,a,
ASN00092045,19150625,PRCP,79,,,a,
ASN00092045,19150626,PRCP,25,,,a,
ASN00092045,19150627,PRCP,43,,,a,
ASN00092045,19150628,PRCP,130,,,a,
ASN00092045,19150629,PRCP,64,,,a,
ASN00092045,19150630,PRCP,41,,,a,
ASN00092045,19150701,PRCP,86,,,a,
ASN00092045,19150702,PRCP,5,,,a,
ASN00092045,19150703,PRCP,0,,,a,
ASN00092045,19150704,PRCP,0,,,a,
ASN00092045,19150705,PRCP,0,,,a,
ASN00092045,19150706,PRCP,69,,,a,
ASN00092045,19150707,PRCP,8,,,a,
ASN00092045,19150708,PRCP,0,,,a,
ASN00092045,19150709,PRCP,5,,,a,
ASN00092045,19150710,PRCP,0,,,a,
ASN00092045,19150711,PRCP,0,,,a,
ASN00092045,19150712,PRCP,8,,,a,
ASN00092045,19150713,PRCP,10,,,a,
ASN00092045,19150714,PRCP,0,,,a,
ASN00092045,19150715,PRCP,0,,,a,
ASN00092045,19150716,PRCP,3,,,a,
ASN00092045,19150717,PRCP,38,,,a,
ASN00092045,19150718,PRCP,8,,,a,
ASN00092045,19150719,PRCP,64,,,a,
ASN00092045,19150720,PRCP,71,,,a,
ASN00092045,19150721,PRCP,10,,,a,
ASN00092045,19150722,PRCP,0,,,a,
ASN00092045,19150723,PRCP,0,,,a,
ASN00092045,19150724,PRCP,0,,,a,
ASN00092045,19150725,PRCP,5,,,a,
ASN00092045,19150726,PRCP,5,,,a,
ASN00092045,19150727,PRCP,0,,,a,
ASN00092045,19150728,PRCP,0,,,a,
ASN00092045,19150729,PRCP,5,,,a,
ASN00092045,19150730,PRCP,0,,,a,
ASN00092045,19150731,PRCP,145,,,a,
ASN00092045,19150801,PRCP,320,,,a,
ASN00092045,19150802,PRCP,325,,,a,
ASN00092045,19150803,PRCP,5,,,a,
ASN00092045,19150804,PRCP,0,,,a,
ASN00092045,19150805,PRCP,229,,,a,
ASN00092045,19150806,PRCP,13,,,a,
ASN00092045,19150807,PRCP,8,,,a,
ASN00092045,19150808,PRCP,23,,,a,
ASN00092045,19150809,PRCP,155,,,a,
ASN00092045,19150810,PRCP,5,,,a,
ASN00092045,19150811,PRCP,43,,,a,
ASN00092045,19150812,PRCP,30,,,a,
ASN00092045,19150813,PRCP,23,,,a,
ASN00092045,19150814,PRCP,0,,,a,
ASN00092045,19150815,PRCP,13,,,a,
ASN00092045,19150816,PRCP,41,,,a,
ASN00092045,19150817,PRCP,0,,,a,
ASN00092045,19150818,PRCP,43,,,a,
ASN00092045,19150819,PRCP,0,,,a,
ASN00092045,19150820,PRCP,0,,,a,
ASN00092045,19150821,PRCP,0,,,a,
ASN00092045,19150822,PRCP,0,,,a,
ASN00092045,19150823,PRCP,0,,,a,
ASN00092045,19150824,PRCP,0,,,a,
ASN00092045,19150825,PRCP,127,,,a,
ASN00092045,19150826,PRCP,36,,,a,
ASN00092045,19150827,PRCP,20,,,a,
ASN00092045,19150828,PRCP,18,,,a,
ASN00092045,19150829,PRCP,0,,,a,
ASN00092045,19150830,PRCP,0,,,a,
ASN00092045,19150831,PRCP,13,,,a,
ASN00092045,19150901,PRCP,0,,,a,
ASN00092045,19150902,PRCP,33,,,a,
ASN00092045,19150903,PRCP,76,,,a,
ASN00092045,19150904,PRCP,5,,,a,
ASN00092045,19150905,PRCP,53,,,a,
ASN00092045,19150906,PRCP,18,,,a,
ASN00092045,19150907,PRCP,5,,,a,
ASN00092045,19150908,PRCP,0,,,a,
ASN00092045,19150909,PRCP,5,,,a,
ASN00092045,19150910,PRCP,94,,,a,
ASN00092045,19150911,PRCP,0,,,a,
ASN00092045,19150912,PRCP,0,,,a,
ASN00092045,19150913,PRCP,0,,,a,
ASN00092045,19150914,PRCP,79,,,a,
ASN00092045,19150915,PRCP,127,,,a,
ASN00092045,19150916,PRCP,64,,,a,
ASN00092045,19150917,PRCP,0,,,a,
ASN00092045,19150918,PRCP,8,,,a,
ASN00092045,19150919,PRCP,0,,,a,
ASN00092045,19150920,PRCP,170,,,a,
ASN00092045,19150921,PRCP,15,,,a,
ASN00092045,19150922,PRCP,107,,,a,
ASN00092045,19150923,PRCP,0,,,a,
ASN00092045,19150924,PRCP,0,,,a,
ASN00092045,19150925,PRCP,30,,,a,
ASN00092045,19150926,PRCP,0,,,a,
ASN00092045,19150927,PRCP,0,,,a,
ASN00092045,19150928,PRCP,53,,,a,
ASN00092045,19150929,PRCP,0,,,a,
ASN00092045,19150930,PRCP,0,,,a,
ASN00092045,19151001,PRCP,81,,,a,
ASN00092045,19151002,PRCP,51,,,a,
ASN00092045,19151003,PRCP,38,,,a,
ASN00092045,19151004,PRCP,91,,,a,
ASN00092045,19151005,PRCP,0,,,a,
ASN00092045,19151006,PRCP,0,,,a,
ASN00092045,19151007,PRCP,0,,,a,
ASN00092045,19151008,PRCP,0,,,a,
ASN00092045,19151009,PRCP,0,,,a,
ASN00092045,19151010,PRCP,0,,,a,
ASN00092045,19151011,PRCP,0,,,a,
ASN00092045,19151012,PRCP,5,,,a,
ASN00092045,19151013,PRCP,0,,,a,
ASN00092045,19151014,PRCP,0,,,a,
ASN00092045,19151015,PRCP,0,,,a,
ASN00092045,19151016,PRCP,33,,,a,
ASN00092045,19151017,PRCP,0,,,a,
ASN00092045,19151018,PRCP,0,,,a,
ASN00092045,19151019,PRCP,0,,,a,
ASN00092045,19151020,PRCP,0,,,a,
ASN00092045,19151021,PRCP,0,,,a,
ASN00092045,19151022,PRCP,10,,,a,
ASN00092045,19151023,PRCP,18,,,a,
ASN00092045,19151024,PRCP,0,,,a,
ASN00092045,19151025,PRCP,254,,,a,
ASN00092045,19151026,PRCP,15,,,a,
ASN00092045,19151027,PRCP,5,,,a,
ASN00092045,19151028,PRCP,30,,,a,
ASN00092045,19151029,PRCP,38,,,a,
ASN00092045,19151030,PRCP,76,,,a,
ASN00092045,19151031,PRCP,5,,,a,
ASN00092045,19151101,PRCP,5,,,a,
ASN00092045,19151102,PRCP,25,,,a,
ASN00092045,19151103,PRCP,0,,,a,
ASN00092045,19151104,PRCP,3,,,a,
ASN00092045,19151105,PRCP,10,,,a,
ASN00092045,19151106,PRCP,0,,,a,
ASN00092045,19151107,PRCP,0,,,a,
ASN00092045,19151108,PRCP,0,,,a,
ASN00092045,19151109,PRCP,0,,,a,
ASN00092045,19151110,PRCP,0,,,a,
ASN00092045,19151111,PRCP,0,,,a,
ASN00092045,19151112,PRCP,0,,,a,
ASN00092045,19151113,PRCP,13,,,a,
ASN00092045,19151114,PRCP,15,,,a,
ASN00092045,19151115,PRCP,130,,,a,
ASN00092045,19151116,PRCP,25,,,a,
ASN00092045,19151117,PRCP,0,,,a,
ASN00092045,19151118,PRCP,5,,,a,
ASN00092045,19151119,PRCP,0,,,a,
ASN00092045,19151120,PRCP,0,,,a,
ASN00092045,19151121,PRCP,0,,,a,
ASN00092045,19151122,PRCP,8,,,a,
ASN00092045,19151123,PRCP,0,,,a,
ASN00092045,19151124,PRCP,0,,,a,
ASN00092045,19151125,PRCP,0,,,a,
ASN00092045,19151126,PRCP,0,,,a,
ASN00092045,19151127,PRCP,3,,,a,
ASN00092045,19151128,PRCP,20,,,a,
ASN00092045,19151129,PRCP,20,,,a,
ASN00092045,19151130,PRCP,0,,,a,
ASN00092045,19151201,PRCP,0,,,a,
ASN00092045,19151202,PRCP,0,,,a,
ASN00092045,19151203,PRCP,0,,,a,
ASN00092045,19151204,PRCP,0,,,a,
ASN00092045,19151205,PRCP,0,,,a,
ASN00092045,19151206,PRCP,0,,,a,
ASN00092045,19151207,PRCP,0,,,a,
ASN00092045,19151208,PRCP,0,,,a,
ASN00092045,19151209,PRCP,0,,,a,
ASN00092045,19151210,PRCP,0,,,a,
ASN00092045,19151211,PRCP,0,,,a,
ASN00092045,19151212,PRCP,0,,,a,
ASN00092045,19151213,PRCP,51,,,a,
ASN00092045,19151214,PRCP,94,,,a,
ASN00092045,19151215,PRCP,0,,,a,
ASN00092045,19151216,PRCP,0,,,a,
ASN00092045,19151217,PRCP,0,,,a,
ASN00092045,19151218,PRCP,0,,,a,
ASN00092045,19151219,PRCP,20,,,a,
ASN00092045,19151220,PRCP,0,,,a,
ASN00092045,19151221,PRCP,0,,,a,
ASN00092045,19151222,PRCP,0,,,a,
ASN00092045,19151223,PRCP,10,,,a,
ASN00092045,19151224,PRCP,23,,,a,
ASN00092045,19151225,PRCP,0,,,a,
ASN00092045,19151226,PRCP,0,,,a,
ASN00092045,19151227,PRCP,0,,,a,
ASN00092045,19151228,PRCP,0,,,a,
ASN00092045,19151229,PRCP,3,,,a,
ASN00092045,19151230,PRCP,0,,,a,
ASN00092045,19151231,PRCP,0,,,a,
ASN00092045,19160101,PRCP,0,,,a,
ASN00092045,19160102,PRCP,0,,,a,
ASN00092045,19160103,PRCP,0,,,a,
ASN00092045,19160104,PRCP,89,,,a,
ASN00092045,19160105,PRCP,18,,,a,
ASN00092045,19160106,PRCP,15,,,a,
ASN00092045,19160107,PRCP,3,,,a,
ASN00092045,19160108,PRCP,0,,,a,
ASN00092045,19160109,PRCP,13,,,a,
ASN00092045,19160110,PRCP,61,,,a,
ASN00092045,19160111,PRCP,0,,,a,
ASN00092045,19160112,PRCP,25,,,a,
ASN00092045,19160113,PRCP,0,,,a,
ASN00092045,19160114,PRCP,3,,,a,
ASN00092045,19160115,PRCP,0,,,a,
ASN00092045,19160116,PRCP,0,,,a,
ASN00092045,19160117,PRCP,5,,,a,
ASN00092045,19160118,PRCP,20,,,a,
ASN00092045,19160119,PRCP,0,,,a,
ASN00092045,19160120,PRCP,0,,,a,
ASN00092045,19160121,PRCP,0,,,a,
ASN00092045,19160122,PRCP,0,,,a,
ASN00092045,19160123,PRCP,0,,,a,
ASN00092045,19160124,PRCP,0,,,a,
ASN00092045,19160125,PRCP,0,,,a,
ASN00092045,19160126,PRCP,0,,,a,
ASN00092045,19160127,PRCP,0,,,a,
ASN00092045,19160128,PRCP,30,,,a,
ASN00092045,19160129,PRCP,206,,,a,
ASN00092045,19160130,PRCP,236,,,a,
ASN00092045,19160131,PRCP,345,,,a,
ASN00092045,19160201,PRCP,51,,,a,
ASN00092045,19160202,PRCP,20,,,a,
ASN00092045,19160203,PRCP,0,,,a,
ASN00092045,19160204,PRCP,3,,,a,
ASN00092045,19160205,PRCP,3,,,a,
ASN00092045,19160206,PRCP,8,,,a,
ASN00092045,19160207,PRCP,3,,,a,
ASN00092045,19160208,PRCP,8,,,a,
ASN00092045,19160209,PRCP,0,,,a,
ASN00092045,19160210,PRCP,231,,,a,
ASN00092045,19160211,PRCP,0,,,a,
ASN00092045,19160212,PRCP,0,,,a,
ASN00092045,19160213,PRCP,0,,,a,
ASN00092045,19160214,PRCP,0,,,a,
ASN00092045,19160215,PRCP,0,,,a,
ASN00092045,19160216,PRCP,0,,,a,
ASN00092045,19160217,PRCP,0,,,a,
ASN00092045,19160218,PRCP,0,,,a,
ASN00092045,19160219,PRCP,0,,,a,
ASN00092045,19160220,PRCP,15,,,a,
ASN00092045,19160221,PRCP,0,,,a,
ASN00092045,19160222,PRCP,10,,,a,
ASN00092045,19160223,PRCP,114,,,a,
ASN00092045,19160224,PRCP,8,,,a,
ASN00092045,19160225,PRCP,3,,,a,
ASN00092045,19160226,PRCP,0,,,a,
ASN00092045,19160227,PRCP,0,,,a,
ASN00092045,19160228,PRCP,20,,,a,
ASN00092045,19160229,PRCP,81,,,a,
ASN00092045,19160301,PRCP,8,,,a,
ASN00092045,19160302,PRCP,0,,,a,
ASN00092045,19160303,PRCP,0,,,a,
ASN00092045,19160304,PRCP,0,,,a,
ASN00092045,19160305,PRCP,0,,,a,
ASN00092045,19160306,PRCP,0,,,a,
ASN00092045,19160307,PRCP,25,,,a,
ASN00092045,19160308,PRCP,33,,,a,
ASN00092045,19160309,PRCP,0,,,a,
ASN00092045,19160310,PRCP,8,,,a,
ASN00092045,19160311,PRCP,0,,,a,
ASN00092045,19160312,PRCP,0,,,a,
ASN00092045,19160313,PRCP,0,,,a,
ASN00092045,19160314,PRCP,0,,,a,
ASN00092045,19160315,PRCP,0,,,a,
ASN00092045,19160316,PRCP,0,,,a,
ASN00092045,19160317,PRCP,0,,,a,
ASN00092045,19160318,PRCP,0,,,a,
ASN00092045,19160319,PRCP,0,,,a,
ASN00092045,19160320,PRCP,0,,,a,
ASN00092045,19160321,PRCP,0,,,a,
ASN00092045,19160322,PRCP,0,,,a,
ASN00092045,19160323,PRCP,0,,,a,
ASN00092045,19160324,PRCP,0,,,a,
ASN00092045,19160325,PRCP,0,,,a,
ASN00092045,19160326,PRCP,0,,,a,
ASN00092045,19160327,PRCP,109,,,a,
ASN00092045,19160328,PRCP,8,,,a,
ASN00092045,19160329,PRCP,0,,,a,
ASN00092045,19160330,PRCP,0,,,a,
ASN00092045,19160331,PRCP,0,,,a,
ASN00092045,19160401,PRCP,0,,,a,
ASN00092045,19160402,PRCP,0,,,a,
ASN00092045,19160403,PRCP,43,,,a,
ASN00092045,19160404,PRCP,15,,,a,
ASN00092045,19160405,PRCP,30,,,a,
ASN00092045,19160406,PRCP,46,,,a,
ASN00092045,19160407,PRCP,5,,,a,
ASN00092045,19160408,PRCP,0,,,a,
ASN00092045,19160409,PRCP,0,,,a,
ASN00092045,19160410,PRCP,0,,,a,
ASN00092045,19160411,PRCP,8,,,a,
ASN00092045,19160412,PRCP,0,,,a,
ASN00092045,19160413,PRCP,69,,,a,
ASN00092045,19160414,PRCP,0,,,a,
ASN00092045,19160415,PRCP,25,,,a,
ASN00092045,19160416,PRCP,0,,,a,
ASN00092045,19160417,PRCP,0,,,a,
ASN00092045,19160418,PRCP,0,,,a,
ASN00092045,19160419,PRCP,0,,,a,
ASN00092045,19160420,PRCP,5,,,a,
ASN00092045,19160421,PRCP,3,,,a,
ASN00092045,19160422,PRCP,76,,,a,
ASN00092045,19160423,PRCP,0,,,a,
ASN00092045,19160424,PRCP,0,,,a,
ASN00092045,19160425,PRCP,0,,,a,
ASN00092045,19160426,PRCP,165,,,a,
ASN00092045,19160427,PRCP,0,,,a,
ASN00092045,19160428,PRCP,0,,,a,
ASN00092045,19160429,PRCP,3,,,a,
ASN00092045,19160430,PRCP,0,,,a,
ASN00092045,19160501,PRCP,8,,,a,
ASN00092045,19160502,PRCP,0,,,a,
ASN00092045,19160503,PRCP,8,,,a,
ASN00092045,19160504,PRCP,10,,,a,
ASN00092045,19160505,PRCP,0,,,a,
ASN00092045,19160506,PRCP,0,,,a,
ASN00092045,19160507,PRCP,0,,,a,
ASN00092045,19160508,PRCP,0,,,a,
ASN00092045,19160509,PRCP,3,,,a,
ASN00092045,19160510,PRCP,3,,,a,
ASN00092045,19160511,PRCP,3,,,a,
ASN00092045,19160512,PRCP,0,,,a,
ASN00092045,19160513,PRCP,5,,,a,
ASN00092045,19160514,PRCP,132,,,a,
ASN00092045,19160515,PRCP,0,,,a,
ASN00092045,19160516,PRCP,3,,,a,
ASN00092045,19160517,PRCP,18,,,a,
ASN00092045,19160518,PRCP,15,,,a,
ASN00092045,19160519,PRCP,66,,,a,
ASN00092045,19160520,PRCP,41,,,a,
ASN00092045,19160521,PRCP,0,,,a,
ASN00092045,19160522,PRCP,5,,,a,
ASN00092045,19160523,PRCP,0,,,a,
ASN00092045,19160524,PRCP,0,,,a,
ASN00092045,19160525,PRCP,0,,,a,
ASN00092045,19160526,PRCP,0,,,a,
ASN00092045,19160527,PRCP,0,,,a,
ASN00092045,19160528,PRCP,0,,,a,
ASN00092045,19160529,PRCP,36,,,a,
ASN00092045,19160530,PRCP,13,,,a,
ASN00092045,19160531,PRCP,5,,,a,
ASN00092045,19160601,PRCP,213,,,a,
ASN00092045,19160602,PRCP,5,,,a,
ASN00092045,19160603,PRCP,124,,,a,
ASN00092045,19160604,PRCP,0,,,a,
ASN00092045,19160605,PRCP,30,,,a,
ASN00092045,19160606,PRCP,23,,,a,
ASN00092045,19160607,PRCP,20,,,a,
ASN00092045,19160608,PRCP,0,,,a,
ASN00092045,19160609,PRCP,3,,,a,
ASN00092045,19160610,PRCP,10,,,a,
ASN00092045,19160611,PRCP,8,,,a,
ASN00092045,19160612,PRCP,20,,,a,
ASN00092045,19160613,PRCP,3,,,a,
ASN00092045,19160614,PRCP,13,,,a,
ASN00092045,19160615,PRCP,25,,,a,
ASN00092045,19160616,PRCP,8,,,a,
ASN00092045,19160617,PRCP,33,,,a,
ASN00092045,19160618,PRCP,0,,,a,
ASN00092045,19160619,PRCP,0,,,a,
ASN00092045,19160620,PRCP,0,,,a,
ASN00092045,19160621,PRCP,320,,,a,
ASN00092045,19160622,PRCP,97,,,a,
ASN00092045,19160623,PRCP,5,,,a,
ASN00092045,19160624,PRCP,0,,,a,
ASN00092045,19160625,PRCP,76,,,a,
ASN00092045,19160626,PRCP,5,,,a,
ASN00092045,19160627,PRCP,338,,,a,
ASN00092045,19160628,PRCP,13,,,a,
ASN00092045,19160629,PRCP,127,,,a,
ASN00092045,19160630,PRCP,51,,,a,
ASN00092045,19160701,PRCP,165,,,a,
ASN00092045,19160702,PRCP,20,,,a,
ASN00092045,19160703,PRCP,28,,,a,
ASN00092045,19160704,PRCP,0,,,a,
ASN00092045,19160705,PRCP,25,,,a,
ASN00092045,19160706,PRCP,36,,,a,
ASN00092045,19160707,PRCP,3,,,a,
ASN00092045,19160708,PRCP,89,,,a,
ASN00092045,19160709,PRCP,5,,,a,
ASN00092045,19160710,PRCP,25,,,a,
ASN00092045,19160711,PRCP,36,,,a,
ASN00092045,19160712,PRCP,0,,,a,
ASN00092045,19160713,PRCP,3,,,a,
ASN00092045,19160714,PRCP,3,,,a,
ASN00092045,19160715,PRCP,3,,,a,
ASN00092045,19160716,PRCP,0,,,a,
ASN00092045,19160717,PRCP,0,,,a,
ASN00092045,19160718,PRCP,0,,,a,
ASN00092045,19160719,PRCP,94,,,a,
ASN00092045,19160720,PRCP,89,,,a,
ASN00092045,19160721,PRCP,28,,,a,
ASN00092045,19160722,PRCP,8,,,a,
ASN00092045,19160723,PRCP,5,,,a,
ASN00092045,19160724,PRCP,0,,,a,
ASN00092045,19160725,PRCP,3,,,a,
ASN00092045,19160726,PRCP,3,,,a,
ASN00092045,19160727,PRCP,0,,,a,
ASN00092045,19160728,PRCP,51,,,a,
ASN00092045,19160729,PRCP,18,,,a,
ASN00092045,19160730,PRCP,0,,,a,
ASN00092045,19160731,PRCP,0,,,a,
ASN00092045,19160801,PRCP,51,,,a,
ASN00092045,19160802,PRCP,8,,,a,
ASN00092045,19160803,PRCP,318,,,a,
ASN00092045,19160804,PRCP,91,,,a,
ASN00092045,19160805,PRCP,5,,,a,
ASN00092045,19160806,PRCP,3,,,a,
ASN00092045,19160807,PRCP,30,,,a,
ASN00092045,19160808,PRCP,41,,,a,
ASN00092045,19160809,PRCP,0,,,a,
ASN00092045,19160810,PRCP,0,,,a,
ASN00092045,19160811,PRCP,5,,,a,
ASN00092045,19160812,PRCP,3,,,a,
ASN00092045,19160813,PRCP,18,,,a,
ASN00092045,19160814,PRCP,8,,,a,
ASN00092045,19160815,PRCP,25,,,a,
ASN00092045,19160816,PRCP,8,,,a,
ASN00092045,19160817,PRCP,0,,,a,
ASN00092045,19160818,PRCP,0,,,a,
ASN00092045,19160819,PRCP,0,,,a,
ASN00092045,19160820,PRCP,13,,,a,
ASN00092045,19160821,PRCP,20,,,a,
ASN00092045,19160822,PRCP,10,,,a,
ASN00092045,19160823,PRCP,30,,,a,
ASN00092045,19160824,PRCP,8,,,a,
ASN00092045,19160825,PRCP,0,,,a,
ASN00092045,19160826,PRCP,0,,,a,
ASN00092045,19160827,PRCP,25,,,a,
ASN00092045,19160828,PRCP,155,,,a,
ASN00092045,19160829,PRCP,18,,,a,
ASN00092045,19160830,PRCP,0,,,a,
ASN00092045,19160831,PRCP,0,,,a,
ASN00092045,19160901,PRCP,0,,,a,
ASN00092045,19160902,PRCP,0,,,a,
ASN00092045,19160903,PRCP,0,,,a,
ASN00092045,19160904,PRCP,3,,,a,
ASN00092045,19160905,PRCP,0,,,a,
ASN00092045,19160906,PRCP,94,,,a,
ASN00092045,19160907,PRCP,8,,,a,
ASN00092045,19160908,PRCP,3,,,a,
ASN00092045,19160909,PRCP,5,,,a,
ASN00092045,19160910,PRCP,10,,,a,
ASN00092045,19160911,PRCP,0,,,a,
ASN00092045,19160912,PRCP,0,,,a,
ASN00092045,19160913,PRCP,91,,,a,
ASN00092045,19160914,PRCP,0,,,a,
ASN00092045,19160915,PRCP,127,,,a,
ASN00092045,19160916,PRCP,15,,,a,
ASN00092045,19160917,PRCP,3,,,a,
ASN00092045,19160918,PRCP,0,,,a,
ASN00092045,19160919,PRCP,0,,,a,
ASN00092045,19160920,PRCP,0,,,a,
ASN00092045,19160921,PRCP,28,,,a,
ASN00092045,19160922,PRCP,191,,,a,
ASN00092045,19160923,PRCP,198,,,a,
ASN00092045,19160924,PRCP,635,,,a,
ASN00092045,19160925,PRCP,15,,,a,
ASN00092045,19160926,PRCP,127,,,a,
ASN00092045,19160927,PRCP,33,,,a,
ASN00092045,19160928,PRCP,71,,,a,
ASN00092045,19160929,PRCP,51,,,a,
ASN00092045,19160930,PRCP,25,,,a,
ASN00092045,19161001,PRCP,15,,,a,
ASN00092045,19161002,PRCP,25,,,a,
ASN00092045,19161003,PRCP,15,,,a,
ASN00092045,19161004,PRCP,18,,,a,
ASN00092045,19161005,PRCP,41,,,a,
ASN00092045,19161006,PRCP,0,,,a,
ASN00092045,19161007,PRCP,0,,,a,
ASN00092045,19161008,PRCP,0,,,a,
ASN00092045,19161009,PRCP,36,,,a,
ASN00092045,19161010,PRCP,0,,,a,
ASN00092045,19161011,PRCP,0,,,a,
ASN00092045,19161012,PRCP,0,,,a,
ASN00092045,19161013,PRCP,91,,,a,
ASN00092045,19161014,PRCP,56,,,a,
ASN00092045,19161015,PRCP,8,,,a,
ASN00092045,19161016,PRCP,0,,,a,
ASN00092045,19161017,PRCP,114,,,a,
ASN00092045,19161018,PRCP,0,,,a,
ASN00092045,19161019,PRCP,0,,,a,
ASN00092045,19161020,PRCP,0,,,a,
ASN00092045,19161021,PRCP,0,,,a,
ASN00092045,19161022,PRCP,0,,,a,
ASN00092045,19161023,PRCP,183,,,a,
ASN00092045,19161024,PRCP,8,,,a,
ASN00092045,19161025,PRCP,0,,,a,
ASN00092045,19161026,PRCP,89,,,a,
ASN00092045,19161027,PRCP,127,,,a,
ASN00092045,19161028,PRCP,5,,,a,
ASN00092045,19161029,PRCP,8,,,a,
ASN00092045,19161030,PRCP,0,,,a,
ASN00092045,19161031,PRCP,0,,,a,
ASN00092045,19161101,PRCP,58,,,a,
ASN00092045,19161102,PRCP,0,,,a,
ASN00092045,19161103,PRCP,0,,,a,
ASN00092045,19161104,PRCP,0,,,a,
ASN00092045,19161105,PRCP,33,,,a,
ASN00092045,19161106,PRCP,112,,,a,
ASN00092045,19161107,PRCP,23,,,a,
ASN00092045,19161108,PRCP,0,,,a,
ASN00092045,19161109,PRCP,0,,,a,
ASN00092045,19161110,PRCP,0,,,a,
ASN00092045,19161111,PRCP,0,,,a,
ASN00092045,19161112,PRCP,0,,,a,
ASN00092045,19161113,PRCP,0,,,a,
ASN00092045,19161114,PRCP,122,,,a,
ASN00092045,19161115,PRCP,10,,,a,
ASN00092045,19161116,PRCP,0,,,a,
ASN00092045,19161117,PRCP,97,,,a,
ASN00092045,19161118,PRCP,10,,,a,
ASN00092045,19161119,PRCP,0,,,a,
ASN00092045,19161120,PRCP,0,,,a,
ASN00092045,19161121,PRCP,25,,,a,
ASN00092045,19161122,PRCP,15,,,a,
ASN00092045,19161123,PRCP,155,,,a,
ASN00092045,19161124,PRCP,5,,,a,
ASN00092045,19161125,PRCP,0,,,a,
ASN00092045,19161126,PRCP,155,,,a,
ASN00092045,19161127,PRCP,147,,,a,
ASN00092045,19161128,PRCP,0,,,a,
ASN00092045,19161129,PRCP,8,,,a,
ASN00092045,19161130,PRCP,0,,,a,
ASN00092045,19161201,PRCP,0,,,a,
ASN00092045,19161202,PRCP,0,,,a,
ASN00092045,19161203,PRCP,38,,,a,
ASN00092045,19161204,PRCP,18,,,a,
ASN00092045,19161205,PRCP,8,,,a,
ASN00092045,19161206,PRCP,25,,,a,
ASN00092045,19161207,PRCP,43,,,a,
ASN00092045,19161208,PRCP,8,,,a,
ASN00092045,19161209,PRCP,254,,,a,
ASN00092045,19161210,PRCP,0,,,a,
ASN00092045,19161211,PRCP,8,,,a,
ASN00092045,19161212,PRCP,66,,,a,
ASN00092045,19161213,PRCP,5,,,a,
ASN00092045,19161214,PRCP,0,,,a,
ASN00092045,19161215,PRCP,183,,,a,
ASN00092045,19161216,PRCP,0,,,a,
ASN00092045,19161217,PRCP,0,,,a,
ASN00092045,19161218,PRCP,0,,,a,
ASN00092045,19161219,PRCP,0,,,a,
ASN00092045,19161220,PRCP,8,,,a,
ASN00092045,19161221,PRCP,409,,,a,
ASN00092045,19161222,PRCP,66,,,a,
ASN00092045,19161223,PRCP,0,,,a,
ASN00092045,19161224,PRCP,0,,,a,
ASN00092045,19161225,PRCP,0,,,a,
ASN00092045,19161226,PRCP,0,,,a,
ASN00092045,19161227,PRCP,0,,,a,
ASN00092045,19161228,PRCP,0,,,a,
ASN00092045,19161229,PRCP,0,,,a,
ASN00092045,19161230,PRCP,66,,,a,
ASN00092045,19161231,PRCP,8,,,a,
ASN00092045,19170101,PRCP,8,,,a,
ASN00092045,19170102,PRCP,0,,,a,
ASN00092045,19170103,PRCP,8,,,a,
ASN00092045,19170104,PRCP,28,,,a,
ASN00092045,19170105,PRCP,0,,,a,
ASN00092045,19170106,PRCP,0,,,a,
ASN00092045,19170107,PRCP,0,,,a,
ASN00092045,19170108,PRCP,0,,,a,
ASN00092045,19170109,PRCP,30,,,a,
ASN00092045,19170110,PRCP,5,,,a,
ASN00092045,19170111,PRCP,0,,,a,
ASN00092045,19170112,PRCP,0,,,a,
ASN00092045,19170113,PRCP,0,,,a,
ASN00092045,19170114,PRCP,3,,,a,
ASN00092045,19170115,PRCP,0,,,a,
ASN00092045,19170116,PRCP,0,,,a,
ASN00092045,19170117,PRCP,0,,,a,
ASN00092045,19170118,PRCP,0,,,a,
ASN00092045,19170119,PRCP,0,,,a,
ASN00092045,19170120,PRCP,0,,,a,
ASN00092045,19170121,PRCP,0,,,a,
ASN00092045,19170122,PRCP,165,,,a,
ASN00092045,19170123,PRCP,36,,,a,
ASN00092045,19170124,PRCP,0,,,a,
ASN00092045,19170125,PRCP,0,,,a,
ASN00092045,19170126,PRCP,0,,,a,
ASN00092045,19170127,PRCP,0,,,a,
ASN00092045,19170128,PRCP,0,,,a,
ASN00092045,19170129,PRCP,0,,,a,
ASN00092045,19170130,PRCP,0,,,a,
ASN00092045,19170131,PRCP,0,,,a,
ASN00092045,19170201,PRCP,64,,,a,
ASN00092045,19170202,PRCP,15,,,a,
ASN00092045,19170203,PRCP,5,,,a,
ASN00092045,19170204,PRCP,0,,,a,
ASN00092045,19170205,PRCP,0,,,a,
ASN00092045,19170206,PRCP,0,,,a,
ASN00092045,19170207,PRCP,0,,,a,
ASN00092045,19170208,PRCP,0,,,a,
ASN00092045,19170209,PRCP,0,,,a,
ASN00092045,19170210,PRCP,0,,,a,
ASN00092045,19170211,PRCP,0,,,a,
ASN00092045,19170212,PRCP,0,,,a,
ASN00092045,19170213,PRCP,0,,,a,
ASN00092045,19170214,PRCP,0,,,a,
ASN00092045,19170215,PRCP,0,,,a,
ASN00092045,19170216,PRCP,36,,,a,
ASN00092045,19170217,PRCP,0,,,a,
ASN00092045,19170218,PRCP,3,,,a,
ASN00092045,19170219,PRCP,0,,,a,
ASN00092045,19170220,PRCP,3,,,a,
ASN00092045,19170221,PRCP,84,,,a,
ASN00092045,19170222,PRCP,58,,,a,
ASN00092045,19170223,PRCP,53,,,a,
ASN00092045,19170224,PRCP,5,,,a,
ASN00092045,19170225,PRCP,0,,,a,
ASN00092045,19170226,PRCP,10,,,a,
ASN00092045,19170227,PRCP,0,,,a,
ASN00092045,19170228,PRCP,0,,,a,
ASN00092045,19170301,PRCP,5,,,a,
ASN00092045,19170302,PRCP,10,,,a,
ASN00092045,19170303,PRCP,0,,,a,
ASN00092045,19170304,PRCP,3,,,a,
ASN00092045,19170305,PRCP,84,,,a,
ASN00092045,19170306,PRCP,23,,,a,
ASN00092045,19170307,PRCP,28,,,a,
ASN00092045,19170308,PRCP,107,,,a,
ASN00092045,19170309,PRCP,71,,,a,
ASN00092045,19170310,PRCP,8,,,a,
ASN00092045,19170311,PRCP,0,,,a,
ASN00092045,19170312,PRCP,5,,,a,
ASN00092045,19170313,PRCP,51,,,a,
ASN00092045,19170314,PRCP,5,,,a,
ASN00092045,19170315,PRCP,8,,,a,
ASN00092045,19170316,PRCP,152,,,a,
ASN00092045,19170317,PRCP,28,,,a,
ASN00092045,19170318,PRCP,30,,,a,
ASN00092045,19170319,PRCP,0,,,a,
ASN00092045,19170320,PRCP,3,,,a,
ASN00092045,19170321,PRCP,41,,,a,
ASN00092045,19170322,PRCP,0,,,a,
ASN00092045,19170323,PRCP,0,,,a,
ASN00092045,19170324,PRCP,0,,,a,
ASN00092045,19170325,PRCP,0,,,a,
ASN00092045,19170326,PRCP,178,,,a,
ASN00092045,19170327,PRCP,3,,,a,
ASN00092045,19170328,PRCP,89,,,a,
ASN00092045,19170329,PRCP,10,,,a,
ASN00092045,19170330,PRCP,20,,,a,
ASN00092045,19170331,PRCP,30,,,a,
ASN00092045,19170401,PRCP,0,,,a,
ASN00092045,19170402,PRCP,0,,,a,
ASN00092045,19170403,PRCP,0,,,a,
ASN00092045,19170404,PRCP,0,,,a,
ASN00092045,19170405,PRCP,127,,,a,
ASN00092045,19170406,PRCP,89,,,a,
ASN00092045,19170407,PRCP,1450,,,a,
ASN00092045,19170408,PRCP,0,,,a,
ASN00092045,19170409,PRCP,8,,,a,
ASN00092045,19170410,PRCP,0,,,a,
ASN00092045,19170411,PRCP,0,,,a,
ASN00092045,19170412,PRCP,0,,,a,
ASN00092045,19170413,PRCP,0,,,a,
ASN00092045,19170414,PRCP,5,,,a,
ASN00092045,19170415,PRCP,30,,,a,
ASN00092045,19170416,PRCP,0,,,a,
ASN00092045,19170417,PRCP,0,,,a,
ASN00092045,19170418,PRCP,0,,,a,
ASN00092045,19170419,PRCP,13,,,a,
ASN00092045,19170420,PRCP,28,,,a,
ASN00092045,19170421,PRCP,20,,,a,
ASN00092045,19170422,PRCP,43,,,a,
ASN00092045,19170423,PRCP,0,,,a,
ASN00092045,19170424,PRCP,3,,,a,
ASN00092045,19170425,PRCP,8,,,a,
ASN00092045,19170426,PRCP,0,,,a,
ASN00092045,19170427,PRCP,64,,,a,
ASN00092045,19170428,PRCP,30,,,a,
ASN00092045,19170429,PRCP,0,,,a,
ASN00092045,19170430,PRCP,3,,,a,
ASN00092045,19170501,PRCP,0,,,a,
ASN00092045,19170502,PRCP,0,,,a,
ASN00092045,19170503,PRCP,0,,,a,
ASN00092045,19170504,PRCP,15,,,a,
ASN00092045,19170505,PRCP,0,,,a,
ASN00092045,19170506,PRCP,3,,,a,
ASN00092045,19170507,PRCP,109,,,a,
ASN00092045,19170508,PRCP,312,,,a,
ASN00092045,19170509,PRCP,18,,,a,
ASN00092045,19170510,PRCP,13,,,a,
ASN00092045,19170511,PRCP,0,,,a,
ASN00092045,19170512,PRCP,13,,,a,
ASN00092045,19170513,PRCP,76,,,a,
ASN00092045,19170514,PRCP,102,,,a,
ASN00092045,19170515,PRCP,8,,,a,
ASN00092045,19170516,PRCP,20,,,a,
ASN00092045,19170517,PRCP,28,,,a,
ASN00092045,19170518,PRCP,79,,,a,
ASN00092045,19170519,PRCP,13,,,a,
ASN00092045,19170520,PRCP,61,,,a,
ASN00092045,19170521,PRCP,46,,,a,
ASN00092045,19170522,PRCP,28,,,a,
ASN00092045,19170523,PRCP,0,,,a,
ASN00092045,19170524,PRCP,15,,,a,
ASN00092045,19170525,PRCP,0,,,a,
ASN00092045,19170526,PRCP,0,,,a,
ASN00092045,19170527,PRCP,0,,,a,
ASN00092045,19170528,PRCP,0,,,a,
ASN00092045,19170529,PRCP,0,,,a,
ASN00092045,19170530,PRCP,0,,,a,
ASN00092045,19170531,PRCP,0,,,a,
ASN00092045,19170601,PRCP,30,,,a,
ASN00092045,19170602,PRCP,43,,,a,
ASN00092045,19170603,PRCP,0,,,a,
ASN00092045,19170604,PRCP,3,,,a,
ASN00092045,19170605,PRCP,46,,,a,
ASN00092045,19170606,PRCP,20,,,a,
ASN00092045,19170607,PRCP,165,,,a,
ASN00092045,19170608,PRCP,20,,,a,
ASN00092045,19170609,PRCP,0,,,a,
ASN00092045,19170610,PRCP,0,,,a,
ASN00092045,19170611,PRCP,51,,,a,
ASN00092045,19170612,PRCP,292,,,a,
ASN00092045,19170613,PRCP,310,,,a,
ASN00092045,19170614,PRCP,165,,,a,
ASN00092045,19170615,PRCP,94,,,a,
ASN00092045,19170616,PRCP,8,,,a,
ASN00092045,19170617,PRCP,0,,,a,
ASN00092045,19170618,PRCP,0,,,a,
ASN00092045,19170619,PRCP,20,,,a,
ASN00092045,19170620,PRCP,107,,,a,
ASN00092045,19170621,PRCP,8,,,a,
ASN00092045,19170622,PRCP,3,,,a,
ASN00092045,19170623,PRCP,0,,,a,
ASN00092045,19170624,PRCP,8,,,a,
ASN00092045,19170625,PRCP,30,,,a,
ASN00092045,19170626,PRCP,43,,,a,
ASN00092045,19170627,PRCP,3,,,a,
ASN00092045,19170628,PRCP,3,,,a,
ASN00092045,19170629,PRCP,3,,,a,
ASN00092045,19170630,PRCP,10,,,a,
ASN00092045,19170701,PRCP,0,,,a,
ASN00092045,19170702,PRCP,0,,,a,
ASN00092045,19170703,PRCP,69,,,a,
ASN00092045,19170704,PRCP,18,,,a,
ASN00092045,19170705,PRCP,18,,,a,
ASN00092045,19170706,PRCP,0,,,a,
ASN00092045,19170707,PRCP,28,,,a,
ASN00092045,19170708,PRCP,38,,,a,
ASN00092045,19170709,PRCP,46,,,a,
ASN00092045,19170710,PRCP,5,,,a,
ASN00092045,19170711,PRCP,53,,,a,
ASN00092045,19170712,PRCP,5,,,a,
ASN00092045,19170713,PRCP,13,,,a,
ASN00092045,19170714,PRCP,3,,,a,
ASN00092045,19170715,PRCP,3,,,a,
ASN00092045,19170716,PRCP,46,,,a,
ASN00092045,19170717,PRCP,8,,,a,
ASN00092045,19170718,PRCP,28,,,a,
ASN00092045,19170719,PRCP,41,,,a,
ASN00092045,19170720,PRCP,36,,,a,
ASN00092045,19170721,PRCP,38,,,a,
ASN00092045,19170722,PRCP,0,,,a,
ASN00092045,19170723,PRCP,8,,,a,
ASN00092045,19170724,PRCP,0,,,a,
ASN00092045,19170725,PRCP,36,,,a,
ASN00092045,19170726,PRCP,188,,,a,
ASN00092045,19170727,PRCP,5,,,a,
ASN00092045,19170728,PRCP,53,,,a,
ASN00092045,19170729,PRCP,0,,,a,
ASN00092045,19170730,PRCP,13,,,a,
ASN00092045,19170731,PRCP,8,,,a,
ASN00092045,19170801,PRCP,5,,,a,
ASN00092045,19170802,PRCP,0,,,a,
ASN00092045,19170803,PRCP,20,,,a,
ASN00092045,19170804,PRCP,5,,,a,
ASN00092045,19170805,PRCP,0,,,a,
ASN00092045,19170806,PRCP,3,,,a,
ASN00092045,19170807,PRCP,0,,,a,
ASN00092045,19170808,PRCP,0,,,a,
ASN00092045,19170809,PRCP,3,,,a,
ASN00092045,19170810,PRCP,0,,,a,
ASN00092045,19170811,PRCP,38,,,a,
ASN00092045,19170812,PRCP,130,,,a,
ASN00092045,19170813,PRCP,0,,,a,
ASN00092045,19170814,PRCP,0,,,a,
ASN00092045,19170815,PRCP,0,,,a,
ASN00092045,19170816,PRCP,3,,,a,
ASN00092045,19170817,PRCP,8,,,a,
ASN00092045,19170818,PRCP,3,,,a,
ASN00092045,19170819,PRCP,140,,,a,
ASN00092045,19170820,PRCP,61,,,a,
ASN00092045,19170821,PRCP,10,,,a,
ASN00092045,19170822,PRCP,43,,,a,
ASN00092045,19170823,PRCP,0,,,a,
ASN00092045,19170824,PRCP,132,,,a,
ASN00092045,19170825,PRCP,8,,,a,
ASN00092045,19170826,PRCP,0,,,a,
ASN00092045,19170827,PRCP,3,,,a,
ASN00092045,19170828,PRCP,0,,,a,
ASN00092045,19170829,PRCP,0,,,a,
ASN00092045,19170830,PRCP,20,,,a,
ASN00092045,19170831,PRCP,76,,,a,
ASN00092045,19170901,PRCP,36,,,a,
ASN00092045,19170902,PRCP,5,,,a,
ASN00092045,19170903,PRCP,0,,,a,
ASN00092045,19170904,PRCP,0,,,a,
ASN00092045,19170905,PRCP,152,,,a,
ASN00092045,19170906,PRCP,114,,,a,
ASN00092045,19170907,PRCP,25,,,a,
ASN00092045,19170908,PRCP,13,,,a,
ASN00092045,19170909,PRCP,0,,,a,
ASN00092045,19170910,PRCP,5,,,a,
ASN00092045,19170911,PRCP,0,,,a,
ASN00092045,19170912,PRCP,3,,,a,
ASN00092045,19170913,PRCP,10,,,a,
ASN00092045,19170914,PRCP,64,,,a,
ASN00092045,19170915,PRCP,0,,,a,
ASN00092045,19170916,PRCP,0,,,a,
ASN00092045,19170917,PRCP,130,,,a,
ASN00092045,19170918,PRCP,442,,,a,
ASN00092045,19170919,PRCP,3,,,a,
ASN00092045,19170920,PRCP,0,,,a,
ASN00092045,19170921,PRCP,0,,,a,
ASN00092045,19170922,PRCP,58,,,a,
ASN00092045,19170923,PRCP,10,,,a,
ASN00092045,19170924,PRCP,58,,,a,
ASN00092045,19170925,PRCP,5,,,a,
ASN00092045,19170926,PRCP,5,,,a,
ASN00092045,19170927,PRCP,5,,,a,
ASN00092045,19170928,PRCP,10,,,a,
ASN00092045,19170929,PRCP,15,,,a,
ASN00092045,19170930,PRCP,0,,,a,
ASN00092045,19171001,PRCP,0,,,a,
ASN00092045,19171002,PRCP,58,,,a,
ASN00092045,19171003,PRCP,0,,,a,
ASN00092045,19171004,PRCP,0,,,a,
ASN00092045,19171005,PRCP,84,,,a,
ASN00092045,19171006,PRCP,20,,,a,
ASN00092045,19171007,PRCP,0,,,a,
ASN00092045,19171008,PRCP,3,,,a,
ASN00092045,19171009,PRCP,0,,,a,
ASN00092045,19171010,PRCP,0,,,a,
ASN00092045,19171011,PRCP,10,,,a,
ASN00092045,19171012,PRCP,0,,,a,
ASN00092045,19171013,PRCP,3,,,a,
ASN00092045,19171014,PRCP,89,,,a,
ASN00092045,19171015,PRCP,224,,,a,
ASN00092045,19171016,PRCP,3,,,a,
ASN00092045,19171017,PRCP,10,,,a,
ASN00092045,19171018,PRCP,97,,,a,
ASN00092045,19171019,PRCP,155,,,a,
ASN00092045,19171020,PRCP,43,,,a,
ASN00092045,19171021,PRCP,183,,,a,
ASN00092045,19171022,PRCP,38,,,a,
ASN00092045,19171023,PRCP,5,,,a,
ASN00092045,19171024,PRCP,229,,,a,
ASN00092045,19171025,PRCP,8,,,a,
ASN00092045,19171026,PRCP,3,,,a,
ASN00092045,19171027,PRCP,5,,,a,
ASN00092045,19171028,PRCP,53,,,a,
ASN00092045,19171029,PRCP,25,,,a,
ASN00092045,19171030,PRCP,0,,,a,
ASN00092045,19171031,PRCP,3,,,a,
ASN00092045,19171101,PRCP,3,,,a,
ASN00092045,19171102,PRCP,3,,,a,
ASN00092045,19171103,PRCP,0,,,a,
ASN00092045,19171104,PRCP,3,,,a,
ASN00092045,19171105,PRCP,3,,,a,
ASN00092045,19171106,PRCP,28,,,a,
ASN00092045,19171107,PRCP,0,,,a,
ASN00092045,19171108,PRCP,0,,,a,
ASN00092045,19171109,PRCP,0,,,a,
ASN00092045,19171110,PRCP,20,,,a,
ASN00092045,19171111,PRCP,38,,,a,
ASN00092045,19171112,PRCP,64,,,a,
ASN00092045,19171113,PRCP,0,,,a,
ASN00092045,19171114,PRCP,0,,,a,
ASN00092045,19171115,PRCP,597,,,a,
ASN00092045,19171116,PRCP,13,,,a,
ASN00092045,19171117,PRCP,3,,,a,
ASN00092045,19171118,PRCP,3,,,a,
ASN00092045,19171119,PRCP,38,,,a,
ASN00092045,19171120,PRCP,18,,,a,
ASN00092045,19171121,PRCP,10,,,a,
ASN00092045,19171122,PRCP,0,,,a,
ASN00092045,19171123,PRCP,76,,,a,
ASN00092045,19171124,PRCP,15,,,a,
ASN00092045,19171125,PRCP,25,,,a,
ASN00092045,19171126,PRCP,5,,,a,
ASN00092045,19171127,PRCP,0,,,a,
ASN00092045,19171128,PRCP,0,,,a,
ASN00092045,19171129,PRCP,0,,,a,
ASN00092045,19171130,PRCP,0,,,a,
ASN00092045,19171201,PRCP,3,,,a,
ASN00092045,19171202,PRCP,0,,,a,
ASN00092045,19171203,PRCP,0,,,a,
ASN00092045,19171204,PRCP,8,,,a,
ASN00092045,19171205,PRCP,5,,,a,
ASN00092045,19171206,PRCP,0,,,a,
ASN00092045,19171207,PRCP,0,,,a,
ASN00092045,19171208,PRCP,0,,,a,
ASN00092045,19171209,PRCP,0,,,a,
ASN00092045,19171210,PRCP,5,,,a,
ASN00092045,19171211,PRCP,0,,,a,
ASN00092045,19171212,PRCP,23,,,a,
ASN00092045,19171213,PRCP,5,,,a,
ASN00092045,19171214,PRCP,0,,,a,
ASN00092045,19171215,PRCP,0,,,a,
ASN00092045,19171216,PRCP,0,,,a,
ASN00092045,19171217,PRCP,3,,,a,
ASN00092045,19171218,PRCP,0,,,a,
ASN00092045,19171219,PRCP,3,,,a,
ASN00092045,19171220,PRCP,3,,,a,
ASN00092045,19171221,PRCP,10,,,a,
ASN00092045,19171222,PRCP,0,,,a,
ASN00092045,19171223,PRCP,0,,,a,
ASN00092045,19171224,PRCP,0,,,a,
ASN00092045,19171225,PRCP,5,,,a,
ASN00092045,19171226,PRCP,18,,,a,
ASN00092045,19171227,PRCP,0,,,a,
ASN00092045,19171228,PRCP,5,,,a,
ASN00092045,19171229,PRCP,0,,,a,
ASN00092045,19171230,PRCP,0,,,a,
ASN00092045,19171231,PRCP,46,,,a,
ASN00092045,19180101,PRCP,23,,,a,
ASN00092045,19180102,PRCP,0,,,a,
ASN00092045,19180103,PRCP,0,,,a,
ASN00092045,19180104,PRCP,0,,,a,
ASN00092045,19180105,PRCP,3,,,a,
ASN00092045,19180106,PRCP,0,,,a,
ASN00092045,19180107,PRCP,0,,,a,
ASN00092045,19180108,PRCP,0,,,a,
ASN00092045,19180109,PRCP,0,,,a,
ASN00092045,19180110,PRCP,0,,,a,
ASN00092045,19180111,PRCP,46,,,a,
ASN00092045,19180112,PRCP,46,,,a,
ASN00092045,19180113,PRCP,8,,,a,
ASN00092045,19180114,PRCP,0,,,a,
ASN00092045,19180115,PRCP,208,,,a,
ASN00092045,19180116,PRCP,3,,,a,
ASN00092045,19180117,PRCP,0,,,a,
ASN00092045,19180118,PRCP,0,,,a,
ASN00092045,19180119,PRCP,0,,,a,
ASN00092045,19180120,PRCP,0,,,a,
ASN00092045,19180121,PRCP,0,,,a,
ASN00092045,19180122,PRCP,0,,,a,
ASN00092045,19180123,PRCP,0,,,a,
ASN00092045,19180124,PRCP,0,,,a,
ASN00092045,19180125,PRCP,0,,,a,
ASN00092045,19180126,PRCP,0,,,a,
ASN00092045,19180127,PRCP,0,,,a,
ASN00092045,19180128,PRCP,23,,,a,
ASN00092045,19180129,PRCP,0,,,a,
ASN00092045,19180130,PRCP,0,,,a,
ASN00092045,19180131,PRCP,5,,,a,
ASN00092045,19180201,PRCP,0,,,a,
ASN00092045,19180202,PRCP,10,,,a,
ASN00092045,19180203,PRCP,3,,,a,
ASN00092045,19180204,PRCP,117,,,a,
ASN00092045,19180205,PRCP,0,,,a,
ASN00092045,19180206,PRCP,0,,,a,
ASN00092045,19180207,PRCP,0,,,a,
ASN00092045,19180208,PRCP,0,,,a,
ASN00092045,19180209,PRCP,0,,,a,
ASN00092045,19180210,PRCP,0,,,a,
ASN00092045,19180211,PRCP,0,,,a,
ASN00092045,19180212,PRCP,0,,,a,
ASN00092045,19180213,PRCP,0,,,a,
ASN00092045,19180214,PRCP,0,,,a,
ASN00092045,19180215,PRCP,0,,,a,
ASN00092045,19180216,PRCP,0,,,a,
ASN00092045,19180217,PRCP,10,,,a,
ASN00092045,19180218,PRCP,5,,,a,
ASN00092045,19180219,PRCP,0,,,a,
ASN00092045,19180220,PRCP,0,,,a,
ASN00092045,19180221,PRCP,0,,,a,
ASN00092045,19180222,PRCP,25,,,a,
ASN00092045,19180223,PRCP,0,,,a,
ASN00092045,19180224,PRCP,10,,,a,
ASN00092045,19180225,PRCP,28,,,a,
ASN00092045,19180226,PRCP,0,,,a,
ASN00092045,19180227,PRCP,0,,,a,
ASN00092045,19180228,PRCP,0,,,a,
ASN00092045,19180301,PRCP,0,,,a,
ASN00092045,19180302,PRCP,0,,,a,
ASN00092045,19180303,PRCP,0,,,a,
ASN00092045,19180304,PRCP,183,,,a,
ASN00092045,19180305,PRCP,150,,,a,
ASN00092045,19180306,PRCP,130,,,a,
ASN00092045,19180307,PRCP,28,,,a,
ASN00092045,19180308,PRCP,0,,,a,
ASN00092045,19180309,PRCP,0,,,a,
ASN00092045,19180310,PRCP,0,,,a,
ASN00092045,19180311,PRCP,0,,,a,
ASN00092045,19180312,PRCP,0,,,a,
ASN00092045,19180313,PRCP,0,,,a,
ASN00092045,19180314,PRCP,25,,,a,
ASN00092045,19180315,PRCP,13,,,a,
ASN00092045,19180316,PRCP,0,,,a,
ASN00092045,19180317,PRCP,0,,,a,
ASN00092045,19180318,PRCP,0,,,a,
ASN00092045,19180319,PRCP,0,,,a,
ASN00092045,19180320,PRCP,0,,,a,
ASN00092045,19180321,PRCP,0,,,a,
ASN00092045,19180322,PRCP,0,,,a,
ASN00092045,19180323,PRCP,0,,,a,
ASN00092045,19180324,PRCP,0,,,a,
ASN00092045,19180325,PRCP,0,,,a,
ASN00092045,19180326,PRCP,0,,,a,
ASN00092045,19180327,PRCP,0,,,a,
ASN00092045,19180328,PRCP,0,,,a,
ASN00092045,19180329,PRCP,0,,,a,
ASN00092045,19180330,PRCP,0,,,a,
ASN00092045,19180331,PRCP,5,,,a,
ASN00092045,19180401,PRCP,0,,,a,
ASN00092045,19180402,PRCP,0,,,a,
ASN00092045,19180403,PRCP,0,,,a,
ASN00092045,19180404,PRCP,0,,,a,
ASN00092045,19180405,PRCP,13,,,a,
ASN00092045,19180406,PRCP,71,,,a,
ASN00092045,19180407,PRCP,0,,,a,
ASN00092045,19180408,PRCP,0,,,a,
ASN00092045,19180409,PRCP,0,,,a,
ASN00092045,19180410,PRCP,0,,,a,
ASN00092045,19180411,PRCP,0,,,a,
ASN00092045,19180412,PRCP,0,,,a,
ASN00092045,19180413,PRCP,0,,,a,
ASN00092045,19180414,PRCP,5,,,a,
ASN00092045,19180415,PRCP,3,,,a,
ASN00092045,19180416,PRCP,0,,,a,
ASN00092045,19180417,PRCP,0,,,a,
ASN00092045,19180418,PRCP,0,,,a,
ASN00092045,19180419,PRCP,0,,,a,
ASN00092045,19180420,PRCP,0,,,a,
ASN00092045,19180421,PRCP,0,,,a,
ASN00092045,19180422,PRCP,0,,,a,
ASN00092045,19180423,PRCP,3,,,a,
ASN00092045,19180424,PRCP,5,,,a,
ASN00092045,19180425,PRCP,178,,,a,
ASN00092045,19180426,PRCP,244,,,a,
ASN00092045,19180427,PRCP,0,,,a,
ASN00092045,19180428,PRCP,0,,,a,
ASN00092045,19180429,PRCP,0,,,a,
ASN00092045,19180430,PRCP,0,,,a,
ASN00092045,19180501,PRCP,0,,,a,
ASN00092045,19180502,PRCP,3,,,a,
ASN00092045,19180503,PRCP,0,,,a,
ASN00092045,19180504,PRCP,0,,,a,
ASN00092045,19180505,PRCP,3,,,a,
ASN00092045,19180506,PRCP,0,,,a,
ASN00092045,19180507,PRCP,0,,,a,
ASN00092045,19180508,PRCP,0,,,a,
ASN00092045,19180509,PRCP,0,,,a,
ASN00092045,19180510,PRCP,5,,,a,
ASN00092045,19180511,PRCP,0,,,a,
ASN00092045,19180512,PRCP,28,,,a,
ASN00092045,19180513,PRCP,130,,,a,
ASN00092045,19180514,PRCP,66,,,a,
ASN00092045,19180515,PRCP,0,,,a,
ASN00092045,19180516,PRCP,74,,,a,
ASN00092045,19180517,PRCP,89,,,a,
ASN00092045,19180518,PRCP,0,,,a,
ASN00092045,19180519,PRCP,284,,,a,
ASN00092045,19180520,PRCP,0,,,a,
ASN00092045,19180521,PRCP,0,,,a,
ASN00092045,19180522,PRCP,0,,,a,
ASN00092045,19180523,PRCP,0,,,a,
ASN00092045,19180524,PRCP,0,,,a,
ASN00092045,19180525,PRCP,0,,,a,
ASN00092045,19180526,PRCP,0,,,a,
ASN00092045,19180527,PRCP,0,,,a,
ASN00092045,19180528,PRCP,0,,,a,
ASN00092045,19180529,PRCP,0,,,a,
ASN00092045,19180530,PRCP,140,,,a,
ASN00092045,19180531,PRCP,3,,,a,
ASN00092045,19180601,PRCP,0,,,a,
ASN00092045,19180602,PRCP,8,,,a,
ASN00092045,19180603,PRCP,170,,,a,
ASN00092045,19180604,PRCP,5,,,a,
ASN00092045,19180605,PRCP,94,,,a,
ASN00092045,19180606,PRCP,33,,,a,
ASN00092045,19180607,PRCP,10,,,a,
ASN00092045,19180608,PRCP,226,,,a,
ASN00092045,19180609,PRCP,48,,,a,
ASN00092045,19180610,PRCP,15,,,a,
ASN00092045,19180611,PRCP,10,,,a,
ASN00092045,19180612,PRCP,0,,,a,
ASN00092045,19180613,PRCP,0,,,a,
ASN00092045,19180614,PRCP,84,,,a,
ASN00092045,19180615,PRCP,124,,,a,
ASN00092045,19180616,PRCP,97,,,a,
ASN00092045,19180617,PRCP,0,,,a,
ASN00092045,19180618,PRCP,46,,,a,
ASN00092045,19180619,PRCP,58,,,a,
ASN00092045,19180620,PRCP,64,,,a,
ASN00092045,19180621,PRCP,89,,,a,
ASN00092045,19180622,PRCP,0,,,a,
ASN00092045,19180623,PRCP,5,,,a,
ASN00092045,19180624,PRCP,0,,,a,
ASN00092045,19180625,PRCP,0,,,a,
ASN00092045,19180626,PRCP,66,,,a,
ASN00092045,19180627,PRCP,0,,,a,
ASN00092045,19180628,PRCP,0,,,a,
ASN00092045,19180629,PRCP,0,,,a,
ASN00092045,19180630,PRCP,20,,,a,
ASN00092045,19180701,PRCP,10,,,a,
ASN00092045,19180702,PRCP,0,,,a,
ASN00092045,19180703,PRCP,5,,,a,
ASN00092045,19180704,PRCP,64,,,a,
ASN00092045,19180705,PRCP,0,,,a,
ASN00092045,19180706,PRCP,0,,,a,
ASN00092045,19180707,PRCP,0,,,a,
ASN00092045,19180708,PRCP,5,,,a,
ASN00092045,19180709,PRCP,114,,,a,
ASN00092045,19180710,PRCP,0,,,a,
ASN00092045,19180711,PRCP,10,,,a,
ASN00092045,19180712,PRCP,157,,,a,
ASN00092045,19180713,PRCP,191,,,a,
ASN00092045,19180714,PRCP,23,,,a,
ASN00092045,19180715,PRCP,0,,,a,
ASN00092045,19180716,PRCP,0,,,a,
ASN00092045,19180717,PRCP,0,,,a,
ASN00092045,19180718,PRCP,0,,,a,
ASN00092045,19180719,PRCP,0,,,a,
ASN00092045,19180720,PRCP,0,,,a,
ASN00092045,19180721,PRCP,5,,,a,
ASN00092045,19180722,PRCP,25,,,a,
ASN00092045,19180723,PRCP,5,,,a,
ASN00092045,19180724,PRCP,20,,,a,
ASN00092045,19180725,PRCP,18,,,a,
ASN00092045,19180726,PRCP,0,,,a,
ASN00092045,19180727,PRCP,0,,,a,
ASN00092045,19180728,PRCP,0,,,a,
ASN00092045,19180729,PRCP,0,,,a,
ASN00092045,19180730,PRCP,0,,,a,
ASN00092045,19180731,PRCP,0,,,a,
ASN00092045,19180801,PRCP,0,,,a,
ASN00092045,19180802,PRCP,0,,,a,
ASN00092045,19180803,PRCP,0,,,a,
ASN00092045,19180804,PRCP,0,,,a,
ASN00092045,19180805,PRCP,0,,,a,
ASN00092045,19180806,PRCP,46,,,a,
ASN00092045,19180807,PRCP,107,,,a,
ASN00092045,19180808,PRCP,3,,,a,
ASN00092045,19180809,PRCP,0,,,a,
ASN00092045,19180810,PRCP,0,,,a,
ASN00092045,19180811,PRCP,0,,,a,
ASN00092045,19180812,PRCP,0,,,a,
ASN00092045,19180813,PRCP,0,,,a,
ASN00092045,19180814,PRCP,0,,,a,
ASN00092045,19180815,PRCP,0,,,a,
ASN00092045,19180816,PRCP,0,,,a,
ASN00092045,19180817,PRCP,10,,,a,
ASN00092045,19180818,PRCP,13,,,a,
ASN00092045,19180819,PRCP,79,,,a,
ASN00092045,19180820,PRCP,0,,,a,
ASN00092045,19180821,PRCP,66,,,a,
ASN00092045,19180822,PRCP,13,,,a,
ASN00092045,19180823,PRCP,168,,,a,
ASN00092045,19180824,PRCP,124,,,a,
ASN00092045,19180825,PRCP,5,,,a,
ASN00092045,19180826,PRCP,0,,,a,
ASN00092045,19180827,PRCP,0,,,a,
ASN00092045,19180828,PRCP,0,,,a,
ASN00092045,19180829,PRCP,0,,,a,
ASN00092045,19180830,PRCP,0,,,a,
ASN00092045,19180831,PRCP,0,,,a,
ASN00092045,19180901,PRCP,0,,,a,
ASN00092045,19180902,PRCP,18,,,a,
ASN00092045,19180903,PRCP,36,,,a,
ASN00092045,19180904,PRCP,193,,,a,
ASN00092045,19180905,PRCP,5,,,a,
ASN00092045,19180906,PRCP,0,,,a,
ASN00092045,19180907,PRCP,0,,,a,
ASN00092045,19180908,PRCP,0,,,a,
ASN00092045,19180909,PRCP,0,,,a,
ASN00092045,19180910,PRCP,0,,,a,
ASN00092045,19180911,PRCP,0,,,a,
ASN00092045,19180912,PRCP,0,,,a,
ASN00092045,19180913,PRCP,0,,,a,
ASN00092045,19180914,PRCP,0,,,a,
ASN00092045,19180915,PRCP,0,,,a,
ASN00092045,19180916,PRCP,0,,,a,
ASN00092045,19180917,PRCP,0,,,a,
ASN00092045,19180918,PRCP,0,,,a,
ASN00092045,19180919,PRCP,0,,,a,
ASN00092045,19180920,PRCP,38,,,a,
ASN00092045,19180921,PRCP,20,,,a,
ASN00092045,19180922,PRCP,0,,,a,
ASN00092045,19180923,PRCP,0,,,a,
ASN00092045,19180924,PRCP,25,,,a,
ASN00092045,19180925,PRCP,0,,,a,
ASN00092045,19180926,PRCP,0,,,a,
ASN00092045,19180927,PRCP,0,,,a,
ASN00092045,19180928,PRCP,0,,,a,
ASN00092045,19180929,PRCP,38,,,a,
ASN00092045,19180930,PRCP,0,,,a,
ASN00092045,19181001,PRCP,0,,,a,
ASN00092045,19181002,PRCP,28,,,a,
ASN00092045,19181003,PRCP,10,,,a,
ASN00092045,19181004,PRCP,0,,,a,
ASN00092045,19181005,PRCP,0,,,a,
ASN00092045,19181006,PRCP,0,,,a,
ASN00092045,19181007,PRCP,15,,,a,
ASN00092045,19181008,PRCP,5,,,a,
ASN00092045,19181009,PRCP,0,,,a,
ASN00092045,19181010,PRCP,0,,,a,
ASN00092045,19181011,PRCP,0,,,a,
ASN00092045,19181012,PRCP,30,,,a,
ASN00092045,19181013,PRCP,36,,,a,
ASN00092045,19181014,PRCP,5,,,a,
ASN00092045,19181015,PRCP,0,,,a,
ASN00092045,19181016,PRCP,0,,,a,
ASN00092045,19181017,PRCP,0,,,a,
ASN00092045,19181018,PRCP,0,,,a,
ASN00092045,19181019,PRCP,0,,,a,
ASN00092045,19181020,PRCP,20,,,a,
ASN00092045,19181021,PRCP,130,,,a,
ASN00092045,19181022,PRCP,0,,,a,
ASN00092045,19181023,PRCP,0,,,a,
ASN00092045,19181024,PRCP,188,,,a,
ASN00092045,19181025,PRCP,69,,,a,
ASN00092045,19181026,PRCP,10,,,a,
ASN00092045,19181027,PRCP,23,,,a,
ASN00092045,19181028,PRCP,5,,,a,
ASN00092045,19181029,PRCP,33,,,a,
ASN00092045,19181030,PRCP,15,,,a,
ASN00092045,19181031,PRCP,163,,,a,
ASN00092045,19181101,PRCP,41,,,a,
ASN00092045,19181102,PRCP,28,,,a,
ASN00092045,19181103,PRCP,0,,,a,
ASN00092045,19181104,PRCP,0,,,a,
ASN00092045,19181105,PRCP,0,,,a,
ASN00092045,19181106,PRCP,5,,,a,
ASN00092045,19181107,PRCP,0,,,a,
ASN00092045,19181108,PRCP,0,,,a,
ASN00092045,19181109,PRCP,0,,,a,
ASN00092045,19181110,PRCP,0,,,a,
ASN00092045,19181111,PRCP,0,,,a,
ASN00092045,19181112,PRCP,10,,,a,
ASN00092045,19181113,PRCP,5,,,a,
ASN00092045,19181114,PRCP,0,,,a,
ASN00092045,19181115,PRCP,0,,,a,
ASN00092045,19181116,PRCP,0,,,a,
ASN00092045,19181117,PRCP,23,,,a,
ASN00092045,19181118,PRCP,15,,,a,
ASN00092045,19181119,PRCP,8,,,a,
ASN00092045,19181120,PRCP,5,,,a,
ASN00092045,19181121,PRCP,0,,,a,
ASN00092045,19181122,PRCP,0,,,a,
ASN00092045,19181123,PRCP,0,,,a,
ASN00092045,19181124,PRCP,13,,,a,
ASN00092045,19181125,PRCP,0,,,a,
ASN00092045,19181126,PRCP,0,,,a,
ASN00092045,19181127,PRCP,0,,,a,
ASN00092045,19181128,PRCP,0,,,a,
ASN00092045,19181129,PRCP,0,,,a,
ASN00092045,19181130,PRCP,0,,,a,
ASN00092045,19181201,PRCP,0,,,a,
ASN00092045,19181202,PRCP,18,,,a,
ASN00092045,19181203,PRCP,48,,,a,
ASN00092045,19181204,PRCP,8,,,a,
ASN00092045,19181205,PRCP,0,,,a,
ASN00092045,19181206,PRCP,0,,,a,
ASN00092045,19181207,PRCP,0,,,a,
ASN00092045,19181208,PRCP,0,,,a,
ASN00092045,19181209,PRCP,0,,,a,
ASN00092045,19181210,PRCP,0,,,a,
ASN00092045,19181211,PRCP,0,,,a,
ASN00092045,19181212,PRCP,0,,,a,
ASN00092045,19181213,PRCP,0,,,a,
ASN00092045,19181214,PRCP,0,,,a,
ASN00092045,19181215,PRCP,0,,,a,
ASN00092045,19181216,PRCP,18,,,a,
ASN00092045,19181217,PRCP,13,,,a,
ASN00092045,19181218,PRCP,0,,,a,
ASN00092045,19181219,PRCP,0,,,a,
ASN00092045,19181220,PRCP,38,,,a,
ASN00092045,19181221,PRCP,84,,,a,
ASN00092045,19181222,PRCP,0,,,a,
ASN00092045,19181223,PRCP,0,,,a,
ASN00092045,19181224,PRCP,20,,,a,
ASN00092045,19181225,PRCP,3,,,a,
ASN00092045,19181226,PRCP,0,,,a,
ASN00092045,19181227,PRCP,43,,,a,
ASN00092045,19181228,PRCP,0,,,a,
ASN00092045,19181229,PRCP,0,,,a,
ASN00092045,19181230,PRCP,0,,,a,
ASN00092045,19181231,PRCP,0,,,a,
ASN00092045,19190101,PRCP,0,,,a,
ASN00092045,19190102,PRCP,0,,,a,
ASN00092045,19190103,PRCP,0,,,a,
ASN00092045,19190104,PRCP,0,,,a,
ASN00092045,19190105,PRCP,0,,,a,
ASN00092045,19190106,PRCP,0,,,a,
ASN00092045,19190107,PRCP,231,,,a,
ASN00092045,19190108,PRCP,0,,,a,
ASN00092045,19190109,PRCP,0,,,a,
ASN00092045,19190110,PRCP,0,,,a,
ASN00092045,19190111,PRCP,0,,,a,
ASN00092045,19190112,PRCP,0,,,a,
ASN00092045,19190113,PRCP,0,,,a,
ASN00092045,19190114,PRCP,0,,,a,
ASN00092045,19190115,PRCP,0,,,a,
ASN00092045,19190116,PRCP,8,,,a,
ASN00092045,19190117,PRCP,0,,,a,
ASN00092045,19190118,PRCP,0,,,a,
ASN00092045,19190119,PRCP,0,,,a,
ASN00092045,19190120,PRCP,0,,,a,
ASN00092045,19190121,PRCP,0,,,a,
ASN00092045,19190122,PRCP,5,,,a,
ASN00092045,19190123,PRCP,0,,,a,
ASN00092045,19190124,PRCP,0,,,a,
ASN00092045,19190125,PRCP,10,,,a,
ASN00092045,19190126,PRCP,13,,,a,
ASN00092045,19190127,PRCP,0,,,a,
ASN00092045,19190128,PRCP,0,,,a,
ASN00092045,19190129,PRCP,0,,,a,
ASN00092045,19190130,PRCP,0,,,a,
ASN00092045,19190131,PRCP,0,,,a,
ASN00092045,19190201,PRCP,0,,,a,
ASN00092045,19190202,PRCP,0,,,a,
ASN00092045,19190203,PRCP,0,,,a,
ASN00092045,19190204,PRCP,0,,,a,
ASN00092045,19190205,PRCP,0,,,a,
ASN00092045,19190206,PRCP,0,,,a,
ASN00092045,19190207,PRCP,5,,,a,
ASN00092045,19190208,PRCP,0,,,a,
ASN00092045,19190209,PRCP,0,,,a,
ASN00092045,19190210,PRCP,0,,,a,
ASN00092045,19190211,PRCP,0,,,a,
ASN00092045,19190212,PRCP,0,,,a,
ASN00092045,19190213,PRCP,0,,,a,
ASN00092045,19190214,PRCP,0,,,a,
ASN00092045,19190215,PRCP,0,,,a,
ASN00092045,19190216,PRCP,0,,,a,
ASN00092045,19190217,PRCP,124,,,a,
ASN00092045,19190218,PRCP,622,,,a,
ASN00092045,19190219,PRCP,71,,,a,
ASN00092045,19190220,PRCP,3,,,a,
ASN00092045,19190221,PRCP,0,,,a,
ASN00092045,19190222,PRCP,0,,,a,
ASN00092045,19190223,PRCP,0,,,a,
ASN00092045,19190224,PRCP,0,,,a,
ASN00092045,19190225,PRCP,0,,,a,
ASN00092045,19190226,PRCP,0,,,a,
ASN00092045,19190227,PRCP,5,,,a,
ASN00092045,19190228,PRCP,323,,,a,
ASN00092045,19190301,PRCP,8,,,a,
ASN00092045,19190302,PRCP,0,,,a,
ASN00092045,19190303,PRCP,5,,,a,
ASN00092045,19190304,PRCP,8,,,a,
ASN00092045,19190305,PRCP,183,,,a,
ASN00092045,19190306,PRCP,318,,,a,
ASN00092045,19190307,PRCP,3,,,a,
ASN00092045,19190308,PRCP,249,,,a,
ASN00092045,19190309,PRCP,0,,,a,
ASN00092045,19190310,PRCP,0,,,a,
ASN00092045,19190311,PRCP,0,,,a,
ASN00092045,19190312,PRCP,0,,,a,
ASN00092045,19190313,PRCP,0,,,a,
ASN00092045,19190314,PRCP,3,,,a,
ASN00092045,19190315,PRCP,0,,,a,
ASN00092045,19190316,PRCP,0,,,a,
ASN00092045,19190317,PRCP,0,,,a,
ASN00092045,19190318,PRCP,0,,,a,
ASN00092045,19190319,PRCP,0,,,a,
ASN00092045,19190320,PRCP,0,,,a,
ASN00092045,19190321,PRCP,15,,,a,
ASN00092045,19190322,PRCP,0,,,a,
ASN00092045,19190323,PRCP,0,,,a,
ASN00092045,19190324,PRCP,0,,,a,
ASN00092045,19190325,PRCP,0,,,a,
ASN00092045,19190326,PRCP,0,,,a,
ASN00092045,19190327,PRCP,3,,,a,
ASN00092045,19190328,PRCP,0,,,a,
ASN00092045,19190329,PRCP,0,,,a,
ASN00092045,19190330,PRCP,0,,,a,
ASN00092045,19190331,PRCP,114,,,a,
ASN00092045,19190401,PRCP,25,,,a,
ASN00092045,19190402,PRCP,0,,,a,
ASN00092045,19190403,PRCP,0,,,a,
ASN00092045,19190404,PRCP,0,,,a,
ASN00092045,19190405,PRCP,0,,,a,
ASN00092045,19190406,PRCP,79,,,a,
ASN00092045,19190407,PRCP,3,,,a,
ASN00092045,19190408,PRCP,0,,,a,
ASN00092045,19190409,PRCP,0,,,a,
ASN00092045,19190410,PRCP,0,,,a,
ASN00092045,19190411,PRCP,0,,,a,
ASN00092045,19190412,PRCP,58,,,a,
ASN00092045,19190413,PRCP,0,,,a,
ASN00092045,19190414,PRCP,0,,,a,
ASN00092045,19190415,PRCP,0,,,a,
ASN00092045,19190416,PRCP,0,,,a,
ASN00092045,19190417,PRCP,0,,,a,
ASN00092045,19190418,PRCP,0,,,a,
ASN00092045,19190419,PRCP,0,,,a,
ASN00092045,19190420,PRCP,0,,,a,
ASN00092045,19190421,PRCP,0,,,a,
ASN00092045,19190422,PRCP,0,,,a,
ASN00092045,19190423,PRCP,0,,,a,
ASN00092045,19190424,PRCP,122,,,a,
ASN00092045,19190425,PRCP,0,,,a,
ASN00092045,19190426,PRCP,0,,,a,
ASN00092045,19190427,PRCP,74,,,a,
ASN00092045,19190428,PRCP,0,,,a,
ASN00092045,19190429,PRCP,0,,,a,
ASN00092045,19190430,PRCP,0,,,a,
ASN00092045,19190501,PRCP,157,,,a,
ASN00092045,19190502,PRCP,0,,,a,
ASN00092045,19190503,PRCP,0,,,a,
ASN00092045,19190504,PRCP,0,,,a,
ASN00092045,19190505,PRCP,0,,,a,
ASN00092045,19190506,PRCP,0,,,a,
ASN00092045,19190507,PRCP,0,,,a,
ASN00092045,19190508,PRCP,56,,,a,
ASN00092045,19190509,PRCP,0,,,a,
ASN00092045,19190510,PRCP,0,,,a,
ASN00092045,19190511,PRCP,23,,,a,
ASN00092045,19190512,PRCP,0,,,a,
ASN00092045,19190513,PRCP,0,,,a,
ASN00092045,19190514,PRCP,28,,,a,
ASN00092045,19190515,PRCP,0,,,a,
ASN00092045,19190516,PRCP,10,,,a,
ASN00092045,19190517,PRCP,0,,,a,
ASN00092045,19190518,PRCP,0,,,a,
ASN00092045,19190519,PRCP,0,,,a,
ASN00092045,19190520,PRCP,0,,,a,
ASN00092045,19190521,PRCP,0,,,a,
ASN00092045,19190522,PRCP,0,,,a,
ASN00092045,19190523,PRCP,8,,,a,
ASN00092045,19190524,PRCP,0,,,a,
ASN00092045,19190525,PRCP,8,,,a,
ASN00092045,19190526,PRCP,5,,,a,
ASN00092045,19190527,PRCP,23,,,a,
ASN00092045,19190528,PRCP,5,,,a,
ASN00092045,19190529,PRCP,0,,,a,
ASN00092045,19190530,PRCP,127,,,a,
ASN00092045,19190531,PRCP,114,,,a,
ASN00092045,19190601,PRCP,10,,,a,
ASN00092045,19190602,PRCP,28,,,a,
ASN00092045,19190603,PRCP,0,,,a,
ASN00092045,19190604,PRCP,0,,,a,
ASN00092045,19190605,PRCP,0,,,a,
ASN00092045,19190606,PRCP,0,,,a,
ASN00092045,19190607,PRCP,0,,,a,
ASN00092045,19190608,PRCP,0,,,a,
ASN00092045,19190609,PRCP,0,,,a,
ASN00092045,19190610,PRCP,163,,,a,
ASN00092045,19190611,PRCP,0,,,a,
ASN00092045,19190612,PRCP,0,,,a,
ASN00092045,19190613,PRCP,104,,,a,
ASN00092045,19190614,PRCP,0,,,a,
ASN00092045,19190615,PRCP,0,,,a,
ASN00092045,19190616,PRCP,38,,,a,
ASN00092045,19190617,PRCP,58,,,a,
ASN00092045,19190618,PRCP,0,,,a,
ASN00092045,19190619,PRCP,0,,,a,
ASN00092045,19190620,PRCP,89,,,a,
ASN00092045,19190621,PRCP,0,,,a,
ASN00092045,19190622,PRCP,0,,,a,
ASN00092045,19190623,PRCP,0,,,a,
ASN00092045,19190624,PRCP,0,,,a,
ASN00092045,19190625,PRCP,0,,,a,
ASN00092045,19190626,PRCP,18,,,a,
ASN00092045,19190627,PRCP,107,,,a,
ASN00092045,19190628,PRCP,0,,,a,
ASN00092045,19190629,PRCP,0,,,a,
ASN00092045,19190630,PRCP,0,,,a,
ASN00092045,19190701,PRCP,0,,,a,
ASN00092045,19190702,PRCP,0,,,a,
ASN00092045,19190703,PRCP,0,,,a,
ASN00092045,19190704,PRCP,0,,,a,
ASN00092045,19190705,PRCP,0,,,a,
ASN00092045,19190706,PRCP,0,,,a,
ASN00092045,19190707,PRCP,89,,,a,
ASN00092045,19190708,PRCP,46,,,a,
ASN00092045,19190709,PRCP,0,,,a,
ASN00092045,19190710,PRCP,0,,,a,
ASN00092045,19190711,PRCP,0,,,a,
ASN00092045,19190712,PRCP,10,,,a,
ASN00092045,19190713,PRCP,89,,,a,
ASN00092045,19190714,PRCP,91,,,a,
ASN00092045,19190715,PRCP,0,,,a,
ASN00092045,19190716,PRCP,0,,,a,
ASN00092045,19190717,PRCP,0,,,a,
ASN00092045,19190718,PRCP,0,,,a,
ASN00092045,19190719,PRCP,15,,,a,
ASN00092045,19190720,PRCP,23,,,a,
ASN00092045,19190721,PRCP,28,,,a,
ASN00092045,19190722,PRCP,0,,,a,
ASN00092045,19190723,PRCP,0,,,a,
ASN00092045,19190724,PRCP,0,,,a,
ASN00092045,19190725,PRCP,0,,,a,
ASN00092045,19190726,PRCP,15,,,a,
ASN00092045,19190727,PRCP,13,,,a,
ASN00092045,19190728,PRCP,23,,,a,
ASN00092045,19190729,PRCP,10,,,a,
ASN00092045,19190730,PRCP,8,,,a,
ASN00092045,19190731,PRCP,23,,,a,
ASN00092045,19190801,PRCP,0,,,a,
ASN00092045,19190802,PRCP,0,,,a,
ASN00092045,19190803,PRCP,0,,,a,
ASN00092045,19190804,PRCP,0,,,a,
ASN00092045,19190805,PRCP,0,,,a,
ASN00092045,19190806,PRCP,0,,,a,
ASN00092045,19190807,PRCP,15,,,a,
ASN00092045,19190808,PRCP,20,,,a,
ASN00092045,19190809,PRCP,0,,,a,
ASN00092045,19190810,PRCP,0,,,a,
ASN00092045,19190811,PRCP,0,,,a,
ASN00092045,19190812,PRCP,8,,,a,
ASN00092045,19190813,PRCP,3,,,a,
ASN00092045,19190814,PRCP,38,,,a,
ASN00092045,19190815,PRCP,0,,,a,
ASN00092045,19190816,PRCP,0,,,a,
ASN00092045,19190817,PRCP,0,,,a,
ASN00092045,19190818,PRCP,0,,,a,
ASN00092045,19190819,PRCP,0,,,a,
ASN00092045,19190820,PRCP,20,,,a,
ASN00092045,19190821,PRCP,23,,,a,
ASN00092045,19190822,PRCP,0,,,a,
ASN00092045,19190823,PRCP,36,,,a,
ASN00092045,19190824,PRCP,25,,,a,
ASN00092045,19190825,PRCP,0,,,a,
ASN00092045,19190826,PRCP,33,,,a,
ASN00092045,19190827,PRCP,0,,,a,
ASN00092045,19190828,PRCP,0,,,a,
ASN00092045,19190829,PRCP,0,,,a,
ASN00092045,19190830,PRCP,0,,,a,
ASN00092045,19190831,PRCP,0,,,a,
ASN00092045,19190901,PRCP,0,,,a,
ASN00092045,19190902,PRCP,0,,,a,
ASN00092045,19190903,PRCP,0,,,a,
ASN00092045,19190904,PRCP,5,,,a,
ASN00092045,19190905,PRCP,15,,,a,
ASN00092045,19190906,PRCP,0,,,a,
ASN00092045,19190907,PRCP,53,,,a,
ASN00092045,19190908,PRCP,8,,,a,
ASN00092045,19190909,PRCP,15,,,a,
ASN00092045,19190910,PRCP,0,,,a,
ASN00092045,19190911,PRCP,0,,,a,
ASN00092045,19190912,PRCP,30,,,a,
ASN00092045,19190913,PRCP,91,,,a,
ASN00092045,19190914,PRCP,104,,,a,
ASN00092045,19190915,PRCP,0,,,a,
ASN00092045,19190916,PRCP,0,,,a,
ASN00092045,19190917,PRCP,33,,,a,
ASN00092045,19190918,PRCP,8,,,a,
ASN00092045,19190919,PRCP,0,,,a,
ASN00092045,19190920,PRCP,0,,,a,
ASN00092045,19190921,PRCP,0,,,a,
ASN00092045,19190922,PRCP,13,,,a,
ASN00092045,19190923,PRCP,0,,,a,
ASN00092045,19190924,PRCP,0,,,a,
ASN00092045,19190925,PRCP,0,,,a,
ASN00092045,19190926,PRCP,8,,,a,
ASN00092045,19190927,PRCP,0,,,a,
ASN00092045,19190928,PRCP,0,,,a,
ASN00092045,19190929,PRCP,0,,,a,
ASN00092045,19190930,PRCP,0,,,a,
ASN00092045,19191001,PRCP,23,,,a,
ASN00092045,19191002,PRCP,25,,,a,
ASN00092045,19191003,PRCP,0,,,a,
ASN00092045,19191004,PRCP,0,,,a,
ASN00092045,19191005,PRCP,0,,,a,
ASN00092045,19191006,PRCP,0,,,a,
ASN00092045,19191007,PRCP,0,,,a,
ASN00092045,19191008,PRCP,79,,,a,
ASN00092045,19191009,PRCP,114,,,a,
ASN00092045,19191010,PRCP,3,,,a,
ASN00092045,19191011,PRCP,0,,,a,
ASN00092045,19191012,PRCP,142,,,a,
ASN00092045,19191013,PRCP,0,,,a,
ASN00092045,19191014,PRCP,0,,,a,
ASN00092045,19191015,PRCP,0,,,a,
ASN00092045,19191016,PRCP,0,,,a,
ASN00092045,19191017,PRCP,0,,,a,
ASN00092045,19191018,PRCP,0,,,a,
ASN00092045,19191019,PRCP,0,,,a,
ASN00092045,19191020,PRCP,20,,,a,
ASN00092045,19191021,PRCP,84,,,a,
ASN00092045,19191022,PRCP,53,,,a,
ASN00092045,19191023,PRCP,0,,,a,
ASN00092045,19191024,PRCP,0,,,a,
ASN00092045,19191025,PRCP,0,,,a,
ASN00092045,19191026,PRCP,0,,,a,
ASN00092045,19191027,PRCP,0,,,a,
ASN00092045,19191028,PRCP,0,,,a,
ASN00092045,19191029,PRCP,0,,,a,
ASN00092045,19191030,PRCP,0,,,a,
ASN00092045,19191031,PRCP,0,,,a,
ASN00092045,19191101,PRCP,3,,,a,
ASN00092045,19191102,PRCP,79,,,a,
ASN00092045,19191103,PRCP,0,,,a,
ASN00092045,19191104,PRCP,0,,,a,
ASN00092045,19191105,PRCP,0,,,a,
ASN00092045,19191106,PRCP,0,,,a,
ASN00092045,19191107,PRCP,0,,,a,
ASN00092045,19191108,PRCP,0,,,a,
ASN00092045,19191109,PRCP,3,,,a,
ASN00092045,19191110,PRCP,8,,,a,
ASN00092045,19191111,PRCP,0,,,a,
ASN00092045,19191112,PRCP,0,,,a,
ASN00092045,19191113,PRCP,0,,,a,
ASN00092045,19191114,PRCP,48,,,a,
ASN00092045,19191115,PRCP,28,,,a,
ASN00092045,19191116,PRCP,0,,,a,
ASN00092045,19191117,PRCP,0,,,a,
ASN00092045,19191118,PRCP,0,,,a,
ASN00092045,19191119,PRCP,0,,,a,
ASN00092045,19191120,PRCP,0,,,a,
ASN00092045,19191121,PRCP,0,,,a,
ASN00092045,19191122,PRCP,8,,,a,
ASN00092045,19191123,PRCP,0,,,a,
ASN00092045,19191124,PRCP,0,,,a,
ASN00092045,19191125,PRCP,0,,,a,
ASN00092045,19191126,PRCP,0,,,a,
ASN00092045,19191127,PRCP,0,,,a,
ASN00092045,19191128,PRCP,8,,,a,
ASN00092045,19191129,PRCP,5,,,a,
ASN00092045,19191130,PRCP,0,,,a,
ASN00092045,19191201,PRCP,0,,,a,
ASN00092045,19191202,PRCP,150,,,a,
ASN00092045,19191203,PRCP,0,,,a,
ASN00092045,19191204,PRCP,0,,,a,
ASN00092045,19191205,PRCP,124,,,a,
ASN00092045,19191206,PRCP,0,,,a,
ASN00092045,19191207,PRCP,0,,,a,
ASN00092045,19191208,PRCP,0,,,a,
ASN00092045,19191209,PRCP,0,,,a,
ASN00092045,19191210,PRCP,53,,,a,
ASN00092045,19191211,PRCP,10,,,a,
ASN00092045,19191212,PRCP,23,,,a,
ASN00092045,19191213,PRCP,0,,,a,
ASN00092045,19191214,PRCP,0,,,a,
ASN00092045,19191215,PRCP,0,,,a,
ASN00092045,19191216,PRCP,0,,,a,
ASN00092045,19191217,PRCP,0,,,a,
ASN00092045,19191218,PRCP,13,,,a,
ASN00092045,19191219,PRCP,0,,,a,
ASN00092045,19191220,PRCP,0,,,a,
ASN00092045,19191221,PRCP,0,,,a,
ASN00092045,19191222,PRCP,3,,,a,
ASN00092045,19191223,PRCP,0,,,a,
ASN00092045,19191224,PRCP,0,,,a,
ASN00092045,19191225,PRCP,15,,,a,
ASN00092045,19191226,PRCP,38,,,a,
ASN00092045,19191227,PRCP,0,,,a,
ASN00092045,19191228,PRCP,86,,,a,
ASN00092045,19191229,PRCP,0,,,a,
ASN00092045,19191230,PRCP,0,,,a,
ASN00092045,19191231,PRCP,15,,,a,
ASN00092045,19200101,PRCP,36,,,a,
ASN00092045,19200102,PRCP,30,,,a,
ASN00092045,19200103,PRCP,15,,,a,
ASN00092045,19200104,PRCP,0,,,a,
ASN00092045,19200105,PRCP,0,,,a,
ASN00092045,19200106,PRCP,0,,,a,
ASN00092045,19200107,PRCP,0,,,a,
ASN00092045,19200108,PRCP,30,,,a,
ASN00092045,19200109,PRCP,0,,,a,
ASN00092045,19200110,PRCP,0,,,a,
ASN00092045,19200111,PRCP,0,,,a,
ASN00092045,19200112,PRCP,0,,,a,
ASN00092045,19200113,PRCP,0,,,a,
ASN00092045,19200114,PRCP,10,,,a,
ASN00092045,19200115,PRCP,0,,,a,
ASN00092045,19200116,PRCP,0,,,a,
ASN00092045,19200117,PRCP,0,,,a,
ASN00092045,19200118,PRCP,0,,,a,
ASN00092045,19200119,PRCP,0,,,a,
ASN00092045,19200120,PRCP,0,,,a,
ASN00092045,19200121,PRCP,0,,,a,
ASN00092045,19200122,PRCP,0,,,a,
ASN00092045,19200123,PRCP,0,,,a,
ASN00092045,19200124,PRCP,0,,,a,
ASN00092045,19200125,PRCP,0,,,a,
ASN00092045,19200126,PRCP,119,,,a,
ASN00092045,19200127,PRCP,61,,,a,
ASN00092045,19200128,PRCP,122,,,a,
ASN00092045,19200129,PRCP,0,,,a,
ASN00092045,19200130,PRCP,0,,,a,
ASN00092045,19200131,PRCP,0,,,a,
ASN00092045,19200201,PRCP,0,,,a,
ASN00092045,19200202,PRCP,0,,,a,
ASN00092045,19200203,PRCP,0,,,a,
ASN00092045,19200204,PRCP,0,,,a,
ASN00092045,19200205,PRCP,0,,,a,
ASN00092045,19200206,PRCP,0,,,a,
ASN00092045,19200207,PRCP,224,,,a,
ASN00092045,19200208,PRCP,0,,,a,
ASN00092045,19200209,PRCP,0,,,a,
ASN00092045,19200210,PRCP,0,,,a,
ASN00092045,19200211,PRCP,0,,,a,
ASN00092045,19200212,PRCP,0,,,a,
ASN00092045,19200213,PRCP,0,,,a,
ASN00092045,19200214,PRCP,0,,,a,
ASN00092045,19200215,PRCP,0,,,a,
ASN00092045,19200216,PRCP,0,,,a,
ASN00092045,19200217,PRCP,0,,,a,
ASN00092045,19200218,PRCP,0,,,a,
ASN00092045,19200219,PRCP,0,,,a,
ASN00092045,19200220,PRCP,0,,,a,
ASN00092045,19200221,PRCP,0,,,a,
ASN00092045,19200222,PRCP,0,,,a,
ASN00092045,19200223,PRCP,0,,,a,
ASN00092045,19200224,PRCP,0,,,a,
ASN00092045,19200225,PRCP,0,,,a,
ASN00092045,19200226,PRCP,3,,,a,
ASN00092045,19200227,PRCP,10,,,a,
ASN00092045,19200228,PRCP,0,,,a,
ASN00092045,19200229,PRCP,107,,,a,
ASN00092045,19200301,PRCP,0,,,a,
ASN00092045,19200302,PRCP,0,,,a,
ASN00092045,19200303,PRCP,0,,,a,
ASN00092045,19200304,PRCP,0,,,a,
ASN00092045,19200305,PRCP,0,,,a,
ASN00092045,19200306,PRCP,3,,,a,
ASN00092045,19200307,PRCP,218,,,a,
ASN00092045,19200308,PRCP,30,,,a,
ASN00092045,19200309,PRCP,81,,,a,
ASN00092045,19200310,PRCP,0,,,a,
ASN00092045,19200311,PRCP,3,,,a,
ASN00092045,19200312,PRCP,0,,,a,
ASN00092045,19200313,PRCP,0,,,a,
ASN00092045,19200314,PRCP,0,,,a,
ASN00092045,19200315,PRCP,81,,,a,
ASN00092045,19200316,PRCP,0,,,a,
ASN00092045,19200317,PRCP,0,,,a,
ASN00092045,19200318,PRCP,0,,,a,
ASN00092045,19200319,PRCP,0,,,a,
ASN00092045,19200320,PRCP,13,,,a,
ASN00092045,19200321,PRCP,38,,,a,
ASN00092045,19200322,PRCP,0,,,a,
ASN00092045,19200323,PRCP,5,,,a,
ASN00092045,19200324,PRCP,30,,,a,
ASN00092045,19200325,PRCP,56,,,a,
ASN00092045,19200326,PRCP,10,,,a,
ASN00092045,19200327,PRCP,0,,,a,
ASN00092045,19200328,PRCP,0,,,a,
ASN00092045,19200329,PRCP,0,,,a,
ASN00092045,19200330,PRCP,0,,,a,
ASN00092045,19200331,PRCP,0,,,a,
ASN00092045,19200401,PRCP,0,,,a,
ASN00092045,19200402,PRCP,0,,,a,
ASN00092045,19200403,PRCP,0,,,a,
ASN00092045,19200404,PRCP,5,,,a,
ASN00092045,19200405,PRCP,0,,,a,
ASN00092045,19200406,PRCP,0,,,a,
ASN00092045,19200407,PRCP,0,,,a,
ASN00092045,19200408,PRCP,0,,,a,
ASN00092045,19200409,PRCP,0,,,a,
ASN00092045,19200410,PRCP,0,,,a,
ASN00092045,19200411,PRCP,310,,,a,
ASN00092045,19200412,PRCP,5,,,a,
ASN00092045,19200413,PRCP,8,,,a,
ASN00092045,19200414,PRCP,394,,,a,
ASN00092045,19200415,PRCP,10,,,a,
ASN00092045,19200416,PRCP,0,,,a,
ASN00092045,19200417,PRCP,28,,,a,
ASN00092045,19200418,PRCP,3,,,a,
ASN00092045,19200419,PRCP,0,,,a,
ASN00092045,19200420,PRCP,0,,,a,
ASN00092045,19200421,PRCP,0,,,a,
ASN00092045,19200422,PRCP,0,,,a,
ASN00092045,19200423,PRCP,5,,,a,
ASN00092045,19200424,PRCP,0,,,a,
ASN00092045,19200425,PRCP,0,,,a,
ASN00092045,19200426,PRCP,0,,,a,
ASN00092045,19200427,PRCP,0,,,a,
ASN00092045,19200428,PRCP,0,,,a,
ASN00092045,19200429,PRCP,5,,,a,
ASN00092045,19200430,PRCP,0,,,a,
ASN00092045,19200501,PRCP,30,,,a,
ASN00092045,19200502,PRCP,5,,,a,
ASN00092045,19200503,PRCP,0,,,a,
ASN00092045,19200504,PRCP,0,,,a,
ASN00092045,19200505,PRCP,10,,,a,
ASN00092045,19200506,PRCP,56,,,a,
ASN00092045,19200507,PRCP,61,,,a,
ASN00092045,19200508,PRCP,15,,,a,
ASN00092045,19200509,PRCP,0,,,a,
ASN00092045,19200510,PRCP,0,,,a,
ASN00092045,19200511,PRCP,5,,,a,
ASN00092045,19200512,PRCP,8,,,a,
ASN00092045,19200513,PRCP,33,,,a,
ASN00092045,19200514,PRCP,241,,,a,
ASN00092045,19200515,PRCP,51,,,a,
ASN00092045,19200516,PRCP,297,,,a,
ASN00092045,19200517,PRCP,102,,,a,
ASN00092045,19200518,PRCP,0,,,a,
ASN00092045,19200519,PRCP,0,,,a,
ASN00092045,19200520,PRCP,0,,,a,
ASN00092045,19200521,PRCP,0,,,a,
ASN00092045,19200522,PRCP,0,,,a,
ASN00092045,19200523,PRCP,0,,,a,
ASN00092045,19200524,PRCP,0,,,a,
ASN00092045,19200525,PRCP,0,,,a,
ASN00092045,19200526,PRCP,0,,,a,
ASN00092045,19200527,PRCP,0,,,a,
ASN00092045,19200528,PRCP,0,,,a,
ASN00092045,19200529,PRCP,0,,,a,
ASN00092045,19200530,PRCP,0,,,a,
ASN00092045,19200531,PRCP,0,,,a,
ASN00092045,19200601,PRCP,0,,,a,
ASN00092045,19200602,PRCP,86,,,a,
ASN00092045,19200603,PRCP,122,,,a,
ASN00092045,19200604,PRCP,0,,,a,
ASN00092045,19200605,PRCP,0,,,a,
ASN00092045,19200606,PRCP,8,,,a,
ASN00092045,19200607,PRCP,0,,,a,
ASN00092045,19200608,PRCP,25,,,a,
ASN00092045,19200609,PRCP,51,,,a,
ASN00092045,19200610,PRCP,81,,,a,
ASN00092045,19200611,PRCP,188,,,a,
ASN00092045,19200612,PRCP,0,,,a,
ASN00092045,19200613,PRCP,193,,,a,
ASN00092045,19200614,PRCP,0,,,a,
ASN00092045,19200615,PRCP,0,,,a,
ASN00092045,19200616,PRCP,69,,,a,
ASN00092045,19200617,PRCP,13,,,a,
ASN00092045,19200618,PRCP,0,,,a,
ASN00092045,19200619,PRCP,5,,,a,
ASN00092045,19200620,PRCP,41,,,a,
ASN00092045,19200621,PRCP,15,,,a,
ASN00092045,19200622,PRCP,79,,,a,
ASN00092045,19200623,PRCP,76,,,a,
ASN00092045,19200624,PRCP,94,,,a,
ASN00092045,19200625,PRCP,91,,,a,
ASN00092045,19200626,PRCP,5,,,a,
ASN00092045,19200627,PRCP,0,,,a,
ASN00092045,19200628,PRCP,203,,,a,
ASN00092045,19200629,PRCP,0,,,a,
ASN00092045,19200630,PRCP,0,,,a,
ASN00092045,19200701,PRCP,30,,,a,
ASN00092045,19200702,PRCP,0,,,a,
ASN00092045,19200703,PRCP,89,,,a,
ASN00092045,19200704,PRCP,13,,,a,
ASN00092045,19200705,PRCP,5,,,a,
ASN00092045,19200706,PRCP,109,,,a,
ASN00092045,19200707,PRCP,0,,,a,
ASN00092045,19200708,PRCP,51,,,a,
ASN00092045,19200709,PRCP,0,,,a,
ASN00092045,19200710,PRCP,51,,,a,
ASN00092045,19200711,PRCP,10,,,a,
ASN00092045,19200712,PRCP,0,,,a,
ASN00092045,19200713,PRCP,0,,,a,
ASN00092045,19200714,PRCP,13,,,a,
ASN00092045,19200715,PRCP,0,,,a,
ASN00092045,19200716,PRCP,0,,,a,
ASN00092045,19200717,PRCP,0,,,a,
ASN00092045,19200718,PRCP,0,,,a,
ASN00092045,19200719,PRCP,0,,,a,
ASN00092045,19200720,PRCP,0,,,a,
ASN00092045,19200721,PRCP,0,,,a,
ASN00092045,19200722,PRCP,0,,,a,
ASN00092045,19200723,PRCP,13,,,a,
ASN00092045,19200724,PRCP,0,,,a,
ASN00092045,19200725,PRCP,0,,,a,
ASN00092045,19200726,PRCP,0,,,a,
ASN00092045,19200727,PRCP,0,,,a,
ASN00092045,19200728,PRCP,0,,,a,
ASN00092045,19200729,PRCP,0,,,a,
ASN00092045,19200730,PRCP,76,,,a,
ASN00092045,19200731,PRCP,51,,,a,
ASN00092045,19200801,PRCP,10,,,a,
ASN00092045,19200802,PRCP,0,,,a,
ASN00092045,19200803,PRCP,15,,,a,
ASN00092045,19200804,PRCP,0,,,a,
ASN00092045,19200805,PRCP,5,,,a,
ASN00092045,19200806,PRCP,18,,,a,
ASN00092045,19200807,PRCP,15,,,a,
ASN00092045,19200808,PRCP,8,,,a,
ASN00092045,19200809,PRCP,155,,,a,
ASN00092045,19200810,PRCP,8,,,a,
ASN00092045,19200811,PRCP,38,,,a,
ASN00092045,19200812,PRCP,5,,,a,
ASN00092045,19200813,PRCP,140,,,a,
ASN00092045,19200814,PRCP,25,,,a,
ASN00092045,19200815,PRCP,0,,,a,
ASN00092045,19200816,PRCP,13,,,a,
ASN00092045,19200817,PRCP,51,,,a,
ASN00092045,19200818,PRCP,89,,,a,
ASN00092045,19200819,PRCP,20,,,a,
ASN00092045,19200820,PRCP,8,,,a,
ASN00092045,19200821,PRCP,8,,,a,
ASN00092045,19200822,PRCP,0,,,a,
ASN00092045,19200823,PRCP,15,,,a,
ASN00092045,19200824,PRCP,41,,,a,
ASN00092045,19200825,PRCP,211,,,a,
ASN00092045,19200826,PRCP,0,,,a,
ASN00092045,19200827,PRCP,8,,,a,
ASN00092045,19200828,PRCP,10,,,a,
ASN00092045,19200829,PRCP,0,,,a,
ASN00092045,19200830,PRCP,0,,,a,
ASN00092045,19200831,PRCP,0,,,a,
ASN00092045,19200901,PRCP,25,,,a,
ASN00092045,19200902,PRCP,10,,,a,
ASN00092045,19200903,PRCP,0,,,a,
ASN00092045,19200904,PRCP,0,,,a,
ASN00092045,19200905,PRCP,10,,,a,
ASN00092045,19200906,PRCP,13,,,a,
ASN00092045,19200907,PRCP,94,,,a,
ASN00092045,19200908,PRCP,5,,,a,
ASN00092045,19200909,PRCP,0,,,a,
ASN00092045,19200910,PRCP,0,,,a,
ASN00092045,19200911,PRCP,38,,,a,
ASN00092045,19200912,PRCP,163,,,a,
ASN00092045,19200913,PRCP,8,,,a,
ASN00092045,19200914,PRCP,0,,,a,
ASN00092045,19200915,PRCP,0,,,a,
ASN00092045,19200916,PRCP,0,,,a,
ASN00092045,19200917,PRCP,61,,,a,
ASN00092045,19200918,PRCP,109,,,a,
ASN00092045,19200919,PRCP,114,,,a,
ASN00092045,19200920,PRCP,0,,,a,
ASN00092045,19200921,PRCP,0,,,a,
ASN00092045,19200922,PRCP,102,,,a,
ASN00092045,19200923,PRCP,0,,,a,
ASN00092045,19200924,PRCP,0,,,a,
ASN00092045,19200925,PRCP,25,,,a,
ASN00092045,19200926,PRCP,0,,,a,
ASN00092045,19200927,PRCP,0,,,a,
ASN00092045,19200928,PRCP,0,,,a,
ASN00092045,19200929,PRCP,0,,,a,
ASN00092045,19200930,PRCP,0,,,a,
ASN00092045,19201001,PRCP,28,,,a,
ASN00092045,19201002,PRCP,0,,,a,
ASN00092045,19201003,PRCP,0,,,a,
ASN00092045,19201004,PRCP,0,,,a,
ASN00092045,19201005,PRCP,0,,,a,
ASN00092045,19201006,PRCP,0,,,a,
ASN00092045,19201007,PRCP,0,,,a,
ASN00092045,19201008,PRCP,0,,,a,
ASN00092045,19201009,PRCP,51,,,a,
ASN00092045,19201010,PRCP,0,,,a,
ASN00092045,19201011,PRCP,58,,,a,
ASN00092045,19201012,PRCP,165,,,a,
ASN00092045,19201013,PRCP,0,,,a,
ASN00092045,19201014,PRCP,8,,,a,
ASN00092045,19201015,PRCP,0,,,a,
ASN00092045,19201016,PRCP,0,,,a,
ASN00092045,19201017,PRCP,0,,,a,
ASN00092045,19201018,PRCP,0,,,a,
ASN00092045,19201019,PRCP,13,,,a,
ASN00092045,19201020,PRCP,0,,,a,
ASN00092045,19201021,PRCP,0,,,a,
ASN00092045,19201022,PRCP,0,,,a,
ASN00092045,19201023,PRCP,0,,,a,
ASN00092045,19201024,PRCP,5,,,a,
ASN00092045,19201025,PRCP,0,,,a,
ASN00092045,19201026,PRCP,8,,,a,
ASN00092045,19201027,PRCP,53,,,a,
ASN00092045,19201028,PRCP,13,,,a,
ASN00092045,19201029,PRCP,15,,,a,
ASN00092045,19201030,PRCP,0,,,a,
ASN00092045,19201031,PRCP,0,,,a,
ASN00092045,19201101,PRCP,0,,,a,
ASN00092045,19201102,PRCP,0,,,a,
ASN00092045,19201103,PRCP,0,,,a,
ASN00092045,19201104,PRCP,0,,,a,
ASN00092045,19201105,PRCP,183,,,a,
ASN00092045,19201106,PRCP,0,,,a,
ASN00092045,19201107,PRCP,8,,,a,
ASN00092045,19201108,PRCP,0,,,a,
ASN00092045,19201109,PRCP,53,,,a,
ASN00092045,19201110,PRCP,0,,,a,
ASN00092045,19201111,PRCP,0,,,a,
ASN00092045,19201112,PRCP,0,,,a,
ASN00092045,19201113,PRCP,0,,,a,
ASN00092045,19201114,PRCP,61,,,a,
ASN00092045,19201115,PRCP,8,,,a,
ASN00092045,19201116,PRCP,5,,,a,
ASN00092045,19201117,PRCP,0,,,a,
ASN00092045,19201118,PRCP,0,,,a,
ASN00092045,19201119,PRCP,0,,,a,
ASN00092045,19201120,PRCP,0,,,a,
ASN00092045,19201121,PRCP,0,,,a,
ASN00092045,19201122,PRCP,0,,,a,
ASN00092045,19201123,PRCP,0,,,a,
ASN00092045,19201124,PRCP,28,,,a,
ASN00092045,19201125,PRCP,0,,,a,
ASN00092045,19201126,PRCP,0,,,a,
ASN00092045,19201127,PRCP,0,,,a,
ASN00092045,19201128,PRCP,8,,,a,
ASN00092045,19201129,PRCP,0,,,a,
ASN00092045,19201130,PRCP,0,,,a,
ASN00092045,19201201,PRCP,0,,,a,
ASN00092045,19201202,PRCP,0,,,a,
ASN00092045,19201203,PRCP,0,,,a,
ASN00092045,19201204,PRCP,0,,,a,
ASN00092045,19201205,PRCP,0,,,a,
ASN00092045,19201206,PRCP,0,,,a,
ASN00092045,19201207,PRCP,76,,,a,
ASN00092045,19201208,PRCP,48,,,a,
ASN00092045,19201209,PRCP,0,,,a,
ASN00092045,19201210,PRCP,0,,,a,
ASN00092045,19201211,PRCP,0,,,a,
ASN00092045,19201212,PRCP,5,,,a,
ASN00092045,19201213,PRCP,3,,,a,
ASN00092045,19201214,PRCP,53,,,a,
ASN00092045,19201215,PRCP,15,,,a,
ASN00092045,19201216,PRCP,157,,,a,
ASN00092045,19201217,PRCP,0,,,a,
ASN00092045,19201218,PRCP,28,,,a,
ASN00092045,19201219,PRCP,0,,,a,
ASN00092045,19201220,PRCP,0,,,a,
ASN00092045,19201221,PRCP,0,,,a,
ASN00092045,19201222,PRCP,0,,,a,
ASN00092045,19201223,PRCP,0,,,a,
ASN00092045,19201224,PRCP,0,,,a,
ASN00092045,19201225,PRCP,0,,,a,
ASN00092045,19201226,PRCP,0,,,a,
ASN00092045,19201227,PRCP,0,,,a,
ASN00092045,19201228,PRCP,43,,,a,
ASN00092045,19201229,PRCP,0,,,a,
ASN00092045,19201230,PRCP,0,,,a,
ASN00092045,19201231,PRCP,0,,,a,
ASN00092045,19210101,PRCP,0,,,a,
ASN00092045,19210102,PRCP,178,,,a,
ASN00092045,19210103,PRCP,343,,,a,
ASN00092045,19210104,PRCP,0,,,a,
ASN00092045,19210105,PRCP,0,,,a,
ASN00092045,19210106,PRCP,0,,,a,
ASN00092045,19210107,PRCP,0,,,a,
ASN00092045,19210108,PRCP,0,,,a,
ASN00092045,19210109,PRCP,0,,,a,
ASN00092045,19210110,PRCP,0,,,a,
ASN00092045,19210111,PRCP,0,,,a,
ASN00092045,19210112,PRCP,41,,,a,
ASN00092045,19210113,PRCP,0,,,a,
ASN00092045,19210114,PRCP,69,,,a,
ASN00092045,19210115,PRCP,0,,,a,
ASN00092045,19210116,PRCP,0,,,a,
ASN00092045,19210117,PRCP,0,,,a,
ASN00092045,19210118,PRCP,0,,,a,
ASN00092045,19210119,PRCP,0,,,a,
ASN00092045,19210120,PRCP,0,,,a,
ASN00092045,19210121,PRCP,0,,,a,
ASN00092045,19210122,PRCP,0,,,a,
ASN00092045,19210123,PRCP,0,,,a,
ASN00092045,19210124,PRCP,0,,,a,
ASN00092045,19210125,PRCP,0,,,a,
ASN00092045,19210126,PRCP,0,,,a,
ASN00092045,19210127,PRCP,0,,,a,
ASN00092045,19210128,PRCP,0,,,a,
ASN00092045,19210129,PRCP,0,,,a,
ASN00092045,19210130,PRCP,0,,,a,
ASN00092045,19210131,PRCP,0,,,a,
ASN00092045,19210201,PRCP,0,,,a,
ASN00092045,19210202,PRCP,58,,,a,
ASN00092045,19210203,PRCP,8,,,a,
ASN00092045,19210204,PRCP,51,,,a,
ASN00092045,19210205,PRCP,104,,,a,
ASN00092045,19210206,PRCP,8,,,a,
ASN00092045,19210207,PRCP,0,,,a,
ASN00092045,19210208,PRCP,0,,,a,
ASN00092045,19210209,PRCP,0,,,a,
ASN00092045,19210210,PRCP,0,,,a,
ASN00092045,19210211,PRCP,0,,,a,
ASN00092045,19210212,PRCP,0,,,a,
ASN00092045,19210213,PRCP,0,,,a,
ASN00092045,19210214,PRCP,0,,,a,
ASN00092045,19210215,PRCP,3,,,a,
ASN00092045,19210216,PRCP,0,,,a,
ASN00092045,19210217,PRCP,0,,,a,
ASN00092045,19210218,PRCP,3,,,a,
ASN00092045,19210219,PRCP,0,,,a,
ASN00092045,19210220,PRCP,3,,,a,
ASN00092045,19210221,PRCP,0,,,a,
ASN00092045,19210222,PRCP,0,,,a,
ASN00092045,19210223,PRCP,0,,,a,
ASN00092045,19210224,PRCP,0,,,a,
ASN00092045,19210225,PRCP,25,,,a,
ASN00092045,19210226,PRCP,3,,,a,
ASN00092045,19210227,PRCP,0,,,a,
ASN00092045,19210228,PRCP,0,,,a,
ASN00092045,19210301,PRCP,0,,,a,
ASN00092045,19210302,PRCP,0,,,a,
ASN00092045,19210303,PRCP,0,,,a,
ASN00092045,19210304,PRCP,18,,,a,
ASN00092045,19210305,PRCP,0,,,a,
ASN00092045,19210306,PRCP,0,,,a,
ASN00092045,19210307,PRCP,0,,,a,
ASN00092045,19210308,PRCP,0,,,a,
ASN00092045,19210309,PRCP,0,,,a,
ASN00092045,19210310,PRCP,3,,,a,
ASN00092045,19210311,PRCP,0,,,a,
ASN00092045,19210312,PRCP,0,,,a,
ASN00092045,19210313,PRCP,0,,,a,
ASN00092045,19210314,PRCP,0,,,a,
ASN00092045,19210315,PRCP,0,,,a,
ASN00092045,19210316,PRCP,43,,,a,
ASN00092045,19210317,PRCP,0,,,a,
ASN00092045,19210318,PRCP,0,,,a,
ASN00092045,19210319,PRCP,0,,,a,
ASN00092045,19210320,PRCP,0,,,a,
ASN00092045,19210321,PRCP,0,,,a,
ASN00092045,19210322,PRCP,13,,,a,
ASN00092045,19210323,PRCP,0,,,a,
ASN00092045,19210324,PRCP,3,,,a,
ASN00092045,19210325,PRCP,25,,,a,
ASN00092045,19210326,PRCP,0,,,a,
ASN00092045,19210327,PRCP,0,,,a,
ASN00092045,19210328,PRCP,0,,,a,
ASN00092045,19210329,PRCP,0,,,a,
ASN00092045,19210330,PRCP,0,,,a,
ASN00092045,19210331,PRCP,8,,,a,
ASN00092045,19210401,PRCP,53,,,a,
ASN00092045,19210402,PRCP,0,,,a,
ASN00092045,19210403,PRCP,0,,,a,
ASN00092045,19210404,PRCP,5,,,a,
ASN00092045,19210405,PRCP,241,,,a,
ASN00092045,19210406,PRCP,56,,,a,
ASN00092045,19210407,PRCP,0,,,a,
ASN00092045,19210408,PRCP,0,,,a,
ASN00092045,19210409,PRCP,0,,,a,
ASN00092045,19210410,PRCP,0,,,a,
ASN00092045,19210411,PRCP,0,,,a,
ASN00092045,19210412,PRCP,0,,,a,
ASN00092045,19210413,PRCP,0,,,a,
ASN00092045,19210414,PRCP,0,,,a,
ASN00092045,19210415,PRCP,0,,,a,
ASN00092045,19210416,PRCP,0,,,a,
ASN00092045,19210417,PRCP,38,,,a,
ASN00092045,19210418,PRCP,0,,,a,
ASN00092045,19210419,PRCP,0,,,a,
ASN00092045,19210420,PRCP,0,,,a,
ASN00092045,19210421,PRCP,0,,,a,
ASN00092045,19210422,PRCP,0,,,a,
ASN00092045,19210423,PRCP,36,,,a,
ASN00092045,19210424,PRCP,33,,,a,
ASN00092045,19210425,PRCP,15,,,a,
ASN00092045,19210426,PRCP,0,,,a,
ASN00092045,19210427,PRCP,0,,,a,
ASN00092045,19210428,PRCP,0,,,a,
ASN00092045,19210429,PRCP,0,,,a,
ASN00092045,19210430,PRCP,0,,,a,
ASN00092045,19210501,PRCP,102,,,a,
ASN00092045,19210502,PRCP,0,,,a,
ASN00092045,19210503,PRCP,5,,,a,
ASN00092045,19210504,PRCP,0,,,a,
ASN00092045,19210505,PRCP,0,,,a,
ASN00092045,19210506,PRCP,86,,,a,
ASN00092045,19210507,PRCP,117,,,a,
ASN00092045,19210508,PRCP,0,,,a,
ASN00092045,19210509,PRCP,0,,,a,
ASN00092045,19210510,PRCP,0,,,a,
ASN00092045,19210511,PRCP,0,,,a,
ASN00092045,19210512,PRCP,0,,,a,
ASN00092045,19210513,PRCP,0,,,a,
ASN00092045,19210514,PRCP,0,,,a,
ASN00092045,19210515,PRCP,0,,,a,
ASN00092045,19210516,PRCP,0,,,a,
ASN00092045,19210517,PRCP,0,,,a,
ASN00092045,19210518,PRCP,20,,,a,
ASN00092045,19210519,PRCP,20,,,a,
ASN00092045,19210520,PRCP,165,,,a,
ASN00092045,19210521,PRCP,0,,,a,
ASN00092045,19210522,PRCP,15,,,a,
ASN00092045,19210523,PRCP,0,,,a,
ASN00092045,19210524,PRCP,0,,,a,
ASN00092045,19210525,PRCP,208,,,a,
ASN00092045,19210526,PRCP,0,,,a,
ASN00092045,19210527,PRCP,0,,,a,
ASN00092045,19210528,PRCP,0,,,a,
ASN00092045,19210529,PRCP,0,,,a,
ASN00092045,19210530,PRCP,25,,,a,
ASN00092045,19210531,PRCP,229,,,a,
ASN00092045,19210601,PRCP,0,,,a,
ASN00092045,19210602,PRCP,0,,,a,
ASN00092045,19210603,PRCP,0,,,a,
ASN00092045,19210604,PRCP,0,,,a,
ASN00092045,19210605,PRCP,13,,,a,
ASN00092045,19210606,PRCP,0,,,a,
ASN00092045,19210607,PRCP,0,,,a,
ASN00092045,19210608,PRCP,5,,,a,
ASN00092045,19210609,PRCP,231,,,a,
ASN00092045,19210610,PRCP,127,,,a,
ASN00092045,19210611,PRCP,0,,,a,
ASN00092045,19210612,PRCP,51,,,a,
ASN00092045,19210613,PRCP,25,,,a,
ASN00092045,19210614,PRCP,0,,,a,
ASN00092045,19210615,PRCP,8,,,a,
ASN00092045,19210616,PRCP,30,,,a,
ASN00092045,19210617,PRCP,53,,,a,
ASN00092045,19210618,PRCP,0,,,a,
ASN00092045,19210619,PRCP,157,,,a,
ASN00092045,19210620,PRCP,0,,,a,
ASN00092045,19210621,PRCP,0,,,a,
ASN00092045,19210622,PRCP,0,,,a,
ASN00092045,19210623,PRCP,0,,,a,
ASN00092045,19210624,PRCP,0,,,a,
ASN00092045,19210625,PRCP,0,,,a,
ASN00092045,19210626,PRCP,0,,,a,
ASN00092045,19210627,PRCP,0,,,a,
ASN00092045,19210628,PRCP,0,,,a,
ASN00092045,19210629,PRCP,0,,,a,
ASN00092045,19210630,PRCP,0,,,a,
ASN00092045,19210701,PRCP,0,,,a,
ASN00092045,19210702,PRCP,0,,,a,
ASN00092045,19210703,PRCP,18,,,a,
ASN00092045,19210704,PRCP,13,,,a,
ASN00092045,19210705,PRCP,8,,,a,
ASN00092045,19210706,PRCP,0,,,a,
ASN00092045,19210707,PRCP,5,,,a,
ASN00092045,19210708,PRCP,0,,,a,
ASN00092045,19210709,PRCP,13,,,a,
ASN00092045,19210710,PRCP,28,,,a,
ASN00092045,19210711,PRCP,0,,,a,
ASN00092045,19210712,PRCP,0,,,a,
ASN00092045,19210713,PRCP,28,,,a,
ASN00092045,19210714,PRCP,23,,,a,
ASN00092045,19210715,PRCP,20,,,a,
ASN00092045,19210716,PRCP,198,,,a,
ASN00092045,19210717,PRCP,13,,,a,
ASN00092045,19210718,PRCP,0,,,a,
ASN00092045,19210719,PRCP,10,,,a,
ASN00092045,19210720,PRCP,0,,,a,
ASN00092045,19210721,PRCP,0,,,a,
ASN00092045,19210722,PRCP,0,,,a,
ASN00092045,19210723,PRCP,10,,,a,
ASN00092045,19210724,PRCP,5,,,a,
ASN00092045,19210725,PRCP,33,,,a,
ASN00092045,19210726,PRCP,51,,,a,
ASN00092045,19210727,PRCP,224,,,a,
ASN00092045,19210728,PRCP,13,,,a,
ASN00092045,19210729,PRCP,0,,,a,
ASN00092045,19210730,PRCP,86,,,a,
ASN00092045,19210731,PRCP,0,,,a,
ASN00092045,19210801,PRCP,0,,,a,
ASN00092045,19210802,PRCP,0,,,a,
ASN00092045,19210803,PRCP,13,,,a,
ASN00092045,19210804,PRCP,0,,,a,
ASN00092045,19210805,PRCP,0,,,a,
ASN00092045,19210806,PRCP,0,,,a,
ASN00092045,19210807,PRCP,0,,,a,
ASN00092045,19210808,PRCP,0,,,a,
ASN00092045,19210809,PRCP,0,,,a,
ASN00092045,19210810,PRCP,0,,,a,
ASN00092045,19210811,PRCP,64,,,a,
ASN00092045,19210812,PRCP,10,,,a,
ASN00092045,19210813,PRCP,0,,,a,
ASN00092045,19210814,PRCP,28,,,a,
ASN00092045,19210815,PRCP,0,,,a,
ASN00092045,19210816,PRCP,5,,,a,
ASN00092045,19210817,PRCP,3,,,a,
ASN00092045,19210818,PRCP,0,,,a,
ASN00092045,19210819,PRCP,13,,,a,
ASN00092045,19210820,PRCP,0,,,a,
ASN00092045,19210821,PRCP,0,,,a,
ASN00092045,19210822,PRCP,0,,,a,
ASN00092045,19210823,PRCP,51,,,a,
ASN00092045,19210824,PRCP,46,,,a,
ASN00092045,19210825,PRCP,0,,,a,
ASN00092045,19210826,PRCP,0,,,a,
ASN00092045,19210827,PRCP,69,,,a,
ASN00092045,19210828,PRCP,0,,,a,
ASN00092045,19210829,PRCP,0,,,a,
ASN00092045,19210830,PRCP,0,,,a,
ASN00092045,19210831,PRCP,0,,,a,
ASN00092045,19210901,PRCP,0,,,a,
ASN00092045,19210902,PRCP,0,,,a,
ASN00092045,19210903,PRCP,0,,,a,
ASN00092045,19210904,PRCP,0,,,a,
ASN00092045,19210905,PRCP,0,,,a,
ASN00092045,19210906,PRCP,0,,,a,
ASN00092045,19210907,PRCP,0,,,a,
ASN00092045,19210908,PRCP,25,,,a,
ASN00092045,19210909,PRCP,0,,,a,
ASN00092045,19210910,PRCP,43,,,a,
ASN00092045,19210911,PRCP,0,,,a,
ASN00092045,19210912,PRCP,0,,,a,
ASN00092045,19210913,PRCP,0,,,a,
ASN00092045,19210914,PRCP,0,,,a,
ASN00092045,19210915,PRCP,0,,,a,
ASN00092045,19210916,PRCP,0,,,a,
ASN00092045,19210917,PRCP,254,,,a,
ASN00092045,19210918,PRCP,30,,,a,
ASN00092045,19210919,PRCP,79,,,a,
ASN00092045,19210920,PRCP,25,,,a,
ASN00092045,19210921,PRCP,5,,,a,
ASN00092045,19210922,PRCP,15,,,a,
ASN00092045,19210923,PRCP,0,,,a,
ASN00092045,19210924,PRCP,15,,,a,
ASN00092045,19210925,PRCP,0,,,a,
ASN00092045,19210926,PRCP,0,,,a,
ASN00092045,19210927,PRCP,0,,,a,
ASN00092045,19210928,PRCP,0,,,a,
ASN00092045,19210929,PRCP,25,,,a,
ASN00092045,19210930,PRCP,203,,,a,
ASN00092045,19211001,PRCP,0,,,a,
ASN00092045,19211002,PRCP,0,,,a,
ASN00092045,19211003,PRCP,0,,,a,
ASN00092045,19211004,PRCP,0,,,a,
ASN00092045,19211005,PRCP,5,,,a,
ASN00092045,19211006,PRCP,102,,,a,
ASN00092045,19211007,PRCP,18,,,a,
ASN00092045,19211008,PRCP,0,,,a,
ASN00092045,19211009,PRCP,41,,,a,
ASN00092045,19211010,PRCP,0,,,a,
ASN00092045,19211011,PRCP,25,,,a,
ASN00092045,19211012,PRCP,0,,,a,
ASN00092045,19211013,PRCP,0,,,a,
ASN00092045,19211014,PRCP,0,,,a,
ASN00092045,19211015,PRCP,36,,,a,
ASN00092045,19211016,PRCP,3,,,a,
ASN00092045,19211017,PRCP,81,,,a,
ASN00092045,19211018,PRCP,8,,,a,
ASN00092045,19211019,PRCP,5,,,a,
ASN00092045,19211020,PRCP,0,,,a,
ASN00092045,19211021,PRCP,0,,,a,
ASN00092045,19211022,PRCP,41,,,a,
ASN00092045,19211023,PRCP,86,,,a,
ASN00092045,19211024,PRCP,0,,,a,
ASN00092045,19211025,PRCP,0,,,a,
ASN00092045,19211026,PRCP,0,,,a,
ASN00092045,19211027,PRCP,0,,,a,
ASN00092045,19211028,PRCP,0,,,a,
ASN00092045,19211029,PRCP,0,,,a,
ASN00092045,19211030,PRCP,0,,,a,
ASN00092045,19211031,PRCP,10,,,a,
ASN00092045,19211101,PRCP,51,,,a,
ASN00092045,19211102,PRCP,51,,,a,
ASN00092045,19211103,PRCP,0,,,a,
ASN00092045,19211104,PRCP,3,,,a,
ASN00092045,19211105,PRCP,0,,,a,
ASN00092045,19211106,PRCP,33,,,a,
ASN00092045,19211107,PRCP,25,,,a,
ASN00092045,19211108,PRCP,8,,,a,
ASN00092045,19211109,PRCP,0,,,a,
ASN00092045,19211110,PRCP,0,,,a,
ASN00092045,19211111,PRCP,0,,,a,
ASN00092045,19211112,PRCP,0,,,a,
ASN00092045,19211113,PRCP,0,,,a,
ASN00092045,19211114,PRCP,0,,,a,
ASN00092045,19211115,PRCP,84,,,a,
ASN00092045,19211116,PRCP,0,,,a,
ASN00092045,19211117,PRCP,0,,,a,
ASN00092045,19211118,PRCP,0,,,a,
ASN00092045,19211119,PRCP,0,,,a,
ASN00092045,19211120,PRCP,28,,,a,
ASN00092045,19211121,PRCP,0,,,a,
ASN00092045,19211122,PRCP,0,,,a,
ASN00092045,19211123,PRCP,0,,,a,
ASN00092045,19211124,PRCP,18,,,a,
ASN00092045,19211125,PRCP,8,,,a,
ASN00092045,19211126,PRCP,13,,,a,
ASN00092045,19211127,PRCP,28,,,a,
ASN00092045,19211128,PRCP,46,,,a,
ASN00092045,19211129,PRCP,0,,,a,
ASN00092045,19211130,PRCP,0,,,a,
ASN00092045,19211201,PRCP,0,,,a,
ASN00092045,19211202,PRCP,0,,,a,
ASN00092045,19211203,PRCP,38,,,a,
ASN00092045,19211204,PRCP,406,,,a,
ASN00092045,19211205,PRCP,0,,,a,
ASN00092045,19211206,PRCP,0,,,a,
ASN00092045,19211207,PRCP,5,,,a,
ASN00092045,19211208,PRCP,38,,,a,
ASN00092045,19211209,PRCP,0,,,a,
ASN00092045,19211210,PRCP,25,,,a,
ASN00092045,19211211,PRCP,0,,,a,
ASN00092045,19211212,PRCP,0,,,a,
ASN00092045,19211213,PRCP,0,,,a,
ASN00092045,19211214,PRCP,0,,,a,
ASN00092045,19211215,PRCP,0,,,a,
ASN00092045,19211216,PRCP,0,,,a,
ASN00092045,19211217,PRCP,0,,,a,
ASN00092045,19211218,PRCP,0,,,a,
ASN00092045,19211219,PRCP,0,,,a,
ASN00092045,19211220,PRCP,0,,,a,
ASN00092045,19211221,PRCP,0,,,a,
ASN00092045,19211222,PRCP,0,,,a,
ASN00092045,19211223,PRCP,51,,,a,
ASN00092045,19211224,PRCP,345,,,a,
ASN00092045,19211225,PRCP,0,,,a,
ASN00092045,19211226,PRCP,0,,,a,
ASN00092045,19211227,PRCP,15,,,a,
ASN00092045,19211228,PRCP,13,,,a,
ASN00092045,19211229,PRCP,0,,,a,
ASN00092045,19211230,PRCP,91,,,a,
ASN00092045,19211231,PRCP,0,,,a,
ASN00092045,19220101,PRCP,0,,,a,
ASN00092045,19220102,PRCP,0,,,a,
ASN00092045,19220103,PRCP,0,,,a,
ASN00092045,19220104,PRCP,127,,,a,
ASN00092045,19220105,PRCP,13,,,a,
ASN00092045,19220106,PRCP,0,,,a,
ASN00092045,19220107,PRCP,58,,,a,
ASN00092045,19220108,PRCP,0,,,a,
ASN00092045,19220109,PRCP,0,,,a,
ASN00092045,19220110,PRCP,0,,,a,
ASN00092045,19220111,PRCP,0,,,a,
ASN00092045,19220112,PRCP,38,,,a,
ASN00092045,19220113,PRCP,13,,,a,
ASN00092045,19220114,PRCP,0,,,a,
ASN00092045,19220115,PRCP,0,,,a,
ASN00092045,19220116,PRCP,0,,,a,
ASN00092045,19220117,PRCP,0,,,a,
ASN00092045,19220118,PRCP,0,,,a,
ASN00092045,19220119,PRCP,0,,,a,
ASN00092045,19220120,PRCP,15,,,a,
ASN00092045,19220121,PRCP,0,,,a,
ASN00092045,19220122,PRCP,0,,,a,
ASN00092045,19220123,PRCP,38,,,a,
ASN00092045,19220124,PRCP,109,,,a,
ASN00092045,19220125,PRCP,28,,,a,
ASN00092045,19220126,PRCP,43,,,a,
ASN00092045,19220127,PRCP,0,,,a,
ASN00092045,19220128,PRCP,0,,,a,
ASN00092045,19220129,PRCP,0,,,a,
ASN00092045,19220130,PRCP,20,,,a,
ASN00092045,19220131,PRCP,0,,,a,
ASN00092045,19220201,PRCP,185,,,a,
ASN00092045,19220202,PRCP,0,,,a,
ASN00092045,19220203,PRCP,0,,,a,
ASN00092045,19220204,PRCP,0,,,a,
ASN00092045,19220205,PRCP,0,,,a,
ASN00092045,19220206,PRCP,0,,,a,
ASN00092045,19220207,PRCP,0,,,a,
ASN00092045,19220208,PRCP,0,,,a,
ASN00092045,19220209,PRCP,0,,,a,
ASN00092045,19220210,PRCP,0,,,a,
ASN00092045,19220211,PRCP,0,,,a,
ASN00092045,19220212,PRCP,0,,,a,
ASN00092045,19220213,PRCP,0,,,a,
ASN00092045,19220214,PRCP,8,,,a,
ASN00092045,19220215,PRCP,0,,,a,
ASN00092045,19220216,PRCP,0,,,a,
ASN00092045,19220217,PRCP,0,,,a,
ASN00092045,19220218,PRCP,18,,,a,
ASN00092045,19220219,PRCP,0,,,a,
ASN00092045,19220220,PRCP,10,,,a,
ASN00092045,19220221,PRCP,117,,,a,
ASN00092045,19220222,PRCP,340,,,a,
ASN00092045,19220223,PRCP,86,,,a,
ASN00092045,19220224,PRCP,66,,,a,
ASN00092045,19220225,PRCP,5,,,a,
ASN00092045,19220226,PRCP,8,,,a,
ASN00092045,19220227,PRCP,5,,,a,
ASN00092045,19220228,PRCP,157,,,a,
ASN00092045,19220301,PRCP,0,,,a,
ASN00092045,19220302,PRCP,0,,,a,
ASN00092045,19220303,PRCP,0,,,a,
ASN00092045,19220304,PRCP,0,,,a,
ASN00092045,19220305,PRCP,0,,,a,
ASN00092045,19220306,PRCP,0,,,a,
ASN00092045,19220307,PRCP,0,,,a,
ASN00092045,19220308,PRCP,0,,,a,
ASN00092045,19220309,PRCP,10,,,a,
ASN00092045,19220310,PRCP,0,,,a,
ASN00092045,19220311,PRCP,0,,,a,
ASN00092045,19220312,PRCP,0,,,a,
ASN00092045,19220313,PRCP,0,,,a,
ASN00092045,19220314,PRCP,0,,,a,
ASN00092045,19220315,PRCP,0,,,a,
ASN00092045,19220316,PRCP,0,,,a,
ASN00092045,19220317,PRCP,0,,,a,
ASN00092045,19220318,PRCP,0,,,a,
ASN00092045,19220319,PRCP,36,,,a,
ASN00092045,19220320,PRCP,0,,,a,
ASN00092045,19220321,PRCP,0,,,a,
ASN00092045,19220322,PRCP,51,,,a,
ASN00092045,19220323,PRCP,0,,,a,
ASN00092045,19220324,PRCP,13,,,a,
ASN00092045,19220325,PRCP,0,,,a,
ASN00092045,19220326,PRCP,0,,,a,
ASN00092045,19220327,PRCP,0,,,a,
ASN00092045,19220328,PRCP,0,,,a,
ASN00092045,19220329,PRCP,15,,,a,
ASN00092045,19220330,PRCP,43,,,a,
ASN00092045,19220331,PRCP,0,,,a,
ASN00092045,19220401,PRCP,94,,,a,
ASN00092045,19220402,PRCP,0,,,a,
ASN00092045,19220403,PRCP,0,,,a,
ASN00092045,19220404,PRCP,0,,,a,
ASN00092045,19220405,PRCP,0,,,a,
ASN00092045,19220406,PRCP,0,,,a,
ASN00092045,19220407,PRCP,0,,,a,
ASN00092045,19220408,PRCP,0,,,a,
ASN00092045,19220409,PRCP,0,,,a,
ASN00092045,19220410,PRCP,8,,,a,
ASN00092045,19220411,PRCP,0,,,a,
ASN00092045,19220412,PRCP,89,,,a,
ASN00092045,19220413,PRCP,0,,,a,
ASN00092045,19220414,PRCP,0,,,a,
ASN00092045,19220415,PRCP,0,,,a,
ASN00092045,19220416,PRCP,0,,,a,
ASN00092045,19220417,PRCP,0,,,a,
ASN00092045,19220418,PRCP,10,,,a,
ASN00092045,19220419,PRCP,0,,,a,
ASN00092045,19220420,PRCP,0,,,a,
ASN00092045,19220421,PRCP,0,,,a,
ASN00092045,19220422,PRCP,0,,,a,
ASN00092045,19220423,PRCP,0,,,a,
ASN00092045,19220424,PRCP,13,,,a,
ASN00092045,19220425,PRCP,0,,,a,
ASN00092045,19220426,PRCP,5,,,a,
ASN00092045,19220427,PRCP,64,,,a,
ASN00092045,19220428,PRCP,25,,,a,
ASN00092045,19220429,PRCP,0,,,a,
ASN00092045,19220430,PRCP,0,,,a,
ASN00092045,19220501,PRCP,30,,,a,
ASN00092045,19220502,PRCP,0,,,a,
ASN00092045,19220503,PRCP,8,,,a,
ASN00092045,19220504,PRCP,0,,,a,
ASN00092045,19220505,PRCP,0,,,a,
ASN00092045,19220506,PRCP,20,,,a,
ASN00092045,19220507,PRCP,43,,,a,
ASN00092045,19220508,PRCP,0,,,a,
ASN00092045,19220509,PRCP,0,,,a,
ASN00092045,19220510,PRCP,0,,,a,
ASN00092045,19220511,PRCP,13,,,a,
ASN00092045,19220512,PRCP,0,,,a,
ASN00092045,19220513,PRCP,0,,,a,
ASN00092045,19220514,PRCP,0,,,a,
ASN00092045,19220515,PRCP,0,,,a,
ASN00092045,19220516,PRCP,5,,,a,
ASN00092045,19220517,PRCP,0,,,a,
ASN00092045,19220518,PRCP,0,,,a,
ASN00092045,19220519,PRCP,0,,,a,
ASN00092045,19220520,PRCP,0,,,a,
ASN00092045,19220521,PRCP,0,,,a,
ASN00092045,19220522,PRCP,0,,,a,
ASN00092045,19220523,PRCP,0,,,a,
ASN00092045,19220524,PRCP,0,,,a,
ASN00092045,19220525,PRCP,33,,,a,
ASN00092045,19220526,PRCP,23,,,a,
ASN00092045,19220527,PRCP,0,,,a,
ASN00092045,19220528,PRCP,38,,,a,
ASN00092045,19220529,PRCP,0,,,a,
ASN00092045,19220530,PRCP,127,,,a,
ASN00092045,19220531,PRCP,64,,,a,
ASN00092045,19220601,PRCP,0,,,a,
ASN00092045,19220602,PRCP,0,,,a,
ASN00092045,19220603,PRCP,5,,,a,
ASN00092045,19220604,PRCP,28,,,a,
ASN00092045,19220605,PRCP,18,,,a,
ASN00092045,19220606,PRCP,33,,,a,
ASN00092045,19220607,PRCP,320,,,a,
ASN00092045,19220608,PRCP,94,,,a,
ASN00092045,19220609,PRCP,170,,,a,
ASN00092045,19220610,PRCP,5,,,a,
ASN00092045,19220611,PRCP,0,,,a,
ASN00092045,19220612,PRCP,0,,,a,
ASN00092045,19220613,PRCP,0,,,a,
ASN00092045,19220614,PRCP,0,,,a,
ASN00092045,19220615,PRCP,0,,,a,
ASN00092045,19220616,PRCP,0,,,a,
ASN00092045,19220617,PRCP,15,,,a,
ASN00092045,19220618,PRCP,0,,,a,
ASN00092045,19220619,PRCP,15,,,a,
ASN00092045,19220620,PRCP,0,,,a,
ASN00092045,19220621,PRCP,0,,,a,
ASN00092045,19220622,PRCP,18,,,a,
ASN00092045,19220623,PRCP,0,,,a,
ASN00092045,19220624,PRCP,0,,,a,
ASN00092045,19220625,PRCP,0,,,a,
ASN00092045,19220626,PRCP,0,,,a,
ASN00092045,19220627,PRCP,102,,,a,
ASN00092045,19220628,PRCP,51,,,a,
ASN00092045,19220629,PRCP,53,,,a,
ASN00092045,19220630,PRCP,28,,,a,
ASN00092045,19220701,PRCP,33,,,a,
ASN00092045,19220702,PRCP,0,,,a,
ASN00092045,19220703,PRCP,0,,,a,
ASN00092045,19220704,PRCP,0,,,a,
ASN00092045,19220705,PRCP,0,,,a,
ASN00092045,19220706,PRCP,0,,,a,
ASN00092045,19220707,PRCP,445,,,a,
ASN00092045,19220708,PRCP,348,,,a,
ASN00092045,19220709,PRCP,10,,,a,
ASN00092045,19220710,PRCP,0,,,a,
ASN00092045,19220711,PRCP,0,,,a,
ASN00092045,19220712,PRCP,0,,,a,
ASN00092045,19220713,PRCP,0,,,a,
ASN00092045,19220714,PRCP,8,,,a,
ASN00092045,19220715,PRCP,8,,,a,
ASN00092045,19220716,PRCP,13,,,a,
ASN00092045,19220717,PRCP,20,,,a,
ASN00092045,19220718,PRCP,79,,,a,
ASN00092045,19220719,PRCP,191,,,a,
ASN00092045,19220720,PRCP,46,,,a,
ASN00092045,19220721,PRCP,0,,,a,
ASN00092045,19220722,PRCP,38,,,a,
ASN00092045,19220723,PRCP,5,,,a,
ASN00092045,19220724,PRCP,0,,,a,
ASN00092045,19220725,PRCP,41,,,a,
ASN00092045,19220726,PRCP,20,,,a,
ASN00092045,19220727,PRCP,5,,,a,
ASN00092045,19220728,PRCP,10,,,a,
ASN00092045,19220729,PRCP,20,,,a,
ASN00092045,19220730,PRCP,48,,,a,
ASN00092045,19220731,PRCP,8,,,a,
ASN00092045,19220801,PRCP,0,,,a,
ASN00092045,19220802,PRCP,0,,,a,
ASN00092045,19220803,PRCP,8,,,a,
ASN00092045,19220804,PRCP,0,,,a,
ASN00092045,19220805,PRCP,0,,,a,
ASN00092045,19220806,PRCP,0,,,a,
ASN00092045,19220807,PRCP,0,,,a,
ASN00092045,19220808,PRCP,38,,,a,
ASN00092045,19220809,PRCP,10,,,a,
ASN00092045,19220810,PRCP,86,,,a,
ASN00092045,19220811,PRCP,18,,,a,
ASN00092045,19220812,PRCP,28,,,a,
ASN00092045,19220813,PRCP,0,,,a,
ASN00092045,19220814,PRCP,0,,,a,
ASN00092045,19220815,PRCP,8,,,a,
ASN00092045,19220816,PRCP,25,,,a,
ASN00092045,19220817,PRCP,51,,,a,
ASN00092045,19220818,PRCP,20,,,a,
ASN00092045,19220819,PRCP,8,,,a,
ASN00092045,19220820,PRCP,28,,,a,
ASN00092045,19220821,PRCP,0,,,a,
ASN00092045,19220822,PRCP,0,,,a,
ASN00092045,19220823,PRCP,0,,,a,
ASN00092045,19220824,PRCP,0,,,a,
ASN00092045,19220825,PRCP,0,,,a,
ASN00092045,19220826,PRCP,0,,,a,
ASN00092045,19220827,PRCP,0,,,a,
ASN00092045,19220828,PRCP,0,,,a,
ASN00092045,19220829,PRCP,8,,,a,
ASN00092045,19220830,PRCP,0,,,a,
ASN00092045,19220831,PRCP,0,,,a,
ASN00092045,19220901,PRCP,28,,,a,
ASN00092045,19220902,PRCP,0,,,a,
ASN00092045,19220903,PRCP,0,,,a,
ASN00092045,19220904,PRCP,0,,,a,
ASN00092045,19220905,PRCP,0,,,a,
ASN00092045,19220906,PRCP,0,,,a,
ASN00092045,19220907,PRCP,30,,,a,
ASN00092045,19220908,PRCP,0,,,a,
ASN00092045,19220909,PRCP,0,,,a,
ASN00092045,19220910,PRCP,0,,,a,
ASN00092045,19220911,PRCP,18,,,a,
ASN00092045,19220912,PRCP,0,,,a,
ASN00092045,19220913,PRCP,0,,,a,
ASN00092045,19220914,PRCP,0,,,a,
ASN00092045,19220915,PRCP,15,,,a,
ASN00092045,19220916,PRCP,71,,,a,
ASN00092045,19220917,PRCP,18,,,a,
ASN00092045,19220918,PRCP,0,,,a,
ASN00092045,19220919,PRCP,33,,,a,
ASN00092045,19220920,PRCP,0,,,a,
ASN00092045,19220921,PRCP,0,,,a,
ASN00092045,19220922,PRCP,0,,,a,
ASN00092045,19220923,PRCP,91,,,a,
ASN00092045,19220924,PRCP,0,,,a,
ASN00092045,19220925,PRCP,0,,,a,
ASN00092045,19220926,PRCP,8,,,a,
ASN00092045,19220927,PRCP,36,,,a,
ASN00092045,19220928,PRCP,5,,,a,
ASN00092045,19220929,PRCP,8,,,a,
ASN00092045,19220930,PRCP,0,,,a,
ASN00092045,19221001,PRCP,104,,,a,
ASN00092045,19221002,PRCP,15,,,a,
ASN00092045,19221003,PRCP,84,,,a,
ASN00092045,19221004,PRCP,18,,,a,
ASN00092045,19221005,PRCP,119,,,a,
ASN00092045,19221006,PRCP,20,,,a,
ASN00092045,19221007,PRCP,0,,,a,
ASN00092045,19221008,PRCP,0,,,a,
ASN00092045,19221009,PRCP,66,,,a,
ASN00092045,19221010,PRCP,51,,,a,
ASN00092045,19221011,PRCP,79,,,a,
ASN00092045,19221012,PRCP,25,,,a,
ASN00092045,19221013,PRCP,25,,,a,
ASN00092045,19221014,PRCP,0,,,a,
ASN00092045,19221015,PRCP,0,,,a,
ASN00092045,19221016,PRCP,122,,,a,
ASN00092045,19221017,PRCP,0,,,a,
ASN00092045,19221018,PRCP,0,,,a,
ASN00092045,19221019,PRCP,8,,,a,
ASN00092045,19221020,PRCP,0,,,a,
ASN00092045,19221021,PRCP,0,,,a,
ASN00092045,19221022,PRCP,0,,,a,
ASN00092045,19221023,PRCP,0,,,a,
ASN00092045,19221024,PRCP,66,,,a,
ASN00092045,19221025,PRCP,406,,,a,
ASN00092045,19221026,PRCP,5,,,a,
ASN00092045,19221027,PRCP,8,,,a,
ASN00092045,19221028,PRCP,0,,,a,
ASN00092045,19221029,PRCP,46,,,a,
ASN00092045,19221030,PRCP,91,,,a,
ASN00092045,19221031,PRCP,0,,,a,
ASN00092045,19221101,PRCP,0,,,a,
ASN00092045,19221102,PRCP,0,,,a,
ASN00092045,19221103,PRCP,18,,,a,
ASN00092045,19221104,PRCP,0,,,a,
ASN00092045,19221105,PRCP,0,,,a,
ASN00092045,19221106,PRCP,64,,,a,
ASN00092045,19221107,PRCP,30,,,a,
ASN00092045,19221108,PRCP,10,,,a,
ASN00092045,19221109,PRCP,0,,,a,
ASN00092045,19221110,PRCP,0,,,a,
ASN00092045,19221111,PRCP,0,,,a,
ASN00092045,19221112,PRCP,0,,,a,
ASN00092045,19221113,PRCP,0,,,a,
ASN00092045,19221114,PRCP,0,,,a,
ASN00092045,19221115,PRCP,8,,,a,
ASN00092045,19221116,PRCP,0,,,a,
ASN00092045,19221117,PRCP,0,,,a,
ASN00092045,19221118,PRCP,5,,,a,
ASN00092045,19221119,PRCP,0,,,a,
ASN00092045,19221120,PRCP,0,,,a,
ASN00092045,19221121,PRCP,0,,,a,
ASN00092045,19221122,PRCP,5,,,a,
ASN00092045,19221123,PRCP,0,,,a,
ASN00092045,19221124,PRCP,140,,,a,
ASN00092045,19221125,PRCP,0,,,a,
ASN00092045,19221126,PRCP,0,,,a,
ASN00092045,19221127,PRCP,0,,,a,
ASN00092045,19221128,PRCP,0,,,a,
ASN00092045,19221129,PRCP,0,,,a,
ASN00092045,19221130,PRCP,0,,,a,
ASN00092045,19221201,PRCP,0,,,a,
ASN00092045,19221202,PRCP,0,,,a,
ASN00092045,19221203,PRCP,25,,,a,
ASN00092045,19221204,PRCP,0,,,a,
ASN00092045,19221205,PRCP,0,,,a,
ASN00092045,19221206,PRCP,0,,,a,
ASN00092045,19221207,PRCP,0,,,a,
ASN00092045,19221208,PRCP,20,,,a,
ASN00092045,19221209,PRCP,5,,,a,
ASN00092045,19221210,PRCP,28,,,a,
ASN00092045,19221211,PRCP,0,,,a,
ASN00092045,19221212,PRCP,0,,,a,
ASN00092045,19221213,PRCP,38,,,a,
ASN00092045,19221214,PRCP,0,,,a,
ASN00092045,19221215,PRCP,0,,,a,
ASN00092045,19221216,PRCP,0,,,a,
ASN00092045,19221217,PRCP,0,,,a,
ASN00092045,19221218,PRCP,0,,,a,
ASN00092045,19221219,PRCP,0,,,a,
ASN00092045,19221220,PRCP,0,,,a,
ASN00092045,19221221,PRCP,0,,,a,
ASN00092045,19221222,PRCP,18,,,a,
ASN00092045,19221223,PRCP,69,,,a,
ASN00092045,19221224,PRCP,76,,,a,
ASN00092045,19221225,PRCP,30,,,a,
ASN00092045,19221226,PRCP,152,,,a,
ASN00092045,19221227,PRCP,102,,,a,
ASN00092045,19221228,PRCP,43,,,a,
ASN00092045,19221229,PRCP,0,,,a,
ASN00092045,19221230,PRCP,0,,,a,
ASN00092045,19221231,PRCP,20,,,a,
ASN00092045,19230101,PRCP,0,,,a,
ASN00092045,19230102,PRCP,0,,,a,
ASN00092045,19230103,PRCP,0,,,a,
ASN00092045,19230104,PRCP,0,,,a,
ASN00092045,19230105,PRCP,13,,,a,
ASN00092045,19230106,PRCP,56,,,a,
ASN00092045,19230107,PRCP,8,,,a,
ASN00092045,19230108,PRCP,0,,,a,
ASN00092045,19230109,PRCP,0,,,a,
ASN00092045,19230110,PRCP,0,,,a,
ASN00092045,19230111,PRCP,0,,,a,
ASN00092045,19230112,PRCP,0,,,a,
ASN00092045,19230113,PRCP,0,,,a,
ASN00092045,19230114,PRCP,0,,,a,
ASN00092045,19230115,PRCP,30,,,a,
ASN00092045,19230116,PRCP,76,,,a,
ASN00092045,19230117,PRCP,0,,,a,
ASN00092045,19230118,PRCP,20,,,a,
ASN00092045,19230119,PRCP,28,,,a,
ASN00092045,19230120,PRCP,0,,,a,
ASN00092045,19230121,PRCP,30,,,a,
ASN00092045,19230122,PRCP,51,,,a,
ASN00092045,19230123,PRCP,0,,,a,
ASN00092045,19230124,PRCP,0,,,a,
ASN00092045,19230125,PRCP,23,,,a,
ASN00092045,19230126,PRCP,0,,,a,
ASN00092045,19230127,PRCP,0,,,a,
ASN00092045,19230128,PRCP,51,,,a,
ASN00092045,19230129,PRCP,0,,,a,
ASN00092045,19230130,PRCP,0,,,a,
ASN00092045,19230131,PRCP,25,,,a,
ASN00092045,19230201,PRCP,8,,,a,
ASN00092045,19230202,PRCP,0,,,a,
ASN00092045,19230203,PRCP,0,,,a,
ASN00092045,19230204,PRCP,0,,,a,
ASN00092045,19230205,PRCP,0,,,a,
ASN00092045,19230206,PRCP,0,,,a,
ASN00092045,19230207,PRCP,0,,,a,
ASN00092045,19230208,PRCP,0,,,a,
ASN00092045,19230209,PRCP,0,,,a,
ASN00092045,19230210,PRCP,0,,,a,
ASN00092045,19230211,PRCP,0,,,a,
ASN00092045,19230212,PRCP,0,,,a,
ASN00092045,19230213,PRCP,0,,,a,
ASN00092045,19230214,PRCP,0,,,a,
ASN00092045,19230215,PRCP,0,,,a,
ASN00092045,19230216,PRCP,0,,,a,
ASN00092045,19230217,PRCP,0,,,a,
ASN00092045,19230218,PRCP,0,,,a,
ASN00092045,19230219,PRCP,0,,,a,
ASN00092045,19230220,PRCP,0,,,a,
ASN00092045,19230221,PRCP,0,,,a,
ASN00092045,19230222,PRCP,0,,,a,
ASN00092045,19230223,PRCP,0,,,a,
ASN00092045,19230224,PRCP,0,,,a,
ASN00092045,19230225,PRCP,0,,,a,
ASN00092045,19230226,PRCP,0,,,a,
ASN00092045,19230227,PRCP,0,,,a,
ASN00092045,19230228,PRCP,310,,,a,
ASN00092045,19230301,PRCP,127,,,a,
ASN00092045,19230302,PRCP,0,,,a,
ASN00092045,19230303,PRCP,0,,,a,
ASN00092045,19230304,PRCP,0,,,a,
ASN00092045,19230305,PRCP,0,,,a,
ASN00092045,19230306,PRCP,0,,,a,
ASN00092045,19230307,PRCP,0,,,a,
ASN00092045,19230308,PRCP,23,,,a,
ASN00092045,19230309,PRCP,0,,,a,
ASN00092045,19230310,PRCP,0,,,a,
ASN00092045,19230311,PRCP,0,,,a,
ASN00092045,19230312,PRCP,10,,,a,
ASN00092045,19230313,PRCP,0,,,a,
ASN00092045,19230314,PRCP,0,,,a,
ASN00092045,19230315,PRCP,0,,,a,
ASN00092045,19230316,PRCP,5,,,a,
ASN00092045,19230317,PRCP,0,,,a,
ASN00092045,19230318,PRCP,0,,,a,
ASN00092045,19230319,PRCP,0,,,a,
ASN00092045,19230320,PRCP,0,,,a,
ASN00092045,19230321,PRCP,38,,,a,
ASN00092045,19230322,PRCP,0,,,a,
ASN00092045,19230323,PRCP,0,,,a,
ASN00092045,19230324,PRCP,0,,,a,
ASN00092045,19230325,PRCP,28,,,a,
ASN00092045,19230326,PRCP,0,,,a,
ASN00092045,19230327,PRCP,0,,,a,
ASN00092045,19230328,PRCP,0,,,a,
ASN00092045,19230329,PRCP,0,,,a,
ASN00092045,19230330,PRCP,102,,,a,
ASN00092045,19230331,PRCP,0,,,a,
ASN00092045,19230401,PRCP,0,,,a,
ASN00092045,19230402,PRCP,0,,,a,
ASN00092045,19230403,PRCP,0,,,a,
ASN00092045,19230404,PRCP,0,,,a,
ASN00092045,19230405,PRCP,0,,,a,
ASN00092045,19230406,PRCP,0,,,a,
ASN00092045,19230407,PRCP,0,,,a,
ASN00092045,19230408,PRCP,0,,,a,
ASN00092045,19230409,PRCP,0,,,a,
ASN00092045,19230410,PRCP,0,,,a,
ASN00092045,19230411,PRCP,0,,,a,
ASN00092045,19230412,PRCP,0,,,a,
ASN00092045,19230413,PRCP,0,,,a,
ASN00092045,19230414,PRCP,0,,,a,
ASN00092045,19230415,PRCP,0,,,a,
ASN00092045,19230416,PRCP,0,,,a,
ASN00092045,19230417,PRCP,0,,,a,
ASN00092045,19230418,PRCP,0,,,a,
ASN00092045,19230419,PRCP,0,,,a,
ASN00092045,19230420,PRCP,0,,,a,
ASN00092045,19230421,PRCP,0,,,a,
ASN00092045,19230422,PRCP,15,,,a,
ASN00092045,19230423,PRCP,15,,,a,
ASN00092045,19230424,PRCP,5,,,a,
ASN00092045,19230425,PRCP,0,,,a,
ASN00092045,19230426,PRCP,5,,,a,
ASN00092045,19230427,PRCP,25,,,a,
ASN00092045,19230428,PRCP,33,,,a,
ASN00092045,19230429,PRCP,36,,,a,
ASN00092045,19230430,PRCP,5,,,a,
ASN00092045,19230501,PRCP,0,,,a,
ASN00092045,19230502,PRCP,0,,,a,
ASN00092045,19230503,PRCP,0,,,a,
ASN00092045,19230504,PRCP,0,,,a,
ASN00092045,19230505,PRCP,0,,,a,
ASN00092045,19230506,PRCP,0,,,a,
ASN00092045,19230507,PRCP,0,,,a,
ASN00092045,19230508,PRCP,71,,,a,
ASN00092045,19230509,PRCP,102,,,a,
ASN00092045,19230510,PRCP,91,,,a,
ASN00092045,19230511,PRCP,86,,,a,
ASN00092045,19230512,PRCP,13,,,a,
ASN00092045,19230513,PRCP,51,,,a,
ASN00092045,19230514,PRCP,13,,,a,
ASN00092045,19230515,PRCP,0,,,a,
ASN00092045,19230516,PRCP,20,,,a,
ASN00092045,19230517,PRCP,102,,,a,
ASN00092045,19230518,PRCP,104,,,a,
ASN00092045,19230519,PRCP,84,,,a,
ASN00092045,19230520,PRCP,81,,,a,
ASN00092045,19230521,PRCP,211,,,a,
ASN00092045,19230522,PRCP,20,,,a,
ASN00092045,19230523,PRCP,0,,,a,
ASN00092045,19230524,PRCP,91,,,a,
ASN00092045,19230525,PRCP,0,,,a,
ASN00092045,19230526,PRCP,0,,,a,
ASN00092045,19230527,PRCP,0,,,a,
ASN00092045,19230528,PRCP,13,,,a,
ASN00092045,19230529,PRCP,15,,,a,
ASN00092045,19230530,PRCP,165,,,a,
ASN00092045,19230531,PRCP,79,,,a,
ASN00092045,19230601,PRCP,51,,,a,
ASN00092045,19230602,PRCP,51,,,a,
ASN00092045,19230603,PRCP,5,,,a,
ASN00092045,19230604,PRCP,0,,,a,
ASN00092045,19230605,PRCP,465,,,a,
ASN00092045,19230606,PRCP,117,,,a,
ASN00092045,19230607,PRCP,5,,,a,
ASN00092045,19230608,PRCP,0,,,a,
ASN00092045,19230609,PRCP,0,,,a,
ASN00092045,19230610,PRCP,25,,,a,
ASN00092045,19230611,PRCP,13,,,a,
ASN00092045,19230612,PRCP,0,,,a,
ASN00092045,19230613,PRCP,0,,,a,
ASN00092045,19230614,PRCP,0,,,a,
ASN00092045,19230615,PRCP,0,,,a,
ASN00092045,19230616,PRCP,0,,,a,
ASN00092045,19230617,PRCP,8,,,a,
ASN00092045,19230618,PRCP,5,,,a,
ASN00092045,19230619,PRCP,0,,,a,
ASN00092045,19230620,PRCP,0,,,a,
ASN00092045,19230621,PRCP,0,,,a,
ASN00092045,19230622,PRCP,0,,,a,
ASN00092045,19230623,PRCP,0,,,a,
ASN00092045,19230624,PRCP,8,,,a,
ASN00092045,19230625,PRCP,33,,,a,
ASN00092045,19230626,PRCP,36,,,a,
ASN00092045,19230627,PRCP,13,,,a,
ASN00092045,19230628,PRCP,0,,,a,
ASN00092045,19230629,PRCP,0,,,a,
ASN00092045,19230630,PRCP,0,,,a,
ASN00092045,19230701,PRCP,0,,,a,
ASN00092045,19230702,PRCP,76,,,a,
ASN00092045,19230703,PRCP,10,,,a,
ASN00092045,19230704,PRCP,0,,,a,
ASN00092045,19230705,PRCP,0,,,a,
ASN00092045,19230706,PRCP,0,,,a,
ASN00092045,19230707,PRCP,51,,,a,
ASN00092045,19230708,PRCP,0,,,a,
ASN00092045,19230709,PRCP,0,,,a,
ASN00092045,19230710,PRCP,71,,,a,
ASN00092045,19230711,PRCP,8,,,a,
ASN00092045,19230712,PRCP,0,,,a,
ASN00092045,19230713,PRCP,46,,,a,
ASN00092045,19230714,PRCP,0,,,a,
ASN00092045,19230715,PRCP,8,,,a,
ASN00092045,19230716,PRCP,142,,,a,
ASN00092045,19230717,PRCP,0,,,a,
ASN00092045,19230718,PRCP,0,,,a,
ASN00092045,19230719,PRCP,0,,,a,
ASN00092045,19230720,PRCP,10,,,a,
ASN00092045,19230721,PRCP,0,,,a,
ASN00092045,19230722,PRCP,0,,,a,
ASN00092045,19230723,PRCP,10,,,a,
ASN00092045,19230724,PRCP,0,,,a,
ASN00092045,19230725,PRCP,0,,,a,
ASN00092045,19230726,PRCP,0,,,a,
ASN00092045,19230727,PRCP,0,,,a,
ASN00092045,19230728,PRCP,0,,,a,
ASN00092045,19230729,PRCP,0,,,a,
ASN00092045,19230730,PRCP,0,,,a,
ASN00092045,19230731,PRCP,127,,,a,
ASN00092045,19230801,PRCP,76,,,a,
ASN00092045,19230802,PRCP,38,,,a,
ASN00092045,19230803,PRCP,64,,,a,
ASN00092045,19230804,PRCP,0,,,a,
ASN00092045,19230805,PRCP,0,,,a,
ASN00092045,19230806,PRCP,0,,,a,
ASN00092045,19230807,PRCP,0,,,a,
ASN00092045,19230808,PRCP,0,,,a,
ASN00092045,19230809,PRCP,0,,,a,
ASN00092045,19230810,PRCP,0,,,a,
ASN00092045,19230811,PRCP,0,,,a,
ASN00092045,19230812,PRCP,0,,,a,
ASN00092045,19230813,PRCP,0,,,a,
ASN00092045,19230814,PRCP,36,,,a,
ASN00092045,19230815,PRCP,0,,,a,
ASN00092045,19230816,PRCP,0,,,a,
ASN00092045,19230817,PRCP,0,,,a,
ASN00092045,19230818,PRCP,0,,,a,
ASN00092045,19230819,PRCP,0,,,a,
ASN00092045,19230820,PRCP,0,,,a,
ASN00092045,19230821,PRCP,0,,,a,
ASN00092045,19230822,PRCP,0,,,a,
ASN00092045,19230823,PRCP,0,,,a,
ASN00092045,19230824,PRCP,0,,,a,
ASN00092045,19230825,PRCP,18,,,a,
ASN00092045,19230826,PRCP,0,,,a,
ASN00092045,19230827,PRCP,0,,,a,
ASN00092045,19230828,PRCP,0,,,a,
ASN00092045,19230829,PRCP,117,,,a,
ASN00092045,19230830,PRCP,127,,,a,
ASN00092045,19230831,PRCP,0,,,a,
ASN00092045,19230901,PRCP,0,,,a,
ASN00092045,19230902,PRCP,0,,,a,
ASN00092045,19230903,PRCP,0,,,a,
ASN00092045,19230904,PRCP,25,,,a,
ASN00092045,19230905,PRCP,140,,,a,
ASN00092045,19230906,PRCP,18,,,a,
ASN00092045,19230907,PRCP,229,,,a,
ASN00092045,19230908,PRCP,0,,,a,
ASN00092045,19230909,PRCP,8,,,a,
ASN00092045,19230910,PRCP,0,,,a,
ASN00092045,19230911,PRCP,0,,,a,
ASN00092045,19230912,PRCP,36,,,a,
ASN00092045,19230913,PRCP,64,,,a,
ASN00092045,19230914,PRCP,28,,,a,
ASN00092045,19230915,PRCP,0,,,a,
ASN00092045,19230916,PRCP,0,,,a,
ASN00092045,19230917,PRCP,0,,,a,
ASN00092045,19230918,PRCP,0,,,a,
ASN00092045,19230919,PRCP,18,,,a,
ASN00092045,19230920,PRCP,0,,,a,
ASN00092045,19230921,PRCP,46,,,a,
ASN00092045,19230922,PRCP,8,,,a,
ASN00092045,19230923,PRCP,0,,,a,
ASN00092045,19230924,PRCP,13,,,a,
ASN00092045,19230925,PRCP,28,,,a,
ASN00092045,19230926,PRCP,10,,,a,
ASN00092045,19230927,PRCP,25,,,a,
ASN00092045,19230928,PRCP,23,,,a,
ASN00092045,19230929,PRCP,0,,,a,
ASN00092045,19230930,PRCP,33,,,a,
ASN00092045,19231001,PRCP,117,,,a,
ASN00092045,19231002,PRCP,36,,,a,
ASN00092045,19231003,PRCP,0,,,a,
ASN00092045,19231004,PRCP,5,,,a,
ASN00092045,19231005,PRCP,0,,,a,
ASN00092045,19231006,PRCP,0,,,a,
ASN00092045,19231007,PRCP,8,,,a,
ASN00092045,19231008,PRCP,10,,,a,
ASN00092045,19231009,PRCP,0,,,a,
ASN00092045,19231010,PRCP,25,,,a,
ASN00092045,19231011,PRCP,76,,,a,
ASN00092045,19231012,PRCP,114,,,a,
ASN00092045,19231013,PRCP,15,,,a,
ASN00092045,19231014,PRCP,8,,,a,
ASN00092045,19231015,PRCP,0,,,a,
ASN00092045,19231016,PRCP,0,,,a,
ASN00092045,19231017,PRCP,8,,,a,
ASN00092045,19231018,PRCP,18,,,a,
ASN00092045,19231019,PRCP,20,,,a,
ASN00092045,19231020,PRCP,0,,,a,
ASN00092045,19231021,PRCP,0,,,a,
ASN00092045,19231022,PRCP,5,,,a,
ASN00092045,19231023,PRCP,25,,,a,
ASN00092045,19231024,PRCP,0,,,a,
ASN00092045,19231025,PRCP,5,,,a,
ASN00092045,19231026,PRCP,10,,,a,
ASN00092045,19231027,PRCP,10,,,a,
ASN00092045,19231028,PRCP,25,,,a,
ASN00092045,19231029,PRCP,0,,,a,
ASN00092045,19231030,PRCP,0,,,a,
ASN00092045,19231031,PRCP,0,,,a,
ASN00092045,19231101,PRCP,64,,,a,
ASN00092045,19231102,PRCP,157,,,a,
ASN00092045,19231103,PRCP,0,,,a,
ASN00092045,19231104,PRCP,0,,,a,
ASN00092045,19231105,PRCP,56,,,a,
ASN00092045,19231106,PRCP,0,,,a,
ASN00092045,19231107,PRCP,0,,,a,
ASN00092045,19231108,PRCP,13,,,a,
ASN00092045,19231109,PRCP,89,,,a,
ASN00092045,19231110,PRCP,8,,,a,
ASN00092045,19231111,PRCP,0,,,a,
ASN00092045,19231112,PRCP,86,,,a,
ASN00092045,19231113,PRCP,8,,,a,
ASN00092045,19231114,PRCP,0,,,a,
ASN00092045,19231115,PRCP,30,,,a,
ASN00092045,19231116,PRCP,13,,,a,
ASN00092045,19231117,PRCP,104,,,a,
ASN00092045,19231118,PRCP,0,,,a,
ASN00092045,19231119,PRCP,0,,,a,
ASN00092045,19231120,PRCP,0,,,a,
ASN00092045,19231121,PRCP,56,,,a,
ASN00092045,19231122,PRCP,0,,,a,
ASN00092045,19231123,PRCP,0,,,a,
ASN00092045,19231124,PRCP,0,,,a,
ASN00092045,19231125,PRCP,0,,,a,
ASN00092045,19231126,PRCP,0,,,a,
ASN00092045,19231127,PRCP,0,,,a,
ASN00092045,19231128,PRCP,51,,,a,
ASN00092045,19231129,PRCP,0,,,a,
ASN00092045,19231130,PRCP,0,,,a,
ASN00092045,19231201,PRCP,20,,,a,
ASN00092045,19231202,PRCP,13,,,a,
ASN00092045,19231203,PRCP,53,,,a,
ASN00092045,19231204,PRCP,38,,,a,
ASN00092045,19231205,PRCP,447,,,a,
ASN00092045,19231206,PRCP,5,,,a,
ASN00092045,19231207,PRCP,18,,,a,
ASN00092045,19231208,PRCP,0,,,a,
ASN00092045,19231209,PRCP,0,,,a,
ASN00092045,19231210,PRCP,208,,,a,
ASN00092045,19231211,PRCP,0,,,a,
ASN00092045,19231212,PRCP,0,,,a,
ASN00092045,19231213,PRCP,0,,,a,
ASN00092045,19231214,PRCP,58,,,a,
ASN00092045,19231215,PRCP,114,,,a,
ASN00092045,19231216,PRCP,0,,,a,
ASN00092045,19231217,PRCP,0,,,a,
ASN00092045,19231218,PRCP,0,,,a,
ASN00092045,19231219,PRCP,0,,,a,
ASN00092045,19231220,PRCP,0,,,a,
ASN00092045,19231221,PRCP,0,,,a,
ASN00092045,19231222,PRCP,0,,,a,
ASN00092045,19231223,PRCP,0,,,a,
ASN00092045,19231224,PRCP,0,,,a,
ASN00092045,19231225,PRCP,0,,,a,
ASN00092045,19231226,PRCP,30,,,a,
ASN00092045,19231227,PRCP,0,,,a,
ASN00092045,19231228,PRCP,0,,,a,
ASN00092045,19231229,PRCP,0,,,a,
ASN00092045,19231230,PRCP,0,,,a,
ASN00092045,19231231,PRCP,0,,,a,
ASN00092045,19240101,PRCP,0,,,a,
ASN00092045,19240102,PRCP,0,,,a,
ASN00092045,19240103,PRCP,0,,,a,
ASN00092045,19240104,PRCP,20,,,a,
ASN00092045,19240105,PRCP,0,,,a,
ASN00092045,19240106,PRCP,0,,,a,
ASN00092045,19240107,PRCP,38,,,a,
ASN00092045,19240108,PRCP,0,,,a,
ASN00092045,19240109,PRCP,51,,,a,
ASN00092045,19240110,PRCP,25,,,a,
ASN00092045,19240111,PRCP,10,,,a,
ASN00092045,19240112,PRCP,0,,,a,
ASN00092045,19240113,PRCP,25,,,a,
ASN00092045,19240114,PRCP,0,,,a,
ASN00092045,19240115,PRCP,0,,,a,
ASN00092045,19240116,PRCP,0,,,a,
ASN00092045,19240117,PRCP,0,,,a,
ASN00092045,19240118,PRCP,0,,,a,
ASN00092045,19240119,PRCP,5,,,a,
ASN00092045,19240120,PRCP,0,,,a,
ASN00092045,19240121,PRCP,0,,,a,
ASN00092045,19240122,PRCP,0,,,a,
ASN00092045,19240123,PRCP,0,,,a,
ASN00092045,19240124,PRCP,0,,,a,
ASN00092045,19240125,PRCP,5,,,a,
ASN00092045,19240126,PRCP,28,,,a,
ASN00092045,19240127,PRCP,211,,,a,
ASN00092045,19240128,PRCP,71,,,a,
ASN00092045,19240129,PRCP,3,,,a,
ASN00092045,19240130,PRCP,0,,,a,
ASN00092045,19240131,PRCP,0,,,a,
ASN00092045,19240201,PRCP,0,,,a,
ASN00092045,19240202,PRCP,0,,,a,
ASN00092045,19240203,PRCP,0,,,a,
ASN00092045,19240204,PRCP,0,,,a,
ASN00092045,19240205,PRCP,0,,,a,
ASN00092045,19240206,PRCP,0,,,a,
ASN00092045,19240207,PRCP,0,,,a,
ASN00092045,19240208,PRCP,0,,,a,
ASN00092045,19240209,PRCP,0,,,a,
ASN00092045,19240210,PRCP,13,,,a,
ASN00092045,19240211,PRCP,41,,,a,
ASN00092045,19240212,PRCP,0,,,a,
ASN00092045,19240213,PRCP,0,,,a,
ASN00092045,19240214,PRCP,0,,,a,
ASN00092045,19240215,PRCP,0,,,a,
ASN00092045,19240216,PRCP,490,,,a,
ASN00092045,19240217,PRCP,0,,,a,
ASN00092045,19240218,PRCP,0,,,a,
ASN00092045,19240219,PRCP,470,,,a,
ASN00092045,19240220,PRCP,478,,,a,
ASN00092045,19240221,PRCP,0,,,a,
ASN00092045,19240222,PRCP,76,,,a,
ASN00092045,19240223,PRCP,0,,,a,
ASN00092045,19240224,PRCP,0,,,a,
ASN00092045,19240225,PRCP,0,,,a,
ASN00092045,19240226,PRCP,0,,,a,
ASN00092045,19240227,PRCP,0,,,a,
ASN00092045,19240228,PRCP,0,,,a,
ASN00092045,19240229,PRCP,0,,,a,
ASN00092045,19240301,PRCP,0,,,a,
ASN00092045,19240302,PRCP,0,,,a,
ASN00092045,19240303,PRCP,28,,,a,
ASN00092045,19240304,PRCP,3,,,a,
ASN00092045,19240305,PRCP,13,,,a,
ASN00092045,19240306,PRCP,318,,,a,
ASN00092045,19240307,PRCP,8,,,a,
ASN00092045,19240308,PRCP,0,,,a,
ASN00092045,19240309,PRCP,0,,,a,
ASN00092045,19240310,PRCP,0,,,a,
ASN00092045,19240311,PRCP,0,,,a,
ASN00092045,19240312,PRCP,0,,,a,
ASN00092045,19240313,PRCP,0,,,a,
ASN00092045,19240314,PRCP,0,,,a,
ASN00092045,19240315,PRCP,0,,,a,
ASN00092045,19240316,PRCP,0,,,a,
ASN00092045,19240317,PRCP,0,,,a,
ASN00092045,19240318,PRCP,0,,,a,
ASN00092045,19240319,PRCP,0,,,a,
ASN00092045,19240320,PRCP,0,,,a,
ASN00092045,19240321,PRCP,0,,,a,
ASN00092045,19240322,PRCP,15,,,a,
ASN00092045,19240323,PRCP,15,,,a,
ASN00092045,19240324,PRCP,8,,,a,
ASN00092045,19240325,PRCP,0,,,a,
ASN00092045,19240326,PRCP,13,,,a,
ASN00092045,19240327,PRCP,203,,,a,
ASN00092045,19240328,PRCP,102,,,a,
ASN00092045,19240329,PRCP,152,,,a,
ASN00092045,19240330,PRCP,0,,,a,
ASN00092045,19240331,PRCP,0,,,a,
ASN00092045,19240401,PRCP,0,,,a,
ASN00092045,19240402,PRCP,28,,,a,
ASN00092045,19240403,PRCP,18,,,a,
ASN00092045,19240404,PRCP,0,,,a,
ASN00092045,19240405,PRCP,0,,,a,
ASN00092045,19240406,PRCP,0,,,a,
ASN00092045,19240407,PRCP,0,,,a,
ASN00092045,19240408,PRCP,0,,,a,
ASN00092045,19240409,PRCP,104,,,a,
ASN00092045,19240410,PRCP,0,,,a,
ASN00092045,19240411,PRCP,13,,,a,
ASN00092045,19240412,PRCP,8,,,a,
ASN00092045,19240413,PRCP,13,,,a,
ASN00092045,19240414,PRCP,5,,,a,
ASN00092045,19240415,PRCP,0,,,a,
ASN00092045,19240416,PRCP,0,,,a,
ASN00092045,19240417,PRCP,0,,,a,
ASN00092045,19240418,PRCP,0,,,a,
ASN00092045,19240419,PRCP,25,,,a,
ASN00092045,19240420,PRCP,23,,,a,
ASN00092045,19240421,PRCP,33,,,a,
ASN00092045,19240422,PRCP,0,,,a,
ASN00092045,19240423,PRCP,0,,,a,
ASN00092045,19240424,PRCP,0,,,a,
ASN00092045,19240425,PRCP,13,,,a,
ASN00092045,19240426,PRCP,0,,,a,
ASN00092045,19240427,PRCP,0,,,a,
ASN00092045,19240428,PRCP,5,,,a,
ASN00092045,19240429,PRCP,0,,,a,
ASN00092045,19240430,PRCP,0,,,a,
ASN00092045,19240501,PRCP,0,,,a,
ASN00092045,19240502,PRCP,0,,,a,
ASN00092045,19240503,PRCP,0,,,a,
ASN00092045,19240504,PRCP,10,,,a,
ASN00092045,19240505,PRCP,8,,,a,
ASN00092045,19240506,PRCP,53,,,a,
ASN00092045,19240507,PRCP,15,,,a,
ASN00092045,19240508,PRCP,8,,,a,
ASN00092045,19240509,PRCP,0,,,a,
ASN00092045,19240510,PRCP,0,,,a,
ASN00092045,19240511,PRCP,0,,,a,
ASN00092045,19240512,PRCP,0,,,a,
ASN00092045,19240513,PRCP,0,,,a,
ASN00092045,19240514,PRCP,0,,,a,
ASN00092045,19240515,PRCP,0,,,a,
ASN00092045,19240516,PRCP,18,,,a,
ASN00092045,19240517,PRCP,20,,,a,
ASN00092045,19240518,PRCP,30,,,a,
ASN00092045,19240519,PRCP,20,,,a,
ASN00092045,19240520,PRCP,0,,,a,
ASN00092045,19240521,PRCP,8,,,a,
ASN00092045,19240522,PRCP,10,,,a,
ASN00092045,19240523,PRCP,0,,,a,
ASN00092045,19240524,PRCP,0,,,a,
ASN00092045,19240525,PRCP,0,,,a,
ASN00092045,19240526,PRCP,0,,,a,
ASN00092045,19240527,PRCP,86,,,a,
ASN00092045,19240528,PRCP,0,,,a,
ASN00092045,19240529,PRCP,13,,,a,
ASN00092045,19240530,PRCP,0,,,a,
ASN00092045,19240531,PRCP,0,,,a,
ASN00092045,19240601,PRCP,0,,,a,
ASN00092045,19240602,PRCP,20,,,a,
ASN00092045,19240603,PRCP,0,,,a,
ASN00092045,19240604,PRCP,102,,,a,
ASN00092045,19240605,PRCP,135,,,a,
ASN00092045,19240606,PRCP,0,,,a,
ASN00092045,19240607,PRCP,15,,,a,
ASN00092045,19240608,PRCP,0,,,a,
ASN00092045,19240609,PRCP,13,,,a,
ASN00092045,19240610,PRCP,0,,,a,
ASN00092045,19240611,PRCP,0,,,a,
ASN00092045,19240612,PRCP,0,,,a,
ASN00092045,19240613,PRCP,15,,,a,
ASN00092045,19240614,PRCP,10,,,a,
ASN00092045,19240615,PRCP,51,,,a,
ASN00092045,19240616,PRCP,10,,,a,
ASN00092045,19240617,PRCP,5,,,a,
ASN00092045,19240618,PRCP,5,,,a,
ASN00092045,19240619,PRCP,0,,,a,
ASN00092045,19240620,PRCP,0,,,a,
ASN00092045,19240621,PRCP,0,,,a,
ASN00092045,19240622,PRCP,0,,,a,
ASN00092045,19240623,PRCP,81,,,a,
ASN00092045,19240624,PRCP,0,,,a,
ASN00092045,19240625,PRCP,8,,,a,
ASN00092045,19240626,PRCP,0,,,a,
ASN00092045,19240627,PRCP,0,,,a,
ASN00092045,19240628,PRCP,0,,,a,
ASN00092045,19240629,PRCP,0,,,a,
ASN00092045,19240630,PRCP,0,,,a,
ASN00092045,19240701,PRCP,28,,,a,
ASN00092045,19240702,PRCP,18,,,a,
ASN00092045,19240703,PRCP,23,,,a,
ASN00092045,19240704,PRCP,20,,,a,
ASN00092045,19240705,PRCP,15,,,a,
ASN00092045,19240706,PRCP,25,,,a,
ASN00092045,19240707,PRCP,107,,,a,
ASN00092045,19240708,PRCP,18,,,a,
ASN00092045,19240709,PRCP,102,,,a,
ASN00092045,19240710,PRCP,5,,,a,
ASN00092045,19240711,PRCP,43,,,a,
ASN00092045,19240712,PRCP,0,,,a,
ASN00092045,19240713,PRCP,0,,,a,
ASN00092045,19240714,PRCP,13,,,a,
ASN00092045,19240715,PRCP,30,,,a,
ASN00092045,19240716,PRCP,0,,,a,
ASN00092045,19240717,PRCP,0,,,a,
ASN00092045,19240718,PRCP,0,,,a,
ASN00092045,19240719,PRCP,0,,,a,
ASN00092045,19240720,PRCP,0,,,a,
ASN00092045,19240721,PRCP,0,,,a,
ASN00092045,19240722,PRCP,8,,,a,
ASN00092045,19240723,PRCP,0,,,a,
ASN00092045,19240724,PRCP,15,,,a,
ASN00092045,19240725,PRCP,8,,,a,
ASN00092045,19240726,PRCP,0,,,a,
ASN00092045,19240727,PRCP,0,,,a,
ASN00092045,19240728,PRCP,0,,,a,
ASN00092045,19240729,PRCP,18,,,a,
ASN00092045,19240730,PRCP,33,,,a,
ASN00092045,19240731,PRCP,0,,,a,
ASN00092045,19240801,PRCP,0,,,a,
ASN00092045,19240802,PRCP,23,,,a,
ASN00092045,19240803,PRCP,53,,,a,
ASN00092045,19240804,PRCP,0,,,a,
ASN00092045,19240805,PRCP,0,,,a,
ASN00092045,19240806,PRCP,8,,,a,
ASN00092045,19240807,PRCP,25,,,a,
ASN00092045,19240808,PRCP,0,,,a,
ASN00092045,19240809,PRCP,0,,,a,
ASN00092045,19240810,PRCP,0,,,a,
ASN00092045,19240811,PRCP,0,,,a,
ASN00092045,19240812,PRCP,0,,,a,
ASN00092045,19240813,PRCP,76,,,a,
ASN00092045,19240814,PRCP,127,,,a,
ASN00092045,19240815,PRCP,23,,,a,
ASN00092045,19240816,PRCP,0,,,a,
ASN00092045,19240817,PRCP,18,,,a,
ASN00092045,19240818,PRCP,0,,,a,
ASN00092045,19240819,PRCP,8,,,a,
ASN00092045,19240820,PRCP,5,,,a,
ASN00092045,19240821,PRCP,8,,,a,
ASN00092045,19240822,PRCP,0,,,a,
ASN00092045,19240823,PRCP,0,,,a,
ASN00092045,19240824,PRCP,89,,,a,
ASN00092045,19240825,PRCP,56,,,a,
ASN00092045,19240826,PRCP,114,,,a,
ASN00092045,19240827,PRCP,269,,,a,
ASN00092045,19240828,PRCP,0,,,a,
ASN00092045,19240829,PRCP,0,,,a,
ASN00092045,19240830,PRCP,0,,,a,
ASN00092045,19240831,PRCP,0,,,a,
ASN00092045,19240901,PRCP,13,,,a,
ASN00092045,19240902,PRCP,5,,,a,
ASN00092045,19240903,PRCP,0,,,a,
ASN00092045,19240904,PRCP,0,,,a,
ASN00092045,19240905,PRCP,0,,,a,
ASN00092045,19240906,PRCP,15,,,a,
ASN00092045,19240907,PRCP,0,,,a,
ASN00092045,19240908,PRCP,0,,,a,
ASN00092045,19240909,PRCP,0,,,a,
ASN00092045,19240910,PRCP,0,,,a,
ASN00092045,19240911,PRCP,38,,,a,
ASN00092045,19240912,PRCP,8,,,a,
ASN00092045,19240913,PRCP,20,,,a,
ASN00092045,19240914,PRCP,15,,,a,
ASN00092045,19240915,PRCP,97,,,a,
ASN00092045,19240916,PRCP,15,,,a,
ASN00092045,19240917,PRCP,0,,,a,
ASN00092045,19240918,PRCP,10,,,a,
ASN00092045,19240919,PRCP,0,,,a,
ASN00092045,19240920,PRCP,0,,,a,
ASN00092045,19240921,PRCP,58,,,a,
ASN00092045,19240922,PRCP,0,,,a,
ASN00092045,19240923,PRCP,183,,,a,
ASN00092045,19240924,PRCP,64,,,a,
ASN00092045,19240925,PRCP,76,,,a,
ASN00092045,19240926,PRCP,36,,,a,
ASN00092045,19240927,PRCP,53,,,a,
ASN00092045,19240928,PRCP,91,,,a,
ASN00092045,19240929,PRCP,0,,,a,
ASN00092045,19240930,PRCP,0,,,a,
ASN00092045,19241001,PRCP,8,,,a,
ASN00092045,19241002,PRCP,10,,,a,
ASN00092045,19241003,PRCP,0,,,a,
ASN00092045,19241004,PRCP,0,,,a,
ASN00092045,19241005,PRCP,18,,,a,
ASN00092045,19241006,PRCP,102,,,a,
ASN00092045,19241007,PRCP,114,,,a,
ASN00092045,19241008,PRCP,20,,,a,
ASN00092045,19241009,PRCP,5,,,a,
ASN00092045,19241010,PRCP,43,,,a,
ASN00092045,19241011,PRCP,0,,,a,
ASN00092045,19241012,PRCP,13,,,a,
ASN00092045,19241013,PRCP,91,,,a,
ASN00092045,19241014,PRCP,0,,,a,
ASN00092045,19241015,PRCP,51,,,a,
ASN00092045,19241016,PRCP,76,,,a,
ASN00092045,19241017,PRCP,58,,,a,
ASN00092045,19241018,PRCP,0,,,a,
ASN00092045,19241019,PRCP,0,,,a,
ASN00092045,19241020,PRCP,0,,,a,
ASN00092045,19241021,PRCP,10,,,a,
ASN00092045,19241022,PRCP,147,,,a,
ASN00092045,19241023,PRCP,5,,,a,
ASN00092045,19241024,PRCP,13,,,a,
ASN00092045,19241025,PRCP,0,,,a,
ASN00092045,19241026,PRCP,0,,,a,
ASN00092045,19241027,PRCP,0,,,a,
ASN00092045,19241028,PRCP,33,,,a,
ASN00092045,19241029,PRCP,81,,,a,
ASN00092045,19241030,PRCP,0,,,a,
ASN00092045,19241031,PRCP,0,,,a,
ASN00092045,19241101,PRCP,0,,,a,
ASN00092045,19241102,PRCP,0,,,a,
ASN00092045,19241103,PRCP,0,,,a,
ASN00092045,19241104,PRCP,0,,,a,
ASN00092045,19241105,PRCP,38,,,a,
ASN00092045,19241106,PRCP,15,,,a,
ASN00092045,19241107,PRCP,41,,,a,
ASN00092045,19241108,PRCP,20,,,a,
ASN00092045,19241109,PRCP,0,,,a,
ASN00092045,19241110,PRCP,0,,,a,
ASN00092045,19241111,PRCP,13,,,a,
ASN00092045,19241112,PRCP,117,,,a,
ASN00092045,19241113,PRCP,0,,,a,
ASN00092045,19241114,PRCP,76,,,a,
ASN00092045,19241115,PRCP,28,,,a,
ASN00092045,19241116,PRCP,0,,,a,
ASN00092045,19241117,PRCP,0,,,a,
ASN00092045,19241118,PRCP,0,,,a,
ASN00092045,19241119,PRCP,0,,,a,
ASN00092045,19241120,PRCP,0,,,a,
ASN00092045,19241121,PRCP,0,,,a,
ASN00092045,19241122,PRCP,38,,,a,
ASN00092045,19241123,PRCP,0,,,a,
ASN00092045,19241124,PRCP,0,,,a,
ASN00092045,19241125,PRCP,0,,,a,
ASN00092045,19241126,PRCP,64,,,a,
ASN00092045,19241127,PRCP,0,,,a,
ASN00092045,19241128,PRCP,0,,,a,
ASN00092045,19241129,PRCP,0,,,a,
ASN00092045,19241130,PRCP,0,,,a,
ASN00092045,19241201,PRCP,0,,,a,
ASN00092045,19241202,PRCP,51,,,a,
ASN00092045,19241203,PRCP,0,,,a,
ASN00092045,19241204,PRCP,0,,,a,
ASN00092045,19241205,PRCP,0,,,a,
ASN00092045,19241206,PRCP,0,,,a,
ASN00092045,19241207,PRCP,0,,,a,
ASN00092045,19241208,PRCP,0,,,a,
ASN00092045,19241209,PRCP,0,,,a,
ASN00092045,19241210,PRCP,0,,,a,
ASN00092045,19241211,PRCP,0,,,a,
ASN00092045,19241212,PRCP,0,,,a,
ASN00092045,19241213,PRCP,0,,,a,
ASN00092045,19241214,PRCP,0,,,a,
ASN00092045,19241215,PRCP,0,,,a,
ASN00092045,19241216,PRCP,0,,,a,
ASN00092045,19241217,PRCP,0,,,a,
ASN00092045,19241218,PRCP,0,,,a,
ASN00092045,19241219,PRCP,0,,,a,
ASN00092045,19241220,PRCP,0,,,a,
ASN00092045,19241221,PRCP,0,,,a,
ASN00092045,19241222,PRCP,0,,,a,
ASN00092045,19241223,PRCP,0,,,a,
ASN00092045,19241224,PRCP,3,,,a,
ASN00092045,19241225,PRCP,0,,,a,
ASN00092045,19241226,PRCP,15,,,a,
ASN00092045,19241227,PRCP,0,,,a,
ASN00092045,19241228,PRCP,0,,,a,
ASN00092045,19241229,PRCP,0,,,a,
ASN00092045,19241230,PRCP,0,,,a,
ASN00092045,19241231,PRCP,0,,,a,
ASN00092045,19250101,PRCP,0,,,a,
ASN00092045,19250102,PRCP,0,,,a,
ASN00092045,19250103,PRCP,0,,,a,
ASN00092045,19250104,PRCP,0,,,a,
ASN00092045,19250105,PRCP,0,,,a,
ASN00092045,19250106,PRCP,0,,,a,
ASN00092045,19250107,PRCP,38,,,a,
ASN00092045,19250108,PRCP,15,,,a,
ASN00092045,19250109,PRCP,0,,,a,
ASN00092045,19250110,PRCP,8,,,a,
ASN00092045,19250111,PRCP,0,,,a,
ASN00092045,19250112,PRCP,3,,,a,
ASN00092045,19250113,PRCP,66,,,a,
ASN00092045,19250114,PRCP,48,,,a,
ASN00092045,19250115,PRCP,0,,,a,
ASN00092045,19250116,PRCP,0,,,a,
ASN00092045,19250117,PRCP,28,,,a,
ASN00092045,19250118,PRCP,0,,,a,
ASN00092045,19250119,PRCP,0,,,a,
ASN00092045,19250120,PRCP,0,,,a,
ASN00092045,19250121,PRCP,0,,,a,
ASN00092045,19250122,PRCP,0,,,a,
ASN00092045,19250123,PRCP,0,,,a,
ASN00092045,19250124,PRCP,0,,,a,
ASN00092045,19250125,PRCP,3,,,a,
ASN00092045,19250126,PRCP,0,,,a,
ASN00092045,19250127,PRCP,0,,,a,
ASN00092045,19250128,PRCP,114,,,a,
ASN00092045,19250129,PRCP,0,,,a,
ASN00092045,19250130,PRCP,41,,,a,
ASN00092045,19250131,PRCP,0,,,a,
ASN00092045,19250201,PRCP,28,,,a,
ASN00092045,19250202,PRCP,20,,,a,
ASN00092045,19250203,PRCP,3,,,a,
ASN00092045,19250204,PRCP,0,,,a,
ASN00092045,19250205,PRCP,0,,,a,
ASN00092045,19250206,PRCP,0,,,a,
ASN00092045,19250207,PRCP,0,,,a,
ASN00092045,19250208,PRCP,0,,,a,
ASN00092045,19250209,PRCP,38,,,a,
ASN00092045,19250210,PRCP,102,,,a,
ASN00092045,19250211,PRCP,13,,,a,
ASN00092045,19250212,PRCP,10,,,a,
ASN00092045,19250213,PRCP,0,,,a,
ASN00092045,19250214,PRCP,0,,,a,
ASN00092045,19250215,PRCP,0,,,a,
ASN00092045,19250216,PRCP,0,,,a,
ASN00092045,19250217,PRCP,0,,,a,
ASN00092045,19250218,PRCP,0,,,a,
ASN00092045,19250219,PRCP,10,,,a,
ASN00092045,19250220,PRCP,0,,,a,
ASN00092045,19250221,PRCP,61,,,a,
ASN00092045,19250222,PRCP,0,,,a,
ASN00092045,19250223,PRCP,0,,,a,
ASN00092045,19250224,PRCP,15,,,a,
ASN00092045,19250225,PRCP,46,,,a,
ASN00092045,19250226,PRCP,0,,,a,
ASN00092045,19250227,PRCP,0,,,a,
ASN00092045,19250228,PRCP,0,,,a,
ASN00092045,19250301,PRCP,0,,,a,
ASN00092045,19250302,PRCP,3,,,a,
ASN00092045,19250303,PRCP,58,,,a,
ASN00092045,19250304,PRCP,112,,,a,
ASN00092045,19250305,PRCP,0,,,a,
ASN00092045,19250306,PRCP,0,,,a,
ASN00092045,19250307,PRCP,3,,,a,
ASN00092045,19250308,PRCP,0,,,a,
ASN00092045,19250309,PRCP,0,,,a,
ASN00092045,19250310,PRCP,0,,,a,
ASN00092045,19250311,PRCP,0,,,a,
ASN00092045,19250312,PRCP,25,,,a,
ASN00092045,19250313,PRCP,0,,,a,
ASN00092045,19250314,PRCP,0,,,a,
ASN00092045,19250315,PRCP,0,,,a,
ASN00092045,19250316,PRCP,0,,,a,
ASN00092045,19250317,PRCP,3,,,a,
ASN00092045,19250318,PRCP,0,,,a,
ASN00092045,19250319,PRCP,3,,,a,
ASN00092045,19250320,PRCP,23,,,a,
ASN00092045,19250321,PRCP,3,,,a,
ASN00092045,19250322,PRCP,30,,,a,
ASN00092045,19250323,PRCP,51,,,a,
ASN00092045,19250324,PRCP,0,,,a,
ASN00092045,19250325,PRCP,5,,,a,
ASN00092045,19250326,PRCP,0,,,a,
ASN00092045,19250327,PRCP,0,,,a,
ASN00092045,19250328,PRCP,0,,,a,
ASN00092045,19250329,PRCP,0,,,a,
ASN00092045,19250330,PRCP,0,,,a,
ASN00092045,19250331,PRCP,3,,,a,
ASN00092045,19250401,PRCP,10,,,a,
ASN00092045,19250402,PRCP,56,,,a,
ASN00092045,19250403,PRCP,0,,,a,
ASN00092045,19250404,PRCP,0,,,a,
ASN00092045,19250405,PRCP,0,,,a,
ASN00092045,19250406,PRCP,0,,,a,
ASN00092045,19250407,PRCP,53,,,a,
ASN00092045,19250408,PRCP,3,,,a,
ASN00092045,19250409,PRCP,0,,,a,
ASN00092045,19250410,PRCP,0,,,a,
ASN00092045,19250411,PRCP,0,,,a,
ASN00092045,19250412,PRCP,0,,,a,
ASN00092045,19250413,PRCP,3,,,a,
ASN00092045,19250414,PRCP,5,,,a,
ASN00092045,19250415,PRCP,0,,,a,
ASN00092045,19250416,PRCP,0,,,a,
ASN00092045,19250417,PRCP,0,,,a,
ASN00092045,19250418,PRCP,0,,,a,
ASN00092045,19250419,PRCP,36,,,a,
ASN00092045,19250420,PRCP,53,,,a,
ASN00092045,19250421,PRCP,229,,,a,
ASN00092045,19250422,PRCP,89,,,a,
ASN00092045,19250423,PRCP,8,,,a,
ASN00092045,19250424,PRCP,119,,,a,
ASN00092045,19250425,PRCP,5,,,a,
ASN00092045,19250426,PRCP,0,,,a,
ASN00092045,19250427,PRCP,10,,,a,
ASN00092045,19250428,PRCP,0,,,a,
ASN00092045,19250429,PRCP,5,,,a,
ASN00092045,19250430,PRCP,0,,,a,
ASN00092045,19250501,PRCP,0,,,a,
ASN00092045,19250502,PRCP,0,,,a,
ASN00092045,19250503,PRCP,0,,,a,
ASN00092045,19250504,PRCP,0,,,a,
ASN00092045,19250505,PRCP,33,,,a,
ASN00092045,19250506,PRCP,15,,,a,
ASN00092045,19250507,PRCP,3,,,a,
ASN00092045,19250508,PRCP,3,,,a,
ASN00092045,19250509,PRCP,0,,,a,
ASN00092045,19250510,PRCP,5,,,a,
ASN00092045,19250511,PRCP,10,,,a,
ASN00092045,19250512,PRCP,25,,,a,
ASN00092045,19250513,PRCP,142,,,a,
ASN00092045,19250514,PRCP,91,,,a,
ASN00092045,19250515,PRCP,64,,,a,
ASN00092045,19250516,PRCP,15,,,a,
ASN00092045,19250517,PRCP,25,,,a,
ASN00092045,19250518,PRCP,30,,,a,
ASN00092045,19250519,PRCP,3,,,a,
ASN00092045,19250520,PRCP,0,,,a,
ASN00092045,19250521,PRCP,0,,,a,
ASN00092045,19250522,PRCP,0,,,a,
ASN00092045,19250523,PRCP,5,,,a,
ASN00092045,19250524,PRCP,43,,,a,
ASN00092045,19250525,PRCP,0,,,a,
ASN00092045,19250526,PRCP,10,,,a,
ASN00092045,19250527,PRCP,10,,,a,
ASN00092045,19250528,PRCP,38,,,a,
ASN00092045,19250529,PRCP,36,,,a,
ASN00092045,19250530,PRCP,71,,,a,
ASN00092045,19250531,PRCP,318,,,a,
ASN00092045,19250601,PRCP,137,,,a,
ASN00092045,19250602,PRCP,76,,,a,
ASN00092045,19250603,PRCP,51,,,a,
ASN00092045,19250604,PRCP,13,,,a,
ASN00092045,19250605,PRCP,10,,,a,
ASN00092045,19250606,PRCP,117,,,a,
ASN00092045,19250607,PRCP,3,,,a,
ASN00092045,19250608,PRCP,15,,,a,
ASN00092045,19250609,PRCP,3,,,a,
ASN00092045,19250610,PRCP,0,,,a,
ASN00092045,19250611,PRCP,0,,,a,
ASN00092045,19250612,PRCP,3,,,a,
ASN00092045,19250613,PRCP,0,,,a,
ASN00092045,19250614,PRCP,0,,,a,
ASN00092045,19250615,PRCP,0,,,a,
ASN00092045,19250616,PRCP,10,,,a,
ASN00092045,19250617,PRCP,0,,,a,
ASN00092045,19250618,PRCP,196,,,a,
ASN00092045,19250619,PRCP,64,,,a,
ASN00092045,19250620,PRCP,3,,,a,
ASN00092045,19250621,PRCP,0,,,a,
ASN00092045,19250622,PRCP,13,,,a,
ASN00092045,19250623,PRCP,20,,,a,
ASN00092045,19250624,PRCP,10,,,a,
ASN00092045,19250625,PRCP,0,,,a,
ASN00092045,19250626,PRCP,66,,,a,
ASN00092045,19250627,PRCP,0,,,a,
ASN00092045,19250628,PRCP,0,,,a,
ASN00092045,19250629,PRCP,64,,,a,
ASN00092045,19250630,PRCP,51,,,a,
ASN00092045,19250701,PRCP,0,,,a,
ASN00092045,19250702,PRCP,30,,,a,
ASN00092045,19250703,PRCP,30,,,a,
ASN00092045,19250704,PRCP,0,,,a,
ASN00092045,19250705,PRCP,0,,,a,
ASN00092045,19250706,PRCP,0,,,a,
ASN00092045,19250707,PRCP,0,,,a,
ASN00092045,19250708,PRCP,0,,,a,
ASN00092045,19250709,PRCP,0,,,a,
ASN00092045,19250710,PRCP,36,,,a,
ASN00092045,19250711,PRCP,10,,,a,
ASN00092045,19250712,PRCP,185,,,a,
ASN00092045,19250713,PRCP,61,,,a,
ASN00092045,19250714,PRCP,0,,,a,
ASN00092045,19250715,PRCP,0,,,a,
ASN00092045,19250716,PRCP,0,,,a,
ASN00092045,19250717,PRCP,89,,,a,
ASN00092045,19250718,PRCP,20,,,a,
ASN00092045,19250719,PRCP,0,,,a,
ASN00092045,19250720,PRCP,13,,,a,
ASN00092045,19250721,PRCP,0,,,a,
ASN00092045,19250722,PRCP,0,,,a,
ASN00092045,19250723,PRCP,0,,,a,
ASN00092045,19250724,PRCP,0,,,a,
ASN00092045,19250725,PRCP,5,,,a,
ASN00092045,19250726,PRCP,0,,,a,
ASN00092045,19250727,PRCP,20,,,a,
ASN00092045,19250728,PRCP,15,,,a,
ASN00092045,19250729,PRCP,5,,,a,
ASN00092045,19250730,PRCP,8,,,a,
ASN00092045,19250731,PRCP,25,,,a,
ASN00092045,19250801,PRCP,69,,,a,
ASN00092045,19250802,PRCP,8,,,a,
ASN00092045,19250803,PRCP,46,,,a,
ASN00092045,19250804,PRCP,43,,,a,
ASN00092045,19250805,PRCP,0,,,a,
ASN00092045,19250806,PRCP,0,,,a,
ASN00092045,19250807,PRCP,0,,,a,
ASN00092045,19250808,PRCP,0,,,a,
ASN00092045,19250809,PRCP,0,,,a,
ASN00092045,19250810,PRCP,0,,,a,
ASN00092045,19250811,PRCP,8,,,a,
ASN00092045,19250812,PRCP,0,,,a,
ASN00092045,19250813,PRCP,0,,,a,
ASN00092045,19250814,PRCP,0,,,a,
ASN00092045,19250815,PRCP,0,,,a,
ASN00092045,19250816,PRCP,0,,,a,
ASN00092045,19250817,PRCP,5,,,a,
ASN00092045,19250818,PRCP,150,,,a,
ASN00092045,19250819,PRCP,5,,,a,
ASN00092045,19250820,PRCP,0,,,a,
ASN00092045,19250821,PRCP,56,,,a,
ASN00092045,19250822,PRCP,81,,,a,
ASN00092045,19250823,PRCP,0,,,a,
ASN00092045,19250824,PRCP,0,,,a,
ASN00092045,19250825,PRCP,0,,,a,
ASN00092045,19250826,PRCP,5,,,a,
ASN00092045,19250827,PRCP,0,,,a,
ASN00092045,19250828,PRCP,0,,,a,
ASN00092045,19250829,PRCP,0,,,a,
ASN00092045,19250830,PRCP,46,,,a,
ASN00092045,19250831,PRCP,13,,,a,
ASN00092045,19250901,PRCP,0,,,a,
ASN00092045,19250902,PRCP,0,,,a,
ASN00092045,19250903,PRCP,0,,,a,
ASN00092045,19250904,PRCP,0,,,a,
ASN00092045,19250905,PRCP,0,,,a,
ASN00092045,19250906,PRCP,0,,,a,
ASN00092045,19250907,PRCP,0,,,a,
ASN00092045,19250908,PRCP,0,,,a,
ASN00092045,19250909,PRCP,0,,,a,
ASN00092045,19250910,PRCP,0,,,a,
ASN00092045,19250911,PRCP,0,,,a,
ASN00092045,19250912,PRCP,0,,,a,
ASN00092045,19250913,PRCP,30,,,a,
ASN00092045,19250914,PRCP,5,,,a,
ASN00092045,19250915,PRCP,79,,,a,
ASN00092045,19250916,PRCP,3,,,a,
ASN00092045,19250917,PRCP,122,,,a,
ASN00092045,19250918,PRCP,102,,,a,
ASN00092045,19250919,PRCP,0,,,a,
ASN00092045,19250920,PRCP,0,,,a,
ASN00092045,19250921,PRCP,0,,,a,
ASN00092045,19250922,PRCP,20,,,a,
ASN00092045,19250923,PRCP,3,,,a,
ASN00092045,19250924,PRCP,13,,,a,
ASN00092045,19250925,PRCP,0,,,a,
ASN00092045,19250926,PRCP,0,,,a,
ASN00092045,19250927,PRCP,8,,,a,
ASN00092045,19250928,PRCP,23,,,a,
ASN00092045,19250929,PRCP,3,,,a,
ASN00092045,19250930,PRCP,0,,,a,
ASN00092045,19251001,PRCP,0,,,a,
ASN00092045,19251002,PRCP,0,,,a,
ASN00092045,19251003,PRCP,218,,,a,
ASN00092045,19251004,PRCP,5,,,a,
ASN00092045,19251005,PRCP,0,,,a,
ASN00092045,19251006,PRCP,25,,,a,
ASN00092045,19251007,PRCP,0,,,a,
ASN00092045,19251008,PRCP,0,,,a,
ASN00092045,19251009,PRCP,5,,,a,
ASN00092045,19251010,PRCP,8,,,a,
ASN00092045,19251011,PRCP,0,,,a,
ASN00092045,19251012,PRCP,218,,,a,
ASN00092045,19251013,PRCP,3,,,a,
ASN00092045,19251014,PRCP,5,,,a,
ASN00092045,19251015,PRCP,3,,,a,
ASN00092045,19251016,PRCP,0,,,a,
ASN00092045,19251017,PRCP,5,,,a,
ASN00092045,19251018,PRCP,30,,,a,
ASN00092045,19251019,PRCP,3,,,a,
ASN00092045,19251020,PRCP,0,,,a,
ASN00092045,19251021,PRCP,0,,,a,
ASN00092045,19251022,PRCP,0,,,a,
ASN00092045,19251023,PRCP,0,,,a,
ASN00092045,19251024,PRCP,0,,,a,
ASN00092045,19251025,PRCP,0,,,a,
ASN00092045,19251026,PRCP,8,,,a,
ASN00092045,19251027,PRCP,0,,,a,
ASN00092045,19251028,PRCP,0,,,a,
ASN00092045,19251029,PRCP,3,,,a,
ASN00092045,19251030,PRCP,79,,,a,
ASN00092045,19251031,PRCP,0,,,a,
ASN00092045,19251101,PRCP,3,,,a,
ASN00092045,19251102,PRCP,0,,,a,
ASN00092045,19251103,PRCP,0,,,a,
ASN00092045,19251104,PRCP,3,,,a,
ASN00092045,19251105,PRCP,0,,,a,
ASN00092045,19251106,PRCP,0,,,a,
ASN00092045,19251107,PRCP,0,,,a,
ASN00092045,19251108,PRCP,0,,,a,
ASN00092045,19251109,PRCP,0,,,a,
ASN00092045,19251110,PRCP,0,,,a,
ASN00092045,19251111,PRCP,0,,,a,
ASN00092045,19251112,PRCP,0,,,a,
ASN00092045,19251113,PRCP,0,,,a,
ASN00092045,19251114,PRCP,0,,,a,
ASN00092045,19251115,PRCP,0,,,a,
ASN00092045,19251116,PRCP,0,,,a,
ASN00092045,19251117,PRCP,5,,,a,
ASN00092045,19251118,PRCP,140,,,a,
ASN00092045,19251119,PRCP,0,,,a,
ASN00092045,19251120,PRCP,3,,,a,
ASN00092045,19251121,PRCP,8,,,a,
ASN00092045,19251122,PRCP,0,,,a,
ASN00092045,19251123,PRCP,15,,,a,
ASN00092045,19251124,PRCP,0,,,a,
ASN00092045,19251125,PRCP,0,,,a,
ASN00092045,19251126,PRCP,0,,,a,
ASN00092045,19251127,PRCP,0,,,a,
ASN00092045,19251128,PRCP,0,,,a,
ASN00092045,19251129,PRCP,0,,,a,
ASN00092045,19251130,PRCP,0,,,a,
ASN00092045,19251201,PRCP,0,,,a,
ASN00092045,19251202,PRCP,5,,,a,
ASN00092045,19251203,PRCP,23,,,a,
ASN00092045,19251204,PRCP,20,,,a,
ASN00092045,19251205,PRCP,0,,,a,
ASN00092045,19251206,PRCP,0,,,a,
ASN00092045,19251207,PRCP,0,,,a,
ASN00092045,19251208,PRCP,0,,,a,
ASN00092045,19251209,PRCP,8,,,a,
ASN00092045,19251210,PRCP,0,,,a,
ASN00092045,19251211,PRCP,0,,,a,
ASN00092045,19251212,PRCP,0,,,a,
ASN00092045,19251213,PRCP,0,,,a,
ASN00092045,19251214,PRCP,0,,,a,
ASN00092045,19251215,PRCP,0,,,a,
ASN00092045,19251216,PRCP,0,,,a,
ASN00092045,19251217,PRCP,3,,,a,
ASN00092045,19251218,PRCP,0,,,a,
ASN00092045,19251219,PRCP,0,,,a,
ASN00092045,19251220,PRCP,0,,,a,
ASN00092045,19251221,PRCP,0,,,a,
ASN00092045,19251222,PRCP,33,,,a,
ASN00092045,19251223,PRCP,0,,,a,
ASN00092045,19251224,PRCP,0,,,a,
ASN00092045,19251225,PRCP,28,,,a,
ASN00092045,19251226,PRCP,5,,,a,
ASN00092045,19251227,PRCP,0,,,a,
ASN00092045,19251228,PRCP,0,,,a,
ASN00092045,19251229,PRCP,0,,,a,
ASN00092045,19251230,PRCP,0,,,a,
ASN00092045,19251231,PRCP,0,,,a,
ASN00092045,19260101,PRCP,0,,,a,
ASN00092045,19260102,PRCP,0,,,a,
ASN00092045,19260103,PRCP,0,,,a,
ASN00092045,19260104,PRCP,5,,,a,
ASN00092045,19260105,PRCP,30,,,a,
ASN00092045,19260106,PRCP,0,,,a,
ASN00092045,19260107,PRCP,0,,,a,
ASN00092045,19260108,PRCP,3,,,a,
ASN00092045,19260109,PRCP,0,,,a,
ASN00092045,19260110,PRCP,0,,,a,
ASN00092045,19260111,PRCP,0,,,a,
ASN00092045,19260112,PRCP,5,,,a,
ASN00092045,19260113,PRCP,0,,,a,
ASN00092045,19260114,PRCP,0,,,a,
ASN00092045,19260115,PRCP,0,,,a,
ASN00092045,19260116,PRCP,0,,,a,
ASN00092045,19260117,PRCP,0,,,a,
ASN00092045,19260118,PRCP,0,,,a,
ASN00092045,19260119,PRCP,41,,,a,
ASN00092045,19260120,PRCP,3,,,a,
ASN00092045,19260121,PRCP,0,,,a,
ASN00092045,19260122,PRCP,0,,,a,
ASN00092045,19260123,PRCP,0,,,a,
ASN00092045,19260124,PRCP,0,,,a,
ASN00092045,19260125,PRCP,0,,,a,
ASN00092045,19260126,PRCP,0,,,a,
ASN00092045,19260127,PRCP,0,,,a,
ASN00092045,19260128,PRCP,46,,,a,
ASN00092045,19260129,PRCP,0,,,a,
ASN00092045,19260130,PRCP,0,,,a,
ASN00092045,19260131,PRCP,0,,,a,
ASN00092045,19260201,PRCP,0,,,a,
ASN00092045,19260202,PRCP,0,,,a,
ASN00092045,19260203,PRCP,0,,,a,
ASN00092045,19260204,PRCP,0,,,a,
ASN00092045,19260205,PRCP,0,,,a,
ASN00092045,19260206,PRCP,0,,,a,
ASN00092045,19260207,PRCP,0,,,a,
ASN00092045,19260208,PRCP,0,,,a,
ASN00092045,19260209,PRCP,38,,,a,
ASN00092045,19260210,PRCP,15,,,a,
ASN00092045,19260211,PRCP,0,,,a,
ASN00092045,19260212,PRCP,0,,,a,
ASN00092045,19260213,PRCP,0,,,a,
ASN00092045,19260214,PRCP,0,,,a,
ASN00092045,19260215,PRCP,0,,,a,
ASN00092045,19260216,PRCP,0,,,a,
ASN00092045,19260217,PRCP,13,,,a,
ASN00092045,19260218,PRCP,8,,,a,
ASN00092045,19260219,PRCP,0,,,a,
ASN00092045,19260220,PRCP,0,,,a,
ASN00092045,19260221,PRCP,0,,,a,
ASN00092045,19260222,PRCP,28,,,a,
ASN00092045,19260223,PRCP,3,,,a,
ASN00092045,19260224,PRCP,3,,,a,
ASN00092045,19260225,PRCP,3,,,a,
ASN00092045,19260226,PRCP,36,,,a,
ASN00092045,19260227,PRCP,0,,,a,
ASN00092045,19260228,PRCP,0,,,a,
ASN00092045,19260301,PRCP,0,,,a,
ASN00092045,19260302,PRCP,0,,,a,
ASN00092045,19260303,PRCP,3,,,a,
ASN00092045,19260304,PRCP,0,,,a,
ASN00092045,19260305,PRCP,0,,,a,
ASN00092045,19260306,PRCP,10,,,a,
ASN00092045,19260307,PRCP,0,,,a,
ASN00092045,19260308,PRCP,0,,,a,
ASN00092045,19260309,PRCP,3,,,a,
ASN00092045,19260310,PRCP,0,,,a,
ASN00092045,19260311,PRCP,25,,,a,
ASN00092045,19260312,PRCP,0,,,a,
ASN00092045,19260313,PRCP,3,,,a,
ASN00092045,19260314,PRCP,0,,,a,
ASN00092045,19260315,PRCP,0,,,a,
ASN00092045,19260316,PRCP,0,,,a,
ASN00092045,19260317,PRCP,0,,,a,
ASN00092045,19260318,PRCP,0,,,a,
ASN00092045,19260319,PRCP,0,,,a,
ASN00092045,19260320,PRCP,0,,,a,
ASN00092045,19260321,PRCP,0,,,a,
ASN00092045,19260322,PRCP,10,,,a,
ASN00092045,19260323,PRCP,10,,,a,
ASN00092045,19260324,PRCP,0,,,a,
ASN00092045,19260325,PRCP,0,,,a,
ASN00092045,19260326,PRCP,0,,,a,
ASN00092045,19260327,PRCP,0,,,a,
ASN00092045,19260328,PRCP,0,,,a,
ASN00092045,19260329,PRCP,0,,,a,
ASN00092045,19260330,PRCP,0,,,a,
ASN00092045,19260331,PRCP,0,,,a,
ASN00092045,19260401,PRCP,0,,,a,
ASN00092045,19260402,PRCP,0,,,a,
ASN00092045,19260403,PRCP,0,,,a,
ASN00092045,19260404,PRCP,0,,,a,
ASN00092045,19260405,PRCP,20,,,a,
ASN00092045,19260406,PRCP,5,,,a,
ASN00092045,19260407,PRCP,8,,,a,
ASN00092045,19260408,PRCP,0,,,a,
ASN00092045,19260409,PRCP,3,,,a,
ASN00092045,19260410,PRCP,0,,,a,
ASN00092045,19260411,PRCP,61,,,a,
ASN00092045,19260412,PRCP,10,,,a,
ASN00092045,19260413,PRCP,0,,,a,
ASN00092045,19260414,PRCP,5,,,a,
ASN00092045,19260415,PRCP,28,,,a,
ASN00092045,19260416,PRCP,8,,,a,
ASN00092045,19260417,PRCP,48,,,a,
ASN00092045,19260418,PRCP,5,,,a,
ASN00092045,19260419,PRCP,15,,,a,
ASN00092045,19260420,PRCP,0,,,a,
ASN00092045,19260421,PRCP,0,,,a,
ASN00092045,19260422,PRCP,0,,,a,
ASN00092045,19260423,PRCP,3,,,a,
ASN00092045,19260424,PRCP,30,,,a,
ASN00092045,19260425,PRCP,51,,,a,
ASN00092045,19260426,PRCP,15,,,a,
ASN00092045,19260427,PRCP,41,,,a,
ASN00092045,19260428,PRCP,0,,,a,
ASN00092045,19260429,PRCP,71,,,a,
ASN00092045,19260430,PRCP,23,,,a,
ASN00092045,19260501,PRCP,99,,,a,
ASN00092045,19260502,PRCP,41,,,a,
ASN00092045,19260503,PRCP,64,,,a,
ASN00092045,19260504,PRCP,0,,,a,
ASN00092045,19260505,PRCP,0,,,a,
ASN00092045,19260506,PRCP,30,,,a,
ASN00092045,19260507,PRCP,25,,,a,
ASN00092045,19260508,PRCP,147,,,a,
ASN00092045,19260509,PRCP,0,,,a,
ASN00092045,19260510,PRCP,0,,,a,
ASN00092045,19260511,PRCP,5,,,a,
ASN00092045,19260512,PRCP,0,,,a,
ASN00092045,19260513,PRCP,0,,,a,
ASN00092045,19260514,PRCP,0,,,a,
ASN00092045,19260515,PRCP,10,,,a,
ASN00092045,19260516,PRCP,0,,,a,
ASN00092045,19260517,PRCP,0,,,a,
ASN00092045,19260518,PRCP,0,,,a,
ASN00092045,19260519,PRCP,0,,,a,
ASN00092045,19260520,PRCP,5,,,a,
ASN00092045,19260521,PRCP,3,,,a,
ASN00092045,19260522,PRCP,8,,,a,
ASN00092045,19260523,PRCP,13,,,a,
ASN00092045,19260524,PRCP,0,,,a,
ASN00092045,19260525,PRCP,0,,,a,
ASN00092045,19260526,PRCP,0,,,a,
ASN00092045,19260527,PRCP,0,,,a,
ASN00092045,19260528,PRCP,91,,,a,
ASN00092045,19260529,PRCP,3,,,a,
ASN00092045,19260530,PRCP,0,,,a,
ASN00092045,19260531,PRCP,0,,,a,
ASN00092045,19260601,PRCP,53,,,a,
ASN00092045,19260602,PRCP,0,,,a,
ASN00092045,19260603,PRCP,53,,,a,
ASN00092045,19260604,PRCP,0,,,a,
ASN00092045,19260605,PRCP,3,,,a,
ASN00092045,19260606,PRCP,0,,,a,
ASN00092045,19260607,PRCP,8,,,a,
ASN00092045,19260608,PRCP,0,,,a,
ASN00092045,19260609,PRCP,0,,,a,
ASN00092045,19260610,PRCP,46,,,a,
ASN00092045,19260611,PRCP,48,,,a,
ASN00092045,19260612,PRCP,38,,,a,
ASN00092045,19260613,PRCP,0,,,a,
ASN00092045,19260614,PRCP,0,,,a,
ASN00092045,19260615,PRCP,3,,,a,
ASN00092045,19260616,PRCP,3,,,a,
ASN00092045,19260617,PRCP,0,,,a,
ASN00092045,19260618,PRCP,0,,,a,
ASN00092045,19260619,PRCP,0,,,a,
ASN00092045,19260620,PRCP,3,,,a,
ASN00092045,19260621,PRCP,0,,,a,
ASN00092045,19260622,PRCP,8,,,a,
ASN00092045,19260623,PRCP,15,,,a,
ASN00092045,19260624,PRCP,99,,,a,
ASN00092045,19260625,PRCP,3,,,a,
ASN00092045,19260626,PRCP,135,,,a,
ASN00092045,19260627,PRCP,36,,,a,
ASN00092045,19260628,PRCP,0,,,a,
ASN00092045,19260629,PRCP,30,,,a,
ASN00092045,19260630,PRCP,0,,,a,
ASN00092045,19260701,PRCP,10,,,a,
ASN00092045,19260702,PRCP,102,,,a,
ASN00092045,19260703,PRCP,28,,,a,
ASN00092045,19260704,PRCP,0,,,a,
ASN00092045,19260705,PRCP,56,,,a,
ASN00092045,19260706,PRCP,5,,,a,
ASN00092045,19260707,PRCP,0,,,a,
ASN00092045,19260708,PRCP,3,,,a,
ASN00092045,19260709,PRCP,8,,,a,
ASN00092045,19260710,PRCP,3,,,a,
ASN00092045,19260711,PRCP,56,,,a,
ASN00092045,19260712,PRCP,142,,,a,
ASN00092045,19260713,PRCP,10,,,a,
ASN00092045,19260714,PRCP,137,,,a,
ASN00092045,19260715,PRCP,0,,,a,
ASN00092045,19260716,PRCP,0,,,a,
ASN00092045,19260717,PRCP,0,,,a,
ASN00092045,19260718,PRCP,3,,,a,
ASN00092045,19260719,PRCP,0,,,a,
ASN00092045,19260720,PRCP,0,,,a,
ASN00092045,19260721,PRCP,43,,,a,
ASN00092045,19260722,PRCP,10,,,a,
ASN00092045,19260723,PRCP,231,,,a,
ASN00092045,19260724,PRCP,18,,,a,
ASN00092045,19260725,PRCP,0,,,a,
ASN00092045,19260726,PRCP,0,,,a,
ASN00092045,19260727,PRCP,0,,,a,
ASN00092045,19260728,PRCP,0,,,a,
ASN00092045,19260729,PRCP,0,,,a,
ASN00092045,19260730,PRCP,0,,,a,
ASN00092045,19260731,PRCP,94,,,a,
ASN00092045,19260801,PRCP,91,,,a,
ASN00092045,19260802,PRCP,36,,,a,
ASN00092045,19260803,PRCP,3,,,a,
ASN00092045,19260804,PRCP,0,,,a,
ASN00092045,19260805,PRCP,56,,,a,
ASN00092045,19260806,PRCP,0,,,a,
ASN00092045,19260807,PRCP,53,,,a,
ASN00092045,19260808,PRCP,135,,,a,
ASN00092045,19260809,PRCP,23,,,a,
ASN00092045,19260810,PRCP,33,,,a,
ASN00092045,19260811,PRCP,10,,,a,
ASN00092045,19260812,PRCP,3,,,a,
ASN00092045,19260813,PRCP,5,,,a,
ASN00092045,19260814,PRCP,0,,,a,
ASN00092045,19260815,PRCP,8,,,a,
ASN00092045,19260816,PRCP,28,,,a,
ASN00092045,19260817,PRCP,112,,,a,
ASN00092045,19260818,PRCP,86,,,a,
ASN00092045,19260819,PRCP,0,,,a,
ASN00092045,19260820,PRCP,20,,,a,
ASN00092045,19260821,PRCP,3,,,a,
ASN00092045,19260822,PRCP,0,,,a,
ASN00092045,19260823,PRCP,0,,,a,
ASN00092045,19260824,PRCP,0,,,a,
ASN00092045,19260825,PRCP,0,,,a,
ASN00092045,19260826,PRCP,13,,,a,
ASN00092045,19260827,PRCP,10,,,a,
ASN00092045,19260828,PRCP,0,,,a,
ASN00092045,19260829,PRCP,0,,,a,
ASN00092045,19260830,PRCP,48,,,a,
ASN00092045,19260831,PRCP,0,,,a,
ASN00092045,19260901,PRCP,3,,,a,
ASN00092045,19260902,PRCP,0,,,a,
ASN00092045,19260903,PRCP,8,,,a,
ASN00092045,19260904,PRCP,71,,,a,
ASN00092045,19260905,PRCP,3,,,a,
ASN00092045,19260906,PRCP,0,,,a,
ASN00092045,19260907,PRCP,0,,,a,
ASN00092045,19260908,PRCP,0,,,a,
ASN00092045,19260909,PRCP,0,,,a,
ASN00092045,19260910,PRCP,18,,,a,
ASN00092045,19260911,PRCP,79,,,a,
ASN00092045,19260912,PRCP,0,,,a,
ASN00092045,19260913,PRCP,8,,,a,
ASN00092045,19260914,PRCP,0,,,a,
ASN00092045,19260915,PRCP,0,,,a,
ASN00092045,19260916,PRCP,0,,,a,
ASN00092045,19260917,PRCP,0,,,a,
ASN00092045,19260918,PRCP,0,,,a,
ASN00092045,19260919,PRCP,0,,,a,
ASN00092045,19260920,PRCP,3,,,a,
ASN00092045,19260921,PRCP,109,,,a,
ASN00092045,19260922,PRCP,0,,,a,
ASN00092045,19260923,PRCP,0,,,a,
ASN00092045,19260924,PRCP,0,,,a,
ASN00092045,19260925,PRCP,5,,,a,
ASN00092045,19260926,PRCP,15,,,a,
ASN00092045,19260927,PRCP,0,,,a,
ASN00092045,19260928,PRCP,18,,,a,
ASN00092045,19260929,PRCP,13,,,a,
ASN00092045,19260930,PRCP,15,,,a,
ASN00092045,19261001,PRCP,0,,,a,
ASN00092045,19261002,PRCP,0,,,a,
ASN00092045,19261003,PRCP,28,,,a,
ASN00092045,19261004,PRCP,13,,,a,
ASN00092045,19261005,PRCP,5,,,a,
ASN00092045,19261006,PRCP,10,,,a,
ASN00092045,19261007,PRCP,38,,,a,
ASN00092045,19261008,PRCP,61,,,a,
ASN00092045,19261009,PRCP,109,,,a,
ASN00092045,19261010,PRCP,0,,,a,
ASN00092045,19261011,PRCP,5,,,a,
ASN00092045,19261012,PRCP,147,,,a,
ASN00092045,19261013,PRCP,455,,,a,
ASN00092045,19261014,PRCP,5,,,a,
ASN00092045,19261015,PRCP,97,,,a,
ASN00092045,19261016,PRCP,23,,,a,
ASN00092045,19261017,PRCP,0,,,a,
ASN00092045,19261018,PRCP,5,,,a,
ASN00092045,19261019,PRCP,0,,,a,
ASN00092045,19261020,PRCP,13,,,a,
ASN00092045,19261021,PRCP,0,,,a,
ASN00092045,19261022,PRCP,0,,,a,
ASN00092045,19261023,PRCP,38,,,a,
ASN00092045,19261024,PRCP,5,,,a,
ASN00092045,19261025,PRCP,0,,,a,
ASN00092045,19261026,PRCP,0,,,a,
ASN00092045,19261027,PRCP,10,,,a,
ASN00092045,19261028,PRCP,5,,,a,
ASN00092045,19261029,PRCP,5,,,a,
ASN00092045,19261030,PRCP,0,,,a,
ASN00092045,19261031,PRCP,5,,,a,
ASN00092045,19261101,PRCP,0,,,a,
ASN00092045,19261102,PRCP,15,,,a,
ASN00092045,19261103,PRCP,8,,,a,
ASN00092045,19261104,PRCP,64,,,a,
ASN00092045,19261105,PRCP,3,,,a,
ASN00092045,19261106,PRCP,0,,,a,
ASN00092045,19261107,PRCP,0,,,a,
ASN00092045,19261108,PRCP,0,,,a,
ASN00092045,19261109,PRCP,0,,,a,
ASN00092045,19261110,PRCP,10,,,a,
ASN00092045,19261111,PRCP,15,,,a,
ASN00092045,19261112,PRCP,0,,,a,
ASN00092045,19261113,PRCP,0,,,a,
ASN00092045,19261114,PRCP,23,,,a,
ASN00092045,19261115,PRCP,0,,,a,
ASN00092045,19261116,PRCP,0,,,a,
ASN00092045,19261117,PRCP,122,,,a,
ASN00092045,19261118,PRCP,38,,,a,
ASN00092045,19261119,PRCP,0,,,a,
ASN00092045,19261120,PRCP,0,,,a,
ASN00092045,19261121,PRCP,0,,,a,
ASN00092045,19261122,PRCP,0,,,a,
ASN00092045,19261123,PRCP,5,,,a,
ASN00092045,19261124,PRCP,0,,,a,
ASN00092045,19261125,PRCP,0,,,a,
ASN00092045,19261126,PRCP,0,,,a,
ASN00092045,19261127,PRCP,0,,,a,
ASN00092045,19261128,PRCP,3,,,a,
ASN00092045,19261129,PRCP,0,,,a,
ASN00092045,19261130,PRCP,8,,,a,
ASN00092045,19261201,PRCP,0,,,a,
ASN00092045,19261202,PRCP,0,,,a,
ASN00092045,19261203,PRCP,0,,,a,
ASN00092045,19261204,PRCP,0,,,a,
ASN00092045,19261205,PRCP,18,,,a,
ASN00092045,19261206,PRCP,107,,,a,
ASN00092045,19261207,PRCP,0,,,a,
ASN00092045,19261208,PRCP,25,,,a,
ASN00092045,19261209,PRCP,0,,,a,
ASN00092045,19261210,PRCP,0,,,a,
ASN00092045,19261211,PRCP,10,,,a,
ASN00092045,19261212,PRCP,51,,,a,
ASN00092045,19261213,PRCP,15,,,a,
ASN00092045,19261214,PRCP,3,,,a,
ASN00092045,19261215,PRCP,0,,,a,
ASN00092045,19261216,PRCP,0,,,a,
ASN00092045,19261217,PRCP,0,,,a,
ASN00092045,19261218,PRCP,89,,,a,
ASN00092045,19261219,PRCP,0,,,a,
ASN00092045,19261220,PRCP,0,,,a,
ASN00092045,19261221,PRCP,0,,,a,
ASN00092045,19261222,PRCP,10,,,a,
ASN00092045,19261223,PRCP,28,,,a,
ASN00092045,19261224,PRCP,0,,,a,
ASN00092045,19261225,PRCP,0,,,a,
ASN00092045,19261226,PRCP,0,,,a,
ASN00092045,19261227,PRCP,0,,,a,
ASN00092045,19261228,PRCP,0,,,a,
ASN00092045,19261229,PRCP,0,,,a,
ASN00092045,19261230,PRCP,0,,,a,
ASN00092045,19261231,PRCP,3,,,a,
ASN00092045,19270101,PRCP,20,,,a,
ASN00092045,19270102,PRCP,0,,,a,
ASN00092045,19270103,PRCP,0,,,a,
ASN00092045,19270104,PRCP,0,,,a,
ASN00092045,19270105,PRCP,30,,,a,
ASN00092045,19270106,PRCP,452,,,a,
ASN00092045,19270107,PRCP,119,,,a,
ASN00092045,19270108,PRCP,0,,,a,
ASN00092045,19270109,PRCP,0,,,a,
ASN00092045,19270110,PRCP,3,,,a,
ASN00092045,19270111,PRCP,0,,,a,
ASN00092045,19270112,PRCP,0,,,a,
ASN00092045,19270113,PRCP,0,,,a,
ASN00092045,19270114,PRCP,0,,,a,
ASN00092045,19270115,PRCP,0,,,a,
ASN00092045,19270116,PRCP,0,,,a,
ASN00092045,19270117,PRCP,0,,,a,
ASN00092045,19270118,PRCP,0,,,a,
ASN00092045,19270119,PRCP,3,,,a,
ASN00092045,19270120,PRCP,0,,,a,
ASN00092045,19270121,PRCP,0,,,a,
ASN00092045,19270122,PRCP,0,,,a,
ASN00092045,19270123,PRCP,0,,,a,
ASN00092045,19270124,PRCP,0,,,a,
ASN00092045,19270125,PRCP,0,,,a,
ASN00092045,19270126,PRCP,0,,,a,
ASN00092045,19270127,PRCP,0,,,a,
ASN00092045,19270128,PRCP,5,,,a,
ASN00092045,19270129,PRCP,5,,,a,
ASN00092045,19270130,PRCP,0,,,a,
ASN00092045,19270131,PRCP,0,,,a,
ASN00092045,19270201,PRCP,0,,,a,
ASN00092045,19270202,PRCP,0,,,a,
ASN00092045,19270203,PRCP,48,,,a,
ASN00092045,19270204,PRCP,30,,,a,
ASN00092045,19270205,PRCP,61,,,a,
ASN00092045,19270206,PRCP,28,,,a,
ASN00092045,19270207,PRCP,3,,,a,
ASN00092045,19270208,PRCP,5,,,a,
ASN00092045,19270209,PRCP,0,,,a,
ASN00092045,19270210,PRCP,0,,,a,
ASN00092045,19270211,PRCP,0,,,a,
ASN00092045,19270212,PRCP,0,,,a,
ASN00092045,19270213,PRCP,0,,,a,
ASN00092045,19270214,PRCP,0,,,a,
ASN00092045,19270215,PRCP,0,,,a,
ASN00092045,19270216,PRCP,0,,,a,
ASN00092045,19270217,PRCP,0,,,a,
ASN00092045,19270218,PRCP,0,,,a,
ASN00092045,19270219,PRCP,0,,,a,
ASN00092045,19270220,PRCP,0,,,a,
ASN00092045,19270221,PRCP,0,,,a,
ASN00092045,19270222,PRCP,0,,,a,
ASN00092045,19270223,PRCP,0,,,a,
ASN00092045,19270224,PRCP,56,,,a,
ASN00092045,19270225,PRCP,0,,,a,
ASN00092045,19270226,PRCP,0,,,a,
ASN00092045,19270227,PRCP,0,,,a,
ASN00092045,19270228,PRCP,0,,,a,
ASN00092045,19270301,PRCP,0,,,a,
ASN00092045,19270302,PRCP,5,,,a,
ASN00092045,19270303,PRCP,74,,,a,
ASN00092045,19270304,PRCP,13,,,a,
ASN00092045,19270305,PRCP,3,,,a,
ASN00092045,19270306,PRCP,262,,,a,
ASN00092045,19270307,PRCP,8,,,a,
ASN00092045,19270308,PRCP,0,,,a,
ASN00092045,19270309,PRCP,0,,,a,
ASN00092045,19270310,PRCP,0,,,a,
ASN00092045,19270311,PRCP,0,,,a,
ASN00092045,19270312,PRCP,3,,,a,
ASN00092045,19270313,PRCP,79,,,a,
ASN00092045,19270314,PRCP,0,,,a,
ASN00092045,19270315,PRCP,0,,,a,
ASN00092045,19270316,PRCP,89,,,a,
ASN00092045,19270317,PRCP,0,,,a,
ASN00092045,19270318,PRCP,0,,,a,
ASN00092045,19270319,PRCP,0,,,a,
ASN00092045,19270320,PRCP,0,,,a,
ASN00092045,19270321,PRCP,0,,,a,
ASN00092045,19270322,PRCP,0,,,a,
ASN00092045,19270323,PRCP,38,,,a,
ASN00092045,19270324,PRCP,0,,,a,
ASN00092045,19270325,PRCP,0,,,a,
ASN00092045,19270326,PRCP,0,,,a,
ASN00092045,19270327,PRCP,3,,,a,
ASN00092045,19270328,PRCP,0,,,a,
ASN00092045,19270329,PRCP,0,,,a,
ASN00092045,19270330,PRCP,0,,,a,
ASN00092045,19270331,PRCP,0,,,a,
ASN00092045,19270401,PRCP,3,,,a,
ASN00092045,19270402,PRCP,0,,,a,
ASN00092045,19270403,PRCP,3,,,a,
ASN00092045,19270404,PRCP,0,,,a,
ASN00092045,19270405,PRCP,0,,,a,
ASN00092045,19270406,PRCP,0,,,a,
ASN00092045,19270407,PRCP,0,,,a,
ASN00092045,19270408,PRCP,0,,,a,
ASN00092045,19270409,PRCP,0,,,a,
ASN00092045,19270410,PRCP,0,,,a,
ASN00092045,19270411,PRCP,0,,,a,
ASN00092045,19270412,PRCP,0,,,a,
ASN00092045,19270413,PRCP,8,,,a,
ASN00092045,19270414,PRCP,0,,,a,
ASN00092045,19270415,PRCP,38,,,a,
ASN00092045,19270416,PRCP,3,,,a,
ASN00092045,19270417,PRCP,0,,,a,
ASN00092045,19270418,PRCP,0,,,a,
ASN00092045,19270419,PRCP,3,,,a,
ASN00092045,19270420,PRCP,3,,,a,
ASN00092045,19270421,PRCP,0,,,a,
ASN00092045,19270422,PRCP,30,,,a,
ASN00092045,19270423,PRCP,0,,,a,
ASN00092045,19270424,PRCP,0,,,a,
ASN00092045,19270425,PRCP,0,,,a,
ASN00092045,19270426,PRCP,0,,,a,
ASN00092045,19270427,PRCP,0,,,a,
ASN00092045,19270428,PRCP,0,,,a,
ASN00092045,19270429,PRCP,0,,,a,
ASN00092045,19270430,PRCP,5,,,a,
ASN00092045,19270501,PRCP,0,,,a,
ASN00092045,19270502,PRCP,0,,,a,
ASN00092045,19270503,PRCP,0,,,a,
ASN00092045,19270504,PRCP,229,,,a,
ASN00092045,19270505,PRCP,20,,,a,
ASN00092045,19270506,PRCP,3,,,a,
ASN00092045,19270507,PRCP,0,,,a,
ASN00092045,19270508,PRCP,0,,,a,
ASN00092045,19270509,PRCP,3,,,a,
ASN00092045,19270510,PRCP,3,,,a,
ASN00092045,19270511,PRCP,3,,,a,
ASN00092045,19270512,PRCP,25,,,a,
ASN00092045,19270513,PRCP,0,,,a,
ASN00092045,19270514,PRCP,8,,,a,
ASN00092045,19270515,PRCP,5,,,a,
ASN00092045,19270516,PRCP,3,,,a,
ASN00092045,19270517,PRCP,28,,,a,
ASN00092045,19270518,PRCP,25,,,a,
ASN00092045,19270519,PRCP,5,,,a,
ASN00092045,19270520,PRCP,3,,,a,
ASN00092045,19270521,PRCP,8,,,a,
ASN00092045,19270522,PRCP,0,,,a,
ASN00092045,19270523,PRCP,76,,,a,
ASN00092045,19270524,PRCP,30,,,a,
ASN00092045,19270525,PRCP,160,,,a,
ASN00092045,19270526,PRCP,15,,,a,
ASN00092045,19270527,PRCP,0,,,a,
ASN00092045,19270528,PRCP,0,,,a,
ASN00092045,19270529,PRCP,64,,,a,
ASN00092045,19270530,PRCP,51,,,a,
ASN00092045,19270531,PRCP,76,,,a,
ASN00092045,19270601,PRCP,20,,,a,
ASN00092045,19270602,PRCP,5,,,a,
ASN00092045,19270603,PRCP,0,,,a,
ASN00092045,19270604,PRCP,0,,,a,
ASN00092045,19270605,PRCP,3,,,a,
ASN00092045,19270606,PRCP,20,,,a,
ASN00092045,19270607,PRCP,109,,,a,
ASN00092045,19270608,PRCP,0,,,a,
ASN00092045,19270609,PRCP,0,,,a,
ASN00092045,19270610,PRCP,0,,,a,
ASN00092045,19270611,PRCP,0,,,a,
ASN00092045,19270612,PRCP,0,,,a,
ASN00092045,19270613,PRCP,0,,,a,
ASN00092045,19270614,PRCP,0,,,a,
ASN00092045,19270615,PRCP,0,,,a,
ASN00092045,19270616,PRCP,3,,,a,
ASN00092045,19270617,PRCP,18,,,a,
ASN00092045,19270618,PRCP,0,,,a,
ASN00092045,19270619,PRCP,13,,,a,
ASN00092045,19270620,PRCP,137,,,a,
ASN00092045,19270621,PRCP,5,,,a,
ASN00092045,19270622,PRCP,0,,,a,
ASN00092045,19270623,PRCP,0,,,a,
ASN00092045,19270624,PRCP,3,,,a,
ASN00092045,19270625,PRCP,0,,,a,
ASN00092045,19270626,PRCP,0,,,a,
ASN00092045,19270627,PRCP,0,,,a,
ASN00092045,19270628,PRCP,0,,,a,
ASN00092045,19270629,PRCP,0,,,a,
ASN00092045,19270630,PRCP,0,,,a,
ASN00092045,19270701,PRCP,13,,,a,
ASN00092045,19270702,PRCP,3,,,a,
ASN00092045,19270703,PRCP,28,,,a,
ASN00092045,19270704,PRCP,13,,,a,
ASN00092045,19270705,PRCP,3,,,a,
ASN00092045,19270706,PRCP,28,,,a,
ASN00092045,19270707,PRCP,53,,,a,
ASN00092045,19270708,PRCP,20,,,a,
ASN00092045,19270709,PRCP,0,,,a,
ASN00092045,19270710,PRCP,0,,,a,
ASN00092045,19270711,PRCP,5,,,a,
ASN00092045,19270712,PRCP,15,,,a,
ASN00092045,19270713,PRCP,0,,,a,
ASN00092045,19270714,PRCP,15,,,a,
ASN00092045,19270715,PRCP,0,,,a,
ASN00092045,19270716,PRCP,8,,,a,
ASN00092045,19270717,PRCP,0,,,a,
ASN00092045,19270718,PRCP,0,,,a,
ASN00092045,19270719,PRCP,0,,,a,
ASN00092045,19270720,PRCP,8,,,a,
ASN00092045,19270721,PRCP,20,,,a,
ASN00092045,19270722,PRCP,53,,,a,
ASN00092045,19270723,PRCP,25,,,a,
ASN00092045,19270724,PRCP,25,,,a,
ASN00092045,19270725,PRCP,25,,,a,
ASN00092045,19270726,PRCP,20,,,a,
ASN00092045,19270727,PRCP,53,,,a,
ASN00092045,19270728,PRCP,18,,,a,
ASN00092045,19270729,PRCP,15,,,a,
ASN00092045,19270730,PRCP,0,,,a,
ASN00092045,19270731,PRCP,0,,,a,
ASN00092045,19270801,PRCP,46,,,a,
ASN00092045,19270802,PRCP,81,,,a,
ASN00092045,19270803,PRCP,3,,,a,
ASN00092045,19270804,PRCP,20,,,a,
ASN00092045,19270805,PRCP,56,,,a,
ASN00092045,19270806,PRCP,8,,,a,
ASN00092045,19270807,PRCP,3,,,a,
ASN00092045,19270808,PRCP,46,,,a,
ASN00092045,19270809,PRCP,23,,,a,
ASN00092045,19270810,PRCP,0,,,a,
ASN00092045,19270811,PRCP,0,,,a,
ASN00092045,19270812,PRCP,46,,,a,
ASN00092045,19270813,PRCP,0,,,a,
ASN00092045,19270814,PRCP,0,,,a,
ASN00092045,19270815,PRCP,66,,,a,
ASN00092045,19270816,PRCP,30,,,a,
ASN00092045,19270817,PRCP,0,,,a,
ASN00092045,19270818,PRCP,0,,,a,
ASN00092045,19270819,PRCP,66,,,a,
ASN00092045,19270820,PRCP,23,,,a,
ASN00092045,19270821,PRCP,0,,,a,
ASN00092045,19270822,PRCP,0,,,a,
ASN00092045,19270823,PRCP,0,,,a,
ASN00092045,19270824,PRCP,0,,,a,
ASN00092045,19270825,PRCP,0,,,a,
ASN00092045,19270826,PRCP,30,,,a,
ASN00092045,19270827,PRCP,0,,,a,
ASN00092045,19270828,PRCP,0,,,a,
ASN00092045,19270829,PRCP,48,,,a,
ASN00092045,19270830,PRCP,13,,,a,
ASN00092045,19270831,PRCP,3,,,a,
ASN00092045,19270901,PRCP,0,,,a,
ASN00092045,19270902,PRCP,0,,,a,
ASN00092045,19270903,PRCP,0,,,a,
ASN00092045,19270904,PRCP,36,,,a,
ASN00092045,19270905,PRCP,0,,,a,
ASN00092045,19270906,PRCP,46,,,a,
ASN00092045,19270907,PRCP,0,,,a,
ASN00092045,19270908,PRCP,3,,,a,
ASN00092045,19270909,PRCP,3,,,a,
ASN00092045,19270910,PRCP,0,,,a,
ASN00092045,19270911,PRCP,0,,,a,
ASN00092045,19270912,PRCP,3,,,a,
ASN00092045,19270913,PRCP,0,,,a,
ASN00092045,19270914,PRCP,0,,,a,
ASN00092045,19270915,PRCP,3,,,a,
ASN00092045,19270916,PRCP,5,,,a,
ASN00092045,19270917,PRCP,15,,,a,
ASN00092045,19270918,PRCP,0,,,a,
ASN00092045,19270919,PRCP,5,,,a,
ASN00092045,19270920,PRCP,3,,,a,
ASN00092045,19270921,PRCP,3,,,a,
ASN00092045,19270922,PRCP,152,,,a,
ASN00092045,19270923,PRCP,25,,,a,
ASN00092045,19270924,PRCP,5,,,a,
ASN00092045,19270925,PRCP,0,,,a,
ASN00092045,19270926,PRCP,0,,,a,
ASN00092045,19270927,PRCP,0,,,a,
ASN00092045,19270928,PRCP,0,,,a,
ASN00092045,19270929,PRCP,0,,,a,
ASN00092045,19270930,PRCP,3,,,a,
ASN00092045,19271001,PRCP,36,,,a,
ASN00092045,19271002,PRCP,112,,,a,
ASN00092045,19271003,PRCP,25,,,a,
ASN00092045,19271004,PRCP,3,,,a,
ASN00092045,19271005,PRCP,0,,,a,
ASN00092045,19271006,PRCP,0,,,a,
ASN00092045,19271007,PRCP,0,,,a,
ASN00092045,19271008,PRCP,0,,,a,
ASN00092045,19271009,PRCP,0,,,a,
ASN00092045,19271010,PRCP,0,,,a,
ASN00092045,19271011,PRCP,15,,,a,
ASN00092045,19271012,PRCP,0,,,a,
ASN00092045,19271013,PRCP,28,,,a,
ASN00092045,19271014,PRCP,0,,,a,
ASN00092045,19271015,PRCP,0,,,a,
ASN00092045,19271016,PRCP,3,,,a,
ASN00092045,19271017,PRCP,0,,,a,
ASN00092045,19271018,PRCP,0,,,a,
ASN00092045,19271019,PRCP,5,,,a,
ASN00092045,19271020,PRCP,0,,,a,
ASN00092045,19271021,PRCP,0,,,a,
ASN00092045,19271022,PRCP,41,,,a,
ASN00092045,19271023,PRCP,0,,,a,
ASN00092045,19271024,PRCP,0,,,a,
ASN00092045,19271025,PRCP,0,,,a,
ASN00092045,19271026,PRCP,28,,,a,
ASN00092045,19271027,PRCP,206,,,a,
ASN00092045,19271028,PRCP,0,,,a,
ASN00092045,19271029,PRCP,0,,,a,
ASN00092045,19271030,PRCP,8,,,a,
ASN00092045,19271031,PRCP,8,,,a,
ASN00092045,19271101,PRCP,5,,,a,
ASN00092045,19271102,PRCP,211,,,a,
ASN00092045,19271103,PRCP,56,,,a,
ASN00092045,19271104,PRCP,0,,,a,
ASN00092045,19271105,PRCP,0,,,a,
ASN00092045,19271106,PRCP,0,,,a,
ASN00092045,19271107,PRCP,0,,,a,
ASN00092045,19271108,PRCP,0,,,a,
ASN00092045,19271109,PRCP,0,,,a,
ASN00092045,19271110,PRCP,0,,,a,
ASN00092045,19271111,PRCP,10,,,a,
ASN00092045,19271112,PRCP,3,,,a,
ASN00092045,19271113,PRCP,23,,,a,
ASN00092045,19271114,PRCP,8,,,a,
ASN00092045,19271115,PRCP,0,,,a,
ASN00092045,19271116,PRCP,0,,,a,
ASN00092045,19271117,PRCP,3,,,a,
ASN00092045,19271118,PRCP,0,,,a,
ASN00092045,19271119,PRCP,0,,,a,
ASN00092045,19271120,PRCP,0,,,a,
ASN00092045,19271121,PRCP,0,,,a,
ASN00092045,19271122,PRCP,0,,,a,
ASN00092045,19271123,PRCP,8,,,a,
ASN00092045,19271124,PRCP,0,,,a,
ASN00092045,19271125,PRCP,0,,,a,
ASN00092045,19271126,PRCP,0,,,a,
ASN00092045,19271127,PRCP,0,,,a,
ASN00092045,19271128,PRCP,0,,,a,
ASN00092045,19271129,PRCP,0,,,a,
ASN00092045,19271130,PRCP,3,,,a,
ASN00092045,19271201,PRCP,0,,,a,
ASN00092045,19271202,PRCP,81,,,a,
ASN00092045,19271203,PRCP,97,,,a,
ASN00092045,19271204,PRCP,3,,,a,
ASN00092045,19271205,PRCP,53,,,a,
ASN00092045,19271206,PRCP,25,,,a,
ASN00092045,19271207,PRCP,0,,,a,
ASN00092045,19271208,PRCP,0,,,a,
ASN00092045,19271209,PRCP,0,,,a,
ASN00092045,19271210,PRCP,104,,,a,
ASN00092045,19271211,PRCP,0,,,a,
ASN00092045,19271212,PRCP,0,,,a,
ASN00092045,19271213,PRCP,0,,,a,
ASN00092045,19271214,PRCP,0,,,a,
ASN00092045,19271215,PRCP,3,,,a,
ASN00092045,19271216,PRCP,0,,,a,
ASN00092045,19271217,PRCP,0,,,a,
ASN00092045,19271218,PRCP,0,,,a,
ASN00092045,19271219,PRCP,69,,,a,
ASN00092045,19271220,PRCP,0,,,a,
ASN00092045,19271221,PRCP,0,,,a,
ASN00092045,19271222,PRCP,0,,,a,
ASN00092045,19271223,PRCP,0,,,a,
ASN00092045,19271224,PRCP,0,,,a,
ASN00092045,19271225,PRCP,0,,,a,
ASN00092045,19271226,PRCP,0,,,a,
ASN00092045,19271227,PRCP,3,,,a,
ASN00092045,19271228,PRCP,3,,,a,
ASN00092045,19271229,PRCP,36,,,a,
ASN00092045,19271230,PRCP,0,,,a,
ASN00092045,19271231,PRCP,0,,,a,
ASN00092045,19280101,PRCP,8,,,a,
ASN00092045,19280102,PRCP,0,,,a,
ASN00092045,19280103,PRCP,0,,,a,
ASN00092045,19280104,PRCP,0,,,a,
ASN00092045,19280105,PRCP,0,,,a,
ASN00092045,19280106,PRCP,0,,,a,
ASN00092045,19280107,PRCP,0,,,a,
ASN00092045,19280108,PRCP,0,,,a,
ASN00092045,19280109,PRCP,0,,,a,
ASN00092045,19280110,PRCP,0,,,a,
ASN00092045,19280111,PRCP,0,,,a,
ASN00092045,19280112,PRCP,0,,,a,
ASN00092045,19280113,PRCP,15,,,a,
ASN00092045,19280114,PRCP,0,,,a,
ASN00092045,19280115,PRCP,5,,,a,
ASN00092045,19280116,PRCP,0,,,a,
ASN00092045,19280117,PRCP,0,,,a,
ASN00092045,19280118,PRCP,0,,,a,
ASN00092045,19280119,PRCP,0,,,a,
ASN00092045,19280120,PRCP,0,,,a,
ASN00092045,19280121,PRCP,46,,,a,
ASN00092045,19280122,PRCP,66,,,a,
ASN00092045,19280123,PRCP,0,,,a,
ASN00092045,19280124,PRCP,69,,,a,
ASN00092045,19280125,PRCP,25,,,a,
ASN00092045,19280126,PRCP,0,,,a,
ASN00092045,19280127,PRCP,3,,,a,
ASN00092045,19280128,PRCP,0,,,a,
ASN00092045,19280129,PRCP,15,,,a,
ASN00092045,19280130,PRCP,0,,,a,
ASN00092045,19280131,PRCP,0,,,a,
ASN00092045,19280201,PRCP,0,,,a,
ASN00092045,19280202,PRCP,0,,,a,
ASN00092045,19280203,PRCP,10,,,a,
ASN00092045,19280204,PRCP,5,,,a,
ASN00092045,19280205,PRCP,13,,,a,
ASN00092045,19280206,PRCP,3,,,a,
ASN00092045,19280207,PRCP,0,,,a,
ASN00092045,19280208,PRCP,0,,,a,
ASN00092045,19280209,PRCP,0,,,a,
ASN00092045,19280210,PRCP,15,,,a,
ASN00092045,19280211,PRCP,0,,,a,
ASN00092045,19280212,PRCP,0,,,a,
ASN00092045,19280213,PRCP,64,,,a,
ASN00092045,19280214,PRCP,0,,,a,
ASN00092045,19280215,PRCP,30,,,a,
ASN00092045,19280216,PRCP,10,,,a,
ASN00092045,19280217,PRCP,0,,,a,
ASN00092045,19280218,PRCP,196,,,a,
ASN00092045,19280219,PRCP,259,,,a,
ASN00092045,19280220,PRCP,0,,,a,
ASN00092045,19280221,PRCP,0,,,a,
ASN00092045,19280222,PRCP,0,,,a,
ASN00092045,19280223,PRCP,0,,,a,
ASN00092045,19280224,PRCP,0,,,a,
ASN00092045,19280225,PRCP,0,,,a,
ASN00092045,19280226,PRCP,28,,,a,
ASN00092045,19280227,PRCP,0,,,a,
ASN00092045,19280228,PRCP,0,,,a,
ASN00092045,19280229,PRCP,0,,,a,
ASN00092045,19280301,PRCP,0,,,a,
ASN00092045,19280302,PRCP,0,,,a,
ASN00092045,19280303,PRCP,0,,,a,
ASN00092045,19280304,PRCP,10,,,a,
ASN00092045,19280305,PRCP,0,,,a,
ASN00092045,19280306,PRCP,0,,,a,
ASN00092045,19280307,PRCP,0,,,a,
ASN00092045,19280308,PRCP,3,,,a,
ASN00092045,19280309,PRCP,5,,,a,
ASN00092045,19280310,PRCP,3,,,a,
ASN00092045,19280311,PRCP,5,,,a,
ASN00092045,19280312,PRCP,0,,,a,
ASN00092045,19280313,PRCP,0,,,a,
ASN00092045,19280314,PRCP,23,,,a,
ASN00092045,19280315,PRCP,15,,,a,
ASN00092045,19280316,PRCP,51,,,a,
ASN00092045,19280317,PRCP,135,,,a,
ASN00092045,19280318,PRCP,81,,,a,
ASN00092045,19280319,PRCP,3,,,a,
ASN00092045,19280320,PRCP,0,,,a,
ASN00092045,19280321,PRCP,56,,,a,
ASN00092045,19280322,PRCP,3,,,a,
ASN00092045,19280323,PRCP,13,,,a,
ASN00092045,19280324,PRCP,0,,,a,
ASN00092045,19280325,PRCP,0,,,a,
ASN00092045,19280326,PRCP,0,,,a,
ASN00092045,19280327,PRCP,0,,,a,
ASN00092045,19280328,PRCP,8,,,a,
ASN00092045,19280329,PRCP,56,,,a,
ASN00092045,19280330,PRCP,0,,,a,
ASN00092045,19280331,PRCP,3,,,a,
ASN00092045,19280401,PRCP,3,,,a,
ASN00092045,19280402,PRCP,3,,,a,
ASN00092045,19280403,PRCP,5,,,a,
ASN00092045,19280404,PRCP,53,,,a,
ASN00092045,19280405,PRCP,10,,,a,
ASN00092045,19280406,PRCP,0,,,a,
ASN00092045,19280407,PRCP,0,,,a,
ASN00092045,19280408,PRCP,0,,,a,
ASN00092045,19280409,PRCP,3,,,a,
ASN00092045,19280410,PRCP,0,,,a,
ASN00092045,19280411,PRCP,8,,,a,
ASN00092045,19280412,PRCP,3,,,a,
ASN00092045,19280413,PRCP,112,,,a,
ASN00092045,19280414,PRCP,0,,,a,
ASN00092045,19280415,PRCP,0,,,a,
ASN00092045,19280416,PRCP,0,,,a,
ASN00092045,19280417,PRCP,0,,,a,
ASN00092045,19280418,PRCP,0,,,a,
ASN00092045,19280419,PRCP,0,,,a,
ASN00092045,19280420,PRCP,3,,,a,
ASN00092045,19280421,PRCP,0,,,a,
ASN00092045,19280422,PRCP,3,,,a,
ASN00092045,19280423,PRCP,0,,,a,
ASN00092045,19280424,PRCP,3,,,a,
ASN00092045,19280425,PRCP,91,,,a,
ASN00092045,19280426,PRCP,91,,,a,
ASN00092045,19280427,PRCP,15,,,a,
ASN00092045,19280428,PRCP,234,,,a,
ASN00092045,19280429,PRCP,64,,,a,
ASN00092045,19280430,PRCP,114,,,a,
ASN00092045,19280501,PRCP,94,,,a,
ASN00092045,19280502,PRCP,0,,,a,
ASN00092045,19280503,PRCP,0,,,a,
ASN00092045,19280504,PRCP,0,,,a,
ASN00092045,19280505,PRCP,10,,,a,
ASN00092045,19280506,PRCP,0,,,a,
ASN00092045,19280507,PRCP,0,,,a,
ASN00092045,19280508,PRCP,0,,,a,
ASN00092045,19280509,PRCP,0,,,a,
ASN00092045,19280510,PRCP,0,,,a,
ASN00092045,19280511,PRCP,94,,,a,
ASN00092045,19280512,PRCP,48,,,a,
ASN00092045,19280513,PRCP,5,,,a,
ASN00092045,19280514,PRCP,10,,,a,
ASN00092045,19280515,PRCP,0,,,a,
ASN00092045,19280516,PRCP,25,,,a,
ASN00092045,19280517,PRCP,0,,,a,
ASN00092045,19280518,PRCP,0,,,a,
ASN00092045,19280519,PRCP,0,,,a,
ASN00092045,19280520,PRCP,0,,,a,
ASN00092045,19280521,PRCP,0,,,a,
ASN00092045,19280522,PRCP,0,,,a,
ASN00092045,19280523,PRCP,20,,,a,
ASN00092045,19280524,PRCP,0,,,a,
ASN00092045,19280525,PRCP,0,,,a,
ASN00092045,19280526,PRCP,0,,,a,
ASN00092045,19280527,PRCP,0,,,a,
ASN00092045,19280528,PRCP,0,,,a,
ASN00092045,19280529,PRCP,0,,,a,
ASN00092045,19280530,PRCP,0,,,a,
ASN00092045,19280531,PRCP,0,,,a,
ASN00092045,19280601,PRCP,0,,,a,
ASN00092045,19280602,PRCP,53,,,a,
ASN00092045,19280603,PRCP,69,,,a,
ASN00092045,19280604,PRCP,38,,,a,
ASN00092045,19280605,PRCP,18,,,a,
ASN00092045,19280606,PRCP,229,,,a,
ASN00092045,19280607,PRCP,152,,,a,
ASN00092045,19280608,PRCP,0,,,a,
ASN00092045,19280609,PRCP,0,,,a,
ASN00092045,19280610,PRCP,5,,,a,
ASN00092045,19280611,PRCP,28,,,a,
ASN00092045,19280612,PRCP,117,,,a,
ASN00092045,19280613,PRCP,0,,,a,
ASN00092045,19280614,PRCP,3,,,a,
ASN00092045,19280615,PRCP,0,,,a,
ASN00092045,19280616,PRCP,0,,,a,
ASN00092045,19280617,PRCP,0,,,a,
ASN00092045,19280618,PRCP,0,,,a,
ASN00092045,19280619,PRCP,3,,,a,
ASN00092045,19280620,PRCP,0,,,a,
ASN00092045,19280621,PRCP,0,,,a,
ASN00092045,19280622,PRCP,3,,,a,
ASN00092045,19280623,PRCP,20,,,a,
ASN00092045,19280624,PRCP,3,,,a,
ASN00092045,19280625,PRCP,0,,,a,
ASN00092045,19280626,PRCP,0,,,a,
ASN00092045,19280627,PRCP,5,,,a,
ASN00092045,19280628,PRCP,0,,,a,
ASN00092045,19280629,PRCP,0,,,a,
ASN00092045,19280630,PRCP,0,,,a,
ASN00092045,19280701,PRCP,0,,,a,
ASN00092045,19280702,PRCP,0,,,a,
ASN00092045,19280703,PRCP,0,,,a,
ASN00092045,19280704,PRCP,30,,,a,
ASN00092045,19280705,PRCP,3,,,a,
ASN00092045,19280706,PRCP,8,,,a,
ASN00092045,19280707,PRCP,0,,,a,
ASN00092045,19280708,PRCP,0,,,a,
ASN00092045,19280709,PRCP,20,,,a,
ASN00092045,19280710,PRCP,0,,,a,
ASN00092045,19280711,PRCP,0,,,a,
ASN00092045,19280712,PRCP,53,,,a,
ASN00092045,19280713,PRCP,0,,,a,
ASN00092045,19280714,PRCP,0,,,a,
ASN00092045,19280715,PRCP,18,,,a,
ASN00092045,19280716,PRCP,119,,,a,
ASN00092045,19280717,PRCP,20,,,a,
ASN00092045,19280718,PRCP,36,,,a,
ASN00092045,19280719,PRCP,0,,,a,
ASN00092045,19280720,PRCP,112,,,a,
ASN00092045,19280721,PRCP,97,,,a,
ASN00092045,19280722,PRCP,0,,,a,
ASN00092045,19280723,PRCP,0,,,a,
ASN00092045,19280724,PRCP,0,,,a,
ASN00092045,19280725,PRCP,0,,,a,
ASN00092045,19280726,PRCP,8,,,a,
ASN00092045,19280727,PRCP,20,,,a,
ASN00092045,19280728,PRCP,3,,,a,
ASN00092045,19280729,PRCP,0,,,a,
ASN00092045,19280730,PRCP,0,,,a,
ASN00092045,19280731,PRCP,5,,,a,
ASN00092045,19280801,PRCP,0,,,a,
ASN00092045,19280802,PRCP,0,,,a,
ASN00092045,19280803,PRCP,0,,,a,
ASN00092045,19280804,PRCP,5,,,a,
ASN00092045,19280805,PRCP,0,,,a,
ASN00092045,19280806,PRCP,3,,,a,
ASN00092045,19280807,PRCP,3,,,a,
ASN00092045,19280808,PRCP,3,,,a,
ASN00092045,19280809,PRCP,3,,,a,
ASN00092045,19280810,PRCP,13,,,a,
ASN00092045,19280811,PRCP,3,,,a,
ASN00092045,19280812,PRCP,0,,,a,
ASN00092045,19280813,PRCP,3,,,a,
ASN00092045,19280814,PRCP,8,,,a,
ASN00092045,19280815,PRCP,36,,,a,
ASN00092045,19280816,PRCP,3,,,a,
ASN00092045,19280817,PRCP,8,,,a,
ASN00092045,19280818,PRCP,0,,,a,
ASN00092045,19280819,PRCP,10,,,a,
ASN00092045,19280820,PRCP,0,,,a,
ASN00092045,19280821,PRCP,3,,,a,
ASN00092045,19280822,PRCP,10,,,a,
ASN00092045,19280823,PRCP,43,,,a,
ASN00092045,19280824,PRCP,8,,,a,
ASN00092045,19280825,PRCP,30,,,a,
ASN00092045,19280826,PRCP,130,,,a,
ASN00092045,19280827,PRCP,0,,,a,
ASN00092045,19280828,PRCP,0,,,a,
ASN00092045,19280829,PRCP,0,,,a,
ASN00092045,19280830,PRCP,38,,,a,
ASN00092045,19280831,PRCP,0,,,a,
ASN00092045,19280901,PRCP,36,,,a,
ASN00092045,19280902,PRCP,38,,,a,
ASN00092045,19280903,PRCP,0,,,a,
ASN00092045,19280904,PRCP,0,,,a,
ASN00092045,19280905,PRCP,8,,,a,
ASN00092045,19280906,PRCP,10,,,a,
ASN00092045,19280907,PRCP,0,,,a,
ASN00092045,19280908,PRCP,0,,,a,
ASN00092045,19280909,PRCP,0,,,a,
ASN00092045,19280910,PRCP,43,,,a,
ASN00092045,19280911,PRCP,8,,,a,
ASN00092045,19280912,PRCP,13,,,a,
ASN00092045,19280913,PRCP,61,,,a,
ASN00092045,19280914,PRCP,25,,,a,
ASN00092045,19280915,PRCP,3,,,a,
ASN00092045,19280916,PRCP,28,,,a,
ASN00092045,19280917,PRCP,0,,,a,
ASN00092045,19280918,PRCP,140,,,a,
ASN00092045,19280919,PRCP,74,,,a,
ASN00092045,19280920,PRCP,10,,,a,
ASN00092045,19280921,PRCP,18,,,a,
ASN00092045,19280922,PRCP,8,,,a,
ASN00092045,19280923,PRCP,140,,,a,
ASN00092045,19280924,PRCP,64,,,a,
ASN00092045,19280925,PRCP,0,,,a,
ASN00092045,19280926,PRCP,10,,,a,
ASN00092045,19280927,PRCP,0,,,a,
ASN00092045,19280928,PRCP,0,,,a,
ASN00092045,19280929,PRCP,3,,,a,
ASN00092045,19280930,PRCP,28,,,a,
ASN00092045,19281001,PRCP,20,,,a,
ASN00092045,19281002,PRCP,25,,,a,
ASN00092045,19281003,PRCP,488,,,a,
ASN00092045,19281004,PRCP,30,,,a,
ASN00092045,19281005,PRCP,147,,,a,
ASN00092045,19281006,PRCP,117,,,a,
ASN00092045,19281007,PRCP,84,,,a,
ASN00092045,19281008,PRCP,89,,,a,
ASN00092045,19281009,PRCP,66,,,a,
ASN00092045,19281010,PRCP,18,,,a,
ASN00092045,19281011,PRCP,5,,,a,
ASN00092045,19281012,PRCP,8,,,a,
ASN00092045,19281013,PRCP,28,,,a,
ASN00092045,19281014,PRCP,10,,,a,
ASN00092045,19281015,PRCP,114,,,a,
ASN00092045,19281016,PRCP,38,,,a,
ASN00092045,19281017,PRCP,0,,,a,
ASN00092045,19281018,PRCP,0,,,a,
ASN00092045,19281019,PRCP,5,,,a,
ASN00092045,19281020,PRCP,30,,,a,
ASN00092045,19281021,PRCP,0,,,a,
ASN00092045,19281022,PRCP,25,,,a,
ASN00092045,19281023,PRCP,0,,,a,
ASN00092045,19281024,PRCP,0,,,a,
ASN00092045,19281025,PRCP,0,,,a,
ASN00092045,19281026,PRCP,0,,,a,
ASN00092045,19281027,PRCP,74,,,a,
ASN00092045,19281028,PRCP,5,,,a,
ASN00092045,19281029,PRCP,10,,,a,
ASN00092045,19281030,PRCP,0,,,a,
ASN00092045,19281031,PRCP,0,,,a,
ASN00092045,19281101,PRCP,5,,,a,
ASN00092045,19281102,PRCP,23,,,a,
ASN00092045,19281103,PRCP,5,,,a,
ASN00092045,19281104,PRCP,64,,,a,
ASN00092045,19281105,PRCP,10,,,a,
ASN00092045,19281106,PRCP,13,,,a,
ASN00092045,19281107,PRCP,48,,,a,
ASN00092045,19281108,PRCP,25,,,a,
ASN00092045,19281109,PRCP,69,,,a,
ASN00092045,19281110,PRCP,0,,,a,
ASN00092045,19281111,PRCP,3,,,a,
ASN00092045,19281112,PRCP,0,,,a,
ASN00092045,19281113,PRCP,0,,,a,
ASN00092045,19281114,PRCP,0,,,a,
ASN00092045,19281115,PRCP,0,,,a,
ASN00092045,19281116,PRCP,0,,,a,
ASN00092045,19281117,PRCP,0,,,a,
ASN00092045,19281118,PRCP,0,,,a,
ASN00092045,19281119,PRCP,30,,,a,
ASN00092045,19281120,PRCP,147,,,a,
ASN00092045,19281121,PRCP,3,,,a,
ASN00092045,19281122,PRCP,0,,,a,
ASN00092045,19281123,PRCP,112,,,a,
ASN00092045,19281124,PRCP,8,,,a,
ASN00092045,19281125,PRCP,0,,,a,
ASN00092045,19281126,PRCP,0,,,a,
ASN00092045,19281127,PRCP,3,,,a,
ASN00092045,19281128,PRCP,0,,,a,
ASN00092045,19281129,PRCP,0,,,a,
ASN00092045,19281130,PRCP,0,,,a,
ASN00092045,19281201,PRCP,0,,,a,
ASN00092045,19281202,PRCP,0,,,a,
ASN00092045,19281203,PRCP,0,,,a,
ASN00092045,19281204,PRCP,0,,,a,
ASN00092045,19281205,PRCP,0,,,a,
ASN00092045,19281206,PRCP,10,,,a,
ASN00092045,19281207,PRCP,38,,,a,
ASN00092045,19281208,PRCP,0,,,a,
ASN00092045,19281209,PRCP,0,,,a,
ASN00092045,19281210,PRCP,0,,,a,
ASN00092045,19281211,PRCP,0,,,a,
ASN00092045,19281212,PRCP,0,,,a,
ASN00092045,19281213,PRCP,0,,,a,
ASN00092045,19281214,PRCP,0,,,a,
ASN00092045,19281215,PRCP,8,,,a,
ASN00092045,19281216,PRCP,23,,,a,
ASN00092045,19281217,PRCP,10,,,a,
ASN00092045,19281218,PRCP,8,,,a,
ASN00092045,19281219,PRCP,0,,,a,
ASN00092045,19281220,PRCP,0,,,a,
ASN00092045,19281221,PRCP,0,,,a,
ASN00092045,19281222,PRCP,0,,,a,
ASN00092045,19281223,PRCP,246,,,a,
ASN00092045,19281224,PRCP,5,,,a,
ASN00092045,19281225,PRCP,5,,,a,
ASN00092045,19281226,PRCP,0,,,a,
ASN00092045,19281227,PRCP,0,,,a,
ASN00092045,19281228,PRCP,0,,,a,
ASN00092045,19281229,PRCP,0,,,a,
ASN00092045,19281230,PRCP,0,,,a,
ASN00092045,19281231,PRCP,0,,,a,
ASN00092045,19290101,PRCP,0,,,a,
ASN00092045,19290102,PRCP,3,,,a,
ASN00092045,19290103,PRCP,0,,,a,
ASN00092045,19290104,PRCP,3,,,a,
ASN00092045,19290105,PRCP,0,,,a,
ASN00092045,19290106,PRCP,0,,,a,
ASN00092045,19290107,PRCP,0,,,a,
ASN00092045,19290108,PRCP,0,,,a,
ASN00092045,19290109,PRCP,0,,,a,
ASN00092045,19290110,PRCP,30,,,a,
ASN00092045,19290111,PRCP,0,,,a,
ASN00092045,19290112,PRCP,0,,,a,
ASN00092045,19290113,PRCP,0,,,a,
ASN00092045,19290114,PRCP,0,,,a,
ASN00092045,19290115,PRCP,5,,,a,
ASN00092045,19290116,PRCP,3,,,a,
ASN00092045,19290117,PRCP,0,,,a,
ASN00092045,19290118,PRCP,0,,,a,
ASN00092045,19290119,PRCP,0,,,a,
ASN00092045,19290120,PRCP,0,,,a,
ASN00092045,19290121,PRCP,0,,,a,
ASN00092045,19290122,PRCP,0,,,a,
ASN00092045,19290123,PRCP,0,,,a,
ASN00092045,19290124,PRCP,0,,,a,
ASN00092045,19290125,PRCP,0,,,a,
ASN00092045,19290126,PRCP,38,,,a,
ASN00092045,19290127,PRCP,13,,,a,
ASN00092045,19290128,PRCP,10,,,a,
ASN00092045,19290129,PRCP,0,,,a,
ASN00092045,19290130,PRCP,13,,,a,
ASN00092045,19290131,PRCP,58,,,a,
ASN00092045,19290201,PRCP,94,,,a,
ASN00092045,19290202,PRCP,0,,,a,
ASN00092045,19290203,PRCP,0,,,a,
ASN00092045,19290204,PRCP,13,,,a,
ASN00092045,19290205,PRCP,0,,,a,
ASN00092045,19290206,PRCP,0,,,a,
ASN00092045,19290207,PRCP,0,,,a,
ASN00092045,19290208,PRCP,0,,,a,
ASN00092045,19290209,PRCP,0,,,a,
ASN00092045,19290210,PRCP,0,,,a,
ASN00092045,19290211,PRCP,0,,,a,
ASN00092045,19290212,PRCP,0,,,a,
ASN00092045,19290213,PRCP,0,,,a,
ASN00092045,19290214,PRCP,0,,,a,
ASN00092045,19290215,PRCP,160,,,a,
ASN00092045,19290216,PRCP,102,,,a,
ASN00092045,19290217,PRCP,13,,,a,
ASN00092045,19290218,PRCP,30,,,a,
ASN00092045,19290219,PRCP,41,,,a,
ASN00092045,19290220,PRCP,0,,,a,
ASN00092045,19290221,PRCP,0,,,a,
ASN00092045,19290222,PRCP,5,,,a,
ASN00092045,19290223,PRCP,64,,,a,
ASN00092045,19290224,PRCP,0,,,a,
ASN00092045,19290225,PRCP,3,,,a,
ASN00092045,19290226,PRCP,0,,,a,
ASN00092045,19290227,PRCP,0,,,a,
ASN00092045,19290228,PRCP,0,,,a,
ASN00092045,19290301,PRCP,20,,,a,
ASN00092045,19290302,PRCP,0,,,a,
ASN00092045,19290303,PRCP,0,,,a,
ASN00092045,19290304,PRCP,112,,,a,
ASN00092045,19290305,PRCP,71,,,a,
ASN00092045,19290306,PRCP,8,,,a,
ASN00092045,19290307,PRCP,0,,,a,
ASN00092045,19290308,PRCP,5,,,a,
ASN00092045,19290309,PRCP,0,,,a,
ASN00092045,19290310,PRCP,0,,,a,
ASN00092045,19290311,PRCP,5,,,a,
ASN00092045,19290312,PRCP,0,,,a,
ASN00092045,19290313,PRCP,5,,,a,
ASN00092045,19290314,PRCP,76,,,a,
ASN00092045,19290315,PRCP,0,,,a,
ASN00092045,19290316,PRCP,0,,,a,
ASN00092045,19290317,PRCP,0,,,a,
ASN00092045,19290318,PRCP,0,,,a,
ASN00092045,19290319,PRCP,5,,,a,
ASN00092045,19290320,PRCP,0,,,a,
ASN00092045,19290321,PRCP,0,,,a,
ASN00092045,19290322,PRCP,0,,,a,
ASN00092045,19290323,PRCP,0,,,a,
ASN00092045,19290324,PRCP,8,,,a,
ASN00092045,19290325,PRCP,5,,,a,
ASN00092045,19290326,PRCP,76,,,a,
ASN00092045,19290327,PRCP,5,,,a,
ASN00092045,19290328,PRCP,5,,,a,
ASN00092045,19290329,PRCP,0,,,a,
ASN00092045,19290330,PRCP,0,,,a,
ASN00092045,19290331,PRCP,0,,,a,
ASN00092045,19290401,PRCP,13,,,a,
ASN00092045,19290402,PRCP,30,,,a,
ASN00092045,19290403,PRCP,20,,,a,
ASN00092045,19290404,PRCP,554,,,a,
ASN00092045,19290405,PRCP,681,,,a,
ASN00092045,19290406,PRCP,28,,,a,
ASN00092045,19290407,PRCP,71,,,a,
ASN00092045,19290408,PRCP,0,,,a,
ASN00092045,19290409,PRCP,15,,,a,
ASN00092045,19290410,PRCP,3,,,a,
ASN00092045,19290411,PRCP,58,,,a,
ASN00092045,19290412,PRCP,155,,,a,
ASN00092045,19290413,PRCP,8,,,a,
ASN00092045,19290414,PRCP,3,,,a,
ASN00092045,19290415,PRCP,0,,,a,
ASN00092045,19290416,PRCP,0,,,a,
ASN00092045,19290417,PRCP,0,,,a,
ASN00092045,19290418,PRCP,0,,,a,
ASN00092045,19290419,PRCP,0,,,a,
ASN00092045,19290420,PRCP,0,,,a,
ASN00092045,19290421,PRCP,0,,,a,
ASN00092045,19290422,PRCP,0,,,a,
ASN00092045,19290423,PRCP,38,,,a,
ASN00092045,19290424,PRCP,8,,,a,
ASN00092045,19290425,PRCP,79,,,a,
ASN00092045,19290426,PRCP,20,,,a,
ASN00092045,19290427,PRCP,0,,,a,
ASN00092045,19290428,PRCP,0,,,a,
ASN00092045,19290429,PRCP,0,,,a,
ASN00092045,19290430,PRCP,8,,,a,
ASN00092045,19290501,PRCP,15,,,a,
ASN00092045,19290502,PRCP,0,,,a,
ASN00092045,19290503,PRCP,0,,,a,
ASN00092045,19290504,PRCP,0,,,a,
ASN00092045,19290505,PRCP,0,,,a,
ASN00092045,19290506,PRCP,30,,,a,
ASN00092045,19290507,PRCP,10,,,a,
ASN00092045,19290508,PRCP,84,,,a,
ASN00092045,19290509,PRCP,0,,,a,
ASN00092045,19290510,PRCP,0,,,a,
ASN00092045,19290511,PRCP,15,,,a,
ASN00092045,19290512,PRCP,0,,,a,
ASN00092045,19290513,PRCP,0,,,a,
ASN00092045,19290514,PRCP,0,,,a,
ASN00092045,19290515,PRCP,0,,,a,
ASN00092045,19290516,PRCP,13,,,a,
ASN00092045,19290517,PRCP,3,,,a,
ASN00092045,19290518,PRCP,3,,,a,
ASN00092045,19290519,PRCP,0,,,a,
ASN00092045,19290520,PRCP,0,,,a,
ASN00092045,19290521,PRCP,0,,,a,
ASN00092045,19290522,PRCP,119,,,a,
ASN00092045,19290523,PRCP,46,,,a,
ASN00092045,19290524,PRCP,0,,,a,
ASN00092045,19290525,PRCP,58,,,a,
ASN00092045,19290526,PRCP,38,,,a,
ASN00092045,19290527,PRCP,13,,,a,
ASN00092045,19290528,PRCP,5,,,a,
ASN00092045,19290529,PRCP,8,,,a,
ASN00092045,19290530,PRCP,13,,,a,
ASN00092045,19290531,PRCP,56,,,a,
ASN00092045,19290601,PRCP,0,,,a,
ASN00092045,19290602,PRCP,0,,,a,
ASN00092045,19290603,PRCP,0,,,a,
ASN00092045,19290604,PRCP,132,,,a,
ASN00092045,19290605,PRCP,10,,,a,
ASN00092045,19290606,PRCP,38,,,a,
ASN00092045,19290607,PRCP,109,,,a,
ASN00092045,19290608,PRCP,0,,,a,
ASN00092045,19290609,PRCP,130,,,a,
ASN00092045,19290610,PRCP,0,,,a,
ASN00092045,19290611,PRCP,0,,,a,
ASN00092045,19290612,PRCP,0,,,a,
ASN00092045,19290613,PRCP,5,,,a,
ASN00092045,19290614,PRCP,0,,,a,
ASN00092045,19290615,PRCP,0,,,a,
ASN00092045,19290616,PRCP,0,,,a,
ASN00092045,19290617,PRCP,0,,,a,
ASN00092045,19290618,PRCP,0,,,a,
ASN00092045,19290619,PRCP,10,,,a,
ASN00092045,19290620,PRCP,5,,,a,
ASN00092045,19290621,PRCP,97,,,a,
ASN00092045,19290622,PRCP,107,,,a,
ASN00092045,19290623,PRCP,71,,,a,
ASN00092045,19290624,PRCP,20,,,a,
ASN00092045,19290625,PRCP,3,,,a,
ASN00092045,19290626,PRCP,117,,,a,
ASN00092045,19290627,PRCP,0,,,a,
ASN00092045,19290628,PRCP,0,,,a,
ASN00092045,19290629,PRCP,0,,,a,
ASN00092045,19290630,PRCP,0,,,a,
ASN00092045,19290701,PRCP,5,,,a,
ASN00092045,19290702,PRCP,13,,,a,
ASN00092045,19290703,PRCP,23,,,a,
ASN00092045,19290704,PRCP,5,,,a,
ASN00092045,19290705,PRCP,135,,,a,
ASN00092045,19290706,PRCP,0,,,a,
ASN00092045,19290707,PRCP,0,,,a,
ASN00092045,19290708,PRCP,13,,,a,
ASN00092045,19290709,PRCP,0,,,a,
ASN00092045,19290710,PRCP,13,,,a,
ASN00092045,19290711,PRCP,43,,,a,
ASN00092045,19290712,PRCP,13,,,a,
ASN00092045,19290713,PRCP,0,,,a,
ASN00092045,19290714,PRCP,0,,,a,
ASN00092045,19290715,PRCP,0,,,a,
ASN00092045,19290716,PRCP,0,,,a,
ASN00092045,19290717,PRCP,0,,,a,
ASN00092045,19290718,PRCP,25,,,a,
ASN00092045,19290719,PRCP,0,,,a,
ASN00092045,19290720,PRCP,0,,,a,
ASN00092045,19290721,PRCP,5,,,a,
ASN00092045,19290722,PRCP,51,,,a,
ASN00092045,19290723,PRCP,0,,,a,
ASN00092045,19290724,PRCP,0,,,a,
ASN00092045,19290725,PRCP,0,,,a,
ASN00092045,19290726,PRCP,10,,,a,
ASN00092045,19290727,PRCP,10,,,a,
ASN00092045,19290728,PRCP,64,,,a,
ASN00092045,19290729,PRCP,0,,,a,
ASN00092045,19290730,PRCP,0,,,a,
ASN00092045,19290731,PRCP,0,,,a,
ASN00092045,19290801,PRCP,0,,,a,
ASN00092045,19290802,PRCP,3,,,a,
ASN00092045,19290803,PRCP,0,,,a,
ASN00092045,19290804,PRCP,20,,,a,
ASN00092045,19290805,PRCP,0,,,a,
ASN00092045,19290806,PRCP,56,,,a,
ASN00092045,19290807,PRCP,0,,,a,
ASN00092045,19290808,PRCP,0,,,a,
ASN00092045,19290809,PRCP,20,,,a,
ASN00092045,19290810,PRCP,5,,,a,
ASN00092045,19290811,PRCP,0,,,a,
ASN00092045,19290812,PRCP,15,,,a,
ASN00092045,19290813,PRCP,30,,,a,
ASN00092045,19290814,PRCP,38,,,a,
ASN00092045,19290815,PRCP,25,,,a,
ASN00092045,19290816,PRCP,165,,,a,
ASN00092045,19290817,PRCP,3,,,a,
ASN00092045,19290818,PRCP,0,,,a,
ASN00092045,19290819,PRCP,0,,,a,
ASN00092045,19290820,PRCP,8,,,a,
ASN00092045,19290821,PRCP,10,,,a,
ASN00092045,19290822,PRCP,0,,,a,
ASN00092045,19290823,PRCP,0,,,a,
ASN00092045,19290824,PRCP,38,,,a,
ASN00092045,19290825,PRCP,0,,,a,
ASN00092045,19290826,PRCP,5,,,a,
ASN00092045,19290827,PRCP,0,,,a,
ASN00092045,19290828,PRCP,0,,,a,
ASN00092045,19290829,PRCP,86,,,a,
ASN00092045,19290830,PRCP,0,,,a,
ASN00092045,19290831,PRCP,25,,,a,
ASN00092045,19290901,PRCP,46,,,a,
ASN00092045,19290902,PRCP,0,,,a,
ASN00092045,19290903,PRCP,0,,,a,
ASN00092045,19290904,PRCP,0,,,a,
ASN00092045,19290905,PRCP,0,,,a,
ASN00092045,19290906,PRCP,0,,,a,
ASN00092045,19290907,PRCP,28,,,a,
ASN00092045,19290908,PRCP,0,,,a,
ASN00092045,19290909,PRCP,56,,,a,
ASN00092045,19290910,PRCP,15,,,a,
ASN00092045,19290911,PRCP,5,,,a,
ASN00092045,19290912,PRCP,0,,,a,
ASN00092045,19290913,PRCP,0,,,a,
ASN00092045,19290914,PRCP,0,,,a,
ASN00092045,19290915,PRCP,0,,,a,
ASN00092045,19290916,PRCP,0,,,a,
ASN00092045,19290917,PRCP,10,,,a,
ASN00092045,19290918,PRCP,5,,,a,
ASN00092045,19290919,PRCP,0,,,a,
ASN00092045,19290920,PRCP,41,,,a,
ASN00092045,19290921,PRCP,30,,,a,
ASN00092045,19290922,PRCP,5,,,a,
ASN00092045,19290923,PRCP,0,,,a,
ASN00092045,19290924,PRCP,8,,,a,
ASN00092045,19290925,PRCP,18,,,a,
ASN00092045,19290926,PRCP,0,,,a,
ASN00092045,19290927,PRCP,0,,,a,
ASN00092045,19290928,PRCP,61,,,a,
ASN00092045,19290929,PRCP,3,,,a,
ASN00092045,19290930,PRCP,0,,,a,
ASN00092045,19291001,PRCP,0,,,a,
ASN00092045,19291002,PRCP,0,,,a,
ASN00092045,19291003,PRCP,0,,,a,
ASN00092045,19291004,PRCP,0,,,a,
ASN00092045,19291005,PRCP,0,,,a,
ASN00092045,19291006,PRCP,0,,,a,
ASN00092045,19291007,PRCP,41,,,a,
ASN00092045,19291008,PRCP,229,,,a,
ASN00092045,19291009,PRCP,0,,,a,
ASN00092045,19291010,PRCP,0,,,a,
ASN00092045,19291011,PRCP,0,,,a,
ASN00092045,19291012,PRCP,0,,,a,
ASN00092045,19291013,PRCP,0,,,a,
ASN00092045,19291014,PRCP,15,,,a,
ASN00092045,19291015,PRCP,3,,,a,
ASN00092045,19291016,PRCP,53,,,a,
ASN00092045,19291017,PRCP,0,,,a,
ASN00092045,19291018,PRCP,5,,,a,
ASN00092045,19291019,PRCP,0,,,a,
ASN00092045,19291020,PRCP,13,,,a,
ASN00092045,19291021,PRCP,8,,,a,
ASN00092045,19291022,PRCP,15,,,a,
ASN00092045,19291023,PRCP,0,,,a,
ASN00092045,19291024,PRCP,0,,,a,
ASN00092045,19291025,PRCP,13,,,a,
ASN00092045,19291026,PRCP,94,,,a,
ASN00092045,19291027,PRCP,20,,,a,
ASN00092045,19291028,PRCP,0,,,a,
ASN00092045,19291029,PRCP,208,,,a,
ASN00092045,19291030,PRCP,15,,,a,
ASN00092045,19291031,PRCP,5,,,a,
ASN00092045,19291101,PRCP,0,,,a,
ASN00092045,19291102,PRCP,0,,,a,
ASN00092045,19291103,PRCP,66,,,a,
ASN00092045,19291104,PRCP,5,,,a,
ASN00092045,19291105,PRCP,0,,,a,
ASN00092045,19291106,PRCP,5,,,a,
ASN00092045,19291107,PRCP,0,,,a,
ASN00092045,19291108,PRCP,0,,,a,
ASN00092045,19291109,PRCP,0,,,a,
ASN00092045,19291110,PRCP,157,,,a,
ASN00092045,19291111,PRCP,188,,,a,
ASN00092045,19291112,PRCP,61,,,a,
ASN00092045,19291113,PRCP,8,,,a,
ASN00092045,19291114,PRCP,0,,,a,
ASN00092045,19291115,PRCP,0,,,a,
ASN00092045,19291116,PRCP,0,,,a,
ASN00092045,19291117,PRCP,20,,,a,
ASN00092045,19291118,PRCP,5,,,a,
ASN00092045,19291119,PRCP,0,,,a,
ASN00092045,19291120,PRCP,56,,,a,
ASN00092045,19291121,PRCP,20,,,a,
ASN00092045,19291122,PRCP,30,,,a,
ASN00092045,19291123,PRCP,36,,,a,
ASN00092045,19291124,PRCP,5,,,a,
ASN00092045,19291125,PRCP,3,,,a,
ASN00092045,19291126,PRCP,3,,,a,
ASN00092045,19291127,PRCP,0,,,a,
ASN00092045,19291128,PRCP,0,,,a,
ASN00092045,19291129,PRCP,48,,,a,
ASN00092045,19291130,PRCP,66,,,a,
ASN00092045,19291201,PRCP,48,,,a,
ASN00092045,19291202,PRCP,5,,,a,
ASN00092045,19291203,PRCP,201,,,a,
ASN00092045,19291204,PRCP,23,,,a,
ASN00092045,19291205,PRCP,0,,,a,
ASN00092045,19291206,PRCP,0,,,a,
ASN00092045,19291207,PRCP,0,,,a,
ASN00092045,19291208,PRCP,0,,,a,
ASN00092045,19291209,PRCP,3,,,a,
ASN00092045,19291210,PRCP,0,,,a,
ASN00092045,19291211,PRCP,43,,,a,
ASN00092045,19291212,PRCP,0,,,a,
ASN00092045,19291213,PRCP,0,,,a,
ASN00092045,19291214,PRCP,25,,,a,
ASN00092045,19291215,PRCP,0,,,a,
ASN00092045,19291216,PRCP,81,,,a,
ASN00092045,19291217,PRCP,0,,,a,
ASN00092045,19291218,PRCP,0,,,a,
ASN00092045,19291219,PRCP,5,,,a,
ASN00092045,19291220,PRCP,3,,,a,
ASN00092045,19291221,PRCP,104,,,a,
ASN00092045,19291222,PRCP,0,,,a,
ASN00092045,19291223,PRCP,0,,,a,
ASN00092045,19291224,PRCP,0,,,a,
ASN00092045,19291225,PRCP,0,,,a,
ASN00092045,19291226,PRCP,20,,,a,
ASN00092045,19291227,PRCP,0,,,a,
ASN00092045,19291228,PRCP,198,,,a,
ASN00092045,19291229,PRCP,91,,,a,
ASN00092045,19291230,PRCP,0,,,a,
ASN00092045,19291231,PRCP,0,,,a,
ASN00092045,19300101,PRCP,0,,,a,
ASN00092045,19300102,PRCP,0,,,a,
ASN00092045,19300103,PRCP,0,,,a,
ASN00092045,19300104,PRCP,0,,,a,
ASN00092045,19300105,PRCP,0,,,a,
ASN00092045,19300106,PRCP,0,,,a,
ASN00092045,19300107,PRCP,0,,,a,
ASN00092045,19300108,PRCP,0,,,a,
ASN00092045,19300109,PRCP,0,,,a,
ASN00092045,19300110,PRCP,0,,,a,
ASN00092045,19300111,PRCP,10,,,a,
ASN00092045,19300112,PRCP,0,,,a,
ASN00092045,19300113,PRCP,0,,,a,
ASN00092045,19300114,PRCP,0,,,a,
ASN00092045,19300115,PRCP,0,,,a,
ASN00092045,19300116,PRCP,0,,,a,
ASN00092045,19300117,PRCP,0,,,a,
ASN00092045,19300118,PRCP,3,,,a,
ASN00092045,19300119,PRCP,0,,,a,
ASN00092045,19300120,PRCP,0,,,a,
ASN00092045,19300121,PRCP,0,,,a,
ASN00092045,19300122,PRCP,0,,,a,
ASN00092045,19300123,PRCP,0,,,a,
ASN00092045,19300124,PRCP,0,,,a,
ASN00092045,19300125,PRCP,0,,,a,
ASN00092045,19300126,PRCP,0,,,a,
ASN00092045,19300127,PRCP,0,,,a,
ASN00092045,19300128,PRCP,0,,,a,
ASN00092045,19300129,PRCP,0,,,a,
ASN00092045,19300130,PRCP,0,,,a,
ASN00092045,19300131,PRCP,0,,,a,
ASN00092045,19300201,PRCP,0,,,a,
ASN00092045,19300202,PRCP,0,,,a,
ASN00092045,19300203,PRCP,0,,,a,
ASN00092045,19300204,PRCP,0,,,a,
ASN00092045,19300205,PRCP,0,,,a,
ASN00092045,19300206,PRCP,0,,,a,
ASN00092045,19300207,PRCP,0,,,a,
ASN00092045,19300208,PRCP,13,,,a,
ASN00092045,19300209,PRCP,0,,,a,
ASN00092045,19300210,PRCP,0,,,a,
ASN00092045,19300211,PRCP,0,,,a,
ASN00092045,19300212,PRCP,0,,,a,
ASN00092045,19300213,PRCP,0,,,a,
ASN00092045,19300214,PRCP,3,,,a,
ASN00092045,19300215,PRCP,0,,,a,
ASN00092045,19300216,PRCP,0,,,a,
ASN00092045,19300217,PRCP,0,,,a,
ASN00092045,19300218,PRCP,0,,,a,
ASN00092045,19300219,PRCP,43,,,a,
ASN00092045,19300220,PRCP,272,,,a,
ASN00092045,19300221,PRCP,89,,,a,
ASN00092045,19300222,PRCP,744,,,a,
ASN00092045,19300223,PRCP,0,,,a,
ASN00092045,19300224,PRCP,0,,,a,
ASN00092045,19300225,PRCP,0,,,a,
ASN00092045,19300226,PRCP,0,,,a,
ASN00092045,19300227,PRCP,13,,,a,
ASN00092045,19300228,PRCP,0,,,a,
ASN00092045,19300301,PRCP,18,,,a,
ASN00092045,19300302,PRCP,0,,,a,
ASN00092045,19300303,PRCP,0,,,a,
ASN00092045,19300304,PRCP,0,,,a,
ASN00092045,19300305,PRCP,0,,,a,
ASN00092045,19300306,PRCP,15,,,a,
ASN00092045,19300307,PRCP,0,,,a,
ASN00092045,19300308,PRCP,0,,,a,
ASN00092045,19300309,PRCP,0,,,a,
ASN00092045,19300310,PRCP,0,,,a,
ASN00092045,19300311,PRCP,0,,,a,
ASN00092045,19300312,PRCP,0,,,a,
ASN00092045,19300313,PRCP,23,,,a,
ASN00092045,19300314,PRCP,0,,,a,
ASN00092045,19300315,PRCP,0,,,a,
ASN00092045,19300316,PRCP,0,,,a,
ASN00092045,19300317,PRCP,0,,,a,
ASN00092045,19300318,PRCP,0,,,a,
ASN00092045,19300319,PRCP,8,,,a,
ASN00092045,19300320,PRCP,0,,,a,
ASN00092045,19300321,PRCP,0,,,a,
ASN00092045,19300322,PRCP,0,,,a,
ASN00092045,19300323,PRCP,0,,,a,
ASN00092045,19300324,PRCP,0,,,a,
ASN00092045,19300325,PRCP,0,,,a,
ASN00092045,19300326,PRCP,41,,,a,
ASN00092045,19300327,PRCP,0,,,a,
ASN00092045,19300328,PRCP,0,,,a,
ASN00092045,19300329,PRCP,5,,,a,
ASN00092045,19300330,PRCP,0,,,a,
ASN00092045,19300331,PRCP,0,,,a,
ASN00092045,19300401,PRCP,102,,,a,
ASN00092045,19300402,PRCP,61,,,a,
ASN00092045,19300403,PRCP,107,,,a,
ASN00092045,19300404,PRCP,0,,,a,
ASN00092045,19300405,PRCP,0,,,a,
ASN00092045,19300406,PRCP,0,,,a,
ASN00092045,19300407,PRCP,0,,,a,
ASN00092045,19300408,PRCP,0,,,a,
ASN00092045,19300409,PRCP,0,,,a,
ASN00092045,19300410,PRCP,8,,,a,
ASN00092045,19300411,PRCP,0,,,a,
ASN00092045,19300412,PRCP,0,,,a,
ASN00092045,19300413,PRCP,0,,,a,
ASN00092045,19300414,PRCP,5,,,a,
ASN00092045,19300415,PRCP,0,,,a,
ASN00092045,19300416,PRCP,3,,,a,
ASN00092045,19300417,PRCP,3,,,a,
ASN00092045,19300418,PRCP,5,,,a,
ASN00092045,19300419,PRCP,0,,,a,
ASN00092045,19300420,PRCP,0,,,a,
ASN00092045,19300421,PRCP,0,,,a,
ASN00092045,19300422,PRCP,3,,,a,
ASN00092045,19300423,PRCP,13,,,a,
ASN00092045,19300424,PRCP,20,,,a,
ASN00092045,19300425,PRCP,155,,,a,
ASN00092045,19300426,PRCP,36,,,a,
ASN00092045,19300427,PRCP,0,,,a,
ASN00092045,19300428,PRCP,0,,,a,
ASN00092045,19300429,PRCP,0,,,a,
ASN00092045,19300430,PRCP,91,,,a,
ASN00092045,19300501,PRCP,48,,,a,
ASN00092045,19300502,PRCP,0,,,a,
ASN00092045,19300503,PRCP,0,,,a,
ASN00092045,19300504,PRCP,0,,,a,
ASN00092045,19300505,PRCP,3,,,a,
ASN00092045,19300506,PRCP,64,,,a,
ASN00092045,19300507,PRCP,69,,,a,
ASN00092045,19300508,PRCP,3,,,a,
ASN00092045,19300509,PRCP,13,,,a,
ASN00092045,19300510,PRCP,132,,,a,
ASN00092045,19300511,PRCP,5,,,a,
ASN00092045,19300512,PRCP,5,,,a,
ASN00092045,19300513,PRCP,28,,,a,
ASN00092045,19300514,PRCP,20,,,a,
ASN00092045,19300515,PRCP,0,,,a,
ASN00092045,19300516,PRCP,0,,,a,
ASN00092045,19300517,PRCP,0,,,a,
ASN00092045,19300518,PRCP,0,,,a,
ASN00092045,19300519,PRCP,3,,,a,
ASN00092045,19300520,PRCP,0,,,a,
ASN00092045,19300521,PRCP,0,,,a,
ASN00092045,19300522,PRCP,0,,,a,
ASN00092045,19300523,PRCP,0,,,a,
ASN00092045,19300524,PRCP,0,,,a,
ASN00092045,19300525,PRCP,0,,,a,
ASN00092045,19300526,PRCP,5,,,a,
ASN00092045,19300527,PRCP,3,,,a,
ASN00092045,19300528,PRCP,0,,,a,
ASN00092045,19300529,PRCP,0,,,a,
ASN00092045,19300530,PRCP,0,,,a,
ASN00092045,19300531,PRCP,0,,,a,
ASN00092045,19300601,PRCP,0,,,a,
ASN00092045,19300602,PRCP,58,,,a,
ASN00092045,19300603,PRCP,262,,,a,
ASN00092045,19300604,PRCP,97,,,a,
ASN00092045,19300605,PRCP,0,,,a,
ASN00092045,19300606,PRCP,0,,,a,
ASN00092045,19300607,PRCP,0,,,a,
ASN00092045,19300608,PRCP,0,,,a,
ASN00092045,19300609,PRCP,30,,,a,
ASN00092045,19300610,PRCP,0,,,a,
ASN00092045,19300611,PRCP,0,,,a,
ASN00092045,19300612,PRCP,0,,,a,
ASN00092045,19300613,PRCP,0,,,a,
ASN00092045,19300614,PRCP,15,,,a,
ASN00092045,19300615,PRCP,3,,,a,
ASN00092045,19300616,PRCP,0,,,a,
ASN00092045,19300617,PRCP,0,,,a,
ASN00092045,19300618,PRCP,0,,,a,
ASN00092045,19300619,PRCP,81,,,a,
ASN00092045,19300620,PRCP,0,,,a,
ASN00092045,19300621,PRCP,0,,,a,
ASN00092045,19300622,PRCP,0,,,a,
ASN00092045,19300623,PRCP,0,,,a,
ASN00092045,19300624,PRCP,0,,,a,
ASN00092045,19300625,PRCP,0,,,a,
ASN00092045,19300626,PRCP,56,,,a,
ASN00092045,19300627,PRCP,5,,,a,
ASN00092045,19300628,PRCP,0,,,a,
ASN00092045,19300629,PRCP,0,,,a,
ASN00092045,19300630,PRCP,0,,,a,
ASN00092045,19300701,PRCP,0,,,a,
ASN00092045,19300702,PRCP,0,,,a,
ASN00092045,19300703,PRCP,25,,,a,
ASN00092045,19300704,PRCP,10,,,a,
ASN00092045,19300705,PRCP,0,,,a,
ASN00092045,19300706,PRCP,246,,,a,
ASN00092045,19300707,PRCP,239,,,a,
ASN00092045,19300708,PRCP,0,,,a,
ASN00092045,19300709,PRCP,0,,,a,
ASN00092045,19300710,PRCP,30,,,a,
ASN00092045,19300711,PRCP,15,,,a,
ASN00092045,19300712,PRCP,0,,,a,
ASN00092045,19300713,PRCP,0,,,a,
ASN00092045,19300714,PRCP,0,,,a,
ASN00092045,19300715,PRCP,28,,,a,
ASN00092045,19300716,PRCP,0,,,a,
ASN00092045,19300717,PRCP,33,,,a,
ASN00092045,19300718,PRCP,135,,,a,
ASN00092045,19300719,PRCP,25,,,a,
ASN00092045,19300720,PRCP,43,,,a,
ASN00092045,19300721,PRCP,0,,,a,
ASN00092045,19300722,PRCP,0,,,a,
ASN00092045,19300723,PRCP,0,,,a,
ASN00092045,19300724,PRCP,0,,,a,
ASN00092045,19300725,PRCP,0,,,a,
ASN00092045,19300726,PRCP,0,,,a,
ASN00092045,19300727,PRCP,152,,,a,
ASN00092045,19300728,PRCP,64,,,a,
ASN00092045,19300729,PRCP,30,,,a,
ASN00092045,19300730,PRCP,28,,,a,
ASN00092045,19300731,PRCP,10,,,a,
ASN00092045,19300801,PRCP,69,,,a,
ASN00092045,19300802,PRCP,13,,,a,
ASN00092045,19300803,PRCP,10,,,a,
ASN00092045,19300804,PRCP,15,,,a,
ASN00092045,19300805,PRCP,0,,,a,
ASN00092045,19300806,PRCP,0,,,a,
ASN00092045,19300807,PRCP,71,,,a,
ASN00092045,19300808,PRCP,10,,,a,
ASN00092045,19300809,PRCP,61,,,a,
ASN00092045,19300810,PRCP,43,,,a,
ASN00092045,19300811,PRCP,8,,,a,
ASN00092045,19300812,PRCP,8,,,a,
ASN00092045,19300813,PRCP,64,,,a,
ASN00092045,19300814,PRCP,38,,,a,
ASN00092045,19300815,PRCP,8,,,a,
ASN00092045,19300816,PRCP,0,,,a,
ASN00092045,19300817,PRCP,0,,,a,
ASN00092045,19300818,PRCP,13,,,a,
ASN00092045,19300819,PRCP,36,,,a,
ASN00092045,19300820,PRCP,0,,,a,
ASN00092045,19300821,PRCP,38,,,a,
ASN00092045,19300822,PRCP,0,,,a,
ASN00092045,19300823,PRCP,0,,,a,
ASN00092045,19300824,PRCP,0,,,a,
ASN00092045,19300825,PRCP,0,,,a,
ASN00092045,19300826,PRCP,10,,,a,
ASN00092045,19300827,PRCP,0,,,a,
ASN00092045,19300828,PRCP,8,,,a,
ASN00092045,19300829,PRCP,56,,,a,
ASN00092045,19300830,PRCP,36,,,a,
ASN00092045,19300831,PRCP,0,,,a,
ASN00092045,19300901,PRCP,56,,,a,
ASN00092045,19300902,PRCP,0,,,a,
ASN00092045,19300903,PRCP,0,,,a,
ASN00092045,19300904,PRCP,0,,,a,
ASN00092045,19300905,PRCP,0,,,a,
ASN00092045,19300906,PRCP,3,,,a,
ASN00092045,19300907,PRCP,0,,,a,
ASN00092045,19300908,PRCP,69,,,a,
ASN00092045,19300909,PRCP,5,,,a,
ASN00092045,19300910,PRCP,61,,,a,
ASN00092045,19300911,PRCP,13,,,a,
ASN00092045,19300912,PRCP,0,,,a,
ASN00092045,19300913,PRCP,66,,,a,
ASN00092045,19300914,PRCP,20,,,a,
ASN00092045,19300915,PRCP,10,,,a,
ASN00092045,19300916,PRCP,0,,,a,
ASN00092045,19300917,PRCP,0,,,a,
ASN00092045,19300918,PRCP,0,,,a,
ASN00092045,19300919,PRCP,0,,,a,
ASN00092045,19300920,PRCP,0,,,a,
ASN00092045,19300921,PRCP,0,,,a,
ASN00092045,19300922,PRCP,0,,,a,
ASN00092045,19300923,PRCP,23,,,a,
ASN00092045,19300924,PRCP,36,,,a,
ASN00092045,19300925,PRCP,10,,,a,
ASN00092045,19300926,PRCP,18,,,a,
ASN00092045,19300927,PRCP,0,,,a,
ASN00092045,19300928,PRCP,13,,,a,
ASN00092045,19300929,PRCP,0,,,a,
ASN00092045,19300930,PRCP,0,,,a,
ASN00092045,19301001,PRCP,0,,,a,
ASN00092045,19301002,PRCP,0,,,a,
ASN00092045,19301003,PRCP,0,,,a,
ASN00092045,19301004,PRCP,0,,,a,
ASN00092045,19301005,PRCP,0,,,a,
ASN00092045,19301006,PRCP,61,,,a,
ASN00092045,19301007,PRCP,76,,,a,
ASN00092045,19301008,PRCP,5,,,a,
ASN00092045,19301009,PRCP,0,,,a,
ASN00092045,19301010,PRCP,0,,,a,
ASN00092045,19301011,PRCP,0,,,a,
ASN00092045,19301012,PRCP,66,,,a,
ASN00092045,19301013,PRCP,869,,,a,
ASN00092045,19301014,PRCP,104,,,a,
ASN00092045,19301015,PRCP,0,,,a,
ASN00092045,19301016,PRCP,0,,,a,
ASN00092045,19301017,PRCP,0,,,a,
ASN00092045,19301018,PRCP,0,,,a,
ASN00092045,19301019,PRCP,0,,,a,
ASN00092045,19301020,PRCP,0,,,a,
ASN00092045,19301021,PRCP,0,,,a,
ASN00092045,19301022,PRCP,0,,,a,
ASN00092045,19301023,PRCP,0,,,a,
ASN00092045,19301024,PRCP,56,,,a,
ASN00092045,19301025,PRCP,3,,,a,
ASN00092045,19301026,PRCP,0,,,a,
ASN00092045,19301027,PRCP,0,,,a,
ASN00092045,19301028,PRCP,0,,,a,
ASN00092045,19301029,PRCP,8,,,a,
ASN00092045,19301030,PRCP,130,,,a,
ASN00092045,19301031,PRCP,0,,,a,
ASN00092045,19301101,PRCP,0,,,a,
ASN00092045,19301102,PRCP,0,,,a,
ASN00092045,19301103,PRCP,0,,,a,
ASN00092045,19301104,PRCP,38,,,a,
ASN00092045,19301105,PRCP,51,,,a,
ASN00092045,19301106,PRCP,0,,,a,
ASN00092045,19301107,PRCP,0,,,a,
ASN00092045,19301108,PRCP,0,,,a,
ASN00092045,19301109,PRCP,10,,,a,
ASN00092045,19301110,PRCP,0,,,a,
ASN00092045,19301111,PRCP,0,,,a,
ASN00092045,19301112,PRCP,23,,,a,
ASN00092045,19301113,PRCP,157,,,a,
ASN00092045,19301114,PRCP,10,,,a,
ASN00092045,19301115,PRCP,0,,,a,
ASN00092045,19301116,PRCP,0,,,a,
ASN00092045,19301117,PRCP,30,,,a,
ASN00092045,19301118,PRCP,18,,,a,
ASN00092045,19301119,PRCP,0,,,a,
ASN00092045,19301120,PRCP,5,,,a,
ASN00092045,19301121,PRCP,13,,,a,
ASN00092045,19301122,PRCP,0,,,a,
ASN00092045,19301123,PRCP,0,,,a,
ASN00092045,19301124,PRCP,0,,,a,
ASN00092045,19301125,PRCP,170,,,a,
ASN00092045,19301126,PRCP,10,,,a,
ASN00092045,19301127,PRCP,0,,,a,
ASN00092045,19301128,PRCP,13,,,a,
ASN00092045,19301129,PRCP,5,,,a,
ASN00092045,19301130,PRCP,0,,,a,
ASN00092045,19301201,PRCP,0,,,a,
ASN00092045,19301202,PRCP,0,,,a,
ASN00092045,19301203,PRCP,0,,,a,
ASN00092045,19301204,PRCP,0,,,a,
ASN00092045,19301205,PRCP,0,,,a,
ASN00092045,19301206,PRCP,74,,,a,
ASN00092045,19301207,PRCP,391,,,a,
ASN00092045,19301208,PRCP,13,,,a,
ASN00092045,19301209,PRCP,234,,,a,
ASN00092045,19301210,PRCP,0,,,a,
ASN00092045,19301211,PRCP,0,,,a,
ASN00092045,19301212,PRCP,0,,,a,
ASN00092045,19301213,PRCP,3,,,a,
ASN00092045,19301214,PRCP,30,,,a,
ASN00092045,19301215,PRCP,0,,,a,
ASN00092045,19301216,PRCP,0,,,a,
ASN00092045,19301217,PRCP,323,,,a,
ASN00092045,19301218,PRCP,33,,,a,
ASN00092045,19301219,PRCP,0,,,a,
ASN00092045,19301220,PRCP,0,,,a,
ASN00092045,19301221,PRCP,71,,,a,
ASN00092045,19301222,PRCP,0,,,a,
ASN00092045,19301223,PRCP,0,,,a,
ASN00092045,19301224,PRCP,0,,,a,
ASN00092045,19301225,PRCP,203,,,a,
ASN00092045,19301226,PRCP,5,,,a,
ASN00092045,19301227,PRCP,13,,,a,
ASN00092045,19301228,PRCP,0,,,a,
ASN00092045,19301229,PRCP,0,,,a,
ASN00092045,19301230,PRCP,10,,,a,
ASN00092045,19301231,PRCP,0,,,a,
ASN00092045,19310101,PRCP,13,,,a,
ASN00092045,19310102,PRCP,8,,,a,
ASN00092045,19310103,PRCP,23,,,a,
ASN00092045,19310104,PRCP,0,,,a,
ASN00092045,19310105,PRCP,0,,,a,
ASN00092045,19310106,PRCP,0,,,a,
ASN00092045,19310107,PRCP,0,,,a,
ASN00092045,19310108,PRCP,10,,,a,
ASN00092045,19310109,PRCP,0,,,a,
ASN00092045,19310110,PRCP,0,,,a,
ASN00092045,19310111,PRCP,64,,,a,
ASN00092045,19310112,PRCP,0,,,a,
ASN00092045,19310113,PRCP,3,,,a,
ASN00092045,19310114,PRCP,0,,,a,
ASN00092045,19310115,PRCP,0,,,a,
ASN00092045,19310116,PRCP,0,,,a,
ASN00092045,19310117,PRCP,3,,,a,
ASN00092045,19310118,PRCP,20,,,a,
ASN00092045,19310119,PRCP,8,,,a,
ASN00092045,19310120,PRCP,86,,,a,
ASN00092045,19310121,PRCP,0,,,a,
ASN00092045,19310122,PRCP,0,,,a,
ASN00092045,19310123,PRCP,0,,,a,
ASN00092045,19310124,PRCP,0,,,a,
ASN00092045,19310125,PRCP,10,,,a,
ASN00092045,19310126,PRCP,15,,,a,
ASN00092045,19310127,PRCP,0,,,a,
ASN00092045,19310128,PRCP,0,,,a,
ASN00092045,19310129,PRCP,0,,,a,
ASN00092045,19310130,PRCP,0,,,a,
ASN00092045,19310131,PRCP,0,,,a,
ASN00092045,19310201,PRCP,15,,,a,
ASN00092045,19310202,PRCP,0,,,a,
ASN00092045,19310203,PRCP,0,,,a,
ASN00092045,19310204,PRCP,0,,,a,
ASN00092045,19310205,PRCP,38,,,a,
ASN00092045,19310206,PRCP,0,,,a,
ASN00092045,19310207,PRCP,0,,,a,
ASN00092045,19310208,PRCP,0,,,a,
ASN00092045,19310209,PRCP,66,,,a,
ASN00092045,19310210,PRCP,0,,,a,
ASN00092045,19310211,PRCP,0,,,a,
ASN00092045,19310212,PRCP,0,,,a,
ASN00092045,19310213,PRCP,0,,,a,
ASN00092045,19310214,PRCP,10,,,a,
ASN00092045,19310215,PRCP,180,,,a,
ASN00092045,19310216,PRCP,0,,,a,
ASN00092045,19310217,PRCP,0,,,a,
ASN00092045,19310218,PRCP,0,,,a,
ASN00092045,19310219,PRCP,0,,,a,
ASN00092045,19310220,PRCP,23,,,a,
ASN00092045,19310221,PRCP,13,,,a,
ASN00092045,19310222,PRCP,5,,,a,
ASN00092045,19310223,PRCP,0,,,a,
ASN00092045,19310224,PRCP,0,,,a,
ASN00092045,19310225,PRCP,0,,,a,
ASN00092045,19310226,PRCP,0,,,a,
ASN00092045,19310227,PRCP,3,,,a,
ASN00092045,19310228,PRCP,0,,,a,
ASN00092045,19310301,PRCP,3,,,a,
ASN00092045,19310302,PRCP,241,,,a,
ASN00092045,19310303,PRCP,284,,,a,
ASN00092045,19310304,PRCP,91,,,a,
ASN00092045,19310305,PRCP,0,,,a,
ASN00092045,19310306,PRCP,0,,,a,
ASN00092045,19310307,PRCP,5,,,a,
ASN00092045,19310308,PRCP,155,,,a,
ASN00092045,19310309,PRCP,5,,,a,
ASN00092045,19310310,PRCP,0,,,a,
ASN00092045,19310311,PRCP,0,,,a,
ASN00092045,19310312,PRCP,0,,,a,
ASN00092045,19310313,PRCP,3,,,a,
ASN00092045,19310314,PRCP,74,,,a,
ASN00092045,19310315,PRCP,13,,,a,
ASN00092045,19310316,PRCP,5,,,a,
ASN00092045,19310317,PRCP,3,,,a,
ASN00092045,19310318,PRCP,0,,,a,
ASN00092045,19310319,PRCP,0,,,a,
ASN00092045,19310320,PRCP,46,,,a,
ASN00092045,19310321,PRCP,178,,,a,
ASN00092045,19310322,PRCP,1173,,,a,
ASN00092045,19310323,PRCP,0,,,a,
ASN00092045,19310324,PRCP,0,,,a,
ASN00092045,19310325,PRCP,0,,,a,
ASN00092045,19310326,PRCP,0,,,a,
ASN00092045,19310327,PRCP,0,,,a,
ASN00092045,19310328,PRCP,20,,,a,
ASN00092045,19310329,PRCP,10,,,a,
ASN00092045,19310330,PRCP,0,,,a,
ASN00092045,19310331,PRCP,0,,,a,
ASN00092045,19310401,PRCP,0,,,a,
ASN00092045,19310402,PRCP,5,,,a,
ASN00092045,19310403,PRCP,0,,,a,
ASN00092045,19310404,PRCP,0,,,a,
ASN00092045,19310405,PRCP,10,,,a,
ASN00092045,19310406,PRCP,0,,,a,
ASN00092045,19310407,PRCP,15,,,a,
ASN00092045,19310408,PRCP,0,,,a,
ASN00092045,19310409,PRCP,0,,,a,
ASN00092045,19310410,PRCP,0,,,a,
ASN00092045,19310411,PRCP,0,,,a,
ASN00092045,19310412,PRCP,0,,,a,
ASN00092045,19310413,PRCP,0,,,a,
ASN00092045,19310414,PRCP,0,,,a,
ASN00092045,19310415,PRCP,145,,,a,
ASN00092045,19310416,PRCP,18,,,a,
ASN00092045,19310417,PRCP,0,,,a,
ASN00092045,19310418,PRCP,0,,,a,
ASN00092045,19310419,PRCP,0,,,a,
ASN00092045,19310420,PRCP,0,,,a,
ASN00092045,19310421,PRCP,0,,,a,
ASN00092045,19310422,PRCP,0,,,a,
ASN00092045,19310423,PRCP,0,,,a,
ASN00092045,19310424,PRCP,13,,,a,
ASN00092045,19310425,PRCP,0,,,a,
ASN00092045,19310426,PRCP,0,,,a,
ASN00092045,19310427,PRCP,0,,,a,
ASN00092045,19310428,PRCP,0,,,a,
ASN00092045,19310429,PRCP,0,,,a,
ASN00092045,19310430,PRCP,25,,,a,
ASN00092045,19310501,PRCP,76,,,a,
ASN00092045,19310502,PRCP,5,,,a,
ASN00092045,19310503,PRCP,0,,,a,
ASN00092045,19310504,PRCP,10,,,a,
ASN00092045,19310505,PRCP,41,,,a,
ASN00092045,19310506,PRCP,3,,,a,
ASN00092045,19310507,PRCP,0,,,a,
ASN00092045,19310508,PRCP,76,,,a,
ASN00092045,19310509,PRCP,279,,,a,
ASN00092045,19310510,PRCP,51,,,a,
ASN00092045,19310511,PRCP,25,,,a,
ASN00092045,19310512,PRCP,81,,,a,
ASN00092045,19310513,PRCP,38,,,a,
ASN00092045,19310514,PRCP,8,,,a,
ASN00092045,19310515,PRCP,56,,,a,
ASN00092045,19310516,PRCP,5,,,a,
ASN00092045,19310517,PRCP,28,,,a,
ASN00092045,19310518,PRCP,10,,,a,
ASN00092045,19310519,PRCP,0,,,a,
ASN00092045,19310520,PRCP,0,,,a,
ASN00092045,19310521,PRCP,0,,,a,
ASN00092045,19310522,PRCP,0,,,a,
ASN00092045,19310523,PRCP,91,,,a,
ASN00092045,19310524,PRCP,0,,,a,
ASN00092045,19310525,PRCP,0,,,a,
ASN00092045,19310526,PRCP,0,,,a,
ASN00092045,19310527,PRCP,0,,,a,
ASN00092045,19310528,PRCP,0,,,a,
ASN00092045,19310529,PRCP,0,,,a,
ASN00092045,19310530,PRCP,36,,,a,
ASN00092045,19310531,PRCP,0,,,a,
ASN00092045,19310601,PRCP,0,,,a,
ASN00092045,19310602,PRCP,0,,,a,
ASN00092045,19310603,PRCP,15,,,a,
ASN00092045,19310604,PRCP,0,,,a,
ASN00092045,19310605,PRCP,0,,,a,
ASN00092045,19310606,PRCP,8,,,a,
ASN00092045,19310607,PRCP,546,,,a,
ASN00092045,19310608,PRCP,61,,,a,
ASN00092045,19310609,PRCP,23,,,a,
ASN00092045,19310610,PRCP,36,,,a,
ASN00092045,19310611,PRCP,25,,,a,
ASN00092045,19310612,PRCP,38,,,a,
ASN00092045,19310613,PRCP,0,,,a,
ASN00092045,19310614,PRCP,13,,,a,
ASN00092045,19310615,PRCP,114,,,a,
ASN00092045,19310616,PRCP,0,,,a,
ASN00092045,19310617,PRCP,0,,,a,
ASN00092045,19310618,PRCP,0,,,a,
ASN00092045,19310619,PRCP,411,,,a,
ASN00092045,19310620,PRCP,71,,,a,
ASN00092045,19310621,PRCP,0,,,a,
ASN00092045,19310622,PRCP,0,,,a,
ASN00092045,19310623,PRCP,0,,,a,
ASN00092045,19310624,PRCP,163,,,a,
ASN00092045,19310625,PRCP,0,,,a,
ASN00092045,19310626,PRCP,0,,,a,
ASN00092045,19310627,PRCP,0,,,a,
ASN00092045,19310628,PRCP,8,,,a,
ASN00092045,19310629,PRCP,10,,,a,
ASN00092045,19310630,PRCP,122,,,a,
ASN00092045,19310701,PRCP,0,,,a,
ASN00092045,19310702,PRCP,0,,,a,
ASN00092045,19310703,PRCP,18,,,a,
ASN00092045,19310704,PRCP,5,,,a,
ASN00092045,19310705,PRCP,0,,,a,
ASN00092045,19310706,PRCP,0,,,a,
ASN00092045,19310707,PRCP,13,,,a,
ASN00092045,19310708,PRCP,36,,,a,
ASN00092045,19310709,PRCP,8,,,a,
ASN00092045,19310710,PRCP,23,,,a,
ASN00092045,19310711,PRCP,160,,,a,
ASN00092045,19310712,PRCP,20,,,a,
ASN00092045,19310713,PRCP,15,,,a,
ASN00092045,19310714,PRCP,0,,,a,
ASN00092045,19310715,PRCP,0,,,a,
ASN00092045,19310716,PRCP,0,,,a,
ASN00092045,19310717,PRCP,0,,,a,
ASN00092045,19310718,PRCP,8,,,a,
ASN00092045,19310719,PRCP,0,,,a,
ASN00092045,19310720,PRCP,0,,,a,
ASN00092045,19310721,PRCP,0,,,a,
ASN00092045,19310722,PRCP,56,,,a,
ASN00092045,19310723,PRCP,20,,,a,
ASN00092045,19310724,PRCP,5,,,a,
ASN00092045,19310725,PRCP,137,,,a,
ASN00092045,19310726,PRCP,170,,,a,
ASN00092045,19310727,PRCP,157,,,a,
ASN00092045,19310728,PRCP,33,,,a,
ASN00092045,19310729,PRCP,130,,,a,
ASN00092045,19310730,PRCP,53,,,a,
ASN00092045,19310731,PRCP,0,,,a,
ASN00092045,19310801,PRCP,0,,,a,
ASN00092045,19310802,PRCP,0,,,a,
ASN00092045,19310803,PRCP,0,,,a,
ASN00092045,19310804,PRCP,0,,,a,
ASN00092045,19310805,PRCP,13,,,a,
ASN00092045,19310806,PRCP,58,,,a,
ASN00092045,19310807,PRCP,23,,,a,
ASN00092045,19310808,PRCP,18,,,a,
ASN00092045,19310809,PRCP,0,,,a,
ASN00092045,19310810,PRCP,0,,,a,
ASN00092045,19310811,PRCP,46,,,a,
ASN00092045,19310812,PRCP,18,,,a,
ASN00092045,19310813,PRCP,0,,,a,
ASN00092045,19310814,PRCP,5,,,a,
ASN00092045,19310815,PRCP,10,,,a,
ASN00092045,19310816,PRCP,0,,,a,
ASN00092045,19310817,PRCP,18,,,a,
ASN00092045,19310818,PRCP,20,,,a,
ASN00092045,19310819,PRCP,3,,,a,
ASN00092045,19310820,PRCP,8,,,a,
ASN00092045,19310821,PRCP,8,,,a,
ASN00092045,19310822,PRCP,53,,,a,
ASN00092045,19310823,PRCP,0,,,a,
ASN00092045,19310824,PRCP,0,,,a,
ASN00092045,19310825,PRCP,0,,,a,
ASN00092045,19310826,PRCP,8,,,a,
ASN00092045,19310827,PRCP,10,,,a,
ASN00092045,19310828,PRCP,33,,,a,
ASN00092045,19310829,PRCP,0,,,a,
ASN00092045,19310830,PRCP,0,,,a,
ASN00092045,19310831,PRCP,46,,,a,
ASN00092045,19310901,PRCP,28,,,a,
ASN00092045,19310902,PRCP,38,,,a,
ASN00092045,19310903,PRCP,18,,,a,
ASN00092045,19310904,PRCP,53,,,a,
ASN00092045,19310905,PRCP,0,,,a,
ASN00092045,19310906,PRCP,0,,,a,
ASN00092045,19310907,PRCP,3,,,a,
ASN00092045,19310908,PRCP,30,,,a,
ASN00092045,19310909,PRCP,0,,,a,
ASN00092045,19310910,PRCP,0,,,a,
ASN00092045,19310911,PRCP,38,,,a,
ASN00092045,19310912,PRCP,3,,,a,
ASN00092045,19310913,PRCP,8,,,a,
ASN00092045,19310914,PRCP,81,,,a,
ASN00092045,19310915,PRCP,69,,,a,
ASN00092045,19310916,PRCP,41,,,a,
ASN00092045,19310917,PRCP,20,,,a,
ASN00092045,19310918,PRCP,38,,,a,
ASN00092045,19310919,PRCP,5,,,a,
ASN00092045,19310920,PRCP,8,,,a,
ASN00092045,19310921,PRCP,0,,,a,
ASN00092045,19310922,PRCP,0,,,a,
ASN00092045,19310923,PRCP,0,,,a,
ASN00092045,19310924,PRCP,0,,,a,
ASN00092045,19310925,PRCP,0,,,a,
ASN00092045,19310926,PRCP,0,,,a,
ASN00092045,19310927,PRCP,0,,,a,
ASN00092045,19310928,PRCP,0,,,a,
ASN00092045,19310929,PRCP,51,,,a,
ASN00092045,19310930,PRCP,18,,,a,
ASN00092045,19311001,PRCP,0,,,a,
ASN00092045,19311002,PRCP,0,,,a,
ASN00092045,19311003,PRCP,81,,,a,
ASN00092045,19311004,PRCP,36,,,a,
ASN00092045,19311005,PRCP,91,,,a,
ASN00092045,19311006,PRCP,0,,,a,
ASN00092045,19311007,PRCP,0,,,a,
ASN00092045,19311008,PRCP,0,,,a,
ASN00092045,19311009,PRCP,0,,,a,
ASN00092045,19311010,PRCP,15,,,a,
ASN00092045,19311011,PRCP,0,,,a,
ASN00092045,19311012,PRCP,0,,,a,
ASN00092045,19311013,PRCP,0,,,a,
ASN00092045,19311014,PRCP,0,,,a,
ASN00092045,19311015,PRCP,0,,,a,
ASN00092045,19311016,PRCP,0,,,a,
ASN00092045,19311017,PRCP,0,,,a,
ASN00092045,19311018,PRCP,30,,,a,
ASN00092045,19311019,PRCP,36,,,a,
ASN00092045,19311020,PRCP,0,,,a,
ASN00092045,19311021,PRCP,0,,,a,
ASN00092045,19311022,PRCP,0,,,a,
ASN00092045,19311023,PRCP,91,,,a,
ASN00092045,19311024,PRCP,0,,,a,
ASN00092045,19311025,PRCP,0,,,a,
ASN00092045,19311026,PRCP,0,,,a,
ASN00092045,19311027,PRCP,0,,,a,
ASN00092045,19311028,PRCP,0,,,a,
ASN00092045,19311029,PRCP,0,,,a,
ASN00092045,19311030,PRCP,0,,,a,
ASN00092045,19311031,PRCP,0,,,a,
ASN00092045,19311101,PRCP,0,,,a,
ASN00092045,19311102,PRCP,0,,,a,
ASN00092045,19311103,PRCP,5,,,a,
ASN00092045,19311104,PRCP,0,,,a,
ASN00092045,19311105,PRCP,0,,,a,
ASN00092045,19311106,PRCP,0,,,a,
ASN00092045,19311107,PRCP,0,,,a,
ASN00092045,19311108,PRCP,18,,,a,
ASN00092045,19311109,PRCP,25,,,a,
ASN00092045,19311110,PRCP,0,,,a,
ASN00092045,19311111,PRCP,0,,,a,
ASN00092045,19311112,PRCP,0,,,a,
ASN00092045,19311113,PRCP,0,,,a,
ASN00092045,19311114,PRCP,0,,,a,
ASN00092045,19311115,PRCP,0,,,a,
ASN00092045,19311116,PRCP,279,,,a,
ASN00092045,19311117,PRCP,130,,,a,
ASN00092045,19311118,PRCP,86,,,a,
ASN00092045,19311119,PRCP,0,,,a,
ASN00092045,19311120,PRCP,69,,,a,
ASN00092045,19311121,PRCP,79,,,a,
ASN00092045,19311122,PRCP,0,,,a,
ASN00092045,19311123,PRCP,0,,,a,
ASN00092045,19311124,PRCP,0,,,a,
ASN00092045,19311125,PRCP,0,,,a,
ASN00092045,19311126,PRCP,0,,,a,
ASN00092045,19311127,PRCP,0,,,a,
ASN00092045,19311128,PRCP,0,,,a,
ASN00092045,19311129,PRCP,0,,,a,
ASN00092045,19311130,PRCP,0,,,a,
ASN00092045,19311201,PRCP,0,,,a,
ASN00092045,19311202,PRCP,0,,,a,
ASN00092045,19311203,PRCP,0,,,a,
ASN00092045,19311204,PRCP,0,,,a,
ASN00092045,19311205,PRCP,0,,,a,
ASN00092045,19311206,PRCP,0,,,a,
ASN00092045,19311207,PRCP,0,,,a,
ASN00092045,19311208,PRCP,0,,,a,
ASN00092045,19311209,PRCP,0,,,a,
ASN00092045,19311210,PRCP,0,,,a,
ASN00092045,19311211,PRCP,0,,,a,
ASN00092045,19311212,PRCP,0,,,a,
ASN00092045,19311213,PRCP,10,,,a,
ASN00092045,19311214,PRCP,127,,,a,
ASN00092045,19311215,PRCP,5,,,a,
ASN00092045,19311216,PRCP,13,,,a,
ASN00092045,19311217,PRCP,0,,,a,
ASN00092045,19311218,PRCP,0,,,a,
ASN00092045,19311219,PRCP,0,,,a,
ASN00092045,19311220,PRCP,0,,,a,
ASN00092045,19311221,PRCP,0,,,a,
ASN00092045,19311222,PRCP,10,,,a,
ASN00092045,19311223,PRCP,30,,,a,
ASN00092045,19311224,PRCP,0,,,a,
ASN00092045,19311225,PRCP,0,,,a,
ASN00092045,19311226,PRCP,0,,,a,
ASN00092045,19311227,PRCP,0,,,a,
ASN00092045,19311228,PRCP,0,,,a,
ASN00092045,19311229,PRCP,0,,,a,
ASN00092045,19311230,PRCP,0,,,a,
ASN00092045,19311231,PRCP,0,,,a,
ASN00092045,19320101,PRCP,0,,,a,
ASN00092045,19320102,PRCP,0,,,a,
ASN00092045,19320103,PRCP,0,,,a,
ASN00092045,19320104,PRCP,0,,,a,
ASN00092045,19320105,PRCP,0,,,a,
ASN00092045,19320106,PRCP,0,,,a,
ASN00092045,19320107,PRCP,0,,,a,
ASN00092045,19320108,PRCP,38,,,a,
ASN00092045,19320109,PRCP,0,,,a,
ASN00092045,19320110,PRCP,38,,,a,
ASN00092045,19320111,PRCP,0,,,a,
ASN00092045,19320112,PRCP,5,,,a,
ASN00092045,19320113,PRCP,53,,,a,
ASN00092045,19320114,PRCP,0,,,a,
ASN00092045,19320115,PRCP,0,,,a,
ASN00092045,19320116,PRCP,0,,,a,
ASN00092045,19320117,PRCP,0,,,a,
ASN00092045,19320118,PRCP,0,,,a,
ASN00092045,19320119,PRCP,0,,,a,
ASN00092045,19320120,PRCP,0,,,a,
ASN00092045,19320121,PRCP,0,,,a,
ASN00092045,19320122,PRCP,3,,,a,
ASN00092045,19320123,PRCP,0,,,a,
ASN00092045,19320124,PRCP,0,,,a,
ASN00092045,19320125,PRCP,0,,,a,
ASN00092045,19320126,PRCP,0,,,a,
ASN00092045,19320127,PRCP,0,,,a,
ASN00092045,19320128,PRCP,0,,,a,
ASN00092045,19320129,PRCP,5,,,a,
ASN00092045,19320130,PRCP,0,,,a,
ASN00092045,19320131,PRCP,0,,,a,
ASN00092045,19320201,PRCP,0,,,a,
ASN00092045,19320202,PRCP,25,,,a,
ASN00092045,19320203,PRCP,0,,,a,
ASN00092045,19320204,PRCP,0,,,a,
ASN00092045,19320205,PRCP,0,,,a,
ASN00092045,19320206,PRCP,0,,,a,
ASN00092045,19320207,PRCP,0,,,a,
ASN00092045,19320208,PRCP,97,,,a,
ASN00092045,19320209,PRCP,15,,,a,
ASN00092045,19320210,PRCP,18,,,a,
ASN00092045,19320211,PRCP,3,,,a,
ASN00092045,19320212,PRCP,15,,,a,
ASN00092045,19320213,PRCP,0,,,a,
ASN00092045,19320214,PRCP,0,,,a,
ASN00092045,19320215,PRCP,81,,,a,
ASN00092045,19320216,PRCP,8,,,a,
ASN00092045,19320217,PRCP,0,,,a,
ASN00092045,19320218,PRCP,0,,,a,
ASN00092045,19320219,PRCP,0,,,a,
ASN00092045,19320220,PRCP,15,,,a,
ASN00092045,19320221,PRCP,8,,,a,
ASN00092045,19320222,PRCP,25,,,a,
ASN00092045,19320223,PRCP,13,,,a,
ASN00092045,19320224,PRCP,0,,,a,
ASN00092045,19320225,PRCP,0,,,a,
ASN00092045,19320226,PRCP,0,,,a,
ASN00092045,19320227,PRCP,0,,,a,
ASN00092045,19320228,PRCP,0,,,a,
ASN00092045,19320229,PRCP,0,,,a,
ASN00092045,19320301,PRCP,3,,,a,
ASN00092045,19320302,PRCP,0,,,a,
ASN00092045,19320303,PRCP,3,,,a,
ASN00092045,19320304,PRCP,0,,,a,
ASN00092045,19320305,PRCP,5,,,a,
ASN00092045,19320306,PRCP,0,,,a,
ASN00092045,19320307,PRCP,122,,,a,
ASN00092045,19320308,PRCP,8,,,a,
ASN00092045,19320309,PRCP,0,,,a,
ASN00092045,19320310,PRCP,495,,,a,
ASN00092045,19320311,PRCP,109,,,a,
ASN00092045,19320312,PRCP,0,,,a,
ASN00092045,19320313,PRCP,0,,,a,
ASN00092045,19320314,PRCP,0,,,a,
ASN00092045,19320315,PRCP,0,,,a,
ASN00092045,19320316,PRCP,97,,,a,
ASN00092045,19320317,PRCP,0,,,a,
ASN00092045,19320318,PRCP,0,,,a,
ASN00092045,19320319,PRCP,0,,,a,
ASN00092045,19320320,PRCP,3,,,a,
ASN00092045,19320321,PRCP,5,,,a,
ASN00092045,19320322,PRCP,0,,,a,
ASN00092045,19320323,PRCP,0,,,a,
ASN00092045,19320324,PRCP,23,,,a,
ASN00092045,19320325,PRCP,0,,,a,
ASN00092045,19320326,PRCP,0,,,a,
ASN00092045,19320327,PRCP,89,,,a,
ASN00092045,19320328,PRCP,5,,,a,
ASN00092045,19320329,PRCP,71,,,a,
ASN00092045,19320330,PRCP,0,,,a,
ASN00092045,19320331,PRCP,8,,,a,
ASN00092045,19320401,PRCP,0,,,a,
ASN00092045,19320402,PRCP,5,,,a,
ASN00092045,19320403,PRCP,0,,,a,
ASN00092045,19320404,PRCP,20,,,a,
ASN00092045,19320405,PRCP,51,,,a,
ASN00092045,19320406,PRCP,89,,,a,
ASN00092045,19320407,PRCP,20,,,a,
ASN00092045,19320408,PRCP,41,,,a,
ASN00092045,19320409,PRCP,244,,,a,
ASN00092045,19320410,PRCP,25,,,a,
ASN00092045,19320411,PRCP,401,,,a,
ASN00092045,19320412,PRCP,0,,,a,
ASN00092045,19320413,PRCP,0,,,a,
ASN00092045,19320414,PRCP,0,,,a,
ASN00092045,19320415,PRCP,0,,,a,
ASN00092045,19320416,PRCP,15,,,a,
ASN00092045,19320417,PRCP,328,,,a,
ASN00092045,19320418,PRCP,0,,,a,
ASN00092045,19320419,PRCP,61,,,a,
ASN00092045,19320420,PRCP,0,,,a,
ASN00092045,19320421,PRCP,30,,,a,
ASN00092045,19320422,PRCP,41,,,a,
ASN00092045,19320423,PRCP,0,,,a,
ASN00092045,19320424,PRCP,13,,,a,
ASN00092045,19320425,PRCP,51,,,a,
ASN00092045,19320426,PRCP,0,,,a,
ASN00092045,19320427,PRCP,0,,,a,
ASN00092045,19320428,PRCP,13,,,a,
ASN00092045,19320429,PRCP,5,,,a,
ASN00092045,19320430,PRCP,0,,,a,
ASN00092045,19320501,PRCP,0,,,a,
ASN00092045,19320502,PRCP,0,,,a,
ASN00092045,19320503,PRCP,0,,,a,
ASN00092045,19320504,PRCP,0,,,a,
ASN00092045,19320505,PRCP,0,,,a,
ASN00092045,19320506,PRCP,0,,,a,
ASN00092045,19320507,PRCP,0,,,a,
ASN00092045,19320508,PRCP,0,,,a,
ASN00092045,19320509,PRCP,10,,,a,
ASN00092045,19320510,PRCP,0,,,a,
ASN00092045,19320511,PRCP,0,,,a,
ASN00092045,19320512,PRCP,0,,,a,
ASN00092045,19320513,PRCP,0,,,a,
ASN00092045,19320514,PRCP,0,,,a,
ASN00092045,19320515,PRCP,0,,,a,
ASN00092045,19320516,PRCP,0,,,a,
ASN00092045,19320517,PRCP,5,,,a,
ASN00092045,19320518,PRCP,0,,,a,
ASN00092045,19320519,PRCP,0,,,a,
ASN00092045,19320520,PRCP,0,,,a,
ASN00092045,19320521,PRCP,0,,,a,
ASN00092045,19320522,PRCP,0,,,a,
ASN00092045,19320523,PRCP,0,,,a,
ASN00092045,19320524,PRCP,0,,,a,
ASN00092045,19320525,PRCP,0,,,a,
ASN00092045,19320526,PRCP,0,,,a,
ASN00092045,19320527,PRCP,0,,,a,
ASN00092045,19320528,PRCP,0,,,a,
ASN00092045,19320529,PRCP,0,,,a,
ASN00092045,19320530,PRCP,0,,,a,
ASN00092045,19320531,PRCP,0,,,a,
ASN00092045,19320601,PRCP,0,,,a,
ASN00092045,19320602,PRCP,0,,,a,
ASN00092045,19320603,PRCP,0,,,a,
ASN00092045,19320604,PRCP,0,,,a,
ASN00092045,19320605,PRCP,0,,,a,
ASN00092045,19320606,PRCP,0,,,a,
ASN00092045,19320607,PRCP,10,,,a,
ASN00092045,19320608,PRCP,0,,,a,
ASN00092045,19320609,PRCP,0,,,a,
ASN00092045,19320610,PRCP,0,,,a,
ASN00092045,19320611,PRCP,10,,,a,
ASN00092045,19320612,PRCP,20,,,a,
ASN00092045,19320613,PRCP,89,,,a,
ASN00092045,19320614,PRCP,18,,,a,
ASN00092045,19320615,PRCP,104,,,a,
ASN00092045,19320616,PRCP,13,,,a,
ASN00092045,19320617,PRCP,0,,,a,
ASN00092045,19320618,PRCP,0,,,a,
ASN00092045,19320619,PRCP,5,,,a,
ASN00092045,19320620,PRCP,43,,,a,
ASN00092045,19320621,PRCP,0,,,a,
ASN00092045,19320622,PRCP,91,,,a,
ASN00092045,19320623,PRCP,8,,,a,
ASN00092045,19320624,PRCP,147,,,a,
ASN00092045,19320625,PRCP,25,,,a,
ASN00092045,19320626,PRCP,8,,,a,
ASN00092045,19320627,PRCP,0,,,a,
ASN00092045,19320628,PRCP,0,,,a,
ASN00092045,19320629,PRCP,0,,,a,
ASN00092045,19320630,PRCP,0,,,a,
ASN00092045,19320701,PRCP,0,,,a,
ASN00092045,19320702,PRCP,0,,,a,
ASN00092045,19320703,PRCP,0,,,a,
ASN00092045,19320704,PRCP,46,,,a,
ASN00092045,19320705,PRCP,58,,,a,
ASN00092045,19320706,PRCP,38,,,a,
ASN00092045,19320707,PRCP,15,,,a,
ASN00092045,19320708,PRCP,38,,,a,
ASN00092045,19320709,PRCP,173,,,a,
ASN00092045,19320710,PRCP,66,,,a,
ASN00092045,19320711,PRCP,13,,,a,
ASN00092045,19320712,PRCP,0,,,a,
ASN00092045,19320713,PRCP,0,,,a,
ASN00092045,19320714,PRCP,0,,,a,
ASN00092045,19320715,PRCP,0,,,a,
ASN00092045,19320716,PRCP,0,,,a,
ASN00092045,19320717,PRCP,0,,,a,
ASN00092045,19320718,PRCP,10,,,a,
ASN00092045,19320719,PRCP,13,,,a,
ASN00092045,19320720,PRCP,10,,,a,
ASN00092045,19320721,PRCP,0,,,a,
ASN00092045,19320722,PRCP,10,,,a,
ASN00092045,19320723,PRCP,0,,,a,
ASN00092045,19320724,PRCP,0,,,a,
ASN00092045,19320725,PRCP,0,,,a,
ASN00092045,19320726,PRCP,38,,,a,
ASN00092045,19320727,PRCP,10,,,a,
ASN00092045,19320728,PRCP,0,,,a,
ASN00092045,19320729,PRCP,15,,,a,
ASN00092045,19320730,PRCP,30,,,a,
ASN00092045,19320731,PRCP,8,,,a,
ASN00092045,19320801,PRCP,0,,,a,
ASN00092045,19320802,PRCP,0,,,a,
ASN00092045,19320803,PRCP,0,,,a,
ASN00092045,19320804,PRCP,0,,,a,
ASN00092045,19320805,PRCP,18,,,a,
ASN00092045,19320806,PRCP,0,,,a,
ASN00092045,19320807,PRCP,38,,,a,
ASN00092045,19320808,PRCP,61,,,a,
ASN00092045,19320809,PRCP,8,,,a,
ASN00092045,19320810,PRCP,8,,,a,
ASN00092045,19320811,PRCP,152,,,a,
ASN00092045,19320812,PRCP,165,,,a,
ASN00092045,19320813,PRCP,36,,,a,
ASN00092045,19320814,PRCP,10,,,a,
ASN00092045,19320815,PRCP,0,,,a,
ASN00092045,19320816,PRCP,0,,,a,
ASN00092045,19320817,PRCP,0,,,a,
ASN00092045,19320818,PRCP,0,,,a,
ASN00092045,19320819,PRCP,0,,,a,
ASN00092045,19320820,PRCP,0,,,a,
ASN00092045,19320821,PRCP,0,,,a,
ASN00092045,19320822,PRCP,0,,,a,
ASN00092045,19320823,PRCP,13,,,a,
ASN00092045,19320824,PRCP,76,,,a,
ASN00092045,19320825,PRCP,5,,,a,
ASN00092045,19320826,PRCP,20,,,a,
ASN00092045,19320827,PRCP,0,,,a,
ASN00092045,19320828,PRCP,10,,,a,
ASN00092045,19320829,PRCP,30,,,a,
ASN00092045,19320830,PRCP,264,,,a,
ASN00092045,19320831,PRCP,25,,,a,
ASN00092045,19320901,PRCP,36,,,a,
ASN00092045,19320902,PRCP,61,,,a,
ASN00092045,19320903,PRCP,0,,,a,
ASN00092045,19320904,PRCP,43,,,a,
ASN00092045,19320905,PRCP,0,,,a,
ASN00092045,19320906,PRCP,0,,,a,
ASN00092045,19320907,PRCP,10,,,a,
ASN00092045,19320908,PRCP,5,,,a,
ASN00092045,19320909,PRCP,0,,,a,
ASN00092045,19320910,PRCP,5,,,a,
ASN00092045,19320911,PRCP,23,,,a,
ASN00092045,19320912,PRCP,0,,,a,
ASN00092045,19320913,PRCP,18,,,a,
ASN00092045,19320914,PRCP,15,,,a,
ASN00092045,19320915,PRCP,0,,,a,
ASN00092045,19320916,PRCP,3,,,a,
ASN00092045,19320917,PRCP,0,,,a,
ASN00092045,19320918,PRCP,5,,,a,
ASN00092045,19320919,PRCP,38,,,a,
ASN00092045,19320920,PRCP,13,,,a,
ASN00092045,19320921,PRCP,76,,,a,
ASN00092045,19320922,PRCP,18,,,a,
ASN00092045,19320923,PRCP,0,,,a,
ASN00092045,19320924,PRCP,8,,,a,
ASN00092045,19320925,PRCP,0,,,a,
ASN00092045,19320926,PRCP,0,,,a,
ASN00092045,19320927,PRCP,0,,,a,
ASN00092045,19320928,PRCP,0,,,a,
ASN00092045,19320929,PRCP,0,,,a,
ASN00092045,19320930,PRCP,51,,,a,
ASN00092045,19321001,PRCP,0,,,a,
ASN00092045,19321002,PRCP,0,,,a,
ASN00092045,19321003,PRCP,0,,,a,
ASN00092045,19321004,PRCP,0,,,a,
ASN00092045,19321005,PRCP,36,,,a,
ASN00092045,19321006,PRCP,0,,,a,
ASN00092045,19321007,PRCP,0,,,a,
ASN00092045,19321008,PRCP,15,,,a,
ASN00092045,19321009,PRCP,0,,,a,
ASN00092045,19321010,PRCP,0,,,a,
ASN00092045,19321011,PRCP,0,,,a,
ASN00092045,19321012,PRCP,0,,,a,
ASN00092045,19321013,PRCP,427,,,a,
ASN00092045,19321014,PRCP,274,,,a,
ASN00092045,19321015,PRCP,0,,,a,
ASN00092045,19321016,PRCP,0,,,a,
ASN00092045,19321017,PRCP,20,,,a,
ASN00092045,19321018,PRCP,15,,,a,
ASN00092045,19321019,PRCP,132,,,a,
ASN00092045,19321020,PRCP,160,,,a,
ASN00092045,19321021,PRCP,8,,,a,
ASN00092045,19321022,PRCP,135,,,a,
ASN00092045,19321023,PRCP,13,,,a,
ASN00092045,19321024,PRCP,0,,,a,
ASN00092045,19321025,PRCP,0,,,a,
ASN00092045,19321026,PRCP,0,,,a,
ASN00092045,19321027,PRCP,30,,,a,
ASN00092045,19321028,PRCP,5,,,a,
ASN00092045,19321029,PRCP,0,,,a,
ASN00092045,19321030,PRCP,0,,,a,
ASN00092045,19321031,PRCP,0,,,a,
ASN00092045,19321101,PRCP,89,,,a,
ASN00092045,19321102,PRCP,160,,,a,
ASN00092045,19321103,PRCP,0,,,a,
ASN00092045,19321104,PRCP,13,,,a,
ASN00092045,19321105,PRCP,0,,,a,
ASN00092045,19321106,PRCP,0,,,a,
ASN00092045,19321107,PRCP,0,,,a,
ASN00092045,19321108,PRCP,0,,,a,
ASN00092045,19321109,PRCP,0,,,a,
ASN00092045,19321110,PRCP,0,,,a,
ASN00092045,19321111,PRCP,0,,,a,
ASN00092045,19321112,PRCP,0,,,a,
ASN00092045,19321113,PRCP,13,,,a,
ASN00092045,19321114,PRCP,165,,,a,
ASN00092045,19321115,PRCP,130,,,a,
ASN00092045,19321116,PRCP,8,,,a,
ASN00092045,19321117,PRCP,0,,,a,
ASN00092045,19321118,PRCP,0,,,a,
ASN00092045,19321119,PRCP,0,,,a,
ASN00092045,19321120,PRCP,0,,,a,
ASN00092045,19321121,PRCP,0,,,a,
ASN00092045,19321122,PRCP,229,,,a,
ASN00092045,19321123,PRCP,0,,,a,
ASN00092045,19321124,PRCP,10,,,a,
ASN00092045,19321125,PRCP,0,,,a,
ASN00092045,19321126,PRCP,0,,,a,
ASN00092045,19321127,PRCP,0,,,a,
ASN00092045,19321128,PRCP,0,,,a,
ASN00092045,19321129,PRCP,0,,,a,
ASN00092045,19321130,PRCP,5,,,a,
ASN00092045,19321201,PRCP,8,,,a,
ASN00092045,19321202,PRCP,30,,,a,
ASN00092045,19321203,PRCP,0,,,a,
ASN00092045,19321204,PRCP,0,,,a,
ASN00092045,19321205,PRCP,119,,,a,
ASN00092045,19321206,PRCP,33,,,a,
ASN00092045,19321207,PRCP,231,,,a,
ASN00092045,19321208,PRCP,13,,,a,
ASN00092045,19321209,PRCP,0,,,a,
ASN00092045,19321210,PRCP,0,,,a,
ASN00092045,19321211,PRCP,0,,,a,
ASN00092045,19321212,PRCP,0,,,a,
ASN00092045,19321213,PRCP,0,,,a,
ASN00092045,19321214,PRCP,0,,,a,
ASN00092045,19321215,PRCP,0,,,a,
ASN00092045,19321216,PRCP,0,,,a,
ASN00092045,19321217,PRCP,0,,,a,
ASN00092045,19321218,PRCP,41,,,a,
ASN00092045,19321219,PRCP,0,,,a,
ASN00092045,19321220,PRCP,0,,,a,
ASN00092045,19321221,PRCP,0,,,a,
ASN00092045,19321222,PRCP,0,,,a,
ASN00092045,19321223,PRCP,0,,,a,
ASN00092045,19321224,PRCP,107,,,a,
ASN00092045,19321225,PRCP,97,,,a,
ASN00092045,19321226,PRCP,0,,,a,
ASN00092045,19321227,PRCP,0,,,a,
ASN00092045,19321228,PRCP,0,,,a,
ASN00092045,19321229,PRCP,0,,,a,
ASN00092045,19321230,PRCP,0,,,a,
ASN00092045,19321231,PRCP,0,,,a,
ASN00092045,19330101,PRCP,0,,,a,
ASN00092045,19330102,PRCP,0,,,a,
ASN00092045,19330103,PRCP,0,,,a,
ASN00092045,19330104,PRCP,0,,,a,
ASN00092045,19330105,PRCP,53,,,a,
ASN00092045,19330106,PRCP,0,,,a,
ASN00092045,19330107,PRCP,0,,,a,
ASN00092045,19330108,PRCP,0,,,a,
ASN00092045,19330109,PRCP,0,,,a,
ASN00092045,19330110,PRCP,0,,,a,
ASN00092045,19330111,PRCP,18,,,a,
ASN00092045,19330112,PRCP,5,,,a,
ASN00092045,19330113,PRCP,0,,,a,
ASN00092045,19330114,PRCP,0,,,a,
ASN00092045,19330115,PRCP,0,,,a,
ASN00092045,19330116,PRCP,173,,,a,
ASN00092045,19330117,PRCP,5,,,a,
ASN00092045,19330118,PRCP,0,,,a,
ASN00092045,19330119,PRCP,3,,,a,
ASN00092045,19330120,PRCP,3,,,a,
ASN00092045,19330121,PRCP,13,,,a,
ASN00092045,19330122,PRCP,64,,,a,
ASN00092045,19330123,PRCP,15,,,a,
ASN00092045,19330124,PRCP,5,,,a,
ASN00092045,19330125,PRCP,142,,,a,
ASN00092045,19330126,PRCP,102,,,a,
ASN00092045,19330127,PRCP,23,,,a,
ASN00092045,19330128,PRCP,0,,,a,
ASN00092045,19330129,PRCP,0,,,a,
ASN00092045,19330130,PRCP,13,,,a,
ASN00092045,19330131,PRCP,15,,,a,
ASN00092045,19330201,PRCP,0,,,a,
ASN00092045,19330202,PRCP,0,,,a,
ASN00092045,19330203,PRCP,0,,,a,
ASN00092045,19330204,PRCP,0,,,a,
ASN00092045,19330205,PRCP,0,,,a,
ASN00092045,19330206,PRCP,0,,,a,
ASN00092045,19330207,PRCP,0,,,a,
ASN00092045,19330208,PRCP,0,,,a,
ASN00092045,19330209,PRCP,13,,,a,
ASN00092045,19330210,PRCP,0,,,a,
ASN00092045,19330211,PRCP,0,,,a,
ASN00092045,19330212,PRCP,0,,,a,
ASN00092045,19330213,PRCP,0,,,a,
ASN00092045,19330214,PRCP,0,,,a,
ASN00092045,19330215,PRCP,0,,,a,
ASN00092045,19330216,PRCP,0,,,a,
ASN00092045,19330217,PRCP,0,,,a,
ASN00092045,19330218,PRCP,5,,,a,
ASN00092045,19330219,PRCP,89,,,a,
ASN00092045,19330220,PRCP,0,,,a,
ASN00092045,19330221,PRCP,5,,,a,
ASN00092045,19330222,PRCP,0,,,a,
ASN00092045,19330223,PRCP,0,,,a,
ASN00092045,19330224,PRCP,28,,,a,
ASN00092045,19330225,PRCP,5,,,a,
ASN00092045,19330226,PRCP,0,,,a,
ASN00092045,19330227,PRCP,0,,,a,
ASN00092045,19330228,PRCP,0,,,a,
ASN00092045,19330301,PRCP,0,,,a,
ASN00092045,19330302,PRCP,0,,,a,
ASN00092045,19330303,PRCP,0,,,a,
ASN00092045,19330304,PRCP,0,,,a,
ASN00092045,19330305,PRCP,76,,,a,
ASN00092045,19330306,PRCP,0,,,a,
ASN00092045,19330307,PRCP,0,,,a,
ASN00092045,19330308,PRCP,0,,,a,
ASN00092045,19330309,PRCP,0,,,a,
ASN00092045,19330310,PRCP,0,,,a,
ASN00092045,19330311,PRCP,0,,,a,
ASN00092045,19330312,PRCP,0,,,a,
ASN00092045,19330313,PRCP,30,,,a,
ASN00092045,19330314,PRCP,0,,,a,
ASN00092045,19330315,PRCP,0,,,a,
ASN00092045,19330316,PRCP,0,,,a,
ASN00092045,19330317,PRCP,0,,,a,
ASN00092045,19330318,PRCP,0,,,a,
ASN00092045,19330319,PRCP,28,,,a,
ASN00092045,19330320,PRCP,18,,,a,
ASN00092045,19330321,PRCP,20,,,a,
ASN00092045,19330322,PRCP,0,,,a,
ASN00092045,19330323,PRCP,5,,,a,
ASN00092045,19330324,PRCP,18,,,a,
ASN00092045,19330325,PRCP,15,,,a,
ASN00092045,19330326,PRCP,25,,,a,
ASN00092045,19330327,PRCP,0,,,a,
ASN00092045,19330328,PRCP,0,,,a,
ASN00092045,19330329,PRCP,10,,,a,
ASN00092045,19330330,PRCP,76,,,a,
ASN00092045,19330331,PRCP,0,,,a,
ASN00092045,19330401,PRCP,8,,,a,
ASN00092045,19330402,PRCP,0,,,a,
ASN00092045,19330403,PRCP,0,,,a,
ASN00092045,19330404,PRCP,0,,,a,
ASN00092045,19330405,PRCP,3,,,a,
ASN00092045,19330406,PRCP,30,,,a,
ASN00092045,19330407,PRCP,150,,,a,
ASN00092045,19330408,PRCP,3,,,a,
ASN00092045,19330409,PRCP,38,,,a,
ASN00092045,19330410,PRCP,0,,,a,
ASN00092045,19330411,PRCP,28,,,a,
ASN00092045,19330412,PRCP,71,,,a,
ASN00092045,19330413,PRCP,15,,,a,
ASN00092045,19330414,PRCP,0,,,a,
ASN00092045,19330415,PRCP,0,,,a,
ASN00092045,19330416,PRCP,0,,,a,
ASN00092045,19330417,PRCP,0,,,a,
ASN00092045,19330418,PRCP,3,,,a,
ASN00092045,19330419,PRCP,13,,,a,
ASN00092045,19330420,PRCP,0,,,a,
ASN00092045,19330421,PRCP,0,,,a,
ASN00092045,19330422,PRCP,0,,,a,
ASN00092045,19330423,PRCP,0,,,a,
ASN00092045,19330424,PRCP,8,,,a,
ASN00092045,19330425,PRCP,5,,,a,
ASN00092045,19330426,PRCP,0,,,a,
ASN00092045,19330427,PRCP,0,,,a,
ASN00092045,19330428,PRCP,0,,,a,
ASN00092045,19330429,PRCP,15,,,a,
ASN00092045,19330430,PRCP,0,,,a,
ASN00092045,19330501,PRCP,0,,,a,
ASN00092045,19330502,PRCP,64,,,a,
ASN00092045,19330503,PRCP,0,,,a,
ASN00092045,19330504,PRCP,0,,,a,
ASN00092045,19330505,PRCP,0,,,a,
ASN00092045,19330506,PRCP,0,,,a,
ASN00092045,19330507,PRCP,18,,,a,
ASN00092045,19330508,PRCP,0,,,a,
ASN00092045,19330509,PRCP,0,,,a,
ASN00092045,19330510,PRCP,0,,,a,
ASN00092045,19330511,PRCP,0,,,a,
ASN00092045,19330512,PRCP,0,,,a,
ASN00092045,19330513,PRCP,0,,,a,
ASN00092045,19330514,PRCP,56,,,a,
ASN00092045,19330515,PRCP,8,,,a,
ASN00092045,19330516,PRCP,5,,,a,
ASN00092045,19330517,PRCP,0,,,a,
ASN00092045,19330518,PRCP,0,,,a,
ASN00092045,19330519,PRCP,3,,,a,
ASN00092045,19330520,PRCP,10,,,a,
ASN00092045,19330521,PRCP,36,,,a,
ASN00092045,19330522,PRCP,8,,,a,
ASN00092045,19330523,PRCP,0,,,a,
ASN00092045,19330524,PRCP,5,,,a,
ASN00092045,19330525,PRCP,56,,,a,
ASN00092045,19330526,PRCP,48,,,a,
ASN00092045,19330527,PRCP,267,,,a,
ASN00092045,19330528,PRCP,0,,,a,
ASN00092045,19330529,PRCP,10,,,a,
ASN00092045,19330530,PRCP,13,,,a,
ASN00092045,19330531,PRCP,38,,,a,
ASN00092045,19330601,PRCP,3,,,a,
ASN00092045,19330602,PRCP,36,,,a,
ASN00092045,19330603,PRCP,38,,,a,
ASN00092045,19330604,PRCP,0,,,a,
ASN00092045,19330605,PRCP,0,,,a,
ASN00092045,19330606,PRCP,0,,,a,
ASN00092045,19330607,PRCP,0,,,a,
ASN00092045,19330608,PRCP,33,,,a,
ASN00092045,19330609,PRCP,0,,,a,
ASN00092045,19330610,PRCP,46,,,a,
ASN00092045,19330611,PRCP,0,,,a,
ASN00092045,19330612,PRCP,0,,,a,
ASN00092045,19330613,PRCP,25,,,a,
ASN00092045,19330614,PRCP,5,,,a,
ASN00092045,19330615,PRCP,0,,,a,
ASN00092045,19330616,PRCP,13,,,a,
ASN00092045,19330617,PRCP,23,,,a,
ASN00092045,19330618,PRCP,3,,,a,
ASN00092045,19330619,PRCP,0,,,a,
ASN00092045,19330620,PRCP,0,,,a,
ASN00092045,19330621,PRCP,13,,,a,
ASN00092045,19330622,PRCP,0,,,a,
ASN00092045,19330623,PRCP,18,,,a,
ASN00092045,19330624,PRCP,43,,,a,
ASN00092045,19330625,PRCP,13,,,a,
ASN00092045,19330626,PRCP,33,,,a,
ASN00092045,19330627,PRCP,25,,,a,
ASN00092045,19330628,PRCP,30,,,a,
ASN00092045,19330629,PRCP,8,,,a,
ASN00092045,19330630,PRCP,8,,,a,
ASN00092045,19330701,PRCP,0,,,a,
ASN00092045,19330702,PRCP,0,,,a,
ASN00092045,19330703,PRCP,8,,,a,
ASN00092045,19330704,PRCP,53,,,a,
ASN00092045,19330705,PRCP,0,,,a,
ASN00092045,19330706,PRCP,36,,,a,
ASN00092045,19330707,PRCP,3,,,a,
ASN00092045,19330708,PRCP,0,,,a,
ASN00092045,19330709,PRCP,0,,,a,
ASN00092045,19330710,PRCP,0,,,a,
ASN00092045,19330711,PRCP,0,,,a,
ASN00092045,19330712,PRCP,10,,,a,
ASN00092045,19330713,PRCP,15,,,a,
ASN00092045,19330714,PRCP,25,,,a,
ASN00092045,19330715,PRCP,0,,,a,
ASN00092045,19330716,PRCP,0,,,a,
ASN00092045,19330717,PRCP,114,,,a,
ASN00092045,19330718,PRCP,41,,,a,
ASN00092045,19330719,PRCP,13,,,a,
ASN00092045,19330720,PRCP,0,,,a,
ASN00092045,19330721,PRCP,13,,,a,
ASN00092045,19330722,PRCP,0,,,a,
ASN00092045,19330723,PRCP,10,,,a,
ASN00092045,19330724,PRCP,0,,,a,
ASN00092045,19330725,PRCP,0,,,a,
ASN00092045,19330726,PRCP,0,,,a,
ASN00092045,19330727,PRCP,58,,,a,
ASN00092045,19330728,PRCP,8,,,a,
ASN00092045,19330729,PRCP,30,,,a,
ASN00092045,19330730,PRCP,18,,,a,
ASN00092045,19330731,PRCP,0,,,a,
ASN00092045,19330801,PRCP,28,,,a,
ASN00092045,19330802,PRCP,236,,,a,
ASN00092045,19330803,PRCP,0,,,a,
ASN00092045,19330804,PRCP,0,,,a,
ASN00092045,19330805,PRCP,0,,,a,
ASN00092045,19330806,PRCP,0,,,a,
ASN00092045,19330807,PRCP,0,,,a,
ASN00092045,19330808,PRCP,0,,,a,
ASN00092045,19330809,PRCP,56,,,a,
ASN00092045,19330810,PRCP,0,,,a,
ASN00092045,19330811,PRCP,0,,,a,
ASN00092045,19330812,PRCP,0,,,a,
ASN00092045,19330813,PRCP,0,,,a,
ASN00092045,19330814,PRCP,0,,,a,
ASN00092045,19330815,PRCP,18,,,a,
ASN00092045,19330816,PRCP,5,,,a,
ASN00092045,19330817,PRCP,185,,,a,
ASN00092045,19330818,PRCP,13,,,a,
ASN00092045,19330819,PRCP,0,,,a,
ASN00092045,19330820,PRCP,0,,,a,
ASN00092045,19330821,PRCP,0,,,a,
ASN00092045,19330822,PRCP,53,,,a,
ASN00092045,19330823,PRCP,23,,,a,
ASN00092045,19330824,PRCP,0,,,a,
ASN00092045,19330825,PRCP,0,,,a,
ASN00092045,19330826,PRCP,0,,,a,
ASN00092045,19330827,PRCP,0,,,a,
ASN00092045,19330828,PRCP,0,,,a,
ASN00092045,19330829,PRCP,18,,,a,
ASN00092045,19330830,PRCP,69,,,a,
ASN00092045,19330831,PRCP,0,,,a,
ASN00092045,19330901,PRCP,196,,,a,
ASN00092045,19330902,PRCP,36,,,a,
ASN00092045,19330903,PRCP,0,,,a,
ASN00092045,19330904,PRCP,0,,,a,
ASN00092045,19330905,PRCP,0,,,a,
ASN00092045,19330906,PRCP,0,,,a,
ASN00092045,19330907,PRCP,0,,,a,
ASN00092045,19330908,PRCP,74,,,a,
ASN00092045,19330909,PRCP,0,,,a,
ASN00092045,19330910,PRCP,0,,,a,
ASN00092045,19330911,PRCP,3,,,a,
ASN00092045,19330912,PRCP,8,,,a,
ASN00092045,19330913,PRCP,0,,,a,
ASN00092045,19330914,PRCP,0,,,a,
ASN00092045,19330915,PRCP,0,,,a,
ASN00092045,19330916,PRCP,10,,,a,
ASN00092045,19330917,PRCP,178,,,a,
ASN00092045,19330918,PRCP,41,,,a,
ASN00092045,19330919,PRCP,91,,,a,
ASN00092045,19330920,PRCP,25,,,a,
ASN00092045,19330921,PRCP,0,,,a,
ASN00092045,19330922,PRCP,5,,,a,
ASN00092045,19330923,PRCP,0,,,a,
ASN00092045,19330924,PRCP,0,,,a,
ASN00092045,19330925,PRCP,0,,,a,
ASN00092045,19330926,PRCP,0,,,a,
ASN00092045,19330927,PRCP,0,,,a,
ASN00092045,19330928,PRCP,0,,,a,
ASN00092045,19330929,PRCP,0,,,a,
ASN00092045,19330930,PRCP,5,,,a,
ASN00092045,19331001,PRCP,38,,,a,
ASN00092045,19331002,PRCP,198,,,a,
ASN00092045,19331003,PRCP,157,,,a,
ASN00092045,19331004,PRCP,38,,,a,
ASN00092045,19331005,PRCP,472,,,a,
ASN00092045,19331006,PRCP,51,,,a,
ASN00092045,19331007,PRCP,0,,,a,
ASN00092045,19331008,PRCP,0,,,a,
ASN00092045,19331009,PRCP,69,,,a,
ASN00092045,19331010,PRCP,8,,,a,
ASN00092045,19331011,PRCP,13,,,a,
ASN00092045,19331012,PRCP,5,,,a,
ASN00092045,19331013,PRCP,8,,,a,
ASN00092045,19331014,PRCP,0,,,a,
ASN00092045,19331015,PRCP,0,,,a,
ASN00092045,19331016,PRCP,0,,,a,
ASN00092045,19331017,PRCP,0,,,a,
ASN00092045,19331018,PRCP,0,,,a,
ASN00092045,19331019,PRCP,13,,,a,
ASN00092045,19331020,PRCP,0,,,a,
ASN00092045,19331021,PRCP,0,,,a,
ASN00092045,19331022,PRCP,0,,,a,
ASN00092045,19331023,PRCP,3,,,a,
ASN00092045,19331024,PRCP,0,,,a,
ASN00092045,19331025,PRCP,0,,,a,
ASN00092045,19331026,PRCP,0,,,a,
ASN00092045,19331027,PRCP,0,,,a,
ASN00092045,19331028,PRCP,23,,,a,
ASN00092045,19331029,PRCP,0,,,a,
ASN00092045,19331030,PRCP,5,,,a,
ASN00092045,19331031,PRCP,0,,,a,
ASN00092045,19331101,PRCP,0,,,a,
ASN00092045,19331102,PRCP,0,,,a,
ASN00092045,19331103,PRCP,3,,,a,
ASN00092045,19331104,PRCP,25,,,a,
ASN00092045,19331105,PRCP,0,,,a,
ASN00092045,19331106,PRCP,0,,,a,
ASN00092045,19331107,PRCP,0,,,a,
ASN00092045,19331108,PRCP,0,,,a,
ASN00092045,19331109,PRCP,132,,,a,
ASN00092045,19331110,PRCP,0,,,a,
ASN00092045,19331111,PRCP,0,,,a,
ASN00092045,19331112,PRCP,0,,,a,
ASN00092045,19331113,PRCP,0,,,a,
ASN00092045,19331114,PRCP,0,,,a,
ASN00092045,19331115,PRCP,10,,,a,
ASN00092045,19331116,PRCP,0,,,a,
ASN00092045,19331117,PRCP,0,,,a,
ASN00092045,19331118,PRCP,48,,,a,
ASN00092045,19331119,PRCP,0,,,a,
ASN00092045,19331120,PRCP,0,,,a,
ASN00092045,19331121,PRCP,0,,,a,
ASN00092045,19331122,PRCP,0,,,a,
ASN00092045,19331123,PRCP,0,,,a,
ASN00092045,19331124,PRCP,0,,,a,
ASN00092045,19331125,PRCP,0,,,a,
ASN00092045,19331126,PRCP,0,,,a,
ASN00092045,19331127,PRCP,0,,,a,
ASN00092045,19331128,PRCP,0,,,a,
ASN00092045,19331129,PRCP,0,,,a,
ASN00092045,19331130,PRCP,0,,,a,
ASN00092045,19331201,PRCP,0,,,a,
ASN00092045,19331202,PRCP,13,,,a,
ASN00092045,19331203,PRCP,0,,,a,
ASN00092045,19331204,PRCP,0,,,a,
ASN00092045,19331205,PRCP,30,,,a,
ASN00092045,19331206,PRCP,5,,,a,
ASN00092045,19331207,PRCP,0,,,a,
ASN00092045,19331208,PRCP,51,,,a,
ASN00092045,19331209,PRCP,0,,,a,
ASN00092045,19331210,PRCP,0,,,a,
ASN00092045,19331211,PRCP,13,,,a,
ASN00092045,19331212,PRCP,0,,,a,
ASN00092045,19331213,PRCP,46,,,a,
ASN00092045,19331214,PRCP,0,,,a,
ASN00092045,19331215,PRCP,180,,,a,
ASN00092045,19331216,PRCP,38,,,a,
ASN00092045,19331217,PRCP,0,,,a,
ASN00092045,19331218,PRCP,0,,,a,
ASN00092045,19331219,PRCP,0,,,a,
ASN00092045,19331220,PRCP,5,,,a,
ASN00092045,19331221,PRCP,0,,,a,
ASN00092045,19331222,PRCP,0,,,a,
ASN00092045,19331223,PRCP,0,,,a,
ASN00092045,19331224,PRCP,0,,,a,
ASN00092045,19331225,PRCP,0,,,a,
ASN00092045,19331226,PRCP,0,,,a,
ASN00092045,19331227,PRCP,0,,,a,
ASN00092045,19331228,PRCP,0,,,a,
ASN00092045,19331229,PRCP,0,,,a,
ASN00092045,19331230,PRCP,8,,,a,
ASN00092045,19331231,PRCP,30,,,a,
ASN00092045,19340101,PRCP,5,,,a,
ASN00092045,19340102,PRCP,0,,,a,
ASN00092045,19340103,PRCP,0,,,a,
ASN00092045,19340104,PRCP,0,,,a,
ASN00092045,19340105,PRCP,0,,,a,
ASN00092045,19340106,PRCP,0,,,a,
ASN00092045,19340107,PRCP,0,,,a,
ASN00092045,19340108,PRCP,30,,,a,
ASN00092045,19340109,PRCP,229,,,a,
ASN00092045,19340110,PRCP,173,,,a,
ASN00092045,19340111,PRCP,0,,,a,
ASN00092045,19340112,PRCP,0,,,a,
ASN00092045,19340113,PRCP,0,,,a,
ASN00092045,19340114,PRCP,0,,,a,
ASN00092045,19340115,PRCP,0,,,a,
ASN00092045,19340116,PRCP,0,,,a,
ASN00092045,19340117,PRCP,0,,,a,
ASN00092045,19340118,PRCP,0,,,a,
ASN00092045,19340119,PRCP,0,,,a,
ASN00092045,19340120,PRCP,3,,,a,
ASN00092045,19340121,PRCP,0,,,a,
ASN00092045,19340122,PRCP,0,,,a,
ASN00092045,19340123,PRCP,0,,,a,
ASN00092045,19340124,PRCP,0,,,a,
ASN00092045,19340125,PRCP,0,,,a,
ASN00092045,19340126,PRCP,0,,,a,
ASN00092045,19340127,PRCP,0,,,a,
ASN00092045,19340128,PRCP,0,,,a,
ASN00092045,19340129,PRCP,0,,,a,
ASN00092045,19340130,PRCP,8,,,a,
ASN00092045,19340131,PRCP,86,,,a,
ASN00092045,19340201,PRCP,0,,,a,
ASN00092045,19340202,PRCP,0,,,a,
ASN00092045,19340203,PRCP,165,,,a,
ASN00092045,19340204,PRCP,132,,,a,
ASN00092045,19340205,PRCP,0,,,a,
ASN00092045,19340206,PRCP,0,,,a,
ASN00092045,19340207,PRCP,0,,,a,
ASN00092045,19340208,PRCP,0,,,a,
ASN00092045,19340209,PRCP,0,,,a,
ASN00092045,19340210,PRCP,0,,,a,
ASN00092045,19340211,PRCP,0,,,a,
ASN00092045,19340212,PRCP,94,,,a,
ASN00092045,19340213,PRCP,10,,,a,
ASN00092045,19340214,PRCP,0,,,a,
ASN00092045,19340215,PRCP,8,,,a,
ASN00092045,19340216,PRCP,0,,,a,
ASN00092045,19340217,PRCP,0,,,a,
ASN00092045,19340218,PRCP,5,,,a,
ASN00092045,19340219,PRCP,61,,,a,
ASN00092045,19340220,PRCP,0,,,a,
ASN00092045,19340221,PRCP,0,,,a,
ASN00092045,19340222,PRCP,0,,,a,
ASN00092045,19340223,PRCP,38,,,a,
ASN00092045,19340224,PRCP,234,,,a,
ASN00092045,19340225,PRCP,132,,,a,
ASN00092045,19340226,PRCP,20,,,a,
ASN00092045,19340227,PRCP,0,,,a,
ASN00092045,19340228,PRCP,0,,,a,
ASN00092045,19340301,PRCP,0,,,a,
ASN00092045,19340302,PRCP,0,,,a,
ASN00092045,19340303,PRCP,0,,,a,
ASN00092045,19340304,PRCP,0,,,a,
ASN00092045,19340305,PRCP,0,,,a,
ASN00092045,19340306,PRCP,0,,,a,
ASN00092045,19340307,PRCP,0,,,a,
ASN00092045,19340308,PRCP,0,,,a,
ASN00092045,19340309,PRCP,0,,,a,
ASN00092045,19340310,PRCP,0,,,a,
ASN00092045,19340311,PRCP,0,,,a,
ASN00092045,19340312,PRCP,43,,,a,
ASN00092045,19340313,PRCP,30,,,a,
ASN00092045,19340314,PRCP,8,,,a,
ASN00092045,19340315,PRCP,284,,,a,
ASN00092045,19340316,PRCP,119,,,a,
ASN00092045,19340317,PRCP,0,,,a,
ASN00092045,19340318,PRCP,8,,,a,
ASN00092045,19340319,PRCP,0,,,a,
ASN00092045,19340320,PRCP,20,,,a,
ASN00092045,19340321,PRCP,0,,,a,
ASN00092045,19340322,PRCP,0,,,a,
ASN00092045,19340323,PRCP,0,,,a,
ASN00092045,19340324,PRCP,18,,,a,
ASN00092045,19340325,PRCP,0,,,a,
ASN00092045,19340326,PRCP,0,,,a,
ASN00092045,19340327,PRCP,0,,,a,
ASN00092045,19340328,PRCP,0,,,a,
ASN00092045,19340329,PRCP,0,,,a,
ASN00092045,19340330,PRCP,0,,,a,
ASN00092045,19340331,PRCP,0,,,a,
ASN00092045,19340401,PRCP,8,,,a,
ASN00092045,19340402,PRCP,0,,,a,
ASN00092045,19340403,PRCP,10,,,a,
ASN00092045,19340404,PRCP,498,,,a,
ASN00092045,19340405,PRCP,0,,,a,
ASN00092045,19340406,PRCP,0,,,a,
ASN00092045,19340407,PRCP,140,,,a,
ASN00092045,19340408,PRCP,20,,,a,
ASN00092045,19340409,PRCP,0,,,a,
ASN00092045,19340410,PRCP,0,,,a,
ASN00092045,19340411,PRCP,5,,,a,
ASN00092045,19340412,PRCP,51,,,a,
ASN00092045,19340413,PRCP,152,,,a,
ASN00092045,19340414,PRCP,15,,,a,
ASN00092045,19340415,PRCP,0,,,a,
ASN00092045,19340416,PRCP,89,,,a,
ASN00092045,19340417,PRCP,20,,,a,
ASN00092045,19340418,PRCP,5,,,a,
ASN00092045,19340419,PRCP,373,,,a,
ASN00092045,19340420,PRCP,0,,,a,
ASN00092045,19340421,PRCP,8,,,a,
ASN00092045,19340422,PRCP,64,,,a,
ASN00092045,19340423,PRCP,46,,,a,
ASN00092045,19340424,PRCP,0,,,a,
ASN00092045,19340425,PRCP,0,,,a,
ASN00092045,19340426,PRCP,0,,,a,
ASN00092045,19340427,PRCP,0,,,a,
ASN00092045,19340428,PRCP,20,,,a,
ASN00092045,19340429,PRCP,191,,,a,
ASN00092045,19340430,PRCP,66,,,a,
ASN00092045,19340501,PRCP,0,,,a,
ASN00092045,19340502,PRCP,0,,,a,
ASN00092045,19340503,PRCP,71,,,a,
ASN00092045,19340504,PRCP,20,,,a,
ASN00092045,19340505,PRCP,0,,,a,
ASN00092045,19340506,PRCP,0,,,a,
ASN00092045,19340507,PRCP,3,,,a,
ASN00092045,19340508,PRCP,5,,,a,
ASN00092045,19340509,PRCP,20,,,a,
ASN00092045,19340510,PRCP,0,,,a,
ASN00092045,19340511,PRCP,0,,,a,
ASN00092045,19340512,PRCP,0,,,a,
ASN00092045,19340513,PRCP,0,,,a,
ASN00092045,19340514,PRCP,0,,,a,
ASN00092045,19340515,PRCP,0,,,a,
ASN00092045,19340516,PRCP,0,,,a,
ASN00092045,19340517,PRCP,0,,,a,
ASN00092045,19340518,PRCP,0,,,a,
ASN00092045,19340519,PRCP,0,,,a,
ASN00092045,19340520,PRCP,0,,,a,
ASN00092045,19340521,PRCP,0,,,a,
ASN00092045,19340522,PRCP,0,,,a,
ASN00092045,19340523,PRCP,0,,,a,
ASN00092045,19340524,PRCP,0,,,a,
ASN00092045,19340525,PRCP,0,,,a,
ASN00092045,19340526,PRCP,0,,,a,
ASN00092045,19340527,PRCP,0,,,a,
ASN00092045,19340528,PRCP,0,,,a,
ASN00092045,19340529,PRCP,0,,,a,
ASN00092045,19340530,PRCP,30,,,a,
ASN00092045,19340531,PRCP,10,,,a,
ASN00092045,19340601,PRCP,20,,,a,
ASN00092045,19340602,PRCP,0,,,a,
ASN00092045,19340603,PRCP,0,,,a,
ASN00092045,19340604,PRCP,0,,,a,
ASN00092045,19340605,PRCP,15,,,a,
ASN00092045,19340606,PRCP,56,,,a,
ASN00092045,19340607,PRCP,0,,,a,
ASN00092045,19340608,PRCP,0,,,a,
ASN00092045,19340609,PRCP,18,,,a,
ASN00092045,19340610,PRCP,0,,,a,
ASN00092045,19340611,PRCP,0,,,a,
ASN00092045,19340612,PRCP,56,,,a,
ASN00092045,19340613,PRCP,28,,,a,
ASN00092045,19340614,PRCP,0,,,a,
ASN00092045,19340615,PRCP,25,,,a,
ASN00092045,19340616,PRCP,74,,,a,
ASN00092045,19340617,PRCP,0,,,a,
ASN00092045,19340618,PRCP,0,,,a,
ASN00092045,19340619,PRCP,0,,,a,
ASN00092045,19340620,PRCP,0,,,a,
ASN00092045,19340621,PRCP,0,,,a,
ASN00092045,19340622,PRCP,0,,,a,
ASN00092045,19340623,PRCP,0,,,a,
ASN00092045,19340624,PRCP,0,,,a,
ASN00092045,19340625,PRCP,0,,,a,
ASN00092045,19340626,PRCP,127,,,a,
ASN00092045,19340627,PRCP,0,,,a,
ASN00092045,19340628,PRCP,0,,,a,
ASN00092045,19340629,PRCP,0,,,a,
ASN00092045,19340630,PRCP,8,,,a,
ASN00092045,19340701,PRCP,10,,,a,
ASN00092045,19340702,PRCP,8,,,a,
ASN00092045,19340703,PRCP,28,,,a,
ASN00092045,19340704,PRCP,46,,,a,
ASN00092045,19340705,PRCP,10,,,a,
ASN00092045,19340706,PRCP,48,,,a,
ASN00092045,19340707,PRCP,0,,,a,
ASN00092045,19340708,PRCP,20,,,a,
ASN00092045,19340709,PRCP,89,,,a,
ASN00092045,19340710,PRCP,140,,,a,
ASN00092045,19340711,PRCP,185,,,a,
ASN00092045,19340712,PRCP,5,,,a,
ASN00092045,19340713,PRCP,13,,,a,
ASN00092045,19340714,PRCP,0,,,a,
ASN00092045,19340715,PRCP,0,,,a,
ASN00092045,19340716,PRCP,8,,,a,
ASN00092045,19340717,PRCP,8,,,a,
ASN00092045,19340718,PRCP,41,,,a,
ASN00092045,19340719,PRCP,25,,,a,
ASN00092045,19340720,PRCP,0,,,a,
ASN00092045,19340721,PRCP,0,,,a,
ASN00092045,19340722,PRCP,0,,,a,
ASN00092045,19340723,PRCP,0,,,a,
ASN00092045,19340724,PRCP,5,,,a,
ASN00092045,19340725,PRCP,3,,,a,
ASN00092045,19340726,PRCP,0,,,a,
ASN00092045,19340727,PRCP,0,,,a,
ASN00092045,19340728,PRCP,0,,,a,
ASN00092045,19340729,PRCP,38,,,a,
ASN00092045,19340730,PRCP,25,,,a,
ASN00092045,19340731,PRCP,25,,,a,
ASN00092045,19340801,PRCP,20,,,a,
ASN00092045,19340802,PRCP,0,,,a,
ASN00092045,19340803,PRCP,15,,,a,
ASN00092045,19340804,PRCP,0,,,a,
ASN00092045,19340805,PRCP,5,,,a,
ASN00092045,19340806,PRCP,0,,,a,
ASN00092045,19340807,PRCP,0,,,a,
ASN00092045,19340808,PRCP,3,,,a,
ASN00092045,19340809,PRCP,8,,,a,
ASN00092045,19340810,PRCP,13,,,a,
ASN00092045,19340811,PRCP,48,,,a,
ASN00092045,19340812,PRCP,18,,,a,
ASN00092045,19340813,PRCP,0,,,a,
ASN00092045,19340814,PRCP,56,,,a,
ASN00092045,19340815,PRCP,5,,,a,
ASN00092045,19340816,PRCP,0,,,a,
ASN00092045,19340817,PRCP,0,,,a,
ASN00092045,19340818,PRCP,8,,,a,
ASN00092045,19340819,PRCP,89,,,a,
ASN00092045,19340820,PRCP,28,,,a,
ASN00092045,19340821,PRCP,0,,,a,
ASN00092045,19340822,PRCP,0,,,a,
ASN00092045,19340823,PRCP,0,,,a,
ASN00092045,19340824,PRCP,10,,,a,
ASN00092045,19340825,PRCP,8,,,a,
ASN00092045,19340826,PRCP,8,,,a,
ASN00092045,19340827,PRCP,0,,,a,
ASN00092045,19340828,PRCP,0,,,a,
ASN00092045,19340829,PRCP,0,,,a,
ASN00092045,19340830,PRCP,0,,,a,
ASN00092045,19340831,PRCP,30,,,a,
ASN00092045,19340901,PRCP,0,,,a,
ASN00092045,19340902,PRCP,0,,,a,
ASN00092045,19340903,PRCP,0,,,a,
ASN00092045,19340904,PRCP,0,,,a,
ASN00092045,19340905,PRCP,0,,,a,
ASN00092045,19340906,PRCP,25,,,a,
ASN00092045,19340907,PRCP,25,,,a,
ASN00092045,19340908,PRCP,0,,,a,
ASN00092045,19340909,PRCP,0,,,a,
ASN00092045,19340910,PRCP,0,,,a,
ASN00092045,19340911,PRCP,0,,,a,
ASN00092045,19340912,PRCP,0,,,a,
ASN00092045,19340913,PRCP,8,,,a,
ASN00092045,19340914,PRCP,0,,,a,
ASN00092045,19340915,PRCP,0,,,a,
ASN00092045,19340916,PRCP,0,,,a,
ASN00092045,19340917,PRCP,8,,,a,
ASN00092045,19340918,PRCP,0,,,a,
ASN00092045,19340919,PRCP,0,,,a,
ASN00092045,19340920,PRCP,198,,,a,
ASN00092045,19340921,PRCP,264,,,a,
ASN00092045,19340922,PRCP,0,,,a,
ASN00092045,19340923,PRCP,0,,,a,
ASN00092045,19340924,PRCP,0,,,a,
ASN00092045,19340925,PRCP,0,,,a,
ASN00092045,19340926,PRCP,15,,,a,
ASN00092045,19340927,PRCP,117,,,a,
ASN00092045,19340928,PRCP,66,,,a,
ASN00092045,19340929,PRCP,38,,,a,
ASN00092045,19340930,PRCP,89,,,a,
ASN00092045,19341001,PRCP,5,,,a,
ASN00092045,19341002,PRCP,0,,,a,
ASN00092045,19341003,PRCP,0,,,a,
ASN00092045,19341004,PRCP,51,,,a,
ASN00092045,19341005,PRCP,18,,,a,
ASN00092045,19341006,PRCP,0,,,a,
ASN00092045,19341007,PRCP,28,,,a,
ASN00092045,19341008,PRCP,30,,,a,
ASN00092045,19341009,PRCP,0,,,a,
ASN00092045,19341010,PRCP,0,,,a,
ASN00092045,19341011,PRCP,64,,,a,
ASN00092045,19341012,PRCP,284,,,a,
ASN00092045,19341013,PRCP,76,,,a,
ASN00092045,19341014,PRCP,0,,,a,
ASN00092045,19341015,PRCP,0,,,a,
ASN00092045,19341016,PRCP,30,,,a,
ASN00092045,19341017,PRCP,33,,,a,
ASN00092045,19341018,PRCP,0,,,a,
ASN00092045,19341019,PRCP,0,,,a,
ASN00092045,19341020,PRCP,0,,,a,
ASN00092045,19341021,PRCP,5,,,a,
ASN00092045,19341022,PRCP,76,,,a,
ASN00092045,19341023,PRCP,0,,,a,
ASN00092045,19341024,PRCP,18,,,a,
ASN00092045,19341025,PRCP,206,,,a,
ASN00092045,19341026,PRCP,119,,,a,
ASN00092045,19341027,PRCP,58,,,a,
ASN00092045,19341028,PRCP,25,,,a,
ASN00092045,19341029,PRCP,0,,,a,
ASN00092045,19341030,PRCP,0,,,a,
ASN00092045,19341031,PRCP,0,,,a,
ASN00092045,19341101,PRCP,36,,,a,
ASN00092045,19341102,PRCP,23,,,a,
ASN00092045,19341103,PRCP,76,,,a,
ASN00092045,19341104,PRCP,0,,,a,
ASN00092045,19341105,PRCP,0,,,a,
ASN00092045,19341106,PRCP,0,,,a,
ASN00092045,19341107,PRCP,64,,,a,
ASN00092045,19341108,PRCP,71,,,a,
ASN00092045,19341109,PRCP,13,,,a,
ASN00092045,19341110,PRCP,23,,,a,
ASN00092045,19341111,PRCP,5,,,a,
ASN00092045,19341112,PRCP,0,,,a,
ASN00092045,19341113,PRCP,0,,,a,
ASN00092045,19341114,PRCP,5,,,a,
ASN00092045,19341115,PRCP,0,,,a,
ASN00092045,19341116,PRCP,0,,,a,
ASN00092045,19341117,PRCP,69,,,a,
ASN00092045,19341118,PRCP,0,,,a,
ASN00092045,19341119,PRCP,0,,,a,
ASN00092045,19341120,PRCP,0,,,a,
ASN00092045,19341121,PRCP,0,,,a,
ASN00092045,19341122,PRCP,0,,,a,
ASN00092045,19341123,PRCP,0,,,a,
ASN00092045,19341124,PRCP,0,,,a,
ASN00092045,19341125,PRCP,10,,,a,
ASN00092045,19341126,PRCP,0,,,a,
ASN00092045,19341127,PRCP,0,,,a,
ASN00092045,19341128,PRCP,0,,,a,
ASN00092045,19341129,PRCP,5,,,a,
ASN00092045,19341130,PRCP,279,,,a,
ASN00092045,19341201,PRCP,554,,,a,
ASN00092045,19341202,PRCP,18,,,a,
ASN00092045,19341203,PRCP,0,,,a,
ASN00092045,19341204,PRCP,0,,,a,
ASN00092045,19341205,PRCP,0,,,a,
ASN00092045,19341206,PRCP,0,,,a,
ASN00092045,19341207,PRCP,0,,,a,
ASN00092045,19341208,PRCP,20,,,a,
ASN00092045,19341209,PRCP,30,,,a,
ASN00092045,19341210,PRCP,5,,,a,
ASN00092045,19341211,PRCP,13,,,a,
ASN00092045,19341212,PRCP,0,,,a,
ASN00092045,19341213,PRCP,0,,,a,
ASN00092045,19341214,PRCP,0,,,a,
ASN00092045,19341215,PRCP,140,,,a,
ASN00092045,19341216,PRCP,61,,,a,
ASN00092045,19341217,PRCP,0,,,a,
ASN00092045,19341218,PRCP,51,,,a,
ASN00092045,19341219,PRCP,0,,,a,
ASN00092045,19341220,PRCP,0,,,a,
ASN00092045,19341221,PRCP,0,,,a,
ASN00092045,19341222,PRCP,0,,,a,
ASN00092045,19341223,PRCP,0,,,a,
ASN00092045,19341224,PRCP,5,,,a,
ASN00092045,19341225,PRCP,0,,,a,
ASN00092045,19341226,PRCP,0,,,a,
ASN00092045,19341227,PRCP,3,,,a,
ASN00092045,19341228,PRCP,5,,,a,
ASN00092045,19341229,PRCP,71,,,a,
ASN00092045,19341230,PRCP,30,,,a,
ASN00092045,19341231,PRCP,25,,,a,
ASN00092045,19350101,PRCP,0,,,a,
ASN00092045,19350102,PRCP,0,,,a,
ASN00092045,19350103,PRCP,64,,,a,
ASN00092045,19350104,PRCP,25,,,a,
ASN00092045,19350105,PRCP,69,,,a,
ASN00092045,19350106,PRCP,523,,,a,
ASN00092045,19350107,PRCP,8,,,a,
ASN00092045,19350108,PRCP,0,,,a,
ASN00092045,19350109,PRCP,0,,,a,
ASN00092045,19350110,PRCP,20,,,a,
ASN00092045,19350111,PRCP,0,,,a,
ASN00092045,19350112,PRCP,0,,,a,
ASN00092045,19350113,PRCP,0,,,a,
ASN00092045,19350114,PRCP,0,,,a,
ASN00092045,19350115,PRCP,0,,,a,
ASN00092045,19350116,PRCP,0,,,a,
ASN00092045,19350117,PRCP,0,,,a,
ASN00092045,19350118,PRCP,0,,,a,
ASN00092045,19350119,PRCP,0,,,a,
ASN00092045,19350120,PRCP,0,,,a,
ASN00092045,19350121,PRCP,0,,,a,
ASN00092045,19350122,PRCP,0,,,a,
ASN00092045,19350123,PRCP,0,,,a,
ASN00092045,19350124,PRCP,0,,,a,
ASN00092045,19350125,PRCP,0,,,a,
ASN00092045,19350126,PRCP,0,,,a,
ASN00092045,19350127,PRCP,0,,,a,
ASN00092045,19350128,PRCP,0,,,a,
ASN00092045,19350129,PRCP,0,,,a,
ASN00092045,19350130,PRCP,0,,,a,
ASN00092045,19350131,PRCP,0,,,a,
ASN00092045,19350201,PRCP,8,,,a,
ASN00092045,19350202,PRCP,122,,,a,
ASN00092045,19350203,PRCP,5,,,a,
ASN00092045,19350204,PRCP,89,,,a,
ASN00092045,19350205,PRCP,0,,,a,
ASN00092045,19350206,PRCP,0,,,a,
ASN00092045,19350207,PRCP,0,,,a,
ASN00092045,19350208,PRCP,241,,,a,
ASN00092045,19350209,PRCP,325,,,a,
ASN00092045,19350210,PRCP,102,,,a,
ASN00092045,19350211,PRCP,389,,,a,
ASN00092045,19350212,PRCP,18,,,a,
ASN00092045,19350213,PRCP,0,,,a,
ASN00092045,19350214,PRCP,36,,,a,
ASN00092045,19350215,PRCP,193,,,a,
ASN00092045,19350216,PRCP,0,,,a,
ASN00092045,19350217,PRCP,8,,,a,
ASN00092045,19350218,PRCP,0,,,a,
ASN00092045,19350219,PRCP,0,,,a,
ASN00092045,19350220,PRCP,0,,,a,
ASN00092045,19350221,PRCP,8,,,a,
ASN00092045,19350222,PRCP,0,,,a,
ASN00092045,19350223,PRCP,0,,,a,
ASN00092045,19350224,PRCP,0,,,a,
ASN00092045,19350225,PRCP,0,,,a,
ASN00092045,19350226,PRCP,0,,,a,
ASN00092045,19350227,PRCP,0,,,a,
ASN00092045,19350228,PRCP,0,,,a,
ASN00092045,19350301,PRCP,0,,,a,
ASN00092045,19350302,PRCP,0,,,a,
ASN00092045,19350303,PRCP,8,,,a,
ASN00092045,19350304,PRCP,0,,,a,
ASN00092045,19350305,PRCP,0,,,a,
ASN00092045,19350306,PRCP,0,,,a,
ASN00092045,19350307,PRCP,0,,,a,
ASN00092045,19350308,PRCP,0,,,a,
ASN00092045,19350309,PRCP,0,,,a,
ASN00092045,19350310,PRCP,0,,,a,
ASN00092045,19350311,PRCP,0,,,a,
ASN00092045,19350312,PRCP,0,,,a,
ASN00092045,19350313,PRCP,0,,,a,
ASN00092045,19350314,PRCP,0,,,a,
ASN00092045,19350315,PRCP,66,,,a,
ASN00092045,19350316,PRCP,15,,,a,
ASN00092045,19350317,PRCP,0,,,a,
ASN00092045,19350318,PRCP,0,,,a,
ASN00092045,19350319,PRCP,5,,,a,
ASN00092045,19350320,PRCP,0,,,a,
ASN00092045,19350321,PRCP,48,,,a,
ASN00092045,19350322,PRCP,109,,,a,
ASN00092045,19350323,PRCP,107,,,a,
ASN00092045,19350324,PRCP,18,,,a,
ASN00092045,19350325,PRCP,0,,,a,
ASN00092045,19350326,PRCP,0,,,a,
ASN00092045,19350327,PRCP,0,,,a,
ASN00092045,19350328,PRCP,0,,,a,
ASN00092045,19350329,PRCP,20,,,a,
ASN00092045,19350330,PRCP,0,,,a,
ASN00092045,19350331,PRCP,0,,,a,
ASN00092045,19350401,PRCP,3,,,a,
ASN00092045,19350402,PRCP,0,,,a,
ASN00092045,19350403,PRCP,30,,,a,
ASN00092045,19350404,PRCP,5,,,a,
ASN00092045,19350405,PRCP,0,,,a,
ASN00092045,19350406,PRCP,0,,,a,
ASN00092045,19350407,PRCP,0,,,a,
ASN00092045,19350408,PRCP,10,,,a,
ASN00092045,19350409,PRCP,97,,,a,
ASN00092045,19350410,PRCP,28,,,a,
ASN00092045,19350411,PRCP,0,,,a,
ASN00092045,19350412,PRCP,0,,,a,
ASN00092045,19350413,PRCP,15,,,a,
ASN00092045,19350414,PRCP,0,,,a,
ASN00092045,19350415,PRCP,257,,,a,
ASN00092045,19350416,PRCP,574,,,a,
ASN00092045,19350417,PRCP,107,,,a,
ASN00092045,19350418,PRCP,74,,,a,
ASN00092045,19350419,PRCP,157,,,a,
ASN00092045,19350420,PRCP,23,,,a,
ASN00092045,19350421,PRCP,290,,,a,
ASN00092045,19350422,PRCP,20,,,a,
ASN00092045,19350423,PRCP,30,,,a,
ASN00092045,19350424,PRCP,10,,,a,
ASN00092045,19350425,PRCP,0,,,a,
ASN00092045,19350426,PRCP,8,,,a,
ASN00092045,19350427,PRCP,0,,,a,
ASN00092045,19350428,PRCP,0,,,a,
ASN00092045,19350429,PRCP,18,,,a,
ASN00092045,19350430,PRCP,91,,,a,
ASN00092045,19350501,PRCP,18,,,a,
ASN00092045,19350502,PRCP,0,,,a,
ASN00092045,19350503,PRCP,0,,,a,
ASN00092045,19350504,PRCP,0,,,a,
ASN00092045,19350505,PRCP,0,,,a,
ASN00092045,19350506,PRCP,0,,,a,
ASN00092045,19350507,PRCP,0,,,a,
ASN00092045,19350508,PRCP,36,,,a,
ASN00092045,19350509,PRCP,10,,,a,
ASN00092045,19350510,PRCP,142,,,a,
ASN00092045,19350511,PRCP,10,,,a,
ASN00092045,19350512,PRCP,33,,,a,
ASN00092045,19350513,PRCP,13,,,a,
ASN00092045,19350514,PRCP,10,,,a,
ASN00092045,19350515,PRCP,0,,,a,
ASN00092045,19350516,PRCP,69,,,a,
ASN00092045,19350517,PRCP,18,,,a,
ASN00092045,19350518,PRCP,5,,,a,
ASN00092045,19350519,PRCP,0,,,a,
ASN00092045,19350520,PRCP,8,,,a,
ASN00092045,19350521,PRCP,0,,,a,
ASN00092045,19350522,PRCP,0,,,a,
ASN00092045,19350523,PRCP,38,,,a,
ASN00092045,19350524,PRCP,48,,,a,
ASN00092045,19350525,PRCP,3,,,a,
ASN00092045,19350526,PRCP,58,,,a,
ASN00092045,19350527,PRCP,5,,,a,
ASN00092045,19350528,PRCP,183,,,a,
ASN00092045,19350529,PRCP,15,,,a,
ASN00092045,19350530,PRCP,38,,,a,
ASN00092045,19350531,PRCP,3,,,a,
ASN00092045,19350601,PRCP,8,,,a,
ASN00092045,19350602,PRCP,0,,,a,
ASN00092045,19350603,PRCP,0,,,a,
ASN00092045,19350604,PRCP,0,,,a,
ASN00092045,19350605,PRCP,81,,,a,
ASN00092045,19350606,PRCP,0,,,a,
ASN00092045,19350607,PRCP,442,,,a,
ASN00092045,19350608,PRCP,86,,,a,
ASN00092045,19350609,PRCP,18,,,a,
ASN00092045,19350610,PRCP,0,,,a,
ASN00092045,19350611,PRCP,0,,,a,
ASN00092045,19350612,PRCP,0,,,a,
ASN00092045,19350613,PRCP,0,,,a,
ASN00092045,19350614,PRCP,10,,,a,
ASN00092045,19350615,PRCP,109,,,a,
ASN00092045,19350616,PRCP,0,,,a,
ASN00092045,19350617,PRCP,0,,,a,
ASN00092045,19350618,PRCP,0,,,a,
ASN00092045,19350619,PRCP,0,,,a,
ASN00092045,19350620,PRCP,5,,,a,
ASN00092045,19350621,PRCP,43,,,a,
ASN00092045,19350622,PRCP,66,,,a,
ASN00092045,19350623,PRCP,0,,,a,
ASN00092045,19350624,PRCP,0,,,a,
ASN00092045,19350625,PRCP,0,,,a,
ASN00092045,19350626,PRCP,0,,,a,
ASN00092045,19350627,PRCP,0,,,a,
ASN00092045,19350628,PRCP,0,,,a,
ASN00092045,19350629,PRCP,0,,,a,
ASN00092045,19350630,PRCP,0,,,a,
ASN00092045,19350701,PRCP,8,,,a,
ASN00092045,19350702,PRCP,71,,,a,
ASN00092045,19350703,PRCP,0,,,a,
ASN00092045,19350704,PRCP,20,,,a,
ASN00092045,19350705,PRCP,0,,,a,
ASN00092045,19350706,PRCP,5,,,a,
ASN00092045,19350707,PRCP,8,,,a,
ASN00092045,19350708,PRCP,0,,,a,
ASN00092045,19350709,PRCP,5,,,a,
ASN00092045,19350710,PRCP,0,,,a,
ASN00092045,19350711,PRCP,5,,,a,
ASN00092045,19350712,PRCP,10,,,a,
ASN00092045,19350713,PRCP,0,,,a,
ASN00092045,19350714,PRCP,0,,,a,
ASN00092045,19350715,PRCP,58,,,a,
ASN00092045,19350716,PRCP,15,,,a,
ASN00092045,19350717,PRCP,41,,,a,
ASN00092045,19350718,PRCP,20,,,a,
ASN00092045,19350719,PRCP,0,,,a,
ASN00092045,19350720,PRCP,71,,,a,
ASN00092045,19350721,PRCP,13,,,a,
ASN00092045,19350722,PRCP,0,,,a,
ASN00092045,19350723,PRCP,0,,,a,
ASN00092045,19350724,PRCP,0,,,a,
ASN00092045,19350725,PRCP,5,,,a,
ASN00092045,19350726,PRCP,0,,,a,
ASN00092045,19350727,PRCP,0,,,a,
ASN00092045,19350728,PRCP,10,,,a,
ASN00092045,19350729,PRCP,20,,,a,
ASN00092045,19350730,PRCP,58,,,a,
ASN00092045,19350731,PRCP,20,,,a,
ASN00092045,19350801,PRCP,20,,,a,
ASN00092045,19350802,PRCP,28,,,a,
ASN00092045,19350803,PRCP,147,,,a,
ASN00092045,19350804,PRCP,0,,,a,
ASN00092045,19350805,PRCP,0,,,a,
ASN00092045,19350806,PRCP,0,,,a,
ASN00092045,19350807,PRCP,0,,,a,
ASN00092045,19350808,PRCP,3,,,a,
ASN00092045,19350809,PRCP,25,,,a,
ASN00092045,19350810,PRCP,28,,,a,
ASN00092045,19350811,PRCP,0,,,a,
ASN00092045,19350812,PRCP,28,,,a,
ASN00092045,19350813,PRCP,25,,,a,
ASN00092045,19350814,PRCP,0,,,a,
ASN00092045,19350815,PRCP,13,,,a,
ASN00092045,19350816,PRCP,5,,,a,
ASN00092045,19350817,PRCP,0,,,a,
ASN00092045,19350818,PRCP,8,,,a,
ASN00092045,19350819,PRCP,0,,,a,
ASN00092045,19350820,PRCP,5,,,a,
ASN00092045,19350821,PRCP,0,,,a,
ASN00092045,19350822,PRCP,0,,,a,
ASN00092045,19350823,PRCP,0,,,a,
ASN00092045,19350824,PRCP,0,,,a,
ASN00092045,19350825,PRCP,0,,,a,
ASN00092045,19350826,PRCP,0,,,a,
ASN00092045,19350827,PRCP,0,,,a,
ASN00092045,19350828,PRCP,10,,,a,
ASN00092045,19350829,PRCP,13,,,a,
ASN00092045,19350830,PRCP,10,,,a,
ASN00092045,19350831,PRCP,137,,,a,
ASN00092045,19350901,PRCP,23,,,a,
ASN00092045,19350902,PRCP,20,,,a,
ASN00092045,19350903,PRCP,0,,,a,
ASN00092045,19350904,PRCP,0,,,a,
ASN00092045,19350905,PRCP,38,,,a,
ASN00092045,19350906,PRCP,0,,,a,
ASN00092045,19350907,PRCP,0,,,a,
ASN00092045,19350908,PRCP,0,,,a,
ASN00092045,19350909,PRCP,0,,,a,
ASN00092045,19350910,PRCP,56,,,a,
ASN00092045,19350911,PRCP,13,,,a,
ASN00092045,19350912,PRCP,5,,,a,
ASN00092045,19350913,PRCP,3,,,a,
ASN00092045,19350914,PRCP,122,,,a,
ASN00092045,19350915,PRCP,163,,,a,
ASN00092045,19350916,PRCP,0,,,a,
ASN00092045,19350917,PRCP,163,,,a,
ASN00092045,19350918,PRCP,30,,,a,
ASN00092045,19350919,PRCP,0,,,a,
ASN00092045,19350920,PRCP,41,,,a,
ASN00092045,19350921,PRCP,3,,,a,
ASN00092045,19350922,PRCP,0,,,a,
ASN00092045,19350923,PRCP,0,,,a,
ASN00092045,19350924,PRCP,0,,,a,
ASN00092045,19350925,PRCP,0,,,a,
ASN00092045,19350926,PRCP,0,,,a,
ASN00092045,19350927,PRCP,0,,,a,
ASN00092045,19350928,PRCP,3,,,a,
ASN00092045,19350929,PRCP,0,,,a,
ASN00092045,19350930,PRCP,8,,,a,
ASN00092045,19351001,PRCP,0,,,a,
ASN00092045,19351002,PRCP,0,,,a,
ASN00092045,19351003,PRCP,0,,,a,
ASN00092045,19351004,PRCP,36,,,a,
ASN00092045,19351005,PRCP,28,,,a,
ASN00092045,19351006,PRCP,3,,,a,
ASN00092045,19351007,PRCP,0,,,a,
ASN00092045,19351008,PRCP,0,,,a,
ASN00092045,19351009,PRCP,0,,,a,
ASN00092045,19351010,PRCP,10,,,a,
ASN00092045,19351011,PRCP,18,,,a,
ASN00092045,19351012,PRCP,3,,,a,
ASN00092045,19351013,PRCP,5,,,a,
ASN00092045,19351014,PRCP,0,,,a,
ASN00092045,19351015,PRCP,3,,,a,
ASN00092045,19351016,PRCP,3,,,a,
ASN00092045,19351017,PRCP,0,,,a,
ASN00092045,19351018,PRCP,0,,,a,
ASN00092045,19351019,PRCP,10,,,a,
ASN00092045,19351020,PRCP,132,,,a,
ASN00092045,19351021,PRCP,15,,,a,
ASN00092045,19351022,PRCP,0,,,a,
ASN00092045,19351023,PRCP,5,,,a,
ASN00092045,19351024,PRCP,3,,,a,
ASN00092045,19351025,PRCP,0,,,a,
ASN00092045,19351026,PRCP,0,,,a,
ASN00092045,19351027,PRCP,30,,,a,
ASN00092045,19351028,PRCP,8,,,a,
ASN00092045,19351029,PRCP,79,,,a,
ASN00092045,19351030,PRCP,0,,,a,
ASN00092045,19351031,PRCP,10,,,a,
ASN00092045,19351101,PRCP,0,,,a,
ASN00092045,19351102,PRCP,58,,,a,
ASN00092045,19351103,PRCP,0,,,a,
ASN00092045,19351104,PRCP,5,,,a,
ASN00092045,19351105,PRCP,0,,,a,
ASN00092045,19351106,PRCP,0,,,a,
ASN00092045,19351107,PRCP,0,,,a,
ASN00092045,19351108,PRCP,0,,,a,
ASN00092045,19351109,PRCP,46,,,a,
ASN00092045,19351110,PRCP,0,,,a,
ASN00092045,19351111,PRCP,0,,,a,
ASN00092045,19351112,PRCP,0,,,a,
ASN00092045,19351113,PRCP,218,,,a,
ASN00092045,19351114,PRCP,5,,,a,
ASN00092045,19351115,PRCP,28,,,a,
ASN00092045,19351116,PRCP,20,,,a,
ASN00092045,19351117,PRCP,15,,,a,
ASN00092045,19351118,PRCP,0,,,a,
ASN00092045,19351119,PRCP,0,,,a,
ASN00092045,19351120,PRCP,0,,,a,
ASN00092045,19351121,PRCP,0,,,a,
ASN00092045,19351122,PRCP,20,,,a,
ASN00092045,19351123,PRCP,5,,,a,
ASN00092045,19351124,PRCP,0,,,a,
ASN00092045,19351125,PRCP,0,,,a,
ASN00092045,19351126,PRCP,0,,,a,
ASN00092045,19351127,PRCP,0,,,a,
ASN00092045,19351128,PRCP,135,,,a,
ASN00092045,19351129,PRCP,0,,,a,
ASN00092045,19351130,PRCP,0,,,a,
ASN00092045,19351201,PRCP,0,,,a,
ASN00092045,19351202,PRCP,0,,,a,
ASN00092045,19351203,PRCP,15,,,a,
ASN00092045,19351204,PRCP,0,,,a,
ASN00092045,19351205,PRCP,0,,,a,
ASN00092045,19351206,PRCP,30,,,a,
ASN00092045,19351207,PRCP,8,,,a,
ASN00092045,19351208,PRCP,0,,,a,
ASN00092045,19351209,PRCP,0,,,a,
ASN00092045,19351210,PRCP,0,,,a,
ASN00092045,19351211,PRCP,46,,,a,
ASN00092045,19351212,PRCP,48,,,a,
ASN00092045,19351213,PRCP,0,,,a,
ASN00092045,19351214,PRCP,0,,,a,
ASN00092045,19351215,PRCP,15,,,a,
ASN00092045,19351216,PRCP,0,,,a,
ASN00092045,19351217,PRCP,0,,,a,
ASN00092045,19351218,PRCP,0,,,a,
ASN00092045,19351219,PRCP,0,,,a,
ASN00092045,19351220,PRCP,3,,,a,
ASN00092045,19351221,PRCP,97,,,a,
ASN00092045,19351222,PRCP,33,,,a,
ASN00092045,19351223,PRCP,0,,,a,
ASN00092045,19351224,PRCP,0,,,a,
ASN00092045,19351225,PRCP,0,,,a,
ASN00092045,19351226,PRCP,0,,,a,
ASN00092045,19351227,PRCP,5,,,a,
ASN00092045,19351228,PRCP,0,,,a,
ASN00092045,19351229,PRCP,0,,,a,
ASN00092045,19351230,PRCP,0,,,a,
ASN00092045,19351231,PRCP,0,,,a,
ASN00092045,19360101,PRCP,0,,,a,
ASN00092045,19360102,PRCP,0,,,a,
ASN00092045,19360103,PRCP,0,,,a,
ASN00092045,19360104,PRCP,15,,,a,
ASN00092045,19360105,PRCP,8,,,a,
ASN00092045,19360106,PRCP,0,,,a,
ASN00092045,19360107,PRCP,5,,,a,
ASN00092045,19360108,PRCP,0,,,a,
ASN00092045,19360109,PRCP,0,,,a,
ASN00092045,19360110,PRCP,0,,,a,
ASN00092045,19360111,PRCP,0,,,a,
ASN00092045,19360112,PRCP,0,,,a,
ASN00092045,19360113,PRCP,3,,,a,
ASN00092045,19360114,PRCP,0,,,a,
ASN00092045,19360115,PRCP,0,,,a,
ASN00092045,19360116,PRCP,3,,,a,
ASN00092045,19360117,PRCP,0,,,a,
ASN00092045,19360118,PRCP,0,,,a,
ASN00092045,19360119,PRCP,0,,,a,
ASN00092045,19360120,PRCP,0,,,a,
ASN00092045,19360121,PRCP,3,,,a,
ASN00092045,19360122,PRCP,71,,,a,
ASN00092045,19360123,PRCP,0,,,a,
ASN00092045,19360124,PRCP,0,,,a,
ASN00092045,19360125,PRCP,0,,,a,
ASN00092045,19360126,PRCP,0,,,a,
ASN00092045,19360127,PRCP,0,,,a,
ASN00092045,19360128,PRCP,28,,,a,
ASN00092045,19360129,PRCP,13,,,a,
ASN00092045,19360130,PRCP,0,,,a,
ASN00092045,19360131,PRCP,0,,,a,
ASN00092045,19360201,PRCP,3,,,a,
ASN00092045,19360202,PRCP,20,,,a,
ASN00092045,19360203,PRCP,30,,,a,
ASN00092045,19360204,PRCP,10,,,a,
ASN00092045,19360205,PRCP,0,,,a,
ASN00092045,19360206,PRCP,0,,,a,
ASN00092045,19360207,PRCP,0,,,a,
ASN00092045,19360208,PRCP,23,,,a,
ASN00092045,19360209,PRCP,91,,,a,
ASN00092045,19360210,PRCP,0,,,a,
ASN00092045,19360211,PRCP,0,,,a,
ASN00092045,19360212,PRCP,0,,,a,
ASN00092045,19360213,PRCP,3,,,a,
ASN00092045,19360214,PRCP,0,,,a,
ASN00092045,19360215,PRCP,0,,,a,
ASN00092045,19360216,PRCP,20,,,a,
ASN00092045,19360217,PRCP,0,,,a,
ASN00092045,19360218,PRCP,0,,,a,
ASN00092045,19360219,PRCP,0,,,a,
ASN00092045,19360220,PRCP,117,,,a,
ASN00092045,19360221,PRCP,23,,,a,
ASN00092045,19360222,PRCP,3,,,a,
ASN00092045,19360223,PRCP,23,,,a,
ASN00092045,19360224,PRCP,0,,,a,
ASN00092045,19360225,PRCP,0,,,a,
ASN00092045,19360226,PRCP,0,,,a,
ASN00092045,19360227,PRCP,0,,,a,
ASN00092045,19360228,PRCP,3,,,a,
ASN00092045,19360229,PRCP,0,,,a,
ASN00092045,19360301,PRCP,0,,,a,
ASN00092045,19360302,PRCP,0,,,a,
ASN00092045,19360303,PRCP,0,,,a,
ASN00092045,19360304,PRCP,36,,,a,
ASN00092045,19360305,PRCP,0,,,a,
ASN00092045,19360306,PRCP,0,,,a,
ASN00092045,19360307,PRCP,0,,,a,
ASN00092045,19360308,PRCP,0,,,a,
ASN00092045,19360309,PRCP,0,,,a,
ASN00092045,19360310,PRCP,0,,,a,
ASN00092045,19360311,PRCP,0,,,a,
ASN00092045,19360312,PRCP,0,,,a,
ASN00092045,19360313,PRCP,15,,,a,
ASN00092045,19360314,PRCP,20,,,a,
ASN00092045,19360315,PRCP,0,,,a,
ASN00092045,19360316,PRCP,163,,,a,
ASN00092045,19360317,PRCP,838,,,a,
ASN00092045,19360318,PRCP,0,,,a,
ASN00092045,19360319,PRCP,0,,,a,
ASN00092045,19360320,PRCP,25,,,a,
ASN00092045,19360321,PRCP,0,,,a,
ASN00092045,19360322,PRCP,0,,,a,
ASN00092045,19360323,PRCP,0,,,a,
ASN00092045,19360324,PRCP,0,,,a,
ASN00092045,19360325,PRCP,0,,,a,
ASN00092045,19360326,PRCP,0,,,a,
ASN00092045,19360327,PRCP,0,,,a,
ASN00092045,19360328,PRCP,0,,,a,
ASN00092045,19360329,PRCP,0,,,a,
ASN00092045,19360330,PRCP,0,,,a,
ASN00092045,19360331,PRCP,0,,,a,
ASN00092045,19360401,PRCP,0,,,a,
ASN00092045,19360402,PRCP,0,,,a,
ASN00092045,19360403,PRCP,0,,,a,
ASN00092045,19360404,PRCP,18,,,a,
ASN00092045,19360405,PRCP,0,,,a,
ASN00092045,19360406,PRCP,0,,,a,
ASN00092045,19360407,PRCP,102,,,a,
ASN00092045,19360408,PRCP,56,,,a,
ASN00092045,19360409,PRCP,3,,,a,
ASN00092045,19360410,PRCP,51,,,a,
ASN00092045,19360411,PRCP,23,,,a,
ASN00092045,19360412,PRCP,0,,,a,
ASN00092045,19360413,PRCP,15,,,a,
ASN00092045,19360414,PRCP,0,,,a,
ASN00092045,19360415,PRCP,3,,,a,
ASN00092045,19360416,PRCP,0,,,a,
ASN00092045,19360417,PRCP,25,,,a,
ASN00092045,19360418,PRCP,0,,,a,
ASN00092045,19360419,PRCP,0,,,a,
ASN00092045,19360420,PRCP,36,,,a,
ASN00092045,19360421,PRCP,8,,,a,
ASN00092045,19360422,PRCP,0,,,a,
ASN00092045,19360423,PRCP,0,,,a,
ASN00092045,19360424,PRCP,0,,,a,
ASN00092045,19360425,PRCP,0,,,a,
ASN00092045,19360426,PRCP,46,,,a,
ASN00092045,19360427,PRCP,0,,,a,
ASN00092045,19360428,PRCP,0,,,a,
ASN00092045,19360429,PRCP,0,,,a,
ASN00092045,19360430,PRCP,0,,,a,
ASN00092045,19360501,PRCP,0,,,a,
ASN00092045,19360502,PRCP,0,,,a,
ASN00092045,19360503,PRCP,0,,,a,
ASN00092045,19360504,PRCP,0,,,a,
ASN00092045,19360505,PRCP,0,,,a,
ASN00092045,19360506,PRCP,0,,,a,
ASN00092045,19360507,PRCP,0,,,a,
ASN00092045,19360508,PRCP,0,,,a,
ASN00092045,19360509,PRCP,0,,,a,
ASN00092045,19360510,PRCP,0,,,a,
ASN00092045,19360511,PRCP,0,,,a,
ASN00092045,19360512,PRCP,86,,,a,
ASN00092045,19360513,PRCP,25,,,a,
ASN00092045,19360514,PRCP,43,,,a,
ASN00092045,19360515,PRCP,0,,,a,
ASN00092045,19360516,PRCP,0,,,a,
ASN00092045,19360517,PRCP,0,,,a,
ASN00092045,19360518,PRCP,0,,,a,
ASN00092045,19360519,PRCP,0,,,a,
ASN00092045,19360520,PRCP,0,,,a,
ASN00092045,19360521,PRCP,0,,,a,
ASN00092045,19360522,PRCP,0,,,a,
ASN00092045,19360523,PRCP,0,,,a,
ASN00092045,19360524,PRCP,10,,,a,
ASN00092045,19360525,PRCP,0,,,a,
ASN00092045,19360526,PRCP,15,,,a,
ASN00092045,19360527,PRCP,10,,,a,
ASN00092045,19360528,PRCP,15,,,a,
ASN00092045,19360529,PRCP,0,,,a,
ASN00092045,19360530,PRCP,0,,,a,
ASN00092045,19360531,PRCP,38,,,a,
ASN00092045,19360601,PRCP,43,,,a,
ASN00092045,19360602,PRCP,25,,,a,
ASN00092045,19360603,PRCP,33,,,a,
ASN00092045,19360604,PRCP,0,,,a,
ASN00092045,19360605,PRCP,135,,,a,
ASN00092045,19360606,PRCP,5,,,a,
ASN00092045,19360607,PRCP,0,,,a,
ASN00092045,19360608,PRCP,0,,,a,
ASN00092045,19360609,PRCP,5,,,a,
ASN00092045,19360610,PRCP,0,,,a,
ASN00092045,19360611,PRCP,15,,,a,
ASN00092045,19360612,PRCP,8,,,a,
ASN00092045,19360613,PRCP,58,,,a,
ASN00092045,19360614,PRCP,41,,,a,
ASN00092045,19360615,PRCP,0,,,a,
ASN00092045,19360616,PRCP,0,,,a,
ASN00092045,19360617,PRCP,0,,,a,
ASN00092045,19360618,PRCP,0,,,a,
ASN00092045,19360619,PRCP,0,,,a,
ASN00092045,19360620,PRCP,0,,,a,
ASN00092045,19360621,PRCP,0,,,a,
ASN00092045,19360622,PRCP,20,,,a,
ASN00092045,19360623,PRCP,0,,,a,
ASN00092045,19360624,PRCP,0,,,a,
ASN00092045,19360625,PRCP,61,,,a,
ASN00092045,19360626,PRCP,94,,,a,
ASN00092045,19360627,PRCP,0,,,a,
ASN00092045,19360628,PRCP,0,,,a,
ASN00092045,19360629,PRCP,274,,,a,
ASN00092045,19360630,PRCP,0,,,a,
ASN00092045,19360701,PRCP,8,,,a,
ASN00092045,19360702,PRCP,15,,,a,
ASN00092045,19360703,PRCP,0,,,a,
ASN00092045,19360704,PRCP,191,,,a,
ASN00092045,19360705,PRCP,107,,,a,
ASN00092045,19360706,PRCP,0,,,a,
ASN00092045,19360707,PRCP,0,,,a,
ASN00092045,19360708,PRCP,0,,,a,
ASN00092045,19360709,PRCP,0,,,a,
ASN00092045,19360710,PRCP,13,,,a,
ASN00092045,19360711,PRCP,0,,,a,
ASN00092045,19360712,PRCP,0,,,a,
ASN00092045,19360713,PRCP,0,,,a,
ASN00092045,19360714,PRCP,0,,,a,
ASN00092045,19360715,PRCP,0,,,a,
ASN00092045,19360716,PRCP,13,,,a,
ASN00092045,19360717,PRCP,46,,,a,
ASN00092045,19360718,PRCP,25,,,a,
ASN00092045,19360719,PRCP,30,,,a,
ASN00092045,19360720,PRCP,8,,,a,
ASN00092045,19360721,PRCP,8,,,a,
ASN00092045,19360722,PRCP,0,,,a,
ASN00092045,19360723,PRCP,0,,,a,
ASN00092045,19360724,PRCP,94,,,a,
ASN00092045,19360725,PRCP,10,,,a,
ASN00092045,19360726,PRCP,20,,,a,
ASN00092045,19360727,PRCP,264,,,a,
ASN00092045,19360728,PRCP,84,,,a,
ASN00092045,19360729,PRCP,117,,,a,
ASN00092045,19360730,PRCP,28,,,a,
ASN00092045,19360731,PRCP,97,,,a,
ASN00092045,19360801,PRCP,0,,,a,
ASN00092045,19360802,PRCP,0,,,a,
ASN00092045,19360803,PRCP,20,,,a,
ASN00092045,19360804,PRCP,234,,,a,
ASN00092045,19360805,PRCP,107,,,a,
ASN00092045,19360806,PRCP,71,,,a,
ASN00092045,19360807,PRCP,53,,,a,
ASN00092045,19360808,PRCP,0,,,a,
ASN00092045,19360809,PRCP,18,,,a,
ASN00092045,19360810,PRCP,218,,,a,
ASN00092045,19360811,PRCP,89,,,a,
ASN00092045,19360812,PRCP,13,,,a,
ASN00092045,19360813,PRCP,76,,,a,
ASN00092045,19360814,PRCP,76,,,a,
ASN00092045,19360815,PRCP,36,,,a,
ASN00092045,19360816,PRCP,51,,,a,
ASN00092045,19360817,PRCP,10,,,a,
ASN00092045,19360818,PRCP,0,,,a,
ASN00092045,19360819,PRCP,58,,,a,
ASN00092045,19360820,PRCP,51,,,a,
ASN00092045,19360821,PRCP,0,,,a,
ASN00092045,19360822,PRCP,71,,,a,
ASN00092045,19360823,PRCP,30,,,a,
ASN00092045,19360824,PRCP,264,,,a,
ASN00092045,19360825,PRCP,51,,,a,
ASN00092045,19360826,PRCP,0,,,a,
ASN00092045,19360827,PRCP,8,,,a,
ASN00092045,19360828,PRCP,46,,,a,
ASN00092045,19360829,PRCP,13,,,a,
ASN00092045,19360830,PRCP,8,,,a,
ASN00092045,19360831,PRCP,0,,,a,
ASN00092045,19360901,PRCP,0,,,a,
ASN00092045,19360902,PRCP,0,,,a,
ASN00092045,19360903,PRCP,0,,,a,
ASN00092045,19360904,PRCP,0,,,a,
ASN00092045,19360905,PRCP,0,,,a,
ASN00092045,19360906,PRCP,0,,,a,
ASN00092045,19360907,PRCP,0,,,a,
ASN00092045,19360908,PRCP,0,,,a,
ASN00092045,19360909,PRCP,25,,,a,
ASN00092045,19360910,PRCP,15,,,a,
ASN00092045,19360911,PRCP,38,,,a,
ASN00092045,19360912,PRCP,117,,,a,
ASN00092045,19360913,PRCP,5,,,a,
ASN00092045,19360914,PRCP,10,,,a,
ASN00092045,19360915,PRCP,30,,,a,
ASN00092045,19360916,PRCP,53,,,a,
ASN00092045,19360917,PRCP,0,,,a,
ASN00092045,19360918,PRCP,0,,,a,
ASN00092045,19360919,PRCP,0,,,a,
ASN00092045,19360920,PRCP,0,,,a,
ASN00092045,19360921,PRCP,0,,,a,
ASN00092045,19360922,PRCP,0,,,a,
ASN00092045,19360923,PRCP,5,,,a,
ASN00092045,19360924,PRCP,0,,,a,
ASN00092045,19360925,PRCP,0,,,a,
ASN00092045,19360926,PRCP,5,,,a,
ASN00092045,19360927,PRCP,0,,,a,
ASN00092045,19360928,PRCP,0,,,a,
ASN00092045,19360929,PRCP,0,,,a,
ASN00092045,19360930,PRCP,5,,,a,
ASN00092045,19361001,PRCP,10,,,a,
ASN00092045,19361002,PRCP,36,,,a,
ASN00092045,19361003,PRCP,25,,,a,
ASN00092045,19361004,PRCP,0,,,a,
ASN00092045,19361005,PRCP,107,,,a,
ASN00092045,19361006,PRCP,0,,,a,
ASN00092045,19361007,PRCP,0,,,a,
ASN00092045,19361008,PRCP,5,,,a,
ASN00092045,19361009,PRCP,33,,,a,
ASN00092045,19361010,PRCP,0,,,a,
ASN00092045,19361011,PRCP,0,,,a,
ASN00092045,19361012,PRCP,0,,,a,
ASN00092045,19361013,PRCP,0,,,a,
ASN00092045,19361014,PRCP,0,,,a,
ASN00092045,19361015,PRCP,0,,,a,
ASN00092045,19361016,PRCP,0,,,a,
ASN00092045,19361017,PRCP,0,,,a,
ASN00092045,19361018,PRCP,89,,,a,
ASN00092045,19361019,PRCP,25,,,a,
ASN00092045,19361020,PRCP,10,,,a,
ASN00092045,19361021,PRCP,0,,,a,
ASN00092045,19361022,PRCP,0,,,a,
ASN00092045,19361023,PRCP,0,,,a,
ASN00092045,19361024,PRCP,0,,,a,
ASN00092045,19361025,PRCP,20,,,a,
ASN00092045,19361026,PRCP,23,,,a,
ASN00092045,19361027,PRCP,28,,,a,
ASN00092045,19361028,PRCP,0,,,a,
ASN00092045,19361029,PRCP,0,,,a,
ASN00092045,19361030,PRCP,20,,,a,
ASN00092045,19361031,PRCP,5,,,a,
ASN00092045,19361101,PRCP,102,,,a,
ASN00092045,19361102,PRCP,0,,,a,
ASN00092045,19361103,PRCP,0,,,a,
ASN00092045,19361104,PRCP,0,,,a,
ASN00092045,19361105,PRCP,0,,,a,
ASN00092045,19361106,PRCP,0,,,a,
ASN00092045,19361107,PRCP,33,,,a,
ASN00092045,19361108,PRCP,20,,,a,
ASN00092045,19361109,PRCP,0,,,a,
ASN00092045,19361110,PRCP,43,,,a,
ASN00092045,19361111,PRCP,0,,,a,
ASN00092045,19361112,PRCP,38,,,a,
ASN00092045,19361113,PRCP,0,,,a,
ASN00092045,19361114,PRCP,102,,,a,
ASN00092045,19361115,PRCP,25,,,a,
ASN00092045,19361116,PRCP,89,,,a,
ASN00092045,19361117,PRCP,531,,,a,
ASN00092045,19361118,PRCP,0,,,a,
ASN00092045,19361119,PRCP,0,,,a,
ASN00092045,19361120,PRCP,0,,,a,
ASN00092045,19361121,PRCP,0,,,a,
ASN00092045,19361122,PRCP,0,,,a,
ASN00092045,19361123,PRCP,56,,,a,
ASN00092045,19361124,PRCP,0,,,a,
ASN00092045,19361125,PRCP,0,,,a,
ASN00092045,19361126,PRCP,0,,,a,
ASN00092045,19361127,PRCP,0,,,a,
ASN00092045,19361128,PRCP,0,,,a,
ASN00092045,19361129,PRCP,0,,,a,
ASN00092045,19361130,PRCP,0,,,a,
ASN00092045,19361201,PRCP,0,,,a,
ASN00092045,19361202,PRCP,8,,,a,
ASN00092045,19361203,PRCP,5,,,a,
ASN00092045,19361204,PRCP,269,,,a,
ASN00092045,19361205,PRCP,0,,,a,
ASN00092045,19361206,PRCP,0,,,a,
ASN00092045,19361207,PRCP,0,,,a,
ASN00092045,19361208,PRCP,0,,,a,
ASN00092045,19361209,PRCP,0,,,a,
ASN00092045,19361210,PRCP,0,,,a,
ASN00092045,19361211,PRCP,0,,,a,
ASN00092045,19361212,PRCP,97,,,a,
ASN00092045,19361213,PRCP,81,,,a,
ASN00092045,19361214,PRCP,30,,,a,
ASN00092045,19361215,PRCP,25,,,a,
ASN00092045,19361216,PRCP,91,,,a,
ASN00092045,19361217,PRCP,84,,,a,
ASN00092045,19361218,PRCP,10,,,a,
ASN00092045,19361219,PRCP,0,,,a,
ASN00092045,19361220,PRCP,0,,,a,
ASN00092045,19361221,PRCP,0,,,a,
ASN00092045,19361222,PRCP,0,,,a,
ASN00092045,19361223,PRCP,84,,,a,
ASN00092045,19361224,PRCP,89,,,a,
ASN00092045,19361225,PRCP,5,,,a,
ASN00092045,19361226,PRCP,0,,,a,
ASN00092045,19361227,PRCP,0,,,a,
ASN00092045,19361228,PRCP,0,,,a,
ASN00092045,19361229,PRCP,0,,,a,
ASN00092045,19361230,PRCP,0,,,a,
ASN00092045,19361231,PRCP,3,,,a,
ASN00092045,19370101,PRCP,0,,,a,
ASN00092045,19370102,PRCP,279,,,a,
ASN00092045,19370103,PRCP,185,,,a,
ASN00092045,19370104,PRCP,0,,,a,
ASN00092045,19370105,PRCP,0,,,a,
ASN00092045,19370106,PRCP,5,,,a,
ASN00092045,19370107,PRCP,0,,,a,
ASN00092045,19370108,PRCP,0,,,a,
ASN00092045,19370109,PRCP,0,,,a,
ASN00092045,19370110,PRCP,0,,,a,
ASN00092045,19370111,PRCP,0,,,a,
ASN00092045,19370112,PRCP,0,,,a,
ASN00092045,19370113,PRCP,0,,,a,
ASN00092045,19370114,PRCP,0,,,a,
ASN00092045,19370115,PRCP,0,,,a,
ASN00092045,19370116,PRCP,38,,,a,
ASN00092045,19370117,PRCP,5,,,a,
ASN00092045,19370118,PRCP,0,,,a,
ASN00092045,19370119,PRCP,43,,,a,
ASN00092045,19370120,PRCP,0,,,a,
ASN00092045,19370121,PRCP,64,,,a,
ASN00092045,19370122,PRCP,0,,,a,
ASN00092045,19370123,PRCP,0,,,a,
ASN00092045,19370124,PRCP,0,,,a,
ASN00092045,19370125,PRCP,279,,,a,
ASN00092045,19370126,PRCP,8,,,a,
ASN00092045,19370127,PRCP,28,,,a,
ASN00092045,19370128,PRCP,0,,,a,
ASN00092045,19370129,PRCP,0,,,a,
ASN00092045,19370130,PRCP,0,,,a,
ASN00092045,19370131,PRCP,0,,,a,
ASN00092045,19370201,PRCP,0,,,a,
ASN00092045,19370202,PRCP,13,,,a,
ASN00092045,19370203,PRCP,0,,,a,
ASN00092045,19370204,PRCP,89,,,a,
ASN00092045,19370205,PRCP,5,,,a,
ASN00092045,19370206,PRCP,0,,,a,
ASN00092045,19370207,PRCP,0,,,a,
ASN00092045,19370208,PRCP,0,,,a,
ASN00092045,19370209,PRCP,0,,,a,
ASN00092045,19370210,PRCP,0,,,a,
ASN00092045,19370211,PRCP,0,,,a,
ASN00092045,19370212,PRCP,0,,,a,
ASN00092045,19370213,PRCP,0,,,a,
ASN00092045,19370214,PRCP,0,,,a,
ASN00092045,19370215,PRCP,0,,,a,
ASN00092045,19370216,PRCP,0,,,a,
ASN00092045,19370217,PRCP,0,,,a,
ASN00092045,19370218,PRCP,0,,,a,
ASN00092045,19370219,PRCP,0,,,a,
ASN00092045,19370220,PRCP,0,,,a,
ASN00092045,19370221,PRCP,25,,,a,
ASN00092045,19370222,PRCP,64,,,a,
ASN00092045,19370223,PRCP,56,,,a,
ASN00092045,19370224,PRCP,0,,,a,
ASN00092045,19370225,PRCP,0,,,a,
ASN00092045,19370226,PRCP,0,,,a,
ASN00092045,19370227,PRCP,3,,,a,
ASN00092045,19370228,PRCP,0,,,a,
ASN00092045,19370301,PRCP,0,,,a,
ASN00092045,19370302,PRCP,0,,,a,
ASN00092045,19370303,PRCP,0,,,a,
ASN00092045,19370304,PRCP,0,,,a,
ASN00092045,19370305,PRCP,0,,,a,
ASN00092045,19370306,PRCP,0,,,a,
ASN00092045,19370307,PRCP,0,,,a,
ASN00092045,19370308,PRCP,0,,,a,
ASN00092045,19370309,PRCP,0,,,a,
ASN00092045,19370310,PRCP,0,,,a,
ASN00092045,19370311,PRCP,0,,,a,
ASN00092045,19370312,PRCP,0,,,a,
ASN00092045,19370313,PRCP,0,,,a,
ASN00092045,19370314,PRCP,0,,,a,
ASN00092045,19370315,PRCP,0,,,a,
ASN00092045,19370316,PRCP,10,,,a,
ASN00092045,19370317,PRCP,312,,,a,
ASN00092045,19370318,PRCP,188,,,a,
ASN00092045,19370319,PRCP,0,,,a,
ASN00092045,19370320,PRCP,0,,,a,
ASN00092045,19370321,PRCP,0,,,a,
ASN00092045,19370322,PRCP,0,,,a,
ASN00092045,19370323,PRCP,0,,,a,
ASN00092045,19370324,PRCP,3,,,a,
ASN00092045,19370325,PRCP,0,,,a,
ASN00092045,19370326,PRCP,0,,,a,
ASN00092045,19370327,PRCP,0,,,a,
ASN00092045,19370328,PRCP,76,,,a,
ASN00092045,19370329,PRCP,107,,,a,
ASN00092045,19370330,PRCP,13,,,a,
ASN00092045,19370331,PRCP,0,,,a,
ASN00092045,19370401,PRCP,5,,,a,
ASN00092045,19370402,PRCP,0,,,a,
ASN00092045,19370403,PRCP,0,,,a,
ASN00092045,19370404,PRCP,0,,,a,
ASN00092045,19370405,PRCP,0,,,a,
ASN00092045,19370406,PRCP,0,,,a,
ASN00092045,19370407,PRCP,0,,,a,
ASN00092045,19370408,PRCP,28,,,a,
ASN00092045,19370409,PRCP,0,,,a,
ASN00092045,19370410,PRCP,0,,,a,
ASN00092045,19370411,PRCP,0,,,a,
ASN00092045,19370412,PRCP,23,,,a,
ASN00092045,19370413,PRCP,0,,,a,
ASN00092045,19370414,PRCP,0,,,a,
ASN00092045,19370415,PRCP,0,,,a,
ASN00092045,19370416,PRCP,0,,,a,
ASN00092045,19370417,PRCP,0,,,a,
ASN00092045,19370418,PRCP,0,,,a,
ASN00092045,19370419,PRCP,0,,,a,
ASN00092045,19370420,PRCP,0,,,a,
ASN00092045,19370421,PRCP,0,,,a,
ASN00092045,19370422,PRCP,0,,,a,
ASN00092045,19370423,PRCP,0,,,a,
ASN00092045,19370424,PRCP,0,,,a,
ASN00092045,19370425,PRCP,0,,,a,
ASN00092045,19370426,PRCP,0,,,a,
ASN00092045,19370427,PRCP,0,,,a,
ASN00092045,19370428,PRCP,0,,,a,
ASN00092045,19370429,PRCP,41,,,a,
ASN00092045,19370430,PRCP,13,,,a,
ASN00092045,19370501,PRCP,30,,,a,
ASN00092045,19370502,PRCP,5,,,a,
ASN00092045,19370503,PRCP,0,,,a,
ASN00092045,19370504,PRCP,0,,,a,
ASN00092045,19370505,PRCP,0,,,a,
ASN00092045,19370506,PRCP,0,,,a,
ASN00092045,19370507,PRCP,0,,,a,
ASN00092045,19370508,PRCP,38,,,a,
ASN00092045,19370509,PRCP,0,,,a,
ASN00092045,19370510,PRCP,0,,,a,
ASN00092045,19370511,PRCP,23,,,a,
ASN00092045,19370512,PRCP,8,,,a,
ASN00092045,19370513,PRCP,8,,,a,
ASN00092045,19370514,PRCP,0,,,a,
ASN00092045,19370515,PRCP,0,,,a,
ASN00092045,19370516,PRCP,8,,,a,
ASN00092045,19370517,PRCP,0,,,a,
ASN00092045,19370518,PRCP,0,,,a,
ASN00092045,19370519,PRCP,0,,,a,
ASN00092045,19370520,PRCP,0,,,a,
ASN00092045,19370521,PRCP,8,,,a,
ASN00092045,19370522,PRCP,0,,,a,
ASN00092045,19370523,PRCP,18,,,a,
ASN00092045,19370524,PRCP,8,,,a,
ASN00092045,19370525,PRCP,10,,,a,
ASN00092045,19370526,PRCP,0,,,a,
ASN00092045,19370527,PRCP,0,,,a,
ASN00092045,19370528,PRCP,0,,,a,
ASN00092045,19370529,PRCP,64,,,a,
ASN00092045,19370530,PRCP,8,,,a,
ASN00092045,19370531,PRCP,0,,,a,
ASN00092045,19370601,PRCP,18,,,a,
ASN00092045,19370602,PRCP,0,,,a,
ASN00092045,19370603,PRCP,0,,,a,
ASN00092045,19370604,PRCP,0,,,a,
ASN00092045,19370605,PRCP,0,,,a,
ASN00092045,19370606,PRCP,10,,,a,
ASN00092045,19370607,PRCP,0,,,a,
ASN00092045,19370608,PRCP,0,,,a,
ASN00092045,19370609,PRCP,3,,,a,
ASN00092045,19370610,PRCP,15,,,a,
ASN00092045,19370611,PRCP,15,,,a,
ASN00092045,19370612,PRCP,0,,,a,
ASN00092045,19370613,PRCP,0,,,a,
ASN00092045,19370614,PRCP,361,,,a,
ASN00092045,19370615,PRCP,122,,,a,
ASN00092045,19370616,PRCP,30,,,a,
ASN00092045,19370617,PRCP,8,,,a,
ASN00092045,19370618,PRCP,53,,,a,
ASN00092045,19370619,PRCP,25,,,a,
ASN00092045,19370620,PRCP,8,,,a,
ASN00092045,19370621,PRCP,15,,,a,
ASN00092045,19370622,PRCP,13,,,a,
ASN00092045,19370623,PRCP,13,,,a,
ASN00092045,19370624,PRCP,0,,,a,
ASN00092045,19370625,PRCP,5,,,a,
ASN00092045,19370626,PRCP,0,,,a,
ASN00092045,19370627,PRCP,0,,,a,
ASN00092045,19370628,PRCP,0,,,a,
ASN00092045,19370629,PRCP,0,,,a,
ASN00092045,19370630,PRCP,0,,,a,
ASN00092045,19370701,PRCP,3,,,a,
ASN00092045,19370702,PRCP,3,,,a,
ASN00092045,19370703,PRCP,0,,,a,
ASN00092045,19370704,PRCP,5,,,a,
ASN00092045,19370705,PRCP,8,,,a,
ASN00092045,19370706,PRCP,0,,,a,
ASN00092045,19370707,PRCP,0,,,a,
ASN00092045,19370708,PRCP,0,,,a,
ASN00092045,19370709,PRCP,8,,,a,
ASN00092045,19370710,PRCP,18,,,a,
ASN00092045,19370711,PRCP,28,,,a,
ASN00092045,19370712,PRCP,0,,,a,
ASN00092045,19370713,PRCP,0,,,a,
ASN00092045,19370714,PRCP,0,,,a,
ASN00092045,19370715,PRCP,0,,,a,
ASN00092045,19370716,PRCP,13,,,a,
ASN00092045,19370717,PRCP,0,,,a,
ASN00092045,19370718,PRCP,114,,,a,
ASN00092045,19370719,PRCP,0,,,a,
ASN00092045,19370720,PRCP,0,,,a,
ASN00092045,19370721,PRCP,0,,,a,
ASN00092045,19370722,PRCP,3,,,a,
ASN00092045,19370723,PRCP,5,,,a,
ASN00092045,19370724,PRCP,18,,,a,
ASN00092045,19370725,PRCP,0,,,a,
ASN00092045,19370726,PRCP,0,,,a,
ASN00092045,19370727,PRCP,0,,,a,
ASN00092045,19370728,PRCP,0,,,a,
ASN00092045,19370729,PRCP,0,,,a,
ASN00092045,19370730,PRCP,0,,,a,
ASN00092045,19370731,PRCP,0,,,a,
ASN00092045,19370801,PRCP,0,,,a,
ASN00092045,19370802,PRCP,0,,,a,
ASN00092045,19370803,PRCP,46,,,a,
ASN00092045,19370804,PRCP,0,,,a,
ASN00092045,19370805,PRCP,0,,,a,
ASN00092045,19370806,PRCP,0,,,a,
ASN00092045,19370807,PRCP,0,,,a,
ASN00092045,19370808,PRCP,0,,,a,
ASN00092045,19370809,PRCP,0,,,a,
ASN00092045,19370810,PRCP,0,,,a,
ASN00092045,19370811,PRCP,10,,,a,
ASN00092045,19370812,PRCP,0,,,a,
ASN00092045,19370813,PRCP,0,,,a,
ASN00092045,19370814,PRCP,0,,,a,
ASN00092045,19370815,PRCP,0,,,a,
ASN00092045,19370816,PRCP,0,,,a,
ASN00092045,19370817,PRCP,64,,,a,
ASN00092045,19370818,PRCP,0,,,a,
ASN00092045,19370819,PRCP,51,,,a,
ASN00092045,19370820,PRCP,0,,,a,
ASN00092045,19370821,PRCP,0,,,a,
ASN00092045,19370822,PRCP,0,,,a,
ASN00092045,19370823,PRCP,0,,,a,
ASN00092045,19370824,PRCP,0,,,a,
ASN00092045,19370825,PRCP,5,,,a,
ASN00092045,19370826,PRCP,10,,,a,
ASN00092045,19370827,PRCP,5,,,a,
ASN00092045,19370828,PRCP,28,,,a,
ASN00092045,19370829,PRCP,0,,,a,
ASN00092045,19370830,PRCP,30,,,a,
ASN00092045,19370831,PRCP,3,,,a,
ASN00092045,19370901,PRCP,3,,,a,
ASN00092045,19370902,PRCP,297,,,a,
ASN00092045,19370903,PRCP,104,,,a,
ASN00092045,19370904,PRCP,10,,,a,
ASN00092045,19370905,PRCP,5,,,a,
ASN00092045,19370906,PRCP,0,,,a,
ASN00092045,19370907,PRCP,0,,,a,
ASN00092045,19370908,PRCP,0,,,a,
ASN00092045,19370909,PRCP,28,,,a,
ASN00092045,19370910,PRCP,142,,,a,
ASN00092045,19370911,PRCP,0,,,a,
ASN00092045,19370912,PRCP,0,,,a,
ASN00092045,19370913,PRCP,8,,,a,
ASN00092045,19370914,PRCP,0,,,a,
ASN00092045,19370915,PRCP,0,,,a,
ASN00092045,19370916,PRCP,28,,,a,
ASN00092045,19370917,PRCP,0,,,a,
ASN00092045,19370918,PRCP,33,,,a,
ASN00092045,19370919,PRCP,43,,,a,
ASN00092045,19370920,PRCP,20,,,a,
ASN00092045,19370921,PRCP,0,,,a,
ASN00092045,19370922,PRCP,0,,,a,
ASN00092045,19370923,PRCP,0,,,a,
ASN00092045,19370924,PRCP,18,,,a,
ASN00092045,19370925,PRCP,0,,,a,
ASN00092045,19370926,PRCP,0,,,a,
ASN00092045,19370927,PRCP,0,,,a,
ASN00092045,19370928,PRCP,5,,,a,
ASN00092045,19370929,PRCP,0,,,a,
ASN00092045,19370930,PRCP,0,,,a,
ASN00092045,19371001,PRCP,10,,,a,
ASN00092045,19371002,PRCP,0,,,a,
ASN00092045,19371003,PRCP,0,,,a,
ASN00092045,19371004,PRCP,10,,,a,
ASN00092045,19371005,PRCP,0,,,a,
ASN00092045,19371006,PRCP,3,,,a,
ASN00092045,19371007,PRCP,33,,,a,
ASN00092045,19371008,PRCP,0,,,a,
ASN00092045,19371009,PRCP,0,,,a,
ASN00092045,19371010,PRCP,0,,,a,
ASN00092045,19371011,PRCP,0,,,a,
ASN00092045,19371012,PRCP,0,,,a,
ASN00092045,19371013,PRCP,0,,,a,
ASN00092045,19371014,PRCP,8,,,a,
ASN00092045,19371015,PRCP,3,,,a,
ASN00092045,19371016,PRCP,178,,,a,
ASN00092045,19371017,PRCP,295,,,a,
ASN00092045,19371018,PRCP,142,,,a,
ASN00092045,19371019,PRCP,5,,,a,
ASN00092045,19371020,PRCP,0,,,a,
ASN00092045,19371021,PRCP,0,,,a,
ASN00092045,19371022,PRCP,0,,,a,
ASN00092045,19371023,PRCP,0,,,a,
ASN00092045,19371024,PRCP,0,,,a,
ASN00092045,19371025,PRCP,0,,,a,
ASN00092045,19371026,PRCP,0,,,a,
ASN00092045,19371027,PRCP,0,,,a,
ASN00092045,19371028,PRCP,0,,,a,
ASN00092045,19371029,PRCP,0,,,a,
ASN00092045,19371030,PRCP,0,,,a,
ASN00092045,19371031,PRCP,0,,,a,
ASN00092045,19371101,PRCP,0,,,a,
ASN00092045,19371102,PRCP,0,,,a,
ASN00092045,19371103,PRCP,0,,,a,
ASN00092045,19371104,PRCP,0,,,a,
ASN00092045,19371105,PRCP,0,,,a,
ASN00092045,19371106,PRCP,5,,,a,
ASN00092045,19371107,PRCP,0,,,a,
ASN00092045,19371108,PRCP,0,,,a,
ASN00092045,19371109,PRCP,0,,,a,
ASN00092045,19371110,PRCP,0,,,a,
ASN00092045,19371111,PRCP,0,,,a,
ASN00092045,19371112,PRCP,5,,,a,
ASN00092045,19371113,PRCP,112,,,a,
ASN00092045,19371114,PRCP,5,,,a,
ASN00092045,19371115,PRCP,3,,,a,
ASN00092045,19371116,PRCP,5,,,a,
ASN00092045,19371117,PRCP,0,,,a,
ASN00092045,19371118,PRCP,0,,,a,
ASN00092045,19371119,PRCP,0,,,a,
ASN00092045,19371120,PRCP,0,,,a,
ASN00092045,19371121,PRCP,0,,,a,
ASN00092045,19371122,PRCP,41,,,a,
ASN00092045,19371123,PRCP,0,,,a,
ASN00092045,19371124,PRCP,0,,,a,
ASN00092045,19371125,PRCP,0,,,a,
ASN00092045,19371126,PRCP,0,,,a,
ASN00092045,19371127,PRCP,0,,,a,
ASN00092045,19371128,PRCP,0,,,a,
ASN00092045,19371129,PRCP,0,,,a,
ASN00092045,19371130,PRCP,0,,,a,
ASN00092045,19371201,PRCP,0,,,a,
ASN00092045,19371202,PRCP,15,,,a,
ASN00092045,19371203,PRCP,114,,,a,
ASN00092045,19371204,PRCP,3,,,a,
ASN00092045,19371205,PRCP,0,,,a,
ASN00092045,19371206,PRCP,0,,,a,
ASN00092045,19371207,PRCP,0,,,a,
ASN00092045,19371208,PRCP,28,,,a,
ASN00092045,19371209,PRCP,5,,,a,
ASN00092045,19371210,PRCP,0,,,a,
ASN00092045,19371211,PRCP,18,,,a,
ASN00092045,19371212,PRCP,102,,,a,
ASN00092045,19371213,PRCP,5,,,a,
ASN00092045,19371214,PRCP,0,,,a,
ASN00092045,19371215,PRCP,5,,,a,
ASN00092045,19371216,PRCP,0,,,a,
ASN00092045,19371217,PRCP,0,,,a,
ASN00092045,19371218,PRCP,0,,,a,
ASN00092045,19371219,PRCP,0,,,a,
ASN00092045,19371220,PRCP,0,,,a,
ASN00092045,19371221,PRCP,0,,,a,
ASN00092045,19371222,PRCP,0,,,a,
ASN00092045,19371223,PRCP,0,,,a,
ASN00092045,19371224,PRCP,0,,,a,
ASN00092045,19371225,PRCP,0,,,a,
ASN00092045,19371226,PRCP,127,,,a,
ASN00092045,19371227,PRCP,193,,,a,
ASN00092045,19371228,PRCP,3,,,a,
ASN00092045,19371229,PRCP,0,,,a,
ASN00092045,19371230,PRCP,0,,,a,
ASN00092045,19371231,PRCP,0,,,a,
ASN00092045,19380101,PRCP,0,,,a,
ASN00092045,19380102,PRCP,28,,,a,
ASN00092045,19380103,PRCP,0,,,a,
ASN00092045,19380104,PRCP,36,,,a,
ASN00092045,19380105,PRCP,0,,,a,
ASN00092045,19380106,PRCP,0,,,a,
ASN00092045,19380107,PRCP,10,,,a,
ASN00092045,19380108,PRCP,64,,,a,
ASN00092045,19380109,PRCP,0,,,a,
ASN00092045,19380110,PRCP,0,,,a,
ASN00092045,19380111,PRCP,0,,,a,
ASN00092045,19380112,PRCP,0,,,a,
ASN00092045,19380113,PRCP,8,,,a,
ASN00092045,19380114,PRCP,3,,,a,
ASN00092045,19380115,PRCP,15,,,a,
ASN00092045,19380116,PRCP,25,,,a,
ASN00092045,19380117,PRCP,0,,,a,
ASN00092045,19380118,PRCP,0,,,a,
ASN00092045,19380119,PRCP,0,,,a,
ASN00092045,19380120,PRCP,0,,,a,
ASN00092045,19380121,PRCP,5,,,a,
ASN00092045,19380122,PRCP,5,,,a,
ASN00092045,19380123,PRCP,0,,,a,
ASN00092045,19380124,PRCP,0,,,a,
ASN00092045,19380125,PRCP,0,,,a,
ASN00092045,19380126,PRCP,0,,,a,
ASN00092045,19380127,PRCP,99,,,a,
ASN00092045,19380128,PRCP,0,,,a,
ASN00092045,19380129,PRCP,0,,,a,
ASN00092045,19380130,PRCP,0,,,a,
ASN00092045,19380131,PRCP,0,,,a,
ASN00092045,19380201,PRCP,3,,,a,
ASN00092045,19380202,PRCP,0,,,a,
ASN00092045,19380203,PRCP,170,,,a,
ASN00092045,19380204,PRCP,3,,,a,
ASN00092045,19380205,PRCP,599,,,a,
ASN00092045,19380206,PRCP,0,,,a,
ASN00092045,19380207,PRCP,5,,,a,
ASN00092045,19380208,PRCP,3,,,a,
ASN00092045,19380209,PRCP,0,,,a,
ASN00092045,19380210,PRCP,0,,,a,
ASN00092045,19380211,PRCP,0,,,a,
ASN00092045,19380212,PRCP,0,,,a,
ASN00092045,19380213,PRCP,0,,,a,
ASN00092045,19380214,PRCP,5,,,a,
ASN00092045,19380215,PRCP,0,,,a,
ASN00092045,19380216,PRCP,0,,,a,
ASN00092045,19380217,PRCP,0,,,a,
ASN00092045,19380218,PRCP,0,,,a,
ASN00092045,19380219,PRCP,0,,,a,
ASN00092045,19380220,PRCP,10,,,a,
ASN00092045,19380221,PRCP,0,,,a,
ASN00092045,19380222,PRCP,18,,,a,
ASN00092045,19380223,PRCP,89,,,a,
ASN00092045,19380224,PRCP,8,,,a,
ASN00092045,19380225,PRCP,58,,,a,
ASN00092045,19380226,PRCP,0,,,a,
ASN00092045,19380227,PRCP,3,,,a,
ASN00092045,19380228,PRCP,3,,,a,
ASN00092045,19380301,PRCP,0,,,a,
ASN00092045,19380302,PRCP,0,,,a,
ASN00092045,19380303,PRCP,3,,,a,
ASN00092045,19380304,PRCP,0,,,a,
ASN00092045,19380305,PRCP,0,,,a,
ASN00092045,19380306,PRCP,25,,,a,
ASN00092045,19380307,PRCP,33,,,a,
ASN00092045,19380308,PRCP,5,,,a,
ASN00092045,19380309,PRCP,0,,,a,
ASN00092045,19380310,PRCP,0,,,a,
ASN00092045,19380311,PRCP,0,,,a,
ASN00092045,19380312,PRCP,3,,,a,
ASN00092045,19380313,PRCP,0,,,a,
ASN00092045,19380314,PRCP,36,,,a,
ASN00092045,19380315,PRCP,13,,,a,
ASN00092045,19380316,PRCP,274,,,a,
ASN00092045,19380317,PRCP,206,,,a,
ASN00092045,19380318,PRCP,51,,,a,
ASN00092045,19380319,PRCP,46,,,a,
ASN00092045,19380320,PRCP,0,,,a,
ASN00092045,19380321,PRCP,0,,,a,
ASN00092045,19380322,PRCP,0,,,a,
ASN00092045,19380323,PRCP,0,,,a,
ASN00092045,19380324,PRCP,0,,,a,
ASN00092045,19380325,PRCP,0,,,a,
ASN00092045,19380326,PRCP,0,,,a,
ASN00092045,19380327,PRCP,0,,,a,
ASN00092045,19380328,PRCP,0,,,a,
ASN00092045,19380329,PRCP,0,,,a,
ASN00092045,19380330,PRCP,0,,,a,
ASN00092045,19380331,PRCP,0,,,a,
ASN00092045,19380401,PRCP,48,,,a,
ASN00092045,19380402,PRCP,3,,,a,
ASN00092045,19380403,PRCP,0,,,a,
ASN00092045,19380404,PRCP,0,,,a,
ASN00092045,19380405,PRCP,0,,,a,
ASN00092045,19380406,PRCP,0,,,a,
ASN00092045,19380407,PRCP,0,,,a,
ASN00092045,19380408,PRCP,0,,,a,
ASN00092045,19380409,PRCP,0,,,a,
ASN00092045,19380410,PRCP,0,,,a,
ASN00092045,19380411,PRCP,0,,,a,
ASN00092045,19380412,PRCP,5,,,a,
ASN00092045,19380413,PRCP,76,,,a,
ASN00092045,19380414,PRCP,0,,,a,
ASN00092045,19380415,PRCP,0,,,a,
ASN00092045,19380416,PRCP,0,,,a,
ASN00092045,19380417,PRCP,145,,,a,
ASN00092045,19380418,PRCP,0,,,a,
ASN00092045,19380419,PRCP,0,,,a,
ASN00092045,19380420,PRCP,0,,,a,
ASN00092045,19380421,PRCP,0,,,a,
ASN00092045,19380422,PRCP,0,,,a,
ASN00092045,19380423,PRCP,13,,,a,
ASN00092045,19380424,PRCP,10,,,a,
ASN00092045,19380425,PRCP,71,,,a,
ASN00092045,19380426,PRCP,46,,,a,
ASN00092045,19380427,PRCP,66,,,a,
ASN00092045,19380428,PRCP,0,,,a,
ASN00092045,19380429,PRCP,0,,,a,
ASN00092045,19380430,PRCP,0,,,a,
ASN00092045,19380501,PRCP,0,,,a,
ASN00092045,19380502,PRCP,3,,,a,
ASN00092045,19380503,PRCP,38,,,a,
ASN00092045,19380504,PRCP,53,,,a,
ASN00092045,19380505,PRCP,0,,,a,
ASN00092045,19380506,PRCP,0,,,a,
ASN00092045,19380507,PRCP,0,,,a,
ASN00092045,19380508,PRCP,3,,,a,
ASN00092045,19380509,PRCP,10,,,a,
ASN00092045,19380510,PRCP,0,,,a,
ASN00092045,19380511,PRCP,0,,,a,
ASN00092045,19380512,PRCP,3,,,a,
ASN00092045,19380513,PRCP,3,,,a,
ASN00092045,19380514,PRCP,0,,,a,
ASN00092045,19380515,PRCP,0,,,a,
ASN00092045,19380516,PRCP,8,,,a,
ASN00092045,19380517,PRCP,0,,,a,
ASN00092045,19380518,PRCP,0,,,a,
ASN00092045,19380519,PRCP,0,,,a,
ASN00092045,19380520,PRCP,3,,,a,
ASN00092045,19380521,PRCP,0,,,a,
ASN00092045,19380522,PRCP,3,,,a,
ASN00092045,19380523,PRCP,5,,,a,
ASN00092045,19380524,PRCP,0,,,a,
ASN00092045,19380525,PRCP,3,,,a,
ASN00092045,19380526,PRCP,20,,,a,
ASN00092045,19380527,PRCP,84,,,a,
ASN00092045,19380528,PRCP,5,,,a,
ASN00092045,19380529,PRCP,53,,,a,
ASN00092045,19380530,PRCP,41,,,a,
ASN00092045,19380531,PRCP,20,,,a,
ASN00092045,19380601,PRCP,292,,,a,
ASN00092045,19380602,PRCP,8,,,a,
ASN00092045,19380603,PRCP,0,,,a,
ASN00092045,19380604,PRCP,0,,,a,
ASN00092045,19380605,PRCP,5,,,a,
ASN00092045,19380606,PRCP,48,,,a,
ASN00092045,19380607,PRCP,218,,,a,
ASN00092045,19380608,PRCP,3,,,a,
ASN00092045,19380609,PRCP,10,,,a,
ASN00092045,19380610,PRCP,0,,,a,
ASN00092045,19380611,PRCP,0,,,a,
ASN00092045,19380612,PRCP,0,,,a,
ASN00092045,19380613,PRCP,0,,,a,
ASN00092045,19380614,PRCP,0,,,a,
ASN00092045,19380615,PRCP,0,,,a,
ASN00092045,19380616,PRCP,58,,,a,
ASN00092045,19380617,PRCP,5,,,a,
ASN00092045,19380618,PRCP,0,,,a,
ASN00092045,19380619,PRCP,0,,,a,
ASN00092045,19380620,PRCP,0,,,a,
ASN00092045,19380621,PRCP,0,,,a,
ASN00092045,19380622,PRCP,0,,,a,
ASN00092045,19380623,PRCP,5,,,a,
ASN00092045,19380624,PRCP,3,,,a,
ASN00092045,19380625,PRCP,137,,,a,
ASN00092045,19380626,PRCP,0,,,a,
ASN00092045,19380627,PRCP,8,,,a,
ASN00092045,19380628,PRCP,0,,,a,
ASN00092045,19380629,PRCP,0,,,a,
ASN00092045,19380630,PRCP,0,,,a,
ASN00092045,19380701,PRCP,0,,,a,
ASN00092045,19380702,PRCP,0,,,a,
ASN00092045,19380703,PRCP,0,,,a,
ASN00092045,19380704,PRCP,0,,,a,
ASN00092045,19380705,PRCP,10,,,a,
ASN00092045,19380706,PRCP,376,,,a,
ASN00092045,19380707,PRCP,0,,,a,
ASN00092045,19380708,PRCP,3,,,a,
ASN00092045,19380709,PRCP,0,,,a,
ASN00092045,19380710,PRCP,0,,,a,
ASN00092045,19380711,PRCP,3,,,a,
ASN00092045,19380712,PRCP,0,,,a,
ASN00092045,19380713,PRCP,0,,,a,
ASN00092045,19380714,PRCP,33,,,a,
ASN00092045,19380715,PRCP,3,,,a,
ASN00092045,19380716,PRCP,206,,,a,
ASN00092045,19380717,PRCP,8,,,a,
ASN00092045,19380718,PRCP,36,,,a,
ASN00092045,19380719,PRCP,0,,,a,
ASN00092045,19380720,PRCP,33,,,a,
ASN00092045,19380721,PRCP,15,,,a,
ASN00092045,19380722,PRCP,33,,,a,
ASN00092045,19380723,PRCP,97,,,a,
ASN00092045,19380724,PRCP,0,,,a,
ASN00092045,19380725,PRCP,23,,,a,
ASN00092045,19380726,PRCP,3,,,a,
ASN00092045,19380727,PRCP,5,,,a,
ASN00092045,19380728,PRCP,28,,,a,
ASN00092045,19380729,PRCP,64,,,a,
ASN00092045,19380730,PRCP,254,,,a,
ASN00092045,19380731,PRCP,15,,,a,
ASN00092045,19380801,PRCP,23,,,a,
ASN00092045,19380802,PRCP,140,,,a,
ASN00092045,19380803,PRCP,0,,,a,
ASN00092045,19380804,PRCP,0,,,a,
ASN00092045,19380805,PRCP,13,,,a,
ASN00092045,19380806,PRCP,0,,,a,
ASN00092045,19380807,PRCP,3,,,a,
ASN00092045,19380808,PRCP,0,,,a,
ASN00092045,19380809,PRCP,0,,,a,
ASN00092045,19380810,PRCP,0,,,a,
ASN00092045,19380811,PRCP,0,,,a,
ASN00092045,19380812,PRCP,0,,,a,
ASN00092045,19380813,PRCP,0,,,a,
ASN00092045,19380814,PRCP,0,,,a,
ASN00092045,19380815,PRCP,41,,,a,
ASN00092045,19380816,PRCP,0,,,a,
ASN00092045,19380817,PRCP,0,,,a,
ASN00092045,19380818,PRCP,0,,,a,
ASN00092045,19380819,PRCP,0,,,a,
ASN00092045,19380820,PRCP,0,,,a,
ASN00092045,19380821,PRCP,0,,,a,
ASN00092045,19380822,PRCP,0,,,a,
ASN00092045,19380823,PRCP,5,,,a,
ASN00092045,19380824,PRCP,0,,,a,
ASN00092045,19380825,PRCP,13,,,a,
ASN00092045,19380826,PRCP,5,,,a,
ASN00092045,19380827,PRCP,38,,,a,
ASN00092045,19380828,PRCP,64,,,a,
ASN00092045,19380829,PRCP,0,,,a,
ASN00092045,19380830,PRCP,0,,,a,
ASN00092045,19380831,PRCP,0,,,a,
ASN00092045,19380901,PRCP,0,,,a,
ASN00092045,19380902,PRCP,3,,,a,
ASN00092045,19380903,PRCP,0,,,a,
ASN00092045,19380904,PRCP,46,,,a,
ASN00092045,19380905,PRCP,20,,,a,
ASN00092045,19380906,PRCP,3,,,a,
ASN00092045,19380907,PRCP,0,,,a,
ASN00092045,19380908,PRCP,0,,,a,
ASN00092045,19380909,PRCP,3,,,a,
ASN00092045,19380910,PRCP,3,,,a,
ASN00092045,19380911,PRCP,0,,,a,
ASN00092045,19380912,PRCP,5,,,a,
ASN00092045,19380913,PRCP,0,,,a,
ASN00092045,19380914,PRCP,8,,,a,
ASN00092045,19380915,PRCP,5,,,a,
ASN00092045,19380916,PRCP,91,,,a,
ASN00092045,19380917,PRCP,46,,,a,
ASN00092045,19380918,PRCP,0,,,a,
ASN00092045,19380919,PRCP,0,,,a,
ASN00092045,19380920,PRCP,0,,,a,
ASN00092045,19380921,PRCP,0,,,a,
ASN00092045,19380922,PRCP,0,,,a,
ASN00092045,19380923,PRCP,5,,,a,
ASN00092045,19380924,PRCP,0,,,a,
ASN00092045,19380925,PRCP,3,,,a,
ASN00092045,19380926,PRCP,0,,,a,
ASN00092045,19380927,PRCP,0,,,a,
ASN00092045,19380928,PRCP,3,,,a,
ASN00092045,19380929,PRCP,0,,,a,
ASN00092045,19380930,PRCP,3,,,a,
ASN00092045,19381001,PRCP,20,,,a,
ASN00092045,19381002,PRCP,0,,,a,
ASN00092045,19381003,PRCP,0,,,a,
ASN00092045,19381004,PRCP,0,,,a,
ASN00092045,19381005,PRCP,0,,,a,
ASN00092045,19381006,PRCP,0,,,a,
ASN00092045,19381007,PRCP,0,,,a,
ASN00092045,19381008,PRCP,25,,,a,
ASN00092045,19381009,PRCP,0,,,a,
ASN00092045,19381010,PRCP,0,,,a,
ASN00092045,19381011,PRCP,0,,,a,
ASN00092045,19381012,PRCP,0,,,a,
ASN00092045,19381013,PRCP,13,,,a,
ASN00092045,19381014,PRCP,0,,,a,
ASN00092045,19381015,PRCP,0,,,a,
ASN00092045,19381016,PRCP,0,,,a,
ASN00092045,19381017,PRCP,0,,,a,
ASN00092045,19381018,PRCP,0,,,a,
ASN00092045,19381019,PRCP,0,,,a,
ASN00092045,19381020,PRCP,23,,,a,
ASN00092045,19381021,PRCP,25,,,a,
ASN00092045,19381022,PRCP,5,,,a,
ASN00092045,19381023,PRCP,0,,,a,
ASN00092045,19381024,PRCP,0,,,a,
ASN00092045,19381025,PRCP,0,,,a,
ASN00092045,19381026,PRCP,0,,,a,
ASN00092045,19381027,PRCP,38,,,a,
ASN00092045,19381028,PRCP,0,,,a,
ASN00092045,19381029,PRCP,56,,,a,
ASN00092045,19381030,PRCP,64,,,a,
ASN00092045,19381031,PRCP,23,,,a,
ASN00092045,19381101,PRCP,3,,,a,
ASN00092045,19381102,PRCP,3,,,a,
ASN00092045,19381103,PRCP,0,,,a,
ASN00092045,19381104,PRCP,20,,,a,
ASN00092045,19381105,PRCP,10,,,a,
ASN00092045,19381106,PRCP,0,,,a,
ASN00092045,19381107,PRCP,15,,,a,
ASN00092045,19381108,PRCP,0,,,a,
ASN00092045,19381109,PRCP,0,,,a,
ASN00092045,19381110,PRCP,30,,,a,
ASN00092045,19381111,PRCP,3,,,a,
ASN00092045,19381112,PRCP,5,,,a,
ASN00092045,19381113,PRCP,0,,,a,
ASN00092045,19381114,PRCP,0,,,a,
ASN00092045,19381115,PRCP,0,,,a,
ASN00092045,19381116,PRCP,0,,,a,
ASN00092045,19381117,PRCP,0,,,a,
ASN00092045,19381118,PRCP,8,,,a,
ASN00092045,19381119,PRCP,0,,,a,
ASN00092045,19381120,PRCP,0,,,a,
ASN00092045,19381121,PRCP,0,,,a,
ASN00092045,19381122,PRCP,20,,,a,
ASN00092045,19381123,PRCP,0,,,a,
ASN00092045,19381124,PRCP,0,,,a,
ASN00092045,19381125,PRCP,0,,,a,
ASN00092045,19381126,PRCP,0,,,a,
ASN00092045,19381127,PRCP,0,,,a,
ASN00092045,19381128,PRCP,30,,,a,
ASN00092045,19381129,PRCP,15,,,a,
ASN00092045,19381130,PRCP,74,,,a,
ASN00092045,19381201,PRCP,5,,,a,
ASN00092045,19381202,PRCP,79,,,a,
ASN00092045,19381203,PRCP,0,,,a,
ASN00092045,19381204,PRCP,0,,,a,
ASN00092045,19381205,PRCP,0,,,a,
ASN00092045,19381206,PRCP,3,,,a,
ASN00092045,19381207,PRCP,43,,,a,
ASN00092045,19381208,PRCP,0,,,a,
ASN00092045,19381209,PRCP,0,,,a,
ASN00092045,19381210,PRCP,198,,,a,
ASN00092045,19381211,PRCP,36,,,a,
ASN00092045,19381212,PRCP,0,,,a,
ASN00092045,19381213,PRCP,8,,,a,
ASN00092045,19381214,PRCP,0,,,a,
ASN00092045,19381215,PRCP,0,,,a,
ASN00092045,19381216,PRCP,0,,,a,
ASN00092045,19381217,PRCP,0,,,a,
ASN00092045,19381218,PRCP,0,,,a,
ASN00092045,19381219,PRCP,0,,,a,
ASN00092045,19381220,PRCP,0,,,a,
ASN00092045,19381221,PRCP,0,,,a,
ASN00092045,19381222,PRCP,0,,,a,
ASN00092045,19381223,PRCP,8,,,a,
ASN00092045,19381224,PRCP,0,,,a,
ASN00092045,19381225,PRCP,0,,,a,
ASN00092045,19381226,PRCP,0,,,a,
ASN00092045,19381227,PRCP,0,,,a,
ASN00092045,19381228,PRCP,3,,,a,
ASN00092045,19381229,PRCP,0,,,a,
ASN00092045,19381230,PRCP,0,,,a,
ASN00092045,19381231,PRCP,0,,,a,
ASN00092045,19390101,PRCP,0,,,a,
ASN00092045,19390102,PRCP,0,,,a,
ASN00092045,19390103,PRCP,0,,,a,
ASN00092045,19390104,PRCP,5,,,a,
ASN00092045,19390105,PRCP,0,,,a,
ASN00092045,19390106,PRCP,0,,,a,
ASN00092045,19390107,PRCP,0,,,a,
ASN00092045,19390108,PRCP,0,,,a,
ASN00092045,19390109,PRCP,0,,,a,
ASN00092045,19390110,PRCP,0,,,a,
ASN00092045,19390111,PRCP,0,,,a,
ASN00092045,19390112,PRCP,0,,,a,
ASN00092045,19390113,PRCP,0,,,a,
ASN00092045,19390114,PRCP,0,,,a,
ASN00092045,19390115,PRCP,0,,,a,
ASN00092045,19390116,PRCP,0,,,a,
ASN00092045,19390117,PRCP,0,,,a,
ASN00092045,19390118,PRCP,0,,,a,
ASN00092045,19390119,PRCP,0,,,a,
ASN00092045,19390120,PRCP,0,,,a,
ASN00092045,19390121,PRCP,0,,,a,
ASN00092045,19390122,PRCP,0,,,a,
ASN00092045,19390123,PRCP,0,,,a,
ASN00092045,19390124,PRCP,0,,,a,
ASN00092045,19390125,PRCP,0,,,a,
ASN00092045,19390126,PRCP,0,,,a,
ASN00092045,19390127,PRCP,0,,,a,
ASN00092045,19390128,PRCP,0,,,a,
ASN00092045,19390129,PRCP,0,,,a,
ASN00092045,19390130,PRCP,0,,,a,
ASN00092045,19390131,PRCP,0,,,a,
ASN00092045,19390201,PRCP,0,,,a,
ASN00092045,19390202,PRCP,0,,,a,
ASN00092045,19390203,PRCP,0,,,a,
ASN00092045,19390204,PRCP,0,,,a,
ASN00092045,19390205,PRCP,0,,,a,
ASN00092045,19390206,PRCP,0,,,a,
ASN00092045,19390207,PRCP,0,,,a,
ASN00092045,19390208,PRCP,0,,,a,
ASN00092045,19390209,PRCP,0,,,a,
ASN00092045,19390210,PRCP,0,,,a,
ASN00092045,19390211,PRCP,0,,,a,
ASN00092045,19390212,PRCP,0,,,a,
ASN00092045,19390213,PRCP,0,,,a,
ASN00092045,19390214,PRCP,0,,,a,
ASN00092045,19390215,PRCP,0,,,a,
ASN00092045,19390216,PRCP,3,,,a,
ASN00092045,19390217,PRCP,196,,,a,
ASN00092045,19390218,PRCP,490,,,a,
ASN00092045,19390219,PRCP,3,,,a,
ASN00092045,19390220,PRCP,0,,,a,
ASN00092045,19390221,PRCP,0,,,a,
ASN00092045,19390222,PRCP,0,,,a,
ASN00092045,19390223,PRCP,0,,,a,
ASN00092045,19390224,PRCP,99,,,a,
ASN00092045,19390225,PRCP,0,,,a,
ASN00092045,19390226,PRCP,137,,,a,
ASN00092045,19390227,PRCP,254,,,a,
ASN00092045,19390228,PRCP,81,,,a,
ASN00092045,19390301,PRCP,104,,,a,
ASN00092045,19390302,PRCP,3,,,a,
ASN00092045,19390303,PRCP,0,,,a,
ASN00092045,19390304,PRCP,0,,,a,
ASN00092045,19390305,PRCP,15,,,a,
ASN00092045,19390306,PRCP,43,,,a,
ASN00092045,19390307,PRCP,0,,,a,
ASN00092045,19390308,PRCP,10,,,a,
ASN00092045,19390309,PRCP,0,,,a,
ASN00092045,19390310,PRCP,0,,,a,
ASN00092045,19390311,PRCP,10,,,a,
ASN00092045,19390312,PRCP,8,,,a,
ASN00092045,19390313,PRCP,46,,,a,
ASN00092045,19390314,PRCP,0,,,a,
ASN00092045,19390315,PRCP,0,,,a,
ASN00092045,19390316,PRCP,0,,,a,
ASN00092045,19390317,PRCP,0,,,a,
ASN00092045,19390318,PRCP,3,,,a,
ASN00092045,19390319,PRCP,0,,,a,
ASN00092045,19390320,PRCP,0,,,a,
ASN00092045,19390321,PRCP,0,,,a,
ASN00092045,19390322,PRCP,0,,,a,
ASN00092045,19390323,PRCP,20,,,a,
ASN00092045,19390324,PRCP,0,,,a,
ASN00092045,19390325,PRCP,5,,,a,
ASN00092045,19390326,PRCP,0,,,a,
ASN00092045,19390327,PRCP,0,,,a,
ASN00092045,19390328,PRCP,0,,,a,
ASN00092045,19390329,PRCP,3,,,a,
ASN00092045,19390330,PRCP,15,,,a,
ASN00092045,19390331,PRCP,0,,,a,
ASN00092045,19390401,PRCP,0,,,a,
ASN00092045,19390402,PRCP,33,,,a,
ASN00092045,19390403,PRCP,0,,,a,
ASN00092045,19390404,PRCP,5,,,a,
ASN00092045,19390405,PRCP,3,,,a,
ASN00092045,19390406,PRCP,0,,,a,
ASN00092045,19390407,PRCP,8,,,a,
ASN00092045,19390408,PRCP,0,,,a,
ASN00092045,19390409,PRCP,58,,,a,
ASN00092045,19390410,PRCP,8,,,a,
ASN00092045,19390411,PRCP,0,,,a,
ASN00092045,19390412,PRCP,0,,,a,
ASN00092045,19390413,PRCP,3,,,a,
ASN00092045,19390414,PRCP,0,,,a,
ASN00092045,19390415,PRCP,0,,,a,
ASN00092045,19390416,PRCP,5,,,a,
ASN00092045,19390417,PRCP,3,,,a,
ASN00092045,19390418,PRCP,8,,,a,
ASN00092045,19390419,PRCP,0,,,a,
ASN00092045,19390420,PRCP,0,,,a,
ASN00092045,19390421,PRCP,3,,,a,
ASN00092045,19390422,PRCP,0,,,a,
ASN00092045,19390423,PRCP,0,,,a,
ASN00092045,19390424,PRCP,107,,,a,
ASN00092045,19390425,PRCP,43,,,a,
ASN00092045,19390426,PRCP,0,,,a,
ASN00092045,19390427,PRCP,3,,,a,
ASN00092045,19390428,PRCP,0,,,a,
ASN00092045,19390429,PRCP,3,,,a,
ASN00092045,19390430,PRCP,3,,,a,
ASN00092045,19390501,PRCP,3,,,a,
ASN00092045,19390502,PRCP,48,,,a,
ASN00092045,19390503,PRCP,13,,,a,
ASN00092045,19390504,PRCP,3,,,a,
ASN00092045,19390505,PRCP,10,,,a,
ASN00092045,19390506,PRCP,0,,,a,
ASN00092045,19390507,PRCP,0,,,a,
ASN00092045,19390508,PRCP,0,,,a,
ASN00092045,19390509,PRCP,0,,,a,
ASN00092045,19390510,PRCP,3,,,a,
ASN00092045,19390511,PRCP,3,,,a,
ASN00092045,19390512,PRCP,0,,,a,
ASN00092045,19390513,PRCP,13,,,a,
ASN00092045,19390514,PRCP,30,,,a,
ASN00092045,19390515,PRCP,0,,,a,
ASN00092045,19390516,PRCP,264,,,a,
ASN00092045,19390517,PRCP,155,,,a,
ASN00092045,19390518,PRCP,5,,,a,
ASN00092045,19390519,PRCP,3,,,a,
ASN00092045,19390520,PRCP,10,,,a,
ASN00092045,19390521,PRCP,84,,,a,
ASN00092045,19390522,PRCP,8,,,a,
ASN00092045,19390523,PRCP,5,,,a,
ASN00092045,19390524,PRCP,0,,,a,
ASN00092045,19390525,PRCP,0,,,a,
ASN00092045,19390526,PRCP,0,,,a,
ASN00092045,19390527,PRCP,0,,,a,
ASN00092045,19390528,PRCP,0,,,a,
ASN00092045,19390529,PRCP,0,,,a,
ASN00092045,19390530,PRCP,0,,,a,
ASN00092045,19390531,PRCP,0,,,a,
ASN00092045,19390601,PRCP,419,,,a,
ASN00092045,19390602,PRCP,254,,,a,
ASN00092045,19390603,PRCP,3,,,a,
ASN00092045,19390604,PRCP,236,,,a,
ASN00092045,19390605,PRCP,229,,,a,
ASN00092045,19390606,PRCP,25,,,a,
ASN00092045,19390607,PRCP,0,,,a,
ASN00092045,19390608,PRCP,64,,,a,
ASN00092045,19390609,PRCP,0,,,a,
ASN00092045,19390610,PRCP,0,,,a,
ASN00092045,19390611,PRCP,0,,,a,
ASN00092045,19390612,PRCP,0,,,a,
ASN00092045,19390613,PRCP,0,,,a,
ASN00092045,19390614,PRCP,3,,,a,
ASN00092045,19390615,PRCP,3,,,a,
ASN00092045,19390616,PRCP,5,,,a,
ASN00092045,19390617,PRCP,163,,,a,
ASN00092045,19390618,PRCP,28,,,a,
ASN00092045,19390619,PRCP,0,,,a,
ASN00092045,19390620,PRCP,5,,,a,
ASN00092045,19390621,PRCP,84,,,a,
ASN00092045,19390622,PRCP,28,,,a,
ASN00092045,19390623,PRCP,8,,,a,
ASN00092045,19390624,PRCP,53,,,a,
ASN00092045,19390625,PRCP,0,,,a,
ASN00092045,19390626,PRCP,38,,,a,
ASN00092045,19390627,PRCP,216,,,a,
ASN00092045,19390628,PRCP,3,,,a,
ASN00092045,19390629,PRCP,0,,,a,
ASN00092045,19390630,PRCP,10,,,a,
ASN00092045,19390701,PRCP,0,,,a,
ASN00092045,19390702,PRCP,0,,,a,
ASN00092045,19390703,PRCP,0,,,a,
ASN00092045,19390704,PRCP,0,,,a,
ASN00092045,19390705,PRCP,0,,,a,
ASN00092045,19390706,PRCP,13,,,a,
ASN00092045,19390707,PRCP,18,,,a,
ASN00092045,19390708,PRCP,0,,,a,
ASN00092045,19390709,PRCP,3,,,a,
ASN00092045,19390710,PRCP,150,,,a,
ASN00092045,19390711,PRCP,211,,,a,
ASN00092045,19390712,PRCP,0,,,a,
ASN00092045,19390713,PRCP,0,,,a,
ASN00092045,19390714,PRCP,3,,,a,
ASN00092045,19390715,PRCP,0,,,a,
ASN00092045,19390716,PRCP,0,,,a,
ASN00092045,19390717,PRCP,18,,,a,
ASN00092045,19390718,PRCP,135,,,a,
ASN00092045,19390719,PRCP,13,,,a,
ASN00092045,19390720,PRCP,8,,,a,
ASN00092045,19390721,PRCP,0,,,a,
ASN00092045,19390722,PRCP,0,,,a,
ASN00092045,19390723,PRCP,0,,,a,
ASN00092045,19390724,PRCP,66,,,a,
ASN00092045,19390725,PRCP,5,,,a,
ASN00092045,19390726,PRCP,0,,,a,
ASN00092045,19390727,PRCP,0,,,a,
ASN00092045,19390728,PRCP,3,,,a,
ASN00092045,19390729,PRCP,3,,,a,
ASN00092045,19390730,PRCP,0,,,a,
ASN00092045,19390731,PRCP,0,,,a,
ASN00092045,19390801,PRCP,89,,,a,
ASN00092045,19390802,PRCP,142,,,a,
ASN00092045,19390803,PRCP,218,,,a,
ASN00092045,19390804,PRCP,5,,,a,
ASN00092045,19390805,PRCP,33,,,a,
ASN00092045,19390806,PRCP,343,,,a,
ASN00092045,19390807,PRCP,48,,,a,
ASN00092045,19390808,PRCP,3,,,a,
ASN00092045,19390809,PRCP,5,,,a,
ASN00092045,19390810,PRCP,10,,,a,
ASN00092045,19390811,PRCP,145,,,a,
ASN00092045,19390812,PRCP,0,,,a,
ASN00092045,19390813,PRCP,5,,,a,
ASN00092045,19390814,PRCP,64,,,a,
ASN00092045,19390815,PRCP,61,,,a,
ASN00092045,19390816,PRCP,0,,,a,
ASN00092045,19390817,PRCP,10,,,a,
ASN00092045,19390818,PRCP,157,,,a,
ASN00092045,19390819,PRCP,25,,,a,
ASN00092045,19390820,PRCP,170,,,a,
ASN00092045,19390821,PRCP,8,,,a,
ASN00092045,19390822,PRCP,165,,,a,
ASN00092045,19390823,PRCP,124,,,a,
ASN00092045,19390824,PRCP,61,,,a,
ASN00092045,19390825,PRCP,5,,,a,
ASN00092045,19390826,PRCP,51,,,a,
ASN00092045,19390827,PRCP,145,,,a,
ASN00092045,19390828,PRCP,262,,,a,
ASN00092045,19390829,PRCP,117,,,a,
ASN00092045,19390830,PRCP,36,,,a,
ASN00092045,19390831,PRCP,0,,,a,
ASN00092045,19390901,PRCP,3,,,a,
ASN00092045,19390902,PRCP,36,,,a,
ASN00092045,19390903,PRCP,5,,,a,
ASN00092045,19390904,PRCP,5,,,a,
ASN00092045,19390905,PRCP,0,,,a,
ASN00092045,19390906,PRCP,3,,,a,
ASN00092045,19390907,PRCP,10,,,a,
ASN00092045,19390908,PRCP,0,,,a,
ASN00092045,19390909,PRCP,28,,,a,
ASN00092045,19390910,PRCP,15,,,a,
ASN00092045,19390911,PRCP,132,,,a,
ASN00092045,19390912,PRCP,3,,,a,
ASN00092045,19390913,PRCP,18,,,a,
ASN00092045,19390914,PRCP,8,,,a,
ASN00092045,19390915,PRCP,109,,,a,
ASN00092045,19390916,PRCP,3,,,a,
ASN00092045,19390917,PRCP,13,,,a,
ASN00092045,19390918,PRCP,8,,,a,
ASN00092045,19390919,PRCP,23,,,a,
ASN00092045,19390920,PRCP,97,,,a,
ASN00092045,19390921,PRCP,3,,,a,
ASN00092045,19390922,PRCP,0,,,a,
ASN00092045,19390923,PRCP,0,,,a,
ASN00092045,19390924,PRCP,0,,,a,
ASN00092045,19390925,PRCP,5,,,a,
ASN00092045,19390926,PRCP,23,,,a,
ASN00092045,19390927,PRCP,41,,,a,
ASN00092045,19390928,PRCP,10,,,a,
ASN00092045,19390929,PRCP,3,,,a,
ASN00092045,19390930,PRCP,0,,,a,
ASN00092045,19391001,PRCP,3,,,a,
ASN00092045,19391002,PRCP,0,,,a,
ASN00092045,19391003,PRCP,3,,,a,
ASN00092045,19391004,PRCP,23,,,a,
ASN00092045,19391005,PRCP,3,,,a,
ASN00092045,19391006,PRCP,175,,,a,
ASN00092045,19391007,PRCP,38,,,a,
ASN00092045,19391008,PRCP,3,,,a,
ASN00092045,19391009,PRCP,28,,,a,
ASN00092045,19391010,PRCP,10,,,a,
ASN00092045,19391011,PRCP,30,,,a,
ASN00092045,19391012,PRCP,3,,,a,
ASN00092045,19391013,PRCP,28,,,a,
ASN00092045,19391014,PRCP,10,,,a,
ASN00092045,19391015,PRCP,0,,,a,
ASN00092045,19391016,PRCP,76,,,a,
ASN00092045,19391017,PRCP,142,,,a,
ASN00092045,19391018,PRCP,3,,,a,
ASN00092045,19391019,PRCP,0,,,a,
ASN00092045,19391020,PRCP,0,,,a,
ASN00092045,19391021,PRCP,0,,,a,
ASN00092045,19391022,PRCP,3,,,a,
ASN00092045,19391023,PRCP,5,,,a,
ASN00092045,19391024,PRCP,0,,,a,
ASN00092045,19391025,PRCP,25,,,a,
ASN00092045,19391026,PRCP,0,,,a,
ASN00092045,19391027,PRCP,0,,,a,
ASN00092045,19391028,PRCP,3,,,a,
ASN00092045,19391029,PRCP,0,,,a,
ASN00092045,19391030,PRCP,0,,,a,
ASN00092045,19391031,PRCP,13,,,a,
ASN00092045,19391101,PRCP,38,,,a,
ASN00092045,19391102,PRCP,0,,,a,
ASN00092045,19391103,PRCP,175,,,a,
ASN00092045,19391104,PRCP,135,,,a,
ASN00092045,19391105,PRCP,8,,,a,
ASN00092045,19391106,PRCP,36,,,a,
ASN00092045,19391107,PRCP,10,,,a,
ASN00092045,19391108,PRCP,13,,,a,
ASN00092045,19391109,PRCP,0,,,a,
ASN00092045,19391110,PRCP,0,,,a,
ASN00092045,19391111,PRCP,0,,,a,
ASN00092045,19391112,PRCP,0,,,a,
ASN00092045,19391113,PRCP,0,,,a,
ASN00092045,19391114,PRCP,0,,,a,
ASN00092045,19391115,PRCP,3,,,a,
ASN00092045,19391116,PRCP,0,,,a,
ASN00092045,19391117,PRCP,28,,,a,
ASN00092045,19391118,PRCP,5,,,a,
ASN00092045,19391119,PRCP,0,,,a,
ASN00092045,19391120,PRCP,3,,,a,
ASN00092045,19391121,PRCP,23,,,a,
ASN00092045,19391122,PRCP,0,,,a,
ASN00092045,19391123,PRCP,0,,,a,
ASN00092045,19391124,PRCP,15,,,a,
ASN00092045,19391125,PRCP,109,,,a,
ASN00092045,19391126,PRCP,0,,,a,
ASN00092045,19391127,PRCP,51,,,a,
ASN00092045,19391128,PRCP,94,,,a,
ASN00092045,19391129,PRCP,102,,,a,
ASN00092045,19391130,PRCP,30,,,a,
ASN00092045,19391201,PRCP,0,,,a,
ASN00092045,19391202,PRCP,13,,,a,
ASN00092045,19391203,PRCP,0,,,a,
ASN00092045,19391204,PRCP,5,,,a,
ASN00092045,19391205,PRCP,335,,,a,
ASN00092045,19391206,PRCP,69,,,a,
ASN00092045,19391207,PRCP,3,,,a,
ASN00092045,19391208,PRCP,0,,,a,
ASN00092045,19391209,PRCP,0,,,a,
ASN00092045,19391210,PRCP,0,,,a,
ASN00092045,19391211,PRCP,0,,,a,
ASN00092045,19391212,PRCP,5,,,a,
ASN00092045,19391213,PRCP,3,,,a,
ASN00092045,19391214,PRCP,0,,,a,
ASN00092045,19391215,PRCP,0,,,a,
ASN00092045,19391216,PRCP,0,,,a,
ASN00092045,19391217,PRCP,0,,,a,
ASN00092045,19391218,PRCP,0,,,a,
ASN00092045,19391219,PRCP,25,,,a,
ASN00092045,19391220,PRCP,0,,,a,
ASN00092045,19391221,PRCP,0,,,a,
ASN00092045,19391222,PRCP,0,,,a,
ASN00092045,19391223,PRCP,66,,,a,
ASN00092045,19391224,PRCP,0,,,a,
ASN00092045,19391225,PRCP,0,,,a,
ASN00092045,19391226,PRCP,3,,,a,
ASN00092045,19391227,PRCP,0,,,a,
ASN00092045,19391228,PRCP,3,,,a,
ASN00092045,19391229,PRCP,3,,,a,
ASN00092045,19391230,PRCP,0,,,a,
ASN00092045,19391231,PRCP,0,,,a,
ASN00092045,19400101,PRCP,0,,,a,
ASN00092045,19400102,PRCP,0,,,a,
ASN00092045,19400103,PRCP,0,,,a,
ASN00092045,19400104,PRCP,28,,,a,
ASN00092045,19400105,PRCP,0,,,a,
ASN00092045,19400106,PRCP,3,,,a,
ASN00092045,19400107,PRCP,0,,,a,
ASN00092045,19400108,PRCP,0,,,a,
ASN00092045,19400109,PRCP,0,,,a,
ASN00092045,19400110,PRCP,0,,,a,
ASN00092045,19400111,PRCP,0,,,a,
ASN00092045,19400112,PRCP,56,,,a,
ASN00092045,19400113,PRCP,0,,,a,
ASN00092045,19400114,PRCP,0,,,a,
ASN00092045,19400115,PRCP,8,,,a,
ASN00092045,19400116,PRCP,0,,,a,
ASN00092045,19400117,PRCP,15,,,a,
ASN00092045,19400118,PRCP,28,,,a,
ASN00092045,19400119,PRCP,229,,,a,
ASN00092045,19400120,PRCP,3,,,a,
ASN00092045,19400121,PRCP,0,,,a,
ASN00092045,19400122,PRCP,18,,,a,
ASN00092045,19400123,PRCP,0,,,a,
ASN00092045,19400124,PRCP,10,,,a,
ASN00092045,19400125,PRCP,0,,,a,
ASN00092045,19400126,PRCP,5,,,a,
ASN00092045,19400127,PRCP,0,,,a,
ASN00092045,19400128,PRCP,0,,,a,
ASN00092045,19400129,PRCP,5,,,a,
ASN00092045,19400130,PRCP,0,,,a,
ASN00092045,19400131,PRCP,0,,,a,
ASN00092045,19400201,PRCP,0,,,a,
ASN00092045,19400202,PRCP,0,,,a,
ASN00092045,19400203,PRCP,0,,,a,
ASN00092045,19400204,PRCP,0,,,a,
ASN00092045,19400205,PRCP,0,,,a,
ASN00092045,19400206,PRCP,15,,,a,
ASN00092045,19400207,PRCP,0,,,a,
ASN00092045,19400208,PRCP,0,,,a,
ASN00092045,19400209,PRCP,0,,,a,
ASN00092045,19400210,PRCP,0,,,a,
ASN00092045,19400211,PRCP,0,,,a,
ASN00092045,19400212,PRCP,0,,,a,
ASN00092045,19400213,PRCP,0,,,a,
ASN00092045,19400214,PRCP,0,,,a,
ASN00092045,19400215,PRCP,0,,,a,
ASN00092045,19400216,PRCP,0,,,a,
ASN00092045,19400217,PRCP,0,,,a,
ASN00092045,19400218,PRCP,0,,,a,
ASN00092045,19400219,PRCP,0,,,a,
ASN00092045,19400220,PRCP,0,,,a,
ASN00092045,19400221,PRCP,0,,,a,
ASN00092045,19400222,PRCP,0,,,a,
ASN00092045,19400223,PRCP,61,,,a,
ASN00092045,19400224,PRCP,20,,,a,
ASN00092045,19400225,PRCP,0,,,a,
ASN00092045,19400226,PRCP,0,,,a,
ASN00092045,19400227,PRCP,5,,,a,
ASN00092045,19400228,PRCP,13,,,a,
ASN00092045,19400229,PRCP,10,,,a,
ASN00092045,19400301,PRCP,0,,,a,
ASN00092045,19400302,PRCP,0,,,a,
ASN00092045,19400303,PRCP,0,,,a,
ASN00092045,19400304,PRCP,0,,,a,
ASN00092045,19400305,PRCP,0,,,a,
ASN00092045,19400306,PRCP,3,,,a,
ASN00092045,19400307,PRCP,0,,,a,
ASN00092045,19400308,PRCP,0,,,a,
ASN00092045,19400309,PRCP,0,,,a,
ASN00092045,19400310,PRCP,0,,,a,
ASN00092045,19400311,PRCP,0,,,a,
ASN00092045,19400312,PRCP,0,,,a,
ASN00092045,19400313,PRCP,0,,,a,
ASN00092045,19400314,PRCP,0,,,a,
ASN00092045,19400315,PRCP,0,,,a,
ASN00092045,19400316,PRCP,0,,,a,
ASN00092045,19400317,PRCP,3,,,a,
ASN00092045,19400318,PRCP,5,,,a,
ASN00092045,19400319,PRCP,0,,,a,
ASN00092045,19400320,PRCP,211,,,a,
ASN00092045,19400321,PRCP,3,,,a,
ASN00092045,19400322,PRCP,0,,,a,
ASN00092045,19400323,PRCP,0,,,a,
ASN00092045,19400324,PRCP,3,,,a,
ASN00092045,19400325,PRCP,0,,,a,
ASN00092045,19400326,PRCP,0,,,a,
ASN00092045,19400327,PRCP,0,,,a,
ASN00092045,19400328,PRCP,0,,,a,
ASN00092045,19400329,PRCP,0,,,a,
ASN00092045,19400330,PRCP,0,,,a,
ASN00092045,19400331,PRCP,13,,,a,
ASN00092045,19400401,PRCP,104,,,a,
ASN00092045,19400402,PRCP,3,,,a,
ASN00092045,19400403,PRCP,3,,,a,
ASN00092045,19400404,PRCP,13,,,a,
ASN00092045,19400405,PRCP,8,,,a,
ASN00092045,19400406,PRCP,3,,,a,
ASN00092045,19400407,PRCP,58,,,a,
ASN00092045,19400408,PRCP,8,,,a,
ASN00092045,19400409,PRCP,3,,,a,
ASN00092045,19400410,PRCP,51,,,a,
ASN00092045,19400411,PRCP,48,,,a,
ASN00092045,19400412,PRCP,3,,,a,
ASN00092045,19400413,PRCP,0,,,a,
ASN00092045,19400414,PRCP,0,,,a,
ASN00092045,19400415,PRCP,53,,,a,
ASN00092045,19400416,PRCP,46,,,a,
ASN00092045,19400417,PRCP,5,,,a,
ASN00092045,19400418,PRCP,0,,,a,
ASN00092045,19400419,PRCP,3,,,a,
ASN00092045,19400420,PRCP,0,,,a,
ASN00092045,19400421,PRCP,0,,,a,
ASN00092045,19400422,PRCP,3,,,a,
ASN00092045,19400423,PRCP,0,,,a,
ASN00092045,19400424,PRCP,0,,,a,
ASN00092045,19400425,PRCP,0,,,a,
ASN00092045,19400426,PRCP,274,,,a,
ASN00092045,19400427,PRCP,3,,,a,
ASN00092045,19400428,PRCP,0,,,a,
ASN00092045,19400429,PRCP,0,,,a,
ASN00092045,19400430,PRCP,107,,,a,
ASN00092045,19400501,PRCP,183,,,a,
ASN00092045,19400502,PRCP,56,,,a,
ASN00092045,19400503,PRCP,3,,,a,
ASN00092045,19400504,PRCP,0,,,a,
ASN00092045,19400505,PRCP,0,,,a,
ASN00092045,19400506,PRCP,3,,,a,
ASN00092045,19400507,PRCP,0,,,a,
ASN00092045,19400508,PRCP,10,,,a,
ASN00092045,19400509,PRCP,0,,,a,
ASN00092045,19400510,PRCP,0,,,a,
ASN00092045,19400511,PRCP,3,,,a,
ASN00092045,19400512,PRCP,3,,,a,
ASN00092045,19400513,PRCP,0,,,a,
ASN00092045,19400514,PRCP,0,,,a,
ASN00092045,19400515,PRCP,0,,,a,
ASN00092045,19400516,PRCP,0,,,a,
ASN00092045,19400517,PRCP,61,,,a,
ASN00092045,19400518,PRCP,107,,,a,
ASN00092045,19400519,PRCP,3,,,a,
ASN00092045,19400520,PRCP,0,,,a,
ASN00092045,19400521,PRCP,0,,,a,
ASN00092045,19400522,PRCP,0,,,a,
ASN00092045,19400523,PRCP,0,,,a,
ASN00092045,19400524,PRCP,0,,,a,
ASN00092045,19400525,PRCP,58,,,a,
ASN00092045,19400526,PRCP,46,,,a,
ASN00092045,19400527,PRCP,0,,,a,
ASN00092045,19400528,PRCP,0,,,a,
ASN00092045,19400529,PRCP,0,,,a,
ASN00092045,19400530,PRCP,13,,,a,
ASN00092045,19400531,PRCP,8,,,a,
ASN00092045,19400601,PRCP,46,,,a,
ASN00092045,19400602,PRCP,36,,,a,
ASN00092045,19400603,PRCP,0,,,a,
ASN00092045,19400604,PRCP,0,,,a,
ASN00092045,19400605,PRCP,10,,,a,
ASN00092045,19400606,PRCP,13,,,a,
ASN00092045,19400607,PRCP,71,,,a,
ASN00092045,19400608,PRCP,3,,,a,
ASN00092045,19400609,PRCP,0,,,a,
ASN00092045,19400610,PRCP,0,,,a,
ASN00092045,19400611,PRCP,36,,,a,
ASN00092045,19400612,PRCP,3,,,a,
ASN00092045,19400613,PRCP,5,,,a,
ASN00092045,19400614,PRCP,0,,,a,
ASN00092045,19400615,PRCP,18,,,a,
ASN00092045,19400616,PRCP,20,,,a,
ASN00092045,19400617,PRCP,3,,,a,
ASN00092045,19400618,PRCP,3,,,a,
ASN00092045,19400619,PRCP,3,,,a,
ASN00092045,19400620,PRCP,3,,,a,
ASN00092045,19400621,PRCP,3,,,a,
ASN00092045,19400622,PRCP,0,,,a,
ASN00092045,19400623,PRCP,0,,,a,
ASN00092045,19400624,PRCP,3,,,a,
ASN00092045,19400625,PRCP,3,,,a,
ASN00092045,19400626,PRCP,0,,,a,
ASN00092045,19400627,PRCP,3,,,a,
ASN00092045,19400628,PRCP,5,,,a,
ASN00092045,19400629,PRCP,36,,,a,
ASN00092045,19400630,PRCP,36,,,a,
ASN00092045,19400701,PRCP,33,,,a,
ASN00092045,19400702,PRCP,61,,,a,
ASN00092045,19400703,PRCP,3,,,a,
ASN00092045,19400704,PRCP,5,,,a,
ASN00092045,19400705,PRCP,3,,,a,
ASN00092045,19400706,PRCP,3,,,a,
ASN00092045,19400707,PRCP,3,,,a,
ASN00092045,19400708,PRCP,23,,,a,
ASN00092045,19400709,PRCP,0,,,a,
ASN00092045,19400710,PRCP,20,,,a,
ASN00092045,19400711,PRCP,0,,,a,
ASN00092045,19400712,PRCP,0,,,a,
ASN00092045,19400713,PRCP,10,,,a,
ASN00092045,19400714,PRCP,41,,,a,
ASN00092045,19400715,PRCP,10,,,a,
ASN00092045,19400716,PRCP,3,,,a,
ASN00092045,19400717,PRCP,10,,,a,
ASN00092045,19400718,PRCP,0,,,a,
ASN00092045,19400719,PRCP,0,,,a,
ASN00092045,19400720,PRCP,15,,,a,
ASN00092045,19400721,PRCP,5,,,a,
ASN00092045,19400722,PRCP,3,,,a,
ASN00092045,19400723,PRCP,0,,,a,
ASN00092045,19400724,PRCP,25,,,a,
ASN00092045,19400725,PRCP,0,,,a,
ASN00092045,19400726,PRCP,25,,,a,
ASN00092045,19400727,PRCP,3,,,a,
ASN00092045,19400728,PRCP,0,,,a,
ASN00092045,19400729,PRCP,84,,,a,
ASN00092045,19400730,PRCP,28,,,a,
ASN00092045,19400731,PRCP,3,,,a,
ASN00092045,19400801,PRCP,3,,,a,
ASN00092045,19400802,PRCP,3,,,a,
ASN00092045,19400803,PRCP,0,,,a,
ASN00092045,19400804,PRCP,3,,,a,
ASN00092045,19400805,PRCP,3,,,a,
ASN00092045,19400806,PRCP,28,,,a,
ASN00092045,19400807,PRCP,0,,,a,
ASN00092045,19400808,PRCP,3,,,a,
ASN00092045,19400809,PRCP,3,,,a,
ASN00092045,19400810,PRCP,3,,,a,
ASN00092045,19400811,PRCP,3,,,a,
ASN00092045,19400812,PRCP,3,,,a,
ASN00092045,19400813,PRCP,25,,,a,
ASN00092045,19400814,PRCP,0,,,a,
ASN00092045,19400815,PRCP,33,,,a,
ASN00092045,19400816,PRCP,3,,,a,
ASN00092045,19400817,PRCP,0,,,a,
ASN00092045,19400818,PRCP,0,,,a,
ASN00092045,19400819,PRCP,0,,,a,
ASN00092045,19400820,PRCP,3,,,a,
ASN00092045,19400821,PRCP,0,,,a,
ASN00092045,19400822,PRCP,0,,,a,
ASN00092045,19400823,PRCP,3,,,a,
ASN00092045,19400824,PRCP,0,,,a,
ASN00092045,19400825,PRCP,0,,,a,
ASN00092045,19400826,PRCP,53,,,a,
ASN00092045,19400827,PRCP,5,,,a,
ASN00092045,19400828,PRCP,5,,,a,
ASN00092045,19400829,PRCP,3,,,a,
ASN00092045,19400830,PRCP,0,,,a,
ASN00092045,19400831,PRCP,3,,,a,
ASN00092045,19400901,PRCP,0,,,a,
ASN00092045,19400902,PRCP,0,,,a,
ASN00092045,19400903,PRCP,0,,,a,
ASN00092045,19400904,PRCP,0,,,a,
ASN00092045,19400905,PRCP,0,,,a,
ASN00092045,19400906,PRCP,0,,,a,
ASN00092045,19400907,PRCP,3,,,a,
ASN00092045,19400908,PRCP,5,,,a,
ASN00092045,19400909,PRCP,10,,,a,
ASN00092045,19400910,PRCP,0,,,a,
ASN00092045,19400911,PRCP,0,,,a,
ASN00092045,19400912,PRCP,30,,,a,
ASN00092045,19400913,PRCP,160,,,a,
ASN00092045,19400914,PRCP,3,,,a,
ASN00092045,19400915,PRCP,0,,,a,
ASN00092045,19400916,PRCP,0,,,a,
ASN00092045,19400917,PRCP,0,,,a,
ASN00092045,19400918,PRCP,0,,,a,
ASN00092045,19400919,PRCP,0,,,a,
ASN00092045,19400920,PRCP,0,,,a,
ASN00092045,19400921,PRCP,10,,,a,
ASN00092045,19400922,PRCP,124,,,a,
ASN00092045,19400923,PRCP,3,,,a,
ASN00092045,19400924,PRCP,0,,,a,
ASN00092045,19400925,PRCP,0,,,a,
ASN00092045,19400926,PRCP,0,,,a,
ASN00092045,19400927,PRCP,0,,,a,
ASN00092045,19400928,PRCP,0,,,a,
ASN00092045,19400929,PRCP,114,,,a,
ASN00092045,19400930,PRCP,5,,,a,
ASN00092045,19401001,PRCP,0,,,a,
ASN00092045,19401002,PRCP,0,,,a,
ASN00092045,19401003,PRCP,0,,,a,
ASN00092045,19401004,PRCP,3,,,a,
ASN00092045,19401005,PRCP,3,,,a,
ASN00092045,19401006,PRCP,0,,,a,
ASN00092045,19401007,PRCP,0,,,a,
ASN00092045,19401008,PRCP,3,,,a,
ASN00092045,19401009,PRCP,5,,,a,
ASN00092045,19401010,PRCP,3,,,a,
ASN00092045,19401011,PRCP,3,,,a,
ASN00092045,19401012,PRCP,0,,,a,
ASN00092045,19401013,PRCP,3,,,a,
ASN00092045,19401014,PRCP,0,,,a,
ASN00092045,19401015,PRCP,3,,,a,
ASN00092045,19401016,PRCP,0,,,a,
ASN00092045,19401017,PRCP,10,,,a,
ASN00092045,19401018,PRCP,0,,,a,
ASN00092045,19401019,PRCP,0,,,a,
ASN00092045,19401020,PRCP,3,,,a,
ASN00092045,19401021,PRCP,8,,,a,
ASN00092045,19401022,PRCP,3,,,a,
ASN00092045,19401023,PRCP,0,,,a,
ASN00092045,19401024,PRCP,5,,,a,
ASN00092045,19401025,PRCP,0,,,a,
ASN00092045,19401026,PRCP,15,,,a,
ASN00092045,19401027,PRCP,25,,,a,
ASN00092045,19401028,PRCP,0,,,a,
ASN00092045,19401029,PRCP,5,,,a,
ASN00092045,19401030,PRCP,0,,,a,
ASN00092045,19401031,PRCP,23,,,a,
ASN00092045,19401101,PRCP,117,,,a,
ASN00092045,19401102,PRCP,10,,,a,
ASN00092045,19401103,PRCP,0,,,a,
ASN00092045,19401104,PRCP,5,,,a,
ASN00092045,19401105,PRCP,91,,,a,
ASN00092045,19401106,PRCP,0,,,a,
ASN00092045,19401107,PRCP,0,,,a,
ASN00092045,19401108,PRCP,0,,,a,
ASN00092045,19401109,PRCP,0,,,a,
ASN00092045,19401110,PRCP,5,,,a,
ASN00092045,19401111,PRCP,152,,,a,
ASN00092045,19401112,PRCP,5,,,a,
ASN00092045,19401113,PRCP,5,,,a,
ASN00092045,19401114,PRCP,218,,,a,
ASN00092045,19401115,PRCP,3,,,a,
ASN00092045,19401116,PRCP,41,,,a,
ASN00092045,19401117,PRCP,3,,,a,
ASN00092045,19401118,PRCP,0,,,a,
ASN00092045,19401119,PRCP,0,,,a,
ASN00092045,19401120,PRCP,0,,,a,
ASN00092045,19401121,PRCP,0,,,a,
ASN00092045,19401122,PRCP,25,,,a,
ASN00092045,19401123,PRCP,56,,,a,
ASN00092045,19401124,PRCP,8,,,a,
ASN00092045,19401125,PRCP,0,,,a,
ASN00092045,19401126,PRCP,0,,,a,
ASN00092045,19401127,PRCP,0,,,a,
ASN00092045,19401128,PRCP,0,,,a,
ASN00092045,19401129,PRCP,0,,,a,
ASN00092045,19401130,PRCP,0,,,a,
ASN00092045,19401201,PRCP,0,,,a,
ASN00092045,19401202,PRCP,10,,,a,
ASN00092045,19401203,PRCP,145,,,a,
ASN00092045,19401204,PRCP,18,,,a,
ASN00092045,19401205,PRCP,0,,,a,
ASN00092045,19401206,PRCP,3,,,a,
ASN00092045,19401207,PRCP,8,,,a,
ASN00092045,19401208,PRCP,140,,,a,
ASN00092045,19401209,PRCP,5,,,a,
ASN00092045,19401210,PRCP,13,,,a,
ASN00092045,19401211,PRCP,0,,,a,
ASN00092045,19401212,PRCP,0,,,a,
ASN00092045,19401213,PRCP,0,,,a,
ASN00092045,19401214,PRCP,5,,,a,
ASN00092045,19401215,PRCP,0,,,a,
ASN00092045,19401216,PRCP,0,,,a,
ASN00092045,19401217,PRCP,0,,,a,
ASN00092045,19401218,PRCP,3,,,a,
ASN00092045,19401219,PRCP,5,,,a,
ASN00092045,19401220,PRCP,127,,,a,
ASN00092045,19401221,PRCP,0,,,a,
ASN00092045,19401222,PRCP,3,,,a,
ASN00092045,19401223,PRCP,0,,,a,
ASN00092045,19401224,PRCP,0,,,a,
ASN00092045,19401225,PRCP,0,,,a,
ASN00092045,19401226,PRCP,0,,,a,
ASN00092045,19401227,PRCP,0,,,a,
ASN00092045,19401228,PRCP,198,,,a,
ASN00092045,19401229,PRCP,13,,,a,
ASN00092045,19401230,PRCP,0,,,a,
ASN00092045,19401231,PRCP,3,,,a,
ASN00092045,19410101,PRCP,3,,,a,
ASN00092045,19410102,PRCP,3,,,a,
ASN00092045,19410103,PRCP,61,,,a,
ASN00092045,19410104,PRCP,43,,,a,
ASN00092045,19410105,PRCP,3,,,a,
ASN00092045,19410106,PRCP,0,,,a,
ASN00092045,19410107,PRCP,0,,,a,
ASN00092045,19410108,PRCP,0,,,a,
ASN00092045,19410109,PRCP,15,,,a,
ASN00092045,19410110,PRCP,0,,,a,
ASN00092045,19410111,PRCP,0,,,a,
ASN00092045,19410112,PRCP,0,,,a,
ASN00092045,19410113,PRCP,0,,,a,
ASN00092045,19410114,PRCP,0,,,a,
ASN00092045,19410115,PRCP,0,,,a,
ASN00092045,19410116,PRCP,76,,,a,
ASN00092045,19410117,PRCP,130,,,a,
ASN00092045,19410118,PRCP,5,,,a,
ASN00092045,19410119,PRCP,0,,,a,
ASN00092045,19410120,PRCP,8,,,a,
ASN00092045,19410121,PRCP,0,,,a,
ASN00092045,19410122,PRCP,0,,,a,
ASN00092045,19410123,PRCP,3,,,a,
ASN00092045,19410124,PRCP,0,,,a,
ASN00092045,19410125,PRCP,28,,,a,
ASN00092045,19410126,PRCP,505,,,a,
ASN00092045,19410127,PRCP,43,,,a,
ASN00092045,19410128,PRCP,0,,,a,
ASN00092045,19410129,PRCP,0,,,a,
ASN00092045,19410130,PRCP,0,,,a,
ASN00092045,19410131,PRCP,0,,,a,
ASN00092045,19410201,PRCP,0,,,a,
ASN00092045,19410202,PRCP,0,,,a,
ASN00092045,19410203,PRCP,0,,,a,
ASN00092045,19410204,PRCP,0,,,a,
ASN00092045,19410205,PRCP,0,,,a,
ASN00092045,19410206,PRCP,0,,,a,
ASN00092045,19410207,PRCP,3,,,a,
ASN00092045,19410208,PRCP,3,,,a,
ASN00092045,19410209,PRCP,3,,,a,
ASN00092045,19410210,PRCP,0,,,a,
ASN00092045,19410211,PRCP,0,,,a,
ASN00092045,19410212,PRCP,0,,,a,
ASN00092045,19410213,PRCP,0,,,a,
ASN00092045,19410214,PRCP,0,,,a,
ASN00092045,19410215,PRCP,0,,,a,
ASN00092045,19410216,PRCP,3,,,a,
ASN00092045,19410217,PRCP,13,,,a,
ASN00092045,19410218,PRCP,0,,,a,
ASN00092045,19410219,PRCP,0,,,a,
ASN00092045,19410220,PRCP,0,,,a,
ASN00092045,19410221,PRCP,0,,,a,
ASN00092045,19410222,PRCP,0,,,a,
ASN00092045,19410223,PRCP,0,,,a,
ASN00092045,19410224,PRCP,58,,,a,
ASN00092045,19410225,PRCP,5,,,a,
ASN00092045,19410226,PRCP,28,,,a,
ASN00092045,19410227,PRCP,0,,,a,
ASN00092045,19410228,PRCP,0,,,a,
ASN00092045,19410301,PRCP,5,,,a,
ASN00092045,19410302,PRCP,0,,,a,
ASN00092045,19410303,PRCP,5,,,a,
ASN00092045,19410304,PRCP,107,,,a,
ASN00092045,19410305,PRCP,13,,,a,
ASN00092045,19410306,PRCP,0,,,a,
ASN00092045,19410307,PRCP,0,,,a,
ASN00092045,19410308,PRCP,0,,,a,
ASN00092045,19410309,PRCP,10,,,a,
ASN00092045,19410310,PRCP,0,,,a,
ASN00092045,19410311,PRCP,0,,,a,
ASN00092045,19410312,PRCP,0,,,a,
ASN00092045,19410313,PRCP,3,,,a,
ASN00092045,19410314,PRCP,5,,,a,
ASN00092045,19410315,PRCP,0,,,a,
ASN00092045,19410316,PRCP,8,,,a,
ASN00092045,19410317,PRCP,33,,,a,
ASN00092045,19410318,PRCP,28,,,a,
ASN00092045,19410319,PRCP,10,,,a,
ASN00092045,19410320,PRCP,0,,,a,
ASN00092045,19410321,PRCP,165,,,a,
ASN00092045,19410322,PRCP,3,,,a,
ASN00092045,19410323,PRCP,5,,,a,
ASN00092045,19410324,PRCP,0,,,a,
ASN00092045,19410325,PRCP,102,,,a,
ASN00092045,19410326,PRCP,185,,,a,
ASN00092045,19410327,PRCP,18,,,a,
ASN00092045,19410328,PRCP,0,,,a,
ASN00092045,19410329,PRCP,0,,,a,
ASN00092045,19410330,PRCP,0,,,a,
ASN00092045,19410331,PRCP,0,,,a,
ASN00092045,19410401,PRCP,0,,,a,
ASN00092045,19410402,PRCP,0,,,a,
ASN00092045,19410403,PRCP,0,,,a,
ASN00092045,19410404,PRCP,10,,,a,
ASN00092045,19410405,PRCP,0,,,a,
ASN00092045,19410406,PRCP,0,,,a,
ASN00092045,19410407,PRCP,0,,,a,
ASN00092045,19410408,PRCP,0,,,a,
ASN00092045,19410409,PRCP,0,,,a,
ASN00092045,19410410,PRCP,0,,,a,
ASN00092045,19410411,PRCP,0,,,a,
ASN00092045,19410412,PRCP,0,,,a,
ASN00092045,19410413,PRCP,0,,,a,
ASN00092045,19410414,PRCP,0,,,a,
ASN00092045,19410415,PRCP,5,,,a,
ASN00092045,19410416,PRCP,0,,,a,
ASN00092045,19410417,PRCP,0,,,a,
ASN00092045,19410418,PRCP,0,,,a,
ASN00092045,19410419,PRCP,0,,,a,
ASN00092045,19410420,PRCP,13,,,a,
ASN00092045,19410421,PRCP,0,,,a,
ASN00092045,19410422,PRCP,0,,,a,
ASN00092045,19410423,PRCP,0,,,a,
ASN00092045,19410424,PRCP,23,,,a,
ASN00092045,19410425,PRCP,8,,,a,
ASN00092045,19410426,PRCP,5,,,a,
ASN00092045,19410427,PRCP,0,,,a,
ASN00092045,19410428,PRCP,0,,,a,
ASN00092045,19410429,PRCP,10,,,a,
ASN00092045,19410430,PRCP,28,,,a,
ASN00092045,19410501,PRCP,10,,,a,
ASN00092045,19410502,PRCP,0,,,a,
ASN00092045,19410503,PRCP,0,,,a,
ASN00092045,19410504,PRCP,0,,,a,
ASN00092045,19410505,PRCP,0,,,a,
ASN00092045,19410506,PRCP,3,,,a,
ASN00092045,19410507,PRCP,5,,,a,
ASN00092045,19410508,PRCP,0,,,a,
ASN00092045,19410509,PRCP,0,,,a,
ASN00092045,19410510,PRCP,33,,,a,
ASN00092045,19410511,PRCP,56,,,a,
ASN00092045,19410512,PRCP,0,,,a,
ASN00092045,19410513,PRCP,3,,,a,
ASN00092045,19410514,PRCP,0,,,a,
ASN00092045,19410515,PRCP,0,,,a,
ASN00092045,19410516,PRCP,0,,,a,
ASN00092045,19410517,PRCP,3,,,a,
ASN00092045,19410518,PRCP,0,,,a,
ASN00092045,19410519,PRCP,0,,,a,
ASN00092045,19410520,PRCP,0,,,a,
ASN00092045,19410521,PRCP,0,,,a,
ASN00092045,19410522,PRCP,13,,,a,
ASN00092045,19410523,PRCP,0,,,a,
ASN00092045,19410524,PRCP,13,,,a,
ASN00092045,19410525,PRCP,0,,,a,
ASN00092045,19410526,PRCP,0,,,a,
ASN00092045,19410527,PRCP,0,,,a,
ASN00092045,19410528,PRCP,0,,,a,
ASN00092045,19410529,PRCP,0,,,a,
ASN00092045,19410530,PRCP,0,,,a,
ASN00092045,19410531,PRCP,0,,,a,
ASN00092045,19410601,PRCP,3,,,a,
ASN00092045,19410602,PRCP,61,,,a,
ASN00092045,19410603,PRCP,3,,,a,
ASN00092045,19410604,PRCP,0,,,a,
ASN00092045,19410605,PRCP,0,,,a,
ASN00092045,19410606,PRCP,0,,,a,
ASN00092045,19410607,PRCP,28,,,a,
ASN00092045,19410608,PRCP,5,,,a,
ASN00092045,19410609,PRCP,15,,,a,
ASN00092045,19410610,PRCP,15,,,a,
ASN00092045,19410611,PRCP,0,,,a,
ASN00092045,19410612,PRCP,38,,,a,
ASN00092045,19410613,PRCP,0,,,a,
ASN00092045,19410614,PRCP,0,,,a,
ASN00092045,19410615,PRCP,0,,,a,
ASN00092045,19410616,PRCP,0,,,a,
ASN00092045,19410617,PRCP,0,,,a,
ASN00092045,19410618,PRCP,3,,,a,
ASN00092045,19410619,PRCP,15,,,a,
ASN00092045,19410620,PRCP,8,,,a,
ASN00092045,19410621,PRCP,53,,,a,
ASN00092045,19410622,PRCP,15,,,a,
ASN00092045,19410623,PRCP,3,,,a,
ASN00092045,19410624,PRCP,3,,,a,
ASN00092045,19410625,PRCP,0,,,a,
ASN00092045,19410626,PRCP,8,,,a,
ASN00092045,19410627,PRCP,5,,,a,
ASN00092045,19410628,PRCP,267,,,a,
ASN00092045,19410629,PRCP,3,,,a,
ASN00092045,19410630,PRCP,0,,,a,
ASN00092045,19410701,PRCP,43,,,a,
ASN00092045,19410702,PRCP,66,,,a,
ASN00092045,19410703,PRCP,36,,,a,
ASN00092045,19410704,PRCP,81,,,a,
ASN00092045,19410705,PRCP,20,,,a,
ASN00092045,19410706,PRCP,43,,,a,
ASN00092045,19410707,PRCP,0,,,a,
ASN00092045,19410708,PRCP,0,,,a,
ASN00092045,19410709,PRCP,0,,,a,
ASN00092045,19410710,PRCP,5,,,a,
ASN00092045,19410711,PRCP,0,,,a,
ASN00092045,19410712,PRCP,0,,,a,
ASN00092045,19410713,PRCP,0,,,a,
ASN00092045,19410714,PRCP,3,,,a,
ASN00092045,19410715,PRCP,188,,,a,
ASN00092045,19410716,PRCP,3,,,a,
ASN00092045,19410717,PRCP,0,,,a,
ASN00092045,19410718,PRCP,0,,,a,
ASN00092045,19410719,PRCP,0,,,a,
ASN00092045,19410720,PRCP,5,,,a,
ASN00092045,19410721,PRCP,20,,,a,
ASN00092045,19410722,PRCP,5,,,a,
ASN00092045,19410723,PRCP,0,,,a,
ASN00092045,19410724,PRCP,3,,,a,
ASN00092045,19410725,PRCP,3,,,a,
ASN00092045,19410726,PRCP,0,,,a,
ASN00092045,19410727,PRCP,0,,,a,
ASN00092045,19410728,PRCP,0,,,a,
ASN00092045,19410729,PRCP,0,,,a,
ASN00092045,19410730,PRCP,13,,,a,
ASN00092045,19410731,PRCP,0,,,a,
ASN00092045,19410801,PRCP,5,,,a,
ASN00092045,19410802,PRCP,0,,,a,
ASN00092045,19410803,PRCP,0,,,a,
ASN00092045,19410804,PRCP,3,,,a,
ASN00092045,19410805,PRCP,58,,,a,
ASN00092045,19410806,PRCP,5,,,a,
ASN00092045,19410807,PRCP,0,,,a,
ASN00092045,19410808,PRCP,0,,,a,
ASN00092045,19410809,PRCP,0,,,a,
ASN00092045,19410810,PRCP,5,,,a,
ASN00092045,19410811,PRCP,13,,,a,
ASN00092045,19410812,PRCP,0,,,a,
ASN00092045,19410813,PRCP,0,,,a,
ASN00092045,19410814,PRCP,18,,,a,
ASN00092045,19410815,PRCP,5,,,a,
ASN00092045,19410816,PRCP,0,,,a,
ASN00092045,19410817,PRCP,0,,,a,
ASN00092045,19410818,PRCP,0,,,a,
ASN00092045,19410819,PRCP,127,,,a,
ASN00092045,19410820,PRCP,3,,,a,
ASN00092045,19410821,PRCP,0,,,a,
ASN00092045,19410822,PRCP,0,,,a,
ASN00092045,19410823,PRCP,18,,,a,
ASN00092045,19410824,PRCP,152,,,a,
ASN00092045,19410825,PRCP,102,,,a,
ASN00092045,19410826,PRCP,0,,,a,
ASN00092045,19410827,PRCP,0,,,a,
ASN00092045,19410828,PRCP,0,,,a,
ASN00092045,19410829,PRCP,0,,,a,
ASN00092045,19410830,PRCP,0,,,a,
ASN00092045,19410831,PRCP,0,,,a,
ASN00092045,19410901,PRCP,0,,,a,
ASN00092045,19410902,PRCP,0,,,a,
ASN00092045,19410903,PRCP,89,,,a,
ASN00092045,19410904,PRCP,43,,,a,
ASN00092045,19410905,PRCP,23,,,a,
ASN00092045,19410906,PRCP,3,,,a,
ASN00092045,19410907,PRCP,3,,,a,
ASN00092045,19410908,PRCP,41,,,a,
ASN00092045,19410909,PRCP,15,,,a,
ASN00092045,19410910,PRCP,15,,,a,
ASN00092045,19410911,PRCP,36,,,a,
ASN00092045,19410912,PRCP,0,,,a,
ASN00092045,19410913,PRCP,0,,,a,
ASN00092045,19410914,PRCP,0,,,a,
ASN00092045,19410915,PRCP,0,,,a,
ASN00092045,19410916,PRCP,0,,,a,
ASN00092045,19410917,PRCP,0,,,a,
ASN00092045,19410918,PRCP,0,,,a,
ASN00092045,19410919,PRCP,0,,,a,
ASN00092045,19410920,PRCP,25,,,a,
ASN00092045,19410921,PRCP,84,,,a,
ASN00092045,19410922,PRCP,5,,,a,
ASN00092045,19410923,PRCP,112,,,a,
ASN00092045,19410924,PRCP,97,,,a,
ASN00092045,19410925,PRCP,61,,,a,
ASN00092045,19410926,PRCP,8,,,a,
ASN00092045,19410927,PRCP,0,,,a,
ASN00092045,19410928,PRCP,15,,,a,
ASN00092045,19410929,PRCP,81,,,a,
ASN00092045,19410930,PRCP,5,,,a,
ASN00092045,19411001,PRCP,10,,,a,
ASN00092045,19411002,PRCP,0,,,a,
ASN00092045,19411003,PRCP,0,,,a,
ASN00092045,19411004,PRCP,0,,,a,
ASN00092045,19411005,PRCP,3,,,a,
ASN00092045,19411006,PRCP,69,,,a,
ASN00092045,19411007,PRCP,38,,,a,
ASN00092045,19411008,PRCP,36,,,a,
ASN00092045,19411009,PRCP,0,,,a,
ASN00092045,19411010,PRCP,0,,,a,
ASN00092045,19411011,PRCP,30,,,a,
ASN00092045,19411012,PRCP,56,,,a,
ASN00092045,19411013,PRCP,0,,,a,
ASN00092045,19411014,PRCP,0,,,a,
ASN00092045,19411015,PRCP,3,,,a,
ASN00092045,19411016,PRCP,0,,,a,
ASN00092045,19411017,PRCP,8,,,a,
ASN00092045,19411018,PRCP,18,,,a,
ASN00092045,19411019,PRCP,8,,,a,
ASN00092045,19411020,PRCP,86,,,a,
ASN00092045,19411021,PRCP,0,,,a,
ASN00092045,19411022,PRCP,0,,,a,
ASN00092045,19411023,PRCP,0,,,a,
ASN00092045,19411024,PRCP,0,,,a,
ASN00092045,19411025,PRCP,0,,,a,
ASN00092045,19411026,PRCP,69,,,a,
ASN00092045,19411027,PRCP,20,,,a,
ASN00092045,19411028,PRCP,0,,,a,
ASN00092045,19411029,PRCP,18,,,a,
ASN00092045,19411030,PRCP,23,,,a,
ASN00092045,19411031,PRCP,0,,,a,
ASN00092045,19411101,PRCP,0,,,a,
ASN00092045,19411102,PRCP,0,,,a,
ASN00092045,19411103,PRCP,0,,,a,
ASN00092045,19411104,PRCP,0,,,a,
ASN00092045,19411105,PRCP,173,,,a,
ASN00092045,19411106,PRCP,51,,,a,
ASN00092045,19411107,PRCP,0,,,a,
ASN00092045,19411108,PRCP,0,,,a,
ASN00092045,19411109,PRCP,0,,,a,
ASN00092045,19411110,PRCP,86,,,a,
ASN00092045,19411111,PRCP,0,,,a,
ASN00092045,19411112,PRCP,0,,,a,
ASN00092045,19411113,PRCP,0,,,a,
ASN00092045,19411114,PRCP,0,,,a,
ASN00092045,19411115,PRCP,0,,,a,
ASN00092045,19411116,PRCP,0,,,a,
ASN00092045,19411117,PRCP,0,,,a,
ASN00092045,19411118,PRCP,5,,,a,
ASN00092045,19411119,PRCP,64,,,a,
ASN00092045,19411120,PRCP,0,,,a,
ASN00092045,19411121,PRCP,8,,,a,
ASN00092045,19411122,PRCP,0,,,a,
ASN00092045,19411123,PRCP,0,,,a,
ASN00092045,19411124,PRCP,0,,,a,
ASN00092045,19411125,PRCP,0,,,a,
ASN00092045,19411126,PRCP,3,,,a,
ASN00092045,19411127,PRCP,0,,,a,
ASN00092045,19411128,PRCP,0,,,a,
ASN00092045,19411129,PRCP,0,,,a,
ASN00092045,19411130,PRCP,0,,,a,
ASN00092045,19411201,PRCP,0,,,a,
ASN00092045,19411202,PRCP,0,,,a,
ASN00092045,19411203,PRCP,5,,,a,
ASN00092045,19411204,PRCP,0,,,a,
ASN00092045,19411205,PRCP,71,,,a,
ASN00092045,19411206,PRCP,155,,,a,
ASN00092045,19411207,PRCP,46,,,a,
ASN00092045,19411208,PRCP,5,,,a,
ASN00092045,19411209,PRCP,109,,,a,
ASN00092045,19411210,PRCP,0,,,a,
ASN00092045,19411211,PRCP,0,,,a,
ASN00092045,19411212,PRCP,0,,,a,
ASN00092045,19411213,PRCP,0,,,a,
ASN00092045,19411214,PRCP,0,,,a,
ASN00092045,19411215,PRCP,0,,,a,
ASN00092045,19411216,PRCP,0,,,a,
ASN00092045,19411217,PRCP,0,,,a,
ASN00092045,19411218,PRCP,3,,,a,
ASN00092045,19411219,PRCP,0,,,a,
ASN00092045,19411220,PRCP,61,,,a,
ASN00092045,19411221,PRCP,0,,,a,
ASN00092045,19411222,PRCP,0,,,a,
ASN00092045,19411223,PRCP,0,,,a,
ASN00092045,19411224,PRCP,0,,,a,
ASN00092045,19411225,PRCP,0,,,a,
ASN00092045,19411226,PRCP,0,,,a,
ASN00092045,19411227,PRCP,3,,,a,
ASN00092045,19411228,PRCP,8,,,a,
ASN00092045,19411229,PRCP,5,,,a,
ASN00092045,19411230,PRCP,5,,,a,
ASN00092045,19411231,PRCP,10,,,a,
ASN00092045,19420101,PRCP,0,,,a,
ASN00092045,19420102,PRCP,0,,,a,
ASN00092045,19420103,PRCP,0,,,a,
ASN00092045,19420104,PRCP,0,,,a,
ASN00092045,19420105,PRCP,0,,,a,
ASN00092045,19420106,PRCP,0,,,a,
ASN00092045,19420107,PRCP,0,,,a,
ASN00092045,19420108,PRCP,36,,,a,
ASN00092045,19420109,PRCP,0,,,a,
ASN00092045,19420110,PRCP,0,,,a,
ASN00092045,19420111,PRCP,0,,,a,
ASN00092045,19420112,PRCP,0,,,a,
ASN00092045,19420113,PRCP,0,,,a,
ASN00092045,19420114,PRCP,0,,,a,
ASN00092045,19420115,PRCP,5,,,a,
ASN00092045,19420116,PRCP,0,,,a,
ASN00092045,19420117,PRCP,0,,,a,
ASN00092045,19420118,PRCP,0,,,a,
ASN00092045,19420119,PRCP,0,,,a,
ASN00092045,19420120,PRCP,114,,,a,
ASN00092045,19420121,PRCP,0,,,a,
ASN00092045,19420122,PRCP,0,,,a,
ASN00092045,19420123,PRCP,0,,,a,
ASN00092045,19420124,PRCP,0,,,a,
ASN00092045,19420125,PRCP,97,,,a,
ASN00092045,19420126,PRCP,0,,,a,
ASN00092045,19420127,PRCP,0,,,a,
ASN00092045,19420128,PRCP,0,,,a,
ASN00092045,19420129,PRCP,0,,,a,
ASN00092045,19420130,PRCP,0,,,a,
ASN00092045,19420131,PRCP,20,,,a,
ASN00092045,19420201,PRCP,0,,,a,
ASN00092045,19420202,PRCP,5,,,a,
ASN00092045,19420203,PRCP,0,,,a,
ASN00092045,19420204,PRCP,0,,,a,
ASN00092045,19420205,PRCP,0,,,a,
ASN00092045,19420206,PRCP,0,,,a,
ASN00092045,19420207,PRCP,0,,,a,
ASN00092045,19420208,PRCP,0,,,a,
ASN00092045,19420209,PRCP,5,,,a,
ASN00092045,19420210,PRCP,5,,,a,
ASN00092045,19420211,PRCP,0,,,a,
ASN00092045,19420212,PRCP,0,,,a,
ASN00092045,19420213,PRCP,20,,,a,
ASN00092045,19420214,PRCP,8,,,a,
ASN00092045,19420215,PRCP,0,,,a,
ASN00092045,19420216,PRCP,0,,,a,
ASN00092045,19420217,PRCP,0,,,a,
ASN00092045,19420218,PRCP,0,,,a,
ASN00092045,19420219,PRCP,15,,,a,
ASN00092045,19420220,PRCP,84,,,a,
ASN00092045,19420221,PRCP,36,,,a,
ASN00092045,19420222,PRCP,0,,,a,
ASN00092045,19420223,PRCP,51,,,a,
ASN00092045,19420224,PRCP,8,,,a,
ASN00092045,19420225,PRCP,0,,,a,
ASN00092045,19420226,PRCP,0,,,a,
ASN00092045,19420227,PRCP,0,,,a,
ASN00092045,19420228,PRCP,10,,,a,
ASN00092045,19420301,PRCP,0,,,a,
ASN00092045,19420302,PRCP,0,,,a,
ASN00092045,19420303,PRCP,0,,,a,
ASN00092045,19420304,PRCP,0,,,a,
ASN00092045,19420305,PRCP,0,,,a,
ASN00092045,19420306,PRCP,3,,,a,
ASN00092045,19420307,PRCP,0,,,a,
ASN00092045,19420308,PRCP,0,,,a,
ASN00092045,19420309,PRCP,25,,,a,
ASN00092045,19420310,PRCP,8,,,a,
ASN00092045,19420311,PRCP,5,,,a,
ASN00092045,19420312,PRCP,5,,,a,
ASN00092045,19420313,PRCP,0,,,a,
ASN00092045,19420314,PRCP,0,,,a,
ASN00092045,19420315,PRCP,0,,,a,
ASN00092045,19420316,PRCP,0,,,a,
ASN00092045,19420317,PRCP,69,,,a,
ASN00092045,19420318,PRCP,0,,,a,
ASN00092045,19420319,PRCP,0,,,a,
ASN00092045,19420320,PRCP,0,,,a,
ASN00092045,19420321,PRCP,10,,,a,
ASN00092045,19420322,PRCP,3,,,a,
ASN00092045,19420323,PRCP,20,,,a,
ASN00092045,19420324,PRCP,25,,,a,
ASN00092045,19420325,PRCP,5,,,a,
ASN00092045,19420326,PRCP,8,,,a,
ASN00092045,19420327,PRCP,28,,,a,
ASN00092045,19420328,PRCP,0,,,a,
ASN00092045,19420329,PRCP,8,,,a,
ASN00092045,19420330,PRCP,20,,,a,
ASN00092045,19420331,PRCP,15,,,a,
ASN00092045,19420401,PRCP,3,,,a,
ASN00092045,19420402,PRCP,81,,,a,
ASN00092045,19420403,PRCP,86,,,a,
ASN00092045,19420404,PRCP,0,,,a,
ASN00092045,19420405,PRCP,0,,,a,
ASN00092045,19420406,PRCP,0,,,a,
ASN00092045,19420407,PRCP,0,,,a,
ASN00092045,19420408,PRCP,0,,,a,
ASN00092045,19420409,PRCP,0,,,a,
ASN00092045,19420410,PRCP,0,,,a,
ASN00092045,19420411,PRCP,0,,,a,
ASN00092045,19420412,PRCP,0,,,a,
ASN00092045,19420413,PRCP,0,,,a,
ASN00092045,19420414,PRCP,0,,,a,
ASN00092045,19420415,PRCP,0,,,a,
ASN00092045,19420416,PRCP,0,,,a,
ASN00092045,19420417,PRCP,41,,,a,
ASN00092045,19420418,PRCP,0,,,a,
ASN00092045,19420419,PRCP,0,,,a,
ASN00092045,19420420,PRCP,0,,,a,
ASN00092045,19420421,PRCP,3,,,a,
ASN00092045,19420422,PRCP,5,,,a,
ASN00092045,19420423,PRCP,0,,,a,
ASN00092045,19420424,PRCP,30,,,a,
ASN00092045,19420425,PRCP,76,,,a,
ASN00092045,19420426,PRCP,5,,,a,
ASN00092045,19420427,PRCP,8,,,a,
ASN00092045,19420428,PRCP,23,,,a,
ASN00092045,19420429,PRCP,0,,,a,
ASN00092045,19420430,PRCP,130,,,a,
ASN00092045,19420501,PRCP,25,,,a,
ASN00092045,19420502,PRCP,0,,,a,
ASN00092045,19420503,PRCP,229,,,a,
ASN00092045,19420504,PRCP,196,,,a,
ASN00092045,19420505,PRCP,13,,,a,
ASN00092045,19420506,PRCP,366,,,a,
ASN00092045,19420507,PRCP,48,,,a,
ASN00092045,19420508,PRCP,3,,,a,
ASN00092045,19420509,PRCP,8,,,a,
ASN00092045,19420510,PRCP,20,,,a,
ASN00092045,19420511,PRCP,0,,,a,
ASN00092045,19420512,PRCP,0,,,a,
ASN00092045,19420513,PRCP,188,,,a,
ASN00092045,19420514,PRCP,112,,,a,
ASN00092045,19420515,PRCP,0,,,a,
ASN00092045,19420516,PRCP,3,,,a,
ASN00092045,19420517,PRCP,0,,,a,
ASN00092045,19420518,PRCP,56,,,a,
ASN00092045,19420519,PRCP,5,,,a,
ASN00092045,19420520,PRCP,25,,,a,
ASN00092045,19420521,PRCP,28,,,a,
ASN00092045,19420522,PRCP,0,,,a,
ASN00092045,19420523,PRCP,0,,,a,
ASN00092045,19420524,PRCP,0,,,a,
ASN00092045,19420525,PRCP,0,,,a,
ASN00092045,19420526,PRCP,33,,,a,
ASN00092045,19420527,PRCP,478,,,a,
ASN00092045,19420528,PRCP,23,,,a,
ASN00092045,19420529,PRCP,8,,,a,
ASN00092045,19420530,PRCP,0,,,a,
ASN00092045,19420531,PRCP,3,,,a,
ASN00092045,19420601,PRCP,0,,,a,
ASN00092045,19420602,PRCP,0,,,a,
ASN00092045,19420603,PRCP,5,,,a,
ASN00092045,19420604,PRCP,28,,,a,
ASN00092045,19420605,PRCP,23,,,a,
ASN00092045,19420606,PRCP,8,,,a,
ASN00092045,19420607,PRCP,18,,,a,
ASN00092045,19420608,PRCP,3,,,a,
ASN00092045,19420609,PRCP,3,,,a,
ASN00092045,19420610,PRCP,183,,,a,
ASN00092045,19420611,PRCP,28,,,a,
ASN00092045,19420612,PRCP,8,,,a,
ASN00092045,19420613,PRCP,10,,,a,
ASN00092045,19420614,PRCP,140,,,a,
ASN00092045,19420615,PRCP,8,,,a,
ASN00092045,19420616,PRCP,3,,,a,
ASN00092045,19420617,PRCP,5,,,a,
ASN00092045,19420618,PRCP,5,,,a,
ASN00092045,19420619,PRCP,0,,,a,
ASN00092045,19420620,PRCP,48,,,a,
ASN00092045,19420621,PRCP,10,,,a,
ASN00092045,19420622,PRCP,13,,,a,
ASN00092045,19420623,PRCP,15,,,a,
ASN00092045,19420624,PRCP,20,,,a,
ASN00092045,19420625,PRCP,18,,,a,
ASN00092045,19420626,PRCP,0,,,a,
ASN00092045,19420627,PRCP,5,,,a,
ASN00092045,19420628,PRCP,15,,,a,
ASN00092045,19420629,PRCP,30,,,a,
ASN00092045,19420630,PRCP,150,,,a,
ASN00092045,19420701,PRCP,18,,,a,
ASN00092045,19420702,PRCP,185,,,a,
ASN00092045,19420703,PRCP,150,,,a,
ASN00092045,19420704,PRCP,89,,,a,
ASN00092045,19420705,PRCP,145,,,a,
ASN00092045,19420706,PRCP,23,,,a,
ASN00092045,19420707,PRCP,5,,,a,
ASN00092045,19420708,PRCP,0,,,a,
ASN00092045,19420709,PRCP,33,,,a,
ASN00092045,19420710,PRCP,3,,,a,
ASN00092045,19420711,PRCP,5,,,a,
ASN00092045,19420712,PRCP,3,,,a,
ASN00092045,19420713,PRCP,3,,,a,
ASN00092045,19420714,PRCP,0,,,a,
ASN00092045,19420715,PRCP,292,,,a,
ASN00092045,19420716,PRCP,218,,,a,
ASN00092045,19420717,PRCP,5,,,a,
ASN00092045,19420718,PRCP,0,,,a,
ASN00092045,19420719,PRCP,51,,,a,
ASN00092045,19420720,PRCP,97,,,a,
ASN00092045,19420721,PRCP,163,,,a,
ASN00092045,19420722,PRCP,0,,,a,
ASN00092045,19420723,PRCP,10,,,a,
ASN00092045,19420724,PRCP,8,,,a,
ASN00092045,19420725,PRCP,3,,,a,
ASN00092045,19420726,PRCP,3,,,a,
ASN00092045,19420727,PRCP,3,,,a,
ASN00092045,19420728,PRCP,0,,,a,
ASN00092045,19420729,PRCP,15,,,a,
ASN00092045,19420730,PRCP,0,,,a,
ASN00092045,19420731,PRCP,0,,,a,
ASN00092045,19420801,PRCP,0,,,a,
ASN00092045,19420802,PRCP,25,,,a,
ASN00092045,19420803,PRCP,5,,,a,
ASN00092045,19420804,PRCP,0,,,a,
ASN00092045,19420805,PRCP,25,,,a,
ASN00092045,19420806,PRCP,0,,,a,
ASN00092045,19420807,PRCP,0,,,a,
ASN00092045,19420808,PRCP,81,,,a,
ASN00092045,19420809,PRCP,3,,,a,
ASN00092045,19420810,PRCP,5,,,a,
ASN00092045,19420811,PRCP,28,,,a,
ASN00092045,19420812,PRCP,3,,,a,
ASN00092045,19420813,PRCP,53,,,a,
ASN00092045,19420814,PRCP,15,,,a,
ASN00092045,19420815,PRCP,10,,,a,
ASN00092045,19420816,PRCP,56,,,a,
ASN00092045,19420817,PRCP,58,,,a,
ASN00092045,19420818,PRCP,3,,,a,
ASN00092045,19420819,PRCP,8,,,a,
ASN00092045,19420820,PRCP,28,,,a,
ASN00092045,19420821,PRCP,53,,,a,
ASN00092045,19420822,PRCP,81,,,a,
ASN00092045,19420823,PRCP,8,,,a,
ASN00092045,19420824,PRCP,10,,,a,
ASN00092045,19420825,PRCP,0,,,a,
ASN00092045,19420826,PRCP,3,,,a,
ASN00092045,19420827,PRCP,66,,,a,
ASN00092045,19420828,PRCP,13,,,a,
ASN00092045,19420829,PRCP,114,,,a,
ASN00092045,19420830,PRCP,33,,,a,
ASN00092045,19420831,PRCP,10,,,a,
ASN00092045,19420901,PRCP,56,,,a,
ASN00092045,19420902,PRCP,30,,,a,
ASN00092045,19420903,PRCP,23,,,a,
ASN00092045,19420904,PRCP,0,,,a,
ASN00092045,19420905,PRCP,0,,,a,
ASN00092045,19420906,PRCP,41,,,a,
ASN00092045,19420907,PRCP,5,,,a,
ASN00092045,19420908,PRCP,3,,,a,
ASN00092045,19420909,PRCP,0,,,a,
ASN00092045,19420910,PRCP,0,,,a,
ASN00092045,19420911,PRCP,0,,,a,
ASN00092045,19420912,PRCP,0,,,a,
ASN00092045,19420913,PRCP,3,,,a,
ASN00092045,19420914,PRCP,0,,,a,
ASN00092045,19420915,PRCP,5,,,a,
ASN00092045,19420916,PRCP,97,,,a,
ASN00092045,19420917,PRCP,3,,,a,
ASN00092045,19420918,PRCP,0,,,a,
ASN00092045,19420919,PRCP,23,,,a,
ASN00092045,19420920,PRCP,0,,,a,
ASN00092045,19420921,PRCP,28,,,a,
ASN00092045,19420922,PRCP,30,,,a,
ASN00092045,19420923,PRCP,81,,,a,
ASN00092045,19420924,PRCP,8,,,a,
ASN00092045,19420925,PRCP,3,,,a,
ASN00092045,19420926,PRCP,0,,,a,
ASN00092045,19420927,PRCP,3,,,a,
ASN00092045,19420928,PRCP,3,,,a,
ASN00092045,19420929,PRCP,0,,,a,
ASN00092045,19420930,PRCP,0,,,a,
ASN00092045,19421001,PRCP,165,,,a,
ASN00092045,19421002,PRCP,81,,,a,
ASN00092045,19421003,PRCP,15,,,a,
ASN00092045,19421004,PRCP,91,,,a,
ASN00092045,19421005,PRCP,10,,,a,
ASN00092045,19421006,PRCP,36,,,a,
ASN00092045,19421007,PRCP,0,,,a,
ASN00092045,19421008,PRCP,0,,,a,
ASN00092045,19421009,PRCP,61,,,a,
ASN00092045,19421010,PRCP,0,,,a,
ASN00092045,19421011,PRCP,43,,,a,
ASN00092045,19421012,PRCP,0,,,a,
ASN00092045,19421013,PRCP,0,,,a,
ASN00092045,19421014,PRCP,0,,,a,
ASN00092045,19421015,PRCP,0,,,a,
ASN00092045,19421016,PRCP,0,,,a,
ASN00092045,19421017,PRCP,0,,,a,
ASN00092045,19421018,PRCP,0,,,a,
ASN00092045,19421019,PRCP,150,,,a,
ASN00092045,19421020,PRCP,46,,,a,
ASN00092045,19421021,PRCP,0,,,a,
ASN00092045,19421022,PRCP,13,,,a,
ASN00092045,19421023,PRCP,5,,,a,
ASN00092045,19421024,PRCP,0,,,a,
ASN00092045,19421025,PRCP,0,,,a,
ASN00092045,19421026,PRCP,0,,,a,
ASN00092045,19421027,PRCP,0,,,a,
ASN00092045,19421028,PRCP,0,,,a,
ASN00092045,19421029,PRCP,0,,,a,
ASN00092045,19421030,PRCP,0,,,a,
ASN00092045,19421031,PRCP,0,,,a,
ASN00092045,19421101,PRCP,0,,,a,
ASN00092045,19421102,PRCP,0,,,a,
ASN00092045,19421103,PRCP,0,,,a,
ASN00092045,19421104,PRCP,0,,,a,
ASN00092045,19421105,PRCP,84,,,a,
ASN00092045,19421106,PRCP,0,,,a,
ASN00092045,19421107,PRCP,0,,,a,
ASN00092045,19421108,PRCP,0,,,a,
ASN00092045,19421109,PRCP,0,,,a,
ASN00092045,19421110,PRCP,0,,,a,
ASN00092045,19421111,PRCP,0,,,a,
ASN00092045,19421112,PRCP,0,,,a,
ASN00092045,19421113,PRCP,3,,,a,
ASN00092045,19421114,PRCP,0,,,a,
ASN00092045,19421115,PRCP,0,,,a,
ASN00092045,19421116,PRCP,0,,,a,
ASN00092045,19421117,PRCP,0,,,a,
ASN00092045,19421118,PRCP,0,,,a,
ASN00092045,19421119,PRCP,0,,,a,
ASN00092045,19421120,PRCP,0,,,a,
ASN00092045,19421121,PRCP,0,,,a,
ASN00092045,19421122,PRCP,3,,,a,
ASN00092045,19421123,PRCP,20,,,a,
ASN00092045,19421124,PRCP,0,,,a,
ASN00092045,19421125,PRCP,5,,,a,
ASN00092045,19421126,PRCP,23,,,a,
ASN00092045,19421127,PRCP,36,,,a,
ASN00092045,19421128,PRCP,0,,,a,
ASN00092045,19421129,PRCP,0,,,a,
ASN00092045,19421130,PRCP,0,,,a,
ASN00092045,19421201,PRCP,3,,,a,
ASN00092045,19421202,PRCP,43,,,a,
ASN00092045,19421203,PRCP,0,,,a,
ASN00092045,19421204,PRCP,0,,,a,
ASN00092045,19421205,PRCP,0,,,a,
ASN00092045,19421206,PRCP,5,,,a,
ASN00092045,19421207,PRCP,0,,,a,
ASN00092045,19421208,PRCP,0,,,a,
ASN00092045,19421209,PRCP,0,,,a,
ASN00092045,19421210,PRCP,0,,,a,
ASN00092045,19421211,PRCP,0,,,a,
ASN00092045,19421212,PRCP,0,,,a,
ASN00092045,19421213,PRCP,0,,,a,
ASN00092045,19421214,PRCP,0,,,a,
ASN00092045,19421215,PRCP,0,,,a,
ASN00092045,19421216,PRCP,0,,,a,
ASN00092045,19421217,PRCP,0,,,a,
ASN00092045,19421218,PRCP,3,,,a,
ASN00092045,19421219,PRCP,297,,,a,
ASN00092045,19421220,PRCP,66,,,a,
ASN00092045,19421221,PRCP,0,,,a,
ASN00092045,19421222,PRCP,36,,,a,
ASN00092045,19421223,PRCP,46,,,a,
ASN00092045,19421224,PRCP,99,,,a,
ASN00092045,19421225,PRCP,3,,,a,
ASN00092045,19421226,PRCP,0,,,a,
ASN00092045,19421227,PRCP,0,,,a,
ASN00092045,19421228,PRCP,8,,,a,
ASN00092045,19421229,PRCP,15,,,a,
ASN00092045,19421230,PRCP,0,,,a,
ASN00092045,19421231,PRCP,0,,,a,
ASN00092045,19430101,PRCP,3,,,a,
ASN00092045,19430102,PRCP,0,,,a,
ASN00092045,19430103,PRCP,36,,,a,
ASN00092045,19430104,PRCP,20,,,a,
ASN00092045,19430105,PRCP,0,,,a,
ASN00092045,19430106,PRCP,0,,,a,
ASN00092045,19430107,PRCP,23,,,a,
ASN00092045,19430108,PRCP,8,,,a,
ASN00092045,19430109,PRCP,0,,,a,
ASN00092045,19430110,PRCP,0,,,a,
ASN00092045,19430111,PRCP,0,,,a,
ASN00092045,19430112,PRCP,20,,,a,
ASN00092045,19430113,PRCP,43,,,a,
ASN00092045,19430114,PRCP,53,,,a,
ASN00092045,19430115,PRCP,0,,,a,
ASN00092045,19430116,PRCP,0,,,a,
ASN00092045,19430117,PRCP,76,,,a,
ASN00092045,19430118,PRCP,5,,,a,
ASN00092045,19430119,PRCP,0,,,a,
ASN00092045,19430120,PRCP,0,,,a,
ASN00092045,19430121,PRCP,10,,,a,
ASN00092045,19430122,PRCP,0,,,a,
ASN00092045,19430123,PRCP,0,,,a,
ASN00092045,19430124,PRCP,0,,,a,
ASN00092045,19430125,PRCP,0,,,a,
ASN00092045,19430126,PRCP,0,,,a,
ASN00092045,19430127,PRCP,0,,,a,
ASN00092045,19430128,PRCP,0,,,a,
ASN00092045,19430129,PRCP,0,,,a,
ASN00092045,19430130,PRCP,69,,,a,
ASN00092045,19430131,PRCP,13,,,a,
ASN00092045,19430201,PRCP,5,,,a,
ASN00092045,19430202,PRCP,5,,,a,
ASN00092045,19430203,PRCP,43,,,a,
ASN00092045,19430204,PRCP,0,,,a,
ASN00092045,19430205,PRCP,0,,,a,
ASN00092045,19430206,PRCP,56,,,a,
ASN00092045,19430207,PRCP,0,,,a,
ASN00092045,19430208,PRCP,0,,,a,
ASN00092045,19430209,PRCP,0,,,a,
ASN00092045,19430210,PRCP,0,,,a,
ASN00092045,19430211,PRCP,0,,,a,
ASN00092045,19430212,PRCP,0,,,a,
ASN00092045,19430213,PRCP,0,,,a,
ASN00092045,19430214,PRCP,0,,,a,
ASN00092045,19430215,PRCP,8,,,a,
ASN00092045,19430216,PRCP,0,,,a,
ASN00092045,19430217,PRCP,0,,,a,
ASN00092045,19430218,PRCP,53,,,a,
ASN00092045,19430219,PRCP,3,,,a,
ASN00092045,19430220,PRCP,3,,,a,
ASN00092045,19430221,PRCP,23,,,a,
ASN00092045,19430222,PRCP,0,,,a,
ASN00092045,19430223,PRCP,5,,,a,
ASN00092045,19430224,PRCP,0,,,a,
ASN00092045,19430225,PRCP,0,,,a,
ASN00092045,19430226,PRCP,3,,,a,
ASN00092045,19430227,PRCP,0,,,a,
ASN00092045,19430228,PRCP,0,,,a,
ASN00092045,19430301,PRCP,0,,,a,
ASN00092045,19430302,PRCP,0,,,a,
ASN00092045,19430303,PRCP,0,,,a,
ASN00092045,19430304,PRCP,0,,,a,
ASN00092045,19430305,PRCP,15,,,a,
ASN00092045,19430306,PRCP,0,,,a,
ASN00092045,19430307,PRCP,0,,,a,
ASN00092045,19430308,PRCP,0,,,a,
ASN00092045,19430309,PRCP,0,,,a,
ASN00092045,19430310,PRCP,0,,,a,
ASN00092045,19430311,PRCP,0,,,a,
ASN00092045,19430312,PRCP,0,,,a,
ASN00092045,19430313,PRCP,0,,,a,
ASN00092045,19430314,PRCP,3,,,a,
ASN00092045,19430315,PRCP,0,,,a,
ASN00092045,19430316,PRCP,0,,,a,
ASN00092045,19430317,PRCP,0,,,a,
ASN00092045,19430318,PRCP,0,,,a,
ASN00092045,19430319,PRCP,0,,,a,
ASN00092045,19430320,PRCP,0,,,a,
ASN00092045,19430321,PRCP,0,,,a,
ASN00092045,19430322,PRCP,0,,,a,
ASN00092045,19430323,PRCP,0,,,a,
ASN00092045,19430324,PRCP,13,,,a,
ASN00092045,19430325,PRCP,3,,,a,
ASN00092045,19430326,PRCP,0,,,a,
ASN00092045,19430327,PRCP,0,,,a,
ASN00092045,19430328,PRCP,0,,,a,
ASN00092045,19430329,PRCP,0,,,a,
ASN00092045,19430330,PRCP,0,,,a,
ASN00092045,19430331,PRCP,3,,,a,
ASN00092045,19430401,PRCP,0,,,a,
ASN00092045,19430402,PRCP,0,,,a,
ASN00092045,19430403,PRCP,0,,,a,
ASN00092045,19430404,PRCP,0,,,a,
ASN00092045,19430405,PRCP,0,,,a,
ASN00092045,19430406,PRCP,15,,,a,
ASN00092045,19430407,PRCP,51,,,a,
ASN00092045,19430408,PRCP,0,,,a,
ASN00092045,19430409,PRCP,0,,,a,
ASN00092045,19430410,PRCP,0,,,a,
ASN00092045,19430411,PRCP,15,,,a,
ASN00092045,19430412,PRCP,3,,,a,
ASN00092045,19430413,PRCP,25,,,a,
ASN00092045,19430414,PRCP,0,,,a,
ASN00092045,19430415,PRCP,23,,,a,
ASN00092045,19430416,PRCP,112,,,a,
ASN00092045,19430417,PRCP,5,,,a,
ASN00092045,19430418,PRCP,99,,,a,
ASN00092045,19430419,PRCP,124,,,a,
ASN00092045,19430420,PRCP,46,,,a,
ASN00092045,19430421,PRCP,10,,,a,
ASN00092045,19430422,PRCP,13,,,a,
ASN00092045,19430423,PRCP,0,,,a,
ASN00092045,19430424,PRCP,0,,,a,
ASN00092045,19430425,PRCP,0,,,a,
ASN00092045,19430426,PRCP,0,,,a,
ASN00092045,19430427,PRCP,0,,,a,
ASN00092045,19430428,PRCP,0,,,a,
ASN00092045,19430429,PRCP,3,,,a,
ASN00092045,19430430,PRCP,0,,,a,
ASN00092045,19430501,PRCP,0,,,a,
ASN00092045,19430502,PRCP,3,,,a,
ASN00092045,19430503,PRCP,112,,,a,
ASN00092045,19430504,PRCP,8,,,a,
ASN00092045,19430505,PRCP,5,,,a,
ASN00092045,19430506,PRCP,0,,,a,
ASN00092045,19430507,PRCP,0,,,a,
ASN00092045,19430508,PRCP,0,,,a,
ASN00092045,19430509,PRCP,0,,,a,
ASN00092045,19430510,PRCP,0,,,a,
ASN00092045,19430511,PRCP,5,,,a,
ASN00092045,19430512,PRCP,0,,,a,
ASN00092045,19430513,PRCP,25,,,a,
ASN00092045,19430514,PRCP,33,,,a,
ASN00092045,19430515,PRCP,0,,,a,
ASN00092045,19430516,PRCP,0,,,a,
ASN00092045,19430517,PRCP,5,,,a,
ASN00092045,19430518,PRCP,53,,,a,
ASN00092045,19430519,PRCP,15,,,a,
ASN00092045,19430520,PRCP,8,,,a,
ASN00092045,19430521,PRCP,18,,,a,
ASN00092045,19430522,PRCP,3,,,a,
ASN00092045,19430523,PRCP,0,,,a,
ASN00092045,19430524,PRCP,0,,,a,
ASN00092045,19430525,PRCP,56,,,a,
ASN00092045,19430526,PRCP,10,,,a,
ASN00092045,19430527,PRCP,8,,,a,
ASN00092045,19430528,PRCP,8,,,a,
ASN00092045,19430529,PRCP,38,,,a,
ASN00092045,19430530,PRCP,30,,,a,
ASN00092045,19430531,PRCP,5,,,a,
ASN00092045,19430601,PRCP,69,,,a,
ASN00092045,19430602,PRCP,0,,,a,
ASN00092045,19430603,PRCP,53,,,a,
ASN00092045,19430604,PRCP,28,,,a,
ASN00092045,19430605,PRCP,0,,,a,
ASN00092045,19430606,PRCP,0,,,a,
ASN00092045,19430607,PRCP,41,,,a,
ASN00092045,19430608,PRCP,0,,,a,
ASN00092045,19430609,PRCP,0,,,a,
ASN00092045,19430610,PRCP,0,,,a,
ASN00092045,19430611,PRCP,0,,,a,
ASN00092045,19430612,PRCP,3,,,a,
ASN00092045,19430613,PRCP,5,,,a,
ASN00092045,19430614,PRCP,3,,,a,
ASN00092045,19430615,PRCP,20,,,a,
ASN00092045,19430616,PRCP,5,,,a,
ASN00092045,19430617,PRCP,0,,,a,
ASN00092045,19430618,PRCP,61,,,a,
ASN00092045,19430619,PRCP,3,,,a,
ASN00092045,19430620,PRCP,13,,,a,
ASN00092045,19430621,PRCP,5,,,a,
ASN00092045,19430622,PRCP,25,,,a,
ASN00092045,19430623,PRCP,8,,,a,
ASN00092045,19430624,PRCP,3,,,a,
ASN00092045,19430625,PRCP,0,,,a,
ASN00092045,19430626,PRCP,28,,,a,
ASN00092045,19430627,PRCP,0,,,a,
ASN00092045,19430628,PRCP,20,,,a,
ASN00092045,19430629,PRCP,0,,,a,
ASN00092045,19430630,PRCP,23,,,a,
ASN00092045,19430701,PRCP,43,,,a,
ASN00092045,19430702,PRCP,5,,,a,
ASN00092045,19430703,PRCP,30,,,a,
ASN00092045,19430704,PRCP,89,,,a,
ASN00092045,19430705,PRCP,41,,,a,
ASN00092045,19430706,PRCP,3,,,a,
ASN00092045,19430707,PRCP,0,,,a,
ASN00092045,19430708,PRCP,0,,,a,
ASN00092045,19430709,PRCP,5,,,a,
ASN00092045,19430710,PRCP,0,,,a,
ASN00092045,19430711,PRCP,3,,,a,
ASN00092045,19430712,PRCP,0,,,a,
ASN00092045,19430713,PRCP,20,,,a,
ASN00092045,19430714,PRCP,66,,,a,
ASN00092045,19430715,PRCP,10,,,a,
ASN00092045,19430716,PRCP,0,,,a,
ASN00092045,19430717,PRCP,0,,,a,
ASN00092045,19430718,PRCP,13,,,a,
ASN00092045,19430719,PRCP,0,,,a,
ASN00092045,19430720,PRCP,0,,,a,
ASN00092045,19430721,PRCP,0,,,a,
ASN00092045,19430722,PRCP,3,,,a,
ASN00092045,19430723,PRCP,10,,,a,
ASN00092045,19430724,PRCP,38,,,a,
ASN00092045,19430725,PRCP,58,,,a,
ASN00092045,19430726,PRCP,0,,,a,
ASN00092045,19430727,PRCP,15,,,a,
ASN00092045,19430728,PRCP,13,,,a,
ASN00092045,19430729,PRCP,28,,,a,
ASN00092045,19430730,PRCP,8,,,a,
ASN00092045,19430731,PRCP,0,,,a,
ASN00092045,19430801,PRCP,10,,,a,
ASN00092045,19430802,PRCP,15,,,a,
ASN00092045,19430803,PRCP,0,,,a,
ASN00092045,19430804,PRCP,41,,,a,
ASN00092045,19430805,PRCP,0,,,a,
ASN00092045,19430806,PRCP,0,,,a,
ASN00092045,19430807,PRCP,5,,,a,
ASN00092045,19430808,PRCP,3,,,a,
ASN00092045,19430809,PRCP,18,,,a,
ASN00092045,19430810,PRCP,0,,,a,
ASN00092045,19430811,PRCP,18,,,a,
ASN00092045,19430812,PRCP,8,,,a,
ASN00092045,19430813,PRCP,0,,,a,
ASN00092045,19430814,PRCP,0,,,a,
ASN00092045,19430815,PRCP,0,,,a,
ASN00092045,19430816,PRCP,0,,,a,
ASN00092045,19430817,PRCP,0,,,a,
ASN00092045,19430818,PRCP,0,,,a,
ASN00092045,19430819,PRCP,13,,,a,
ASN00092045,19430820,PRCP,8,,,a,
ASN00092045,19430821,PRCP,18,,,a,
ASN00092045,19430822,PRCP,15,,,a,
ASN00092045,19430823,PRCP,8,,,a,
ASN00092045,19430824,PRCP,0,,,a,
ASN00092045,19430825,PRCP,3,,,a,
ASN00092045,19430826,PRCP,0,,,a,
ASN00092045,19430827,PRCP,0,,,a,
ASN00092045,19430828,PRCP,71,,,a,
ASN00092045,19430829,PRCP,79,,,a,
ASN00092045,19430830,PRCP,15,,,a,
ASN00092045,19430831,PRCP,51,,,a,
ASN00092045,19430901,PRCP,0,,,a,
ASN00092045,19430902,PRCP,30,,,a,
ASN00092045,19430903,PRCP,0,,,a,
ASN00092045,19430904,PRCP,0,,,a,
ASN00092045,19430905,PRCP,0,,,a,
ASN00092045,19430906,PRCP,0,,,a,
ASN00092045,19430907,PRCP,3,,,a,
ASN00092045,19430908,PRCP,5,,,a,
ASN00092045,19430909,PRCP,5,,,a,
ASN00092045,19430910,PRCP,23,,,a,
ASN00092045,19430911,PRCP,0,,,a,
ASN00092045,19430912,PRCP,8,,,a,
ASN00092045,19430913,PRCP,0,,,a,
ASN00092045,19430914,PRCP,5,,,a,
ASN00092045,19430915,PRCP,3,,,a,
ASN00092045,19430916,PRCP,0,,,a,
ASN00092045,19430917,PRCP,38,,,a,
ASN00092045,19430918,PRCP,249,,,a,
ASN00092045,19430919,PRCP,8,,,a,
ASN00092045,19430920,PRCP,0,,,a,
ASN00092045,19430921,PRCP,36,,,a,
ASN00092045,19430922,PRCP,15,,,a,
ASN00092045,19430923,PRCP,5,,,a,
ASN00092045,19430924,PRCP,91,,,a,
ASN00092045,19430925,PRCP,5,,,a,
ASN00092045,19430926,PRCP,0,,,a,
ASN00092045,19430927,PRCP,0,,,a,
ASN00092045,19430928,PRCP,0,,,a,
ASN00092045,19430929,PRCP,20,,,a,
ASN00092045,19430930,PRCP,0,,,a,
ASN00092045,19431001,PRCP,8,,,a,
ASN00092045,19431002,PRCP,5,,,a,
ASN00092045,19431003,PRCP,0,,,a,
ASN00092045,19431004,PRCP,0,,,a,
ASN00092045,19431005,PRCP,0,,,a,
ASN00092045,19431006,PRCP,3,,,a,
ASN00092045,19431007,PRCP,0,,,a,
ASN00092045,19431008,PRCP,0,,,a,
ASN00092045,19431009,PRCP,0,,,a,
ASN00092045,19431010,PRCP,3,,,a,
ASN00092045,19431011,PRCP,0,,,a,
ASN00092045,19431012,PRCP,0,,,a,
ASN00092045,19431013,PRCP,8,,,a,
ASN00092045,19431014,PRCP,3,,,a,
ASN00092045,19431015,PRCP,10,,,a,
ASN00092045,19431016,PRCP,8,,,a,
ASN00092045,19431017,PRCP,18,,,a,
ASN00092045,19431018,PRCP,74,,,a,
ASN00092045,19431019,PRCP,13,,,a,
ASN00092045,19431020,PRCP,0,,,a,
ASN00092045,19431021,PRCP,8,,,a,
ASN00092045,19431022,PRCP,0,,,a,
ASN00092045,19431023,PRCP,3,,,a,
ASN00092045,19431024,PRCP,0,,,a,
ASN00092045,19431025,PRCP,20,,,a,
ASN00092045,19431026,PRCP,0,,,a,
ASN00092045,19431027,PRCP,0,,,a,
ASN00092045,19431028,PRCP,0,,,a,
ASN00092045,19431029,PRCP,0,,,a,
ASN00092045,19431030,PRCP,10,,,a,
ASN00092045,19431031,PRCP,0,,,a,
ASN00092045,19431101,PRCP,0,,,a,
ASN00092045,19431102,PRCP,0,,,a,
ASN00092045,19431103,PRCP,15,,,a,
ASN00092045,19431104,PRCP,259,,,a,
ASN00092045,19431105,PRCP,76,,,a,
ASN00092045,19431106,PRCP,0,,,a,
ASN00092045,19431107,PRCP,5,,,a,
ASN00092045,19431108,PRCP,0,,,a,
ASN00092045,19431109,PRCP,0,,,a,
ASN00092045,19431110,PRCP,28,,,a,
ASN00092045,19431111,PRCP,0,,,a,
ASN00092045,19431112,PRCP,0,,,a,
ASN00092045,19431113,PRCP,0,,,a,
ASN00092045,19431114,PRCP,0,,,a,
ASN00092045,19431115,PRCP,0,,,a,
ASN00092045,19431116,PRCP,0,,,a,
ASN00092045,19431117,PRCP,0,,,a,
ASN00092045,19431118,PRCP,51,,,a,
ASN00092045,19431119,PRCP,0,,,a,
ASN00092045,19431120,PRCP,13,,,a,
ASN00092045,19431121,PRCP,0,,,a,
ASN00092045,19431122,PRCP,0,,,a,
ASN00092045,19431123,PRCP,0,,,a,
ASN00092045,19431124,PRCP,0,,,a,
ASN00092045,19431125,PRCP,3,,,a,
ASN00092045,19431126,PRCP,0,,,a,
ASN00092045,19431127,PRCP,0,,,a,
ASN00092045,19431128,PRCP,0,,,a,
ASN00092045,19431129,PRCP,15,,,a,
ASN00092045,19431130,PRCP,15,,,a,
ASN00092045,19431201,PRCP,15,,,a,
ASN00092045,19431202,PRCP,0,,,a,
ASN00092045,19431203,PRCP,0,,,a,
ASN00092045,19431204,PRCP,8,,,a,
ASN00092045,19431205,PRCP,56,,,a,
ASN00092045,19431206,PRCP,28,,,a,
ASN00092045,19431207,PRCP,8,,,a,
ASN00092045,19431208,PRCP,0,,,a,
ASN00092045,19431209,PRCP,0,,,a,
ASN00092045,19431210,PRCP,8,,,a,
ASN00092045,19431211,PRCP,0,,,a,
ASN00092045,19431212,PRCP,3,,,a,
ASN00092045,19431213,PRCP,43,,,a,
ASN00092045,19431214,PRCP,13,,,a,
ASN00092045,19431215,PRCP,15,,,a,
ASN00092045,19431216,PRCP,0,,,a,
ASN00092045,19431217,PRCP,0,,,a,
ASN00092045,19431218,PRCP,0,,,a,
ASN00092045,19431219,PRCP,0,,,a,
ASN00092045,19431220,PRCP,0,,,a,
ASN00092045,19431221,PRCP,0,,,a,
ASN00092045,19431222,PRCP,0,,,a,
ASN00092045,19431223,PRCP,36,,,a,
ASN00092045,19431224,PRCP,10,,,a,
ASN00092045,19431225,PRCP,0,,,a,
ASN00092045,19431226,PRCP,0,,,a,
ASN00092045,19431227,PRCP,18,,,a,
ASN00092045,19431228,PRCP,89,,,a,
ASN00092045,19431229,PRCP,3,,,a,
ASN00092045,19431230,PRCP,0,,,a,
ASN00092045,19431231,PRCP,0,,,a,
ASN00092045,19440101,PRCP,8,,,a,
ASN00092045,19440102,PRCP,25,,,a,
ASN00092045,19440103,PRCP,43,,,a,
ASN00092045,19440104,PRCP,5,,,a,
ASN00092045,19440105,PRCP,157,,,a,
ASN00092045,19440106,PRCP,208,,,a,
ASN00092045,19440107,PRCP,0,,,a,
ASN00092045,19440108,PRCP,0,,,a,
ASN00092045,19440109,PRCP,0,,,a,
ASN00092045,19440110,PRCP,64,,,a,
ASN00092045,19440111,PRCP,5,,,a,
ASN00092045,19440112,PRCP,0,,,a,
ASN00092045,19440113,PRCP,0,,,a,
ASN00092045,19440114,PRCP,5,,,a,
ASN00092045,19440115,PRCP,0,,,a,
ASN00092045,19440116,PRCP,0,,,a,
ASN00092045,19440117,PRCP,10,,,a,
ASN00092045,19440118,PRCP,0,,,a,
ASN00092045,19440119,PRCP,0,,,a,
ASN00092045,19440120,PRCP,0,,,a,
ASN00092045,19440121,PRCP,0,,,a,
ASN00092045,19440122,PRCP,0,,,a,
ASN00092045,19440123,PRCP,69,,,a,
ASN00092045,19440124,PRCP,8,,,a,
ASN00092045,19440125,PRCP,0,,,a,
ASN00092045,19440126,PRCP,0,,,a,
ASN00092045,19440127,PRCP,0,,,a,
ASN00092045,19440128,PRCP,0,,,a,
ASN00092045,19440129,PRCP,0,,,a,
ASN00092045,19440130,PRCP,0,,,a,
ASN00092045,19440131,PRCP,0,,,a,
ASN00092045,19440201,PRCP,0,,,a,
ASN00092045,19440202,PRCP,0,,,a,
ASN00092045,19440203,PRCP,0,,,a,
ASN00092045,19440204,PRCP,0,,,a,
ASN00092045,19440205,PRCP,0,,,a,
ASN00092045,19440206,PRCP,0,,,a,
ASN00092045,19440207,PRCP,5,,,a,
ASN00092045,19440208,PRCP,30,,,a,
ASN00092045,19440209,PRCP,33,,,a,
ASN00092045,19440210,PRCP,0,,,a,
ASN00092045,19440211,PRCP,0,,,a,
ASN00092045,19440212,PRCP,0,,,a,
ASN00092045,19440213,PRCP,3,,,a,
ASN00092045,19440214,PRCP,0,,,a,
ASN00092045,19440215,PRCP,20,,,a,
ASN00092045,19440216,PRCP,15,,,a,
ASN00092045,19440217,PRCP,41,,,a,
ASN00092045,19440218,PRCP,0,,,a,
ASN00092045,19440219,PRCP,5,,,a,
ASN00092045,19440220,PRCP,5,,,a,
ASN00092045,19440221,PRCP,3,,,a,
ASN00092045,19440222,PRCP,0,,,a,
ASN00092045,19440223,PRCP,0,,,a,
ASN00092045,19440224,PRCP,0,,,a,
ASN00092045,19440225,PRCP,8,,,a,
ASN00092045,19440226,PRCP,3,,,a,
ASN00092045,19440227,PRCP,0,,,a,
ASN00092045,19440228,PRCP,8,,,a,
ASN00092045,19440229,PRCP,5,,,a,
ASN00092045,19440301,PRCP,0,,,a,
ASN00092045,19440302,PRCP,0,,,a,
ASN00092045,19440303,PRCP,0,,,a,
ASN00092045,19440304,PRCP,0,,,a,
ASN00092045,19440305,PRCP,76,,,a,
ASN00092045,19440306,PRCP,0,,,a,
ASN00092045,19440307,PRCP,5,,,a,
ASN00092045,19440308,PRCP,0,,,a,
ASN00092045,19440309,PRCP,8,,,a,
ASN00092045,19440310,PRCP,267,,,a,
ASN00092045,19440311,PRCP,36,,,a,
ASN00092045,19440312,PRCP,36,,,a,
ASN00092045,19440313,PRCP,5,,,a,
ASN00092045,19440314,PRCP,0,,,a,
ASN00092045,19440315,PRCP,0,,,a,
ASN00092045,19440316,PRCP,0,,,a,
ASN00092045,19440317,PRCP,53,,,a,
ASN00092045,19440318,PRCP,0,,,a,
ASN00092045,19440319,PRCP,0,,,a,
ASN00092045,19440320,PRCP,0,,,a,
ASN00092045,19440321,PRCP,0,,,a,
ASN00092045,19440322,PRCP,0,,,a,
ASN00092045,19440323,PRCP,0,,,a,
ASN00092045,19440324,PRCP,0,,,a,
ASN00092045,19440325,PRCP,0,,,a,
ASN00092045,19440326,PRCP,0,,,a,
ASN00092045,19440327,PRCP,0,,,a,
ASN00092045,19440328,PRCP,0,,,a,
ASN00092045,19440329,PRCP,3,,,a,
ASN00092045,19440330,PRCP,3,,,a,
ASN00092045,19440331,PRCP,0,,,a,
ASN00092045,19440401,PRCP,8,,,a,
ASN00092045,19440402,PRCP,10,,,a,
ASN00092045,19440403,PRCP,0,,,a,
ASN00092045,19440404,PRCP,0,,,a,
ASN00092045,19440405,PRCP,0,,,a,
ASN00092045,19440406,PRCP,0,,,a,
ASN00092045,19440407,PRCP,0,,,a,
ASN00092045,19440408,PRCP,0,,,a,
ASN00092045,19440409,PRCP,0,,,a,
ASN00092045,19440410,PRCP,13,,,a,
ASN00092045,19440411,PRCP,0,,,a,
ASN00092045,19440412,PRCP,56,,,a,
ASN00092045,19440413,PRCP,3,,,a,
ASN00092045,19440414,PRCP,5,,,a,
ASN00092045,19440415,PRCP,5,,,a,
ASN00092045,19440416,PRCP,0,,,a,
ASN00092045,19440417,PRCP,0,,,a,
ASN00092045,19440418,PRCP,20,,,a,
ASN00092045,19440419,PRCP,3,,,a,
ASN00092045,19440420,PRCP,5,,,a,
ASN00092045,19440421,PRCP,0,,,a,
ASN00092045,19440422,PRCP,13,,,a,
ASN00092045,19440423,PRCP,5,,,a,
ASN00092045,19440424,PRCP,0,,,a,
ASN00092045,19440425,PRCP,0,,,a,
ASN00092045,19440426,PRCP,8,,,a,
ASN00092045,19440427,PRCP,18,,,a,
ASN00092045,19440428,PRCP,15,,,a,
ASN00092045,19440429,PRCP,0,,,a,
ASN00092045,19440430,PRCP,0,,,a,
ASN00092045,19440501,PRCP,0,,,a,
ASN00092045,19440502,PRCP,23,,,a,
ASN00092045,19440503,PRCP,13,,,a,
ASN00092045,19440504,PRCP,5,,,a,
ASN00092045,19440505,PRCP,46,,,a,
ASN00092045,19440506,PRCP,0,,,a,
ASN00092045,19440507,PRCP,0,,,a,
ASN00092045,19440508,PRCP,3,,,a,
ASN00092045,19440509,PRCP,0,,,a,
ASN00092045,19440510,PRCP,0,,,a,
ASN00092045,19440511,PRCP,25,,,a,
ASN00092045,19440512,PRCP,18,,,a,
ASN00092045,19440513,PRCP,91,,,a,
ASN00092045,19440514,PRCP,5,,,a,
ASN00092045,19440515,PRCP,0,,,a,
ASN00092045,19440516,PRCP,8,,,a,
ASN00092045,19440517,PRCP,30,,,a,
ASN00092045,19440518,PRCP,10,,,a,
ASN00092045,19440519,PRCP,3,,,a,
ASN00092045,19440520,PRCP,0,,,a,
ASN00092045,19440521,PRCP,3,,,a,
ASN00092045,19440522,PRCP,51,,,a,
ASN00092045,19440523,PRCP,79,,,a,
ASN00092045,19440524,PRCP,36,,,a,
ASN00092045,19440525,PRCP,0,,,a,
ASN00092045,19440526,PRCP,3,,,a,
ASN00092045,19440527,PRCP,335,,,a,
ASN00092045,19440528,PRCP,8,,,a,
ASN00092045,19440529,PRCP,25,,,a,
ASN00092045,19440530,PRCP,30,,,a,
ASN00092045,19440531,PRCP,0,,,a,
ASN00092045,19440601,PRCP,0,,,a,
ASN00092045,19440602,PRCP,0,,,a,
ASN00092045,19440603,PRCP,0,,,a,
ASN00092045,19440604,PRCP,5,,,a,
ASN00092045,19440605,PRCP,0,,,a,
ASN00092045,19440606,PRCP,0,,,a,
ASN00092045,19440607,PRCP,0,,,a,
ASN00092045,19440608,PRCP,5,,,a,
ASN00092045,19440609,PRCP,0,,,a,
ASN00092045,19440610,PRCP,8,,,a,
ASN00092045,19440611,PRCP,0,,,a,
ASN00092045,19440612,PRCP,0,,,a,
ASN00092045,19440613,PRCP,0,,,a,
ASN00092045,19440614,PRCP,0,,,a,
ASN00092045,19440615,PRCP,64,,,a,
ASN00092045,19440616,PRCP,8,,,a,
ASN00092045,19440617,PRCP,13,,,a,
ASN00092045,19440618,PRCP,3,,,a,
ASN00092045,19440619,PRCP,58,,,a,
ASN00092045,19440620,PRCP,0,,,a,
ASN00092045,19440621,PRCP,0,,,a,
ASN00092045,19440622,PRCP,0,,,a,
ASN00092045,19440623,PRCP,3,,,a,
ASN00092045,19440624,PRCP,0,,,a,
ASN00092045,19440625,PRCP,3,,,a,
ASN00092045,19440626,PRCP,13,,,a,
ASN00092045,19440627,PRCP,0,,,a,
ASN00092045,19440628,PRCP,0,,,a,
ASN00092045,19440629,PRCP,0,,,a,
ASN00092045,19440630,PRCP,0,,,a,
ASN00092045,19440701,PRCP,0,,,a,
ASN00092045,19440702,PRCP,20,,,a,
ASN00092045,19440703,PRCP,10,,,a,
ASN00092045,19440704,PRCP,5,,,a,
ASN00092045,19440705,PRCP,119,,,a,
ASN00092045,19440706,PRCP,30,,,a,
ASN00092045,19440707,PRCP,122,,,a,
ASN00092045,19440708,PRCP,5,,,a,
ASN00092045,19440709,PRCP,0,,,a,
ASN00092045,19440710,PRCP,61,,,a,
ASN00092045,19440711,PRCP,0,,,a,
ASN00092045,19440712,PRCP,5,,,a,
ASN00092045,19440713,PRCP,3,,,a,
ASN00092045,19440714,PRCP,0,,,a,
ASN00092045,19440715,PRCP,0,,,a,
ASN00092045,19440716,PRCP,0,,,a,
ASN00092045,19440717,PRCP,0,,,a,
ASN00092045,19440718,PRCP,3,,,a,
ASN00092045,19440719,PRCP,8,,,a,
ASN00092045,19440720,PRCP,0,,,a,
ASN00092045,19440721,PRCP,13,,,a,
ASN00092045,19440722,PRCP,0,,,a,
ASN00092045,19440723,PRCP,3,,,a,
ASN00092045,19440724,PRCP,0,,,a,
ASN00092045,19440725,PRCP,0,,,a,
ASN00092045,19440726,PRCP,0,,,a,
ASN00092045,19440727,PRCP,46,,,a,
ASN00092045,19440728,PRCP,3,,,a,
ASN00092045,19440729,PRCP,0,,,a,
ASN00092045,19440730,PRCP,23,,,a,
ASN00092045,19440731,PRCP,5,,,a,
ASN00092045,19440801,PRCP,28,,,a,
ASN00092045,19440802,PRCP,0,,,a,
ASN00092045,19440803,PRCP,0,,,a,
ASN00092045,19440804,PRCP,0,,,a,
ASN00092045,19440805,PRCP,3,,,a,
ASN00092045,19440806,PRCP,0,,,a,
ASN00092045,19440807,PRCP,0,,,a,
ASN00092045,19440808,PRCP,0,,,a,
ASN00092045,19440809,PRCP,0,,,a,
ASN00092045,19440810,PRCP,20,,,a,
ASN00092045,19440811,PRCP,8,,,a,
ASN00092045,19440812,PRCP,10,,,a,
ASN00092045,19440813,PRCP,43,,,a,
ASN00092045,19440814,PRCP,3,,,a,
ASN00092045,19440815,PRCP,38,,,a,
ASN00092045,19440816,PRCP,53,,,a,
ASN00092045,19440817,PRCP,51,,,a,
ASN00092045,19440818,PRCP,15,,,a,
ASN00092045,19440819,PRCP,0,,,a,
ASN00092045,19440820,PRCP,0,,,a,
ASN00092045,19440821,PRCP,51,,,a,
ASN00092045,19440822,PRCP,0,,,a,
ASN00092045,19440823,PRCP,0,,,a,
ASN00092045,19440824,PRCP,0,,,a,
ASN00092045,19440825,PRCP,0,,,a,
ASN00092045,19440826,PRCP,23,,,a,
ASN00092045,19440827,PRCP,0,,,a,
ASN00092045,19440828,PRCP,0,,,a,
ASN00092045,19440829,PRCP,0,,,a,
ASN00092045,19440830,PRCP,0,,,a,
ASN00092045,19440831,PRCP,0,,,a,
ASN00092045,19440901,PRCP,0,,,a,
ASN00092045,19440902,PRCP,10,,,a,
ASN00092045,19440903,PRCP,46,,,a,
ASN00092045,19440904,PRCP,3,,,a,
ASN00092045,19440905,PRCP,0,,,a,
ASN00092045,19440906,PRCP,0,,,a,
ASN00092045,19440907,PRCP,0,,,a,
ASN00092045,19440908,PRCP,5,,,a,
ASN00092045,19440909,PRCP,97,,,a,
ASN00092045,19440910,PRCP,13,,,a,
ASN00092045,19440911,PRCP,3,,,a,
ASN00092045,19440912,PRCP,0,,,a,
ASN00092045,19440913,PRCP,0,,,a,
ASN00092045,19440914,PRCP,0,,,a,
ASN00092045,19440915,PRCP,5,,,a,
ASN00092045,19440916,PRCP,20,,,a,
ASN00092045,19440917,PRCP,0,,,a,
ASN00092045,19440918,PRCP,0,,,a,
ASN00092045,19440919,PRCP,0,,,a,
ASN00092045,19440920,PRCP,0,,,a,
ASN00092045,19440921,PRCP,43,,,a,
ASN00092045,19440922,PRCP,0,,,a,
ASN00092045,19440923,PRCP,46,,,a,
ASN00092045,19440924,PRCP,3,,,a,
ASN00092045,19440925,PRCP,0,,,a,
ASN00092045,19440926,PRCP,20,,,a,
ASN00092045,19440927,PRCP,0,,,a,
ASN00092045,19440928,PRCP,0,,,a,
ASN00092045,19440929,PRCP,0,,,a,
ASN00092045,19440930,PRCP,3,,,a,
ASN00092045,19441001,PRCP,0,,,a,
ASN00092045,19441002,PRCP,137,,,a,
ASN00092045,19441003,PRCP,28,,,a,
ASN00092045,19441004,PRCP,0,,,a,
ASN00092045,19441005,PRCP,0,,,a,
ASN00092045,19441006,PRCP,0,,,a,
ASN00092045,19441007,PRCP,0,,,a,
ASN00092045,19441008,PRCP,0,,,a,
ASN00092045,19441009,PRCP,0,,,a,
ASN00092045,19441010,PRCP,5,,,a,
ASN00092045,19441011,PRCP,8,,,a,
ASN00092045,19441012,PRCP,3,,,a,
ASN00092045,19441013,PRCP,0,,,a,
ASN00092045,19441014,PRCP,8,,,a,
ASN00092045,19441015,PRCP,0,,,a,
ASN00092045,19441016,PRCP,122,,,a,
ASN00092045,19441017,PRCP,0,,,a,
ASN00092045,19441018,PRCP,41,,,a,
ASN00092045,19441019,PRCP,0,,,a,
ASN00092045,19441020,PRCP,0,,,a,
ASN00092045,19441021,PRCP,0,,,a,
ASN00092045,19441022,PRCP,0,,,a,
ASN00092045,19441023,PRCP,71,,,a,
ASN00092045,19441024,PRCP,79,,,a,
ASN00092045,19441025,PRCP,5,,,a,
ASN00092045,19441026,PRCP,10,,,a,
ASN00092045,19441027,PRCP,20,,,a,
ASN00092045,19441028,PRCP,99,,,a,
ASN00092045,19441029,PRCP,0,,,a,
ASN00092045,19441030,PRCP,0,,,a,
ASN00092045,19441031,PRCP,0,,,a,
ASN00092045,19441101,PRCP,0,,,a,
ASN00092045,19441102,PRCP,0,,,a,
ASN00092045,19441103,PRCP,0,,,a,
ASN00092045,19441104,PRCP,0,,,a,
ASN00092045,19441105,PRCP,0,,,a,
ASN00092045,19441106,PRCP,0,,,a,
ASN00092045,19441107,PRCP,23,,,a,
ASN00092045,19441108,PRCP,28,,,a,
ASN00092045,19441109,PRCP,13,,,a,
ASN00092045,19441110,PRCP,307,,,a,
ASN00092045,19441111,PRCP,20,,,a,
ASN00092045,19441112,PRCP,0,,,a,
ASN00092045,19441113,PRCP,25,,,a,
ASN00092045,19441114,PRCP,66,,,a,
ASN00092045,19441115,PRCP,5,,,a,
ASN00092045,19441116,PRCP,0,,,a,
ASN00092045,19441117,PRCP,0,,,a,
ASN00092045,19441118,PRCP,3,,,a,
ASN00092045,19441119,PRCP,0,,,a,
ASN00092045,19441120,PRCP,117,,,a,
ASN00092045,19441121,PRCP,51,,,a,
ASN00092045,19441122,PRCP,0,,,a,
ASN00092045,19441123,PRCP,0,,,a,
ASN00092045,19441124,PRCP,5,,,a,
ASN00092045,19441125,PRCP,36,,,a,
ASN00092045,19441126,PRCP,0,,,a,
ASN00092045,19441127,PRCP,8,,,a,
ASN00092045,19441128,PRCP,0,,,a,
ASN00092045,19441129,PRCP,0,,,a,
ASN00092045,19441130,PRCP,0,,,a,
ASN00092045,19441201,PRCP,48,,,a,
ASN00092045,19441202,PRCP,0,,,a,
ASN00092045,19441203,PRCP,0,,,a,
ASN00092045,19441204,PRCP,0,,,a,
ASN00092045,19441205,PRCP,0,,,a,
ASN00092045,19441206,PRCP,0,,,a,
ASN00092045,19441207,PRCP,0,,,a,
ASN00092045,19441208,PRCP,0,,,a,
ASN00092045,19441209,PRCP,178,,,a,
ASN00092045,19441210,PRCP,84,,,a,
ASN00092045,19441211,PRCP,64,,,a,
ASN00092045,19441212,PRCP,0,,,a,
ASN00092045,19441213,PRCP,13,,,a,
ASN00092045,19441214,PRCP,0,,,a,
ASN00092045,19441215,PRCP,0,,,a,
ASN00092045,19441216,PRCP,0,,,a,
ASN00092045,19441217,PRCP,5,,,a,
ASN00092045,19441218,PRCP,3,,,a,
ASN00092045,19441219,PRCP,86,,,a,
ASN00092045,19441220,PRCP,13,,,a,
ASN00092045,19441221,PRCP,58,,,a,
ASN00092045,19441222,PRCP,66,,,a,
ASN00092045,19441223,PRCP,8,,,a,
ASN00092045,19441224,PRCP,36,,,a,
ASN00092045,19441225,PRCP,3,,,a,
ASN00092045,19441226,PRCP,0,,,a,
ASN00092045,19441227,PRCP,33,,,a,
ASN00092045,19441228,PRCP,10,,,a,
ASN00092045,19441229,PRCP,0,,,a,
ASN00092045,19441230,PRCP,8,,,a,
ASN00092045,19441231,PRCP,0,,,a,
ASN00092045,19450101,PRCP,8,,,a,
ASN00092045,19450102,PRCP,10,,,a,
ASN00092045,19450103,PRCP,30,,,a,
ASN00092045,19450104,PRCP,0,,,a,
ASN00092045,19450105,PRCP,20,,,a,
ASN00092045,19450106,PRCP,0,,,a,
ASN00092045,19450107,PRCP,0,,,a,
ASN00092045,19450108,PRCP,0,,,a,
ASN00092045,19450109,PRCP,0,,,a,
ASN00092045,19450110,PRCP,5,,,a,
ASN00092045,19450111,PRCP,13,,,a,
ASN00092045,19450112,PRCP,0,,,a,
ASN00092045,19450113,PRCP,0,,,a,
ASN00092045,19450114,PRCP,0,,,a,
ASN00092045,19450115,PRCP,5,,,a,
ASN00092045,19450116,PRCP,76,,,a,
ASN00092045,19450117,PRCP,0,,,a,
ASN00092045,19450118,PRCP,0,,,a,
ASN00092045,19450119,PRCP,0,,,a,
ASN00092045,19450120,PRCP,0,,,a,
ASN00092045,19450121,PRCP,0,,,a,
ASN00092045,19450122,PRCP,0,,,a,
ASN00092045,19450123,PRCP,0,,,a,
ASN00092045,19450124,PRCP,0,,,a,
ASN00092045,19450125,PRCP,0,,,a,
ASN00092045,19450126,PRCP,0,,,a,
ASN00092045,19450127,PRCP,0,,,a,
ASN00092045,19450128,PRCP,0,,,a,
ASN00092045,19450129,PRCP,0,,,a,
ASN00092045,19450130,PRCP,0,,,a,
ASN00092045,19450131,PRCP,391,,,a,
ASN00092045,19450201,PRCP,84,,,a,
ASN00092045,19450202,PRCP,0,,,a,
ASN00092045,19450203,PRCP,0,,,a,
ASN00092045,19450204,PRCP,0,,,a,
ASN00092045,19450205,PRCP,0,,,a,
ASN00092045,19450206,PRCP,0,,,a,
ASN00092045,19450207,PRCP,0,,,a,
ASN00092045,19450208,PRCP,0,,,a,
ASN00092045,19450209,PRCP,0,,,a,
ASN00092045,19450210,PRCP,0,,,a,
ASN00092045,19450211,PRCP,0,,,a,
ASN00092045,19450212,PRCP,5,,,a,
ASN00092045,19450213,PRCP,15,,,a,
ASN00092045,19450214,PRCP,99,,,a,
ASN00092045,19450215,PRCP,51,,,a,
ASN00092045,19450216,PRCP,38,,,a,
ASN00092045,19450217,PRCP,5,,,a,
ASN00092045,19450218,PRCP,0,,,a,
ASN00092045,19450219,PRCP,0,,,a,
ASN00092045,19450220,PRCP,10,,,a,
ASN00092045,19450221,PRCP,18,,,a,
ASN00092045,19450222,PRCP,678,,,a,
ASN00092045,19450223,PRCP,178,,,a,
ASN00092045,19450224,PRCP,66,,,a,
ASN00092045,19450225,PRCP,38,,,a,
ASN00092045,19450226,PRCP,8,,,a,
ASN00092045,19450227,PRCP,0,,,a,
ASN00092045,19450228,PRCP,0,,,a,
ASN00092045,19450301,PRCP,0,,,a,
ASN00092045,19450302,PRCP,36,,,a,
ASN00092045,19450303,PRCP,0,,,a,
ASN00092045,19450304,PRCP,0,,,a,
ASN00092045,19450305,PRCP,15,,,a,
ASN00092045,19450306,PRCP,0,,,a,
ASN00092045,19450307,PRCP,8,,,a,
ASN00092045,19450308,PRCP,0,,,a,
ASN00092045,19450309,PRCP,5,,,a,
ASN00092045,19450310,PRCP,0,,,a,
ASN00092045,19450311,PRCP,20,,,a,
ASN00092045,19450312,PRCP,0,,,a,
ASN00092045,19450313,PRCP,0,,,a,
ASN00092045,19450314,PRCP,0,,,a,
ASN00092045,19450315,PRCP,0,,,a,
ASN00092045,19450316,PRCP,0,,,a,
ASN00092045,19450317,PRCP,0,,,a,
ASN00092045,19450318,PRCP,0,,,a,
ASN00092045,19450319,PRCP,0,,,a,
ASN00092045,19450320,PRCP,0,,,a,
ASN00092045,19450321,PRCP,0,,,a,
ASN00092045,19450322,PRCP,0,,,a,
ASN00092045,19450323,PRCP,89,,,a,
ASN00092045,19450324,PRCP,8,,,a,
ASN00092045,19450325,PRCP,5,,,a,
ASN00092045,19450326,PRCP,0,,,a,
ASN00092045,19450327,PRCP,0,,,a,
ASN00092045,19450328,PRCP,0,,,a,
ASN00092045,19450329,PRCP,0,,,a,
ASN00092045,19450330,PRCP,58,,,a,
ASN00092045,19450331,PRCP,10,,,a,
ASN00092045,19450401,PRCP,69,,,a,
ASN00092045,19450402,PRCP,3,,,a,
ASN00092045,19450403,PRCP,0,,,a,
ASN00092045,19450404,PRCP,8,,,a,
ASN00092045,19450405,PRCP,23,,,a,
ASN00092045,19450406,PRCP,51,,,a,
ASN00092045,19450407,PRCP,41,,,a,
ASN00092045,19450408,PRCP,3,,,a,
ASN00092045,19450409,PRCP,0,,,a,
ASN00092045,19450410,PRCP,36,,,a,
ASN00092045,19450411,PRCP,13,,,a,
ASN00092045,19450412,PRCP,0,,,a,
ASN00092045,19450413,PRCP,0,,,a,
ASN00092045,19450414,PRCP,0,,,a,
ASN00092045,19450415,PRCP,0,,,a,
ASN00092045,19450416,PRCP,0,,,a,
ASN00092045,19450417,PRCP,0,,,a,
ASN00092045,19450418,PRCP,0,,,a,
ASN00092045,19450419,PRCP,0,,,a,
ASN00092045,19450420,PRCP,0,,,a,
ASN00092045,19450421,PRCP,0,,,a,
ASN00092045,19450422,PRCP,0,,,a,
ASN00092045,19450423,PRCP,0,,,a,
ASN00092045,19450424,PRCP,0,,,a,
ASN00092045,19450425,PRCP,0,,,a,
ASN00092045,19450426,PRCP,0,,,a,
ASN00092045,19450427,PRCP,0,,,a,
ASN00092045,19450428,PRCP,0,,,a,
ASN00092045,19450429,PRCP,0,,,a,
ASN00092045,19450430,PRCP,0,,,a,
ASN00092045,19450501,PRCP,10,,,a,
ASN00092045,19450502,PRCP,48,,,a,
ASN00092045,19450503,PRCP,0,,,a,
ASN00092045,19450504,PRCP,0,,,a,
ASN00092045,19450505,PRCP,74,,,a,
ASN00092045,19450506,PRCP,5,,,a,
ASN00092045,19450507,PRCP,20,,,a,
ASN00092045,19450508,PRCP,20,,,a,
ASN00092045,19450509,PRCP,0,,,a,
ASN00092045,19450510,PRCP,15,,,a,
ASN00092045,19450511,PRCP,0,,,a,
ASN00092045,19450512,PRCP,0,,,a,
ASN00092045,19450513,PRCP,0,,,a,
ASN00092045,19450514,PRCP,406,,,a,
ASN00092045,19450515,PRCP,5,,,a,
ASN00092045,19450516,PRCP,0,,,a,
ASN00092045,19450517,PRCP,0,,,a,
ASN00092045,19450518,PRCP,0,,,a,
ASN00092045,19450519,PRCP,0,,,a,
ASN00092045,19450520,PRCP,0,,,a,
ASN00092045,19450521,PRCP,0,,,a,
ASN00092045,19450522,PRCP,0,,,a,
ASN00092045,19450523,PRCP,0,,,a,
ASN00092045,19450524,PRCP,64,,,a,
ASN00092045,19450525,PRCP,38,,,a,
ASN00092045,19450526,PRCP,0,,,a,
ASN00092045,19450527,PRCP,0,,,a,
ASN00092045,19450528,PRCP,0,,,a,
ASN00092045,19450529,PRCP,5,,,a,
ASN00092045,19450530,PRCP,0,,,a,
ASN00092045,19450531,PRCP,0,,,a,
ASN00092045,19450601,PRCP,0,,,a,
ASN00092045,19450602,PRCP,0,,,a,
ASN00092045,19450603,PRCP,0,,,a,
ASN00092045,19450604,PRCP,0,,,a,
ASN00092045,19450605,PRCP,0,,,a,
ASN00092045,19450606,PRCP,0,,,a,
ASN00092045,19450607,PRCP,0,,,a,
ASN00092045,19450608,PRCP,0,,,a,
ASN00092045,19450609,PRCP,0,,,a,
ASN00092045,19450610,PRCP,51,,,a,
ASN00092045,19450611,PRCP,13,,,a,
ASN00092045,19450612,PRCP,10,,,a,
ASN00092045,19450613,PRCP,13,,,a,
ASN00092045,19450614,PRCP,5,,,a,
ASN00092045,19450615,PRCP,0,,,a,
ASN00092045,19450616,PRCP,5,,,a,
ASN00092045,19450617,PRCP,0,,,a,
ASN00092045,19450618,PRCP,8,,,a,
ASN00092045,19450619,PRCP,5,,,a,
ASN00092045,19450620,PRCP,66,,,a,
ASN00092045,19450621,PRCP,86,,,a,
ASN00092045,19450622,PRCP,8,,,a,
ASN00092045,19450623,PRCP,140,,,a,
ASN00092045,19450624,PRCP,61,,,a,
ASN00092045,19450625,PRCP,102,,,a,
ASN00092045,19450626,PRCP,13,,,a,
ASN00092045,19450627,PRCP,64,,,a,
ASN00092045,19450628,PRCP,0,,,a,
ASN00092045,19450629,PRCP,0,,,a,
ASN00092045,19450630,PRCP,0,,,a,
ASN00092045,19450701,PRCP,13,,,a,
ASN00092045,19450702,PRCP,0,,,a,
ASN00092045,19450703,PRCP,5,,,a,
ASN00092045,19450704,PRCP,0,,,a,
ASN00092045,19450705,PRCP,38,,,a,
ASN00092045,19450706,PRCP,5,,,a,
ASN00092045,19450707,PRCP,0,,,a,
ASN00092045,19450708,PRCP,0,,,a,
ASN00092045,19450709,PRCP,0,,,a,
ASN00092045,19450710,PRCP,0,,,a,
ASN00092045,19450711,PRCP,0,,,a,
ASN00092045,19450712,PRCP,0,,,a,
ASN00092045,19450713,PRCP,8,,,a,
ASN00092045,19450714,PRCP,23,,,a,
ASN00092045,19450715,PRCP,0,,,a,
ASN00092045,19450716,PRCP,0,,,a,
ASN00092045,19450717,PRCP,0,,,a,
ASN00092045,19450718,PRCP,8,,,a,
ASN00092045,19450719,PRCP,10,,,a,
ASN00092045,19450720,PRCP,13,,,a,
ASN00092045,19450721,PRCP,0,,,a,
ASN00092045,19450722,PRCP,0,,,a,
ASN00092045,19450723,PRCP,0,,,a,
ASN00092045,19450724,PRCP,0,,,a,
ASN00092045,19450725,PRCP,3,,,a,
ASN00092045,19450726,PRCP,0,,,a,
ASN00092045,19450727,PRCP,3,,,a,
ASN00092045,19450728,PRCP,0,,,a,
ASN00092045,19450729,PRCP,99,,,a,
ASN00092045,19450730,PRCP,8,,,a,
ASN00092045,19450731,PRCP,5,,,a,
ASN00092045,19450801,PRCP,74,,,a,
ASN00092045,19450802,PRCP,0,,,a,
ASN00092045,19450803,PRCP,0,,,a,
ASN00092045,19450804,PRCP,3,,,a,
ASN00092045,19450805,PRCP,10,,,a,
ASN00092045,19450806,PRCP,0,,,a,
ASN00092045,19450807,PRCP,0,,,a,
ASN00092045,19450808,PRCP,191,,,a,
ASN00092045,19450809,PRCP,10,,,a,
ASN00092045,19450810,PRCP,41,,,a,
ASN00092045,19450811,PRCP,23,,,a,
ASN00092045,19450812,PRCP,18,,,a,
ASN00092045,19450813,PRCP,0,,,a,
ASN00092045,19450814,PRCP,15,,,a,
ASN00092045,19450815,PRCP,0,,,a,
ASN00092045,19450816,PRCP,74,,,a,
ASN00092045,19450817,PRCP,51,,,a,
ASN00092045,19450818,PRCP,0,,,a,
ASN00092045,19450819,PRCP,0,,,a,
ASN00092045,19450820,PRCP,38,,,a,
ASN00092045,19450821,PRCP,48,,,a,
ASN00092045,19450822,PRCP,178,,,a,
ASN00092045,19450823,PRCP,0,,,a,
ASN00092045,19450824,PRCP,0,,,a,
ASN00092045,19450825,PRCP,137,,,a,
ASN00092045,19450826,PRCP,38,,,a,
ASN00092045,19450827,PRCP,8,,,a,
ASN00092045,19450828,PRCP,3,,,a,
ASN00092045,19450829,PRCP,8,,,a,
ASN00092045,19450830,PRCP,13,,,a,
ASN00092045,19450831,PRCP,18,,,a,
ASN00092045,19450901,PRCP,0,,,a,
ASN00092045,19450902,PRCP,0,,,a,
ASN00092045,19450903,PRCP,0,,,a,
ASN00092045,19450904,PRCP,69,,,a,
ASN00092045,19450905,PRCP,10,,,a,
ASN00092045,19450906,PRCP,0,,,a,
ASN00092045,19450907,PRCP,10,,,a,
ASN00092045,19450908,PRCP,5,,,a,
ASN00092045,19450909,PRCP,0,,,a,
ASN00092045,19450910,PRCP,0,,,a,
ASN00092045,19450911,PRCP,0,,,a,
ASN00092045,19450912,PRCP,23,,,a,
ASN00092045,19450913,PRCP,8,,,a,
ASN00092045,19450914,PRCP,5,,,a,
ASN00092045,19450915,PRCP,10,,,a,
ASN00092045,19450916,PRCP,0,,,a,
ASN00092045,19450917,PRCP,0,,,a,
ASN00092045,19450918,PRCP,0,,,a,
ASN00092045,19450919,PRCP,8,,,a,
ASN00092045,19450920,PRCP,127,,,a,
ASN00092045,19450921,PRCP,0,,,a,
ASN00092045,19450922,PRCP,0,,,a,
ASN00092045,19450923,PRCP,0,,,a,
ASN00092045,19450924,PRCP,0,,,a,
ASN00092045,19450925,PRCP,0,,,a,
ASN00092045,19450926,PRCP,25,,,a,
ASN00092045,19450927,PRCP,0,,,a,
ASN00092045,19450928,PRCP,0,,,a,
ASN00092045,19450929,PRCP,0,,,a,
ASN00092045,19450930,PRCP,0,,,a,
ASN00092045,19451001,PRCP,8,,,a,
ASN00092045,19451002,PRCP,56,,,a,
ASN00092045,19451003,PRCP,10,,,a,
ASN00092045,19451004,PRCP,23,,,a,
ASN00092045,19451005,PRCP,5,,,a,
ASN00092045,19451006,PRCP,0,,,a,
ASN00092045,19451007,PRCP,3,,,a,
ASN00092045,19451008,PRCP,0,,,a,
ASN00092045,19451009,PRCP,0,,,a,
ASN00092045,19451010,PRCP,18,,,a,
ASN00092045,19451011,PRCP,5,,,a,
ASN00092045,19451012,PRCP,0,,,a,
ASN00092045,19451013,PRCP,10,,,a,
ASN00092045,19451014,PRCP,0,,,a,
ASN00092045,19451015,PRCP,10,,,a,
ASN00092045,19451016,PRCP,5,,,a,
ASN00092045,19451017,PRCP,0,,,a,
ASN00092045,19451018,PRCP,0,,,a,
ASN00092045,19451019,PRCP,0,,,a,
ASN00092045,19451020,PRCP,0,,,a,
ASN00092045,19451021,PRCP,0,,,a,
ASN00092045,19451022,PRCP,0,,,a,
ASN00092045,19451023,PRCP,0,,,a,
ASN00092045,19451024,PRCP,0,,,a,
ASN00092045,19451025,PRCP,74,,,a,
ASN00092045,19451026,PRCP,5,,,a,
ASN00092045,19451027,PRCP,8,,,a,
ASN00092045,19451028,PRCP,229,,,a,
ASN00092045,19451029,PRCP,8,,,a,
ASN00092045,19451030,PRCP,0,,,a,
ASN00092045,19451031,PRCP,0,,,a,
ASN00092045,19451101,PRCP,0,,,a,
ASN00092045,19451102,PRCP,0,,,a,
ASN00092045,19451103,PRCP,3,,,a,
ASN00092045,19451104,PRCP,8,,,a,
ASN00092045,19451105,PRCP,102,,,a,
ASN00092045,19451106,PRCP,0,,,a,
ASN00092045,19451107,PRCP,3,,,a,
ASN00092045,19451108,PRCP,0,,,a,
ASN00092045,19451109,PRCP,0,,,a,
ASN00092045,19451110,PRCP,0,,,a,
ASN00092045,19451111,PRCP,36,,,a,
ASN00092045,19451112,PRCP,0,,,a,
ASN00092045,19451113,PRCP,0,,,a,
ASN00092045,19451114,PRCP,0,,,a,
ASN00092045,19451115,PRCP,0,,,a,
ASN00092045,19451116,PRCP,0,,,a,
ASN00092045,19451117,PRCP,10,,,a,
ASN00092045,19451118,PRCP,66,,,a,
ASN00092045,19451119,PRCP,3,,,a,
ASN00092045,19451120,PRCP,0,,,a,
ASN00092045,19451121,PRCP,76,,,a,
ASN00092045,19451122,PRCP,23,,,a,
ASN00092045,19451123,PRCP,0,,,a,
ASN00092045,19451124,PRCP,0,,,a,
ASN00092045,19451125,PRCP,0,,,a,
ASN00092045,19451126,PRCP,0,,,a,
ASN00092045,19451127,PRCP,3,,,a,
ASN00092045,19451128,PRCP,0,,,a,
ASN00092045,19451129,PRCP,0,,,a,
ASN00092045,19451130,PRCP,0,,,a,
ASN00092045,19451201,PRCP,0,,,a,
ASN00092045,19451202,PRCP,0,,,a,
ASN00092045,19451203,PRCP,3,,,a,
ASN00092045,19451204,PRCP,0,,,a,
ASN00092045,19451205,PRCP,0,,,a,
ASN00092045,19451206,PRCP,0,,,a,
ASN00092045,19451207,PRCP,0,,,a,
ASN00092045,19451208,PRCP,0,,,a,
ASN00092045,19451209,PRCP,0,,,a,
ASN00092045,19451210,PRCP,0,,,a,
ASN00092045,19451211,PRCP,0,,,a,
ASN00092045,19451212,PRCP,0,,,a,
ASN00092045,19451213,PRCP,0,,,a,
ASN00092045,19451214,PRCP,0,,,a,
ASN00092045,19451215,PRCP,0,,,a,
ASN00092045,19451216,PRCP,8,,,a,
ASN00092045,19451217,PRCP,119,,,a,
ASN00092045,19451218,PRCP,104,,,a,
ASN00092045,19451219,PRCP,79,,,a,
ASN00092045,19451220,PRCP,0,,,a,
ASN00092045,19451221,PRCP,0,,,a,
ASN00092045,19451222,PRCP,0,,,a,
ASN00092045,19451223,PRCP,0,,,a,
ASN00092045,19451224,PRCP,0,,,a,
ASN00092045,19451225,PRCP,3,,,a,
ASN00092045,19451226,PRCP,0,,,a,
ASN00092045,19451227,PRCP,0,,,a,
ASN00092045,19451228,PRCP,152,,,a,
ASN00092045,19451229,PRCP,0,,,a,
ASN00092045,19451230,PRCP,0,,,a,
ASN00092045,19451231,PRCP,0,,,a,
ASN00092045,19460101,PRCP,0,,,a,
ASN00092045,19460102,PRCP,0,,,a,
ASN00092045,19460103,PRCP,0,,,a,
ASN00092045,19460104,PRCP,61,,,a,
ASN00092045,19460105,PRCP,66,,,a,
ASN00092045,19460106,PRCP,23,,,a,
ASN00092045,19460107,PRCP,10,,,a,
ASN00092045,19460108,PRCP,0,,,a,
ASN00092045,19460109,PRCP,0,,,a,
ASN00092045,19460110,PRCP,0,,,a,
ASN00092045,19460111,PRCP,0,,,a,
ASN00092045,19460112,PRCP,0,,,a,
ASN00092045,19460113,PRCP,0,,,a,
ASN00092045,19460114,PRCP,0,,,a,
ASN00092045,19460115,PRCP,5,,,a,
ASN00092045,19460116,PRCP,0,,,a,
ASN00092045,19460117,PRCP,76,,,a,
ASN00092045,19460118,PRCP,79,,,a,
ASN00092045,19460119,PRCP,0,,,a,
ASN00092045,19460120,PRCP,526,,,a,
ASN00092045,19460121,PRCP,3,,,a,
ASN00092045,19460122,PRCP,5,,,a,
ASN00092045,19460123,PRCP,0,,,a,
ASN00092045,19460124,PRCP,0,,,a,
ASN00092045,19460125,PRCP,48,,,a,
ASN00092045,19460126,PRCP,74,,,a,
ASN00092045,19460127,PRCP,0,,,a,
ASN00092045,19460128,PRCP,0,,,a,
ASN00092045,19460129,PRCP,3,,,a,
ASN00092045,19460130,PRCP,0,,,a,
ASN00092045,19460131,PRCP,0,,,a,
ASN00092045,19460201,PRCP,0,,,a,
ASN00092045,19460202,PRCP,0,,,a,
ASN00092045,19460203,PRCP,5,,,a,
ASN00092045,19460204,PRCP,0,,,a,
ASN00092045,19460205,PRCP,0,,,a,
ASN00092045,19460206,PRCP,0,,,a,
ASN00092045,19460207,PRCP,0,,,a,
ASN00092045,19460208,PRCP,0,,,a,
ASN00092045,19460209,PRCP,0,,,a,
ASN00092045,19460210,PRCP,30,,,a,
ASN00092045,19460211,PRCP,117,,,a,
ASN00092045,19460212,PRCP,0,,,a,
ASN00092045,19460213,PRCP,0,,,a,
ASN00092045,19460214,PRCP,0,,,a,
ASN00092045,19460215,PRCP,0,,,a,
ASN00092045,19460216,PRCP,0,,,a,
ASN00092045,19460217,PRCP,0,,,a,
ASN00092045,19460218,PRCP,0,,,a,
ASN00092045,19460219,PRCP,1054,,,a,
ASN00092045,19460220,PRCP,8,,,a,
ASN00092045,19460221,PRCP,0,,,a,
ASN00092045,19460222,PRCP,0,,,a,
ASN00092045,19460223,PRCP,5,,,a,
ASN00092045,19460224,PRCP,0,,,a,
ASN00092045,19460225,PRCP,0,,,a,
ASN00092045,19460226,PRCP,43,,,a,
ASN00092045,19460227,PRCP,193,,,a,
ASN00092045,19460228,PRCP,0,,,a,
ASN00092045,19460301,PRCP,0,,,a,
ASN00092045,19460302,PRCP,0,,,a,
ASN00092045,19460303,PRCP,0,,,a,
ASN00092045,19460304,PRCP,0,,,a,
ASN00092045,19460305,PRCP,0,,,a,
ASN00092045,19460306,PRCP,0,,,a,
ASN00092045,19460307,PRCP,0,,,a,
ASN00092045,19460308,PRCP,0,,,a,
ASN00092045,19460309,PRCP,0,,,a,
ASN00092045,19460310,PRCP,165,,,a,
ASN00092045,19460311,PRCP,43,,,a,
ASN00092045,19460312,PRCP,36,,,a,
ASN00092045,19460313,PRCP,0,,,a,
ASN00092045,19460314,PRCP,5,,,a,
ASN00092045,19460315,PRCP,0,,,a,
ASN00092045,19460316,PRCP,8,,,a,
ASN00092045,19460317,PRCP,152,,,a,
ASN00092045,19460318,PRCP,69,,,a,
ASN00092045,19460319,PRCP,13,,,a,
ASN00092045,19460320,PRCP,0,,,a,
ASN00092045,19460321,PRCP,5,,,a,
ASN00092045,19460322,PRCP,0,,,a,
ASN00092045,19460323,PRCP,0,,,a,
ASN00092045,19460324,PRCP,122,,,a,
ASN00092045,19460325,PRCP,305,,,a,
ASN00092045,19460326,PRCP,739,,,a,
ASN00092045,19460327,PRCP,18,,,a,
ASN00092045,19460328,PRCP,20,,,a,
ASN00092045,19460329,PRCP,3,,,a,
ASN00092045,19460330,PRCP,8,,,a,
ASN00092045,19460331,PRCP,0,,,a,
ASN00092045,19460401,PRCP,0,,,a,
ASN00092045,19460402,PRCP,0,,,a,
ASN00092045,19460403,PRCP,0,,,a,
ASN00092045,19460404,PRCP,0,,,a,
ASN00092045,19460405,PRCP,10,,,a,
ASN00092045,19460406,PRCP,208,,,a,
ASN00092045,19460407,PRCP,97,,,a,
ASN00092045,19460408,PRCP,28,,,a,
ASN00092045,19460409,PRCP,0,,,a,
ASN00092045,19460410,PRCP,0,,,a,
ASN00092045,19460411,PRCP,0,,,a,
ASN00092045,19460412,PRCP,0,,,a,
ASN00092045,19460413,PRCP,297,,,a,
ASN00092045,19460414,PRCP,0,,,a,
ASN00092045,19460415,PRCP,0,,,a,
ASN00092045,19460416,PRCP,0,,,a,
ASN00092045,19460417,PRCP,0,,,a,
ASN00092045,19460418,PRCP,3,,,a,
ASN00092045,19460419,PRCP,0,,,a,
ASN00092045,19460420,PRCP,0,,,a,
ASN00092045,19460421,PRCP,0,,,a,
ASN00092045,19460422,PRCP,8,,,a,
ASN00092045,19460423,PRCP,140,,,a,
ASN00092045,19460424,PRCP,178,,,a,
ASN00092045,19460425,PRCP,64,,,a,
ASN00092045,19460426,PRCP,3,,,a,
ASN00092045,19460427,PRCP,8,,,a,
ASN00092045,19460428,PRCP,5,,,a,
ASN00092045,19460429,PRCP,0,,,a,
ASN00092045,19460430,PRCP,0,,,a,
ASN00092045,19460501,PRCP,76,,,a,
ASN00092045,19460502,PRCP,0,,,a,
ASN00092045,19460503,PRCP,0,,,a,
ASN00092045,19460504,PRCP,0,,,a,
ASN00092045,19460505,PRCP,20,,,a,
ASN00092045,19460506,PRCP,0,,,a,
ASN00092045,19460507,PRCP,0,,,a,
ASN00092045,19460508,PRCP,0,,,a,
ASN00092045,19460509,PRCP,3,,,a,
ASN00092045,19460510,PRCP,3,,,a,
ASN00092045,19460511,PRCP,0,,,a,
ASN00092045,19460512,PRCP,51,,,a,
ASN00092045,19460513,PRCP,0,,,a,
ASN00092045,19460514,PRCP,0,,,a,
ASN00092045,19460515,PRCP,18,,,a,
ASN00092045,19460516,PRCP,0,,,a,
ASN00092045,19460517,PRCP,5,,,a,
ASN00092045,19460518,PRCP,8,,,a,
ASN00092045,19460519,PRCP,0,,,a,
ASN00092045,19460520,PRCP,0,,,a,
ASN00092045,19460521,PRCP,0,,,a,
ASN00092045,19460522,PRCP,0,,,a,
ASN00092045,19460523,PRCP,5,,,a,
ASN00092045,19460524,PRCP,20,,,a,
ASN00092045,19460525,PRCP,5,,,a,
ASN00092045,19460526,PRCP,5,,,a,
ASN00092045,19460527,PRCP,0,,,a,
ASN00092045,19460528,PRCP,0,,,a,
ASN00092045,19460529,PRCP,0,,,a,
ASN00092045,19460530,PRCP,41,,,a,
ASN00092045,19460531,PRCP,58,,,a,
ASN00092045,19460601,PRCP,61,,,a,
ASN00092045,19460602,PRCP,5,,,a,
ASN00092045,19460603,PRCP,18,,,a,
ASN00092045,19460604,PRCP,10,,,a,
ASN00092045,19460605,PRCP,145,,,a,
ASN00092045,19460606,PRCP,43,,,a,
ASN00092045,19460607,PRCP,20,,,a,
ASN00092045,19460608,PRCP,0,,,a,
ASN00092045,19460609,PRCP,0,,,a,
ASN00092045,19460610,PRCP,64,,,a,
ASN00092045,19460611,PRCP,69,,,a,
ASN00092045,19460612,PRCP,0,,,a,
ASN00092045,19460613,PRCP,0,,,a,
ASN00092045,19460614,PRCP,0,,,a,
ASN00092045,19460615,PRCP,0,,,a,
ASN00092045,19460616,PRCP,0,,,a,
ASN00092045,19460617,PRCP,0,,,a,
ASN00092045,19460618,PRCP,102,,,a,
ASN00092045,19460619,PRCP,198,,,a,
ASN00092045,19460620,PRCP,8,,,a,
ASN00092045,19460621,PRCP,15,,,a,
ASN00092045,19460622,PRCP,3,,,a,
ASN00092045,19460623,PRCP,23,,,a,
ASN00092045,19460624,PRCP,20,,,a,
ASN00092045,19460625,PRCP,13,,,a,
ASN00092045,19460626,PRCP,0,,,a,
ASN00092045,19460627,PRCP,0,,,a,
ASN00092045,19460628,PRCP,0,,,a,
ASN00092045,19460629,PRCP,36,,,a,
ASN00092045,19460630,PRCP,419,,,a,
ASN00092045,19460701,PRCP,53,,,a,
ASN00092045,19460702,PRCP,18,,,a,
ASN00092045,19460703,PRCP,8,,,a,
ASN00092045,19460704,PRCP,0,,,a,
ASN00092045,19460705,PRCP,13,,,a,
ASN00092045,19460706,PRCP,0,,,a,
ASN00092045,19460707,PRCP,8,,,a,
ASN00092045,19460708,PRCP,33,,,a,
ASN00092045,19460709,PRCP,10,,,a,
ASN00092045,19460710,PRCP,0,,,a,
ASN00092045,19460711,PRCP,0,,,a,
ASN00092045,19460712,PRCP,3,,,a,
ASN00092045,19460713,PRCP,36,,,a,
ASN00092045,19460714,PRCP,5,,,a,
ASN00092045,19460715,PRCP,51,,,a,
ASN00092045,19460716,PRCP,84,,,a,
ASN00092045,19460717,PRCP,157,,,a,
ASN00092045,19460718,PRCP,5,,,a,
ASN00092045,19460719,PRCP,46,,,a,
ASN00092045,19460720,PRCP,119,,,a,
ASN00092045,19460721,PRCP,91,,,a,
ASN00092045,19460722,PRCP,216,,,a,
ASN00092045,19460723,PRCP,107,,,a,
ASN00092045,19460724,PRCP,8,,,a,
ASN00092045,19460725,PRCP,18,,,a,
ASN00092045,19460726,PRCP,69,,,a,
ASN00092045,19460727,PRCP,0,,,a,
ASN00092045,19460728,PRCP,0,,,a,
ASN00092045,19460729,PRCP,13,,,a,
ASN00092045,19460730,PRCP,20,,,a,
ASN00092045,19460731,PRCP,178,,,a,
ASN00092045,19460801,PRCP,13,,,a,
ASN00092045,19460802,PRCP,51,,,a,
ASN00092045,19460803,PRCP,0,,,a,
ASN00092045,19460804,PRCP,8,,,a,
ASN00092045,19460805,PRCP,23,,,a,
ASN00092045,19460806,PRCP,61,,,a,
ASN00092045,19460807,PRCP,0,,,a,
ASN00092045,19460808,PRCP,43,,,a,
ASN00092045,19460809,PRCP,46,,,a,
ASN00092045,19460810,PRCP,0,,,a,
ASN00092045,19460811,PRCP,13,,,a,
ASN00092045,19460812,PRCP,81,,,a,
ASN00092045,19460813,PRCP,18,,,a,
ASN00092045,19460814,PRCP,0,,,a,
ASN00092045,19460815,PRCP,3,,,a,
ASN00092045,19460816,PRCP,58,,,a,
ASN00092045,19460817,PRCP,0,,,a,
ASN00092045,19460818,PRCP,46,,,a,
ASN00092045,19460819,PRCP,10,,,a,
ASN00092045,19460820,PRCP,0,,,a,
ASN00092045,19460821,PRCP,53,,,a,
ASN00092045,19460822,PRCP,79,,,a,
ASN00092045,19460823,PRCP,0,,,a,
ASN00092045,19460824,PRCP,15,,,a,
ASN00092045,19460825,PRCP,0,,,a,
ASN00092045,19460826,PRCP,0,,,a,
ASN00092045,19460827,PRCP,10,,,a,
ASN00092045,19460828,PRCP,58,,,a,
ASN00092045,19460829,PRCP,0,,,a,
ASN00092045,19460830,PRCP,8,,,a,
ASN00092045,19460831,PRCP,5,,,a,
ASN00092045,19460901,PRCP,8,,,a,
ASN00092045,19460902,PRCP,0,,,a,
ASN00092045,19460903,PRCP,0,,,a,
ASN00092045,19460904,PRCP,0,,,a,
ASN00092045,19460905,PRCP,5,,,a,
ASN00092045,19460906,PRCP,203,,,a,
ASN00092045,19460907,PRCP,0,,,a,
ASN00092045,19460908,PRCP,0,,,a,
ASN00092045,19460909,PRCP,0,,,a,
ASN00092045,19460910,PRCP,0,,,a,
ASN00092045,19460911,PRCP,20,,,a,
ASN00092045,19460912,PRCP,71,,,a,
ASN00092045,19460913,PRCP,127,,,a,
ASN00092045,19460914,PRCP,114,,,a,
ASN00092045,19460915,PRCP,0,,,a,
ASN00092045,19460916,PRCP,0,,,a,
ASN00092045,19460917,PRCP,0,,,a,
ASN00092045,19460918,PRCP,0,,,a,
ASN00092045,19460919,PRCP,0,,,a,
ASN00092045,19460920,PRCP,0,,,a,
ASN00092045,19460921,PRCP,28,,,a,
ASN00092045,19460922,PRCP,13,,,a,
ASN00092045,19460923,PRCP,5,,,a,
ASN00092045,19460924,PRCP,0,,,a,
ASN00092045,19460925,PRCP,5,,,a,
ASN00092045,19460926,PRCP,23,,,a,
ASN00092045,19460927,PRCP,36,,,a,
ASN00092045,19460928,PRCP,0,,,a,
ASN00092045,19460929,PRCP,8,,,a,
ASN00092045,19460930,PRCP,13,,,a,
ASN00092045,19461001,PRCP,5,,,a,
ASN00092045,19461002,PRCP,23,,,a,
ASN00092045,19461003,PRCP,0,,,a,
ASN00092045,19461004,PRCP,3,,,a,
ASN00092045,19461005,PRCP,13,,,a,
ASN00092045,19461006,PRCP,107,,,a,
ASN00092045,19461007,PRCP,5,,,a,
ASN00092045,19461008,PRCP,5,,,a,
ASN00092045,19461009,PRCP,0,,,a,
ASN00092045,19461010,PRCP,0,,,a,
ASN00092045,19461011,PRCP,0,,,a,
ASN00092045,19461012,PRCP,0,,,a,
ASN00092045,19461013,PRCP,0,,,a,
ASN00092045,19461014,PRCP,127,,,a,
ASN00092045,19461015,PRCP,0,,,a,
ASN00092045,19461016,PRCP,53,,,a,
ASN00092045,19461017,PRCP,0,,,a,
ASN00092045,19461018,PRCP,0,,,a,
ASN00092045,19461019,PRCP,0,,,a,
ASN00092045,19461020,PRCP,8,,,a,
ASN00092045,19461021,PRCP,3,,,a,
ASN00092045,19461022,PRCP,25,,,a,
ASN00092045,19461023,PRCP,3,,,a,
ASN00092045,19461024,PRCP,15,,,a,
ASN00092045,19461025,PRCP,0,,,a,
ASN00092045,19461026,PRCP,41,,,a,
ASN00092045,19461027,PRCP,5,,,a,
ASN00092045,19461028,PRCP,3,,,a,
ASN00092045,19461029,PRCP,5,,,a,
ASN00092045,19461030,PRCP,0,,,a,
ASN00092045,19461031,PRCP,0,,,a,
ASN00092045,19461101,PRCP,0,,,a,
ASN00092045,19461102,PRCP,0,,,a,
ASN00092045,19461103,PRCP,0,,,a,
ASN00092045,19461104,PRCP,0,,,a,
ASN00092045,19461105,PRCP,0,,,a,
ASN00092045,19461106,PRCP,5,,,a,
ASN00092045,19461107,PRCP,5,,,a,
ASN00092045,19461108,PRCP,0,,,a,
ASN00092045,19461109,PRCP,246,,,a,
ASN00092045,19461110,PRCP,18,,,a,
ASN00092045,19461111,PRCP,5,,,a,
ASN00092045,19461112,PRCP,20,,,a,
ASN00092045,19461113,PRCP,5,,,a,
ASN00092045,19461114,PRCP,15,,,a,
ASN00092045,19461115,PRCP,0,,,a,
ASN00092045,19461116,PRCP,0,,,a,
ASN00092045,19461117,PRCP,0,,,a,
ASN00092045,19461118,PRCP,0,,,a,
ASN00092045,19461119,PRCP,8,,,a,
ASN00092045,19461120,PRCP,3,,,a,
ASN00092045,19461121,PRCP,0,,,a,
ASN00092045,19461122,PRCP,0,,,a,
ASN00092045,19461123,PRCP,0,,,a,
ASN00092045,19461124,PRCP,0,,,a,
ASN00092045,19461125,PRCP,0,,,a,
ASN00092045,19461126,PRCP,0,,,a,
ASN00092045,19461127,PRCP,183,,,a,
ASN00092045,19461128,PRCP,28,,,a,
ASN00092045,19461129,PRCP,0,,,a,
ASN00092045,19461130,PRCP,8,,,a,
ASN00092045,19461201,PRCP,8,,,a,
ASN00092045,19461202,PRCP,0,,,a,
ASN00092045,19461203,PRCP,0,,,a,
ASN00092045,19461204,PRCP,0,,,a,
ASN00092045,19461205,PRCP,0,,,a,
ASN00092045,19461206,PRCP,15,,,a,
ASN00092045,19461207,PRCP,69,,,a,
ASN00092045,19461208,PRCP,51,,,a,
ASN00092045,19461209,PRCP,46,,,a,
ASN00092045,19461210,PRCP,5,,,a,
ASN00092045,19461211,PRCP,0,,,a,
ASN00092045,19461212,PRCP,0,,,a,
ASN00092045,19461213,PRCP,0,,,a,
ASN00092045,19461214,PRCP,0,,,a,
ASN00092045,19461215,PRCP,114,,,a,
ASN00092045,19461216,PRCP,3,,,a,
ASN00092045,19461217,PRCP,53,,,a,
ASN00092045,19461218,PRCP,0,,,a,
ASN00092045,19461219,PRCP,0,,,a,
ASN00092045,19461220,PRCP,0,,,a,
ASN00092045,19461221,PRCP,0,,,a,
ASN00092045,19461222,PRCP,0,,,a,
ASN00092045,19461223,PRCP,0,,,a,
ASN00092045,19461224,PRCP,0,,,a,
ASN00092045,19461225,PRCP,0,,,a,
ASN00092045,19461226,PRCP,8,,,a,
ASN00092045,19461227,PRCP,71,,,a,
ASN00092045,19461228,PRCP,48,,,a,
ASN00092045,19461229,PRCP,41,,,a,
ASN00092045,19461230,PRCP,0,,,a,
ASN00092045,19461231,PRCP,10,,,a,
ASN00092045,19470101,PRCP,0,,,a,
ASN00092045,19470102,PRCP,0,,,a,
ASN00092045,19470103,PRCP,0,,,a,
ASN00092045,19470104,PRCP,13,,,a,
ASN00092045,19470105,PRCP,0,,,a,
ASN00092045,19470106,PRCP,0,,,a,
ASN00092045,19470107,PRCP,8,,,a,
ASN00092045,19470108,PRCP,0,,,a,
ASN00092045,19470109,PRCP,0,,,a,
ASN00092045,19470110,PRCP,3,,,a,
ASN00092045,19470111,PRCP,0,,,a,
ASN00092045,19470112,PRCP,0,,,a,
ASN00092045,19470113,PRCP,0,,,a,
ASN00092045,19470114,PRCP,0,,,a,
ASN00092045,19470115,PRCP,0,,,a,
ASN00092045,19470116,PRCP,8,,,a,
ASN00092045,19470117,PRCP,18,,,a,
ASN00092045,19470118,PRCP,0,,,a,
ASN00092045,19470119,PRCP,0,,,a,
ASN00092045,19470120,PRCP,0,,,a,
ASN00092045,19470121,PRCP,0,,,a,
ASN00092045,19470122,PRCP,0,,,a,
ASN00092045,19470123,PRCP,0,,,a,
ASN00092045,19470124,PRCP,53,,,a,
ASN00092045,19470125,PRCP,0,,,a,
ASN00092045,19470126,PRCP,5,,,a,
ASN00092045,19470127,PRCP,0,,,a,
ASN00092045,19470128,PRCP,0,,,a,
ASN00092045,19470129,PRCP,8,,,a,
ASN00092045,19470130,PRCP,5,,,a,
ASN00092045,19470131,PRCP,18,,,a,
ASN00092045,19470201,PRCP,3,,,a,
ASN00092045,19470202,PRCP,0,,,a,
ASN00092045,19470203,PRCP,0,,,a,
ASN00092045,19470204,PRCP,356,,,a,
ASN00092045,19470205,PRCP,3,,,a,
ASN00092045,19470206,PRCP,5,,,a,
ASN00092045,19470207,PRCP,3,,,a,
ASN00092045,19470208,PRCP,76,,,a,
ASN00092045,19470209,PRCP,0,,,a,
ASN00092045,19470210,PRCP,5,,,a,
ASN00092045,19470211,PRCP,0,,,a,
ASN00092045,19470212,PRCP,0,,,a,
ASN00092045,19470213,PRCP,0,,,a,
ASN00092045,19470214,PRCP,0,,,a,
ASN00092045,19470215,PRCP,0,,,a,
ASN00092045,19470216,PRCP,0,,,a,
ASN00092045,19470217,PRCP,0,,,a,
ASN00092045,19470218,PRCP,66,,,a,
ASN00092045,19470219,PRCP,0,,,a,
ASN00092045,19470220,PRCP,0,,,a,
ASN00092045,19470221,PRCP,0,,,a,
ASN00092045,19470222,PRCP,0,,,a,
ASN00092045,19470223,PRCP,0,,,a,
ASN00092045,19470224,PRCP,0,,,a,
ASN00092045,19470225,PRCP,0,,,a,
ASN00092045,19470226,PRCP,0,,,a,
ASN00092045,19470227,PRCP,0,,,a,
ASN00092045,19470228,PRCP,3,,,a,
ASN00092045,19470301,PRCP,36,,,a,
ASN00092045,19470302,PRCP,38,,,a,
ASN00092045,19470303,PRCP,8,,,a,
ASN00092045,19470304,PRCP,0,,,a,
ASN00092045,19470305,PRCP,287,,,a,
ASN00092045,19470306,PRCP,602,,,a,
ASN00092045,19470307,PRCP,8,,,a,
ASN00092045,19470308,PRCP,0,,,a,
ASN00092045,19470309,PRCP,10,,,a,
ASN00092045,19470310,PRCP,0,,,a,
ASN00092045,19470311,PRCP,0,,,a,
ASN00092045,19470312,PRCP,0,,,a,
ASN00092045,19470313,PRCP,38,,,a,
ASN00092045,19470314,PRCP,0,,,a,
ASN00092045,19470315,PRCP,0,,,a,
ASN00092045,19470316,PRCP,0,,,a,
ASN00092045,19470317,PRCP,0,,,a,
ASN00092045,19470318,PRCP,0,,,a,
ASN00092045,19470319,PRCP,0,,,a,
ASN00092045,19470320,PRCP,3,,,a,
ASN00092045,19470321,PRCP,0,,,a,
ASN00092045,19470322,PRCP,0,,,a,
ASN00092045,19470323,PRCP,0,,,a,
ASN00092045,19470324,PRCP,0,,,a,
ASN00092045,19470325,PRCP,0,,,a,
ASN00092045,19470326,PRCP,0,,,a,
ASN00092045,19470327,PRCP,5,,,a,
ASN00092045,19470328,PRCP,5,,,a,
ASN00092045,19470329,PRCP,0,,,a,
ASN00092045,19470330,PRCP,41,,,a,
ASN00092045,19470331,PRCP,36,,,a,
ASN00092045,19470401,PRCP,51,,,a,
ASN00092045,19470402,PRCP,43,,,a,
ASN00092045,19470403,PRCP,15,,,a,
ASN00092045,19470404,PRCP,3,,,a,
ASN00092045,19470405,PRCP,0,,,a,
ASN00092045,19470406,PRCP,0,,,a,
ASN00092045,19470407,PRCP,0,,,a,
ASN00092045,19470408,PRCP,0,,,a,
ASN00092045,19470409,PRCP,0,,,a,
ASN00092045,19470410,PRCP,0,,,a,
ASN00092045,19470411,PRCP,0,,,a,
ASN00092045,19470412,PRCP,104,,,a,
ASN00092045,19470413,PRCP,0,,,a,
ASN00092045,19470414,PRCP,10,,,a,
ASN00092045,19470415,PRCP,3,,,a,
ASN00092045,19470416,PRCP,25,,,a,
ASN00092045,19470417,PRCP,5,,,a,
ASN00092045,19470418,PRCP,0,,,a,
ASN00092045,19470419,PRCP,3,,,a,
ASN00092045,19470420,PRCP,0,,,a,
ASN00092045,19470421,PRCP,13,,,a,
ASN00092045,19470422,PRCP,0,,,a,
ASN00092045,19470423,PRCP,3,,,a,
ASN00092045,19470424,PRCP,3,,,a,
ASN00092045,19470425,PRCP,58,,,a,
ASN00092045,19470426,PRCP,99,,,a,
ASN00092045,19470427,PRCP,3,,,a,
ASN00092045,19470428,PRCP,0,,,a,
ASN00092045,19470429,PRCP,8,,,a,
ASN00092045,19470430,PRCP,3,,,a,
ASN00092045,19470501,PRCP,3,,,a,
ASN00092045,19470502,PRCP,0,,,a,
ASN00092045,19470503,PRCP,3,,,a,
ASN00092045,19470504,PRCP,0,,,a,
ASN00092045,19470505,PRCP,3,,,a,
ASN00092045,19470506,PRCP,0,,,a,
ASN00092045,19470507,PRCP,23,,,a,
ASN00092045,19470508,PRCP,3,,,a,
ASN00092045,19470509,PRCP,8,,,a,
ASN00092045,19470510,PRCP,104,,,a,
ASN00092045,19470511,PRCP,13,,,a,
ASN00092045,19470512,PRCP,5,,,a,
ASN00092045,19470513,PRCP,0,,,a,
ASN00092045,19470514,PRCP,0,,,a,
ASN00092045,19470515,PRCP,0,,,a,
ASN00092045,19470516,PRCP,8,,,a,
ASN00092045,19470517,PRCP,0,,,a,
ASN00092045,19470518,PRCP,3,,,a,
ASN00092045,19470519,PRCP,8,,,a,
ASN00092045,19470520,PRCP,5,,,a,
ASN00092045,19470521,PRCP,0,,,a,
ASN00092045,19470522,PRCP,5,,,a,
ASN00092045,19470523,PRCP,3,,,a,
ASN00092045,19470524,PRCP,64,,,a,
ASN00092045,19470525,PRCP,25,,,a,
ASN00092045,19470526,PRCP,142,,,a,
ASN00092045,19470527,PRCP,10,,,a,
ASN00092045,19470528,PRCP,0,,,a,
ASN00092045,19470529,PRCP,0,,,a,
ASN00092045,19470530,PRCP,3,,,a,
ASN00092045,19470531,PRCP,0,,,a,
ASN00092045,19470601,PRCP,0,,,a,
ASN00092045,19470602,PRCP,0,,,a,
ASN00092045,19470603,PRCP,8,,,a,
ASN00092045,19470604,PRCP,292,,,a,
ASN00092045,19470605,PRCP,330,,,a,
ASN00092045,19470606,PRCP,0,,,a,
ASN00092045,19470607,PRCP,5,,,a,
ASN00092045,19470608,PRCP,5,,,a,
ASN00092045,19470609,PRCP,61,,,a,
ASN00092045,19470610,PRCP,315,,,a,
ASN00092045,19470611,PRCP,15,,,a,
ASN00092045,19470612,PRCP,10,,,a,
ASN00092045,19470613,PRCP,74,,,a,
ASN00092045,19470614,PRCP,0,,,a,
ASN00092045,19470615,PRCP,0,,,a,
ASN00092045,19470616,PRCP,5,,,a,
ASN00092045,19470617,PRCP,127,,,a,
ASN00092045,19470618,PRCP,58,,,a,
ASN00092045,19470619,PRCP,0,,,a,
ASN00092045,19470620,PRCP,76,,,a,
ASN00092045,19470621,PRCP,0,,,a,
ASN00092045,19470622,PRCP,8,,,a,
ASN00092045,19470623,PRCP,5,,,a,
ASN00092045,19470624,PRCP,130,,,a,
ASN00092045,19470625,PRCP,74,,,a,
ASN00092045,19470626,PRCP,5,,,a,
ASN00092045,19470627,PRCP,0,,,a,
ASN00092045,19470628,PRCP,140,,,a,
ASN00092045,19470629,PRCP,8,,,a,
ASN00092045,19470630,PRCP,0,,,a,
ASN00092045,19470701,PRCP,43,,,a,
ASN00092045,19470702,PRCP,15,,,a,
ASN00092045,19470703,PRCP,0,,,a,
ASN00092045,19470704,PRCP,46,,,a,
ASN00092045,19470705,PRCP,23,,,a,
ASN00092045,19470706,PRCP,130,,,a,
ASN00092045,19470707,PRCP,0,,,a,
ASN00092045,19470708,PRCP,0,,,a,
ASN00092045,19470709,PRCP,8,,,a,
ASN00092045,19470710,PRCP,18,,,a,
ASN00092045,19470711,PRCP,135,,,a,
ASN00092045,19470712,PRCP,10,,,a,
ASN00092045,19470713,PRCP,56,,,a,
ASN00092045,19470714,PRCP,127,,,a,
ASN00092045,19470715,PRCP,104,,,a,
ASN00092045,19470716,PRCP,152,,,a,
ASN00092045,19470717,PRCP,10,,,a,
ASN00092045,19470718,PRCP,0,,,a,
ASN00092045,19470719,PRCP,0,,,a,
ASN00092045,19470720,PRCP,5,,,a,
ASN00092045,19470721,PRCP,0,,,a,
ASN00092045,19470722,PRCP,5,,,a,
ASN00092045,19470723,PRCP,30,,,a,
ASN00092045,19470724,PRCP,30,,,a,
ASN00092045,19470725,PRCP,0,,,a,
ASN00092045,19470726,PRCP,3,,,a,
ASN00092045,19470727,PRCP,25,,,a,
ASN00092045,19470728,PRCP,76,,,a,
ASN00092045,19470729,PRCP,41,,,a,
ASN00092045,19470730,PRCP,0,,,a,
ASN00092045,19470731,PRCP,8,,,a,
ASN00092045,19470801,PRCP,5,,,a,
ASN00092045,19470802,PRCP,0,,,a,
ASN00092045,19470803,PRCP,91,,,a,
ASN00092045,19470804,PRCP,3,,,a,
ASN00092045,19470805,PRCP,66,,,a,
ASN00092045,19470806,PRCP,130,,,a,
ASN00092045,19470807,PRCP,38,,,a,
ASN00092045,19470808,PRCP,48,,,a,
ASN00092045,19470809,PRCP,0,,,a,
ASN00092045,19470810,PRCP,0,,,a,
ASN00092045,19470811,PRCP,185,,,a,
ASN00092045,19470812,PRCP,61,,,a,
ASN00092045,19470813,PRCP,99,,,a,
ASN00092045,19470814,PRCP,84,,,a,
ASN00092045,19470815,PRCP,15,,,a,
ASN00092045,19470816,PRCP,0,,,a,
ASN00092045,19470817,PRCP,0,,,a,
ASN00092045,19470818,PRCP,3,,,a,
ASN00092045,19470819,PRCP,0,,,a,
ASN00092045,19470820,PRCP,152,,,a,
ASN00092045,19470821,PRCP,8,,,a,
ASN00092045,19470822,PRCP,0,,,a,
ASN00092045,19470823,PRCP,0,,,a,
ASN00092045,19470824,PRCP,0,,,a,
ASN00092045,19470825,PRCP,0,,,a,
ASN00092045,19470826,PRCP,0,,,a,
ASN00092045,19470827,PRCP,0,,,a,
ASN00092045,19470828,PRCP,0,,,a,
ASN00092045,19470829,PRCP,0,,,a,
ASN00092045,19470830,PRCP,0,,,a,
ASN00092045,19470831,PRCP,0,,,a,
ASN00092045,19470901,PRCP,46,,,a,
ASN00092045,19470902,PRCP,0,,,a,
ASN00092045,19470903,PRCP,170,,,a,
ASN00092045,19470904,PRCP,0,,,a,
ASN00092045,19470905,PRCP,0,,,a,
ASN00092045,19470906,PRCP,0,,,a,
ASN00092045,19470907,PRCP,0,,,a,
ASN00092045,19470908,PRCP,8,,,a,
ASN00092045,19470909,PRCP,28,,,a,
ASN00092045,19470910,PRCP,0,,,a,
ASN00092045,19470911,PRCP,28,,,a,
ASN00092045,19470912,PRCP,0,,,a,
ASN00092045,19470913,PRCP,3,,,a,
ASN00092045,19470914,PRCP,10,,,a,
ASN00092045,19470915,PRCP,5,,,a,
ASN00092045,19470916,PRCP,41,,,a,
ASN00092045,19470917,PRCP,15,,,a,
ASN00092045,19470918,PRCP,0,,,a,
ASN00092045,19470919,PRCP,64,,,a,
ASN00092045,19470920,PRCP,0,,,a,
ASN00092045,19470921,PRCP,0,,,a,
ASN00092045,19470922,PRCP,3,,,a,
ASN00092045,19470923,PRCP,23,,,a,
ASN00092045,19470924,PRCP,0,,,a,
ASN00092045,19470925,PRCP,0,,,a,
ASN00092045,19470926,PRCP,0,,,a,
ASN00092045,19470927,PRCP,5,,,a,
ASN00092045,19470928,PRCP,69,,,a,
ASN00092045,19470929,PRCP,0,,,a,
ASN00092045,19470930,PRCP,8,,,a,
ASN00092045,19471001,PRCP,0,,,a,
ASN00092045,19471002,PRCP,137,,,a,
ASN00092045,19471003,PRCP,76,,,a,
ASN00092045,19471004,PRCP,64,,,a,
ASN00092045,19471005,PRCP,15,,,a,
ASN00092045,19471006,PRCP,51,,,a,
ASN00092045,19471007,PRCP,0,,,a,
ASN00092045,19471008,PRCP,0,,,a,
ASN00092045,19471009,PRCP,10,,,a,
ASN00092045,19471010,PRCP,183,,,a,
ASN00092045,19471011,PRCP,10,,,a,
ASN00092045,19471012,PRCP,102,,,a,
ASN00092045,19471013,PRCP,0,,,a,
ASN00092045,19471014,PRCP,3,,,a,
ASN00092045,19471015,PRCP,71,,,a,
ASN00092045,19471016,PRCP,66,,,a,
ASN00092045,19471017,PRCP,10,,,a,
ASN00092045,19471018,PRCP,0,,,a,
ASN00092045,19471019,PRCP,0,,,a,
ASN00092045,19471020,PRCP,81,,,a,
ASN00092045,19471021,PRCP,46,,,a,
ASN00092045,19471022,PRCP,53,,,a,
ASN00092045,19471023,PRCP,36,,,a,
ASN00092045,19471024,PRCP,61,,,a,
ASN00092045,19471025,PRCP,0,,,a,
ASN00092045,19471026,PRCP,0,,,a,
ASN00092045,19471027,PRCP,0,,,a,
ASN00092045,19471028,PRCP,0,,,a,
ASN00092045,19471029,PRCP,15,,,a,
ASN00092045,19471030,PRCP,91,,,a,
ASN00092045,19471031,PRCP,109,,,a,
ASN00092045,19471101,PRCP,0,,,a,
ASN00092045,19471102,PRCP,0,,,a,
ASN00092045,19471103,PRCP,0,,,a,
ASN00092045,19471104,PRCP,175,,,a,
ASN00092045,19471105,PRCP,178,,,a,
ASN00092045,19471106,PRCP,3,,,a,
ASN00092045,19471107,PRCP,0,,,a,
ASN00092045,19471108,PRCP,13,,,a,
ASN00092045,19471109,PRCP,478,,,a,
ASN00092045,19471110,PRCP,99,,,a,
ASN00092045,19471111,PRCP,3,,,a,
ASN00092045,19471112,PRCP,13,,,a,
ASN00092045,19471113,PRCP,5,,,a,
ASN00092045,19471114,PRCP,0,,,a,
ASN00092045,19471115,PRCP,3,,,a,
ASN00092045,19471116,PRCP,0,,,a,
ASN00092045,19471117,PRCP,0,,,a,
ASN00092045,19471118,PRCP,0,,,a,
ASN00092045,19471119,PRCP,0,,,a,
ASN00092045,19471120,PRCP,0,,,a,
ASN00092045,19471121,PRCP,41,,,a,
ASN00092045,19471122,PRCP,43,,,a,
ASN00092045,19471123,PRCP,5,,,a,
ASN00092045,19471124,PRCP,8,,,a,
ASN00092045,19471125,PRCP,0,,,a,
ASN00092045,19471126,PRCP,0,,,a,
ASN00092045,19471127,PRCP,0,,,a,
ASN00092045,19471128,PRCP,0,,,a,
ASN00092045,19471129,PRCP,0,,,a,
ASN00092045,19471130,PRCP,0,,,a,
ASN00092045,19471201,PRCP,5,,,a,
ASN00092045,19471202,PRCP,30,,,a,
ASN00092045,19471203,PRCP,307,,,a,
ASN00092045,19471204,PRCP,30,,,a,
ASN00092045,19471205,PRCP,66,,,a,
ASN00092045,19471206,PRCP,0,,,a,
ASN00092045,19471207,PRCP,0,,,a,
ASN00092045,19471208,PRCP,0,,,a,
ASN00092045,19471209,PRCP,0,,,a,
ASN00092045,19471210,PRCP,0,,,a,
ASN00092045,19471211,PRCP,3,,,a,
ASN00092045,19471212,PRCP,0,,,a,
ASN00092045,19471213,PRCP,0,,,a,
ASN00092045,19471214,PRCP,8,,,a,
ASN00092045,19471215,PRCP,0,,,a,
ASN00092045,19471216,PRCP,0,,,a,
ASN00092045,19471217,PRCP,3,,,a,
ASN00092045,19471218,PRCP,0,,,a,
ASN00092045,19471219,PRCP,203,,,a,
ASN00092045,19471220,PRCP,0,,,a,
ASN00092045,19471221,PRCP,152,,,a,
ASN00092045,19471222,PRCP,0,,,a,
ASN00092045,19471223,PRCP,0,,,a,
ASN00092045,19471224,PRCP,0,,,a,
ASN00092045,19471225,PRCP,10,,,a,
ASN00092045,19471226,PRCP,13,,,a,
ASN00092045,19471227,PRCP,0,,,a,
ASN00092045,19471228,PRCP,13,,,a,
ASN00092045,19471229,PRCP,13,,,a,
ASN00092045,19471230,PRCP,0,,,a,
ASN00092045,19471231,PRCP,18,,,a,
ASN00092045,19480101,PRCP,0,,,a,
ASN00092045,19480102,PRCP,0,,,a,
ASN00092045,19480103,PRCP,30,,,a,
ASN00092045,19480104,PRCP,0,,,a,
ASN00092045,19480105,PRCP,0,,,a,
ASN00092045,19480106,PRCP,13,,,a,
ASN00092045,19480107,PRCP,33,,,a,
ASN00092045,19480108,PRCP,0,,,a,
ASN00092045,19480109,PRCP,0,,,a,
ASN00092045,19480110,PRCP,0,,,a,
ASN00092045,19480111,PRCP,0,,,a,
ASN00092045,19480112,PRCP,8,,,a,
ASN00092045,19480113,PRCP,236,,,a,
ASN00092045,19480114,PRCP,20,,,a,
ASN00092045,19480115,PRCP,0,,,a,
ASN00092045,19480116,PRCP,8,,,a,
ASN00092045,19480117,PRCP,8,,,a,
ASN00092045,19480118,PRCP,0,,,a,
ASN00092045,19480119,PRCP,0,,,a,
ASN00092045,19480120,PRCP,0,,,a,
ASN00092045,19480121,PRCP,0,,,a,
ASN00092045,19480122,PRCP,0,,,a,
ASN00092045,19480123,PRCP,0,,,a,
ASN00092045,19480124,PRCP,0,,,a,
ASN00092045,19480125,PRCP,0,,,a,
ASN00092045,19480126,PRCP,0,,,a,
ASN00092045,19480127,PRCP,3,,,a,
ASN00092045,19480128,PRCP,0,,,a,
ASN00092045,19480129,PRCP,3,,,a,
ASN00092045,19480130,PRCP,0,,,a,
ASN00092045,19480131,PRCP,0,,,a,
ASN00092045,19480201,PRCP,0,,,a,
ASN00092045,19480202,PRCP,0,,,a,
ASN00092045,19480203,PRCP,0,,,a,
ASN00092045,19480204,PRCP,53,,,a,
ASN00092045,19480205,PRCP,33,,,a,
ASN00092045,19480206,PRCP,0,,,a,
ASN00092045,19480207,PRCP,0,,,a,
ASN00092045,19480208,PRCP,0,,,a,
ASN00092045,19480209,PRCP,0,,,a,
ASN00092045,19480210,PRCP,5,,,a,
ASN00092045,19480211,PRCP,0,,,a,
ASN00092045,19480212,PRCP,5,,,a,
ASN00092045,19480213,PRCP,5,,,a,
ASN00092045,19480214,PRCP,10,,,a,
ASN00092045,19480215,PRCP,25,,,a,
ASN00092045,19480216,PRCP,0,,,a,
ASN00092045,19480217,PRCP,0,,,a,
ASN00092045,19480218,PRCP,0,,,a,
ASN00092045,19480219,PRCP,0,,,a,
ASN00092045,19480220,PRCP,0,,,a,
ASN00092045,19480221,PRCP,0,,,a,
ASN00092045,19480222,PRCP,0,,,a,
ASN00092045,19480223,PRCP,0,,,a,
ASN00092045,19480224,PRCP,0,,,a,
ASN00092045,19480225,PRCP,43,,,a,
ASN00092045,19480226,PRCP,51,,,a,
ASN00092045,19480227,PRCP,20,,,a,
ASN00092045,19480228,PRCP,5,,,a,
ASN00092045,19480229,PRCP,89,,,a,
ASN00092045,19480301,PRCP,0,,,a,
ASN00092045,19480302,PRCP,71,,,a,
ASN00092045,19480303,PRCP,18,,,a,
ASN00092045,19480304,PRCP,0,,,a,
ASN00092045,19480305,PRCP,0,,,a,
ASN00092045,19480306,PRCP,0,,,a,
ASN00092045,19480307,PRCP,0,,,a,
ASN00092045,19480308,PRCP,13,,,a,
ASN00092045,19480309,PRCP,10,,,a,
ASN00092045,19480310,PRCP,0,,,a,
ASN00092045,19480311,PRCP,0,,,a,
ASN00092045,19480312,PRCP,0,,,a,
ASN00092045,19480313,PRCP,0,,,a,
ASN00092045,19480314,PRCP,0,,,a,
ASN00092045,19480315,PRCP,5,,,a,
ASN00092045,19480316,PRCP,0,,,a,
ASN00092045,19480317,PRCP,8,,,a,
ASN00092045,19480318,PRCP,0,,,a,
ASN00092045,19480319,PRCP,3,,,a,
ASN00092045,19480320,PRCP,0,,,a,
ASN00092045,19480321,PRCP,0,,,a,
ASN00092045,19480322,PRCP,5,,,a,
ASN00092045,19480323,PRCP,0,,,a,
ASN00092045,19480324,PRCP,0,,,a,
ASN00092045,19480325,PRCP,5,,,a,
ASN00092045,19480326,PRCP,0,,,a,
ASN00092045,19480327,PRCP,0,,,a,
ASN00092045,19480328,PRCP,0,,,a,
ASN00092045,19480329,PRCP,5,,,a,
ASN00092045,19480330,PRCP,0,,,a,
ASN00092045,19480331,PRCP,3,,,a,
ASN00092045,19480401,PRCP,3,,,a,
ASN00092045,19480402,PRCP,0,,,a,
ASN00092045,19480403,PRCP,8,,,a,
ASN00092045,19480404,PRCP,0,,,a,
ASN00092045,19480405,PRCP,0,,,a,
ASN00092045,19480406,PRCP,3,,,a,
ASN00092045,19480407,PRCP,0,,,a,
ASN00092045,19480408,PRCP,5,,,a,
ASN00092045,19480409,PRCP,3,,,a,
ASN00092045,19480410,PRCP,3,,,a,
ASN00092045,19480411,PRCP,13,,,a,
ASN00092045,19480412,PRCP,3,,,a,
ASN00092045,19480413,PRCP,79,,,a,
ASN00092045,19480414,PRCP,0,,,a,
ASN00092045,19480415,PRCP,5,,,a,
ASN00092045,19480416,PRCP,33,,,a,
ASN00092045,19480417,PRCP,0,,,a,
ASN00092045,19480418,PRCP,0,,,a,
ASN00092045,19480419,PRCP,0,,,a,
ASN00092045,19480420,PRCP,5,,,a,
ASN00092045,19480421,PRCP,0,,,a,
ASN00092045,19480422,PRCP,10,,,a,
ASN00092045,19480423,PRCP,0,,,a,
ASN00092045,19480424,PRCP,0,,,a,
ASN00092045,19480425,PRCP,0,,,a,
ASN00092045,19480426,PRCP,0,,,a,
ASN00092045,19480427,PRCP,0,,,a,
ASN00092045,19480428,PRCP,36,,,a,
ASN00092045,19480429,PRCP,155,,,a,
ASN00092045,19480430,PRCP,0,,,a,
ASN00092045,19480501,PRCP,0,,,a,
ASN00092045,19480502,PRCP,5,,,a,
ASN00092045,19480503,PRCP,3,,,a,
ASN00092045,19480504,PRCP,234,,,a,
ASN00092045,19480505,PRCP,48,,,a,
ASN00092045,19480506,PRCP,5,,,a,
ASN00092045,19480507,PRCP,23,,,a,
ASN00092045,19480508,PRCP,5,,,a,
ASN00092045,19480509,PRCP,23,,,a,
ASN00092045,19480510,PRCP,0,,,a,
ASN00092045,19480511,PRCP,0,,,a,
ASN00092045,19480512,PRCP,0,,,a,
ASN00092045,19480513,PRCP,0,,,a,
ASN00092045,19480514,PRCP,5,,,a,
ASN00092045,19480515,PRCP,91,,,a,
ASN00092045,19480516,PRCP,23,,,a,
ASN00092045,19480517,PRCP,0,,,a,
ASN00092045,19480518,PRCP,0,,,a,
ASN00092045,19480519,PRCP,5,,,a,
ASN00092045,19480520,PRCP,0,,,a,
ASN00092045,19480521,PRCP,0,,,a,
ASN00092045,19480522,PRCP,0,,,a,
ASN00092045,19480523,PRCP,10,,,a,
ASN00092045,19480524,PRCP,30,,,a,
ASN00092045,19480525,PRCP,15,,,a,
ASN00092045,19480526,PRCP,25,,,a,
ASN00092045,19480527,PRCP,64,,,a,
ASN00092045,19480528,PRCP,0,,,a,
ASN00092045,19480529,PRCP,33,,,a,
ASN00092045,19480530,PRCP,28,,,a,
ASN00092045,19480531,PRCP,0,,,a,
ASN00092045,19480601,PRCP,8,,,a,
ASN00092045,19480602,PRCP,8,,,a,
ASN00092045,19480603,PRCP,0,,,a,
ASN00092045,19480604,PRCP,0,,,a,
ASN00092045,19480605,PRCP,0,,,a,
ASN00092045,19480606,PRCP,3,,,a,
ASN00092045,19480607,PRCP,3,,,a,
ASN00092045,19480608,PRCP,3,,,a,
ASN00092045,19480609,PRCP,3,,,a,
ASN00092045,19480610,PRCP,51,,,a,
ASN00092045,19480611,PRCP,25,,,a,
ASN00092045,19480612,PRCP,18,,,a,
ASN00092045,19480613,PRCP,0,,,a,
ASN00092045,19480614,PRCP,0,,,a,
ASN00092045,19480615,PRCP,0,,,a,
ASN00092045,19480616,PRCP,0,,,a,
ASN00092045,19480617,PRCP,0,,,a,
ASN00092045,19480618,PRCP,8,,,a,
ASN00092045,19480619,PRCP,20,,,a,
ASN00092045,19480620,PRCP,3,,,a,
ASN00092045,19480621,PRCP,10,,,a,
ASN00092045,19480622,PRCP,0,,,a,
ASN00092045,19480623,PRCP,10,,,a,
ASN00092045,19480624,PRCP,0,,,a,
ASN00092045,19480625,PRCP,0,,,a,
ASN00092045,19480626,PRCP,30,,,a,
ASN00092045,19480627,PRCP,0,,,a,
ASN00092045,19480628,PRCP,0,,,a,
ASN00092045,19480629,PRCP,25,,,a,
ASN00092045,19480630,PRCP,51,,,a,
ASN00092045,19480701,PRCP,0,,,a,
ASN00092045,19480702,PRCP,99,,,a,
ASN00092045,19480703,PRCP,0,,,a,
ASN00092045,19480704,PRCP,3,,,a,
ASN00092045,19480705,PRCP,5,,,a,
ASN00092045,19480706,PRCP,18,,,a,
ASN00092045,19480707,PRCP,0,,,a,
ASN00092045,19480708,PRCP,89,,,a,
ASN00092045,19480709,PRCP,53,,,a,
ASN00092045,19480710,PRCP,64,,,a,
ASN00092045,19480711,PRCP,5,,,a,
ASN00092045,19480712,PRCP,5,,,a,
ASN00092045,19480713,PRCP,3,,,a,
ASN00092045,19480714,PRCP,0,,,a,
ASN00092045,19480715,PRCP,0,,,a,
ASN00092045,19480716,PRCP,33,,,a,
ASN00092045,19480717,PRCP,15,,,a,
ASN00092045,19480718,PRCP,10,,,a,
ASN00092045,19480719,PRCP,3,,,a,
ASN00092045,19480720,PRCP,3,,,a,
ASN00092045,19480721,PRCP,10,,,a,
ASN00092045,19480722,PRCP,10,,,a,
ASN00092045,19480723,PRCP,15,,,a,
ASN00092045,19480724,PRCP,48,,,a,
ASN00092045,19480725,PRCP,3,,,a,
ASN00092045,19480726,PRCP,0,,,a,
ASN00092045,19480727,PRCP,147,,,a,
ASN00092045,19480728,PRCP,89,,,a,
ASN00092045,19480729,PRCP,5,,,a,
ASN00092045,19480730,PRCP,5,,,a,
ASN00092045,19480731,PRCP,0,,,a,
ASN00092045,19480801,PRCP,0,,,a,
ASN00092045,19480802,PRCP,8,,,a,
ASN00092045,19480803,PRCP,30,,,a,
ASN00092045,19480804,PRCP,5,,,a,
ASN00092045,19480805,PRCP,51,,,a,
ASN00092045,19480806,PRCP,5,,,a,
ASN00092045,19480807,PRCP,3,,,a,
ASN00092045,19480808,PRCP,3,,,a,
ASN00092045,19480809,PRCP,18,,,a,
ASN00092045,19480810,PRCP,0,,,a,
ASN00092045,19480811,PRCP,0,,,a,
ASN00092045,19480812,PRCP,0,,,a,
ASN00092045,19480813,PRCP,5,,,a,
ASN00092045,19480814,PRCP,0,,,a,
ASN00092045,19480815,PRCP,66,,,a,
ASN00092045,19480816,PRCP,36,,,a,
ASN00092045,19480817,PRCP,20,,,a,
ASN00092045,19480818,PRCP,33,,,a,
ASN00092045,19480819,PRCP,64,,,a,
ASN00092045,19480820,PRCP,28,,,a,
ASN00092045,19480821,PRCP,5,,,a,
ASN00092045,19480822,PRCP,5,,,a,
ASN00092045,19480823,PRCP,66,,,a,
ASN00092045,19480824,PRCP,10,,,a,
ASN00092045,19480825,PRCP,0,,,a,
ASN00092045,19480826,PRCP,0,,,a,
ASN00092045,19480827,PRCP,5,,,a,
ASN00092045,19480828,PRCP,3,,,a,
ASN00092045,19480829,PRCP,5,,,a,
ASN00092045,19480830,PRCP,3,,,a,
ASN00092045,19480831,PRCP,13,,,a,
ASN00092045,19480901,PRCP,10,,,a,
ASN00092045,19480902,PRCP,0,,,a,
ASN00092045,19480903,PRCP,3,,,a,
ASN00092045,19480904,PRCP,0,,,a,
ASN00092045,19480905,PRCP,51,,,a,
ASN00092045,19480906,PRCP,30,,,a,
ASN00092045,19480907,PRCP,104,,,a,
ASN00092045,19480908,PRCP,25,,,a,
ASN00092045,19480909,PRCP,5,,,a,
ASN00092045,19480910,PRCP,0,,,a,
ASN00092045,19480911,PRCP,0,,,a,
ASN00092045,19480912,PRCP,0,,,a,
ASN00092045,19480913,PRCP,5,,,a,
ASN00092045,19480914,PRCP,0,,,a,
ASN00092045,19480915,PRCP,3,,,a,
ASN00092045,19480916,PRCP,5,,,a,
ASN00092045,19480917,PRCP,41,,,a,
ASN00092045,19480918,PRCP,8,,,a,
ASN00092045,19480919,PRCP,0,,,a,
ASN00092045,19480920,PRCP,0,,,a,
ASN00092045,19480921,PRCP,5,,,a,
ASN00092045,19480922,PRCP,112,,,a,
ASN00092045,19480923,PRCP,3,,,a,
ASN00092045,19480924,PRCP,8,,,a,
ASN00092045,19480925,PRCP,10,,,a,
ASN00092045,19480926,PRCP,0,,,a,
ASN00092045,19480927,PRCP,114,,,a,
ASN00092045,19480928,PRCP,0,,,a,
ASN00092045,19480929,PRCP,0,,,a,
ASN00092045,19480930,PRCP,0,,,a,
ASN00092045,19481001,PRCP,86,,,a,
ASN00092045,19481002,PRCP,38,,,a,
ASN00092045,19481003,PRCP,3,,,a,
ASN00092045,19481004,PRCP,38,,,a,
ASN00092045,19481005,PRCP,0,,,a,
ASN00092045,19481006,PRCP,36,,,a,
ASN00092045,19481007,PRCP,10,,,a,
ASN00092045,19481008,PRCP,28,,,a,
ASN00092045,19481009,PRCP,0,,,a,
ASN00092045,19481010,PRCP,20,,,a,
ASN00092045,19481011,PRCP,157,,,a,
ASN00092045,19481012,PRCP,592,,,a,
ASN00092045,19481013,PRCP,0,,,a,
ASN00092045,19481014,PRCP,155,,,a,
ASN00092045,19481015,PRCP,18,,,a,
ASN00092045,19481016,PRCP,0,,,a,
ASN00092045,19481017,PRCP,8,,,a,
ASN00092045,19481018,PRCP,0,,,a,
ASN00092045,19481019,PRCP,53,,,a,
ASN00092045,19481020,PRCP,25,,,a,
ASN00092045,19481021,PRCP,30,,,a,
ASN00092045,19481022,PRCP,140,,,a,
ASN00092045,19481023,PRCP,0,,,a,
ASN00092045,19481024,PRCP,0,,,a,
ASN00092045,19481025,PRCP,0,,,a,
ASN00092045,19481026,PRCP,0,,,a,
ASN00092045,19481027,PRCP,0,,,a,
ASN00092045,19481028,PRCP,18,,,a,
ASN00092045,19481029,PRCP,23,,,a,
ASN00092045,19481030,PRCP,13,,,a,
ASN00092045,19481031,PRCP,56,,,a,
ASN00092045,19481101,PRCP,79,,,a,
ASN00092045,19481102,PRCP,71,,,a,
ASN00092045,19481103,PRCP,0,,,a,
ASN00092045,19481104,PRCP,0,,,a,
ASN00092045,19481105,PRCP,10,,,a,
ASN00092045,19481106,PRCP,28,,,a,
ASN00092045,19481107,PRCP,66,,,a,
ASN00092045,19481108,PRCP,20,,,a,
ASN00092045,19481109,PRCP,81,,,a,
ASN00092045,19481110,PRCP,175,,,a,
ASN00092045,19481111,PRCP,38,,,a,
ASN00092045,19481112,PRCP,0,,,a,
ASN00092045,19481113,PRCP,0,,,a,
ASN00092045,19481114,PRCP,0,,,a,
ASN00092045,19481115,PRCP,0,,,a,
ASN00092045,19481116,PRCP,0,,,a,
ASN00092045,19481117,PRCP,97,,,a,
ASN00092045,19481118,PRCP,0,,,a,
ASN00092045,19481119,PRCP,23,,,a,
ASN00092045,19481120,PRCP,0,,,a,
ASN00092045,19481121,PRCP,0,,,a,
ASN00092045,19481122,PRCP,0,,,a,
ASN00092045,19481123,PRCP,0,,,a,
ASN00092045,19481124,PRCP,0,,,a,
ASN00092045,19481125,PRCP,0,,,a,
ASN00092045,19481126,PRCP,0,,,a,
ASN00092045,19481127,PRCP,0,,,a,
ASN00092045,19481128,PRCP,0,,,a,
ASN00092045,19481129,PRCP,20,,,a,
ASN00092045,19481130,PRCP,0,,,a,
ASN00092045,19481201,PRCP,0,,,a,
ASN00092045,19481202,PRCP,0,,,a,
ASN00092045,19481203,PRCP,5,,,a,
ASN00092045,19481204,PRCP,15,,,a,
ASN00092045,19481205,PRCP,15,,,a,
ASN00092045,19481206,PRCP,8,,,a,
ASN00092045,19481207,PRCP,13,,,a,
ASN00092045,19481208,PRCP,3,,,a,
ASN00092045,19481209,PRCP,0,,,a,
ASN00092045,19481210,PRCP,0,,,a,
ASN00092045,19481211,PRCP,0,,,a,
ASN00092045,19481212,PRCP,0,,,a,
ASN00092045,19481213,PRCP,15,,,a,
ASN00092045,19481214,PRCP,66,,,a,
ASN00092045,19481215,PRCP,0,,,a,
ASN00092045,19481216,PRCP,0,,,a,
ASN00092045,19481217,PRCP,10,,,a,
ASN00092045,19481218,PRCP,25,,,a,
ASN00092045,19481219,PRCP,0,,,a,
ASN00092045,19481220,PRCP,0,,,a,
ASN00092045,19481221,PRCP,0,,,a,
ASN00092045,19481222,PRCP,0,,,a,
ASN00092045,19481223,PRCP,0,,,a,
ASN00092045,19481224,PRCP,10,,,a,
ASN00092045,19481225,PRCP,8,,,a,
ASN00092045,19481226,PRCP,3,,,a,
ASN00092045,19481227,PRCP,0,,,a,
ASN00092045,19481228,PRCP,0,,,a,
ASN00092045,19481229,PRCP,23,,,a,
ASN00092045,19481230,PRCP,13,,,a,
ASN00092045,19481231,PRCP,3,,,a,
ASN00092045,19490101,PRCP,216,,,a,
ASN00092045,19490102,PRCP,117,,,a,
ASN00092045,19490103,PRCP,0,,,a,
ASN00092045,19490104,PRCP,10,,,a,
ASN00092045,19490105,PRCP,25,,,a,
ASN00092045,19490106,PRCP,0,,,a,
ASN00092045,19490107,PRCP,0,,,a,
ASN00092045,19490108,PRCP,0,,,a,
ASN00092045,19490109,PRCP,0,,,a,
ASN00092045,19490110,PRCP,0,,,a,
ASN00092045,19490111,PRCP,0,,,a,
ASN00092045,19490112,PRCP,58,,,a,
ASN00092045,19490113,PRCP,0,,,a,
ASN00092045,19490114,PRCP,0,,,a,
ASN00092045,19490115,PRCP,20,,,a,
ASN00092045,19490116,PRCP,99,,,a,
ASN00092045,19490117,PRCP,206,,,a,
ASN00092045,19490118,PRCP,3,,,a,
ASN00092045,19490119,PRCP,0,,,a,
ASN00092045,19490120,PRCP,0,,,a,
ASN00092045,19490121,PRCP,0,,,a,
ASN00092045,19490122,PRCP,0,,,a,
ASN00092045,19490123,PRCP,0,,,a,
ASN00092045,19490124,PRCP,0,,,a,
ASN00092045,19490125,PRCP,0,,,a,
ASN00092045,19490126,PRCP,0,,,a,
ASN00092045,19490127,PRCP,0,,,a,
ASN00092045,19490128,PRCP,0,,,a,
ASN00092045,19490129,PRCP,0,,,a,
ASN00092045,19490130,PRCP,0,,,a,
ASN00092045,19490131,PRCP,0,,,a,
ASN00092045,19490201,PRCP,0,,,a,
ASN00092045,19490202,PRCP,0,,,a,
ASN00092045,19490203,PRCP,0,,,a,
ASN00092045,19490204,PRCP,0,,,a,
ASN00092045,19490205,PRCP,18,,,a,
ASN00092045,19490206,PRCP,10,,,a,
ASN00092045,19490207,PRCP,25,,,a,
ASN00092045,19490208,PRCP,0,,,a,
ASN00092045,19490209,PRCP,3,,,a,
ASN00092045,19490210,PRCP,0,,,a,
ASN00092045,19490211,PRCP,0,,,a,
ASN00092045,19490212,PRCP,0,,,a,
ASN00092045,19490213,PRCP,0,,,a,
ASN00092045,19490214,PRCP,3,,,a,
ASN00092045,19490215,PRCP,10,,,a,
ASN00092045,19490216,PRCP,0,,,a,
ASN00092045,19490217,PRCP,0,,,a,
ASN00092045,19490218,PRCP,0,,,a,
ASN00092045,19490219,PRCP,0,,,a,
ASN00092045,19490220,PRCP,0,,,a,
ASN00092045,19490221,PRCP,3,,,a,
ASN00092045,19490222,PRCP,142,,,a,
ASN00092045,19490223,PRCP,0,,,a,
ASN00092045,19490224,PRCP,0,,,a,
ASN00092045,19490225,PRCP,0,,,a,
ASN00092045,19490226,PRCP,0,,,a,
ASN00092045,19490227,PRCP,0,,,a,
ASN00092045,19490228,PRCP,325,,,a,
ASN00092045,19490301,PRCP,5,,,a,
ASN00092045,19490302,PRCP,58,,,a,
ASN00092045,19490303,PRCP,3,,,a,
ASN00092045,19490304,PRCP,10,,,a,
ASN00092045,19490305,PRCP,28,,,a,
ASN00092045,19490306,PRCP,30,,,a,
ASN00092045,19490307,PRCP,0,,,a,
ASN00092045,19490308,PRCP,0,,,a,
ASN00092045,19490309,PRCP,310,,,a,
ASN00092045,19490310,PRCP,20,,,a,
ASN00092045,19490311,PRCP,0,,,a,
ASN00092045,19490312,PRCP,0,,,a,
ASN00092045,19490313,PRCP,15,,,a,
ASN00092045,19490314,PRCP,5,,,a,
ASN00092045,19490315,PRCP,3,,,a,
ASN00092045,19490316,PRCP,0,,,a,
ASN00092045,19490317,PRCP,0,,,a,
ASN00092045,19490318,PRCP,5,,,a,
ASN00092045,19490319,PRCP,0,,,a,
ASN00092045,19490320,PRCP,0,,,a,
ASN00092045,19490321,PRCP,0,,,a,
ASN00092045,19490322,PRCP,0,,,a,
ASN00092045,19490323,PRCP,0,,,a,
ASN00092045,19490324,PRCP,0,,,a,
ASN00092045,19490325,PRCP,0,,,a,
ASN00092045,19490326,PRCP,0,,,a,
ASN00092045,19490327,PRCP,5,,,a,
ASN00092045,19490328,PRCP,0,,,a,
ASN00092045,19490329,PRCP,0,,,a,
ASN00092045,19490330,PRCP,132,,,a,
ASN00092045,19490331,PRCP,10,,,a,
ASN00092045,19490401,PRCP,0,,,a,
ASN00092045,19490402,PRCP,0,,,a,
ASN00092045,19490403,PRCP,0,,,a,
ASN00092045,19490404,PRCP,0,,,a,
ASN00092045,19490405,PRCP,0,,,a,
ASN00092045,19490406,PRCP,0,,,a,
ASN00092045,19490407,PRCP,0,,,a,
ASN00092045,19490408,PRCP,23,,,a,
ASN00092045,19490409,PRCP,0,,,a,
ASN00092045,19490410,PRCP,0,,,a,
ASN00092045,19490411,PRCP,0,,,a,
ASN00092045,19490412,PRCP,0,,,a,
ASN00092045,19490413,PRCP,3,,,a,
ASN00092045,19490414,PRCP,10,,,a,
ASN00092045,19490415,PRCP,0,,,a,
ASN00092045,19490416,PRCP,0,,,a,
ASN00092045,19490417,PRCP,0,,,a,
ASN00092045,19490418,PRCP,0,,,a,
ASN00092045,19490419,PRCP,61,,,a,
ASN00092045,19490420,PRCP,0,,,a,
ASN00092045,19490421,PRCP,0,,,a,
ASN00092045,19490422,PRCP,5,,,a,
ASN00092045,19490423,PRCP,0,,,a,
ASN00092045,19490424,PRCP,0,,,a,
ASN00092045,19490425,PRCP,0,,,a,
ASN00092045,19490426,PRCP,33,,,a,
ASN00092045,19490427,PRCP,0,,,a,
ASN00092045,19490428,PRCP,0,,,a,
ASN00092045,19490429,PRCP,0,,,a,
ASN00092045,19490430,PRCP,0,,,a,
ASN00092045,19490501,PRCP,3,,,a,
ASN00092045,19490502,PRCP,3,,,a,
ASN00092045,19490503,PRCP,3,,,a,
ASN00092045,19490504,PRCP,18,,,a,
ASN00092045,19490505,PRCP,28,,,a,
ASN00092045,19490506,PRCP,89,,,a,
ASN00092045,19490507,PRCP,8,,,a,
ASN00092045,19490508,PRCP,0,,,a,
ASN00092045,19490509,PRCP,0,,,a,
ASN00092045,19490510,PRCP,0,,,a,
ASN00092045,19490511,PRCP,23,,,a,
ASN00092045,19490512,PRCP,3,,,a,
ASN00092045,19490513,PRCP,5,,,a,
ASN00092045,19490514,PRCP,3,,,a,
ASN00092045,19490515,PRCP,56,,,a,
ASN00092045,19490516,PRCP,15,,,a,
ASN00092045,19490517,PRCP,0,,,a,
ASN00092045,19490518,PRCP,0,,,a,
ASN00092045,19490519,PRCP,18,,,a,
ASN00092045,19490520,PRCP,10,,,a,
ASN00092045,19490521,PRCP,0,,,a,
ASN00092045,19490522,PRCP,36,,,a,
ASN00092045,19490523,PRCP,155,,,a,
ASN00092045,19490524,PRCP,5,,,a,
ASN00092045,19490525,PRCP,3,,,a,
ASN00092045,19490526,PRCP,20,,,a,
ASN00092045,19490527,PRCP,3,,,a,
ASN00092045,19490528,PRCP,0,,,a,
ASN00092045,19490529,PRCP,0,,,a,
ASN00092045,19490530,PRCP,3,,,a,
ASN00092045,19490531,PRCP,5,,,a,
ASN00092045,19490601,PRCP,0,,,a,
ASN00092045,19490602,PRCP,15,,,a,
ASN00092045,19490603,PRCP,104,,,a,
ASN00092045,19490604,PRCP,36,,,a,
ASN00092045,19490605,PRCP,10,,,a,
ASN00092045,19490606,PRCP,3,,,a,
ASN00092045,19490607,PRCP,0,,,a,
ASN00092045,19490608,PRCP,0,,,a,
ASN00092045,19490609,PRCP,23,,,a,
ASN00092045,19490610,PRCP,10,,,a,
ASN00092045,19490611,PRCP,191,,,a,
ASN00092045,19490612,PRCP,0,,,a,
ASN00092045,19490613,PRCP,0,,,a,
ASN00092045,19490614,PRCP,3,,,a,
ASN00092045,19490615,PRCP,5,,,a,
ASN00092045,19490616,PRCP,0,,,a,
ASN00092045,19490617,PRCP,3,,,a,
ASN00092045,19490618,PRCP,3,,,a,
ASN00092045,19490619,PRCP,84,,,a,
ASN00092045,19490620,PRCP,513,,,a,
ASN00092045,19490621,PRCP,23,,,a,
ASN00092045,19490622,PRCP,84,,,a,
ASN00092045,19490623,PRCP,30,,,a,
ASN00092045,19490624,PRCP,5,,,a,
ASN00092045,19490625,PRCP,0,,,a,
ASN00092045,19490626,PRCP,0,,,a,
ASN00092045,19490627,PRCP,8,,,a,
ASN00092045,19490628,PRCP,3,,,a,
ASN00092045,19490629,PRCP,13,,,a,
ASN00092045,19490630,PRCP,3,,,a,
ASN00092045,19490701,PRCP,25,,,a,
ASN00092045,19490702,PRCP,0,,,a,
ASN00092045,19490703,PRCP,3,,,a,
ASN00092045,19490704,PRCP,13,,,a,
ASN00092045,19490705,PRCP,18,,,a,
ASN00092045,19490706,PRCP,3,,,a,
ASN00092045,19490707,PRCP,18,,,a,
ASN00092045,19490708,PRCP,0,,,a,
ASN00092045,19490709,PRCP,5,,,a,
ASN00092045,19490710,PRCP,5,,,a,
ASN00092045,19490711,PRCP,0,,,a,
ASN00092045,19490712,PRCP,5,,,a,
ASN00092045,19490713,PRCP,0,,,a,
ASN00092045,19490714,PRCP,3,,,a,
ASN00092045,19490715,PRCP,5,,,a,
ASN00092045,19490716,PRCP,5,,,a,
ASN00092045,19490717,PRCP,3,,,a,
ASN00092045,19490718,PRCP,69,,,a,
ASN00092045,19490719,PRCP,0,,,a,
ASN00092045,19490720,PRCP,224,,,a,
ASN00092045,19490721,PRCP,25,,,a,
ASN00092045,19490722,PRCP,10,,,a,
ASN00092045,19490723,PRCP,3,,,a,
ASN00092045,19490724,PRCP,3,,,a,
ASN00092045,19490725,PRCP,0,,,a,
ASN00092045,19490726,PRCP,3,,,a,
ASN00092045,19490727,PRCP,0,,,a,
ASN00092045,19490728,PRCP,3,,,a,
ASN00092045,19490729,PRCP,10,,,a,
ASN00092045,19490730,PRCP,20,,,a,
ASN00092045,19490731,PRCP,18,,,a,
ASN00092045,19490801,PRCP,5,,,a,
ASN00092045,19490802,PRCP,3,,,a,
ASN00092045,19490803,PRCP,5,,,a,
ASN00092045,19490804,PRCP,0,,,a,
ASN00092045,19490805,PRCP,0,,,a,
ASN00092045,19490806,PRCP,0,,,a,
ASN00092045,19490807,PRCP,10,,,a,
ASN00092045,19490808,PRCP,3,,,a,
ASN00092045,19490809,PRCP,0,,,a,
ASN00092045,19490810,PRCP,0,,,a,
ASN00092045,19490811,PRCP,58,,,a,
ASN00092045,19490812,PRCP,0,,,a,
ASN00092045,19490813,PRCP,0,,,a,
ASN00092045,19490814,PRCP,3,,,a,
ASN00092045,19490815,PRCP,0,,,a,
ASN00092045,19490816,PRCP,13,,,a,
ASN00092045,19490817,PRCP,3,,,a,
ASN00092045,19490818,PRCP,3,,,a,
ASN00092045,19490819,PRCP,10,,,a,
ASN00092045,19490820,PRCP,0,,,a,
ASN00092045,19490821,PRCP,18,,,a,
ASN00092045,19490822,PRCP,3,,,a,
ASN00092045,19490823,PRCP,30,,,a,
ASN00092045,19490824,PRCP,3,,,a,
ASN00092045,19490825,PRCP,3,,,a,
ASN00092045,19490826,PRCP,0,,,a,
ASN00092045,19490827,PRCP,0,,,a,
ASN00092045,19490828,PRCP,0,,,a,
ASN00092045,19490829,PRCP,41,,,a,
ASN00092045,19490830,PRCP,30,,,a,
ASN00092045,19490831,PRCP,3,,,a,
ASN00092045,19490901,PRCP,0,,,a,
ASN00092045,19490902,PRCP,0,,,a,
ASN00092045,19490903,PRCP,3,,,a,
ASN00092045,19490904,PRCP,18,,,a,
ASN00092045,19490905,PRCP,3,,,a,
ASN00092045,19490906,PRCP,3,,,a,
ASN00092045,19490907,PRCP,3,,,a,
ASN00092045,19490908,PRCP,0,,,a,
ASN00092045,19490909,PRCP,38,,,a,
ASN00092045,19490910,PRCP,0,,,a,
ASN00092045,19490911,PRCP,0,,,a,
ASN00092045,19490912,PRCP,3,,,a,
ASN00092045,19490913,PRCP,0,,,a,
ASN00092045,19490914,PRCP,3,,,a,
ASN00092045,19490915,PRCP,5,,,a,
ASN00092045,19490916,PRCP,0,,,a,
ASN00092045,19490917,PRCP,0,,,a,
ASN00092045,19490918,PRCP,13,,,a,
ASN00092045,19490919,PRCP,0,,,a,
ASN00092045,19490920,PRCP,0,,,a,
ASN00092045,19490921,PRCP,0,,,a,
ASN00092045,19490922,PRCP,41,,,a,
ASN00092045,19490923,PRCP,0,,,a,
ASN00092045,19490924,PRCP,0,,,a,
ASN00092045,19490925,PRCP,0,,,a,
ASN00092045,19490926,PRCP,0,,,a,
ASN00092045,19490927,PRCP,0,,,a,
ASN00092045,19490928,PRCP,0,,,a,
ASN00092045,19490929,PRCP,3,,,a,
ASN00092045,19490930,PRCP,0,,,a,
ASN00092045,19491001,PRCP,0,,,a,
ASN00092045,19491002,PRCP,3,,,a,
ASN00092045,19491003,PRCP,84,,,a,
ASN00092045,19491004,PRCP,89,,,a,
ASN00092045,19491005,PRCP,130,,,a,
ASN00092045,19491006,PRCP,137,,,a,
ASN00092045,19491007,PRCP,30,,,a,
ASN00092045,19491008,PRCP,0,,,a,
ASN00092045,19491009,PRCP,0,,,a,
ASN00092045,19491010,PRCP,43,,,a,
ASN00092045,19491011,PRCP,5,,,a,
ASN00092045,19491012,PRCP,130,,,a,
ASN00092045,19491013,PRCP,13,,,a,
ASN00092045,19491014,PRCP,18,,,a,
ASN00092045,19491015,PRCP,0,,,a,
ASN00092045,19491016,PRCP,254,,,a,
ASN00092045,19491017,PRCP,3,,,a,
ASN00092045,19491018,PRCP,0,,,a,
ASN00092045,19491019,PRCP,0,,,a,
ASN00092045,19491020,PRCP,56,,,a,
ASN00092045,19491021,PRCP,86,,,a,
ASN00092045,19491022,PRCP,94,,,a,
ASN00092045,19491023,PRCP,300,,,a,
ASN00092045,19491024,PRCP,112,,,a,
ASN00092045,19491025,PRCP,122,,,a,
ASN00092045,19491026,PRCP,104,,,a,
ASN00092045,19491027,PRCP,13,,,a,
ASN00092045,19491028,PRCP,74,,,a,
ASN00092045,19491029,PRCP,30,,,a,
ASN00092045,19491030,PRCP,0,,,a,
ASN00092045,19491031,PRCP,30,,,a,
ASN00092045,19491101,PRCP,3,,,a,
ASN00092045,19491102,PRCP,38,,,a,
ASN00092045,19491103,PRCP,8,,,a,
ASN00092045,19491104,PRCP,13,,,a,
ASN00092045,19491105,PRCP,0,,,a,
ASN00092045,19491106,PRCP,0,,,a,
ASN00092045,19491107,PRCP,0,,,a,
ASN00092045,19491108,PRCP,0,,,a,
ASN00092045,19491109,PRCP,0,,,a,
ASN00092045,19491110,PRCP,0,,,a,
ASN00092045,19491111,PRCP,3,,,a,
ASN00092045,19491112,PRCP,193,,,a,
ASN00092045,19491113,PRCP,0,,,a,
ASN00092045,19491114,PRCP,5,,,a,
ASN00092045,19491115,PRCP,0,,,a,
ASN00092045,19491116,PRCP,0,,,a,
ASN00092045,19491117,PRCP,5,,,a,
ASN00092045,19491118,PRCP,86,,,a,
ASN00092045,19491119,PRCP,43,,,a,
ASN00092045,19491120,PRCP,46,,,a,
ASN00092045,19491121,PRCP,0,,,a,
ASN00092045,19491122,PRCP,79,,,a,
ASN00092045,19491123,PRCP,323,,,a,
ASN00092045,19491124,PRCP,56,,,a,
ASN00092045,19491125,PRCP,109,,,a,
ASN00092045,19491126,PRCP,3,,,a,
ASN00092045,19491127,PRCP,20,,,a,
ASN00092045,19491128,PRCP,3,,,a,
ASN00092045,19491129,PRCP,51,,,a,
ASN00092045,19491130,PRCP,119,,,a,
ASN00092045,19491201,PRCP,3,,,a,
ASN00092045,19491202,PRCP,0,,,a,
ASN00092045,19491203,PRCP,0,,,a,
ASN00092045,19491204,PRCP,0,,,a,
ASN00092045,19491205,PRCP,0,,,a,
ASN00092045,19491206,PRCP,0,,,a,
ASN00092045,19491207,PRCP,38,,,a,
ASN00092045,19491208,PRCP,0,,,a,
ASN00092045,19491209,PRCP,0,,,a,
ASN00092045,19491210,PRCP,0,,,a,
ASN00092045,19491211,PRCP,5,,,a,
ASN00092045,19491212,PRCP,0,,,a,
ASN00092045,19491213,PRCP,0,,,a,
ASN00092045,19491214,PRCP,0,,,a,
ASN00092045,19491215,PRCP,122,,,a,
ASN00092045,19491216,PRCP,3,,,a,
ASN00092045,19491217,PRCP,0,,,a,
ASN00092045,19491218,PRCP,0,,,a,
ASN00092045,19491219,PRCP,3,,,a,
ASN00092045,19491220,PRCP,0,,,a,
ASN00092045,19491221,PRCP,94,,,a,
ASN00092045,19491222,PRCP,0,,,a,
ASN00092045,19491223,PRCP,0,,,a,
ASN00092045,19491224,PRCP,0,,,a,
ASN00092045,19491225,PRCP,0,,,a,
ASN00092045,19491226,PRCP,0,,,a,
ASN00092045,19491227,PRCP,5,,,a,
ASN00092045,19491228,PRCP,36,,,a,
ASN00092045,19491229,PRCP,0,,,a,
ASN00092045,19491230,PRCP,5,,,a,
ASN00092045,19491231,PRCP,0,,,a,
ASN00092045,19500101,PRCP,0,,,a,
ASN00092045,19500102,PRCP,0,,,a,
ASN00092045,19500103,PRCP,0,,,a,
ASN00092045,19500104,PRCP,3,,,a,
ASN00092045,19500105,PRCP,0,,,a,
ASN00092045,19500106,PRCP,0,,,a,
ASN00092045,19500107,PRCP,3,,,a,
ASN00092045,19500108,PRCP,0,,,a,
ASN00092045,19500109,PRCP,46,,,a,
ASN00092045,19500110,PRCP,51,,,a,
ASN00092045,19500111,PRCP,0,,,a,
ASN00092045,19500112,PRCP,0,,,a,
ASN00092045,19500113,PRCP,0,,,a,
ASN00092045,19500114,PRCP,8,,,a,
ASN00092045,19500115,PRCP,8,,,a,
ASN00092045,19500116,PRCP,3,,,a,
ASN00092045,19500117,PRCP,23,,,a,
ASN00092045,19500118,PRCP,122,,,a,
ASN00092045,19500119,PRCP,25,,,a,
ASN00092045,19500120,PRCP,23,,,a,
ASN00092045,19500121,PRCP,0,,,a,
ASN00092045,19500122,PRCP,8,,,a,
ASN00092045,19500123,PRCP,0,,,a,
ASN00092045,19500124,PRCP,0,,,a,
ASN00092045,19500125,PRCP,0,,,a,
ASN00092045,19500126,PRCP,64,,,a,
ASN00092045,19500127,PRCP,0,,,a,
ASN00092045,19500128,PRCP,0,,,a,
ASN00092045,19500129,PRCP,0,,,a,
ASN00092045,19500130,PRCP,0,,,a,
ASN00092045,19500131,PRCP,3,,,a,
ASN00092045,19500201,PRCP,25,,,a,
ASN00092045,19500202,PRCP,5,,,a,
ASN00092045,19500203,PRCP,3,,,a,
ASN00092045,19500204,PRCP,0,,,a,
ASN00092045,19500205,PRCP,0,,,a,
ASN00092045,19500206,PRCP,0,,,a,
ASN00092045,19500207,PRCP,0,,,a,
ASN00092045,19500208,PRCP,0,,,a,
ASN00092045,19500209,PRCP,0,,,a,
ASN00092045,19500210,PRCP,0,,,a,
ASN00092045,19500211,PRCP,0,,,a,
ASN00092045,19500212,PRCP,0,,,a,
ASN00092045,19500213,PRCP,3,,,a,
ASN00092045,19500214,PRCP,0,,,a,
ASN00092045,19500215,PRCP,0,,,a,
ASN00092045,19500216,PRCP,0,,,a,
ASN00092045,19500217,PRCP,33,,,a,
ASN00092045,19500218,PRCP,0,,,a,
ASN00092045,19500219,PRCP,5,,,a,
ASN00092045,19500220,PRCP,18,,,a,
ASN00092045,19500221,PRCP,0,,,a,
ASN00092045,19500222,PRCP,0,,,a,
ASN00092045,19500223,PRCP,0,,,a,
ASN00092045,19500224,PRCP,0,,,a,
ASN00092045,19500225,PRCP,5,,,a,
ASN00092045,19500226,PRCP,28,,,a,
ASN00092045,19500227,PRCP,8,,,a,
ASN00092045,19500228,PRCP,0,,,a,
ASN00092045,19500301,PRCP,0,,,a,
ASN00092045,19500302,PRCP,0,,,a,
ASN00092045,19500303,PRCP,15,,,a,
ASN00092045,19500304,PRCP,0,,,a,
ASN00092045,19500305,PRCP,0,,,a,
ASN00092045,19500306,PRCP,0,,,a,
ASN00092045,19500307,PRCP,13,,,a,
ASN00092045,19500308,PRCP,0,,,a,
ASN00092045,19500309,PRCP,8,,,a,
ASN00092045,19500310,PRCP,0,,,a,
ASN00092045,19500311,PRCP,0,,,a,
ASN00092045,19500312,PRCP,0,,,a,
ASN00092045,19500313,PRCP,61,,,a,
ASN00092045,19500314,PRCP,0,,,a,
ASN00092045,19500315,PRCP,3,,,a,
ASN00092045,19500316,PRCP,0,,,a,
ASN00092045,19500317,PRCP,0,,,a,
ASN00092045,19500318,PRCP,15,,,a,
ASN00092045,19500319,PRCP,0,,,a,
ASN00092045,19500320,PRCP,0,,,a,
ASN00092045,19500321,PRCP,0,,,a,
ASN00092045,19500322,PRCP,0,,,a,
ASN00092045,19500323,PRCP,274,,,a,
ASN00092045,19500324,PRCP,246,,,a,
ASN00092045,19500325,PRCP,8,,,a,
ASN00092045,19500326,PRCP,0,,,a,
ASN00092045,19500327,PRCP,0,,,a,
ASN00092045,19500328,PRCP,3,,,a,
ASN00092045,19500329,PRCP,20,,,a,
ASN00092045,19500330,PRCP,8,,,a,
ASN00092045,19500331,PRCP,20,,,a,
ASN00092045,19500401,PRCP,41,,,a,
ASN00092045,19500402,PRCP,3,,,a,
ASN00092045,19500403,PRCP,0,,,a,
ASN00092045,19500404,PRCP,15,,,a,
ASN00092045,19500405,PRCP,20,,,a,
ASN00092045,19500406,PRCP,8,,,a,
ASN00092045,19500407,PRCP,15,,,a,
ASN00092045,19500408,PRCP,236,,,a,
ASN00092045,19500409,PRCP,5,,,a,
ASN00092045,19500410,PRCP,20,,,a,
ASN00092045,19500411,PRCP,0,,,a,
ASN00092045,19500412,PRCP,0,,,a,
ASN00092045,19500413,PRCP,0,,,a,
ASN00092045,19500414,PRCP,3,,,a,
ASN00092045,19500415,PRCP,0,,,a,
ASN00092045,19500416,PRCP,0,,,a,
ASN00092045,19500417,PRCP,8,,,a,
ASN00092045,19500418,PRCP,10,,,a,
ASN00092045,19500419,PRCP,0,,,a,
ASN00092045,19500420,PRCP,0,,,a,
ASN00092045,19500421,PRCP,0,,,a,
ASN00092045,19500422,PRCP,0,,,a,
ASN00092045,19500423,PRCP,0,,,a,
ASN00092045,19500424,PRCP,0,,,a,
ASN00092045,19500425,PRCP,0,,,a,
ASN00092045,19500426,PRCP,5,,,a,
ASN00092045,19500427,PRCP,5,,,a,
ASN00092045,19500428,PRCP,5,,,a,
ASN00092045,19500429,PRCP,8,,,a,
ASN00092045,19500430,PRCP,10,,,a,
ASN00092045,19500501,PRCP,3,,,a,
ASN00092045,19500502,PRCP,3,,,a,
ASN00092045,19500503,PRCP,0,,,a,
ASN00092045,19500504,PRCP,0,,,a,
ASN00092045,19500505,PRCP,0,,,a,
ASN00092045,19500506,PRCP,0,,,a,
ASN00092045,19500507,PRCP,28,,,a,
ASN00092045,19500508,PRCP,8,,,a,
ASN00092045,19500509,PRCP,8,,,a,
ASN00092045,19500510,PRCP,5,,,a,
ASN00092045,19500511,PRCP,147,,,a,
ASN00092045,19500512,PRCP,0,,,a,
ASN00092045,19500513,PRCP,0,,,a,
ASN00092045,19500514,PRCP,0,,,a,
ASN00092045,19500515,PRCP,0,,,a,
ASN00092045,19500516,PRCP,0,,,a,
ASN00092045,19500517,PRCP,0,,,a,
ASN00092045,19500518,PRCP,0,,,a,
ASN00092045,19500519,PRCP,15,,,a,
ASN00092045,19500520,PRCP,43,,,a,
ASN00092045,19500521,PRCP,348,,,a,
ASN00092045,19500522,PRCP,130,,,a,
ASN00092045,19500523,PRCP,8,,,a,
ASN00092045,19500524,PRCP,0,,,a,
ASN00092045,19500525,PRCP,0,,,a,
ASN00092045,19500526,PRCP,71,,,a,
ASN00092045,19500527,PRCP,173,,,a,
ASN00092045,19500528,PRCP,3,,,a,
ASN00092045,19500529,PRCP,0,,,a,
ASN00092045,19500530,PRCP,15,,,a,
ASN00092045,19500531,PRCP,185,,,a,
ASN00092045,19500601,PRCP,135,,,a,
ASN00092045,19500602,PRCP,3,,,a,
ASN00092045,19500603,PRCP,5,,,a,
ASN00092045,19500604,PRCP,3,,,a,
ASN00092045,19500605,PRCP,3,,,a,
ASN00092045,19500606,PRCP,3,,,a,
ASN00092045,19500607,PRCP,3,,,a,
ASN00092045,19500608,PRCP,0,,,a,
ASN00092045,19500609,PRCP,0,,,a,
ASN00092045,19500610,PRCP,0,,,a,
ASN00092045,19500611,PRCP,3,,,a,
ASN00092045,19500612,PRCP,3,,,a,
ASN00092045,19500613,PRCP,0,,,a,
ASN00092045,19500614,PRCP,30,,,a,
ASN00092045,19500615,PRCP,97,,,a,
ASN00092045,19500616,PRCP,5,,,a,
ASN00092045,19500617,PRCP,3,,,a,
ASN00092045,19500618,PRCP,23,,,a,
ASN00092045,19500619,PRCP,8,,,a,
ASN00092045,19500620,PRCP,20,,,a,
ASN00092045,19500621,PRCP,8,,,a,
ASN00092045,19500622,PRCP,0,,,a,
ASN00092045,19500623,PRCP,5,,,a,
ASN00092045,19500624,PRCP,0,,,a,
ASN00092045,19500625,PRCP,5,,,a,
ASN00092045,19500626,PRCP,33,,,a,
ASN00092045,19500627,PRCP,3,,,a,
ASN00092045,19500628,PRCP,0,,,a,
ASN00092045,19500629,PRCP,20,,,a,
ASN00092045,19500630,PRCP,5,,,a,
ASN00092045,19500701,PRCP,0,,,a,
ASN00092045,19500702,PRCP,0,,,a,
ASN00092045,19500703,PRCP,0,,,a,
ASN00092045,19500704,PRCP,71,,,a,
ASN00092045,19500705,PRCP,64,,,a,
ASN00092045,19500706,PRCP,33,,,a,
ASN00092045,19500707,PRCP,20,,,a,
ASN00092045,19500708,PRCP,64,,,a,
ASN00092045,19500709,PRCP,3,,,a,
ASN00092045,19500710,PRCP,10,,,a,
ASN00092045,19500711,PRCP,53,,,a,
ASN00092045,19500712,PRCP,3,,,a,
ASN00092045,19500713,PRCP,0,,,a,
ASN00092045,19500714,PRCP,0,,,a,
ASN00092045,19500715,PRCP,3,,,a,
ASN00092045,19500716,PRCP,0,,,a,
ASN00092045,19500717,PRCP,0,,,a,
ASN00092045,19500718,PRCP,5,,,a,
ASN00092045,19500719,PRCP,5,,,a,
ASN00092045,19500720,PRCP,3,,,a,
ASN00092045,19500721,PRCP,0,,,a,
ASN00092045,19500722,PRCP,36,,,a,
ASN00092045,19500723,PRCP,0,,,a,
ASN00092045,19500724,PRCP,0,,,a,
ASN00092045,19500725,PRCP,3,,,a,
ASN00092045,19500726,PRCP,0,,,a,
ASN00092045,19500727,PRCP,3,,,a,
ASN00092045,19500728,PRCP,0,,,a,
ASN00092045,19500729,PRCP,135,,,a,
ASN00092045,19500730,PRCP,3,,,a,
ASN00092045,19500731,PRCP,5,,,a,
ASN00092045,19500801,PRCP,5,,,a,
ASN00092045,19500802,PRCP,79,,,a,
ASN00092045,19500803,PRCP,3,,,a,
ASN00092045,19500804,PRCP,102,,,a,
ASN00092045,19500805,PRCP,8,,,a,
ASN00092045,19500806,PRCP,20,,,a,
ASN00092045,19500807,PRCP,0,,,a,
ASN00092045,19500808,PRCP,5,,,a,
ASN00092045,19500809,PRCP,3,,,a,
ASN00092045,19500810,PRCP,5,,,a,
ASN00092045,19500811,PRCP,5,,,a,
ASN00092045,19500812,PRCP,3,,,a,
ASN00092045,19500813,PRCP,5,,,a,
ASN00092045,19500814,PRCP,20,,,a,
ASN00092045,19500815,PRCP,5,,,a,
ASN00092045,19500816,PRCP,46,,,a,
ASN00092045,19500817,PRCP,15,,,a,
ASN00092045,19500818,PRCP,132,,,a,
ASN00092045,19500819,PRCP,3,,,a,
ASN00092045,19500820,PRCP,117,,,a,
ASN00092045,19500821,PRCP,124,,,a,
ASN00092045,19500822,PRCP,0,,,a,
ASN00092045,19500823,PRCP,3,,,a,
ASN00092045,19500824,PRCP,3,,,a,
ASN00092045,19500825,PRCP,3,,,a,
ASN00092045,19500826,PRCP,0,,,a,
ASN00092045,19500827,PRCP,8,,,a,
ASN00092045,19500828,PRCP,3,,,a,
ASN00092045,19500829,PRCP,0,,,a,
ASN00092045,19500830,PRCP,5,,,a,
ASN00092045,19500831,PRCP,30,,,a,
ASN00092045,19500901,PRCP,112,,,a,
ASN00092045,19500902,PRCP,102,,,a,
ASN00092045,19500903,PRCP,0,,,a,
ASN00092045,19500904,PRCP,3,,,a,
ASN00092045,19500905,PRCP,0,,,a,
ASN00092045,19500906,PRCP,0,,,a,
ASN00092045,19500907,PRCP,0,,,a,
ASN00092045,19500908,PRCP,3,,,a,
ASN00092045,19500909,PRCP,0,,,a,
ASN00092045,19500910,PRCP,0,,,a,
ASN00092045,19500911,PRCP,0,,,a,
ASN00092045,19500912,PRCP,5,,,a,
ASN00092045,19500913,PRCP,3,,,a,
ASN00092045,19500914,PRCP,43,,,a,
ASN00092045,19500915,PRCP,5,,,a,
ASN00092045,19500916,PRCP,23,,,a,
ASN00092045,19500917,PRCP,152,,,a,
ASN00092045,19500918,PRCP,13,,,a,
ASN00092045,19500919,PRCP,53,,,a,
ASN00092045,19500920,PRCP,30,,,a,
ASN00092045,19500921,PRCP,0,,,a,
ASN00092045,19500922,PRCP,3,,,a,
ASN00092045,19500923,PRCP,5,,,a,
ASN00092045,19500924,PRCP,13,,,a,
ASN00092045,19500925,PRCP,0,,,a,
ASN00092045,19500926,PRCP,20,,,a,
ASN00092045,19500927,PRCP,8,,,a,
ASN00092045,19500928,PRCP,0,,,a,
ASN00092045,19500929,PRCP,10,,,a,
ASN00092045,19500930,PRCP,0,,,a,
ASN00092045,19501001,PRCP,69,,,a,
ASN00092045,19501002,PRCP,0,,,a,
ASN00092045,19501003,PRCP,3,,,a,
ASN00092045,19501004,PRCP,3,,,a,
ASN00092045,19501005,PRCP,15,,,a,
ASN00092045,19501006,PRCP,0,,,a,
ASN00092045,19501007,PRCP,13,,,a,
ASN00092045,19501008,PRCP,0,,,a,
ASN00092045,19501009,PRCP,3,,,a,
ASN00092045,19501010,PRCP,3,,,a,
ASN00092045,19501011,PRCP,3,,,a,
ASN00092045,19501012,PRCP,18,,,a,
ASN00092045,19501013,PRCP,53,,,a,
ASN00092045,19501014,PRCP,0,,,a,
ASN00092045,19501015,PRCP,3,,,a,
ASN00092045,19501016,PRCP,3,,,a,
ASN00092045,19501017,PRCP,0,,,a,
ASN00092045,19501018,PRCP,94,,,a,
ASN00092045,19501019,PRCP,30,,,a,
ASN00092045,19501020,PRCP,5,,,a,
ASN00092045,19501021,PRCP,0,,,a,
ASN00092045,19501022,PRCP,8,,,a,
ASN00092045,19501023,PRCP,3,,,a,
ASN00092045,19501024,PRCP,3,,,a,
ASN00092045,19501025,PRCP,8,,,a,
ASN00092045,19501026,PRCP,475,,,a,
ASN00092045,19501027,PRCP,165,,,a,
ASN00092045,19501028,PRCP,234,,,a,
ASN00092045,19501029,PRCP,38,,,a,
ASN00092045,19501030,PRCP,0,,,a,
ASN00092045,19501031,PRCP,36,,,a,
ASN00092045,19501101,PRCP,8,,,a,
ASN00092045,19501102,PRCP,0,,,a,
ASN00092045,19501103,PRCP,36,,,a,
ASN00092045,19501104,PRCP,61,,,a,
ASN00092045,19501105,PRCP,0,,,a,
ASN00092045,19501106,PRCP,0,,,a,
ASN00092045,19501107,PRCP,0,,,a,
ASN00092045,19501108,PRCP,3,,,a,
ASN00092045,19501109,PRCP,20,,,a,
ASN00092045,19501110,PRCP,38,,,a,
ASN00092045,19501111,PRCP,71,,,a,
ASN00092045,19501112,PRCP,10,,,a,
ASN00092045,19501113,PRCP,5,,,a,
ASN00092045,19501114,PRCP,356,,,a,
ASN00092045,19501115,PRCP,69,,,a,
ASN00092045,19501116,PRCP,30,,,a,
ASN00092045,19501117,PRCP,0,,,a,
ASN00092045,19501118,PRCP,0,,,a,
ASN00092045,19501119,PRCP,64,,,a,
ASN00092045,19501120,PRCP,10,,,a,
ASN00092045,19501121,PRCP,0,,,a,
ASN00092045,19501122,PRCP,0,,,a,
ASN00092045,19501123,PRCP,3,,,a,
ASN00092045,19501124,PRCP,0,,,a,
ASN00092045,19501125,PRCP,0,,,a,
ASN00092045,19501126,PRCP,0,,,a,
ASN00092045,19501127,PRCP,0,,,a,
ASN00092045,19501128,PRCP,0,,,a,
ASN00092045,19501129,PRCP,3,,,a,
ASN00092045,19501130,PRCP,323,,,a,
ASN00092045,19501201,PRCP,0,,,a,
ASN00092045,19501202,PRCP,0,,,a,
ASN00092045,19501203,PRCP,0,,,a,
ASN00092045,19501204,PRCP,5,,,a,
ASN00092045,19501205,PRCP,0,,,a,
ASN00092045,19501206,PRCP,0,,,a,
ASN00092045,19501207,PRCP,28,,,a,
ASN00092045,19501208,PRCP,178,,,a,
ASN00092045,19501209,PRCP,0,,,a,
ASN00092045,19501210,PRCP,0,,,a,
ASN00092045,19501211,PRCP,25,,,a,
ASN00092045,19501212,PRCP,36,,,a,
ASN00092045,19501213,PRCP,0,,,a,
ASN00092045,19501214,PRCP,0,,,a,
ASN00092045,19501215,PRCP,0,,,a,
ASN00092045,19501216,PRCP,0,,,a,
ASN00092045,19501217,PRCP,0,,,a,
ASN00092045,19501218,PRCP,3,,,a,
ASN00092045,19501219,PRCP,3,,,a,
ASN00092045,19501220,PRCP,97,,,a,
ASN00092045,19501221,PRCP,58,,,a,
ASN00092045,19501222,PRCP,36,,,a,
ASN00092045,19501223,PRCP,0,,,a,
ASN00092045,19501224,PRCP,0,,,a,
ASN00092045,19501225,PRCP,0,,,a,
ASN00092045,19501226,PRCP,0,,,a,
ASN00092045,19501227,PRCP,0,,,a,
ASN00092045,19501228,PRCP,0,,,a,
ASN00092045,19501229,PRCP,0,,,a,
ASN00092045,19501230,PRCP,46,,,a,
ASN00092045,19501231,PRCP,64,,,a,
ASN00092045,19510101,PRCP,0,,,a,
ASN00092045,19510102,PRCP,0,,,a,
ASN00092045,19510103,PRCP,3,,,a,
ASN00092045,19510104,PRCP,0,,,a,
ASN00092045,19510105,PRCP,0,,,a,
ASN00092045,19510106,PRCP,0,,,a,
ASN00092045,19510107,PRCP,51,,,a,
ASN00092045,19510108,PRCP,23,,,a,
ASN00092045,19510109,PRCP,0,,,a,
ASN00092045,19510110,PRCP,0,,,a,
ASN00092045,19510111,PRCP,3,,,a,
ASN00092045,19510112,PRCP,0,,,a,
ASN00092045,19510113,PRCP,20,,,a,
ASN00092045,19510114,PRCP,0,,,a,
ASN00092045,19510115,PRCP,0,,,a,
ASN00092045,19510116,PRCP,0,,,a,
ASN00092045,19510117,PRCP,0,,,a,
ASN00092045,19510118,PRCP,0,,,a,
ASN00092045,19510119,PRCP,0,,,a,
ASN00092045,19510120,PRCP,13,,,a,
ASN00092045,19510121,PRCP,0,,,a,
ASN00092045,19510122,PRCP,30,,,a,
ASN00092045,19510123,PRCP,102,,,a,
ASN00092045,19510124,PRCP,0,,,a,
ASN00092045,19510125,PRCP,0,,,a,
ASN00092045,19510126,PRCP,0,,,a,
ASN00092045,19510127,PRCP,0,,,a,
ASN00092045,19510128,PRCP,0,,,a,
ASN00092045,19510129,PRCP,0,,,a,
ASN00092045,19510130,PRCP,0,,,a,
ASN00092045,19510131,PRCP,0,,,a,
ASN00092045,19510201,PRCP,0,,,a,
ASN00092045,19510202,PRCP,58,,,a,
ASN00092045,19510203,PRCP,0,,,a,
ASN00092045,19510204,PRCP,0,,,a,
ASN00092045,19510205,PRCP,0,,,a,
ASN00092045,19510206,PRCP,0,,,a,
ASN00092045,19510207,PRCP,0,,,a,
ASN00092045,19510208,PRCP,0,,,a,
ASN00092045,19510209,PRCP,0,,,a,
ASN00092045,19510210,PRCP,0,,,a,
ASN00092045,19510211,PRCP,0,,,a,
ASN00092045,19510212,PRCP,5,,,a,
ASN00092045,19510213,PRCP,48,,,a,
ASN00092045,19510214,PRCP,53,,,a,
ASN00092045,19510215,PRCP,0,,,a,
ASN00092045,19510216,PRCP,3,,,a,
ASN00092045,19510217,PRCP,0,,,a,
ASN00092045,19510218,PRCP,30,,,a,
ASN00092045,19510219,PRCP,102,,,a,
ASN00092045,19510220,PRCP,0,,,a,
ASN00092045,19510221,PRCP,0,,,a,
ASN00092045,19510222,PRCP,0,,,a,
ASN00092045,19510223,PRCP,28,,,a,
ASN00092045,19510224,PRCP,18,,,a,
ASN00092045,19510225,PRCP,109,,,a,
ASN00092045,19510226,PRCP,23,,,a,
ASN00092045,19510227,PRCP,51,,,a,
ASN00092045,19510228,PRCP,0,,,a,
ASN00092045,19510301,PRCP,36,,,a,
ASN00092045,19510302,PRCP,13,,,a,
ASN00092045,19510303,PRCP,0,,,a,
ASN00092045,19510304,PRCP,0,,,a,
ASN00092045,19510305,PRCP,0,,,a,
ASN00092045,19510306,PRCP,8,,,a,
ASN00092045,19510307,PRCP,76,,,a,
ASN00092045,19510308,PRCP,0,,,a,
ASN00092045,19510309,PRCP,3,,,a,
ASN00092045,19510310,PRCP,0,,,a,
ASN00092045,19510311,PRCP,0,,,a,
ASN00092045,19510312,PRCP,5,,,a,
ASN00092045,19510313,PRCP,0,,,a,
ASN00092045,19510314,PRCP,5,,,a,
ASN00092045,19510315,PRCP,0,,,a,
ASN00092045,19510316,PRCP,0,,,a,
ASN00092045,19510317,PRCP,23,,,a,
ASN00092045,19510318,PRCP,3,,,a,
ASN00092045,19510319,PRCP,0,,,a,
ASN00092045,19510320,PRCP,18,,,a,
ASN00092045,19510321,PRCP,3,,,a,
ASN00092045,19510322,PRCP,8,,,a,
ASN00092045,19510323,PRCP,8,,,a,
ASN00092045,19510324,PRCP,0,,,a,
ASN00092045,19510325,PRCP,0,,,a,
ASN00092045,19510326,PRCP,3,,,a,
ASN00092045,19510327,PRCP,0,,,a,
ASN00092045,19510328,PRCP,10,,,a,
ASN00092045,19510329,PRCP,0,,,a,
ASN00092045,19510330,PRCP,0,,,a,
ASN00092045,19510331,PRCP,0,,,a,
ASN00092045,19510401,PRCP,25,,,a,
ASN00092045,19510402,PRCP,8,,,a,
ASN00092045,19510403,PRCP,0,,,a,
ASN00092045,19510404,PRCP,8,,,a,
ASN00092045,19510405,PRCP,66,,,a,
ASN00092045,19510406,PRCP,46,,,a,
ASN00092045,19510407,PRCP,99,,,a,
ASN00092045,19510408,PRCP,5,,,a,
ASN00092045,19510409,PRCP,0,,,a,
ASN00092045,19510410,PRCP,0,,,a,
ASN00092045,19510411,PRCP,33,,,a,
ASN00092045,19510412,PRCP,74,,,a,
ASN00092045,19510413,PRCP,33,,,a,
ASN00092045,19510414,PRCP,3,,,a,
ASN00092045,19510415,PRCP,0,,,a,
ASN00092045,19510416,PRCP,0,,,a,
ASN00092045,19510417,PRCP,5,,,a,
ASN00092045,19510418,PRCP,28,,,a,
ASN00092045,19510419,PRCP,23,,,a,
ASN00092045,19510420,PRCP,30,,,a,
ASN00092045,19510421,PRCP,48,,,a,
ASN00092045,19510422,PRCP,5,,,a,
ASN00092045,19510423,PRCP,0,,,a,
ASN00092045,19510424,PRCP,0,,,a,
ASN00092045,19510425,PRCP,0,,,a,
ASN00092045,19510426,PRCP,122,,,a,
ASN00092045,19510427,PRCP,0,,,a,
ASN00092045,19510428,PRCP,13,,,a,
ASN00092045,19510429,PRCP,0,,,a,
ASN00092045,19510430,PRCP,10,,,a,
ASN00092045,19510501,PRCP,0,,,a,
ASN00092045,19510502,PRCP,0,,,a,
ASN00092045,19510503,PRCP,0,,,a,
ASN00092045,19510504,PRCP,3,,,a,
ASN00092045,19510505,PRCP,18,,,a,
ASN00092045,19510506,PRCP,61,,,a,
ASN00092045,19510507,PRCP,5,,,a,
ASN00092045,19510508,PRCP,36,,,a,
ASN00092045,19510509,PRCP,0,,,a,
ASN00092045,19510510,PRCP,0,,,a,
ASN00092045,19510511,PRCP,8,,,a,
ASN00092045,19510512,PRCP,5,,,a,
ASN00092045,19510513,PRCP,18,,,a,
ASN00092045,19510514,PRCP,15,,,a,
ASN00092045,19510515,PRCP,13,,,a,
ASN00092045,19510516,PRCP,0,,,a,
ASN00092045,19510517,PRCP,3,,,a,
ASN00092045,19510518,PRCP,0,,,a,
ASN00092045,19510519,PRCP,5,,,a,
ASN00092045,19510520,PRCP,0,,,a,
ASN00092045,19510521,PRCP,0,,,a,
ASN00092045,19510522,PRCP,8,,,a,
ASN00092045,19510523,PRCP,5,,,a,
ASN00092045,19510524,PRCP,157,,,a,
ASN00092045,19510525,PRCP,36,,,a,
ASN00092045,19510526,PRCP,30,,,a,
ASN00092045,19510527,PRCP,183,,,a,
ASN00092045,19510528,PRCP,0,,,a,
ASN00092045,19510529,PRCP,3,,,a,
ASN00092045,19510530,PRCP,3,,,a,
ASN00092045,19510531,PRCP,3,,,a,
ASN00092045,19510601,PRCP,3,,,a,
ASN00092045,19510602,PRCP,3,,,a,
ASN00092045,19510603,PRCP,5,,,a,
ASN00092045,19510604,PRCP,0,,,a,
ASN00092045,19510605,PRCP,5,,,a,
ASN00092045,19510606,PRCP,8,,,a,
ASN00092045,19510607,PRCP,13,,,a,
ASN00092045,19510608,PRCP,28,,,a,
ASN00092045,19510609,PRCP,23,,,a,
ASN00092045,19510610,PRCP,18,,,a,
ASN00092045,19510611,PRCP,23,,,a,
ASN00092045,19510612,PRCP,0,,,a,
ASN00092045,19510613,PRCP,368,,,a,
ASN00092045,19510614,PRCP,10,,,a,
ASN00092045,19510615,PRCP,23,,,a,
ASN00092045,19510616,PRCP,18,,,a,
ASN00092045,19510617,PRCP,13,,,a,
ASN00092045,19510618,PRCP,0,,,a,
ASN00092045,19510619,PRCP,8,,,a,
ASN00092045,19510620,PRCP,13,,,a,
ASN00092045,19510621,PRCP,10,,,a,
ASN00092045,19510622,PRCP,28,,,a,
ASN00092045,19510623,PRCP,8,,,a,
ASN00092045,19510624,PRCP,0,,,a,
ASN00092045,19510625,PRCP,3,,,a,
ASN00092045,19510626,PRCP,0,,,a,
ASN00092045,19510627,PRCP,0,,,a,
ASN00092045,19510628,PRCP,8,,,a,
ASN00092045,19510629,PRCP,5,,,a,
ASN00092045,19510630,PRCP,0,,,a,
ASN00092045,19510701,PRCP,3,,,a,
ASN00092045,19510702,PRCP,48,,,a,
ASN00092045,19510703,PRCP,3,,,a,
ASN00092045,19510704,PRCP,5,,,a,
ASN00092045,19510705,PRCP,150,,,a,
ASN00092045,19510706,PRCP,86,,,a,
ASN00092045,19510707,PRCP,46,,,a,
ASN00092045,19510708,PRCP,74,,,a,
ASN00092045,19510709,PRCP,135,,,a,
ASN00092045,19510710,PRCP,3,,,a,
ASN00092045,19510711,PRCP,0,,,a,
ASN00092045,19510712,PRCP,3,,,a,
ASN00092045,19510713,PRCP,5,,,a,
ASN00092045,19510714,PRCP,10,,,a,
ASN00092045,19510715,PRCP,81,,,a,
ASN00092045,19510716,PRCP,33,,,a,
ASN00092045,19510717,PRCP,30,,,a,
ASN00092045,19510718,PRCP,0,,,a,
ASN00092045,19510719,PRCP,8,,,a,
ASN00092045,19510720,PRCP,33,,,a,
ASN00092045,19510721,PRCP,0,,,a,
ASN00092045,19510722,PRCP,0,,,a,
ASN00092045,19510723,PRCP,41,,,a,
ASN00092045,19510724,PRCP,43,,,a,
ASN00092045,19510725,PRCP,13,,,a,
ASN00092045,19510726,PRCP,10,,,a,
ASN00092045,19510727,PRCP,10,,,a,
ASN00092045,19510728,PRCP,41,,,a,
ASN00092045,19510729,PRCP,5,,,a,
ASN00092045,19510730,PRCP,5,,,a,
ASN00092045,19510731,PRCP,0,,,a,
ASN00092045,19510801,PRCP,15,,,a,
ASN00092045,19510802,PRCP,61,,,a,
ASN00092045,19510803,PRCP,15,,,a,
ASN00092045,19510804,PRCP,36,,,a,
ASN00092045,19510805,PRCP,46,,,a,
ASN00092045,19510806,PRCP,0,,,a,
ASN00092045,19510807,PRCP,15,,,a,
ASN00092045,19510808,PRCP,3,,,a,
ASN00092045,19510809,PRCP,66,,,a,
ASN00092045,19510810,PRCP,5,,,a,
ASN00092045,19510811,PRCP,0,,,a,
ASN00092045,19510812,PRCP,0,,,a,
ASN00092045,19510813,PRCP,0,,,a,
ASN00092045,19510814,PRCP,46,,,a,
ASN00092045,19510815,PRCP,0,,,a,
ASN00092045,19510816,PRCP,0,,,a,
ASN00092045,19510817,PRCP,3,,,a,
ASN00092045,19510818,PRCP,13,,,a,
ASN00092045,19510819,PRCP,8,,,a,
ASN00092045,19510820,PRCP,0,,,a,
ASN00092045,19510821,PRCP,25,,,a,
ASN00092045,19510822,PRCP,130,,,a,
ASN00092045,19510823,PRCP,5,,,a,
ASN00092045,19510824,PRCP,38,,,a,
ASN00092045,19510825,PRCP,13,,,a,
ASN00092045,19510826,PRCP,8,,,a,
ASN00092045,19510827,PRCP,0,,,a,
ASN00092045,19510828,PRCP,15,,,a,
ASN00092045,19510829,PRCP,15,,,a,
ASN00092045,19510830,PRCP,10,,,a,
ASN00092045,19510831,PRCP,18,,,a,
ASN00092045,19510901,PRCP,3,,,a,
ASN00092045,19510902,PRCP,13,,,a,
ASN00092045,19510903,PRCP,0,,,a,
ASN00092045,19510904,PRCP,23,,,a,
ASN00092045,19510905,PRCP,5,,,a,
ASN00092045,19510906,PRCP,3,,,a,
ASN00092045,19510907,PRCP,3,,,a,
ASN00092045,19510908,PRCP,0,,,a,
ASN00092045,19510909,PRCP,3,,,a,
ASN00092045,19510910,PRCP,0,,,a,
ASN00092045,19510911,PRCP,3,,,a,
ASN00092045,19510912,PRCP,0,,,a,
ASN00092045,19510913,PRCP,0,,,a,
ASN00092045,19510914,PRCP,0,,,a,
ASN00092045,19510915,PRCP,0,,,a,
ASN00092045,19510916,PRCP,8,,,a,
ASN00092045,19510917,PRCP,0,,,a,
ASN00092045,19510918,PRCP,38,,,a,
ASN00092045,19510919,PRCP,218,,,a,
ASN00092045,19510920,PRCP,8,,,a,
ASN00092045,19510921,PRCP,5,,,a,
ASN00092045,19510922,PRCP,0,,,a,
ASN00092045,19510923,PRCP,0,,,a,
ASN00092045,19510924,PRCP,0,,,a,
ASN00092045,19510925,PRCP,0,,,a,
ASN00092045,19510926,PRCP,20,,,a,
ASN00092045,19510927,PRCP,0,,,a,
ASN00092045,19510928,PRCP,0,,,a,
ASN00092045,19510929,PRCP,28,,,a,
ASN00092045,19510930,PRCP,33,,,a,
ASN00092045,19511001,PRCP,23,,,a,
ASN00092045,19511002,PRCP,5,,,a,
ASN00092045,19511003,PRCP,5,,,a,
ASN00092045,19511004,PRCP,3,,,a,
ASN00092045,19511005,PRCP,0,,,a,
ASN00092045,19511006,PRCP,0,,,a,
ASN00092045,19511007,PRCP,0,,,a,
ASN00092045,19511008,PRCP,0,,,a,
ASN00092045,19511009,PRCP,5,,,a,
ASN00092045,19511010,PRCP,0,,,a,
ASN00092045,19511011,PRCP,3,,,a,
ASN00092045,19511012,PRCP,0,,,a,
ASN00092045,19511013,PRCP,5,,,a,
ASN00092045,19511014,PRCP,71,,,a,
ASN00092045,19511015,PRCP,36,,,a,
ASN00092045,19511016,PRCP,71,,,a,
ASN00092045,19511017,PRCP,66,,,a,
ASN00092045,19511018,PRCP,81,,,a,
ASN00092045,19511019,PRCP,10,,,a,
ASN00092045,19511020,PRCP,0,,,a,
ASN00092045,19511021,PRCP,3,,,a,
ASN00092045,19511022,PRCP,5,,,a,
ASN00092045,19511023,PRCP,36,,,a,
ASN00092045,19511024,PRCP,8,,,a,
ASN00092045,19511025,PRCP,102,,,a,
ASN00092045,19511026,PRCP,30,,,a,
ASN00092045,19511027,PRCP,5,,,a,
ASN00092045,19511028,PRCP,0,,,a,
ASN00092045,19511029,PRCP,5,,,a,
ASN00092045,19511030,PRCP,0,,,a,
ASN00092045,19511031,PRCP,5,,,a,
ASN00092045,19511101,PRCP,0,,,a,
ASN00092045,19511102,PRCP,0,,,a,
ASN00092045,19511103,PRCP,0,,,a,
ASN00092045,19511104,PRCP,0,,,a,
ASN00092045,19511105,PRCP,0,,,a,
ASN00092045,19511106,PRCP,18,,,a,
ASN00092045,19511107,PRCP,36,,,a,
ASN00092045,19511108,PRCP,8,,,a,
ASN00092045,19511109,PRCP,66,,,a,
ASN00092045,19511110,PRCP,13,,,a,
ASN00092045,19511111,PRCP,0,,,a,
ASN00092045,19511112,PRCP,0,,,a,
ASN00092045,19511113,PRCP,0,,,a,
ASN00092045,19511114,PRCP,107,,,a,
ASN00092045,19511115,PRCP,66,,,a,
ASN00092045,19511116,PRCP,135,,,a,
ASN00092045,19511117,PRCP,0,,,a,
ASN00092045,19511118,PRCP,0,,,a,
ASN00092045,19511119,PRCP,0,,,a,
ASN00092045,19511120,PRCP,15,,,a,
ASN00092045,19511121,PRCP,0,,,a,
ASN00092045,19511122,PRCP,0,,,a,
ASN00092045,19511123,PRCP,0,,,a,
ASN00092045,19511124,PRCP,0,,,a,
ASN00092045,19511125,PRCP,0,,,a,
ASN00092045,19511126,PRCP,13,,,a,
ASN00092045,19511127,PRCP,358,,,a,
ASN00092045,19511128,PRCP,36,,,a,
ASN00092045,19511129,PRCP,0,,,a,
ASN00092045,19511130,PRCP,0,,,a,
ASN00092045,19511201,PRCP,0,,,a,
ASN00092045,19511202,PRCP,0,,,a,
ASN00092045,19511203,PRCP,0,,,a,
ASN00092045,19511204,PRCP,0,,,a,
ASN00092045,19511205,PRCP,0,,,a,
ASN00092045,19511206,PRCP,20,,,a,
ASN00092045,19511207,PRCP,0,,,a,
ASN00092045,19511208,PRCP,0,,,a,
ASN00092045,19511209,PRCP,193,,,a,
ASN00092045,19511210,PRCP,30,,,a,
ASN00092045,19511211,PRCP,8,,,a,
ASN00092045,19511212,PRCP,0,,,a,
ASN00092045,19511213,PRCP,0,,,a,
ASN00092045,19511214,PRCP,81,,,a,
ASN00092045,19511215,PRCP,81,,,a,
ASN00092045,19511216,PRCP,5,,,a,
ASN00092045,19511217,PRCP,0,,,a,
ASN00092045,19511218,PRCP,3,,,a,
ASN00092045,19511219,PRCP,10,,,a,
ASN00092045,19511220,PRCP,8,,,a,
ASN00092045,19511221,PRCP,5,,,a,
ASN00092045,19511222,PRCP,0,,,a,
ASN00092045,19511223,PRCP,0,,,a,
ASN00092045,19511224,PRCP,0,,,a,
ASN00092045,19511225,PRCP,0,,,a,
ASN00092045,19511226,PRCP,0,,,a,
ASN00092045,19511227,PRCP,0,,,a,
ASN00092045,19511228,PRCP,5,,,a,
ASN00092045,19511229,PRCP,0,,,a,
ASN00092045,19511230,PRCP,0,,,a,
ASN00092045,19511231,PRCP,0,,,a,
ASN00092045,19520101,PRCP,0,,,a,
ASN00092045,19520102,PRCP,0,,,a,
ASN00092045,19520103,PRCP,0,,,a,
ASN00092045,19520104,PRCP,0,,,a,
ASN00092045,19520105,PRCP,25,,,a,
ASN00092045,19520106,PRCP,0,,,a,
ASN00092045,19520107,PRCP,23,,,a,
ASN00092045,19520108,PRCP,71,,,a,
ASN00092045,19520109,PRCP,0,,,a,
ASN00092045,19520110,PRCP,0,,,a,
ASN00092045,19520111,PRCP,61,,,a,
ASN00092045,19520112,PRCP,8,,,a,
ASN00092045,19520113,PRCP,0,,,a,
ASN00092045,19520114,PRCP,0,,,a,
ASN00092045,19520115,PRCP,0,,,a,
ASN00092045,19520116,PRCP,0,,,a,
ASN00092045,19520117,PRCP,0,,,a,
ASN00092045,19520118,PRCP,0,,,a,
ASN00092045,19520119,PRCP,0,,,a,
ASN00092045,19520120,PRCP,0,,,a,
ASN00092045,19520121,PRCP,0,,,a,
ASN00092045,19520122,PRCP,0,,,a,
ASN00092045,19520123,PRCP,0,,,a,
ASN00092045,19520124,PRCP,0,,,a,
ASN00092045,19520125,PRCP,0,,,a,
ASN00092045,19520126,PRCP,0,,,a,
ASN00092045,19520127,PRCP,10,,,a,
ASN00092045,19520128,PRCP,0,,,a,
ASN00092045,19520129,PRCP,0,,,a,
ASN00092045,19520130,PRCP,0,,,a,
ASN00092045,19520131,PRCP,5,,,a,
ASN00092045,19520201,PRCP,5,,,a,
ASN00092045,19520202,PRCP,0,,,a,
ASN00092045,19520203,PRCP,0,,,a,
ASN00092045,19520204,PRCP,0,,,a,
ASN00092045,19520205,PRCP,0,,,a,
ASN00092045,19520206,PRCP,0,,,a,
ASN00092045,19520207,PRCP,0,,,a,
ASN00092045,19520208,PRCP,0,,,a,
ASN00092045,19520209,PRCP,0,,,a,
ASN00092045,19520210,PRCP,20,,,a,
ASN00092045,19520211,PRCP,8,,,a,
ASN00092045,19520212,PRCP,0,,,a,
ASN00092045,19520213,PRCP,0,,,a,
ASN00092045,19520214,PRCP,0,,,a,
ASN00092045,19520215,PRCP,0,,,a,
ASN00092045,19520216,PRCP,0,,,a,
ASN00092045,19520217,PRCP,10,,,a,
ASN00092045,19520218,PRCP,124,,,a,
ASN00092045,19520219,PRCP,0,,,a,
ASN00092045,19520220,PRCP,0,,,a,
ASN00092045,19520221,PRCP,0,,,a,
ASN00092045,19520222,PRCP,86,,,a,
ASN00092045,19520223,PRCP,343,,,a,
ASN00092045,19520224,PRCP,3,,,a,
ASN00092045,19520225,PRCP,0,,,a,
ASN00092045,19520226,PRCP,0,,,a,
ASN00092045,19520227,PRCP,43,,,a,
ASN00092045,19520228,PRCP,0,,,a,
ASN00092045,19520229,PRCP,3,,,a,
ASN00092045,19520301,PRCP,3,,,a,
ASN00092045,19520302,PRCP,0,,,a,
ASN00092045,19520303,PRCP,0,,,a,
ASN00092045,19520304,PRCP,0,,,a,
ASN00092045,19520305,PRCP,0,,,a,
ASN00092045,19520306,PRCP,0,,,a,
ASN00092045,19520307,PRCP,3,,,a,
ASN00092045,19520308,PRCP,0,,,a,
ASN00092045,19520309,PRCP,3,,,a,
ASN00092045,19520310,PRCP,3,,,a,
ASN00092045,19520311,PRCP,33,,,a,
ASN00092045,19520312,PRCP,3,,,a,
ASN00092045,19520313,PRCP,0,,,a,
ASN00092045,19520314,PRCP,0,,,a,
ASN00092045,19520315,PRCP,0,,,a,
ASN00092045,19520316,PRCP,0,,,a,
ASN00092045,19520317,PRCP,3,,,a,
ASN00092045,19520318,PRCP,0,,,a,
ASN00092045,19520319,PRCP,0,,,a,
ASN00092045,19520320,PRCP,0,,,a,
ASN00092045,19520321,PRCP,15,,,a,
ASN00092045,19520322,PRCP,0,,,a,
ASN00092045,19520323,PRCP,0,,,a,
ASN00092045,19520324,PRCP,0,,,a,
ASN00092045,19520325,PRCP,0,,,a,
ASN00092045,19520326,PRCP,0,,,a,
ASN00092045,19520327,PRCP,3,,,a,
ASN00092045,19520328,PRCP,0,,,a,
ASN00092045,19520329,PRCP,0,,,a,
ASN00092045,19520330,PRCP,0,,,a,
ASN00092045,19520331,PRCP,0,,,a,
ASN00092045,19520401,PRCP,56,,,a,
ASN00092045,19520402,PRCP,0,,,a,
ASN00092045,19520403,PRCP,0,,,a,
ASN00092045,19520404,PRCP,0,,,a,
ASN00092045,19520405,PRCP,0,,,a,
ASN00092045,19520406,PRCP,0,,,a,
ASN00092045,19520407,PRCP,15,,,a,
ASN00092045,19520408,PRCP,0,,,a,
ASN00092045,19520409,PRCP,10,,,a,
ASN00092045,19520410,PRCP,0,,,a,
ASN00092045,19520411,PRCP,3,,,a,
ASN00092045,19520412,PRCP,0,,,a,
ASN00092045,19520413,PRCP,0,,,a,
ASN00092045,19520414,PRCP,0,,,a,
ASN00092045,19520415,PRCP,5,,,a,
ASN00092045,19520416,PRCP,13,,,a,
ASN00092045,19520417,PRCP,10,,,a,
ASN00092045,19520418,PRCP,241,,,a,
ASN00092045,19520419,PRCP,366,,,a,
ASN00092045,19520420,PRCP,3,,,a,
ASN00092045,19520421,PRCP,0,,,a,
ASN00092045,19520422,PRCP,0,,,a,
ASN00092045,19520423,PRCP,30,,,a,
ASN00092045,19520424,PRCP,3,,,a,
ASN00092045,19520425,PRCP,0,,,a,
ASN00092045,19520426,PRCP,0,,,a,
ASN00092045,19520427,PRCP,3,,,a,
ASN00092045,19520428,PRCP,5,,,a,
ASN00092045,19520429,PRCP,36,,,a,
ASN00092045,19520430,PRCP,53,,,a,
ASN00092045,19520501,PRCP,8,,,a,
ASN00092045,19520502,PRCP,3,,,a,
ASN00092045,19520503,PRCP,0,,,a,
ASN00092045,19520504,PRCP,0,,,a,
ASN00092045,19520505,PRCP,3,,,a,
ASN00092045,19520506,PRCP,5,,,a,
ASN00092045,19520507,PRCP,0,,,a,
ASN00092045,19520508,PRCP,76,,,a,
ASN00092045,19520509,PRCP,20,,,a,
ASN00092045,19520510,PRCP,13,,,a,
ASN00092045,19520511,PRCP,3,,,a,
ASN00092045,19520512,PRCP,0,,,a,
ASN00092045,19520513,PRCP,41,,,a,
ASN00092045,19520514,PRCP,10,,,a,
ASN00092045,19520515,PRCP,498,,,a,
ASN00092045,19520516,PRCP,5,,,a,
ASN00092045,19520517,PRCP,58,,,a,
ASN00092045,19520518,PRCP,3,,,a,
ASN00092045,19520519,PRCP,64,,,a,
ASN00092045,19520520,PRCP,107,,,a,
ASN00092045,19520521,PRCP,0,,,a,
ASN00092045,19520522,PRCP,0,,,a,
ASN00092045,19520523,PRCP,3,,,a,
ASN00092045,19520524,PRCP,56,,,a,
ASN00092045,19520525,PRCP,76,,,a,
ASN00092045,19520526,PRCP,71,,,a,
ASN00092045,19520527,PRCP,160,,,a,
ASN00092045,19520528,PRCP,0,,,a,
ASN00092045,19520529,PRCP,33,,,a,
ASN00092045,19520530,PRCP,25,,,a,
ASN00092045,19520531,PRCP,107,,,a,
ASN00092045,19520601,PRCP,89,,,a,
ASN00092045,19520602,PRCP,15,,,a,
ASN00092045,19520603,PRCP,152,,,a,
ASN00092045,19520604,PRCP,5,,,a,
ASN00092045,19520605,PRCP,64,,,a,
ASN00092045,19520606,PRCP,8,,,a,
ASN00092045,19520607,PRCP,8,,,a,
ASN00092045,19520608,PRCP,0,,,a,
ASN00092045,19520609,PRCP,0,,,a,
ASN00092045,19520610,PRCP,0,,,a,
ASN00092045,19520611,PRCP,3,,,a,
ASN00092045,19520612,PRCP,0,,,a,
ASN00092045,19520613,PRCP,183,,,a,
ASN00092045,19520614,PRCP,64,,,a,
ASN00092045,19520615,PRCP,20,,,a,
ASN00092045,19520616,PRCP,3,,,a,
ASN00092045,19520617,PRCP,361,,,a,
ASN00092045,19520618,PRCP,71,,,a,
ASN00092045,19520619,PRCP,18,,,a,
ASN00092045,19520620,PRCP,25,,,a,
ASN00092045,19520621,PRCP,36,,,a,
ASN00092045,19520622,PRCP,30,,,a,
ASN00092045,19520623,PRCP,3,,,a,
ASN00092045,19520624,PRCP,8,,,a,
ASN00092045,19520625,PRCP,419,,,a,
ASN00092045,19520626,PRCP,13,,,a,
ASN00092045,19520627,PRCP,3,,,a,
ASN00092045,19520628,PRCP,46,,,a,
ASN00092045,19520629,PRCP,104,,,a,
ASN00092045,19520630,PRCP,0,,,a,
ASN00092045,19520701,PRCP,0,,,a,
ASN00092045,19520702,PRCP,3,,,a,
ASN00092045,19520703,PRCP,8,,,a,
ASN00092045,19520704,PRCP,89,,,a,
ASN00092045,19520705,PRCP,18,,,a,
ASN00092045,19520706,PRCP,0,,,a,
ASN00092045,19520707,PRCP,0,,,a,
ASN00092045,19520708,PRCP,3,,,a,
ASN00092045,19520709,PRCP,3,,,a,
ASN00092045,19520710,PRCP,3,,,a,
ASN00092045,19520711,PRCP,0,,,a,
ASN00092045,19520712,PRCP,43,,,a,
ASN00092045,19520713,PRCP,33,,,a,
ASN00092045,19520714,PRCP,112,,,a,
ASN00092045,19520715,PRCP,36,,,a,
ASN00092045,19520716,PRCP,5,,,a,
ASN00092045,19520717,PRCP,203,,,a,
ASN00092045,19520718,PRCP,10,,,a,
ASN00092045,19520719,PRCP,0,,,a,
ASN00092045,19520720,PRCP,0,,,a,
ASN00092045,19520721,PRCP,0,,,a,
ASN00092045,19520722,PRCP,38,,,a,
ASN00092045,19520723,PRCP,0,,,a,
ASN00092045,19520724,PRCP,0,,,a,
ASN00092045,19520725,PRCP,3,,,a,
ASN00092045,19520726,PRCP,46,,,a,
ASN00092045,19520727,PRCP,23,,,a,
ASN00092045,19520728,PRCP,8,,,a,
ASN00092045,19520729,PRCP,0,,,a,
ASN00092045,19520730,PRCP,5,,,a,
ASN00092045,19520731,PRCP,18,,,a,
ASN00092045,19520801,PRCP,0,,,a,
ASN00092045,19520802,PRCP,0,,,a,
ASN00092045,19520803,PRCP,0,,,a,
ASN00092045,19520804,PRCP,3,,,a,
ASN00092045,19520805,PRCP,15,,,a,
ASN00092045,19520806,PRCP,10,,,a,
ASN00092045,19520807,PRCP,8,,,a,
ASN00092045,19520808,PRCP,13,,,a,
ASN00092045,19520809,PRCP,41,,,a,
ASN00092045,19520810,PRCP,18,,,a,
ASN00092045,19520811,PRCP,152,,,a,
ASN00092045,19520812,PRCP,71,,,a,
ASN00092045,19520813,PRCP,8,,,a,
ASN00092045,19520814,PRCP,0,,,a,
ASN00092045,19520815,PRCP,0,,,a,
ASN00092045,19520816,PRCP,0,,,a,
ASN00092045,19520817,PRCP,5,,,a,
ASN00092045,19520818,PRCP,3,,,a,
ASN00092045,19520819,PRCP,71,,,a,
ASN00092045,19520820,PRCP,3,,,a,
ASN00092045,19520821,PRCP,3,,,a,
ASN00092045,19520822,PRCP,0,,,a,
ASN00092045,19520823,PRCP,5,,,a,
ASN00092045,19520824,PRCP,56,,,a,
ASN00092045,19520825,PRCP,23,,,a,
ASN00092045,19520826,PRCP,0,,,a,
ASN00092045,19520827,PRCP,0,,,a,
ASN00092045,19520828,PRCP,0,,,a,
ASN00092045,19520829,PRCP,0,,,a,
ASN00092045,19520830,PRCP,0,,,a,
ASN00092045,19520831,PRCP,10,,,a,
ASN00092045,19520901,PRCP,0,,,a,
ASN00092045,19520902,PRCP,0,,,a,
ASN00092045,19520903,PRCP,18,,,a,
ASN00092045,19520904,PRCP,3,,,a,
ASN00092045,19520905,PRCP,0,,,a,
ASN00092045,19520906,PRCP,43,,,a,
ASN00092045,19520907,PRCP,0,,,a,
ASN00092045,19520908,PRCP,0,,,a,
ASN00092045,19520909,PRCP,109,,,a,
ASN00092045,19520910,PRCP,18,,,a,
ASN00092045,19520911,PRCP,0,,,a,
ASN00092045,19520912,PRCP,0,,,a,
ASN00092045,19520913,PRCP,3,,,a,
ASN00092045,19520914,PRCP,3,,,a,
ASN00092045,19520915,PRCP,5,,,a,
ASN00092045,19520916,PRCP,5,,,a,
ASN00092045,19520917,PRCP,38,,,a,
ASN00092045,19520918,PRCP,61,,,a,
ASN00092045,19520919,PRCP,64,,,a,
ASN00092045,19520920,PRCP,13,,,a,
ASN00092045,19520921,PRCP,84,,,a,
ASN00092045,19520922,PRCP,84,,,a,
ASN00092045,19520923,PRCP,5,,,a,
ASN00092045,19520924,PRCP,0,,,a,
ASN00092045,19520925,PRCP,3,,,a,
ASN00092045,19520926,PRCP,0,,,a,
ASN00092045,19520927,PRCP,0,,,a,
ASN00092045,19520928,PRCP,0,,,a,
ASN00092045,19520929,PRCP,3,,,a,
ASN00092045,19520930,PRCP,0,,,a,
ASN00092045,19521001,PRCP,41,,,a,
ASN00092045,19521002,PRCP,79,,,a,
ASN00092045,19521003,PRCP,15,,,a,
ASN00092045,19521004,PRCP,0,,,a,
ASN00092045,19521005,PRCP,0,,,a,
ASN00092045,19521006,PRCP,0,,,a,
ASN00092045,19521007,PRCP,3,,,a,
ASN00092045,19521008,PRCP,0,,,a,
ASN00092045,19521009,PRCP,0,,,a,
ASN00092045,19521010,PRCP,254,,,a,
ASN00092045,19521011,PRCP,3,,,a,
ASN00092045,19521012,PRCP,104,,,a,
ASN00092045,19521013,PRCP,13,,,a,
ASN00092045,19521014,PRCP,0,,,a,
ASN00092045,19521015,PRCP,3,,,a,
ASN00092045,19521016,PRCP,119,,,a,
ASN00092045,19521017,PRCP,99,,,a,
ASN00092045,19521018,PRCP,10,,,a,
ASN00092045,19521019,PRCP,3,,,a,
ASN00092045,19521020,PRCP,3,,,a,
ASN00092045,19521021,PRCP,3,,,a,
ASN00092045,19521022,PRCP,3,,,a,
ASN00092045,19521023,PRCP,0,,,a,
ASN00092045,19521024,PRCP,0,,,a,
ASN00092045,19521025,PRCP,8,,,a,
ASN00092045,19521026,PRCP,30,,,a,
ASN00092045,19521027,PRCP,292,,,a,
ASN00092045,19521028,PRCP,305,,,a,
ASN00092045,19521029,PRCP,20,,,a,
ASN00092045,19521030,PRCP,64,,,a,
ASN00092045,19521031,PRCP,0,,,a,
ASN00092045,19521101,PRCP,8,,,a,
ASN00092045,19521102,PRCP,74,,,a,
ASN00092045,19521103,PRCP,36,,,a,
ASN00092045,19521104,PRCP,10,,,a,
ASN00092045,19521105,PRCP,3,,,a,
ASN00092045,19521106,PRCP,254,,,a,
ASN00092045,19521107,PRCP,46,,,a,
ASN00092045,19521108,PRCP,5,,,a,
ASN00092045,19521109,PRCP,701,,,a,
ASN00092045,19521110,PRCP,132,,,a,
ASN00092045,19521111,PRCP,13,,,a,
ASN00092045,19521112,PRCP,3,,,a,
ASN00092045,19521113,PRCP,0,,,a,
ASN00092045,19521114,PRCP,0,,,a,
ASN00092045,19521115,PRCP,15,,,a,
ASN00092045,19521116,PRCP,102,,,a,
ASN00092045,19521117,PRCP,3,,,a,
ASN00092045,19521118,PRCP,0,,,a,
ASN00092045,19521119,PRCP,5,,,a,
ASN00092045,19521120,PRCP,23,,,a,
ASN00092045,19521121,PRCP,5,,,a,
ASN00092045,19521122,PRCP,0,,,a,
ASN00092045,19521123,PRCP,0,,,a,
ASN00092045,19521124,PRCP,13,,,a,
ASN00092045,19521125,PRCP,0,,,a,
ASN00092045,19521126,PRCP,5,,,a,
ASN00092045,19521127,PRCP,109,,,a,
ASN00092045,19521128,PRCP,0,,,a,
ASN00092045,19521129,PRCP,0,,,a,
ASN00092045,19521130,PRCP,0,,,a,
ASN00092045,19521201,PRCP,5,,,a,
ASN00092045,19521202,PRCP,0,,,a,
ASN00092045,19521203,PRCP,8,,,a,
ASN00092045,19521204,PRCP,18,,,a,
ASN00092045,19521205,PRCP,0,,,a,
ASN00092045,19521206,PRCP,28,,,a,
ASN00092045,19521207,PRCP,8,,,a,
ASN00092045,19521208,PRCP,0,,,a,
ASN00092045,19521209,PRCP,3,,,a,
ASN00092045,19521210,PRCP,0,,,a,
ASN00092045,19521211,PRCP,64,,,a,
ASN00092045,19521212,PRCP,18,,,a,
ASN00092045,19521213,PRCP,5,,,a,
ASN00092045,19521214,PRCP,3,,,a,
ASN00092045,19521215,PRCP,0,,,a,
ASN00092045,19521216,PRCP,3,,,a,
ASN00092045,19521217,PRCP,3,,,a,
ASN00092045,19521218,PRCP,3,,,a,
ASN00092045,19521219,PRCP,0,,,a,
ASN00092045,19521220,PRCP,3,,,a,
ASN00092045,19521221,PRCP,0,,,a,
ASN00092045,19521222,PRCP,0,,,a,
ASN00092045,19521223,PRCP,0,,,a,
ASN00092045,19521224,PRCP,3,,,a,
ASN00092045,19521225,PRCP,5,,,a,
ASN00092045,19521226,PRCP,38,,,a,
ASN00092045,19521227,PRCP,25,,,a,
ASN00092045,19521228,PRCP,0,,,a,
ASN00092045,19521229,PRCP,0,,,a,
ASN00092045,19521230,PRCP,3,,,a,
ASN00092045,19521231,PRCP,0,,,a,
ASN00092045,19530101,PRCP,3,,,a,
ASN00092045,19530102,PRCP,0,,,a,
ASN00092045,19530103,PRCP,0,,,a,
ASN00092045,19530104,PRCP,0,,,a,
ASN00092045,19530105,PRCP,0,,,a,
ASN00092045,19530106,PRCP,191,,,a,
ASN00092045,19530107,PRCP,3,,,a,
ASN00092045,19530108,PRCP,5,,,a,
ASN00092045,19530109,PRCP,28,,,a,
ASN00092045,19530110,PRCP,3,,,a,
ASN00092045,19530111,PRCP,3,,,a,
ASN00092045,19530112,PRCP,0,,,a,
ASN00092045,19530113,PRCP,0,,,a,
ASN00092045,19530114,PRCP,0,,,a,
ASN00092045,19530115,PRCP,180,,,a,
ASN00092045,19530116,PRCP,3,,,a,
ASN00092045,19530117,PRCP,0,,,a,
ASN00092045,19530118,PRCP,0,,,a,
ASN00092045,19530119,PRCP,0,,,a,
ASN00092045,19530120,PRCP,0,,,a,
ASN00092045,19530121,PRCP,0,,,a,
ASN00092045,19530122,PRCP,0,,,a,
ASN00092045,19530123,PRCP,0,,,a,
ASN00092045,19530124,PRCP,3,,,a,
ASN00092045,19530125,PRCP,5,,,a,
ASN00092045,19530126,PRCP,0,,,a,
ASN00092045,19530127,PRCP,0,,,a,
ASN00092045,19530128,PRCP,0,,,a,
ASN00092045,19530129,PRCP,0,,,a,
ASN00092045,19530130,PRCP,0,,,a,
ASN00092045,19530131,PRCP,0,,,a,
ASN00092045,19530201,PRCP,0,,,a,
ASN00092045,19530202,PRCP,0,,,a,
ASN00092045,19530203,PRCP,3,,,a,
ASN00092045,19530204,PRCP,0,,,a,
ASN00092045,19530205,PRCP,0,,,a,
ASN00092045,19530206,PRCP,114,,,a,
ASN00092045,19530207,PRCP,8,,,a,
ASN00092045,19530208,PRCP,0,,,a,
ASN00092045,19530209,PRCP,5,,,a,
ASN00092045,19530210,PRCP,0,,,a,
ASN00092045,19530211,PRCP,0,,,a,
ASN00092045,19530212,PRCP,0,,,a,
ASN00092045,19530213,PRCP,0,,,a,
ASN00092045,19530214,PRCP,0,,,a,
ASN00092045,19530215,PRCP,0,,,a,
ASN00092045,19530216,PRCP,0,,,a,
ASN00092045,19530217,PRCP,0,,,a,
ASN00092045,19530218,PRCP,0,,,a,
ASN00092045,19530219,PRCP,0,,,a,
ASN00092045,19530220,PRCP,0,,,a,
ASN00092045,19530221,PRCP,0,,,a,
ASN00092045,19530222,PRCP,0,,,a,
ASN00092045,19530223,PRCP,3,,,a,
ASN00092045,19530224,PRCP,5,,,a,
ASN00092045,19530225,PRCP,0,,,a,
ASN00092045,19530226,PRCP,18,,,a,
ASN00092045,19530227,PRCP,0,,,a,
ASN00092045,19530228,PRCP,0,,,a,
ASN00092045,19530301,PRCP,99,,,a,
ASN00092045,19530302,PRCP,0,,,a,
ASN00092045,19530303,PRCP,0,,,a,
ASN00092045,19530304,PRCP,0,,,a,
ASN00092045,19530305,PRCP,0,,,a,
ASN00092045,19530306,PRCP,3,,,a,
ASN00092045,19530307,PRCP,0,,,a,
ASN00092045,19530308,PRCP,0,,,a,
ASN00092045,19530309,PRCP,0,,,a,
ASN00092045,19530310,PRCP,0,,,a,
ASN00092045,19530311,PRCP,15,,,a,
ASN00092045,19530312,PRCP,0,,,a,
ASN00092045,19530313,PRCP,0,,,a,
ASN00092045,19530314,PRCP,0,,,a,
ASN00092045,19530315,PRCP,5,,,a,
ASN00092045,19530316,PRCP,0,,,a,
ASN00092045,19530317,PRCP,0,,,a,
ASN00092045,19530318,PRCP,0,,,a,
ASN00092045,19530319,PRCP,0,,,a,
ASN00092045,19530320,PRCP,0,,,a,
ASN00092045,19530321,PRCP,15,,,a,
ASN00092045,19530322,PRCP,18,,,a,
ASN00092045,19530323,PRCP,0,,,a,
ASN00092045,19530324,PRCP,0,,,a,
ASN00092045,19530325,PRCP,3,,,a,
ASN00092045,19530326,PRCP,0,,,a,
ASN00092045,19530327,PRCP,0,,,a,
ASN00092045,19530328,PRCP,0,,,a,
ASN00092045,19530329,PRCP,13,,,a,
ASN00092045,19530330,PRCP,0,,,a,
ASN00092045,19530331,PRCP,84,,,a,
ASN00092045,19530401,PRCP,3,,,a,
ASN00092045,19530402,PRCP,91,,,a,
ASN00092045,19530403,PRCP,0,,,a,
ASN00092045,19530404,PRCP,23,,,a,
ASN00092045,19530405,PRCP,10,,,a,
ASN00092045,19530406,PRCP,5,,,a,
ASN00092045,19530407,PRCP,0,,,a,
ASN00092045,19530408,PRCP,0,,,a,
ASN00092045,19530409,PRCP,3,,,a,
ASN00092045,19530410,PRCP,0,,,a,
ASN00092045,19530411,PRCP,0,,,a,
ASN00092045,19530412,PRCP,0,,,a,
ASN00092045,19530413,PRCP,3,,,a,
ASN00092045,19530414,PRCP,3,,,a,
ASN00092045,19530415,PRCP,0,,,a,
ASN00092045,19530416,PRCP,3,,,a,
ASN00092045,19530417,PRCP,36,,,a,
ASN00092045,19530418,PRCP,13,,,a,
ASN00092045,19530419,PRCP,0,,,a,
ASN00092045,19530420,PRCP,0,,,a,
ASN00092045,19530421,PRCP,0,,,a,
ASN00092045,19530422,PRCP,0,,,a,
ASN00092045,19530423,PRCP,94,,,a,
ASN00092045,19530424,PRCP,0,,,a,
ASN00092045,19530425,PRCP,0,,,a,
ASN00092045,19530426,PRCP,0,,,a,
ASN00092045,19530427,PRCP,84,,,a,
ASN00092045,19530428,PRCP,8,,,a,
ASN00092045,19530429,PRCP,5,,,a,
ASN00092045,19530430,PRCP,0,,,a,
ASN00092045,19530501,PRCP,0,,,a,
ASN00092045,19530502,PRCP,5,,,a,
ASN00092045,19530503,PRCP,3,,,a,
ASN00092045,19530504,PRCP,0,,,a,
ASN00092045,19530505,PRCP,3,,,a,
ASN00092045,19530506,PRCP,13,,,a,
ASN00092045,19530507,PRCP,8,,,a,
ASN00092045,19530508,PRCP,3,,,a,
ASN00092045,19530509,PRCP,5,,,a,
ASN00092045,19530510,PRCP,3,,,a,
ASN00092045,19530511,PRCP,0,,,a,
ASN00092045,19530512,PRCP,119,,,a,
ASN00092045,19530513,PRCP,76,,,a,
ASN00092045,19530514,PRCP,0,,,a,
ASN00092045,19530515,PRCP,0,,,a,
ASN00092045,19530516,PRCP,3,,,a,
ASN00092045,19530517,PRCP,15,,,a,
ASN00092045,19530518,PRCP,10,,,a,
ASN00092045,19530519,PRCP,91,,,a,
ASN00092045,19530520,PRCP,25,,,a,
ASN00092045,19530521,PRCP,0,,,a,
ASN00092045,19530522,PRCP,5,,,a,
ASN00092045,19530523,PRCP,107,,,a,
ASN00092045,19530524,PRCP,89,,,a,
ASN00092045,19530525,PRCP,8,,,a,
ASN00092045,19530526,PRCP,0,,,a,
ASN00092045,19530527,PRCP,51,,,a,
ASN00092045,19530528,PRCP,0,,,a,
ASN00092045,19530529,PRCP,0,,,a,
ASN00092045,19530530,PRCP,0,,,a,
ASN00092045,19530531,PRCP,20,,,a,
ASN00092045,19530601,PRCP,25,,,a,
ASN00092045,19530602,PRCP,0,,,a,
ASN00092045,19530603,PRCP,0,,,a,
ASN00092045,19530604,PRCP,8,,,a,
ASN00092045,19530605,PRCP,0,,,a,
ASN00092045,19530606,PRCP,8,,,a,
ASN00092045,19530607,PRCP,3,,,a,
ASN00092045,19530608,PRCP,0,,,a,
ASN00092045,19530609,PRCP,3,,,a,
ASN00092045,19530610,PRCP,74,,,a,
ASN00092045,19530611,PRCP,3,,,a,
ASN00092045,19530612,PRCP,25,,,a,
ASN00092045,19530613,PRCP,112,,,a,
ASN00092045,19530614,PRCP,3,,,a,
ASN00092045,19530615,PRCP,0,,,a,
ASN00092045,19530616,PRCP,0,,,a,
ASN00092045,19530617,PRCP,25,,,a,
ASN00092045,19530618,PRCP,0,,,a,
ASN00092045,19530619,PRCP,0,,,a,
ASN00092045,19530620,PRCP,13,,,a,
ASN00092045,19530621,PRCP,58,,,a,
ASN00092045,19530622,PRCP,79,,,a,
ASN00092045,19530623,PRCP,0,,,a,
ASN00092045,19530624,PRCP,0,,,a,
ASN00092045,19530625,PRCP,23,,,a,
ASN00092045,19530626,PRCP,3,,,a,
ASN00092045,19530627,PRCP,0,,,a,
ASN00092045,19530628,PRCP,25,,,a,
ASN00092045,19530629,PRCP,0,,,a,
ASN00092045,19530630,PRCP,0,,,a,
ASN00092045,19530701,PRCP,38,,,a,
ASN00092045,19530702,PRCP,0,,,a,
ASN00092045,19530703,PRCP,0,,,a,
ASN00092045,19530704,PRCP,0,,,a,
ASN00092045,19530705,PRCP,0,,,a,
ASN00092045,19530706,PRCP,0,,,a,
ASN00092045,19530707,PRCP,23,,,a,
ASN00092045,19530708,PRCP,23,,,a,
ASN00092045,19530709,PRCP,0,,,a,
ASN00092045,19530710,PRCP,0,,,a,
ASN00092045,19530711,PRCP,0,,,a,
ASN00092045,19530712,PRCP,0,,,a,
ASN00092045,19530713,PRCP,0,,,a,
ASN00092045,19530714,PRCP,8,,,a,
ASN00092045,19530715,PRCP,5,,,a,
ASN00092045,19530716,PRCP,33,,,a,
ASN00092045,19530717,PRCP,0,,,a,
ASN00092045,19530718,PRCP,8,,,a,
ASN00092045,19530719,PRCP,5,,,a,
ASN00092045,19530720,PRCP,71,,,a,
ASN00092045,19530721,PRCP,8,,,a,
ASN00092045,19530722,PRCP,20,,,a,
ASN00092045,19530723,PRCP,109,,,a,
ASN00092045,19530724,PRCP,8,,,a,
ASN00092045,19530725,PRCP,5,,,a,
ASN00092045,19530726,PRCP,0,,,a,
ASN00092045,19530727,PRCP,0,,,a,
ASN00092045,19530728,PRCP,13,,,a,
ASN00092045,19530729,PRCP,0,,,a,
ASN00092045,19530730,PRCP,5,,,a,
ASN00092045,19530731,PRCP,51,,,a,
ASN00092045,19530801,PRCP,104,,,a,
ASN00092045,19530802,PRCP,0,,,a,
ASN00092045,19530803,PRCP,0,,,a,
ASN00092045,19530804,PRCP,5,,,a,
ASN00092045,19530805,PRCP,46,,,a,
ASN00092045,19530806,PRCP,94,,,a,
ASN00092045,19530807,PRCP,18,,,a,
ASN00092045,19530808,PRCP,3,,,a,
ASN00092045,19530809,PRCP,10,,,a,
ASN00092045,19530810,PRCP,43,,,a,
ASN00092045,19530811,PRCP,0,,,a,
ASN00092045,19530812,PRCP,10,,,a,
ASN00092045,19530813,PRCP,0,,,a,
ASN00092045,19530814,PRCP,15,,,a,
ASN00092045,19530815,PRCP,61,,,a,
ASN00092045,19530816,PRCP,38,,,a,
ASN00092045,19530817,PRCP,8,,,a,
ASN00092045,19530818,PRCP,3,,,a,
ASN00092045,19530819,PRCP,0,,,a,
ASN00092045,19530820,PRCP,0,,,a,
ASN00092045,19530821,PRCP,5,,,a,
ASN00092045,19530822,PRCP,3,,,a,
ASN00092045,19530823,PRCP,3,,,a,
ASN00092045,19530824,PRCP,0,,,a,
ASN00092045,19530825,PRCP,23,,,a,
ASN00092045,19530826,PRCP,0,,,a,
ASN00092045,19530827,PRCP,38,,,a,
ASN00092045,19530828,PRCP,69,,,a,
ASN00092045,19530829,PRCP,8,,,a,
ASN00092045,19530830,PRCP,36,,,a,
ASN00092045,19530831,PRCP,38,,,a,
ASN00092045,19530901,PRCP,109,,,a,
ASN00092045,19530902,PRCP,30,,,a,
ASN00092045,19530903,PRCP,0,,,a,
ASN00092045,19530904,PRCP,0,,,a,
ASN00092045,19530905,PRCP,5,,,a,
ASN00092045,19530906,PRCP,107,,,a,
ASN00092045,19530907,PRCP,61,,,a,
ASN00092045,19530908,PRCP,0,,,a,
ASN00092045,19530909,PRCP,18,,,a,
ASN00092045,19530910,PRCP,3,,,a,
ASN00092045,19530911,PRCP,20,,,a,
ASN00092045,19530912,PRCP,3,,,a,
ASN00092045,19530913,PRCP,0,,,a,
ASN00092045,19530914,PRCP,0,,,a,
ASN00092045,19530915,PRCP,0,,,a,
ASN00092045,19530916,PRCP,0,,,a,
ASN00092045,19530917,PRCP,0,,,a,
ASN00092045,19530918,PRCP,3,,,a,
ASN00092045,19530919,PRCP,23,,,a,
ASN00092045,19530920,PRCP,30,,,a,
ASN00092045,19530921,PRCP,102,,,a,
ASN00092045,19530922,PRCP,0,,,a,
ASN00092045,19530923,PRCP,0,,,a,
ASN00092045,19530924,PRCP,0,,,a,
ASN00092045,19530925,PRCP,71,,,a,
ASN00092045,19530926,PRCP,3,,,a,
ASN00092045,19530927,PRCP,0,,,a,
ASN00092045,19530928,PRCP,0,,,a,
ASN00092045,19530929,PRCP,0,,,a,
ASN00092045,19530930,PRCP,241,,,a,
ASN00092045,19531001,PRCP,20,,,a,
ASN00092045,19531002,PRCP,41,,,a,
ASN00092045,19531003,PRCP,0,,,a,
ASN00092045,19531004,PRCP,0,,,a,
ASN00092045,19531005,PRCP,71,,,a,
ASN00092045,19531006,PRCP,5,,,a,
ASN00092045,19531007,PRCP,0,,,a,
ASN00092045,19531008,PRCP,20,,,a,
ASN00092045,19531009,PRCP,0,,,a,
ASN00092045,19531010,PRCP,56,,,a,
ASN00092045,19531011,PRCP,30,,,a,
ASN00092045,19531012,PRCP,0,,,a,
ASN00092045,19531013,PRCP,0,,,a,
ASN00092045,19531014,PRCP,5,,,a,
ASN00092045,19531015,PRCP,0,,,a,
ASN00092045,19531016,PRCP,0,,,a,
ASN00092045,19531017,PRCP,0,,,a,
ASN00092045,19531018,PRCP,0,,,a,
ASN00092045,19531019,PRCP,0,,,a,
ASN00092045,19531020,PRCP,3,,,a,
ASN00092045,19531021,PRCP,343,,,a,
ASN00092045,19531022,PRCP,211,,,a,
ASN00092045,19531023,PRCP,0,,,a,
ASN00092045,19531024,PRCP,0,,,a,
ASN00092045,19531025,PRCP,0,,,a,
ASN00092045,19531026,PRCP,0,,,a,
ASN00092045,19531027,PRCP,0,,,a,
ASN00092045,19531028,PRCP,0,,,a,
ASN00092045,19531029,PRCP,64,,,a,
ASN00092045,19531030,PRCP,71,,,a,
ASN00092045,19531031,PRCP,0,,,a,
ASN00092045,19531101,PRCP,5,,,a,
ASN00092045,19531102,PRCP,318,,,a,
ASN00092045,19531103,PRCP,20,,,a,
ASN00092045,19531104,PRCP,8,,,a,
ASN00092045,19531105,PRCP,13,,,a,
ASN00092045,19531106,PRCP,211,,,a,
ASN00092045,19531107,PRCP,0,,,a,
ASN00092045,19531108,PRCP,13,,,a,
ASN00092045,19531109,PRCP,10,,,a,
ASN00092045,19531110,PRCP,0,,,a,
ASN00092045,19531111,PRCP,0,,,a,
ASN00092045,19531112,PRCP,0,,,a,
ASN00092045,19531113,PRCP,0,,,a,
ASN00092045,19531114,PRCP,0,,,a,
ASN00092045,19531115,PRCP,10,,,a,
ASN00092045,19531116,PRCP,0,,,a,
ASN00092045,19531117,PRCP,0,,,a,
ASN00092045,19531118,PRCP,0,,,a,
ASN00092045,19531119,PRCP,0,,,a,
ASN00092045,19531120,PRCP,0,,,a,
ASN00092045,19531121,PRCP,0,,,a,
ASN00092045,19531122,PRCP,0,,,a,
ASN00092045,19531123,PRCP,0,,,a,
ASN00092045,19531124,PRCP,10,,,a,
ASN00092045,19531125,PRCP,0,,,a,
ASN00092045,19531126,PRCP,0,,,a,
ASN00092045,19531127,PRCP,64,,,a,
ASN00092045,19531128,PRCP,69,,,a,
ASN00092045,19531129,PRCP,13,,,a,
ASN00092045,19531130,PRCP,28,,,a,
ASN00092045,19531201,PRCP,0,,,a,
ASN00092045,19531202,PRCP,0,,,a,
ASN00092045,19531203,PRCP,0,,,a,
ASN00092045,19531204,PRCP,0,,,a,
ASN00092045,19531205,PRCP,0,,,a,
ASN00092045,19531206,PRCP,0,,,a,
ASN00092045,19531207,PRCP,119,,,a,
ASN00092045,19531208,PRCP,25,,,a,
ASN00092045,19531209,PRCP,8,,,a,
ASN00092045,19531210,PRCP,13,,,a,
ASN00092045,19531211,PRCP,46,,,a,
ASN00092045,19531212,PRCP,0,,,a,
ASN00092045,19531213,PRCP,0,,,a,
ASN00092045,19531214,PRCP,0,,,a,
ASN00092045,19531215,PRCP,0,,,a,
ASN00092045,19531216,PRCP,28,,,a,
ASN00092045,19531217,PRCP,0,,,a,
ASN00092045,19531218,PRCP,0,,,a,
ASN00092045,19531219,PRCP,0,,,a,
ASN00092045,19531220,PRCP,0,,,a,
ASN00092045,19531221,PRCP,5,,,a,
ASN00092045,19531222,PRCP,10,,,a,
ASN00092045,19531223,PRCP,0,,,a,
ASN00092045,19531224,PRCP,0,,,a,
ASN00092045,19531225,PRCP,3,,,a,
ASN00092045,19531226,PRCP,0,,,a,
ASN00092045,19531227,PRCP,36,,,a,
ASN00092045,19531228,PRCP,8,,,a,
ASN00092045,19531229,PRCP,0,,,a,
ASN00092045,19531230,PRCP,3,,,a,
ASN00092045,19531231,PRCP,23,,,a,
ASN00092045,19540101,PRCP,0,,,a,
ASN00092045,19540102,PRCP,23,,,a,
ASN00092045,19540103,PRCP,0,,,a,
ASN00092045,19540104,PRCP,0,,,a,
ASN00092045,19540105,PRCP,0,,,a,
ASN00092045,19540106,PRCP,0,,,a,
ASN00092045,19540107,PRCP,0,,,a,
ASN00092045,19540108,PRCP,0,,,a,
ASN00092045,19540109,PRCP,0,,,a,
ASN00092045,19540110,PRCP,0,,,a,
ASN00092045,19540111,PRCP,0,,,a,
ASN00092045,19540112,PRCP,0,,,a,
ASN00092045,19540113,PRCP,0,,,a,
ASN00092045,19540114,PRCP,0,,,a,
ASN00092045,19540115,PRCP,3,,,a,
ASN00092045,19540116,PRCP,0,,,a,
ASN00092045,19540117,PRCP,0,,,a,
ASN00092045,19540118,PRCP,0,,,a,
ASN00092045,19540119,PRCP,0,,,a,
ASN00092045,19540120,PRCP,0,,,a,
ASN00092045,19540121,PRCP,0,,,a,
ASN00092045,19540122,PRCP,0,,,a,
ASN00092045,19540123,PRCP,3,,,a,
ASN00092045,19540124,PRCP,10,,,a,
ASN00092045,19540125,PRCP,5,,,a,
ASN00092045,19540126,PRCP,3,,,a,
ASN00092045,19540127,PRCP,0,,,a,
ASN00092045,19540128,PRCP,46,,,a,
ASN00092045,19540129,PRCP,0,,,a,
ASN00092045,19540130,PRCP,0,,,a,
ASN00092045,19540131,PRCP,46,,,a,
ASN00092045,19540201,PRCP,114,,,a,
ASN00092045,19540202,PRCP,36,,,a,
ASN00092045,19540203,PRCP,175,,,a,
ASN00092045,19540204,PRCP,0,,,a,
ASN00092045,19540205,PRCP,0,,,a,
ASN00092045,19540206,PRCP,0,,,a,
ASN00092045,19540207,PRCP,0,,,a,
ASN00092045,19540208,PRCP,0,,,a,
ASN00092045,19540209,PRCP,0,,,a,
ASN00092045,19540210,PRCP,20,,,a,
ASN00092045,19540211,PRCP,0,,,a,
ASN00092045,19540212,PRCP,0,,,a,
ASN00092045,19540213,PRCP,0,,,a,
ASN00092045,19540214,PRCP,18,,,a,
ASN00092045,19540215,PRCP,20,,,a,
ASN00092045,19540216,PRCP,0,,,a,
ASN00092045,19540217,PRCP,30,,,a,
ASN00092045,19540218,PRCP,0,,,a,
ASN00092045,19540219,PRCP,0,,,a,
ASN00092045,19540220,PRCP,0,,,a,
ASN00092045,19540221,PRCP,33,,,a,
ASN00092045,19540222,PRCP,38,,,a,
ASN00092045,19540223,PRCP,23,,,a,
ASN00092045,19540224,PRCP,56,,,a,
ASN00092045,19540225,PRCP,0,,,a,
ASN00092045,19540226,PRCP,0,,,a,
ASN00092045,19540227,PRCP,0,,,a,
ASN00092045,19540228,PRCP,0,,,a,
ASN00092045,19540301,PRCP,0,,,a,
ASN00092045,19540302,PRCP,0,,,a,
ASN00092045,19540303,PRCP,0,,,a,
ASN00092045,19540304,PRCP,0,,,a,
ASN00092045,19540305,PRCP,38,,,a,
ASN00092045,19540306,PRCP,3,,,a,
ASN00092045,19540307,PRCP,5,,,a,
ASN00092045,19540308,PRCP,0,,,a,
ASN00092045,19540309,PRCP,0,,,a,
ASN00092045,19540310,PRCP,0,,,a,
ASN00092045,19540311,PRCP,0,,,a,
ASN00092045,19540312,PRCP,0,,,a,
ASN00092045,19540313,PRCP,0,,,a,
ASN00092045,19540314,PRCP,0,,,a,
ASN00092045,19540315,PRCP,0,,,a,
ASN00092045,19540316,PRCP,10,,,a,
ASN00092045,19540317,PRCP,0,,,a,
ASN00092045,19540318,PRCP,0,,,a,
ASN00092045,19540319,PRCP,15,,,a,
ASN00092045,19540320,PRCP,58,,,a,
ASN00092045,19540321,PRCP,0,,,a,
ASN00092045,19540322,PRCP,20,,,a,
ASN00092045,19540323,PRCP,13,,,a,
ASN00092045,19540324,PRCP,0,,,a,
ASN00092045,19540325,PRCP,0,,,a,
ASN00092045,19540326,PRCP,0,,,a,
ASN00092045,19540327,PRCP,0,,,a,
ASN00092045,19540328,PRCP,0,,,a,
ASN00092045,19540329,PRCP,0,,,a,
ASN00092045,19540330,PRCP,0,,,a,
ASN00092045,19540331,PRCP,0,,,a,
ASN00092045,19540401,PRCP,0,,,a,
ASN00092045,19540402,PRCP,0,,,a,
ASN00092045,19540403,PRCP,0,,,a,
ASN00092045,19540404,PRCP,0,,,a,
ASN00092045,19540405,PRCP,0,,,a,
ASN00092045,19540406,PRCP,0,,,a,
ASN00092045,19540407,PRCP,0,,,a,
ASN00092045,19540408,PRCP,0,,,a,
ASN00092045,19540409,PRCP,0,,,a,
ASN00092045,19540410,PRCP,0,,,a,
ASN00092045,19540411,PRCP,0,,,a,
ASN00092045,19540412,PRCP,0,,,a,
ASN00092045,19540413,PRCP,0,,,a,
ASN00092045,19540414,PRCP,13,,,a,
ASN00092045,19540415,PRCP,335,,,a,
ASN00092045,19540416,PRCP,0,,,a,
ASN00092045,19540417,PRCP,46,,,a,
ASN00092045,19540418,PRCP,0,,,a,
ASN00092045,19540419,PRCP,3,,,a,
ASN00092045,19540420,PRCP,0,,,a,
ASN00092045,19540421,PRCP,0,,,a,
ASN00092045,19540422,PRCP,3,,,a,
ASN00092045,19540423,PRCP,0,,,a,
ASN00092045,19540424,PRCP,0,,,a,
ASN00092045,19540425,PRCP,74,,,a,
ASN00092045,19540426,PRCP,0,,,a,
ASN00092045,19540427,PRCP,0,,,a,
ASN00092045,19540428,PRCP,0,,,a,
ASN00092045,19540429,PRCP,18,,,a,
ASN00092045,19540430,PRCP,201,,,a,
ASN00092045,19540501,PRCP,0,,,a,
ASN00092045,19540502,PRCP,0,,,a,
ASN00092045,19540503,PRCP,0,,,a,
ASN00092045,19540504,PRCP,10,,,a,
ASN00092045,19540505,PRCP,0,,,a,
ASN00092045,19540506,PRCP,5,,,a,
ASN00092045,19540507,PRCP,3,,,a,
ASN00092045,19540508,PRCP,5,,,a,
ASN00092045,19540509,PRCP,48,,,a,
ASN00092045,19540510,PRCP,13,,,a,
ASN00092045,19540511,PRCP,0,,,a,
ASN00092045,19540512,PRCP,0,,,a,
ASN00092045,19540513,PRCP,3,,,a,
ASN00092045,19540514,PRCP,0,,,a,
ASN00092045,19540515,PRCP,30,,,a,
ASN00092045,19540516,PRCP,71,,,a,
ASN00092045,19540517,PRCP,3,,,a,
ASN00092045,19540518,PRCP,10,,,a,
ASN00092045,19540519,PRCP,3,,,a,
ASN00092045,19540520,PRCP,0,,,a,
ASN00092045,19540521,PRCP,0,,,a,
ASN00092045,19540522,PRCP,3,,,a,
ASN00092045,19540523,PRCP,0,,,a,
ASN00092045,19540524,PRCP,0,,,a,
ASN00092045,19540525,PRCP,0,,,a,
ASN00092045,19540526,PRCP,3,,,a,
ASN00092045,19540527,PRCP,3,,,a,
ASN00092045,19540528,PRCP,0,,,a,
ASN00092045,19540529,PRCP,3,,,a,
ASN00092045,19540530,PRCP,15,,,a,
ASN00092045,19540531,PRCP,0,,,a,
ASN00092045,19540601,PRCP,0,,,a,
ASN00092045,19540602,PRCP,18,,,a,
ASN00092045,19540603,PRCP,23,,,a,
ASN00092045,19540604,PRCP,43,,,a,
ASN00092045,19540605,PRCP,13,,,a,
ASN00092045,19540606,PRCP,391,,,a,
ASN00092045,19540607,PRCP,549,,,a,
ASN00092045,19540608,PRCP,66,,,a,
ASN00092045,19540609,PRCP,0,,,a,
ASN00092045,19540610,PRCP,61,,,a,
ASN00092045,19540611,PRCP,0,,,a,
ASN00092045,19540612,PRCP,0,,,a,
ASN00092045,19540613,PRCP,0,,,a,
ASN00092045,19540614,PRCP,5,,,a,
ASN00092045,19540615,PRCP,130,,,a,
ASN00092045,19540616,PRCP,15,,,a,
ASN00092045,19540617,PRCP,0,,,a,
ASN00092045,19540618,PRCP,0,,,a,
ASN00092045,19540619,PRCP,3,,,a,
ASN00092045,19540620,PRCP,3,,,a,
ASN00092045,19540621,PRCP,0,,,a,
ASN00092045,19540622,PRCP,15,,,a,
ASN00092045,19540623,PRCP,23,,,a,
ASN00092045,19540624,PRCP,3,,,a,
ASN00092045,19540625,PRCP,5,,,a,
ASN00092045,19540626,PRCP,3,,,a,
ASN00092045,19540627,PRCP,13,,,a,
ASN00092045,19540628,PRCP,0,,,a,
ASN00092045,19540629,PRCP,0,,,a,
ASN00092045,19540630,PRCP,53,,,a,
ASN00092045,19540701,PRCP,5,,,a,
ASN00092045,19540702,PRCP,0,,,a,
ASN00092045,19540703,PRCP,0,,,a,
ASN00092045,19540704,PRCP,3,,,a,
ASN00092045,19540705,PRCP,3,,,a,
ASN00092045,19540706,PRCP,0,,,a,
ASN00092045,19540707,PRCP,0,,,a,
ASN00092045,19540708,PRCP,0,,,a,
ASN00092045,19540709,PRCP,0,,,a,
ASN00092045,19540710,PRCP,0,,,a,
ASN00092045,19540711,PRCP,0,,,a,
ASN00092045,19540712,PRCP,0,,,a,
ASN00092045,19540713,PRCP,0,,,a,
ASN00092045,19540714,PRCP,0,,,a,
ASN00092045,19540715,PRCP,5,,,a,
ASN00092045,19540716,PRCP,3,,,a,
ASN00092045,19540717,PRCP,0,,,a,
ASN00092045,19540718,PRCP,0,,,a,
ASN00092045,19540719,PRCP,25,,,a,
ASN00092045,19540720,PRCP,28,,,a,
ASN00092045,19540721,PRCP,3,,,a,
ASN00092045,19540722,PRCP,3,,,a,
ASN00092045,19540723,PRCP,66,,,a,
ASN00092045,19540724,PRCP,66,,,a,
ASN00092045,19540725,PRCP,64,,,a,
ASN00092045,19540726,PRCP,0,,,a,
ASN00092045,19540727,PRCP,5,,,a,
ASN00092045,19540728,PRCP,3,,,a,
ASN00092045,19540729,PRCP,18,,,a,
ASN00092045,19540730,PRCP,3,,,a,
ASN00092045,19540731,PRCP,0,,,a,
ASN00092045,19540801,PRCP,0,,,a,
ASN00092045,19540802,PRCP,81,,,a,
ASN00092045,19540803,PRCP,0,,,a,
ASN00092045,19540804,PRCP,0,,,a,
ASN00092045,19540805,PRCP,0,,,a,
ASN00092045,19540806,PRCP,5,,,a,
ASN00092045,19540807,PRCP,10,,,a,
ASN00092045,19540808,PRCP,183,,,a,
ASN00092045,19540809,PRCP,8,,,a,
ASN00092045,19540810,PRCP,99,,,a,
ASN00092045,19540811,PRCP,41,,,a,
ASN00092045,19540812,PRCP,0,,,a,
ASN00092045,19540813,PRCP,0,,,a,
ASN00092045,19540814,PRCP,0,,,a,
ASN00092045,19540815,PRCP,5,,,a,
ASN00092045,19540816,PRCP,0,,,a,
ASN00092045,19540817,PRCP,30,,,a,
ASN00092045,19540818,PRCP,5,,,a,
ASN00092045,19540819,PRCP,3,,,a,
ASN00092045,19540820,PRCP,15,,,a,
ASN00092045,19540821,PRCP,10,,,a,
ASN00092045,19540822,PRCP,368,,,a,
ASN00092045,19540823,PRCP,5,,,a,
ASN00092045,19540824,PRCP,0,,,a,
ASN00092045,19540825,PRCP,79,,,a,
ASN00092045,19540826,PRCP,36,,,a,
ASN00092045,19540827,PRCP,0,,,a,
ASN00092045,19540828,PRCP,0,,,a,
ASN00092045,19540829,PRCP,0,,,a,
ASN00092045,19540830,PRCP,0,,,a,
ASN00092045,19540831,PRCP,0,,,a,
ASN00092045,19540901,PRCP,0,,,a,
ASN00092045,19540902,PRCP,64,,,a,
ASN00092045,19540903,PRCP,117,,,a,
ASN00092045,19540904,PRCP,0,,,a,
ASN00092045,19540905,PRCP,23,,,a,
ASN00092045,19540906,PRCP,64,,,a,
ASN00092045,19540907,PRCP,5,,,a,
ASN00092045,19540908,PRCP,53,,,a,
ASN00092045,19540909,PRCP,0,,,a,
ASN00092045,19540910,PRCP,0,,,a,
ASN00092045,19540911,PRCP,0,,,a,
ASN00092045,19540912,PRCP,13,,,a,
ASN00092045,19540913,PRCP,53,,,a,
ASN00092045,19540914,PRCP,0,,,a,
ASN00092045,19540915,PRCP,0,,,a,
ASN00092045,19540916,PRCP,0,,,a,
ASN00092045,19540917,PRCP,5,,,a,
ASN00092045,19540918,PRCP,8,,,a,
ASN00092045,19540919,PRCP,5,,,a,
ASN00092045,19540920,PRCP,0,,,a,
ASN00092045,19540921,PRCP,0,,,a,
ASN00092045,19540922,PRCP,0,,,a,
ASN00092045,19540923,PRCP,0,,,a,
ASN00092045,19540924,PRCP,0,,,a,
ASN00092045,19540925,PRCP,0,,,a,
ASN00092045,19540926,PRCP,0,,,a,
ASN00092045,19540927,PRCP,0,,,a,
ASN00092045,19540928,PRCP,0,,,a,
ASN00092045,19540929,PRCP,0,,,a,
ASN00092045,19540930,PRCP,3,,,a,
ASN00092045,19541001,PRCP,0,,,a,
ASN00092045,19541002,PRCP,0,,,a,
ASN00092045,19541003,PRCP,0,,,a,
ASN00092045,19541004,PRCP,3,,,a,
ASN00092045,19541005,PRCP,15,,,a,
ASN00092045,19541006,PRCP,41,,,a,
ASN00092045,19541007,PRCP,0,,,a,
ASN00092045,19541008,PRCP,10,,,a,
ASN00092045,19541009,PRCP,0,,,a,
ASN00092045,19541010,PRCP,0,,,a,
ASN00092045,19541011,PRCP,28,,,a,
ASN00092045,19541012,PRCP,0,,,a,
ASN00092045,19541013,PRCP,0,,,a,
ASN00092045,19541014,PRCP,0,,,a,
ASN00092045,19541015,PRCP,0,,,a,
ASN00092045,19541016,PRCP,0,,,a,
ASN00092045,19541017,PRCP,0,,,a,
ASN00092045,19541018,PRCP,5,,,a,
ASN00092045,19541019,PRCP,5,,,a,
ASN00092045,19541020,PRCP,188,,,a,
ASN00092045,19541021,PRCP,0,,,a,
ASN00092045,19541022,PRCP,0,,,a,
ASN00092045,19541023,PRCP,69,,,a,
ASN00092045,19541024,PRCP,0,,,a,
ASN00092045,19541025,PRCP,51,,,a,
ASN00092045,19541026,PRCP,3,,,a,
ASN00092045,19541027,PRCP,0,,,a,
ASN00092045,19541028,PRCP,18,,,a,
ASN00092045,19541029,PRCP,0,,,a,
ASN00092045,19541030,PRCP,0,,,a,
ASN00092045,19541031,PRCP,10,,,a,
ASN00092045,19541101,PRCP,33,,,a,
ASN00092045,19541102,PRCP,0,,,a,
ASN00092045,19541103,PRCP,10,,,a,
ASN00092045,19541104,PRCP,18,,,a,
ASN00092045,19541105,PRCP,0,,,a,
ASN00092045,19541106,PRCP,10,,,a,
ASN00092045,19541107,PRCP,3,,,a,
ASN00092045,19541108,PRCP,0,,,a,
ASN00092045,19541109,PRCP,0,,,a,
ASN00092045,19541110,PRCP,15,,,a,
ASN00092045,19541111,PRCP,168,,,a,
ASN00092045,19541112,PRCP,5,,,a,
ASN00092045,19541113,PRCP,15,,,a,
ASN00092045,19541114,PRCP,0,,,a,
ASN00092045,19541115,PRCP,0,,,a,
ASN00092045,19541116,PRCP,0,,,a,
ASN00092045,19541117,PRCP,0,,,a,
ASN00092045,19541118,PRCP,0,,,a,
ASN00092045,19541119,PRCP,0,,,a,
ASN00092045,19541120,PRCP,5,,,a,
ASN00092045,19541121,PRCP,198,,,a,
ASN00092045,19541122,PRCP,20,,,a,
ASN00092045,19541123,PRCP,0,,,a,
ASN00092045,19541124,PRCP,0,,,a,
ASN00092045,19541125,PRCP,0,,,a,
ASN00092045,19541126,PRCP,0,,,a,
ASN00092045,19541127,PRCP,0,,,a,
ASN00092045,19541128,PRCP,0,,,a,
ASN00092045,19541129,PRCP,0,,,a,
ASN00092045,19541130,PRCP,0,,,a,
ASN00092045,19541201,PRCP,0,,,a,
ASN00092045,19541202,PRCP,0,,,a,
ASN00092045,19541203,PRCP,13,,,a,
ASN00092045,19541204,PRCP,137,,,a,
ASN00092045,19541205,PRCP,8,,,a,
ASN00092045,19541206,PRCP,8,,,a,
ASN00092045,19541207,PRCP,0,,,a,
ASN00092045,19541208,PRCP,5,,,a,
ASN00092045,19541209,PRCP,20,,,a,
ASN00092045,19541210,PRCP,0,,,a,
ASN00092045,19541211,PRCP,43,,,a,
ASN00092045,19541212,PRCP,119,,,a,
ASN00092045,19541213,PRCP,10,,,a,
ASN00092045,19541214,PRCP,0,,,a,
ASN00092045,19541215,PRCP,8,,,a,
ASN00092045,19541216,PRCP,0,,,a,
ASN00092045,19541217,PRCP,10,,,a,
ASN00092045,19541218,PRCP,127,,,a,
ASN00092045,19541219,PRCP,3,,,a,
ASN00092045,19541220,PRCP,0,,,a,
ASN00092045,19541221,PRCP,0,,,a,
ASN00092045,19541222,PRCP,0,,,a,
ASN00092045,19541223,PRCP,0,,,a,
ASN00092045,19541224,PRCP,0,,,a,
ASN00092045,19541225,PRCP,0,,,a,
ASN00092045,19541226,PRCP,0,,,a,
ASN00092045,19541227,PRCP,0,,,a,
ASN00092045,19541228,PRCP,0,,,a,
ASN00092045,19541229,PRCP,0,,,a,
ASN00092045,19541230,PRCP,0,,,a,
ASN00092045,19541231,PRCP,0,,,a,
ASN00092045,19550101,PRCP,0,,,a,
ASN00092045,19550102,PRCP,0,,,a,
ASN00092045,19550103,PRCP,8,,,a,
ASN00092045,19550104,PRCP,0,,,a,
ASN00092045,19550105,PRCP,0,,,a,
ASN00092045,19550106,PRCP,0,,,a,
ASN00092045,19550107,PRCP,0,,,a,
ASN00092045,19550108,PRCP,0,,,a,
ASN00092045,19550109,PRCP,0,,,a,
ASN00092045,19550110,PRCP,0,,,a,
ASN00092045,19550111,PRCP,0,,,a,
ASN00092045,19550112,PRCP,5,,,a,
ASN00092045,19550113,PRCP,0,,,a,
ASN00092045,19550114,PRCP,0,,,a,
ASN00092045,19550115,PRCP,0,,,a,
ASN00092045,19550116,PRCP,0,,,a,
ASN00092045,19550117,PRCP,0,,,a,
ASN00092045,19550118,PRCP,0,,,a,
ASN00092045,19550119,PRCP,0,,,a,
ASN00092045,19550120,PRCP,8,,,a,
ASN00092045,19550121,PRCP,0,,,a,
ASN00092045,19550122,PRCP,0,,,a,
ASN00092045,19550123,PRCP,0,,,a,
ASN00092045,19550124,PRCP,0,,,a,
ASN00092045,19550125,PRCP,3,,,a,
ASN00092045,19550126,PRCP,0,,,a,
ASN00092045,19550127,PRCP,0,,,a,
ASN00092045,19550128,PRCP,20,,,a,
ASN00092045,19550129,PRCP,76,,,a,
ASN00092045,19550130,PRCP,0,,,a,
ASN00092045,19550131,PRCP,76,,,a,
ASN00092045,19550201,PRCP,3,,,a,
ASN00092045,19550202,PRCP,0,,,a,
ASN00092045,19550203,PRCP,0,,,a,
ASN00092045,19550204,PRCP,0,,,a,
ASN00092045,19550205,PRCP,20,,,a,
ASN00092045,19550206,PRCP,5,,,a,
ASN00092045,19550207,PRCP,0,,,a,
ASN00092045,19550208,PRCP,3,,,a,
ASN00092045,19550209,PRCP,0,,,a,
ASN00092045,19550210,PRCP,0,,,a,
ASN00092045,19550211,PRCP,221,,,a,
ASN00092045,19550212,PRCP,61,,,a,
ASN00092045,19550213,PRCP,119,,,a,
ASN00092045,19550214,PRCP,3,,,a,
ASN00092045,19550215,PRCP,216,,,a,
ASN00092045,19550216,PRCP,3,,,a,
ASN00092045,19550217,PRCP,0,,,a,
ASN00092045,19550218,PRCP,13,,,a,
ASN00092045,19550219,PRCP,13,,,a,
ASN00092045,19550220,PRCP,0,,,a,
ASN00092045,19550221,PRCP,0,,,a,
ASN00092045,19550222,PRCP,0,,,a,
ASN00092045,19550223,PRCP,18,,,a,
ASN00092045,19550224,PRCP,3,,,a,
ASN00092045,19550225,PRCP,0,,,a,
ASN00092045,19550226,PRCP,0,,,a,
ASN00092045,19550227,PRCP,0,,,a,
ASN00092045,19550228,PRCP,0,,,a,
ASN00092045,19550301,PRCP,5,,,a,
ASN00092045,19550302,PRCP,0,,,a,
ASN00092045,19550303,PRCP,0,,,a,
ASN00092045,19550304,PRCP,0,,,a,
ASN00092045,19550305,PRCP,51,,,a,
ASN00092045,19550306,PRCP,0,,,a,
ASN00092045,19550307,PRCP,0,,,a,
ASN00092045,19550308,PRCP,0,,,a,
ASN00092045,19550309,PRCP,0,,,a,
ASN00092045,19550310,PRCP,0,,,a,
ASN00092045,19550311,PRCP,5,,,a,
ASN00092045,19550312,PRCP,0,,,a,
ASN00092045,19550313,PRCP,0,,,a,
ASN00092045,19550314,PRCP,0,,,a,
ASN00092045,19550315,PRCP,0,,,a,
ASN00092045,19550316,PRCP,0,,,a,
ASN00092045,19550317,PRCP,10,,,a,
ASN00092045,19550318,PRCP,0,,,a,
ASN00092045,19550319,PRCP,0,,,a,
ASN00092045,19550320,PRCP,0,,,a,
ASN00092045,19550321,PRCP,3,,,a,
ASN00092045,19550322,PRCP,0,,,a,
ASN00092045,19550323,PRCP,0,,,a,
ASN00092045,19550324,PRCP,20,,,a,
ASN00092045,19550325,PRCP,61,,,a,
ASN00092045,19550326,PRCP,30,,,a,
ASN00092045,19550327,PRCP,0,,,a,
ASN00092045,19550328,PRCP,3,,,a,
ASN00092045,19550329,PRCP,0,,,a,
ASN00092045,19550330,PRCP,0,,,a,
ASN00092045,19550331,PRCP,0,,,a,
ASN00092045,19550401,PRCP,104,,,a,
ASN00092045,19550402,PRCP,107,,,a,
ASN00092045,19550403,PRCP,5,,,a,
ASN00092045,19550404,PRCP,0,,,a,
ASN00092045,19550405,PRCP,0,,,a,
ASN00092045,19550406,PRCP,0,,,a,
ASN00092045,19550407,PRCP,0,,,a,
ASN00092045,19550408,PRCP,0,,,a,
ASN00092045,19550409,PRCP,0,,,a,
ASN00092045,19550410,PRCP,3,,,a,
ASN00092045,19550411,PRCP,3,,,a,
ASN00092045,19550412,PRCP,3,,,a,
ASN00092045,19550413,PRCP,5,,,a,
ASN00092045,19550414,PRCP,3,,,a,
ASN00092045,19550415,PRCP,135,,,a,
ASN00092045,19550416,PRCP,114,,,a,
ASN00092045,19550417,PRCP,3,,,a,
ASN00092045,19550418,PRCP,0,,,a,
ASN00092045,19550419,PRCP,3,,,a,
ASN00092045,19550420,PRCP,0,,,a,
ASN00092045,19550421,PRCP,0,,,a,
ASN00092045,19550422,PRCP,0,,,a,
ASN00092045,19550423,PRCP,0,,,a,
ASN00092045,19550424,PRCP,0,,,a,
ASN00092045,19550425,PRCP,56,,,a,
ASN00092045,19550426,PRCP,13,,,a,
ASN00092045,19550427,PRCP,0,,,a,
ASN00092045,19550428,PRCP,0,,,a,
ASN00092045,19550429,PRCP,0,,,a,
ASN00092045,19550430,PRCP,0,,,a,
ASN00092045,19550501,PRCP,5,,,a,
ASN00092045,19550502,PRCP,122,,,a,
ASN00092045,19550503,PRCP,25,,,a,
ASN00092045,19550504,PRCP,135,,,a,
ASN00092045,19550505,PRCP,0,,,a,
ASN00092045,19550506,PRCP,117,,,a,
ASN00092045,19550507,PRCP,25,,,a,
ASN00092045,19550508,PRCP,0,,,a,
ASN00092045,19550509,PRCP,0,,,a,
ASN00092045,19550510,PRCP,0,,,a,
ASN00092045,19550511,PRCP,3,,,a,
ASN00092045,19550512,PRCP,0,,,a,
ASN00092045,19550513,PRCP,5,,,a,
ASN00092045,19550514,PRCP,89,,,a,
ASN00092045,19550515,PRCP,180,,,a,
ASN00092045,19550516,PRCP,28,,,a,
ASN00092045,19550517,PRCP,18,,,a,
ASN00092045,19550518,PRCP,66,,,a,
ASN00092045,19550519,PRCP,13,,,a,
ASN00092045,19550520,PRCP,0,,,a,
ASN00092045,19550521,PRCP,0,,,a,
ASN00092045,19550522,PRCP,0,,,a,
ASN00092045,19550523,PRCP,0,,,a,
ASN00092045,19550524,PRCP,0,,,a,
ASN00092045,19550525,PRCP,0,,,a,
ASN00092045,19550526,PRCP,0,,,a,
ASN00092045,19550527,PRCP,0,,,a,
ASN00092045,19550528,PRCP,5,,,a,
ASN00092045,19550529,PRCP,3,,,a,
ASN00092045,19550530,PRCP,76,,,a,
ASN00092045,19550531,PRCP,3,,,a,
ASN00092045,19550601,PRCP,0,,,a,
ASN00092045,19550602,PRCP,0,,,a,
ASN00092045,19550603,PRCP,0,,,a,
ASN00092045,19550604,PRCP,48,,,a,
ASN00092045,19550605,PRCP,58,,,a,
ASN00092045,19550606,PRCP,0,,,a,
ASN00092045,19550607,PRCP,0,,,a,
ASN00092045,19550608,PRCP,0,,,a,
ASN00092045,19550609,PRCP,0,,,a,
ASN00092045,19550610,PRCP,0,,,a,
ASN00092045,19550611,PRCP,0,,,a,
ASN00092045,19550612,PRCP,5,,,a,
ASN00092045,19550613,PRCP,74,,,a,
ASN00092045,19550614,PRCP,0,,,a,
ASN00092045,19550615,PRCP,0,,,a,
ASN00092045,19550616,PRCP,0,,,a,
ASN00092045,19550617,PRCP,0,,,a,
ASN00092045,19550618,PRCP,84,,,a,
ASN00092045,19550619,PRCP,10,,,a,
ASN00092045,19550620,PRCP,0,,,a,
ASN00092045,19550621,PRCP,0,,,a,
ASN00092045,19550622,PRCP,0,,,a,
ASN00092045,19550623,PRCP,297,,,a,
ASN00092045,19550624,PRCP,20,,,a,
ASN00092045,19550625,PRCP,218,,,a,
ASN00092045,19550626,PRCP,10,,,a,
ASN00092045,19550627,PRCP,0,,,a,
ASN00092045,19550628,PRCP,43,,,a,
ASN00092045,19550629,PRCP,335,,,a,
ASN00092045,19550630,PRCP,10,,,a,
ASN00092045,19550701,PRCP,10,,,a,
ASN00092045,19550702,PRCP,0,,,a,
ASN00092045,19550703,PRCP,0,,,a,
ASN00092045,19550704,PRCP,0,,,a,
ASN00092045,19550705,PRCP,10,,,a,
ASN00092045,19550706,PRCP,0,,,a,
ASN00092045,19550707,PRCP,5,,,a,
ASN00092045,19550708,PRCP,64,,,a,
ASN00092045,19550709,PRCP,25,,,a,
ASN00092045,19550710,PRCP,168,,,a,
ASN00092045,19550711,PRCP,0,,,a,
ASN00092045,19550712,PRCP,0,,,a,
ASN00092045,19550713,PRCP,10,,,a,
ASN00092045,19550714,PRCP,183,,,a,
ASN00092045,19550715,PRCP,46,,,a,
ASN00092045,19550716,PRCP,8,,,a,
ASN00092045,19550717,PRCP,0,,,a,
ASN00092045,19550718,PRCP,3,,,a,
ASN00092045,19550719,PRCP,0,,,a,
ASN00092045,19550720,PRCP,0,,,a,
ASN00092045,19550721,PRCP,18,,,a,
ASN00092045,19550722,PRCP,23,,,a,
ASN00092045,19550723,PRCP,30,,,a,
ASN00092045,19550724,PRCP,30,,,a,
ASN00092045,19550725,PRCP,0,,,a,
ASN00092045,19550726,PRCP,0,,,a,
ASN00092045,19550727,PRCP,0,,,a,
ASN00092045,19550728,PRCP,36,,,a,
ASN00092045,19550729,PRCP,38,,,a,
ASN00092045,19550730,PRCP,0,,,a,
ASN00092045,19550731,PRCP,8,,,a,
ASN00092045,19550801,PRCP,0,,,a,
ASN00092045,19550802,PRCP,0,,,a,
ASN00092045,19550803,PRCP,81,,,a,
ASN00092045,19550804,PRCP,5,,,a,
ASN00092045,19550805,PRCP,0,,,a,
ASN00092045,19550806,PRCP,0,,,a,
ASN00092045,19550807,PRCP,15,,,a,
ASN00092045,19550808,PRCP,132,,,a,
ASN00092045,19550809,PRCP,127,,,a,
ASN00092045,19550810,PRCP,3,,,a,
ASN00092045,19550811,PRCP,20,,,a,
ASN00092045,19550812,PRCP,53,,,a,
ASN00092045,19550813,PRCP,5,,,a,
ASN00092045,19550814,PRCP,30,,,a,
ASN00092045,19550815,PRCP,5,,,a,
ASN00092045,19550816,PRCP,460,,,a,
ASN00092045,19550817,PRCP,46,,,a,
ASN00092045,19550818,PRCP,0,,,a,
ASN00092045,19550819,PRCP,3,,,a,
ASN00092045,19550820,PRCP,15,,,a,
ASN00092045,19550821,PRCP,58,,,a,
ASN00092045,19550822,PRCP,8,,,a,
ASN00092045,19550823,PRCP,102,,,a,
ASN00092045,19550824,PRCP,0,,,a,
ASN00092045,19550825,PRCP,71,,,a,
ASN00092045,19550826,PRCP,28,,,a,
ASN00092045,19550827,PRCP,10,,,a,
ASN00092045,19550828,PRCP,0,,,a,
ASN00092045,19550829,PRCP,0,,,a,
ASN00092045,19550830,PRCP,5,,,a,
ASN00092045,19550831,PRCP,10,,,a,
ASN00092045,19550901,PRCP,0,,,a,
ASN00092045,19550902,PRCP,23,,,a,
ASN00092045,19550903,PRCP,66,,,a,
ASN00092045,19550904,PRCP,10,,,a,
ASN00092045,19550905,PRCP,15,,,a,
ASN00092045,19550906,PRCP,0,,,a,
ASN00092045,19550907,PRCP,0,,,a,
ASN00092045,19550908,PRCP,0,,,a,
ASN00092045,19550909,PRCP,8,,,a,
ASN00092045,19550910,PRCP,0,,,a,
ASN00092045,19550911,PRCP,3,,,a,
ASN00092045,19550912,PRCP,3,,,a,
ASN00092045,19550913,PRCP,0,,,a,
ASN00092045,19550914,PRCP,13,,,a,
ASN00092045,19550915,PRCP,0,,,a,
ASN00092045,19550916,PRCP,0,,,a,
ASN00092045,19550917,PRCP,18,,,a,
ASN00092045,19550918,PRCP,0,,,a,
ASN00092045,19550919,PRCP,0,,,a,
ASN00092045,19550920,PRCP,0,,,a,
ASN00092045,19550921,PRCP,71,,,a,
ASN00092045,19550922,PRCP,224,,,a,
ASN00092045,19550923,PRCP,0,,,a,
ASN00092045,19550924,PRCP,109,,,a,
ASN00092045,19550925,PRCP,15,,,a,
ASN00092045,19550926,PRCP,0,,,a,
ASN00092045,19550927,PRCP,0,,,a,
ASN00092045,19550928,PRCP,0,,,a,
ASN00092045,19550929,PRCP,0,,,a,
ASN00092045,19550930,PRCP,8,,,a,
ASN00092045,19551001,PRCP,3,,,a,
ASN00092045,19551002,PRCP,8,,,a,
ASN00092045,19551003,PRCP,0,,,a,
ASN00092045,19551004,PRCP,8,,,a,
ASN00092045,19551005,PRCP,0,,,a,
ASN00092045,19551006,PRCP,0,,,a,
ASN00092045,19551007,PRCP,18,,,a,
ASN00092045,19551008,PRCP,178,,,a,
ASN00092045,19551009,PRCP,132,,,a,
ASN00092045,19551010,PRCP,18,,,a,
ASN00092045,19551011,PRCP,97,,,a,
ASN00092045,19551012,PRCP,5,,,a,
ASN00092045,19551013,PRCP,5,,,a,
ASN00092045,19551014,PRCP,0,,,a,
ASN00092045,19551015,PRCP,119,,,a,
ASN00092045,19551016,PRCP,48,,,a,
ASN00092045,19551017,PRCP,0,,,a,
ASN00092045,19551018,PRCP,18,,,a,
ASN00092045,19551019,PRCP,10,,,a,
ASN00092045,19551020,PRCP,5,,,a,
ASN00092045,19551021,PRCP,66,,,a,
ASN00092045,19551022,PRCP,46,,,a,
ASN00092045,19551023,PRCP,0,,,a,
ASN00092045,19551024,PRCP,0,,,a,
ASN00092045,19551025,PRCP,23,,,a,
ASN00092045,19551026,PRCP,0,,,a,
ASN00092045,19551027,PRCP,0,,,a,
ASN00092045,19551028,PRCP,0,,,a,
ASN00092045,19551029,PRCP,0,,,a,
ASN00092045,19551030,PRCP,236,,,a,
ASN00092045,19551031,PRCP,0,,,a,
ASN00092045,19551101,PRCP,0,,,a,
ASN00092045,19551102,PRCP,0,,,a,
ASN00092045,19551103,PRCP,0,,,a,
ASN00092045,19551104,PRCP,0,,,a,
ASN00092045,19551105,PRCP,0,,,a,
ASN00092045,19551106,PRCP,0,,,a,
ASN00092045,19551107,PRCP,89,,,a,
ASN00092045,19551108,PRCP,10,,,a,
ASN00092045,19551109,PRCP,15,,,a,
ASN00092045,19551110,PRCP,0,,,a,
ASN00092045,19551111,PRCP,84,,,a,
ASN00092045,19551112,PRCP,23,,,a,
ASN00092045,19551113,PRCP,3,,,a,
ASN00092045,19551114,PRCP,0,,,a,
ASN00092045,19551115,PRCP,0,,,a,
ASN00092045,19551116,PRCP,3,,,a,
ASN00092045,19551117,PRCP,3,,,a,
ASN00092045,19551118,PRCP,3,,,a,
ASN00092045,19551119,PRCP,0,,,a,
ASN00092045,19551120,PRCP,0,,,a,
ASN00092045,19551121,PRCP,0,,,a,
ASN00092045,19551122,PRCP,0,,,a,
ASN00092045,19551123,PRCP,3,,,a,
ASN00092045,19551124,PRCP,0,,,a,
ASN00092045,19551125,PRCP,107,,,a,
ASN00092045,19551126,PRCP,0,,,a,
ASN00092045,19551127,PRCP,0,,,a,
ASN00092045,19551128,PRCP,0,,,a,
ASN00092045,19551129,PRCP,0,,,a,
ASN00092045,19551130,PRCP,15,,,a,
ASN00092045,19551201,PRCP,0,,,a,
ASN00092045,19551202,PRCP,3,,,a,
ASN00092045,19551203,PRCP,15,,,a,
ASN00092045,19551204,PRCP,25,,,a,
ASN00092045,19551205,PRCP,13,,,a,
ASN00092045,19551206,PRCP,0,,,a,
ASN00092045,19551207,PRCP,0,,,a,
ASN00092045,19551208,PRCP,0,,,a,
ASN00092045,19551209,PRCP,0,,,a,
ASN00092045,19551210,PRCP,0,,,a,
ASN00092045,19551211,PRCP,0,,,a,
ASN00092045,19551212,PRCP,0,,,a,
ASN00092045,19551213,PRCP,117,,,a,
ASN00092045,19551214,PRCP,3,,,a,
ASN00092045,19551215,PRCP,0,,,a,
ASN00092045,19551216,PRCP,15,,,a,
ASN00092045,19551217,PRCP,0,,,a,
ASN00092045,19551218,PRCP,0,,,a,
ASN00092045,19551219,PRCP,0,,,a,
ASN00092045,19551220,PRCP,0,,,a,
ASN00092045,19551221,PRCP,127,,,a,
ASN00092045,19551222,PRCP,28,,,a,
ASN00092045,19551223,PRCP,147,,,a,
ASN00092045,19551224,PRCP,15,,,a,
ASN00092045,19551225,PRCP,241,,,a,
ASN00092045,19551226,PRCP,137,,,a,
ASN00092045,19551227,PRCP,386,,,a,
ASN00092045,19551228,PRCP,28,,,a,
ASN00092045,19551229,PRCP,5,,,a,
ASN00092045,19551230,PRCP,10,,,a,
ASN00092045,19551231,PRCP,102,,,a,
ASN00092045,19560101,PRCP,135,,,a,
ASN00092045,19560102,PRCP,3,,,a,
ASN00092045,19560103,PRCP,0,,,a,
ASN00092045,19560104,PRCP,0,,,a,
ASN00092045,19560105,PRCP,13,,,a,
ASN00092045,19560106,PRCP,5,,,a,
ASN00092045,19560107,PRCP,0,,,a,
ASN00092045,19560108,PRCP,0,,,a,
ASN00092045,19560109,PRCP,0,,,a,
ASN00092045,19560110,PRCP,0,,,a,
ASN00092045,19560111,PRCP,5,,,a,
ASN00092045,19560112,PRCP,0,,,a,
ASN00092045,19560113,PRCP,0,,,a,
ASN00092045,19560114,PRCP,43,,,a,
ASN00092045,19560115,PRCP,3,,,a,
ASN00092045,19560116,PRCP,3,,,a,
ASN00092045,19560117,PRCP,0,,,a,
ASN00092045,19560118,PRCP,56,,,a,
ASN00092045,19560119,PRCP,20,,,a,
ASN00092045,19560120,PRCP,254,,,a,
ASN00092045,19560121,PRCP,5,,,a,
ASN00092045,19560122,PRCP,46,,,a,
ASN00092045,19560123,PRCP,0,,,a,
ASN00092045,19560124,PRCP,0,,,a,
ASN00092045,19560125,PRCP,10,,,a,
ASN00092045,19560126,PRCP,43,,,a,
ASN00092045,19560127,PRCP,61,,,a,
ASN00092045,19560128,PRCP,0,,,a,
ASN00092045,19560129,PRCP,0,,,a,
ASN00092045,19560130,PRCP,5,,,a,
ASN00092045,19560131,PRCP,0,,,a,
ASN00092045,19560201,PRCP,0,,,a,
ASN00092045,19560202,PRCP,0,,,a,
ASN00092045,19560203,PRCP,0,,,a,
ASN00092045,19560204,PRCP,0,,,a,
ASN00092045,19560205,PRCP,0,,,a,
ASN00092045,19560206,PRCP,0,,,a,
ASN00092045,19560207,PRCP,0,,,a,
ASN00092045,19560208,PRCP,0,,,a,
ASN00092045,19560209,PRCP,0,,,a,
ASN00092045,19560210,PRCP,0,,,a,
ASN00092045,19560211,PRCP,0,,,a,
ASN00092045,19560212,PRCP,0,,,a,
ASN00092045,19560213,PRCP,0,,,a,
ASN00092045,19560214,PRCP,10,,,a,
ASN00092045,19560215,PRCP,48,,,a,
ASN00092045,19560216,PRCP,112,,,a,
ASN00092045,19560217,PRCP,51,,,a,
ASN00092045,19560218,PRCP,201,,,a,
ASN00092045,19560219,PRCP,145,,,a,
ASN00092045,19560220,PRCP,23,,,a,
ASN00092045,19560221,PRCP,254,,,a,
ASN00092045,19560222,PRCP,23,,,a,
ASN00092045,19560223,PRCP,15,,,a,
ASN00092045,19560224,PRCP,0,,,a,
ASN00092045,19560225,PRCP,0,,,a,
ASN00092045,19560226,PRCP,0,,,a,
ASN00092045,19560227,PRCP,0,,,a,
ASN00092045,19560228,PRCP,0,,,a,
ASN00092045,19560229,PRCP,0,,,a,
ASN00092045,19560301,PRCP,0,,,a,
ASN00092045,19560302,PRCP,41,,,a,
ASN00092045,19560303,PRCP,754,,,a,
ASN00092045,19560304,PRCP,0,,,a,
ASN00092045,19560305,PRCP,3,,,a,
ASN00092045,19560306,PRCP,30,,,a,
ASN00092045,19560307,PRCP,3,,,a,
ASN00092045,19560308,PRCP,0,,,a,
ASN00092045,19560309,PRCP,0,,,a,
ASN00092045,19560310,PRCP,0,,,a,
ASN00092045,19560311,PRCP,0,,,a,
ASN00092045,19560312,PRCP,3,,,a,
ASN00092045,19560313,PRCP,145,,,a,
ASN00092045,19560314,PRCP,236,,,a,
ASN00092045,19560315,PRCP,5,,,a,
ASN00092045,19560316,PRCP,0,,,a,
ASN00092045,19560317,PRCP,0,,,a,
ASN00092045,19560318,PRCP,0,,,a,
ASN00092045,19560319,PRCP,0,,,a,
ASN00092045,19560320,PRCP,5,,,a,
ASN00092045,19560321,PRCP,10,,,a,
ASN00092045,19560322,PRCP,20,,,a,
ASN00092045,19560323,PRCP,46,,,a,
ASN00092045,19560324,PRCP,0,,,a,
ASN00092045,19560325,PRCP,0,,,a,
ASN00092045,19560326,PRCP,0,,,a,
ASN00092045,19560327,PRCP,0,,,a,
ASN00092045,19560328,PRCP,0,,,a,
ASN00092045,19560329,PRCP,8,,,a,
ASN00092045,19560330,PRCP,0,,,a,
ASN00092045,19560331,PRCP,0,,,a,
ASN00092045,19560401,PRCP,188,,,a,
ASN00092045,19560402,PRCP,3,,,a,
ASN00092045,19560403,PRCP,3,,,a,
ASN00092045,19560404,PRCP,8,,,a,
ASN00092045,19560405,PRCP,0,,,a,
ASN00092045,19560406,PRCP,267,,,a,
ASN00092045,19560407,PRCP,15,,,a,
ASN00092045,19560408,PRCP,43,,,a,
ASN00092045,19560409,PRCP,0,,,a,
ASN00092045,19560410,PRCP,147,,,a,
ASN00092045,19560411,PRCP,10,,,a,
ASN00092045,19560412,PRCP,0,,,a,
ASN00092045,19560413,PRCP,5,,,a,
ASN00092045,19560414,PRCP,18,,,a,
ASN00092045,19560415,PRCP,127,,,a,
ASN00092045,19560416,PRCP,86,,,a,
ASN00092045,19560417,PRCP,127,,,a,
ASN00092045,19560418,PRCP,218,,,a,
ASN00092045,19560419,PRCP,371,,,a,
ASN00092045,19560420,PRCP,30,,,a,
ASN00092045,19560421,PRCP,20,,,a,
ASN00092045,19560422,PRCP,0,,,a,
ASN00092045,19560423,PRCP,10,,,a,
ASN00092045,19560424,PRCP,0,,,a,
ASN00092045,19560425,PRCP,0,,,a,
ASN00092045,19560426,PRCP,0,,,a,
ASN00092045,19560427,PRCP,13,,,a,
ASN00092045,19560428,PRCP,3,,,a,
ASN00092045,19560429,PRCP,3,,,a,
ASN00092045,19560430,PRCP,5,,,a,
ASN00092045,19560501,PRCP,99,,,a,
ASN00092045,19560502,PRCP,18,,,a,
ASN00092045,19560503,PRCP,152,,,a,
ASN00092045,19560504,PRCP,0,,,a,
ASN00092045,19560505,PRCP,3,,,a,
ASN00092045,19560506,PRCP,0,,,a,
ASN00092045,19560507,PRCP,69,,,a,
ASN00092045,19560508,PRCP,66,,,a,
ASN00092045,19560509,PRCP,48,,,a,
ASN00092045,19560510,PRCP,3,,,a,
ASN00092045,19560511,PRCP,41,,,a,
ASN00092045,19560512,PRCP,10,,,a,
ASN00092045,19560513,PRCP,3,,,a,
ASN00092045,19560514,PRCP,46,,,a,
ASN00092045,19560515,PRCP,0,,,a,
ASN00092045,19560516,PRCP,13,,,a,
ASN00092045,19560517,PRCP,102,,,a,
ASN00092045,19560518,PRCP,15,,,a,
ASN00092045,19560519,PRCP,36,,,a,
ASN00092045,19560520,PRCP,0,,,a,
ASN00092045,19560521,PRCP,0,,,a,
ASN00092045,19560522,PRCP,38,,,a,
ASN00092045,19560523,PRCP,5,,,a,
ASN00092045,19560524,PRCP,589,,,a,
ASN00092045,19560525,PRCP,15,,,a,
ASN00092045,19560526,PRCP,5,,,a,
ASN00092045,19560527,PRCP,0,,,a,
ASN00092045,19560528,PRCP,0,,,a,
ASN00092045,19560529,PRCP,0,,,a,
ASN00092045,19560530,PRCP,0,,,a,
ASN00092045,19560531,PRCP,0,,,a,
ASN00092045,19560601,PRCP,290,,,a,
ASN00092045,19560602,PRCP,0,,,a,
ASN00092045,19560603,PRCP,0,,,a,
ASN00092045,19560604,PRCP,0,,,a,
ASN00092045,19560605,PRCP,231,,,a,
ASN00092045,19560606,PRCP,173,,,a,
ASN00092045,19560607,PRCP,206,,,a,
ASN00092045,19560608,PRCP,175,,,a,
ASN00092045,19560609,PRCP,15,,,a,
ASN00092045,19560610,PRCP,18,,,a,
ASN00092045,19560611,PRCP,25,,,a,
ASN00092045,19560612,PRCP,112,,,a,
ASN00092045,19560613,PRCP,30,,,a,
ASN00092045,19560614,PRCP,13,,,a,
ASN00092045,19560615,PRCP,160,,,a,
ASN00092045,19560616,PRCP,61,,,a,
ASN00092045,19560617,PRCP,112,,,a,
ASN00092045,19560618,PRCP,38,,,a,
ASN00092045,19560619,PRCP,0,,,a,
ASN00092045,19560620,PRCP,0,,,a,
ASN00092045,19560621,PRCP,0,,,a,
ASN00092045,19560622,PRCP,0,,,a,
ASN00092045,19560623,PRCP,0,,,a,
ASN00092045,19560624,PRCP,0,,,a,
ASN00092045,19560625,PRCP,5,,,a,
ASN00092045,19560626,PRCP,66,,,a,
ASN00092045,19560627,PRCP,58,,,a,
ASN00092045,19560628,PRCP,33,,,a,
ASN00092045,19560629,PRCP,109,,,a,
ASN00092045,19560630,PRCP,3,,,a,
ASN00092045,19560701,PRCP,5,,,a,
ASN00092045,19560702,PRCP,0,,,a,
ASN00092045,19560703,PRCP,0,,,a,
ASN00092045,19560704,PRCP,0,,,a,
ASN00092045,19560705,PRCP,0,,,a,
ASN00092045,19560706,PRCP,18,,,a,
ASN00092045,19560707,PRCP,117,,,a,
ASN00092045,19560708,PRCP,25,,,a,
ASN00092045,19560709,PRCP,3,,,a,
ASN00092045,19560710,PRCP,0,,,a,
ASN00092045,19560711,PRCP,0,,,a,
ASN00092045,19560712,PRCP,25,,,a,
ASN00092045,19560713,PRCP,0,,,a,
ASN00092045,19560714,PRCP,0,,,a,
ASN00092045,19560715,PRCP,5,,,a,
ASN00092045,19560716,PRCP,15,,,a,
ASN00092045,19560717,PRCP,3,,,a,
ASN00092045,19560718,PRCP,0,,,a,
ASN00092045,19560719,PRCP,0,,,a,
ASN00092045,19560720,PRCP,3,,,a,
ASN00092045,19560721,PRCP,0,,,a,
ASN00092045,19560722,PRCP,20,,,a,
ASN00092045,19560723,PRCP,0,,,a,
ASN00092045,19560724,PRCP,18,,,a,
ASN00092045,19560725,PRCP,102,,,a,
ASN00092045,19560726,PRCP,13,,,a,
ASN00092045,19560727,PRCP,33,,,a,
ASN00092045,19560728,PRCP,10,,,a,
ASN00092045,19560729,PRCP,3,,,a,
ASN00092045,19560730,PRCP,51,,,a,
ASN00092045,19560731,PRCP,48,,,a,
ASN00092045,19560801,PRCP,0,,,a,
ASN00092045,19560802,PRCP,0,,,a,
ASN00092045,19560803,PRCP,15,,,a,
ASN00092045,19560804,PRCP,0,,,a,
ASN00092045,19560805,PRCP,0,,,a,
ASN00092045,19560806,PRCP,0,,,a,
ASN00092045,19560807,PRCP,23,,,a,
ASN00092045,19560808,PRCP,76,,,a,
ASN00092045,19560809,PRCP,38,,,a,
ASN00092045,19560810,PRCP,127,,,a,
ASN00092045,19560811,PRCP,8,,,a,
ASN00092045,19560812,PRCP,3,,,a,
ASN00092045,19560813,PRCP,3,,,a,
ASN00092045,19560814,PRCP,58,,,a,
ASN00092045,19560815,PRCP,124,,,a,
ASN00092045,19560816,PRCP,0,,,a,
ASN00092045,19560817,PRCP,0,,,a,
ASN00092045,19560818,PRCP,3,,,a,
ASN00092045,19560819,PRCP,0,,,a,
ASN00092045,19560820,PRCP,0,,,a,
ASN00092045,19560821,PRCP,0,,,a,
ASN00092045,19560822,PRCP,30,,,a,
ASN00092045,19560823,PRCP,0,,,a,
ASN00092045,19560824,PRCP,0,,,a,
ASN00092045,19560825,PRCP,0,,,a,
ASN00092045,19560826,PRCP,0,,,a,
ASN00092045,19560827,PRCP,3,,,a,
ASN00092045,19560828,PRCP,5,,,a,
ASN00092045,19560829,PRCP,0,,,a,
ASN00092045,19560830,PRCP,0,,,a,
ASN00092045,19560831,PRCP,25,,,a,
ASN00092045,19560901,PRCP,0,,,a,
ASN00092045,19560902,PRCP,38,,,a,
ASN00092045,19560903,PRCP,3,,,a,
ASN00092045,19560904,PRCP,0,,,a,
ASN00092045,19560905,PRCP,3,,,a,
ASN00092045,19560906,PRCP,0,,,a,
ASN00092045,19560907,PRCP,0,,,a,
ASN00092045,19560908,PRCP,109,,,a,
ASN00092045,19560909,PRCP,51,,,a,
ASN00092045,19560910,PRCP,5,,,a,
ASN00092045,19560911,PRCP,0,,,a,
ASN00092045,19560912,PRCP,3,,,a,
ASN00092045,19560913,PRCP,0,,,a,
ASN00092045,19560914,PRCP,0,,,a,
ASN00092045,19560915,PRCP,0,,,a,
ASN00092045,19560916,PRCP,0,,,a,
ASN00092045,19560917,PRCP,5,,,a,
ASN00092045,19560918,PRCP,3,,,a,
ASN00092045,19560919,PRCP,97,,,a,
ASN00092045,19560920,PRCP,0,,,a,
ASN00092045,19560921,PRCP,13,,,a,
ASN00092045,19560922,PRCP,46,,,a,
ASN00092045,19560923,PRCP,58,,,a,
ASN00092045,19560924,PRCP,0,,,a,
ASN00092045,19560925,PRCP,0,,,a,
ASN00092045,19560926,PRCP,0,,,a,
ASN00092045,19560927,PRCP,8,,,a,
ASN00092045,19560928,PRCP,5,,,a,
ASN00092045,19560929,PRCP,10,,,a,
ASN00092045,19560930,PRCP,5,,,a,
ASN00092045,19561001,PRCP,0,,,a,
ASN00092045,19561002,PRCP,61,,,a,
ASN00092045,19561003,PRCP,13,,,a,
ASN00092045,19561004,PRCP,0,,,a,
ASN00092045,19561005,PRCP,5,,,a,
ASN00092045,19561006,PRCP,0,,,a,
ASN00092045,19561007,PRCP,0,,,a,
ASN00092045,19561008,PRCP,5,,,a,
ASN00092045,19561009,PRCP,0,,,a,
ASN00092045,19561010,PRCP,3,,,a,
ASN00092045,19561011,PRCP,25,,,a,
ASN00092045,19561012,PRCP,0,,,a,
ASN00092045,19561013,PRCP,3,,,a,
ASN00092045,19561014,PRCP,64,,,a,
ASN00092045,19561015,PRCP,0,,,a,
ASN00092045,19561016,PRCP,102,,,a,
ASN00092045,19561017,PRCP,61,,,a,
ASN00092045,19561018,PRCP,36,,,a,
ASN00092045,19561019,PRCP,3,,,a,
ASN00092045,19561020,PRCP,0,,,a,
ASN00092045,19561021,PRCP,0,,,a,
ASN00092045,19561022,PRCP,15,,,a,
ASN00092045,19561023,PRCP,112,,,a,
ASN00092045,19561024,PRCP,0,,,a,
ASN00092045,19561025,PRCP,0,,,a,
ASN00092045,19561026,PRCP,20,,,a,
ASN00092045,19561027,PRCP,43,,,a,
ASN00092045,19561028,PRCP,188,,,a,
ASN00092045,19561029,PRCP,18,,,a,
ASN00092045,19561030,PRCP,25,,,a,
ASN00092045,19561031,PRCP,33,,,a,
ASN00092045,19561101,PRCP,102,,,a,
ASN00092045,19561102,PRCP,10,,,a,
ASN00092045,19561103,PRCP,15,,,a,
ASN00092045,19561104,PRCP,18,,,a,
ASN00092045,19561105,PRCP,8,,,a,
ASN00092045,19561106,PRCP,5,,,a,
ASN00092045,19561107,PRCP,3,,,a,
ASN00092045,19561108,PRCP,0,,,a,
ASN00092045,19561109,PRCP,0,,,a,
ASN00092045,19561110,PRCP,51,,,a,
ASN00092045,19561111,PRCP,173,,,a,
ASN00092045,19561112,PRCP,5,,,a,
ASN00092045,19561113,PRCP,0,,,a,
ASN00092045,19561114,PRCP,0,,,a,
ASN00092045,19561115,PRCP,0,,,a,
ASN00092045,19561116,PRCP,30,,,a,
ASN00092045,19561117,PRCP,30,,,a,
ASN00092045,19561118,PRCP,76,,,a,
ASN00092045,19561119,PRCP,61,,,a,
ASN00092045,19561120,PRCP,0,,,a,
ASN00092045,19561121,PRCP,0,,,a,
ASN00092045,19561122,PRCP,0,,,a,
ASN00092045,19561123,PRCP,0,,,a,
ASN00092045,19561124,PRCP,0,,,a,
ASN00092045,19561125,PRCP,74,,,a,
ASN00092045,19561126,PRCP,3,,,a,
ASN00092045,19561127,PRCP,0,,,a,
ASN00092045,19561128,PRCP,0,,,a,
ASN00092045,19561129,PRCP,0,,,a,
ASN00092045,19561130,PRCP,3,,,a,
ASN00092045,19561201,PRCP,0,,,a,
ASN00092045,19561202,PRCP,0,,,a,
ASN00092045,19561203,PRCP,51,,,a,
ASN00092045,19561204,PRCP,25,,,a,
ASN00092045,19561205,PRCP,8,,,a,
ASN00092045,19561206,PRCP,0,,,a,
ASN00092045,19561207,PRCP,5,,,a,
ASN00092045,19561208,PRCP,0,,,a,
ASN00092045,19561209,PRCP,0,,,a,
ASN00092045,19561210,PRCP,0,,,a,
ASN00092045,19561211,PRCP,0,,,a,
ASN00092045,19561212,PRCP,0,,,a,
ASN00092045,19561213,PRCP,10,,,a,
ASN00092045,19561214,PRCP,5,,,a,
ASN00092045,19561215,PRCP,13,,,a,
ASN00092045,19561216,PRCP,0,,,a,
ASN00092045,19561217,PRCP,0,,,a,
ASN00092045,19561218,PRCP,61,,,a,
ASN00092045,19561219,PRCP,58,,,a,
ASN00092045,19561220,PRCP,10,,,a,
ASN00092045,19561221,PRCP,5,,,a,
ASN00092045,19561222,PRCP,0,,,a,
ASN00092045,19561223,PRCP,0,,,a,
ASN00092045,19561224,PRCP,0,,,a,
ASN00092045,19561225,PRCP,0,,,a,
ASN00092045,19561226,PRCP,0,,,a,
ASN00092045,19561227,PRCP,0,,,a,
ASN00092045,19561228,PRCP,0,,,a,
ASN00092045,19561229,PRCP,8,,,a,
ASN00092045,19561230,PRCP,0,,,a,
ASN00092045,19561231,PRCP,13,,,a,
ASN00092045,19570101,TMAX,228,,,a,
ASN00092045,19570102,TMAX,194,,,a,
ASN00092045,19570103,TMAX,233,,,a,
ASN00092045,19570104,TMAX,217,,,a,
ASN00092045,19570105,TMAX,200,,,a,
ASN00092045,19570106,TMAX,206,,,a,
ASN00092045,19570107,TMAX,206,,,a,
ASN00092045,19570108,TMAX,200,,,a,
ASN00092045,19570109,TMAX,211,,,a,
ASN00092045,19570110,TMAX,228,,,a,
ASN00092045,19570111,TMAX,228,,,a,
ASN00092045,19570112,TMAX,233,,,a,
ASN00092045,19570113,TMAX,294,,,a,
ASN00092045,19570114,TMAX,211,,,a,
ASN00092045,19570115,TMAX,222,,,a,
ASN00092045,19570116,TMAX,172,,,a,
ASN00092045,19570117,TMAX,194,,,a,
ASN00092045,19570118,TMAX,194,,,a,
ASN00092045,19570119,TMAX,217,,,a,
ASN00092045,19570120,TMAX,222,,,a,
ASN00092045,19570121,TMAX,222,,,a,
ASN00092045,19570122,TMAX,194,,,a,
ASN00092045,19570123,TMAX,206,,,a,
ASN00092045,19570124,TMAX,200,,,a,
ASN00092045,19570125,TMAX,194,,,a,
ASN00092045,19570126,TMAX,167,,,a,
ASN00092045,19570127,TMAX,167,,,a,
ASN00092045,19570128,TMAX,189,,,a,
ASN00092045,19570129,TMAX,200,,,a,
ASN00092045,19570130,TMAX,222,,,a,
ASN00092045,19570131,TMAX,178,,,a,
ASN00092045,19570101,TMIN,89,,,a,
ASN00092045,19570102,TMIN,89,,,a,
ASN00092045,19570103,TMIN,122,,,a,
ASN00092045,19570104,TMIN,111,,,a,
ASN00092045,19570105,TMIN,94,,,a,
ASN00092045,19570106,TMIN,106,,,a,
ASN00092045,19570107,TMIN,83,,,a,
ASN00092045,19570108,TMIN,89,,,a,
ASN00092045,19570109,TMIN,72,,,a,
ASN00092045,19570110,TMIN,111,,,a,
ASN00092045,19570111,TMIN,106,,,a,
ASN00092045,19570112,TMIN,139,,,a,
ASN00092045,19570113,TMIN,128,,,a,
ASN00092045,19570114,TMIN,83,,,a,
ASN00092045,19570115,TMIN,128,,,a,
ASN00092045,19570116,TMIN,83,,,a,
ASN00092045,19570117,TMIN,83,,,a,
ASN00092045,19570118,TMIN,94,,,a,
ASN00092045,19570119,TMIN,117,,,a,
ASN00092045,19570120,TMIN,72,,,a,
ASN00092045,19570121,TMIN,117,,,a,
ASN00092045,19570122,TMIN,117,,,a,
ASN00092045,19570123,TMIN,111,,,a,
ASN00092045,19570124,TMIN,89,,,a,
ASN00092045,19570125,TMIN,106,,,a,
ASN00092045,19570126,TMIN,61,,,a,
ASN00092045,19570127,TMIN,100,,,a,
ASN00092045,19570128,TMIN,94,,,a,
ASN00092045,19570129,TMIN,122,,,a,
ASN00092045,19570130,TMIN,122,,,a,
ASN00092045,19570131,TMIN,139,,,a,
ASN00092045,19570101,PRCP,0,,,a,
ASN00092045,19570102,PRCP,0,,,a,
ASN00092045,19570103,PRCP,0,,,a,
ASN00092045,19570104,PRCP,0,,,a,
ASN00092045,19570105,PRCP,0,,,a,
ASN00092045,19570106,PRCP,0,,,a,
ASN00092045,19570107,PRCP,0,,,a,
ASN00092045,19570108,PRCP,18,,,a,
ASN00092045,19570109,PRCP,3,,,a,
ASN00092045,19570110,PRCP,0,,,a,
ASN00092045,19570111,PRCP,0,,,a,
ASN00092045,19570112,PRCP,0,,,a,
ASN00092045,19570113,PRCP,0,,,a,
ASN00092045,19570114,PRCP,0,,,a,
ASN00092045,19570115,PRCP,0,,,a,
ASN00092045,19570116,PRCP,0,,,a,
ASN00092045,19570117,PRCP,0,,,a,
ASN00092045,19570118,PRCP,0,,,a,
ASN00092045,19570119,PRCP,36,,,a,
ASN00092045,19570120,PRCP,0,,,a,
ASN00092045,19570121,PRCP,0,,,a,
ASN00092045,19570122,PRCP,0,,,a,
ASN00092045,19570123,PRCP,0,,,a,
ASN00092045,19570124,PRCP,0,,,a,
ASN00092045,19570125,PRCP,51,,,a,
ASN00092045,19570126,PRCP,0,,,a,
ASN00092045,19570127,PRCP,0,,,a,
ASN00092045,19570128,PRCP,0,,,a,
ASN00092045,19570129,PRCP,0,,,a,
ASN00092045,19570130,PRCP,3,,,a,
ASN00092045,19570131,PRCP,0,,,a,
ASN00092045,19570201,TMAX,178,,,a,
ASN00092045,19570202,TMAX,239,,,a,
ASN00092045,19570203,TMAX,189,,,a,
ASN00092045,19570204,TMAX,167,,,a,
ASN00092045,19570205,TMAX,178,,,a,
ASN00092045,19570206,TMAX,172,,,a,
ASN00092045,19570207,TMAX,183,,,a,
ASN00092045,19570208,TMAX,239,,,a,
ASN00092045,19570209,TMAX,211,,,a,
ASN00092045,19570210,TMAX,222,,,a,
ASN00092045,19570211,TMAX,194,,,a,
ASN00092045,19570212,TMAX,211,,,a,
ASN00092045,19570213,TMAX,211,,,a,
ASN00092045,19570214,TMAX,211,,,a,
ASN00092045,19570215,TMAX,211,,,a,
ASN00092045,19570216,TMAX,178,,,a,
ASN00092045,19570217,TMAX,183,,,a,
ASN00092045,19570218,TMAX,183,,,a,
ASN00092045,19570219,TMAX,183,,,a,
ASN00092045,19570220,TMAX,200,,,a,
ASN00092045,19570221,TMAX,172,,,a,
ASN00092045,19570222,TMAX,200,,,a,
ASN00092045,19570223,TMAX,206,,,a,
ASN00092045,19570224,TMAX,228,,,a,
ASN00092045,19570225,TMAX,189,,,a,
ASN00092045,19570226,TMAX,183,,,a,
ASN00092045,19570227,TMAX,211,,,a,
ASN00092045,19570228,TMAX,239,,,a,
ASN00092045,19570201,TMIN,133,,,a,
ASN00092045,19570202,TMIN,122,,,a,
ASN00092045,19570203,TMIN,83,,,a,
ASN00092045,19570204,TMIN,117,,,a,
ASN00092045,19570205,TMIN,122,,,a,
ASN00092045,19570206,TMIN,128,,,a,
ASN00092045,19570207,TMIN,150,,,a,
ASN00092045,19570208,TMIN,156,,,a,
ASN00092045,19570209,TMIN,139,,,a,
ASN00092045,19570210,TMIN,122,,,a,
ASN00092045,19570211,TMIN,106,,,a,
ASN00092045,19570212,TMIN,100,,,a,
ASN00092045,19570213,TMIN,144,,,a,
ASN00092045,19570214,TMIN,150,,,a,
ASN00092045,19570215,TMIN,139,,,a,
ASN00092045,19570216,TMIN,67,,,a,
ASN00092045,19570217,TMIN,94,,,a,
ASN00092045,19570218,TMIN,100,,,a,
ASN00092045,19570219,TMIN,139,,,a,
ASN00092045,19570220,TMIN,139,,,a,
ASN00092045,19570221,TMIN,111,,,a,
ASN00092045,19570222,TMIN,106,,,a,
ASN00092045,19570223,TMIN,100,,,a,
ASN00092045,19570224,TMIN,128,,,a,
ASN00092045,19570225,TMIN,78,,,a,
ASN00092045,19570226,TMIN,94,,,a,
ASN00092045,19570227,TMIN,128,,,a,
ASN00092045,19570228,TMIN,150,,,a,
ASN00092045,19570201,PRCP,0,,,a,
ASN00092045,19570202,PRCP,0,,,a,
ASN00092045,19570203,PRCP,28,,,a,
ASN00092045,19570204,PRCP,0,,,a,
ASN00092045,19570205,PRCP,0,,,a,
ASN00092045,19570206,PRCP,0,,,a,
ASN00092045,19570207,PRCP,0,,,a,
ASN00092045,19570208,PRCP,140,,,a,
ASN00092045,19570209,PRCP,0,,,a,
ASN00092045,19570210,PRCP,0,,,a,
ASN00092045,19570211,PRCP,25,,,a,
ASN00092045,19570212,PRCP,0,,,a,
ASN00092045,19570213,PRCP,0,,,a,
ASN00092045,19570214,PRCP,0,,,a,
ASN00092045,19570215,PRCP,0,,,a,
ASN00092045,19570216,PRCP,58,,,a,
ASN00092045,19570217,PRCP,0,,,a,
ASN00092045,19570218,PRCP,0,,,a,
ASN00092045,19570219,PRCP,8,,,a,
ASN00092045,19570220,PRCP,20,,,a,
ASN00092045,19570221,PRCP,30,,,a,
ASN00092045,19570222,PRCP,0,,,a,
ASN00092045,19570223,PRCP,0,,,a,
ASN00092045,19570224,PRCP,0,,,a,
ASN00092045,19570225,PRCP,0,,,a,
ASN00092045,19570226,PRCP,0,,,a,
ASN00092045,19570227,PRCP,0,,,a,
ASN00092045,19570228,PRCP,0,,,a,
ASN00092045,19570301,TMAX,211,,,a,
ASN00092045,19570302,TMAX,244,,,a,
ASN00092045,19570303,TMAX,211,,,a,
ASN00092045,19570304,TMAX,167,,,a,
ASN00092045,19570305,TMAX,183,,,a,
ASN00092045,19570306,TMAX,183,,,a,
ASN00092045,19570307,TMAX,194,,,a,
ASN00092045,19570308,TMAX,211,,,a,
ASN00092045,19570309,TMAX,194,,,a,
ASN00092045,19570310,TMAX,206,,,a,
ASN00092045,19570311,TMAX,211,,,a,
ASN00092045,19570312,TMAX,200,,,a,
ASN00092045,19570313,TMAX,194,,,a,
ASN00092045,19570314,TMAX,189,,,a,
ASN00092045,19570315,TMAX,200,,,a,
ASN00092045,19570316,TMAX,167,,,a,
ASN00092045,19570317,TMAX,200,,,a,
ASN00092045,19570318,TMAX,211,,,a,
ASN00092045,19570319,TMAX,178,,,a,
ASN00092045,19570320,TMAX,161,,,a,
ASN00092045,19570321,TMAX,189,,,a,
ASN00092045,19570322,TMAX,211,,,a,
ASN00092045,19570323,TMAX,150,,,a,
ASN00092045,19570324,TMAX,150,,,a,
ASN00092045,19570325,TMAX,161,,,a,
ASN00092045,19570326,TMAX,183,,,a,
ASN00092045,19570327,TMAX,206,,,a,
ASN00092045,19570328,TMAX,200,,,a,
ASN00092045,19570329,TMAX,161,,,a,
ASN00092045,19570330,TMAX,194,,,a,
ASN00092045,19570331,TMAX,194,,,a,
ASN00092045,19570301,TMIN,128,,,a,
ASN00092045,19570302,TMIN,122,,,a,
ASN00092045,19570303,TMIN,117,,,a,
ASN00092045,19570304,TMIN,94,,,a,
ASN00092045,19570305,TMIN,133,,,a,
ASN00092045,19570306,TMIN,139,,,a,
ASN00092045,19570307,TMIN,156,,,a,
ASN00092045,19570308,TMIN,139,,,a,
ASN00092045,19570309,TMIN,156,,,a,
ASN00092045,19570310,TMIN,122,,,a,
ASN00092045,19570311,TMIN,133,,,a,
ASN00092045,19570312,TMIN,122,,,a,
ASN00092045,19570313,TMIN,150,,,a,
ASN00092045,19570314,TMIN,89,,,a,
ASN00092045,19570315,TMIN,106,,,a,
ASN00092045,19570316,TMIN,78,,,a,
ASN00092045,19570317,TMIN,94,,,a,
ASN00092045,19570318,TMIN,117,,,a,
ASN00092045,19570319,TMIN,128,,,a,
ASN00092045,19570320,TMIN,89,,,a,
ASN00092045,19570321,TMIN,89,,,a,
ASN00092045,19570322,TMIN,117,,,a,
ASN00092045,19570323,TMIN,94,,,a,
ASN00092045,19570324,TMIN,117,,,a,
ASN00092045,19570325,TMIN,106,,,a,
ASN00092045,19570326,TMIN,133,,,a,
ASN00092045,19570327,TMIN,128,,,a,
ASN00092045,19570328,TMIN,83,,,a,
ASN00092045,19570329,TMIN,122,,,a,
ASN00092045,19570330,TMIN,139,,,a,
ASN00092045,19570331,TMIN,128,,,a,
ASN00092045,19570301,PRCP,0,,,a,
ASN00092045,19570302,PRCP,8,,,a,
ASN00092045,19570303,PRCP,0,,,a,
ASN00092045,19570304,PRCP,0,,,a,
ASN00092045,19570305,PRCP,0,,,a,
ASN00092045,19570306,PRCP,0,,,a,
ASN00092045,19570307,PRCP,0,,,a,
ASN00092045,19570308,PRCP,0,,,a,
ASN00092045,19570309,PRCP,0,,,a,
ASN00092045,19570310,PRCP,127,,,a,
ASN00092045,19570311,PRCP,0,,,a,
ASN00092045,19570312,PRCP,0,,,a,
ASN00092045,19570313,PRCP,0,,,a,
ASN00092045,19570314,PRCP,61,,,a,
ASN00092045,19570315,PRCP,0,,,a,
ASN00092045,19570316,PRCP,0,,,a,
ASN00092045,19570317,PRCP,0,,,a,
ASN00092045,19570318,PRCP,0,,,a,
ASN00092045,19570319,PRCP,0,,,a,
ASN00092045,19570320,PRCP,0,,,a,
ASN00092045,19570321,PRCP,0,,,a,
ASN00092045,19570322,PRCP,0,,,a,
ASN00092045,19570323,PRCP,0,,,a,
ASN00092045,19570324,PRCP,0,,,a,
ASN00092045,19570325,PRCP,0,,,a,
ASN00092045,19570326,PRCP,0,,,a,
ASN00092045,19570327,PRCP,0,,,a,
ASN00092045,19570328,PRCP,0,,,a,
ASN00092045,19570329,PRCP,89,,,a,
ASN00092045,19570330,PRCP,99,,,a,
ASN00092045,19570331,PRCP,0,,,a,
ASN00092045,19570401,TMAX,183,,,a,
ASN00092045,19570402,TMAX,167,,,a,
ASN00092045,19570403,TMAX,172,,,a,
ASN00092045,19570404,TMAX,189,,,a,
ASN00092045,19570405,TMAX,200,,,a,
ASN00092045,19570406,TMAX,178,,,a,
ASN00092045,19570407,TMAX,133,,,a,
ASN00092045,19570408,TMAX,161,,,a,
ASN00092045,19570409,TMAX,206,,,a,
ASN00092045,19570410,TMAX,189,,,a,
ASN00092045,19570411,TMAX,189,,,a,
ASN00092045,19570412,TMAX,200,,,a,
ASN00092045,19570413,TMAX,183,,,a,
ASN00092045,19570414,TMAX,139,,,a,
ASN00092045,19570415,TMAX,172,,,a,
ASN00092045,19570416,TMAX,183,,,a,
ASN00092045,19570417,TMAX,167,,,a,
ASN00092045,19570418,TMAX,167,,,a,
ASN00092045,19570419,TMAX,172,,,a,
ASN00092045,19570420,TMAX,178,,,a,
ASN00092045,19570421,TMAX,167,,,a,
ASN00092045,19570422,TMAX,172,,,a,
ASN00092045,19570423,TMAX,178,,,a,
ASN00092045,19570424,TMAX,178,,,a,
ASN00092045,19570425,TMAX,156,,,a,
ASN00092045,19570426,TMAX,172,,,a,
ASN00092045,19570427,TMAX,172,,,a,
ASN00092045,19570428,TMAX,161,,,a,
ASN00092045,19570429,TMAX,161,,,a,
ASN00092045,19570430,TMAX,156,,,a,
ASN00092045,19570401,TMIN,89,,,a,
ASN00092045,19570402,TMIN,78,,,a,
ASN00092045,19570403,TMIN,94,,,a,
ASN00092045,19570404,TMIN,111,,,a,
ASN00092045,19570405,TMIN,111,,,a,
ASN00092045,19570406,TMIN,106,,,a,
ASN00092045,19570407,TMIN,111,,,a,
ASN00092045,19570408,TMIN,117,,,a,
ASN00092045,19570409,TMIN,150,,,a,
ASN00092045,19570410,TMIN,128,,,a,
ASN00092045,19570411,TMIN,83,,,a,
ASN00092045,19570412,TMIN,117,,,a,
ASN00092045,19570413,TMIN,117,,,a,
ASN00092045,19570414,TMIN,56,,,a,
ASN00092045,19570415,TMIN,83,,,a,
ASN00092045,19570416,TMIN,139,,,a,
ASN00092045,19570417,TMIN,150,,,a,
ASN00092045,19570418,TMIN,139,,,a,
ASN00092045,19570419,TMIN,111,,,a,
ASN00092045,19570420,TMIN,94,,,a,
ASN00092045,19570421,TMIN,111,,,a,
ASN00092045,19570422,TMIN,100,,,a,
ASN00092045,19570423,TMIN,94,,,a,
ASN00092045,19570424,TMIN,122,,,a,
ASN00092045,19570425,TMIN,94,,,a,
ASN00092045,19570426,TMIN,117,,,a,
ASN00092045,19570427,TMIN,133,,,a,
ASN00092045,19570428,TMIN,106,,,a,
ASN00092045,19570429,TMIN,89,,,a,
ASN00092045,19570430,TMIN,72,,,a,
ASN00092045,19570401,PRCP,30,,,a,
ASN00092045,19570402,PRCP,5,,,a,
ASN00092045,19570403,PRCP,0,,,a,
ASN00092045,19570404,PRCP,0,,,a,
ASN00092045,19570405,PRCP,0,,,a,
ASN00092045,19570406,PRCP,0,,,a,
ASN00092045,19570407,PRCP,0,,,a,
ASN00092045,19570408,PRCP,5,,,a,
ASN00092045,19570409,PRCP,3,,,a,
ASN00092045,19570410,PRCP,23,,,a,
ASN00092045,19570411,PRCP,20,,,a,
ASN00092045,19570412,PRCP,0,,,a,
ASN00092045,19570413,PRCP,5,,,a,
ASN00092045,19570414,PRCP,8,,,a,
ASN00092045,19570415,PRCP,0,,,a,
ASN00092045,19570416,PRCP,0,,,a,
ASN00092045,19570417,PRCP,0,,,a,
ASN00092045,19570418,PRCP,363,,,a,
ASN00092045,19570419,PRCP,13,,,a,
ASN00092045,19570420,PRCP,0,,,a,
ASN00092045,19570421,PRCP,66,,,a,
ASN00092045,19570422,PRCP,5,,,a,
ASN00092045,19570423,PRCP,5,,,a,
ASN00092045,19570424,PRCP,8,,,a,
ASN00092045,19570425,PRCP,193,,,a,
ASN00092045,19570426,PRCP,0,,,a,
ASN00092045,19570427,PRCP,41,,,a,
ASN00092045,19570428,PRCP,28,,,a,
ASN00092045,19570429,PRCP,18,,,a,
ASN00092045,19570430,PRCP,66,,,a,
ASN00092045,19570501,TMAX,128,,,a,
ASN00092045,19570502,TMAX,144,,,a,
ASN00092045,19570503,TMAX,178,,,a,
ASN00092045,19570504,TMAX,183,,,a,
ASN00092045,19570505,TMAX,178,,,a,
ASN00092045,19570506,TMAX,172,,,a,
ASN00092045,19570507,TMAX,178,,,a,
ASN00092045,19570508,TMAX,183,,,a,
ASN00092045,19570509,TMAX,139,,,a,
ASN00092045,19570510,TMAX,167,,,a,
ASN00092045,19570511,TMAX,161,,,a,
ASN00092045,19570512,TMAX,150,,,a,
ASN00092045,19570513,TMAX,144,,,a,
ASN00092045,19570514,TMAX,122,,,a,
ASN00092045,19570515,TMAX,128,,,a,
ASN00092045,19570516,TMAX,150,,,a,
ASN00092045,19570517,TMAX,133,,,a,
ASN00092045,19570518,TMAX,150,,,a,
ASN00092045,19570519,TMAX,128,,,a,
ASN00092045,19570520,TMAX,117,,,a,
ASN00092045,19570521,TMAX,133,,,a,
ASN00092045,19570522,TMAX,111,,,a,
ASN00092045,19570523,TMAX,122,,,a,
ASN00092045,19570524,TMAX,150,,,a,
ASN00092045,19570525,TMAX,156,,,a,
ASN00092045,19570526,TMAX,139,,,a,
ASN00092045,19570527,TMAX,161,,,a,
ASN00092045,19570528,TMAX,150,,,a,
ASN00092045,19570529,TMAX,156,,,a,
ASN00092045,19570530,TMAX,128,,,a,
ASN00092045,19570531,TMAX,139,,,a,
ASN00092045,19570501,TMIN,78,,,a,
ASN00092045,19570502,TMIN,56,,,a,
ASN00092045,19570503,TMIN,72,,,a,
ASN00092045,19570504,TMIN,111,,,a,
ASN00092045,19570505,TMIN,61,,,a,
ASN00092045,19570506,TMIN,111,,,a,
ASN00092045,19570507,TMIN,111,,,a,
ASN00092045,19570508,TMIN,117,,,a,
ASN00092045,19570509,TMIN,111,,,a,
ASN00092045,19570510,TMIN,111,,,a,
ASN00092045,19570511,TMIN,100,,,a,
ASN00092045,19570512,TMIN,94,,,a,
ASN00092045,19570513,TMIN,106,,,a,
ASN00092045,19570514,TMIN,67,,,a,
ASN00092045,19570515,TMIN,33,,,a,
ASN00092045,19570516,TMIN,72,,,a,
ASN00092045,19570517,TMIN,117,,,a,
ASN00092045,19570518,TMIN,106,,,a,
ASN00092045,19570519,TMIN,83,,,a,
ASN00092045,19570520,TMIN,50,,,a,
ASN00092045,19570521,TMIN,56,,,a,
ASN00092045,19570522,TMIN,33,,,a,
ASN00092045,19570523,TMIN,33,,,a,
ASN00092045,19570524,TMIN,78,,,a,
ASN00092045,19570525,TMIN,72,,,a,
ASN00092045,19570526,TMIN,72,,,a,
ASN00092045,19570527,TMIN,100,,,a,
ASN00092045,19570528,TMIN,83,,,a,
ASN00092045,19570529,TMIN,111,,,a,
ASN00092045,19570530,TMIN,89,,,a,
ASN00092045,19570531,TMIN,67,,,a,
ASN00092045,19570501,PRCP,124,,,a,
ASN00092045,19570502,PRCP,130,,,a,
ASN00092045,19570503,PRCP,0,,,a,
ASN00092045,19570504,PRCP,3,,,a,
ASN00092045,19570505,PRCP,0,,,a,
ASN00092045,19570506,PRCP,0,,,a,
ASN00092045,19570507,PRCP,0,,,a,
ASN00092045,19570508,PRCP,3,,,a,
ASN00092045,19570509,PRCP,0,,,a,
ASN00092045,19570510,PRCP,0,,,a,
ASN00092045,19570511,PRCP,3,,,a,
ASN00092045,19570512,PRCP,0,,,a,
ASN00092045,19570513,PRCP,86,,,a,
ASN00092045,19570514,PRCP,0,,,a,
ASN00092045,19570515,PRCP,0,,,a,
ASN00092045,19570516,PRCP,0,,,a,
ASN00092045,19570517,PRCP,15,,,a,
ASN00092045,19570518,PRCP,3,,,a,
ASN00092045,19570519,PRCP,5,,,a,
ASN00092045,19570520,PRCP,8,,,a,
ASN00092045,19570521,PRCP,0,,,a,
ASN00092045,19570522,PRCP,0,,,a,
ASN00092045,19570523,PRCP,5,,,a,
ASN00092045,19570524,PRCP,13,,,a,
ASN00092045,19570525,PRCP,0,,,a,
ASN00092045,19570526,PRCP,15,,,a,
ASN00092045,19570527,PRCP,20,,,a,
ASN00092045,19570528,PRCP,0,,,a,
ASN00092045,19570529,PRCP,8,,,a,
ASN00092045,19570530,PRCP,10,,,a,
ASN00092045,19570531,PRCP,3,,,a,
ASN00092045,19570601,TMAX,167,,,a,
ASN00092045,19570602,TMAX,150,,,a,
ASN00092045,19570603,TMAX,189,,,a,
ASN00092045,19570604,TMAX,144,,,a,
ASN00092045,19570605,TMAX,133,,,a,
ASN00092045,19570606,TMAX,194,,,a,
ASN00092045,19570608,TMAX,161,,,a,
ASN00092045,19570609,TMAX,156,,,a,
ASN00092045,19570610,TMAX,133,,,a,
ASN00092045,19570611,TMAX,172,,,a,
ASN00092045,19570612,TMAX,167,,,a,
ASN00092045,19570613,TMAX,161,,,a,
ASN00092045,19570614,TMAX,117,,,a,
ASN00092045,19570615,TMAX,128,,,a,
ASN00092045,19570616,TMAX,133,,,a,
ASN00092045,19570617,TMAX,144,,,a,
ASN00092045,19570618,TMAX,133,,,a,
ASN00092045,19570619,TMAX,161,,,a,
ASN00092045,19570620,TMAX,133,,,a,
ASN00092045,19570621,TMAX,122,,,a,
ASN00092045,19570622,TMAX,122,,,a,
ASN00092045,19570623,TMAX,111,,,a,
ASN00092045,19570624,TMAX,117,,,a,
ASN00092045,19570625,TMAX,139,,,a,
ASN00092045,19570626,TMAX,139,,,a,
ASN00092045,19570627,TMAX,167,,,a,
ASN00092045,19570628,TMAX,150,,,a,
ASN00092045,19570629,TMAX,156,,,a,
ASN00092045,19570630,TMAX,133,,,a,
ASN00092045,19570601,TMIN,83,,,a,
ASN00092045,19570602,TMIN,111,,,a,
ASN00092045,19570603,TMIN,89,,,a,
ASN00092045,19570604,TMIN,100,,,a,
ASN00092045,19570605,TMIN,78,,,a,
ASN00092045,19570606,TMIN,72,,,a,
ASN00092045,19570608,TMIN,117,,,a,
ASN00092045,19570609,TMIN,106,,,a,
ASN00092045,19570610,TMIN,56,,,a,
ASN00092045,19570611,TMIN,106,,,a,
ASN00092045,19570612,TMIN,89,,,a,
ASN00092045,19570613,TMIN,72,,,a,
ASN00092045,19570614,TMIN,89,,,a,
ASN00092045,19570615,TMIN,44,,,a,
ASN00092045,19570616,TMIN,61,,,a,
ASN00092045,19570617,TMIN,67,,,a,
ASN00092045,19570618,TMIN,83,,,a,
ASN00092045,19570619,TMIN,100,,,a,
ASN00092045,19570620,TMIN,89,,,a,
ASN00092045,19570621,TMIN,100,,,a,
ASN00092045,19570622,TMIN,83,,,a,
ASN00092045,19570623,TMIN,67,,,a,
ASN00092045,19570624,TMIN,44,,,a,
ASN00092045,19570625,TMIN,39,,,a,
ASN00092045,19570626,TMIN,94,,,a,
ASN00092045,19570627,TMIN,100,,,a,
ASN00092045,19570628,TMIN,100,,,a,
ASN00092045,19570629,TMIN,94,,,a,
ASN00092045,19570630,TMIN,56,,,a,
ASN00092045,19570601,PRCP,3,,,a,
ASN00092045,19570602,PRCP,0,,,a,
ASN00092045,19570603,PRCP,3,,,a,
ASN00092045,19570604,PRCP,13,,,a,
ASN00092045,19570605,PRCP,3,,,a,
ASN00092045,19570606,PRCP,0,,,a,
ASN00092045,19570607,PRCP,0,,,a,
ASN00092045,19570608,PRCP,0,,,a,
ASN00092045,19570609,PRCP,0,,,a,
ASN00092045,19570610,PRCP,0,,,a,
ASN00092045,19570611,PRCP,0,,,a,
ASN00092045,19570612,PRCP,0,,,a,
ASN00092045,19570613,PRCP,3,,,a,
ASN00092045,19570614,PRCP,5,,,a,
ASN00092045,19570615,PRCP,0,,,a,
ASN00092045,19570616,PRCP,0,,,a,
ASN00092045,19570617,PRCP,0,,,a,
ASN00092045,19570618,PRCP,10,,,a,
ASN00092045,19570619,PRCP,20,,,a,
ASN00092045,19570620,PRCP,0,,,a,
ASN00092045,19570621,PRCP,64,,,a,
ASN00092045,19570622,PRCP,5,,,a,
ASN00092045,19570623,PRCP,0,,,a,
ASN00092045,19570624,PRCP,0,,,a,
ASN00092045,19570625,PRCP,0,,,a,
ASN00092045,19570626,PRCP,74,,,a,
ASN00092045,19570627,PRCP,13,,,a,
ASN00092045,19570628,PRCP,33,,,a,
ASN00092045,19570629,PRCP,0,,,a,
ASN00092045,19570630,PRCP,33,,,a,
ASN00092045,19570701,TMAX,111,,,a,
ASN00092045,19570702,TMAX,100,,,a,
ASN00092045,19570703,TMAX,122,,,a,
ASN00092045,19570704,TMAX,122,,,a,
ASN00092045,19570705,TMAX,139,,,a,
ASN00092045,19570706,TMAX,122,,,a,
ASN00092045,19570707,TMAX,128,,,a,
ASN00092045,19570708,TMAX,133,,,a,
ASN00092045,19570709,TMAX,139,,,a,
ASN00092045,19570710,TMAX,133,,,a,
ASN00092045,19570711,TMAX,128,,,a,
ASN00092045,19570712,TMAX,139,,,a,
ASN00092045,19570713,TMAX,133,,,a,
ASN00092045,19570714,TMAX,139,,,a,
ASN00092045,19570715,TMAX,133,,,a,
ASN00092045,19570716,TMAX,100,,,a,
ASN00092045,19570717,TMAX,128,,,a,
ASN00092045,19570718,TMAX,144,,,a,
ASN00092045,19570719,TMAX,139,,,a,
ASN00092045,19570720,TMAX,133,,,a,
ASN00092045,19570721,TMAX,117,,,a,
ASN00092045,19570722,TMAX,106,,,a,
ASN00092045,19570723,TMAX,111,,,a,
ASN00092045,19570724,TMAX,117,,,a,
ASN00092045,19570725,TMAX,117,,,a,
ASN00092045,19570726,TMAX,122,,,a,
ASN00092045,19570727,TMAX,117,,,a,
ASN00092045,19570728,TMAX,111,,,a,
ASN00092045,19570729,TMAX,117,,,a,
ASN00092045,19570730,TMAX,139,,,a,
ASN00092045,19570731,TMAX,133,,,a,
ASN00092045,19570701,TMIN,28,,,a,
ASN00092045,19570702,TMIN,22,,,a,
ASN00092045,19570703,TMIN,39,,,a,
ASN00092045,19570704,TMIN,78,,,a,
ASN00092045,19570705,TMIN,67,,,a,
ASN00092045,19570706,TMIN,61,,,a,
ASN00092045,19570707,TMIN,100,,,a,
ASN00092045,19570708,TMIN,67,,,a,
ASN00092045,19570709,TMIN,94,,,a,
ASN00092045,19570710,TMIN,89,,,a,
ASN00092045,19570711,TMIN,83,,,a,
ASN00092045,19570712,TMIN,111,,,a,
ASN00092045,19570713,TMIN,83,,,a,
ASN00092045,19570714,TMIN,83,,,a,
ASN00092045,19570715,TMIN,61,,,a,
ASN00092045,19570716,TMIN,67,,,a,
ASN00092045,19570717,TMIN,39,,,a,
ASN00092045,19570718,TMIN,67,,,a,
ASN00092045,19570719,TMIN,67,,,a,
ASN00092045,19570720,TMIN,50,,,a,
ASN00092045,19570721,TMIN,61,,,a,
ASN00092045,19570722,TMIN,56,,,a,
ASN00092045,19570723,TMIN,72,,,a,
ASN00092045,19570724,TMIN,56,,,a,
ASN00092045,19570725,TMIN,56,,,a,
ASN00092045,19570726,TMIN,28,,,a,
ASN00092045,19570727,TMIN,44,,,a,
ASN00092045,19570728,TMIN,56,,,a,
ASN00092045,19570729,TMIN,61,,,a,
ASN00092045,19570730,TMIN,50,,,a,
ASN00092045,19570731,TMIN,44,,,a,
ASN00092045,19570701,PRCP,0,,,a,
ASN00092045,19570702,PRCP,0,,,a,
ASN00092045,19570703,PRCP,0,,,a,
ASN00092045,19570704,PRCP,0,,,a,
ASN00092045,19570705,PRCP,0,,,a,
ASN00092045,19570706,PRCP,0,,,a,
ASN00092045,19570707,PRCP,0,,,a,
ASN00092045,19570708,PRCP,0,,,a,
ASN00092045,19570709,PRCP,18,,,a,
ASN00092045,19570710,PRCP,13,,,a,
ASN00092045,19570711,PRCP,18,,,a,
ASN00092045,19570712,PRCP,206,,,a,
ASN00092045,19570713,PRCP,58,,,a,
ASN00092045,19570714,PRCP,10,,,a,
ASN00092045,19570715,PRCP,0,,,a,
ASN00092045,19570716,PRCP,0,,,a,
ASN00092045,19570717,PRCP,0,,,a,
ASN00092045,19570718,PRCP,0,,,a,
ASN00092045,19570719,PRCP,0,,,a,
ASN00092045,19570720,PRCP,0,,,a,
ASN00092045,19570721,PRCP,18,,,a,
ASN00092045,19570722,PRCP,71,,,a,
ASN00092045,19570723,PRCP,18,,,a,
ASN00092045,19570724,PRCP,5,,,a,
ASN00092045,19570725,PRCP,8,,,a,
ASN00092045,19570726,PRCP,0,,,a,
ASN00092045,19570727,PRCP,0,,,a,
ASN00092045,19570728,PRCP,0,,,a,
ASN00092045,19570729,PRCP,0,,,a,
ASN00092045,19570730,PRCP,0,,,a,
ASN00092045,19570731,PRCP,0,,,a,
ASN00092045,19570801,TMAX,139,,,a,
ASN00092045,19570802,TMAX,139,,,a,
ASN00092045,19570803,TMAX,144,,,a,
ASN00092045,19570804,TMAX,139,,,a,
ASN00092045,19570805,TMAX,139,,,a,
ASN00092045,19570806,TMAX,133,,,a,
ASN00092045,19570807,TMAX,144,,,a,
ASN00092045,19570808,TMAX,122,,,a,
ASN00092045,19570809,TMAX,106,,,a,
ASN00092045,19570810,TMAX,128,,,a,
ASN00092045,19570811,TMAX,144,,,a,
ASN00092045,19570812,TMAX,133,,,a,
ASN00092045,19570813,TMAX,122,,,a,
ASN00092045,19570814,TMAX,122,,,a,
ASN00092045,19570815,TMAX,122,,,a,
ASN00092045,19570816,TMAX,139,,,a,
ASN00092045,19570817,TMAX,133,,,a,
ASN00092045,19570818,TMAX,156,,,a,
ASN00092045,19570819,TMAX,150,,,a,
ASN00092045,19570820,TMAX,178,,,a,
ASN00092045,19570821,TMAX,128,,,a,
ASN00092045,19570822,TMAX,128,,,a,
ASN00092045,19570823,TMAX,133,,,a,
ASN00092045,19570824,TMAX,133,,,a,
ASN00092045,19570825,TMAX,122,,,a,
ASN00092045,19570826,TMAX,117,,,a,
ASN00092045,19570827,TMAX,133,,,a,
ASN00092045,19570828,TMAX,128,,,a,
ASN00092045,19570829,TMAX,139,,,a,
ASN00092045,19570830,TMAX,150,,,a,
ASN00092045,19570831,TMAX,133,,,a,
ASN00092045,19570801,TMIN,67,,,a,
ASN00092045,19570802,TMIN,67,,,a,
ASN00092045,19570803,TMIN,67,,,a,
ASN00092045,19570804,TMIN,44,,,a,
ASN00092045,19570805,TMIN,39,,,a,
ASN00092045,19570806,TMIN,100,,,a,
ASN00092045,19570807,TMIN,78,,,a,
ASN00092045,19570808,TMIN,94,,,a,
ASN00092045,19570809,TMIN,78,,,a,
ASN00092045,19570810,TMIN,61,,,a,
ASN00092045,19570811,TMIN,67,,,a,
ASN00092045,19570812,TMIN,39,,,a,
ASN00092045,19570813,TMIN,78,,,a,
ASN00092045,19570814,TMIN,61,,,a,
ASN00092045,19570815,TMIN,67,,,a,
ASN00092045,19570816,TMIN,39,,,a,
ASN00092045,19570817,TMIN,67,,,a,
ASN00092045,19570818,TMIN,106,,,a,
ASN00092045,19570819,TMIN,94,,,a,
ASN00092045,19570820,TMIN,100,,,a,
ASN00092045,19570821,TMIN,94,,,a,
ASN00092045,19570822,TMIN,100,,,a,
ASN00092045,19570823,TMIN,94,,,a,
ASN00092045,19570824,TMIN,94,,,a,
ASN00092045,19570825,TMIN,94,,,a,
ASN00092045,19570826,TMIN,83,,,a,
ASN00092045,19570827,TMIN,78,,,a,
ASN00092045,19570828,TMIN,78,,,a,
ASN00092045,19570829,TMIN,83,,,a,
ASN00092045,19570830,TMIN,94,,,a,
ASN00092045,19570831,TMIN,50,,,a,
ASN00092045,19570801,PRCP,30,,,a,
ASN00092045,19570802,PRCP,5,,,a,
ASN00092045,19570803,PRCP,3,,,a,
ASN00092045,19570804,PRCP,0,,,a,
ASN00092045,19570805,PRCP,0,,,a,
ASN00092045,19570806,PRCP,0,,,a,
ASN00092045,19570807,PRCP,10,,,a,
ASN00092045,19570808,PRCP,94,,,a,
ASN00092045,19570809,PRCP,41,,,a,
ASN00092045,19570810,PRCP,25,,,a,
ASN00092045,19570811,PRCP,8,,,a,
ASN00092045,19570812,PRCP,0,,,a,
ASN00092045,19570813,PRCP,13,,,a,
ASN00092045,19570814,PRCP,0,,,a,
ASN00092045,19570815,PRCP,0,,,a,
ASN00092045,19570816,PRCP,0,,,a,
ASN00092045,19570817,PRCP,0,,,a,
ASN00092045,19570818,PRCP,0,,,a,
ASN00092045,19570819,PRCP,0,,,a,
ASN00092045,19570820,PRCP,8,,,a,
ASN00092045,19570821,PRCP,74,,,a,
ASN00092045,19570822,PRCP,0,,,a,
ASN00092045,19570823,PRCP,0,,,a,
ASN00092045,19570824,PRCP,30,,,a,
ASN00092045,19570825,PRCP,5,,,a,
ASN00092045,19570826,PRCP,28,,,a,
ASN00092045,19570827,PRCP,41,,,a,
ASN00092045,19570828,PRCP,0,,,a,
ASN00092045,19570829,PRCP,3,,,a,
ASN00092045,19570830,PRCP,0,,,a,
ASN00092045,19570831,PRCP,5,,,a,
ASN00092045,19570901,TMAX,111,,,a,
ASN00092045,19570902,TMAX,139,,,a,
ASN00092045,19570903,TMAX,133,,,a,
ASN00092045,19570904,TMAX,139,,,a,
ASN00092045,19570905,TMAX,150,,,a,
ASN00092045,19570906,TMAX,139,,,a,
ASN00092045,19570907,TMAX,156,,,a,
ASN00092045,19570908,TMAX,150,,,a,
ASN00092045,19570909,TMAX,156,,,a,
ASN00092045,19570910,TMAX,150,,,a,
ASN00092045,19570911,TMAX,144,,,a,
ASN00092045,19570912,TMAX,167,,,a,
ASN00092045,19570913,TMAX,167,,,a,
ASN00092045,19570914,TMAX,183,,,a,
ASN00092045,19570915,TMAX,128,,,a,
ASN00092045,19570916,TMAX,128,,,a,
ASN00092045,19570917,TMAX,144,,,a,
ASN00092045,19570918,TMAX,128,,,a,
ASN00092045,19570919,TMAX,150,,,a,
ASN00092045,19570920,TMAX,161,,,a,
ASN00092045,19570921,TMAX,183,,,a,
ASN00092045,19570922,TMAX,161,,,a,
ASN00092045,19570923,TMAX,161,,,a,
ASN00092045,19570924,TMAX,144,,,a,
ASN00092045,19570925,TMAX,144,,,a,
ASN00092045,19570926,TMAX,139,,,a,
ASN00092045,19570927,TMAX,144,,,a,
ASN00092045,19570928,TMAX,161,,,a,
ASN00092045,19570929,TMAX,150,,,a,
ASN00092045,19570930,TMAX,128,,,a,
ASN00092045,19570901,TMIN,44,,,a,
ASN00092045,19570902,TMIN,44,,,a,
ASN00092045,19570903,TMIN,44,,,a,
ASN00092045,19570904,TMIN,56,,,a,
ASN00092045,19570905,TMIN,61,,,a,
ASN00092045,19570906,TMIN,117,,,a,
ASN00092045,19570907,TMIN,94,,,a,
ASN00092045,19570908,TMIN,83,,,a,
ASN00092045,19570909,TMIN,83,,,a,
ASN00092045,19570910,TMIN,61,,,a,
ASN00092045,19570911,TMIN,72,,,a,
ASN00092045,19570912,TMIN,94,,,a,
ASN00092045,19570913,TMIN,78,,,a,
ASN00092045,19570914,TMIN,106,,,a,
ASN00092045,19570915,TMIN,78,,,a,
ASN00092045,19570916,TMIN,78,,,a,
ASN00092045,19570917,TMIN,61,,,a,
ASN00092045,19570918,TMIN,67,,,a,
ASN00092045,19570919,TMIN,56,,,a,
ASN00092045,19570920,TMIN,50,,,a,
ASN00092045,19570921,TMIN,83,,,a,
ASN00092045,19570922,TMIN,94,,,a,
ASN00092045,19570923,TMIN,94,,,a,
ASN00092045,19570924,TMIN,72,,,a,
ASN00092045,19570925,TMIN,44,,,a,
ASN00092045,19570926,TMIN,44,,,a,
ASN00092045,19570927,TMIN,33,,,a,
ASN00092045,19570928,TMIN,33,,,a,
ASN00092045,19570929,TMIN,44,,,a,
ASN00092045,19570930,TMIN,44,,,a,
ASN00092045,19570901,PRCP,5,,,a,
ASN00092045,19570902,PRCP,5,,,a,
ASN00092045,19570903,PRCP,0,,,a,
ASN00092045,19570904,PRCP,0,,,a,
ASN00092045,19570905,PRCP,0,,,a,
ASN00092045,19570906,PRCP,0,,,a,
ASN00092045,19570907,PRCP,56,,,a,
ASN00092045,19570908,PRCP,3,,,a,
ASN00092045,19570909,PRCP,0,,,a,
ASN00092045,19570910,PRCP,0,,,a,
ASN00092045,19570911,PRCP,3,,,a,
ASN00092045,19570912,PRCP,0,,,a,
ASN00092045,19570913,PRCP,0,,,a,
ASN00092045,19570914,PRCP,0,,,a,
ASN00092045,19570915,PRCP,145,,,a,
ASN00092045,19570916,PRCP,15,,,a,
ASN00092045,19570917,PRCP,46,,,a,
ASN00092045,19570918,PRCP,0,,,a,
ASN00092045,19570919,PRCP,46,,,a,
ASN00092045,19570920,PRCP,0,,,a,
ASN00092045,19570921,PRCP,0,,,a,
ASN00092045,19570922,PRCP,0,,,a,
ASN00092045,19570923,PRCP,3,,,a,
ASN00092045,19570924,PRCP,0,,,a,
ASN00092045,19570925,PRCP,28,,,a,
ASN00092045,19570926,PRCP,0,,,a,
ASN00092045,19570927,PRCP,10,,,a,
ASN00092045,19570928,PRCP,25,,,a,
ASN00092045,19570929,PRCP,0,,,a,
ASN00092045,19570930,PRCP,15,,,a,
ASN00092045,19571001,TMAX,128,,,a,
ASN00092045,19571002,TMAX,117,,,a,
ASN00092045,19571003,TMAX,161,,,a,
ASN00092045,19571004,TMAX,144,,,a,
ASN00092045,19571005,TMAX,150,,,a,
ASN00092045,19571006,TMAX,172,,,a,
ASN00092045,19571007,TMAX,156,,,a,
ASN00092045,19571008,TMAX,178,,,a,
ASN00092045,19571009,TMAX,183,,,a,
ASN00092045,19571010,TMAX,156,,,a,
ASN00092045,19571011,TMAX,128,,,a,
ASN00092045,19571012,TMAX,167,,,a,
ASN00092045,19571013,TMAX,178,,,a,
ASN00092045,19571014,TMAX,189,,,a,
ASN00092045,19571015,TMAX,172,,,a,
ASN00092045,19571016,TMAX,172,,,a,
ASN00092045,19571017,TMAX,189,,,a,
ASN00092045,19571018,TMAX,178,,,a,
ASN00092045,19571019,TMAX,139,,,a,
ASN00092045,19571020,TMAX,183,,,a,
ASN00092045,19571021,TMAX,211,,,a,
ASN00092045,19571022,TMAX,161,,,a,
ASN00092045,19571023,TMAX,122,,,a,
ASN00092045,19571024,TMAX,178,,,a,
ASN00092045,19571025,TMAX,183,,,a,
ASN00092045,19571026,TMAX,189,,,a,
ASN00092045,19571027,TMAX,172,,,a,
ASN00092045,19571028,TMAX,161,,,a,
ASN00092045,19571029,TMAX,172,,,a,
ASN00092045,19571030,TMAX,183,,,a,
ASN00092045,19571031,TMAX,189,,,a,
ASN00092045,19571001,TMIN,22,,,a,
ASN00092045,19571002,TMIN,22,,,a,
ASN00092045,19571003,TMIN,28,,,a,
ASN00092045,19571004,TMIN,44,,,a,
ASN00092045,19571005,TMIN,33,,,a,
ASN00092045,19571006,TMIN,111,,,a,
ASN00092045,19571007,TMIN,94,,,a,
ASN00092045,19571008,TMIN,56,,,a,
ASN00092045,19571009,TMIN,94,,,a,
ASN00092045,19571010,TMIN,67,,,a,
ASN00092045,19571011,TMIN,56,,,a,
ASN00092045,19571012,TMIN,50,,,a,
ASN00092045,19571013,TMIN,50,,,a,
ASN00092045,19571014,TMIN,83,,,a,
ASN00092045,19571015,TMIN,100,,,a,
ASN00092045,19571016,TMIN,100,,,a,
ASN00092045,19571017,TMIN,89,,,a,
ASN00092045,19571018,TMIN,106,,,a,
ASN00092045,19571019,TMIN,89,,,a,
ASN00092045,19571020,TMIN,111,,,a,
ASN00092045,19571021,TMIN,106,,,a,
ASN00092045,19571022,TMIN,67,,,a,
ASN00092045,19571023,TMIN,78,,,a,
ASN00092045,19571024,TMIN,61,,,a,
ASN00092045,19571025,TMIN,94,,,a,
ASN00092045,19571026,TMIN,72,,,a,
ASN00092045,19571027,TMIN,100,,,a,
ASN00092045,19571028,TMIN,50,,,a,
ASN00092045,19571029,TMIN,50,,,a,
ASN00092045,19571030,TMIN,56,,,a,
ASN00092045,19571031,TMIN,72,,,a,
ASN00092045,19571001,PRCP,23,,,a,
ASN00092045,19571002,PRCP,5,,,a,
ASN00092045,19571003,PRCP,0,,,a,
ASN00092045,19571004,PRCP,0,,,a,
ASN00092045,19571005,PRCP,0,,,a,
ASN00092045,19571006,PRCP,3,,,a,
ASN00092045,19571007,PRCP,0,,,a,
ASN00092045,19571008,PRCP,0,,,a,
ASN00092045,19571009,PRCP,3,,,a,
ASN00092045,19571010,PRCP,15,,,a,
ASN00092045,19571011,PRCP,18,,,a,
ASN00092045,19571012,PRCP,157,,,a,
ASN00092045,19571013,PRCP,0,,,a,
ASN00092045,19571014,PRCP,0,,,a,
ASN00092045,19571015,PRCP,0,,,a,
ASN00092045,19571016,PRCP,56,,,a,
ASN00092045,19571017,PRCP,8,,,a,
ASN00092045,19571018,PRCP,3,,,a,
ASN00092045,19571019,PRCP,0,,,a,
ASN00092045,19571020,PRCP,0,,,a,
ASN00092045,19571021,PRCP,0,,,a,
ASN00092045,19571022,PRCP,3,,,a,
ASN00092045,19571023,PRCP,262,,,a,
ASN00092045,19571024,PRCP,168,,,a,
ASN00092045,19571025,PRCP,0,,,a,
ASN00092045,19571026,PRCP,0,,,a,
ASN00092045,19571027,PRCP,3,,,a,
ASN00092045,19571028,PRCP,0,,,a,
ASN00092045,19571029,PRCP,0,,,a,
ASN00092045,19571030,PRCP,0,,,a,
ASN00092045,19571031,PRCP,0,,,a,
ASN00092045,19571101,PRCP,0,,,a,
ASN00092045,19571102,PRCP,5,,,a,
ASN00092045,19571103,PRCP,0,,,a,
ASN00092045,19571104,PRCP,0,,,a,
ASN00092045,19571105,PRCP,142,,,a,
ASN00092045,19571106,PRCP,5,,,a,
ASN00092045,19571107,PRCP,86,,,a,
ASN00092045,19571108,PRCP,97,,,a,
ASN00092045,19571109,PRCP,3,,,a,
ASN00092045,19571110,PRCP,23,,,a,
ASN00092045,19571111,PRCP,0,,,a,
ASN00092045,19571112,PRCP,0,,,a,
ASN00092045,19571113,PRCP,0,,,a,
ASN00092045,19571114,PRCP,0,,,a,
ASN00092045,19571115,PRCP,0,,,a,
ASN00092045,19571116,PRCP,0,,,a,
ASN00092045,19571117,PRCP,155,,,a,
ASN00092045,19571118,PRCP,168,,,a,
ASN00092045,19571119,PRCP,15,,,a,
ASN00092045,19571120,PRCP,36,,,a,
ASN00092045,19571121,PRCP,0,,,a,
ASN00092045,19571122,PRCP,0,,,a,
ASN00092045,19571123,PRCP,0,,,a,
ASN00092045,19571124,PRCP,3,,,a,
ASN00092045,19571125,PRCP,3,,,a,
ASN00092045,19571126,PRCP,132,,,a,
ASN00092045,19571127,PRCP,20,,,a,
ASN00092045,19571128,PRCP,0,,,a,
ASN00092045,19571129,PRCP,8,,,a,
ASN00092045,19571130,PRCP,13,,,a,
ASN00092045,19571201,PRCP,3,,,a,
ASN00092045,19571202,PRCP,183,,,a,
ASN00092045,19571203,PRCP,13,,,a,
ASN00092045,19571204,PRCP,0,,,a,
ASN00092045,19571205,PRCP,0,,,a,
ASN00092045,19571206,PRCP,0,,,a,
ASN00092045,19571207,PRCP,0,,,a,
ASN00092045,19571208,PRCP,0,,,a,
ASN00092045,19571209,PRCP,0,,,a,
ASN00092045,19571210,PRCP,0,,,a,
ASN00092045,19571211,PRCP,8,,,a,
ASN00092045,19571212,PRCP,0,,,a,
ASN00092045,19571213,PRCP,0,,,a,
ASN00092045,19571214,PRCP,0,,,a,
ASN00092045,19571215,PRCP,0,,,a,
ASN00092045,19571216,PRCP,0,,,a,
ASN00092045,19571217,PRCP,0,,,a,
ASN00092045,19571218,PRCP,0,,,a,
ASN00092045,19571219,PRCP,0,,,a,
ASN00092045,19571220,PRCP,5,,,a,
ASN00092045,19571221,PRCP,0,,,a,
ASN00092045,19571222,PRCP,0,,,a,
ASN00092045,19571223,PRCP,0,,,a,
ASN00092045,19571224,PRCP,0,,,a,
ASN00092045,19571225,PRCP,0,,,a,
ASN00092045,19571226,PRCP,282,,,a,
ASN00092045,19571227,PRCP,0,,,a,
ASN00092045,19571228,PRCP,0,,,a,
ASN00092045,19571229,PRCP,48,,,a,
ASN00092045,19571230,PRCP,0,,,a,
ASN00092045,19571231,PRCP,0,,,a,
ASN00092045,19580101,PRCP,0,,,a,
ASN00092045,19580102,PRCP,0,,,a,
ASN00092045,19580103,PRCP,0,,,a,
ASN00092045,19580104,PRCP,0,,,a,
ASN00092045,19580105,PRCP,0,,,a,
ASN00092045,19580106,PRCP,0,,,a,
ASN00092045,19580107,PRCP,0,,,a,
ASN00092045,19580108,PRCP,0,,,a,
ASN00092045,19580109,PRCP,0,,,a,
ASN00092045,19580110,PRCP,0,,,a,
ASN00092045,19580111,PRCP,0,,,a,
ASN00092045,19580112,PRCP,0,,,a,
ASN00092045,19580113,PRCP,0,,,a,
ASN00092045,19580114,PRCP,0,,,a,
ASN00092045,19580115,PRCP,0,,,a,
ASN00092045,19580116,PRCP,0,,,a,
ASN00092045,19580117,PRCP,0,,,a,
ASN00092045,19580118,PRCP,0,,,a,
ASN00092045,19580119,PRCP,0,,,a,
ASN00092045,19580120,PRCP,8,,,a,
ASN00092045,19580121,PRCP,13,,,a,
ASN00092045,19580122,PRCP,0,,,a,
ASN00092045,19580123,PRCP,0,,,a,
ASN00092045,19580124,PRCP,0,,,a,
ASN00092045,19580125,PRCP,0,,,a,
ASN00092045,19580126,PRCP,0,,,a,
ASN00092045,19580127,PRCP,0,,,a,
ASN00092045,19580128,PRCP,13,,,a,
ASN00092045,19580129,PRCP,0,,,a,
ASN00092045,19580130,PRCP,0,,,a,
ASN00092045,19580131,PRCP,25,,,a,
ASN00092045,19580201,PRCP,56,,,a,
ASN00092045,19580202,PRCP,20,,,a,
ASN00092045,19580203,PRCP,0,,,a,
ASN00092045,19580204,PRCP,0,,,a,
ASN00092045,19580205,PRCP,0,,,a,
ASN00092045,19580206,PRCP,0,,,a,
ASN00092045,19580207,PRCP,0,,,a,
ASN00092045,19580208,PRCP,0,,,a,
ASN00092045,19580209,PRCP,0,,,a,
ASN00092045,19580210,PRCP,0,,,a,
ASN00092045,19580211,PRCP,0,,,a,
ASN00092045,19580212,PRCP,0,,,a,
ASN00092045,19580213,PRCP,0,,,a,
ASN00092045,19580214,PRCP,0,,,a,
ASN00092045,19580215,PRCP,0,,,a,
ASN00092045,19580216,PRCP,0,,,a,
ASN00092045,19580217,PRCP,74,,,a,
ASN00092045,19580218,PRCP,10,,,a,
ASN00092045,19580219,PRCP,249,,,a,
ASN00092045,19580220,PRCP,8,,,a,
ASN00092045,19580221,PRCP,18,,,a,
ASN00092045,19580222,PRCP,0,,,a,
ASN00092045,19580223,PRCP,142,,,a,
ASN00092045,19580224,PRCP,66,,,a,
ASN00092045,19580225,PRCP,0,,,a,
ASN00092045,19580226,PRCP,0,,,a,
ASN00092045,19580227,PRCP,0,,,a,
ASN00092045,19580228,PRCP,0,,,a,
ASN00092045,19580301,PRCP,0,,,a,
ASN00092045,19580302,PRCP,0,,,a,
ASN00092045,19580303,PRCP,0,,,a,
ASN00092045,19580304,PRCP,0,,,a,
ASN00092045,19580305,PRCP,0,,,a,
ASN00092045,19580306,PRCP,0,,,a,
ASN00092045,19580307,PRCP,0,,,a,
ASN00092045,19580308,PRCP,25,,,a,
ASN00092045,19580309,PRCP,0,,,a,
ASN00092045,19580310,PRCP,0,,,a,
ASN00092045,19580311,PRCP,0,,,a,
ASN00092045,19580312,PRCP,0,,,a,
ASN00092045,19580313,PRCP,0,,,a,
ASN00092045,19580314,PRCP,0,,,a,
ASN00092045,19580315,PRCP,0,,,a,
ASN00092045,19580316,PRCP,0,,,a,
ASN00092045,19580317,PRCP,0,,,a,
ASN00092045,19580318,PRCP,0,,,a,
ASN00092045,19580319,PRCP,0,,,a,
ASN00092045,19580320,PRCP,0,,,a,
ASN00092045,19580321,PRCP,91,,,a,
ASN00092045,19580322,PRCP,5,,,a,
ASN00092045,19580323,PRCP,0,,,a,
ASN00092045,19580324,PRCP,25,,,a,
ASN00092045,19580325,PRCP,0,,,a,
ASN00092045,19580326,PRCP,0,,,a,
ASN00092045,19580327,PRCP,5,,,a,
ASN00092045,19580328,PRCP,43,,,a,
ASN00092045,19580329,PRCP,10,,,a,
ASN00092045,19580330,PRCP,10,,,a,
ASN00092045,19580331,PRCP,69,,,a,
ASN00092045,19580401,PRCP,0,,,a,
ASN00092045,19580402,PRCP,0,,,a,
ASN00092045,19580403,PRCP,0,,,a,
ASN00092045,19580404,PRCP,0,,,a,
ASN00092045,19580405,PRCP,0,,,a,
ASN00092045,19580406,PRCP,64,,,a,
ASN00092045,19580407,PRCP,0,,,a,
ASN00092045,19580408,PRCP,5,,,a,
ASN00092045,19580409,PRCP,0,,,a,
ASN00092045,19580410,PRCP,0,,,a,
ASN00092045,19580411,PRCP,0,,,a,
ASN00092045,19580412,PRCP,0,,,a,
ASN00092045,19580413,PRCP,0,,,a,
ASN00092045,19580414,PRCP,3,,,a,
ASN00092045,19580415,PRCP,94,,,a,
ASN00092045,19580416,PRCP,0,,,a,
ASN00092045,19580417,PRCP,0,,,a,
ASN00092045,19580418,PRCP,0,,,a,
ASN00092045,19580419,PRCP,3,,,a,
ASN00092045,19580420,PRCP,0,,,a,
ASN00092045,19580421,PRCP,0,,,a,
ASN00092045,19580422,PRCP,0,,,a,
ASN00092045,19580423,PRCP,0,,,a,
ASN00092045,19580424,PRCP,0,,,a,
ASN00092045,19580425,PRCP,0,,,a,
ASN00092045,19580426,PRCP,0,,,a,
ASN00092045,19580427,PRCP,0,,,a,
ASN00092045,19580428,PRCP,0,,,a,
ASN00092045,19580429,PRCP,0,,,a,
ASN00092045,19580430,PRCP,0,,,a,
ASN00092045,19580501,PRCP,0,,,a,
ASN00092045,19580502,PRCP,0,,,a,
ASN00092045,19580503,PRCP,8,,,a,
ASN00092045,19580504,PRCP,211,,,a,
ASN00092045,19580505,PRCP,18,,,a,
ASN00092045,19580506,PRCP,0,,,a,
ASN00092045,19580507,PRCP,0,,,a,
ASN00092045,19580508,PRCP,3,,,a,
ASN00092045,19580509,PRCP,0,,,a,
ASN00092045,19580510,PRCP,0,,,a,
ASN00092045,19580511,PRCP,0,,,a,
ASN00092045,19580512,PRCP,0,,,a,
ASN00092045,19580513,PRCP,551,,,a,
ASN00092045,19580514,PRCP,112,,,a,
ASN00092045,19580515,PRCP,41,,,a,
ASN00092045,19580516,PRCP,84,,,a,
ASN00092045,19580517,PRCP,3,,,a,
ASN00092045,19580518,PRCP,71,,,a,
ASN00092045,19580519,PRCP,18,,,a,
ASN00092045,19580520,PRCP,10,,,a,
ASN00092045,19580521,PRCP,0,,,a,
ASN00092045,19580522,PRCP,10,,,a,
ASN00092045,19580523,PRCP,84,,,a,
ASN00092045,19580524,PRCP,284,,,a,
ASN00092045,19580525,PRCP,38,,,a,
ASN00092045,19580526,PRCP,216,,,a,
ASN00092045,19580527,PRCP,10,,,a,
ASN00092045,19580528,PRCP,48,,,a,
ASN00092045,19580529,PRCP,8,,,a,
ASN00092045,19580530,PRCP,0,,,a,
ASN00092045,19580531,PRCP,0,,,a,
ASN00092045,19580601,PRCP,0,,,a,
ASN00092045,19580602,PRCP,0,,,a,
ASN00092045,19580603,PRCP,0,,,a,
ASN00092045,19580604,PRCP,5,,,a,
ASN00092045,19580605,PRCP,211,,,a,
ASN00092045,19580606,PRCP,3,,,a,
ASN00092045,19580607,PRCP,0,,,a,
ASN00092045,19580608,PRCP,0,,,a,
ASN00092045,19580609,PRCP,0,,,a,
ASN00092045,19580610,PRCP,0,,,a,
ASN00092045,19580611,PRCP,5,,,a,
ASN00092045,19580612,PRCP,0,,,a,
ASN00092045,19580613,PRCP,0,,,a,
ASN00092045,19580614,PRCP,0,,,a,
ASN00092045,19580615,PRCP,86,,,a,
ASN00092045,19580616,PRCP,0,,,a,
ASN00092045,19580617,PRCP,13,,,a,
ASN00092045,19580618,PRCP,36,,,a,
ASN00092045,19580619,PRCP,8,,,a,
ASN00092045,19580620,PRCP,0,,,a,
ASN00092045,19580621,PRCP,0,,,a,
ASN00092045,19580622,PRCP,5,,,a,
ASN00092045,19580623,PRCP,0,,,a,
ASN00092045,19580624,PRCP,84,,,a,
ASN00092045,19580625,PRCP,0,,,a,
ASN00092045,19580626,PRCP,0,,,a,
ASN00092045,19580627,PRCP,30,,,a,
ASN00092045,19580628,PRCP,25,,,a,
ASN00092045,19580629,PRCP,0,,,a,
ASN00092045,19580630,PRCP,0,,,a,
ASN00092045,19580701,PRCP,0,,,a,
ASN00092045,19580702,PRCP,0,,,a,
ASN00092045,19580703,PRCP,0,,,a,
ASN00092045,19580704,PRCP,0,,,a,
ASN00092045,19580705,PRCP,8,,,a,
ASN00092045,19580706,PRCP,0,,,a,
ASN00092045,19580707,PRCP,0,,,a,
ASN00092045,19580708,PRCP,0,,,a,
ASN00092045,19580709,PRCP,0,,,a,
ASN00092045,19580710,PRCP,0,,,a,
ASN00092045,19580711,PRCP,0,,,a,
ASN00092045,19580712,PRCP,0,,,a,
ASN00092045,19580713,PRCP,8,,,a,
ASN00092045,19580714,PRCP,0,,,a,
ASN00092045,19580715,PRCP,0,,,a,
ASN00092045,19580716,PRCP,246,,,a,
ASN00092045,19580717,PRCP,150,,,a,
ASN00092045,19580718,PRCP,71,,,a,
ASN00092045,19580719,PRCP,20,,,a,
ASN00092045,19580720,PRCP,353,,,a,
ASN00092045,19580721,PRCP,0,,,a,
ASN00092045,19580722,PRCP,56,,,a,
ASN00092045,19580723,PRCP,0,,,a,
ASN00092045,19580724,PRCP,13,,,a,
ASN00092045,19580725,PRCP,86,,,a,
ASN00092045,19580726,PRCP,0,,,a,
ASN00092045,19580727,PRCP,10,,,a,
ASN00092045,19580728,PRCP,89,,,a,
ASN00092045,19580729,PRCP,69,,,a,
ASN00092045,19580730,PRCP,10,,,a,
ASN00092045,19580731,PRCP,38,,,a,
ASN00092045,19580801,PRCP,38,,,a,
ASN00092045,19580802,PRCP,0,,,a,
ASN00092045,19580803,PRCP,0,,,a,
ASN00092045,19580804,PRCP,0,,,a,
ASN00092045,19580805,PRCP,0,,,a,
ASN00092045,19580806,PRCP,3,,,a,
ASN00092045,19580807,PRCP,43,,,a,
ASN00092045,19580808,PRCP,8,,,a,
ASN00092045,19580809,PRCP,15,,,a,
ASN00092045,19580810,PRCP,84,,,a,
ASN00092045,19580811,PRCP,10,,,a,
ASN00092045,19580812,PRCP,0,,,a,
ASN00092045,19580813,PRCP,163,,,a,
ASN00092045,19580814,PRCP,0,,,a,
ASN00092045,19580815,PRCP,0,,,a,
ASN00092045,19580816,PRCP,645,,,a,
ASN00092045,19580817,PRCP,0,,,a,
ASN00092045,19580818,PRCP,20,,,a,
ASN00092045,19580819,PRCP,0,,,a,
ASN00092045,19580820,PRCP,0,,,a,
ASN00092045,19580821,PRCP,0,,,a,
ASN00092045,19580822,PRCP,0,,,a,
ASN00092045,19580823,PRCP,0,,,a,
ASN00092045,19580824,PRCP,0,,,a,
ASN00092045,19580825,PRCP,5,,,a,
ASN00092045,19580826,PRCP,437,,,a,
ASN00092045,19580827,PRCP,3,,,a,
ASN00092045,19580828,PRCP,0,,,a,
ASN00092045,19580829,PRCP,0,,,a,
ASN00092045,19580830,PRCP,0,,,a,
ASN00092045,19580831,PRCP,0,,,a,
ASN00092045,19580901,PRCP,0,,,a,
ASN00092045,19580902,PRCP,0,,,a,
ASN00092045,19580903,PRCP,0,,,a,
ASN00092045,19580904,PRCP,10,,,a,
ASN00092045,19580905,PRCP,0,,,a,
ASN00092045,19580906,PRCP,0,,,a,
ASN00092045,19580907,PRCP,0,,,a,
ASN00092045,19580908,PRCP,0,,,a,
ASN00092045,19580909,PRCP,0,,,a,
ASN00092045,19580910,PRCP,3,,,a,
ASN00092045,19580911,PRCP,0,,,a,
ASN00092045,19580912,PRCP,30,,,a,
ASN00092045,19580913,PRCP,0,,,a,
ASN00092045,19580914,PRCP,0,,,a,
ASN00092045,19580915,PRCP,0,,,a,
ASN00092045,19580916,PRCP,0,,,a,
ASN00092045,19580917,PRCP,25,,,a,
ASN00092045,19580918,PRCP,43,,,a,
ASN00092045,19580919,PRCP,0,,,a,
ASN00092045,19580920,PRCP,0,,,a,
ASN00092045,19580921,PRCP,0,,,a,
ASN00092045,19580922,PRCP,0,,,a,
ASN00092045,19580923,PRCP,0,,,a,
ASN00092045,19580924,PRCP,0,,,a,
ASN00092045,19580925,PRCP,0,,,a,
ASN00092045,19580926,PRCP,0,,,a,
ASN00092045,19580927,PRCP,51,,,a,
ASN00092045,19580928,PRCP,81,,,a,
ASN00092045,19580929,PRCP,0,,,a,
ASN00092045,19580930,PRCP,18,,,a,
ASN00092045,19581001,PRCP,0,,,a,
ASN00092045,19581002,PRCP,0,,,a,
ASN00092045,19581003,PRCP,0,,,a,
ASN00092045,19581004,PRCP,10,,,a,
ASN00092045,19581005,PRCP,74,,,a,
ASN00092045,19581006,PRCP,0,,,a,
ASN00092045,19581007,PRCP,259,,,a,
ASN00092045,19581008,PRCP,61,,,a,
ASN00092045,19581009,PRCP,0,,,a,
ASN00092045,19581010,PRCP,0,,,a,
ASN00092045,19581011,PRCP,0,,,a,
ASN00092045,19581012,PRCP,216,,,a,
ASN00092045,19581013,PRCP,0,,,a,
ASN00092045,19581014,PRCP,3,,,a,
ASN00092045,19581015,PRCP,0,,,a,
ASN00092045,19581016,PRCP,76,,,a,
ASN00092045,19581017,PRCP,5,,,a,
ASN00092045,19581018,PRCP,13,,,a,
ASN00092045,19581019,PRCP,13,,,a,
ASN00092045,19581020,PRCP,5,,,a,
ASN00092045,19581021,PRCP,0,,,a,
ASN00092045,19581022,PRCP,5,,,a,
ASN00092045,19581023,PRCP,0,,,a,
ASN00092045,19581024,PRCP,229,,,a,
ASN00092045,19581025,PRCP,127,,,a,
ASN00092045,19581026,PRCP,0,,,a,
ASN00092045,19581027,PRCP,15,,,a,
ASN00092045,19581028,PRCP,0,,,a,
ASN00092045,19581029,PRCP,0,,,a,
ASN00092045,19581030,PRCP,3,,,a,
ASN00092045,19581031,PRCP,0,,,a,
ASN00092045,19581101,PRCP,20,,,a,
ASN00092045,19581102,PRCP,15,,,a,
ASN00092045,19581103,PRCP,0,,,a,
ASN00092045,19581104,PRCP,0,,,a,
ASN00092045,19581105,PRCP,5,,,a,
ASN00092045,19581106,PRCP,0,,,a,
ASN00092045,19581107,PRCP,0,,,a,
ASN00092045,19581108,PRCP,0,,,a,
ASN00092045,19581109,PRCP,0,,,a,
ASN00092045,19581110,PRCP,0,,,a,
ASN00092045,19581111,PRCP,0,,,a,
ASN00092045,19581112,PRCP,0,,,a,
ASN00092045,19581113,PRCP,163,,,a,
ASN00092045,19581114,PRCP,36,,,a,
ASN00092045,19581115,PRCP,5,,,a,
ASN00092045,19581116,PRCP,0,,,a,
ASN00092045,19581117,PRCP,0,,,a,
ASN00092045,19581118,PRCP,0,,,a,
ASN00092045,19581119,PRCP,0,,,a,
ASN00092045,19581120,PRCP,0,,,a,
ASN00092045,19581121,PRCP,20,,,a,
ASN00092045,19581122,PRCP,0,,,a,
ASN00092045,19581123,PRCP,5,,,a,
ASN00092045,19581124,PRCP,15,,,a,
ASN00092045,19581125,PRCP,13,,,a,
ASN00092045,19581126,PRCP,0,,,a,
ASN00092045,19581127,PRCP,0,,,a,
ASN00092045,19581128,PRCP,0,,,a,
ASN00092045,19581129,PRCP,25,,,a,
ASN00092045,19581130,PRCP,0,,,a,
ASN00092045,19581201,PRCP,0,,,a,
ASN00092045,19581202,PRCP,15,,,a,
ASN00092045,19581203,PRCP,0,,,a,
ASN00092045,19581204,PRCP,0,,,a,
ASN00092045,19581205,PRCP,0,,,a,
ASN00092045,19581206,PRCP,13,,,a,
ASN00092045,19581207,PRCP,0,,,a,
ASN00092045,19581208,PRCP,0,,,a,
ASN00092045,19581209,PRCP,0,,,a,
ASN00092045,19581210,PRCP,25,,,a,
ASN00092045,19581211,PRCP,318,,,a,
ASN00092045,19581212,PRCP,64,,,a,
ASN00092045,19581213,PRCP,3,,,a,
ASN00092045,19581214,PRCP,0,,,a,
ASN00092045,19581215,PRCP,0,,,a,
ASN00092045,19581216,PRCP,0,,,a,
ASN00092045,19581217,PRCP,43,,,a,
ASN00092045,19581218,PRCP,48,,,a,
ASN00092045,19581219,PRCP,0,,,a,
ASN00092045,19581220,PRCP,0,,,a,
ASN00092045,19581221,PRCP,8,,,a,
ASN00092045,19581222,PRCP,66,,,a,
ASN00092045,19581223,PRCP,0,,,a,
ASN00092045,19581224,PRCP,0,,,a,
ASN00092045,19581225,PRCP,0,,,a,
ASN00092045,19581226,PRCP,8,,,a,
ASN00092045,19581227,PRCP,0,,,a,
ASN00092045,19581228,PRCP,0,,,a,
ASN00092045,19581229,PRCP,0,,,a,
ASN00092045,19581230,PRCP,0,,,a,
ASN00092045,19581231,PRCP,0,,,a,
ASN00092045,19590101,TMAX,211,,,a,
ASN00092045,19590102,TMAX,167,,,a,
ASN00092045,19590103,TMAX,211,,,a,
ASN00092045,19590104,TMAX,228,,,a,
ASN00092045,19590105,TMAX,211,,,a,
ASN00092045,19590106,TMAX,183,,,a,
ASN00092045,19590107,TMAX,200,,,a,
ASN00092045,19590108,TMAX,200,,,a,
ASN00092045,19590109,TMAX,178,,,a,
ASN00092045,19590110,TMAX,189,,,a,
ASN00092045,19590111,TMAX,217,,,a,
ASN00092045,19590112,TMAX,233,,,a,
ASN00092045,19590113,TMAX,222,,,a,
ASN00092045,19590114,TMAX,206,,,a,
ASN00092045,19590115,TMAX,272,,,a,
ASN00092045,19590116,TMAX,228,,,a,
ASN00092045,19590117,TMAX,233,,,a,
ASN00092045,19590118,TMAX,233,,,a,
ASN00092045,19590119,TMAX,239,,,a,
ASN00092045,19590120,TMAX,228,,,a,
ASN00092045,19590121,TMAX,189,,,a,
ASN00092045,19590122,TMAX,183,,,a,
ASN00092045,19590123,TMAX,189,,,a,
ASN00092045,19590124,TMAX,228,,,a,
ASN00092045,19590125,TMAX,278,,,a,
ASN00092045,19590126,TMAX,206,,,a,
ASN00092045,19590127,TMAX,217,,,a,
ASN00092045,19590128,TMAX,228,,,a,
ASN00092045,19590129,TMAX,189,,,a,
ASN00092045,19590130,TMAX,217,,,a,
ASN00092045,19590131,TMAX,239,,,a,
ASN00092045,19590101,TMIN,133,,,a,
ASN00092045,19590102,TMIN,128,,,a,
ASN00092045,19590103,TMIN,128,,,a,
ASN00092045,19590104,TMIN,133,,,a,
ASN00092045,19590105,TMIN,144,,,a,
ASN00092045,19590106,TMIN,150,,,a,
ASN00092045,19590107,TMIN,94,,,a,
ASN00092045,19590108,TMIN,117,,,a,
ASN00092045,19590109,TMIN,139,,,a,
ASN00092045,19590110,TMIN,117,,,a,
ASN00092045,19590111,TMIN,139,,,a,
ASN00092045,19590112,TMIN,150,,,a,
ASN00092045,19590113,TMIN,144,,,a,
ASN00092045,19590114,TMIN,139,,,a,
ASN00092045,19590115,TMIN,161,,,a,
ASN00092045,19590116,TMIN,161,,,a,
ASN00092045,19590117,TMIN,139,,,a,
ASN00092045,19590118,TMIN,172,,,a,
ASN00092045,19590119,TMIN,167,,,a,
ASN00092045,19590120,TMIN,178,,,a,
ASN00092045,19590121,TMIN,150,,,a,
ASN00092045,19590122,TMIN,139,,,a,
ASN00092045,19590123,TMIN,150,,,a,
ASN00092045,19590124,TMIN,183,,,a,
ASN00092045,19590125,TMIN,172,,,a,
ASN00092045,19590126,TMIN,133,,,a,
ASN00092045,19590127,TMIN,133,,,a,
ASN00092045,19590128,TMIN,117,,,a,
ASN00092045,19590129,TMIN,122,,,a,
ASN00092045,19590130,TMIN,122,,,a,
ASN00092045,19590131,TMIN,133,,,a,
ASN00092045,19590101,PRCP,0,,,a,
ASN00092045,19590102,PRCP,30,,,a,
ASN00092045,19590103,PRCP,0,,,a,
ASN00092045,19590104,PRCP,0,,,a,
ASN00092045,19590105,PRCP,8,,,a,
ASN00092045,19590106,PRCP,53,,,a,
ASN00092045,19590107,PRCP,28,,,a,
ASN00092045,19590108,PRCP,0,,,a,
ASN00092045,19590109,PRCP,10,,,a,
ASN00092045,19590110,PRCP,0,,,a,
ASN00092045,19590111,PRCP,0,,,a,
ASN00092045,19590112,PRCP,0,,,a,
ASN00092045,19590113,PRCP,3,,,a,
ASN00092045,19590114,PRCP,0,,,a,
ASN00092045,19590115,PRCP,0,,,a,
ASN00092045,19590116,PRCP,0,,,a,
ASN00092045,19590117,PRCP,0,,,a,
ASN00092045,19590118,PRCP,0,,,a,
ASN00092045,19590119,PRCP,0,,,a,
ASN00092045,19590120,PRCP,0,,,a,
ASN00092045,19590121,PRCP,0,,,a,
ASN00092045,19590122,PRCP,3,,,a,
ASN00092045,19590123,PRCP,30,,,a,
ASN00092045,19590124,PRCP,5,,,a,
ASN00092045,19590125,PRCP,0,,,a,
ASN00092045,19590126,PRCP,84,,,a,
ASN00092045,19590127,PRCP,0,,,a,
ASN00092045,19590128,PRCP,0,,,a,
ASN00092045,19590129,PRCP,3,,,a,
ASN00092045,19590130,PRCP,0,,,a,
ASN00092045,19590131,PRCP,0,,,a,
ASN00092045,19590201,TMAX,239,,,a,
ASN00092045,19590202,TMAX,339,,,a,
ASN00092045,19590203,TMAX,194,,,a,
ASN00092045,19590204,TMAX,228,,,a,
ASN00092045,19590205,TMAX,233,,,a,
ASN00092045,19590206,TMAX,222,,,a,
ASN00092045,19590207,TMAX,222,,,a,
ASN00092045,19590208,TMAX,228,,,a,
ASN00092045,19590209,TMAX,222,,,a,
ASN00092045,19590210,TMAX,211,,,a,
ASN00092045,19590211,TMAX,239,,,a,
ASN00092045,19590212,TMAX,217,,,a,
ASN00092045,19590213,TMAX,217,,,a,
ASN00092045,19590214,TMAX,200,,,a,
ASN00092045,19590215,TMAX,211,,,a,
ASN00092045,19590216,TMAX,222,,,a,
ASN00092045,19590217,TMAX,200,,,a,
ASN00092045,19590218,TMAX,217,,,a,
ASN00092045,19590219,TMAX,239,,,a,
ASN00092045,19590220,TMAX,244,,,a,
ASN00092045,19590221,TMAX,178,,,a,
ASN00092045,19590222,TMAX,200,,,a,
ASN00092045,19590223,TMAX,211,,,a,
ASN00092045,19590224,TMAX,189,,,a,
ASN00092045,19590225,TMAX,228,,,a,
ASN00092045,19590226,TMAX,244,,,a,
ASN00092045,19590227,TMAX,183,,,a,
ASN00092045,19590228,TMAX,189,,,a,
ASN00092045,19590201,TMIN,150,,,a,
ASN00092045,19590202,TMIN,161,,,a,
ASN00092045,19590203,TMIN,161,,,a,
ASN00092045,19590204,TMIN,150,,,a,
ASN00092045,19590205,TMIN,128,,,a,
ASN00092045,19590206,TMIN,150,,,a,
ASN00092045,19590207,TMIN,144,,,a,
ASN00092045,19590208,TMIN,128,,,a,
ASN00092045,19590209,TMIN,61,,,a,
ASN00092045,19590210,TMIN,89,,,a,
ASN00092045,19590211,TMIN,122,,,a,
ASN00092045,19590212,TMIN,150,,,a,
ASN00092045,19590213,TMIN,144,,,a,
ASN00092045,19590214,TMIN,128,,,a,
ASN00092045,19590215,TMIN,150,,,a,
ASN00092045,19590216,TMIN,117,,,a,
ASN00092045,19590217,TMIN,122,,,a,
ASN00092045,19590218,TMIN,133,,,a,
ASN00092045,19590219,TMIN,122,,,a,
ASN00092045,19590220,TMIN,133,,,a,
ASN00092045,19590221,TMIN,133,,,a,
ASN00092045,19590222,TMIN,133,,,a,
ASN00092045,19590223,TMIN,128,,,a,
ASN00092045,19590224,TMIN,161,,,a,
ASN00092045,19590225,TMIN,144,,,a,
ASN00092045,19590226,TMIN,150,,,a,
ASN00092045,19590227,TMIN,144,,,a,
ASN00092045,19590228,TMIN,128,,,a,
ASN00092045,19590201,PRCP,0,,,a,
ASN00092045,19590202,PRCP,0,,,a,
ASN00092045,19590203,PRCP,41,,,a,
ASN00092045,19590204,PRCP,18,,,a,
ASN00092045,19590205,PRCP,0,,,a,
ASN00092045,19590206,PRCP,30,,,a,
ASN00092045,19590207,PRCP,3,,,a,
ASN00092045,19590208,PRCP,0,,,a,
ASN00092045,19590209,PRCP,0,,,a,
ASN00092045,19590210,PRCP,0,,,a,
ASN00092045,19590211,PRCP,0,,,a,
ASN00092045,19590212,PRCP,0,,,a,
ASN00092045,19590213,PRCP,0,,,a,
ASN00092045,19590214,PRCP,239,,,a,
ASN00092045,19590215,PRCP,241,,,a,
ASN00092045,19590216,PRCP,0,,,a,
ASN00092045,19590217,PRCP,0,,,a,
ASN00092045,19590218,PRCP,3,,,a,
ASN00092045,19590219,PRCP,0,,,a,
ASN00092045,19590220,PRCP,0,,,a,
ASN00092045,19590221,PRCP,0,,,a,
ASN00092045,19590222,PRCP,0,,,a,
ASN00092045,19590223,PRCP,0,,,a,
ASN00092045,19590224,PRCP,0,,,a,
ASN00092045,19590225,PRCP,8,,,a,
ASN00092045,19590226,PRCP,0,,,a,
ASN00092045,19590227,PRCP,0,,,a,
ASN00092045,19590228,PRCP,3,,,a,
ASN00092045,19590301,TMAX,183,,,a,
ASN00092045,19590302,TMAX,211,,,a,
ASN00092045,19590303,TMAX,172,,,a,
ASN00092045,19590304,TMAX,183,,,a,
ASN00092045,19590305,TMAX,178,,,a,
ASN00092045,19590306,TMAX,239,,,a,
ASN00092045,19590307,TMAX,194,,,a,
ASN00092045,19590308,TMAX,200,,,a,
ASN00092045,19590309,TMAX,183,,,a,
ASN00092045,19590310,TMAX,211,,,a,
ASN00092045,19590311,TMAX,167,,,a,
ASN00092045,19590312,TMAX,183,,,a,
ASN00092045,19590313,TMAX,200,,,a,
ASN00092045,19590314,TMAX,222,,,a,
ASN00092045,19590315,TMAX,189,,,a,
ASN00092045,19590316,TMAX,206,,,a,
ASN00092045,19590317,TMAX,167,,,a,
ASN00092045,19590318,TMAX,222,,,a,
ASN00092045,19590319,TMAX,222,,,a,
ASN00092045,19590320,TMAX,217,,,a,
ASN00092045,19590321,TMAX,256,,,a,
ASN00092045,19590322,TMAX,233,,,a,
ASN00092045,19590323,TMAX,211,,,a,
ASN00092045,19590324,TMAX,189,,,a,
ASN00092045,19590325,TMAX,200,,,a,
ASN00092045,19590326,TMAX,183,,,a,
ASN00092045,19590327,TMAX,189,,,a,
ASN00092045,19590328,TMAX,200,,,a,
ASN00092045,19590329,TMAX,211,,,a,
ASN00092045,19590330,TMAX,200,,,a,
ASN00092045,19590331,TMAX,178,,,a,
ASN00092045,19590301,TMIN,150,,,a,
ASN00092045,19590302,TMIN,144,,,a,
ASN00092045,19590303,TMIN,133,,,a,
ASN00092045,19590304,TMIN,139,,,a,
ASN00092045,19590305,TMIN,156,,,a,
ASN00092045,19590306,TMIN,144,,,a,
ASN00092045,19590307,TMIN,133,,,a,
ASN00092045,19590308,TMIN,122,,,a,
ASN00092045,19590309,TMIN,94,,,a,
ASN00092045,19590310,TMIN,100,,,a,
ASN00092045,19590311,TMIN,100,,,a,
ASN00092045,19590312,TMIN,100,,,a,
ASN00092045,19590313,TMIN,117,,,a,
ASN00092045,19590314,TMIN,128,,,a,
ASN00092045,19590315,TMIN,139,,,a,
ASN00092045,19590316,TMIN,128,,,a,
ASN00092045,19590317,TMIN,111,,,a,
ASN00092045,19590318,TMIN,122,,,a,
ASN00092045,19590319,TMIN,128,,,a,
ASN00092045,19590320,TMIN,128,,,a,
ASN00092045,19590321,TMIN,117,,,a,
ASN00092045,19590322,TMIN,117,,,a,
ASN00092045,19590323,TMIN,144,,,a,
ASN00092045,19590324,TMIN,94,,,a,
ASN00092045,19590325,TMIN,122,,,a,
ASN00092045,19590326,TMIN,150,,,a,
ASN00092045,19590327,TMIN,161,,,a,
ASN00092045,19590328,TMIN,156,,,a,
ASN00092045,19590329,TMIN,161,,,a,
ASN00092045,19590330,TMIN,172,,,a,
ASN00092045,19590331,TMIN,167,,,a,
ASN00092045,19590301,PRCP,0,,,a,
ASN00092045,19590302,PRCP,0,,,a,
ASN00092045,19590303,PRCP,0,,,a,
ASN00092045,19590304,PRCP,0,,,a,
ASN00092045,19590305,PRCP,64,,,a,
ASN00092045,19590306,PRCP,91,,,a,
ASN00092045,19590307,PRCP,69,,,a,
ASN00092045,19590308,PRCP,18,,,a,
ASN00092045,19590309,PRCP,28,,,a,
ASN00092045,19590310,PRCP,0,,,a,
ASN00092045,19590311,PRCP,0,,,a,
ASN00092045,19590312,PRCP,0,,,a,
ASN00092045,19590313,PRCP,0,,,a,
ASN00092045,19590314,PRCP,0,,,a,
ASN00092045,19590315,PRCP,0,,,a,
ASN00092045,19590316,PRCP,0,,,a,
ASN00092045,19590317,PRCP,0,,,a,
ASN00092045,19590318,PRCP,0,,,a,
ASN00092045,19590319,PRCP,0,,,a,
ASN00092045,19590320,PRCP,3,,,a,
ASN00092045,19590321,PRCP,0,,,a,
ASN00092045,19590322,PRCP,0,,,a,
ASN00092045,19590323,PRCP,0,,,a,
ASN00092045,19590324,PRCP,0,,,a,
ASN00092045,19590325,PRCP,0,,,a,
ASN00092045,19590326,PRCP,0,,,a,
ASN00092045,19590327,PRCP,3,,,a,
ASN00092045,19590328,PRCP,0,,,a,
ASN00092045,19590329,PRCP,0,,,a,
ASN00092045,19590330,PRCP,145,,,a,
ASN00092045,19590331,PRCP,76,,,a,
ASN00092045,19590401,TMAX,189,,,a,
ASN00092045,19590402,TMAX,194,,,a,
ASN00092045,19590403,TMAX,228,,,a,
ASN00092045,19590404,TMAX,211,,,a,
ASN00092045,19590405,TMAX,189,,,a,
ASN00092045,19590406,TMAX,161,,,a,
ASN00092045,19590407,TMAX,161,,,a,
ASN00092045,19590408,TMAX,150,,,a,
ASN00092045,19590409,TMAX,167,,,a,
ASN00092045,19590410,TMAX,161,,,a,
ASN00092045,19590411,TMAX,161,,,a,
ASN00092045,19590412,TMAX,178,,,a,
ASN00092045,19590413,TMAX,194,,,a,
ASN00092045,19590415,TMAX,172,,,a,
ASN00092045,19590416,TMAX,150,,,a,
ASN00092045,19590417,TMAX,178,,,a,
ASN00092045,19590418,TMAX,183,,,a,
ASN00092045,19590419,TMAX,183,,,a,
ASN00092045,19590420,TMAX,206,,,a,
ASN00092045,19590421,TMAX,194,,,a,
ASN00092045,19590422,TMAX,206,,,a,
ASN00092045,19590423,TMAX,167,,,a,
ASN00092045,19590424,TMAX,189,,,a,
ASN00092045,19590425,TMAX,172,,,a,
ASN00092045,19590426,TMAX,183,,,a,
ASN00092045,19590427,TMAX,161,,,a,
ASN00092045,19590428,TMAX,211,,,a,
ASN00092045,19590429,TMAX,189,,,a,
ASN00092045,19590430,TMAX,183,,,a,
ASN00092045,19590401,TMIN,161,,,a,
ASN00092045,19590402,TMIN,178,,,a,
ASN00092045,19590403,TMIN,150,,,a,
ASN00092045,19590404,TMIN,128,,,a,
ASN00092045,19590405,TMIN,111,,,a,
ASN00092045,19590406,TMIN,100,,,a,
ASN00092045,19590407,TMIN,94,,,a,
ASN00092045,19590408,TMIN,67,,,a,
ASN00092045,19590409,TMIN,83,,,a,
ASN00092045,19590410,TMIN,94,,,a,
ASN00092045,19590411,TMIN,139,,,a,
ASN00092045,19590412,TMIN,133,,,a,
ASN00092045,19590413,TMIN,122,,,a,
ASN00092045,19590415,TMIN,111,,,a,
ASN00092045,19590416,TMIN,78,,,a,
ASN00092045,19590417,TMIN,89,,,a,
ASN00092045,19590418,TMIN,94,,,a,
ASN00092045,19590419,TMIN,94,,,a,
ASN00092045,19590420,TMIN,106,,,a,
ASN00092045,19590421,TMIN,144,,,a,
ASN00092045,19590422,TMIN,144,,,a,
ASN00092045,19590423,TMIN,133,,,a,
ASN00092045,19590424,TMIN,106,,,a,
ASN00092045,19590425,TMIN,111,,,a,
ASN00092045,19590426,TMIN,67,,,a,
ASN00092045,19590427,TMIN,111,,,a,
ASN00092045,19590428,TMIN,89,,,a,
ASN00092045,19590429,TMIN,100,,,a,
ASN00092045,19590430,TMIN,117,,,a,
ASN00092045,19590401,PRCP,15,,,a,
ASN00092045,19590402,PRCP,180,,,a,
ASN00092045,19590403,PRCP,18,,,a,
ASN00092045,19590404,PRCP,3,,,a,
ASN00092045,19590405,PRCP,28,,,a,
ASN00092045,19590406,PRCP,15,,,a,
ASN00092045,19590407,PRCP,0,,,a,
ASN00092045,19590408,PRCP,0,,,a,
ASN00092045,19590409,PRCP,0,,,a,
ASN00092045,19590410,PRCP,0,,,a,
ASN00092045,19590411,PRCP,0,,,a,
ASN00092045,19590412,PRCP,0,,,a,
ASN00092045,19590413,PRCP,5,,,a,
ASN00092045,19590414,PRCP,28,,,a,
ASN00092045,19590415,PRCP,5,,,a,
ASN00092045,19590416,PRCP,5,,,a,
ASN00092045,19590417,PRCP,0,,,a,
ASN00092045,19590418,PRCP,0,,,a,
ASN00092045,19590419,PRCP,0,,,a,
ASN00092045,19590420,PRCP,3,,,a,
ASN00092045,19590421,PRCP,3,,,a,
ASN00092045,19590422,PRCP,5,,,a,
ASN00092045,19590423,PRCP,0,,,a,
ASN00092045,19590424,PRCP,3,,,a,
ASN00092045,19590425,PRCP,5,,,a,
ASN00092045,19590426,PRCP,0,,,a,
ASN00092045,19590427,PRCP,0,,,a,
ASN00092045,19590428,PRCP,3,,,a,
ASN00092045,19590429,PRCP,0,,,a,
ASN00092045,19590430,PRCP,0,,,a,
ASN00092045,19590501,TMAX,161,,,a,
ASN00092045,19590502,TMAX,189,,,a,
ASN00092045,19590503,TMAX,167,,,a,
ASN00092045,19590504,TMAX,156,,,a,
ASN00092045,19590505,TMAX,178,,,a,
ASN00092045,19590506,TMAX,144,,,a,
ASN00092045,19590507,TMAX,139,,,a,
ASN00092045,19590508,TMAX,172,,,a,
ASN00092045,19590509,TMAX,144,,,a,
ASN00092045,19590510,TMAX,156,,,a,
ASN00092045,19590511,TMAX,150,,,a,
ASN00092045,19590512,TMAX,194,,,a,
ASN00092045,19590513,TMAX,156,,,a,
ASN00092045,19590514,TMAX,167,,,a,
ASN00092045,19590515,TMAX,172,,,a,
ASN00092045,19590516,TMAX,139,,,a,
ASN00092045,19590517,TMAX,156,,,a,
ASN00092045,19590518,TMAX,178,,,a,
ASN00092045,19590519,TMAX,156,,,a,
ASN00092045,19590520,TMAX,139,,,a,
ASN00092045,19590521,TMAX,111,,,a,
ASN00092045,19590522,TMAX,161,,,a,
ASN00092045,19590523,TMAX,144,,,a,
ASN00092045,19590524,TMAX,144,,,a,
ASN00092045,19590525,TMAX,150,,,a,
ASN00092045,19590526,TMAX,183,,,a,
ASN00092045,19590527,TMAX,133,,,a,
ASN00092045,19590528,TMAX,167,,,a,
ASN00092045,19590529,TMAX,128,,,a,
ASN00092045,19590530,TMAX,106,,,a,
ASN00092045,19590531,TMAX,122,,,a,
ASN00092045,19590501,TMIN,100,,,a,
ASN00092045,19590502,TMIN,89,,,a,
ASN00092045,19590503,TMIN,78,,,a,
ASN00092045,19590504,TMIN,94,,,a,
ASN00092045,19590505,TMIN,72,,,a,
ASN00092045,19590506,TMIN,111,,,a,
ASN00092045,19590507,TMIN,89,,,a,
ASN00092045,19590508,TMIN,72,,,a,
ASN00092045,19590509,TMIN,78,,,a,
ASN00092045,19590510,TMIN,39,,,a,
ASN00092045,19590511,TMIN,56,,,a,
ASN00092045,19590512,TMIN,94,,,a,
ASN00092045,19590513,TMIN,117,,,a,
ASN00092045,19590514,TMIN,111,,,a,
ASN00092045,19590515,TMIN,94,,,a,
ASN00092045,19590516,TMIN,94,,,a,
ASN00092045,19590517,TMIN,122,,,a,
ASN00092045,19590518,TMIN,122,,,a,
ASN00092045,19590519,TMIN,133,,,a,
ASN00092045,19590520,TMIN,72,,,a,
ASN00092045,19590521,TMIN,44,,,a,
ASN00092045,19590522,TMIN,33,,,a,
ASN00092045,19590523,TMIN,72,,,a,
ASN00092045,19590524,TMIN,44,,,a,
ASN00092045,19590525,TMIN,83,,,a,
ASN00092045,19590526,TMIN,78,,,a,
ASN00092045,19590527,TMIN,72,,,a,
ASN00092045,19590528,TMIN,56,,,a,
ASN00092045,19590529,TMIN,78,,,a,
ASN00092045,19590530,TMIN,44,,,a,
ASN00092045,19590531,TMIN,39,,,a,
ASN00092045,19590501,PRCP,0,,,a,
ASN00092045,19590502,PRCP,0,,,a,
ASN00092045,19590503,PRCP,0,,,a,
ASN00092045,19590504,PRCP,0,,,a,
ASN00092045,19590505,PRCP,0,,,a,
ASN00092045,19590506,PRCP,0,,,a,
ASN00092045,19590507,PRCP,0,,,a,
ASN00092045,19590508,PRCP,0,,,a,
ASN00092045,19590509,PRCP,0,,,a,
ASN00092045,19590510,PRCP,0,,,a,
ASN00092045,19590511,PRCP,0,,,a,
ASN00092045,19590512,PRCP,0,,,a,
ASN00092045,19590513,PRCP,0,,,a,
ASN00092045,19590514,PRCP,3,,,a,
ASN00092045,19590515,PRCP,3,,,a,
ASN00092045,19590516,PRCP,94,,,a,
ASN00092045,19590517,PRCP,5,,,a,
ASN00092045,19590518,PRCP,58,,,a,
ASN00092045,19590519,PRCP,15,,,a,
ASN00092045,19590520,PRCP,30,,,a,
ASN00092045,19590521,PRCP,0,,,a,
ASN00092045,19590522,PRCP,0,,,a,
ASN00092045,19590523,PRCP,0,,,a,
ASN00092045,19590524,PRCP,0,,,a,
ASN00092045,19590525,PRCP,0,,,a,
ASN00092045,19590526,PRCP,0,,,a,
ASN00092045,19590527,PRCP,0,,,a,
ASN00092045,19590528,PRCP,0,,,a,
ASN00092045,19590529,PRCP,0,,,a,
ASN00092045,19590530,PRCP,0,,,a,
ASN00092045,19590531,PRCP,0,,,a,
ASN00092045,19590601,TMAX,128,,,a,
ASN00092045,19590602,TMAX,150,,,a,
ASN00092045,19590603,TMAX,167,,,a,
ASN00092045,19590604,TMAX,156,,,a,
ASN00092045,19590605,TMAX,150,,,a,
ASN00092045,19590606,TMAX,150,,,a,
ASN00092045,19590607,TMAX,150,,,a,
ASN00092045,19590608,TMAX,161,,,a,
ASN00092045,19590609,TMAX,150,,,a,
ASN00092045,19590610,TMAX,156,,,a,
ASN00092045,19590611,TMAX,150,,,a,
ASN00092045,19590612,TMAX,139,,,a,
ASN00092045,19590613,TMAX,89,,,a,
ASN00092045,19590614,TMAX,128,,,a,
ASN00092045,19590615,TMAX,139,,,a,
ASN00092045,19590616,TMAX,133,,,a,
ASN00092045,19590617,TMAX,139,,,a,
ASN00092045,19590618,TMAX,150,,,a,
ASN00092045,19590619,TMAX,167,,,a,
ASN00092045,19590620,TMAX,139,,,a,
ASN00092045,19590621,TMAX,94,,,a,
ASN00092045,19590622,TMAX,133,,,a,
ASN00092045,19590623,TMAX,139,,,a,
ASN00092045,19590624,TMAX,139,,,a,
ASN00092045,19590625,TMAX,111,,,a,
ASN00092045,19590626,TMAX,122,,,a,
ASN00092045,19590627,TMAX,122,,,a,
ASN00092045,19590628,TMAX,128,,,a,
ASN00092045,19590629,TMAX,150,,,a,
ASN00092045,19590630,TMAX,150,,,a,
ASN00092045,19590601,TMIN,72,,,a,
ASN00092045,19590602,TMIN,89,,,a,
ASN00092045,19590603,TMIN,94,,,a,
ASN00092045,19590604,TMIN,94,,,a,
ASN00092045,19590605,TMIN,100,,,a,
ASN00092045,19590606,TMIN,89,,,a,
ASN00092045,19590607,TMIN,94,,,a,
ASN00092045,19590608,TMIN,106,,,a,
ASN00092045,19590609,TMIN,83,,,a,
ASN00092045,19590610,TMIN,44,,,a,
ASN00092045,19590611,TMIN,100,,,a,
ASN00092045,19590612,TMIN,106,,,a,
ASN00092045,19590613,TMIN,17,,,a,
ASN00092045,19590614,TMIN,11,,,a,
ASN00092045,19590615,TMIN,61,,,a,
ASN00092045,19590616,TMIN,67,,,a,
ASN00092045,19590617,TMIN,89,,,a,
ASN00092045,19590618,TMIN,89,,,a,
ASN00092045,19590619,TMIN,106,,,a,
ASN00092045,19590620,TMIN,100,,,a,
ASN00092045,19590621,TMIN,72,,,a,
ASN00092045,19590622,TMIN,61,,,a,
ASN00092045,19590623,TMIN,117,,,a,
ASN00092045,19590624,TMIN,72,,,a,
ASN00092045,19590625,TMIN,94,,,a,
ASN00092045,19590626,TMIN,89,,,a,
ASN00092045,19590627,TMIN,100,,,a,
ASN00092045,19590628,TMIN,94,,,a,
ASN00092045,19590629,TMIN,111,,,a,
ASN00092045,19590630,TMIN,72,,,a,
ASN00092045,19590601,PRCP,0,,,a,
ASN00092045,19590602,PRCP,137,,,a,
ASN00092045,19590603,PRCP,20,,,a,
ASN00092045,19590604,PRCP,5,,,a,
ASN00092045,19590605,PRCP,0,,,a,
ASN00092045,19590606,PRCP,0,,,a,
ASN00092045,19590607,PRCP,0,,,a,
ASN00092045,19590608,PRCP,0,,,a,
ASN00092045,19590609,PRCP,15,,,a,
ASN00092045,19590610,PRCP,0,,,a,
ASN00092045,19590611,PRCP,0,,,a,
ASN00092045,19590612,PRCP,0,,,a,
ASN00092045,19590613,PRCP,58,,,a,
ASN00092045,19590614,PRCP,0,,,a,
ASN00092045,19590615,PRCP,0,,,a,
ASN00092045,19590616,PRCP,3,,,a,
ASN00092045,19590617,PRCP,0,,,a,
ASN00092045,19590618,PRCP,0,,,a,
ASN00092045,19590619,PRCP,0,,,a,
ASN00092045,19590620,PRCP,76,,,a,
ASN00092045,19590621,PRCP,150,,,a,
ASN00092045,19590622,PRCP,0,,,a,
ASN00092045,19590623,PRCP,84,,,a,
ASN00092045,19590624,PRCP,10,,,a,
ASN00092045,19590625,PRCP,20,,,a,
ASN00092045,19590626,PRCP,8,,,a,
ASN00092045,19590627,PRCP,97,,,a,
ASN00092045,19590628,PRCP,20,,,a,
ASN00092045,19590629,PRCP,8,,,a,
ASN00092045,19590630,PRCP,5,,,a,
ASN00092045,19590701,TMAX,139,,,a,
ASN00092045,19590702,TMAX,156,,,a,
ASN00092045,19590703,TMAX,133,,,a,
ASN00092045,19590704,TMAX,150,,,a,
ASN00092045,19590705,TMAX,144,,,a,
ASN00092045,19590706,TMAX,133,,,a,
ASN00092045,19590707,TMAX,100,,,a,
ASN00092045,19590708,TMAX,100,,,a,
ASN00092045,19590709,TMAX,117,,,a,
ASN00092045,19590710,TMAX,122,,,a,
ASN00092045,19590711,TMAX,133,,,a,
ASN00092045,19590712,TMAX,133,,,a,
ASN00092045,19590713,TMAX,156,,,a,
ASN00092045,19590714,TMAX,144,,,a,
ASN00092045,19590715,TMAX,161,,,a,
ASN00092045,19590716,TMAX,150,,,a,
ASN00092045,19590717,TMAX,144,,,a,
ASN00092045,19590718,TMAX,133,,,a,
ASN00092045,19590719,TMAX,128,,,a,
ASN00092045,19590720,TMAX,111,,,a,
ASN00092045,19590721,TMAX,128,,,a,
ASN00092045,19590722,TMAX,117,,,a,
ASN00092045,19590723,TMAX,117,,,a,
ASN00092045,19590724,TMAX,106,,,a,
ASN00092045,19590725,TMAX,117,,,a,
ASN00092045,19590726,TMAX,128,,,a,
ASN00092045,19590727,TMAX,122,,,a,
ASN00092045,19590728,TMAX,139,,,a,
ASN00092045,19590729,TMAX,139,,,a,
ASN00092045,19590730,TMAX,133,,,a,
ASN00092045,19590731,TMAX,133,,,a,
ASN00092045,19590701,TMIN,56,,,a,
ASN00092045,19590702,TMIN,83,,,a,
ASN00092045,19590703,TMIN,111,,,a,
ASN00092045,19590704,TMIN,89,,,a,
ASN00092045,19590705,TMIN,50,,,a,
ASN00092045,19590706,TMIN,44,,,a,
ASN00092045,19590707,TMIN,56,,,a,
ASN00092045,19590708,TMIN,56,,,a,
ASN00092045,19590709,TMIN,28,,,a,
ASN00092045,19590710,TMIN,33,,,a,
ASN00092045,19590711,TMIN,33,,,a,
ASN00092045,19590712,TMIN,94,,,a,
ASN00092045,19590713,TMIN,89,,,a,
ASN00092045,19590714,TMIN,89,,,a,
ASN00092045,19590715,TMIN,100,,,a,
ASN00092045,19590716,TMIN,83,,,a,
ASN00092045,19590717,TMIN,56,,,a,
ASN00092045,19590718,TMIN,67,,,a,
ASN00092045,19590719,TMIN,89,,,a,
ASN00092045,19590720,TMIN,78,,,a,
ASN00092045,19590721,TMIN,89,,,a,
ASN00092045,19590722,TMIN,111,,,a,
ASN00092045,19590723,TMIN,89,,,a,
ASN00092045,19590724,TMIN,67,,,a,
ASN00092045,19590725,TMIN,83,,,a,
ASN00092045,19590726,TMIN,100,,,a,
ASN00092045,19590727,TMIN,89,,,a,
ASN00092045,19590728,TMIN,56,,,a,
ASN00092045,19590729,TMIN,61,,,a,
ASN00092045,19590730,TMIN,61,,,a,
ASN00092045,19590731,TMIN,33,,,a,
ASN00092045,19590701,PRCP,5,,,a,
ASN00092045,19590702,PRCP,3,,,a,
ASN00092045,19590703,PRCP,0,,,a,
ASN00092045,19590704,PRCP,0,,,a,
ASN00092045,19590705,PRCP,0,,,a,
ASN00092045,19590706,PRCP,0,,,a,
ASN00092045,19590707,PRCP,30,,,a,
ASN00092045,19590708,PRCP,0,,,a,
ASN00092045,19590709,PRCP,3,,,a,
ASN00092045,19590710,PRCP,0,,,a,
ASN00092045,19590711,PRCP,0,,,a,
ASN00092045,19590712,PRCP,0,,,a,
ASN00092045,19590713,PRCP,3,,,a,
ASN00092045,19590714,PRCP,3,,,a,
ASN00092045,19590715,PRCP,0,,,a,
ASN00092045,19590716,PRCP,0,,,a,
ASN00092045,19590717,PRCP,0,,,a,
ASN00092045,19590718,PRCP,3,,,a,
ASN00092045,19590719,PRCP,0,,,a,
ASN00092045,19590720,PRCP,58,,,a,
ASN00092045,19590721,PRCP,30,,,a,
ASN00092045,19590722,PRCP,450,,,a,
ASN00092045,19590723,PRCP,333,,,a,
ASN00092045,19590724,PRCP,41,,,a,
ASN00092045,19590725,PRCP,3,,,a,
ASN00092045,19590726,PRCP,51,,,a,
ASN00092045,19590727,PRCP,3,,,a,
ASN00092045,19590728,PRCP,0,,,a,
ASN00092045,19590729,PRCP,3,,,a,
ASN00092045,19590730,PRCP,18,,,a,
ASN00092045,19590731,PRCP,0,,,a,
ASN00092045,19590801,TMAX,133,,,a,
ASN00092045,19590802,TMAX,133,,,a,
ASN00092045,19590803,TMAX,133,,,a,
ASN00092045,19590804,TMAX,128,,,a,
ASN00092045,19590805,TMAX,111,,,a,
ASN00092045,19590806,TMAX,139,,,a,
ASN00092045,19590807,TMAX,133,,,a,
ASN00092045,19590808,TMAX,128,,,a,
ASN00092045,19590809,TMAX,150,,,a,
ASN00092045,19590810,TMAX,144,,,a,
ASN00092045,19590811,TMAX,139,,,a,
ASN00092045,19590812,TMAX,117,,,a,
ASN00092045,19590813,TMAX,150,,,a,
ASN00092045,19590814,TMAX,139,,,a,
ASN00092045,19590815,TMAX,128,,,a,
ASN00092045,19590816,TMAX,133,,,a,
ASN00092045,19590817,TMAX,106,,,a,
ASN00092045,19590818,TMAX,111,,,a,
ASN00092045,19590819,TMAX,133,,,a,
ASN00092045,19590820,TMAX,156,,,a,
ASN00092045,19590821,TMAX,150,,,a,
ASN00092045,19590822,TMAX,156,,,a,
ASN00092045,19590823,TMAX,133,,,a,
ASN00092045,19590824,TMAX,142,,,a,
ASN00092045,19590825,TMAX,136,,,a,
ASN00092045,19590826,TMAX,167,,,a,
ASN00092045,19590827,TMAX,139,,,a,
ASN00092045,19590828,TMAX,156,,,a,
ASN00092045,19590829,TMAX,156,,,a,
ASN00092045,19590830,TMAX,156,,,a,
ASN00092045,19590831,TMAX,111,,,a,
ASN00092045,19590801,TMIN,78,,,a,
ASN00092045,19590802,TMIN,89,,,a,
ASN00092045,19590803,TMIN,61,,,a,
ASN00092045,19590804,TMIN,83,,,a,
ASN00092045,19590805,TMIN,67,,,a,
ASN00092045,19590806,TMIN,50,,,a,
ASN00092045,19590807,TMIN,33,,,a,
ASN00092045,19590808,TMIN,83,,,a,
ASN00092045,19590809,TMIN,56,,,a,
ASN00092045,19590810,TMIN,67,,,a,
ASN00092045,19590811,TMIN,28,,,a,
ASN00092045,19590812,TMIN,61,,,a,
ASN00092045,19590813,TMIN,67,,,a,
ASN00092045,19590814,TMIN,83,,,a,
ASN00092045,19590815,TMIN,67,,,a,
ASN00092045,19590816,TMIN,89,,,a,
ASN00092045,19590817,TMIN,61,,,a,
ASN00092045,19590818,TMIN,72,,,a,
ASN00092045,19590819,TMIN,72,,,a,
ASN00092045,19590820,TMIN,83,,,a,
ASN00092045,19590821,TMIN,72,,,a,
ASN00092045,19590822,TMIN,44,,,a,
ASN00092045,19590823,TMIN,67,,,a,
ASN00092045,19590824,TMIN,61,,,a,
ASN00092045,19590825,TMIN,61,,,a,
ASN00092045,19590826,TMIN,36,,,a,
ASN00092045,19590827,TMIN,39,,,a,
ASN00092045,19590828,TMIN,50,,,a,
ASN00092045,19590829,TMIN,50,,,a,
ASN00092045,19590830,TMIN,78,,,a,
ASN00092045,19590831,TMIN,56,,,a,
ASN00092045,19590801,PRCP,0,,,a,
ASN00092045,19590802,PRCP,23,,,a,
ASN00092045,19590803,PRCP,23,,,a,
ASN00092045,19590804,PRCP,193,,,a,
ASN00092045,19590805,PRCP,109,,,a,
ASN00092045,19590806,PRCP,91,,,a,
ASN00092045,19590807,PRCP,0,,,a,
ASN00092045,19590808,PRCP,58,,,a,
ASN00092045,19590809,PRCP,13,,,a,
ASN00092045,19590810,PRCP,81,,,a,
ASN00092045,19590811,PRCP,3,,,a,
ASN00092045,19590812,PRCP,56,,,a,
ASN00092045,19590813,PRCP,94,,,a,
ASN00092045,19590814,PRCP,10,,,a,
ASN00092045,19590815,PRCP,8,,,a,
ASN00092045,19590816,PRCP,5,,,a,
ASN00092045,19590817,PRCP,0,,,a,
ASN00092045,19590818,PRCP,0,,,a,
ASN00092045,19590819,PRCP,0,,,a,
ASN00092045,19590820,PRCP,0,,,a,
ASN00092045,19590821,PRCP,0,,,a,
ASN00092045,19590822,PRCP,0,,,a,
ASN00092045,19590823,PRCP,0,,,a,
ASN00092045,19590824,PRCP,0,,,a,
ASN00092045,19590825,PRCP,0,,,a,
ASN00092045,19590826,PRCP,0,,,a,
ASN00092045,19590827,PRCP,0,,,a,
ASN00092045,19590828,PRCP,0,,,a,
ASN00092045,19590829,PRCP,0,,,a,
ASN00092045,19590830,PRCP,0,,,a,
ASN00092045,19590831,PRCP,20,,,a,
ASN00092045,19590901,TMAX,103,,,a,
ASN00092045,19590902,TMAX,139,,,a,
ASN00092045,19590903,TMAX,142,,,a,
ASN00092045,19590904,TMAX,156,,,a,
ASN00092045,19590905,TMAX,183,,,a,
ASN00092045,19590906,TMAX,167,,,a,
ASN00092045,19590907,TMAX,133,,,a,
ASN00092045,19590908,TMAX,161,,,a,
ASN00092045,19590909,TMAX,161,,,a,
ASN00092045,19590910,TMAX,156,,,a,
ASN00092045,19590911,TMAX,194,,,a,
ASN00092045,19590912,TMAX,161,,,a,
ASN00092045,19590913,TMAX,133,,,a,
ASN00092045,19590914,TMAX,133,,,a,
ASN00092045,19590915,TMAX,122,,,a,
ASN00092045,19590916,TMAX,144,,,a,
ASN00092045,19590917,TMAX,167,,,a,
ASN00092045,19590918,TMAX,150,,,a,
ASN00092045,19590919,TMAX,111,,,a,
ASN00092045,19590920,TMAX,128,,,a,
ASN00092045,19590921,TMAX,111,,,a,
ASN00092045,19590922,TMAX,111,,,a,
ASN00092045,19590923,TMAX,128,,,a,
ASN00092045,19590924,TMAX,161,,,a,
ASN00092045,19590925,TMAX,144,,,a,
ASN00092045,19590926,TMAX,156,,,a,
ASN00092045,19590928,TMAX,128,,,a,
ASN00092045,19590929,TMAX,106,,,a,
ASN00092045,19590930,TMAX,139,,,a,
ASN00092045,19590901,TMIN,78,,,a,
ASN00092045,19590902,TMIN,56,,,a,
ASN00092045,19590903,TMIN,43,,,a,
ASN00092045,19590904,TMIN,58,,,a,
ASN00092045,19590905,TMIN,76,,,a,
ASN00092045,19590906,TMIN,94,,,a,
ASN00092045,19590907,TMIN,72,,,a,
ASN00092045,19590908,TMIN,76,,,a,
ASN00092045,19590909,TMIN,69,,,a,
ASN00092045,19590910,TMIN,100,,,a,
ASN00092045,19590911,TMIN,83,,,a,
ASN00092045,19590912,TMIN,106,,,a,
ASN00092045,19590913,TMIN,67,,,a,
ASN00092045,19590914,TMIN,83,,,a,
ASN00092045,19590915,TMIN,89,,,a,
ASN00092045,19590916,TMIN,83,,,a,
ASN00092045,19590917,TMIN,67,,,a,
ASN00092045,19590918,TMIN,89,,,a,
ASN00092045,19590919,TMIN,89,,,a,
ASN00092045,19590920,TMIN,94,,,a,
ASN00092045,19590921,TMIN,94,,,a,
ASN00092045,19590922,TMIN,72,,,a,
ASN00092045,19590923,TMIN,61,,,a,
ASN00092045,19590924,TMIN,89,,,a,
ASN00092045,19590925,TMIN,28,,,a,
ASN00092045,19590926,TMIN,44,,,a,
ASN00092045,19590928,TMIN,44,,,a,
ASN00092045,19590929,TMIN,33,,,a,
ASN00092045,19590930,TMIN,6,,,a,
ASN00092045,19590901,PRCP,23,,,a,
ASN00092045,19590902,PRCP,61,,,a,
ASN00092045,19590903,PRCP,0,,,a,
ASN00092045,19590904,PRCP,5,,,a,
ASN00092045,19590905,PRCP,0,,,a,
ASN00092045,19590906,PRCP,0,,,a,
ASN00092045,19590907,PRCP,0,,,a,
ASN00092045,19590908,PRCP,0,,,a,
ASN00092045,19590909,PRCP,3,,,a,
ASN00092045,19590910,PRCP,10,,,a,
ASN00092045,19590911,PRCP,0,,,a,
ASN00092045,19590912,PRCP,15,,,a,
ASN00092045,19590913,PRCP,0,,,a,
ASN00092045,19590914,PRCP,0,,,a,
ASN00092045,19590915,PRCP,231,,,a,
ASN00092045,19590916,PRCP,3,,,a,
ASN00092045,19590917,PRCP,0,,,a,
ASN00092045,19590918,PRCP,0,,,a,
ASN00092045,19590919,PRCP,109,,,a,
ASN00092045,19590920,PRCP,351,,,a,
ASN00092045,19590921,PRCP,478,,,a,
ASN00092045,19590922,PRCP,15,,,a,
ASN00092045,19590923,PRCP,0,,,a,
ASN00092045,19590924,PRCP,0,,,a,
ASN00092045,19590925,PRCP,0,,,a,
ASN00092045,19590926,PRCP,0,,,a,
ASN00092045,19590927,PRCP,30,,,a,
ASN00092045,19590928,PRCP,10,,,a,
ASN00092045,19590929,PRCP,201,,,a,
ASN00092045,19590930,PRCP,10,,,a,
ASN00092045,19591001,TMAX,172,,,a,
ASN00092045,19591002,TMAX,144,,,a,
ASN00092045,19591003,TMAX,167,,,a,
ASN00092045,19591004,TMAX,111,,,a,
ASN00092045,19591005,TMAX,128,,,a,
ASN00092045,19591006,TMAX,128,,,a,
ASN00092045,19591007,TMAX,156,,,a,
ASN00092045,19591008,TMAX,167,,,a,
ASN00092045,19591009,TMAX,167,,,a,
ASN00092045,19591010,TMAX,178,,,a,
ASN00092045,19591011,TMAX,161,,,a,
ASN00092045,19591012,TMAX,144,,,a,
ASN00092045,19591013,TMAX,133,,,a,
ASN00092045,19591014,TMAX,144,,,a,
ASN00092045,19591015,TMAX,133,,,a,
ASN00092045,19591016,TMAX,133,,,a,
ASN00092045,19591017,TMAX,128,,,a,
ASN00092045,19591018,TMAX,133,,,a,
ASN00092045,19591019,TMAX,139,,,a,
ASN00092045,19591020,TMAX,139,,,a,
ASN00092045,19591021,TMAX,133,,,a,
ASN00092045,19591022,TMAX,150,,,a,
ASN00092045,19591023,TMAX,167,,,a,
ASN00092045,19591024,TMAX,167,,,a,
ASN00092045,19591025,TMAX,161,,,a,
ASN00092045,19591026,TMAX,161,,,a,
ASN00092045,19591027,TMAX,172,,,a,
ASN00092045,19591028,TMAX,189,,,a,
ASN00092045,19591029,TMAX,172,,,a,
ASN00092045,19591030,TMAX,172,,,a,
ASN00092045,19591031,TMAX,167,,,a,
ASN00092045,19591001,TMIN,72,,,a,
ASN00092045,19591002,TMIN,44,,,a,
ASN00092045,19591003,TMIN,67,,,a,
ASN00092045,19591004,TMIN,89,,,a,
ASN00092045,19591005,TMIN,83,,,a,
ASN00092045,19591006,TMIN,100,,,a,
ASN00092045,19591007,TMIN,89,,,a,
ASN00092045,19591008,TMIN,117,,,a,
ASN00092045,19591009,TMIN,111,,,a,
ASN00092045,19591010,TMIN,106,,,a,
ASN00092045,19591011,TMIN,78,,,a,
ASN00092045,19591012,TMIN,50,,,a,
ASN00092045,19591013,TMIN,78,,,a,
ASN00092045,19591014,TMIN,78,,,a,
ASN00092045,19591015,TMIN,72,,,a,
ASN00092045,19591016,TMIN,94,,,a,
ASN00092045,19591017,TMIN,89,,,a,
ASN00092045,19591018,TMIN,72,,,a,
ASN00092045,19591019,TMIN,83,,,a,
ASN00092045,19591020,TMIN,100,,,a,
ASN00092045,19591021,TMIN,94,,,a,
ASN00092045,19591022,TMIN,78,,,a,
ASN00092045,19591023,TMIN,78,,,a,
ASN00092045,19591024,TMIN,100,,,a,
ASN00092045,19591025,TMIN,89,,,a,
ASN00092045,19591026,TMIN,83,,,a,
ASN00092045,19591027,TMIN,100,,,a,
ASN00092045,19591028,TMIN,94,,,a,
ASN00092045,19591029,TMIN,111,,,a,
ASN00092045,19591030,TMIN,139,,,a,
ASN00092045,19591031,TMIN,133,,,a,
ASN00092045,19591001,PRCP,0,,,a,
ASN00092045,19591002,PRCP,0,,,a,
ASN00092045,19591003,PRCP,0,,,a,
ASN00092045,19591004,PRCP,0,,,a,
ASN00092045,19591005,PRCP,0,,,a,
ASN00092045,19591006,PRCP,0,,,a,
ASN00092045,19591007,PRCP,0,,,a,
ASN00092045,19591008,PRCP,0,,,a,
ASN00092045,19591009,PRCP,23,,,a,
ASN00092045,19591010,PRCP,10,,,a,
ASN00092045,19591011,PRCP,8,,,a,
ASN00092045,19591012,PRCP,0,,,a,
ASN00092045,19591013,PRCP,8,,,a,
ASN00092045,19591014,PRCP,0,,,a,
ASN00092045,19591015,PRCP,84,,,a,
ASN00092045,19591016,PRCP,20,,,a,
ASN00092045,19591017,PRCP,46,,,a,
ASN00092045,19591018,PRCP,15,,,a,
ASN00092045,19591019,PRCP,38,,,a,
ASN00092045,19591020,PRCP,8,,,a,
ASN00092045,19591021,PRCP,3,,,a,
ASN00092045,19591022,PRCP,0,,,a,
ASN00092045,19591023,PRCP,0,,,a,
ASN00092045,19591024,PRCP,0,,,a,
ASN00092045,19591025,PRCP,66,,,a,
ASN00092045,19591026,PRCP,10,,,a,
ASN00092045,19591027,PRCP,8,,,a,
ASN00092045,19591028,PRCP,0,,,a,
ASN00092045,19591029,PRCP,0,,,a,
ASN00092045,19591030,PRCP,0,,,a,
ASN00092045,19591031,PRCP,15,,,a,
ASN00092045,19591101,TMAX,189,,,a,
ASN00092045,19591102,TMAX,189,,,a,
ASN00092045,19591103,TMAX,183,,,a,
ASN00092045,19591104,TMAX,178,,,a,
ASN00092045,19591105,TMAX,200,,,a,
ASN00092045,19591106,TMAX,200,,,a,
ASN00092045,19591107,TMAX,200,,,a,
ASN00092045,19591108,TMAX,150,,,a,
ASN00092045,19591109,TMAX,167,,,a,
ASN00092045,19591110,TMAX,172,,,a,
ASN00092045,19591111,TMAX,178,,,a,
ASN00092045,19591112,TMAX,194,,,a,
ASN00092045,19591113,TMAX,161,,,a,
ASN00092045,19591114,TMAX,217,,,a,
ASN00092045,19591115,TMAX,156,,,a,
ASN00092045,19591116,TMAX,189,,,a,
ASN00092045,19591117,TMAX,217,,,a,
ASN00092045,19591118,TMAX,200,,,a,
ASN00092045,19591119,TMAX,211,,,a,
ASN00092045,19591120,TMAX,217,,,a,
ASN00092045,19591121,TMAX,317,,,a,
ASN00092045,19591122,TMAX,328,,,a,
ASN00092045,19591123,TMAX,189,,,a,
ASN00092045,19591124,TMAX,139,,,a,
ASN00092045,19591125,TMAX,156,,,a,
ASN00092045,19591126,TMAX,228,,,a,
ASN00092045,19591127,TMAX,206,,,a,
ASN00092045,19591128,TMAX,278,,,a,
ASN00092045,19591129,TMAX,178,,,a,
ASN00092045,19591130,TMAX,183,,,a,
ASN00092045,19591101,TMIN,106,,,a,
ASN00092045,19591102,TMIN,122,,,a,
ASN00092045,19591103,TMIN,122,,,a,
ASN00092045,19591104,TMIN,111,,,a,
ASN00092045,19591105,TMIN,122,,,a,
ASN00092045,19591106,TMIN,56,,,a,
ASN00092045,19591107,TMIN,94,,,a,
ASN00092045,19591108,TMIN,106,,,a,
ASN00092045,19591109,TMIN,61,,,a,
ASN00092045,19591110,TMIN,94,,,a,
ASN00092045,19591111,TMIN,83,,,a,
ASN00092045,19591112,TMIN,122,,,a,
ASN00092045,19591113,TMIN,122,,,a,
ASN00092045,19591114,TMIN,128,,,a,
ASN00092045,19591115,TMIN,117,,,a,
ASN00092045,19591116,TMIN,117,,,a,
ASN00092045,19591117,TMIN,122,,,a,
ASN00092045,19591118,TMIN,106,,,a,
ASN00092045,19591119,TMIN,89,,,a,
ASN00092045,19591120,TMIN,133,,,a,
ASN00092045,19591121,TMIN,133,,,a,
ASN00092045,19591122,TMIN,150,,,a,
ASN00092045,19591123,TMIN,122,,,a,
ASN00092045,19591124,TMIN,122,,,a,
ASN00092045,19591125,TMIN,128,,,a,
ASN00092045,19591126,TMIN,133,,,a,
ASN00092045,19591127,TMIN,133,,,a,
ASN00092045,19591128,TMIN,156,,,a,
ASN00092045,19591129,TMIN,139,,,a,
ASN00092045,19591130,TMIN,111,,,a,
ASN00092045,19591101,PRCP,8,,,a,
ASN00092045,19591102,PRCP,0,,,a,
ASN00092045,19591103,PRCP,0,,,a,
ASN00092045,19591104,PRCP,15,,,a,
ASN00092045,19591105,PRCP,0,,,a,
ASN00092045,19591106,PRCP,0,,,a,
ASN00092045,19591107,PRCP,0,,,a,
ASN00092045,19591108,PRCP,0,,,a,
ASN00092045,19591109,PRCP,0,,,a,
ASN00092045,19591110,PRCP,0,,,a,
ASN00092045,19591111,PRCP,0,,,a,
ASN00092045,19591112,PRCP,0,,,a,
ASN00092045,19591113,PRCP,0,,,a,
ASN00092045,19591114,PRCP,0,,,a,
ASN00092045,19591115,PRCP,0,,,a,
ASN00092045,19591116,PRCP,0,,,a,
ASN00092045,19591117,PRCP,0,,,a,
ASN00092045,19591118,PRCP,3,,,a,
ASN00092045,19591119,PRCP,0,,,a,
ASN00092045,19591120,PRCP,0,,,a,
ASN00092045,19591121,PRCP,0,,,a,
ASN00092045,19591122,PRCP,0,,,a,
ASN00092045,19591123,PRCP,0,,,a,
ASN00092045,19591124,PRCP,13,,,a,
ASN00092045,19591125,PRCP,25,,,a,
ASN00092045,19591126,PRCP,91,,,a,
ASN00092045,19591127,PRCP,0,,,a,
ASN00092045,19591128,PRCP,5,,,a,
ASN00092045,19591129,PRCP,3,,,a,
ASN00092045,19591130,PRCP,114,,,a,
ASN00092045,19591201,TMAX,183,,,a,
ASN00092045,19591202,TMAX,167,,,a,
ASN00092045,19591203,TMAX,194,,,a,
ASN00092045,19591204,TMAX,200,,,a,
ASN00092045,19591205,TMAX,194,,,a,
ASN00092045,19591206,TMAX,200,,,a,
ASN00092045,19591207,TMAX,200,,,a,
ASN00092045,19591208,TMAX,178,,,a,
ASN00092045,19591209,TMAX,200,,,a,
ASN00092045,19591210,TMAX,178,,,a,
ASN00092045,19591211,TMAX,200,,,a,
ASN00092045,19591212,TMAX,189,,,a,
ASN00092045,19591213,TMAX,167,,,a,
ASN00092045,19591214,TMAX,194,,,a,
ASN00092045,19591215,TMAX,222,,,a,
ASN00092045,19591216,TMAX,228,,,a,
ASN00092045,19591217,TMAX,228,,,a,
ASN00092045,19591218,TMAX,172,,,a,
ASN00092045,19591219,TMAX,200,,,a,
ASN00092045,19591220,TMAX,200,,,a,
ASN00092045,19591221,TMAX,178,,,a,
ASN00092045,19591222,TMAX,189,,,a,
ASN00092045,19591223,TMAX,211,,,a,
ASN00092045,19591224,TMAX,194,,,a,
ASN00092045,19591225,TMAX,194,,,a,
ASN00092045,19591226,TMAX,172,,,a,
ASN00092045,19591227,TMAX,194,,,a,
ASN00092045,19591228,TMAX,206,,,a,
ASN00092045,19591229,TMAX,206,,,a,
ASN00092045,19591230,TMAX,206,,,a,
ASN00092045,19591231,TMAX,239,,,a,
ASN00092045,19591201,TMIN,83,,,a,
ASN00092045,19591202,TMIN,106,,,a,
ASN00092045,19591203,TMIN,106,,,a,
ASN00092045,19591204,TMIN,128,,,a,
ASN00092045,19591205,TMIN,144,,,a,
ASN00092045,19591206,TMIN,117,,,a,
ASN00092045,19591207,TMIN,117,,,a,
ASN00092045,19591208,TMIN,117,,,a,
ASN00092045,19591209,TMIN,94,,,a,
ASN00092045,19591210,TMIN,122,,,a,
ASN00092045,19591211,TMIN,106,,,a,
ASN00092045,19591212,TMIN,100,,,a,
ASN00092045,19591213,TMIN,100,,,a,
ASN00092045,19591214,TMIN,111,,,a,
ASN00092045,19591215,TMIN,133,,,a,
ASN00092045,19591216,TMIN,150,,,a,
ASN00092045,19591217,TMIN,106,,,a,
ASN00092045,19591218,TMIN,128,,,a,
ASN00092045,19591219,TMIN,78,,,a,
ASN00092045,19591220,TMIN,111,,,a,
ASN00092045,19591221,TMIN,128,,,a,
ASN00092045,19591222,TMIN,144,,,a,
ASN00092045,19591223,TMIN,144,,,a,
ASN00092045,19591224,TMIN,144,,,a,
ASN00092045,19591225,TMIN,150,,,a,
ASN00092045,19591226,TMIN,156,,,a,
ASN00092045,19591227,TMIN,139,,,a,
ASN00092045,19591228,TMIN,128,,,a,
ASN00092045,19591229,TMIN,128,,,a,
ASN00092045,19591230,TMIN,150,,,a,
ASN00092045,19591231,TMIN,161,,,a,
ASN00092045,19591201,PRCP,0,,,a,
ASN00092045,19591202,PRCP,79,,,a,
ASN00092045,19591203,PRCP,0,,,a,
ASN00092045,19591204,PRCP,0,,,a,
ASN00092045,19591205,PRCP,5,,,a,
ASN00092045,19591206,PRCP,25,,,a,
ASN00092045,19591207,PRCP,0,,,a,
ASN00092045,19591208,PRCP,0,,,a,
ASN00092045,19591209,PRCP,10,,,a,
ASN00092045,19591210,PRCP,25,,,a,
ASN00092045,19591211,PRCP,0,,,a,
ASN00092045,19591212,PRCP,46,,,a,
ASN00092045,19591213,PRCP,76,,,a,
ASN00092045,19591214,PRCP,0,,,a,
ASN00092045,19591215,PRCP,0,,,a,
ASN00092045,19591216,PRCP,0,,,a,
ASN00092045,19591217,PRCP,0,,,a,
ASN00092045,19591218,PRCP,43,,,a,
ASN00092045,19591219,PRCP,51,,,a,
ASN00092045,19591220,PRCP,13,,,a,
ASN00092045,19591221,PRCP,28,,,a,
ASN00092045,19591222,PRCP,0,,,a,
ASN00092045,19591223,PRCP,0,,,a,
ASN00092045,19591224,PRCP,0,,,a,
ASN00092045,19591225,PRCP,0,,,a,
ASN00092045,19591226,PRCP,244,,,a,
ASN00092045,19591227,PRCP,99,,,a,
ASN00092045,19591228,PRCP,0,,,a,
ASN00092045,19591229,PRCP,5,,,a,
ASN00092045,19591230,PRCP,10,,,a,
ASN00092045,19591231,PRCP,3,,,a,
ASN00092045,19600101,TMAX,261,,,a,
ASN00092045,19600102,TMAX,222,,,a,
ASN00092045,19600103,TMAX,200,,,a,
ASN00092045,19600104,TMAX,161,,,a,
ASN00092045,19600105,TMAX,244,,,a,
ASN00092045,19600106,TMAX,233,,,a,
ASN00092045,19600107,TMAX,228,,,a,
ASN00092045,19600108,TMAX,233,,,a,
ASN00092045,19600109,TMAX,233,,,a,
ASN00092045,19600110,TMAX,256,,,a,
ASN00092045,19600111,TMAX,317,,,a,
ASN00092045,19600112,TMAX,194,,,a,
ASN00092045,19600113,TMAX,200,,,a,
ASN00092045,19600114,TMAX,233,,,a,
ASN00092045,19600115,TMAX,239,,,a,
ASN00092045,19600116,TMAX,361,,,a,
ASN00092045,19600117,TMAX,294,,,a,
ASN00092045,19600118,TMAX,233,,,a,
ASN00092045,19600119,TMAX,217,,,a,
ASN00092045,19600120,TMAX,222,,,a,
ASN00092045,19600121,TMAX,250,,,a,
ASN00092045,19600122,TMAX,222,,,a,
ASN00092045,19600123,TMAX,194,,,a,
ASN00092045,19600124,TMAX,228,,,a,
ASN00092045,19600125,TMAX,228,,,a,
ASN00092045,19600126,TMAX,211,,,a,
ASN00092045,19600127,TMAX,233,,,a,
ASN00092045,19600128,TMAX,233,,,a,
ASN00092045,19600129,TMAX,228,,,a,
ASN00092045,19600130,TMAX,222,,,a,
ASN00092045,19600131,TMAX,211,,,a,
ASN00092045,19600101,TMIN,139,,,a,
ASN00092045,19600102,TMIN,139,,,a,
ASN00092045,19600103,TMIN,133,,,a,
ASN00092045,19600104,TMIN,139,,,a,
ASN00092045,19600105,TMIN,111,,,a,
ASN00092045,19600106,TMIN,150,,,a,
ASN00092045,19600107,TMIN,150,,,a,
ASN00092045,19600108,TMIN,172,,,a,
ASN00092045,19600109,TMIN,156,,,a,
ASN00092045,19600110,TMIN,139,,,a,
ASN00092045,19600111,TMIN,161,,,a,
ASN00092045,19600112,TMIN,150,,,a,
ASN00092045,19600113,TMIN,139,,,a,
ASN00092045,19600114,TMIN,156,,,a,
ASN00092045,19600115,TMIN,167,,,a,
ASN00092045,19600116,TMIN,178,,,a,
ASN00092045,19600117,TMIN,183,,,a,
ASN00092045,19600118,TMIN,144,,,a,
ASN00092045,19600119,TMIN,106,,,a,
ASN00092045,19600120,TMIN,144,,,a,
ASN00092045,19600121,TMIN,144,,,a,
ASN00092045,19600122,TMIN,172,,,a,
ASN00092045,19600123,TMIN,144,,,a,
ASN00092045,19600124,TMIN,106,,,a,
ASN00092045,19600125,TMIN,128,,,a,
ASN00092045,19600126,TMIN,150,,,a,
ASN00092045,19600127,TMIN,111,,,a,
ASN00092045,19600128,TMIN,117,,,a,
ASN00092045,19600129,TMIN,122,,,a,
ASN00092045,19600130,TMIN,56,,,a,
ASN00092045,19600131,TMIN,139,,,a,
ASN00092045,19600101,PRCP,0,,,a,
ASN00092045,19600102,PRCP,0,,,a,
ASN00092045,19600103,PRCP,0,,,a,
ASN00092045,19600104,PRCP,0,,,a,
ASN00092045,19600105,PRCP,0,,,a,
ASN00092045,19600106,PRCP,0,,,a,
ASN00092045,19600107,PRCP,0,,,a,
ASN00092045,19600108,PRCP,0,,,a,
ASN00092045,19600109,PRCP,20,,,a,
ASN00092045,19600110,PRCP,0,,,a,
ASN00092045,19600111,PRCP,0,,,a,
ASN00092045,19600112,PRCP,0,,,a,
ASN00092045,19600113,PRCP,0,,,a,
ASN00092045,19600114,PRCP,13,,,a,
ASN00092045,19600115,PRCP,0,,,a,
ASN00092045,19600116,PRCP,0,,,a,
ASN00092045,19600117,PRCP,0,,,a,
ASN00092045,19600118,PRCP,0,,,a,
ASN00092045,19600119,PRCP,0,,,a,
ASN00092045,19600120,PRCP,0,,,a,
ASN00092045,19600121,PRCP,0,,,a,
ASN00092045,19600122,PRCP,0,,,a,
ASN00092045,19600123,PRCP,10,,,a,
ASN00092045,19600124,PRCP,0,,,a,
ASN00092045,19600125,PRCP,3,,,a,
ASN00092045,19600126,PRCP,0,,,a,
ASN00092045,19600127,PRCP,8,,,a,
ASN00092045,19600128,PRCP,0,,,a,
ASN00092045,19600129,PRCP,0,,,a,
ASN00092045,19600130,PRCP,0,,,a,
ASN00092045,19600131,PRCP,0,,,a,
ASN00092045,19600201,TMAX,222,,,a,
ASN00092045,19600202,TMAX,222,,,a,
ASN00092045,19600203,TMAX,222,,,a,
ASN00092045,19600204,TMAX,206,,,a,
ASN00092045,19600205,TMAX,222,,,a,
ASN00092045,19600206,TMAX,200,,,a,
ASN00092045,19600207,TMAX,217,,,a,
ASN00092045,19600208,TMAX,233,,,a,
ASN00092045,19600209,TMAX,200,,,a,
ASN00092045,19600210,TMAX,211,,,a,
ASN00092045,19600211,TMAX,239,,,a,
ASN00092045,19600212,TMAX,211,,,a,
ASN00092045,19600213,TMAX,239,,,a,
ASN00092045,19600214,TMAX,250,,,a,
ASN00092045,19600215,TMAX,228,,,a,
ASN00092045,19600216,TMAX,222,,,a,
ASN00092045,19600217,TMAX,189,,,a,
ASN00092045,19600218,TMAX,189,,,a,
ASN00092045,19600219,TMAX,206,,,a,
ASN00092045,19600220,TMAX,222,,,a,
ASN00092045,19600221,TMAX,244,,,a,
ASN00092045,19600222,TMAX,283,,,a,
ASN00092045,19600223,TMAX,233,,,a,
ASN00092045,19600224,TMAX,217,,,a,
ASN00092045,19600225,TMAX,217,,,a,
ASN00092045,19600228,TMAX,206,,,a,
ASN00092045,19600229,TMAX,222,,,a,
ASN00092045,19600201,TMIN,161,,,a,
ASN00092045,19600202,TMIN,128,,,a,
ASN00092045,19600203,TMIN,100,,,a,
ASN00092045,19600204,TMIN,128,,,a,
ASN00092045,19600205,TMIN,72,,,a,
ASN00092045,19600206,TMIN,128,,,a,
ASN00092045,19600207,TMIN,106,,,a,
ASN00092045,19600208,TMIN,156,,,a,
ASN00092045,19600209,TMIN,156,,,a,
ASN00092045,19600210,TMIN,167,,,a,
ASN00092045,19600211,TMIN,172,,,a,
ASN00092045,19600212,TMIN,106,,,a,
ASN00092045,19600213,TMIN,111,,,a,
ASN00092045,19600214,TMIN,133,,,a,
ASN00092045,19600215,TMIN,122,,,a,
ASN00092045,19600216,TMIN,117,,,a,
ASN00092045,19600217,TMIN,128,,,a,
ASN00092045,19600218,TMIN,128,,,a,
ASN00092045,19600219,TMIN,111,,,a,
ASN00092045,19600220,TMIN,128,,,a,
ASN00092045,19600221,TMIN,161,,,a,
ASN00092045,19600222,TMIN,172,,,a,
ASN00092045,19600223,TMIN,161,,,a,
ASN00092045,19600224,TMIN,139,,,a,
ASN00092045,19600225,TMIN,106,,,a,
ASN00092045,19600226,TMIN,89,,,a,
ASN00092045,19600227,TMIN,178,,,a,
ASN00092045,19600228,TMIN,94,,,a,
ASN00092045,19600229,TMIN,156,,,a,
ASN00092045,19600201,PRCP,8,,,a,
ASN00092045,19600202,PRCP,0,,,a,
ASN00092045,19600203,PRCP,0,,,a,
ASN00092045,19600204,PRCP,0,,,a,
ASN00092045,19600205,PRCP,0,,,a,
ASN00092045,19600206,PRCP,0,,,a,
ASN00092045,19600207,PRCP,69,,,a,
ASN00092045,19600208,PRCP,0,,,a,
ASN00092045,19600209,PRCP,0,,,a,
ASN00092045,19600210,PRCP,0,,,a,
ASN00092045,19600211,PRCP,76,,,a,
ASN00092045,19600212,PRCP,18,,,a,
ASN00092045,19600213,PRCP,0,,,a,
ASN00092045,19600214,PRCP,58,,,a,
ASN00092045,19600215,PRCP,0,,,a,
ASN00092045,19600216,PRCP,0,,,a,
ASN00092045,19600217,PRCP,3,,,a,
ASN00092045,19600218,PRCP,0,,,a,
ASN00092045,19600219,PRCP,0,,,a,
ASN00092045,19600220,PRCP,0,,,a,
ASN00092045,19600221,PRCP,0,,,a,
ASN00092045,19600222,PRCP,0,,,a,
ASN00092045,19600223,PRCP,0,,,a,
ASN00092045,19600224,PRCP,0,,,a,
ASN00092045,19600225,PRCP,0,,,a,
ASN00092045,19600226,PRCP,0,,,a,
ASN00092045,19600227,PRCP,0,,,a,
ASN00092045,19600228,PRCP,0,,,a,
ASN00092045,19600229,PRCP,0,,,a,
ASN00092045,19600301,TMAX,244,,,a,
ASN00092045,19600302,TMAX,233,,,a,
ASN00092045,19600303,TMAX,261,,,a,
ASN00092045,19600304,TMAX,228,,,a,
ASN00092045,19600305,TMAX,228,,,a,
ASN00092045,19600306,TMAX,217,,,a,
ASN00092045,19600307,TMAX,228,,,a,
ASN00092045,19600308,TMAX,211,,,a,
ASN00092045,19600309,TMAX,228,,,a,
ASN00092045,19600310,TMAX,211,,,a,
ASN00092045,19600311,TMAX,178,,,a,
ASN00092045,19600312,TMAX,211,,,a,
ASN00092045,19600313,TMAX,217,,,a,
ASN00092045,19600314,TMAX,178,,,a,
ASN00092045,19600315,TMAX,189,,,a,
ASN00092045,19600316,TMAX,194,,,a,
ASN00092045,19600317,TMAX,211,,,a,
ASN00092045,19600318,TMAX,211,,,a,
ASN00092045,19600319,TMAX,211,,,a,
ASN00092045,19600320,TMAX,194,,,a,
ASN00092045,19600321,TMAX,222,,,a,
ASN00092045,19600322,TMAX,222,,,a,
ASN00092045,19600323,TMAX,217,,,a,
ASN00092045,19600324,TMAX,206,,,a,
ASN00092045,19600325,TMAX,211,,,a,
ASN00092045,19600326,TMAX,244,,,a,
ASN00092045,19600327,TMAX,172,,,a,
ASN00092045,19600328,TMAX,200,,,a,
ASN00092045,19600329,TMAX,200,,,a,
ASN00092045,19600330,TMAX,261,,,a,
ASN00092045,19600331,TMAX,222,,,a,
ASN00092045,19600301,TMIN,133,,,a,
ASN00092045,19600302,TMIN,178,,,a,
ASN00092045,19600303,TMIN,172,,,a,
ASN00092045,19600304,TMIN,156,,,a,
ASN00092045,19600305,TMIN,139,,,a,
ASN00092045,19600306,TMIN,161,,,a,
ASN00092045,19600307,TMIN,167,,,a,
ASN00092045,19600308,TMIN,161,,,a,
ASN00092045,19600309,TMIN,128,,,a,
ASN00092045,19600310,TMIN,100,,,a,
ASN00092045,19600311,TMIN,94,,,a,
ASN00092045,19600312,TMIN,94,,,a,
ASN00092045,19600313,TMIN,111,,,a,
ASN00092045,19600314,TMIN,128,,,a,
ASN00092045,19600315,TMIN,128,,,a,
ASN00092045,19600316,TMIN,139,,,a,
ASN00092045,19600317,TMIN,139,,,a,
ASN00092045,19600318,TMIN,144,,,a,
ASN00092045,19600319,TMIN,156,,,a,
ASN00092045,19600320,TMIN,161,,,a,
ASN00092045,19600321,TMIN,139,,,a,
ASN00092045,19600322,TMIN,89,,,a,
ASN00092045,19600323,TMIN,100,,,a,
ASN00092045,19600324,TMIN,117,,,a,
ASN00092045,19600325,TMIN,122,,,a,
ASN00092045,19600326,TMIN,156,,,a,
ASN00092045,19600327,TMIN,144,,,a,
ASN00092045,19600328,TMIN,100,,,a,
ASN00092045,19600329,TMIN,106,,,a,
ASN00092045,19600330,TMIN,139,,,a,
ASN00092045,19600331,TMIN,144,,,a,
ASN00092045,19600301,PRCP,0,,,a,
ASN00092045,19600302,PRCP,0,,,a,
ASN00092045,19600303,PRCP,0,,,a,
ASN00092045,19600304,PRCP,0,,,a,
ASN00092045,19600305,PRCP,0,,,a,
ASN00092045,19600306,PRCP,0,,,a,
ASN00092045,19600307,PRCP,0,,,a,
ASN00092045,19600308,PRCP,5,,,a,
ASN00092045,19600309,PRCP,0,,,a,
ASN00092045,19600310,PRCP,0,,,a,
ASN00092045,19600311,PRCP,0,,,a,
ASN00092045,19600312,PRCP,0,,,a,
ASN00092045,19600313,PRCP,0,,,a,
ASN00092045,19600314,PRCP,140,,,a,
ASN00092045,19600315,PRCP,5,,,a,
ASN00092045,19600316,PRCP,51,,,a,
ASN00092045,19600317,PRCP,0,,,a,
ASN00092045,19600318,PRCP,0,,,a,
ASN00092045,19600319,PRCP,0,,,a,
ASN00092045,19600320,PRCP,0,,,a,
ASN00092045,19600321,PRCP,61,,,a,
ASN00092045,19600322,PRCP,0,,,a,
ASN00092045,19600323,PRCP,0,,,a,
ASN00092045,19600324,PRCP,0,,,a,
ASN00092045,19600325,PRCP,0,,,a,
ASN00092045,19600326,PRCP,0,,,a,
ASN00092045,19600327,PRCP,0,,,a,
ASN00092045,19600328,PRCP,0,,,a,
ASN00092045,19600329,PRCP,0,,,a,
ASN00092045,19600330,PRCP,0,,,a,
ASN00092045,19600331,PRCP,3,,,a,
ASN00092045,19600401,TMAX,189,,,a,
ASN00092045,19600402,TMAX,194,,,a,
ASN00092045,19600403,TMAX,189,,,a,
ASN00092045,19600404,TMAX,206,,,a,
ASN00092045,19600405,TMAX,172,,,a,
ASN00092045,19600406,TMAX,194,,,a,
ASN00092045,19600407,TMAX,206,,,a,
ASN00092045,19600408,TMAX,200,,,a,
ASN00092045,19600409,TMAX,172,,,a,
ASN00092045,19600410,TMAX,211,,,a,
ASN00092045,19600411,TMAX,211,,,a,
ASN00092045,19600412,TMAX,194,,,a,
ASN00092045,19600413,TMAX,200,,,a,
ASN00092045,19600414,TMAX,211,,,a,
ASN00092045,19600415,TMAX,139,,,a,
ASN00092045,19600416,TMAX,161,,,a,
ASN00092045,19600417,TMAX,133,,,a,
ASN00092045,19600418,TMAX,172,,,a,
ASN00092045,19600419,TMAX,178,,,a,
ASN00092045,19600420,TMAX,150,,,a,
ASN00092045,19600421,TMAX,156,,,a,
ASN00092045,19600422,TMAX,161,,,a,
ASN00092045,19600423,TMAX,150,,,a,
ASN00092045,19600424,TMAX,172,,,a,
ASN00092045,19600425,TMAX,178,,,a,
ASN00092045,19600426,TMAX,161,,,a,
ASN00092045,19600427,TMAX,172,,,a,
ASN00092045,19600428,TMAX,161,,,a,
ASN00092045,19600429,TMAX,178,,,a,
ASN00092045,19600430,TMAX,167,,,a,
ASN00092045,19600401,TMIN,83,,,a,
ASN00092045,19600402,TMIN,111,,,a,
ASN00092045,19600403,TMIN,100,,,a,
ASN00092045,19600404,TMIN,122,,,a,
ASN00092045,19600405,TMIN,111,,,a,
ASN00092045,19600406,TMIN,144,,,a,
ASN00092045,19600407,TMIN,161,,,a,
ASN00092045,19600408,TMIN,139,,,a,
ASN00092045,19600409,TMIN,144,,,a,
ASN00092045,19600410,TMIN,133,,,a,
ASN00092045,19600411,TMIN,100,,,a,
ASN00092045,19600412,TMIN,128,,,a,
ASN00092045,19600413,TMIN,106,,,a,
ASN00092045,19600414,TMIN,111,,,a,
ASN00092045,19600415,TMIN,67,,,a,
ASN00092045,19600416,TMIN,78,,,a,
ASN00092045,19600417,TMIN,61,,,a,
ASN00092045,19600418,TMIN,61,,,a,
ASN00092045,19600419,TMIN,128,,,a,
ASN00092045,19600420,TMIN,106,,,a,
ASN00092045,19600421,TMIN,106,,,a,
ASN00092045,19600422,TMIN,117,,,a,
ASN00092045,19600423,TMIN,89,,,a,
ASN00092045,19600424,TMIN,89,,,a,
ASN00092045,19600425,TMIN,100,,,a,
ASN00092045,19600426,TMIN,128,,,a,
ASN00092045,19600427,TMIN,111,,,a,
ASN00092045,19600428,TMIN,89,,,a,
ASN00092045,19600429,TMIN,100,,,a,
ASN00092045,19600430,TMIN,100,,,a,
ASN00092045,19600401,PRCP,0,,,a,
ASN00092045,19600402,PRCP,0,,,a,
ASN00092045,19600403,PRCP,0,,,a,
ASN00092045,19600404,PRCP,3,,,a,
ASN00092045,19600405,PRCP,0,,,a,
ASN00092045,19600406,PRCP,0,,,a,
ASN00092045,19600407,PRCP,0,,,a,
ASN00092045,19600408,PRCP,3,,,a,
ASN00092045,19600409,PRCP,71,,,a,
ASN00092045,19600410,PRCP,8,,,a,
ASN00092045,19600411,PRCP,0,,,a,
ASN00092045,19600412,PRCP,79,,,a,
ASN00092045,19600413,PRCP,3,,,a,
ASN00092045,19600414,PRCP,0,,,a,
ASN00092045,19600415,PRCP,132,,,a,
ASN00092045,19600416,PRCP,13,,,a,
ASN00092045,19600417,PRCP,132,,,a,
ASN00092045,19600418,PRCP,114,,,a,
ASN00092045,19600419,PRCP,3,,,a,
ASN00092045,19600420,PRCP,79,,,a,
ASN00092045,19600421,PRCP,231,,,a,
ASN00092045,19600422,PRCP,2106,,O,a,
ASN00092045,19600423,PRCP,0,,,a,
ASN00092045,19600424,PRCP,0,,,a,
ASN00092045,19600425,PRCP,0,,,a,
ASN00092045,19600426,PRCP,0,,,a,
ASN00092045,19600427,PRCP,13,,,a,
ASN00092045,19600428,PRCP,64,,,a,
ASN00092045,19600429,PRCP,8,,,a,
ASN00092045,19600430,PRCP,25,,,a,
ASN00092045,19600501,TMAX,161,,,a,
ASN00092045,19600502,TMAX,200,,,a,
ASN00092045,19600503,TMAX,178,,,a,
ASN00092045,19600504,TMAX,167,,,a,
ASN00092045,19600505,TMAX,117,,,a,
ASN00092045,19600506,TMAX,122,,,a,
ASN00092045,19600507,TMAX,128,,,a,
ASN00092045,19600508,TMAX,144,,,a,
ASN00092045,19600509,TMAX,150,,,a,
ASN00092045,19600510,TMAX,172,,,a,
ASN00092045,19600511,TMAX,172,,,a,
ASN00092045,19600512,TMAX,144,,,a,
ASN00092045,19600513,TMAX,94,,,a,
ASN00092045,19600514,TMAX,133,,,a,
ASN00092045,19600515,TMAX,161,,,a,
ASN00092045,19600516,TMAX,150,,,a,
ASN00092045,19600517,TMAX,144,,,a,
ASN00092045,19600518,TMAX,122,,,a,
ASN00092045,19600519,TMAX,150,,,a,
ASN00092045,19600520,TMAX,144,,,a,
ASN00092045,19600521,TMAX,111,,,a,
ASN00092045,19600522,TMAX,128,,,a,
ASN00092045,19600523,TMAX,144,,,a,
ASN00092045,19600524,TMAX,144,,,a,
ASN00092045,19600525,TMAX,150,,,a,
ASN00092045,19600526,TMAX,167,,,a,
ASN00092045,19600527,TMAX,161,,,a,
ASN00092045,19600528,TMAX,167,,,a,
ASN00092045,19600529,TMAX,144,,,a,
ASN00092045,19600530,TMAX,150,,,a,
ASN00092045,19600531,TMAX,150,,,a,
ASN00092045,19600501,TMIN,122,,,a,
ASN00092045,19600502,TMIN,122,,,a,
ASN00092045,19600503,TMIN,100,,,a,
ASN00092045,19600504,TMIN,100,,,a,
ASN00092045,19600505,TMIN,61,,,a,
ASN00092045,19600506,TMIN,44,,,a,
ASN00092045,19600507,TMIN,56,,,a,
ASN00092045,19600508,TMIN,72,,,a,
ASN00092045,19600509,TMIN,39,,,a,
ASN00092045,19600510,TMIN,89,,,a,
ASN00092045,19600511,TMIN,67,,,a,
ASN00092045,19600512,TMIN,83,,,a,
ASN00092045,19600513,TMIN,67,,,a,
ASN00092045,19600514,TMIN,78,,,a,
ASN00092045,19600515,TMIN,61,,,a,
ASN00092045,19600516,TMIN,83,,,a,
ASN00092045,19600517,TMIN,94,,,a,
ASN00092045,19600518,TMIN,94,,,a,
ASN00092045,19600519,TMIN,89,,,a,
ASN00092045,19600520,TMIN,72,,,a,
ASN00092045,19600521,TMIN,72,,,a,
ASN00092045,19600522,TMIN,39,,,a,
ASN00092045,19600523,TMIN,78,,,a,
ASN00092045,19600524,TMIN,67,,,a,
ASN00092045,19600525,TMIN,106,,,a,
ASN00092045,19600526,TMIN,111,,,a,
ASN00092045,19600527,TMIN,139,,,a,
ASN00092045,19600528,TMIN,128,,,a,
ASN00092045,19600529,TMIN,106,,,a,
ASN00092045,19600530,TMIN,72,,,a,
ASN00092045,19600531,TMIN,78,,,a,
ASN00092045,19600501,PRCP,0,,,a,
ASN00092045,19600502,PRCP,826,,,a,
ASN00092045,19600503,PRCP,0,,,a,
ASN00092045,19600504,PRCP,30,,,a,
ASN00092045,19600505,PRCP,135,,,a,
ASN00092045,19600506,PRCP,114,,,a,
ASN00092045,19600507,PRCP,274,,,a,
ASN00092045,19600508,PRCP,0,,,a,
ASN00092045,19600509,PRCP,0,,,a,
ASN00092045,19600510,PRCP,0,,,a,
ASN00092045,19600511,PRCP,0,,,a,
ASN00092045,19600512,PRCP,5,,,a,
ASN00092045,19600513,PRCP,561,,,a,
ASN00092045,19600514,PRCP,208,,,a,
ASN00092045,19600515,PRCP,3,,,a,
ASN00092045,19600516,PRCP,0,,,a,
ASN00092045,19600517,PRCP,5,,,a,
ASN00092045,19600518,PRCP,0,,,a,
ASN00092045,19600519,PRCP,0,,,a,
ASN00092045,19600520,PRCP,0,,,a,
ASN00092045,19600521,PRCP,109,,,a,
ASN00092045,19600522,PRCP,0,,,a,
ASN00092045,19600523,PRCP,0,,,a,
ASN00092045,19600524,PRCP,0,,,a,
ASN00092045,19600525,PRCP,33,,,a,
ASN00092045,19600526,PRCP,76,,,a,
ASN00092045,19600527,PRCP,0,,,a,
ASN00092045,19600528,PRCP,28,,,a,
ASN00092045,19600529,PRCP,20,,,a,
ASN00092045,19600530,PRCP,30,,,a,
ASN00092045,19600531,PRCP,0,,,a,
ASN00092045,19600601,TMAX,133,,,a,
ASN00092045,19600602,TMAX,133,,,a,
ASN00092045,19600603,TMAX,106,,,a,
ASN00092045,19600604,TMAX,106,,,a,
ASN00092045,19600605,TMAX,133,,,a,
ASN00092045,19600606,TMAX,144,,,a,
ASN00092045,19600607,TMAX,156,,,a,
ASN00092045,19600608,TMAX,139,,,a,
ASN00092045,19600609,TMAX,156,,,a,
ASN00092045,19600610,TMAX,139,,,a,
ASN00092045,19600611,TMAX,117,,,a,
ASN00092045,19600612,TMAX,172,,,a,
ASN00092045,19600613,TMAX,156,,,a,
ASN00092045,19600614,TMAX,139,,,a,
ASN00092045,19600615,TMAX,144,,,a,
ASN00092045,19600616,TMAX,144,,,a,
ASN00092045,19600617,TMAX,139,,,a,
ASN00092045,19600618,TMAX,117,,,a,
ASN00092045,19600619,TMAX,122,,,a,
ASN00092045,19600620,TMAX,117,,,a,
ASN00092045,19600621,TMAX,117,,,a,
ASN00092045,19600622,TMAX,111,,,a,
ASN00092045,19600623,TMAX,122,,,a,
ASN00092045,19600624,TMAX,117,,,a,
ASN00092045,19600625,TMAX,117,,,a,
ASN00092045,19600626,TMAX,144,,,a,
ASN00092045,19600627,TMAX,144,,,a,
ASN00092045,19600628,TMAX,144,,,a,
ASN00092045,19600629,TMAX,122,,,a,
ASN00092045,19600630,TMAX,150,,,a,
ASN00092045,19600601,TMIN,61,,,a,
ASN00092045,19600602,TMIN,50,,,a,
ASN00092045,19600603,TMIN,72,,,a,
ASN00092045,19600604,TMIN,61,,,a,
ASN00092045,19600605,TMIN,89,,,a,
ASN00092045,19600606,TMIN,94,,,a,
ASN00092045,19600607,TMIN,83,,,a,
ASN00092045,19600608,TMIN,61,,,a,
ASN00092045,19600609,TMIN,89,,,a,
ASN00092045,19600610,TMIN,100,,,a,
ASN00092045,19600611,TMIN,44,,,a,
ASN00092045,19600612,TMIN,72,,,a,
ASN00092045,19600613,TMIN,56,,,a,
ASN00092045,19600614,TMIN,78,,,a,
ASN00092045,19600615,TMIN,94,,,a,
ASN00092045,19600616,TMIN,50,,,a,
ASN00092045,19600617,TMIN,61,,,a,
ASN00092045,19600618,TMIN,61,,,a,
ASN00092045,19600619,TMIN,61,,,a,
ASN00092045,19600620,TMIN,72,,,a,
ASN00092045,19600621,TMIN,67,,,a,
ASN00092045,19600622,TMIN,89,,,a,
ASN00092045,19600623,TMIN,72,,,a,
ASN00092045,19600624,TMIN,83,,,a,
ASN00092045,19600625,TMIN,78,,,a,
ASN00092045,19600626,TMIN,89,,,a,
ASN00092045,19600627,TMIN,39,,,a,
ASN00092045,19600628,TMIN,83,,,a,
ASN00092045,19600629,TMIN,72,,,a,
ASN00092045,19600630,TMIN,89,,,a,
ASN00092045,19600601,PRCP,0,,,a,
ASN00092045,19600602,PRCP,0,,,a,
ASN00092045,19600603,PRCP,0,,,a,
ASN00092045,19600604,PRCP,0,,,a,
ASN00092045,19600605,PRCP,5,,,a,
ASN00092045,19600606,PRCP,46,,,a,
ASN00092045,19600607,PRCP,0,,,a,
ASN00092045,19600608,PRCP,10,,,a,
ASN00092045,19600609,PRCP,8,,,a,
ASN00092045,19600610,PRCP,0,,,a,
ASN00092045,19600611,PRCP,58,,,a,
ASN00092045,19600612,PRCP,0,,,a,
ASN00092045,19600613,PRCP,0,,,a,
ASN00092045,19600614,PRCP,3,,,a,
ASN00092045,19600615,PRCP,0,,,a,
ASN00092045,19600616,PRCP,66,,,a,
ASN00092045,19600617,PRCP,5,,,a,
ASN00092045,19600618,PRCP,3,,,a,
ASN00092045,19600619,PRCP,0,,,a,
ASN00092045,19600620,PRCP,0,,,a,
ASN00092045,19600621,PRCP,0,,,a,
ASN00092045,19600622,PRCP,33,,,a,
ASN00092045,19600623,PRCP,89,,,a,
ASN00092045,19600624,PRCP,30,,,a,
ASN00092045,19600625,PRCP,15,,,a,
ASN00092045,19600626,PRCP,0,,,a,
ASN00092045,19600627,PRCP,0,,,a,
ASN00092045,19600628,PRCP,0,,,a,
ASN00092045,19600629,PRCP,3,,,a,
ASN00092045,19600630,PRCP,3,,,a,
ASN00092045,19600701,TMAX,122,,,a,
ASN00092045,19600702,TMAX,133,,,a,
ASN00092045,19600703,TMAX,122,,,a,
ASN00092045,19600704,TMAX,100,,,a,
ASN00092045,19600705,TMAX,144,,,a,
ASN00092045,19600706,TMAX,150,,,a,
ASN00092045,19600707,TMAX,139,,,a,
ASN00092045,19600708,TMAX,128,,,a,
ASN00092045,19600709,TMAX,133,,,a,
ASN00092045,19600710,TMAX,133,,,a,
ASN00092045,19600711,TMAX,100,,,a,
ASN00092045,19600712,TMAX,106,,,a,
ASN00092045,19600713,TMAX,133,,,a,
ASN00092045,19600714,TMAX,133,,,a,
ASN00092045,19600715,TMAX,156,,,a,
ASN00092045,19600716,TMAX,128,,,a,
ASN00092045,19600717,TMAX,100,,,a,
ASN00092045,19600718,TMAX,94,,,a,
ASN00092045,19600719,TMAX,122,,,a,
ASN00092045,19600720,TMAX,111,,,a,
ASN00092045,19600721,TMAX,122,,,a,
ASN00092045,19600722,TMAX,139,,,a,
ASN00092045,19600723,TMAX,139,,,a,
ASN00092045,19600724,TMAX,133,,,a,
ASN00092045,19600725,TMAX,122,,,a,
ASN00092045,19600726,TMAX,122,,,a,
ASN00092045,19600727,TMAX,139,,,a,
ASN00092045,19600728,TMAX,144,,,a,
ASN00092045,19600729,TMAX,144,,,a,
ASN00092045,19600730,TMAX,139,,,a,
ASN00092045,19600731,TMAX,117,,,a,
ASN00092045,19600701,TMIN,72,,,a,
ASN00092045,19600702,TMIN,61,,,a,
ASN00092045,19600703,TMIN,39,,,a,
ASN00092045,19600704,TMIN,50,,,a,
ASN00092045,19600705,TMIN,22,,,a,
ASN00092045,19600706,TMIN,67,,,a,
ASN00092045,19600707,TMIN,44,,,a,
ASN00092045,19600708,TMIN,50,,,a,
ASN00092045,19600709,TMIN,61,,,a,
ASN00092045,19600710,TMIN,83,,,a,
ASN00092045,19600711,TMIN,33,,,a,
ASN00092045,19600712,TMIN,78,,,a,
ASN00092045,19600713,TMIN,89,,,a,
ASN00092045,19600714,TMIN,117,,,a,
ASN00092045,19600715,TMIN,94,,,a,
ASN00092045,19600716,TMIN,61,,,a,
ASN00092045,19600717,TMIN,67,,,a,
ASN00092045,19600718,TMIN,72,,,a,
ASN00092045,19600719,TMIN,67,,,a,
ASN00092045,19600720,TMIN,22,,,a,
ASN00092045,19600721,TMIN,56,,,a,
ASN00092045,19600722,TMIN,89,,,a,
ASN00092045,19600723,TMIN,17,,,a,
ASN00092045,19600724,TMIN,67,,,a,
ASN00092045,19600725,TMIN,78,,,a,
ASN00092045,19600726,TMIN,94,,,a,
ASN00092045,19600727,TMIN,111,,,a,
ASN00092045,19600728,TMIN,106,,,a,
ASN00092045,19600729,TMIN,67,,,a,
ASN00092045,19600730,TMIN,56,,,a,
ASN00092045,19600731,TMIN,83,,,a,
ASN00092045,19600701,PRCP,0,,,a,
ASN00092045,19600702,PRCP,0,,,a,
ASN00092045,19600703,PRCP,0,,,a,
ASN00092045,19600704,PRCP,64,,,a,
ASN00092045,19600705,PRCP,0,,,a,
ASN00092045,19600706,PRCP,0,,,a,
ASN00092045,19600707,PRCP,0,,,a,
ASN00092045,19600708,PRCP,5,,,a,
ASN00092045,19600709,PRCP,5,,,a,
ASN00092045,19600710,PRCP,102,,,a,
ASN00092045,19600711,PRCP,23,,,a,
ASN00092045,19600712,PRCP,53,,,a,
ASN00092045,19600713,PRCP,114,,,a,
ASN00092045,19600714,PRCP,0,,,a,
ASN00092045,19600715,PRCP,20,,,a,
ASN00092045,19600716,PRCP,3,,,a,
ASN00092045,19600717,PRCP,58,,,a,
ASN00092045,19600718,PRCP,234,,,a,
ASN00092045,19600719,PRCP,178,,,a,
ASN00092045,19600720,PRCP,51,,,a,
ASN00092045,19600721,PRCP,0,,,a,
ASN00092045,19600722,PRCP,107,,,a,
ASN00092045,19600723,PRCP,8,,,a,
ASN00092045,19600724,PRCP,0,,,a,
ASN00092045,19600725,PRCP,0,,,a,
ASN00092045,19600726,PRCP,0,,,a,
ASN00092045,19600727,PRCP,0,,,a,
ASN00092045,19600728,PRCP,102,,,a,
ASN00092045,19600729,PRCP,0,,,a,
ASN00092045,19600730,PRCP,0,,,a,
ASN00092045,19600731,PRCP,43,,,a,
ASN00092045,19600801,TMAX,144,,,a,
ASN00092045,19600802,TMAX,128,,,a,
ASN00092045,19600803,TMAX,122,,,a,
ASN00092045,19600804,TMAX,144,,,a,
ASN00092045,19600805,TMAX,100,,,a,
ASN00092045,19600806,TMAX,100,,,a,
ASN00092045,19600807,TMAX,117,,,a,
ASN00092045,19600808,TMAX,100,,,a,
ASN00092045,19600809,TMAX,111,,,a,
ASN00092045,19600810,TMAX,106,,,a,
ASN00092045,19600811,TMAX,139,,,a,
ASN00092045,19600812,TMAX,106,,,a,
ASN00092045,19600813,TMAX,117,,,a,
ASN00092045,19600814,TMAX,144,,,a,
ASN00092045,19600815,TMAX,144,,,a,
ASN00092045,19600816,TMAX,139,,,a,
ASN00092045,19600817,TMAX,139,,,a,
ASN00092045,19600818,TMAX,144,,,a,
ASN00092045,19600819,TMAX,117,,,a,
ASN00092045,19600820,TMAX,111,,,a,
ASN00092045,19600821,TMAX,128,,,a,
ASN00092045,19600822,TMAX,144,,,a,
ASN00092045,19600823,TMAX,133,,,a,
ASN00092045,19600824,TMAX,128,,,a,
ASN00092045,19600825,TMAX,133,,,a,
ASN00092045,19600826,TMAX,133,,,a,
ASN00092045,19600827,TMAX,133,,,a,
ASN00092045,19600828,TMAX,133,,,a,
ASN00092045,19600829,TMAX,161,,,a,
ASN00092045,19600830,TMAX,161,,,a,
ASN00092045,19600831,TMAX,150,,,a,
ASN00092045,19600801,TMIN,78,,,a,
ASN00092045,19600802,TMIN,72,,,a,
ASN00092045,19600803,TMIN,61,,,a,
ASN00092045,19600804,TMIN,33,,,a,
ASN00092045,19600805,TMIN,50,,,a,
ASN00092045,19600806,TMIN,50,,,a,
ASN00092045,19600807,TMIN,33,,,a,
ASN00092045,19600808,TMIN,28,,,a,
ASN00092045,19600809,TMIN,44,,,a,
ASN00092045,19600810,TMIN,67,,,a,
ASN00092045,19600811,TMIN,72,,,a,
ASN00092045,19600812,TMIN,67,,,a,
ASN00092045,19600813,TMIN,56,,,a,
ASN00092045,19600814,TMIN,50,,,a,
ASN00092045,19600815,TMIN,61,,,a,
ASN00092045,19600816,TMIN,28,,,a,
ASN00092045,19600817,TMIN,83,,,a,
ASN00092045,19600818,TMIN,72,,,a,
ASN00092045,19600819,TMIN,67,,,a,
ASN00092045,19600820,TMIN,72,,,a,
ASN00092045,19600821,TMIN,78,,,a,
ASN00092045,19600822,TMIN,39,,,a,
ASN00092045,19600823,TMIN,94,,,a,
ASN00092045,19600824,TMIN,39,,,a,
ASN00092045,19600825,TMIN,44,,,a,
ASN00092045,19600826,TMIN,67,,,a,
ASN00092045,19600827,TMIN,72,,,a,
ASN00092045,19600828,TMIN,100,,,a,
ASN00092045,19600829,TMIN,78,,,a,
ASN00092045,19600830,TMIN,67,,,a,
ASN00092045,19600831,TMIN,61,,,a,
ASN00092045,19600801,PRCP,145,,,a,
ASN00092045,19600802,PRCP,20,,,a,
ASN00092045,19600803,PRCP,8,,,a,
ASN00092045,19600804,PRCP,0,,,a,
ASN00092045,19600805,PRCP,0,,,a,
ASN00092045,19600806,PRCP,0,,,a,
ASN00092045,19600807,PRCP,0,,,a,
ASN00092045,19600808,PRCP,0,,,a,
ASN00092045,19600809,PRCP,0,,,a,
ASN00092045,19600810,PRCP,0,,,a,
ASN00092045,19600811,PRCP,0,,,a,
ASN00092045,19600812,PRCP,5,,,a,
ASN00092045,19600813,PRCP,269,,,a,
ASN00092045,19600814,PRCP,13,,,a,
ASN00092045,19600815,PRCP,8,,,a,
ASN00092045,19600816,PRCP,0,,,a,
ASN00092045,19600817,PRCP,0,,,a,
ASN00092045,19600818,PRCP,0,,,a,
ASN00092045,19600819,PRCP,33,,,a,
ASN00092045,19600820,PRCP,10,,,a,
ASN00092045,19600821,PRCP,5,,,a,
ASN00092045,19600822,PRCP,0,,,a,
ASN00092045,19600823,PRCP,0,,,a,
ASN00092045,19600824,PRCP,5,,,a,
ASN00092045,19600825,PRCP,0,,,a,
ASN00092045,19600826,PRCP,0,,,a,
ASN00092045,19600827,PRCP,0,,,a,
ASN00092045,19600828,PRCP,79,,,a,
ASN00092045,19600829,PRCP,23,,,a,
ASN00092045,19600830,PRCP,0,,,a,
ASN00092045,19600831,PRCP,0,,,a,
ASN00092045,19600901,TMAX,144,,,a,
ASN00092045,19600902,TMAX,144,,,a,
ASN00092045,19600903,TMAX,122,,,a,
ASN00092045,19600904,TMAX,133,,,a,
ASN00092045,19600905,TMAX,139,,,a,
ASN00092045,19600906,TMAX,156,,,a,
ASN00092045,19600907,TMAX,144,,,a,
ASN00092045,19600908,TMAX,128,,,a,
ASN00092045,19600909,TMAX,120,,,a,
ASN00092045,19600910,TMAX,144,,,a,
ASN00092045,19600911,TMAX,161,,,a,
ASN00092045,19600912,TMAX,148,,,a,
ASN00092045,19600913,TMAX,150,,,a,
ASN00092045,19600914,TMAX,122,,,a,
ASN00092045,19600915,TMAX,139,,,a,
ASN00092045,19600916,TMAX,128,,,a,
ASN00092045,19600917,TMAX,128,,,a,
ASN00092045,19600918,TMAX,117,,,a,
ASN00092045,19600919,TMAX,133,,,a,
ASN00092045,19600920,TMAX,144,,,a,
ASN00092045,19600921,TMAX,144,,,a,
ASN00092045,19600922,TMAX,144,,,a,
ASN00092045,19600923,TMAX,156,,,a,
ASN00092045,19600924,TMAX,150,,,a,
ASN00092045,19600925,TMAX,161,,,a,
ASN00092045,19600926,TMAX,150,,,a,
ASN00092045,19600927,TMAX,144,,,a,
ASN00092045,19600928,TMAX,156,,,a,
ASN00092045,19600929,TMAX,167,,,a,
ASN00092045,19600930,TMAX,167,,,a,
ASN00092045,19600901,TMIN,72,,,a,
ASN00092045,19600902,TMIN,67,,,a,
ASN00092045,19600903,TMIN,56,,,a,
ASN00092045,19600904,TMIN,57,,,a,
ASN00092045,19600905,TMIN,72,,,a,
ASN00092045,19600906,TMIN,78,,,a,
ASN00092045,19600907,TMIN,100,,,a,
ASN00092045,19600908,TMIN,56,,,a,
ASN00092045,19600909,TMIN,61,,,a,
ASN00092045,19600910,TMIN,53,,,a,
ASN00092045,19600911,TMIN,83,,,a,
ASN00092045,19600912,TMIN,78,,,a,
ASN00092045,19600913,TMIN,94,,,a,
ASN00092045,19600914,TMIN,76,,,a,
ASN00092045,19600915,TMIN,78,,,a,
ASN00092045,19600916,TMIN,89,,,a,
ASN00092045,19600917,TMIN,94,,,a,
ASN00092045,19600918,TMIN,94,,,a,
ASN00092045,19600919,TMIN,83,,,a,
ASN00092045,19600920,TMIN,83,,,a,
ASN00092045,19600921,TMIN,67,,,a,
ASN00092045,19600922,TMIN,67,,,a,
ASN00092045,19600923,TMIN,111,,,a,
ASN00092045,19600924,TMIN,122,,,a,
ASN00092045,19600925,TMIN,89,,,a,
ASN00092045,19600926,TMIN,83,,,a,
ASN00092045,19600927,TMIN,89,,,a,
ASN00092045,19600928,TMIN,100,,,a,
ASN00092045,19600929,TMIN,83,,,a,
ASN00092045,19600930,TMIN,72,,,a,
ASN00092045,19600901,PRCP,36,,,a,
ASN00092045,19600902,PRCP,0,,,a,
ASN00092045,19600903,PRCP,46,,,a,
ASN00092045,19600904,PRCP,0,,,a,
ASN00092045,19600905,PRCP,0,,,a,
ASN00092045,19600906,PRCP,25,,,a,
ASN00092045,19600907,PRCP,25,,,a,
ASN00092045,19600908,PRCP,0,,,a,
ASN00092045,19600909,PRCP,10,,,a,
ASN00092045,19600910,PRCP,0,,,a,
ASN00092045,19600911,PRCP,0,,,a,
ASN00092045,19600912,PRCP,0,,,a,
ASN00092045,19600913,PRCP,0,,,a,
ASN00092045,19600914,PRCP,0,,,a,
ASN00092045,19600915,PRCP,0,,,a,
ASN00092045,19600916,PRCP,5,,,a,
ASN00092045,19600917,PRCP,343,,,a,
ASN00092045,19600918,PRCP,277,,,a,
ASN00092045,19600919,PRCP,41,,,a,
ASN00092045,19600920,PRCP,0,,,a,
ASN00092045,19600921,PRCP,0,,,a,
ASN00092045,19600922,PRCP,0,,,a,
ASN00092045,19600923,PRCP,0,,,a,
ASN00092045,19600924,PRCP,5,,,a,
ASN00092045,19600925,PRCP,147,,,a,
ASN00092045,19600926,PRCP,0,,,a,
ASN00092045,19600927,PRCP,0,,,a,
ASN00092045,19600928,PRCP,0,,,a,
ASN00092045,19600929,PRCP,5,,,a,
ASN00092045,19600930,PRCP,8,,,a,
ASN00092045,19601001,TMAX,156,,,a,
ASN00092045,19601002,TMAX,156,,,a,
ASN00092045,19601003,TMAX,161,,,a,
ASN00092045,19601004,TMAX,161,,,a,
ASN00092045,19601005,TMAX,133,,,a,
ASN00092045,19601006,TMAX,167,,,a,
ASN00092045,19601007,TMAX,144,,,a,
ASN00092045,19601008,TMAX,146,,,a,
ASN00092045,19601009,TMAX,150,,,a,
ASN00092045,19601010,TMAX,156,,,a,
ASN00092045,19601011,TMAX,139,,,a,
ASN00092045,19601012,TMAX,161,,,a,
ASN00092045,19601013,TMAX,167,,,a,
ASN00092045,19601014,TMAX,200,,,a,
ASN00092045,19601015,TMAX,194,,,a,
ASN00092045,19601016,TMAX,250,,,a,
ASN00092045,19601017,TMAX,178,,,a,
ASN00092045,19601018,TMAX,156,,,a,
ASN00092045,19601019,TMAX,161,,,a,
ASN00092045,19601020,TMAX,178,,,a,
ASN00092045,19601021,TMAX,167,,,a,
ASN00092045,19601022,TMAX,167,,,a,
ASN00092045,19601023,TMAX,172,,,a,
ASN00092045,19601024,TMAX,161,,,a,
ASN00092045,19601025,TMAX,144,,,a,
ASN00092045,19601026,TMAX,172,,,a,
ASN00092045,19601027,TMAX,189,,,a,
ASN00092045,19601028,TMAX,189,,,a,
ASN00092045,19601029,TMAX,172,,,a,
ASN00092045,19601030,TMAX,178,,,a,
ASN00092045,19601031,TMAX,144,,,a,
ASN00092045,19601001,TMIN,67,,,a,
ASN00092045,19601002,TMIN,61,,,a,
ASN00092045,19601003,TMIN,94,,,a,
ASN00092045,19601004,TMIN,117,,,a,
ASN00092045,19601005,TMIN,89,,,a,
ASN00092045,19601006,TMIN,89,,,a,
ASN00092045,19601007,TMIN,106,,,a,
ASN00092045,19601008,TMIN,67,,,a,
ASN00092045,19601009,TMIN,88,,,a,
ASN00092045,19601010,TMIN,83,,,a,
ASN00092045,19601011,TMIN,50,,,a,
ASN00092045,19601012,TMIN,50,,,a,
ASN00092045,19601013,TMIN,94,,,a,
ASN00092045,19601014,TMIN,94,,,a,
ASN00092045,19601015,TMIN,94,,,a,
ASN00092045,19601016,TMIN,100,,,a,
ASN00092045,19601017,TMIN,128,,,a,
ASN00092045,19601018,TMIN,94,,,a,
ASN00092045,19601019,TMIN,78,,,a,
ASN00092045,19601020,TMIN,61,,,a,
ASN00092045,19601021,TMIN,109,,,a,
ASN00092045,19601022,TMIN,111,,,a,
ASN00092045,19601023,TMIN,117,,,a,
ASN00092045,19601024,TMIN,106,,,a,
ASN00092045,19601025,TMIN,106,,,a,
ASN00092045,19601026,TMIN,83,,,a,
ASN00092045,19601027,TMIN,83,,,a,
ASN00092045,19601028,TMIN,89,,,a,
ASN00092045,19601029,TMIN,111,,,a,
ASN00092045,19601030,TMIN,133,,,a,
ASN00092045,19601031,TMIN,83,,,a,
ASN00092045,19601001,PRCP,0,,,a,
ASN00092045,19601002,PRCP,3,,,a,
ASN00092045,19601003,PRCP,0,,,a,
ASN00092045,19601004,PRCP,0,,,a,
ASN00092045,19601005,PRCP,130,,,a,
ASN00092045,19601006,PRCP,3,,,a,
ASN00092045,19601007,PRCP,10,,,a,
ASN00092045,19601008,PRCP,36,,,a,
ASN00092045,19601009,PRCP,18,,,a,
ASN00092045,19601010,PRCP,3,,,a,
ASN00092045,19601011,PRCP,97,,,a,
ASN00092045,19601012,PRCP,0,,,a,
ASN00092045,19601013,PRCP,0,,,a,
ASN00092045,19601014,PRCP,0,,,a,
ASN00092045,19601015,PRCP,0,,,a,
ASN00092045,19601016,PRCP,3,,,a,
ASN00092045,19601017,PRCP,0,,,a,
ASN00092045,19601018,PRCP,0,,,a,
ASN00092045,19601019,PRCP,0,,,a,
ASN00092045,19601020,PRCP,0,,,a,
ASN00092045,19601021,PRCP,0,,,a,
ASN00092045,19601022,PRCP,0,,,a,
ASN00092045,19601023,PRCP,0,,,a,
ASN00092045,19601024,PRCP,0,,,a,
ASN00092045,19601025,PRCP,10,,,a,
ASN00092045,19601026,PRCP,0,,,a,
ASN00092045,19601027,PRCP,0,,,a,
ASN00092045,19601028,PRCP,0,,,a,
ASN00092045,19601029,PRCP,0,,,a,
ASN00092045,19601030,PRCP,0,,,a,
ASN00092045,19601031,PRCP,5,,,a,
ASN00092045,19601101,TMAX,194,,,a,
ASN00092045,19601102,TMAX,172,,,a,
ASN00092045,19601103,TMAX,178,,,a,
ASN00092045,19601104,TMAX,172,,,a,
ASN00092045,19601105,TMAX,150,,,a,
ASN00092045,19601106,TMAX,183,,,a,
ASN00092045,19601107,TMAX,178,,,a,
ASN00092045,19601108,TMAX,150,,,a,
ASN00092045,19601109,TMAX,167,,,a,
ASN00092045,19601110,TMAX,183,,,a,
ASN00092045,19601111,TMAX,211,,,a,
ASN00092045,19601112,TMAX,144,,,a,
ASN00092045,19601113,TMAX,172,,,a,
ASN00092045,19601114,TMAX,161,,,a,
ASN00092045,19601115,TMAX,150,,,a,
ASN00092045,19601116,TMAX,189,,,a,
ASN00092045,19601117,TMAX,178,,,a,
ASN00092045,19601118,TMAX,206,,,a,
ASN00092045,19601119,TMAX,189,,,a,
ASN00092045,19601120,TMAX,206,,,a,
ASN00092045,19601121,TMAX,161,,,a,
ASN00092045,19601122,TMAX,167,,,a,
ASN00092045,19601123,TMAX,178,,,a,
ASN00092045,19601124,TMAX,168,,,a,
ASN00092045,19601125,TMAX,161,,,a,
ASN00092045,19601126,TMAX,156,,,a,
ASN00092045,19601127,TMAX,189,,,a,
ASN00092045,19601128,TMAX,183,,,a,
ASN00092045,19601129,TMAX,206,,,a,
ASN00092045,19601130,TMAX,161,,,a,
ASN00092045,19601101,TMIN,61,,,a,
ASN00092045,19601102,TMIN,44,,,a,
ASN00092045,19601103,TMIN,89,,,a,
ASN00092045,19601104,TMIN,106,,,a,
ASN00092045,19601105,TMIN,83,,,a,
ASN00092045,19601106,TMIN,50,,,a,
ASN00092045,19601107,TMIN,78,,,a,
ASN00092045,19601108,TMIN,67,,,a,
ASN00092045,19601109,TMIN,61,,,a,
ASN00092045,19601110,TMIN,111,,,a,
ASN00092045,19601111,TMIN,100,,,a,
ASN00092045,19601112,TMIN,111,,,a,
ASN00092045,19601113,TMIN,72,,,a,
ASN00092045,19601114,TMIN,39,,,a,
ASN00092045,19601115,TMIN,89,,,a,
ASN00092045,19601116,TMIN,111,,,a,
ASN00092045,19601117,TMIN,128,,,a,
ASN00092045,19601118,TMIN,117,,,a,
ASN00092045,19601119,TMIN,83,,,a,
ASN00092045,19601120,TMIN,111,,,a,
ASN00092045,19601121,TMIN,139,,,a,
ASN00092045,19601122,TMIN,100,,,a,
ASN00092045,19601123,TMIN,106,,,a,
ASN00092045,19601124,TMIN,50,,,a,
ASN00092045,19601125,TMIN,94,,,a,
ASN00092045,19601126,TMIN,94,,,a,
ASN00092045,19601127,TMIN,83,,,a,
ASN00092045,19601128,TMIN,78,,,a,
ASN00092045,19601129,TMIN,111,,,a,
ASN00092045,19601130,TMIN,39,,,a,
ASN00092045,19601101,PRCP,25,,,a,
ASN00092045,19601102,PRCP,0,,,a,
ASN00092045,19601103,PRCP,20,,,a,
ASN00092045,19601104,PRCP,5,,,a,
ASN00092045,19601105,PRCP,18,,,a,
ASN00092045,19601106,PRCP,86,,,a,
ASN00092045,19601107,PRCP,0,,,a,
ASN00092045,19601108,PRCP,33,,,a,
ASN00092045,19601109,PRCP,0,,,a,
ASN00092045,19601110,PRCP,0,,,a,
ASN00092045,19601111,PRCP,0,,,a,
ASN00092045,19601112,PRCP,10,,,a,
ASN00092045,19601113,PRCP,378,,,a,
ASN00092045,19601114,PRCP,23,,,a,
ASN00092045,19601115,PRCP,0,,,a,
ASN00092045,19601116,PRCP,0,,,a,
ASN00092045,19601117,PRCP,0,,,a,
ASN00092045,19601118,PRCP,132,,,a,
ASN00092045,19601119,PRCP,0,,,a,
ASN00092045,19601120,PRCP,0,,,a,
ASN00092045,19601121,PRCP,0,,,a,
ASN00092045,19601122,PRCP,23,,,a,
ASN00092045,19601123,PRCP,13,,,a,
ASN00092045,19601124,PRCP,0,,,a,
ASN00092045,19601125,PRCP,0,,,a,
ASN00092045,19601126,PRCP,0,,,a,
ASN00092045,19601127,PRCP,0,,,a,
ASN00092045,19601128,PRCP,0,,,a,
ASN00092045,19601129,PRCP,0,,,a,
ASN00092045,19601130,PRCP,46,,,a,
ASN00092045,19601201,TMAX,183,,,a,
ASN00092045,19601202,TMAX,206,,,a,
ASN00092045,19601203,TMAX,167,,,a,
ASN00092045,19601204,TMAX,172,,,a,
ASN00092045,19601205,TMAX,178,,,a,
ASN00092045,19601206,TMAX,211,,,a,
ASN00092045,19601207,TMAX,211,,,a,
ASN00092045,19601208,TMAX,189,,,a,
ASN00092045,19601209,TMAX,200,,,a,
ASN00092045,19601210,TMAX,200,,,a,
ASN00092045,19601211,TMAX,228,,,a,
ASN00092045,19601212,TMAX,206,,,a,
ASN00092045,19601213,TMAX,200,,,a,
ASN00092045,19601214,TMAX,228,,,a,
ASN00092045,19601215,TMAX,172,,I,a,
ASN00092045,19601216,TMAX,194,,,a,
ASN00092045,19601217,TMAX,172,,,a,
ASN00092045,19601218,TMAX,194,,,a,
ASN00092045,19601219,TMAX,222,,,a,
ASN00092045,19601220,TMAX,211,,,a,
ASN00092045,19601221,TMAX,267,,,a,
ASN00092045,19601222,TMAX,267,,,a,
ASN00092045,19601223,TMAX,211,,,a,
ASN00092045,19601224,TMAX,211,,,a,
ASN00092045,19601225,TMAX,250,,,a,
ASN00092045,19601226,TMAX,233,,,a,
ASN00092045,19601227,TMAX,272,,,a,
ASN00092045,19601228,TMAX,200,,,a,
ASN00092045,19601229,TMAX,211,,,a,
ASN00092045,19601230,TMAX,244,,,a,
ASN00092045,19601231,TMAX,211,,,a,
ASN00092045,19601201,TMIN,72,,,a,
ASN00092045,19601202,TMIN,111,,,a,
ASN00092045,19601203,TMIN,133,,,a,
ASN00092045,19601204,TMIN,111,,,a,
ASN00092045,19601205,TMIN,122,,,a,
ASN00092045,19601206,TMIN,100,,,a,
ASN00092045,19601207,TMIN,111,,,a,
ASN00092045,19601208,TMIN,117,,,a,
ASN00092045,19601209,TMIN,111,,,a,
ASN00092045,19601210,TMIN,128,,,a,
ASN00092045,19601211,TMIN,144,,,a,
ASN00092045,19601212,TMIN,111,,,a,
ASN00092045,19601213,TMIN,94,,,a,
ASN00092045,19601214,TMIN,122,,,a,
ASN00092045,19601215,TMIN,117,,,a,
ASN00092045,19601216,TMIN,183,,I,a,
ASN00092045,19601217,TMIN,117,,,a,
ASN00092045,19601218,TMIN,133,,,a,
ASN00092045,19601219,TMIN,139,,,a,
ASN00092045,19601220,TMIN,139,,,a,
ASN00092045,19601221,TMIN,150,,,a,
ASN00092045,19601222,TMIN,150,,,a,
ASN00092045,19601223,TMIN,139,,,a,
ASN00092045,19601224,TMIN,111,,,a,
ASN00092045,19601225,TMIN,122,,,a,
ASN00092045,19601226,TMIN,139,,,a,
ASN00092045,19601227,TMIN,161,,,a,
ASN00092045,19601228,TMIN,150,,,a,
ASN00092045,19601229,TMIN,150,,,a,
ASN00092045,19601230,TMIN,172,,,a,
ASN00092045,19601231,TMIN,156,,,a,
ASN00092045,19601201,PRCP,0,,,a,
ASN00092045,19601202,PRCP,0,,,a,
ASN00092045,19601203,PRCP,5,,,a,
ASN00092045,19601204,PRCP,8,,,a,
ASN00092045,19601205,PRCP,5,,,a,
ASN00092045,19601206,PRCP,0,,,a,
ASN00092045,19601207,PRCP,0,,,a,
ASN00092045,19601208,PRCP,33,,,a,
ASN00092045,19601209,PRCP,8,,,a,
ASN00092045,19601210,PRCP,0,,,a,
ASN00092045,19601211,PRCP,0,,,a,
ASN00092045,19601212,PRCP,20,,,a,
ASN00092045,19601213,PRCP,0,,,a,
ASN00092045,19601214,PRCP,0,,,a,
ASN00092045,19601215,PRCP,0,,,a,
ASN00092045,19601216,PRCP,0,,,a,
ASN00092045,19601217,PRCP,0,,,a,
ASN00092045,19601218,PRCP,0,,,a,
ASN00092045,19601219,PRCP,0,,,a,
ASN00092045,19601220,PRCP,0,,,a,
ASN00092045,19601221,PRCP,0,,,a,
ASN00092045,19601222,PRCP,0,,,a,
ASN00092045,19601223,PRCP,0,,,a,
ASN00092045,19601224,PRCP,0,,,a,
ASN00092045,19601225,PRCP,5,,,a,
ASN00092045,19601226,PRCP,0,,,a,
ASN00092045,19601227,PRCP,0,,,a,
ASN00092045,19601228,PRCP,0,,,a,
ASN00092045,19601229,PRCP,0,,,a,
ASN00092045,19601230,PRCP,0,,,a,
ASN00092045,19601231,PRCP,56,,,a,
ASN00092045,19610101,TMAX,228,,,a,
ASN00092045,19610102,TMAX,233,,,a,
ASN00092045,19610103,TMAX,206,,,a,
ASN00092045,19610104,TMAX,228,,,a,
ASN00092045,19610105,TMAX,200,,,a,
ASN00092045,19610106,TMAX,250,,,a,
ASN00092045,19610107,TMAX,233,,,a,
ASN00092045,19610108,TMAX,217,,,a,
ASN00092045,19610109,TMAX,217,,,a,
ASN00092045,19610110,TMAX,261,,,a,
ASN00092045,19610111,TMAX,200,,,a,
ASN00092045,19610112,TMAX,233,,,a,
ASN00092045,19610113,TMAX,244,,,a,
ASN00092045,19610114,TMAX,233,,,a,
ASN00092045,19610115,TMAX,206,,,a,
ASN00092045,19610116,TMAX,228,,,a,
ASN00092045,19610117,TMAX,239,,,a,
ASN00092045,19610118,TMAX,239,,,a,
ASN00092045,19610119,TMAX,189,,,a,
ASN00092045,19610120,TMAX,217,,,a,
ASN00092045,19610121,TMAX,222,,,a,
ASN00092045,19610122,TMAX,206,,,a,
ASN00092045,19610123,TMAX,222,,,a,
ASN00092045,19610124,TMAX,256,,,a,
ASN00092045,19610125,TMAX,239,,,a,
ASN00092045,19610126,TMAX,256,,,a,
ASN00092045,19610127,TMAX,244,,,a,
ASN00092045,19610128,TMAX,267,,,a,
ASN00092045,19610129,TMAX,272,,,a,
ASN00092045,19610130,TMAX,267,,,a,
ASN00092045,19610131,TMAX,239,,,a,
ASN00092045,19610101,TMIN,156,,,a,
ASN00092045,19610102,TMIN,144,,,a,
ASN00092045,19610103,TMIN,111,,,a,
ASN00092045,19610104,TMIN,111,,,a,
ASN00092045,19610105,TMIN,106,,,a,
ASN00092045,19610106,TMIN,156,,,a,
ASN00092045,19610107,TMIN,150,,,a,
ASN00092045,19610108,TMIN,156,,,a,
ASN00092045,19610109,TMIN,150,,,a,
ASN00092045,19610110,TMIN,156,,,a,
ASN00092045,19610111,TMIN,161,,,a,
ASN00092045,19610112,TMIN,172,,,a,
ASN00092045,19610113,TMIN,156,,,a,
ASN00092045,19610114,TMIN,111,,,a,
ASN00092045,19610116,TMIN,128,,,a,
ASN00092045,19610117,TMIN,117,,,a,
ASN00092045,19610118,TMIN,111,,,a,
ASN00092045,19610119,TMIN,150,,,a,
ASN00092045,19610120,TMIN,150,,,a,
ASN00092045,19610121,TMIN,117,,,a,
ASN00092045,19610122,TMIN,117,,,a,
ASN00092045,19610123,TMIN,156,,,a,
ASN00092045,19610124,TMIN,167,,,a,
ASN00092045,19610125,TMIN,161,,,a,
ASN00092045,19610126,TMIN,161,,,a,
ASN00092045,19610127,TMIN,172,,,a,
ASN00092045,19610128,TMIN,189,,,a,
ASN00092045,19610129,TMIN,178,,,a,
ASN00092045,19610130,TMIN,156,,,a,
ASN00092045,19610131,TMIN,139,,,a,
ASN00092045,19610101,PRCP,0,,,a,
ASN00092045,19610102,PRCP,0,,,a,
ASN00092045,19610103,PRCP,196,,,a,
ASN00092045,19610104,PRCP,23,,,a,
ASN00092045,19610105,PRCP,0,,,a,
ASN00092045,19610106,PRCP,0,,,a,
ASN00092045,19610107,PRCP,0,,,a,
ASN00092045,19610108,PRCP,0,,,a,
ASN00092045,19610109,PRCP,0,,,a,
ASN00092045,19610110,PRCP,0,,,a,
ASN00092045,19610111,PRCP,23,,,a,
ASN00092045,19610112,PRCP,81,,,a,
ASN00092045,19610113,PRCP,0,,,a,
ASN00092045,19610114,PRCP,0,,,a,
ASN00092045,19610115,PRCP,0,,,a,
ASN00092045,19610116,PRCP,0,,,a,
ASN00092045,19610117,PRCP,0,,,a,
ASN00092045,19610118,PRCP,0,,,a,
ASN00092045,19610119,PRCP,0,,,a,
ASN00092045,19610120,PRCP,8,,,a,
ASN00092045,19610121,PRCP,0,,,a,
ASN00092045,19610122,PRCP,0,,,a,
ASN00092045,19610123,PRCP,0,,,a,
ASN00092045,19610124,PRCP,10,,,a,
ASN00092045,19610125,PRCP,3,,,a,
ASN00092045,19610126,PRCP,3,,,a,
ASN00092045,19610127,PRCP,0,,,a,
ASN00092045,19610128,PRCP,0,,,a,
ASN00092045,19610129,PRCP,0,,,a,
ASN00092045,19610130,PRCP,0,,,a,
ASN00092045,19610131,PRCP,0,,,a,
ASN00092045,19610201,TMAX,228,,,a,
ASN00092045,19610202,TMAX,200,,,a,
ASN00092045,19610203,TMAX,222,,,a,
ASN00092045,19610204,TMAX,239,,,a,
ASN00092045,19610205,TMAX,233,,,a,
ASN00092045,19610206,TMAX,250,,,a,
ASN00092045,19610207,TMAX,261,,,a,
ASN00092045,19610208,TMAX,228,,,a,
ASN00092045,19610209,TMAX,178,,,a,
ASN00092045,19610210,TMAX,233,,,a,
ASN00092045,19610211,TMAX,228,,,a,
ASN00092045,19610212,TMAX,244,,,a,
ASN00092045,19610213,TMAX,256,,,a,
ASN00092045,19610214,TMAX,228,,,a,
ASN00092045,19610215,TMAX,200,,,a,
ASN00092045,19610216,TMAX,272,,,a,
ASN00092045,19610217,TMAX,239,,,a,
ASN00092045,19610218,TMAX,222,,,a,
ASN00092045,19610219,TMAX,261,,,a,
ASN00092045,19610220,TMAX,244,,,a,
ASN00092045,19610221,TMAX,244,,,a,
ASN00092045,19610222,TMAX,267,,,a,
ASN00092045,19610223,TMAX,278,,,a,
ASN00092045,19610224,TMAX,250,,,a,
ASN00092045,19610225,TMAX,244,,,a,
ASN00092045,19610226,TMAX,217,,,a,
ASN00092045,19610227,TMAX,189,,,a,
ASN00092045,19610228,TMAX,189,,,a,
ASN00092045,19610201,TMIN,94,,,a,
ASN00092045,19610202,TMIN,122,,,a,
ASN00092045,19610203,TMIN,128,,,a,
ASN00092045,19610204,TMIN,117,,,a,
ASN00092045,19610205,TMIN,150,,,a,
ASN00092045,19610206,TMIN,144,,,a,
ASN00092045,19610207,TMIN,150,,,a,
ASN00092045,19610208,TMIN,161,,,a,
ASN00092045,19610209,TMIN,122,,,a,
ASN00092045,19610210,TMIN,94,,,a,
ASN00092045,19610211,TMIN,117,,,a,
ASN00092045,19610212,TMIN,133,,,a,
ASN00092045,19610213,TMIN,144,,,a,
ASN00092045,19610214,TMIN,167,,,a,
ASN00092045,19610215,TMIN,150,,,a,
ASN00092045,19610216,TMIN,139,,,a,
ASN00092045,19610217,TMIN,139,,,a,
ASN00092045,19610218,TMIN,167,,,a,
ASN00092045,19610219,TMIN,161,,,a,
ASN00092045,19610220,TMIN,172,,,a,
ASN00092045,19610221,TMIN,178,,,a,
ASN00092045,19610222,TMIN,161,,,a,
ASN00092045,19610223,TMIN,167,,,a,
ASN00092045,19610224,TMIN,167,,,a,
ASN00092045,19610225,TMIN,139,,,a,
ASN00092045,19610226,TMIN,133,,,a,
ASN00092045,19610227,TMIN,122,,,a,
ASN00092045,19610228,TMIN,139,,,a,
ASN00092045,19610201,PRCP,0,,,a,
ASN00092045,19610202,PRCP,0,,,a,
ASN00092045,19610203,PRCP,0,,,a,
ASN00092045,19610204,PRCP,0,,,a,
ASN00092045,19610205,PRCP,0,,,a,
ASN00092045,19610206,PRCP,0,,,a,
ASN00092045,19610207,PRCP,0,,,a,
ASN00092045,19610208,PRCP,0,,,a,
ASN00092045,19610209,PRCP,36,,,a,
ASN00092045,19610210,PRCP,10,,,a,
ASN00092045,19610211,PRCP,18,,,a,
ASN00092045,19610212,PRCP,0,,,a,
ASN00092045,19610213,PRCP,0,,,a,
ASN00092045,19610214,PRCP,0,,,a,
ASN00092045,19610215,PRCP,0,,,a,
ASN00092045,19610216,PRCP,0,,,a,
ASN00092045,19610217,PRCP,0,,,a,
ASN00092045,19610218,PRCP,0,,,a,
ASN00092045,19610219,PRCP,0,,,a,
ASN00092045,19610220,PRCP,0,,,a,
ASN00092045,19610221,PRCP,0,,,a,
ASN00092045,19610222,PRCP,0,,,a,
ASN00092045,19610223,PRCP,8,,,a,
ASN00092045,19610224,PRCP,0,,,a,
ASN00092045,19610225,PRCP,0,,,a,
ASN00092045,19610226,PRCP,28,,,a,
ASN00092045,19610227,PRCP,33,,,a,
ASN00092045,19610228,PRCP,5,,,a,
ASN00092045,19610301,TMAX,211,,,a,
ASN00092045,19610302,TMAX,183,,,a,
ASN00092045,19610303,TMAX,161,,,a,
ASN00092045,19610304,TMAX,194,,,a,
ASN00092045,19610305,TMAX,189,,,a,
ASN00092045,19610306,TMAX,211,,,a,
ASN00092045,19610307,TMAX,233,,,a,
ASN00092045,19610308,TMAX,244,,,a,
ASN00092045,19610309,TMAX,183,,,a,
ASN00092045,19610310,TMAX,206,,,a,
ASN00092045,19610311,TMAX,189,,,a,
ASN00092045,19610312,TMAX,194,,,a,
ASN00092045,19610313,TMAX,200,,,a,
ASN00092045,19610314,TMAX,250,,,a,
ASN00092045,19610315,TMAX,233,,,a,
ASN00092045,19610316,TMAX,250,,,a,
ASN00092045,19610317,TMAX,200,,,a,
ASN00092045,19610318,TMAX,228,,,a,
ASN00092045,19610319,TMAX,244,,,a,
ASN00092045,19610320,TMAX,244,,,a,
ASN00092045,19610321,TMAX,233,,,a,
ASN00092045,19610322,TMAX,239,,,a,
ASN00092045,19610323,TMAX,217,,,a,
ASN00092045,19610324,TMAX,183,,,a,
ASN00092045,19610325,TMAX,194,,,a,
ASN00092045,19610326,TMAX,172,,,a,
ASN00092045,19610327,TMAX,183,,,a,
ASN00092045,19610328,TMAX,222,,,a,
ASN00092045,19610329,TMAX,233,,,a,
ASN00092045,19610330,TMAX,211,,,a,
ASN00092045,19610331,TMAX,233,,,a,
ASN00092045,19610301,TMIN,150,,,a,
ASN00092045,19610302,TMIN,128,,,a,
ASN00092045,19610303,TMIN,111,,,a,
ASN00092045,19610304,TMIN,128,,,a,
ASN00092045,19610305,TMIN,100,,,a,
ASN00092045,19610306,TMIN,144,,,a,
ASN00092045,19610307,TMIN,128,,,a,
ASN00092045,19610308,TMIN,111,,,a,
ASN00092045,19610309,TMIN,133,,,a,
ASN00092045,19610310,TMIN,83,,,a,
ASN00092045,19610311,TMIN,111,,,a,
ASN00092045,19610312,TMIN,144,,,a,
ASN00092045,19610313,TMIN,122,,,a,
ASN00092045,19610314,TMIN,150,,,a,
ASN00092045,19610315,TMIN,144,,,a,
ASN00092045,19610316,TMIN,128,,,a,
ASN00092045,19610317,TMIN,156,,,a,
ASN00092045,19610318,TMIN,161,,,a,
ASN00092045,19610319,TMIN,167,,,a,
ASN00092045,19610320,TMIN,128,,,a,
ASN00092045,19610321,TMIN,111,,,a,
ASN00092045,19610322,TMIN,128,,,a,
ASN00092045,19610323,TMIN,128,,,a,
ASN00092045,19610324,TMIN,122,,,a,
ASN00092045,19610325,TMIN,94,,,a,
ASN00092045,19610326,TMIN,144,,,a,
ASN00092045,19610327,TMIN,144,,,a,
ASN00092045,19610328,TMIN,150,,,a,
ASN00092045,19610329,TMIN,161,,,a,
ASN00092045,19610330,TMIN,172,,,a,
ASN00092045,19610331,TMIN,156,,,a,
ASN00092045,19610301,PRCP,124,,,a,
ASN00092045,19610302,PRCP,30,,,a,
ASN00092045,19610303,PRCP,23,,,a,
ASN00092045,19610304,PRCP,0,,,a,
ASN00092045,19610305,PRCP,0,,,a,
ASN00092045,19610306,PRCP,0,,,a,
ASN00092045,19610307,PRCP,0,,,a,
ASN00092045,19610308,PRCP,0,,,a,
ASN00092045,19610309,PRCP,0,,,a,
ASN00092045,19610310,PRCP,97,,,a,
ASN00092045,19610311,PRCP,0,,,a,
ASN00092045,19610312,PRCP,0,,,a,
ASN00092045,19610313,PRCP,0,,,a,
ASN00092045,19610314,PRCP,20,,,a,
ASN00092045,19610315,PRCP,0,,,a,
ASN00092045,19610316,PRCP,0,,,a,
ASN00092045,19610317,PRCP,0,,,a,
ASN00092045,19610318,PRCP,0,,,a,
ASN00092045,19610319,PRCP,0,,,a,
ASN00092045,19610320,PRCP,0,,,a,
ASN00092045,19610321,PRCP,0,,,a,
ASN00092045,19610322,PRCP,0,,,a,
ASN00092045,19610323,PRCP,0,,,a,
ASN00092045,19610324,PRCP,30,,,a,
ASN00092045,19610325,PRCP,0,,,a,
ASN00092045,19610326,PRCP,13,,,a,
ASN00092045,19610327,PRCP,15,,,a,
ASN00092045,19610328,PRCP,15,,,a,
ASN00092045,19610329,PRCP,0,,,a,
ASN00092045,19610330,PRCP,0,,,a,
ASN00092045,19610331,PRCP,28,,,a,
ASN00092045,19610401,TMAX,200,,,a,
ASN00092045,19610402,TMAX,189,,,a,
ASN00092045,19610403,TMAX,217,,,a,
ASN00092045,19610404,TMAX,244,,,a,
ASN00092045,19610405,TMAX,206,,,a,
ASN00092045,19610406,TMAX,233,,,a,
ASN00092045,19610407,TMAX,194,,,a,
ASN00092045,19610408,TMAX,167,,,a,
ASN00092045,19610409,TMAX,172,,,a,
ASN00092045,19610410,TMAX,222,,,a,
ASN00092045,19610411,TMAX,211,,,a,
ASN00092045,19610412,TMAX,167,,,a,
ASN00092045,19610413,TMAX,172,,,a,
ASN00092045,19610414,TMAX,167,,,a,
ASN00092045,19610415,TMAX,150,,,a,
ASN00092045,19610416,TMAX,189,,,a,
ASN00092045,19610417,TMAX,150,,,a,
ASN00092045,19610418,TMAX,150,,,a,
ASN00092045,19610419,TMAX,183,,,a,
ASN00092045,19610420,TMAX,194,,,a,
ASN00092045,19610421,TMAX,200,,,a,
ASN00092045,19610422,TMAX,200,,,a,
ASN00092045,19610423,TMAX,183,,,a,
ASN00092045,19610424,TMAX,194,,,a,
ASN00092045,19610425,TMAX,156,,,a,
ASN00092045,19610426,TMAX,178,,,a,
ASN00092045,19610427,TMAX,156,,,a,
ASN00092045,19610428,TMAX,183,,,a,
ASN00092045,19610429,TMAX,200,,,a,
ASN00092045,19610430,TMAX,194,,,a,
ASN00092045,19610401,TMIN,94,,,a,
ASN00092045,19610402,TMIN,94,,,a,
ASN00092045,19610403,TMIN,156,,,a,
ASN00092045,19610404,TMIN,150,,,a,
ASN00092045,19610405,TMIN,144,,,a,
ASN00092045,19610406,TMIN,156,,,a,
ASN00092045,19610407,TMIN,150,,,a,
ASN00092045,19610408,TMIN,156,,,a,
ASN00092045,19610409,TMIN,144,,,a,
ASN00092045,19610410,TMIN,167,,,a,
ASN00092045,19610411,TMIN,156,,,a,
ASN00092045,19610412,TMIN,117,,,a,
ASN00092045,19610413,TMIN,100,,,a,
ASN00092045,19610414,TMIN,94,,,a,
ASN00092045,19610415,TMIN,83,,,a,
ASN00092045,19610416,TMIN,83,,,a,
ASN00092045,19610417,TMIN,89,,,a,
ASN00092045,19610418,TMIN,117,,,a,
ASN00092045,19610419,TMIN,128,,,a,
ASN00092045,19610420,TMIN,150,,,a,
ASN00092045,19610421,TMIN,161,,,a,
ASN00092045,19610422,TMIN,156,,,a,
ASN00092045,19610423,TMIN,156,,,a,
ASN00092045,19610424,TMIN,122,,,a,
ASN00092045,19610425,TMIN,111,,,a,
ASN00092045,19610426,TMIN,89,,,a,
ASN00092045,19610427,TMIN,94,,,a,
ASN00092045,19610428,TMIN,117,,,a,
ASN00092045,19610429,TMIN,100,,,a,
ASN00092045,19610430,TMIN,122,,,a,
ASN00092045,19610401,PRCP,0,,,a,
ASN00092045,19610402,PRCP,0,,,a,
ASN00092045,19610403,PRCP,0,,,a,
ASN00092045,19610404,PRCP,3,,,a,
ASN00092045,19610405,PRCP,0,,,a,
ASN00092045,19610406,PRCP,0,,,a,
ASN00092045,19610407,PRCP,3,,,a,
ASN00092045,19610408,PRCP,297,,,a,
ASN00092045,19610409,PRCP,155,,,a,
ASN00092045,19610410,PRCP,127,,,a,
ASN00092045,19610411,PRCP,51,,,a,
ASN00092045,19610412,PRCP,41,,,a,
ASN00092045,19610413,PRCP,0,,,a,
ASN00092045,19610414,PRCP,180,,,a,
ASN00092045,19610415,PRCP,102,,,a,
ASN00092045,19610416,PRCP,135,,,a,
ASN00092045,19610417,PRCP,0,,,a,
ASN00092045,19610418,PRCP,0,,,a,
ASN00092045,19610419,PRCP,0,,,a,
ASN00092045,19610420,PRCP,0,,,a,
ASN00092045,19610421,PRCP,0,,,a,
ASN00092045,19610422,PRCP,3,,,a,
ASN00092045,19610423,PRCP,5,,,a,
ASN00092045,19610424,PRCP,119,,,a,
ASN00092045,19610425,PRCP,0,,,a,
ASN00092045,19610426,PRCP,0,,,a,
ASN00092045,19610427,PRCP,0,,,a,
ASN00092045,19610428,PRCP,0,,,a,
ASN00092045,19610429,PRCP,0,,,a,
ASN00092045,19610430,PRCP,0,,,a,
ASN00092045,19610501,TMAX,167,,,a,
ASN00092045,19610502,TMAX,178,,,a,
ASN00092045,19610503,TMAX,128,,,a,
ASN00092045,19610504,TMAX,161,,,a,
ASN00092045,19610505,TMAX,128,,,a,
ASN00092045,19610506,TMAX,139,,,a,
ASN00092045,19610507,TMAX,167,,,a,
ASN00092045,19610508,TMAX,167,,,a,
ASN00092045,19610509,TMAX,133,,,a,
ASN00092045,19610510,TMAX,144,,,a,
ASN00092045,19610511,TMAX,156,,,a,
ASN00092045,19610512,TMAX,144,,,a,
ASN00092045,19610513,TMAX,150,,,a,
ASN00092045,19610514,TMAX,156,,,a,
ASN00092045,19610515,TMAX,161,,,a,
ASN00092045,19610516,TMAX,161,,,a,
ASN00092045,19610517,TMAX,178,,,a,
ASN00092045,19610518,TMAX,150,,,a,
ASN00092045,19610519,TMAX,156,,,a,
ASN00092045,19610520,TMAX,172,,,a,
ASN00092045,19610521,TMAX,178,,,a,
ASN00092045,19610522,TMAX,178,,,a,
ASN00092045,19610523,TMAX,163,,,a,
ASN00092045,19610524,TMAX,150,,,a,
ASN00092045,19610525,TMAX,167,,,a,
ASN00092045,19610526,TMAX,144,,,a,
ASN00092045,19610527,TMAX,139,,,a,
ASN00092045,19610528,TMAX,172,,,a,
ASN00092045,19610529,TMAX,167,,,a,
ASN00092045,19610530,TMAX,150,,,a,
ASN00092045,19610531,TMAX,161,,,a,
ASN00092045,19610501,TMIN,78,,,a,
ASN00092045,19610502,TMIN,122,,,a,
ASN00092045,19610503,TMIN,94,,,a,
ASN00092045,19610504,TMIN,67,,,a,
ASN00092045,19610505,TMIN,83,,,a,
ASN00092045,19610506,TMIN,83,,,a,
ASN00092045,19610507,TMIN,100,,,a,
ASN00092045,19610508,TMIN,100,,,a,
ASN00092045,19610509,TMIN,39,,,a,
ASN00092045,19610510,TMIN,83,,,a,
ASN00092045,19610511,TMIN,78,,,a,
ASN00092045,19610512,TMIN,106,,,a,
ASN00092045,19610513,TMIN,117,,,a,
ASN00092045,19610514,TMIN,78,,,a,
ASN00092045,19610515,TMIN,78,,,a,
ASN00092045,19610516,TMIN,89,,,a,
ASN00092045,19610517,TMIN,128,,,a,
ASN00092045,19610518,TMIN,72,,,a,
ASN00092045,19610519,TMIN,78,,,a,
ASN00092045,19610520,TMIN,100,,,a,
ASN00092045,19610521,TMIN,106,,,a,
ASN00092045,19610522,TMIN,128,,,a,
ASN00092045,19610523,TMIN,111,,,a,
ASN00092045,19610524,TMIN,94,,,a,
ASN00092045,19610525,TMIN,78,,,a,
ASN00092045,19610526,TMIN,72,,,a,
ASN00092045,19610527,TMIN,83,,,a,
ASN00092045,19610528,TMIN,89,,,a,
ASN00092045,19610530,TMIN,72,,,a,
ASN00092045,19610531,TMIN,78,,,a,
ASN00092045,19610501,PRCP,0,,,a,
ASN00092045,19610502,PRCP,0,,,a,
ASN00092045,19610503,PRCP,107,,,a,
ASN00092045,19610504,PRCP,0,,,a,
ASN00092045,19610505,PRCP,0,,,a,
ASN00092045,19610506,PRCP,5,,,a,
ASN00092045,19610507,PRCP,0,,,a,
ASN00092045,19610508,PRCP,0,,,a,
ASN00092045,19610509,PRCP,104,,,a,
ASN00092045,19610510,PRCP,0,,,a,
ASN00092045,19610511,PRCP,0,,,a,
ASN00092045,19610512,PRCP,5,,,a,
ASN00092045,19610513,PRCP,8,,,a,
ASN00092045,19610514,PRCP,5,,,a,
ASN00092045,19610515,PRCP,0,,,a,
ASN00092045,19610516,PRCP,53,,,a,
ASN00092045,19610517,PRCP,23,,,a,
ASN00092045,19610518,PRCP,0,,,a,
ASN00092045,19610519,PRCP,0,,,a,
ASN00092045,19610520,PRCP,0,,,a,
ASN00092045,19610521,PRCP,0,,,a,
ASN00092045,19610522,PRCP,0,,,a,
ASN00092045,19610523,PRCP,0,,,a,
ASN00092045,19610524,PRCP,25,,,a,
ASN00092045,19610525,PRCP,0,,,a,
ASN00092045,19610526,PRCP,5,,,a,
ASN00092045,19610527,PRCP,5,,,a,
ASN00092045,19610528,PRCP,33,,,a,
ASN00092045,19610529,PRCP,0,,,a,
ASN00092045,19610530,PRCP,0,,,a,
ASN00092045,19610531,PRCP,0,,,a,
ASN00092045,19610601,TMAX,156,,,a,
ASN00092045,19610602,TMAX,167,,,a,
ASN00092045,19610603,TMAX,161,,,a,
ASN00092045,19610604,TMAX,178,,,a,
ASN00092045,19610605,TMAX,156,,,a,
ASN00092045,19610606,TMAX,139,,,a,
ASN00092045,19610607,TMAX,139,,,a,
ASN00092045,19610608,TMAX,144,,,a,
ASN00092045,19610609,TMAX,150,,,a,
ASN00092045,19610610,TMAX,156,,,a,
ASN00092045,19610611,TMAX,156,,,a,
ASN00092045,19610612,TMAX,156,,,a,
ASN00092045,19610613,TMAX,161,,,a,
ASN00092045,19610614,TMAX,156,,,a,
ASN00092045,19610615,TMAX,161,,,a,
ASN00092045,19610616,TMAX,167,,,a,
ASN00092045,19610617,TMAX,128,,,a,
ASN00092045,19610618,TMAX,133,,,a,
ASN00092045,19610619,TMAX,100,,,a,
ASN00092045,19610620,TMAX,128,,,a,
ASN00092045,19610621,TMAX,94,,,a,
ASN00092045,19610622,TMAX,100,,,a,
ASN00092045,19610623,TMAX,122,,,a,
ASN00092045,19610624,TMAX,133,,,a,
ASN00092045,19610625,TMAX,156,,,a,
ASN00092045,19610626,TMAX,150,,,a,
ASN00092045,19610627,TMAX,150,,,a,
ASN00092045,19610628,TMAX,100,,,a,
ASN00092045,19610629,TMAX,111,,,a,
ASN00092045,19610630,TMAX,117,,,a,
ASN00092045,19610601,TMIN,78,,,a,
ASN00092045,19610602,TMIN,117,,,a,
ASN00092045,19610603,TMIN,111,,,a,
ASN00092045,19610604,TMIN,133,,,a,
ASN00092045,19610605,TMIN,117,,,a,
ASN00092045,19610606,TMIN,106,,,a,
ASN00092045,19610607,TMIN,100,,,a,
ASN00092045,19610608,TMIN,111,,,a,
ASN00092045,19610609,TMIN,117,,,a,
ASN00092045,19610610,TMIN,94,,,a,
ASN00092045,19610611,TMIN,106,,,a,
ASN00092045,19610612,TMIN,111,,,a,
ASN00092045,19610613,TMIN,89,,,a,
ASN00092045,19610614,TMIN,106,,,a,
ASN00092045,19610615,TMIN,128,,,a,
ASN00092045,19610616,TMIN,83,,,a,
ASN00092045,19610617,TMIN,56,,,a,
ASN00092045,19610618,TMIN,48,,,a,
ASN00092045,19610619,TMIN,11,,,a,
ASN00092045,19610620,TMIN,39,,,a,
ASN00092045,19610621,TMIN,56,,,a,
ASN00092045,19610622,TMIN,44,,,a,
ASN00092045,19610623,TMIN,33,,,a,
ASN00092045,19610624,TMIN,28,,,a,
ASN00092045,19610625,TMIN,83,,,a,
ASN00092045,19610626,TMIN,117,,,a,
ASN00092045,19610627,TMIN,106,,,a,
ASN00092045,19610628,TMIN,6,,,a,
ASN00092045,19610629,TMIN,50,,,a,
ASN00092045,19610630,TMIN,89,,,a,
ASN00092045,19610601,PRCP,0,,,a,
ASN00092045,19610602,PRCP,0,,,a,
ASN00092045,19610603,PRCP,10,,,a,
ASN00092045,19610604,PRCP,3,,,a,
ASN00092045,19610605,PRCP,130,,,a,
ASN00092045,19610606,PRCP,8,,,a,
ASN00092045,19610607,PRCP,8,,,a,
ASN00092045,19610608,PRCP,36,,,a,
ASN00092045,19610609,PRCP,33,,,a,
ASN00092045,19610610,PRCP,43,,,a,
ASN00092045,19610611,PRCP,3,,,a,
ASN00092045,19610612,PRCP,3,,,a,
ASN00092045,19610613,PRCP,3,,,a,
ASN00092045,19610614,PRCP,0,,,a,
ASN00092045,19610615,PRCP,0,,,a,
ASN00092045,19610616,PRCP,0,,,a,
ASN00092045,19610617,PRCP,137,,,a,
ASN00092045,19610618,PRCP,13,,,a,
ASN00092045,19610619,PRCP,0,,,a,
ASN00092045,19610620,PRCP,0,,,a,
ASN00092045,19610621,PRCP,5,,,a,
ASN00092045,19610622,PRCP,28,,,a,
ASN00092045,19610623,PRCP,0,,,a,
ASN00092045,19610624,PRCP,0,,,a,
ASN00092045,19610625,PRCP,8,,,a,
ASN00092045,19610626,PRCP,0,,,a,
ASN00092045,19610627,PRCP,0,,,a,
ASN00092045,19610628,PRCP,0,,,a,
ASN00092045,19610629,PRCP,41,,,a,
ASN00092045,19610630,PRCP,13,,,a,
ASN00092045,19610701,TMAX,117,,,a,
ASN00092045,19610702,TMAX,133,,,a,
ASN00092045,19610703,TMAX,133,,,a,
ASN00092045,19610704,TMAX,133,,,a,
ASN00092045,19610705,TMAX,122,,,a,
ASN00092045,19610706,TMAX,122,,,a,
ASN00092045,19610707,TMAX,111,,,a,
ASN00092045,19610708,TMAX,106,,,a,
ASN00092045,19610709,TMAX,117,,,a,
ASN00092045,19610710,TMAX,150,,,a,
ASN00092045,19610711,TMAX,144,,,a,
ASN00092045,19610712,TMAX,122,,,a,
ASN00092045,19610713,TMAX,133,,,a,
ASN00092045,19610714,TMAX,117,,,a,
ASN00092045,19610715,TMAX,106,,,a,
ASN00092045,19610716,TMAX,106,,,a,
ASN00092045,19610717,TMAX,117,,,a,
ASN00092045,19610718,TMAX,111,,,a,
ASN00092045,19610719,TMAX,106,,,a,
ASN00092045,19610720,TMAX,117,,,a,
ASN00092045,19610721,TMAX,156,,,a,
ASN00092045,19610722,TMAX,128,,,a,
ASN00092045,19610723,TMAX,128,,,a,
ASN00092045,19610724,TMAX,128,,,a,
ASN00092045,19610725,TMAX,128,,,a,
ASN00092045,19610726,TMAX,133,,,a,
ASN00092045,19610727,TMAX,128,,,a,
ASN00092045,19610728,TMAX,147,,,a,
ASN00092045,19610729,TMAX,117,,,a,
ASN00092045,19610730,TMAX,128,,,a,
ASN00092045,19610731,TMAX,144,,,a,
ASN00092045,19610701,TMIN,89,,,a,
ASN00092045,19610702,TMIN,89,,,a,
ASN00092045,19610703,TMIN,106,,,a,
ASN00092045,19610704,TMIN,72,,,a,
ASN00092045,19610705,TMIN,56,,,a,
ASN00092045,19610706,TMIN,33,,,a,
ASN00092045,19610707,TMIN,28,,,a,
ASN00092045,19610708,TMIN,50,,,a,
ASN00092045,19610709,TMIN,44,,,a,
ASN00092045,19610710,TMIN,44,,,a,
ASN00092045,19610711,TMIN,72,,,a,
ASN00092045,19610712,TMIN,61,,,a,
ASN00092045,19610713,TMIN,61,,,a,
ASN00092045,19610714,TMIN,61,,,a,
ASN00092045,19610715,TMIN,6,,,a,
ASN00092045,19610716,TMIN,72,,,a,
ASN00092045,19610717,TMIN,61,,,a,
ASN00092045,19610718,TMIN,50,,,a,
ASN00092045,19610719,TMIN,50,,,a,
ASN00092045,19610720,TMIN,61,,,a,
ASN00092045,19610721,TMIN,28,,,a,
ASN00092045,19610722,TMIN,44,,,a,
ASN00092045,19610723,TMIN,106,,,a,
ASN00092045,19610724,TMIN,111,,,a,
ASN00092045,19610725,TMIN,94,,,a,
ASN00092045,19610726,TMIN,94,,,a,
ASN00092045,19610727,TMIN,83,,,a,
ASN00092045,19610728,TMIN,78,,,a,
ASN00092045,19610729,TMIN,28,,,a,
ASN00092045,19610730,TMIN,39,,,a,
ASN00092045,19610731,TMIN,50,,,a,
ASN00092045,19610701,PRCP,10,,,a,
ASN00092045,19610702,PRCP,46,,,a,
ASN00092045,19610703,PRCP,8,,,a,
ASN00092045,19610704,PRCP,325,,,a,
ASN00092045,19610705,PRCP,74,,,a,
ASN00092045,19610706,PRCP,41,,,a,
ASN00092045,19610707,PRCP,0,,,a,
ASN00092045,19610708,PRCP,0,,,a,
ASN00092045,19610709,PRCP,0,,,a,
ASN00092045,19610710,PRCP,0,,,a,
ASN00092045,19610711,PRCP,8,,,a,
ASN00092045,19610712,PRCP,0,,,a,
ASN00092045,19610713,PRCP,3,,,a,
ASN00092045,19610714,PRCP,5,,,a,
ASN00092045,19610715,PRCP,0,,,a,
ASN00092045,19610716,PRCP,76,,,a,
ASN00092045,19610717,PRCP,74,,,a,
ASN00092045,19610718,PRCP,0,,,a,
ASN00092045,19610719,PRCP,0,,,a,
ASN00092045,19610720,PRCP,15,,,a,
ASN00092045,19610721,PRCP,0,,,a,
ASN00092045,19610722,PRCP,0,,,a,
ASN00092045,19610723,PRCP,0,,,a,
ASN00092045,19610724,PRCP,147,,,a,
ASN00092045,19610725,PRCP,89,,,a,
ASN00092045,19610726,PRCP,0,,,a,
ASN00092045,19610727,PRCP,0,,,a,
ASN00092045,19610728,PRCP,0,,,a,
ASN00092045,19610729,PRCP,0,,,a,
ASN00092045,19610730,PRCP,0,,,a,
ASN00092045,19610731,PRCP,0,,,a,
ASN00092045,19610801,TMAX,144,,,a,
ASN00092045,19610802,TMAX,111,,,a,
ASN00092045,19610803,TMAX,100,,,a,
ASN00092045,19610804,TMAX,122,,,a,
ASN00092045,19610805,TMAX,128,,,a,
ASN00092045,19610806,TMAX,128,,,a,
ASN00092045,19610807,TMAX,133,,,a,
ASN00092045,19610808,TMAX,122,,,a,
ASN00092045,19610809,TMAX,133,,,a,
ASN00092045,19610810,TMAX,178,,,a,
ASN00092045,19610811,TMAX,133,,,a,
ASN00092045,19610812,TMAX,133,,,a,
ASN00092045,19610813,TMAX,139,,,a,
ASN00092045,19610814,TMAX,139,,,a,
ASN00092045,19610815,TMAX,144,,,a,
ASN00092045,19610816,TMAX,133,,,a,
ASN00092045,19610817,TMAX,144,,,a,
ASN00092045,19610818,TMAX,144,,,a,
ASN00092045,19610819,TMAX,133,,,a,
ASN00092045,19610820,TMAX,156,,,a,
ASN00092045,19610821,TMAX,156,,,a,
ASN00092045,19610822,TMAX,128,,,a,
ASN00092045,19610823,TMAX,122,,,a,
ASN00092045,19610824,TMAX,117,,,a,
ASN00092045,19610825,TMAX,122,,,a,
ASN00092045,19610826,TMAX,117,,,a,
ASN00092045,19610827,TMAX,128,,,a,
ASN00092045,19610828,TMAX,128,,,a,
ASN00092045,19610829,TMAX,128,,,a,
ASN00092045,19610830,TMAX,133,,,a,
ASN00092045,19610831,TMAX,133,,,a,
ASN00092045,19610801,TMIN,72,,,a,
ASN00092045,19610802,TMIN,56,,,a,
ASN00092045,19610803,TMIN,11,,,a,
ASN00092045,19610804,TMIN,11,,,a,
ASN00092045,19610805,TMIN,11,,,a,
ASN00092045,19610806,TMIN,56,,,a,
ASN00092045,19610807,TMIN,50,,,a,
ASN00092045,19610808,TMIN,56,,,a,
ASN00092045,19610809,TMIN,61,,,a,
ASN00092045,19610810,TMIN,56,,,a,
ASN00092045,19610811,TMIN,83,,,a,
ASN00092045,19610812,TMIN,78,,,a,
ASN00092045,19610813,TMIN,72,,,a,
ASN00092045,19610814,TMIN,83,,,a,
ASN00092045,19610815,TMIN,111,,,a,
ASN00092045,19610816,TMIN,111,,,a,
ASN00092045,19610817,TMIN,122,,,a,
ASN00092045,19610818,TMIN,106,,,a,
ASN00092045,19610819,TMIN,111,,,a,
ASN00092045,19610820,TMIN,100,,,a,
ASN00092045,19610821,TMIN,89,,,a,
ASN00092045,19610822,TMIN,83,,,a,
ASN00092045,19610823,TMIN,89,,,a,
ASN00092045,19610824,TMIN,72,,,a,
ASN00092045,19610825,TMIN,83,,,a,
ASN00092045,19610826,TMIN,83,,,a,
ASN00092045,19610827,TMIN,83,,,a,
ASN00092045,19610828,TMIN,100,,,a,
ASN00092045,19610829,TMIN,72,,,a,
ASN00092045,19610830,TMIN,61,,,a,
ASN00092045,19610831,TMIN,78,,,a,
ASN00092045,19610801,PRCP,0,,,a,
ASN00092045,19610802,PRCP,51,,,a,
ASN00092045,19610803,PRCP,25,,,a,
ASN00092045,19610804,PRCP,0,,,a,
ASN00092045,19610805,PRCP,0,,,a,
ASN00092045,19610806,PRCP,0,,,a,
ASN00092045,19610807,PRCP,0,,,a,
ASN00092045,19610808,PRCP,0,,,a,
ASN00092045,19610809,PRCP,5,,,a,
ASN00092045,19610810,PRCP,0,,,a,
ASN00092045,19610811,PRCP,3,,,a,
ASN00092045,19610812,PRCP,8,,,a,
ASN00092045,19610813,PRCP,10,,,a,
ASN00092045,19610814,PRCP,8,,,a,
ASN00092045,19610815,PRCP,0,,,a,
ASN00092045,19610816,PRCP,38,,,a,
ASN00092045,19610817,PRCP,0,,,a,
ASN00092045,19610818,PRCP,25,,,a,
ASN00092045,19610819,PRCP,18,,,a,
ASN00092045,19610820,PRCP,53,,,a,
ASN00092045,19610821,PRCP,41,,,a,
ASN00092045,19610822,PRCP,56,,,a,
ASN00092045,19610823,PRCP,51,,,a,
ASN00092045,19610824,PRCP,104,,,a,
ASN00092045,19610825,PRCP,23,,,a,
ASN00092045,19610826,PRCP,18,,,a,
ASN00092045,19610827,PRCP,10,,,a,
ASN00092045,19610828,PRCP,8,,,a,
ASN00092045,19610829,PRCP,117,,,a,
ASN00092045,19610830,PRCP,89,,,a,
ASN00092045,19610831,PRCP,56,,,a,
ASN00092045,19610901,TMAX,139,,,a,
ASN00092045,19610902,TMAX,144,,,a,
ASN00092045,19610903,TMAX,144,,,a,
ASN00092045,19610904,TMAX,167,,,a,
ASN00092045,19610905,TMAX,144,,,a,
ASN00092045,19610906,TMAX,150,,,a,
ASN00092045,19610907,TMAX,139,,,a,
ASN00092045,19610908,TMAX,144,,,a,
ASN00092045,19610909,TMAX,144,,,a,
ASN00092045,19610910,TMAX,144,,,a,
ASN00092045,19610911,TMAX,133,,,a,
ASN00092045,19610912,TMAX,139,,,a,
ASN00092045,19610913,TMAX,144,,,a,
ASN00092045,19610914,TMAX,128,,,a,
ASN00092045,19610915,TMAX,128,,,a,
ASN00092045,19610916,TMAX,122,,,a,
ASN00092045,19610917,TMAX,117,,,a,
ASN00092045,19610918,TMAX,133,,,a,
ASN00092045,19610919,TMAX,133,,,a,
ASN00092045,19610920,TMAX,161,,,a,
ASN00092045,19610921,TMAX,161,,,a,
ASN00092045,19610922,TMAX,167,,,a,
ASN00092045,19610923,TMAX,150,,,a,
ASN00092045,19610924,TMAX,165,,,a,
ASN00092045,19610925,TMAX,150,,,a,
ASN00092045,19610926,TMAX,150,,,a,
ASN00092045,19610927,TMAX,167,,,a,
ASN00092045,19610928,TMAX,192,,,a,
ASN00092045,19610929,TMAX,157,,,a,
ASN00092045,19610930,TMAX,156,,,a,
ASN00092045,19610901,TMIN,50,,,a,
ASN00092045,19610902,TMIN,72,,,a,
ASN00092045,19610903,TMIN,83,,,a,
ASN00092045,19610904,TMIN,56,,,a,
ASN00092045,19610905,TMIN,100,,,a,
ASN00092045,19610906,TMIN,83,,,a,
ASN00092045,19610907,TMIN,44,,,a,
ASN00092045,19610908,TMIN,67,,,a,
ASN00092045,19610909,TMIN,61,,,a,
ASN00092045,19610910,TMIN,89,,,a,
ASN00092045,19610911,TMIN,89,,,a,
ASN00092045,19610912,TMIN,89,,,a,
ASN00092045,19610913,TMIN,61,,,a,
ASN00092045,19610914,TMIN,111,,,a,
ASN00092045,19610915,TMIN,106,,,a,
ASN00092045,19610916,TMIN,89,,,a,
ASN00092045,19610917,TMIN,89,,,a,
ASN00092045,19610918,TMIN,56,,,a,
ASN00092045,19610919,TMIN,89,,,a,
ASN00092045,19610920,TMIN,83,,,a,
ASN00092045,19610921,TMIN,72,,,a,
ASN00092045,19610922,TMIN,94,,,a,
ASN00092045,19610923,TMIN,89,,,a,
ASN00092045,19610924,TMIN,61,,,a,
ASN00092045,19610925,TMIN,76,,,a,
ASN00092045,19610926,TMIN,44,,,a,
ASN00092045,19610927,TMIN,63,,,a,
ASN00092045,19610928,TMIN,100,,,a,
ASN00092045,19610929,TMIN,111,,,a,
ASN00092045,19610930,TMIN,100,,,a,
ASN00092045,19610901,PRCP,0,,,a,
ASN00092045,19610902,PRCP,5,,,a,
ASN00092045,19610903,PRCP,20,,,a,
ASN00092045,19610904,PRCP,0,,,a,
ASN00092045,19610905,PRCP,56,,,a,
ASN00092045,19610906,PRCP,3,,,a,
ASN00092045,19610907,PRCP,5,,,a,
ASN00092045,19610908,PRCP,0,,,a,
ASN00092045,19610909,PRCP,0,,,a,
ASN00092045,19610910,PRCP,13,,,a,
ASN00092045,19610911,PRCP,0,,,a,
ASN00092045,19610912,PRCP,0,,,a,
ASN00092045,19610913,PRCP,0,,,a,
ASN00092045,19610914,PRCP,0,,,a,
ASN00092045,19610915,PRCP,56,,,a,
ASN00092045,19610916,PRCP,20,,,a,
ASN00092045,19610917,PRCP,43,,,a,
ASN00092045,19610918,PRCP,10,,,a,
ASN00092045,19610919,PRCP,0,,,a,
ASN00092045,19610920,PRCP,0,,,a,
ASN00092045,19610921,PRCP,0,,,a,
ASN00092045,19610922,PRCP,0,,,a,
ASN00092045,19610923,PRCP,0,,,a,
ASN00092045,19610924,PRCP,0,,,a,
ASN00092045,19610925,PRCP,8,,,a,
ASN00092045,19610926,PRCP,0,,,a,
ASN00092045,19610927,PRCP,0,,,a,
ASN00092045,19610928,PRCP,0,,,a,
ASN00092045,19610929,PRCP,0,,,a,
ASN00092045,19610930,PRCP,0,,,a,
ASN00092045,19611001,TMAX,156,,,a,
ASN00092045,19611002,TMAX,167,,,a,
ASN00092045,19611003,TMAX,152,,,a,
ASN00092045,19611004,TMAX,172,,,a,
ASN00092045,19611005,TMAX,161,,,a,
ASN00092045,19611006,TMAX,150,,,a,
ASN00092045,19611007,TMAX,157,,,a,
ASN00092045,19611008,TMAX,150,,,a,
ASN00092045,19611009,TMAX,239,,,a,
ASN00092045,19611010,TMAX,167,,,a,
ASN00092045,19611011,TMAX,153,,,a,
ASN00092045,19611012,TMAX,167,,,a,
ASN00092045,19611013,TMAX,167,,,a,
ASN00092045,19611014,TMAX,178,,,a,
ASN00092045,19611015,TMAX,173,,,a,
ASN00092045,19611016,TMAX,163,,,a,
ASN00092045,19611017,TMAX,165,,,a,
ASN00092045,19611018,TMAX,172,,,a,
ASN00092045,19611019,TMAX,178,,,a,
ASN00092045,19611020,TMAX,217,,,a,
ASN00092045,19611021,TMAX,200,,,a,
ASN00092045,19611022,TMAX,167,,,a,
ASN00092045,19611023,TMAX,183,,,a,
ASN00092045,19611024,TMAX,167,,,a,
ASN00092045,19611025,TMAX,161,,,a,
ASN00092045,19611026,TMAX,150,,,a,
ASN00092045,19611027,TMAX,167,,,a,
ASN00092045,19611028,TMAX,206,,,a,
ASN00092045,19611029,TMAX,191,,,a,
ASN00092045,19611030,TMAX,150,,,a,
ASN00092045,19611031,TMAX,150,,,a,
ASN00092045,19611001,TMIN,106,,,a,
ASN00092045,19611002,TMIN,89,,,a,
ASN00092045,19611003,TMIN,117,,,a,
ASN00092045,19611004,TMIN,89,,,a,
ASN00092045,19611005,TMIN,94,,,a,
ASN00092045,19611006,TMIN,111,,,a,
ASN00092045,19611007,TMIN,117,,,a,
ASN00092045,19611008,TMIN,119,,,a,
ASN00092045,19611009,TMIN,117,,,a,
ASN00092045,19611010,TMIN,106,,,a,
ASN00092045,19611011,TMIN,117,,,a,
ASN00092045,19611012,TMIN,106,,,a,
ASN00092045,19611013,TMIN,89,,,a,
ASN00092045,19611014,TMIN,122,,,a,
ASN00092045,19611015,TMIN,67,,,a,
ASN00092045,19611016,TMIN,56,,,a,
ASN00092045,19611017,TMIN,103,,,a,
ASN00092045,19611018,TMIN,111,,,a,
ASN00092045,19611019,TMIN,117,,,a,
ASN00092045,19611020,TMIN,128,,,a,
ASN00092045,19611021,TMIN,106,,,a,
ASN00092045,19611022,TMIN,72,,,a,
ASN00092045,19611023,TMIN,97,,,a,
ASN00092045,19611024,TMIN,111,,,a,
ASN00092045,19611025,TMIN,94,,,a,
ASN00092045,19611026,TMIN,43,,,a,
ASN00092045,19611027,TMIN,44,,,a,
ASN00092045,19611028,TMIN,83,,,a,
ASN00092045,19611029,TMIN,106,,,a,
ASN00092045,19611030,TMIN,97,,,a,
ASN00092045,19611031,TMIN,117,,,a,
ASN00092045,19611001,PRCP,10,,,a,
ASN00092045,19611002,PRCP,43,,,a,
ASN00092045,19611003,PRCP,18,,,a,
ASN00092045,19611004,PRCP,0,,,a,
ASN00092045,19611005,PRCP,0,,,a,
ASN00092045,19611006,PRCP,0,,,a,
ASN00092045,19611007,PRCP,5,,,a,
ASN00092045,19611008,PRCP,20,,,a,
ASN00092045,19611009,PRCP,46,,,a,
ASN00092045,19611010,PRCP,8,,,a,
ASN00092045,19611011,PRCP,71,,,a,
ASN00092045,19611012,PRCP,56,,,a,
ASN00092045,19611013,PRCP,0,,,a,
ASN00092045,19611014,PRCP,0,,,a,
ASN00092045,19611015,PRCP,0,,,a,
ASN00092045,19611016,PRCP,0,,,a,
ASN00092045,19611017,PRCP,0,,,a,
ASN00092045,19611018,PRCP,5,,,a,
ASN00092045,19611019,PRCP,5,,,a,
ASN00092045,19611020,PRCP,0,,,a,
ASN00092045,19611021,PRCP,0,,,a,
ASN00092045,19611022,PRCP,0,,,a,
ASN00092045,19611023,PRCP,0,,,a,
ASN00092045,19611024,PRCP,30,,,a,
ASN00092045,19611025,PRCP,267,,,a,
ASN00092045,19611026,PRCP,0,,,a,
ASN00092045,19611027,PRCP,0,,,a,
ASN00092045,19611028,PRCP,0,,,a,
ASN00092045,19611029,PRCP,0,,,a,
ASN00092045,19611030,PRCP,23,,,a,
ASN00092045,19611031,PRCP,10,,,a,
ASN00092045,19611101,TMAX,156,,,a,
ASN00092045,19611102,TMAX,178,,,a,
ASN00092045,19611103,TMAX,183,,,a,
ASN00092045,19611104,TMAX,194,,,a,
ASN00092045,19611105,TMAX,167,,,a,
ASN00092045,19611106,TMAX,228,,,a,
ASN00092045,19611107,TMAX,189,,,a,
ASN00092045,19611108,TMAX,161,,,a,
ASN00092045,19611109,TMAX,161,,,a,
ASN00092045,19611110,TMAX,167,,,a,
ASN00092045,19611111,TMAX,143,,,a,
ASN00092045,19611112,TMAX,169,,,a,
ASN00092045,19611113,TMAX,192,,,a,
ASN00092045,19611114,TMAX,250,,,a,
ASN00092045,19611115,TMAX,161,,,a,
ASN00092045,19611116,TMAX,200,,,a,
ASN00092045,19611117,TMAX,164,,,a,
ASN00092045,19611118,TMAX,156,,,a,
ASN00092045,19611119,TMAX,156,,,a,
ASN00092045,19611120,TMAX,168,,,a,
ASN00092045,19611121,TMAX,178,,,a,
ASN00092045,19611122,TMAX,178,,,a,
ASN00092045,19611123,TMAX,178,,,a,
ASN00092045,19611124,TMAX,189,,,a,
ASN00092045,19611125,TMAX,186,,,a,
ASN00092045,19611126,TMAX,172,,,a,
ASN00092045,19611127,TMAX,181,,,a,
ASN00092045,19611128,TMAX,181,,,a,
ASN00092045,19611129,TMAX,175,,,a,
ASN00092045,19611130,TMAX,183,,,a,
ASN00092045,19611101,TMIN,122,,,a,
ASN00092045,19611102,TMIN,106,,,a,
ASN00092045,19611103,TMIN,122,,,a,
ASN00092045,19611104,TMIN,122,,,a,
ASN00092045,19611105,TMIN,122,,,a,
ASN00092045,19611106,TMIN,133,,,a,
ASN00092045,19611107,TMIN,94,,,a,
ASN00092045,19611108,TMIN,72,,,a,
ASN00092045,19611109,TMIN,67,,,a,
ASN00092045,19611110,TMIN,78,,,a,
ASN00092045,19611111,TMIN,50,,,a,
ASN00092045,19611112,TMIN,89,,,a,
ASN00092045,19611113,TMIN,83,,,a,
ASN00092045,19611114,TMIN,99,,,a,
ASN00092045,19611115,TMIN,94,,,a,
ASN00092045,19611116,TMIN,72,,,a,
ASN00092045,19611117,TMIN,111,,,a,
ASN00092045,19611118,TMIN,106,,,a,
ASN00092045,19611119,TMIN,111,,,a,
ASN00092045,19611120,TMIN,128,,,a,
ASN00092045,19611121,TMIN,133,,,a,
ASN00092045,19611122,TMIN,143,,,a,
ASN00092045,19611123,TMIN,118,,,a,
ASN00092045,19611124,TMIN,108,,,a,
ASN00092045,19611125,TMIN,108,,,a,
ASN00092045,19611126,TMIN,108,,,a,
ASN00092045,19611127,TMIN,117,,,a,
ASN00092045,19611128,TMIN,94,,,a,
ASN00092045,19611129,TMIN,128,,,a,
ASN00092045,19611130,TMIN,144,,,a,
ASN00092045,19611101,PRCP,249,,,a,
ASN00092045,19611102,PRCP,74,,,a,
ASN00092045,19611103,PRCP,3,,,a,
ASN00092045,19611104,PRCP,0,,,a,
ASN00092045,19611105,PRCP,0,,,a,
ASN00092045,19611106,PRCP,0,,,a,
ASN00092045,19611107,PRCP,0,,,a,
ASN00092045,19611108,PRCP,8,,,a,
ASN00092045,19611109,PRCP,43,,,a,
ASN00092045,19611110,PRCP,53,,,a,
ASN00092045,19611111,PRCP,0,,,a,
ASN00092045,19611112,PRCP,0,,,a,
ASN00092045,19611113,PRCP,0,,,a,
ASN00092045,19611114,PRCP,0,,,a,
ASN00092045,19611115,PRCP,0,,,a,
ASN00092045,19611116,PRCP,8,,,a,
ASN00092045,19611117,PRCP,0,,,a,
ASN00092045,19611118,PRCP,0,,,a,
ASN00092045,19611119,PRCP,0,,,a,
ASN00092045,19611120,PRCP,0,,,a,
ASN00092045,19611121,PRCP,41,,,a,
ASN00092045,19611122,PRCP,13,,,a,
ASN00092045,19611123,PRCP,25,,,a,
ASN00092045,19611124,PRCP,5,,,a,
ASN00092045,19611125,PRCP,0,,,a,
ASN00092045,19611126,PRCP,8,,,a,
ASN00092045,19611127,PRCP,0,,,a,
ASN00092045,19611128,PRCP,0,,,a,
ASN00092045,19611129,PRCP,0,,,a,
ASN00092045,19611130,PRCP,0,,,a,
ASN00092045,19611201,TMAX,183,,,a,
ASN00092045,19611202,TMAX,217,,,a,
ASN00092045,19611203,TMAX,217,,,a,
ASN00092045,19611204,TMAX,267,,,a,
ASN00092045,19611205,TMAX,189,,,a,
ASN00092045,19611206,TMAX,189,,,a,
ASN00092045,19611207,TMAX,178,,,a,
ASN00092045,19611208,TMAX,172,,,a,
ASN00092045,19611209,TMAX,200,,,a,
ASN00092045,19611210,TMAX,206,,,a,
ASN00092045,19611211,TMAX,172,,,a,
ASN00092045,19611212,TMAX,172,,,a,
ASN00092045,19611213,TMAX,183,,,a,
ASN00092045,19611214,TMAX,172,,,a,
ASN00092045,19611215,TMAX,167,,,a,
ASN00092045,19611216,TMAX,183,,,a,
ASN00092045,19611217,TMAX,189,,,a,
ASN00092045,19611218,TMAX,178,,,a,
ASN00092045,19611219,TMAX,172,,,a,
ASN00092045,19611220,TMAX,178,,,a,
ASN00092045,19611221,TMAX,172,,,a,
ASN00092045,19611222,TMAX,172,,,a,
ASN00092045,19611223,TMAX,183,,,a,
ASN00092045,19611224,TMAX,178,,,a,
ASN00092045,19611225,TMAX,191,,,a,
ASN00092045,19611226,TMAX,189,,,a,
ASN00092045,19611227,TMAX,200,,,a,
ASN00092045,19611228,TMAX,233,,,a,
ASN00092045,19611229,TMAX,217,,,a,
ASN00092045,19611230,TMAX,200,,,a,
ASN00092045,19611231,TMAX,178,,,a,
ASN00092045,19611201,TMIN,122,,,a,
ASN00092045,19611202,TMIN,128,,,a,
ASN00092045,19611203,TMIN,128,,,a,
ASN00092045,19611204,TMIN,144,,,a,
ASN00092045,19611205,TMIN,128,,,a,
ASN00092045,19611206,TMIN,94,,,a,
ASN00092045,19611207,TMIN,100,,,a,
ASN00092045,19611208,TMIN,111,,,a,
ASN00092045,19611209,TMIN,83,,,a,
ASN00092045,19611210,TMIN,100,,,a,
ASN00092045,19611211,TMIN,106,,,a,
ASN00092045,19611212,TMIN,121,,,a,
ASN00092045,19611213,TMIN,122,,,a,
ASN00092045,19611214,TMIN,144,,,a,
ASN00092045,19611215,TMIN,144,,,a,
ASN00092045,19611216,TMIN,150,,,a,
ASN00092045,19611217,TMIN,150,,,a,
ASN00092045,19611218,TMIN,133,,,a,
ASN00092045,19611219,TMIN,106,,,a,
ASN00092045,19611220,TMIN,106,,,a,
ASN00092045,19611221,TMIN,131,,,a,
ASN00092045,19611222,TMIN,122,,,a,
ASN00092045,19611223,TMIN,128,,,a,
ASN00092045,19611224,TMIN,128,,,a,
ASN00092045,19611225,TMIN,139,,,a,
ASN00092045,19611226,TMIN,156,,,a,
ASN00092045,19611227,TMIN,161,,,a,
ASN00092045,19611228,TMIN,161,,,a,
ASN00092045,19611229,TMIN,133,,,a,
ASN00092045,19611230,TMIN,139,,,a,
ASN00092045,19611231,TMIN,133,,,a,
ASN00092045,19611201,PRCP,150,,,a,
ASN00092045,19611202,PRCP,8,,,a,
ASN00092045,19611203,PRCP,0,,,a,
ASN00092045,19611204,PRCP,0,,,a,
ASN00092045,19611205,PRCP,0,,,a,
ASN00092045,19611206,PRCP,28,,,a,
ASN00092045,19611207,PRCP,0,,,a,
ASN00092045,19611208,PRCP,0,,,a,
ASN00092045,19611209,PRCP,10,,,a,
ASN00092045,19611210,PRCP,0,,,a,
ASN00092045,19611211,PRCP,8,,,a,
ASN00092045,19611212,PRCP,0,,,a,
ASN00092045,19611213,PRCP,0,,,a,
ASN00092045,19611214,PRCP,0,,,a,
ASN00092045,19611215,PRCP,135,,,a,
ASN00092045,19611216,PRCP,201,,,a,
ASN00092045,19611217,PRCP,0,,,a,
ASN00092045,19611218,PRCP,99,,,a,
ASN00092045,19611219,PRCP,8,,,a,
ASN00092045,19611220,PRCP,3,,,a,
ASN00092045,19611221,PRCP,0,,,a,
ASN00092045,19611222,PRCP,3,,,a,
ASN00092045,19611223,PRCP,0,,,a,
ASN00092045,19611224,PRCP,0,,,a,
ASN00092045,19611225,PRCP,3,,,a,
ASN00092045,19611226,PRCP,0,,,a,
ASN00092045,19611227,PRCP,3,,,a,
ASN00092045,19611228,PRCP,0,,,a,
ASN00092045,19611229,PRCP,0,,,a,
ASN00092045,19611230,PRCP,0,,,a,
ASN00092045,19611231,PRCP,0,,,a,
ASN00092045,19620101,TMAX,194,,,a,
ASN00092045,19620102,TMAX,211,,,a,
ASN00092045,19620103,TMAX,228,,,a,
ASN00092045,19620104,TMAX,217,,,a,
ASN00092045,19620105,TMAX,183,,,a,
ASN00092045,19620106,TMAX,189,,,a,
ASN00092045,19620107,TMAX,206,,,a,
ASN00092045,19620108,TMAX,172,,,a,
ASN00092045,19620109,TMAX,192,,,a,
ASN00092045,19620110,TMAX,206,,,a,
ASN00092045,19620111,TMAX,194,,,a,
ASN00092045,19620112,TMAX,214,,,a,
ASN00092045,19620113,TMAX,211,,,a,
ASN00092045,19620114,TMAX,200,,,a,
ASN00092045,19620115,TMAX,294,,,a,
ASN00092045,19620116,TMAX,222,,,a,
ASN00092045,19620117,TMAX,206,,,a,
ASN00092045,19620118,TMAX,233,,,a,
ASN00092045,19620119,TMAX,178,,,a,
ASN00092045,19620121,TMAX,211,,,a,
ASN00092045,19620122,TMAX,217,,,a,
ASN00092045,19620123,TMAX,211,,,a,
ASN00092045,19620124,TMAX,202,,,a,
ASN00092045,19620125,TMAX,222,,,a,
ASN00092045,19620126,TMAX,167,,,a,
ASN00092045,19620127,TMAX,172,,,a,
ASN00092045,19620128,TMAX,189,,,a,
ASN00092045,19620129,TMAX,172,,,a,
ASN00092045,19620130,TMAX,194,,,a,
ASN00092045,19620131,TMAX,217,,,a,
ASN00092045,19620101,TMIN,133,,,a,
ASN00092045,19620102,TMIN,117,,,a,
ASN00092045,19620103,TMIN,133,,,a,
ASN00092045,19620104,TMIN,111,,,a,
ASN00092045,19620105,TMIN,94,,,a,
ASN00092045,19620106,TMIN,94,,,a,
ASN00092045,19620107,TMIN,150,,,a,
ASN00092045,19620108,TMIN,156,,,a,
ASN00092045,19620109,TMIN,156,,,a,
ASN00092045,19620110,TMIN,142,,,a,
ASN00092045,19620111,TMIN,156,,,a,
ASN00092045,19620112,TMIN,150,,,a,
ASN00092045,19620113,TMIN,156,,,a,
ASN00092045,19620114,TMIN,122,,,a,
ASN00092045,19620115,TMIN,167,,,a,
ASN00092045,19620116,TMIN,156,,,a,
ASN00092045,19620117,TMIN,178,,,a,
ASN00092045,19620118,TMIN,122,,,a,
ASN00092045,19620119,TMIN,150,,,a,
ASN00092045,19620121,TMIN,128,,,a,
ASN00092045,19620122,TMIN,72,,,a,
ASN00092045,19620123,TMIN,133,,,a,
ASN00092045,19620124,TMIN,150,,,a,
ASN00092045,19620125,TMIN,167,,,a,
ASN00092045,19620126,TMIN,106,,,a,
ASN00092045,19620127,TMIN,128,,,a,
ASN00092045,19620128,TMIN,133,,,a,
ASN00092045,19620129,TMIN,161,,,a,
ASN00092045,19620130,TMIN,150,,,a,
ASN00092045,19620131,TMIN,161,,,a,
ASN00092045,19620101,PRCP,15,,,a,
ASN00092045,19620102,PRCP,0,,,a,
ASN00092045,19620103,PRCP,0,,,a,
ASN00092045,19620104,PRCP,0,,,a,
ASN00092045,19620105,PRCP,0,,,a,
ASN00092045,19620106,PRCP,0,,,a,
ASN00092045,19620107,PRCP,0,,,a,
ASN00092045,19620108,PRCP,5,,,a,
ASN00092045,19620109,PRCP,38,,,a,
ASN00092045,19620110,PRCP,41,,,a,
ASN00092045,19620111,PRCP,0,,,a,
ASN00092045,19620112,PRCP,18,,,a,
ASN00092045,19620113,PRCP,0,,,a,
ASN00092045,19620114,PRCP,0,,,a,
ASN00092045,19620115,PRCP,0,,,a,
ASN00092045,19620116,PRCP,0,,,a,
ASN00092045,19620117,PRCP,0,,,a,
ASN00092045,19620118,PRCP,191,,,a,
ASN00092045,19620119,PRCP,0,,,a,
ASN00092045,19620120,PRCP,206,,,a,
ASN00092045,19620121,PRCP,0,,,a,
ASN00092045,19620122,PRCP,8,,,a,
ASN00092045,19620123,PRCP,0,,,a,
ASN00092045,19620124,PRCP,0,,,a,
ASN00092045,19620125,PRCP,0,,,a,
ASN00092045,19620126,PRCP,140,,,a,
ASN00092045,19620127,PRCP,0,,,a,
ASN00092045,19620128,PRCP,0,,,a,
ASN00092045,19620129,PRCP,0,,,a,
ASN00092045,19620130,PRCP,33,,,a,
ASN00092045,19620131,PRCP,10,,,a,
ASN00092045,19620201,TMAX,217,,,a,
ASN00092045,19620202,TMAX,156,,,a,
ASN00092045,19620203,TMAX,230,,,a,
ASN00092045,19620204,TMAX,206,,,a,
ASN00092045,19620205,TMAX,206,,,a,
ASN00092045,19620206,TMAX,217,,,a,
ASN00092045,19620207,TMAX,206,,,a,
ASN00092045,19620208,TMAX,161,,,a,
ASN00092045,19620209,TMAX,189,,,a,
ASN00092045,19620210,TMAX,217,,,a,
ASN00092045,19620211,TMAX,228,,,a,
ASN00092045,19620212,TMAX,194,,,a,
ASN00092045,19620213,TMAX,206,,,a,
ASN00092045,19620214,TMAX,206,,,a,
ASN00092045,19620215,TMAX,178,,,a,
ASN00092045,19620216,TMAX,167,,,a,
ASN00092045,19620217,TMAX,200,,,a,
ASN00092045,19620218,TMAX,194,,,a,
ASN00092045,19620219,TMAX,200,,,a,
ASN00092045,19620220,TMAX,200,,,a,
ASN00092045,19620221,TMAX,222,,,a,
ASN00092045,19620222,TMAX,222,,,a,
ASN00092045,19620223,TMAX,194,,,a,
ASN00092045,19620224,TMAX,194,,,a,
ASN00092045,19620225,TMAX,231,,,a,
ASN00092045,19620226,TMAX,223,,,a,
ASN00092045,19620227,TMAX,203,,,a,
ASN00092045,19620228,TMAX,194,,,a,
ASN00092045,19620201,TMIN,111,,,a,
ASN00092045,19620202,TMIN,100,,,a,
ASN00092045,19620203,TMIN,128,,,a,
ASN00092045,19620204,TMIN,139,,,a,
ASN00092045,19620205,TMIN,150,,,a,
ASN00092045,19620206,TMIN,150,,,a,
ASN00092045,19620207,TMIN,161,,,a,
ASN00092045,19620208,TMIN,133,,,a,
ASN00092045,19620209,TMIN,144,,,a,
ASN00092045,19620210,TMIN,144,,,a,
ASN00092045,19620211,TMIN,122,,,a,
ASN00092045,19620212,TMIN,133,,,a,
ASN00092045,19620213,TMIN,117,,,a,
ASN00092045,19620214,TMIN,144,,,a,
ASN00092045,19620215,TMIN,100,,,a,
ASN00092045,19620216,TMIN,117,,,a,
ASN00092045,19620217,TMIN,150,,,a,
ASN00092045,19620218,TMIN,156,,,a,
ASN00092045,19620219,TMIN,161,,,a,
ASN00092045,19620220,TMIN,178,,,a,
ASN00092045,19620221,TMIN,144,,,a,
ASN00092045,19620222,TMIN,117,,,a,
ASN00092045,19620223,TMIN,117,,,a,
ASN00092045,19620224,TMIN,144,,,a,
ASN00092045,19620225,TMIN,156,,,a,
ASN00092045,19620226,TMIN,133,,,a,
ASN00092045,19620227,TMIN,156,,,a,
ASN00092045,19620228,TMIN,161,,,a,
ASN00092045,19620201,PRCP,0,,,a,
ASN00092045,19620202,PRCP,18,,,a,
ASN00092045,19620203,PRCP,0,,,a,
ASN00092045,19620204,PRCP,5,,,a,
ASN00092045,19620205,PRCP,0,,,a,
ASN00092045,19620206,PRCP,0,,,a,
ASN00092045,19620207,PRCP,0,,,a,
ASN00092045,19620208,PRCP,58,,,a,
ASN00092045,19620209,PRCP,64,,,a,
ASN00092045,19620210,PRCP,5,,,a,
ASN00092045,19620211,PRCP,0,,,a,
ASN00092045,19620212,PRCP,0,,,a,
ASN00092045,19620213,PRCP,0,,,a,
ASN00092045,19620214,PRCP,69,,,a,
ASN00092045,19620215,PRCP,0,,,a,
ASN00092045,19620216,PRCP,0,,,a,
ASN00092045,19620217,PRCP,10,,,a,
ASN00092045,19620218,PRCP,0,,,a,
ASN00092045,19620219,PRCP,10,,,a,
ASN00092045,19620220,PRCP,30,,,a,
ASN00092045,19620221,PRCP,18,,,a,
ASN00092045,19620222,PRCP,109,,,a,
ASN00092045,19620223,PRCP,0,,,a,
ASN00092045,19620224,PRCP,0,,,a,
ASN00092045,19620225,PRCP,8,,,a,
ASN00092045,19620226,PRCP,0,,,a,
ASN00092045,19620227,PRCP,0,,,a,
ASN00092045,19620228,PRCP,0,,,a,
ASN00092045,19620301,TMAX,211,,,a,
ASN00092045,19620302,TMAX,194,,,a,
ASN00092045,19620303,TMAX,200,,,a,
ASN00092045,19620304,TMAX,189,,,a,
ASN00092045,19620305,TMAX,222,,,a,
ASN00092045,19620306,TMAX,217,,,a,
ASN00092045,19620307,TMAX,200,,,a,
ASN00092045,19620308,TMAX,189,,,a,
ASN00092045,19620309,TMAX,222,,,a,
ASN00092045,19620310,TMAX,183,,,a,
ASN00092045,19620311,TMAX,172,,,a,
ASN00092045,19620312,TMAX,194,,,a,
ASN00092045,19620313,TMAX,178,,,a,
ASN00092045,19620314,TMAX,194,,,a,
ASN00092045,19620315,TMAX,194,,,a,
ASN00092045,19620316,TMAX,200,,,a,
ASN00092045,19620317,TMAX,233,,,a,
ASN00092045,19620318,TMAX,267,,,a,
ASN00092045,19620319,TMAX,200,,,a,
ASN00092045,19620320,TMAX,200,,,a,
ASN00092045,19620321,TMAX,200,,,a,
ASN00092045,19620322,TMAX,206,,,a,
ASN00092045,19620323,TMAX,194,,,a,
ASN00092045,19620324,TMAX,206,,,a,
ASN00092045,19620325,TMAX,200,,,a,
ASN00092045,19620326,TMAX,233,,,a,
ASN00092045,19620327,TMAX,222,,,a,
ASN00092045,19620328,TMAX,250,,,a,
ASN00092045,19620329,TMAX,189,,,a,
ASN00092045,19620330,TMAX,200,,,a,
ASN00092045,19620331,TMAX,172,,,a,
ASN00092045,19620301,TMIN,172,,,a,
ASN00092045,19620302,TMIN,78,,,a,
ASN00092045,19620303,TMIN,106,,,a,
ASN00092045,19620304,TMIN,128,,,a,
ASN00092045,19620305,TMIN,156,,,a,
ASN00092045,19620306,TMIN,156,,,a,
ASN00092045,19620307,TMIN,150,,,a,
ASN00092045,19620308,TMIN,139,,,a,
ASN00092045,19620309,TMIN,144,,,a,
ASN00092045,19620310,TMIN,130,,,a,
ASN00092045,19620311,TMIN,122,,,a,
ASN00092045,19620312,TMIN,128,,,a,
ASN00092045,19620313,TMIN,139,,,a,
ASN00092045,19620314,TMIN,128,,,a,
ASN00092045,19620315,TMIN,150,,,a,
ASN00092045,19620316,TMIN,133,,,a,
ASN00092045,19620317,TMIN,144,,,a,
ASN00092045,19620318,TMIN,161,,,a,
ASN00092045,19620319,TMIN,144,,,a,
ASN00092045,19620320,TMIN,111,,,a,
ASN00092045,19620321,TMIN,128,,,a,
ASN00092045,19620322,TMIN,139,,,a,
ASN00092045,19620323,TMIN,144,,,a,
ASN00092045,19620324,TMIN,128,,,a,
ASN00092045,19620325,TMIN,128,,,a,
ASN00092045,19620326,TMIN,161,,,a,
ASN00092045,19620327,TMIN,172,,,a,
ASN00092045,19620328,TMIN,167,,,a,
ASN00092045,19620329,TMIN,139,,,a,
ASN00092045,19620330,TMIN,111,,,a,
ASN00092045,19620331,TMIN,111,,,a,
ASN00092045,19620301,PRCP,0,,,a,
ASN00092045,19620302,PRCP,0,,,a,
ASN00092045,19620303,PRCP,41,,,a,
ASN00092045,19620304,PRCP,3,,,a,
ASN00092045,19620305,PRCP,3,,,a,
ASN00092045,19620306,PRCP,0,,,a,
ASN00092045,19620307,PRCP,0,,,a,
ASN00092045,19620308,PRCP,0,,,a,
ASN00092045,19620309,PRCP,0,,,a,
ASN00092045,19620310,PRCP,0,,,a,
ASN00092045,19620311,PRCP,0,,,a,
ASN00092045,19620312,PRCP,0,,,a,
ASN00092045,19620313,PRCP,0,,,a,
ASN00092045,19620314,PRCP,0,,,a,
ASN00092045,19620315,PRCP,0,,,a,
ASN00092045,19620316,PRCP,5,,,a,
ASN00092045,19620317,PRCP,0,,,a,
ASN00092045,19620318,PRCP,10,,,a,
ASN00092045,19620319,PRCP,0,,,a,
ASN00092045,19620320,PRCP,0,,,a,
ASN00092045,19620321,PRCP,0,,,a,
ASN00092045,19620322,PRCP,0,,,a,
ASN00092045,19620323,PRCP,0,,,a,
ASN00092045,19620324,PRCP,0,,,a,
ASN00092045,19620325,PRCP,0,,,a,
ASN00092045,19620326,PRCP,0,,,a,
ASN00092045,19620327,PRCP,8,,,a,
ASN00092045,19620328,PRCP,0,,,a,
ASN00092045,19620329,PRCP,18,,,a,
ASN00092045,19620330,PRCP,20,,,a,
ASN00092045,19620331,PRCP,15,,,a,
ASN00092045,19620401,TMAX,233,,,a,
ASN00092045,19620402,TMAX,189,,,a,
ASN00092045,19620403,TMAX,228,,,a,
ASN00092045,19620404,TMAX,167,,,a,
ASN00092045,19620405,TMAX,161,,,a,
ASN00092045,19620406,TMAX,167,,,a,
ASN00092045,19620407,TMAX,167,,,a,
ASN00092045,19620408,TMAX,206,,,a,
ASN00092045,19620409,TMAX,139,,,a,
ASN00092045,19620410,TMAX,150,,,a,
ASN00092045,19620411,TMAX,200,,,a,
ASN00092045,19620412,TMAX,211,,,a,
ASN00092045,19620413,TMAX,206,,,a,
ASN00092045,19620414,TMAX,172,,,a,
ASN00092045,19620415,TMAX,172,,,a,
ASN00092045,19620416,TMAX,172,,,a,
ASN00092045,19620417,TMAX,194,,,a,
ASN00092045,19620418,TMAX,189,,,a,
ASN00092045,19620419,TMAX,206,,,a,
ASN00092045,19620420,TMAX,178,,,a,
ASN00092045,19620421,TMAX,194,,,a,
ASN00092045,19620422,TMAX,183,,,a,
ASN00092045,19620423,TMAX,222,,,a,
ASN00092045,19620424,TMAX,200,,,a,
ASN00092045,19620425,TMAX,178,,,a,
ASN00092045,19620426,TMAX,194,,,a,
ASN00092045,19620427,TMAX,222,,,a,
ASN00092045,19620428,TMAX,172,,,a,
ASN00092045,19620429,TMAX,144,,,a,
ASN00092045,19620430,TMAX,167,,,a,
ASN00092045,19620401,TMIN,94,,,a,
ASN00092045,19620402,TMIN,152,,,a,
ASN00092045,19620403,TMIN,167,,,a,
ASN00092045,19620404,TMIN,83,,,a,
ASN00092045,19620405,TMIN,106,,,a,
ASN00092045,19620406,TMIN,117,,,a,
ASN00092045,19620407,TMIN,122,,,a,
ASN00092045,19620408,TMIN,94,,,a,
ASN00092045,19620409,TMIN,106,,,a,
ASN00092045,19620410,TMIN,111,,,a,
ASN00092045,19620411,TMIN,78,,,a,
ASN00092045,19620412,TMIN,100,,,a,
ASN00092045,19620413,TMIN,94,,,a,
ASN00092045,19620414,TMIN,33,,,a,
ASN00092045,19620415,TMIN,72,,,a,
ASN00092045,19620416,TMIN,94,,,a,
ASN00092045,19620417,TMIN,117,,,a,
ASN00092045,19620418,TMIN,94,,,a,
ASN00092045,19620419,TMIN,111,,,a,
ASN00092045,19620420,TMIN,111,,,a,
ASN00092045,19620421,TMIN,111,,,a,
ASN00092045,19620422,TMIN,100,,,a,
ASN00092045,19620423,TMIN,106,,,a,
ASN00092045,19620424,TMIN,117,,,a,
ASN00092045,19620425,TMIN,106,,,a,
ASN00092045,19620426,TMIN,117,,,a,
ASN00092045,19620427,TMIN,156,,,a,
ASN00092045,19620428,TMIN,150,,,a,
ASN00092045,19620429,TMIN,117,,,a,
ASN00092045,19620430,TMIN,83,,,a,
ASN00092045,19620401,PRCP,0,,,a,
ASN00092045,19620402,PRCP,8,,,a,
ASN00092045,19620403,PRCP,51,,,a,
ASN00092045,19620404,PRCP,10,,,a,
ASN00092045,19620405,PRCP,0,,,a,
ASN00092045,19620406,PRCP,0,,,a,
ASN00092045,19620407,PRCP,0,,,a,
ASN00092045,19620408,PRCP,0,,,a,
ASN00092045,19620409,PRCP,25,,,a,
ASN00092045,19620410,PRCP,5,,,a,
ASN00092045,19620411,PRCP,0,,,a,
ASN00092045,19620412,PRCP,0,,,a,
ASN00092045,19620413,PRCP,0,,,a,
ASN00092045,19620414,PRCP,0,,,a,
ASN00092045,19620415,PRCP,0,,,a,
ASN00092045,19620416,PRCP,0,,,a,
ASN00092045,19620417,PRCP,0,,,a,
ASN00092045,19620418,PRCP,0,,,a,
ASN00092045,19620419,PRCP,0,,,a,
ASN00092045,19620420,PRCP,0,,,a,
ASN00092045,19620421,PRCP,0,,,a,
ASN00092045,19620422,PRCP,0,,,a,
ASN00092045,19620423,PRCP,0,,,a,
ASN00092045,19620424,PRCP,0,,,a,
ASN00092045,19620425,PRCP,0,,,a,
ASN00092045,19620426,PRCP,0,,,a,
ASN00092045,19620427,PRCP,3,,,a,
ASN00092045,19620428,PRCP,0,,,a,
ASN00092045,19620429,PRCP,97,,,a,
ASN00092045,19620430,PRCP,20,,,a,
ASN00092045,19620501,TMAX,139,,,a,
ASN00092045,19620502,TMAX,133,,,a,
ASN00092045,19620503,TMAX,161,,,a,
ASN00092045,19620504,TMAX,181,,,a,
ASN00092045,19620505,TMAX,161,,,a,
ASN00092045,19620506,TMAX,156,,,a,
ASN00092045,19620507,TMAX,161,,,a,
ASN00092045,19620508,TMAX,178,,,a,
ASN00092045,19620509,TMAX,128,,,a,
ASN00092045,19620510,TMAX,150,,,a,
ASN00092045,19620511,TMAX,156,,,a,
ASN00092045,19620512,TMAX,156,,,a,
ASN00092045,19620513,TMAX,156,,,a,
ASN00092045,19620514,TMAX,172,,,a,
ASN00092045,19620515,TMAX,178,,,a,
ASN00092045,19620516,TMAX,183,,,a,
ASN00092045,19620517,TMAX,161,,,a,
ASN00092045,19620518,TMAX,133,,,a,
ASN00092045,19620519,TMAX,128,,,a,
ASN00092045,19620520,TMAX,156,,,a,
ASN00092045,19620521,TMAX,167,,,a,
ASN00092045,19620522,TMAX,144,,,a,
ASN00092045,19620523,TMAX,156,,,a,
ASN00092045,19620524,TMAX,139,,,a,
ASN00092045,19620525,TMAX,111,,,a,
ASN00092045,19620526,TMAX,111,,,a,
ASN00092045,19620527,TMAX,139,,,a,
ASN00092045,19620528,TMAX,144,,,a,
ASN00092045,19620529,TMAX,150,,,a,
ASN00092045,19620530,TMAX,156,,,a,
ASN00092045,19620531,TMAX,172,,,a,
ASN00092045,19620501,TMIN,100,,,a,
ASN00092045,19620502,TMIN,106,,,a,
ASN00092045,19620503,TMIN,83,,,a,
ASN00092045,19620504,TMIN,100,,,a,
ASN00092045,19620505,TMIN,72,,,a,
ASN00092045,19620506,TMIN,83,,,a,
ASN00092045,19620507,TMIN,78,,,a,
ASN00092045,19620508,TMIN,122,,,a,
ASN00092045,19620509,TMIN,61,,,a,
ASN00092045,19620510,TMIN,72,,,a,
ASN00092045,19620511,TMIN,111,,,a,
ASN00092045,19620512,TMIN,94,,,a,
ASN00092045,19620513,TMIN,106,,,a,
ASN00092045,19620514,TMIN,128,,,a,
ASN00092045,19620515,TMIN,94,,,a,
ASN00092045,19620516,TMIN,106,,,a,
ASN00092045,19620517,TMIN,83,,,a,
ASN00092045,19620518,TMIN,67,,,a,
ASN00092045,19620519,TMIN,44,,,a,
ASN00092045,19620520,TMIN,78,,,a,
ASN00092045,19620521,TMIN,128,,,a,
ASN00092045,19620522,TMIN,117,,,a,
ASN00092045,19620523,TMIN,117,,,a,
ASN00092045,19620524,TMIN,83,,,a,
ASN00092045,19620525,TMIN,67,,,a,
ASN00092045,19620526,TMIN,78,,,a,
ASN00092045,19620527,TMIN,61,,,a,
ASN00092045,19620528,TMIN,94,,,a,
ASN00092045,19620529,TMIN,117,,,a,
ASN00092045,19620530,TMIN,122,,,a,
ASN00092045,19620531,TMIN,106,,,a,
ASN00092045,19620501,PRCP,13,,,a,
ASN00092045,19620502,PRCP,318,,,a,
ASN00092045,19620503,PRCP,8,,,a,
ASN00092045,19620504,PRCP,3,,,a,
ASN00092045,19620505,PRCP,0,,,a,
ASN00092045,19620506,PRCP,41,,,a,
ASN00092045,19620507,PRCP,0,,,a,
ASN00092045,19620508,PRCP,0,,,a,
ASN00092045,19620509,PRCP,0,,,a,
ASN00092045,19620510,PRCP,0,,,a,
ASN00092045,19620511,PRCP,0,,,a,
ASN00092045,19620512,PRCP,0,,,a,
ASN00092045,19620513,PRCP,0,,,a,
ASN00092045,19620514,PRCP,13,,,a,
ASN00092045,19620515,PRCP,8,,,a,
ASN00092045,19620516,PRCP,5,,,a,
ASN00092045,19620517,PRCP,0,,,a,
ASN00092045,19620518,PRCP,117,,,a,
ASN00092045,19620519,PRCP,20,,,a,
ASN00092045,19620520,PRCP,0,,,a,
ASN00092045,19620521,PRCP,0,,,a,
ASN00092045,19620522,PRCP,8,,,a,
ASN00092045,19620523,PRCP,89,,,a,
ASN00092045,19620524,PRCP,51,,,a,
ASN00092045,19620525,PRCP,53,,,a,
ASN00092045,19620526,PRCP,152,,,a,
ASN00092045,19620527,PRCP,170,,,a,
ASN00092045,19620528,PRCP,20,,,a,
ASN00092045,19620529,PRCP,384,,,a,
ASN00092045,19620530,PRCP,142,,,a,
ASN00092045,19620531,PRCP,38,,,a,
ASN00092045,19620601,TMAX,172,,,a,
ASN00092045,19620602,TMAX,150,,,a,
ASN00092045,19620603,TMAX,150,,,a,
ASN00092045,19620604,TMAX,133,,,a,
ASN00092045,19620605,TMAX,144,,,a,
ASN00092045,19620606,TMAX,144,,,a,
ASN00092045,19620607,TMAX,161,,,a,
ASN00092045,19620608,TMAX,156,,,a,
ASN00092045,19620609,TMAX,144,,,a,
ASN00092045,19620610,TMAX,128,,,a,
ASN00092045,19620611,TMAX,128,,,a,
ASN00092045,19620612,TMAX,150,,,a,
ASN00092045,19620613,TMAX,150,,,a,
ASN00092045,19620614,TMAX,144,,,a,
ASN00092045,19620615,TMAX,161,,,a,
ASN00092045,19620616,TMAX,156,,,a,
ASN00092045,19620617,TMAX,133,,,a,
ASN00092045,19620618,TMAX,167,,,a,
ASN00092045,19620619,TMAX,156,,,a,
ASN00092045,19620620,TMAX,144,,,a,
ASN00092045,19620621,TMAX,111,,,a,
ASN00092045,19620622,TMAX,133,,,a,
ASN00092045,19620623,TMAX,144,,,a,
ASN00092045,19620624,TMAX,139,,,a,
ASN00092045,19620625,TMAX,139,,,a,
ASN00092045,19620626,TMAX,139,,,a,
ASN00092045,19620627,TMAX,150,,,a,
ASN00092045,19620628,TMAX,139,,,a,
ASN00092045,19620629,TMAX,156,,,a,
ASN00092045,19620630,TMAX,139,,,a,
ASN00092045,19620601,TMIN,94,,,a,
ASN00092045,19620602,TMIN,111,,,a,
ASN00092045,19620603,TMIN,100,,,a,
ASN00092045,19620604,TMIN,83,,,a,
ASN00092045,19620605,TMIN,94,,,a,
ASN00092045,19620606,TMIN,89,,,a,
ASN00092045,19620607,TMIN,111,,,a,
ASN00092045,19620608,TMIN,89,,,a,
ASN00092045,19620609,TMIN,94,,,a,
ASN00092045,19620610,TMIN,44,,,a,
ASN00092045,19620611,TMIN,61,,,a,
ASN00092045,19620612,TMIN,44,,,a,
ASN00092045,19620613,TMIN,83,,,a,
ASN00092045,19620614,TMIN,94,,,a,
ASN00092045,19620615,TMIN,100,,,a,
ASN00092045,19620616,TMIN,122,,,a,
ASN00092045,19620617,TMIN,100,,,a,
ASN00092045,19620618,TMIN,50,,,a,
ASN00092045,19620619,TMIN,100,,,a,
ASN00092045,19620620,TMIN,94,,,a,
ASN00092045,19620621,TMIN,67,,,a,
ASN00092045,19620622,TMIN,28,,,a,
ASN00092045,19620623,TMIN,94,,,a,
ASN00092045,19620624,TMIN,83,,,a,
ASN00092045,19620625,TMIN,89,,,a,
ASN00092045,19620626,TMIN,39,,,a,
ASN00092045,19620627,TMIN,72,,,a,
ASN00092045,19620628,TMIN,83,,,a,
ASN00092045,19620629,TMIN,72,,,a,
ASN00092045,19620630,TMIN,83,,,a,
ASN00092045,19620601,PRCP,0,,,a,
ASN00092045,19620602,PRCP,0,,,a,
ASN00092045,19620603,PRCP,99,,,a,
ASN00092045,19620604,PRCP,33,,,a,
ASN00092045,19620605,PRCP,15,,,a,
ASN00092045,19620606,PRCP,48,,,a,
ASN00092045,19620607,PRCP,28,,,a,
ASN00092045,19620608,PRCP,20,,,a,
ASN00092045,19620609,PRCP,23,,,a,
ASN00092045,19620610,PRCP,0,,,a,
ASN00092045,19620611,PRCP,18,,,a,
ASN00092045,19620612,PRCP,8,,,a,
ASN00092045,19620613,PRCP,0,,,a,
ASN00092045,19620614,PRCP,58,,,a,
ASN00092045,19620615,PRCP,43,,,a,
ASN00092045,19620616,PRCP,86,,,a,
ASN00092045,19620617,PRCP,46,,,a,
ASN00092045,19620618,PRCP,15,,,a,
ASN00092045,19620619,PRCP,8,,,a,
ASN00092045,19620620,PRCP,64,,,a,
ASN00092045,19620621,PRCP,112,,,a,
ASN00092045,19620622,PRCP,13,,,a,
ASN00092045,19620623,PRCP,0,,,a,
ASN00092045,19620624,PRCP,0,,,a,
ASN00092045,19620625,PRCP,10,,,a,
ASN00092045,19620626,PRCP,15,,,a,
ASN00092045,19620627,PRCP,0,,,a,
ASN00092045,19620628,PRCP,0,,,a,
ASN00092045,19620629,PRCP,5,,,a,
ASN00092045,19620630,PRCP,81,,,a,
ASN00092045,19620701,TMAX,150,,,a,
ASN00092045,19620702,TMAX,144,,,a,
ASN00092045,19620703,TMAX,128,,,a,
ASN00092045,19620704,TMAX,139,,,a,
ASN00092045,19620705,TMAX,144,,,a,
ASN00092045,19620706,TMAX,150,,,a,
ASN00092045,19620707,TMAX,139,,,a,
ASN00092045,19620708,TMAX,133,,,a,
ASN00092045,19620709,TMAX,128,,,a,
ASN00092045,19620710,TMAX,111,,,a,
ASN00092045,19620711,TMAX,118,,,a,
ASN00092045,19620712,TMAX,111,,,a,
ASN00092045,19620713,TMAX,111,,,a,
ASN00092045,19620714,TMAX,133,,,a,
ASN00092045,19620715,TMAX,122,,,a,
ASN00092045,19620716,TMAX,117,,,a,
ASN00092045,19620717,TMAX,133,,,a,
ASN00092045,19620718,TMAX,133,,,a,
ASN00092045,19620719,TMAX,133,,,a,
ASN00092045,19620720,TMAX,128,,,a,
ASN00092045,19620721,TMAX,133,,,a,
ASN00092045,19620722,TMAX,144,,,a,
ASN00092045,19620723,TMAX,144,,,a,
ASN00092045,19620724,TMAX,133,,,a,
ASN00092045,19620725,TMAX,122,,,a,
ASN00092045,19620726,TMAX,128,,,a,
ASN00092045,19620727,TMAX,122,,,a,
ASN00092045,19620728,TMAX,139,,,a,
ASN00092045,19620729,TMAX,150,,,a,
ASN00092045,19620730,TMAX,139,,,a,
ASN00092045,19620731,TMAX,122,,,a,
ASN00092045,19620701,TMIN,111,,,a,
ASN00092045,19620702,TMIN,83,,,a,
ASN00092045,19620703,TMIN,94,,,a,
ASN00092045,19620704,TMIN,44,,,a,
ASN00092045,19620705,TMIN,100,,,a,
ASN00092045,19620706,TMIN,67,,,a,
ASN00092045,19620707,TMIN,50,,,a,
ASN00092045,19620708,TMIN,67,,,a,
ASN00092045,19620709,TMIN,89,,,a,
ASN00092045,19620710,TMIN,94,,,a,
ASN00092045,19620711,TMIN,83,,,a,
ASN00092045,19620712,TMIN,78,,,a,
ASN00092045,19620713,TMIN,67,,,a,
ASN00092045,19620714,TMIN,28,,,a,
ASN00092045,19620715,TMIN,39,,,a,
ASN00092045,19620716,TMIN,44,,,a,
ASN00092045,19620717,TMIN,78,,,a,
ASN00092045,19620718,TMIN,78,,,a,
ASN00092045,19620719,TMIN,67,,,a,
ASN00092045,19620720,TMIN,76,,,a,
ASN00092045,19620721,TMIN,117,,,a,
ASN00092045,19620722,TMIN,117,,,a,
ASN00092045,19620723,TMIN,100,,,a,
ASN00092045,19620724,TMIN,67,,,a,
ASN00092045,19620725,TMIN,89,,,a,
ASN00092045,19620726,TMIN,72,,,a,
ASN00092045,19620727,TMIN,28,,,a,
ASN00092045,19620728,TMIN,78,,,a,
ASN00092045,19620729,TMIN,44,,,a,
ASN00092045,19620730,TMIN,117,,,a,
ASN00092045,19620731,TMIN,78,,,a,
ASN00092045,19620701,PRCP,20,,,a,
ASN00092045,19620702,PRCP,0,,,a,
ASN00092045,19620703,PRCP,74,,,a,
ASN00092045,19620704,PRCP,0,,,a,
ASN00092045,19620705,PRCP,0,,,a,
ASN00092045,19620706,PRCP,0,,,a,
ASN00092045,19620707,PRCP,0,,,a,
ASN00092045,19620708,PRCP,0,,,a,
ASN00092045,19620709,PRCP,66,,,a,
ASN00092045,19620710,PRCP,0,,,a,
ASN00092045,19620711,PRCP,18,,,a,
ASN00092045,19620712,PRCP,25,,,a,
ASN00092045,19620713,PRCP,0,,,a,
ASN00092045,19620714,PRCP,0,,,a,
ASN00092045,19620715,PRCP,0,,,a,
ASN00092045,19620716,PRCP,0,,,a,
ASN00092045,19620717,PRCP,20,,,a,
ASN00092045,19620718,PRCP,0,,,a,
ASN00092045,19620719,PRCP,8,,,a,
ASN00092045,19620720,PRCP,0,,,a,
ASN00092045,19620721,PRCP,0,,,a,
ASN00092045,19620722,PRCP,51,,,a,
ASN00092045,19620723,PRCP,5,,,a,
ASN00092045,19620724,PRCP,0,,,a,
ASN00092045,19620725,PRCP,516,,,a,
ASN00092045,19620726,PRCP,135,,,a,
ASN00092045,19620727,PRCP,0,,,a,
ASN00092045,19620728,PRCP,0,,,a,
ASN00092045,19620729,PRCP,0,,,a,
ASN00092045,19620730,PRCP,104,,,a,
ASN00092045,19620731,PRCP,74,,,a,
ASN00092045,19620801,TMAX,106,,,a,
ASN00092045,19620802,TMAX,128,,,a,
ASN00092045,19620803,TMAX,144,,,a,
ASN00092045,19620804,TMAX,94,,,a,
ASN00092045,19620805,TMAX,111,,,a,
ASN00092045,19620806,TMAX,133,,,a,
ASN00092045,19620807,TMAX,144,,,a,
ASN00092045,19620808,TMAX,117,,,a,
ASN00092045,19620809,TMAX,122,,,a,
ASN00092045,19620810,TMAX,122,,,a,
ASN00092045,19620811,TMAX,122,,,a,
ASN00092045,19620812,TMAX,117,,,a,
ASN00092045,19620813,TMAX,128,,,a,
ASN00092045,19620814,TMAX,128,,,a,
ASN00092045,19620815,TMAX,139,,,a,
ASN00092045,19620816,TMAX,117,,,a,
ASN00092045,19620817,TMAX,144,,,a,
ASN00092045,19620818,TMAX,156,,,a,
ASN00092045,19620819,TMAX,150,,,a,
ASN00092045,19620820,TMAX,117,,,a,
ASN00092045,19620821,TMAX,89,,,a,
ASN00092045,19620822,TMAX,106,,,a,
ASN00092045,19620823,TMAX,111,,,a,
ASN00092045,19620824,TMAX,128,,,a,
ASN00092045,19620825,TMAX,144,,,a,
ASN00092045,19620826,TMAX,133,,,a,
ASN00092045,19620827,TMAX,161,,,a,
ASN00092045,19620828,TMAX,139,,,a,
ASN00092045,19620829,TMAX,133,,,a,
ASN00092045,19620830,TMAX,144,,,a,
ASN00092045,19620831,TMAX,139,,,a,
ASN00092045,19620801,TMIN,33,,,a,
ASN00092045,19620802,TMIN,17,,,a,
ASN00092045,19620803,TMIN,83,,,a,
ASN00092045,19620804,TMIN,56,,,a,
ASN00092045,19620805,TMIN,33,,,a,
ASN00092045,19620806,TMIN,67,,,a,
ASN00092045,19620807,TMIN,111,,,a,
ASN00092045,19620808,TMIN,39,,,a,
ASN00092045,19620809,TMIN,67,,,a,
ASN00092045,19620810,TMIN,50,,,a,
ASN00092045,19620811,TMIN,83,,,a,
ASN00092045,19620812,TMIN,83,,,a,
ASN00092045,19620813,TMIN,89,,,a,
ASN00092045,19620814,TMIN,100,,,a,
ASN00092045,19620815,TMIN,61,,,a,
ASN00092045,19620816,TMIN,61,,,a,
ASN00092045,19620817,TMIN,50,,,a,
ASN00092045,19620818,TMIN,104,,,a,
ASN00092045,19620819,TMIN,56,,,a,
ASN00092045,19620820,TMIN,89,,,a,
ASN00092045,19620821,TMIN,44,,,a,
ASN00092045,19620822,TMIN,50,,,a,
ASN00092045,19620823,TMIN,28,,,a,
ASN00092045,19620824,TMIN,50,,,a,
ASN00092045,19620825,TMIN,56,,,a,
ASN00092045,19620826,TMIN,72,,,a,
ASN00092045,19620827,TMIN,39,,,a,
ASN00092045,19620828,TMIN,56,,,a,
ASN00092045,19620829,TMIN,78,,,a,
ASN00092045,19620830,TMIN,72,,,a,
ASN00092045,19620831,TMIN,56,,,a,
ASN00092045,19620801,PRCP,226,,,a,
ASN00092045,19620802,PRCP,18,,,a,
ASN00092045,19620803,PRCP,0,,,a,
ASN00092045,19620804,PRCP,0,,,a,
ASN00092045,19620805,PRCP,0,,,a,
ASN00092045,19620806,PRCP,0,,,a,
ASN00092045,19620807,PRCP,5,,,a,
ASN00092045,19620808,PRCP,10,,,a,
ASN00092045,19620809,PRCP,0,,,a,
ASN00092045,19620810,PRCP,0,,,a,
ASN00092045,19620811,PRCP,0,,,a,
ASN00092045,19620812,PRCP,36,,,a,
ASN00092045,19620813,PRCP,61,,,a,
ASN00092045,19620814,PRCP,353,,,a,
ASN00092045,19620815,PRCP,97,,,a,
ASN00092045,19620816,PRCP,0,,,a,
ASN00092045,19620817,PRCP,0,,,a,
ASN00092045,19620818,PRCP,0,,,a,
ASN00092045,19620819,PRCP,0,,,a,
ASN00092045,19620820,PRCP,61,,,a,
ASN00092045,19620821,PRCP,5,,,a,
ASN00092045,19620822,PRCP,28,,,a,
ASN00092045,19620823,PRCP,0,,,a,
ASN00092045,19620824,PRCP,0,,,a,
ASN00092045,19620825,PRCP,3,,,a,
ASN00092045,19620826,PRCP,51,,,a,
ASN00092045,19620827,PRCP,5,,,a,
ASN00092045,19620828,PRCP,97,,,a,
ASN00092045,19620829,PRCP,61,,,a,
ASN00092045,19620830,PRCP,48,,,a,
ASN00092045,19620831,PRCP,10,,,a,
ASN00092045,19620901,TMAX,128,,,a,
ASN00092045,19620902,TMAX,150,,,a,
ASN00092045,19620903,TMAX,194,,,a,
ASN00092045,19620904,TMAX,187,,,a,
ASN00092045,19620905,TMAX,122,,,a,
ASN00092045,19620906,TMAX,144,,,a,
ASN00092045,19620907,TMAX,122,,,a,
ASN00092045,19620908,TMAX,133,,,a,
ASN00092045,19620909,TMAX,150,,,a,
ASN00092045,19620910,TMAX,167,,,a,
ASN00092045,19620911,TMAX,156,,,a,
ASN00092045,19620912,TMAX,139,,,a,
ASN00092045,19620913,TMAX,133,,,a,
ASN00092045,19620914,TMAX,122,,,a,
ASN00092045,19620915,TMAX,144,,,a,
ASN00092045,19620916,TMAX,144,,,a,
ASN00092045,19620917,TMAX,144,,,a,
ASN00092045,19620918,TMAX,139,,,a,
ASN00092045,19620919,TMAX,133,,,a,
ASN00092045,19620920,TMAX,144,,,a,
ASN00092045,19620921,TMAX,150,,,a,
ASN00092045,19620922,TMAX,150,,,a,
ASN00092045,19620923,TMAX,144,,,a,
ASN00092045,19620924,TMAX,156,,,a,
ASN00092045,19620925,TMAX,128,,,a,
ASN00092045,19620926,TMAX,156,,,a,
ASN00092045,19620927,TMAX,128,,,a,
ASN00092045,19620928,TMAX,128,,,a,
ASN00092045,19620929,TMAX,139,,,a,
ASN00092045,19620930,TMAX,161,,,a,
ASN00092045,19620901,TMIN,56,,,a,
ASN00092045,19620902,TMIN,61,,,a,
ASN00092045,19620903,TMIN,101,,,a,
ASN00092045,19620904,TMIN,94,,,a,
ASN00092045,19620905,TMIN,39,,,a,
ASN00092045,19620906,TMIN,72,,,a,
ASN00092045,19620907,TMIN,72,,,a,
ASN00092045,19620908,TMIN,33,,,a,
ASN00092045,19620909,TMIN,72,,,a,
ASN00092045,19620910,TMIN,89,,,a,
ASN00092045,19620911,TMIN,94,,,a,
ASN00092045,19620912,TMIN,83,,,a,
ASN00092045,19620913,TMIN,50,,,a,
ASN00092045,19620914,TMIN,39,,,a,
ASN00092045,19620915,TMIN,89,,,a,
ASN00092045,19620916,TMIN,100,,,a,
ASN00092045,19620917,TMIN,89,,,a,
ASN00092045,19620918,TMIN,89,,,a,
ASN00092045,19620919,TMIN,89,,,a,
ASN00092045,19620920,TMIN,44,,,a,
ASN00092045,19620921,TMIN,56,,,a,
ASN00092045,19620922,TMIN,67,,,a,
ASN00092045,19620923,TMIN,78,,,a,
ASN00092045,19620924,TMIN,106,,,a,
ASN00092045,19620925,TMIN,100,,,a,
ASN00092045,19620926,TMIN,78,,,a,
ASN00092045,19620927,TMIN,94,,,a,
ASN00092045,19620928,TMIN,61,,,a,
ASN00092045,19620929,TMIN,72,,,a,
ASN00092045,19620930,TMIN,39,,,a,
ASN00092045,19620901,PRCP,0,,,a,
ASN00092045,19620902,PRCP,0,,,a,
ASN00092045,19620903,PRCP,0,,,a,
ASN00092045,19620904,PRCP,3,,,a,
ASN00092045,19620905,PRCP,71,,,a,
ASN00092045,19620906,PRCP,58,,,a,
ASN00092045,19620907,PRCP,56,,,a,
ASN00092045,19620908,PRCP,20,,,a,
ASN00092045,19620909,PRCP,0,,,a,
ASN00092045,19620910,PRCP,0,,,a,
ASN00092045,19620911,PRCP,0,,,a,
ASN00092045,19620912,PRCP,13,,,a,
ASN00092045,19620913,PRCP,0,,,a,
ASN00092045,19620914,PRCP,0,,,a,
ASN00092045,19620915,PRCP,0,,,a,
ASN00092045,19620916,PRCP,0,,,a,
ASN00092045,19620917,PRCP,0,,,a,
ASN00092045,19620918,PRCP,0,,,a,
ASN00092045,19620919,PRCP,0,,,a,
ASN00092045,19620920,PRCP,25,,,a,
ASN00092045,19620921,PRCP,0,,,a,
ASN00092045,19620922,PRCP,0,,,a,
ASN00092045,19620923,PRCP,0,,,a,
ASN00092045,19620924,PRCP,0,,,a,
ASN00092045,19620925,PRCP,56,,,a,
ASN00092045,19620926,PRCP,53,,,a,
ASN00092045,19620927,PRCP,15,,,a,
ASN00092045,19620928,PRCP,124,,,a,
ASN00092045,19620929,PRCP,79,,,a,
ASN00092045,19620930,PRCP,0,,,a,
ASN00092045,19621001,TMAX,133,,,a,
ASN00092045,19621002,TMAX,128,,,a,
ASN00092045,19621003,TMAX,122,,,a,
ASN00092045,19621004,TMAX,133,,,a,
ASN00092045,19621005,TMAX,139,,,a,
ASN00092045,19621006,TMAX,133,,,a,
ASN00092045,19621007,TMAX,133,,,a,
ASN00092045,19621008,TMAX,133,,,a,
ASN00092045,19621009,TMAX,122,,,a,
ASN00092045,19621010,TMAX,161,,,a,
ASN00092045,19621011,TMAX,172,,,a,
ASN00092045,19621012,TMAX,172,,,a,
ASN00092045,19621013,TMAX,133,,,a,
ASN00092045,19621014,TMAX,122,,,a,
ASN00092045,19621015,TMAX,133,,,a,
ASN00092045,19621016,TMAX,144,,,a,
ASN00092045,19621017,TMAX,156,,,a,
ASN00092045,19621018,TMAX,150,,,a,
ASN00092045,19621019,TMAX,139,,,a,
ASN00092045,19621020,TMAX,139,,,a,
ASN00092045,19621021,TMAX,122,,,a,
ASN00092045,19621022,TMAX,117,,,a,
ASN00092045,19621023,TMAX,150,,,a,
ASN00092045,19621024,TMAX,156,,,a,
ASN00092045,19621025,TMAX,161,,,a,
ASN00092045,19621026,TMAX,194,,,a,
ASN00092045,19621027,TMAX,206,,,a,
ASN00092045,19621028,TMAX,150,,,a,
ASN00092045,19621029,TMAX,122,,,a,
ASN00092045,19621030,TMAX,139,,,a,
ASN00092045,19621031,TMAX,133,,,a,
ASN00092045,19621001,TMIN,67,,,a,
ASN00092045,19621002,TMIN,39,,,a,
ASN00092045,19621003,TMIN,61,,,a,
ASN00092045,19621004,TMIN,94,,,a,
ASN00092045,19621005,TMIN,83,,,a,
ASN00092045,19621006,TMIN,83,,,a,
ASN00092045,19621007,TMIN,72,,,a,
ASN00092045,19621008,TMIN,50,,,a,
ASN00092045,19621009,TMIN,67,,,a,
ASN00092045,19621010,TMIN,39,,,a,
ASN00092045,19621011,TMIN,89,,,a,
ASN00092045,19621012,TMIN,94,,,a,
ASN00092045,19621013,TMIN,100,,,a,
ASN00092045,19621014,TMIN,94,,,a,
ASN00092045,19621015,TMIN,67,,,a,
ASN00092045,19621016,TMIN,94,,,a,
ASN00092045,19621017,TMIN,100,,,a,
ASN00092045,19621018,TMIN,83,,,a,
ASN00092045,19621019,TMIN,78,,,a,
ASN00092045,19621020,TMIN,117,,,a,
ASN00092045,19621021,TMIN,83,,,a,
ASN00092045,19621022,TMIN,61,,,a,
ASN00092045,19621023,TMIN,39,,,a,
ASN00092045,19621024,TMIN,56,,,a,
ASN00092045,19621025,TMIN,44,,,a,
ASN00092045,19621026,TMIN,117,,,a,
ASN00092045,19621027,TMIN,111,,,a,
ASN00092045,19621028,TMIN,106,,,a,
ASN00092045,19621029,TMIN,94,,,a,
ASN00092045,19621030,TMIN,78,,,a,
ASN00092045,19621031,TMIN,89,,,a,
ASN00092045,19621001,PRCP,28,,,a,
ASN00092045,19621002,PRCP,10,,,a,
ASN00092045,19621003,PRCP,15,,,a,
ASN00092045,19621004,PRCP,0,,,a,
ASN00092045,19621005,PRCP,137,,,a,
ASN00092045,19621006,PRCP,56,,,a,
ASN00092045,19621007,PRCP,152,,,a,
ASN00092045,19621008,PRCP,33,,,a,
ASN00092045,19621009,PRCP,122,,,a,
ASN00092045,19621010,PRCP,18,,,a,
ASN00092045,19621011,PRCP,0,,,a,
ASN00092045,19621012,PRCP,0,,,a,
ASN00092045,19621013,PRCP,28,,,a,
ASN00092045,19621014,PRCP,10,,,a,
ASN00092045,19621015,PRCP,0,,,a,
ASN00092045,19621016,PRCP,0,,,a,
ASN00092045,19621017,PRCP,5,,,a,
ASN00092045,19621018,PRCP,3,,,a,
ASN00092045,19621019,PRCP,0,,,a,
ASN00092045,19621020,PRCP,112,,,a,
ASN00092045,19621021,PRCP,188,,,a,
ASN00092045,19621022,PRCP,0,,,a,
ASN00092045,19621023,PRCP,0,,,a,
ASN00092045,19621024,PRCP,0,,,a,
ASN00092045,19621025,PRCP,0,,,a,
ASN00092045,19621026,PRCP,0,,,a,
ASN00092045,19621027,PRCP,0,,,a,
ASN00092045,19621028,PRCP,5,,,a,
ASN00092045,19621029,PRCP,23,,,a,
ASN00092045,19621030,PRCP,0,,,a,
ASN00092045,19621031,PRCP,0,,,a,
ASN00092045,19621101,TMAX,183,,,a,
ASN00092045,19621102,TMAX,156,,,a,
ASN00092045,19621103,TMAX,167,,,a,
ASN00092045,19621104,TMAX,139,,,a,
ASN00092045,19621105,TMAX,172,,,a,
ASN00092045,19621106,TMAX,178,,,a,
ASN00092045,19621107,TMAX,167,,,a,
ASN00092045,19621108,TMAX,161,,,a,
ASN00092045,19621109,TMAX,156,,,a,
ASN00092045,19621110,TMAX,161,,,a,
ASN00092045,19621111,TMAX,172,,,a,
ASN00092045,19621112,TMAX,172,,,a,
ASN00092045,19621113,TMAX,178,,,a,
ASN00092045,19621114,TMAX,194,,,a,
ASN00092045,19621115,TMAX,211,,,a,
ASN00092045,19621116,TMAX,183,,,a,
ASN00092045,19621117,TMAX,244,,,a,
ASN00092045,19621118,TMAX,189,,,a,
ASN00092045,19621119,TMAX,161,,,a,
ASN00092045,19621120,TMAX,211,,,a,
ASN00092045,19621121,TMAX,178,,,a,
ASN00092045,19621122,TMAX,189,,,a,
ASN00092045,19621123,TMAX,156,,,a,
ASN00092045,19621124,TMAX,167,,,a,
ASN00092045,19621125,TMAX,167,,,a,
ASN00092045,19621126,TMAX,217,,,a,
ASN00092045,19621127,TMAX,156,,,a,
ASN00092045,19621128,TMAX,172,,,a,
ASN00092045,19621129,TMAX,189,,,a,
ASN00092045,19621130,TMAX,172,,,a,
ASN00092045,19621101,TMIN,89,,,a,
ASN00092045,19621102,TMIN,56,,,a,
ASN00092045,19621103,TMIN,72,,,a,
ASN00092045,19621104,TMIN,56,,,a,
ASN00092045,19621105,TMIN,72,,,a,
ASN00092045,19621106,TMIN,72,,,a,
ASN00092045,19621107,TMIN,94,,,a,
ASN00092045,19621108,TMIN,117,,,a,
ASN00092045,19621109,TMIN,122,,,a,
ASN00092045,19621110,TMIN,128,,,a,
ASN00092045,19621111,TMIN,117,,,a,
ASN00092045,19621112,TMIN,106,,,a,
ASN00092045,19621113,TMIN,111,,,a,
ASN00092045,19621114,TMIN,61,,,a,
ASN00092045,19621115,TMIN,128,,,a,
ASN00092045,19621116,TMIN,111,,,a,
ASN00092045,19621117,TMIN,106,,,a,
ASN00092045,19621118,TMIN,117,,,a,
ASN00092045,19621119,TMIN,67,,,a,
ASN00092045,19621120,TMIN,130,,,a,
ASN00092045,19621121,TMIN,111,,,a,
ASN00092045,19621122,TMIN,89,,,a,
ASN00092045,19621123,TMIN,111,,,a,
ASN00092045,19621124,TMIN,78,,,a,
ASN00092045,19621125,TMIN,56,,,a,
ASN00092045,19621126,TMIN,122,,,a,
ASN00092045,19621127,TMIN,89,,,a,
ASN00092045,19621128,TMIN,94,,,a,
ASN00092045,19621129,TMIN,106,,,a,
ASN00092045,19621130,TMIN,111,,,a,
ASN00092045,19621101,PRCP,0,,,a,
ASN00092045,19621102,PRCP,71,,,a,
ASN00092045,19621103,PRCP,23,,,a,
ASN00092045,19621104,PRCP,38,,,a,
ASN00092045,19621105,PRCP,36,,,a,
ASN00092045,19621106,PRCP,0,,,a,
ASN00092045,19621107,PRCP,0,,,a,
ASN00092045,19621108,PRCP,0,,,a,
ASN00092045,19621109,PRCP,0,,,a,
ASN00092045,19621110,PRCP,0,,,a,
ASN00092045,19621111,PRCP,97,,,a,
ASN00092045,19621112,PRCP,0,,,a,
ASN00092045,19621113,PRCP,0,,,a,
ASN00092045,19621114,PRCP,0,,,a,
ASN00092045,19621115,PRCP,0,,,a,
ASN00092045,19621116,PRCP,0,,,a,
ASN00092045,19621117,PRCP,0,,,a,
ASN00092045,19621118,PRCP,0,,,a,
ASN00092045,19621119,PRCP,0,,,a,
ASN00092045,19621120,PRCP,0,,,a,
ASN00092045,19621121,PRCP,152,,,a,
ASN00092045,19621122,PRCP,15,,,a,
ASN00092045,19621123,PRCP,0,,,a,
ASN00092045,19621124,PRCP,10,,,a,
ASN00092045,19621125,PRCP,0,,,a,
ASN00092045,19621126,PRCP,0,,,a,
ASN00092045,19621127,PRCP,0,,,a,
ASN00092045,19621128,PRCP,0,,,a,
ASN00092045,19621129,PRCP,0,,,a,
ASN00092045,19621130,PRCP,0,,,a,
ASN00092045,19621201,TMAX,189,,,a,
ASN00092045,19621202,TMAX,194,,,a,
ASN00092045,19621203,TMAX,133,,,a,
ASN00092045,19621204,TMAX,194,,,a,
ASN00092045,19621205,TMAX,172,,,a,
ASN00092045,19621206,TMAX,144,,,a,
ASN00092045,19621207,TMAX,161,,,a,
ASN00092045,19621208,TMAX,156,,,a,
ASN00092045,19621209,TMAX,150,,,a,
ASN00092045,19621210,TMAX,172,,,a,
ASN00092045,19621211,TMAX,150,,,a,
ASN00092045,19621212,TMAX,183,,,a,
ASN00092045,19621213,TMAX,172,,,a,
ASN00092045,19621214,TMAX,167,,,a,
ASN00092045,19621215,TMAX,167,,,a,
ASN00092045,19621216,TMAX,217,,,a,
ASN00092045,19621217,TMAX,172,,,a,
ASN00092045,19621218,TMAX,228,,,a,
ASN00092045,19621219,TMAX,189,,,a,
ASN00092045,19621220,TMAX,222,,,a,
ASN00092045,19621221,TMAX,183,,,a,
ASN00092045,19621222,TMAX,194,,,a,
ASN00092045,19621223,TMAX,211,,,a,
ASN00092045,19621224,TMAX,172,,,a,
ASN00092045,19621225,TMAX,172,,,a,
ASN00092045,19621226,TMAX,167,,,a,
ASN00092045,19621227,TMAX,172,,,a,
ASN00092045,19621228,TMAX,183,,,a,
ASN00092045,19621229,TMAX,200,,,a,
ASN00092045,19621230,TMAX,178,,,a,
ASN00092045,19621231,TMAX,194,,,a,
ASN00092045,19621201,TMIN,133,,,a,
ASN00092045,19621202,TMIN,139,,,a,
ASN00092045,19621203,TMIN,122,,,a,
ASN00092045,19621204,TMIN,111,,,a,
ASN00092045,19621205,TMIN,120,,,a,
ASN00092045,19621206,TMIN,117,,,a,
ASN00092045,19621207,TMIN,117,,,a,
ASN00092045,19621208,TMIN,122,,,a,
ASN00092045,19621209,TMIN,122,,,a,
ASN00092045,19621210,TMIN,117,,,a,
ASN00092045,19621211,TMIN,117,,,a,
ASN00092045,19621212,TMIN,100,,,a,
ASN00092045,19621213,TMIN,106,,,a,
ASN00092045,19621214,TMIN,128,,,a,
ASN00092045,19621215,TMIN,111,,,a,
ASN00092045,19621216,TMIN,139,,,a,
ASN00092045,19621217,TMIN,133,,,a,
ASN00092045,19621218,TMIN,133,,,a,
ASN00092045,19621219,TMIN,133,,,a,
ASN00092045,19621220,TMIN,111,,,a,
ASN00092045,19621221,TMIN,139,,,a,
ASN00092045,19621222,TMIN,111,,,a,
ASN00092045,19621223,TMIN,156,,,a,
ASN00092045,19621224,TMIN,128,,,a,
ASN00092045,19621225,TMIN,100,,,a,
ASN00092045,19621226,TMIN,122,,,a,
ASN00092045,19621227,TMIN,139,,,a,
ASN00092045,19621228,TMIN,144,,,a,
ASN00092045,19621229,TMIN,156,,,a,
ASN00092045,19621230,TMIN,161,,,a,
ASN00092045,19621231,TMIN,164,,,a,
ASN00092045,19621201,PRCP,0,,,a,
ASN00092045,19621202,PRCP,0,,,a,
ASN00092045,19621203,PRCP,15,,,a,
ASN00092045,19621204,PRCP,36,,,a,
ASN00092045,19621205,PRCP,0,,,a,
ASN00092045,19621206,PRCP,0,,,a,
ASN00092045,19621207,PRCP,0,,,a,
ASN00092045,19621208,PRCP,173,,,a,
ASN00092045,19621209,PRCP,112,,,a,
ASN00092045,19621210,PRCP,79,,,a,
ASN00092045,19621211,PRCP,18,,,a,
ASN00092045,19621212,PRCP,36,,,a,
ASN00092045,19621213,PRCP,0,,,a,
ASN00092045,19621214,PRCP,0,,,a,
ASN00092045,19621215,PRCP,0,,,a,
ASN00092045,19621216,PRCP,0,,,a,
ASN00092045,19621217,PRCP,0,,,a,
ASN00092045,19621218,PRCP,5,,,a,
ASN00092045,19621219,PRCP,0,,,a,
ASN00092045,19621220,PRCP,0,,,a,
ASN00092045,19621221,PRCP,0,,,a,
ASN00092045,19621222,PRCP,0,,,a,
ASN00092045,19621223,PRCP,0,,,a,
ASN00092045,19621224,PRCP,3,,,a,
ASN00092045,19621225,PRCP,0,,,a,
ASN00092045,19621226,PRCP,0,,,a,
ASN00092045,19621227,PRCP,0,,,a,
ASN00092045,19621228,PRCP,5,,,a,
ASN00092045,19621229,PRCP,0,,,a,
ASN00092045,19621230,PRCP,10,,,a,
ASN00092045,19621231,PRCP,0,,,a,
ASN00092045,19630101,TMAX,233,,,a,
ASN00092045,19630102,TMAX,183,,,a,
ASN00092045,19630103,TMAX,228,,,a,
ASN00092045,19630104,TMAX,194,,,a,
ASN00092045,19630105,TMAX,200,,,a,
ASN00092045,19630106,TMAX,200,,,a,
ASN00092045,19630107,TMAX,183,,,a,
ASN00092045,19630108,TMAX,189,,,a,
ASN00092045,19630109,TMAX,206,,,a,
ASN00092045,19630110,TMAX,200,,,a,
ASN00092045,19630111,TMAX,206,,,a,
ASN00092045,19630112,TMAX,211,,,a,
ASN00092045,19630113,TMAX,206,,,a,
ASN00092045,19630114,TMAX,200,,,a,
ASN00092045,19630115,TMAX,206,,,a,
ASN00092045,19630116,TMAX,150,,,a,
ASN00092045,19630117,TMAX,178,,,a,
ASN00092045,19630118,TMAX,202,,,a,
ASN00092045,19630119,TMAX,194,,,a,
ASN00092045,19630120,TMAX,220,,,a,
ASN00092045,19630121,TMAX,211,,,a,
ASN00092045,19630122,TMAX,289,,,a,
ASN00092045,19630123,TMAX,228,,,a,
ASN00092045,19630124,TMAX,211,,,a,
ASN00092045,19630125,TMAX,200,,,a,
ASN00092045,19630126,TMAX,222,,,a,
ASN00092045,19630127,TMAX,183,,,a,
ASN00092045,19630128,TMAX,156,,,a,
ASN00092045,19630129,TMAX,167,,,a,
ASN00092045,19630130,TMAX,167,,,a,
ASN00092045,19630131,TMAX,189,,,a,
ASN00092045,19630101,TMIN,144,,,a,
ASN00092045,19630102,TMIN,133,,,a,
ASN00092045,19630103,TMIN,139,,,a,
ASN00092045,19630104,TMIN,133,,,a,
ASN00092045,19630105,TMIN,139,,,a,
ASN00092045,19630106,TMIN,128,,,a,
ASN00092045,19630107,TMIN,122,,,a,
ASN00092045,19630108,TMIN,133,,,a,
ASN00092045,19630109,TMIN,144,,,a,
ASN00092045,19630110,TMIN,150,,,a,
ASN00092045,19630111,TMIN,156,,,a,
ASN00092045,19630112,TMIN,167,,,a,
ASN00092045,19630113,TMIN,172,,,a,
ASN00092045,19630114,TMIN,150,,,a,
ASN00092045,19630115,TMIN,144,,,a,
ASN00092045,19630116,TMIN,128,,,a,
ASN00092045,19630117,TMIN,133,,,a,
ASN00092045,19630118,TMIN,117,,,a,
ASN00092045,19630119,TMIN,111,,,a,
ASN00092045,19630120,TMIN,117,,,a,
ASN00092045,19630121,TMIN,144,,,a,
ASN00092045,19630122,TMIN,136,,,a,
ASN00092045,19630123,TMIN,133,,,a,
ASN00092045,19630124,TMIN,144,,,a,
ASN00092045,19630125,TMIN,156,,,a,
ASN00092045,19630126,TMIN,156,,,a,
ASN00092045,19630127,TMIN,156,,,a,
ASN00092045,19630128,TMIN,122,,,a,
ASN00092045,19630129,TMIN,133,,,a,
ASN00092045,19630130,TMIN,133,,,a,
ASN00092045,19630131,TMIN,139,,,a,
ASN00092045,19630101,PRCP,140,,,a,
ASN00092045,19630102,PRCP,18,,,a,
ASN00092045,19630103,PRCP,3,,,a,
ASN00092045,19630104,PRCP,23,,,a,
ASN00092045,19630105,PRCP,0,,,a,
ASN00092045,19630106,PRCP,119,,,a,
ASN00092045,19630107,PRCP,76,,,a,
ASN00092045,19630108,PRCP,0,,,a,
ASN00092045,19630109,PRCP,0,,,a,
ASN00092045,19630110,PRCP,0,,,a,
ASN00092045,19630111,PRCP,0,,,a,
ASN00092045,19630112,PRCP,0,,,a,
ASN00092045,19630113,PRCP,0,,,a,
ASN00092045,19630114,PRCP,0,,,a,
ASN00092045,19630115,PRCP,69,,,a,
ASN00092045,19630116,PRCP,0,,,a,
ASN00092045,19630117,PRCP,330,,,a,
ASN00092045,19630118,PRCP,201,,,a,
ASN00092045,19630119,PRCP,38,,,a,
ASN00092045,19630120,PRCP,0,,,a,
ASN00092045,19630121,PRCP,0,,,a,
ASN00092045,19630122,PRCP,0,,,a,
ASN00092045,19630123,PRCP,0,,,a,
ASN00092045,19630124,PRCP,0,,,a,
ASN00092045,19630125,PRCP,0,,,a,
ASN00092045,19630126,PRCP,0,,,a,
ASN00092045,19630127,PRCP,0,,,a,
ASN00092045,19630128,PRCP,137,,,a,
ASN00092045,19630129,PRCP,196,,,a,
ASN00092045,19630130,PRCP,10,,,a,
ASN00092045,19630131,PRCP,0,,,a,
ASN00092045,19630201,TMAX,251,,,a,
ASN00092045,19630202,TMAX,200,,,a,
ASN00092045,19630203,TMAX,228,,,a,
ASN00092045,19630204,TMAX,161,,,a,
ASN00092045,19630205,TMAX,167,,,a,
ASN00092045,19630206,TMAX,189,,,a,
ASN00092045,19630207,TMAX,233,,,a,
ASN00092045,19630208,TMAX,217,,,a,
ASN00092045,19630209,TMAX,172,,,a,
ASN00092045,19630210,TMAX,178,,,a,
ASN00092045,19630211,TMAX,189,,,a,
ASN00092045,19630212,TMAX,189,,,a,
ASN00092045,19630213,TMAX,200,,,a,
ASN00092045,19630214,TMAX,200,,,a,
ASN00092045,19630215,TMAX,178,,,a,
ASN00092045,19630216,TMAX,178,,,a,
ASN00092045,19630217,TMAX,183,,,a,
ASN00092045,19630218,TMAX,206,,,a,
ASN00092045,19630219,TMAX,169,,,a,
ASN00092045,19630220,TMAX,172,,,a,
ASN00092045,19630221,TMAX,272,,,a,
ASN00092045,19630222,TMAX,206,,,a,
ASN00092045,19630223,TMAX,200,,,a,
ASN00092045,19630224,TMAX,217,,,a,
ASN00092045,19630225,TMAX,200,,,a,
ASN00092045,19630226,TMAX,222,,,a,
ASN00092045,19630227,TMAX,200,,,a,
ASN00092045,19630228,TMAX,250,,,a,
ASN00092045,19630201,TMIN,161,,,a,
ASN00092045,19630202,TMIN,161,,,a,
ASN00092045,19630203,TMIN,117,,,a,
ASN00092045,19630204,TMIN,100,,,a,
ASN00092045,19630205,TMIN,111,,,a,
ASN00092045,19630206,TMIN,117,,,a,
ASN00092045,19630207,TMIN,156,,,a,
ASN00092045,19630208,TMIN,156,,,a,
ASN00092045,19630209,TMIN,139,,,a,
ASN00092045,19630210,TMIN,128,,,a,
ASN00092045,19630211,TMIN,139,,,a,
ASN00092045,19630212,TMIN,148,,,a,
ASN00092045,19630213,TMIN,156,,,a,
ASN00092045,19630214,TMIN,128,,,a,
ASN00092045,19630215,TMIN,67,,,a,
ASN00092045,19630216,TMIN,111,,,a,
ASN00092045,19630217,TMIN,122,,,a,
ASN00092045,19630218,TMIN,139,,,a,
ASN00092045,19630219,TMIN,72,,,a,
ASN00092045,19630220,TMIN,111,,,a,
ASN00092045,19630221,TMIN,139,,,a,
ASN00092045,19630222,TMIN,156,,,a,
ASN00092045,19630223,TMIN,128,,,a,
ASN00092045,19630224,TMIN,128,,,a,
ASN00092045,19630225,TMIN,106,,,a,
ASN00092045,19630226,TMIN,139,,,a,
ASN00092045,19630227,TMIN,150,,,a,
ASN00092045,19630228,TMIN,161,,,a,
ASN00092045,19630201,PRCP,13,,,a,
ASN00092045,19630202,PRCP,10,,,a,
ASN00092045,19630203,PRCP,13,,,a,
ASN00092045,19630204,PRCP,97,,,a,
ASN00092045,19630205,PRCP,0,,,a,
ASN00092045,19630206,PRCP,8,,,a,
ASN00092045,19630207,PRCP,0,,,a,
ASN00092045,19630208,PRCP,0,,,a,
ASN00092045,19630209,PRCP,0,,,a,
ASN00092045,19630210,PRCP,264,,,a,
ASN00092045,19630211,PRCP,0,,,a,
ASN00092045,19630212,PRCP,0,,,a,
ASN00092045,19630213,PRCP,0,,,a,
ASN00092045,19630214,PRCP,48,,,a,
ASN00092045,19630215,PRCP,0,,,a,
ASN00092045,19630216,PRCP,0,,,a,
ASN00092045,19630217,PRCP,0,,,a,
ASN00092045,19630218,PRCP,0,,,a,
ASN00092045,19630219,PRCP,0,,,a,
ASN00092045,19630220,PRCP,0,,,a,
ASN00092045,19630221,PRCP,15,,,a,
ASN00092045,19630222,PRCP,0,,,a,
ASN00092045,19630223,PRCP,0,,,a,
ASN00092045,19630224,PRCP,0,,,a,
ASN00092045,19630225,PRCP,0,,,a,
ASN00092045,19630226,PRCP,0,,,a,
ASN00092045,19630227,PRCP,10,,,a,
ASN00092045,19630228,PRCP,0,,,a,
ASN00092045,19630301,TMAX,183,,,a,
ASN00092045,19630302,TMAX,200,,,a,
ASN00092045,19630303,TMAX,200,,,a,
ASN00092045,19630304,TMAX,194,,,a,
ASN00092045,19630305,TMAX,217,,,a,
ASN00092045,19630306,TMAX,194,,,a,
ASN00092045,19630307,TMAX,172,,,a,
ASN00092045,19630308,TMAX,187,,,a,
ASN00092045,19630309,TMAX,203,,,a,
ASN00092045,19630310,TMAX,206,,,a,
ASN00092045,19630311,TMAX,189,,,a,
ASN00092045,19630312,TMAX,178,,,a,
ASN00092045,19630313,TMAX,189,,,a,
ASN00092045,19630314,TMAX,208,,,a,
ASN00092045,19630315,TMAX,211,,,a,
ASN00092045,19630316,TMAX,239,,,a,
ASN00092045,19630317,TMAX,161,,,a,
ASN00092045,19630318,TMAX,194,,,a,
ASN00092045,19630319,TMAX,181,,,a,
ASN00092045,19630320,TMAX,189,,,a,
ASN00092045,19630321,TMAX,208,,,a,
ASN00092045,19630322,TMAX,211,,,a,
ASN00092045,19630323,TMAX,211,,,a,
ASN00092045,19630324,TMAX,200,,,a,
ASN00092045,19630325,TMAX,206,,,a,
ASN00092045,19630326,TMAX,156,,,a,
ASN00092045,19630327,TMAX,194,,,a,
ASN00092045,19630328,TMAX,178,,,a,
ASN00092045,19630329,TMAX,194,,,a,
ASN00092045,19630330,TMAX,200,,,a,
ASN00092045,19630331,TMAX,189,,,a,
ASN00092045,19630301,TMIN,150,,,a,
ASN00092045,19630302,TMIN,144,,,a,
ASN00092045,19630304,TMIN,161,,,a,
ASN00092045,19630305,TMIN,156,,,a,
ASN00092045,19630306,TMIN,94,,,a,
ASN00092045,19630307,TMIN,117,,,a,
ASN00092045,19630308,TMIN,111,,,a,
ASN00092045,19630309,TMIN,161,,,a,
ASN00092045,19630310,TMIN,111,,,a,
ASN00092045,19630311,TMIN,117,,,a,
ASN00092045,19630312,TMIN,122,,,a,
ASN00092045,19630313,TMIN,122,,,a,
ASN00092045,19630314,TMIN,144,,,a,
ASN00092045,19630315,TMIN,133,,,a,
ASN00092045,19630316,TMIN,139,,,a,
ASN00092045,19630317,TMIN,136,,,a,
ASN00092045,19630318,TMIN,144,,,a,
ASN00092045,19630319,TMIN,144,,,a,
ASN00092045,19630320,TMIN,150,,,a,
ASN00092045,19630321,TMIN,167,,,a,
ASN00092045,19630322,TMIN,172,,,a,
ASN00092045,19630323,TMIN,172,,,a,
ASN00092045,19630324,TMIN,150,,,a,
ASN00092045,19630325,TMIN,144,,,a,
ASN00092045,19630326,TMIN,78,,,a,
ASN00092045,19630327,TMIN,72,,,a,
ASN00092045,19630328,TMIN,111,,,a,
ASN00092045,19630329,TMIN,150,,,a,
ASN00092045,19630330,TMIN,111,,,a,
ASN00092045,19630331,TMIN,61,,,a,
ASN00092045,19630301,PRCP,13,,,a,
ASN00092045,19630302,PRCP,0,,,a,
ASN00092045,19630303,PRCP,0,,,a,
ASN00092045,19630304,PRCP,0,,,a,
ASN00092045,19630305,PRCP,0,,,a,
ASN00092045,19630306,PRCP,5,,,a,
ASN00092045,19630307,PRCP,0,,,a,
ASN00092045,19630308,PRCP,0,,,a,
ASN00092045,19630309,PRCP,0,,,a,
ASN00092045,19630310,PRCP,20,,,a,
ASN00092045,19630311,PRCP,0,,,a,
ASN00092045,19630312,PRCP,0,,,a,
ASN00092045,19630313,PRCP,0,,,a,
ASN00092045,19630314,PRCP,0,,,a,
ASN00092045,19630315,PRCP,0,,,a,
ASN00092045,19630316,PRCP,0,,,a,
ASN00092045,19630317,PRCP,0,,,a,
ASN00092045,19630318,PRCP,0,,,a,
ASN00092045,19630319,PRCP,0,,,a,
ASN00092045,19630320,PRCP,0,,,a,
ASN00092045,19630321,PRCP,0,,,a,
ASN00092045,19630322,PRCP,0,,,a,
ASN00092045,19630323,PRCP,3,,,a,
ASN00092045,19630324,PRCP,28,,,a,
ASN00092045,19630325,PRCP,432,,,a,
ASN00092045,19630326,PRCP,79,,,a,
ASN00092045,19630327,PRCP,36,,,a,
ASN00092045,19630328,PRCP,0,,,a,
ASN00092045,19630329,PRCP,0,,,a,
ASN00092045,19630330,PRCP,81,,,a,
ASN00092045,19630331,PRCP,53,,,a,
ASN00092045,19630401,TMAX,183,,,a,
ASN00092045,19630402,TMAX,156,,,a,
ASN00092045,19630403,TMAX,183,,,a,
ASN00092045,19630404,TMAX,159,,,a,
ASN00092045,19630405,TMAX,189,,,a,
ASN00092045,19630406,TMAX,189,,,a,
ASN00092045,19630407,TMAX,211,,,a,
ASN00092045,19630408,TMAX,194,,,a,
ASN00092045,19630409,TMAX,183,,,a,
ASN00092045,19630410,TMAX,194,,,a,
ASN00092045,19630411,TMAX,178,,,a,
ASN00092045,19630412,TMAX,178,,,a,
ASN00092045,19630413,TMAX,133,,,a,
ASN00092045,19630414,TMAX,133,,,a,
ASN00092045,19630415,TMAX,156,,,a,
ASN00092045,19630416,TMAX,172,,,a,
ASN00092045,19630417,TMAX,178,,,a,
ASN00092045,19630418,TMAX,161,,,a,
ASN00092045,19630419,TMAX,167,,,a,
ASN00092045,19630420,TMAX,206,,,a,
ASN00092045,19630421,TMAX,178,,,a,
ASN00092045,19630422,TMAX,167,,,a,
ASN00092045,19630423,TMAX,182,,,a,
ASN00092045,19630424,TMAX,194,,,a,
ASN00092045,19630425,TMAX,178,,,a,
ASN00092045,19630426,TMAX,167,,,a,
ASN00092045,19630427,TMAX,161,,,a,
ASN00092045,19630428,TMAX,167,,,a,
ASN00092045,19630429,TMAX,172,,,a,
ASN00092045,19630430,TMAX,156,,,a,
ASN00092045,19630401,TMIN,56,,,a,
ASN00092045,19630402,TMIN,89,,,a,
ASN00092045,19630403,TMIN,94,,,a,
ASN00092045,19630404,TMIN,72,,,a,
ASN00092045,19630405,TMIN,78,,,a,
ASN00092045,19630406,TMIN,117,,,a,
ASN00092045,19630407,TMIN,106,,,a,
ASN00092045,19630408,TMIN,122,,,a,
ASN00092045,19630409,TMIN,67,,,a,
ASN00092045,19630410,TMIN,106,,,a,
ASN00092045,19630411,TMIN,78,,,a,
ASN00092045,19630412,TMIN,117,,,a,
ASN00092045,19630413,TMIN,67,,,a,
ASN00092045,19630414,TMIN,61,,,a,
ASN00092045,19630415,TMIN,56,,,a,
ASN00092045,19630416,TMIN,72,,,a,
ASN00092045,19630417,TMIN,106,,,a,
ASN00092045,19630418,TMIN,111,,,a,
ASN00092045,19630419,TMIN,133,,,a,
ASN00092045,19630420,TMIN,128,,,a,
ASN00092045,19630421,TMIN,61,,,a,
ASN00092045,19630422,TMIN,89,,,a,
ASN00092045,19630423,TMIN,100,,,a,
ASN00092045,19630424,TMIN,128,,,a,
ASN00092045,19630425,TMIN,128,,,a,
ASN00092045,19630426,TMIN,139,,,a,
ASN00092045,19630427,TMIN,139,,,a,
ASN00092045,19630428,TMIN,122,,,a,
ASN00092045,19630429,TMIN,128,,,a,
ASN00092045,19630430,TMIN,133,,,a,
ASN00092045,19630401,PRCP,0,,,a,
ASN00092045,19630402,PRCP,0,,,a,
ASN00092045,19630403,PRCP,0,,,a,
ASN00092045,19630404,PRCP,15,,,a,
ASN00092045,19630405,PRCP,0,,,a,
ASN00092045,19630406,PRCP,0,,,a,
ASN00092045,19630407,PRCP,0,,,a,
ASN00092045,19630408,PRCP,0,,,a,
ASN00092045,19630409,PRCP,10,,,a,
ASN00092045,19630410,PRCP,5,,,a,
ASN00092045,19630411,PRCP,0,,,a,
ASN00092045,19630412,PRCP,3,,,a,
ASN00092045,19630413,PRCP,13,,,a,
ASN00092045,19630414,PRCP,0,,,a,
ASN00092045,19630415,PRCP,0,,,a,
ASN00092045,19630416,PRCP,0,,,a,
ASN00092045,19630417,PRCP,0,,,a,
ASN00092045,19630418,PRCP,0,,,a,
ASN00092045,19630419,PRCP,0,,,a,
ASN00092045,19630420,PRCP,5,,,a,
ASN00092045,19630421,PRCP,0,,,a,
ASN00092045,19630422,PRCP,0,,,a,
ASN00092045,19630423,PRCP,0,,,a,
ASN00092045,19630424,PRCP,5,,,a,
ASN00092045,19630425,PRCP,5,,,a,
ASN00092045,19630426,PRCP,25,,,a,
ASN00092045,19630427,PRCP,38,,,a,
ASN00092045,19630428,PRCP,5,,,a,
ASN00092045,19630429,PRCP,5,,,a,
ASN00092045,19630430,PRCP,8,,,a,
ASN00092045,19630501,TMAX,144,,,a,
ASN00092045,19630502,TMAX,144,,,a,
ASN00092045,19630503,TMAX,156,,,a,
ASN00092045,19630504,TMAX,161,,,a,
ASN00092045,19630505,TMAX,150,,,a,
ASN00092045,19630506,TMAX,161,,,a,
ASN00092045,19630507,TMAX,167,,,a,
ASN00092045,19630508,TMAX,189,,,a,
ASN00092045,19630509,TMAX,172,,,a,
ASN00092045,19630510,TMAX,174,,,a,
ASN00092045,19630511,TMAX,178,,,a,
ASN00092045,19630512,TMAX,150,,,a,
ASN00092045,19630513,TMAX,144,,,a,
ASN00092045,19630514,TMAX,161,,,a,
ASN00092045,19630515,TMAX,161,,,a,
ASN00092045,19630516,TMAX,150,,,a,
ASN00092045,19630517,TMAX,133,,,a,
ASN00092045,19630518,TMAX,122,,,a,
ASN00092045,19630519,TMAX,128,,,a,
ASN00092045,19630520,TMAX,161,,,a,
ASN00092045,19630521,TMAX,144,,,a,
ASN00092045,19630522,TMAX,139,,,a,
ASN00092045,19630523,TMAX,128,,,a,
ASN00092045,19630524,TMAX,161,,,a,
ASN00092045,19630525,TMAX,156,,,a,
ASN00092045,19630526,TMAX,122,,,a,
ASN00092045,19630527,TMAX,133,,,a,
ASN00092045,19630528,TMAX,106,,,a,
ASN00092045,19630529,TMAX,119,,,a,
ASN00092045,19630530,TMAX,128,,,a,
ASN00092045,19630531,TMAX,144,,,a,
ASN00092045,19630501,TMIN,111,,,a,
ASN00092045,19630502,TMIN,94,,,a,
ASN00092045,19630503,TMIN,50,,,a,
ASN00092045,19630504,TMIN,61,,,a,
ASN00092045,19630505,TMIN,89,,,a,
ASN00092045,19630506,TMIN,83,,,a,
ASN00092045,19630507,TMIN,78,,,a,
ASN00092045,19630508,TMIN,139,,,a,
ASN00092045,19630509,TMIN,128,,,a,
ASN00092045,19630510,TMIN,126,,,a,
ASN00092045,19630511,TMIN,106,,,a,
ASN00092045,19630512,TMIN,94,,,a,
ASN00092045,19630513,TMIN,94,,,a,
ASN00092045,19630514,TMIN,111,,,a,
ASN00092045,19630515,TMIN,128,,,a,
ASN00092045,19630516,TMIN,128,,,a,
ASN00092045,19630517,TMIN,111,,,a,
ASN00092045,19630518,TMIN,94,,,a,
ASN00092045,19630519,TMIN,89,,,a,
ASN00092045,19630520,TMIN,117,,,a,
ASN00092045,19630521,TMIN,89,,,a,
ASN00092045,19630522,TMIN,33,,,a,
ASN00092045,19630523,TMIN,17,,,a,
ASN00092045,19630524,TMIN,72,,,a,
ASN00092045,19630525,TMIN,78,,,a,
ASN00092045,19630526,TMIN,72,,,a,
ASN00092045,19630527,TMIN,67,,,a,
ASN00092045,19630528,TMIN,22,,,a,
ASN00092045,19630529,TMIN,39,,,a,
ASN00092045,19630530,TMIN,44,,,a,
ASN00092045,19630531,TMIN,72,,,a,
ASN00092045,19630501,PRCP,64,,,a,
ASN00092045,19630502,PRCP,5,,,a,
ASN00092045,19630503,PRCP,0,,,a,
ASN00092045,19630504,PRCP,0,,,a,
ASN00092045,19630505,PRCP,0,,,a,
ASN00092045,19630506,PRCP,0,,,a,
ASN00092045,19630507,PRCP,0,,,a,
ASN00092045,19630508,PRCP,0,,,a,
ASN00092045,19630509,PRCP,0,,,a,
ASN00092045,19630510,PRCP,5,,,a,
ASN00092045,19630511,PRCP,0,,,a,
ASN00092045,19630512,PRCP,0,,,a,
ASN00092045,19630513,PRCP,0,,,a,
ASN00092045,19630514,PRCP,66,,,a,
ASN00092045,19630515,PRCP,46,,,a,
ASN00092045,19630516,PRCP,234,,,a,
ASN00092045,19630517,PRCP,5,,,a,
ASN00092045,19630518,PRCP,41,,,a,
ASN00092045,19630519,PRCP,36,,,a,
ASN00092045,19630520,PRCP,353,,,a,
ASN00092045,19630521,PRCP,46,,,a,
ASN00092045,19630522,PRCP,20,,,a,
ASN00092045,19630523,PRCP,8,,,a,
ASN00092045,19630524,PRCP,0,,,a,
ASN00092045,19630525,PRCP,0,,,a,
ASN00092045,19630526,PRCP,0,,,a,
ASN00092045,19630527,PRCP,0,,,a,
ASN00092045,19630528,PRCP,18,,,a,
ASN00092045,19630529,PRCP,0,,,a,
ASN00092045,19630530,PRCP,0,,,a,
ASN00092045,19630531,PRCP,0,,,a,
ASN00092045,19630601,TMAX,156,,,a,
ASN00092045,19630602,TMAX,133,,,a,
ASN00092045,19630603,TMAX,144,,,a,
ASN00092045,19630604,TMAX,144,,,a,
ASN00092045,19630605,TMAX,128,,,a,
ASN00092045,19630606,TMAX,122,,,a,
ASN00092045,19630607,TMAX,128,,,a,
ASN00092045,19630608,TMAX,128,,,a,
ASN00092045,19630609,TMAX,133,,,a,
ASN00092045,19630610,TMAX,161,,,a,
ASN00092045,19630611,TMAX,144,,,a,
ASN00092045,19630612,TMAX,144,,,a,
ASN00092045,19630613,TMAX,150,,,a,
ASN00092045,19630614,TMAX,156,,,a,
ASN00092045,19630615,TMAX,150,,,a,
ASN00092045,19630616,TMAX,139,,,a,
ASN00092045,19630617,TMAX,106,,,a,
ASN00092045,19630618,TMAX,117,,,a,
ASN00092045,19630619,TMAX,106,,,a,
ASN00092045,19630620,TMAX,106,,,a,
ASN00092045,19630621,TMAX,117,,,a,
ASN00092045,19630622,TMAX,138,,,a,
ASN00092045,19630623,TMAX,128,,,a,
ASN00092045,19630624,TMAX,128,,,a,
ASN00092045,19630625,TMAX,133,,,a,
ASN00092045,19630626,TMAX,122,,,a,
ASN00092045,19630627,TMAX,139,,,a,
ASN00092045,19630628,TMAX,139,,,a,
ASN00092045,19630629,TMAX,150,,,a,
ASN00092045,19630630,TMAX,144,,,a,
ASN00092045,19630601,TMIN,117,,,a,
ASN00092045,19630602,TMIN,117,,,a,
ASN00092045,19630603,TMIN,111,,,a,
ASN00092045,19630604,TMIN,117,,,a,
ASN00092045,19630605,TMIN,100,,,a,
ASN00092045,19630606,TMIN,83,,,a,
ASN00092045,19630607,TMIN,89,,,a,
ASN00092045,19630608,TMIN,94,,,a,
ASN00092045,19630609,TMIN,72,,,a,
ASN00092045,19630610,TMIN,111,,,a,
ASN00092045,19630611,TMIN,61,,,a,
ASN00092045,19630612,TMIN,64,,,a,
ASN00092045,19630613,TMIN,72,,,a,
ASN00092045,19630614,TMIN,117,,,a,
ASN00092045,19630615,TMIN,128,,,a,
ASN00092045,19630616,TMIN,83,,,a,
ASN00092045,19630617,TMIN,39,,,a,
ASN00092045,19630618,TMIN,22,,,a,
ASN00092045,19630619,TMIN,56,,,a,
ASN00092045,19630620,TMIN,17,,,a,
ASN00092045,19630621,TMIN,33,,,a,
ASN00092045,19630622,TMIN,56,,,a,
ASN00092045,19630623,TMIN,56,,,a,
ASN00092045,19630624,TMIN,33,,,a,
ASN00092045,19630625,TMIN,44,,,a,
ASN00092045,19630626,TMIN,50,,,a,
ASN00092045,19630627,TMIN,39,,,a,
ASN00092045,19630628,TMIN,72,,,a,
ASN00092045,19630629,TMIN,78,,,a,
ASN00092045,19630630,TMIN,128,,,a,
ASN00092045,19630601,PRCP,0,,,a,
ASN00092045,19630602,PRCP,10,,,a,
ASN00092045,19630603,PRCP,18,,,a,
ASN00092045,19630604,PRCP,10,,,a,
ASN00092045,19630605,PRCP,48,,,a,
ASN00092045,19630606,PRCP,25,,,a,
ASN00092045,19630607,PRCP,94,,,a,
ASN00092045,19630608,PRCP,25,,,a,
ASN00092045,19630609,PRCP,10,,,a,
ASN00092045,19630610,PRCP,0,,,a,
ASN00092045,19630611,PRCP,25,,,a,
ASN00092045,19630612,PRCP,5,,,a,
ASN00092045,19630613,PRCP,5,,,a,
ASN00092045,19630614,PRCP,28,,,a,
ASN00092045,19630615,PRCP,5,,,a,
ASN00092045,19630616,PRCP,89,,,a,
ASN00092045,19630617,PRCP,104,,,a,
ASN00092045,19630618,PRCP,0,,,a,
ASN00092045,19630619,PRCP,28,,,a,
ASN00092045,19630620,PRCP,5,,,a,
ASN00092045,19630621,PRCP,0,,,a,
ASN00092045,19630622,PRCP,0,,,a,
ASN00092045,19630623,PRCP,0,,,a,
ASN00092045,19630624,PRCP,0,,,a,
ASN00092045,19630625,PRCP,0,,,a,
ASN00092045,19630626,PRCP,0,,,a,
ASN00092045,19630627,PRCP,0,,,a,
ASN00092045,19630628,PRCP,5,,,a,
ASN00092045,19630629,PRCP,0,,,a,
ASN00092045,19630630,PRCP,0,,,a,
ASN00092045,19630701,TMAX,128,,,a,
ASN00092045,19630702,TMAX,111,,,a,
ASN00092045,19630703,TMAX,133,,,a,
ASN00092045,19630704,TMAX,139,,,a,
ASN00092045,19630705,TMAX,139,,,a,
ASN00092045,19630706,TMAX,133,,,a,
ASN00092045,19630707,TMAX,139,,,a,
ASN00092045,19630708,TMAX,122,,,a,
ASN00092045,19630709,TMAX,111,,,a,
ASN00092045,19630710,TMAX,117,,,a,
ASN00092045,19630711,TMAX,122,,,a,
ASN00092045,19630712,TMAX,117,,,a,
ASN00092045,19630713,TMAX,133,,,a,
ASN00092045,19630714,TMAX,111,,,a,
ASN00092045,19630715,TMAX,111,,,a,
ASN00092045,19630716,TMAX,111,,,a,
ASN00092045,19630717,TMAX,122,,,a,
ASN00092045,19630718,TMAX,122,,,a,
ASN00092045,19630719,TMAX,119,,,a,
ASN00092045,19630720,TMAX,128,,,a,
ASN00092045,19630721,TMAX,126,,,a,
ASN00092045,19630722,TMAX,117,,,a,
ASN00092045,19630723,TMAX,144,,,a,
ASN00092045,19630724,TMAX,128,,,a,
ASN00092045,19630725,TMAX,122,,,a,
ASN00092045,19630726,TMAX,133,,,a,
ASN00092045,19630727,TMAX,144,,,a,
ASN00092045,19630728,TMAX,120,,,a,
ASN00092045,19630729,TMAX,139,,,a,
ASN00092045,19630730,TMAX,122,,,a,
ASN00092045,19630731,TMAX,133,,,a,
ASN00092045,19630701,TMIN,89,,,a,
ASN00092045,19630702,TMIN,78,,,a,
ASN00092045,19630703,TMIN,83,,,a,
ASN00092045,19630704,TMIN,117,,,a,
ASN00092045,19630705,TMIN,106,,,a,
ASN00092045,19630706,TMIN,89,,,a,
ASN00092045,19630707,TMIN,61,,,a,
ASN00092045,19630708,TMIN,83,,,a,
ASN00092045,19630709,TMIN,72,,,a,
ASN00092045,19630710,TMIN,78,,,a,
ASN00092045,19630711,TMIN,72,,,a,
ASN00092045,19630712,TMIN,72,,,a,
ASN00092045,19630713,TMIN,94,,,a,
ASN00092045,19630714,TMIN,89,,,a,
ASN00092045,19630715,TMIN,78,,,a,
ASN00092045,19630716,TMIN,89,,,a,
ASN00092045,19630717,TMIN,83,,,a,
ASN00092045,19630718,TMIN,44,,,a,
ASN00092045,19630719,TMIN,56,,,a,
ASN00092045,19630720,TMIN,88,,,a,
ASN00092045,19630721,TMIN,61,,,a,
ASN00092045,19630722,TMIN,39,,,a,
ASN00092045,19630723,TMIN,50,,,a,
ASN00092045,19630724,TMIN,39,,,a,
ASN00092045,19630725,TMIN,50,,,a,
ASN00092045,19630726,TMIN,72,,,a,
ASN00092045,19630727,TMIN,83,,,a,
ASN00092045,19630728,TMIN,67,,,a,
ASN00092045,19630729,TMIN,61,,,a,
ASN00092045,19630730,TMIN,28,,,a,
ASN00092045,19630731,TMIN,67,,,a,
ASN00092045,19630701,PRCP,23,,,a,
ASN00092045,19630702,PRCP,0,,,a,
ASN00092045,19630703,PRCP,5,,,a,
ASN00092045,19630704,PRCP,97,,,a,
ASN00092045,19630705,PRCP,13,,,a,
ASN00092045,19630706,PRCP,10,,,a,
ASN00092045,19630707,PRCP,25,,,a,
ASN00092045,19630708,PRCP,0,,,a,
ASN00092045,19630709,PRCP,0,,,a,
ASN00092045,19630710,PRCP,163,,,a,
ASN00092045,19630711,PRCP,18,,,a,
ASN00092045,19630712,PRCP,23,,,a,
ASN00092045,19630713,PRCP,160,,,a,
ASN00092045,19630714,PRCP,23,,,a,
ASN00092045,19630715,PRCP,23,,,a,
ASN00092045,19630716,PRCP,56,,,a,
ASN00092045,19630717,PRCP,30,,,a,
ASN00092045,19630718,PRCP,0,,,a,
ASN00092045,19630719,PRCP,0,,,a,
ASN00092045,19630720,PRCP,58,,,a,
ASN00092045,19630721,PRCP,25,,,a,
ASN00092045,19630722,PRCP,0,,,a,
ASN00092045,19630723,PRCP,0,,,a,
ASN00092045,19630724,PRCP,0,,,a,
ASN00092045,19630725,PRCP,0,,,a,
ASN00092045,19630726,PRCP,0,,,a,
ASN00092045,19630727,PRCP,23,,,a,
ASN00092045,19630728,PRCP,142,,,a,
ASN00092045,19630729,PRCP,152,,,a,
ASN00092045,19630730,PRCP,0,,,a,
ASN00092045,19630731,PRCP,0,,,a,
ASN00092045,19630801,TMAX,128,,,a,
ASN00092045,19630802,TMAX,111,,,a,
ASN00092045,19630803,TMAX,128,,,a,
ASN00092045,19630804,TMAX,144,,,a,
ASN00092045,19630805,TMAX,94,,,a,
ASN00092045,19630806,TMAX,100,,,a,
ASN00092045,19630807,TMAX,117,,,a,
ASN00092045,19630808,TMAX,139,,,a,
ASN00092045,19630809,TMAX,139,,,a,
ASN00092045,19630810,TMAX,128,,,a,
ASN00092045,19630811,TMAX,133,,,a,
ASN00092045,19630812,TMAX,106,,,a,
ASN00092045,19630813,TMAX,133,,,a,
ASN00092045,19630814,TMAX,139,,,a,
ASN00092045,19630815,TMAX,128,,,a,
ASN00092045,19630816,TMAX,122,,,a,
ASN00092045,19630817,TMAX,128,,,a,
ASN00092045,19630818,TMAX,167,,,a,
ASN00092045,19630819,TMAX,133,,,a,
ASN00092045,19630820,TMAX,139,,,a,
ASN00092045,19630821,TMAX,144,,,a,
ASN00092045,19630822,TMAX,139,,,a,
ASN00092045,19630823,TMAX,133,,,a,
ASN00092045,19630824,TMAX,122,,,a,
ASN00092045,19630825,TMAX,133,,,a,
ASN00092045,19630826,TMAX,111,,,a,
ASN00092045,19630827,TMAX,111,,,a,
ASN00092045,19630828,TMAX,111,,,a,
ASN00092045,19630829,TMAX,111,,,a,
ASN00092045,19630830,TMAX,106,,,a,
ASN00092045,19630831,TMAX,111,,,a,
ASN00092045,19630801,TMIN,72,,,a,
ASN00092045,19630802,TMIN,28,,,a,
ASN00092045,19630803,TMIN,72,,,a,
ASN00092045,19630804,TMIN,94,,,a,
ASN00092045,19630805,TMIN,22,,,a,
ASN00092045,19630806,TMIN,37,,,a,
ASN00092045,19630807,TMIN,33,,,a,
ASN00092045,19630808,TMIN,28,,,a,
ASN00092045,19630809,TMIN,56,,,a,
ASN00092045,19630810,TMIN,83,,,a,
ASN00092045,19630811,TMIN,56,,,a,
ASN00092045,19630812,TMIN,50,,,a,
ASN00092045,19630813,TMIN,67,,,a,
ASN00092045,19630814,TMIN,78,,,a,
ASN00092045,19630815,TMIN,50,,,a,
ASN00092045,19630816,TMIN,50,,,a,
ASN00092045,19630817,TMIN,83,,,a,
ASN00092045,19630818,TMIN,106,,,a,
ASN00092045,19630819,TMIN,67,,,a,
ASN00092045,19630820,TMIN,106,,,a,
ASN00092045,19630821,TMIN,106,,,a,
ASN00092045,19630822,TMIN,111,,,a,
ASN00092045,19630823,TMIN,61,,,a,
ASN00092045,19630824,TMIN,50,,,a,
ASN00092045,19630825,TMIN,100,,,a,
ASN00092045,19630826,TMIN,94,,,a,
ASN00092045,19630827,TMIN,78,,,a,
ASN00092045,19630828,TMIN,67,,,a,
ASN00092045,19630829,TMIN,67,,,a,
ASN00092045,19630830,TMIN,61,,,a,
ASN00092045,19630831,TMIN,72,,,a,
ASN00092045,19630801,PRCP,23,,,a,
ASN00092045,19630802,PRCP,61,,,a,
ASN00092045,19630803,PRCP,28,,,a,
ASN00092045,19630804,PRCP,46,,,a,
ASN00092045,19630805,PRCP,13,,,a,
ASN00092045,19630806,PRCP,0,,,a,
ASN00092045,19630807,PRCP,0,,,a,
ASN00092045,19630808,PRCP,0,,,a,
ASN00092045,19630809,PRCP,0,,,a,
ASN00092045,19630810,PRCP,0,,,a,
ASN00092045,19630811,PRCP,0,,,a,
ASN00092045,19630812,PRCP,0,,,a,
ASN00092045,19630813,PRCP,0,,,a,
ASN00092045,19630814,PRCP,0,,,a,
ASN00092045,19630815,PRCP,46,,,a,
ASN00092045,19630816,PRCP,137,,,a,
ASN00092045,19630817,PRCP,20,,,a,
ASN00092045,19630818,PRCP,15,,,a,
ASN00092045,19630819,PRCP,0,,,a,
ASN00092045,19630820,PRCP,3,,,a,
ASN00092045,19630821,PRCP,0,,,a,
ASN00092045,19630822,PRCP,28,,,a,
ASN00092045,19630823,PRCP,28,,,a,
ASN00092045,19630824,PRCP,10,,,a,
ASN00092045,19630825,PRCP,0,,,a,
ASN00092045,19630826,PRCP,5,,,a,
ASN00092045,19630827,PRCP,18,,,a,
ASN00092045,19630828,PRCP,0,,,a,
ASN00092045,19630829,PRCP,0,,,a,
ASN00092045,19630830,PRCP,25,,,a,
ASN00092045,19630831,PRCP,69,,,a,
ASN00092045,19630901,TMAX,111,,,a,
ASN00092045,19630902,TMAX,117,,,a,
ASN00092045,19630903,TMAX,128,,,a,
ASN00092045,19630904,TMAX,167,,,a,
ASN00092045,19630905,TMAX,156,,,a,
ASN00092045,19630906,TMAX,128,,,a,
ASN00092045,19630907,TMAX,133,,,a,
ASN00092045,19630908,TMAX,167,,,a,
ASN00092045,19630909,TMAX,139,,,a,
ASN00092045,19630910,TMAX,158,,,a,
ASN00092045,19630911,TMAX,128,,,a,
ASN00092045,19630912,TMAX,129,,,a,
ASN00092045,19630913,TMAX,139,,,a,
ASN00092045,19630914,TMAX,152,,,a,
ASN00092045,19630915,TMAX,149,,,a,
ASN00092045,19630916,TMAX,148,,,a,
ASN00092045,19630917,TMAX,156,,,a,
ASN00092045,19630918,TMAX,129,,,a,
ASN00092045,19630919,TMAX,138,,,a,
ASN00092045,19630920,TMAX,148,,,a,
ASN00092045,19630921,TMAX,182,,,a,
ASN00092045,19630922,TMAX,206,,,a,
ASN00092045,19630923,TMAX,123,,,a,
ASN00092045,19630924,TMAX,129,,,a,
ASN00092045,19630925,TMAX,139,,,a,
ASN00092045,19630926,TMAX,143,,,a,
ASN00092045,19630927,TMAX,177,,,a,
ASN00092045,19630928,TMAX,151,,,a,
ASN00092045,19630929,TMAX,144,,,a,
ASN00092045,19630930,TMAX,151,,,a,
ASN00092045,19630901,TMIN,56,,,a,
ASN00092045,19630902,TMIN,56,,,a,
ASN00092045,19630903,TMIN,72,,,a,
ASN00092045,19630904,TMIN,100,,,a,
ASN00092045,19630905,TMIN,72,,,a,
ASN00092045,19630906,TMIN,50,,,a,
ASN00092045,19630907,TMIN,72,,,a,
ASN00092045,19630908,TMIN,61,,,a,
ASN00092045,19630909,TMIN,44,,,a,
ASN00092045,19630910,TMIN,106,,,a,
ASN00092045,19630911,TMIN,83,,,a,
ASN00092045,19630912,TMIN,50,,,a,
ASN00092045,19630913,TMIN,43,,,a,
ASN00092045,19630914,TMIN,101,,,a,
ASN00092045,19630915,TMIN,78,,,a,
ASN00092045,19630916,TMIN,100,,,a,
ASN00092045,19630917,TMIN,90,,,a,
ASN00092045,19630918,TMIN,67,,,a,
ASN00092045,19630919,TMIN,78,,,a,
ASN00092045,19630920,TMIN,46,,,a,
ASN00092045,19630921,TMIN,67,,,a,
ASN00092045,19630922,TMIN,94,,,a,
ASN00092045,19630923,TMIN,83,,,a,
ASN00092045,19630924,TMIN,66,,,a,
ASN00092045,19630925,TMIN,61,,,a,
ASN00092045,19630926,TMIN,89,,,a,
ASN00092045,19630927,TMIN,93,,,a,
ASN00092045,19630928,TMIN,79,,,a,
ASN00092045,19630929,TMIN,78,,,a,
ASN00092045,19630930,TMIN,100,,,a,
ASN00092045,19630901,PRCP,61,,,a,
ASN00092045,19630902,PRCP,152,,,a,
ASN00092045,19630903,PRCP,36,,,a,
ASN00092045,19630904,PRCP,36,,,a,
ASN00092045,19630905,PRCP,25,,,a,
ASN00092045,19630906,PRCP,0,,,a,
ASN00092045,19630907,PRCP,5,,,a,
ASN00092045,19630908,PRCP,3,,,a,
ASN00092045,19630909,PRCP,0,,,a,
ASN00092045,19630910,PRCP,0,,,a,
ASN00092045,19630911,PRCP,58,,,a,
ASN00092045,19630912,PRCP,198,,,a,
ASN00092045,19630913,PRCP,41,,,a,
ASN00092045,19630914,PRCP,157,,,a,
ASN00092045,19630915,PRCP,43,,,a,
ASN00092045,19630916,PRCP,89,,,a,
ASN00092045,19630917,PRCP,48,,,a,
ASN00092045,19630918,PRCP,0,,,a,
ASN00092045,19630919,PRCP,0,,,a,
ASN00092045,19630920,PRCP,0,,,a,
ASN00092045,19630921,PRCP,0,,,a,
ASN00092045,19630922,PRCP,0,,,a,
ASN00092045,19630923,PRCP,20,,,a,
ASN00092045,19630924,PRCP,0,,,a,
ASN00092045,19630925,PRCP,0,,,a,
ASN00092045,19630926,PRCP,0,,,a,
ASN00092045,19630927,PRCP,0,,,a,
ASN00092045,19630928,PRCP,0,,,a,
ASN00092045,19630929,PRCP,43,,,a,
ASN00092045,19630930,PRCP,5,,,a,
ASN00092045,19631001,TMAX,184,,,a,
ASN00092045,19631002,TMAX,146,,,a,
ASN00092045,19631003,TMAX,151,,,a,
ASN00092045,19631004,TMAX,184,,,a,
ASN00092045,19631005,TMAX,184,,,a,
ASN00092045,19631006,TMAX,158,,,a,
ASN00092045,19631007,TMAX,219,,,a,
ASN00092045,19631008,TMAX,161,,,a,
ASN00092045,19631009,TMAX,256,,,a,
ASN00092045,19631010,TMAX,209,,,a,
ASN00092045,19631011,TMAX,218,,,a,
ASN00092045,19631012,TMAX,144,,,a,
ASN00092045,19631013,TMAX,134,,,a,
ASN00092045,19631014,TMAX,151,,,a,
ASN00092045,19631015,TMAX,151,,,a,
ASN00092045,19631016,TMAX,183,,,a,
ASN00092045,19631017,TMAX,194,,,a,
ASN00092045,19631018,TMAX,233,,,a,
ASN00092045,19631019,TMAX,201,,,a,
ASN00092045,19631020,TMAX,180,,,a,
ASN00092045,19631021,TMAX,156,,,a,
ASN00092045,19631022,TMAX,213,,,a,
ASN00092045,19631023,TMAX,179,,,a,
ASN00092045,19631024,TMAX,156,,,a,
ASN00092045,19631025,TMAX,170,,,a,
ASN00092045,19631026,TMAX,236,,,a,
ASN00092045,19631027,TMAX,153,,,a,
ASN00092045,19631028,TMAX,168,,,a,
ASN00092045,19631029,TMAX,146,,,a,
ASN00092045,19631030,TMAX,152,,,a,
ASN00092045,19631031,TMAX,163,,,a,
ASN00092045,19631001,TMIN,94,,,a,
ASN00092045,19631002,TMIN,67,,,a,
ASN00092045,19631003,TMIN,72,,,a,
ASN00092045,19631004,TMIN,98,,,a,
ASN00092045,19631005,TMIN,94,,,a,
ASN00092045,19631006,TMIN,80,,,a,
ASN00092045,19631007,TMIN,106,,,a,
ASN00092045,19631008,TMIN,102,,,a,
ASN00092045,19631009,TMIN,113,,,a,
ASN00092045,19631010,TMIN,124,,,a,
ASN00092045,19631011,TMIN,102,,,a,
ASN00092045,19631012,TMIN,89,,,a,
ASN00092045,19631013,TMIN,69,,,a,
ASN00092045,19631014,TMIN,67,,,a,
ASN00092045,19631015,TMIN,83,,,a,
ASN00092045,19631016,TMIN,67,,,a,
ASN00092045,19631017,TMIN,108,,,a,
ASN00092045,19631018,TMIN,139,,,a,
ASN00092045,19631019,TMIN,133,,,a,
ASN00092045,19631020,TMIN,123,,,a,
ASN00092045,19631021,TMIN,111,,,a,
ASN00092045,19631022,TMIN,106,,,a,
ASN00092045,19631023,TMIN,128,,,a,
ASN00092045,19631024,TMIN,133,,,a,
ASN00092045,19631025,TMIN,128,,,a,
ASN00092045,19631026,TMIN,138,,,a,
ASN00092045,19631027,TMIN,128,,,a,
ASN00092045,19631028,TMIN,118,,,a,
ASN00092045,19631029,TMIN,100,,,a,
ASN00092045,19631030,TMIN,111,,,a,
ASN00092045,19631031,TMIN,113,,,a,
ASN00092045,19631001,PRCP,0,,,a,
ASN00092045,19631002,PRCP,0,,,a,
ASN00092045,19631003,PRCP,0,,,a,
ASN00092045,19631004,PRCP,0,,,a,
ASN00092045,19631005,PRCP,0,,,a,
ASN00092045,19631006,PRCP,0,,,a,
ASN00092045,19631007,PRCP,0,,,a,
ASN00092045,19631008,PRCP,0,,,a,
ASN00092045,19631009,PRCP,0,,,a,
ASN00092045,19631010,PRCP,0,,,a,
ASN00092045,19631011,PRCP,0,,,a,
ASN00092045,19631012,PRCP,33,,,a,
ASN00092045,19631013,PRCP,18,,,a,
ASN00092045,19631014,PRCP,0,,,a,
ASN00092045,19631015,PRCP,5,,,a,
ASN00092045,19631016,PRCP,0,,,a,
ASN00092045,19631017,PRCP,0,,,a,
ASN00092045,19631018,PRCP,0,,,a,
ASN00092045,19631019,PRCP,0,,,a,
ASN00092045,19631020,PRCP,0,,,a,
ASN00092045,19631021,PRCP,18,,,a,
ASN00092045,19631022,PRCP,0,,,a,
ASN00092045,19631023,PRCP,0,,,a,
ASN00092045,19631024,PRCP,18,,,a,
ASN00092045,19631025,PRCP,112,,,a,
ASN00092045,19631026,PRCP,38,,,a,
ASN00092045,19631027,PRCP,76,,,a,
ASN00092045,19631028,PRCP,56,,,a,
ASN00092045,19631029,PRCP,170,,,a,
ASN00092045,19631030,PRCP,0,,,a,
ASN00092045,19631031,PRCP,0,,,a,
ASN00092045,19631101,TMAX,157,,,a,
ASN00092045,19631102,TMAX,170,,,a,
ASN00092045,19631103,TMAX,218,,,a,
ASN00092045,19631104,TMAX,176,,,a,
ASN00092045,19631105,TMAX,151,,,a,
ASN00092045,19631106,TMAX,139,,,a,
ASN00092045,19631107,TMAX,168,,,a,
ASN00092045,19631108,TMAX,134,,,a,
ASN00092045,19631109,TMAX,157,,,a,
ASN00092045,19631110,TMAX,151,,,a,
ASN00092045,19631111,TMAX,187,,,a,
ASN00092045,19631112,TMAX,209,,,a,
ASN00092045,19631113,TMAX,210,,,a,
ASN00092045,19631114,TMAX,162,,,a,
ASN00092045,19631115,TMAX,188,,,a,
ASN00092045,19631116,TMAX,177,,,a,
ASN00092045,19631117,TMAX,151,,,a,
ASN00092045,19631118,TMAX,207,,,a,
ASN00092045,19631119,TMAX,187,,,a,
ASN00092045,19631120,TMAX,173,,,a,
ASN00092045,19631121,TMAX,190,,,a,
ASN00092045,19631122,TMAX,201,,,a,
ASN00092045,19631123,TMAX,173,,,a,
ASN00092045,19631124,TMAX,149,,,a,
ASN00092045,19631125,TMAX,168,,,a,
ASN00092045,19631126,TMAX,212,,,a,
ASN00092045,19631127,TMAX,190,,,a,
ASN00092045,19631128,TMAX,203,,,a,
ASN00092045,19631129,TMAX,181,,,a,
ASN00092045,19631130,TMAX,212,,,a,
ASN00092045,19631101,TMIN,107,,,a,
ASN00092045,19631102,TMIN,89,,,a,
ASN00092045,19631103,TMIN,107,,,a,
ASN00092045,19631104,TMIN,42,,,a,
ASN00092045,19631105,TMIN,56,,,a,
ASN00092045,19631106,TMIN,62,,,a,
ASN00092045,19631107,TMIN,111,,,a,
ASN00092045,19631108,TMIN,54,,,a,
ASN00092045,19631109,TMIN,69,,,a,
ASN00092045,19631110,TMIN,94,,,a,
ASN00092045,19631111,TMIN,117,,,a,
ASN00092045,19631112,TMIN,113,,,a,
ASN00092045,19631113,TMIN,129,,,a,
ASN00092045,19631114,TMIN,108,,,a,
ASN00092045,19631115,TMIN,89,,,a,
ASN00092045,19631116,TMIN,60,,,a,
ASN00092045,19631117,TMIN,57,,,a,
ASN00092045,19631118,TMIN,100,,,a,
ASN00092045,19631119,TMIN,118,,,a,
ASN00092045,19631120,TMIN,117,,,a,
ASN00092045,19631121,TMIN,126,,,a,
ASN00092045,19631122,TMIN,147,,,a,
ASN00092045,19631123,TMIN,122,,,a,
ASN00092045,19631124,TMIN,116,,,a,
ASN00092045,19631125,TMIN,112,,,a,
ASN00092045,19631126,TMIN,110,,,a,
ASN00092045,19631127,TMIN,128,,,a,
ASN00092045,19631128,TMIN,150,,,a,
ASN00092045,19631129,TMIN,118,,,a,
ASN00092045,19631130,TMIN,84,,,a,
ASN00092045,19631101,PRCP,13,,,a,
ASN00092045,19631102,PRCP,0,,,a,
ASN00092045,19631103,PRCP,30,,,a,
ASN00092045,19631104,PRCP,0,,,a,
ASN00092045,19631105,PRCP,0,,,a,
ASN00092045,19631106,PRCP,0,,,a,
ASN00092045,19631107,PRCP,23,,,a,
ASN00092045,19631108,PRCP,41,,,a,
ASN00092045,19631109,PRCP,0,,,a,
ASN00092045,19631110,PRCP,0,,,a,
ASN00092045,19631111,PRCP,15,,,a,
ASN00092045,19631112,PRCP,0,,,a,
ASN00092045,19631113,PRCP,10,,,a,
ASN00092045,19631114,PRCP,0,,,a,
ASN00092045,19631115,PRCP,0,,,a,
ASN00092045,19631116,PRCP,0,,,a,
ASN00092045,19631117,PRCP,0,,,a,
ASN00092045,19631118,PRCP,0,,,a,
ASN00092045,19631119,PRCP,0,,,a,
ASN00092045,19631120,PRCP,5,,,a,
ASN00092045,19631121,PRCP,0,,,a,
ASN00092045,19631122,PRCP,10,,,a,
ASN00092045,19631123,PRCP,0,,,a,
ASN00092045,19631124,PRCP,33,,,a,
ASN00092045,19631125,PRCP,53,,,a,
ASN00092045,19631126,PRCP,0,,,a,
ASN00092045,19631127,PRCP,0,,,a,
ASN00092045,19631128,PRCP,0,,,a,
ASN00092045,19631129,PRCP,86,,,a,
ASN00092045,19631130,PRCP,15,,,a,
ASN00092045,19631201,TMAX,184,,,a,
ASN00092045,19631202,TMAX,179,,,a,
ASN00092045,19631203,TMAX,211,,,a,
ASN00092045,19631204,TMAX,189,,,a,
ASN00092045,19631205,TMAX,261,,,a,
ASN00092045,19631206,TMAX,161,,,a,
ASN00092045,19631207,TMAX,167,,,a,
ASN00092045,19631208,TMAX,184,,,a,
ASN00092045,19631209,TMAX,193,,,a,
ASN00092045,19631210,TMAX,196,,,a,
ASN00092045,19631211,TMAX,169,,,a,
ASN00092045,19631212,TMAX,212,,,a,
ASN00092045,19631213,TMAX,184,,,a,
ASN00092045,19631214,TMAX,204,,,a,
ASN00092045,19631215,TMAX,196,,,a,
ASN00092045,19631216,TMAX,196,,,a,
ASN00092045,19631217,TMAX,161,,,a,
ASN00092045,19631218,TMAX,207,,,a,
ASN00092045,19631219,TMAX,196,,,a,
ASN00092045,19631220,TMAX,194,,,a,
ASN00092045,19631221,TMAX,289,,,a,
ASN00092045,19631222,TMAX,190,,,a,
ASN00092045,19631223,TMAX,189,,,a,
ASN00092045,19631224,TMAX,201,,,a,
ASN00092045,19631225,TMAX,268,,,a,
ASN00092045,19631226,TMAX,223,,,a,
ASN00092045,19631227,TMAX,223,,,a,
ASN00092045,19631228,TMAX,278,,,a,
ASN00092045,19631229,TMAX,212,,,a,
ASN00092045,19631230,TMAX,211,,,a,
ASN00092045,19631231,TMAX,207,,,a,
ASN00092045,19631201,TMIN,106,,,a,
ASN00092045,19631202,TMIN,108,,,a,
ASN00092045,19631203,TMIN,108,,,a,
ASN00092045,19631204,TMIN,112,,,a,
ASN00092045,19631205,TMIN,109,,,a,
ASN00092045,19631206,TMIN,113,,,a,
ASN00092045,19631207,TMIN,117,,,a,
ASN00092045,19631208,TMIN,117,,,a,
ASN00092045,19631209,TMIN,122,,,a,
ASN00092045,19631210,TMIN,96,,,a,
ASN00092045,19631211,TMIN,119,,,a,
ASN00092045,19631212,TMIN,123,,,a,
ASN00092045,19631213,TMIN,130,,,a,
ASN00092045,19631214,TMIN,134,,,a,
ASN00092045,19631215,TMIN,157,,,a,
ASN00092045,19631216,TMIN,130,,,a,
ASN00092045,19631217,TMIN,117,,,a,
ASN00092045,19631218,TMIN,117,,,a,
ASN00092045,19631219,TMIN,139,,,a,
ASN00092045,19631220,TMIN,151,,,a,
ASN00092045,19631221,TMIN,139,,,a,
ASN00092045,19631222,TMIN,144,,,a,
ASN00092045,19631223,TMIN,133,,,a,
ASN00092045,19631224,TMIN,143,,,a,
ASN00092045,19631225,TMIN,132,,,a,
ASN00092045,19631226,TMIN,124,,,a,
ASN00092045,19631227,TMIN,144,,,a,
ASN00092045,19631228,TMIN,146,,,a,
ASN00092045,19631229,TMIN,132,,,a,
ASN00092045,19631230,TMIN,112,,,a,
ASN00092045,19631231,TMIN,93,,,a,
ASN00092045,19631201,PRCP,0,,,a,
ASN00092045,19631202,PRCP,0,,,a,
ASN00092045,19631203,PRCP,0,,,a,
ASN00092045,19631204,PRCP,0,,,a,
ASN00092045,19631205,PRCP,0,,,a,
ASN00092045,19631206,PRCP,79,,,a,
ASN00092045,19631207,PRCP,0,,,a,
ASN00092045,19631208,PRCP,0,,,a,
ASN00092045,19631209,PRCP,0,,,a,
ASN00092045,19631210,PRCP,0,,,a,
ASN00092045,19631211,PRCP,36,,,a,
ASN00092045,19631212,PRCP,20,,,a,
ASN00092045,19631213,PRCP,3,,,a,
ASN00092045,19631214,PRCP,0,,,a,
ASN00092045,19631215,PRCP,30,,,a,
ASN00092045,19631216,PRCP,71,,,a,
ASN00092045,19631217,PRCP,0,,,a,
ASN00092045,19631218,PRCP,0,,,a,
ASN00092045,19631219,PRCP,0,,,a,
ASN00092045,19631220,PRCP,0,,,a,
ASN00092045,19631221,PRCP,0,,,a,
ASN00092045,19631222,PRCP,0,,,a,
ASN00092045,19631223,PRCP,102,,,a,
ASN00092045,19631224,PRCP,0,,,a,
ASN00092045,19631225,PRCP,0,,,a,
ASN00092045,19631226,PRCP,18,,,a,
ASN00092045,19631227,PRCP,0,,,a,
ASN00092045,19631228,PRCP,0,,,a,
ASN00092045,19631229,PRCP,0,,,a,
ASN00092045,19631230,PRCP,33,,,a,
ASN00092045,19631231,PRCP,0,,,a,
ASN00092045,19640101,TMAX,206,,,a,
ASN00092045,19640102,TMAX,206,,,a,
ASN00092045,19640103,TMAX,218,,,a,
ASN00092045,19640104,TMAX,201,,,a,
ASN00092045,19640105,TMAX,222,,,a,
ASN00092045,19640106,TMAX,280,,,a,
ASN00092045,19640107,TMAX,212,,,a,
ASN00092045,19640108,TMAX,212,,,a,
ASN00092045,19640109,TMAX,206,,,a,
ASN00092045,19640110,TMAX,191,,,a,
ASN00092045,19640111,TMAX,173,,,a,
ASN00092045,19640112,TMAX,178,,,a,
ASN00092045,19640113,TMAX,229,,,a,
ASN00092045,19640114,TMAX,178,,,a,
ASN00092045,19640115,TMAX,212,,,a,
ASN00092045,19640116,TMAX,190,,,a,
ASN00092045,19640117,TMAX,194,,,a,
ASN00092045,19640118,TMAX,194,,,a,
ASN00092045,19640119,TMAX,212,,,a,
ASN00092045,19640120,TMAX,206,,,a,
ASN00092045,19640121,TMAX,218,,,a,
ASN00092045,19640122,TMAX,196,,,a,
ASN00092045,19640123,TMAX,223,,,a,
ASN00092045,19640124,TMAX,202,,,a,
ASN00092045,19640125,TMAX,212,,,a,
ASN00092045,19640126,TMAX,196,,,a,
ASN00092045,19640127,TMAX,191,,,a,
ASN00092045,19640128,TMAX,189,,,a,
ASN00092045,19640129,TMAX,201,,,a,
ASN00092045,19640130,TMAX,207,,,a,
ASN00092045,19640131,TMAX,212,,,a,
ASN00092045,19640101,TMIN,96,,,a,
ASN00092045,19640102,TMIN,72,,,a,
ASN00092045,19640103,TMIN,127,,,a,
ASN00092045,19640104,TMIN,94,,,a,
ASN00092045,19640105,TMIN,94,,,a,
ASN00092045,19640106,TMIN,146,,,a,
ASN00092045,19640107,TMIN,118,,,a,
ASN00092045,19640108,TMIN,113,,,a,
ASN00092045,19640109,TMIN,107,,,a,
ASN00092045,19640110,TMIN,89,,,a,
ASN00092045,19640111,TMIN,108,,,a,
ASN00092045,19640112,TMIN,117,,,a,
ASN00092045,19640113,TMIN,139,,,a,
ASN00092045,19640114,TMIN,95,,,a,
ASN00092045,19640115,TMIN,103,,,a,
ASN00092045,19640116,TMIN,79,,,a,
ASN00092045,19640117,TMIN,100,,,a,
ASN00092045,19640118,TMIN,95,,,a,
ASN00092045,19640119,TMIN,91,,,a,
ASN00092045,19640120,TMIN,129,,,a,
ASN00092045,19640121,TMIN,112,,,a,
ASN00092045,19640122,TMIN,101,,,a,
ASN00092045,19640123,TMIN,126,,,a,
ASN00092045,19640124,TMIN,112,,,a,
ASN00092045,19640125,TMIN,133,,,a,
ASN00092045,19640126,TMIN,102,,,a,
ASN00092045,19640127,TMIN,119,,,a,
ASN00092045,19640128,TMIN,134,,,a,
ASN00092045,19640129,TMIN,133,,,a,
ASN00092045,19640130,TMIN,156,,,a,
ASN00092045,19640131,TMIN,167,,,a,
ASN00092045,19640101,PRCP,3,,,a,
ASN00092045,19640102,PRCP,0,,,a,
ASN00092045,19640103,PRCP,0,,,a,
ASN00092045,19640104,PRCP,0,,,a,
ASN00092045,19640105,PRCP,0,,,a,
ASN00092045,19640106,PRCP,0,,,a,
ASN00092045,19640107,PRCP,0,,,a,
ASN00092045,19640108,PRCP,0,,,a,
ASN00092045,19640109,PRCP,102,,,a,
ASN00092045,19640110,PRCP,5,,,a,
ASN00092045,19640111,PRCP,0,,,a,
ASN00092045,19640112,PRCP,0,,,a,
ASN00092045,19640113,PRCP,0,,,a,
ASN00092045,19640114,PRCP,5,,,a,
ASN00092045,19640115,PRCP,0,,,a,
ASN00092045,19640116,PRCP,0,,,a,
ASN00092045,19640117,PRCP,0,,,a,
ASN00092045,19640118,PRCP,38,,,a,
ASN00092045,19640119,PRCP,5,,,a,
ASN00092045,19640120,PRCP,0,,,a,
ASN00092045,19640121,PRCP,0,,,a,
ASN00092045,19640122,PRCP,0,,,a,
ASN00092045,19640123,PRCP,0,,,a,
ASN00092045,19640124,PRCP,0,,,a,
ASN00092045,19640125,PRCP,0,,,a,
ASN00092045,19640126,PRCP,0,,,a,
ASN00092045,19640127,PRCP,0,,,a,
ASN00092045,19640128,PRCP,0,,,a,
ASN00092045,19640129,PRCP,0,,,a,
ASN00092045,19640130,PRCP,0,,,a,
ASN00092045,19640131,PRCP,0,,,a,
ASN00092045,19640201,TMAX,194,,,a,
ASN00092045,19640202,TMAX,189,,,a,
ASN00092045,19640203,TMAX,210,,,a,
ASN00092045,19640204,TMAX,209,,,a,
ASN00092045,19640205,TMAX,179,,,a,
ASN00092045,19640206,TMAX,179,,,a,
ASN00092045,19640207,TMAX,183,,,a,
ASN00092045,19640208,TMAX,171,,,a,
ASN00092045,19640209,TMAX,190,,,a,
ASN00092045,19640210,TMAX,179,,,a,
ASN00092045,19640211,TMAX,184,,,a,
ASN00092045,19640212,TMAX,202,,,a,
ASN00092045,19640213,TMAX,202,,,a,
ASN00092045,19640214,TMAX,204,,,a,
ASN00092045,19640215,TMAX,223,,,a,
ASN00092045,19640216,TMAX,212,,,a,
ASN00092045,19640217,TMAX,186,,,a,
ASN00092045,19640218,TMAX,208,,,a,
ASN00092045,19640219,TMAX,199,,,a,
ASN00092045,19640220,TMAX,202,,,a,
ASN00092045,19640221,TMAX,206,,,a,
ASN00092045,19640222,TMAX,228,,,a,
ASN00092045,19640223,TMAX,138,,,a,
ASN00092045,19640224,TMAX,178,,,a,
ASN00092045,19640225,TMAX,179,,,a,
ASN00092045,19640226,TMAX,168,,,a,
ASN00092045,19640227,TMAX,179,,,a,
ASN00092045,19640228,TMAX,182,,,a,
ASN00092045,19640229,TMAX,207,,,a,
ASN00092045,19640201,TMIN,61,,,a,
ASN00092045,19640202,TMIN,84,,,a,
ASN00092045,19640203,TMIN,73,,,a,
ASN00092045,19640204,TMIN,139,,,a,
ASN00092045,19640205,TMIN,156,,,a,
ASN00092045,19640206,TMIN,140,,,a,
ASN00092045,19640207,TMIN,129,,,a,
ASN00092045,19640208,TMIN,123,,,a,
ASN00092045,19640209,TMIN,143,,,a,
ASN00092045,19640210,TMIN,114,,,a,
ASN00092045,19640211,TMIN,146,,,a,
ASN00092045,19640212,TMIN,114,,,a,
ASN00092045,19640213,TMIN,146,,,a,
ASN00092045,19640214,TMIN,141,,,a,
ASN00092045,19640215,TMIN,151,,,a,
ASN00092045,19640216,TMIN,129,,,a,
ASN00092045,19640217,TMIN,86,,,a,
ASN00092045,19640218,TMIN,113,,,a,
ASN00092045,19640219,TMIN,140,,,a,
ASN00092045,19640220,TMIN,121,,,a,
ASN00092045,19640221,TMIN,154,,,a,
ASN00092045,19640222,TMIN,143,,,a,
ASN00092045,19640223,TMIN,68,,,a,
ASN00092045,19640224,TMIN,84,,,a,
ASN00092045,19640225,TMIN,127,,,a,
ASN00092045,19640226,TMIN,134,,,a,
ASN00092045,19640227,TMIN,127,,,a,
ASN00092045,19640228,TMIN,112,,,a,
ASN00092045,19640229,TMIN,134,,,a,
ASN00092045,19640201,PRCP,0,,,a,
ASN00092045,19640202,PRCP,0,,,a,
ASN00092045,19640203,PRCP,0,,,a,
ASN00092045,19640204,PRCP,0,,,a,
ASN00092045,19640205,PRCP,0,,,a,
ASN00092045,19640206,PRCP,20,,,a,
ASN00092045,19640207,PRCP,71,,,a,
ASN00092045,19640208,PRCP,170,,,a,
ASN00092045,19640209,PRCP,0,,,a,
ASN00092045,19640210,PRCP,25,,,a,
ASN00092045,19640211,PRCP,208,,,a,
ASN00092045,19640212,PRCP,86,,,a,
ASN00092045,19640213,PRCP,99,,,a,
ASN00092045,19640214,PRCP,0,,,a,
ASN00092045,19640215,PRCP,0,,,a,
ASN00092045,19640216,PRCP,0,,,a,
ASN00092045,19640217,PRCP,0,,,a,
ASN00092045,19640218,PRCP,0,,,a,
ASN00092045,19640219,PRCP,0,,,a,
ASN00092045,19640220,PRCP,0,,,a,
ASN00092045,19640221,PRCP,0,,,a,
ASN00092045,19640222,PRCP,8,,,a,
ASN00092045,19640223,PRCP,658,,,a,
ASN00092045,19640224,PRCP,13,,,a,
ASN00092045,19640225,PRCP,43,,,a,
ASN00092045,19640226,PRCP,0,,,a,
ASN00092045,19640227,PRCP,0,,,a,
ASN00092045,19640228,PRCP,0,,,a,
ASN00092045,19640229,PRCP,0,,,a,
ASN00092045,19640301,TMAX,202,,,a,
ASN00092045,19640302,TMAX,182,,,a,
ASN00092045,19640303,TMAX,169,,,a,
ASN00092045,19640304,TMAX,180,,,a,
ASN00092045,19640305,TMAX,223,,,a,
ASN00092045,19640306,TMAX,174,,,a,
ASN00092045,19640307,TMAX,180,,,a,
ASN00092045,19640308,TMAX,173,,,a,
ASN00092045,19640309,TMAX,206,,,a,
ASN00092045,19640310,TMAX,152,,,a,
ASN00092045,19640311,TMAX,188,,,a,
ASN00092045,19640312,TMAX,211,,,a,
ASN00092045,19640313,TMAX,212,,,a,
ASN00092045,19640314,TMAX,156,,,a,
ASN00092045,19640315,TMAX,208,,,a,
ASN00092045,19640316,TMAX,239,,,a,
ASN00092045,19640317,TMAX,213,,,a,
ASN00092045,19640318,TMAX,212,,,a,
ASN00092045,19640319,TMAX,234,,,a,
ASN00092045,19640320,TMAX,196,,,a,
ASN00092045,19640321,TMAX,191,,,a,
ASN00092045,19640322,TMAX,234,,,a,
ASN00092045,19640323,TMAX,212,,,a,
ASN00092045,19640324,TMAX,173,,,a,
ASN00092045,19640325,TMAX,183,,,a,
ASN00092045,19640326,TMAX,183,,,a,
ASN00092045,19640327,TMAX,190,,,a,
ASN00092045,19640328,TMAX,211,,,a,
ASN00092045,19640329,TMAX,218,,,a,
ASN00092045,19640330,TMAX,164,,,a,
ASN00092045,19640331,TMAX,161,,,a,
ASN00092045,19640302,TMIN,68,,,a,
ASN00092045,19640303,TMIN,112,,,a,
ASN00092045,19640304,TMIN,107,,,a,
ASN00092045,19640305,TMIN,113,,,a,
ASN00092045,19640306,TMIN,156,,,a,
ASN00092045,19640307,TMIN,140,,,a,
ASN00092045,19640308,TMIN,100,,,a,
ASN00092045,19640309,TMIN,112,,,a,
ASN00092045,19640310,TMIN,90,,,a,
ASN00092045,19640311,TMIN,94,,,a,
ASN00092045,19640312,TMIN,112,,,a,
ASN00092045,19640313,TMIN,118,,,a,
ASN00092045,19640314,TMIN,56,,,a,
ASN00092045,19640315,TMIN,101,,,a,
ASN00092045,19640316,TMIN,146,,,a,
ASN00092045,19640317,TMIN,122,,,a,
ASN00092045,19640318,TMIN,109,,,a,
ASN00092045,19640319,TMIN,138,,,a,
ASN00092045,19640320,TMIN,93,,,a,
ASN00092045,19640321,TMIN,89,,,a,
ASN00092045,19640322,TMIN,156,,,a,
ASN00092045,19640323,TMIN,151,,,a,
ASN00092045,19640324,TMIN,84,,,a,
ASN00092045,19640325,TMIN,56,,,a,
ASN00092045,19640326,TMIN,104,,,a,
ASN00092045,19640327,TMIN,114,,,a,
ASN00092045,19640328,TMIN,112,,,a,
ASN00092045,19640329,TMIN,140,,,a,
ASN00092045,19640330,TMIN,128,,,a,
ASN00092045,19640331,TMIN,111,,,a,
ASN00092045,19640301,PRCP,25,,,a,
ASN00092045,19640302,PRCP,0,,,a,
ASN00092045,19640303,PRCP,0,,,a,
ASN00092045,19640304,PRCP,0,,,a,
ASN00092045,19640305,PRCP,0,,,a,
ASN00092045,19640306,PRCP,0,,,a,
ASN00092045,19640307,PRCP,41,,,a,
ASN00092045,19640308,PRCP,0,,,a,
ASN00092045,19640309,PRCP,0,,,a,
ASN00092045,19640310,PRCP,0,,,a,
ASN00092045,19640311,PRCP,0,,,a,
ASN00092045,19640312,PRCP,0,,,a,
ASN00092045,19640313,PRCP,0,,,a,
ASN00092045,19640314,PRCP,0,,,a,
ASN00092045,19640315,PRCP,0,,,a,
ASN00092045,19640316,PRCP,0,,,a,
ASN00092045,19640317,PRCP,0,,,a,
ASN00092045,19640318,PRCP,0,,,a,
ASN00092045,19640319,PRCP,0,,,a,
ASN00092045,19640320,PRCP,58,,,a,
ASN00092045,19640321,PRCP,0,,,a,
ASN00092045,19640322,PRCP,0,,,a,
ASN00092045,19640323,PRCP,0,,,a,
ASN00092045,19640324,PRCP,114,,,a,
ASN00092045,19640325,PRCP,0,,,a,
ASN00092045,19640326,PRCP,0,,,a,
ASN00092045,19640327,PRCP,0,,,a,
ASN00092045,19640328,PRCP,0,,,a,
ASN00092045,19640329,PRCP,0,,,a,
ASN00092045,19640330,PRCP,0,,,a,
ASN00092045,19640331,PRCP,46,,,a,
ASN00092045,19640401,TMAX,199,,,a,
ASN00092045,19640402,TMAX,177,,,a,
ASN00092045,19640403,TMAX,186,,,a,
ASN00092045,19640404,TMAX,201,,,a,
ASN00092045,19640405,TMAX,186,,,a,
ASN00092045,19640406,TMAX,212,,,a,
ASN00092045,19640407,TMAX,162,,,a,
ASN00092045,19640408,TMAX,140,,,a,
ASN00092045,19640409,TMAX,157,,,a,
ASN00092045,19640410,TMAX,140,,,a,
ASN00092045,19640411,TMAX,173,,,a,
ASN00092045,19640412,TMAX,184,,,a,
ASN00092045,19640413,TMAX,206,,,a,
ASN00092045,19640414,TMAX,211,,,a,
ASN00092045,19640415,TMAX,179,,,a,
ASN00092045,19640416,TMAX,173,,,a,
ASN00092045,19640417,TMAX,184,,,a,
ASN00092045,19640418,TMAX,179,,,a,
ASN00092045,19640419,TMAX,167,,,a,
ASN00092045,19640420,TMAX,183,,,a,
ASN00092045,19640421,TMAX,169,,,a,
ASN00092045,19640422,TMAX,172,,,a,
ASN00092045,19640423,TMAX,177,,,a,
ASN00092045,19640424,TMAX,158,,,a,
ASN00092045,19640425,TMAX,161,,,a,
ASN00092045,19640426,TMAX,166,,,a,
ASN00092045,19640427,TMAX,162,,,a,
ASN00092045,19640428,TMAX,166,,,a,
ASN00092045,19640429,TMAX,169,,,a,
ASN00092045,19640430,TMAX,157,,,a,
ASN00092045,19640401,TMIN,101,,,a,
ASN00092045,19640402,TMIN,97,,,a,
ASN00092045,19640403,TMIN,112,,,a,
ASN00092045,19640404,TMIN,140,,,a,
ASN00092045,19640405,TMIN,146,,,a,
ASN00092045,19640406,TMIN,157,,,a,
ASN00092045,19640407,TMIN,151,,,a,
ASN00092045,19640408,TMIN,110,,,a,
ASN00092045,19640409,TMIN,83,,,a,
ASN00092045,19640410,TMIN,79,,,a,
ASN00092045,19640411,TMIN,91,,,a,
ASN00092045,19640412,TMIN,112,,,a,
ASN00092045,19640413,TMIN,121,,,a,
ASN00092045,19640414,TMIN,123,,,a,
ASN00092045,19640415,TMIN,103,,,a,
ASN00092045,19640416,TMIN,106,,,a,
ASN00092045,19640417,TMIN,94,,,a,
ASN00092045,19640418,TMIN,118,,,a,
ASN00092045,19640419,TMIN,146,,,a,
ASN00092045,19640420,TMIN,145,,,a,
ASN00092045,19640421,TMIN,157,,,a,
ASN00092045,19640422,TMIN,159,,,a,
ASN00092045,19640423,TMIN,161,,,a,
ASN00092045,19640424,TMIN,142,,,a,
ASN00092045,19640425,TMIN,116,,,a,
ASN00092045,19640426,TMIN,106,,,a,
ASN00092045,19640427,TMIN,50,,,a,
ASN00092045,19640428,TMIN,111,,,a,
ASN00092045,19640429,TMIN,108,,,a,
ASN00092045,19640430,TMIN,78,,,a,
ASN00092045,19640401,PRCP,0,,,a,
ASN00092045,19640402,PRCP,0,,,a,
ASN00092045,19640403,PRCP,0,,,a,
ASN00092045,19640404,PRCP,0,,,a,
ASN00092045,19640405,PRCP,0,,,a,
ASN00092045,19640406,PRCP,0,,,a,
ASN00092045,19640407,PRCP,8,,,a,
ASN00092045,19640408,PRCP,203,,,a,
ASN00092045,19640409,PRCP,30,,,a,
ASN00092045,19640410,PRCP,0,,,a,
ASN00092045,19640411,PRCP,0,,,a,
ASN00092045,19640412,PRCP,0,,,a,
ASN00092045,19640413,PRCP,0,,,a,
ASN00092045,19640414,PRCP,0,,,a,
ASN00092045,19640415,PRCP,0,,,a,
ASN00092045,19640416,PRCP,18,,,a,
ASN00092045,19640417,PRCP,0,,,a,
ASN00092045,19640418,PRCP,0,,,a,
ASN00092045,19640419,PRCP,132,,,a,
ASN00092045,19640420,PRCP,86,,,a,
ASN00092045,19640421,PRCP,8,,,a,
ASN00092045,19640422,PRCP,5,,,a,
ASN00092045,19640423,PRCP,18,,,a,
ASN00092045,19640424,PRCP,25,,,a,
ASN00092045,19640425,PRCP,38,,,a,
ASN00092045,19640426,PRCP,114,,,a,
ASN00092045,19640427,PRCP,0,,,a,
ASN00092045,19640428,PRCP,0,,,a,
ASN00092045,19640429,PRCP,0,,,a,
ASN00092045,19640430,PRCP,0,,,a,
ASN00092045,19640501,TMAX,163,,,a,
ASN00092045,19640502,TMAX,190,,,a,
ASN00092045,19640503,TMAX,157,,,a,
ASN00092045,19640504,TMAX,134,,,a,
ASN00092045,19640505,TMAX,151,,,a,
ASN00092045,19640506,TMAX,151,,,a,
ASN00092045,19640507,TMAX,162,,,a,
ASN00092045,19640508,TMAX,162,,,a,
ASN00092045,19640509,TMAX,178,,,a,
ASN00092045,19640510,TMAX,177,,,a,
ASN00092045,19640511,TMAX,133,,,a,
ASN00092045,19640512,TMAX,142,,,a,
ASN00092045,19640513,TMAX,168,,,a,
ASN00092045,19640514,TMAX,159,,,a,
ASN00092045,19640515,TMAX,140,,,a,
ASN00092045,19640516,TMAX,158,,,a,
ASN00092045,19640517,TMAX,150,,,a,
ASN00092045,19640518,TMAX,161,,,a,
ASN00092045,19640519,TMAX,159,,,a,
ASN00092045,19640520,TMAX,167,,,a,
ASN00092045,19640521,TMAX,167,,,a,
ASN00092045,19640522,TMAX,151,,,a,
ASN00092045,19640523,TMAX,153,,,a,
ASN00092045,19640524,TMAX,151,,,a,
ASN00092045,19640525,TMAX,150,,,a,
ASN00092045,19640526,TMAX,122,,,a,
ASN00092045,19640527,TMAX,131,,,a,
ASN00092045,19640528,TMAX,146,,,a,
ASN00092045,19640529,TMAX,159,,,a,
ASN00092045,19640530,TMAX,134,,,a,
ASN00092045,19640531,TMAX,128,,,a,
ASN00092045,19640501,TMIN,90,,,a,
ASN00092045,19640502,TMIN,122,,,a,
ASN00092045,19640503,TMIN,111,,,a,
ASN00092045,19640504,TMIN,106,,,a,
ASN00092045,19640505,TMIN,74,,,a,
ASN00092045,19640506,TMIN,111,,,a,
ASN00092045,19640507,TMIN,97,,,a,
ASN00092045,19640508,TMIN,108,,,a,
ASN00092045,19640509,TMIN,101,,,a,
ASN00092045,19640510,TMIN,126,,,a,
ASN00092045,19640511,TMIN,94,,,a,
ASN00092045,19640512,TMIN,41,,,a,
ASN00092045,19640513,TMIN,84,,,a,
ASN00092045,19640514,TMIN,106,,,a,
ASN00092045,19640515,TMIN,33,,,a,
ASN00092045,19640516,TMIN,76,,,a,
ASN00092045,19640517,TMIN,106,,,a,
ASN00092045,19640518,TMIN,112,,,a,
ASN00092045,19640519,TMIN,122,,,a,
ASN00092045,19640520,TMIN,117,,,a,
ASN00092045,19640521,TMIN,101,,,a,
ASN00092045,19640522,TMIN,100,,,a,
ASN00092045,19640523,TMIN,56,,,a,
ASN00092045,19640524,TMIN,40,,,a,
ASN00092045,19640525,TMIN,78,,,a,
ASN00092045,19640526,TMIN,95,,,a,
ASN00092045,19640527,TMIN,33,,,a,
ASN00092045,19640528,TMIN,44,,,a,
ASN00092045,19640529,TMIN,67,,,a,
ASN00092045,19640530,TMIN,92,,,a,
ASN00092045,19640531,TMIN,100,,,a,
ASN00092045,19640501,PRCP,5,,,a,
ASN00092045,19640502,PRCP,20,,,a,
ASN00092045,19640503,PRCP,137,,,a,
ASN00092045,19640504,PRCP,46,,,a,
ASN00092045,19640505,PRCP,0,,,a,
ASN00092045,19640506,PRCP,13,,,a,
ASN00092045,19640507,PRCP,0,,,a,
ASN00092045,19640508,PRCP,0,,,a,
ASN00092045,19640509,PRCP,0,,,a,
ASN00092045,19640510,PRCP,0,,,a,
ASN00092045,19640511,PRCP,18,,,a,
ASN00092045,19640512,PRCP,0,,,a,
ASN00092045,19640513,PRCP,20,,,a,
ASN00092045,19640514,PRCP,3,,,a,
ASN00092045,19640515,PRCP,43,,,a,
ASN00092045,19640516,PRCP,0,,,a,
ASN00092045,19640517,PRCP,0,,,a,
ASN00092045,19640518,PRCP,0,,,a,
ASN00092045,19640519,PRCP,0,,,a,
ASN00092045,19640520,PRCP,0,,,a,
ASN00092045,19640521,PRCP,0,,,a,
ASN00092045,19640522,PRCP,79,,,a,
ASN00092045,19640523,PRCP,8,,,a,
ASN00092045,19640524,PRCP,0,,,a,
ASN00092045,19640525,PRCP,8,,,a,
ASN00092045,19640526,PRCP,8,,,a,
ASN00092045,19640527,PRCP,33,,,a,
ASN00092045,19640528,PRCP,0,,,a,
ASN00092045,19640529,PRCP,20,,,a,
ASN00092045,19640530,PRCP,0,,,a,
ASN00092045,19640531,PRCP,249,,,a,
ASN00092045,19640601,TMAX,134,,,a,
ASN00092045,19640602,TMAX,132,,,a,
ASN00092045,19640603,TMAX,141,,,a,
ASN00092045,19640604,TMAX,120,,,a,
ASN00092045,19640605,TMAX,123,,,a,
ASN00092045,19640606,TMAX,119,,,a,
ASN00092045,19640607,TMAX,113,,,a,
ASN00092045,19640608,TMAX,118,,,a,
ASN00092045,19640609,TMAX,119,,,a,
ASN00092045,19640610,TMAX,123,,,a,
ASN00092045,19640611,TMAX,123,,,a,
ASN00092045,19640612,TMAX,128,,,a,
ASN00092045,19640613,TMAX,146,,,a,
ASN00092045,19640614,TMAX,134,,,a,
ASN00092045,19640615,TMAX,133,,,a,
ASN00092045,19640616,TMAX,134,,,a,
ASN00092045,19640617,TMAX,138,,,a,
ASN00092045,19640618,TMAX,141,,,a,
ASN00092045,19640619,TMAX,140,,,a,
ASN00092045,19640620,TMAX,129,,,a,
ASN00092045,19640621,TMAX,134,,,a,
ASN00092045,19640622,TMAX,128,,,a,
ASN00092045,19640623,TMAX,141,,,a,
ASN00092045,19640624,TMAX,140,,,a,
ASN00092045,19640625,TMAX,147,,,a,
ASN00092045,19640626,TMAX,151,,,a,
ASN00092045,19640627,TMAX,146,,,a,
ASN00092045,19640628,TMAX,151,,,a,
ASN00092045,19640629,TMAX,134,,,a,
ASN00092045,19640630,TMAX,140,,,a,
ASN00092045,19640601,TMIN,83,,,a,
ASN00092045,19640602,TMIN,41,,,a,
ASN00092045,19640603,TMIN,68,,,a,
ASN00092045,19640604,TMIN,90,,,a,
ASN00092045,19640605,TMIN,68,,,a,
ASN00092045,19640606,TMIN,91,,,a,
ASN00092045,19640607,TMIN,86,,,a,
ASN00092045,19640608,TMIN,72,,,a,
ASN00092045,19640609,TMIN,73,,,a,
ASN00092045,19640610,TMIN,92,,,a,
ASN00092045,19640611,TMIN,89,,,a,
ASN00092045,19640612,TMIN,39,,,a,
ASN00092045,19640613,TMIN,72,,,a,
ASN00092045,19640614,TMIN,74,,,a,
ASN00092045,19640615,TMIN,101,,,a,
ASN00092045,19640616,TMIN,89,,,a,
ASN00092045,19640617,TMIN,44,,,a,
ASN00092045,19640618,TMIN,72,,,a,
ASN00092045,19640619,TMIN,117,,,a,
ASN00092045,19640620,TMIN,76,,,a,
ASN00092045,19640621,TMIN,66,,,a,
ASN00092045,19640622,TMIN,51,,,a,
ASN00092045,19640623,TMIN,64,,,a,
ASN00092045,19640624,TMIN,83,,,a,
ASN00092045,19640625,TMIN,96,,,a,
ASN00092045,19640626,TMIN,111,,,a,
ASN00092045,19640627,TMIN,94,,,a,
ASN00092045,19640628,TMIN,117,,,a,
ASN00092045,19640629,TMIN,102,,,a,
ASN00092045,19640630,TMIN,94,,,a,
ASN00092045,19640601,PRCP,523,,,a,
ASN00092045,19640602,PRCP,0,,,a,
ASN00092045,19640603,PRCP,20,,,a,
ASN00092045,19640604,PRCP,152,,,a,
ASN00092045,19640605,PRCP,36,,,a,
ASN00092045,19640606,PRCP,23,,,a,
ASN00092045,19640607,PRCP,5,,,a,
ASN00092045,19640608,PRCP,0,,,a,
ASN00092045,19640609,PRCP,0,,,a,
ASN00092045,19640610,PRCP,3,,,a,
ASN00092045,19640611,PRCP,58,,,a,
ASN00092045,19640612,PRCP,8,,,a,
ASN00092045,19640613,PRCP,0,,,a,
ASN00092045,19640614,PRCP,0,,,a,
ASN00092045,19640615,PRCP,23,,,a,
ASN00092045,19640616,PRCP,46,,,a,
ASN00092045,19640617,PRCP,0,,,a,
ASN00092045,19640618,PRCP,30,,,a,
ASN00092045,19640619,PRCP,10,,,a,
ASN00092045,19640620,PRCP,104,,,a,
ASN00092045,19640621,PRCP,86,,,a,
ASN00092045,19640622,PRCP,0,,,a,
ASN00092045,19640623,PRCP,0,,,a,
ASN00092045,19640624,PRCP,0,,,a,
ASN00092045,19640625,PRCP,112,,,a,
ASN00092045,19640626,PRCP,0,,,a,
ASN00092045,19640627,PRCP,10,,,a,
ASN00092045,19640628,PRCP,23,,,a,
ASN00092045,19640629,PRCP,23,,,a,
ASN00092045,19640630,PRCP,25,,,a,
ASN00092045,19640701,TMAX,140,,,a,
ASN00092045,19640702,TMAX,140,,,a,
ASN00092045,19640703,TMAX,108,,,a,
ASN00092045,19640704,TMAX,84,,,a,
ASN00092045,19640705,TMAX,112,,,a,
ASN00092045,19640706,TMAX,118,,,a,
ASN00092045,19640707,TMAX,119,,,a,
ASN00092045,19640708,TMAX,129,,,a,
ASN00092045,19640709,TMAX,121,,,a,
ASN00092045,19640710,TMAX,138,,,a,
ASN00092045,19640711,TMAX,140,,,a,
ASN00092045,19640712,TMAX,107,,,a,
ASN00092045,19640713,TMAX,112,,,a,
ASN00092045,19640714,TMAX,124,,,a,
ASN00092045,19640715,TMAX,117,,,a,
ASN00092045,19640716,TMAX,123,,,a,
ASN00092045,19640717,TMAX,100,,,a,
ASN00092045,19640718,TMAX,118,,,a,
ASN00092045,19640719,TMAX,140,,,a,
ASN00092045,19640720,TMAX,101,,,a,
ASN00092045,19640721,TMAX,96,,,a,
ASN00092045,19640722,TMAX,111,,,a,
ASN00092045,19640723,TMAX,106,,,a,
ASN00092045,19640724,TMAX,112,,,a,
ASN00092045,19640725,TMAX,120,,,a,
ASN00092045,19640726,TMAX,134,,,a,
ASN00092045,19640727,TMAX,141,,,a,
ASN00092045,19640728,TMAX,148,,,a,
ASN00092045,19640729,TMAX,143,,,a,
ASN00092045,19640730,TMAX,126,,,a,
ASN00092045,19640731,TMAX,122,,,a,
ASN00092045,19640701,TMIN,88,,,a,
ASN00092045,19640702,TMIN,89,,,a,
ASN00092045,19640703,TMIN,89,,,a,
ASN00092045,19640704,TMIN,61,,,a,
ASN00092045,19640705,TMIN,23,,,a,
ASN00092045,19640706,TMIN,39,,,a,
ASN00092045,19640707,TMIN,50,,,a,
ASN00092045,19640708,TMIN,53,,,a,
ASN00092045,19640709,TMIN,39,,,a,
ASN00092045,19640710,TMIN,61,,,a,
ASN00092045,19640711,TMIN,100,,,a,
ASN00092045,19640712,TMIN,72,,,a,
ASN00092045,19640713,TMIN,67,,,a,
ASN00092045,19640714,TMIN,67,,,a,
ASN00092045,19640715,TMIN,43,,,a,
ASN00092045,19640716,TMIN,44,,,a,
ASN00092045,19640717,TMIN,22,,,a,
ASN00092045,19640718,TMIN,29,,,a,
ASN00092045,19640719,TMIN,36,,,a,
ASN00092045,19640720,TMIN,67,,,a,
ASN00092045,19640721,TMIN,19,,,a,
ASN00092045,19640722,TMIN,11,,,a,
ASN00092045,19640723,TMIN,22,,,a,
ASN00092045,19640724,TMIN,44,,,a,
ASN00092045,19640725,TMIN,56,,,a,
ASN00092045,19640726,TMIN,58,,,a,
ASN00092045,19640727,TMIN,95,,,a,
ASN00092045,19640728,TMIN,106,,,a,
ASN00092045,19640729,TMIN,63,,,a,
ASN00092045,19640730,TMIN,78,,,a,
ASN00092045,19640731,TMIN,96,,,a,
ASN00092045,19640701,PRCP,56,,,a,
ASN00092045,19640702,PRCP,56,,,a,
ASN00092045,19640703,PRCP,112,,,a,
ASN00092045,19640704,PRCP,0,,,a,
ASN00092045,19640705,PRCP,0,,,a,
ASN00092045,19640706,PRCP,0,,,a,
ASN00092045,19640707,PRCP,23,,,a,
ASN00092045,19640708,PRCP,58,,,a,
ASN00092045,19640709,PRCP,0,,,a,
ASN00092045,19640710,PRCP,0,,,a,
ASN00092045,19640711,PRCP,0,,,a,
ASN00092045,19640712,PRCP,216,,,a,
ASN00092045,19640713,PRCP,249,,,a,
ASN00092045,19640714,PRCP,79,,,a,
ASN00092045,19640715,PRCP,0,,,a,
ASN00092045,19640716,PRCP,147,,,a,
ASN00092045,19640717,PRCP,58,,,a,
ASN00092045,19640718,PRCP,0,,,a,
ASN00092045,19640719,PRCP,69,,,a,
ASN00092045,19640720,PRCP,10,,,a,
ASN00092045,19640721,PRCP,0,,,a,
ASN00092045,19640722,PRCP,0,,,a,
ASN00092045,19640723,PRCP,0,,,a,
ASN00092045,19640724,PRCP,132,,,a,
ASN00092045,19640725,PRCP,28,,,a,
ASN00092045,19640726,PRCP,0,,,a,
ASN00092045,19640727,PRCP,0,,,a,
ASN00092045,19640728,PRCP,0,,,a,
ASN00092045,19640729,PRCP,0,,,a,
ASN00092045,19640730,PRCP,10,,,a,
ASN00092045,19640731,PRCP,0,,,a,
ASN00092045,19640801,TMAX,123,,,a,
ASN00092045,19640802,TMAX,123,,,a,
ASN00092045,19640803,TMAX,111,,,a,
ASN00092045,19640804,TMAX,142,,,a,
ASN00092045,19640805,TMAX,128,,,a,
ASN00092045,19640806,TMAX,140,,,a,
ASN00092045,19640807,TMAX,137,,,a,
ASN00092045,19640808,TMAX,138,,,a,
ASN00092045,19640809,TMAX,101,,,a,
ASN00092045,19640810,TMAX,107,,,a,
ASN00092045,19640811,TMAX,107,,,a,
ASN00092045,19640812,TMAX,129,,,a,
ASN00092045,19640813,TMAX,117,,,a,
ASN00092045,19640814,TMAX,118,,,a,
ASN00092045,19640815,TMAX,140,,,a,
ASN00092045,19640816,TMAX,133,,,a,
ASN00092045,19640817,TMAX,151,,,a,
ASN00092045,19640818,TMAX,146,,,a,
ASN00092045,19640819,TMAX,134,,,a,
ASN00092045,19640820,TMAX,152,,,a,
ASN00092045,19640821,TMAX,157,,,a,
ASN00092045,19640822,TMAX,157,,,a,
ASN00092045,19640823,TMAX,133,,,a,
ASN00092045,19640824,TMAX,139,,,a,
ASN00092045,19640825,TMAX,146,,,a,
ASN00092045,19640826,TMAX,140,,,a,
ASN00092045,19640827,TMAX,139,,,a,
ASN00092045,19640828,TMAX,137,,,a,
ASN00092045,19640829,TMAX,151,,,a,
ASN00092045,19640830,TMAX,151,,,a,
ASN00092045,19640831,TMAX,129,,,a,
ASN00092045,19640801,TMIN,94,,,a,
ASN00092045,19640802,TMIN,56,,,a,
ASN00092045,19640803,TMIN,72,,,a,
ASN00092045,19640804,TMIN,78,,,a,
ASN00092045,19640805,TMIN,96,,,a,
ASN00092045,19640806,TMIN,39,,,a,
ASN00092045,19640807,TMIN,72,,,a,
ASN00092045,19640808,TMIN,94,,,a,
ASN00092045,19640809,TMIN,36,,,a,
ASN00092045,19640810,TMIN,33,,,a,
ASN00092045,19640811,TMIN,6,,,a,
ASN00092045,19640812,TMIN,28,,,a,
ASN00092045,19640813,TMIN,68,,,a,
ASN00092045,19640814,TMIN,68,,,a,
ASN00092045,19640815,TMIN,64,,,a,
ASN00092045,19640816,TMIN,57,,,a,
ASN00092045,19640817,TMIN,62,,,a,
ASN00092045,19640818,TMIN,96,,,a,
ASN00092045,19640819,TMIN,68,,,a,
ASN00092045,19640820,TMIN,84,,,a,
ASN00092045,19640821,TMIN,92,,,a,
ASN00092045,19640822,TMIN,90,,,a,
ASN00092045,19640823,TMIN,78,,,a,
ASN00092045,19640824,TMIN,96,,,a,
ASN00092045,19640825,TMIN,100,,,a,
ASN00092045,19640826,TMIN,111,,,a,
ASN00092045,19640827,TMIN,89,,,a,
ASN00092045,19640828,TMIN,96,,,a,
ASN00092045,19640829,TMIN,80,,,a,
ASN00092045,19640830,TMIN,100,,,a,
ASN00092045,19640831,TMIN,50,,,a,
ASN00092045,19640801,PRCP,119,,,a,
ASN00092045,19640802,PRCP,0,,,a,
ASN00092045,19640803,PRCP,43,,,a,
ASN00092045,19640804,PRCP,66,,,a,
ASN00092045,19640805,PRCP,94,,,a,
ASN00092045,19640806,PRCP,0,,,a,
ASN00092045,19640807,PRCP,0,,,a,
ASN00092045,19640808,PRCP,13,,,a,
ASN00092045,19640809,PRCP,94,,,a,
ASN00092045,19640810,PRCP,0,,,a,
ASN00092045,19640811,PRCP,0,,,a,
ASN00092045,19640812,PRCP,0,,,a,
ASN00092045,19640813,PRCP,0,,,a,
ASN00092045,19640814,PRCP,66,,,a,
ASN00092045,19640815,PRCP,25,,,a,
ASN00092045,19640816,PRCP,0,,,a,
ASN00092045,19640817,PRCP,0,,,a,
ASN00092045,19640818,PRCP,13,,,a,
ASN00092045,19640819,PRCP,0,,,a,
ASN00092045,19640820,PRCP,0,,,a,
ASN00092045,19640821,PRCP,0,,,a,
ASN00092045,19640822,PRCP,0,,,a,
ASN00092045,19640823,PRCP,0,,,a,
ASN00092045,19640824,PRCP,5,,,a,
ASN00092045,19640825,PRCP,13,,,a,
ASN00092045,19640826,PRCP,0,,,a,
ASN00092045,19640827,PRCP,0,,,a,
ASN00092045,19640828,PRCP,43,,,a,
ASN00092045,19640829,PRCP,0,,,a,
ASN00092045,19640830,PRCP,0,,,a,
ASN00092045,19640831,PRCP,0,,,a,
ASN00092045,19640901,TMAX,123,,,a,
ASN00092045,19640902,TMAX,131,,,a,
ASN00092045,19640903,TMAX,146,,,a,
ASN00092045,19640904,TMAX,146,,,a,
ASN00092045,19640905,TMAX,151,,,a,
ASN00092045,19640906,TMAX,151,,,a,
ASN00092045,19640907,TMAX,134,,,a,
ASN00092045,19640908,TMAX,134,,,a,
ASN00092045,19640909,TMAX,151,,,a,
ASN00092045,19640910,TMAX,151,,,a,
ASN00092045,19640911,TMAX,119,,,a,
ASN00092045,19640912,TMAX,137,,,a,
ASN00092045,19640913,TMAX,148,,,a,
ASN00092045,19640914,TMAX,152,,,a,
ASN00092045,19640915,TMAX,171,,,a,
ASN00092045,19640916,TMAX,140,,,a,
ASN00092045,19640917,TMAX,134,,,a,
ASN00092045,19640918,TMAX,134,,,a,
ASN00092045,19640919,TMAX,164,,,a,
ASN00092045,19640920,TMAX,162,,,a,
ASN00092045,19640921,TMAX,129,,,a,
ASN00092045,19640922,TMAX,138,,,a,
ASN00092045,19640923,TMAX,146,,,a,
ASN00092045,19640924,TMAX,170,,,a,
ASN00092045,19640925,TMAX,134,,,a,
ASN00092045,19640926,TMAX,140,,,a,
ASN00092045,19640927,TMAX,168,,,a,
ASN00092045,19640928,TMAX,169,,,a,
ASN00092045,19640929,TMAX,128,,,a,
ASN00092045,19640930,TMAX,162,,,a,
ASN00092045,19640901,TMIN,59,,,a,
ASN00092045,19640902,TMIN,87,,,a,
ASN00092045,19640903,TMIN,100,,,a,
ASN00092045,19640904,TMIN,101,,,a,
ASN00092045,19640905,TMIN,90,,,a,
ASN00092045,19640906,TMIN,78,,,a,
ASN00092045,19640907,TMIN,78,,,a,
ASN00092045,19640908,TMIN,38,,,a,
ASN00092045,19640909,TMIN,90,,,a,
ASN00092045,19640910,TMIN,94,,,a,
ASN00092045,19640911,TMIN,89,,,a,
ASN00092045,19640912,TMIN,78,,,a,
ASN00092045,19640913,TMIN,68,,,a,
ASN00092045,19640914,TMIN,41,,,a,
ASN00092045,19640915,TMIN,83,,,a,
ASN00092045,19640916,TMIN,90,,,a,
ASN00092045,19640917,TMIN,51,,,a,
ASN00092045,19640918,TMIN,51,,,a,
ASN00092045,19640919,TMIN,92,,,a,
ASN00092045,19640920,TMIN,89,,,a,
ASN00092045,19640921,TMIN,79,,,a,
ASN00092045,19640922,TMIN,90,,,a,
ASN00092045,19640923,TMIN,58,,,a,
ASN00092045,19640924,TMIN,90,,,a,
ASN00092045,19640925,TMIN,84,,,a,
ASN00092045,19640926,TMIN,96,,,a,
ASN00092045,19640927,TMIN,111,,,a,
ASN00092045,19640928,TMIN,117,,,a,
ASN00092045,19640929,TMIN,96,,,a,
ASN00092045,19640930,TMIN,73,,,a,
ASN00092045,19640901,PRCP,0,,,a,
ASN00092045,19640902,PRCP,3,,,a,
ASN00092045,19640903,PRCP,0,,,a,
ASN00092045,19640904,PRCP,43,,,a,
ASN00092045,19640905,PRCP,38,,,a,
ASN00092045,19640906,PRCP,0,,,a,
ASN00092045,19640907,PRCP,53,,,a,
ASN00092045,19640908,PRCP,25,,,a,
ASN00092045,19640909,PRCP,25,,,a,
ASN00092045,19640910,PRCP,0,,,a,
ASN00092045,19640911,PRCP,0,,,a,
ASN00092045,19640912,PRCP,180,,,a,
ASN00092045,19640913,PRCP,25,,,a,
ASN00092045,19640914,PRCP,0,,,a,
ASN00092045,19640915,PRCP,18,,,a,
ASN00092045,19640916,PRCP,25,,,a,
ASN00092045,19640917,PRCP,0,,,a,
ASN00092045,19640918,PRCP,25,,,a,
ASN00092045,19640919,PRCP,5,,,a,
ASN00092045,19640920,PRCP,0,,,a,
ASN00092045,19640921,PRCP,0,,,a,
ASN00092045,19640922,PRCP,13,,,a,
ASN00092045,19640923,PRCP,119,,,a,
ASN00092045,19640924,PRCP,0,,,a,
ASN00092045,19640925,PRCP,10,,,a,
ASN00092045,19640926,PRCP,0,,,a,
ASN00092045,19640927,PRCP,0,,,a,
ASN00092045,19640928,PRCP,51,,,a,
ASN00092045,19640929,PRCP,23,,,a,
ASN00092045,19640930,PRCP,20,,,a,
ASN00092045,19641001,TMAX,168,,,a,
ASN00092045,19641002,TMAX,167,,,a,
ASN00092045,19641003,TMAX,131,,,a,
ASN00092045,19641004,TMAX,157,,,a,
ASN00092045,19641005,TMAX,124,,,a,
ASN00092045,19641006,TMAX,131,,,a,
ASN00092045,19641007,TMAX,146,,,a,
ASN00092045,19641008,TMAX,129,,,a,
ASN00092045,19641009,TMAX,162,,,a,
ASN00092045,19641010,TMAX,173,,,a,
ASN00092045,19641011,TMAX,151,,,a,
ASN00092045,19641012,TMAX,146,,,a,
ASN00092045,19641013,TMAX,136,,,a,
ASN00092045,19641014,TMAX,140,,,a,
ASN00092045,19641015,TMAX,142,,,a,
ASN00092045,19641016,TMAX,134,,,a,
ASN00092045,19641017,TMAX,157,,,a,
ASN00092045,19641018,TMAX,170,,,a,
ASN00092045,19641019,TMAX,177,,,a,
ASN00092045,19641020,TMAX,157,,,a,
ASN00092045,19641021,TMAX,154,,,a,
ASN00092045,19641022,TMAX,138,,,a,
ASN00092045,19641023,TMAX,141,,,a,
ASN00092045,19641024,TMAX,141,,,a,
ASN00092045,19641025,TMAX,146,,,a,
ASN00092045,19641026,TMAX,149,,,a,
ASN00092045,19641027,TMAX,190,,,a,
ASN00092045,19641028,TMAX,171,,,a,
ASN00092045,19641029,TMAX,157,,,a,
ASN00092045,19641030,TMAX,164,,,a,
ASN00092045,19641031,TMAX,140,,,a,
ASN00092045,19641001,TMIN,90,,,a,
ASN00092045,19641002,TMIN,106,,,a,
ASN00092045,19641003,TMIN,44,,,a,
ASN00092045,19641004,TMIN,43,,,a,
ASN00092045,19641005,TMIN,44,,,a,
ASN00092045,19641006,TMIN,67,,,a,
ASN00092045,19641007,TMIN,106,,,a,
ASN00092045,19641008,TMIN,101,,,a,
ASN00092045,19641009,TMIN,93,,,a,
ASN00092045,19641010,TMIN,89,,,a,
ASN00092045,19641011,TMIN,73,,,a,
ASN00092045,19641012,TMIN,94,,,a,
ASN00092045,19641013,TMIN,100,,,a,
ASN00092045,19641014,TMIN,90,,,a,
ASN00092045,19641015,TMIN,93,,,a,
ASN00092045,19641016,TMIN,99,,,a,
ASN00092045,19641017,TMIN,111,,,a,
ASN00092045,19641018,TMIN,69,,,a,
ASN00092045,19641019,TMIN,90,,,a,
ASN00092045,19641020,TMIN,57,,,a,
ASN00092045,19641021,TMIN,111,,,a,
ASN00092045,19641022,TMIN,84,,,a,
ASN00092045,19641023,TMIN,29,,,a,
ASN00092045,19641024,TMIN,73,,,a,
ASN00092045,19641025,TMIN,46,,,a,
ASN00092045,19641026,TMIN,70,,,a,
ASN00092045,19641027,TMIN,90,,,a,
ASN00092045,19641028,TMIN,107,,,a,
ASN00092045,19641029,TMIN,133,,,a,
ASN00092045,19641030,TMIN,96,,,a,
ASN00092045,19641031,TMIN,101,,,a,
ASN00092045,19641001,PRCP,0,,,a,
ASN00092045,19641002,PRCP,124,,,a,
ASN00092045,19641003,PRCP,25,,,a,
ASN00092045,19641004,PRCP,51,,,a,
ASN00092045,19641005,PRCP,0,,,a,
ASN00092045,19641006,PRCP,0,,,a,
ASN00092045,19641007,PRCP,0,,,a,
ASN00092045,19641008,PRCP,41,,,a,
ASN00092045,19641009,PRCP,114,,,a,
ASN00092045,19641010,PRCP,8,,,a,
ASN00092045,19641011,PRCP,13,,,a,
ASN00092045,19641012,PRCP,0,,,a,
ASN00092045,19641013,PRCP,0,,,a,
ASN00092045,19641014,PRCP,36,,,a,
ASN00092045,19641015,PRCP,0,,,a,
ASN00092045,19641016,PRCP,0,,,a,
ASN00092045,19641017,PRCP,66,,,a,
ASN00092045,19641018,PRCP,152,,,a,
ASN00092045,19641019,PRCP,0,,,a,
ASN00092045,19641020,PRCP,0,,,a,
ASN00092045,19641021,PRCP,0,,,a,
ASN00092045,19641022,PRCP,0,,,a,
ASN00092045,19641023,PRCP,0,,,a,
ASN00092045,19641024,PRCP,0,,,a,
ASN00092045,19641025,PRCP,0,,,a,
ASN00092045,19641026,PRCP,0,,,a,
ASN00092045,19641027,PRCP,0,,,a,
ASN00092045,19641028,PRCP,0,,,a,
ASN00092045,19641029,PRCP,5,,,a,
ASN00092045,19641030,PRCP,196,,,a,
ASN00092045,19641031,PRCP,0,,,a,
ASN00092045,19641101,TMAX,151,,,a,
ASN00092045,19641102,TMAX,157,,,a,
ASN00092045,19641103,TMAX,126,,,a,
ASN00092045,19641104,TMAX,162,,,a,
ASN00092045,19641105,TMAX,162,,,a,
ASN00092045,19641106,TMAX,164,,,a,
ASN00092045,19641107,TMAX,162,,,a,
ASN00092045,19641108,TMAX,160,,,a,
ASN00092045,19641109,TMAX,176,,,a,
ASN00092045,19641110,TMAX,184,,,a,
ASN00092045,19641111,TMAX,146,,,a,
ASN00092045,19641112,TMAX,162,,,a,
ASN00092045,19641113,TMAX,173,,,a,
ASN00092045,19641114,TMAX,180,,,a,
ASN00092045,19641115,TMAX,212,,,a,
ASN00092045,19641116,TMAX,184,,,a,
ASN00092045,19641117,TMAX,201,,,a,
ASN00092045,19641118,TMAX,151,,,a,
ASN00092045,19641119,TMAX,186,,,a,
ASN00092045,19641120,TMAX,188,,,a,
ASN00092045,19641121,TMAX,158,,,a,
ASN00092045,19641122,TMAX,151,,,a,
ASN00092045,19641123,TMAX,197,,,a,
ASN00092045,19641124,TMAX,234,,,a,
ASN00092045,19641125,TMAX,240,,,a,
ASN00092045,19641126,TMAX,190,,,a,
ASN00092045,19641127,TMAX,177,,,a,
ASN00092045,19641128,TMAX,196,,,a,
ASN00092045,19641129,TMAX,154,,,a,
ASN00092045,19641130,TMAX,174,,,a,
ASN00092045,19641101,TMIN,73,,,a,
ASN00092045,19641102,TMIN,74,,,a,
ASN00092045,19641103,TMIN,72,,,a,
ASN00092045,19641104,TMIN,73,,,a,
ASN00092045,19641105,TMIN,62,,,a,
ASN00092045,19641106,TMIN,96,,,a,
ASN00092045,19641107,TMIN,84,,,a,
ASN00092045,19641108,TMIN,80,,,a,
ASN00092045,19641109,TMIN,96,,,a,
ASN00092045,19641110,TMIN,96,,,a,
ASN00092045,19641111,TMIN,93,,,a,
ASN00092045,19641112,TMIN,106,,,a,
ASN00092045,19641113,TMIN,123,,,a,
ASN00092045,19641114,TMIN,110,,,a,
ASN00092045,19641115,TMIN,94,,,a,
ASN00092045,19641116,TMIN,96,,,a,
ASN00092045,19641117,TMIN,128,,,a,
ASN00092045,19641118,TMIN,101,,,a,
ASN00092045,19641119,TMIN,100,,,a,
ASN00092045,19641120,TMIN,101,,,a,
ASN00092045,19641121,TMIN,84,,,a,
ASN00092045,19641122,TMIN,84,,,a,
ASN00092045,19641123,TMIN,79,,,a,
ASN00092045,19641124,TMIN,121,,,a,
ASN00092045,19641125,TMIN,138,,,a,
ASN00092045,19641126,TMIN,129,,,a,
ASN00092045,19641127,TMIN,107,,,a,
ASN00092045,19641128,TMIN,102,,,a,
ASN00092045,19641129,TMIN,78,,,a,
ASN00092045,19641130,TMIN,123,,,a,
ASN00092045,19641101,PRCP,0,,,a,
ASN00092045,19641102,PRCP,0,,,a,
ASN00092045,19641103,PRCP,0,,,a,
ASN00092045,19641104,PRCP,30,,,a,
ASN00092045,19641105,PRCP,0,,,a,
ASN00092045,19641106,PRCP,0,,,a,
ASN00092045,19641107,PRCP,0,,,a,
ASN00092045,19641108,PRCP,25,,,a,
ASN00092045,19641109,PRCP,0,,,a,
ASN00092045,19641110,PRCP,33,,,a,
ASN00092045,19641111,PRCP,5,,,a,
ASN00092045,19641112,PRCP,41,,,a,
ASN00092045,19641113,PRCP,0,,,a,
ASN00092045,19641114,PRCP,0,,,a,
ASN00092045,19641115,PRCP,0,,,a,
ASN00092045,19641116,PRCP,3,,,a,
ASN00092045,19641117,PRCP,30,,,a,
ASN00092045,19641118,PRCP,30,,,a,
ASN00092045,19641119,PRCP,51,,,a,
ASN00092045,19641120,PRCP,0,,,a,
ASN00092045,19641121,PRCP,0,,,a,
ASN00092045,19641122,PRCP,28,,,a,
ASN00092045,19641123,PRCP,66,,,a,
ASN00092045,19641124,PRCP,0,,,a,
ASN00092045,19641125,PRCP,0,,,a,
ASN00092045,19641126,PRCP,0,,,a,
ASN00092045,19641127,PRCP,10,,,a,
ASN00092045,19641128,PRCP,46,,,a,
ASN00092045,19641129,PRCP,0,,,a,
ASN00092045,19641130,PRCP,0,,,a,
ASN00092045,19641201,TMAX,184,,,a,
ASN00092045,19641202,TMAX,174,,,a,
ASN00092045,19641203,TMAX,173,,,a,
ASN00092045,19641204,TMAX,184,,,a,
ASN00092045,19641205,TMAX,172,,,a,
ASN00092045,19641206,TMAX,189,,,a,
ASN00092045,19641207,TMAX,172,,,a,
ASN00092045,19641208,TMAX,201,,,a,
ASN00092045,19641209,TMAX,144,,,a,
ASN00092045,19641210,TMAX,134,,,a,
ASN00092045,19641211,TMAX,140,,,a,
ASN00092045,19641212,TMAX,140,,,a,
ASN00092045,19641213,TMAX,162,,,a,
ASN00092045,19641214,TMAX,190,,,a,
ASN00092045,19641215,TMAX,184,,,a,
ASN00092045,19641216,TMAX,163,,,a,
ASN00092045,19641217,TMAX,173,,,a,
ASN00092045,19641218,TMAX,184,,,a,
ASN00092045,19641219,TMAX,157,,,a,
ASN00092045,19641220,TMAX,157,,,a,
ASN00092045,19641230,TMAX,146,,,a,
ASN00092045,19641231,TMAX,178,,,a,
ASN00092045,19641201,TMIN,133,,,a,
ASN00092045,19641202,TMIN,84,,,a,
ASN00092045,19641203,TMIN,118,,,a,
ASN00092045,19641204,TMIN,78,,,a,
ASN00092045,19641205,TMIN,111,,,a,
ASN00092045,19641206,TMIN,123,,,a,
ASN00092045,19641207,TMIN,78,,,a,
ASN00092045,19641208,TMIN,117,,,a,
ASN00092045,19641209,TMIN,72,,,a,
ASN00092045,19641210,TMIN,67,,,a,
ASN00092045,19641211,TMIN,80,,,a,
ASN00092045,19641212,TMIN,90,,,a,
ASN00092045,19641213,TMIN,112,,,a,
ASN00092045,19641214,TMIN,123,,,a,
ASN00092045,19641215,TMIN,108,,,a,
ASN00092045,19641216,TMIN,72,,,a,
ASN00092045,19641217,TMIN,89,,,a,
ASN00092045,19641218,TMIN,72,,,a,
ASN00092045,19641219,TMIN,46,,,a,
ASN00092045,19641220,TMIN,83,,,a,
ASN00092045,19641221,TMIN,134,,,a,
ASN00092045,19641222,TMIN,130,,,a,
ASN00092045,19641223,TMIN,123,,,a,
ASN00092045,19641224,TMIN,129,,,a,
ASN00092045,19641225,TMIN,134,,,a,
ASN00092045,19641226,TMIN,129,,,a,
ASN00092045,19641227,TMIN,112,,,a,
ASN00092045,19641228,TMIN,134,,,a,
ASN00092045,19641229,TMIN,78,,,a,
ASN00092045,19641230,TMIN,123,,,a,
ASN00092045,19641231,TMIN,79,,,a,
ASN00092045,19641201,PRCP,130,,,a,
ASN00092045,19641202,PRCP,0,,,a,
ASN00092045,19641203,PRCP,5,,,a,
ASN00092045,19641204,PRCP,0,,,a,
ASN00092045,19641205,PRCP,5,,,a,
ASN00092045,19641206,PRCP,36,,,a,
ASN00092045,19641207,PRCP,0,,,a,
ASN00092045,19641208,PRCP,0,,,a,
ASN00092045,19641209,PRCP,135,,,a,
ASN00092045,19641210,PRCP,86,,,a,
ASN00092045,19641211,PRCP,5,,,a,
ASN00092045,19641212,PRCP,0,,,a,
ASN00092045,19641213,PRCP,13,,,a,
ASN00092045,19641214,PRCP,0,,,a,
ASN00092045,19641215,PRCP,0,,,a,
ASN00092045,19641216,PRCP,0,,,a,
ASN00092045,19641217,PRCP,0,,,a,
ASN00092045,19641218,PRCP,0,,,a,
ASN00092045,19641219,PRCP,84,,,a,
ASN00092045,19641220,PRCP,0,,,a,
ASN00092045,19641221,PRCP,3,,,a,
ASN00092045,19641222,PRCP,0,,,a,
ASN00092045,19641223,PRCP,53,,,a,
ASN00092045,19641224,PRCP,498,,,a,
ASN00092045,19641225,PRCP,0,,,a,
ASN00092045,19641226,PRCP,10,,,a,
ASN00092045,19641227,PRCP,0,,,a,
ASN00092045,19641228,PRCP,0,,,a,
ASN00092045,19641229,PRCP,107,,,a,
ASN00092045,19641230,PRCP,13,,,a,
ASN00092045,19641231,PRCP,0,,,a,
ASN00092045,19650101,TMAX,190,,,a,
ASN00092045,19650102,TMAX,223,,,a,
ASN00092045,19650103,TMAX,218,,,a,
ASN00092045,19650104,TMAX,218,,,a,
ASN00092045,19650105,TMAX,213,,,a,
ASN00092045,19650106,TMAX,147,,,a,
ASN00092045,19650107,TMAX,152,,,a,
ASN00092045,19650108,TMAX,157,,,a,
ASN00092045,19650109,TMAX,179,,,a,
ASN00092045,19650110,TMAX,162,,,a,
ASN00092045,19650111,TMAX,168,,,a,
ASN00092045,19650112,TMAX,168,,,a,
ASN00092045,19650113,TMAX,173,,,a,
ASN00092045,19650114,TMAX,168,,,a,
ASN00092045,19650115,TMAX,202,,,a,
ASN00092045,19650116,TMAX,233,,,a,
ASN00092045,19650117,TMAX,207,,,a,
ASN00092045,19650118,TMAX,196,,,a,
ASN00092045,19650119,TMAX,190,,,a,
ASN00092045,19650120,TMAX,184,,,a,
ASN00092045,19650121,TMAX,201,,,a,
ASN00092045,19650122,TMAX,173,,,a,
ASN00092045,19650123,TMAX,180,,,a,
ASN00092045,19650124,TMAX,184,,,a,
ASN00092045,19650125,TMAX,168,,,a,
ASN00092045,19650126,TMAX,157,,,a,
ASN00092045,19650127,TMAX,153,,,a,
ASN00092045,19650128,TMAX,163,,,a,
ASN00092045,19650129,TMAX,159,,,a,
ASN00092045,19650130,TMAX,179,,,a,
ASN00092045,19650131,TMAX,201,,,a,
ASN00092045,19650101,TMIN,117,,,a,
ASN00092045,19650102,TMIN,118,,,a,
ASN00092045,19650103,TMIN,85,,,a,
ASN00092045,19650104,TMIN,118,,,a,
ASN00092045,19650105,TMIN,134,,,a,
ASN00092045,19650106,TMIN,90,,,a,
ASN00092045,19650107,TMIN,100,,,a,
ASN00092045,19650108,TMIN,112,,,a,
ASN00092045,19650109,TMIN,94,,,a,
ASN00092045,19650110,TMIN,118,,,a,
ASN00092045,19650111,TMIN,118,,,a,
ASN00092045,19650112,TMIN,102,,,a,
ASN00092045,19650113,TMIN,86,,,a,
ASN00092045,19650114,TMIN,90,,,a,
ASN00092045,19650115,TMIN,113,,,a,
ASN00092045,19650116,TMIN,108,,,a,
ASN00092045,19650117,TMIN,157,,,a,
ASN00092045,19650118,TMIN,151,,,a,
ASN00092045,19650119,TMIN,112,,,a,
ASN00092045,19650120,TMIN,67,,,a,
ASN00092045,19650121,TMIN,101,,,a,
ASN00092045,19650122,TMIN,123,,,a,
ASN00092045,19650123,TMIN,126,,,a,
ASN00092045,19650124,TMIN,133,,,a,
ASN00092045,19650125,TMIN,112,,,a,
ASN00092045,19650126,TMIN,122,,,a,
ASN00092045,19650127,TMIN,109,,,a,
ASN00092045,19650128,TMIN,112,,,a,
ASN00092045,19650129,TMIN,129,,,a,
ASN00092045,19650130,TMIN,119,,,a,
ASN00092045,19650131,TMIN,130,,,a,
ASN00092045,19650101,PRCP,0,,,a,
ASN00092045,19650102,PRCP,0,,,a,
ASN00092045,19650103,PRCP,0,,,a,
ASN00092045,19650104,PRCP,0,,,a,
ASN00092045,19650105,PRCP,0,,,a,
ASN00092045,19650106,PRCP,8,,,a,
ASN00092045,19650107,PRCP,5,,,a,
ASN00092045,19650108,PRCP,0,,,a,
ASN00092045,19650109,PRCP,0,,,a,
ASN00092045,19650110,PRCP,0,,,a,
ASN00092045,19650111,PRCP,132,,,a,
ASN00092045,19650112,PRCP,48,,,a,
ASN00092045,19650113,PRCP,0,,,a,
ASN00092045,19650114,PRCP,0,,,a,
ASN00092045,19650115,PRCP,0,,,a,
ASN00092045,19650116,PRCP,0,,,a,
ASN00092045,19650117,PRCP,0,,,a,
ASN00092045,19650118,PRCP,41,,,a,
ASN00092045,19650119,PRCP,81,,,a,
ASN00092045,19650120,PRCP,18,,,a,
ASN00092045,19650121,PRCP,23,,,a,
ASN00092045,19650122,PRCP,0,,,a,
ASN00092045,19650123,PRCP,0,,,a,
ASN00092045,19650124,PRCP,0,,,a,
ASN00092045,19650125,PRCP,8,,,a,
ASN00092045,19650126,PRCP,3,,,a,
ASN00092045,19650127,PRCP,0,,,a,
ASN00092045,19650128,PRCP,0,,,a,
ASN00092045,19650129,PRCP,0,,,a,
ASN00092045,19650130,PRCP,20,,,a,
ASN00092045,19650131,PRCP,3,,,a,
ASN00092045,19650201,TMAX,201,,,a,
ASN00092045,19650202,TMAX,190,,,a,
ASN00092045,19650203,TMAX,258,,,a,
ASN00092045,19650204,TMAX,257,,,a,
ASN00092045,19650205,TMAX,207,,,a,
ASN00092045,19650206,TMAX,190,,,a,
ASN00092045,19650207,TMAX,234,,,a,
ASN00092045,19650208,TMAX,187,,,a,
ASN00092045,19650209,TMAX,194,,,a,
ASN00092045,19650210,TMAX,201,,,a,
ASN00092045,19650211,TMAX,190,,,a,
ASN00092045,19650212,TMAX,168,,,a,
ASN00092045,19650213,TMAX,201,,,a,
ASN00092045,19650214,TMAX,194,,,a,
ASN00092045,19650215,TMAX,223,,,a,
ASN00092045,19650216,TMAX,294,,,a,
ASN00092045,19650217,TMAX,190,,,a,
ASN00092045,19650218,TMAX,196,,,a,
ASN00092045,19650219,TMAX,190,,,a,
ASN00092045,19650220,TMAX,207,,,a,
ASN00092045,19650221,TMAX,209,,,a,
ASN00092045,19650222,TMAX,186,,,a,
ASN00092045,19650223,TMAX,207,,,a,
ASN00092045,19650224,TMAX,246,,,a,
ASN00092045,19650225,TMAX,196,,,a,
ASN00092045,19650226,TMAX,201,,,a,
ASN00092045,19650227,TMAX,196,,,a,
ASN00092045,19650228,TMAX,206,,,a,
ASN00092045,19650201,TMIN,129,,,a,
ASN00092045,19650202,TMIN,146,,,a,
ASN00092045,19650203,TMIN,150,,,a,
ASN00092045,19650205,TMIN,106,,,a,
ASN00092045,19650206,TMIN,123,,,a,
ASN00092045,19650207,TMIN,129,,,a,
ASN00092045,19650208,TMIN,146,,,a,
ASN00092045,19650209,TMIN,140,,,a,
ASN00092045,19650210,TMIN,136,,,a,
ASN00092045,19650211,TMIN,58,,,a,
ASN00092045,19650212,TMIN,78,,,a,
ASN00092045,19650213,TMIN,103,,,a,
ASN00092045,19650214,TMIN,134,,,a,
ASN00092045,19650215,TMIN,144,,,a,
ASN00092045,19650216,TMIN,134,,,a,
ASN00092045,19650217,TMIN,139,,,a,
ASN00092045,19650218,TMIN,137,,,a,
ASN00092045,19650219,TMIN,146,,,a,
ASN00092045,19650220,TMIN,162,,,a,
ASN00092045,19650221,TMIN,151,,,a,
ASN00092045,19650222,TMIN,146,,,a,
ASN00092045,19650223,TMIN,124,,,a,
ASN00092045,19650224,TMIN,149,,,a,
ASN00092045,19650225,TMIN,141,,,a,
ASN00092045,19650226,TMIN,136,,,a,
ASN00092045,19650227,TMIN,122,,,a,
ASN00092045,19650228,TMIN,128,,,a,
ASN00092045,19650201,PRCP,0,,,a,
ASN00092045,19650202,PRCP,0,,,a,
ASN00092045,19650203,PRCP,0,,,a,
ASN00092045,19650204,PRCP,0,,,a,
ASN00092045,19650205,PRCP,0,,,a,
ASN00092045,19650206,PRCP,0,,,a,
ASN00092045,19650207,PRCP,0,,,a,
ASN00092045,19650208,PRCP,0,,,a,
ASN00092045,19650209,PRCP,3,,,a,
ASN00092045,19650210,PRCP,0,,,a,
ASN00092045,19650211,PRCP,25,,,a,
ASN00092045,19650212,PRCP,0,,,a,
ASN00092045,19650213,PRCP,0,,,a,
ASN00092045,19650214,PRCP,0,,,a,
ASN00092045,19650215,PRCP,0,,,a,
ASN00092045,19650216,PRCP,0,,,a,
ASN00092045,19650217,PRCP,0,,,a,
ASN00092045,19650218,PRCP,0,,,a,
ASN00092045,19650219,PRCP,0,,,a,
ASN00092045,19650220,PRCP,0,,,a,
ASN00092045,19650221,PRCP,0,,,a,
ASN00092045,19650222,PRCP,0,,,a,
ASN00092045,19650223,PRCP,0,,,a,
ASN00092045,19650224,PRCP,0,,,a,
ASN00092045,19650225,PRCP,0,,,a,
ASN00092045,19650226,PRCP,0,,,a,
ASN00092045,19650227,PRCP,0,,,a,
ASN00092045,19650228,PRCP,0,,,a,
ASN00092045,19650301,TMAX,222,,,a,
ASN00092045,19650302,TMAX,267,,,a,
ASN00092045,19650303,TMAX,296,,,a,
ASN00092045,19650304,TMAX,178,,,a,
ASN00092045,19650305,TMAX,250,,,a,
ASN00092045,19650306,TMAX,268,,,a,
ASN00092045,19650307,TMAX,217,,,a,
ASN00092045,19650308,TMAX,200,,,a,
ASN00092045,19650309,TMAX,187,,,a,
ASN00092045,19650310,TMAX,194,,,a,
ASN00092045,19650311,TMAX,207,,,a,
ASN00092045,19650312,TMAX,172,,,a,
ASN00092045,19650313,TMAX,161,,,a,
ASN00092045,19650314,TMAX,183,,,a,
ASN00092045,19650315,TMAX,194,,,a,
ASN00092045,19650316,TMAX,183,,,a,
ASN00092045,19650317,TMAX,192,,,a,
ASN00092045,19650318,TMAX,183,,,a,
ASN00092045,19650319,TMAX,183,,,a,
ASN00092045,19650320,TMAX,172,,,a,
ASN00092045,19650321,TMAX,156,,,a,
ASN00092045,19650322,TMAX,194,,,a,
ASN00092045,19650323,TMAX,206,,,a,
ASN00092045,19650324,TMAX,150,,,a,
ASN00092045,19650325,TMAX,161,,,a,
ASN00092045,19650326,TMAX,183,,,a,
ASN00092045,19650327,TMAX,200,,,a,
ASN00092045,19650328,TMAX,228,,,a,
ASN00092045,19650329,TMAX,167,,,a,
ASN00092045,19650330,TMAX,189,,,a,
ASN00092045,19650331,TMAX,183,,,a,
ASN00092045,19650301,TMIN,133,,,a,
ASN00092045,19650302,TMIN,139,,,a,
ASN00092045,19650303,TMIN,143,,,a,
ASN00092045,19650304,TMIN,108,,,a,
ASN00092045,19650305,TMIN,133,,,a,
ASN00092045,19650306,TMIN,151,,,a,
ASN00092045,19650307,TMIN,139,,,a,
ASN00092045,19650308,TMIN,128,,,a,
ASN00092045,19650309,TMIN,79,,,a,
ASN00092045,19650310,TMIN,84,,,a,
ASN00092045,19650311,TMIN,150,,,a,
ASN00092045,19650312,TMIN,139,,,a,
ASN00092045,19650313,TMIN,89,,,a,
ASN00092045,19650314,TMIN,89,,,a,
ASN00092045,19650315,TMIN,94,,,a,
ASN00092045,19650316,TMIN,117,,,a,
ASN00092045,19650317,TMIN,128,,,a,
ASN00092045,19650318,TMIN,144,,,a,
ASN00092045,19650319,TMIN,111,,,a,
ASN00092045,19650320,TMIN,111,,,a,
ASN00092045,19650321,TMIN,64,,,a,
ASN00092045,19650322,TMIN,61,,,a,
ASN00092045,19650323,TMIN,111,,,a,
ASN00092045,19650324,TMIN,106,,,a,
ASN00092045,19650325,TMIN,83,,,a,
ASN00092045,19650326,TMIN,106,,,a,
ASN00092045,19650327,TMIN,117,,,a,
ASN00092045,19650328,TMIN,128,,,a,
ASN00092045,19650329,TMIN,117,,,a,
ASN00092045,19650330,TMIN,94,,,a,
ASN00092045,19650331,TMIN,78,,,a,
ASN00092045,19650301,PRCP,0,,,a,
ASN00092045,19650302,PRCP,0,,,a,
ASN00092045,19650303,PRCP,0,,,a,
ASN00092045,19650304,PRCP,0,,,a,
ASN00092045,19650305,PRCP,0,,,a,
ASN00092045,19650306,PRCP,0,,,a,
ASN00092045,19650307,PRCP,0,,,a,
ASN00092045,19650308,PRCP,0,,,a,
ASN00092045,19650309,PRCP,107,,,a,
ASN00092045,19650310,PRCP,0,,,a,
ASN00092045,19650311,PRCP,0,,,a,
ASN00092045,19650312,PRCP,5,,,a,
ASN00092045,19650313,PRCP,127,,,a,
ASN00092045,19650314,PRCP,79,,,a,
ASN00092045,19650315,PRCP,0,,,a,
ASN00092045,19650316,PRCP,0,,,a,
ASN00092045,19650317,PRCP,5,,,a,
ASN00092045,19650318,PRCP,5,,,a,
ASN00092045,19650319,PRCP,0,,,a,
ASN00092045,19650320,PRCP,0,,,a,
ASN00092045,19650321,PRCP,0,,,a,
ASN00092045,19650322,PRCP,15,,,a,
ASN00092045,19650323,PRCP,0,,,a,
ASN00092045,19650324,PRCP,30,,,a,
ASN00092045,19650325,PRCP,0,,,a,
ASN00092045,19650326,PRCP,0,,,a,
ASN00092045,19650327,PRCP,0,,,a,
ASN00092045,19650328,PRCP,0,,,a,
ASN00092045,19650329,PRCP,0,,,a,
ASN00092045,19650330,PRCP,5,,,a,
ASN00092045,19650331,PRCP,0,,,a,
ASN00092045,19650401,TMAX,178,,,a,
ASN00092045,19650402,TMAX,150,,,a,
ASN00092045,19650403,TMAX,183,,,a,
ASN00092045,19650404,TMAX,194,,,a,
ASN00092045,19650405,TMAX,172,,,a,
ASN00092045,19650406,TMAX,178,,,a,
ASN00092045,19650407,TMAX,161,,,a,
ASN00092045,19650408,TMAX,161,,,a,
ASN00092045,19650409,TMAX,178,,,a,
ASN00092045,19650410,TMAX,133,,,a,
ASN00092045,19650411,TMAX,139,,,a,
ASN00092045,19650412,TMAX,150,,,a,
ASN00092045,19650413,TMAX,144,,,a,
ASN00092045,19650414,TMAX,161,,,a,
ASN00092045,19650415,TMAX,178,,,a,
ASN00092045,19650416,TMAX,161,,,a,
ASN00092045,19650417,TMAX,133,,,a,
ASN00092045,19650418,TMAX,150,,,a,
ASN00092045,19650419,TMAX,139,,,a,
ASN00092045,19650420,TMAX,139,,,a,
ASN00092045,19650421,TMAX,139,,,a,
ASN00092045,19650422,TMAX,156,,,a,
ASN00092045,19650423,TMAX,122,,,a,
ASN00092045,19650424,TMAX,133,,,a,
ASN00092045,19650425,TMAX,156,,,a,
ASN00092045,19650426,TMAX,206,,,a,
ASN00092045,19650427,TMAX,161,,,a,
ASN00092045,19650428,TMAX,189,,,a,
ASN00092045,19650429,TMAX,150,,,a,
ASN00092045,19650430,TMAX,156,,,a,
ASN00092045,19650401,TMIN,117,,,a,
ASN00092045,19650402,TMIN,64,,,a,
ASN00092045,19650403,TMIN,61,,,a,
ASN00092045,19650404,TMIN,111,,,a,
ASN00092045,19650405,TMIN,117,,,a,
ASN00092045,19650406,TMIN,67,,,a,
ASN00092045,19650407,TMIN,114,,,a,
ASN00092045,19650408,TMIN,117,,,a,
ASN00092045,19650409,TMIN,128,,,a,
ASN00092045,19650410,TMIN,61,,,a,
ASN00092045,19650411,TMIN,94,,,a,
ASN00092045,19650412,TMIN,100,,,a,
ASN00092045,19650413,TMIN,111,,,a,
ASN00092045,19650414,TMIN,106,,,a,
ASN00092045,19650415,TMIN,83,,,a,
ASN00092045,19650416,TMIN,89,,,a,
ASN00092045,19650417,TMIN,94,,,a,
ASN00092045,19650418,TMIN,78,,,a,
ASN00092045,19650419,TMIN,61,,,a,
ASN00092045,19650420,TMIN,100,,,a,
ASN00092045,19650421,TMIN,94,,,a,
ASN00092045,19650422,TMIN,100,,,a,
ASN00092045,19650423,TMIN,94,,,a,
ASN00092045,19650424,TMIN,94,,,a,
ASN00092045,19650425,TMIN,67,,,a,
ASN00092045,19650426,TMIN,94,,,a,
ASN00092045,19650427,TMIN,58,,,a,
ASN00092045,19650428,TMIN,72,,,a,
ASN00092045,19650429,TMIN,89,,,a,
ASN00092045,19650430,TMIN,83,,,a,
ASN00092045,19650401,PRCP,0,,,a,
ASN00092045,19650402,PRCP,8,,,a,
ASN00092045,19650403,PRCP,0,,,a,
ASN00092045,19650404,PRCP,0,,,a,
ASN00092045,19650405,PRCP,0,,,a,
ASN00092045,19650406,PRCP,0,,,a,
ASN00092045,19650407,PRCP,0,,,a,
ASN00092045,19650408,PRCP,0,,,a,
ASN00092045,19650409,PRCP,0,,,a,
ASN00092045,19650410,PRCP,0,,,a,
ASN00092045,19650411,PRCP,0,,,a,
ASN00092045,19650412,PRCP,28,,,a,
ASN00092045,19650413,PRCP,5,,,a,
ASN00092045,19650414,PRCP,0,,,a,
ASN00092045,19650415,PRCP,0,,,a,
ASN00092045,19650416,PRCP,107,,,a,
ASN00092045,19650417,PRCP,76,,,a,
ASN00092045,19650418,PRCP,107,,,a,
ASN00092045,19650419,PRCP,180,,,a,
ASN00092045,19650420,PRCP,127,,,a,
ASN00092045,19650421,PRCP,401,,,a,
ASN00092045,19650422,PRCP,86,,,a,
ASN00092045,19650423,PRCP,51,,,a,
ASN00092045,19650424,PRCP,5,,,a,
ASN00092045,19650425,PRCP,0,,,a,
ASN00092045,19650426,PRCP,0,,,a,
ASN00092045,19650427,PRCP,5,,,a,
ASN00092045,19650428,PRCP,0,,,a,
ASN00092045,19650429,PRCP,5,,,a,
ASN00092045,19650430,PRCP,8,,,a,
ASN00092045,19650501,TMAX,172,,,a,
ASN00092045,19650502,TMAX,150,,,a,
ASN00092045,19650503,TMAX,164,,,a,
ASN00092045,19650504,TMAX,167,,,a,
ASN00092045,19650505,TMAX,156,,,a,
ASN00092045,19650506,TMAX,139,,,a,
ASN00092045,19650507,TMAX,144,,,a,
ASN00092045,19650508,TMAX,150,,,a,
ASN00092045,19650509,TMAX,150,,,a,
ASN00092045,19650510,TMAX,144,,,a,
ASN00092045,19650511,TMAX,156,,,a,
ASN00092045,19650512,TMAX,150,,,a,
ASN00092045,19650513,TMAX,167,,,a,
ASN00092045,19650514,TMAX,144,,,a,
ASN00092045,19650515,TMAX,144,,,a,
ASN00092045,19650516,TMAX,133,,,a,
ASN00092045,19650517,TMAX,156,,,a,
ASN00092045,19650518,TMAX,150,,,a,
ASN00092045,19650519,TMAX,117,,,a,
ASN00092045,19650520,TMAX,144,,,a,
ASN00092045,19650521,TMAX,150,,,a,
ASN00092045,19650522,TMAX,144,,,a,
ASN00092045,19650523,TMAX,122,,,a,
ASN00092045,19650524,TMAX,133,,,a,
ASN00092045,19650525,TMAX,156,,,a,
ASN00092045,19650526,TMAX,133,,,a,
ASN00092045,19650527,TMAX,139,,,a,
ASN00092045,19650528,TMAX,144,,,a,
ASN00092045,19650529,TMAX,139,,,a,
ASN00092045,19650530,TMAX,128,,,a,
ASN00092045,19650531,TMAX,133,,,a,
ASN00092045,19650501,TMIN,100,,,a,
ASN00092045,19650502,TMIN,94,,,a,
ASN00092045,19650503,TMIN,94,,,a,
ASN00092045,19650504,TMIN,106,,,a,
ASN00092045,19650505,TMIN,94,,,a,
ASN00092045,19650506,TMIN,94,,,a,
ASN00092045,19650507,TMIN,94,,,a,
ASN00092045,19650508,TMIN,128,,,a,
ASN00092045,19650509,TMIN,133,,,a,
ASN00092045,19650510,TMIN,128,,,a,
ASN00092045,19650511,TMIN,117,,,a,
ASN00092045,19650512,TMIN,111,,,a,
ASN00092045,19650513,TMIN,111,,,a,
ASN00092045,19650514,TMIN,100,,,a,
ASN00092045,19650515,TMIN,100,,,a,
ASN00092045,19650516,TMIN,83,,,a,
ASN00092045,19650517,TMIN,61,,,a,
ASN00092045,19650518,TMIN,100,,,a,
ASN00092045,19650519,TMIN,56,,,a,
ASN00092045,19650520,TMIN,61,,,a,
ASN00092045,19650521,TMIN,111,,,a,
ASN00092045,19650522,TMIN,106,,,a,
ASN00092045,19650523,TMIN,56,,,a,
ASN00092045,19650524,TMIN,39,,,a,
ASN00092045,19650525,TMIN,67,,,a,
ASN00092045,19650526,TMIN,89,,,a,
ASN00092045,19650527,TMIN,72,,,a,
ASN00092045,19650528,TMIN,100,,,a,
ASN00092045,19650529,TMIN,61,,,a,
ASN00092045,19650530,TMIN,56,,,a,
ASN00092045,19650531,TMIN,94,,,a,
ASN00092045,19650501,PRCP,0,,,a,
ASN00092045,19650502,PRCP,0,,,a,
ASN00092045,19650503,PRCP,0,,,a,
ASN00092045,19650504,PRCP,0,,,a,
ASN00092045,19650505,PRCP,0,,,a,
ASN00092045,19650506,PRCP,0,,,a,
ASN00092045,19650507,PRCP,0,,,a,
ASN00092045,19650508,PRCP,0,,,a,
ASN00092045,19650509,PRCP,150,,,a,
ASN00092045,19650510,PRCP,64,,,a,
ASN00092045,19650511,PRCP,20,,,a,
ASN00092045,19650512,PRCP,43,,,a,
ASN00092045,19650513,PRCP,41,,,a,
ASN00092045,19650514,PRCP,10,,,a,
ASN00092045,19650515,PRCP,8,,,a,
ASN00092045,19650516,PRCP,18,,,a,
ASN00092045,19650517,PRCP,53,,,a,
ASN00092045,19650518,PRCP,25,,,a,
ASN00092045,19650519,PRCP,0,,,a,
ASN00092045,19650520,PRCP,0,,,a,
ASN00092045,19650521,PRCP,0,,,a,
ASN00092045,19650522,PRCP,43,,,a,
ASN00092045,19650523,PRCP,315,,,a,
ASN00092045,19650524,PRCP,0,,,a,
ASN00092045,19650525,PRCP,36,,,a,
ASN00092045,19650526,PRCP,23,,,a,
ASN00092045,19650527,PRCP,0,,,a,
ASN00092045,19650528,PRCP,86,,,a,
ASN00092045,19650529,PRCP,0,,,a,
ASN00092045,19650530,PRCP,10,,,a,
ASN00092045,19650531,PRCP,66,,,a,
ASN00092045,19650601,TMAX,150,,,a,
ASN00092045,19650602,TMAX,150,,,a,
ASN00092045,19650603,TMAX,150,,,a,
ASN00092045,19650604,TMAX,156,,,a,
ASN00092045,19650605,TMAX,167,,,a,
ASN00092045,19650606,TMAX,139,,,a,
ASN00092045,19650607,TMAX,156,,,a,
ASN00092045,19650608,TMAX,128,,,a,
ASN00092045,19650609,TMAX,122,,,a,
ASN00092045,19650610,TMAX,117,,,a,
ASN00092045,19650611,TMAX,144,,,a,
ASN00092045,19650612,TMAX,100,,,a,
ASN00092045,19650613,TMAX,111,,,a,
ASN00092045,19650614,TMAX,128,,,a,
ASN00092045,19650615,TMAX,139,,,a,
ASN00092045,19650616,TMAX,144,,,a,
ASN00092045,19650617,TMAX,156,,,a,
ASN00092045,19650618,TMAX,122,,,a,
ASN00092045,19650619,TMAX,133,,,a,
ASN00092045,19650620,TMAX,139,,,a,
ASN00092045,19650621,TMAX,128,,,a,
ASN00092045,19650622,TMAX,83,,,a,
ASN00092045,19650623,TMAX,122,,,a,
ASN00092045,19650624,TMAX,122,,,a,
ASN00092045,19650625,TMAX,133,,,a,
ASN00092045,19650626,TMAX,111,,,a,
ASN00092045,19650627,TMAX,122,,,a,
ASN00092045,19650628,TMAX,128,,,a,
ASN00092045,19650629,TMAX,131,,,a,
ASN00092045,19650630,TMAX,144,,,a,
ASN00092045,19650601,TMIN,83,,,a,
ASN00092045,19650602,TMIN,111,,,a,
ASN00092045,19650603,TMIN,97,,,a,
ASN00092045,19650604,TMIN,89,,,a,
ASN00092045,19650605,TMIN,133,,,a,
ASN00092045,19650606,TMIN,94,,,a,
ASN00092045,19650607,TMIN,94,,,a,
ASN00092045,19650608,TMIN,94,,,a,
ASN00092045,19650609,TMIN,94,,,a,
ASN00092045,19650610,TMIN,28,,,a,
ASN00092045,19650611,TMIN,50,,,a,
ASN00092045,19650612,TMIN,78,,,a,
ASN00092045,19650613,TMIN,44,,,a,
ASN00092045,19650614,TMIN,44,,,a,
ASN00092045,19650615,TMIN,56,,,a,
ASN00092045,19650616,TMIN,72,,,a,
ASN00092045,19650617,TMIN,94,,,a,
ASN00092045,19650618,TMIN,44,,,a,
ASN00092045,19650619,TMIN,61,,,a,
ASN00092045,19650620,TMIN,83,,,a,
ASN00092045,19650621,TMIN,94,,,a,
ASN00092045,19650622,TMIN,72,,,a,
ASN00092045,19650623,TMIN,50,,,a,
ASN00092045,19650624,TMIN,50,,,a,
ASN00092045,19650625,TMIN,47,,,a,
ASN00092045,19650626,TMIN,56,,,a,
ASN00092045,19650627,TMIN,83,,,a,
ASN00092045,19650628,TMIN,86,,,a,
ASN00092045,19650629,TMIN,94,,,a,
ASN00092045,19650630,TMIN,111,,,a,
ASN00092045,19650601,PRCP,10,,,a,
ASN00092045,19650602,PRCP,5,,,a,
ASN00092045,19650603,PRCP,0,,,a,
ASN00092045,19650604,PRCP,53,,,a,
ASN00092045,19650605,PRCP,51,,,a,
ASN00092045,19650606,PRCP,0,,,a,
ASN00092045,19650607,PRCP,0,,,a,
ASN00092045,19650608,PRCP,0,,,a,
ASN00092045,19650609,PRCP,66,,,a,
ASN00092045,19650610,PRCP,0,,,a,
ASN00092045,19650611,PRCP,0,,,a,
ASN00092045,19650612,PRCP,23,,,a,
ASN00092045,19650613,PRCP,0,,,a,
ASN00092045,19650614,PRCP,0,,,a,
ASN00092045,19650615,PRCP,0,,,a,
ASN00092045,19650616,PRCP,8,,,a,
ASN00092045,19650617,PRCP,5,,,a,
ASN00092045,19650618,PRCP,25,,,a,
ASN00092045,19650619,PRCP,13,,,a,
ASN00092045,19650620,PRCP,8,,,a,
ASN00092045,19650621,PRCP,20,,,a,
ASN00092045,19650622,PRCP,43,,,a,
ASN00092045,19650623,PRCP,0,,,a,
ASN00092045,19650624,PRCP,0,,,a,
ASN00092045,19650625,PRCP,5,,,a,
ASN00092045,19650626,PRCP,0,,,a,
ASN00092045,19650627,PRCP,5,,,a,
ASN00092045,19650628,PRCP,25,,,a,
ASN00092045,19650629,PRCP,20,,,a,
ASN00092045,19650630,PRCP,0,,,a,
ASN00092045,19650701,TMAX,133,,,a,
ASN00092045,19650702,TMAX,128,,,a,
ASN00092045,19650703,TMAX,139,,,a,
ASN00092045,19650704,TMAX,139,,,a,
ASN00092045,19650705,TMAX,139,,,a,
ASN00092045,19650706,TMAX,133,,,a,
ASN00092045,19650707,TMAX,133,,,a,
ASN00092045,19650708,TMAX,106,,,a,
ASN00092045,19650709,TMAX,117,,,a,
ASN00092045,19650710,TMAX,111,,,a,
ASN00092045,19650711,TMAX,117,,,a,
ASN00092045,19650712,TMAX,117,,,a,
ASN00092045,19650713,TMAX,106,,,a,
ASN00092045,19650714,TMAX,122,,,a,
ASN00092045,19650715,TMAX,133,,,a,
ASN00092045,19650716,TMAX,122,,,a,
ASN00092045,19650717,TMAX,94,,,a,
ASN00092045,19650718,TMAX,111,,,a,
ASN00092045,19650719,TMAX,122,,,a,
ASN00092045,19650720,TMAX,125,,,a,
ASN00092045,19650721,TMAX,111,,,a,
ASN00092045,19650722,TMAX,122,,,a,
ASN00092045,19650723,TMAX,117,,,a,
ASN00092045,19650724,TMAX,111,,,a,
ASN00092045,19650725,TMAX,128,,,a,
ASN00092045,19650726,TMAX,128,,,a,
ASN00092045,19650727,TMAX,94,,,a,
ASN00092045,19650728,TMAX,128,,,a,
ASN00092045,19650729,TMAX,128,,,a,
ASN00092045,19650730,TMAX,128,,,a,
ASN00092045,19650731,TMAX,106,,,a,
ASN00092045,19650701,TMIN,103,,,a,
ASN00092045,19650702,TMIN,67,,,a,
ASN00092045,19650703,TMIN,67,,,a,
ASN00092045,19650704,TMIN,81,,,a,
ASN00092045,19650705,TMIN,67,,,a,
ASN00092045,19650706,TMIN,78,,,a,
ASN00092045,19650707,TMIN,50,,,a,
ASN00092045,19650708,TMIN,31,,,a,
ASN00092045,19650709,TMIN,39,,,a,
ASN00092045,19650710,TMIN,56,,,a,
ASN00092045,19650711,TMIN,67,,,a,
ASN00092045,19650712,TMIN,67,,,a,
ASN00092045,19650713,TMIN,67,,,a,
ASN00092045,19650714,TMIN,44,,,a,
ASN00092045,19650715,TMIN,58,,,a,
ASN00092045,19650716,TMIN,78,,,a,
ASN00092045,19650717,TMIN,47,,,a,
ASN00092045,19650718,TMIN,28,,,a,
ASN00092045,19650719,TMIN,56,,,a,
ASN00092045,19650720,TMIN,56,,,a,
ASN00092045,19650721,TMIN,69,,,a,
ASN00092045,19650722,TMIN,83,,,a,
ASN00092045,19650723,TMIN,36,,,a,
ASN00092045,19650724,TMIN,53,,,a,
ASN00092045,19650725,TMIN,50,,,a,
ASN00092045,19650726,TMIN,56,,,a,
ASN00092045,19650727,TMIN,56,,,a,
ASN00092045,19650728,TMIN,6,,,a,
ASN00092045,19650729,TMIN,22,,,a,
ASN00092045,19650730,TMIN,42,,,a,
ASN00092045,19650731,TMIN,39,,,a,
ASN00092045,19650701,PRCP,51,,,a,
ASN00092045,19650702,PRCP,10,,,a,
ASN00092045,19650703,PRCP,51,,,a,
ASN00092045,19650704,PRCP,81,,,a,
ASN00092045,19650705,PRCP,0,,,a,
ASN00092045,19650706,PRCP,0,,,a,
ASN00092045,19650707,PRCP,25,,,a,
ASN00092045,19650708,PRCP,0,,,a,
ASN00092045,19650709,PRCP,0,,,a,
ASN00092045,19650710,PRCP,0,,,a,
ASN00092045,19650711,PRCP,33,,,a,
ASN00092045,19650712,PRCP,66,,,a,
ASN00092045,19650713,PRCP,15,,,a,
ASN00092045,19650714,PRCP,64,,,a,
ASN00092045,19650715,PRCP,0,,,a,
ASN00092045,19650716,PRCP,8,,,a,
ASN00092045,19650717,PRCP,69,,,a,
ASN00092045,19650718,PRCP,0,,,a,
ASN00092045,19650719,PRCP,0,,,a,
ASN00092045,19650720,PRCP,0,,,a,
ASN00092045,19650721,PRCP,0,,,a,
ASN00092045,19650722,PRCP,8,,,a,
ASN00092045,19650723,PRCP,0,,,a,
ASN00092045,19650724,PRCP,0,,,a,
ASN00092045,19650725,PRCP,0,,,a,
ASN00092045,19650726,PRCP,13,,,a,
ASN00092045,19650727,PRCP,386,,,a,
ASN00092045,19650728,PRCP,41,,,a,
ASN00092045,19650729,PRCP,13,,,a,
ASN00092045,19650730,PRCP,0,,,a,
ASN00092045,19650731,PRCP,5,,,a,
ASN00092045,19650801,TMAX,128,,,a,
ASN00092045,19650802,TMAX,133,,,a,
ASN00092045,19650803,TMAX,139,,,a,
ASN00092045,19650804,TMAX,139,,,a,
ASN00092045,19650805,TMAX,128,,,a,
ASN00092045,19650806,TMAX,122,,,a,
ASN00092045,19650807,TMAX,117,,,a,
ASN00092045,19650808,TMAX,111,,,a,
ASN00092045,19650809,TMAX,128,,,a,
ASN00092045,19650810,TMAX,106,,,a,
ASN00092045,19650811,TMAX,117,,,a,
ASN00092045,19650812,TMAX,133,,,a,
ASN00092045,19650813,TMAX,144,,,a,
ASN00092045,19650814,TMAX,164,,,a,
ASN00092045,19650815,TMAX,122,,,a,
ASN00092045,19650816,TMAX,128,,,a,
ASN00092045,19650817,TMAX,111,,,a,
ASN00092045,19650818,TMAX,133,,,a,
ASN00092045,19650819,TMAX,136,,,a,
ASN00092045,19650820,TMAX,114,,,a,
ASN00092045,19650821,TMAX,111,,,a,
ASN00092045,19650822,TMAX,111,,,a,
ASN00092045,19650823,TMAX,144,,,a,
ASN00092045,19650824,TMAX,136,,,a,
ASN00092045,19650825,TMAX,153,,,a,
ASN00092045,19650826,TMAX,150,,,a,
ASN00092045,19650827,TMAX,161,,,a,
ASN00092045,19650828,TMAX,183,,,a,
ASN00092045,19650829,TMAX,161,,,a,
ASN00092045,19650830,TMAX,144,,,a,
ASN00092045,19650831,TMAX,133,,,a,
ASN00092045,19650801,TMIN,47,,,a,
ASN00092045,19650802,TMIN,72,,,a,
ASN00092045,19650803,TMIN,89,,,a,
ASN00092045,19650804,TMIN,89,,,a,
ASN00092045,19650805,TMIN,89,,,a,
ASN00092045,19650806,TMIN,89,,,a,
ASN00092045,19650807,TMIN,100,,,a,
ASN00092045,19650808,TMIN,17,,,a,
ASN00092045,19650809,TMIN,56,,,a,
ASN00092045,19650810,TMIN,56,,,a,
ASN00092045,19650811,TMIN,56,,,a,
ASN00092045,19650812,TMIN,58,,,a,
ASN00092045,19650813,TMIN,100,,,a,
ASN00092045,19650814,TMIN,94,,,a,
ASN00092045,19650815,TMIN,83,,,a,
ASN00092045,19650816,TMIN,94,,,a,
ASN00092045,19650817,TMIN,92,,,a,
ASN00092045,19650818,TMIN,33,,,a,
ASN00092045,19650819,TMIN,78,,,a,
ASN00092045,19650820,TMIN,50,,,a,
ASN00092045,19650821,TMIN,39,,,a,
ASN00092045,19650822,TMIN,50,,,a,
ASN00092045,19650823,TMIN,69,,,a,
ASN00092045,19650824,TMIN,47,,,a,
ASN00092045,19650825,TMIN,81,,,a,
ASN00092045,19650826,TMIN,89,,,a,
ASN00092045,19650827,TMIN,94,,,a,
ASN00092045,19650828,TMIN,89,,,a,
ASN00092045,19650829,TMIN,100,,,a,
ASN00092045,19650830,TMIN,78,,,a,
ASN00092045,19650831,TMIN,89,,,a,
ASN00092045,19650801,PRCP,5,,,a,
ASN00092045,19650802,PRCP,15,,,a,
ASN00092045,19650803,PRCP,8,,,a,
ASN00092045,19650804,PRCP,0,,,a,
ASN00092045,19650805,PRCP,15,,,a,
ASN00092045,19650806,PRCP,5,,,a,
ASN00092045,19650807,PRCP,28,,,a,
ASN00092045,19650808,PRCP,20,,,a,
ASN00092045,19650809,PRCP,8,,,a,
ASN00092045,19650810,PRCP,0,,,a,
ASN00092045,19650811,PRCP,0,,,a,
ASN00092045,19650812,PRCP,0,,,a,
ASN00092045,19650813,PRCP,18,,,a,
ASN00092045,19650814,PRCP,15,,,a,
ASN00092045,19650815,PRCP,0,,,a,
ASN00092045,19650816,PRCP,272,,,a,
ASN00092045,19650817,PRCP,38,,,a,
ASN00092045,19650818,PRCP,0,,,a,
ASN00092045,19650819,PRCP,3,,,a,
ASN00092045,19650820,PRCP,46,,,a,
ASN00092045,19650821,PRCP,15,,,a,
ASN00092045,19650822,PRCP,0,,,a,
ASN00092045,19650823,PRCP,76,,,a,
ASN00092045,19650824,PRCP,23,,,a,
ASN00092045,19650825,PRCP,3,,,a,
ASN00092045,19650826,PRCP,0,,,a,
ASN00092045,19650827,PRCP,0,,,a,
ASN00092045,19650828,PRCP,0,,,a,
ASN00092045,19650829,PRCP,0,,,a,
ASN00092045,19650830,PRCP,0,,,a,
ASN00092045,19650831,PRCP,8,,,a,
ASN00092045,19650901,TMAX,167,,,a,
ASN00092045,19650902,TMAX,117,,,a,
ASN00092045,19650903,TMAX,128,,,a,
ASN00092045,19650904,TMAX,133,,,a,
ASN00092045,19650905,TMAX,144,,,a,
ASN00092045,19650906,TMAX,144,,,a,
ASN00092045,19650907,TMAX,133,,,a,
ASN00092045,19650908,TMAX,139,,,a,
ASN00092045,19650909,TMAX,131,,,a,
ASN00092045,19650910,TMAX,136,,,a,
ASN00092045,19650911,TMAX,136,,,a,
ASN00092045,19650912,TMAX,128,,,a,
ASN00092045,19650913,TMAX,122,,,a,
ASN00092045,19650914,TMAX,128,,,a,
ASN00092045,19650915,TMAX,139,,,a,
ASN00092045,19650916,TMAX,147,,,a,
ASN00092045,19650917,TMAX,136,,,a,
ASN00092045,19650918,TMAX,161,,,a,
ASN00092045,19650919,TMAX,172,,,a,
ASN00092045,19650920,TMAX,144,,,a,
ASN00092045,19650921,TMAX,178,,,a,
ASN00092045,19650922,TMAX,144,,,a,
ASN00092045,19650923,TMAX,186,,,a,
ASN00092045,19650924,TMAX,144,,,a,
ASN00092045,19650925,TMAX,161,,,a,
ASN00092045,19650926,TMAX,144,,,a,
ASN00092045,19650927,TMAX,139,,,a,
ASN00092045,19650928,TMAX,164,,,a,
ASN00092045,19650929,TMAX,164,,,a,
ASN00092045,19650930,TMAX,122,,,a,
ASN00092045,19650901,TMIN,103,,,a,
ASN00092045,19650902,TMIN,83,,,a,
ASN00092045,19650903,TMIN,89,,,a,
ASN00092045,19650904,TMIN,106,,,a,
ASN00092045,19650905,TMIN,111,,,a,
ASN00092045,19650906,TMIN,94,,,a,
ASN00092045,19650907,TMIN,106,,,a,
ASN00092045,19650908,TMIN,108,,,a,
ASN00092045,19650909,TMIN,72,,,a,
ASN00092045,19650910,TMIN,75,,,a,
ASN00092045,19650911,TMIN,89,,,a,
ASN00092045,19650912,TMIN,64,,,a,
ASN00092045,19650913,TMIN,89,,,a,
ASN00092045,19650914,TMIN,78,,,a,
ASN00092045,19650915,TMIN,58,,,a,
ASN00092045,19650916,TMIN,89,,,a,
ASN00092045,19650917,TMIN,72,,,a,
ASN00092045,19650918,TMIN,72,,,a,
ASN00092045,19650919,TMIN,92,,,a,
ASN00092045,19650920,TMIN,83,,,a,
ASN00092045,19650921,TMIN,78,,,a,
ASN00092045,19650922,TMIN,100,,,a,
ASN00092045,19650923,TMIN,117,,,a,
ASN00092045,19650924,TMIN,106,,,a,
ASN00092045,19650925,TMIN,97,,,a,
ASN00092045,19650926,TMIN,92,,,a,
ASN00092045,19650927,TMIN,58,,,a,
ASN00092045,19650928,TMIN,100,,,a,
ASN00092045,19650929,TMIN,100,,,a,
ASN00092045,19650930,TMIN,56,,,a,
ASN00092045,19650901,PRCP,5,,,a,
ASN00092045,19650902,PRCP,18,,,a,
ASN00092045,19650903,PRCP,0,,,a,
ASN00092045,19650904,PRCP,104,,,a,
ASN00092045,19650905,PRCP,33,,,a,
ASN00092045,19650906,PRCP,41,,,a,
ASN00092045,19650907,PRCP,13,,,a,
ASN00092045,19650908,PRCP,38,,,a,
ASN00092045,19650909,PRCP,38,,,a,
ASN00092045,19650910,PRCP,0,,,a,
ASN00092045,19650911,PRCP,0,,,a,
ASN00092045,19650912,PRCP,5,,,a,
ASN00092045,19650913,PRCP,25,,,a,
ASN00092045,19650914,PRCP,23,,,a,
ASN00092045,19650915,PRCP,0,,,a,
ASN00092045,19650916,PRCP,89,,,a,
ASN00092045,19650917,PRCP,53,,,a,
ASN00092045,19650918,PRCP,0,,,a,
ASN00092045,19650919,PRCP,0,,,a,
ASN00092045,19650920,PRCP,0,,,a,
ASN00092045,19650921,PRCP,0,,,a,
ASN00092045,19650922,PRCP,5,,,a,
ASN00092045,19650923,PRCP,18,,,a,
ASN00092045,19650924,PRCP,0,,,a,
ASN00092045,19650925,PRCP,18,,,a,
ASN00092045,19650926,PRCP,13,,,a,
ASN00092045,19650927,PRCP,23,,,a,
ASN00092045,19650928,PRCP,3,,,a,
ASN00092045,19650929,PRCP,3,,,a,
ASN00092045,19650930,PRCP,0,,,a,
ASN00092045,19651001,TMAX,128,,,a,
ASN00092045,19651002,TMAX,139,,,a,
ASN00092045,19651003,TMAX,167,,,a,
ASN00092045,19651004,TMAX,114,,,a,
ASN00092045,19651005,TMAX,122,,,a,
ASN00092045,19651006,TMAX,133,,,a,
ASN00092045,19651007,TMAX,150,,,a,
ASN00092045,19651008,TMAX,144,,,a,
ASN00092045,19651009,TMAX,122,,,a,
ASN00092045,19651010,TMAX,178,,,a,
ASN00092045,19651011,TMAX,144,,,a,
ASN00092045,19651012,TMAX,156,,,a,
ASN00092045,19651013,TMAX,161,,,a,
ASN00092045,19651014,TMAX,244,,,a,
ASN00092045,19651015,TMAX,172,,,a,
ASN00092045,19651016,TMAX,133,,,a,
ASN00092045,19651017,TMAX,139,,,a,
ASN00092045,19651018,TMAX,139,,,a,
ASN00092045,19651019,TMAX,150,,,a,
ASN00092045,19651020,TMAX,183,,,a,
ASN00092045,19651021,TMAX,194,,,a,
ASN00092045,19651022,TMAX,200,,,a,
ASN00092045,19651023,TMAX,169,,,a,
ASN00092045,19651024,TMAX,211,,,a,
ASN00092045,19651025,TMAX,197,,,a,
ASN00092045,19651026,TMAX,183,,,a,
ASN00092045,19651027,TMAX,178,,,a,
ASN00092045,19651028,TMAX,167,,,a,
ASN00092045,19651029,TMAX,181,,,a,
ASN00092045,19651030,TMAX,206,,,a,
ASN00092045,19651031,TMAX,206,,,a,
ASN00092045,19651001,TMIN,50,,,a,
ASN00092045,19651002,TMIN,39,,,a,
ASN00092045,19651003,TMIN,81,,,a,
ASN00092045,19651004,TMIN,44,,,a,
ASN00092045,19651005,TMIN,28,,,a,
ASN00092045,19651006,TMIN,75,,,a,
ASN00092045,19651007,TMIN,81,,,a,
ASN00092045,19651008,TMIN,128,,,a,
ASN00092045,19651009,TMIN,86,,,a,
ASN00092045,19651010,TMIN,56,,,a,
ASN00092045,19651011,TMIN,58,,,a,
ASN00092045,19651012,TMIN,75,,,a,
ASN00092045,19651013,TMIN,92,,,a,
ASN00092045,19651014,TMIN,117,,,a,
ASN00092045,19651015,TMIN,94,,,a,
ASN00092045,19651016,TMIN,78,,,a,
ASN00092045,19651017,TMIN,89,,,a,
ASN00092045,19651018,TMIN,83,,,a,
ASN00092045,19651019,TMIN,94,,,a,
ASN00092045,19651020,TMIN,94,,,a,
ASN00092045,19651021,TMIN,89,,,a,
ASN00092045,19651022,TMIN,111,,,a,
ASN00092045,19651023,TMIN,119,,,a,
ASN00092045,19651024,TMIN,125,,,a,
ASN00092045,19651025,TMIN,106,,,a,
ASN00092045,19651026,TMIN,81,,,a,
ASN00092045,19651027,TMIN,103,,,a,
ASN00092045,19651028,TMIN,94,,,a,
ASN00092045,19651029,TMIN,92,,,a,
ASN00092045,19651030,TMIN,111,,,a,
ASN00092045,19651031,TMIN,117,,,a,
ASN00092045,19651001,PRCP,114,,,a,
ASN00092045,19651002,PRCP,0,,,a,
ASN00092045,19651003,PRCP,0,,,a,
ASN00092045,19651004,PRCP,0,,,a,
ASN00092045,19651005,PRCP,15,,,a,
ASN00092045,19651006,PRCP,0,,,a,
ASN00092045,19651007,PRCP,0,,,a,
ASN00092045,19651008,PRCP,13,,,a,
ASN00092045,19651009,PRCP,150,,,a,
ASN00092045,19651010,PRCP,0,,,a,
ASN00092045,19651011,PRCP,0,,,a,
ASN00092045,19651012,PRCP,0,,,a,
ASN00092045,19651013,PRCP,0,,,a,
ASN00092045,19651014,PRCP,0,,,a,
ASN00092045,19651015,PRCP,0,,,a,
ASN00092045,19651016,PRCP,8,,,a,
ASN00092045,19651017,PRCP,0,,,a,
ASN00092045,19651018,PRCP,0,,,a,
ASN00092045,19651019,PRCP,0,,,a,
ASN00092045,19651020,PRCP,0,,,a,
ASN00092045,19651021,PRCP,0,,,a,
ASN00092045,19651022,PRCP,0,,,a,
ASN00092045,19651023,PRCP,0,,,a,
ASN00092045,19651024,PRCP,0,,,a,
ASN00092045,19651025,PRCP,0,,,a,
ASN00092045,19651026,PRCP,0,,,a,
ASN00092045,19651027,PRCP,0,,,a,
ASN00092045,19651028,PRCP,0,,,a,
ASN00092045,19651029,PRCP,0,,,a,
ASN00092045,19651030,PRCP,3,,,a,
ASN00092045,19651031,PRCP,3,,,a,
ASN00092045,19651101,TMAX,136,,,a,
ASN00092045,19651102,TMAX,164,,,a,
ASN00092045,19651103,TMAX,189,,,a,
ASN00092045,19651104,TMAX,175,,,a,
ASN00092045,19651105,TMAX,144,,,a,
ASN00092045,19651106,TMAX,158,,,a,
ASN00092045,19651107,TMAX,156,,,a,
ASN00092045,19651108,TMAX,172,,,a,
ASN00092045,19651109,TMAX,183,,,a,
ASN00092045,19651110,TMAX,150,,,a,
ASN00092045,19651111,TMAX,136,,,a,
ASN00092045,19651112,TMAX,139,,,a,
ASN00092045,19651113,TMAX,150,,,a,
ASN00092045,19651114,TMAX,197,,,a,
ASN00092045,19651115,TMAX,217,,,a,
ASN00092045,19651116,TMAX,161,,,a,
ASN00092045,19651117,TMAX,172,,,a,
ASN00092045,19651118,TMAX,172,,,a,
ASN00092045,19651119,TMAX,161,,,a,
ASN00092045,19651120,TMAX,217,,,a,
ASN00092045,19651121,TMAX,172,,,a,
ASN00092045,19651122,TMAX,167,,,a,
ASN00092045,19651123,TMAX,178,,,a,
ASN00092045,19651124,TMAX,144,,,a,
ASN00092045,19651125,TMAX,153,,,a,
ASN00092045,19651126,TMAX,183,,,a,
ASN00092045,19651127,TMAX,167,,,a,
ASN00092045,19651128,TMAX,156,,,a,
ASN00092045,19651129,TMAX,164,,,a,
ASN00092045,19651130,TMAX,156,,,a,
ASN00092045,19651101,TMIN,31,,,a,
ASN00092045,19651102,TMIN,94,,,a,
ASN00092045,19651103,TMIN,119,,,a,
ASN00092045,19651104,TMIN,78,,,a,
ASN00092045,19651105,TMIN,111,,,a,
ASN00092045,19651106,TMIN,78,,,a,
ASN00092045,19651107,TMIN,83,,,a,
ASN00092045,19651108,TMIN,100,,,a,
ASN00092045,19651109,TMIN,136,,,a,
ASN00092045,19651110,TMIN,83,,,a,
ASN00092045,19651111,TMIN,67,,,a,
ASN00092045,19651112,TMIN,72,,,a,
ASN00092045,19651113,TMIN,83,,,a,
ASN00092045,19651114,TMIN,100,,,a,
ASN00092045,19651115,TMIN,122,,,a,
ASN00092045,19651116,TMIN,83,,,a,
ASN00092045,19651117,TMIN,39,,,a,
ASN00092045,19651118,TMIN,83,,,a,
ASN00092045,19651119,TMIN,103,,,a,
ASN00092045,19651120,TMIN,86,,,a,
ASN00092045,19651121,TMIN,114,,,a,
ASN00092045,19651122,TMIN,128,,,a,
ASN00092045,19651123,TMIN,94,,,a,
ASN00092045,19651124,TMIN,133,,,a,
ASN00092045,19651125,TMIN,94,,,a,
ASN00092045,19651126,TMIN,100,,,a,
ASN00092045,19651127,TMIN,58,,,a,
ASN00092045,19651128,TMIN,89,,,a,
ASN00092045,19651129,TMIN,108,,,a,
ASN00092045,19651130,TMIN,128,,,a,
ASN00092045,19651101,PRCP,8,,,a,
ASN00092045,19651102,PRCP,0,,,a,
ASN00092045,19651103,PRCP,0,,,a,
ASN00092045,19651104,PRCP,0,,,a,
ASN00092045,19651105,PRCP,56,,,a,
ASN00092045,19651106,PRCP,8,,,a,
ASN00092045,19651107,PRCP,0,,,a,
ASN00092045,19651108,PRCP,0,,,a,
ASN00092045,19651109,PRCP,13,,,a,
ASN00092045,19651110,PRCP,3,,,a,
ASN00092045,19651111,PRCP,79,,,a,
ASN00092045,19651112,PRCP,28,,,a,
ASN00092045,19651113,PRCP,0,,,a,
ASN00092045,19651114,PRCP,0,,,a,
ASN00092045,19651115,PRCP,5,,,a,
ASN00092045,19651116,PRCP,23,,,a,
ASN00092045,19651117,PRCP,15,,,a,
ASN00092045,19651118,PRCP,0,,,a,
ASN00092045,19651119,PRCP,0,,,a,
ASN00092045,19651120,PRCP,3,,,a,
ASN00092045,19651121,PRCP,0,,,a,
ASN00092045,19651122,PRCP,0,,,a,
ASN00092045,19651123,PRCP,0,,,a,
ASN00092045,19651124,PRCP,61,,,a,
ASN00092045,19651125,PRCP,414,,,a,
ASN00092045,19651126,PRCP,0,,,a,
ASN00092045,19651127,PRCP,0,,,a,
ASN00092045,19651128,PRCP,0,,,a,
ASN00092045,19651129,PRCP,0,,,a,
ASN00092045,19651130,PRCP,0,,,a,
ASN00092045,19651201,TMAX,150,,,a,
ASN00092045,19651202,TMAX,161,,,a,
ASN00092045,19651203,TMAX,239,,,a,
ASN00092045,19651204,TMAX,167,,,a,
ASN00092045,19651205,TMAX,183,,,a,
ASN00092045,19651206,TMAX,178,,,a,
ASN00092045,19651207,TMAX,194,,,a,
ASN00092045,19651208,TMAX,206,,,a,
ASN00092045,19651209,TMAX,172,,,a,
ASN00092045,19651210,TMAX,175,,,a,
ASN00092045,19651211,TMAX,181,,,a,
ASN00092045,19651212,TMAX,178,,,a,
ASN00092045,19651213,TMAX,222,,,a,
ASN00092045,19651214,TMAX,194,,,a,
ASN00092045,19651215,TMAX,172,,,a,
ASN00092045,19651216,TMAX,164,,,a,
ASN00092045,19651217,TMAX,200,,,a,
ASN00092045,19651218,TMAX,156,,,a,
ASN00092045,19651219,TMAX,178,,,a,
ASN00092045,19651220,TMAX,167,,,a,
ASN00092045,19651221,TMAX,183,,,a,
ASN00092045,19651222,TMAX,194,,,a,
ASN00092045,19651223,TMAX,211,,,a,
ASN00092045,19651224,TMAX,206,,,a,
ASN00092045,19651225,TMAX,233,,,a,
ASN00092045,19651226,TMAX,147,,,a,
ASN00092045,19651227,TMAX,158,,,a,
ASN00092045,19651228,TMAX,194,,,a,
ASN00092045,19651229,TMAX,172,,,a,
ASN00092045,19651230,TMAX,217,,,a,
ASN00092045,19651231,TMAX,228,,,a,
ASN00092045,19651201,TMIN,139,,,a,
ASN00092045,19651202,TMIN,128,,,a,
ASN00092045,19651203,TMIN,139,,,a,
ASN00092045,19651204,TMIN,136,,,a,
ASN00092045,19651205,TMIN,133,,,a,
ASN00092045,19651206,TMIN,133,,,a,
ASN00092045,19651207,TMIN,139,,,a,
ASN00092045,19651208,TMIN,144,,,a,
ASN00092045,19651209,TMIN,128,,,a,
ASN00092045,19651210,TMIN,139,,,a,
ASN00092045,19651211,TMIN,125,,,a,
ASN00092045,19651212,TMIN,122,,,a,
ASN00092045,19651213,TMIN,147,,,a,
ASN00092045,19651214,TMIN,125,,,a,
ASN00092045,19651215,TMIN,92,,,a,
ASN00092045,19651216,TMIN,56,,,a,
ASN00092045,19651217,TMIN,67,,,a,
ASN00092045,19651218,TMIN,94,,,a,
ASN00092045,19651219,TMIN,94,,,a,
ASN00092045,19651220,TMIN,128,,,a,
ASN00092045,19651221,TMIN,128,,,a,
ASN00092045,19651222,TMIN,150,,,a,
ASN00092045,19651223,TMIN,150,,,a,
ASN00092045,19651224,TMIN,144,,,a,
ASN00092045,19651225,TMIN,133,,,a,
ASN00092045,19651226,TMIN,128,,,a,
ASN00092045,19651227,TMIN,108,,,a,
ASN00092045,19651228,TMIN,122,,,a,
ASN00092045,19651229,TMIN,128,,,a,
ASN00092045,19651230,TMIN,136,,,a,
ASN00092045,19651231,TMIN,147,,,a,
ASN00092045,19651201,PRCP,79,,,a,
ASN00092045,19651202,PRCP,808,,,a,
ASN00092045,19651203,PRCP,10,,,a,
ASN00092045,19651204,PRCP,0,,,a,
ASN00092045,19651205,PRCP,10,,,a,
ASN00092045,19651206,PRCP,0,,,a,
ASN00092045,19651207,PRCP,10,,,a,
ASN00092045,19651208,PRCP,36,,,a,
ASN00092045,19651209,PRCP,0,,,a,
ASN00092045,19651210,PRCP,0,,,a,
ASN00092045,19651211,PRCP,0,,,a,
ASN00092045,19651212,PRCP,0,,,a,
ASN00092045,19651213,PRCP,0,,,a,
ASN00092045,19651214,PRCP,41,,,a,
ASN00092045,19651215,PRCP,0,,,a,
ASN00092045,19651216,PRCP,76,,,a,
ASN00092045,19651217,PRCP,0,,,a,
ASN00092045,19651218,PRCP,0,,,a,
ASN00092045,19651219,PRCP,5,,,a,
ASN00092045,19651220,PRCP,0,,,a,
ASN00092045,19651221,PRCP,0,,,a,
ASN00092045,19651222,PRCP,0,,,a,
ASN00092045,19651223,PRCP,0,,,a,
ASN00092045,19651224,PRCP,38,,,a,
ASN00092045,19651225,PRCP,10,,,a,
ASN00092045,19651226,PRCP,0,,,a,
ASN00092045,19651227,PRCP,0,,,a,
ASN00092045,19651228,PRCP,3,,,a,
ASN00092045,19651229,PRCP,5,,,a,
ASN00092045,19651230,PRCP,0,,,a,
ASN00092045,19651231,PRCP,8,,,a,
ASN00092045,19660101,TMAX,167,,,a,
ASN00092045,19660102,TMAX,183,,,a,
ASN00092045,19660103,TMAX,217,,,a,
ASN00092045,19660104,TMAX,200,,,a,
ASN00092045,19660105,TMAX,217,,,a,
ASN00092045,19660106,TMAX,194,,,a,
ASN00092045,19660107,TMAX,194,,,a,
ASN00092045,19660108,TMAX,206,,,a,
ASN00092045,19660109,TMAX,206,,,a,
ASN00092045,19660110,TMAX,261,,,a,
ASN00092045,19660111,TMAX,194,,,a,
ASN00092045,19660112,TMAX,217,,,a,
ASN00092045,19660113,TMAX,200,,,a,
ASN00092045,19660114,TMAX,206,,,a,
ASN00092045,19660115,TMAX,317,,,a,
ASN00092045,19660116,TMAX,206,,,a,
ASN00092045,19660117,TMAX,183,,,a,
ASN00092045,19660118,TMAX,183,,,a,
ASN00092045,19660119,TMAX,189,,,a,
ASN00092045,19660120,TMAX,189,,,a,
ASN00092045,19660121,TMAX,189,,,a,
ASN00092045,19660122,TMAX,172,,,a,
ASN00092045,19660123,TMAX,194,,,a,
ASN00092045,19660124,TMAX,183,,,a,
ASN00092045,19660125,TMAX,200,,,a,
ASN00092045,19660126,TMAX,317,,,a,
ASN00092045,19660127,TMAX,199,,,a,
ASN00092045,19660128,TMAX,222,,,a,
ASN00092045,19660129,TMAX,256,,,a,
ASN00092045,19660130,TMAX,189,,,a,
ASN00092045,19660131,TMAX,211,,,a,
ASN00092045,19660101,TMIN,119,,,a,
ASN00092045,19660102,TMIN,122,,,a,
ASN00092045,19660103,TMIN,122,,,a,
ASN00092045,19660104,TMIN,111,,,a,
ASN00092045,19660105,TMIN,111,,,a,
ASN00092045,19660106,TMIN,144,,,a,
ASN00092045,19660107,TMIN,136,,,a,
ASN00092045,19660108,TMIN,144,,,a,
ASN00092045,19660109,TMIN,144,,,a,
ASN00092045,19660110,TMIN,150,,,a,
ASN00092045,19660111,TMIN,156,,,a,
ASN00092045,19660112,TMIN,164,,,a,
ASN00092045,19660113,TMIN,147,,,a,
ASN00092045,19660114,TMIN,125,,,a,
ASN00092045,19660115,TMIN,167,,,a,
ASN00092045,19660116,TMIN,150,,,a,
ASN00092045,19660117,TMIN,111,,,a,
ASN00092045,19660118,TMIN,50,,,a,
ASN00092045,19660119,TMIN,144,,,a,
ASN00092045,19660120,TMIN,128,,,a,
ASN00092045,19660121,TMIN,128,,,a,
ASN00092045,19660122,TMIN,128,,,a,
ASN00092045,19660123,TMIN,128,,,a,
ASN00092045,19660124,TMIN,128,,,a,
ASN00092045,19660125,TMIN,144,,,a,
ASN00092045,19660126,TMIN,150,,,a,
ASN00092045,19660127,TMIN,156,,,a,
ASN00092045,19660128,TMIN,150,,,a,
ASN00092045,19660129,TMIN,161,,,a,
ASN00092045,19660130,TMIN,117,,,a,
ASN00092045,19660131,TMIN,94,,,a,
ASN00092045,19660101,PRCP,25,,,a,
ASN00092045,19660102,PRCP,0,,,a,
ASN00092045,19660103,PRCP,0,,,a,
ASN00092045,19660104,PRCP,0,,,a,
ASN00092045,19660105,PRCP,0,,,a,
ASN00092045,19660106,PRCP,0,,,a,
ASN00092045,19660107,PRCP,0,,,a,
ASN00092045,19660108,PRCP,0,,,a,
ASN00092045,19660109,PRCP,0,,,a,
ASN00092045,19660110,PRCP,0,,,a,
ASN00092045,19660111,PRCP,0,,,a,
ASN00092045,19660112,PRCP,0,,,a,
ASN00092045,19660113,PRCP,28,,,a,
ASN00092045,19660114,PRCP,0,,,a,
ASN00092045,19660115,PRCP,0,,,a,
ASN00092045,19660116,PRCP,0,,,a,
ASN00092045,19660117,PRCP,25,,,a,
ASN00092045,19660118,PRCP,0,,,a,
ASN00092045,19660119,PRCP,0,,,a,
ASN00092045,19660120,PRCP,0,,,a,
ASN00092045,19660121,PRCP,0,,,a,
ASN00092045,19660122,PRCP,0,,,a,
ASN00092045,19660123,PRCP,23,,,a,
ASN00092045,19660124,PRCP,0,,,a,
ASN00092045,19660125,PRCP,0,,,a,
ASN00092045,19660126,PRCP,0,,,a,
ASN00092045,19660127,PRCP,0,,,a,
ASN00092045,19660128,PRCP,0,,,a,
ASN00092045,19660129,PRCP,15,,,a,
ASN00092045,19660130,PRCP,0,,,a,
ASN00092045,19660131,PRCP,13,,,a,
ASN00092045,19660201,TMAX,211,,,a,
ASN00092045,19660202,TMAX,228,,,a,
ASN00092045,19660203,TMAX,228,,,a,
ASN00092045,19660204,TMAX,189,,,a,
ASN00092045,19660205,TMAX,167,,,a,
ASN00092045,19660206,TMAX,194,,,a,
ASN00092045,19660207,TMAX,194,,,a,
ASN00092045,19660208,TMAX,183,,,a,
ASN00092045,19660209,TMAX,228,,,a,
ASN00092045,19660210,TMAX,203,,,a,
ASN00092045,19660211,TMAX,206,,,a,
ASN00092045,19660212,TMAX,211,,,a,
ASN00092045,19660213,TMAX,183,,,a,
ASN00092045,19660214,TMAX,233,,,a,
ASN00092045,19660215,TMAX,239,,,a,
ASN00092045,19660216,TMAX,189,,,a,
ASN00092045,19660217,TMAX,200,,,a,
ASN00092045,19660218,TMAX,178,,,a,
ASN00092045,19660219,TMAX,161,,,a,
ASN00092045,19660220,TMAX,178,,,a,
ASN00092045,19660221,TMAX,200,,,a,
ASN00092045,19660222,TMAX,217,,,a,
ASN00092045,19660223,TMAX,206,,,a,
ASN00092045,19660224,TMAX,178,,,a,
ASN00092045,19660225,TMAX,178,,,a,
ASN00092045,19660226,TMAX,183,,,a,
ASN00092045,19660227,TMAX,200,,,a,
ASN00092045,19660228,TMAX,200,,,a,
ASN00092045,19660201,TMIN,94,,,a,
ASN00092045,19660202,TMIN,89,,,a,
ASN00092045,19660203,TMIN,117,,,a,
ASN00092045,19660204,TMIN,150,,,a,
ASN00092045,19660205,TMIN,111,,,a,
ASN00092045,19660206,TMIN,100,,,a,
ASN00092045,19660207,TMIN,139,,,a,
ASN00092045,19660208,TMIN,139,,,a,
ASN00092045,19660209,TMIN,94,,,a,
ASN00092045,19660210,TMIN,147,,,a,
ASN00092045,19660211,TMIN,139,,,a,
ASN00092045,19660212,TMIN,133,,,a,
ASN00092045,19660213,TMIN,156,,,a,
ASN00092045,19660214,TMIN,144,,,a,
ASN00092045,19660215,TMIN,156,,,a,
ASN00092045,19660216,TMIN,117,,,a,
ASN00092045,19660217,TMIN,128,,,a,
ASN00092045,19660218,TMIN,128,,,a,
ASN00092045,19660219,TMIN,125,,,a,
ASN00092045,19660220,TMIN,133,,,a,
ASN00092045,19660221,TMIN,133,,,a,
ASN00092045,19660222,TMIN,144,,,a,
ASN00092045,19660223,TMIN,167,,,a,
ASN00092045,19660224,TMIN,128,,,a,
ASN00092045,19660225,TMIN,139,,,a,
ASN00092045,19660226,TMIN,139,,,a,
ASN00092045,19660227,TMIN,147,,,a,
ASN00092045,19660228,TMIN,156,,,a,
ASN00092045,19660201,PRCP,0,,,a,
ASN00092045,19660202,PRCP,0,,,a,
ASN00092045,19660203,PRCP,0,,,a,
ASN00092045,19660204,PRCP,18,,,a,
ASN00092045,19660205,PRCP,94,,,a,
ASN00092045,19660206,PRCP,0,,,a,
ASN00092045,19660207,PRCP,0,,,a,
ASN00092045,19660208,PRCP,0,,,a,
ASN00092045,19660209,PRCP,0,,,a,
ASN00092045,19660210,PRCP,0,,,a,
ASN00092045,19660211,PRCP,5,,,a,
ASN00092045,19660212,PRCP,25,,,a,
ASN00092045,19660213,PRCP,5,,,a,
ASN00092045,19660214,PRCP,36,,,a,
ASN00092045,19660215,PRCP,13,,,a,
ASN00092045,19660216,PRCP,0,,,a,
ASN00092045,19660217,PRCP,0,,,a,
ASN00092045,19660218,PRCP,0,,,a,
ASN00092045,19660219,PRCP,3,,,a,
ASN00092045,19660220,PRCP,0,,,a,
ASN00092045,19660221,PRCP,25,,,a,
ASN00092045,19660222,PRCP,99,,,a,
ASN00092045,19660223,PRCP,0,,,a,
ASN00092045,19660224,PRCP,112,,,a,
ASN00092045,19660225,PRCP,117,,,a,
ASN00092045,19660226,PRCP,18,,,a,
ASN00092045,19660227,PRCP,0,,,a,
ASN00092045,19660228,PRCP,0,,,a,
ASN00092045,19660301,TMAX,239,,,a,
ASN00092045,19660302,TMAX,183,,,a,
ASN00092045,19660303,TMAX,172,,,a,
ASN00092045,19660304,TMAX,233,,,a,
ASN00092045,19660305,TMAX,203,,,a,
ASN00092045,19660306,TMAX,206,,,a,
ASN00092045,19660307,TMAX,328,,,a,
ASN00092045,19660308,TMAX,261,,,a,
ASN00092045,19660309,TMAX,233,,,a,
ASN00092045,19660310,TMAX,189,,,a,
ASN00092045,19660311,TMAX,194,,,a,
ASN00092045,19660312,TMAX,206,,,a,
ASN00092045,19660313,TMAX,206,,,a,
ASN00092045,19660314,TMAX,186,,,a,
ASN00092045,19660315,TMAX,194,,,a,
ASN00092045,19660316,TMAX,211,,,a,
ASN00092045,19660317,TMAX,203,,,a,
ASN00092045,19660318,TMAX,183,,,a,
ASN00092045,19660319,TMAX,200,,,a,
ASN00092045,19660320,TMAX,200,,,a,
ASN00092045,19660321,TMAX,206,,,a,
ASN00092045,19660322,TMAX,194,,,a,
ASN00092045,19660323,TMAX,211,,,a,
ASN00092045,19660324,TMAX,172,,,a,
ASN00092045,19660325,TMAX,158,,,a,
ASN00092045,19660326,TMAX,161,,,a,
ASN00092045,19660327,TMAX,161,,,a,
ASN00092045,19660328,TMAX,178,,,a,
ASN00092045,19660329,TMAX,161,,,a,
ASN00092045,19660330,TMAX,183,,,a,
ASN00092045,19660331,TMAX,200,,,a,
ASN00092045,19660301,TMIN,136,,,a,
ASN00092045,19660302,TMIN,133,,,a,
ASN00092045,19660303,TMIN,106,,,a,
ASN00092045,19660304,TMIN,111,,,a,
ASN00092045,19660305,TMIN,133,,,a,
ASN00092045,19660306,TMIN,161,,,a,
ASN00092045,19660307,TMIN,144,,,a,
ASN00092045,19660308,TMIN,200,,,a,
ASN00092045,19660309,TMIN,167,,,a,
ASN00092045,19660310,TMIN,150,,,a,
ASN00092045,19660311,TMIN,150,,,a,
ASN00092045,19660312,TMIN,172,,,a,
ASN00092045,19660313,TMIN,117,,,a,
ASN00092045,19660314,TMIN,156,,,a,
ASN00092045,19660315,TMIN,156,,,a,
ASN00092045,19660316,TMIN,172,,,a,
ASN00092045,19660317,TMIN,133,,,a,
ASN00092045,19660318,TMIN,156,,,a,
ASN00092045,19660319,TMIN,156,,,a,
ASN00092045,19660320,TMIN,167,,,a,
ASN00092045,19660321,TMIN,150,,,a,
ASN00092045,19660322,TMIN,128,,,a,
ASN00092045,19660323,TMIN,117,,,a,
ASN00092045,19660324,TMIN,150,,,a,
ASN00092045,19660325,TMIN,139,,,a,
ASN00092045,19660326,TMIN,133,,,a,
ASN00092045,19660327,TMIN,122,,,a,
ASN00092045,19660328,TMIN,94,,,a,
ASN00092045,19660329,TMIN,67,,,a,
ASN00092045,19660330,TMIN,78,,,a,
ASN00092045,19660331,TMIN,100,,,a,
ASN00092045,19660301,PRCP,0,,,a,
ASN00092045,19660302,PRCP,0,,,a,
ASN00092045,19660303,PRCP,0,,,a,
ASN00092045,19660304,PRCP,0,,,a,
ASN00092045,19660305,PRCP,0,,,a,
ASN00092045,19660306,PRCP,0,,,a,
ASN00092045,19660307,PRCP,0,,,a,
ASN00092045,19660308,PRCP,0,,,a,
ASN00092045,19660309,PRCP,8,,,a,
ASN00092045,19660310,PRCP,0,,,a,
ASN00092045,19660311,PRCP,0,,,a,
ASN00092045,19660312,PRCP,0,,,a,
ASN00092045,19660313,PRCP,30,,,a,
ASN00092045,19660314,PRCP,0,,,a,
ASN00092045,19660315,PRCP,46,,,a,
ASN00092045,19660316,PRCP,0,,,a,
ASN00092045,19660317,PRCP,5,,,a,
ASN00092045,19660318,PRCP,0,,,a,
ASN00092045,19660319,PRCP,76,,,a,
ASN00092045,19660320,PRCP,69,,,a,
ASN00092045,19660321,PRCP,69,,,a,
ASN00092045,19660322,PRCP,56,,,a,
ASN00092045,19660323,PRCP,114,,,a,
ASN00092045,19660324,PRCP,58,,,a,
ASN00092045,19660325,PRCP,10,,,a,
ASN00092045,19660326,PRCP,0,,,a,
ASN00092045,19660327,PRCP,0,,,a,
ASN00092045,19660328,PRCP,0,,,a,
ASN00092045,19660329,PRCP,0,,,a,
ASN00092045,19660330,PRCP,5,,,a,
ASN00092045,19660331,PRCP,0,,,a,
ASN00092045,19660401,TMAX,222,,,a,
ASN00092045,19660402,TMAX,228,,,a,
ASN00092045,19660403,TMAX,194,,,a,
ASN00092045,19660404,TMAX,200,,,a,
ASN00092045,19660405,TMAX,189,,,a,
ASN00092045,19660406,TMAX,183,,,a,
ASN00092045,19660407,TMAX,172,,,a,
ASN00092045,19660408,TMAX,144,,,a,
ASN00092045,19660409,TMAX,156,,,a,
ASN00092045,19660410,TMAX,194,,,a,
ASN00092045,19660411,TMAX,211,,,a,
ASN00092045,19660412,TMAX,178,,,a,
ASN00092045,19660413,TMAX,242,,,a,
ASN00092045,19660414,TMAX,172,,,a,
ASN00092045,19660415,TMAX,172,,,a,
ASN00092045,19660416,TMAX,156,,,a,
ASN00092045,19660417,TMAX,189,,,a,
ASN00092045,19660418,TMAX,183,,,a,
ASN00092045,19660419,TMAX,189,,,a,
ASN00092045,19660420,TMAX,189,,,a,
ASN00092045,19660421,TMAX,183,,,a,
ASN00092045,19660422,TMAX,139,,,a,
ASN00092045,19660423,TMAX,144,,,a,
ASN00092045,19660424,TMAX,172,,,a,
ASN00092045,19660425,TMAX,156,,,a,
ASN00092045,19660426,TMAX,139,,,a,
ASN00092045,19660427,TMAX,144,,,a,
ASN00092045,19660428,TMAX,161,,,a,
ASN00092045,19660429,TMAX,150,,,a,
ASN00092045,19660430,TMAX,128,,,a,
ASN00092045,19660401,TMIN,128,,,a,
ASN00092045,19660402,TMIN,133,,,a,
ASN00092045,19660403,TMIN,111,,,a,
ASN00092045,19660404,TMIN,83,,,a,
ASN00092045,19660405,TMIN,128,,,a,
ASN00092045,19660406,TMIN,94,,,a,
ASN00092045,19660407,TMIN,100,,,a,
ASN00092045,19660408,TMIN,67,,,a,
ASN00092045,19660409,TMIN,56,,,a,
ASN00092045,19660410,TMIN,94,,,a,
ASN00092045,19660411,TMIN,100,,,a,
ASN00092045,19660412,TMIN,111,,,a,
ASN00092045,19660413,TMIN,144,,,a,
ASN00092045,19660414,TMIN,83,,,a,
ASN00092045,19660415,TMIN,117,,,a,
ASN00092045,19660416,TMIN,61,,,a,
ASN00092045,19660417,TMIN,94,,,a,
ASN00092045,19660418,TMIN,106,,,a,
ASN00092045,19660419,TMIN,117,,,a,
ASN00092045,19660420,TMIN,117,,,a,
ASN00092045,19660421,TMIN,128,,,a,
ASN00092045,19660422,TMIN,89,,,a,
ASN00092045,19660423,TMIN,39,,,a,
ASN00092045,19660424,TMIN,56,,,a,
ASN00092045,19660425,TMIN,67,,,a,
ASN00092045,19660426,TMIN,89,,,a,
ASN00092045,19660427,TMIN,89,,,a,
ASN00092045,19660428,TMIN,94,,,a,
ASN00092045,19660429,TMIN,72,,,a,
ASN00092045,19660430,TMIN,56,,,a,
ASN00092045,19660401,PRCP,0,,,a,
ASN00092045,19660402,PRCP,0,,,a,
ASN00092045,19660403,PRCP,0,,,a,
ASN00092045,19660404,PRCP,28,,,a,
ASN00092045,19660405,PRCP,0,,,a,
ASN00092045,19660406,PRCP,33,,,a,
ASN00092045,19660407,PRCP,8,,,a,
ASN00092045,19660408,PRCP,56,,,a,
ASN00092045,19660409,PRCP,0,,,a,
ASN00092045,19660410,PRCP,0,,,a,
ASN00092045,19660411,PRCP,0,,,a,
ASN00092045,19660412,PRCP,5,,,a,
ASN00092045,19660413,PRCP,10,,,a,
ASN00092045,19660414,PRCP,36,,,a,
ASN00092045,19660415,PRCP,0,,,a,
ASN00092045,19660416,PRCP,0,,,a,
ASN00092045,19660417,PRCP,46,,,a,
ASN00092045,19660418,PRCP,0,,,a,
ASN00092045,19660419,PRCP,0,,,a,
ASN00092045,19660420,PRCP,13,,,a,
ASN00092045,19660421,PRCP,0,,,a,
ASN00092045,19660422,PRCP,391,,,a,
ASN00092045,19660423,PRCP,81,,,a,
ASN00092045,19660424,PRCP,0,,,a,
ASN00092045,19660425,PRCP,0,,,a,
ASN00092045,19660426,PRCP,104,,,a,
ASN00092045,19660427,PRCP,10,,,a,
ASN00092045,19660428,PRCP,0,,,a,
ASN00092045,19660429,PRCP,20,,,a,
ASN00092045,19660430,PRCP,41,,,a,
ASN00092045,19660501,TMAX,150,,,a,
ASN00092045,19660502,TMAX,144,,,a,
ASN00092045,19660503,TMAX,167,,,a,
ASN00092045,19660504,TMAX,167,,,a,
ASN00092045,19660505,TMAX,144,,,a,
ASN00092045,19660506,TMAX,153,,,a,
ASN00092045,19660507,TMAX,161,,,a,
ASN00092045,19660508,TMAX,161,,,a,
ASN00092045,19660509,TMAX,150,,,a,
ASN00092045,19660510,TMAX,167,,,a,
ASN00092045,19660511,TMAX,133,,,a,
ASN00092045,19660512,TMAX,156,,,a,
ASN00092045,19660513,TMAX,189,,,a,
ASN00092045,19660514,TMAX,172,,,a,
ASN00092045,19660515,TMAX,139,,,a,
ASN00092045,19660516,TMAX,117,,,a,
ASN00092045,19660517,TMAX,144,,,a,
ASN00092045,19660518,TMAX,161,,,a,
ASN00092045,19660519,TMAX,150,,,a,
ASN00092045,19660520,TMAX,122,,,a,
ASN00092045,19660521,TMAX,133,,,a,
ASN00092045,19660522,TMAX,128,,,a,
ASN00092045,19660523,TMAX,128,,,a,
ASN00092045,19660524,TMAX,122,,,a,
ASN00092045,19660525,TMAX,144,,,a,
ASN00092045,19660526,TMAX,144,,,a,
ASN00092045,19660527,TMAX,156,,,a,
ASN00092045,19660528,TMAX,150,,,a,
ASN00092045,19660529,TMAX,167,,,a,
ASN00092045,19660530,TMAX,150,,,a,
ASN00092045,19660531,TMAX,158,,,a,
ASN00092045,19660501,TMIN,50,,,a,
ASN00092045,19660502,TMIN,100,,,a,
ASN00092045,19660503,TMIN,106,,,a,
ASN00092045,19660504,TMIN,117,,,a,
ASN00092045,19660505,TMIN,133,,,a,
ASN00092045,19660506,TMIN,72,,,a,
ASN00092045,19660507,TMIN,92,,,a,
ASN00092045,19660508,TMIN,117,,,a,
ASN00092045,19660509,TMIN,94,,,a,
ASN00092045,19660510,TMIN,117,,,a,
ASN00092045,19660511,TMIN,83,,,a,
ASN00092045,19660512,TMIN,83,,,a,
ASN00092045,19660513,TMIN,111,,,a,
ASN00092045,19660514,TMIN,128,,,a,
ASN00092045,19660515,TMIN,94,,,a,
ASN00092045,19660516,TMIN,50,,,a,
ASN00092045,19660517,TMIN,64,,,a,
ASN00092045,19660518,TMIN,100,,,a,
ASN00092045,19660519,TMIN,128,,,a,
ASN00092045,19660520,TMIN,83,,,a,
ASN00092045,19660521,TMIN,44,,,a,
ASN00092045,19660522,TMIN,25,,,a,
ASN00092045,19660523,TMIN,50,,,a,
ASN00092045,19660524,TMIN,33,,,a,
ASN00092045,19660525,TMIN,50,,,a,
ASN00092045,19660526,TMIN,111,,,a,
ASN00092045,19660527,TMIN,78,,,a,
ASN00092045,19660528,TMIN,89,,,a,
ASN00092045,19660529,TMIN,117,,,a,
ASN00092045,19660530,TMIN,89,,,a,
ASN00092045,19660531,TMIN,94,,,a,
ASN00092045,19660501,PRCP,0,,,a,
ASN00092045,19660502,PRCP,0,,,a,
ASN00092045,19660503,PRCP,0,,,a,
ASN00092045,19660504,PRCP,5,,,a,
ASN00092045,19660505,PRCP,114,,,a,
ASN00092045,19660506,PRCP,91,,,a,
ASN00092045,19660507,PRCP,76,,,a,
ASN00092045,19660508,PRCP,0,,,a,
ASN00092045,19660509,PRCP,8,,,a,
ASN00092045,19660510,PRCP,0,,,a,
ASN00092045,19660511,PRCP,43,,,a,
ASN00092045,19660512,PRCP,0,,,a,
ASN00092045,19660513,PRCP,0,,,a,
ASN00092045,19660514,PRCP,0,,,a,
ASN00092045,19660515,PRCP,18,,,a,
ASN00092045,19660516,PRCP,0,,,a,
ASN00092045,19660517,PRCP,28,,,a,
ASN00092045,19660518,PRCP,13,,,a,
ASN00092045,19660519,PRCP,5,,,a,
ASN00092045,19660520,PRCP,10,,,a,
ASN00092045,19660521,PRCP,0,,,a,
ASN00092045,19660522,PRCP,0,,,a,
ASN00092045,19660523,PRCP,0,,,a,
ASN00092045,19660524,PRCP,0,,,a,
ASN00092045,19660525,PRCP,5,,,a,
ASN00092045,19660526,PRCP,13,,,a,
ASN00092045,19660527,PRCP,0,,,a,
ASN00092045,19660528,PRCP,0,,,a,
ASN00092045,19660529,PRCP,0,,,a,
ASN00092045,19660530,PRCP,5,,,a,
ASN00092045,19660531,PRCP,0,,,a,
ASN00092045,19660601,TMAX,128,,,a,
ASN00092045,19660602,TMAX,122,,,a,
ASN00092045,19660603,TMAX,100,,,a,
ASN00092045,19660604,TMAX,122,,,a,
ASN00092045,19660605,TMAX,119,,,a,
ASN00092045,19660606,TMAX,122,,,a,
ASN00092045,19660607,TMAX,133,,,a,
ASN00092045,19660608,TMAX,128,,,a,
ASN00092045,19660609,TMAX,128,,,a,
ASN00092045,19660610,TMAX,133,,,a,
ASN00092045,19660611,TMAX,139,,,a,
ASN00092045,19660612,TMAX,136,,,a,
ASN00092045,19660613,TMAX,122,,,a,
ASN00092045,19660614,TMAX,128,,,a,
ASN00092045,19660615,TMAX,128,,,a,
ASN00092045,19660616,TMAX,144,,,a,
ASN00092045,19660617,TMAX,161,,,a,
ASN00092045,19660618,TMAX,133,,,a,
ASN00092045,19660619,TMAX,152,,,a,
ASN00092045,19660620,TMAX,128,,,a,
ASN00092045,19660621,TMAX,114,,,a,
ASN00092045,19660622,TMAX,123,,,a,
ASN00092045,19660623,TMAX,128,,,a,
ASN00092045,19660624,TMAX,122,,,a,
ASN00092045,19660625,TMAX,113,,,a,
ASN00092045,19660626,TMAX,117,,,a,
ASN00092045,19660627,TMAX,133,,,a,
ASN00092045,19660628,TMAX,178,,,a,
ASN00092045,19660629,TMAX,122,,,a,
ASN00092045,19660630,TMAX,117,,,a,
ASN00092045,19660601,TMIN,69,,,a,
ASN00092045,19660602,TMIN,56,,,a,
ASN00092045,19660603,TMIN,50,,,a,
ASN00092045,19660604,TMIN,22,,,a,
ASN00092045,19660605,TMIN,50,,,a,
ASN00092045,19660606,TMIN,39,,,a,
ASN00092045,19660607,TMIN,44,,,a,
ASN00092045,19660608,TMIN,67,,,a,
ASN00092045,19660609,TMIN,61,,,a,
ASN00092045,19660610,TMIN,61,,,a,
ASN00092045,19660611,TMIN,67,,,a,
ASN00092045,19660612,TMIN,94,,,a,
ASN00092045,19660613,TMIN,111,,,a,
ASN00092045,19660614,TMIN,106,,,a,
ASN00092045,19660615,TMIN,106,,,a,
ASN00092045,19660616,TMIN,83,,,a,
ASN00092045,19660617,TMIN,89,,,a,
ASN00092045,19660618,TMIN,89,,,a,
ASN00092045,19660619,TMIN,108,,,a,
ASN00092045,19660620,TMIN,44,,,a,
ASN00092045,19660621,TMIN,33,,,a,
ASN00092045,19660622,TMIN,22,,,a,
ASN00092045,19660623,TMIN,11,,,a,
ASN00092045,19660624,TMIN,33,,,a,
ASN00092045,19660625,TMIN,50,,,a,
ASN00092045,19660626,TMIN,39,,,a,
ASN00092045,19660627,TMIN,56,,,a,
ASN00092045,19660628,TMIN,78,,,a,
ASN00092045,19660629,TMIN,50,,,a,
ASN00092045,19660630,TMIN,72,,,a,
ASN00092045,19660601,PRCP,0,,,a,
ASN00092045,19660602,PRCP,0,,,a,
ASN00092045,19660603,PRCP,183,,,a,
ASN00092045,19660604,PRCP,0,,,a,
ASN00092045,19660605,PRCP,0,,,a,
ASN00092045,19660606,PRCP,0,,,a,
ASN00092045,19660607,PRCP,0,,,a,
ASN00092045,19660608,PRCP,0,,,a,
ASN00092045,19660609,PRCP,0,,,a,
ASN00092045,19660610,PRCP,0,,,a,
ASN00092045,19660611,PRCP,48,,,a,
ASN00092045,19660612,PRCP,25,,,a,
ASN00092045,19660613,PRCP,25,,,a,
ASN00092045,19660614,PRCP,3,,,a,
ASN00092045,19660615,PRCP,0,,,a,
ASN00092045,19660616,PRCP,41,,,a,
ASN00092045,19660617,PRCP,0,,,a,
ASN00092045,19660618,PRCP,0,,,a,
ASN00092045,19660619,PRCP,5,,,a,
ASN00092045,19660620,PRCP,3,,,a,
ASN00092045,19660621,PRCP,0,,,a,
ASN00092045,19660622,PRCP,0,,,a,
ASN00092045,19660623,PRCP,0,,,a,
ASN00092045,19660624,PRCP,0,,,a,
ASN00092045,19660625,PRCP,13,,,a,
ASN00092045,19660626,PRCP,13,,,a,
ASN00092045,19660627,PRCP,0,,,a,
ASN00092045,19660628,PRCP,0,,,a,
ASN00092045,19660629,PRCP,0,,,a,
ASN00092045,19660630,PRCP,0,,,a,
ASN00092045,19660701,TMAX,111,,,a,
ASN00092045,19660702,TMAX,142,,,a,
ASN00092045,19660703,TMAX,139,,,a,
ASN00092045,19660704,TMAX,117,,,a,
ASN00092045,19660705,TMAX,128,,,a,
ASN00092045,19660706,TMAX,133,,,a,
ASN00092045,19660707,TMAX,128,,,a,
ASN00092045,19660708,TMAX,117,,,a,
ASN00092045,19660709,TMAX,117,,,a,
ASN00092045,19660710,TMAX,133,,,a,
ASN00092045,19660711,TMAX,128,,,a,
ASN00092045,19660712,TMAX,117,,,a,
ASN00092045,19660713,TMAX,114,,,a,
ASN00092045,19660714,TMAX,128,,,a,
ASN00092045,19660715,TMAX,128,,,a,
ASN00092045,19660716,TMAX,133,,,a,
ASN00092045,19660717,TMAX,133,,,a,
ASN00092045,19660718,TMAX,125,,,a,
ASN00092045,19660719,TMAX,144,,,a,
ASN00092045,19660720,TMAX,117,,,a,
ASN00092045,19660721,TMAX,117,,,a,
ASN00092045,19660722,TMAX,128,,,a,
ASN00092045,19660723,TMAX,139,,,a,
ASN00092045,19660724,TMAX,144,,,a,
ASN00092045,19660725,TMAX,122,,,a,
ASN00092045,19660726,TMAX,117,,,a,
ASN00092045,19660727,TMAX,139,,,a,
ASN00092045,19660728,TMAX,117,,,a,
ASN00092045,19660729,TMAX,130,,,a,
ASN00092045,19660730,TMAX,117,,,a,
ASN00092045,19660731,TMAX,133,,,a,
ASN00092045,19660701,TMIN,89,,,a,
ASN00092045,19660702,TMIN,94,,,a,
ASN00092045,19660703,TMIN,78,,,a,
ASN00092045,19660704,TMIN,72,,,a,
ASN00092045,19660705,TMIN,89,,,a,
ASN00092045,19660706,TMIN,72,,,a,
ASN00092045,19660707,TMIN,61,,,a,
ASN00092045,19660708,TMIN,0,,,a,
ASN00092045,19660709,TMIN,56,,,a,
ASN00092045,19660710,TMIN,100,,,a,
ASN00092045,19660711,TMIN,78,,,a,
ASN00092045,19660712,TMIN,83,,,a,
ASN00092045,19660713,TMIN,83,,,a,
ASN00092045,19660714,TMIN,83,,,a,
ASN00092045,19660716,TMIN,72,,,a,
ASN00092045,19660717,TMIN,78,,,a,
ASN00092045,19660718,TMIN,78,,,a,
ASN00092045,19660719,TMIN,61,,,a,
ASN00092045,19660720,TMIN,89,,,a,
ASN00092045,19660721,TMIN,44,,,a,
ASN00092045,19660722,TMIN,67,,,a,
ASN00092045,19660723,TMIN,94,,,a,
ASN00092045,19660724,TMIN,94,,,a,
ASN00092045,19660725,TMIN,89,,,a,
ASN00092045,19660726,TMIN,33,,,a,
ASN00092045,19660727,TMIN,83,,,a,
ASN00092045,19660728,TMIN,28,,,a,
ASN00092045,19660729,TMIN,106,,,a,
ASN00092045,19660730,TMIN,67,,,a,
ASN00092045,19660731,TMIN,94,,,a,
ASN00092045,19660701,PRCP,0,,,a,
ASN00092045,19660702,PRCP,61,,,a,
ASN00092045,19660703,PRCP,10,,,a,
ASN00092045,19660704,PRCP,13,,,a,
ASN00092045,19660705,PRCP,30,,,a,
ASN00092045,19660706,PRCP,61,,,a,
ASN00092045,19660707,PRCP,0,,,a,
ASN00092045,19660708,PRCP,0,,,a,
ASN00092045,19660709,PRCP,0,,,a,
ASN00092045,19660710,PRCP,0,,,a,
ASN00092045,19660711,PRCP,0,,,a,
ASN00092045,19660712,PRCP,20,,,a,
ASN00092045,19660713,PRCP,0,,,a,
ASN00092045,19660714,PRCP,109,,,a,
ASN00092045,19660715,PRCP,0,,,a,
ASN00092045,19660716,PRCP,0,,,a,
ASN00092045,19660717,PRCP,33,,,a,
ASN00092045,19660718,PRCP,155,,,a,
ASN00092045,19660719,PRCP,18,,,a,
ASN00092045,19660720,PRCP,48,,,a,
ASN00092045,19660721,PRCP,5,,,a,
ASN00092045,19660722,PRCP,13,,,a,
ASN00092045,19660723,PRCP,23,,,a,
ASN00092045,19660724,PRCP,13,,,a,
ASN00092045,19660725,PRCP,56,,,a,
ASN00092045,19660726,PRCP,0,,,a,
ASN00092045,19660727,PRCP,56,,,a,
ASN00092045,19660728,PRCP,48,,,a,
ASN00092045,19660729,PRCP,33,,,a,
ASN00092045,19660730,PRCP,0,,,a,
ASN00092045,19660731,PRCP,0,,,a,
ASN00092045,19660801,TMAX,128,,,a,
ASN00092045,19660802,TMAX,122,,,a,
ASN00092045,19660803,TMAX,122,,,a,
ASN00092045,19660804,TMAX,111,,,a,
ASN00092045,19660805,TMAX,122,,,a,
ASN00092045,19660806,TMAX,128,,,a,
ASN00092045,19660807,TMAX,144,,,a,
ASN00092045,19660808,TMAX,133,,,a,
ASN00092045,19660809,TMAX,133,,,a,
ASN00092045,19660810,TMAX,133,,,a,
ASN00092045,19660811,TMAX,122,,,a,
ASN00092045,19660812,TMAX,144,,,a,
ASN00092045,19660813,TMAX,122,,,a,
ASN00092045,19660814,TMAX,122,,,a,
ASN00092045,19660815,TMAX,122,,,a,
ASN00092045,19660816,TMAX,128,,,a,
ASN00092045,19660817,TMAX,133,,,a,
ASN00092045,19660818,TMAX,133,,,a,
ASN00092045,19660819,TMAX,139,,,a,
ASN00092045,19660820,TMAX,133,,,a,
ASN00092045,19660821,TMAX,122,,,a,
ASN00092045,19660822,TMAX,133,,,a,
ASN00092045,19660823,TMAX,122,,,a,
ASN00092045,19660824,TMAX,94,,,a,
ASN00092045,19660825,TMAX,117,,,a,
ASN00092045,19660826,TMAX,111,,,a,
ASN00092045,19660827,TMAX,133,,,a,
ASN00092045,19660828,TMAX,122,,,a,
ASN00092045,19660829,TMAX,122,,,a,
ASN00092045,19660830,TMAX,128,,,a,
ASN00092045,19660831,TMAX,144,,,a,
ASN00092045,19660801,TMIN,67,,,a,
ASN00092045,19660802,TMIN,83,,,a,
ASN00092045,19660803,TMIN,56,,,a,
ASN00092045,19660804,TMIN,67,,,a,
ASN00092045,19660805,TMIN,39,,,a,
ASN00092045,19660806,TMIN,33,,,a,
ASN00092045,19660807,TMIN,44,,,a,
ASN00092045,19660808,TMIN,67,,,a,
ASN00092045,19660809,TMIN,64,,,a,
ASN00092045,19660810,TMIN,94,,,a,
ASN00092045,19660811,TMIN,78,,,a,
ASN00092045,19660812,TMIN,83,,,a,
ASN00092045,19660813,TMIN,56,,,a,
ASN00092045,19660814,TMIN,44,,,a,
ASN00092045,19660815,TMIN,50,,,a,
ASN00092045,19660816,TMIN,44,,,a,
ASN00092045,19660817,TMIN,83,,,a,
ASN00092045,19660818,TMIN,117,,,a,
ASN00092045,19660819,TMIN,106,,,a,
ASN00092045,19660820,TMIN,67,,,a,
ASN00092045,19660821,TMIN,72,,,a,
ASN00092045,19660822,TMIN,72,,,a,
ASN00092045,19660823,TMIN,50,,,a,
ASN00092045,19660824,TMIN,56,,,a,
ASN00092045,19660825,TMIN,67,,,a,
ASN00092045,19660826,TMIN,61,,,a,
ASN00092045,19660827,TMIN,39,,,a,
ASN00092045,19660828,TMIN,67,,,a,
ASN00092045,19660829,TMIN,78,,,a,
ASN00092045,19660830,TMIN,83,,,a,
ASN00092045,19660831,TMIN,111,,,a,
ASN00092045,19660801,PRCP,0,,,a,
ASN00092045,19660802,PRCP,5,,,a,
ASN00092045,19660803,PRCP,38,,,a,
ASN00092045,19660804,PRCP,38,,,a,
ASN00092045,19660805,PRCP,0,,,a,
ASN00092045,19660806,PRCP,0,,,a,
ASN00092045,19660807,PRCP,0,,,a,
ASN00092045,19660808,PRCP,0,,,a,
ASN00092045,19660809,PRCP,0,,,a,
ASN00092045,19660810,PRCP,10,,,a,
ASN00092045,19660811,PRCP,48,,,a,
ASN00092045,19660812,PRCP,132,,,a,
ASN00092045,19660813,PRCP,8,,,a,
ASN00092045,19660814,PRCP,0,,,a,
ASN00092045,19660815,PRCP,0,,,a,
ASN00092045,19660816,PRCP,0,,,a,
ASN00092045,19660817,PRCP,0,,,a,
ASN00092045,19660818,PRCP,0,,,a,
ASN00092045,19660819,PRCP,51,,,a,
ASN00092045,19660820,PRCP,0,,,a,
ASN00092045,19660821,PRCP,28,,,a,
ASN00092045,19660822,PRCP,99,,,a,
ASN00092045,19660823,PRCP,10,,,a,
ASN00092045,19660824,PRCP,76,,,a,
ASN00092045,19660825,PRCP,25,,,a,
ASN00092045,19660826,PRCP,41,,,a,
ASN00092045,19660827,PRCP,0,,,a,
ASN00092045,19660828,PRCP,0,,,a,
ASN00092045,19660829,PRCP,10,,,a,
ASN00092045,19660830,PRCP,5,,,a,
ASN00092045,19660831,PRCP,0,,,a,
ASN00092045,19660901,TMAX,144,,,a,
ASN00092045,19660902,TMAX,150,,,a,
ASN00092045,19660903,TMAX,139,,,a,
ASN00092045,19660904,TMAX,111,,,a,
ASN00092045,19660905,TMAX,100,,,a,
ASN00092045,19660906,TMAX,106,,,a,
ASN00092045,19660907,TMAX,122,,,a,
ASN00092045,19660908,TMAX,122,,,a,
ASN00092045,19660909,TMAX,117,,,a,
ASN00092045,19660910,TMAX,122,,,a,
ASN00092045,19660911,TMAX,144,,,a,
ASN00092045,19660912,TMAX,139,,,a,
ASN00092045,19660913,TMAX,139,,,a,
ASN00092045,19660914,TMAX,167,,,a,
ASN00092045,19660915,TMAX,139,,,a,
ASN00092045,19660916,TMAX,133,,,a,
ASN00092045,19660917,TMAX,133,,,a,
ASN00092045,19660918,TMAX,167,,,a,
ASN00092045,19660919,TMAX,150,,,a,
ASN00092045,19660920,TMAX,144,,,a,
ASN00092045,19660921,TMAX,122,,,a,
ASN00092045,19660922,TMAX,139,,,a,
ASN00092045,19660923,TMAX,150,,,a,
ASN00092045,19660924,TMAX,122,,,a,
ASN00092045,19660925,TMAX,122,,,a,
ASN00092045,19660926,TMAX,133,,,a,
ASN00092045,19660927,TMAX,144,,,a,
ASN00092045,19660928,TMAX,156,,,a,
ASN00092045,19660929,TMAX,150,,,a,
ASN00092045,19660901,TMIN,111,,,a,
ASN00092045,19660902,TMIN,94,,,a,
ASN00092045,19660903,TMIN,89,,,a,
ASN00092045,19660904,TMIN,78,,,a,
ASN00092045,19660905,TMIN,44,,,a,
ASN00092045,19660906,TMIN,56,,,a,
ASN00092045,19660907,TMIN,56,,,a,
ASN00092045,19660908,TMIN,78,,,a,
ASN00092045,19660909,TMIN,78,,,a,
ASN00092045,19660910,TMIN,78,,,a,
ASN00092045,19660911,TMIN,78,,,a,
ASN00092045,19660912,TMIN,78,,,a,
ASN00092045,19660913,TMIN,106,,,a,
ASN00092045,19660914,TMIN,106,,,a,
ASN00092045,19660915,TMIN,67,,,a,
ASN00092045,19660916,TMIN,100,,,a,
ASN00092045,19660917,TMIN,106,,,a,
ASN00092045,19660918,TMIN,78,,,a,
ASN00092045,19660919,TMIN,78,,,a,
ASN00092045,19660920,TMIN,111,,,a,
ASN00092045,19660921,TMIN,94,,,a,
ASN00092045,19660922,TMIN,78,,,a,
ASN00092045,19660923,TMIN,61,,,a,
ASN00092045,19660924,TMIN,78,,,a,
ASN00092045,19660925,TMIN,61,,,a,
ASN00092045,19660926,TMIN,61,,,a,
ASN00092045,19660927,TMIN,78,,,a,
ASN00092045,19660928,TMIN,111,,,a,
ASN00092045,19660929,TMIN,100,,,a,
ASN00092045,19660930,TMIN,128,,,a,
ASN00092045,19660901,PRCP,0,,,a,
ASN00092045,19660902,PRCP,8,,,a,
ASN00092045,19660903,PRCP,91,,,a,
ASN00092045,19660904,PRCP,10,,,a,
ASN00092045,19660905,PRCP,0,,,a,
ASN00092045,19660906,PRCP,81,,,a,
ASN00092045,19660907,PRCP,122,,,a,
ASN00092045,19660908,PRCP,137,,,a,
ASN00092045,19660909,PRCP,0,,,a,
ASN00092045,19660910,PRCP,0,,,a,
ASN00092045,19660911,PRCP,0,,,a,
ASN00092045,19660912,PRCP,0,,,a,
ASN00092045,19660913,PRCP,99,,,a,
ASN00092045,19660914,PRCP,53,,,a,
ASN00092045,19660915,PRCP,0,,,a,
ASN00092045,19660916,PRCP,132,,,a,
ASN00092045,19660917,PRCP,241,,,a,
ASN00092045,19660918,PRCP,3,,,a,
ASN00092045,19660919,PRCP,0,,,a,
ASN00092045,19660920,PRCP,0,,,a,
ASN00092045,19660921,PRCP,25,,,a,
ASN00092045,19660922,PRCP,74,,,a,
ASN00092045,19660923,PRCP,0,,,a,
ASN00092045,19660924,PRCP,0,,,a,
ASN00092045,19660925,PRCP,0,,,a,
ASN00092045,19660926,PRCP,0,,,a,
ASN00092045,19660927,PRCP,0,,,a,
ASN00092045,19660928,PRCP,0,,,a,
ASN00092045,19660929,PRCP,10,,,a,
ASN00092045,19660930,PRCP,0,,,a,
ASN00092045,19661001,TMAX,156,,,a,
ASN00092045,19661002,TMAX,133,,,a,
ASN00092045,19661003,TMAX,122,,,a,
ASN00092045,19661004,TMAX,122,,,a,
ASN00092045,19661005,TMAX,111,,,a,
ASN00092045,19661006,TMAX,111,,,a,
ASN00092045,19661007,TMAX,117,,,a,
ASN00092045,19661008,TMAX,139,,,a,
ASN00092045,19661009,TMAX,122,,,a,
ASN00092045,19661010,TMAX,139,,,a,
ASN00092045,19661011,TMAX,172,,,a,
ASN00092045,19661012,TMAX,139,,,a,
ASN00092045,19661013,TMAX,150,,,a,
ASN00092045,19661014,TMAX,144,,,a,
ASN00092045,19661015,TMAX,150,,,a,
ASN00092045,19661016,TMAX,150,,,a,
ASN00092045,19661017,TMAX,161,,,a,
ASN00092045,19661018,TMAX,144,,,a,
ASN00092045,19661019,TMAX,139,,,a,
ASN00092045,19661020,TMAX,139,,,a,
ASN00092045,19661021,TMAX,161,,,a,
ASN00092045,19661022,TMAX,183,,,a,
ASN00092045,19661023,TMAX,172,,,a,
ASN00092045,19661024,TMAX,194,,,a,
ASN00092045,19661025,TMAX,206,,,a,
ASN00092045,19661026,TMAX,183,,,a,
ASN00092045,19661027,TMAX,139,,,a,
ASN00092045,19661028,TMAX,161,,,a,
ASN00092045,19661029,TMAX,144,,,a,
ASN00092045,19661030,TMAX,144,,,a,
ASN00092045,19661031,TMAX,167,,,a,
ASN00092045,19661001,TMIN,111,,,a,
ASN00092045,19661002,TMIN,50,,,a,
ASN00092045,19661003,TMIN,100,,,a,
ASN00092045,19661004,TMIN,44,,,a,
ASN00092045,19661005,TMIN,44,,,a,
ASN00092045,19661006,TMIN,56,,,a,
ASN00092045,19661007,TMIN,72,,,a,
ASN00092045,19661008,TMIN,56,,,a,
ASN00092045,19661009,TMIN,44,,,a,
ASN00092045,19661010,TMIN,33,,,a,
ASN00092045,19661011,TMIN,94,,,a,
ASN00092045,19661012,TMIN,100,,,a,
ASN00092045,19661013,TMIN,117,,,a,
ASN00092045,19661014,TMIN,128,,,a,
ASN00092045,19661015,TMIN,122,,,a,
ASN00092045,19661016,TMIN,100,,,a,
ASN00092045,19661017,TMIN,89,,,a,
ASN00092045,19661018,TMIN,83,,,a,
ASN00092045,19661019,TMIN,100,,,a,
ASN00092045,19661020,TMIN,100,,,a,
ASN00092045,19661021,TMIN,50,,,a,
ASN00092045,19661022,TMIN,106,,,a,
ASN00092045,19661023,TMIN,108,,,a,
ASN00092045,19661024,TMIN,100,,,a,
ASN00092045,19661025,TMIN,100,,,a,
ASN00092045,19661026,TMIN,117,,,a,
ASN00092045,19661027,TMIN,83,,,a,
ASN00092045,19661028,TMIN,94,,,a,
ASN00092045,19661029,TMIN,117,,,a,
ASN00092045,19661030,TMIN,122,,,a,
ASN00092045,19661031,TMIN,122,,,a,
ASN00092045,19661001,PRCP,203,,,a,
ASN00092045,19661002,PRCP,18,,,a,
ASN00092045,19661003,PRCP,28,,,a,
ASN00092045,19661004,PRCP,36,,,a,
ASN00092045,19661005,PRCP,53,,,a,
ASN00092045,19661006,PRCP,81,,,a,
ASN00092045,19661007,PRCP,38,,,a,
ASN00092045,19661008,PRCP,8,,,a,
ASN00092045,19661009,PRCP,0,,,a,
ASN00092045,19661010,PRCP,0,,,a,
ASN00092045,19661011,PRCP,0,,,a,
ASN00092045,19661012,PRCP,0,,,a,
ASN00092045,19661013,PRCP,0,,,a,
ASN00092045,19661014,PRCP,10,,,a,
ASN00092045,19661015,PRCP,23,,,a,
ASN00092045,19661016,PRCP,23,,,a,
ASN00092045,19661017,PRCP,0,,,a,
ASN00092045,19661018,PRCP,0,,,a,
ASN00092045,19661019,PRCP,5,,,a,
ASN00092045,19661020,PRCP,145,,,a,
ASN00092045,19661021,PRCP,5,,,a,
ASN00092045,19661022,PRCP,0,,,a,
ASN00092045,19661023,PRCP,0,,,a,
ASN00092045,19661024,PRCP,0,,,a,
ASN00092045,19661025,PRCP,0,,,a,
ASN00092045,19661026,PRCP,0,,,a,
ASN00092045,19661027,PRCP,56,,,a,
ASN00092045,19661028,PRCP,0,,,a,
ASN00092045,19661029,PRCP,23,,,a,
ASN00092045,19661030,PRCP,0,,,a,
ASN00092045,19661031,PRCP,213,,,a,
ASN00092045,19661101,TMAX,161,,,a,
ASN00092045,19661102,TMAX,150,,,a,
ASN00092045,19661103,TMAX,117,,,a,
ASN00092045,19661104,TMAX,122,,,a,
ASN00092045,19661105,TMAX,139,,,a,
ASN00092045,19661106,TMAX,139,,,a,
ASN00092045,19661107,TMAX,150,,,a,
ASN00092045,19661108,TMAX,161,,,a,
ASN00092045,19661109,TMAX,150,,,a,
ASN00092045,19661110,TMAX,156,,,a,
ASN00092045,19661111,TMAX,161,,,a,
ASN00092045,19661112,TMAX,150,,,a,
ASN00092045,19661113,TMAX,144,,,a,
ASN00092045,19661114,TMAX,144,,,a,
ASN00092045,19661115,TMAX,189,,,a,
ASN00092045,19661116,TMAX,158,,,a,
ASN00092045,19661117,TMAX,161,,,a,
ASN00092045,19661118,TMAX,189,,,a,
ASN00092045,19661119,TMAX,244,,,a,
ASN00092045,19661120,TMAX,194,,,a,
ASN00092045,19661121,TMAX,167,,,a,
ASN00092045,19661122,TMAX,222,,,a,
ASN00092045,19661123,TMAX,289,,,a,
ASN00092045,19661124,TMAX,183,,,a,
ASN00092045,19661125,TMAX,183,,,a,
ASN00092045,19661126,TMAX,256,,,a,
ASN00092045,19661127,TMAX,178,,,a,
ASN00092045,19661128,TMAX,200,,,a,
ASN00092045,19661129,TMAX,239,,,a,
ASN00092045,19661130,TMAX,250,,,a,
ASN00092045,19661101,TMIN,111,,,a,
ASN00092045,19661102,TMIN,89,,,a,
ASN00092045,19661103,TMIN,67,,,a,
ASN00092045,19661104,TMIN,78,,,a,
ASN00092045,19661105,TMIN,78,,,a,
ASN00092045,19661106,TMIN,83,,,a,
ASN00092045,19661107,TMIN,94,,,a,
ASN00092045,19661108,TMIN,117,,,a,
ASN00092045,19661109,TMIN,111,,,a,
ASN00092045,19661110,TMIN,122,,,a,
ASN00092045,19661111,TMIN,122,,,a,
ASN00092045,19661112,TMIN,122,,,a,
ASN00092045,19661113,TMIN,117,,,a,
ASN00092045,19661114,TMIN,78,,,a,
ASN00092045,19661115,TMIN,72,,,a,
ASN00092045,19661116,TMIN,67,,,a,
ASN00092045,19661117,TMIN,122,,,a,
ASN00092045,19661118,TMIN,122,,,a,
ASN00092045,19661119,TMIN,122,,,a,
ASN00092045,19661120,TMIN,128,,,a,
ASN00092045,19661121,TMIN,111,,,a,
ASN00092045,19661122,TMIN,117,,,a,
ASN00092045,19661123,TMIN,128,,,a,
ASN00092045,19661124,TMIN,144,,,a,
ASN00092045,19661125,TMIN,61,,,a,
ASN00092045,19661126,TMIN,100,,,a,
ASN00092045,19661127,TMIN,122,,,a,
ASN00092045,19661128,TMIN,128,,,a,
ASN00092045,19661129,TMIN,106,,,a,
ASN00092045,19661130,TMIN,150,,,a,
ASN00092045,19661101,PRCP,33,,,a,
ASN00092045,19661102,PRCP,23,,,a,
ASN00092045,19661103,PRCP,132,,,a,
ASN00092045,19661104,PRCP,41,,,a,
ASN00092045,19661105,PRCP,20,,,a,
ASN00092045,19661106,PRCP,0,,,a,
ASN00092045,19661107,PRCP,0,,,a,
ASN00092045,19661108,PRCP,0,,,a,
ASN00092045,19661109,PRCP,5,,,a,
ASN00092045,19661110,PRCP,5,,,a,
ASN00092045,19661111,PRCP,51,,,a,
ASN00092045,19661112,PRCP,33,,,a,
ASN00092045,19661113,PRCP,46,,,a,
ASN00092045,19661114,PRCP,36,,,a,
ASN00092045,19661115,PRCP,0,,,a,
ASN00092045,19661116,PRCP,5,,,a,
ASN00092045,19661117,PRCP,0,,,a,
ASN00092045,19661118,PRCP,0,,,a,
ASN00092045,19661119,PRCP,0,,,a,
ASN00092045,19661120,PRCP,0,,,a,
ASN00092045,19661121,PRCP,0,,,a,
ASN00092045,19661122,PRCP,0,,,a,
ASN00092045,19661123,PRCP,0,,,a,
ASN00092045,19661124,PRCP,0,,,a,
ASN00092045,19661125,PRCP,0,,,a,
ASN00092045,19661126,PRCP,0,,,a,
ASN00092045,19661127,PRCP,5,,,a,
ASN00092045,19661128,PRCP,0,,,a,
ASN00092045,19661129,PRCP,0,,,a,
ASN00092045,19661130,PRCP,0,,,a,
ASN00092045,19661201,TMAX,200,,,a,
ASN00092045,19661202,TMAX,156,,,a,
ASN00092045,19661203,TMAX,172,,,a,
ASN00092045,19661204,TMAX,178,,,a,
ASN00092045,19661205,TMAX,156,,,a,
ASN00092045,19661206,TMAX,172,,,a,
ASN00092045,19661207,TMAX,189,,,a,
ASN00092045,19661208,TMAX,150,,,a,
ASN00092045,19661209,TMAX,156,,,a,
ASN00092045,19661210,TMAX,194,,,a,
ASN00092045,19661211,TMAX,244,,,a,
ASN00092045,19661212,TMAX,189,,,a,
ASN00092045,19661213,TMAX,206,,,a,
ASN00092045,19661214,TMAX,214,,,a,
ASN00092045,19661215,TMAX,150,,,a,
ASN00092045,19661216,TMAX,150,,,a,
ASN00092045,19661217,TMAX,156,,,a,
ASN00092045,19661218,TMAX,183,,,a,
ASN00092045,19661219,TMAX,178,,,a,
ASN00092045,19661220,TMAX,189,,,a,
ASN00092045,19661221,TMAX,200,,,a,
ASN00092045,19661222,TMAX,244,,,a,
ASN00092045,19661223,TMAX,192,,,a,
ASN00092045,19661224,TMAX,178,,,a,
ASN00092045,19661225,TMAX,200,,,a,
ASN00092045,19661226,TMAX,194,,,a,
ASN00092045,19661227,TMAX,181,,,a,
ASN00092045,19661228,TMAX,178,,,a,
ASN00092045,19661229,TMAX,228,,,a,
ASN00092045,19661230,TMAX,211,,,a,
ASN00092045,19661231,TMAX,211,,,a,
ASN00092045,19661201,TMIN,111,,,a,
ASN00092045,19661202,TMIN,111,,,a,
ASN00092045,19661203,TMIN,78,,,a,
ASN00092045,19661204,TMIN,128,,,a,
ASN00092045,19661205,TMIN,111,,,a,
ASN00092045,19661206,TMIN,111,,,a,
ASN00092045,19661207,TMIN,89,,,a,
ASN00092045,19661208,TMIN,117,,,a,
ASN00092045,19661209,TMIN,83,,,a,
ASN00092045,19661210,TMIN,94,,,a,
ASN00092045,19661211,TMIN,106,,,a,
ASN00092045,19661212,TMIN,133,,,a,
ASN00092045,19661213,TMIN,144,,,a,
ASN00092045,19661214,TMIN,133,,,a,
ASN00092045,19661215,TMIN,117,,,a,
ASN00092045,19661216,TMIN,111,,,a,
ASN00092045,19661217,TMIN,100,,,a,
ASN00092045,19661218,TMIN,111,,,a,
ASN00092045,19661219,TMIN,106,,,a,
ASN00092045,19661220,TMIN,78,,,a,
ASN00092045,19661221,TMIN,89,,,a,
ASN00092045,19661222,TMIN,128,,,a,
ASN00092045,19661223,TMIN,139,,,a,
ASN00092045,19661224,TMIN,150,,,a,
ASN00092045,19661225,TMIN,156,,,a,
ASN00092045,19661226,TMIN,122,,,a,
ASN00092045,19661227,TMIN,139,,,a,
ASN00092045,19661228,TMIN,122,,,a,
ASN00092045,19661229,TMIN,150,,,a,
ASN00092045,19661230,TMIN,122,,,a,
ASN00092045,19661231,TMIN,117,,,a,
ASN00092045,19661201,PRCP,18,,,a,
ASN00092045,19661202,PRCP,0,,,a,
ASN00092045,19661203,PRCP,0,,,a,
ASN00092045,19661204,PRCP,0,,,a,
ASN00092045,19661205,PRCP,0,,,a,
ASN00092045,19661206,PRCP,0,,,a,
ASN00092045,19661207,PRCP,0,,,a,
ASN00092045,19661208,PRCP,0,,,a,
ASN00092045,19661209,PRCP,0,,,a,
ASN00092045,19661210,PRCP,0,,,a,
ASN00092045,19661211,PRCP,0,,,a,
ASN00092045,19661212,PRCP,0,,,a,
ASN00092045,19661213,PRCP,140,,,a,
ASN00092045,19661214,PRCP,5,,,a,
ASN00092045,19661215,PRCP,107,,,a,
ASN00092045,19661216,PRCP,132,,,a,
ASN00092045,19661217,PRCP,28,,,a,
ASN00092045,19661218,PRCP,0,,,a,
ASN00092045,19661219,PRCP,69,,,a,
ASN00092045,19661220,PRCP,15,,,a,
ASN00092045,19661221,PRCP,0,,,a,
ASN00092045,19661222,PRCP,0,,,a,
ASN00092045,19661223,PRCP,0,,,a,
ASN00092045,19661224,PRCP,5,,,a,
ASN00092045,19661225,PRCP,5,,,a,
ASN00092045,19661226,PRCP,0,,,a,
ASN00092045,19661227,PRCP,0,,,a,
ASN00092045,19661228,PRCP,0,,,a,
ASN00092045,19661229,PRCP,46,,,a,
ASN00092045,19661230,PRCP,0,,,a,
ASN00092045,19661231,PRCP,0,,,a,
ASN00092045,19670101,TMAX,217,,,a,
ASN00092045,19670102,TMAX,233,,,a,
ASN00092045,19670103,TMAX,178,,,a,
ASN00092045,19670104,TMAX,200,,,a,
ASN00092045,19670105,TMAX,194,,,a,
ASN00092045,19670106,TMAX,206,,,a,
ASN00092045,19670107,TMAX,206,,,a,
ASN00092045,19670108,TMAX,194,,,a,
ASN00092045,19670109,TMAX,211,,,a,
ASN00092045,19670110,TMAX,217,,,a,
ASN00092045,19670111,TMAX,189,,,a,
ASN00092045,19670112,TMAX,189,,,a,
ASN00092045,19670113,TMAX,217,,,a,
ASN00092045,19670114,TMAX,222,,,a,
ASN00092045,19670115,TMAX,167,,,a,
ASN00092045,19670116,TMAX,194,,,a,
ASN00092045,19670117,TMAX,172,,,a,
ASN00092045,19670118,TMAX,178,,,a,
ASN00092045,19670119,TMAX,206,,,a,
ASN00092045,19670120,TMAX,228,,,a,
ASN00092045,19670121,TMAX,217,,,a,
ASN00092045,19670122,TMAX,194,,,a,
ASN00092045,19670123,TMAX,206,,,a,
ASN00092045,19670124,TMAX,194,,,a,
ASN00092045,19670125,TMAX,172,,,a,
ASN00092045,19670126,TMAX,200,,,a,
ASN00092045,19670127,TMAX,200,,,a,
ASN00092045,19670128,TMAX,200,,,a,
ASN00092045,19670129,TMAX,178,,,a,
ASN00092045,19670130,TMAX,194,,,a,
ASN00092045,19670131,TMAX,239,,,a,
ASN00092045,19670101,TMIN,133,,,a,
ASN00092045,19670102,TMIN,144,,,a,
ASN00092045,19670103,TMIN,128,,,a,
ASN00092045,19670104,TMIN,133,,,a,
ASN00092045,19670105,TMIN,139,,,a,
ASN00092045,19670106,TMIN,156,,,a,
ASN00092045,19670107,TMIN,150,,,a,
ASN00092045,19670108,TMIN,139,,,a,
ASN00092045,19670109,TMIN,150,,,a,
ASN00092045,19670110,TMIN,150,,,a,
ASN00092045,19670111,TMIN,83,,,a,
ASN00092045,19670112,TMIN,133,,,a,
ASN00092045,19670113,TMIN,111,,,a,
ASN00092045,19670114,TMIN,150,,,a,
ASN00092045,19670115,TMIN,144,,,a,
ASN00092045,19670116,TMIN,83,,,a,
ASN00092045,19670117,TMIN,100,,,a,
ASN00092045,19670118,TMIN,100,,,a,
ASN00092045,19670119,TMIN,117,,,a,
ASN00092045,19670120,TMIN,156,,,a,
ASN00092045,19670121,TMIN,133,,,a,
ASN00092045,19670122,TMIN,139,,,a,
ASN00092045,19670123,TMIN,111,,,a,
ASN00092045,19670124,TMIN,92,,,a,
ASN00092045,19670125,TMIN,117,,,a,
ASN00092045,19670126,TMIN,128,,,a,
ASN00092045,19670127,TMIN,139,,,a,
ASN00092045,19670128,TMIN,144,,,a,
ASN00092045,19670129,TMIN,150,,,a,
ASN00092045,19670130,TMIN,122,,,a,
ASN00092045,19670131,TMIN,122,,,a,
ASN00092045,19670101,PRCP,0,,,a,
ASN00092045,19670102,PRCP,8,,,a,
ASN00092045,19670103,PRCP,15,,,a,
ASN00092045,19670104,PRCP,0,,,a,
ASN00092045,19670105,PRCP,0,,,a,
ASN00092045,19670106,PRCP,0,,,a,
ASN00092045,19670107,PRCP,0,,,a,
ASN00092045,19670108,PRCP,0,,,a,
ASN00092045,19670109,PRCP,0,,,a,
ASN00092045,19670110,PRCP,3,,,a,
ASN00092045,19670111,PRCP,0,,,a,
ASN00092045,19670112,PRCP,0,,,a,
ASN00092045,19670113,PRCP,15,,,a,
ASN00092045,19670114,PRCP,10,,,a,
ASN00092045,19670115,PRCP,5,,,a,
ASN00092045,19670116,PRCP,38,,,a,
ASN00092045,19670117,PRCP,48,,,a,
ASN00092045,19670118,PRCP,0,,,a,
ASN00092045,19670119,PRCP,0,,,a,
ASN00092045,19670120,PRCP,0,,,a,
ASN00092045,19670121,PRCP,0,,,a,
ASN00092045,19670122,PRCP,30,,,a,
ASN00092045,19670123,PRCP,8,,,a,
ASN00092045,19670124,PRCP,0,,,a,
ASN00092045,19670125,PRCP,0,,,a,
ASN00092045,19670126,PRCP,0,,,a,
ASN00092045,19670127,PRCP,0,,,a,
ASN00092045,19670128,PRCP,0,,,a,
ASN00092045,19670129,PRCP,0,,,a,
ASN00092045,19670130,PRCP,0,,,a,
ASN00092045,19670131,PRCP,0,,,a,
ASN00092045,19670201,TMAX,206,,,a,
ASN00092045,19670202,TMAX,200,,,a,
ASN00092045,19670203,TMAX,200,,,a,
ASN00092045,19670204,TMAX,322,,,a,
ASN00092045,19670205,TMAX,206,,,a,
ASN00092045,19670206,TMAX,206,,,a,
ASN00092045,19670207,TMAX,333,,,a,
ASN00092045,19670208,TMAX,217,,,a,
ASN00092045,19670209,TMAX,200,,,a,
ASN00092045,19670210,TMAX,194,,,a,
ASN00092045,19670211,TMAX,200,,,a,
ASN00092045,19670212,TMAX,197,,,a,
ASN00092045,19670213,TMAX,219,,,a,
ASN00092045,19670214,TMAX,183,,,a,
ASN00092045,19670215,TMAX,222,,,a,
ASN00092045,19670216,TMAX,189,,,a,
ASN00092045,19670217,TMAX,227,,,a,
ASN00092045,19670218,TMAX,206,,,a,
ASN00092045,19670219,TMAX,206,,,a,
ASN00092045,19670220,TMAX,217,,,a,
ASN00092045,19670221,TMAX,233,,,a,
ASN00092045,19670222,TMAX,222,,,a,
ASN00092045,19670223,TMAX,206,,,a,
ASN00092045,19670224,TMAX,228,,,a,
ASN00092045,19670225,TMAX,239,,,a,
ASN00092045,19670226,TMAX,200,,,a,
ASN00092045,19670227,TMAX,189,,,a,
ASN00092045,19670228,TMAX,178,,,a,
ASN00092045,19670201,TMIN,144,,,a,
ASN00092045,19670202,TMIN,139,,,a,
ASN00092045,19670203,TMIN,139,,,a,
ASN00092045,19670204,TMIN,167,,,a,
ASN00092045,19670205,TMIN,161,,,a,
ASN00092045,19670206,TMIN,156,,,a,
ASN00092045,19670207,TMIN,167,,,a,
ASN00092045,19670208,TMIN,139,,,a,
ASN00092045,19670209,TMIN,111,,,a,
ASN00092045,19670210,TMIN,117,,,a,
ASN00092045,19670211,TMIN,133,,,a,
ASN00092045,19670212,TMIN,117,,,a,
ASN00092045,19670213,TMIN,156,,,a,
ASN00092045,19670214,TMIN,111,,,a,
ASN00092045,19670215,TMIN,117,,,a,
ASN00092045,19670216,TMIN,117,,,a,
ASN00092045,19670217,TMIN,94,,,a,
ASN00092045,19670218,TMIN,122,,,a,
ASN00092045,19670219,TMIN,150,,,a,
ASN00092045,19670220,TMIN,150,,,a,
ASN00092045,19670221,TMIN,167,,,a,
ASN00092045,19670222,TMIN,189,,,a,
ASN00092045,19670223,TMIN,172,,,a,
ASN00092045,19670224,TMIN,178,,,a,
ASN00092045,19670225,TMIN,167,,,a,
ASN00092045,19670226,TMIN,150,,,a,
ASN00092045,19670227,TMIN,150,,,a,
ASN00092045,19670228,TMIN,111,,,a,
ASN00092045,19670201,PRCP,0,,,a,
ASN00092045,19670202,PRCP,0,,,a,
ASN00092045,19670203,PRCP,0,,,a,
ASN00092045,19670204,PRCP,0,,,a,
ASN00092045,19670205,PRCP,0,,,a,
ASN00092045,19670206,PRCP,0,,,a,
ASN00092045,19670207,PRCP,0,,,a,
ASN00092045,19670208,PRCP,5,,,a,
ASN00092045,19670209,PRCP,58,,,a,
ASN00092045,19670210,PRCP,0,,,a,
ASN00092045,19670211,PRCP,0,,,a,
ASN00092045,19670212,PRCP,0,,,a,
ASN00092045,19670213,PRCP,0,,,a,
ASN00092045,19670214,PRCP,0,,,a,
ASN00092045,19670215,PRCP,0,,,a,
ASN00092045,19670216,PRCP,0,,,a,
ASN00092045,19670217,PRCP,0,,,a,
ASN00092045,19670218,PRCP,0,,,a,
ASN00092045,19670219,PRCP,0,,,a,
ASN00092045,19670220,PRCP,0,,,a,
ASN00092045,19670221,PRCP,0,,,a,
ASN00092045,19670222,PRCP,0,,,a,
ASN00092045,19670223,PRCP,28,,,a,
ASN00092045,19670224,PRCP,18,,,a,
ASN00092045,19670225,PRCP,51,,,a,
ASN00092045,19670226,PRCP,5,,,a,
ASN00092045,19670227,PRCP,10,,,a,
ASN00092045,19670228,PRCP,0,,,a,
ASN00092045,19670301,TMAX,187,,,a,
ASN00092045,19670302,TMAX,183,,,a,
ASN00092045,19670303,TMAX,217,,,a,
ASN00092045,19670304,TMAX,189,,,a,
ASN00092045,19670305,TMAX,172,,,a,
ASN00092045,19670306,TMAX,183,,,a,
ASN00092045,19670307,TMAX,206,,,a,
ASN00092045,19670308,TMAX,194,,,a,
ASN00092045,19670309,TMAX,227,,,a,
ASN00092045,19670310,TMAX,206,,,a,
ASN00092045,19670311,TMAX,183,,,a,
ASN00092045,19670312,TMAX,211,,,a,
ASN00092045,19670313,TMAX,211,,,a,
ASN00092045,19670314,TMAX,211,,,a,
ASN00092045,19670315,TMAX,228,,,a,
ASN00092045,19670316,TMAX,217,,,a,
ASN00092045,19670317,TMAX,211,,,a,
ASN00092045,19670318,TMAX,217,,,a,
ASN00092045,19670319,TMAX,178,,,a,
ASN00092045,19670320,TMAX,200,,,a,
ASN00092045,19670321,TMAX,211,,,a,
ASN00092045,19670322,TMAX,200,,,a,
ASN00092045,19670323,TMAX,167,,,a,
ASN00092045,19670324,TMAX,211,,,a,
ASN00092045,19670325,TMAX,211,,,a,
ASN00092045,19670326,TMAX,200,,,a,
ASN00092045,19670327,TMAX,183,,,a,
ASN00092045,19670328,TMAX,194,,,a,
ASN00092045,19670329,TMAX,206,,,a,
ASN00092045,19670330,TMAX,156,,,a,
ASN00092045,19670331,TMAX,161,,,a,
ASN00092045,19670301,TMIN,111,,,a,
ASN00092045,19670302,TMIN,144,,,a,
ASN00092045,19670303,TMIN,167,,,a,
ASN00092045,19670304,TMIN,117,,,a,
ASN00092045,19670305,TMIN,61,,,a,
ASN00092045,19670306,TMIN,122,,,a,
ASN00092045,19670307,TMIN,156,,,a,
ASN00092045,19670308,TMIN,128,,,a,
ASN00092045,19670309,TMIN,106,,,a,
ASN00092045,19670310,TMIN,117,,,a,
ASN00092045,19670311,TMIN,128,,,a,
ASN00092045,19670312,TMIN,128,,,a,
ASN00092045,19670313,TMIN,133,,,a,
ASN00092045,19670314,TMIN,144,,,a,
ASN00092045,19670315,TMIN,167,,,a,
ASN00092045,19670316,TMIN,144,,,a,
ASN00092045,19670317,TMIN,144,,,a,
ASN00092045,19670318,TMIN,167,,,a,
ASN00092045,19670319,TMIN,128,,,a,
ASN00092045,19670320,TMIN,128,,,a,
ASN00092045,19670321,TMIN,139,,,a,
ASN00092045,19670322,TMIN,150,,,a,
ASN00092045,19670323,TMIN,89,,,a,
ASN00092045,19670324,TMIN,89,,,a,
ASN00092045,19670325,TMIN,94,,,a,
ASN00092045,19670326,TMIN,117,,,a,
ASN00092045,19670327,TMIN,122,,,a,
ASN00092045,19670328,TMIN,156,,,a,
ASN00092045,19670329,TMIN,139,,,a,
ASN00092045,19670330,TMIN,139,,,a,
ASN00092045,19670331,TMIN,133,,,a,
ASN00092045,19670301,PRCP,0,,,a,
ASN00092045,19670302,PRCP,13,,,a,
ASN00092045,19670303,PRCP,8,,,a,
ASN00092045,19670304,PRCP,0,,,a,
ASN00092045,19670305,PRCP,0,,,a,
ASN00092045,19670306,PRCP,0,,,a,
ASN00092045,19670307,PRCP,0,,,a,
ASN00092045,19670308,PRCP,0,,,a,
ASN00092045,19670309,PRCP,0,,,a,
ASN00092045,19670310,PRCP,0,,,a,
ASN00092045,19670311,PRCP,0,,,a,
ASN00092045,19670312,PRCP,0,,,a,
ASN00092045,19670313,PRCP,0,,,a,
ASN00092045,19670314,PRCP,0,,,a,
ASN00092045,19670315,PRCP,0,,,a,
ASN00092045,19670316,PRCP,0,,,a,
ASN00092045,19670317,PRCP,0,,,a,
ASN00092045,19670318,PRCP,0,,,a,
ASN00092045,19670319,PRCP,15,,,a,
ASN00092045,19670320,PRCP,0,,,a,
ASN00092045,19670321,PRCP,0,,,a,
ASN00092045,19670322,PRCP,0,,,a,
ASN00092045,19670323,PRCP,0,,,a,
ASN00092045,19670324,PRCP,0,,,a,
ASN00092045,19670325,PRCP,0,,,a,
ASN00092045,19670326,PRCP,0,,,a,
ASN00092045,19670327,PRCP,0,,,a,
ASN00092045,19670328,PRCP,112,,,a,
ASN00092045,19670329,PRCP,8,,,a,
ASN00092045,19670330,PRCP,18,,,a,
ASN00092045,19670331,PRCP,0,,,a,
ASN00092045,19670401,TMAX,206,,,a,
ASN00092045,19670402,TMAX,189,,,a,
ASN00092045,19670403,TMAX,189,,,a,
ASN00092045,19670404,TMAX,194,,,a,
ASN00092045,19670405,TMAX,183,,,a,
ASN00092045,19670406,TMAX,189,,,a,
ASN00092045,19670407,TMAX,167,,,a,
ASN00092045,19670408,TMAX,189,,,a,
ASN00092045,19670409,TMAX,156,,,a,
ASN00092045,19670410,TMAX,183,,,a,
ASN00092045,19670411,TMAX,178,,,a,
ASN00092045,19670412,TMAX,222,,,a,
ASN00092045,19670413,TMAX,194,,,a,
ASN00092045,19670414,TMAX,217,,,a,
ASN00092045,19670415,TMAX,189,,,a,
ASN00092045,19670416,TMAX,183,,,a,
ASN00092045,19670417,TMAX,206,,,a,
ASN00092045,19670418,TMAX,228,,,a,
ASN00092045,19670419,TMAX,222,,,a,
ASN00092045,19670420,TMAX,222,,,a,
ASN00092045,19670421,TMAX,172,,,a,
ASN00092045,19670422,TMAX,178,,,a,
ASN00092045,19670423,TMAX,172,,,a,
ASN00092045,19670424,TMAX,167,,,a,
ASN00092045,19670425,TMAX,150,,,a,
ASN00092045,19670426,TMAX,139,,,a,
ASN00092045,19670427,TMAX,167,,,a,
ASN00092045,19670428,TMAX,200,,,a,
ASN00092045,19670429,TMAX,206,,,a,
ASN00092045,19670430,TMAX,178,,,a,
ASN00092045,19670401,TMIN,89,,,a,
ASN00092045,19670402,TMIN,89,,,a,
ASN00092045,19670403,TMIN,133,,,a,
ASN00092045,19670404,TMIN,161,,,a,
ASN00092045,19670405,TMIN,89,,,a,
ASN00092045,19670406,TMIN,100,,,a,
ASN00092045,19670407,TMIN,133,,,a,
ASN00092045,19670408,TMIN,111,,,a,
ASN00092045,19670409,TMIN,72,,,a,
ASN00092045,19670410,TMIN,83,,,a,
ASN00092045,19670411,TMIN,94,,,a,
ASN00092045,19670412,TMIN,128,,,a,
ASN00092045,19670413,TMIN,144,,,a,
ASN00092045,19670414,TMIN,144,,,a,
ASN00092045,19670415,TMIN,106,,,a,
ASN00092045,19670416,TMIN,117,,,a,
ASN00092045,19670417,TMIN,128,,,a,
ASN00092045,19670418,TMIN,128,,,a,
ASN00092045,19670419,TMIN,144,,,a,
ASN00092045,19670420,TMIN,94,,,a,
ASN00092045,19670421,TMIN,106,,,a,
ASN00092045,19670422,TMIN,94,,,a,
ASN00092045,19670423,TMIN,39,,,a,
ASN00092045,19670424,TMIN,89,,,a,
ASN00092045,19670425,TMIN,122,,,a,
ASN00092045,19670426,TMIN,22,,,a,
ASN00092045,19670427,TMIN,61,,,a,
ASN00092045,19670428,TMIN,106,,,a,
ASN00092045,19670429,TMIN,133,,,a,
ASN00092045,19670430,TMIN,78,,,a,
ASN00092045,19670401,PRCP,0,,,a,
ASN00092045,19670402,PRCP,0,,,a,
ASN00092045,19670403,PRCP,0,,,a,
ASN00092045,19670404,PRCP,0,,,a,
ASN00092045,19670405,PRCP,15,,,a,
ASN00092045,19670406,PRCP,0,,,a,
ASN00092045,19670407,PRCP,0,,,a,
ASN00092045,19670408,PRCP,20,,,a,
ASN00092045,19670409,PRCP,10,,,a,
ASN00092045,19670410,PRCP,0,,,a,
ASN00092045,19670411,PRCP,0,,,a,
ASN00092045,19670412,PRCP,0,,,a,
ASN00092045,19670413,PRCP,0,,,a,
ASN00092045,19670414,PRCP,0,,,a,
ASN00092045,19670415,PRCP,20,,,a,
ASN00092045,19670416,PRCP,0,,,a,
ASN00092045,19670417,PRCP,0,,,a,
ASN00092045,19670418,PRCP,0,,,a,
ASN00092045,19670419,PRCP,0,,,a,
ASN00092045,19670420,PRCP,3,,,a,
ASN00092045,19670421,PRCP,0,,,a,
ASN00092045,19670422,PRCP,0,,,a,
ASN00092045,19670423,PRCP,0,,,a,
ASN00092045,19670424,PRCP,0,,,a,
ASN00092045,19670425,PRCP,8,,,a,
ASN00092045,19670426,PRCP,0,,,a,
ASN00092045,19670427,PRCP,0,,,a,
ASN00092045,19670428,PRCP,0,,,a,
ASN00092045,19670429,PRCP,0,,,a,
ASN00092045,19670430,PRCP,0,,,a,
ASN00092045,19670501,TMAX,161,,,a,
ASN00092045,19670502,TMAX,150,,,a,
ASN00092045,19670503,TMAX,194,,,a,
ASN00092045,19670504,TMAX,206,,,a,
ASN00092045,19670505,TMAX,222,,,a,
ASN00092045,19670506,TMAX,161,,,a,
ASN00092045,19670507,TMAX,178,,,a,
ASN00092045,19670508,TMAX,189,,,a,
ASN00092045,19670509,TMAX,178,,,a,
ASN00092045,19670510,TMAX,233,,,a,
ASN00092045,19670511,TMAX,178,,,a,
ASN00092045,19670512,TMAX,178,,,a,
ASN00092045,19670513,TMAX,167,,,a,
ASN00092045,19670514,TMAX,128,,,a,
ASN00092045,19670515,TMAX,150,,,a,
ASN00092045,19670516,TMAX,133,,,a,
ASN00092045,19670517,TMAX,161,,,a,
ASN00092045,19670518,TMAX,161,,,a,
ASN00092045,19670519,TMAX,167,,,a,
ASN00092045,19670520,TMAX,133,,,a,
ASN00092045,19670521,TMAX,139,,,a,
ASN00092045,19670522,TMAX,122,,,a,
ASN00092045,19670523,TMAX,111,,,a,
ASN00092045,19670524,TMAX,139,,,a,
ASN00092045,19670525,TMAX,133,,,a,
ASN00092045,19670526,TMAX,133,,,a,
ASN00092045,19670527,TMAX,133,,,a,
ASN00092045,19670528,TMAX,133,,,a,
ASN00092045,19670529,TMAX,133,,,a,
ASN00092045,19670530,TMAX,131,,,a,
ASN00092045,19670531,TMAX,150,,,a,
ASN00092045,19670501,TMIN,94,,,a,
ASN00092045,19670502,TMIN,89,,,a,
ASN00092045,19670503,TMIN,111,,,a,
ASN00092045,19670504,TMIN,111,,,a,
ASN00092045,19670505,TMIN,128,,,a,
ASN00092045,19670506,TMIN,106,,,a,
ASN00092045,19670507,TMIN,111,,,a,
ASN00092045,19670508,TMIN,67,,,a,
ASN00092045,19670509,TMIN,111,,,a,
ASN00092045,19670510,TMIN,139,,,a,
ASN00092045,19670511,TMIN,111,,,a,
ASN00092045,19670512,TMIN,128,,,a,
ASN00092045,19670513,TMIN,128,,,a,
ASN00092045,19670514,TMIN,39,,,a,
ASN00092045,19670515,TMIN,39,,,a,
ASN00092045,19670516,TMIN,78,,,a,
ASN00092045,19670517,TMIN,83,,,a,
ASN00092045,19670518,TMIN,94,,,a,
ASN00092045,19670519,TMIN,122,,,a,
ASN00092045,19670520,TMIN,100,,,a,
ASN00092045,19670521,TMIN,100,,,a,
ASN00092045,19670522,TMIN,61,,,a,
ASN00092045,19670523,TMIN,78,,,a,
ASN00092045,19670524,TMIN,61,,,a,
ASN00092045,19670525,TMIN,83,,,a,
ASN00092045,19670526,TMIN,100,,,a,
ASN00092045,19670527,TMIN,106,,,a,
ASN00092045,19670528,TMIN,100,,,a,
ASN00092045,19670529,TMIN,111,,,a,
ASN00092045,19670530,TMIN,94,,,a,
ASN00092045,19670531,TMIN,61,,,a,
ASN00092045,19670501,PRCP,0,,,a,
ASN00092045,19670502,PRCP,0,,,a,
ASN00092045,19670503,PRCP,0,,,a,
ASN00092045,19670504,PRCP,0,,,a,
ASN00092045,19670505,PRCP,0,,,a,
ASN00092045,19670506,PRCP,0,,,a,
ASN00092045,19670507,PRCP,30,,,a,
ASN00092045,19670508,PRCP,0,,,a,
ASN00092045,19670509,PRCP,0,,,a,
ASN00092045,19670510,PRCP,0,,,a,
ASN00092045,19670511,PRCP,0,,,a,
ASN00092045,19670512,PRCP,0,,,a,
ASN00092045,19670513,PRCP,0,,,a,
ASN00092045,19670514,PRCP,0,,,a,
ASN00092045,19670515,PRCP,0,,,a,
ASN00092045,19670516,PRCP,0,,,a,
ASN00092045,19670517,PRCP,0,,,a,
ASN00092045,19670518,PRCP,0,,,a,
ASN00092045,19670519,PRCP,66,,,a,
ASN00092045,19670520,PRCP,3,,,a,
ASN00092045,19670521,PRCP,0,,,a,
ASN00092045,19670522,PRCP,0,,,a,
ASN00092045,19670523,PRCP,10,,,a,
ASN00092045,19670524,PRCP,0,,,a,
ASN00092045,19670525,PRCP,36,,,a,
ASN00092045,19670526,PRCP,10,,,a,
ASN00092045,19670527,PRCP,61,,,a,
ASN00092045,19670528,PRCP,10,,,a,
ASN00092045,19670529,PRCP,0,,,a,
ASN00092045,19670530,PRCP,3,,,a,
ASN00092045,19670531,PRCP,0,,,a,
ASN00092045,19670601,TMAX,122,,,a,
ASN00092045,19670602,TMAX,167,,,a,
ASN00092045,19670603,TMAX,139,,,a,
ASN00092045,19670604,TMAX,133,,,a,
ASN00092045,19670605,TMAX,139,,,a,
ASN00092045,19670606,TMAX,150,,,a,
ASN00092045,19670607,TMAX,128,,,a,
ASN00092045,19670608,TMAX,150,,,a,
ASN00092045,19670609,TMAX,150,,,a,
ASN00092045,19670610,TMAX,156,,,a,
ASN00092045,19670611,TMAX,144,,,a,
ASN00092045,19670612,TMAX,144,,,a,
ASN00092045,19670613,TMAX,144,,,a,
ASN00092045,19670614,TMAX,144,,,a,
ASN00092045,19670615,TMAX,159,,,a,
ASN00092045,19670616,TMAX,144,,,a,
ASN00092045,19670617,TMAX,133,,,a,
ASN00092045,19670618,TMAX,128,,,a,
ASN00092045,19670619,TMAX,144,,,a,
ASN00092045,19670620,TMAX,111,,,a,
ASN00092045,19670621,TMAX,133,,,a,
ASN00092045,19670622,TMAX,156,,,a,
ASN00092045,19670623,TMAX,144,,,a,
ASN00092045,19670624,TMAX,128,,,a,
ASN00092045,19670625,TMAX,133,,,a,
ASN00092045,19670626,TMAX,144,,,a,
ASN00092045,19670627,TMAX,144,,,a,
ASN00092045,19670628,TMAX,133,,,a,
ASN00092045,19670629,TMAX,133,,,a,
ASN00092045,19670630,TMAX,128,,,a,
ASN00092045,19670601,TMIN,44,,,a,
ASN00092045,19670602,TMIN,56,,,a,
ASN00092045,19670603,TMIN,83,,,a,
ASN00092045,19670604,TMIN,83,,,a,
ASN00092045,19670605,TMIN,89,,,a,
ASN00092045,19670606,TMIN,106,,,a,
ASN00092045,19670607,TMIN,111,,,a,
ASN00092045,19670608,TMIN,100,,,a,
ASN00092045,19670609,TMIN,122,,,a,
ASN00092045,19670610,TMIN,128,,,a,
ASN00092045,19670611,TMIN,111,,,a,
ASN00092045,19670612,TMIN,117,,,a,
ASN00092045,19670613,TMIN,117,,,a,
ASN00092045,19670614,TMIN,128,,,a,
ASN00092045,19670615,TMIN,128,,,a,
ASN00092045,19670616,TMIN,117,,,a,
ASN00092045,19670617,TMIN,56,,,a,
ASN00092045,19670618,TMIN,67,,,a,
ASN00092045,19670619,TMIN,94,,,a,
ASN00092045,19670620,TMIN,100,,,a,
ASN00092045,19670621,TMIN,56,,,a,
ASN00092045,19670622,TMIN,78,,,a,
ASN00092045,19670623,TMIN,111,,,a,
ASN00092045,19670624,TMIN,44,,,a,
ASN00092045,19670625,TMIN,61,,,a,
ASN00092045,19670626,TMIN,67,,,a,
ASN00092045,19670627,TMIN,78,,,a,
ASN00092045,19670628,TMIN,72,,,a,
ASN00092045,19670629,TMIN,83,,,a,
ASN00092045,19670630,TMIN,111,,,a,
ASN00092045,19670601,PRCP,38,,,a,
ASN00092045,19670602,PRCP,0,,,a,
ASN00092045,19670603,PRCP,0,,,a,
ASN00092045,19670604,PRCP,0,,,a,
ASN00092045,19670605,PRCP,0,,,a,
ASN00092045,19670606,PRCP,0,,,a,
ASN00092045,19670607,PRCP,10,,,a,
ASN00092045,19670608,PRCP,66,,,a,
ASN00092045,19670609,PRCP,3,,,a,
ASN00092045,19670610,PRCP,0,,,a,
ASN00092045,19670611,PRCP,10,,,a,
ASN00092045,19670612,PRCP,23,,,a,
ASN00092045,19670613,PRCP,8,,,a,
ASN00092045,19670614,PRCP,13,,,a,
ASN00092045,19670615,PRCP,5,,,a,
ASN00092045,19670616,PRCP,23,,,a,
ASN00092045,19670617,PRCP,0,,,a,
ASN00092045,19670618,PRCP,0,,,a,
ASN00092045,19670619,PRCP,0,,,a,
ASN00092045,19670620,PRCP,5,,,a,
ASN00092045,19670621,PRCP,0,,,a,
ASN00092045,19670622,PRCP,0,,,a,
ASN00092045,19670623,PRCP,0,,,a,
ASN00092045,19670624,PRCP,5,,,a,
ASN00092045,19670625,PRCP,0,,,a,
ASN00092045,19670626,PRCP,0,,,a,
ASN00092045,19670627,PRCP,0,,,a,
ASN00092045,19670628,PRCP,0,,,a,
ASN00092045,19670629,PRCP,0,,,a,
ASN00092045,19670630,PRCP,64,,,a,
ASN00092045,19670701,TMAX,111,,,a,
ASN00092045,19670702,TMAX,122,,,a,
ASN00092045,19670703,TMAX,111,,,a,
ASN00092045,19670704,TMAX,117,,,a,
ASN00092045,19670705,TMAX,128,,,a,
ASN00092045,19670706,TMAX,128,,,a,
ASN00092045,19670707,TMAX,139,,,a,
ASN00092045,19670708,TMAX,128,,,a,
ASN00092045,19670709,TMAX,139,,,a,
ASN00092045,19670710,TMAX,133,,,a,
ASN00092045,19670711,TMAX,128,,,a,
ASN00092045,19670712,TMAX,111,,,a,
ASN00092045,19670713,TMAX,133,,,a,
ASN00092045,19670715,TMAX,128,,,a,
ASN00092045,19670716,TMAX,133,,,a,
ASN00092045,19670717,TMAX,133,,,a,
ASN00092045,19670718,TMAX,125,,,a,
ASN00092045,19670719,TMAX,144,,,a,
ASN00092045,19670720,TMAX,128,,,a,
ASN00092045,19670721,TMAX,139,,,a,
ASN00092045,19670722,TMAX,128,,,a,
ASN00092045,19670723,TMAX,122,,,a,
ASN00092045,19670724,TMAX,122,,,a,
ASN00092045,19670725,TMAX,122,,,a,
ASN00092045,19670726,TMAX,128,,,a,
ASN00092045,19670727,TMAX,139,,,a,
ASN00092045,19670728,TMAX,139,,,a,
ASN00092045,19670729,TMAX,130,,,a,
ASN00092045,19670730,TMAX,150,,,a,
ASN00092045,19670731,TMAX,133,,,a,
ASN00092045,19670701,TMIN,89,,,a,
ASN00092045,19670702,TMIN,78,,,a,
ASN00092045,19670703,TMIN,72,,,a,
ASN00092045,19670704,TMIN,72,,,a,
ASN00092045,19670705,TMIN,89,,,a,
ASN00092045,19670706,TMIN,67,,,a,
ASN00092045,19670707,TMIN,67,,,a,
ASN00092045,19670708,TMIN,67,,,a,
ASN00092045,19670709,TMIN,83,,,a,
ASN00092045,19670710,TMIN,100,,,a,
ASN00092045,19670711,TMIN,78,,,a,
ASN00092045,19670712,TMIN,78,,,a,
ASN00092045,19670713,TMIN,67,,,a,
ASN00092045,19670714,TMIN,83,,,a,
ASN00092045,19670716,TMIN,72,,,a,
ASN00092045,19670717,TMIN,78,,,a,
ASN00092045,19670718,TMIN,78,,,a,
ASN00092045,19670719,TMIN,61,,,a,
ASN00092045,19670720,TMIN,44,,,a,
ASN00092045,19670721,TMIN,72,,,a,
ASN00092045,19670722,TMIN,72,,,a,
ASN00092045,19670723,TMIN,78,,,a,
ASN00092045,19670724,TMIN,89,,,a,
ASN00092045,19670725,TMIN,89,,,a,
ASN00092045,19670726,TMIN,61,,,a,
ASN00092045,19670727,TMIN,83,,,a,
ASN00092045,19670728,TMIN,94,,,a,
ASN00092045,19670729,TMIN,106,,,a,
ASN00092045,19670730,TMIN,78,,,a,
ASN00092045,19670731,TMIN,94,,,a,
ASN00092045,19670701,PRCP,277,,,a,
ASN00092045,19670702,PRCP,38,,,a,
ASN00092045,19670703,PRCP,0,,,a,
ASN00092045,19670704,PRCP,0,,,a,
ASN00092045,19670705,PRCP,38,,,a,
ASN00092045,19670706,PRCP,0,,,a,
ASN00092045,19670707,PRCP,0,,,a,
ASN00092045,19670708,PRCP,0,,,a,
ASN00092045,19670709,PRCP,10,,,a,
ASN00092045,19670710,PRCP,53,,,a,
ASN00092045,19670711,PRCP,102,,,a,
ASN00092045,19670712,PRCP,18,,,a,
ASN00092045,19670713,PRCP,25,,,a,
ASN00092045,19670714,PRCP,193,,,a,
ASN00092045,19670715,PRCP,76,,,a,
ASN00092045,19670716,PRCP,5,,,a,
ASN00092045,19670717,PRCP,66,,,a,
ASN00092045,19670718,PRCP,30,,,a,
ASN00092045,19670719,PRCP,0,,,a,
ASN00092045,19670720,PRCP,8,,,a,
ASN00092045,19670721,PRCP,0,,,a,
ASN00092045,19670722,PRCP,10,,,a,
ASN00092045,19670723,PRCP,20,,,a,
ASN00092045,19670724,PRCP,76,,,a,
ASN00092045,19670725,PRCP,51,,,a,
ASN00092045,19670726,PRCP,0,,,a,
ASN00092045,19670727,PRCP,0,,,a,
ASN00092045,19670728,PRCP,20,,,a,
ASN00092045,19670729,PRCP,13,,,a,
ASN00092045,19670730,PRCP,5,,,a,
ASN00092045,19670731,PRCP,5,,,a,
ASN00092045,19670801,TMAX,117,,,a,
ASN00092045,19670802,TMAX,111,,,a,
ASN00092045,19670803,TMAX,133,,,a,
ASN00092045,19670804,TMAX,133,,,a,
ASN00092045,19670805,TMAX,133,,,a,
ASN00092045,19670806,TMAX,141,,,a,
ASN00092045,19670807,TMAX,144,,,a,
ASN00092045,19670808,TMAX,133,,,a,
ASN00092045,19670809,TMAX,122,,,a,
ASN00092045,19670810,TMAX,117,,,a,
ASN00092045,19670811,TMAX,139,,,a,
ASN00092045,19670812,TMAX,122,,,a,
ASN00092045,19670813,TMAX,100,,,a,
ASN00092045,19670814,TMAX,133,,,a,
ASN00092045,19670815,TMAX,122,,,a,
ASN00092045,19670816,TMAX,133,,,a,
ASN00092045,19670817,TMAX,133,,,a,
ASN00092045,19670818,TMAX,139,,,a,
ASN00092045,19670819,TMAX,128,,,a,
ASN00092045,19670820,TMAX,133,,,a,
ASN00092045,19670821,TMAX,150,,,a,
ASN00092045,19670822,TMAX,144,,,a,
ASN00092045,19670823,TMAX,139,,,a,
ASN00092045,19670824,TMAX,161,,,a,
ASN00092045,19670825,TMAX,150,,,a,
ASN00092045,19670826,TMAX,139,,,a,
ASN00092045,19670827,TMAX,144,,,a,
ASN00092045,19670828,TMAX,144,,,a,
ASN00092045,19670829,TMAX,144,,,a,
ASN00092045,19670830,TMAX,128,,,a,
ASN00092045,19670831,TMAX,139,,,a,
ASN00092045,19670801,TMIN,78,,,a,
ASN00092045,19670802,TMIN,50,,,a,
ASN00092045,19670803,TMIN,44,,,a,
ASN00092045,19670804,TMIN,56,,,a,
ASN00092045,19670805,TMIN,56,,,a,
ASN00092045,19670806,TMIN,67,,,a,
ASN00092045,19670807,TMIN,83,,,a,
ASN00092045,19670808,TMIN,111,,,a,
ASN00092045,19670809,TMIN,67,,,a,
ASN00092045,19670810,TMIN,83,,,a,
ASN00092045,19670811,TMIN,78,,,a,
ASN00092045,19670812,TMIN,61,,,a,
ASN00092045,19670813,TMIN,28,,,a,
ASN00092045,19670814,TMIN,6,,,a,
ASN00092045,19670815,TMIN,50,,,a,
ASN00092045,19670816,TMIN,50,,,a,
ASN00092045,19670817,TMIN,67,,,a,
ASN00092045,19670819,TMIN,67,,,a,
ASN00092045,19670820,TMIN,111,,,a,
ASN00092045,19670821,TMIN,83,,,a,
ASN00092045,19670822,TMIN,117,,,a,
ASN00092045,19670823,TMIN,117,,,a,
ASN00092045,19670824,TMIN,111,,,a,
ASN00092045,19670825,TMIN,67,,,a,
ASN00092045,19670826,TMIN,67,,,a,
ASN00092045,19670827,TMIN,83,,,a,
ASN00092045,19670828,TMIN,50,,,a,
ASN00092045,19670829,TMIN,72,,,a,
ASN00092045,19670830,TMIN,78,,,a,
ASN00092045,19670831,TMIN,33,,,a,
ASN00092045,19670801,PRCP,5,,,a,
ASN00092045,19670802,PRCP,0,,,a,
ASN00092045,19670803,PRCP,0,,,a,
ASN00092045,19670804,PRCP,0,,,a,
ASN00092045,19670805,PRCP,0,,,a,
ASN00092045,19670806,PRCP,0,,,a,
ASN00092045,19670807,PRCP,3,,,a,
ASN00092045,19670808,PRCP,0,,,a,
ASN00092045,19670809,PRCP,0,,,a,
ASN00092045,19670810,PRCP,10,,,a,
ASN00092045,19670811,PRCP,15,,,a,
ASN00092045,19670812,PRCP,23,,,a,
ASN00092045,19670813,PRCP,46,,,a,
ASN00092045,19670814,PRCP,10,,,a,
ASN00092045,19670815,PRCP,0,,,a,
ASN00092045,19670816,PRCP,0,,,a,
ASN00092045,19670817,PRCP,0,,,a,
ASN00092045,19670818,PRCP,0,,,a,
ASN00092045,19670819,PRCP,20,,,a,
ASN00092045,19670820,PRCP,224,,,a,
ASN00092045,19670821,PRCP,66,,,a,
ASN00092045,19670822,PRCP,53,,,a,
ASN00092045,19670823,PRCP,163,,,a,
ASN00092045,19670824,PRCP,30,,,a,
ASN00092045,19670825,PRCP,0,,,a,
ASN00092045,19670826,PRCP,0,,,a,
ASN00092045,19670827,PRCP,43,,,a,
ASN00092045,19670828,PRCP,5,,,a,
ASN00092045,19670829,PRCP,104,,,a,
ASN00092045,19670830,PRCP,23,,,a,
ASN00092045,19670831,PRCP,0,,,a,
ASN00092045,19670901,TMAX,117,,,a,
ASN00092045,19670902,TMAX,128,,,a,
ASN00092045,19670903,TMAX,128,,,a,
ASN00092045,19670904,TMAX,122,,,a,
ASN00092045,19670905,TMAX,128,,,a,
ASN00092045,19670906,TMAX,133,,,a,
ASN00092045,19670907,TMAX,122,,,a,
ASN00092045,19670908,TMAX,139,,,a,
ASN00092045,19670909,TMAX,167,,,a,
ASN00092045,19670910,TMAX,156,,,a,
ASN00092045,19670911,TMAX,139,,,a,
ASN00092045,19670912,TMAX,161,,,a,
ASN00092045,19670913,TMAX,156,,,a,
ASN00092045,19670914,TMAX,150,,,a,
ASN00092045,19670915,TMAX,111,,,a,
ASN00092045,19670916,TMAX,111,,,a,
ASN00092045,19670917,TMAX,122,,,a,
ASN00092045,19670918,TMAX,128,,,a,
ASN00092045,19670919,TMAX,122,,,a,
ASN00092045,19670920,TMAX,139,,,a,
ASN00092045,19670921,TMAX,157,,,a,
ASN00092045,19670922,TMAX,156,,,a,
ASN00092045,19670923,TMAX,172,,,a,
ASN00092045,19670924,TMAX,161,,,a,
ASN00092045,19670925,TMAX,172,,,a,
ASN00092045,19670926,TMAX,167,,,a,
ASN00092045,19670927,TMAX,133,,,a,
ASN00092045,19670928,TMAX,156,,,a,
ASN00092045,19670929,TMAX,150,,,a,
ASN00092045,19670930,TMAX,156,,,a,
ASN00092045,19670901,TMIN,61,,,a,
ASN00092045,19670902,TMIN,89,,,a,
ASN00092045,19670904,TMIN,78,,,a,
ASN00092045,19670905,TMIN,94,,,a,
ASN00092045,19670906,TMIN,94,,,a,
ASN00092045,19670907,TMIN,94,,,a,
ASN00092045,19670908,TMIN,83,,,a,
ASN00092045,19670909,TMIN,39,,,a,
ASN00092045,19670910,TMIN,72,,,a,
ASN00092045,19670911,TMIN,83,,,a,
ASN00092045,19670912,TMIN,72,,,a,
ASN00092045,19670913,TMIN,56,,,a,
ASN00092045,19670914,TMIN,72,,,a,
ASN00092045,19670915,TMIN,100,,,a,
ASN00092045,19670916,TMIN,28,,,a,
ASN00092045,19670917,TMIN,56,,,a,
ASN00092045,19670918,TMIN,56,,,a,
ASN00092045,19670919,TMIN,83,,,a,
ASN00092045,19670920,TMIN,61,,,a,
ASN00092045,19670921,TMIN,61,,,a,
ASN00092045,19670922,TMIN,78,,,a,
ASN00092045,19670923,TMIN,117,,,a,
ASN00092045,19670924,TMIN,56,,,a,
ASN00092045,19670925,TMIN,83,,,a,
ASN00092045,19670926,TMIN,94,,,a,
ASN00092045,19670927,TMIN,44,,,a,
ASN00092045,19670928,TMIN,67,,,a,
ASN00092045,19670929,TMIN,94,,,a,
ASN00092045,19670930,TMIN,78,,,a,
ASN00092045,19670901,PRCP,3,,,a,
ASN00092045,19670902,PRCP,64,,,a,
ASN00092045,19670903,PRCP,20,,,a,
ASN00092045,19670904,PRCP,30,,,a,
ASN00092045,19670905,PRCP,15,,,a,
ASN00092045,19670906,PRCP,10,,,a,
ASN00092045,19670907,PRCP,0,,,a,
ASN00092045,19670908,PRCP,0,,,a,
ASN00092045,19670909,PRCP,0,,,a,
ASN00092045,19670910,PRCP,20,,,a,
ASN00092045,19670911,PRCP,28,,,a,
ASN00092045,19670912,PRCP,0,,,a,
ASN00092045,19670913,PRCP,0,,,a,
ASN00092045,19670914,PRCP,0,,,a,
ASN00092045,19670915,PRCP,432,,,a,
ASN00092045,19670916,PRCP,493,,,a,
ASN00092045,19670917,PRCP,8,,,a,
ASN00092045,19670918,PRCP,10,,,a,
ASN00092045,19670919,PRCP,5,,,a,
ASN00092045,19670920,PRCP,13,,,a,
ASN00092045,19670921,PRCP,15,,,a,
ASN00092045,19670922,PRCP,0,,,a,
ASN00092045,19670923,PRCP,3,,,a,
ASN00092045,19670924,PRCP,0,,,a,
ASN00092045,19670925,PRCP,0,,,a,
ASN00092045,19670926,PRCP,0,,,a,
ASN00092045,19670927,PRCP,0,,,a,
ASN00092045,19670928,PRCP,0,,,a,
ASN00092045,19670929,PRCP,36,,,a,
ASN00092045,19670930,PRCP,5,,,a,
ASN00092045,19671001,TMAX,156,,,a,
ASN00092045,19671002,TMAX,139,,,a,
ASN00092045,19671003,TMAX,117,,,a,
ASN00092045,19671004,TMAX,139,,,a,
ASN00092045,19671005,TMAX,150,,,a,
ASN00092045,19671006,TMAX,183,,,a,
ASN00092045,19671007,TMAX,156,,,a,
ASN00092045,19671008,TMAX,172,,,a,
ASN00092045,19671009,TMAX,158,,,a,
ASN00092045,19671010,TMAX,161,,,a,
ASN00092045,19671011,TMAX,183,,,a,
ASN00092045,19671012,TMAX,144,,,a,
ASN00092045,19671013,TMAX,189,,,a,
ASN00092045,19671014,TMAX,156,,,a,
ASN00092045,19671015,TMAX,161,,,a,
ASN00092045,19671016,TMAX,175,,,a,
ASN00092045,19671017,TMAX,183,,,a,
ASN00092045,19671018,TMAX,167,,,a,
ASN00092045,19671019,TMAX,150,,,a,
ASN00092045,19671020,TMAX,174,,,a,
ASN00092045,19671021,TMAX,178,,,a,
ASN00092045,19671022,TMAX,161,,,a,
ASN00092045,19671023,TMAX,161,,,a,
ASN00092045,19671024,TMAX,161,,,a,
ASN00092045,19671025,TMAX,178,,,a,
ASN00092045,19671026,TMAX,206,,,a,
ASN00092045,19671027,TMAX,220,,,a,
ASN00092045,19671028,TMAX,172,,,a,
ASN00092045,19671029,TMAX,167,,,a,
ASN00092045,19671030,TMAX,172,,,a,
ASN00092045,19671031,TMAX,167,,,a,
ASN00092045,19671001,TMIN,83,,,a,
ASN00092045,19671002,TMIN,61,,,a,
ASN00092045,19671003,TMIN,17,,,a,
ASN00092045,19671004,TMIN,44,,,a,
ASN00092045,19671005,TMIN,100,,,a,
ASN00092045,19671006,TMIN,117,,,a,
ASN00092045,19671008,TMIN,72,,,a,
ASN00092045,19671009,TMIN,83,,,a,
ASN00092045,19671010,TMIN,122,,,a,
ASN00092045,19671011,TMIN,111,,,a,
ASN00092045,19671012,TMIN,117,,,a,
ASN00092045,19671013,TMIN,89,,,a,
ASN00092045,19671014,TMIN,117,,,a,
ASN00092045,19671015,TMIN,94,,,a,
ASN00092045,19671016,TMIN,94,,,a,
ASN00092045,19671017,TMIN,89,,,a,
ASN00092045,19671018,TMIN,11,,,a,
ASN00092045,19671019,TMIN,106,,,a,
ASN00092045,19671020,TMIN,83,,,a,
ASN00092045,19671021,TMIN,100,,,a,
ASN00092045,19671022,TMIN,106,,,a,
ASN00092045,19671023,TMIN,106,,,a,
ASN00092045,19671024,TMIN,122,,,a,
ASN00092045,19671025,TMIN,133,,,a,
ASN00092045,19671026,TMIN,139,,,a,
ASN00092045,19671027,TMIN,94,,,a,
ASN00092045,19671001,PRCP,0,,,a,
ASN00092045,19671002,PRCP,109,,,a,
ASN00092045,19671003,PRCP,8,,,a,
ASN00092045,19671004,PRCP,0,,,a,
ASN00092045,19671005,PRCP,0,,,a,
ASN00092045,19671006,PRCP,102,,,a,
ASN00092045,19671007,PRCP,0,,,a,
ASN00092045,19671008,PRCP,0,,,a,
ASN00092045,19671009,PRCP,0,,,a,
ASN00092045,19671010,PRCP,0,,,a,
ASN00092045,19671011,PRCP,94,,,a,
ASN00092045,19671012,PRCP,13,,,a,
ASN00092045,19671013,PRCP,0,,,a,
ASN00092045,19671014,PRCP,0,,,a,
ASN00092045,19671015,PRCP,0,,,a,
ASN00092045,19671016,PRCP,0,,,a,
ASN00092045,19671017,PRCP,0,,,a,
ASN00092045,19671018,PRCP,0,,,a,
ASN00092045,19671019,PRCP,0,,,a,
ASN00092045,19671020,PRCP,0,,,a,
ASN00092045,19671021,PRCP,0,,,a,
ASN00092045,19671022,PRCP,0,,,a,
ASN00092045,19671023,PRCP,0,,,a,
ASN00092045,19671024,PRCP,0,,,a,
ASN00092045,19671025,PRCP,0,,,a,
ASN00092045,19671026,PRCP,13,,,a,
ASN00092045,19671027,PRCP,0,,,a,
ASN00092045,19671028,PRCP,15,,,a,
ASN00092045,19671029,PRCP,8,,,a,
ASN00092045,19671030,PRCP,0,,,a,
ASN00092045,19671031,PRCP,0,,,a,
ASN00092045,19671101,TMAX,194,,,a,
ASN00092045,19671102,TMAX,206,,,a,
ASN00092045,19671103,TMAX,156,,,a,
ASN00092045,19671104,TMAX,206,,,a,
ASN00092045,19671105,TMAX,189,,,a,
ASN00092045,19671106,TMAX,156,,,a,
ASN00092045,19671107,TMAX,150,,,a,
ASN00092045,19671108,TMAX,189,,,a,
ASN00092045,19671109,TMAX,178,,,a,
ASN00092045,19671110,TMAX,217,,,a,
ASN00092045,19671111,TMAX,211,,,a,
ASN00092045,19671112,TMAX,194,,,a,
ASN00092045,19671113,TMAX,237,,,a,
ASN00092045,19671114,TMAX,203,,,a,
ASN00092045,19671115,TMAX,139,,,a,
ASN00092045,19671116,TMAX,136,,,a,
ASN00092045,19671117,TMAX,144,,,a,
ASN00092045,19671118,TMAX,156,,,a,
ASN00092045,19671119,TMAX,178,,,a,
ASN00092045,19671120,TMAX,194,,,a,
ASN00092045,19671121,TMAX,178,,,a,
ASN00092045,19671122,TMAX,178,,,a,
ASN00092045,19671123,TMAX,161,,,a,
ASN00092045,19671124,TMAX,178,,,a,
ASN00092045,19671125,TMAX,156,,,a,
ASN00092045,19671126,TMAX,178,,,a,
ASN00092045,19671127,TMAX,161,,,a,
ASN00092045,19671128,TMAX,194,,,a,
ASN00092045,19671129,TMAX,233,,,a,
ASN00092045,19671130,TMAX,217,,,a,
ASN00092045,19671102,TMIN,56,,,a,
ASN00092045,19671103,TMIN,83,,,a,
ASN00092045,19671104,TMIN,122,,,a,
ASN00092045,19671107,TMIN,83,,,a,
ASN00092045,19671108,TMIN,61,,,a,
ASN00092045,19671110,TMIN,83,,,a,
ASN00092045,19671112,TMIN,61,,,a,
ASN00092045,19671113,TMIN,111,,,a,
ASN00092045,19671114,TMIN,133,,,a,
ASN00092045,19671115,TMIN,72,,,a,
ASN00092045,19671116,TMIN,100,,,a,
ASN00092045,19671117,TMIN,100,,,a,
ASN00092045,19671118,TMIN,111,,,a,
ASN00092045,19671119,TMIN,117,,,a,
ASN00092045,19671120,TMIN,100,,,a,
ASN00092045,19671125,TMIN,72,,,a,
ASN00092045,19671126,TMIN,78,,,a,
ASN00092045,19671127,TMIN,50,,,a,
ASN00092045,19671128,TMIN,72,,,a,
ASN00092045,19671129,TMIN,117,,,a,
ASN00092045,19671130,TMIN,128,,,a,
ASN00092045,19671101,PRCP,0,,,a,
ASN00092045,19671102,PRCP,0,,,a,
ASN00092045,19671103,PRCP,0,,,a,
ASN00092045,19671104,PRCP,10,,,a,
ASN00092045,19671105,PRCP,23,,,a,
ASN00092045,19671106,PRCP,5,,,a,
ASN00092045,19671107,PRCP,0,,,a,
ASN00092045,19671108,PRCP,0,,,a,
ASN00092045,19671109,PRCP,0,,,a,
ASN00092045,19671110,PRCP,0,,,a,
ASN00092045,19671111,PRCP,0,,,a,
ASN00092045,19671112,PRCP,0,,,a,
ASN00092045,19671113,PRCP,0,,,a,
ASN00092045,19671114,PRCP,25,,,a,
ASN00092045,19671115,PRCP,48,,,a,
ASN00092045,19671116,PRCP,0,,,a,
ASN00092045,19671117,PRCP,0,,,a,
ASN00092045,19671118,PRCP,0,,,a,
ASN00092045,19671119,PRCP,0,,,a,
ASN00092045,19671120,PRCP,0,,,a,
ASN00092045,19671121,PRCP,0,,,a,
ASN00092045,19671122,PRCP,20,,,a,
ASN00092045,19671123,PRCP,71,,,a,
ASN00092045,19671124,PRCP,5,,,a,
ASN00092045,19671125,PRCP,0,,,a,
ASN00092045,19671126,PRCP,104,,,a,
ASN00092045,19671127,PRCP,0,,,a,
ASN00092045,19671128,PRCP,0,,,a,
ASN00092045,19671129,PRCP,0,,,a,
ASN00092045,19671130,PRCP,10,,,a,
ASN00092045,19671201,TMAX,178,,,a,
ASN00092045,19671202,TMAX,183,,,a,
ASN00092045,19671203,TMAX,178,,,a,
ASN00092045,19671204,TMAX,150,,,a,
ASN00092045,19671205,TMAX,167,,,a,
ASN00092045,19671206,TMAX,189,,,a,
ASN00092045,19671207,TMAX,167,,,a,
ASN00092045,19671208,TMAX,161,,,a,
ASN00092045,19671209,TMAX,178,,,a,
ASN00092045,19671210,TMAX,178,,,a,
ASN00092045,19671211,TMAX,233,,,a,
ASN00092045,19671212,TMAX,156,,,a,
ASN00092045,19671213,TMAX,178,,,a,
ASN00092045,19671214,TMAX,178,,,a,
ASN00092045,19671215,TMAX,178,,,a,
ASN00092045,19671216,TMAX,189,,,a,
ASN00092045,19671217,TMAX,189,,,a,
ASN00092045,19671218,TMAX,172,,,a,
ASN00092045,19671219,TMAX,150,,,a,
ASN00092045,19671220,TMAX,167,,,a,
ASN00092045,19671221,TMAX,167,,,a,
ASN00092045,19671222,TMAX,150,,,a,
ASN00092045,19671223,TMAX,156,,,a,
ASN00092045,19671224,TMAX,167,,,a,
ASN00092045,19671225,TMAX,161,,,a,
ASN00092045,19671226,TMAX,167,,,a,
ASN00092045,19671227,TMAX,211,,,a,
ASN00092045,19671228,TMAX,206,,,a,
ASN00092045,19671229,TMAX,206,,,a,
ASN00092045,19671230,TMAX,178,,,a,
ASN00092045,19671231,TMAX,194,,,a,
ASN00092045,19671201,TMIN,117,,,a,
ASN00092045,19671202,TMIN,94,,,a,
ASN00092045,19671204,TMIN,44,,,a,
ASN00092045,19671205,TMIN,89,,,a,
ASN00092045,19671206,TMIN,67,,,a,
ASN00092045,19671208,TMIN,100,,,a,
ASN00092045,19671209,TMIN,133,,,a,
ASN00092045,19671210,TMIN,89,,,a,
ASN00092045,19671211,TMIN,144,,,a,
ASN00092045,19671212,TMIN,133,,,a,
ASN00092045,19671213,TMIN,106,,,a,
ASN00092045,19671214,TMIN,94,,,a,
ASN00092045,19671215,TMIN,111,,,a,
ASN00092045,19671216,TMIN,111,,,a,
ASN00092045,19671217,TMIN,122,,,a,
ASN00092045,19671218,TMIN,117,,,a,
ASN00092045,19671219,TMIN,72,,,a,
ASN00092045,19671220,TMIN,61,,,a,
ASN00092045,19671221,TMIN,117,,,a,
ASN00092045,19671222,TMIN,117,,,a,
ASN00092045,19671223,TMIN,111,,,a,
ASN00092045,19671224,TMIN,117,,,a,
ASN00092045,19671225,TMIN,111,,,a,
ASN00092045,19671226,TMIN,94,,,a,
ASN00092045,19671227,TMIN,128,,,a,
ASN00092045,19671228,TMIN,144,,,a,
ASN00092045,19671229,TMIN,128,,,a,
ASN00092045,19671230,TMIN,89,,,a,
ASN00092045,19671231,TMIN,78,,,a,
ASN00092045,19671201,PRCP,8,,,a,
ASN00092045,19671202,PRCP,0,,,a,
ASN00092045,19671203,PRCP,0,,,a,
ASN00092045,19671204,PRCP,10,,,a,
ASN00092045,19671205,PRCP,0,,,a,
ASN00092045,19671206,PRCP,0,,,a,
ASN00092045,19671207,PRCP,0,,,a,
ASN00092045,19671208,PRCP,33,,,a,
ASN00092045,19671209,PRCP,0,,,a,
ASN00092045,19671210,PRCP,0,,,a,
ASN00092045,19671211,PRCP,0,,,a,
ASN00092045,19671212,PRCP,28,,,a,
ASN00092045,19671213,PRCP,241,,,a,
ASN00092045,19671214,PRCP,0,,,a,
ASN00092045,19671215,PRCP,5,,,a,
ASN00092045,19671216,PRCP,0,,,a,
ASN00092045,19671217,PRCP,0,,,a,
ASN00092045,19671218,PRCP,58,,,a,
ASN00092045,19671219,PRCP,23,,,a,
ASN00092045,19671220,PRCP,28,,,a,
ASN00092045,19671221,PRCP,0,,,a,
ASN00092045,19671222,PRCP,0,,,a,
ASN00092045,19671223,PRCP,0,,,a,
ASN00092045,19671224,PRCP,0,,,a,
ASN00092045,19671225,PRCP,0,,,a,
ASN00092045,19671226,PRCP,0,,,a,
ASN00092045,19671227,PRCP,0,,,a,
ASN00092045,19671228,PRCP,0,,,a,
ASN00092045,19671229,PRCP,0,,,a,
ASN00092045,19671230,PRCP,38,,,a,
ASN00092045,19671231,PRCP,97,,,a,
ASN00092045,19680101,TMAX,189,,,a,
ASN00092045,19680102,TMAX,167,,,a,
ASN00092045,19680103,TMAX,200,,,a,
ASN00092045,19680104,TMAX,211,,,a,
ASN00092045,19680105,TMAX,178,,,a,
ASN00092045,19680106,TMAX,200,,,a,
ASN00092045,19680107,TMAX,172,,,a,
ASN00092045,19680108,TMAX,186,,,a,
ASN00092045,19680109,TMAX,178,,,a,
ASN00092045,19680110,TMAX,233,,,a,
ASN00092045,19680111,TMAX,206,,,a,
ASN00092045,19680112,TMAX,208,,,a,
ASN00092045,19680113,TMAX,211,,,a,
ASN00092045,19680114,TMAX,194,,,a,
ASN00092045,19680115,TMAX,172,,,a,
ASN00092045,19680116,TMAX,253,,,a,
ASN00092045,19680117,TMAX,167,,,a,
ASN00092045,19680118,TMAX,167,,,a,
ASN00092045,19680119,TMAX,194,,,a,
ASN00092045,19680120,TMAX,189,,,a,
ASN00092045,19680121,TMAX,214,,,a,
ASN00092045,19680122,TMAX,228,,,a,
ASN00092045,19680123,TMAX,222,,,a,
ASN00092045,19680124,TMAX,256,,,a,
ASN00092045,19680125,TMAX,228,,,a,
ASN00092045,19680126,TMAX,222,,,a,
ASN00092045,19680127,TMAX,217,,,a,
ASN00092045,19680128,TMAX,228,,,a,
ASN00092045,19680129,TMAX,192,,,a,
ASN00092045,19680130,TMAX,217,,,a,
ASN00092045,19680131,TMAX,300,,,a,
ASN00092045,19680103,TMIN,100,,,a,
ASN00092045,19680105,TMIN,128,,,a,
ASN00092045,19680106,TMIN,128,,,a,
ASN00092045,19680107,TMIN,111,,,a,
ASN00092045,19680108,TMIN,133,,,a,
ASN00092045,19680109,TMIN,128,,,a,
ASN00092045,19680110,TMIN,144,,,a,
ASN00092045,19680111,TMIN,106,,,a,
ASN00092045,19680112,TMIN,122,,,a,
ASN00092045,19680113,TMIN,144,,,a,
ASN00092045,19680114,TMIN,117,,,a,
ASN00092045,19680115,TMIN,133,,,a,
ASN00092045,19680116,TMIN,111,,,a,
ASN00092045,19680117,TMIN,133,,,a,
ASN00092045,19680118,TMIN,122,,,a,
ASN00092045,19680119,TMIN,117,,,a,
ASN00092045,19680120,TMIN,156,,,a,
ASN00092045,19680121,TMIN,172,,,a,
ASN00092045,19680122,TMIN,131,,,a,
ASN00092045,19680123,TMIN,128,,,a,
ASN00092045,19680124,TMIN,150,,,a,
ASN00092045,19680125,TMIN,144,,,a,
ASN00092045,19680127,TMIN,106,,,a,
ASN00092045,19680128,TMIN,156,,,a,
ASN00092045,19680129,TMIN,139,,,a,
ASN00092045,19680130,TMIN,133,,,a,
ASN00092045,19680131,TMIN,156,,,a,
ASN00092045,19680101,PRCP,0,,,a,
ASN00092045,19680102,PRCP,0,,,a,
ASN00092045,19680103,PRCP,0,,,a,
ASN00092045,19680104,PRCP,0,,,a,
ASN00092045,19680105,PRCP,0,,,a,
ASN00092045,19680106,PRCP,0,,,a,
ASN00092045,19680107,PRCP,0,,,a,
ASN00092045,19680108,PRCP,0,,,a,
ASN00092045,19680109,PRCP,15,,,a,
ASN00092045,19680110,PRCP,5,,,a,
ASN00092045,19680111,PRCP,28,,,a,
ASN00092045,19680112,PRCP,0,,,a,
ASN00092045,19680113,PRCP,0,,,a,
ASN00092045,19680114,PRCP,0,,,a,
ASN00092045,19680115,PRCP,0,,,a,
ASN00092045,19680116,PRCP,0,,,a,
ASN00092045,19680117,PRCP,0,,,a,
ASN00092045,19680118,PRCP,0,,,a,
ASN00092045,19680119,PRCP,0,,,a,
ASN00092045,19680120,PRCP,18,,,a,
ASN00092045,19680121,PRCP,20,,,a,
ASN00092045,19680122,PRCP,0,,,a,
ASN00092045,19680123,PRCP,0,,,a,
ASN00092045,19680124,PRCP,0,,,a,
ASN00092045,19680125,PRCP,25,,,a,
ASN00092045,19680126,PRCP,0,,,a,
ASN00092045,19680127,PRCP,0,,,a,
ASN00092045,19680128,PRCP,0,,,a,
ASN00092045,19680129,PRCP,0,,,a,
ASN00092045,19680130,PRCP,0,,,a,
ASN00092045,19680131,PRCP,0,,,a,
ASN00092045,19680201,TMAX,189,,,a,
ASN00092045,19680202,TMAX,206,,,a,
ASN00092045,19680203,TMAX,179,,,a,
ASN00092045,19680204,TMAX,189,,,a,
ASN00092045,19680205,TMAX,278,,,a,
ASN00092045,19680206,TMAX,222,,,a,
ASN00092045,19680207,TMAX,217,,,a,
ASN00092045,19680208,TMAX,200,,,a,
ASN00092045,19680209,TMAX,204,,,a,
ASN00092045,19680210,TMAX,211,,,a,
ASN00092045,19680211,TMAX,233,,,a,
ASN00092045,19680212,TMAX,200,,,a,
ASN00092045,19680213,TMAX,172,,,a,
ASN00092045,19680214,TMAX,183,,,a,
ASN00092045,19680215,TMAX,181,,,a,
ASN00092045,19680216,TMAX,217,,,a,
ASN00092045,19680217,TMAX,200,,,a,
ASN00092045,19680218,TMAX,317,,,a,
ASN00092045,19680219,TMAX,328,,,a,
ASN00092045,19680220,TMAX,278,,,a,
ASN00092045,19680221,TMAX,239,,,a,
ASN00092045,19680222,TMAX,206,,,a,
ASN00092045,19680223,TMAX,208,,,a,
ASN00092045,19680224,TMAX,217,,,a,
ASN00092045,19680225,TMAX,217,,,a,
ASN00092045,19680226,TMAX,206,,,a,
ASN00092045,19680227,TMAX,211,,,a,
ASN00092045,19680228,TMAX,222,,,a,
ASN00092045,19680229,TMAX,228,,,a,
ASN00092045,19680201,TMIN,167,,,a,
ASN00092045,19680202,TMIN,94,,,a,
ASN00092045,19680203,TMIN,72,,,a,
ASN00092045,19680204,TMIN,111,,,a,
ASN00092045,19680205,TMIN,156,,,a,
ASN00092045,19680206,TMIN,122,,,a,
ASN00092045,19680207,TMIN,83,,,a,
ASN00092045,19680208,TMIN,44,,,a,
ASN00092045,19680209,TMIN,61,,,a,
ASN00092045,19680212,TMIN,117,,,a,
ASN00092045,19680213,TMIN,139,,,a,
ASN00092045,19680214,TMIN,156,,,a,
ASN00092045,19680215,TMIN,144,,,a,
ASN00092045,19680216,TMIN,150,,,a,
ASN00092045,19680217,TMIN,156,,,a,
ASN00092045,19680218,TMIN,150,,,a,
ASN00092045,19680219,TMIN,144,,,a,
ASN00092045,19680220,TMIN,161,,,a,
ASN00092045,19680221,TMIN,139,,,a,
ASN00092045,19680222,TMIN,94,,,a,
ASN00092045,19680223,TMIN,156,,,a,
ASN00092045,19680224,TMIN,167,,,a,
ASN00092045,19680225,TMIN,178,,,a,
ASN00092045,19680226,TMIN,161,,,a,
ASN00092045,19680227,TMIN,122,,,a,
ASN00092045,19680228,TMIN,111,,,a,
ASN00092045,19680229,TMIN,122,,,a,
ASN00092045,19680201,PRCP,0,,,a,
ASN00092045,19680202,PRCP,86,,,a,
ASN00092045,19680203,PRCP,0,,,a,
ASN00092045,19680204,PRCP,0,,,a,
ASN00092045,19680205,PRCP,0,,,a,
ASN00092045,19680206,PRCP,3,,,a,
ASN00092045,19680207,PRCP,0,,,a,
ASN00092045,19680208,PRCP,0,,,a,
ASN00092045,19680209,PRCP,0,,,a,
ASN00092045,19680210,PRCP,0,,,a,
ASN00092045,19680211,PRCP,0,,,a,
ASN00092045,19680212,PRCP,0,,,a,
ASN00092045,19680213,PRCP,0,,,a,
ASN00092045,19680214,PRCP,53,,,a,
ASN00092045,19680215,PRCP,0,,,a,
ASN00092045,19680216,PRCP,0,,,a,
ASN00092045,19680217,PRCP,0,,,a,
ASN00092045,19680218,PRCP,0,,,a,
ASN00092045,19680219,PRCP,0,,,a,
ASN00092045,19680220,PRCP,0,,,a,
ASN00092045,19680221,PRCP,69,,,a,
ASN00092045,19680222,PRCP,0,,,a,
ASN00092045,19680223,PRCP,0,,,a,
ASN00092045,19680224,PRCP,0,,,a,
ASN00092045,19680225,PRCP,0,,,a,
ASN00092045,19680226,PRCP,0,,,a,
ASN00092045,19680227,PRCP,3,,,a,
ASN00092045,19680228,PRCP,0,,,a,
ASN00092045,19680229,PRCP,0,,,a,
ASN00092045,19680301,TMAX,256,,,a,
ASN00092045,19680302,TMAX,228,,,a,
ASN00092045,19680303,TMAX,222,,,a,
ASN00092045,19680304,TMAX,211,,,a,
ASN00092045,19680305,TMAX,167,,,a,
ASN00092045,19680306,TMAX,178,,,a,
ASN00092045,19680307,TMAX,200,,,a,
ASN00092045,19680308,TMAX,183,,,a,
ASN00092045,19680309,TMAX,178,,,a,
ASN00092045,19680310,TMAX,194,,,a,
ASN00092045,19680311,TMAX,183,,,a,
ASN00092045,19680312,TMAX,194,,,a,
ASN00092045,19680313,TMAX,217,,,a,
ASN00092045,19680314,TMAX,222,,,a,
ASN00092045,19680315,TMAX,217,,,a,
ASN00092045,19680316,TMAX,211,,,a,
ASN00092045,19680317,TMAX,217,,,a,
ASN00092045,19680318,TMAX,214,,,a,
ASN00092045,19680319,TMAX,206,,,a,
ASN00092045,19680320,TMAX,189,,,a,
ASN00092045,19680321,TMAX,217,,,a,
ASN00092045,19680322,TMAX,172,,,a,
ASN00092045,19680323,TMAX,183,,,a,
ASN00092045,19680324,TMAX,167,,,a,
ASN00092045,19680325,TMAX,167,,,a,
ASN00092045,19680326,TMAX,178,,,a,
ASN00092045,19680327,TMAX,178,,,a,
ASN00092045,19680328,TMAX,200,,,a,
ASN00092045,19680329,TMAX,204,,,a,
ASN00092045,19680330,TMAX,206,,,a,
ASN00092045,19680331,TMAX,172,,,a,
ASN00092045,19680302,TMIN,128,,,a,
ASN00092045,19680304,TMIN,106,,,a,
ASN00092045,19680305,TMIN,78,,,a,
ASN00092045,19680306,TMIN,94,,,a,
ASN00092045,19680307,TMIN,128,,,a,
ASN00092045,19680308,TMIN,139,,,a,
ASN00092045,19680309,TMIN,133,,,a,
ASN00092045,19680310,TMIN,128,,,a,
ASN00092045,19680311,TMIN,122,,,a,
ASN00092045,19680312,TMIN,144,,,a,
ASN00092045,19680313,TMIN,128,,,a,
ASN00092045,19680314,TMIN,122,,,a,
ASN00092045,19680315,TMIN,128,,,a,
ASN00092045,19680316,TMIN,133,,,a,
ASN00092045,19680317,TMIN,161,,,a,
ASN00092045,19680318,TMIN,167,,,a,
ASN00092045,19680319,TMIN,161,,,a,
ASN00092045,19680320,TMIN,150,,,a,
ASN00092045,19680321,TMIN,161,,,a,
ASN00092045,19680322,TMIN,156,,,a,
ASN00092045,19680323,TMIN,144,,,a,
ASN00092045,19680324,TMIN,139,,,a,
ASN00092045,19680325,TMIN,122,,,a,
ASN00092045,19680326,TMIN,139,,,a,
ASN00092045,19680327,TMIN,144,,,a,
ASN00092045,19680328,TMIN,122,,,a,
ASN00092045,19680329,TMIN,144,,,a,
ASN00092045,19680330,TMIN,122,,,a,
ASN00092045,19680331,TMIN,72,,,a,
ASN00092045,19680301,PRCP,0,,,a,
ASN00092045,19680302,PRCP,8,,,a,
ASN00092045,19680303,PRCP,0,,,a,
ASN00092045,19680304,PRCP,0,,,a,
ASN00092045,19680305,PRCP,102,,,a,
ASN00092045,19680306,PRCP,0,,,a,
ASN00092045,19680307,PRCP,0,,,a,
ASN00092045,19680308,PRCP,0,,,a,
ASN00092045,19680309,PRCP,0,,,a,
ASN00092045,19680310,PRCP,15,,,a,
ASN00092045,19680311,PRCP,0,,,a,
ASN00092045,19680312,PRCP,0,,,a,
ASN00092045,19680313,PRCP,3,,,a,
ASN00092045,19680314,PRCP,0,,,a,
ASN00092045,19680315,PRCP,0,,,a,
ASN00092045,19680316,PRCP,0,,,a,
ASN00092045,19680317,PRCP,0,,,a,
ASN00092045,19680318,PRCP,0,,,a,
ASN00092045,19680319,PRCP,0,,,a,
ASN00092045,19680320,PRCP,0,,,a,
ASN00092045,19680321,PRCP,15,,,a,
ASN00092045,19680322,PRCP,0,,,a,
ASN00092045,19680323,PRCP,69,,,a,
ASN00092045,19680324,PRCP,8,,,a,
ASN00092045,19680325,PRCP,97,,,a,
ASN00092045,19680326,PRCP,13,,,a,
ASN00092045,19680327,PRCP,0,,,a,
ASN00092045,19680328,PRCP,0,,,a,
ASN00092045,19680329,PRCP,74,,,a,
ASN00092045,19680330,PRCP,61,,,a,
ASN00092045,19680331,PRCP,91,,,a,
ASN00092045,19680401,TMAX,183,,,a,
ASN00092045,19680402,TMAX,206,,,a,
ASN00092045,19680403,TMAX,213,,,a,
ASN00092045,19680404,TMAX,194,,,a,
ASN00092045,19680405,TMAX,172,,,a,
ASN00092045,19680406,TMAX,183,,,a,
ASN00092045,19680407,TMAX,189,,,a,
ASN00092045,19680408,TMAX,178,,,a,
ASN00092045,19680409,TMAX,139,,,a,
ASN00092045,19680411,TMAX,206,,,a,
ASN00092045,19680412,TMAX,211,,,a,
ASN00092045,19680413,TMAX,156,,,a,
ASN00092045,19680414,TMAX,156,,,a,
ASN00092045,19680415,TMAX,161,,,a,
ASN00092045,19680416,TMAX,172,,,a,
ASN00092045,19680417,TMAX,189,,,a,
ASN00092045,19680418,TMAX,189,,,a,
ASN00092045,19680419,TMAX,172,,,a,
ASN00092045,19680420,TMAX,174,,,a,
ASN00092045,19680421,TMAX,156,,,a,
ASN00092045,19680422,TMAX,172,,,a,
ASN00092045,19680423,TMAX,161,,,a,
ASN00092045,19680424,TMAX,183,,,a,
ASN00092045,19680425,TMAX,178,,,a,
ASN00092045,19680426,TMAX,167,,,a,
ASN00092045,19680427,TMAX,200,,,a,
ASN00092045,19680428,TMAX,167,,,a,
ASN00092045,19680429,TMAX,156,,,a,
ASN00092045,19680430,TMAX,150,,,a,
ASN00092045,19680401,TMIN,78,,,a,
ASN00092045,19680402,TMIN,122,,,a,
ASN00092045,19680403,TMIN,167,,,a,
ASN00092045,19680404,TMIN,133,,,a,
ASN00092045,19680405,TMIN,94,,,a,
ASN00092045,19680406,TMIN,133,,,a,
ASN00092045,19680407,TMIN,133,,,a,
ASN00092045,19680408,TMIN,139,,,a,
ASN00092045,19680409,TMIN,44,,,a,
ASN00092045,19680410,TMIN,72,,,a,
ASN00092045,19680412,TMIN,111,,,a,
ASN00092045,19680413,TMIN,128,,,a,
ASN00092045,19680414,TMIN,122,,,a,
ASN00092045,19680415,TMIN,122,,,a,
ASN00092045,19680416,TMIN,122,,,a,
ASN00092045,19680417,TMIN,117,,,a,
ASN00092045,19680418,TMIN,117,,,a,
ASN00092045,19680419,TMIN,111,,,a,
ASN00092045,19680420,TMIN,122,,,a,
ASN00092045,19680421,TMIN,94,,,a,
ASN00092045,19680422,TMIN,106,,,a,
ASN00092045,19680423,TMIN,78,,,a,
ASN00092045,19680424,TMIN,89,,,a,
ASN00092045,19680425,TMIN,133,,,a,
ASN00092045,19680426,TMIN,111,,,a,
ASN00092045,19680427,TMIN,117,,,a,
ASN00092045,19680428,TMIN,144,,,a,
ASN00092045,19680429,TMIN,139,,,a,
ASN00092045,19680430,TMIN,133,,,a,
ASN00092045,19680401,PRCP,56,,,a,
ASN00092045,19680402,PRCP,0,,,a,
ASN00092045,19680403,PRCP,0,,,a,
ASN00092045,19680404,PRCP,0,,,a,
ASN00092045,19680405,PRCP,48,,,a,
ASN00092045,19680406,PRCP,76,,,a,
ASN00092045,19680407,PRCP,84,,,a,
ASN00092045,19680408,PRCP,18,,,a,
ASN00092045,19680409,PRCP,0,,,a,
ASN00092045,19680410,PRCP,0,,,a,
ASN00092045,19680411,PRCP,0,,,a,
ASN00092045,19680412,PRCP,0,,,a,
ASN00092045,19680413,PRCP,3,,,a,
ASN00092045,19680414,PRCP,0,,,a,
ASN00092045,19680415,PRCP,3,,,a,
ASN00092045,19680416,PRCP,10,,,a,
ASN00092045,19680417,PRCP,137,,,a,
ASN00092045,19680418,PRCP,97,,,a,
ASN00092045,19680419,PRCP,61,,,a,
ASN00092045,19680420,PRCP,69,,,a,
ASN00092045,19680421,PRCP,23,,,a,
ASN00092045,19680422,PRCP,48,,,a,
ASN00092045,19680423,PRCP,36,,,a,
ASN00092045,19680424,PRCP,8,,,a,
ASN00092045,19680425,PRCP,3,,,a,
ASN00092045,19680426,PRCP,13,,,a,
ASN00092045,19680427,PRCP,20,,,a,
ASN00092045,19680428,PRCP,0,,,a,
ASN00092045,19680429,PRCP,5,,,a,
ASN00092045,19680430,PRCP,241,,,a,
ASN00092045,19680501,TMAX,161,,,a,
ASN00092045,19680502,TMAX,178,,,a,
ASN00092045,19680503,TMAX,144,,,a,
ASN00092045,19680504,TMAX,161,,,a,
ASN00092045,19680505,TMAX,133,,,a,
ASN00092045,19680506,TMAX,161,,,a,
ASN00092045,19680507,TMAX,172,,,a,
ASN00092045,19680508,TMAX,167,,,a,
ASN00092045,19680509,TMAX,167,,,a,
ASN00092045,19680510,TMAX,161,,,a,
ASN00092045,19680511,TMAX,172,,,a,
ASN00092045,19680512,TMAX,163,,,a,
ASN00092045,19680513,TMAX,117,,,a,
ASN00092045,19680514,TMAX,111,,,a,
ASN00092045,19680515,TMAX,128,,,a,
ASN00092045,19680516,TMAX,144,,,a,
ASN00092045,19680517,TMAX,128,,,a,
ASN00092045,19680518,TMAX,117,,,a,
ASN00092045,19680519,TMAX,111,,,a,
ASN00092045,19680520,TMAX,128,,,a,
ASN00092045,19680521,TMAX,133,,,a,
ASN00092045,19680522,TMAX,150,,,a,
ASN00092045,19680523,TMAX,144,,,a,
ASN00092045,19680524,TMAX,150,,,a,
ASN00092045,19680525,TMAX,111,,,a,
ASN00092045,19680526,TMAX,122,,,a,
ASN00092045,19680527,TMAX,122,,,a,
ASN00092045,19680528,TMAX,111,,,a,
ASN00092045,19680529,TMAX,111,,,a,
ASN00092045,19680530,TMAX,128,,,a,
ASN00092045,19680531,TMAX,133,,,a,
ASN00092045,19680501,TMIN,128,,,a,
ASN00092045,19680502,TMIN,122,,,a,
ASN00092045,19680503,TMIN,72,,,a,
ASN00092045,19680504,TMIN,78,,,a,
ASN00092045,19680505,TMIN,72,,,a,
ASN00092045,19680506,TMIN,78,,,a,
ASN00092045,19680507,TMIN,100,,,a,
ASN00092045,19680508,TMIN,89,,,a,
ASN00092045,19680509,TMIN,117,,,a,
ASN00092045,19680510,TMIN,128,,,a,
ASN00092045,19680511,TMIN,128,,,a,
ASN00092045,19680512,TMIN,83,,,a,
ASN00092045,19680513,TMIN,61,,,a,
ASN00092045,19680514,TMIN,78,,,a,
ASN00092045,19680515,TMIN,56,,,a,
ASN00092045,19680516,TMIN,56,,,a,
ASN00092045,19680517,TMIN,78,,,a,
ASN00092045,19680518,TMIN,89,,,a,
ASN00092045,19680519,TMIN,17,,,a,
ASN00092045,19680520,TMIN,39,,,a,
ASN00092045,19680521,TMIN,44,,,a,
ASN00092045,19680522,TMIN,78,,,a,
ASN00092045,19680523,TMIN,94,,,a,
ASN00092045,19680524,TMIN,56,,,a,
ASN00092045,19680525,TMIN,22,,,a,
ASN00092045,19680526,TMIN,50,,,a,
ASN00092045,19680527,TMIN,56,,,a,
ASN00092045,19680528,TMIN,39,,,a,
ASN00092045,19680529,TMIN,28,,,a,
ASN00092045,19680530,TMIN,22,,,a,
ASN00092045,19680531,TMIN,78,,,a,
ASN00092045,19680501,PRCP,33,,,a,
ASN00092045,19680502,PRCP,3,,,a,
ASN00092045,19680503,PRCP,114,,,a,
ASN00092045,19680504,PRCP,112,,,a,
ASN00092045,19680505,PRCP,76,,,a,
ASN00092045,19680506,PRCP,0,,,a,
ASN00092045,19680507,PRCP,0,,,a,
ASN00092045,19680508,PRCP,5,,,a,
ASN00092045,19680509,PRCP,18,,,a,
ASN00092045,19680510,PRCP,23,,,a,
ASN00092045,19680511,PRCP,5,,,a,
ASN00092045,19680512,PRCP,10,,,a,
ASN00092045,19680513,PRCP,0,,,a,
ASN00092045,19680514,PRCP,0,,,a,
ASN00092045,19680515,PRCP,0,,,a,
ASN00092045,19680516,PRCP,0,,,a,
ASN00092045,19680517,PRCP,0,,,a,
ASN00092045,19680518,PRCP,91,,,a,
ASN00092045,19680519,PRCP,53,,,a,
ASN00092045,19680520,PRCP,28,,,a,
ASN00092045,19680521,PRCP,3,,,a,
ASN00092045,19680522,PRCP,0,,,a,
ASN00092045,19680523,PRCP,15,,,a,
ASN00092045,19680524,PRCP,53,,,a,
ASN00092045,19680525,PRCP,0,,,a,
ASN00092045,19680526,PRCP,137,,,a,
ASN00092045,19680527,PRCP,132,,,a,
ASN00092045,19680528,PRCP,8,,,a,
ASN00092045,19680529,PRCP,0,,,a,
ASN00092045,19680530,PRCP,3,,,a,
ASN00092045,19680531,PRCP,10,,,a,
ASN00092045,19680601,TMAX,139,,,a,
ASN00092045,19680602,TMAX,128,,,a,
ASN00092045,19680603,TMAX,117,,,a,
ASN00092045,19680604,TMAX,133,,,a,
ASN00092045,19680605,TMAX,128,,,a,
ASN00092045,19680606,TMAX,139,,,a,
ASN00092045,19680607,TMAX,128,,,a,
ASN00092045,19680608,TMAX,122,,,a,
ASN00092045,19680609,TMAX,122,,,a,
ASN00092045,19680610,TMAX,128,,,a,
ASN00092045,19680611,TMAX,139,,,a,
ASN00092045,19680612,TMAX,133,,,a,
ASN00092045,19680613,TMAX,139,,,a,
ASN00092045,19680614,TMAX,133,,,a,
ASN00092045,19680615,TMAX,144,,,a,
ASN00092045,19680616,TMAX,144,,,a,
ASN00092045,19680617,TMAX,117,,,a,
ASN00092045,19680618,TMAX,128,,,a,
ASN00092045,19680619,TMAX,128,,,a,
ASN00092045,19680620,TMAX,139,,,a,
ASN00092045,19680621,TMAX,100,,,a,
ASN00092045,19680622,TMAX,106,,,a,
ASN00092045,19680623,TMAX,122,,,a,
ASN00092045,19680624,TMAX,128,,,a,
ASN00092045,19680625,TMAX,111,,,a,
ASN00092045,19680626,TMAX,94,,,a,
ASN00092045,19680627,TMAX,117,,,a,
ASN00092045,19680628,TMAX,100,,,a,
ASN00092045,19680629,TMAX,128,,,a,
ASN00092045,19680630,TMAX,128,,,a,
ASN00092045,19680601,TMIN,117,,,a,
ASN00092045,19680602,TMIN,78,,,a,
ASN00092045,19680603,TMIN,33,,,a,
ASN00092045,19680604,TMIN,50,,,a,
ASN00092045,19680605,TMIN,78,,,a,
ASN00092045,19680606,TMIN,39,,,a,
ASN00092045,19680607,TMIN,61,,,a,
ASN00092045,19680608,TMIN,33,,,a,
ASN00092045,19680609,TMIN,50,,,a,
ASN00092045,19680610,TMIN,67,,,a,
ASN00092045,19680611,TMIN,83,,,a,
ASN00092045,19680612,TMIN,72,,,a,
ASN00092045,19680613,TMIN,72,,,a,
ASN00092045,19680614,TMIN,94,,,a,
ASN00092045,19680615,TMIN,111,,,a,
ASN00092045,19680618,TMIN,50,,,a,
ASN00092045,19680619,TMIN,72,,,a,
ASN00092045,19680620,TMIN,106,,,a,
ASN00092045,19680621,TMIN,89,,,a,
ASN00092045,19680622,TMIN,17,,,a,
ASN00092045,19680623,TMIN,28,,,a,
ASN00092045,19680624,TMIN,78,,,a,
ASN00092045,19680625,TMIN,44,,,a,
ASN00092045,19680626,TMIN,11,,,a,
ASN00092045,19680627,TMIN,28,,,a,
ASN00092045,19680628,TMIN,28,,,a,
ASN00092045,19680629,TMIN,39,,,a,
ASN00092045,19680630,TMIN,33,,,a,
ASN00092045,19680601,PRCP,71,,,a,
ASN00092045,19680602,PRCP,53,,,a,
ASN00092045,19680603,PRCP,0,,,a,
ASN00092045,19680604,PRCP,10,,,a,
ASN00092045,19680605,PRCP,114,,,a,
ASN00092045,19680606,PRCP,0,,,a,
ASN00092045,19680607,PRCP,0,,,a,
ASN00092045,19680608,PRCP,0,,,a,
ASN00092045,19680609,PRCP,0,,,a,
ASN00092045,19680610,PRCP,0,,,a,
ASN00092045,19680611,PRCP,3,,,a,
ASN00092045,19680612,PRCP,0,,,a,
ASN00092045,19680613,PRCP,8,,,a,
ASN00092045,19680614,PRCP,8,,,a,
ASN00092045,19680615,PRCP,58,,,a,
ASN00092045,19680616,PRCP,3,,,a,
ASN00092045,19680617,PRCP,0,,,a,
ASN00092045,19680618,PRCP,0,,,a,
ASN00092045,19680619,PRCP,0,,,a,
ASN00092045,19680620,PRCP,0,,,a,
ASN00092045,19680621,PRCP,99,,,a,
ASN00092045,19680622,PRCP,5,,,a,
ASN00092045,19680623,PRCP,0,,,a,
ASN00092045,19680624,PRCP,0,,,a,
ASN00092045,19680625,PRCP,0,,,a,
ASN00092045,19680626,PRCP,0,,,a,
ASN00092045,19680627,PRCP,0,,,a,
ASN00092045,19680628,PRCP,0,,,a,
ASN00092045,19680629,PRCP,0,,,a,
ASN00092045,19680630,PRCP,0,,,a,
ASN00092045,19680701,TMAX,122,,,a,
ASN00092045,19680702,TMAX,106,,,a,
ASN00092045,19680703,TMAX,117,,,a,
ASN00092045,19680704,TMAX,128,,,a,
ASN00092045,19680705,TMAX,139,,,a,
ASN00092045,19680706,TMAX,128,,,a,
ASN00092045,19680707,TMAX,133,,,a,
ASN00092045,19680708,TMAX,133,,,a,
ASN00092045,19680709,TMAX,128,,,a,
ASN00092045,19680710,TMAX,122,,,a,
ASN00092045,19680711,TMAX,111,,,a,
ASN00092045,19680712,TMAX,111,,,a,
ASN00092045,19680713,TMAX,117,,,a,
ASN00092045,19680714,TMAX,133,,,a,
ASN00092045,19680715,TMAX,133,,,a,
ASN00092045,19680716,TMAX,128,,,a,
ASN00092045,19680717,TMAX,122,,,a,
ASN00092045,19680718,TMAX,122,,,a,
ASN00092045,19680719,TMAX,133,,,a,
ASN00092045,19680720,TMAX,117,,,a,
ASN00092045,19680721,TMAX,128,,,a,
ASN00092045,19680722,TMAX,100,,,a,
ASN00092045,19680723,TMAX,106,,,a,
ASN00092045,19680724,TMAX,117,,,a,
ASN00092045,19680725,TMAX,111,,,a,
ASN00092045,19680726,TMAX,117,,,a,
ASN00092045,19680727,TMAX,128,,,a,
ASN00092045,19680728,TMAX,117,,,a,
ASN00092045,19680729,TMAX,122,,,a,
ASN00092045,19680730,TMAX,122,,,a,
ASN00092045,19680731,TMAX,122,,,a,
ASN00092045,19680701,TMIN,33,,,a,
ASN00092045,19680702,TMIN,44,,,a,
ASN00092045,19680703,TMIN,56,,,a,
ASN00092045,19680704,TMIN,78,,,a,
ASN00092045,19680705,TMIN,89,,,a,
ASN00092045,19680706,TMIN,50,,,a,
ASN00092045,19680707,TMIN,44,,,a,
ASN00092045,19680708,TMIN,61,,,a,
ASN00092045,19680709,TMIN,56,,,a,
ASN00092045,19680710,TMIN,44,,,a,
ASN00092045,19680711,TMIN,56,,,a,
ASN00092045,19680712,TMIN,78,,,a,
ASN00092045,19680713,TMIN,28,,,a,
ASN00092045,19680714,TMIN,39,,,a,
ASN00092045,19680715,TMIN,106,,,a,
ASN00092045,19680716,TMIN,106,,,a,
ASN00092045,19680717,TMIN,94,,,a,
ASN00092045,19680718,TMIN,83,,,a,
ASN00092045,19680719,TMIN,56,,,a,
ASN00092045,19680720,TMIN,50,,,a,
ASN00092045,19680721,TMIN,61,,,a,
ASN00092045,19680722,TMIN,67,,,a,
ASN00092045,19680723,TMIN,33,,,a,
ASN00092045,19680724,TMIN,22,,,a,
ASN00092045,19680725,TMIN,22,,,a,
ASN00092045,19680727,TMIN,39,,,a,
ASN00092045,19680728,TMIN,67,,,a,
ASN00092045,19680729,TMIN,72,,,a,
ASN00092045,19680730,TMIN,83,,,a,
ASN00092045,19680731,TMIN,78,,,a,
ASN00092045,19680701,PRCP,0,,,a,
ASN00092045,19680702,PRCP,0,,,a,
ASN00092045,19680703,PRCP,23,,,a,
ASN00092045,19680704,PRCP,33,,,a,
ASN00092045,19680705,PRCP,10,,,a,
ASN00092045,19680706,PRCP,8,,,a,
ASN00092045,19680707,PRCP,3,,,a,
ASN00092045,19680708,PRCP,8,,,a,
ASN00092045,19680709,PRCP,0,,,a,
ASN00092045,19680710,PRCP,0,,,a,
ASN00092045,19680711,PRCP,0,,,a,
ASN00092045,19680712,PRCP,46,,,a,
ASN00092045,19680713,PRCP,5,,,a,
ASN00092045,19680714,PRCP,0,,,a,
ASN00092045,19680715,PRCP,18,,,a,
ASN00092045,19680716,PRCP,0,,,a,
ASN00092045,19680717,PRCP,36,,,a,
ASN00092045,19680718,PRCP,36,,,a,
ASN00092045,19680719,PRCP,0,,,a,
ASN00092045,19680720,PRCP,0,,,a,
ASN00092045,19680721,PRCP,0,,,a,
ASN00092045,19680722,PRCP,30,,,a,
ASN00092045,19680723,PRCP,0,,,a,
ASN00092045,19680724,PRCP,0,,,a,
ASN00092045,19680725,PRCP,0,,,a,
ASN00092045,19680726,PRCP,71,,,a,
ASN00092045,19680727,PRCP,36,,,a,
ASN00092045,19680728,PRCP,64,,,a,
ASN00092045,19680729,PRCP,20,,,a,
ASN00092045,19680730,PRCP,5,,,a,
ASN00092045,19680731,PRCP,46,,,a,
ASN00092045,19680801,TMAX,117,,,a,
ASN00092045,19680802,TMAX,122,,,a,
ASN00092045,19680803,TMAX,122,,,a,
ASN00092045,19680804,TMAX,128,,,a,
ASN00092045,19680805,TMAX,139,,,a,
ASN00092045,19680806,TMAX,136,,,a,
ASN00092045,19680807,TMAX,133,,,a,
ASN00092045,19680808,TMAX,144,,,a,
ASN00092045,19680809,TMAX,122,,,a,
ASN00092045,19680810,TMAX,122,,,a,
ASN00092045,19680811,TMAX,139,,,a,
ASN00092045,19680812,TMAX,139,,,a,
ASN00092045,19680813,TMAX,139,,,a,
ASN00092045,19680814,TMAX,139,,,a,
ASN00092045,19680815,TMAX,100,,,a,
ASN00092045,19680816,TMAX,106,,,a,
ASN00092045,19680817,TMAX,122,,,a,
ASN00092045,19680818,TMAX,122,,,a,
ASN00092045,19680819,TMAX,128,,,a,
ASN00092045,19680820,TMAX,106,,,a,
ASN00092045,19680821,TMAX,117,,,a,
ASN00092045,19680822,TMAX,139,,,a,
ASN00092045,19680823,TMAX,122,,,a,
ASN00092045,19680824,TMAX,128,,,a,
ASN00092045,19680825,TMAX,122,,,a,
ASN00092045,19680826,TMAX,139,,,a,
ASN00092045,19680827,TMAX,150,,,a,
ASN00092045,19680828,TMAX,122,,,a,
ASN00092045,19680829,TMAX,122,,,a,
ASN00092045,19680830,TMAX,144,,,a,
ASN00092045,19680831,TMAX,144,,,a,
ASN00092045,19680801,TMIN,50,,,a,
ASN00092045,19680802,TMIN,44,,,a,
ASN00092045,19680803,TMIN,28,,,a,
ASN00092045,19680804,TMIN,67,,,a,
ASN00092045,19680805,TMIN,56,,,a,
ASN00092045,19680806,TMIN,89,,,a,
ASN00092045,19680807,TMIN,78,,,a,
ASN00092045,19680808,TMIN,94,,,a,
ASN00092045,19680809,TMIN,83,,,a,
ASN00092045,19680810,TMIN,61,,,a,
ASN00092045,19680811,TMIN,67,,,a,
ASN00092045,19680812,TMIN,67,,,a,
ASN00092045,19680813,TMIN,67,,,a,
ASN00092045,19680814,TMIN,72,,,a,
ASN00092045,19680815,TMIN,56,,,a,
ASN00092045,19680816,TMIN,56,,,a,
ASN00092045,19680817,TMIN,50,,,a,
ASN00092045,19680818,TMIN,67,,,a,
ASN00092045,19680819,TMIN,89,,,a,
ASN00092045,19680820,TMIN,36,,,a,
ASN00092045,19680821,TMIN,78,,,a,
ASN00092045,19680822,TMIN,22,,,a,
ASN00092045,19680823,TMIN,33,,,a,
ASN00092045,19680824,TMIN,72,,,a,
ASN00092045,19680825,TMIN,56,,,a,
ASN00092045,19680826,TMIN,56,,,a,
ASN00092045,19680827,TMIN,100,,,a,
ASN00092045,19680828,TMIN,78,,,a,
ASN00092045,19680829,TMIN,22,,,a,
ASN00092045,19680830,TMIN,61,,,a,
ASN00092045,19680831,TMIN,56,,,a,
ASN00092045,19680801,PRCP,3,,,a,
ASN00092045,19680802,PRCP,25,,,a,
ASN00092045,19680803,PRCP,208,,,a,
ASN00092045,19680804,PRCP,91,,,a,
ASN00092045,19680805,PRCP,36,,,a,
ASN00092045,19680806,PRCP,58,,,a,
ASN00092045,19680807,PRCP,0,,,a,
ASN00092045,19680808,PRCP,102,,,a,
ASN00092045,19680809,PRCP,8,,,a,
ASN00092045,19680810,PRCP,20,,,a,
ASN00092045,19680811,PRCP,3,,,a,
ASN00092045,19680812,PRCP,8,,,a,
ASN00092045,19680813,PRCP,8,,,a,
ASN00092045,19680814,PRCP,5,,,a,
ASN00092045,19680815,PRCP,33,,,a,
ASN00092045,19680816,PRCP,0,,,a,
ASN00092045,19680817,PRCP,3,,,a,
ASN00092045,19680818,PRCP,15,,,a,
ASN00092045,19680819,PRCP,20,,,a,
ASN00092045,19680820,PRCP,5,,,a,
ASN00092045,19680821,PRCP,33,,,a,
ASN00092045,19680822,PRCP,0,,,a,
ASN00092045,19680823,PRCP,0,,,a,
ASN00092045,19680824,PRCP,89,,,a,
ASN00092045,19680825,PRCP,76,,,a,
ASN00092045,19680826,PRCP,10,,,a,
ASN00092045,19680827,PRCP,28,,,a,
ASN00092045,19680828,PRCP,216,,,a,
ASN00092045,19680829,PRCP,56,,,a,
ASN00092045,19680830,PRCP,0,,,a,
ASN00092045,19680831,PRCP,0,,,a,
ASN00092045,19680901,TMAX,128,,,a,
ASN00092045,19680902,TMAX,128,,,a,
ASN00092045,19680903,TMAX,139,,,a,
ASN00092045,19680904,TMAX,133,,,a,
ASN00092045,19680905,TMAX,139,,,a,
ASN00092045,19680906,TMAX,128,,,a,
ASN00092045,19680907,TMAX,150,,,a,
ASN00092045,19680908,TMAX,117,,,a,
ASN00092045,19680909,TMAX,161,,,a,
ASN00092045,19680910,TMAX,144,,,a,
ASN00092045,19680911,TMAX,141,,,a,
ASN00092045,19680912,TMAX,163,,,a,
ASN00092045,19680913,TMAX,144,,,a,
ASN00092045,19680914,TMAX,148,,,a,
ASN00092045,19680915,TMAX,144,,,a,
ASN00092045,19680916,TMAX,161,,,a,
ASN00092045,19680917,TMAX,163,,,a,
ASN00092045,19680918,TMAX,161,,,a,
ASN00092045,19680919,TMAX,139,,,a,
ASN00092045,19680920,TMAX,133,,,a,
ASN00092045,19680921,TMAX,139,,,a,
ASN00092045,19680922,TMAX,150,,,a,
ASN00092045,19680923,TMAX,150,,,a,
ASN00092045,19680924,TMAX,150,,,a,
ASN00092045,19680925,TMAX,117,,,a,
ASN00092045,19680926,TMAX,122,,,a,
ASN00092045,19680927,TMAX,139,,,a,
ASN00092045,19680928,TMAX,122,,,a,
ASN00092045,19680929,TMAX,167,,,a,
ASN00092045,19680930,TMAX,139,,,a,
ASN00092045,19680901,TMIN,94,,,a,
ASN00092045,19680902,TMIN,67,,,a,
ASN00092045,19680903,TMIN,78,,,a,
ASN00092045,19680904,TMIN,39,,,a,
ASN00092045,19680905,TMIN,78,,,a,
ASN00092045,19680906,TMIN,78,,,a,
ASN00092045,19680909,TMIN,39,,,a,
ASN00092045,19680910,TMIN,67,,,a,
ASN00092045,19680911,TMIN,83,,,a,
ASN00092045,19680912,TMIN,83,,,a,
ASN00092045,19680913,TMIN,94,,,a,
ASN00092045,19680914,TMIN,94,,,a,
ASN00092045,19680915,TMIN,67,,,a,
ASN00092045,19680917,TMIN,78,,,a,
ASN00092045,19680918,TMIN,67,,,a,
ASN00092045,19680919,TMIN,94,,,a,
ASN00092045,19680920,TMIN,89,,,a,
ASN00092045,19680922,TMIN,50,,,a,
ASN00092045,19680925,TMIN,33,,,a,
ASN00092045,19680926,TMIN,67,,,a,
ASN00092045,19680927,TMIN,39,,,a,
ASN00092045,19680928,TMIN,72,,,a,
ASN00092045,19680929,TMIN,106,,,a,
ASN00092045,19680930,TMIN,33,,,a,
ASN00092045,19680901,PRCP,43,,,a,
ASN00092045,19680902,PRCP,15,,,a,
ASN00092045,19680903,PRCP,8,,,a,
ASN00092045,19680904,PRCP,5,,,a,
ASN00092045,19680905,PRCP,0,,,a,
ASN00092045,19680906,PRCP,23,,,a,
ASN00092045,19680907,PRCP,8,,,a,
ASN00092045,19680908,PRCP,0,,,a,
ASN00092045,19680909,PRCP,0,,,a,
ASN00092045,19680910,PRCP,0,,,a,
ASN00092045,19680911,PRCP,0,,,a,
ASN00092045,19680912,PRCP,0,,,a,
ASN00092045,19680913,PRCP,43,,,a,
ASN00092045,19680914,PRCP,0,,,a,
ASN00092045,19680915,PRCP,3,,,a,
ASN00092045,19680916,PRCP,0,,,a,
ASN00092045,19680917,PRCP,0,,,a,
ASN00092045,19680918,PRCP,0,,,a,
ASN00092045,19680919,PRCP,0,,,a,
ASN00092045,19680920,PRCP,46,,,a,
ASN00092045,19680921,PRCP,5,,,a,
ASN00092045,19680922,PRCP,0,,,a,
ASN00092045,19680923,PRCP,0,,,a,
ASN00092045,19680924,PRCP,94,,,a,
ASN00092045,19680925,PRCP,5,,,a,
ASN00092045,19680926,PRCP,0,,,a,
ASN00092045,19680927,PRCP,0,,,a,
ASN00092045,19680928,PRCP,0,,,a,
ASN00092045,19680929,PRCP,0,,,a,
ASN00092045,19680930,PRCP,10,,,a,
ASN00092045,19681001,TMAX,100,,,a,
ASN00092045,19681002,TMAX,117,,,a,
ASN00092045,19681003,TMAX,133,,,a,
ASN00092045,19681004,TMAX,117,,,a,
ASN00092045,19681005,TMAX,128,,,a,
ASN00092045,19681006,TMAX,144,,,a,
ASN00092045,19681007,TMAX,133,,,a,
ASN00092045,19681008,TMAX,139,,,a,
ASN00092045,19681009,TMAX,156,,,a,
ASN00092045,19681010,TMAX,144,,,a,
ASN00092045,19681011,TMAX,161,,,a,
ASN00092045,19681012,TMAX,161,,,a,
ASN00092045,19681013,TMAX,172,,,a,
ASN00092045,19681014,TMAX,183,,,a,
ASN00092045,19681015,TMAX,228,,,a,
ASN00092045,19681016,TMAX,228,,,a,
ASN00092045,19681017,TMAX,217,,,a,
ASN00092045,19681018,TMAX,200,,,a,
ASN00092045,19681019,TMAX,183,,,a,
ASN00092045,19681020,TMAX,183,,,a,
ASN00092045,19681021,TMAX,200,,,a,
ASN00092045,19681022,TMAX,156,,,a,
ASN00092045,19681023,TMAX,161,,,a,
ASN00092045,19681024,TMAX,150,,,a,
ASN00092045,19681025,TMAX,133,,,a,
ASN00092045,19681026,TMAX,156,,,a,
ASN00092045,19681027,TMAX,167,,,a,
ASN00092045,19681028,TMAX,161,,,a,
ASN00092045,19681029,TMAX,144,,,a,
ASN00092045,19681030,TMAX,139,,,a,
ASN00092045,19681031,TMAX,150,,,a,
ASN00092045,19681004,TMIN,33,,,a,
ASN00092045,19681005,TMIN,78,,,a,
ASN00092045,19681007,TMIN,67,,,a,
ASN00092045,19681008,TMIN,56,,,a,
ASN00092045,19681010,TMIN,33,,,a,
ASN00092045,19681013,TMIN,89,,,a,
ASN00092045,19681014,TMIN,83,,,a,
ASN00092045,19681015,TMIN,100,,,a,
ASN00092045,19681016,TMIN,100,,,a,
ASN00092045,19681017,TMIN,128,,,a,
ASN00092045,19681018,TMIN,89,,,a,
ASN00092045,19681019,TMIN,89,,,a,
ASN00092045,19681020,TMIN,117,,,a,
ASN00092045,19681021,TMIN,117,,,a,
ASN00092045,19681022,TMIN,94,,,a,
ASN00092045,19681023,TMIN,72,,,a,
ASN00092045,19681024,TMIN,44,,,a,
ASN00092045,19681025,TMIN,50,,,a,
ASN00092045,19681026,TMIN,78,,,a,
ASN00092045,19681027,TMIN,67,,,a,
ASN00092045,19681029,TMIN,78,,,a,
ASN00092045,19681030,TMIN,94,,,a,
ASN00092045,19681031,TMIN,106,,,a,
ASN00092045,19681001,PRCP,94,,,a,
ASN00092045,19681002,PRCP,25,,,a,
ASN00092045,19681003,PRCP,76,,,a,
ASN00092045,19681004,PRCP,0,,,a,
ASN00092045,19681005,PRCP,0,,,a,
ASN00092045,19681006,PRCP,0,,,a,
ASN00092045,19681007,PRCP,279,,,a,
ASN00092045,19681008,PRCP,15,,,a,
ASN00092045,19681009,PRCP,33,,,a,
ASN00092045,19681010,PRCP,0,,,a,
ASN00092045,19681011,PRCP,18,,,a,
ASN00092045,19681012,PRCP,3,,,a,
ASN00092045,19681013,PRCP,0,,,a,
ASN00092045,19681014,PRCP,0,,,a,
ASN00092045,19681015,PRCP,0,,,a,
ASN00092045,19681016,PRCP,3,,,a,
ASN00092045,19681017,PRCP,0,,,a,
ASN00092045,19681018,PRCP,0,,,a,
ASN00092045,19681019,PRCP,3,,,a,
ASN00092045,19681020,PRCP,10,,,a,
ASN00092045,19681021,PRCP,0,,,a,
ASN00092045,19681022,PRCP,64,,,a,
ASN00092045,19681023,PRCP,13,,,a,
ASN00092045,19681024,PRCP,5,,,a,
ASN00092045,19681025,PRCP,69,,,a,
ASN00092045,19681026,PRCP,3,,,a,
ASN00092045,19681027,PRCP,10,,,a,
ASN00092045,19681028,PRCP,5,,,a,
ASN00092045,19681029,PRCP,0,,,a,
ASN00092045,19681030,PRCP,0,,,a,
ASN00092045,19681031,PRCP,0,,,a,
ASN00092045,19681101,TMAX,156,,,a,
ASN00092045,19681102,TMAX,156,,,a,
ASN00092045,19681103,TMAX,178,,,a,
ASN00092045,19681104,TMAX,189,,,a,
ASN00092045,19681105,TMAX,150,,,a,
ASN00092045,19681106,TMAX,183,,,a,
ASN00092045,19681107,TMAX,167,,,a,
ASN00092045,19681108,TMAX,167,,,a,
ASN00092045,19681109,TMAX,172,,,a,
ASN00092045,19681110,TMAX,150,,,a,
ASN00092045,19681111,TMAX,172,,,a,
ASN00092045,19681112,TMAX,167,,,a,
ASN00092045,19681113,TMAX,133,,,a,
ASN00092045,19681114,TMAX,172,,,a,
ASN00092045,19681115,TMAX,156,,,a,
ASN00092045,19681116,TMAX,178,,,a,
ASN00092045,19681117,TMAX,178,,,a,
ASN00092045,19681118,TMAX,178,,,a,
ASN00092045,19681119,TMAX,183,,,a,
ASN00092045,19681120,TMAX,156,,,a,
ASN00092045,19681121,TMAX,161,,,a,
ASN00092045,19681122,TMAX,161,,,a,
ASN00092045,19681123,TMAX,150,,,a,
ASN00092045,19681124,TMAX,158,,,a,
ASN00092045,19681125,TMAX,167,,,a,
ASN00092045,19681126,TMAX,156,,,a,
ASN00092045,19681127,TMAX,172,,,a,
ASN00092045,19681128,TMAX,156,,,a,
ASN00092045,19681129,TMAX,161,,,a,
ASN00092045,19681130,TMAX,167,,,a,
ASN00092045,19681101,TMIN,133,,,a,
ASN00092045,19681102,TMIN,111,,,a,
ASN00092045,19681103,TMIN,83,,,a,
ASN00092045,19681104,TMIN,106,,,a,
ASN00092045,19681105,TMIN,106,,,a,
ASN00092045,19681106,TMIN,122,,,a,
ASN00092045,19681107,TMIN,106,,,a,
ASN00092045,19681108,TMIN,67,,,a,
ASN00092045,19681109,TMIN,78,,,a,
ASN00092045,19681110,TMIN,100,,,a,
ASN00092045,19681111,TMIN,128,,,a,
ASN00092045,19681112,TMIN,94,,,a,
ASN00092045,19681113,TMIN,78,,,a,
ASN00092045,19681114,TMIN,78,,,a,
ASN00092045,19681115,TMIN,83,,,a,
ASN00092045,19681116,TMIN,100,,,a,
ASN00092045,19681117,TMIN,100,,,a,
ASN00092045,19681118,TMIN,94,,,a,
ASN00092045,19681119,TMIN,94,,,a,
ASN00092045,19681120,TMIN,106,,,a,
ASN00092045,19681121,TMIN,72,,,a,
ASN00092045,19681122,TMIN,78,,,a,
ASN00092045,19681123,TMIN,89,,,a,
ASN00092045,19681125,TMIN,67,,,a,
ASN00092045,19681126,TMIN,72,,,a,
ASN00092045,19681130,TMIN,61,,,a,
ASN00092045,19681101,PRCP,8,,,a,
ASN00092045,19681102,PRCP,91,,,a,
ASN00092045,19681103,PRCP,5,,,a,
ASN00092045,19681104,PRCP,0,,,a,
ASN00092045,19681105,PRCP,3,,,a,
ASN00092045,19681106,PRCP,36,,,a,
ASN00092045,19681107,PRCP,36,,,a,
ASN00092045,19681108,PRCP,25,,,a,
ASN00092045,19681109,PRCP,0,,,a,
ASN00092045,19681110,PRCP,0,,,a,
ASN00092045,19681111,PRCP,94,,,a,
ASN00092045,19681112,PRCP,53,,,a,
ASN00092045,19681113,PRCP,15,,,a,
ASN00092045,19681114,PRCP,353,,,a,
ASN00092045,19681115,PRCP,3,,,a,
ASN00092045,19681116,PRCP,3,,,a,
ASN00092045,19681117,PRCP,0,,,a,
ASN00092045,19681118,PRCP,0,,,a,
ASN00092045,19681119,PRCP,10,,,a,
ASN00092045,19681120,PRCP,28,,,a,
ASN00092045,19681121,PRCP,30,,,a,
ASN00092045,19681122,PRCP,0,,,a,
ASN00092045,19681123,PRCP,163,,,a,
ASN00092045,19681124,PRCP,66,,,a,
ASN00092045,19681125,PRCP,0,,,a,
ASN00092045,19681126,PRCP,0,,,a,
ASN00092045,19681127,PRCP,25,,,a,
ASN00092045,19681128,PRCP,163,,,a,
ASN00092045,19681129,PRCP,25,,,a,
ASN00092045,19681130,PRCP,5,,,a,
ASN00092045,19681201,TMAX,172,,,a,
ASN00092045,19681202,TMAX,178,,,a,
ASN00092045,19681203,TMAX,161,,,a,
ASN00092045,19681204,TMAX,150,,,a,
ASN00092045,19681205,TMAX,172,,,a,
ASN00092045,19681206,TMAX,167,,,a,
ASN00092045,19681207,TMAX,217,,,a,
ASN00092045,19681208,TMAX,156,,,a,
ASN00092045,19681209,TMAX,217,,,a,
ASN00092045,19681210,TMAX,217,,,a,
ASN00092045,19681211,TMAX,167,,,a,
ASN00092045,19681212,TMAX,200,,,a,
ASN00092045,19681213,TMAX,161,,,a,
ASN00092045,19681214,TMAX,167,,,a,
ASN00092045,19681215,TMAX,178,,,a,
ASN00092045,19681216,TMAX,156,,,a,
ASN00092045,19681217,TMAX,206,,,a,
ASN00092045,19681218,TMAX,217,,,a,
ASN00092045,19681219,TMAX,217,,,a,
ASN00092045,19681220,TMAX,189,,,a,
ASN00092045,19681221,TMAX,172,,,a,
ASN00092045,19681222,TMAX,172,,,a,
ASN00092045,19681223,TMAX,167,,,a,
ASN00092045,19681224,TMAX,194,,,a,
ASN00092045,19681225,TMAX,139,,,a,
ASN00092045,19681226,TMAX,150,,,a,
ASN00092045,19681227,TMAX,167,,,a,
ASN00092045,19681228,TMAX,161,,,a,
ASN00092045,19681229,TMAX,172,,,a,
ASN00092045,19681230,TMAX,161,,,a,
ASN00092045,19681231,TMAX,189,,,a,
ASN00092045,19681201,TMIN,94,,,a,
ASN00092045,19681202,TMIN,106,,,a,
ASN00092045,19681203,TMIN,100,,,a,
ASN00092045,19681204,TMIN,117,,,a,
ASN00092045,19681205,TMIN,100,,,a,
ASN00092045,19681206,TMIN,111,,,a,
ASN00092045,19681207,TMIN,117,,,a,
ASN00092045,19681208,TMIN,111,,,a,
ASN00092045,19681209,TMIN,128,,,a,
ASN00092045,19681211,TMIN,78,,,a,
ASN00092045,19681212,TMIN,111,,,a,
ASN00092045,19681213,TMIN,111,,,a,
ASN00092045,19681214,TMIN,111,,,a,
ASN00092045,19681215,TMIN,133,,,a,
ASN00092045,19681216,TMIN,111,,,a,
ASN00092045,19681217,TMIN,133,,,a,
ASN00092045,19681218,TMIN,122,,,a,
ASN00092045,19681219,TMIN,111,,,a,
ASN00092045,19681220,TMIN,106,,,a,
ASN00092045,19681221,TMIN,111,,,a,
ASN00092045,19681222,TMIN,117,,,a,
ASN00092045,19681223,TMIN,122,,,a,
ASN00092045,19681224,TMIN,139,,,a,
ASN00092045,19681225,TMIN,122,,,a,
ASN00092045,19681226,TMIN,122,,,a,
ASN00092045,19681227,TMIN,128,,,a,
ASN00092045,19681228,TMIN,122,,,a,
ASN00092045,19681229,TMIN,133,,,a,
ASN00092045,19681230,TMIN,128,,,a,
ASN00092045,19681231,TMIN,133,,,a,
ASN00092045,19681201,PRCP,0,,,a,
ASN00092045,19681202,PRCP,3,,,a,
ASN00092045,19681203,PRCP,0,,,a,
ASN00092045,19681204,PRCP,0,,,a,
ASN00092045,19681205,PRCP,0,,,a,
ASN00092045,19681206,PRCP,0,,,a,
ASN00092045,19681207,PRCP,0,,,a,
ASN00092045,19681208,PRCP,0,,,a,
ASN00092045,19681209,PRCP,0,,,a,
ASN00092045,19681210,PRCP,3,,,a,
ASN00092045,19681211,PRCP,0,,,a,
ASN00092045,19681212,PRCP,0,,,a,
ASN00092045,19681213,PRCP,0,,,a,
ASN00092045,19681214,PRCP,0,,,a,
ASN00092045,19681215,PRCP,5,,,a,
ASN00092045,19681216,PRCP,0,,,a,
ASN00092045,19681217,PRCP,18,,,a,
ASN00092045,19681218,PRCP,0,,,a,
ASN00092045,19681219,PRCP,0,,,a,
ASN00092045,19681220,PRCP,0,,,a,
ASN00092045,19681221,PRCP,0,,,a,
ASN00092045,19681222,PRCP,0,,,a,
ASN00092045,19681223,PRCP,0,,,a,
ASN00092045,19681224,PRCP,157,,,a,
ASN00092045,19681225,PRCP,20,,,a,
ASN00092045,19681226,PRCP,33,,,a,
ASN00092045,19681227,PRCP,3,,,a,
ASN00092045,19681228,PRCP,23,,,a,
ASN00092045,19681229,PRCP,3,,,a,
ASN00092045,19681230,PRCP,0,,,a,
ASN00092045,19681231,PRCP,8,,,a,
ASN00092045,19690101,TMAX,183,,,a,
ASN00092045,19690102,TMAX,211,,,a,
ASN00092045,19690103,TMAX,211,,,a,
ASN00092045,19690104,TMAX,206,,,a,
ASN00092045,19690105,TMAX,211,,,a,
ASN00092045,19690106,TMAX,206,,,a,
ASN00092045,19690107,TMAX,239,,,a,
ASN00092045,19690108,TMAX,261,,,a,
ASN00092045,19690109,TMAX,194,,,a,
ASN00092045,19690110,TMAX,178,,,a,
ASN00092045,19690111,TMAX,183,,,a,
ASN00092045,19690112,TMAX,194,,,a,
ASN00092045,19690113,TMAX,194,,,a,
ASN00092045,19690114,TMAX,178,,,a,
ASN00092045,19690115,TMAX,178,,,a,
ASN00092045,19690116,TMAX,211,,,a,
ASN00092045,19690117,TMAX,217,,,a,
ASN00092045,19690118,TMAX,211,,,a,
ASN00092045,19690119,TMAX,206,,,a,
ASN00092045,19690120,TMAX,233,,,a,
ASN00092045,19690121,TMAX,211,,,a,
ASN00092045,19690122,TMAX,267,,,a,
ASN00092045,19690123,TMAX,183,,,a,
ASN00092045,19690124,TMAX,206,,,a,
ASN00092045,19690125,TMAX,206,,,a,
ASN00092045,19690126,TMAX,222,,,a,
ASN00092045,19690127,TMAX,189,,,a,
ASN00092045,19690128,TMAX,206,,,a,
ASN00092045,19690129,TMAX,189,,,a,
ASN00092045,19690130,TMAX,200,,,a,
ASN00092045,19690131,TMAX,194,,,a,
ASN00092045,19690101,TMIN,128,,,a,
ASN00092045,19690102,TMIN,133,,,a,
ASN00092045,19690103,TMIN,144,,,a,
ASN00092045,19690104,TMIN,94,,,a,
ASN00092045,19690105,TMIN,122,,,a,
ASN00092045,19690106,TMIN,78,,,a,
ASN00092045,19690107,TMIN,128,,,a,
ASN00092045,19690108,TMIN,133,,,a,
ASN00092045,19690110,TMIN,133,,,a,
ASN00092045,19690111,TMIN,144,,,a,
ASN00092045,19690112,TMIN,150,,,a,
ASN00092045,19690113,TMIN,133,,,a,
ASN00092045,19690114,TMIN,139,,,a,
ASN00092045,19690115,TMIN,144,,,a,
ASN00092045,19690116,TMIN,106,,,a,
ASN00092045,19690117,TMIN,133,,,a,
ASN00092045,19690118,TMIN,161,,,a,
ASN00092045,19690119,TMIN,128,,,a,
ASN00092045,19690120,TMIN,139,,,a,
ASN00092045,19690121,TMIN,122,,,a,
ASN00092045,19690122,TMIN,156,,,a,
ASN00092045,19690123,TMIN,144,,,a,
ASN00092045,19690124,TMIN,117,,,a,
ASN00092045,19690125,TMIN,156,,,a,
ASN00092045,19690126,TMIN,128,,,a,
ASN00092045,19690127,TMIN,117,,,a,
ASN00092045,19690128,TMIN,122,,,a,
ASN00092045,19690129,TMIN,133,,,a,
ASN00092045,19690130,TMIN,139,,,a,
ASN00092045,19690131,TMIN,156,,,a,
ASN00092045,19690101,PRCP,0,,,a,
ASN00092045,19690102,PRCP,3,,,a,
ASN00092045,19690103,PRCP,0,,,a,
ASN00092045,19690104,PRCP,0,,,a,
ASN00092045,19690105,PRCP,0,,,a,
ASN00092045,19690106,PRCP,0,,,a,
ASN00092045,19690107,PRCP,0,,,a,
ASN00092045,19690108,PRCP,0,,,a,
ASN00092045,19690109,PRCP,0,,,a,
ASN00092045,19690110,PRCP,0,,,a,
ASN00092045,19690111,PRCP,0,,,a,
ASN00092045,19690112,PRCP,3,,,a,
ASN00092045,19690113,PRCP,0,,,a,
ASN00092045,19690114,PRCP,5,,,a,
ASN00092045,19690115,PRCP,150,,,a,
ASN00092045,19690116,PRCP,0,,,a,
ASN00092045,19690117,PRCP,0,,,a,
ASN00092045,19690118,PRCP,0,,,a,
ASN00092045,19690119,PRCP,0,,,a,
ASN00092045,19690120,PRCP,3,,,a,
ASN00092045,19690121,PRCP,0,,,a,
ASN00092045,19690122,PRCP,0,,,a,
ASN00092045,19690123,PRCP,0,,,a,
ASN00092045,19690124,PRCP,3,,,a,
ASN00092045,19690125,PRCP,5,,,a,
ASN00092045,19690126,PRCP,109,,,a,
ASN00092045,19690127,PRCP,0,,,a,
ASN00092045,19690128,PRCP,0,,,a,
ASN00092045,19690129,PRCP,0,,,a,
ASN00092045,19690130,PRCP,0,,,a,
ASN00092045,19690131,PRCP,0,,,a,
ASN00092045,19690201,TMAX,200,,,a,
ASN00092045,19690202,TMAX,222,,,a,
ASN00092045,19690203,TMAX,194,,,a,
ASN00092045,19690204,TMAX,194,,,a,
ASN00092045,19690205,TMAX,161,,,a,
ASN00092045,19690206,TMAX,167,,,a,
ASN00092045,19690207,TMAX,194,,,a,
ASN00092045,19690208,TMAX,178,,,a,
ASN00092045,19690209,TMAX,172,,,a,
ASN00092045,19690210,TMAX,178,,,a,
ASN00092045,19690211,TMAX,200,,,a,
ASN00092045,19690212,TMAX,206,,,a,
ASN00092045,19690213,TMAX,211,,,a,
ASN00092045,19690214,TMAX,211,,,a,
ASN00092045,19690215,TMAX,206,,,a,
ASN00092045,19690216,TMAX,256,,,a,
ASN00092045,19690217,TMAX,189,,,a,
ASN00092045,19690218,TMAX,206,,,a,
ASN00092045,19690219,TMAX,211,,,a,
ASN00092045,19690220,TMAX,211,,,a,
ASN00092045,19690221,TMAX,233,,,a,
ASN00092045,19690222,TMAX,194,,,a,
ASN00092045,19690223,TMAX,200,,,a,
ASN00092045,19690224,TMAX,206,,,a,
ASN00092045,19690225,TMAX,211,,,a,
ASN00092045,19690226,TMAX,189,,,a,
ASN00092045,19690227,TMAX,222,,,a,
ASN00092045,19690228,TMAX,206,,,a,
ASN00092045,19690201,TMIN,150,,,a,
ASN00092045,19690202,TMIN,156,,,a,
ASN00092045,19690203,TMIN,172,,,a,
ASN00092045,19690204,TMIN,172,,,a,
ASN00092045,19690205,TMIN,139,,,a,
ASN00092045,19690206,TMIN,139,,,a,
ASN00092045,19690207,TMIN,144,,,a,
ASN00092045,19690208,TMIN,156,,,a,
ASN00092045,19690209,TMIN,139,,,a,
ASN00092045,19690210,TMIN,133,,,a,
ASN00092045,19690211,TMIN,139,,,a,
ASN00092045,19690212,TMIN,161,,,a,
ASN00092045,19690213,TMIN,172,,,a,
ASN00092045,19690214,TMIN,172,,,a,
ASN00092045,19690215,TMIN,172,,,a,
ASN00092045,19690216,TMIN,156,,,a,
ASN00092045,19690217,TMIN,144,,,a,
ASN00092045,19690218,TMIN,150,,,a,
ASN00092045,19690219,TMIN,178,,,a,
ASN00092045,19690220,TMIN,172,,,a,
ASN00092045,19690221,TMIN,172,,,a,
ASN00092045,19690222,TMIN,156,,,a,
ASN00092045,19690223,TMIN,161,,,a,
ASN00092045,19690224,TMIN,150,,,a,
ASN00092045,19690225,TMIN,139,,,a,
ASN00092045,19690226,TMIN,106,,,a,
ASN00092045,19690227,TMIN,117,,,a,
ASN00092045,19690228,TMIN,111,,,a,
ASN00092045,19690201,PRCP,0,,,a,
ASN00092045,19690202,PRCP,0,,,a,
ASN00092045,19690203,PRCP,0,,,a,
ASN00092045,19690204,PRCP,97,,,a,
ASN00092045,19690205,PRCP,409,,,a,
ASN00092045,19690206,PRCP,0,,,a,
ASN00092045,19690207,PRCP,191,,,a,
ASN00092045,19690208,PRCP,15,,,a,
ASN00092045,19690209,PRCP,8,,,a,
ASN00092045,19690210,PRCP,0,,,a,
ASN00092045,19690211,PRCP,53,,,a,
ASN00092045,19690212,PRCP,18,,,a,
ASN00092045,19690213,PRCP,10,,,a,
ASN00092045,19690214,PRCP,0,,,a,
ASN00092045,19690215,PRCP,0,,,a,
ASN00092045,19690216,PRCP,3,,,a,
ASN00092045,19690217,PRCP,3,,,a,
ASN00092045,19690218,PRCP,0,,,a,
ASN00092045,19690219,PRCP,0,,,a,
ASN00092045,19690220,PRCP,3,,,a,
ASN00092045,19690221,PRCP,8,,,a,
ASN00092045,19690222,PRCP,155,,,a,
ASN00092045,19690223,PRCP,112,,,a,
ASN00092045,19690224,PRCP,117,,,a,
ASN00092045,19690225,PRCP,0,,,a,
ASN00092045,19690226,PRCP,10,,,a,
ASN00092045,19690227,PRCP,0,,,a,
ASN00092045,19690228,PRCP,0,,,a,
ASN00092045,19690301,TMAX,194,,,a,
ASN00092045,19690302,TMAX,206,,,a,
ASN00092045,19690303,TMAX,206,,,a,
ASN00092045,19690304,TMAX,206,,,a,
ASN00092045,19690305,TMAX,183,,,a,
ASN00092045,19690306,TMAX,189,,,a,
ASN00092045,19690307,TMAX,206,,,a,
ASN00092045,19690308,TMAX,200,,,a,
ASN00092045,19690309,TMAX,222,,,a,
ASN00092045,19690310,TMAX,217,,,a,
ASN00092045,19690311,TMAX,261,,,a,
ASN00092045,19690312,TMAX,222,,,a,
ASN00092045,19690313,TMAX,222,,,a,
ASN00092045,19690314,TMAX,233,,,a,
ASN00092045,19690315,TMAX,189,,,a,
ASN00092045,19690316,TMAX,194,,,a,
ASN00092045,19690317,TMAX,206,,,a,
ASN00092045,19690318,TMAX,206,,,a,
ASN00092045,19690319,TMAX,222,,,a,
ASN00092045,19690320,TMAX,189,,,a,
ASN00092045,19690321,TMAX,167,,,a,
ASN00092045,19690322,TMAX,189,,,a,
ASN00092045,19690323,TMAX,197,,,a,
ASN00092045,19690324,TMAX,194,,,a,
ASN00092045,19690325,TMAX,228,,,a,
ASN00092045,19690326,TMAX,194,,,a,
ASN00092045,19690327,TMAX,200,,,a,
ASN00092045,19690328,TMAX,211,,,a,
ASN00092045,19690329,TMAX,189,,,a,
ASN00092045,19690330,TMAX,183,,,a,
ASN00092045,19690331,TMAX,156,,,a,
ASN00092045,19690301,TMIN,122,,,a,
ASN00092045,19690302,TMIN,139,,,a,
ASN00092045,19690303,TMIN,122,,,a,
ASN00092045,19690304,TMIN,122,,,a,
ASN00092045,19690305,TMIN,106,,,a,
ASN00092045,19690306,TMIN,100,,,a,
ASN00092045,19690307,TMIN,106,,,a,
ASN00092045,19690308,TMIN,117,,,a,
ASN00092045,19690309,TMIN,144,,,a,
ASN00092045,19690310,TMIN,128,,,a,
ASN00092045,19690311,TMIN,161,,,a,
ASN00092045,19690312,TMIN,167,,,a,
ASN00092045,19690313,TMIN,156,,,a,
ASN00092045,19690314,TMIN,150,,,a,
ASN00092045,19690315,TMIN,133,,,a,
ASN00092045,19690316,TMIN,117,,,a,
ASN00092045,19690317,TMIN,122,,,a,
ASN00092045,19690330,TMIN,111,,,a,
ASN00092045,19690331,TMIN,128,,,a,
ASN00092045,19690301,PRCP,0,,,a,
ASN00092045,19690302,PRCP,5,,,a,
ASN00092045,19690303,PRCP,0,,,a,
ASN00092045,19690304,PRCP,0,,,a,
ASN00092045,19690305,PRCP,0,,,a,
ASN00092045,19690306,PRCP,0,,,a,
ASN00092045,19690307,PRCP,0,,,a,
ASN00092045,19690308,PRCP,0,,,a,
ASN00092045,19690309,PRCP,0,,,a,
ASN00092045,19690310,PRCP,8,,,a,
ASN00092045,19690311,PRCP,3,,,a,
ASN00092045,19690312,PRCP,0,,,a,
ASN00092045,19690313,PRCP,249,,,a,
ASN00092045,19690314,PRCP,8,,,a,
ASN00092045,19690315,PRCP,13,,,a,
ASN00092045,19690316,PRCP,0,,,a,
ASN00092045,19690317,PRCP,0,,,a,
ASN00092045,19690318,PRCP,15,,,a,
ASN00092045,19690319,PRCP,10,,,a,
ASN00092045,19690320,PRCP,0,,,a,
ASN00092045,19690321,PRCP,0,,,a,
ASN00092045,19690322,PRCP,0,,,a,
ASN00092045,19690323,PRCP,0,,,a,
ASN00092045,19690324,PRCP,0,,,a,
ASN00092045,19690325,PRCP,81,,,a,
ASN00092045,19690326,PRCP,3,,,a,
ASN00092045,19690327,PRCP,46,,,a,
ASN00092045,19690328,PRCP,0,,,a,
ASN00092045,19690329,PRCP,0,,,a,
ASN00092045,19690330,PRCP,0,,,a,
ASN00092045,19690331,PRCP,25,,,a,
ASN00092045,19690401,TMAX,172,,,a,
ASN00092045,19690402,TMAX,194,,,a,
ASN00092045,19690403,TMAX,167,,,a,
ASN00092045,19690404,TMAX,194,,,a,
ASN00092045,19690405,TMAX,194,,,a,
ASN00092045,19690406,TMAX,194,,,a,
ASN00092045,19690407,TMAX,183,,,a,
ASN00092045,19690408,TMAX,144,,,a,
ASN00092045,19690409,TMAX,172,,,a,
ASN00092045,19690410,TMAX,250,,,a,
ASN00092045,19690411,TMAX,189,,,a,
ASN00092045,19690412,TMAX,161,,,a,
ASN00092045,19690413,TMAX,144,,,a,
ASN00092045,19690414,TMAX,167,,,a,
ASN00092045,19690415,TMAX,172,,,a,
ASN00092045,19690416,TMAX,150,,,a,
ASN00092045,19690417,TMAX,167,,,a,
ASN00092045,19690418,TMAX,161,,,a,
ASN00092045,19690419,TMAX,167,,,a,
ASN00092045,19690420,TMAX,172,,,a,
ASN00092045,19690421,TMAX,150,,,a,
ASN00092045,19690422,TMAX,144,,,a,
ASN00092045,19690423,TMAX,128,,,a,
ASN00092045,19690424,TMAX,178,,,a,
ASN00092045,19690425,TMAX,178,,,a,
ASN00092045,19690426,TMAX,189,,,a,
ASN00092045,19690427,TMAX,206,,,a,
ASN00092045,19690428,TMAX,167,,,a,
ASN00092045,19690429,TMAX,178,,,a,
ASN00092045,19690430,TMAX,167,,,a,
ASN00092045,19690401,TMIN,106,,,a,
ASN00092045,19690402,TMIN,100,,,a,
ASN00092045,19690403,TMIN,83,,,a,
ASN00092045,19690404,TMIN,122,,,a,
ASN00092045,19690405,TMIN,150,,,a,
ASN00092045,19690406,TMIN,128,,,a,
ASN00092045,19690407,TMIN,144,,,a,
ASN00092045,19690408,TMIN,139,,,a,
ASN00092045,19690409,TMIN,122,,,a,
ASN00092045,19690410,TMIN,133,,,a,
ASN00092045,19690411,TMIN,156,,,a,
ASN00092045,19690412,TMIN,94,,,a,
ASN00092045,19690413,TMIN,67,,,a,
ASN00092045,19690414,TMIN,89,,,a,
ASN00092045,19690415,TMIN,72,,,a,
ASN00092045,19690416,TMIN,122,,,a,
ASN00092045,19690417,TMIN,139,,,a,
ASN00092045,19690418,TMIN,111,,,a,
ASN00092045,19690419,TMIN,117,,,a,
ASN00092045,19690420,TMIN,100,,,a,
ASN00092045,19690421,TMIN,94,,,a,
ASN00092045,19690422,TMIN,72,,,a,
ASN00092045,19690423,TMIN,33,,,a,
ASN00092045,19690424,TMIN,72,,,a,
ASN00092045,19690425,TMIN,111,,,a,
ASN00092045,19690426,TMIN,117,,,a,
ASN00092045,19690427,TMIN,139,,,a,
ASN00092045,19690428,TMIN,117,,,a,
ASN00092045,19690429,TMIN,128,,,a,
ASN00092045,19690430,TMIN,128,,,a,
ASN00092045,19690401,PRCP,0,,,a,
ASN00092045,19690402,PRCP,0,,,a,
ASN00092045,19690403,PRCP,0,,,a,
ASN00092045,19690404,PRCP,0,,,a,
ASN00092045,19690405,PRCP,51,,,a,
ASN00092045,19690406,PRCP,23,,,a,
ASN00092045,19690407,PRCP,0,,,a,
ASN00092045,19690408,PRCP,15,,,a,
ASN00092045,19690409,PRCP,76,,,a,
ASN00092045,19690410,PRCP,48,,,a,
ASN00092045,19690411,PRCP,15,,,a,
ASN00092045,19690412,PRCP,64,,,a,
ASN00092045,19690413,PRCP,20,,,a,
ASN00092045,19690414,PRCP,0,,,a,
ASN00092045,19690415,PRCP,0,,,a,
ASN00092045,19690416,PRCP,0,,,a,
ASN00092045,19690417,PRCP,142,,,a,
ASN00092045,19690418,PRCP,3,,,a,
ASN00092045,19690419,PRCP,43,,,a,
ASN00092045,19690420,PRCP,0,,,a,
ASN00092045,19690421,PRCP,53,,,a,
ASN00092045,19690422,PRCP,0,,,a,
ASN00092045,19690423,PRCP,0,,,a,
ASN00092045,19690424,PRCP,0,,,a,
ASN00092045,19690425,PRCP,0,,,a,
ASN00092045,19690426,PRCP,5,,,a,
ASN00092045,19690427,PRCP,0,,,a,
ASN00092045,19690428,PRCP,3,,,a,
ASN00092045,19690429,PRCP,0,,,a,
ASN00092045,19690430,PRCP,3,,,a,
ASN00092045,19690501,TMAX,150,,,a,
ASN00092045,19690502,TMAX,156,,,a,
ASN00092045,19690503,TMAX,144,,,a,
ASN00092045,19690504,TMAX,156,,,a,
ASN00092045,19690505,TMAX,161,,,a,
ASN00092045,19690506,TMAX,122,,,a,
ASN00092045,19690507,TMAX,139,,,a,
ASN00092045,19690508,TMAX,167,,,a,
ASN00092045,19690509,TMAX,172,,,a,
ASN00092045,19690510,TMAX,189,,,a,
ASN00092045,19690511,TMAX,178,,,a,
ASN00092045,19690512,TMAX,178,,,a,
ASN00092045,19690513,TMAX,139,,,a,
ASN00092045,19690514,TMAX,144,,,a,
ASN00092045,19690515,TMAX,150,,,a,
ASN00092045,19690516,TMAX,133,,,a,
ASN00092045,19690517,TMAX,128,,,a,
ASN00092045,19690518,TMAX,122,,,a,
ASN00092045,19690519,TMAX,144,,,a,
ASN00092045,19690520,TMAX,139,,,a,
ASN00092045,19690521,TMAX,156,,,a,
ASN00092045,19690522,TMAX,122,,,a,
ASN00092045,19690523,TMAX,139,,,a,
ASN00092045,19690524,TMAX,128,,,a,
ASN00092045,19690525,TMAX,150,,,a,
ASN00092045,19690526,TMAX,161,,,a,
ASN00092045,19690527,TMAX,150,,,a,
ASN00092045,19690528,TMAX,161,,,a,
ASN00092045,19690529,TMAX,150,,,a,
ASN00092045,19690530,TMAX,144,,,a,
ASN00092045,19690531,TMAX,144,,,a,
ASN00092045,19690501,TMIN,111,,,a,
ASN00092045,19690502,TMIN,50,,,a,
ASN00092045,19690503,TMIN,100,,,a,
ASN00092045,19690504,TMIN,89,,,a,
ASN00092045,19690505,TMIN,61,,,a,
ASN00092045,19690506,TMIN,89,,,a,
ASN00092045,19690507,TMIN,50,,,a,
ASN00092045,19690508,TMIN,78,,,a,
ASN00092045,19690509,TMIN,117,,,a,
ASN00092045,19690510,TMIN,133,,,a,
ASN00092045,19690511,TMIN,139,,,a,
ASN00092045,19690512,TMIN,133,,,a,
ASN00092045,19690513,TMIN,133,,,a,
ASN00092045,19690514,TMIN,117,,,a,
ASN00092045,19690515,TMIN,106,,,a,
ASN00092045,19690516,TMIN,122,,,a,
ASN00092045,19690517,TMIN,100,,,a,
ASN00092045,19690518,TMIN,100,,,a,
ASN00092045,19690519,TMIN,94,,,a,
ASN00092045,19690520,TMIN,78,,,a,
ASN00092045,19690521,TMIN,117,,,a,
ASN00092045,19690522,TMIN,50,,,a,
ASN00092045,19690523,TMIN,83,,,a,
ASN00092045,19690524,TMIN,106,,,a,
ASN00092045,19690525,TMIN,33,,,a,
ASN00092045,19690526,TMIN,78,,,a,
ASN00092045,19690527,TMIN,100,,,a,
ASN00092045,19690528,TMIN,89,,,a,
ASN00092045,19690529,TMIN,133,,,a,
ASN00092045,19690530,TMIN,128,,,a,
ASN00092045,19690531,TMIN,133,,,a,
ASN00092045,19690501,PRCP,15,,,a,
ASN00092045,19690502,PRCP,0,,,a,
ASN00092045,19690503,PRCP,0,,,a,
ASN00092045,19690504,PRCP,0,,,a,
ASN00092045,19690505,PRCP,0,,,a,
ASN00092045,19690506,PRCP,0,,,a,
ASN00092045,19690507,PRCP,0,,,a,
ASN00092045,19690508,PRCP,0,,,a,
ASN00092045,19690509,PRCP,0,,,a,
ASN00092045,19690510,PRCP,0,,,a,
ASN00092045,19690511,PRCP,0,,,a,
ASN00092045,19690512,PRCP,0,,,a,
ASN00092045,19690513,PRCP,0,,,a,
ASN00092045,19690514,PRCP,99,,,a,
ASN00092045,19690515,PRCP,28,,,a,
ASN00092045,19690516,PRCP,371,,,a,
ASN00092045,19690517,PRCP,439,,,a,
ASN00092045,19690518,PRCP,8,,,a,
ASN00092045,19690519,PRCP,0,,,a,
ASN00092045,19690520,PRCP,8,,,a,
ASN00092045,19690521,PRCP,58,,,a,
ASN00092045,19690522,PRCP,56,,,a,
ASN00092045,19690523,PRCP,0,,,a,
ASN00092045,19690524,PRCP,53,,,a,
ASN00092045,19690525,PRCP,10,,,a,
ASN00092045,19690526,PRCP,8,,,a,
ASN00092045,19690527,PRCP,10,,,a,
ASN00092045,19690528,PRCP,0,,,a,
ASN00092045,19690529,PRCP,30,,,a,
ASN00092045,19690530,PRCP,356,,,a,
ASN00092045,19690531,PRCP,104,,,a,
ASN00092045,19690601,TMAX,122,,,a,
ASN00092045,19690602,TMAX,119,,,a,
ASN00092045,19690603,TMAX,128,,,a,
ASN00092045,19690604,TMAX,117,,,a,
ASN00092045,19690605,TMAX,128,,,a,
ASN00092045,19690606,TMAX,122,,,a,
ASN00092045,19690607,TMAX,144,,,a,
ASN00092045,19690608,TMAX,139,,,a,
ASN00092045,19690609,TMAX,144,,,a,
ASN00092045,19690610,TMAX,144,,,a,
ASN00092045,19690611,TMAX,152,,,a,
ASN00092045,19690612,TMAX,144,,,a,
ASN00092045,19690613,TMAX,117,,,a,
ASN00092045,19690614,TMAX,111,,,a,
ASN00092045,19690615,TMAX,100,,,a,
ASN00092045,19690616,TMAX,141,,,a,
ASN00092045,19690617,TMAX,117,,,a,
ASN00092045,19690618,TMAX,106,,,a,
ASN00092045,19690619,TMAX,111,,,a,
ASN00092045,19690620,TMAX,111,,,a,
ASN00092045,19690621,TMAX,128,,,a,
ASN00092045,19690622,TMAX,133,,,a,
ASN00092045,19690623,TMAX,144,,,a,
ASN00092045,19690624,TMAX,150,,,a,
ASN00092045,19690625,TMAX,133,,,a,
ASN00092045,19690626,TMAX,111,,,a,
ASN00092045,19690627,TMAX,139,,,a,
ASN00092045,19690628,TMAX,128,,,a,
ASN00092045,19690629,TMAX,139,,,a,
ASN00092045,19690630,TMAX,133,,,a,
ASN00092045,19690601,TMIN,111,,,a,
ASN00092045,19690602,TMIN,72,,,a,
ASN00092045,19690603,TMIN,89,,,a,
ASN00092045,19690604,TMIN,94,,,a,
ASN00092045,19690605,TMIN,94,,,a,
ASN00092045,19690606,TMIN,94,,,a,
ASN00092045,19690607,TMIN,50,,,a,
ASN00092045,19690608,TMIN,78,,,a,
ASN00092045,19690609,TMIN,89,,,a,
ASN00092045,19690610,TMIN,89,,,a,
ASN00092045,19690611,TMIN,89,,,a,
ASN00092045,19690612,TMIN,83,,,a,
ASN00092045,19690613,TMIN,72,,,a,
ASN00092045,19690614,TMIN,39,,,a,
ASN00092045,19690615,TMIN,11,,,a,
ASN00092045,19690616,TMIN,33,,,a,
ASN00092045,19690617,TMIN,50,,,a,
ASN00092045,19690618,TMIN,50,,,a,
ASN00092045,19690619,TMIN,56,,,a,
ASN00092045,19690620,TMIN,89,,,a,
ASN00092045,19690621,TMIN,83,,,a,
ASN00092045,19690622,TMIN,83,,,a,
ASN00092045,19690623,TMIN,89,,,a,
ASN00092045,19690624,TMIN,61,,,a,
ASN00092045,19690625,TMIN,94,,,a,
ASN00092045,19690626,TMIN,39,,,a,
ASN00092045,19690627,TMIN,56,,,a,
ASN00092045,19690628,TMIN,89,,,a,
ASN00092045,19690629,TMIN,111,,,a,
ASN00092045,19690630,TMIN,100,,,a,
ASN00092045,19690601,PRCP,58,,,a,
ASN00092045,19690602,PRCP,30,,,a,
ASN00092045,19690603,PRCP,5,,,a,
ASN00092045,19690604,PRCP,18,,,a,
ASN00092045,19690605,PRCP,10,,,a,
ASN00092045,19690606,PRCP,0,,,a,
ASN00092045,19690607,PRCP,8,,,a,
ASN00092045,19690608,PRCP,3,,,a,
ASN00092045,19690609,PRCP,8,,,a,
ASN00092045,19690610,PRCP,3,,,a,
ASN00092045,19690611,PRCP,3,,,a,
ASN00092045,19690612,PRCP,8,,,a,
ASN00092045,19690613,PRCP,76,,,a,
ASN00092045,19690614,PRCP,0,,,a,
ASN00092045,19690615,PRCP,0,,,a,
ASN00092045,19690616,PRCP,0,,,a,
ASN00092045,19690617,PRCP,0,,,a,
ASN00092045,19690618,PRCP,8,,,a,
ASN00092045,19690619,PRCP,0,,,a,
ASN00092045,19690620,PRCP,0,,,a,
ASN00092045,19690621,PRCP,109,,,a,
ASN00092045,19690622,PRCP,5,,,a,
ASN00092045,19690623,PRCP,33,,,a,
ASN00092045,19690624,PRCP,0,,,a,
ASN00092045,19690625,PRCP,18,,,a,
ASN00092045,19690626,PRCP,89,,,a,
ASN00092045,19690627,PRCP,0,,,a,
ASN00092045,19690628,PRCP,8,,,a,
ASN00092045,19690629,PRCP,0,,,a,
ASN00092045,19690630,PRCP,28,,,a,
ASN00092045,19690701,TMAX,122,,,a,
ASN00092045,19690702,TMAX,128,,,a,
ASN00092045,19690703,TMAX,128,,,a,
ASN00092045,19690704,TMAX,131,,,a,
ASN00092045,19690705,TMAX,128,,,a,
ASN00092045,19690706,TMAX,139,,,a,
ASN00092045,19690707,TMAX,133,,,a,
ASN00092045,19690708,TMAX,133,,,a,
ASN00092045,19690709,TMAX,133,,,a,
ASN00092045,19690710,TMAX,139,,,a,
ASN00092045,19690711,TMAX,128,,,a,
ASN00092045,19690712,TMAX,133,,,a,
ASN00092045,19690713,TMAX,139,,,a,
ASN00092045,19690714,TMAX,133,,,a,
ASN00092045,19690715,TMAX,156,,,a,
ASN00092045,19690716,TMAX,144,,,a,
ASN00092045,19690717,TMAX,161,,,a,
ASN00092045,19690718,TMAX,154,,,a,
ASN00092045,19690719,TMAX,139,,,a,
ASN00092045,19690720,TMAX,139,,,a,
ASN00092045,19690721,TMAX,104,,,a,
ASN00092045,19690722,TMAX,100,,,a,
ASN00092045,19690723,TMAX,100,,,a,
ASN00092045,19690724,TMAX,128,,,a,
ASN00092045,19690725,TMAX,144,,,a,
ASN00092045,19690726,TMAX,144,,,a,
ASN00092045,19690727,TMAX,133,,,a,
ASN00092045,19690728,TMAX,139,,,a,
ASN00092045,19690729,TMAX,139,,,a,
ASN00092045,19690730,TMAX,150,,,a,
ASN00092045,19690731,TMAX,139,,,a,
ASN00092045,19690701,TMIN,72,,,a,
ASN00092045,19690702,TMIN,61,,,a,
ASN00092045,19690703,TMIN,83,,,a,
ASN00092045,19690704,TMIN,67,,,a,
ASN00092045,19690705,TMIN,83,,,a,
ASN00092045,19690706,TMIN,44,,,a,
ASN00092045,19690707,TMIN,69,,,a,
ASN00092045,19690708,TMIN,61,,,a,
ASN00092045,19690709,TMIN,58,,,a,
ASN00092045,19690710,TMIN,72,,,a,
ASN00092045,19690711,TMIN,61,,,a,
ASN00092045,19690712,TMIN,83,,,a,
ASN00092045,19690713,TMIN,106,,,a,
ASN00092045,19690714,TMIN,72,,,a,
ASN00092045,19690715,TMIN,89,,,a,
ASN00092045,19690716,TMIN,61,,,a,
ASN00092045,19690717,TMIN,94,,,a,
ASN00092045,19690718,TMIN,111,,,a,
ASN00092045,19690719,TMIN,106,,,a,
ASN00092045,19690720,TMIN,83,,,a,
ASN00092045,19690721,TMIN,83,,,a,
ASN00092045,19690722,TMIN,47,,,a,
ASN00092045,19690723,TMIN,11,,,a,
ASN00092045,19690724,TMIN,33,,,a,
ASN00092045,19690725,TMIN,58,,,a,
ASN00092045,19690726,TMIN,78,,,a,
ASN00092045,19690727,TMIN,94,,,a,
ASN00092045,19690728,TMIN,106,,,a,
ASN00092045,19690729,TMIN,78,,,a,
ASN00092045,19690730,TMIN,97,,,a,
ASN00092045,19690731,TMIN,111,,,a,
ASN00092045,19690701,PRCP,53,,,a,
ASN00092045,19690702,PRCP,43,,,a,
ASN00092045,19690703,PRCP,5,,,a,
ASN00092045,19690704,PRCP,5,,,a,
ASN00092045,19690705,PRCP,46,,,a,
ASN00092045,19690706,PRCP,0,,,a,
ASN00092045,19690707,PRCP,5,,,a,
ASN00092045,19690708,PRCP,28,,,a,
ASN00092045,19690709,PRCP,3,,,a,
ASN00092045,19690710,PRCP,8,,,a,
ASN00092045,19690711,PRCP,8,,,a,
ASN00092045,19690712,PRCP,5,,,a,
ASN00092045,19690713,PRCP,8,,,a,
ASN00092045,19690714,PRCP,3,,,a,
ASN00092045,19690715,PRCP,10,,,a,
ASN00092045,19690716,PRCP,10,,,a,
ASN00092045,19690717,PRCP,0,,,a,
ASN00092045,19690718,PRCP,0,,,a,
ASN00092045,19690719,PRCP,18,,,a,
ASN00092045,19690720,PRCP,25,,,a,
ASN00092045,19690721,PRCP,33,,,a,
ASN00092045,19690722,PRCP,61,,,a,
ASN00092045,19690723,PRCP,33,,,a,
ASN00092045,19690724,PRCP,25,,,a,
ASN00092045,19690725,PRCP,0,,,a,
ASN00092045,19690726,PRCP,0,,,a,
ASN00092045,19690727,PRCP,5,,,a,
ASN00092045,19690728,PRCP,66,,,a,
ASN00092045,19690729,PRCP,0,,,a,
ASN00092045,19690730,PRCP,8,,,a,
ASN00092045,19690731,PRCP,10,,,a,
ASN00092045,19690801,TMAX,144,,,a,
ASN00092045,19690802,TMAX,139,,,a,
ASN00092045,19690803,TMAX,136,,,a,
ASN00092045,19690804,TMAX,144,,,a,
ASN00092045,19690805,TMAX,143,,,a,
ASN00092045,19690806,TMAX,136,,,a,
ASN00092045,19690807,TMAX,122,,,a,
ASN00092045,19690808,TMAX,98,,,a,
ASN00092045,19690809,TMAX,128,,,a,
ASN00092045,19690810,TMAX,139,,,a,
ASN00092045,19690811,TMAX,128,,,a,
ASN00092045,19690812,TMAX,133,,,a,
ASN00092045,19690813,TMAX,144,,,a,
ASN00092045,19690814,TMAX,100,,,a,
ASN00092045,19690815,TMAX,122,,,a,
ASN00092045,19690816,TMAX,122,,,a,
ASN00092045,19690817,TMAX,125,,,a,
ASN00092045,19690818,TMAX,150,,,a,
ASN00092045,19690819,TMAX,111,,,a,
ASN00092045,19690820,TMAX,106,,,a,
ASN00092045,19690821,TMAX,122,,,a,
ASN00092045,19690822,TMAX,122,,,a,
ASN00092045,19690823,TMAX,144,,,a,
ASN00092045,19690824,TMAX,139,,,a,
ASN00092045,19690825,TMAX,148,,,a,
ASN00092045,19690826,TMAX,183,,,a,
ASN00092045,19690827,TMAX,144,,,a,
ASN00092045,19690828,TMAX,133,,,a,
ASN00092045,19690829,TMAX,150,,,a,
ASN00092045,19690830,TMAX,150,,,a,
ASN00092045,19690831,TMAX,178,,,a,
ASN00092045,19690801,TMIN,94,,,a,
ASN00092045,19690802,TMIN,106,,,a,
ASN00092045,19690803,TMIN,117,,,a,
ASN00092045,19690804,TMIN,67,,,a,
ASN00092045,19690805,TMIN,83,,,a,
ASN00092045,19690806,TMIN,111,,,a,
ASN00092045,19690807,TMIN,106,,,a,
ASN00092045,19690808,TMIN,56,,,a,
ASN00092045,19690809,TMIN,22,,,a,
ASN00092045,19690810,TMIN,61,,,a,
ASN00092045,19690811,TMIN,83,,,a,
ASN00092045,19690812,TMIN,94,,,a,
ASN00092045,19690813,TMIN,83,,,a,
ASN00092045,19690814,TMIN,61,,,a,
ASN00092045,19690815,TMIN,28,,,a,
ASN00092045,19690816,TMIN,61,,,a,
ASN00092045,19690817,TMIN,61,,,a,
ASN00092045,19690818,TMIN,58,,,a,
ASN00092045,19690819,TMIN,72,,,a,
ASN00092045,19690820,TMIN,78,,,a,
ASN00092045,19690821,TMIN,78,,,a,
ASN00092045,19690822,TMIN,100,,,a,
ASN00092045,19690823,TMIN,94,,,a,
ASN00092045,19690824,TMIN,111,,,a,
ASN00092045,19690825,TMIN,122,,,a,
ASN00092045,19690826,TMIN,89,,,a,
ASN00092045,19690827,TMIN,111,,,a,
ASN00092045,19690828,TMIN,117,,,a,
ASN00092045,19690829,TMIN,117,,,a,
ASN00092045,19690830,TMIN,106,,,a,
ASN00092045,19690831,TMIN,89,,,a,
ASN00092045,19690801,PRCP,36,,,a,
ASN00092045,19690802,PRCP,0,,,a,
ASN00092045,19690803,PRCP,81,,,a,
ASN00092045,19690804,PRCP,30,,,a,
ASN00092045,19690805,PRCP,20,,,a,
ASN00092045,19690806,PRCP,3,,,a,
ASN00092045,19690807,PRCP,15,,,a,
ASN00092045,19690808,PRCP,30,,,a,
ASN00092045,19690809,PRCP,0,,,a,
ASN00092045,19690810,PRCP,0,,,a,
ASN00092045,19690811,PRCP,18,,,a,
ASN00092045,19690812,PRCP,5,,,a,
ASN00092045,19690813,PRCP,64,,,a,
ASN00092045,19690814,PRCP,33,,,a,
ASN00092045,19690815,PRCP,0,,,a,
ASN00092045,19690816,PRCP,0,,,a,
ASN00092045,19690817,PRCP,0,,,a,
ASN00092045,19690818,PRCP,3,,,a,
ASN00092045,19690819,PRCP,0,,,a,
ASN00092045,19690820,PRCP,33,,,a,
ASN00092045,19690821,PRCP,89,,,a,
ASN00092045,19690822,PRCP,8,,,a,
ASN00092045,19690823,PRCP,28,,,a,
ASN00092045,19690824,PRCP,8,,,a,
ASN00092045,19690825,PRCP,13,,,a,
ASN00092045,19690826,PRCP,8,,,a,
ASN00092045,19690827,PRCP,0,,,a,
ASN00092045,19690828,PRCP,53,,,a,
ASN00092045,19690829,PRCP,201,,,a,
ASN00092045,19690830,PRCP,3,,,a,
ASN00092045,19690831,PRCP,0,,,a,
ASN00092045,19690901,TMAX,133,,,a,
ASN00092045,19690902,TMAX,139,,,a,
ASN00092045,19690903,TMAX,147,,,a,
ASN00092045,19690904,TMAX,151,,,a,
ASN00092045,19690905,TMAX,159,,,a,
ASN00092045,19690906,TMAX,122,,,a,
ASN00092045,19690907,TMAX,117,,,a,
ASN00092045,19690908,TMAX,133,,,a,
ASN00092045,19690909,TMAX,144,,,a,
ASN00092045,19690910,TMAX,133,,,a,
ASN00092045,19690911,TMAX,111,,,a,
ASN00092045,19690912,TMAX,117,,,a,
ASN00092045,19690913,TMAX,128,,,a,
ASN00092045,19690914,TMAX,100,,,a,
ASN00092045,19690915,TMAX,106,,,a,
ASN00092045,19690916,TMAX,128,,,a,
ASN00092045,19690917,TMAX,128,,,a,
ASN00092045,19690918,TMAX,122,,,a,
ASN00092045,19690919,TMAX,147,,,a,
ASN00092045,19690920,TMAX,161,,,a,
ASN00092045,19690921,TMAX,150,,,a,
ASN00092045,19690922,TMAX,117,,,a,
ASN00092045,19690923,TMAX,142,,,a,
ASN00092045,19690924,TMAX,117,,,a,
ASN00092045,19690925,TMAX,139,,,a,
ASN00092045,19690926,TMAX,144,,,a,
ASN00092045,19690927,TMAX,161,,,a,
ASN00092045,19690928,TMAX,128,,,a,
ASN00092045,19690929,TMAX,150,,,a,
ASN00092045,19690930,TMAX,144,,,a,
ASN00092045,19690901,TMIN,106,,,a,
ASN00092045,19690902,TMIN,100,,,a,
ASN00092045,19690903,TMIN,111,,,a,
ASN00092045,19690904,TMIN,89,,,a,
ASN00092045,19690905,TMIN,111,,,a,
ASN00092045,19690906,TMIN,72,,,a,
ASN00092045,19690907,TMIN,69,,,a,
ASN00092045,19690908,TMIN,44,,,a,
ASN00092045,19690909,TMIN,89,,,a,
ASN00092045,19690910,TMIN,89,,,a,
ASN00092045,19690911,TMIN,44,,,a,
ASN00092045,19690912,TMIN,17,,,a,
ASN00092045,19690913,TMIN,36,,,a,
ASN00092045,19690914,TMIN,44,,,a,
ASN00092045,19690915,TMIN,33,,,a,
ASN00092045,19690916,TMIN,33,,,a,
ASN00092045,19690917,TMIN,44,,,a,
ASN00092045,19690918,TMIN,50,,,a,
ASN00092045,19690919,TMIN,22,,,a,
ASN00092045,19690920,TMIN,89,,,a,
ASN00092045,19690921,TMIN,94,,,a,
ASN00092045,19690922,TMIN,72,,,a,
ASN00092045,19690923,TMIN,72,,,a,
ASN00092045,19690924,TMIN,39,,,a,
ASN00092045,19690925,TMIN,50,,,a,
ASN00092045,19690926,TMIN,53,,,a,
ASN00092045,19690927,TMIN,83,,,a,
ASN00092045,19690928,TMIN,94,,,a,
ASN00092045,19690929,TMIN,72,,,a,
ASN00092045,19690930,TMIN,89,,,a,
ASN00092045,19690901,PRCP,0,,,a,
ASN00092045,19690902,PRCP,41,,,a,
ASN00092045,19690903,PRCP,168,,,a,
ASN00092045,19690904,PRCP,5,,,a,
ASN00092045,19690905,PRCP,5,,,a,
ASN00092045,19690906,PRCP,71,,,a,
ASN00092045,19690907,PRCP,30,,,a,
ASN00092045,19690908,PRCP,38,,,a,
ASN00092045,19690909,PRCP,10,,,a,
ASN00092045,19690910,PRCP,28,,,a,
ASN00092045,19690911,PRCP,91,,,a,
ASN00092045,19690912,PRCP,5,,,a,
ASN00092045,19690913,PRCP,5,,,a,
ASN00092045,19690914,PRCP,86,,,a,
ASN00092045,19690915,PRCP,69,,,a,
ASN00092045,19690916,PRCP,0,,,a,
ASN00092045,19690917,PRCP,0,,,a,
ASN00092045,19690918,PRCP,5,,,a,
ASN00092045,19690919,PRCP,13,,,a,
ASN00092045,19690920,PRCP,0,,,a,
ASN00092045,19690921,PRCP,10,,,a,
ASN00092045,19690922,PRCP,76,,,a,
ASN00092045,19690923,PRCP,20,,,a,
ASN00092045,19690924,PRCP,13,,,a,
ASN00092045,19690925,PRCP,0,,,a,
ASN00092045,19690926,PRCP,0,,,a,
ASN00092045,19690927,PRCP,0,,,a,
ASN00092045,19690928,PRCP,0,,,a,
ASN00092045,19690929,PRCP,0,,,a,
ASN00092045,19690930,PRCP,3,,,a,
ASN00092045,19691001,TMAX,156,,,a,
ASN00092045,19691002,TMAX,156,,,a,
ASN00092045,19691003,TMAX,156,,,a,
ASN00092045,19691004,TMAX,183,,,a,
ASN00092045,19691005,TMAX,144,,,a,
ASN00092045,19691006,TMAX,144,,,a,
ASN00092045,19691007,TMAX,147,,,a,
ASN00092045,19691008,TMAX,172,,,a,
ASN00092045,19691009,TMAX,133,,,a,
ASN00092045,19691010,TMAX,139,,,a,
ASN00092045,19691011,TMAX,156,,,a,
ASN00092045,19691012,TMAX,161,,,a,
ASN00092045,19691013,TMAX,167,,,a,
ASN00092045,19691014,TMAX,189,,,a,
ASN00092045,19691015,TMAX,167,,,a,
ASN00092045,19691016,TMAX,150,,,a,
ASN00092045,19691017,TMAX,170,,,a,
ASN00092045,19691018,TMAX,153,,,a,
ASN00092045,19691019,TMAX,167,,,a,
ASN00092045,19691020,TMAX,167,,,a,
ASN00092045,19691021,TMAX,144,,,a,
ASN00092045,19691022,TMAX,161,,,a,
ASN00092045,19691023,TMAX,150,,,a,
ASN00092045,19691024,TMAX,150,,,a,
ASN00092045,19691025,TMAX,222,,,a,
ASN00092045,19691026,TMAX,133,,,a,
ASN00092045,19691027,TMAX,139,,,a,
ASN00092045,19691028,TMAX,156,,,a,
ASN00092045,19691029,TMAX,150,,,a,
ASN00092045,19691030,TMAX,156,,,a,
ASN00092045,19691031,TMAX,156,,,a,
ASN00092045,19691001,TMIN,67,,,a,
ASN00092045,19691002,TMIN,83,,,a,
ASN00092045,19691003,TMIN,83,,,a,
ASN00092045,19691004,TMIN,122,,,a,
ASN00092045,19691005,TMIN,89,,,a,
ASN00092045,19691006,TMIN,83,,,a,
ASN00092045,19691007,TMIN,36,,,a,
ASN00092045,19691008,TMIN,94,,,a,
ASN00092045,19691009,TMIN,78,,,a,
ASN00092045,19691010,TMIN,89,,,a,
ASN00092045,19691011,TMIN,111,,,a,
ASN00092045,19691012,TMIN,100,,,a,
ASN00092045,19691013,TMIN,100,,,a,
ASN00092045,19691014,TMIN,117,,,a,
ASN00092045,19691015,TMIN,83,,,a,
ASN00092045,19691016,TMIN,50,,,a,
ASN00092045,19691017,TMIN,83,,,a,
ASN00092045,19691018,TMIN,117,,,a,
ASN00092045,19691019,TMIN,89,,,a,
ASN00092045,19691020,TMIN,100,,,a,
ASN00092045,19691021,TMIN,94,,,a,
ASN00092045,19691022,TMIN,61,,,a,
ASN00092045,19691023,TMIN,111,,,a,
ASN00092045,19691024,TMIN,94,,,a,
ASN00092045,19691025,TMIN,89,,,a,
ASN00092045,19691026,TMIN,78,,,a,
ASN00092045,19691027,TMIN,83,,,a,
ASN00092045,19691028,TMIN,100,,,a,
ASN00092045,19691029,TMIN,128,,,a,
ASN00092045,19691030,TMIN,139,,,a,
ASN00092045,19691031,TMIN,122,,,a,
ASN00092045,19691001,PRCP,3,,,a,
ASN00092045,19691002,PRCP,3,,,a,
ASN00092045,19691003,PRCP,3,,,a,
ASN00092045,19691004,PRCP,15,,,a,
ASN00092045,19691005,PRCP,33,,,a,
ASN00092045,19691006,PRCP,0,,,a,
ASN00092045,19691007,PRCP,30,,,a,
ASN00092045,19691008,PRCP,0,,,a,
ASN00092045,19691009,PRCP,0,,,a,
ASN00092045,19691010,PRCP,0,,,a,
ASN00092045,19691011,PRCP,0,,,a,
ASN00092045,19691012,PRCP,0,,,a,
ASN00092045,19691013,PRCP,0,,,a,
ASN00092045,19691014,PRCP,36,,,a,
ASN00092045,19691015,PRCP,0,,,a,
ASN00092045,19691016,PRCP,61,,,a,
ASN00092045,19691017,PRCP,0,,,a,
ASN00092045,19691018,PRCP,0,,,a,
ASN00092045,19691019,PRCP,0,,,a,
ASN00092045,19691020,PRCP,0,,,a,
ASN00092045,19691021,PRCP,0,,,a,
ASN00092045,19691022,PRCP,0,,,a,
ASN00092045,19691023,PRCP,0,,,a,
ASN00092045,19691024,PRCP,0,,,a,
ASN00092045,19691025,PRCP,0,,,a,
ASN00092045,19691026,PRCP,81,,,a,
ASN00092045,19691027,PRCP,0,,,a,
ASN00092045,19691028,PRCP,0,,,a,
ASN00092045,19691029,PRCP,64,,,a,
ASN00092045,19691030,PRCP,58,,,a,
ASN00092045,19691031,PRCP,109,,,a,
ASN00092045,19691101,TMAX,167,,,a,
ASN00092045,19691102,TMAX,150,,,a,
ASN00092045,19691103,TMAX,167,,,a,
ASN00092045,19691104,TMAX,156,,,a,
ASN00092045,19691105,TMAX,178,,,a,
ASN00092045,19691106,TMAX,178,,,a,
ASN00092045,19691107,TMAX,144,,,a,
ASN00092045,19691108,TMAX,150,,,a,
ASN00092045,19691109,TMAX,183,,,a,
ASN00092045,19691110,TMAX,175,,,a,
ASN00092045,19691111,TMAX,172,,,a,
ASN00092045,19691112,TMAX,172,,,a,
ASN00092045,19691113,TMAX,178,,,a,
ASN00092045,19691114,TMAX,178,,,a,
ASN00092045,19691115,TMAX,233,,,a,
ASN00092045,19691116,TMAX,206,,,a,
ASN00092045,19691117,TMAX,156,,,a,
ASN00092045,19691118,TMAX,161,,,a,
ASN00092045,19691119,TMAX,156,,,a,
ASN00092045,19691120,TMAX,189,,,a,
ASN00092045,19691121,TMAX,156,,,a,
ASN00092045,19691122,TMAX,167,,,a,
ASN00092045,19691123,TMAX,200,,,a,
ASN00092045,19691124,TMAX,211,,,a,
ASN00092045,19691125,TMAX,189,,,a,
ASN00092045,19691126,TMAX,189,,,a,
ASN00092045,19691127,TMAX,156,,,a,
ASN00092045,19691128,TMAX,136,,,a,
ASN00092045,19691129,TMAX,161,,,a,
ASN00092045,19691130,TMAX,178,,,a,
ASN00092045,19691101,TMIN,133,,,a,
ASN00092045,19691102,TMIN,133,,,a,
ASN00092045,19691103,TMIN,128,,,a,
ASN00092045,19691104,TMIN,122,,,a,
ASN00092045,19691105,TMIN,133,,,a,
ASN00092045,19691106,TMIN,117,,,a,
ASN00092045,19691107,TMIN,111,,,a,
ASN00092045,19691108,TMIN,100,,,a,
ASN00092045,19691109,TMIN,111,,,a,
ASN00092045,19691110,TMIN,111,,,a,
ASN00092045,19691111,TMIN,117,,,a,
ASN00092045,19691112,TMIN,111,,,a,
ASN00092045,19691113,TMIN,117,,,a,
ASN00092045,19691114,TMIN,139,,,a,
ASN00092045,19691115,TMIN,150,,,a,
ASN00092045,19691116,TMIN,139,,,a,
ASN00092045,19691117,TMIN,139,,,a,
ASN00092045,19691118,TMIN,122,,,a,
ASN00092045,19691119,TMIN,100,,,a,
ASN00092045,19691120,TMIN,111,,,a,
ASN00092045,19691121,TMIN,94,,,a,
ASN00092045,19691122,TMIN,89,,,a,
ASN00092045,19691123,TMIN,139,,,a,
ASN00092045,19691124,TMIN,156,,,a,
ASN00092045,19691125,TMIN,106,,,a,
ASN00092045,19691126,TMIN,106,,,a,
ASN00092045,19691127,TMIN,83,,,a,
ASN00092045,19691128,TMIN,78,,,a,
ASN00092045,19691129,TMIN,111,,,a,
ASN00092045,19691130,TMIN,128,,,a,
ASN00092045,19691101,PRCP,147,,,a,
ASN00092045,19691102,PRCP,5,,,a,
ASN00092045,19691103,PRCP,0,,,a,
ASN00092045,19691104,PRCP,0,,,a,
ASN00092045,19691105,PRCP,5,,,a,
ASN00092045,19691106,PRCP,28,,,a,
ASN00092045,19691107,PRCP,10,,,a,
ASN00092045,19691108,PRCP,18,,,a,
ASN00092045,19691109,PRCP,152,,,a,
ASN00092045,19691110,PRCP,0,,,a,
ASN00092045,19691111,PRCP,0,,,a,
ASN00092045,19691112,PRCP,0,,,a,
ASN00092045,19691113,PRCP,0,,,a,
ASN00092045,19691114,PRCP,0,,,a,
ASN00092045,19691115,PRCP,178,,,a,
ASN00092045,19691116,PRCP,0,,,a,
ASN00092045,19691117,PRCP,0,,,a,
ASN00092045,19691118,PRCP,175,,,a,
ASN00092045,19691119,PRCP,61,,,a,
ASN00092045,19691120,PRCP,41,,,a,
ASN00092045,19691121,PRCP,20,,,a,
ASN00092045,19691122,PRCP,0,,,a,
ASN00092045,19691123,PRCP,0,,,a,
ASN00092045,19691124,PRCP,0,,,a,
ASN00092045,19691125,PRCP,0,,,a,
ASN00092045,19691126,PRCP,0,,,a,
ASN00092045,19691127,PRCP,0,,,a,
ASN00092045,19691128,PRCP,226,,,a,
ASN00092045,19691129,PRCP,137,,,a,
ASN00092045,19691130,PRCP,0,,,a,
ASN00092045,19691201,TMAX,178,,,a,
ASN00092045,19691202,TMAX,150,,,a,
ASN00092045,19691203,TMAX,178,,,a,
ASN00092045,19691204,TMAX,183,,,a,
ASN00092045,19691205,TMAX,178,,,a,
ASN00092045,19691206,TMAX,172,,,a,
ASN00092045,19691207,TMAX,169,,,a,
ASN00092045,19691208,TMAX,172,,,a,
ASN00092045,19691209,TMAX,189,,,a,
ASN00092045,19691210,TMAX,169,,,a,
ASN00092045,19691211,TMAX,150,,,a,
ASN00092045,19691212,TMAX,156,,,a,
ASN00092045,19691213,TMAX,200,,,a,
ASN00092045,19691214,TMAX,183,,,a,
ASN00092045,19691215,TMAX,161,,,a,
ASN00092045,19691216,TMAX,156,,,a,
ASN00092045,19691217,TMAX,172,,,a,
ASN00092045,19691218,TMAX,167,,,a,
ASN00092045,19691219,TMAX,206,,,a,
ASN00092045,19691220,TMAX,172,,,a,
ASN00092045,19691221,TMAX,183,,,a,
ASN00092045,19691222,TMAX,233,,,a,
ASN00092045,19691223,TMAX,178,,,a,
ASN00092045,19691225,TMAX,178,,,a,
ASN00092045,19691226,TMAX,189,,,a,
ASN00092045,19691227,TMAX,217,,,a,
ASN00092045,19691228,TMAX,189,,,a,
ASN00092045,19691229,TMAX,183,,,a,
ASN00092045,19691230,TMAX,156,,,a,
ASN00092045,19691231,TMAX,156,,,a,
ASN00092045,19691201,TMIN,122,,,a,
ASN00092045,19691202,TMIN,83,,,a,
ASN00092045,19691203,TMIN,83,,,a,
ASN00092045,19691204,TMIN,100,,,a,
ASN00092045,19691205,TMIN,94,,,a,
ASN00092045,19691207,TMIN,56,,,a,
ASN00092045,19691208,TMIN,56,,,a,
ASN00092045,19691209,TMIN,100,,,a,
ASN00092045,19691210,TMIN,117,,,a,
ASN00092045,19691211,TMIN,117,,,a,
ASN00092045,19691212,TMIN,128,,,a,
ASN00092045,19691213,TMIN,133,,,a,
ASN00092045,19691214,TMIN,144,,,a,
ASN00092045,19691215,TMIN,122,,,a,
ASN00092045,19691216,TMIN,128,,,a,
ASN00092045,19691217,TMIN,122,,,a,
ASN00092045,19691218,TMIN,94,,,a,
ASN00092045,19691219,TMIN,128,,,a,
ASN00092045,19691220,TMIN,117,,,a,
ASN00092045,19691221,TMIN,89,,,a,
ASN00092045,19691222,TMIN,128,,,a,
ASN00092045,19691223,TMIN,122,,,a,
ASN00092045,19691224,TMIN,72,,,a,
ASN00092045,19691226,TMIN,89,,,a,
ASN00092045,19691227,TMIN,111,,,a,
ASN00092045,19691228,TMIN,122,,,a,
ASN00092045,19691229,TMIN,150,,,a,
ASN00092045,19691230,TMIN,100,,,a,
ASN00092045,19691231,TMIN,117,,,a,
ASN00092045,19691201,PRCP,3,,,a,
ASN00092045,19691202,PRCP,10,,,a,
ASN00092045,19691203,PRCP,8,,,a,
ASN00092045,19691204,PRCP,0,,,a,
ASN00092045,19691205,PRCP,0,,,a,
ASN00092045,19691206,PRCP,41,,,a,
ASN00092045,19691207,PRCP,0,,,a,
ASN00092045,19691208,PRCP,5,,,a,
ASN00092045,19691209,PRCP,0,,,a,
ASN00092045,19691210,PRCP,0,,,a,
ASN00092045,19691211,PRCP,43,,,a,
ASN00092045,19691212,PRCP,119,,,a,
ASN00092045,19691213,PRCP,505,,,a,
ASN00092045,19691214,PRCP,0,,,a,
ASN00092045,19691215,PRCP,3,,,a,
ASN00092045,19691216,PRCP,0,,,a,
ASN00092045,19691217,PRCP,0,,,a,
ASN00092045,19691218,PRCP,0,,,a,
ASN00092045,19691219,PRCP,0,,,a,
ASN00092045,19691220,PRCP,15,,,a,
ASN00092045,19691221,PRCP,53,,,a,
ASN00092045,19691222,PRCP,0,,,a,
ASN00092045,19691223,PRCP,8,,,a,
ASN00092045,19691224,PRCP,0,,,a,
ASN00092045,19691225,PRCP,18,,,a,
ASN00092045,19691226,PRCP,0,,,a,
ASN00092045,19691227,PRCP,0,,,a,
ASN00092045,19691228,PRCP,0,,,a,
ASN00092045,19691229,PRCP,0,,,a,
ASN00092045,19691230,PRCP,180,,,a,
ASN00092045,19691231,PRCP,10,,,a,
ASN00092045,19700101,TMAX,172,,,a,
ASN00092045,19700102,TMAX,167,,,a,
ASN00092045,19700103,TMAX,172,,,a,
ASN00092045,19700104,TMAX,183,,,a,
ASN00092045,19700105,TMAX,194,,,a,
ASN00092045,19700106,TMAX,167,,,a,
ASN00092045,19700107,TMAX,183,,,a,
ASN00092045,19700108,TMAX,183,,,a,
ASN00092045,19700109,TMAX,183,,,a,
ASN00092045,19700110,TMAX,183,,,a,
ASN00092045,19700111,TMAX,211,,,a,
ASN00092045,19700112,TMAX,167,,,a,
ASN00092045,19700113,TMAX,172,,,a,
ASN00092045,19700114,TMAX,167,,,a,
ASN00092045,19700115,TMAX,183,,,a,
ASN00092045,19700116,TMAX,217,,,a,
ASN00092045,19700117,TMAX,244,,,a,
ASN00092045,19700118,TMAX,211,,,a,
ASN00092045,19700119,TMAX,206,,,a,
ASN00092045,19700120,TMAX,206,,,a,
ASN00092045,19700121,TMAX,183,,,a,
ASN00092045,19700122,TMAX,183,,,a,
ASN00092045,19700123,TMAX,194,,,a,
ASN00092045,19700124,TMAX,194,,,a,
ASN00092045,19700125,TMAX,200,,,a,
ASN00092045,19700126,TMAX,228,,,a,
ASN00092045,19700127,TMAX,217,,,a,
ASN00092045,19700128,TMAX,186,,,a,
ASN00092045,19700129,TMAX,197,,,a,
ASN00092045,19700130,TMAX,204,,,a,
ASN00092045,19700131,TMAX,206,,,a,
ASN00092045,19700101,TMIN,111,,,a,
ASN00092045,19700102,TMIN,128,,,a,
ASN00092045,19700103,TMIN,128,,,a,
ASN00092045,19700104,TMIN,144,,,a,
ASN00092045,19700105,TMIN,150,,,a,
ASN00092045,19700106,TMIN,144,,,a,
ASN00092045,19700107,TMIN,122,,,a,
ASN00092045,19700108,TMIN,144,,,a,
ASN00092045,19700109,TMIN,161,,,a,
ASN00092045,19700110,TMIN,167,,,a,
ASN00092045,19700111,TMIN,161,,,a,
ASN00092045,19700112,TMIN,139,,,a,
ASN00092045,19700113,TMIN,122,,,a,
ASN00092045,19700114,TMIN,122,,,a,
ASN00092045,19700115,TMIN,133,,,a,
ASN00092045,19700116,TMIN,150,,,a,
ASN00092045,19700117,TMIN,156,,,a,
ASN00092045,19700118,TMIN,106,,,a,
ASN00092045,19700119,TMIN,144,,,a,
ASN00092045,19700120,TMIN,106,,,a,
ASN00092045,19700121,TMIN,150,,,a,
ASN00092045,19700122,TMIN,139,,,a,
ASN00092045,19700123,TMIN,133,,,a,
ASN00092045,19700124,TMIN,161,,,a,
ASN00092045,19700125,TMIN,156,,,a,
ASN00092045,19700126,TMIN,139,,,a,
ASN00092045,19700127,TMIN,128,,,a,
ASN00092045,19700128,TMIN,144,,,a,
ASN00092045,19700129,TMIN,150,,,a,
ASN00092045,19700130,TMIN,153,,,a,
ASN00092045,19700131,TMIN,167,,,a,
ASN00092045,19700101,PRCP,18,,,a,
ASN00092045,19700102,PRCP,465,,,a,
ASN00092045,19700103,PRCP,163,,,a,
ASN00092045,19700104,PRCP,53,,,a,
ASN00092045,19700105,PRCP,0,,,a,
ASN00092045,19700106,PRCP,18,,,a,
ASN00092045,19700107,PRCP,5,,,a,
ASN00092045,19700108,PRCP,0,,,a,
ASN00092045,19700109,PRCP,0,,,a,
ASN00092045,19700110,PRCP,13,,,a,
ASN00092045,19700111,PRCP,10,,,a,
ASN00092045,19700112,PRCP,25,,,a,
ASN00092045,19700113,PRCP,81,,,a,
ASN00092045,19700114,PRCP,38,,,a,
ASN00092045,19700115,PRCP,0,,,a,
ASN00092045,19700116,PRCP,0,,,a,
ASN00092045,19700117,PRCP,0,,,a,
ASN00092045,19700118,PRCP,0,,,a,
ASN00092045,19700119,PRCP,0,,,a,
ASN00092045,19700120,PRCP,0,,,a,
ASN00092045,19700121,PRCP,0,,,a,
ASN00092045,19700122,PRCP,0,,,a,
ASN00092045,19700123,PRCP,0,,,a,
ASN00092045,19700124,PRCP,0,,,a,
ASN00092045,19700125,PRCP,0,,,a,
ASN00092045,19700126,PRCP,0,,,a,
ASN00092045,19700127,PRCP,0,,,a,
ASN00092045,19700128,PRCP,10,,,a,
ASN00092045,19700129,PRCP,0,,,a,
ASN00092045,19700130,PRCP,0,,,a,
ASN00092045,19700131,PRCP,0,,,a,
ASN00092045,19700201,TMAX,183,,,a,
ASN00092045,19700202,TMAX,183,,,a,
ASN00092045,19700203,TMAX,217,,,a,
ASN00092045,19700204,TMAX,256,,,a,
ASN00092045,19700205,TMAX,239,,,a,
ASN00092045,19700206,TMAX,239,,,a,
ASN00092045,19700207,TMAX,194,,,a,
ASN00092045,19700208,TMAX,183,,,a,
ASN00092045,19700209,TMAX,300,,,a,
ASN00092045,19700210,TMAX,211,,,a,
ASN00092045,19700211,TMAX,200,,,a,
ASN00092045,19700212,TMAX,189,,,a,
ASN00092045,19700213,TMAX,208,,,a,
ASN00092045,19700214,TMAX,222,,,a,
ASN00092045,19700215,TMAX,200,,,a,
ASN00092045,19700216,TMAX,156,,,a,
ASN00092045,19700217,TMAX,194,,,a,
ASN00092045,19700218,TMAX,211,,,a,
ASN00092045,19700219,TMAX,206,,,a,
ASN00092045,19700220,TMAX,189,,,a,
ASN00092045,19700221,TMAX,217,,,a,
ASN00092045,19700222,TMAX,211,,,a,
ASN00092045,19700223,TMAX,211,,,a,
ASN00092045,19700224,TMAX,189,,,a,
ASN00092045,19700225,TMAX,189,,,a,
ASN00092045,19700226,TMAX,203,,,a,
ASN00092045,19700227,TMAX,189,,,a,
ASN00092045,19700228,TMAX,183,,,a,
ASN00092045,19700201,TMIN,130,,,a,
ASN00092045,19700202,TMIN,108,,,a,
ASN00092045,19700203,TMIN,133,,,a,
ASN00092045,19700204,TMIN,139,,,a,
ASN00092045,19700205,TMIN,144,,,a,
ASN00092045,19700206,TMIN,161,,,a,
ASN00092045,19700207,TMIN,147,,,a,
ASN00092045,19700208,TMIN,150,,,a,
ASN00092045,19700209,TMIN,172,,,a,
ASN00092045,19700210,TMIN,167,,,a,
ASN00092045,19700211,TMIN,167,,,a,
ASN00092045,19700212,TMIN,122,,,a,
ASN00092045,19700213,TMIN,144,,,a,
ASN00092045,19700214,TMIN,167,,,a,
ASN00092045,19700215,TMIN,161,,,a,
ASN00092045,19700216,TMIN,100,,,a,
ASN00092045,19700217,TMIN,106,,,a,
ASN00092045,19700218,TMIN,117,,,a,
ASN00092045,19700219,TMIN,117,,,a,
ASN00092045,19700220,TMIN,83,,,a,
ASN00092045,19700221,TMIN,111,,,a,
ASN00092045,19700222,TMIN,128,,,a,
ASN00092045,19700223,TMIN,128,,,a,
ASN00092045,19700224,TMIN,144,,,a,
ASN00092045,19700225,TMIN,144,,,a,
ASN00092045,19700226,TMIN,144,,,a,
ASN00092045,19700227,TMIN,128,,,a,
ASN00092045,19700228,TMIN,139,,,a,
ASN00092045,19700201,PRCP,0,,,a,
ASN00092045,19700202,PRCP,0,,,a,
ASN00092045,19700203,PRCP,0,,,a,
ASN00092045,19700204,PRCP,0,,,a,
ASN00092045,19700205,PRCP,0,,,a,
ASN00092045,19700206,PRCP,0,,,a,
ASN00092045,19700207,PRCP,0,,,a,
ASN00092045,19700208,PRCP,0,,,a,
ASN00092045,19700209,PRCP,3,,,a,
ASN00092045,19700210,PRCP,10,,,a,
ASN00092045,19700211,PRCP,0,,,a,
ASN00092045,19700212,PRCP,0,,,a,
ASN00092045,19700213,PRCP,0,,,a,
ASN00092045,19700214,PRCP,0,,,a,
ASN00092045,19700215,PRCP,5,,,a,
ASN00092045,19700216,PRCP,236,,,a,
ASN00092045,19700217,PRCP,38,,,a,
ASN00092045,19700218,PRCP,8,,,a,
ASN00092045,19700219,PRCP,0,,,a,
ASN00092045,19700220,PRCP,10,,,a,
ASN00092045,19700221,PRCP,0,,,a,
ASN00092045,19700222,PRCP,0,,,a,
ASN00092045,19700223,PRCP,0,,,a,
ASN00092045,19700224,PRCP,0,,,a,
ASN00092045,19700225,PRCP,0,,,a,
ASN00092045,19700226,PRCP,89,,,a,
ASN00092045,19700227,PRCP,25,,,a,
ASN00092045,19700228,PRCP,23,,,a,
ASN00092045,19700301,TMAX,206,,,a,
ASN00092045,19700302,TMAX,200,,,a,
ASN00092045,19700303,TMAX,211,,,a,
ASN00092045,19700304,TMAX,211,,,a,
ASN00092045,19700305,TMAX,167,,,a,
ASN00092045,19700306,TMAX,178,,,a,
ASN00092045,19700307,TMAX,178,,,a,
ASN00092045,19700308,TMAX,189,,,a,
ASN00092045,19700309,TMAX,211,,,a,
ASN00092045,19700310,TMAX,211,,,a,
ASN00092045,19700311,TMAX,167,,,a,
ASN00092045,19700312,TMAX,194,,,a,
ASN00092045,19700313,TMAX,206,,,a,
ASN00092045,19700314,TMAX,194,,,a,
ASN00092045,19700315,TMAX,200,,,a,
ASN00092045,19700316,TMAX,206,,,a,
ASN00092045,19700317,TMAX,206,,,a,
ASN00092045,19700318,TMAX,206,,,a,
ASN00092045,19700319,TMAX,178,,,a,
ASN00092045,19700320,TMAX,211,,,a,
ASN00092045,19700321,TMAX,189,,,a,
ASN00092045,19700322,TMAX,172,,,a,
ASN00092045,19700323,TMAX,178,,,a,
ASN00092045,19700324,TMAX,183,,,a,
ASN00092045,19700325,TMAX,211,,,a,
ASN00092045,19700326,TMAX,217,,,a,
ASN00092045,19700327,TMAX,217,,,a,
ASN00092045,19700328,TMAX,167,,,a,
ASN00092045,19700329,TMAX,161,,,a,
ASN00092045,19700330,TMAX,156,,,a,
ASN00092045,19700331,TMAX,194,,,a,
ASN00092045,19700301,TMIN,122,,,a,
ASN00092045,19700302,TMIN,156,,,a,
ASN00092045,19700303,TMIN,161,,,a,
ASN00092045,19700304,TMIN,172,,,a,
ASN00092045,19700305,TMIN,156,,,a,
ASN00092045,19700306,TMIN,139,,,a,
ASN00092045,19700307,TMIN,111,,,a,
ASN00092045,19700308,TMIN,133,,,a,
ASN00092045,19700309,TMIN,133,,,a,
ASN00092045,19700310,TMIN,128,,,a,
ASN00092045,19700311,TMIN,111,,,a,
ASN00092045,19700312,TMIN,50,,,a,
ASN00092045,19700313,TMIN,122,,,a,
ASN00092045,19700314,TMIN,150,,,a,
ASN00092045,19700315,TMIN,139,,,a,
ASN00092045,19700316,TMIN,161,,,a,
ASN00092045,19700317,TMIN,172,,,a,
ASN00092045,19700318,TMIN,161,,,a,
ASN00092045,19700319,TMIN,156,,,a,
ASN00092045,19700320,TMIN,156,,,a,
ASN00092045,19700321,TMIN,167,,,a,
ASN00092045,19700322,TMIN,167,,,a,
ASN00092045,19700323,TMIN,133,,,a,
ASN00092045,19700324,TMIN,144,,,a,
ASN00092045,19700325,TMIN,128,,,a,
ASN00092045,19700326,TMIN,144,,,a,
ASN00092045,19700327,TMIN,144,,,a,
ASN00092045,19700328,TMIN,128,,,a,
ASN00092045,19700329,TMIN,89,,,a,
ASN00092045,19700330,TMIN,83,,,a,
ASN00092045,19700331,TMIN,72,,,a,
ASN00092045,19700301,PRCP,0,,,a,
ASN00092045,19700302,PRCP,0,,,a,
ASN00092045,19700303,PRCP,0,,,a,
ASN00092045,19700304,PRCP,0,,,a,
ASN00092045,19700305,PRCP,25,,,a,
ASN00092045,19700306,PRCP,130,,,a,
ASN00092045,19700307,PRCP,5,,,a,
ASN00092045,19700308,PRCP,18,,,a,
ASN00092045,19700309,PRCP,0,,,a,
ASN00092045,19700310,PRCP,0,,,a,
ASN00092045,19700311,PRCP,41,,,a,
ASN00092045,19700312,PRCP,10,,,a,
ASN00092045,19700313,PRCP,0,,,a,
ASN00092045,19700314,PRCP,0,,,a,
ASN00092045,19700315,PRCP,0,,,a,
ASN00092045,19700316,PRCP,0,,,a,
ASN00092045,19700317,PRCP,0,,,a,
ASN00092045,19700318,PRCP,3,,,a,
ASN00092045,19700319,PRCP,15,,,a,
ASN00092045,19700320,PRCP,358,,,a,
ASN00092045,19700321,PRCP,140,,,a,
ASN00092045,19700322,PRCP,272,,,a,
ASN00092045,19700323,PRCP,312,,,a,
ASN00092045,19700324,PRCP,5,,,a,
ASN00092045,19700325,PRCP,0,,,a,
ASN00092045,19700326,PRCP,0,,,a,
ASN00092045,19700327,PRCP,0,,,a,
ASN00092045,19700328,PRCP,0,,,a,
ASN00092045,19700329,PRCP,185,,,a,
ASN00092045,19700330,PRCP,0,,,a,
ASN00092045,19700331,PRCP,0,,,a,
ASN00092045,19700401,TMAX,189,,,a,
ASN00092045,19700402,TMAX,194,,,a,
ASN00092045,19700403,TMAX,172,,,a,
ASN00092045,19700404,TMAX,183,,,a,
ASN00092045,19700405,TMAX,200,,,a,
ASN00092045,19700406,TMAX,194,,,a,
ASN00092045,19700407,TMAX,144,,,a,
ASN00092045,19700408,TMAX,178,,,a,
ASN00092045,19700409,TMAX,167,,,a,
ASN00092045,19700410,TMAX,183,,,a,
ASN00092045,19700411,TMAX,200,,,a,
ASN00092045,19700412,TMAX,194,,,a,
ASN00092045,19700413,TMAX,194,,,a,
ASN00092045,19700414,TMAX,189,,,a,
ASN00092045,19700415,TMAX,200,,,a,
ASN00092045,19700416,TMAX,189,,,a,
ASN00092045,19700417,TMAX,233,,,a,
ASN00092045,19700418,TMAX,250,,,a,
ASN00092045,19700419,TMAX,228,,,a,
ASN00092045,19700420,TMAX,183,,,a,
ASN00092045,19700421,TMAX,217,,,a,
ASN00092045,19700422,TMAX,167,,,a,
ASN00092045,19700423,TMAX,172,,,a,
ASN00092045,19700424,TMAX,167,,,a,
ASN00092045,19700425,TMAX,167,,,a,
ASN00092045,19700426,TMAX,156,,,a,
ASN00092045,19700427,TMAX,144,,,a,
ASN00092045,19700428,TMAX,150,,,a,
ASN00092045,19700429,TMAX,178,,,a,
ASN00092045,19700430,TMAX,178,,,a,
ASN00092045,19700401,TMIN,139,,,a,
ASN00092045,19700402,TMIN,144,,,a,
ASN00092045,19700403,TMIN,106,,,a,
ASN00092045,19700404,TMIN,100,,,a,
ASN00092045,19700405,TMIN,122,,,a,
ASN00092045,19700406,TMIN,122,,,a,
ASN00092045,19700407,TMIN,122,,,a,
ASN00092045,19700408,TMIN,78,,,a,
ASN00092045,19700409,TMIN,83,,,a,
ASN00092045,19700410,TMIN,122,,,a,
ASN00092045,19700411,TMIN,144,,,a,
ASN00092045,19700412,TMIN,150,,,a,
ASN00092045,19700413,TMIN,128,,,a,
ASN00092045,19700414,TMIN,133,,,a,
ASN00092045,19700415,TMIN,150,,,a,
ASN00092045,19700416,TMIN,144,,,a,
ASN00092045,19700417,TMIN,133,,,a,
ASN00092045,19700418,TMIN,139,,,a,
ASN00092045,19700419,TMIN,144,,,a,
ASN00092045,19700420,TMIN,156,,,a,
ASN00092045,19700421,TMIN,161,,,a,
ASN00092045,19700422,TMIN,156,,,a,
ASN00092045,19700423,TMIN,128,,,a,
ASN00092045,19700424,TMIN,89,,,a,
ASN00092045,19700425,TMIN,111,,,a,
ASN00092045,19700426,TMIN,83,,,a,
ASN00092045,19700428,TMIN,56,,,a,
ASN00092045,19700429,TMIN,78,,,a,
ASN00092045,19700430,TMIN,117,,,a,
ASN00092045,19700401,PRCP,0,,,a,
ASN00092045,19700402,PRCP,0,,,a,
ASN00092045,19700403,PRCP,33,,,a,
ASN00092045,19700404,PRCP,0,,,a,
ASN00092045,19700405,PRCP,0,,,a,
ASN00092045,19700406,PRCP,0,,,a,
ASN00092045,19700407,PRCP,38,,,a,
ASN00092045,19700408,PRCP,0,,,a,
ASN00092045,19700409,PRCP,0,,,a,
ASN00092045,19700410,PRCP,0,,,a,
ASN00092045,19700411,PRCP,18,,,a,
ASN00092045,19700412,PRCP,36,,,a,
ASN00092045,19700413,PRCP,0,,,a,
ASN00092045,19700414,PRCP,8,,,a,
ASN00092045,19700415,PRCP,3,,,a,
ASN00092045,19700416,PRCP,0,,,a,
ASN00092045,19700417,PRCP,3,,,a,
ASN00092045,19700418,PRCP,0,,,a,
ASN00092045,19700419,PRCP,0,,,a,
ASN00092045,19700420,PRCP,3,,,a,
ASN00092045,19700421,PRCP,3,,,a,
ASN00092045,19700422,PRCP,170,,,a,
ASN00092045,19700423,PRCP,30,,,a,
ASN00092045,19700424,PRCP,0,,,a,
ASN00092045,19700425,PRCP,81,,,a,
ASN00092045,19700426,PRCP,58,,,a,
ASN00092045,19700427,PRCP,183,,,a,
ASN00092045,19700428,PRCP,8,,,a,
ASN00092045,19700429,PRCP,0,,,a,
ASN00092045,19700430,PRCP,3,,,a,
ASN00092045,19700501,TMAX,172,,,a,
ASN00092045,19700502,TMAX,189,,,a,
ASN00092045,19700503,TMAX,139,,,a,
ASN00092045,19700504,TMAX,167,,,a,
ASN00092045,19700505,TMAX,150,,,a,
ASN00092045,19700506,TMAX,128,,,a,
ASN00092045,19700507,TMAX,122,,,a,
ASN00092045,19700508,TMAX,144,,,a,
ASN00092045,19700509,TMAX,150,,,a,
ASN00092045,19700510,TMAX,156,,,a,
ASN00092045,19700511,TMAX,167,,,a,
ASN00092045,19700512,TMAX,172,,,a,
ASN00092045,19700513,TMAX,161,,,a,
ASN00092045,19700514,TMAX,161,,,a,
ASN00092045,19700515,TMAX,161,,,a,
ASN00092045,19700516,TMAX,139,,,a,
ASN00092045,19700517,TMAX,117,,,a,
ASN00092045,19700518,TMAX,117,,,a,
ASN00092045,19700519,TMAX,161,,,a,
ASN00092045,19700520,TMAX,133,,,a,
ASN00092045,19700521,TMAX,128,,,a,
ASN00092045,19700522,TMAX,167,,,a,
ASN00092045,19700523,TMAX,139,,,a,
ASN00092045,19700524,TMAX,133,,,a,
ASN00092045,19700525,TMAX,133,,,a,
ASN00092045,19700526,TMAX,128,,,a,
ASN00092045,19700527,TMAX,133,,,a,
ASN00092045,19700528,TMAX,144,,,a,
ASN00092045,19700529,TMAX,150,,,a,
ASN00092045,19700530,TMAX,144,,,a,
ASN00092045,19700531,TMAX,139,,,a,
ASN00092045,19700501,TMIN,111,,,a,
ASN00092045,19700502,TMIN,144,,,a,
ASN00092045,19700503,TMIN,67,,,a,
ASN00092045,19700504,TMIN,67,,,a,
ASN00092045,19700505,TMIN,117,,,a,
ASN00092045,19700506,TMIN,56,,,a,
ASN00092045,19700507,TMIN,72,,,a,
ASN00092045,19700508,TMIN,94,,,a,
ASN00092045,19700509,TMIN,111,,,a,
ASN00092045,19700510,TMIN,122,,,a,
ASN00092045,19700511,TMIN,122,,,a,
ASN00092045,19700512,TMIN,100,,,a,
ASN00092045,19700513,TMIN,100,,,a,
ASN00092045,19700514,TMIN,128,,,a,
ASN00092045,19700515,TMIN,128,,,a,
ASN00092045,19700516,TMIN,94,,,a,
ASN00092045,19700517,TMIN,39,,,a,
ASN00092045,19700518,TMIN,39,,,a,
ASN00092045,19700519,TMIN,61,,,a,
ASN00092045,19700520,TMIN,83,,,a,
ASN00092045,19700521,TMIN,33,,,a,
ASN00092045,19700522,TMIN,78,,,a,
ASN00092045,19700523,TMIN,56,,,a,
ASN00092045,19700524,TMIN,89,,,a,
ASN00092045,19700525,TMIN,78,,,a,
ASN00092045,19700526,TMIN,94,,,a,
ASN00092045,19700527,TMIN,111,,,a,
ASN00092045,19700528,TMIN,111,,,a,
ASN00092045,19700529,TMIN,122,,,a,
ASN00092045,19700530,TMIN,122,,,a,
ASN00092045,19700531,TMIN,122,,,a,
ASN00092045,19700501,PRCP,5,,,a,
ASN00092045,19700502,PRCP,0,,,a,
ASN00092045,19700503,PRCP,46,,,a,
ASN00092045,19700504,PRCP,0,,,a,
ASN00092045,19700505,PRCP,0,,,a,
ASN00092045,19700506,PRCP,51,,,a,
ASN00092045,19700507,PRCP,0,,,a,
ASN00092045,19700508,PRCP,5,,,a,
ASN00092045,19700509,PRCP,0,,,a,
ASN00092045,19700510,PRCP,0,,,a,
ASN00092045,19700511,PRCP,0,,,a,
ASN00092045,19700512,PRCP,8,,,a,
ASN00092045,19700513,PRCP,8,,,a,
ASN00092045,19700514,PRCP,0,,,a,
ASN00092045,19700515,PRCP,10,,,a,
ASN00092045,19700516,PRCP,0,,,a,
ASN00092045,19700517,PRCP,81,,,a,
ASN00092045,19700518,PRCP,0,,,a,
ASN00092045,19700519,PRCP,0,,,a,
ASN00092045,19700520,PRCP,0,,,a,
ASN00092045,19700521,PRCP,0,,,a,
ASN00092045,19700522,PRCP,0,,,a,
ASN00092045,19700523,PRCP,0,,,a,
ASN00092045,19700524,PRCP,5,,,a,
ASN00092045,19700525,PRCP,0,,,a,
ASN00092045,19700526,PRCP,0,,,a,
ASN00092045,19700527,PRCP,46,,,a,
ASN00092045,19700528,PRCP,122,,,a,
ASN00092045,19700529,PRCP,5,,,a,
ASN00092045,19700530,PRCP,41,,,a,
ASN00092045,19700531,PRCP,0,,,a,
ASN00092045,19700601,TMAX,133,,,a,
ASN00092045,19700602,TMAX,133,,,a,
ASN00092045,19700603,TMAX,128,,,a,
ASN00092045,19700604,TMAX,128,,,a,
ASN00092045,19700605,TMAX,117,,,a,
ASN00092045,19700606,TMAX,128,,,a,
ASN00092045,19700607,TMAX,139,,,a,
ASN00092045,19700608,TMAX,133,,,a,
ASN00092045,19700609,TMAX,144,,,a,
ASN00092045,19700610,TMAX,144,,,a,
ASN00092045,19700611,TMAX,150,,,a,
ASN00092045,19700612,TMAX,156,,,a,
ASN00092045,19700613,TMAX,133,,,a,
ASN00092045,19700614,TMAX,150,,,a,
ASN00092045,19700615,TMAX,133,,,a,
ASN00092045,19700616,TMAX,133,,,a,
ASN00092045,19700617,TMAX,128,,,a,
ASN00092045,19700618,TMAX,128,,,a,
ASN00092045,19700619,TMAX,128,,,a,
ASN00092045,19700620,TMAX,122,,,a,
ASN00092045,19700621,TMAX,133,,,a,
ASN00092045,19700622,TMAX,139,,,a,
ASN00092045,19700623,TMAX,144,,,a,
ASN00092045,19700624,TMAX,133,,,a,
ASN00092045,19700625,TMAX,144,,,a,
ASN00092045,19700626,TMAX,144,,,a,
ASN00092045,19700627,TMAX,128,,,a,
ASN00092045,19700628,TMAX,128,,,a,
ASN00092045,19700629,TMAX,150,,,a,
ASN00092045,19700630,TMAX,139,,,a,
ASN00092045,19700601,TMIN,117,,,a,
ASN00092045,19700602,TMIN,100,,,a,
ASN00092045,19700603,TMIN,103,,,a,
ASN00092045,19700604,TMIN,78,,,a,
ASN00092045,19700605,TMIN,72,,,a,
ASN00092045,19700606,TMIN,67,,,a,
ASN00092045,19700607,TMIN,89,,,a,
ASN00092045,19700608,TMIN,89,,,a,
ASN00092045,19700609,TMIN,89,,,a,
ASN00092045,19700610,TMIN,111,,,a,
ASN00092045,19700611,TMIN,117,,,a,
ASN00092045,19700612,TMIN,122,,,a,
ASN00092045,19700613,TMIN,89,,,a,
ASN00092045,19700614,TMIN,89,,,a,
ASN00092045,19700615,TMIN,83,,,a,
ASN00092045,19700616,TMIN,72,,,a,
ASN00092045,19700617,TMIN,72,,,a,
ASN00092045,19700618,TMIN,56,,,a,
ASN00092045,19700619,TMIN,78,,,a,
ASN00092045,19700620,TMIN,72,,,a,
ASN00092045,19700621,TMIN,83,,,a,
ASN00092045,19700622,TMIN,78,,,a,
ASN00092045,19700623,TMIN,72,,,a,
ASN00092045,19700624,TMIN,106,,,a,
ASN00092045,19700625,TMIN,106,,,a,
ASN00092045,19700626,TMIN,78,,,a,
ASN00092045,19700627,TMIN,78,,,a,
ASN00092045,19700628,TMIN,61,,,a,
ASN00092045,19700629,TMIN,83,,,a,
ASN00092045,19700630,TMIN,100,,,a,
ASN00092045,19700601,PRCP,0,,,a,
ASN00092045,19700602,PRCP,0,,,a,
ASN00092045,19700603,PRCP,112,,,a,
ASN00092045,19700604,PRCP,30,,,a,
ASN00092045,19700605,PRCP,0,,,a,
ASN00092045,19700606,PRCP,0,,,a,
ASN00092045,19700607,PRCP,8,,,a,
ASN00092045,19700608,PRCP,5,,,a,
ASN00092045,19700609,PRCP,132,,,a,
ASN00092045,19700610,PRCP,28,,,a,
ASN00092045,19700611,PRCP,231,,,a,
ASN00092045,19700612,PRCP,107,,,a,
ASN00092045,19700613,PRCP,10,,,a,
ASN00092045,19700614,PRCP,5,,,a,
ASN00092045,19700615,PRCP,0,,,a,
ASN00092045,19700616,PRCP,130,,,a,
ASN00092045,19700617,PRCP,28,,,a,
ASN00092045,19700618,PRCP,0,,,a,
ASN00092045,19700619,PRCP,0,,,a,
ASN00092045,19700620,PRCP,8,,,a,
ASN00092045,19700621,PRCP,41,,,a,
ASN00092045,19700622,PRCP,15,,,a,
ASN00092045,19700623,PRCP,0,,,a,
ASN00092045,19700624,PRCP,0,,,a,
ASN00092045,19700625,PRCP,0,,,a,
ASN00092045,19700626,PRCP,10,,,a,
ASN00092045,19700627,PRCP,165,,,a,
ASN00092045,19700628,PRCP,43,,,a,
ASN00092045,19700629,PRCP,84,,,a,
ASN00092045,19700630,PRCP,8,,,a,
ASN00092045,19700701,TMAX,117,,,a,
ASN00092045,19700702,TMAX,133,,,a,
ASN00092045,19700703,TMAX,122,,,a,
ASN00092045,19700704,TMAX,122,,,a,
ASN00092045,19700705,TMAX,139,,,a,
ASN00092045,19700706,TMAX,139,,,a,
ASN00092045,19700707,TMAX,144,,,a,
ASN00092045,19700708,TMAX,150,,,a,
ASN00092045,19700709,TMAX,111,,,a,
ASN00092045,19700710,TMAX,111,,,a,
ASN00092045,19700711,TMAX,122,,,a,
ASN00092045,19700712,TMAX,117,,,a,
ASN00092045,19700713,TMAX,133,,,a,
ASN00092045,19700714,TMAX,139,,,a,
ASN00092045,19700715,TMAX,117,,,a,
ASN00092045,19700716,TMAX,122,,,a,
ASN00092045,19700717,TMAX,128,,,a,
ASN00092045,19700718,TMAX,111,,,a,
ASN00092045,19700719,TMAX,94,,,a,
ASN00092045,19700720,TMAX,133,,,a,
ASN00092045,19700721,TMAX,133,,,a,
ASN00092045,19700722,TMAX,122,,,a,
ASN00092045,19700723,TMAX,150,,,a,
ASN00092045,19700724,TMAX,144,,,a,
ASN00092045,19700725,TMAX,139,,,a,
ASN00092045,19700726,TMAX,150,,,a,
ASN00092045,19700727,TMAX,122,,,a,
ASN00092045,19700728,TMAX,133,,,a,
ASN00092045,19700729,TMAX,133,,,a,
ASN00092045,19700730,TMAX,139,,,a,
ASN00092045,19700731,TMAX,122,,,a,
ASN00092045,19700701,TMIN,78,,,a,
ASN00092045,19700702,TMIN,78,,,a,
ASN00092045,19700703,TMIN,56,,,a,
ASN00092045,19700705,TMIN,67,,,a,
ASN00092045,19700706,TMIN,61,,,a,
ASN00092045,19700707,TMIN,100,,,a,
ASN00092045,19700708,TMIN,122,,,a,
ASN00092045,19700709,TMIN,50,,,a,
ASN00092045,19700710,TMIN,22,,,a,
ASN00092045,19700711,TMIN,17,,,a,
ASN00092045,19700712,TMIN,17,,,a,
ASN00092045,19700713,TMIN,56,,,a,
ASN00092045,19700714,TMIN,67,,,a,
ASN00092045,19700715,TMIN,83,,,a,
ASN00092045,19700716,TMIN,89,,,a,
ASN00092045,19700717,TMIN,61,,,a,
ASN00092045,19700719,TMIN,39,,,a,
ASN00092045,19700720,TMIN,50,,,a,
ASN00092045,19700721,TMIN,72,,,a,
ASN00092045,19700723,TMIN,67,,,a,
ASN00092045,19700725,TMIN,89,,,a,
ASN00092045,19700726,TMIN,89,,,a,
ASN00092045,19700727,TMIN,39,,,a,
ASN00092045,19700728,TMIN,72,,,a,
ASN00092045,19700729,TMIN,72,,,a,
ASN00092045,19700730,TMIN,106,,,a,
ASN00092045,19700731,TMIN,67,,,a,
ASN00092045,19700701,PRCP,140,,,a,
ASN00092045,19700702,PRCP,79,,,a,
ASN00092045,19700703,PRCP,0,,,a,
ASN00092045,19700704,PRCP,5,,,a,
ASN00092045,19700705,PRCP,135,,,a,
ASN00092045,19700706,PRCP,0,,,a,
ASN00092045,19700707,PRCP,0,,,a,
ASN00092045,19700708,PRCP,0,,,a,
ASN00092045,19700709,PRCP,28,,,a,
ASN00092045,19700710,PRCP,0,,,a,
ASN00092045,19700711,PRCP,0,,,a,
ASN00092045,19700712,PRCP,0,,,a,
ASN00092045,19700713,PRCP,0,,,a,
ASN00092045,19700714,PRCP,3,,,a,
ASN00092045,19700715,PRCP,13,,,a,
ASN00092045,19700716,PRCP,33,,,a,
ASN00092045,19700717,PRCP,36,,,a,
ASN00092045,19700718,PRCP,145,,,a,
ASN00092045,19700719,PRCP,48,,,a,
ASN00092045,19700720,PRCP,0,,,a,
ASN00092045,19700721,PRCP,0,,,a,
ASN00092045,19700722,PRCP,51,,,a,
ASN00092045,19700723,PRCP,0,,,a,
ASN00092045,19700724,PRCP,25,,,a,
ASN00092045,19700725,PRCP,5,,,a,
ASN00092045,19700726,PRCP,0,,,a,
ASN00092045,19700727,PRCP,0,,,a,
ASN00092045,19700728,PRCP,0,,,a,
ASN00092045,19700729,PRCP,25,,,a,
ASN00092045,19700730,PRCP,0,,,a,
ASN00092045,19700731,PRCP,25,,,a,
ASN00092045,19700801,TMAX,133,,,a,
ASN00092045,19700802,TMAX,122,,,a,
ASN00092045,19700803,TMAX,133,,,a,
ASN00092045,19700804,TMAX,117,,,a,
ASN00092045,19700805,TMAX,111,,,a,
ASN00092045,19700806,TMAX,106,,,a,
ASN00092045,19700807,TMAX,111,,,a,
ASN00092045,19700808,TMAX,128,,,a,
ASN00092045,19700809,TMAX,139,,,a,
ASN00092045,19700810,TMAX,128,,,a,
ASN00092045,19700811,TMAX,117,,,a,
ASN00092045,19700812,TMAX,122,,,a,
ASN00092045,19700813,TMAX,128,,,a,
ASN00092045,19700814,TMAX,100,,,a,
ASN00092045,19700815,TMAX,106,,,a,
ASN00092045,19700816,TMAX,111,,,a,
ASN00092045,19700817,TMAX,117,,,a,
ASN00092045,19700818,TMAX,117,,,a,
ASN00092045,19700819,TMAX,106,,,a,
ASN00092045,19700820,TMAX,111,,,a,
ASN00092045,19700821,TMAX,128,,,a,
ASN00092045,19700822,TMAX,139,,,a,
ASN00092045,19700823,TMAX,133,,,a,
ASN00092045,19700824,TMAX,133,,,a,
ASN00092045,19700825,TMAX,122,,,a,
ASN00092045,19700826,TMAX,133,,,a,
ASN00092045,19700827,TMAX,128,,,a,
ASN00092045,19700828,TMAX,144,,,a,
ASN00092045,19700829,TMAX,122,,,a,
ASN00092045,19700830,TMAX,122,,,a,
ASN00092045,19700831,TMAX,128,,,a,
ASN00092045,19700802,TMIN,72,,,a,
ASN00092045,19700803,TMIN,78,,,a,
ASN00092045,19700804,TMIN,28,,,a,
ASN00092045,19700805,TMIN,28,,,a,
ASN00092045,19700806,TMIN,39,,,a,
ASN00092045,19700807,TMIN,61,,,a,
ASN00092045,19700808,TMIN,44,,,a,
ASN00092045,19700809,TMIN,78,,,a,
ASN00092045,19700811,TMIN,39,,,a,
ASN00092045,19700812,TMIN,44,,,a,
ASN00092045,19700815,TMIN,17,,,a,
ASN00092045,19700816,TMIN,61,,,a,
ASN00092045,19700817,TMIN,72,,,a,
ASN00092045,19700818,TMIN,94,,,a,
ASN00092045,19700819,TMIN,56,,,a,
ASN00092045,19700820,TMIN,44,,,a,
ASN00092045,19700821,TMIN,50,,,a,
ASN00092045,19700822,TMIN,61,,,a,
ASN00092045,19700823,TMIN,94,,,a,
ASN00092045,19700824,TMIN,122,,,a,
ASN00092045,19700825,TMIN,111,,,a,
ASN00092045,19700826,TMIN,100,,,a,
ASN00092045,19700827,TMIN,72,,,a,
ASN00092045,19700829,TMIN,72,,,a,
ASN00092045,19700830,TMIN,33,,,a,
ASN00092045,19700831,TMIN,72,,,a,
ASN00092045,19700801,PRCP,84,,,a,
ASN00092045,19700802,PRCP,58,,,a,
ASN00092045,19700803,PRCP,0,,,a,
ASN00092045,19700804,PRCP,0,,,a,
ASN00092045,19700805,PRCP,71,,,a,
ASN00092045,19700806,PRCP,0,,,a,
ASN00092045,19700807,PRCP,0,,,a,
ASN00092045,19700808,PRCP,0,,,a,
ASN00092045,19700809,PRCP,0,,,a,
ASN00092045,19700810,PRCP,8,,,a,
ASN00092045,19700811,PRCP,0,,,a,
ASN00092045,19700812,PRCP,18,,,a,
ASN00092045,19700813,PRCP,20,,,a,
ASN00092045,19700814,PRCP,10,,,a,
ASN00092045,19700815,PRCP,94,,,a,
ASN00092045,19700816,PRCP,41,,,a,
ASN00092045,19700817,PRCP,71,,,a,
ASN00092045,19700818,PRCP,147,,,a,
ASN00092045,19700819,PRCP,145,,,a,
ASN00092045,19700820,PRCP,0,,,a,
ASN00092045,19700821,PRCP,0,,,a,
ASN00092045,19700822,PRCP,0,,,a,
ASN00092045,19700823,PRCP,114,,,a,
ASN00092045,19700824,PRCP,79,,,a,
ASN00092045,19700825,PRCP,48,,,a,
ASN00092045,19700826,PRCP,51,,,a,
ASN00092045,19700827,PRCP,216,,,a,
ASN00092045,19700828,PRCP,25,,,a,
ASN00092045,19700829,PRCP,107,,,a,
ASN00092045,19700830,PRCP,0,,,a,
ASN00092045,19700831,PRCP,58,,,a,
ASN00092045,19700901,TMAX,139,,,a,
ASN00092045,19700902,TMAX,133,,,a,
ASN00092045,19700903,TMAX,133,,,a,
ASN00092045,19700904,TMAX,139,,,a,
ASN00092045,19700905,TMAX,122,,,a,
ASN00092045,19700906,TMAX,133,,,a,
ASN00092045,19700907,TMAX,133,,,a,
ASN00092045,19700908,TMAX,100,,,a,
ASN00092045,19700909,TMAX,89,,,a,
ASN00092045,19700910,TMAX,133,,,a,
ASN00092045,19700911,TMAX,139,,,a,
ASN00092045,19700912,TMAX,144,,,a,
ASN00092045,19700913,TMAX,128,,,a,
ASN00092045,19700914,TMAX,133,,,a,
ASN00092045,19700915,TMAX,133,,,a,
ASN00092045,19700916,TMAX,122,,,a,
ASN00092045,19700917,TMAX,128,,,a,
ASN00092045,19700918,TMAX,111,,,a,
ASN00092045,19700919,TMAX,117,,,a,
ASN00092045,19700920,TMAX,117,,,a,
ASN00092045,19700921,TMAX,128,,,a,
ASN00092045,19700922,TMAX,122,,,a,
ASN00092045,19700923,TMAX,100,,,a,
ASN00092045,19700924,TMAX,100,,,a,
ASN00092045,19700925,TMAX,111,,,a,
ASN00092045,19700926,TMAX,139,,,a,
ASN00092045,19700927,TMAX,133,,,a,
ASN00092045,19700928,TMAX,122,,,a,
ASN00092045,19700929,TMAX,128,,,a,
ASN00092045,19700930,TMAX,150,,,a,
ASN00092045,19700901,TMIN,61,,,a,
ASN00092045,19700902,TMIN,61,,,a,
ASN00092045,19700903,TMIN,106,,,a,
ASN00092045,19700904,TMIN,100,,,a,
ASN00092045,19700905,TMIN,72,,,a,
ASN00092045,19700906,TMIN,78,,,a,
ASN00092045,19700907,TMIN,83,,,a,
ASN00092045,19700908,TMIN,50,,,a,
ASN00092045,19700909,TMIN,56,,,a,
ASN00092045,19700910,TMIN,17,,,a,
ASN00092045,19700911,TMIN,33,,,a,
ASN00092045,19700912,TMIN,83,,,a,
ASN00092045,19700913,TMIN,94,,,a,
ASN00092045,19700914,TMIN,94,,,a,
ASN00092045,19700915,TMIN,83,,,a,
ASN00092045,19700916,TMIN,39,,,a,
ASN00092045,19700917,TMIN,94,,,a,
ASN00092045,19700918,TMIN,72,,,a,
ASN00092045,19700919,TMIN,6,,,a,
ASN00092045,19700920,TMIN,33,,,a,
ASN00092045,19700921,TMIN,72,,,a,
ASN00092045,19700922,TMIN,111,,,a,
ASN00092045,19700923,TMIN,78,,,a,
ASN00092045,19700924,TMIN,67,,,a,
ASN00092045,19700925,TMIN,22,,,a,
ASN00092045,19700926,TMIN,22,,,a,
ASN00092045,19700927,TMIN,78,,,a,
ASN00092045,19700928,TMIN,83,,,a,
ASN00092045,19700929,TMIN,72,,,a,
ASN00092045,19700930,TMIN,56,,,a,
ASN00092045,19700901,PRCP,0,,,a,
ASN00092045,19700902,PRCP,8,,,a,
ASN00092045,19700903,PRCP,0,,,a,
ASN00092045,19700904,PRCP,0,,,a,
ASN00092045,19700905,PRCP,38,,,a,
ASN00092045,19700906,PRCP,13,,,a,
ASN00092045,19700907,PRCP,0,,,a,
ASN00092045,19700908,PRCP,0,,,a,
ASN00092045,19700909,PRCP,335,,,a,
ASN00092045,19700910,PRCP,8,,,a,
ASN00092045,19700911,PRCP,0,,,a,
ASN00092045,19700912,PRCP,0,,,a,
ASN00092045,19700913,PRCP,13,,,a,
ASN00092045,19700914,PRCP,48,,,a,
ASN00092045,19700915,PRCP,23,,,a,
ASN00092045,19700916,PRCP,38,,,a,
ASN00092045,19700917,PRCP,13,,,a,
ASN00092045,19700918,PRCP,61,,,a,
ASN00092045,19700919,PRCP,0,,,a,
ASN00092045,19700920,PRCP,0,,,a,
ASN00092045,19700921,PRCP,0,,,a,
ASN00092045,19700922,PRCP,36,,,a,
ASN00092045,19700923,PRCP,74,,,a,
ASN00092045,19700924,PRCP,5,,,a,
ASN00092045,19700925,PRCP,0,,,a,
ASN00092045,19700926,PRCP,0,,,a,
ASN00092045,19700927,PRCP,0,,,a,
ASN00092045,19700928,PRCP,15,,,a,
ASN00092045,19700929,PRCP,25,,,a,
ASN00092045,19700930,PRCP,0,,,a,
ASN00092045,19701001,TMAX,167,,,a,
ASN00092045,19701002,TMAX,167,,,a,
ASN00092045,19701003,TMAX,161,,,a,
ASN00092045,19701004,TMAX,206,,,a,
ASN00092045,19701005,TMAX,228,,,a,
ASN00092045,19701006,TMAX,167,,,a,
ASN00092045,19701007,TMAX,189,,,a,
ASN00092045,19701008,TMAX,158,,,a,
ASN00092045,19701009,TMAX,150,,,a,
ASN00092045,19701010,TMAX,144,,,a,
ASN00092045,19701011,TMAX,189,,,a,
ASN00092045,19701012,TMAX,163,,,a,
ASN00092045,19701013,TMAX,144,,,a,
ASN00092045,19701014,TMAX,139,,,a,
ASN00092045,19701015,TMAX,150,,,a,
ASN00092045,19701016,TMAX,139,,,a,
ASN00092045,19701017,TMAX,167,,,a,
ASN00092045,19701018,TMAX,150,,,a,
ASN00092045,19701019,TMAX,172,,,a,
ASN00092045,19701020,TMAX,150,,,a,
ASN00092045,19701021,TMAX,156,,,a,
ASN00092045,19701022,TMAX,128,,,a,
ASN00092045,19701023,TMAX,139,,,a,
ASN00092045,19701024,TMAX,124,,,a,
ASN00092045,19701025,TMAX,144,,,a,
ASN00092045,19701026,TMAX,139,,,a,
ASN00092045,19701027,TMAX,144,,,a,
ASN00092045,19701028,TMAX,153,,,a,
ASN00092045,19701029,TMAX,172,,,a,
ASN00092045,19701030,TMAX,161,,,a,
ASN00092045,19701031,TMAX,156,,,a,
ASN00092045,19701001,TMIN,89,,,a,
ASN00092045,19701002,TMIN,100,,,a,
ASN00092045,19701003,TMIN,94,,,a,
ASN00092045,19701004,TMIN,100,,,a,
ASN00092045,19701005,TMIN,117,,,a,
ASN00092045,19701006,TMIN,100,,,a,
ASN00092045,19701007,TMIN,111,,,a,
ASN00092045,19701008,TMIN,89,,,a,
ASN00092045,19701009,TMIN,56,,,a,
ASN00092045,19701010,TMIN,56,,,a,
ASN00092045,19701011,TMIN,111,,,a,
ASN00092045,19701012,TMIN,92,,,a,
ASN00092045,19701013,TMIN,67,,,a,
ASN00092045,19701015,TMIN,56,,,a,
ASN00092045,19701016,TMIN,83,,,a,
ASN00092045,19701017,TMIN,91,,,a,
ASN00092045,19701018,TMIN,72,,,a,
ASN00092045,19701019,TMIN,78,,,a,
ASN00092045,19701020,TMIN,94,,,a,
ASN00092045,19701021,TMIN,94,,,a,
ASN00092045,19701022,TMIN,78,,,a,
ASN00092045,19701023,TMIN,39,,,a,
ASN00092045,19701024,TMIN,83,,,a,
ASN00092045,19701025,TMIN,94,,,a,
ASN00092045,19701026,TMIN,83,,,a,
ASN00092045,19701027,TMIN,111,,,a,
ASN00092045,19701028,TMIN,122,,,a,
ASN00092045,19701029,TMIN,100,,,a,
ASN00092045,19701030,TMIN,72,,,a,
ASN00092045,19701031,TMIN,94,,,a,
ASN00092045,19701001,PRCP,13,,,a,
ASN00092045,19701002,PRCP,8,,,a,
ASN00092045,19701003,PRCP,0,,,a,
ASN00092045,19701004,PRCP,0,,,a,
ASN00092045,19701005,PRCP,0,,,a,
ASN00092045,19701006,PRCP,8,,,a,
ASN00092045,19701007,PRCP,0,,,a,
ASN00092045,19701008,PRCP,18,,,a,
ASN00092045,19701009,PRCP,8,,,a,
ASN00092045,19701010,PRCP,0,,,a,
ASN00092045,19701011,PRCP,0,,,a,
ASN00092045,19701012,PRCP,0,,,a,
ASN00092045,19701013,PRCP,0,,,a,
ASN00092045,19701014,PRCP,30,,,a,
ASN00092045,19701015,PRCP,0,,,a,
ASN00092045,19701016,PRCP,5,,,a,
ASN00092045,19701017,PRCP,5,,,a,
ASN00092045,19701018,PRCP,30,,,a,
ASN00092045,19701019,PRCP,0,,,a,
ASN00092045,19701020,PRCP,0,,,a,
ASN00092045,19701021,PRCP,0,,,a,
ASN00092045,19701022,PRCP,15,,,a,
ASN00092045,19701023,PRCP,0,,,a,
ASN00092045,19701024,PRCP,0,,,a,
ASN00092045,19701025,PRCP,66,,,a,
ASN00092045,19701026,PRCP,10,,,a,
ASN00092045,19701027,PRCP,0,,,a,
ASN00092045,19701028,PRCP,0,,,a,
ASN00092045,19701029,PRCP,3,,,a,
ASN00092045,19701030,PRCP,64,,,a,
ASN00092045,19701031,PRCP,15,,,a,
ASN00092045,19701101,TMAX,153,,,a,
ASN00092045,19701102,TMAX,125,,,a,
ASN00092045,19701103,TMAX,128,,,a,
ASN00092045,19701104,TMAX,144,,,a,
ASN00092045,19701105,TMAX,164,,,a,
ASN00092045,19701106,TMAX,161,,,a,
ASN00092045,19701107,TMAX,139,,,a,
ASN00092045,19701108,TMAX,153,,,a,
ASN00092045,19701109,TMAX,167,,,a,
ASN00092045,19701110,TMAX,156,,,a,
ASN00092045,19701111,TMAX,128,,,a,
ASN00092045,19701112,TMAX,156,,,a,
ASN00092045,19701113,TMAX,178,,,a,
ASN00092045,19701114,TMAX,156,,,a,
ASN00092045,19701115,TMAX,156,,,a,
ASN00092045,19701116,TMAX,156,,,a,
ASN00092045,19701117,TMAX,175,,,a,
ASN00092045,19701118,TMAX,167,,,a,
ASN00092045,19701119,TMAX,150,,,a,
ASN00092045,19701120,TMAX,156,,,a,
ASN00092045,19701121,TMAX,162,,,a,
ASN00092045,19701122,TMAX,167,,,a,
ASN00092045,19701123,TMAX,164,,,a,
ASN00092045,19701124,TMAX,178,,,a,
ASN00092045,19701125,TMAX,194,,,a,
ASN00092045,19701126,TMAX,194,,,a,
ASN00092045,19701127,TMAX,156,,,a,
ASN00092045,19701128,TMAX,206,,,a,
ASN00092045,19701129,TMAX,206,,,a,
ASN00092045,19701130,TMAX,200,,,a,
ASN00092045,19701101,TMIN,56,,,a,
ASN00092045,19701102,TMIN,61,,,a,
ASN00092045,19701103,TMIN,97,,,a,
ASN00092045,19701104,TMIN,92,,,a,
ASN00092045,19701105,TMIN,106,,,a,
ASN00092045,19701106,TMIN,131,,,a,
ASN00092045,19701107,TMIN,111,,,a,
ASN00092045,19701108,TMIN,114,,,a,
ASN00092045,19701109,TMIN,133,,,a,
ASN00092045,19701110,TMIN,100,,,a,
ASN00092045,19701111,TMIN,119,,,a,
ASN00092045,19701112,TMIN,117,,,a,
ASN00092045,19701113,TMIN,117,,,a,
ASN00092045,19701114,TMIN,83,,,a,
ASN00092045,19701115,TMIN,128,,,a,
ASN00092045,19701116,TMIN,108,,,a,
ASN00092045,19701117,TMIN,78,,,a,
ASN00092045,19701118,TMIN,118,,,a,
ASN00092045,19701119,TMIN,122,,,a,
ASN00092045,19701120,TMIN,106,,,a,
ASN00092045,19701121,TMIN,117,,,a,
ASN00092045,19701122,TMIN,100,,,a,
ASN00092045,19701123,TMIN,122,,,a,
ASN00092045,19701124,TMIN,139,,,a,
ASN00092045,19701125,TMIN,128,,,a,
ASN00092045,19701126,TMIN,108,,,a,
ASN00092045,19701127,TMIN,106,,,a,
ASN00092045,19701128,TMIN,133,,,a,
ASN00092045,19701129,TMIN,111,,,a,
ASN00092045,19701130,TMIN,128,,,a,
ASN00092045,19701101,PRCP,0,,,a,
ASN00092045,19701102,PRCP,0,,,a,
ASN00092045,19701103,PRCP,0,,,a,
ASN00092045,19701104,PRCP,3,,,a,
ASN00092045,19701105,PRCP,8,,,a,
ASN00092045,19701106,PRCP,3,,,a,
ASN00092045,19701107,PRCP,8,,,a,
ASN00092045,19701108,PRCP,20,,,a,
ASN00092045,19701109,PRCP,13,,,a,
ASN00092045,19701110,PRCP,66,,,a,
ASN00092045,19701111,PRCP,10,,,a,
ASN00092045,19701112,PRCP,0,,,a,
ASN00092045,19701113,PRCP,117,,,a,
ASN00092045,19701114,PRCP,0,,,a,
ASN00092045,19701115,PRCP,15,,,a,
ASN00092045,19701116,PRCP,325,,,a,
ASN00092045,19701117,PRCP,46,,,a,
ASN00092045,19701118,PRCP,3,,,a,
ASN00092045,19701119,PRCP,0,,,a,
ASN00092045,19701120,PRCP,0,,,a,
ASN00092045,19701121,PRCP,0,,,a,
ASN00092045,19701122,PRCP,0,,,a,
ASN00092045,19701123,PRCP,10,,,a,
ASN00092045,19701124,PRCP,0,,,a,
ASN00092045,19701125,PRCP,0,,,a,
ASN00092045,19701126,PRCP,0,,,a,
ASN00092045,19701127,PRCP,0,,,a,
ASN00092045,19701128,PRCP,0,,,a,
ASN00092045,19701129,PRCP,0,,,a,
ASN00092045,19701130,PRCP,0,,,a,
ASN00092045,19701201,TMAX,217,,,a,
ASN00092045,19701202,TMAX,217,,,a,
ASN00092045,19701203,TMAX,266,,,a,
ASN00092045,19701204,TMAX,278,,,a,
ASN00092045,19701205,TMAX,194,,,a,
ASN00092045,19701206,TMAX,178,,,a,
ASN00092045,19701207,TMAX,178,,,a,
ASN00092045,19701208,TMAX,175,,,a,
ASN00092045,19701209,TMAX,150,,,a,
ASN00092045,19701210,TMAX,156,,,a,
ASN00092045,19701211,TMAX,172,,,a,
ASN00092045,19701212,TMAX,183,,,a,
ASN00092045,19701213,TMAX,178,,,a,
ASN00092045,19701214,TMAX,211,,,a,
ASN00092045,19701215,TMAX,178,,,a,
ASN00092045,19701216,TMAX,200,,,a,
ASN00092045,19701217,TMAX,206,,,a,
ASN00092045,19701218,TMAX,231,,,a,
ASN00092045,19701219,TMAX,192,,,a,
ASN00092045,19701220,TMAX,201,,,a,
ASN00092045,19701221,TMAX,206,,,a,
ASN00092045,19701222,TMAX,185,,,a,
ASN00092045,19701223,TMAX,189,,,a,
ASN00092045,19701224,TMAX,178,,,a,
ASN00092045,19701225,TMAX,172,,,a,
ASN00092045,19701226,TMAX,194,,,a,
ASN00092045,19701227,TMAX,200,,,a,
ASN00092045,19701228,TMAX,144,,,a,
ASN00092045,19701229,TMAX,144,,,a,
ASN00092045,19701230,TMAX,144,,,a,
ASN00092045,19701231,TMAX,161,,,a,
ASN00092045,19701201,TMIN,139,,,a,
ASN00092045,19701202,TMIN,117,,,a,
ASN00092045,19701203,TMIN,133,,,a,
ASN00092045,19701204,TMIN,133,,,a,
ASN00092045,19701205,TMIN,128,,,a,
ASN00092045,19701206,TMIN,72,,,a,
ASN00092045,19701207,TMIN,94,,,a,
ASN00092045,19701208,TMIN,128,,,a,
ASN00092045,19701209,TMIN,128,,,a,
ASN00092045,19701210,TMIN,111,,,a,
ASN00092045,19701211,TMIN,142,,,a,
ASN00092045,19701212,TMIN,139,,,a,
ASN00092045,19701213,TMIN,139,,,a,
ASN00092045,19701214,TMIN,133,,,a,
ASN00092045,19701215,TMIN,139,,,a,
ASN00092045,19701216,TMIN,111,,,a,
ASN00092045,19701217,TMIN,131,,,a,
ASN00092045,19701218,TMIN,156,,,a,
ASN00092045,19701219,TMIN,117,,,a,
ASN00092045,19701220,TMIN,139,,,a,
ASN00092045,19701221,TMIN,134,,,a,
ASN00092045,19701222,TMIN,133,,,a,
ASN00092045,19701223,TMIN,128,,,a,
ASN00092045,19701224,TMIN,67,,,a,
ASN00092045,19701225,TMIN,103,,,a,
ASN00092045,19701226,TMIN,144,,,a,
ASN00092045,19701227,TMIN,111,,,a,
ASN00092045,19701228,TMIN,139,,,a,
ASN00092045,19701229,TMIN,117,,,a,
ASN00092045,19701230,TMIN,106,,,a,
ASN00092045,19701231,TMIN,111,,,a,
ASN00092045,19701201,PRCP,0,,,a,
ASN00092045,19701202,PRCP,0,,,a,
ASN00092045,19701203,PRCP,0,,,a,
ASN00092045,19701204,PRCP,0,,,a,
ASN00092045,19701205,PRCP,86,,,a,
ASN00092045,19701206,PRCP,5,,,a,
ASN00092045,19701207,PRCP,0,,,a,
ASN00092045,19701208,PRCP,0,,,a,
ASN00092045,19701209,PRCP,13,,,a,
ASN00092045,19701210,PRCP,399,,,a,
ASN00092045,19701211,PRCP,450,,,a,
ASN00092045,19701212,PRCP,178,,,a,
ASN00092045,19701213,PRCP,0,,,a,
ASN00092045,19701214,PRCP,0,,,a,
ASN00092045,19701215,PRCP,18,,,a,
ASN00092045,19701216,PRCP,0,,,a,
ASN00092045,19701217,PRCP,0,,,a,
ASN00092045,19701218,PRCP,0,,,a,
ASN00092045,19701219,PRCP,0,,,a,
ASN00092045,19701220,PRCP,0,,,a,
ASN00092045,19701221,PRCP,8,,,a,
ASN00092045,19701222,PRCP,0,,,a,
ASN00092045,19701223,PRCP,0,,,a,
ASN00092045,19701224,PRCP,0,,,a,
ASN00092045,19701225,PRCP,0,,,a,
ASN00092045,19701226,PRCP,0,,,a,
ASN00092045,19701227,PRCP,3,,,a,
ASN00092045,19701228,PRCP,150,,,a,
ASN00092045,19701229,PRCP,246,,,a,
ASN00092045,19701230,PRCP,84,,,a,
ASN00092045,19701231,PRCP,69,,,a,
ASN00092045,19710101,TMAX,172,,,a,
ASN00092045,19710102,TMAX,171,,,a,
ASN00092045,19710103,TMAX,167,,,a,
ASN00092045,19710104,TMAX,171,,,a,
ASN00092045,19710105,TMAX,189,,,a,
ASN00092045,19710106,TMAX,179,,,a,
ASN00092045,19710107,TMAX,179,,,a,
ASN00092045,19710108,TMAX,225,,,a,
ASN00092045,19710109,TMAX,233,,,a,
ASN00092045,19710110,TMAX,183,,,a,
ASN00092045,19710111,TMAX,192,,,a,
ASN00092045,19710112,TMAX,183,,,a,
ASN00092045,19710113,TMAX,178,,,a,
ASN00092045,19710114,TMAX,186,,,a,
ASN00092045,19710115,TMAX,194,,,a,
ASN00092045,19710116,TMAX,228,,,a,
ASN00092045,19710117,TMAX,214,,,a,
ASN00092045,19710118,TMAX,172,,,a,
ASN00092045,19710119,TMAX,192,,,a,
ASN00092045,19710120,TMAX,194,,,a,
ASN00092045,19710121,TMAX,206,,,a,
ASN00092045,19710122,TMAX,192,,,a,
ASN00092045,19710123,TMAX,200,,,a,
ASN00092045,19710124,TMAX,181,,,a,
ASN00092045,19710125,TMAX,206,,,a,
ASN00092045,19710126,TMAX,206,,,a,
ASN00092045,19710127,TMAX,211,,,a,
ASN00092045,19710128,TMAX,239,,,a,
ASN00092045,19710129,TMAX,172,,,a,
ASN00092045,19710130,TMAX,172,,,a,
ASN00092045,19710131,TMAX,175,,,a,
ASN00092045,19710101,TMIN,117,,,a,
ASN00092045,19710102,TMIN,133,,,a,
ASN00092045,19710103,TMIN,122,,,a,
ASN00092045,19710104,TMIN,133,,,a,
ASN00092045,19710105,TMIN,150,,,a,
ASN00092045,19710106,TMIN,139,,,a,
ASN00092045,19710107,TMIN,156,,,a,
ASN00092045,19710108,TMIN,149,,,a,
ASN00092045,19710109,TMIN,168,,,a,
ASN00092045,19710110,TMIN,133,,,a,
ASN00092045,19710111,TMIN,147,,,a,
ASN00092045,19710112,TMIN,150,,,a,
ASN00092045,19710113,TMIN,139,,,a,
ASN00092045,19710114,TMIN,144,,,a,
ASN00092045,19710115,TMIN,172,,,a,
ASN00092045,19710116,TMIN,172,,,a,
ASN00092045,19710117,TMIN,117,,,a,
ASN00092045,19710118,TMIN,144,,,a,
ASN00092045,19710119,TMIN,129,,,a,
ASN00092045,19710120,TMIN,133,,,a,
ASN00092045,19710121,TMIN,133,,,a,
ASN00092045,19710122,TMIN,152,,,a,
ASN00092045,19710123,TMIN,161,,,a,
ASN00092045,19710124,TMIN,156,,,a,
ASN00092045,19710125,TMIN,167,,,a,
ASN00092045,19710126,TMIN,172,,,a,
ASN00092045,19710127,TMIN,178,,,a,
ASN00092045,19710128,TMIN,167,,,a,
ASN00092045,19710129,TMIN,139,,,a,
ASN00092045,19710130,TMIN,144,,,a,
ASN00092045,19710131,TMIN,144,,,a,
ASN00092045,19710101,PRCP,94,,,a,
ASN00092045,19710102,PRCP,102,,,a,
ASN00092045,19710103,PRCP,13,,,a,
ASN00092045,19710104,PRCP,48,,,a,
ASN00092045,19710105,PRCP,0,,,a,
ASN00092045,19710106,PRCP,0,,,a,
ASN00092045,19710107,PRCP,0,,,a,
ASN00092045,19710108,PRCP,3,,,a,
ASN00092045,19710109,PRCP,0,,,a,
ASN00092045,19710110,PRCP,13,,,a,
ASN00092045,19710111,PRCP,0,,,a,
ASN00092045,19710112,PRCP,3,,,a,
ASN00092045,19710113,PRCP,0,,,a,
ASN00092045,19710114,PRCP,58,,,a,
ASN00092045,19710115,PRCP,0,,,a,
ASN00092045,19710116,PRCP,43,,,a,
ASN00092045,19710117,PRCP,0,,,a,
ASN00092045,19710118,PRCP,0,,,a,
ASN00092045,19710119,PRCP,43,,,a,
ASN00092045,19710120,PRCP,0,,,a,
ASN00092045,19710121,PRCP,0,,,a,
ASN00092045,19710122,PRCP,0,,,a,
ASN00092045,19710123,PRCP,0,,,a,
ASN00092045,19710124,PRCP,28,,,a,
ASN00092045,19710125,PRCP,142,,,a,
ASN00092045,19710126,PRCP,5,,,a,
ASN00092045,19710127,PRCP,5,,,a,
ASN00092045,19710128,PRCP,38,,,a,
ASN00092045,19710129,PRCP,41,,,a,
ASN00092045,19710130,PRCP,3,,,a,
ASN00092045,19710131,PRCP,3,,,a,
ASN00092045,19710201,TMAX,190,,,a,
ASN00092045,19710202,TMAX,217,,,a,
ASN00092045,19710203,TMAX,198,,,a,
ASN00092045,19710204,TMAX,181,,,a,
ASN00092045,19710205,TMAX,206,,,a,
ASN00092045,19710206,TMAX,200,,,a,
ASN00092045,19710207,TMAX,206,,,a,
ASN00092045,19710208,TMAX,211,,,a,
ASN00092045,19710209,TMAX,228,,,a,
ASN00092045,19710210,TMAX,200,,,a,
ASN00092045,19710211,TMAX,194,,,a,
ASN00092045,19710212,TMAX,194,,,a,
ASN00092045,19710213,TMAX,200,,,a,
ASN00092045,19710214,TMAX,206,,,a,
ASN00092045,19710215,TMAX,211,,,a,
ASN00092045,19710216,TMAX,211,,,a,
ASN00092045,19710217,TMAX,222,,,a,
ASN00092045,19710218,TMAX,217,,,a,
ASN00092045,19710219,TMAX,222,,,a,
ASN00092045,19710220,TMAX,233,,,a,
ASN00092045,19710221,TMAX,192,,,a,
ASN00092045,19710222,TMAX,206,,,a,
ASN00092045,19710223,TMAX,200,,,a,
ASN00092045,19710224,TMAX,183,,,a,
ASN00092045,19710225,TMAX,194,,,a,
ASN00092045,19710226,TMAX,222,,,a,
ASN00092045,19710227,TMAX,222,,,a,
ASN00092045,19710228,TMAX,222,,,a,
ASN00092045,19710201,TMIN,144,,,a,
ASN00092045,19710202,TMIN,153,,,a,
ASN00092045,19710203,TMIN,167,,,a,
ASN00092045,19710204,TMIN,153,,,a,
ASN00092045,19710205,TMIN,153,,,a,
ASN00092045,19710206,TMIN,161,,,a,
ASN00092045,19710207,TMIN,183,,,a,
ASN00092045,19710208,TMIN,194,,,a,
ASN00092045,19710209,TMIN,189,,,a,
ASN00092045,19710210,TMIN,133,,,a,
ASN00092045,19710211,TMIN,133,,,a,
ASN00092045,19710212,TMIN,150,,,a,
ASN00092045,19710213,TMIN,144,,,a,
ASN00092045,19710214,TMIN,106,,,a,
ASN00092045,19710215,TMIN,139,,,a,
ASN00092045,19710216,TMIN,186,,,a,
ASN00092045,19710217,TMIN,181,,,a,
ASN00092045,19710218,TMIN,189,,,a,
ASN00092045,19710219,TMIN,194,,,a,
ASN00092045,19710220,TMIN,194,,,a,
ASN00092045,19710221,TMIN,167,,,a,
ASN00092045,19710222,TMIN,164,,,a,
ASN00092045,19710223,TMIN,156,,,a,
ASN00092045,19710224,TMIN,139,,,a,
ASN00092045,19710225,TMIN,139,,,a,
ASN00092045,19710226,TMIN,150,,,a,
ASN00092045,19710227,TMIN,172,,,a,
ASN00092045,19710228,TMIN,178,,,a,
ASN00092045,19710201,PRCP,401,,,a,
ASN00092045,19710202,PRCP,33,,,a,
ASN00092045,19710203,PRCP,13,,,a,
ASN00092045,19710204,PRCP,76,,,a,
ASN00092045,19710205,PRCP,8,,,a,
ASN00092045,19710206,PRCP,23,,,a,
ASN00092045,19710207,PRCP,30,,,a,
ASN00092045,19710208,PRCP,8,,,a,
ASN00092045,19710209,PRCP,30,,,a,
ASN00092045,19710210,PRCP,48,,,a,
ASN00092045,19710211,PRCP,0,,,a,
ASN00092045,19710212,PRCP,0,,,a,
ASN00092045,19710213,PRCP,0,,,a,
ASN00092045,19710214,PRCP,0,,,a,
ASN00092045,19710215,PRCP,0,,,a,
ASN00092045,19710216,PRCP,0,,,a,
ASN00092045,19710217,PRCP,3,,,a,
ASN00092045,19710218,PRCP,20,,,a,
ASN00092045,19710219,PRCP,0,,,a,
ASN00092045,19710220,PRCP,0,,,a,
ASN00092045,19710221,PRCP,10,,,a,
ASN00092045,19710222,PRCP,0,,,a,
ASN00092045,19710223,PRCP,3,,,a,
ASN00092045,19710224,PRCP,0,,,a,
ASN00092045,19710225,PRCP,0,,,a,
ASN00092045,19710226,PRCP,0,,,a,
ASN00092045,19710227,PRCP,0,,,a,
ASN00092045,19710228,PRCP,5,,,a,
ASN00092045,19710301,TMAX,239,,,a,
ASN00092045,19710302,TMAX,183,,,a,
ASN00092045,19710303,TMAX,194,,,a,
ASN00092045,19710304,TMAX,206,,,a,
ASN00092045,19710305,TMAX,211,,,a,
ASN00092045,19710306,TMAX,211,,,a,
ASN00092045,19710307,TMAX,222,,,a,
ASN00092045,19710308,TMAX,228,,,a,
ASN00092045,19710309,TMAX,222,,,a,
ASN00092045,19710310,TMAX,228,,,a,
ASN00092045,19710311,TMAX,256,,,a,
ASN00092045,19710312,TMAX,194,,,a,
ASN00092045,19710313,TMAX,189,,,a,
ASN00092045,19710314,TMAX,211,,,a,
ASN00092045,19710315,TMAX,211,,,a,
ASN00092045,19710316,TMAX,222,,,a,
ASN00092045,19710317,TMAX,222,,,a,
ASN00092045,19710318,TMAX,222,,,a,
ASN00092045,19710319,TMAX,206,,,a,
ASN00092045,19710320,TMAX,217,,,a,
ASN00092045,19710321,TMAX,206,,,a,
ASN00092045,19710322,TMAX,227,,,a,
ASN00092045,19710323,TMAX,206,,,a,
ASN00092045,19710324,TMAX,194,,,a,
ASN00092045,19710325,TMAX,206,,,a,
ASN00092045,19710326,TMAX,203,,,a,
ASN00092045,19710327,TMAX,200,,,a,
ASN00092045,19710328,TMAX,211,,,a,
ASN00092045,19710329,TMAX,256,,,a,
ASN00092045,19710330,TMAX,268,,,a,
ASN00092045,19710331,TMAX,183,,,a,
ASN00092045,19710301,TMIN,183,,,a,
ASN00092045,19710302,TMIN,156,,,a,
ASN00092045,19710303,TMIN,133,,,a,
ASN00092045,19710304,TMIN,156,,,a,
ASN00092045,19710305,TMIN,172,,,a,
ASN00092045,19710306,TMIN,178,,,a,
ASN00092045,19710307,TMIN,178,,,a,
ASN00092045,19710308,TMIN,183,,,a,
ASN00092045,19710309,TMIN,189,,,a,
ASN00092045,19710310,TMIN,183,,,a,
ASN00092045,19710311,TMIN,167,,,a,
ASN00092045,19710312,TMIN,167,,,a,
ASN00092045,19710313,TMIN,161,,,a,
ASN00092045,19710314,TMIN,144,,,a,
ASN00092045,19710315,TMIN,144,,,a,
ASN00092045,19710316,TMIN,133,,,a,
ASN00092045,19710317,TMIN,144,,,a,
ASN00092045,19710318,TMIN,150,,,a,
ASN00092045,19710319,TMIN,139,,,a,
ASN00092045,19710320,TMIN,156,,,a,
ASN00092045,19710321,TMIN,128,,,a,
ASN00092045,19710322,TMIN,144,,,a,
ASN00092045,19710323,TMIN,156,,,a,
ASN00092045,19710324,TMIN,144,,,a,
ASN00092045,19710325,TMIN,158,,,a,
ASN00092045,19710326,TMIN,150,,,a,
ASN00092045,19710327,TMIN,133,,,a,
ASN00092045,19710328,TMIN,161,,,a,
ASN00092045,19710329,TMIN,183,,,a,
ASN00092045,19710330,TMIN,167,,,a,
ASN00092045,19710331,TMIN,161,,,a,
ASN00092045,19710301,PRCP,0,,,a,
ASN00092045,19710302,PRCP,46,,,a,
ASN00092045,19710303,PRCP,0,,,a,
ASN00092045,19710304,PRCP,0,,,a,
ASN00092045,19710305,PRCP,0,,,a,
ASN00092045,19710306,PRCP,0,,,a,
ASN00092045,19710307,PRCP,0,,,a,
ASN00092045,19710308,PRCP,0,,,a,
ASN00092045,19710309,PRCP,3,,,a,
ASN00092045,19710310,PRCP,8,,,a,
ASN00092045,19710311,PRCP,0,,,a,
ASN00092045,19710312,PRCP,15,,,a,
ASN00092045,19710313,PRCP,38,,,a,
ASN00092045,19710314,PRCP,69,,,a,
ASN00092045,19710315,PRCP,132,,,a,
ASN00092045,19710316,PRCP,3,,,a,
ASN00092045,19710317,PRCP,0,,,a,
ASN00092045,19710318,PRCP,0,,,a,
ASN00092045,19710319,PRCP,0,,,a,
ASN00092045,19710320,PRCP,0,,,a,
ASN00092045,19710321,PRCP,0,,,a,
ASN00092045,19710322,PRCP,0,,,a,
ASN00092045,19710323,PRCP,0,,,a,
ASN00092045,19710324,PRCP,5,,,a,
ASN00092045,19710325,PRCP,0,,,a,
ASN00092045,19710326,PRCP,74,,,a,
ASN00092045,19710327,PRCP,0,,,a,
ASN00092045,19710328,PRCP,0,,,a,
ASN00092045,19710329,PRCP,0,,,a,
ASN00092045,19710330,PRCP,0,,,a,
ASN00092045,19710331,PRCP,0,,,a,
ASN00092045,19710401,TMAX,189,,,a,
ASN00092045,19710402,TMAX,200,,,a,
ASN00092045,19710403,TMAX,242,,,a,
ASN00092045,19710404,TMAX,178,,,a,
ASN00092045,19710405,TMAX,200,,,a,
ASN00092045,19710406,TMAX,200,,,a,
ASN00092045,19710407,TMAX,211,,,a,
ASN00092045,19710408,TMAX,228,,,a,
ASN00092045,19710409,TMAX,200,,,a,
ASN00092045,19710410,TMAX,206,,,a,
ASN00092045,19710411,TMAX,222,,,a,
ASN00092045,19710412,TMAX,161,,,a,
ASN00092045,19710413,TMAX,178,,,a,
ASN00092045,19710414,TMAX,172,,,a,
ASN00092045,19710415,TMAX,178,,,a,
ASN00092045,19710416,TMAX,189,,,a,
ASN00092045,19710417,TMAX,181,,,a,
ASN00092045,19710418,TMAX,172,,,a,
ASN00092045,19710419,TMAX,161,,,a,
ASN00092045,19710420,TMAX,156,,,a,
ASN00092045,19710421,TMAX,150,,,a,
ASN00092045,19710422,TMAX,178,,,a,
ASN00092045,19710423,TMAX,183,,,a,
ASN00092045,19710424,TMAX,189,,,a,
ASN00092045,19710425,TMAX,183,,,a,
ASN00092045,19710426,TMAX,183,,,a,
ASN00092045,19710427,TMAX,167,,,a,
ASN00092045,19710428,TMAX,167,,,a,
ASN00092045,19710429,TMAX,172,,,a,
ASN00092045,19710430,TMAX,167,,,a,
ASN00092045,19710401,TMIN,144,,,a,
ASN00092045,19710402,TMIN,133,,,a,
ASN00092045,19710403,TMIN,133,,,a,
ASN00092045,19710404,TMIN,150,,,a,
ASN00092045,19710405,TMIN,144,,,a,
ASN00092045,19710406,TMIN,122,,,a,
ASN00092045,19710407,TMIN,138,,,a,
ASN00092045,19710408,TMIN,161,,,a,
ASN00092045,19710409,TMIN,150,,,a,
ASN00092045,19710410,TMIN,133,,,a,
ASN00092045,19710411,TMIN,139,,,a,
ASN00092045,19710412,TMIN,133,,,a,
ASN00092045,19710413,TMIN,128,,,a,
ASN00092045,19710414,TMIN,133,,,a,
ASN00092045,19710415,TMIN,139,,,a,
ASN00092045,19710416,TMIN,150,,,a,
ASN00092045,19710417,TMIN,167,,,a,
ASN00092045,19710418,TMIN,146,,,a,
ASN00092045,19710419,TMIN,111,,,a,
ASN00092045,19710420,TMIN,67,,,a,
ASN00092045,19710421,TMIN,106,,,a,
ASN00092045,19710422,TMIN,72,,,a,
ASN00092045,19710423,TMIN,133,,,a,
ASN00092045,19710424,TMIN,139,,,a,
ASN00092045,19710425,TMIN,125,,,a,
ASN00092045,19710426,TMIN,156,,,a,
ASN00092045,19710427,TMIN,111,,,a,
ASN00092045,19710428,TMIN,128,,,a,
ASN00092045,19710429,TMIN,111,,,a,
ASN00092045,19710430,TMIN,100,,,a,
ASN00092045,19710401,PRCP,0,,,a,
ASN00092045,19710402,PRCP,0,,,a,
ASN00092045,19710403,PRCP,0,,,a,
ASN00092045,19710404,PRCP,0,,,a,
ASN00092045,19710405,PRCP,0,,,a,
ASN00092045,19710406,PRCP,0,,,a,
ASN00092045,19710407,PRCP,0,,,a,
ASN00092045,19710408,PRCP,0,,,a,
ASN00092045,19710409,PRCP,0,,,a,
ASN00092045,19710410,PRCP,20,,,a,
ASN00092045,19710411,PRCP,0,,,a,
ASN00092045,19710412,PRCP,8,,,a,
ASN00092045,19710413,PRCP,15,,,a,
ASN00092045,19710414,PRCP,0,,,a,
ASN00092045,19710415,PRCP,0,,,a,
ASN00092045,19710416,PRCP,25,,,a,
ASN00092045,19710417,PRCP,0,,,a,
ASN00092045,19710418,PRCP,64,,,a,
ASN00092045,19710419,PRCP,99,,,a,
ASN00092045,19710420,PRCP,69,,,a,
ASN00092045,19710421,PRCP,91,,,a,
ASN00092045,19710422,PRCP,193,,,a,
ASN00092045,19710423,PRCP,3,,,a,
ASN00092045,19710424,PRCP,0,,,a,
ASN00092045,19710425,PRCP,3,,,a,
ASN00092045,19710426,PRCP,0,,,a,
ASN00092045,19710427,PRCP,201,,,a,
ASN00092045,19710428,PRCP,33,,,a,
ASN00092045,19710429,PRCP,135,,,a,
ASN00092045,19710430,PRCP,10,,,a,
ASN00092045,19710501,TMAX,164,,,a,
ASN00092045,19710502,TMAX,161,,,a,
ASN00092045,19710503,TMAX,144,,,a,
ASN00092045,19710504,TMAX,139,,,a,
ASN00092045,19710505,TMAX,161,,,a,
ASN00092045,19710506,TMAX,150,,,a,
ASN00092045,19710507,TMAX,164,,,a,
ASN00092045,19710508,TMAX,164,,,a,
ASN00092045,19710509,TMAX,156,,,a,
ASN00092045,19710510,TMAX,156,,,a,
ASN00092045,19710511,TMAX,144,,,a,
ASN00092045,19710512,TMAX,167,,,a,
ASN00092045,19710513,TMAX,139,,,a,
ASN00092045,19710514,TMAX,139,,,a,
ASN00092045,19710515,TMAX,158,,,a,
ASN00092045,19710516,TMAX,153,,,a,
ASN00092045,19710517,TMAX,161,,,a,
ASN00092045,19710518,TMAX,161,,,a,
ASN00092045,19710519,TMAX,161,,,a,
ASN00092045,19710520,TMAX,156,,,a,
ASN00092045,19710521,TMAX,161,,,a,
ASN00092045,19710522,TMAX,167,,,a,
ASN00092045,19710523,TMAX,150,,,a,
ASN00092045,19710524,TMAX,161,,,a,
ASN00092045,19710525,TMAX,156,,,a,
ASN00092045,19710526,TMAX,156,,,a,
ASN00092045,19710527,TMAX,161,,,a,
ASN00092045,19710528,TMAX,144,,,a,
ASN00092045,19710529,TMAX,142,,,a,
ASN00092045,19710530,TMAX,144,,,a,
ASN00092045,19710531,TMAX,139,,,a,
ASN00092045,19710501,TMIN,100,,,a,
ASN00092045,19710502,TMIN,92,,,a,
ASN00092045,19710503,TMIN,100,,,a,
ASN00092045,19710504,TMIN,94,,,a,
ASN00092045,19710505,TMIN,78,,,a,
ASN00092045,19710506,TMIN,67,,,a,
ASN00092045,19710507,TMIN,94,,,a,
ASN00092045,19710508,TMIN,84,,,a,
ASN00092045,19710509,TMIN,106,,,a,
ASN00092045,19710510,TMIN,89,,,a,
ASN00092045,19710511,TMIN,83,,,a,
ASN00092045,19710512,TMIN,94,,,a,
ASN00092045,19710513,TMIN,89,,,a,
ASN00092045,19710514,TMIN,67,,,a,
ASN00092045,19710515,TMIN,83,,,a,
ASN00092045,19710516,TMIN,72,,,a,
ASN00092045,19710517,TMIN,106,,,a,
ASN00092045,19710518,TMIN,106,,,a,
ASN00092045,19710519,TMIN,100,,,a,
ASN00092045,19710520,TMIN,100,,,a,
ASN00092045,19710521,TMIN,111,,,a,
ASN00092045,19710522,TMIN,122,,,a,
ASN00092045,19710523,TMIN,128,,,a,
ASN00092045,19710524,TMIN,111,,,a,
ASN00092045,19710525,TMIN,100,,,a,
ASN00092045,19710526,TMIN,117,,,a,
ASN00092045,19710527,TMIN,122,,,a,
ASN00092045,19710528,TMIN,122,,,a,
ASN00092045,19710529,TMIN,106,,,a,
ASN00092045,19710530,TMIN,111,,,a,
ASN00092045,19710531,TMIN,106,,,a,
ASN00092045,19710501,PRCP,58,,,a,
ASN00092045,19710502,PRCP,69,,,a,
ASN00092045,19710503,PRCP,196,,,a,
ASN00092045,19710504,PRCP,66,,,a,
ASN00092045,19710505,PRCP,0,,,a,
ASN00092045,19710506,PRCP,10,,,a,
ASN00092045,19710507,PRCP,18,,,a,
ASN00092045,19710508,PRCP,23,,,a,
ASN00092045,19710509,PRCP,48,,,a,
ASN00092045,19710510,PRCP,97,,,a,
ASN00092045,19710511,PRCP,0,,,a,
ASN00092045,19710512,PRCP,0,,,a,
ASN00092045,19710513,PRCP,0,,,a,
ASN00092045,19710514,PRCP,0,,,a,
ASN00092045,19710515,PRCP,0,,,a,
ASN00092045,19710516,PRCP,3,,,a,
ASN00092045,19710517,PRCP,3,,,a,
ASN00092045,19710518,PRCP,3,,,a,
ASN00092045,19710519,PRCP,5,,,a,
ASN00092045,19710520,PRCP,5,,,a,
ASN00092045,19710521,PRCP,0,,,a,
ASN00092045,19710522,PRCP,5,,,a,
ASN00092045,19710523,PRCP,74,,,a,
ASN00092045,19710524,PRCP,135,,,a,
ASN00092045,19710525,PRCP,0,,,a,
ASN00092045,19710526,PRCP,5,,,a,
ASN00092045,19710527,PRCP,0,,,a,
ASN00092045,19710528,PRCP,79,,,a,
ASN00092045,19710529,PRCP,142,,,a,
ASN00092045,19710530,PRCP,23,,,a,
ASN00092045,19710531,PRCP,211,,,a,
ASN00092045,19710601,TMAX,133,,,a,
ASN00092045,19710602,TMAX,128,,,a,
ASN00092045,19710603,TMAX,133,,,a,
ASN00092045,19710604,TMAX,153,,,a,
ASN00092045,19710605,TMAX,156,,,a,
ASN00092045,19710606,TMAX,117,,,a,
ASN00092045,19710607,TMAX,128,,,a,
ASN00092045,19710608,TMAX,139,,,a,
ASN00092045,19710609,TMAX,133,,,a,
ASN00092045,19710610,TMAX,142,,,a,
ASN00092045,19710611,TMAX,144,,,a,
ASN00092045,19710612,TMAX,144,,,a,
ASN00092045,19710613,TMAX,139,,,a,
ASN00092045,19710614,TMAX,133,,,a,
ASN00092045,19710615,TMAX,150,,,a,
ASN00092045,19710616,TMAX,139,,,a,
ASN00092045,19710617,TMAX,139,,,a,
ASN00092045,19710618,TMAX,133,,,a,
ASN00092045,19710619,TMAX,139,,,a,
ASN00092045,19710620,TMAX,133,,,a,
ASN00092045,19710621,TMAX,139,,,a,
ASN00092045,19710622,TMAX,122,,,a,
ASN00092045,19710623,TMAX,128,,,a,
ASN00092045,19710624,TMAX,111,,,a,
ASN00092045,19710625,TMAX,122,,,a,
ASN00092045,19710626,TMAX,125,,,a,
ASN00092045,19710627,TMAX,122,,,a,
ASN00092045,19710628,TMAX,139,,,a,
ASN00092045,19710629,TMAX,100,,,a,
ASN00092045,19710630,TMAX,100,,,a,
ASN00092045,19710601,TMIN,103,,,a,
ASN00092045,19710602,TMIN,90,,,a,
ASN00092045,19710603,TMIN,67,,,a,
ASN00092045,19710604,TMIN,72,,,a,
ASN00092045,19710605,TMIN,100,,,a,
ASN00092045,19710606,TMIN,89,,,a,
ASN00092045,19710607,TMIN,67,,,a,
ASN00092045,19710608,TMIN,83,,,a,
ASN00092045,19710609,TMIN,89,,,a,
ASN00092045,19710610,TMIN,78,,,a,
ASN00092045,19710611,TMIN,72,,,a,
ASN00092045,19710612,TMIN,106,,,a,
ASN00092045,19710613,TMIN,83,,,a,
ASN00092045,19710614,TMIN,72,,,a,
ASN00092045,19710615,TMIN,50,,,a,
ASN00092045,19710616,TMIN,72,,,a,
ASN00092045,19710617,TMIN,69,,,a,
ASN00092045,19710618,TMIN,64,,,a,
ASN00092045,19710619,TMIN,94,,,a,
ASN00092045,19710620,TMIN,50,,,a,
ASN00092045,19710621,TMIN,83,,,a,
ASN00092045,19710622,TMIN,61,,,a,
ASN00092045,19710623,TMIN,83,,,a,
ASN00092045,19710624,TMIN,67,,,a,
ASN00092045,19710625,TMIN,33,,,a,
ASN00092045,19710626,TMIN,67,,,a,
ASN00092045,19710627,TMIN,57,,,a,
ASN00092045,19710628,TMIN,72,,,a,
ASN00092045,19710629,TMIN,61,,,a,
ASN00092045,19710630,TMIN,39,,,a,
ASN00092045,19710601,PRCP,429,,,a,
ASN00092045,19710602,PRCP,122,,,a,
ASN00092045,19710603,PRCP,23,,,a,
ASN00092045,19710604,PRCP,0,,,a,
ASN00092045,19710605,PRCP,5,,,a,
ASN00092045,19710606,PRCP,0,,,a,
ASN00092045,19710607,PRCP,0,,,a,
ASN00092045,19710608,PRCP,25,,,a,
ASN00092045,19710609,PRCP,61,,,a,
ASN00092045,19710610,PRCP,43,,,a,
ASN00092045,19710611,PRCP,0,,,a,
ASN00092045,19710612,PRCP,0,,,a,
ASN00092045,19710613,PRCP,25,,,a,
ASN00092045,19710614,PRCP,3,,,a,
ASN00092045,19710615,PRCP,0,,,a,
ASN00092045,19710616,PRCP,0,,,a,
ASN00092045,19710617,PRCP,0,,,a,
ASN00092045,19710618,PRCP,0,,,a,
ASN00092045,19710619,PRCP,15,,,a,
ASN00092045,19710620,PRCP,18,,,a,
ASN00092045,19710621,PRCP,25,,,a,
ASN00092045,19710622,PRCP,51,,,a,
ASN00092045,19710623,PRCP,84,,,a,
ASN00092045,19710624,PRCP,102,,,a,
ASN00092045,19710625,PRCP,8,,,a,
ASN00092045,19710626,PRCP,56,,,a,
ASN00092045,19710627,PRCP,66,,,a,
ASN00092045,19710628,PRCP,0,,,a,
ASN00092045,19710629,PRCP,43,,,a,
ASN00092045,19710630,PRCP,18,,,a,
ASN00092045,19710701,TMAX,117,,,a,
ASN00092045,19710702,TMAX,122,,,a,
ASN00092045,19710703,TMAX,122,,,a,
ASN00092045,19710704,TMAX,128,,,a,
ASN00092045,19710705,TMAX,133,,,a,
ASN00092045,19710706,TMAX,144,,,a,
ASN00092045,19710707,TMAX,139,,,a,
ASN00092045,19710708,TMAX,122,,,a,
ASN00092045,19710709,TMAX,133,,,a,
ASN00092045,19710710,TMAX,122,,,a,
ASN00092045,19710711,TMAX,139,,,a,
ASN00092045,19710712,TMAX,122,,,a,
ASN00092045,19710713,TMAX,133,,,a,
ASN00092045,19710714,TMAX,144,,,a,
ASN00092045,19710715,TMAX,140,,,a,
ASN00092045,19710716,TMAX,133,,,a,
ASN00092045,19710717,TMAX,131,,,a,
ASN00092045,19710718,TMAX,139,,,a,
ASN00092045,19710719,TMAX,150,,,a,
ASN00092045,19710720,TMAX,151,,,a,
ASN00092045,19710721,TMAX,156,,,a,
ASN00092045,19710722,TMAX,133,,,a,
ASN00092045,19710723,TMAX,122,,,a,
ASN00092045,19710724,TMAX,133,,,a,
ASN00092045,19710725,TMAX,124,,,a,
ASN00092045,19710726,TMAX,122,,,a,
ASN00092045,19710727,TMAX,131,,,a,
ASN00092045,19710728,TMAX,117,,,a,
ASN00092045,19710729,TMAX,128,,,a,
ASN00092045,19710730,TMAX,128,,,a,
ASN00092045,19710731,TMAX,128,,,a,
ASN00092045,19710701,TMIN,33,,,a,
ASN00092045,19710702,TMIN,44,,,a,
ASN00092045,19710703,TMIN,78,,,a,
ASN00092045,19710704,TMIN,33,,,a,
ASN00092045,19710705,TMIN,67,,,a,
ASN00092045,19710706,TMIN,56,,,a,
ASN00092045,19710707,TMIN,67,,,a,
ASN00092045,19710708,TMIN,39,,,a,
ASN00092045,19710709,TMIN,67,,,a,
ASN00092045,19710710,TMIN,33,,,a,
ASN00092045,19710711,TMIN,33,,,a,
ASN00092045,19710712,TMIN,56,,,a,
ASN00092045,19710713,TMIN,56,,,a,
ASN00092045,19710714,TMIN,83,,,a,
ASN00092045,19710715,TMIN,100,,,a,
ASN00092045,19710716,TMIN,89,,,a,
ASN00092045,19710717,TMIN,117,,,a,
ASN00092045,19710718,TMIN,61,,,a,
ASN00092045,19710719,TMIN,83,,,a,
ASN00092045,19710720,TMIN,61,,,a,
ASN00092045,19710721,TMIN,50,,,a,
ASN00092045,19710722,TMIN,61,,,a,
ASN00092045,19710723,TMIN,67,,,a,
ASN00092045,19710724,TMIN,56,,,a,
ASN00092045,19710725,TMIN,64,,,a,
ASN00092045,19710726,TMIN,67,,,a,
ASN00092045,19710727,TMIN,89,,,a,
ASN00092045,19710728,TMIN,22,,,a,
ASN00092045,19710729,TMIN,61,,,a,
ASN00092045,19710730,TMIN,61,,,a,
ASN00092045,19710731,TMIN,67,,,a,
ASN00092045,19710701,PRCP,0,,,a,
ASN00092045,19710702,PRCP,0,,,a,
ASN00092045,19710703,PRCP,23,,,a,
ASN00092045,19710704,PRCP,0,,,a,
ASN00092045,19710705,PRCP,0,,,a,
ASN00092045,19710706,PRCP,0,,,a,
ASN00092045,19710707,PRCP,5,,,a,
ASN00092045,19710708,PRCP,30,,,a,
ASN00092045,19710709,PRCP,0,,,a,
ASN00092045,19710710,PRCP,0,,,a,
ASN00092045,19710711,PRCP,0,,,a,
ASN00092045,19710712,PRCP,0,,,a,
ASN00092045,19710713,PRCP,0,,,a,
ASN00092045,19710714,PRCP,0,,,a,
ASN00092045,19710715,PRCP,66,,,a,
ASN00092045,19710716,PRCP,5,,,a,
ASN00092045,19710717,PRCP,3,,,a,
ASN00092045,19710718,PRCP,0,,,a,
ASN00092045,19710719,PRCP,0,,,a,
ASN00092045,19710720,PRCP,0,,,a,
ASN00092045,19710721,PRCP,3,,,a,
ASN00092045,19710722,PRCP,0,,,a,
ASN00092045,19710723,PRCP,3,,,a,
ASN00092045,19710724,PRCP,0,,,a,
ASN00092045,19710725,PRCP,0,,,a,
ASN00092045,19710726,PRCP,0,,,a,
ASN00092045,19710727,PRCP,61,,,a,
ASN00092045,19710728,PRCP,30,,,a,
ASN00092045,19710729,PRCP,30,,,a,
ASN00092045,19710730,PRCP,8,,,a,
ASN00092045,19710731,PRCP,3,,,a,
ASN00092045,19710801,TMAX,147,,,a,
ASN00092045,19710802,TMAX,150,,,a,
ASN00092045,19710803,TMAX,136,,,a,
ASN00092045,19710804,TMAX,128,,,a,
ASN00092045,19710805,TMAX,139,,,a,
ASN00092045,19710806,TMAX,139,,,a,
ASN00092045,19710807,TMAX,139,,,a,
ASN00092045,19710808,TMAX,119,,,a,
ASN00092045,19710809,TMAX,139,,,a,
ASN00092045,19710810,TMAX,139,,,a,
ASN00092045,19710811,TMAX,92,,,a,
ASN00092045,19710812,TMAX,114,,,a,
ASN00092045,19710813,TMAX,128,,,a,
ASN00092045,19710814,TMAX,133,,,a,
ASN00092045,19710815,TMAX,106,,,a,
ASN00092045,19710816,TMAX,100,,,a,
ASN00092045,19710817,TMAX,117,,,a,
ASN00092045,19710818,TMAX,111,,,a,
ASN00092045,19710819,TMAX,136,,,a,
ASN00092045,19710820,TMAX,139,,,a,
ASN00092045,19710821,TMAX,144,,,a,
ASN00092045,19710822,TMAX,133,,,a,
ASN00092045,19710823,TMAX,128,,,a,
ASN00092045,19710824,TMAX,122,,,a,
ASN00092045,19710825,TMAX,81,,,a,
ASN00092045,19710826,TMAX,117,,,a,
ASN00092045,19710827,TMAX,124,,,a,
ASN00092045,19710828,TMAX,117,,,a,
ASN00092045,19710829,TMAX,144,,,a,
ASN00092045,19710830,TMAX,111,,,a,
ASN00092045,19710831,TMAX,111,,,a,
ASN00092045,19710801,TMIN,61,,,a,
ASN00092045,19710802,TMIN,83,,,a,
ASN00092045,19710803,TMIN,100,,,a,
ASN00092045,19710804,TMIN,39,,,a,
ASN00092045,19710805,TMIN,67,,,a,
ASN00092045,19710806,TMIN,78,,,a,
ASN00092045,19710807,TMIN,72,,,a,
ASN00092045,19710808,TMIN,78,,,a,
ASN00092045,19710809,TMIN,89,,,a,
ASN00092045,19710810,TMIN,111,,,a,
ASN00092045,19710811,TMIN,61,,,a,
ASN00092045,19710812,TMIN,50,,,a,
ASN00092045,19710813,TMIN,56,,,a,
ASN00092045,19710814,TMIN,33,,,a,
ASN00092045,19710815,TMIN,33,,,a,
ASN00092045,19710816,TMIN,44,,,a,
ASN00092045,19710817,TMIN,50,,,a,
ASN00092045,19710818,TMIN,78,,,a,
ASN00092045,19710819,TMIN,78,,,a,
ASN00092045,19710820,TMIN,106,,,a,
ASN00092045,19710821,TMIN,61,,,a,
ASN00092045,19710822,TMIN,106,,,a,
ASN00092045,19710823,TMIN,111,,,a,
ASN00092045,19710824,TMIN,94,,,a,
ASN00092045,19710825,TMIN,44,,,a,
ASN00092045,19710826,TMIN,50,,,a,
ASN00092045,19710827,TMIN,36,,,a,
ASN00092045,19710828,TMIN,56,,,a,
ASN00092045,19710829,TMIN,72,,,a,
ASN00092045,19710830,TMIN,50,,,a,
ASN00092045,19710831,TMIN,28,,,a,
ASN00092045,19710801,PRCP,36,,,a,
ASN00092045,19710802,PRCP,10,,,a,
ASN00092045,19710803,PRCP,18,,,a,
ASN00092045,19710804,PRCP,0,,,a,
ASN00092045,19710805,PRCP,0,,,a,
ASN00092045,19710806,PRCP,5,,,a,
ASN00092045,19710807,PRCP,3,,,a,
ASN00092045,19710808,PRCP,61,,,a,
ASN00092045,19710809,PRCP,0,,,a,
ASN00092045,19710810,PRCP,0,,,a,
ASN00092045,19710811,PRCP,58,,,a,
ASN00092045,19710812,PRCP,69,,,a,
ASN00092045,19710813,PRCP,3,,,a,
ASN00092045,19710814,PRCP,0,,,a,
ASN00092045,19710815,PRCP,25,,,a,
ASN00092045,19710816,PRCP,20,,,a,
ASN00092045,19710817,PRCP,3,,,a,
ASN00092045,19710818,PRCP,30,,,a,
ASN00092045,19710819,PRCP,51,,,a,
ASN00092045,19710820,PRCP,41,,,a,
ASN00092045,19710821,PRCP,0,,,a,
ASN00092045,19710822,PRCP,15,,,a,
ASN00092045,19710823,PRCP,508,,,a,
ASN00092045,19710824,PRCP,305,,,a,
ASN00092045,19710825,PRCP,206,,,a,
ASN00092045,19710826,PRCP,91,,,a,
ASN00092045,19710827,PRCP,0,,,a,
ASN00092045,19710828,PRCP,13,,,a,
ASN00092045,19710829,PRCP,0,,,a,
ASN00092045,19710830,PRCP,0,,,a,
ASN00092045,19710831,PRCP,0,,,a,
ASN00092045,19710901,TMAX,150,,,a,
ASN00092045,19710902,TMAX,150,,,a,
ASN00092045,19710903,TMAX,128,,,a,
ASN00092045,19710904,TMAX,153,,,a,
ASN00092045,19710905,TMAX,150,,,a,
ASN00092045,19710906,TMAX,139,,,a,
ASN00092045,19710907,TMAX,131,,,a,
ASN00092045,19710908,TMAX,153,,,a,
ASN00092045,19710909,TMAX,167,,,a,
ASN00092045,19710910,TMAX,128,,,a,
ASN00092045,19710911,TMAX,139,,,a,
ASN00092045,19710912,TMAX,122,,,a,
ASN00092045,19710913,TMAX,150,,,a,
ASN00092045,19710914,TMAX,131,,,a,
ASN00092045,19710915,TMAX,111,,,a,
ASN00092045,19710916,TMAX,114,,,a,
ASN00092045,19710917,TMAX,122,,,a,
ASN00092045,19710918,TMAX,133,,,a,
ASN00092045,19710919,TMAX,156,,,a,
ASN00092045,19710920,TMAX,156,,,a,
ASN00092045,19710921,TMAX,139,,,a,
ASN00092045,19710922,TMAX,144,,,a,
ASN00092045,19710923,TMAX,158,,,a,
ASN00092045,19710924,TMAX,142,,,a,
ASN00092045,19710925,TMAX,133,,,a,
ASN00092045,19710926,TMAX,144,,,a,
ASN00092045,19710927,TMAX,139,,,a,
ASN00092045,19710928,TMAX,133,,,a,
ASN00092045,19710929,TMAX,161,,,a,
ASN00092045,19710930,TMAX,156,,,a,
ASN00092045,19710901,TMIN,28,,,a,
ASN00092045,19710902,TMIN,56,,,a,
ASN00092045,19710903,TMIN,56,,,a,
ASN00092045,19710904,TMIN,72,,,a,
ASN00092045,19710905,TMIN,61,,,a,
ASN00092045,19710906,TMIN,78,,,a,
ASN00092045,19710907,TMIN,92,,,a,
ASN00092045,19710908,TMIN,97,,,a,
ASN00092045,19710909,TMIN,117,,,a,
ASN00092045,19710910,TMIN,57,,,a,
ASN00092045,19710911,TMIN,28,,,a,
ASN00092045,19710912,TMIN,28,,,a,
ASN00092045,19710913,TMIN,78,,,a,
ASN00092045,19710914,TMIN,72,,,a,
ASN00092045,19710915,TMIN,94,,,a,
ASN00092045,19710916,TMIN,78,,,a,
ASN00092045,19710917,TMIN,53,,,a,
ASN00092045,19710918,TMIN,72,,,a,
ASN00092045,19710919,TMIN,106,,,a,
ASN00092045,19710920,TMIN,100,,,a,
ASN00092045,19710921,TMIN,89,,,a,
ASN00092045,19710922,TMIN,83,,,a,
ASN00092045,19710923,TMIN,89,,,a,
ASN00092045,19710924,TMIN,94,,,a,
ASN00092045,19710925,TMIN,39,,,a,
ASN00092045,19710926,TMIN,94,,,a,
ASN00092045,19710927,TMIN,83,,,a,
ASN00092045,19710928,TMIN,67,,,a,
ASN00092045,19710929,TMIN,107,,,a,
ASN00092045,19710930,TMIN,78,,,a,
ASN00092045,19710901,PRCP,5,,,a,
ASN00092045,19710902,PRCP,0,,,a,
ASN00092045,19710903,PRCP,0,,,a,
ASN00092045,19710904,PRCP,3,,,a,
ASN00092045,19710905,PRCP,0,,,a,
ASN00092045,19710906,PRCP,0,,,a,
ASN00092045,19710907,PRCP,0,,,a,
ASN00092045,19710908,PRCP,0,,,a,
ASN00092045,19710909,PRCP,0,,,a,
ASN00092045,19710910,PRCP,3,,,a,
ASN00092045,19710911,PRCP,46,,,a,
ASN00092045,19710912,PRCP,25,,,a,
ASN00092045,19710913,PRCP,0,,,a,
ASN00092045,19710914,PRCP,0,,,a,
ASN00092045,19710915,PRCP,97,,,a,
ASN00092045,19710916,PRCP,43,,,a,
ASN00092045,19710917,PRCP,0,,,a,
ASN00092045,19710918,PRCP,30,,,a,
ASN00092045,19710919,PRCP,89,,,a,
ASN00092045,19710920,PRCP,41,,,a,
ASN00092045,19710921,PRCP,3,,,a,
ASN00092045,19710922,PRCP,28,,,a,
ASN00092045,19710923,PRCP,30,,,a,
ASN00092045,19710924,PRCP,69,,,a,
ASN00092045,19710925,PRCP,0,,,a,
ASN00092045,19710926,PRCP,140,,,a,
ASN00092045,19710927,PRCP,18,,,a,
ASN00092045,19710928,PRCP,0,,,a,
ASN00092045,19710929,PRCP,13,,,a,
ASN00092045,19710930,PRCP,5,,,a,
ASN00092045,19711001,TMAX,139,,,a,
ASN00092045,19711002,TMAX,128,,,a,
ASN00092045,19711003,TMAX,122,,,a,
ASN00092045,19711004,TMAX,139,,,a,
ASN00092045,19711005,TMAX,146,,,a,
ASN00092045,19711006,TMAX,175,,,a,
ASN00092045,19711007,TMAX,144,,,a,
ASN00092045,19711008,TMAX,150,,,a,
ASN00092045,19711009,TMAX,128,,,a,
ASN00092045,19711010,TMAX,156,,,a,
ASN00092045,19711011,TMAX,175,,,a,
ASN00092045,19711012,TMAX,153,,,a,
ASN00092045,19711013,TMAX,147,,,a,
ASN00092045,19711014,TMAX,172,,,a,
ASN00092045,19711015,TMAX,144,,,a,
ASN00092045,19711016,TMAX,142,,,a,
ASN00092045,19711017,TMAX,157,,,a,
ASN00092045,19711018,TMAX,144,,,a,
ASN00092045,19711019,TMAX,133,,,a,
ASN00092045,19711020,TMAX,144,,,a,
ASN00092045,19711021,TMAX,139,,,a,
ASN00092045,19711022,TMAX,144,,,a,
ASN00092045,19711023,TMAX,184,,,a,
ASN00092045,19711024,TMAX,173,,,a,
ASN00092045,19711025,TMAX,144,,,a,
ASN00092045,19711026,TMAX,144,,,a,
ASN00092045,19711027,TMAX,153,,,a,
ASN00092045,19711028,TMAX,175,,,a,
ASN00092045,19711029,TMAX,158,,,a,
ASN00092045,19711030,TMAX,184,,,a,
ASN00092045,19711031,TMAX,181,,,a,
ASN00092045,19711001,TMIN,94,,,a,
ASN00092045,19711002,TMIN,89,,,a,
ASN00092045,19711003,TMIN,78,,,a,
ASN00092045,19711004,TMIN,78,,,a,
ASN00092045,19711005,TMIN,72,,,a,
ASN00092045,19711006,TMIN,94,,,a,
ASN00092045,19711007,TMIN,117,,,a,
ASN00092045,19711008,TMIN,78,,,a,
ASN00092045,19711009,TMIN,94,,,a,
ASN00092045,19711010,TMIN,78,,,a,
ASN00092045,19711011,TMIN,106,,,a,
ASN00092045,19711012,TMIN,72,,,a,
ASN00092045,19711013,TMIN,90,,,a,
ASN00092045,19711014,TMIN,112,,,a,
ASN00092045,19711015,TMIN,92,,,a,
ASN00092045,19711016,TMIN,72,,,a,
ASN00092045,19711017,TMIN,83,,,a,
ASN00092045,19711018,TMIN,72,,,a,
ASN00092045,19711019,TMIN,58,,,a,
ASN00092045,19711020,TMIN,83,,,a,
ASN00092045,19711021,TMIN,56,,,a,
ASN00092045,19711022,TMIN,79,,,a,
ASN00092045,19711023,TMIN,118,,,a,
ASN00092045,19711024,TMIN,97,,,a,
ASN00092045,19711025,TMIN,89,,,a,
ASN00092045,19711026,TMIN,117,,,a,
ASN00092045,19711027,TMIN,56,,,a,
ASN00092045,19711028,TMIN,94,,,a,
ASN00092045,19711029,TMIN,67,,,a,
ASN00092045,19711030,TMIN,103,,,a,
ASN00092045,19711031,TMIN,97,,,a,
ASN00092045,19711001,PRCP,0,,,a,
ASN00092045,19711002,PRCP,185,,,a,
ASN00092045,19711003,PRCP,76,,,a,
ASN00092045,19711004,PRCP,91,,,a,
ASN00092045,19711005,PRCP,8,,,a,
ASN00092045,19711006,PRCP,0,,,a,
ASN00092045,19711007,PRCP,61,,,a,
ASN00092045,19711008,PRCP,5,,,a,
ASN00092045,19711009,PRCP,74,,,a,
ASN00092045,19711010,PRCP,20,,,a,
ASN00092045,19711011,PRCP,0,,,a,
ASN00092045,19711012,PRCP,0,,,a,
ASN00092045,19711013,PRCP,0,,,a,
ASN00092045,19711014,PRCP,0,,,a,
ASN00092045,19711015,PRCP,89,,,a,
ASN00092045,19711016,PRCP,99,,,a,
ASN00092045,19711017,PRCP,0,,,a,
ASN00092045,19711018,PRCP,0,,,a,
ASN00092045,19711019,PRCP,117,,,a,
ASN00092045,19711020,PRCP,41,,,a,
ASN00092045,19711021,PRCP,23,,,a,
ASN00092045,19711022,PRCP,0,,,a,
ASN00092045,19711023,PRCP,28,,,a,
ASN00092045,19711024,PRCP,33,,,a,
ASN00092045,19711025,PRCP,0,,,a,
ASN00092045,19711026,PRCP,51,,,a,
ASN00092045,19711027,PRCP,226,,,a,
ASN00092045,19711028,PRCP,10,,,a,
ASN00092045,19711029,PRCP,25,,,a,
ASN00092045,19711030,PRCP,0,,,a,
ASN00092045,19711031,PRCP,0,,,a,
ASN00092045,19711101,TMAX,153,,,a,
ASN00092045,19711102,TMAX,147,,,a,
ASN00092045,19711103,TMAX,153,,,a,
ASN00092045,19711104,TMAX,167,,,a,
ASN00092045,19711105,TMAX,167,,,a,
ASN00092045,19711106,TMAX,200,,,a,
ASN00092045,19711107,TMAX,131,,,a,
ASN00092045,19711108,TMAX,144,,,a,
ASN00092045,19711109,TMAX,139,,,a,
ASN00092045,19711110,TMAX,172,,,a,
ASN00092045,19711111,TMAX,153,,,a,
ASN00092045,19711112,TMAX,144,,,a,
ASN00092045,19711113,TMAX,144,,,a,
ASN00092045,19711114,TMAX,161,,,a,
ASN00092045,19711115,TMAX,161,,,a,
ASN00092045,19711116,TMAX,178,,,a,
ASN00092045,19711117,TMAX,156,,,a,
ASN00092045,19711118,TMAX,172,,,a,
ASN00092045,19711119,TMAX,181,,,a,
ASN00092045,19711120,TMAX,144,,,a,
ASN00092045,19711121,TMAX,153,,,a,
ASN00092045,19711122,TMAX,162,,,a,
ASN00092045,19711123,TMAX,164,,,a,
ASN00092045,19711124,TMAX,156,,,a,
ASN00092045,19711125,TMAX,147,,,a,
ASN00092045,19711126,TMAX,196,,,a,
ASN00092045,19711127,TMAX,161,,,a,
ASN00092045,19711128,TMAX,178,,,a,
ASN00092045,19711129,TMAX,169,,,a,
ASN00092045,19711130,TMAX,156,,,a,
ASN00092045,19711101,TMIN,106,,,a,
ASN00092045,19711102,TMIN,111,,,a,
ASN00092045,19711103,TMIN,122,,,a,
ASN00092045,19711104,TMIN,131,,,a,
ASN00092045,19711105,TMIN,122,,,a,
ASN00092045,19711106,TMIN,122,,,a,
ASN00092045,19711107,TMIN,97,,,a,
ASN00092045,19711108,TMIN,101,,,a,
ASN00092045,19711109,TMIN,122,,,a,
ASN00092045,19711110,TMIN,125,,,a,
ASN00092045,19711111,TMIN,112,,,a,
ASN00092045,19711112,TMIN,114,,,a,
ASN00092045,19711113,TMIN,122,,,a,
ASN00092045,19711114,TMIN,122,,,a,
ASN00092045,19711115,TMIN,111,,,a,
ASN00092045,19711116,TMIN,111,,,a,
ASN00092045,19711117,TMIN,122,,,a,
ASN00092045,19711118,TMIN,122,,,a,
ASN00092045,19711119,TMIN,111,,,a,
ASN00092045,19711120,TMIN,89,,,a,
ASN00092045,19711121,TMIN,73,,,a,
ASN00092045,19711122,TMIN,78,,,a,
ASN00092045,19711123,TMIN,106,,,a,
ASN00092045,19711124,TMIN,67,,,a,
ASN00092045,19711125,TMIN,73,,,a,
ASN00092045,19711126,TMIN,72,,,a,
ASN00092045,19711127,TMIN,117,,,a,
ASN00092045,19711128,TMIN,100,,,a,
ASN00092045,19711129,TMIN,125,,,a,
ASN00092045,19711130,TMIN,117,,,a,
ASN00092045,19711101,PRCP,69,,,a,
ASN00092045,19711102,PRCP,0,,,a,
ASN00092045,19711103,PRCP,0,,,a,
ASN00092045,19711104,PRCP,15,,,a,
ASN00092045,19711105,PRCP,23,,,a,
ASN00092045,19711106,PRCP,15,,,a,
ASN00092045,19711107,PRCP,107,,,a,
ASN00092045,19711108,PRCP,25,,,a,
ASN00092045,19711109,PRCP,41,,,a,
ASN00092045,19711110,PRCP,18,,,a,
ASN00092045,19711111,PRCP,119,,,a,
ASN00092045,19711112,PRCP,0,,,a,
ASN00092045,19711113,PRCP,53,,,a,
ASN00092045,19711114,PRCP,15,,,a,
ASN00092045,19711115,PRCP,5,,,a,
ASN00092045,19711116,PRCP,0,,,a,
ASN00092045,19711117,PRCP,0,,,a,
ASN00092045,19711118,PRCP,81,,,a,
ASN00092045,19711119,PRCP,8,,,a,
ASN00092045,19711120,PRCP,97,,,a,
ASN00092045,19711121,PRCP,79,,,a,
ASN00092045,19711122,PRCP,13,,,a,
ASN00092045,19711123,PRCP,0,,,a,
ASN00092045,19711124,PRCP,23,,,a,
ASN00092045,19711125,PRCP,15,,,a,
ASN00092045,19711126,PRCP,0,,,a,
ASN00092045,19711127,PRCP,0,,,a,
ASN00092045,19711128,PRCP,0,,,a,
ASN00092045,19711129,PRCP,0,,,a,
ASN00092045,19711130,PRCP,8,,,a,
ASN00092045,19711201,TMAX,200,,,a,
ASN00092045,19711202,TMAX,168,,,a,
ASN00092045,19711203,TMAX,181,,,a,
ASN00092045,19711204,TMAX,222,,,a,
ASN00092045,19711205,TMAX,200,,,a,
ASN00092045,19711206,TMAX,183,,,a,
ASN00092045,19711207,TMAX,194,,,a,
ASN00092045,19711208,TMAX,167,,,a,
ASN00092045,19711209,TMAX,178,,,a,
ASN00092045,19711210,TMAX,183,,,a,
ASN00092045,19711211,TMAX,174,,,a,
ASN00092045,19711212,TMAX,183,,,a,
ASN00092045,19711213,TMAX,217,,,a,
ASN00092045,19711214,TMAX,183,,,a,
ASN00092045,19711215,TMAX,167,,,a,
ASN00092045,19711216,TMAX,172,,,a,
ASN00092045,19711217,TMAX,189,,,a,
ASN00092045,19711218,TMAX,150,,,a,
ASN00092045,19711219,TMAX,144,,,a,
ASN00092045,19711220,TMAX,156,,,a,
ASN00092045,19711221,TMAX,167,,,a,
ASN00092045,19711222,TMAX,172,,,a,
ASN00092045,19711223,TMAX,183,,,a,
ASN00092045,19711224,TMAX,244,,,a,
ASN00092045,19711225,TMAX,239,,,a,
ASN00092045,19711226,TMAX,194,,,a,
ASN00092045,19711227,TMAX,206,,,a,
ASN00092045,19711228,TMAX,206,,,a,
ASN00092045,19711229,TMAX,194,,,a,
ASN00092045,19711230,TMAX,200,,,a,
ASN00092045,19711231,TMAX,144,,,a,
ASN00092045,19711201,TMIN,117,,,a,
ASN00092045,19711202,TMIN,131,,,a,
ASN00092045,19711203,TMIN,111,,,a,
ASN00092045,19711204,TMIN,144,,,a,
ASN00092045,19711205,TMIN,139,,,a,
ASN00092045,19711206,TMIN,122,,,a,
ASN00092045,19711207,TMIN,128,,,a,
ASN00092045,19711208,TMIN,139,,,a,
ASN00092045,19711209,TMIN,139,,,a,
ASN00092045,19711210,TMIN,122,,,a,
ASN00092045,19711211,TMIN,117,,,a,
ASN00092045,19711212,TMIN,128,,,a,
ASN00092045,19711213,TMIN,133,,,a,
ASN00092045,19711214,TMIN,133,,,a,
ASN00092045,19711215,TMIN,106,,,a,
ASN00092045,19711216,TMIN,122,,,a,
ASN00092045,19711217,TMIN,111,,,a,
ASN00092045,19711218,TMIN,128,,,a,
ASN00092045,19711219,TMIN,94,,,a,
ASN00092045,19711220,TMIN,111,,,a,
ASN00092045,19711221,TMIN,117,,,a,
ASN00092045,19711222,TMIN,144,,,a,
ASN00092045,19711223,TMIN,154,,,a,
ASN00092045,19711224,TMIN,139,,,a,
ASN00092045,19711225,TMIN,144,,,a,
ASN00092045,19711226,TMIN,139,,,a,
ASN00092045,19711227,TMIN,122,,,a,
ASN00092045,19711228,TMIN,117,,,a,
ASN00092045,19711229,TMIN,122,,,a,
ASN00092045,19711230,TMIN,139,,,a,
ASN00092045,19711231,TMIN,122,,,a,
ASN00092045,19711201,PRCP,0,,,a,
ASN00092045,19711202,PRCP,0,,,a,
ASN00092045,19711203,PRCP,0,,,a,
ASN00092045,19711204,PRCP,61,,,a,
ASN00092045,19711205,PRCP,0,,,a,
ASN00092045,19711206,PRCP,8,,,a,
ASN00092045,19711207,PRCP,0,,,a,
ASN00092045,19711208,PRCP,0,,,a,
ASN00092045,19711209,PRCP,0,,,a,
ASN00092045,19711210,PRCP,74,,,a,
ASN00092045,19711211,PRCP,15,,,a,
ASN00092045,19711212,PRCP,5,,,a,
ASN00092045,19711213,PRCP,0,,,a,
ASN00092045,19711214,PRCP,48,,,a,
ASN00092045,19711215,PRCP,25,,,a,
ASN00092045,19711216,PRCP,0,,,a,
ASN00092045,19711217,PRCP,0,,,a,
ASN00092045,19711218,PRCP,10,,,a,
ASN00092045,19711219,PRCP,157,,,a,
ASN00092045,19711220,PRCP,3,,,a,
ASN00092045,19711221,PRCP,18,,,a,
ASN00092045,19711222,PRCP,0,,,a,
ASN00092045,19711223,PRCP,36,,,a,
ASN00092045,19711224,PRCP,43,,,a,
ASN00092045,19711225,PRCP,5,,,a,
ASN00092045,19711226,PRCP,3,,,a,
ASN00092045,19711227,PRCP,79,,,a,
ASN00092045,19711228,PRCP,0,,,a,
ASN00092045,19711229,PRCP,0,,,a,
ASN00092045,19711230,PRCP,10,,,a,
ASN00092045,19711231,PRCP,119,,,a,
ASN00092045,19720101,TMAX,189,,,a,
ASN00092045,19720102,TMAX,200,,,a,
ASN00092045,19720103,TMAX,194,,,a,
ASN00092045,19720104,TMAX,189,,,a,
ASN00092045,19720105,TMAX,200,,,a,
ASN00092045,19720106,TMAX,183,,,a,
ASN00092045,19720107,TMAX,200,,,a,
ASN00092045,19720108,TMAX,194,,,a,
ASN00092045,19720109,TMAX,206,,,a,
ASN00092045,19720110,TMAX,172,,,a,
ASN00092045,19720111,TMAX,178,,,a,
ASN00092045,19720112,TMAX,150,,,a,
ASN00092045,19720113,TMAX,172,,,a,
ASN00092045,19720114,TMAX,178,,,a,
ASN00092045,19720115,TMAX,183,,,a,
ASN00092045,19720116,TMAX,194,,,a,
ASN00092045,19720117,TMAX,183,,,a,
ASN00092045,19720118,TMAX,183,,,a,
ASN00092045,19720119,TMAX,194,,,a,
ASN00092045,19720120,TMAX,189,,,a,
ASN00092045,19720121,TMAX,189,,,a,
ASN00092045,19720122,TMAX,200,,,a,
ASN00092045,19720123,TMAX,194,,,a,
ASN00092045,19720124,TMAX,200,,,a,
ASN00092045,19720125,TMAX,200,,,a,
ASN00092045,19720126,TMAX,194,,,a,
ASN00092045,19720127,TMAX,222,,,a,
ASN00092045,19720128,TMAX,183,,,a,
ASN00092045,19720129,TMAX,178,,,a,
ASN00092045,19720130,TMAX,206,,,a,
ASN00092045,19720131,TMAX,222,,,a,
ASN00092045,19720101,TMIN,72,,,a,
ASN00092045,19720102,TMIN,106,,,a,
ASN00092045,19720103,TMIN,139,,,a,
ASN00092045,19720104,TMIN,122,,,a,
ASN00092045,19720105,TMIN,144,,,a,
ASN00092045,19720106,TMIN,144,,,a,
ASN00092045,19720107,TMIN,150,,,a,
ASN00092045,19720108,TMIN,161,,,a,
ASN00092045,19720109,TMIN,156,,,a,
ASN00092045,19720110,TMIN,161,,,a,
ASN00092045,19720111,TMIN,156,,,a,
ASN00092045,19720112,TMIN,144,,,a,
ASN00092045,19720113,TMIN,111,,,a,
ASN00092045,19720114,TMIN,122,,,a,
ASN00092045,19720115,TMIN,144,,,a,
ASN00092045,19720116,TMIN,128,,,a,
ASN00092045,19720117,TMIN,150,,,a,
ASN00092045,19720118,TMIN,156,,,a,
ASN00092045,19720119,TMIN,128,,,a,
ASN00092045,19720121,TMIN,139,,,a,
ASN00092045,19720122,TMIN,139,,,a,
ASN00092045,19720123,TMIN,133,,,a,
ASN00092045,19720124,TMIN,133,,,a,
ASN00092045,19720125,TMIN,161,,,a,
ASN00092045,19720126,TMIN,167,,,a,
ASN00092045,19720127,TMIN,167,,,a,
ASN00092045,19720128,TMIN,139,,,a,
ASN00092045,19720129,TMIN,133,,,a,
ASN00092045,19720130,TMIN,117,,,a,
ASN00092045,19720131,TMIN,161,,,a,
ASN00092045,19720101,PRCP,119,,,a,
ASN00092045,19720102,PRCP,0,,,a,
ASN00092045,19720103,PRCP,0,,,a,
ASN00092045,19720104,PRCP,3,,,a,
ASN00092045,19720105,PRCP,0,,,a,
ASN00092045,19720106,PRCP,0,,,a,
ASN00092045,19720107,PRCP,0,,,a,
ASN00092045,19720108,PRCP,0,,,a,
ASN00092045,19720109,PRCP,0,,,a,
ASN00092045,19720110,PRCP,160,,,a,
ASN00092045,19720111,PRCP,69,,,a,
ASN00092045,19720112,PRCP,79,,,a,
ASN00092045,19720113,PRCP,333,,,a,
ASN00092045,19720114,PRCP,8,,,a,
ASN00092045,19720115,PRCP,0,,,a,
ASN00092045,19720116,PRCP,0,,,a,
ASN00092045,19720117,PRCP,10,,,a,
ASN00092045,19720118,PRCP,51,,,a,
ASN00092045,19720119,PRCP,0,,,a,
ASN00092045,19720120,PRCP,13,,,a,
ASN00092045,19720121,PRCP,0,,,a,
ASN00092045,19720122,PRCP,0,,,a,
ASN00092045,19720123,PRCP,3,,,a,
ASN00092045,19720124,PRCP,0,,,a,
ASN00092045,19720125,PRCP,0,,,a,
ASN00092045,19720126,PRCP,0,,,a,
ASN00092045,19720127,PRCP,3,,,a,
ASN00092045,19720128,PRCP,8,,,a,
ASN00092045,19720129,PRCP,0,,,a,
ASN00092045,19720130,PRCP,0,,,a,
ASN00092045,19720131,PRCP,0,,,a,
ASN00092045,19720201,TMAX,222,,,a,
ASN00092045,19720202,TMAX,217,,,a,
ASN00092045,19720203,TMAX,211,,,a,
ASN00092045,19720204,TMAX,206,,,a,
ASN00092045,19720205,TMAX,217,,,a,
ASN00092045,19720206,TMAX,217,,,a,
ASN00092045,19720207,TMAX,217,,,a,
ASN00092045,19720208,TMAX,222,,,a,
ASN00092045,19720209,TMAX,217,,,a,
ASN00092045,19720210,TMAX,228,,,a,
ASN00092045,19720211,TMAX,219,,,a,
ASN00092045,19720212,TMAX,222,,,a,
ASN00092045,19720213,TMAX,228,,,a,
ASN00092045,19720214,TMAX,211,,,a,
ASN00092045,19720215,TMAX,244,,,a,
ASN00092045,19720216,TMAX,222,,,a,
ASN00092045,19720217,TMAX,200,,,a,
ASN00092045,19720218,TMAX,228,,,a,
ASN00092045,19720219,TMAX,206,,,a,
ASN00092045,19720220,TMAX,211,,,a,
ASN00092045,19720221,TMAX,200,,,a,
ASN00092045,19720222,TMAX,206,,,a,
ASN00092045,19720223,TMAX,256,,,a,
ASN00092045,19720224,TMAX,217,,,a,
ASN00092045,19720225,TMAX,239,,,a,
ASN00092045,19720226,TMAX,217,,,a,
ASN00092045,19720227,TMAX,223,,,a,
ASN00092045,19720228,TMAX,228,,,a,
ASN00092045,19720229,TMAX,222,,,a,
ASN00092045,19720201,TMIN,183,,,a,
ASN00092045,19720202,TMIN,183,,,a,
ASN00092045,19720203,TMIN,128,,,a,
ASN00092045,19720204,TMIN,94,,,a,
ASN00092045,19720205,TMIN,144,,,a,
ASN00092045,19720206,TMIN,167,,,a,
ASN00092045,19720207,TMIN,167,,,a,
ASN00092045,19720208,TMIN,167,,,a,
ASN00092045,19720209,TMIN,156,,,a,
ASN00092045,19720210,TMIN,161,,,a,
ASN00092045,19720211,TMIN,178,,,a,
ASN00092045,19720212,TMIN,183,,,a,
ASN00092045,19720213,TMIN,183,,,a,
ASN00092045,19720214,TMIN,139,,,a,
ASN00092045,19720215,TMIN,156,,,a,
ASN00092045,19720216,TMIN,183,,,a,
ASN00092045,19720217,TMIN,183,,,a,
ASN00092045,19720218,TMIN,167,,,a,
ASN00092045,19720219,TMIN,139,,,a,
ASN00092045,19720220,TMIN,144,,,a,
ASN00092045,19720221,TMIN,119,,,a,
ASN00092045,19720222,TMIN,147,,,a,
ASN00092045,19720223,TMIN,131,,,a,
ASN00092045,19720224,TMIN,172,,,a,
ASN00092045,19720225,TMIN,164,,,a,
ASN00092045,19720226,TMIN,144,,,a,
ASN00092045,19720227,TMIN,172,,,a,
ASN00092045,19720228,TMIN,183,,,a,
ASN00092045,19720229,TMIN,183,,,a,
ASN00092045,19720201,PRCP,0,,,a,
ASN00092045,19720202,PRCP,0,,,a,
ASN00092045,19720203,PRCP,56,,,a,
ASN00092045,19720204,PRCP,0,,,a,
ASN00092045,19720205,PRCP,0,,,a,
ASN00092045,19720206,PRCP,0,,,a,
ASN00092045,19720207,PRCP,3,,,a,
ASN00092045,19720208,PRCP,0,,,a,
ASN00092045,19720209,PRCP,0,,,a,
ASN00092045,19720210,PRCP,0,,,a,
ASN00092045,19720211,PRCP,0,,,a,
ASN00092045,19720212,PRCP,5,,,a,
ASN00092045,19720213,PRCP,0,,,a,
ASN00092045,19720214,PRCP,0,,,a,
ASN00092045,19720215,PRCP,13,,,a,
ASN00092045,19720216,PRCP,0,,,a,
ASN00092045,19720217,PRCP,76,,,a,
ASN00092045,19720218,PRCP,401,,,a,
ASN00092045,19720219,PRCP,0,,,a,
ASN00092045,19720220,PRCP,76,,,a,
ASN00092045,19720221,PRCP,0,,,a,
ASN00092045,19720222,PRCP,10,,,a,
ASN00092045,19720223,PRCP,0,,,a,
ASN00092045,19720224,PRCP,0,,,a,
ASN00092045,19720225,PRCP,0,,,a,
ASN00092045,19720226,PRCP,0,,,a,
ASN00092045,19720227,PRCP,0,,,a,
ASN00092045,19720228,PRCP,0,,,a,
ASN00092045,19720229,PRCP,8,,,a,
ASN00092045,19720301,TMAX,222,,,a,
ASN00092045,19720302,TMAX,206,,,a,
ASN00092045,19720303,TMAX,214,,,a,
ASN00092045,19720304,TMAX,172,,,a,
ASN00092045,19720305,TMAX,183,,,a,
ASN00092045,19720306,TMAX,194,,,a,
ASN00092045,19720307,TMAX,200,,,a,
ASN00092045,19720308,TMAX,203,,,a,
ASN00092045,19720309,TMAX,206,,,a,
ASN00092045,19720310,TMAX,217,,,a,
ASN00092045,19720311,TMAX,217,,,a,
ASN00092045,19720312,TMAX,219,,,a,
ASN00092045,19720313,TMAX,194,,,a,
ASN00092045,19720314,TMAX,192,,,a,
ASN00092045,19720315,TMAX,200,,,a,
ASN00092045,19720316,TMAX,211,,,a,
ASN00092045,19720317,TMAX,200,,,a,
ASN00092045,19720318,TMAX,233,,,a,
ASN00092045,19720319,TMAX,214,,,a,
ASN00092045,19720320,TMAX,211,,,a,
ASN00092045,19720321,TMAX,217,,,a,
ASN00092045,19720322,TMAX,208,,,a,
ASN00092045,19720323,TMAX,161,,,a,
ASN00092045,19720324,TMAX,153,,,a,
ASN00092045,19720325,TMAX,161,,,a,
ASN00092045,19720326,TMAX,172,,,a,
ASN00092045,19720327,TMAX,172,,,a,
ASN00092045,19720328,TMAX,178,,,a,
ASN00092045,19720329,TMAX,194,,,a,
ASN00092045,19720330,TMAX,211,,,a,
ASN00092045,19720331,TMAX,197,,,a,
ASN00092045,19720301,TMIN,189,,,a,
ASN00092045,19720302,TMIN,183,,,a,
ASN00092045,19720303,TMIN,172,,,a,
ASN00092045,19720304,TMIN,111,,,a,
ASN00092045,19720305,TMIN,122,,,a,
ASN00092045,19720306,TMIN,133,,,a,
ASN00092045,19720307,TMIN,150,,,a,
ASN00092045,19720308,TMIN,167,,,a,
ASN00092045,19720309,TMIN,133,,,a,
ASN00092045,19720310,TMIN,123,,,a,
ASN00092045,19720311,TMIN,117,,,a,
ASN00092045,19720312,TMIN,111,,,a,
ASN00092045,19720313,TMIN,94,,,a,
ASN00092045,19720314,TMIN,100,,,a,
ASN00092045,19720315,TMIN,106,,,a,
ASN00092045,19720316,TMIN,128,,,a,
ASN00092045,19720317,TMIN,150,,,a,
ASN00092045,19720318,TMIN,117,,,a,
ASN00092045,19720319,TMIN,139,,,a,
ASN00092045,19720320,TMIN,150,,,a,
ASN00092045,19720321,TMIN,117,,,a,
ASN00092045,19720322,TMIN,133,,,a,
ASN00092045,19720323,TMIN,111,,,a,
ASN00092045,19720324,TMIN,106,,,a,
ASN00092045,19720325,TMIN,106,,,a,
ASN00092045,19720326,TMIN,122,,,a,
ASN00092045,19720327,TMIN,133,,,a,
ASN00092045,19720328,TMIN,128,,,a,
ASN00092045,19720329,TMIN,122,,,a,
ASN00092045,19720330,TMIN,139,,,a,
ASN00092045,19720331,TMIN,122,,,a,
ASN00092045,19720301,PRCP,3,,,a,
ASN00092045,19720302,PRCP,0,,,a,
ASN00092045,19720303,PRCP,48,,,a,
ASN00092045,19720304,PRCP,254,,,a,
ASN00092045,19720305,PRCP,0,,,a,
ASN00092045,19720306,PRCP,0,,,a,
ASN00092045,19720307,PRCP,0,,,a,
ASN00092045,19720308,PRCP,0,,,a,
ASN00092045,19720309,PRCP,0,,,a,
ASN00092045,19720310,PRCP,0,,,a,
ASN00092045,19720311,PRCP,0,,,a,
ASN00092045,19720312,PRCP,0,,,a,
ASN00092045,19720313,PRCP,0,,,a,
ASN00092045,19720314,PRCP,36,,,a,
ASN00092045,19720315,PRCP,0,,,a,
ASN00092045,19720316,PRCP,0,,,a,
ASN00092045,19720317,PRCP,0,,,a,
ASN00092045,19720318,PRCP,0,,,a,
ASN00092045,19720319,PRCP,3,,,a,
ASN00092045,19720320,PRCP,48,,,a,
ASN00092045,19720321,PRCP,0,,,a,
ASN00092045,19720322,PRCP,0,,,a,
ASN00092045,19720323,PRCP,0,,,a,
ASN00092045,19720324,PRCP,18,,,a,
ASN00092045,19720325,PRCP,25,,,a,
ASN00092045,19720326,PRCP,0,,,a,
ASN00092045,19720327,PRCP,0,,,a,
ASN00092045,19720328,PRCP,0,,,a,
ASN00092045,19720329,PRCP,0,,,a,
ASN00092045,19720330,PRCP,0,,,a,
ASN00092045,19720331,PRCP,0,,,a,
ASN00092045,19720401,TMAX,194,,,a,
ASN00092045,19720402,TMAX,194,,,a,
ASN00092045,19720403,TMAX,197,,,a,
ASN00092045,19720404,TMAX,206,,,a,
ASN00092045,19720405,TMAX,167,,,a,
ASN00092045,19720406,TMAX,178,,,a,
ASN00092045,19720407,TMAX,192,,,a,
ASN00092045,19720408,TMAX,194,,,a,
ASN00092045,19720409,TMAX,189,,,a,
ASN00092045,19720410,TMAX,172,,,a,
ASN00092045,19720411,TMAX,172,,,a,
ASN00092045,19720412,TMAX,189,,,a,
ASN00092045,19720413,TMAX,172,,,a,
ASN00092045,19720414,TMAX,178,,,a,
ASN00092045,19720415,TMAX,189,,,a,
ASN00092045,19720416,TMAX,183,,,a,
ASN00092045,19720417,TMAX,189,,,a,
ASN00092045,19720418,TMAX,217,,,a,
ASN00092045,19720419,TMAX,172,,,a,
ASN00092045,19720421,TMAX,233,,,a,
ASN00092045,19720422,TMAX,179,,,a,
ASN00092045,19720423,TMAX,139,,,a,
ASN00092045,19720424,TMAX,153,,,a,
ASN00092045,19720425,TMAX,144,,,a,
ASN00092045,19720426,TMAX,158,,,a,
ASN00092045,19720427,TMAX,167,,,a,
ASN00092045,19720428,TMAX,167,,,a,
ASN00092045,19720429,TMAX,194,,,a,
ASN00092045,19720430,TMAX,184,,,a,
ASN00092045,19720401,TMIN,100,,,a,
ASN00092045,19720402,TMIN,119,,,a,
ASN00092045,19720403,TMIN,128,,,a,
ASN00092045,19720404,TMIN,156,,,a,
ASN00092045,19720405,TMIN,147,,,a,
ASN00092045,19720406,TMIN,144,,,a,
ASN00092045,19720407,TMIN,128,,,a,
ASN00092045,19720408,TMIN,131,,,a,
ASN00092045,19720409,TMIN,172,,,a,
ASN00092045,19720410,TMIN,94,,,a,
ASN00092045,19720411,TMIN,78,,,a,
ASN00092045,19720412,TMIN,128,,,a,
ASN00092045,19720413,TMIN,78,,,a,
ASN00092045,19720414,TMIN,78,,,a,
ASN00092045,19720415,TMIN,100,,,a,
ASN00092045,19720416,TMIN,107,,,a,
ASN00092045,19720417,TMIN,117,,,a,
ASN00092045,19720418,TMIN,106,,,a,
ASN00092045,19720419,TMIN,117,,,a,
ASN00092045,19720420,TMIN,108,,,a,
ASN00092045,19720421,TMIN,131,,,a,
ASN00092045,19720422,TMIN,125,,,a,
ASN00092045,19720423,TMIN,111,,,a,
ASN00092045,19720424,TMIN,72,,,a,
ASN00092045,19720425,TMIN,67,,,a,
ASN00092045,19720426,TMIN,83,,,a,
ASN00092045,19720427,TMIN,89,,,a,
ASN00092045,19720428,TMIN,67,,,a,
ASN00092045,19720429,TMIN,122,,,a,
ASN00092045,19720430,TMIN,111,,,a,
ASN00092045,19720401,PRCP,0,,,a,
ASN00092045,19720402,PRCP,3,,,a,
ASN00092045,19720403,PRCP,0,,,a,
ASN00092045,19720404,PRCP,5,,,a,
ASN00092045,19720405,PRCP,8,,,a,
ASN00092045,19720406,PRCP,0,,,a,
ASN00092045,19720407,PRCP,0,,,a,
ASN00092045,19720408,PRCP,0,,,a,
ASN00092045,19720409,PRCP,0,,,a,
ASN00092045,19720410,PRCP,150,,,a,
ASN00092045,19720411,PRCP,0,,,a,
ASN00092045,19720412,PRCP,0,,,a,
ASN00092045,19720413,PRCP,41,,,a,
ASN00092045,19720414,PRCP,8,,,a,
ASN00092045,19720415,PRCP,0,,,a,
ASN00092045,19720416,PRCP,0,,,a,
ASN00092045,19720417,PRCP,0,,,a,
ASN00092045,19720418,PRCP,0,,,a,
ASN00092045,19720419,PRCP,0,,,a,
ASN00092045,19720420,PRCP,3,,,a,
ASN00092045,19720421,PRCP,5,,,a,
ASN00092045,19720422,PRCP,0,,,a,
ASN00092045,19720423,PRCP,81,,,a,
ASN00092045,19720424,PRCP,56,,,a,
ASN00092045,19720425,PRCP,18,,,a,
ASN00092045,19720426,PRCP,28,,,a,
ASN00092045,19720427,PRCP,107,,,a,
ASN00092045,19720428,PRCP,5,,,a,
ASN00092045,19720429,PRCP,0,,,a,
ASN00092045,19720430,PRCP,0,,,a,
ASN00092045,19720501,TMAX,200,,,a,
ASN00092045,19720502,TMAX,187,,,a,
ASN00092045,19720503,TMAX,183,,,a,
ASN00092045,19720504,TMAX,203,,,a,
ASN00092045,19720505,TMAX,206,,,a,
ASN00092045,19720506,TMAX,183,,,a,
ASN00092045,19720507,TMAX,217,,,a,
ASN00092045,19720508,TMAX,178,,,a,
ASN00092045,19720509,TMAX,178,,,a,
ASN00092045,19720510,TMAX,183,,,a,
ASN00092045,19720511,TMAX,183,,,a,
ASN00092045,19720512,TMAX,144,,,a,
ASN00092045,19720513,TMAX,139,,,a,
ASN00092045,19720514,TMAX,156,,,a,
ASN00092045,19720515,TMAX,161,,,a,
ASN00092045,19720516,TMAX,156,,,a,
ASN00092045,19720517,TMAX,150,,,a,
ASN00092045,19720518,TMAX,153,,,a,
ASN00092045,19720519,TMAX,133,,,a,
ASN00092045,19720520,TMAX,167,,,a,
ASN00092045,19720521,TMAX,167,,,a,
ASN00092045,19720522,TMAX,150,,,a,
ASN00092045,19720523,TMAX,161,,,a,
ASN00092045,19720524,TMAX,133,,,a,
ASN00092045,19720525,TMAX,139,,,a,
ASN00092045,19720526,TMAX,122,,,a,
ASN00092045,19720527,TMAX,133,,,a,
ASN00092045,19720528,TMAX,167,,,a,
ASN00092045,19720529,TMAX,139,,,a,
ASN00092045,19720530,TMAX,144,,,a,
ASN00092045,19720531,TMAX,144,,,a,
ASN00092045,19720501,TMIN,102,,,a,
ASN00092045,19720502,TMIN,111,,,a,
ASN00092045,19720503,TMIN,135,,,a,
ASN00092045,19720504,TMIN,117,,,a,
ASN00092045,19720505,TMIN,122,,,a,
ASN00092045,19720506,TMIN,100,,,a,
ASN00092045,19720507,TMIN,106,,,a,
ASN00092045,19720508,TMIN,150,,,a,
ASN00092045,19720509,TMIN,150,,,a,
ASN00092045,19720510,TMIN,128,,,a,
ASN00092045,19720511,TMIN,106,,,a,
ASN00092045,19720512,TMIN,56,,,a,
ASN00092045,19720513,TMIN,78,,,a,
ASN00092045,19720514,TMIN,100,,,a,
ASN00092045,19720515,TMIN,111,,,a,
ASN00092045,19720516,TMIN,117,,,a,
ASN00092045,19720517,TMIN,83,,,a,
ASN00092045,19720518,TMIN,89,,,a,
ASN00092045,19720519,TMIN,72,,,a,
ASN00092045,19720520,TMIN,67,,,a,
ASN00092045,19720521,TMIN,83,,,a,
ASN00092045,19720522,TMIN,106,,,a,
ASN00092045,19720523,TMIN,83,,,a,
ASN00092045,19720524,TMIN,72,,,a,
ASN00092045,19720525,TMIN,81,,,a,
ASN00092045,19720526,TMIN,64,,,a,
ASN00092045,19720527,TMIN,50,,,a,
ASN00092045,19720528,TMIN,67,,,a,
ASN00092045,19720529,TMIN,83,,,a,
ASN00092045,19720530,TMIN,44,,,a,
ASN00092045,19720531,TMIN,72,,,a,
ASN00092045,19720501,PRCP,0,,,a,
ASN00092045,19720502,PRCP,0,,,a,
ASN00092045,19720503,PRCP,0,,,a,
ASN00092045,19720504,PRCP,5,,,a,
ASN00092045,19720505,PRCP,3,,,a,
ASN00092045,19720506,PRCP,0,,,a,
ASN00092045,19720507,PRCP,0,,,a,
ASN00092045,19720508,PRCP,0,,,a,
ASN00092045,19720509,PRCP,5,,,a,
ASN00092045,19720510,PRCP,0,,,a,
ASN00092045,19720511,PRCP,5,,,a,
ASN00092045,19720512,PRCP,0,,,a,
ASN00092045,19720513,PRCP,0,,,a,
ASN00092045,19720514,PRCP,0,,,a,
ASN00092045,19720515,PRCP,0,,,a,
ASN00092045,19720516,PRCP,0,,,a,
ASN00092045,19720517,PRCP,145,,,a,
ASN00092045,19720518,PRCP,23,,,a,
ASN00092045,19720519,PRCP,3,,,a,
ASN00092045,19720520,PRCP,0,,,a,
ASN00092045,19720521,PRCP,0,,,a,
ASN00092045,19720522,PRCP,0,,,a,
ASN00092045,19720523,PRCP,8,,,a,
ASN00092045,19720524,PRCP,0,,,a,
ASN00092045,19720525,PRCP,0,,,a,
ASN00092045,19720526,PRCP,0,,,a,
ASN00092045,19720527,PRCP,0,,,a,
ASN00092045,19720528,PRCP,0,,,a,
ASN00092045,19720529,PRCP,3,,,a,
ASN00092045,19720530,PRCP,8,,,a,
ASN00092045,19720531,PRCP,0,,,a,
ASN00092045,19720601,TMAX,150,,,a,
ASN00092045,19720602,TMAX,150,,,a,
ASN00092045,19720603,TMAX,167,,,a,
ASN00092045,19720604,TMAX,167,,,a,
ASN00092045,19720605,TMAX,144,,,a,
ASN00092045,19720606,TMAX,142,,,a,
ASN00092045,19720607,TMAX,164,,,a,
ASN00092045,19720608,TMAX,156,,,a,
ASN00092045,19720609,TMAX,156,,,a,
ASN00092045,19720610,TMAX,156,,,a,
ASN00092045,19720611,TMAX,128,,,a,
ASN00092045,19720612,TMAX,139,,,a,
ASN00092045,19720613,TMAX,150,,,a,
ASN00092045,19720614,TMAX,144,,,a,
ASN00092045,19720615,TMAX,147,,,a,
ASN00092045,19720616,TMAX,117,,,a,
ASN00092045,19720617,TMAX,122,,,a,
ASN00092045,19720618,TMAX,128,,,a,
ASN00092045,19720619,TMAX,139,,,a,
ASN00092045,19720620,TMAX,128,,,a,
ASN00092045,19720621,TMAX,117,,,a,
ASN00092045,19720622,TMAX,128,,,a,
ASN00092045,19720623,TMAX,106,,,a,
ASN00092045,19720624,TMAX,117,,,a,
ASN00092045,19720625,TMAX,139,,,a,
ASN00092045,19720626,TMAX,133,,,a,
ASN00092045,19720627,TMAX,139,,,a,
ASN00092045,19720628,TMAX,144,,,a,
ASN00092045,19720629,TMAX,122,,,a,
ASN00092045,19720630,TMAX,122,,,a,
ASN00092045,19720601,TMIN,67,,,a,
ASN00092045,19720602,TMIN,83,,,a,
ASN00092045,19720603,TMIN,106,,,a,
ASN00092045,19720604,TMIN,94,,,a,
ASN00092045,19720605,TMIN,72,,,a,
ASN00092045,19720606,TMIN,72,,,a,
ASN00092045,19720607,TMIN,89,,,a,
ASN00092045,19720608,TMIN,106,,,a,
ASN00092045,19720609,TMIN,111,,,a,
ASN00092045,19720610,TMIN,128,,,a,
ASN00092045,19720611,TMIN,28,,,a,
ASN00092045,19720612,TMIN,50,,,a,
ASN00092045,19720613,TMIN,61,,,a,
ASN00092045,19720614,TMIN,56,,,a,
ASN00092045,19720615,TMIN,72,,,a,
ASN00092045,19720616,TMIN,50,,,a,
ASN00092045,19720617,TMIN,61,,,a,
ASN00092045,19720618,TMIN,67,,,a,
ASN00092045,19720619,TMIN,44,,,a,
ASN00092045,19720620,TMIN,61,,,a,
ASN00092045,19720621,TMIN,61,,,a,
ASN00092045,19720622,TMIN,83,,,a,
ASN00092045,19720623,TMIN,78,,,a,
ASN00092045,19720624,TMIN,33,,,a,
ASN00092045,19720625,TMIN,50,,,a,
ASN00092045,19720626,TMIN,64,,,a,
ASN00092045,19720627,TMIN,78,,,a,
ASN00092045,19720628,TMIN,89,,,a,
ASN00092045,19720629,TMIN,72,,,a,
ASN00092045,19720630,TMIN,75,,,a,
ASN00092045,19720601,PRCP,0,,,a,
ASN00092045,19720602,PRCP,0,,,a,
ASN00092045,19720603,PRCP,3,,,a,
ASN00092045,19720604,PRCP,5,,,a,
ASN00092045,19720605,PRCP,3,,,a,
ASN00092045,19720606,PRCP,3,,,a,
ASN00092045,19720607,PRCP,3,,,a,
ASN00092045,19720608,PRCP,0,,,a,
ASN00092045,19720609,PRCP,0,,,a,
ASN00092045,19720610,PRCP,0,,,a,
ASN00092045,19720611,PRCP,3,,,a,
ASN00092045,19720612,PRCP,0,,,a,
ASN00092045,19720613,PRCP,0,,,a,
ASN00092045,19720614,PRCP,0,,,a,
ASN00092045,19720615,PRCP,0,,,a,
ASN00092045,19720616,PRCP,0,,,a,
ASN00092045,19720617,PRCP,0,,,a,
ASN00092045,19720618,PRCP,0,,,a,
ASN00092045,19720619,PRCP,0,,,a,
ASN00092045,19720620,PRCP,0,,,a,
ASN00092045,19720621,PRCP,43,,,a,
ASN00092045,19720622,PRCP,13,,,a,
ASN00092045,19720623,PRCP,0,,,a,
ASN00092045,19720624,PRCP,0,,,a,
ASN00092045,19720625,PRCP,0,,,a,
ASN00092045,19720626,PRCP,0,,,a,
ASN00092045,19720627,PRCP,0,,,a,
ASN00092045,19720628,PRCP,5,,,a,
ASN00092045,19720629,PRCP,86,,,a,
ASN00092045,19720630,PRCP,170,,,a,
ASN00092045,19720701,TMAX,122,,,a,
ASN00092045,19720702,TMAX,139,,,a,
ASN00092045,19720703,TMAX,106,,,a,
ASN00092045,19720704,TMAX,106,,,a,
ASN00092045,19720705,TMAX,128,,,a,
ASN00092045,19720706,TMAX,111,,,a,
ASN00092045,19720707,TMAX,117,,,a,
ASN00092045,19720708,TMAX,111,,,a,
ASN00092045,19720709,TMAX,122,,,a,
ASN00092045,19720710,TMAX,122,,,a,
ASN00092045,19720711,TMAX,133,,,a,
ASN00092045,19720712,TMAX,128,,,a,
ASN00092045,19720713,TMAX,106,,,a,
ASN00092045,19720714,TMAX,128,,,a,
ASN00092045,19720715,TMAX,136,,,a,
ASN00092045,19720716,TMAX,131,,,a,
ASN00092045,19720717,TMAX,139,,,a,
ASN00092045,19720718,TMAX,139,,,a,
ASN00092045,19720719,TMAX,111,,,a,
ASN00092045,19720720,TMAX,111,,,a,
ASN00092045,19720721,TMAX,139,,,a,
ASN00092045,19720722,TMAX,122,,,a,
ASN00092045,19720723,TMAX,139,,,a,
ASN00092045,19720724,TMAX,133,,,a,
ASN00092045,19720725,TMAX,139,,,a,
ASN00092045,19720726,TMAX,111,,,a,
ASN00092045,19720727,TMAX,128,,,a,
ASN00092045,19720728,TMAX,122,,,a,
ASN00092045,19720729,TMAX,133,,,a,
ASN00092045,19720730,TMAX,133,,,a,
ASN00092045,19720731,TMAX,119,,,a,
ASN00092045,19720701,TMIN,50,,,a,
ASN00092045,19720702,TMIN,50,,,a,
ASN00092045,19720703,TMIN,39,,,a,
ASN00092045,19720704,TMIN,39,,,a,
ASN00092045,19720705,TMIN,61,,,a,
ASN00092045,19720706,TMIN,67,,,a,
ASN00092045,19720707,TMIN,28,,,a,
ASN00092045,19720708,TMIN,17,,,a,
ASN00092045,19720709,TMIN,56,,,a,
ASN00092045,19720710,TMIN,39,,,a,
ASN00092045,19720711,TMIN,39,,,a,
ASN00092045,19720712,TMIN,61,,,a,
ASN00092045,19720713,TMIN,83,,,a,
ASN00092045,19720714,TMIN,78,,,a,
ASN00092045,19720715,TMIN,67,,,a,
ASN00092045,19720716,TMIN,50,,,a,
ASN00092045,19720717,TMIN,61,,,a,
ASN00092045,19720718,TMIN,117,,,a,
ASN00092045,19720719,TMIN,100,,,a,
ASN00092045,19720720,TMIN,44,,,a,
ASN00092045,19720721,TMIN,67,,,a,
ASN00092045,19720722,TMIN,61,,,a,
ASN00092045,19720723,TMIN,61,,,a,
ASN00092045,19720724,TMIN,89,,,a,
ASN00092045,19720725,TMIN,100,,,a,
ASN00092045,19720726,TMIN,56,,,a,
ASN00092045,19720727,TMIN,33,,,a,
ASN00092045,19720728,TMIN,44,,,a,
ASN00092045,19720729,TMIN,72,,,a,
ASN00092045,19720730,TMIN,100,,,a,
ASN00092045,19720731,TMIN,106,,,a,
ASN00092045,19720701,PRCP,5,,,a,
ASN00092045,19720702,PRCP,0,,,a,
ASN00092045,19720703,PRCP,0,,,a,
ASN00092045,19720704,PRCP,0,,,a,
ASN00092045,19720705,PRCP,173,,,a,
ASN00092045,19720706,PRCP,145,,,a,
ASN00092045,19720707,PRCP,86,,,a,
ASN00092045,19720708,PRCP,0,,,a,
ASN00092045,19720709,PRCP,0,,,a,
ASN00092045,19720710,PRCP,13,,,a,
ASN00092045,19720711,PRCP,0,,,a,
ASN00092045,19720712,PRCP,20,,,a,
ASN00092045,19720713,PRCP,310,,,a,
ASN00092045,19720714,PRCP,168,,,a,
ASN00092045,19720715,PRCP,23,,,a,
ASN00092045,19720716,PRCP,8,,,a,
ASN00092045,19720717,PRCP,0,,,a,
ASN00092045,19720718,PRCP,10,,,a,
ASN00092045,19720719,PRCP,20,,,a,
ASN00092045,19720720,PRCP,254,,,a,
ASN00092045,19720721,PRCP,43,,,a,
ASN00092045,19720722,PRCP,71,,,a,
ASN00092045,19720723,PRCP,0,,,a,
ASN00092045,19720724,PRCP,8,,,a,
ASN00092045,19720725,PRCP,3,,,a,
ASN00092045,19720726,PRCP,46,,,a,
ASN00092045,19720727,PRCP,0,,,a,
ASN00092045,19720728,PRCP,0,,,a,
ASN00092045,19720729,PRCP,0,,,a,
ASN00092045,19720730,PRCP,3,,,a,
ASN00092045,19720731,PRCP,13,,,a,
ASN00092045,19720801,TMAX,133,,,a,
ASN00092045,19720802,TMAX,133,,,a,
ASN00092045,19720803,TMAX,139,,,a,
ASN00092045,19720804,TMAX,128,,,a,
ASN00092045,19720805,TMAX,139,,,a,
ASN00092045,19720806,TMAX,139,,,a,
ASN00092045,19720807,TMAX,150,,,a,
ASN00092045,19720808,TMAX,133,,,a,
ASN00092045,19720809,TMAX,133,,,a,
ASN00092045,19720810,TMAX,111,,,a,
ASN00092045,19720811,TMAX,122,,,a,
ASN00092045,19720812,TMAX,139,,,a,
ASN00092045,19720813,TMAX,119,,,a,
ASN00092045,19720814,TMAX,119,,,a,
ASN00092045,19720815,TMAX,122,,,a,
ASN00092045,19720816,TMAX,111,,,a,
ASN00092045,19720817,TMAX,122,,,a,
ASN00092045,19720818,TMAX,122,,,a,
ASN00092045,19720819,TMAX,117,,,a,
ASN00092045,19720820,TMAX,117,,,a,
ASN00092045,19720821,TMAX,128,,,a,
ASN00092045,19720822,TMAX,133,,,a,
ASN00092045,19720823,TMAX,139,,,a,
ASN00092045,19720824,TMAX,156,,,a,
ASN00092045,19720825,TMAX,150,,,a,
ASN00092045,19720826,TMAX,144,,,a,
ASN00092045,19720827,TMAX,150,,,a,
ASN00092045,19720828,TMAX,144,,,a,
ASN00092045,19720829,TMAX,133,,,a,
ASN00092045,19720830,TMAX,133,,,a,
ASN00092045,19720831,TMAX,158,,,a,
ASN00092045,19720801,TMIN,100,,,a,
ASN00092045,19720802,TMIN,106,,,a,
ASN00092045,19720803,TMIN,111,,,a,
ASN00092045,19720804,TMIN,106,,,a,
ASN00092045,19720805,TMIN,106,,,a,
ASN00092045,19720806,TMIN,83,,,a,
ASN00092045,19720807,TMIN,81,,,a,
ASN00092045,19720808,TMIN,94,,,a,
ASN00092045,19720809,TMIN,64,,,a,
ASN00092045,19720810,TMIN,56,,,a,
ASN00092045,19720811,TMIN,56,,,a,
ASN00092045,19720812,TMIN,28,,,a,
ASN00092045,19720813,TMIN,50,,,a,
ASN00092045,19720814,TMIN,44,,,a,
ASN00092045,19720815,TMIN,44,,,a,
ASN00092045,19720816,TMIN,39,,,a,
ASN00092045,19720817,TMIN,61,,,a,
ASN00092045,19720818,TMIN,89,,,a,
ASN00092045,19720819,TMIN,78,,,a,
ASN00092045,19720820,TMIN,89,,,a,
ASN00092045,19720821,TMIN,50,,,a,
ASN00092045,19720822,TMIN,83,,,a,
ASN00092045,19720823,TMIN,67,,,a,
ASN00092045,19720824,TMIN,111,,,a,
ASN00092045,19720825,TMIN,97,,,a,
ASN00092045,19720826,TMIN,72,,,a,
ASN00092045,19720827,TMIN,89,,,a,
ASN00092045,19720828,TMIN,78,,,a,
ASN00092045,19720829,TMIN,100,,,a,
ASN00092045,19720830,TMIN,89,,,a,
ASN00092045,19720831,TMIN,78,,,a,
ASN00092045,19720801,PRCP,33,,,a,
ASN00092045,19720802,PRCP,15,,,a,
ASN00092045,19720803,PRCP,56,,,a,
ASN00092045,19720804,PRCP,0,,,a,
ASN00092045,19720805,PRCP,0,,,a,
ASN00092045,19720806,PRCP,0,,,a,
ASN00092045,19720807,PRCP,74,,,a,
ASN00092045,19720808,PRCP,0,,,a,
ASN00092045,19720809,PRCP,150,,,a,
ASN00092045,19720810,PRCP,66,,,a,
ASN00092045,19720811,PRCP,15,,,a,
ASN00092045,19720812,PRCP,0,,,a,
ASN00092045,19720813,PRCP,0,,,a,
ASN00092045,19720814,PRCP,0,,,a,
ASN00092045,19720815,PRCP,0,,,a,
ASN00092045,19720816,PRCP,0,,,a,
ASN00092045,19720817,PRCP,81,,,a,
ASN00092045,19720818,PRCP,13,,,a,
ASN00092045,19720819,PRCP,0,,,a,
ASN00092045,19720820,PRCP,13,,,a,
ASN00092045,19720821,PRCP,15,,,a,
ASN00092045,19720822,PRCP,43,,,a,
ASN00092045,19720823,PRCP,18,,,a,
ASN00092045,19720824,PRCP,20,,,a,
ASN00092045,19720825,PRCP,8,,,a,
ASN00092045,19720826,PRCP,0,,,a,
ASN00092045,19720827,PRCP,0,,,a,
ASN00092045,19720828,PRCP,0,,,a,
ASN00092045,19720829,PRCP,102,,,a,
ASN00092045,19720830,PRCP,10,,,a,
ASN00092045,19720831,PRCP,0,,,a,
ASN00092045,19720901,TMAX,174,,,a,
ASN00092045,19720902,TMAX,185,,,a,
ASN00092045,19720903,TMAX,185,,,a,
ASN00092045,19720904,TMAX,198,,,a,
ASN00092045,19720905,TMAX,205,,,a,
ASN00092045,19720906,TMAX,160,,,a,
ASN00092045,19720907,TMAX,131,,,a,
ASN00092045,19720908,TMAX,142,,,a,
ASN00092045,19720909,TMAX,160,,,a,
ASN00092045,19720910,TMAX,156,,,a,
ASN00092045,19720911,TMAX,176,,,a,
ASN00092045,19720912,TMAX,150,,,a,
ASN00092045,19720913,TMAX,124,,,a,
ASN00092045,19720914,TMAX,155,,,a,
ASN00092045,19720915,TMAX,160,,,a,
ASN00092045,19720916,TMAX,155,,,a,
ASN00092045,19720917,TMAX,184,,,a,
ASN00092045,19720918,TMAX,140,,,a,
ASN00092045,19720919,TMAX,170,,,a,
ASN00092045,19720920,TMAX,178,,,a,
ASN00092045,19720921,TMAX,154,,,a,
ASN00092045,19720922,TMAX,152,,,a,
ASN00092045,19720923,TMAX,149,,,a,
ASN00092045,19720924,TMAX,144,,,a,
ASN00092045,19720925,TMAX,152,,,a,
ASN00092045,19720926,TMAX,155,,,a,
ASN00092045,19720927,TMAX,158,,,a,
ASN00092045,19720928,TMAX,140,,,a,
ASN00092045,19720929,TMAX,160,,,a,
ASN00092045,19720930,TMAX,150,,,a,
ASN00092045,19720901,TMIN,60,,,a,
ASN00092045,19720902,TMIN,103,,,a,
ASN00092045,19720903,TMIN,92,,,a,
ASN00092045,19720904,TMIN,110,,,a,
ASN00092045,19720905,TMIN,110,,,a,
ASN00092045,19720906,TMIN,106,,,a,
ASN00092045,19720907,TMIN,95,,,a,
ASN00092045,19720908,TMIN,50,,,a,
ASN00092045,19720909,TMIN,90,,,a,
ASN00092045,19720910,TMIN,108,,,a,
ASN00092045,19720911,TMIN,101,,,a,
ASN00092045,19720912,TMIN,125,,,a,
ASN00092045,19720913,TMIN,42,,,a,
ASN00092045,19720914,TMIN,68,,,a,
ASN00092045,19720915,TMIN,108,,,a,
ASN00092045,19720916,TMIN,90,,,a,
ASN00092045,19720917,TMIN,90,,,a,
ASN00092045,19720918,TMIN,60,,,a,
ASN00092045,19720919,TMIN,102,,,a,
ASN00092045,19720920,TMIN,100,,,a,
ASN00092045,19720921,TMIN,98,,,a,
ASN00092045,19720922,TMIN,92,,,a,
ASN00092045,19720923,TMIN,108,,,a,
ASN00092045,19720924,TMIN,80,,,a,
ASN00092045,19720925,TMIN,75,,,a,
ASN00092045,19720926,TMIN,90,,,a,
ASN00092045,19720927,TMIN,94,,,a,
ASN00092045,19720928,TMIN,80,,,a,
ASN00092045,19720929,TMIN,68,,,a,
ASN00092045,19720930,TMIN,74,,,a,
ASN00092045,19720901,PRCP,0,,,a,
ASN00092045,19720902,PRCP,0,,,a,
ASN00092045,19720903,PRCP,0,,,a,
ASN00092045,19720904,PRCP,0,,,a,
ASN00092045,19720905,PRCP,0,,,a,
ASN00092045,19720906,PRCP,0,,,a,
ASN00092045,19720907,PRCP,66,,,a,
ASN00092045,19720908,PRCP,25,,,a,
ASN00092045,19720909,PRCP,0,,,a,
ASN00092045,19720910,PRCP,0,,,a,
ASN00092045,19720911,PRCP,0,,,a,
ASN00092045,19720912,PRCP,20,,,a,
ASN00092045,19720913,PRCP,36,,,a,
ASN00092045,19720914,PRCP,0,,,a,
ASN00092045,19720915,PRCP,0,,,a,
ASN00092045,19720916,PRCP,15,,,a,
ASN00092045,19720917,PRCP,3,,,a,
ASN00092045,19720918,PRCP,18,,,a,
ASN00092045,19720919,PRCP,0,,,a,
ASN00092045,19720920,PRCP,0,,,a,
ASN00092045,19720921,PRCP,0,,,a,
ASN00092045,19720922,PRCP,20,,,a,
ASN00092045,19720923,PRCP,0,,,a,
ASN00092045,19720924,PRCP,0,,,a,
ASN00092045,19720925,PRCP,23,,,a,
ASN00092045,19720926,PRCP,18,,,a,
ASN00092045,19720927,PRCP,0,,,a,
ASN00092045,19720928,PRCP,3,,,a,
ASN00092045,19720929,PRCP,0,,,a,
ASN00092045,19720930,PRCP,0,,,a,
ASN00092045,19721001,TMAX,150,,,a,
ASN00092045,19721002,TMAX,165,,,a,
ASN00092045,19721003,TMAX,160,,,a,
ASN00092045,19721004,TMAX,155,,,a,
ASN00092045,19721005,TMAX,152,,,a,
ASN00092045,19721006,TMAX,152,,,a,
ASN00092045,19721007,TMAX,145,,,a,
ASN00092045,19721008,TMAX,194,,,a,
ASN00092045,19721009,TMAX,184,,,a,
ASN00092045,19721010,TMAX,155,,,a,
ASN00092045,19721011,TMAX,129,,,a,
ASN00092045,19721012,TMAX,142,,,a,
ASN00092045,19721013,TMAX,182,,,a,
ASN00092045,19721014,TMAX,158,,,a,
ASN00092045,19721015,TMAX,134,,,a,
ASN00092045,19721016,TMAX,155,,,a,
ASN00092045,19721017,TMAX,149,,,a,
ASN00092045,19721018,TMAX,196,,,a,
ASN00092045,19721019,TMAX,170,,,a,
ASN00092045,19721020,TMAX,220,,,a,
ASN00092045,19721021,TMAX,162,,,a,
ASN00092045,19721022,TMAX,172,,,a,
ASN00092045,19721023,TMAX,190,,,a,
ASN00092045,19721024,TMAX,174,,,a,
ASN00092045,19721025,TMAX,150,,,a,
ASN00092045,19721026,TMAX,142,,,a,
ASN00092045,19721027,TMAX,165,,,a,
ASN00092045,19721028,TMAX,165,,,a,
ASN00092045,19721029,TMAX,175,,,a,
ASN00092045,19721030,TMAX,225,,,a,
ASN00092045,19721031,TMAX,160,,,a,
ASN00092045,19721001,TMIN,82,,,a,
ASN00092045,19721002,TMIN,84,,,a,
ASN00092045,19721003,TMIN,105,,,a,
ASN00092045,19721004,TMIN,125,,,a,
ASN00092045,19721005,TMIN,102,,,a,
ASN00092045,19721006,TMIN,102,,,a,
ASN00092045,19721007,TMIN,105,,,a,
ASN00092045,19721008,TMIN,112,,,a,
ASN00092045,19721009,TMIN,112,,,a,
ASN00092045,19721010,TMIN,89,,,a,
ASN00092045,19721011,TMIN,56,,,a,
ASN00092045,19721012,TMIN,50,,,a,
ASN00092045,19721013,TMIN,42,,,a,
ASN00092045,19721014,TMIN,70,,,a,
ASN00092045,19721015,TMIN,90,,,a,
ASN00092045,19721016,TMIN,75,,,a,
ASN00092045,19721017,TMIN,78,,,a,
ASN00092045,19721018,TMIN,88,,,a,
ASN00092045,19721019,TMIN,107,,,a,
ASN00092045,19721020,TMIN,118,,,a,
ASN00092045,19721021,TMIN,122,,,a,
ASN00092045,19721022,TMIN,85,,,a,
ASN00092045,19721023,TMIN,84,,,a,
ASN00092045,19721024,TMIN,112,,,a,
ASN00092045,19721025,TMIN,87,,,a,
ASN00092045,19721026,TMIN,35,,,a,
ASN00092045,19721027,TMIN,64,,,a,
ASN00092045,19721028,TMIN,80,,,a,
ASN00092045,19721029,TMIN,118,,,a,
ASN00092045,19721030,TMIN,130,,,a,
ASN00092045,19721031,TMIN,120,,,a,
ASN00092045,19721001,PRCP,3,,,a,
ASN00092045,19721002,PRCP,3,,,a,
ASN00092045,19721003,PRCP,3,,,a,
ASN00092045,19721004,PRCP,8,,,a,
ASN00092045,19721005,PRCP,48,,,a,
ASN00092045,19721006,PRCP,33,,,a,
ASN00092045,19721007,PRCP,0,,,a,
ASN00092045,19721008,PRCP,0,,,a,
ASN00092045,19721009,PRCP,0,,,a,
ASN00092045,19721010,PRCP,0,,,a,
ASN00092045,19721011,PRCP,33,,,a,
ASN00092045,19721012,PRCP,8,,,a,
ASN00092045,19721013,PRCP,0,,,a,
ASN00092045,19721014,PRCP,0,,,a,
ASN00092045,19721015,PRCP,0,,,a,
ASN00092045,19721016,PRCP,0,,,a,
ASN00092045,19721017,PRCP,0,,,a,
ASN00092045,19721018,PRCP,0,,,a,
ASN00092045,19721019,PRCP,0,,,a,
ASN00092045,19721020,PRCP,3,,,a,
ASN00092045,19721021,PRCP,0,,,a,
ASN00092045,19721022,PRCP,3,,,a,
ASN00092045,19721023,PRCP,0,,,a,
ASN00092045,19721024,PRCP,0,,,a,
ASN00092045,19721025,PRCP,3,,,a,
ASN00092045,19721026,PRCP,0,,,a,
ASN00092045,19721027,PRCP,0,,,a,
ASN00092045,19721028,PRCP,0,,,a,
ASN00092045,19721029,PRCP,3,,,a,
ASN00092045,19721030,PRCP,0,,,a,
ASN00092045,19721031,PRCP,0,,,a,
ASN00092045,19721101,TMAX,162,,,a,
ASN00092045,19721102,TMAX,146,,,a,
ASN00092045,19721103,TMAX,175,,,a,
ASN00092045,19721104,TMAX,171,,,a,
ASN00092045,19721105,TMAX,167,,,a,
ASN00092045,19721106,TMAX,193,,,a,
ASN00092045,19721107,TMAX,171,,,a,
ASN00092045,19721108,TMAX,190,,,a,
ASN00092045,19721109,TMAX,175,,,a,
ASN00092045,19721110,TMAX,175,,,a,
ASN00092045,19721111,TMAX,162,,,a,
ASN00092045,19721112,TMAX,150,,,a,
ASN00092045,19721113,TMAX,180,,,a,
ASN00092045,19721114,TMAX,166,,,a,
ASN00092045,19721115,TMAX,158,,,a,
ASN00092045,19721116,TMAX,155,,,a,
ASN00092045,19721117,TMAX,187,,,a,
ASN00092045,19721118,TMAX,177,,,a,
ASN00092045,19721119,TMAX,174,,,a,
ASN00092045,19721120,TMAX,159,,,a,
ASN00092045,19721121,TMAX,220,,,a,
ASN00092045,19721122,TMAX,200,,,a,
ASN00092045,19721123,TMAX,182,,,a,
ASN00092045,19721124,TMAX,162,,,a,
ASN00092045,19721125,TMAX,148,,,a,
ASN00092045,19721126,TMAX,150,,,a,
ASN00092045,19721127,TMAX,170,,,a,
ASN00092045,19721128,TMAX,185,,,a,
ASN00092045,19721129,TMAX,190,,,a,
ASN00092045,19721130,TMAX,180,,,a,
ASN00092045,19721101,TMIN,120,,,a,
ASN00092045,19721102,TMIN,100,,,a,
ASN00092045,19721103,TMIN,116,,,a,
ASN00092045,19721104,TMIN,130,,,a,
ASN00092045,19721105,TMIN,129,,,a,
ASN00092045,19721106,TMIN,130,,,a,
ASN00092045,19721107,TMIN,104,,,a,
ASN00092045,19721108,TMIN,100,,,a,
ASN00092045,19721109,TMIN,95,,,a,
ASN00092045,19721110,TMIN,130,,,a,
ASN00092045,19721111,TMIN,105,,,a,
ASN00092045,19721112,TMIN,92,,,a,
ASN00092045,19721113,TMIN,42,,,a,
ASN00092045,19721114,TMIN,88,,,a,
ASN00092045,19721115,TMIN,96,,,a,
ASN00092045,19721116,TMIN,90,,,a,
ASN00092045,19721117,TMIN,126,,,a,
ASN00092045,19721118,TMIN,127,,,a,
ASN00092045,19721119,TMIN,106,,,a,
ASN00092045,19721120,TMIN,117,,,a,
ASN00092045,19721121,TMIN,55,,,a,
ASN00092045,19721122,TMIN,130,,,a,
ASN00092045,19721123,TMIN,135,,,a,
ASN00092045,19721124,TMIN,136,,,a,
ASN00092045,19721125,TMIN,130,,,a,
ASN00092045,19721126,TMIN,114,,,a,
ASN00092045,19721127,TMIN,110,,,a,
ASN00092045,19721128,TMIN,121,,,a,
ASN00092045,19721129,TMIN,128,,,a,
ASN00092045,19721130,TMIN,135,,,a,
ASN00092045,19721101,PRCP,0,,,a,
ASN00092045,19721102,PRCP,0,,,a,
ASN00092045,19721103,PRCP,165,,,a,
ASN00092045,19721104,PRCP,0,,,a,
ASN00092045,19721105,PRCP,0,,,a,
ASN00092045,19721106,PRCP,8,,,a,
ASN00092045,19721107,PRCP,15,,,a,
ASN00092045,19721108,PRCP,0,,,a,
ASN00092045,19721109,PRCP,0,,,a,
ASN00092045,19721110,PRCP,18,,,a,
ASN00092045,19721111,PRCP,94,,,a,
ASN00092045,19721112,PRCP,30,,,a,
ASN00092045,19721113,PRCP,8,,,a,
ASN00092045,19721114,PRCP,0,,,a,
ASN00092045,19721115,PRCP,0,,,a,
ASN00092045,19721116,PRCP,0,,,a,
ASN00092045,19721117,PRCP,8,,,a,
ASN00092045,19721118,PRCP,0,,,a,
ASN00092045,19721119,PRCP,0,,,a,
ASN00092045,19721120,PRCP,13,,,a,
ASN00092045,19721121,PRCP,8,,,a,
ASN00092045,19721122,PRCP,0,,,a,
ASN00092045,19721123,PRCP,0,,,a,
ASN00092045,19721124,PRCP,0,,,a,
ASN00092045,19721125,PRCP,1006,,,a,
ASN00092045,19721126,PRCP,0,,,a,
ASN00092045,19721127,PRCP,0,,,a,
ASN00092045,19721128,PRCP,0,,,a,
ASN00092045,19721129,PRCP,0,,,a,
ASN00092045,19721130,PRCP,0,,,a,
ASN00092045,19721201,TMAX,185,,,a,
ASN00092045,19721202,TMAX,215,,,a,
ASN00092045,19721203,TMAX,168,,,a,
ASN00092045,19721204,TMAX,164,,,a,
ASN00092045,19721205,TMAX,173,,,a,
ASN00092045,19721206,TMAX,205,,,a,
ASN00092045,19721207,TMAX,188,,,a,
ASN00092045,19721208,TMAX,180,,,a,
ASN00092045,19721209,TMAX,192,,,a,
ASN00092045,19721210,TMAX,220,,,a,
ASN00092045,19721211,TMAX,208,,,a,
ASN00092045,19721212,TMAX,194,,,a,
ASN00092045,19721213,TMAX,220,,,a,
ASN00092045,19721214,TMAX,295,,,a,
ASN00092045,19721215,TMAX,196,,,a,
ASN00092045,19721216,TMAX,223,,,a,
ASN00092045,19721217,TMAX,207,,,a,
ASN00092045,19721218,TMAX,221,,,a,
ASN00092045,19721219,TMAX,235,,,a,
ASN00092045,19721220,TMAX,255,,,a,
ASN00092045,19721221,TMAX,284,,,a,
ASN00092045,19721222,TMAX,190,,,a,
ASN00092045,19721223,TMAX,200,,,a,
ASN00092045,19721224,TMAX,200,,,a,
ASN00092045,19721225,TMAX,219,,,a,
ASN00092045,19721226,TMAX,178,,,a,
ASN00092045,19721227,TMAX,238,,,a,
ASN00092045,19721228,TMAX,210,,,a,
ASN00092045,19721229,TMAX,230,,,a,
ASN00092045,19721230,TMAX,212,,,a,
ASN00092045,19721231,TMAX,175,,,a,
ASN00092045,19721201,TMIN,126,,,a,
ASN00092045,19721202,TMIN,135,,,a,
ASN00092045,19721203,TMIN,115,,,a,
ASN00092045,19721204,TMIN,100,,,a,
ASN00092045,19721205,TMIN,132,,,a,
ASN00092045,19721206,TMIN,145,,,a,
ASN00092045,19721207,TMIN,130,,,a,
ASN00092045,19721208,TMIN,90,,,a,
ASN00092045,19721209,TMIN,128,,,a,
ASN00092045,19721210,TMIN,136,,,a,
ASN00092045,19721211,TMIN,145,,,a,
ASN00092045,19721212,TMIN,92,,,a,
ASN00092045,19721213,TMIN,92,,,a,
ASN00092045,19721214,TMIN,142,,,a,
ASN00092045,19721215,TMIN,155,,,a,
ASN00092045,19721216,TMIN,112,,,a,
ASN00092045,19721217,TMIN,117,,,a,
ASN00092045,19721218,TMIN,86,,,a,
ASN00092045,19721219,TMIN,142,,,a,
ASN00092045,19721220,TMIN,134,,,a,
ASN00092045,19721221,TMIN,152,,,a,
ASN00092045,19721222,TMIN,144,,,a,
ASN00092045,19721223,TMIN,138,,,a,
ASN00092045,19721224,TMIN,100,,,a,
ASN00092045,19721225,TMIN,85,,,a,
ASN00092045,19721226,TMIN,126,,,a,
ASN00092045,19721227,TMIN,130,,,a,
ASN00092045,19721228,TMIN,126,,,a,
ASN00092045,19721229,TMIN,140,,,a,
ASN00092045,19721230,TMIN,90,,,a,
ASN00092045,19721231,TMIN,80,,,a,
ASN00092045,19721201,PRCP,0,,,a,
ASN00092045,19721202,PRCP,3,,,a,
ASN00092045,19721203,PRCP,0,,,a,
ASN00092045,19721204,PRCP,0,,,a,
ASN00092045,19721205,PRCP,0,,,a,
ASN00092045,19721206,PRCP,0,,,a,
ASN00092045,19721207,PRCP,0,,,a,
ASN00092045,19721208,PRCP,3,,,a,
ASN00092045,19721209,PRCP,0,,,a,
ASN00092045,19721210,PRCP,0,,,a,
ASN00092045,19721211,PRCP,0,,,a,
ASN00092045,19721212,PRCP,0,,,a,
ASN00092045,19721213,PRCP,0,,,a,
ASN00092045,19721214,PRCP,0,,,a,
ASN00092045,19721215,PRCP,0,,,a,
ASN00092045,19721216,PRCP,0,,,a,
ASN00092045,19721217,PRCP,0,,,a,
ASN00092045,19721218,PRCP,89,,,a,
ASN00092045,19721219,PRCP,0,,,a,
ASN00092045,19721220,PRCP,0,,,a,
ASN00092045,19721221,PRCP,0,,,a,
ASN00092045,19721222,PRCP,0,,,a,
ASN00092045,19721223,PRCP,0,,,a,
ASN00092045,19721224,PRCP,15,,,a,
ASN00092045,19721225,PRCP,15,,,a,
ASN00092045,19721226,PRCP,0,,,a,
ASN00092045,19721227,PRCP,0,,,a,
ASN00092045,19721228,PRCP,0,,,a,
ASN00092045,19721229,PRCP,0,,,a,
ASN00092045,19721230,PRCP,0,,,a,
ASN00092045,19721231,PRCP,0,,,a,
ASN00092045,19730101,TMAX,231,,,a,
ASN00092045,19730102,TMAX,235,,,a,
ASN00092045,19730103,TMAX,280,,,a,
ASN00092045,19730104,TMAX,210,,,a,
ASN00092045,19730105,TMAX,195,,,a,
ASN00092045,19730106,TMAX,215,,,a,
ASN00092045,19730107,TMAX,217,,,a,
ASN00092045,19730108,TMAX,205,,,a,
ASN00092045,19730109,TMAX,209,,,a,
ASN00092045,19730110,TMAX,182,,,a,
ASN00092045,19730111,TMAX,190,,,a,
ASN00092045,19730112,TMAX,210,,,a,
ASN00092045,19730113,TMAX,177,,,a,
ASN00092045,19730114,TMAX,185,,,a,
ASN00092045,19730115,TMAX,195,,,a,
ASN00092045,19730116,TMAX,241,,,a,
ASN00092045,19730117,TMAX,185,,,a,
ASN00092045,19730118,TMAX,210,,,a,
ASN00092045,19730119,TMAX,210,,,a,
ASN00092045,19730120,TMAX,200,,,a,
ASN00092045,19730121,TMAX,305,,,a,
ASN00092045,19730122,TMAX,200,,,a,
ASN00092045,19730123,TMAX,172,,,a,
ASN00092045,19730124,TMAX,204,,,a,
ASN00092045,19730125,TMAX,185,,,a,
ASN00092045,19730126,TMAX,216,,,a,
ASN00092045,19730127,TMAX,195,,,a,
ASN00092045,19730128,TMAX,220,,,a,
ASN00092045,19730129,TMAX,272,,,a,
ASN00092045,19730130,TMAX,208,,,a,
ASN00092045,19730131,TMAX,237,,,a,
ASN00092045,19730101,TMIN,120,,,a,
ASN00092045,19730102,TMIN,133,,,a,
ASN00092045,19730103,TMIN,165,,,a,
ASN00092045,19730104,TMIN,105,,,a,
ASN00092045,19730105,TMIN,130,,,a,
ASN00092045,19730106,TMIN,135,,,a,
ASN00092045,19730107,TMIN,105,,,a,
ASN00092045,19730108,TMIN,102,,,a,
ASN00092045,19730109,TMIN,140,,,a,
ASN00092045,19730110,TMIN,96,,,a,
ASN00092045,19730111,TMIN,135,,,a,
ASN00092045,19730112,TMIN,155,,,a,
ASN00092045,19730113,TMIN,131,,,a,
ASN00092045,19730114,TMIN,86,,,a,
ASN00092045,19730115,TMIN,114,,,a,
ASN00092045,19730116,TMIN,109,,,a,
ASN00092045,19730117,TMIN,146,,,a,
ASN00092045,19730118,TMIN,154,,,a,
ASN00092045,19730119,TMIN,166,,,a,
ASN00092045,19730120,TMIN,160,,,a,
ASN00092045,19730121,TMIN,158,,,a,
ASN00092045,19730122,TMIN,145,,,a,
ASN00092045,19730123,TMIN,144,,,a,
ASN00092045,19730124,TMIN,150,,,a,
ASN00092045,19730125,TMIN,140,,,a,
ASN00092045,19730126,TMIN,136,,,a,
ASN00092045,19730127,TMIN,160,,,a,
ASN00092045,19730128,TMIN,150,,,a,
ASN00092045,19730129,TMIN,173,,,a,
ASN00092045,19730130,TMIN,160,,,a,
ASN00092045,19730131,TMIN,166,,,a,
ASN00092045,19730101,PRCP,0,,,a,
ASN00092045,19730102,PRCP,0,,,a,
ASN00092045,19730103,PRCP,0,,,a,
ASN00092045,19730104,PRCP,0,,,a,
ASN00092045,19730105,PRCP,0,,,a,
ASN00092045,19730106,PRCP,8,,,a,
ASN00092045,19730107,PRCP,5,,,a,
ASN00092045,19730108,PRCP,0,,,a,
ASN00092045,19730109,PRCP,0,,,a,
ASN00092045,19730110,PRCP,0,,,a,
ASN00092045,19730111,PRCP,0,,,a,
ASN00092045,19730112,PRCP,0,,,a,
ASN00092045,19730113,PRCP,135,,,a,
ASN00092045,19730114,PRCP,51,,,a,
ASN00092045,19730115,PRCP,5,,,a,
ASN00092045,19730116,PRCP,0,,,a,
ASN00092045,19730117,PRCP,0,,,a,
ASN00092045,19730118,PRCP,0,,,a,
ASN00092045,19730119,PRCP,0,,,a,
ASN00092045,19730120,PRCP,0,,,a,
ASN00092045,19730121,PRCP,0,,,a,
ASN00092045,19730122,PRCP,0,,,a,
ASN00092045,19730123,PRCP,0,,,a,
ASN00092045,19730124,PRCP,102,,,a,
ASN00092045,19730125,PRCP,13,,,a,
ASN00092045,19730126,PRCP,0,,,a,
ASN00092045,19730127,PRCP,0,,,a,
ASN00092045,19730128,PRCP,0,,,a,
ASN00092045,19730129,PRCP,0,,,a,
ASN00092045,19730130,PRCP,0,,,a,
ASN00092045,19730131,PRCP,20,,,a,
ASN00092045,19730101,TAVG,183,H,,S,
ASN00092045,19730102,TAVG,179,H,,S,
ASN00092045,19730103,TAVG,178,H,,S,
ASN00092045,19730104,TAVG,166,H,,S,
ASN00092045,19730105,TAVG,158,H,,S,
ASN00092045,19730106,TAVG,181,H,,S,
ASN00092045,19730107,TAVG,152,H,,S,
ASN00092045,19730108,TAVG,159,H,,S,
ASN00092045,19730109,TAVG,157,H,,S,
ASN00092045,19730110,TAVG,161,H,,S,
ASN00092045,19730111,TAVG,177,H,,S,
ASN00092045,19730112,TAVG,178,H,,S,
ASN00092045,19730113,TAVG,141,H,,S,
ASN00092045,19730114,TAVG,153,H,,S,
ASN00092045,19730115,TAVG,156,H,,S,
ASN00092045,19730116,TAVG,176,H,,S,
ASN00092045,19730117,TAVG,178,H,,S,
ASN00092045,19730118,TAVG,185,H,,S,
ASN00092045,19730120,TAVG,185,H,,S,
ASN00092045,19730121,TAVG,196,H,,S,
ASN00092045,19730122,TAVG,160,H,,S,
ASN00092045,19730123,TAVG,162,H,,S,
ASN00092045,19730124,TAVG,168,H,,S,
ASN00092045,19730125,TAVG,164,H,,S,
ASN00092045,19730126,TAVG,175,H,,S,
ASN00092045,19730127,TAVG,174,H,,S,
ASN00092045,19730128,TAVG,197,H,,S,
ASN00092045,19730129,TAVG,198,H,,S,
ASN00092045,19730130,TAVG,187,H,,S,
ASN00092045,19730131,TAVG,173,H,,S,
ASN00092045,19730201,TMAX,220,,,a,
ASN00092045,19730202,TMAX,235,,,a,
ASN00092045,19730203,TMAX,240,,,a,
ASN00092045,19730204,TMAX,236,,,a,
ASN00092045,19730205,TMAX,210,,,a,
ASN00092045,19730206,TMAX,175,,,a,
ASN00092045,19730207,TMAX,180,,,a,
ASN00092045,19730208,TMAX,200,,,a,
ASN00092045,19730209,TMAX,222,,,a,
ASN00092045,19730210,TMAX,175,,,a,
ASN00092045,19730211,TMAX,198,,,a,
ASN00092045,19730212,TMAX,202,,,a,
ASN00092045,19730213,TMAX,196,,,a,
ASN00092045,19730214,TMAX,208,,,a,
ASN00092045,19730215,TMAX,187,,,a,
ASN00092045,19730216,TMAX,205,,,a,
ASN00092045,19730217,TMAX,215,,,a,
ASN00092045,19730218,TMAX,215,,,a,
ASN00092045,19730219,TMAX,228,,,a,
ASN00092045,19730220,TMAX,182,,,a,
ASN00092045,19730221,TMAX,165,,,a,
ASN00092045,19730222,TMAX,212,,,a,
ASN00092045,19730223,TMAX,219,,,a,
ASN00092045,19730224,TMAX,212,,,a,
ASN00092045,19730225,TMAX,215,,,a,
ASN00092045,19730226,TMAX,201,,,a,
ASN00092045,19730227,TMAX,225,,,a,
ASN00092045,19730228,TMAX,202,,,a,
ASN00092045,19730201,TMIN,122,,,a,
ASN00092045,19730202,TMIN,142,,,a,
ASN00092045,19730203,TMIN,150,,,a,
ASN00092045,19730204,TMIN,165,,,a,
ASN00092045,19730205,TMIN,158,,,a,
ASN00092045,19730206,TMIN,160,,,a,
ASN00092045,19730207,TMIN,88,,,a,
ASN00092045,19730208,TMIN,123,,,a,
ASN00092045,19730209,TMIN,142,,,a,
ASN00092045,19730210,TMIN,120,,,a,
ASN00092045,19730211,TMIN,128,,,a,
ASN00092045,19730212,TMIN,148,,,a,
ASN00092045,19730213,TMIN,152,,,a,
ASN00092045,19730214,TMIN,168,,,a,
ASN00092045,19730215,TMIN,155,,,a,
ASN00092045,19730216,TMIN,150,,,a,
ASN00092045,19730217,TMIN,162,,,a,
ASN00092045,19730218,TMIN,180,,,a,
ASN00092045,19730219,TMIN,175,,,a,
ASN00092045,19730220,TMIN,150,,,a,
ASN00092045,19730221,TMIN,150,,,a,
ASN00092045,19730222,TMIN,150,,,a,
ASN00092045,19730223,TMIN,130,,,a,
ASN00092045,19730224,TMIN,166,,,a,
ASN00092045,19730225,TMIN,171,,,a,
ASN00092045,19730226,TMIN,175,,,a,
ASN00092045,19730227,TMIN,189,,,a,
ASN00092045,19730228,TMIN,175,,,a,
ASN00092045,19730201,PRCP,0,,,a,
ASN00092045,19730202,PRCP,0,,,a,
ASN00092045,19730203,PRCP,0,,,a,
ASN00092045,19730204,PRCP,0,,,a,
ASN00092045,19730205,PRCP,122,,,a,
ASN00092045,19730206,PRCP,363,,,a,
ASN00092045,19730207,PRCP,251,,,a,
ASN00092045,19730208,PRCP,0,,,a,
ASN00092045,19730209,PRCP,0,,,a,
ASN00092045,19730210,PRCP,0,,,a,
ASN00092045,19730211,PRCP,0,,,a,
ASN00092045,19730212,PRCP,0,,,a,
ASN00092045,19730213,PRCP,0,,,a,
ASN00092045,19730214,PRCP,3,,,a,
ASN00092045,19730215,PRCP,0,,,a,
ASN00092045,19730216,PRCP,0,,,a,
ASN00092045,19730217,PRCP,0,,,a,
ASN00092045,19730218,PRCP,0,,,a,
ASN00092045,19730219,PRCP,10,,,a,
ASN00092045,19730220,PRCP,0,,,a,
ASN00092045,19730221,PRCP,18,,,a,
ASN00092045,19730222,PRCP,147,,,a,
ASN00092045,19730223,PRCP,0,,,a,
ASN00092045,19730224,PRCP,0,,,a,
ASN00092045,19730225,PRCP,8,,,a,
ASN00092045,19730226,PRCP,0,,,a,
ASN00092045,19730227,PRCP,0,,,a,
ASN00092045,19730228,PRCP,25,,,a,
ASN00092045,19730201,TAVG,180,H,,S,
ASN00092045,19730202,TAVG,191,H,,S,
ASN00092045,19730203,TAVG,201,H,,S,
ASN00092045,19730204,TAVG,183,H,,S,
ASN00092045,19730205,TAVG,177,H,,S,
ASN00092045,19730206,TAVG,128,H,,S,
ASN00092045,19730207,TAVG,151,H,,S,
ASN00092045,19730208,TAVG,165,H,,S,
ASN00092045,19730209,TAVG,157,H,,S,
ASN00092045,19730210,TAVG,153,H,,S,
ASN00092045,19730211,TAVG,161,H,,S,
ASN00092045,19730212,TAVG,177,H,,S,
ASN00092045,19730213,TAVG,179,H,,S,
ASN00092045,19730214,TAVG,182,H,,S,
ASN00092045,19730215,TAVG,167,H,,S,
ASN00092045,19730216,TAVG,184,H,,S,
ASN00092045,19730217,TAVG,195,H,,S,
ASN00092045,19730218,TAVG,193,H,,S,
ASN00092045,19730219,TAVG,171,H,,S,
ASN00092045,19730220,TAVG,163,H,,S,
ASN00092045,19730221,TAVG,163,H,,S,
ASN00092045,19730222,TAVG,188,H,,S,
ASN00092045,19730223,TAVG,187,H,,S,
ASN00092045,19730225,TAVG,188,H,,S,
ASN00092045,19730226,TAVG,196,H,,S,
ASN00092045,19730227,TAVG,198,H,,S,
ASN00092045,19730228,TAVG,176,H,,S,
ASN00092045,19730301,TMAX,200,,,a,
ASN00092045,19730302,TMAX,216,,,a,
ASN00092045,19730303,TMAX,188,,,a,
ASN00092045,19730304,TMAX,206,,,a,
ASN00092045,19730305,TMAX,220,,,a,
ASN00092045,19730306,TMAX,192,,,a,
ASN00092045,19730307,TMAX,210,,,a,
ASN00092045,19730308,TMAX,198,,,a,
ASN00092045,19730309,TMAX,178,,,a,
ASN00092045,19730310,TMAX,220,,,a,
ASN00092045,19730311,TMAX,205,,,a,
ASN00092045,19730312,TMAX,218,,,a,
ASN00092045,19730313,TMAX,195,,,a,
ASN00092045,19730314,TMAX,161,,,a,
ASN00092045,19730315,TMAX,167,,,a,
ASN00092045,19730316,TMAX,186,,,a,
ASN00092045,19730317,TMAX,210,,,a,
ASN00092045,19730318,TMAX,220,,,a,
ASN00092045,19730319,TMAX,190,,,a,
ASN00092045,19730320,TMAX,200,,,a,
ASN00092045,19730321,TMAX,195,,,a,
ASN00092045,19730322,TMAX,198,,,a,
ASN00092045,19730323,TMAX,180,,,a,
ASN00092045,19730324,TMAX,190,,,a,
ASN00092045,19730325,TMAX,195,,,a,
ASN00092045,19730326,TMAX,205,,,a,
ASN00092045,19730327,TMAX,210,,,a,
ASN00092045,19730328,TMAX,185,,,a,
ASN00092045,19730329,TMAX,160,,,a,
ASN00092045,19730330,TMAX,165,,,a,
ASN00092045,19730331,TMAX,166,,,a,
ASN00092045,19730301,TMIN,152,,,a,
ASN00092045,19730302,TMIN,130,,,a,
ASN00092045,19730303,TMIN,110,,,a,
ASN00092045,19730304,TMIN,104,,,a,
ASN00092045,19730305,TMIN,134,,,a,
ASN00092045,19730306,TMIN,140,,,a,
ASN00092045,19730307,TMIN,148,,,a,
ASN00092045,19730308,TMIN,122,,,a,
ASN00092045,19730309,TMIN,105,,,a,
ASN00092045,19730310,TMIN,134,,,a,
ASN00092045,19730311,TMIN,155,,,a,
ASN00092045,19730312,TMIN,175,,,a,
ASN00092045,19730313,TMIN,130,,,a,
ASN00092045,19730314,TMIN,102,,,a,
ASN00092045,19730315,TMIN,110,,,a,
ASN00092045,19730316,TMIN,100,,,a,
ASN00092045,19730317,TMIN,126,,,a,
ASN00092045,19730318,TMIN,165,,,a,
ASN00092045,19730319,TMIN,100,,,a,
ASN00092045,19730320,TMIN,132,,,a,
ASN00092045,19730321,TMIN,125,,,a,
ASN00092045,19730322,TMIN,115,,,a,
ASN00092045,19730323,TMIN,115,,,a,
ASN00092045,19730324,TMIN,112,,,a,
ASN00092045,19730325,TMIN,124,,,a,
ASN00092045,19730326,TMIN,155,,,a,
ASN00092045,19730327,TMIN,160,,,a,
ASN00092045,19730328,TMIN,166,,,a,
ASN00092045,19730329,TMIN,80,,,a,
ASN00092045,19730330,TMIN,95,,,a,
ASN00092045,19730331,TMIN,60,,,a,
ASN00092045,19730301,PRCP,180,,,a,
ASN00092045,19730302,PRCP,3,,,a,
ASN00092045,19730303,PRCP,0,,,a,
ASN00092045,19730304,PRCP,0,,,a,
ASN00092045,19730305,PRCP,0,,,a,
ASN00092045,19730306,PRCP,0,,,a,
ASN00092045,19730307,PRCP,43,,,a,
ASN00092045,19730308,PRCP,41,,,a,
ASN00092045,19730309,PRCP,0,,,a,
ASN00092045,19730310,PRCP,13,,,a,
ASN00092045,19730311,PRCP,0,,,a,
ASN00092045,19730312,PRCP,13,,,a,
ASN00092045,19730313,PRCP,15,,,a,
ASN00092045,19730314,PRCP,102,,,a,
ASN00092045,19730315,PRCP,0,,,a,
ASN00092045,19730316,PRCP,0,,,a,
ASN00092045,19730317,PRCP,0,,,a,
ASN00092045,19730318,PRCP,3,,,a,
ASN00092045,19730319,PRCP,25,,,a,
ASN00092045,19730320,PRCP,0,,,a,
ASN00092045,19730321,PRCP,0,,,a,
ASN00092045,19730322,PRCP,0,,,a,
ASN00092045,19730323,PRCP,0,,,a,
ASN00092045,19730324,PRCP,0,,,a,
ASN00092045,19730325,PRCP,0,,,a,
ASN00092045,19730326,PRCP,109,,,a,
ASN00092045,19730327,PRCP,3,,,a,
ASN00092045,19730328,PRCP,20,,,a,
ASN00092045,19730329,PRCP,5,,,a,
ASN00092045,19730330,PRCP,160,,,a,
ASN00092045,19730331,PRCP,3,,,a,
ASN00092045,19730301,TAVG,171,H,,S,
ASN00092045,19730302,TAVG,173,H,,S,
ASN00092045,19730303,TAVG,152,H,,S,
ASN00092045,19730304,TAVG,174,H,,S,
ASN00092045,19730305,TAVG,162,H,,S,
ASN00092045,19730306,TAVG,167,H,,S,
ASN00092045,19730307,TAVG,162,H,,S,
ASN00092045,19730308,TAVG,149,H,,S,
ASN00092045,19730309,TAVG,164,H,,S,
ASN00092045,19730310,TAVG,186,H,,S,
ASN00092045,19730311,TAVG,190,H,,S,
ASN00092045,19730312,TAVG,172,H,,S,
ASN00092045,19730313,TAVG,130,H,,S,
ASN00092045,19730314,TAVG,145,H,,S,
ASN00092045,19730315,TAVG,142,H,,S,
ASN00092045,19730316,TAVG,154,H,,S,
ASN00092045,19730317,TAVG,182,H,,S,
ASN00092045,19730318,TAVG,152,H,,S,
ASN00092045,19730319,TAVG,152,H,,S,
ASN00092045,19730320,TAVG,161,H,,S,
ASN00092045,19730321,TAVG,157,H,,S,
ASN00092045,19730322,TAVG,145,H,,S,
ASN00092045,19730323,TAVG,140,H,,S,
ASN00092045,19730324,TAVG,160,H,,S,
ASN00092045,19730325,TAVG,178,H,,S,
ASN00092045,19730326,TAVG,195,H,,S,
ASN00092045,19730327,TAVG,184,H,,S,
ASN00092045,19730328,TAVG,122,H,,S,
ASN00092045,19730329,TAVG,122,H,,S,
ASN00092045,19730330,TAVG,107,H,,S,
ASN00092045,19730331,TAVG,120,H,,S,
ASN00092045,19730401,TMAX,175,,,a,
ASN00092045,19730402,TMAX,190,,,a,
ASN00092045,19730403,TMAX,201,,,a,
ASN00092045,19730404,TMAX,205,,,a,
ASN00092045,19730405,TMAX,232,,,a,
ASN00092045,19730406,TMAX,200,,,a,
ASN00092045,19730407,TMAX,187,,,a,
ASN00092045,19730408,TMAX,173,,,a,
ASN00092045,19730409,TMAX,175,,,a,
ASN00092045,19730410,TMAX,181,,,a,
ASN00092045,19730411,TMAX,187,,,a,
ASN00092045,19730412,TMAX,224,,,a,
ASN00092045,19730413,TMAX,230,,,a,
ASN00092045,19730414,TMAX,225,,,a,
ASN00092045,19730415,TMAX,186,,,a,
ASN00092045,19730416,TMAX,196,,,a,
ASN00092045,19730417,TMAX,170,,,a,
ASN00092045,19730418,TMAX,170,,,a,
ASN00092045,19730419,TMAX,168,,,a,
ASN00092045,19730420,TMAX,155,,,a,
ASN00092045,19730421,TMAX,179,,,a,
ASN00092045,19730422,TMAX,140,,,a,
ASN00092045,19730423,TMAX,183,,,a,
ASN00092045,19730424,TMAX,176,,,a,
ASN00092045,19730425,TMAX,207,,,a,
ASN00092045,19730426,TMAX,201,,,a,
ASN00092045,19730427,TMAX,171,,,a,
ASN00092045,19730428,TMAX,170,,,a,
ASN00092045,19730429,TMAX,165,,,a,
ASN00092045,19730430,TMAX,175,,,a,
ASN00092045,19730401,TMIN,78,,,a,
ASN00092045,19730402,TMIN,138,,,a,
ASN00092045,19730403,TMIN,160,,,a,
ASN00092045,19730404,TMIN,127,,,a,
ASN00092045,19730405,TMIN,172,,,a,
ASN00092045,19730406,TMIN,145,,,a,
ASN00092045,19730407,TMIN,117,,,a,
ASN00092045,19730408,TMIN,126,,,a,
ASN00092045,19730409,TMIN,127,,,a,
ASN00092045,19730410,TMIN,116,,,a,
ASN00092045,19730411,TMIN,133,,,a,
ASN00092045,19730412,TMIN,126,,,a,
ASN00092045,19730413,TMIN,119,,,a,
ASN00092045,19730414,TMIN,150,,,a,
ASN00092045,19730415,TMIN,164,,,a,
ASN00092045,19730416,TMIN,145,,,a,
ASN00092045,19730417,TMIN,135,,,a,
ASN00092045,19730418,TMIN,150,,,a,
ASN00092045,19730419,TMIN,116,,,a,
ASN00092045,19730420,TMIN,82,,,a,
ASN00092045,19730421,TMIN,86,,,a,
ASN00092045,19730422,TMIN,78,,,a,
ASN00092045,19730423,TMIN,104,,,a,
ASN00092045,19730424,TMIN,116,,,a,
ASN00092045,19730425,TMIN,125,,,a,
ASN00092045,19730426,TMIN,152,,,a,
ASN00092045,19730427,TMIN,150,,,a,
ASN00092045,19730428,TMIN,143,,,a,
ASN00092045,19730429,TMIN,126,,,a,
ASN00092045,19730430,TMIN,141,,,a,
ASN00092045,19730401,PRCP,0,,,a,
ASN00092045,19730402,PRCP,0,,,a,
ASN00092045,19730403,PRCP,0,,,a,
ASN00092045,19730404,PRCP,3,,,a,
ASN00092045,19730405,PRCP,5,,,a,
ASN00092045,19730406,PRCP,3,,,a,
ASN00092045,19730407,PRCP,0,,,a,
ASN00092045,19730408,PRCP,10,,,a,
ASN00092045,19730409,PRCP,18,,,a,
ASN00092045,19730410,PRCP,5,,,a,
ASN00092045,19730411,PRCP,0,,,a,
ASN00092045,19730412,PRCP,0,,,a,
ASN00092045,19730413,PRCP,0,,,a,
ASN00092045,19730414,PRCP,0,,,a,
ASN00092045,19730415,PRCP,0,,,a,
ASN00092045,19730416,PRCP,8,,,a,
ASN00092045,19730417,PRCP,18,,,a,
ASN00092045,19730418,PRCP,3,,,a,
ASN00092045,19730419,PRCP,117,,,a,
ASN00092045,19730420,PRCP,104,,,a,
ASN00092045,19730421,PRCP,28,,,a,
ASN00092045,19730422,PRCP,61,,,a,
ASN00092045,19730423,PRCP,0,,,a,
ASN00092045,19730424,PRCP,0,,,a,
ASN00092045,19730425,PRCP,0,,,a,
ASN00092045,19730426,PRCP,3,,,a,
ASN00092045,19730427,PRCP,53,,,a,
ASN00092045,19730428,PRCP,33,,,a,
ASN00092045,19730429,PRCP,46,,,a,
ASN00092045,19730430,PRCP,0,,,a,
ASN00092045,19730401,TAVG,152,H,,S,
ASN00092045,19730402,TAVG,183,H,,S,
ASN00092045,19730403,TAVG,166,H,,S,
ASN00092045,19730404,TAVG,188,H,,S,
ASN00092045,19730405,TAVG,177,H,,S,
ASN00092045,19730406,TAVG,156,H,,S,
ASN00092045,19730407,TAVG,151,H,,S,
ASN00092045,19730408,TAVG,145,H,,S,
ASN00092045,19730410,TAVG,157,H,,S,
ASN00092045,19730411,TAVG,160,H,,S,
ASN00092045,19730412,TAVG,168,H,,S,
ASN00092045,19730413,TAVG,173,H,,S,
ASN00092045,19730414,TAVG,187,H,,S,
ASN00092045,19730415,TAVG,162,H,,S,
ASN00092045,19730416,TAVG,158,H,,S,
ASN00092045,19730417,TAVG,158,H,,S,
ASN00092045,19730419,TAVG,120,H,,S,
ASN00092045,19730420,TAVG,115,H,,S,
ASN00092045,19730421,TAVG,138,H,,S,
ASN00092045,19730422,TAVG,124,H,,S,
ASN00092045,19730424,TAVG,149,H,,S,
ASN00092045,19730425,TAVG,167,H,,S,
ASN00092045,19730426,TAVG,170,H,,S,
ASN00092045,19730427,TAVG,156,H,,S,
ASN00092045,19730428,TAVG,142,H,,S,
ASN00092045,19730429,TAVG,152,H,,S,
ASN00092045,19730430,TAVG,151,H,,S,
ASN00092045,19730501,TMAX,175,,,a,
ASN00092045,19730502,TMAX,168,,,a,
ASN00092045,19730503,TMAX,154,,,a,
ASN00092045,19730504,TMAX,175,,,a,
ASN00092045,19730505,TMAX,179,,,a,
ASN00092045,19730506,TMAX,179,,,a,
ASN00092045,19730507,TMAX,150,,,a,
ASN00092045,19730508,TMAX,155,,,a,
ASN00092045,19730509,TMAX,157,,,a,
ASN00092045,19730510,TMAX,171,,,a,
ASN00092045,19730511,TMAX,166,,,a,
ASN00092045,19730512,TMAX,175,,,a,
ASN00092045,19730513,TMAX,175,,,a,
ASN00092045,19730514,TMAX,154,,,a,
ASN00092045,19730515,TMAX,140,,,a,
ASN00092045,19730516,TMAX,161,,,a,
ASN00092045,19730517,TMAX,132,,,a,
ASN00092045,19730518,TMAX,178,,,a,
ASN00092045,19730519,TMAX,151,,,a,
ASN00092045,19730520,TMAX,160,,,a,
ASN00092045,19730521,TMAX,147,,,a,
ASN00092045,19730522,TMAX,145,,,a,
ASN00092045,19730523,TMAX,156,,,a,
ASN00092045,19730524,TMAX,156,,,a,
ASN00092045,19730525,TMAX,154,,,a,
ASN00092045,19730526,TMAX,140,,,a,
ASN00092045,19730527,TMAX,136,,,a,
ASN00092045,19730528,TMAX,150,,,a,
ASN00092045,19730529,TMAX,136,,,a,
ASN00092045,19730530,TMAX,150,,,a,
ASN00092045,19730531,TMAX,175,,,a,
ASN00092045,19730501,TMIN,136,,,a,
ASN00092045,19730502,TMIN,150,,,a,
ASN00092045,19730503,TMIN,121,,,a,
ASN00092045,19730504,TMIN,130,,,a,
ASN00092045,19730505,TMIN,140,,,a,
ASN00092045,19730506,TMIN,107,,,a,
ASN00092045,19730507,TMIN,126,,,a,
ASN00092045,19730508,TMIN,96,,,a,
ASN00092045,19730509,TMIN,108,,,a,
ASN00092045,19730510,TMIN,127,,,a,
ASN00092045,19730511,TMIN,103,,,a,
ASN00092045,19730512,TMIN,115,,,a,
ASN00092045,19730513,TMIN,75,,,a,
ASN00092045,19730514,TMIN,75,,,a,
ASN00092045,19730515,TMIN,60,,,a,
ASN00092045,19730516,TMIN,90,,,a,
ASN00092045,19730517,TMIN,44,,,a,
ASN00092045,19730518,TMIN,81,,,a,
ASN00092045,19730519,TMIN,96,,,a,
ASN00092045,19730520,TMIN,106,,,a,
ASN00092045,19730521,TMIN,107,,,a,
ASN00092045,19730522,TMIN,86,,,a,
ASN00092045,19730523,TMIN,122,,,a,
ASN00092045,19730524,TMIN,57,,,a,
ASN00092045,19730525,TMIN,86,,,a,
ASN00092045,19730526,TMIN,67,,,a,
ASN00092045,19730527,TMIN,50,,,a,
ASN00092045,19730528,TMIN,85,,,a,
ASN00092045,19730529,TMIN,108,,,a,
ASN00092045,19730530,TMIN,100,,,a,
ASN00092045,19730531,TMIN,118,,,a,
ASN00092045,19730501,PRCP,0,,,a,
ASN00092045,19730502,PRCP,114,,,a,
ASN00092045,19730503,PRCP,135,,,a,
ASN00092045,19730504,PRCP,0,,,a,
ASN00092045,19730505,PRCP,8,,,a,
ASN00092045,19730506,PRCP,13,,,a,
ASN00092045,19730507,PRCP,18,,,a,
ASN00092045,19730508,PRCP,36,,,a,
ASN00092045,19730509,PRCP,0,,,a,
ASN00092045,19730510,PRCP,5,,,a,
ASN00092045,19730511,PRCP,36,,,a,
ASN00092045,19730512,PRCP,25,,,a,
ASN00092045,19730513,PRCP,0,,,a,
ASN00092045,19730514,PRCP,15,,,a,
ASN00092045,19730515,PRCP,122,,,a,
ASN00092045,19730516,PRCP,8,,,a,
ASN00092045,19730517,PRCP,5,,,a,
ASN00092045,19730518,PRCP,0,,,a,
ASN00092045,19730519,PRCP,0,,,a,
ASN00092045,19730520,PRCP,0,,,a,
ASN00092045,19730521,PRCP,0,,,a,
ASN00092045,19730522,PRCP,0,,,a,
ASN00092045,19730523,PRCP,3,,,a,
ASN00092045,19730524,PRCP,10,,,a,
ASN00092045,19730525,PRCP,15,,,a,
ASN00092045,19730526,PRCP,46,,,a,
ASN00092045,19730527,PRCP,0,,,a,
ASN00092045,19730528,PRCP,0,,,a,
ASN00092045,19730529,PRCP,51,,,a,
ASN00092045,19730530,PRCP,79,,,a,
ASN00092045,19730531,PRCP,0,,,a,
ASN00092045,19730501,TAVG,160,H,,S,
ASN00092045,19730502,TAVG,137,H,,S,
ASN00092045,19730503,TAVG,140,H,,S,
ASN00092045,19730504,TAVG,157,H,,S,
ASN00092045,19730505,TAVG,140,H,,S,
ASN00092045,19730506,TAVG,155,H,,S,
ASN00092045,19730507,TAVG,109,H,,S,
ASN00092045,19730508,TAVG,132,H,,S,
ASN00092045,19730509,TAVG,143,H,,S,
ASN00092045,19730510,TAVG,121,H,,S,
ASN00092045,19730511,TAVG,146,H,,S,
ASN00092045,19730512,TAVG,115,H,,S,
ASN00092045,19730513,TAVG,138,H,,S,
ASN00092045,19730514,TAVG,102,H,,S,
ASN00092045,19730515,TAVG,122,H,,S,
ASN00092045,19730516,TAVG,97,H,,S,
ASN00092045,19730517,TAVG,118,H,,S,
ASN00092045,19730519,TAVG,122,H,,S,
ASN00092045,19730520,TAVG,126,H,,S,
ASN00092045,19730521,TAVG,127,H,,S,
ASN00092045,19730522,TAVG,133,H,,S,
ASN00092045,19730523,TAVG,105,H,,S,
ASN00092045,19730524,TAVG,137,H,,S,
ASN00092045,19730525,TAVG,110,H,,S,
ASN00092045,19730526,TAVG,93,H,,S,
ASN00092045,19730527,TAVG,113,H,,S,
ASN00092045,19730528,TAVG,122,H,,S,
ASN00092045,19730529,TAVG,122,H,,S,
ASN00092045,19730530,TAVG,132,H,,S,
ASN00092045,19730531,TAVG,147,H,,S,
ASN00092045,19730601,TMAX,159,,,a,
ASN00092045,19730602,TMAX,140,,,a,
ASN00092045,19730603,TMAX,130,,,a,
ASN00092045,19730604,TMAX,128,,,a,
ASN00092045,19730605,TMAX,108,,,a,
ASN00092045,19730606,TMAX,116,,,a,
ASN00092045,19730607,TMAX,88,,,a,
ASN00092045,19730608,TMAX,104,,,a,
ASN00092045,19730609,TMAX,115,,,a,
ASN00092045,19730610,TMAX,110,,,a,
ASN00092045,19730611,TMAX,122,,,a,
ASN00092045,19730612,TMAX,133,,,a,
ASN00092045,19730613,TMAX,124,,,a,
ASN00092045,19730614,TMAX,140,,,a,
ASN00092045,19730615,TMAX,110,,,a,
ASN00092045,19730616,TMAX,109,,,a,
ASN00092045,19730617,TMAX,123,,,a,
ASN00092045,19730618,TMAX,150,,,a,
ASN00092045,19730619,TMAX,140,,,a,
ASN00092045,19730620,TMAX,140,,,a,
ASN00092045,19730621,TMAX,132,,,a,
ASN00092045,19730622,TMAX,134,,,a,
ASN00092045,19730623,TMAX,142,,,a,
ASN00092045,19730624,TMAX,115,,,a,
ASN00092045,19730625,TMAX,120,,,a,
ASN00092045,19730626,TMAX,120,,,a,
ASN00092045,19730627,TMAX,121,,,a,
ASN00092045,19730628,TMAX,115,,,a,
ASN00092045,19730629,TMAX,133,,,a,
ASN00092045,19730630,TMAX,140,,,a,
ASN00092045,19730601,TMIN,125,,,a,
ASN00092045,19730602,TMIN,110,,,a,
ASN00092045,19730603,TMIN,64,,,a,
ASN00092045,19730604,TMIN,45,,,a,
ASN00092045,19730605,TMIN,70,,,a,
ASN00092045,19730606,TMIN,31,,,a,
ASN00092045,19730607,TMIN,1,,,a,
ASN00092045,19730608,TMIN,6,,,a,
ASN00092045,19730609,TMIN,41,,,a,
ASN00092045,19730610,TMIN,80,,,a,
ASN00092045,19730611,TMIN,75,,,a,
ASN00092045,19730612,TMIN,78,,,a,
ASN00092045,19730613,TMIN,90,,,a,
ASN00092045,19730614,TMIN,90,,,a,
ASN00092045,19730615,TMIN,84,,,a,
ASN00092045,19730616,TMIN,86,,,a,
ASN00092045,19730617,TMIN,85,,,a,
ASN00092045,19730618,TMIN,93,,,a,
ASN00092045,19730619,TMIN,100,,,a,
ASN00092045,19730620,TMIN,88,,,a,
ASN00092045,19730621,TMIN,99,,,a,
ASN00092045,19730622,TMIN,90,,,a,
ASN00092045,19730623,TMIN,58,,,a,
ASN00092045,19730624,TMIN,86,,,a,
ASN00092045,19730625,TMIN,68,,,a,
ASN00092045,19730626,TMIN,25,,,a,
ASN00092045,19730627,TMIN,40,,,a,
ASN00092045,19730628,TMIN,20,,,a,
ASN00092045,19730629,TMIN,40,,,a,
ASN00092045,19730630,TMIN,84,,,a,
ASN00092045,19730601,PRCP,3,,,a,
ASN00092045,19730602,PRCP,41,,,a,
ASN00092045,19730603,PRCP,8,,,a,
ASN00092045,19730604,PRCP,30,,,a,
ASN00092045,19730605,PRCP,394,,,a,
ASN00092045,19730606,PRCP,0,,,a,
ASN00092045,19730607,PRCP,0,,,a,
ASN00092045,19730608,PRCP,0,,,a,
ASN00092045,19730609,PRCP,0,,,a,
ASN00092045,19730610,PRCP,30,,,a,
ASN00092045,19730611,PRCP,5,,,a,
ASN00092045,19730612,PRCP,3,,,a,
ASN00092045,19730613,PRCP,20,,,a,
ASN00092045,19730614,PRCP,0,,,a,
ASN00092045,19730615,PRCP,74,,,a,
ASN00092045,19730616,PRCP,8,,,a,
ASN00092045,19730617,PRCP,0,,,a,
ASN00092045,19730618,PRCP,8,,,a,
ASN00092045,19730619,PRCP,13,,,a,
ASN00092045,19730620,PRCP,0,,,a,
ASN00092045,19730621,PRCP,86,,,a,
ASN00092045,19730622,PRCP,38,,,a,
ASN00092045,19730623,PRCP,0,,,a,
ASN00092045,19730624,PRCP,58,,,a,
ASN00092045,19730625,PRCP,185,,,a,
ASN00092045,19730626,PRCP,28,,,a,
ASN00092045,19730627,PRCP,0,,,a,
ASN00092045,19730628,PRCP,0,,,a,
ASN00092045,19730629,PRCP,0,,,a,
ASN00092045,19730630,PRCP,8,,,a,
ASN00092045,19730601,TAVG,138,H,,S,
ASN00092045,19730602,TAVG,97,H,,S,
ASN00092045,19730603,TAVG,93,H,,S,
ASN00092045,19730604,TAVG,97,H,,S,
ASN00092045,19730605,TAVG,68,H,,S,
ASN00092045,19730606,TAVG,58,H,,S,
ASN00092045,19730607,TAVG,58,H,,S,
ASN00092045,19730608,TAVG,88,H,,S,
ASN00092045,19730609,TAVG,93,H,,S,
ASN00092045,19730610,TAVG,88,H,,S,
ASN00092045,19730611,TAVG,103,H,,S,
ASN00092045,19730612,TAVG,124,H,,S,
ASN00092045,19730613,TAVG,113,H,,S,
ASN00092045,19730614,TAVG,112,H,,S,
ASN00092045,19730615,TAVG,98,H,,S,
ASN00092045,19730616,TAVG,97,H,,S,
ASN00092045,19730617,TAVG,107,H,,S,
ASN00092045,19730618,TAVG,122,H,,S,
ASN00092045,19730619,TAVG,112,H,,S,
ASN00092045,19730620,TAVG,134,H,,S,
ASN00092045,19730621,TAVG,118,H,,S,
ASN00092045,19730622,TAVG,95,H,,S,
ASN00092045,19730623,TAVG,118,H,,S,
ASN00092045,19730624,TAVG,92,H,,S,
ASN00092045,19730626,TAVG,85,H,,S,
ASN00092045,19730627,TAVG,72,H,,S,
ASN00092045,19730628,TAVG,83,H,,S,
ASN00092045,19730629,TAVG,124,H,,S,
ASN00092045,19730630,TAVG,115,H,,S,
ASN00092045,19730701,TMAX,138,,,a,
ASN00092045,19730702,TMAX,138,,,a,
ASN00092045,19730703,TMAX,130,,,a,
ASN00092045,19730704,TMAX,110,,,a,
ASN00092045,19730705,TMAX,115,,,a,
ASN00092045,19730706,TMAX,121,,,a,
ASN00092045,19730707,TMAX,120,,,a,
ASN00092045,19730708,TMAX,120,,,a,
ASN00092045,19730709,TMAX,116,,,a,
ASN00092045,19730710,TMAX,132,,,a,
ASN00092045,19730711,TMAX,135,,,a,
ASN00092045,19730712,TMAX,124,,,a,
ASN00092045,19730713,TMAX,124,,,a,
ASN00092045,19730714,TMAX,136,,,a,
ASN00092045,19730715,TMAX,138,,,a,
ASN00092045,19730716,TMAX,140,,,a,
ASN00092045,19730717,TMAX,120,,,a,
ASN00092045,19730718,TMAX,118,,,a,
ASN00092045,19730719,TMAX,120,,,a,
ASN00092045,19730720,TMAX,126,,,a,
ASN00092045,19730721,TMAX,162,,,a,
ASN00092045,19730722,TMAX,133,,,a,
ASN00092045,19730723,TMAX,137,,,a,
ASN00092045,19730724,TMAX,126,,,a,
ASN00092045,19730725,TMAX,137,,,a,
ASN00092045,19730726,TMAX,132,,,a,
ASN00092045,19730727,TMAX,121,,,a,
ASN00092045,19730728,TMAX,119,,,a,
ASN00092045,19730729,TMAX,139,,,a,
ASN00092045,19730730,TMAX,132,,,a,
ASN00092045,19730731,TMAX,138,,,a,
ASN00092045,19730701,TMIN,87,,,a,
ASN00092045,19730702,TMIN,83,,,a,
ASN00092045,19730703,TMIN,83,,,a,
ASN00092045,19730704,TMIN,55,,,a,
ASN00092045,19730705,TMIN,52,,,a,
ASN00092045,19730706,TMIN,74,,,a,
ASN00092045,19730707,TMIN,70,,,a,
ASN00092045,19730708,TMIN,70,,,a,
ASN00092045,19730709,TMIN,60,,,a,
ASN00092045,19730710,TMIN,80,,,a,
ASN00092045,19730711,TMIN,102,,,a,
ASN00092045,19730712,TMIN,75,,,a,
ASN00092045,19730713,TMIN,60,,,a,
ASN00092045,19730714,TMIN,93,,,a,
ASN00092045,19730715,TMIN,120,,,a,
ASN00092045,19730716,TMIN,127,,,a,
ASN00092045,19730717,TMIN,84,,,a,
ASN00092045,19730718,TMIN,83,,,a,
ASN00092045,19730719,TMIN,87,,,a,
ASN00092045,19730720,TMIN,87,,,a,
ASN00092045,19730721,TMIN,70,,,a,
ASN00092045,19730722,TMIN,94,,,a,
ASN00092045,19730723,TMIN,51,,,a,
ASN00092045,19730724,TMIN,45,,,a,
ASN00092045,19730725,TMIN,65,,,a,
ASN00092045,19730726,TMIN,98,,,a,
ASN00092045,19730727,TMIN,86,,,a,
ASN00092045,19730728,TMIN,47,,,a,
ASN00092045,19730729,TMIN,45,,,a,
ASN00092045,19730730,TMIN,70,,,a,
ASN00092045,19730731,TMIN,77,,,a,
ASN00092045,19730701,PRCP,8,,,a,
ASN00092045,19730702,PRCP,0,,,a,
ASN00092045,19730703,PRCP,3,,,a,
ASN00092045,19730704,PRCP,8,,,a,
ASN00092045,19730705,PRCP,0,,,a,
ASN00092045,19730706,PRCP,0,,,a,
ASN00092045,19730707,PRCP,0,,,a,
ASN00092045,19730708,PRCP,0,,,a,
ASN00092045,19730709,PRCP,0,,,a,
ASN00092045,19730710,PRCP,20,,,a,
ASN00092045,19730711,PRCP,5,,,a,
ASN00092045,19730712,PRCP,30,,,a,
ASN00092045,19730713,PRCP,0,,,a,
ASN00092045,19730714,PRCP,13,,,a,
ASN00092045,19730715,PRCP,41,,,a,
ASN00092045,19730716,PRCP,43,,,a,
ASN00092045,19730717,PRCP,41,,,a,
ASN00092045,19730718,PRCP,30,,,a,
ASN00092045,19730719,PRCP,3,,,a,
ASN00092045,19730720,PRCP,94,,,a,
ASN00092045,19730721,PRCP,10,,,a,
ASN00092045,19730722,PRCP,0,,,a,
ASN00092045,19730723,PRCP,0,,,a,
ASN00092045,19730724,PRCP,3,,,a,
ASN00092045,19730725,PRCP,8,,,a,
ASN00092045,19730726,PRCP,20,,,a,
ASN00092045,19730727,PRCP,5,,,a,
ASN00092045,19730728,PRCP,0,,,a,
ASN00092045,19730729,PRCP,0,,,a,
ASN00092045,19730730,PRCP,0,,,a,
ASN00092045,19730731,PRCP,5,,,a,
ASN00092045,19730701,TAVG,112,H,,S,
ASN00092045,19730702,TAVG,123,H,,S,
ASN00092045,19730703,TAVG,90,H,,S,
ASN00092045,19730704,TAVG,80,H,,S,
ASN00092045,19730705,TAVG,98,H,,S,
ASN00092045,19730706,TAVG,92,H,,S,
ASN00092045,19730707,TAVG,93,H,,S,
ASN00092045,19730708,TAVG,92,H,,S,
ASN00092045,19730709,TAVG,113,H,,S,
ASN00092045,19730710,TAVG,118,H,,S,
ASN00092045,19730716,TAVG,116,H,,S,
ASN00092045,19730717,TAVG,102,H,,S,
ASN00092045,19730718,TAVG,105,H,,S,
ASN00092045,19730719,TAVG,103,H,,S,
ASN00092045,19730720,TAVG,95,H,,S,
ASN00092045,19730721,TAVG,124,H,,S,
ASN00092045,19730722,TAVG,88,H,,S,
ASN00092045,19730723,TAVG,94,H,,S,
ASN00092045,19730724,TAVG,97,H,,S,
ASN00092045,19730725,TAVG,127,H,,S,
ASN00092045,19730726,TAVG,108,H,,S,
ASN00092045,19730727,TAVG,80,H,,S,
ASN00092045,19730728,TAVG,78,H,,S,
ASN00092045,19730729,TAVG,107,H,,S,
ASN00092045,19730730,TAVG,104,H,,S,
ASN00092045,19730731,TAVG,103,H,,S,
ASN00092045,19730801,TMAX,139,,,a,
ASN00092045,19730802,TMAX,146,,,a,
ASN00092045,19730803,TMAX,141,,,a,
ASN00092045,19730804,TMAX,117,,,a,
ASN00092045,19730805,TMAX,121,,,a,
ASN00092045,19730806,TMAX,135,,,a,
ASN00092045,19730807,TMAX,127,,,a,
ASN00092045,19730808,TMAX,135,,,a,
ASN00092045,19730809,TMAX,135,,,a,
ASN00092045,19730810,TMAX,125,,,a,
ASN00092045,19730811,TMAX,118,,,a,
ASN00092045,19730812,TMAX,126,,,a,
ASN00092045,19730813,TMAX,125,,,a,
ASN00092045,19730814,TMAX,165,,,a,
ASN00092045,19730815,TMAX,148,,,a,
ASN00092045,19730816,TMAX,135,,,a,
ASN00092045,19730817,TMAX,137,,,a,
ASN00092045,19730818,TMAX,132,,,a,
ASN00092045,19730819,TMAX,147,,,a,
ASN00092045,19730820,TMAX,113,,,a,
ASN00092045,19730821,TMAX,118,,,a,
ASN00092045,19730822,TMAX,139,,,a,
ASN00092045,19730823,TMAX,139,,,a,
ASN00092045,19730824,TMAX,146,,,a,
ASN00092045,19730825,TMAX,125,,,a,
ASN00092045,19730826,TMAX,143,,,a,
ASN00092045,19730827,TMAX,123,,,a,
ASN00092045,19730828,TMAX,123,,,a,
ASN00092045,19730829,TMAX,146,,,a,
ASN00092045,19730830,TMAX,120,,,a,
ASN00092045,19730831,TMAX,110,,,a,
ASN00092045,19730801,TMIN,75,,,a,
ASN00092045,19730802,TMIN,91,,,a,
ASN00092045,19730803,TMIN,70,,,a,
ASN00092045,19730804,TMIN,67,,,a,
ASN00092045,19730805,TMIN,92,,,a,
ASN00092045,19730806,TMIN,103,,,a,
ASN00092045,19730807,TMIN,116,,,a,
ASN00092045,19730808,TMIN,90,,,a,
ASN00092045,19730809,TMIN,66,,,a,
ASN00092045,19730810,TMIN,75,,,a,
ASN00092045,19730811,TMIN,72,,,a,
ASN00092045,19730812,TMIN,64,,,a,
ASN00092045,19730813,TMIN,78,,,a,
ASN00092045,19730814,TMIN,56,,,a,
ASN00092045,19730815,TMIN,77,,,a,
ASN00092045,19730816,TMIN,70,,,a,
ASN00092045,19730817,TMIN,60,,,a,
ASN00092045,19730818,TMIN,27,,,a,
ASN00092045,19730819,TMIN,60,,,a,
ASN00092045,19730820,TMIN,68,,,a,
ASN00092045,19730821,TMIN,44,,,a,
ASN00092045,19730822,TMIN,72,,,a,
ASN00092045,19730823,TMIN,65,,,a,
ASN00092045,19730824,TMIN,97,,,a,
ASN00092045,19730825,TMIN,99,,,a,
ASN00092045,19730826,TMIN,101,,,a,
ASN00092045,19730827,TMIN,104,,,a,
ASN00092045,19730828,TMIN,95,,,a,
ASN00092045,19730829,TMIN,66,,,a,
ASN00092045,19730830,TMIN,38,,,a,
ASN00092045,19730831,TMIN,49,,,a,
ASN00092045,19730801,PRCP,84,,,a,
ASN00092045,19730802,PRCP,0,,,a,
ASN00092045,19730803,PRCP,5,,,a,
ASN00092045,19730804,PRCP,38,,,a,
ASN00092045,19730805,PRCP,0,,,a,
ASN00092045,19730806,PRCP,53,,,a,
ASN00092045,19730807,PRCP,122,,,a,
ASN00092045,19730808,PRCP,46,,,a,
ASN00092045,19730809,PRCP,48,,,a,
ASN00092045,19730810,PRCP,8,,,a,
ASN00092045,19730811,PRCP,5,,,a,
ASN00092045,19730812,PRCP,0,,,a,
ASN00092045,19730813,PRCP,0,,,a,
ASN00092045,19730814,PRCP,10,,,a,
ASN00092045,19730815,PRCP,8,,,a,
ASN00092045,19730816,PRCP,8,,,a,
ASN00092045,19730817,PRCP,25,,,a,
ASN00092045,19730818,PRCP,25,,,a,
ASN00092045,19730819,PRCP,0,,,a,
ASN00092045,19730820,PRCP,0,,,a,
ASN00092045,19730821,PRCP,0,,,a,
ASN00092045,19730822,PRCP,0,,,a,
ASN00092045,19730823,PRCP,0,,,a,
ASN00092045,19730824,PRCP,5,,,a,
ASN00092045,19730825,PRCP,8,,,a,
ASN00092045,19730826,PRCP,8,,,a,
ASN00092045,19730827,PRCP,0,,,a,
ASN00092045,19730828,PRCP,122,,,a,
ASN00092045,19730829,PRCP,0,,,a,
ASN00092045,19730830,PRCP,0,,,a,
ASN00092045,19730831,PRCP,0,,,a,
ASN00092045,19730801,TAVG,120,H,,S,
ASN00092045,19730802,TAVG,112,H,,S,
ASN00092045,19730803,TAVG,96,H,,S,
ASN00092045,19730804,TAVG,108,H,,S,
ASN00092045,19730805,TAVG,112,H,,S,
ASN00092045,19730806,TAVG,122,H,,S,
ASN00092045,19730807,TAVG,115,H,,S,
ASN00092045,19730808,TAVG,96,H,,S,
ASN00092045,19730809,TAVG,102,H,,S,
ASN00092045,19730810,TAVG,92,H,,S,
ASN00092045,19730811,TAVG,88,H,,S,
ASN00092045,19730812,TAVG,108,H,,S,
ASN00092045,19730813,TAVG,94,H,,S,
ASN00092045,19730814,TAVG,105,H,,S,
ASN00092045,19730815,TAVG,107,H,,S,
ASN00092045,19730816,TAVG,101,H,,S,
ASN00092045,19730817,TAVG,88,H,,S,
ASN00092045,19730818,TAVG,108,H,,S,
ASN00092045,19730819,TAVG,102,H,,S,
ASN00092045,19730820,TAVG,78,H,,S,
ASN00092045,19730821,TAVG,105,H,,S,
ASN00092045,19730822,TAVG,95,H,,S,
ASN00092045,19730823,TAVG,115,H,,S,
ASN00092045,19730824,TAVG,116,H,,S,
ASN00092045,19730825,TAVG,113,H,,S,
ASN00092045,19730826,TAVG,113,H,,S,
ASN00092045,19730827,TAVG,108,H,,S,
ASN00092045,19730828,TAVG,112,H,,S,
ASN00092045,19730829,TAVG,95,H,,S,
ASN00092045,19730830,TAVG,88,H,,S,
ASN00092045,19730831,TAVG,90,H,,S,
ASN00092045,19730901,TMAX,137,,,a,
ASN00092045,19730902,TMAX,131,,,a,
ASN00092045,19730903,TMAX,140,,,a,
ASN00092045,19730904,TMAX,120,,,a,
ASN00092045,19730905,TMAX,142,,,a,
ASN00092045,19730906,TMAX,144,,,a,
ASN00092045,19730907,TMAX,167,,,a,
ASN00092045,19730908,TMAX,151,,,a,
ASN00092045,19730909,TMAX,154,,,a,
ASN00092045,19730910,TMAX,158,,,a,
ASN00092045,19730911,TMAX,142,,,a,
ASN00092045,19730912,TMAX,165,,,a,
ASN00092045,19730913,TMAX,138,,,a,
ASN00092045,19730914,TMAX,149,,,a,
ASN00092045,19730915,TMAX,121,,,a,
ASN00092045,19730916,TMAX,126,,,a,
ASN00092045,19730917,TMAX,151,,,a,
ASN00092045,19730918,TMAX,150,,,a,
ASN00092045,19730919,TMAX,130,,,a,
ASN00092045,19730920,TMAX,139,,,a,
ASN00092045,19730921,TMAX,135,,,a,
ASN00092045,19730922,TMAX,128,,,a,
ASN00092045,19730923,TMAX,143,,,a,
ASN00092045,19730924,TMAX,145,,,a,
ASN00092045,19730925,TMAX,160,,,a,
ASN00092045,19730926,TMAX,148,,,a,
ASN00092045,19730927,TMAX,169,,,a,
ASN00092045,19730928,TMAX,165,,,a,
ASN00092045,19730929,TMAX,205,,,a,
ASN00092045,19730930,TMAX,186,,,a,
ASN00092045,19730901,TMIN,58,,,a,
ASN00092045,19730902,TMIN,98,,,a,
ASN00092045,19730903,TMIN,85,,,a,
ASN00092045,19730904,TMIN,82,,,a,
ASN00092045,19730905,TMIN,56,,,a,
ASN00092045,19730906,TMIN,77,,,a,
ASN00092045,19730907,TMIN,80,,,a,
ASN00092045,19730908,TMIN,75,,,a,
ASN00092045,19730909,TMIN,86,,,a,
ASN00092045,19730910,TMIN,97,,,a,
ASN00092045,19730911,TMIN,95,,,a,
ASN00092045,19730912,TMIN,124,,,a,
ASN00092045,19730913,TMIN,101,,,a,
ASN00092045,19730914,TMIN,88,,,a,
ASN00092045,19730915,TMIN,80,,,a,
ASN00092045,19730916,TMIN,65,,,a,
ASN00092045,19730917,TMIN,100,,,a,
ASN00092045,19730918,TMIN,91,,,a,
ASN00092045,19730919,TMIN,119,,,a,
ASN00092045,19730920,TMIN,30,,,a,
ASN00092045,19730921,TMIN,59,,,a,
ASN00092045,19730922,TMIN,64,,,a,
ASN00092045,19730923,TMIN,98,,,a,
ASN00092045,19730924,TMIN,124,,,a,
ASN00092045,19730925,TMIN,106,,,a,
ASN00092045,19730926,TMIN,113,,,a,
ASN00092045,19730927,TMIN,114,,,a,
ASN00092045,19730928,TMIN,115,,,a,
ASN00092045,19730929,TMIN,105,,,a,
ASN00092045,19730930,TMIN,141,,,a,
ASN00092045,19730901,PRCP,0,,,a,
ASN00092045,19730902,PRCP,76,,,a,
ASN00092045,19730903,PRCP,13,,,a,
ASN00092045,19730904,PRCP,56,,,a,
ASN00092045,19730905,PRCP,53,,,a,
ASN00092045,19730906,PRCP,8,,,a,
ASN00092045,19730907,PRCP,0,,,a,
ASN00092045,19730908,PRCP,3,,,a,
ASN00092045,19730909,PRCP,0,,,a,
ASN00092045,19730910,PRCP,0,,,a,
ASN00092045,19730911,PRCP,5,,,a,
ASN00092045,19730912,PRCP,25,,,a,
ASN00092045,19730913,PRCP,84,,,a,
ASN00092045,19730914,PRCP,18,,,a,
ASN00092045,19730915,PRCP,30,,,a,
ASN00092045,19730916,PRCP,0,,,a,
ASN00092045,19730917,PRCP,0,,,a,
ASN00092045,19730918,PRCP,0,,,a,
ASN00092045,19730919,PRCP,3,,,a,
ASN00092045,19730920,PRCP,74,,,a,
ASN00092045,19730921,PRCP,0,,,a,
ASN00092045,19730922,PRCP,5,,,a,
ASN00092045,19730923,PRCP,8,,,a,
ASN00092045,19730924,PRCP,0,,,a,
ASN00092045,19730925,PRCP,10,,,a,
ASN00092045,19730926,PRCP,23,,,a,
ASN00092045,19730927,PRCP,5,,,a,
ASN00092045,19730928,PRCP,0,,,a,
ASN00092045,19730929,PRCP,0,,,a,
ASN00092045,19730930,PRCP,0,,,a,
ASN00092045,19730901,TAVG,125,H,,S,
ASN00092045,19730902,TAVG,109,H,,S,
ASN00092045,19730903,TAVG,122,H,,S,
ASN00092045,19730904,TAVG,93,H,,S,
ASN00092045,19730905,TAVG,103,H,,S,
ASN00092045,19730906,TAVG,105,H,,S,
ASN00092045,19730907,TAVG,122,H,,S,
ASN00092045,19730908,TAVG,108,H,,S,
ASN00092045,19730909,TAVG,115,H,,S,
ASN00092045,19730910,TAVG,126,H,,S,
ASN00092045,19730911,TAVG,132,H,,S,
ASN00092045,19730912,TAVG,132,H,,S,
ASN00092045,19730913,TAVG,106,H,,S,
ASN00092045,19730914,TAVG,105,H,,S,
ASN00092045,19730915,TAVG,94,H,,S,
ASN00092045,19730916,TAVG,113,H,,S,
ASN00092045,19730917,TAVG,131,H,,S,
ASN00092045,19730918,TAVG,133,H,,S,
ASN00092045,19730919,TAVG,72,H,,S,
ASN00092045,19730920,TAVG,93,H,,S,
ASN00092045,19730921,TAVG,105,H,,S,
ASN00092045,19730922,TAVG,115,H,,S,
ASN00092045,19730923,TAVG,133,H,,S,
ASN00092045,19730924,TAVG,121,H,,S,
ASN00092045,19730925,TAVG,133,H,,S,
ASN00092045,19730926,TAVG,131,H,,S,
ASN00092045,19730927,TAVG,137,H,,S,
ASN00092045,19730928,TAVG,137,H,,S,
ASN00092045,19730929,TAVG,173,H,,S,
ASN00092045,19730930,TAVG,114,H,,S,
ASN00092045,19731001,TMAX,156,,,a,
ASN00092045,19731002,TMAX,161,,,a,
ASN00092045,19731003,TMAX,146,,,a,
ASN00092045,19731004,TMAX,167,,,a,
ASN00092045,19731005,TMAX,155,,,a,
ASN00092045,19731006,TMAX,145,,,a,
ASN00092045,19731007,TMAX,153,,,a,
ASN00092045,19731008,TMAX,159,,,a,
ASN00092045,19731009,TMAX,174,,,a,
ASN00092045,19731010,TMAX,164,,,a,
ASN00092045,19731011,TMAX,150,,,a,
ASN00092045,19731012,TMAX,165,,,a,
ASN00092045,19731013,TMAX,175,,,a,
ASN00092045,19731014,TMAX,183,,,a,
ASN00092045,19731015,TMAX,158,,,a,
ASN00092045,19731016,TMAX,166,,,a,
ASN00092045,19731017,TMAX,172,,,a,
ASN00092045,19731018,TMAX,145,,,a,
ASN00092045,19731019,TMAX,168,,,a,
ASN00092045,19731020,TMAX,180,,,a,
ASN00092045,19731021,TMAX,140,,,a,
ASN00092045,19731022,TMAX,170,,,a,
ASN00092045,19731023,TMAX,162,,,a,
ASN00092045,19731024,TMAX,175,,,a,
ASN00092045,19731025,TMAX,175,,,a,
ASN00092045,19731026,TMAX,170,,,a,
ASN00092045,19731027,TMAX,157,,,a,
ASN00092045,19731028,TMAX,170,,,a,
ASN00092045,19731029,TMAX,175,,,a,
ASN00092045,19731030,TMAX,174,,,a,
ASN00092045,19731031,TMAX,157,,,a,
ASN00092045,19731001,TMIN,55,,,a,
ASN00092045,19731002,TMIN,46,,,a,
ASN00092045,19731003,TMIN,110,,,a,
ASN00092045,19731004,TMIN,102,,,a,
ASN00092045,19731005,TMIN,82,,,a,
ASN00092045,19731006,TMIN,102,,,a,
ASN00092045,19731007,TMIN,75,,,a,
ASN00092045,19731008,TMIN,105,,,a,
ASN00092045,19731009,TMIN,134,,,a,
ASN00092045,19731010,TMIN,88,,,a,
ASN00092045,19731011,TMIN,84,,,a,
ASN00092045,19731012,TMIN,90,,,a,
ASN00092045,19731013,TMIN,68,,,a,
ASN00092045,19731014,TMIN,116,,,a,
ASN00092045,19731015,TMIN,117,,,a,
ASN00092045,19731016,TMIN,124,,,a,
ASN00092045,19731017,TMIN,116,,,a,
ASN00092045,19731018,TMIN,115,,,a,
ASN00092045,19731019,TMIN,105,,,a,
ASN00092045,19731020,TMIN,125,,,a,
ASN00092045,19731021,TMIN,106,,,a,
ASN00092045,19731022,TMIN,85,,,a,
ASN00092045,19731023,TMIN,120,,,a,
ASN00092045,19731024,TMIN,120,,,a,
ASN00092045,19731025,TMIN,125,,,a,
ASN00092045,19731026,TMIN,130,,,a,
ASN00092045,19731027,TMIN,134,,,a,
ASN00092045,19731028,TMIN,117,,,a,
ASN00092045,19731029,TMIN,132,,,a,
ASN00092045,19731030,TMIN,126,,,a,
ASN00092045,19731031,TMIN,111,,,a,
ASN00092045,19731001,PRCP,13,,,a,
ASN00092045,19731002,PRCP,0,,,a,
ASN00092045,19731003,PRCP,0,,,a,
ASN00092045,19731004,PRCP,25,,,a,
ASN00092045,19731005,PRCP,0,,,a,
ASN00092045,19731006,PRCP,0,,,a,
ASN00092045,19731007,PRCP,0,,,a,
ASN00092045,19731008,PRCP,8,,,a,
ASN00092045,19731009,PRCP,61,,,a,
ASN00092045,19731010,PRCP,0,,,a,
ASN00092045,19731011,PRCP,0,,,a,
ASN00092045,19731012,PRCP,0,,,a,
ASN00092045,19731013,PRCP,0,,,a,
ASN00092045,19731014,PRCP,0,,,a,
ASN00092045,19731015,PRCP,0,,,a,
ASN00092045,19731016,PRCP,48,,,a,
ASN00092045,19731017,PRCP,0,,,a,
ASN00092045,19731018,PRCP,8,,,a,
ASN00092045,19731019,PRCP,3,,,a,
ASN00092045,19731020,PRCP,89,,,a,
ASN00092045,19731021,PRCP,147,,,a,
ASN00092045,19731022,PRCP,0,,,a,
ASN00092045,19731023,PRCP,0,,,a,
ASN00092045,19731024,PRCP,0,,,a,
ASN00092045,19731025,PRCP,33,,,a,
ASN00092045,19731026,PRCP,10,,,a,
ASN00092045,19731027,PRCP,25,,,a,
ASN00092045,19731028,PRCP,165,,,a,
ASN00092045,19731029,PRCP,137,,,a,
ASN00092045,19731030,PRCP,56,,,a,
ASN00092045,19731031,PRCP,0,,,a,
ASN00092045,19731001,TAVG,105,H,,S,
ASN00092045,19731002,TAVG,128,H,,S,
ASN00092045,19731003,TAVG,144,H,,S,
ASN00092045,19731004,TAVG,118,H,,S,
ASN00092045,19731005,TAVG,123,H,,S,
ASN00092045,19731006,TAVG,117,H,,S,
ASN00092045,19731007,TAVG,127,H,,S,
ASN00092045,19731008,TAVG,142,H,,S,
ASN00092045,19731009,TAVG,127,H,,S,
ASN00092045,19731010,TAVG,122,H,,S,
ASN00092045,19731011,TAVG,127,H,,S,
ASN00092045,19731012,TAVG,122,H,,S,
ASN00092045,19731013,TAVG,140,H,,S,
ASN00092045,19731014,TAVG,142,H,,S,
ASN00092045,19731015,TAVG,133,H,,S,
ASN00092045,19731016,TAVG,140,H,,S,
ASN00092045,19731017,TAVG,142,H,,S,
ASN00092045,19731019,TAVG,138,H,,S,
ASN00092045,19731020,TAVG,135,H,,S,
ASN00092045,19731021,TAVG,117,H,,S,
ASN00092045,19731022,TAVG,138,H,,S,
ASN00092045,19731023,TAVG,140,H,,S,
ASN00092045,19731024,TAVG,145,H,,S,
ASN00092045,19731025,TAVG,148,H,,S,
ASN00092045,19731026,TAVG,148,H,,S,
ASN00092045,19731027,TAVG,141,H,,S,
ASN00092045,19731028,TAVG,143,H,,S,
ASN00092045,19731029,TAVG,141,H,,S,
ASN00092045,19731030,TAVG,144,H,,S,
ASN00092045,19731031,TAVG,143,H,,S,
ASN00092045,19731101,TMAX,175,,,a,
ASN00092045,19731102,TMAX,174,,,a,
ASN00092045,19731103,TMAX,140,,,a,
ASN00092045,19731104,TMAX,160,,,a,
ASN00092045,19731105,TMAX,138,,,a,
ASN00092045,19731106,TMAX,167,,,a,
ASN00092045,19731107,TMAX,167,,,a,
ASN00092045,19731108,TMAX,162,,,a,
ASN00092045,19731109,TMAX,175,,,a,
ASN00092045,19731110,TMAX,188,,,a,
ASN00092045,19731111,TMAX,160,,,a,
ASN00092045,19731112,TMAX,175,,,a,
ASN00092045,19731113,TMAX,150,,,a,
ASN00092045,19731114,TMAX,158,,,a,
ASN00092045,19731115,TMAX,174,,,a,
ASN00092045,19731116,TMAX,197,,,a,
ASN00092045,19731117,TMAX,195,,,a,
ASN00092045,19731118,TMAX,156,,,a,
ASN00092045,19731119,TMAX,185,,,a,
ASN00092045,19731120,TMAX,172,,,a,
ASN00092045,19731121,TMAX,175,,,a,
ASN00092045,19731122,TMAX,190,,,a,
ASN00092045,19731123,TMAX,196,,,a,
ASN00092045,19731124,TMAX,184,,,a,
ASN00092045,19731125,TMAX,161,,,a,
ASN00092045,19731126,TMAX,158,,,a,
ASN00092045,19731127,TMAX,175,,,a,
ASN00092045,19731128,TMAX,160,,,a,
ASN00092045,19731129,TMAX,175,,,a,
ASN00092045,19731130,TMAX,210,,,a,
ASN00092045,19731101,TMIN,122,,,a,
ASN00092045,19731102,TMIN,115,,,a,
ASN00092045,19731103,TMIN,100,,,a,
ASN00092045,19731104,TMIN,100,,,a,
ASN00092045,19731105,TMIN,115,,,a,
ASN00092045,19731106,TMIN,110,,,a,
ASN00092045,19731107,TMIN,112,,,a,
ASN00092045,19731108,TMIN,96,,,a,
ASN00092045,19731109,TMIN,120,,,a,
ASN00092045,19731110,TMIN,126,,,a,
ASN00092045,19731111,TMIN,91,,,a,
ASN00092045,19731112,TMIN,116,,,a,
ASN00092045,19731113,TMIN,105,,,a,
ASN00092045,19731114,TMIN,106,,,a,
ASN00092045,19731115,TMIN,96,,,a,
ASN00092045,19731116,TMIN,105,,,a,
ASN00092045,19731117,TMIN,130,,,a,
ASN00092045,19731118,TMIN,112,,,a,
ASN00092045,19731119,TMIN,115,,,a,
ASN00092045,19731120,TMIN,117,,,a,
ASN00092045,19731121,TMIN,71,,,a,
ASN00092045,19731122,TMIN,94,,,a,
ASN00092045,19731123,TMIN,125,,,a,
ASN00092045,19731124,TMIN,112,,,a,
ASN00092045,19731125,TMIN,113,,,a,
ASN00092045,19731126,TMIN,97,,,a,
ASN00092045,19731127,TMIN,120,,,a,
ASN00092045,19731128,TMIN,128,,,a,
ASN00092045,19731129,TMIN,132,,,a,
ASN00092045,19731130,TMIN,120,,,a,
ASN00092045,19731101,PRCP,10,,,a,
ASN00092045,19731102,PRCP,0,,,a,
ASN00092045,19731103,PRCP,130,,,a,
ASN00092045,19731104,PRCP,18,,,a,
ASN00092045,19731105,PRCP,33,,,a,
ASN00092045,19731106,PRCP,229,,,a,
ASN00092045,19731107,PRCP,0,,,a,
ASN00092045,19731108,PRCP,0,,,a,
ASN00092045,19731109,PRCP,3,,,a,
ASN00092045,19731110,PRCP,79,,,a,
ASN00092045,19731111,PRCP,0,,,a,
ASN00092045,19731112,PRCP,33,,,a,
ASN00092045,19731113,PRCP,36,,,a,
ASN00092045,19731114,PRCP,0,,,a,
ASN00092045,19731115,PRCP,0,,,a,
ASN00092045,19731116,PRCP,0,,,a,
ASN00092045,19731117,PRCP,0,,,a,
ASN00092045,19731118,PRCP,36,,,a,
ASN00092045,19731119,PRCP,0,,,a,
ASN00092045,19731120,PRCP,76,,,a,
ASN00092045,19731121,PRCP,0,,,a,
ASN00092045,19731122,PRCP,0,,,a,
ASN00092045,19731123,PRCP,0,,,a,
ASN00092045,19731124,PRCP,0,,,a,
ASN00092045,19731125,PRCP,0,,,a,
ASN00092045,19731126,PRCP,3,,,a,
ASN00092045,19731127,PRCP,0,,,a,
ASN00092045,19731128,PRCP,0,,,a,
ASN00092045,19731129,PRCP,20,,,a,
ASN00092045,19731130,PRCP,0,,,a,
ASN00092045,19731101,TAVG,154,H,,S,
ASN00092045,19731102,TAVG,117,H,,S,
ASN00092045,19731103,TAVG,123,H,,S,
ASN00092045,19731104,TAVG,138,H,,S,
ASN00092045,19731105,TAVG,119,H,,S,
ASN00092045,19731106,TAVG,134,H,,S,
ASN00092045,19731107,TAVG,132,H,,S,
ASN00092045,19731108,TAVG,139,H,,S,
ASN00092045,19731109,TAVG,152,H,,S,
ASN00092045,19731111,TAVG,135,H,,S,
ASN00092045,19731112,TAVG,140,H,,S,
ASN00092045,19731113,TAVG,120,H,,S,
ASN00092045,19731114,TAVG,129,H,,S,
ASN00092045,19731115,TAVG,139,H,,S,
ASN00092045,19731116,TAVG,153,H,,S,
ASN00092045,19731117,TAVG,143,H,,S,
ASN00092045,19731118,TAVG,141,H,,S,
ASN00092045,19731119,TAVG,143,H,,S,
ASN00092045,19731120,TAVG,120,H,,S,
ASN00092045,19731121,TAVG,139,H,,S,
ASN00092045,19731122,TAVG,158,H,,S,
ASN00092045,19731123,TAVG,152,H,,S,
ASN00092045,19731124,TAVG,144,H,,S,
ASN00092045,19731125,TAVG,133,H,,S,
ASN00092045,19731126,TAVG,131,H,,S,
ASN00092045,19731127,TAVG,139,H,,S,
ASN00092045,19731128,TAVG,141,H,,S,
ASN00092045,19731129,TAVG,148,H,,S,
ASN00092045,19731130,TAVG,163,H,,S,
ASN00092045,19731201,TMAX,183,,,a,
ASN00092045,19731202,TMAX,215,,,a,
ASN00092045,19731203,TMAX,175,,,a,
ASN00092045,19731204,TMAX,190,,,a,
ASN00092045,19731205,TMAX,186,,,a,
ASN00092045,19731206,TMAX,210,,,a,
ASN00092045,19731207,TMAX,195,,,a,
ASN00092045,19731208,TMAX,208,,,a,
ASN00092045,19731209,TMAX,195,,,a,
ASN00092045,19731210,TMAX,205,,,a,
ASN00092045,19731211,TMAX,197,,,a,
ASN00092045,19731212,TMAX,202,,,a,
ASN00092045,19731213,TMAX,210,,,a,
ASN00092045,19731214,TMAX,205,,,a,
ASN00092045,19731215,TMAX,232,,,a,
ASN00092045,19731216,TMAX,175,,,a,
ASN00092045,19731217,TMAX,169,,,a,
ASN00092045,19731218,TMAX,196,,,a,
ASN00092045,19731219,TMAX,195,,,a,
ASN00092045,19731220,TMAX,196,,,a,
ASN00092045,19731221,TMAX,190,,,a,
ASN00092045,19731222,TMAX,192,,,a,
ASN00092045,19731223,TMAX,204,,,a,
ASN00092045,19731224,TMAX,205,,,a,
ASN00092045,19731225,TMAX,220,,,a,
ASN00092045,19731226,TMAX,186,,,a,
ASN00092045,19731227,TMAX,186,,,a,
ASN00092045,19731228,TMAX,203,,,a,
ASN00092045,19731229,TMAX,205,,,a,
ASN00092045,19731230,TMAX,185,,,a,
ASN00092045,19731231,TMAX,198,,,a,
ASN00092045,19731201,TMIN,110,,,a,
ASN00092045,19731202,TMIN,155,,,a,
ASN00092045,19731203,TMIN,125,,,a,
ASN00092045,19731204,TMIN,90,,,a,
ASN00092045,19731205,TMIN,90,,,a,
ASN00092045,19731206,TMIN,130,,,a,
ASN00092045,19731207,TMIN,84,,,a,
ASN00092045,19731208,TMIN,124,,,a,
ASN00092045,19731209,TMIN,147,,,a,
ASN00092045,19731210,TMIN,155,,,a,
ASN00092045,19731211,TMIN,158,,,a,
ASN00092045,19731212,TMIN,150,,,a,
ASN00092045,19731213,TMIN,160,,,a,
ASN00092045,19731214,TMIN,168,,,a,
ASN00092045,19731215,TMIN,168,,,a,
ASN00092045,19731216,TMIN,140,,,a,
ASN00092045,19731217,TMIN,130,,,a,
ASN00092045,19731218,TMIN,138,,,a,
ASN00092045,19731219,TMIN,148,,,a,
ASN00092045,19731220,TMIN,132,,,a,
ASN00092045,19731221,TMIN,160,,,a,
ASN00092045,19731222,TMIN,140,,,a,
ASN00092045,19731223,TMIN,88,,,a,
ASN00092045,19731224,TMIN,100,,,a,
ASN00092045,19731225,TMIN,136,,,a,
ASN00092045,19731226,TMIN,123,,,a,
ASN00092045,19731227,TMIN,133,,,a,
ASN00092045,19731228,TMIN,152,,,a,
ASN00092045,19731229,TMIN,150,,,a,
ASN00092045,19731230,TMIN,172,,,a,
ASN00092045,19731231,TMIN,106,,,a,
ASN00092045,19731201,PRCP,0,,,a,
ASN00092045,19731202,PRCP,0,,,a,
ASN00092045,19731203,PRCP,74,,,a,
ASN00092045,19731204,PRCP,0,,,a,
ASN00092045,19731205,PRCP,0,,,a,
ASN00092045,19731206,PRCP,0,,,a,
ASN00092045,19731207,PRCP,0,,,a,
ASN00092045,19731208,PRCP,0,,,a,
ASN00092045,19731209,PRCP,0,,,a,
ASN00092045,19731210,PRCP,0,,,a,
ASN00092045,19731211,PRCP,0,,,a,
ASN00092045,19731212,PRCP,0,,,a,
ASN00092045,19731213,PRCP,0,,,a,
ASN00092045,19731214,PRCP,0,,,a,
ASN00092045,19731215,PRCP,0,,,a,
ASN00092045,19731216,PRCP,94,,,a,
ASN00092045,19731217,PRCP,13,,,a,
ASN00092045,19731218,PRCP,0,,,a,
ASN00092045,19731219,PRCP,0,,,a,
ASN00092045,19731220,PRCP,0,,,a,
ASN00092045,19731221,PRCP,0,,,a,
ASN00092045,19731222,PRCP,264,,,a,
ASN00092045,19731223,PRCP,0,,,a,
ASN00092045,19731224,PRCP,0,,,a,
ASN00092045,19731225,PRCP,81,,,a,
ASN00092045,19731226,PRCP,0,,,a,
ASN00092045,19731227,PRCP,0,,,a,
ASN00092045,19731228,PRCP,0,,,a,
ASN00092045,19731229,PRCP,0,,,a,
ASN00092045,19731230,PRCP,0,,,a,
ASN00092045,19731231,PRCP,86,,,a,
ASN00092045,19731201,TAVG,170,H,,S,
ASN00092045,19731202,TAVG,157,H,,S,
ASN00092045,19731203,TAVG,149,H,,S,
ASN00092045,19731204,TAVG,142,H,,S,
ASN00092045,19731205,TAVG,169,H,,S,
ASN00092045,19731206,TAVG,194,H,,S,
ASN00092045,19731207,TAVG,166,H,,S,
ASN00092045,19731208,TAVG,174,H,,S,
ASN00092045,19731209,TAVG,173,H,,S,
ASN00092045,19731210,TAVG,177,H,,S,
ASN00092045,19731211,TAVG,171,H,,S,
ASN00092045,19731212,TAVG,184,H,,S,
ASN00092045,19731213,TAVG,188,H,,S,
ASN00092045,19731214,TAVG,183,H,,S,
ASN00092045,19731215,TAVG,168,H,,S,
ASN00092045,19731216,TAVG,146,H,,S,
ASN00092045,19731217,TAVG,159,H,,S,
ASN00092045,19731218,TAVG,172,H,,S,
ASN00092045,19731219,TAVG,165,H,,S,
ASN00092045,19731220,TAVG,180,H,,S,
ASN00092045,19731221,TAVG,171,H,,S,
ASN00092045,19731222,TAVG,144,H,,S,
ASN00092045,19731223,TAVG,173,H,,S,
ASN00092045,19731224,TAVG,166,H,,S,
ASN00092045,19731225,TAVG,162,H,,S,
ASN00092045,19731226,TAVG,158,H,,S,
ASN00092045,19731227,TAVG,165,H,,S,
ASN00092045,19731228,TAVG,172,H,,S,
ASN00092045,19731229,TAVG,183,H,,S,
ASN00092045,19731230,TAVG,155,H,,S,
ASN00092045,19731231,TAVG,172,H,,S,
ASN00092045,19740101,TMAX,211,,,a,
ASN00092045,19740102,TMAX,174,,,a,
ASN00092045,19740103,TMAX,184,,,a,
ASN00092045,19740104,TMAX,194,,,a,
ASN00092045,19740105,TMAX,191,,,a,
ASN00092045,19740106,TMAX,205,,,a,
ASN00092045,19740107,TMAX,196,,,a,
ASN00092045,19740108,TMAX,183,,,a,
ASN00092045,19740109,TMAX,186,,,a,
ASN00092045,19740110,TMAX,198,,,a,
ASN00092045,19740111,TMAX,181,,,a,
ASN00092045,19740112,TMAX,185,,,a,
ASN00092045,19740113,TMAX,200,,,a,
ASN00092045,19740114,TMAX,197,,,a,
ASN00092045,19740115,TMAX,185,,,a,
ASN00092045,19740116,TMAX,200,,,a,
ASN00092045,19740117,TMAX,183,,,a,
ASN00092045,19740118,TMAX,190,,,a,
ASN00092045,19740119,TMAX,200,,,a,
ASN00092045,19740120,TMAX,282,,,a,
ASN00092045,19740121,TMAX,227,,,a,
ASN00092045,19740122,TMAX,186,,,a,
ASN00092045,19740123,TMAX,205,,,a,
ASN00092045,19740124,TMAX,206,,,a,
ASN00092045,19740125,TMAX,238,,,a,
ASN00092045,19740126,TMAX,236,,,a,
ASN00092045,19740127,TMAX,230,,,a,
ASN00092045,19740128,TMAX,240,,,a,
ASN00092045,19740129,TMAX,240,,,a,
ASN00092045,19740130,TMAX,236,,,a,
ASN00092045,19740131,TMAX,225,,,a,
ASN00092045,19740101,TMIN,145,,,a,
ASN00092045,19740102,TMIN,85,,,a,
ASN00092045,19740103,TMIN,136,,,a,
ASN00092045,19740104,TMIN,162,,,a,
ASN00092045,19740105,TMIN,110,,,a,
ASN00092045,19740106,TMIN,105,,,a,
ASN00092045,19740107,TMIN,85,,,a,
ASN00092045,19740108,TMIN,134,,,a,
ASN00092045,19740109,TMIN,154,,,a,
ASN00092045,19740110,TMIN,164,,,a,
ASN00092045,19740111,TMIN,135,,,a,
ASN00092045,19740112,TMIN,144,,,a,
ASN00092045,19740113,TMIN,158,,,a,
ASN00092045,19740114,TMIN,165,,,a,
ASN00092045,19740115,TMIN,150,,,a,
ASN00092045,19740116,TMIN,155,,,a,
ASN00092045,19740117,TMIN,155,,,a,
ASN00092045,19740118,TMIN,144,,,a,
ASN00092045,19740119,TMIN,156,,,a,
ASN00092045,19740120,TMIN,170,,,a,
ASN00092045,19740121,TMIN,161,,,a,
ASN00092045,19740122,TMIN,137,,,a,
ASN00092045,19740123,TMIN,141,,,a,
ASN00092045,19740124,TMIN,161,,,a,
ASN00092045,19740125,TMIN,166,,,a,
ASN00092045,19740126,TMIN,166,,,a,
ASN00092045,19740127,TMIN,170,,,a,
ASN00092045,19740128,TMIN,188,,,a,
ASN00092045,19740129,TMIN,196,,,a,
ASN00092045,19740130,TMIN,182,,,a,
ASN00092045,19740131,TMIN,196,,,a,
ASN00092045,19740101,PRCP,4,,,a,
ASN00092045,19740102,PRCP,0,,,a,
ASN00092045,19740103,PRCP,0,,,a,
ASN00092045,19740104,PRCP,24,,,a,
ASN00092045,19740105,PRCP,62,,,a,
ASN00092045,19740106,PRCP,0,,,a,
ASN00092045,19740107,PRCP,0,,,a,
ASN00092045,19740108,PRCP,0,,,a,
ASN00092045,19740109,PRCP,0,,,a,
ASN00092045,19740110,PRCP,38,,,a,
ASN00092045,19740111,PRCP,0,,,a,
ASN00092045,19740112,PRCP,0,,,a,
ASN00092045,19740113,PRCP,0,,,a,
ASN00092045,19740114,PRCP,0,,,a,
ASN00092045,19740115,PRCP,0,,,a,
ASN00092045,19740116,PRCP,44,,,a,
ASN00092045,19740117,PRCP,90,,,a,
ASN00092045,19740118,PRCP,0,,,a,
ASN00092045,19740119,PRCP,0,,,a,
ASN00092045,19740120,PRCP,0,,,a,
ASN00092045,19740121,PRCP,6,,,a,
ASN00092045,19740122,PRCP,66,,,a,
ASN00092045,19740123,PRCP,6,,,a,
ASN00092045,19740124,PRCP,0,,,a,
ASN00092045,19740125,PRCP,0,,,a,
ASN00092045,19740126,PRCP,2,,,a,
ASN00092045,19740127,PRCP,0,,,a,
ASN00092045,19740128,PRCP,0,,,a,
ASN00092045,19740129,PRCP,0,,,a,
ASN00092045,19740130,PRCP,0,,,a,
ASN00092045,19740131,PRCP,0,,,a,
ASN00092045,19740101,TAVG,148,H,,S,
ASN00092045,19740102,TAVG,161,H,,S,
ASN00092045,19740103,TAVG,173,H,,S,
ASN00092045,19740104,TAVG,153,H,,S,
ASN00092045,19740105,TAVG,163,H,,S,
ASN00092045,19740106,TAVG,166,H,,S,
ASN00092045,19740107,TAVG,153,H,,S,
ASN00092045,19740108,TAVG,164,H,,S,
ASN00092045,19740109,TAVG,172,H,,S,
ASN00092045,19740110,TAVG,157,H,,S,
ASN00092045,19740111,TAVG,156,H,,S,
ASN00092045,19740112,TAVG,168,H,,S,
ASN00092045,19740113,TAVG,181,H,,S,
ASN00092045,19740114,TAVG,166,H,,S,
ASN00092045,19740115,TAVG,168,H,,S,
ASN00092045,19740116,TAVG,176,H,,S,
ASN00092045,19740117,TAVG,158,H,,S,
ASN00092045,19740118,TAVG,174,H,,S,
ASN00092045,19740119,TAVG,187,H,,S,
ASN00092045,19740120,TAVG,211,H,,S,
ASN00092045,19740121,TAVG,163,H,,S,
ASN00092045,19740122,TAVG,159,H,,S,
ASN00092045,19740123,TAVG,186,H,,S,
ASN00092045,19740124,TAVG,189,H,,S,
ASN00092045,19740125,TAVG,187,H,,S,
ASN00092045,19740126,TAVG,193,H,,S,
ASN00092045,19740127,TAVG,209,H,,S,
ASN00092045,19740128,TAVG,214,H,,S,
ASN00092045,19740129,TAVG,209,H,,S,
ASN00092045,19740130,TAVG,214,H,,S,
ASN00092045,19740131,TAVG,209,H,,S,
ASN00092045,19740201,TMAX,315,,,a,
ASN00092045,19740202,TMAX,228,,,a,
ASN00092045,19740203,TMAX,206,,,a,
ASN00092045,19740204,TMAX,203,,,a,
ASN00092045,19740205,TMAX,228,,,a,
ASN00092045,19740206,TMAX,241,,,a,
ASN00092045,19740207,TMAX,199,,,a,
ASN00092045,19740208,TMAX,206,,,a,
ASN00092045,19740209,TMAX,215,,,a,
ASN00092045,19740210,TMAX,215,,,a,
ASN00092045,19740211,TMAX,215,,,a,
ASN00092045,19740212,TMAX,235,,,a,
ASN00092045,19740213,TMAX,196,,,a,
ASN00092045,19740214,TMAX,182,,,a,
ASN00092045,19740215,TMAX,195,,,a,
ASN00092045,19740216,TMAX,209,,,a,
ASN00092045,19740217,TMAX,216,,,a,
ASN00092045,19740218,TMAX,237,,,a,
ASN00092045,19740219,TMAX,185,,,a,
ASN00092045,19740220,TMAX,196,,,a,
ASN00092045,19740221,TMAX,205,,,a,
ASN00092045,19740222,TMAX,240,,,a,
ASN00092045,19740223,TMAX,200,,,a,
ASN00092045,19740224,TMAX,225,,,a,
ASN00092045,19740225,TMAX,226,,,a,
ASN00092045,19740226,TMAX,202,,,a,
ASN00092045,19740227,TMAX,235,,,a,
ASN00092045,19740228,TMAX,190,,,a,
ASN00092045,19740201,TMIN,190,,,a,
ASN00092045,19740202,TMIN,146,,,a,
ASN00092045,19740203,TMIN,136,,,a,
ASN00092045,19740204,TMIN,145,,,a,
ASN00092045,19740205,TMIN,164,,,a,
ASN00092045,19740206,TMIN,125,,,a,
ASN00092045,19740207,TMIN,146,,,a,
ASN00092045,19740208,TMIN,155,,,a,
ASN00092045,19740209,TMIN,159,,,a,
ASN00092045,19740210,TMIN,175,,,a,
ASN00092045,19740211,TMIN,175,,,a,
ASN00092045,19740212,TMIN,180,,,a,
ASN00092045,19740213,TMIN,144,,,a,
ASN00092045,19740214,TMIN,105,,,a,
ASN00092045,19740215,TMIN,146,,,a,
ASN00092045,19740216,TMIN,158,,,a,
ASN00092045,19740217,TMIN,186,,,a,
ASN00092045,19740218,TMIN,179,,,a,
ASN00092045,19740219,TMIN,169,,,a,
ASN00092045,19740220,TMIN,151,,,a,
ASN00092045,19740221,TMIN,146,,,a,
ASN00092045,19740222,TMIN,112,,,a,
ASN00092045,19740223,TMIN,144,,,a,
ASN00092045,19740224,TMIN,142,,,a,
ASN00092045,19740225,TMIN,135,,,a,
ASN00092045,19740226,TMIN,165,,,a,
ASN00092045,19740227,TMIN,150,,,a,
ASN00092045,19740228,TMIN,155,,,a,
ASN00092045,19740201,PRCP,0,,,a,
ASN00092045,19740202,PRCP,4,,,a,
ASN00092045,19740203,PRCP,0,,,a,
ASN00092045,19740204,PRCP,0,,,a,
ASN00092045,19740205,PRCP,0,,,a,
ASN00092045,19740206,PRCP,72,,,a,
ASN00092045,19740207,PRCP,2,,,a,
ASN00092045,19740208,PRCP,0,,,a,
ASN00092045,19740209,PRCP,0,,,a,
ASN00092045,19740210,PRCP,0,,,a,
ASN00092045,19740211,PRCP,0,,,a,
ASN00092045,19740212,PRCP,0,,,a,
ASN00092045,19740213,PRCP,0,,,a,
ASN00092045,19740214,PRCP,64,,,a,
ASN00092045,19740215,PRCP,0,,,a,
ASN00092045,19740216,PRCP,0,,,a,
ASN00092045,19740217,PRCP,0,,,a,
ASN00092045,19740218,PRCP,0,,,a,
ASN00092045,19740219,PRCP,0,,,a,
ASN00092045,19740220,PRCP,0,,,a,
ASN00092045,19740221,PRCP,0,,,a,
ASN00092045,19740222,PRCP,0,,,a,
ASN00092045,19740223,PRCP,4,,,a,
ASN00092045,19740224,PRCP,0,,,a,
ASN00092045,19740225,PRCP,0,,,a,
ASN00092045,19740226,PRCP,0,,,a,
ASN00092045,19740227,PRCP,0,,,a,
ASN00092045,19740228,PRCP,2,,,a,
ASN00092045,19740201,TAVG,217,H,,S,
ASN00092045,19740202,TAVG,173,H,,S,
ASN00092045,19740203,TAVG,170,H,,S,
ASN00092045,19740204,TAVG,181,H,,S,
ASN00092045,19740205,TAVG,179,H,,S,
ASN00092045,19740206,TAVG,183,H,,S,
ASN00092045,19740207,TAVG,173,H,,S,
ASN00092045,19740208,TAVG,182,H,,S,
ASN00092045,19740209,TAVG,191,H,,S,
ASN00092045,19740210,TAVG,194,H,,S,
ASN00092045,19740211,TAVG,193,H,,S,
ASN00092045,19740212,TAVG,183,H,,S,
ASN00092045,19740213,TAVG,168,H,,S,
ASN00092045,19740214,TAVG,169,H,,S,
ASN00092045,19740215,TAVG,180,H,,S,
ASN00092045,19740216,TAVG,193,H,,S,
ASN00092045,19740217,TAVG,194,H,,S,
ASN00092045,19740218,TAVG,192,H,,S,
ASN00092045,19740219,TAVG,161,H,,S,
ASN00092045,19740220,TAVG,159,H,,S,
ASN00092045,19740221,TAVG,158,H,,S,
ASN00092045,19740222,TAVG,172,H,,S,
ASN00092045,19740223,TAVG,169,H,,S,
ASN00092045,19740224,TAVG,178,H,,S,
ASN00092045,19740225,TAVG,189,H,,S,
ASN00092045,19740226,TAVG,180,H,,S,
ASN00092045,19740227,TAVG,183,H,,S,
ASN00092045,19740228,TAVG,177,H,,S,
ASN00092045,19740301,TMAX,205,,,a,
ASN00092045,19740302,TMAX,240,,,a,
ASN00092045,19740303,TMAX,265,,,a,
ASN00092045,19740304,TMAX,212,,,a,
ASN00092045,19740305,TMAX,210,,,a,
ASN00092045,19740306,TMAX,200,,,a,
ASN00092045,19740307,TMAX,225,,,a,
ASN00092045,19740308,TMAX,214,,,a,
ASN00092045,19740309,TMAX,210,,,a,
ASN00092045,19740310,TMAX,215,,,a,
ASN00092045,19740311,TMAX,216,,,a,
ASN00092045,19740312,TMAX,232,,,a,
ASN00092045,19740313,TMAX,220,,,a,
ASN00092045,19740314,TMAX,198,,,a,
ASN00092045,19740315,TMAX,180,,,a,
ASN00092045,19740316,TMAX,185,,,a,
ASN00092045,19740317,TMAX,200,,,a,
ASN00092045,19740318,TMAX,240,,,a,
ASN00092045,19740319,TMAX,230,,,a,
ASN00092045,19740320,TMAX,195,,,a,
ASN00092045,19740321,TMAX,210,,,a,
ASN00092045,19740322,TMAX,235,,,a,
ASN00092045,19740323,TMAX,228,,,a,
ASN00092045,19740324,TMAX,205,,,a,
ASN00092045,19740325,TMAX,215,,,a,
ASN00092045,19740326,TMAX,220,,,a,
ASN00092045,19740327,TMAX,205,,,a,
ASN00092045,19740328,TMAX,205,,,a,
ASN00092045,19740329,TMAX,220,,,a,
ASN00092045,19740330,TMAX,180,,,a,
ASN00092045,19740331,TMAX,190,,,a,
ASN00092045,19740301,TMIN,162,,,a,
ASN00092045,19740302,TMIN,170,,,a,
ASN00092045,19740303,TMIN,189,,,a,
ASN00092045,19740304,TMIN,176,,,a,
ASN00092045,19740305,TMIN,170,,,a,
ASN00092045,19740306,TMIN,140,,,a,
ASN00092045,19740307,TMIN,155,,,a,
ASN00092045,19740308,TMIN,172,,,a,
ASN00092045,19740309,TMIN,170,,,a,
ASN00092045,19740310,TMIN,176,,,a,
ASN00092045,19740311,TMIN,182,,,a,
ASN00092045,19740312,TMIN,190,,,a,
ASN00092045,19740313,TMIN,136,,,a,
ASN00092045,19740314,TMIN,146,,,a,
ASN00092045,19740315,TMIN,78,,,a,
ASN00092045,19740316,TMIN,85,,,a,
ASN00092045,19740317,TMIN,134,,,a,
ASN00092045,19740318,TMIN,165,,,a,
ASN00092045,19740319,TMIN,160,,,a,
ASN00092045,19740320,TMIN,150,,,a,
ASN00092045,19740321,TMIN,155,,,a,
ASN00092045,19740322,TMIN,160,,,a,
ASN00092045,19740323,TMIN,180,,,a,
ASN00092045,19740324,TMIN,190,,,a,
ASN00092045,19740325,TMIN,180,,,a,
ASN00092045,19740326,TMIN,178,,,a,
ASN00092045,19740327,TMIN,176,,,a,
ASN00092045,19740328,TMIN,170,,,a,
ASN00092045,19740329,TMIN,170,,,a,
ASN00092045,19740330,TMIN,140,,,a,
ASN00092045,19740331,TMIN,150,,,a,
ASN00092045,19740301,PRCP,0,,,a,
ASN00092045,19740302,PRCP,0,,,a,
ASN00092045,19740303,PRCP,0,,,a,
ASN00092045,19740304,PRCP,0,,,a,
ASN00092045,19740305,PRCP,0,,,a,
ASN00092045,19740306,PRCP,50,,,a,
ASN00092045,19740307,PRCP,0,,,a,
ASN00092045,19740308,PRCP,0,,,a,
ASN00092045,19740309,PRCP,0,,,a,
ASN00092045,19740310,PRCP,80,,,a,
ASN00092045,19740311,PRCP,18,,,a,
ASN00092045,19740312,PRCP,0,,,a,
ASN00092045,19740313,PRCP,4,,,a,
ASN00092045,19740314,PRCP,0,,,a,
ASN00092045,19740315,PRCP,0,,,a,
ASN00092045,19740316,PRCP,0,,,a,
ASN00092045,19740317,PRCP,0,,,a,
ASN00092045,19740318,PRCP,50,,,a,
ASN00092045,19740319,PRCP,0,,,a,
ASN00092045,19740320,PRCP,36,,,a,
ASN00092045,19740321,PRCP,0,,,a,
ASN00092045,19740322,PRCP,186,,,a,
ASN00092045,19740323,PRCP,0,,,a,
ASN00092045,19740324,PRCP,10,,,a,
ASN00092045,19740325,PRCP,90,,,a,
ASN00092045,19740326,PRCP,0,,,a,
ASN00092045,19740327,PRCP,0,,,a,
ASN00092045,19740328,PRCP,0,,,a,
ASN00092045,19740329,PRCP,0,,,a,
ASN00092045,19740330,PRCP,0,,,a,
ASN00092045,19740331,PRCP,0,,,a,
ASN00092045,19740301,TAVG,189,H,,S,
ASN00092045,19740302,TAVG,220,H,,S,
ASN00092045,19740303,TAVG,205,H,,S,
ASN00092045,19740304,TAVG,188,H,,S,
ASN00092045,19740305,TAVG,163,H,,S,
ASN00092045,19740306,TAVG,169,H,,S,
ASN00092045,19740307,TAVG,184,H,,S,
ASN00092045,19740308,TAVG,183,H,,S,
ASN00092045,19740309,TAVG,182,H,,S,
ASN00092045,19740310,TAVG,200,H,,S,
ASN00092045,19740311,TAVG,198,H,,S,
ASN00092045,19740312,TAVG,168,H,,S,
ASN00092045,19740313,TAVG,185,H,,S,
ASN00092045,19740314,TAVG,157,H,,S,
ASN00092045,19740315,TAVG,128,H,,S,
ASN00092045,19740316,TAVG,170,H,,S,
ASN00092045,19740317,TAVG,177,H,,S,
ASN00092045,19740318,TAVG,186,H,,S,
ASN00092045,19740319,TAVG,177,H,,S,
ASN00092045,19740320,TAVG,179,H,,S,
ASN00092045,19740321,TAVG,192,H,,S,
ASN00092045,19740322,TAVG,205,H,,S,
ASN00092045,19740323,TAVG,202,H,,S,
ASN00092045,19740324,TAVG,190,H,,S,
ASN00092045,19740325,TAVG,195,H,,S,
ASN00092045,19740326,TAVG,193,H,,S,
ASN00092045,19740327,TAVG,193,H,,S,
ASN00092045,19740328,TAVG,187,H,,S,
ASN00092045,19740329,TAVG,167,H,,S,
ASN00092045,19740330,TAVG,168,H,,S,
ASN00092045,19740331,TAVG,178,H,,S,
ASN00092045,19740401,TMAX,210,,,a,
ASN00092045,19740402,TMAX,190,,,a,
ASN00092045,19740403,TMAX,175,,,a,
ASN00092045,19740404,TMAX,165,,,a,
ASN00092045,19740405,TMAX,176,,,a,
ASN00092045,19740406,TMAX,180,,,a,
ASN00092045,19740407,TMAX,175,,,a,
ASN00092045,19740408,TMAX,178,,,a,
ASN00092045,19740409,TMAX,183,,,a,
ASN00092045,19740410,TMAX,190,,,a,
ASN00092045,19740411,TMAX,170,,,a,
ASN00092045,19740412,TMAX,177,,,a,
ASN00092045,19740413,TMAX,160,,,a,
ASN00092045,19740414,TMAX,162,,,a,
ASN00092045,19740415,TMAX,168,,,a,
ASN00092045,19740416,TMAX,165,,,a,
ASN00092045,19740417,TMAX,172,,,a,
ASN00092045,19740418,TMAX,170,,,a,
ASN00092045,19740419,TMAX,157,,,a,
ASN00092045,19740420,TMAX,165,,,a,
ASN00092045,19740421,TMAX,172,,,a,
ASN00092045,19740422,TMAX,180,,,a,
ASN00092045,19740423,TMAX,185,,,a,
ASN00092045,19740424,TMAX,195,,,a,
ASN00092045,19740425,TMAX,185,,,a,
ASN00092045,19740426,TMAX,195,,,a,
ASN00092045,19740427,TMAX,185,,,a,
ASN00092045,19740428,TMAX,182,,,a,
ASN00092045,19740429,TMAX,185,,,a,
ASN00092045,19740430,TMAX,170,,,a,
ASN00092045,19740401,TMIN,165,,,a,
ASN00092045,19740402,TMIN,115,,,a,
ASN00092045,19740403,TMIN,88,,,a,
ASN00092045,19740404,TMIN,80,,,a,
ASN00092045,19740405,TMIN,57,,,a,
ASN00092045,19740406,TMIN,125,,,a,
ASN00092045,19740407,TMIN,146,,,a,
ASN00092045,19740408,TMIN,130,,,a,
ASN00092045,19740409,TMIN,136,,,a,
ASN00092045,19740410,TMIN,160,,,a,
ASN00092045,19740411,TMIN,152,,,a,
ASN00092045,19740412,TMIN,143,,,a,
ASN00092045,19740413,TMIN,120,,,a,
ASN00092045,19740414,TMIN,118,,,a,
ASN00092045,19740415,TMIN,120,,,a,
ASN00092045,19740416,TMIN,125,,,a,
ASN00092045,19740417,TMIN,106,,,a,
ASN00092045,19740418,TMIN,143,,,a,
ASN00092045,19740419,TMIN,120,,,a,
ASN00092045,19740420,TMIN,140,,,a,
ASN00092045,19740421,TMIN,136,,,a,
ASN00092045,19740422,TMIN,140,,,a,
ASN00092045,19740423,TMIN,163,,,a,
ASN00092045,19740424,TMIN,160,,,a,
ASN00092045,19740425,TMIN,152,,,a,
ASN00092045,19740426,TMIN,155,,,a,
ASN00092045,19740427,TMIN,175,,,a,
ASN00092045,19740428,TMIN,174,,,a,
ASN00092045,19740429,TMIN,146,,,a,
ASN00092045,19740430,TMIN,105,,,a,
ASN00092045,19740401,PRCP,44,,,a,
ASN00092045,19740402,PRCP,1,,,a,
ASN00092045,19740403,PRCP,54,,,a,
ASN00092045,19740404,PRCP,43,,,a,
ASN00092045,19740405,PRCP,0,,,a,
ASN00092045,19740406,PRCP,0,,,a,
ASN00092045,19740407,PRCP,72,,,a,
ASN00092045,19740408,PRCP,2,,,a,
ASN00092045,19740409,PRCP,92,,,a,
ASN00092045,19740410,PRCP,53,,,a,
ASN00092045,19740411,PRCP,68,,,a,
ASN00092045,19740412,PRCP,720,,,a,
ASN00092045,19740413,PRCP,140,,,a,
ASN00092045,19740414,PRCP,0,,,a,
ASN00092045,19740415,PRCP,0,,,a,
ASN00092045,19740416,PRCP,16,,,a,
ASN00092045,19740417,PRCP,0,,,a,
ASN00092045,19740418,PRCP,0,,,a,
ASN00092045,19740419,PRCP,26,,,a,
ASN00092045,19740420,PRCP,0,,,a,
ASN00092045,19740421,PRCP,0,,,a,
ASN00092045,19740422,PRCP,78,,,a,
ASN00092045,19740423,PRCP,0,,,a,
ASN00092045,19740424,PRCP,52,,,a,
ASN00092045,19740425,PRCP,0,,,a,
ASN00092045,19740426,PRCP,82,,,a,
ASN00092045,19740427,PRCP,12,,,a,
ASN00092045,19740428,PRCP,78,,,a,
ASN00092045,19740429,PRCP,110,,,a,
ASN00092045,19740430,PRCP,66,,,a,
ASN00092045,19740401,TAVG,163,H,,S,
ASN00092045,19740402,TAVG,138,H,,S,
ASN00092045,19740403,TAVG,140,H,,S,
ASN00092045,19740404,TAVG,116,H,,S,
ASN00092045,19740405,TAVG,164,H,,S,
ASN00092045,19740406,TAVG,157,H,,S,
ASN00092045,19740407,TAVG,148,H,,S,
ASN00092045,19740408,TAVG,170,H,,S,
ASN00092045,19740409,TAVG,170,H,,S,
ASN00092045,19740410,TAVG,170,H,,S,
ASN00092045,19740411,TAVG,162,H,,S,
ASN00092045,19740412,TAVG,142,H,,S,
ASN00092045,19740413,TAVG,130,H,,S,
ASN00092045,19740414,TAVG,142,H,,S,
ASN00092045,19740415,TAVG,152,H,,S,
ASN00092045,19740416,TAVG,146,H,,S,
ASN00092045,19740417,TAVG,157,H,,S,
ASN00092045,19740418,TAVG,147,H,,S,
ASN00092045,19740419,TAVG,152,H,,S,
ASN00092045,19740420,TAVG,154,H,,S,
ASN00092045,19740421,TAVG,163,H,,S,
ASN00092045,19740423,TAVG,175,H,,S,
ASN00092045,19740424,TAVG,168,H,,S,
ASN00092045,19740425,TAVG,172,H,,S,
ASN00092045,19740426,TAVG,180,H,,S,
ASN00092045,19740427,TAVG,181,H,,S,
ASN00092045,19740428,TAVG,170,H,,S,
ASN00092045,19740429,TAVG,154,H,,S,
ASN00092045,19740430,TAVG,143,H,,S,
ASN00092045,19740501,TMAX,146,,,a,
ASN00092045,19740502,TMAX,168,,,a,
ASN00092045,19740503,TMAX,160,,,a,
ASN00092045,19740504,TMAX,170,,,a,
ASN00092045,19740505,TMAX,180,,,a,
ASN00092045,19740506,TMAX,194,,,a,
ASN00092045,19740507,TMAX,205,,,a,
ASN00092045,19740508,TMAX,175,,,a,
ASN00092045,19740509,TMAX,178,,,a,
ASN00092045,19740510,TMAX,178,,,a,
ASN00092045,19740511,TMAX,190,,,a,
ASN00092045,19740512,TMAX,190,,,a,
ASN00092045,19740513,TMAX,182,,,a,
ASN00092045,19740514,TMAX,196,,,a,
ASN00092045,19740515,TMAX,156,,,a,
ASN00092045,19740516,TMAX,164,,,a,
ASN00092045,19740517,TMAX,146,,,a,
ASN00092045,19740518,TMAX,121,,,a,
ASN00092045,19740519,TMAX,136,,,a,
ASN00092045,19740520,TMAX,146,,,a,
ASN00092045,19740521,TMAX,156,,,a,
ASN00092045,19740522,TMAX,130,,,a,
ASN00092045,19740523,TMAX,124,,,a,
ASN00092045,19740524,TMAX,140,,,a,
ASN00092045,19740525,TMAX,152,,,a,
ASN00092045,19740526,TMAX,140,,,a,
ASN00092045,19740527,TMAX,140,,,a,
ASN00092045,19740528,TMAX,136,,,a,
ASN00092045,19740529,TMAX,146,,,a,
ASN00092045,19740530,TMAX,155,,,a,
ASN00092045,19740531,TMAX,158,,,a,
ASN00092045,19740501,TMIN,125,,,a,
ASN00092045,19740502,TMIN,102,,,a,
ASN00092045,19740503,TMIN,115,,,a,
ASN00092045,19740504,TMIN,112,,,a,
ASN00092045,19740505,TMIN,130,,,a,
ASN00092045,19740506,TMIN,128,,,a,
ASN00092045,19740507,TMIN,121,,,a,
ASN00092045,19740508,TMIN,125,,,a,
ASN00092045,19740509,TMIN,104,,,a,
ASN00092045,19740510,TMIN,126,,,a,
ASN00092045,19740511,TMIN,145,,,a,
ASN00092045,19740512,TMIN,138,,,a,
ASN00092045,19740513,TMIN,124,,,a,
ASN00092045,19740514,TMIN,148,,,a,
ASN00092045,19740515,TMIN,152,,,a,
ASN00092045,19740516,TMIN,110,,,a,
ASN00092045,19740517,TMIN,90,,,a,
ASN00092045,19740518,TMIN,105,,,a,
ASN00092045,19740519,TMIN,90,,,a,
ASN00092045,19740520,TMIN,101,,,a,
ASN00092045,19740521,TMIN,98,,,a,
ASN00092045,19740522,TMIN,95,,,a,
ASN00092045,19740523,TMIN,102,,,a,
ASN00092045,19740524,TMIN,82,,,a,
ASN00092045,19740525,TMIN,98,,,a,
ASN00092045,19740526,TMIN,112,,,a,
ASN00092045,19740527,TMIN,116,,,a,
ASN00092045,19740528,TMIN,116,,,a,
ASN00092045,19740529,TMIN,105,,,a,
ASN00092045,19740530,TMIN,90,,,a,
ASN00092045,19740531,TMIN,96,,,a,
ASN00092045,19740501,PRCP,52,,,a,
ASN00092045,19740502,PRCP,0,,,a,
ASN00092045,19740503,PRCP,11,,,a,
ASN00092045,19740504,PRCP,24,,,a,
ASN00092045,19740505,PRCP,0,,,a,
ASN00092045,19740506,PRCP,2,,,a,
ASN00092045,19740507,PRCP,2,,,a,
ASN00092045,19740508,PRCP,0,,,a,
ASN00092045,19740509,PRCP,2,,,a,
ASN00092045,19740510,PRCP,21,,,a,
ASN00092045,19740511,PRCP,35,,,a,
ASN00092045,19740512,PRCP,0,,,a,
ASN00092045,19740513,PRCP,2,,,a,
ASN00092045,19740514,PRCP,22,,,a,
ASN00092045,19740515,PRCP,179,,,a,
ASN00092045,19740516,PRCP,352,,,a,
ASN00092045,19740517,PRCP,0,,,a,
ASN00092045,19740518,PRCP,4,,,a,
ASN00092045,19740519,PRCP,31,,,a,
ASN00092045,19740520,PRCP,0,,,a,
ASN00092045,19740521,PRCP,0,,,a,
ASN00092045,19740522,PRCP,0,,,a,
ASN00092045,19740523,PRCP,66,,,a,
ASN00092045,19740524,PRCP,126,,,a,
ASN00092045,19740525,PRCP,24,,,a,
ASN00092045,19740526,PRCP,54,,,a,
ASN00092045,19740527,PRCP,6,,,a,
ASN00092045,19740528,PRCP,64,,,a,
ASN00092045,19740529,PRCP,84,,,a,
ASN00092045,19740530,PRCP,16,,,a,
ASN00092045,19740531,PRCP,16,,,a,
ASN00092045,19740501,TAVG,135,H,,S,
ASN00092045,19740502,TAVG,142,H,,S,
ASN00092045,19740503,TAVG,136,H,,S,
ASN00092045,19740504,TAVG,160,H,,S,
ASN00092045,19740505,TAVG,154,H,,S,
ASN00092045,19740506,TAVG,162,H,,S,
ASN00092045,19740507,TAVG,153,H,,S,
ASN00092045,19740508,TAVG,137,H,,S,
ASN00092045,19740509,TAVG,160,H,,S,
ASN00092045,19740510,TAVG,158,H,,S,
ASN00092045,19740511,TAVG,162,H,,S,
ASN00092045,19740512,TAVG,158,H,,S,
ASN00092045,19740513,TAVG,177,H,,S,
ASN00092045,19740514,TAVG,167,H,,S,
ASN00092045,19740515,TAVG,129,H,,S,
ASN00092045,19740516,TAVG,116,H,,S,
ASN00092045,19740517,TAVG,122,H,,S,
ASN00092045,19740518,TAVG,116,H,,S,
ASN00092045,19740519,TAVG,122,H,,S,
ASN00092045,19740520,TAVG,127,H,,S,
ASN00092045,19740521,TAVG,128,H,,S,
ASN00092045,19740522,TAVG,117,H,,S,
ASN00092045,19740523,TAVG,108,H,,S,
ASN00092045,19740524,TAVG,125,H,,S,
ASN00092045,19740525,TAVG,124,H,,S,
ASN00092045,19740526,TAVG,128,H,,S,
ASN00092045,19740527,TAVG,131,H,,S,
ASN00092045,19740528,TAVG,116,H,,S,
ASN00092045,19740529,TAVG,121,H,,S,
ASN00092045,19740530,TAVG,122,H,,S,
ASN00092045,19740531,TAVG,132,H,,S,
ASN00092045,19740601,TMAX,152,,,a,
ASN00092045,19740602,TMAX,157,,,a,
ASN00092045,19740603,TMAX,172,,,a,
ASN00092045,19740604,TMAX,169,,,a,
ASN00092045,19740605,TMAX,168,,,a,
ASN00092045,19740606,TMAX,168,,,a,
ASN00092045,19740607,TMAX,147,,,a,
ASN00092045,19740608,TMAX,112,,,a,
ASN00092045,19740609,TMAX,120,,,a,
ASN00092045,19740610,TMAX,130,,,a,
ASN00092045,19740611,TMAX,135,,,a,
ASN00092045,19740612,TMAX,136,,,a,
ASN00092045,19740613,TMAX,127,,,a,
ASN00092045,19740614,TMAX,120,,,a,
ASN00092045,19740615,TMAX,137,,,a,
ASN00092045,19740616,TMAX,134,,,a,
ASN00092045,19740617,TMAX,138,,,a,
ASN00092045,19740618,TMAX,148,,,a,
ASN00092045,19740619,TMAX,138,,,a,
ASN00092045,19740620,TMAX,115,,,a,
ASN00092045,19740621,TMAX,118,,,a,
ASN00092045,19740622,TMAX,142,,,a,
ASN00092045,19740623,TMAX,130,,,a,
ASN00092045,19740624,TMAX,140,,,a,
ASN00092045,19740625,TMAX,130,,,a,
ASN00092045,19740626,TMAX,145,,,a,
ASN00092045,19740627,TMAX,145,,,a,
ASN00092045,19740628,TMAX,145,,,a,
ASN00092045,19740629,TMAX,151,,,a,
ASN00092045,19740630,TMAX,138,,,a,
ASN00092045,19740601,TMIN,96,,,a,
ASN00092045,19740602,TMIN,100,,,a,
ASN00092045,19740603,TMIN,118,,,a,
ASN00092045,19740604,TMIN,142,,,a,
ASN00092045,19740605,TMIN,150,,,a,
ASN00092045,19740606,TMIN,149,,,a,
ASN00092045,19740607,TMIN,102,,,a,
ASN00092045,19740608,TMIN,84,,,a,
ASN00092045,19740609,TMIN,68,,,a,
ASN00092045,19740610,TMIN,70,,,a,
ASN00092045,19740611,TMIN,110,,,a,
ASN00092045,19740612,TMIN,100,,,a,
ASN00092045,19740613,TMIN,114,,,a,
ASN00092045,19740614,TMIN,84,,,a,
ASN00092045,19740615,TMIN,80,,,a,
ASN00092045,19740616,TMIN,73,,,a,
ASN00092045,19740617,TMIN,72,,,a,
ASN00092045,19740618,TMIN,90,,,a,
ASN00092045,19740619,TMIN,130,,,a,
ASN00092045,19740620,TMIN,75,,,a,
ASN00092045,19740621,TMIN,55,,,a,
ASN00092045,19740622,TMIN,57,,,a,
ASN00092045,19740623,TMIN,83,,,a,
ASN00092045,19740624,TMIN,70,,,a,
ASN00092045,19740625,TMIN,50,,,a,
ASN00092045,19740626,TMIN,68,,,a,
ASN00092045,19740627,TMIN,86,,,a,
ASN00092045,19740628,TMIN,96,,,a,
ASN00092045,19740629,TMIN,105,,,a,
ASN00092045,19740630,TMIN,94,,,a,
ASN00092045,19740601,PRCP,0,,,a,
ASN00092045,19740602,PRCP,0,,,a,
ASN00092045,19740603,PRCP,0,,,a,
ASN00092045,19740604,PRCP,6,,,a,
ASN00092045,19740605,PRCP,8,,,a,
ASN00092045,19740606,PRCP,22,,,a,
ASN00092045,19740607,PRCP,0,,,a,
ASN00092045,19740608,PRCP,10,,,a,
ASN00092045,19740609,PRCP,68,,,a,
ASN00092045,19740610,PRCP,70,,,a,
ASN00092045,19740611,PRCP,0,,,a,
ASN00092045,19740612,PRCP,9,,,a,
ASN00092045,19740613,PRCP,5,,,a,
ASN00092045,19740614,PRCP,24,,,a,
ASN00092045,19740615,PRCP,0,,,a,
ASN00092045,19740616,PRCP,34,,,a,
ASN00092045,19740617,PRCP,0,,,a,
ASN00092045,19740618,PRCP,12,,,a,
ASN00092045,19740619,PRCP,23,,,a,
ASN00092045,19740620,PRCP,92,,,a,
ASN00092045,19740621,PRCP,12,,,a,
ASN00092045,19740622,PRCP,0,,,a,
ASN00092045,19740623,PRCP,0,,,a,
ASN00092045,19740624,PRCP,0,,,a,
ASN00092045,19740625,PRCP,0,,,a,
ASN00092045,19740626,PRCP,0,,,a,
ASN00092045,19740627,PRCP,0,,,a,
ASN00092045,19740628,PRCP,1,,,a,
ASN00092045,19740629,PRCP,2,,,a,
ASN00092045,19740630,PRCP,4,,,a,
ASN00092045,19740601,TAVG,130,H,,S,
ASN00092045,19740602,TAVG,157,H,,S,
ASN00092045,19740603,TAVG,157,H,,S,
ASN00092045,19740604,TAVG,158,H,,S,
ASN00092045,19740605,TAVG,155,H,,S,
ASN00092045,19740606,TAVG,131,H,,S,
ASN00092045,19740607,TAVG,117,H,,S,
ASN00092045,19740608,TAVG,88,H,,S,
ASN00092045,19740609,TAVG,107,H,,S,
ASN00092045,19740610,TAVG,125,H,,S,
ASN00092045,19740611,TAVG,116,H,,S,
ASN00092045,19740612,TAVG,120,H,,S,
ASN00092045,19740613,TAVG,107,H,,S,
ASN00092045,19740614,TAVG,103,H,,S,
ASN00092045,19740615,TAVG,88,H,,S,
ASN00092045,19740616,TAVG,95,H,,S,
ASN00092045,19740617,TAVG,120,H,,S,
ASN00092045,19740618,TAVG,134,H,,S,
ASN00092045,19740619,TAVG,106,H,,S,
ASN00092045,19740620,TAVG,87,H,,S,
ASN00092045,19740621,TAVG,103,H,,S,
ASN00092045,19740622,TAVG,107,H,,S,
ASN00092045,19740623,TAVG,102,H,,S,
ASN00092045,19740624,TAVG,95,H,,S,
ASN00092045,19740625,TAVG,103,H,,S,
ASN00092045,19740626,TAVG,110,H,,S,
ASN00092045,19740627,TAVG,126,H,,S,
ASN00092045,19740628,TAVG,128,H,,S,
ASN00092045,19740629,TAVG,120,H,,S,
ASN00092045,19740630,TAVG,122,H,,S,
ASN00092045,19740701,TMAX,123,,,a,
ASN00092045,19740702,TMAX,107,,,a,
ASN00092045,19740703,TMAX,115,,,a,
ASN00092045,19740704,TMAX,132,,,a,
ASN00092045,19740705,TMAX,137,,,a,
ASN00092045,19740706,TMAX,130,,,a,
ASN00092045,19740707,TMAX,134,,,a,
ASN00092045,19740708,TMAX,131,,,a,
ASN00092045,19740709,TMAX,108,,,a,
ASN00092045,19740710,TMAX,110,,,a,
ASN00092045,19740711,TMAX,115,,,a,
ASN00092045,19740712,TMAX,120,,,a,
ASN00092045,19740713,TMAX,116,,,a,
ASN00092045,19740714,TMAX,128,,,a,
ASN00092045,19740715,TMAX,141,,,a,
ASN00092045,19740716,TMAX,120,,,a,
ASN00092045,19740717,TMAX,138,,,a,
ASN00092045,19740718,TMAX,132,,,a,
ASN00092045,19740719,TMAX,132,,,a,
ASN00092045,19740720,TMAX,125,,,a,
ASN00092045,19740721,TMAX,125,,,a,
ASN00092045,19740722,TMAX,145,,,a,
ASN00092045,19740723,TMAX,135,,,a,
ASN00092045,19740724,TMAX,148,,,a,
ASN00092045,19740725,TMAX,132,,,a,
ASN00092045,19740726,TMAX,130,,,a,
ASN00092045,19740727,TMAX,137,,,a,
ASN00092045,19740728,TMAX,126,,,a,
ASN00092045,19740729,TMAX,128,,,a,
ASN00092045,19740730,TMAX,129,,,a,
ASN00092045,19740731,TMAX,138,,,a,
ASN00092045,19740701,TMIN,103,,,a,
ASN00092045,19740702,TMIN,76,,,a,
ASN00092045,19740703,TMIN,77,,,a,
ASN00092045,19740704,TMIN,82,,,a,
ASN00092045,19740705,TMIN,94,,,a,
ASN00092045,19740706,TMIN,103,,,a,
ASN00092045,19740707,TMIN,105,,,a,
ASN00092045,19740708,TMIN,100,,,a,
ASN00092045,19740709,TMIN,80,,,a,
ASN00092045,19740710,TMIN,72,,,a,
ASN00092045,19740711,TMIN,86,,,a,
ASN00092045,19740712,TMIN,75,,,a,
ASN00092045,19740713,TMIN,56,,,a,
ASN00092045,19740714,TMIN,49,,,a,
ASN00092045,19740715,TMIN,68,,,a,
ASN00092045,19740716,TMIN,87,,,a,
ASN00092045,19740717,TMIN,97,,,a,
ASN00092045,19740718,TMIN,110,,,a,
ASN00092045,19740719,TMIN,92,,,a,
ASN00092045,19740720,TMIN,78,,,a,
ASN00092045,19740721,TMIN,70,,,a,
ASN00092045,19740722,TMIN,72,,,a,
ASN00092045,19740723,TMIN,105,,,a,
ASN00092045,19740724,TMIN,100,,,a,
ASN00092045,19740725,TMIN,105,,,a,
ASN00092045,19740726,TMIN,105,,,a,
ASN00092045,19740727,TMIN,55,,,a,
ASN00092045,19740728,TMIN,70,,,a,
ASN00092045,19740729,TMIN,56,,,a,
ASN00092045,19740730,TMIN,80,,,a,
ASN00092045,19740731,TMIN,107,,,a,
ASN00092045,19740701,PRCP,0,,,a,
ASN00092045,19740702,PRCP,18,,,a,
ASN00092045,19740703,PRCP,31,,,a,
ASN00092045,19740704,PRCP,79,,,a,
ASN00092045,19740705,PRCP,51,,,a,
ASN00092045,19740706,PRCP,34,,,a,
ASN00092045,19740707,PRCP,302,,,a,
ASN00092045,19740708,PRCP,74,,,a,
ASN00092045,19740709,PRCP,0,,,a,
ASN00092045,19740710,PRCP,47,,,a,
ASN00092045,19740711,PRCP,65,,,a,
ASN00092045,19740712,PRCP,29,,,a,
ASN00092045,19740713,PRCP,0,,,a,
ASN00092045,19740714,PRCP,38,,,a,
ASN00092045,19740715,PRCP,5,,,a,
ASN00092045,19740716,PRCP,61,,,a,
ASN00092045,19740717,PRCP,37,,,a,
ASN00092045,19740718,PRCP,242,,,a,
ASN00092045,19740719,PRCP,104,,,a,
ASN00092045,19740720,PRCP,128,,,a,
ASN00092045,19740721,PRCP,79,,,a,
ASN00092045,19740722,PRCP,114,,,a,
ASN00092045,19740723,PRCP,22,,,a,
ASN00092045,19740724,PRCP,26,,,a,
ASN00092045,19740725,PRCP,0,,,a,
ASN00092045,19740726,PRCP,67,,,a,
ASN00092045,19740727,PRCP,44,,,a,
ASN00092045,19740728,PRCP,0,,,a,
ASN00092045,19740729,PRCP,0,,,a,
ASN00092045,19740730,PRCP,7,,,a,
ASN00092045,19740731,PRCP,78,,,a,
ASN00092045,19740701,TAVG,98,H,,S,
ASN00092045,19740702,TAVG,94,H,,S,
ASN00092045,19740703,TAVG,98,H,,S,
ASN00092045,19740704,TAVG,118,H,,S,
ASN00092045,19740705,TAVG,120,H,,S,
ASN00092045,19740706,TAVG,123,H,,S,
ASN00092045,19740707,TAVG,115,H,,S,
ASN00092045,19740708,TAVG,102,H,,S,
ASN00092045,19740709,TAVG,95,H,,S,
ASN00092045,19740710,TAVG,100,H,,S,
ASN00092045,19740711,TAVG,90,H,,S,
ASN00092045,19740712,TAVG,92,H,,S,
ASN00092045,19740713,TAVG,88,H,,S,
ASN00092045,19740714,TAVG,109,H,,S,
ASN00092045,19740715,TAVG,106,H,,S,
ASN00092045,19740716,TAVG,116,H,,S,
ASN00092045,19740718,TAVG,109,H,,S,
ASN00092045,19740719,TAVG,110,H,,S,
ASN00092045,19740720,TAVG,98,H,,S,
ASN00092045,19740721,TAVG,121,H,,S,
ASN00092045,19740722,TAVG,130,H,,S,
ASN00092045,19740723,TAVG,120,H,,S,
ASN00092045,19740724,TAVG,123,H,,S,
ASN00092045,19740725,TAVG,123,H,,S,
ASN00092045,19740727,TAVG,105,H,,S,
ASN00092045,19740728,TAVG,90,H,,S,
ASN00092045,19740729,TAVG,104,H,,S,
ASN00092045,19740730,TAVG,115,H,,S,
ASN00092045,19740731,TAVG,97,H,,S,
ASN00092045,19740801,TMAX,144,,,a,
ASN00092045,19740802,TMAX,147,,,a,
ASN00092045,19740803,TMAX,115,,,a,
ASN00092045,19740804,TMAX,90,,,a,
ASN00092045,19740805,TMAX,85,,,a,
ASN00092045,19740806,TMAX,105,,,a,
ASN00092045,19740807,TMAX,118,,,a,
ASN00092045,19740808,TMAX,125,,,a,
ASN00092045,19740809,TMAX,152,,,a,
ASN00092045,19740810,TMAX,141,,,a,
ASN00092045,19740811,TMAX,137,,,a,
ASN00092045,19740812,TMAX,171,,,a,
ASN00092045,19740813,TMAX,143,,,a,
ASN00092045,19740814,TMAX,150,,,a,
ASN00092045,19740815,TMAX,125,,,a,
ASN00092045,19740816,TMAX,123,,,a,
ASN00092045,19740817,TMAX,150,,,a,
ASN00092045,19740818,TMAX,135,,,a,
ASN00092045,19740819,TMAX,146,,,a,
ASN00092045,19740820,TMAX,145,,,a,
ASN00092045,19740821,TMAX,128,,,a,
ASN00092045,19740822,TMAX,130,,,a,
ASN00092045,19740823,TMAX,130,,,a,
ASN00092045,19740824,TMAX,137,,,a,
ASN00092045,19740825,TMAX,119,,,a,
ASN00092045,19740826,TMAX,132,,,a,
ASN00092045,19740827,TMAX,127,,,a,
ASN00092045,19740828,TMAX,135,,,a,
ASN00092045,19740829,TMAX,130,,,a,
ASN00092045,19740830,TMAX,128,,,a,
ASN00092045,19740831,TMAX,145,,,a,
ASN00092045,19740801,TMIN,71,,,a,
ASN00092045,19740802,TMIN,92,,,a,
ASN00092045,19740803,TMIN,83,,,a,
ASN00092045,19740804,TMIN,75,,,a,
ASN00092045,19740805,TMIN,40,,,a,
ASN00092045,19740806,TMIN,10,,,a,
ASN00092045,19740807,TMIN,50,,,a,
ASN00092045,19740808,TMIN,74,,,a,
ASN00092045,19740809,TMIN,68,,,a,
ASN00092045,19740810,TMIN,60,,,a,
ASN00092045,19740811,TMIN,71,,,a,
ASN00092045,19740812,TMIN,80,,,a,
ASN00092045,19740813,TMIN,91,,,a,
ASN00092045,19740814,TMIN,88,,,a,
ASN00092045,19740815,TMIN,48,,,a,
ASN00092045,19740816,TMIN,27,,,a,
ASN00092045,19740817,TMIN,76,,,a,
ASN00092045,19740818,TMIN,75,,,a,
ASN00092045,19740819,TMIN,95,,,a,
ASN00092045,19740820,TMIN,92,,,a,
ASN00092045,19740821,TMIN,87,,,a,
ASN00092045,19740822,TMIN,64,,,a,
ASN00092045,19740823,TMIN,90,,,a,
ASN00092045,19740824,TMIN,65,,,a,
ASN00092045,19740825,TMIN,91,,,a,
ASN00092045,19740826,TMIN,93,,,a,
ASN00092045,19740827,TMIN,102,,,a,
ASN00092045,19740828,TMIN,98,,,a,
ASN00092045,19740829,TMIN,98,,,a,
ASN00092045,19740830,TMIN,101,,,a,
ASN00092045,19740831,TMIN,85,,,a,
ASN00092045,19740801,PRCP,32,,,a,
ASN00092045,19740802,PRCP,0,,,a,
ASN00092045,19740803,PRCP,19,,,a,
ASN00092045,19740804,PRCP,107,,,a,
ASN00092045,19740805,PRCP,0,,,a,
ASN00092045,19740806,PRCP,0,,,a,
ASN00092045,19740807,PRCP,0,,,a,
ASN00092045,19740808,PRCP,52,,,a,
ASN00092045,19740809,PRCP,2,,,a,
ASN00092045,19740810,PRCP,10,,,a,
ASN00092045,19740811,PRCP,12,,,a,
ASN00092045,19740812,PRCP,3,,,a,
ASN00092045,19740813,PRCP,1,,,a,
ASN00092045,19740814,PRCP,33,,,a,
ASN00092045,19740815,PRCP,66,,,a,
ASN00092045,19740816,PRCP,0,,,a,
ASN00092045,19740817,PRCP,0,,,a,
ASN00092045,19740818,PRCP,40,,,a,
ASN00092045,19740819,PRCP,85,,,a,
ASN00092045,19740820,PRCP,2,,,a,
ASN00092045,19740821,PRCP,12,,,a,
ASN00092045,19740822,PRCP,0,,,a,
ASN00092045,19740823,PRCP,0,,,a,
ASN00092045,19740824,PRCP,0,,,a,
ASN00092045,19740825,PRCP,1,,,a,
ASN00092045,19740826,PRCP,12,,,a,
ASN00092045,19740827,PRCP,10,,,a,
ASN00092045,19740828,PRCP,0,,,a,
ASN00092045,19740829,PRCP,52,,,a,
ASN00092045,19740830,PRCP,53,,,a,
ASN00092045,19740831,PRCP,0,,,a,
ASN00092045,19740801,TAVG,120,H,,S,
ASN00092045,19740802,TAVG,114,H,,S,
ASN00092045,19740803,TAVG,94,H,,S,
ASN00092045,19740804,TAVG,65,H,,S,
ASN00092045,19740805,TAVG,60,H,,S,
ASN00092045,19740806,TAVG,83,H,,S,
ASN00092045,19740807,TAVG,98,H,,S,
ASN00092045,19740808,TAVG,97,H,,S,
ASN00092045,19740809,TAVG,105,H,,S,
ASN00092045,19740810,TAVG,94,H,,S,
ASN00092045,19740811,TAVG,108,H,,S,
ASN00092045,19740812,TAVG,128,H,,S,
ASN00092045,19740813,TAVG,123,H,,S,
ASN00092045,19740814,TAVG,82,H,,S,
ASN00092045,19740815,TAVG,88,H,,S,
ASN00092045,19740816,TAVG,102,H,,S,
ASN00092045,19740817,TAVG,123,H,,S,
ASN00092045,19740818,TAVG,117,H,,S,
ASN00092045,19740819,TAVG,212,H,,S,
ASN00092045,19740820,TAVG,110,H,,S,
ASN00092045,19740821,TAVG,92,H,,S,
ASN00092045,19740822,TAVG,115,H,,S,
ASN00092045,19740823,TAVG,116,H,,S,
ASN00092045,19740824,TAVG,108,H,,S,
ASN00092045,19740825,TAVG,106,H,,S,
ASN00092045,19740826,TAVG,118,H,,S,
ASN00092045,19740827,TAVG,116,H,,S,
ASN00092045,19740828,TAVG,112,H,,S,
ASN00092045,19740829,TAVG,116,H,,S,
ASN00092045,19740830,TAVG,106,H,,S,
ASN00092045,19740831,TAVG,112,H,,S,
ASN00092045,19740901,TMAX,150,,,a,
ASN00092045,19740902,TMAX,150,,,a,
ASN00092045,19740903,TMAX,138,,,a,
ASN00092045,19740904,TMAX,155,,,a,
ASN00092045,19740905,TMAX,138,,,a,
ASN00092045,19740906,TMAX,155,,,a,
ASN00092045,19740907,TMAX,150,,,a,
ASN00092045,19740908,TMAX,150,,,a,
ASN00092045,19740909,TMAX,155,,,a,
ASN00092045,19740910,TMAX,146,,,a,
ASN00092045,19740911,TMAX,165,,,a,
ASN00092045,19740912,TMAX,133,,,a,
ASN00092045,19740913,TMAX,142,,,a,
ASN00092045,19740914,TMAX,135,,,a,
ASN00092045,19740915,TMAX,130,,,a,
ASN00092045,19740916,TMAX,145,,,a,
ASN00092045,19740917,TMAX,140,,,a,
ASN00092045,19740918,TMAX,150,,,a,
ASN00092045,19740919,TMAX,150,,,a,
ASN00092045,19740920,TMAX,164,,,a,
ASN00092045,19740921,TMAX,140,,,a,
ASN00092045,19740922,TMAX,135,,,a,
ASN00092045,19740923,TMAX,145,,,a,
ASN00092045,19740924,TMAX,125,,,a,
ASN00092045,19740925,TMAX,145,,,a,
ASN00092045,19740926,TMAX,100,,,a,
ASN00092045,19740927,TMAX,135,,,a,
ASN00092045,19740928,TMAX,130,,,a,
ASN00092045,19740929,TMAX,145,,,a,
ASN00092045,19740930,TMAX,200,,,a,
ASN00092045,19740901,TMIN,65,,,a,
ASN00092045,19740902,TMIN,60,,,a,
ASN00092045,19740903,TMIN,70,,,a,
ASN00092045,19740904,TMIN,105,,,a,
ASN00092045,19740905,TMIN,105,,,a,
ASN00092045,19740906,TMIN,56,,,a,
ASN00092045,19740907,TMIN,95,,,a,
ASN00092045,19740908,TMIN,78,,,a,
ASN00092045,19740909,TMIN,64,,,a,
ASN00092045,19740910,TMIN,99,,,a,
ASN00092045,19740911,TMIN,105,,,a,
ASN00092045,19740912,TMIN,102,,,a,
ASN00092045,19740913,TMIN,93,,,a,
ASN00092045,19740914,TMIN,97,,,a,
ASN00092045,19740915,TMIN,56,,,a,
ASN00092045,19740916,TMIN,62,,,a,
ASN00092045,19740917,TMIN,76,,,a,
ASN00092045,19740918,TMIN,60,,,a,
ASN00092045,19740919,TMIN,94,,,a,
ASN00092045,19740920,TMIN,90,,,a,
ASN00092045,19740921,TMIN,85,,,a,
ASN00092045,19740922,TMIN,55,,,a,
ASN00092045,19740923,TMIN,82,,,a,
ASN00092045,19740924,TMIN,85,,,a,
ASN00092045,19740925,TMIN,40,,,a,
ASN00092045,19740926,TMIN,55,,,a,
ASN00092045,19740927,TMIN,58,,,a,
ASN00092045,19740928,TMIN,80,,,a,
ASN00092045,19740929,TMIN,100,,,a,
ASN00092045,19740930,TMIN,110,,,a,
ASN00092045,19740901,PRCP,0,,,a,
ASN00092045,19740902,PRCP,0,,,a,
ASN00092045,19740903,PRCP,0,,,a,
ASN00092045,19740904,PRCP,2,,,a,
ASN00092045,19740905,PRCP,25,,,a,
ASN00092045,19740906,PRCP,180,,,a,
ASN00092045,19740907,PRCP,0,,,a,
ASN00092045,19740908,PRCP,1,,,a,
ASN00092045,19740909,PRCP,0,,,a,
ASN00092045,19740910,PRCP,0,,,a,
ASN00092045,19740911,PRCP,0,,,a,
ASN00092045,19740912,PRCP,36,,,a,
ASN00092045,19740913,PRCP,358,,,a,
ASN00092045,19740914,PRCP,64,,,a,
ASN00092045,19740915,PRCP,8,,,a,
ASN00092045,19740916,PRCP,0,,,a,
ASN00092045,19740917,PRCP,28,,,a,
ASN00092045,19740918,PRCP,0,,,a,
ASN00092045,19740919,PRCP,0,,,a,
ASN00092045,19740920,PRCP,114,,,a,
ASN00092045,19740921,PRCP,0,,,a,
ASN00092045,19740922,PRCP,12,,,a,
ASN00092045,19740923,PRCP,56,,,a,
ASN00092045,19740924,PRCP,90,,,a,
ASN00092045,19740925,PRCP,0,,,a,
ASN00092045,19740926,PRCP,94,,,a,
ASN00092045,19740927,PRCP,26,,,a,
ASN00092045,19740928,PRCP,27,,,a,
ASN00092045,19740929,PRCP,0,,,a,
ASN00092045,19740930,PRCP,10,,,a,
ASN00092045,19740901,TAVG,116,H,,S,
ASN00092045,19740902,TAVG,110,H,,S,
ASN00092045,19740903,TAVG,126,H,,S,
ASN00092045,19740904,TAVG,123,H,,S,
ASN00092045,19740905,TAVG,98,H,,S,
ASN00092045,19740906,TAVG,120,H,,S,
ASN00092045,19740907,TAVG,124,H,,S,
ASN00092045,19740908,TAVG,110,H,,S,
ASN00092045,19740909,TAVG,123,H,,S,
ASN00092045,19740910,TAVG,127,H,,S,
ASN00092045,19740911,TAVG,128,H,,S,
ASN00092045,19740912,TAVG,119,H,,S,
ASN00092045,19740913,TAVG,120,H,,S,
ASN00092045,19740914,TAVG,93,H,,S,
ASN00092045,19740915,TAVG,108,H,,S,
ASN00092045,19740916,TAVG,110,H,,S,
ASN00092045,19740917,TAVG,105,H,,S,
ASN00092045,19740918,TAVG,123,H,,S,
ASN00092045,19740919,TAVG,119,H,,S,
ASN00092045,19740920,TAVG,118,H,,S,
ASN00092045,19740921,TAVG,112,H,,S,
ASN00092045,19740922,TAVG,110,H,,S,
ASN00092045,19740923,TAVG,105,H,,S,
ASN00092045,19740924,TAVG,89,H,,S,
ASN00092045,19740925,TAVG,84,H,,S,
ASN00092045,19740926,TAVG,85,H,,S,
ASN00092045,19740927,TAVG,110,H,,S,
ASN00092045,19740928,TAVG,120,H,,S,
ASN00092045,19740929,TAVG,132,H,,S,
ASN00092045,19740930,TAVG,140,H,,S,
ASN00092045,19741001,TMAX,146,,,a,
ASN00092045,19741002,TMAX,158,,,a,
ASN00092045,19741003,TMAX,145,,,a,
ASN00092045,19741004,TMAX,145,,,a,
ASN00092045,19741005,TMAX,150,,,a,
ASN00092045,19741006,TMAX,145,,,a,
ASN00092045,19741007,TMAX,130,,,a,
ASN00092045,19741008,TMAX,142,,,a,
ASN00092045,19741009,TMAX,155,,,a,
ASN00092045,19741010,TMAX,155,,,a,
ASN00092045,19741011,TMAX,150,,,a,
ASN00092045,19741012,TMAX,145,,,a,
ASN00092045,19741013,TMAX,158,,,a,
ASN00092045,19741014,TMAX,160,,,a,
ASN00092045,19741015,TMAX,175,,,a,
ASN00092045,19741016,TMAX,150,,,a,
ASN00092045,19741017,TMAX,165,,,a,
ASN00092045,19741018,TMAX,145,,,a,
ASN00092045,19741019,TMAX,135,,,a,
ASN00092045,19741020,TMAX,140,,,a,
ASN00092045,19741021,TMAX,150,,,a,
ASN00092045,19741022,TMAX,170,,,a,
ASN00092045,19741023,TMAX,156,,,a,
ASN00092045,19741024,TMAX,160,,,a,
ASN00092045,19741025,TMAX,150,,,a,
ASN00092045,19741026,TMAX,175,,,a,
ASN00092045,19741027,TMAX,149,,,a,
ASN00092045,19741028,TMAX,166,,,a,
ASN00092045,19741029,TMAX,150,,,a,
ASN00092045,19741030,TMAX,150,,,a,
ASN00092045,19741031,TMAX,150,,,a,
ASN00092045,19741001,TMIN,102,,,a,
ASN00092045,19741002,TMIN,102,,,a,
ASN00092045,19741003,TMIN,80,,,a,
ASN00092045,19741004,TMIN,115,,,a,
ASN00092045,19741005,TMIN,115,,,a,
ASN00092045,19741006,TMIN,80,,,a,
ASN00092045,19741007,TMIN,80,,,a,
ASN00092045,19741008,TMIN,95,,,a,
ASN00092045,19741009,TMIN,105,,,a,
ASN00092045,19741010,TMIN,100,,,a,
ASN00092045,19741011,TMIN,100,,,a,
ASN00092045,19741012,TMIN,115,,,a,
ASN00092045,19741013,TMIN,70,,,a,
ASN00092045,19741014,TMIN,75,,,a,
ASN00092045,19741015,TMIN,100,,,a,
ASN00092045,19741016,TMIN,128,,,a,
ASN00092045,19741017,TMIN,92,,,a,
ASN00092045,19741018,TMIN,80,,,a,
ASN00092045,19741019,TMIN,105,,,a,
ASN00092045,19741020,TMIN,88,,,a,
ASN00092045,19741021,TMIN,86,,,a,
ASN00092045,19741022,TMIN,85,,,a,
ASN00092045,19741024,TMIN,104,,,a,
ASN00092045,19741025,TMIN,96,,,a,
ASN00092045,19741026,TMIN,75,,,a,
ASN00092045,19741027,TMIN,98,,,a,
ASN00092045,19741028,TMIN,102,,,a,
ASN00092045,19741029,TMIN,125,,,a,
ASN00092045,19741030,TMIN,122,,,a,
ASN00092045,19741031,TMIN,138,,,a,
ASN00092045,19741001,PRCP,0,,,a,
ASN00092045,19741002,PRCP,0,,,a,
ASN00092045,19741003,PRCP,0,,,a,
ASN00092045,19741004,PRCP,0,,,a,
ASN00092045,19741005,PRCP,257,,,a,
ASN00092045,19741006,PRCP,2,,,a,
ASN00092045,19741007,PRCP,0,,,a,
ASN00092045,19741008,PRCP,0,,,a,
ASN00092045,19741009,PRCP,113,,,a,
ASN00092045,19741010,PRCP,0,,,a,
ASN00092045,19741011,PRCP,20,,,a,
ASN00092045,19741012,PRCP,18,,,a,
ASN00092045,19741013,PRCP,29,,,a,
ASN00092045,19741014,PRCP,0,,,a,
ASN00092045,19741015,PRCP,0,,,a,
ASN00092045,19741016,PRCP,0,,,a,
ASN00092045,19741017,PRCP,0,,,a,
ASN00092045,19741018,PRCP,0,,,a,
ASN00092045,19741019,PRCP,0,,,a,
ASN00092045,19741020,PRCP,0,,,a,
ASN00092045,19741021,PRCP,0,,,a,
ASN00092045,19741022,PRCP,0,,,a,
ASN00092045,19741023,PRCP,0,,,a,
ASN00092045,19741024,PRCP,0,,,a,
ASN00092045,19741025,PRCP,61,,,a,
ASN00092045,19741026,PRCP,6,,,a,
ASN00092045,19741027,PRCP,0,,,a,
ASN00092045,19741028,PRCP,0,,,a,
ASN00092045,19741029,PRCP,0,,,a,
ASN00092045,19741030,PRCP,86,,,a,
ASN00092045,19741031,PRCP,9,,,a,
ASN00092045,19741001,TAVG,123,H,,S,
ASN00092045,19741002,TAVG,113,H,,S,
ASN00092045,19741003,TAVG,128,H,,S,
ASN00092045,19741004,TAVG,128,H,,S,
ASN00092045,19741005,TAVG,115,H,,S,
ASN00092045,19741006,TAVG,107,H,,S,
ASN00092045,19741007,TAVG,116,H,,S,
ASN00092045,19741008,TAVG,118,H,,S,
ASN00092045,19741009,TAVG,118,H,,S,
ASN00092045,19741010,TAVG,108,H,,S,
ASN00092045,19741011,TAVG,133,H,,S,
ASN00092045,19741012,TAVG,102,H,,S,
ASN00092045,19741013,TAVG,125,H,,S,
ASN00092045,19741014,TAVG,122,H,,S,
ASN00092045,19741015,TAVG,142,H,,S,
ASN00092045,19741016,TAVG,115,H,,S,
ASN00092045,19741017,TAVG,108,H,,S,
ASN00092045,19741018,TAVG,120,H,,S,
ASN00092045,19741019,TAVG,118,H,,S,
ASN00092045,19741020,TAVG,117,H,,S,
ASN00092045,19741021,TAVG,122,H,,S,
ASN00092045,19741022,TAVG,132,H,,S,
ASN00092045,19741023,TAVG,143,H,,S,
ASN00092045,19741024,TAVG,130,H,,S,
ASN00092045,19741025,TAVG,118,H,,S,
ASN00092045,19741026,TAVG,135,H,,S,
ASN00092045,19741027,TAVG,131,H,,S,
ASN00092045,19741028,TAVG,138,H,,S,
ASN00092045,19741029,TAVG,135,H,,S,
ASN00092045,19741030,TAVG,143,H,,S,
ASN00092045,19741031,TAVG,126,H,,S,
ASN00092045,19741101,TMAX,115,,,a,
ASN00092045,19741102,TMAX,130,,,a,
ASN00092045,19741103,TMAX,155,,,a,
ASN00092045,19741104,TMAX,150,,,a,
ASN00092045,19741105,TMAX,138,,,a,
ASN00092045,19741106,TMAX,135,,,a,
ASN00092045,19741107,TMAX,155,,,a,
ASN00092045,19741109,TMAX,165,,,a,
ASN00092045,19741110,TMAX,169,,,a,
ASN00092045,19741111,TMAX,175,,,a,
ASN00092045,19741112,TMAX,170,,,a,
ASN00092045,19741113,TMAX,160,,,a,
ASN00092045,19741114,TMAX,155,,,a,
ASN00092045,19741115,TMAX,150,,,a,
ASN00092045,19741116,TMAX,155,,,a,
ASN00092045,19741117,TMAX,166,,,a,
ASN00092045,19741118,TMAX,165,,,a,
ASN00092045,19741119,TMAX,165,,,a,
ASN00092045,19741120,TMAX,165,,,a,
ASN00092045,19741121,TMAX,172,,,a,
ASN00092045,19741122,TMAX,175,,,a,
ASN00092045,19741123,TMAX,160,,,a,
ASN00092045,19741124,TMAX,168,,,a,
ASN00092045,19741125,TMAX,166,,,a,
ASN00092045,19741126,TMAX,155,,,a,
ASN00092045,19741127,TMAX,150,,,a,
ASN00092045,19741128,TMAX,140,,,a,
ASN00092045,19741129,TMAX,148,,,a,
ASN00092045,19741130,TMAX,195,,,a,
ASN00092045,19741101,TMIN,96,,,a,
ASN00092045,19741102,TMIN,90,,,a,
ASN00092045,19741103,TMIN,66,,,a,
ASN00092045,19741104,TMIN,90,,,a,
ASN00092045,19741105,TMIN,106,,,a,
ASN00092045,19741107,TMIN,85,,,a,
ASN00092045,19741108,TMIN,75,,,a,
ASN00092045,19741109,TMIN,100,,,a,
ASN00092045,19741110,TMIN,115,,,a,
ASN00092045,19741111,TMIN,96,,,a,
ASN00092045,19741112,TMIN,110,,,a,
ASN00092045,19741113,TMIN,112,,,a,
ASN00092045,19741114,TMIN,50,,,a,
ASN00092045,19741115,TMIN,68,,,a,
ASN00092045,19741116,TMIN,86,,,a,
ASN00092045,19741117,TMIN,128,,,a,
ASN00092045,19741118,TMIN,116,,,a,
ASN00092045,19741119,TMIN,124,,,a,
ASN00092045,19741120,TMIN,115,,,a,
ASN00092045,19741121,TMIN,140,,,a,
ASN00092045,19741122,TMIN,140,,,a,
ASN00092045,19741123,TMIN,140,,,a,
ASN00092045,19741124,TMIN,116,,,a,
ASN00092045,19741125,TMIN,136,,,a,
ASN00092045,19741126,TMIN,145,,,a,
ASN00092045,19741127,TMIN,86,,,a,
ASN00092045,19741128,TMIN,88,,,a,
ASN00092045,19741129,TMIN,95,,,a,
ASN00092045,19741130,TMIN,66,,,a,
ASN00092045,19741101,PRCP,151,,,a,
ASN00092045,19741102,PRCP,20,,,a,
ASN00092045,19741103,PRCP,8,,,a,
ASN00092045,19741104,PRCP,0,,,a,
ASN00092045,19741105,PRCP,14,,,a,
ASN00092045,19741106,PRCP,86,,,a,
ASN00092045,19741107,PRCP,0,,,a,
ASN00092045,19741108,PRCP,0,,,a,
ASN00092045,19741109,PRCP,25,,,a,
ASN00092045,19741110,PRCP,45,,,a,
ASN00092045,19741111,PRCP,6,,,a,
ASN00092045,19741112,PRCP,5,,,a,
ASN00092045,19741113,PRCP,0,,,a,
ASN00092045,19741114,PRCP,0,,,a,
ASN00092045,19741115,PRCP,0,,,a,
ASN00092045,19741116,PRCP,0,,,a,
ASN00092045,19741117,PRCP,0,,,a,
ASN00092045,19741118,PRCP,0,,,a,
ASN00092045,19741119,PRCP,0,,,a,
ASN00092045,19741120,PRCP,0,,,a,
ASN00092045,19741121,PRCP,0,,,a,
ASN00092045,19741122,PRCP,0,,,a,
ASN00092045,19741123,PRCP,168,,,a,
ASN00092045,19741124,PRCP,28,,,a,
ASN00092045,19741125,PRCP,0,,,a,
ASN00092045,19741126,PRCP,2,,,a,
ASN00092045,19741127,PRCP,312,,,a,
ASN00092045,19741128,PRCP,25,,,a,
ASN00092045,19741129,PRCP,12,,,a,
ASN00092045,19741130,PRCP,5,,,a,
ASN00092045,19741101,TAVG,102,H,,S,
ASN00092045,19741102,TAVG,103,H,,S,
ASN00092045,19741103,TAVG,124,H,,S,
ASN00092045,19741104,TAVG,124,H,,S,
ASN00092045,19741105,TAVG,105,H,,S,
ASN00092045,19741106,TAVG,112,H,,S,
ASN00092045,19741107,TAVG,116,H,,S,
ASN00092045,19741108,TAVG,120,H,,S,
ASN00092045,19741109,TAVG,147,H,,S,
ASN00092045,19741110,TAVG,133,H,,S,
ASN00092045,19741111,TAVG,128,H,,S,
ASN00092045,19741112,TAVG,134,H,,S,
ASN00092045,19741113,TAVG,119,H,,S,
ASN00092045,19741114,TAVG,112,H,,S,
ASN00092045,19741115,TAVG,123,H,,S,
ASN00092045,19741116,TAVG,141,H,,S,
ASN00092045,19741117,TAVG,143,H,,S,
ASN00092045,19741118,TAVG,133,H,,S,
ASN00092045,19741119,TAVG,170,H,,S,
ASN00092045,19741120,TAVG,148,H,,S,
ASN00092045,19741121,TAVG,155,H,,S,
ASN00092045,19741122,TAVG,152,H,,S,
ASN00092045,19741123,TAVG,134,H,,S,
ASN00092045,19741124,TAVG,151,H,,S,
ASN00092045,19741125,TAVG,153,H,,S,
ASN00092045,19741126,TAVG,112,H,,S,
ASN00092045,19741127,TAVG,109,H,,S,
ASN00092045,19741128,TAVG,116,H,,S,
ASN00092045,19741129,TAVG,129,H,,S,
ASN00092045,19741130,TAVG,160,H,,S,
ASN00092045,19741201,TMAX,180,,,a,
ASN00092045,19741202,TMAX,175,,,a,
ASN00092045,19741203,TMAX,170,,,a,
ASN00092045,19741204,TMAX,185,,,a,
ASN00092045,19741205,TMAX,190,,,a,
ASN00092045,19741206,TMAX,200,,,a,
ASN00092045,19741207,TMAX,185,,,a,
ASN00092045,19741208,TMAX,152,,,a,
ASN00092045,19741209,TMAX,158,,,a,
ASN00092045,19741210,TMAX,176,,,a,
ASN00092045,19741211,TMAX,196,,,a,
ASN00092045,19741212,TMAX,196,,,a,
ASN00092045,19741213,TMAX,213,,,a,
ASN00092045,19741214,TMAX,198,,,a,
ASN00092045,19741215,TMAX,210,,,a,
ASN00092045,19741216,TMAX,165,,,a,
ASN00092045,19741217,TMAX,186,,,a,
ASN00092045,19741218,TMAX,183,,,a,
ASN00092045,19741219,TMAX,160,,,a,
ASN00092045,19741220,TMAX,180,,,a,
ASN00092045,19741221,TMAX,196,,,a,
ASN00092045,19741222,TMAX,209,,,a,
ASN00092045,19741223,TMAX,180,,,a,
ASN00092045,19741224,TMAX,184,,,a,
ASN00092045,19741225,TMAX,168,,,a,
ASN00092045,19741226,TMAX,194,,,a,
ASN00092045,19741227,TMAX,186,,,a,
ASN00092045,19741228,TMAX,178,,,a,
ASN00092045,19741229,TMAX,199,,,a,
ASN00092045,19741230,TMAX,204,,,a,
ASN00092045,19741231,TMAX,192,,,a,
ASN00092045,19741201,TMIN,125,,,a,
ASN00092045,19741202,TMIN,122,,,a,
ASN00092045,19741203,TMIN,85,,,a,
ASN00092045,19741204,TMIN,85,,,a,
ASN00092045,19741205,TMIN,95,,,a,
ASN00092045,19741206,TMIN,125,,,a,
ASN00092045,19741207,TMIN,72,,,a,
ASN00092045,19741208,TMIN,75,,,a,
ASN00092045,19741209,TMIN,122,,,a,
ASN00092045,19741210,TMIN,96,,,a,
ASN00092045,19741211,TMIN,125,,,a,
ASN00092045,19741212,TMIN,103,,,a,
ASN00092045,19741213,TMIN,118,,,a,
ASN00092045,19741214,TMIN,123,,,a,
ASN00092045,19741215,TMIN,142,,,a,
ASN00092045,19741216,TMIN,130,,,a,
ASN00092045,19741217,TMIN,120,,,a,
ASN00092045,19741218,TMIN,130,,,a,
ASN00092045,19741219,TMIN,100,,,a,
ASN00092045,19741220,TMIN,70,,,a,
ASN00092045,19741221,TMIN,102,,,a,
ASN00092045,19741222,TMIN,122,,,a,
ASN00092045,19741223,TMIN,137,,,a,
ASN00092045,19741224,TMIN,137,,,a,
ASN00092045,19741225,TMIN,152,,,a,
ASN00092045,19741226,TMIN,110,,,a,
ASN00092045,19741227,TMIN,148,,,a,
ASN00092045,19741228,TMIN,127,,,a,
ASN00092045,19741229,TMIN,130,,,a,
ASN00092045,19741230,TMIN,128,,,a,
ASN00092045,19741231,TMIN,92,,,a,
ASN00092045,19741201,PRCP,0,,,a,
ASN00092045,19741202,PRCP,5,,,a,
ASN00092045,19741203,PRCP,25,,,a,
ASN00092045,19741204,PRCP,0,,,a,
ASN00092045,19741205,PRCP,0,,,a,
ASN00092045,19741206,PRCP,0,,,a,
ASN00092045,19741207,PRCP,0,,,a,
ASN00092045,19741208,PRCP,0,,,a,
ASN00092045,19741209,PRCP,0,,,a,
ASN00092045,19741210,PRCP,66,,,a,
ASN00092045,19741211,PRCP,0,,,a,
ASN00092045,19741212,PRCP,82,,,a,
ASN00092045,19741213,PRCP,0,,,a,
ASN00092045,19741214,PRCP,0,,,a,
ASN00092045,19741215,PRCP,0,,,a,
ASN00092045,19741216,PRCP,0,,,a,
ASN00092045,19741217,PRCP,0,,,a,
ASN00092045,19741218,PRCP,1,,,a,
ASN00092045,19741219,PRCP,55,,,a,
ASN00092045,19741220,PRCP,0,,,a,
ASN00092045,19741221,PRCP,0,,,a,
ASN00092045,19741222,PRCP,0,,,a,
ASN00092045,19741223,PRCP,0,,,a,
ASN00092045,19741224,PRCP,0,,,a,
ASN00092045,19741225,PRCP,5,,,a,
ASN00092045,19741226,PRCP,392,,,a,
ASN00092045,19741227,PRCP,0,,,a,
ASN00092045,19741228,PRCP,96,,,a,
ASN00092045,19741229,PRCP,22,,,a,
ASN00092045,19741230,PRCP,10,,,a,
ASN00092045,19741231,PRCP,0,,,a,
ASN00092045,19741201,TAVG,149,H,,S,
ASN00092045,19741202,TAVG,135,H,,S,
ASN00092045,19741203,TAVG,143,H,,S,
ASN00092045,19741204,TAVG,148,H,,S,
ASN00092045,19741205,TAVG,157,H,,S,
ASN00092045,19741206,TAVG,143,H,,S,
ASN00092045,19741207,TAVG,131,H,,S,
ASN00092045,19741208,TAVG,136,H,,S,
ASN00092045,19741209,TAVG,134,H,,S,
ASN00092045,19741210,TAVG,151,H,,S,
ASN00092045,19741211,TAVG,134,H,,S,
ASN00092045,19741212,TAVG,160,H,,S,
ASN00092045,19741213,TAVG,174,H,,S,
ASN00092045,19741214,TAVG,157,H,,S,
ASN00092045,19741215,TAVG,146,H,,S,
ASN00092045,19741216,TAVG,141,H,,S,
ASN00092045,19741217,TAVG,157,H,,S,
ASN00092045,19741218,TAVG,151,H,,S,
ASN00092045,19741219,TAVG,134,H,,S,
ASN00092045,19741220,TAVG,151,H,,S,
ASN00092045,19741221,TAVG,156,H,,S,
ASN00092045,19741222,TAVG,151,H,,S,
ASN00092045,19741223,TAVG,157,H,,S,
ASN00092045,19741224,TAVG,164,H,,S,
ASN00092045,19741225,TAVG,156,H,,S,
ASN00092045,19741226,TAVG,158,H,,S,
ASN00092045,19741227,TAVG,161,H,,S,
ASN00092045,19741228,TAVG,157,H,,S,
ASN00092045,19741229,TAVG,157,H,,S,
ASN00092045,19741230,TAVG,152,H,,S,
ASN00092045,19741231,TAVG,146,H,,S,
ASN00092045,19750101,TMAX,205,,,a,
ASN00092045,19750102,TMAX,257,,,a,
ASN00092045,19750103,TMAX,185,,,a,
ASN00092045,19750104,TMAX,198,,,a,
ASN00092045,19750105,TMAX,183,,,a,
ASN00092045,19750106,TMAX,176,,,a,
ASN00092045,19750107,TMAX,181,,,a,
ASN00092045,19750108,TMAX,239,,,a,
ASN00092045,19750109,TMAX,176,,,a,
ASN00092045,19750110,TMAX,187,,,a,
ASN00092045,19750111,TMAX,157,,,a,
ASN00092045,19750112,TMAX,185,,,a,
ASN00092045,19750113,TMAX,205,,,a,
ASN00092045,19750114,TMAX,195,,,a,
ASN00092045,19750115,TMAX,207,,,a,
ASN00092045,19750116,TMAX,180,,,a,
ASN00092045,19750117,TMAX,186,,,a,
ASN00092045,19750118,TMAX,189,,,a,
ASN00092045,19750119,TMAX,189,,,a,
ASN00092045,19750120,TMAX,190,,,a,
ASN00092045,19750121,TMAX,191,,,a,
ASN00092045,19750122,TMAX,196,,,a,
ASN00092045,19750123,TMAX,200,,,a,
ASN00092045,19750124,TMAX,212,,,a,
ASN00092045,19750125,TMAX,210,,,a,
ASN00092045,19750126,TMAX,195,,,a,
ASN00092045,19750127,TMAX,175,,,a,
ASN00092045,19750128,TMAX,180,,,a,
ASN00092045,19750129,TMAX,185,,,a,
ASN00092045,19750130,TMAX,195,,,a,
ASN00092045,19750131,TMAX,200,,,a,
ASN00092045,19750101,TMIN,89,,,a,
ASN00092045,19750102,TMIN,140,,,a,
ASN00092045,19750103,TMIN,135,,,a,
ASN00092045,19750104,TMIN,146,,,a,
ASN00092045,19750105,TMIN,100,,,a,
ASN00092045,19750106,TMIN,90,,,a,
ASN00092045,19750107,TMIN,146,,,a,
ASN00092045,19750108,TMIN,162,,,a,
ASN00092045,19750109,TMIN,146,,,a,
ASN00092045,19750110,TMIN,115,,,a,
ASN00092045,19750111,TMIN,102,,,a,
ASN00092045,19750112,TMIN,100,,,a,
ASN00092045,19750113,TMIN,95,,,a,
ASN00092045,19750114,TMIN,95,,,a,
ASN00092045,19750115,TMIN,125,,,a,
ASN00092045,19750116,TMIN,127,,,a,
ASN00092045,19750117,TMIN,135,,,a,
ASN00092045,19750118,TMIN,135,,,a,
ASN00092045,19750119,TMIN,125,,,a,
ASN00092045,19750120,TMIN,122,,,a,
ASN00092045,19750121,TMIN,120,,,a,
ASN00092045,19750122,TMIN,137,,,a,
ASN00092045,19750123,TMIN,131,,,a,
ASN00092045,19750124,TMIN,109,,,a,
ASN00092045,19750125,TMIN,117,,,a,
ASN00092045,19750126,TMIN,95,,,a,
ASN00092045,19750127,TMIN,89,,,a,
ASN00092045,19750128,TMIN,135,,,a,
ASN00092045,19750129,TMIN,115,,,a,
ASN00092045,19750130,TMIN,135,,,a,
ASN00092045,19750131,TMIN,155,,,a,
ASN00092045,19750101,PRCP,0,,,a,
ASN00092045,19750102,PRCP,0,,,a,
ASN00092045,19750103,PRCP,0,,,a,
ASN00092045,19750104,PRCP,66,,,a,
ASN00092045,19750105,PRCP,0,,,a,
ASN00092045,19750106,PRCP,0,,,a,
ASN00092045,19750107,PRCP,4,,,a,
ASN00092045,19750108,PRCP,0,,,a,
ASN00092045,19750109,PRCP,43,,,a,
ASN00092045,19750110,PRCP,338,,,a,
ASN00092045,19750111,PRCP,248,,,a,
ASN00092045,19750112,PRCP,8,,,a,
ASN00092045,19750113,PRCP,0,,,a,
ASN00092045,19750114,PRCP,0,,,a,
ASN00092045,19750115,PRCP,0,,,a,
ASN00092045,19750116,PRCP,0,,,a,
ASN00092045,19750117,PRCP,0,,,a,
ASN00092045,19750118,PRCP,0,,,a,
ASN00092045,19750119,PRCP,0,,,a,
ASN00092045,19750120,PRCP,0,,,a,
ASN00092045,19750121,PRCP,0,,,a,
ASN00092045,19750122,PRCP,0,,,a,
ASN00092045,19750123,PRCP,0,,,a,
ASN00092045,19750124,PRCP,0,,,a,
ASN00092045,19750125,PRCP,0,,,a,
ASN00092045,19750126,PRCP,58,,,a,
ASN00092045,19750127,PRCP,4,,,a,
ASN00092045,19750128,PRCP,0,,,a,
ASN00092045,19750129,PRCP,0,,,a,
ASN00092045,19750130,PRCP,0,,,a,
ASN00092045,19750131,PRCP,0,,,a,
ASN00092045,19750101,TAVG,172,H,,S,
ASN00092045,19750102,TAVG,176,H,,S,
ASN00092045,19750103,TAVG,165,H,,S,
ASN00092045,19750104,TAVG,156,H,,S,
ASN00092045,19750105,TAVG,159,H,,S,
ASN00092045,19750106,TAVG,163,H,,S,
ASN00092045,19750107,TAVG,171,H,,S,
ASN00092045,19750108,TAVG,179,H,,S,
ASN00092045,19750109,TAVG,153,H,,S,
ASN00092045,19750110,TAVG,142,H,,S,
ASN00092045,19750111,TAVG,139,H,,S,
ASN00092045,19750112,TAVG,146,H,,S,
ASN00092045,19750113,TAVG,155,H,,S,
ASN00092045,19750114,TAVG,146,H,,S,
ASN00092045,19750115,TAVG,146,H,,S,
ASN00092045,19750121,TAVG,162,H,,S,
ASN00092045,19750122,TAVG,164,H,,S,
ASN00092045,19750123,TAVG,158,H,,S,
ASN00092045,19750124,TAVG,159,H,,S,
ASN00092045,19750125,TAVG,130,H,,S,
ASN00092045,19750126,TAVG,134,H,,S,
ASN00092045,19750127,TAVG,152,H,,S,
ASN00092045,19750128,TAVG,154,H,,S,
ASN00092045,19750129,TAVG,166,H,,S,
ASN00092045,19750130,TAVG,177,H,,S,
ASN00092045,19750131,TAVG,177,H,,S,
ASN00092045,19750201,TMAX,218,,,a,
ASN00092045,19750202,TMAX,223,,,a,
ASN00092045,19750203,TMAX,195,,,a,
ASN00092045,19750204,TMAX,230,,,a,
ASN00092045,19750205,TMAX,190,,,a,
ASN00092045,19750206,TMAX,205,,,a,
ASN00092045,19750207,TMAX,235,,,a,
ASN00092045,19750208,TMAX,265,,,a,
ASN00092045,19750209,TMAX,222,,,a,
ASN00092045,19750210,TMAX,228,,,a,
ASN00092045,19750211,TMAX,196,,,a,
ASN00092045,19750212,TMAX,200,,,a,
ASN00092045,19750213,TMAX,198,,,a,
ASN00092045,19750214,TMAX,210,,,a,
ASN00092045,19750215,TMAX,242,,,a,
ASN00092045,19750216,TMAX,185,,,a,
ASN00092045,19750217,TMAX,206,,,a,
ASN00092045,19750218,TMAX,212,,,a,
ASN00092045,19750219,TMAX,266,,,a,
ASN00092045,19750220,TMAX,195,,,a,
ASN00092045,19750221,TMAX,198,,,a,
ASN00092045,19750222,TMAX,198,,,a,
ASN00092045,19750223,TMAX,205,,,a,
ASN00092045,19750224,TMAX,215,,,a,
ASN00092045,19750225,TMAX,215,,,a,
ASN00092045,19750226,TMAX,205,,,a,
ASN00092045,19750227,TMAX,175,,,a,
ASN00092045,19750228,TMAX,196,,,a,
ASN00092045,19750201,TMIN,155,,,a,
ASN00092045,19750202,TMIN,146,,,a,
ASN00092045,19750203,TMIN,143,,,a,
ASN00092045,19750204,TMIN,152,,,a,
ASN00092045,19750205,TMIN,144,,,a,
ASN00092045,19750206,TMIN,153,,,a,
ASN00092045,19750207,TMIN,166,,,a,
ASN00092045,19750208,TMIN,186,,,a,
ASN00092045,19750209,TMIN,120,,,a,
ASN00092045,19750210,TMIN,140,,,a,
ASN00092045,19750211,TMIN,132,,,a,
ASN00092045,19750212,TMIN,160,,,a,
ASN00092045,19750213,TMIN,85,,,a,
ASN00092045,19750214,TMIN,120,,,a,
ASN00092045,19750215,TMIN,135,,,a,
ASN00092045,19750216,TMIN,130,,,a,
ASN00092045,19750217,TMIN,142,,,a,
ASN00092045,19750218,TMIN,150,,,a,
ASN00092045,19750219,TMIN,170,,,a,
ASN00092045,19750220,TMIN,150,,,a,
ASN00092045,19750221,TMIN,146,,,a,
ASN00092045,19750222,TMIN,147,,,a,
ASN00092045,19750223,TMIN,155,,,a,
ASN00092045,19750224,TMIN,140,,,a,
ASN00092045,19750225,TMIN,156,,,a,
ASN00092045,19750226,TMIN,142,,,a,
ASN00092045,19750227,TMIN,148,,,a,
ASN00092045,19750228,TMIN,128,,,a,
ASN00092045,19750201,PRCP,0,,,a,
ASN00092045,19750202,PRCP,0,,,a,
ASN00092045,19750203,PRCP,0,,,a,
ASN00092045,19750204,PRCP,0,,,a,
ASN00092045,19750205,PRCP,0,,,a,
ASN00092045,19750206,PRCP,0,,,a,
ASN00092045,19750207,PRCP,0,,,a,
ASN00092045,19750208,PRCP,0,,,a,
ASN00092045,19750209,PRCP,0,,,a,
ASN00092045,19750210,PRCP,0,,,a,
ASN00092045,19750211,PRCP,0,,,a,
ASN00092045,19750212,PRCP,0,,,a,
ASN00092045,19750213,PRCP,14,,,a,
ASN00092045,19750214,PRCP,0,,,a,
ASN00092045,19750215,PRCP,0,,,a,
ASN00092045,19750216,PRCP,2,,,a,
ASN00092045,19750217,PRCP,0,,,a,
ASN00092045,19750218,PRCP,0,,,a,
ASN00092045,19750219,PRCP,0,,,a,
ASN00092045,19750220,PRCP,0,,,a,
ASN00092045,19750221,PRCP,0,,,a,
ASN00092045,19750222,PRCP,0,,,a,
ASN00092045,19750223,PRCP,0,,,a,
ASN00092045,19750224,PRCP,0,,,a,
ASN00092045,19750225,PRCP,0,,,a,
ASN00092045,19750226,PRCP,0,,,a,
ASN00092045,19750227,PRCP,0,,,a,
ASN00092045,19750228,PRCP,0,,,a,
ASN00092045,19750201,TAVG,181,H,,S,
ASN00092045,19750202,TAVG,162,H,,S,
ASN00092045,19750203,TAVG,182,H,,S,
ASN00092045,19750204,TAVG,173,H,,S,
ASN00092045,19750205,TAVG,176,H,,S,
ASN00092045,19750206,TAVG,189,H,,S,
ASN00092045,19750207,TAVG,207,H,,S,
ASN00092045,19750208,TAVG,204,H,,S,
ASN00092045,19750209,TAVG,178,H,,S,
ASN00092045,19750210,TAVG,181,H,,S,
ASN00092045,19750211,TAVG,170,H,,S,
ASN00092045,19750212,TAVG,140,H,,S,
ASN00092045,19750213,TAVG,159,H,,S,
ASN00092045,19750214,TAVG,170,H,,S,
ASN00092045,19750215,TAVG,167,H,,S,
ASN00092045,19750216,TAVG,166,H,,S,
ASN00092045,19750217,TAVG,177,H,,S,
ASN00092045,19750218,TAVG,184,H,,S,
ASN00092045,19750219,TAVG,186,H,,S,
ASN00092045,19750220,TAVG,164,H,,S,
ASN00092045,19750221,TAVG,170,H,,S,
ASN00092045,19750222,TAVG,177,H,,S,
ASN00092045,19750223,TAVG,165,H,,S,
ASN00092045,19750224,TAVG,183,H,,S,
ASN00092045,19750225,TAVG,172,H,,S,
ASN00092045,19750226,TAVG,170,H,,S,
ASN00092045,19750227,TAVG,146,H,,S,
ASN00092045,19750228,TAVG,160,H,,S,
ASN00092045,19750301,TMAX,198,,,a,
ASN00092045,19750302,TMAX,200,,,a,
ASN00092045,19750303,TMAX,220,,,a,
ASN00092045,19750304,TMAX,220,,,a,
ASN00092045,19750305,TMAX,206,,,a,
ASN00092045,19750306,TMAX,210,,,a,
ASN00092045,19750307,TMAX,175,,,a,
ASN00092045,19750308,TMAX,182,,,a,
ASN00092045,19750309,TMAX,183,,,a,
ASN00092045,19750310,TMAX,195,,,a,
ASN00092045,19750311,TMAX,190,,,a,
ASN00092045,19750312,TMAX,200,,,a,
ASN00092045,19750313,TMAX,196,,,a,
ASN00092045,19750314,TMAX,207,,,a,
ASN00092045,19750315,TMAX,190,,,a,
ASN00092045,19750316,TMAX,211,,,a,
ASN00092045,19750317,TMAX,191,,,a,
ASN00092045,19750318,TMAX,228,,,a,
ASN00092045,19750319,TMAX,196,,,a,
ASN00092045,19750320,TMAX,170,,,a,
ASN00092045,19750321,TMAX,208,,,a,
ASN00092045,19750322,TMAX,200,,,a,
ASN00092045,19750323,TMAX,180,,,a,
ASN00092045,19750324,TMAX,190,,,a,
ASN00092045,19750325,TMAX,185,,,a,
ASN00092045,19750326,TMAX,176,,,a,
ASN00092045,19750327,TMAX,197,,,a,
ASN00092045,19750328,TMAX,185,,,a,
ASN00092045,19750329,TMAX,185,,,a,
ASN00092045,19750330,TMAX,177,,,a,
ASN00092045,19750331,TMAX,156,,,a,
ASN00092045,19750301,TMIN,136,,,a,
ASN00092045,19750302,TMIN,150,,,a,
ASN00092045,19750303,TMIN,168,,,a,
ASN00092045,19750304,TMIN,106,,,a,
ASN00092045,19750305,TMIN,138,,,a,
ASN00092045,19750306,TMIN,164,,,a,
ASN00092045,19750307,TMIN,157,,,a,
ASN00092045,19750308,TMIN,123,,,a,
ASN00092045,19750309,TMIN,136,,,a,
ASN00092045,19750310,TMIN,136,,,a,
ASN00092045,19750311,TMIN,150,,,a,
ASN00092045,19750312,TMIN,154,,,a,
ASN00092045,19750313,TMIN,147,,,a,
ASN00092045,19750314,TMIN,141,,,a,
ASN00092045,19750315,TMIN,160,,,a,
ASN00092045,19750316,TMIN,122,,,a,
ASN00092045,19750317,TMIN,119,,,a,
ASN00092045,19750318,TMIN,157,,,a,
ASN00092045,19750319,TMIN,153,,,a,
ASN00092045,19750320,TMIN,116,,,a,
ASN00092045,19750321,TMIN,118,,,a,
ASN00092045,19750322,TMIN,103,,,a,
ASN00092045,19750323,TMIN,110,,,a,
ASN00092045,19750324,TMIN,115,,,a,
ASN00092045,19750325,TMIN,60,,,a,
ASN00092045,19750326,TMIN,110,,,a,
ASN00092045,19750327,TMIN,115,,,a,
ASN00092045,19750328,TMIN,110,,,a,
ASN00092045,19750329,TMIN,128,,,a,
ASN00092045,19750330,TMIN,93,,,a,
ASN00092045,19750331,TMIN,100,,,a,
ASN00092045,19750301,PRCP,0,,,a,
ASN00092045,19750302,PRCP,0,,,a,
ASN00092045,19750303,PRCP,0,,,a,
ASN00092045,19750304,PRCP,0,,,a,
ASN00092045,19750305,PRCP,0,,,a,
ASN00092045,19750306,PRCP,0,,,a,
ASN00092045,19750307,PRCP,2,,,a,
ASN00092045,19750308,PRCP,8,,,a,
ASN00092045,19750309,PRCP,0,,,a,
ASN00092045,19750310,PRCP,66,,,a,
ASN00092045,19750311,PRCP,18,,,a,
ASN00092045,19750312,PRCP,6,,,a,
ASN00092045,19750313,PRCP,22,,,a,
ASN00092045,19750314,PRCP,0,,,a,
ASN00092045,19750315,PRCP,4,,,a,
ASN00092045,19750316,PRCP,146,,,a,
ASN00092045,19750317,PRCP,0,,,a,
ASN00092045,19750318,PRCP,0,,,a,
ASN00092045,19750319,PRCP,10,,,a,
ASN00092045,19750320,PRCP,66,,,a,
ASN00092045,19750321,PRCP,2,,,a,
ASN00092045,19750322,PRCP,104,,,a,
ASN00092045,19750323,PRCP,0,,,a,
ASN00092045,19750324,PRCP,24,,,a,
ASN00092045,19750325,PRCP,0,,,a,
ASN00092045,19750326,PRCP,0,,,a,
ASN00092045,19750327,PRCP,0,,,a,
ASN00092045,19750328,PRCP,20,,,a,
ASN00092045,19750329,PRCP,0,,,a,
ASN00092045,19750330,PRCP,26,,,a,
ASN00092045,19750331,PRCP,88,,,a,
ASN00092045,19750301,TAVG,183,H,,S,
ASN00092045,19750302,TAVG,182,H,,S,
ASN00092045,19750303,TAVG,163,H,,S,
ASN00092045,19750304,TAVG,182,H,,S,
ASN00092045,19750305,TAVG,180,H,,S,
ASN00092045,19750306,TAVG,180,H,,S,
ASN00092045,19750307,TAVG,147,H,,S,
ASN00092045,19750308,TAVG,155,H,,S,
ASN00092045,19750309,TAVG,155,H,,S,
ASN00092045,19750310,TAVG,168,H,,S,
ASN00092045,19750311,TAVG,170,H,,S,
ASN00092045,19750312,TAVG,166,H,,S,
ASN00092045,19750313,TAVG,167,H,,S,
ASN00092045,19750314,TAVG,182,H,,S,
ASN00092045,19750315,TAVG,154,H,,S,
ASN00092045,19750316,TAVG,170,H,,S,
ASN00092045,19750317,TAVG,178,H,,S,
ASN00092045,19750318,TAVG,180,H,,S,
ASN00092045,19750319,TAVG,152,H,,S,
ASN00092045,19750320,TAVG,152,H,,S,
ASN00092045,19750321,TAVG,137,H,,S,
ASN00092045,19750322,TAVG,153,H,,S,
ASN00092045,19750323,TAVG,158,H,,S,
ASN00092045,19750324,TAVG,137,H,,S,
ASN00092045,19750325,TAVG,152,H,,S,
ASN00092045,19750326,TAVG,145,H,,S,
ASN00092045,19750327,TAVG,153,H,,S,
ASN00092045,19750328,TAVG,155,H,,S,
ASN00092045,19750329,TAVG,142,H,,S,
ASN00092045,19750330,TAVG,135,H,,S,
ASN00092045,19750331,TAVG,103,H,,S,
ASN00092045,19750401,TMAX,152,,,a,
ASN00092045,19750402,TMAX,174,,,a,
ASN00092045,19750403,TMAX,186,,,a,
ASN00092045,19750404,TMAX,227,,,a,
ASN00092045,19750405,TMAX,180,,,a,
ASN00092045,19750406,TMAX,168,,,a,
ASN00092045,19750407,TMAX,181,,,a,
ASN00092045,19750408,TMAX,196,,,a,
ASN00092045,19750409,TMAX,168,,,a,
ASN00092045,19750410,TMAX,168,,,a,
ASN00092045,19750411,TMAX,160,,,a,
ASN00092045,19750412,TMAX,165,,,a,
ASN00092045,19750413,TMAX,180,,,a,
ASN00092045,19750414,TMAX,180,,,a,
ASN00092045,19750415,TMAX,185,,,a,
ASN00092045,19750416,TMAX,185,,,a,
ASN00092045,19750417,TMAX,185,,,a,
ASN00092045,19750418,TMAX,175,,,a,
ASN00092045,19750419,TMAX,160,,,a,
ASN00092045,19750420,TMAX,159,,,a,
ASN00092045,19750421,TMAX,150,,,a,
ASN00092045,19750422,TMAX,178,,,a,
ASN00092045,19750423,TMAX,152,,,a,
ASN00092045,19750424,TMAX,176,,,a,
ASN00092045,19750425,TMAX,160,,,a,
ASN00092045,19750426,TMAX,173,,,a,
ASN00092045,19750427,TMAX,165,,,a,
ASN00092045,19750428,TMAX,152,,,a,
ASN00092045,19750429,TMAX,165,,,a,
ASN00092045,19750430,TMAX,168,,,a,
ASN00092045,19750401,TMIN,51,,,a,
ASN00092045,19750402,TMIN,78,,,a,
ASN00092045,19750403,TMIN,76,,,a,
ASN00092045,19750404,TMIN,140,,,a,
ASN00092045,19750405,TMIN,155,,,a,
ASN00092045,19750406,TMIN,102,,,a,
ASN00092045,19750407,TMIN,80,,,a,
ASN00092045,19750408,TMIN,115,,,a,
ASN00092045,19750409,TMIN,119,,,a,
ASN00092045,19750410,TMIN,64,,,a,
ASN00092045,19750411,TMIN,79,,,a,
ASN00092045,19750412,TMIN,95,,,a,
ASN00092045,19750413,TMIN,120,,,a,
ASN00092045,19750414,TMIN,140,,,a,
ASN00092045,19750415,TMIN,140,,,a,
ASN00092045,19750416,TMIN,90,,,a,
ASN00092045,19750417,TMIN,115,,,a,
ASN00092045,19750418,TMIN,125,,,a,
ASN00092045,19750419,TMIN,140,,,a,
ASN00092045,19750420,TMIN,125,,,a,
ASN00092045,19750421,TMIN,109,,,a,
ASN00092045,19750422,TMIN,104,,,a,
ASN00092045,19750423,TMIN,90,,,a,
ASN00092045,19750424,TMIN,85,,,a,
ASN00092045,19750425,TMIN,68,,,a,
ASN00092045,19750426,TMIN,80,,,a,
ASN00092045,19750427,TMIN,126,,,a,
ASN00092045,19750428,TMIN,86,,,a,
ASN00092045,19750429,TMIN,105,,,a,
ASN00092045,19750430,TMIN,130,,,a,
ASN00092045,19750401,PRCP,0,,,a,
ASN00092045,19750402,PRCP,0,,,a,
ASN00092045,19750403,PRCP,0,,,a,
ASN00092045,19750404,PRCP,4,,,a,
ASN00092045,19750405,PRCP,8,,,a,
ASN00092045,19750406,PRCP,26,,,a,
ASN00092045,19750407,PRCP,0,,,a,
ASN00092045,19750408,PRCP,0,,,a,
ASN00092045,19750409,PRCP,0,,,a,
ASN00092045,19750410,PRCP,0,,,a,
ASN00092045,19750411,PRCP,0,,,a,
ASN00092045,19750412,PRCP,0,,,a,
ASN00092045,19750413,PRCP,0,,,a,
ASN00092045,19750414,PRCP,0,,,a,
ASN00092045,19750415,PRCP,0,,,a,
ASN00092045,19750416,PRCP,3,,,a,
ASN00092045,19750417,PRCP,4,,,a,
ASN00092045,19750418,PRCP,5,,,a,
ASN00092045,19750419,PRCP,2,,,a,
ASN00092045,19750420,PRCP,0,,,a,
ASN00092045,19750421,PRCP,0,,,a,
ASN00092045,19750422,PRCP,11,,,a,
ASN00092045,19750423,PRCP,14,,,a,
ASN00092045,19750424,PRCP,0,,,a,
ASN00092045,19750425,PRCP,0,,,a,
ASN00092045,19750426,PRCP,2,,,a,
ASN00092045,19750427,PRCP,0,,,a,
ASN00092045,19750428,PRCP,80,,,a,
ASN00092045,19750429,PRCP,78,,,a,
ASN00092045,19750430,PRCP,32,,,a,
ASN00092045,19750401,TAVG,114,H,,S,
ASN00092045,19750402,TAVG,114,H,,S,
ASN00092045,19750403,TAVG,155,H,,S,
ASN00092045,19750404,TAVG,179,H,,S,
ASN00092045,19750405,TAVG,137,H,,S,
ASN00092045,19750406,TAVG,110,H,,S,
ASN00092045,19750407,TAVG,145,H,,S,
ASN00092045,19750408,TAVG,148,H,,S,
ASN00092045,19750409,TAVG,125,H,,S,
ASN00092045,19750410,TAVG,118,H,,S,
ASN00092045,19750411,TAVG,128,H,,S,
ASN00092045,19750412,TAVG,142,H,,S,
ASN00092045,19750413,TAVG,150,H,,S,
ASN00092045,19750414,TAVG,154,H,,S,
ASN00092045,19750415,TAVG,158,H,,S,
ASN00092045,19750416,TAVG,145,H,,S,
ASN00092045,19750417,TAVG,157,H,,S,
ASN00092045,19750418,TAVG,158,H,,S,
ASN00092045,19750419,TAVG,144,H,,S,
ASN00092045,19750420,TAVG,148,H,,S,
ASN00092045,19750421,TAVG,129,H,,S,
ASN00092045,19750422,TAVG,122,H,,S,
ASN00092045,19750423,TAVG,118,H,,S,
ASN00092045,19750424,TAVG,122,H,,S,
ASN00092045,19750425,TAVG,118,H,,S,
ASN00092045,19750426,TAVG,146,H,,S,
ASN00092045,19750427,TAVG,136,H,,S,
ASN00092045,19750428,TAVG,128,H,,S,
ASN00092045,19750429,TAVG,153,H,,S,
ASN00092045,19750430,TAVG,120,H,,S,
ASN00092045,19750501,TMAX,158,,,a,
ASN00092045,19750502,TMAX,152,,,a,
ASN00092045,19750503,TMAX,160,,,a,
ASN00092045,19750504,TMAX,160,,,a,
ASN00092045,19750505,TMAX,172,,,a,
ASN00092045,19750506,TMAX,175,,,a,
ASN00092045,19750507,TMAX,170,,,a,
ASN00092045,19750508,TMAX,150,,,a,
ASN00092045,19750509,TMAX,164,,,a,
ASN00092045,19750510,TMAX,165,,,a,
ASN00092045,19750511,TMAX,158,,,a,
ASN00092045,19750512,TMAX,146,,,a,
ASN00092045,19750513,TMAX,135,,,a,
ASN00092045,19750514,TMAX,152,,,a,
ASN00092045,19750515,TMAX,148,,,a,
ASN00092045,19750516,TMAX,117,,,a,
ASN00092045,19750517,TMAX,162,,,a,
ASN00092045,19750518,TMAX,175,,,a,
ASN00092045,19750519,TMAX,172,,,a,
ASN00092045,19750520,TMAX,175,,,a,
ASN00092045,19750521,TMAX,180,,,a,
ASN00092045,19750522,TMAX,130,,,a,
ASN00092045,19750523,TMAX,190,,,a,
ASN00092045,19750524,TMAX,150,,,a,
ASN00092045,19750525,TMAX,153,,,a,
ASN00092045,19750526,TMAX,153,,,a,
ASN00092045,19750527,TMAX,135,,,a,
ASN00092045,19750528,TMAX,137,,,a,
ASN00092045,19750529,TMAX,162,,,a,
ASN00092045,19750530,TMAX,135,,,a,
ASN00092045,19750531,TMAX,155,,,a,
ASN00092045,19750501,TMIN,85,,,a,
ASN00092045,19750502,TMIN,90,,,a,
ASN00092045,19750503,TMIN,85,,,a,
ASN00092045,19750504,TMIN,120,,,a,
ASN00092045,19750505,TMIN,120,,,a,
ASN00092045,19750506,TMIN,122,,,a,
ASN00092045,19750507,TMIN,138,,,a,
ASN00092045,19750508,TMIN,120,,,a,
ASN00092045,19750509,TMIN,100,,,a,
ASN00092045,19750510,TMIN,80,,,a,
ASN00092045,19750511,TMIN,78,,,a,
ASN00092045,19750512,TMIN,94,,,a,
ASN00092045,19750513,TMIN,104,,,a,
ASN00092045,19750514,TMIN,96,,,a,
ASN00092045,19750515,TMIN,92,,,a,
ASN00092045,19750516,TMIN,73,,,a,
ASN00092045,19750517,TMIN,74,,,a,
ASN00092045,19750518,TMIN,100,,,a,
ASN00092045,19750519,TMIN,124,,,a,
ASN00092045,19750520,TMIN,110,,,a,
ASN00092045,19750521,TMIN,130,,,a,
ASN00092045,19750522,TMIN,112,,,a,
ASN00092045,19750523,TMIN,102,,,a,
ASN00092045,19750524,TMIN,98,,,a,
ASN00092045,19750525,TMIN,103,,,a,
ASN00092045,19750526,TMIN,73,,,a,
ASN00092045,19750527,TMIN,66,,,a,
ASN00092045,19750528,TMIN,65,,,a,
ASN00092045,19750529,TMIN,93,,,a,
ASN00092045,19750530,TMIN,89,,,a,
ASN00092045,19750531,TMIN,85,,,a,
ASN00092045,19750501,PRCP,0,,,a,
ASN00092045,19750502,PRCP,2,,,a,
ASN00092045,19750503,PRCP,0,,,a,
ASN00092045,19750504,PRCP,0,,,a,
ASN00092045,19750505,PRCP,0,,,a,
ASN00092045,19750506,PRCP,0,,,a,
ASN00092045,19750507,PRCP,2,,,a,
ASN00092045,19750508,PRCP,132,,,a,
ASN00092045,19750509,PRCP,4,,,a,
ASN00092045,19750510,PRCP,42,,,a,
ASN00092045,19750511,PRCP,2,,,a,
ASN00092045,19750512,PRCP,60,,,a,
ASN00092045,19750513,PRCP,4,,,a,
ASN00092045,19750514,PRCP,254,,,a,
ASN00092045,19750515,PRCP,26,,,a,
ASN00092045,19750516,PRCP,98,,,a,
ASN00092045,19750517,PRCP,62,,,a,
ASN00092045,19750518,PRCP,16,,,a,
ASN00092045,19750519,PRCP,10,,,a,
ASN00092045,19750520,PRCP,16,,,a,
ASN00092045,19750521,PRCP,0,,,a,
ASN00092045,19750522,PRCP,0,,,a,
ASN00092045,19750523,PRCP,0,,,a,
ASN00092045,19750524,PRCP,4,,,a,
ASN00092045,19750525,PRCP,64,,,a,
ASN00092045,19750526,PRCP,2,,,a,
ASN00092045,19750527,PRCP,0,,,a,
ASN00092045,19750528,PRCP,0,,,a,
ASN00092045,19750529,PRCP,2,,,a,
ASN00092045,19750530,PRCP,0,,,a,
ASN00092045,19750531,PRCP,0,,,a,
ASN00092045,19750501,TAVG,125,H,,S,
ASN00092045,19750502,TAVG,122,H,,S,
ASN00092045,19750503,TAVG,136,H,,S,
ASN00092045,19750504,TAVG,140,H,,S,
ASN00092045,19750505,TAVG,138,H,,S,
ASN00092045,19750506,TAVG,153,H,,S,
ASN00092045,19750507,TAVG,139,H,,S,
ASN00092045,19750508,TAVG,133,H,,S,
ASN00092045,19750509,TAVG,120,H,,S,
ASN00092045,19750510,TAVG,118,H,,S,
ASN00092045,19750511,TAVG,120,H,,S,
ASN00092045,19750512,TAVG,118,H,,S,
ASN00092045,19750513,TAVG,112,H,,S,
ASN00092045,19750514,TAVG,119,H,,S,
ASN00092045,19750515,TAVG,112,H,,S,
ASN00092045,19750517,TAVG,150,H,,S,
ASN00092045,19750518,TAVG,152,H,,S,
ASN00092045,19750519,TAVG,140,H,,S,
ASN00092045,19750520,TAVG,148,H,,S,
ASN00092045,19750521,TAVG,140,H,,S,
ASN00092045,19750522,TAVG,122,H,,S,
ASN00092045,19750523,TAVG,127,H,,S,
ASN00092045,19750524,TAVG,127,H,,S,
ASN00092045,19750525,TAVG,115,H,,S,
ASN00092045,19750526,TAVG,108,H,,S,
ASN00092045,19750527,TAVG,92,H,,S,
ASN00092045,19750528,TAVG,125,H,,S,
ASN00092045,19750529,TAVG,119,H,,S,
ASN00092045,19750530,TAVG,115,H,,S,
ASN00092045,19750601,TMAX,145,,,a,
ASN00092045,19750602,TMAX,145,,,a,
ASN00092045,19750603,TMAX,146,,,a,
ASN00092045,19750604,TMAX,115,,,a,
ASN00092045,19750605,TMAX,130,,,a,
ASN00092045,19750606,TMAX,150,,,a,
ASN00092045,19750607,TMAX,152,,,a,
ASN00092045,19750608,TMAX,152,,,a,
ASN00092045,19750609,TMAX,153,,,a,
ASN00092045,19750610,TMAX,136,,,a,
ASN00092045,19750611,TMAX,115,,,a,
ASN00092045,19750612,TMAX,103,,,a,
ASN00092045,19750613,TMAX,131,,,a,
ASN00092045,19750614,TMAX,136,,,a,
ASN00092045,19750615,TMAX,120,,,a,
ASN00092045,19750616,TMAX,130,,,a,
ASN00092045,19750617,TMAX,115,,,a,
ASN00092045,19750618,TMAX,120,,,a,
ASN00092045,19750619,TMAX,120,,,a,
ASN00092045,19750620,TMAX,130,,,a,
ASN00092045,19750621,TMAX,123,,,a,
ASN00092045,19750622,TMAX,134,,,a,
ASN00092045,19750623,TMAX,126,,,a,
ASN00092045,19750624,TMAX,127,,,a,
ASN00092045,19750625,TMAX,130,,,a,
ASN00092045,19750626,TMAX,125,,,a,
ASN00092045,19750627,TMAX,132,,,a,
ASN00092045,19750628,TMAX,135,,,a,
ASN00092045,19750629,TMAX,140,,,a,
ASN00092045,19750630,TMAX,132,,,a,
ASN00092045,19750601,TMIN,108,,,a,
ASN00092045,19750602,TMIN,85,,,a,
ASN00092045,19750603,TMIN,115,,,a,
ASN00092045,19750604,TMIN,64,,,a,
ASN00092045,19750605,TMIN,40,,,a,
ASN00092045,19750606,TMIN,55,,,a,
ASN00092045,19750607,TMIN,82,,,a,
ASN00092045,19750608,TMIN,100,,,a,
ASN00092045,19750609,TMIN,91,,,a,
ASN00092045,19750610,TMIN,75,,,a,
ASN00092045,19750611,TMIN,75,,,a,
ASN00092045,19750612,TMIN,50,,,a,
ASN00092045,19750613,TMIN,46,,,a,
ASN00092045,19750614,TMIN,65,,,a,
ASN00092045,19750615,TMIN,85,,,a,
ASN00092045,19750616,TMIN,64,,,a,
ASN00092045,19750617,TMIN,45,,,a,
ASN00092045,19750618,TMIN,42,,,a,
ASN00092045,19750619,TMIN,35,,,a,
ASN00092045,19750620,TMIN,55,,,a,
ASN00092045,19750621,TMIN,80,,,a,
ASN00092045,19750622,TMIN,100,,,a,
ASN00092045,19750623,TMIN,105,,,a,
ASN00092045,19750624,TMIN,105,,,a,
ASN00092045,19750625,TMIN,107,,,a,
ASN00092045,19750626,TMIN,117,,,a,
ASN00092045,19750627,TMIN,92,,,a,
ASN00092045,19750628,TMIN,100,,,a,
ASN00092045,19750629,TMIN,60,,,a,
ASN00092045,19750630,TMIN,85,,,a,
ASN00092045,19750601,PRCP,1,,,a,
ASN00092045,19750602,PRCP,22,,,a,
ASN00092045,19750603,PRCP,10,,,a,
ASN00092045,19750604,PRCP,130,,,a,
ASN00092045,19750605,PRCP,48,,,a,
ASN00092045,19750606,PRCP,4,,,a,
ASN00092045,19750607,PRCP,0,,,a,
ASN00092045,19750608,PRCP,0,,,a,
ASN00092045,19750609,PRCP,2,,,a,
ASN00092045,19750610,PRCP,2,,,a,
ASN00092045,19750611,PRCP,0,,,a,
ASN00092045,19750612,PRCP,0,,,a,
ASN00092045,19750613,PRCP,0,,,a,
ASN00092045,19750614,PRCP,0,,,a,
ASN00092045,19750615,PRCP,14,,,a,
ASN00092045,19750616,PRCP,4,,,a,
ASN00092045,19750617,PRCP,0,,,a,
ASN00092045,19750618,PRCP,0,,,a,
ASN00092045,19750619,PRCP,0,,,a,
ASN00092045,19750620,PRCP,0,,,a,
ASN00092045,19750621,PRCP,14,,,a,
ASN00092045,19750622,PRCP,26,,,a,
ASN00092045,19750623,PRCP,52,,,a,
ASN00092045,19750624,PRCP,92,,,a,
ASN00092045,19750625,PRCP,118,,,a,
ASN00092045,19750626,PRCP,6,,,a,
ASN00092045,19750627,PRCP,46,,,a,
ASN00092045,19750628,PRCP,0,,,a,
ASN00092045,19750629,PRCP,46,,,a,
ASN00092045,19750630,PRCP,52,,,a,
ASN00092045,19750601,TAVG,115,H,,S,
ASN00092045,19750602,TAVG,131,H,,S,
ASN00092045,19750603,TAVG,110,H,,S,
ASN00092045,19750604,TAVG,68,H,,S,
ASN00092045,19750605,TAVG,108,H,,S,
ASN00092045,19750606,TAVG,116,H,,S,
ASN00092045,19750607,TAVG,128,H,,S,
ASN00092045,19750608,TAVG,120,H,,S,
ASN00092045,19750609,TAVG,105,H,,S,
ASN00092045,19750610,TAVG,112,H,,S,
ASN00092045,19750611,TAVG,86,H,,S,
ASN00092045,19750612,TAVG,82,H,,S,
ASN00092045,19750613,TAVG,93,H,,S,
ASN00092045,19750614,TAVG,110,H,,S,
ASN00092045,19750615,TAVG,96,H,,S,
ASN00092045,19750616,TAVG,85,H,,S,
ASN00092045,19750617,TAVG,75,H,,S,
ASN00092045,19750618,TAVG,77,H,,S,
ASN00092045,19750619,TAVG,85,H,,S,
ASN00092045,19750620,TAVG,109,H,,S,
ASN00092045,19750621,TAVG,112,H,,S,
ASN00092045,19750622,TAVG,120,H,,S,
ASN00092045,19750623,TAVG,112,H,,S,
ASN00092045,19750624,TAVG,122,H,,S,
ASN00092045,19750625,TAVG,127,H,,S,
ASN00092045,19750626,TAVG,106,H,,S,
ASN00092045,19750627,TAVG,127,H,,S,
ASN00092045,19750628,TAVG,92,H,,S,
ASN00092045,19750629,TAVG,120,H,,S,
ASN00092045,19750630,TAVG,90,H,,S,
ASN00092045,19750701,TMAX,133,,,a,
ASN00092045,19750702,TMAX,112,,,a,
ASN00092045,19750703,TMAX,120,,,a,
ASN00092045,19750704,TMAX,132,,,a,
ASN00092045,19750705,TMAX,96,,,a,
ASN00092045,19750706,TMAX,115,,,a,
ASN00092045,19750707,TMAX,100,,,a,
ASN00092045,19750708,TMAX,127,,,a,
ASN00092045,19750709,TMAX,112,,,a,
ASN00092045,19750710,TMAX,135,,,a,
ASN00092045,19750711,TMAX,130,,,a,
ASN00092045,19750712,TMAX,124,,,a,
ASN00092045,19750713,TMAX,140,,,a,
ASN00092045,19750714,TMAX,102,,,a,
ASN00092045,19750715,TMAX,138,,,a,
ASN00092045,19750716,TMAX,145,,,a,
ASN00092045,19750717,TMAX,127,,,a,
ASN00092045,19750718,TMAX,135,,,a,
ASN00092045,19750719,TMAX,130,,,a,
ASN00092045,19750720,TMAX,135,,,a,
ASN00092045,19750721,TMAX,138,,,a,
ASN00092045,19750722,TMAX,149,,,a,
ASN00092045,19750723,TMAX,151,,,a,
ASN00092045,19750724,TMAX,141,,,a,
ASN00092045,19750725,TMAX,138,,,a,
ASN00092045,19750726,TMAX,145,,,a,
ASN00092045,19750727,TMAX,170,,,a,
ASN00092045,19750728,TMAX,178,,,a,
ASN00092045,19750729,TMAX,145,,,a,
ASN00092045,19750730,TMAX,181,,,a,
ASN00092045,19750731,TMAX,124,,,a,
ASN00092045,19750701,TMIN,35,,,a,
ASN00092045,19750702,TMIN,45,,,a,
ASN00092045,19750703,TMIN,25,,,a,
ASN00092045,19750704,TMIN,65,,,a,
ASN00092045,19750705,TMIN,75,,,a,
ASN00092045,19750706,TMIN,73,,,a,
ASN00092045,19750707,TMIN,55,,,a,
ASN00092045,19750708,TMIN,45,,,a,
ASN00092045,19750709,TMIN,60,,,a,
ASN00092045,19750710,TMIN,70,,,a,
ASN00092045,19750711,TMIN,95,,,a,
ASN00092045,19750712,TMIN,70,,,a,
ASN00092045,19750713,TMIN,88,,,a,
ASN00092045,19750714,TMIN,65,,,a,
ASN00092045,19750715,TMIN,65,,,a,
ASN00092045,19750716,TMIN,56,,,a,
ASN00092045,19750717,TMIN,83,,,a,
ASN00092045,19750718,TMIN,95,,,a,
ASN00092045,19750719,TMIN,90,,,a,
ASN00092045,19750720,TMIN,98,,,a,
ASN00092045,19750721,TMIN,103,,,a,
ASN00092045,19750722,TMIN,87,,,a,
ASN00092045,19750723,TMIN,110,,,a,
ASN00092045,19750724,TMIN,122,,,a,
ASN00092045,19750725,TMIN,101,,,a,
ASN00092045,19750726,TMIN,90,,,a,
ASN00092045,19750727,TMIN,112,,,a,
ASN00092045,19750728,TMIN,94,,,a,
ASN00092045,19750729,TMIN,70,,,a,
ASN00092045,19750730,TMIN,100,,,a,
ASN00092045,19750731,TMIN,110,,,a,
ASN00092045,19750701,PRCP,0,,,a,
ASN00092045,19750702,PRCP,0,,,a,
ASN00092045,19750703,PRCP,0,,,a,
ASN00092045,19750704,PRCP,0,,,a,
ASN00092045,19750705,PRCP,396,,,a,
ASN00092045,19750706,PRCP,300,,,a,
ASN00092045,19750707,PRCP,16,,,a,
ASN00092045,19750708,PRCP,36,,,a,
ASN00092045,19750709,PRCP,30,,,a,
ASN00092045,19750710,PRCP,34,,,a,
ASN00092045,19750711,PRCP,98,,,a,
ASN00092045,19750712,PRCP,62,,,a,
ASN00092045,19750713,PRCP,100,,,a,
ASN00092045,19750714,PRCP,66,,,a,
ASN00092045,19750715,PRCP,0,,,a,
ASN00092045,19750716,PRCP,0,,,a,
ASN00092045,19750717,PRCP,12,,,a,
ASN00092045,19750718,PRCP,11,,,a,
ASN00092045,19750719,PRCP,58,,,a,
ASN00092045,19750720,PRCP,164,,,a,
ASN00092045,19750721,PRCP,52,,,a,
ASN00092045,19750722,PRCP,16,,,a,
ASN00092045,19750723,PRCP,20,,,a,
ASN00092045,19750724,PRCP,0,,,a,
ASN00092045,19750725,PRCP,68,,,a,
ASN00092045,19750726,PRCP,40,,,a,
ASN00092045,19750727,PRCP,0,,,a,
ASN00092045,19750728,PRCP,2,,,a,
ASN00092045,19750729,PRCP,162,,,a,
ASN00092045,19750730,PRCP,0,,,a,
ASN00092045,19750731,PRCP,30,,,a,
ASN00092045,19750701,TAVG,83,H,,S,
ASN00092045,19750702,TAVG,77,H,,S,
ASN00092045,19750703,TAVG,98,H,,S,
ASN00092045,19750704,TAVG,116,H,,S,
ASN00092045,19750705,TAVG,86,H,,S,
ASN00092045,19750706,TAVG,83,H,,S,
ASN00092045,19750707,TAVG,68,H,,S,
ASN00092045,19750708,TAVG,97,H,,S,
ASN00092045,19750709,TAVG,90,H,,S,
ASN00092045,19750710,TAVG,110,H,,S,
ASN00092045,19750711,TAVG,104,H,,S,
ASN00092045,19750712,TAVG,105,H,,S,
ASN00092045,19750713,TAVG,115,H,,S,
ASN00092045,19750714,TAVG,93,H,,S,
ASN00092045,19750715,TAVG,100,H,,S,
ASN00092045,19750716,TAVG,113,H,,S,
ASN00092045,19750717,TAVG,105,H,,S,
ASN00092045,19750718,TAVG,110,H,,S,
ASN00092045,19750719,TAVG,112,H,,S,
ASN00092045,19750720,TAVG,118,H,,S,
ASN00092045,19750721,TAVG,112,H,,S,
ASN00092045,19750722,TAVG,124,H,,S,
ASN00092045,19750723,TAVG,130,H,,S,
ASN00092045,19750724,TAVG,138,H,,S,
ASN00092045,19750725,TAVG,126,H,,S,
ASN00092045,19750726,TAVG,132,H,,S,
ASN00092045,19750727,TAVG,136,H,,S,
ASN00092045,19750728,TAVG,138,H,,S,
ASN00092045,19750729,TAVG,128,H,,S,
ASN00092045,19750730,TAVG,138,H,,S,
ASN00092045,19750731,TAVG,92,H,,S,
ASN00092045,19750801,TMAX,108,,,a,
ASN00092045,19750802,TMAX,110,,,a,
ASN00092045,19750803,TMAX,116,,,a,
ASN00092045,19750804,TMAX,110,,,a,
ASN00092045,19750805,TMAX,128,,,a,
ASN00092045,19750806,TMAX,119,,,a,
ASN00092045,19750807,TMAX,127,,,a,
ASN00092045,19750808,TMAX,116,,,a,
ASN00092045,19750809,TMAX,140,,,a,
ASN00092045,19750810,TMAX,140,,,a,
ASN00092045,19750811,TMAX,120,,,a,
ASN00092045,19750812,TMAX,120,,,a,
ASN00092045,19750813,TMAX,127,,,a,
ASN00092045,19750814,TMAX,125,,,a,
ASN00092045,19750815,TMAX,130,,,a,
ASN00092045,19750816,TMAX,146,,,a,
ASN00092045,19750817,TMAX,124,,,a,
ASN00092045,19750818,TMAX,128,,,a,
ASN00092045,19750819,TMAX,172,,,a,
ASN00092045,19750820,TMAX,140,,,a,
ASN00092045,19750821,TMAX,132,,,a,
ASN00092045,19750822,TMAX,113,,,a,
ASN00092045,19750823,TMAX,125,,,a,
ASN00092045,19750824,TMAX,145,,,a,
ASN00092045,19750825,TMAX,145,,,a,
ASN00092045,19750826,TMAX,130,,,a,
ASN00092045,19750827,TMAX,137,,,a,
ASN00092045,19750828,TMAX,142,,,a,
ASN00092045,19750829,TMAX,140,,,a,
ASN00092045,19750830,TMAX,134,,,a,
ASN00092045,19750831,TMAX,145,,,a,
ASN00092045,19750801,TMIN,60,,,a,
ASN00092045,19750802,TMIN,61,,,a,
ASN00092045,19750803,TMIN,85,,,a,
ASN00092045,19750804,TMIN,58,,,a,
ASN00092045,19750805,TMIN,85,,,a,
ASN00092045,19750806,TMIN,75,,,a,
ASN00092045,19750807,TMIN,49,,,a,
ASN00092045,19750808,TMIN,52,,,a,
ASN00092045,19750809,TMIN,75,,,a,
ASN00092045,19750810,TMIN,95,,,a,
ASN00092045,19750811,TMIN,95,,,a,
ASN00092045,19750812,TMIN,80,,,a,
ASN00092045,19750813,TMIN,75,,,a,
ASN00092045,19750814,TMIN,45,,,a,
ASN00092045,19750815,TMIN,55,,,a,
ASN00092045,19750816,TMIN,70,,,a,
ASN00092045,19750817,TMIN,70,,,a,
ASN00092045,19750818,TMIN,102,,,a,
ASN00092045,19750819,TMIN,75,,,a,
ASN00092045,19750820,TMIN,100,,,a,
ASN00092045,19750821,TMIN,92,,,a,
ASN00092045,19750822,TMIN,107,,,a,
ASN00092045,19750823,TMIN,95,,,a,
ASN00092045,19750824,TMIN,92,,,a,
ASN00092045,19750825,TMIN,92,,,a,
ASN00092045,19750826,TMIN,95,,,a,
ASN00092045,19750827,TMIN,90,,,a,
ASN00092045,19750828,TMIN,50,,,a,
ASN00092045,19750829,TMIN,62,,,a,
ASN00092045,19750830,TMIN,52,,,a,
ASN00092045,19750831,TMIN,38,,,a,
ASN00092045,19750801,PRCP,0,,,a,
ASN00092045,19750802,PRCP,0,,,a,
ASN00092045,19750803,PRCP,198,,,a,
ASN00092045,19750804,PRCP,62,,,a,
ASN00092045,19750805,PRCP,18,,,a,
ASN00092045,19750806,PRCP,36,,,a,
ASN00092045,19750807,PRCP,0,,,a,
ASN00092045,19750808,PRCP,2,,,a,
ASN00092045,19750809,PRCP,0,,,a,
ASN00092045,19750810,PRCP,0,,,a,
ASN00092045,19750811,PRCP,0,,,a,
ASN00092045,19750812,PRCP,24,,,a,
ASN00092045,19750813,PRCP,0,,,a,
ASN00092045,19750814,PRCP,0,,,a,
ASN00092045,19750815,PRCP,2,,,a,
ASN00092045,19750816,PRCP,0,,,a,
ASN00092045,19750817,PRCP,0,,,a,
ASN00092045,19750818,PRCP,2,,,a,
ASN00092045,19750819,PRCP,24,,,a,
ASN00092045,19750820,PRCP,28,,,a,
ASN00092045,19750821,PRCP,168,,,a,
ASN00092045,19750822,PRCP,42,,,a,
ASN00092045,19750823,PRCP,44,,,a,
ASN00092045,19750824,PRCP,0,,,a,
ASN00092045,19750825,PRCP,0,,,a,
ASN00092045,19750826,PRCP,14,,,a,
ASN00092045,19750827,PRCP,166,,,a,
ASN00092045,19750828,PRCP,2,,,a,
ASN00092045,19750829,PRCP,2,,,a,
ASN00092045,19750830,PRCP,10,,,a,
ASN00092045,19750831,PRCP,0,,,a,
ASN00092045,19750801,TAVG,88,H,,S,
ASN00092045,19750802,TAVG,93,H,,S,
ASN00092045,19750803,TAVG,88,H,,S,
ASN00092045,19750804,TAVG,93,H,,S,
ASN00092045,19750805,TAVG,101,H,,S,
ASN00092045,19750806,TAVG,90,H,,S,
ASN00092045,19750807,TAVG,88,H,,S,
ASN00092045,19750808,TAVG,103,H,,S,
ASN00092045,19750809,TAVG,113,H,,S,
ASN00092045,19750810,TAVG,115,H,,S,
ASN00092045,19750811,TAVG,102,H,,S,
ASN00092045,19750812,TAVG,98,H,,S,
ASN00092045,19750813,TAVG,80,H,,S,
ASN00092045,19750814,TAVG,91,H,,S,
ASN00092045,19750815,TAVG,98,H,,S,
ASN00092045,19750816,TAVG,110,H,,S,
ASN00092045,19750817,TAVG,114,H,,S,
ASN00092045,19750818,TAVG,103,H,,S,
ASN00092045,19750819,TAVG,122,H,,S,
ASN00092045,19750820,TAVG,114,H,,S,
ASN00092045,19750821,TAVG,120,H,,S,
ASN00092045,19750822,TAVG,106,H,,S,
ASN00092045,19750823,TAVG,115,H,,S,
ASN00092045,19750824,TAVG,115,H,,S,
ASN00092045,19750825,TAVG,117,H,,S,
ASN00092045,19750826,TAVG,117,H,,S,
ASN00092045,19750827,TAVG,107,H,,S,
ASN00092045,19750828,TAVG,96,H,,S,
ASN00092045,19750829,TAVG,93,H,,S,
ASN00092045,19750830,TAVG,92,H,,S,
ASN00092045,19750831,TAVG,98,H,,S,
ASN00092045,19750901,TMAX,137,,,a,
ASN00092045,19750902,TMAX,147,,,a,
ASN00092045,19750903,TMAX,136,,,a,
ASN00092045,19750904,TMAX,98,,,a,
ASN00092045,19750905,TMAX,143,,,a,
ASN00092045,19750906,TMAX,160,,,a,
ASN00092045,19750907,TMAX,140,,,a,
ASN00092045,19750908,TMAX,155,,,a,
ASN00092045,19750909,TMAX,150,,,a,
ASN00092045,19750910,TMAX,160,,,a,
ASN00092045,19750911,TMAX,151,,,a,
ASN00092045,19750912,TMAX,150,,,a,
ASN00092045,19750913,TMAX,143,,,a,
ASN00092045,19750914,TMAX,157,,,a,
ASN00092045,19750915,TMAX,162,,,a,
ASN00092045,19750916,TMAX,148,,,a,
ASN00092045,19750917,TMAX,198,,,a,
ASN00092045,19750918,TMAX,154,,,a,
ASN00092045,19750919,TMAX,154,,,a,
ASN00092045,19750920,TMAX,155,,,a,
ASN00092045,19750921,TMAX,145,,,a,
ASN00092045,19750922,TMAX,152,,,a,
ASN00092045,19750923,TMAX,152,,,a,
ASN00092045,19750924,TMAX,135,,,a,
ASN00092045,19750925,TMAX,135,,,a,
ASN00092045,19750926,TMAX,150,,,a,
ASN00092045,19750927,TMAX,149,,,a,
ASN00092045,19750928,TMAX,162,,,a,
ASN00092045,19750929,TMAX,154,,,a,
ASN00092045,19750930,TMAX,130,,,a,
ASN00092045,19750901,TMIN,65,,,a,
ASN00092045,19750902,TMIN,62,,,a,
ASN00092045,19750903,TMIN,100,,,a,
ASN00092045,19750904,TMIN,79,,,a,
ASN00092045,19750905,TMIN,29,,,a,
ASN00092045,19750906,TMIN,70,,,a,
ASN00092045,19750907,TMIN,75,,,a,
ASN00092045,19750908,TMIN,70,,,a,
ASN00092045,19750909,TMIN,105,,,a,
ASN00092045,19750910,TMIN,108,,,a,
ASN00092045,19750911,TMIN,85,,,a,
ASN00092045,19750912,TMIN,98,,,a,
ASN00092045,19750913,TMIN,120,,,a,
ASN00092045,19750914,TMIN,106,,,a,
ASN00092045,19750915,TMIN,88,,,a,
ASN00092045,19750916,TMIN,124,,,a,
ASN00092045,19750917,TMIN,130,,,a,
ASN00092045,19750918,TMIN,125,,,a,
ASN00092045,19750919,TMIN,85,,,a,
ASN00092045,19750920,TMIN,63,,,a,
ASN00092045,19750921,TMIN,84,,,a,
ASN00092045,19750922,TMIN,110,,,a,
ASN00092045,19750923,TMIN,78,,,a,
ASN00092045,19750924,TMIN,45,,,a,
ASN00092045,19750925,TMIN,60,,,a,
ASN00092045,19750926,TMIN,80,,,a,
ASN00092045,19750927,TMIN,100,,,a,
ASN00092045,19750928,TMIN,127,,,a,
ASN00092045,19750929,TMIN,107,,,a,
ASN00092045,19750930,TMIN,65,,,a,
ASN00092045,19750901,PRCP,2,,,a,
ASN00092045,19750902,PRCP,12,,,a,
ASN00092045,19750903,PRCP,0,,,a,
ASN00092045,19750904,PRCP,438,,,a,
ASN00092045,19750905,PRCP,8,,,a,
ASN00092045,19750906,PRCP,0,,,a,
ASN00092045,19750907,PRCP,32,,,a,
ASN00092045,19750908,PRCP,2,,,a,
ASN00092045,19750909,PRCP,0,,,a,
ASN00092045,19750910,PRCP,0,,,a,
ASN00092045,19750911,PRCP,0,,,a,
ASN00092045,19750912,PRCP,2,,,a,
ASN00092045,19750913,PRCP,4,,,a,
ASN00092045,19750914,PRCP,48,,,a,
ASN00092045,19750915,PRCP,0,,,a,
ASN00092045,19750916,PRCP,0,,,a,
ASN00092045,19750917,PRCP,86,,,a,
ASN00092045,19750918,PRCP,226,,,a,
ASN00092045,19750919,PRCP,40,,,a,
ASN00092045,19750920,PRCP,0,,,a,
ASN00092045,19750921,PRCP,168,,,a,
ASN00092045,19750922,PRCP,18,,,a,
ASN00092045,19750923,PRCP,2,,,a,
ASN00092045,19750924,PRCP,0,,,a,
ASN00092045,19750925,PRCP,0,,,a,
ASN00092045,19750926,PRCP,0,,,a,
ASN00092045,19750927,PRCP,4,,,a,
ASN00092045,19750928,PRCP,10,,,a,
ASN00092045,19750929,PRCP,4,,,a,
ASN00092045,19750930,PRCP,0,,,a,
ASN00092045,19750901,TAVG,103,H,,S,
ASN00092045,19750902,TAVG,120,H,,S,
ASN00092045,19750903,TAVG,98,H,,S,
ASN00092045,19750904,TAVG,64,H,,S,
ASN00092045,19750905,TAVG,112,H,,S,
ASN00092045,19750906,TAVG,104,H,,S,
ASN00092045,19750907,TAVG,104,H,,S,
ASN00092045,19750908,TAVG,126,H,,S,
ASN00092045,19750909,TAVG,128,H,,S,
ASN00092045,19750910,TAVG,114,H,,S,
ASN00092045,19750911,TAVG,131,H,,S,
ASN00092045,19750912,TAVG,135,H,,S,
ASN00092045,19750913,TAVG,120,H,,S,
ASN00092045,19750914,TAVG,128,H,,S,
ASN00092045,19750915,TAVG,137,H,,S,
ASN00092045,19750917,TAVG,147,H,,S,
ASN00092045,19750918,TAVG,112,H,,S,
ASN00092045,19750919,TAVG,118,H,,S,
ASN00092045,19750920,TAVG,110,H,,S,
ASN00092045,19750921,TAVG,123,H,,S,
ASN00092045,19750922,TAVG,117,H,,S,
ASN00092045,19750923,TAVG,98,H,,S,
ASN00092045,19750924,TAVG,88,H,,S,
ASN00092045,19750925,TAVG,110,H,,S,
ASN00092045,19750926,TAVG,131,H,,S,
ASN00092045,19750927,TAVG,135,H,,S,
ASN00092045,19750928,TAVG,128,H,,S,
ASN00092045,19750929,TAVG,105,H,,S,
ASN00092045,19750930,TAVG,103,H,,S,
ASN00092045,19751001,TMAX,160,,,a,
ASN00092045,19751002,TMAX,145,,,a,
ASN00092045,19751003,TMAX,136,,,a,
ASN00092045,19751004,TMAX,168,,,a,
ASN00092045,19751005,TMAX,160,,,a,
ASN00092045,19751006,TMAX,175,,,a,
ASN00092045,19751007,TMAX,190,,,a,
ASN00092045,19751008,TMAX,142,,,a,
ASN00092045,19751009,TMAX,152,,,a,
ASN00092045,19751010,TMAX,170,,,a,
ASN00092045,19751011,TMAX,160,,,a,
ASN00092045,19751012,TMAX,127,,,a,
ASN00092045,19751013,TMAX,164,,,a,
ASN00092045,19751014,TMAX,162,,,a,
ASN00092045,19751015,TMAX,136,,,a,
ASN00092045,19751016,TMAX,159,,,a,
ASN00092045,19751017,TMAX,123,,,a,
ASN00092045,19751018,TMAX,155,,,a,
ASN00092045,19751019,TMAX,142,,,a,
ASN00092045,19751020,TMAX,161,,,a,
ASN00092045,19751021,TMAX,138,,,a,
ASN00092045,19751022,TMAX,130,,,a,
ASN00092045,19751023,TMAX,155,,,a,
ASN00092045,19751024,TMAX,150,,,a,
ASN00092045,19751025,TMAX,157,,,a,
ASN00092045,19751026,TMAX,155,,,a,
ASN00092045,19751027,TMAX,190,,,a,
ASN00092045,19751028,TMAX,216,,,a,
ASN00092045,19751029,TMAX,165,,,a,
ASN00092045,19751030,TMAX,170,,,a,
ASN00092045,19751031,TMAX,200,,,a,
ASN00092045,19751001,TMIN,76,,,a,
ASN00092045,19751002,TMIN,60,,,a,
ASN00092045,19751003,TMIN,95,,,a,
ASN00092045,19751004,TMIN,71,,,a,
ASN00092045,19751005,TMIN,72,,,a,
ASN00092045,19751006,TMIN,88,,,a,
ASN00092045,19751007,TMIN,132,,,a,
ASN00092045,19751008,TMIN,115,,,a,
ASN00092045,19751009,TMIN,130,,,a,
ASN00092045,19751010,TMIN,140,,,a,
ASN00092045,19751011,TMIN,122,,,a,
ASN00092045,19751012,TMIN,82,,,a,
ASN00092045,19751013,TMIN,65,,,a,
ASN00092045,19751014,TMIN,100,,,a,
ASN00092045,19751015,TMIN,75,,,a,
ASN00092045,19751016,TMIN,65,,,a,
ASN00092045,19751017,TMIN,30,,,a,
ASN00092045,19751018,TMIN,70,,,a,
ASN00092045,19751019,TMIN,98,,,a,
ASN00092045,19751020,TMIN,120,,,a,
ASN00092045,19751021,TMIN,111,,,a,
ASN00092045,19751022,TMIN,88,,,a,
ASN00092045,19751023,TMIN,78,,,a,
ASN00092045,19751024,TMIN,116,,,a,
ASN00092045,19751025,TMIN,110,,,a,
ASN00092045,19751026,TMIN,106,,,a,
ASN00092045,19751027,TMIN,95,,,a,
ASN00092045,19751028,TMIN,105,,,a,
ASN00092045,19751029,TMIN,132,,,a,
ASN00092045,19751030,TMIN,130,,,a,
ASN00092045,19751031,TMIN,135,,,a,
ASN00092045,19751001,PRCP,2,,,a,
ASN00092045,19751002,PRCP,0,,,a,
ASN00092045,19751003,PRCP,98,,,a,
ASN00092045,19751004,PRCP,0,,,a,
ASN00092045,19751005,PRCP,2,,,a,
ASN00092045,19751006,PRCP,4,,,a,
ASN00092045,19751007,PRCP,0,,,a,
ASN00092045,19751008,PRCP,118,,,a,
ASN00092045,19751009,PRCP,98,,,a,
ASN00092045,19751010,PRCP,90,,,a,
ASN00092045,19751011,PRCP,14,,,a,
ASN00092045,19751012,PRCP,29,,,a,
ASN00092045,19751013,PRCP,6,,,a,
ASN00092045,19751014,PRCP,0,,,a,
ASN00092045,19751015,PRCP,0,,,a,
ASN00092045,19751016,PRCP,4,,,a,
ASN00092045,19751017,PRCP,10,,,a,
ASN00092045,19751018,PRCP,0,,,a,
ASN00092045,19751019,PRCP,0,,,a,
ASN00092045,19751020,PRCP,34,,,a,
ASN00092045,19751021,PRCP,0,,,a,
ASN00092045,19751022,PRCP,32,,,a,
ASN00092045,19751023,PRCP,4,,,a,
ASN00092045,19751024,PRCP,0,,,a,
ASN00092045,19751025,PRCP,590,,,a,
ASN00092045,19751026,PRCP,34,,,a,
ASN00092045,19751027,PRCP,0,,,a,
ASN00092045,19751028,PRCP,4,,,a,
ASN00092045,19751029,PRCP,0,,,a,
ASN00092045,19751030,PRCP,0,,,a,
ASN00092045,19751031,PRCP,36,,,a,
ASN00092045,19751001,TAVG,106,H,,S,
ASN00092045,19751002,TAVG,112,H,,S,
ASN00092045,19751003,TAVG,108,H,,S,
ASN00092045,19751004,TAVG,126,H,,S,
ASN00092045,19751005,TAVG,124,H,,S,
ASN00092045,19751006,TAVG,146,H,,S,
ASN00092045,19751007,TAVG,140,H,,S,
ASN00092045,19751008,TAVG,140,H,,S,
ASN00092045,19751009,TAVG,145,H,,S,
ASN00092045,19751010,TAVG,135,H,,S,
ASN00092045,19751011,TAVG,122,H,,S,
ASN00092045,19751012,TAVG,98,H,,S,
ASN00092045,19751013,TAVG,128,H,,S,
ASN00092045,19751014,TAVG,120,H,,S,
ASN00092045,19751015,TAVG,102,H,,S,
ASN00092045,19751016,TAVG,98,H,,S,
ASN00092045,19751017,TAVG,100,H,,S,
ASN00092045,19751018,TAVG,113,H,,S,
ASN00092045,19751019,TAVG,128,H,,S,
ASN00092045,19751020,TAVG,128,H,,S,
ASN00092045,19751021,TAVG,110,H,,S,
ASN00092045,19751022,TAVG,111,H,,S,
ASN00092045,19751023,TAVG,138,H,,S,
ASN00092045,19751024,TAVG,123,H,,S,
ASN00092045,19751025,TAVG,118,H,,S,
ASN00092045,19751026,TAVG,127,H,,S,
ASN00092045,19751027,TAVG,153,H,,S,
ASN00092045,19751028,TAVG,173,H,,S,
ASN00092045,19751029,TAVG,151,H,,S,
ASN00092045,19751030,TAVG,149,H,,S,
ASN00092045,19751031,TAVG,153,H,,S,
ASN00092045,19751101,TMAX,135,,,a,
ASN00092045,19751102,TMAX,148,,,a,
ASN00092045,19751103,TMAX,142,,,a,
ASN00092045,19751104,TMAX,150,,,a,
ASN00092045,19751105,TMAX,180,,,a,
ASN00092045,19751106,TMAX,179,,,a,
ASN00092045,19751107,TMAX,140,,,a,
ASN00092045,19751108,TMAX,142,,,a,
ASN00092045,19751109,TMAX,180,,,a,
ASN00092045,19751110,TMAX,166,,,a,
ASN00092045,19751111,TMAX,193,,,a,
ASN00092045,19751112,TMAX,189,,,a,
ASN00092045,19751113,TMAX,170,,,a,
ASN00092045,19751114,TMAX,178,,,a,
ASN00092045,19751115,TMAX,170,,,a,
ASN00092045,19751116,TMAX,165,,,a,
ASN00092045,19751117,TMAX,178,,,a,
ASN00092045,19751118,TMAX,212,,,a,
ASN00092045,19751119,TMAX,158,,,a,
ASN00092045,19751120,TMAX,195,,,a,
ASN00092045,19751121,TMAX,180,,,a,
ASN00092045,19751122,TMAX,184,,,a,
ASN00092045,19751123,TMAX,173,,,a,
ASN00092045,19751124,TMAX,170,,,a,
ASN00092045,19751125,TMAX,158,,,a,
ASN00092045,19751126,TMAX,185,,,a,
ASN00092045,19751127,TMAX,218,,,a,
ASN00092045,19751128,TMAX,234,,,a,
ASN00092045,19751129,TMAX,170,,,a,
ASN00092045,19751130,TMAX,200,,,a,
ASN00092045,19751101,TMIN,117,,,a,
ASN00092045,19751102,TMIN,102,,,a,
ASN00092045,19751103,TMIN,115,,,a,
ASN00092045,19751104,TMIN,115,,,a,
ASN00092045,19751105,TMIN,115,,,a,
ASN00092045,19751106,TMIN,110,,,a,
ASN00092045,19751107,TMIN,97,,,a,
ASN00092045,19751108,TMIN,70,,,a,
ASN00092045,19751109,TMIN,105,,,a,
ASN00092045,19751110,TMIN,120,,,a,
ASN00092045,19751111,TMIN,130,,,a,
ASN00092045,19751112,TMIN,118,,,a,
ASN00092045,19751113,TMIN,123,,,a,
ASN00092045,19751114,TMIN,145,,,a,
ASN00092045,19751115,TMIN,142,,,a,
ASN00092045,19751116,TMIN,126,,,a,
ASN00092045,19751117,TMIN,128,,,a,
ASN00092045,19751118,TMIN,140,,,a,
ASN00092045,19751119,TMIN,140,,,a,
ASN00092045,19751120,TMIN,140,,,a,
ASN00092045,19751121,TMIN,142,,,a,
ASN00092045,19751122,TMIN,135,,,a,
ASN00092045,19751123,TMIN,146,,,a,
ASN00092045,19751124,TMIN,93,,,a,
ASN00092045,19751125,TMIN,106,,,a,
ASN00092045,19751126,TMIN,87,,,a,
ASN00092045,19751127,TMIN,112,,,a,
ASN00092045,19751128,TMIN,127,,,a,
ASN00092045,19751129,TMIN,110,,,a,
ASN00092045,19751130,TMIN,100,,,a,
ASN00092045,19751101,PRCP,0,,,a,
ASN00092045,19751102,PRCP,4,,,a,
ASN00092045,19751103,PRCP,8,,,a,
ASN00092045,19751104,PRCP,469,,,a,
ASN00092045,19751105,PRCP,86,,,a,
ASN00092045,19751106,PRCP,38,,,a,
ASN00092045,19751107,PRCP,8,,,a,
ASN00092045,19751108,PRCP,6,,,a,
ASN00092045,19751109,PRCP,0,,,a,
ASN00092045,19751110,PRCP,10,,,a,
ASN00092045,19751111,PRCP,0,,,a,
ASN00092045,19751112,PRCP,0,,,a,
ASN00092045,19751113,PRCP,0,,,a,
ASN00092045,19751114,PRCP,0,,,a,
ASN00092045,19751115,PRCP,6,,,a,
ASN00092045,19751116,PRCP,14,,,a,
ASN00092045,19751117,PRCP,0,,,a,
ASN00092045,19751118,PRCP,0,,,a,
ASN00092045,19751119,PRCP,8,,,a,
ASN00092045,19751120,PRCP,20,,,a,
ASN00092045,19751121,PRCP,2,,,a,
ASN00092045,19751122,PRCP,0,,,a,
ASN00092045,19751123,PRCP,2,,,a,
ASN00092045,19751124,PRCP,146,,,a,
ASN00092045,19751125,PRCP,104,,,a,
ASN00092045,19751126,PRCP,36,,,a,
ASN00092045,19751127,PRCP,0,,,a,
ASN00092045,19751128,PRCP,0,,,a,
ASN00092045,19751129,PRCP,0,,,a,
ASN00092045,19751130,PRCP,0,,,a,
ASN00092045,19751101,TAVG,124,H,,S,
ASN00092045,19751102,TAVG,128,H,,S,
ASN00092045,19751103,TAVG,131,H,,S,
ASN00092045,19751104,TAVG,126,H,,S,
ASN00092045,19751105,TAVG,141,H,,S,
ASN00092045,19751106,TAVG,121,H,,S,
ASN00092045,19751107,TAVG,108,H,,S,
ASN00092045,19751108,TAVG,139,H,,S,
ASN00092045,19751109,TAVG,144,H,,S,
ASN00092045,19751110,TAVG,144,H,,S,
ASN00092045,19751111,TAVG,154,H,,S,
ASN00092045,19751112,TAVG,153,H,,S,
ASN00092045,19751113,TAVG,158,H,,S,
ASN00092045,19751114,TAVG,158,H,,S,
ASN00092045,19751115,TAVG,137,H,,S,
ASN00092045,19751116,TAVG,140,H,,S,
ASN00092045,19751117,TAVG,163,H,,S,
ASN00092045,19751118,TAVG,164,H,,S,
ASN00092045,19751119,TAVG,152,H,,S,
ASN00092045,19751120,TAVG,157,H,,S,
ASN00092045,19751121,TAVG,154,H,,S,
ASN00092045,19751122,TAVG,162,H,,S,
ASN00092045,19751123,TAVG,138,H,,S,
ASN00092045,19751124,TAVG,146,H,,S,
ASN00092045,19751125,TAVG,124,H,,S,
ASN00092045,19751126,TAVG,151,H,,S,
ASN00092045,19751127,TAVG,175,H,,S,
ASN00092045,19751128,TAVG,173,H,,S,
ASN00092045,19751129,TAVG,151,H,,S,
ASN00092045,19751130,TAVG,153,H,,S,
ASN00092045,19751201,TMAX,185,,,a,
ASN00092045,19751202,TMAX,184,,,a,
ASN00092045,19751203,TMAX,232,,,a,
ASN00092045,19751204,TMAX,218,,,a,
ASN00092045,19751205,TMAX,175,,,a,
ASN00092045,19751206,TMAX,178,,,a,
ASN00092045,19751207,TMAX,256,,,a,
ASN00092045,19751208,TMAX,202,,,a,
ASN00092045,19751209,TMAX,211,,,a,
ASN00092045,19751210,TMAX,175,,,a,
ASN00092045,19751211,TMAX,235,,,a,
ASN00092045,19751212,TMAX,268,,,a,
ASN00092045,19751213,TMAX,185,,,a,
ASN00092045,19751214,TMAX,160,,,a,
ASN00092045,19751215,TMAX,190,,,a,
ASN00092045,19751216,TMAX,180,,,a,
ASN00092045,19751217,TMAX,191,,,a,
ASN00092045,19751218,TMAX,186,,,a,
ASN00092045,19751219,TMAX,180,,,a,
ASN00092045,19751220,TMAX,196,,,a,
ASN00092045,19751221,TMAX,195,,,a,
ASN00092045,19751222,TMAX,200,,,a,
ASN00092045,19751223,TMAX,206,,,a,
ASN00092045,19751224,TMAX,190,,,a,
ASN00092045,19751225,TMAX,168,,,a,
ASN00092045,19751226,TMAX,177,,,a,
ASN00092045,19751227,TMAX,202,,,a,
ASN00092045,19751228,TMAX,200,,,a,
ASN00092045,19751229,TMAX,195,,,a,
ASN00092045,19751230,TMAX,208,,,a,
ASN00092045,19751231,TMAX,200,,,a,
ASN00092045,19751201,TMIN,90,,,a,
ASN00092045,19751202,TMIN,130,,,a,
ASN00092045,19751203,TMIN,160,,,a,
ASN00092045,19751204,TMIN,100,,,a,
ASN00092045,19751205,TMIN,125,,,a,
ASN00092045,19751206,TMIN,155,,,a,
ASN00092045,19751207,TMIN,137,,,a,
ASN00092045,19751208,TMIN,140,,,a,
ASN00092045,19751209,TMIN,125,,,a,
ASN00092045,19751210,TMIN,105,,,a,
ASN00092045,19751211,TMIN,147,,,a,
ASN00092045,19751212,TMIN,158,,,a,
ASN00092045,19751213,TMIN,139,,,a,
ASN00092045,19751214,TMIN,140,,,a,
ASN00092045,19751215,TMIN,130,,,a,
ASN00092045,19751216,TMIN,125,,,a,
ASN00092045,19751217,TMIN,155,,,a,
ASN00092045,19751218,TMIN,95,,,a,
ASN00092045,19751219,TMIN,122,,,a,
ASN00092045,19751220,TMIN,112,,,a,
ASN00092045,19751221,TMIN,151,,,a,
ASN00092045,19751222,TMIN,137,,,a,
ASN00092045,19751223,TMIN,131,,,a,
ASN00092045,19751224,TMIN,122,,,a,
ASN00092045,19751225,TMIN,108,,,a,
ASN00092045,19751226,TMIN,120,,,a,
ASN00092045,19751227,TMIN,148,,,a,
ASN00092045,19751228,TMIN,165,,,a,
ASN00092045,19751229,TMIN,175,,,a,
ASN00092045,19751230,TMIN,150,,,a,
ASN00092045,19751231,TMIN,138,,,a,
ASN00092045,19751201,PRCP,0,,,a,
ASN00092045,19751202,PRCP,0,,,a,
ASN00092045,19751203,PRCP,20,,,a,
ASN00092045,19751204,PRCP,42,,,a,
ASN00092045,19751205,PRCP,0,,,a,
ASN00092045,19751206,PRCP,2,,,a,
ASN00092045,19751207,PRCP,2,,,a,
ASN00092045,19751208,PRCP,0,,,a,
ASN00092045,19751209,PRCP,0,,,a,
ASN00092045,19751210,PRCP,0,,,a,
ASN00092045,19751211,PRCP,2,,,a,
ASN00092045,19751212,PRCP,0,,,a,
ASN00092045,19751213,PRCP,0,,,a,
ASN00092045,19751214,PRCP,0,,,a,
ASN00092045,19751215,PRCP,176,,,a,
ASN00092045,19751216,PRCP,2,,,a,
ASN00092045,19751217,PRCP,12,,,a,
ASN00092045,19751218,PRCP,38,,,a,
ASN00092045,19751219,PRCP,0,,,a,
ASN00092045,19751220,PRCP,0,,,a,
ASN00092045,19751221,PRCP,0,,,a,
ASN00092045,19751222,PRCP,2,,,a,
ASN00092045,19751223,PRCP,2,,,a,
ASN00092045,19751224,PRCP,12,,,a,
ASN00092045,19751225,PRCP,0,,,a,
ASN00092045,19751226,PRCP,0,,,a,
ASN00092045,19751227,PRCP,0,,,a,
ASN00092045,19751228,PRCP,0,,,a,
ASN00092045,19751229,PRCP,0,,,a,
ASN00092045,19751230,PRCP,59,,,a,
ASN00092045,19751231,PRCP,0,,,a,
ASN00092045,19751201,TAVG,157,H,,S,
ASN00092045,19751202,TAVG,171,H,,S,
ASN00092045,19751203,TAVG,171,H,,S,
ASN00092045,19751204,TAVG,168,H,,S,
ASN00092045,19751205,TAVG,161,H,,S,
ASN00092045,19751206,TAVG,160,H,,S,
ASN00092045,19751207,TAVG,196,H,,S,
ASN00092045,19751208,TAVG,167,H,,S,
ASN00092045,19751209,TAVG,162,H,,S,
ASN00092045,19751210,TAVG,159,H,,S,
ASN00092045,19751211,TAVG,192,H,,S,
ASN00092045,19751212,TAVG,190,H,,S,
ASN00092045,19751213,TAVG,162,H,,S,
ASN00092045,19751214,TAVG,149,H,,S,
ASN00092045,19751215,TAVG,164,H,,S,
ASN00092045,19751216,TAVG,166,H,,S,
ASN00092045,19751217,TAVG,143,H,,S,
ASN00092045,19751218,TAVG,149,H,,S,
ASN00092045,19751219,TAVG,158,H,,S,
ASN00092045,19751220,TAVG,163,H,,S,
ASN00092045,19751221,TAVG,156,H,,S,
ASN00092045,19751222,TAVG,159,H,,S,
ASN00092045,19751223,TAVG,148,H,,S,
ASN00092045,19751224,TAVG,145,H,,S,
ASN00092045,19751225,TAVG,143,H,,S,
ASN00092045,19751226,TAVG,163,H,,S,
ASN00092045,19751227,TAVG,182,H,,S,
ASN00092045,19751228,TAVG,186,H,,S,
ASN00092045,19751229,TAVG,169,H,,S,
ASN00092045,19751230,TAVG,176,H,,S,
ASN00092045,19751231,TAVG,174,H,,S,
ASN00092045,19760101,TMAX,204,,,a,
ASN00092045,19760102,TMAX,205,,,a,
ASN00092045,19760103,TMAX,237,,,a,
ASN00092045,19760104,TMAX,238,,,a,
ASN00092045,19760105,TMAX,197,,,a,
ASN00092045,19760106,TMAX,191,,,a,
ASN00092045,19760107,TMAX,197,,,a,
ASN00092045,19760108,TMAX,188,,,a,
ASN00092045,19760109,TMAX,179,,,a,
ASN00092045,19760110,TMAX,192,,,a,
ASN00092045,19760111,TMAX,200,,,a,
ASN00092045,19760112,TMAX,195,,,a,
ASN00092045,19760113,TMAX,220,,,a,
ASN00092045,19760114,TMAX,205,,,a,
ASN00092045,19760115,TMAX,205,,,a,
ASN00092045,19760116,TMAX,200,,,a,
ASN00092045,19760117,TMAX,204,,,a,
ASN00092045,19760118,TMAX,228,,,a,
ASN00092045,19760119,TMAX,215,,,a,
ASN00092045,19760120,TMAX,241,,,a,
ASN00092045,19760121,TMAX,212,,,a,
ASN00092045,19760122,TMAX,200,,,a,
ASN00092045,19760123,TMAX,190,,,a,
ASN00092045,19760124,TMAX,220,,,a,
ASN00092045,19760125,TMAX,190,,,a,
ASN00092045,19760126,TMAX,200,,,a,
ASN00092045,19760127,TMAX,230,,,a,
ASN00092045,19760128,TMAX,265,,,a,
ASN00092045,19760129,TMAX,198,,,a,
ASN00092045,19760130,TMAX,198,,,a,
ASN00092045,19760131,TMAX,225,,,a,
ASN00092045,19760101,TMIN,130,,,a,
ASN00092045,19760102,TMIN,136,,,a,
ASN00092045,19760103,TMIN,150,,,a,
ASN00092045,19760104,TMIN,172,,,a,
ASN00092045,19760105,TMIN,150,,,a,
ASN00092045,19760106,TMIN,142,,,a,
ASN00092045,19760107,TMIN,157,,,a,
ASN00092045,19760108,TMIN,152,,,a,
ASN00092045,19760109,TMIN,125,,,a,
ASN00092045,19760110,TMIN,115,,,a,
ASN00092045,19760111,TMIN,150,,,a,
ASN00092045,19760112,TMIN,172,,,a,
ASN00092045,19760113,TMIN,175,,,a,
ASN00092045,19760114,TMIN,173,,,a,
ASN00092045,19760115,TMIN,155,,,a,
ASN00092045,19760116,TMIN,115,,,a,
ASN00092045,19760117,TMIN,135,,,a,
ASN00092045,19760118,TMIN,143,,,a,
ASN00092045,19760119,TMIN,180,,,a,
ASN00092045,19760120,TMIN,107,,,a,
ASN00092045,19760121,TMIN,154,,,a,
ASN00092045,19760122,TMIN,165,,,a,
ASN00092045,19760123,TMIN,135,,,a,
ASN00092045,19760124,TMIN,150,,,a,
ASN00092045,19760125,TMIN,104,,,a,
ASN00092045,19760126,TMIN,130,,,a,
ASN00092045,19760127,TMIN,120,,,a,
ASN00092045,19760128,TMIN,122,,,a,
ASN00092045,19760129,TMIN,165,,,a,
ASN00092045,19760130,TMIN,150,,,a,
ASN00092045,19760131,TMIN,160,,,a,
ASN00092045,19760101,PRCP,0,,,a,
ASN00092045,19760102,PRCP,0,,,a,
ASN00092045,19760103,PRCP,0,,,a,
ASN00092045,19760104,PRCP,0,,,a,
ASN00092045,19760105,PRCP,0,,,a,
ASN00092045,19760106,PRCP,0,,,a,
ASN00092045,19760107,PRCP,0,,,a,
ASN00092045,19760108,PRCP,6,,,a,
ASN00092045,19760109,PRCP,68,,,a,
ASN00092045,19760110,PRCP,4,,,a,
ASN00092045,19760111,PRCP,0,,,a,
ASN00092045,19760112,PRCP,0,,,a,
ASN00092045,19760113,PRCP,0,,,a,
ASN00092045,19760114,PRCP,0,,,a,
ASN00092045,19760115,PRCP,14,,,a,
ASN00092045,19760116,PRCP,38,,,a,
ASN00092045,19760117,PRCP,0,,,a,
ASN00092045,19760118,PRCP,0,,,a,
ASN00092045,19760119,PRCP,0,,,a,
ASN00092045,19760120,PRCP,0,,,a,
ASN00092045,19760121,PRCP,0,,,a,
ASN00092045,19760122,PRCP,0,,,a,
ASN00092045,19760123,PRCP,10,,,a,
ASN00092045,19760124,PRCP,20,,,a,
ASN00092045,19760125,PRCP,0,,,a,
ASN00092045,19760126,PRCP,20,,,a,
ASN00092045,19760127,PRCP,0,,,a,
ASN00092045,19760128,PRCP,0,,,a,
ASN00092045,19760129,PRCP,0,,,a,
ASN00092045,19760130,PRCP,0,,,a,
ASN00092045,19760131,PRCP,2,,,a,
ASN00092045,19760101,TAVG,172,H,,S,
ASN00092045,19760102,TAVG,178,H,,S,
ASN00092045,19760103,TAVG,186,H,,S,
ASN00092045,19760104,TAVG,180,H,,S,
ASN00092045,19760105,TAVG,162,H,,S,
ASN00092045,19760106,TAVG,163,H,,S,
ASN00092045,19760107,TAVG,173,H,,S,
ASN00092045,19760108,TAVG,154,H,,S,
ASN00092045,19760109,TAVG,146,H,,S,
ASN00092045,19760110,TAVG,175,H,,S,
ASN00092045,19760111,TAVG,186,H,,S,
ASN00092045,19760112,TAVG,186,H,,S,
ASN00092045,19760113,TAVG,189,H,,S,
ASN00092045,19760114,TAVG,176,H,,S,
ASN00092045,19760115,TAVG,153,H,,S,
ASN00092045,19760116,TAVG,176,H,,S,
ASN00092045,19760117,TAVG,176,H,,S,
ASN00092045,19760118,TAVG,202,H,,S,
ASN00092045,19760119,TAVG,174,H,,S,
ASN00092045,19760120,TAVG,179,H,,S,
ASN00092045,19760121,TAVG,189,H,,S,
ASN00092045,19760122,TAVG,156,H,,S,
ASN00092045,19760123,TAVG,178,H,,S,
ASN00092045,19760124,TAVG,166,H,,S,
ASN00092045,19760125,TAVG,152,H,,S,
ASN00092045,19760126,TAVG,157,H,,S,
ASN00092045,19760127,TAVG,175,H,,S,
ASN00092045,19760128,TAVG,198,H,,S,
ASN00092045,19760129,TAVG,182,H,,S,
ASN00092045,19760130,TAVG,182,H,,S,
ASN00092045,19760131,TAVG,205,H,,S,
ASN00092045,19760201,TMAX,251,,,a,
ASN00092045,19760202,TMAX,202,,,a,
ASN00092045,19760203,TMAX,227,,,a,
ASN00092045,19760204,TMAX,217,,,a,
ASN00092045,19760205,TMAX,185,,,a,
ASN00092045,19760206,TMAX,200,,,a,
ASN00092045,19760207,TMAX,188,,,a,
ASN00092045,19760208,TMAX,205,,,a,
ASN00092045,19760209,TMAX,182,,,a,
ASN00092045,19760210,TMAX,192,,,a,
ASN00092045,19760211,TMAX,184,,,a,
ASN00092045,19760212,TMAX,208,,,a,
ASN00092045,19760213,TMAX,202,,,a,
ASN00092045,19760214,TMAX,263,,,a,
ASN00092045,19760215,TMAX,220,,,a,
ASN00092045,19760216,TMAX,203,,,a,
ASN00092045,19760217,TMAX,204,,,a,
ASN00092045,19760218,TMAX,246,,,a,
ASN00092045,19760219,TMAX,195,,,a,
ASN00092045,19760220,TMAX,206,,,a,
ASN00092045,19760221,TMAX,210,,,a,
ASN00092045,19760222,TMAX,220,,,a,
ASN00092045,19760223,TMAX,230,,,a,
ASN00092045,19760224,TMAX,197,,,a,
ASN00092045,19760225,TMAX,232,,,a,
ASN00092045,19760226,TMAX,217,,,a,
ASN00092045,19760227,TMAX,255,,,a,
ASN00092045,19760228,TMAX,202,,,a,
ASN00092045,19760229,TMAX,217,,,a,
ASN00092045,19760201,TMIN,176,,,a,
ASN00092045,19760202,TMIN,140,,,a,
ASN00092045,19760203,TMIN,125,,,a,
ASN00092045,19760204,TMIN,156,,,a,
ASN00092045,19760205,TMIN,155,,,a,
ASN00092045,19760206,TMIN,148,,,a,
ASN00092045,19760207,TMIN,137,,,a,
ASN00092045,19760208,TMIN,160,,,a,
ASN00092045,19760209,TMIN,153,,,a,
ASN00092045,19760210,TMIN,139,,,a,
ASN00092045,19760211,TMIN,126,,,a,
ASN00092045,19760212,TMIN,138,,,a,
ASN00092045,19760213,TMIN,162,,,a,
ASN00092045,19760214,TMIN,184,,,a,
ASN00092045,19760215,TMIN,172,,,a,
ASN00092045,19760216,TMIN,160,,,a,
ASN00092045,19760217,TMIN,175,,,a,
ASN00092045,19760218,TMIN,167,,,a,
ASN00092045,19760219,TMIN,117,,,a,
ASN00092045,19760220,TMIN,116,,,a,
ASN00092045,19760221,TMIN,150,,,a,
ASN00092045,19760222,TMIN,150,,,a,
ASN00092045,19760223,TMIN,185,,,a,
ASN00092045,19760224,TMIN,188,,,a,
ASN00092045,19760225,TMIN,178,,,a,
ASN00092045,19760226,TMIN,182,,,a,
ASN00092045,19760227,TMIN,194,,,a,
ASN00092045,19760228,TMIN,170,,,a,
ASN00092045,19760229,TMIN,177,,,a,
ASN00092045,19760201,PRCP,2,,,a,
ASN00092045,19760202,PRCP,0,,,a,
ASN00092045,19760203,PRCP,0,,,a,
ASN00092045,19760204,PRCP,0,,,a,
ASN00092045,19760205,PRCP,0,,,a,
ASN00092045,19760206,PRCP,2,,,a,
ASN00092045,19760207,PRCP,0,,,a,
ASN00092045,19760208,PRCP,0,,,a,
ASN00092045,19760209,PRCP,0,,,a,
ASN00092045,19760210,PRCP,0,,,a,
ASN00092045,19760211,PRCP,4,,,a,
ASN00092045,19760212,PRCP,0,,,a,
ASN00092045,19760213,PRCP,0,,,a,
ASN00092045,19760214,PRCP,0,,,a,
ASN00092045,19760215,PRCP,0,,,a,
ASN00092045,19760216,PRCP,0,,,a,
ASN00092045,19760217,PRCP,0,,,a,
ASN00092045,19760218,PRCP,0,,,a,
ASN00092045,19760219,PRCP,6,,,a,
ASN00092045,19760220,PRCP,0,,,a,
ASN00092045,19760221,PRCP,16,,,a,
ASN00092045,19760222,PRCP,2,,,a,
ASN00092045,19760223,PRCP,0,,,a,
ASN00092045,19760224,PRCP,14,,,a,
ASN00092045,19760225,PRCP,246,,,a,
ASN00092045,19760226,PRCP,16,,,a,
ASN00092045,19760227,PRCP,0,,,a,
ASN00092045,19760228,PRCP,0,,,a,
ASN00092045,19760229,PRCP,0,,,a,
ASN00092045,19760201,TAVG,184,H,,S,
ASN00092045,19760202,TAVG,160,H,,S,
ASN00092045,19760203,TAVG,200,H,,S,
ASN00092045,19760204,TAVG,186,H,,S,
ASN00092045,19760205,TAVG,160,H,,S,
ASN00092045,19760206,TAVG,162,H,,S,
ASN00092045,19760207,TAVG,174,H,,S,
ASN00092045,19760208,TAVG,179,H,,S,
ASN00092045,19760209,TAVG,156,H,,S,
ASN00092045,19760210,TAVG,149,H,,S,
ASN00092045,19760211,TAVG,173,H,,S,
ASN00092045,19760212,TAVG,183,H,,S,
ASN00092045,19760213,TAVG,193,H,,S,
ASN00092045,19760214,TAVG,189,H,,S,
ASN00092045,19760215,TAVG,185,H,,S,
ASN00092045,19760216,TAVG,183,H,,S,
ASN00092045,19760217,TAVG,189,H,,S,
ASN00092045,19760218,TAVG,181,H,,S,
ASN00092045,19760219,TAVG,152,H,,S,
ASN00092045,19760220,TAVG,183,H,,S,
ASN00092045,19760221,TAVG,179,H,,S,
ASN00092045,19760222,TAVG,196,H,,S,
ASN00092045,19760223,TAVG,201,H,,S,
ASN00092045,19760224,TAVG,183,H,,S,
ASN00092045,19760225,TAVG,202,H,,S,
ASN00092045,19760226,TAVG,196,H,,S,
ASN00092045,19760227,TAVG,202,H,,S,
ASN00092045,19760228,TAVG,189,H,,S,
ASN00092045,19760229,TAVG,155,H,,S,
ASN00092045,19760301,TMAX,221,,,a,
ASN00092045,19760302,TMAX,198,,,a,
ASN00092045,19760303,TMAX,200,,,a,
ASN00092045,19760304,TMAX,175,,,a,
ASN00092045,19760305,TMAX,172,,,a,
ASN00092045,19760306,TMAX,188,,,a,
ASN00092045,19760307,TMAX,180,,,a,
ASN00092045,19760308,TMAX,195,,,a,
ASN00092045,19760309,TMAX,203,,,a,
ASN00092045,19760310,TMAX,212,,,a,
ASN00092045,19760311,TMAX,182,,,a,
ASN00092045,19760312,TMAX,196,,,a,
ASN00092045,19760313,TMAX,205,,,a,
ASN00092045,19760314,TMAX,212,,,a,
ASN00092045,19760315,TMAX,210,,,a,
ASN00092045,19760316,TMAX,225,,,a,
ASN00092045,19760317,TMAX,210,,,a,
ASN00092045,19760318,TMAX,220,,,a,
ASN00092045,19760319,TMAX,220,,,a,
ASN00092045,19760320,TMAX,225,,,a,
ASN00092045,19760321,TMAX,220,,,a,
ASN00092045,19760322,TMAX,230,,,a,
ASN00092045,19760323,TMAX,170,,,a,
ASN00092045,19760324,TMAX,205,,,a,
ASN00092045,19760325,TMAX,205,,,a,
ASN00092045,19760326,TMAX,186,,,a,
ASN00092045,19760327,TMAX,190,,,a,
ASN00092045,19760328,TMAX,195,,,a,
ASN00092045,19760329,TMAX,200,,,a,
ASN00092045,19760330,TMAX,175,,,a,
ASN00092045,19760331,TMAX,180,,,a,
ASN00092045,19760301,TMIN,113,,,a,
ASN00092045,19760302,TMIN,145,,,a,
ASN00092045,19760303,TMIN,155,,,a,
ASN00092045,19760304,TMIN,147,,,a,
ASN00092045,19760305,TMIN,145,,,a,
ASN00092045,19760306,TMIN,144,,,a,
ASN00092045,19760307,TMIN,120,,,a,
ASN00092045,19760308,TMIN,142,,,a,
ASN00092045,19760309,TMIN,156,,,a,
ASN00092045,19760310,TMIN,170,,,a,
ASN00092045,19760311,TMIN,130,,,a,
ASN00092045,19760312,TMIN,150,,,a,
ASN00092045,19760313,TMIN,172,,,a,
ASN00092045,19760314,TMIN,182,,,a,
ASN00092045,19760315,TMIN,155,,,a,
ASN00092045,19760316,TMIN,177,,,a,
ASN00092045,19760317,TMIN,188,,,a,
ASN00092045,19760318,TMIN,155,,,a,
ASN00092045,19760319,TMIN,160,,,a,
ASN00092045,19760320,TMIN,140,,,a,
ASN00092045,19760321,TMIN,92,,,a,
ASN00092045,19760322,TMIN,135,,,a,
ASN00092045,19760323,TMIN,150,,,a,
ASN00092045,19760324,TMIN,132,,,a,
ASN00092045,19760325,TMIN,160,,,a,
ASN00092045,19760326,TMIN,145,,,a,
ASN00092045,19760327,TMIN,148,,,a,
ASN00092045,19760328,TMIN,165,,,a,
ASN00092045,19760329,TMIN,150,,,a,
ASN00092045,19760330,TMIN,130,,,a,
ASN00092045,19760331,TMIN,110,,,a,
ASN00092045,19760301,PRCP,44,,,a,
ASN00092045,19760302,PRCP,0,,,a,
ASN00092045,19760303,PRCP,0,,,a,
ASN00092045,19760304,PRCP,16,,,a,
ASN00092045,19760305,PRCP,2,,,a,
ASN00092045,19760306,PRCP,50,,,a,
ASN00092045,19760307,PRCP,124,,,a,
ASN00092045,19760308,PRCP,0,,,a,
ASN00092045,19760309,PRCP,0,,,a,
ASN00092045,19760310,PRCP,12,,,a,
ASN00092045,19760311,PRCP,4,,,a,
ASN00092045,19760312,PRCP,0,,,a,
ASN00092045,19760313,PRCP,0,,,a,
ASN00092045,19760314,PRCP,0,,,a,
ASN00092045,19760315,PRCP,0,,,a,
ASN00092045,19760316,PRCP,0,,,a,
ASN00092045,19760317,PRCP,2,,,a,
ASN00092045,19760318,PRCP,224,,,a,
ASN00092045,19760319,PRCP,0,,,a,
ASN00092045,19760320,PRCP,1,,,a,
ASN00092045,19760321,PRCP,12,,,a,
ASN00092045,19760322,PRCP,0,,,a,
ASN00092045,19760323,PRCP,0,,,a,
ASN00092045,19760324,PRCP,12,,,a,
ASN00092045,19760325,PRCP,0,,,a,
ASN00092045,19760326,PRCP,0,,,a,
ASN00092045,19760327,PRCP,0,,,a,
ASN00092045,19760328,PRCP,12,,,a,
ASN00092045,19760329,PRCP,124,,,a,
ASN00092045,19760330,PRCP,36,,,a,
ASN00092045,19760331,PRCP,0,,,a,
ASN00092045,19760301,TAVG,186,H,,S,
ASN00092045,19760302,TAVG,178,H,,S,
ASN00092045,19760303,TAVG,161,H,,S,
ASN00092045,19760304,TAVG,157,H,,S,
ASN00092045,19760305,TAVG,157,H,,S,
ASN00092045,19760306,TAVG,142,H,,S,
ASN00092045,19760307,TAVG,160,H,,S,
ASN00092045,19760308,TAVG,177,H,,S,
ASN00092045,19760309,TAVG,187,H,,S,
ASN00092045,19760310,TAVG,163,H,,S,
ASN00092045,19760311,TAVG,157,H,,S,
ASN00092045,19760312,TAVG,178,H,,S,
ASN00092045,19760313,TAVG,190,H,,S,
ASN00092045,19760314,TAVG,188,H,,S,
ASN00092045,19760315,TAVG,195,H,,S,
ASN00092045,19760316,TAVG,202,H,,S,
ASN00092045,19760317,TAVG,184,H,,S,
ASN00092045,19760318,TAVG,188,H,,S,
ASN00092045,19760319,TAVG,180,H,,S,
ASN00092045,19760321,TAVG,166,H,,S,
ASN00092045,19760322,TAVG,178,H,,S,
ASN00092045,19760323,TAVG,157,H,,S,
ASN00092045,19760324,TAVG,182,H,,S,
ASN00092045,19760325,TAVG,174,H,,S,
ASN00092045,19760326,TAVG,172,H,,S,
ASN00092045,19760327,TAVG,178,H,,S,
ASN00092045,19760328,TAVG,175,H,,S,
ASN00092045,19760329,TAVG,154,H,,S,
ASN00092045,19760330,TAVG,140,H,,S,
ASN00092045,19760331,TAVG,165,H,,S,
ASN00092045,19760401,TMAX,215,,,a,
ASN00092045,19760402,TMAX,210,,,a,
ASN00092045,19760403,TMAX,180,,,a,
ASN00092045,19760404,TMAX,195,,,a,
ASN00092045,19760405,TMAX,170,,,a,
ASN00092045,19760406,TMAX,188,,,a,
ASN00092045,19760407,TMAX,190,,,a,
ASN00092045,19760408,TMAX,155,,,a,
ASN00092045,19760409,TMAX,170,,,a,
ASN00092045,19760410,TMAX,175,,,a,
ASN00092045,19760411,TMAX,190,,,a,
ASN00092045,19760412,TMAX,195,,,a,
ASN00092045,19760413,TMAX,205,,,a,
ASN00092045,19760414,TMAX,200,,,a,
ASN00092045,19760415,TMAX,205,,,a,
ASN00092045,19760416,TMAX,195,,,a,
ASN00092045,19760417,TMAX,200,,,a,
ASN00092045,19760418,TMAX,180,,,a,
ASN00092045,19760419,TMAX,165,,,a,
ASN00092045,19760420,TMAX,175,,,a,
ASN00092045,19760421,TMAX,152,,,a,
ASN00092045,19760422,TMAX,160,,,a,
ASN00092045,19760423,TMAX,198,,,a,
ASN00092045,19760424,TMAX,180,,,a,
ASN00092045,19760425,TMAX,195,,,a,
ASN00092045,19760426,TMAX,175,,,a,
ASN00092045,19760427,TMAX,159,,,a,
ASN00092045,19760428,TMAX,156,,,a,
ASN00092045,19760429,TMAX,130,,,a,
ASN00092045,19760430,TMAX,157,,,a,
ASN00092045,19760401,TMIN,130,,,a,
ASN00092045,19760402,TMIN,155,,,a,
ASN00092045,19760403,TMIN,165,,,a,
ASN00092045,19760404,TMIN,170,,,a,
ASN00092045,19760405,TMIN,125,,,a,
ASN00092045,19760406,TMIN,80,,,a,
ASN00092045,19760407,TMIN,108,,,a,
ASN00092045,19760408,TMIN,130,,,a,
ASN00092045,19760409,TMIN,120,,,a,
ASN00092045,19760410,TMIN,90,,,a,
ASN00092045,19760411,TMIN,135,,,a,
ASN00092045,19760412,TMIN,165,,,a,
ASN00092045,19760413,TMIN,180,,,a,
ASN00092045,19760414,TMIN,175,,,a,
ASN00092045,19760415,TMIN,145,,,a,
ASN00092045,19760416,TMIN,155,,,a,
ASN00092045,19760417,TMIN,175,,,a,
ASN00092045,19760418,TMIN,145,,,a,
ASN00092045,19760419,TMIN,70,,,a,
ASN00092045,19760420,TMIN,80,,,a,
ASN00092045,19760421,TMIN,125,,,a,
ASN00092045,19760422,TMIN,52,,,a,
ASN00092045,19760423,TMIN,110,,,a,
ASN00092045,19760424,TMIN,105,,,a,
ASN00092045,19760425,TMIN,155,,,a,
ASN00092045,19760426,TMIN,130,,,a,
ASN00092045,19760427,TMIN,95,,,a,
ASN00092045,19760428,TMIN,65,,,a,
ASN00092045,19760429,TMIN,33,,,a,
ASN00092045,19760430,TMIN,65,,,a,
ASN00092045,19760401,PRCP,0,,,a,
ASN00092045,19760402,PRCP,2,,,a,
ASN00092045,19760403,PRCP,0,,,a,
ASN00092045,19760404,PRCP,258,,,a,
ASN00092045,19760405,PRCP,2,,,a,
ASN00092045,19760406,PRCP,12,,,a,
ASN00092045,19760407,PRCP,0,,,a,
ASN00092045,19760408,PRCP,0,,,a,
ASN00092045,19760409,PRCP,0,,,a,
ASN00092045,19760410,PRCP,0,,,a,
ASN00092045,19760411,PRCP,0,,,a,
ASN00092045,19760412,PRCP,0,,,a,
ASN00092045,19760413,PRCP,0,,,a,
ASN00092045,19760414,PRCP,0,,,a,
ASN00092045,19760415,PRCP,2,,,a,
ASN00092045,19760416,PRCP,0,,,a,
ASN00092045,19760417,PRCP,0,,,a,
ASN00092045,19760418,PRCP,8,,,a,
ASN00092045,19760419,PRCP,0,,,a,
ASN00092045,19760420,PRCP,0,,,a,
ASN00092045,19760421,PRCP,6,,,a,
ASN00092045,19760422,PRCP,0,,,a,
ASN00092045,19760423,PRCP,0,,,a,
ASN00092045,19760424,PRCP,0,,,a,
ASN00092045,19760425,PRCP,10,,,a,
ASN00092045,19760426,PRCP,10,,,a,
ASN00092045,19760427,PRCP,0,,,a,
ASN00092045,19760428,PRCP,0,,,a,
ASN00092045,19760429,PRCP,37,,,a,
ASN00092045,19760430,PRCP,0,,,a,
ASN00092045,19760401,TAVG,176,H,,S,
ASN00092045,19760402,TAVG,175,H,,S,
ASN00092045,19760403,TAVG,173,H,,S,
ASN00092045,19760405,TAVG,128,H,,S,
ASN00092045,19760406,TAVG,155,H,,S,
ASN00092045,19760407,TAVG,162,H,,S,
ASN00092045,19760408,TAVG,138,H,,S,
ASN00092045,19760409,TAVG,128,H,,S,
ASN00092045,19760410,TAVG,146,H,,S,
ASN00092045,19760411,TAVG,180,H,,S,
ASN00092045,19760412,TAVG,185,H,,S,
ASN00092045,19760413,TAVG,188,H,,S,
ASN00092045,19760414,TAVG,175,H,,S,
ASN00092045,19760415,TAVG,175,H,,S,
ASN00092045,19760416,TAVG,192,H,,S,
ASN00092045,19760418,TAVG,132,H,,S,
ASN00092045,19760419,TAVG,122,H,,S,
ASN00092045,19760420,TAVG,148,H,,S,
ASN00092045,19760421,TAVG,114,H,,S,
ASN00092045,19760422,TAVG,132,H,,S,
ASN00092045,19760423,TAVG,149,H,,S,
ASN00092045,19760424,TAVG,167,H,,S,
ASN00092045,19760425,TAVG,163,H,,S,
ASN00092045,19760426,TAVG,133,H,,S,
ASN00092045,19760427,TAVG,114,H,,S,
ASN00092045,19760428,TAVG,76,H,,S,
ASN00092045,19760429,TAVG,101,H,,S,
ASN00092045,19760430,TAVG,130,H,,S,
ASN00092045,19760501,TMAX,178,,,a,
ASN00092045,19760502,TMAX,166,,,a,
ASN00092045,19760503,TMAX,185,,,a,
ASN00092045,19760504,TMAX,170,,,a,
ASN00092045,19760505,TMAX,168,,,a,
ASN00092045,19760506,TMAX,192,,,a,
ASN00092045,19760507,TMAX,164,,,a,
ASN00092045,19760508,TMAX,140,,,a,
ASN00092045,19760509,TMAX,145,,,a,
ASN00092045,19760510,TMAX,142,,,a,
ASN00092045,19760511,TMAX,152,,,a,
ASN00092045,19760512,TMAX,137,,,a,
ASN00092045,19760513,TMAX,145,,,a,
ASN00092045,19760514,TMAX,157,,,a,
ASN00092045,19760515,TMAX,160,,,a,
ASN00092045,19760516,TMAX,165,,,a,
ASN00092045,19760517,TMAX,140,,,a,
ASN00092045,19760518,TMAX,157,,,a,
ASN00092045,19760519,TMAX,150,,,a,
ASN00092045,19760520,TMAX,142,,,a,
ASN00092045,19760521,TMAX,160,,,a,
ASN00092045,19760522,TMAX,150,,,a,
ASN00092045,19760523,TMAX,152,,,a,
ASN00092045,19760524,TMAX,147,,,a,
ASN00092045,19760525,TMAX,159,,,a,
ASN00092045,19760526,TMAX,140,,,a,
ASN00092045,19760527,TMAX,145,,,a,
ASN00092045,19760528,TMAX,151,,,a,
ASN00092045,19760529,TMAX,151,,,a,
ASN00092045,19760530,TMAX,162,,,a,
ASN00092045,19760531,TMAX,171,,,a,
ASN00092045,19760501,TMIN,84,,,a,
ASN00092045,19760502,TMIN,100,,,a,
ASN00092045,19760503,TMIN,110,,,a,
ASN00092045,19760504,TMIN,110,,,a,
ASN00092045,19760505,TMIN,100,,,a,
ASN00092045,19760506,TMIN,90,,,a,
ASN00092045,19760507,TMIN,85,,,a,
ASN00092045,19760508,TMIN,62,,,a,
ASN00092045,19760509,TMIN,65,,,a,
ASN00092045,19760510,TMIN,89,,,a,
ASN00092045,19760511,TMIN,62,,,a,
ASN00092045,19760512,TMIN,80,,,a,
ASN00092045,19760513,TMIN,65,,,a,
ASN00092045,19760514,TMIN,89,,,a,
ASN00092045,19760515,TMIN,90,,,a,
ASN00092045,19760516,TMIN,100,,,a,
ASN00092045,19760517,TMIN,90,,,a,
ASN00092045,19760518,TMIN,100,,,a,
ASN00092045,19760519,TMIN,52,,,a,
ASN00092045,19760520,TMIN,82,,,a,
ASN00092045,19760521,TMIN,95,,,a,
ASN00092045,19760522,TMIN,128,,,a,
ASN00092045,19760523,TMIN,108,,,a,
ASN00092045,19760524,TMIN,75,,,a,
ASN00092045,19760525,TMIN,105,,,a,
ASN00092045,19760526,TMIN,72,,,a,
ASN00092045,19760527,TMIN,92,,,a,
ASN00092045,19760528,TMIN,120,,,a,
ASN00092045,19760529,TMIN,133,,,a,
ASN00092045,19760530,TMIN,136,,,a,
ASN00092045,19760531,TMIN,135,,,a,
ASN00092045,19760501,PRCP,0,,,a,
ASN00092045,19760502,PRCP,0,,,a,
ASN00092045,19760503,PRCP,0,,,a,
ASN00092045,19760504,PRCP,12,,,a,
ASN00092045,19760505,PRCP,2,,,a,
ASN00092045,19760506,PRCP,0,,,a,
ASN00092045,19760507,PRCP,6,,,a,
ASN00092045,19760508,PRCP,0,,,a,
ASN00092045,19760509,PRCP,0,,,a,
ASN00092045,19760510,PRCP,0,,,a,
ASN00092045,19760511,PRCP,0,,,a,
ASN00092045,19760512,PRCP,8,,,a,
ASN00092045,19760513,PRCP,0,,,a,
ASN00092045,19760514,PRCP,0,,,a,
ASN00092045,19760515,PRCP,2,,,a,
ASN00092045,19760516,PRCP,2,,,a,
ASN00092045,19760517,PRCP,100,,,a,
ASN00092045,19760518,PRCP,26,,,a,
ASN00092045,19760519,PRCP,0,,,a,
ASN00092045,19760520,PRCP,0,,,a,
ASN00092045,19760521,PRCP,4,,,a,
ASN00092045,19760522,PRCP,18,,,a,
ASN00092045,19760523,PRCP,58,,,a,
ASN00092045,19760524,PRCP,62,,,a,
ASN00092045,19760525,PRCP,30,,,a,
ASN00092045,19760526,PRCP,8,,,a,
ASN00092045,19760527,PRCP,0,,,a,
ASN00092045,19760528,PRCP,72,,,a,
ASN00092045,19760529,PRCP,45,,,a,
ASN00092045,19760530,PRCP,4,,,a,
ASN00092045,19760531,PRCP,0,,,a,
ASN00092045,19760501,TAVG,143,H,,S,
ASN00092045,19760502,TAVG,146,H,,S,
ASN00092045,19760503,TAVG,150,H,,S,
ASN00092045,19760504,TAVG,138,H,,S,
ASN00092045,19760505,TAVG,122,H,,S,
ASN00092045,19760506,TAVG,132,H,,S,
ASN00092045,19760507,TAVG,122,H,,S,
ASN00092045,19760508,TAVG,100,H,,S,
ASN00092045,19760509,TAVG,120,H,,S,
ASN00092045,19760510,TAVG,108,H,,S,
ASN00092045,19760511,TAVG,108,H,,S,
ASN00092045,19760512,TAVG,98,H,,S,
ASN00092045,19760513,TAVG,115,H,,S,
ASN00092045,19760514,TAVG,123,H,,S,
ASN00092045,19760515,TAVG,136,H,,S,
ASN00092045,19760516,TAVG,127,H,,S,
ASN00092045,19760517,TAVG,118,H,,S,
ASN00092045,19760518,TAVG,104,H,,S,
ASN00092045,19760519,TAVG,103,H,,S,
ASN00092045,19760520,TAVG,122,H,,S,
ASN00092045,19760521,TAVG,147,H,,S,
ASN00092045,19760522,TAVG,130,H,,S,
ASN00092045,19760523,TAVG,108,H,,S,
ASN00092045,19760524,TAVG,126,H,,S,
ASN00092045,19760525,TAVG,120,H,,S,
ASN00092045,19760526,TAVG,123,H,,S,
ASN00092045,19760527,TAVG,138,H,,S,
ASN00092045,19760528,TAVG,140,H,,S,
ASN00092045,19760529,TAVG,143,H,,S,
ASN00092045,19760530,TAVG,147,H,,S,
ASN00092045,19760531,TAVG,163,H,,S,
ASN00092045,19760601,TMAX,172,,,a,
ASN00092045,19760602,TMAX,118,,,a,
ASN00092045,19760603,TMAX,142,,,a,
ASN00092045,19760604,TMAX,150,,,a,
ASN00092045,19760605,TMAX,138,,,a,
ASN00092045,19760606,TMAX,139,,,a,
ASN00092045,19760607,TMAX,130,,,a,
ASN00092045,19760608,TMAX,135,,,a,
ASN00092045,19760609,TMAX,150,,,a,
ASN00092045,19760610,TMAX,150,,,a,
ASN00092045,19760611,TMAX,165,,,a,
ASN00092045,19760612,TMAX,148,,,a,
ASN00092045,19760613,TMAX,140,,,a,
ASN00092045,19760614,TMAX,116,,,a,
ASN00092045,19760615,TMAX,132,,,a,
ASN00092045,19760616,TMAX,116,,,a,
ASN00092045,19760617,TMAX,125,,,a,
ASN00092045,19760618,TMAX,140,,,a,
ASN00092045,19760619,TMAX,137,,,a,
ASN00092045,19760620,TMAX,116,,,a,
ASN00092045,19760621,TMAX,122,,,a,
ASN00092045,19760622,TMAX,124,,,a,
ASN00092045,19760623,TMAX,138,,,a,
ASN00092045,19760624,TMAX,143,,,a,
ASN00092045,19760625,TMAX,142,,,a,
ASN00092045,19760626,TMAX,141,,,a,
ASN00092045,19760627,TMAX,145,,,a,
ASN00092045,19760628,TMAX,110,,,a,
ASN00092045,19760629,TMAX,120,,,a,
ASN00092045,19760630,TMAX,115,,,a,
ASN00092045,19760601,TMIN,140,,,a,
ASN00092045,19760602,TMIN,58,,,a,
ASN00092045,19760603,TMIN,40,,,a,
ASN00092045,19760604,TMIN,45,,,a,
ASN00092045,19760605,TMIN,100,,,a,
ASN00092045,19760606,TMIN,106,,,a,
ASN00092045,19760607,TMIN,61,,,a,
ASN00092045,19760608,TMIN,50,,,a,
ASN00092045,19760609,TMIN,68,,,a,
ASN00092045,19760610,TMIN,46,,,a,
ASN00092045,19760611,TMIN,77,,,a,
ASN00092045,19760612,TMIN,82,,,a,
ASN00092045,19760613,TMIN,100,,,a,
ASN00092045,19760614,TMIN,90,,,a,
ASN00092045,19760615,TMIN,60,,,a,
ASN00092045,19760616,TMIN,70,,,a,
ASN00092045,19760617,TMIN,102,,,a,
ASN00092045,19760618,TMIN,58,,,a,
ASN00092045,19760619,TMIN,50,,,a,
ASN00092045,19760620,TMIN,92,,,a,
ASN00092045,19760621,TMIN,91,,,a,
ASN00092045,19760622,TMIN,90,,,a,
ASN00092045,19760623,TMIN,100,,,a,
ASN00092045,19760624,TMIN,107,,,a,
ASN00092045,19760625,TMIN,110,,,a,
ASN00092045,19760626,TMIN,110,,,a,
ASN00092045,19760627,TMIN,87,,,a,
ASN00092045,19760628,TMIN,93,,,a,
ASN00092045,19760629,TMIN,89,,,a,
ASN00092045,19760630,TMIN,73,,,a,
ASN00092045,19760601,PRCP,0,,,a,
ASN00092045,19760602,PRCP,86,,,a,
ASN00092045,19760603,PRCP,0,,,a,
ASN00092045,19760604,PRCP,10,,,a,
ASN00092045,19760605,PRCP,0,,,a,
ASN00092045,19760606,PRCP,38,,,a,
ASN00092045,19760607,PRCP,222,,,a,
ASN00092045,19760608,PRCP,0,,,a,
ASN00092045,19760609,PRCP,24,,,a,
ASN00092045,19760610,PRCP,0,,,a,
ASN00092045,19760611,PRCP,0,,,a,
ASN00092045,19760612,PRCP,0,,,a,
ASN00092045,19760613,PRCP,6,,,a,
ASN00092045,19760614,PRCP,32,,,a,
ASN00092045,19760615,PRCP,0,,,a,
ASN00092045,19760616,PRCP,14,,,a,
ASN00092045,19760617,PRCP,12,,,a,
ASN00092045,19760618,PRCP,10,,,a,
ASN00092045,19760619,PRCP,2,,,a,
ASN00092045,19760620,PRCP,20,,,a,
ASN00092045,19760621,PRCP,36,,,a,
ASN00092045,19760622,PRCP,8,,,a,
ASN00092045,19760623,PRCP,8,,,a,
ASN00092045,19760624,PRCP,78,,,a,
ASN00092045,19760625,PRCP,80,,,a,
ASN00092045,19760626,PRCP,100,,,a,
ASN00092045,19760627,PRCP,60,,,a,
ASN00092045,19760628,PRCP,172,,,a,
ASN00092045,19760629,PRCP,22,,,a,
ASN00092045,19760630,PRCP,0,,,a,
ASN00092045,19760601,TAVG,93,H,,S,
ASN00092045,19760602,TAVG,80,H,,S,
ASN00092045,19760603,TAVG,102,H,,S,
ASN00092045,19760604,TAVG,130,H,,S,
ASN00092045,19760605,TAVG,123,H,,S,
ASN00092045,19760606,TAVG,93,H,,S,
ASN00092045,19760607,TAVG,88,H,,S,
ASN00092045,19760608,TAVG,113,H,,S,
ASN00092045,19760609,TAVG,95,H,,S,
ASN00092045,19760610,TAVG,113,H,,S,
ASN00092045,19760611,TAVG,120,H,,S,
ASN00092045,19760612,TAVG,118,H,,S,
ASN00092045,19760613,TAVG,110,H,,S,
ASN00092045,19760614,TAVG,90,H,,S,
ASN00092045,19760615,TAVG,102,H,,S,
ASN00092045,19760616,TAVG,107,H,,S,
ASN00092045,19760617,TAVG,99,H,,S,
ASN00092045,19760618,TAVG,93,H,,S,
ASN00092045,19760619,TAVG,115,H,,S,
ASN00092045,19760620,TAVG,103,H,,S,
ASN00092045,19760621,TAVG,112,H,,S,
ASN00092045,19760622,TAVG,112,H,,S,
ASN00092045,19760623,TAVG,125,H,,S,
ASN00092045,19760624,TAVG,130,H,,S,
ASN00092045,19760625,TAVG,127,H,,S,
ASN00092045,19760626,TAVG,112,H,,S,
ASN00092045,19760627,TAVG,115,H,,S,
ASN00092045,19760628,TAVG,102,H,,S,
ASN00092045,19760629,TAVG,97,H,,S,
ASN00092045,19760630,TAVG,90,H,,S,
ASN00092045,19760701,TMAX,110,,,a,
ASN00092045,19760702,TMAX,114,,,a,
ASN00092045,19760703,TMAX,133,,,a,
ASN00092045,19760704,TMAX,125,,,a,
ASN00092045,19760705,TMAX,123,,,a,
ASN00092045,19760706,TMAX,128,,,a,
ASN00092045,19760707,TMAX,130,,,a,
ASN00092045,19760708,TMAX,156,,,a,
ASN00092045,19760709,TMAX,162,,,a,
ASN00092045,19760710,TMAX,143,,,a,
ASN00092045,19760711,TMAX,150,,,a,
ASN00092045,19760712,TMAX,137,,,a,
ASN00092045,19760713,TMAX,121,,,a,
ASN00092045,19760714,TMAX,115,,,a,
ASN00092045,19760715,TMAX,125,,,a,
ASN00092045,19760716,TMAX,110,,,a,
ASN00092045,19760717,TMAX,143,,,a,
ASN00092045,19760718,TMAX,165,,,a,
ASN00092045,19760719,TMAX,137,,,a,
ASN00092045,19760720,TMAX,105,,,a,
ASN00092045,19760721,TMAX,125,,,a,
ASN00092045,19760722,TMAX,121,,,a,
ASN00092045,19760723,TMAX,112,,,a,
ASN00092045,19760724,TMAX,141,,,a,
ASN00092045,19760725,TMAX,160,,,a,
ASN00092045,19760726,TMAX,110,,,a,
ASN00092045,19760727,TMAX,138,,,a,
ASN00092045,19760728,TMAX,120,,,a,
ASN00092045,19760729,TMAX,122,,,a,
ASN00092045,19760730,TMAX,136,,,a,
ASN00092045,19760731,TMAX,137,,,a,
ASN00092045,19760701,TMIN,67,,,a,
ASN00092045,19760702,TMIN,39,,,a,
ASN00092045,19760703,TMIN,67,,,a,
ASN00092045,19760704,TMIN,63,,,a,
ASN00092045,19760705,TMIN,70,,,a,
ASN00092045,19760706,TMIN,45,,,a,
ASN00092045,19760707,TMIN,53,,,a,
ASN00092045,19760708,TMIN,69,,,a,
ASN00092045,19760709,TMIN,103,,,a,
ASN00092045,19760710,TMIN,117,,,a,
ASN00092045,19760711,TMIN,80,,,a,
ASN00092045,19760712,TMIN,76,,,a,
ASN00092045,19760713,TMIN,66,,,a,
ASN00092045,19760714,TMIN,78,,,a,
ASN00092045,19760715,TMIN,20,,,a,
ASN00092045,19760716,TMIN,40,,,a,
ASN00092045,19760717,TMIN,70,,,a,
ASN00092045,19760718,TMIN,84,,,a,
ASN00092045,19760719,TMIN,45,,,a,
ASN00092045,19760720,TMIN,85,,,a,
ASN00092045,19760721,TMIN,30,,,a,
ASN00092045,19760722,TMIN,50,,,a,
ASN00092045,19760723,TMIN,60,,,a,
ASN00092045,19760724,TMIN,79,,,a,
ASN00092045,19760725,TMIN,106,,,a,
ASN00092045,19760726,TMIN,40,,,a,
ASN00092045,19760727,TMIN,62,,,a,
ASN00092045,19760728,TMIN,25,,,a,
ASN00092045,19760729,TMIN,58,,,a,
ASN00092045,19760730,TMIN,65,,,a,
ASN00092045,19760731,TMIN,65,,,a,
ASN00092045,19760701,PRCP,0,,,a,
ASN00092045,19760702,PRCP,0,,,a,
ASN00092045,19760703,PRCP,0,,,a,
ASN00092045,19760704,PRCP,2,,,a,
ASN00092045,19760705,PRCP,0,,,a,
ASN00092045,19760706,PRCP,2,,,a,
ASN00092045,19760707,PRCP,0,,,a,
ASN00092045,19760708,PRCP,0,,,a,
ASN00092045,19760709,PRCP,0,,,a,
ASN00092045,19760710,PRCP,60,,,a,
ASN00092045,19760711,PRCP,6,,,a,
ASN00092045,19760712,PRCP,2,,,a,
ASN00092045,19760713,PRCP,2,,,a,
ASN00092045,19760714,PRCP,0,,,a,
ASN00092045,19760715,PRCP,0,,,a,
ASN00092045,19760716,PRCP,0,,,a,
ASN00092045,19760717,PRCP,0,,,a,
ASN00092045,19760718,PRCP,0,,,a,
ASN00092045,19760719,PRCP,2,,,a,
ASN00092045,19760720,PRCP,22,,,a,
ASN00092045,19760721,PRCP,60,,,a,
ASN00092045,19760722,PRCP,2,,,a,
ASN00092045,19760723,PRCP,0,,,a,
ASN00092045,19760724,PRCP,5,,,a,
ASN00092045,19760725,PRCP,0,,,a,
ASN00092045,19760726,PRCP,2,,,a,
ASN00092045,19760727,PRCP,0,,,a,
ASN00092045,19760728,PRCP,0,,,a,
ASN00092045,19760729,PRCP,12,,,a,
ASN00092045,19760730,PRCP,78,,,a,
ASN00092045,19760731,PRCP,8,,,a,
ASN00092045,19760701,TAVG,61,H,,S,
ASN00092045,19760702,TAVG,101,H,,S,
ASN00092045,19760703,TAVG,97,H,,S,
ASN00092045,19760704,TAVG,92,H,,S,
ASN00092045,19760705,TAVG,100,H,,S,
ASN00092045,19760706,TAVG,88,H,,S,
ASN00092045,19760707,TAVG,102,H,,S,
ASN00092045,19760708,TAVG,132,H,,S,
ASN00092045,19760709,TAVG,135,H,,S,
ASN00092045,19760710,TAVG,107,H,,S,
ASN00092045,19760711,TAVG,112,H,,S,
ASN00092045,19760712,TAVG,95,H,,S,
ASN00092045,19760713,TAVG,98,H,,S,
ASN00092045,19760714,TAVG,63,H,,S,
ASN00092045,19760715,TAVG,78,H,,S,
ASN00092045,19760716,TAVG,92,H,,S,
ASN00092045,19760717,TAVG,106,H,,S,
ASN00092045,19760718,TAVG,92,H,,S,
ASN00092045,19760719,TAVG,113,H,,S,
ASN00092045,19760720,TAVG,67,H,,S,
ASN00092045,19760721,TAVG,86,H,,S,
ASN00092045,19760722,TAVG,92,H,,S,
ASN00092045,19760723,TAVG,100,H,,S,
ASN00092045,19760724,TAVG,133,H,,S,
ASN00092045,19760725,TAVG,108,H,,S,
ASN00092045,19760726,TAVG,83,H,,S,
ASN00092045,19760727,TAVG,62,H,,S,
ASN00092045,19760728,TAVG,106,H,,S,
ASN00092045,19760729,TAVG,90,H,,S,
ASN00092045,19760730,TAVG,106,H,,S,
ASN00092045,19760731,TAVG,107,H,,S,
ASN00092045,19760801,TMAX,124,,,a,
ASN00092045,19760802,TMAX,112,,,a,
ASN00092045,19760803,TMAX,120,,,a,
ASN00092045,19760804,TMAX,114,,,a,
ASN00092045,19760805,TMAX,127,,,a,
ASN00092045,19760806,TMAX,92,,,a,
ASN00092045,19760807,TMAX,125,,,a,
ASN00092045,19760808,TMAX,130,,,a,
ASN00092045,19760809,TMAX,135,,,a,
ASN00092045,19760810,TMAX,120,,,a,
ASN00092045,19760811,TMAX,125,,,a,
ASN00092045,19760812,TMAX,118,,,a,
ASN00092045,19760813,TMAX,106,,,a,
ASN00092045,19760814,TMAX,111,,,a,
ASN00092045,19760815,TMAX,124,,,a,
ASN00092045,19760816,TMAX,120,,,a,
ASN00092045,19760817,TMAX,148,,,a,
ASN00092045,19760818,TMAX,155,,,a,
ASN00092045,19760819,TMAX,145,,,a,
ASN00092045,19760820,TMAX,151,,,a,
ASN00092045,19760821,TMAX,171,,,a,
ASN00092045,19760822,TMAX,118,,,a,
ASN00092045,19760823,TMAX,115,,,a,
ASN00092045,19760824,TMAX,100,,,a,
ASN00092045,19760825,TMAX,112,,,a,
ASN00092045,19760826,TMAX,122,,,a,
ASN00092045,19760827,TMAX,128,,,a,
ASN00092045,19760828,TMAX,130,,,a,
ASN00092045,19760829,TMAX,138,,,a,
ASN00092045,19760830,TMAX,130,,,a,
ASN00092045,19760831,TMAX,138,,,a,
ASN00092045,19760801,TMIN,75,,,a,
ASN00092045,19760802,TMIN,44,,,a,
ASN00092045,19760803,TMIN,55,,,a,
ASN00092045,19760804,TMIN,31,,,a,
ASN00092045,19760805,TMIN,51,,,a,
ASN00092045,19760806,TMIN,42,,,a,
ASN00092045,19760807,TMIN,32,,,a,
ASN00092045,19760808,TMIN,80,,,a,
ASN00092045,19760809,TMIN,80,,,a,
ASN00092045,19760810,TMIN,85,,,a,
ASN00092045,19760811,TMIN,82,,,a,
ASN00092045,19760812,TMIN,32,,,a,
ASN00092045,19760813,TMIN,45,,,a,
ASN00092045,19760814,TMIN,40,,,a,
ASN00092045,19760815,TMIN,32,,,a,
ASN00092045,19760816,TMIN,78,,,a,
ASN00092045,19760817,TMIN,98,,,a,
ASN00092045,19760818,TMIN,35,,,a,
ASN00092045,19760819,TMIN,96,,,a,
ASN00092045,19760820,TMIN,100,,,a,
ASN00092045,19760821,TMIN,106,,,a,
ASN00092045,19760822,TMIN,95,,,a,
ASN00092045,19760823,TMIN,100,,,a,
ASN00092045,19760824,TMIN,80,,,a,
ASN00092045,19760825,TMIN,30,,,a,
ASN00092045,19760826,TMIN,40,,,a,
ASN00092045,19760827,TMIN,52,,,a,
ASN00092045,19760828,TMIN,55,,,a,
ASN00092045,19760829,TMIN,85,,,a,
ASN00092045,19760830,TMIN,100,,,a,
ASN00092045,19760831,TMIN,100,,,a,
ASN00092045,19760801,PRCP,198,,,a,
ASN00092045,19760802,PRCP,10,,,a,
ASN00092045,19760803,PRCP,114,,,a,
ASN00092045,19760804,PRCP,0,,,a,
ASN00092045,19760805,PRCP,40,,,a,
ASN00092045,19760806,PRCP,76,,,a,
ASN00092045,19760807,PRCP,136,,,a,
ASN00092045,19760808,PRCP,6,,,a,
ASN00092045,19760809,PRCP,8,,,a,
ASN00092045,19760810,PRCP,22,,,a,
ASN00092045,19760811,PRCP,0,,,a,
ASN00092045,19760812,PRCP,0,,,a,
ASN00092045,19760813,PRCP,56,,,a,
ASN00092045,19760814,PRCP,0,,,a,
ASN00092045,19760815,PRCP,0,,,a,
ASN00092045,19760816,PRCP,2,,,a,
ASN00092045,19760817,PRCP,10,,,a,
ASN00092045,19760818,PRCP,2,,,a,
ASN00092045,19760819,PRCP,0,,,a,
ASN00092045,19760820,PRCP,0,,,a,
ASN00092045,19760821,PRCP,0,,,a,
ASN00092045,19760822,PRCP,10,,,a,
ASN00092045,19760823,PRCP,6,,,a,
ASN00092045,19760824,PRCP,618,,,a,
ASN00092045,19760825,PRCP,0,,,a,
ASN00092045,19760826,PRCP,0,,,a,
ASN00092045,19760827,PRCP,0,,,a,
ASN00092045,19760828,PRCP,12,,,a,
ASN00092045,19760829,PRCP,6,,,a,
ASN00092045,19760830,PRCP,0,,,a,
ASN00092045,19760831,PRCP,14,,,a,
ASN00092045,19760801,TAVG,83,H,,S,
ASN00092045,19760802,TAVG,88,H,,S,
ASN00092045,19760803,TAVG,72,H,,S,
ASN00092045,19760804,TAVG,78,H,,S,
ASN00092045,19760805,TAVG,98,H,,S,
ASN00092045,19760806,TAVG,76,H,,S,
ASN00092045,19760807,TAVG,113,H,,S,
ASN00092045,19760808,TAVG,105,H,,S,
ASN00092045,19760809,TAVG,107,H,,S,
ASN00092045,19760810,TAVG,100,H,,S,
ASN00092045,19760811,TAVG,93,H,,S,
ASN00092045,19760812,TAVG,82,H,,S,
ASN00092045,19760813,TAVG,82,H,,S,
ASN00092045,19760814,TAVG,70,H,,S,
ASN00092045,19760815,TAVG,110,H,,S,
ASN00092045,19760816,TAVG,104,H,,S,
ASN00092045,19760817,TAVG,90,H,,S,
ASN00092045,19760818,TAVG,126,H,,S,
ASN00092045,19760819,TAVG,120,H,,S,
ASN00092045,19760820,TAVG,120,H,,S,
ASN00092045,19760821,TAVG,123,H,,S,
ASN00092045,19760822,TAVG,110,H,,S,
ASN00092045,19760823,TAVG,100,H,,S,
ASN00092045,19760824,TAVG,80,H,,S,
ASN00092045,19760825,TAVG,78,H,,S,
ASN00092045,19760826,TAVG,87,H,,S,
ASN00092045,19760827,TAVG,92,H,,S,
ASN00092045,19760828,TAVG,108,H,,S,
ASN00092045,19760829,TAVG,104,H,,S,
ASN00092045,19760830,TAVG,116,H,,S,
ASN00092045,19760901,TMAX,138,,,a,
ASN00092045,19760902,TMAX,138,,,a,
ASN00092045,19760903,TMAX,155,,,a,
ASN00092045,19760904,TMAX,140,,,a,
ASN00092045,19760905,TMAX,130,,,a,
ASN00092045,19760906,TMAX,151,,,a,
ASN00092045,19760907,TMAX,148,,,a,
ASN00092045,19760908,TMAX,148,,,a,
ASN00092045,19760909,TMAX,110,,,a,
ASN00092045,19760910,TMAX,161,,,a,
ASN00092045,19760911,TMAX,125,,,a,
ASN00092045,19760912,TMAX,140,,,a,
ASN00092045,19760913,TMAX,120,,,a,
ASN00092045,19760914,TMAX,140,,,a,
ASN00092045,19760915,TMAX,142,,,a,
ASN00092045,19760916,TMAX,142,,,a,
ASN00092045,19760917,TMAX,135,,,a,
ASN00092045,19760918,TMAX,145,,,a,
ASN00092045,19760919,TMAX,195,,,a,
ASN00092045,19760920,TMAX,145,,,a,
ASN00092045,19760921,TMAX,122,,,a,
ASN00092045,19760922,TMAX,120,,,a,
ASN00092045,19760923,TMAX,151,,,a,
ASN00092045,19760924,TMAX,105,,,a,
ASN00092045,19760925,TMAX,120,,,a,
ASN00092045,19760926,TMAX,141,,,a,
ASN00092045,19760927,TMAX,145,,,a,
ASN00092045,19760928,TMAX,160,,,a,
ASN00092045,19760929,TMAX,150,,,a,
ASN00092045,19760930,TMAX,170,,,a,
ASN00092045,19760901,TMIN,115,,,a,
ASN00092045,19760902,TMIN,120,,,a,
ASN00092045,19760903,TMIN,105,,,a,
ASN00092045,19760904,TMIN,45,,,a,
ASN00092045,19760905,TMIN,70,,,a,
ASN00092045,19760906,TMIN,90,,,a,
ASN00092045,19760907,TMIN,120,,,a,
ASN00092045,19760908,TMIN,105,,,a,
ASN00092045,19760909,TMIN,95,,,a,
ASN00092045,19760910,TMIN,80,,,a,
ASN00092045,19760911,TMIN,35,,,a,
ASN00092045,19760912,TMIN,45,,,a,
ASN00092045,19760913,TMIN,85,,,a,
ASN00092045,19760914,TMIN,85,,,a,
ASN00092045,19760915,TMIN,70,,,a,
ASN00092045,19760916,TMIN,60,,,a,
ASN00092045,19760917,TMIN,95,,,a,
ASN00092045,19760918,TMIN,65,,,a,
ASN00092045,19760919,TMIN,88,,,a,
ASN00092045,19760920,TMIN,80,,,a,
ASN00092045,19760921,TMIN,115,,,a,
ASN00092045,19760922,TMIN,100,,,a,
ASN00092045,19760923,TMIN,100,,,a,
ASN00092045,19760924,TMIN,58,,,a,
ASN00092045,19760925,TMIN,65,,,a,
ASN00092045,19760926,TMIN,75,,,a,
ASN00092045,19760927,TMIN,91,,,a,
ASN00092045,19760928,TMIN,85,,,a,
ASN00092045,19760929,TMIN,120,,,a,
ASN00092045,19760930,TMIN,125,,,a,
ASN00092045,19760901,PRCP,0,,,a,
ASN00092045,19760902,PRCP,32,,,a,
ASN00092045,19760903,PRCP,62,,,a,
ASN00092045,19760904,PRCP,0,,,a,
ASN00092045,19760905,PRCP,84,,,a,
ASN00092045,19760906,PRCP,140,,,a,
ASN00092045,19760907,PRCP,0,,,a,
ASN00092045,19760908,PRCP,56,,,a,
ASN00092045,19760909,PRCP,44,,,a,
ASN00092045,19760910,PRCP,50,,,a,
ASN00092045,19760911,PRCP,4,,,a,
ASN00092045,19760912,PRCP,0,,,a,
ASN00092045,19760913,PRCP,0,,,a,
ASN00092045,19760914,PRCP,0,,,a,
ASN00092045,19760915,PRCP,0,,,a,
ASN00092045,19760916,PRCP,0,,,a,
ASN00092045,19760917,PRCP,0,,,a,
ASN00092045,19760918,PRCP,0,,,a,
ASN00092045,19760919,PRCP,0,,,a,
ASN00092045,19760920,PRCP,0,,,a,
ASN00092045,19760921,PRCP,16,,,a,
ASN00092045,19760922,PRCP,148,,,a,
ASN00092045,19760923,PRCP,135,,,a,
ASN00092045,19760924,PRCP,100,,,a,
ASN00092045,19760925,PRCP,18,,,a,
ASN00092045,19760926,PRCP,40,,,a,
ASN00092045,19760927,PRCP,20,,,a,
ASN00092045,19760928,PRCP,0,,,a,
ASN00092045,19760929,PRCP,0,,,a,
ASN00092045,19760930,PRCP,0,,,a,
ASN00092045,19760901,TAVG,132,H,,S,
ASN00092045,19760902,TAVG,118,H,,S,
ASN00092045,19760903,TAVG,103,H,,S,
ASN00092045,19760904,TAVG,97,H,,S,
ASN00092045,19760905,TAVG,113,H,,S,
ASN00092045,19760906,TAVG,141,H,,S,
ASN00092045,19760907,TAVG,117,H,,S,
ASN00092045,19760908,TAVG,123,H,,S,
ASN00092045,19760909,TAVG,92,H,,S,
ASN00092045,19760910,TAVG,85,H,,S,
ASN00092045,19760911,TAVG,82,H,,S,
ASN00092045,19760912,TAVG,97,H,,S,
ASN00092045,19760913,TAVG,90,H,,S,
ASN00092045,19760914,TAVG,108,H,,S,
ASN00092045,19760915,TAVG,95,H,,S,
ASN00092045,19760916,TAVG,113,H,,S,
ASN00092045,19760917,TAVG,104,H,,S,
ASN00092045,19760918,TAVG,116,H,,S,
ASN00092045,19760919,TAVG,132,H,,S,
ASN00092045,19760920,TAVG,122,H,,S,
ASN00092045,19760921,TAVG,115,H,,S,
ASN00092045,19760922,TAVG,113,H,,S,
ASN00092045,19760923,TAVG,94,H,,S,
ASN00092045,19760924,TAVG,82,H,,S,
ASN00092045,19760925,TAVG,93,H,,S,
ASN00092045,19760926,TAVG,115,H,,S,
ASN00092045,19760927,TAVG,122,H,,S,
ASN00092045,19760928,TAVG,140,H,,S,
ASN00092045,19760929,TAVG,137,H,,S,
ASN00092045,19760930,TAVG,118,H,,S,
ASN00092045,19761001,TMAX,145,,,a,
ASN00092045,19761002,TMAX,140,,,a,
ASN00092045,19761003,TMAX,140,,,a,
ASN00092045,19761004,TMAX,155,,,a,
ASN00092045,19761005,TMAX,160,,,a,
ASN00092045,19761006,TMAX,195,,,a,
ASN00092045,19761007,TMAX,160,,,a,
ASN00092045,19761008,TMAX,135,,,a,
ASN00092045,19761009,TMAX,130,,,a,
ASN00092045,19761010,TMAX,135,,,a,
ASN00092045,19761011,TMAX,135,,,a,
ASN00092045,19761012,TMAX,148,,,a,
ASN00092045,19761013,TMAX,158,,,a,
ASN00092045,19761014,TMAX,135,,,a,
ASN00092045,19761015,TMAX,130,,,a,
ASN00092045,19761016,TMAX,135,,,a,
ASN00092045,19761017,TMAX,136,,,a,
ASN00092045,19761018,TMAX,115,,,a,
ASN00092045,19761019,TMAX,130,,,a,
ASN00092045,19761020,TMAX,160,,,a,
ASN00092045,19761021,TMAX,160,,,a,
ASN00092045,19761022,TMAX,148,,,a,
ASN00092045,19761023,TMAX,160,,,a,
ASN00092045,19761024,TMAX,150,,,a,
ASN00092045,19761025,TMAX,140,,,a,
ASN00092045,19761026,TMAX,135,,,a,
ASN00092045,19761027,TMAX,162,,,a,
ASN00092045,19761028,TMAX,162,,,a,
ASN00092045,19761029,TMAX,175,,,a,
ASN00092045,19761030,TMAX,130,,,a,
ASN00092045,19761031,TMAX,155,,,a,
ASN00092045,19761001,TMIN,65,,,a,
ASN00092045,19761002,TMIN,75,,,a,
ASN00092045,19761003,TMIN,100,,,a,
ASN00092045,19761004,TMIN,115,,,a,
ASN00092045,19761005,TMIN,121,,,a,
ASN00092045,19761006,TMIN,98,,,a,
ASN00092045,19761007,TMIN,105,,,a,
ASN00092045,19761008,TMIN,72,,,a,
ASN00092045,19761009,TMIN,95,,,a,
ASN00092045,19761010,TMIN,78,,,a,
ASN00092045,19761011,TMIN,75,,,a,
ASN00092045,19761012,TMIN,78,,,a,
ASN00092045,19761013,TMIN,85,,,a,
ASN00092045,19761014,TMIN,85,,,a,
ASN00092045,19761015,TMIN,115,,,a,
ASN00092045,19761016,TMIN,115,,,a,
ASN00092045,19761017,TMIN,92,,,a,
ASN00092045,19761018,TMIN,80,,,a,
ASN00092045,19761019,TMIN,70,,,a,
ASN00092045,19761020,TMIN,55,,,a,
ASN00092045,19761021,TMIN,105,,,a,
ASN00092045,19761022,TMIN,52,,,a,
ASN00092045,19761023,TMIN,80,,,a,
ASN00092045,19761024,TMIN,98,,,a,
ASN00092045,19761025,TMIN,50,,,a,
ASN00092045,19761026,TMIN,100,,,a,
ASN00092045,19761027,TMIN,100,,,a,
ASN00092045,19761028,TMIN,90,,,a,
ASN00092045,19761029,TMIN,75,,,a,
ASN00092045,19761030,TMIN,100,,,a,
ASN00092045,19761031,TMIN,100,,,a,
ASN00092045,19761001,PRCP,0,,,a,
ASN00092045,19761002,PRCP,0,,,a,
ASN00092045,19761003,PRCP,42,,,a,
ASN00092045,19761004,PRCP,272,,,a,
ASN00092045,19761005,PRCP,26,,,a,
ASN00092045,19761006,PRCP,82,,,a,
ASN00092045,19761007,PRCP,70,,,a,
ASN00092045,19761008,PRCP,28,,,a,
ASN00092045,19761009,PRCP,22,,,a,
ASN00092045,19761010,PRCP,0,,,a,
ASN00092045,19761011,PRCP,0,,,a,
ASN00092045,19761012,PRCP,0,,,a,
ASN00092045,19761013,PRCP,0,,,a,
ASN00092045,19761014,PRCP,182,,,a,
ASN00092045,19761015,PRCP,256,,,a,
ASN00092045,19761016,PRCP,0,,,a,
ASN00092045,19761017,PRCP,62,,,a,
ASN00092045,19761018,PRCP,44,,,a,
ASN00092045,19761019,PRCP,82,,,a,
ASN00092045,19761020,PRCP,0,,,a,
ASN00092045,19761021,PRCP,0,,,a,
ASN00092045,19761022,PRCP,5,,,a,
ASN00092045,19761023,PRCP,0,,,a,
ASN00092045,19761024,PRCP,0,,,a,
ASN00092045,19761025,PRCP,10,,,a,
ASN00092045,19761026,PRCP,0,,,a,
ASN00092045,19761027,PRCP,444,,,a,
ASN00092045,19761028,PRCP,0,,,a,
ASN00092045,19761029,PRCP,0,,,a,
ASN00092045,19761030,PRCP,48,,,a,
ASN00092045,19761031,PRCP,30,,,a,
ASN00092045,19761001,TAVG,105,H,,S,
ASN00092045,19761002,TAVG,128,H,,S,
ASN00092045,19761003,TAVG,129,H,,S,
ASN00092045,19761004,TAVG,133,H,,S,
ASN00092045,19761005,TAVG,132,H,,S,
ASN00092045,19761006,TAVG,125,H,,S,
ASN00092045,19761007,TAVG,107,H,,S,
ASN00092045,19761008,TAVG,112,H,,S,
ASN00092045,19761009,TAVG,110,H,,S,
ASN00092045,19761010,TAVG,98,H,,S,
ASN00092045,19761011,TAVG,98,H,,S,
ASN00092045,19761012,TAVG,115,H,,S,
ASN00092045,19761013,TAVG,108,H,,S,
ASN00092045,19761014,TAVG,120,H,,S,
ASN00092045,19761015,TAVG,122,H,,S,
ASN00092045,19761016,TAVG,110,H,,S,
ASN00092045,19761017,TAVG,105,H,,S,
ASN00092045,19761018,TAVG,90,H,,S,
ASN00092045,19761019,TAVG,104,H,,S,
ASN00092045,19761020,TAVG,132,H,,S,
ASN00092045,19761021,TAVG,98,H,,S,
ASN00092045,19761022,TAVG,118,H,,S,
ASN00092045,19761023,TAVG,130,H,,S,
ASN00092045,19761024,TAVG,103,H,,S,
ASN00092045,19761025,TAVG,119,H,,S,
ASN00092045,19761026,TAVG,117,H,,S,
ASN00092045,19761027,TAVG,128,H,,S,
ASN00092045,19761028,TAVG,127,H,,S,
ASN00092045,19761029,TAVG,132,H,,S,
ASN00092045,19761030,TAVG,116,H,,S,
ASN00092045,19761031,TAVG,142,H,,S,
ASN00092045,19761101,TMAX,156,,,a,
ASN00092045,19761102,TMAX,140,,,a,
ASN00092045,19761103,TMAX,175,,,a,
ASN00092045,19761104,TMAX,135,,,a,
ASN00092045,19761105,TMAX,165,,,a,
ASN00092045,19761106,TMAX,145,,,a,
ASN00092045,19761107,TMAX,165,,,a,
ASN00092045,19761108,TMAX,155,,,a,
ASN00092045,19761109,TMAX,155,,,a,
ASN00092045,19761110,TMAX,158,,,a,
ASN00092045,19761111,TMAX,163,,,a,
ASN00092045,19761112,TMAX,225,,,a,
ASN00092045,19761113,TMAX,180,,,a,
ASN00092045,19761114,TMAX,188,,,a,
ASN00092045,19761115,TMAX,160,,,a,
ASN00092045,19761116,TMAX,185,,,a,
ASN00092045,19761117,TMAX,162,,,a,
ASN00092045,19761118,TMAX,180,,,a,
ASN00092045,19761119,TMAX,170,,,a,
ASN00092045,19761120,TMAX,178,,,a,
ASN00092045,19761121,TMAX,168,,,a,
ASN00092045,19761122,TMAX,168,,,a,
ASN00092045,19761123,TMAX,172,,,a,
ASN00092045,19761124,TMAX,175,,,a,
ASN00092045,19761125,TMAX,165,,,a,
ASN00092045,19761126,TMAX,175,,,a,
ASN00092045,19761127,TMAX,185,,,a,
ASN00092045,19761128,TMAX,170,,,a,
ASN00092045,19761129,TMAX,175,,,a,
ASN00092045,19761130,TMAX,192,,,a,
ASN00092045,19761101,TMIN,125,,,a,
ASN00092045,19761102,TMIN,130,,,a,
ASN00092045,19761103,TMIN,110,,,a,
ASN00092045,19761104,TMIN,110,,,a,
ASN00092045,19761105,TMIN,85,,,a,
ASN00092045,19761106,TMIN,50,,,a,
ASN00092045,19761107,TMIN,78,,,a,
ASN00092045,19761108,TMIN,108,,,a,
ASN00092045,19761109,TMIN,110,,,a,
ASN00092045,19761110,TMIN,110,,,a,
ASN00092045,19761111,TMIN,131,,,a,
ASN00092045,19761112,TMIN,140,,,a,
ASN00092045,19761113,TMIN,118,,,a,
ASN00092045,19761114,TMIN,150,,,a,
ASN00092045,19761115,TMIN,95,,,a,
ASN00092045,19761116,TMIN,95,,,a,
ASN00092045,19761117,TMIN,88,,,a,
ASN00092045,19761118,TMIN,85,,,a,
ASN00092045,19761119,TMIN,95,,,a,
ASN00092045,19761120,TMIN,100,,,a,
ASN00092045,19761121,TMIN,101,,,a,
ASN00092045,19761122,TMIN,112,,,a,
ASN00092045,19761123,TMIN,110,,,a,
ASN00092045,19761124,TMIN,110,,,a,
ASN00092045,19761125,TMIN,125,,,a,
ASN00092045,19761126,TMIN,125,,,a,
ASN00092045,19761127,TMIN,130,,,a,
ASN00092045,19761128,TMIN,130,,,a,
ASN00092045,19761129,TMIN,120,,,a,
ASN00092045,19761130,TMIN,130,,,a,
ASN00092045,19761101,PRCP,16,,,a,
ASN00092045,19761102,PRCP,34,,,a,
ASN00092045,19761103,PRCP,558,,,a,
ASN00092045,19761104,PRCP,128,,,a,
ASN00092045,19761105,PRCP,0,,,a,
ASN00092045,19761106,PRCP,232,,,a,
ASN00092045,19761107,PRCP,0,,,a,
ASN00092045,19761108,PRCP,0,,,a,
ASN00092045,19761109,PRCP,58,,,a,
ASN00092045,19761110,PRCP,0,,,a,
ASN00092045,19761111,PRCP,8,,,a,
ASN00092045,19761112,PRCP,86,,,a,
ASN00092045,19761113,PRCP,2,,,a,
ASN00092045,19761114,PRCP,34,,,a,
ASN00092045,19761115,PRCP,0,,,a,
ASN00092045,19761116,PRCP,104,,,a,
ASN00092045,19761117,PRCP,0,,,a,
ASN00092045,19761118,PRCP,0,,,a,
ASN00092045,19761119,PRCP,8,,,a,
ASN00092045,19761120,PRCP,0,,,a,
ASN00092045,19761121,PRCP,0,,,a,
ASN00092045,19761122,PRCP,0,,,a,
ASN00092045,19761123,PRCP,0,,,a,
ASN00092045,19761124,PRCP,4,,,a,
ASN00092045,19761125,PRCP,0,,,a,
ASN00092045,19761126,PRCP,40,,,a,
ASN00092045,19761127,PRCP,22,,,a,
ASN00092045,19761128,PRCP,0,,,a,
ASN00092045,19761129,PRCP,0,,,a,
ASN00092045,19761130,PRCP,154,,,a,
ASN00092045,19761101,TAVG,142,H,,S,
ASN00092045,19761102,TAVG,133,H,,S,
ASN00092045,19761103,TAVG,131,H,,S,
ASN00092045,19761104,TAVG,120,H,,S,
ASN00092045,19761105,TAVG,105,H,,S,
ASN00092045,19761106,TAVG,116,H,,S,
ASN00092045,19761107,TAVG,137,H,,S,
ASN00092045,19761108,TAVG,125,H,,S,
ASN00092045,19761109,TAVG,139,H,,S,
ASN00092045,19761110,TAVG,147,H,,S,
ASN00092045,19761111,TAVG,149,H,,S,
ASN00092045,19761112,TAVG,157,H,,S,
ASN00092045,19761113,TAVG,165,H,,S,
ASN00092045,19761114,TAVG,146,H,,S,
ASN00092045,19761115,TAVG,123,H,,S,
ASN00092045,19761116,TAVG,143,H,,S,
ASN00092045,19761117,TAVG,132,H,,S,
ASN00092045,19761118,TAVG,148,H,,S,
ASN00092045,19761119,TAVG,138,H,,S,
ASN00092045,19761120,TAVG,144,H,,S,
ASN00092045,19761121,TAVG,143,H,,S,
ASN00092045,19761122,TAVG,141,H,,S,
ASN00092045,19761123,TAVG,136,H,,S,
ASN00092045,19761124,TAVG,148,H,,S,
ASN00092045,19761125,TAVG,143,H,,S,
ASN00092045,19761126,TAVG,153,H,,S,
ASN00092045,19761127,TAVG,151,H,,S,
ASN00092045,19761128,TAVG,151,H,,S,
ASN00092045,19761129,TAVG,154,H,,S,
ASN00092045,19761130,TAVG,158,H,,S,
ASN00092045,19761201,TMAX,180,,,a,
ASN00092045,19761202,TMAX,175,,,a,
ASN00092045,19761203,TMAX,171,,,a,
ASN00092045,19761204,TMAX,170,,,a,
ASN00092045,19761205,TMAX,165,,,a,
ASN00092045,19761206,TMAX,196,,,a,
ASN00092045,19761207,TMAX,185,,,a,
ASN00092045,19761208,TMAX,188,,,a,
ASN00092045,19761209,TMAX,195,,,a,
ASN00092045,19761210,TMAX,180,,,a,
ASN00092045,19761211,TMAX,195,,,a,
ASN00092045,19761212,TMAX,178,,,a,
ASN00092045,19761213,TMAX,180,,,a,
ASN00092045,19761214,TMAX,190,,,a,
ASN00092045,19761215,TMAX,155,,,a,
ASN00092045,19761216,TMAX,185,,,a,
ASN00092045,19761217,TMAX,185,,,a,
ASN00092045,19761218,TMAX,160,,,a,
ASN00092045,19761219,TMAX,180,,,a,
ASN00092045,19761220,TMAX,206,,,a,
ASN00092045,19761221,TMAX,180,,,a,
ASN00092045,19761222,TMAX,205,,,a,
ASN00092045,19761223,TMAX,175,,,a,
ASN00092045,19761224,TMAX,170,,,a,
ASN00092045,19761225,TMAX,185,,,a,
ASN00092045,19761226,TMAX,185,,,a,
ASN00092045,19761227,TMAX,195,,,a,
ASN00092045,19761228,TMAX,200,,,a,
ASN00092045,19761229,TMAX,195,,,a,
ASN00092045,19761230,TMAX,175,,,a,
ASN00092045,19761231,TMAX,198,,,a,
ASN00092045,19761201,TMIN,110,,,a,
ASN00092045,19761202,TMIN,90,,,a,
ASN00092045,19761203,TMIN,160,,,a,
ASN00092045,19761204,TMIN,90,,,a,
ASN00092045,19761205,TMIN,112,,,a,
ASN00092045,19761206,TMIN,135,,,a,
ASN00092045,19761207,TMIN,132,,,a,
ASN00092045,19761208,TMIN,80,,,a,
ASN00092045,19761209,TMIN,134,,,a,
ASN00092045,19761210,TMIN,102,,,a,
ASN00092045,19761211,TMIN,102,,,a,
ASN00092045,19761212,TMIN,108,,,a,
ASN00092045,19761213,TMIN,88,,,a,
ASN00092045,19761214,TMIN,132,,,a,
ASN00092045,19761215,TMIN,140,,,a,
ASN00092045,19761216,TMIN,112,,,a,
ASN00092045,19761217,TMIN,100,,,a,
ASN00092045,19761218,TMIN,105,,,a,
ASN00092045,19761219,TMIN,120,,,a,
ASN00092045,19761220,TMIN,130,,,a,
ASN00092045,19761221,TMIN,130,,,a,
ASN00092045,19761222,TMIN,140,,,a,
ASN00092045,19761223,TMIN,165,,,a,
ASN00092045,19761224,TMIN,121,,,a,
ASN00092045,19761225,TMIN,130,,,a,
ASN00092045,19761226,TMIN,130,,,a,
ASN00092045,19761227,TMIN,115,,,a,
ASN00092045,19761228,TMIN,115,,,a,
ASN00092045,19761229,TMIN,105,,,a,
ASN00092045,19761230,TMIN,110,,,a,
ASN00092045,19761231,TMIN,135,,,a,
ASN00092045,19761201,PRCP,0,,,a,
ASN00092045,19761202,PRCP,14,,,a,
ASN00092045,19761203,PRCP,0,,,a,
ASN00092045,19761204,PRCP,102,,,a,
ASN00092045,19761205,PRCP,3,,,a,
ASN00092045,19761206,PRCP,0,,,a,
ASN00092045,19761207,PRCP,10,,,a,
ASN00092045,19761208,PRCP,0,,,a,
ASN00092045,19761209,PRCP,0,,,a,
ASN00092045,19761210,PRCP,0,,,a,
ASN00092045,19761211,PRCP,0,,,a,
ASN00092045,19761212,PRCP,204,,,a,
ASN00092045,19761213,PRCP,30,,,a,
ASN00092045,19761214,PRCP,22,,,a,
ASN00092045,19761215,PRCP,104,,,a,
ASN00092045,19761216,PRCP,400,,,a,
ASN00092045,19761217,PRCP,70,,,a,
ASN00092045,19761218,PRCP,16,,,a,
ASN00092045,19761219,PRCP,80,,,a,
ASN00092045,19761220,PRCP,0,,,a,
ASN00092045,19761221,PRCP,0,,,a,
ASN00092045,19761222,PRCP,0,,,a,
ASN00092045,19761223,PRCP,14,,,a,
ASN00092045,19761224,PRCP,168,,,a,
ASN00092045,19761225,PRCP,0,,,a,
ASN00092045,19761226,PRCP,0,,,a,
ASN00092045,19761227,PRCP,3,,,a,
ASN00092045,19761228,PRCP,8,,,a,
ASN00092045,19761229,PRCP,0,,,a,
ASN00092045,19761230,PRCP,0,,,a,
ASN00092045,19761231,PRCP,0,,,a,
ASN00092045,19761201,TAVG,134,H,,S,
ASN00092045,19761202,TAVG,154,H,,S,
ASN00092045,19761203,TAVG,125,H,,S,
ASN00092045,19761204,TAVG,137,H,,S,
ASN00092045,19761205,TAVG,144,H,,S,
ASN00092045,19761206,TAVG,164,H,,S,
ASN00092045,19761207,TAVG,151,H,,S,
ASN00092045,19761208,TAVG,160,H,,S,
ASN00092045,19761209,TAVG,154,H,,S,
ASN00092045,19761210,TAVG,140,H,,S,
ASN00092045,19761211,TAVG,147,H,,S,
ASN00092045,19761212,TAVG,133,H,,S,
ASN00092045,19761213,TAVG,158,H,,S,
ASN00092045,19761214,TAVG,154,H,,S,
ASN00092045,19761215,TAVG,135,H,,S,
ASN00092045,19761216,TAVG,134,H,,S,
ASN00092045,19761217,TAVG,147,H,,S,
ASN00092045,19761218,TAVG,129,H,,S,
ASN00092045,19761219,TAVG,154,H,,S,
ASN00092045,19761220,TAVG,159,H,,S,
ASN00092045,19761221,TAVG,158,H,,S,
ASN00092045,19761222,TAVG,186,H,,S,
ASN00092045,19761223,TAVG,141,H,,S,
ASN00092045,19761224,TAVG,156,H,,S,
ASN00092045,19761225,TAVG,162,H,,S,
ASN00092045,19761226,TAVG,143,H,,S,
ASN00092045,19761227,TAVG,153,H,,S,
ASN00092045,19761228,TAVG,160,H,,S,
ASN00092045,19761229,TAVG,145,H,,S,
ASN00092045,19761230,TAVG,153,H,,S,
ASN00092045,19761231,TAVG,171,H,,S,
ASN00092045,19770101,TMAX,230,,,a,
ASN00092045,19770102,TMAX,180,,,a,
ASN00092045,19770103,TMAX,190,,,a,
ASN00092045,19770104,TMAX,180,,,a,
ASN00092045,19770105,TMAX,200,,,a,
ASN00092045,19770106,TMAX,200,,,a,
ASN00092045,19770107,TMAX,268,,,a,
ASN00092045,19770108,TMAX,177,,,a,
ASN00092045,19770109,TMAX,205,,,a,
ASN00092045,19770110,TMAX,205,,,a,
ASN00092045,19770111,TMAX,185,,,a,
ASN00092045,19770112,TMAX,203,,,a,
ASN00092045,19770113,TMAX,205,,,a,
ASN00092045,19770114,TMAX,210,,,a,
ASN00092045,19770115,TMAX,205,,,a,
ASN00092045,19770116,TMAX,200,,,a,
ASN00092045,19770117,TMAX,215,,,a,
ASN00092045,19770118,TMAX,168,,,a,
ASN00092045,19770119,TMAX,180,,,a,
ASN00092045,19770120,TMAX,200,,,a,
ASN00092045,19770121,TMAX,220,,,a,
ASN00092045,19770122,TMAX,205,,,a,
ASN00092045,19770123,TMAX,190,,,a,
ASN00092045,19770124,TMAX,225,,,a,
ASN00092045,19770125,TMAX,215,,,a,
ASN00092045,19770126,TMAX,185,,,a,
ASN00092045,19770127,TMAX,230,,,a,
ASN00092045,19770128,TMAX,210,,,a,
ASN00092045,19770129,TMAX,260,,,a,
ASN00092045,19770130,TMAX,225,,,a,
ASN00092045,19770131,TMAX,222,,,a,
ASN00092045,19770101,TMIN,152,,,a,
ASN00092045,19770102,TMIN,95,,,a,
ASN00092045,19770103,TMIN,90,,,a,
ASN00092045,19770104,TMIN,130,,,a,
ASN00092045,19770105,TMIN,117,,,a,
ASN00092045,19770106,TMIN,125,,,a,
ASN00092045,19770107,TMIN,142,,,a,
ASN00092045,19770108,TMIN,135,,,a,
ASN00092045,19770109,TMIN,145,,,a,
ASN00092045,19770110,TMIN,145,,,a,
ASN00092045,19770111,TMIN,145,,,a,
ASN00092045,19770112,TMIN,125,,,a,
ASN00092045,19770113,TMIN,160,,,a,
ASN00092045,19770114,TMIN,125,,,a,
ASN00092045,19770115,TMIN,175,,,a,
ASN00092045,19770116,TMIN,160,,,a,
ASN00092045,19770117,TMIN,145,,,a,
ASN00092045,19770118,TMIN,130,,,a,
ASN00092045,19770119,TMIN,140,,,a,
ASN00092045,19770120,TMIN,150,,,a,
ASN00092045,19770121,TMIN,170,,,a,
ASN00092045,19770122,TMIN,148,,,a,
ASN00092045,19770123,TMIN,135,,,a,
ASN00092045,19770124,TMIN,135,,,a,
ASN00092045,19770125,TMIN,125,,,a,
ASN00092045,19770126,TMIN,115,,,a,
ASN00092045,19770127,TMIN,130,,,a,
ASN00092045,19770128,TMIN,130,,,a,
ASN00092045,19770129,TMIN,145,,,a,
ASN00092045,19770130,TMIN,160,,,a,
ASN00092045,19770131,TMIN,142,,,a,
ASN00092045,19770101,PRCP,30,,,a,
ASN00092045,19770102,PRCP,70,,,a,
ASN00092045,19770103,PRCP,20,,,a,
ASN00092045,19770104,PRCP,0,,,a,
ASN00092045,19770105,PRCP,0,,,a,
ASN00092045,19770106,PRCP,0,,,a,
ASN00092045,19770107,PRCP,0,,,a,
ASN00092045,19770108,PRCP,0,,,a,
ASN00092045,19770109,PRCP,0,,,a,
ASN00092045,19770110,PRCP,0,,,a,
ASN00092045,19770111,PRCP,0,,,a,
ASN00092045,19770112,PRCP,0,,,a,
ASN00092045,19770113,PRCP,0,,,a,
ASN00092045,19770114,PRCP,0,,,a,
ASN00092045,19770115,PRCP,120,,,a,
ASN00092045,19770116,PRCP,84,,,a,
ASN00092045,19770117,PRCP,8,,,a,
ASN00092045,19770118,PRCP,314,,,a,
ASN00092045,19770119,PRCP,0,,,a,
ASN00092045,19770120,PRCP,0,,,a,
ASN00092045,19770121,PRCP,14,,,a,
ASN00092045,19770122,PRCP,0,,,a,
ASN00092045,19770123,PRCP,142,,,a,
ASN00092045,19770124,PRCP,12,,,a,
ASN00092045,19770125,PRCP,0,,,a,
ASN00092045,19770126,PRCP,0,,,a,
ASN00092045,19770127,PRCP,0,,,a,
ASN00092045,19770128,PRCP,0,,,a,
ASN00092045,19770129,PRCP,0,,,a,
ASN00092045,19770130,PRCP,0,,,a,
ASN00092045,19770131,PRCP,0,,,a,
ASN00092045,19770101,TAVG,154,H,,S,
ASN00092045,19770102,TAVG,136,H,,S,
ASN00092045,19770103,TAVG,149,H,,S,
ASN00092045,19770104,TAVG,147,H,,S,
ASN00092045,19770105,TAVG,170,H,,S,
ASN00092045,19770106,TAVG,175,H,,S,
ASN00092045,19770107,TAVG,182,H,,S,
ASN00092045,19770108,TAVG,161,H,,S,
ASN00092045,19770109,TAVG,173,H,,S,
ASN00092045,19770110,TAVG,171,H,,S,
ASN00092045,19770111,TAVG,163,H,,S,
ASN00092045,19770112,TAVG,181,H,,S,
ASN00092045,19770113,TAVG,189,H,,S,
ASN00092045,19770114,TAVG,186,H,,S,
ASN00092045,19770115,TAVG,184,H,,S,
ASN00092045,19770116,TAVG,174,H,,S,
ASN00092045,19770117,TAVG,153,H,,S,
ASN00092045,19770118,TAVG,147,H,,S,
ASN00092045,19770119,TAVG,168,H,,S,
ASN00092045,19770120,TAVG,184,H,,S,
ASN00092045,19770121,TAVG,183,H,,S,
ASN00092045,19770122,TAVG,164,H,,S,
ASN00092045,19770123,TAVG,172,H,,S,
ASN00092045,19770124,TAVG,172,H,,S,
ASN00092045,19770125,TAVG,168,H,,S,
ASN00092045,19770126,TAVG,158,H,,S,
ASN00092045,19770127,TAVG,197,H,,S,
ASN00092045,19770128,TAVG,172,H,,S,
ASN00092045,19770129,TAVG,202,H,,S,
ASN00092045,19770130,TAVG,178,H,,S,
ASN00092045,19770131,TAVG,186,H,,S,
ASN00092045,19770201,TMAX,190,,,a,
ASN00092045,19770202,TMAX,188,,,a,
ASN00092045,19770203,TMAX,190,,,a,
ASN00092045,19770204,TMAX,215,,,a,
ASN00092045,19770205,TMAX,245,,,a,
ASN00092045,19770206,TMAX,195,,,a,
ASN00092045,19770207,TMAX,185,,,a,
ASN00092045,19770208,TMAX,205,,,a,
ASN00092045,19770209,TMAX,235,,,a,
ASN00092045,19770210,TMAX,195,,,a,
ASN00092045,19770211,TMAX,225,,,a,
ASN00092045,19770212,TMAX,215,,,a,
ASN00092045,19770213,TMAX,240,,,a,
ASN00092045,19770214,TMAX,245,,,a,
ASN00092045,19770215,TMAX,220,,,a,
ASN00092045,19770216,TMAX,208,,,a,
ASN00092045,19770217,TMAX,240,,,a,
ASN00092045,19770218,TMAX,200,,,a,
ASN00092045,19770219,TMAX,175,,,a,
ASN00092045,19770220,TMAX,185,,,a,
ASN00092045,19770221,TMAX,184,,,a,
ASN00092045,19770222,TMAX,185,,,a,
ASN00092045,19770223,TMAX,190,,,a,
ASN00092045,19770224,TMAX,175,,,a,
ASN00092045,19770225,TMAX,180,,,a,
ASN00092045,19770226,TMAX,180,,,a,
ASN00092045,19770227,TMAX,170,,,a,
ASN00092045,19770228,TMAX,188,,,a,
ASN00092045,19770201,TMIN,152,,,a,
ASN00092045,19770202,TMIN,102,,,a,
ASN00092045,19770203,TMIN,125,,,a,
ASN00092045,19770204,TMIN,152,,,a,
ASN00092045,19770205,TMIN,178,,,a,
ASN00092045,19770206,TMIN,115,,,a,
ASN00092045,19770207,TMIN,150,,,a,
ASN00092045,19770208,TMIN,165,,,a,
ASN00092045,19770209,TMIN,165,,,a,
ASN00092045,19770210,TMIN,118,,,a,
ASN00092045,19770211,TMIN,145,,,a,
ASN00092045,19770212,TMIN,180,,,a,
ASN00092045,19770213,TMIN,182,,,a,
ASN00092045,19770214,TMIN,146,,,a,
ASN00092045,19770215,TMIN,142,,,a,
ASN00092045,19770216,TMIN,165,,,a,
ASN00092045,19770217,TMIN,165,,,a,
ASN00092045,19770218,TMIN,168,,,a,
ASN00092045,19770219,TMIN,130,,,a,
ASN00092045,19770220,TMIN,140,,,a,
ASN00092045,19770221,TMIN,145,,,a,
ASN00092045,19770222,TMIN,150,,,a,
ASN00092045,19770223,TMIN,160,,,a,
ASN00092045,19770224,TMIN,155,,,a,
ASN00092045,19770225,TMIN,155,,,a,
ASN00092045,19770226,TMIN,170,,,a,
ASN00092045,19770227,TMIN,131,,,a,
ASN00092045,19770228,TMIN,140,,,a,
ASN00092045,19770201,PRCP,0,,,a,
ASN00092045,19770202,PRCP,0,,,a,
ASN00092045,19770203,PRCP,0,,,a,
ASN00092045,19770204,PRCP,0,,,a,
ASN00092045,19770205,PRCP,0,,,a,
ASN00092045,19770206,PRCP,28,,,a,
ASN00092045,19770207,PRCP,0,,,a,
ASN00092045,19770208,PRCP,0,,,a,
ASN00092045,19770209,PRCP,0,,,a,
ASN00092045,19770210,PRCP,0,,,a,
ASN00092045,19770211,PRCP,0,,,a,
ASN00092045,19770212,PRCP,0,,,a,
ASN00092045,19770213,PRCP,0,,,a,
ASN00092045,19770214,PRCP,0,,,a,
ASN00092045,19770215,PRCP,0,,,a,
ASN00092045,19770216,PRCP,0,,,a,
ASN00092045,19770217,PRCP,0,,,a,
ASN00092045,19770218,PRCP,62,,,a,
ASN00092045,19770219,PRCP,120,,,a,
ASN00092045,19770220,PRCP,0,,,a,
ASN00092045,19770221,PRCP,0,,,a,
ASN00092045,19770222,PRCP,0,,,a,
ASN00092045,19770223,PRCP,0,,,a,
ASN00092045,19770224,PRCP,46,,,a,
ASN00092045,19770225,PRCP,206,,,a,
ASN00092045,19770226,PRCP,588,,,a,
ASN00092045,19770227,PRCP,0,,,a,
ASN00092045,19770228,PRCP,0,,,a,
ASN00092045,19770201,TAVG,146,H,,S,
ASN00092045,19770202,TAVG,167,H,,S,
ASN00092045,19770203,TAVG,177,H,,S,
ASN00092045,19770204,TAVG,193,H,,S,
ASN00092045,19770205,TAVG,173,H,,S,
ASN00092045,19770206,TAVG,172,H,,S,
ASN00092045,19770207,TAVG,173,H,,S,
ASN00092045,19770208,TAVG,182,H,,S,
ASN00092045,19770209,TAVG,193,H,,S,
ASN00092045,19770210,TAVG,171,H,,S,
ASN00092045,19770211,TAVG,199,H,,S,
ASN00092045,19770212,TAVG,198,H,,S,
ASN00092045,19770213,TAVG,179,H,,S,
ASN00092045,19770214,TAVG,187,H,,S,
ASN00092045,19770215,TAVG,187,H,,S,
ASN00092045,19770216,TAVG,192,H,,S,
ASN00092045,19770217,TAVG,192,H,,S,
ASN00092045,19770218,TAVG,154,H,,S,
ASN00092045,19770219,TAVG,152,H,,S,
ASN00092045,19770220,TAVG,158,H,,S,
ASN00092045,19770221,TAVG,167,H,,S,
ASN00092045,19770222,TAVG,174,H,,S,
ASN00092045,19770223,TAVG,174,H,,S,
ASN00092045,19770224,TAVG,170,H,,S,
ASN00092045,19770225,TAVG,174,H,,S,
ASN00092045,19770226,TAVG,153,H,,S,
ASN00092045,19770227,TAVG,154,H,,S,
ASN00092045,19770228,TAVG,157,H,,S,
ASN00092045,19770301,TMAX,198,,,a,
ASN00092045,19770302,TMAX,210,,,a,
ASN00092045,19770303,TMAX,210,,,a,
ASN00092045,19770304,TMAX,205,,,a,
ASN00092045,19770305,TMAX,235,,,a,
ASN00092045,19770306,TMAX,183,,,a,
ASN00092045,19770307,TMAX,205,,,a,
ASN00092045,19770308,TMAX,215,,,a,
ASN00092045,19770309,TMAX,212,,,a,
ASN00092045,19770310,TMAX,242,,,a,
ASN00092045,19770311,TMAX,241,,,a,
ASN00092045,19770312,TMAX,198,,,a,
ASN00092045,19770313,TMAX,205,,,a,
ASN00092045,19770314,TMAX,225,,,a,
ASN00092045,19770315,TMAX,168,,,a,
ASN00092045,19770316,TMAX,190,,,a,
ASN00092045,19770317,TMAX,185,,,a,
ASN00092045,19770318,TMAX,210,,,a,
ASN00092045,19770319,TMAX,182,,,a,
ASN00092045,19770320,TMAX,165,,,a,
ASN00092045,19770321,TMAX,180,,,a,
ASN00092045,19770322,TMAX,204,,,a,
ASN00092045,19770323,TMAX,188,,,a,
ASN00092045,19770324,TMAX,182,,,a,
ASN00092045,19770325,TMAX,192,,,a,
ASN00092045,19770326,TMAX,186,,,a,
ASN00092045,19770327,TMAX,168,,,a,
ASN00092045,19770328,TMAX,191,,,a,
ASN00092045,19770329,TMAX,196,,,a,
ASN00092045,19770330,TMAX,202,,,a,
ASN00092045,19770331,TMAX,190,,,a,
ASN00092045,19770301,TMIN,135,,,a,
ASN00092045,19770302,TMIN,145,,,a,
ASN00092045,19770303,TMIN,140,,,a,
ASN00092045,19770304,TMIN,168,,,a,
ASN00092045,19770305,TMIN,172,,,a,
ASN00092045,19770306,TMIN,117,,,a,
ASN00092045,19770307,TMIN,106,,,a,
ASN00092045,19770308,TMIN,140,,,a,
ASN00092045,19770309,TMIN,137,,,a,
ASN00092045,19770310,TMIN,137,,,a,
ASN00092045,19770311,TMIN,185,,,a,
ASN00092045,19770312,TMIN,150,,,a,
ASN00092045,19770313,TMIN,125,,,a,
ASN00092045,19770314,TMIN,152,,,a,
ASN00092045,19770315,TMIN,163,,,a,
ASN00092045,19770316,TMIN,88,,,a,
ASN00092045,19770317,TMIN,144,,,a,
ASN00092045,19770318,TMIN,134,,,a,
ASN00092045,19770319,TMIN,153,,,a,
ASN00092045,19770320,TMIN,120,,,a,
ASN00092045,19770321,TMIN,148,,,a,
ASN00092045,19770322,TMIN,118,,,a,
ASN00092045,19770323,TMIN,140,,,a,
ASN00092045,19770324,TMIN,170,,,a,
ASN00092045,19770325,TMIN,148,,,a,
ASN00092045,19770326,TMIN,155,,,a,
ASN00092045,19770327,TMIN,135,,,a,
ASN00092045,19770328,TMIN,136,,,a,
ASN00092045,19770329,TMIN,138,,,a,
ASN00092045,19770330,TMIN,160,,,a,
ASN00092045,19770331,TMIN,130,,,a,
ASN00092045,19770301,PRCP,30,,,a,
ASN00092045,19770302,PRCP,0,,,a,
ASN00092045,19770303,PRCP,0,,,a,
ASN00092045,19770304,PRCP,0,,,a,
ASN00092045,19770305,PRCP,76,,,a,
ASN00092045,19770306,PRCP,16,,,a,
ASN00092045,19770307,PRCP,0,,,a,
ASN00092045,19770308,PRCP,0,,,a,
ASN00092045,19770309,PRCP,0,,,a,
ASN00092045,19770310,PRCP,12,,,a,
ASN00092045,19770311,PRCP,0,,,a,
ASN00092045,19770312,PRCP,80,,,a,
ASN00092045,19770313,PRCP,0,,,a,
ASN00092045,19770314,PRCP,0,,,a,
ASN00092045,19770315,PRCP,0,,,a,
ASN00092045,19770316,PRCP,16,,,a,
ASN00092045,19770317,PRCP,0,,,a,
ASN00092045,19770318,PRCP,16,,,a,
ASN00092045,19770319,PRCP,0,,,a,
ASN00092045,19770320,PRCP,0,,,a,
ASN00092045,19770321,PRCP,204,,,a,
ASN00092045,19770322,PRCP,0,,,a,
ASN00092045,19770323,PRCP,0,,,a,
ASN00092045,19770324,PRCP,14,,,a,
ASN00092045,19770325,PRCP,254,,,a,
ASN00092045,19770326,PRCP,94,,,a,
ASN00092045,19770327,PRCP,38,,,a,
ASN00092045,19770328,PRCP,306,,,a,
ASN00092045,19770329,PRCP,0,,,a,
ASN00092045,19770330,PRCP,0,,,a,
ASN00092045,19770331,PRCP,74,,,a,
ASN00092045,19770301,TAVG,169,H,,S,
ASN00092045,19770302,TAVG,182,H,,S,
ASN00092045,19770303,TAVG,189,H,,S,
ASN00092045,19770304,TAVG,193,H,,S,
ASN00092045,19770305,TAVG,179,H,,S,
ASN00092045,19770306,TAVG,148,H,,S,
ASN00092045,19770307,TAVG,172,H,,S,
ASN00092045,19770308,TAVG,188,H,,S,
ASN00092045,19770309,TAVG,182,H,,S,
ASN00092045,19770310,TAVG,197,H,,S,
ASN00092045,19770311,TAVG,184,H,,S,
ASN00092045,19770312,TAVG,162,H,,S,
ASN00092045,19770313,TAVG,174,H,,S,
ASN00092045,19770314,TAVG,192,H,,S,
ASN00092045,19770315,TAVG,122,H,,S,
ASN00092045,19770316,TAVG,167,H,,S,
ASN00092045,19770317,TAVG,158,H,,S,
ASN00092045,19770318,TAVG,168,H,,S,
ASN00092045,19770319,TAVG,155,H,,S,
ASN00092045,19770320,TAVG,157,H,,S,
ASN00092045,19770321,TAVG,172,H,,S,
ASN00092045,19770322,TAVG,178,H,,S,
ASN00092045,19770323,TAVG,180,H,,S,
ASN00092045,19770324,TAVG,167,H,,S,
ASN00092045,19770325,TAVG,182,H,,S,
ASN00092045,19770326,TAVG,158,H,,S,
ASN00092045,19770327,TAVG,156,H,,S,
ASN00092045,19770329,TAVG,175,H,,S,
ASN00092045,19770330,TAVG,168,H,,S,
ASN00092045,19770331,TAVG,137,H,,S,
ASN00092045,19770401,TMAX,185,,,a,
ASN00092045,19770402,TMAX,182,,,a,
ASN00092045,19770403,TMAX,185,,,a,
ASN00092045,19770404,TMAX,195,,,a,
ASN00092045,19770405,TMAX,210,,,a,
ASN00092045,19770406,TMAX,182,,,a,
ASN00092045,19770407,TMAX,182,,,a,
ASN00092045,19770408,TMAX,175,,,a,
ASN00092045,19770409,TMAX,142,,,a,
ASN00092045,19770410,TMAX,185,,,a,
ASN00092045,19770411,TMAX,195,,,a,
ASN00092045,19770412,TMAX,168,,,a,
ASN00092045,19770413,TMAX,185,,,a,
ASN00092045,19770414,TMAX,186,,,a,
ASN00092045,19770415,TMAX,176,,,a,
ASN00092045,19770416,TMAX,170,,,a,
ASN00092045,19770417,TMAX,160,,,a,
ASN00092045,19770418,TMAX,165,,,a,
ASN00092045,19770419,TMAX,175,,,a,
ASN00092045,19770420,TMAX,168,,,a,
ASN00092045,19770421,TMAX,162,,,a,
ASN00092045,19770422,TMAX,175,,,a,
ASN00092045,19770423,TMAX,150,,,a,
ASN00092045,19770424,TMAX,168,,,a,
ASN00092045,19770425,TMAX,191,,,a,
ASN00092045,19770426,TMAX,150,,,a,
ASN00092045,19770427,TMAX,151,,,a,
ASN00092045,19770428,TMAX,170,,,a,
ASN00092045,19770429,TMAX,142,,,a,
ASN00092045,19770430,TMAX,185,,,a,
ASN00092045,19770401,TMIN,95,,,a,
ASN00092045,19770402,TMIN,108,,,a,
ASN00092045,19770403,TMIN,150,,,a,
ASN00092045,19770404,TMIN,120,,,a,
ASN00092045,19770405,TMIN,148,,,a,
ASN00092045,19770406,TMIN,128,,,a,
ASN00092045,19770407,TMIN,135,,,a,
ASN00092045,19770408,TMIN,135,,,a,
ASN00092045,19770409,TMIN,80,,,a,
ASN00092045,19770410,TMIN,76,,,a,
ASN00092045,19770411,TMIN,115,,,a,
ASN00092045,19770412,TMIN,88,,,a,
ASN00092045,19770413,TMIN,130,,,a,
ASN00092045,19770414,TMIN,125,,,a,
ASN00092045,19770415,TMIN,114,,,a,
ASN00092045,19770416,TMIN,125,,,a,
ASN00092045,19770417,TMIN,68,,,a,
ASN00092045,19770418,TMIN,100,,,a,
ASN00092045,19770419,TMIN,115,,,a,
ASN00092045,19770420,TMIN,130,,,a,
ASN00092045,19770421,TMIN,110,,,a,
ASN00092045,19770422,TMIN,110,,,a,
ASN00092045,19770423,TMIN,120,,,a,
ASN00092045,19770424,TMIN,78,,,a,
ASN00092045,19770425,TMIN,110,,,a,
ASN00092045,19770426,TMIN,52,,,a,
ASN00092045,19770427,TMIN,76,,,a,
ASN00092045,19770428,TMIN,115,,,a,
ASN00092045,19770429,TMIN,42,,,a,
ASN00092045,19770430,TMIN,20,,,a,
ASN00092045,19770401,PRCP,72,,,a,
ASN00092045,19770402,PRCP,0,,,a,
ASN00092045,19770403,PRCP,18,,,a,
ASN00092045,19770404,PRCP,14,,,a,
ASN00092045,19770405,PRCP,0,,,a,
ASN00092045,19770406,PRCP,0,,,a,
ASN00092045,19770407,PRCP,0,,,a,
ASN00092045,19770408,PRCP,0,,,a,
ASN00092045,19770409,PRCP,0,,,a,
ASN00092045,19770410,PRCP,0,,,a,
ASN00092045,19770411,PRCP,0,,,a,
ASN00092045,19770412,PRCP,0,,,a,
ASN00092045,19770413,PRCP,0,,,a,
ASN00092045,19770414,PRCP,0,,,a,
ASN00092045,19770415,PRCP,0,,,a,
ASN00092045,19770416,PRCP,0,,,a,
ASN00092045,19770417,PRCP,50,,,a,
ASN00092045,19770418,PRCP,0,,,a,
ASN00092045,19770419,PRCP,6,,,a,
ASN00092045,19770420,PRCP,0,,,a,
ASN00092045,19770421,PRCP,6,,,a,
ASN00092045,19770422,PRCP,0,,,a,
ASN00092045,19770423,PRCP,0,,,a,
ASN00092045,19770424,PRCP,0,,,a,
ASN00092045,19770425,PRCP,0,,,a,
ASN00092045,19770426,PRCP,18,,,a,
ASN00092045,19770427,PRCP,0,,,a,
ASN00092045,19770428,PRCP,0,,,a,
ASN00092045,19770429,PRCP,0,,,a,
ASN00092045,19770430,PRCP,0,,,a,
ASN00092045,19770401,TAVG,156,H,,S,
ASN00092045,19770402,TAVG,168,H,,S,
ASN00092045,19770403,TAVG,157,H,,S,
ASN00092045,19770404,TAVG,172,H,,S,
ASN00092045,19770405,TAVG,169,H,,S,
ASN00092045,19770406,TAVG,153,H,,S,
ASN00092045,19770407,TAVG,154,H,,S,
ASN00092045,19770408,TAVG,136,H,,S,
ASN00092045,19770409,TAVG,123,H,,S,
ASN00092045,19770410,TAVG,143,H,,S,
ASN00092045,19770411,TAVG,143,H,,S,
ASN00092045,19770412,TAVG,152,H,,S,
ASN00092045,19770413,TAVG,153,H,,S,
ASN00092045,19770414,TAVG,150,H,,S,
ASN00092045,19770415,TAVG,137,H,,S,
ASN00092045,19770416,TAVG,117,H,,S,
ASN00092045,19770417,TAVG,120,H,,S,
ASN00092045,19770418,TAVG,142,H,,S,
ASN00092045,19770419,TAVG,145,H,,S,
ASN00092045,19770420,TAVG,138,H,,S,
ASN00092045,19770421,TAVG,135,H,,S,
ASN00092045,19770422,TAVG,138,H,,S,
ASN00092045,19770423,TAVG,112,H,,S,
ASN00092045,19770424,TAVG,142,H,,S,
ASN00092045,19770425,TAVG,123,H,,S,
ASN00092045,19770426,TAVG,110,H,,S,
ASN00092045,19770427,TAVG,138,H,,S,
ASN00092045,19770428,TAVG,110,H,,S,
ASN00092045,19770429,TAVG,125,H,,S,
ASN00092045,19770430,TAVG,137,H,,S,
ASN00092045,19770501,TMAX,155,,,a,
ASN00092045,19770502,TMAX,150,,,a,
ASN00092045,19770503,TMAX,158,,,a,
ASN00092045,19770504,TMAX,160,,,a,
ASN00092045,19770505,TMAX,167,,,a,
ASN00092045,19770506,TMAX,180,,,a,
ASN00092045,19770507,TMAX,165,,,a,
ASN00092045,19770508,TMAX,167,,,a,
ASN00092045,19770509,TMAX,160,,,a,
ASN00092045,19770510,TMAX,150,,,a,
ASN00092045,19770511,TMAX,168,,,a,
ASN00092045,19770512,TMAX,145,,,a,
ASN00092045,19770513,TMAX,151,,,a,
ASN00092045,19770514,TMAX,158,,,a,
ASN00092045,19770515,TMAX,158,,,a,
ASN00092045,19770516,TMAX,136,,,a,
ASN00092045,19770517,TMAX,156,,,a,
ASN00092045,19770518,TMAX,154,,,a,
ASN00092045,19770519,TMAX,155,,,a,
ASN00092045,19770520,TMAX,157,,,a,
ASN00092045,19770521,TMAX,135,,,a,
ASN00092045,19770522,TMAX,151,,,a,
ASN00092045,19770523,TMAX,145,,,a,
ASN00092045,19770524,TMAX,135,,,a,
ASN00092045,19770525,TMAX,133,,,a,
ASN00092045,19770526,TMAX,146,,,a,
ASN00092045,19770527,TMAX,147,,,a,
ASN00092045,19770528,TMAX,150,,,a,
ASN00092045,19770529,TMAX,138,,,a,
ASN00092045,19770530,TMAX,140,,,a,
ASN00092045,19770531,TMAX,118,,,a,
ASN00092045,19770501,TMIN,85,,,a,
ASN00092045,19770502,TMIN,78,,,a,
ASN00092045,19770503,TMIN,85,,,a,
ASN00092045,19770504,TMIN,80,,,a,
ASN00092045,19770505,TMIN,110,,,a,
ASN00092045,19770506,TMIN,120,,,a,
ASN00092045,19770507,TMIN,128,,,a,
ASN00092045,19770508,TMIN,96,,,a,
ASN00092045,19770509,TMIN,95,,,a,
ASN00092045,19770510,TMIN,100,,,a,
ASN00092045,19770511,TMIN,95,,,a,
ASN00092045,19770512,TMIN,72,,,a,
ASN00092045,19770513,TMIN,95,,,a,
ASN00092045,19770514,TMIN,86,,,a,
ASN00092045,19770515,TMIN,88,,,a,
ASN00092045,19770516,TMIN,88,,,a,
ASN00092045,19770517,TMIN,108,,,a,
ASN00092045,19770518,TMIN,128,,,a,
ASN00092045,19770519,TMIN,122,,,a,
ASN00092045,19770520,TMIN,135,,,a,
ASN00092045,19770521,TMIN,105,,,a,
ASN00092045,19770522,TMIN,100,,,a,
ASN00092045,19770523,TMIN,90,,,a,
ASN00092045,19770524,TMIN,80,,,a,
ASN00092045,19770525,TMIN,90,,,a,
ASN00092045,19770526,TMIN,80,,,a,
ASN00092045,19770527,TMIN,115,,,a,
ASN00092045,19770528,TMIN,114,,,a,
ASN00092045,19770529,TMIN,40,,,a,
ASN00092045,19770530,TMIN,80,,,a,
ASN00092045,19770531,TMIN,50,,,a,
ASN00092045,19770501,PRCP,0,,,a,
ASN00092045,19770502,PRCP,0,,,a,
ASN00092045,19770503,PRCP,0,,,a,
ASN00092045,19770504,PRCP,0,,,a,
ASN00092045,19770505,PRCP,0,,,a,
ASN00092045,19770506,PRCP,40,,,a,
ASN00092045,19770507,PRCP,0,,,a,
ASN00092045,19770508,PRCP,0,,,a,
ASN00092045,19770509,PRCP,4,,,a,
ASN00092045,19770510,PRCP,84,,,a,
ASN00092045,19770511,PRCP,22,,,a,
ASN00092045,19770512,PRCP,50,,,a,
ASN00092045,19770513,PRCP,0,,,a,
ASN00092045,19770514,PRCP,20,,,a,
ASN00092045,19770515,PRCP,0,,,a,
ASN00092045,19770516,PRCP,0,,,a,
ASN00092045,19770517,PRCP,0,,,a,
ASN00092045,19770518,PRCP,0,,,a,
ASN00092045,19770519,PRCP,50,,,a,
ASN00092045,19770520,PRCP,4,,,a,
ASN00092045,19770521,PRCP,80,,,a,
ASN00092045,19770522,PRCP,16,,,a,
ASN00092045,19770523,PRCP,0,,,a,
ASN00092045,19770524,PRCP,0,,,a,
ASN00092045,19770525,PRCP,68,,,a,
ASN00092045,19770526,PRCP,0,,,a,
ASN00092045,19770527,PRCP,12,,,a,
ASN00092045,19770528,PRCP,50,,,a,
ASN00092045,19770529,PRCP,14,,,a,
ASN00092045,19770530,PRCP,216,,,a,
ASN00092045,19770531,PRCP,65,,,a,
ASN00092045,19770501,TAVG,120,H,,S,
ASN00092045,19770502,TAVG,118,H,,S,
ASN00092045,19770503,TAVG,116,H,,S,
ASN00092045,19770504,TAVG,137,H,,S,
ASN00092045,19770505,TAVG,142,H,,S,
ASN00092045,19770506,TAVG,152,H,,S,
ASN00092045,19770507,TAVG,147,H,,S,
ASN00092045,19770508,TAVG,128,H,,S,
ASN00092045,19770509,TAVG,123,H,,S,
ASN00092045,19770510,TAVG,133,H,,S,
ASN00092045,19770511,TAVG,102,H,,S,
ASN00092045,19770512,TAVG,130,H,,S,
ASN00092045,19770513,TAVG,122,H,,S,
ASN00092045,19770514,TAVG,125,H,,S,
ASN00092045,19770515,TAVG,122,H,,S,
ASN00092045,19770516,TAVG,128,H,,S,
ASN00092045,19770517,TAVG,142,H,,S,
ASN00092045,19770518,TAVG,143,H,,S,
ASN00092045,19770519,TAVG,151,H,,S,
ASN00092045,19770520,TAVG,132,H,,S,
ASN00092045,19770521,TAVG,116,H,,S,
ASN00092045,19770522,TAVG,116,H,,S,
ASN00092045,19770523,TAVG,104,H,,S,
ASN00092045,19770524,TAVG,110,H,,S,
ASN00092045,19770525,TAVG,112,H,,S,
ASN00092045,19770526,TAVG,128,H,,S,
ASN00092045,19770527,TAVG,128,H,,S,
ASN00092045,19770528,TAVG,98,H,,S,
ASN00092045,19770529,TAVG,129,H,,S,
ASN00092045,19770530,TAVG,74,H,,S,
ASN00092045,19770531,TAVG,68,H,,S,
ASN00092045,19770601,TMAX,112,,,a,
ASN00092045,19770602,TMAX,148,,,a,
ASN00092045,19770603,TMAX,142,,,a,
ASN00092045,19770604,TMAX,135,,,a,
ASN00092045,19770605,TMAX,134,,,a,
ASN00092045,19770606,TMAX,145,,,a,
ASN00092045,19770607,TMAX,148,,,a,
ASN00092045,19770608,TMAX,140,,,a,
ASN00092045,19770609,TMAX,115,,,a,
ASN00092045,19770610,TMAX,132,,,a,
ASN00092045,19770611,TMAX,122,,,a,
ASN00092045,19770612,TMAX,118,,,a,
ASN00092045,19770613,TMAX,135,,,a,
ASN00092045,19770614,TMAX,138,,,a,
ASN00092045,19770615,TMAX,128,,,a,
ASN00092045,19770616,TMAX,130,,,a,
ASN00092045,19770617,TMAX,144,,,a,
ASN00092045,19770618,TMAX,145,,,a,
ASN00092045,19770619,TMAX,140,,,a,
ASN00092045,19770620,TMAX,138,,,a,
ASN00092045,19770621,TMAX,130,,,a,
ASN00092045,19770622,TMAX,131,,,a,
ASN00092045,19770623,TMAX,122,,,a,
ASN00092045,19770624,TMAX,123,,,a,
ASN00092045,19770625,TMAX,120,,,a,
ASN00092045,19770626,TMAX,118,,,a,
ASN00092045,19770627,TMAX,125,,,a,
ASN00092045,19770628,TMAX,105,,,a,
ASN00092045,19770629,TMAX,120,,,a,
ASN00092045,19770630,TMAX,95,,,a,
ASN00092045,19770601,TMIN,45,,,a,
ASN00092045,19770602,TMIN,40,,,a,
ASN00092045,19770603,TMIN,80,,,a,
ASN00092045,19770604,TMIN,60,,,a,
ASN00092045,19770605,TMIN,86,,,a,
ASN00092045,19770606,TMIN,85,,,a,
ASN00092045,19770607,TMIN,130,,,a,
ASN00092045,19770608,TMIN,101,,,a,
ASN00092045,19770609,TMIN,100,,,a,
ASN00092045,19770610,TMIN,102,,,a,
ASN00092045,19770611,TMIN,70,,,a,
ASN00092045,19770612,TMIN,25,,,a,
ASN00092045,19770613,TMIN,45,,,a,
ASN00092045,19770614,TMIN,78,,,a,
ASN00092045,19770615,TMIN,108,,,a,
ASN00092045,19770616,TMIN,55,,,a,
ASN00092045,19770617,TMIN,85,,,a,
ASN00092045,19770618,TMIN,125,,,a,
ASN00092045,19770619,TMIN,122,,,a,
ASN00092045,19770620,TMIN,85,,,a,
ASN00092045,19770621,TMIN,90,,,a,
ASN00092045,19770622,TMIN,64,,,a,
ASN00092045,19770623,TMIN,65,,,a,
ASN00092045,19770624,TMIN,80,,,a,
ASN00092045,19770625,TMIN,75,,,a,
ASN00092045,19770626,TMIN,72,,,a,
ASN00092045,19770627,TMIN,65,,,a,
ASN00092045,19770628,TMIN,55,,,a,
ASN00092045,19770629,TMIN,50,,,a,
ASN00092045,19770630,TMIN,50,,,a,
ASN00092045,19770601,PRCP,0,,,a,
ASN00092045,19770602,PRCP,2,,,a,
ASN00092045,19770603,PRCP,0,,,a,
ASN00092045,19770604,PRCP,0,,,a,
ASN00092045,19770605,PRCP,0,,,a,
ASN00092045,19770606,PRCP,2,,,a,
ASN00092045,19770607,PRCP,0,,,a,
ASN00092045,19770608,PRCP,4,,,a,
ASN00092045,19770609,PRCP,18,,,a,
ASN00092045,19770610,PRCP,2,,,a,
ASN00092045,19770611,PRCP,0,,,a,
ASN00092045,19770612,PRCP,0,,,a,
ASN00092045,19770613,PRCP,0,,,a,
ASN00092045,19770614,PRCP,0,,,a,
ASN00092045,19770615,PRCP,42,,,a,
ASN00092045,19770616,PRCP,96,,,a,
ASN00092045,19770617,PRCP,36,,,a,
ASN00092045,19770618,PRCP,30,,,a,
ASN00092045,19770619,PRCP,3,,,a,
ASN00092045,19770620,PRCP,0,,,a,
ASN00092045,19770621,PRCP,0,,,a,
ASN00092045,19770622,PRCP,0,,,a,
ASN00092045,19770623,PRCP,0,,,a,
ASN00092045,19770624,PRCP,32,,,a,
ASN00092045,19770625,PRCP,244,,,a,
ASN00092045,19770626,PRCP,176,,,a,
ASN00092045,19770627,PRCP,0,,,a,
ASN00092045,19770628,PRCP,74,,,a,
ASN00092045,19770629,PRCP,52,,,a,
ASN00092045,19770630,PRCP,41,,,a,
ASN00092045,19770601,TAVG,96,H,,S,
ASN00092045,19770602,TAVG,118,H,,S,
ASN00092045,19770603,TAVG,104,H,,S,
ASN00092045,19770604,TAVG,112,H,,S,
ASN00092045,19770605,TAVG,115,H,,S,
ASN00092045,19770606,TAVG,140,H,,S,
ASN00092045,19770607,TAVG,124,H,,S,
ASN00092045,19770608,TAVG,110,H,,S,
ASN00092045,19770609,TAVG,110,H,,S,
ASN00092045,19770610,TAVG,98,H,,S,
ASN00092045,19770611,TAVG,83,H,,S,
ASN00092045,19770612,TAVG,85,H,,S,
ASN00092045,19770613,TAVG,125,H,,S,
ASN00092045,19770614,TAVG,122,H,,S,
ASN00092045,19770615,TAVG,95,H,,S,
ASN00092045,19770616,TAVG,120,H,,S,
ASN00092045,19770617,TAVG,134,H,,S,
ASN00092045,19770618,TAVG,139,H,,S,
ASN00092045,19770619,TAVG,120,H,,S,
ASN00092045,19770620,TAVG,105,H,,S,
ASN00092045,19770621,TAVG,96,H,,S,
ASN00092045,19770622,TAVG,92,H,,S,
ASN00092045,19770623,TAVG,108,H,,S,
ASN00092045,19770624,TAVG,97,H,,S,
ASN00092045,19770625,TAVG,108,H,,S,
ASN00092045,19770626,TAVG,105,H,,S,
ASN00092045,19770627,TAVG,112,H,,S,
ASN00092045,19770628,TAVG,85,H,,S,
ASN00092045,19770629,TAVG,93,H,,S,
ASN00092045,19770630,TAVG,58,H,,S,
ASN00092045,19770701,TMAX,125,,,a,
ASN00092045,19770702,TMAX,125,,,a,
ASN00092045,19770703,TMAX,125,,,a,
ASN00092045,19770704,TMAX,145,,,a,
ASN00092045,19770705,TMAX,132,,,a,
ASN00092045,19770706,TMAX,128,,,a,
ASN00092045,19770707,TMAX,140,,,a,
ASN00092045,19770708,TMAX,140,,,a,
ASN00092045,19770709,TMAX,120,,,a,
ASN00092045,19770710,TMAX,125,,,a,
ASN00092045,19770711,TMAX,125,,,a,
ASN00092045,19770712,TMAX,122,,,a,
ASN00092045,19770713,TMAX,130,,,a,
ASN00092045,19770714,TMAX,118,,,a,
ASN00092045,19770715,TMAX,120,,,a,
ASN00092045,19770716,TMAX,122,,,a,
ASN00092045,19770717,TMAX,105,,,a,
ASN00092045,19770718,TMAX,105,,,a,
ASN00092045,19770719,TMAX,90,,,a,
ASN00092045,19770720,TMAX,116,,,a,
ASN00092045,19770721,TMAX,112,,,a,
ASN00092045,19770722,TMAX,140,,,a,
ASN00092045,19770723,TMAX,132,,,a,
ASN00092045,19770724,TMAX,105,,,a,
ASN00092045,19770725,TMAX,118,,,a,
ASN00092045,19770726,TMAX,110,,,a,
ASN00092045,19770727,TMAX,118,,,a,
ASN00092045,19770728,TMAX,118,,,a,
ASN00092045,19770729,TMAX,125,,,a,
ASN00092045,19770730,TMAX,125,,,a,
ASN00092045,19770731,TMAX,118,,,a,
ASN00092045,19770701,TMIN,30,,,a,
ASN00092045,19770702,TMIN,50,,,a,
ASN00092045,19770703,TMIN,70,,,a,
ASN00092045,19770704,TMIN,90,,,a,
ASN00092045,19770705,TMIN,88,,,a,
ASN00092045,19770706,TMIN,78,,,a,
ASN00092045,19770707,TMIN,81,,,a,
ASN00092045,19770708,TMIN,65,,,a,
ASN00092045,19770709,TMIN,62,,,a,
ASN00092045,19770710,TMIN,48,,,a,
ASN00092045,19770711,TMIN,72,,,a,
ASN00092045,19770712,TMIN,50,,,a,
ASN00092045,19770713,TMIN,65,,,a,
ASN00092045,19770714,TMIN,45,,,a,
ASN00092045,19770715,TMIN,60,,,a,
ASN00092045,19770716,TMIN,95,,,a,
ASN00092045,19770717,TMIN,60,,,a,
ASN00092045,19770718,TMIN,50,,,a,
ASN00092045,19770719,TMIN,58,,,a,
ASN00092045,19770720,TMIN,66,,,a,
ASN00092045,19770721,TMIN,48,,,a,
ASN00092045,19770722,TMIN,60,,,a,
ASN00092045,19770723,TMIN,100,,,a,
ASN00092045,19770724,TMIN,65,,,a,
ASN00092045,19770725,TMIN,55,,,a,
ASN00092045,19770726,TMIN,35,,,a,
ASN00092045,19770727,TMIN,55,,,a,
ASN00092045,19770728,TMIN,45,,,a,
ASN00092045,19770729,TMIN,65,,,a,
ASN00092045,19770730,TMIN,35,,,a,
ASN00092045,19770731,TMIN,35,,,a,
ASN00092045,19770701,PRCP,0,,,a,
ASN00092045,19770702,PRCP,0,,,a,
ASN00092045,19770703,PRCP,0,,,a,
ASN00092045,19770704,PRCP,0,,,a,
ASN00092045,19770705,PRCP,0,,,a,
ASN00092045,19770706,PRCP,0,,,a,
ASN00092045,19770707,PRCP,0,,,a,
ASN00092045,19770708,PRCP,0,,,a,
ASN00092045,19770709,PRCP,0,,,a,
ASN00092045,19770710,PRCP,0,,,a,
ASN00092045,19770711,PRCP,48,,,a,
ASN00092045,19770712,PRCP,0,,,a,
ASN00092045,19770713,PRCP,0,,,a,
ASN00092045,19770714,PRCP,98,,,a,
ASN00092045,19770715,PRCP,640,,,a,
ASN00092045,19770716,PRCP,4,,,a,
ASN00092045,19770717,PRCP,0,,,a,
ASN00092045,19770718,PRCP,0,,,a,
ASN00092045,19770719,PRCP,0,,,a,
ASN00092045,19770720,PRCP,0,,,a,
ASN00092045,19770721,PRCP,0,,,a,
ASN00092045,19770722,PRCP,4,,,a,
ASN00092045,19770723,PRCP,0,,,a,
ASN00092045,19770724,PRCP,52,,,a,
ASN00092045,19770725,PRCP,43,,,a,
ASN00092045,19770726,PRCP,0,,,a,
ASN00092045,19770727,PRCP,0,,,a,
ASN00092045,19770728,PRCP,0,,,a,
ASN00092045,19770729,PRCP,1,,,a,
ASN00092045,19770730,PRCP,0,,,a,
ASN00092045,19770731,PRCP,0,,,a,
ASN00092045,19770701,TAVG,103,H,,S,
ASN00092045,19770702,TAVG,105,H,,S,
ASN00092045,19770703,TAVG,110,H,,S,
ASN00092045,19770704,TAVG,104,H,,S,
ASN00092045,19770706,TAVG,93,H,,S,
ASN00092045,19770707,TAVG,103,H,,S,
ASN00092045,19770708,TAVG,97,H,,S,
ASN00092045,19770709,TAVG,83,H,,S,
ASN00092045,19770710,TAVG,112,H,,S,
ASN00092045,19770711,TAVG,93,H,,S,
ASN00092045,19770712,TAVG,107,H,,S,
ASN00092045,19770713,TAVG,67,H,,S,
ASN00092045,19770714,TAVG,108,H,,S,
ASN00092045,19770715,TAVG,108,H,,S,
ASN00092045,19770716,TAVG,95,H,,S,
ASN00092045,19770717,TAVG,82,H,,S,
ASN00092045,19770718,TAVG,77,H,,S,
ASN00092045,19770719,TAVG,80,H,,S,
ASN00092045,19770720,TAVG,80,H,,S,
ASN00092045,19770721,TAVG,93,H,,S,
ASN00092045,19770722,TAVG,132,H,,S,
ASN00092045,19770723,TAVG,84,H,,S,
ASN00092045,19770724,TAVG,83,H,,S,
ASN00092045,19770725,TAVG,64,H,,S,
ASN00092045,19770726,TAVG,80,H,,S,
ASN00092045,19770727,TAVG,78,H,,S,
ASN00092045,19770728,TAVG,95,H,,S,
ASN00092045,19770729,TAVG,78,H,,S,
ASN00092045,19770730,TAVG,85,H,,S,
ASN00092045,19770731,TAVG,99,H,,S,
ASN00092045,19770801,TMAX,105,,,a,
ASN00092045,19770802,TMAX,124,,,a,
ASN00092045,19770803,TMAX,130,,,a,
ASN00092045,19770804,TMAX,130,,,a,
ASN00092045,19770805,TMAX,130,,,a,
ASN00092045,19770806,TMAX,140,,,a,
ASN00092045,19770807,TMAX,120,,,a,
ASN00092045,19770808,TMAX,118,,,a,
ASN00092045,19770809,TMAX,122,,,a,
ASN00092045,19770810,TMAX,155,,,a,
ASN00092045,19770811,TMAX,160,,,a,
ASN00092045,19770812,TMAX,136,,,a,
ASN00092045,19770813,TMAX,125,,,a,
ASN00092045,19770814,TMAX,144,,,a,
ASN00092045,19770815,TMAX,145,,,a,
ASN00092045,19770816,TMAX,140,,,a,
ASN00092045,19770817,TMAX,136,,,a,
ASN00092045,19770818,TMAX,140,,,a,
ASN00092045,19770819,TMAX,145,,,a,
ASN00092045,19770820,TMAX,152,,,a,
ASN00092045,19770821,TMAX,126,,,a,
ASN00092045,19770822,TMAX,136,,,a,
ASN00092045,19770823,TMAX,138,,,a,
ASN00092045,19770824,TMAX,138,,,a,
ASN00092045,19770825,TMAX,188,,,a,
ASN00092045,19770826,TMAX,194,,,a,
ASN00092045,19770827,TMAX,135,,,a,
ASN00092045,19770828,TMAX,124,,,a,
ASN00092045,19770829,TMAX,148,,,a,
ASN00092045,19770830,TMAX,132,,,a,
ASN00092045,19770831,TMAX,125,,,a,
ASN00092045,19770801,TMIN,74,,,a,
ASN00092045,19770802,TMIN,57,,,a,
ASN00092045,19770803,TMIN,80,,,a,
ASN00092045,19770804,TMIN,80,,,a,
ASN00092045,19770805,TMIN,78,,,a,
ASN00092045,19770806,TMIN,90,,,a,
ASN00092045,19770807,TMIN,58,,,a,
ASN00092045,19770808,TMIN,30,,,a,
ASN00092045,19770809,TMIN,50,,,a,
ASN00092045,19770810,TMIN,90,,,a,
ASN00092045,19770811,TMIN,85,,,a,
ASN00092045,19770812,TMIN,112,,,a,
ASN00092045,19770813,TMIN,55,,,a,
ASN00092045,19770814,TMIN,34,,,a,
ASN00092045,19770815,TMIN,75,,,a,
ASN00092045,19770816,TMIN,65,,,a,
ASN00092045,19770817,TMIN,60,,,a,
ASN00092045,19770818,TMIN,94,,,a,
ASN00092045,19770819,TMIN,65,,,a,
ASN00092045,19770820,TMIN,102,,,a,
ASN00092045,19770821,TMIN,80,,,a,
ASN00092045,19770822,TMIN,40,,,a,
ASN00092045,19770823,TMIN,70,,,a,
ASN00092045,19770824,TMIN,62,,,a,
ASN00092045,19770825,TMIN,90,,,a,
ASN00092045,19770826,TMIN,102,,,a,
ASN00092045,19770827,TMIN,68,,,a,
ASN00092045,19770828,TMIN,78,,,a,
ASN00092045,19770829,TMIN,98,,,a,
ASN00092045,19770830,TMIN,90,,,a,
ASN00092045,19770831,TMIN,57,,,a,
ASN00092045,19770801,PRCP,40,,,a,
ASN00092045,19770802,PRCP,40,,,a,
ASN00092045,19770803,PRCP,0,,,a,
ASN00092045,19770804,PRCP,20,,,a,
ASN00092045,19770805,PRCP,0,,,a,
ASN00092045,19770806,PRCP,62,,,a,
ASN00092045,19770807,PRCP,22,,,a,
ASN00092045,19770808,PRCP,10,,,a,
ASN00092045,19770809,PRCP,0,,,a,
ASN00092045,19770810,PRCP,4,,,a,
ASN00092045,19770811,PRCP,0,,,a,
ASN00092045,19770812,PRCP,30,,,a,
ASN00092045,19770813,PRCP,0,,,a,
ASN00092045,19770814,PRCP,0,,,a,
ASN00092045,19770815,PRCP,0,,,a,
ASN00092045,19770816,PRCP,0,,,a,
ASN00092045,19770817,PRCP,6,,,a,
ASN00092045,19770818,PRCP,24,,,a,
ASN00092045,19770819,PRCP,0,,,a,
ASN00092045,19770820,PRCP,12,,,a,
ASN00092045,19770821,PRCP,68,,,a,
ASN00092045,19770822,PRCP,30,,,a,
ASN00092045,19770823,PRCP,0,,,a,
ASN00092045,19770824,PRCP,0,,,a,
ASN00092045,19770825,PRCP,0,,,a,
ASN00092045,19770826,PRCP,0,,,a,
ASN00092045,19770827,PRCP,0,,,a,
ASN00092045,19770828,PRCP,32,,,a,
ASN00092045,19770829,PRCP,0,,,a,
ASN00092045,19770830,PRCP,0,,,a,
ASN00092045,19770831,PRCP,0,,,a,
ASN00092045,19770801,TAVG,80,H,,S,
ASN00092045,19770802,TAVG,113,H,,S,
ASN00092045,19770803,TAVG,115,H,,S,
ASN00092045,19770804,TAVG,105,H,,S,
ASN00092045,19770805,TAVG,113,H,,S,
ASN00092045,19770806,TAVG,95,H,,S,
ASN00092045,19770807,TAVG,82,H,,S,
ASN00092045,19770808,TAVG,82,H,,S,
ASN00092045,19770809,TAVG,110,H,,S,
ASN00092045,19770810,TAVG,118,H,,S,
ASN00092045,19770811,TAVG,130,H,,S,
ASN00092045,19770812,TAVG,98,H,,S,
ASN00092045,19770813,TAVG,83,H,,S,
ASN00092045,19770814,TAVG,110,H,,S,
ASN00092045,19770815,TAVG,98,H,,S,
ASN00092045,19770816,TAVG,98,H,,S,
ASN00092045,19770817,TAVG,130,H,,S,
ASN00092045,19770818,TAVG,97,H,,S,
ASN00092045,19770819,TAVG,134,H,,S,
ASN00092045,19770820,TAVG,112,H,,S,
ASN00092045,19770821,TAVG,98,H,,S,
ASN00092045,19770822,TAVG,110,H,,S,
ASN00092045,19770823,TAVG,114,H,,S,
ASN00092045,19770824,TAVG,120,H,,S,
ASN00092045,19770825,TAVG,133,H,,S,
ASN00092045,19770826,TAVG,124,H,,S,
ASN00092045,19770827,TAVG,102,H,,S,
ASN00092045,19770828,TAVG,118,H,,S,
ASN00092045,19770829,TAVG,115,H,,S,
ASN00092045,19770830,TAVG,95,H,,S,
ASN00092045,19770831,TAVG,103,H,,S,
ASN00092045,19770901,TMAX,135,,,a,
ASN00092045,19770902,TMAX,125,,,a,
ASN00092045,19770903,TMAX,121,,,a,
ASN00092045,19770904,TMAX,115,,,a,
ASN00092045,19770905,TMAX,128,,,a,
ASN00092045,19770906,TMAX,127,,,a,
ASN00092045,19770907,TMAX,138,,,a,
ASN00092045,19770908,TMAX,132,,,a,
ASN00092045,19770909,TMAX,150,,,a,
ASN00092045,19770910,TMAX,136,,,a,
ASN00092045,19770911,TMAX,124,,,a,
ASN00092045,19770912,TMAX,135,,,a,
ASN00092045,19770913,TMAX,136,,,a,
ASN00092045,19770914,TMAX,108,,,a,
ASN00092045,19770915,TMAX,132,,,a,
ASN00092045,19770916,TMAX,131,,,a,
ASN00092045,19770917,TMAX,135,,,a,
ASN00092045,19770918,TMAX,155,,,a,
ASN00092045,19770919,TMAX,168,,,a,
ASN00092045,19770920,TMAX,140,,,a,
ASN00092045,19770921,TMAX,155,,,a,
ASN00092045,19770922,TMAX,148,,,a,
ASN00092045,19770923,TMAX,130,,,a,
ASN00092045,19770924,TMAX,138,,,a,
ASN00092045,19770925,TMAX,141,,,a,
ASN00092045,19770926,TMAX,186,,,a,
ASN00092045,19770927,TMAX,148,,,a,
ASN00092045,19770928,TMAX,140,,,a,
ASN00092045,19770929,TMAX,108,,,a,
ASN00092045,19770930,TMAX,132,,,a,
ASN00092045,19770901,TMIN,72,,,a,
ASN00092045,19770902,TMIN,55,,,a,
ASN00092045,19770903,TMIN,52,,,a,
ASN00092045,19770904,TMIN,58,,,a,
ASN00092045,19770905,TMIN,42,,,a,
ASN00092045,19770906,TMIN,65,,,a,
ASN00092045,19770907,TMIN,65,,,a,
ASN00092045,19770908,TMIN,75,,,a,
ASN00092045,19770909,TMIN,105,,,a,
ASN00092045,19770910,TMIN,105,,,a,
ASN00092045,19770911,TMIN,105,,,a,
ASN00092045,19770912,TMIN,92,,,a,
ASN00092045,19770913,TMIN,82,,,a,
ASN00092045,19770914,TMIN,70,,,a,
ASN00092045,19770915,TMIN,42,,,a,
ASN00092045,19770916,TMIN,51,,,a,
ASN00092045,19770917,TMIN,65,,,a,
ASN00092045,19770918,TMIN,85,,,a,
ASN00092045,19770919,TMIN,50,,,a,
ASN00092045,19770920,TMIN,75,,,a,
ASN00092045,19770921,TMIN,80,,,a,
ASN00092045,19770922,TMIN,135,,,a,
ASN00092045,19770923,TMIN,55,,,a,
ASN00092045,19770924,TMIN,55,,,a,
ASN00092045,19770925,TMIN,85,,,a,
ASN00092045,19770926,TMIN,102,,,a,
ASN00092045,19770927,TMIN,102,,,a,
ASN00092045,19770928,TMIN,100,,,a,
ASN00092045,19770929,TMIN,98,,,a,
ASN00092045,19770930,TMIN,85,,,a,
ASN00092045,19770901,PRCP,0,,,a,
ASN00092045,19770902,PRCP,0,,,a,
ASN00092045,19770903,PRCP,0,,,a,
ASN00092045,19770904,PRCP,150,,,a,
ASN00092045,19770905,PRCP,0,,,a,
ASN00092045,19770906,PRCP,0,,,a,
ASN00092045,19770907,PRCP,46,,,a,
ASN00092045,19770908,PRCP,0,,,a,
ASN00092045,19770909,PRCP,0,,,a,
ASN00092045,19770910,PRCP,46,,,a,
ASN00092045,19770911,PRCP,60,,,a,
ASN00092045,19770912,PRCP,138,,,a,
ASN00092045,19770913,PRCP,0,,,a,
ASN00092045,19770914,PRCP,0,,,a,
ASN00092045,19770915,PRCP,0,,,a,
ASN00092045,19770916,PRCP,0,,,a,
ASN00092045,19770917,PRCP,0,,,a,
ASN00092045,19770918,PRCP,0,,,a,
ASN00092045,19770919,PRCP,18,,,a,
ASN00092045,19770920,PRCP,0,,,a,
ASN00092045,19770921,PRCP,0,,,a,
ASN00092045,19770922,PRCP,0,,,a,
ASN00092045,19770923,PRCP,16,,,a,
ASN00092045,19770924,PRCP,0,,,a,
ASN00092045,19770925,PRCP,0,,,a,
ASN00092045,19770926,PRCP,0,,,a,
ASN00092045,19770927,PRCP,0,,,a,
ASN00092045,19770928,PRCP,0,,,a,
ASN00092045,19770929,PRCP,36,,,a,
ASN00092045,19770930,PRCP,4,,,a,
ASN00092045,19770901,TAVG,102,H,,S,
ASN00092045,19770902,TAVG,98,H,,S,
ASN00092045,19770903,TAVG,88,H,,S,
ASN00092045,19770904,TAVG,83,H,,S,
ASN00092045,19770905,TAVG,93,H,,S,
ASN00092045,19770906,TAVG,101,H,,S,
ASN00092045,19770907,TAVG,102,H,,S,
ASN00092045,19770908,TAVG,118,H,,S,
ASN00092045,19770909,TAVG,125,H,,S,
ASN00092045,19770910,TAVG,118,H,,S,
ASN00092045,19770911,TAVG,110,H,,S,
ASN00092045,19770912,TAVG,112,H,,S,
ASN00092045,19770913,TAVG,110,H,,S,
ASN00092045,19770914,TAVG,80,H,,S,
ASN00092045,19770915,TAVG,93,H,,S,
ASN00092045,19770916,TAVG,99,H,,S,
ASN00092045,19770917,TAVG,112,H,,S,
ASN00092045,19770918,TAVG,103,H,,S,
ASN00092045,19770919,TAVG,112,H,,S,
ASN00092045,19770920,TAVG,112,H,,S,
ASN00092045,19770921,TAVG,141,H,,S,
ASN00092045,19770922,TAVG,93,H,,S,
ASN00092045,19770923,TAVG,100,H,,S,
ASN00092045,19770924,TAVG,112,H,,S,
ASN00092045,19770925,TAVG,118,H,,S,
ASN00092045,19770926,TAVG,138,H,,S,
ASN00092045,19770927,TAVG,120,H,,S,
ASN00092045,19770928,TAVG,122,H,,S,
ASN00092045,19770929,TAVG,98,H,,S,
ASN00092045,19770930,TAVG,118,H,,S,
ASN00092045,19771001,TMAX,165,,,a,
ASN00092045,19771002,TMAX,140,,,a,
ASN00092045,19771003,TMAX,175,,,a,
ASN00092045,19771004,TMAX,160,,,a,
ASN00092045,19771005,TMAX,155,,,a,
ASN00092045,19771006,TMAX,148,,,a,
ASN00092045,19771007,TMAX,155,,,a,
ASN00092045,19771008,TMAX,168,,,a,
ASN00092045,19771009,TMAX,202,,,a,
ASN00092045,19771010,TMAX,150,,,a,
ASN00092045,19771011,TMAX,187,,,a,
ASN00092045,19771012,TMAX,245,,,a,
ASN00092045,19771013,TMAX,155,,,a,
ASN00092045,19771014,TMAX,160,,,a,
ASN00092045,19771015,TMAX,155,,,a,
ASN00092045,19771016,TMAX,155,,,a,
ASN00092045,19771017,TMAX,165,,,a,
ASN00092045,19771018,TMAX,150,,,a,
ASN00092045,19771019,TMAX,140,,,a,
ASN00092045,19771020,TMAX,160,,,a,
ASN00092045,19771021,TMAX,142,,,a,
ASN00092045,19771022,TMAX,145,,,a,
ASN00092045,19771023,TMAX,172,,,a,
ASN00092045,19771024,TMAX,176,,,a,
ASN00092045,19771025,TMAX,175,,,a,
ASN00092045,19771026,TMAX,218,,,a,
ASN00092045,19771027,TMAX,265,,,a,
ASN00092045,19771028,TMAX,254,,,a,
ASN00092045,19771029,TMAX,155,,,a,
ASN00092045,19771030,TMAX,190,,,a,
ASN00092045,19771031,TMAX,210,,,a,
ASN00092045,19771001,TMIN,102,,,a,
ASN00092045,19771002,TMIN,70,,,a,
ASN00092045,19771003,TMIN,65,,,a,
ASN00092045,19771004,TMIN,88,,,a,
ASN00092045,19771005,TMIN,110,,,a,
ASN00092045,19771006,TMIN,65,,,a,
ASN00092045,19771007,TMIN,70,,,a,
ASN00092045,19771008,TMIN,85,,,a,
ASN00092045,19771009,TMIN,96,,,a,
ASN00092045,19771010,TMIN,80,,,a,
ASN00092045,19771011,TMIN,100,,,a,
ASN00092045,19771012,TMIN,111,,,a,
ASN00092045,19771013,TMIN,125,,,a,
ASN00092045,19771014,TMIN,122,,,a,
ASN00092045,19771015,TMIN,92,,,a,
ASN00092045,19771016,TMIN,60,,,a,
ASN00092045,19771017,TMIN,105,,,a,
ASN00092045,19771018,TMIN,111,,,a,
ASN00092045,19771019,TMIN,68,,,a,
ASN00092045,19771020,TMIN,80,,,a,
ASN00092045,19771021,TMIN,80,,,a,
ASN00092045,19771022,TMIN,65,,,a,
ASN00092045,19771023,TMIN,60,,,a,
ASN00092045,19771024,TMIN,95,,,a,
ASN00092045,19771025,TMIN,105,,,a,
ASN00092045,19771026,TMIN,96,,,a,
ASN00092045,19771027,TMIN,110,,,a,
ASN00092045,19771028,TMIN,143,,,a,
ASN00092045,19771029,TMIN,90,,,a,
ASN00092045,19771030,TMIN,82,,,a,
ASN00092045,19771031,TMIN,90,,,a,
ASN00092045,19771001,PRCP,94,,,a,
ASN00092045,19771002,PRCP,2,,,a,
ASN00092045,19771003,PRCP,82,,,a,
ASN00092045,19771004,PRCP,0,,,a,
ASN00092045,19771005,PRCP,50,,,a,
ASN00092045,19771006,PRCP,0,,,a,
ASN00092045,19771007,PRCP,0,,,a,
ASN00092045,19771008,PRCP,0,,,a,
ASN00092045,19771009,PRCP,0,,,a,
ASN00092045,19771010,PRCP,0,,,a,
ASN00092045,19771011,PRCP,0,,,a,
ASN00092045,19771012,PRCP,0,,,a,
ASN00092045,19771013,PRCP,8,,,a,
ASN00092045,19771014,PRCP,0,,,a,
ASN00092045,19771015,PRCP,0,,,a,
ASN00092045,19771016,PRCP,0,,,a,
ASN00092045,19771017,PRCP,8,,,a,
ASN00092045,19771018,PRCP,60,,,a,
ASN00092045,19771019,PRCP,22,,,a,
ASN00092045,19771020,PRCP,2,,,a,
ASN00092045,19771021,PRCP,0,,,a,
ASN00092045,19771022,PRCP,36,,,a,
ASN00092045,19771023,PRCP,0,,,a,
ASN00092045,19771024,PRCP,0,,,a,
ASN00092045,19771025,PRCP,0,,,a,
ASN00092045,19771026,PRCP,0,,,a,
ASN00092045,19771027,PRCP,0,,,a,
ASN00092045,19771028,PRCP,0,,,a,
ASN00092045,19771029,PRCP,28,,,a,
ASN00092045,19771030,PRCP,0,,,a,
ASN00092045,19771031,PRCP,0,,,a,
ASN00092045,19771001,TAVG,126,H,,S,
ASN00092045,19771002,TAVG,128,H,,S,
ASN00092045,19771003,TAVG,136,H,,S,
ASN00092045,19771004,TAVG,132,H,,S,
ASN00092045,19771005,TAVG,106,H,,S,
ASN00092045,19771006,TAVG,108,H,,S,
ASN00092045,19771007,TAVG,127,H,,S,
ASN00092045,19771008,TAVG,130,H,,S,
ASN00092045,19771009,TAVG,126,H,,S,
ASN00092045,19771010,TAVG,138,H,,S,
ASN00092045,19771011,TAVG,134,H,,S,
ASN00092045,19771012,TAVG,162,H,,S,
ASN00092045,19771013,TAVG,148,H,,S,
ASN00092045,19771014,TAVG,122,H,,S,
ASN00092045,19771015,TAVG,122,H,,S,
ASN00092045,19771016,TAVG,128,H,,S,
ASN00092045,19771017,TAVG,133,H,,S,
ASN00092045,19771018,TAVG,109,H,,S,
ASN00092045,19771019,TAVG,128,H,,S,
ASN00092045,19771020,TAVG,123,H,,S,
ASN00092045,19771021,TAVG,107,H,,S,
ASN00092045,19771022,TAVG,108,H,,S,
ASN00092045,19771023,TAVG,140,H,,S,
ASN00092045,19771024,TAVG,132,H,,S,
ASN00092045,19771025,TAVG,140,H,,S,
ASN00092045,19771026,TAVG,156,H,,S,
ASN00092045,19771027,TAVG,184,H,,S,
ASN00092045,19771028,TAVG,113,H,,S,
ASN00092045,19771029,TAVG,119,H,,S,
ASN00092045,19771030,TAVG,140,H,,S,
ASN00092045,19771031,TAVG,155,H,,S,
ASN00092045,19771101,TMAX,160,,,a,
ASN00092045,19771102,TMAX,170,,,a,
ASN00092045,19771103,TMAX,160,,,a,
ASN00092045,19771104,TMAX,205,,,a,
ASN00092045,19771105,TMAX,160,,,a,
ASN00092045,19771106,TMAX,145,,,a,
ASN00092045,19771107,TMAX,182,,,a,
ASN00092045,19771108,TMAX,150,,,a,
ASN00092045,19771109,TMAX,225,,,a,
ASN00092045,19771110,TMAX,181,,,a,
ASN00092045,19771111,TMAX,146,,,a,
ASN00092045,19771112,TMAX,165,,,a,
ASN00092045,19771113,TMAX,185,,,a,
ASN00092045,19771114,TMAX,195,,,a,
ASN00092045,19771115,TMAX,160,,,a,
ASN00092045,19771116,TMAX,182,,,a,
ASN00092045,19771117,TMAX,178,,,a,
ASN00092045,19771118,TMAX,175,,,a,
ASN00092045,19771119,TMAX,165,,,a,
ASN00092045,19771120,TMAX,197,,,a,
ASN00092045,19771121,TMAX,200,,,a,
ASN00092045,19771122,TMAX,225,,,a,
ASN00092045,19771123,TMAX,208,,,a,
ASN00092045,19771124,TMAX,160,,,a,
ASN00092045,19771125,TMAX,175,,,a,
ASN00092045,19771126,TMAX,177,,,a,
ASN00092045,19771127,TMAX,240,,,a,
ASN00092045,19771128,TMAX,150,,,a,
ASN00092045,19771129,TMAX,160,,,a,
ASN00092045,19771130,TMAX,190,,,a,
ASN00092045,19771101,TMIN,110,,,a,
ASN00092045,19771102,TMIN,105,,,a,
ASN00092045,19771103,TMIN,68,,,a,
ASN00092045,19771104,TMIN,100,,,a,
ASN00092045,19771105,TMIN,85,,,a,
ASN00092045,19771106,TMIN,50,,,a,
ASN00092045,19771107,TMIN,75,,,a,
ASN00092045,19771108,TMIN,55,,,a,
ASN00092045,19771109,TMIN,76,,,a,
ASN00092045,19771110,TMIN,116,,,a,
ASN00092045,19771111,TMIN,90,,,a,
ASN00092045,19771112,TMIN,50,,,a,
ASN00092045,19771113,TMIN,90,,,a,
ASN00092045,19771114,TMIN,135,,,a,
ASN00092045,19771115,TMIN,55,,,a,
ASN00092045,19771116,TMIN,90,,,a,
ASN00092045,19771117,TMIN,110,,,a,
ASN00092045,19771118,TMIN,100,,,a,
ASN00092045,19771119,TMIN,55,,,a,
ASN00092045,19771120,TMIN,90,,,a,
ASN00092045,19771121,TMIN,120,,,a,
ASN00092045,19771122,TMIN,90,,,a,
ASN00092045,19771123,TMIN,115,,,a,
ASN00092045,19771124,TMIN,105,,,a,
ASN00092045,19771125,TMIN,112,,,a,
ASN00092045,19771126,TMIN,136,,,a,
ASN00092045,19771127,TMIN,145,,,a,
ASN00092045,19771128,TMIN,140,,,a,
ASN00092045,19771129,TMIN,135,,,a,
ASN00092045,19771130,TMIN,135,,,a,
ASN00092045,19771101,PRCP,22,,,a,
ASN00092045,19771102,PRCP,4,,,a,
ASN00092045,19771103,PRCP,0,,,a,
ASN00092045,19771104,PRCP,0,,,a,
ASN00092045,19771105,PRCP,8,,,a,
ASN00092045,19771106,PRCP,54,,,a,
ASN00092045,19771107,PRCP,0,,,a,
ASN00092045,19771108,PRCP,0,,,a,
ASN00092045,19771109,PRCP,0,,,a,
ASN00092045,19771110,PRCP,204,,,a,
ASN00092045,19771111,PRCP,26,,,a,
ASN00092045,19771112,PRCP,4,,,a,
ASN00092045,19771113,PRCP,0,,,a,
ASN00092045,19771114,PRCP,0,,,a,
ASN00092045,19771115,PRCP,0,,,a,
ASN00092045,19771116,PRCP,0,,,a,
ASN00092045,19771117,PRCP,92,,,a,
ASN00092045,19771118,PRCP,0,,,a,
ASN00092045,19771119,PRCP,0,,,a,
ASN00092045,19771120,PRCP,0,,,a,
ASN00092045,19771121,PRCP,0,,,a,
ASN00092045,19771122,PRCP,0,,,a,
ASN00092045,19771123,PRCP,0,,,a,
ASN00092045,19771124,PRCP,0,,,a,
ASN00092045,19771125,PRCP,0,,,a,
ASN00092045,19771126,PRCP,0,,,a,
ASN00092045,19771127,PRCP,2,,,a,
ASN00092045,19771128,PRCP,2,,,a,
ASN00092045,19771129,PRCP,426,,,a,
ASN00092045,19771130,PRCP,112,,,a,
ASN00092045,19771101,TAVG,139,H,,S,
ASN00092045,19771102,TAVG,121,H,,S,
ASN00092045,19771103,TAVG,137,H,,S,
ASN00092045,19771104,TAVG,143,H,,S,
ASN00092045,19771105,TAVG,93,H,,S,
ASN00092045,19771106,TAVG,121,H,,S,
ASN00092045,19771107,TAVG,129,H,,S,
ASN00092045,19771108,TAVG,116,H,,S,
ASN00092045,19771109,TAVG,138,H,,S,
ASN00092045,19771110,TAVG,122,H,,S,
ASN00092045,19771111,TAVG,105,H,,S,
ASN00092045,19771112,TAVG,127,H,,S,
ASN00092045,19771113,TAVG,156,H,,S,
ASN00092045,19771114,TAVG,145,H,,S,
ASN00092045,19771115,TAVG,125,H,,S,
ASN00092045,19771116,TAVG,144,H,,S,
ASN00092045,19771117,TAVG,138,H,,S,
ASN00092045,19771118,TAVG,121,H,,S,
ASN00092045,19771119,TAVG,139,H,,S,
ASN00092045,19771120,TAVG,151,H,,S,
ASN00092045,19771121,TAVG,157,H,,S,
ASN00092045,19771122,TAVG,170,H,,S,
ASN00092045,19771123,TAVG,140,H,,S,
ASN00092045,19771124,TAVG,137,H,,S,
ASN00092045,19771125,TAVG,156,H,,S,
ASN00092045,19771126,TAVG,159,H,,S,
ASN00092045,19771127,TAVG,164,H,,S,
ASN00092045,19771128,TAVG,144,H,,S,
ASN00092045,19771129,TAVG,158,H,,S,
ASN00092045,19771130,TAVG,143,H,,S,
ASN00092045,19771201,TMAX,188,,,a,
ASN00092045,19771202,TMAX,191,,,a,
ASN00092045,19771203,TMAX,176,,,a,
ASN00092045,19771204,TMAX,194,,,a,
ASN00092045,19771205,TMAX,196,,,a,
ASN00092045,19771206,TMAX,194,,,a,
ASN00092045,19771207,TMAX,182,,,a,
ASN00092045,19771208,TMAX,206,,,a,
ASN00092045,19771209,TMAX,175,,,a,
ASN00092045,19771210,TMAX,220,,,a,
ASN00092045,19771211,TMAX,190,,,a,
ASN00092045,19771212,TMAX,230,,,a,
ASN00092045,19771213,TMAX,175,,,a,
ASN00092045,19771214,TMAX,200,,,a,
ASN00092045,19771215,TMAX,215,,,a,
ASN00092045,19771216,TMAX,215,,,a,
ASN00092045,19771217,TMAX,182,,,a,
ASN00092045,19771218,TMAX,171,,,a,
ASN00092045,19771219,TMAX,175,,,a,
ASN00092045,19771220,TMAX,162,,,a,
ASN00092045,19771221,TMAX,168,,,a,
ASN00092045,19771222,TMAX,172,,,a,
ASN00092045,19771223,TMAX,185,,,a,
ASN00092045,19771224,TMAX,198,,,a,
ASN00092045,19771225,TMAX,190,,,a,
ASN00092045,19771226,TMAX,226,,,a,
ASN00092045,19771227,TMAX,200,,,a,
ASN00092045,19771228,TMAX,185,,,a,
ASN00092045,19771229,TMAX,178,,,a,
ASN00092045,19771230,TMAX,182,,,a,
ASN00092045,19771231,TMAX,192,,,a,
ASN00092045,19771201,TMIN,115,,,a,
ASN00092045,19771202,TMIN,140,,,a,
ASN00092045,19771203,TMIN,115,,,a,
ASN00092045,19771204,TMIN,120,,,a,
ASN00092045,19771205,TMIN,116,,,a,
ASN00092045,19771206,TMIN,92,,,a,
ASN00092045,19771207,TMIN,114,,,a,
ASN00092045,19771208,TMIN,120,,,a,
ASN00092045,19771209,TMIN,130,,,a,
ASN00092045,19771210,TMIN,130,,,a,
ASN00092045,19771211,TMIN,95,,,a,
ASN00092045,19771212,TMIN,95,,,a,
ASN00092045,19771213,TMIN,135,,,a,
ASN00092045,19771214,TMIN,132,,,a,
ASN00092045,19771215,TMIN,120,,,a,
ASN00092045,19771216,TMIN,128,,,a,
ASN00092045,19771217,TMIN,100,,,a,
ASN00092045,19771218,TMIN,105,,,a,
ASN00092045,19771219,TMIN,45,,,a,
ASN00092045,19771220,TMIN,80,,,a,
ASN00092045,19771221,TMIN,132,,,a,
ASN00092045,19771222,TMIN,132,,,a,
ASN00092045,19771223,TMIN,138,,,a,
ASN00092045,19771224,TMIN,151,,,a,
ASN00092045,19771225,TMIN,158,,,a,
ASN00092045,19771226,TMIN,160,,,a,
ASN00092045,19771227,TMIN,125,,,a,
ASN00092045,19771228,TMIN,62,,,a,
ASN00092045,19771229,TMIN,120,,,a,
ASN00092045,19771230,TMIN,100,,,a,
ASN00092045,19771231,TMIN,140,,,a,
ASN00092045,19771201,PRCP,0,,,a,
ASN00092045,19771202,PRCP,0,,,a,
ASN00092045,19771203,PRCP,7,,,a,
ASN00092045,19771204,PRCP,0,,,a,
ASN00092045,19771205,PRCP,10,,,a,
ASN00092045,19771206,PRCP,0,,,a,
ASN00092045,19771207,PRCP,0,,,a,
ASN00092045,19771208,PRCP,0,,,a,
ASN00092045,19771209,PRCP,0,,,a,
ASN00092045,19771210,PRCP,0,,,a,
ASN00092045,19771211,PRCP,0,,,a,
ASN00092045,19771212,PRCP,0,,,a,
ASN00092045,19771213,PRCP,0,,,a,
ASN00092045,19771214,PRCP,0,,,a,
ASN00092045,19771215,PRCP,0,,,a,
ASN00092045,19771216,PRCP,0,,,a,
ASN00092045,19771217,PRCP,0,,,a,
ASN00092045,19771218,PRCP,0,,,a,
ASN00092045,19771219,PRCP,0,,,a,
ASN00092045,19771220,PRCP,0,,,a,
ASN00092045,19771221,PRCP,0,,,a,
ASN00092045,19771222,PRCP,0,,,a,
ASN00092045,19771223,PRCP,0,,,a,
ASN00092045,19771224,PRCP,0,,,a,
ASN00092045,19771225,PRCP,0,,,a,
ASN00092045,19771226,PRCP,0,,,a,
ASN00092045,19771227,PRCP,0,,,a,
ASN00092045,19771228,PRCP,6,,,a,
ASN00092045,19771229,PRCP,0,,,a,
ASN00092045,19771230,PRCP,0,,,a,
ASN00092045,19771231,PRCP,0,,,a,
ASN00092045,19771201,TAVG,152,H,,S,
ASN00092045,19771202,TAVG,154,H,,S,
ASN00092045,19771203,TAVG,152,H,,S,
ASN00092045,19771204,TAVG,149,H,,S,
ASN00092045,19771205,TAVG,146,H,,S,
ASN00092045,19771206,TAVG,155,H,,S,
ASN00092045,19771207,TAVG,145,H,,S,
ASN00092045,19771208,TAVG,153,H,,S,
ASN00092045,19771209,TAVG,149,H,,S,
ASN00092045,19771210,TAVG,134,H,,S,
ASN00092045,19771211,TAVG,147,H,,S,
ASN00092045,19771212,TAVG,163,H,,S,
ASN00092045,19771213,TAVG,158,H,,S,
ASN00092045,19771214,TAVG,167,H,,S,
ASN00092045,19771215,TAVG,173,H,,S,
ASN00092045,19771216,TAVG,156,H,,S,
ASN00092045,19771217,TAVG,148,H,,S,
ASN00092045,19771218,TAVG,108,H,,S,
ASN00092045,19771219,TAVG,136,H,,S,
ASN00092045,19771220,TAVG,147,H,,S,
ASN00092045,19771221,TAVG,145,H,,S,
ASN00092045,19771222,TAVG,149,H,,S,
ASN00092045,19771223,TAVG,163,H,,S,
ASN00092045,19771224,TAVG,167,H,,S,
ASN00092045,19771225,TAVG,168,H,,S,
ASN00092045,19771226,TAVG,159,H,,S,
ASN00092045,19771227,TAVG,147,H,,S,
ASN00092045,19771228,TAVG,159,H,,S,
ASN00092045,19771229,TAVG,141,H,,S,
ASN00092045,19771230,TAVG,156,H,,S,
ASN00092045,19771231,TAVG,169,H,,S,
ASN00092045,19780101,TMAX,238,,,a,
ASN00092045,19780102,TMAX,190,,,a,
ASN00092045,19780103,TMAX,175,,,a,
ASN00092045,19780104,TMAX,195,,,a,
ASN00092045,19780105,TMAX,190,,,a,
ASN00092045,19780106,TMAX,165,,,a,
ASN00092045,19780107,TMAX,155,,,a,
ASN00092045,19780108,TMAX,210,,,a,
ASN00092045,19780109,TMAX,222,,,a,
ASN00092045,19780110,TMAX,206,,,a,
ASN00092045,19780111,TMAX,202,,,a,
ASN00092045,19780112,TMAX,215,,,a,
ASN00092045,19780113,TMAX,224,,,a,
ASN00092045,19780114,TMAX,216,,,a,
ASN00092045,19780115,TMAX,255,,,a,
ASN00092045,19780116,TMAX,205,,,a,
ASN00092045,19780117,TMAX,180,,,a,
ASN00092045,19780118,TMAX,198,,,a,
ASN00092045,19780119,TMAX,185,,,a,
ASN00092045,19780120,TMAX,202,,,a,
ASN00092045,19780121,TMAX,205,,,a,
ASN00092045,19780122,TMAX,200,,,a,
ASN00092045,19780123,TMAX,195,,,a,
ASN00092045,19780124,TMAX,238,,,a,
ASN00092045,19780125,TMAX,238,,,a,
ASN00092045,19780126,TMAX,210,,,a,
ASN00092045,19780127,TMAX,198,,,a,
ASN00092045,19780128,TMAX,170,,,a,
ASN00092045,19780129,TMAX,175,,,a,
ASN00092045,19780130,TMAX,198,,,a,
ASN00092045,19780131,TMAX,215,,,a,
ASN00092045,19780101,TMIN,152,,,a,
ASN00092045,19780102,TMIN,152,,,a,
ASN00092045,19780103,TMIN,124,,,a,
ASN00092045,19780104,TMIN,120,,,a,
ASN00092045,19780105,TMIN,140,,,a,
ASN00092045,19780106,TMIN,156,,,a,
ASN00092045,19780107,TMIN,134,,,a,
ASN00092045,19780108,TMIN,102,,,a,
ASN00092045,19780109,TMIN,115,,,a,
ASN00092045,19780110,TMIN,140,,,a,
ASN00092045,19780111,TMIN,68,,,a,
ASN00092045,19780112,TMIN,102,,,a,
ASN00092045,19780113,TMIN,136,,,a,
ASN00092045,19780114,TMIN,138,,,a,
ASN00092045,19780115,TMIN,152,,,a,
ASN00092045,19780116,TMIN,115,,,a,
ASN00092045,19780117,TMIN,130,,,a,
ASN00092045,19780118,TMIN,120,,,a,
ASN00092045,19780119,TMIN,115,,,a,
ASN00092045,19780120,TMIN,125,,,a,
ASN00092045,19780121,TMIN,165,,,a,
ASN00092045,19780122,TMIN,158,,,a,
ASN00092045,19780123,TMIN,158,,,a,
ASN00092045,19780124,TMIN,162,,,a,
ASN00092045,19780125,TMIN,130,,,a,
ASN00092045,19780126,TMIN,110,,,a,
ASN00092045,19780127,TMIN,146,,,a,
ASN00092045,19780128,TMIN,110,,,a,
ASN00092045,19780129,TMIN,122,,,a,
ASN00092045,19780130,TMIN,120,,,a,
ASN00092045,19780131,TMIN,130,,,a,
ASN00092045,19780101,PRCP,0,,,a,
ASN00092045,19780102,PRCP,0,,,a,
ASN00092045,19780103,PRCP,0,,,a,
ASN00092045,19780104,PRCP,6,,,a,
ASN00092045,19780105,PRCP,0,,,a,
ASN00092045,19780106,PRCP,50,,,a,
ASN00092045,19780107,PRCP,126,,,a,
ASN00092045,19780108,PRCP,12,,,a,
ASN00092045,19780109,PRCP,0,,,a,
ASN00092045,19780110,PRCP,0,,,a,
ASN00092045,19780111,PRCP,0,,,a,
ASN00092045,19780112,PRCP,0,,,a,
ASN00092045,19780113,PRCP,0,,,a,
ASN00092045,19780114,PRCP,0,,,a,
ASN00092045,19780115,PRCP,0,,,a,
ASN00092045,19780116,PRCP,6,,,a,
ASN00092045,19780117,PRCP,0,,,a,
ASN00092045,19780118,PRCP,0,,,a,
ASN00092045,19780119,PRCP,0,,,a,
ASN00092045,19780120,PRCP,0,,,a,
ASN00092045,19780121,PRCP,0,,,a,
ASN00092045,19780122,PRCP,0,,,a,
ASN00092045,19780123,PRCP,20,,,a,
ASN00092045,19780124,PRCP,142,,,a,
ASN00092045,19780125,PRCP,0,,,a,
ASN00092045,19780126,PRCP,0,,,a,
ASN00092045,19780127,PRCP,0,,,a,
ASN00092045,19780128,PRCP,72,,,a,
ASN00092045,19780129,PRCP,0,,,a,
ASN00092045,19780130,PRCP,196,,,a,
ASN00092045,19780131,PRCP,0,,,a,
ASN00092045,19780101,TAVG,190,H,,S,
ASN00092045,19780102,TAVG,153,H,,S,
ASN00092045,19780103,TAVG,149,H,,S,
ASN00092045,19780104,TAVG,151,H,,S,
ASN00092045,19780105,TAVG,164,H,,S,
ASN00092045,19780106,TAVG,146,H,,S,
ASN00092045,19780107,TAVG,136,H,,S,
ASN00092045,19780108,TAVG,173,H,,S,
ASN00092045,19780109,TAVG,173,H,,S,
ASN00092045,19780110,TAVG,144,H,,S,
ASN00092045,19780111,TAVG,156,H,,S,
ASN00092045,19780112,TAVG,172,H,,S,
ASN00092045,19780113,TAVG,165,H,,S,
ASN00092045,19780114,TAVG,170,H,,S,
ASN00092045,19780115,TAVG,154,H,,S,
ASN00092045,19780116,TAVG,168,H,,S,
ASN00092045,19780117,TAVG,153,H,,S,
ASN00092045,19780118,TAVG,158,H,,S,
ASN00092045,19780119,TAVG,158,H,,S,
ASN00092045,19780120,TAVG,183,H,,S,
ASN00092045,19780121,TAVG,177,H,,S,
ASN00092045,19780122,TAVG,176,H,,S,
ASN00092045,19780123,TAVG,178,H,,S,
ASN00092045,19780124,TAVG,201,H,,S,
ASN00092045,19780125,TAVG,188,H,,S,
ASN00092045,19780126,TAVG,168,H,,S,
ASN00092045,19780127,TAVG,130,H,,S,
ASN00092045,19780128,TAVG,149,H,,S,
ASN00092045,19780129,TAVG,153,H,,S,
ASN00092045,19780130,TAVG,164,H,,S,
ASN00092045,19780131,TAVG,176,H,,S,
ASN00092045,19780201,TMAX,185,,,a,
ASN00092045,19780202,TMAX,196,,,a,
ASN00092045,19780203,TMAX,195,,,a,
ASN00092045,19780204,TMAX,195,,,a,
ASN00092045,19780205,TMAX,190,,,a,
ASN00092045,19780206,TMAX,172,,,a,
ASN00092045,19780207,TMAX,170,,,a,
ASN00092045,19780208,TMAX,240,,,a,
ASN00092045,19780209,TMAX,176,,,a,
ASN00092045,19780210,TMAX,190,,,a,
ASN00092045,19780211,TMAX,185,,,a,
ASN00092045,19780212,TMAX,195,,,a,
ASN00092045,19780213,TMAX,200,,,a,
ASN00092045,19780214,TMAX,205,,,a,
ASN00092045,19780215,TMAX,195,,,a,
ASN00092045,19780216,TMAX,220,,,a,
ASN00092045,19780217,TMAX,200,,,a,
ASN00092045,19780218,TMAX,196,,,a,
ASN00092045,19780219,TMAX,208,,,a,
ASN00092045,19780220,TMAX,245,,,a,
ASN00092045,19780221,TMAX,150,,,a,
ASN00092045,19780222,TMAX,188,,,a,
ASN00092045,19780223,TMAX,205,,,a,
ASN00092045,19780224,TMAX,220,,,a,
ASN00092045,19780225,TMAX,185,,,a,
ASN00092045,19780226,TMAX,185,,,a,
ASN00092045,19780227,TMAX,216,,,a,
ASN00092045,19780228,TMAX,158,,,a,
ASN00092045,19780201,TMIN,138,,,a,
ASN00092045,19780202,TMIN,135,,,a,
ASN00092045,19780203,TMIN,145,,,a,
ASN00092045,19780204,TMIN,160,,,a,
ASN00092045,19780205,TMIN,100,,,a,
ASN00092045,19780206,TMIN,102,,,a,
ASN00092045,19780207,TMIN,118,,,a,
ASN00092045,19780208,TMIN,130,,,a,
ASN00092045,19780209,TMIN,145,,,a,
ASN00092045,19780210,TMIN,106,,,a,
ASN00092045,19780211,TMIN,135,,,a,
ASN00092045,19780212,TMIN,122,,,a,
ASN00092045,19780213,TMIN,100,,,a,
ASN00092045,19780214,TMIN,138,,,a,
ASN00092045,19780215,TMIN,138,,,a,
ASN00092045,19780216,TMIN,145,,,a,
ASN00092045,19780217,TMIN,150,,,a,
ASN00092045,19780218,TMIN,138,,,a,
ASN00092045,19780219,TMIN,135,,,a,
ASN00092045,19780220,TMIN,155,,,a,
ASN00092045,19780221,TMIN,136,,,a,
ASN00092045,19780222,TMIN,78,,,a,
ASN00092045,19780223,TMIN,121,,,a,
ASN00092045,19780224,TMIN,156,,,a,
ASN00092045,19780225,TMIN,140,,,a,
ASN00092045,19780226,TMIN,138,,,a,
ASN00092045,19780227,TMIN,155,,,a,
ASN00092045,19780228,TMIN,135,,,a,
ASN00092045,19780201,PRCP,0,,,a,
ASN00092045,19780202,PRCP,0,,,a,
ASN00092045,19780203,PRCP,0,,,a,
ASN00092045,19780204,PRCP,0,,,a,
ASN00092045,19780205,PRCP,212,,,a,
ASN00092045,19780206,PRCP,32,,,a,
ASN00092045,19780207,PRCP,289,,,a,
ASN00092045,19780208,PRCP,18,,,a,
ASN00092045,19780209,PRCP,20,,,a,
ASN00092045,19780210,PRCP,48,,,a,
ASN00092045,19780211,PRCP,4,,,a,
ASN00092045,19780212,PRCP,40,,,a,
ASN00092045,19780213,PRCP,0,,,a,
ASN00092045,19780214,PRCP,0,,,a,
ASN00092045,19780215,PRCP,10,,,a,
ASN00092045,19780216,PRCP,0,,,a,
ASN00092045,19780217,PRCP,0,,,a,
ASN00092045,19780218,PRCP,0,,,a,
ASN00092045,19780219,PRCP,0,,,a,
ASN00092045,19780220,PRCP,1,,,a,
ASN00092045,19780221,PRCP,1,,,a,
ASN00092045,19780222,PRCP,44,,,a,
ASN00092045,19780223,PRCP,0,,,a,
ASN00092045,19780224,PRCP,0,,,a,
ASN00092045,19780225,PRCP,0,,,a,
ASN00092045,19780226,PRCP,0,,,a,
ASN00092045,19780227,PRCP,0,,,a,
ASN00092045,19780228,PRCP,196,,,a,
ASN00092045,19780201,TAVG,161,H,,S,
ASN00092045,19780202,TAVG,173,H,,S,
ASN00092045,19780203,TAVG,179,H,,S,
ASN00092045,19780204,TAVG,160,H,,S,
ASN00092045,19780205,TAVG,143,H,,S,
ASN00092045,19780206,TAVG,153,H,,S,
ASN00092045,19780207,TAVG,160,H,,S,
ASN00092045,19780208,TAVG,188,H,,S,
ASN00092045,19780209,TAVG,134,H,,S,
ASN00092045,19780210,TAVG,169,H,,S,
ASN00092045,19780211,TAVG,153,H,,S,
ASN00092045,19780212,TAVG,155,H,,S,
ASN00092045,19780213,TAVG,159,H,,S,
ASN00092045,19780214,TAVG,165,H,,S,
ASN00092045,19780215,TAVG,167,H,,S,
ASN00092045,19780216,TAVG,176,H,,S,
ASN00092045,19780217,TAVG,159,H,,S,
ASN00092045,19780218,TAVG,168,H,,S,
ASN00092045,19780219,TAVG,178,H,,S,
ASN00092045,19780220,TAVG,187,H,,S,
ASN00092045,19780221,TAVG,113,H,,S,
ASN00092045,19780222,TAVG,161,H,,S,
ASN00092045,19780223,TAVG,177,H,,S,
ASN00092045,19780224,TAVG,167,H,,S,
ASN00092045,19780225,TAVG,158,H,,S,
ASN00092045,19780226,TAVG,172,H,,S,
ASN00092045,19780227,TAVG,166,H,,S,
ASN00092045,19780228,TAVG,144,H,,S,
ASN00092045,19780301,TMAX,162,,,a,
ASN00092045,19780302,TMAX,215,,,a,
ASN00092045,19780303,TMAX,162,,,a,
ASN00092045,19780304,TMAX,185,,,a,
ASN00092045,19780305,TMAX,180,,,a,
ASN00092045,19780306,TMAX,185,,,a,
ASN00092045,19780307,TMAX,198,,,a,
ASN00092045,19780308,TMAX,226,,,a,
ASN00092045,19780309,TMAX,257,,,a,
ASN00092045,19780310,TMAX,190,,,a,
ASN00092045,19780311,TMAX,231,,,a,
ASN00092045,19780312,TMAX,276,,,a,
ASN00092045,19780313,TMAX,234,,,a,
ASN00092045,19780314,TMAX,201,,,a,
ASN00092045,19780315,TMAX,210,,,a,
ASN00092045,19780316,TMAX,185,,,a,
ASN00092045,19780317,TMAX,192,,,a,
ASN00092045,19780318,TMAX,178,,,a,
ASN00092045,19780319,TMAX,186,,,a,
ASN00092045,19780320,TMAX,185,,,a,
ASN00092045,19780321,TMAX,184,,,a,
ASN00092045,19780322,TMAX,171,,,a,
ASN00092045,19780323,TMAX,176,,,a,
ASN00092045,19780324,TMAX,180,,,a,
ASN00092045,19780325,TMAX,200,,,a,
ASN00092045,19780326,TMAX,148,,,a,
ASN00092045,19780327,TMAX,178,,,a,
ASN00092045,19780328,TMAX,176,,,a,
ASN00092045,19780329,TMAX,200,,,a,
ASN00092045,19780330,TMAX,180,,,a,
ASN00092045,19780331,TMAX,150,,,a,
ASN00092045,19780301,TMIN,135,,,a,
ASN00092045,19780302,TMIN,122,,,a,
ASN00092045,19780303,TMIN,105,,,a,
ASN00092045,19780304,TMIN,95,,,a,
ASN00092045,19780305,TMIN,115,,,a,
ASN00092045,19780306,TMIN,114,,,a,
ASN00092045,19780307,TMIN,138,,,a,
ASN00092045,19780308,TMIN,140,,,a,
ASN00092045,19780309,TMIN,160,,,a,
ASN00092045,19780310,TMIN,158,,,a,
ASN00092045,19780311,TMIN,140,,,a,
ASN00092045,19780312,TMIN,170,,,a,
ASN00092045,19780313,TMIN,168,,,a,
ASN00092045,19780314,TMIN,160,,,a,
ASN00092045,19780315,TMIN,165,,,a,
ASN00092045,19780316,TMIN,172,,,a,
ASN00092045,19780317,TMIN,165,,,a,
ASN00092045,19780318,TMIN,144,,,a,
ASN00092045,19780319,TMIN,142,,,a,
ASN00092045,19780320,TMIN,142,,,a,
ASN00092045,19780321,TMIN,157,,,a,
ASN00092045,19780322,TMIN,165,,,a,
ASN00092045,19780323,TMIN,154,,,a,
ASN00092045,19780324,TMIN,130,,,a,
ASN00092045,19780325,TMIN,145,,,a,
ASN00092045,19780326,TMIN,100,,,a,
ASN00092045,19780327,TMIN,80,,,a,
ASN00092045,19780328,TMIN,52,,,a,
ASN00092045,19780329,TMIN,120,,,a,
ASN00092045,19780330,TMIN,160,,,a,
ASN00092045,19780331,TMIN,115,,,a,
ASN00092045,19780301,PRCP,274,,,a,
ASN00092045,19780302,PRCP,0,,,a,
ASN00092045,19780303,PRCP,38,,,a,
ASN00092045,19780304,PRCP,0,,,a,
ASN00092045,19780305,PRCP,0,,,a,
ASN00092045,19780306,PRCP,0,,,a,
ASN00092045,19780307,PRCP,0,,,a,
ASN00092045,19780308,PRCP,0,,,a,
ASN00092045,19780309,PRCP,0,,,a,
ASN00092045,19780310,PRCP,8,,,a,
ASN00092045,19780311,PRCP,0,,,a,
ASN00092045,19780312,PRCP,0,,,a,
ASN00092045,19780313,PRCP,58,,,a,
ASN00092045,19780314,PRCP,10,,,a,
ASN00092045,19780315,PRCP,0,,,a,
ASN00092045,19780316,PRCP,0,,,a,
ASN00092045,19780317,PRCP,0,,,a,
ASN00092045,19780318,PRCP,4,,,a,
ASN00092045,19780319,PRCP,0,,,a,
ASN00092045,19780320,PRCP,0,,,a,
ASN00092045,19780321,PRCP,0,,,a,
ASN00092045,19780322,PRCP,294,,,a,
ASN00092045,19780323,PRCP,0,,,a,
ASN00092045,19780324,PRCP,0,,,a,
ASN00092045,19780325,PRCP,0,,,a,
ASN00092045,19780326,PRCP,48,,,a,
ASN00092045,19780327,PRCP,40,,,a,
ASN00092045,19780328,PRCP,4,,,a,
ASN00092045,19780329,PRCP,0,,,a,
ASN00092045,19780330,PRCP,28,,,a,
ASN00092045,19780331,PRCP,118,,,a,
ASN00092045,19780301,TAVG,142,H,,S,
ASN00092045,19780302,TAVG,139,H,,S,
ASN00092045,19780303,TAVG,134,H,,S,
ASN00092045,19780304,TAVG,148,H,,S,
ASN00092045,19780305,TAVG,150,H,,S,
ASN00092045,19780306,TAVG,155,H,,S,
ASN00092045,19780307,TAVG,176,H,,S,
ASN00092045,19780308,TAVG,190,H,,S,
ASN00092045,19780309,TAVG,174,H,,S,
ASN00092045,19780310,TAVG,172,H,,S,
ASN00092045,19780311,TAVG,190,H,,S,
ASN00092045,19780312,TAVG,193,H,,S,
ASN00092045,19780313,TAVG,188,H,,S,
ASN00092045,19780314,TAVG,178,H,,S,
ASN00092045,19780315,TAVG,172,H,,S,
ASN00092045,19780316,TAVG,174,H,,S,
ASN00092045,19780317,TAVG,162,H,,S,
ASN00092045,19780318,TAVG,147,H,,S,
ASN00092045,19780319,TAVG,162,H,,S,
ASN00092045,19780320,TAVG,168,H,,S,
ASN00092045,19780321,TAVG,182,H,,S,
ASN00092045,19780322,TAVG,155,H,,S,
ASN00092045,19780323,TAVG,149,H,,S,
ASN00092045,19780324,TAVG,163,H,,S,
ASN00092045,19780325,TAVG,140,H,,S,
ASN00092045,19780326,TAVG,120,H,,S,
ASN00092045,19780327,TAVG,107,H,,S,
ASN00092045,19780328,TAVG,162,H,,S,
ASN00092045,19780329,TAVG,174,H,,S,
ASN00092045,19780330,TAVG,138,H,,S,
ASN00092045,19780331,TAVG,138,H,,S,
ASN00092045,19780401,TMAX,182,,,a,
ASN00092045,19780402,TMAX,175,,,a,
ASN00092045,19780403,TMAX,178,,,a,
ASN00092045,19780404,TMAX,180,,,a,
ASN00092045,19780405,TMAX,205,,,a,
ASN00092045,19780406,TMAX,235,,,a,
ASN00092045,19780407,TMAX,156,,,a,
ASN00092045,19780408,TMAX,180,,,a,
ASN00092045,19780409,TMAX,185,,,a,
ASN00092045,19780410,TMAX,190,,,a,
ASN00092045,19780411,TMAX,208,,,a,
ASN00092045,19780412,TMAX,147,,,a,
ASN00092045,19780413,TMAX,194,,,a,
ASN00092045,19780414,TMAX,172,,,a,
ASN00092045,19780415,TMAX,172,,,a,
ASN00092045,19780416,TMAX,182,,,a,
ASN00092045,19780417,TMAX,170,,,a,
ASN00092045,19780418,TMAX,200,,,a,
ASN00092045,19780419,TMAX,158,,,a,
ASN00092045,19780420,TMAX,160,,,a,
ASN00092045,19780421,TMAX,176,,,a,
ASN00092045,19780422,TMAX,186,,,a,
ASN00092045,19780423,TMAX,162,,,a,
ASN00092045,19780424,TMAX,165,,,a,
ASN00092045,19780425,TMAX,142,,,a,
ASN00092045,19780426,TMAX,130,,,a,
ASN00092045,19780427,TMAX,145,,,a,
ASN00092045,19780428,TMAX,145,,,a,
ASN00092045,19780429,TMAX,165,,,a,
ASN00092045,19780430,TMAX,175,,,a,
ASN00092045,19780401,TMIN,124,,,a,
ASN00092045,19780402,TMIN,135,,,a,
ASN00092045,19780403,TMIN,140,,,a,
ASN00092045,19780404,TMIN,98,,,a,
ASN00092045,19780405,TMIN,105,,,a,
ASN00092045,19780406,TMIN,145,,,a,
ASN00092045,19780407,TMIN,135,,,a,
ASN00092045,19780408,TMIN,116,,,a,
ASN00092045,19780409,TMIN,152,,,a,
ASN00092045,19780410,TMIN,155,,,a,
ASN00092045,19780411,TMIN,160,,,a,
ASN00092045,19780412,TMIN,138,,,a,
ASN00092045,19780413,TMIN,90,,,a,
ASN00092045,19780414,TMIN,130,,,a,
ASN00092045,19780415,TMIN,115,,,a,
ASN00092045,19780416,TMIN,120,,,a,
ASN00092045,19780417,TMIN,125,,,a,
ASN00092045,19780418,TMIN,130,,,a,
ASN00092045,19780419,TMIN,105,,,a,
ASN00092045,19780420,TMIN,75,,,a,
ASN00092045,19780421,TMIN,110,,,a,
ASN00092045,19780422,TMIN,142,,,a,
ASN00092045,19780423,TMIN,95,,,a,
ASN00092045,19780424,TMIN,98,,,a,
ASN00092045,19780425,TMIN,94,,,a,
ASN00092045,19780426,TMIN,51,,,a,
ASN00092045,19780427,TMIN,36,,,a,
ASN00092045,19780428,TMIN,90,,,a,
ASN00092045,19780429,TMIN,80,,,a,
ASN00092045,19780430,TMIN,155,,,a,
ASN00092045,19780401,PRCP,18,,,a,
ASN00092045,19780402,PRCP,0,,,a,
ASN00092045,19780403,PRCP,0,,,a,
ASN00092045,19780404,PRCP,0,,,a,
ASN00092045,19780405,PRCP,0,,,a,
ASN00092045,19780406,PRCP,0,,,a,
ASN00092045,19780407,PRCP,10,,,a,
ASN00092045,19780408,PRCP,26,,,a,
ASN00092045,19780409,PRCP,1,,,a,
ASN00092045,19780410,PRCP,432,,,a,
ASN00092045,19780411,PRCP,22,,,a,
ASN00092045,19780412,PRCP,68,,,a,
ASN00092045,19780413,PRCP,0,,,a,
ASN00092045,19780414,PRCP,0,,,a,
ASN00092045,19780415,PRCP,0,,,a,
ASN00092045,19780416,PRCP,0,,,a,
ASN00092045,19780417,PRCP,0,,,a,
ASN00092045,19780418,PRCP,26,,,a,
ASN00092045,19780419,PRCP,0,,,a,
ASN00092045,19780420,PRCP,0,,,a,
ASN00092045,19780421,PRCP,0,,,a,
ASN00092045,19780422,PRCP,0,,,a,
ASN00092045,19780423,PRCP,0,,,a,
ASN00092045,19780424,PRCP,0,,,a,
ASN00092045,19780425,PRCP,16,,,a,
ASN00092045,19780426,PRCP,132,,,a,
ASN00092045,19780427,PRCP,0,,,a,
ASN00092045,19780428,PRCP,0,,,a,
ASN00092045,19780429,PRCP,92,,,a,
ASN00092045,19780430,PRCP,14,,,a,
ASN00092045,19780401,TAVG,138,H,,S,
ASN00092045,19780402,TAVG,152,H,,S,
ASN00092045,19780403,TAVG,132,H,,S,
ASN00092045,19780404,TAVG,153,H,,S,
ASN00092045,19780405,TAVG,170,H,,S,
ASN00092045,19780406,TAVG,176,H,,S,
ASN00092045,19780407,TAVG,138,H,,S,
ASN00092045,19780408,TAVG,163,H,,S,
ASN00092045,19780409,TAVG,173,H,,S,
ASN00092045,19780410,TAVG,173,H,,S,
ASN00092045,19780411,TAVG,167,H,,S,
ASN00092045,19780412,TAVG,135,H,,S,
ASN00092045,19780413,TAVG,152,H,,S,
ASN00092045,19780414,TAVG,143,H,,S,
ASN00092045,19780415,TAVG,145,H,,S,
ASN00092045,19780416,TAVG,148,H,,S,
ASN00092045,19780417,TAVG,152,H,,S,
ASN00092045,19780418,TAVG,124,H,,S,
ASN00092045,19780419,TAVG,123,H,,S,
ASN00092045,19780420,TAVG,137,H,,S,
ASN00092045,19780421,TAVG,165,H,,S,
ASN00092045,19780422,TAVG,146,H,,S,
ASN00092045,19780423,TAVG,132,H,,S,
ASN00092045,19780424,TAVG,127,H,,S,
ASN00092045,19780425,TAVG,94,H,,S,
ASN00092045,19780426,TAVG,87,H,,S,
ASN00092045,19780427,TAVG,138,H,,S,
ASN00092045,19780428,TAVG,124,H,,S,
ASN00092045,19780429,TAVG,150,H,,S,
ASN00092045,19780430,TAVG,152,H,,S,
ASN00092045,19780501,TMAX,200,,,a,
ASN00092045,19780502,TMAX,175,,,a,
ASN00092045,19780503,TMAX,180,,,a,
ASN00092045,19780504,TMAX,185,,,a,
ASN00092045,19780505,TMAX,180,,,a,
ASN00092045,19780506,TMAX,168,,,a,
ASN00092045,19780507,TMAX,172,,,a,
ASN00092045,19780508,TMAX,177,,,a,
ASN00092045,19780509,TMAX,180,,,a,
ASN00092045,19780510,TMAX,140,,,a,
ASN00092045,19780511,TMAX,120,,,a,
ASN00092045,19780512,TMAX,130,,,a,
ASN00092045,19780513,TMAX,151,,,a,
ASN00092045,19780514,TMAX,145,,,a,
ASN00092045,19780515,TMAX,155,,,a,
ASN00092045,19780516,TMAX,160,,,a,
ASN00092045,19780517,TMAX,155,,,a,
ASN00092045,19780518,TMAX,152,,,a,
ASN00092045,19780519,TMAX,145,,,a,
ASN00092045,19780520,TMAX,146,,,a,
ASN00092045,19780521,TMAX,155,,,a,
ASN00092045,19780522,TMAX,152,,,a,
ASN00092045,19780523,TMAX,158,,,a,
ASN00092045,19780524,TMAX,145,,,a,
ASN00092045,19780525,TMAX,155,,,a,
ASN00092045,19780526,TMAX,172,,,a,
ASN00092045,19780527,TMAX,171,,,a,
ASN00092045,19780528,TMAX,166,,,a,
ASN00092045,19780529,TMAX,180,,,a,
ASN00092045,19780530,TMAX,135,,,a,
ASN00092045,19780531,TMAX,120,,,a,
ASN00092045,19780501,TMIN,95,,,a,
ASN00092045,19780502,TMIN,145,,,a,
ASN00092045,19780503,TMIN,155,,,a,
ASN00092045,19780504,TMIN,160,,,a,
ASN00092045,19780505,TMIN,98,,,a,
ASN00092045,19780506,TMIN,112,,,a,
ASN00092045,19780507,TMIN,142,,,a,
ASN00092045,19780508,TMIN,136,,,a,
ASN00092045,19780509,TMIN,131,,,a,
ASN00092045,19780510,TMIN,102,,,a,
ASN00092045,19780511,TMIN,90,,,a,
ASN00092045,19780512,TMIN,55,,,a,
ASN00092045,19780513,TMIN,51,,,a,
ASN00092045,19780514,TMIN,42,,,a,
ASN00092045,19780515,TMIN,80,,,a,
ASN00092045,19780516,TMIN,100,,,a,
ASN00092045,19780517,TMIN,125,,,a,
ASN00092045,19780518,TMIN,135,,,a,
ASN00092045,19780519,TMIN,130,,,a,
ASN00092045,19780520,TMIN,120,,,a,
ASN00092045,19780521,TMIN,121,,,a,
ASN00092045,19780522,TMIN,120,,,a,
ASN00092045,19780523,TMIN,134,,,a,
ASN00092045,19780524,TMIN,66,,,a,
ASN00092045,19780525,TMIN,88,,,a,
ASN00092045,19780526,TMIN,92,,,a,
ASN00092045,19780527,TMIN,52,,,a,
ASN00092045,19780528,TMIN,135,,,a,
ASN00092045,19780529,TMIN,147,,,a,
ASN00092045,19780530,TMIN,130,,,a,
ASN00092045,19780531,TMIN,95,,,a,
ASN00092045,19780501,PRCP,0,,,a,
ASN00092045,19780502,PRCP,4,,,a,
ASN00092045,19780503,PRCP,2,,,a,
ASN00092045,19780504,PRCP,10,,,a,
ASN00092045,19780505,PRCP,0,,,a,
ASN00092045,19780506,PRCP,0,,,a,
ASN00092045,19780507,PRCP,0,,,a,
ASN00092045,19780508,PRCP,4,,,a,
ASN00092045,19780509,PRCP,0,,,a,
ASN00092045,19780510,PRCP,156,,,a,
ASN00092045,19780511,PRCP,1,,,a,
ASN00092045,19780512,PRCP,0,,,a,
ASN00092045,19780513,PRCP,0,,,a,
ASN00092045,19780514,PRCP,0,,,a,
ASN00092045,19780515,PRCP,0,,,a,
ASN00092045,19780516,PRCP,0,,,a,
ASN00092045,19780517,PRCP,18,,,a,
ASN00092045,19780518,PRCP,0,,,a,
ASN00092045,19780519,PRCP,1,,,a,
ASN00092045,19780520,PRCP,26,,,a,
ASN00092045,19780521,PRCP,22,,,a,
ASN00092045,19780522,PRCP,14,,,a,
ASN00092045,19780523,PRCP,60,,,a,
ASN00092045,19780524,PRCP,28,,,a,
ASN00092045,19780525,PRCP,24,,,a,
ASN00092045,19780526,PRCP,4,,,a,
ASN00092045,19780527,PRCP,0,,,a,
ASN00092045,19780528,PRCP,0,,,a,
ASN00092045,19780529,PRCP,0,,,a,
ASN00092045,19780530,PRCP,54,,,a,
ASN00092045,19780531,PRCP,4,,,a,
ASN00092045,19780501,TAVG,157,H,,S,
ASN00092045,19780502,TAVG,167,H,,S,
ASN00092045,19780503,TAVG,165,H,,S,
ASN00092045,19780504,TAVG,136,H,,S,
ASN00092045,19780505,TAVG,142,H,,S,
ASN00092045,19780506,TAVG,154,H,,S,
ASN00092045,19780507,TAVG,157,H,,S,
ASN00092045,19780508,TAVG,163,H,,S,
ASN00092045,19780509,TAVG,132,H,,S,
ASN00092045,19780510,TAVG,122,H,,S,
ASN00092045,19780511,TAVG,92,H,,S,
ASN00092045,19780512,TAVG,104,H,,S,
ASN00092045,19780513,TAVG,85,H,,S,
ASN00092045,19780514,TAVG,115,H,,S,
ASN00092045,19780515,TAVG,133,H,,S,
ASN00092045,19780516,TAVG,142,H,,S,
ASN00092045,19780517,TAVG,146,H,,S,
ASN00092045,19780518,TAVG,142,H,,S,
ASN00092045,19780519,TAVG,138,H,,S,
ASN00092045,19780520,TAVG,136,H,,S,
ASN00092045,19780521,TAVG,132,H,,S,
ASN00092045,19780522,TAVG,148,H,,S,
ASN00092045,19780523,TAVG,118,H,,S,
ASN00092045,19780524,TAVG,118,H,,S,
ASN00092045,19780525,TAVG,136,H,,S,
ASN00092045,19780526,TAVG,162,H,,S,
ASN00092045,19780527,TAVG,158,H,,S,
ASN00092045,19780528,TAVG,158,H,,S,
ASN00092045,19780529,TAVG,143,H,,S,
ASN00092045,19780530,TAVG,118,H,,S,
ASN00092045,19780531,TAVG,107,H,,S,
ASN00092045,19780601,TMAX,125,,,a,
ASN00092045,19780602,TMAX,140,,,a,
ASN00092045,19780603,TMAX,145,,,a,
ASN00092045,19780604,TMAX,148,,,a,
ASN00092045,19780605,TMAX,168,,,a,
ASN00092045,19780606,TMAX,128,,,a,
ASN00092045,19780607,TMAX,135,,,a,
ASN00092045,19780608,TMAX,126,,,a,
ASN00092045,19780609,TMAX,132,,,a,
ASN00092045,19780610,TMAX,142,,,a,
ASN00092045,19780611,TMAX,130,,,a,
ASN00092045,19780612,TMAX,122,,,a,
ASN00092045,19780613,TMAX,120,,,a,
ASN00092045,19780614,TMAX,115,,,a,
ASN00092045,19780615,TMAX,128,,,a,
ASN00092045,19780616,TMAX,130,,,a,
ASN00092045,19780617,TMAX,135,,,a,
ASN00092045,19780618,TMAX,125,,,a,
ASN00092045,19780619,TMAX,125,,,a,
ASN00092045,19780620,TMAX,118,,,a,
ASN00092045,19780621,TMAX,122,,,a,
ASN00092045,19780622,TMAX,135,,,a,
ASN00092045,19780623,TMAX,135,,,a,
ASN00092045,19780624,TMAX,130,,,a,
ASN00092045,19780625,TMAX,105,,,a,
ASN00092045,19780626,TMAX,105,,,a,
ASN00092045,19780627,TMAX,100,,,a,
ASN00092045,19780628,TMAX,110,,,a,
ASN00092045,19780629,TMAX,115,,,a,
ASN00092045,19780630,TMAX,110,,,a,
ASN00092045,19780601,TMIN,88,,,a,
ASN00092045,19780602,TMIN,100,,,a,
ASN00092045,19780603,TMIN,112,,,a,
ASN00092045,19780604,TMIN,132,,,a,
ASN00092045,19780605,TMIN,135,,,a,
ASN00092045,19780606,TMIN,102,,,a,
ASN00092045,19780607,TMIN,112,,,a,
ASN00092045,19780608,TMIN,101,,,a,
ASN00092045,19780609,TMIN,82,,,a,
ASN00092045,19780610,TMIN,58,,,a,
ASN00092045,19780611,TMIN,70,,,a,
ASN00092045,19780612,TMIN,82,,,a,
ASN00092045,19780613,TMIN,92,,,a,
ASN00092045,19780614,TMIN,98,,,a,
ASN00092045,19780615,TMIN,100,,,a,
ASN00092045,19780616,TMIN,105,,,a,
ASN00092045,19780617,TMIN,105,,,a,
ASN00092045,19780618,TMIN,108,,,a,
ASN00092045,19780619,TMIN,100,,,a,
ASN00092045,19780620,TMIN,85,,,a,
ASN00092045,19780621,TMIN,60,,,a,
ASN00092045,19780622,TMIN,60,,,a,
ASN00092045,19780623,TMIN,70,,,a,
ASN00092045,19780624,TMIN,80,,,a,
ASN00092045,19780625,TMIN,58,,,a,
ASN00092045,19780626,TMIN,65,,,a,
ASN00092045,19780627,TMIN,80,,,a,
ASN00092045,19780628,TMIN,85,,,a,
ASN00092045,19780629,TMIN,88,,,a,
ASN00092045,19780630,TMIN,85,,,a,
ASN00092045,19780601,PRCP,20,,,a,
ASN00092045,19780602,PRCP,6,,,a,
ASN00092045,19780603,PRCP,86,,,a,
ASN00092045,19780604,PRCP,52,,,a,
ASN00092045,19780605,PRCP,72,,,a,
ASN00092045,19780606,PRCP,4,,,a,
ASN00092045,19780607,PRCP,10,,,a,
ASN00092045,19780608,PRCP,0,,,a,
ASN00092045,19780609,PRCP,68,,,a,
ASN00092045,19780610,PRCP,28,,,a,
ASN00092045,19780611,PRCP,0,,,a,
ASN00092045,19780612,PRCP,0,,,a,
ASN00092045,19780613,PRCP,198,,,a,
ASN00092045,19780614,PRCP,64,,,a,
ASN00092045,19780615,PRCP,20,,,a,
ASN00092045,19780616,PRCP,9,,,a,
ASN00092045,19780617,PRCP,35,,,a,
ASN00092045,19780618,PRCP,18,,,a,
ASN00092045,19780619,PRCP,24,,,a,
ASN00092045,19780620,PRCP,33,,,a,
ASN00092045,19780621,PRCP,0,,,a,
ASN00092045,19780622,PRCP,0,,,a,
ASN00092045,19780623,PRCP,0,,,a,
ASN00092045,19780624,PRCP,101,,,a,
ASN00092045,19780625,PRCP,118,,,a,
ASN00092045,19780626,PRCP,0,,,a,
ASN00092045,19780627,PRCP,0,,,a,
ASN00092045,19780628,PRCP,19,,,a,
ASN00092045,19780629,PRCP,34,,,a,
ASN00092045,19780630,PRCP,8,,,a,
ASN00092045,19780601,TAVG,113,H,,S,
ASN00092045,19780602,TAVG,127,H,,S,
ASN00092045,19780603,TAVG,138,H,,S,
ASN00092045,19780604,TAVG,145,H,,S,
ASN00092045,19780605,TAVG,123,H,,S,
ASN00092045,19780606,TAVG,125,H,,S,
ASN00092045,19780607,TAVG,123,H,,S,
ASN00092045,19780608,TAVG,107,H,,S,
ASN00092045,19780609,TAVG,98,H,,S,
ASN00092045,19780610,TAVG,112,H,,S,
ASN00092045,19780611,TAVG,106,H,,S,
ASN00092045,19780612,TAVG,117,H,,S,
ASN00092045,19780613,TAVG,114,H,,S,
ASN00092045,19780614,TAVG,108,H,,S,
ASN00092045,19780615,TAVG,117,H,,S,
ASN00092045,19780616,TAVG,120,H,,S,
ASN00092045,19780617,TAVG,120,H,,S,
ASN00092045,19780618,TAVG,113,H,,S,
ASN00092045,19780619,TAVG,100,H,,S,
ASN00092045,19780620,TAVG,92,H,,S,
ASN00092045,19780621,TAVG,92,H,,S,
ASN00092045,19780622,TAVG,93,H,,S,
ASN00092045,19780623,TAVG,125,H,,S,
ASN00092045,19780624,TAVG,90,H,,S,
ASN00092045,19780625,TAVG,100,H,,S,
ASN00092045,19780626,TAVG,88,H,,S,
ASN00092045,19780627,TAVG,95,H,,S,
ASN00092045,19780628,TAVG,105,H,,S,
ASN00092045,19780629,TAVG,98,H,,S,
ASN00092045,19780630,TAVG,98,H,,S,
ASN00092045,19780701,TMAX,118,,,a,
ASN00092045,19780702,TMAX,120,,,a,
ASN00092045,19780703,TMAX,110,,,a,
ASN00092045,19780704,TMAX,120,,,a,
ASN00092045,19780705,TMAX,110,,,a,
ASN00092045,19780706,TMAX,115,,,a,
ASN00092045,19780707,TMAX,120,,,a,
ASN00092045,19780708,TMAX,128,,,a,
ASN00092045,19780709,TMAX,85,,,a,
ASN00092045,19780710,TMAX,100,,,a,
ASN00092045,19780711,TMAX,110,,,a,
ASN00092045,19780712,TMAX,118,,,a,
ASN00092045,19780713,TMAX,118,,,a,
ASN00092045,19780714,TMAX,125,,,a,
ASN00092045,19780715,TMAX,130,,,a,
ASN00092045,19780716,TMAX,125,,,a,
ASN00092045,19780717,TMAX,112,,,a,
ASN00092045,19780718,TMAX,115,,,a,
ASN00092045,19780719,TMAX,120,,,a,
ASN00092045,19780720,TMAX,120,,,a,
ASN00092045,19780721,TMAX,138,,,a,
ASN00092045,19780722,TMAX,130,,,a,
ASN00092045,19780723,TMAX,130,,,a,
ASN00092045,19780724,TMAX,140,,,a,
ASN00092045,19780725,TMAX,115,,,a,
ASN00092045,19780726,TMAX,115,,,a,
ASN00092045,19780727,TMAX,125,,,a,
ASN00092045,19780728,TMAX,120,,,a,
ASN00092045,19780729,TMAX,145,,,a,
ASN00092045,19780730,TMAX,130,,,a,
ASN00092045,19780731,TMAX,130,,,a,
ASN00092045,19780701,TMIN,88,,,a,
ASN00092045,19780702,TMIN,85,,,a,
ASN00092045,19780703,TMIN,95,,,a,
ASN00092045,19780704,TMIN,35,,,a,
ASN00092045,19780705,TMIN,55,,,a,
ASN00092045,19780706,TMIN,55,,,a,
ASN00092045,19780707,TMIN,20,,,a,
ASN00092045,19780708,TMIN,40,,,a,
ASN00092045,19780709,TMIN,48,,,a,
ASN00092045,19780710,TMIN,25,,,a,
ASN00092045,19780711,TMIN,42,,,a,
ASN00092045,19780712,TMIN,20,,,a,
ASN00092045,19780713,TMIN,32,,,a,
ASN00092045,19780714,TMIN,58,,,a,
ASN00092045,19780715,TMIN,95,,,a,
ASN00092045,19780716,TMIN,100,,,a,
ASN00092045,19780717,TMIN,95,,,a,
ASN00092045,19780718,TMIN,35,,,a,
ASN00092045,19780719,TMIN,65,,,a,
ASN00092045,19780720,TMIN,65,,,a,
ASN00092045,19780721,TMIN,90,,,a,
ASN00092045,19780722,TMIN,100,,,a,
ASN00092045,19780723,TMIN,65,,,a,
ASN00092045,19780724,TMIN,55,,,a,
ASN00092045,19780725,TMIN,60,,,a,
ASN00092045,19780726,TMIN,65,,,a,
ASN00092045,19780727,TMIN,80,,,a,
ASN00092045,19780728,TMIN,35,,,a,
ASN00092045,19780729,TMIN,65,,,a,
ASN00092045,19780730,TMIN,105,,,a,
ASN00092045,19780731,TMIN,105,,,a,
ASN00092045,19780701,PRCP,2,,,a,
ASN00092045,19780702,PRCP,12,,,a,
ASN00092045,19780703,PRCP,115,,,a,
ASN00092045,19780704,PRCP,0,,,a,
ASN00092045,19780705,PRCP,8,,,a,
ASN00092045,19780706,PRCP,122,,,a,
ASN00092045,19780707,PRCP,0,,,a,
ASN00092045,19780708,PRCP,0,,,a,
ASN00092045,19780709,PRCP,18,,,a,
ASN00092045,19780710,PRCP,134,,,a,
ASN00092045,19780711,PRCP,0,,,a,
ASN00092045,19780712,PRCP,2,,,a,
ASN00092045,19780713,PRCP,0,,,a,
ASN00092045,19780714,PRCP,114,,,a,
ASN00092045,19780715,PRCP,0,,,a,
ASN00092045,19780716,PRCP,40,,,a,
ASN00092045,19780717,PRCP,7,,,a,
ASN00092045,19780718,PRCP,68,,,a,
ASN00092045,19780719,PRCP,26,,,a,
ASN00092045,19780720,PRCP,0,,,a,
ASN00092045,19780721,PRCP,42,,,a,
ASN00092045,19780722,PRCP,50,,,a,
ASN00092045,19780723,PRCP,46,,,a,
ASN00092045,19780724,PRCP,0,,,a,
ASN00092045,19780725,PRCP,12,,,a,
ASN00092045,19780726,PRCP,0,,,a,
ASN00092045,19780727,PRCP,52,,,a,
ASN00092045,19780728,PRCP,0,,,a,
ASN00092045,19780729,PRCP,0,,,a,
ASN00092045,19780730,PRCP,0,,,a,
ASN00092045,19780731,PRCP,0,,,a,
ASN00092045,19780701,TAVG,103,H,,S,
ASN00092045,19780702,TAVG,112,H,,S,
ASN00092045,19780703,TAVG,82,H,,S,
ASN00092045,19780704,TAVG,85,H,,S,
ASN00092045,19780705,TAVG,80,H,,S,
ASN00092045,19780706,TAVG,58,H,,S,
ASN00092045,19780708,TAVG,95,H,,S,
ASN00092045,19780709,TAVG,59,H,,S,
ASN00092045,19780710,TAVG,67,H,,S,
ASN00092045,19780711,TAVG,48,H,,S,
ASN00092045,19780712,TAVG,69,H,,S,
ASN00092045,19780713,TAVG,102,H,,S,
ASN00092045,19780714,TAVG,108,H,,S,
ASN00092045,19780715,TAVG,113,H,,S,
ASN00092045,19780716,TAVG,108,H,,S,
ASN00092045,19780717,TAVG,85,H,,S,
ASN00092045,19780718,TAVG,92,H,,S,
ASN00092045,19780719,TAVG,98,H,,S,
ASN00092045,19780720,TAVG,112,H,,S,
ASN00092045,19780721,TAVG,120,H,,S,
ASN00092045,19780722,TAVG,100,H,,S,
ASN00092045,19780723,TAVG,93,H,,S,
ASN00092045,19780724,TAVG,78,H,,S,
ASN00092045,19780725,TAVG,95,H,,S,
ASN00092045,19780726,TAVG,102,H,,S,
ASN00092045,19780727,TAVG,96,H,,S,
ASN00092045,19780728,TAVG,102,H,,S,
ASN00092045,19780729,TAVG,120,H,,S,
ASN00092045,19780730,TAVG,120,H,,S,
ASN00092045,19780731,TAVG,112,H,,S,
ASN00092045,19780801,TMAX,140,,,a,
ASN00092045,19780802,TMAX,130,,,a,
ASN00092045,19780803,TMAX,135,,,a,
ASN00092045,19780804,TMAX,145,,,a,
ASN00092045,19780805,TMAX,140,,,a,
ASN00092045,19780806,TMAX,128,,,a,
ASN00092045,19780807,TMAX,115,,,a,
ASN00092045,19780808,TMAX,118,,,a,
ASN00092045,19780809,TMAX,105,,,a,
ASN00092045,19780810,TMAX,130,,,a,
ASN00092045,19780811,TMAX,125,,,a,
ASN00092045,19780812,TMAX,110,,,a,
ASN00092045,19780813,TMAX,105,,,a,
ASN00092045,19780814,TMAX,140,,,a,
ASN00092045,19780815,TMAX,120,,,a,
ASN00092045,19780816,TMAX,125,,,a,
ASN00092045,19780817,TMAX,100,,,a,
ASN00092045,19780818,TMAX,105,,,a,
ASN00092045,19780819,TMAX,115,,,a,
ASN00092045,19780820,TMAX,125,,,a,
ASN00092045,19780821,TMAX,140,,,a,
ASN00092045,19780822,TMAX,110,,,a,
ASN00092045,19780823,TMAX,150,,,a,
ASN00092045,19780824,TMAX,122,,,a,
ASN00092045,19780825,TMAX,110,,,a,
ASN00092045,19780826,TMAX,105,,,a,
ASN00092045,19780827,TMAX,125,,,a,
ASN00092045,19780828,TMAX,130,,,a,
ASN00092045,19780829,TMAX,140,,,a,
ASN00092045,19780830,TMAX,155,,,a,
ASN00092045,19780831,TMAX,140,,,a,
ASN00092045,19780801,TMIN,95,,,a,
ASN00092045,19780802,TMIN,50,,,a,
ASN00092045,19780803,TMIN,70,,,a,
ASN00092045,19780804,TMIN,90,,,a,
ASN00092045,19780805,TMIN,100,,,a,
ASN00092045,19780806,TMIN,110,,,a,
ASN00092045,19780807,TMIN,105,,,a,
ASN00092045,19780808,TMIN,85,,,a,
ASN00092045,19780809,TMIN,78,,,a,
ASN00092045,19780810,TMIN,38,,,a,
ASN00092045,19780811,TMIN,70,,,a,
ASN00092045,19780812,TMIN,58,,,a,
ASN00092045,19780813,TMIN,30,,,a,
ASN00092045,19780814,TMIN,50,,,a,
ASN00092045,19780815,TMIN,68,,,a,
ASN00092045,19780816,TMIN,50,,,a,
ASN00092045,19780817,TMIN,45,,,a,
ASN00092045,19780818,TMIN,25,,,a,
ASN00092045,19780819,TMIN,34,,,a,
ASN00092045,19780820,TMIN,45,,,a,
ASN00092045,19780821,TMIN,64,,,a,
ASN00092045,19780822,TMIN,58,,,a,
ASN00092045,19780823,TMIN,30,,,a,
ASN00092045,19780824,TMIN,42,,,a,
ASN00092045,19780825,TMIN,40,,,a,
ASN00092045,19780826,TMIN,55,,,a,
ASN00092045,19780827,TMIN,28,,,a,
ASN00092045,19780828,TMIN,45,,,a,
ASN00092045,19780829,TMIN,60,,,a,
ASN00092045,19780830,TMIN,82,,,a,
ASN00092045,19780831,TMIN,88,,,a,
ASN00092045,19780801,PRCP,2,,,a,
ASN00092045,19780802,PRCP,0,,,a,
ASN00092045,19780803,PRCP,10,,,a,
ASN00092045,19780804,PRCP,0,,,a,
ASN00092045,19780805,PRCP,0,,,a,
ASN00092045,19780806,PRCP,12,,,a,
ASN00092045,19780807,PRCP,16,,,a,
ASN00092045,19780808,PRCP,200,,,a,
ASN00092045,19780809,PRCP,22,,,a,
ASN00092045,19780810,PRCP,3,,,a,
ASN00092045,19780811,PRCP,64,,,a,
ASN00092045,19780812,PRCP,92,,,a,
ASN00092045,19780813,PRCP,84,,,a,
ASN00092045,19780814,PRCP,0,,,a,
ASN00092045,19780815,PRCP,0,,,a,
ASN00092045,19780816,PRCP,16,,,a,
ASN00092045,19780817,PRCP,0,,,a,
ASN00092045,19780818,PRCP,0,,,a,
ASN00092045,19780819,PRCP,0,,,a,
ASN00092045,19780820,PRCP,0,,,a,
ASN00092045,19780821,PRCP,42,,,a,
ASN00092045,19780822,PRCP,0,,,a,
ASN00092045,19780823,PRCP,0,,,a,
ASN00092045,19780824,PRCP,0,,,a,
ASN00092045,19780825,PRCP,0,,,a,
ASN00092045,19780826,PRCP,24,,,a,
ASN00092045,19780827,PRCP,0,,,a,
ASN00092045,19780828,PRCP,0,,,a,
ASN00092045,19780829,PRCP,0,,,a,
ASN00092045,19780830,PRCP,0,,,a,
ASN00092045,19780831,PRCP,0,,,a,
ASN00092045,19780801,TAVG,97,H,,S,
ASN00092045,19780802,TAVG,110,H,,S,
ASN00092045,19780803,TAVG,115,H,,S,
ASN00092045,19780804,TAVG,118,H,,S,
ASN00092045,19780805,TAVG,123,H,,S,
ASN00092045,19780806,TAVG,117,H,,S,
ASN00092045,19780807,TAVG,107,H,,S,
ASN00092045,19780808,TAVG,98,H,,S,
ASN00092045,19780809,TAVG,77,H,,S,
ASN00092045,19780810,TAVG,105,H,,S,
ASN00092045,19780811,TAVG,92,H,,S,
ASN00092045,19780812,TAVG,69,H,,S,
ASN00092045,19780813,TAVG,83,H,,S,
ASN00092045,19780814,TAVG,102,H,,S,
ASN00092045,19780815,TAVG,92,H,,S,
ASN00092045,19780816,TAVG,82,H,,S,
ASN00092045,19780817,TAVG,62,H,,S,
ASN00092045,19780818,TAVG,66,H,,S,
ASN00092045,19780819,TAVG,99,H,,S,
ASN00092045,19780820,TAVG,98,H,,S,
ASN00092045,19780821,TAVG,108,H,,S,
ASN00092045,19780822,TAVG,88,H,,S,
ASN00092045,19780823,TAVG,96,H,,S,
ASN00092045,19780824,TAVG,79,H,,S,
ASN00092045,19780825,TAVG,93,H,,S,
ASN00092045,19780826,TAVG,68,H,,S,
ASN00092045,19780827,TAVG,85,H,,S,
ASN00092045,19780828,TAVG,97,H,,S,
ASN00092045,19780829,TAVG,108,H,,S,
ASN00092045,19780830,TAVG,120,H,,S,
ASN00092045,19780831,TAVG,103,H,,S,
ASN00092045,19780901,TMAX,140,,,a,
ASN00092045,19780902,TMAX,132,,,a,
ASN00092045,19780903,TMAX,145,,,a,
ASN00092045,19780904,TMAX,135,,,a,
ASN00092045,19780905,TMAX,150,,,a,
ASN00092045,19780906,TMAX,165,,,a,
ASN00092045,19780907,TMAX,168,,,a,
ASN00092045,19780908,TMAX,150,,,a,
ASN00092045,19780909,TMAX,142,,,a,
ASN00092045,19780910,TMAX,155,,,a,
ASN00092045,19780911,TMAX,140,,,a,
ASN00092045,19780912,TMAX,140,,,a,
ASN00092045,19780913,TMAX,140,,,a,
ASN00092045,19780914,TMAX,125,,,a,
ASN00092045,19780915,TMAX,170,,,a,
ASN00092045,19780916,TMAX,155,,,a,
ASN00092045,19780917,TMAX,135,,,a,
ASN00092045,19780918,TMAX,130,,,a,
ASN00092045,19780919,TMAX,140,,,a,
ASN00092045,19780920,TMAX,140,,,a,
ASN00092045,19780921,TMAX,120,,,a,
ASN00092045,19780922,TMAX,130,,,a,
ASN00092045,19780923,TMAX,130,,,a,
ASN00092045,19780924,TMAX,140,,,a,
ASN00092045,19780925,TMAX,150,,,a,
ASN00092045,19780926,TMAX,150,,,a,
ASN00092045,19780927,TMAX,145,,,a,
ASN00092045,19780928,TMAX,150,,,a,
ASN00092045,19780929,TMAX,150,,,a,
ASN00092045,19780930,TMAX,160,,,a,
ASN00092045,19780901,TMIN,68,,,a,
ASN00092045,19780902,TMIN,65,,,a,
ASN00092045,19780903,TMIN,102,,,a,
ASN00092045,19780904,TMIN,105,,,a,
ASN00092045,19780905,TMIN,97,,,a,
ASN00092045,19780906,TMIN,107,,,a,
ASN00092045,19780907,TMIN,70,,,a,
ASN00092045,19780908,TMIN,60,,,a,
ASN00092045,19780909,TMIN,95,,,a,
ASN00092045,19780910,TMIN,70,,,a,
ASN00092045,19780911,TMIN,95,,,a,
ASN00092045,19780912,TMIN,110,,,a,
ASN00092045,19780913,TMIN,50,,,a,
ASN00092045,19780914,TMIN,0,,,a,
ASN00092045,19780915,TMIN,60,,,a,
ASN00092045,19780916,TMIN,55,,,a,
ASN00092045,19780917,TMIN,74,,,a,
ASN00092045,19780918,TMIN,90,,,a,
ASN00092045,19780919,TMIN,110,,,a,
ASN00092045,19780920,TMIN,105,,,a,
ASN00092045,19780921,TMIN,100,,,a,
ASN00092045,19780922,TMIN,90,,,a,
ASN00092045,19780923,TMIN,50,,,a,
ASN00092045,19780924,TMIN,100,,,a,
ASN00092045,19780925,TMIN,85,,,a,
ASN00092045,19780926,TMIN,120,,,a,
ASN00092045,19780927,TMIN,125,,,a,
ASN00092045,19780928,TMIN,80,,,a,
ASN00092045,19780929,TMIN,70,,,a,
ASN00092045,19780930,TMIN,112,,,a,
ASN00092045,19780901,PRCP,2,,,a,
ASN00092045,19780902,PRCP,0,,,a,
ASN00092045,19780903,PRCP,0,,,a,
ASN00092045,19780904,PRCP,8,,,a,
ASN00092045,19780905,PRCP,44,,,a,
ASN00092045,19780906,PRCP,0,,,a,
ASN00092045,19780907,PRCP,0,,,a,
ASN00092045,19780908,PRCP,0,,,a,
ASN00092045,19780909,PRCP,0,,,a,
ASN00092045,19780910,PRCP,0,,,a,
ASN00092045,19780911,PRCP,0,,,a,
ASN00092045,19780912,PRCP,125,,,a,
ASN00092045,19780913,PRCP,148,,,a,
ASN00092045,19780914,PRCP,56,,,a,
ASN00092045,19780915,PRCP,0,,,a,
ASN00092045,19780916,PRCP,0,,,a,
ASN00092045,19780917,PRCP,0,,,a,
ASN00092045,19780918,PRCP,0,,,a,
ASN00092045,19780919,PRCP,210,,,a,
ASN00092045,19780920,PRCP,4,,,a,
ASN00092045,19780921,PRCP,0,,,a,
ASN00092045,19780922,PRCP,0,,,a,
ASN00092045,19780923,PRCP,0,,,a,
ASN00092045,19780924,PRCP,0,,,a,
ASN00092045,19780925,PRCP,0,,,a,
ASN00092045,19780926,PRCP,0,,,a,
ASN00092045,19780927,PRCP,64,,,a,
ASN00092045,19780928,PRCP,143,,,a,
ASN00092045,19780929,PRCP,0,,,a,
ASN00092045,19780930,PRCP,0,,,a,
ASN00092045,19780901,TAVG,110,H,,S,
ASN00092045,19780902,TAVG,122,H,,S,
ASN00092045,19780903,TAVG,122,H,,S,
ASN00092045,19780904,TAVG,113,H,,S,
ASN00092045,19780905,TAVG,125,H,,S,
ASN00092045,19780906,TAVG,116,H,,S,
ASN00092045,19780907,TAVG,108,H,,S,
ASN00092045,19780908,TAVG,133,H,,S,
ASN00092045,19780909,TAVG,108,H,,S,
ASN00092045,19780910,TAVG,118,H,,S,
ASN00092045,19780911,TAVG,125,H,,S,
ASN00092045,19780912,TAVG,86,H,,S,
ASN00092045,19780913,TAVG,43,H,,S,
ASN00092045,19780914,TAVG,110,H,,S,
ASN00092045,19780915,TAVG,123,H,,S,
ASN00092045,19780916,TAVG,113,H,,S,
ASN00092045,19780917,TAVG,115,H,,S,
ASN00092045,19780918,TAVG,123,H,,S,
ASN00092045,19780919,TAVG,117,H,,S,
ASN00092045,19780920,TAVG,112,H,,S,
ASN00092045,19780921,TAVG,108,H,,S,
ASN00092045,19780922,TAVG,102,H,,S,
ASN00092045,19780923,TAVG,117,H,,S,
ASN00092045,19780924,TAVG,120,H,,S,
ASN00092045,19780925,TAVG,130,H,,S,
ASN00092045,19780926,TAVG,137,H,,S,
ASN00092045,19780927,TAVG,103,H,,S,
ASN00092045,19780928,TAVG,106,H,,S,
ASN00092045,19780929,TAVG,128,H,,S,
ASN00092045,19781001,TMAX,170,,,a,
ASN00092045,19781002,TMAX,175,,,a,
ASN00092045,19781003,TMAX,150,,,a,
ASN00092045,19781004,TMAX,150,,,a,
ASN00092045,19781005,TMAX,155,,,a,
ASN00092045,19781006,TMAX,145,,,a,
ASN00092045,19781007,TMAX,145,,,a,
ASN00092045,19781008,TMAX,155,,,a,
ASN00092045,19781009,TMAX,180,,,a,
ASN00092045,19781010,TMAX,190,,,a,
ASN00092045,19781011,TMAX,198,,,a,
ASN00092045,19781012,TMAX,215,,,a,
ASN00092045,19781013,TMAX,135,,,a,
ASN00092045,19781014,TMAX,165,,,a,
ASN00092045,19781015,TMAX,155,,,a,
ASN00092045,19781016,TMAX,160,,,a,
ASN00092045,19781017,TMAX,120,,,a,
ASN00092045,19781018,TMAX,125,,,a,
ASN00092045,19781019,TMAX,160,,,a,
ASN00092045,19781020,TMAX,175,,,a,
ASN00092045,19781021,TMAX,180,,,a,
ASN00092045,19781022,TMAX,195,,,a,
ASN00092045,19781023,TMAX,168,,,a,
ASN00092045,19781024,TMAX,208,,,a,
ASN00092045,19781025,TMAX,160,,,a,
ASN00092045,19781026,TMAX,190,,,a,
ASN00092045,19781027,TMAX,160,,,a,
ASN00092045,19781028,TMAX,145,,,a,
ASN00092045,19781029,TMAX,170,,,a,
ASN00092045,19781030,TMAX,165,,,a,
ASN00092045,19781031,TMAX,170,,,a,
ASN00092045,19781001,TMIN,110,,,a,
ASN00092045,19781002,TMIN,98,,,a,
ASN00092045,19781003,TMIN,75,,,a,
ASN00092045,19781004,TMIN,85,,,a,
ASN00092045,19781005,TMIN,80,,,a,
ASN00092045,19781006,TMIN,100,,,a,
ASN00092045,19781007,TMIN,75,,,a,
ASN00092045,19781008,TMIN,85,,,a,
ASN00092045,19781009,TMIN,95,,,a,
ASN00092045,19781010,TMIN,118,,,a,
ASN00092045,19781011,TMIN,115,,,a,
ASN00092045,19781012,TMIN,100,,,a,
ASN00092045,19781013,TMIN,78,,,a,
ASN00092045,19781014,TMIN,40,,,a,
ASN00092045,19781015,TMIN,65,,,a,
ASN00092045,19781016,TMIN,95,,,a,
ASN00092045,19781017,TMIN,70,,,a,
ASN00092045,19781018,TMIN,40,,,a,
ASN00092045,19781019,TMIN,50,,,a,
ASN00092045,19781020,TMIN,80,,,a,
ASN00092045,19781021,TMIN,95,,,a,
ASN00092045,19781022,TMIN,88,,,a,
ASN00092045,19781023,TMIN,115,,,a,
ASN00092045,19781024,TMIN,125,,,a,
ASN00092045,19781025,TMIN,128,,,a,
ASN00092045,19781026,TMIN,132,,,a,
ASN00092045,19781027,TMIN,135,,,a,
ASN00092045,19781028,TMIN,65,,,a,
ASN00092045,19781029,TMIN,70,,,a,
ASN00092045,19781030,TMIN,105,,,a,
ASN00092045,19781031,TMIN,105,,,a,
ASN00092045,19781001,PRCP,0,,,a,
ASN00092045,19781002,PRCP,0,,,a,
ASN00092045,19781003,PRCP,55,,,a,
ASN00092045,19781004,PRCP,0,,,a,
ASN00092045,19781005,PRCP,0,,,a,
ASN00092045,19781006,PRCP,11,,,a,
ASN00092045,19781007,PRCP,0,,,a,
ASN00092045,19781008,PRCP,0,,,a,
ASN00092045,19781009,PRCP,0,,,a,
ASN00092045,19781010,PRCP,0,,,a,
ASN00092045,19781011,PRCP,0,,,a,
ASN00092045,19781012,PRCP,0,,,a,
ASN00092045,19781013,PRCP,10,,,a,
ASN00092045,19781014,PRCP,20,,,a,
ASN00092045,19781015,PRCP,0,,,a,
ASN00092045,19781016,PRCP,0,,,a,
ASN00092045,19781017,PRCP,0,,,a,
ASN00092045,19781018,PRCP,12,,,a,
ASN00092045,19781019,PRCP,0,,,a,
ASN00092045,19781020,PRCP,0,,,a,
ASN00092045,19781021,PRCP,0,,,a,
ASN00092045,19781022,PRCP,0,,,a,
ASN00092045,19781023,PRCP,0,,,a,
ASN00092045,19781024,PRCP,0,,,a,
ASN00092045,19781025,PRCP,12,,,a,
ASN00092045,19781026,PRCP,21,,,a,
ASN00092045,19781027,PRCP,200,,,a,
ASN00092045,19781028,PRCP,52,,,a,
ASN00092045,19781029,PRCP,0,,,a,
ASN00092045,19781030,PRCP,0,,,a,
ASN00092045,19781031,PRCP,0,,,a,
ASN00092045,19781001,TAVG,137,H,,S,
ASN00092045,19781002,TAVG,132,H,,S,
ASN00092045,19781003,TAVG,118,H,,S,
ASN00092045,19781004,TAVG,116,H,,S,
ASN00092045,19781005,TAVG,118,H,,S,
ASN00092045,19781006,TAVG,110,H,,S,
ASN00092045,19781007,TAVG,119,H,,S,
ASN00092045,19781008,TAVG,119,H,,S,
ASN00092045,19781009,TAVG,150,H,,S,
ASN00092045,19781010,TAVG,136,H,,S,
ASN00092045,19781011,TAVG,152,H,,S,
ASN00092045,19781012,TAVG,128,H,,S,
ASN00092045,19781013,TAVG,74,H,,S,
ASN00092045,19781014,TAVG,122,H,,S,
ASN00092045,19781015,TAVG,127,H,,S,
ASN00092045,19781016,TAVG,120,H,,S,
ASN00092045,19781017,TAVG,94,H,,S,
ASN00092045,19781018,TAVG,110,H,,S,
ASN00092045,19781019,TAVG,115,H,,S,
ASN00092045,19781020,TAVG,130,H,,S,
ASN00092045,19781021,TAVG,132,H,,S,
ASN00092045,19781022,TAVG,142,H,,S,
ASN00092045,19781023,TAVG,140,H,,S,
ASN00092045,19781024,TAVG,157,H,,S,
ASN00092045,19781025,TAVG,144,H,,S,
ASN00092045,19781026,TAVG,150,H,,S,
ASN00092045,19781027,TAVG,113,H,,S,
ASN00092045,19781028,TAVG,112,H,,S,
ASN00092045,19781029,TAVG,142,H,,S,
ASN00092045,19781030,TAVG,139,H,,S,
ASN00092045,19781031,TAVG,123,H,,S,
ASN00092045,19781101,TMAX,145,,,a,
ASN00092045,19781102,TMAX,138,,,a,
ASN00092045,19781103,TMAX,155,,,a,
ASN00092045,19781104,TMAX,160,,,a,
ASN00092045,19781105,TMAX,168,,,a,
ASN00092045,19781106,TMAX,145,,,a,
ASN00092045,19781107,TMAX,150,,,a,
ASN00092045,19781108,TMAX,188,,,a,
ASN00092045,19781109,TMAX,150,,,a,
ASN00092045,19781110,TMAX,150,,,a,
ASN00092045,19781111,TMAX,135,,,a,
ASN00092045,19781112,TMAX,135,,,a,
ASN00092045,19781113,TMAX,175,,,a,
ASN00092045,19781114,TMAX,230,,,a,
ASN00092045,19781115,TMAX,222,,,a,
ASN00092045,19781116,TMAX,200,,,a,
ASN00092045,19781117,TMAX,195,,,a,
ASN00092045,19781118,TMAX,210,,,a,
ASN00092045,19781119,TMAX,130,,,a,
ASN00092045,19781120,TMAX,180,,,a,
ASN00092045,19781121,TMAX,170,,,a,
ASN00092045,19781122,TMAX,175,,,a,
ASN00092045,19781123,TMAX,183,,,a,
ASN00092045,19781124,TMAX,200,,,a,
ASN00092045,19781125,TMAX,220,,,a,
ASN00092045,19781126,TMAX,225,,,a,
ASN00092045,19781127,TMAX,210,,,a,
ASN00092045,19781128,TMAX,162,,,a,
ASN00092045,19781129,TMAX,180,,,a,
ASN00092045,19781130,TMAX,185,,,a,
ASN00092045,19781101,TMIN,90,,,a,
ASN00092045,19781102,TMIN,70,,,a,
ASN00092045,19781103,TMIN,78,,,a,
ASN00092045,19781104,TMIN,110,,,a,
ASN00092045,19781105,TMIN,128,,,a,
ASN00092045,19781106,TMIN,132,,,a,
ASN00092045,19781107,TMIN,115,,,a,
ASN00092045,19781108,TMIN,135,,,a,
ASN00092045,19781109,TMIN,100,,,a,
ASN00092045,19781110,TMIN,90,,,a,
ASN00092045,19781111,TMIN,90,,,a,
ASN00092045,19781112,TMIN,90,,,a,
ASN00092045,19781113,TMIN,65,,,a,
ASN00092045,19781114,TMIN,115,,,a,
ASN00092045,19781115,TMIN,120,,,a,
ASN00092045,19781116,TMIN,125,,,a,
ASN00092045,19781117,TMIN,126,,,a,
ASN00092045,19781118,TMIN,138,,,a,
ASN00092045,19781119,TMIN,105,,,a,
ASN00092045,19781120,TMIN,80,,,a,
ASN00092045,19781121,TMIN,75,,,a,
ASN00092045,19781122,TMIN,100,,,a,
ASN00092045,19781123,TMIN,95,,,a,
ASN00092045,19781124,TMIN,122,,,a,
ASN00092045,19781125,TMIN,115,,,a,
ASN00092045,19781126,TMIN,145,,,a,
ASN00092045,19781127,TMIN,153,,,a,
ASN00092045,19781128,TMIN,135,,,a,
ASN00092045,19781129,TMIN,143,,,a,
ASN00092045,19781130,TMIN,98,,,a,
ASN00092045,19781101,PRCP,0,,,a,
ASN00092045,19781102,PRCP,0,,,a,
ASN00092045,19781103,PRCP,0,,,a,
ASN00092045,19781104,PRCP,0,,,a,
ASN00092045,19781105,PRCP,0,,,a,
ASN00092045,19781106,PRCP,0,,,a,
ASN00092045,19781107,PRCP,444,,,a,
ASN00092045,19781108,PRCP,86,,,a,
ASN00092045,19781109,PRCP,4,,,a,
ASN00092045,19781110,PRCP,98,,,a,
ASN00092045,19781111,PRCP,16,,,a,
ASN00092045,19781112,PRCP,6,,,a,
ASN00092045,19781113,PRCP,0,,,a,
ASN00092045,19781114,PRCP,0,,,a,
ASN00092045,19781115,PRCP,0,,,a,
ASN00092045,19781116,PRCP,0,,,a,
ASN00092045,19781117,PRCP,0,,,a,
ASN00092045,19781118,PRCP,0,,,a,
ASN00092045,19781119,PRCP,186,,,a,
ASN00092045,19781120,PRCP,348,,,a,
ASN00092045,19781121,PRCP,2,,,a,
ASN00092045,19781122,PRCP,0,,,a,
ASN00092045,19781123,PRCP,0,,,a,
ASN00092045,19781124,PRCP,0,,,a,
ASN00092045,19781125,PRCP,0,,,a,
ASN00092045,19781126,PRCP,0,,,a,
ASN00092045,19781127,PRCP,0,,,a,
ASN00092045,19781128,PRCP,6,,,a,
ASN00092045,19781129,PRCP,6,,,a,
ASN00092045,19781130,PRCP,72,,,a,
ASN00092045,19781101,TAVG,122,H,,S,
ASN00092045,19781102,TAVG,127,H,,S,
ASN00092045,19781103,TAVG,133,H,,S,
ASN00092045,19781104,TAVG,141,H,,S,
ASN00092045,19781105,TAVG,144,H,,S,
ASN00092045,19781106,TAVG,134,H,,S,
ASN00092045,19781107,TAVG,142,H,,S,
ASN00092045,19781108,TAVG,145,H,,S,
ASN00092045,19781109,TAVG,103,H,,S,
ASN00092045,19781110,TAVG,114,H,,S,
ASN00092045,19781111,TAVG,109,H,,S,
ASN00092045,19781112,TAVG,106,H,,S,
ASN00092045,19781113,TAVG,146,H,,S,
ASN00092045,19781114,TAVG,177,H,,S,
ASN00092045,19781115,TAVG,160,H,,S,
ASN00092045,19781116,TAVG,152,H,,S,
ASN00092045,19781117,TAVG,174,H,,S,
ASN00092045,19781118,TAVG,144,H,,S,
ASN00092045,19781119,TAVG,110,H,,S,
ASN00092045,19781120,TAVG,149,H,,S,
ASN00092045,19781121,TAVG,139,H,,S,
ASN00092045,19781122,TAVG,142,H,,S,
ASN00092045,19781123,TAVG,149,H,,S,
ASN00092045,19781124,TAVG,146,H,,S,
ASN00092045,19781125,TAVG,189,H,,S,
ASN00092045,19781126,TAVG,195,H,,S,
ASN00092045,19781127,TAVG,152,H,,S,
ASN00092045,19781128,TAVG,152,H,,S,
ASN00092045,19781129,TAVG,138,H,,S,
ASN00092045,19781130,TAVG,146,H,,S,
ASN00092045,19781201,TMAX,190,,,a,
ASN00092045,19781202,TMAX,180,,,a,
ASN00092045,19781203,TMAX,187,,,a,
ASN00092045,19781204,TMAX,165,,,a,
ASN00092045,19781205,TMAX,180,,,a,
ASN00092045,19781206,TMAX,170,,,a,
ASN00092045,19781207,TMAX,153,,,a,
ASN00092045,19781208,TMAX,163,,,a,
ASN00092045,19781209,TMAX,165,,,a,
ASN00092045,19781210,TMAX,155,,,a,
ASN00092045,19781211,TMAX,172,,,a,
ASN00092045,19781212,TMAX,155,,,a,
ASN00092045,19781213,TMAX,158,,,a,
ASN00092045,19781214,TMAX,170,,,a,
ASN00092045,19781215,TMAX,166,,,a,
ASN00092045,19781216,TMAX,176,,,a,
ASN00092045,19781217,TMAX,172,,,a,
ASN00092045,19781218,TMAX,155,,,a,
ASN00092045,19781219,TMAX,166,,,a,
ASN00092045,19781220,TMAX,165,,,a,
ASN00092045,19781221,TMAX,200,,,a,
ASN00092045,19781222,TMAX,181,,,a,
ASN00092045,19781223,TMAX,160,,,a,
ASN00092045,19781224,TMAX,170,,,a,
ASN00092045,19781225,TMAX,170,,,a,
ASN00092045,19781226,TMAX,176,,,a,
ASN00092045,19781227,TMAX,188,,,a,
ASN00092045,19781228,TMAX,212,,,a,
ASN00092045,19781229,TMAX,178,,,a,
ASN00092045,19781230,TMAX,225,,,a,
ASN00092045,19781231,TMAX,215,,,a,
ASN00092045,19781201,TMIN,93,,,a,
ASN00092045,19781202,TMIN,105,,,a,
ASN00092045,19781203,TMIN,145,,,a,
ASN00092045,19781204,TMIN,140,,,a,
ASN00092045,19781205,TMIN,91,,,a,
ASN00092045,19781206,TMIN,93,,,a,
ASN00092045,19781207,TMIN,112,,,a,
ASN00092045,19781208,TMIN,102,,,a,
ASN00092045,19781209,TMIN,105,,,a,
ASN00092045,19781210,TMIN,114,,,a,
ASN00092045,19781211,TMIN,126,,,a,
ASN00092045,19781212,TMIN,143,,,a,
ASN00092045,19781213,TMIN,137,,,a,
ASN00092045,19781214,TMIN,125,,,a,
ASN00092045,19781215,TMIN,124,,,a,
ASN00092045,19781216,TMIN,112,,,a,
ASN00092045,19781217,TMIN,140,,,a,
ASN00092045,19781218,TMIN,120,,,a,
ASN00092045,19781219,TMIN,100,,,a,
ASN00092045,19781220,TMIN,55,,,a,
ASN00092045,19781221,TMIN,95,,,a,
ASN00092045,19781222,TMIN,125,,,a,
ASN00092045,19781223,TMIN,125,,,a,
ASN00092045,19781224,TMIN,136,,,a,
ASN00092045,19781225,TMIN,153,,,a,
ASN00092045,19781226,TMIN,159,,,a,
ASN00092045,19781227,TMIN,132,,,a,
ASN00092045,19781228,TMIN,135,,,a,
ASN00092045,19781229,TMIN,130,,,a,
ASN00092045,19781230,TMIN,135,,,a,
ASN00092045,19781231,TMIN,128,,,a,
ASN00092045,19781201,PRCP,0,,,a,
ASN00092045,19781202,PRCP,0,,,a,
ASN00092045,19781203,PRCP,0,,,a,
ASN00092045,19781204,PRCP,51,,,a,
ASN00092045,19781205,PRCP,128,,,a,
ASN00092045,19781206,PRCP,32,,,a,
ASN00092045,19781207,PRCP,0,,,a,
ASN00092045,19781208,PRCP,0,,,a,
ASN00092045,19781209,PRCP,0,,,a,
ASN00092045,19781210,PRCP,0,,,a,
ASN00092045,19781211,PRCP,0,,,a,
ASN00092045,19781212,PRCP,1,,,a,
ASN00092045,19781213,PRCP,190,,,a,
ASN00092045,19781214,PRCP,0,,,a,
ASN00092045,19781215,PRCP,0,,,a,
ASN00092045,19781216,PRCP,0,,,a,
ASN00092045,19781217,PRCP,0,,,a,
ASN00092045,19781218,PRCP,146,,,a,
ASN00092045,19781219,PRCP,0,,,a,
ASN00092045,19781220,PRCP,28,,,a,
ASN00092045,19781221,PRCP,0,,,a,
ASN00092045,19781222,PRCP,0,,,a,
ASN00092045,19781223,PRCP,20,,,a,
ASN00092045,19781224,PRCP,0,,,a,
ASN00092045,19781225,PRCP,3,,,a,
ASN00092045,19781226,PRCP,21,,,a,
ASN00092045,19781227,PRCP,86,,,a,
ASN00092045,19781228,PRCP,0,,,a,
ASN00092045,19781229,PRCP,0,,,a,
ASN00092045,19781230,PRCP,0,,,a,
ASN00092045,19781231,PRCP,0,,,a,
ASN00092045,19781201,TAVG,148,H,,S,
ASN00092045,19781202,TAVG,164,H,,S,
ASN00092045,19781203,TAVG,161,H,,S,
ASN00092045,19781204,TAVG,133,H,,S,
ASN00092045,19781205,TAVG,133,H,,S,
ASN00092045,19781206,TAVG,134,H,,S,
ASN00092045,19781207,TAVG,136,H,,S,
ASN00092045,19781208,TAVG,142,H,,S,
ASN00092045,19781209,TAVG,138,H,,S,
ASN00092045,19781210,TAVG,138,H,,S,
ASN00092045,19781211,TAVG,153,H,,S,
ASN00092045,19781212,TAVG,144,H,,S,
ASN00092045,19781213,TAVG,141,H,,S,
ASN00092045,19781214,TAVG,148,H,,S,
ASN00092045,19781215,TAVG,147,H,,S,
ASN00092045,19781216,TAVG,157,H,,S,
ASN00092045,19781217,TAVG,141,H,,S,
ASN00092045,19781218,TAVG,132,H,,S,
ASN00092045,19781219,TAVG,105,H,,S,
ASN00092045,19781220,TAVG,131,H,,S,
ASN00092045,19781221,TAVG,157,H,,S,
ASN00092045,19781222,TAVG,147,H,,S,
ASN00092045,19781223,TAVG,151,H,,S,
ASN00092045,19781224,TAVG,161,H,,S,
ASN00092045,19781225,TAVG,164,H,,S,
ASN00092045,19781226,TAVG,158,H,,S,
ASN00092045,19781227,TAVG,169,H,,S,
ASN00092045,19781228,TAVG,170,H,,S,
ASN00092045,19781229,TAVG,164,H,,S,
ASN00092045,19781230,TAVG,174,H,,S,
ASN00092045,19781231,TAVG,174,H,,S,
ASN00092045,19790101,TMAX,226,,,a,
ASN00092045,19790102,TMAX,230,,,a,
ASN00092045,19790103,TMAX,195,,,a,
ASN00092045,19790104,TMAX,190,,,a,
ASN00092045,19790105,TMAX,200,,,a,
ASN00092045,19790106,TMAX,210,,,a,
ASN00092045,19790107,TMAX,243,,,a,
ASN00092045,19790108,TMAX,206,,,a,
ASN00092045,19790109,TMAX,210,,,a,
ASN00092045,19790110,TMAX,230,,,a,
ASN00092045,19790111,TMAX,220,,,a,
ASN00092045,19790112,TMAX,218,,,a,
ASN00092045,19790113,TMAX,190,,,a,
ASN00092045,19790114,TMAX,200,,,a,
ASN00092045,19790115,TMAX,195,,,a,
ASN00092045,19790116,TMAX,195,,,a,
ASN00092045,19790117,TMAX,228,,,a,
ASN00092045,19790118,TMAX,198,,,a,
ASN00092045,19790119,TMAX,215,,,a,
ASN00092045,19790120,TMAX,226,,,a,
ASN00092045,19790121,TMAX,204,,,a,
ASN00092045,19790122,TMAX,196,,,a,
ASN00092045,19790123,TMAX,205,,,a,
ASN00092045,19790124,TMAX,217,,,a,
ASN00092045,19790125,TMAX,252,,,a,
ASN00092045,19790126,TMAX,210,,,a,
ASN00092045,19790127,TMAX,202,,,a,
ASN00092045,19790128,TMAX,200,,,a,
ASN00092045,19790129,TMAX,210,,,a,
ASN00092045,19790130,TMAX,206,,,a,
ASN00092045,19790131,TMAX,213,,,a,
ASN00092045,19790101,TMIN,140,,,a,
ASN00092045,19790102,TMIN,112,,,a,
ASN00092045,19790103,TMIN,145,,,a,
ASN00092045,19790104,TMIN,148,,,a,
ASN00092045,19790105,TMIN,155,,,a,
ASN00092045,19790106,TMIN,155,,,a,
ASN00092045,19790107,TMIN,144,,,a,
ASN00092045,19790108,TMIN,90,,,a,
ASN00092045,19790109,TMIN,140,,,a,
ASN00092045,19790110,TMIN,135,,,a,
ASN00092045,19790111,TMIN,100,,,a,
ASN00092045,19790112,TMIN,132,,,a,
ASN00092045,19790113,TMIN,146,,,a,
ASN00092045,19790114,TMIN,142,,,a,
ASN00092045,19790115,TMIN,155,,,a,
ASN00092045,19790116,TMIN,155,,,a,
ASN00092045,19790117,TMIN,160,,,a,
ASN00092045,19790118,TMIN,116,,,a,
ASN00092045,19790119,TMIN,138,,,a,
ASN00092045,19790120,TMIN,170,,,a,
ASN00092045,19790121,TMIN,148,,,a,
ASN00092045,19790122,TMIN,124,,,a,
ASN00092045,19790123,TMIN,135,,,a,
ASN00092045,19790124,TMIN,170,,,a,
ASN00092045,19790125,TMIN,180,,,a,
ASN00092045,19790126,TMIN,110,,,a,
ASN00092045,19790127,TMIN,140,,,a,
ASN00092045,19790128,TMIN,110,,,a,
ASN00092045,19790129,TMIN,140,,,a,
ASN00092045,19790130,TMIN,152,,,a,
ASN00092045,19790131,TMIN,153,,,a,
ASN00092045,19790101,PRCP,0,,,a,
ASN00092045,19790102,PRCP,0,,,a,
ASN00092045,19790103,PRCP,0,,,a,
ASN00092045,19790104,PRCP,0,,,a,
ASN00092045,19790105,PRCP,0,,,a,
ASN00092045,19790106,PRCP,2,,,a,
ASN00092045,19790107,PRCP,0,,,a,
ASN00092045,19790108,PRCP,20,,,a,
ASN00092045,19790109,PRCP,12,,,a,
ASN00092045,19790110,PRCP,24,,,a,
ASN00092045,19790111,PRCP,0,,,a,
ASN00092045,19790112,PRCP,0,,,a,
ASN00092045,19790113,PRCP,0,,,a,
ASN00092045,19790114,PRCP,0,,,a,
ASN00092045,19790115,PRCP,0,,,a,
ASN00092045,19790116,PRCP,0,,,a,
ASN00092045,19790117,PRCP,32,,,a,
ASN00092045,19790118,PRCP,10,,,a,
ASN00092045,19790119,PRCP,0,,,a,
ASN00092045,19790120,PRCP,0,,,a,
ASN00092045,19790121,PRCP,69,,,a,
ASN00092045,19790122,PRCP,0,,,a,
ASN00092045,19790123,PRCP,0,,,a,
ASN00092045,19790124,PRCP,0,,,a,
ASN00092045,19790125,PRCP,0,,,a,
ASN00092045,19790126,PRCP,6,,,a,
ASN00092045,19790127,PRCP,0,,,a,
ASN00092045,19790128,PRCP,0,,,a,
ASN00092045,19790129,PRCP,0,,,a,
ASN00092045,19790130,PRCP,0,,,a,
ASN00092045,19790131,PRCP,2,,,a,
ASN00092045,19790101,TAVG,174,H,,S,
ASN00092045,19790102,TAVG,172,H,,S,
ASN00092045,19790103,TAVG,169,H,,S,
ASN00092045,19790104,TAVG,172,H,,S,
ASN00092045,19790105,TAVG,173,H,,S,
ASN00092045,19790106,TAVG,178,H,,S,
ASN00092045,19790107,TAVG,159,H,,S,
ASN00092045,19790108,TAVG,177,H,,S,
ASN00092045,19790109,TAVG,172,H,,S,
ASN00092045,19790110,TAVG,174,H,,S,
ASN00092045,19790111,TAVG,181,H,,S,
ASN00092045,19790112,TAVG,177,H,,S,
ASN00092045,19790113,TAVG,163,H,,S,
ASN00092045,19790114,TAVG,176,H,,S,
ASN00092045,19790115,TAVG,174,H,,S,
ASN00092045,19790116,TAVG,177,H,,S,
ASN00092045,19790117,TAVG,163,H,,S,
ASN00092045,19790118,TAVG,171,H,,S,
ASN00092045,19790119,TAVG,191,H,,S,
ASN00092045,19790120,TAVG,182,H,,S,
ASN00092045,19790121,TAVG,170,H,,S,
ASN00092045,19790122,TAVG,181,H,,S,
ASN00092045,19790123,TAVG,185,H,,S,
ASN00092045,19790124,TAVG,202,H,,S,
ASN00092045,19790125,TAVG,181,H,,S,
ASN00092045,19790126,TAVG,167,H,,S,
ASN00092045,19790127,TAVG,158,H,,S,
ASN00092045,19790128,TAVG,176,H,,S,
ASN00092045,19790129,TAVG,185,H,,S,
ASN00092045,19790130,TAVG,173,H,,S,
ASN00092045,19790131,TAVG,181,H,,S,
ASN00092045,19790201,TMAX,233,,,a,
ASN00092045,19790202,TMAX,218,,,a,
ASN00092045,19790203,TMAX,268,,,a,
ASN00092045,19790204,TMAX,235,,,a,
ASN00092045,19790205,TMAX,208,,,a,
ASN00092045,19790206,TMAX,205,,,a,
ASN00092045,19790207,TMAX,226,,,a,
ASN00092045,19790208,TMAX,225,,,a,
ASN00092045,19790209,TMAX,195,,,a,
ASN00092045,19790210,TMAX,260,,,a,
ASN00092045,19790211,TMAX,233,,,a,
ASN00092045,19790212,TMAX,235,,,a,
ASN00092045,19790213,TMAX,185,,,a,
ASN00092045,19790214,TMAX,208,,,a,
ASN00092045,19790215,TMAX,205,,,a,
ASN00092045,19790216,TMAX,180,,,a,
ASN00092045,19790217,TMAX,183,,,a,
ASN00092045,19790218,TMAX,195,,,a,
ASN00092045,19790219,TMAX,205,,,a,
ASN00092045,19790220,TMAX,210,,,a,
ASN00092045,19790221,TMAX,225,,,a,
ASN00092045,19790222,TMAX,220,,,a,
ASN00092045,19790223,TMAX,258,,,a,
ASN00092045,19790224,TMAX,190,,,a,
ASN00092045,19790225,TMAX,215,,,a,
ASN00092045,19790226,TMAX,228,,,a,
ASN00092045,19790227,TMAX,200,,,a,
ASN00092045,19790228,TMAX,205,,,a,
ASN00092045,19790201,TMIN,170,,,a,
ASN00092045,19790202,TMIN,175,,,a,
ASN00092045,19790203,TMIN,173,,,a,
ASN00092045,19790204,TMIN,155,,,a,
ASN00092045,19790205,TMIN,145,,,a,
ASN00092045,19790206,TMIN,143,,,a,
ASN00092045,19790207,TMIN,158,,,a,
ASN00092045,19790208,TMIN,168,,,a,
ASN00092045,19790209,TMIN,153,,,a,
ASN00092045,19790210,TMIN,165,,,a,
ASN00092045,19790211,TMIN,175,,,a,
ASN00092045,19790212,TMIN,145,,,a,
ASN00092045,19790213,TMIN,145,,,a,
ASN00092045,19790214,TMIN,80,,,a,
ASN00092045,19790215,TMIN,140,,,a,
ASN00092045,19790216,TMIN,75,,,a,
ASN00092045,19790217,TMIN,110,,,a,
ASN00092045,19790218,TMIN,115,,,a,
ASN00092045,19790219,TMIN,148,,,a,
ASN00092045,19790220,TMIN,168,,,a,
ASN00092045,19790221,TMIN,165,,,a,
ASN00092045,19790222,TMIN,175,,,a,
ASN00092045,19790223,TMIN,177,,,a,
ASN00092045,19790224,TMIN,158,,,a,
ASN00092045,19790225,TMIN,162,,,a,
ASN00092045,19790226,TMIN,170,,,a,
ASN00092045,19790227,TMIN,145,,,a,
ASN00092045,19790228,TMIN,150,,,a,
ASN00092045,19790201,PRCP,0,,,a,
ASN00092045,19790202,PRCP,2,,,a,
ASN00092045,19790203,PRCP,0,,,a,
ASN00092045,19790204,PRCP,0,,,a,
ASN00092045,19790205,PRCP,0,,,a,
ASN00092045,19790206,PRCP,0,,,a,
ASN00092045,19790207,PRCP,0,,,a,
ASN00092045,19790208,PRCP,0,,,a,
ASN00092045,19790209,PRCP,32,,,a,
ASN00092045,19790210,PRCP,4,,,a,
ASN00092045,19790211,PRCP,0,,,a,
ASN00092045,19790212,PRCP,0,,,a,
ASN00092045,19790213,PRCP,0,,,a,
ASN00092045,19790214,PRCP,30,,,a,
ASN00092045,19790215,PRCP,0,,,a,
ASN00092045,19790216,PRCP,14,,,a,
ASN00092045,19790217,PRCP,0,,,a,
ASN00092045,19790218,PRCP,0,,,a,
ASN00092045,19790219,PRCP,0,,,a,
ASN00092045,19790220,PRCP,0,,,a,
ASN00092045,19790221,PRCP,0,,,a,
ASN00092045,19790222,PRCP,0,,,a,
ASN00092045,19790223,PRCP,4,,,a,
ASN00092045,19790224,PRCP,0,,,a,
ASN00092045,19790225,PRCP,8,,,a,
ASN00092045,19790226,PRCP,48,,,a,
ASN00092045,19790227,PRCP,0,,,a,
ASN00092045,19790228,PRCP,0,,,a,
ASN00092045,19790201,TAVG,198,H,,S,
ASN00092045,19790202,TAVG,194,H,,S,
ASN00092045,19790203,TAVG,196,H,,S,
ASN00092045,19790204,TAVG,191,H,,S,
ASN00092045,19790205,TAVG,182,H,,S,
ASN00092045,19790206,TAVG,186,H,,S,
ASN00092045,19790207,TAVG,193,H,,S,
ASN00092045,19790208,TAVG,174,H,,S,
ASN00092045,19790209,TAVG,184,H,,S,
ASN00092045,19790210,TAVG,207,H,,S,
ASN00092045,19790211,TAVG,188,H,,S,
ASN00092045,19790212,TAVG,176,H,,S,
ASN00092045,19790213,TAVG,135,H,,S,
ASN00092045,19790214,TAVG,171,H,,S,
ASN00092045,19790215,TAVG,139,H,,S,
ASN00092045,19790216,TAVG,144,H,,S,
ASN00092045,19790217,TAVG,151,H,,S,
ASN00092045,19790218,TAVG,172,H,,S,
ASN00092045,19790219,TAVG,188,H,,S,
ASN00092045,19790220,TAVG,189,H,,S,
ASN00092045,19790221,TAVG,206,H,,S,
ASN00092045,19790222,TAVG,198,H,,S,
ASN00092045,19790223,TAVG,203,H,,S,
ASN00092045,19790224,TAVG,177,H,,S,
ASN00092045,19790225,TAVG,194,H,,S,
ASN00092045,19790226,TAVG,169,H,,S,
ASN00092045,19790227,TAVG,170,H,,S,
ASN00092045,19790228,TAVG,183,H,,S,
ASN00092045,19790301,TMAX,215,,,a,
ASN00092045,19790302,TMAX,240,,,a,
ASN00092045,19790303,TMAX,175,,,a,
ASN00092045,19790304,TMAX,202,,,a,
ASN00092045,19790305,TMAX,215,,,a,
ASN00092045,19790306,TMAX,175,,,a,
ASN00092045,19790307,TMAX,195,,,a,
ASN00092045,19790308,TMAX,215,,,a,
ASN00092045,19790309,TMAX,225,,,a,
ASN00092045,19790310,TMAX,210,,,a,
ASN00092045,19790311,TMAX,200,,,a,
ASN00092045,19790312,TMAX,220,,,a,
ASN00092045,19790313,TMAX,190,,,a,
ASN00092045,19790314,TMAX,175,,,a,
ASN00092045,19790315,TMAX,180,,,a,
ASN00092045,19790316,TMAX,190,,,a,
ASN00092045,19790317,TMAX,220,,,a,
ASN00092045,19790318,TMAX,205,,,a,
ASN00092045,19790319,TMAX,192,,,a,
ASN00092045,19790320,TMAX,205,,,a,
ASN00092045,19790321,TMAX,195,,,a,
ASN00092045,19790322,TMAX,195,,,a,
ASN00092045,19790323,TMAX,210,,,a,
ASN00092045,19790324,TMAX,180,,,a,
ASN00092045,19790325,TMAX,230,,,a,
ASN00092045,19790326,TMAX,216,,,a,
ASN00092045,19790327,TMAX,180,,,a,
ASN00092045,19790328,TMAX,168,,,a,
ASN00092045,19790329,TMAX,175,,,a,
ASN00092045,19790330,TMAX,198,,,a,
ASN00092045,19790331,TMAX,198,,,a,
ASN00092045,19790301,TMIN,160,,,a,
ASN00092045,19790302,TMIN,178,,,a,
ASN00092045,19790303,TMIN,158,,,a,
ASN00092045,19790304,TMIN,145,,,a,
ASN00092045,19790305,TMIN,100,,,a,
ASN00092045,19790306,TMIN,125,,,a,
ASN00092045,19790307,TMIN,135,,,a,
ASN00092045,19790308,TMIN,130,,,a,
ASN00092045,19790309,TMIN,150,,,a,
ASN00092045,19790310,TMIN,170,,,a,
ASN00092045,19790311,TMIN,170,,,a,
ASN00092045,19790312,TMIN,180,,,a,
ASN00092045,19790313,TMIN,155,,,a,
ASN00092045,19790314,TMIN,155,,,a,
ASN00092045,19790315,TMIN,155,,,a,
ASN00092045,19790316,TMIN,145,,,a,
ASN00092045,19790317,TMIN,148,,,a,
ASN00092045,19790318,TMIN,152,,,a,
ASN00092045,19790319,TMIN,142,,,a,
ASN00092045,19790320,TMIN,165,,,a,
ASN00092045,19790321,TMIN,185,,,a,
ASN00092045,19790322,TMIN,107,,,a,
ASN00092045,19790323,TMIN,125,,,a,
ASN00092045,19790324,TMIN,125,,,a,
ASN00092045,19790325,TMIN,120,,,a,
ASN00092045,19790326,TMIN,130,,,a,
ASN00092045,19790327,TMIN,160,,,a,
ASN00092045,19790328,TMIN,120,,,a,
ASN00092045,19790329,TMIN,115,,,a,
ASN00092045,19790330,TMIN,140,,,a,
ASN00092045,19790331,TMIN,160,,,a,
ASN00092045,19790301,PRCP,0,,,a,
ASN00092045,19790302,PRCP,44,,,a,
ASN00092045,19790303,PRCP,52,,,a,
ASN00092045,19790304,PRCP,0,,,a,
ASN00092045,19790305,PRCP,0,,,a,
ASN00092045,19790306,PRCP,42,,,a,
ASN00092045,19790307,PRCP,10,,,a,
ASN00092045,19790308,PRCP,0,,,a,
ASN00092045,19790309,PRCP,0,,,a,
ASN00092045,19790310,PRCP,0,,,a,
ASN00092045,19790311,PRCP,0,,,a,
ASN00092045,19790312,PRCP,0,,,a,
ASN00092045,19790313,PRCP,22,,,a,
ASN00092045,19790314,PRCP,289,,,a,
ASN00092045,19790315,PRCP,300,,,a,
ASN00092045,19790316,PRCP,16,,,a,
ASN00092045,19790317,PRCP,24,,,a,
ASN00092045,19790318,PRCP,0,,,a,
ASN00092045,19790319,PRCP,0,,,a,
ASN00092045,19790320,PRCP,0,,,a,
ASN00092045,19790321,PRCP,50,,,a,
ASN00092045,19790322,PRCP,0,,,a,
ASN00092045,19790323,PRCP,0,,,a,
ASN00092045,19790324,PRCP,0,,,a,
ASN00092045,19790325,PRCP,0,,,a,
ASN00092045,19790326,PRCP,0,,,a,
ASN00092045,19790327,PRCP,70,,,a,
ASN00092045,19790328,PRCP,74,,,a,
ASN00092045,19790329,PRCP,10,,,a,
ASN00092045,19790330,PRCP,0,,,a,
ASN00092045,19790331,PRCP,5,,,a,
ASN00092045,19790301,TAVG,199,H,,S,
ASN00092045,19790302,TAVG,191,H,,S,
ASN00092045,19790303,TAVG,163,H,,S,
ASN00092045,19790304,TAVG,158,H,,S,
ASN00092045,19790305,TAVG,165,H,,S,
ASN00092045,19790306,TAVG,155,H,,S,
ASN00092045,19790307,TAVG,166,H,,S,
ASN00092045,19790308,TAVG,179,H,,S,
ASN00092045,19790309,TAVG,198,H,,S,
ASN00092045,19790310,TAVG,188,H,,S,
ASN00092045,19790311,TAVG,192,H,,S,
ASN00092045,19790312,TAVG,188,H,,S,
ASN00092045,19790313,TAVG,164,H,,S,
ASN00092045,19790314,TAVG,163,H,,S,
ASN00092045,19790315,TAVG,153,H,,S,
ASN00092045,19790316,TAVG,180,H,,S,
ASN00092045,19790317,TAVG,186,H,,S,
ASN00092045,19790318,TAVG,180,H,,S,
ASN00092045,19790319,TAVG,183,H,,S,
ASN00092045,19790320,TAVG,191,H,,S,
ASN00092045,19790321,TAVG,156,H,,S,
ASN00092045,19790322,TAVG,170,H,,S,
ASN00092045,19790323,TAVG,170,H,,S,
ASN00092045,19790324,TAVG,154,H,,S,
ASN00092045,19790325,TAVG,165,H,,S,
ASN00092045,19790326,TAVG,182,H,,S,
ASN00092045,19790327,TAVG,152,H,,S,
ASN00092045,19790328,TAVG,148,H,,S,
ASN00092045,19790329,TAVG,168,H,,S,
ASN00092045,19790330,TAVG,183,H,,S,
ASN00092045,19790331,TAVG,170,H,,S,
ASN00092045,19790401,TMAX,170,,,a,
ASN00092045,19790402,TMAX,177,,,a,
ASN00092045,19790403,TMAX,180,,,a,
ASN00092045,19790404,TMAX,182,,,a,
ASN00092045,19790405,TMAX,155,,,a,
ASN00092045,19790406,TMAX,190,,,a,
ASN00092045,19790407,TMAX,158,,,a,
ASN00092045,19790408,TMAX,140,,,a,
ASN00092045,19790409,TMAX,155,,,a,
ASN00092045,19790410,TMAX,155,,,a,
ASN00092045,19790411,TMAX,175,,,a,
ASN00092045,19790412,TMAX,175,,,a,
ASN00092045,19790413,TMAX,165,,,a,
ASN00092045,19790414,TMAX,192,,,a,
ASN00092045,19790415,TMAX,205,,,a,
ASN00092045,19790416,TMAX,188,,,a,
ASN00092045,19790417,TMAX,191,,,a,
ASN00092045,19790418,TMAX,185,,,a,
ASN00092045,19790419,TMAX,145,,,a,
ASN00092045,19790420,TMAX,172,,,a,
ASN00092045,19790421,TMAX,188,,,a,
ASN00092045,19790422,TMAX,155,,,a,
ASN00092045,19790423,TMAX,175,,,a,
ASN00092045,19790424,TMAX,172,,,a,
ASN00092045,19790425,TMAX,155,,,a,
ASN00092045,19790426,TMAX,165,,,a,
ASN00092045,19790427,TMAX,177,,,a,
ASN00092045,19790428,TMAX,175,,,a,
ASN00092045,19790429,TMAX,188,,,a,
ASN00092045,19790430,TMAX,178,,,a,
ASN00092045,19790401,TMIN,135,,,a,
ASN00092045,19790402,TMIN,138,,,a,
ASN00092045,19790403,TMIN,142,,,a,
ASN00092045,19790404,TMIN,102,,,a,
ASN00092045,19790405,TMIN,138,,,a,
ASN00092045,19790406,TMIN,90,,,a,
ASN00092045,19790407,TMIN,135,,,a,
ASN00092045,19790408,TMIN,110,,,a,
ASN00092045,19790409,TMIN,68,,,a,
ASN00092045,19790410,TMIN,95,,,a,
ASN00092045,19790411,TMIN,65,,,a,
ASN00092045,19790412,TMIN,105,,,a,
ASN00092045,19790413,TMIN,95,,,a,
ASN00092045,19790414,TMIN,120,,,a,
ASN00092045,19790415,TMIN,126,,,a,
ASN00092045,19790416,TMIN,115,,,a,
ASN00092045,19790417,TMIN,145,,,a,
ASN00092045,19790418,TMIN,138,,,a,
ASN00092045,19790419,TMIN,108,,,a,
ASN00092045,19790420,TMIN,55,,,a,
ASN00092045,19790421,TMIN,98,,,a,
ASN00092045,19790422,TMIN,115,,,a,
ASN00092045,19790423,TMIN,115,,,a,
ASN00092045,19790424,TMIN,110,,,a,
ASN00092045,19790425,TMIN,68,,,a,
ASN00092045,19790426,TMIN,100,,,a,
ASN00092045,19790427,TMIN,172,,,a,
ASN00092045,19790428,TMIN,95,,,a,
ASN00092045,19790429,TMIN,103,,,a,
ASN00092045,19790430,TMIN,126,,,a,
ASN00092045,19790401,PRCP,8,,,a,
ASN00092045,19790402,PRCP,0,,,a,
ASN00092045,19790403,PRCP,12,,,a,
ASN00092045,19790404,PRCP,127,,,a,
ASN00092045,19790405,PRCP,0,,,a,
ASN00092045,19790406,PRCP,92,,,a,
ASN00092045,19790407,PRCP,0,,,a,
ASN00092045,19790408,PRCP,0,,,a,
ASN00092045,19790409,PRCP,8,,,a,
ASN00092045,19790410,PRCP,0,,,a,
ASN00092045,19790411,PRCP,0,,,a,
ASN00092045,19790412,PRCP,0,,,a,
ASN00092045,19790413,PRCP,0,,,a,
ASN00092045,19790414,PRCP,42,,,a,
ASN00092045,19790415,PRCP,0,,,a,
ASN00092045,19790416,PRCP,0,,,a,
ASN00092045,19790417,PRCP,0,,,a,
ASN00092045,19790418,PRCP,2,,,a,
ASN00092045,19790419,PRCP,19,,,a,
ASN00092045,19790420,PRCP,0,,,a,
ASN00092045,19790421,PRCP,3,,,a,
ASN00092045,19790422,PRCP,60,,,a,
ASN00092045,19790423,PRCP,38,,,a,
ASN00092045,19790424,PRCP,0,,,a,
ASN00092045,19790425,PRCP,0,,,a,
ASN00092045,19790426,PRCP,0,,,a,
ASN00092045,19790427,PRCP,8,,,a,
ASN00092045,19790428,PRCP,0,,,a,
ASN00092045,19790429,PRCP,0,,,a,
ASN00092045,19790430,PRCP,0,,,a,
ASN00092045,19790401,TAVG,157,H,,S,
ASN00092045,19790402,TAVG,160,H,,S,
ASN00092045,19790403,TAVG,132,H,,S,
ASN00092045,19790404,TAVG,166,H,,S,
ASN00092045,19790405,TAVG,139,H,,S,
ASN00092045,19790406,TAVG,156,H,,S,
ASN00092045,19790407,TAVG,137,H,,S,
ASN00092045,19790408,TAVG,115,H,,S,
ASN00092045,19790409,TAVG,133,H,,S,
ASN00092045,19790411,TAVG,136,H,,S,
ASN00092045,19790412,TAVG,134,H,,S,
ASN00092045,19790413,TAVG,153,H,,S,
ASN00092045,19790414,TAVG,148,H,,S,
ASN00092045,19790415,TAVG,150,H,,S,
ASN00092045,19790416,TAVG,178,H,,S,
ASN00092045,19790417,TAVG,158,H,,S,
ASN00092045,19790418,TAVG,144,H,,S,
ASN00092045,19790419,TAVG,128,H,,S,
ASN00092045,19790420,TAVG,138,H,,S,
ASN00092045,19790421,TAVG,153,H,,S,
ASN00092045,19790422,TAVG,132,H,,S,
ASN00092045,19790423,TAVG,147,H,,S,
ASN00092045,19790424,TAVG,124,H,,S,
ASN00092045,19790425,TAVG,142,H,,S,
ASN00092045,19790426,TAVG,128,H,,S,
ASN00092045,19790427,TAVG,142,H,,S,
ASN00092045,19790428,TAVG,140,H,,S,
ASN00092045,19790429,TAVG,150,H,,S,
ASN00092045,19790430,TAVG,163,H,,S,
ASN00092045,19790501,TMAX,180,,,a,
ASN00092045,19790502,TMAX,185,,,a,
ASN00092045,19790503,TMAX,155,,,a,
ASN00092045,19790504,TMAX,135,,,a,
ASN00092045,19790505,TMAX,135,,,a,
ASN00092045,19790506,TMAX,135,,,a,
ASN00092045,19790507,TMAX,140,,,a,
ASN00092045,19790508,TMAX,140,,,a,
ASN00092045,19790509,TMAX,141,,,a,
ASN00092045,19790510,TMAX,135,,,a,
ASN00092045,19790511,TMAX,130,,,a,
ASN00092045,19790512,TMAX,180,,,a,
ASN00092045,19790513,TMAX,137,,,a,
ASN00092045,19790514,TMAX,148,,,a,
ASN00092045,19790515,TMAX,145,,,a,
ASN00092045,19790516,TMAX,152,,,a,
ASN00092045,19790517,TMAX,145,,,a,
ASN00092045,19790518,TMAX,156,,,a,
ASN00092045,19790519,TMAX,145,,,a,
ASN00092045,19790520,TMAX,145,,,a,
ASN00092045,19790521,TMAX,158,,,a,
ASN00092045,19790522,TMAX,155,,,a,
ASN00092045,19790523,TMAX,165,,,a,
ASN00092045,19790524,TMAX,155,,,a,
ASN00092045,19790525,TMAX,160,,,a,
ASN00092045,19790526,TMAX,145,,,a,
ASN00092045,19790527,TMAX,155,,,a,
ASN00092045,19790528,TMAX,125,,,a,
ASN00092045,19790529,TMAX,122,,,a,
ASN00092045,19790530,TMAX,142,,,a,
ASN00092045,19790531,TMAX,145,,,a,
ASN00092045,19790501,TMIN,130,,,a,
ASN00092045,19790502,TMIN,130,,,a,
ASN00092045,19790503,TMIN,128,,,a,
ASN00092045,19790504,TMIN,86,,,a,
ASN00092045,19790505,TMIN,88,,,a,
ASN00092045,19790506,TMIN,100,,,a,
ASN00092045,19790507,TMIN,115,,,a,
ASN00092045,19790508,TMIN,120,,,a,
ASN00092045,19790509,TMIN,125,,,a,
ASN00092045,19790510,TMIN,95,,,a,
ASN00092045,19790511,TMIN,100,,,a,
ASN00092045,19790512,TMIN,75,,,a,
ASN00092045,19790513,TMIN,50,,,a,
ASN00092045,19790514,TMIN,61,,,a,
ASN00092045,19790515,TMIN,94,,,a,
ASN00092045,19790516,TMIN,75,,,a,
ASN00092045,19790517,TMIN,76,,,a,
ASN00092045,19790518,TMIN,75,,,a,
ASN00092045,19790519,TMIN,114,,,a,
ASN00092045,19790520,TMIN,80,,,a,
ASN00092045,19790521,TMIN,100,,,a,
ASN00092045,19790522,TMIN,135,,,a,
ASN00092045,19790523,TMIN,125,,,a,
ASN00092045,19790524,TMIN,115,,,a,
ASN00092045,19790525,TMIN,100,,,a,
ASN00092045,19790526,TMIN,120,,,a,
ASN00092045,19790527,TMIN,115,,,a,
ASN00092045,19790528,TMIN,40,,,a,
ASN00092045,19790529,TMIN,80,,,a,
ASN00092045,19790530,TMIN,71,,,a,
ASN00092045,19790531,TMIN,83,,,a,
ASN00092045,19790501,PRCP,0,,,a,
ASN00092045,19790502,PRCP,0,,,a,
ASN00092045,19790503,PRCP,90,,,a,
ASN00092045,19790504,PRCP,62,,,a,
ASN00092045,19790505,PRCP,0,,,a,
ASN00092045,19790506,PRCP,0,,,a,
ASN00092045,19790507,PRCP,0,,,a,
ASN00092045,19790508,PRCP,0,,,a,
ASN00092045,19790509,PRCP,0,,,a,
ASN00092045,19790510,PRCP,3,,,a,
ASN00092045,19790511,PRCP,28,,,a,
ASN00092045,19790512,PRCP,0,,,a,
ASN00092045,19790513,PRCP,0,,,a,
ASN00092045,19790514,PRCP,0,,,a,
ASN00092045,19790515,PRCP,0,,,a,
ASN00092045,19790516,PRCP,0,,,a,
ASN00092045,19790517,PRCP,88,,,a,
ASN00092045,19790518,PRCP,0,,,a,
ASN00092045,19790519,PRCP,3,,,a,
ASN00092045,19790520,PRCP,0,,,a,
ASN00092045,19790521,PRCP,0,,,a,
ASN00092045,19790522,PRCP,0,,,a,
ASN00092045,19790523,PRCP,0,,,a,
ASN00092045,19790524,PRCP,2,,,a,
ASN00092045,19790525,PRCP,0,,,a,
ASN00092045,19790526,PRCP,0,,,a,
ASN00092045,19790527,PRCP,140,,,a,
ASN00092045,19790528,PRCP,0,,,a,
ASN00092045,19790529,PRCP,114,,,a,
ASN00092045,19790530,PRCP,8,,,a,
ASN00092045,19790531,PRCP,0,,,a,
ASN00092045,19790501,TAVG,167,H,,S,
ASN00092045,19790502,TAVG,153,H,,S,
ASN00092045,19790503,TAVG,118,H,,S,
ASN00092045,19790504,TAVG,111,H,,S,
ASN00092045,19790505,TAVG,120,H,,S,
ASN00092045,19790506,TAVG,129,H,,S,
ASN00092045,19790507,TAVG,130,H,,S,
ASN00092045,19790508,TAVG,132,H,,S,
ASN00092045,19790509,TAVG,121,H,,S,
ASN00092045,19790510,TAVG,116,H,,S,
ASN00092045,19790511,TAVG,120,H,,S,
ASN00092045,19790513,TAVG,93,H,,S,
ASN00092045,19790514,TAVG,117,H,,S,
ASN00092045,19790515,TAVG,107,H,,S,
ASN00092045,19790516,TAVG,118,H,,S,
ASN00092045,19790517,TAVG,120,H,,S,
ASN00092045,19790518,TAVG,134,H,,S,
ASN00092045,19790519,TAVG,114,H,,S,
ASN00092045,19790520,TAVG,135,H,,S,
ASN00092045,19790521,TAVG,146,H,,S,
ASN00092045,19790522,TAVG,148,H,,S,
ASN00092045,19790523,TAVG,134,H,,S,
ASN00092045,19790524,TAVG,133,H,,S,
ASN00092045,19790525,TAVG,126,H,,S,
ASN00092045,19790526,TAVG,139,H,,S,
ASN00092045,19790527,TAVG,112,H,,S,
ASN00092045,19790528,TAVG,104,H,,S,
ASN00092045,19790529,TAVG,100,H,,S,
ASN00092045,19790530,TAVG,115,H,,S,
ASN00092045,19790531,TAVG,128,H,,S,
ASN00092045,19790601,TMAX,145,,,a,
ASN00092045,19790602,TMAX,135,,,a,
ASN00092045,19790603,TMAX,150,,,a,
ASN00092045,19790604,TMAX,145,,,a,
ASN00092045,19790605,TMAX,147,,,a,
ASN00092045,19790606,TMAX,162,,,a,
ASN00092045,19790607,TMAX,148,,,a,
ASN00092045,19790608,TMAX,140,,,a,
ASN00092045,19790609,TMAX,140,,,a,
ASN00092045,19790610,TMAX,140,,,a,
ASN00092045,19790611,TMAX,135,,,a,
ASN00092045,19790612,TMAX,148,,,a,
ASN00092045,19790613,TMAX,145,,,a,
ASN00092045,19790614,TMAX,145,,,a,
ASN00092045,19790615,TMAX,135,,,a,
ASN00092045,19790616,TMAX,140,,,a,
ASN00092045,19790617,TMAX,150,,,a,
ASN00092045,19790618,TMAX,144,,,a,
ASN00092045,19790619,TMAX,125,,,a,
ASN00092045,19790620,TMAX,140,,,a,
ASN00092045,19790621,TMAX,148,,,a,
ASN00092045,19790622,TMAX,140,,,a,
ASN00092045,19790623,TMAX,140,,,a,
ASN00092045,19790624,TMAX,141,,,a,
ASN00092045,19790625,TMAX,152,,,a,
ASN00092045,19790626,TMAX,160,,,a,
ASN00092045,19790627,TMAX,141,,,a,
ASN00092045,19790628,TMAX,140,,,a,
ASN00092045,19790629,TMAX,117,,,a,
ASN00092045,19790630,TMAX,125,,,a,
ASN00092045,19790601,TMIN,90,,,a,
ASN00092045,19790602,TMIN,105,,,a,
ASN00092045,19790603,TMIN,90,,,a,
ASN00092045,19790604,TMIN,80,,,a,
ASN00092045,19790605,TMIN,80,,,a,
ASN00092045,19790606,TMIN,83,,,a,
ASN00092045,19790607,TMIN,108,,,a,
ASN00092045,19790608,TMIN,115,,,a,
ASN00092045,19790609,TMIN,103,,,a,
ASN00092045,19790610,TMIN,75,,,a,
ASN00092045,19790611,TMIN,75,,,a,
ASN00092045,19790612,TMIN,65,,,a,
ASN00092045,19790613,TMIN,105,,,a,
ASN00092045,19790614,TMIN,85,,,a,
ASN00092045,19790615,TMIN,60,,,a,
ASN00092045,19790616,TMIN,98,,,a,
ASN00092045,19790617,TMIN,130,,,a,
ASN00092045,19790618,TMIN,130,,,a,
ASN00092045,19790619,TMIN,65,,,a,
ASN00092045,19790620,TMIN,100,,,a,
ASN00092045,19790621,TMIN,110,,,a,
ASN00092045,19790622,TMIN,105,,,a,
ASN00092045,19790623,TMIN,70,,,a,
ASN00092045,19790624,TMIN,107,,,a,
ASN00092045,19790625,TMIN,93,,,a,
ASN00092045,19790626,TMIN,97,,,a,
ASN00092045,19790627,TMIN,80,,,a,
ASN00092045,19790628,TMIN,120,,,a,
ASN00092045,19790629,TMIN,63,,,a,
ASN00092045,19790630,TMIN,57,,,a,
ASN00092045,19790601,PRCP,0,,,a,
ASN00092045,19790602,PRCP,0,,,a,
ASN00092045,19790603,PRCP,0,,,a,
ASN00092045,19790604,PRCP,0,,,a,
ASN00092045,19790605,PRCP,2,,,a,
ASN00092045,19790606,PRCP,0,,,a,
ASN00092045,19790607,PRCP,0,,,a,
ASN00092045,19790608,PRCP,0,,,a,
ASN00092045,19790609,PRCP,86,,,a,
ASN00092045,19790610,PRCP,0,,,a,
ASN00092045,19790611,PRCP,0,,,a,
ASN00092045,19790612,PRCP,0,,,a,
ASN00092045,19790613,PRCP,0,,,a,
ASN00092045,19790614,PRCP,24,,,a,
ASN00092045,19790615,PRCP,20,,,a,
ASN00092045,19790616,PRCP,39,,,a,
ASN00092045,19790617,PRCP,5,,,a,
ASN00092045,19790618,PRCP,0,,,a,
ASN00092045,19790619,PRCP,0,,,a,
ASN00092045,19790620,PRCP,0,,,a,
ASN00092045,19790621,PRCP,0,,,a,
ASN00092045,19790622,PRCP,10,,,a,
ASN00092045,19790623,PRCP,0,,,a,
ASN00092045,19790624,PRCP,0,,,a,
ASN00092045,19790625,PRCP,0,,,a,
ASN00092045,19790626,PRCP,0,,,a,
ASN00092045,19790627,PRCP,6,,,a,
ASN00092045,19790628,PRCP,16,,,a,
ASN00092045,19790629,PRCP,40,,,a,
ASN00092045,19790630,PRCP,84,,,a,
ASN00092045,19790601,TAVG,122,H,,S,
ASN00092045,19790603,TAVG,118,H,,S,
ASN00092045,19790604,TAVG,118,H,,S,
ASN00092045,19790605,TAVG,115,H,,S,
ASN00092045,19790606,TAVG,128,H,,S,
ASN00092045,19790607,TAVG,127,H,,S,
ASN00092045,19790608,TAVG,124,H,,S,
ASN00092045,19790609,TAVG,105,H,,S,
ASN00092045,19790610,TAVG,110,H,,S,
ASN00092045,19790611,TAVG,101,H,,S,
ASN00092045,19790612,TAVG,133,H,,S,
ASN00092045,19790613,TAVG,130,H,,S,
ASN00092045,19790614,TAVG,102,H,,S,
ASN00092045,19790615,TAVG,131,H,,S,
ASN00092045,19790616,TAVG,138,H,,S,
ASN00092045,19790617,TAVG,142,H,,S,
ASN00092045,19790618,TAVG,106,H,,S,
ASN00092045,19790619,TAVG,118,H,,S,
ASN00092045,19790620,TAVG,133,H,,S,
ASN00092045,19790621,TAVG,128,H,,S,
ASN00092045,19790622,TAVG,108,H,,S,
ASN00092045,19790623,TAVG,125,H,,S,
ASN00092045,19790624,TAVG,127,H,,S,
ASN00092045,19790625,TAVG,132,H,,S,
ASN00092045,19790626,TAVG,117,H,,S,
ASN00092045,19790628,TAVG,108,H,,S,
ASN00092045,19790629,TAVG,90,H,,S,
ASN00092045,19790630,TAVG,110,H,,S,
ASN00092045,19790701,TMAX,125,,,a,
ASN00092045,19790702,TMAX,140,,,a,
ASN00092045,19790703,TMAX,140,,,a,
ASN00092045,19790704,TMAX,115,,,a,
ASN00092045,19790705,TMAX,126,,,a,
ASN00092045,19790706,TMAX,150,,,a,
ASN00092045,19790707,TMAX,140,,,a,
ASN00092045,19790708,TMAX,130,,,a,
ASN00092045,19790709,TMAX,135,,,a,
ASN00092045,19790710,TMAX,125,,,a,
ASN00092045,19790711,TMAX,130,,,a,
ASN00092045,19790712,TMAX,145,,,a,
ASN00092045,19790713,TMAX,130,,,a,
ASN00092045,19790714,TMAX,148,,,a,
ASN00092045,19790715,TMAX,130,,,a,
ASN00092045,19790716,TMAX,155,,,a,
ASN00092045,19790717,TMAX,140,,,a,
ASN00092045,19790718,TMAX,125,,,a,
ASN00092045,19790719,TMAX,130,,,a,
ASN00092045,19790720,TMAX,130,,,a,
ASN00092045,19790721,TMAX,148,,,a,
ASN00092045,19790722,TMAX,125,,,a,
ASN00092045,19790723,TMAX,145,,,a,
ASN00092045,19790724,TMAX,105,,,a,
ASN00092045,19790725,TMAX,105,,,a,
ASN00092045,19790726,TMAX,130,,,a,
ASN00092045,19790727,TMAX,115,,,a,
ASN00092045,19790728,TMAX,150,,,a,
ASN00092045,19790729,TMAX,152,,,a,
ASN00092045,19790730,TMAX,128,,,a,
ASN00092045,19790731,TMAX,120,,,a,
ASN00092045,19790701,TMIN,95,,,a,
ASN00092045,19790702,TMIN,85,,,a,
ASN00092045,19790703,TMIN,90,,,a,
ASN00092045,19790704,TMIN,75,,,a,
ASN00092045,19790705,TMIN,50,,,a,
ASN00092045,19790706,TMIN,65,,,a,
ASN00092045,19790707,TMIN,100,,,a,
ASN00092045,19790708,TMIN,114,,,a,
ASN00092045,19790709,TMIN,76,,,a,
ASN00092045,19790710,TMIN,83,,,a,
ASN00092045,19790711,TMIN,100,,,a,
ASN00092045,19790712,TMIN,108,,,a,
ASN00092045,19790713,TMIN,65,,,a,
ASN00092045,19790714,TMIN,78,,,a,
ASN00092045,19790715,TMIN,48,,,a,
ASN00092045,19790716,TMIN,70,,,a,
ASN00092045,19790717,TMIN,110,,,a,
ASN00092045,19790718,TMIN,50,,,a,
ASN00092045,19790719,TMIN,33,,,a,
ASN00092045,19790720,TMIN,55,,,a,
ASN00092045,19790721,TMIN,70,,,a,
ASN00092045,19790722,TMIN,96,,,a,
ASN00092045,19790723,TMIN,90,,,a,
ASN00092045,19790724,TMIN,60,,,a,
ASN00092045,19790725,TMIN,40,,,a,
ASN00092045,19790726,TMIN,66,,,a,
ASN00092045,19790727,TMIN,65,,,a,
ASN00092045,19790728,TMIN,33,,,a,
ASN00092045,19790729,TMIN,70,,,a,
ASN00092045,19790730,TMIN,100,,,a,
ASN00092045,19790731,TMIN,100,,,a,
ASN00092045,19790701,PRCP,49,,,a,
ASN00092045,19790702,PRCP,59,,,a,
ASN00092045,19790703,PRCP,0,,,a,
ASN00092045,19790704,PRCP,4,,,a,
ASN00092045,19790705,PRCP,0,,,a,
ASN00092045,19790706,PRCP,0,,,a,
ASN00092045,19790707,PRCP,0,,,a,
ASN00092045,19790708,PRCP,4,,,a,
ASN00092045,19790709,PRCP,34,,,a,
ASN00092045,19790710,PRCP,42,,,a,
ASN00092045,19790711,PRCP,0,,,a,
ASN00092045,19790712,PRCP,4,,,a,
ASN00092045,19790713,PRCP,3,,,a,
ASN00092045,19790714,PRCP,0,,,a,
ASN00092045,19790715,PRCP,0,,,a,
ASN00092045,19790716,PRCP,0,,,a,
ASN00092045,19790717,PRCP,24,,,a,
ASN00092045,19790718,PRCP,44,,,a,
ASN00092045,19790719,PRCP,0,,,a,
ASN00092045,19790720,PRCP,0,,,a,
ASN00092045,19790721,PRCP,0,,,a,
ASN00092045,19790722,PRCP,26,,,a,
ASN00092045,19790723,PRCP,40,,,a,
ASN00092045,19790724,PRCP,0,,,a,
ASN00092045,19790725,PRCP,0,,,a,
ASN00092045,19790726,PRCP,0,,,a,
ASN00092045,19790727,PRCP,36,,,a,
ASN00092045,19790728,PRCP,0,,,a,
ASN00092045,19790729,PRCP,0,,,a,
ASN00092045,19790730,PRCP,0,,,a,
ASN00092045,19790731,PRCP,0,,,a,
ASN00092045,19790701,TAVG,98,H,,S,
ASN00092045,19790702,TAVG,110,H,,S,
ASN00092045,19790703,TAVG,107,H,,S,
ASN00092045,19790704,TAVG,82,H,,S,
ASN00092045,19790705,TAVG,103,H,,S,
ASN00092045,19790706,TAVG,130,H,,S,
ASN00092045,19790707,TAVG,127,H,,S,
ASN00092045,19790708,TAVG,100,H,,S,
ASN00092045,19790709,TAVG,110,H,,S,
ASN00092045,19790710,TAVG,94,H,,S,
ASN00092045,19790711,TAVG,123,H,,S,
ASN00092045,19790712,TAVG,110,H,,S,
ASN00092045,19790713,TAVG,95,H,,S,
ASN00092045,19790714,TAVG,74,H,,S,
ASN00092045,19790715,TAVG,113,H,,S,
ASN00092045,19790716,TAVG,133,H,,S,
ASN00092045,19790717,TAVG,87,H,,S,
ASN00092045,19790718,TAVG,90,H,,S,
ASN00092045,19790719,TAVG,90,H,,S,
ASN00092045,19790720,TAVG,110,H,,S,
ASN00092045,19790721,TAVG,130,H,,S,
ASN00092045,19790722,TAVG,117,H,,S,
ASN00092045,19790723,TAVG,118,H,,S,
ASN00092045,19790724,TAVG,77,H,,S,
ASN00092045,19790725,TAVG,102,H,,S,
ASN00092045,19790726,TAVG,97,H,,S,
ASN00092045,19790727,TAVG,80,H,,S,
ASN00092045,19790728,TAVG,106,H,,S,
ASN00092045,19790729,TAVG,123,H,,S,
ASN00092045,19790730,TAVG,116,H,,S,
ASN00092045,19790731,TAVG,72,H,,S,
ASN00092045,19790801,TMAX,110,,,a,
ASN00092045,19790802,TMAX,145,,,a,
ASN00092045,19790803,TMAX,135,,,a,
ASN00092045,19790804,TMAX,140,,,a,
ASN00092045,19790805,TMAX,125,,,a,
ASN00092045,19790806,TMAX,115,,,a,
ASN00092045,19790807,TMAX,140,,,a,
ASN00092045,19790808,TMAX,132,,,a,
ASN00092045,19790809,TMAX,110,,,a,
ASN00092045,19790810,TMAX,105,,,a,
ASN00092045,19790811,TMAX,115,,,a,
ASN00092045,19790812,TMAX,120,,,a,
ASN00092045,19790813,TMAX,115,,,a,
ASN00092045,19790814,TMAX,130,,,a,
ASN00092045,19790815,TMAX,150,,,a,
ASN00092045,19790816,TMAX,140,,,a,
ASN00092045,19790817,TMAX,130,,,a,
ASN00092045,19790818,TMAX,155,,,a,
ASN00092045,19790819,TMAX,127,,,a,
ASN00092045,19790820,TMAX,156,,,a,
ASN00092045,19790821,TMAX,138,,,a,
ASN00092045,19790822,TMAX,150,,,a,
ASN00092045,19790823,TMAX,124,,,a,
ASN00092045,19790824,TMAX,130,,,a,
ASN00092045,19790825,TMAX,125,,,a,
ASN00092045,19790826,TMAX,140,,,a,
ASN00092045,19790827,TMAX,128,,,a,
ASN00092045,19790828,TMAX,115,,,a,
ASN00092045,19790829,TMAX,125,,,a,
ASN00092045,19790830,TMAX,132,,,a,
ASN00092045,19790831,TMAX,115,,,a,
ASN00092045,19790801,TMIN,15,,,a,
ASN00092045,19790802,TMIN,40,,,a,
ASN00092045,19790803,TMIN,35,,,a,
ASN00092045,19790804,TMIN,50,,,a,
ASN00092045,19790805,TMIN,90,,,a,
ASN00092045,19790806,TMIN,80,,,a,
ASN00092045,19790807,TMIN,75,,,a,
ASN00092045,19790808,TMIN,70,,,a,
ASN00092045,19790809,TMIN,75,,,a,
ASN00092045,19790810,TMIN,45,,,a,
ASN00092045,19790811,TMIN,40,,,a,
ASN00092045,19790812,TMIN,35,,,a,
ASN00092045,19790813,TMIN,45,,,a,
ASN00092045,19790814,TMIN,30,,,a,
ASN00092045,19790815,TMIN,85,,,a,
ASN00092045,19790816,TMIN,105,,,a,
ASN00092045,19790817,TMIN,96,,,a,
ASN00092045,19790818,TMIN,105,,,a,
ASN00092045,19790819,TMIN,120,,,a,
ASN00092045,19790820,TMIN,95,,,a,
ASN00092045,19790821,TMIN,35,,,a,
ASN00092045,19790822,TMIN,80,,,a,
ASN00092045,19790823,TMIN,32,,,a,
ASN00092045,19790824,TMIN,54,,,a,
ASN00092045,19790825,TMIN,55,,,a,
ASN00092045,19790826,TMIN,68,,,a,
ASN00092045,19790827,TMIN,100,,,a,
ASN00092045,19790828,TMIN,90,,,a,
ASN00092045,19790829,TMIN,45,,,a,
ASN00092045,19790830,TMIN,50,,,a,
ASN00092045,19790831,TMIN,48,,,a,
ASN00092045,19790801,PRCP,30,,,a,
ASN00092045,19790802,PRCP,0,,,a,
ASN00092045,19790803,PRCP,0,,,a,
ASN00092045,19790804,PRCP,0,,,a,
ASN00092045,19790805,PRCP,0,,,a,
ASN00092045,19790806,PRCP,11,,,a,
ASN00092045,19790807,PRCP,20,,,a,
ASN00092045,19790808,PRCP,52,,,a,
ASN00092045,19790809,PRCP,63,,,a,
ASN00092045,19790810,PRCP,42,,,a,
ASN00092045,19790811,PRCP,10,,,a,
ASN00092045,19790812,PRCP,0,,,a,
ASN00092045,19790813,PRCP,0,,,a,
ASN00092045,19790814,PRCP,0,,,a,
ASN00092045,19790815,PRCP,10,,,a,
ASN00092045,19790816,PRCP,0,,,a,
ASN00092045,19790817,PRCP,9,,,a,
ASN00092045,19790818,PRCP,98,,,a,
ASN00092045,19790819,PRCP,12,,,a,
ASN00092045,19790820,PRCP,0,,,a,
ASN00092045,19790821,PRCP,94,,,a,
ASN00092045,19790822,PRCP,4,,,a,
ASN00092045,19790823,PRCP,0,,,a,
ASN00092045,19790824,PRCP,0,,,a,
ASN00092045,19790825,PRCP,2,,,a,
ASN00092045,19790826,PRCP,0,,,a,
ASN00092045,19790827,PRCP,24,,,a,
ASN00092045,19790828,PRCP,56,,,a,
ASN00092045,19790829,PRCP,0,,,a,
ASN00092045,19790830,PRCP,7,,,a,
ASN00092045,19790831,PRCP,2,,,a,
ASN00092045,19790801,TAVG,93,H,,S,
ASN00092045,19790802,TAVG,98,H,,S,
ASN00092045,19790803,TAVG,92,H,,S,
ASN00092045,19790804,TAVG,108,H,,S,
ASN00092045,19790805,TAVG,98,H,,S,
ASN00092045,19790806,TAVG,103,H,,S,
ASN00092045,19790807,TAVG,100,H,,S,
ASN00092045,19790808,TAVG,98,H,,S,
ASN00092045,19790809,TAVG,80,H,,S,
ASN00092045,19790810,TAVG,82,H,,S,
ASN00092045,19790811,TAVG,80,H,,S,
ASN00092045,19790812,TAVG,87,H,,S,
ASN00092045,19790813,TAVG,87,H,,S,
ASN00092045,19790814,TAVG,119,H,,S,
ASN00092045,19790815,TAVG,122,H,,S,
ASN00092045,19790816,TAVG,107,H,,S,
ASN00092045,19790817,TAVG,118,H,,S,
ASN00092045,19790818,TAVG,136,H,,S,
ASN00092045,19790819,TAVG,118,H,,S,
ASN00092045,19790821,TAVG,116,H,,S,
ASN00092045,19790822,TAVG,106,H,,S,
ASN00092045,19790823,TAVG,94,H,,S,
ASN00092045,19790824,TAVG,101,H,,S,
ASN00092045,19790825,TAVG,102,H,,S,
ASN00092045,19790826,TAVG,127,H,,S,
ASN00092045,19790827,TAVG,110,H,,S,
ASN00092045,19790828,TAVG,84,H,,S,
ASN00092045,19790829,TAVG,103,H,,S,
ASN00092045,19790830,TAVG,91,H,,S,
ASN00092045,19790831,TAVG,90,H,,S,
ASN00092045,19790901,TMAX,140,,,a,
ASN00092045,19790902,TMAX,153,,,a,
ASN00092045,19790903,TMAX,118,,,a,
ASN00092045,19790904,TMAX,130,,,a,
ASN00092045,19790905,TMAX,140,,,a,
ASN00092045,19790906,TMAX,130,,,a,
ASN00092045,19790907,TMAX,130,,,a,
ASN00092045,19790908,TMAX,130,,,a,
ASN00092045,19790909,TMAX,148,,,a,
ASN00092045,19790910,TMAX,135,,,a,
ASN00092045,19790911,TMAX,135,,,a,
ASN00092045,19790912,TMAX,160,,,a,
ASN00092045,19790913,TMAX,135,,,a,
ASN00092045,19790914,TMAX,140,,,a,
ASN00092045,19790915,TMAX,172,,,a,
ASN00092045,19790916,TMAX,198,,,a,
ASN00092045,19790917,TMAX,146,,,a,
ASN00092045,19790918,TMAX,150,,,a,
ASN00092045,19790919,TMAX,150,,,a,
ASN00092045,19790920,TMAX,130,,,a,
ASN00092045,19790921,TMAX,155,,,a,
ASN00092045,19790922,TMAX,153,,,a,
ASN00092045,19790923,TMAX,118,,,a,
ASN00092045,19790924,TMAX,145,,,a,
ASN00092045,19790925,TMAX,140,,,a,
ASN00092045,19790926,TMAX,150,,,a,
ASN00092045,19790927,TMAX,155,,,a,
ASN00092045,19790928,TMAX,108,,,a,
ASN00092045,19790929,TMAX,110,,,a,
ASN00092045,19790930,TMAX,155,,,a,
ASN00092045,19790901,TMIN,25,,,a,
ASN00092045,19790902,TMIN,63,,,a,
ASN00092045,19790903,TMIN,85,,,a,
ASN00092045,19790904,TMIN,85,,,a,
ASN00092045,19790905,TMIN,82,,,a,
ASN00092045,19790906,TMIN,80,,,a,
ASN00092045,19790907,TMIN,60,,,a,
ASN00092045,19790908,TMIN,55,,,a,
ASN00092045,19790909,TMIN,100,,,a,
ASN00092045,19790910,TMIN,100,,,a,
ASN00092045,19790911,TMIN,115,,,a,
ASN00092045,19790912,TMIN,90,,,a,
ASN00092045,19790913,TMIN,78,,,a,
ASN00092045,19790914,TMIN,30,,,a,
ASN00092045,19790915,TMIN,90,,,a,
ASN00092045,19790916,TMIN,120,,,a,
ASN00092045,19790917,TMIN,92,,,a,
ASN00092045,19790918,TMIN,50,,,a,
ASN00092045,19790919,TMIN,77,,,a,
ASN00092045,19790920,TMIN,55,,,a,
ASN00092045,19790921,TMIN,56,,,a,
ASN00092045,19790922,TMIN,80,,,a,
ASN00092045,19790923,TMIN,75,,,a,
ASN00092045,19790924,TMIN,85,,,a,
ASN00092045,19790925,TMIN,115,,,a,
ASN00092045,19790926,TMIN,108,,,a,
ASN00092045,19790927,TMIN,120,,,a,
ASN00092045,19790928,TMIN,100,,,a,
ASN00092045,19790929,TMIN,92,,,a,
ASN00092045,19790930,TMIN,70,,,a,
ASN00092045,19790901,PRCP,0,,,a,
ASN00092045,19790902,PRCP,0,,,a,
ASN00092045,19790903,PRCP,0,,,a,
ASN00092045,19790904,PRCP,38,,,a,
ASN00092045,19790905,PRCP,68,,,a,
ASN00092045,19790906,PRCP,48,,,a,
ASN00092045,19790907,PRCP,64,,,a,
ASN00092045,19790908,PRCP,4,,,a,
ASN00092045,19790909,PRCP,68,,,a,
ASN00092045,19790910,PRCP,2,,,a,
ASN00092045,19790911,PRCP,57,,,a,
ASN00092045,19790912,PRCP,128,,,a,
ASN00092045,19790913,PRCP,82,,,a,
ASN00092045,19790914,PRCP,0,,,a,
ASN00092045,19790915,PRCP,0,,,a,
ASN00092045,19790916,PRCP,0,,,a,
ASN00092045,19790917,PRCP,42,,,a,
ASN00092045,19790918,PRCP,0,,,a,
ASN00092045,19790919,PRCP,0,,,a,
ASN00092045,19790920,PRCP,0,,,a,
ASN00092045,19790921,PRCP,0,,,a,
ASN00092045,19790922,PRCP,0,,,a,
ASN00092045,19790923,PRCP,40,,,a,
ASN00092045,19790924,PRCP,0,,,a,
ASN00092045,19790925,PRCP,0,,,a,
ASN00092045,19790926,PRCP,3,,,a,
ASN00092045,19790927,PRCP,10,,,a,
ASN00092045,19790928,PRCP,168,,,a,
ASN00092045,19790929,PRCP,400,,,a,
ASN00092045,19790930,PRCP,235,,,a,
ASN00092045,19790901,TAVG,103,H,,S,
ASN00092045,19790902,TAVG,114,H,,S,
ASN00092045,19790903,TAVG,102,H,,S,
ASN00092045,19790904,TAVG,113,H,,S,
ASN00092045,19790905,TAVG,108,H,,S,
ASN00092045,19790906,TAVG,87,H,,S,
ASN00092045,19790907,TAVG,104,H,,S,
ASN00092045,19790908,TAVG,116,H,,S,
ASN00092045,19790909,TAVG,120,H,,S,
ASN00092045,19790910,TAVG,125,H,,S,
ASN00092045,19790911,TAVG,108,H,,S,
ASN00092045,19790912,TAVG,112,H,,S,
ASN00092045,19790913,TAVG,92,H,,S,
ASN00092045,19790914,TAVG,110,H,,S,
ASN00092045,19790915,TAVG,140,H,,S,
ASN00092045,19790916,TAVG,140,H,,S,
ASN00092045,19790917,TAVG,97,H,,S,
ASN00092045,19790918,TAVG,112,H,,S,
ASN00092045,19790919,TAVG,110,H,,S,
ASN00092045,19790920,TAVG,92,H,,S,
ASN00092045,19790921,TAVG,102,H,,S,
ASN00092045,19790922,TAVG,92,H,,S,
ASN00092045,19790923,TAVG,106,H,,S,
ASN00092045,19790924,TAVG,128,H,,S,
ASN00092045,19790925,TAVG,124,H,,S,
ASN00092045,19790926,TAVG,145,H,,S,
ASN00092045,19790927,TAVG,125,H,,S,
ASN00092045,19790928,TAVG,105,H,,S,
ASN00092045,19790929,TAVG,103,H,,S,
ASN00092045,19790930,TAVG,110,H,,S,
ASN00092045,19791001,TMAX,135,,,a,
ASN00092045,19791002,TMAX,145,,,a,
ASN00092045,19791003,TMAX,162,,,a,
ASN00092045,19791004,TMAX,165,,,a,
ASN00092045,19791005,TMAX,145,,,a,
ASN00092045,19791006,TMAX,140,,,a,
ASN00092045,19791007,TMAX,130,,,a,
ASN00092045,19791008,TMAX,165,,,a,
ASN00092045,19791009,TMAX,185,,,a,
ASN00092045,19791010,TMAX,175,,,a,
ASN00092045,19791011,TMAX,135,,,a,
ASN00092045,19791012,TMAX,172,,,a,
ASN00092045,19791013,TMAX,140,,,a,
ASN00092045,19791014,TMAX,135,,,a,
ASN00092045,19791015,TMAX,155,,,a,
ASN00092045,19791016,TMAX,150,,,a,
ASN00092045,19791017,TMAX,171,,,a,
ASN00092045,19791018,TMAX,160,,,a,
ASN00092045,19791019,TMAX,180,,,a,
ASN00092045,19791020,TMAX,164,,,a,
ASN00092045,19791021,TMAX,156,,,a,
ASN00092045,19791022,TMAX,160,,,a,
ASN00092045,19791023,TMAX,170,,,a,
ASN00092045,19791024,TMAX,151,,,a,
ASN00092045,19791025,TMAX,171,,,a,
ASN00092045,19791026,TMAX,152,,,a,
ASN00092045,19791027,TMAX,154,,,a,
ASN00092045,19791028,TMAX,154,,,a,
ASN00092045,19791029,TMAX,170,,,a,
ASN00092045,19791030,TMAX,150,,,a,
ASN00092045,19791031,TMAX,177,,,a,
ASN00092045,19791001,TMIN,70,,,a,
ASN00092045,19791002,TMIN,90,,,a,
ASN00092045,19791003,TMIN,85,,,a,
ASN00092045,19791004,TMIN,110,,,a,
ASN00092045,19791005,TMIN,115,,,a,
ASN00092045,19791006,TMIN,135,,,a,
ASN00092045,19791007,TMIN,70,,,a,
ASN00092045,19791008,TMIN,75,,,a,
ASN00092045,19791009,TMIN,105,,,a,
ASN00092045,19791010,TMIN,115,,,a,
ASN00092045,19791011,TMIN,75,,,a,
ASN00092045,19791012,TMIN,88,,,a,
ASN00092045,19791013,TMIN,30,,,a,
ASN00092045,19791014,TMIN,40,,,a,
ASN00092045,19791015,TMIN,93,,,a,
ASN00092045,19791016,TMIN,90,,,a,
ASN00092045,19791017,TMIN,65,,,a,
ASN00092045,19791018,TMIN,95,,,a,
ASN00092045,19791019,TMIN,95,,,a,
ASN00092045,19791020,TMIN,120,,,a,
ASN00092045,19791021,TMIN,105,,,a,
ASN00092045,19791022,TMIN,130,,,a,
ASN00092045,19791023,TMIN,133,,,a,
ASN00092045,19791024,TMIN,130,,,a,
ASN00092045,19791025,TMIN,96,,,a,
ASN00092045,19791026,TMIN,108,,,a,
ASN00092045,19791027,TMIN,76,,,a,
ASN00092045,19791028,TMIN,66,,,a,
ASN00092045,19791029,TMIN,77,,,a,
ASN00092045,19791030,TMIN,100,,,a,
ASN00092045,19791031,TMIN,106,,,a,
ASN00092045,19791001,PRCP,4,,,a,
ASN00092045,19791002,PRCP,0,,,a,
ASN00092045,19791003,PRCP,0,,,a,
ASN00092045,19791004,PRCP,0,,,a,
ASN00092045,19791005,PRCP,0,,,a,
ASN00092045,19791006,PRCP,0,,,a,
ASN00092045,19791007,PRCP,18,,,a,
ASN00092045,19791008,PRCP,22,,,a,
ASN00092045,19791009,PRCP,0,,,a,
ASN00092045,19791010,PRCP,98,,,a,
ASN00092045,19791011,PRCP,24,,,a,
ASN00092045,19791012,PRCP,88,,,a,
ASN00092045,19791013,PRCP,2,,,a,
ASN00092045,19791014,PRCP,34,,,a,
ASN00092045,19791015,PRCP,54,,,a,
ASN00092045,19791016,PRCP,24,,,a,
ASN00092045,19791017,PRCP,0,,,a,
ASN00092045,19791018,PRCP,0,,,a,
ASN00092045,19791019,PRCP,6,,,a,
ASN00092045,19791020,PRCP,4,,,a,
ASN00092045,19791021,PRCP,0,,,a,
ASN00092045,19791022,PRCP,4,,,a,
ASN00092045,19791023,PRCP,26,,,a,
ASN00092045,19791024,PRCP,500,,,a,
ASN00092045,19791025,PRCP,16,,,a,
ASN00092045,19791026,PRCP,0,,,a,
ASN00092045,19791027,PRCP,0,,,a,
ASN00092045,19791028,PRCP,14,,,a,
ASN00092045,19791029,PRCP,198,,,a,
ASN00092045,19791030,PRCP,0,,,a,
ASN00092045,19791031,PRCP,0,,,a,
ASN00092045,19791001,TAVG,112,H,,S,
ASN00092045,19791002,TAVG,110,H,,S,
ASN00092045,19791003,TAVG,136,H,,S,
ASN00092045,19791004,TAVG,134,H,,S,
ASN00092045,19791005,TAVG,142,H,,S,
ASN00092045,19791006,TAVG,108,H,,S,
ASN00092045,19791007,TAVG,106,H,,S,
ASN00092045,19791008,TAVG,135,H,,S,
ASN00092045,19791010,TAVG,106,H,,S,
ASN00092045,19791011,TAVG,122,H,,S,
ASN00092045,19791012,TAVG,97,H,,S,
ASN00092045,19791013,TAVG,78,H,,S,
ASN00092045,19791014,TAVG,107,H,,S,
ASN00092045,19791015,TAVG,115,H,,S,
ASN00092045,19791016,TAVG,120,H,,S,
ASN00092045,19791017,TAVG,123,H,,S,
ASN00092045,19791018,TAVG,130,H,,S,
ASN00092045,19791019,TAVG,137,H,,S,
ASN00092045,19791020,TAVG,134,H,,S,
ASN00092045,19791021,TAVG,136,H,,S,
ASN00092045,19791022,TAVG,146,H,,S,
ASN00092045,19791023,TAVG,144,H,,S,
ASN00092045,19791024,TAVG,128,H,,S,
ASN00092045,19791025,TAVG,136,H,,S,
ASN00092045,19791026,TAVG,126,H,,S,
ASN00092045,19791027,TAVG,101,H,,S,
ASN00092045,19791028,TAVG,112,H,,S,
ASN00092045,19791029,TAVG,128,H,,S,
ASN00092045,19791030,TAVG,129,H,,S,
ASN00092045,19791031,TAVG,137,H,,S,
ASN00092045,19791101,TMAX,140,,,a,
ASN00092045,19791102,TMAX,157,,,a,
ASN00092045,19791103,TMAX,154,,,a,
ASN00092045,19791104,TMAX,170,,,a,
ASN00092045,19791105,TMAX,190,,,a,
ASN00092045,19791106,TMAX,142,,,a,
ASN00092045,19791107,TMAX,165,,,a,
ASN00092045,19791108,TMAX,167,,,a,
ASN00092045,19791109,TMAX,170,,,a,
ASN00092045,19791110,TMAX,175,,,a,
ASN00092045,19791111,TMAX,220,,,a,
ASN00092045,19791112,TMAX,190,,,a,
ASN00092045,19791113,TMAX,190,,,a,
ASN00092045,19791114,TMAX,175,,,a,
ASN00092045,19791115,TMAX,205,,,a,
ASN00092045,19791116,TMAX,190,,,a,
ASN00092045,19791117,TMAX,170,,,a,
ASN00092045,19791118,TMAX,160,,,a,
ASN00092045,19791119,TMAX,217,,,a,
ASN00092045,19791120,TMAX,215,,,a,
ASN00092045,19791121,TMAX,188,,,a,
ASN00092045,19791122,TMAX,173,,,a,
ASN00092045,19791123,TMAX,177,,,a,
ASN00092045,19791124,TMAX,150,,,a,
ASN00092045,19791125,TMAX,180,,,a,
ASN00092045,19791126,TMAX,180,,,a,
ASN00092045,19791127,TMAX,190,,,a,
ASN00092045,19791128,TMAX,175,,,a,
ASN00092045,19791129,TMAX,170,,,a,
ASN00092045,19791130,TMAX,200,,,a,
ASN00092045,19791101,TMIN,100,,,a,
ASN00092045,19791102,TMIN,90,,,a,
ASN00092045,19791103,TMIN,105,,,a,
ASN00092045,19791104,TMIN,121,,,a,
ASN00092045,19791105,TMIN,121,,,a,
ASN00092045,19791106,TMIN,80,,,a,
ASN00092045,19791107,TMIN,85,,,a,
ASN00092045,19791108,TMIN,101,,,a,
ASN00092045,19791109,TMIN,115,,,a,
ASN00092045,19791110,TMIN,131,,,a,
ASN00092045,19791111,TMIN,140,,,a,
ASN00092045,19791112,TMIN,135,,,a,
ASN00092045,19791113,TMIN,98,,,a,
ASN00092045,19791114,TMIN,95,,,a,
ASN00092045,19791115,TMIN,120,,,a,
ASN00092045,19791116,TMIN,125,,,a,
ASN00092045,19791117,TMIN,115,,,a,
ASN00092045,19791118,TMIN,120,,,a,
ASN00092045,19791119,TMIN,130,,,a,
ASN00092045,19791120,TMIN,131,,,a,
ASN00092045,19791121,TMIN,105,,,a,
ASN00092045,19791122,TMIN,75,,,a,
ASN00092045,19791123,TMIN,107,,,a,
ASN00092045,19791124,TMIN,135,,,a,
ASN00092045,19791125,TMIN,132,,,a,
ASN00092045,19791126,TMIN,130,,,a,
ASN00092045,19791127,TMIN,128,,,a,
ASN00092045,19791128,TMIN,80,,,a,
ASN00092045,19791129,TMIN,105,,,a,
ASN00092045,19791130,TMIN,80,,,a,
ASN00092045,19791101,PRCP,10,,,a,
ASN00092045,19791102,PRCP,4,,,a,
ASN00092045,19791103,PRCP,0,,,a,
ASN00092045,19791104,PRCP,2,,,a,
ASN00092045,19791105,PRCP,0,,,a,
ASN00092045,19791106,PRCP,0,,,a,
ASN00092045,19791107,PRCP,0,,,a,
ASN00092045,19791108,PRCP,0,,,a,
ASN00092045,19791109,PRCP,0,,,a,
ASN00092045,19791110,PRCP,0,,,a,
ASN00092045,19791111,PRCP,0,,,a,
ASN00092045,19791112,PRCP,44,,,a,
ASN00092045,19791113,PRCP,0,,,a,
ASN00092045,19791114,PRCP,12,,,a,
ASN00092045,19791115,PRCP,72,,,a,
ASN00092045,19791116,PRCP,6,,,a,
ASN00092045,19791117,PRCP,8,,,a,
ASN00092045,19791118,PRCP,0,,,a,
ASN00092045,19791119,PRCP,36,,,a,
ASN00092045,19791120,PRCP,0,,,a,
ASN00092045,19791121,PRCP,0,,,a,
ASN00092045,19791122,PRCP,0,,,a,
ASN00092045,19791123,PRCP,0,,,a,
ASN00092045,19791124,PRCP,2,,,a,
ASN00092045,19791125,PRCP,72,,,a,
ASN00092045,19791126,PRCP,30,,,a,
ASN00092045,19791127,PRCP,0,,,a,
ASN00092045,19791128,PRCP,0,,,a,
ASN00092045,19791129,PRCP,0,,,a,
ASN00092045,19791130,PRCP,0,,,a,
ASN00092045,19791101,TAVG,123,H,,S,
ASN00092045,19791102,TAVG,134,H,,S,
ASN00092045,19791103,TAVG,134,H,,S,
ASN00092045,19791104,TAVG,153,H,,S,
ASN00092045,19791105,TAVG,146,H,,S,
ASN00092045,19791106,TAVG,124,H,,S,
ASN00092045,19791107,TAVG,144,H,,S,
ASN00092045,19791108,TAVG,141,H,,S,
ASN00092045,19791109,TAVG,151,H,,S,
ASN00092045,19791110,TAVG,156,H,,S,
ASN00092045,19791111,TAVG,158,H,,S,
ASN00092045,19791112,TAVG,148,H,,S,
ASN00092045,19791113,TAVG,139,H,,S,
ASN00092045,19791114,TAVG,158,H,,S,
ASN00092045,19791115,TAVG,158,H,,S,
ASN00092045,19791116,TAVG,134,H,,S,
ASN00092045,19791117,TAVG,138,H,,S,
ASN00092045,19791118,TAVG,149,H,,S,
ASN00092045,19791119,TAVG,150,H,,S,
ASN00092045,19791120,TAVG,154,H,,S,
ASN00092045,19791121,TAVG,140,H,,S,
ASN00092045,19791122,TAVG,144,H,,S,
ASN00092045,19791123,TAVG,153,H,,S,
ASN00092045,19791124,TAVG,139,H,,S,
ASN00092045,19791125,TAVG,149,H,,S,
ASN00092045,19791126,TAVG,146,H,,S,
ASN00092045,19791127,TAVG,126,H,,S,
ASN00092045,19791128,TAVG,140,H,,S,
ASN00092045,19791129,TAVG,128,H,,S,
ASN00092045,19791130,TAVG,173,H,,S,
ASN00092045,19791201,TMAX,195,,,a,
ASN00092045,19791202,TMAX,200,,,a,
ASN00092045,19791203,TMAX,198,,,a,
ASN00092045,19791204,TMAX,195,,,a,
ASN00092045,19791205,TMAX,175,,,a,
ASN00092045,19791206,TMAX,178,,,a,
ASN00092045,19791207,TMAX,180,,,a,
ASN00092045,19791208,TMAX,195,,,a,
ASN00092045,19791209,TMAX,190,,,a,
ASN00092045,19791210,TMAX,165,,,a,
ASN00092045,19791211,TMAX,180,,,a,
ASN00092045,19791212,TMAX,165,,,a,
ASN00092045,19791213,TMAX,195,,,a,
ASN00092045,19791214,TMAX,200,,,a,
ASN00092045,19791215,TMAX,200,,,a,
ASN00092045,19791216,TMAX,180,,,a,
ASN00092045,19791217,TMAX,175,,,a,
ASN00092045,19791218,TMAX,190,,,a,
ASN00092045,19791219,TMAX,200,,,a,
ASN00092045,19791220,TMAX,178,,,a,
ASN00092045,19791221,TMAX,225,,,a,
ASN00092045,19791222,TMAX,220,,,a,
ASN00092045,19791223,TMAX,185,,,a,
ASN00092045,19791224,TMAX,195,,,a,
ASN00092045,19791225,TMAX,200,,,a,
ASN00092045,19791226,TMAX,185,,,a,
ASN00092045,19791227,TMAX,195,,,a,
ASN00092045,19791228,TMAX,205,,,a,
ASN00092045,19791229,TMAX,195,,,a,
ASN00092045,19791230,TMAX,205,,,a,
ASN00092045,19791231,TMAX,220,,,a,
ASN00092045,19791201,TMIN,135,,,a,
ASN00092045,19791202,TMIN,132,,,a,
ASN00092045,19791203,TMIN,90,,,a,
ASN00092045,19791204,TMIN,135,,,a,
ASN00092045,19791205,TMIN,142,,,a,
ASN00092045,19791206,TMIN,105,,,a,
ASN00092045,19791207,TMIN,130,,,a,
ASN00092045,19791208,TMIN,105,,,a,
ASN00092045,19791209,TMIN,110,,,a,
ASN00092045,19791210,TMIN,135,,,a,
ASN00092045,19791211,TMIN,70,,,a,
ASN00092045,19791212,TMIN,125,,,a,
ASN00092045,19791213,TMIN,135,,,a,
ASN00092045,19791214,TMIN,120,,,a,
ASN00092045,19791215,TMIN,125,,,a,
ASN00092045,19791216,TMIN,105,,,a,
ASN00092045,19791217,TMIN,88,,,a,
ASN00092045,19791218,TMIN,70,,,a,
ASN00092045,19791219,TMIN,110,,,a,
ASN00092045,19791220,TMIN,135,,,a,
ASN00092045,19791221,TMIN,125,,,a,
ASN00092045,19791222,TMIN,135,,,a,
ASN00092045,19791223,TMIN,130,,,a,
ASN00092045,19791224,TMIN,85,,,a,
ASN00092045,19791225,TMIN,105,,,a,
ASN00092045,19791226,TMIN,90,,,a,
ASN00092045,19791227,TMIN,140,,,a,
ASN00092045,19791228,TMIN,155,,,a,
ASN00092045,19791229,TMIN,150,,,a,
ASN00092045,19791230,TMIN,150,,,a,
ASN00092045,19791231,TMIN,165,,,a,
ASN00092045,19791201,PRCP,0,,,a,
ASN00092045,19791202,PRCP,0,,,a,
ASN00092045,19791203,PRCP,0,,,a,
ASN00092045,19791204,PRCP,0,,,a,
ASN00092045,19791205,PRCP,72,,,a,
ASN00092045,19791206,PRCP,0,,,a,
ASN00092045,19791207,PRCP,0,,,a,
ASN00092045,19791208,PRCP,6,,,a,
ASN00092045,19791209,PRCP,0,,,a,
ASN00092045,19791210,PRCP,26,,,a,
ASN00092045,19791211,PRCP,23,,,a,
ASN00092045,19791212,PRCP,0,,,a,
ASN00092045,19791213,PRCP,2,,,a,
ASN00092045,19791214,PRCP,0,,,a,
ASN00092045,19791215,PRCP,0,,,a,
ASN00092045,19791216,PRCP,11,,,a,
ASN00092045,19791217,PRCP,17,,,a,
ASN00092045,19791218,PRCP,92,,,a,
ASN00092045,19791219,PRCP,0,,,a,
ASN00092045,19791220,PRCP,0,,,a,
ASN00092045,19791221,PRCP,10,,,a,
ASN00092045,19791222,PRCP,0,,,a,
ASN00092045,19791223,PRCP,0,,,a,
ASN00092045,19791224,PRCP,0,,,a,
ASN00092045,19791225,PRCP,0,,,a,
ASN00092045,19791226,PRCP,0,,,a,
ASN00092045,19791227,PRCP,0,,,a,
ASN00092045,19791228,PRCP,0,,,a,
ASN00092045,19791229,PRCP,0,,,a,
ASN00092045,19791230,PRCP,0,,,a,
ASN00092045,19791231,PRCP,0,,,a,
ASN00092045,19791201,TAVG,161,H,,S,
ASN00092045,19791202,TAVG,141,H,,S,
ASN00092045,19791203,TAVG,162,H,,S,
ASN00092045,19791204,TAVG,164,H,,S,
ASN00092045,19791205,TAVG,144,H,,S,
ASN00092045,19791206,TAVG,153,H,,S,
ASN00092045,19791207,TAVG,148,H,,S,
ASN00092045,19791208,TAVG,150,H,,S,
ASN00092045,19791209,TAVG,162,H,,S,
ASN00092045,19791210,TAVG,133,H,,S,
ASN00092045,19791211,TAVG,141,H,,S,
ASN00092045,19791212,TAVG,151,H,,S,
ASN00092045,19791213,TAVG,158,H,,S,
ASN00092045,19791214,TAVG,160,H,,S,
ASN00092045,19791215,TAVG,163,H,,S,
ASN00092045,19791216,TAVG,127,H,,S,
ASN00092045,19791217,TAVG,129,H,,S,
ASN00092045,19791218,TAVG,155,H,,S,
ASN00092045,19791219,TAVG,166,H,,S,
ASN00092045,19791220,TAVG,160,H,,S,
ASN00092045,19791221,TAVG,175,H,,S,
ASN00092045,19791222,TAVG,171,H,,S,
ASN00092045,19791223,TAVG,140,H,,S,
ASN00092045,19791224,TAVG,141,H,,S,
ASN00092045,19791225,TAVG,145,H,,S,
ASN00092045,19791226,TAVG,157,H,,S,
ASN00092045,19791227,TAVG,172,H,,S,
ASN00092045,19791228,TAVG,170,H,,S,
ASN00092045,19791229,TAVG,169,H,,S,
ASN00092045,19791230,TAVG,188,H,,S,
ASN00092045,19791231,TAVG,146,H,,S,
ASN00092045,19800101,TMAX,180,,,a,
ASN00092045,19800102,TMAX,192,,,a,
ASN00092045,19800103,TMAX,195,,,a,
ASN00092045,19800104,TMAX,235,,,a,
ASN00092045,19800105,TMAX,200,,,a,
ASN00092045,19800106,TMAX,195,,,a,
ASN00092045,19800107,TMAX,185,,,a,
ASN00092045,19800108,TMAX,175,,,a,
ASN00092045,19800109,TMAX,175,,,a,
ASN00092045,19800110,TMAX,175,,,a,
ASN00092045,19800111,TMAX,260,,,a,
ASN00092045,19800112,TMAX,165,,,a,
ASN00092045,19800113,TMAX,172,,,a,
ASN00092045,19800114,TMAX,202,,,a,
ASN00092045,19800115,TMAX,216,,,a,
ASN00092045,19800116,TMAX,200,,,a,
ASN00092045,19800117,TMAX,210,,,a,
ASN00092045,19800118,TMAX,215,,,a,
ASN00092045,19800119,TMAX,215,,,a,
ASN00092045,19800120,TMAX,180,,,a,
ASN00092045,19800121,TMAX,240,,,a,
ASN00092045,19800122,TMAX,180,,,a,
ASN00092045,19800123,TMAX,215,,,a,
ASN00092045,19800124,TMAX,223,,,a,
ASN00092045,19800125,TMAX,185,,,a,
ASN00092045,19800126,TMAX,195,,,a,
ASN00092045,19800127,TMAX,198,,,a,
ASN00092045,19800128,TMAX,195,,,a,
ASN00092045,19800129,TMAX,205,,,a,
ASN00092045,19800130,TMAX,185,,,a,
ASN00092045,19800131,TMAX,210,,,a,
ASN00092045,19800101,TMIN,125,,,a,
ASN00092045,19800102,TMIN,130,,,a,
ASN00092045,19800103,TMIN,150,,,a,
ASN00092045,19800104,TMIN,160,,,a,
ASN00092045,19800105,TMIN,135,,,a,
ASN00092045,19800106,TMIN,125,,,a,
ASN00092045,19800107,TMIN,140,,,a,
ASN00092045,19800108,TMIN,135,,,a,
ASN00092045,19800109,TMIN,142,,,a,
ASN00092045,19800110,TMIN,145,,,a,
ASN00092045,19800111,TMIN,140,,,a,
ASN00092045,19800112,TMIN,155,,,a,
ASN00092045,19800113,TMIN,145,,,a,
ASN00092045,19800114,TMIN,145,,,a,
ASN00092045,19800115,TMIN,142,,,a,
ASN00092045,19800116,TMIN,120,,,a,
ASN00092045,19800117,TMIN,140,,,a,
ASN00092045,19800118,TMIN,155,,,a,
ASN00092045,19800119,TMIN,112,,,a,
ASN00092045,19800120,TMIN,85,,,a,
ASN00092045,19800121,TMIN,125,,,a,
ASN00092045,19800122,TMIN,115,,,a,
ASN00092045,19800123,TMIN,120,,,a,
ASN00092045,19800124,TMIN,85,,,a,
ASN00092045,19800125,TMIN,130,,,a,
ASN00092045,19800126,TMIN,95,,,a,
ASN00092045,19800127,TMIN,90,,,a,
ASN00092045,19800128,TMIN,125,,,a,
ASN00092045,19800129,TMIN,145,,,a,
ASN00092045,19800130,TMIN,108,,,a,
ASN00092045,19800131,TMIN,138,,,a,
ASN00092045,19800101,PRCP,0,,,a,
ASN00092045,19800102,PRCP,0,,,a,
ASN00092045,19800103,PRCP,0,,,a,
ASN00092045,19800104,PRCP,0,,,a,
ASN00092045,19800105,PRCP,0,,,a,
ASN00092045,19800106,PRCP,0,,,a,
ASN00092045,19800107,PRCP,0,,,a,
ASN00092045,19800108,PRCP,17,,,a,
ASN00092045,19800109,PRCP,56,,,a,
ASN00092045,19800110,PRCP,12,,,a,
ASN00092045,19800111,PRCP,0,,,a,
ASN00092045,19800112,PRCP,12,,,a,
ASN00092045,19800113,PRCP,136,,,a,
ASN00092045,19800114,PRCP,0,,,a,
ASN00092045,19800115,PRCP,0,,,a,
ASN00092045,19800116,PRCP,0,,,a,
ASN00092045,19800117,PRCP,0,,,a,
ASN00092045,19800118,PRCP,0,,,a,
ASN00092045,19800119,PRCP,0,,,a,
ASN00092045,19800120,PRCP,0,,,a,
ASN00092045,19800121,PRCP,0,,,a,
ASN00092045,19800122,PRCP,0,,,a,
ASN00092045,19800123,PRCP,0,,,a,
ASN00092045,19800124,PRCP,0,,,a,
ASN00092045,19800125,PRCP,0,,,a,
ASN00092045,19800126,PRCP,12,,,a,
ASN00092045,19800127,PRCP,0,,,a,
ASN00092045,19800128,PRCP,0,,,a,
ASN00092045,19800129,PRCP,4,,,a,
ASN00092045,19800130,PRCP,44,,,a,
ASN00092045,19800131,PRCP,0,,,a,
ASN00092045,19800101,TAVG,148,H,,S,
ASN00092045,19800102,TAVG,165,H,,S,
ASN00092045,19800103,TAVG,172,H,,S,
ASN00092045,19800104,TAVG,160,H,,S,
ASN00092045,19800105,TAVG,166,H,,S,
ASN00092045,19800106,TAVG,162,H,,S,
ASN00092045,19800107,TAVG,150,H,,S,
ASN00092045,19800108,TAVG,160,H,,S,
ASN00092045,19800109,TAVG,154,H,,S,
ASN00092045,19800110,TAVG,158,H,,S,
ASN00092045,19800111,TAVG,195,H,,S,
ASN00092045,19800112,TAVG,153,H,,S,
ASN00092045,19800113,TAVG,154,H,,S,
ASN00092045,19800114,TAVG,170,H,,S,
ASN00092045,19800115,TAVG,176,H,,S,
ASN00092045,19800116,TAVG,154,H,,S,
ASN00092045,19800117,TAVG,176,H,,S,
ASN00092045,19800118,TAVG,150,H,,S,
ASN00092045,19800119,TAVG,142,H,,S,
ASN00092045,19800120,TAVG,150,H,,S,
ASN00092045,19800121,TAVG,158,H,,S,
ASN00092045,19800122,TAVG,147,H,,S,
ASN00092045,19800123,TAVG,152,H,,S,
ASN00092045,19800124,TAVG,166,H,,S,
ASN00092045,19800125,TAVG,138,H,,S,
ASN00092045,19800126,TAVG,150,H,,S,
ASN00092045,19800127,TAVG,162,H,,S,
ASN00092045,19800128,TAVG,175,H,,S,
ASN00092045,19800129,TAVG,153,H,,S,
ASN00092045,19800130,TAVG,162,H,,S,
ASN00092045,19800131,TAVG,182,H,,S,
ASN00092045,19800201,TMAX,248,,,a,
ASN00092045,19800202,TMAX,210,,,a,
ASN00092045,19800203,TMAX,195,,,a,
ASN00092045,19800204,TMAX,210,,,a,
ASN00092045,19800205,TMAX,195,,,a,
ASN00092045,19800206,TMAX,205,,,a,
ASN00092045,19800207,TMAX,190,,,a,
ASN00092045,19800208,TMAX,185,,,a,
ASN00092045,19800209,TMAX,188,,,a,
ASN00092045,19800210,TMAX,168,,,a,
ASN00092045,19800211,TMAX,198,,,a,
ASN00092045,19800212,TMAX,200,,,a,
ASN00092045,19800213,TMAX,225,,,a,
ASN00092045,19800214,TMAX,206,,,a,
ASN00092045,19800215,TMAX,200,,,a,
ASN00092045,19800216,TMAX,200,,,a,
ASN00092045,19800217,TMAX,200,,,a,
ASN00092045,19800218,TMAX,210,,,a,
ASN00092045,19800219,TMAX,205,,,a,
ASN00092045,19800220,TMAX,220,,,a,
ASN00092045,19800221,TMAX,180,,,a,
ASN00092045,19800222,TMAX,190,,,a,
ASN00092045,19800223,TMAX,186,,,a,
ASN00092045,19800224,TMAX,210,,,a,
ASN00092045,19800225,TMAX,180,,,a,
ASN00092045,19800226,TMAX,190,,,a,
ASN00092045,19800227,TMAX,210,,,a,
ASN00092045,19800228,TMAX,200,,,a,
ASN00092045,19800229,TMAX,190,,,a,
ASN00092045,19800201,TMIN,138,,,a,
ASN00092045,19800202,TMIN,148,,,a,
ASN00092045,19800203,TMIN,75,,,a,
ASN00092045,19800204,TMIN,125,,,a,
ASN00092045,19800205,TMIN,116,,,a,
ASN00092045,19800206,TMIN,100,,,a,
ASN00092045,19800207,TMIN,95,,,a,
ASN00092045,19800208,TMIN,115,,,a,
ASN00092045,19800209,TMIN,70,,,a,
ASN00092045,19800210,TMIN,105,,,a,
ASN00092045,19800211,TMIN,135,,,a,
ASN00092045,19800212,TMIN,150,,,a,
ASN00092045,19800213,TMIN,160,,,a,
ASN00092045,19800214,TMIN,140,,,a,
ASN00092045,19800215,TMIN,152,,,a,
ASN00092045,19800216,TMIN,145,,,a,
ASN00092045,19800217,TMIN,145,,,a,
ASN00092045,19800218,TMIN,150,,,a,
ASN00092045,19800219,TMIN,130,,,a,
ASN00092045,19800220,TMIN,165,,,a,
ASN00092045,19800221,TMIN,160,,,a,
ASN00092045,19800222,TMIN,145,,,a,
ASN00092045,19800223,TMIN,140,,,a,
ASN00092045,19800224,TMIN,125,,,a,
ASN00092045,19800225,TMIN,80,,,a,
ASN00092045,19800226,TMIN,113,,,a,
ASN00092045,19800227,TMIN,155,,,a,
ASN00092045,19800228,TMIN,150,,,a,
ASN00092045,19800229,TMIN,150,,,a,
ASN00092045,19800201,PRCP,0,,,a,
ASN00092045,19800202,PRCP,0,,,a,
ASN00092045,19800203,PRCP,0,,,a,
ASN00092045,19800204,PRCP,0,,,a,
ASN00092045,19800205,PRCP,0,,,a,
ASN00092045,19800206,PRCP,0,,,a,
ASN00092045,19800207,PRCP,0,,,a,
ASN00092045,19800208,PRCP,16,,,a,
ASN00092045,19800209,PRCP,0,,,a,
ASN00092045,19800210,PRCP,0,,,a,
ASN00092045,19800211,PRCP,0,,,a,
ASN00092045,19800212,PRCP,0,,,a,
ASN00092045,19800213,PRCP,0,,,a,
ASN00092045,19800214,PRCP,0,,,a,
ASN00092045,19800215,PRCP,0,,,a,
ASN00092045,19800216,PRCP,0,,,a,
ASN00092045,19800217,PRCP,0,,,a,
ASN00092045,19800218,PRCP,0,,,a,
ASN00092045,19800219,PRCP,0,,,a,
ASN00092045,19800220,PRCP,0,,,a,
ASN00092045,19800221,PRCP,200,,,a,
ASN00092045,19800222,PRCP,298,,,a,
ASN00092045,19800223,PRCP,0,,,a,
ASN00092045,19800224,PRCP,0,,,a,
ASN00092045,19800225,PRCP,10,,,a,
ASN00092045,19800226,PRCP,0,,,a,
ASN00092045,19800227,PRCP,0,,,a,
ASN00092045,19800228,PRCP,0,,,a,
ASN00092045,19800229,PRCP,0,,,a,
ASN00092045,19800201,TAVG,182,H,,S,
ASN00092045,19800202,TAVG,128,H,,S,
ASN00092045,19800203,TAVG,148,H,,S,
ASN00092045,19800204,TAVG,155,H,,S,
ASN00092045,19800205,TAVG,142,H,,S,
ASN00092045,19800206,TAVG,142,H,,S,
ASN00092045,19800207,TAVG,143,H,,S,
ASN00092045,19800208,TAVG,143,H,,S,
ASN00092045,19800209,TAVG,138,H,,S,
ASN00092045,19800210,TAVG,150,H,,S,
ASN00092045,19800211,TAVG,170,H,,S,
ASN00092045,19800212,TAVG,185,H,,S,
ASN00092045,19800213,TAVG,166,H,,S,
ASN00092045,19800214,TAVG,172,H,,S,
ASN00092045,19800215,TAVG,170,H,,S,
ASN00092045,19800216,TAVG,160,H,,S,
ASN00092045,19800217,TAVG,169,H,,S,
ASN00092045,19800218,TAVG,172,H,,S,
ASN00092045,19800219,TAVG,187,H,,S,
ASN00092045,19800220,TAVG,170,H,,S,
ASN00092045,19800221,TAVG,163,H,,S,
ASN00092045,19800222,TAVG,150,H,,S,
ASN00092045,19800223,TAVG,162,H,,S,
ASN00092045,19800224,TAVG,124,H,,S,
ASN00092045,19800225,TAVG,154,H,,S,
ASN00092045,19800226,TAVG,166,H,,S,
ASN00092045,19800227,TAVG,170,H,,S,
ASN00092045,19800228,TAVG,172,H,,S,
ASN00092045,19800229,TAVG,158,H,,S,
ASN00092045,19800301,TMAX,190,,,a,
ASN00092045,19800302,TMAX,220,,,a,
ASN00092045,19800303,TMAX,225,,,a,
ASN00092045,19800304,TMAX,195,,,a,
ASN00092045,19800305,TMAX,200,,,a,
ASN00092045,19800306,TMAX,195,,,a,
ASN00092045,19800307,TMAX,265,,,a,
ASN00092045,19800308,TMAX,205,,,a,
ASN00092045,19800309,TMAX,155,,,a,
ASN00092045,19800310,TMAX,165,,,a,
ASN00092045,19800311,TMAX,165,,,a,
ASN00092045,19800312,TMAX,176,,,a,
ASN00092045,19800313,TMAX,200,,,a,
ASN00092045,19800314,TMAX,200,,,a,
ASN00092045,19800315,TMAX,205,,,a,
ASN00092045,19800316,TMAX,200,,,a,
ASN00092045,19800317,TMAX,215,,,a,
ASN00092045,19800318,TMAX,260,,,a,
ASN00092045,19800319,TMAX,260,,,a,
ASN00092045,19800320,TMAX,180,,,a,
ASN00092045,19800321,TMAX,230,,,a,
ASN00092045,19800322,TMAX,190,,,a,
ASN00092045,19800323,TMAX,185,,,a,
ASN00092045,19800324,TMAX,195,,,a,
ASN00092045,19800325,TMAX,203,,,a,
ASN00092045,19800326,TMAX,190,,,a,
ASN00092045,19800327,TMAX,160,,,a,
ASN00092045,19800328,TMAX,185,,,a,
ASN00092045,19800329,TMAX,175,,,a,
ASN00092045,19800330,TMAX,195,,,a,
ASN00092045,19800331,TMAX,208,,,a,
ASN00092045,19800301,TMIN,145,,,a,
ASN00092045,19800302,TMIN,160,,,a,
ASN00092045,19800303,TMIN,120,,,a,
ASN00092045,19800304,TMIN,135,,,a,
ASN00092045,19800305,TMIN,130,,,a,
ASN00092045,19800306,TMIN,140,,,a,
ASN00092045,19800307,TMIN,165,,,a,
ASN00092045,19800309,TMIN,100,,,a,
ASN00092045,19800310,TMIN,85,,,a,
ASN00092045,19800311,TMIN,125,,,a,
ASN00092045,19800312,TMIN,125,,,a,
ASN00092045,19800313,TMIN,135,,,a,
ASN00092045,19800314,TMIN,130,,,a,
ASN00092045,19800315,TMIN,140,,,a,
ASN00092045,19800316,TMIN,100,,,a,
ASN00092045,19800317,TMIN,85,,,a,
ASN00092045,19800318,TMIN,135,,,a,
ASN00092045,19800319,TMIN,140,,,a,
ASN00092045,19800320,TMIN,90,,,a,
ASN00092045,19800321,TMIN,140,,,a,
ASN00092045,19800322,TMIN,80,,,a,
ASN00092045,19800323,TMIN,115,,,a,
ASN00092045,19800324,TMIN,135,,,a,
ASN00092045,19800325,TMIN,100,,,a,
ASN00092045,19800326,TMIN,145,,,a,
ASN00092045,19800327,TMIN,130,,,a,
ASN00092045,19800328,TMIN,115,,,a,
ASN00092045,19800329,TMIN,115,,,a,
ASN00092045,19800330,TMIN,75,,,a,
ASN00092045,19800331,TMIN,80,,,a,
ASN00092045,19800301,PRCP,0,,,a,
ASN00092045,19800302,PRCP,0,,,a,
ASN00092045,19800303,PRCP,0,,,a,
ASN00092045,19800304,PRCP,0,,,a,
ASN00092045,19800305,PRCP,4,,,a,
ASN00092045,19800306,PRCP,0,,,a,
ASN00092045,19800307,PRCP,14,,,a,
ASN00092045,19800308,PRCP,46,,,a,
ASN00092045,19800309,PRCP,0,,,a,
ASN00092045,19800310,PRCP,0,,,a,
ASN00092045,19800311,PRCP,6,,,a,
ASN00092045,19800312,PRCP,0,,,a,
ASN00092045,19800313,PRCP,0,,,a,
ASN00092045,19800314,PRCP,6,,,a,
ASN00092045,19800315,PRCP,0,,,a,
ASN00092045,19800316,PRCP,0,,,a,
ASN00092045,19800317,PRCP,0,,,a,
ASN00092045,19800318,PRCP,0,,,a,
ASN00092045,19800319,PRCP,0,,,a,
ASN00092045,19800320,PRCP,0,,,a,
ASN00092045,19800321,PRCP,0,,,a,
ASN00092045,19800322,PRCP,0,,,a,
ASN00092045,19800323,PRCP,0,,,a,
ASN00092045,19800324,PRCP,0,,,a,
ASN00092045,19800325,PRCP,0,,,a,
ASN00092045,19800326,PRCP,0,,,a,
ASN00092045,19800327,PRCP,1110,,,a,
ASN00092045,19800328,PRCP,50,,,a,
ASN00092045,19800329,PRCP,0,,,a,
ASN00092045,19800330,PRCP,0,,,a,
ASN00092045,19800331,PRCP,0,,,a,
ASN00092045,19800301,TAVG,180,H,,S,
ASN00092045,19800302,TAVG,157,H,,S,
ASN00092045,19800303,TAVG,170,H,,S,
ASN00092045,19800304,TAVG,150,H,,S,
ASN00092045,19800305,TAVG,160,H,,S,
ASN00092045,19800306,TAVG,168,H,,S,
ASN00092045,19800308,TAVG,120,H,,S,
ASN00092045,19800309,TAVG,124,H,,S,
ASN00092045,19800310,TAVG,142,H,,S,
ASN00092045,19800311,TAVG,138,H,,S,
ASN00092045,19800312,TAVG,152,H,,S,
ASN00092045,19800313,TAVG,168,H,,S,
ASN00092045,19800314,TAVG,168,H,,S,
ASN00092045,19800315,TAVG,156,H,,S,
ASN00092045,19800316,TAVG,147,H,,S,
ASN00092045,19800317,TAVG,166,H,,S,
ASN00092045,19800318,TAVG,183,H,,S,
ASN00092045,19800319,TAVG,150,H,,S,
ASN00092045,19800320,TAVG,162,H,,S,
ASN00092045,19800321,TAVG,142,H,,S,
ASN00092045,19800322,TAVG,148,H,,S,
ASN00092045,19800323,TAVG,160,H,,S,
ASN00092045,19800324,TAVG,150,H,,S,
ASN00092045,19800325,TAVG,174,H,,S,
ASN00092045,19800326,TAVG,157,H,,S,
ASN00092045,19800327,TAVG,140,H,,S,
ASN00092045,19800328,TAVG,144,H,,S,
ASN00092045,19800329,TAVG,122,H,,S,
ASN00092045,19800330,TAVG,135,H,,S,
ASN00092045,19800331,TAVG,152,H,,S,
ASN00092045,19800401,TMAX,170,,,a,
ASN00092045,19800402,TMAX,165,,,a,
ASN00092045,19800403,TMAX,197,,,a,
ASN00092045,19800404,TMAX,172,,,a,
ASN00092045,19800405,TMAX,165,,,a,
ASN00092045,19800406,TMAX,170,,,a,
ASN00092045,19800407,TMAX,176,,,a,
ASN00092045,19800408,TMAX,170,,,a,
ASN00092045,19800409,TMAX,170,,,a,
ASN00092045,19800410,TMAX,170,,,a,
ASN00092045,19800411,TMAX,189,,,a,
ASN00092045,19800412,TMAX,205,,,a,
ASN00092045,19800413,TMAX,227,,,a,
ASN00092045,19800414,TMAX,190,,,a,
ASN00092045,19800415,TMAX,185,,,a,
ASN00092045,19800416,TMAX,205,,,a,
ASN00092045,19800417,TMAX,205,,,a,
ASN00092045,19800418,TMAX,190,,,a,
ASN00092045,19800419,TMAX,175,,,a,
ASN00092045,19800420,TMAX,180,,,a,
ASN00092045,19800421,TMAX,180,,,a,
ASN00092045,19800422,TMAX,195,,,a,
ASN00092045,19800423,TMAX,170,,,a,
ASN00092045,19800424,TMAX,150,,,a,
ASN00092045,19800425,TMAX,160,,,a,
ASN00092045,19800426,TMAX,155,,,a,
ASN00092045,19800427,TMAX,134,,,a,
ASN00092045,19800428,TMAX,155,,,a,
ASN00092045,19800429,TMAX,190,,,a,
ASN00092045,19800430,TMAX,145,,,a,
ASN00092045,19800401,TMIN,125,,,a,
ASN00092045,19800402,TMIN,85,,,a,
ASN00092045,19800403,TMIN,120,,,a,
ASN00092045,19800404,TMIN,105,,,a,
ASN00092045,19800405,TMIN,125,,,a,
ASN00092045,19800406,TMIN,85,,,a,
ASN00092045,19800407,TMIN,80,,,a,
ASN00092045,19800408,TMIN,105,,,a,
ASN00092045,19800409,TMIN,100,,,a,
ASN00092045,19800410,TMIN,110,,,a,
ASN00092045,19800411,TMIN,125,,,a,
ASN00092045,19800412,TMIN,132,,,a,
ASN00092045,19800413,TMIN,117,,,a,
ASN00092045,19800414,TMIN,125,,,a,
ASN00092045,19800415,TMIN,150,,,a,
ASN00092045,19800416,TMIN,165,,,a,
ASN00092045,19800417,TMIN,137,,,a,
ASN00092045,19800418,TMIN,130,,,a,
ASN00092045,19800419,TMIN,165,,,a,
ASN00092045,19800420,TMIN,160,,,a,
ASN00092045,19800421,TMIN,160,,,a,
ASN00092045,19800422,TMIN,165,,,a,
ASN00092045,19800423,TMIN,155,,,a,
ASN00092045,19800424,TMIN,85,,,a,
ASN00092045,19800425,TMIN,100,,,a,
ASN00092045,19800426,TMIN,90,,,a,
ASN00092045,19800427,TMIN,33,,,a,
ASN00092045,19800428,TMIN,65,,,a,
ASN00092045,19800429,TMIN,87,,,a,
ASN00092045,19800430,TMIN,113,,,a,
ASN00092045,19800401,PRCP,10,,,a,
ASN00092045,19800402,PRCP,0,,,a,
ASN00092045,19800403,PRCP,0,,,a,
ASN00092045,19800404,PRCP,166,,,a,
ASN00092045,19800405,PRCP,18,,,a,
ASN00092045,19800406,PRCP,10,,,a,
ASN00092045,19800407,PRCP,0,,,a,
ASN00092045,19800408,PRCP,0,,,a,
ASN00092045,19800409,PRCP,0,,,a,
ASN00092045,19800410,PRCP,0,,,a,
ASN00092045,19800411,PRCP,0,,,a,
ASN00092045,19800412,PRCP,0,,,a,
ASN00092045,19800413,PRCP,0,,,a,
ASN00092045,19800414,PRCP,0,,,a,
ASN00092045,19800415,PRCP,8,,,a,
ASN00092045,19800416,PRCP,10,,,a,
ASN00092045,19800417,PRCP,12,,,a,
ASN00092045,19800418,PRCP,0,,,a,
ASN00092045,19800419,PRCP,2,,,a,
ASN00092045,19800420,PRCP,24,,,a,
ASN00092045,19800421,PRCP,4,,,a,
ASN00092045,19800422,PRCP,0,,,a,
ASN00092045,19800423,PRCP,226,,,a,
ASN00092045,19800424,PRCP,372,,,a,
ASN00092045,19800425,PRCP,20,,,a,
ASN00092045,19800426,PRCP,34,,,a,
ASN00092045,19800427,PRCP,0,,,a,
ASN00092045,19800428,PRCP,0,,,a,
ASN00092045,19800429,PRCP,0,,,a,
ASN00092045,19800430,PRCP,38,,,a,
ASN00092045,19800401,TAVG,128,H,,S,
ASN00092045,19800402,TAVG,145,H,,S,
ASN00092045,19800403,TAVG,148,H,,S,
ASN00092045,19800404,TAVG,147,H,,S,
ASN00092045,19800405,TAVG,125,H,,S,
ASN00092045,19800406,TAVG,120,H,,S,
ASN00092045,19800407,TAVG,145,H,,S,
ASN00092045,19800408,TAVG,138,H,,S,
ASN00092045,19800409,TAVG,145,H,,S,
ASN00092045,19800410,TAVG,148,H,,S,
ASN00092045,19800411,TAVG,162,H,,S,
ASN00092045,19800412,TAVG,166,H,,S,
ASN00092045,19800413,TAVG,160,H,,S,
ASN00092045,19800414,TAVG,170,H,,S,
ASN00092045,19800415,TAVG,173,H,,S,
ASN00092045,19800416,TAVG,153,H,,S,
ASN00092045,19800417,TAVG,170,H,,S,
ASN00092045,19800418,TAVG,175,H,,S,
ASN00092045,19800419,TAVG,165,H,,S,
ASN00092045,19800420,TAVG,164,H,,S,
ASN00092045,19800421,TAVG,170,H,,S,
ASN00092045,19800422,TAVG,163,H,,S,
ASN00092045,19800423,TAVG,132,H,,S,
ASN00092045,19800424,TAVG,124,H,,S,
ASN00092045,19800425,TAVG,135,H,,S,
ASN00092045,19800426,TAVG,88,H,,S,
ASN00092045,19800427,TAVG,100,H,,S,
ASN00092045,19800428,TAVG,117,H,,S,
ASN00092045,19800429,TAVG,144,H,,S,
ASN00092045,19800430,TAVG,124,H,,S,
ASN00092045,19800501,TMAX,150,,,a,
ASN00092045,19800502,TMAX,160,,,a,
ASN00092045,19800503,TMAX,166,,,a,
ASN00092045,19800504,TMAX,180,,,a,
ASN00092045,19800505,TMAX,175,,,a,
ASN00092045,19800506,TMAX,155,,,a,
ASN00092045,19800507,TMAX,166,,,a,
ASN00092045,19800508,TMAX,176,,,a,
ASN00092045,19800509,TMAX,185,,,a,
ASN00092045,19800510,TMAX,170,,,a,
ASN00092045,19800511,TMAX,172,,,a,
ASN00092045,19800512,TMAX,160,,,a,
ASN00092045,19800513,TMAX,168,,,a,
ASN00092045,19800514,TMAX,180,,,a,
ASN00092045,19800515,TMAX,180,,,a,
ASN00092045,19800516,TMAX,175,,,a,
ASN00092045,19800517,TMAX,150,,,a,
ASN00092045,19800518,TMAX,135,,,a,
ASN00092045,19800519,TMAX,145,,,a,
ASN00092045,19800520,TMAX,137,,,a,
ASN00092045,19800521,TMAX,140,,,a,
ASN00092045,19800522,TMAX,155,,,a,
ASN00092045,19800523,TMAX,150,,,a,
ASN00092045,19800524,TMAX,160,,,a,
ASN00092045,19800525,TMAX,160,,,a,
ASN00092045,19800526,TMAX,145,,,a,
ASN00092045,19800527,TMAX,160,,,a,
ASN00092045,19800528,TMAX,150,,,a,
ASN00092045,19800529,TMAX,145,,,a,
ASN00092045,19800530,TMAX,152,,,a,
ASN00092045,19800531,TMAX,155,,,a,
ASN00092045,19800501,TMIN,80,,,a,
ASN00092045,19800502,TMIN,95,,,a,
ASN00092045,19800503,TMIN,105,,,a,
ASN00092045,19800504,TMIN,135,,,a,
ASN00092045,19800505,TMIN,145,,,a,
ASN00092045,19800506,TMIN,115,,,a,
ASN00092045,19800507,TMIN,120,,,a,
ASN00092045,19800508,TMIN,140,,,a,
ASN00092045,19800509,TMIN,140,,,a,
ASN00092045,19800510,TMIN,155,,,a,
ASN00092045,19800511,TMIN,160,,,a,
ASN00092045,19800512,TMIN,132,,,a,
ASN00092045,19800513,TMIN,110,,,a,
ASN00092045,19800514,TMIN,125,,,a,
ASN00092045,19800515,TMIN,132,,,a,
ASN00092045,19800516,TMIN,110,,,a,
ASN00092045,19800517,TMIN,85,,,a,
ASN00092045,19800518,TMIN,50,,,a,
ASN00092045,19800519,TMIN,80,,,a,
ASN00092045,19800520,TMIN,80,,,a,
ASN00092045,19800521,TMIN,50,,,a,
ASN00092045,19800522,TMIN,90,,,a,
ASN00092045,19800523,TMIN,120,,,a,
ASN00092045,19800524,TMIN,138,,,a,
ASN00092045,19800525,TMIN,90,,,a,
ASN00092045,19800526,TMIN,85,,,a,
ASN00092045,19800527,TMIN,105,,,a,
ASN00092045,19800528,TMIN,130,,,a,
ASN00092045,19800529,TMIN,125,,,a,
ASN00092045,19800530,TMIN,130,,,a,
ASN00092045,19800531,TMIN,113,,,a,
ASN00092045,19800501,PRCP,0,,,a,
ASN00092045,19800502,PRCP,0,,,a,
ASN00092045,19800503,PRCP,0,,,a,
ASN00092045,19800504,PRCP,16,,,a,
ASN00092045,19800505,PRCP,0,,,a,
ASN00092045,19800506,PRCP,0,,,a,
ASN00092045,19800507,PRCP,0,,,a,
ASN00092045,19800508,PRCP,0,,,a,
ASN00092045,19800509,PRCP,0,,,a,
ASN00092045,19800510,PRCP,0,,,a,
ASN00092045,19800511,PRCP,8,,,a,
ASN00092045,19800512,PRCP,50,,,a,
ASN00092045,19800513,PRCP,0,,,a,
ASN00092045,19800514,PRCP,12,,,a,
ASN00092045,19800515,PRCP,0,,,a,
ASN00092045,19800516,PRCP,0,,,a,
ASN00092045,19800517,PRCP,38,,,a,
ASN00092045,19800518,PRCP,38,,,a,
ASN00092045,19800519,PRCP,32,,,a,
ASN00092045,19800520,PRCP,4,,,a,
ASN00092045,19800521,PRCP,0,,,a,
ASN00092045,19800522,PRCP,0,,,a,
ASN00092045,19800523,PRCP,6,,,a,
ASN00092045,19800524,PRCP,0,,,a,
ASN00092045,19800525,PRCP,0,,,a,
ASN00092045,19800526,PRCP,0,,,a,
ASN00092045,19800527,PRCP,0,,,a,
ASN00092045,19800528,PRCP,0,,,a,
ASN00092045,19800529,PRCP,124,,,a,
ASN00092045,19800530,PRCP,420,,,a,
ASN00092045,19800531,PRCP,2,,,a,
ASN00092045,19800501,TAVG,122,H,,S,
ASN00092045,19800502,TAVG,138,H,,S,
ASN00092045,19800503,TAVG,153,H,,S,
ASN00092045,19800504,TAVG,160,H,,S,
ASN00092045,19800505,TAVG,138,H,,S,
ASN00092045,19800506,TAVG,147,H,,S,
ASN00092045,19800507,TAVG,157,H,,S,
ASN00092045,19800508,TAVG,158,H,,S,
ASN00092045,19800509,TAVG,164,H,,S,
ASN00092045,19800510,TAVG,168,H,,S,
ASN00092045,19800511,TAVG,153,H,,S,
ASN00092045,19800512,TAVG,137,H,,S,
ASN00092045,19800513,TAVG,147,H,,S,
ASN00092045,19800514,TAVG,152,H,,S,
ASN00092045,19800515,TAVG,145,H,,S,
ASN00092045,19800516,TAVG,142,H,,S,
ASN00092045,19800517,TAVG,105,H,,S,
ASN00092045,19800518,TAVG,124,H,,S,
ASN00092045,19800519,TAVG,107,H,,S,
ASN00092045,19800520,TAVG,88,H,,S,
ASN00092045,19800521,TAVG,132,H,,S,
ASN00092045,19800522,TAVG,138,H,,S,
ASN00092045,19800523,TAVG,146,H,,S,
ASN00092045,19800524,TAVG,130,H,,S,
ASN00092045,19800525,TAVG,122,H,,S,
ASN00092045,19800526,TAVG,132,H,,S,
ASN00092045,19800527,TAVG,142,H,,S,
ASN00092045,19800528,TAVG,138,H,,S,
ASN00092045,19800529,TAVG,140,H,,S,
ASN00092045,19800530,TAVG,133,H,,S,
ASN00092045,19800531,TAVG,138,H,,S,
ASN00092045,19800601,TMAX,145,,,a,
ASN00092045,19800602,TMAX,130,,,a,
ASN00092045,19800603,TMAX,125,,,a,
ASN00092045,19800604,TMAX,122,,,a,
ASN00092045,19800605,TMAX,136,,,a,
ASN00092045,19800606,TMAX,145,,,a,
ASN00092045,19800607,TMAX,145,,,a,
ASN00092045,19800608,TMAX,137,,,a,
ASN00092045,19800609,TMAX,125,,,a,
ASN00092045,19800610,TMAX,110,,,a,
ASN00092045,19800611,TMAX,128,,,a,
ASN00092045,19800612,TMAX,130,,,a,
ASN00092045,19800613,TMAX,133,,,a,
ASN00092045,19800614,TMAX,135,,,a,
ASN00092045,19800615,TMAX,145,,,a,
ASN00092045,19800616,TMAX,143,,,a,
ASN00092045,19800617,TMAX,155,,,a,
ASN00092045,19800618,TMAX,145,,,a,
ASN00092045,19800619,TMAX,135,,,a,
ASN00092045,19800620,TMAX,147,,,a,
ASN00092045,19800621,TMAX,130,,,a,
ASN00092045,19800622,TMAX,145,,,a,
ASN00092045,19800623,TMAX,135,,,a,
ASN00092045,19800624,TMAX,130,,,a,
ASN00092045,19800625,TMAX,158,,,a,
ASN00092045,19800626,TMAX,140,,,a,
ASN00092045,19800627,TMAX,145,,,a,
ASN00092045,19800628,TMAX,110,,,a,
ASN00092045,19800629,TMAX,135,,,a,
ASN00092045,19800630,TMAX,140,,,a,
ASN00092045,19800601,TMIN,122,,,a,
ASN00092045,19800602,TMIN,75,,,a,
ASN00092045,19800603,TMIN,85,,,a,
ASN00092045,19800604,TMIN,90,,,a,
ASN00092045,19800605,TMIN,70,,,a,
ASN00092045,19800606,TMIN,100,,,a,
ASN00092045,19800607,TMIN,65,,,a,
ASN00092045,19800608,TMIN,90,,,a,
ASN00092045,19800609,TMIN,85,,,a,
ASN00092045,19800610,TMIN,62,,,a,
ASN00092045,19800611,TMIN,40,,,a,
ASN00092045,19800612,TMIN,45,,,a,
ASN00092045,19800613,TMIN,54,,,a,
ASN00092045,19800614,TMIN,40,,,a,
ASN00092045,19800615,TMIN,75,,,a,
ASN00092045,19800616,TMIN,110,,,a,
ASN00092045,19800617,TMIN,122,,,a,
ASN00092045,19800618,TMIN,80,,,a,
ASN00092045,19800619,TMIN,70,,,a,
ASN00092045,19800620,TMIN,52,,,a,
ASN00092045,19800621,TMIN,60,,,a,
ASN00092045,19800622,TMIN,65,,,a,
ASN00092045,19800623,TMIN,98,,,a,
ASN00092045,19800624,TMIN,107,,,a,
ASN00092045,19800625,TMIN,117,,,a,
ASN00092045,19800626,TMIN,100,,,a,
ASN00092045,19800627,TMIN,105,,,a,
ASN00092045,19800628,TMIN,87,,,a,
ASN00092045,19800629,TMIN,80,,,a,
ASN00092045,19800630,TMIN,75,,,a,
ASN00092045,19800601,PRCP,4,,,a,
ASN00092045,19800602,PRCP,90,,,a,
ASN00092045,19800603,PRCP,0,,,a,
ASN00092045,19800604,PRCP,50,,,a,
ASN00092045,19800605,PRCP,32,,,a,
ASN00092045,19800606,PRCP,0,,,a,
ASN00092045,19800607,PRCP,0,,,a,
ASN00092045,19800608,PRCP,0,,,a,
ASN00092045,19800609,PRCP,0,,,a,
ASN00092045,19800610,PRCP,44,,,a,
ASN00092045,19800611,PRCP,0,,,a,
ASN00092045,19800612,PRCP,0,,,a,
ASN00092045,19800613,PRCP,0,,,a,
ASN00092045,19800614,PRCP,0,,,a,
ASN00092045,19800615,PRCP,0,,,a,
ASN00092045,19800616,PRCP,96,,,a,
ASN00092045,19800617,PRCP,0,,,a,
ASN00092045,19800618,PRCP,0,,,a,
ASN00092045,19800619,PRCP,0,,,a,
ASN00092045,19800620,PRCP,0,,,a,
ASN00092045,19800621,PRCP,0,,,a,
ASN00092045,19800622,PRCP,0,,,a,
ASN00092045,19800623,PRCP,0,,,a,
ASN00092045,19800624,PRCP,2,,,a,
ASN00092045,19800625,PRCP,46,,,a,
ASN00092045,19800626,PRCP,0,,,a,
ASN00092045,19800627,PRCP,8,,,a,
ASN00092045,19800628,PRCP,124,,,a,
ASN00092045,19800629,PRCP,237,,,a,
ASN00092045,19800630,PRCP,12,,,a,
ASN00092045,19800601,TAVG,115,H,,S,
ASN00092045,19800602,TAVG,108,H,,S,
ASN00092045,19800603,TAVG,113,H,,S,
ASN00092045,19800604,TAVG,106,H,,S,
ASN00092045,19800605,TAVG,117,H,,S,
ASN00092045,19800606,TAVG,93,H,,S,
ASN00092045,19800607,TAVG,115,H,,S,
ASN00092045,19800608,TAVG,113,H,,S,
ASN00092045,19800609,TAVG,105,H,,S,
ASN00092045,19800610,TAVG,84,H,,S,
ASN00092045,19800611,TAVG,90,H,,S,
ASN00092045,19800612,TAVG,95,H,,S,
ASN00092045,19800613,TAVG,90,H,,S,
ASN00092045,19800614,TAVG,112,H,,S,
ASN00092045,19800615,TAVG,130,H,,S,
ASN00092045,19800616,TAVG,133,H,,S,
ASN00092045,19800617,TAVG,113,H,,S,
ASN00092045,19800618,TAVG,118,H,,S,
ASN00092045,19800619,TAVG,90,H,,S,
ASN00092045,19800620,TAVG,100,H,,S,
ASN00092045,19800621,TAVG,96,H,,S,
ASN00092045,19800622,TAVG,122,H,,S,
ASN00092045,19800623,TAVG,122,H,,S,
ASN00092045,19800624,TAVG,123,H,,S,
ASN00092045,19800625,TAVG,126,H,,S,
ASN00092045,19800626,TAVG,126,H,,S,
ASN00092045,19800627,TAVG,120,H,,S,
ASN00092045,19800628,TAVG,103,H,,S,
ASN00092045,19800629,TAVG,113,H,,S,
ASN00092045,19800630,TAVG,100,H,,S,
ASN00092045,19800701,TMAX,123,,,a,
ASN00092045,19800702,TMAX,120,,,a,
ASN00092045,19800703,TMAX,125,,,a,
ASN00092045,19800704,TMAX,130,,,a,
ASN00092045,19800705,TMAX,145,,,a,
ASN00092045,19800706,TMAX,140,,,a,
ASN00092045,19800707,TMAX,128,,,a,
ASN00092045,19800708,TMAX,115,,,a,
ASN00092045,19800709,TMAX,115,,,a,
ASN00092045,19800710,TMAX,130,,,a,
ASN00092045,19800711,TMAX,125,,,a,
ASN00092045,19800712,TMAX,126,,,a,
ASN00092045,19800713,TMAX,132,,,a,
ASN00092045,19800714,TMAX,125,,,a,
ASN00092045,19800715,TMAX,150,,,a,
ASN00092045,19800716,TMAX,145,,,a,
ASN00092045,19800717,TMAX,135,,,a,
ASN00092045,19800718,TMAX,120,,,a,
ASN00092045,19800719,TMAX,135,,,a,
ASN00092045,19800720,TMAX,130,,,a,
ASN00092045,19800721,TMAX,125,,,a,
ASN00092045,19800722,TMAX,130,,,a,
ASN00092045,19800723,TMAX,130,,,a,
ASN00092045,19800724,TMAX,128,,,a,
ASN00092045,19800725,TMAX,120,,,a,
ASN00092045,19800726,TMAX,130,,,a,
ASN00092045,19800727,TMAX,140,,,a,
ASN00092045,19800728,TMAX,136,,,a,
ASN00092045,19800729,TMAX,133,,,a,
ASN00092045,19800730,TMAX,125,,,a,
ASN00092045,19800731,TMAX,137,,,a,
ASN00092045,19800701,TMIN,70,,,a,
ASN00092045,19800702,TMIN,65,,,a,
ASN00092045,19800703,TMIN,60,,,a,
ASN00092045,19800704,TMIN,65,,,a,
ASN00092045,19800705,TMIN,55,,,a,
ASN00092045,19800706,TMIN,70,,,a,
ASN00092045,19800707,TMIN,57,,,a,
ASN00092045,19800708,TMIN,40,,,a,
ASN00092045,19800709,TMIN,27,,,a,
ASN00092045,19800710,TMIN,20,,,a,
ASN00092045,19800711,TMIN,45,,,a,
ASN00092045,19800712,TMIN,70,,,a,
ASN00092045,19800713,TMIN,90,,,a,
ASN00092045,19800714,TMIN,100,,,a,
ASN00092045,19800715,TMIN,100,,,a,
ASN00092045,19800716,TMIN,100,,,a,
ASN00092045,19800717,TMIN,80,,,a,
ASN00092045,19800718,TMIN,70,,,a,
ASN00092045,19800719,TMIN,45,,,a,
ASN00092045,19800720,TMIN,45,,,a,
ASN00092045,19800721,TMIN,65,,,a,
ASN00092045,19800722,TMIN,68,,,a,
ASN00092045,19800723,TMIN,76,,,a,
ASN00092045,19800724,TMIN,83,,,a,
ASN00092045,19800725,TMIN,105,,,a,
ASN00092045,19800726,TMIN,72,,,a,
ASN00092045,19800727,TMIN,98,,,a,
ASN00092045,19800728,TMIN,120,,,a,
ASN00092045,19800729,TMIN,62,,,a,
ASN00092045,19800730,TMIN,60,,,a,
ASN00092045,19800731,TMIN,42,,,a,
ASN00092045,19800701,PRCP,0,,,a,
ASN00092045,19800702,PRCP,6,,,a,
ASN00092045,19800703,PRCP,8,,,a,
ASN00092045,19800704,PRCP,46,,,a,
ASN00092045,19800705,PRCP,0,,,a,
ASN00092045,19800706,PRCP,0,,,a,
ASN00092045,19800707,PRCP,0,,,a,
ASN00092045,19800708,PRCP,0,,,a,
ASN00092045,19800709,PRCP,0,,,a,
ASN00092045,19800710,PRCP,0,,,a,
ASN00092045,19800711,PRCP,0,,,a,
ASN00092045,19800712,PRCP,0,,,a,
ASN00092045,19800713,PRCP,8,,,a,
ASN00092045,19800714,PRCP,28,,,a,
ASN00092045,19800715,PRCP,6,,,a,
ASN00092045,19800716,PRCP,14,,,a,
ASN00092045,19800717,PRCP,0,,,a,
ASN00092045,19800718,PRCP,42,,,a,
ASN00092045,19800719,PRCP,0,,,a,
ASN00092045,19800720,PRCP,0,,,a,
ASN00092045,19800721,PRCP,0,,,a,
ASN00092045,19800722,PRCP,0,,,a,
ASN00092045,19800723,PRCP,0,,,a,
ASN00092045,19800724,PRCP,0,,,a,
ASN00092045,19800725,PRCP,0,,,a,
ASN00092045,19800726,PRCP,0,,,a,
ASN00092045,19800727,PRCP,0,,,a,
ASN00092045,19800728,PRCP,77,,,a,
ASN00092045,19800729,PRCP,14,,,a,
ASN00092045,19800730,PRCP,4,,,a,
ASN00092045,19800731,PRCP,0,,,a,
ASN00092045,19800701,TAVG,112,H,,S,
ASN00092045,19800702,TAVG,86,H,,S,
ASN00092045,19800703,TAVG,95,H,,S,
ASN00092045,19800704,TAVG,85,H,,S,
ASN00092045,19800705,TAVG,103,H,,S,
ASN00092045,19800706,TAVG,102,H,,S,
ASN00092045,19800707,TAVG,76,H,,S,
ASN00092045,19800708,TAVG,78,H,,S,
ASN00092045,19800709,TAVG,73,H,,S,
ASN00092045,19800710,TAVG,88,H,,S,
ASN00092045,19800711,TAVG,93,H,,S,
ASN00092045,19800712,TAVG,104,H,,S,
ASN00092045,19800713,TAVG,115,H,,S,
ASN00092045,19800714,TAVG,117,H,,S,
ASN00092045,19800715,TAVG,120,H,,S,
ASN00092045,19800716,TAVG,123,H,,S,
ASN00092045,19800717,TAVG,108,H,,S,
ASN00092045,19800718,TAVG,82,H,,S,
ASN00092045,19800719,TAVG,93,H,,S,
ASN00092045,19800720,TAVG,92,H,,S,
ASN00092045,19800721,TAVG,100,H,,S,
ASN00092045,19800722,TAVG,102,H,,S,
ASN00092045,19800723,TAVG,115,H,,S,
ASN00092045,19800724,TAVG,115,H,,S,
ASN00092045,19800725,TAVG,97,H,,S,
ASN00092045,19800726,TAVG,122,H,,S,
ASN00092045,19800727,TAVG,130,H,,S,
ASN00092045,19800728,TAVG,100,H,,S,
ASN00092045,19800729,TAVG,97,H,,S,
ASN00092045,19800730,TAVG,85,H,,S,
ASN00092045,19800731,TAVG,90,H,,S,
ASN00092045,19800801,TMAX,118,,,a,
ASN00092045,19800802,TMAX,140,,,a,
ASN00092045,19800803,TMAX,160,,,a,
ASN00092045,19800804,TMAX,160,,,a,
ASN00092045,19800805,TMAX,150,,,a,
ASN00092045,19800806,TMAX,136,,,a,
ASN00092045,19800807,TMAX,125,,,a,
ASN00092045,19800808,TMAX,140,,,a,
ASN00092045,19800809,TMAX,155,,,a,
ASN00092045,19800810,TMAX,150,,,a,
ASN00092045,19800811,TMAX,118,,,a,
ASN00092045,19800812,TMAX,137,,,a,
ASN00092045,19800813,TMAX,120,,,a,
ASN00092045,19800814,TMAX,135,,,a,
ASN00092045,19800815,TMAX,120,,,a,
ASN00092045,19800816,TMAX,147,,,a,
ASN00092045,19800817,TMAX,140,,,a,
ASN00092045,19800818,TMAX,140,,,a,
ASN00092045,19800819,TMAX,145,,,a,
ASN00092045,19800820,TMAX,150,,,a,
ASN00092045,19800821,TMAX,165,,,a,
ASN00092045,19800822,TMAX,156,,,a,
ASN00092045,19800823,TMAX,170,,,a,
ASN00092045,19800824,TMAX,145,,,a,
ASN00092045,19800825,TMAX,140,,,a,
ASN00092045,19800826,TMAX,133,,,a,
ASN00092045,19800827,TMAX,130,,,a,
ASN00092045,19800828,TMAX,136,,,a,
ASN00092045,19800829,TMAX,150,,,a,
ASN00092045,19800830,TMAX,150,,,a,
ASN00092045,19800831,TMAX,140,,,a,
ASN00092045,19800801,TMIN,55,,,a,
ASN00092045,19800802,TMIN,70,,,a,
ASN00092045,19800803,TMIN,73,,,a,
ASN00092045,19800804,TMIN,104,,,a,
ASN00092045,19800805,TMIN,105,,,a,
ASN00092045,19800806,TMIN,75,,,a,
ASN00092045,19800807,TMIN,92,,,a,
ASN00092045,19800808,TMIN,74,,,a,
ASN00092045,19800809,TMIN,100,,,a,
ASN00092045,19800810,TMIN,105,,,a,
ASN00092045,19800811,TMIN,98,,,a,
ASN00092045,19800812,TMIN,95,,,a,
ASN00092045,19800813,TMIN,35,,,a,
ASN00092045,19800814,TMIN,65,,,a,
ASN00092045,19800815,TMIN,45,,,a,
ASN00092045,19800816,TMIN,67,,,a,
ASN00092045,19800817,TMIN,55,,,a,
ASN00092045,19800818,TMIN,70,,,a,
ASN00092045,19800819,TMIN,80,,,a,
ASN00092045,19800820,TMIN,90,,,a,
ASN00092045,19800821,TMIN,102,,,a,
ASN00092045,19800822,TMIN,100,,,a,
ASN00092045,19800823,TMIN,105,,,a,
ASN00092045,19800824,TMIN,90,,,a,
ASN00092045,19800825,TMIN,55,,,a,
ASN00092045,19800826,TMIN,42,,,a,
ASN00092045,19800827,TMIN,50,,,a,
ASN00092045,19800828,TMIN,105,,,a,
ASN00092045,19800829,TMIN,112,,,a,
ASN00092045,19800830,TMIN,80,,,a,
ASN00092045,19800831,TMIN,105,,,a,
ASN00092045,19800801,PRCP,0,,,a,
ASN00092045,19800802,PRCP,0,,,a,
ASN00092045,19800803,PRCP,0,,,a,
ASN00092045,19800804,PRCP,0,,,a,
ASN00092045,19800805,PRCP,0,,,a,
ASN00092045,19800806,PRCP,0,,,a,
ASN00092045,19800807,PRCP,14,,,a,
ASN00092045,19800808,PRCP,90,,,a,
ASN00092045,19800809,PRCP,0,,,a,
ASN00092045,19800810,PRCP,6,,,a,
ASN00092045,19800811,PRCP,156,,,a,
ASN00092045,19800812,PRCP,8,,,a,
ASN00092045,19800813,PRCP,58,,,a,
ASN00092045,19800814,PRCP,0,,,a,
ASN00092045,19800815,PRCP,48,,,a,
ASN00092045,19800816,PRCP,0,,,a,
ASN00092045,19800817,PRCP,0,,,a,
ASN00092045,19800818,PRCP,0,,,a,
ASN00092045,19800819,PRCP,0,,,a,
ASN00092045,19800820,PRCP,0,,,a,
ASN00092045,19800821,PRCP,14,,,a,
ASN00092045,19800822,PRCP,8,,,a,
ASN00092045,19800823,PRCP,0,,,a,
ASN00092045,19800824,PRCP,4,,,a,
ASN00092045,19800825,PRCP,0,,,a,
ASN00092045,19800826,PRCP,0,,,a,
ASN00092045,19800827,PRCP,0,,,a,
ASN00092045,19800828,PRCP,4,,,a,
ASN00092045,19800829,PRCP,32,,,a,
ASN00092045,19800830,PRCP,42,,,a,
ASN00092045,19800831,PRCP,94,,,a,
ASN00092045,19800801,TAVG,105,H,,S,
ASN00092045,19800802,TAVG,102,H,,S,
ASN00092045,19800803,TAVG,127,H,,S,
ASN00092045,19800804,TAVG,130,H,,S,
ASN00092045,19800805,TAVG,107,H,,S,
ASN00092045,19800806,TAVG,126,H,,S,
ASN00092045,19800807,TAVG,94,H,,S,
ASN00092045,19800809,TAVG,122,H,,S,
ASN00092045,19800810,TAVG,124,H,,S,
ASN00092045,19800811,TAVG,108,H,,S,
ASN00092045,19800812,TAVG,70,H,,S,
ASN00092045,19800813,TAVG,108,H,,S,
ASN00092045,19800814,TAVG,100,H,,S,
ASN00092045,19800815,TAVG,95,H,,S,
ASN00092045,19800816,TAVG,104,H,,S,
ASN00092045,19800817,TAVG,108,H,,S,
ASN00092045,19800818,TAVG,108,H,,S,
ASN00092045,19800819,TAVG,123,H,,S,
ASN00092045,19800820,TAVG,125,H,,S,
ASN00092045,19800821,TAVG,128,H,,S,
ASN00092045,19800822,TAVG,138,H,,S,
ASN00092045,19800823,TAVG,122,H,,S,
ASN00092045,19800824,TAVG,95,H,,S,
ASN00092045,19800825,TAVG,112,H,,S,
ASN00092045,19800826,TAVG,100,H,,S,
ASN00092045,19800827,TAVG,120,H,,S,
ASN00092045,19800828,TAVG,124,H,,S,
ASN00092045,19800829,TAVG,110,H,,S,
ASN00092045,19800830,TAVG,132,H,,S,
ASN00092045,19800831,TAVG,105,H,,S,
ASN00092045,19800901,TMAX,140,,,a,
ASN00092045,19800902,TMAX,160,,,a,
ASN00092045,19800903,TMAX,160,,,a,
ASN00092045,19800904,TMAX,150,,,a,
ASN00092045,19800905,TMAX,165,,,a,
ASN00092045,19800906,TMAX,165,,,a,
ASN00092045,19800907,TMAX,190,,,a,
ASN00092045,19800908,TMAX,145,,,a,
ASN00092045,19800909,TMAX,128,,,a,
ASN00092045,19800910,TMAX,170,,,a,
ASN00092045,19800911,TMAX,145,,,a,
ASN00092045,19800912,TMAX,140,,,a,
ASN00092045,19800913,TMAX,140,,,a,
ASN00092045,19800914,TMAX,160,,,a,
ASN00092045,19800915,TMAX,135,,,a,
ASN00092045,19800916,TMAX,160,,,a,
ASN00092045,19800917,TMAX,135,,,a,
ASN00092045,19800918,TMAX,158,,,a,
ASN00092045,19800919,TMAX,130,,,a,
ASN00092045,19800920,TMAX,150,,,a,
ASN00092045,19800921,TMAX,150,,,a,
ASN00092045,19800922,TMAX,165,,,a,
ASN00092045,19800923,TMAX,150,,,a,
ASN00092045,19800924,TMAX,210,,,a,
ASN00092045,19800925,TMAX,150,,,a,
ASN00092045,19800926,TMAX,152,,,a,
ASN00092045,19800927,TMAX,170,,,a,
ASN00092045,19800928,TMAX,190,,,a,
ASN00092045,19800929,TMAX,220,,,a,
ASN00092045,19800930,TMAX,220,,,a,
ASN00092045,19800901,TMIN,80,,,a,
ASN00092045,19800902,TMIN,80,,,a,
ASN00092045,19800903,TMIN,55,,,a,
ASN00092045,19800904,TMIN,65,,,a,
ASN00092045,19800905,TMIN,80,,,a,
ASN00092045,19800906,TMIN,85,,,a,
ASN00092045,19800907,TMIN,100,,,a,
ASN00092045,19800908,TMIN,60,,,a,
ASN00092045,19800909,TMIN,68,,,a,
ASN00092045,19800910,TMIN,55,,,a,
ASN00092045,19800911,TMIN,114,,,a,
ASN00092045,19800912,TMIN,45,,,a,
ASN00092045,19800913,TMIN,30,,,a,
ASN00092045,19800914,TMIN,92,,,a,
ASN00092045,19800915,TMIN,90,,,a,
ASN00092045,19800916,TMIN,70,,,a,
ASN00092045,19800917,TMIN,115,,,a,
ASN00092045,19800918,TMIN,65,,,a,
ASN00092045,19800919,TMIN,80,,,a,
ASN00092045,19800920,TMIN,50,,,a,
ASN00092045,19800921,TMIN,100,,,a,
ASN00092045,19800922,TMIN,115,,,a,
ASN00092045,19800923,TMIN,100,,,a,
ASN00092045,19800924,TMIN,116,,,a,
ASN00092045,19800925,TMIN,125,,,a,
ASN00092045,19800926,TMIN,66,,,a,
ASN00092045,19800927,TMIN,103,,,a,
ASN00092045,19800928,TMIN,120,,,a,
ASN00092045,19800929,TMIN,117,,,a,
ASN00092045,19800930,TMIN,150,,,a,
ASN00092045,19800901,PRCP,22,,,a,
ASN00092045,19800902,PRCP,28,,,a,
ASN00092045,19800903,PRCP,0,,,a,
ASN00092045,19800904,PRCP,0,,,a,
ASN00092045,19800905,PRCP,0,,,a,
ASN00092045,19800906,PRCP,0,,,a,
ASN00092045,19800907,PRCP,0,,,a,
ASN00092045,19800908,PRCP,0,,,a,
ASN00092045,19800909,PRCP,126,,,a,
ASN00092045,19800910,PRCP,48,,,a,
ASN00092045,19800911,PRCP,0,,,a,
ASN00092045,19800912,PRCP,16,,,a,
ASN00092045,19800913,PRCP,0,,,a,
ASN00092045,19800914,PRCP,22,,,a,
ASN00092045,19800915,PRCP,74,,,a,
ASN00092045,19800916,PRCP,6,,,a,
ASN00092045,19800917,PRCP,2,,,a,
ASN00092045,19800918,PRCP,104,,,a,
ASN00092045,19800919,PRCP,17,,,a,
ASN00092045,19800920,PRCP,12,,,a,
ASN00092045,19800921,PRCP,36,,,a,
ASN00092045,19800922,PRCP,0,,,a,
ASN00092045,19800923,PRCP,0,,,a,
ASN00092045,19800924,PRCP,8,,,a,
ASN00092045,19800925,PRCP,58,,,a,
ASN00092045,19800926,PRCP,43,,,a,
ASN00092045,19800927,PRCP,9,,,a,
ASN00092045,19800928,PRCP,0,,,a,
ASN00092045,19800929,PRCP,0,,,a,
ASN00092045,19800930,PRCP,0,,,a,
ASN00092045,19800901,TAVG,112,H,,S,
ASN00092045,19800902,TAVG,98,H,,S,
ASN00092045,19800903,TAVG,112,H,,S,
ASN00092045,19800904,TAVG,108,H,,S,
ASN00092045,19800905,TAVG,120,H,,S,
ASN00092045,19800906,TAVG,132,H,,S,
ASN00092045,19800907,TAVG,122,H,,S,
ASN00092045,19800908,TAVG,106,H,,S,
ASN00092045,19800909,TAVG,92,H,,S,
ASN00092045,19800910,TAVG,130,H,,S,
ASN00092045,19800911,TAVG,106,H,,S,
ASN00092045,19800912,TAVG,82,H,,S,
ASN00092045,19800913,TAVG,120,H,,S,
ASN00092045,19800914,TAVG,120,H,,S,
ASN00092045,19800915,TAVG,108,H,,S,
ASN00092045,19800916,TAVG,132,H,,S,
ASN00092045,19800917,TAVG,108,H,,S,
ASN00092045,19800918,TAVG,115,H,,S,
ASN00092045,19800919,TAVG,92,H,,S,
ASN00092045,19800920,TAVG,122,H,,S,
ASN00092045,19800921,TAVG,133,H,,S,
ASN00092045,19800922,TAVG,136,H,,S,
ASN00092045,19800923,TAVG,133,H,,S,
ASN00092045,19800924,TAVG,154,H,,S,
ASN00092045,19800925,TAVG,100,H,,S,
ASN00092045,19800926,TAVG,125,H,,S,
ASN00092045,19800927,TAVG,138,H,,S,
ASN00092045,19800928,TAVG,150,H,,S,
ASN00092045,19800929,TAVG,185,H,,S,
ASN00092045,19800930,TAVG,148,H,,S,
ASN00092045,19801001,TMAX,166,,,a,
ASN00092045,19801002,TMAX,185,,,a,
ASN00092045,19801003,TMAX,160,,,a,
ASN00092045,19801004,TMAX,142,,,a,
ASN00092045,19801005,TMAX,150,,,a,
ASN00092045,19801006,TMAX,150,,,a,
ASN00092045,19801007,TMAX,126,,,a,
ASN00092045,19801008,TMAX,166,,,a,
ASN00092045,19801009,TMAX,157,,,a,
ASN00092045,19801010,TMAX,156,,,a,
ASN00092045,19801011,TMAX,165,,,a,
ASN00092045,19801012,TMAX,155,,,a,
ASN00092045,19801013,TMAX,157,,,a,
ASN00092045,19801014,TMAX,156,,,a,
ASN00092045,19801015,TMAX,160,,,a,
ASN00092045,19801016,TMAX,165,,,a,
ASN00092045,19801017,TMAX,134,,,a,
ASN00092045,19801018,TMAX,155,,,a,
ASN00092045,19801019,TMAX,140,,,a,
ASN00092045,19801020,TMAX,156,,,a,
ASN00092045,19801021,TMAX,205,,,a,
ASN00092045,19801022,TMAX,172,,,a,
ASN00092045,19801023,TMAX,230,,,a,
ASN00092045,19801024,TMAX,200,,,a,
ASN00092045,19801025,TMAX,163,,,a,
ASN00092045,19801026,TMAX,185,,,a,
ASN00092045,19801027,TMAX,210,,,a,
ASN00092045,19801028,TMAX,175,,,a,
ASN00092045,19801029,TMAX,175,,,a,
ASN00092045,19801030,TMAX,165,,,a,
ASN00092045,19801031,TMAX,150,,,a,
ASN00092045,19801001,TMIN,115,,,a,
ASN00092045,19801002,TMIN,110,,,a,
ASN00092045,19801003,TMIN,80,,,a,
ASN00092045,19801004,TMIN,65,,,a,
ASN00092045,19801005,TMIN,110,,,a,
ASN00092045,19801006,TMIN,106,,,a,
ASN00092045,19801007,TMIN,90,,,a,
ASN00092045,19801008,TMIN,70,,,a,
ASN00092045,19801009,TMIN,92,,,a,
ASN00092045,19801010,TMIN,84,,,a,
ASN00092045,19801011,TMIN,86,,,a,
ASN00092045,19801012,TMIN,128,,,a,
ASN00092045,19801013,TMIN,100,,,a,
ASN00092045,19801014,TMIN,80,,,a,
ASN00092045,19801015,TMIN,110,,,a,
ASN00092045,19801016,TMIN,65,,,a,
ASN00092045,19801017,TMIN,80,,,a,
ASN00092045,19801018,TMIN,110,,,a,
ASN00092045,19801019,TMIN,120,,,a,
ASN00092045,19801020,TMIN,130,,,a,
ASN00092045,19801021,TMIN,90,,,a,
ASN00092045,19801022,TMIN,115,,,a,
ASN00092045,19801023,TMIN,136,,,a,
ASN00092045,19801024,TMIN,75,,,a,
ASN00092045,19801025,TMIN,84,,,a,
ASN00092045,19801026,TMIN,96,,,a,
ASN00092045,19801027,TMIN,120,,,a,
ASN00092045,19801028,TMIN,90,,,a,
ASN00092045,19801029,TMIN,100,,,a,
ASN00092045,19801030,TMIN,105,,,a,
ASN00092045,19801031,TMIN,40,,,a,
ASN00092045,19801001,PRCP,0,,,a,
ASN00092045,19801002,PRCP,0,,,a,
ASN00092045,19801003,PRCP,0,,,a,
ASN00092045,19801004,PRCP,36,,,a,
ASN00092045,19801005,PRCP,0,,,a,
ASN00092045,19801006,PRCP,44,,,a,
ASN00092045,19801007,PRCP,311,,,a,
ASN00092045,19801008,PRCP,60,,,a,
ASN00092045,19801009,PRCP,0,,,a,
ASN00092045,19801010,PRCP,0,,,a,
ASN00092045,19801011,PRCP,3,,,a,
ASN00092045,19801012,PRCP,6,,,a,
ASN00092045,19801013,PRCP,35,,,a,
ASN00092045,19801014,PRCP,38,,,a,
ASN00092045,19801015,PRCP,0,,,a,
ASN00092045,19801016,PRCP,0,,,a,
ASN00092045,19801017,PRCP,0,,,a,
ASN00092045,19801018,PRCP,0,,,a,
ASN00092045,19801019,PRCP,0,,,a,
ASN00092045,19801020,PRCP,75,,,a,
ASN00092045,19801021,PRCP,80,,,a,
ASN00092045,19801022,PRCP,0,,,a,
ASN00092045,19801023,PRCP,0,,,a,
ASN00092045,19801024,PRCP,202,,,a,
ASN00092045,19801025,PRCP,0,,,a,
ASN00092045,19801026,PRCP,0,,,a,
ASN00092045,19801027,PRCP,0,,,a,
ASN00092045,19801028,PRCP,4,,,a,
ASN00092045,19801029,PRCP,0,,,a,
ASN00092045,19801030,PRCP,0,,,a,
ASN00092045,19801031,PRCP,0,,,a,
ASN00092045,19801001,TAVG,128,H,,S,
ASN00092045,19801002,TAVG,123,H,,S,
ASN00092045,19801003,TAVG,96,H,,S,
ASN00092045,19801004,TAVG,130,H,,S,
ASN00092045,19801005,TAVG,134,H,,S,
ASN00092045,19801006,TAVG,102,H,,S,
ASN00092045,19801007,TAVG,95,H,,S,
ASN00092045,19801008,TAVG,130,H,,S,
ASN00092045,19801009,TAVG,124,H,,S,
ASN00092045,19801010,TAVG,123,H,,S,
ASN00092045,19801011,TAVG,138,H,,S,
ASN00092045,19801012,TAVG,125,H,,S,
ASN00092045,19801013,TAVG,120,H,,S,
ASN00092045,19801014,TAVG,125,H,,S,
ASN00092045,19801015,TAVG,108,H,,S,
ASN00092045,19801016,TAVG,113,H,,S,
ASN00092045,19801017,TAVG,120,H,,S,
ASN00092045,19801018,TAVG,132,H,,S,
ASN00092045,19801019,TAVG,132,H,,S,
ASN00092045,19801020,TAVG,130,H,,S,
ASN00092045,19801021,TAVG,142,H,,S,
ASN00092045,19801022,TAVG,150,H,,S,
ASN00092045,19801023,TAVG,134,H,,S,
ASN00092045,19801024,TAVG,128,H,,S,
ASN00092045,19801025,TAVG,135,H,,S,
ASN00092045,19801026,TAVG,142,H,,S,
ASN00092045,19801027,TAVG,140,H,,S,
ASN00092045,19801028,TAVG,135,H,,S,
ASN00092045,19801029,TAVG,132,H,,S,
ASN00092045,19801030,TAVG,117,H,,S,
ASN00092045,19801031,TAVG,122,H,,S,
ASN00092045,19801101,TMAX,180,,,a,
ASN00092045,19801102,TMAX,148,,,a,
ASN00092045,19801103,TMAX,130,,,a,
ASN00092045,19801104,TMAX,135,,,a,
ASN00092045,19801105,TMAX,145,,,a,
ASN00092045,19801106,TMAX,140,,,a,
ASN00092045,19801107,TMAX,160,,,a,
ASN00092045,19801108,TMAX,145,,,a,
ASN00092045,19801109,TMAX,166,,,a,
ASN00092045,19801110,TMAX,200,,,a,
ASN00092045,19801111,TMAX,210,,,a,
ASN00092045,19801112,TMAX,180,,,a,
ASN00092045,19801113,TMAX,300,,,a,
ASN00092045,19801114,TMAX,166,,,a,
ASN00092045,19801115,TMAX,176,,,a,
ASN00092045,19801116,TMAX,198,,,a,
ASN00092045,19801117,TMAX,300,,,a,
ASN00092045,19801118,TMAX,280,,,a,
ASN00092045,19801119,TMAX,200,,,a,
ASN00092045,19801120,TMAX,175,,,a,
ASN00092045,19801121,TMAX,190,,,a,
ASN00092045,19801122,TMAX,185,,,a,
ASN00092045,19801123,TMAX,180,,,a,
ASN00092045,19801124,TMAX,162,,,a,
ASN00092045,19801125,TMAX,170,,,a,
ASN00092045,19801126,TMAX,200,,,a,
ASN00092045,19801127,TMAX,224,,,a,
ASN00092045,19801128,TMAX,155,,,a,
ASN00092045,19801129,TMAX,161,,,a,
ASN00092045,19801130,TMAX,160,,,a,
ASN00092045,19801101,TMIN,95,,,a,
ASN00092045,19801102,TMIN,45,,,a,
ASN00092045,19801103,TMIN,60,,,a,
ASN00092045,19801104,TMIN,65,,,a,
ASN00092045,19801105,TMIN,110,,,a,
ASN00092045,19801106,TMIN,110,,,a,
ASN00092045,19801107,TMIN,115,,,a,
ASN00092045,19801108,TMIN,110,,,a,
ASN00092045,19801109,TMIN,90,,,a,
ASN00092045,19801110,TMIN,110,,,a,
ASN00092045,19801111,TMIN,110,,,a,
ASN00092045,19801112,TMIN,140,,,a,
ASN00092045,19801113,TMIN,127,,,a,
ASN00092045,19801114,TMIN,140,,,a,
ASN00092045,19801115,TMIN,120,,,a,
ASN00092045,19801116,TMIN,130,,,a,
ASN00092045,19801117,TMIN,150,,,a,
ASN00092045,19801118,TMIN,140,,,a,
ASN00092045,19801119,TMIN,110,,,a,
ASN00092045,19801120,TMIN,118,,,a,
ASN00092045,19801121,TMIN,90,,,a,
ASN00092045,19801122,TMIN,65,,,a,
ASN00092045,19801123,TMIN,83,,,a,
ASN00092045,19801124,TMIN,90,,,a,
ASN00092045,19801125,TMIN,111,,,a,
ASN00092045,19801126,TMIN,115,,,a,
ASN00092045,19801127,TMIN,142,,,a,
ASN00092045,19801128,TMIN,132,,,a,
ASN00092045,19801129,TMIN,126,,,a,
ASN00092045,19801130,TMIN,120,,,a,
ASN00092045,19801101,PRCP,8,,,a,
ASN00092045,19801102,PRCP,0,,,a,
ASN00092045,19801103,PRCP,120,,,a,
ASN00092045,19801104,PRCP,0,,,a,
ASN00092045,19801105,PRCP,18,,,a,
ASN00092045,19801106,PRCP,35,,,a,
ASN00092045,19801107,PRCP,10,,,a,
ASN00092045,19801108,PRCP,0,,,a,
ASN00092045,19801109,PRCP,4,,,a,
ASN00092045,19801110,PRCP,0,,,a,
ASN00092045,19801111,PRCP,0,,,a,
ASN00092045,19801112,PRCP,0,,,a,
ASN00092045,19801113,PRCP,0,,,a,
ASN00092045,19801114,PRCP,106,,,a,
ASN00092045,19801115,PRCP,24,,,a,
ASN00092045,19801116,PRCP,0,,,a,
ASN00092045,19801117,PRCP,0,,,a,
ASN00092045,19801118,PRCP,52,,,a,
ASN00092045,19801119,PRCP,76,,,a,
ASN00092045,19801120,PRCP,2,,,a,
ASN00092045,19801121,PRCP,0,,,a,
ASN00092045,19801122,PRCP,0,,,a,
ASN00092045,19801123,PRCP,0,,,a,
ASN00092045,19801124,PRCP,0,,,a,
ASN00092045,19801125,PRCP,0,,,a,
ASN00092045,19801126,PRCP,0,,,a,
ASN00092045,19801127,PRCP,0,,,a,
ASN00092045,19801128,PRCP,0,,,a,
ASN00092045,19801129,PRCP,136,,,a,
ASN00092045,19801130,PRCP,22,,,a,
ASN00092045,19801101,TAVG,120,H,,S,
ASN00092045,19801102,TAVG,108,H,,S,
ASN00092045,19801103,TAVG,112,H,,S,
ASN00092045,19801104,TAVG,127,H,,S,
ASN00092045,19801105,TAVG,134,H,,S,
ASN00092045,19801106,TAVG,130,H,,S,
ASN00092045,19801107,TAVG,125,H,,S,
ASN00092045,19801108,TAVG,116,H,,S,
ASN00092045,19801109,TAVG,136,H,,S,
ASN00092045,19801110,TAVG,163,H,,S,
ASN00092045,19801111,TAVG,156,H,,S,
ASN00092045,19801112,TAVG,144,H,,S,
ASN00092045,19801113,TAVG,215,H,,S,
ASN00092045,19801114,TAVG,142,H,,S,
ASN00092045,19801115,TAVG,152,H,,S,
ASN00092045,19801116,TAVG,164,H,,S,
ASN00092045,19801117,TAVG,185,H,,S,
ASN00092045,19801118,TAVG,162,H,,S,
ASN00092045,19801119,TAVG,147,H,,S,
ASN00092045,19801120,TAVG,135,H,,S,
ASN00092045,19801121,TAVG,127,H,,S,
ASN00092045,19801122,TAVG,127,H,,S,
ASN00092045,19801123,TAVG,132,H,,S,
ASN00092045,19801124,TAVG,128,H,,S,
ASN00092045,19801125,TAVG,145,H,,S,
ASN00092045,19801126,TAVG,176,H,,S,
ASN00092045,19801127,TAVG,148,H,,S,
ASN00092045,19801128,TAVG,135,H,,S,
ASN00092045,19801129,TAVG,132,H,,S,
ASN00092045,19801130,TAVG,130,H,,S,
ASN00092045,19801201,TMAX,170,,,a,
ASN00092045,19801202,TMAX,172,,,a,
ASN00092045,19801203,TMAX,200,,,a,
ASN00092045,19801204,TMAX,170,,,a,
ASN00092045,19801205,TMAX,170,,,a,
ASN00092045,19801206,TMAX,210,,,a,
ASN00092045,19801207,TMAX,180,,,a,
ASN00092045,19801208,TMAX,170,,,a,
ASN00092045,19801209,TMAX,205,,,a,
ASN00092045,19801210,TMAX,226,,,a,
ASN00092045,19801211,TMAX,276,,,a,
ASN00092045,19801212,TMAX,170,,,a,
ASN00092045,19801213,TMAX,150,,,a,
ASN00092045,19801214,TMAX,176,,,a,
ASN00092045,19801215,TMAX,180,,,a,
ASN00092045,19801216,TMAX,140,,,a,
ASN00092045,19801217,TMAX,128,,,a,
ASN00092045,19801218,TMAX,165,,,a,
ASN00092045,19801219,TMAX,156,,,a,
ASN00092045,19801220,TMAX,230,,,a,
ASN00092045,19801221,TMAX,185,,,a,
ASN00092045,19801222,TMAX,195,,,a,
ASN00092045,19801223,TMAX,184,,,a,
ASN00092045,19801224,TMAX,170,,,a,
ASN00092045,19801225,TMAX,177,,,a,
ASN00092045,19801226,TMAX,170,,,a,
ASN00092045,19801227,TMAX,170,,,a,
ASN00092045,19801228,TMAX,170,,,a,
ASN00092045,19801229,TMAX,176,,,a,
ASN00092045,19801230,TMAX,178,,,a,
ASN00092045,19801231,TMAX,188,,,a,
ASN00092045,19801201,TMIN,115,,,a,
ASN00092045,19801202,TMIN,130,,,a,
ASN00092045,19801203,TMIN,150,,,a,
ASN00092045,19801204,TMIN,120,,,a,
ASN00092045,19801205,TMIN,125,,,a,
ASN00092045,19801206,TMIN,105,,,a,
ASN00092045,19801207,TMIN,132,,,a,
ASN00092045,19801208,TMIN,130,,,a,
ASN00092045,19801209,TMIN,145,,,a,
ASN00092045,19801210,TMIN,140,,,a,
ASN00092045,19801211,TMIN,155,,,a,
ASN00092045,19801212,TMIN,125,,,a,
ASN00092045,19801213,TMIN,130,,,a,
ASN00092045,19801214,TMIN,115,,,a,
ASN00092045,19801215,TMIN,75,,,a,
ASN00092045,19801216,TMIN,105,,,a,
ASN00092045,19801217,TMIN,115,,,a,
ASN00092045,19801218,TMIN,95,,,a,
ASN00092045,19801219,TMIN,120,,,a,
ASN00092045,19801220,TMIN,115,,,a,
ASN00092045,19801221,TMIN,135,,,a,
ASN00092045,19801222,TMIN,150,,,a,
ASN00092045,19801223,TMIN,156,,,a,
ASN00092045,19801224,TMIN,120,,,a,
ASN00092045,19801225,TMIN,125,,,a,
ASN00092045,19801226,TMIN,127,,,a,
ASN00092045,19801227,TMIN,125,,,a,
ASN00092045,19801228,TMIN,137,,,a,
ASN00092045,19801229,TMIN,152,,,a,
ASN00092045,19801230,TMIN,140,,,a,
ASN00092045,19801231,TMIN,145,,,a,
ASN00092045,19801201,PRCP,0,,,a,
ASN00092045,19801202,PRCP,0,,,a,
ASN00092045,19801203,PRCP,139,,,a,
ASN00092045,19801204,PRCP,0,,,a,
ASN00092045,19801205,PRCP,0,,,a,
ASN00092045,19801206,PRCP,0,,,a,
ASN00092045,19801207,PRCP,0,,,a,
ASN00092045,19801208,PRCP,0,,,a,
ASN00092045,19801209,PRCP,0,,,a,
ASN00092045,19801210,PRCP,0,,,a,
ASN00092045,19801211,PRCP,0,,,a,
ASN00092045,19801212,PRCP,0,,,a,
ASN00092045,19801213,PRCP,46,,,a,
ASN00092045,19801214,PRCP,198,,,a,
ASN00092045,19801215,PRCP,34,,,a,
ASN00092045,19801216,PRCP,26,,,a,
ASN00092045,19801217,PRCP,0,,,a,
ASN00092045,19801218,PRCP,150,,,a,
ASN00092045,19801219,PRCP,0,,,a,
ASN00092045,19801220,PRCP,0,,,a,
ASN00092045,19801221,PRCP,0,,,a,
ASN00092045,19801222,PRCP,0,,,a,
ASN00092045,19801223,PRCP,8,,,a,
ASN00092045,19801224,PRCP,0,,,a,
ASN00092045,19801225,PRCP,21,,,a,
ASN00092045,19801226,PRCP,8,,,a,
ASN00092045,19801227,PRCP,18,,,a,
ASN00092045,19801228,PRCP,0,,,a,
ASN00092045,19801229,PRCP,302,,,a,
ASN00092045,19801230,PRCP,0,,,a,
ASN00092045,19801231,PRCP,0,,,a,
ASN00092045,19801201,TAVG,152,H,,S,
ASN00092045,19801202,TAVG,160,H,,S,
ASN00092045,19801203,TAVG,158,H,,S,
ASN00092045,19801204,TAVG,150,H,,S,
ASN00092045,19801205,TAVG,148,H,,S,
ASN00092045,19801206,TAVG,163,H,,S,
ASN00092045,19801207,TAVG,154,H,,S,
ASN00092045,19801208,TAVG,158,H,,S,
ASN00092045,19801209,TAVG,158,H,,S,
ASN00092045,19801210,TAVG,187,H,,S,
ASN00092045,19801211,TAVG,165,H,,S,
ASN00092045,19801212,TAVG,145,H,,S,
ASN00092045,19801213,TAVG,130,H,,S,
ASN00092045,19801214,TAVG,125,H,,S,
ASN00092045,19801215,TAVG,132,H,,S,
ASN00092045,19801216,TAVG,128,H,,S,
ASN00092045,19801217,TAVG,110,H,,S,
ASN00092045,19801218,TAVG,132,H,,S,
ASN00092045,19801219,TAVG,140,H,,S,
ASN00092045,19801220,TAVG,160,H,,S,
ASN00092045,19801221,TAVG,164,H,,S,
ASN00092045,19801222,TAVG,173,H,,S,
ASN00092045,19801223,TAVG,148,H,,S,
ASN00092045,19801224,TAVG,144,H,,S,
ASN00092045,19801225,TAVG,148,H,,S,
ASN00092045,19801226,TAVG,145,H,,S,
ASN00092045,19801227,TAVG,155,H,,S,
ASN00092045,19801228,TAVG,160,H,,S,
ASN00092045,19801229,TAVG,154,H,,S,
ASN00092045,19801230,TAVG,165,H,,S,
ASN00092045,19801231,TAVG,168,H,,S,
ASN00092045,19810101,TMAX,245,,,a,
ASN00092045,19810102,TMAX,205,,,a,
ASN00092045,19810103,TMAX,220,,,a,
ASN00092045,19810104,TMAX,240,,,a,
ASN00092045,19810105,TMAX,200,,,a,
ASN00092045,19810106,TMAX,190,,,a,
ASN00092045,19810107,TMAX,185,,,a,
ASN00092045,19810108,TMAX,205,,,a,
ASN00092045,19810109,TMAX,216,,,a,
ASN00092045,19810110,TMAX,240,,,a,
ASN00092045,19810111,TMAX,196,,,a,
ASN00092045,19810112,TMAX,196,,,a,
ASN00092045,19810113,TMAX,197,,,a,
ASN00092045,19810114,TMAX,210,,,a,
ASN00092045,19810115,TMAX,205,,,a,
ASN00092045,19810116,TMAX,180,,,a,
ASN00092045,19810117,TMAX,220,,,a,
ASN00092045,19810118,TMAX,220,,,a,
ASN00092045,19810119,TMAX,215,,,a,
ASN00092045,19810120,TMAX,196,,,a,
ASN00092045,19810121,TMAX,210,,,a,
ASN00092045,19810122,TMAX,210,,,a,
ASN00092045,19810123,TMAX,245,,,a,
ASN00092045,19810124,TMAX,210,,,a,
ASN00092045,19810125,TMAX,220,,,a,
ASN00092045,19810126,TMAX,225,,,a,
ASN00092045,19810127,TMAX,190,,,a,
ASN00092045,19810128,TMAX,165,,,a,
ASN00092045,19810129,TMAX,205,,,a,
ASN00092045,19810130,TMAX,205,,,a,
ASN00092045,19810131,TMAX,225,,,a,
ASN00092045,19810101,TMIN,145,,,a,
ASN00092045,19810102,TMIN,145,,,a,
ASN00092045,19810103,TMIN,145,,,a,
ASN00092045,19810104,TMIN,125,,,a,
ASN00092045,19810105,TMIN,150,,,a,
ASN00092045,19810106,TMIN,130,,,a,
ASN00092045,19810107,TMIN,135,,,a,
ASN00092045,19810108,TMIN,130,,,a,
ASN00092045,19810109,TMIN,165,,,a,
ASN00092045,19810110,TMIN,185,,,a,
ASN00092045,19810111,TMIN,145,,,a,
ASN00092045,19810112,TMIN,140,,,a,
ASN00092045,19810113,TMIN,153,,,a,
ASN00092045,19810114,TMIN,147,,,a,
ASN00092045,19810115,TMIN,170,,,a,
ASN00092045,19810116,TMIN,153,,,a,
ASN00092045,19810117,TMIN,155,,,a,
ASN00092045,19810118,TMIN,175,,,a,
ASN00092045,19810119,TMIN,175,,,a,
ASN00092045,19810120,TMIN,165,,,a,
ASN00092045,19810121,TMIN,170,,,a,
ASN00092045,19810122,TMIN,115,,,a,
ASN00092045,19810123,TMIN,140,,,a,
ASN00092045,19810124,TMIN,140,,,a,
ASN00092045,19810125,TMIN,155,,,a,
ASN00092045,19810126,TMIN,170,,,a,
ASN00092045,19810127,TMIN,155,,,a,
ASN00092045,19810128,TMIN,150,,,a,
ASN00092045,19810129,TMIN,150,,,a,
ASN00092045,19810130,TMIN,145,,,a,
ASN00092045,19810131,TMIN,130,,,a,
ASN00092045,19810101,PRCP,0,,,a,
ASN00092045,19810102,PRCP,0,,,a,
ASN00092045,19810103,PRCP,6,,,a,
ASN00092045,19810104,PRCP,8,,,a,
ASN00092045,19810105,PRCP,0,,,a,
ASN00092045,19810106,PRCP,0,,,a,
ASN00092045,19810107,PRCP,10,,,a,
ASN00092045,19810108,PRCP,0,,,a,
ASN00092045,19810109,PRCP,0,,,a,
ASN00092045,19810110,PRCP,102,,,a,
ASN00092045,19810111,PRCP,0,,,a,
ASN00092045,19810112,PRCP,0,,,a,
ASN00092045,19810113,PRCP,0,,,a,
ASN00092045,19810114,PRCP,0,,,a,
ASN00092045,19810115,PRCP,0,,,a,
ASN00092045,19810116,PRCP,4,,,a,
ASN00092045,19810117,PRCP,22,,,a,
ASN00092045,19810118,PRCP,0,,,a,
ASN00092045,19810119,PRCP,40,,,a,
ASN00092045,19810120,PRCP,0,,,a,
ASN00092045,19810121,PRCP,0,,,a,
ASN00092045,19810122,PRCP,0,,,a,
ASN00092045,19810123,PRCP,0,,,a,
ASN00092045,19810124,PRCP,0,,,a,
ASN00092045,19810125,PRCP,0,,,a,
ASN00092045,19810126,PRCP,0,,,a,
ASN00092045,19810127,PRCP,44,,,a,
ASN00092045,19810128,PRCP,0,,,a,
ASN00092045,19810129,PRCP,0,,,a,
ASN00092045,19810130,PRCP,2,,,a,
ASN00092045,19810131,PRCP,0,,,a,
ASN00092045,19810101,TAVG,178,H,,S,
ASN00092045,19810102,TAVG,171,H,,S,
ASN00092045,19810103,TAVG,170,H,,S,
ASN00092045,19810104,TAVG,190,H,,S,
ASN00092045,19810105,TAVG,172,H,,S,
ASN00092045,19810106,TAVG,166,H,,S,
ASN00092045,19810107,TAVG,171,H,,S,
ASN00092045,19810108,TAVG,186,H,,S,
ASN00092045,19810109,TAVG,191,H,,S,
ASN00092045,19810110,TAVG,177,H,,S,
ASN00092045,19810111,TAVG,157,H,,S,
ASN00092045,19810112,TAVG,169,H,,S,
ASN00092045,19810113,TAVG,172,H,,S,
ASN00092045,19810114,TAVG,183,H,,S,
ASN00092045,19810115,TAVG,169,H,,S,
ASN00092045,19810116,TAVG,170,H,,S,
ASN00092045,19810117,TAVG,187,H,,S,
ASN00092045,19810118,TAVG,187,H,,S,
ASN00092045,19810119,TAVG,180,H,,S,
ASN00092045,19810120,TAVG,187,H,,S,
ASN00092045,19810121,TAVG,169,H,,S,
ASN00092045,19810122,TAVG,179,H,,S,
ASN00092045,19810123,TAVG,193,H,,S,
ASN00092045,19810124,TAVG,180,H,,S,
ASN00092045,19810125,TAVG,187,H,,S,
ASN00092045,19810126,TAVG,179,H,,S,
ASN00092045,19810127,TAVG,162,H,,S,
ASN00092045,19810128,TAVG,162,H,,S,
ASN00092045,19810129,TAVG,158,H,,S,
ASN00092045,19810130,TAVG,162,H,,S,
ASN00092045,19810131,TAVG,183,H,,S,
ASN00092045,19810201,TMAX,220,,,a,
ASN00092045,19810202,TMAX,215,,,a,
ASN00092045,19810203,TMAX,295,,,a,
ASN00092045,19810204,TMAX,245,,,a,
ASN00092045,19810205,TMAX,200,,,a,
ASN00092045,19810206,TMAX,200,,,a,
ASN00092045,19810207,TMAX,204,,,a,
ASN00092045,19810208,TMAX,264,,,a,
ASN00092045,19810209,TMAX,286,,,a,
ASN00092045,19810210,TMAX,218,,,a,
ASN00092045,19810211,TMAX,220,,,a,
ASN00092045,19810212,TMAX,190,,,a,
ASN00092045,19810213,TMAX,215,,,a,
ASN00092045,19810214,TMAX,196,,,a,
ASN00092045,19810215,TMAX,220,,,a,
ASN00092045,19810216,TMAX,216,,,a,
ASN00092045,19810217,TMAX,200,,,a,
ASN00092045,19810218,TMAX,220,,,a,
ASN00092045,19810219,TMAX,205,,,a,
ASN00092045,19810220,TMAX,215,,,a,
ASN00092045,19810221,TMAX,210,,,a,
ASN00092045,19810222,TMAX,240,,,a,
ASN00092045,19810223,TMAX,220,,,a,
ASN00092045,19810224,TMAX,220,,,a,
ASN00092045,19810225,TMAX,195,,,a,
ASN00092045,19810226,TMAX,200,,,a,
ASN00092045,19810227,TMAX,230,,,a,
ASN00092045,19810228,TMAX,220,,,a,
ASN00092045,19810201,TMIN,155,,,a,
ASN00092045,19810202,TMIN,160,,,a,
ASN00092045,19810203,TMIN,160,,,a,
ASN00092045,19810204,TMIN,170,,,a,
ASN00092045,19810205,TMIN,155,,,a,
ASN00092045,19810206,TMIN,155,,,a,
ASN00092045,19810207,TMIN,155,,,a,
ASN00092045,19810208,TMIN,155,,,a,
ASN00092045,19810209,TMIN,186,,,a,
ASN00092045,19810210,TMIN,146,,,a,
ASN00092045,19810211,TMIN,128,,,a,
ASN00092045,19810212,TMIN,135,,,a,
ASN00092045,19810213,TMIN,157,,,a,
ASN00092045,19810214,TMIN,160,,,a,
ASN00092045,19810215,TMIN,175,,,a,
ASN00092045,19810216,TMIN,175,,,a,
ASN00092045,19810217,TMIN,170,,,a,
ASN00092045,19810218,TMIN,155,,,a,
ASN00092045,19810219,TMIN,140,,,a,
ASN00092045,19810220,TMIN,140,,,a,
ASN00092045,19810221,TMIN,160,,,a,
ASN00092045,19810222,TMIN,165,,,a,
ASN00092045,19810223,TMIN,165,,,a,
ASN00092045,19810224,TMIN,145,,,a,
ASN00092045,19810225,TMIN,150,,,a,
ASN00092045,19810226,TMIN,165,,,a,
ASN00092045,19810227,TMIN,177,,,a,
ASN00092045,19810228,TMIN,185,,,a,
ASN00092045,19810201,PRCP,0,,,a,
ASN00092045,19810202,PRCP,0,,,a,
ASN00092045,19810203,PRCP,0,,,a,
ASN00092045,19810204,PRCP,0,,,a,
ASN00092045,19810205,PRCP,4,,,a,
ASN00092045,19810206,PRCP,2,,,a,
ASN00092045,19810207,PRCP,0,,,a,
ASN00092045,19810208,PRCP,0,,,a,
ASN00092045,19810209,PRCP,0,,,a,
ASN00092045,19810210,PRCP,12,,,a,
ASN00092045,19810211,PRCP,0,,,a,
ASN00092045,19810212,PRCP,0,,,a,
ASN00092045,19810213,PRCP,4,,,a,
ASN00092045,19810214,PRCP,0,,,a,
ASN00092045,19810215,PRCP,0,,,a,
ASN00092045,19810216,PRCP,0,,,a,
ASN00092045,19810217,PRCP,0,,,a,
ASN00092045,19810218,PRCP,4,,,a,
ASN00092045,19810219,PRCP,0,,,a,
ASN00092045,19810220,PRCP,0,,,a,
ASN00092045,19810221,PRCP,4,,,a,
ASN00092045,19810222,PRCP,4,,,a,
ASN00092045,19810223,PRCP,0,,,a,
ASN00092045,19810224,PRCP,0,,,a,
ASN00092045,19810225,PRCP,0,,,a,
ASN00092045,19810226,PRCP,0,,,a,
ASN00092045,19810227,PRCP,0,,,a,
ASN00092045,19810228,PRCP,0,,,a,
ASN00092045,19810201,TAVG,186,H,,S,
ASN00092045,19810202,TAVG,186,H,,S,
ASN00092045,19810203,TAVG,206,H,,S,
ASN00092045,19810204,TAVG,176,H,,S,
ASN00092045,19810205,TAVG,167,H,,S,
ASN00092045,19810206,TAVG,169,H,,S,
ASN00092045,19810207,TAVG,183,H,,S,
ASN00092045,19810208,TAVG,203,H,,S,
ASN00092045,19810209,TAVG,194,H,,S,
ASN00092045,19810210,TAVG,171,H,,S,
ASN00092045,19810211,TAVG,144,H,,S,
ASN00092045,19810212,TAVG,178,H,,S,
ASN00092045,19810213,TAVG,189,H,,S,
ASN00092045,19810214,TAVG,185,H,,S,
ASN00092045,19810215,TAVG,193,H,,S,
ASN00092045,19810216,TAVG,181,H,,S,
ASN00092045,19810217,TAVG,178,H,,S,
ASN00092045,19810218,TAVG,174,H,,S,
ASN00092045,19810219,TAVG,173,H,,S,
ASN00092045,19810220,TAVG,182,H,,S,
ASN00092045,19810221,TAVG,183,H,,S,
ASN00092045,19810222,TAVG,192,H,,S,
ASN00092045,19810223,TAVG,176,H,,S,
ASN00092045,19810224,TAVG,191,H,,S,
ASN00092045,19810225,TAVG,178,H,,S,
ASN00092045,19810226,TAVG,186,H,,S,
ASN00092045,19810227,TAVG,202,H,,S,
ASN00092045,19810228,TAVG,199,H,,S,
ASN00092045,19810301,TMAX,235,,,a,
ASN00092045,19810302,TMAX,205,,,a,
ASN00092045,19810303,TMAX,220,,,a,
ASN00092045,19810304,TMAX,230,,,a,
ASN00092045,19810305,TMAX,195,,,a,
ASN00092045,19810306,TMAX,190,,,a,
ASN00092045,19810307,TMAX,195,,,a,
ASN00092045,19810308,TMAX,195,,,a,
ASN00092045,19810309,TMAX,233,,,a,
ASN00092045,19810310,TMAX,215,,,a,
ASN00092045,19810311,TMAX,190,,,a,
ASN00092045,19810312,TMAX,190,,,a,
ASN00092045,19810313,TMAX,180,,,a,
ASN00092045,19810314,TMAX,180,,,a,
ASN00092045,19810315,TMAX,210,,,a,
ASN00092045,19810316,TMAX,205,,,a,
ASN00092045,19810317,TMAX,190,,,a,
ASN00092045,19810318,TMAX,195,,,a,
ASN00092045,19810319,TMAX,250,,,a,
ASN00092045,19810320,TMAX,190,,,a,
ASN00092045,19810321,TMAX,190,,,a,
ASN00092045,19810322,TMAX,185,,,a,
ASN00092045,19810323,TMAX,200,,,a,
ASN00092045,19810324,TMAX,200,,,a,
ASN00092045,19810325,TMAX,210,,,a,
ASN00092045,19810326,TMAX,180,,,a,
ASN00092045,19810327,TMAX,185,,,a,
ASN00092045,19810328,TMAX,180,,,a,
ASN00092045,19810329,TMAX,185,,,a,
ASN00092045,19810330,TMAX,195,,,a,
ASN00092045,19810331,TMAX,195,,,a,
ASN00092045,19810301,TMIN,185,,,a,
ASN00092045,19810302,TMIN,180,,,a,
ASN00092045,19810303,TMIN,150,,,a,
ASN00092045,19810304,TMIN,155,,,a,
ASN00092045,19810305,TMIN,130,,,a,
ASN00092045,19810306,TMIN,135,,,a,
ASN00092045,19810307,TMIN,125,,,a,
ASN00092045,19810308,TMIN,165,,,a,
ASN00092045,19810309,TMIN,160,,,a,
ASN00092045,19810310,TMIN,105,,,a,
ASN00092045,19810311,TMIN,105,,,a,
ASN00092045,19810312,TMIN,153,,,a,
ASN00092045,19810313,TMIN,145,,,a,
ASN00092045,19810314,TMIN,135,,,a,
ASN00092045,19810315,TMIN,120,,,a,
ASN00092045,19810316,TMIN,140,,,a,
ASN00092045,19810317,TMIN,100,,,a,
ASN00092045,19810318,TMIN,130,,,a,
ASN00092045,19810319,TMIN,175,,,a,
ASN00092045,19810320,TMIN,170,,,a,
ASN00092045,19810321,TMIN,82,,,a,
ASN00092045,19810322,TMIN,120,,,a,
ASN00092045,19810323,TMIN,120,,,a,
ASN00092045,19810324,TMIN,140,,,a,
ASN00092045,19810325,TMIN,100,,,a,
ASN00092045,19810326,TMIN,125,,,a,
ASN00092045,19810327,TMIN,110,,,a,
ASN00092045,19810328,TMIN,145,,,a,
ASN00092045,19810329,TMIN,156,,,a,
ASN00092045,19810330,TMIN,165,,,a,
ASN00092045,19810331,TMIN,172,,,a,
ASN00092045,19810301,PRCP,0,,,a,
ASN00092045,19810302,PRCP,20,,,a,
ASN00092045,19810303,PRCP,512,,,a,
ASN00092045,19810304,PRCP,6,,,a,
ASN00092045,19810305,PRCP,298,,,a,
ASN00092045,19810306,PRCP,0,,,a,
ASN00092045,19810307,PRCP,2,,,a,
ASN00092045,19810308,PRCP,0,,,a,
ASN00092045,19810309,PRCP,0,,,a,
ASN00092045,19810310,PRCP,0,,,a,
ASN00092045,19810311,PRCP,0,,,a,
ASN00092045,19810312,PRCP,0,,,a,
ASN00092045,19810313,PRCP,52,,,a,
ASN00092045,19810314,PRCP,24,,,a,
ASN00092045,19810315,PRCP,4,,,a,
ASN00092045,19810316,PRCP,16,,,a,
ASN00092045,19810317,PRCP,4,,,a,
ASN00092045,19810318,PRCP,0,,,a,
ASN00092045,19810319,PRCP,0,,,a,
ASN00092045,19810320,PRCP,0,,,a,
ASN00092045,19810321,PRCP,8,,,a,
ASN00092045,19810322,PRCP,4,,,a,
ASN00092045,19810323,PRCP,2,,,a,
ASN00092045,19810324,PRCP,2,,,a,
ASN00092045,19810325,PRCP,14,,,a,
ASN00092045,19810326,PRCP,0,,,a,
ASN00092045,19810327,PRCP,0,,,a,
ASN00092045,19810328,PRCP,0,,,a,
ASN00092045,19810329,PRCP,66,,,a,
ASN00092045,19810330,PRCP,24,,,a,
ASN00092045,19810331,PRCP,0,,,a,
ASN00092045,19810301,TAVG,200,H,,S,
ASN00092045,19810302,TAVG,173,H,,S,
ASN00092045,19810303,TAVG,190,H,,S,
ASN00092045,19810304,TAVG,167,H,,S,
ASN00092045,19810305,TAVG,160,H,,S,
ASN00092045,19810306,TAVG,168,H,,S,
ASN00092045,19810307,TAVG,176,H,,S,
ASN00092045,19810308,TAVG,186,H,,S,
ASN00092045,19810309,TAVG,178,H,,S,
ASN00092045,19810310,TAVG,148,H,,S,
ASN00092045,19810311,TAVG,168,H,,S,
ASN00092045,19810312,TAVG,155,H,,S,
ASN00092045,19810313,TAVG,150,H,,S,
ASN00092045,19810314,TAVG,155,H,,S,
ASN00092045,19810315,TAVG,168,H,,S,
ASN00092045,19810316,TAVG,150,H,,S,
ASN00092045,19810317,TAVG,157,H,,S,
ASN00092045,19810318,TAVG,185,H,,S,
ASN00092045,19810319,TAVG,185,H,,S,
ASN00092045,19810320,TAVG,127,H,,S,
ASN00092045,19810321,TAVG,152,H,,S,
ASN00092045,19810322,TAVG,152,H,,S,
ASN00092045,19810323,TAVG,173,H,,S,
ASN00092045,19810324,TAVG,148,H,,S,
ASN00092045,19810325,TAVG,155,H,,S,
ASN00092045,19810326,TAVG,145,H,,S,
ASN00092045,19810327,TAVG,167,H,,S,
ASN00092045,19810328,TAVG,168,H,,S,
ASN00092045,19810329,TAVG,172,H,,S,
ASN00092045,19810330,TAVG,184,H,,S,
ASN00092045,19810331,TAVG,182,H,,S,
ASN00092045,19810401,TMAX,200,,,a,
ASN00092045,19810402,TMAX,210,,,a,
ASN00092045,19810403,TMAX,205,,,a,
ASN00092045,19810404,TMAX,195,,,a,
ASN00092045,19810405,TMAX,200,,,a,
ASN00092045,19810406,TMAX,190,,,a,
ASN00092045,19810407,TMAX,190,,,a,
ASN00092045,19810408,TMAX,190,,,a,
ASN00092045,19810409,TMAX,210,,,a,
ASN00092045,19810410,TMAX,185,,,a,
ASN00092045,19810411,TMAX,185,,,a,
ASN00092045,19810412,TMAX,195,,,a,
ASN00092045,19810413,TMAX,185,,,a,
ASN00092045,19810414,TMAX,170,,,a,
ASN00092045,19810415,TMAX,180,,,a,
ASN00092045,19810416,TMAX,155,,,a,
ASN00092045,19810417,TMAX,187,,,a,
ASN00092045,19810418,TMAX,175,,,a,
ASN00092045,19810419,TMAX,185,,,a,
ASN00092045,19810420,TMAX,170,,,a,
ASN00092045,19810421,TMAX,175,,,a,
ASN00092045,19810422,TMAX,175,,,a,
ASN00092045,19810423,TMAX,170,,,a,
ASN00092045,19810424,TMAX,170,,,a,
ASN00092045,19810425,TMAX,155,,,a,
ASN00092045,19810426,TMAX,135,,,a,
ASN00092045,19810427,TMAX,160,,,a,
ASN00092045,19810428,TMAX,160,,,a,
ASN00092045,19810429,TMAX,165,,,a,
ASN00092045,19810430,TMAX,165,,,a,
ASN00092045,19810401,TMIN,175,,,a,
ASN00092045,19810402,TMIN,170,,,a,
ASN00092045,19810403,TMIN,180,,,a,
ASN00092045,19810404,TMIN,185,,,a,
ASN00092045,19810405,TMIN,180,,,a,
ASN00092045,19810406,TMIN,160,,,a,
ASN00092045,19810407,TMIN,125,,,a,
ASN00092045,19810408,TMIN,130,,,a,
ASN00092045,19810409,TMIN,155,,,a,
ASN00092045,19810410,TMIN,103,,,a,
ASN00092045,19810411,TMIN,110,,,a,
ASN00092045,19810412,TMIN,140,,,a,
ASN00092045,19810413,TMIN,125,,,a,
ASN00092045,19810414,TMIN,75,,,a,
ASN00092045,19810415,TMIN,115,,,a,
ASN00092045,19810416,TMIN,125,,,a,
ASN00092045,19810417,TMIN,105,,,a,
ASN00092045,19810418,TMIN,105,,,a,
ASN00092045,19810419,TMIN,135,,,a,
ASN00092045,19810420,TMIN,100,,,a,
ASN00092045,19810421,TMIN,125,,,a,
ASN00092045,19810422,TMIN,135,,,a,
ASN00092045,19810423,TMIN,85,,,a,
ASN00092045,19810424,TMIN,95,,,a,
ASN00092045,19810425,TMIN,80,,,a,
ASN00092045,19810426,TMIN,45,,,a,
ASN00092045,19810427,TMIN,100,,,a,
ASN00092045,19810428,TMIN,75,,,a,
ASN00092045,19810429,TMIN,100,,,a,
ASN00092045,19810430,TMIN,100,,,a,
ASN00092045,19810401,PRCP,0,,,a,
ASN00092045,19810402,PRCP,0,,,a,
ASN00092045,19810403,PRCP,0,,,a,
ASN00092045,19810404,PRCP,0,,,a,
ASN00092045,19810405,PRCP,0,,,a,
ASN00092045,19810406,PRCP,32,,,a,
ASN00092045,19810407,PRCP,0,,,a,
ASN00092045,19810408,PRCP,0,,,a,
ASN00092045,19810409,PRCP,0,,,a,
ASN00092045,19810410,PRCP,4,,,a,
ASN00092045,19810411,PRCP,0,,,a,
ASN00092045,19810412,PRCP,0,,,a,
ASN00092045,19810413,PRCP,16,,,a,
ASN00092045,19810414,PRCP,0,,,a,
ASN00092045,19810415,PRCP,16,,,a,
ASN00092045,19810416,PRCP,64,,,a,
ASN00092045,19810417,PRCP,36,,,a,
ASN00092045,19810418,PRCP,0,,,a,
ASN00092045,19810419,PRCP,2,,,a,
ASN00092045,19810420,PRCP,0,,,a,
ASN00092045,19810421,PRCP,0,,,a,
ASN00092045,19810422,PRCP,0,,,a,
ASN00092045,19810423,PRCP,0,,,a,
ASN00092045,19810424,PRCP,0,,,a,
ASN00092045,19810425,PRCP,16,,,a,
ASN00092045,19810426,PRCP,0,,,a,
ASN00092045,19810427,PRCP,4,,,a,
ASN00092045,19810428,PRCP,88,,,a,
ASN00092045,19810429,PRCP,0,,,a,
ASN00092045,19810430,PRCP,0,,,a,
ASN00092045,19810401,TAVG,182,H,,S,
ASN00092045,19810402,TAVG,195,H,,S,
ASN00092045,19810403,TAVG,192,H,,S,
ASN00092045,19810404,TAVG,186,H,,S,
ASN00092045,19810405,TAVG,182,H,,S,
ASN00092045,19810406,TAVG,152,H,,S,
ASN00092045,19810407,TAVG,168,H,,S,
ASN00092045,19810408,TAVG,166,H,,S,
ASN00092045,19810409,TAVG,140,H,,S,
ASN00092045,19810410,TAVG,146,H,,S,
ASN00092045,19810411,TAVG,167,H,,S,
ASN00092045,19810412,TAVG,162,H,,S,
ASN00092045,19810413,TAVG,133,H,,S,
ASN00092045,19810414,TAVG,145,H,,S,
ASN00092045,19810415,TAVG,142,H,,S,
ASN00092045,19810416,TAVG,134,H,,S,
ASN00092045,19810417,TAVG,148,H,,S,
ASN00092045,19810418,TAVG,154,H,,S,
ASN00092045,19810419,TAVG,145,H,,S,
ASN00092045,19810420,TAVG,146,H,,S,
ASN00092045,19810421,TAVG,153,H,,S,
ASN00092045,19810422,TAVG,132,H,,S,
ASN00092045,19810423,TAVG,147,H,,S,
ASN00092045,19810424,TAVG,118,H,,S,
ASN00092045,19810425,TAVG,102,H,,S,
ASN00092045,19810426,TAVG,128,H,,S,
ASN00092045,19810427,TAVG,108,H,,S,
ASN00092045,19810428,TAVG,127,H,,S,
ASN00092045,19810429,TAVG,125,H,,S,
ASN00092045,19810430,TAVG,133,H,,S,
ASN00092045,19810501,TMAX,165,,,a,
ASN00092045,19810502,TMAX,195,,,a,
ASN00092045,19810503,TMAX,165,,,a,
ASN00092045,19810504,TMAX,190,,,a,
ASN00092045,19810505,TMAX,190,,,a,
ASN00092045,19810506,TMAX,170,,,a,
ASN00092045,19810507,TMAX,180,,,a,
ASN00092045,19810508,TMAX,140,,,a,
ASN00092045,19810509,TMAX,125,,,a,
ASN00092045,19810510,TMAX,170,,,a,
ASN00092045,19810511,TMAX,160,,,a,
ASN00092045,19810512,TMAX,130,,,a,
ASN00092045,19810513,TMAX,160,,,a,
ASN00092045,19810514,TMAX,180,,,a,
ASN00092045,19810515,TMAX,170,,,a,
ASN00092045,19810516,TMAX,185,,,a,
ASN00092045,19810517,TMAX,130,,,a,
ASN00092045,19810518,TMAX,120,,,a,
ASN00092045,19810519,TMAX,126,,,a,
ASN00092045,19810520,TMAX,143,,,a,
ASN00092045,19810521,TMAX,145,,,a,
ASN00092045,19810522,TMAX,150,,,a,
ASN00092045,19810523,TMAX,160,,,a,
ASN00092045,19810524,TMAX,165,,,a,
ASN00092045,19810525,TMAX,155,,,a,
ASN00092045,19810526,TMAX,175,,,a,
ASN00092045,19810527,TMAX,165,,,a,
ASN00092045,19810528,TMAX,170,,,a,
ASN00092045,19810529,TMAX,155,,,a,
ASN00092045,19810530,TMAX,150,,,a,
ASN00092045,19810531,TMAX,156,,,a,
ASN00092045,19810501,TMIN,95,,,a,
ASN00092045,19810502,TMIN,105,,,a,
ASN00092045,19810503,TMIN,115,,,a,
ASN00092045,19810504,TMIN,130,,,a,
ASN00092045,19810505,TMIN,140,,,a,
ASN00092045,19810506,TMIN,137,,,a,
ASN00092045,19810507,TMIN,140,,,a,
ASN00092045,19810508,TMIN,56,,,a,
ASN00092045,19810509,TMIN,100,,,a,
ASN00092045,19810510,TMIN,50,,,a,
ASN00092045,19810511,TMIN,85,,,a,
ASN00092045,19810512,TMIN,65,,,a,
ASN00092045,19810513,TMIN,75,,,a,
ASN00092045,19810514,TMIN,110,,,a,
ASN00092045,19810515,TMIN,100,,,a,
ASN00092045,19810516,TMIN,125,,,a,
ASN00092045,19810517,TMIN,60,,,a,
ASN00092045,19810518,TMIN,26,,,a,
ASN00092045,19810519,TMIN,55,,,a,
ASN00092045,19810520,TMIN,42,,,a,
ASN00092045,19810521,TMIN,85,,,a,
ASN00092045,19810522,TMIN,115,,,a,
ASN00092045,19810523,TMIN,136,,,a,
ASN00092045,19810524,TMIN,135,,,a,
ASN00092045,19810525,TMIN,140,,,a,
ASN00092045,19810526,TMIN,150,,,a,
ASN00092045,19810527,TMIN,145,,,a,
ASN00092045,19810528,TMIN,127,,,a,
ASN00092045,19810529,TMIN,105,,,a,
ASN00092045,19810530,TMIN,120,,,a,
ASN00092045,19810531,TMIN,105,,,a,
ASN00092045,19810501,PRCP,0,,,a,
ASN00092045,19810502,PRCP,0,,,a,
ASN00092045,19810503,PRCP,10,,,a,
ASN00092045,19810504,PRCP,0,,,a,
ASN00092045,19810505,PRCP,0,,,a,
ASN00092045,19810506,PRCP,0,,,a,
ASN00092045,19810507,PRCP,0,,,a,
ASN00092045,19810508,PRCP,0,,,a,
ASN00092045,19810509,PRCP,108,,,a,
ASN00092045,19810510,PRCP,22,,,a,
ASN00092045,19810511,PRCP,2,,,a,
ASN00092045,19810512,PRCP,2,,,a,
ASN00092045,19810513,PRCP,0,,,a,
ASN00092045,19810514,PRCP,0,,,a,
ASN00092045,19810515,PRCP,0,,,a,
ASN00092045,19810516,PRCP,0,,,a,
ASN00092045,19810517,PRCP,4,,,a,
ASN00092045,19810518,PRCP,0,,,a,
ASN00092045,19810519,PRCP,0,,,a,
ASN00092045,19810520,PRCP,0,,,a,
ASN00092045,19810521,PRCP,0,,,a,
ASN00092045,19810522,PRCP,10,,,a,
ASN00092045,19810523,PRCP,4,,,a,
ASN00092045,19810524,PRCP,2,,,a,
ASN00092045,19810525,PRCP,96,,,a,
ASN00092045,19810526,PRCP,150,,,a,
ASN00092045,19810527,PRCP,4,,,a,
ASN00092045,19810528,PRCP,6,,,a,
ASN00092045,19810529,PRCP,0,,,a,
ASN00092045,19810530,PRCP,84,,,a,
ASN00092045,19810531,PRCP,52,,,a,
ASN00092045,19810501,TAVG,134,H,,S,
ASN00092045,19810502,TAVG,153,H,,S,
ASN00092045,19810503,TAVG,143,H,,S,
ASN00092045,19810504,TAVG,150,H,,S,
ASN00092045,19810505,TAVG,158,H,,S,
ASN00092045,19810506,TAVG,158,H,,S,
ASN00092045,19810507,TAVG,118,H,,S,
ASN00092045,19810508,TAVG,125,H,,S,
ASN00092045,19810509,TAVG,98,H,,S,
ASN00092045,19810510,TAVG,125,H,,S,
ASN00092045,19810511,TAVG,122,H,,S,
ASN00092045,19810512,TAVG,112,H,,S,
ASN00092045,19810513,TAVG,128,H,,S,
ASN00092045,19810514,TAVG,127,H,,S,
ASN00092045,19810515,TAVG,157,H,,S,
ASN00092045,19810516,TAVG,120,H,,S,
ASN00092045,19810517,TAVG,77,H,,S,
ASN00092045,19810518,TAVG,90,H,,S,
ASN00092045,19810519,TAVG,80,H,,S,
ASN00092045,19810520,TAVG,118,H,,S,
ASN00092045,19810521,TAVG,132,H,,S,
ASN00092045,19810522,TAVG,148,H,,S,
ASN00092045,19810523,TAVG,148,H,,S,
ASN00092045,19810524,TAVG,148,H,,S,
ASN00092045,19810525,TAVG,150,H,,S,
ASN00092045,19810526,TAVG,156,H,,S,
ASN00092045,19810527,TAVG,145,H,,S,
ASN00092045,19810528,TAVG,134,H,,S,
ASN00092045,19810529,TAVG,137,H,,S,
ASN00092045,19810530,TAVG,136,H,,S,
ASN00092045,19810531,TAVG,150,H,,S,
ASN00092045,19810601,TMAX,170,,,a,
ASN00092045,19810602,TMAX,140,,,a,
ASN00092045,19810603,TMAX,140,,,a,
ASN00092045,19810604,TMAX,135,,,a,
ASN00092045,19810605,TMAX,140,,,a,
ASN00092045,19810606,TMAX,120,,,a,
ASN00092045,19810607,TMAX,115,,,a,
ASN00092045,19810608,TMAX,130,,,a,
ASN00092045,19810609,TMAX,140,,,a,
ASN00092045,19810610,TMAX,140,,,a,
ASN00092045,19810611,TMAX,145,,,a,
ASN00092045,19810612,TMAX,135,,,a,
ASN00092045,19810613,TMAX,160,,,a,
ASN00092045,19810614,TMAX,135,,,a,
ASN00092045,19810615,TMAX,105,,,a,
ASN00092045,19810616,TMAX,120,,,a,
ASN00092045,19810617,TMAX,120,,,a,
ASN00092045,19810618,TMAX,120,,,a,
ASN00092045,19810619,TMAX,125,,,a,
ASN00092045,19810620,TMAX,165,,,a,
ASN00092045,19810621,TMAX,165,,,a,
ASN00092045,19810622,TMAX,142,,,a,
ASN00092045,19810623,TMAX,150,,,a,
ASN00092045,19810624,TMAX,130,,,a,
ASN00092045,19810625,TMAX,110,,,a,
ASN00092045,19810626,TMAX,120,,,a,
ASN00092045,19810627,TMAX,135,,,a,
ASN00092045,19810628,TMAX,140,,,a,
ASN00092045,19810629,TMAX,160,,,a,
ASN00092045,19810630,TMAX,150,,,a,
ASN00092045,19810601,TMIN,146,,,a,
ASN00092045,19810602,TMIN,100,,,a,
ASN00092045,19810603,TMIN,110,,,a,
ASN00092045,19810604,TMIN,110,,,a,
ASN00092045,19810605,TMIN,110,,,a,
ASN00092045,19810606,TMIN,100,,,a,
ASN00092045,19810607,TMIN,95,,,a,
ASN00092045,19810608,TMIN,85,,,a,
ASN00092045,19810609,TMIN,90,,,a,
ASN00092045,19810610,TMIN,122,,,a,
ASN00092045,19810611,TMIN,75,,,a,
ASN00092045,19810612,TMIN,60,,,a,
ASN00092045,19810613,TMIN,75,,,a,
ASN00092045,19810614,TMIN,105,,,a,
ASN00092045,19810615,TMIN,60,,,a,
ASN00092045,19810616,TMIN,34,,,a,
ASN00092045,19810617,TMIN,40,,,a,
ASN00092045,19810618,TMIN,60,,,a,
ASN00092045,19810619,TMIN,65,,,a,
ASN00092045,19810620,TMIN,85,,,a,
ASN00092045,19810621,TMIN,83,,,a,
ASN00092045,19810622,TMIN,125,,,a,
ASN00092045,19810623,TMIN,110,,,a,
ASN00092045,19810624,TMIN,70,,,a,
ASN00092045,19810625,TMIN,70,,,a,
ASN00092045,19810626,TMIN,55,,,a,
ASN00092045,19810627,TMIN,90,,,a,
ASN00092045,19810628,TMIN,100,,,a,
ASN00092045,19810629,TMIN,100,,,a,
ASN00092045,19810630,TMIN,125,,,a,
ASN00092045,19810601,PRCP,14,,,a,
ASN00092045,19810602,PRCP,342,,,a,
ASN00092045,19810603,PRCP,276,,,a,
ASN00092045,19810604,PRCP,16,,,a,
ASN00092045,19810605,PRCP,80,,,a,
ASN00092045,19810606,PRCP,30,,,a,
ASN00092045,19810607,PRCP,14,,,a,
ASN00092045,19810608,PRCP,22,,,a,
ASN00092045,19810609,PRCP,0,,,a,
ASN00092045,19810610,PRCP,8,,,a,
ASN00092045,19810611,PRCP,0,,,a,
ASN00092045,19810612,PRCP,0,,,a,
ASN00092045,19810613,PRCP,0,,,a,
ASN00092045,19810614,PRCP,114,,,a,
ASN00092045,19810615,PRCP,28,,,a,
ASN00092045,19810616,PRCP,0,,,a,
ASN00092045,19810617,PRCP,0,,,a,
ASN00092045,19810618,PRCP,0,,,a,
ASN00092045,19810619,PRCP,4,,,a,
ASN00092045,19810620,PRCP,0,,,a,
ASN00092045,19810621,PRCP,4,,,a,
ASN00092045,19810622,PRCP,18,,,a,
ASN00092045,19810623,PRCP,0,,,a,
ASN00092045,19810624,PRCP,58,,,a,
ASN00092045,19810625,PRCP,12,,,a,
ASN00092045,19810626,PRCP,28,,,a,
ASN00092045,19810627,PRCP,8,,,a,
ASN00092045,19810628,PRCP,4,,,a,
ASN00092045,19810629,PRCP,58,,,a,
ASN00092045,19810630,PRCP,2,,,a,
ASN00092045,19810601,TAVG,125,H,,S,
ASN00092045,19810602,TAVG,127,H,,S,
ASN00092045,19810604,TAVG,122,H,,S,
ASN00092045,19810605,TAVG,113,H,,S,
ASN00092045,19810606,TAVG,105,H,,S,
ASN00092045,19810607,TAVG,100,H,,S,
ASN00092045,19810608,TAVG,108,H,,S,
ASN00092045,19810609,TAVG,130,H,,S,
ASN00092045,19810610,TAVG,102,H,,S,
ASN00092045,19810611,TAVG,100,H,,S,
ASN00092045,19810612,TAVG,112,H,,S,
ASN00092045,19810613,TAVG,130,H,,S,
ASN00092045,19810615,TAVG,80,H,,S,
ASN00092045,19810616,TAVG,71,H,,S,
ASN00092045,19810617,TAVG,85,H,,S,
ASN00092045,19810618,TAVG,98,H,,S,
ASN00092045,19810619,TAVG,103,H,,S,
ASN00092045,19810620,TAVG,112,H,,S,
ASN00092045,19810621,TAVG,130,H,,S,
ASN00092045,19810622,TAVG,130,H,,S,
ASN00092045,19810623,TAVG,103,H,,S,
ASN00092045,19810624,TAVG,88,H,,S,
ASN00092045,19810625,TAVG,85,H,,S,
ASN00092045,19810626,TAVG,103,H,,S,
ASN00092045,19810627,TAVG,120,H,,S,
ASN00092045,19810628,TAVG,117,H,,S,
ASN00092045,19810629,TAVG,133,H,,S,
ASN00092045,19810630,TAVG,130,H,,S,
ASN00092045,19810701,TMAX,135,,,a,
ASN00092045,19810702,TMAX,120,,,a,
ASN00092045,19810703,TMAX,110,,,a,
ASN00092045,19810704,TMAX,130,,,a,
ASN00092045,19810705,TMAX,135,,,a,
ASN00092045,19810706,TMAX,110,,,a,
ASN00092045,19810707,TMAX,110,,,a,
ASN00092045,19810708,TMAX,100,,,a,
ASN00092045,19810709,TMAX,100,,,a,
ASN00092045,19810710,TMAX,105,,,a,
ASN00092045,19810711,TMAX,115,,,a,
ASN00092045,19810712,TMAX,120,,,a,
ASN00092045,19810713,TMAX,125,,,a,
ASN00092045,19810714,TMAX,130,,,a,
ASN00092045,19810715,TMAX,125,,,a,
ASN00092045,19810716,TMAX,140,,,a,
ASN00092045,19810717,TMAX,116,,,a,
ASN00092045,19810718,TMAX,135,,,a,
ASN00092045,19810719,TMAX,130,,,a,
ASN00092045,19810720,TMAX,140,,,a,
ASN00092045,19810721,TMAX,135,,,a,
ASN00092045,19810722,TMAX,140,,,a,
ASN00092045,19810723,TMAX,145,,,a,
ASN00092045,19810724,TMAX,122,,,a,
ASN00092045,19810725,TMAX,136,,,a,
ASN00092045,19810726,TMAX,130,,,a,
ASN00092045,19810727,TMAX,120,,,a,
ASN00092045,19810728,TMAX,115,,,a,
ASN00092045,19810729,TMAX,120,,,a,
ASN00092045,19810730,TMAX,115,,,a,
ASN00092045,19810731,TMAX,130,,,a,
ASN00092045,19810701,TMIN,95,,,a,
ASN00092045,19810702,TMIN,70,,,a,
ASN00092045,19810703,TMIN,50,,,a,
ASN00092045,19810704,TMIN,60,,,a,
ASN00092045,19810705,TMIN,70,,,a,
ASN00092045,19810706,TMIN,90,,,a,
ASN00092045,19810707,TMIN,35,,,a,
ASN00092045,19810708,TMIN,60,,,a,
ASN00092045,19810709,TMIN,35,,,a,
ASN00092045,19810710,TMIN,50,,,a,
ASN00092045,19810711,TMIN,60,,,a,
ASN00092045,19810712,TMIN,50,,,a,
ASN00092045,19810713,TMIN,60,,,a,
ASN00092045,19810714,TMIN,75,,,a,
ASN00092045,19810715,TMIN,104,,,a,
ASN00092045,19810716,TMIN,115,,,a,
ASN00092045,19810717,TMIN,60,,,a,
ASN00092045,19810718,TMIN,55,,,a,
ASN00092045,19810719,TMIN,60,,,a,
ASN00092045,19810720,TMIN,70,,,a,
ASN00092045,19810721,TMIN,95,,,a,
ASN00092045,19810722,TMIN,113,,,a,
ASN00092045,19810723,TMIN,90,,,a,
ASN00092045,19810724,TMIN,98,,,a,
ASN00092045,19810725,TMIN,72,,,a,
ASN00092045,19810726,TMIN,86,,,a,
ASN00092045,19810727,TMIN,45,,,a,
ASN00092045,19810728,TMIN,70,,,a,
ASN00092045,19810729,TMIN,85,,,a,
ASN00092045,19810730,TMIN,70,,,a,
ASN00092045,19810731,TMIN,40,,,a,
ASN00092045,19810701,PRCP,40,,,a,
ASN00092045,19810702,PRCP,280,,,a,
ASN00092045,19810703,PRCP,0,,,a,
ASN00092045,19810704,PRCP,104,,,a,
ASN00092045,19810705,PRCP,16,,,a,
ASN00092045,19810706,PRCP,4,,,a,
ASN00092045,19810707,PRCP,0,,,a,
ASN00092045,19810708,PRCP,0,,,a,
ASN00092045,19810709,PRCP,0,,,a,
ASN00092045,19810710,PRCP,0,,,a,
ASN00092045,19810711,PRCP,0,,,a,
ASN00092045,19810712,PRCP,2,,,a,
ASN00092045,19810713,PRCP,0,,,a,
ASN00092045,19810714,PRCP,0,,,a,
ASN00092045,19810715,PRCP,12,,,a,
ASN00092045,19810716,PRCP,0,,,a,
ASN00092045,19810717,PRCP,0,,,a,
ASN00092045,19810718,PRCP,0,,,a,
ASN00092045,19810719,PRCP,0,,,a,
ASN00092045,19810720,PRCP,0,,,a,
ASN00092045,19810721,PRCP,24,,,a,
ASN00092045,19810722,PRCP,145,,,a,
ASN00092045,19810723,PRCP,78,,,a,
ASN00092045,19810724,PRCP,133,,,a,
ASN00092045,19810725,PRCP,113,,,a,
ASN00092045,19810726,PRCP,26,,,a,
ASN00092045,19810727,PRCP,18,,,a,
ASN00092045,19810728,PRCP,0,,,a,
ASN00092045,19810729,PRCP,40,,,a,
ASN00092045,19810730,PRCP,0,,,a,
ASN00092045,19810731,PRCP,0,,,a,
ASN00092045,19810701,TAVG,97,H,,S,
ASN00092045,19810702,TAVG,82,H,,S,
ASN00092045,19810703,TAVG,88,H,,S,
ASN00092045,19810704,TAVG,103,H,,S,
ASN00092045,19810705,TAVG,105,H,,S,
ASN00092045,19810706,TAVG,70,H,,S,
ASN00092045,19810707,TAVG,104,H,,S,
ASN00092045,19810708,TAVG,78,H,,S,
ASN00092045,19810709,TAVG,80,H,,S,
ASN00092045,19810710,TAVG,88,H,,S,
ASN00092045,19810711,TAVG,82,H,,S,
ASN00092045,19810712,TAVG,95,H,,S,
ASN00092045,19810713,TAVG,101,H,,S,
ASN00092045,19810714,TAVG,115,H,,S,
ASN00092045,19810715,TAVG,123,H,,S,
ASN00092045,19810716,TAVG,98,H,,S,
ASN00092045,19810717,TAVG,85,H,,S,
ASN00092045,19810718,TAVG,98,H,,S,
ASN00092045,19810719,TAVG,96,H,,S,
ASN00092045,19810720,TAVG,130,H,,S,
ASN00092045,19810721,TAVG,122,H,,S,
ASN00092045,19810722,TAVG,119,H,,S,
ASN00092045,19810723,TAVG,122,H,,S,
ASN00092045,19810724,TAVG,94,H,,S,
ASN00092045,19810725,TAVG,110,H,,S,
ASN00092045,19810726,TAVG,78,H,,S,
ASN00092045,19810727,TAVG,94,H,,S,
ASN00092045,19810728,TAVG,108,H,,S,
ASN00092045,19810729,TAVG,92,H,,S,
ASN00092045,19810730,TAVG,78,H,,S,
ASN00092045,19810731,TAVG,107,H,,S,
ASN00092045,19810801,TMAX,140,,,a,
ASN00092045,19810802,TMAX,120,,,a,
ASN00092045,19810803,TMAX,120,,,a,
ASN00092045,19810804,TMAX,130,,,a,
ASN00092045,19810805,TMAX,130,,,a,
ASN00092045,19810806,TMAX,135,,,a,
ASN00092045,19810807,TMAX,120,,,a,
ASN00092045,19810808,TMAX,122,,,a,
ASN00092045,19810809,TMAX,122,,,a,
ASN00092045,19810810,TMAX,125,,,a,
ASN00092045,19810811,TMAX,116,,,a,
ASN00092045,19810812,TMAX,120,,,a,
ASN00092045,19810813,TMAX,110,,,a,
ASN00092045,19810814,TMAX,105,,,a,
ASN00092045,19810815,TMAX,140,,,a,
ASN00092045,19810816,TMAX,130,,,a,
ASN00092045,19810817,TMAX,102,,,a,
ASN00092045,19810818,TMAX,122,,,a,
ASN00092045,19810819,TMAX,135,,,a,
ASN00092045,19810820,TMAX,141,,,a,
ASN00092045,19810821,TMAX,135,,,a,
ASN00092045,19810822,TMAX,135,,,a,
ASN00092045,19810823,TMAX,135,,,a,
ASN00092045,19810824,TMAX,120,,,a,
ASN00092045,19810825,TMAX,125,,,a,
ASN00092045,19810826,TMAX,135,,,a,
ASN00092045,19810827,TMAX,120,,,a,
ASN00092045,19810828,TMAX,120,,,a,
ASN00092045,19810829,TMAX,125,,,a,
ASN00092045,19810830,TMAX,130,,,a,
ASN00092045,19810831,TMAX,145,,,a,
ASN00092045,19810801,TMIN,70,,,a,
ASN00092045,19810802,TMIN,90,,,a,
ASN00092045,19810803,TMIN,76,,,a,
ASN00092045,19810804,TMIN,76,,,a,
ASN00092045,19810805,TMIN,65,,,a,
ASN00092045,19810806,TMIN,62,,,a,
ASN00092045,19810807,TMIN,32,,,a,
ASN00092045,19810808,TMIN,54,,,a,
ASN00092045,19810809,TMIN,72,,,a,
ASN00092045,19810810,TMIN,90,,,a,
ASN00092045,19810811,TMIN,75,,,a,
ASN00092045,19810812,TMIN,72,,,a,
ASN00092045,19810813,TMIN,90,,,a,
ASN00092045,19810814,TMIN,73,,,a,
ASN00092045,19810815,TMIN,60,,,a,
ASN00092045,19810816,TMIN,95,,,a,
ASN00092045,19810817,TMIN,83,,,a,
ASN00092045,19810818,TMIN,56,,,a,
ASN00092045,19810819,TMIN,80,,,a,
ASN00092045,19810820,TMIN,105,,,a,
ASN00092045,19810821,TMIN,85,,,a,
ASN00092045,19810822,TMIN,35,,,a,
ASN00092045,19810823,TMIN,40,,,a,
ASN00092045,19810824,TMIN,35,,,a,
ASN00092045,19810825,TMIN,55,,,a,
ASN00092045,19810826,TMIN,90,,,a,
ASN00092045,19810827,TMIN,85,,,a,
ASN00092045,19810828,TMIN,65,,,a,
ASN00092045,19810829,TMIN,100,,,a,
ASN00092045,19810830,TMIN,105,,,a,
ASN00092045,19810831,TMIN,105,,,a,
ASN00092045,19810801,PRCP,0,,,a,
ASN00092045,19810802,PRCP,0,,,a,
ASN00092045,19810803,PRCP,30,,,a,
ASN00092045,19810804,PRCP,19,,,a,
ASN00092045,19810805,PRCP,0,,,a,
ASN00092045,19810806,PRCP,12,,,a,
ASN00092045,19810807,PRCP,0,,,a,
ASN00092045,19810808,PRCP,0,,,a,
ASN00092045,19810809,PRCP,40,,,a,
ASN00092045,19810810,PRCP,172,,,a,
ASN00092045,19810811,PRCP,50,,,a,
ASN00092045,19810812,PRCP,74,,,a,
ASN00092045,19810813,PRCP,98,,,a,
ASN00092045,19810814,PRCP,231,,,a,
ASN00092045,19810815,PRCP,82,,,a,
ASN00092045,19810816,PRCP,16,,,a,
ASN00092045,19810817,PRCP,387,,,a,
ASN00092045,19810818,PRCP,98,,,a,
ASN00092045,19810819,PRCP,49,,,a,
ASN00092045,19810820,PRCP,32,,,a,
ASN00092045,19810821,PRCP,193,,,a,
ASN00092045,19810822,PRCP,103,,,a,
ASN00092045,19810823,PRCP,8,,,a,
ASN00092045,19810824,PRCP,12,,,a,
ASN00092045,19810825,PRCP,0,,,a,
ASN00092045,19810826,PRCP,0,,,a,
ASN00092045,19810827,PRCP,12,,,a,
ASN00092045,19810828,PRCP,106,,,a,
ASN00092045,19810829,PRCP,86,,,a,
ASN00092045,19810830,PRCP,38,,,a,
ASN00092045,19810831,PRCP,6,,,a,
ASN00092045,19810801,TAVG,114,H,,S,
ASN00092045,19810802,TAVG,98,H,,S,
ASN00092045,19810803,TAVG,110,H,,S,
ASN00092045,19810804,TAVG,100,H,,S,
ASN00092045,19810805,TAVG,97,H,,S,
ASN00092045,19810806,TAVG,96,H,,S,
ASN00092045,19810807,TAVG,98,H,,S,
ASN00092045,19810808,TAVG,104,H,,S,
ASN00092045,19810809,TAVG,108,H,,S,
ASN00092045,19810810,TAVG,90,H,,S,
ASN00092045,19810811,TAVG,102,H,,S,
ASN00092045,19810812,TAVG,102,H,,S,
ASN00092045,19810813,TAVG,84,H,,S,
ASN00092045,19810814,TAVG,83,H,,S,
ASN00092045,19810815,TAVG,115,H,,S,
ASN00092045,19810816,TAVG,98,H,,S,
ASN00092045,19810817,TAVG,78,H,,S,
ASN00092045,19810818,TAVG,102,H,,S,
ASN00092045,19810819,TAVG,120,H,,S,
ASN00092045,19810820,TAVG,105,H,,S,
ASN00092045,19810821,TAVG,80,H,,S,
ASN00092045,19810822,TAVG,83,H,,S,
ASN00092045,19810823,TAVG,85,H,,S,
ASN00092045,19810824,TAVG,95,H,,S,
ASN00092045,19810825,TAVG,116,H,,S,
ASN00092045,19810826,TAVG,115,H,,S,
ASN00092045,19810827,TAVG,93,H,,S,
ASN00092045,19810828,TAVG,110,H,,S,
ASN00092045,19810829,TAVG,115,H,,S,
ASN00092045,19810830,TAVG,116,H,,S,
ASN00092045,19810831,TAVG,108,H,,S,
ASN00092045,19810901,TMAX,136,,,a,
ASN00092045,19810902,TMAX,156,,,a,
ASN00092045,19810903,TMAX,150,,,a,
ASN00092045,19810904,TMAX,130,,,a,
ASN00092045,19810905,TMAX,126,,,a,
ASN00092045,19810906,TMAX,150,,,a,
ASN00092045,19810907,TMAX,170,,,a,
ASN00092045,19810908,TMAX,200,,,a,
ASN00092045,19810909,TMAX,170,,,a,
ASN00092045,19810910,TMAX,170,,,a,
ASN00092045,19810911,TMAX,165,,,a,
ASN00092045,19810912,TMAX,145,,,a,
ASN00092045,19810913,TMAX,165,,,a,
ASN00092045,19810914,TMAX,145,,,a,
ASN00092045,19810915,TMAX,190,,,a,
ASN00092045,19810916,TMAX,150,,,a,
ASN00092045,19810917,TMAX,195,,,a,
ASN00092045,19810918,TMAX,183,,,a,
ASN00092045,19810919,TMAX,160,,,a,
ASN00092045,19810920,TMAX,140,,,a,
ASN00092045,19810921,TMAX,140,,,a,
ASN00092045,19810922,TMAX,150,,,a,
ASN00092045,19810923,TMAX,135,,,a,
ASN00092045,19810924,TMAX,140,,,a,
ASN00092045,19810925,TMAX,160,,,a,
ASN00092045,19810926,TMAX,165,,,a,
ASN00092045,19810927,TMAX,140,,,a,
ASN00092045,19810928,TMAX,180,,,a,
ASN00092045,19810929,TMAX,175,,,a,
ASN00092045,19810930,TMAX,178,,,a,
ASN00092045,19810901,TMIN,95,,,a,
ASN00092045,19810902,TMIN,95,,,a,
ASN00092045,19810903,TMIN,74,,,a,
ASN00092045,19810904,TMIN,95,,,a,
ASN00092045,19810905,TMIN,60,,,a,
ASN00092045,19810906,TMIN,80,,,a,
ASN00092045,19810907,TMIN,100,,,a,
ASN00092045,19810908,TMIN,120,,,a,
ASN00092045,19810909,TMIN,85,,,a,
ASN00092045,19810910,TMIN,75,,,a,
ASN00092045,19810911,TMIN,110,,,a,
ASN00092045,19810912,TMIN,67,,,a,
ASN00092045,19810913,TMIN,90,,,a,
ASN00092045,19810914,TMIN,115,,,a,
ASN00092045,19810915,TMIN,100,,,a,
ASN00092045,19810916,TMIN,120,,,a,
ASN00092045,19810917,TMIN,90,,,a,
ASN00092045,19810918,TMIN,115,,,a,
ASN00092045,19810919,TMIN,65,,,a,
ASN00092045,19810920,TMIN,100,,,a,
ASN00092045,19810921,TMIN,110,,,a,
ASN00092045,19810922,TMIN,80,,,a,
ASN00092045,19810923,TMIN,95,,,a,
ASN00092045,19810924,TMIN,65,,,a,
ASN00092045,19810925,TMIN,40,,,a,
ASN00092045,19810926,TMIN,60,,,a,
ASN00092045,19810927,TMIN,100,,,a,
ASN00092045,19810928,TMIN,75,,,a,
ASN00092045,19810929,TMIN,95,,,a,
ASN00092045,19810930,TMIN,105,,,a,
ASN00092045,19810901,PRCP,0,,,a,
ASN00092045,19810902,PRCP,0,,,a,
ASN00092045,19810903,PRCP,0,,,a,
ASN00092045,19810904,PRCP,6,,,a,
ASN00092045,19810905,PRCP,0,,,a,
ASN00092045,19810906,PRCP,0,,,a,
ASN00092045,19810907,PRCP,0,,,a,
ASN00092045,19810908,PRCP,0,,,a,
ASN00092045,19810909,PRCP,4,,,a,
ASN00092045,19810910,PRCP,0,,,a,
ASN00092045,19810911,PRCP,16,,,a,
ASN00092045,19810912,PRCP,0,,,a,
ASN00092045,19810913,PRCP,0,,,a,
ASN00092045,19810914,PRCP,0,,,a,
ASN00092045,19810915,PRCP,0,,,a,
ASN00092045,19810916,PRCP,0,,,a,
ASN00092045,19810917,PRCP,0,,,a,
ASN00092045,19810918,PRCP,0,,,a,
ASN00092045,19810919,PRCP,0,,,a,
ASN00092045,19810920,PRCP,0,,,a,
ASN00092045,19810921,PRCP,0,,,a,
ASN00092045,19810922,PRCP,46,,,a,
ASN00092045,19810923,PRCP,0,,,a,
ASN00092045,19810924,PRCP,54,,,a,
ASN00092045,19810925,PRCP,2,,,a,
ASN00092045,19810926,PRCP,0,,,a,
ASN00092045,19810927,PRCP,88,,,a,
ASN00092045,19810928,PRCP,4,,,a,
ASN00092045,19810929,PRCP,0,,,a,
ASN00092045,19810930,PRCP,0,,,a,
ASN00092045,19810901,TAVG,121,H,,S,
ASN00092045,19810902,TAVG,101,H,,S,
ASN00092045,19810903,TAVG,113,H,,S,
ASN00092045,19810904,TAVG,95,H,,S,
ASN00092045,19810905,TAVG,97,H,,S,
ASN00092045,19810906,TAVG,128,H,,S,
ASN00092045,19810907,TAVG,149,H,,S,
ASN00092045,19810908,TAVG,131,H,,S,
ASN00092045,19810909,TAVG,117,H,,S,
ASN00092045,19810910,TAVG,133,H,,S,
ASN00092045,19810911,TAVG,114,H,,S,
ASN00092045,19810912,TAVG,118,H,,S,
ASN00092045,19810913,TAVG,129,H,,S,
ASN00092045,19810914,TAVG,118,H,,S,
ASN00092045,19810915,TAVG,134,H,,S,
ASN00092045,19810916,TAVG,129,H,,S,
ASN00092045,19810917,TAVG,156,H,,S,
ASN00092045,19810918,TAVG,120,H,,S,
ASN00092045,19810919,TAVG,126,H,,S,
ASN00092045,19810920,TAVG,126,H,,S,
ASN00092045,19810921,TAVG,113,H,,S,
ASN00092045,19810922,TAVG,121,H,,S,
ASN00092045,19810923,TAVG,101,H,,S,
ASN00092045,19810924,TAVG,107,H,,S,
ASN00092045,19810925,TAVG,121,H,,S,
ASN00092045,19810926,TAVG,126,H,,S,
ASN00092045,19810927,TAVG,109,H,,S,
ASN00092045,19810928,TAVG,139,H,,S,
ASN00092045,19810929,TAVG,138,H,,S,
ASN00092045,19810930,TAVG,138,H,,S,
ASN00092045,19811001,TMAX,160,,,a,
ASN00092045,19811002,TMAX,167,,,a,
ASN00092045,19811003,TMAX,140,,,a,
ASN00092045,19811004,TMAX,146,,,a,
ASN00092045,19811005,TMAX,165,,,a,
ASN00092045,19811006,TMAX,210,,,a,
ASN00092045,19811007,TMAX,175,,,a,
ASN00092045,19811008,TMAX,140,,,a,
ASN00092045,19811009,TMAX,190,,,a,
ASN00092045,19811010,TMAX,155,,,a,
ASN00092045,19811011,TMAX,150,,,a,
ASN00092045,19811012,TMAX,170,,,a,
ASN00092045,19811013,TMAX,160,,,a,
ASN00092045,19811014,TMAX,185,,,a,
ASN00092045,19811015,TMAX,155,,,a,
ASN00092045,19811016,TMAX,130,,,a,
ASN00092045,19811017,TMAX,150,,,a,
ASN00092045,19811018,TMAX,148,,,a,
ASN00092045,19811019,TMAX,150,,,a,
ASN00092045,19811020,TMAX,163,,,a,
ASN00092045,19811021,TMAX,178,,,a,
ASN00092045,19811022,TMAX,156,,,a,
ASN00092045,19811023,TMAX,150,,,a,
ASN00092045,19811024,TMAX,180,,,a,
ASN00092045,19811025,TMAX,180,,,a,
ASN00092045,19811026,TMAX,150,,,a,
ASN00092045,19811027,TMAX,205,,,a,
ASN00092045,19811028,TMAX,185,,,a,
ASN00092045,19811029,TMAX,195,,,a,
ASN00092045,19811030,TMAX,200,,,a,
ASN00092045,19811031,TMAX,175,,,a,
ASN00092045,19811001,TMIN,95,,,a,
ASN00092045,19811002,TMIN,80,,,a,
ASN00092045,19811003,TMIN,100,,,a,
ASN00092045,19811004,TMIN,75,,,a,
ASN00092045,19811005,TMIN,100,,,a,
ASN00092045,19811006,TMIN,100,,,a,
ASN00092045,19811007,TMIN,120,,,a,
ASN00092045,19811008,TMIN,65,,,a,
ASN00092045,19811009,TMIN,80,,,a,
ASN00092045,19811010,TMIN,65,,,a,
ASN00092045,19811011,TMIN,60,,,a,
ASN00092045,19811012,TMIN,70,,,a,
ASN00092045,19811013,TMIN,90,,,a,
ASN00092045,19811014,TMIN,105,,,a,
ASN00092045,19811015,TMIN,75,,,a,
ASN00092045,19811016,TMIN,75,,,a,
ASN00092045,19811017,TMIN,95,,,a,
ASN00092045,19811018,TMIN,112,,,a,
ASN00092045,19811019,TMIN,122,,,a,
ASN00092045,19811020,TMIN,126,,,a,
ASN00092045,19811021,TMIN,122,,,a,
ASN00092045,19811022,TMIN,118,,,a,
ASN00092045,19811023,TMIN,72,,,a,
ASN00092045,19811024,TMIN,73,,,a,
ASN00092045,19811025,TMIN,95,,,a,
ASN00092045,19811026,TMIN,100,,,a,
ASN00092045,19811027,TMIN,120,,,a,
ASN00092045,19811028,TMIN,120,,,a,
ASN00092045,19811029,TMIN,115,,,a,
ASN00092045,19811030,TMIN,105,,,a,
ASN00092045,19811031,TMIN,100,,,a,
ASN00092045,19811001,PRCP,64,,,a,
ASN00092045,19811002,PRCP,54,,,a,
ASN00092045,19811003,PRCP,242,,,a,
ASN00092045,19811004,PRCP,10,,,a,
ASN00092045,19811005,PRCP,24,,,a,
ASN00092045,19811006,PRCP,0,,,a,
ASN00092045,19811007,PRCP,6,,,a,
ASN00092045,19811008,PRCP,0,,,a,
ASN00092045,19811009,PRCP,0,,,a,
ASN00092045,19811010,PRCP,0,,,a,
ASN00092045,19811011,PRCP,0,,,a,
ASN00092045,19811012,PRCP,0,,,a,
ASN00092045,19811013,PRCP,0,,,a,
ASN00092045,19811014,PRCP,0,,,a,
ASN00092045,19811015,PRCP,4,,,a,
ASN00092045,19811016,PRCP,0,,,a,
ASN00092045,19811017,PRCP,26,,,a,
ASN00092045,19811018,PRCP,3,,,a,
ASN00092045,19811019,PRCP,0,,,a,
ASN00092045,19811020,PRCP,0,,,a,
ASN00092045,19811021,PRCP,0,,,a,
ASN00092045,19811022,PRCP,2,,,a,
ASN00092045,19811023,PRCP,148,,,a,
ASN00092045,19811024,PRCP,0,,,a,
ASN00092045,19811025,PRCP,0,,,a,
ASN00092045,19811026,PRCP,2,,,a,
ASN00092045,19811027,PRCP,0,,,a,
ASN00092045,19811028,PRCP,32,,,a,
ASN00092045,19811029,PRCP,0,,,a,
ASN00092045,19811030,PRCP,0,,,a,
ASN00092045,19811031,PRCP,0,,,a,
ASN00092045,19811001,TAVG,135,H,,S,
ASN00092045,19811002,TAVG,131,H,,S,
ASN00092045,19811003,TAVG,106,H,,S,
ASN00092045,19811004,TAVG,124,H,,S,
ASN00092045,19811005,TAVG,138,H,,S,
ASN00092045,19811006,TAVG,171,H,,S,
ASN00092045,19811007,TAVG,122,H,,S,
ASN00092045,19811008,TAVG,120,H,,S,
ASN00092045,19811009,TAVG,126,H,,S,
ASN00092045,19811010,TAVG,112,H,,S,
ASN00092045,19811011,TAVG,120,H,,S,
ASN00092045,19811012,TAVG,134,H,,S,
ASN00092045,19811013,TAVG,140,H,,S,
ASN00092045,19811014,TAVG,123,H,,S,
ASN00092045,19811015,TAVG,115,H,,S,
ASN00092045,19811016,TAVG,110,H,,S,
ASN00092045,19811017,TAVG,127,H,,S,
ASN00092045,19811018,TAVG,130,H,,S,
ASN00092045,19811019,TAVG,132,H,,S,
ASN00092045,19811020,TAVG,138,H,,S,
ASN00092045,19811021,TAVG,138,H,,S,
ASN00092045,19811022,TAVG,105,H,,S,
ASN00092045,19811023,TAVG,112,H,,S,
ASN00092045,19811024,TAVG,130,H,,S,
ASN00092045,19811025,TAVG,135,H,,S,
ASN00092045,19811026,TAVG,140,H,,S,
ASN00092045,19811027,TAVG,157,H,,S,
ASN00092045,19811028,TAVG,149,H,,S,
ASN00092045,19811029,TAVG,144,H,,S,
ASN00092045,19811030,TAVG,139,H,,S,
ASN00092045,19811031,TAVG,136,H,,S,
ASN00092045,19811101,TMAX,156,,,a,
ASN00092045,19811102,TMAX,165,,,a,
ASN00092045,19811103,TMAX,210,,,a,
ASN00092045,19811104,TMAX,170,,,a,
ASN00092045,19811105,TMAX,180,,,a,
ASN00092045,19811106,TMAX,156,,,a,
ASN00092045,19811107,TMAX,156,,,a,
ASN00092045,19811108,TMAX,170,,,a,
ASN00092045,19811109,TMAX,170,,,a,
ASN00092045,19811110,TMAX,180,,,a,
ASN00092045,19811111,TMAX,155,,,a,
ASN00092045,19811112,TMAX,200,,,a,
ASN00092045,19811113,TMAX,165,,,a,
ASN00092045,19811114,TMAX,150,,,a,
ASN00092045,19811115,TMAX,130,,,a,
ASN00092045,19811116,TMAX,140,,,a,
ASN00092045,19811117,TMAX,195,,,a,
ASN00092045,19811118,TMAX,205,,,a,
ASN00092045,19811119,TMAX,165,,,a,
ASN00092045,19811120,TMAX,220,,,a,
ASN00092045,19811121,TMAX,185,,,a,
ASN00092045,19811122,TMAX,200,,,a,
ASN00092045,19811123,TMAX,175,,,a,
ASN00092045,19811124,TMAX,160,,,a,
ASN00092045,19811125,TMAX,167,,,a,
ASN00092045,19811126,TMAX,175,,,a,
ASN00092045,19811127,TMAX,180,,,a,
ASN00092045,19811128,TMAX,160,,,a,
ASN00092045,19811129,TMAX,205,,,a,
ASN00092045,19811130,TMAX,184,,,a,
ASN00092045,19811101,TMIN,115,,,a,
ASN00092045,19811102,TMIN,120,,,a,
ASN00092045,19811103,TMIN,135,,,a,
ASN00092045,19811104,TMIN,140,,,a,
ASN00092045,19811105,TMIN,70,,,a,
ASN00092045,19811106,TMIN,100,,,a,
ASN00092045,19811107,TMIN,90,,,a,
ASN00092045,19811108,TMIN,90,,,a,
ASN00092045,19811109,TMIN,130,,,a,
ASN00092045,19811110,TMIN,130,,,a,
ASN00092045,19811111,TMIN,110,,,a,
ASN00092045,19811112,TMIN,100,,,a,
ASN00092045,19811113,TMIN,100,,,a,
ASN00092045,19811114,TMIN,110,,,a,
ASN00092045,19811115,TMIN,100,,,a,
ASN00092045,19811116,TMIN,70,,,a,
ASN00092045,19811117,TMIN,65,,,a,
ASN00092045,19811118,TMIN,105,,,a,
ASN00092045,19811119,TMIN,130,,,a,
ASN00092045,19811120,TMIN,135,,,a,
ASN00092045,19811121,TMIN,120,,,a,
ASN00092045,19811122,TMIN,125,,,a,
ASN00092045,19811123,TMIN,145,,,a,
ASN00092045,19811124,TMIN,150,,,a,
ASN00092045,19811125,TMIN,125,,,a,
ASN00092045,19811126,TMIN,125,,,a,
ASN00092045,19811127,TMIN,125,,,a,
ASN00092045,19811128,TMIN,125,,,a,
ASN00092045,19811129,TMIN,135,,,a,
ASN00092045,19811130,TMIN,134,,,a,
ASN00092045,19811101,PRCP,0,,,a,
ASN00092045,19811102,PRCP,0,,,a,
ASN00092045,19811103,PRCP,0,,,a,
ASN00092045,19811104,PRCP,2,,,a,
ASN00092045,19811105,PRCP,32,,,a,
ASN00092045,19811106,PRCP,0,,,a,
ASN00092045,19811107,PRCP,0,,,a,
ASN00092045,19811108,PRCP,0,,,a,
ASN00092045,19811109,PRCP,0,,,a,
ASN00092045,19811110,PRCP,110,,,a,
ASN00092045,19811111,PRCP,0,,,a,
ASN00092045,19811112,PRCP,0,,,a,
ASN00092045,19811113,PRCP,0,,,a,
ASN00092045,19811114,PRCP,4,,,a,
ASN00092045,19811115,PRCP,30,,,a,
ASN00092045,19811116,PRCP,8,,,a,
ASN00092045,19811117,PRCP,0,,,a,
ASN00092045,19811118,PRCP,0,,,a,
ASN00092045,19811119,PRCP,2,,,a,
ASN00092045,19811120,PRCP,0,,,a,
ASN00092045,19811121,PRCP,0,,,a,
ASN00092045,19811122,PRCP,0,,,a,
ASN00092045,19811123,PRCP,0,,,a,
ASN00092045,19811124,PRCP,0,,,a,
ASN00092045,19811125,PRCP,142,,,a,
ASN00092045,19811126,PRCP,0,,,a,
ASN00092045,19811127,PRCP,0,,,a,
ASN00092045,19811128,PRCP,0,,,a,
ASN00092045,19811129,PRCP,0,,,a,
ASN00092045,19811130,PRCP,0,,,a,
ASN00092045,19811101,TAVG,136,H,,S,
ASN00092045,19811102,TAVG,149,H,,S,
ASN00092045,19811103,TAVG,159,H,,S,
ASN00092045,19811104,TAVG,126,H,,S,
ASN00092045,19811105,TAVG,138,H,,S,
ASN00092045,19811106,TAVG,128,H,,S,
ASN00092045,19811107,TAVG,132,H,,S,
ASN00092045,19811108,TAVG,143,H,,S,
ASN00092045,19811109,TAVG,137,H,,S,
ASN00092045,19811110,TAVG,149,H,,S,
ASN00092045,19811111,TAVG,134,H,,S,
ASN00092045,19811112,TAVG,146,H,,S,
ASN00092045,19811113,TAVG,129,H,,S,
ASN00092045,19811114,TAVG,123,H,,S,
ASN00092045,19811115,TAVG,99,H,,S,
ASN00092045,19811116,TAVG,106,H,,S,
ASN00092045,19811117,TAVG,149,H,,S,
ASN00092045,19811118,TAVG,153,H,,S,
ASN00092045,19811119,TAVG,147,H,,S,
ASN00092045,19811120,TAVG,158,H,,S,
ASN00092045,19811121,TAVG,155,H,,S,
ASN00092045,19811122,TAVG,156,H,,S,
ASN00092045,19811123,TAVG,159,H,,S,
ASN00092045,19811124,TAVG,139,H,,S,
ASN00092045,19811125,TAVG,139,H,,S,
ASN00092045,19811126,TAVG,146,H,,S,
ASN00092045,19811127,TAVG,142,H,,S,
ASN00092045,19811128,TAVG,147,H,,S,
ASN00092045,19811129,TAVG,153,H,,S,
ASN00092045,19811130,TAVG,142,H,,S,
ASN00092045,19811201,TMAX,174,,,a,
ASN00092045,19811202,TMAX,185,,,a,
ASN00092045,19811203,TMAX,177,,,a,
ASN00092045,19811204,TMAX,171,,,a,
ASN00092045,19811205,TMAX,194,,,a,
ASN00092045,19811206,TMAX,202,,,a,
ASN00092045,19811207,TMAX,183,,,a,
ASN00092045,19811208,TMAX,190,,,a,
ASN00092045,19811209,TMAX,192,,,a,
ASN00092045,19811210,TMAX,195,,,a,
ASN00092045,19811211,TMAX,217,,,a,
ASN00092045,19811212,TMAX,211,,,a,
ASN00092045,19811213,TMAX,172,,,a,
ASN00092045,19811214,TMAX,178,,,a,
ASN00092045,19811215,TMAX,174,,,a,
ASN00092045,19811216,TMAX,222,,,a,
ASN00092045,19811217,TMAX,170,,,a,
ASN00092045,19811218,TMAX,230,,,a,
ASN00092045,19811219,TMAX,211,,,a,
ASN00092045,19811220,TMAX,196,,,a,
ASN00092045,19811221,TMAX,190,,,a,
ASN00092045,19811222,TMAX,188,,,a,
ASN00092045,19811223,TMAX,205,,,a,
ASN00092045,19811224,TMAX,195,,,a,
ASN00092045,19811225,TMAX,212,,,a,
ASN00092045,19811226,TMAX,203,,,a,
ASN00092045,19811227,TMAX,165,,,a,
ASN00092045,19811228,TMAX,182,,,a,
ASN00092045,19811229,TMAX,189,,,a,
ASN00092045,19811230,TMAX,188,,,a,
ASN00092045,19811231,TMAX,186,,,a,
ASN00092045,19811201,TMIN,125,,,a,
ASN00092045,19811202,TMIN,131,,,a,
ASN00092045,19811203,TMIN,100,,,a,
ASN00092045,19811204,TMIN,124,,,a,
ASN00092045,19811205,TMIN,142,,,a,
ASN00092045,19811206,TMIN,109,,,a,
ASN00092045,19811207,TMIN,117,,,a,
ASN00092045,19811208,TMIN,103,,,a,
ASN00092045,19811209,TMIN,96,,,a,
ASN00092045,19811210,TMIN,131,,,a,
ASN00092045,19811211,TMIN,125,,,a,
ASN00092045,19811212,TMIN,134,,,a,
ASN00092045,19811213,TMIN,115,,,a,
ASN00092045,19811214,TMIN,116,,,a,
ASN00092045,19811215,TMIN,129,,,a,
ASN00092045,19811216,TMIN,116,,,a,
ASN00092045,19811217,TMIN,143,,,a,
ASN00092045,19811218,TMIN,146,,,a,
ASN00092045,19811219,TMIN,131,,,a,
ASN00092045,19811220,TMIN,105,,,a,
ASN00092045,19811221,TMIN,113,,,a,
ASN00092045,19811222,TMIN,92,,,a,
ASN00092045,19811223,TMIN,108,,,a,
ASN00092045,19811224,TMIN,133,,,a,
ASN00092045,19811225,TMIN,145,,,a,
ASN00092045,19811226,TMIN,155,,,a,
ASN00092045,19811227,TMIN,135,,,a,
ASN00092045,19811228,TMIN,139,,,a,
ASN00092045,19811229,TMIN,155,,,a,
ASN00092045,19811230,TMIN,153,,,a,
ASN00092045,19811231,TMIN,152,,,a,
ASN00092045,19811201,PRCP,22,,,a,
ASN00092045,19811202,PRCP,0,,,a,
ASN00092045,19811203,PRCP,86,,,a,
ASN00092045,19811204,PRCP,10,,,a,
ASN00092045,19811205,PRCP,0,,,a,
ASN00092045,19811206,PRCP,0,,,a,
ASN00092045,19811207,PRCP,9,,,a,
ASN00092045,19811208,PRCP,4,,,a,
ASN00092045,19811209,PRCP,0,,,a,
ASN00092045,19811210,PRCP,0,,,a,
ASN00092045,19811211,PRCP,0,,,a,
ASN00092045,19811212,PRCP,54,,,a,
ASN00092045,19811213,PRCP,30,,,a,
ASN00092045,19811214,PRCP,3,,,a,
ASN00092045,19811215,PRCP,0,,,a,
ASN00092045,19811216,PRCP,0,,,a,
ASN00092045,19811217,PRCP,0,,,a,
ASN00092045,19811218,PRCP,2,,,a,
ASN00092045,19811219,PRCP,22,,,a,
ASN00092045,19811220,PRCP,0,,,a,
ASN00092045,19811221,PRCP,0,,,a,
ASN00092045,19811222,PRCP,0,,,a,
ASN00092045,19811223,PRCP,0,,,a,
ASN00092045,19811224,PRCP,0,,,a,
ASN00092045,19811225,PRCP,0,,,a,
ASN00092045,19811226,PRCP,0,,,a,
ASN00092045,19811227,PRCP,100,,,a,
ASN00092045,19811228,PRCP,148,,,a,
ASN00092045,19811229,PRCP,2,,,a,
ASN00092045,19811230,PRCP,9,,,a,
ASN00092045,19811231,PRCP,0,,,a,
ASN00092045,19811201,TAVG,148,H,,S,
ASN00092045,19811202,TAVG,139,H,,S,
ASN00092045,19811203,TAVG,151,H,,S,
ASN00092045,19811204,TAVG,157,H,,S,
ASN00092045,19811205,TAVG,159,H,,S,
ASN00092045,19811206,TAVG,162,H,,S,
ASN00092045,19811207,TAVG,129,H,,S,
ASN00092045,19811208,TAVG,146,H,,S,
ASN00092045,19811209,TAVG,158,H,,S,
ASN00092045,19811210,TAVG,158,H,,S,
ASN00092045,19811211,TAVG,161,H,,S,
ASN00092045,19811212,TAVG,152,H,,S,
ASN00092045,19811213,TAVG,139,H,,S,
ASN00092045,19811214,TAVG,142,H,,S,
ASN00092045,19811215,TAVG,144,H,,S,
ASN00092045,19811216,TAVG,162,H,,S,
ASN00092045,19811217,TAVG,158,H,,S,
ASN00092045,19811218,TAVG,163,H,,S,
ASN00092045,19811219,TAVG,157,H,,S,
ASN00092045,19811220,TAVG,162,H,,S,
ASN00092045,19811221,TAVG,145,H,,S,
ASN00092045,19811222,TAVG,154,H,,S,
ASN00092045,19811223,TAVG,171,H,,S,
ASN00092045,19811224,TAVG,167,H,,S,
ASN00092045,19811225,TAVG,181,H,,S,
ASN00092045,19811226,TAVG,167,H,,S,
ASN00092045,19811227,TAVG,153,H,,S,
ASN00092045,19811228,TAVG,164,H,,S,
ASN00092045,19811229,TAVG,169,H,,S,
ASN00092045,19811230,TAVG,169,H,,S,
ASN00092045,19811231,TAVG,173,H,,S,
ASN00092045,19820101,TMAX,204,,,a,
ASN00092045,19820102,TMAX,231,,,a,
ASN00092045,19820103,TMAX,220,,,a,
ASN00092045,19820104,TMAX,203,,,a,
ASN00092045,19820105,TMAX,170,,,a,
ASN00092045,19820106,TMAX,172,,,a,
ASN00092045,19820107,TMAX,214,,,a,
ASN00092045,19820108,TMAX,220,,,a,
ASN00092045,19820109,TMAX,230,,,a,
ASN00092045,19820110,TMAX,200,,,a,
ASN00092045,19820111,TMAX,210,,,a,
ASN00092045,19820112,TMAX,296,,,a,
ASN00092045,19820113,TMAX,180,,,a,
ASN00092045,19820114,TMAX,205,,,a,
ASN00092045,19820115,TMAX,196,,,a,
ASN00092045,19820116,TMAX,205,,,a,
ASN00092045,19820117,TMAX,192,,,a,
ASN00092045,19820118,TMAX,200,,,a,
ASN00092045,19820119,TMAX,214,,,a,
ASN00092045,19820120,TMAX,310,,,a,
ASN00092045,19820121,TMAX,247,,,a,
ASN00092045,19820122,TMAX,230,,,a,
ASN00092045,19820123,TMAX,182,,,a,
ASN00092045,19820124,TMAX,250,,,a,
ASN00092045,19820125,TMAX,162,,,a,
ASN00092045,19820126,TMAX,212,,,a,
ASN00092045,19820127,TMAX,195,,,a,
ASN00092045,19820128,TMAX,217,,,a,
ASN00092045,19820129,TMAX,260,,,a,
ASN00092045,19820130,TMAX,220,,,a,
ASN00092045,19820131,TMAX,235,,,a,
ASN00092045,19820101,TMIN,170,,,a,
ASN00092045,19820102,TMIN,138,,,a,
ASN00092045,19820103,TMIN,137,,,a,
ASN00092045,19820104,TMIN,115,,,a,
ASN00092045,19820105,TMIN,106,,,a,
ASN00092045,19820106,TMIN,126,,,a,
ASN00092045,19820107,TMIN,154,,,a,
ASN00092045,19820108,TMIN,106,,,a,
ASN00092045,19820109,TMIN,128,,,a,
ASN00092045,19820110,TMIN,145,,,a,
ASN00092045,19820111,TMIN,165,,,a,
ASN00092045,19820112,TMIN,180,,,a,
ASN00092045,19820113,TMIN,130,,,a,
ASN00092045,19820114,TMIN,140,,,a,
ASN00092045,19820115,TMIN,130,,,a,
ASN00092045,19820116,TMIN,170,,,a,
ASN00092045,19820117,TMIN,166,,,a,
ASN00092045,19820118,TMIN,151,,,a,
ASN00092045,19820119,TMIN,156,,,a,
ASN00092045,19820120,TMIN,174,,,a,
ASN00092045,19820121,TMIN,134,,,a,
ASN00092045,19820122,TMIN,146,,,a,
ASN00092045,19820123,TMIN,155,,,a,
ASN00092045,19820124,TMIN,160,,,a,
ASN00092045,19820125,TMIN,160,,,a,
ASN00092045,19820126,TMIN,109,,,a,
ASN00092045,19820127,TMIN,94,,,a,
ASN00092045,19820128,TMIN,140,,,a,
ASN00092045,19820129,TMIN,152,,,a,
ASN00092045,19820130,TMIN,160,,,a,
ASN00092045,19820131,TMIN,164,,,a,
ASN00092045,19820101,PRCP,74,,,a,
ASN00092045,19820102,PRCP,0,,,a,
ASN00092045,19820103,PRCP,0,,,a,
ASN00092045,19820104,PRCP,0,,,a,
ASN00092045,19820105,PRCP,0,,,a,
ASN00092045,19820106,PRCP,0,,,a,
ASN00092045,19820107,PRCP,90,,,a,
ASN00092045,19820108,PRCP,122,,,a,
ASN00092045,19820109,PRCP,0,,,a,
ASN00092045,19820110,PRCP,2,,,a,
ASN00092045,19820111,PRCP,0,,,a,
ASN00092045,19820112,PRCP,4,,,a,
ASN00092045,19820113,PRCP,26,,,a,
ASN00092045,19820114,PRCP,0,,,a,
ASN00092045,19820115,PRCP,0,,,a,
ASN00092045,19820116,PRCP,0,,,a,
ASN00092045,19820117,PRCP,0,,,a,
ASN00092045,19820118,PRCP,22,,,a,
ASN00092045,19820119,PRCP,0,,,a,
ASN00092045,19820120,PRCP,0,,,a,
ASN00092045,19820121,PRCP,0,,,a,
ASN00092045,19820122,PRCP,10,,,a,
ASN00092045,19820123,PRCP,0,,,a,
ASN00092045,19820124,PRCP,6,,,a,
ASN00092045,19820125,PRCP,18,,,a,
ASN00092045,19820126,PRCP,76,,,a,
ASN00092045,19820127,PRCP,0,,,a,
ASN00092045,19820128,PRCP,0,,,a,
ASN00092045,19820129,PRCP,0,,,a,
ASN00092045,19820130,PRCP,44,,,a,
ASN00092045,19820131,PRCP,1,,,a,
ASN00092045,19820101,TAVG,168,H,,S,
ASN00092045,19820102,TAVG,181,H,,S,
ASN00092045,19820103,TAVG,168,H,,S,
ASN00092045,19820104,TAVG,162,H,,S,
ASN00092045,19820105,TAVG,153,H,,S,
ASN00092045,19820106,TAVG,164,H,,S,
ASN00092045,19820107,TAVG,151,H,,S,
ASN00092045,19820108,TAVG,180,H,,S,
ASN00092045,19820109,TAVG,185,H,,S,
ASN00092045,19820110,TAVG,183,H,,S,
ASN00092045,19820111,TAVG,189,H,,S,
ASN00092045,19820112,TAVG,196,H,,S,
ASN00092045,19820113,TAVG,159,H,,S,
ASN00092045,19820114,TAVG,172,H,,S,
ASN00092045,19820115,TAVG,180,H,,S,
ASN00092045,19820116,TAVG,182,H,,S,
ASN00092045,19820117,TAVG,164,H,,S,
ASN00092045,19820118,TAVG,177,H,,S,
ASN00092045,19820119,TAVG,183,H,,S,
ASN00092045,19820120,TAVG,228,H,,S,
ASN00092045,19820121,TAVG,179,H,,S,
ASN00092045,19820122,TAVG,189,H,,S,
ASN00092045,19820123,TAVG,169,H,,S,
ASN00092045,19820124,TAVG,191,H,,S,
ASN00092045,19820125,TAVG,140,H,,S,
ASN00092045,19820126,TAVG,151,H,,S,
ASN00092045,19820127,TAVG,167,H,,S,
ASN00092045,19820128,TAVG,183,H,,S,
ASN00092045,19820129,TAVG,181,H,,S,
ASN00092045,19820130,TAVG,185,H,,S,
ASN00092045,19820131,TAVG,187,H,,S,
ASN00092045,19820201,TMAX,190,,,a,
ASN00092045,19820202,TMAX,195,,,a,
ASN00092045,19820203,TMAX,212,,,a,
ASN00092045,19820204,TMAX,230,,,a,
ASN00092045,19820205,TMAX,187,,,a,
ASN00092045,19820206,TMAX,221,,,a,
ASN00092045,19820207,TMAX,320,,,a,
ASN00092045,19820208,TMAX,236,,,a,
ASN00092045,19820209,TMAX,236,,,a,
ASN00092045,19820210,TMAX,199,,,a,
ASN00092045,19820211,TMAX,235,,,a,
ASN00092045,19820212,TMAX,212,,,a,
ASN00092045,19820213,TMAX,206,,,a,
ASN00092045,19820214,TMAX,228,,,a,
ASN00092045,19820215,TMAX,242,,,a,
ASN00092045,19820216,TMAX,230,,,a,
ASN00092045,19820217,TMAX,210,,,a,
ASN00092045,19820218,TMAX,210,,,a,
ASN00092045,19820219,TMAX,190,,,a,
ASN00092045,19820220,TMAX,190,,,a,
ASN00092045,19820221,TMAX,239,,,a,
ASN00092045,19820222,TMAX,198,,,a,
ASN00092045,19820223,TMAX,240,,,a,
ASN00092045,19820224,TMAX,190,,,a,
ASN00092045,19820225,TMAX,217,,,a,
ASN00092045,19820226,TMAX,155,,,a,
ASN00092045,19820227,TMAX,167,,,a,
ASN00092045,19820228,TMAX,210,,,a,
ASN00092045,19820201,TMIN,144,,,a,
ASN00092045,19820202,TMIN,120,,,a,
ASN00092045,19820203,TMIN,144,,,a,
ASN00092045,19820204,TMIN,135,,,a,
ASN00092045,19820205,TMIN,132,,,a,
ASN00092045,19820206,TMIN,135,,,a,
ASN00092045,19820207,TMIN,179,,,a,
ASN00092045,19820208,TMIN,156,,,a,
ASN00092045,19820209,TMIN,155,,,a,
ASN00092045,19820210,TMIN,156,,,a,
ASN00092045,19820211,TMIN,166,,,a,
ASN00092045,19820212,TMIN,165,,,a,
ASN00092045,19820213,TMIN,160,,,a,
ASN00092045,19820214,TMIN,185,,,a,
ASN00092045,19820215,TMIN,189,,,a,
ASN00092045,19820216,TMIN,200,,,a,
ASN00092045,19820217,TMIN,155,,,a,
ASN00092045,19820218,TMIN,130,,,a,
ASN00092045,19820219,TMIN,95,,,a,
ASN00092045,19820220,TMIN,132,,,a,
ASN00092045,19820221,TMIN,162,,,a,
ASN00092045,19820222,TMIN,135,,,a,
ASN00092045,19820223,TMIN,157,,,a,
ASN00092045,19820224,TMIN,145,,,a,
ASN00092045,19820225,TMIN,125,,,a,
ASN00092045,19820226,TMIN,133,,,a,
ASN00092045,19820227,TMIN,110,,,a,
ASN00092045,19820228,TMIN,125,,,a,
ASN00092045,19820201,PRCP,0,,,a,
ASN00092045,19820202,PRCP,0,,,a,
ASN00092045,19820203,PRCP,0,,,a,
ASN00092045,19820204,PRCP,0,,,a,
ASN00092045,19820205,PRCP,0,,,a,
ASN00092045,19820206,PRCP,0,,,a,
ASN00092045,19820207,PRCP,0,,,a,
ASN00092045,19820208,PRCP,0,,,a,
ASN00092045,19820209,PRCP,6,,,a,
ASN00092045,19820210,PRCP,0,,,a,
ASN00092045,19820211,PRCP,0,,,a,
ASN00092045,19820212,PRCP,0,,,a,
ASN00092045,19820213,PRCP,2,,,a,
ASN00092045,19820214,PRCP,0,,,a,
ASN00092045,19820215,PRCP,0,,,a,
ASN00092045,19820216,PRCP,0,,,a,
ASN00092045,19820217,PRCP,0,,,a,
ASN00092045,19820218,PRCP,10,,,a,
ASN00092045,19820219,PRCP,0,,,a,
ASN00092045,19820220,PRCP,0,,,a,
ASN00092045,19820221,PRCP,52,,,a,
ASN00092045,19820222,PRCP,0,,,a,
ASN00092045,19820223,PRCP,0,,,a,
ASN00092045,19820224,PRCP,6,,,a,
ASN00092045,19820225,PRCP,0,,,a,
ASN00092045,19820226,PRCP,24,,,a,
ASN00092045,19820227,PRCP,78,,,a,
ASN00092045,19820228,PRCP,0,,,a,
ASN00092045,19820201,TAVG,163,H,,S,
ASN00092045,19820202,TAVG,176,H,,S,
ASN00092045,19820203,TAVG,176,H,,S,
ASN00092045,19820204,TAVG,172,H,,S,
ASN00092045,19820205,TAVG,168,H,,S,
ASN00092045,19820206,TAVG,193,H,,S,
ASN00092045,19820207,TAVG,188,H,,S,
ASN00092045,19820208,TAVG,188,H,,S,
ASN00092045,19820209,TAVG,181,H,,S,
ASN00092045,19820210,TAVG,181,H,,S,
ASN00092045,19820211,TAVG,186,H,,S,
ASN00092045,19820212,TAVG,175,H,,S,
ASN00092045,19820213,TAVG,194,H,,S,
ASN00092045,19820214,TAVG,201,H,,S,
ASN00092045,19820215,TAVG,211,H,,S,
ASN00092045,19820216,TAVG,196,H,,S,
ASN00092045,19820217,TAVG,168,H,,S,
ASN00092045,19820218,TAVG,152,H,,S,
ASN00092045,19820219,TAVG,171,H,,S,
ASN00092045,19820220,TAVG,176,H,,S,
ASN00092045,19820221,TAVG,173,H,,S,
ASN00092045,19820222,TAVG,180,H,,S,
ASN00092045,19820223,TAVG,180,H,,S,
ASN00092045,19820224,TAVG,157,H,,S,
ASN00092045,19820225,TAVG,166,H,,S,
ASN00092045,19820226,TAVG,121,H,,S,
ASN00092045,19820227,TAVG,156,H,,S,
ASN00092045,19820228,TAVG,169,H,,S,
ASN00092045,19820301,TMAX,210,,,a,
ASN00092045,19820302,TMAX,170,,,a,
ASN00092045,19820303,TMAX,197,,,a,
ASN00092045,19820304,TMAX,220,,,a,
ASN00092045,19820305,TMAX,230,,,a,
ASN00092045,19820306,TMAX,200,,,a,
ASN00092045,19820307,TMAX,236,,,a,
ASN00092045,19820308,TMAX,231,,,a,
ASN00092045,19820309,TMAX,182,,,a,
ASN00092045,19820310,TMAX,180,,,a,
ASN00092045,19820311,TMAX,190,,,a,
ASN00092045,19820312,TMAX,194,,,a,
ASN00092045,19820313,TMAX,194,,,a,
ASN00092045,19820314,TMAX,195,,,a,
ASN00092045,19820315,TMAX,200,,,a,
ASN00092045,19820316,TMAX,212,,,a,
ASN00092045,19820317,TMAX,201,,,a,
ASN00092045,19820318,TMAX,177,,,a,
ASN00092045,19820319,TMAX,195,,,a,
ASN00092045,19820320,TMAX,210,,,a,
ASN00092045,19820321,TMAX,205,,,a,
ASN00092045,19820322,TMAX,215,,,a,
ASN00092045,19820323,TMAX,215,,,a,
ASN00092045,19820324,TMAX,187,,,a,
ASN00092045,19820325,TMAX,177,,,a,
ASN00092045,19820326,TMAX,190,,,a,
ASN00092045,19820327,TMAX,195,,,a,
ASN00092045,19820328,TMAX,162,,,a,
ASN00092045,19820329,TMAX,175,,,a,
ASN00092045,19820330,TMAX,178,,,a,
ASN00092045,19820331,TMAX,206,,,a,
ASN00092045,19820301,TMIN,137,,,a,
ASN00092045,19820302,TMIN,96,,,a,
ASN00092045,19820303,TMIN,110,,,a,
ASN00092045,19820304,TMIN,154,,,a,
ASN00092045,19820305,TMIN,150,,,a,
ASN00092045,19820306,TMIN,161,,,a,
ASN00092045,19820307,TMIN,160,,,a,
ASN00092045,19820308,TMIN,170,,,a,
ASN00092045,19820309,TMIN,62,,,a,
ASN00092045,19820310,TMIN,98,,,a,
ASN00092045,19820311,TMIN,115,,,a,
ASN00092045,19820312,TMIN,132,,,a,
ASN00092045,19820313,TMIN,163,,,a,
ASN00092045,19820314,TMIN,165,,,a,
ASN00092045,19820315,TMIN,175,,,a,
ASN00092045,19820316,TMIN,165,,,a,
ASN00092045,19820317,TMIN,160,,,a,
ASN00092045,19820318,TMIN,145,,,a,
ASN00092045,19820319,TMIN,140,,,a,
ASN00092045,19820320,TMIN,150,,,a,
ASN00092045,19820321,TMIN,164,,,a,
ASN00092045,19820322,TMIN,176,,,a,
ASN00092045,19820323,TMIN,166,,,a,
ASN00092045,19820324,TMIN,148,,,a,
ASN00092045,19820325,TMIN,150,,,a,
ASN00092045,19820326,TMIN,156,,,a,
ASN00092045,19820327,TMIN,167,,,a,
ASN00092045,19820328,TMIN,152,,,a,
ASN00092045,19820329,TMIN,132,,,a,
ASN00092045,19820330,TMIN,138,,,a,
ASN00092045,19820331,TMIN,134,,,a,
ASN00092045,19820301,PRCP,12,,,a,
ASN00092045,19820302,PRCP,0,,,a,
ASN00092045,19820303,PRCP,0,,,a,
ASN00092045,19820304,PRCP,0,,,a,
ASN00092045,19820305,PRCP,4,,,a,
ASN00092045,19820306,PRCP,2,,,a,
ASN00092045,19820307,PRCP,44,,,a,
ASN00092045,19820308,PRCP,0,,,a,
ASN00092045,19820309,PRCP,64,,,a,
ASN00092045,19820310,PRCP,0,,,a,
ASN00092045,19820311,PRCP,154,,,a,
ASN00092045,19820312,PRCP,0,,,a,
ASN00092045,19820313,PRCP,0,,,a,
ASN00092045,19820314,PRCP,0,,,a,
ASN00092045,19820315,PRCP,0,,,a,
ASN00092045,19820316,PRCP,0,,,a,
ASN00092045,19820317,PRCP,50,,,a,
ASN00092045,19820318,PRCP,0,,,a,
ASN00092045,19820319,PRCP,0,,,a,
ASN00092045,19820320,PRCP,0,,,a,
ASN00092045,19820321,PRCP,0,,,a,
ASN00092045,19820322,PRCP,4,,,a,
ASN00092045,19820323,PRCP,48,,,a,
ASN00092045,19820324,PRCP,16,,,a,
ASN00092045,19820325,PRCP,0,,,a,
ASN00092045,19820326,PRCP,61,,,a,
ASN00092045,19820327,PRCP,20,,,a,
ASN00092045,19820328,PRCP,152,,,a,
ASN00092045,19820329,PRCP,66,,,a,
ASN00092045,19820330,PRCP,26,,,a,
ASN00092045,19820331,PRCP,0,,,a,
ASN00092045,19820301,TAVG,149,H,,S,
ASN00092045,19820302,TAVG,141,H,,S,
ASN00092045,19820303,TAVG,172,H,,S,
ASN00092045,19820304,TAVG,181,H,,S,
ASN00092045,19820305,TAVG,179,H,,S,
ASN00092045,19820306,TAVG,181,H,,S,
ASN00092045,19820307,TAVG,190,H,,S,
ASN00092045,19820308,TAVG,146,H,,S,
ASN00092045,19820309,TAVG,157,H,,S,
ASN00092045,19820310,TAVG,146,H,,S,
ASN00092045,19820311,TAVG,161,H,,S,
ASN00092045,19820312,TAVG,174,H,,S,
ASN00092045,19820313,TAVG,174,H,,S,
ASN00092045,19820314,TAVG,183,H,,S,
ASN00092045,19820315,TAVG,183,H,,S,
ASN00092045,19820316,TAVG,173,H,,S,
ASN00092045,19820317,TAVG,164,H,,S,
ASN00092045,19820318,TAVG,152,H,,S,
ASN00092045,19820319,TAVG,172,H,,S,
ASN00092045,19820320,TAVG,189,H,,S,
ASN00092045,19820321,TAVG,188,H,,S,
ASN00092045,19820322,TAVG,189,H,,S,
ASN00092045,19820323,TAVG,160,H,,S,
ASN00092045,19820324,TAVG,164,H,,S,
ASN00092045,19820325,TAVG,166,H,,S,
ASN00092045,19820326,TAVG,180,H,,S,
ASN00092045,19820327,TAVG,169,H,,S,
ASN00092045,19820328,TAVG,146,H,,S,
ASN00092045,19820329,TAVG,151,H,,S,
ASN00092045,19820330,TAVG,157,H,,S,
ASN00092045,19820331,TAVG,156,H,,S,
ASN00092045,19820401,TMAX,185,,,a,
ASN00092045,19820402,TMAX,205,,,a,
ASN00092045,19820403,TMAX,167,,,a,
ASN00092045,19820404,TMAX,176,,,a,
ASN00092045,19820405,TMAX,195,,,a,
ASN00092045,19820406,TMAX,196,,,a,
ASN00092045,19820407,TMAX,210,,,a,
ASN00092045,19820408,TMAX,166,,,a,
ASN00092045,19820409,TMAX,174,,,a,
ASN00092045,19820410,TMAX,195,,,a,
ASN00092045,19820411,TMAX,185,,,a,
ASN00092045,19820412,TMAX,188,,,a,
ASN00092045,19820413,TMAX,188,,,a,
ASN00092045,19820414,TMAX,210,,,a,
ASN00092045,19820415,TMAX,193,,,a,
ASN00092045,19820416,TMAX,160,,,a,
ASN00092045,19820417,TMAX,157,,,a,
ASN00092045,19820418,TMAX,168,,,a,
ASN00092045,19820419,TMAX,175,,,a,
ASN00092045,19820420,TMAX,200,,,a,
ASN00092045,19820421,TMAX,178,,,a,
ASN00092045,19820422,TMAX,182,,,a,
ASN00092045,19820423,TMAX,187,,,a,
ASN00092045,19820424,TMAX,210,,,a,
ASN00092045,19820425,TMAX,170,,,a,
ASN00092045,19820426,TMAX,147,,,a,
ASN00092045,19820427,TMAX,128,,,a,
ASN00092045,19820428,TMAX,145,,,a,
ASN00092045,19820429,TMAX,153,,,a,
ASN00092045,19820430,TMAX,163,,,a,
ASN00092045,19820401,TMIN,132,,,a,
ASN00092045,19820402,TMIN,145,,,a,
ASN00092045,19820403,TMIN,60,,,a,
ASN00092045,19820404,TMIN,74,,,a,
ASN00092045,19820405,TMIN,125,,,a,
ASN00092045,19820406,TMIN,122,,,a,
ASN00092045,19820407,TMIN,132,,,a,
ASN00092045,19820408,TMIN,125,,,a,
ASN00092045,19820409,TMIN,138,,,a,
ASN00092045,19820410,TMIN,135,,,a,
ASN00092045,19820411,TMIN,146,,,a,
ASN00092045,19820412,TMIN,147,,,a,
ASN00092045,19820413,TMIN,145,,,a,
ASN00092045,19820414,TMIN,145,,,a,
ASN00092045,19820415,TMIN,150,,,a,
ASN00092045,19820416,TMIN,115,,,a,
ASN00092045,19820417,TMIN,95,,,a,
ASN00092045,19820418,TMIN,96,,,a,
ASN00092045,19820419,TMIN,109,,,a,
ASN00092045,19820420,TMIN,100,,,a,
ASN00092045,19820421,TMIN,102,,,a,
ASN00092045,19820422,TMIN,100,,,a,
ASN00092045,19820423,TMIN,136,,,a,
ASN00092045,19820424,TMIN,150,,,a,
ASN00092045,19820425,TMIN,125,,,a,
ASN00092045,19820426,TMIN,74,,,a,
ASN00092045,19820427,TMIN,80,,,a,
ASN00092045,19820428,TMIN,83,,,a,
ASN00092045,19820429,TMIN,78,,,a,
ASN00092045,19820430,TMIN,95,,,a,
ASN00092045,19820401,PRCP,0,,,a,
ASN00092045,19820402,PRCP,32,,,a,
ASN00092045,19820403,PRCP,2,,,a,
ASN00092045,19820404,PRCP,0,,,a,
ASN00092045,19820405,PRCP,4,,,a,
ASN00092045,19820406,PRCP,3,,,a,
ASN00092045,19820407,PRCP,0,,,a,
ASN00092045,19820408,PRCP,12,,,a,
ASN00092045,19820409,PRCP,0,,,a,
ASN00092045,19820410,PRCP,0,,,a,
ASN00092045,19820411,PRCP,2,,,a,
ASN00092045,19820412,PRCP,0,,,a,
ASN00092045,19820413,PRCP,0,,,a,
ASN00092045,19820414,PRCP,0,,,a,
ASN00092045,19820415,PRCP,0,,,a,
ASN00092045,19820416,PRCP,112,,,a,
ASN00092045,19820417,PRCP,0,,,a,
ASN00092045,19820418,PRCP,6,,,a,
ASN00092045,19820419,PRCP,0,,,a,
ASN00092045,19820420,PRCP,0,,,a,
ASN00092045,19820421,PRCP,0,,,a,
ASN00092045,19820422,PRCP,0,,,a,
ASN00092045,19820423,PRCP,0,,,a,
ASN00092045,19820424,PRCP,4,,,a,
ASN00092045,19820425,PRCP,66,,,a,
ASN00092045,19820426,PRCP,83,,,a,
ASN00092045,19820427,PRCP,49,,,a,
ASN00092045,19820428,PRCP,4,,,a,
ASN00092045,19820429,PRCP,0,,,a,
ASN00092045,19820430,PRCP,0,,,a,
ASN00092045,19820401,TAVG,177,H,,S,
ASN00092045,19820402,TAVG,144,H,,S,
ASN00092045,19820403,TAVG,128,H,,S,
ASN00092045,19820404,TAVG,150,H,,S,
ASN00092045,19820405,TAVG,165,H,,S,
ASN00092045,19820406,TAVG,160,H,,S,
ASN00092045,19820407,TAVG,146,H,,S,
ASN00092045,19820408,TAVG,151,H,,S,
ASN00092045,19820409,TAVG,157,H,,S,
ASN00092045,19820410,TAVG,162,H,,S,
ASN00092045,19820411,TAVG,167,H,,S,
ASN00092045,19820412,TAVG,164,H,,S,
ASN00092045,19820413,TAVG,169,H,,S,
ASN00092045,19820414,TAVG,181,H,,S,
ASN00092045,19820415,TAVG,154,H,,S,
ASN00092045,19820416,TAVG,138,H,,S,
ASN00092045,19820417,TAVG,122,H,,S,
ASN00092045,19820418,TAVG,137,H,,S,
ASN00092045,19820419,TAVG,143,H,,S,
ASN00092045,19820420,TAVG,149,H,,S,
ASN00092045,19820421,TAVG,139,H,,S,
ASN00092045,19820422,TAVG,154,H,,S,
ASN00092045,19820423,TAVG,169,H,,S,
ASN00092045,19820424,TAVG,161,H,,S,
ASN00092045,19820425,TAVG,122,H,,S,
ASN00092045,19820426,TAVG,109,H,,S,
ASN00092045,19820427,TAVG,107,H,,S,
ASN00092045,19820428,TAVG,128,H,,S,
ASN00092045,19820429,TAVG,127,H,,S,
ASN00092045,19820430,TAVG,130,H,,S,
ASN00092045,19820501,TMAX,164,,,a,
ASN00092045,19820502,TMAX,168,,,a,
ASN00092045,19820503,TMAX,184,,,a,
ASN00092045,19820504,TMAX,195,,,a,
ASN00092045,19820505,TMAX,170,,,a,
ASN00092045,19820506,TMAX,117,,,a,
ASN00092045,19820507,TMAX,145,,,a,
ASN00092045,19820508,TMAX,150,,,a,
ASN00092045,19820509,TMAX,164,,,a,
ASN00092045,19820510,TMAX,160,,,a,
ASN00092045,19820511,TMAX,140,,,a,
ASN00092045,19820512,TMAX,144,,,a,
ASN00092045,19820513,TMAX,145,,,a,
ASN00092045,19820514,TMAX,168,,,a,
ASN00092045,19820515,TMAX,160,,,a,
ASN00092045,19820516,TMAX,156,,,a,
ASN00092045,19820517,TMAX,162,,,a,
ASN00092045,19820518,TMAX,183,,,a,
ASN00092045,19820519,TMAX,143,,,a,
ASN00092045,19820520,TMAX,144,,,a,
ASN00092045,19820521,TMAX,105,,,a,
ASN00092045,19820522,TMAX,104,,,a,
ASN00092045,19820523,TMAX,156,,,a,
ASN00092045,19820524,TMAX,161,,,a,
ASN00092045,19820525,TMAX,151,,,a,
ASN00092045,19820526,TMAX,170,,,a,
ASN00092045,19820527,TMAX,163,,,a,
ASN00092045,19820528,TMAX,175,,,a,
ASN00092045,19820529,TMAX,160,,,a,
ASN00092045,19820530,TMAX,160,,,a,
ASN00092045,19820531,TMAX,130,,,a,
ASN00092045,19820501,TMIN,82,,,a,
ASN00092045,19820502,TMIN,103,,,a,
ASN00092045,19820503,TMIN,125,,,a,
ASN00092045,19820504,TMIN,160,,,a,
ASN00092045,19820505,TMIN,117,,,a,
ASN00092045,19820506,TMIN,65,,,a,
ASN00092045,19820507,TMIN,74,,,a,
ASN00092045,19820508,TMIN,68,,,a,
ASN00092045,19820509,TMIN,95,,,a,
ASN00092045,19820510,TMIN,125,,,a,
ASN00092045,19820511,TMIN,62,,,a,
ASN00092045,19820512,TMIN,87,,,a,
ASN00092045,19820513,TMIN,66,,,a,
ASN00092045,19820514,TMIN,67,,,a,
ASN00092045,19820515,TMIN,80,,,a,
ASN00092045,19820516,TMIN,100,,,a,
ASN00092045,19820517,TMIN,77,,,a,
ASN00092045,19820518,TMIN,114,,,a,
ASN00092045,19820519,TMIN,112,,,a,
ASN00092045,19820520,TMIN,52,,,a,
ASN00092045,19820521,TMIN,30,,,a,
ASN00092045,19820522,TMIN,28,,,a,
ASN00092045,19820523,TMIN,60,,,a,
ASN00092045,19820524,TMIN,85,,,a,
ASN00092045,19820525,TMIN,96,,,a,
ASN00092045,19820526,TMIN,120,,,a,
ASN00092045,19820527,TMIN,120,,,a,
ASN00092045,19820528,TMIN,145,,,a,
ASN00092045,19820529,TMIN,114,,,a,
ASN00092045,19820530,TMIN,116,,,a,
ASN00092045,19820531,TMIN,81,,,a,
ASN00092045,19820501,PRCP,0,,,a,
ASN00092045,19820502,PRCP,0,,,a,
ASN00092045,19820503,PRCP,2,,,a,
ASN00092045,19820504,PRCP,0,,,a,
ASN00092045,19820505,PRCP,46,,,a,
ASN00092045,19820506,PRCP,134,,,a,
ASN00092045,19820507,PRCP,38,,,a,
ASN00092045,19820508,PRCP,0,,,a,
ASN00092045,19820509,PRCP,0,,,a,
ASN00092045,19820510,PRCP,30,,,a,
ASN00092045,19820511,PRCP,68,,,a,
ASN00092045,19820512,PRCP,0,,,a,
ASN00092045,19820513,PRCP,10,,,a,
ASN00092045,19820514,PRCP,0,,,a,
ASN00092045,19820515,PRCP,0,,,a,
ASN00092045,19820516,PRCP,0,,,a,
ASN00092045,19820517,PRCP,0,,,a,
ASN00092045,19820518,PRCP,0,,,a,
ASN00092045,19820519,PRCP,12,,,a,
ASN00092045,19820520,PRCP,87,,,a,
ASN00092045,19820521,PRCP,18,,,a,
ASN00092045,19820522,PRCP,0,,,a,
ASN00092045,19820523,PRCP,0,,,a,
ASN00092045,19820524,PRCP,0,,,a,
ASN00092045,19820525,PRCP,6,,,a,
ASN00092045,19820526,PRCP,0,,,a,
ASN00092045,19820527,PRCP,0,,,a,
ASN00092045,19820528,PRCP,4,,,a,
ASN00092045,19820529,PRCP,0,,,a,
ASN00092045,19820530,PRCP,0,,,a,
ASN00092045,19820531,PRCP,10,,,a,
ASN00092045,19820501,TAVG,131,H,,S,
ASN00092045,19820502,TAVG,154,H,,S,
ASN00092045,19820503,TAVG,168,H,,S,
ASN00092045,19820504,TAVG,151,H,,S,
ASN00092045,19820506,TAVG,95,H,,S,
ASN00092045,19820507,TAVG,87,H,,S,
ASN00092045,19820508,TAVG,139,H,,S,
ASN00092045,19820509,TAVG,136,H,,S,
ASN00092045,19820510,TAVG,105,H,,S,
ASN00092045,19820511,TAVG,107,H,,S,
ASN00092045,19820512,TAVG,107,H,,S,
ASN00092045,19820513,TAVG,114,H,,S,
ASN00092045,19820514,TAVG,113,H,,S,
ASN00092045,19820515,TAVG,127,H,,S,
ASN00092045,19820516,TAVG,119,H,,S,
ASN00092045,19820517,TAVG,149,H,,S,
ASN00092045,19820518,TAVG,155,H,,S,
ASN00092045,19820519,TAVG,97,H,,S,
ASN00092045,19820520,TAVG,98,H,,S,
ASN00092045,19820521,TAVG,58,H,,S,
ASN00092045,19820522,TAVG,94,H,,S,
ASN00092045,19820523,TAVG,116,H,,S,
ASN00092045,19820524,TAVG,126,H,,S,
ASN00092045,19820525,TAVG,138,H,,S,
ASN00092045,19820526,TAVG,145,H,,S,
ASN00092045,19820527,TAVG,151,H,,S,
ASN00092045,19820528,TAVG,146,H,,S,
ASN00092045,19820529,TAVG,140,H,,S,
ASN00092045,19820530,TAVG,121,H,,S,
ASN00092045,19820531,TAVG,107,H,,S,
ASN00092045,19820601,TMAX,139,,,a,
ASN00092045,19820602,TMAX,100,,,a,
ASN00092045,19820603,TMAX,115,,,a,
ASN00092045,19820604,TMAX,130,,,a,
ASN00092045,19820605,TMAX,125,,,a,
ASN00092045,19820606,TMAX,140,,,a,
ASN00092045,19820607,TMAX,135,,,a,
ASN00092045,19820608,TMAX,125,,,a,
ASN00092045,19820609,TMAX,137,,,a,
ASN00092045,19820610,TMAX,150,,,a,
ASN00092045,19820611,TMAX,146,,,a,
ASN00092045,19820612,TMAX,140,,,a,
ASN00092045,19820613,TMAX,138,,,a,
ASN00092045,19820614,TMAX,154,,,a,
ASN00092045,19820615,TMAX,147,,,a,
ASN00092045,19820616,TMAX,145,,,a,
ASN00092045,19820617,TMAX,130,,,a,
ASN00092045,19820618,TMAX,129,,,a,
ASN00092045,19820619,TMAX,135,,,a,
ASN00092045,19820620,TMAX,127,,,a,
ASN00092045,19820621,TMAX,107,,,a,
ASN00092045,19820622,TMAX,145,,,a,
ASN00092045,19820623,TMAX,105,,,a,
ASN00092045,19820624,TMAX,104,,,a,
ASN00092045,19820625,TMAX,125,,,a,
ASN00092045,19820626,TMAX,120,,,a,
ASN00092045,19820627,TMAX,123,,,a,
ASN00092045,19820628,TMAX,135,,,a,
ASN00092045,19820629,TMAX,135,,,a,
ASN00092045,19820630,TMAX,125,,,a,
ASN00092045,19820601,TMIN,59,,,a,
ASN00092045,19820602,TMIN,67,,,a,
ASN00092045,19820603,TMIN,24,,,a,
ASN00092045,19820604,TMIN,52,,,a,
ASN00092045,19820605,TMIN,100,,,a,
ASN00092045,19820606,TMIN,78,,,a,
ASN00092045,19820607,TMIN,92,,,a,
ASN00092045,19820608,TMIN,75,,,a,
ASN00092045,19820609,TMIN,105,,,a,
ASN00092045,19820610,TMIN,113,,,a,
ASN00092045,19820611,TMIN,124,,,a,
ASN00092045,19820612,TMIN,84,,,a,
ASN00092045,19820613,TMIN,90,,,a,
ASN00092045,19820614,TMIN,113,,,a,
ASN00092045,19820615,TMIN,135,,,a,
ASN00092045,19820616,TMIN,98,,,a,
ASN00092045,19820617,TMIN,66,,,a,
ASN00092045,19820618,TMIN,89,,,a,
ASN00092045,19820619,TMIN,60,,,a,
ASN00092045,19820620,TMIN,96,,,a,
ASN00092045,19820621,TMIN,45,,,a,
ASN00092045,19820622,TMIN,37,,,a,
ASN00092045,19820623,TMIN,75,,,a,
ASN00092045,19820624,TMIN,75,,,a,
ASN00092045,19820625,TMIN,75,,,a,
ASN00092045,19820626,TMIN,75,,,a,
ASN00092045,19820627,TMIN,80,,,a,
ASN00092045,19820628,TMIN,39,,,a,
ASN00092045,19820629,TMIN,50,,,a,
ASN00092045,19820630,TMIN,64,,,a,
ASN00092045,19820601,PRCP,0,,,a,
ASN00092045,19820602,PRCP,0,,,a,
ASN00092045,19820603,PRCP,0,,,a,
ASN00092045,19820604,PRCP,0,,,a,
ASN00092045,19820605,PRCP,16,,,a,
ASN00092045,19820606,PRCP,0,,,a,
ASN00092045,19820607,PRCP,0,,,a,
ASN00092045,19820608,PRCP,0,,,a,
ASN00092045,19820609,PRCP,0,,,a,
ASN00092045,19820610,PRCP,14,,,a,
ASN00092045,19820611,PRCP,18,,,a,
ASN00092045,19820612,PRCP,66,,,a,
ASN00092045,19820613,PRCP,2,,,a,
ASN00092045,19820614,PRCP,8,,,a,
ASN00092045,19820615,PRCP,66,,,a,
ASN00092045,19820616,PRCP,206,,,a,
ASN00092045,19820617,PRCP,0,,,a,
ASN00092045,19820618,PRCP,24,,,a,
ASN00092045,19820619,PRCP,4,,,a,
ASN00092045,19820620,PRCP,0,,,a,
ASN00092045,19820621,PRCP,84,,,a,
ASN00092045,19820622,PRCP,24,,,a,
ASN00092045,19820623,PRCP,0,,,a,
ASN00092045,19820624,PRCP,0,,,a,
ASN00092045,19820625,PRCP,0,,,a,
ASN00092045,19820626,PRCP,9,,,a,
ASN00092045,19820627,PRCP,0,,,a,
ASN00092045,19820628,PRCP,100,,,a,
ASN00092045,19820629,PRCP,0,,,a,
ASN00092045,19820630,PRCP,0,,,a,
ASN00092045,19820601,TAVG,112,H,,S,
ASN00092045,19820602,TAVG,68,H,,S,
ASN00092045,19820603,TAVG,95,H,,S,
ASN00092045,19820604,TAVG,110,H,,S,
ASN00092045,19820605,TAVG,101,H,,S,
ASN00092045,19820606,TAVG,111,H,,S,
ASN00092045,19820607,TAVG,107,H,,S,
ASN00092045,19820608,TAVG,118,H,,S,
ASN00092045,19820609,TAVG,127,H,,S,
ASN00092045,19820610,TAVG,137,H,,S,
ASN00092045,19820611,TAVG,112,H,,S,
ASN00092045,19820612,TAVG,118,H,,S,
ASN00092045,19820613,TAVG,134,H,,S,
ASN00092045,19820614,TAVG,141,H,,S,
ASN00092045,19820615,TAVG,121,H,,S,
ASN00092045,19820616,TAVG,111,H,,S,
ASN00092045,19820617,TAVG,117,H,,S,
ASN00092045,19820618,TAVG,93,H,,S,
ASN00092045,19820619,TAVG,126,H,,S,
ASN00092045,19820620,TAVG,79,H,,S,
ASN00092045,19820621,TAVG,76,H,,S,
ASN00092045,19820622,TAVG,111,H,,S,
ASN00092045,19820623,TAVG,88,H,,S,
ASN00092045,19820624,TAVG,92,H,,S,
ASN00092045,19820625,TAVG,101,H,,S,
ASN00092045,19820626,TAVG,104,H,,S,
ASN00092045,19820627,TAVG,66,H,,S,
ASN00092045,19820628,TAVG,81,H,,S,
ASN00092045,19820629,TAVG,101,H,,S,
ASN00092045,19820630,TAVG,98,H,,S,
ASN00092045,19820701,TMAX,122,,,a,
ASN00092045,19820702,TMAX,130,,,a,
ASN00092045,19820703,TMAX,135,,,a,
ASN00092045,19820704,TMAX,145,,,a,
ASN00092045,19820705,TMAX,129,,,a,
ASN00092045,19820706,TMAX,115,,,a,
ASN00092045,19820707,TMAX,121,,,a,
ASN00092045,19820708,TMAX,121,,,a,
ASN00092045,19820709,TMAX,130,,,a,
ASN00092045,19820710,TMAX,130,,,a,
ASN00092045,19820711,TMAX,140,,,a,
ASN00092045,19820712,TMAX,135,,,a,
ASN00092045,19820713,TMAX,107,,,a,
ASN00092045,19820714,TMAX,105,,,a,
ASN00092045,19820715,TMAX,100,,,a,
ASN00092045,19820716,TMAX,110,,,a,
ASN00092045,19820717,TMAX,115,,,a,
ASN00092045,19820718,TMAX,94,,,a,
ASN00092045,19820719,TMAX,97,,,a,
ASN00092045,19820720,TMAX,103,,,a,
ASN00092045,19820721,TMAX,103,,,a,
ASN00092045,19820722,TMAX,125,,,a,
ASN00092045,19820723,TMAX,120,,,a,
ASN00092045,19820724,TMAX,145,,,a,
ASN00092045,19820725,TMAX,143,,,a,
ASN00092045,19820726,TMAX,117,,,a,
ASN00092045,19820727,TMAX,132,,,a,
ASN00092045,19820728,TMAX,120,,,a,
ASN00092045,19820729,TMAX,114,,,a,
ASN00092045,19820730,TMAX,114,,,a,
ASN00092045,19820731,TMAX,124,,,a,
ASN00092045,19820701,TMIN,80,,,a,
ASN00092045,19820702,TMIN,90,,,a,
ASN00092045,19820703,TMIN,105,,,a,
ASN00092045,19820704,TMIN,115,,,a,
ASN00092045,19820705,TMIN,100,,,a,
ASN00092045,19820706,TMIN,52,,,a,
ASN00092045,19820707,TMIN,66,,,a,
ASN00092045,19820708,TMIN,89,,,a,
ASN00092045,19820709,TMIN,86,,,a,
ASN00092045,19820710,TMIN,73,,,a,
ASN00092045,19820711,TMIN,75,,,a,
ASN00092045,19820712,TMIN,90,,,a,
ASN00092045,19820713,TMIN,45,,,a,
ASN00092045,19820714,TMIN,37,,,a,
ASN00092045,19820715,TMIN,35,,,a,
ASN00092045,19820716,TMIN,40,,,a,
ASN00092045,19820717,TMIN,14,,,a,
ASN00092045,19820718,TMIN,45,,,a,
ASN00092045,19820719,TMIN,45,,,a,
ASN00092045,19820720,TMIN,36,,,a,
ASN00092045,19820721,TMIN,20,,,a,
ASN00092045,19820722,TMIN,50,,,a,
ASN00092045,19820723,TMIN,45,,,a,
ASN00092045,19820724,TMIN,67,,,a,
ASN00092045,19820725,TMIN,65,,,a,
ASN00092045,19820726,TMIN,85,,,a,
ASN00092045,19820727,TMIN,43,,,a,
ASN00092045,19820728,TMIN,65,,,a,
ASN00092045,19820729,TMIN,80,,,a,
ASN00092045,19820730,TMIN,39,,,a,
ASN00092045,19820731,TMIN,23,,,a,
ASN00092045,19820701,PRCP,2,,,a,
ASN00092045,19820702,PRCP,6,,,a,
ASN00092045,19820703,PRCP,18,,,a,
ASN00092045,19820704,PRCP,158,,,a,
ASN00092045,19820705,PRCP,398,,,a,
ASN00092045,19820706,PRCP,20,,,a,
ASN00092045,19820707,PRCP,6,,,a,
ASN00092045,19820708,PRCP,46,,,a,
ASN00092045,19820709,PRCP,6,,,a,
ASN00092045,19820710,PRCP,4,,,a,
ASN00092045,19820711,PRCP,0,,,a,
ASN00092045,19820712,PRCP,0,,,a,
ASN00092045,19820713,PRCP,0,,,a,
ASN00092045,19820714,PRCP,0,,,a,
ASN00092045,19820715,PRCP,0,,,a,
ASN00092045,19820716,PRCP,0,,,a,
ASN00092045,19820717,PRCP,0,,,a,
ASN00092045,19820718,PRCP,0,,,a,
ASN00092045,19820719,PRCP,4,,,a,
ASN00092045,19820720,PRCP,0,,,a,
ASN00092045,19820721,PRCP,0,,,a,
ASN00092045,19820722,PRCP,0,,,a,
ASN00092045,19820723,PRCP,14,,,a,
ASN00092045,19820724,PRCP,2,,,a,
ASN00092045,19820725,PRCP,0,,,a,
ASN00092045,19820726,PRCP,0,,,a,
ASN00092045,19820727,PRCP,0,,,a,
ASN00092045,19820728,PRCP,0,,,a,
ASN00092045,19820729,PRCP,26,,,a,
ASN00092045,19820730,PRCP,0,,,a,
ASN00092045,19820731,PRCP,0,,,a,
ASN00092045,19820701,TAVG,104,H,,S,
ASN00092045,19820702,TAVG,122,H,,S,
ASN00092045,19820703,TAVG,124,H,,S,
ASN00092045,19820704,TAVG,116,H,,S,
ASN00092045,19820705,TAVG,99,H,,S,
ASN00092045,19820706,TAVG,90,H,,S,
ASN00092045,19820707,TAVG,106,H,,S,
ASN00092045,19820708,TAVG,103,H,,S,
ASN00092045,19820709,TAVG,102,H,,S,
ASN00092045,19820710,TAVG,101,H,,S,
ASN00092045,19820711,TAVG,112,H,,S,
ASN00092045,19820712,TAVG,94,H,,S,
ASN00092045,19820713,TAVG,79,H,,S,
ASN00092045,19820714,TAVG,67,H,,S,
ASN00092045,19820715,TAVG,64,H,,S,
ASN00092045,19820716,TAVG,79,H,,S,
ASN00092045,19820717,TAVG,86,H,,S,
ASN00092045,19820718,TAVG,66,H,,S,
ASN00092045,19820719,TAVG,77,H,,S,
ASN00092045,19820720,TAVG,60,H,,S,
ASN00092045,19820721,TAVG,75,H,,S,
ASN00092045,19820722,TAVG,79,H,,S,
ASN00092045,19820723,TAVG,104,H,,S,
ASN00092045,19820724,TAVG,100,H,,S,
ASN00092045,19820725,TAVG,116,H,,S,
ASN00092045,19820726,TAVG,82,H,,S,
ASN00092045,19820727,TAVG,99,H,,S,
ASN00092045,19820728,TAVG,104,H,,S,
ASN00092045,19820729,TAVG,77,H,,S,
ASN00092045,19820730,TAVG,80,H,,S,
ASN00092045,19820731,TAVG,102,H,,S,
ASN00092045,19820801,TMAX,155,,,a,
ASN00092045,19820802,TMAX,140,,,a,
ASN00092045,19820803,TMAX,131,,,a,
ASN00092045,19820804,TMAX,136,,,a,
ASN00092045,19820805,TMAX,128,,,a,
ASN00092045,19820806,TMAX,160,,,a,
ASN00092045,19820807,TMAX,176,,,a,
ASN00092045,19820808,TMAX,137,,,a,
ASN00092045,19820809,TMAX,152,,,a,
ASN00092045,19820810,TMAX,135,,,a,
ASN00092045,19820811,TMAX,142,,,a,
ASN00092045,19820812,TMAX,145,,,a,
ASN00092045,19820813,TMAX,126,,,a,
ASN00092045,19820814,TMAX,130,,,a,
ASN00092045,19820815,TMAX,143,,,a,
ASN00092045,19820816,TMAX,141,,,a,
ASN00092045,19820817,TMAX,134,,,a,
ASN00092045,19820818,TMAX,141,,,a,
ASN00092045,19820819,TMAX,158,,,a,
ASN00092045,19820820,TMAX,170,,,a,
ASN00092045,19820821,TMAX,151,,,a,
ASN00092045,19820822,TMAX,162,,,a,
ASN00092045,19820823,TMAX,155,,,a,
ASN00092045,19820824,TMAX,174,,,a,
ASN00092045,19820825,TMAX,140,,,a,
ASN00092045,19820826,TMAX,147,,,a,
ASN00092045,19820827,TMAX,136,,,a,
ASN00092045,19820828,TMAX,163,,,a,
ASN00092045,19820829,TMAX,191,,,a,
ASN00092045,19820830,TMAX,158,,,a,
ASN00092045,19820831,TMAX,126,,,a,
ASN00092045,19820801,TMIN,72,,,a,
ASN00092045,19820802,TMIN,99,,,a,
ASN00092045,19820803,TMIN,105,,,a,
ASN00092045,19820804,TMIN,60,,,a,
ASN00092045,19820805,TMIN,60,,,a,
ASN00092045,19820806,TMIN,70,,,a,
ASN00092045,19820807,TMIN,62,,,a,
ASN00092045,19820808,TMIN,80,,,a,
ASN00092045,19820809,TMIN,80,,,a,
ASN00092045,19820810,TMIN,107,,,a,
ASN00092045,19820811,TMIN,102,,,a,
ASN00092045,19820812,TMIN,97,,,a,
ASN00092045,19820813,TMIN,80,,,a,
ASN00092045,19820814,TMIN,73,,,a,
ASN00092045,19820815,TMIN,82,,,a,
ASN00092045,19820816,TMIN,60,,,a,
ASN00092045,19820817,TMIN,61,,,a,
ASN00092045,19820818,TMIN,76,,,a,
ASN00092045,19820819,TMIN,65,,,a,
ASN00092045,19820820,TMIN,94,,,a,
ASN00092045,19820821,TMIN,107,,,a,
ASN00092045,19820822,TMIN,86,,,a,
ASN00092045,19820823,TMIN,86,,,a,
ASN00092045,19820824,TMIN,90,,,a,
ASN00092045,19820825,TMIN,78,,,a,
ASN00092045,19820826,TMIN,70,,,a,
ASN00092045,19820827,TMIN,100,,,a,
ASN00092045,19820828,TMIN,101,,,a,
ASN00092045,19820829,TMIN,90,,,a,
ASN00092045,19820830,TMIN,102,,,a,
ASN00092045,19820831,TMIN,46,,,a,
ASN00092045,19820801,PRCP,0,,,a,
ASN00092045,19820802,PRCP,0,,,a,
ASN00092045,19820803,PRCP,10,,,a,
ASN00092045,19820804,PRCP,12,,,a,
ASN00092045,19820805,PRCP,0,,,a,
ASN00092045,19820806,PRCP,0,,,a,
ASN00092045,19820807,PRCP,0,,,a,
ASN00092045,19820808,PRCP,0,,,a,
ASN00092045,19820809,PRCP,0,,,a,
ASN00092045,19820810,PRCP,0,,,a,
ASN00092045,19820811,PRCP,0,,,a,
ASN00092045,19820812,PRCP,66,,,a,
ASN00092045,19820813,PRCP,10,,,a,
ASN00092045,19820814,PRCP,0,,,a,
ASN00092045,19820815,PRCP,18,,,a,
ASN00092045,19820816,PRCP,0,,,a,
ASN00092045,19820817,PRCP,0,,,a,
ASN00092045,19820818,PRCP,0,,,a,
ASN00092045,19820819,PRCP,0,,,a,
ASN00092045,19820820,PRCP,0,,,a,
ASN00092045,19820821,PRCP,0,,,a,
ASN00092045,19820822,PRCP,4,,,a,
ASN00092045,19820823,PRCP,0,,,a,
ASN00092045,19820824,PRCP,0,,,a,
ASN00092045,19820825,PRCP,0,,,a,
ASN00092045,19820826,PRCP,0,,,a,
ASN00092045,19820827,PRCP,0,,,a,
ASN00092045,19820828,PRCP,0,,,a,
ASN00092045,19820829,PRCP,0,,,a,
ASN00092045,19820830,PRCP,0,,,a,
ASN00092045,19820831,PRCP,0,,,a,
ASN00092045,19820801,TAVG,124,H,,S,
ASN00092045,19820802,TAVG,126,H,,S,
ASN00092045,19820803,TAVG,83,H,,S,
ASN00092045,19820804,TAVG,103,H,,S,
ASN00092045,19820805,TAVG,97,H,,S,
ASN00092045,19820806,TAVG,120,H,,S,
ASN00092045,19820807,TAVG,122,H,,S,
ASN00092045,19820808,TAVG,107,H,,S,
ASN00092045,19820809,TAVG,128,H,,S,
ASN00092045,19820810,TAVG,119,H,,S,
ASN00092045,19820811,TAVG,115,H,,S,
ASN00092045,19820812,TAVG,106,H,,S,
ASN00092045,19820813,TAVG,106,H,,S,
ASN00092045,19820814,TAVG,107,H,,S,
ASN00092045,19820815,TAVG,103,H,,S,
ASN00092045,19820816,TAVG,98,H,,S,
ASN00092045,19820817,TAVG,109,H,,S,
ASN00092045,19820818,TAVG,100,H,,S,
ASN00092045,19820819,TAVG,113,H,,S,
ASN00092045,19820820,TAVG,129,H,,S,
ASN00092045,19820821,TAVG,117,H,,S,
ASN00092045,19820822,TAVG,118,H,,S,
ASN00092045,19820823,TAVG,128,H,,S,
ASN00092045,19820825,TAVG,113,H,,S,
ASN00092045,19820826,TAVG,122,H,,S,
ASN00092045,19820828,TAVG,124,H,,S,
ASN00092045,19820830,TAVG,122,H,,S,
ASN00092045,19820901,TMAX,132,,,a,
ASN00092045,19820902,TMAX,154,,,a,
ASN00092045,19820903,TMAX,107,,,a,
ASN00092045,19820904,TMAX,146,,,a,
ASN00092045,19820905,TMAX,136,,,a,
ASN00092045,19820906,TMAX,112,,,a,
ASN00092045,19820907,TMAX,150,,,a,
ASN00092045,19820908,TMAX,140,,,a,
ASN00092045,19820909,TMAX,110,,,a,
ASN00092045,19820910,TMAX,136,,,a,
ASN00092045,19820911,TMAX,132,,,a,
ASN00092045,19820912,TMAX,128,,,a,
ASN00092045,19820913,TMAX,132,,,a,
ASN00092045,19820914,TMAX,132,,,a,
ASN00092045,19820915,TMAX,141,,,a,
ASN00092045,19820916,TMAX,146,,,a,
ASN00092045,19820917,TMAX,162,,,a,
ASN00092045,19820918,TMAX,132,,,a,
ASN00092045,19820919,TMAX,142,,,a,
ASN00092045,19820920,TMAX,135,,,a,
ASN00092045,19820921,TMAX,145,,,a,
ASN00092045,19820922,TMAX,145,,,a,
ASN00092045,19820923,TMAX,155,,,a,
ASN00092045,19820924,TMAX,175,,,a,
ASN00092045,19820925,TMAX,155,,,a,
ASN00092045,19820926,TMAX,150,,,a,
ASN00092045,19820927,TMAX,135,,,a,
ASN00092045,19820928,TMAX,145,,,a,
ASN00092045,19820929,TMAX,105,,,a,
ASN00092045,19820930,TMAX,140,,,a,
ASN00092045,19820901,TMIN,80,,,a,
ASN00092045,19820902,TMIN,102,,,a,
ASN00092045,19820903,TMIN,94,,,a,
ASN00092045,19820904,TMIN,43,,,a,
ASN00092045,19820905,TMIN,86,,,a,
ASN00092045,19820906,TMIN,80,,,a,
ASN00092045,19820907,TMIN,34,,,a,
ASN00092045,19820908,TMIN,110,,,a,
ASN00092045,19820909,TMIN,55,,,a,
ASN00092045,19820910,TMIN,26,,,a,
ASN00092045,19820911,TMIN,52,,,a,
ASN00092045,19820912,TMIN,65,,,a,
ASN00092045,19820913,TMIN,50,,,a,
ASN00092045,19820914,TMIN,56,,,a,
ASN00092045,19820915,TMIN,86,,,a,
ASN00092045,19820916,TMIN,114,,,a,
ASN00092045,19820917,TMIN,111,,,a,
ASN00092045,19820918,TMIN,82,,,a,
ASN00092045,19820919,TMIN,48,,,a,
ASN00092045,19820920,TMIN,62,,,a,
ASN00092045,19820921,TMIN,70,,,a,
ASN00092045,19820922,TMIN,64,,,a,
ASN00092045,19820923,TMIN,68,,,a,
ASN00092045,19820924,TMIN,77,,,a,
ASN00092045,19820925,TMIN,110,,,a,
ASN00092045,19820926,TMIN,102,,,a,
ASN00092045,19820927,TMIN,90,,,a,
ASN00092045,19820928,TMIN,88,,,a,
ASN00092045,19820929,TMIN,81,,,a,
ASN00092045,19820930,TMIN,35,,,a,
ASN00092045,19820901,PRCP,0,,,a,
ASN00092045,19820902,PRCP,12,,,a,
ASN00092045,19820903,PRCP,52,,,a,
ASN00092045,19820904,PRCP,92,,,a,
ASN00092045,19820905,PRCP,0,,,a,
ASN00092045,19820906,PRCP,16,,,a,
ASN00092045,19820907,PRCP,122,,,a,
ASN00092045,19820908,PRCP,12,,,a,
ASN00092045,19820909,PRCP,72,,,a,
ASN00092045,19820910,PRCP,70,,,a,
ASN00092045,19820911,PRCP,16,,,a,
ASN00092045,19820912,PRCP,0,,,a,
ASN00092045,19820913,PRCP,0,,,a,
ASN00092045,19820914,PRCP,0,,,a,
ASN00092045,19820915,PRCP,0,,,a,
ASN00092045,19820916,PRCP,0,,,a,
ASN00092045,19820917,PRCP,96,,,a,
ASN00092045,19820918,PRCP,16,,,a,
ASN00092045,19820919,PRCP,4,,,a,
ASN00092045,19820920,PRCP,68,,,a,
ASN00092045,19820921,PRCP,0,,,a,
ASN00092045,19820922,PRCP,0,,,a,
ASN00092045,19820923,PRCP,4,,,a,
ASN00092045,19820924,PRCP,0,,,a,
ASN00092045,19820925,PRCP,0,,,a,
ASN00092045,19820926,PRCP,4,,,a,
ASN00092045,19820927,PRCP,0,,,a,
ASN00092045,19820928,PRCP,0,,,a,
ASN00092045,19820929,PRCP,42,,,a,
ASN00092045,19820930,PRCP,0,,,a,
ASN00092045,19820901,TAVG,120,H,,S,
ASN00092045,19820903,TAVG,86,H,,S,
ASN00092045,19820904,TAVG,115,H,,S,
ASN00092045,19820905,TAVG,108,H,,S,
ASN00092045,19820907,TAVG,131,H,,S,
ASN00092045,19820909,TAVG,77,H,,S,
ASN00092045,19820910,TAVG,97,H,,S,
ASN00092045,19820911,TAVG,94,H,,S,
ASN00092045,19820912,TAVG,102,H,,S,
ASN00092045,19820915,TAVG,124,H,,S,
ASN00092045,19820916,TAVG,133,H,,S,
ASN00092045,19820917,TAVG,118,H,,S,
ASN00092045,19820918,TAVG,85,H,,S,
ASN00092045,19820919,TAVG,98,H,,S,
ASN00092045,19820920,TAVG,107,H,,S,
ASN00092045,19820921,TAVG,108,H,,S,
ASN00092045,19820922,TAVG,108,H,,S,
ASN00092045,19820923,TAVG,114,H,,S,
ASN00092045,19820925,TAVG,122,H,,S,
ASN00092045,19821001,TMAX,178,,,a,
ASN00092045,19821002,TMAX,158,,,a,
ASN00092045,19821003,TMAX,190,,,a,
ASN00092045,19821004,TMAX,140,,,a,
ASN00092045,19821005,TMAX,136,,,a,
ASN00092045,19821006,TMAX,145,,,a,
ASN00092045,19821007,TMAX,185,,,a,
ASN00092045,19821008,TMAX,170,,,a,
ASN00092045,19821009,TMAX,144,,,a,
ASN00092045,19821010,TMAX,180,,,a,
ASN00092045,19821011,TMAX,166,,,a,
ASN00092045,19821012,TMAX,210,,,a,
ASN00092045,19821013,TMAX,183,,,a,
ASN00092045,19821014,TMAX,155,,,a,
ASN00092045,19821015,TMAX,145,,,a,
ASN00092045,19821016,TMAX,132,,,a,
ASN00092045,19821017,TMAX,154,,,a,
ASN00092045,19821018,TMAX,150,,,a,
ASN00092045,19821019,TMAX,154,,,a,
ASN00092045,19821020,TMAX,155,,,a,
ASN00092045,19821021,TMAX,145,,,a,
ASN00092045,19821022,TMAX,197,,,a,
ASN00092045,19821023,TMAX,157,,,a,
ASN00092045,19821024,TMAX,145,,,a,
ASN00092045,19821025,TMAX,158,,,a,
ASN00092045,19821026,TMAX,173,,,a,
ASN00092045,19821027,TMAX,212,,,a,
ASN00092045,19821028,TMAX,180,,,a,
ASN00092045,19821029,TMAX,174,,,a,
ASN00092045,19821030,TMAX,179,,,a,
ASN00092045,19821031,TMAX,157,,,a,
ASN00092045,19821001,TMIN,78,,,a,
ASN00092045,19821002,TMIN,100,,,a,
ASN00092045,19821003,TMIN,106,,,a,
ASN00092045,19821004,TMIN,80,,,a,
ASN00092045,19821005,TMIN,62,,,a,
ASN00092045,19821006,TMIN,72,,,a,
ASN00092045,19821007,TMIN,96,,,a,
ASN00092045,19821008,TMIN,100,,,a,
ASN00092045,19821009,TMIN,90,,,a,
ASN00092045,19821010,TMIN,80,,,a,
ASN00092045,19821011,TMIN,73,,,a,
ASN00092045,19821012,TMIN,100,,,a,
ASN00092045,19821013,TMIN,115,,,a,
ASN00092045,19821014,TMIN,53,,,a,
ASN00092045,19821015,TMIN,45,,,a,
ASN00092045,19821016,TMIN,86,,,a,
ASN00092045,19821017,TMIN,94,,,a,
ASN00092045,19821018,TMIN,77,,,a,
ASN00092045,19821019,TMIN,118,,,a,
ASN00092045,19821020,TMIN,49,,,a,
ASN00092045,19821021,TMIN,56,,,a,
ASN00092045,19821022,TMIN,72,,,a,
ASN00092045,19821023,TMIN,72,,,a,
ASN00092045,19821024,TMIN,107,,,a,
ASN00092045,19821025,TMIN,115,,,a,
ASN00092045,19821026,TMIN,125,,,a,
ASN00092045,19821027,TMIN,143,,,a,
ASN00092045,19821028,TMIN,104,,,a,
ASN00092045,19821029,TMIN,100,,,a,
ASN00092045,19821030,TMIN,120,,,a,
ASN00092045,19821031,TMIN,58,,,a,
ASN00092045,19821001,PRCP,0,,,a,
ASN00092045,19821002,PRCP,0,,,a,
ASN00092045,19821003,PRCP,0,,,a,
ASN00092045,19821004,PRCP,4,,,a,
ASN00092045,19821005,PRCP,0,,,a,
ASN00092045,19821006,PRCP,0,,,a,
ASN00092045,19821007,PRCP,0,,,a,
ASN00092045,19821008,PRCP,0,,,a,
ASN00092045,19821009,PRCP,0,,,a,
ASN00092045,19821010,PRCP,0,,,a,
ASN00092045,19821011,PRCP,0,,,a,
ASN00092045,19821012,PRCP,0,,,a,
ASN00092045,19821013,PRCP,0,,,a,
ASN00092045,19821014,PRCP,20,,,a,
ASN00092045,19821015,PRCP,0,,,a,
ASN00092045,19821016,PRCP,12,,,a,
ASN00092045,19821017,PRCP,0,,,a,
ASN00092045,19821018,PRCP,0,,,a,
ASN00092045,19821019,PRCP,0,,,a,
ASN00092045,19821020,PRCP,8,,,a,
ASN00092045,19821021,PRCP,0,,,a,
ASN00092045,19821022,PRCP,0,,,a,
ASN00092045,19821023,PRCP,6,,,a,
ASN00092045,19821024,PRCP,0,,,a,
ASN00092045,19821025,PRCP,0,,,a,
ASN00092045,19821026,PRCP,0,,,a,
ASN00092045,19821027,PRCP,0,,,a,
ASN00092045,19821028,PRCP,0,,,a,
ASN00092045,19821029,PRCP,0,,,a,
ASN00092045,19821030,PRCP,0,,,a,
ASN00092045,19821031,PRCP,0,,,a,
ASN00092045,19821001,TAVG,118,H,,S,
ASN00092045,19821002,TAVG,137,H,,S,
ASN00092045,19821003,TAVG,127,H,,S,
ASN00092045,19821004,TAVG,109,H,,S,
ASN00092045,19821005,TAVG,110,H,,S,
ASN00092045,19821006,TAVG,130,H,,S,
ASN00092045,19821008,TAVG,119,H,,S,
ASN00092045,19821009,TAVG,113,H,,S,
ASN00092045,19821010,TAVG,121,H,,S,
ASN00092045,19821011,TAVG,128,H,,S,
ASN00092045,19821012,TAVG,131,H,,S,
ASN00092045,19821013,TAVG,124,H,,S,
ASN00092045,19821014,TAVG,95,H,,S,
ASN00092045,19821015,TAVG,108,H,,S,
ASN00092045,19821016,TAVG,107,H,,S,
ASN00092045,19821017,TAVG,118,H,,S,
ASN00092045,19821018,TAVG,133,H,,S,
ASN00092045,19821019,TAVG,99,H,,S,
ASN00092045,19821020,TAVG,107,H,,S,
ASN00092045,19821021,TAVG,106,H,,S,
ASN00092045,19821023,TAVG,119,H,,S,
ASN00092045,19821024,TAVG,122,H,,S,
ASN00092045,19821025,TAVG,138,H,,S,
ASN00092045,19821026,TAVG,149,H,,S,
ASN00092045,19821027,TAVG,127,H,,S,
ASN00092045,19821028,TAVG,132,H,,S,
ASN00092045,19821029,TAVG,147,H,,S,
ASN00092045,19821030,TAVG,111,H,,S,
ASN00092045,19821031,TAVG,121,H,,S,
ASN00092045,19821101,TMAX,162,,,a,
ASN00092045,19821102,TMAX,187,,,a,
ASN00092045,19821103,TMAX,192,,,a,
ASN00092045,19821104,TMAX,238,,,a,
ASN00092045,19821105,TMAX,260,,,a,
ASN00092045,19821106,TMAX,280,,,a,
ASN00092045,19821107,TMAX,196,,,a,
ASN00092045,19821108,TMAX,175,,,a,
ASN00092045,19821109,TMAX,165,,,a,
ASN00092045,19821110,TMAX,180,,,a,
ASN00092045,19821111,TMAX,202,,,a,
ASN00092045,19821112,TMAX,180,,,a,
ASN00092045,19821113,TMAX,228,,,a,
ASN00092045,19821114,TMAX,187,,,a,
ASN00092045,19821115,TMAX,210,,,a,
ASN00092045,19821116,TMAX,190,,,a,
ASN00092045,19821117,TMAX,160,,,a,
ASN00092045,19821118,TMAX,172,,,a,
ASN00092045,19821119,TMAX,190,,,a,
ASN00092045,19821120,TMAX,192,,,a,
ASN00092045,19821121,TMAX,177,,,a,
ASN00092045,19821122,TMAX,198,,,a,
ASN00092045,19821127,TMAX,197,,,a,
ASN00092045,19821128,TMAX,160,,,a,
ASN00092045,19821129,TMAX,176,,,a,
ASN00092045,19821130,TMAX,186,,,a,
ASN00092045,19821101,TMIN,80,,,a,
ASN00092045,19821102,TMIN,80,,,a,
ASN00092045,19821103,TMIN,83,,,a,
ASN00092045,19821104,TMIN,120,,,a,
ASN00092045,19821105,TMIN,122,,,a,
ASN00092045,19821106,TMIN,145,,,a,
ASN00092045,19821107,TMIN,140,,,a,
ASN00092045,19821108,TMIN,87,,,a,
ASN00092045,19821109,TMIN,105,,,a,
ASN00092045,19821110,TMIN,123,,,a,
ASN00092045,19821111,TMIN,128,,,a,
ASN00092045,19821112,TMIN,95,,,a,
ASN00092045,19821113,TMIN,118,,,a,
ASN00092045,19821114,TMIN,132,,,a,
ASN00092045,19821115,TMIN,132,,,a,
ASN00092045,19821116,TMIN,136,,,a,
ASN00092045,19821117,TMIN,85,,,a,
ASN00092045,19821118,TMIN,65,,,a,
ASN00092045,19821119,TMIN,107,,,a,
ASN00092045,19821120,TMIN,108,,,a,
ASN00092045,19821121,TMIN,118,,,a,
ASN00092045,19821122,TMIN,110,,,a,
ASN00092045,19821123,TMIN,121,,,a,
ASN00092045,19821124,TMIN,143,,,a,
ASN00092045,19821125,TMIN,140,,,a,
ASN00092045,19821126,TMIN,97,,,a,
ASN00092045,19821127,TMIN,85,,,a,
ASN00092045,19821128,TMIN,85,,,a,
ASN00092045,19821129,TMIN,129,,,a,
ASN00092045,19821130,TMIN,134,,,a,
ASN00092045,19821101,PRCP,0,,,a,
ASN00092045,19821102,PRCP,0,,,a,
ASN00092045,19821103,PRCP,0,,,a,
ASN00092045,19821104,PRCP,0,,,a,
ASN00092045,19821105,PRCP,0,,,a,
ASN00092045,19821106,PRCP,0,,,a,
ASN00092045,19821107,PRCP,0,,,a,
ASN00092045,19821108,PRCP,0,,,a,
ASN00092045,19821109,PRCP,0,,,a,
ASN00092045,19821110,PRCP,2,,,a,
ASN00092045,19821111,PRCP,6,,,a,
ASN00092045,19821112,PRCP,0,,,a,
ASN00092045,19821113,PRCP,0,,,a,
ASN00092045,19821114,PRCP,0,,,a,
ASN00092045,19821115,PRCP,0,,,a,
ASN00092045,19821116,PRCP,12,,,a,
ASN00092045,19821117,PRCP,36,,,a,
ASN00092045,19821118,PRCP,30,,,a,
ASN00092045,19821119,PRCP,0,,,a,
ASN00092045,19821120,PRCP,0,,,a,
ASN00092045,19821121,PRCP,0,,,a,
ASN00092045,19821122,PRCP,0,,,a,
ASN00092045,19821123,PRCP,0,,,a,
ASN00092045,19821124,PRCP,0,,,a,
ASN00092045,19821125,PRCP,4,,,a,
ASN00092045,19821126,PRCP,0,,,a,
ASN00092045,19821127,PRCP,0,,,a,
ASN00092045,19821128,PRCP,0,,,a,
ASN00092045,19821129,PRCP,0,,,a,
ASN00092045,19821130,PRCP,0,,,a,
ASN00092045,19821102,TAVG,121,H,,S,
ASN00092045,19821103,TAVG,145,H,,S,
ASN00092045,19821108,TAVG,134,H,,S,
ASN00092045,19821110,TAVG,122,H,,S,
ASN00092045,19821111,TAVG,158,H,,S,
ASN00092045,19821114,TAVG,158,H,,S,
ASN00092045,19821116,TAVG,125,H,,S,
ASN00092045,19821117,TAVG,123,H,,S,
ASN00092045,19821118,TAVG,134,H,,S,
ASN00092045,19821119,TAVG,125,H,,S,
ASN00092045,19821121,TAVG,135,H,,S,
ASN00092045,19821122,TAVG,159,H,,S,
ASN00092045,19821123,TAVG,207,H,,S,
ASN00092045,19821124,TAVG,182,H,,S,
ASN00092045,19821125,TAVG,147,H,,S,
ASN00092045,19821127,TAVG,131,H,,S,
ASN00092045,19821128,TAVG,141,H,,S,
ASN00092045,19821129,TAVG,152,H,,S,
ASN00092045,19821130,TAVG,175,H,,S,
ASN00092045,19821201,TMAX,218,,,a,
ASN00092045,19821202,TMAX,173,,,a,
ASN00092045,19821203,TMAX,200,,,a,
ASN00092045,19821204,TMAX,197,,,a,
ASN00092045,19821205,TMAX,200,,,a,
ASN00092045,19821206,TMAX,175,,,a,
ASN00092045,19821207,TMAX,155,,,a,
ASN00092045,19821208,TMAX,155,,,a,
ASN00092045,19821209,TMAX,132,,,a,
ASN00092045,19821210,TMAX,165,,,a,
ASN00092045,19821211,TMAX,190,,,a,
ASN00092045,19821212,TMAX,176,,,a,
ASN00092045,19821213,TMAX,217,,,a,
ASN00092045,19821214,TMAX,198,,,a,
ASN00092045,19821215,TMAX,242,,,a,
ASN00092045,19821216,TMAX,200,,,a,
ASN00092045,19821217,TMAX,214,,,a,
ASN00092045,19821218,TMAX,202,,,a,
ASN00092045,19821219,TMAX,190,,,a,
ASN00092045,19821220,TMAX,180,,,a,
ASN00092045,19821221,TMAX,174,,,a,
ASN00092045,19821222,TMAX,235,,,a,
ASN00092045,19821223,TMAX,237,,,a,
ASN00092045,19821224,TMAX,183,,,a,
ASN00092045,19821225,TMAX,160,,,a,
ASN00092045,19821226,TMAX,170,,,a,
ASN00092045,19821227,TMAX,175,,,a,
ASN00092045,19821228,TMAX,190,,,a,
ASN00092045,19821229,TMAX,197,,,a,
ASN00092045,19821230,TMAX,230,,,a,
ASN00092045,19821231,TMAX,200,,,a,
ASN00092045,19821201,TMIN,138,,,a,
ASN00092045,19821202,TMIN,60,,,a,
ASN00092045,19821203,TMIN,100,,,a,
ASN00092045,19821204,TMIN,88,,,a,
ASN00092045,19821205,TMIN,105,,,a,
ASN00092045,19821206,TMIN,102,,,a,
ASN00092045,19821207,TMIN,95,,,a,
ASN00092045,19821208,TMIN,110,,,a,
ASN00092045,19821209,TMIN,110,,,a,
ASN00092045,19821210,TMIN,115,,,a,
ASN00092045,19821211,TMIN,128,,,a,
ASN00092045,19821212,TMIN,133,,,a,
ASN00092045,19821213,TMIN,120,,,a,
ASN00092045,19821214,TMIN,150,,,a,
ASN00092045,19821215,TMIN,145,,,a,
ASN00092045,19821216,TMIN,117,,,a,
ASN00092045,19821217,TMIN,145,,,a,
ASN00092045,19821218,TMIN,90,,,a,
ASN00092045,19821219,TMIN,90,,,a,
ASN00092045,19821220,TMIN,105,,,a,
ASN00092045,19821221,TMIN,95,,,a,
ASN00092045,19821222,TMIN,125,,,a,
ASN00092045,19821223,TMIN,145,,,a,
ASN00092045,19821224,TMIN,150,,,a,
ASN00092045,19821225,TMIN,115,,,a,
ASN00092045,19821226,TMIN,116,,,a,
ASN00092045,19821227,TMIN,130,,,a,
ASN00092045,19821228,TMIN,112,,,a,
ASN00092045,19821229,TMIN,150,,,a,
ASN00092045,19821230,TMIN,156,,,a,
ASN00092045,19821231,TMIN,164,,,a,
ASN00092045,19821201,PRCP,2,,,a,
ASN00092045,19821202,PRCP,0,,,a,
ASN00092045,19821203,PRCP,0,,,a,
ASN00092045,19821204,PRCP,0,,,a,
ASN00092045,19821205,PRCP,0,,,a,
ASN00092045,19821206,PRCP,0,,,a,
ASN00092045,19821207,PRCP,0,,,a,
ASN00092045,19821208,PRCP,412,,,a,
ASN00092045,19821209,PRCP,1145,,,a,
ASN00092045,19821210,PRCP,105,,,a,
ASN00092045,19821211,PRCP,0,,,a,
ASN00092045,19821212,PRCP,0,,,a,
ASN00092045,19821213,PRCP,0,,,a,
ASN00092045,19821214,PRCP,0,,,a,
ASN00092045,19821215,PRCP,0,,,a,
ASN00092045,19821216,PRCP,0,,,a,
ASN00092045,19821217,PRCP,0,,,a,
ASN00092045,19821218,PRCP,0,,,a,
ASN00092045,19821219,PRCP,0,,,a,
ASN00092045,19821220,PRCP,0,,,a,
ASN00092045,19821221,PRCP,38,,,a,
ASN00092045,19821222,PRCP,0,,,a,
ASN00092045,19821223,PRCP,0,,,a,
ASN00092045,19821224,PRCP,0,,,a,
ASN00092045,19821225,PRCP,2,,,a,
ASN00092045,19821226,PRCP,0,,,a,
ASN00092045,19821227,PRCP,0,,,a,
ASN00092045,19821228,PRCP,0,,,a,
ASN00092045,19821229,PRCP,0,,,a,
ASN00092045,19821230,PRCP,2,,,a,
ASN00092045,19821231,PRCP,0,,,a,
ASN00092045,19821201,TAVG,156,H,,S,
ASN00092045,19821203,TAVG,142,H,,S,
ASN00092045,19821206,TAVG,139,H,,S,
ASN00092045,19821207,TAVG,127,H,,S,
ASN00092045,19821208,TAVG,135,H,,S,
ASN00092045,19821211,TAVG,154,H,,S,
ASN00092045,19821212,TAVG,152,H,,S,
ASN00092045,19821213,TAVG,169,H,,S,
ASN00092045,19821218,TAVG,147,H,,S,
ASN00092045,19821220,TAVG,132,H,,S,
ASN00092045,19821222,TAVG,183,H,,S,
ASN00092045,19821225,TAVG,134,H,,S,
ASN00092045,19821226,TAVG,139,H,,S,
ASN00092045,19821227,TAVG,146,H,,S,
ASN00092045,19821228,TAVG,165,H,,S,
ASN00092045,19821229,TAVG,176,H,,S,
ASN00092045,19821230,TAVG,182,H,,S,
ASN00092045,19830101,TMAX,233,,,a,
ASN00092045,19830102,TMAX,161,,,a,
ASN00092045,19830103,TMAX,187,,,a,
ASN00092045,19830104,TMAX,195,,,a,
ASN00092045,19830105,TMAX,215,,,a,
ASN00092045,19830106,TMAX,206,,,a,
ASN00092045,19830107,TMAX,185,,,a,
ASN00092045,19830108,TMAX,263,,,a,
ASN00092045,19830109,TMAX,197,,,a,
ASN00092045,19830110,TMAX,175,,,a,
ASN00092045,19830111,TMAX,177,,,a,
ASN00092045,19830112,TMAX,165,,,a,
ASN00092045,19830113,TMAX,160,,,a,
ASN00092045,19830114,TMAX,190,,,a,
ASN00092045,19830115,TMAX,220,,,a,
ASN00092045,19830116,TMAX,199,,,a,
ASN00092045,19830117,TMAX,193,,,a,
ASN00092045,19830118,TMAX,200,,,a,
ASN00092045,19830119,TMAX,170,,,a,
ASN00092045,19830120,TMAX,207,,,a,
ASN00092045,19830121,TMAX,196,,,a,
ASN00092045,19830122,TMAX,182,,,a,
ASN00092045,19830123,TMAX,245,,,a,
ASN00092045,19830124,TMAX,190,,,a,
ASN00092045,19830125,TMAX,190,,,a,
ASN00092045,19830126,TMAX,227,,,a,
ASN00092045,19830127,TMAX,195,,,a,
ASN00092045,19830128,TMAX,223,,,a,
ASN00092045,19830129,TMAX,224,,,a,
ASN00092045,19830130,TMAX,240,,,a,
ASN00092045,19830131,TMAX,202,,,a,
ASN00092045,19830101,TMIN,170,,,a,
ASN00092045,19830102,TMIN,160,,,a,
ASN00092045,19830103,TMIN,98,,,a,
ASN00092045,19830104,TMIN,89,,,a,
ASN00092045,19830105,TMIN,124,,,a,
ASN00092045,19830106,TMIN,111,,,a,
ASN00092045,19830107,TMIN,122,,,a,
ASN00092045,19830108,TMIN,136,,,a,
ASN00092045,19830109,TMIN,140,,,a,
ASN00092045,19830110,TMIN,120,,,a,
ASN00092045,19830111,TMIN,78,,,a,
ASN00092045,19830112,TMIN,67,,,a,
ASN00092045,19830113,TMIN,60,,,a,
ASN00092045,19830114,TMIN,100,,,a,
ASN00092045,19830115,TMIN,97,,,a,
ASN00092045,19830116,TMIN,119,,,a,
ASN00092045,19830117,TMIN,85,,,a,
ASN00092045,19830118,TMIN,88,,,a,
ASN00092045,19830119,TMIN,102,,,a,
ASN00092045,19830120,TMIN,104,,,a,
ASN00092045,19830121,TMIN,113,,,a,
ASN00092045,19830122,TMIN,143,,,a,
ASN00092045,19830123,TMIN,160,,,a,
ASN00092045,19830124,TMIN,110,,,a,
ASN00092045,19830125,TMIN,145,,,a,
ASN00092045,19830126,TMIN,150,,,a,
ASN00092045,19830127,TMIN,85,,,a,
ASN00092045,19830128,TMIN,145,,,a,
ASN00092045,19830129,TMIN,142,,,a,
ASN00092045,19830130,TMIN,137,,,a,
ASN00092045,19830131,TMIN,160,,,a,
ASN00092045,19830101,PRCP,0,,,a,
ASN00092045,19830102,PRCP,60,,,a,
ASN00092045,19830103,PRCP,134,,,a,
ASN00092045,19830104,PRCP,0,,,a,
ASN00092045,19830105,PRCP,0,,,a,
ASN00092045,19830106,PRCP,0,,,a,
ASN00092045,19830107,PRCP,0,,,a,
ASN00092045,19830108,PRCP,0,,,a,
ASN00092045,19830109,PRCP,4,,,a,
ASN00092045,19830110,PRCP,4,,,a,
ASN00092045,19830111,PRCP,18,,,a,
ASN00092045,19830112,PRCP,0,,,a,
ASN00092045,19830113,PRCP,32,,,a,
ASN00092045,19830114,PRCP,0,,,a,
ASN00092045,19830115,PRCP,0,,,a,
ASN00092045,19830116,PRCP,0,,,a,
ASN00092045,19830117,PRCP,0,,,a,
ASN00092045,19830118,PRCP,0,,,a,
ASN00092045,19830119,PRCP,0,,,a,
ASN00092045,19830120,PRCP,0,,,a,
ASN00092045,19830121,PRCP,0,,,a,
ASN00092045,19830122,PRCP,0,,,a,
ASN00092045,19830123,PRCP,0,,,a,
ASN00092045,19830124,PRCP,0,,,a,
ASN00092045,19830125,PRCP,0,,,a,
ASN00092045,19830126,PRCP,0,,,a,
ASN00092045,19830127,PRCP,30,,,a,
ASN00092045,19830128,PRCP,0,,,a,
ASN00092045,19830129,PRCP,0,,,a,
ASN00092045,19830130,PRCP,0,,,a,
ASN00092045,19830131,PRCP,0,,,a,
ASN00092045,19830103,TAVG,162,H,,S,
ASN00092045,19830105,TAVG,158,H,,S,
ASN00092045,19830107,TAVG,156,H,,S,
ASN00092045,19830109,TAVG,153,H,,S,
ASN00092045,19830110,TAVG,126,H,,S,
ASN00092045,19830113,TAVG,132,H,,S,
ASN00092045,19830114,TAVG,133,H,,S,
ASN00092045,19830115,TAVG,151,H,,S,
ASN00092045,19830116,TAVG,138,H,,S,
ASN00092045,19830121,TAVG,167,H,,S,
ASN00092045,19830122,TAVG,170,H,,S,
ASN00092045,19830123,TAVG,174,H,,S,
ASN00092045,19830125,TAVG,176,H,,S,
ASN00092045,19830128,TAVG,171,H,,S,
ASN00092045,19830130,TAVG,184,H,,S,
ASN00092045,19830201,TMAX,300,,,a,
ASN00092045,19830202,TMAX,206,,,a,
ASN00092045,19830203,TMAX,225,,,a,
ASN00092045,19830204,TMAX,260,,,a,
ASN00092045,19830205,TMAX,200,,,a,
ASN00092045,19830206,TMAX,214,,,a,
ASN00092045,19830207,TMAX,192,,,a,
ASN00092045,19830208,TMAX,262,,,a,
ASN00092045,19830209,TMAX,242,,,a,
ASN00092045,19830210,TMAX,242,,,a,
ASN00092045,19830211,TMAX,222,,,a,
ASN00092045,19830212,TMAX,210,,,a,
ASN00092045,19830213,TMAX,235,,,a,
ASN00092045,19830214,TMAX,201,,,a,
ASN00092045,19830215,TMAX,245,,,a,
ASN00092045,19830216,TMAX,234,,,a,
ASN00092045,19830217,TMAX,210,,,a,
ASN00092045,19830218,TMAX,210,,,a,
ASN00092045,19830219,TMAX,200,,,a,
ASN00092045,19830220,TMAX,205,,,a,
ASN00092045,19830221,TMAX,193,,,a,
ASN00092045,19830222,TMAX,244,,,a,
ASN00092045,19830223,TMAX,197,,,a,
ASN00092045,19830224,TMAX,195,,,a,
ASN00092045,19830225,TMAX,208,,,a,
ASN00092045,19830226,TMAX,230,,,a,
ASN00092045,19830227,TMAX,168,,,a,
ASN00092045,19830228,TMAX,164,,,a,
ASN00092045,19830201,TMIN,163,,,a,
ASN00092045,19830202,TMIN,139,,,a,
ASN00092045,19830203,TMIN,126,,,a,
ASN00092045,19830204,TMIN,101,,,a,
ASN00092045,19830205,TMIN,102,,,a,
ASN00092045,19830206,TMIN,150,,,a,
ASN00092045,19830207,TMIN,165,,,a,
ASN00092045,19830208,TMIN,137,,,a,
ASN00092045,19830209,TMIN,155,,,a,
ASN00092045,19830210,TMIN,143,,,a,
ASN00092045,19830211,TMIN,160,,,a,
ASN00092045,19830212,TMIN,127,,,a,
ASN00092045,19830213,TMIN,120,,,a,
ASN00092045,19830214,TMIN,132,,,a,
ASN00092045,19830215,TMIN,160,,,a,
ASN00092045,19830216,TMIN,166,,,a,
ASN00092045,19830217,TMIN,162,,,a,
ASN00092045,19830218,TMIN,110,,,a,
ASN00092045,19830219,TMIN,105,,,a,
ASN00092045,19830220,TMIN,135,,,a,
ASN00092045,19830221,TMIN,161,,,a,
ASN00092045,19830222,TMIN,182,,,a,
ASN00092045,19830223,TMIN,165,,,a,
ASN00092045,19830224,TMIN,157,,,a,
ASN00092045,19830225,TMIN,165,,,a,
ASN00092045,19830226,TMIN,176,,,a,
ASN00092045,19830227,TMIN,152,,,a,
ASN00092045,19830228,TMIN,142,,,a,
ASN00092045,19830201,PRCP,0,,,a,
ASN00092045,19830202,PRCP,0,,,a,
ASN00092045,19830203,PRCP,0,,,a,
ASN00092045,19830204,PRCP,0,,,a,
ASN00092045,19830205,PRCP,0,,,a,
ASN00092045,19830206,PRCP,0,,,a,
ASN00092045,19830207,PRCP,0,,,a,
ASN00092045,19830208,PRCP,0,,,a,
ASN00092045,19830209,PRCP,0,,,a,
ASN00092045,19830210,PRCP,0,,,a,
ASN00092045,19830211,PRCP,2,,,a,
ASN00092045,19830212,PRCP,0,,,a,
ASN00092045,19830213,PRCP,0,,,a,
ASN00092045,19830214,PRCP,0,,,a,
ASN00092045,19830215,PRCP,0,,,a,
ASN00092045,19830216,PRCP,0,,,a,
ASN00092045,19830217,PRCP,0,,,a,
ASN00092045,19830218,PRCP,0,,,a,
ASN00092045,19830219,PRCP,0,,,a,
ASN00092045,19830220,PRCP,0,,,a,
ASN00092045,19830221,PRCP,0,,,a,
ASN00092045,19830222,PRCP,2,,,a,
ASN00092045,19830223,PRCP,0,,,a,
ASN00092045,19830224,PRCP,0,,,a,
ASN00092045,19830225,PRCP,0,,,a,
ASN00092045,19830226,PRCP,0,,,a,
ASN00092045,19830227,PRCP,14,,,a,
ASN00092045,19830228,PRCP,0,,,a,
ASN00092045,19830201,TAVG,196,H,,S,
ASN00092045,19830202,TAVG,153,H,,S,
ASN00092045,19830204,TAVG,175,H,,S,
ASN00092045,19830205,TAVG,171,H,,S,
ASN00092045,19830206,TAVG,186,H,,S,
ASN00092045,19830207,TAVG,164,H,,S,
ASN00092045,19830212,TAVG,151,H,,S,
ASN00092045,19830213,TAVG,169,H,,S,
ASN00092045,19830214,TAVG,182,H,,S,
ASN00092045,19830216,TAVG,176,H,,S,
ASN00092045,19830217,TAVG,168,H,,S,
ASN00092045,19830218,TAVG,168,H,,S,
ASN00092045,19830220,TAVG,182,H,,S,
ASN00092045,19830221,TAVG,184,H,,S,
ASN00092045,19830222,TAVG,188,H,,S,
ASN00092045,19830224,TAVG,177,H,,S,
ASN00092045,19830225,TAVG,190,H,,S,
ASN00092045,19830226,TAVG,187,H,,S,
ASN00092045,19830301,TMAX,204,,,a,
ASN00092045,19830302,TMAX,210,,,a,
ASN00092045,19830303,TMAX,204,,,a,
ASN00092045,19830304,TMAX,220,,,a,
ASN00092045,19830305,TMAX,245,,,a,
ASN00092045,19830306,TMAX,220,,,a,
ASN00092045,19830307,TMAX,215,,,a,
ASN00092045,19830308,TMAX,237,,,a,
ASN00092045,19830309,TMAX,198,,,a,
ASN00092045,19830310,TMAX,184,,,a,
ASN00092045,19830311,TMAX,204,,,a,
ASN00092045,19830312,TMAX,248,,,a,
ASN00092045,19830313,TMAX,220,,,a,
ASN00092045,19830314,TMAX,200,,,a,
ASN00092045,19830315,TMAX,196,,,a,
ASN00092045,19830316,TMAX,184,,,a,
ASN00092045,19830317,TMAX,198,,,a,
ASN00092045,19830318,TMAX,207,,,a,
ASN00092045,19830319,TMAX,205,,,a,
ASN00092045,19830320,TMAX,183,,,a,
ASN00092045,19830321,TMAX,183,,,a,
ASN00092045,19830322,TMAX,202,,,a,
ASN00092045,19830323,TMAX,222,,,a,
ASN00092045,19830324,TMAX,154,,,a,
ASN00092045,19830325,TMAX,194,,,a,
ASN00092045,19830326,TMAX,205,,,a,
ASN00092045,19830327,TMAX,218,,,a,
ASN00092045,19830328,TMAX,205,,,a,
ASN00092045,19830329,TMAX,190,,,a,
ASN00092045,19830330,TMAX,202,,,a,
ASN00092045,19830331,TMAX,185,,,a,
ASN00092045,19830301,TMIN,140,,,a,
ASN00092045,19830302,TMIN,162,,,a,
ASN00092045,19830303,TMIN,159,,,a,
ASN00092045,19830304,TMIN,170,,,a,
ASN00092045,19830305,TMIN,180,,,a,
ASN00092045,19830306,TMIN,175,,,a,
ASN00092045,19830307,TMIN,165,,,a,
ASN00092045,19830308,TMIN,165,,,a,
ASN00092045,19830309,TMIN,155,,,a,
ASN00092045,19830310,TMIN,116,,,a,
ASN00092045,19830311,TMIN,136,,,a,
ASN00092045,19830312,TMIN,172,,,a,
ASN00092045,19830313,TMIN,130,,,a,
ASN00092045,19830314,TMIN,153,,,a,
ASN00092045,19830315,TMIN,125,,,a,
ASN00092045,19830316,TMIN,134,,,a,
ASN00092045,19830317,TMIN,122,,,a,
ASN00092045,19830318,TMIN,140,,,a,
ASN00092045,19830319,TMIN,150,,,a,
ASN00092045,19830320,TMIN,167,,,a,
ASN00092045,19830321,TMIN,155,,,a,
ASN00092045,19830322,TMIN,160,,,a,
ASN00092045,19830323,TMIN,160,,,a,
ASN00092045,19830324,TMIN,130,,,a,
ASN00092045,19830325,TMIN,90,,,a,
ASN00092045,19830326,TMIN,100,,,a,
ASN00092045,19830327,TMIN,126,,,a,
ASN00092045,19830328,TMIN,116,,,a,
ASN00092045,19830329,TMIN,111,,,a,
ASN00092045,19830330,TMIN,135,,,a,
ASN00092045,19830331,TMIN,95,,,a,
ASN00092045,19830301,PRCP,84,,,a,
ASN00092045,19830302,PRCP,0,,,a,
ASN00092045,19830303,PRCP,0,,,a,
ASN00092045,19830304,PRCP,0,,,a,
ASN00092045,19830305,PRCP,2,,,a,
ASN00092045,19830306,PRCP,0,,,a,
ASN00092045,19830307,PRCP,2,,,a,
ASN00092045,19830308,PRCP,6,,,a,
ASN00092045,19830309,PRCP,196,,,a,
ASN00092045,19830310,PRCP,16,,,a,
ASN00092045,19830311,PRCP,0,,,a,
ASN00092045,19830312,PRCP,10,,,a,
ASN00092045,19830313,PRCP,0,,,a,
ASN00092045,19830314,PRCP,0,,,a,
ASN00092045,19830315,PRCP,0,,,a,
ASN00092045,19830316,PRCP,38,,,a,
ASN00092045,19830317,PRCP,0,,,a,
ASN00092045,19830318,PRCP,0,,,a,
ASN00092045,19830319,PRCP,0,,,a,
ASN00092045,19830320,PRCP,0,,,a,
ASN00092045,19830321,PRCP,30,,,a,
ASN00092045,19830322,PRCP,306,,,a,
ASN00092045,19830323,PRCP,46,,,a,
ASN00092045,19830324,PRCP,136,,,a,
ASN00092045,19830325,PRCP,12,,,a,
ASN00092045,19830326,PRCP,0,,,a,
ASN00092045,19830327,PRCP,0,,,a,
ASN00092045,19830328,PRCP,0,,,a,
ASN00092045,19830329,PRCP,0,,,a,
ASN00092045,19830330,PRCP,12,,,a,
ASN00092045,19830331,PRCP,0,,,a,
ASN00092045,19830307,TAVG,180,H,,S,
ASN00092045,19830308,TAVG,167,H,,S,
ASN00092045,19830309,TAVG,144,H,,S,
ASN00092045,19830310,TAVG,171,H,,S,
ASN00092045,19830311,TAVG,183,H,,S,
ASN00092045,19830312,TAVG,182,H,,S,
ASN00092045,19830313,TAVG,169,H,,S,
ASN00092045,19830314,TAVG,163,H,,S,
ASN00092045,19830315,TAVG,170,H,,S,
ASN00092045,19830317,TAVG,169,H,,S,
ASN00092045,19830318,TAVG,176,H,,S,
ASN00092045,19830319,TAVG,176,H,,S,
ASN00092045,19830320,TAVG,165,H,,S,
ASN00092045,19830322,TAVG,177,H,,S,
ASN00092045,19830323,TAVG,159,H,,S,
ASN00092045,19830324,TAVG,126,H,,S,
ASN00092045,19830328,TAVG,145,H,,S,
ASN00092045,19830331,TAVG,124,H,,S,
ASN00092045,19830401,TMAX,177,,,a,
ASN00092045,19830402,TMAX,163,,,a,
ASN00092045,19830403,TMAX,174,,,a,
ASN00092045,19830404,TMAX,175,,,a,
ASN00092045,19830405,TMAX,125,,,a,
ASN00092045,19830406,TMAX,155,,,a,
ASN00092045,19830407,TMAX,156,,,a,
ASN00092045,19830408,TMAX,171,,,a,
ASN00092045,19830409,TMAX,180,,,a,
ASN00092045,19830410,TMAX,183,,,a,
ASN00092045,19830411,TMAX,177,,,a,
ASN00092045,19830412,TMAX,168,,,a,
ASN00092045,19830413,TMAX,170,,,a,
ASN00092045,19830414,TMAX,170,,,a,
ASN00092045,19830415,TMAX,125,,,a,
ASN00092045,19830416,TMAX,130,,,a,
ASN00092045,19830417,TMAX,140,,,a,
ASN00092045,19830418,TMAX,157,,,a,
ASN00092045,19830419,TMAX,176,,,a,
ASN00092045,19830420,TMAX,176,,,a,
ASN00092045,19830421,TMAX,178,,,a,
ASN00092045,19830422,TMAX,180,,,a,
ASN00092045,19830423,TMAX,183,,,a,
ASN00092045,19830424,TMAX,171,,,a,
ASN00092045,19830425,TMAX,157,,,a,
ASN00092045,19830426,TMAX,150,,,a,
ASN00092045,19830427,TMAX,162,,,a,
ASN00092045,19830428,TMAX,165,,,a,
ASN00092045,19830429,TMAX,165,,,a,
ASN00092045,19830430,TMAX,166,,,a,
ASN00092045,19830401,TMIN,71,,,a,
ASN00092045,19830402,TMIN,104,,,a,
ASN00092045,19830403,TMIN,110,,,a,
ASN00092045,19830404,TMIN,140,,,a,
ASN00092045,19830405,TMIN,95,,,a,
ASN00092045,19830406,TMIN,72,,,a,
ASN00092045,19830407,TMIN,57,,,a,
ASN00092045,19830408,TMIN,99,,,a,
ASN00092045,19830409,TMIN,116,,,a,
ASN00092045,19830410,TMIN,167,,,a,
ASN00092045,19830411,TMIN,158,,,a,
ASN00092045,19830412,TMIN,116,,,a,
ASN00092045,19830413,TMIN,92,,,a,
ASN00092045,19830414,TMIN,85,,,a,
ASN00092045,19830415,TMIN,83,,,a,
ASN00092045,19830416,TMIN,86,,,a,
ASN00092045,19830417,TMIN,106,,,a,
ASN00092045,19830418,TMIN,114,,,a,
ASN00092045,19830419,TMIN,88,,,a,
ASN00092045,19830420,TMIN,110,,,a,
ASN00092045,19830421,TMIN,110,,,a,
ASN00092045,19830422,TMIN,147,,,a,
ASN00092045,19830423,TMIN,142,,,a,
ASN00092045,19830424,TMIN,145,,,a,
ASN00092045,19830425,TMIN,131,,,a,
ASN00092045,19830426,TMIN,125,,,a,
ASN00092045,19830427,TMIN,100,,,a,
ASN00092045,19830428,TMIN,127,,,a,
ASN00092045,19830429,TMIN,106,,,a,
ASN00092045,19830430,TMIN,98,,,a,
ASN00092045,19830401,PRCP,0,,,a,
ASN00092045,19830402,PRCP,0,,,a,
ASN00092045,19830403,PRCP,8,,,a,
ASN00092045,19830404,PRCP,8,,,a,
ASN00092045,19830405,PRCP,76,,,a,
ASN00092045,19830406,PRCP,154,,,a,
ASN00092045,19830407,PRCP,0,,,a,
ASN00092045,19830408,PRCP,0,,,a,
ASN00092045,19830409,PRCP,0,,,a,
ASN00092045,19830410,PRCP,0,,,a,
ASN00092045,19830411,PRCP,82,,,a,
ASN00092045,19830412,PRCP,36,,,a,
ASN00092045,19830413,PRCP,34,,,a,
ASN00092045,19830414,PRCP,0,,,a,
ASN00092045,19830415,PRCP,46,,,a,
ASN00092045,19830416,PRCP,172,,,a,
ASN00092045,19830417,PRCP,10,,,a,
ASN00092045,19830418,PRCP,34,,,a,
ASN00092045,19830419,PRCP,0,,,a,
ASN00092045,19830420,PRCP,0,,,a,
ASN00092045,19830421,PRCP,0,,,a,
ASN00092045,19830422,PRCP,2,,,a,
ASN00092045,19830423,PRCP,0,,,a,
ASN00092045,19830424,PRCP,0,,,a,
ASN00092045,19830425,PRCP,116,,,a,
ASN00092045,19830426,PRCP,404,,,a,
ASN00092045,19830427,PRCP,0,,,a,
ASN00092045,19830428,PRCP,0,,,a,
ASN00092045,19830429,PRCP,0,,,a,
ASN00092045,19830430,PRCP,0,,,a,
ASN00092045,19830401,TAVG,134,H,,S,
ASN00092045,19830402,TAVG,132,H,,S,
ASN00092045,19830403,TAVG,160,H,,S,
ASN00092045,19830406,TAVG,103,H,,S,
ASN00092045,19830407,TAVG,122,H,,S,
ASN00092045,19830408,TAVG,149,H,,S,
ASN00092045,19830409,TAVG,171,H,,S,
ASN00092045,19830411,TAVG,146,H,,S,
ASN00092045,19830412,TAVG,123,H,,S,
ASN00092045,19830414,TAVG,99,H,,S,
ASN00092045,19830416,TAVG,121,H,,S,
ASN00092045,19830417,TAVG,131,H,,S,
ASN00092045,19830418,TAVG,122,H,,S,
ASN00092045,19830419,TAVG,139,H,,S,
ASN00092045,19830422,TAVG,157,H,,S,
ASN00092045,19830423,TAVG,154,H,,S,
ASN00092045,19830424,TAVG,144,H,,S,
ASN00092045,19830429,TAVG,126,H,,S,
ASN00092045,19830430,TAVG,152,H,,S,
ASN00092045,19830501,TMAX,180,,,a,
ASN00092045,19830502,TMAX,160,,,a,
ASN00092045,19830503,TMAX,150,,,a,
ASN00092045,19830504,TMAX,150,,,a,
ASN00092045,19830505,TMAX,184,,,a,
ASN00092045,19830506,TMAX,169,,,a,
ASN00092045,19830507,TMAX,170,,,a,
ASN00092045,19830508,TMAX,174,,,a,
ASN00092045,19830509,TMAX,176,,,a,
ASN00092045,19830510,TMAX,179,,,a,
ASN00092045,19830511,TMAX,173,,,a,
ASN00092045,19830512,TMAX,173,,,a,
ASN00092045,19830513,TMAX,180,,,a,
ASN00092045,19830514,TMAX,164,,,a,
ASN00092045,19830515,TMAX,170,,,a,
ASN00092045,19830516,TMAX,125,,,a,
ASN00092045,19830517,TMAX,145,,,a,
ASN00092045,19830518,TMAX,158,,,a,
ASN00092045,19830519,TMAX,160,,,a,
ASN00092045,19830520,TMAX,160,,,a,
ASN00092045,19830521,TMAX,160,,,a,
ASN00092045,19830522,TMAX,157,,,a,
ASN00092045,19830523,TMAX,157,,,a,
ASN00092045,19830524,TMAX,131,,,a,
ASN00092045,19830525,TMAX,122,,,a,
ASN00092045,19830526,TMAX,131,,,a,
ASN00092045,19830527,TMAX,146,,,a,
ASN00092045,19830528,TMAX,142,,,a,
ASN00092045,19830529,TMAX,120,,,a,
ASN00092045,19830530,TMAX,137,,,a,
ASN00092045,19830531,TMAX,150,,,a,
ASN00092045,19830501,TMIN,130,,,a,
ASN00092045,19830502,TMIN,145,,,a,
ASN00092045,19830503,TMIN,143,,,a,
ASN00092045,19830504,TMIN,124,,,a,
ASN00092045,19830505,TMIN,110,,,a,
ASN00092045,19830506,TMIN,97,,,a,
ASN00092045,19830507,TMIN,99,,,a,
ASN00092045,19830508,TMIN,116,,,a,
ASN00092045,19830509,TMIN,133,,,a,
ASN00092045,19830510,TMIN,116,,,a,
ASN00092045,19830511,TMIN,74,,,a,
ASN00092045,19830512,TMIN,95,,,a,
ASN00092045,19830513,TMIN,95,,,a,
ASN00092045,19830514,TMIN,133,,,a,
ASN00092045,19830515,TMIN,136,,,a,
ASN00092045,19830516,TMIN,48,,,a,
ASN00092045,19830517,TMIN,55,,,a,
ASN00092045,19830518,TMIN,100,,,a,
ASN00092045,19830519,TMIN,110,,,a,
ASN00092045,19830520,TMIN,108,,,a,
ASN00092045,19830521,TMIN,95,,,a,
ASN00092045,19830522,TMIN,110,,,a,
ASN00092045,19830523,TMIN,127,,,a,
ASN00092045,19830524,TMIN,122,,,a,
ASN00092045,19830525,TMIN,94,,,a,
ASN00092045,19830526,TMIN,64,,,a,
ASN00092045,19830527,TMIN,101,,,a,
ASN00092045,19830528,TMIN,117,,,a,
ASN00092045,19830529,TMIN,92,,,a,
ASN00092045,19830530,TMIN,68,,,a,
ASN00092045,19830531,TMIN,77,,,a,
ASN00092045,19830501,PRCP,0,,,a,
ASN00092045,19830502,PRCP,6,,,a,
ASN00092045,19830503,PRCP,2,,,a,
ASN00092045,19830504,PRCP,90,,,a,
ASN00092045,19830505,PRCP,8,,,a,
ASN00092045,19830506,PRCP,6,,,a,
ASN00092045,19830507,PRCP,0,,,a,
ASN00092045,19830508,PRCP,10,,,a,
ASN00092045,19830509,PRCP,14,,,a,
ASN00092045,19830510,PRCP,0,,,a,
ASN00092045,19830511,PRCP,0,,,a,
ASN00092045,19830512,PRCP,0,,,a,
ASN00092045,19830513,PRCP,0,,,a,
ASN00092045,19830514,PRCP,0,,,a,
ASN00092045,19830515,PRCP,20,,,a,
ASN00092045,19830516,PRCP,32,,,a,
ASN00092045,19830517,PRCP,0,,,a,
ASN00092045,19830518,PRCP,0,,,a,
ASN00092045,19830519,PRCP,0,,,a,
ASN00092045,19830520,PRCP,0,,,a,
ASN00092045,19830521,PRCP,0,,,a,
ASN00092045,19830522,PRCP,4,,,a,
ASN00092045,19830523,PRCP,4,,,a,
ASN00092045,19830524,PRCP,2,,,a,
ASN00092045,19830525,PRCP,0,,,a,
ASN00092045,19830526,PRCP,0,,,a,
ASN00092045,19830527,PRCP,18,,,a,
ASN00092045,19830528,PRCP,184,,,a,
ASN00092045,19830529,PRCP,108,,,a,
ASN00092045,19830530,PRCP,18,,,a,
ASN00092045,19830531,PRCP,2,,,a,
ASN00092045,19830501,TAVG,147,H,,S,
ASN00092045,19830503,TAVG,136,H,,S,
ASN00092045,19830504,TAVG,128,H,,S,
ASN00092045,19830506,TAVG,128,H,,S,
ASN00092045,19830507,TAVG,144,H,,S,
ASN00092045,19830508,TAVG,147,H,,S,
ASN00092045,19830509,TAVG,141,H,,S,
ASN00092045,19830510,TAVG,115,H,,S,
ASN00092045,19830511,TAVG,126,H,,S,
ASN00092045,19830512,TAVG,129,H,,S,
ASN00092045,19830514,TAVG,152,H,,S,
ASN00092045,19830515,TAVG,99,H,,S,
ASN00092045,19830516,TAVG,83,H,,S,
ASN00092045,19830519,TAVG,137,H,,S,
ASN00092045,19830520,TAVG,135,H,,S,
ASN00092045,19830521,TAVG,126,H,,S,
ASN00092045,19830522,TAVG,143,H,,S,
ASN00092045,19830523,TAVG,138,H,,S,
ASN00092045,19830524,TAVG,111,H,,S,
ASN00092045,19830525,TAVG,93,H,,S,
ASN00092045,19830529,TAVG,84,H,,S,
ASN00092045,19830531,TAVG,113,H,,S,
ASN00092045,19830601,TMAX,145,,,a,
ASN00092045,19830602,TMAX,145,,,a,
ASN00092045,19830603,TMAX,148,,,a,
ASN00092045,19830604,TMAX,145,,,a,
ASN00092045,19830605,TMAX,145,,,a,
ASN00092045,19830606,TMAX,147,,,a,
ASN00092045,19830607,TMAX,150,,,a,
ASN00092045,19830608,TMAX,120,,,a,
ASN00092045,19830609,TMAX,140,,,a,
ASN00092045,19830610,TMAX,127,,,a,
ASN00092045,19830611,TMAX,133,,,a,
ASN00092045,19830612,TMAX,140,,,a,
ASN00092045,19830613,TMAX,134,,,a,
ASN00092045,19830614,TMAX,140,,,a,
ASN00092045,19830615,TMAX,115,,,a,
ASN00092045,19830616,TMAX,120,,,a,
ASN00092045,19830617,TMAX,117,,,a,
ASN00092045,19830618,TMAX,125,,,a,
ASN00092045,19830619,TMAX,132,,,a,
ASN00092045,19830620,TMAX,134,,,a,
ASN00092045,19830621,TMAX,158,,,a,
ASN00092045,19830622,TMAX,135,,,a,
ASN00092045,19830623,TMAX,125,,,a,
ASN00092045,19830624,TMAX,125,,,a,
ASN00092045,19830625,TMAX,100,,,a,
ASN00092045,19830626,TMAX,90,,,a,
ASN00092045,19830627,TMAX,105,,,a,
ASN00092045,19830628,TMAX,90,,,a,
ASN00092045,19830629,TMAX,84,,,a,
ASN00092045,19830630,TMAX,122,,,a,
ASN00092045,19830601,TMIN,82,,,a,
ASN00092045,19830602,TMIN,80,,,a,
ASN00092045,19830603,TMIN,93,,,a,
ASN00092045,19830604,TMIN,103,,,a,
ASN00092045,19830605,TMIN,97,,,a,
ASN00092045,19830606,TMIN,105,,,a,
ASN00092045,19830607,TMIN,131,,,a,
ASN00092045,19830608,TMIN,80,,,a,
ASN00092045,19830609,TMIN,75,,,a,
ASN00092045,19830610,TMIN,90,,,a,
ASN00092045,19830611,TMIN,45,,,a,
ASN00092045,19830612,TMIN,66,,,a,
ASN00092045,19830613,TMIN,75,,,a,
ASN00092045,19830614,TMIN,102,,,a,
ASN00092045,19830615,TMIN,65,,,a,
ASN00092045,19830616,TMIN,70,,,a,
ASN00092045,19830617,TMIN,80,,,a,
ASN00092045,19830618,TMIN,80,,,a,
ASN00092045,19830619,TMIN,95,,,a,
ASN00092045,19830620,TMIN,100,,,a,
ASN00092045,19830621,TMIN,114,,,a,
ASN00092045,19830622,TMIN,79,,,a,
ASN00092045,19830623,TMIN,87,,,a,
ASN00092045,19830624,TMIN,65,,,a,
ASN00092045,19830625,TMIN,70,,,a,
ASN00092045,19830626,TMIN,5,,,a,
ASN00092045,19830627,TMIN,25,,,a,
ASN00092045,19830628,TMIN,16,,,a,
ASN00092045,19830629,TMIN,5,,,a,
ASN00092045,19830630,TMIN,32,,,a,
ASN00092045,19830601,PRCP,0,,,a,
ASN00092045,19830602,PRCP,2,,,a,
ASN00092045,19830603,PRCP,0,,,a,
ASN00092045,19830604,PRCP,0,,,a,
ASN00092045,19830605,PRCP,0,,,a,
ASN00092045,19830606,PRCP,0,,,a,
ASN00092045,19830607,PRCP,0,,,a,
ASN00092045,19830608,PRCP,78,,,a,
ASN00092045,19830609,PRCP,28,,,a,
ASN00092045,19830610,PRCP,78,,,a,
ASN00092045,19830611,PRCP,10,,,a,
ASN00092045,19830612,PRCP,64,,,a,
ASN00092045,19830613,PRCP,12,,,a,
ASN00092045,19830614,PRCP,0,,,a,
ASN00092045,19830615,PRCP,0,,,a,
ASN00092045,19830616,PRCP,0,,,a,
ASN00092045,19830617,PRCP,0,,,a,
ASN00092045,19830618,PRCP,0,,,a,
ASN00092045,19830619,PRCP,12,,,a,
ASN00092045,19830620,PRCP,54,,,a,
ASN00092045,19830621,PRCP,91,,,a,
ASN00092045,19830622,PRCP,0,,,a,
ASN00092045,19830623,PRCP,0,,,a,
ASN00092045,19830624,PRCP,0,,,a,
ASN00092045,19830625,PRCP,54,,,a,
ASN00092045,19830626,PRCP,0,,,a,
ASN00092045,19830627,PRCP,0,,,a,
ASN00092045,19830628,PRCP,0,,,a,
ASN00092045,19830629,PRCP,0,,,a,
ASN00092045,19830630,PRCP,0,,,a,
ASN00092045,19830601,TAVG,96,H,,S,
ASN00092045,19830603,TAVG,123,H,,S,
ASN00092045,19830604,TAVG,122,H,,S,
ASN00092045,19830605,TAVG,130,H,,S,
ASN00092045,19830606,TAVG,136,H,,S,
ASN00092045,19830607,TAVG,114,H,,S,
ASN00092045,19830608,TAVG,89,H,,S,
ASN00092045,19830609,TAVG,122,H,,S,
ASN00092045,19830611,TAVG,120,H,,S,
ASN00092045,19830612,TAVG,111,H,,S,
ASN00092045,19830613,TAVG,127,H,,S,
ASN00092045,19830614,TAVG,100,H,,S,
ASN00092045,19830617,TAVG,101,H,,S,
ASN00092045,19830618,TAVG,111,H,,S,
ASN00092045,19830620,TAVG,126,H,,S,
ASN00092045,19830621,TAVG,112,H,,S,
ASN00092045,19830622,TAVG,118,H,,S,
ASN00092045,19830624,TAVG,103,H,,S,
ASN00092045,19830625,TAVG,57,H,,S,
ASN00092045,19830626,TAVG,61,H,,S,
ASN00092045,19830627,TAVG,35,H,,S,
ASN00092045,19830629,TAVG,70,H,,S,
ASN00092045,19830701,TMAX,131,,,a,
ASN00092045,19830702,TMAX,125,,,a,
ASN00092045,19830703,TMAX,106,,,a,
ASN00092045,19830704,TMAX,112,,,a,
ASN00092045,19830705,TMAX,124,,,a,
ASN00092045,19830706,TMAX,116,,,a,
ASN00092045,19830707,TMAX,95,,,a,
ASN00092045,19830708,TMAX,97,,,a,
ASN00092045,19830709,TMAX,120,,,a,
ASN00092045,19830710,TMAX,110,,,a,
ASN00092045,19830711,TMAX,122,,,a,
ASN00092045,19830712,TMAX,145,,,a,
ASN00092045,19830713,TMAX,140,,,a,
ASN00092045,19830714,TMAX,123,,,a,
ASN00092045,19830715,TMAX,118,,,a,
ASN00092045,19830716,TMAX,105,,,a,
ASN00092045,19830717,TMAX,126,,,a,
ASN00092045,19830718,TMAX,141,,,a,
ASN00092045,19830719,TMAX,124,,,a,
ASN00092045,19830720,TMAX,105,,,a,
ASN00092045,19830721,TMAX,130,,,a,
ASN00092045,19830722,TMAX,146,,,a,
ASN00092045,19830723,TMAX,100,,,a,
ASN00092045,19830724,TMAX,100,,,a,
ASN00092045,19830725,TMAX,126,,,a,
ASN00092045,19830726,TMAX,135,,,a,
ASN00092045,19830727,TMAX,136,,,a,
ASN00092045,19830728,TMAX,150,,,a,
ASN00092045,19830729,TMAX,130,,,a,
ASN00092045,19830730,TMAX,145,,,a,
ASN00092045,19830731,TMAX,133,,,a,
ASN00092045,19830701,TMIN,71,,,a,
ASN00092045,19830702,TMIN,76,,,a,
ASN00092045,19830703,TMIN,85,,,a,
ASN00092045,19830704,TMIN,45,,,a,
ASN00092045,19830705,TMIN,70,,,a,
ASN00092045,19830706,TMIN,64,,,a,
ASN00092045,19830707,TMIN,76,,,a,
ASN00092045,19830708,TMIN,68,,,a,
ASN00092045,19830709,TMIN,38,,,a,
ASN00092045,19830710,TMIN,36,,,a,
ASN00092045,19830711,TMIN,55,,,a,
ASN00092045,19830712,TMIN,92,,,a,
ASN00092045,19830713,TMIN,63,,,a,
ASN00092045,19830714,TMIN,60,,,a,
ASN00092045,19830715,TMIN,50,,,a,
ASN00092045,19830716,TMIN,57,,,a,
ASN00092045,19830717,TMIN,55,,,a,
ASN00092045,19830718,TMIN,60,,,a,
ASN00092045,19830719,TMIN,101,,,a,
ASN00092045,19830720,TMIN,27,,,a,
ASN00092045,19830721,TMIN,40,,,a,
ASN00092045,19830722,TMIN,84,,,a,
ASN00092045,19830723,TMIN,56,,,a,
ASN00092045,19830724,TMIN,45,,,a,
ASN00092045,19830725,TMIN,66,,,a,
ASN00092045,19830726,TMIN,75,,,a,
ASN00092045,19830727,TMIN,90,,,a,
ASN00092045,19830728,TMIN,104,,,a,
ASN00092045,19830729,TMIN,72,,,a,
ASN00092045,19830730,TMIN,70,,,a,
ASN00092045,19830731,TMIN,92,,,a,
ASN00092045,19830701,PRCP,212,,,a,
ASN00092045,19830702,PRCP,34,,,a,
ASN00092045,19830703,PRCP,106,,,a,
ASN00092045,19830704,PRCP,0,,,a,
ASN00092045,19830705,PRCP,0,,,a,
ASN00092045,19830706,PRCP,102,,,a,
ASN00092045,19830707,PRCP,0,,,a,
ASN00092045,19830708,PRCP,50,,,a,
ASN00092045,19830709,PRCP,8,,,a,
ASN00092045,19830710,PRCP,0,,,a,
ASN00092045,19830711,PRCP,0,,,a,
ASN00092045,19830712,PRCP,38,,,a,
ASN00092045,19830713,PRCP,12,,,a,
ASN00092045,19830714,PRCP,0,,,a,
ASN00092045,19830715,PRCP,0,,,a,
ASN00092045,19830716,PRCP,0,,,a,
ASN00092045,19830717,PRCP,28,,,a,
ASN00092045,19830718,PRCP,20,,,a,
ASN00092045,19830719,PRCP,4,,,a,
ASN00092045,19830720,PRCP,10,,,a,
ASN00092045,19830721,PRCP,0,,,a,
ASN00092045,19830722,PRCP,32,,,a,
ASN00092045,19830723,PRCP,4,,,a,
ASN00092045,19830724,PRCP,0,,,a,
ASN00092045,19830725,PRCP,0,,,a,
ASN00092045,19830726,PRCP,0,,,a,
ASN00092045,19830727,PRCP,0,,,a,
ASN00092045,19830728,PRCP,16,,,a,
ASN00092045,19830729,PRCP,0,,,a,
ASN00092045,19830730,PRCP,4,,,a,
ASN00092045,19830731,PRCP,8,,,a,
ASN00092045,19830702,TAVG,97,H,,S,
ASN00092045,19830704,TAVG,88,H,,S,
ASN00092045,19830705,TAVG,79,H,,S,
ASN00092045,19830706,TAVG,99,H,,S,
ASN00092045,19830707,TAVG,82,H,,S,
ASN00092045,19830708,TAVG,77,H,,S,
ASN00092045,19830710,TAVG,95,H,,S,
ASN00092045,19830711,TAVG,110,H,,S,
ASN00092045,19830712,TAVG,107,H,,S,
ASN00092045,19830713,TAVG,102,H,,S,
ASN00092045,19830717,TAVG,111,H,,S,
ASN00092045,19830718,TAVG,115,H,,S,
ASN00092045,19830719,TAVG,64,H,,S,
ASN00092045,19830721,TAVG,117,H,,S,
ASN00092045,19830723,TAVG,76,H,,S,
ASN00092045,19830724,TAVG,84,H,,S,
ASN00092045,19830725,TAVG,95,H,,S,
ASN00092045,19830728,TAVG,98,H,,S,
ASN00092045,19830729,TAVG,101,H,,S,
ASN00092045,19830730,TAVG,111,H,,S,
ASN00092045,19830801,TMAX,142,,,a,
ASN00092045,19830802,TMAX,110,,,a,
ASN00092045,19830803,TMAX,122,,,a,
ASN00092045,19830804,TMAX,122,,,a,
ASN00092045,19830805,TMAX,137,,,a,
ASN00092045,19830806,TMAX,127,,,a,
ASN00092045,19830807,TMAX,135,,,a,
ASN00092045,19830808,TMAX,127,,,a,
ASN00092045,19830809,TMAX,135,,,a,
ASN00092045,19830810,TMAX,145,,,a,
ASN00092045,19830811,TMAX,156,,,a,
ASN00092045,19830812,TMAX,135,,,a,
ASN00092045,19830813,TMAX,131,,,a,
ASN00092045,19830814,TMAX,180,,,a,
ASN00092045,19830815,TMAX,158,,,a,
ASN00092045,19830816,TMAX,140,,,a,
ASN00092045,19830817,TMAX,124,,,a,
ASN00092045,19830818,TMAX,132,,,a,
ASN00092045,19830819,TMAX,129,,,a,
ASN00092045,19830820,TMAX,156,,,a,
ASN00092045,19830821,TMAX,145,,,a,
ASN00092045,19830822,TMAX,142,,,a,
ASN00092045,19830823,TMAX,152,,,a,
ASN00092045,19830824,TMAX,145,,,a,
ASN00092045,19830825,TMAX,140,,,a,
ASN00092045,19830826,TMAX,117,,,a,
ASN00092045,19830827,TMAX,129,,,a,
ASN00092045,19830828,TMAX,115,,,a,
ASN00092045,19830829,TMAX,125,,,a,
ASN00092045,19830830,TMAX,135,,,a,
ASN00092045,19830831,TMAX,160,,,a,
ASN00092045,19830801,TMIN,80,,,a,
ASN00092045,19830802,TMIN,60,,,a,
ASN00092045,19830803,TMIN,59,,,a,
ASN00092045,19830804,TMIN,30,,,a,
ASN00092045,19830805,TMIN,48,,,a,
ASN00092045,19830806,TMIN,80,,,a,
ASN00092045,19830807,TMIN,105,,,a,
ASN00092045,19830808,TMIN,100,,,a,
ASN00092045,19830809,TMIN,74,,,a,
ASN00092045,19830810,TMIN,80,,,a,
ASN00092045,19830811,TMIN,75,,,a,
ASN00092045,19830812,TMIN,74,,,a,
ASN00092045,19830813,TMIN,88,,,a,
ASN00092045,19830814,TMIN,100,,,a,
ASN00092045,19830815,TMIN,105,,,a,
ASN00092045,19830816,TMIN,92,,,a,
ASN00092045,19830817,TMIN,106,,,a,
ASN00092045,19830818,TMIN,43,,,a,
ASN00092045,19830819,TMIN,45,,,a,
ASN00092045,19830820,TMIN,77,,,a,
ASN00092045,19830821,TMIN,45,,,a,
ASN00092045,19830822,TMIN,78,,,a,
ASN00092045,19830823,TMIN,101,,,a,
ASN00092045,19830824,TMIN,120,,,a,
ASN00092045,19830825,TMIN,126,,,a,
ASN00092045,19830826,TMIN,95,,,a,
ASN00092045,19830827,TMIN,95,,,a,
ASN00092045,19830828,TMIN,85,,,a,
ASN00092045,19830829,TMIN,45,,,a,
ASN00092045,19830830,TMIN,89,,,a,
ASN00092045,19830831,TMIN,83,,,a,
ASN00092045,19830801,PRCP,2,,,a,
ASN00092045,19830802,PRCP,0,,,a,
ASN00092045,19830803,PRCP,0,,,a,
ASN00092045,19830804,PRCP,0,,,a,
ASN00092045,19830805,PRCP,0,,,a,
ASN00092045,19830806,PRCP,0,,,a,
ASN00092045,19830807,PRCP,24,,,a,
ASN00092045,19830808,PRCP,10,,,a,
ASN00092045,19830809,PRCP,80,,,a,
ASN00092045,19830810,PRCP,0,,,a,
ASN00092045,19830811,PRCP,0,,,a,
ASN00092045,19830812,PRCP,0,,,a,
ASN00092045,19830813,PRCP,0,,,a,
ASN00092045,19830814,PRCP,0,,,a,
ASN00092045,19830815,PRCP,0,,,a,
ASN00092045,19830816,PRCP,2,,,a,
ASN00092045,19830817,PRCP,2,,,a,
ASN00092045,19830818,PRCP,40,,,a,
ASN00092045,19830819,PRCP,0,,,a,
ASN00092045,19830820,PRCP,0,,,a,
ASN00092045,19830821,PRCP,0,,,a,
ASN00092045,19830822,PRCP,0,,,a,
ASN00092045,19830823,PRCP,0,,,a,
ASN00092045,19830824,PRCP,0,,,a,
ASN00092045,19830825,PRCP,0,,,a,
ASN00092045,19830826,PRCP,96,,,a,
ASN00092045,19830827,PRCP,242,,,a,
ASN00092045,19830828,PRCP,62,,,a,
ASN00092045,19830829,PRCP,60,,,a,
ASN00092045,19830830,PRCP,0,,,a,
ASN00092045,19830831,PRCP,22,,,a,
ASN00092045,19830801,TAVG,98,H,,S,
ASN00092045,19830802,TAVG,60,H,,S,
ASN00092045,19830803,TAVG,70,H,,S,
ASN00092045,19830804,TAVG,79,H,,S,
ASN00092045,19830805,TAVG,107,H,,S,
ASN00092045,19830806,TAVG,115,H,,S,
ASN00092045,19830807,TAVG,117,H,,S,
ASN00092045,19830808,TAVG,93,H,,S,
ASN00092045,19830811,TAVG,108,H,,S,
ASN00092045,19830813,TAVG,122,H,,S,
ASN00092045,19830814,TAVG,129,H,,S,
ASN00092045,19830816,TAVG,127,H,,S,
ASN00092045,19830818,TAVG,84,H,,S,
ASN00092045,19830819,TAVG,102,H,,S,
ASN00092045,19830820,TAVG,94,H,,S,
ASN00092045,19830821,TAVG,103,H,,S,
ASN00092045,19830822,TAVG,125,H,,S,
ASN00092045,19830823,TAVG,127,H,,S,
ASN00092045,19830825,TAVG,118,H,,S,
ASN00092045,19830826,TAVG,107,H,,S,
ASN00092045,19830829,TAVG,102,H,,S,
ASN00092045,19830830,TAVG,117,H,,S,
ASN00092045,19830831,TAVG,123,H,,S,
ASN00092045,19830901,TMAX,160,,,a,
ASN00092045,19830902,TMAX,140,,,a,
ASN00092045,19830903,TMAX,134,,,a,
ASN00092045,19830904,TMAX,140,,,a,
ASN00092045,19830905,TMAX,133,,,a,
ASN00092045,19830906,TMAX,150,,,a,
ASN00092045,19830907,TMAX,167,,,a,
ASN00092045,19830908,TMAX,130,,,a,
ASN00092045,19830909,TMAX,131,,,a,
ASN00092045,19830910,TMAX,130,,,a,
ASN00092045,19830911,TMAX,120,,,a,
ASN00092045,19830912,TMAX,136,,,a,
ASN00092045,19830913,TMAX,95,,,a,
ASN00092045,19830914,TMAX,120,,,a,
ASN00092045,19830915,TMAX,125,,,a,
ASN00092045,19830916,TMAX,127,,,a,
ASN00092045,19830917,TMAX,155,,,a,
ASN00092045,19830918,TMAX,162,,,a,
ASN00092045,19830919,TMAX,156,,,a,
ASN00092045,19830920,TMAX,128,,,a,
ASN00092045,19830921,TMAX,145,,,a,
ASN00092045,19830922,TMAX,155,,,a,
ASN00092045,19830923,TMAX,165,,,a,
ASN00092045,19830924,TMAX,135,,,a,
ASN00092045,19830925,TMAX,127,,,a,
ASN00092045,19830926,TMAX,158,,,a,
ASN00092045,19830927,TMAX,161,,,a,
ASN00092045,19830928,TMAX,168,,,a,
ASN00092045,19830929,TMAX,166,,,a,
ASN00092045,19830930,TMAX,180,,,a,
ASN00092045,19830901,TMIN,112,,,a,
ASN00092045,19830902,TMIN,107,,,a,
ASN00092045,19830903,TMIN,122,,,a,
ASN00092045,19830904,TMIN,63,,,a,
ASN00092045,19830905,TMIN,76,,,a,
ASN00092045,19830906,TMIN,95,,,a,
ASN00092045,19830907,TMIN,97,,,a,
ASN00092045,19830908,TMIN,95,,,a,
ASN00092045,19830909,TMIN,104,,,a,
ASN00092045,19830910,TMIN,84,,,a,
ASN00092045,19830911,TMIN,85,,,a,
ASN00092045,19830912,TMIN,30,,,a,
ASN00092045,19830913,TMIN,52,,,a,
ASN00092045,19830914,TMIN,63,,,a,
ASN00092045,19830915,TMIN,68,,,a,
ASN00092045,19830916,TMIN,53,,,a,
ASN00092045,19830917,TMIN,90,,,a,
ASN00092045,19830918,TMIN,80,,,a,
ASN00092045,19830919,TMIN,110,,,a,
ASN00092045,19830920,TMIN,72,,,a,
ASN00092045,19830921,TMIN,70,,,a,
ASN00092045,19830922,TMIN,100,,,a,
ASN00092045,19830923,TMIN,110,,,a,
ASN00092045,19830924,TMIN,70,,,a,
ASN00092045,19830925,TMIN,66,,,a,
ASN00092045,19830926,TMIN,52,,,a,
ASN00092045,19830927,TMIN,91,,,a,
ASN00092045,19830928,TMIN,117,,,a,
ASN00092045,19830929,TMIN,112,,,a,
ASN00092045,19830930,TMIN,103,,,a,
ASN00092045,19830901,PRCP,0,,,a,
ASN00092045,19830902,PRCP,0,,,a,
ASN00092045,19830903,PRCP,22,,,a,
ASN00092045,19830904,PRCP,46,,,a,
ASN00092045,19830905,PRCP,0,,,a,
ASN00092045,19830906,PRCP,736,,,a,
ASN00092045,19830907,PRCP,10,,,a,
ASN00092045,19830908,PRCP,64,,,a,
ASN00092045,19830909,PRCP,36,,,a,
ASN00092045,19830910,PRCP,4,,,a,
ASN00092045,19830911,PRCP,24,,,a,
ASN00092045,19830912,PRCP,10,,,a,
ASN00092045,19830913,PRCP,2,,,a,
ASN00092045,19830914,PRCP,0,,,a,
ASN00092045,19830915,PRCP,0,,,a,
ASN00092045,19830916,PRCP,0,,,a,
ASN00092045,19830917,PRCP,0,,,a,
ASN00092045,19830918,PRCP,6,,,a,
ASN00092045,19830919,PRCP,0,,,a,
ASN00092045,19830920,PRCP,72,,,a,
ASN00092045,19830921,PRCP,16,,,a,
ASN00092045,19830922,PRCP,0,,,a,
ASN00092045,19830923,PRCP,18,,,a,
ASN00092045,19830924,PRCP,0,,,a,
ASN00092045,19830925,PRCP,0,,,a,
ASN00092045,19830926,PRCP,2,,,a,
ASN00092045,19830927,PRCP,0,,,a,
ASN00092045,19830928,PRCP,130,,,a,
ASN00092045,19830929,PRCP,0,,,a,
ASN00092045,19830930,PRCP,0,,,a,
ASN00092045,19830901,TAVG,124,H,,S,
ASN00092045,19830902,TAVG,121,H,,S,
ASN00092045,19830904,TAVG,107,H,,S,
ASN00092045,19830906,TAVG,120,H,,S,
ASN00092045,19830907,TAVG,101,H,,S,
ASN00092045,19830908,TAVG,113,H,,S,
ASN00092045,19830909,TAVG,112,H,,S,
ASN00092045,19830910,TAVG,97,H,,S,
ASN00092045,19830911,TAVG,68,H,,S,
ASN00092045,19830912,TAVG,86,H,,S,
ASN00092045,19830913,TAVG,87,H,,S,
ASN00092045,19830914,TAVG,91,H,,S,
ASN00092045,19830915,TAVG,84,H,,S,
ASN00092045,19830916,TAVG,116,H,,S,
ASN00092045,19830917,TAVG,109,H,,S,
ASN00092045,19830918,TAVG,127,H,,S,
ASN00092045,19830919,TAVG,118,H,,S,
ASN00092045,19830920,TAVG,91,H,,S,
ASN00092045,19830921,TAVG,117,H,,S,
ASN00092045,19830922,TAVG,136,H,,S,
ASN00092045,19830923,TAVG,112,H,,S,
ASN00092045,19830925,TAVG,93,H,,S,
ASN00092045,19830926,TAVG,115,H,,S,
ASN00092045,19830927,TAVG,133,H,,S,
ASN00092045,19830929,TAVG,126,H,,S,
ASN00092045,19830930,TAVG,136,H,,S,
ASN00092045,19831001,TMAX,156,,,a,
ASN00092045,19831002,TMAX,169,,,a,
ASN00092045,19831003,TMAX,132,,,a,
ASN00092045,19831004,TMAX,140,,,a,
ASN00092045,19831005,TMAX,130,,,a,
ASN00092045,19831006,TMAX,130,,,a,
ASN00092045,19831007,TMAX,135,,,a,
ASN00092045,19831008,TMAX,177,,,a,
ASN00092045,19831009,TMAX,166,,,a,
ASN00092045,19831010,TMAX,152,,,a,
ASN00092045,19831011,TMAX,146,,,a,
ASN00092045,19831012,TMAX,140,,,a,
ASN00092045,19831013,TMAX,160,,,a,
ASN00092045,19831014,TMAX,150,,,a,
ASN00092045,19831015,TMAX,127,,,a,
ASN00092045,19831016,TMAX,140,,,a,
ASN00092045,19831017,TMAX,142,,,a,
ASN00092045,19831018,TMAX,175,,,a,
ASN00092045,19831019,TMAX,150,,,a,
ASN00092045,19831020,TMAX,188,,,a,
ASN00092045,19831021,TMAX,145,,,a,
ASN00092045,19831022,TMAX,155,,,a,
ASN00092045,19831023,TMAX,170,,,a,
ASN00092045,19831024,TMAX,180,,,a,
ASN00092045,19831025,TMAX,155,,,a,
ASN00092045,19831026,TMAX,147,,,a,
ASN00092045,19831027,TMAX,205,,,a,
ASN00092045,19831028,TMAX,135,,,a,
ASN00092045,19831029,TMAX,165,,,a,
ASN00092045,19831030,TMAX,165,,,a,
ASN00092045,19831031,TMAX,160,,,a,
ASN00092045,19831001,TMIN,110,,,a,
ASN00092045,19831002,TMIN,115,,,a,
ASN00092045,19831003,TMIN,82,,,a,
ASN00092045,19831004,TMIN,98,,,a,
ASN00092045,19831005,TMIN,92,,,a,
ASN00092045,19831006,TMIN,85,,,a,
ASN00092045,19831007,TMIN,89,,,a,
ASN00092045,19831008,TMIN,70,,,a,
ASN00092045,19831009,TMIN,85,,,a,
ASN00092045,19831010,TMIN,98,,,a,
ASN00092045,19831011,TMIN,97,,,a,
ASN00092045,19831012,TMIN,110,,,a,
ASN00092045,19831013,TMIN,122,,,a,
ASN00092045,19831014,TMIN,122,,,a,
ASN00092045,19831015,TMIN,120,,,a,
ASN00092045,19831016,TMIN,110,,,a,
ASN00092045,19831017,TMIN,118,,,a,
ASN00092045,19831018,TMIN,110,,,a,
ASN00092045,19831019,TMIN,90,,,a,
ASN00092045,19831020,TMIN,68,,,a,
ASN00092045,19831021,TMIN,65,,,a,
ASN00092045,19831022,TMIN,114,,,a,
ASN00092045,19831023,TMIN,88,,,a,
ASN00092045,19831024,TMIN,100,,,a,
ASN00092045,19831025,TMIN,113,,,a,
ASN00092045,19831026,TMIN,100,,,a,
ASN00092045,19831027,TMIN,123,,,a,
ASN00092045,19831028,TMIN,118,,,a,
ASN00092045,19831029,TMIN,67,,,a,
ASN00092045,19831030,TMIN,85,,,a,
ASN00092045,19831031,TMIN,90,,,a,
ASN00092045,19831001,PRCP,0,,,a,
ASN00092045,19831002,PRCP,0,,,a,
ASN00092045,19831003,PRCP,0,,,a,
ASN00092045,19831004,PRCP,0,,,a,
ASN00092045,19831005,PRCP,30,,,a,
ASN00092045,19831006,PRCP,62,,,a,
ASN00092045,19831007,PRCP,2,,,a,
ASN00092045,19831008,PRCP,0,,,a,
ASN00092045,19831009,PRCP,0,,,a,
ASN00092045,19831010,PRCP,0,,,a,
ASN00092045,19831011,PRCP,0,,,a,
ASN00092045,19831012,PRCP,76,,,a,
ASN00092045,19831013,PRCP,12,,,a,
ASN00092045,19831014,PRCP,30,,,a,
ASN00092045,19831015,PRCP,8,,,a,
ASN00092045,19831016,PRCP,88,,,a,
ASN00092045,19831017,PRCP,76,,,a,
ASN00092045,19831018,PRCP,0,,,a,
ASN00092045,19831019,PRCP,16,,,a,
ASN00092045,19831020,PRCP,0,,,a,
ASN00092045,19831021,PRCP,0,,,a,
ASN00092045,19831022,PRCP,0,,,a,
ASN00092045,19831023,PRCP,0,,,a,
ASN00092045,19831024,PRCP,0,,,a,
ASN00092045,19831025,PRCP,0,,,a,
ASN00092045,19831026,PRCP,0,,,a,
ASN00092045,19831027,PRCP,0,,,a,
ASN00092045,19831028,PRCP,68,,,a,
ASN00092045,19831029,PRCP,106,,,a,
ASN00092045,19831030,PRCP,0,,,a,
ASN00092045,19831031,PRCP,0,,,a,
ASN00092045,19831001,TAVG,136,H,,S,
ASN00092045,19831002,TAVG,102,H,,S,
ASN00092045,19831003,TAVG,109,H,,S,
ASN00092045,19831004,TAVG,105,H,,S,
ASN00092045,19831006,TAVG,106,H,,S,
ASN00092045,19831007,TAVG,93,H,,S,
ASN00092045,19831008,TAVG,123,H,,S,
ASN00092045,19831009,TAVG,122,H,,S,
ASN00092045,19831010,TAVG,108,H,,S,
ASN00092045,19831011,TAVG,124,H,,S,
ASN00092045,19831012,TAVG,131,H,,S,
ASN00092045,19831013,TAVG,133,H,,S,
ASN00092045,19831014,TAVG,129,H,,S,
ASN00092045,19831015,TAVG,118,H,,S,
ASN00092045,19831017,TAVG,124,H,,S,
ASN00092045,19831018,TAVG,120,H,,S,
ASN00092045,19831019,TAVG,104,H,,S,
ASN00092045,19831020,TAVG,120,H,,S,
ASN00092045,19831021,TAVG,129,H,,S,
ASN00092045,19831022,TAVG,119,H,,S,
ASN00092045,19831023,TAVG,135,H,,S,
ASN00092045,19831024,TAVG,137,H,,S,
ASN00092045,19831025,TAVG,114,H,,S,
ASN00092045,19831027,TAVG,128,H,,S,
ASN00092045,19831028,TAVG,98,H,,S,
ASN00092045,19831030,TAVG,123,H,,S,
ASN00092045,19831031,TAVG,138,H,,S,
ASN00092045,19831101,TMAX,165,,,a,
ASN00092045,19831102,TMAX,165,,,a,
ASN00092045,19831103,TMAX,170,,,a,
ASN00092045,19831104,TMAX,195,,,a,
ASN00092045,19831105,TMAX,135,,,a,
ASN00092045,19831106,TMAX,158,,,a,
ASN00092045,19831107,TMAX,202,,,a,
ASN00092045,19831108,TMAX,155,,,a,
ASN00092045,19831109,TMAX,175,,,a,
ASN00092045,19831110,TMAX,163,,,a,
ASN00092045,19831111,TMAX,152,,,a,
ASN00092045,19831112,TMAX,195,,,a,
ASN00092045,19831113,TMAX,160,,,a,
ASN00092045,19831114,TMAX,170,,,a,
ASN00092045,19831115,TMAX,168,,,a,
ASN00092045,19831116,TMAX,135,,,a,
ASN00092045,19831117,TMAX,155,,,a,
ASN00092045,19831118,TMAX,172,,,a,
ASN00092045,19831119,TMAX,157,,,a,
ASN00092045,19831120,TMAX,164,,,a,
ASN00092045,19831121,TMAX,166,,,a,
ASN00092045,19831122,TMAX,174,,,a,
ASN00092045,19831123,TMAX,162,,,a,
ASN00092045,19831124,TMAX,176,,,a,
ASN00092045,19831125,TMAX,182,,,a,
ASN00092045,19831126,TMAX,188,,,a,
ASN00092045,19831127,TMAX,192,,,a,
ASN00092045,19831128,TMAX,182,,,a,
ASN00092045,19831129,TMAX,169,,,a,
ASN00092045,19831130,TMAX,195,,,a,
ASN00092045,19831101,TMIN,110,,,a,
ASN00092045,19831102,TMIN,115,,,a,
ASN00092045,19831103,TMIN,119,,,a,
ASN00092045,19831104,TMIN,70,,,a,
ASN00092045,19831105,TMIN,50,,,a,
ASN00092045,19831106,TMIN,75,,,a,
ASN00092045,19831107,TMIN,128,,,a,
ASN00092045,19831108,TMIN,131,,,a,
ASN00092045,19831109,TMIN,104,,,a,
ASN00092045,19831110,TMIN,78,,,a,
ASN00092045,19831111,TMIN,73,,,a,
ASN00092045,19831112,TMIN,105,,,a,
ASN00092045,19831113,TMIN,80,,,a,
ASN00092045,19831114,TMIN,130,,,a,
ASN00092045,19831115,TMIN,140,,,a,
ASN00092045,19831116,TMIN,55,,,a,
ASN00092045,19831117,TMIN,80,,,a,
ASN00092045,19831118,TMIN,67,,,a,
ASN00092045,19831119,TMIN,83,,,a,
ASN00092045,19831120,TMIN,122,,,a,
ASN00092045,19831121,TMIN,112,,,a,
ASN00092045,19831122,TMIN,139,,,a,
ASN00092045,19831123,TMIN,130,,,a,
ASN00092045,19831124,TMIN,124,,,a,
ASN00092045,19831125,TMIN,120,,,a,
ASN00092045,19831126,TMIN,130,,,a,
ASN00092045,19831127,TMIN,150,,,a,
ASN00092045,19831128,TMIN,155,,,a,
ASN00092045,19831129,TMIN,162,,,a,
ASN00092045,19831130,TMIN,146,,,a,
ASN00092045,19831101,PRCP,0,,,a,
ASN00092045,19831102,PRCP,0,,,a,
ASN00092045,19831103,PRCP,4,,,a,
ASN00092045,19831104,PRCP,50,,,a,
ASN00092045,19831105,PRCP,0,,,a,
ASN00092045,19831106,PRCP,0,,,a,
ASN00092045,19831107,PRCP,0,,,a,
ASN00092045,19831108,PRCP,0,,,a,
ASN00092045,19831109,PRCP,72,,,a,
ASN00092045,19831110,PRCP,0,,,a,
ASN00092045,19831111,PRCP,0,,,a,
ASN00092045,19831112,PRCP,0,,,a,
ASN00092045,19831113,PRCP,0,,,a,
ASN00092045,19831114,PRCP,0,,,a,
ASN00092045,19831115,PRCP,96,,,a,
ASN00092045,19831116,PRCP,70,,,a,
ASN00092045,19831117,PRCP,24,,,a,
ASN00092045,19831118,PRCP,0,,,a,
ASN00092045,19831119,PRCP,0,,,a,
ASN00092045,19831120,PRCP,0,,,a,
ASN00092045,19831121,PRCP,0,,,a,
ASN00092045,19831122,PRCP,0,,,a,
ASN00092045,19831123,PRCP,0,,,a,
ASN00092045,19831124,PRCP,0,,,a,
ASN00092045,19831125,PRCP,2,,,a,
ASN00092045,19831126,PRCP,16,,,a,
ASN00092045,19831127,PRCP,0,,,a,
ASN00092045,19831128,PRCP,0,,,a,
ASN00092045,19831129,PRCP,0,,,a,
ASN00092045,19831130,PRCP,0,,,a,
ASN00092045,19831101,TAVG,134,H,,S,
ASN00092045,19831102,TAVG,140,H,,S,
ASN00092045,19831103,TAVG,109,H,,S,
ASN00092045,19831104,TAVG,124,H,,S,
ASN00092045,19831106,TAVG,144,H,,S,
ASN00092045,19831107,TAVG,171,H,,S,
ASN00092045,19831108,TAVG,127,H,,S,
ASN00092045,19831109,TAVG,119,H,,S,
ASN00092045,19831110,TAVG,107,H,,S,
ASN00092045,19831111,TAVG,131,H,,S,
ASN00092045,19831112,TAVG,133,H,,S,
ASN00092045,19831113,TAVG,134,H,,S,
ASN00092045,19831114,TAVG,151,H,,S,
ASN00092045,19831115,TAVG,112,H,,S,
ASN00092045,19831117,TAVG,116,H,,S,
ASN00092045,19831118,TAVG,121,H,,S,
ASN00092045,19831119,TAVG,131,H,,S,
ASN00092045,19831120,TAVG,134,H,,S,
ASN00092045,19831123,TAVG,140,H,,S,
ASN00092045,19831124,TAVG,143,H,,S,
ASN00092045,19831125,TAVG,149,H,,S,
ASN00092045,19831126,TAVG,165,H,,S,
ASN00092045,19831127,TAVG,167,H,,S,
ASN00092045,19831128,TAVG,168,H,,S,
ASN00092045,19831129,TAVG,160,H,,S,
ASN00092045,19831201,TMAX,162,,,a,
ASN00092045,19831202,TMAX,165,,,a,
ASN00092045,19831203,TMAX,180,,,a,
ASN00092045,19831204,TMAX,188,,,a,
ASN00092045,19831205,TMAX,194,,,a,
ASN00092045,19831206,TMAX,153,,,a,
ASN00092045,19831207,TMAX,165,,,a,
ASN00092045,19831208,TMAX,193,,,a,
ASN00092045,19831209,TMAX,176,,,a,
ASN00092045,19831210,TMAX,177,,,a,
ASN00092045,19831211,TMAX,178,,,a,
ASN00092045,19831212,TMAX,201,,,a,
ASN00092045,19831213,TMAX,182,,,a,
ASN00092045,19831214,TMAX,177,,,a,
ASN00092045,19831215,TMAX,192,,,a,
ASN00092045,19831216,TMAX,215,,,a,
ASN00092045,19831217,TMAX,220,,,a,
ASN00092045,19831218,TMAX,172,,,a,
ASN00092045,19831219,TMAX,192,,,a,
ASN00092045,19831220,TMAX,303,,,a,
ASN00092045,19831221,TMAX,220,,,a,
ASN00092045,19831222,TMAX,220,,,a,
ASN00092045,19831223,TMAX,213,,,a,
ASN00092045,19831224,TMAX,176,,,a,
ASN00092045,19831225,TMAX,248,,,a,
ASN00092045,19831226,TMAX,192,,,a,
ASN00092045,19831227,TMAX,187,,,a,
ASN00092045,19831228,TMAX,180,,,a,
ASN00092045,19831229,TMAX,198,,,a,
ASN00092045,19831230,TMAX,213,,,a,
ASN00092045,19831231,TMAX,222,,,a,
ASN00092045,19831201,TMIN,120,,,a,
ASN00092045,19831202,TMIN,106,,,a,
ASN00092045,19831203,TMIN,131,,,a,
ASN00092045,19831204,TMIN,115,,,a,
ASN00092045,19831205,TMIN,135,,,a,
ASN00092045,19831206,TMIN,128,,,a,
ASN00092045,19831207,TMIN,128,,,a,
ASN00092045,19831208,TMIN,87,,,a,
ASN00092045,19831209,TMIN,132,,,a,
ASN00092045,19831210,TMIN,137,,,a,
ASN00092045,19831211,TMIN,140,,,a,
ASN00092045,19831212,TMIN,144,,,a,
ASN00092045,19831213,TMIN,144,,,a,
ASN00092045,19831214,TMIN,142,,,a,
ASN00092045,19831215,TMIN,116,,,a,
ASN00092045,19831216,TMIN,125,,,a,
ASN00092045,19831217,TMIN,126,,,a,
ASN00092045,19831218,TMIN,127,,,a,
ASN00092045,19831219,TMIN,142,,,a,
ASN00092045,19831220,TMIN,150,,,a,
ASN00092045,19831221,TMIN,162,,,a,
ASN00092045,19831222,TMIN,130,,,a,
ASN00092045,19831223,TMIN,130,,,a,
ASN00092045,19831224,TMIN,127,,,a,
ASN00092045,19831225,TMIN,131,,,a,
ASN00092045,19831226,TMIN,147,,,a,
ASN00092045,19831227,TMIN,115,,,a,
ASN00092045,19831228,TMIN,132,,,a,
ASN00092045,19831229,TMIN,150,,,a,
ASN00092045,19831230,TMIN,149,,,a,
ASN00092045,19831231,TMIN,165,,,a,
ASN00092045,19831201,PRCP,116,,,a,
ASN00092045,19831202,PRCP,0,,,a,
ASN00092045,19831203,PRCP,0,,,a,
ASN00092045,19831204,PRCP,0,,,a,
ASN00092045,19831205,PRCP,0,,,a,
ASN00092045,19831206,PRCP,134,,,a,
ASN00092045,19831207,PRCP,22,,,a,
ASN00092045,19831208,PRCP,0,,,a,
ASN00092045,19831209,PRCP,26,,,a,
ASN00092045,19831210,PRCP,0,,,a,
ASN00092045,19831211,PRCP,0,,,a,
ASN00092045,19831212,PRCP,0,,,a,
ASN00092045,19831213,PRCP,6,,,a,
ASN00092045,19831214,PRCP,0,,,a,
ASN00092045,19831215,PRCP,2,,,a,
ASN00092045,19831216,PRCP,0,,,a,
ASN00092045,19831217,PRCP,0,,,a,
ASN00092045,19831218,PRCP,0,,,a,
ASN00092045,19831219,PRCP,0,,,a,
ASN00092045,19831220,PRCP,0,,,a,
ASN00092045,19831221,PRCP,0,,,a,
ASN00092045,19831222,PRCP,0,,,a,
ASN00092045,19831223,PRCP,0,,,a,
ASN00092045,19831224,PRCP,0,,,a,
ASN00092045,19831225,PRCP,16,,,a,
ASN00092045,19831226,PRCP,0,,,a,
ASN00092045,19831227,PRCP,0,,,a,
ASN00092045,19831228,PRCP,14,,,a,
ASN00092045,19831229,PRCP,0,,,a,
ASN00092045,19831230,PRCP,0,,,a,
ASN00092045,19831231,PRCP,0,,,a,
ASN00092045,19831201,TAVG,138,H,,S,
ASN00092045,19831202,TAVG,143,H,,S,
ASN00092045,19831203,TAVG,147,H,,S,
ASN00092045,19831206,TAVG,138,H,,S,
ASN00092045,19831207,TAVG,129,H,,S,
ASN00092045,19831208,TAVG,144,H,,S,
ASN00092045,19831209,TAVG,147,H,,S,
ASN00092045,19831210,TAVG,157,H,,S,
ASN00092045,19831211,TAVG,152,H,,S,
ASN00092045,19831212,TAVG,160,H,,S,
ASN00092045,19831213,TAVG,152,H,,S,
ASN00092045,19831215,TAVG,158,H,,S,
ASN00092045,19831217,TAVG,160,H,,S,
ASN00092045,19831218,TAVG,157,H,,S,
ASN00092045,19831220,TAVG,214,H,,S,
ASN00092045,19831223,TAVG,157,H,,S,
ASN00092045,19831224,TAVG,151,H,,S,
ASN00092045,19831225,TAVG,177,H,,S,
ASN00092045,19831227,TAVG,147,H,,S,
ASN00092045,19831229,TAVG,174,H,,S,
ASN00092045,19831230,TAVG,177,H,,S,
ASN00092045,19831231,TAVG,188,H,,S,
ASN00092045,19840101,TMAX,190,,,a,
ASN00092045,19840102,TMAX,238,,,a,
ASN00092045,19840103,TMAX,210,,,a,
ASN00092045,19840104,TMAX,192,,,a,
ASN00092045,19840105,TMAX,185,,,a,
ASN00092045,19840106,TMAX,215,,,a,
ASN00092045,19840107,TMAX,202,,,a,
ASN00092045,19840108,TMAX,225,,,a,
ASN00092045,19840109,TMAX,212,,,a,
ASN00092045,19840110,TMAX,190,,,a,
ASN00092045,19840111,TMAX,182,,,a,
ASN00092045,19840112,TMAX,175,,,a,
ASN00092045,19840113,TMAX,175,,,a,
ASN00092045,19840114,TMAX,202,,,a,
ASN00092045,19840115,TMAX,200,,,a,
ASN00092045,19840116,TMAX,222,,,a,
ASN00092045,19840117,TMAX,188,,,a,
ASN00092045,19840118,TMAX,215,,,a,
ASN00092045,19840119,TMAX,222,,,a,
ASN00092045,19840120,TMAX,220,,,a,
ASN00092045,19840121,TMAX,194,,,a,
ASN00092045,19840122,TMAX,200,,,a,
ASN00092045,19840123,TMAX,172,,,a,
ASN00092045,19840124,TMAX,220,,,a,
ASN00092045,19840125,TMAX,186,,,a,
ASN00092045,19840126,TMAX,195,,,a,
ASN00092045,19840127,TMAX,198,,,a,
ASN00092045,19840128,TMAX,182,,,a,
ASN00092045,19840129,TMAX,200,,,a,
ASN00092045,19840130,TMAX,166,,,a,
ASN00092045,19840131,TMAX,186,,,a,
ASN00092045,19840101,TMIN,170,,,a,
ASN00092045,19840102,TMIN,180,,,a,
ASN00092045,19840103,TMIN,169,,,a,
ASN00092045,19840104,TMIN,112,,,a,
ASN00092045,19840105,TMIN,146,,,a,
ASN00092045,19840106,TMIN,161,,,a,
ASN00092045,19840107,TMIN,155,,,a,
ASN00092045,19840108,TMIN,139,,,a,
ASN00092045,19840109,TMIN,140,,,a,
ASN00092045,19840110,TMIN,113,,,a,
ASN00092045,19840111,TMIN,113,,,a,
ASN00092045,19840112,TMIN,130,,,a,
ASN00092045,19840113,TMIN,135,,,a,
ASN00092045,19840114,TMIN,131,,,a,
ASN00092045,19840115,TMIN,164,,,a,
ASN00092045,19840116,TMIN,170,,,a,
ASN00092045,19840117,TMIN,105,,,a,
ASN00092045,19840118,TMIN,98,,,a,
ASN00092045,19840119,TMIN,108,,,a,
ASN00092045,19840120,TMIN,140,,,a,
ASN00092045,19840121,TMIN,110,,,a,
ASN00092045,19840122,TMIN,89,,,a,
ASN00092045,19840123,TMIN,122,,,a,
ASN00092045,19840124,TMIN,120,,,a,
ASN00092045,19840125,TMIN,150,,,a,
ASN00092045,19840126,TMIN,136,,,a,
ASN00092045,19840127,TMIN,76,,,a,
ASN00092045,19840128,TMIN,138,,,a,
ASN00092045,19840129,TMIN,120,,,a,
ASN00092045,19840130,TMIN,156,,,a,
ASN00092045,19840131,TMIN,124,,,a,
ASN00092045,19840101,PRCP,0,,,a,
ASN00092045,19840102,PRCP,0,,,a,
ASN00092045,19840103,PRCP,0,,,a,
ASN00092045,19840104,PRCP,0,,,a,
ASN00092045,19840105,PRCP,0,,,a,
ASN00092045,19840106,PRCP,0,,,a,
ASN00092045,19840107,PRCP,2,,,a,
ASN00092045,19840108,PRCP,0,,,a,
ASN00092045,19840109,PRCP,0,,,a,
ASN00092045,19840110,PRCP,4,,,a,
ASN00092045,19840111,PRCP,0,,,a,
ASN00092045,19840112,PRCP,0,,,a,
ASN00092045,19840113,PRCP,0,,,a,
ASN00092045,19840114,PRCP,0,,,a,
ASN00092045,19840115,PRCP,0,,,a,
ASN00092045,19840116,PRCP,286,,,a,
ASN00092045,19840117,PRCP,2,,,a,
ASN00092045,19840118,PRCP,0,,,a,
ASN00092045,19840119,PRCP,0,,,a,
ASN00092045,19840120,PRCP,0,,,a,
ASN00092045,19840121,PRCP,0,,,a,
ASN00092045,19840122,PRCP,0,,,a,
ASN00092045,19840123,PRCP,8,,,a,
ASN00092045,19840124,PRCP,2,,,a,
ASN00092045,19840125,PRCP,50,,,a,
ASN00092045,19840126,PRCP,46,,,a,
ASN00092045,19840127,PRCP,0,,,a,
ASN00092045,19840128,PRCP,0,,,a,
ASN00092045,19840129,PRCP,0,,,a,
ASN00092045,19840130,PRCP,10,,,a,
ASN00092045,19840131,PRCP,18,,,a,
ASN00092045,19840101,TAVG,183,H,,S,
ASN00092045,19840103,TAVG,154,H,,S,
ASN00092045,19840104,TAVG,163,H,,S,
ASN00092045,19840105,TAVG,174,H,,S,
ASN00092045,19840106,TAVG,175,H,,S,
ASN00092045,19840107,TAVG,167,H,,S,
ASN00092045,19840108,TAVG,171,H,,S,
ASN00092045,19840109,TAVG,158,H,,S,
ASN00092045,19840110,TAVG,153,H,,S,
ASN00092045,19840111,TAVG,161,H,,S,
ASN00092045,19840112,TAVG,144,H,,S,
ASN00092045,19840113,TAVG,156,H,,S,
ASN00092045,19840114,TAVG,178,H,,S,
ASN00092045,19840117,TAVG,144,H,,S,
ASN00092045,19840118,TAVG,164,H,,S,
ASN00092045,19840119,TAVG,164,H,,S,
ASN00092045,19840121,TAVG,139,H,,S,
ASN00092045,19840123,TAVG,142,H,,S,
ASN00092045,19840125,TAVG,165,H,,S,
ASN00092045,19840126,TAVG,142,H,,S,
ASN00092045,19840127,TAVG,163,H,,S,
ASN00092045,19840129,TAVG,176,H,,S,
ASN00092045,19840130,TAVG,148,H,,S,
ASN00092045,19840131,TAVG,150,H,,S,
ASN00092045,19840201,TMAX,180,,,a,
ASN00092045,19840202,TMAX,195,,,a,
ASN00092045,19840203,TMAX,208,,,a,
ASN00092045,19840204,TMAX,218,,,a,
ASN00092045,19840205,TMAX,196,,,a,
ASN00092045,19840206,TMAX,208,,,a,
ASN00092045,19840207,TMAX,244,,,a,
ASN00092045,19840208,TMAX,188,,,a,
ASN00092045,19840209,TMAX,230,,,a,
ASN00092045,19840210,TMAX,211,,,a,
ASN00092045,19840211,TMAX,239,,,a,
ASN00092045,19840212,TMAX,254,,,a,
ASN00092045,19840213,TMAX,195,,,a,
ASN00092045,19840214,TMAX,228,,,a,
ASN00092045,19840215,TMAX,195,,,a,
ASN00092045,19840216,TMAX,262,,,a,
ASN00092045,19840217,TMAX,185,,,a,
ASN00092045,19840218,TMAX,186,,,a,
ASN00092045,19840219,TMAX,190,,,a,
ASN00092045,19840220,TMAX,196,,,a,
ASN00092045,19840221,TMAX,221,,,a,
ASN00092045,19840222,TMAX,190,,,a,
ASN00092045,19840223,TMAX,240,,,a,
ASN00092045,19840224,TMAX,197,,,a,
ASN00092045,19840225,TMAX,222,,,a,
ASN00092045,19840226,TMAX,206,,,a,
ASN00092045,19840227,TMAX,270,,,a,
ASN00092045,19840228,TMAX,242,,,a,
ASN00092045,19840229,TMAX,192,,,a,
ASN00092045,19840201,TMIN,122,,,a,
ASN00092045,19840202,TMIN,117,,,a,
ASN00092045,19840203,TMIN,139,,,a,
ASN00092045,19840204,TMIN,156,,,a,
ASN00092045,19840205,TMIN,154,,,a,
ASN00092045,19840206,TMIN,160,,,a,
ASN00092045,19840207,TMIN,175,,,a,
ASN00092045,19840208,TMIN,155,,,a,
ASN00092045,19840209,TMIN,145,,,a,
ASN00092045,19840210,TMIN,110,,,a,
ASN00092045,19840211,TMIN,130,,,a,
ASN00092045,19840212,TMIN,150,,,a,
ASN00092045,19840213,TMIN,96,,,a,
ASN00092045,19840214,TMIN,90,,,a,
ASN00092045,19840215,TMIN,132,,,a,
ASN00092045,19840216,TMIN,155,,,a,
ASN00092045,19840217,TMIN,165,,,a,
ASN00092045,19840218,TMIN,145,,,a,
ASN00092045,19840219,TMIN,145,,,a,
ASN00092045,19840220,TMIN,116,,,a,
ASN00092045,19840221,TMIN,168,,,a,
ASN00092045,19840222,TMIN,156,,,a,
ASN00092045,19840223,TMIN,162,,,a,
ASN00092045,19840224,TMIN,80,,,a,
ASN00092045,19840225,TMIN,115,,,a,
ASN00092045,19840226,TMIN,125,,,a,
ASN00092045,19840227,TMIN,166,,,a,
ASN00092045,19840228,TMIN,120,,,a,
ASN00092045,19840229,TMIN,90,,,a,
ASN00092045,19840201,PRCP,0,,,a,
ASN00092045,19840202,PRCP,0,,,a,
ASN00092045,19840203,PRCP,0,,,a,
ASN00092045,19840204,PRCP,2,,,a,
ASN00092045,19840205,PRCP,0,,,a,
ASN00092045,19840206,PRCP,0,,,a,
ASN00092045,19840207,PRCP,26,,,a,
ASN00092045,19840208,PRCP,188,,,a,
ASN00092045,19840209,PRCP,10,,,a,
ASN00092045,19840210,PRCP,16,,,a,
ASN00092045,19840211,PRCP,0,,,a,
ASN00092045,19840212,PRCP,0,,,a,
ASN00092045,19840213,PRCP,0,,,a,
ASN00092045,19840214,PRCP,0,,,a,
ASN00092045,19840215,PRCP,0,,,a,
ASN00092045,19840216,PRCP,10,,,a,
ASN00092045,19840217,PRCP,0,,,a,
ASN00092045,19840218,PRCP,0,,,a,
ASN00092045,19840219,PRCP,0,,,a,
ASN00092045,19840220,PRCP,20,,,a,
ASN00092045,19840221,PRCP,46,,,a,
ASN00092045,19840222,PRCP,0,,,a,
ASN00092045,19840223,PRCP,0,,,a,
ASN00092045,19840224,PRCP,6,,,a,
ASN00092045,19840225,PRCP,0,,,a,
ASN00092045,19840226,PRCP,0,,,a,
ASN00092045,19840227,PRCP,0,,,a,
ASN00092045,19840228,PRCP,114,,,a,
ASN00092045,19840229,PRCP,32,,,a,
ASN00092045,19840201,TAVG,155,H,,S,
ASN00092045,19840202,TAVG,163,H,,S,
ASN00092045,19840205,TAVG,172,H,,S,
ASN00092045,19840206,TAVG,184,H,,S,
ASN00092045,19840207,TAVG,166,H,,S,
ASN00092045,19840209,TAVG,153,H,,S,
ASN00092045,19840211,TAVG,191,H,,S,
ASN00092045,19840212,TAVG,158,H,,S,
ASN00092045,19840213,TAVG,158,H,,S,
ASN00092045,19840214,TAVG,177,H,,S,
ASN00092045,19840215,TAVG,184,H,,S,
ASN00092045,19840216,TAVG,185,H,,S,
ASN00092045,19840220,TAVG,183,H,,S,
ASN00092045,19840221,TAVG,174,H,,S,
ASN00092045,19840222,TAVG,180,H,,S,
ASN00092045,19840223,TAVG,147,H,,S,
ASN00092045,19840224,TAVG,156,H,,S,
ASN00092045,19840225,TAVG,170,H,,S,
ASN00092045,19840226,TAVG,187,H,,S,
ASN00092045,19840227,TAVG,179,H,,S,
ASN00092045,19840228,TAVG,125,H,,S,
ASN00092045,19840301,TMAX,150,,,a,
ASN00092045,19840302,TMAX,166,,,a,
ASN00092045,19840303,TMAX,185,,,a,
ASN00092045,19840304,TMAX,180,,,a,
ASN00092045,19840305,TMAX,180,,,a,
ASN00092045,19840306,TMAX,186,,,a,
ASN00092045,19840307,TMAX,266,,,a,
ASN00092045,19840308,TMAX,170,,,a,
ASN00092045,19840309,TMAX,186,,,a,
ASN00092045,19840310,TMAX,180,,,a,
ASN00092045,19840311,TMAX,200,,,a,
ASN00092045,19840312,TMAX,194,,,a,
ASN00092045,19840313,TMAX,204,,,a,
ASN00092045,19840314,TMAX,160,,,a,
ASN00092045,19840315,TMAX,186,,,a,
ASN00092045,19840316,TMAX,190,,,a,
ASN00092045,19840317,TMAX,187,,,a,
ASN00092045,19840318,TMAX,226,,,a,
ASN00092045,19840319,TMAX,196,,,a,
ASN00092045,19840320,TMAX,177,,,a,
ASN00092045,19840321,TMAX,185,,,a,
ASN00092045,19840322,TMAX,187,,,a,
ASN00092045,19840323,TMAX,190,,,a,
ASN00092045,19840324,TMAX,195,,,a,
ASN00092045,19840325,TMAX,183,,,a,
ASN00092045,19840326,TMAX,144,,,a,
ASN00092045,19840327,TMAX,160,,,a,
ASN00092045,19840328,TMAX,178,,,a,
ASN00092045,19840329,TMAX,183,,,a,
ASN00092045,19840330,TMAX,210,,,a,
ASN00092045,19840331,TMAX,162,,,a,
ASN00092045,19840301,TMIN,90,,,a,
ASN00092045,19840302,TMIN,90,,,a,
ASN00092045,19840303,TMIN,85,,,a,
ASN00092045,19840304,TMIN,128,,,a,
ASN00092045,19840305,TMIN,145,,,a,
ASN00092045,19840306,TMIN,145,,,a,
ASN00092045,19840307,TMIN,164,,,a,
ASN00092045,19840308,TMIN,80,,,a,
ASN00092045,19840309,TMIN,76,,,a,
ASN00092045,19840310,TMIN,132,,,a,
ASN00092045,19840311,TMIN,130,,,a,
ASN00092045,19840312,TMIN,135,,,a,
ASN00092045,19840313,TMIN,146,,,a,
ASN00092045,19840314,TMIN,105,,,a,
ASN00092045,19840315,TMIN,87,,,a,
ASN00092045,19840316,TMIN,126,,,a,
ASN00092045,19840317,TMIN,152,,,a,
ASN00092045,19840318,TMIN,167,,,a,
ASN00092045,19840319,TMIN,125,,,a,
ASN00092045,19840320,TMIN,150,,,a,
ASN00092045,19840321,TMIN,140,,,a,
ASN00092045,19840322,TMIN,136,,,a,
ASN00092045,19840323,TMIN,156,,,a,
ASN00092045,19840324,TMIN,163,,,a,
ASN00092045,19840325,TMIN,172,,,a,
ASN00092045,19840326,TMIN,97,,,a,
ASN00092045,19840327,TMIN,80,,,a,
ASN00092045,19840328,TMIN,64,,,a,
ASN00092045,19840329,TMIN,109,,,a,
ASN00092045,19840330,TMIN,119,,,a,
ASN00092045,19840331,TMIN,125,,,a,
ASN00092045,19840301,PRCP,16,,,a,
ASN00092045,19840302,PRCP,4,,,a,
ASN00092045,19840303,PRCP,0,,,a,
ASN00092045,19840304,PRCP,0,,,a,
ASN00092045,19840305,PRCP,0,,,a,
ASN00092045,19840306,PRCP,0,,,a,
ASN00092045,19840307,PRCP,0,,,a,
ASN00092045,19840308,PRCP,126,,,a,
ASN00092045,19840309,PRCP,0,,,a,
ASN00092045,19840310,PRCP,0,,,a,
ASN00092045,19840311,PRCP,0,,,a,
ASN00092045,19840312,PRCP,0,,,a,
ASN00092045,19840313,PRCP,0,,,a,
ASN00092045,19840314,PRCP,210,,,a,
ASN00092045,19840315,PRCP,0,,,a,
ASN00092045,19840316,PRCP,0,,,a,
ASN00092045,19840317,PRCP,0,,,a,
ASN00092045,19840318,PRCP,0,,,a,
ASN00092045,19840319,PRCP,0,,,a,
ASN00092045,19840320,PRCP,0,,,a,
ASN00092045,19840321,PRCP,12,,,a,
ASN00092045,19840322,PRCP,0,,,a,
ASN00092045,19840323,PRCP,0,,,a,
ASN00092045,19840324,PRCP,2,,,a,
ASN00092045,19840325,PRCP,0,,,a,
ASN00092045,19840326,PRCP,218,,,a,
ASN00092045,19840327,PRCP,472,,,a,
ASN00092045,19840328,PRCP,0,,,a,
ASN00092045,19840329,PRCP,0,,,a,
ASN00092045,19840330,PRCP,0,,,a,
ASN00092045,19840331,PRCP,240,,,a,
ASN00092045,19840301,TAVG,125,H,,S,
ASN00092045,19840303,TAVG,152,H,,S,
ASN00092045,19840304,TAVG,151,H,,S,
ASN00092045,19840310,TAVG,162,H,,S,
ASN00092045,19840311,TAVG,170,H,,S,
ASN00092045,19840312,TAVG,177,H,,S,
ASN00092045,19840313,TAVG,138,H,,S,
ASN00092045,19840314,TAVG,129,H,,S,
ASN00092045,19840315,TAVG,152,H,,S,
ASN00092045,19840316,TAVG,166,H,,S,
ASN00092045,19840318,TAVG,170,H,,S,
ASN00092045,19840319,TAVG,168,H,,S,
ASN00092045,19840320,TAVG,156,H,,S,
ASN00092045,19840322,TAVG,170,H,,S,
ASN00092045,19840323,TAVG,173,H,,S,
ASN00092045,19840325,TAVG,133,H,,S,
ASN00092045,19840326,TAVG,123,H,,S,
ASN00092045,19840327,TAVG,112,H,,S,
ASN00092045,19840328,TAVG,140,H,,S,
ASN00092045,19840329,TAVG,143,H,,S,
ASN00092045,19840331,TAVG,146,H,,S,
ASN00092045,19840401,TMAX,160,,,a,
ASN00092045,19840402,TMAX,185,,,a,
ASN00092045,19840403,TMAX,200,,,a,
ASN00092045,19840404,TMAX,178,,,a,
ASN00092045,19840405,TMAX,176,,,a,
ASN00092045,19840406,TMAX,196,,,a,
ASN00092045,19840407,TMAX,179,,,a,
ASN00092045,19840408,TMAX,154,,,a,
ASN00092045,19840409,TMAX,162,,,a,
ASN00092045,19840410,TMAX,159,,,a,
ASN00092045,19840411,TMAX,180,,,a,
ASN00092045,19840412,TMAX,193,,,a,
ASN00092045,19840413,TMAX,181,,,a,
ASN00092045,19840414,TMAX,185,,,a,
ASN00092045,19840415,TMAX,201,,,a,
ASN00092045,19840416,TMAX,188,,,a,
ASN00092045,19840417,TMAX,190,,,a,
ASN00092045,19840418,TMAX,180,,,a,
ASN00092045,19840419,TMAX,185,,,a,
ASN00092045,19840420,TMAX,150,,,a,
ASN00092045,19840421,TMAX,152,,,a,
ASN00092045,19840422,TMAX,166,,,a,
ASN00092045,19840423,TMAX,165,,,a,
ASN00092045,19840424,TMAX,160,,,a,
ASN00092045,19840425,TMAX,167,,,a,
ASN00092045,19840426,TMAX,174,,,a,
ASN00092045,19840427,TMAX,170,,,a,
ASN00092045,19840428,TMAX,157,,,a,
ASN00092045,19840429,TMAX,194,,,a,
ASN00092045,19840430,TMAX,185,,,a,
ASN00092045,19840401,TMIN,127,,,a,
ASN00092045,19840402,TMIN,130,,,a,
ASN00092045,19840403,TMIN,150,,,a,
ASN00092045,19840404,TMIN,76,,,a,
ASN00092045,19840405,TMIN,122,,,a,
ASN00092045,19840406,TMIN,95,,,a,
ASN00092045,19840407,TMIN,101,,,a,
ASN00092045,19840408,TMIN,114,,,a,
ASN00092045,19840409,TMIN,88,,,a,
ASN00092045,19840410,TMIN,125,,,a,
ASN00092045,19840411,TMIN,108,,,a,
ASN00092045,19840412,TMIN,115,,,a,
ASN00092045,19840413,TMIN,120,,,a,
ASN00092045,19840414,TMIN,114,,,a,
ASN00092045,19840415,TMIN,130,,,a,
ASN00092045,19840416,TMIN,155,,,a,
ASN00092045,19840417,TMIN,130,,,a,
ASN00092045,19840418,TMIN,142,,,a,
ASN00092045,19840419,TMIN,100,,,a,
ASN00092045,19840420,TMIN,135,,,a,
ASN00092045,19840421,TMIN,127,,,a,
ASN00092045,19840422,TMIN,115,,,a,
ASN00092045,19840423,TMIN,123,,,a,
ASN00092045,19840424,TMIN,85,,,a,
ASN00092045,19840425,TMIN,97,,,a,
ASN00092045,19840426,TMIN,71,,,a,
ASN00092045,19840427,TMIN,124,,,a,
ASN00092045,19840428,TMIN,86,,,a,
ASN00092045,19840429,TMIN,112,,,a,
ASN00092045,19840430,TMIN,111,,,a,
ASN00092045,19840401,PRCP,40,,,a,
ASN00092045,19840402,PRCP,0,,,a,
ASN00092045,19840403,PRCP,0,,,a,
ASN00092045,19840404,PRCP,0,,,a,
ASN00092045,19840405,PRCP,0,,,a,
ASN00092045,19840406,PRCP,0,,,a,
ASN00092045,19840407,PRCP,0,,,a,
ASN00092045,19840408,PRCP,0,,,a,
ASN00092045,19840409,PRCP,0,,,a,
ASN00092045,19840410,PRCP,0,,,a,
ASN00092045,19840411,PRCP,0,,,a,
ASN00092045,19840412,PRCP,0,,,a,
ASN00092045,19840413,PRCP,0,,,a,
ASN00092045,19840414,PRCP,0,,,a,
ASN00092045,19840415,PRCP,4,,,a,
ASN00092045,19840416,PRCP,0,,,a,
ASN00092045,19840417,PRCP,44,,,a,
ASN00092045,19840418,PRCP,4,,,a,
ASN00092045,19840419,PRCP,4,,,a,
ASN00092045,19840420,PRCP,0,,,a,
ASN00092045,19840421,PRCP,196,,,a,
ASN00092045,19840422,PRCP,104,,,a,
ASN00092045,19840423,PRCP,28,,,a,
ASN00092045,19840424,PRCP,70,,,a,
ASN00092045,19840425,PRCP,0,,,a,
ASN00092045,19840426,PRCP,0,,,a,
ASN00092045,19840427,PRCP,0,,,a,
ASN00092045,19840428,PRCP,0,,,a,
ASN00092045,19840429,PRCP,0,,,a,
ASN00092045,19840430,PRCP,0,,,a,
ASN00092045,19840402,TAVG,166,H,,S,
ASN00092045,19840405,TAVG,150,H,,S,
ASN00092045,19840407,TAVG,141,H,,S,
ASN00092045,19840408,TAVG,132,H,,S,
ASN00092045,19840409,TAVG,138,H,,S,
ASN00092045,19840410,TAVG,141,H,,S,
ASN00092045,19840411,TAVG,146,H,,S,
ASN00092045,19840412,TAVG,147,H,,S,
ASN00092045,19840413,TAVG,145,H,,S,
ASN00092045,19840415,TAVG,163,H,,S,
ASN00092045,19840417,TAVG,162,H,,S,
ASN00092045,19840418,TAVG,129,H,,S,
ASN00092045,19840419,TAVG,150,H,,S,
ASN00092045,19840421,TAVG,133,H,,S,
ASN00092045,19840422,TAVG,156,H,,S,
ASN00092045,19840425,TAVG,118,H,,S,
ASN00092045,19840426,TAVG,140,H,,S,
ASN00092045,19840427,TAVG,118,H,,S,
ASN00092045,19840428,TAVG,137,H,,S,
ASN00092045,19840429,TAVG,138,H,,S,
ASN00092045,19840430,TAVG,134,H,,S,
ASN00092045,19840501,TMAX,165,,,a,
ASN00092045,19840502,TMAX,200,,,a,
ASN00092045,19840503,TMAX,182,,,a,
ASN00092045,19840504,TMAX,148,,,a,
ASN00092045,19840505,TMAX,134,,,a,
ASN00092045,19840506,TMAX,146,,,a,
ASN00092045,19840507,TMAX,127,,,a,
ASN00092045,19840508,TMAX,149,,,a,
ASN00092045,19840509,TMAX,135,,,a,
ASN00092045,19840510,TMAX,142,,,a,
ASN00092045,19840511,TMAX,144,,,a,
ASN00092045,19840512,TMAX,155,,,a,
ASN00092045,19840513,TMAX,140,,,a,
ASN00092045,19840514,TMAX,176,,,a,
ASN00092045,19840515,TMAX,170,,,a,
ASN00092045,19840516,TMAX,161,,,a,
ASN00092045,19840517,TMAX,177,,,a,
ASN00092045,19840518,TMAX,152,,,a,
ASN00092045,19840519,TMAX,160,,,a,
ASN00092045,19840520,TMAX,150,,,a,
ASN00092045,19840521,TMAX,160,,,a,
ASN00092045,19840522,TMAX,147,,,a,
ASN00092045,19840523,TMAX,147,,,a,
ASN00092045,19840524,TMAX,128,,,a,
ASN00092045,19840525,TMAX,150,,,a,
ASN00092045,19840526,TMAX,154,,,a,
ASN00092045,19840527,TMAX,147,,,a,
ASN00092045,19840528,TMAX,140,,,a,
ASN00092045,19840529,TMAX,148,,,a,
ASN00092045,19840530,TMAX,154,,,a,
ASN00092045,19840531,TMAX,158,,,a,
ASN00092045,19840501,TMIN,93,,,a,
ASN00092045,19840502,TMIN,106,,,a,
ASN00092045,19840503,TMIN,133,,,a,
ASN00092045,19840504,TMIN,85,,,a,
ASN00092045,19840505,TMIN,72,,,a,
ASN00092045,19840506,TMIN,50,,,a,
ASN00092045,19840507,TMIN,97,,,a,
ASN00092045,19840508,TMIN,100,,,a,
ASN00092045,19840509,TMIN,112,,,a,
ASN00092045,19840510,TMIN,115,,,a,
ASN00092045,19840511,TMIN,117,,,a,
ASN00092045,19840512,TMIN,102,,,a,
ASN00092045,19840513,TMIN,85,,,a,
ASN00092045,19840514,TMIN,117,,,a,
ASN00092045,19840515,TMIN,90,,,a,
ASN00092045,19840516,TMIN,95,,,a,
ASN00092045,19840517,TMIN,114,,,a,
ASN00092045,19840518,TMIN,93,,,a,
ASN00092045,19840519,TMIN,120,,,a,
ASN00092045,19840520,TMIN,127,,,a,
ASN00092045,19840521,TMIN,130,,,a,
ASN00092045,19840522,TMIN,135,,,a,
ASN00092045,19840523,TMIN,92,,,a,
ASN00092045,19840524,TMIN,57,,,a,
ASN00092045,19840525,TMIN,67,,,a,
ASN00092045,19840526,TMIN,92,,,a,
ASN00092045,19840527,TMIN,125,,,a,
ASN00092045,19840528,TMIN,110,,,a,
ASN00092045,19840529,TMIN,115,,,a,
ASN00092045,19840530,TMIN,126,,,a,
ASN00092045,19840531,TMIN,111,,,a,
ASN00092045,19840501,PRCP,0,,,a,
ASN00092045,19840502,PRCP,0,,,a,
ASN00092045,19840503,PRCP,0,,,a,
ASN00092045,19840504,PRCP,16,,,a,
ASN00092045,19840505,PRCP,0,,,a,
ASN00092045,19840506,PRCP,0,,,a,
ASN00092045,19840507,PRCP,16,,,a,
ASN00092045,19840508,PRCP,56,,,a,
ASN00092045,19840509,PRCP,0,,,a,
ASN00092045,19840510,PRCP,14,,,a,
ASN00092045,19840511,PRCP,0,,,a,
ASN00092045,19840512,PRCP,10,,,a,
ASN00092045,19840513,PRCP,4,,,a,
ASN00092045,19840514,PRCP,2,,,a,
ASN00092045,19840515,PRCP,0,,,a,
ASN00092045,19840516,PRCP,2,,,a,
ASN00092045,19840517,PRCP,0,,,a,
ASN00092045,19840518,PRCP,0,,,a,
ASN00092045,19840519,PRCP,4,,,a,
ASN00092045,19840520,PRCP,0,,,a,
ASN00092045,19840521,PRCP,0,,,a,
ASN00092045,19840522,PRCP,0,,,a,
ASN00092045,19840523,PRCP,10,,,a,
ASN00092045,19840524,PRCP,0,,,a,
ASN00092045,19840525,PRCP,0,,,a,
ASN00092045,19840526,PRCP,0,,,a,
ASN00092045,19840527,PRCP,0,,,a,
ASN00092045,19840528,PRCP,0,,,a,
ASN00092045,19840529,PRCP,0,,,a,
ASN00092045,19840530,PRCP,14,,,a,
ASN00092045,19840531,PRCP,4,,,a,
ASN00092045,19840501,TAVG,137,H,,S,
ASN00092045,19840502,TAVG,146,H,,S,
ASN00092045,19840503,TAVG,128,H,,S,
ASN00092045,19840505,TAVG,101,H,,S,
ASN00092045,19840506,TAVG,114,H,,S,
ASN00092045,19840507,TAVG,118,H,,S,
ASN00092045,19840508,TAVG,124,H,,S,
ASN00092045,19840509,TAVG,123,H,,S,
ASN00092045,19840510,TAVG,130,H,,S,
ASN00092045,19840511,TAVG,122,H,,S,
ASN00092045,19840516,TAVG,132,H,,S,
ASN00092045,19840517,TAVG,123,H,,S,
ASN00092045,19840518,TAVG,141,H,,S,
ASN00092045,19840519,TAVG,138,H,,S,
ASN00092045,19840523,TAVG,91,H,,S,
ASN00092045,19840524,TAVG,96,H,,S,
ASN00092045,19840525,TAVG,123,H,,S,
ASN00092045,19840526,TAVG,138,H,,S,
ASN00092045,19840527,TAVG,125,H,,S,
ASN00092045,19840528,TAVG,126,H,,S,
ASN00092045,19840529,TAVG,136,H,,S,
ASN00092045,19840530,TAVG,130,H,,S,
ASN00092045,19840531,TAVG,133,H,,S,
ASN00092045,19840601,TMAX,152,,,a,
ASN00092045,19840602,TMAX,165,,,a,
ASN00092045,19840603,TMAX,145,,,a,
ASN00092045,19840604,TMAX,172,,,a,
ASN00092045,19840605,TMAX,155,,,a,
ASN00092045,19840606,TMAX,155,,,a,
ASN00092045,19840607,TMAX,162,,,a,
ASN00092045,19840608,TMAX,140,,,a,
ASN00092045,19840609,TMAX,137,,,a,
ASN00092045,19840610,TMAX,140,,,a,
ASN00092045,19840611,TMAX,145,,,a,
ASN00092045,19840612,TMAX,150,,,a,
ASN00092045,19840613,TMAX,143,,,a,
ASN00092045,19840614,TMAX,137,,,a,
ASN00092045,19840615,TMAX,145,,,a,
ASN00092045,19840616,TMAX,150,,,a,
ASN00092045,19840617,TMAX,139,,,a,
ASN00092045,19840618,TMAX,132,,,a,
ASN00092045,19840619,TMAX,116,,,a,
ASN00092045,19840620,TMAX,117,,,a,
ASN00092045,19840621,TMAX,135,,,a,
ASN00092045,19840622,TMAX,139,,,a,
ASN00092045,19840623,TMAX,147,,,a,
ASN00092045,19840624,TMAX,140,,,a,
ASN00092045,19840625,TMAX,147,,,a,
ASN00092045,19840626,TMAX,123,,,a,
ASN00092045,19840627,TMAX,129,,,a,
ASN00092045,19840628,TMAX,121,,,a,
ASN00092045,19840629,TMAX,120,,,a,
ASN00092045,19840630,TMAX,146,,,a,
ASN00092045,19840601,TMIN,111,,,a,
ASN00092045,19840602,TMIN,113,,,a,
ASN00092045,19840603,TMIN,90,,,a,
ASN00092045,19840604,TMIN,100,,,a,
ASN00092045,19840605,TMIN,72,,,a,
ASN00092045,19840606,TMIN,80,,,a,
ASN00092045,19840607,TMIN,98,,,a,
ASN00092045,19840608,TMIN,108,,,a,
ASN00092045,19840609,TMIN,90,,,a,
ASN00092045,19840610,TMIN,55,,,a,
ASN00092045,19840611,TMIN,75,,,a,
ASN00092045,19840612,TMIN,63,,,a,
ASN00092045,19840613,TMIN,67,,,a,
ASN00092045,19840614,TMIN,77,,,a,
ASN00092045,19840615,TMIN,85,,,a,
ASN00092045,19840616,TMIN,105,,,a,
ASN00092045,19840617,TMIN,85,,,a,
ASN00092045,19840618,TMIN,95,,,a,
ASN00092045,19840619,TMIN,99,,,a,
ASN00092045,19840620,TMIN,85,,,a,
ASN00092045,19840621,TMIN,86,,,a,
ASN00092045,19840622,TMIN,115,,,a,
ASN00092045,19840623,TMIN,80,,,a,
ASN00092045,19840624,TMIN,112,,,a,
ASN00092045,19840625,TMIN,84,,,a,
ASN00092045,19840626,TMIN,70,,,a,
ASN00092045,19840627,TMIN,77,,,a,
ASN00092045,19840628,TMIN,97,,,a,
ASN00092045,19840629,TMIN,85,,,a,
ASN00092045,19840630,TMIN,57,,,a,
ASN00092045,19840601,PRCP,12,,,a,
ASN00092045,19840602,PRCP,0,,,a,
ASN00092045,19840603,PRCP,24,,,a,
ASN00092045,19840604,PRCP,0,,,a,
ASN00092045,19840605,PRCP,0,,,a,
ASN00092045,19840606,PRCP,0,,,a,
ASN00092045,19840607,PRCP,0,,,a,
ASN00092045,19840608,PRCP,34,,,a,
ASN00092045,19840609,PRCP,10,,,a,
ASN00092045,19840610,PRCP,0,,,a,
ASN00092045,19840611,PRCP,0,,,a,
ASN00092045,19840612,PRCP,0,,,a,
ASN00092045,19840613,PRCP,0,,,a,
ASN00092045,19840614,PRCP,0,,,a,
ASN00092045,19840615,PRCP,0,,,a,
ASN00092045,19840616,PRCP,0,,,a,
ASN00092045,19840617,PRCP,14,,,a,
ASN00092045,19840618,PRCP,12,,,a,
ASN00092045,19840619,PRCP,52,,,a,
ASN00092045,19840620,PRCP,0,,,a,
ASN00092045,19840621,PRCP,0,,,a,
ASN00092045,19840622,PRCP,2,,,a,
ASN00092045,19840623,PRCP,0,,,a,
ASN00092045,19840624,PRCP,2,,,a,
ASN00092045,19840625,PRCP,26,,,a,
ASN00092045,19840626,PRCP,0,,,a,
ASN00092045,19840627,PRCP,40,,,a,
ASN00092045,19840628,PRCP,38,,,a,
ASN00092045,19840629,PRCP,32,,,a,
ASN00092045,19840630,PRCP,0,,,a,
ASN00092045,19840602,TAVG,127,H,,S,
ASN00092045,19840603,TAVG,127,H,,S,
ASN00092045,19840604,TAVG,121,H,,S,
ASN00092045,19840605,TAVG,134,H,,S,
ASN00092045,19840606,TAVG,129,H,,S,
ASN00092045,19840610,TAVG,101,H,,S,
ASN00092045,19840611,TAVG,96,H,,S,
ASN00092045,19840612,TAVG,102,H,,S,
ASN00092045,19840613,TAVG,99,H,,S,
ASN00092045,19840614,TAVG,110,H,,S,
ASN00092045,19840615,TAVG,133,H,,S,
ASN00092045,19840616,TAVG,105,H,,S,
ASN00092045,19840617,TAVG,118,H,,S,
ASN00092045,19840618,TAVG,107,H,,S,
ASN00092045,19840619,TAVG,104,H,,S,
ASN00092045,19840620,TAVG,103,H,,S,
ASN00092045,19840621,TAVG,126,H,,S,
ASN00092045,19840622,TAVG,109,H,,S,
ASN00092045,19840624,TAVG,112,H,,S,
ASN00092045,19840625,TAVG,98,H,,S,
ASN00092045,19840626,TAVG,108,H,,S,
ASN00092045,19840627,TAVG,117,H,,S,
ASN00092045,19840628,TAVG,102,H,,S,
ASN00092045,19840629,TAVG,98,H,,S,
ASN00092045,19840630,TAVG,109,H,,S,
ASN00092045,19840701,TMAX,128,,,a,
ASN00092045,19840702,TMAX,110,,,a,
ASN00092045,19840703,TMAX,110,,,a,
ASN00092045,19840704,TMAX,120,,,a,
ASN00092045,19840705,TMAX,115,,,a,
ASN00092045,19840706,TMAX,119,,,a,
ASN00092045,19840707,TMAX,117,,,a,
ASN00092045,19840708,TMAX,131,,,a,
ASN00092045,19840709,TMAX,135,,,a,
ASN00092045,19840710,TMAX,130,,,a,
ASN00092045,19840711,TMAX,140,,,a,
ASN00092045,19840712,TMAX,135,,,a,
ASN00092045,19840720,TMAX,141,,,a,
ASN00092045,19840721,TMAX,130,,,a,
ASN00092045,19840722,TMAX,125,,,a,
ASN00092045,19840723,TMAX,127,,,a,
ASN00092045,19840724,TMAX,123,,,a,
ASN00092045,19840725,TMAX,127,,,a,
ASN00092045,19840726,TMAX,132,,,a,
ASN00092045,19840727,TMAX,128,,,a,
ASN00092045,19840728,TMAX,126,,,a,
ASN00092045,19840729,TMAX,138,,,a,
ASN00092045,19840730,TMAX,128,,,a,
ASN00092045,19840731,TMAX,135,,,a,
ASN00092045,19840701,TMIN,62,,,a,
ASN00092045,19840702,TMIN,87,,,a,
ASN00092045,19840703,TMIN,46,,,a,
ASN00092045,19840704,TMIN,58,,,a,
ASN00092045,19840705,TMIN,87,,,a,
ASN00092045,19840706,TMIN,65,,,a,
ASN00092045,19840707,TMIN,51,,,a,
ASN00092045,19840708,TMIN,62,,,a,
ASN00092045,19840709,TMIN,86,,,a,
ASN00092045,19840710,TMIN,68,,,a,
ASN00092045,19840711,TMIN,70,,,a,
ASN00092045,19840712,TMIN,81,,,a,
ASN00092045,19840713,TMIN,23,,,a,
ASN00092045,19840714,TMIN,45,,,a,
ASN00092045,19840715,TMIN,65,,,a,
ASN00092045,19840716,TMIN,68,,,a,
ASN00092045,19840717,TMIN,95,,,a,
ASN00092045,19840718,TMIN,70,,,a,
ASN00092045,19840719,TMIN,85,,,a,
ASN00092045,19840720,TMIN,50,,,a,
ASN00092045,19840721,TMIN,50,,,a,
ASN00092045,19840722,TMIN,80,,,a,
ASN00092045,19840723,TMIN,100,,,a,
ASN00092045,19840724,TMIN,112,,,a,
ASN00092045,19840725,TMIN,85,,,a,
ASN00092045,19840726,TMIN,66,,,a,
ASN00092045,19840727,TMIN,65,,,a,
ASN00092045,19840728,TMIN,79,,,a,
ASN00092045,19840729,TMIN,110,,,a,
ASN00092045,19840730,TMIN,70,,,a,
ASN00092045,19840731,TMIN,77,,,a,
ASN00092045,19840701,PRCP,0,,,a,
ASN00092045,19840702,PRCP,28,,,a,
ASN00092045,19840703,PRCP,32,,,a,
ASN00092045,19840704,PRCP,0,,,a,
ASN00092045,19840705,PRCP,0,,,a,
ASN00092045,19840706,PRCP,0,,,a,
ASN00092045,19840707,PRCP,6,,,a,
ASN00092045,19840708,PRCP,8,,,a,
ASN00092045,19840709,PRCP,6,,,a,
ASN00092045,19840710,PRCP,0,,,a,
ASN00092045,19840711,PRCP,10,,,a,
ASN00092045,19840712,PRCP,4,,,a,
ASN00092045,19840713,PRCP,0,,,a,
ASN00092045,19840714,PRCP,0,,,a,
ASN00092045,19840715,PRCP,0,,,a,
ASN00092045,19840716,PRCP,42,,,a,
ASN00092045,19840717,PRCP,212,,,a,
ASN00092045,19840718,PRCP,6,,,a,
ASN00092045,19840719,PRCP,4,,,a,
ASN00092045,19840720,PRCP,0,,,a,
ASN00092045,19840721,PRCP,0,,,a,
ASN00092045,19840722,PRCP,0,,,a,
ASN00092045,19840723,PRCP,112,,,a,
ASN00092045,19840724,PRCP,42,,,a,
ASN00092045,19840725,PRCP,0,,,a,
ASN00092045,19840726,PRCP,0,,,a,
ASN00092045,19840727,PRCP,0,,,a,
ASN00092045,19840728,PRCP,24,,,a,
ASN00092045,19840729,PRCP,376,,,a,
ASN00092045,19840730,PRCP,8,,,a,
ASN00092045,19840731,PRCP,34,,,a,
ASN00092045,19840701,TAVG,106,H,,S,
ASN00092045,19840703,TAVG,96,H,,S,
ASN00092045,19840705,TAVG,94,H,,S,
ASN00092045,19840706,TAVG,80,H,,S,
ASN00092045,19840707,TAVG,105,H,,S,
ASN00092045,19840708,TAVG,108,H,,S,
ASN00092045,19840709,TAVG,102,H,,S,
ASN00092045,19840713,TAVG,71,H,,S,
ASN00092045,19840714,TAVG,83,H,,S,
ASN00092045,19840715,TAVG,108,H,,S,
ASN00092045,19840716,TAVG,114,H,,S,
ASN00092045,19840717,TAVG,94,H,,S,
ASN00092045,19840719,TAVG,80,H,,S,
ASN00092045,19840722,TAVG,118,H,,S,
ASN00092045,19840723,TAVG,121,H,,S,
ASN00092045,19840725,TAVG,81,H,,S,
ASN00092045,19840726,TAVG,88,H,,S,
ASN00092045,19840727,TAVG,121,H,,S,
ASN00092045,19840728,TAVG,120,H,,S,
ASN00092045,19840729,TAVG,107,H,,S,
ASN00092045,19840730,TAVG,102,H,,S,
ASN00092045,19840731,TAVG,101,H,,S,
ASN00092045,19840801,TMAX,153,,,a,
ASN00092045,19840802,TMAX,142,,,a,
ASN00092045,19840803,TMAX,152,,,a,
ASN00092045,19840804,TMAX,100,,,a,
ASN00092045,19840805,TMAX,123,,,a,
ASN00092045,19840806,TMAX,130,,,a,
ASN00092045,19840807,TMAX,155,,,a,
ASN00092045,19840808,TMAX,148,,,a,
ASN00092045,19840809,TMAX,140,,,a,
ASN00092045,19840810,TMAX,115,,,a,
ASN00092045,19840811,TMAX,130,,,a,
ASN00092045,19840812,TMAX,135,,,a,
ASN00092045,19840813,TMAX,125,,,a,
ASN00092045,19840814,TMAX,135,,,a,
ASN00092045,19840815,TMAX,135,,,a,
ASN00092045,19840816,TMAX,110,,,a,
ASN00092045,19840817,TMAX,115,,,a,
ASN00092045,19840818,TMAX,115,,,a,
ASN00092045,19840819,TMAX,128,,,a,
ASN00092045,19840820,TMAX,125,,,a,
ASN00092045,19840821,TMAX,115,,,a,
ASN00092045,19840822,TMAX,128,,,a,
ASN00092045,19840823,TMAX,130,,,a,
ASN00092045,19840824,TMAX,135,,,a,
ASN00092045,19840825,TMAX,135,,,a,
ASN00092045,19840826,TMAX,140,,,a,
ASN00092045,19840827,TMAX,130,,,a,
ASN00092045,19840828,TMAX,118,,,a,
ASN00092045,19840829,TMAX,155,,,a,
ASN00092045,19840830,TMAX,130,,,a,
ASN00092045,19840831,TMAX,150,,,a,
ASN00092045,19840801,TMIN,62,,,a,
ASN00092045,19840802,TMIN,87,,,a,
ASN00092045,19840803,TMIN,113,,,a,
ASN00092045,19840804,TMIN,61,,,a,
ASN00092045,19840805,TMIN,85,,,a,
ASN00092045,19840806,TMIN,95,,,a,
ASN00092045,19840807,TMIN,76,,,a,
ASN00092045,19840808,TMIN,81,,,a,
ASN00092045,19840809,TMIN,79,,,a,
ASN00092045,19840810,TMIN,104,,,a,
ASN00092045,19840811,TMIN,65,,,a,
ASN00092045,19840812,TMIN,85,,,a,
ASN00092045,19840813,TMIN,95,,,a,
ASN00092045,19840814,TMIN,100,,,a,
ASN00092045,19840815,TMIN,75,,,a,
ASN00092045,19840816,TMIN,65,,,a,
ASN00092045,19840817,TMIN,40,,,a,
ASN00092045,19840818,TMIN,78,,,a,
ASN00092045,19840819,TMIN,60,,,a,
ASN00092045,19840820,TMIN,69,,,a,
ASN00092045,19840821,TMIN,85,,,a,
ASN00092045,19840822,TMIN,60,,,a,
ASN00092045,19840823,TMIN,63,,,a,
ASN00092045,19840824,TMIN,93,,,a,
ASN00092045,19840825,TMIN,70,,,a,
ASN00092045,19840826,TMIN,70,,,a,
ASN00092045,19840827,TMIN,65,,,a,
ASN00092045,19840828,TMIN,35,,,a,
ASN00092045,19840829,TMIN,45,,,a,
ASN00092045,19840830,TMIN,75,,,a,
ASN00092045,19840831,TMIN,95,,,a,
ASN00092045,19840801,PRCP,0,,,a,
ASN00092045,19840802,PRCP,18,,,a,
ASN00092045,19840803,PRCP,4,,,a,
ASN00092045,19840804,PRCP,140,,,a,
ASN00092045,19840805,PRCP,0,,,a,
ASN00092045,19840806,PRCP,154,,,a,
ASN00092045,19840807,PRCP,232,,,a,
ASN00092045,19840808,PRCP,0,,,a,
ASN00092045,19840809,PRCP,0,,,a,
ASN00092045,19840810,PRCP,6,,,a,
ASN00092045,19840811,PRCP,306,,,a,
ASN00092045,19840812,PRCP,34,,,a,
ASN00092045,19840813,PRCP,0,,,a,
ASN00092045,19840814,PRCP,22,,,a,
ASN00092045,19840815,PRCP,0,,,a,
ASN00092045,19840816,PRCP,0,,,a,
ASN00092045,19840817,PRCP,4,,,a,
ASN00092045,19840818,PRCP,84,,,a,
ASN00092045,19840819,PRCP,164,,,a,
ASN00092045,19840820,PRCP,2,,,a,
ASN00092045,19840821,PRCP,294,,,a,
ASN00092045,19840822,PRCP,254,,,a,
ASN00092045,19840823,PRCP,16,,,a,
ASN00092045,19840824,PRCP,12,,,a,
ASN00092045,19840825,PRCP,128,,,a,
ASN00092045,19840826,PRCP,10,,,a,
ASN00092045,19840827,PRCP,6,,,a,
ASN00092045,19840828,PRCP,16,,,a,
ASN00092045,19840829,PRCP,0,,,a,
ASN00092045,19840830,PRCP,2,,,a,
ASN00092045,19840831,PRCP,0,,,a,
ASN00092045,19840801,TAVG,120,H,,S,
ASN00092045,19840803,TAVG,104,H,,S,
ASN00092045,19840804,TAVG,86,H,,S,
ASN00092045,19840805,TAVG,116,H,,S,
ASN00092045,19840807,TAVG,111,H,,S,
ASN00092045,19840808,TAVG,118,H,,S,
ASN00092045,19840810,TAVG,76,H,,S,
ASN00092045,19840811,TAVG,110,H,,S,
ASN00092045,19840812,TAVG,109,H,,S,
ASN00092045,19840814,TAVG,101,H,,S,
ASN00092045,19840815,TAVG,88,H,,S,
ASN00092045,19840816,TAVG,63,H,,S,
ASN00092045,19840817,TAVG,92,H,,S,
ASN00092045,19840818,TAVG,79,H,,S,
ASN00092045,19840819,TAVG,95,H,,S,
ASN00092045,19840820,TAVG,109,H,,S,
ASN00092045,19840821,TAVG,81,H,,S,
ASN00092045,19840822,TAVG,93,H,,S,
ASN00092045,19840823,TAVG,123,H,,S,
ASN00092045,19840824,TAVG,101,H,,S,
ASN00092045,19840825,TAVG,97,H,,S,
ASN00092045,19840827,TAVG,76,H,,S,
ASN00092045,19840828,TAVG,79,H,,S,
ASN00092045,19840829,TAVG,109,H,,S,
ASN00092045,19840830,TAVG,109,H,,S,
ASN00092045,19840901,TMAX,175,,,a,
ASN00092045,19840902,TMAX,140,,,a,
ASN00092045,19840903,TMAX,135,,,a,
ASN00092045,19840904,TMAX,140,,,a,
ASN00092045,19840905,TMAX,140,,,a,
ASN00092045,19840906,TMAX,133,,,a,
ASN00092045,19840907,TMAX,138,,,a,
ASN00092045,19840908,TMAX,165,,,a,
ASN00092045,19840909,TMAX,128,,,a,
ASN00092045,19840910,TMAX,147,,,a,
ASN00092045,19840911,TMAX,133,,,a,
ASN00092045,19840912,TMAX,142,,,a,
ASN00092045,19840913,TMAX,149,,,a,
ASN00092045,19840914,TMAX,138,,,a,
ASN00092045,19840915,TMAX,139,,,a,
ASN00092045,19840916,TMAX,140,,,a,
ASN00092045,19840917,TMAX,136,,,a,
ASN00092045,19840918,TMAX,138,,,a,
ASN00092045,19840919,TMAX,143,,,a,
ASN00092045,19840920,TMAX,138,,,a,
ASN00092045,19840921,TMAX,140,,,a,
ASN00092045,19840922,TMAX,123,,,a,
ASN00092045,19840923,TMAX,140,,,a,
ASN00092045,19840924,TMAX,152,,,a,
ASN00092045,19840925,TMAX,130,,,a,
ASN00092045,19840926,TMAX,167,,,a,
ASN00092045,19840927,TMAX,145,,,a,
ASN00092045,19840928,TMAX,120,,,a,
ASN00092045,19840929,TMAX,122,,,a,
ASN00092045,19840930,TMAX,137,,,a,
ASN00092045,19840901,TMIN,105,,,a,
ASN00092045,19840902,TMIN,100,,,a,
ASN00092045,19840903,TMIN,90,,,a,
ASN00092045,19840904,TMIN,70,,,a,
ASN00092045,19840905,TMIN,80,,,a,
ASN00092045,19840906,TMIN,105,,,a,
ASN00092045,19840907,TMIN,105,,,a,
ASN00092045,19840908,TMIN,105,,,a,
ASN00092045,19840909,TMIN,93,,,a,
ASN00092045,19840910,TMIN,95,,,a,
ASN00092045,19840911,TMIN,105,,,a,
ASN00092045,19840912,TMIN,26,,,a,
ASN00092045,19840913,TMIN,70,,,a,
ASN00092045,19840914,TMIN,70,,,a,
ASN00092045,19840915,TMIN,48,,,a,
ASN00092045,19840916,TMIN,110,,,a,
ASN00092045,19840917,TMIN,128,,,a,
ASN00092045,19840918,TMIN,115,,,a,
ASN00092045,19840919,TMIN,124,,,a,
ASN00092045,19840920,TMIN,120,,,a,
ASN00092045,19840921,TMIN,87,,,a,
ASN00092045,19840922,TMIN,81,,,a,
ASN00092045,19840923,TMIN,54,,,a,
ASN00092045,19840924,TMIN,85,,,a,
ASN00092045,19840925,TMIN,37,,,a,
ASN00092045,19840926,TMIN,37,,,a,
ASN00092045,19840927,TMIN,77,,,a,
ASN00092045,19840928,TMIN,30,,,a,
ASN00092045,19840929,TMIN,60,,,a,
ASN00092045,19840930,TMIN,45,,,a,
ASN00092045,19840901,PRCP,0,,,a,
ASN00092045,19840902,PRCP,0,,,a,
ASN00092045,19840903,PRCP,14,,,a,
ASN00092045,19840904,PRCP,34,,,a,
ASN00092045,19840905,PRCP,0,,,a,
ASN00092045,19840906,PRCP,38,,,a,
ASN00092045,19840907,PRCP,74,,,a,
ASN00092045,19840908,PRCP,68,,,a,
ASN00092045,19840909,PRCP,48,,,a,
ASN00092045,19840910,PRCP,2,,,a,
ASN00092045,19840911,PRCP,52,,,a,
ASN00092045,19840912,PRCP,132,,,a,
ASN00092045,19840913,PRCP,0,,,a,
ASN00092045,19840914,PRCP,0,,,a,
ASN00092045,19840915,PRCP,0,,,a,
ASN00092045,19840916,PRCP,0,,,a,
ASN00092045,19840917,PRCP,70,,,a,
ASN00092045,19840918,PRCP,176,,,a,
ASN00092045,19840919,PRCP,32,,,a,
ASN00092045,19840920,PRCP,2,,,a,
ASN00092045,19840921,PRCP,58,,,a,
ASN00092045,19840922,PRCP,212,,,a,
ASN00092045,19840923,PRCP,52,,,a,
ASN00092045,19840924,PRCP,0,,,a,
ASN00092045,19840925,PRCP,48,,,a,
ASN00092045,19840926,PRCP,0,,,a,
ASN00092045,19840927,PRCP,0,,,a,
ASN00092045,19840928,PRCP,6,,,a,
ASN00092045,19840929,PRCP,0,,,a,
ASN00092045,19840930,PRCP,0,,,a,
ASN00092045,19840901,TAVG,121,H,,S,
ASN00092045,19840902,TAVG,126,H,,S,
ASN00092045,19840903,TAVG,106,H,,S,
ASN00092045,19840904,TAVG,112,H,,S,
ASN00092045,19840905,TAVG,116,H,,S,
ASN00092045,19840906,TAVG,118,H,,S,
ASN00092045,19840907,TAVG,112,H,,S,
ASN00092045,19840908,TAVG,115,H,,S,
ASN00092045,19840910,TAVG,126,H,,S,
ASN00092045,19840911,TAVG,62,H,,S,
ASN00092045,19840912,TAVG,102,H,,S,
ASN00092045,19840913,TAVG,103,H,,S,
ASN00092045,19840914,TAVG,93,H,,S,
ASN00092045,19840915,TAVG,125,H,,S,
ASN00092045,19840916,TAVG,131,H,,S,
ASN00092045,19840917,TAVG,123,H,,S,
ASN00092045,19840918,TAVG,128,H,,S,
ASN00092045,19840919,TAVG,127,H,,S,
ASN00092045,19840920,TAVG,115,H,,S,
ASN00092045,19840922,TAVG,93,H,,S,
ASN00092045,19840923,TAVG,105,H,,S,
ASN00092045,19840924,TAVG,84,H,,S,
ASN00092045,19840925,TAVG,84,H,,S,
ASN00092045,19840926,TAVG,110,H,,S,
ASN00092045,19840927,TAVG,84,H,,S,
ASN00092045,19840928,TAVG,80,H,,S,
ASN00092045,19840929,TAVG,93,H,,S,
ASN00092045,19840930,TAVG,97,H,,S,
ASN00092045,19841001,TMAX,128,,,a,
ASN00092045,19841002,TMAX,150,,,a,
ASN00092045,19841003,TMAX,140,,,a,
ASN00092045,19841004,TMAX,155,,,a,
ASN00092045,19841005,TMAX,166,,,a,
ASN00092045,19841006,TMAX,192,,,a,
ASN00092045,19841007,TMAX,184,,,a,
ASN00092045,19841008,TMAX,213,,,a,
ASN00092045,19841009,TMAX,177,,,a,
ASN00092045,19841010,TMAX,165,,,a,
ASN00092045,19841011,TMAX,153,,,a,
ASN00092045,19841012,TMAX,184,,,a,
ASN00092045,19841013,TMAX,190,,,a,
ASN00092045,19841014,TMAX,167,,,a,
ASN00092045,19841015,TMAX,165,,,a,
ASN00092045,19841016,TMAX,145,,,a,
ASN00092045,19841017,TMAX,131,,,a,
ASN00092045,19841018,TMAX,140,,,a,
ASN00092045,19841019,TMAX,178,,,a,
ASN00092045,19841020,TMAX,140,,,a,
ASN00092045,19841021,TMAX,142,,,a,
ASN00092045,19841022,TMAX,144,,,a,
ASN00092045,19841023,TMAX,195,,,a,
ASN00092045,19841024,TMAX,172,,,a,
ASN00092045,19841025,TMAX,154,,,a,
ASN00092045,19841026,TMAX,185,,,a,
ASN00092045,19841027,TMAX,155,,,a,
ASN00092045,19841028,TMAX,185,,,a,
ASN00092045,19841029,TMAX,170,,,a,
ASN00092045,19841030,TMAX,147,,,a,
ASN00092045,19841031,TMAX,147,,,a,
ASN00092045,19841001,TMIN,54,,,a,
ASN00092045,19841002,TMIN,98,,,a,
ASN00092045,19841003,TMIN,125,,,a,
ASN00092045,19841004,TMIN,115,,,a,
ASN00092045,19841005,TMIN,73,,,a,
ASN00092045,19841006,TMIN,110,,,a,
ASN00092045,19841007,TMIN,95,,,a,
ASN00092045,19841008,TMIN,111,,,a,
ASN00092045,19841009,TMIN,130,,,a,
ASN00092045,19841010,TMIN,98,,,a,
ASN00092045,19841011,TMIN,82,,,a,
ASN00092045,19841012,TMIN,106,,,a,
ASN00092045,19841013,TMIN,122,,,a,
ASN00092045,19841014,TMIN,90,,,a,
ASN00092045,19841015,TMIN,105,,,a,
ASN00092045,19841016,TMIN,69,,,a,
ASN00092045,19841017,TMIN,56,,,a,
ASN00092045,19841018,TMIN,78,,,a,
ASN00092045,19841019,TMIN,79,,,a,
ASN00092045,19841020,TMIN,92,,,a,
ASN00092045,19841021,TMIN,80,,,a,
ASN00092045,19841022,TMIN,90,,,a,
ASN00092045,19841023,TMIN,101,,,a,
ASN00092045,19841024,TMIN,123,,,a,
ASN00092045,19841025,TMIN,125,,,a,
ASN00092045,19841026,TMIN,75,,,a,
ASN00092045,19841027,TMIN,89,,,a,
ASN00092045,19841028,TMIN,117,,,a,
ASN00092045,19841029,TMIN,114,,,a,
ASN00092045,19841030,TMIN,85,,,a,
ASN00092045,19841031,TMIN,100,,,a,
ASN00092045,19841001,PRCP,0,,,a,
ASN00092045,19841002,PRCP,0,,,a,
ASN00092045,19841003,PRCP,0,,,a,
ASN00092045,19841004,PRCP,128,,,a,
ASN00092045,19841005,PRCP,78,,,a,
ASN00092045,19841006,PRCP,0,,,a,
ASN00092045,19841007,PRCP,0,,,a,
ASN00092045,19841008,PRCP,0,,,a,
ASN00092045,19841009,PRCP,0,,,a,
ASN00092045,19841010,PRCP,4,,,a,
ASN00092045,19841011,PRCP,0,,,a,
ASN00092045,19841012,PRCP,0,,,a,
ASN00092045,19841013,PRCP,34,,,a,
ASN00092045,19841014,PRCP,0,,,a,
ASN00092045,19841015,PRCP,0,,,a,
ASN00092045,19841016,PRCP,56,,,a,
ASN00092045,19841017,PRCP,0,,,a,
ASN00092045,19841018,PRCP,0,,,a,
ASN00092045,19841019,PRCP,0,,,a,
ASN00092045,19841020,PRCP,0,,,a,
ASN00092045,19841021,PRCP,0,,,a,
ASN00092045,19841022,PRCP,0,,,a,
ASN00092045,19841023,PRCP,0,,,a,
ASN00092045,19841024,PRCP,0,,,a,
ASN00092045,19841025,PRCP,0,,,a,
ASN00092045,19841026,PRCP,0,,,a,
ASN00092045,19841027,PRCP,0,,,a,
ASN00092045,19841028,PRCP,0,,,a,
ASN00092045,19841029,PRCP,0,,,a,
ASN00092045,19841030,PRCP,10,,,a,
ASN00092045,19841031,PRCP,0,,,a,
ASN00092045,19841001,TAVG,117,H,,S,
ASN00092045,19841002,TAVG,133,H,,S,
ASN00092045,19841003,TAVG,123,H,,S,
ASN00092045,19841004,TAVG,108,H,,S,
ASN00092045,19841005,TAVG,131,H,,S,
ASN00092045,19841006,TAVG,123,H,,S,
ASN00092045,19841007,TAVG,136,H,,S,
ASN00092045,19841011,TAVG,130,H,,S,
ASN00092045,19841013,TAVG,122,H,,S,
ASN00092045,19841014,TAVG,127,H,,S,
ASN00092045,19841015,TAVG,112,H,,S,
ASN00092045,19841016,TAVG,86,H,,S,
ASN00092045,19841017,TAVG,107,H,,S,
ASN00092045,19841018,TAVG,115,H,,S,
ASN00092045,19841019,TAVG,127,H,,S,
ASN00092045,19841020,TAVG,114,H,,S,
ASN00092045,19841021,TAVG,117,H,,S,
ASN00092045,19841023,TAVG,149,H,,S,
ASN00092045,19841024,TAVG,136,H,,S,
ASN00092045,19841025,TAVG,122,H,,S,
ASN00092045,19841026,TAVG,137,H,,S,
ASN00092045,19841027,TAVG,133,H,,S,
ASN00092045,19841028,TAVG,130,H,,S,
ASN00092045,19841029,TAVG,111,H,,S,
ASN00092045,19841030,TAVG,118,H,,S,
ASN00092045,19841031,TAVG,136,H,,S,
ASN00092045,19841101,TMAX,165,,,a,
ASN00092045,19841102,TMAX,150,,,a,
ASN00092045,19841103,TMAX,194,,,a,
ASN00092045,19841104,TMAX,129,,,a,
ASN00092045,19841105,TMAX,153,,,a,
ASN00092045,19841106,TMAX,160,,,a,
ASN00092045,19841107,TMAX,160,,,a,
ASN00092045,19841108,TMAX,165,,,a,
ASN00092045,19841109,TMAX,170,,,a,
ASN00092045,19841110,TMAX,175,,,a,
ASN00092045,19841111,TMAX,220,,,a,
ASN00092045,19841112,TMAX,168,,,a,
ASN00092045,19841113,TMAX,165,,,a,
ASN00092045,19841114,TMAX,195,,,a,
ASN00092045,19841115,TMAX,166,,,a,
ASN00092045,19841116,TMAX,181,,,a,
ASN00092045,19841117,TMAX,200,,,a,
ASN00092045,19841118,TMAX,164,,,a,
ASN00092045,19841119,TMAX,173,,,a,
ASN00092045,19841120,TMAX,194,,,a,
ASN00092045,19841121,TMAX,170,,,a,
ASN00092045,19841122,TMAX,178,,,a,
ASN00092045,19841123,TMAX,162,,,a,
ASN00092045,19841124,TMAX,170,,,a,
ASN00092045,19841125,TMAX,162,,,a,
ASN00092045,19841126,TMAX,186,,,a,
ASN00092045,19841127,TMAX,223,,,a,
ASN00092045,19841128,TMAX,197,,,a,
ASN00092045,19841129,TMAX,172,,,a,
ASN00092045,19841130,TMAX,180,,,a,
ASN00092045,19841101,TMIN,123,,,a,
ASN00092045,19841102,TMIN,131,,,a,
ASN00092045,19841103,TMIN,120,,,a,
ASN00092045,19841104,TMIN,120,,,a,
ASN00092045,19841105,TMIN,100,,,a,
ASN00092045,19841106,TMIN,97,,,a,
ASN00092045,19841107,TMIN,124,,,a,
ASN00092045,19841108,TMIN,133,,,a,
ASN00092045,19841109,TMIN,140,,,a,
ASN00092045,19841110,TMIN,142,,,a,
ASN00092045,19841111,TMIN,147,,,a,
ASN00092045,19841112,TMIN,137,,,a,
ASN00092045,19841113,TMIN,113,,,a,
ASN00092045,19841114,TMIN,103,,,a,
ASN00092045,19841115,TMIN,103,,,a,
ASN00092045,19841116,TMIN,120,,,a,
ASN00092045,19841117,TMIN,120,,,a,
ASN00092045,19841118,TMIN,124,,,a,
ASN00092045,19841119,TMIN,134,,,a,
ASN00092045,19841120,TMIN,136,,,a,
ASN00092045,19841121,TMIN,120,,,a,
ASN00092045,19841122,TMIN,82,,,a,
ASN00092045,19841123,TMIN,50,,,a,
ASN00092045,19841124,TMIN,90,,,a,
ASN00092045,19841125,TMIN,105,,,a,
ASN00092045,19841126,TMIN,134,,,a,
ASN00092045,19841127,TMIN,155,,,a,
ASN00092045,19841128,TMIN,127,,,a,
ASN00092045,19841129,TMIN,120,,,a,
ASN00092045,19841130,TMIN,74,,,a,
ASN00092045,19841101,PRCP,0,,,a,
ASN00092045,19841102,PRCP,0,,,a,
ASN00092045,19841103,PRCP,62,,,a,
ASN00092045,19841104,PRCP,0,,,a,
ASN00092045,19841105,PRCP,58,,,a,
ASN00092045,19841106,PRCP,0,,,a,
ASN00092045,19841107,PRCP,0,,,a,
ASN00092045,19841108,PRCP,0,,,a,
ASN00092045,19841109,PRCP,14,,,a,
ASN00092045,19841110,PRCP,8,,,a,
ASN00092045,19841111,PRCP,42,,,a,
ASN00092045,19841112,PRCP,40,,,a,
ASN00092045,19841113,PRCP,12,,,a,
ASN00092045,19841114,PRCP,90,,,a,
ASN00092045,19841115,PRCP,0,,,a,
ASN00092045,19841116,PRCP,0,,,a,
ASN00092045,19841117,PRCP,0,,,a,
ASN00092045,19841118,PRCP,0,,,a,
ASN00092045,19841119,PRCP,0,,,a,
ASN00092045,19841120,PRCP,24,,,a,
ASN00092045,19841121,PRCP,12,,,a,
ASN00092045,19841122,PRCP,62,,,a,
ASN00092045,19841123,PRCP,0,,,a,
ASN00092045,19841124,PRCP,0,,,a,
ASN00092045,19841125,PRCP,0,,,a,
ASN00092045,19841126,PRCP,0,,,a,
ASN00092045,19841127,PRCP,0,,,a,
ASN00092045,19841128,PRCP,22,,,a,
ASN00092045,19841129,PRCP,0,,,a,
ASN00092045,19841130,PRCP,42,,,a,
ASN00092045,19841101,TAVG,136,H,,S,
ASN00092045,19841102,TAVG,139,H,,S,
ASN00092045,19841104,TAVG,109,H,,S,
ASN00092045,19841105,TAVG,131,H,,S,
ASN00092045,19841106,TAVG,135,H,,S,
ASN00092045,19841107,TAVG,143,H,,S,
ASN00092045,19841108,TAVG,144,H,,S,
ASN00092045,19841109,TAVG,151,H,,S,
ASN00092045,19841110,TAVG,153,H,,S,
ASN00092045,19841111,TAVG,154,H,,S,
ASN00092045,19841112,TAVG,133,H,,S,
ASN00092045,19841113,TAVG,133,H,,S,
ASN00092045,19841115,TAVG,136,H,,S,
ASN00092045,19841117,TAVG,136,H,,S,
ASN00092045,19841118,TAVG,147,H,,S,
ASN00092045,19841120,TAVG,147,H,,S,
ASN00092045,19841121,TAVG,112,H,,S,
ASN00092045,19841125,TAVG,148,H,,S,
ASN00092045,19841126,TAVG,166,H,,S,
ASN00092045,19841127,TAVG,148,H,,S,
ASN00092045,19841128,TAVG,142,H,,S,
ASN00092045,19841129,TAVG,122,H,,S,
ASN00092045,19841130,TAVG,124,H,,S,
ASN00092045,19841201,TMAX,185,,,a,
ASN00092045,19841202,TMAX,208,,,a,
ASN00092045,19841203,TMAX,156,,,a,
ASN00092045,19841204,TMAX,165,,,a,
ASN00092045,19841205,TMAX,175,,,a,
ASN00092045,19841206,TMAX,167,,,a,
ASN00092045,19841207,TMAX,160,,,a,
ASN00092045,19841208,TMAX,145,,,a,
ASN00092045,19841209,TMAX,158,,,a,
ASN00092045,19841210,TMAX,177,,,a,
ASN00092045,19841211,TMAX,170,,,a,
ASN00092045,19841212,TMAX,174,,,a,
ASN00092045,19841213,TMAX,194,,,a,
ASN00092045,19841214,TMAX,177,,,a,
ASN00092045,19841215,TMAX,166,,,a,
ASN00092045,19841216,TMAX,206,,,a,
ASN00092045,19841217,TMAX,200,,,a,
ASN00092045,19841218,TMAX,185,,,a,
ASN00092045,19841219,TMAX,168,,,a,
ASN00092045,19841220,TMAX,180,,,a,
ASN00092045,19841221,TMAX,175,,,a,
ASN00092045,19841222,TMAX,196,,,a,
ASN00092045,19841223,TMAX,192,,,a,
ASN00092045,19841224,TMAX,189,,,a,
ASN00092045,19841225,TMAX,155,,,a,
ASN00092045,19841226,TMAX,150,,,a,
ASN00092045,19841227,TMAX,151,,,a,
ASN00092045,19841228,TMAX,160,,,a,
ASN00092045,19841229,TMAX,173,,,a,
ASN00092045,19841230,TMAX,175,,,a,
ASN00092045,19841231,TMAX,177,,,a,
ASN00092045,19841201,TMIN,87,,,a,
ASN00092045,19841202,TMIN,120,,,a,
ASN00092045,19841203,TMIN,84,,,a,
ASN00092045,19841204,TMIN,50,,,a,
ASN00092045,19841205,TMIN,55,,,a,
ASN00092045,19841206,TMIN,98,,,a,
ASN00092045,19841207,TMIN,117,,,a,
ASN00092045,19841208,TMIN,108,,,a,
ASN00092045,19841209,TMIN,108,,,a,
ASN00092045,19841210,TMIN,114,,,a,
ASN00092045,19841211,TMIN,130,,,a,
ASN00092045,19841212,TMIN,124,,,a,
ASN00092045,19841213,TMIN,124,,,a,
ASN00092045,19841214,TMIN,78,,,a,
ASN00092045,19841215,TMIN,110,,,a,
ASN00092045,19841216,TMIN,100,,,a,
ASN00092045,19841217,TMIN,125,,,a,
ASN00092045,19841218,TMIN,125,,,a,
ASN00092045,19841219,TMIN,85,,,a,
ASN00092045,19841220,TMIN,90,,,a,
ASN00092045,19841221,TMIN,90,,,a,
ASN00092045,19841222,TMIN,94,,,a,
ASN00092045,19841223,TMIN,118,,,a,
ASN00092045,19841224,TMIN,122,,,a,
ASN00092045,19841225,TMIN,140,,,a,
ASN00092045,19841226,TMIN,122,,,a,
ASN00092045,19841227,TMIN,122,,,a,
ASN00092045,19841228,TMIN,124,,,a,
ASN00092045,19841229,TMIN,132,,,a,
ASN00092045,19841230,TMIN,144,,,a,
ASN00092045,19841231,TMIN,139,,,a,
ASN00092045,19841201,PRCP,0,,,a,
ASN00092045,19841202,PRCP,0,,,a,
ASN00092045,19841203,PRCP,12,,,a,
ASN00092045,19841204,PRCP,102,,,a,
ASN00092045,19841205,PRCP,8,,,a,
ASN00092045,19841206,PRCP,0,,,a,
ASN00092045,19841207,PRCP,0,,,a,
ASN00092045,19841208,PRCP,0,,,a,
ASN00092045,19841209,PRCP,32,,,a,
ASN00092045,19841210,PRCP,12,,,a,
ASN00092045,19841211,PRCP,0,,,a,
ASN00092045,19841212,PRCP,90,,,a,
ASN00092045,19841213,PRCP,8,,,a,
ASN00092045,19841214,PRCP,0,,,a,
ASN00092045,19841215,PRCP,50,,,a,
ASN00092045,19841216,PRCP,104,,,a,
ASN00092045,19841217,PRCP,0,,,a,
ASN00092045,19841218,PRCP,0,,,a,
ASN00092045,19841219,PRCP,56,,,a,
ASN00092045,19841220,PRCP,104,,,a,
ASN00092045,19841221,PRCP,0,,,a,
ASN00092045,19841222,PRCP,2,,,a,
ASN00092045,19841223,PRCP,0,,,a,
ASN00092045,19841224,PRCP,0,,,a,
ASN00092045,19841225,PRCP,40,,,a,
ASN00092045,19841226,PRCP,30,,,a,
ASN00092045,19841227,PRCP,0,,,a,
ASN00092045,19841228,PRCP,0,,,a,
ASN00092045,19841229,PRCP,10,,,a,
ASN00092045,19841230,PRCP,6,,,a,
ASN00092045,19841231,PRCP,0,,,a,
ASN00092045,19841202,TAVG,136,H,,S,
ASN00092045,19841203,TAVG,95,H,,S,
ASN00092045,19841204,TAVG,109,H,,S,
ASN00092045,19841206,TAVG,130,H,,S,
ASN00092045,19841207,TAVG,128,H,,S,
ASN00092045,19841208,TAVG,124,H,,S,
ASN00092045,19841211,TAVG,141,H,,S,
ASN00092045,19841212,TAVG,139,H,,S,
ASN00092045,19841213,TAVG,143,H,,S,
ASN00092045,19841215,TAVG,129,H,,S,
ASN00092045,19841216,TAVG,156,H,,S,
ASN00092045,19841218,TAVG,126,H,,S,
ASN00092045,19841219,TAVG,112,H,,S,
ASN00092045,19841222,TAVG,144,H,,S,
ASN00092045,19841223,TAVG,158,H,,S,
ASN00092045,19841224,TAVG,148,H,,S,
ASN00092045,19841225,TAVG,136,H,,S,
ASN00092045,19841226,TAVG,130,H,,S,
ASN00092045,19841227,TAVG,135,H,,S,
ASN00092045,19841228,TAVG,143,H,,S,
ASN00092045,19841230,TAVG,146,H,,S,
ASN00092045,19841231,TAVG,143,H,,S,
ASN00092045,19850101,TMAX,175,,,a,
ASN00092045,19850102,TMAX,178,,,a,
ASN00092045,19850103,TMAX,220,,,a,
ASN00092045,19850104,TMAX,182,,,a,
ASN00092045,19850105,TMAX,175,,,a,
ASN00092045,19850106,TMAX,180,,,a,
ASN00092045,19850107,TMAX,204,,,a,
ASN00092045,19850108,TMAX,182,,,a,
ASN00092045,19850109,TMAX,195,,,a,
ASN00092045,19850110,TMAX,220,,,a,
ASN00092045,19850111,TMAX,197,,,a,
ASN00092045,19850112,TMAX,190,,,a,
ASN00092045,19850113,TMAX,189,,,a,
ASN00092045,19850114,TMAX,214,,,a,
ASN00092045,19850115,TMAX,193,,,a,
ASN00092045,19850116,TMAX,196,,,a,
ASN00092045,19850117,TMAX,171,,,a,
ASN00092045,19850118,TMAX,175,,,a,
ASN00092045,19850119,TMAX,210,,,a,
ASN00092045,19850120,TMAX,207,,,a,
ASN00092045,19850121,TMAX,178,,,a,
ASN00092045,19850122,TMAX,174,,,a,
ASN00092045,19850123,TMAX,180,,,a,
ASN00092045,19850124,TMAX,182,,,a,
ASN00092045,19850125,TMAX,196,,,a,
ASN00092045,19850126,TMAX,180,,,a,
ASN00092045,19850127,TMAX,214,,,a,
ASN00092045,19850128,TMAX,200,,,a,
ASN00092045,19850129,TMAX,195,,,a,
ASN00092045,19850130,TMAX,225,,,a,
ASN00092045,19850131,TMAX,194,,,a,
ASN00092045,19850101,TMIN,131,,,a,
ASN00092045,19850102,TMIN,134,,,a,
ASN00092045,19850103,TMIN,130,,,a,
ASN00092045,19850104,TMIN,113,,,a,
ASN00092045,19850105,TMIN,125,,,a,
ASN00092045,19850106,TMIN,105,,,a,
ASN00092045,19850107,TMIN,105,,,a,
ASN00092045,19850108,TMIN,108,,,a,
ASN00092045,19850109,TMIN,125,,,a,
ASN00092045,19850110,TMIN,113,,,a,
ASN00092045,19850111,TMIN,96,,,a,
ASN00092045,19850112,TMIN,138,,,a,
ASN00092045,19850113,TMIN,136,,,a,
ASN00092045,19850114,TMIN,140,,,a,
ASN00092045,19850115,TMIN,150,,,a,
ASN00092045,19850116,TMIN,140,,,a,
ASN00092045,19850117,TMIN,122,,,a,
ASN00092045,19850118,TMIN,105,,,a,
ASN00092045,19850119,TMIN,125,,,a,
ASN00092045,19850120,TMIN,130,,,a,
ASN00092045,19850121,TMIN,134,,,a,
ASN00092045,19850122,TMIN,136,,,a,
ASN00092045,19850123,TMIN,137,,,a,
ASN00092045,19850124,TMIN,126,,,a,
ASN00092045,19850125,TMIN,138,,,a,
ASN00092045,19850126,TMIN,145,,,a,
ASN00092045,19850127,TMIN,150,,,a,
ASN00092045,19850128,TMIN,115,,,a,
ASN00092045,19850129,TMIN,156,,,a,
ASN00092045,19850130,TMIN,137,,,a,
ASN00092045,19850131,TMIN,140,,,a,
ASN00092045,19850101,PRCP,0,,,a,
ASN00092045,19850102,PRCP,0,,,a,
ASN00092045,19850103,PRCP,0,,,a,
ASN00092045,19850104,PRCP,4,,,a,
ASN00092045,19850105,PRCP,12,,,a,
ASN00092045,19850106,PRCP,54,,,a,
ASN00092045,19850107,PRCP,0,,,a,
ASN00092045,19850108,PRCP,0,,,a,
ASN00092045,19850109,PRCP,12,,,a,
ASN00092045,19850110,PRCP,0,,,a,
ASN00092045,19850111,PRCP,0,,,a,
ASN00092045,19850112,PRCP,0,,,a,
ASN00092045,19850113,PRCP,0,,,a,
ASN00092045,19850114,PRCP,0,,,a,
ASN00092045,19850115,PRCP,0,,,a,
ASN00092045,19850116,PRCP,0,,,a,
ASN00092045,19850117,PRCP,0,,,a,
ASN00092045,19850118,PRCP,86,,,a,
ASN00092045,19850119,PRCP,2,,,a,
ASN00092045,19850120,PRCP,0,,,a,
ASN00092045,19850121,PRCP,0,,,a,
ASN00092045,19850122,PRCP,0,,,a,
ASN00092045,19850123,PRCP,20,,,a,
ASN00092045,19850124,PRCP,100,,,a,
ASN00092045,19850125,PRCP,0,,,a,
ASN00092045,19850126,PRCP,0,,,a,
ASN00092045,19850127,PRCP,0,,,a,
ASN00092045,19850128,PRCP,0,,,a,
ASN00092045,19850129,PRCP,0,,,a,
ASN00092045,19850130,PRCP,0,,,a,
ASN00092045,19850131,PRCP,24,,,a,
ASN00092045,19850101,TAVG,147,H,,S,
ASN00092045,19850102,TAVG,141,H,,S,
ASN00092045,19850103,TAVG,154,H,,S,
ASN00092045,19850104,TAVG,153,H,,S,
ASN00092045,19850105,TAVG,125,H,,S,
ASN00092045,19850106,TAVG,144,H,,S,
ASN00092045,19850107,TAVG,147,H,,S,
ASN00092045,19850108,TAVG,142,H,,S,
ASN00092045,19850109,TAVG,154,H,,S,
ASN00092045,19850110,TAVG,149,H,,S,
ASN00092045,19850111,TAVG,148,H,,S,
ASN00092045,19850112,TAVG,152,H,,S,
ASN00092045,19850113,TAVG,151,H,,S,
ASN00092045,19850114,TAVG,174,H,,S,
ASN00092045,19850115,TAVG,153,H,,S,
ASN00092045,19850116,TAVG,138,H,,S,
ASN00092045,19850117,TAVG,131,H,,S,
ASN00092045,19850118,TAVG,136,H,,S,
ASN00092045,19850119,TAVG,159,H,,S,
ASN00092045,19850120,TAVG,152,H,,S,
ASN00092045,19850121,TAVG,148,H,,S,
ASN00092045,19850122,TAVG,157,H,,S,
ASN00092045,19850123,TAVG,143,H,,S,
ASN00092045,19850124,TAVG,152,H,,S,
ASN00092045,19850125,TAVG,158,H,,S,
ASN00092045,19850126,TAVG,167,H,,S,
ASN00092045,19850128,TAVG,173,H,,S,
ASN00092045,19850129,TAVG,163,H,,S,
ASN00092045,19850130,TAVG,179,H,,S,
ASN00092045,19850131,TAVG,151,H,,S,
ASN00092045,19850201,TMAX,175,,,a,
ASN00092045,19850202,TMAX,188,,,a,
ASN00092045,19850203,TMAX,195,,,a,
ASN00092045,19850204,TMAX,312,,,a,
ASN00092045,19850205,TMAX,200,,,a,
ASN00092045,19850206,TMAX,195,,,a,
ASN00092045,19850207,TMAX,184,,,a,
ASN00092045,19850208,TMAX,183,,,a,
ASN00092045,19850209,TMAX,217,,,a,
ASN00092045,19850210,TMAX,207,,,a,
ASN00092045,19850211,TMAX,184,,,a,
ASN00092045,19850212,TMAX,203,,,a,
ASN00092045,19850213,TMAX,215,,,a,
ASN00092045,19850214,TMAX,187,,,a,
ASN00092045,19850215,TMAX,199,,,a,
ASN00092045,19850216,TMAX,222,,,a,
ASN00092045,19850217,TMAX,194,,,a,
ASN00092045,19850218,TMAX,186,,,a,
ASN00092045,19850219,TMAX,200,,,a,
ASN00092045,19850220,TMAX,216,,,a,
ASN00092045,19850221,TMAX,192,,,a,
ASN00092045,19850222,TMAX,205,,,a,
ASN00092045,19850223,TMAX,190,,,a,
ASN00092045,19850224,TMAX,186,,,a,
ASN00092045,19850225,TMAX,195,,,a,
ASN00092045,19850226,TMAX,195,,,a,
ASN00092045,19850227,TMAX,154,,,a,
ASN00092045,19850228,TMAX,210,,,a,
ASN00092045,19850201,TMIN,125,,,a,
ASN00092045,19850202,TMIN,115,,,a,
ASN00092045,19850203,TMIN,154,,,a,
ASN00092045,19850204,TMIN,150,,,a,
ASN00092045,19850205,TMIN,149,,,a,
ASN00092045,19850206,TMIN,167,,,a,
ASN00092045,19850207,TMIN,135,,,a,
ASN00092045,19850208,TMIN,126,,,a,
ASN00092045,19850209,TMIN,120,,,a,
ASN00092045,19850210,TMIN,140,,,a,
ASN00092045,19850211,TMIN,140,,,a,
ASN00092045,19850212,TMIN,150,,,a,
ASN00092045,19850213,TMIN,160,,,a,
ASN00092045,19850214,TMIN,97,,,a,
ASN00092045,19850215,TMIN,143,,,a,
ASN00092045,19850216,TMIN,150,,,a,
ASN00092045,19850217,TMIN,117,,,a,
ASN00092045,19850218,TMIN,136,,,a,
ASN00092045,19850219,TMIN,140,,,a,
ASN00092045,19850220,TMIN,160,,,a,
ASN00092045,19850221,TMIN,165,,,a,
ASN00092045,19850222,TMIN,170,,,a,
ASN00092045,19850223,TMIN,140,,,a,
ASN00092045,19850224,TMIN,124,,,a,
ASN00092045,19850225,TMIN,164,,,a,
ASN00092045,19850226,TMIN,105,,,a,
ASN00092045,19850227,TMIN,125,,,a,
ASN00092045,19850228,TMIN,95,,,a,
ASN00092045,19850201,PRCP,8,,,a,
ASN00092045,19850202,PRCP,0,,,a,
ASN00092045,19850203,PRCP,0,,,a,
ASN00092045,19850204,PRCP,2,,,a,
ASN00092045,19850205,PRCP,0,,,a,
ASN00092045,19850206,PRCP,0,,,a,
ASN00092045,19850207,PRCP,4,,,a,
ASN00092045,19850208,PRCP,0,,,a,
ASN00092045,19850209,PRCP,0,,,a,
ASN00092045,19850210,PRCP,0,,,a,
ASN00092045,19850211,PRCP,0,,,a,
ASN00092045,19850212,PRCP,0,,,a,
ASN00092045,19850213,PRCP,0,,,a,
ASN00092045,19850214,PRCP,0,,,a,
ASN00092045,19850215,PRCP,0,,,a,
ASN00092045,19850216,PRCP,4,,,a,
ASN00092045,19850217,PRCP,8,,,a,
ASN00092045,19850218,PRCP,14,,,a,
ASN00092045,19850219,PRCP,0,,,a,
ASN00092045,19850220,PRCP,0,,,a,
ASN00092045,19850221,PRCP,0,,,a,
ASN00092045,19850222,PRCP,58,,,a,
ASN00092045,19850223,PRCP,6,,,a,
ASN00092045,19850224,PRCP,0,,,a,
ASN00092045,19850225,PRCP,0,,,a,
ASN00092045,19850226,PRCP,0,,,a,
ASN00092045,19850227,PRCP,0,,,a,
ASN00092045,19850228,PRCP,28,,,a,
ASN00092045,19850201,TAVG,141,H,,S,
ASN00092045,19850202,TAVG,171,H,,S,
ASN00092045,19850203,TAVG,173,H,,S,
ASN00092045,19850204,TAVG,195,H,,S,
ASN00092045,19850205,TAVG,183,H,,S,
ASN00092045,19850206,TAVG,148,H,,S,
ASN00092045,19850207,TAVG,142,H,,S,
ASN00092045,19850208,TAVG,151,H,,S,
ASN00092045,19850209,TAVG,166,H,,S,
ASN00092045,19850210,TAVG,166,H,,S,
ASN00092045,19850212,TAVG,182,H,,S,
ASN00092045,19850213,TAVG,148,H,,S,
ASN00092045,19850216,TAVG,149,H,,S,
ASN00092045,19850217,TAVG,156,H,,S,
ASN00092045,19850218,TAVG,155,H,,S,
ASN00092045,19850219,TAVG,174,H,,S,
ASN00092045,19850220,TAVG,177,H,,S,
ASN00092045,19850221,TAVG,177,H,,S,
ASN00092045,19850222,TAVG,168,H,,S,
ASN00092045,19850224,TAVG,170,H,,S,
ASN00092045,19850225,TAVG,157,H,,S,
ASN00092045,19850226,TAVG,156,H,,S,
ASN00092045,19850227,TAVG,127,H,,S,
ASN00092045,19850228,TAVG,157,H,,S,
ASN00092045,19850301,TMAX,195,,,a,
ASN00092045,19850302,TMAX,185,,,a,
ASN00092045,19850303,TMAX,188,,,a,
ASN00092045,19850304,TMAX,195,,,a,
ASN00092045,19850305,TMAX,206,,,a,
ASN00092045,19850306,TMAX,175,,,a,
ASN00092045,19850307,TMAX,185,,,a,
ASN00092045,19850308,TMAX,195,,,a,
ASN00092045,19850309,TMAX,197,,,a,
ASN00092045,19850310,TMAX,197,,,a,
ASN00092045,19850311,TMAX,217,,,a,
ASN00092045,19850312,TMAX,242,,,a,
ASN00092045,19850313,TMAX,180,,,a,
ASN00092045,19850314,TMAX,202,,,a,
ASN00092045,19850315,TMAX,194,,,a,
ASN00092045,19850316,TMAX,173,,,a,
ASN00092045,19850317,TMAX,162,,,a,
ASN00092045,19850318,TMAX,162,,,a,
ASN00092045,19850319,TMAX,185,,,a,
ASN00092045,19850320,TMAX,205,,,a,
ASN00092045,19850321,TMAX,204,,,a,
ASN00092045,19850322,TMAX,190,,,a,
ASN00092045,19850323,TMAX,207,,,a,
ASN00092045,19850324,TMAX,184,,,a,
ASN00092045,19850325,TMAX,179,,,a,
ASN00092045,19850326,TMAX,180,,,a,
ASN00092045,19850327,TMAX,190,,,a,
ASN00092045,19850328,TMAX,205,,,a,
ASN00092045,19850329,TMAX,198,,,a,
ASN00092045,19850330,TMAX,207,,,a,
ASN00092045,19850331,TMAX,226,,,a,
ASN00092045,19850301,TMIN,110,,,a,
ASN00092045,19850302,TMIN,142,,,a,
ASN00092045,19850303,TMIN,130,,,a,
ASN00092045,19850304,TMIN,140,,,a,
ASN00092045,19850305,TMIN,105,,,a,
ASN00092045,19850306,TMIN,100,,,a,
ASN00092045,19850307,TMIN,134,,,a,
ASN00092045,19850308,TMIN,142,,,a,
ASN00092045,19850309,TMIN,155,,,a,
ASN00092045,19850310,TMIN,165,,,a,
ASN00092045,19850311,TMIN,172,,,a,
ASN00092045,19850312,TMIN,180,,,a,
ASN00092045,19850313,TMIN,140,,,a,
ASN00092045,19850314,TMIN,150,,,a,
ASN00092045,19850315,TMIN,180,,,a,
ASN00092045,19850316,TMIN,163,,,a,
ASN00092045,19850317,TMIN,145,,,a,
ASN00092045,19850318,TMIN,150,,,a,
ASN00092045,19850319,TMIN,140,,,a,
ASN00092045,19850320,TMIN,140,,,a,
ASN00092045,19850321,TMIN,175,,,a,
ASN00092045,19850322,TMIN,170,,,a,
ASN00092045,19850323,TMIN,170,,,a,
ASN00092045,19850324,TMIN,165,,,a,
ASN00092045,19850325,TMIN,119,,,a,
ASN00092045,19850326,TMIN,105,,,a,
ASN00092045,19850327,TMIN,115,,,a,
ASN00092045,19850328,TMIN,125,,,a,
ASN00092045,19850329,TMIN,135,,,a,
ASN00092045,19850330,TMIN,138,,,a,
ASN00092045,19850331,TMIN,145,,,a,
ASN00092045,19850301,PRCP,0,,,a,
ASN00092045,19850302,PRCP,260,,,a,
ASN00092045,19850303,PRCP,68,,,a,
ASN00092045,19850304,PRCP,0,,,a,
ASN00092045,19850305,PRCP,0,,,a,
ASN00092045,19850306,PRCP,0,,,a,
ASN00092045,19850307,PRCP,0,,,a,
ASN00092045,19850308,PRCP,0,,,a,
ASN00092045,19850309,PRCP,0,,,a,
ASN00092045,19850310,PRCP,0,,,a,
ASN00092045,19850311,PRCP,0,,,a,
ASN00092045,19850312,PRCP,0,,,a,
ASN00092045,19850313,PRCP,2,,,a,
ASN00092045,19850314,PRCP,0,,,a,
ASN00092045,19850315,PRCP,0,,,a,
ASN00092045,19850316,PRCP,0,,,a,
ASN00092045,19850317,PRCP,182,,,a,
ASN00092045,19850318,PRCP,10,,,a,
ASN00092045,19850319,PRCP,8,,,a,
ASN00092045,19850320,PRCP,136,,,a,
ASN00092045,19850321,PRCP,2,,,a,
ASN00092045,19850322,PRCP,0,,,a,
ASN00092045,19850323,PRCP,0,,,a,
ASN00092045,19850324,PRCP,14,,,a,
ASN00092045,19850325,PRCP,6,,,a,
ASN00092045,19850326,PRCP,0,,,a,
ASN00092045,19850327,PRCP,0,,,a,
ASN00092045,19850328,PRCP,0,,,a,
ASN00092045,19850329,PRCP,0,,,a,
ASN00092045,19850330,PRCP,90,,,a,
ASN00092045,19850331,PRCP,0,,,a,
ASN00092045,19850301,TAVG,157,H,,S,
ASN00092045,19850302,TAVG,144,H,,S,
ASN00092045,19850304,TAVG,122,H,,S,
ASN00092045,19850305,TAVG,144,H,,S,
ASN00092045,19850306,TAVG,156,H,,S,
ASN00092045,19850307,TAVG,169,H,,S,
ASN00092045,19850308,TAVG,173,H,,S,
ASN00092045,19850310,TAVG,179,H,,S,
ASN00092045,19850311,TAVG,202,H,,S,
ASN00092045,19850312,TAVG,161,H,,S,
ASN00092045,19850313,TAVG,171,H,,S,
ASN00092045,19850315,TAVG,173,H,,S,
ASN00092045,19850316,TAVG,155,H,,S,
ASN00092045,19850317,TAVG,152,H,,S,
ASN00092045,19850319,TAVG,169,H,,S,
ASN00092045,19850320,TAVG,182,H,,S,
ASN00092045,19850322,TAVG,175,H,,S,
ASN00092045,19850324,TAVG,145,H,,S,
ASN00092045,19850325,TAVG,142,H,,S,
ASN00092045,19850326,TAVG,157,H,,S,
ASN00092045,19850327,TAVG,160,H,,S,
ASN00092045,19850329,TAVG,154,H,,S,
ASN00092045,19850330,TAVG,168,H,,S,
ASN00092045,19850331,TAVG,158,H,,S,
ASN00092045,19850401,TMAX,165,,,a,
ASN00092045,19850402,TMAX,178,,,a,
ASN00092045,19850403,TMAX,165,,,a,
ASN00092045,19850404,TMAX,185,,,a,
ASN00092045,19850405,TMAX,180,,,a,
ASN00092045,19850406,TMAX,195,,,a,
ASN00092045,19850407,TMAX,191,,,a,
ASN00092045,19850408,TMAX,197,,,a,
ASN00092045,19850409,TMAX,190,,,a,
ASN00092045,19850410,TMAX,192,,,a,
ASN00092045,19850411,TMAX,195,,,a,
ASN00092045,19850412,TMAX,203,,,a,
ASN00092045,19850413,TMAX,195,,,a,
ASN00092045,19850414,TMAX,200,,,a,
ASN00092045,19850415,TMAX,179,,,a,
ASN00092045,19850416,TMAX,157,,,a,
ASN00092045,19850417,TMAX,145,,,a,
ASN00092045,19850418,TMAX,125,,,a,
ASN00092045,19850419,TMAX,160,,,a,
ASN00092045,19850420,TMAX,145,,,a,
ASN00092045,19850421,TMAX,132,,,a,
ASN00092045,19850422,TMAX,157,,,a,
ASN00092045,19850423,TMAX,155,,,a,
ASN00092045,19850424,TMAX,157,,,a,
ASN00092045,19850425,TMAX,160,,,a,
ASN00092045,19850426,TMAX,175,,,a,
ASN00092045,19850427,TMAX,185,,,a,
ASN00092045,19850428,TMAX,190,,,a,
ASN00092045,19850429,TMAX,185,,,a,
ASN00092045,19850430,TMAX,185,,,a,
ASN00092045,19850401,TMIN,132,,,a,
ASN00092045,19850402,TMIN,142,,,a,
ASN00092045,19850403,TMIN,150,,,a,
ASN00092045,19850404,TMIN,148,,,a,
ASN00092045,19850405,TMIN,145,,,a,
ASN00092045,19850406,TMIN,145,,,a,
ASN00092045,19850407,TMIN,167,,,a,
ASN00092045,19850408,TMIN,157,,,a,
ASN00092045,19850409,TMIN,135,,,a,
ASN00092045,19850410,TMIN,140,,,a,
ASN00092045,19850411,TMIN,138,,,a,
ASN00092045,19850412,TMIN,162,,,a,
ASN00092045,19850413,TMIN,178,,,a,
ASN00092045,19850414,TMIN,180,,,a,
ASN00092045,19850415,TMIN,165,,,a,
ASN00092045,19850416,TMIN,105,,,a,
ASN00092045,19850417,TMIN,50,,,a,
ASN00092045,19850418,TMIN,40,,,a,
ASN00092045,19850419,TMIN,80,,,a,
ASN00092045,19850420,TMIN,75,,,a,
ASN00092045,19850421,TMIN,90,,,a,
ASN00092045,19850422,TMIN,110,,,a,
ASN00092045,19850423,TMIN,110,,,a,
ASN00092045,19850424,TMIN,110,,,a,
ASN00092045,19850425,TMIN,125,,,a,
ASN00092045,19850426,TMIN,115,,,a,
ASN00092045,19850427,TMIN,119,,,a,
ASN00092045,19850428,TMIN,117,,,a,
ASN00092045,19850429,TMIN,129,,,a,
ASN00092045,19850430,TMIN,135,,,a,
ASN00092045,19850401,PRCP,0,,,a,
ASN00092045,19850402,PRCP,82,,,a,
ASN00092045,19850403,PRCP,0,,,a,
ASN00092045,19850404,PRCP,42,,,a,
ASN00092045,19850405,PRCP,40,,,a,
ASN00092045,19850406,PRCP,42,,,a,
ASN00092045,19850407,PRCP,0,,,a,
ASN00092045,19850408,PRCP,20,,,a,
ASN00092045,19850409,PRCP,0,,,a,
ASN00092045,19850410,PRCP,0,,,a,
ASN00092045,19850411,PRCP,0,,,a,
ASN00092045,19850412,PRCP,0,,,a,
ASN00092045,19850413,PRCP,0,,,a,
ASN00092045,19850414,PRCP,8,,,a,
ASN00092045,19850415,PRCP,460,,,a,
ASN00092045,19850416,PRCP,68,,,a,
ASN00092045,19850417,PRCP,14,,,a,
ASN00092045,19850418,PRCP,0,,,a,
ASN00092045,19850419,PRCP,166,,,a,
ASN00092045,19850420,PRCP,4,,,a,
ASN00092045,19850421,PRCP,0,,,a,
ASN00092045,19850422,PRCP,0,,,a,
ASN00092045,19850423,PRCP,0,,,a,
ASN00092045,19850424,PRCP,0,,,a,
ASN00092045,19850425,PRCP,0,,,a,
ASN00092045,19850426,PRCP,0,,,a,
ASN00092045,19850427,PRCP,24,,,a,
ASN00092045,19850428,PRCP,4,,,a,
ASN00092045,19850429,PRCP,4,,,a,
ASN00092045,19850430,PRCP,4,,,a,
ASN00092045,19850401,TAVG,153,H,,S,
ASN00092045,19850403,TAVG,153,H,,S,
ASN00092045,19850405,TAVG,159,H,,S,
ASN00092045,19850406,TAVG,173,H,,S,
ASN00092045,19850407,TAVG,171,H,,S,
ASN00092045,19850408,TAVG,163,H,,S,
ASN00092045,19850409,TAVG,162,H,,S,
ASN00092045,19850410,TAVG,168,H,,S,
ASN00092045,19850412,TAVG,183,H,,S,
ASN00092045,19850413,TAVG,183,H,,S,
ASN00092045,19850414,TAVG,179,H,,S,
ASN00092045,19850415,TAVG,140,H,,S,
ASN00092045,19850416,TAVG,95,H,,S,
ASN00092045,19850417,TAVG,104,H,,S,
ASN00092045,19850418,TAVG,103,H,,S,
ASN00092045,19850419,TAVG,116,H,,S,
ASN00092045,19850420,TAVG,115,H,,S,
ASN00092045,19850421,TAVG,117,H,,S,
ASN00092045,19850422,TAVG,132,H,,S,
ASN00092045,19850423,TAVG,133,H,,S,
ASN00092045,19850424,TAVG,134,H,,S,
ASN00092045,19850425,TAVG,136,H,,S,
ASN00092045,19850426,TAVG,142,H,,S,
ASN00092045,19850428,TAVG,158,H,,S,
ASN00092045,19850429,TAVG,156,H,,S,
ASN00092045,19850430,TAVG,154,H,,S,
ASN00092045,19850501,TMAX,183,,,a,
ASN00092045,19850502,TMAX,185,,,a,
ASN00092045,19850503,TMAX,180,,,a,
ASN00092045,19850504,TMAX,175,,,a,
ASN00092045,19850505,TMAX,178,,,a,
ASN00092045,19850506,TMAX,186,,,a,
ASN00092045,19850507,TMAX,158,,,a,
ASN00092045,19850508,TMAX,148,,,a,
ASN00092045,19850509,TMAX,160,,,a,
ASN00092045,19850510,TMAX,170,,,a,
ASN00092045,19850511,TMAX,191,,,a,
ASN00092045,19850512,TMAX,143,,,a,
ASN00092045,19850513,TMAX,155,,,a,
ASN00092045,19850514,TMAX,160,,,a,
ASN00092045,19850515,TMAX,170,,,a,
ASN00092045,19850516,TMAX,148,,,a,
ASN00092045,19850517,TMAX,140,,,a,
ASN00092045,19850518,TMAX,146,,,a,
ASN00092045,19850519,TMAX,122,,,a,
ASN00092045,19850520,TMAX,139,,,a,
ASN00092045,19850521,TMAX,157,,,a,
ASN00092045,19850522,TMAX,146,,,a,
ASN00092045,19850523,TMAX,152,,,a,
ASN00092045,19850524,TMAX,137,,,a,
ASN00092045,19850525,TMAX,150,,,a,
ASN00092045,19850526,TMAX,147,,,a,
ASN00092045,19850527,TMAX,162,,,a,
ASN00092045,19850528,TMAX,166,,,a,
ASN00092045,19850529,TMAX,150,,,a,
ASN00092045,19850530,TMAX,141,,,a,
ASN00092045,19850531,TMAX,143,,,a,
ASN00092045,19850501,TMIN,130,,,a,
ASN00092045,19850502,TMIN,155,,,a,
ASN00092045,19850503,TMIN,135,,,a,
ASN00092045,19850504,TMIN,130,,,a,
ASN00092045,19850505,TMIN,135,,,a,
ASN00092045,19850506,TMIN,134,,,a,
ASN00092045,19850507,TMIN,120,,,a,
ASN00092045,19850508,TMIN,120,,,a,
ASN00092045,19850509,TMIN,80,,,a,
ASN00092045,19850510,TMIN,80,,,a,
ASN00092045,19850511,TMIN,116,,,a,
ASN00092045,19850512,TMIN,105,,,a,
ASN00092045,19850513,TMIN,119,,,a,
ASN00092045,19850514,TMIN,130,,,a,
ASN00092045,19850515,TMIN,135,,,a,
ASN00092045,19850516,TMIN,105,,,a,
ASN00092045,19850517,TMIN,65,,,a,
ASN00092045,19850518,TMIN,85,,,a,
ASN00092045,19850519,TMIN,89,,,a,
ASN00092045,19850520,TMIN,50,,,a,
ASN00092045,19850521,TMIN,72,,,a,
ASN00092045,19850522,TMIN,99,,,a,
ASN00092045,19850523,TMIN,85,,,a,
ASN00092045,19850524,TMIN,100,,,a,
ASN00092045,19850525,TMIN,105,,,a,
ASN00092045,19850526,TMIN,105,,,a,
ASN00092045,19850527,TMIN,117,,,a,
ASN00092045,19850528,TMIN,122,,,a,
ASN00092045,19850529,TMIN,135,,,a,
ASN00092045,19850530,TMIN,105,,,a,
ASN00092045,19850531,TMIN,94,,,a,
ASN00092045,19850501,PRCP,2,,,a,
ASN00092045,19850502,PRCP,2,,,a,
ASN00092045,19850503,PRCP,2,,,a,
ASN00092045,19850504,PRCP,4,,,a,
ASN00092045,19850505,PRCP,10,,,a,
ASN00092045,19850506,PRCP,52,,,a,
ASN00092045,19850507,PRCP,32,,,a,
ASN00092045,19850508,PRCP,26,,,a,
ASN00092045,19850509,PRCP,0,,,a,
ASN00092045,19850510,PRCP,18,,,a,
ASN00092045,19850511,PRCP,2,,,a,
ASN00092045,19850512,PRCP,20,,,a,
ASN00092045,19850513,PRCP,0,,,a,
ASN00092045,19850514,PRCP,0,,,a,
ASN00092045,19850515,PRCP,56,,,a,
ASN00092045,19850516,PRCP,34,,,a,
ASN00092045,19850517,PRCP,14,,,a,
ASN00092045,19850518,PRCP,24,,,a,
ASN00092045,19850519,PRCP,170,,,a,
ASN00092045,19850520,PRCP,0,,,a,
ASN00092045,19850521,PRCP,0,,,a,
ASN00092045,19850522,PRCP,0,,,a,
ASN00092045,19850523,PRCP,18,,,a,
ASN00092045,19850524,PRCP,0,,,a,
ASN00092045,19850525,PRCP,0,,,a,
ASN00092045,19850526,PRCP,22,,,a,
ASN00092045,19850527,PRCP,72,,,a,
ASN00092045,19850528,PRCP,2,,,a,
ASN00092045,19850529,PRCP,34,,,a,
ASN00092045,19850530,PRCP,24,,,a,
ASN00092045,19850531,PRCP,286,,,a,
ASN00092045,19850501,TAVG,166,H,,S,
ASN00092045,19850502,TAVG,152,H,,S,
ASN00092045,19850504,TAVG,149,H,,S,
ASN00092045,19850505,TAVG,154,H,,S,
ASN00092045,19850507,TAVG,131,H,,S,
ASN00092045,19850508,TAVG,121,H,,S,
ASN00092045,19850509,TAVG,118,H,,S,
ASN00092045,19850510,TAVG,141,H,,S,
ASN00092045,19850511,TAVG,138,H,,S,
ASN00092045,19850512,TAVG,127,H,,S,
ASN00092045,19850513,TAVG,142,H,,S,
ASN00092045,19850514,TAVG,151,H,,S,
ASN00092045,19850516,TAVG,96,H,,S,
ASN00092045,19850518,TAVG,108,H,,S,
ASN00092045,19850519,TAVG,94,H,,S,
ASN00092045,19850521,TAVG,126,H,,S,
ASN00092045,19850522,TAVG,118,H,,S,
ASN00092045,19850523,TAVG,123,H,,S,
ASN00092045,19850525,TAVG,123,H,,S,
ASN00092045,19850526,TAVG,129,H,,S,
ASN00092045,19850527,TAVG,147,H,,S,
ASN00092045,19850528,TAVG,153,H,,S,
ASN00092045,19850529,TAVG,130,H,,S,
ASN00092045,19850531,TAVG,120,H,,S,
ASN00092045,19850601,TMAX,140,,,a,
ASN00092045,19850602,TMAX,135,,,a,
ASN00092045,19850603,TMAX,121,,,a,
ASN00092045,19850604,TMAX,133,,,a,
ASN00092045,19850605,TMAX,133,,,a,
ASN00092045,19850606,TMAX,122,,,a,
ASN00092045,19850607,TMAX,125,,,a,
ASN00092045,19850608,TMAX,130,,,a,
ASN00092045,19850609,TMAX,148,,,a,
ASN00092045,19850610,TMAX,140,,,a,
ASN00092045,19850611,TMAX,142,,,a,
ASN00092045,19850612,TMAX,134,,,a,
ASN00092045,19850613,TMAX,141,,,a,
ASN00092045,19850614,TMAX,120,,,a,
ASN00092045,19850615,TMAX,131,,,a,
ASN00092045,19850616,TMAX,125,,,a,
ASN00092045,19850617,TMAX,105,,,a,
ASN00092045,19850618,TMAX,122,,,a,
ASN00092045,19850619,TMAX,116,,,a,
ASN00092045,19850620,TMAX,105,,,a,
ASN00092045,19850621,TMAX,112,,,a,
ASN00092045,19850622,TMAX,98,,,a,
ASN00092045,19850623,TMAX,113,,,a,
ASN00092045,19850624,TMAX,115,,,a,
ASN00092045,19850625,TMAX,117,,,a,
ASN00092045,19850626,TMAX,137,,,a,
ASN00092045,19850627,TMAX,144,,,a,
ASN00092045,19850628,TMAX,146,,,a,
ASN00092045,19850629,TMAX,155,,,a,
ASN00092045,19850630,TMAX,147,,,a,
ASN00092045,19850601,TMIN,98,,,a,
ASN00092045,19850602,TMIN,86,,,a,
ASN00092045,19850603,TMIN,50,,,a,
ASN00092045,19850604,TMIN,65,,,a,
ASN00092045,19850605,TMIN,88,,,a,
ASN00092045,19850606,TMIN,90,,,a,
ASN00092045,19850607,TMIN,43,,,a,
ASN00092045,19850608,TMIN,62,,,a,
ASN00092045,19850609,TMIN,78,,,a,
ASN00092045,19850610,TMIN,115,,,a,
ASN00092045,19850611,TMIN,88,,,a,
ASN00092045,19850612,TMIN,73,,,a,
ASN00092045,19850613,TMIN,63,,,a,
ASN00092045,19850614,TMIN,66,,,a,
ASN00092045,19850615,TMIN,46,,,a,
ASN00092045,19850616,TMIN,85,,,a,
ASN00092045,19850617,TMIN,30,,,a,
ASN00092045,19850618,TMIN,68,,,a,
ASN00092045,19850619,TMIN,76,,,a,
ASN00092045,19850620,TMIN,79,,,a,
ASN00092045,19850621,TMIN,58,,,a,
ASN00092045,19850622,TMIN,60,,,a,
ASN00092045,19850623,TMIN,27,,,a,
ASN00092045,19850624,TMIN,62,,,a,
ASN00092045,19850625,TMIN,35,,,a,
ASN00092045,19850626,TMIN,54,,,a,
ASN00092045,19850627,TMIN,82,,,a,
ASN00092045,19850628,TMIN,87,,,a,
ASN00092045,19850629,TMIN,103,,,a,
ASN00092045,19850630,TMIN,115,,,a,
ASN00092045,19850601,PRCP,0,,,a,
ASN00092045,19850602,PRCP,8,,,a,
ASN00092045,19850603,PRCP,24,,,a,
ASN00092045,19850604,PRCP,0,,,a,
ASN00092045,19850605,PRCP,260,,,a,
ASN00092045,19850606,PRCP,10,,,a,
ASN00092045,19850607,PRCP,0,,,a,
ASN00092045,19850608,PRCP,0,,,a,
ASN00092045,19850609,PRCP,0,,,a,
ASN00092045,19850610,PRCP,38,,,a,
ASN00092045,19850611,PRCP,16,,,a,
ASN00092045,19850612,PRCP,12,,,a,
ASN00092045,19850613,PRCP,0,,,a,
ASN00092045,19850614,PRCP,14,,,a,
ASN00092045,19850615,PRCP,0,,,a,
ASN00092045,19850616,PRCP,18,,,a,
ASN00092045,19850617,PRCP,0,,,a,
ASN00092045,19850618,PRCP,0,,,a,
ASN00092045,19850619,PRCP,60,,,a,
ASN00092045,19850620,PRCP,20,,,a,
ASN00092045,19850621,PRCP,2,,,a,
ASN00092045,19850622,PRCP,30,,,a,
ASN00092045,19850623,PRCP,12,,,a,
ASN00092045,19850624,PRCP,12,,,a,
ASN00092045,19850625,PRCP,0,,,a,
ASN00092045,19850626,PRCP,0,,,a,
ASN00092045,19850627,PRCP,40,,,a,
ASN00092045,19850628,PRCP,6,,,a,
ASN00092045,19850629,PRCP,2,,,a,
ASN00092045,19850630,PRCP,0,,,a,
ASN00092045,19850601,TAVG,112,H,,S,
ASN00092045,19850603,TAVG,91,H,,S,
ASN00092045,19850604,TAVG,114,H,,S,
ASN00092045,19850606,TAVG,81,H,,S,
ASN00092045,19850608,TAVG,114,H,,S,
ASN00092045,19850609,TAVG,127,H,,S,
ASN00092045,19850610,TAVG,114,H,,S,
ASN00092045,19850611,TAVG,102,H,,S,
ASN00092045,19850612,TAVG,88,H,,S,
ASN00092045,19850614,TAVG,81,H,,S,
ASN00092045,19850616,TAVG,67,H,,S,
ASN00092045,19850618,TAVG,93,H,,S,
ASN00092045,19850619,TAVG,97,H,,S,
ASN00092045,19850620,TAVG,82,H,,S,
ASN00092045,19850621,TAVG,82,H,,S,
ASN00092045,19850623,TAVG,91,H,,S,
ASN00092045,19850624,TAVG,68,H,,S,
ASN00092045,19850625,TAVG,83,H,,S,
ASN00092045,19850626,TAVG,111,H,,S,
ASN00092045,19850628,TAVG,116,H,,S,
ASN00092045,19850701,TMAX,140,,,a,
ASN00092045,19850702,TMAX,168,,,a,
ASN00092045,19850703,TMAX,156,,,a,
ASN00092045,19850704,TMAX,143,,,a,
ASN00092045,19850705,TMAX,130,,,a,
ASN00092045,19850706,TMAX,136,,,a,
ASN00092045,19850707,TMAX,114,,,a,
ASN00092045,19850708,TMAX,103,,,a,
ASN00092045,19850709,TMAX,110,,,a,
ASN00092045,19850710,TMAX,129,,,a,
ASN00092045,19850711,TMAX,128,,,a,
ASN00092045,19850712,TMAX,124,,,a,
ASN00092045,19850713,TMAX,129,,,a,
ASN00092045,19850714,TMAX,130,,,a,
ASN00092045,19850715,TMAX,128,,,a,
ASN00092045,19850716,TMAX,117,,,a,
ASN00092045,19850717,TMAX,128,,,a,
ASN00092045,19850718,TMAX,110,,,a,
ASN00092045,19850719,TMAX,122,,,a,
ASN00092045,19850720,TMAX,123,,,a,
ASN00092045,19850721,TMAX,131,,,a,
ASN00092045,19850722,TMAX,115,,,a,
ASN00092045,19850723,TMAX,114,,,a,
ASN00092045,19850724,TMAX,130,,,a,
ASN00092045,19850725,TMAX,125,,,a,
ASN00092045,19850726,TMAX,110,,,a,
ASN00092045,19850727,TMAX,122,,,a,
ASN00092045,19850728,TMAX,135,,,a,
ASN00092045,19850729,TMAX,105,,,a,
ASN00092045,19850730,TMAX,126,,,a,
ASN00092045,19850731,TMAX,117,,,a,
ASN00092045,19850701,TMIN,89,,,a,
ASN00092045,19850702,TMIN,95,,,a,
ASN00092045,19850703,TMIN,132,,,a,
ASN00092045,19850704,TMIN,85,,,a,
ASN00092045,19850705,TMIN,64,,,a,
ASN00092045,19850706,TMIN,68,,,a,
ASN00092045,19850707,TMIN,55,,,a,
ASN00092045,19850708,TMIN,80,,,a,
ASN00092045,19850709,TMIN,37,,,a,
ASN00092045,19850710,TMIN,52,,,a,
ASN00092045,19850711,TMIN,46,,,a,
ASN00092045,19850712,TMIN,75,,,a,
ASN00092045,19850713,TMIN,60,,,a,
ASN00092045,19850714,TMIN,70,,,a,
ASN00092045,19850715,TMIN,89,,,a,
ASN00092045,19850716,TMIN,64,,,a,
ASN00092045,19850717,TMIN,42,,,a,
ASN00092045,19850718,TMIN,78,,,a,
ASN00092045,19850719,TMIN,63,,,a,
ASN00092045,19850720,TMIN,59,,,a,
ASN00092045,19850721,TMIN,90,,,a,
ASN00092045,19850722,TMIN,65,,,a,
ASN00092045,19850723,TMIN,30,,,a,
ASN00092045,19850724,TMIN,37,,,a,
ASN00092045,19850725,TMIN,61,,,a,
ASN00092045,19850726,TMIN,80,,,a,
ASN00092045,19850727,TMIN,55,,,a,
ASN00092045,19850728,TMIN,80,,,a,
ASN00092045,19850729,TMIN,93,,,a,
ASN00092045,19850730,TMIN,52,,,a,
ASN00092045,19850731,TMIN,20,,,a,
ASN00092045,19850701,PRCP,0,,,a,
ASN00092045,19850702,PRCP,0,,,a,
ASN00092045,19850703,PRCP,0,,,a,
ASN00092045,19850704,PRCP,0,,,a,
ASN00092045,19850705,PRCP,0,,,a,
ASN00092045,19850706,PRCP,0,,,a,
ASN00092045,19850707,PRCP,0,,,a,
ASN00092045,19850708,PRCP,0,,,a,
ASN00092045,19850709,PRCP,0,,,a,
ASN00092045,19850710,PRCP,0,,,a,
ASN00092045,19850711,PRCP,0,,,a,
ASN00092045,19850712,PRCP,198,,,a,
ASN00092045,19850713,PRCP,0,,,a,
ASN00092045,19850714,PRCP,0,,,a,
ASN00092045,19850715,PRCP,150,,,a,
ASN00092045,19850716,PRCP,108,,,a,
ASN00092045,19850717,PRCP,0,,,a,
ASN00092045,19850718,PRCP,0,,,a,
ASN00092045,19850719,PRCP,10,,,a,
ASN00092045,19850720,PRCP,6,,,a,
ASN00092045,19850721,PRCP,66,,,a,
ASN00092045,19850722,PRCP,2,,,a,
ASN00092045,19850723,PRCP,0,,,a,
ASN00092045,19850724,PRCP,0,,,a,
ASN00092045,19850725,PRCP,0,,,a,
ASN00092045,19850726,PRCP,10,,,a,
ASN00092045,19850727,PRCP,2,,,a,
ASN00092045,19850728,PRCP,0,,,a,
ASN00092045,19850729,PRCP,76,,,a,
ASN00092045,19850730,PRCP,48,,,a,
ASN00092045,19850731,PRCP,0,,,a,
ASN00092045,19850701,TAVG,120,H,,S,
ASN00092045,19850703,TAVG,104,H,,S,
ASN00092045,19850704,TAVG,94,H,,S,
ASN00092045,19850705,TAVG,91,H,,S,
ASN00092045,19850706,TAVG,87,H,,S,
ASN00092045,19850707,TAVG,92,H,,S,
ASN00092045,19850708,TAVG,76,H,,S,
ASN00092045,19850709,TAVG,87,H,,S,
ASN00092045,19850710,TAVG,82,H,,S,
ASN00092045,19850711,TAVG,94,H,,S,
ASN00092045,19850712,TAVG,97,H,,S,
ASN00092045,19850713,TAVG,110,H,,S,
ASN00092045,19850715,TAVG,99,H,,S,
ASN00092045,19850716,TAVG,76,H,,S,
ASN00092045,19850717,TAVG,96,H,,S,
ASN00092045,19850718,TAVG,88,H,,S,
ASN00092045,19850720,TAVG,101,H,,S,
ASN00092045,19850721,TAVG,94,H,,S,
ASN00092045,19850722,TAVG,62,H,,S,
ASN00092045,19850724,TAVG,93,H,,S,
ASN00092045,19850725,TAVG,102,H,,S,
ASN00092045,19850726,TAVG,82,H,,S,
ASN00092045,19850727,TAVG,107,H,,S,
ASN00092045,19850728,TAVG,119,H,,S,
ASN00092045,19850729,TAVG,89,H,,S,
ASN00092045,19850731,TAVG,68,H,,S,
ASN00092045,19850801,TMAX,125,,,a,
ASN00092045,19850802,TMAX,125,,,a,
ASN00092045,19850803,TMAX,125,,,a,
ASN00092045,19850804,TMAX,138,,,a,
ASN00092045,19850805,TMAX,140,,,a,
ASN00092045,19850806,TMAX,135,,,a,
ASN00092045,19850807,TMAX,127,,,a,
ASN00092045,19850808,TMAX,124,,,a,
ASN00092045,19850809,TMAX,142,,,a,
ASN00092045,19850810,TMAX,126,,,a,
ASN00092045,19850811,TMAX,114,,,a,
ASN00092045,19850812,TMAX,129,,,a,
ASN00092045,19850813,TMAX,142,,,a,
ASN00092045,19850814,TMAX,144,,,a,
ASN00092045,19850815,TMAX,147,,,a,
ASN00092045,19850816,TMAX,137,,,a,
ASN00092045,19850817,TMAX,123,,,a,
ASN00092045,19850818,TMAX,135,,,a,
ASN00092045,19850819,TMAX,106,,,a,
ASN00092045,19850820,TMAX,110,,,a,
ASN00092045,19850821,TMAX,125,,,a,
ASN00092045,19850822,TMAX,133,,,a,
ASN00092045,19850823,TMAX,137,,,a,
ASN00092045,19850824,TMAX,147,,,a,
ASN00092045,19850825,TMAX,161,,,a,
ASN00092045,19850826,TMAX,145,,,a,
ASN00092045,19850827,TMAX,157,,,a,
ASN00092045,19850828,TMAX,131,,,a,
ASN00092045,19850829,TMAX,152,,,a,
ASN00092045,19850830,TMAX,150,,,a,
ASN00092045,19850831,TMAX,143,,,a,
ASN00092045,19850801,TMIN,45,,,a,
ASN00092045,19850802,TMIN,42,,,a,
ASN00092045,19850803,TMIN,50,,,a,
ASN00092045,19850804,TMIN,84,,,a,
ASN00092045,19850805,TMIN,115,,,a,
ASN00092045,19850806,TMIN,112,,,a,
ASN00092045,19850807,TMIN,88,,,a,
ASN00092045,19850808,TMIN,108,,,a,
ASN00092045,19850809,TMIN,57,,,a,
ASN00092045,19850810,TMIN,77,,,a,
ASN00092045,19850811,TMIN,87,,,a,
ASN00092045,19850812,TMIN,55,,,a,
ASN00092045,19850813,TMIN,67,,,a,
ASN00092045,19850814,TMIN,72,,,a,
ASN00092045,19850815,TMIN,74,,,a,
ASN00092045,19850816,TMIN,90,,,a,
ASN00092045,19850817,TMIN,110,,,a,
ASN00092045,19850818,TMIN,61,,,a,
ASN00092045,19850819,TMIN,18,,,a,
ASN00092045,19850820,TMIN,10,,,a,
ASN00092045,19850821,TMIN,34,,,a,
ASN00092045,19850822,TMIN,85,,,a,
ASN00092045,19850823,TMIN,90,,,a,
ASN00092045,19850824,TMIN,82,,,a,
ASN00092045,19850825,TMIN,96,,,a,
ASN00092045,19850826,TMIN,102,,,a,
ASN00092045,19850827,TMIN,47,,,a,
ASN00092045,19850828,TMIN,86,,,a,
ASN00092045,19850829,TMIN,62,,,a,
ASN00092045,19850830,TMIN,96,,,a,
ASN00092045,19850831,TMIN,100,,,a,
ASN00092045,19850801,PRCP,0,,,a,
ASN00092045,19850802,PRCP,0,,,a,
ASN00092045,19850803,PRCP,0,,,a,
ASN00092045,19850804,PRCP,0,,,a,
ASN00092045,19850805,PRCP,20,,,a,
ASN00092045,19850806,PRCP,22,,,a,
ASN00092045,19850807,PRCP,4,,,a,
ASN00092045,19850808,PRCP,4,,,a,
ASN00092045,19850809,PRCP,6,,,a,
ASN00092045,19850810,PRCP,0,,,a,
ASN00092045,19850811,PRCP,30,,,a,
ASN00092045,19850812,PRCP,32,,,a,
ASN00092045,19850813,PRCP,0,,,a,
ASN00092045,19850814,PRCP,0,,,a,
ASN00092045,19850815,PRCP,2,,,a,
ASN00092045,19850816,PRCP,0,,,a,
ASN00092045,19850817,PRCP,252,,,a,
ASN00092045,19850818,PRCP,118,,,a,
ASN00092045,19850819,PRCP,0,,,a,
ASN00092045,19850820,PRCP,0,,,a,
ASN00092045,19850821,PRCP,0,,,a,
ASN00092045,19850822,PRCP,0,,,a,
ASN00092045,19850823,PRCP,36,,,a,
ASN00092045,19850824,PRCP,2,,,a,
ASN00092045,19850825,PRCP,32,,,a,
ASN00092045,19850826,PRCP,44,,,a,
ASN00092045,19850827,PRCP,8,,,a,
ASN00092045,19850828,PRCP,0,,,a,
ASN00092045,19850829,PRCP,26,,,a,
ASN00092045,19850830,PRCP,0,,,a,
ASN00092045,19850831,PRCP,8,,,a,
ASN00092045,19850801,TAVG,87,H,,S,
ASN00092045,19850803,TAVG,116,H,,S,
ASN00092045,19850804,TAVG,125,H,,S,
ASN00092045,19850805,TAVG,117,H,,S,
ASN00092045,19850806,TAVG,111,H,,S,
ASN00092045,19850807,TAVG,117,H,,S,
ASN00092045,19850808,TAVG,86,H,,S,
ASN00092045,19850809,TAVG,102,H,,S,
ASN00092045,19850810,TAVG,102,H,,S,
ASN00092045,19850811,TAVG,85,H,,S,
ASN00092045,19850812,TAVG,94,H,,S,
ASN00092045,19850814,TAVG,103,H,,S,
ASN00092045,19850815,TAVG,130,H,,S,
ASN00092045,19850816,TAVG,118,H,,S,
ASN00092045,19850817,TAVG,101,H,,S,
ASN00092045,19850818,TAVG,75,H,,S,
ASN00092045,19850820,TAVG,67,H,,S,
ASN00092045,19850821,TAVG,111,H,,S,
ASN00092045,19850822,TAVG,107,H,,S,
ASN00092045,19850824,TAVG,112,H,,S,
ASN00092045,19850826,TAVG,107,H,,S,
ASN00092045,19850827,TAVG,114,H,,S,
ASN00092045,19850828,TAVG,92,H,,S,
ASN00092045,19850829,TAVG,119,H,,S,
ASN00092045,19850830,TAVG,118,H,,S,
ASN00092045,19850831,TAVG,117,H,,S,
ASN00092045,19850901,TMAX,140,,,a,
ASN00092045,19850902,TMAX,126,,,a,
ASN00092045,19850903,TMAX,138,,,a,
ASN00092045,19850904,TMAX,137,,,a,
ASN00092045,19850905,TMAX,130,,,a,
ASN00092045,19850906,TMAX,168,,,a,
ASN00092045,19850907,TMAX,177,,,a,
ASN00092045,19850908,TMAX,150,,,a,
ASN00092045,19850909,TMAX,177,,,a,
ASN00092045,19850910,TMAX,150,,,a,
ASN00092045,19850911,TMAX,151,,,a,
ASN00092045,19850912,TMAX,158,,,a,
ASN00092045,19850913,TMAX,145,,,a,
ASN00092045,19850914,TMAX,130,,,a,
ASN00092045,19850915,TMAX,146,,,a,
ASN00092045,19850916,TMAX,165,,,a,
ASN00092045,19850917,TMAX,138,,,a,
ASN00092045,19850918,TMAX,155,,,a,
ASN00092045,19850919,TMAX,130,,,a,
ASN00092045,19850920,TMAX,145,,,a,
ASN00092045,19850921,TMAX,141,,,a,
ASN00092045,19850922,TMAX,156,,,a,
ASN00092045,19850923,TMAX,135,,,a,
ASN00092045,19850924,TMAX,145,,,a,
ASN00092045,19850925,TMAX,158,,,a,
ASN00092045,19850926,TMAX,132,,,a,
ASN00092045,19850927,TMAX,145,,,a,
ASN00092045,19850928,TMAX,165,,,a,
ASN00092045,19850929,TMAX,147,,,a,
ASN00092045,19850930,TMAX,140,,,a,
ASN00092045,19850901,TMIN,80,,,a,
ASN00092045,19850902,TMIN,84,,,a,
ASN00092045,19850903,TMIN,56,,,a,
ASN00092045,19850904,TMIN,43,,,a,
ASN00092045,19850905,TMIN,70,,,a,
ASN00092045,19850906,TMIN,60,,,a,
ASN00092045,19850907,TMIN,86,,,a,
ASN00092045,19850908,TMIN,95,,,a,
ASN00092045,19850909,TMIN,110,,,a,
ASN00092045,19850910,TMIN,100,,,a,
ASN00092045,19850911,TMIN,101,,,a,
ASN00092045,19850912,TMIN,120,,,a,
ASN00092045,19850913,TMIN,120,,,a,
ASN00092045,19850914,TMIN,114,,,a,
ASN00092045,19850915,TMIN,110,,,a,
ASN00092045,19850916,TMIN,83,,,a,
ASN00092045,19850917,TMIN,54,,,a,
ASN00092045,19850918,TMIN,95,,,a,
ASN00092045,19850919,TMIN,84,,,a,
ASN00092045,19850920,TMIN,70,,,a,
ASN00092045,19850921,TMIN,75,,,a,
ASN00092045,19850922,TMIN,105,,,a,
ASN00092045,19850923,TMIN,103,,,a,
ASN00092045,19850924,TMIN,105,,,a,
ASN00092045,19850925,TMIN,115,,,a,
ASN00092045,19850926,TMIN,80,,,a,
ASN00092045,19850927,TMIN,45,,,a,
ASN00092045,19850928,TMIN,55,,,a,
ASN00092045,19850929,TMIN,58,,,a,
ASN00092045,19850930,TMIN,90,,,a,
ASN00092045,19850901,PRCP,0,,,a,
ASN00092045,19850902,PRCP,14,,,a,
ASN00092045,19850903,PRCP,0,,,a,
ASN00092045,19850904,PRCP,0,,,a,
ASN00092045,19850905,PRCP,0,,,a,
ASN00092045,19850906,PRCP,0,,,a,
ASN00092045,19850907,PRCP,0,,,a,
ASN00092045,19850908,PRCP,0,,,a,
ASN00092045,19850909,PRCP,0,,,a,
ASN00092045,19850910,PRCP,0,,,a,
ASN00092045,19850911,PRCP,0,,,a,
ASN00092045,19850912,PRCP,0,,,a,
ASN00092045,19850913,PRCP,12,,,a,
ASN00092045,19850914,PRCP,102,,,a,
ASN00092045,19850915,PRCP,72,,,a,
ASN00092045,19850916,PRCP,2,,,a,
ASN00092045,19850917,PRCP,94,,,a,
ASN00092045,19850918,PRCP,4,,,a,
ASN00092045,19850919,PRCP,14,,,a,
ASN00092045,19850920,PRCP,14,,,a,
ASN00092045,19850921,PRCP,0,,,a,
ASN00092045,19850922,PRCP,0,,,a,
ASN00092045,19850923,PRCP,0,,,a,
ASN00092045,19850924,PRCP,0,,,a,
ASN00092045,19850925,PRCP,0,,,a,
ASN00092045,19850926,PRCP,42,,,a,
ASN00092045,19850927,PRCP,0,,,a,
ASN00092045,19850928,PRCP,0,,,a,
ASN00092045,19850929,PRCP,0,,,a,
ASN00092045,19850930,PRCP,0,,,a,
ASN00092045,19850901,TAVG,98,H,,S,
ASN00092045,19850902,TAVG,90,H,,S,
ASN00092045,19850903,TAVG,104,H,,S,
ASN00092045,19850905,TAVG,99,H,,S,
ASN00092045,19850906,TAVG,109,H,,S,
ASN00092045,19850907,TAVG,117,H,,S,
ASN00092045,19850908,TAVG,125,H,,S,
ASN00092045,19850909,TAVG,131,H,,S,
ASN00092045,19850910,TAVG,123,H,,S,
ASN00092045,19850911,TAVG,127,H,,S,
ASN00092045,19850912,TAVG,129,H,,S,
ASN00092045,19850913,TAVG,118,H,,S,
ASN00092045,19850914,TAVG,122,H,,S,
ASN00092045,19850915,TAVG,117,H,,S,
ASN00092045,19850916,TAVG,109,H,,S,
ASN00092045,19850917,TAVG,114,H,,S,
ASN00092045,19850918,TAVG,104,H,,S,
ASN00092045,19850919,TAVG,104,H,,S,
ASN00092045,19850920,TAVG,108,H,,S,
ASN00092045,19850921,TAVG,118,H,,S,
ASN00092045,19850923,TAVG,117,H,,S,
ASN00092045,19850924,TAVG,131,H,,S,
ASN00092045,19850925,TAVG,123,H,,S,
ASN00092045,19850926,TAVG,86,H,,S,
ASN00092045,19850927,TAVG,94,H,,S,
ASN00092045,19850928,TAVG,104,H,,S,
ASN00092045,19850929,TAVG,118,H,,S,
ASN00092045,19850930,TAVG,105,H,,S,
ASN00092045,19851001,TMAX,174,,,a,
ASN00092045,19851002,TMAX,170,,,a,
ASN00092045,19851003,TMAX,151,,,a,
ASN00092045,19851004,TMAX,170,,,a,
ASN00092045,19851005,TMAX,172,,,a,
ASN00092045,19851006,TMAX,167,,,a,
ASN00092045,19851007,TMAX,150,,,a,
ASN00092045,19851008,TMAX,145,,,a,
ASN00092045,19851009,TMAX,162,,,a,
ASN00092045,19851010,TMAX,145,,,a,
ASN00092045,19851011,TMAX,157,,,a,
ASN00092045,19851012,TMAX,145,,,a,
ASN00092045,19851013,TMAX,145,,,a,
ASN00092045,19851014,TMAX,157,,,a,
ASN00092045,19851015,TMAX,150,,,a,
ASN00092045,19851016,TMAX,155,,,a,
ASN00092045,19851017,TMAX,145,,,a,
ASN00092045,19851018,TMAX,185,,,a,
ASN00092045,19851019,TMAX,144,,,a,
ASN00092045,19851020,TMAX,150,,,a,
ASN00092045,19851021,TMAX,157,,,a,
ASN00092045,19851022,TMAX,185,,,a,
ASN00092045,19851023,TMAX,150,,,a,
ASN00092045,19851024,TMAX,141,,,a,
ASN00092045,19851025,TMAX,132,,,a,
ASN00092045,19851026,TMAX,150,,,a,
ASN00092045,19851027,TMAX,157,,,a,
ASN00092045,19851028,TMAX,160,,,a,
ASN00092045,19851029,TMAX,162,,,a,
ASN00092045,19851030,TMAX,168,,,a,
ASN00092045,19851031,TMAX,179,,,a,
ASN00092045,19851001,TMIN,86,,,a,
ASN00092045,19851002,TMIN,74,,,a,
ASN00092045,19851003,TMIN,92,,,a,
ASN00092045,19851004,TMIN,100,,,a,
ASN00092045,19851005,TMIN,130,,,a,
ASN00092045,19851006,TMIN,70,,,a,
ASN00092045,19851007,TMIN,80,,,a,
ASN00092045,19851008,TMIN,90,,,a,
ASN00092045,19851009,TMIN,105,,,a,
ASN00092045,19851010,TMIN,103,,,a,
ASN00092045,19851011,TMIN,110,,,a,
ASN00092045,19851012,TMIN,55,,,a,
ASN00092045,19851013,TMIN,66,,,a,
ASN00092045,19851014,TMIN,79,,,a,
ASN00092045,19851015,TMIN,125,,,a,
ASN00092045,19851016,TMIN,125,,,a,
ASN00092045,19851017,TMIN,137,,,a,
ASN00092045,19851018,TMIN,130,,,a,
ASN00092045,19851019,TMIN,67,,,a,
ASN00092045,19851020,TMIN,60,,,a,
ASN00092045,19851021,TMIN,64,,,a,
ASN00092045,19851022,TMIN,65,,,a,
ASN00092045,19851023,TMIN,120,,,a,
ASN00092045,19851024,TMIN,130,,,a,
ASN00092045,19851025,TMIN,109,,,a,
ASN00092045,19851026,TMIN,110,,,a,
ASN00092045,19851027,TMIN,118,,,a,
ASN00092045,19851028,TMIN,130,,,a,
ASN00092045,19851029,TMIN,136,,,a,
ASN00092045,19851030,TMIN,118,,,a,
ASN00092045,19851031,TMIN,75,,,a,
ASN00092045,19851001,PRCP,0,,,a,
ASN00092045,19851002,PRCP,2,,,a,
ASN00092045,19851003,PRCP,0,,,a,
ASN00092045,19851004,PRCP,0,,,a,
ASN00092045,19851005,PRCP,74,,,a,
ASN00092045,19851006,PRCP,30,,,a,
ASN00092045,19851007,PRCP,0,,,a,
ASN00092045,19851008,PRCP,0,,,a,
ASN00092045,19851009,PRCP,0,,,a,
ASN00092045,19851010,PRCP,2,,,a,
ASN00092045,19851011,PRCP,30,,,a,
ASN00092045,19851012,PRCP,20,,,a,
ASN00092045,19851013,PRCP,0,,,a,
ASN00092045,19851014,PRCP,0,,,a,
ASN00092045,19851015,PRCP,0,,,a,
ASN00092045,19851016,PRCP,4,,,a,
ASN00092045,19851017,PRCP,4,,,a,
ASN00092045,19851018,PRCP,108,,,a,
ASN00092045,19851019,PRCP,0,,,a,
ASN00092045,19851020,PRCP,0,,,a,
ASN00092045,19851021,PRCP,0,,,a,
ASN00092045,19851022,PRCP,0,,,a,
ASN00092045,19851023,PRCP,20,,,a,
ASN00092045,19851024,PRCP,4,,,a,
ASN00092045,19851025,PRCP,18,,,a,
ASN00092045,19851026,PRCP,0,,,a,
ASN00092045,19851027,PRCP,0,,,a,
ASN00092045,19851028,PRCP,0,,,a,
ASN00092045,19851029,PRCP,0,,,a,
ASN00092045,19851030,PRCP,14,,,a,
ASN00092045,19851031,PRCP,4,,,a,
ASN00092045,19851001,TAVG,125,H,,S,
ASN00092045,19851003,TAVG,122,H,,S,
ASN00092045,19851005,TAVG,114,H,,S,
ASN00092045,19851006,TAVG,127,H,,S,
ASN00092045,19851007,TAVG,123,H,,S,
ASN00092045,19851008,TAVG,127,H,,S,
ASN00092045,19851010,TAVG,129,H,,S,
ASN00092045,19851011,TAVG,105,H,,S,
ASN00092045,19851012,TAVG,108,H,,S,
ASN00092045,19851013,TAVG,117,H,,S,
ASN00092045,19851014,TAVG,137,H,,S,
ASN00092045,19851015,TAVG,137,H,,S,
ASN00092045,19851016,TAVG,143,H,,S,
ASN00092045,19851017,TAVG,136,H,,S,
ASN00092045,19851019,TAVG,99,H,,S,
ASN00092045,19851020,TAVG,117,H,,S,
ASN00092045,19851021,TAVG,106,H,,S,
ASN00092045,19851022,TAVG,135,H,,S,
ASN00092045,19851024,TAVG,115,H,,S,
ASN00092045,19851026,TAVG,127,H,,S,
ASN00092045,19851027,TAVG,136,H,,S,
ASN00092045,19851028,TAVG,143,H,,S,
ASN00092045,19851029,TAVG,152,H,,S,
ASN00092045,19851030,TAVG,117,H,,S,
ASN00092045,19851031,TAVG,128,H,,S,
ASN00092045,19851101,TMAX,182,,,a,
ASN00092045,19851102,TMAX,163,,,a,
ASN00092045,19851103,TMAX,162,,,a,
ASN00092045,19851104,TMAX,185,,,a,
ASN00092045,19851105,TMAX,144,,,a,
ASN00092045,19851106,TMAX,143,,,a,
ASN00092045,19851107,TMAX,140,,,a,
ASN00092045,19851108,TMAX,151,,,a,
ASN00092045,19851109,TMAX,176,,,a,
ASN00092045,19851110,TMAX,180,,,a,
ASN00092045,19851111,TMAX,181,,,a,
ASN00092045,19851112,TMAX,171,,,a,
ASN00092045,19851113,TMAX,178,,,a,
ASN00092045,19851114,TMAX,205,,,a,
ASN00092045,19851115,TMAX,161,,,a,
ASN00092045,19851116,TMAX,183,,,a,
ASN00092045,19851117,TMAX,164,,,a,
ASN00092045,19851118,TMAX,155,,,a,
ASN00092045,19851119,TMAX,160,,,a,
ASN00092045,19851120,TMAX,180,,,a,
ASN00092045,19851121,TMAX,135,,,a,
ASN00092045,19851122,TMAX,162,,,a,
ASN00092045,19851123,TMAX,175,,,a,
ASN00092045,19851124,TMAX,170,,,a,
ASN00092045,19851125,TMAX,173,,,a,
ASN00092045,19851126,TMAX,190,,,a,
ASN00092045,19851127,TMAX,190,,,a,
ASN00092045,19851128,TMAX,180,,,a,
ASN00092045,19851129,TMAX,177,,,a,
ASN00092045,19851130,TMAX,154,,,a,
ASN00092045,19851101,TMIN,86,,,a,
ASN00092045,19851102,TMIN,113,,,a,
ASN00092045,19851103,TMIN,80,,,a,
ASN00092045,19851104,TMIN,134,,,a,
ASN00092045,19851105,TMIN,131,,,a,
ASN00092045,19851106,TMIN,131,,,a,
ASN00092045,19851107,TMIN,114,,,a,
ASN00092045,19851108,TMIN,120,,,a,
ASN00092045,19851109,TMIN,126,,,a,
ASN00092045,19851110,TMIN,120,,,a,
ASN00092045,19851111,TMIN,135,,,a,
ASN00092045,19851112,TMIN,137,,,a,
ASN00092045,19851113,TMIN,140,,,a,
ASN00092045,19851114,TMIN,153,,,a,
ASN00092045,19851115,TMIN,91,,,a,
ASN00092045,19851116,TMIN,96,,,a,
ASN00092045,19851117,TMIN,120,,,a,
ASN00092045,19851118,TMIN,105,,,a,
ASN00092045,19851119,TMIN,110,,,a,
ASN00092045,19851120,TMIN,100,,,a,
ASN00092045,19851121,TMIN,100,,,a,
ASN00092045,19851122,TMIN,90,,,a,
ASN00092045,19851123,TMIN,112,,,a,
ASN00092045,19851124,TMIN,137,,,a,
ASN00092045,19851125,TMIN,148,,,a,
ASN00092045,19851126,TMIN,150,,,a,
ASN00092045,19851127,TMIN,140,,,a,
ASN00092045,19851128,TMIN,135,,,a,
ASN00092045,19851129,TMIN,130,,,a,
ASN00092045,19851130,TMIN,119,,,a,
ASN00092045,19851101,PRCP,0,,,a,
ASN00092045,19851102,PRCP,0,,,a,
ASN00092045,19851103,PRCP,0,,,a,
ASN00092045,19851104,PRCP,0,,,a,
ASN00092045,19851105,PRCP,10,,,a,
ASN00092045,19851106,PRCP,166,,,a,
ASN00092045,19851107,PRCP,196,,,a,
ASN00092045,19851108,PRCP,38,,,a,
ASN00092045,19851109,PRCP,24,,,a,
ASN00092045,19851110,PRCP,0,,,a,
ASN00092045,19851111,PRCP,0,,,a,
ASN00092045,19851112,PRCP,0,,,a,
ASN00092045,19851113,PRCP,0,,,a,
ASN00092045,19851114,PRCP,0,,,a,
ASN00092045,19851115,PRCP,54,,,a,
ASN00092045,19851116,PRCP,0,,,a,
ASN00092045,19851117,PRCP,12,,,a,
ASN00092045,19851118,PRCP,10,,,a,
ASN00092045,19851119,PRCP,0,,,a,
ASN00092045,19851120,PRCP,0,,,a,
ASN00092045,19851121,PRCP,38,,,a,
ASN00092045,19851122,PRCP,132,,,a,
ASN00092045,19851123,PRCP,0,,,a,
ASN00092045,19851124,PRCP,0,,,a,
ASN00092045,19851125,PRCP,0,,,a,
ASN00092045,19851126,PRCP,0,,,a,
ASN00092045,19851127,PRCP,0,,,a,
ASN00092045,19851128,PRCP,0,,,a,
ASN00092045,19851129,PRCP,0,,,a,
ASN00092045,19851130,PRCP,60,,,a,
ASN00092045,19851102,TAVG,121,H,,S,
ASN00092045,19851103,TAVG,143,H,,S,
ASN00092045,19851104,TAVG,145,H,,S,
ASN00092045,19851105,TAVG,136,H,,S,
ASN00092045,19851106,TAVG,125,H,,S,
ASN00092045,19851108,TAVG,136,H,,S,
ASN00092045,19851110,TAVG,146,H,,S,
ASN00092045,19851111,TAVG,154,H,,S,
ASN00092045,19851113,TAVG,162,H,,S,
ASN00092045,19851114,TAVG,139,H,,S,
ASN00092045,19851116,TAVG,137,H,,S,
ASN00092045,19851117,TAVG,125,H,,S,
ASN00092045,19851118,TAVG,129,H,,S,
ASN00092045,19851119,TAVG,128,H,,S,
ASN00092045,19851120,TAVG,130,H,,S,
ASN00092045,19851121,TAVG,112,H,,S,
ASN00092045,19851122,TAVG,136,H,,S,
ASN00092045,19851124,TAVG,155,H,,S,
ASN00092045,19851125,TAVG,157,H,,S,
ASN00092045,19851126,TAVG,152,H,,S,
ASN00092045,19851127,TAVG,147,H,,S,
ASN00092045,19851128,TAVG,149,H,,S,
ASN00092045,19851129,TAVG,138,H,,S,
ASN00092045,19851201,TMAX,173,,,a,
ASN00092045,19851202,TMAX,170,,,a,
ASN00092045,19851203,TMAX,162,,,a,
ASN00092045,19851204,TMAX,165,,,a,
ASN00092045,19851205,TMAX,171,,,a,
ASN00092045,19851206,TMAX,190,,,a,
ASN00092045,19851207,TMAX,175,,,a,
ASN00092045,19851208,TMAX,177,,,a,
ASN00092045,19851209,TMAX,197,,,a,
ASN00092045,19851210,TMAX,190,,,a,
ASN00092045,19851211,TMAX,170,,,a,
ASN00092045,19851212,TMAX,192,,,a,
ASN00092045,19851213,TMAX,185,,,a,
ASN00092045,19851214,TMAX,197,,,a,
ASN00092045,19851215,TMAX,194,,,a,
ASN00092045,19851216,TMAX,175,,,a,
ASN00092045,19851217,TMAX,200,,,a,
ASN00092045,19851218,TMAX,210,,,a,
ASN00092045,19851219,TMAX,215,,,a,
ASN00092045,19851220,TMAX,205,,,a,
ASN00092045,19851221,TMAX,187,,,a,
ASN00092045,19851222,TMAX,190,,,a,
ASN00092045,19851223,TMAX,197,,,a,
ASN00092045,19851224,TMAX,200,,,a,
ASN00092045,19851225,TMAX,182,,,a,
ASN00092045,19851226,TMAX,198,,,a,
ASN00092045,19851227,TMAX,179,,,a,
ASN00092045,19851228,TMAX,198,,,a,
ASN00092045,19851229,TMAX,202,,,a,
ASN00092045,19851230,TMAX,197,,,a,
ASN00092045,19851231,TMAX,188,,,a,
ASN00092045,19851201,TMIN,115,,,a,
ASN00092045,19851202,TMIN,134,,,a,
ASN00092045,19851203,TMIN,138,,,a,
ASN00092045,19851204,TMIN,140,,,a,
ASN00092045,19851205,TMIN,145,,,a,
ASN00092045,19851206,TMIN,135,,,a,
ASN00092045,19851207,TMIN,160,,,a,
ASN00092045,19851208,TMIN,164,,,a,
ASN00092045,19851209,TMIN,157,,,a,
ASN00092045,19851210,TMIN,158,,,a,
ASN00092045,19851211,TMIN,146,,,a,
ASN00092045,19851212,TMIN,146,,,a,
ASN00092045,19851213,TMIN,148,,,a,
ASN00092045,19851214,TMIN,150,,,a,
ASN00092045,19851215,TMIN,153,,,a,
ASN00092045,19851216,TMIN,155,,,a,
ASN00092045,19851217,TMIN,115,,,a,
ASN00092045,19851218,TMIN,120,,,a,
ASN00092045,19851219,TMIN,127,,,a,
ASN00092045,19851220,TMIN,140,,,a,
ASN00092045,19851221,TMIN,138,,,a,
ASN00092045,19851222,TMIN,130,,,a,
ASN00092045,19851223,TMIN,136,,,a,
ASN00092045,19851224,TMIN,145,,,a,
ASN00092045,19851225,TMIN,122,,,a,
ASN00092045,19851226,TMIN,134,,,a,
ASN00092045,19851227,TMIN,95,,,a,
ASN00092045,19851228,TMIN,105,,,a,
ASN00092045,19851229,TMIN,117,,,a,
ASN00092045,19851230,TMIN,147,,,a,
ASN00092045,19851231,TMIN,125,,,a,
ASN00092045,19851201,PRCP,4,,,a,
ASN00092045,19851202,PRCP,0,,,a,
ASN00092045,19851203,PRCP,0,,,a,
ASN00092045,19851204,PRCP,0,,,a,
ASN00092045,19851205,PRCP,226,,,a,
ASN00092045,19851206,PRCP,138,,,a,
ASN00092045,19851207,PRCP,2,,,a,
ASN00092045,19851208,PRCP,36,,,a,
ASN00092045,19851209,PRCP,152,,,a,
ASN00092045,19851210,PRCP,284,,,a,
ASN00092045,19851211,PRCP,72,,,a,
ASN00092045,19851212,PRCP,114,,,a,
ASN00092045,19851213,PRCP,112,,,a,
ASN00092045,19851214,PRCP,0,,,a,
ASN00092045,19851215,PRCP,2,,,a,
ASN00092045,19851216,PRCP,64,,,a,
ASN00092045,19851217,PRCP,114,,,a,
ASN00092045,19851218,PRCP,0,,,a,
ASN00092045,19851219,PRCP,0,,,a,
ASN00092045,19851220,PRCP,0,,,a,
ASN00092045,19851221,PRCP,12,,,a,
ASN00092045,19851222,PRCP,94,,,a,
ASN00092045,19851223,PRCP,194,,,a,
ASN00092045,19851224,PRCP,20,,,a,
ASN00092045,19851225,PRCP,2,,,a,
ASN00092045,19851226,PRCP,10,,,a,
ASN00092045,19851227,PRCP,0,,,a,
ASN00092045,19851228,PRCP,6,,,a,
ASN00092045,19851229,PRCP,6,,,a,
ASN00092045,19851230,PRCP,6,,,a,
ASN00092045,19851231,PRCP,78,,,a,
ASN00092045,19851201,TAVG,144,H,,S,
ASN00092045,19851203,TAVG,149,H,,S,
ASN00092045,19851204,TAVG,153,H,,S,
ASN00092045,19851205,TAVG,155,H,,S,
ASN00092045,19851206,TAVG,170,H,,S,
ASN00092045,19851207,TAVG,165,H,,S,
ASN00092045,19851208,TAVG,165,H,,S,
ASN00092045,19851209,TAVG,170,H,,S,
ASN00092045,19851210,TAVG,158,H,,S,
ASN00092045,19851211,TAVG,154,H,,S,
ASN00092045,19851212,TAVG,159,H,,S,
ASN00092045,19851214,TAVG,170,H,,S,
ASN00092045,19851215,TAVG,171,H,,S,
ASN00092045,19851216,TAVG,136,H,,S,
ASN00092045,19851218,TAVG,168,H,,S,
ASN00092045,19851219,TAVG,169,H,,S,
ASN00092045,19851220,TAVG,161,H,,S,
ASN00092045,19851221,TAVG,149,H,,S,
ASN00092045,19851222,TAVG,148,H,,S,
ASN00092045,19851224,TAVG,156,H,,S,
ASN00092045,19851226,TAVG,144,H,,S,
ASN00092045,19851227,TAVG,144,H,,S,
ASN00092045,19851228,TAVG,161,H,,S,
ASN00092045,19851229,TAVG,166,H,,S,
ASN00092045,19851230,TAVG,153,H,,S,
ASN00092045,19851231,TAVG,148,H,,S,
ASN00092045,19860101,TMAX,192,,,a,
ASN00092045,19860102,TMAX,170,,,a,
ASN00092045,19860103,TMAX,173,,,a,
ASN00092045,19860104,TMAX,215,,,a,
ASN00092045,19860105,TMAX,190,,,a,
ASN00092045,19860106,TMAX,200,,,a,
ASN00092045,19860107,TMAX,192,,,a,
ASN00092045,19860108,TMAX,225,,,a,
ASN00092045,19860109,TMAX,166,,,a,
ASN00092045,19860110,TMAX,185,,,a,
ASN00092045,19860111,TMAX,220,,,a,
ASN00092045,19860112,TMAX,204,,,a,
ASN00092045,19860113,TMAX,220,,,a,
ASN00092045,19860114,TMAX,195,,,a,
ASN00092045,19860115,TMAX,226,,,a,
ASN00092045,19860116,TMAX,217,,,a,
ASN00092045,19860117,TMAX,185,,,a,
ASN00092045,19860118,TMAX,180,,,a,
ASN00092045,19860119,TMAX,210,,,a,
ASN00092045,19860120,TMAX,182,,,a,
ASN00092045,19860121,TMAX,177,,,a,
ASN00092045,19860122,TMAX,183,,,a,
ASN00092045,19860123,TMAX,188,,,a,
ASN00092045,19860124,TMAX,210,,,a,
ASN00092045,19860125,TMAX,209,,,a,
ASN00092045,19860126,TMAX,215,,,a,
ASN00092045,19860127,TMAX,189,,,a,
ASN00092045,19860128,TMAX,188,,,a,
ASN00092045,19860129,TMAX,208,,,a,
ASN00092045,19860130,TMAX,247,,,a,
ASN00092045,19860131,TMAX,190,,,a,
ASN00092045,19860101,TMIN,115,,,a,
ASN00092045,19860102,TMIN,110,,,a,
ASN00092045,19860103,TMIN,115,,,a,
ASN00092045,19860104,TMIN,118,,,a,
ASN00092045,19860105,TMIN,94,,,a,
ASN00092045,19860106,TMIN,110,,,a,
ASN00092045,19860107,TMIN,150,,,a,
ASN00092045,19860108,TMIN,150,,,a,
ASN00092045,19860109,TMIN,105,,,a,
ASN00092045,19860110,TMIN,122,,,a,
ASN00092045,19860111,TMIN,130,,,a,
ASN00092045,19860112,TMIN,145,,,a,
ASN00092045,19860113,TMIN,121,,,a,
ASN00092045,19860114,TMIN,121,,,a,
ASN00092045,19860115,TMIN,168,,,a,
ASN00092045,19860116,TMIN,150,,,a,
ASN00092045,19860117,TMIN,127,,,a,
ASN00092045,19860118,TMIN,144,,,a,
ASN00092045,19860119,TMIN,138,,,a,
ASN00092045,19860120,TMIN,146,,,a,
ASN00092045,19860121,TMIN,120,,,a,
ASN00092045,19860122,TMIN,132,,,a,
ASN00092045,19860123,TMIN,135,,,a,
ASN00092045,19860124,TMIN,127,,,a,
ASN00092045,19860125,TMIN,150,,,a,
ASN00092045,19860126,TMIN,151,,,a,
ASN00092045,19860127,TMIN,154,,,a,
ASN00092045,19860128,TMIN,140,,,a,
ASN00092045,19860129,TMIN,150,,,a,
ASN00092045,19860130,TMIN,160,,,a,
ASN00092045,19860131,TMIN,146,,,a,
ASN00092045,19860101,PRCP,8,,,a,
ASN00092045,19860102,PRCP,14,,,a,
ASN00092045,19860103,PRCP,10,,,a,
ASN00092045,19860104,PRCP,0,,,a,
ASN00092045,19860105,PRCP,0,,,a,
ASN00092045,19860106,PRCP,0,,,a,
ASN00092045,19860107,PRCP,0,,,a,
ASN00092045,19860108,PRCP,0,,,a,
ASN00092045,19860109,PRCP,54,,,a,
ASN00092045,19860110,PRCP,266,,,a,
ASN00092045,19860111,PRCP,2,,,a,
ASN00092045,19860112,PRCP,0,,,a,
ASN00092045,19860113,PRCP,0,,,a,
ASN00092045,19860114,PRCP,0,,,a,
ASN00092045,19860115,PRCP,0,,,a,
ASN00092045,19860116,PRCP,18,,,a,
ASN00092045,19860117,PRCP,56,,,a,
ASN00092045,19860118,PRCP,0,,,a,
ASN00092045,19860119,PRCP,204,,,a,
ASN00092045,19860120,PRCP,8,,,a,
ASN00092045,19860121,PRCP,0,,,a,
ASN00092045,19860122,PRCP,34,,,a,
ASN00092045,19860123,PRCP,2,,,a,
ASN00092045,19860124,PRCP,0,,,a,
ASN00092045,19860125,PRCP,0,,,a,
ASN00092045,19860126,PRCP,0,,,a,
ASN00092045,19860127,PRCP,0,,,a,
ASN00092045,19860128,PRCP,0,,,a,
ASN00092045,19860129,PRCP,0,,,a,
ASN00092045,19860130,PRCP,0,,,a,
ASN00092045,19860131,PRCP,42,,,a,
ASN00092045,19860103,TAVG,154,H,,S,
ASN00092045,19860105,TAVG,150,H,,S,
ASN00092045,19860106,TAVG,172,H,,S,
ASN00092045,19860107,TAVG,172,H,,S,
ASN00092045,19860108,TAVG,143,H,,S,
ASN00092045,19860109,TAVG,145,H,,S,
ASN00092045,19860110,TAVG,158,H,,S,
ASN00092045,19860111,TAVG,173,H,,S,
ASN00092045,19860112,TAVG,160,H,,S,
ASN00092045,19860113,TAVG,168,H,,S,
ASN00092045,19860114,TAVG,183,H,,S,
ASN00092045,19860115,TAVG,176,H,,S,
ASN00092045,19860116,TAVG,152,H,,S,
ASN00092045,19860117,TAVG,160,H,,S,
ASN00092045,19860119,TAVG,159,H,,S,
ASN00092045,19860121,TAVG,149,H,,S,
ASN00092045,19860124,TAVG,168,H,,S,
ASN00092045,19860125,TAVG,164,H,,S,
ASN00092045,19860126,TAVG,171,H,,S,
ASN00092045,19860127,TAVG,156,H,,S,
ASN00092045,19860130,TAVG,173,H,,S,
ASN00092045,19860131,TAVG,168,H,,S,
ASN00092045,19860201,TMAX,198,,,a,
ASN00092045,19860202,TMAX,184,,,a,
ASN00092045,19860203,TMAX,212,,,a,
ASN00092045,19860204,TMAX,202,,,a,
ASN00092045,19860205,TMAX,200,,,a,
ASN00092045,19860206,TMAX,214,,,a,
ASN00092045,19860207,TMAX,205,,,a,
ASN00092045,19860208,TMAX,260,,,a,
ASN00092045,19860209,TMAX,203,,,a,
ASN00092045,19860210,TMAX,220,,,a,
ASN00092045,19860211,TMAX,205,,,a,
ASN00092045,19860212,TMAX,196,,,a,
ASN00092045,19860213,TMAX,209,,,a,
ASN00092045,19860214,TMAX,212,,,a,
ASN00092045,19860215,TMAX,202,,,a,
ASN00092045,19860216,TMAX,213,,,a,
ASN00092045,19860217,TMAX,210,,,a,
ASN00092045,19860218,TMAX,190,,,a,
ASN00092045,19860219,TMAX,200,,,a,
ASN00092045,19860220,TMAX,223,,,a,
ASN00092045,19860221,TMAX,200,,,a,
ASN00092045,19860222,TMAX,195,,,a,
ASN00092045,19860223,TMAX,179,,,a,
ASN00092045,19860224,TMAX,173,,,a,
ASN00092045,19860225,TMAX,189,,,a,
ASN00092045,19860226,TMAX,185,,,a,
ASN00092045,19860227,TMAX,185,,,a,
ASN00092045,19860228,TMAX,203,,,a,
ASN00092045,19860201,TMIN,155,,,a,
ASN00092045,19860202,TMIN,155,,,a,
ASN00092045,19860203,TMIN,94,,,a,
ASN00092045,19860204,TMIN,137,,,a,
ASN00092045,19860205,TMIN,144,,,a,
ASN00092045,19860206,TMIN,95,,,a,
ASN00092045,19860207,TMIN,124,,,a,
ASN00092045,19860208,TMIN,120,,,a,
ASN00092045,19860209,TMIN,126,,,a,
ASN00092045,19860210,TMIN,115,,,a,
ASN00092045,19860211,TMIN,130,,,a,
ASN00092045,19860212,TMIN,152,,,a,
ASN00092045,19860213,TMIN,162,,,a,
ASN00092045,19860214,TMIN,171,,,a,
ASN00092045,19860215,TMIN,170,,,a,
ASN00092045,19860216,TMIN,172,,,a,
ASN00092045,19860217,TMIN,170,,,a,
ASN00092045,19860218,TMIN,127,,,a,
ASN00092045,19860219,TMIN,90,,,a,
ASN00092045,19860220,TMIN,120,,,a,
ASN00092045,19860221,TMIN,98,,,a,
ASN00092045,19860222,TMIN,110,,,a,
ASN00092045,19860223,TMIN,115,,,a,
ASN00092045,19860224,TMIN,122,,,a,
ASN00092045,19860225,TMIN,126,,,a,
ASN00092045,19860226,TMIN,140,,,a,
ASN00092045,19860227,TMIN,115,,,a,
ASN00092045,19860228,TMIN,149,,,a,
ASN00092045,19860201,PRCP,0,,,a,
ASN00092045,19860202,PRCP,0,,,a,
ASN00092045,19860203,PRCP,0,,,a,
ASN00092045,19860204,PRCP,0,,,a,
ASN00092045,19860205,PRCP,12,,,a,
ASN00092045,19860206,PRCP,2,,,a,
ASN00092045,19860207,PRCP,0,,,a,
ASN00092045,19860208,PRCP,0,,,a,
ASN00092045,19860209,PRCP,4,,,a,
ASN00092045,19860210,PRCP,4,,,a,
ASN00092045,19860211,PRCP,0,,,a,
ASN00092045,19860212,PRCP,0,,,a,
ASN00092045,19860213,PRCP,0,,,a,
ASN00092045,19860214,PRCP,0,,,a,
ASN00092045,19860215,PRCP,0,,,a,
ASN00092045,19860216,PRCP,0,,,a,
ASN00092045,19860217,PRCP,0,,,a,
ASN00092045,19860218,PRCP,82,,,a,
ASN00092045,19860219,PRCP,56,,,a,
ASN00092045,19860220,PRCP,0,,,a,
ASN00092045,19860221,PRCP,0,,,a,
ASN00092045,19860222,PRCP,0,,,a,
ASN00092045,19860223,PRCP,0,,,a,
ASN00092045,19860224,PRCP,66,,,a,
ASN00092045,19860225,PRCP,20,,,a,
ASN00092045,19860226,PRCP,0,,,a,
ASN00092045,19860227,PRCP,0,,,a,
ASN00092045,19860228,PRCP,0,,,a,
ASN00092045,19860201,TAVG,176,H,,S,
ASN00092045,19860202,TAVG,130,H,,S,
ASN00092045,19860203,TAVG,166,H,,S,
ASN00092045,19860205,TAVG,148,H,,S,
ASN00092045,19860206,TAVG,158,H,,S,
ASN00092045,19860207,TAVG,152,H,,S,
ASN00092045,19860210,TAVG,164,H,,S,
ASN00092045,19860211,TAVG,168,H,,S,
ASN00092045,19860213,TAVG,180,H,,S,
ASN00092045,19860216,TAVG,188,H,,S,
ASN00092045,19860217,TAVG,167,H,,S,
ASN00092045,19860218,TAVG,130,H,,S,
ASN00092045,19860219,TAVG,159,H,,S,
ASN00092045,19860220,TAVG,152,H,,S,
ASN00092045,19860224,TAVG,147,H,,S,
ASN00092045,19860225,TAVG,156,H,,S,
ASN00092045,19860226,TAVG,148,H,,S,
ASN00092045,19860228,TAVG,181,H,,S,
ASN00092045,19860301,TMAX,220,,,a,
ASN00092045,19860302,TMAX,215,,,a,
ASN00092045,19860303,TMAX,202,,,a,
ASN00092045,19860304,TMAX,220,,,a,
ASN00092045,19860305,TMAX,191,,,a,
ASN00092045,19860306,TMAX,217,,,a,
ASN00092045,19860307,TMAX,250,,,a,
ASN00092045,19860308,TMAX,191,,,a,
ASN00092045,19860309,TMAX,203,,,a,
ASN00092045,19860310,TMAX,163,,,a,
ASN00092045,19860311,TMAX,155,,,a,
ASN00092045,19860312,TMAX,167,,,a,
ASN00092045,19860313,TMAX,195,,,a,
ASN00092045,19860314,TMAX,218,,,a,
ASN00092045,19860315,TMAX,200,,,a,
ASN00092045,19860316,TMAX,226,,,a,
ASN00092045,19860317,TMAX,197,,,a,
ASN00092045,19860318,TMAX,190,,,a,
ASN00092045,19860319,TMAX,200,,,a,
ASN00092045,19860320,TMAX,200,,,a,
ASN00092045,19860321,TMAX,200,,,a,
ASN00092045,19860322,TMAX,198,,,a,
ASN00092045,19860323,TMAX,196,,,a,
ASN00092045,19860324,TMAX,188,,,a,
ASN00092045,19860325,TMAX,200,,,a,
ASN00092045,19860326,TMAX,215,,,a,
ASN00092045,19860327,TMAX,195,,,a,
ASN00092045,19860328,TMAX,176,,,a,
ASN00092045,19860329,TMAX,186,,,a,
ASN00092045,19860330,TMAX,195,,,a,
ASN00092045,19860331,TMAX,210,,,a,
ASN00092045,19860301,TMIN,175,,,a,
ASN00092045,19860302,TMIN,155,,,a,
ASN00092045,19860303,TMIN,159,,,a,
ASN00092045,19860304,TMIN,165,,,a,
ASN00092045,19860305,TMIN,169,,,a,
ASN00092045,19860306,TMIN,169,,,a,
ASN00092045,19860307,TMIN,186,,,a,
ASN00092045,19860308,TMIN,90,,,a,
ASN00092045,19860309,TMIN,124,,,a,
ASN00092045,19860310,TMIN,72,,,a,
ASN00092045,19860311,TMIN,127,,,a,
ASN00092045,19860312,TMIN,115,,,a,
ASN00092045,19860313,TMIN,110,,,a,
ASN00092045,19860314,TMIN,135,,,a,
ASN00092045,19860315,TMIN,141,,,a,
ASN00092045,19860316,TMIN,110,,,a,
ASN00092045,19860317,TMIN,120,,,a,
ASN00092045,19860318,TMIN,135,,,a,
ASN00092045,19860319,TMIN,156,,,a,
ASN00092045,19860320,TMIN,143,,,a,
ASN00092045,19860321,TMIN,170,,,a,
ASN00092045,19860322,TMIN,163,,,a,
ASN00092045,19860323,TMIN,153,,,a,
ASN00092045,19860324,TMIN,142,,,a,
ASN00092045,19860325,TMIN,157,,,a,
ASN00092045,19860326,TMIN,121,,,a,
ASN00092045,19860327,TMIN,145,,,a,
ASN00092045,19860328,TMIN,82,,,a,
ASN00092045,19860329,TMIN,133,,,a,
ASN00092045,19860330,TMIN,170,,,a,
ASN00092045,19860331,TMIN,148,,,a,
ASN00092045,19860301,PRCP,0,,,a,
ASN00092045,19860302,PRCP,0,,,a,
ASN00092045,19860303,PRCP,0,,,a,
ASN00092045,19860304,PRCP,0,,,a,
ASN00092045,19860305,PRCP,0,,,a,
ASN00092045,19860306,PRCP,2,,,a,
ASN00092045,19860307,PRCP,0,,,a,
ASN00092045,19860308,PRCP,78,,,a,
ASN00092045,19860309,PRCP,4,,,a,
ASN00092045,19860310,PRCP,74,,,a,
ASN00092045,19860311,PRCP,0,,,a,
ASN00092045,19860312,PRCP,4,,,a,
ASN00092045,19860313,PRCP,0,,,a,
ASN00092045,19860314,PRCP,0,,,a,
ASN00092045,19860315,PRCP,0,,,a,
ASN00092045,19860316,PRCP,6,,,a,
ASN00092045,19860317,PRCP,0,,,a,
ASN00092045,19860318,PRCP,0,,,a,
ASN00092045,19860319,PRCP,56,,,a,
ASN00092045,19860320,PRCP,0,,,a,
ASN00092045,19860321,PRCP,0,,,a,
ASN00092045,19860322,PRCP,0,,,a,
ASN00092045,19860323,PRCP,0,,,a,
ASN00092045,19860324,PRCP,0,,,a,
ASN00092045,19860325,PRCP,2,,,a,
ASN00092045,19860326,PRCP,20,,,a,
ASN00092045,19860327,PRCP,4,,,a,
ASN00092045,19860328,PRCP,0,,,a,
ASN00092045,19860329,PRCP,0,,,a,
ASN00092045,19860330,PRCP,0,,,a,
ASN00092045,19860331,PRCP,0,,,a,
ASN00092045,19860301,TAVG,169,H,,S,
ASN00092045,19860302,TAVG,174,H,,S,
ASN00092045,19860303,TAVG,188,H,,S,
ASN00092045,19860305,TAVG,177,H,,S,
ASN00092045,19860307,TAVG,152,H,,S,
ASN00092045,19860309,TAVG,116,H,,S,
ASN00092045,19860310,TAVG,136,H,,S,
ASN00092045,19860311,TAVG,131,H,,S,
ASN00092045,19860312,TAVG,139,H,,S,
ASN00092045,19860313,TAVG,165,H,,S,
ASN00092045,19860314,TAVG,170,H,,S,
ASN00092045,19860316,TAVG,156,H,,S,
ASN00092045,19860317,TAVG,159,H,,S,
ASN00092045,19860318,TAVG,167,H,,S,
ASN00092045,19860319,TAVG,173,H,,S,
ASN00092045,19860320,TAVG,181,H,,S,
ASN00092045,19860321,TAVG,170,H,,S,
ASN00092045,19860322,TAVG,166,H,,S,
ASN00092045,19860323,TAVG,166,H,,S,
ASN00092045,19860324,TAVG,164,H,,S,
ASN00092045,19860325,TAVG,154,H,,S,
ASN00092045,19860327,TAVG,132,H,,S,
ASN00092045,19860328,TAVG,164,H,,S,
ASN00092045,19860329,TAVG,175,H,,S,
ASN00092045,19860330,TAVG,174,H,,S,
ASN00092045,19860331,TAVG,155,H,,S,
ASN00092045,19860401,TMAX,182,,,a,
ASN00092045,19860402,TMAX,199,,,a,
ASN00092045,19860403,TMAX,213,,,a,
ASN00092045,19860404,TMAX,224,,,a,
ASN00092045,19860405,TMAX,185,,,a,
ASN00092045,19860406,TMAX,177,,,a,
ASN00092045,19860407,TMAX,195,,,a,
ASN00092045,19860408,TMAX,185,,,a,
ASN00092045,19860409,TMAX,170,,,a,
ASN00092045,19860410,TMAX,205,,,a,
ASN00092045,19860411,TMAX,175,,,a,
ASN00092045,19860412,TMAX,180,,,a,
ASN00092045,19860413,TMAX,192,,,a,
ASN00092045,19860414,TMAX,188,,,a,
ASN00092045,19860415,TMAX,191,,,a,
ASN00092045,19860416,TMAX,200,,,a,
ASN00092045,19860417,TMAX,187,,,a,
ASN00092045,19860418,TMAX,175,,,a,
ASN00092045,19860419,TMAX,186,,,a,
ASN00092045,19860420,TMAX,178,,,a,
ASN00092045,19860421,TMAX,175,,,a,
ASN00092045,19860422,TMAX,175,,,a,
ASN00092045,19860423,TMAX,178,,,a,
ASN00092045,19860424,TMAX,176,,,a,
ASN00092045,19860425,TMAX,158,,,a,
ASN00092045,19860426,TMAX,146,,,a,
ASN00092045,19860427,TMAX,142,,,a,
ASN00092045,19860428,TMAX,134,,,a,
ASN00092045,19860429,TMAX,145,,,a,
ASN00092045,19860430,TMAX,180,,,a,
ASN00092045,19860401,TMIN,126,,,a,
ASN00092045,19860402,TMIN,140,,,a,
ASN00092045,19860403,TMIN,125,,,a,
ASN00092045,19860404,TMIN,141,,,a,
ASN00092045,19860405,TMIN,122,,,a,
ASN00092045,19860406,TMIN,72,,,a,
ASN00092045,19860407,TMIN,106,,,a,
ASN00092045,19860408,TMIN,125,,,a,
ASN00092045,19860409,TMIN,108,,,a,
ASN00092045,19860410,TMIN,123,,,a,
ASN00092045,19860411,TMIN,135,,,a,
ASN00092045,19860412,TMIN,116,,,a,
ASN00092045,19860413,TMIN,106,,,a,
ASN00092045,19860414,TMIN,130,,,a,
ASN00092045,19860415,TMIN,160,,,a,
ASN00092045,19860416,TMIN,167,,,a,
ASN00092045,19860417,TMIN,120,,,a,
ASN00092045,19860418,TMIN,105,,,a,
ASN00092045,19860419,TMIN,133,,,a,
ASN00092045,19860420,TMIN,130,,,a,
ASN00092045,19860421,TMIN,115,,,a,
ASN00092045,19860422,TMIN,135,,,a,
ASN00092045,19860423,TMIN,128,,,a,
ASN00092045,19860424,TMIN,137,,,a,
ASN00092045,19860425,TMIN,122,,,a,
ASN00092045,19860426,TMIN,84,,,a,
ASN00092045,19860427,TMIN,100,,,a,
ASN00092045,19860428,TMIN,85,,,a,
ASN00092045,19860429,TMIN,45,,,a,
ASN00092045,19860430,TMIN,70,,,a,
ASN00092045,19860401,PRCP,0,,,a,
ASN00092045,19860402,PRCP,0,,,a,
ASN00092045,19860403,PRCP,2,,,a,
ASN00092045,19860404,PRCP,0,,,a,
ASN00092045,19860405,PRCP,6,,,a,
ASN00092045,19860406,PRCP,0,,,a,
ASN00092045,19860407,PRCP,0,,,a,
ASN00092045,19860408,PRCP,2,,,a,
ASN00092045,19860409,PRCP,2,,,a,
ASN00092045,19860410,PRCP,2,,,a,
ASN00092045,19860411,PRCP,0,,,a,
ASN00092045,19860412,PRCP,0,,,a,
ASN00092045,19860413,PRCP,0,,,a,
ASN00092045,19860414,PRCP,0,,,a,
ASN00092045,19860415,PRCP,2,,,a,
ASN00092045,19860416,PRCP,0,,,a,
ASN00092045,19860417,PRCP,10,,,a,
ASN00092045,19860418,PRCP,28,,,a,
ASN00092045,19860419,PRCP,2,,,a,
ASN00092045,19860420,PRCP,30,,,a,
ASN00092045,19860421,PRCP,0,,,a,
ASN00092045,19860422,PRCP,6,,,a,
ASN00092045,19860423,PRCP,8,,,a,
ASN00092045,19860424,PRCP,0,,,a,
ASN00092045,19860425,PRCP,88,,,a,
ASN00092045,19860426,PRCP,124,,,a,
ASN00092045,19860427,PRCP,26,,,a,
ASN00092045,19860428,PRCP,2,,,a,
ASN00092045,19860429,PRCP,0,,,a,
ASN00092045,19860430,PRCP,0,,,a,
ASN00092045,19860401,TAVG,156,H,,S,
ASN00092045,19860402,TAVG,151,H,,S,
ASN00092045,19860404,TAVG,156,H,,S,
ASN00092045,19860405,TAVG,126,H,,S,
ASN00092045,19860406,TAVG,135,H,,S,
ASN00092045,19860407,TAVG,146,H,,S,
ASN00092045,19860408,TAVG,138,H,,S,
ASN00092045,19860409,TAVG,151,H,,S,
ASN00092045,19860411,TAVG,136,H,,S,
ASN00092045,19860412,TAVG,139,H,,S,
ASN00092045,19860413,TAVG,150,H,,S,
ASN00092045,19860414,TAVG,171,H,,S,
ASN00092045,19860415,TAVG,174,H,,S,
ASN00092045,19860416,TAVG,147,H,,S,
ASN00092045,19860417,TAVG,140,H,,S,
ASN00092045,19860419,TAVG,143,H,,S,
ASN00092045,19860421,TAVG,141,H,,S,
ASN00092045,19860422,TAVG,153,H,,S,
ASN00092045,19860423,TAVG,157,H,,S,
ASN00092045,19860427,TAVG,103,H,,S,
ASN00092045,19860428,TAVG,89,H,,S,
ASN00092045,19860429,TAVG,107,H,,S,
ASN00092045,19860430,TAVG,131,H,,S,
ASN00092045,19860501,TMAX,149,,,a,
ASN00092045,19860502,TMAX,155,,,a,
ASN00092045,19860503,TMAX,168,,,a,
ASN00092045,19860504,TMAX,184,,,a,
ASN00092045,19860505,TMAX,156,,,a,
ASN00092045,19860506,TMAX,160,,,a,
ASN00092045,19860507,TMAX,177,,,a,
ASN00092045,19860508,TMAX,152,,,a,
ASN00092045,19860509,TMAX,155,,,a,
ASN00092045,19860510,TMAX,159,,,a,
ASN00092045,19860511,TMAX,154,,,a,
ASN00092045,19860512,TMAX,180,,,a,
ASN00092045,19860513,TMAX,170,,,a,
ASN00092045,19860514,TMAX,141,,,a,
ASN00092045,19860515,TMAX,134,,,a,
ASN00092045,19860516,TMAX,136,,,a,
ASN00092045,19860517,TMAX,150,,,a,
ASN00092045,19860518,TMAX,162,,,a,
ASN00092045,19860519,TMAX,148,,,a,
ASN00092045,19860520,TMAX,124,,,a,
ASN00092045,19860521,TMAX,120,,,a,
ASN00092045,19860522,TMAX,140,,,a,
ASN00092045,19860523,TMAX,148,,,a,
ASN00092045,19860524,TMAX,157,,,a,
ASN00092045,19860525,TMAX,140,,,a,
ASN00092045,19860526,TMAX,176,,,a,
ASN00092045,19860527,TMAX,152,,,a,
ASN00092045,19860528,TMAX,162,,,a,
ASN00092045,19860529,TMAX,160,,,a,
ASN00092045,19860530,TMAX,165,,,a,
ASN00092045,19860531,TMAX,140,,,a,
ASN00092045,19860501,TMIN,100,,,a,
ASN00092045,19860502,TMIN,90,,,a,
ASN00092045,19860503,TMIN,90,,,a,
ASN00092045,19860504,TMIN,78,,,a,
ASN00092045,19860505,TMIN,82,,,a,
ASN00092045,19860506,TMIN,110,,,a,
ASN00092045,19860507,TMIN,143,,,a,
ASN00092045,19860508,TMIN,107,,,a,
ASN00092045,19860509,TMIN,90,,,a,
ASN00092045,19860510,TMIN,110,,,a,
ASN00092045,19860511,TMIN,80,,,a,
ASN00092045,19860512,TMIN,111,,,a,
ASN00092045,19860513,TMIN,125,,,a,
ASN00092045,19860514,TMIN,96,,,a,
ASN00092045,19860515,TMIN,115,,,a,
ASN00092045,19860516,TMIN,110,,,a,
ASN00092045,19860517,TMIN,107,,,a,
ASN00092045,19860518,TMIN,115,,,a,
ASN00092045,19860519,TMIN,115,,,a,
ASN00092045,19860520,TMIN,105,,,a,
ASN00092045,19860521,TMIN,86,,,a,
ASN00092045,19860522,TMIN,70,,,a,
ASN00092045,19860523,TMIN,83,,,a,
ASN00092045,19860524,TMIN,93,,,a,
ASN00092045,19860525,TMIN,75,,,a,
ASN00092045,19860526,TMIN,90,,,a,
ASN00092045,19860527,TMIN,114,,,a,
ASN00092045,19860528,TMIN,100,,,a,
ASN00092045,19860529,TMIN,83,,,a,
ASN00092045,19860530,TMIN,95,,,a,
ASN00092045,19860531,TMIN,78,,,a,
ASN00092045,19860501,PRCP,0,,,a,
ASN00092045,19860502,PRCP,0,,,a,
ASN00092045,19860503,PRCP,0,,,a,
ASN00092045,19860504,PRCP,0,,,a,
ASN00092045,19860505,PRCP,2,,,a,
ASN00092045,19860506,PRCP,2,,,a,
ASN00092045,19860507,PRCP,188,,,a,
ASN00092045,19860508,PRCP,10,,,a,
ASN00092045,19860509,PRCP,50,,,a,
ASN00092045,19860510,PRCP,6,,,a,
ASN00092045,19860511,PRCP,0,,,a,
ASN00092045,19860512,PRCP,8,,,a,
ASN00092045,19860513,PRCP,2,,,a,
ASN00092045,19860514,PRCP,0,,,a,
ASN00092045,19860515,PRCP,0,,,a,
ASN00092045,19860516,PRCP,10,,,a,
ASN00092045,19860517,PRCP,192,,,a,
ASN00092045,19860518,PRCP,641,,,a,
ASN00092045,19860519,PRCP,110,,,a,
ASN00092045,19860520,PRCP,116,,,a,
ASN00092045,19860521,PRCP,0,,,a,
ASN00092045,19860522,PRCP,0,,,a,
ASN00092045,19860523,PRCP,0,,,a,
ASN00092045,19860524,PRCP,52,,,a,
ASN00092045,19860525,PRCP,2,,,a,
ASN00092045,19860526,PRCP,0,,,a,
ASN00092045,19860527,PRCP,0,,,a,
ASN00092045,19860528,PRCP,0,,,a,
ASN00092045,19860529,PRCP,0,,,a,
ASN00092045,19860530,PRCP,0,,,a,
ASN00092045,19860531,PRCP,2,,,a,
ASN00092045,19860501,TAVG,119,H,,S,
ASN00092045,19860503,TAVG,117,H,,S,
ASN00092045,19860506,TAVG,152,H,,S,
ASN00092045,19860507,TAVG,138,H,,S,
ASN00092045,19860508,TAVG,123,H,,S,
ASN00092045,19860509,TAVG,141,H,,S,
ASN00092045,19860510,TAVG,123,H,,S,
ASN00092045,19860511,TAVG,139,H,,S,
ASN00092045,19860512,TAVG,145,H,,S,
ASN00092045,19860514,TAVG,122,H,,S,
ASN00092045,19860515,TAVG,125,H,,S,
ASN00092045,19860516,TAVG,114,H,,S,
ASN00092045,19860517,TAVG,132,H,,S,
ASN00092045,19860518,TAVG,130,H,,S,
ASN00092045,19860519,TAVG,118,H,,S,
ASN00092045,19860520,TAVG,100,H,,S,
ASN00092045,19860521,TAVG,97,H,,S,
ASN00092045,19860523,TAVG,122,H,,S,
ASN00092045,19860524,TAVG,114,H,,S,
ASN00092045,19860525,TAVG,120,H,,S,
ASN00092045,19860526,TAVG,137,H,,S,
ASN00092045,19860527,TAVG,126,H,,S,
ASN00092045,19860528,TAVG,116,H,,S,
ASN00092045,19860529,TAVG,117,H,,S,
ASN00092045,19860530,TAVG,110,H,,S,
ASN00092045,19860531,TAVG,106,H,,S,
ASN00092045,19860601,TMAX,159,,,a,
ASN00092045,19860602,TMAX,143,,,a,
ASN00092045,19860603,TMAX,132,,,a,
ASN00092045,19860604,TMAX,167,,,a,
ASN00092045,19860605,TMAX,145,,,a,
ASN00092045,19860606,TMAX,150,,,a,
ASN00092045,19860607,TMAX,149,,,a,
ASN00092045,19860608,TMAX,125,,,a,
ASN00092045,19860609,TMAX,160,,,a,
ASN00092045,19860610,TMAX,119,,,a,
ASN00092045,19860611,TMAX,147,,,a,
ASN00092045,19860612,TMAX,125,,,a,
ASN00092045,19860613,TMAX,127,,,a,
ASN00092045,19860614,TMAX,122,,,a,
ASN00092045,19860615,TMAX,136,,,a,
ASN00092045,19860616,TMAX,145,,,a,
ASN00092045,19860617,TMAX,146,,,a,
ASN00092045,19860618,TMAX,113,,,a,
ASN00092045,19860619,TMAX,105,,,a,
ASN00092045,19860620,TMAX,94,,,a,
ASN00092045,19860621,TMAX,124,,,a,
ASN00092045,19860622,TMAX,96,,,a,
ASN00092045,19860623,TMAX,104,,,a,
ASN00092045,19860624,TMAX,117,,,a,
ASN00092045,19860625,TMAX,122,,,a,
ASN00092045,19860626,TMAX,129,,,a,
ASN00092045,19860627,TMAX,108,,,a,
ASN00092045,19860628,TMAX,110,,,a,
ASN00092045,19860629,TMAX,122,,,a,
ASN00092045,19860630,TMAX,124,,,a,
ASN00092045,19860601,TMIN,76,,,a,
ASN00092045,19860602,TMIN,83,,,a,
ASN00092045,19860603,TMIN,75,,,a,
ASN00092045,19860604,TMIN,90,,,a,
ASN00092045,19860605,TMIN,118,,,a,
ASN00092045,19860606,TMIN,108,,,a,
ASN00092045,19860607,TMIN,116,,,a,
ASN00092045,19860608,TMIN,88,,,a,
ASN00092045,19860609,TMIN,76,,,a,
ASN00092045,19860610,TMIN,45,,,a,
ASN00092045,19860612,TMIN,75,,,a,
ASN00092045,19860613,TMIN,80,,,a,
ASN00092045,19860614,TMIN,97,,,a,
ASN00092045,19860615,TMIN,101,,,a,
ASN00092045,19860616,TMIN,108,,,a,
ASN00092045,19860617,TMIN,90,,,a,
ASN00092045,19860618,TMIN,76,,,a,
ASN00092045,19860619,TMIN,46,,,a,
ASN00092045,19860620,TMIN,42,,,a,
ASN00092045,19860621,TMIN,6,,,a,
ASN00092045,19860622,TMIN,25,,,a,
ASN00092045,19860623,TMIN,22,,,a,
ASN00092045,19860624,TMIN,34,,,a,
ASN00092045,19860625,TMIN,37,,,a,
ASN00092045,19860626,TMIN,52,,,a,
ASN00092045,19860627,TMIN,25,,,a,
ASN00092045,19860628,TMIN,30,,,a,
ASN00092045,19860629,TMIN,35,,,a,
ASN00092045,19860630,TMIN,55,,,a,
ASN00092045,19860601,PRCP,0,,,a,
ASN00092045,19860602,PRCP,0,,,a,
ASN00092045,19860603,PRCP,0,,,a,
ASN00092045,19860604,PRCP,0,,,a,
ASN00092045,19860605,PRCP,0,,,a,
ASN00092045,19860606,PRCP,0,,,a,
ASN00092045,19860607,PRCP,26,,,a,
ASN00092045,19860608,PRCP,60,,,a,
ASN00092045,19860609,PRCP,0,,,a,
ASN00092045,19860610,PRCP,0,,,a,
ASN00092045,19860611,PRCP,0,,,a,
ASN00092045,19860612,PRCP,0,,,a,
ASN00092045,19860613,PRCP,0,,,a,
ASN00092045,19860614,PRCP,0,,,a,
ASN00092045,19860615,PRCP,2,,,a,
ASN00092045,19860616,PRCP,28,,,a,
ASN00092045,19860617,PRCP,18,,,a,
ASN00092045,19860618,PRCP,48,,,a,
ASN00092045,19860619,PRCP,40,,,a,
ASN00092045,19860620,PRCP,0,,,a,
ASN00092045,19860621,PRCP,0,,,a,
ASN00092045,19860622,PRCP,0,,,a,
ASN00092045,19860623,PRCP,0,,,a,
ASN00092045,19860624,PRCP,0,,,a,
ASN00092045,19860625,PRCP,0,,,a,
ASN00092045,19860626,PRCP,14,,,a,
ASN00092045,19860627,PRCP,6,,,a,
ASN00092045,19860628,PRCP,0,,,a,
ASN00092045,19860629,PRCP,0,,,a,
ASN00092045,19860630,PRCP,0,,,a,
ASN00092045,19860601,TAVG,118,H,,S,
ASN00092045,19860602,TAVG,112,H,,S,
ASN00092045,19860603,TAVG,125,H,,S,
ASN00092045,19860604,TAVG,130,H,,S,
ASN00092045,19860606,TAVG,124,H,,S,
ASN00092045,19860607,TAVG,115,H,,S,
ASN00092045,19860608,TAVG,104,H,,S,
ASN00092045,19860609,TAVG,88,H,,S,
ASN00092045,19860610,TAVG,106,H,,S,
ASN00092045,19860611,TAVG,114,H,,S,
ASN00092045,19860612,TAVG,100,H,,S,
ASN00092045,19860613,TAVG,107,H,,S,
ASN00092045,19860615,TAVG,126,H,,S,
ASN00092045,19860616,TAVG,113,H,,S,
ASN00092045,19860617,TAVG,107,H,,S,
ASN00092045,19860620,TAVG,49,H,,S,
ASN00092045,19860622,TAVG,48,H,,S,
ASN00092045,19860623,TAVG,65,H,,S,
ASN00092045,19860624,TAVG,66,H,,S,
ASN00092045,19860625,TAVG,93,H,,S,
ASN00092045,19860626,TAVG,72,H,,S,
ASN00092045,19860627,TAVG,73,H,,S,
ASN00092045,19860628,TAVG,79,H,,S,
ASN00092045,19860629,TAVG,84,H,,S,
ASN00092045,19860630,TAVG,81,H,,S,
ASN00092045,19860701,TMAX,129,,,a,
ASN00092045,19860702,TMAX,132,,,a,
ASN00092045,19860703,TMAX,141,,,a,
ASN00092045,19860704,TMAX,131,,,a,
ASN00092045,19860705,TMAX,130,,,a,
ASN00092045,19860706,TMAX,130,,,a,
ASN00092045,19860707,TMAX,122,,,a,
ASN00092045,19860708,TMAX,114,,,a,
ASN00092045,19860709,TMAX,110,,,a,
ASN00092045,19860710,TMAX,125,,,a,
ASN00092045,19860711,TMAX,120,,,a,
ASN00092045,19860712,TMAX,136,,,a,
ASN00092045,19860713,TMAX,136,,,a,
ASN00092045,19860714,TMAX,125,,,a,
ASN00092045,19860715,TMAX,142,,,a,
ASN00092045,19860716,TMAX,145,,,a,
ASN00092045,19860717,TMAX,125,,,a,
ASN00092045,19860718,TMAX,140,,,a,
ASN00092045,19860719,TMAX,148,,,a,
ASN00092045,19860720,TMAX,135,,,a,
ASN00092045,19860721,TMAX,130,,,a,
ASN00092045,19860722,TMAX,128,,,a,
ASN00092045,19860723,TMAX,123,,,a,
ASN00092045,19860724,TMAX,125,,,a,
ASN00092045,19860725,TMAX,70,,,a,
ASN00092045,19860726,TMAX,125,,,a,
ASN00092045,19860727,TMAX,120,,,a,
ASN00092045,19860728,TMAX,145,,,a,
ASN00092045,19860729,TMAX,132,,,a,
ASN00092045,19860730,TMAX,140,,,a,
ASN00092045,19860731,TMAX,120,,,a,
ASN00092045,19860701,TMIN,50,,,a,
ASN00092045,19860702,TMIN,90,,,a,
ASN00092045,19860703,TMIN,117,,,a,
ASN00092045,19860704,TMIN,104,,,a,
ASN00092045,19860705,TMIN,68,,,a,
ASN00092045,19860706,TMIN,55,,,a,
ASN00092045,19860707,TMIN,65,,,a,
ASN00092045,19860708,TMIN,67,,,a,
ASN00092045,19860709,TMIN,59,,,a,
ASN00092045,19860710,TMIN,45,,,a,
ASN00092045,19860711,TMIN,37,,,a,
ASN00092045,19860712,TMIN,36,,,a,
ASN00092045,19860713,TMIN,62,,,a,
ASN00092045,19860714,TMIN,89,,,a,
ASN00092045,19860715,TMIN,70,,,a,
ASN00092045,19860716,TMIN,87,,,a,
ASN00092045,19860717,TMIN,99,,,a,
ASN00092045,19860718,TMIN,78,,,a,
ASN00092045,19860719,TMIN,78,,,a,
ASN00092045,19860720,TMIN,56,,,a,
ASN00092045,19860721,TMIN,74,,,a,
ASN00092045,19860722,TMIN,84,,,a,
ASN00092045,19860723,TMIN,84,,,a,
ASN00092045,19860724,TMIN,80,,,a,
ASN00092045,19860725,TMIN,7,,,a,
ASN00092045,19860726,TMIN,10,,,a,
ASN00092045,19860727,TMIN,37,,,a,
ASN00092045,19860728,TMIN,65,,,a,
ASN00092045,19860729,TMIN,65,,,a,
ASN00092045,19860730,TMIN,87,,,a,
ASN00092045,19860731,TMIN,68,,,a,
ASN00092045,19860701,PRCP,0,,,a,
ASN00092045,19860702,PRCP,26,,,a,
ASN00092045,19860703,PRCP,424,,,a,
ASN00092045,19860704,PRCP,18,,,a,
ASN00092045,19860705,PRCP,52,,,a,
ASN00092045,19860706,PRCP,0,,,a,
ASN00092045,19860707,PRCP,6,,,a,
ASN00092045,19860708,PRCP,46,,,a,
ASN00092045,19860709,PRCP,0,,,a,
ASN00092045,19860710,PRCP,12,,,a,
ASN00092045,19860711,PRCP,2,,,a,
ASN00092045,19860712,PRCP,0,,,a,
ASN00092045,19860713,PRCP,2,,,a,
ASN00092045,19860714,PRCP,0,,,a,
ASN00092045,19860715,PRCP,2,,,a,
ASN00092045,19860716,PRCP,56,,,a,
ASN00092045,19860717,PRCP,126,,,a,
ASN00092045,19860718,PRCP,169,,,a,
ASN00092045,19860719,PRCP,0,,,a,
ASN00092045,19860720,PRCP,0,,,a,
ASN00092045,19860721,PRCP,0,,,a,
ASN00092045,19860722,PRCP,4,,,a,
ASN00092045,19860723,PRCP,8,,,a,
ASN00092045,19860724,PRCP,40,,,a,
ASN00092045,19860725,PRCP,8,,,a,
ASN00092045,19860726,PRCP,0,,,a,
ASN00092045,19860727,PRCP,0,,,a,
ASN00092045,19860728,PRCP,0,,,a,
ASN00092045,19860729,PRCP,0,,,a,
ASN00092045,19860730,PRCP,0,,,a,
ASN00092045,19860731,PRCP,18,,,a,
ASN00092045,19860701,TAVG,119,H,,S,
ASN00092045,19860702,TAVG,122,H,,S,
ASN00092045,19860703,TAVG,126,H,,S,
ASN00092045,19860704,TAVG,97,H,,S,
ASN00092045,19860706,TAVG,109,H,,S,
ASN00092045,19860707,TAVG,94,H,,S,
ASN00092045,19860708,TAVG,75,H,,S,
ASN00092045,19860709,TAVG,86,H,,S,
ASN00092045,19860710,TAVG,82,H,,S,
ASN00092045,19860711,TAVG,73,H,,S,
ASN00092045,19860713,TAVG,102,H,,S,
ASN00092045,19860715,TAVG,119,H,,S,
ASN00092045,19860717,TAVG,97,H,,S,
ASN00092045,19860719,TAVG,96,H,,S,
ASN00092045,19860720,TAVG,96,H,,S,
ASN00092045,19860721,TAVG,93,H,,S,
ASN00092045,19860722,TAVG,106,H,,S,
ASN00092045,19860723,TAVG,103,H,,S,
ASN00092045,19860724,TAVG,50,H,,S,
ASN00092045,19860725,TAVG,34,H,,S,
ASN00092045,19860727,TAVG,88,H,,S,
ASN00092045,19860729,TAVG,107,H,,S,
ASN00092045,19860731,TAVG,75,H,,S,
ASN00092045,19860801,TMAX,125,,,a,
ASN00092045,19860802,TMAX,145,,,a,
ASN00092045,19860803,TMAX,136,,,a,
ASN00092045,19860804,TMAX,129,,,a,
ASN00092045,19860805,TMAX,130,,,a,
ASN00092045,19860806,TMAX,120,,,a,
ASN00092045,19860807,TMAX,109,,,a,
ASN00092045,19860808,TMAX,114,,,a,
ASN00092045,19860809,TMAX,99,,,a,
ASN00092045,19860810,TMAX,106,,,a,
ASN00092045,19860811,TMAX,113,,,a,
ASN00092045,19860812,TMAX,127,,,a,
ASN00092045,19860813,TMAX,119,,,a,
ASN00092045,19860814,TMAX,130,,,a,
ASN00092045,19860815,TMAX,133,,,a,
ASN00092045,19860816,TMAX,127,,,a,
ASN00092045,19860817,TMAX,140,,,a,
ASN00092045,19860818,TMAX,158,,,a,
ASN00092045,19860819,TMAX,130,,,a,
ASN00092045,19860820,TMAX,145,,,a,
ASN00092045,19860821,TMAX,163,,,a,
ASN00092045,19860822,TMAX,144,,,a,
ASN00092045,19860823,TMAX,140,,,a,
ASN00092045,19860824,TMAX,130,,,a,
ASN00092045,19860825,TMAX,138,,,a,
ASN00092045,19860826,TMAX,150,,,a,
ASN00092045,19860827,TMAX,154,,,a,
ASN00092045,19860828,TMAX,140,,,a,
ASN00092045,19860829,TMAX,132,,,a,
ASN00092045,19860830,TMAX,125,,,a,
ASN00092045,19860831,TMAX,120,,,a,
ASN00092045,19860801,TMIN,41,,,a,
ASN00092045,19860802,TMIN,60,,,a,
ASN00092045,19860803,TMIN,83,,,a,
ASN00092045,19860804,TMIN,62,,,a,
ASN00092045,19860805,TMIN,61,,,a,
ASN00092045,19860806,TMIN,87,,,a,
ASN00092045,19860807,TMIN,82,,,a,
ASN00092045,19860808,TMIN,84,,,a,
ASN00092045,19860809,TMIN,62,,,a,
ASN00092045,19860810,TMIN,70,,,a,
ASN00092045,19860811,TMIN,74,,,a,
ASN00092045,19860812,TMIN,77,,,a,
ASN00092045,19860813,TMIN,40,,,a,
ASN00092045,19860814,TMIN,53,,,a,
ASN00092045,19860815,TMIN,89,,,a,
ASN00092045,19860816,TMIN,105,,,a,
ASN00092045,19860817,TMIN,58,,,a,
ASN00092045,19860818,TMIN,78,,,a,
ASN00092045,19860819,TMIN,75,,,a,
ASN00092045,19860820,TMIN,94,,,a,
ASN00092045,19860821,TMIN,98,,,a,
ASN00092045,19860822,TMIN,57,,,a,
ASN00092045,19860823,TMIN,88,,,a,
ASN00092045,19860824,TMIN,98,,,a,
ASN00092045,19860825,TMIN,82,,,a,
ASN00092045,19860826,TMIN,54,,,a,
ASN00092045,19860827,TMIN,70,,,a,
ASN00092045,19860828,TMIN,97,,,a,
ASN00092045,19860829,TMIN,104,,,a,
ASN00092045,19860830,TMIN,46,,,a,
ASN00092045,19860831,TMIN,42,,,a,
ASN00092045,19860801,PRCP,0,,,a,
ASN00092045,19860802,PRCP,0,,,a,
ASN00092045,19860803,PRCP,2,,,a,
ASN00092045,19860804,PRCP,0,,,a,
ASN00092045,19860805,PRCP,0,,,a,
ASN00092045,19860806,PRCP,0,,,a,
ASN00092045,19860807,PRCP,16,,,a,
ASN00092045,19860808,PRCP,26,,,a,
ASN00092045,19860809,PRCP,66,,,a,
ASN00092045,19860810,PRCP,30,,,a,
ASN00092045,19860811,PRCP,32,,,a,
ASN00092045,19860812,PRCP,30,,,a,
ASN00092045,19860813,PRCP,0,,,a,
ASN00092045,19860814,PRCP,2,,,a,
ASN00092045,19860815,PRCP,4,,,a,
ASN00092045,19860816,PRCP,92,,,a,
ASN00092045,19860817,PRCP,20,,,a,
ASN00092045,19860818,PRCP,2,,,a,
ASN00092045,19860819,PRCP,0,,,a,
ASN00092045,19860820,PRCP,2,,,a,
ASN00092045,19860821,PRCP,2,,,a,
ASN00092045,19860822,PRCP,2,,,a,
ASN00092045,19860823,PRCP,6,,,a,
ASN00092045,19860824,PRCP,0,,,a,
ASN00092045,19860825,PRCP,48,,,a,
ASN00092045,19860826,PRCP,0,,,a,
ASN00092045,19860827,PRCP,0,,,a,
ASN00092045,19860828,PRCP,0,,,a,
ASN00092045,19860829,PRCP,16,,,a,
ASN00092045,19860830,PRCP,20,,,a,
ASN00092045,19860831,PRCP,0,,,a,
ASN00092045,19860801,TAVG,104,H,,S,
ASN00092045,19860802,TAVG,108,H,,S,
ASN00092045,19860803,TAVG,101,H,,S,
ASN00092045,19860805,TAVG,113,H,,S,
ASN00092045,19860806,TAVG,102,H,,S,
ASN00092045,19860808,TAVG,92,H,,S,
ASN00092045,19860810,TAVG,90,H,,S,
ASN00092045,19860811,TAVG,89,H,,S,
ASN00092045,19860813,TAVG,82,H,,S,
ASN00092045,19860814,TAVG,120,H,,S,
ASN00092045,19860815,TAVG,121,H,,S,
ASN00092045,19860816,TAVG,86,H,,S,
ASN00092045,19860817,TAVG,105,H,,S,
ASN00092045,19860818,TAVG,106,H,,S,
ASN00092045,19860819,TAVG,116,H,,S,
ASN00092045,19860820,TAVG,117,H,,S,
ASN00092045,19860821,TAVG,102,H,,S,
ASN00092045,19860822,TAVG,113,H,,S,
ASN00092045,19860823,TAVG,114,H,,S,
ASN00092045,19860824,TAVG,103,H,,S,
ASN00092045,19860825,TAVG,86,H,,S,
ASN00092045,19860826,TAVG,110,H,,S,
ASN00092045,19860901,TMAX,154,,,a,
ASN00092045,19860902,TMAX,148,,,a,
ASN00092045,19860903,TMAX,158,,,a,
ASN00092045,19860904,TMAX,146,,,a,
ASN00092045,19860905,TMAX,147,,,a,
ASN00092045,19860906,TMAX,138,,,a,
ASN00092045,19860907,TMAX,130,,,a,
ASN00092045,19860908,TMAX,128,,,a,
ASN00092045,19860909,TMAX,150,,,a,
ASN00092045,19860910,TMAX,142,,,a,
ASN00092045,19860911,TMAX,130,,,a,
ASN00092045,19860912,TMAX,115,,,a,
ASN00092045,19860913,TMAX,119,,,a,
ASN00092045,19860914,TMAX,120,,,a,
ASN00092045,19860915,TMAX,120,,,a,
ASN00092045,19860916,TMAX,127,,,a,
ASN00092045,19860917,TMAX,120,,,a,
ASN00092045,19860918,TMAX,140,,,a,
ASN00092045,19860919,TMAX,140,,,a,
ASN00092045,19860920,TMAX,155,,,a,
ASN00092045,19860921,TMAX,157,,,a,
ASN00092045,19860922,TMAX,150,,,a,
ASN00092045,19860923,TMAX,170,,,a,
ASN00092045,19860924,TMAX,145,,,a,
ASN00092045,19860925,TMAX,152,,,a,
ASN00092045,19860926,TMAX,145,,,a,
ASN00092045,19860927,TMAX,160,,,a,
ASN00092045,19860928,TMAX,135,,,a,
ASN00092045,19860929,TMAX,158,,,a,
ASN00092045,19860930,TMAX,158,,,a,
ASN00092045,19860901,TMIN,68,,,a,
ASN00092045,19860902,TMIN,80,,,a,
ASN00092045,19860903,TMIN,103,,,a,
ASN00092045,19860904,TMIN,116,,,a,
ASN00092045,19860905,TMIN,102,,,a,
ASN00092045,19860906,TMIN,42,,,a,
ASN00092045,19860907,TMIN,48,,,a,
ASN00092045,19860908,TMIN,77,,,a,
ASN00092045,19860909,TMIN,65,,,a,
ASN00092045,19860910,TMIN,94,,,a,
ASN00092045,19860911,TMIN,53,,,a,
ASN00092045,19860912,TMIN,44,,,a,
ASN00092045,19860913,TMIN,87,,,a,
ASN00092045,19860914,TMIN,95,,,a,
ASN00092045,19860915,TMIN,82,,,a,
ASN00092045,19860916,TMIN,90,,,a,
ASN00092045,19860917,TMIN,112,,,a,
ASN00092045,19860918,TMIN,100,,,a,
ASN00092045,19860919,TMIN,95,,,a,
ASN00092045,19860920,TMIN,60,,,a,
ASN00092045,19860921,TMIN,97,,,a,
ASN00092045,19860922,TMIN,55,,,a,
ASN00092045,19860923,TMIN,90,,,a,
ASN00092045,19860924,TMIN,94,,,a,
ASN00092045,19860925,TMIN,116,,,a,
ASN00092045,19860926,TMIN,100,,,a,
ASN00092045,19860927,TMIN,87,,,a,
ASN00092045,19860928,TMIN,83,,,a,
ASN00092045,19860929,TMIN,50,,,a,
ASN00092045,19860930,TMIN,80,,,a,
ASN00092045,19860901,PRCP,0,,,a,
ASN00092045,19860902,PRCP,0,,,a,
ASN00092045,19860903,PRCP,0,,,a,
ASN00092045,19860904,PRCP,0,,,a,
ASN00092045,19860905,PRCP,86,,,a,
ASN00092045,19860906,PRCP,150,,,a,
ASN00092045,19860907,PRCP,10,,,a,
ASN00092045,19860908,PRCP,0,,,a,
ASN00092045,19860909,PRCP,0,,,a,
ASN00092045,19860910,PRCP,0,,,a,
ASN00092045,19860911,PRCP,72,,,a,
ASN00092045,19860912,PRCP,0,,,a,
ASN00092045,19860913,PRCP,44,,,a,
ASN00092045,19860914,PRCP,148,,,a,
ASN00092045,19860915,PRCP,6,,,a,
ASN00092045,19860916,PRCP,0,,,a,
ASN00092045,19860917,PRCP,34,,,a,
ASN00092045,19860918,PRCP,96,,,a,
ASN00092045,19860919,PRCP,12,,,a,
ASN00092045,19860920,PRCP,2,,,a,
ASN00092045,19860921,PRCP,19,,,a,
ASN00092045,19860922,PRCP,34,,,a,
ASN00092045,19860923,PRCP,0,,,a,
ASN00092045,19860924,PRCP,0,,,a,
ASN00092045,19860925,PRCP,16,,,a,
ASN00092045,19860926,PRCP,134,,,a,
ASN00092045,19860927,PRCP,2,,,a,
ASN00092045,19860928,PRCP,0,,,a,
ASN00092045,19860929,PRCP,0,,,a,
ASN00092045,19860930,PRCP,0,,,a,
ASN00092045,19861001,TMAX,161,,,a,
ASN00092045,19861002,TMAX,173,,,a,
ASN00092045,19861003,TMAX,134,,,a,
ASN00092045,19861004,TMAX,155,,,a,
ASN00092045,19861005,TMAX,162,,,a,
ASN00092045,19861006,TMAX,150,,,a,
ASN00092045,19861007,TMAX,157,,,a,
ASN00092045,19861008,TMAX,140,,,a,
ASN00092045,19861009,TMAX,140,,,a,
ASN00092045,19861010,TMAX,150,,,a,
ASN00092045,19861011,TMAX,160,,,a,
ASN00092045,19861012,TMAX,174,,,a,
ASN00092045,19861013,TMAX,145,,,a,
ASN00092045,19861014,TMAX,148,,,a,
ASN00092045,19861015,TMAX,157,,,a,
ASN00092045,19861016,TMAX,160,,,a,
ASN00092045,19861017,TMAX,165,,,a,
ASN00092045,19861018,TMAX,160,,,a,
ASN00092045,19861019,TMAX,135,,,a,
ASN00092045,19861020,TMAX,155,,,a,
ASN00092045,19861021,TMAX,150,,,a,
ASN00092045,19861022,TMAX,148,,,a,
ASN00092045,19861023,TMAX,128,,,a,
ASN00092045,19861024,TMAX,132,,,a,
ASN00092045,19861025,TMAX,160,,,a,
ASN00092045,19861026,TMAX,150,,,a,
ASN00092045,19861027,TMAX,140,,,a,
ASN00092045,19861028,TMAX,145,,,a,
ASN00092045,19861029,TMAX,158,,,a,
ASN00092045,19861030,TMAX,165,,,a,
ASN00092045,19861031,TMAX,161,,,a,
ASN00092045,19861001,TMIN,125,,,a,
ASN00092045,19861002,TMIN,132,,,a,
ASN00092045,19861003,TMIN,100,,,a,
ASN00092045,19861004,TMIN,67,,,a,
ASN00092045,19861005,TMIN,65,,,a,
ASN00092045,19861006,TMIN,75,,,a,
ASN00092045,19861007,TMIN,110,,,a,
ASN00092045,19861008,TMIN,81,,,a,
ASN00092045,19861009,TMIN,95,,,a,
ASN00092045,19861010,TMIN,90,,,a,
ASN00092045,19861011,TMIN,95,,,a,
ASN00092045,19861012,TMIN,81,,,a,
ASN00092045,19861013,TMIN,84,,,a,
ASN00092045,19861014,TMIN,115,,,a,
ASN00092045,19861015,TMIN,62,,,a,
ASN00092045,19861016,TMIN,76,,,a,
ASN00092045,19861017,TMIN,69,,,a,
ASN00092045,19861018,TMIN,100,,,a,
ASN00092045,19861019,TMIN,100,,,a,
ASN00092045,19861020,TMIN,80,,,a,
ASN00092045,19861021,TMIN,60,,,a,
ASN00092045,19861022,TMIN,110,,,a,
ASN00092045,19861023,TMIN,60,,,a,
ASN00092045,19861024,TMIN,35,,,a,
ASN00092045,19861025,TMIN,70,,,a,
ASN00092045,19861026,TMIN,85,,,a,
ASN00092045,19861027,TMIN,93,,,a,
ASN00092045,19861028,TMIN,80,,,a,
ASN00092045,19861029,TMIN,82,,,a,
ASN00092045,19861030,TMIN,107,,,a,
ASN00092045,19861031,TMIN,132,,,a,
ASN00092045,19861001,PRCP,14,,,a,
ASN00092045,19861002,PRCP,8,,,a,
ASN00092045,19861003,PRCP,4,,,a,
ASN00092045,19861004,PRCP,2,,,a,
ASN00092045,19861005,PRCP,6,,,a,
ASN00092045,19861006,PRCP,2,,,a,
ASN00092045,19861007,PRCP,2,,,a,
ASN00092045,19861008,PRCP,140,,,a,
ASN00092045,19861009,PRCP,2,,,a,
ASN00092045,19861010,PRCP,0,,,a,
ASN00092045,19861011,PRCP,0,,,a,
ASN00092045,19861012,PRCP,0,,,a,
ASN00092045,19861013,PRCP,0,,,a,
ASN00092045,19861014,PRCP,160,,,a,
ASN00092045,19861015,PRCP,38,,,a,
ASN00092045,19861016,PRCP,6,,,a,
ASN00092045,19861017,PRCP,0,,,a,
ASN00092045,19861018,PRCP,0,,,a,
ASN00092045,19861019,PRCP,72,,,a,
ASN00092045,19861020,PRCP,54,,,a,
ASN00092045,19861021,PRCP,0,,,a,
ASN00092045,19861022,PRCP,14,,,a,
ASN00092045,19861023,PRCP,96,,,a,
ASN00092045,19861024,PRCP,130,,,a,
ASN00092045,19861025,PRCP,60,,,a,
ASN00092045,19861026,PRCP,0,,,a,
ASN00092045,19861027,PRCP,24,,,a,
ASN00092045,19861028,PRCP,0,,,a,
ASN00092045,19861029,PRCP,0,,,a,
ASN00092045,19861030,PRCP,0,,,a,
ASN00092045,19861031,PRCP,0,,,a,
ASN00092045,19861101,TMAX,171,,,a,
ASN00092045,19861102,TMAX,180,,,a,
ASN00092045,19861103,TMAX,236,,,a,
ASN00092045,19861104,TMAX,257,,,a,
ASN00092045,19861105,TMAX,194,,,a,
ASN00092045,19861106,TMAX,180,,,a,
ASN00092045,19861107,TMAX,166,,,a,
ASN00092045,19861108,TMAX,192,,,a,
ASN00092045,19861109,TMAX,177,,,a,
ASN00092045,19861110,TMAX,188,,,a,
ASN00092045,19861111,TMAX,140,,,a,
ASN00092045,19861112,TMAX,183,,,a,
ASN00092045,19861113,TMAX,172,,,a,
ASN00092045,19861114,TMAX,180,,,a,
ASN00092045,19861115,TMAX,215,,,a,
ASN00092045,19861116,TMAX,170,,,a,
ASN00092045,19861117,TMAX,210,,,a,
ASN00092045,19861118,TMAX,137,,,a,
ASN00092045,19861119,TMAX,167,,,a,
ASN00092045,19861120,TMAX,151,,,a,
ASN00092045,19861121,TMAX,155,,,a,
ASN00092045,19861122,TMAX,185,,,a,
ASN00092045,19861123,TMAX,188,,,a,
ASN00092045,19861124,TMAX,165,,,a,
ASN00092045,19861125,TMAX,187,,,a,
ASN00092045,19861129,TMAX,155,,,a,
ASN00092045,19861130,TMAX,168,,,a,
ASN00092045,19861101,TMIN,100,,,a,
ASN00092045,19861102,TMIN,108,,,a,
ASN00092045,19861103,TMIN,100,,,a,
ASN00092045,19861104,TMIN,120,,,a,
ASN00092045,19861105,TMIN,130,,,a,
ASN00092045,19861106,TMIN,146,,,a,
ASN00092045,19861107,TMIN,75,,,a,
ASN00092045,19861108,TMIN,93,,,a,
ASN00092045,19861109,TMIN,98,,,a,
ASN00092045,19861110,TMIN,116,,,a,
ASN00092045,19861111,TMIN,105,,,a,
ASN00092045,19861112,TMIN,90,,,a,
ASN00092045,19861113,TMIN,77,,,a,
ASN00092045,19861114,TMIN,117,,,a,
ASN00092045,19861115,TMIN,134,,,a,
ASN00092045,19861116,TMIN,127,,,a,
ASN00092045,19861117,TMIN,125,,,a,
ASN00092045,19861118,TMIN,116,,,a,
ASN00092045,19861120,TMIN,106,,,a,
ASN00092045,19861122,TMIN,100,,,a,
ASN00092045,19861123,TMIN,100,,,a,
ASN00092045,19861124,TMIN,119,,,a,
ASN00092045,19861125,TMIN,110,,,a,
ASN00092045,19861126,TMIN,142,,,a,
ASN00092045,19861127,TMIN,83,,,a,
ASN00092045,19861128,TMIN,93,,,a,
ASN00092045,19861129,TMIN,38,,,a,
ASN00092045,19861130,TMIN,102,,,a,
ASN00092045,19861101,PRCP,0,,,a,
ASN00092045,19861102,PRCP,22,,,a,
ASN00092045,19861103,PRCP,0,,,a,
ASN00092045,19861104,PRCP,0,,,a,
ASN00092045,19861105,PRCP,0,,,a,
ASN00092045,19861106,PRCP,22,,,a,
ASN00092045,19861107,PRCP,12,,,a,
ASN00092045,19861108,PRCP,0,,,a,
ASN00092045,19861109,PRCP,0,,,a,
ASN00092045,19861110,PRCP,0,,,a,
ASN00092045,19861111,PRCP,22,,,a,
ASN00092045,19861112,PRCP,0,,,a,
ASN00092045,19861113,PRCP,2,,,a,
ASN00092045,19861114,PRCP,0,,,a,
ASN00092045,19861115,PRCP,32,,,a,
ASN00092045,19861116,PRCP,0,,,a,
ASN00092045,19861117,PRCP,112,,,a,
ASN00092045,19861118,PRCP,8,,,a,
ASN00092045,19861119,PRCP,0,,,a,
ASN00092045,19861120,PRCP,8,,,a,
ASN00092045,19861121,PRCP,0,,,a,
ASN00092045,19861122,PRCP,0,,,a,
ASN00092045,19861123,PRCP,0,,,a,
ASN00092045,19861124,PRCP,0,,,a,
ASN00092045,19861125,PRCP,0,,,a,
ASN00092045,19861126,PRCP,0,,,a,
ASN00092045,19861127,PRCP,13,,,a,
ASN00092045,19861128,PRCP,0,,,a,
ASN00092045,19861129,PRCP,0,,,a,
ASN00092045,19861130,PRCP,0,,,a,
ASN00092045,19861201,TMAX,168,,,a,
ASN00092045,19861202,TMAX,181,,,a,
ASN00092045,19861203,TMAX,183,,,a,
ASN00092045,19861204,TMAX,220,,,a,
ASN00092045,19861205,TMAX,187,,,a,
ASN00092045,19861206,TMAX,207,,,a,
ASN00092045,19861207,TMAX,183,,,a,
ASN00092045,19861208,TMAX,150,,,a,
ASN00092045,19861209,TMAX,172,,,a,
ASN00092045,19861210,TMAX,190,,,a,
ASN00092045,19861211,TMAX,185,,,a,
ASN00092045,19861212,TMAX,173,,,a,
ASN00092045,19861213,TMAX,210,,,a,
ASN00092045,19861214,TMAX,155,,,a,
ASN00092045,19861215,TMAX,180,,,a,
ASN00092045,19861216,TMAX,175,,,a,
ASN00092045,19861217,TMAX,200,,,a,
ASN00092045,19861218,TMAX,186,,,a,
ASN00092045,19861219,TMAX,170,,,a,
ASN00092045,19861220,TMAX,185,,,a,
ASN00092045,19861221,TMAX,195,,,a,
ASN00092045,19861222,TMAX,185,,,a,
ASN00092045,19861223,TMAX,200,,,a,
ASN00092045,19861224,TMAX,177,,,a,
ASN00092045,19861225,TMAX,180,,,a,
ASN00092045,19861226,TMAX,212,,,a,
ASN00092045,19861227,TMAX,205,,,a,
ASN00092045,19861228,TMAX,202,,,a,
ASN00092045,19861229,TMAX,177,,,a,
ASN00092045,19861230,TMAX,190,,,a,
ASN00092045,19861231,TMAX,185,,,a,
ASN00092045,19861201,TMIN,110,,,a,
ASN00092045,19861202,TMIN,118,,,a,
ASN00092045,19861203,TMIN,142,,,a,
ASN00092045,19861204,TMIN,137,,,a,
ASN00092045,19861205,TMIN,120,,,a,
ASN00092045,19861206,TMIN,132,,,a,
ASN00092045,19861207,TMIN,157,,,a,
ASN00092045,19861208,TMIN,138,,,a,
ASN00092045,19861209,TMIN,92,,,a,
ASN00092045,19861210,TMIN,125,,,a,
ASN00092045,19861211,TMIN,152,,,a,
ASN00092045,19861212,TMIN,105,,,a,
ASN00092045,19861213,TMIN,125,,,a,
ASN00092045,19861214,TMIN,113,,,a,
ASN00092045,19861215,TMIN,110,,,a,
ASN00092045,19861216,TMIN,130,,,a,
ASN00092045,19861217,TMIN,125,,,a,
ASN00092045,19861218,TMIN,90,,,a,
ASN00092045,19861219,TMIN,128,,,a,
ASN00092045,19861220,TMIN,87,,,a,
ASN00092045,19861221,TMIN,123,,,a,
ASN00092045,19861222,TMIN,79,,,a,
ASN00092045,19861223,TMIN,80,,,a,
ASN00092045,19861224,TMIN,110,,,a,
ASN00092045,19861225,TMIN,136,,,a,
ASN00092045,19861226,TMIN,140,,,a,
ASN00092045,19861227,TMIN,140,,,a,
ASN00092045,19861228,TMIN,106,,,a,
ASN00092045,19861229,TMIN,110,,,a,
ASN00092045,19861230,TMIN,145,,,a,
ASN00092045,19861231,TMIN,160,,,a,
ASN00092045,19861201,PRCP,0,,,a,
ASN00092045,19861202,PRCP,0,,,a,
ASN00092045,19861203,PRCP,0,,,a,
ASN00092045,19861204,PRCP,18,,,a,
ASN00092045,19861205,PRCP,0,,,a,
ASN00092045,19861206,PRCP,0,,,a,
ASN00092045,19861207,PRCP,0,,,a,
ASN00092045,19861208,PRCP,80,,,a,
ASN00092045,19861209,PRCP,210,,,a,
ASN00092045,19861210,PRCP,14,,,a,
ASN00092045,19861211,PRCP,0,,,a,
ASN00092045,19861212,PRCP,30,,,a,
ASN00092045,19861213,PRCP,66,,,a,
ASN00092045,19861214,PRCP,16,,,a,
ASN00092045,19861215,PRCP,18,,,a,
ASN00092045,19861216,PRCP,0,,,a,
ASN00092045,19861217,PRCP,170,,,a,
ASN00092045,19861218,PRCP,80,,,a,
ASN00092045,19861219,PRCP,6,,,a,
ASN00092045,19861220,PRCP,0,,,a,
ASN00092045,19861221,PRCP,2,,,a,
ASN00092045,19861222,PRCP,0,,,a,
ASN00092045,19861223,PRCP,10,,,a,
ASN00092045,19861224,PRCP,0,,,a,
ASN00092045,19861225,PRCP,0,,,a,
ASN00092045,19861226,PRCP,4,,,a,
ASN00092045,19861227,PRCP,0,,,a,
ASN00092045,19861228,PRCP,0,,,a,
ASN00092045,19861229,PRCP,0,,,a,
ASN00092045,19861230,PRCP,0,,,a,
ASN00092045,19861231,PRCP,6,,,a,
ASN00092045,19870101,TMAX,185,,,a,
ASN00092045,19870102,TMAX,185,,,a,
ASN00092045,19870103,TMAX,180,,,a,
ASN00092045,19870104,TMAX,190,,,a,
ASN00092045,19870105,TMAX,186,,,a,
ASN00092045,19870106,TMAX,210,,,a,
ASN00092045,19870107,TMAX,220,,,a,
ASN00092045,19870108,TMAX,172,,,a,
ASN00092045,19870109,TMAX,185,,,a,
ASN00092045,19870110,TMAX,205,,,a,
ASN00092045,19870111,TMAX,217,,,a,
ASN00092045,19870112,TMAX,187,,,a,
ASN00092045,19870113,TMAX,200,,,a,
ASN00092045,19870114,TMAX,200,,,a,
ASN00092045,19870115,TMAX,190,,,a,
ASN00092045,19870116,TMAX,240,,,a,
ASN00092045,19870117,TMAX,212,,,a,
ASN00092045,19870118,TMAX,190,,,a,
ASN00092045,19870119,TMAX,200,,,a,
ASN00092045,19870120,TMAX,206,,,a,
ASN00092045,19870121,TMAX,192,,,a,
ASN00092045,19870122,TMAX,175,,,a,
ASN00092045,19870123,TMAX,176,,,a,
ASN00092045,19870124,TMAX,165,,,a,
ASN00092045,19870125,TMAX,245,,,a,
ASN00092045,19870126,TMAX,220,,,a,
ASN00092045,19870127,TMAX,190,,,a,
ASN00092045,19870128,TMAX,195,,,a,
ASN00092045,19870129,TMAX,183,,,a,
ASN00092045,19870130,TMAX,210,,,a,
ASN00092045,19870131,TMAX,252,,,a,
ASN00092045,19870101,TMIN,125,,,a,
ASN00092045,19870102,TMIN,140,,,a,
ASN00092045,19870103,TMIN,150,,,a,
ASN00092045,19870104,TMIN,152,,,a,
ASN00092045,19870105,TMIN,164,,,a,
ASN00092045,19870106,TMIN,157,,,a,
ASN00092045,19870107,TMIN,155,,,a,
ASN00092045,19870108,TMIN,88,,,a,
ASN00092045,19870109,TMIN,102,,,a,
ASN00092045,19870110,TMIN,95,,,a,
ASN00092045,19870111,TMIN,123,,,a,
ASN00092045,19870112,TMIN,107,,,a,
ASN00092045,19870113,TMIN,125,,,a,
ASN00092045,19870114,TMIN,140,,,a,
ASN00092045,19870115,TMIN,80,,,a,
ASN00092045,19870116,TMIN,115,,,a,
ASN00092045,19870117,TMIN,125,,,a,
ASN00092045,19870118,TMIN,115,,,a,
ASN00092045,19870119,TMIN,90,,,a,
ASN00092045,19870120,TMIN,118,,,a,
ASN00092045,19870121,TMIN,100,,,a,
ASN00092045,19870122,TMIN,70,,,a,
ASN00092045,19870123,TMIN,87,,,a,
ASN00092045,19870124,TMIN,120,,,a,
ASN00092045,19870125,TMIN,134,,,a,
ASN00092045,19870126,TMIN,110,,,a,
ASN00092045,19870127,TMIN,120,,,a,
ASN00092045,19870128,TMIN,120,,,a,
ASN00092045,19870129,TMIN,125,,,a,
ASN00092045,19870130,TMIN,142,,,a,
ASN00092045,19870131,TMIN,140,,,a,
ASN00092045,19870101,PRCP,90,,,a,
ASN00092045,19870102,PRCP,0,,,a,
ASN00092045,19870103,PRCP,28,,,a,
ASN00092045,19870104,PRCP,460,,,a,
ASN00092045,19870105,PRCP,136,,,a,
ASN00092045,19870106,PRCP,238,,,a,
ASN00092045,19870107,PRCP,0,,,a,
ASN00092045,19870108,PRCP,0,,,a,
ASN00092045,19870109,PRCP,62,,,a,
ASN00092045,19870110,PRCP,0,,,a,
ASN00092045,19870111,PRCP,0,,,a,
ASN00092045,19870112,PRCP,0,,,a,
ASN00092045,19870113,PRCP,2,,,a,
ASN00092045,19870114,PRCP,136,,,a,
ASN00092045,19870115,PRCP,4,,,a,
ASN00092045,19870116,PRCP,0,,,a,
ASN00092045,19870117,PRCP,0,,,a,
ASN00092045,19870118,PRCP,0,,,a,
ASN00092045,19870119,PRCP,0,,,a,
ASN00092045,19870120,PRCP,0,,,a,
ASN00092045,19870121,PRCP,6,,,a,
ASN00092045,19870122,PRCP,30,,,a,
ASN00092045,19870123,PRCP,0,,,a,
ASN00092045,19870124,PRCP,0,,,a,
ASN00092045,19870125,PRCP,2,,,a,
ASN00092045,19870126,PRCP,2,,,a,
ASN00092045,19870127,PRCP,10,,,a,
ASN00092045,19870128,PRCP,0,,,a,
ASN00092045,19870129,PRCP,0,,,a,
ASN00092045,19870130,PRCP,6,,,a,
ASN00092045,19870131,PRCP,0,,,a,
ASN00092045,19870201,TMAX,210,,,a,
ASN00092045,19870202,TMAX,235,,,a,
ASN00092045,19870203,TMAX,190,,,a,
ASN00092045,19870204,TMAX,195,,,a,
ASN00092045,19870205,TMAX,194,,,a,
ASN00092045,19870206,TMAX,192,,,a,
ASN00092045,19870207,TMAX,202,,,a,
ASN00092045,19870208,TMAX,202,,,a,
ASN00092045,19870209,TMAX,190,,,a,
ASN00092045,19870210,TMAX,217,,,a,
ASN00092045,19870211,TMAX,185,,,a,
ASN00092045,19870212,TMAX,225,,,a,
ASN00092045,19870213,TMAX,190,,,a,
ASN00092045,19870214,TMAX,208,,,a,
ASN00092045,19870215,TMAX,180,,,a,
ASN00092045,19870216,TMAX,195,,,a,
ASN00092045,19870217,TMAX,195,,,a,
ASN00092045,19870218,TMAX,192,,,a,
ASN00092045,19870219,TMAX,257,,,a,
ASN00092045,19870220,TMAX,220,,,a,
ASN00092045,19870221,TMAX,180,,,a,
ASN00092045,19870222,TMAX,197,,,a,
ASN00092045,19870223,TMAX,192,,,a,
ASN00092045,19870224,TMAX,245,,,a,
ASN00092045,19870225,TMAX,204,,,a,
ASN00092045,19870226,TMAX,188,,,a,
ASN00092045,19870227,TMAX,200,,,a,
ASN00092045,19870228,TMAX,170,,,a,
ASN00092045,19870201,TMIN,106,,,a,
ASN00092045,19870202,TMIN,125,,,a,
ASN00092045,19870203,TMIN,130,,,a,
ASN00092045,19870204,TMIN,97,,,a,
ASN00092045,19870205,TMIN,100,,,a,
ASN00092045,19870206,TMIN,108,,,a,
ASN00092045,19870207,TMIN,140,,,a,
ASN00092045,19870208,TMIN,149,,,a,
ASN00092045,19870209,TMIN,125,,,a,
ASN00092045,19870210,TMIN,160,,,a,
ASN00092045,19870211,TMIN,100,,,a,
ASN00092045,19870212,TMIN,125,,,a,
ASN00092045,19870213,TMIN,120,,,a,
ASN00092045,19870214,TMIN,150,,,a,
ASN00092045,19870215,TMIN,145,,,a,
ASN00092045,19870216,TMIN,130,,,a,
ASN00092045,19870217,TMIN,143,,,a,
ASN00092045,19870218,TMIN,120,,,a,
ASN00092045,19870219,TMIN,141,,,a,
ASN00092045,19870220,TMIN,166,,,a,
ASN00092045,19870222,TMIN,80,,,a,
ASN00092045,19870223,TMIN,80,,,a,
ASN00092045,19870224,TMIN,111,,,a,
ASN00092045,19870225,TMIN,100,,,a,
ASN00092045,19870226,TMIN,125,,,a,
ASN00092045,19870227,TMIN,130,,,a,
ASN00092045,19870228,TMIN,150,,,a,
ASN00092045,19870201,PRCP,0,,,a,
ASN00092045,19870202,PRCP,0,,,a,
ASN00092045,19870203,PRCP,0,,,a,
ASN00092045,19870204,PRCP,0,,,a,
ASN00092045,19870205,PRCP,0,,,a,
ASN00092045,19870206,PRCP,0,,,a,
ASN00092045,19870207,PRCP,0,,,a,
ASN00092045,19870208,PRCP,0,,,a,
ASN00092045,19870209,PRCP,0,,,a,
ASN00092045,19870210,PRCP,0,,,a,
ASN00092045,19870211,PRCP,0,,,a,
ASN00092045,19870212,PRCP,0,,,a,
ASN00092045,19870213,PRCP,0,,,a,
ASN00092045,19870214,PRCP,4,,,a,
ASN00092045,19870215,PRCP,0,,,a,
ASN00092045,19870216,PRCP,0,,,a,
ASN00092045,19870217,PRCP,0,,,a,
ASN00092045,19870218,PRCP,0,,,a,
ASN00092045,19870219,PRCP,0,,,a,
ASN00092045,19870220,PRCP,0,,,a,
ASN00092045,19870221,PRCP,12,,,a,
ASN00092045,19870222,PRCP,20,,,a,
ASN00092045,19870223,PRCP,0,,,a,
ASN00092045,19870224,PRCP,0,,,a,
ASN00092045,19870225,PRCP,16,,,a,
ASN00092045,19870226,PRCP,0,,,a,
ASN00092045,19870227,PRCP,0,,,a,
ASN00092045,19870228,PRCP,10,,,a,
ASN00092045,19870301,TMAX,175,,,a,
ASN00092045,19870302,TMAX,183,,,a,
ASN00092045,19870303,TMAX,185,,,a,
ASN00092045,19870304,TMAX,180,,,a,
ASN00092045,19870305,TMAX,187,,,a,
ASN00092045,19870306,TMAX,217,,,a,
ASN00092045,19870307,TMAX,170,,,a,
ASN00092045,19870308,TMAX,160,,,a,
ASN00092045,19870309,TMAX,185,,,a,
ASN00092045,19870310,TMAX,174,,,a,
ASN00092045,19870311,TMAX,170,,,a,
ASN00092045,19870312,TMAX,204,,,a,
ASN00092045,19870313,TMAX,155,,,a,
ASN00092045,19870314,TMAX,160,,,a,
ASN00092045,19870315,TMAX,200,,,a,
ASN00092045,19870316,TMAX,206,,,a,
ASN00092045,19870317,TMAX,196,,,a,
ASN00092045,19870318,TMAX,195,,,a,
ASN00092045,19870319,TMAX,217,,,a,
ASN00092045,19870320,TMAX,195,,,a,
ASN00092045,19870321,TMAX,212,,,a,
ASN00092045,19870322,TMAX,187,,,a,
ASN00092045,19870323,TMAX,155,,,a,
ASN00092045,19870324,TMAX,170,,,a,
ASN00092045,19870325,TMAX,183,,,a,
ASN00092045,19870326,TMAX,195,,,a,
ASN00092045,19870327,TMAX,202,,,a,
ASN00092045,19870328,TMAX,192,,,a,
ASN00092045,19870329,TMAX,143,,,a,
ASN00092045,19870330,TMAX,159,,,a,
ASN00092045,19870331,TMAX,167,,,a,
ASN00092045,19870301,TMIN,110,,,a,
ASN00092045,19870302,TMIN,120,,,a,
ASN00092045,19870303,TMIN,127,,,a,
ASN00092045,19870304,TMIN,130,,,a,
ASN00092045,19870305,TMIN,152,,,a,
ASN00092045,19870306,TMIN,164,,,a,
ASN00092045,19870307,TMIN,102,,,a,
ASN00092045,19870308,TMIN,89,,,a,
ASN00092045,19870309,TMIN,60,,,a,
ASN00092045,19870310,TMIN,113,,,a,
ASN00092045,19870311,TMIN,100,,,a,
ASN00092045,19870312,TMIN,120,,,a,
ASN00092045,19870313,TMIN,110,,,a,
ASN00092045,19870314,TMIN,85,,,a,
ASN00092045,19870315,TMIN,108,,,a,
ASN00092045,19870316,TMIN,107,,,a,
ASN00092045,19870317,TMIN,155,,,a,
ASN00092045,19870318,TMIN,160,,,a,
ASN00092045,19870319,TMIN,155,,,a,
ASN00092045,19870320,TMIN,115,,,a,
ASN00092045,19870321,TMIN,85,,,a,
ASN00092045,19870322,TMIN,110,,,a,
ASN00092045,19870323,TMIN,98,,,a,
ASN00092045,19870324,TMIN,100,,,a,
ASN00092045,19870325,TMIN,132,,,a,
ASN00092045,19870326,TMIN,105,,,a,
ASN00092045,19870327,TMIN,143,,,a,
ASN00092045,19870328,TMIN,150,,,a,
ASN00092045,19870329,TMIN,89,,,a,
ASN00092045,19870330,TMIN,70,,,a,
ASN00092045,19870331,TMIN,53,,,a,
ASN00092045,19870301,PRCP,50,,,a,
ASN00092045,19870302,PRCP,0,,,a,
ASN00092045,19870303,PRCP,22,,,a,
ASN00092045,19870304,PRCP,2,,,a,
ASN00092045,19870305,PRCP,0,,,a,
ASN00092045,19870306,PRCP,0,,,a,
ASN00092045,19870307,PRCP,18,,,a,
ASN00092045,19870308,PRCP,72,,,a,
ASN00092045,19870309,PRCP,0,,,a,
ASN00092045,19870310,PRCP,0,,,a,
ASN00092045,19870311,PRCP,0,,,a,
ASN00092045,19870312,PRCP,0,,,a,
ASN00092045,19870313,PRCP,2,,,a,
ASN00092045,19870314,PRCP,0,,,a,
ASN00092045,19870315,PRCP,0,,,a,
ASN00092045,19870316,PRCP,0,,,a,
ASN00092045,19870317,PRCP,8,,,a,
ASN00092045,19870318,PRCP,2,,,a,
ASN00092045,19870319,PRCP,6,,,a,
ASN00092045,19870320,PRCP,0,,,a,
ASN00092045,19870321,PRCP,52,,,a,
ASN00092045,19870322,PRCP,0,,,a,
ASN00092045,19870323,PRCP,0,,,a,
ASN00092045,19870324,PRCP,0,,,a,
ASN00092045,19870325,PRCP,0,,,a,
ASN00092045,19870326,PRCP,0,,,a,
ASN00092045,19870327,PRCP,0,,,a,
ASN00092045,19870328,PRCP,0,,,a,
ASN00092045,19870329,PRCP,118,,,a,
ASN00092045,19870330,PRCP,82,,,a,
ASN00092045,19870331,PRCP,0,,,a,
ASN00092045,19870401,TMAX,180,,,a,
ASN00092045,19870402,TMAX,207,,,a,
ASN00092045,19870403,TMAX,187,,,a,
ASN00092045,19870404,TMAX,180,,,a,
ASN00092045,19870405,TMAX,205,,,a,
ASN00092045,19870406,TMAX,185,,,a,
ASN00092045,19870407,TMAX,200,,,a,
ASN00092045,19870408,TMAX,155,,,a,
ASN00092045,19870409,TMAX,152,,,a,
ASN00092045,19870410,TMAX,176,,,a,
ASN00092045,19870411,TMAX,215,,,a,
ASN00092045,19870412,TMAX,233,,,a,
ASN00092045,19870413,TMAX,190,,,a,
ASN00092045,19870414,TMAX,180,,,a,
ASN00092045,19870415,TMAX,173,,,a,
ASN00092045,19870416,TMAX,180,,,a,
ASN00092045,19870417,TMAX,183,,,a,
ASN00092045,19870418,TMAX,192,,,a,
ASN00092045,19870419,TMAX,200,,,a,
ASN00092045,19870420,TMAX,154,,,a,
ASN00092045,19870421,TMAX,175,,,a,
ASN00092045,19870422,TMAX,195,,,a,
ASN00092045,19870423,TMAX,167,,,a,
ASN00092045,19870424,TMAX,193,,,a,
ASN00092045,19870425,TMAX,193,,,a,
ASN00092045,19870426,TMAX,214,,,a,
ASN00092045,19870427,TMAX,215,,,a,
ASN00092045,19870428,TMAX,170,,,a,
ASN00092045,19870429,TMAX,156,,,a,
ASN00092045,19870430,TMAX,145,,,a,
ASN00092045,19870401,TMIN,94,,,a,
ASN00092045,19870402,TMIN,110,,,a,
ASN00092045,19870403,TMIN,129,,,a,
ASN00092045,19870404,TMIN,117,,,a,
ASN00092045,19870405,TMIN,130,,,a,
ASN00092045,19870406,TMIN,137,,,a,
ASN00092045,19870407,TMIN,143,,,a,
ASN00092045,19870408,TMIN,125,,,a,
ASN00092045,19870409,TMIN,80,,,a,
ASN00092045,19870410,TMIN,74,,,a,
ASN00092045,19870411,TMIN,121,,,a,
ASN00092045,19870412,TMIN,125,,,a,
ASN00092045,19870413,TMIN,122,,,a,
ASN00092045,19870414,TMIN,138,,,a,
ASN00092045,19870415,TMIN,68,,,a,
ASN00092045,19870416,TMIN,80,,,a,
ASN00092045,19870417,TMIN,90,,,a,
ASN00092045,19870418,TMIN,100,,,a,
ASN00092045,19870419,TMIN,150,,,a,
ASN00092045,19870420,TMIN,69,,,a,
ASN00092045,19870421,TMIN,47,,,a,
ASN00092045,19870422,TMIN,98,,,a,
ASN00092045,19870423,TMIN,120,,,a,
ASN00092045,19870424,TMIN,101,,,a,
ASN00092045,19870425,TMIN,100,,,a,
ASN00092045,19870426,TMIN,125,,,a,
ASN00092045,19870427,TMIN,133,,,a,
ASN00092045,19870428,TMIN,158,,,a,
ASN00092045,19870429,TMIN,139,,,a,
ASN00092045,19870430,TMIN,125,,,a,
ASN00092045,19870401,PRCP,0,,,a,
ASN00092045,19870402,PRCP,0,,,a,
ASN00092045,19870403,PRCP,0,,,a,
ASN00092045,19870404,PRCP,0,,,a,
ASN00092045,19870405,PRCP,0,,,a,
ASN00092045,19870406,PRCP,8,,,a,
ASN00092045,19870407,PRCP,38,,,a,
ASN00092045,19870408,PRCP,4,,,a,
ASN00092045,19870409,PRCP,0,,,a,
ASN00092045,19870410,PRCP,0,,,a,
ASN00092045,19870411,PRCP,0,,,a,
ASN00092045,19870412,PRCP,0,,,a,
ASN00092045,19870413,PRCP,0,,,a,
ASN00092045,19870414,PRCP,0,,,a,
ASN00092045,19870415,PRCP,0,,,a,
ASN00092045,19870416,PRCP,0,,,a,
ASN00092045,19870417,PRCP,0,,,a,
ASN00092045,19870418,PRCP,0,,,a,
ASN00092045,19870419,PRCP,4,,,a,
ASN00092045,19870420,PRCP,18,,,a,
ASN00092045,19870421,PRCP,0,,,a,
ASN00092045,19870422,PRCP,0,,,a,
ASN00092045,19870423,PRCP,0,,,a,
ASN00092045,19870424,PRCP,0,,,a,
ASN00092045,19870425,PRCP,0,,,a,
ASN00092045,19870426,PRCP,0,,,a,
ASN00092045,19870427,PRCP,0,,,a,
ASN00092045,19870428,PRCP,0,,,a,
ASN00092045,19870429,PRCP,8,,,a,
ASN00092045,19870430,PRCP,14,,,a,
ASN00092045,19870501,TMAX,165,,,a,
ASN00092045,19870502,TMAX,175,,,a,
ASN00092045,19870503,TMAX,161,,,a,
ASN00092045,19870504,TMAX,170,,,a,
ASN00092045,19870505,TMAX,155,,,a,
ASN00092045,19870506,TMAX,178,,,a,
ASN00092045,19870507,TMAX,186,,,a,
ASN00092045,19870508,TMAX,176,,,a,
ASN00092045,19870509,TMAX,185,,,a,
ASN00092045,19870510,TMAX,186,,,a,
ASN00092045,19870511,TMAX,185,,,a,
ASN00092045,19870512,TMAX,185,,,a,
ASN00092045,19870513,TMAX,182,,,a,
ASN00092045,19870514,TMAX,184,,,a,
ASN00092045,19870515,TMAX,154,,,a,
ASN00092045,19870516,TMAX,161,,,a,
ASN00092045,19870517,TMAX,160,,,a,
ASN00092045,19870518,TMAX,160,,,a,
ASN00092045,19870519,TMAX,143,,,a,
ASN00092045,19870520,TMAX,155,,,a,
ASN00092045,19870521,TMAX,158,,,a,
ASN00092045,19870522,TMAX,153,,,a,
ASN00092045,19870523,TMAX,155,,,a,
ASN00092045,19870524,TMAX,168,,,a,
ASN00092045,19870525,TMAX,140,,,a,
ASN00092045,19870526,TMAX,128,,,a,
ASN00092045,19870527,TMAX,122,,,a,
ASN00092045,19870528,TMAX,143,,,a,
ASN00092045,19870529,TMAX,149,,,a,
ASN00092045,19870530,TMAX,145,,,a,
ASN00092045,19870531,TMAX,148,,,a,
ASN00092045,19870501,TMIN,109,,,a,
ASN00092045,19870502,TMIN,138,,,a,
ASN00092045,19870503,TMIN,115,,,a,
ASN00092045,19870504,TMIN,100,,,a,
ASN00092045,19870505,TMIN,70,,,a,
ASN00092045,19870506,TMIN,92,,,a,
ASN00092045,19870507,TMIN,102,,,a,
ASN00092045,19870508,TMIN,105,,,a,
ASN00092045,19870509,TMIN,118,,,a,
ASN00092045,19870510,TMIN,145,,,a,
ASN00092045,19870511,TMIN,143,,,a,
ASN00092045,19870512,TMIN,140,,,a,
ASN00092045,19870513,TMIN,127,,,a,
ASN00092045,19870514,TMIN,147,,,a,
ASN00092045,19870515,TMIN,115,,,a,
ASN00092045,19870516,TMIN,137,,,a,
ASN00092045,19870517,TMIN,122,,,a,
ASN00092045,19870518,TMIN,100,,,a,
ASN00092045,19870519,TMIN,105,,,a,
ASN00092045,19870520,TMIN,97,,,a,
ASN00092045,19870521,TMIN,77,,,a,
ASN00092045,19870522,TMIN,88,,,a,
ASN00092045,19870523,TMIN,114,,,a,
ASN00092045,19870524,TMIN,100,,,a,
ASN00092045,19870525,TMIN,82,,,a,
ASN00092045,19870526,TMIN,90,,,a,
ASN00092045,19870527,TMIN,51,,,a,
ASN00092045,19870528,TMIN,34,,,a,
ASN00092045,19870529,TMIN,73,,,a,
ASN00092045,19870530,TMIN,85,,,a,
ASN00092045,19870531,TMIN,41,,,a,
ASN00092045,19870501,PRCP,18,,,a,
ASN00092045,19870502,PRCP,0,,,a,
ASN00092045,19870503,PRCP,68,,,a,
ASN00092045,19870504,PRCP,42,,,a,
ASN00092045,19870505,PRCP,10,,,a,
ASN00092045,19870506,PRCP,0,,,a,
ASN00092045,19870507,PRCP,0,,,a,
ASN00092045,19870508,PRCP,0,,,a,
ASN00092045,19870509,PRCP,0,,,a,
ASN00092045,19870510,PRCP,0,,,a,
ASN00092045,19870511,PRCP,0,,,a,
ASN00092045,19870512,PRCP,0,,,a,
ASN00092045,19870513,PRCP,2,,,a,
ASN00092045,19870514,PRCP,86,,,a,
ASN00092045,19870515,PRCP,0,,,a,
ASN00092045,19870516,PRCP,38,,,a,
ASN00092045,19870517,PRCP,0,,,a,
ASN00092045,19870518,PRCP,28,,,a,
ASN00092045,19870519,PRCP,0,,,a,
ASN00092045,19870520,PRCP,0,,,a,
ASN00092045,19870521,PRCP,0,,,a,
ASN00092045,19870522,PRCP,0,,,a,
ASN00092045,19870523,PRCP,10,,,a,
ASN00092045,19870524,PRCP,14,,,a,
ASN00092045,19870525,PRCP,106,,,a,
ASN00092045,19870526,PRCP,132,,,a,
ASN00092045,19870527,PRCP,122,,,a,
ASN00092045,19870528,PRCP,0,,,a,
ASN00092045,19870529,PRCP,0,,,a,
ASN00092045,19870530,PRCP,4,,,a,
ASN00092045,19870531,PRCP,0,,,a,
ASN00092045,19870601,TMAX,145,,,a,
ASN00092045,19870602,TMAX,136,,,a,
ASN00092045,19870603,TMAX,150,,,a,
ASN00092045,19870604,TMAX,170,,,a,
ASN00092045,19870605,TMAX,154,,,a,
ASN00092045,19870606,TMAX,150,,,a,
ASN00092045,19870607,TMAX,147,,,a,
ASN00092045,19870608,TMAX,160,,,a,
ASN00092045,19870609,TMAX,165,,,a,
ASN00092045,19870610,TMAX,173,,,a,
ASN00092045,19870611,TMAX,151,,,a,
ASN00092045,19870612,TMAX,140,,,a,
ASN00092045,19870613,TMAX,140,,,a,
ASN00092045,19870614,TMAX,145,,,a,
ASN00092045,19870615,TMAX,125,,,a,
ASN00092045,19870616,TMAX,145,,,a,
ASN00092045,19870617,TMAX,119,,,a,
ASN00092045,19870618,TMAX,127,,,a,
ASN00092045,19870619,TMAX,127,,,a,
ASN00092045,19870620,TMAX,142,,,a,
ASN00092045,19870621,TMAX,162,,,a,
ASN00092045,19870622,TMAX,145,,,a,
ASN00092045,19870623,TMAX,155,,,a,
ASN00092045,19870624,TMAX,120,,,a,
ASN00092045,19870625,TMAX,115,,,a,
ASN00092045,19870626,TMAX,126,,,a,
ASN00092045,19870627,TMAX,116,,,a,
ASN00092045,19870628,TMAX,125,,,a,
ASN00092045,19870629,TMAX,130,,,a,
ASN00092045,19870630,TMAX,125,,,a,
ASN00092045,19870601,TMIN,71,,,a,
ASN00092045,19870602,TMIN,115,,,a,
ASN00092045,19870603,TMIN,115,,,a,
ASN00092045,19870604,TMIN,97,,,a,
ASN00092045,19870605,TMIN,99,,,a,
ASN00092045,19870607,TMIN,85,,,a,
ASN00092045,19870608,TMIN,125,,,a,
ASN00092045,19870609,TMIN,100,,,a,
ASN00092045,19870610,TMIN,109,,,a,
ASN00092045,19870611,TMIN,125,,,a,
ASN00092045,19870612,TMIN,55,,,a,
ASN00092045,19870613,TMIN,60,,,a,
ASN00092045,19870614,TMIN,80,,,a,
ASN00092045,19870615,TMIN,80,,,a,
ASN00092045,19870616,TMIN,70,,,a,
ASN00092045,19870617,TMIN,67,,,a,
ASN00092045,19870618,TMIN,42,,,a,
ASN00092045,19870619,TMIN,43,,,a,
ASN00092045,19870620,TMIN,75,,,a,
ASN00092045,19870621,TMIN,117,,,a,
ASN00092045,19870622,TMIN,122,,,a,
ASN00092045,19870623,TMIN,104,,,a,
ASN00092045,19870624,TMIN,102,,,a,
ASN00092045,19870625,TMIN,80,,,a,
ASN00092045,19870626,TMIN,69,,,a,
ASN00092045,19870627,TMIN,50,,,a,
ASN00092045,19870628,TMIN,40,,,a,
ASN00092045,19870629,TMIN,37,,,a,
ASN00092045,19870630,TMIN,56,,,a,
ASN00092045,19870601,PRCP,0,,,a,
ASN00092045,19870602,PRCP,0,,,a,
ASN00092045,19870603,PRCP,2,,,a,
ASN00092045,19870604,PRCP,0,,,a,
ASN00092045,19870605,PRCP,0,,,a,
ASN00092045,19870606,PRCP,0,,,a,
ASN00092045,19870607,PRCP,0,,,a,
ASN00092045,19870608,PRCP,0,,,a,
ASN00092045,19870609,PRCP,0,,,a,
ASN00092045,19870610,PRCP,4,,,a,
ASN00092045,19870611,PRCP,22,,,a,
ASN00092045,19870612,PRCP,0,,,a,
ASN00092045,19870613,PRCP,34,,,a,
ASN00092045,19870614,PRCP,0,,,a,
ASN00092045,19870615,PRCP,0,,,a,
ASN00092045,19870616,PRCP,0,,,a,
ASN00092045,19870617,PRCP,0,,,a,
ASN00092045,19870618,PRCP,0,,,a,
ASN00092045,19870619,PRCP,0,,,a,
ASN00092045,19870620,PRCP,10,,,a,
ASN00092045,19870621,PRCP,150,,,a,
ASN00092045,19870622,PRCP,114,,,a,
ASN00092045,19870623,PRCP,2,,,a,
ASN00092045,19870624,PRCP,54,,,a,
ASN00092045,19870625,PRCP,11,,,a,
ASN00092045,19870626,PRCP,0,,,a,
ASN00092045,19870627,PRCP,16,,,a,
ASN00092045,19870628,PRCP,82,,,a,
ASN00092045,19870629,PRCP,0,,,a,
ASN00092045,19870630,PRCP,0,,,a,
ASN00092045,19870701,TMAX,127,,,a,
ASN00092045,19870702,TMAX,125,,,a,
ASN00092045,19870703,TMAX,130,,,a,
ASN00092045,19870704,TMAX,135,,,a,
ASN00092045,19870705,TMAX,138,,,a,
ASN00092045,19870706,TMAX,159,,,a,
ASN00092045,19870707,TMAX,160,,,a,
ASN00092045,19870708,TMAX,160,,,a,
ASN00092045,19870709,TMAX,145,,,a,
ASN00092045,19870710,TMAX,128,,,a,
ASN00092045,19870711,TMAX,110,,,a,
ASN00092045,19870712,TMAX,108,,,a,
ASN00092045,19870713,TMAX,125,,,a,
ASN00092045,19870714,TMAX,127,,,a,
ASN00092045,19870715,TMAX,117,,,a,
ASN00092045,19870716,TMAX,101,,,a,
ASN00092045,19870717,TMAX,124,,,a,
ASN00092045,19870718,TMAX,130,,,a,
ASN00092045,19870719,TMAX,106,,,a,
ASN00092045,19870720,TMAX,105,,,a,
ASN00092045,19870721,TMAX,104,,,a,
ASN00092045,19870722,TMAX,121,,,a,
ASN00092045,19870723,TMAX,117,,,a,
ASN00092045,19870724,TMAX,120,,,a,
ASN00092045,19870725,TMAX,112,,,a,
ASN00092045,19870726,TMAX,135,,,a,
ASN00092045,19870727,TMAX,135,,,a,
ASN00092045,19870728,TMAX,137,,,a,
ASN00092045,19870729,TMAX,133,,,a,
ASN00092045,19870730,TMAX,146,,,a,
ASN00092045,19870731,TMAX,127,,,a,
ASN00092045,19870701,TMIN,50,,,a,
ASN00092045,19870702,TMIN,40,,,a,
ASN00092045,19870703,TMIN,75,,,a,
ASN00092045,19870704,TMIN,70,,,a,
ASN00092045,19870705,TMIN,70,,,a,
ASN00092045,19870706,TMIN,85,,,a,
ASN00092045,19870707,TMIN,90,,,a,
ASN00092045,19870708,TMIN,80,,,a,
ASN00092045,19870709,TMIN,95,,,a,
ASN00092045,19870710,TMIN,112,,,a,
ASN00092045,19870711,TMIN,50,,,a,
ASN00092045,19870712,TMIN,58,,,a,
ASN00092045,19870713,TMIN,20,,,a,
ASN00092045,19870714,TMIN,52,,,a,
ASN00092045,19870715,TMIN,76,,,a,
ASN00092045,19870716,TMIN,47,,,a,
ASN00092045,19870717,TMIN,60,,,a,
ASN00092045,19870718,TMIN,78,,,a,
ASN00092045,19870719,TMIN,80,,,a,
ASN00092045,19870720,TMIN,75,,,a,
ASN00092045,19870721,TMIN,78,,,a,
ASN00092045,19870722,TMIN,83,,,a,
ASN00092045,19870723,TMIN,81,,,a,
ASN00092045,19870724,TMIN,80,,,a,
ASN00092045,19870725,TMIN,75,,,a,
ASN00092045,19870726,TMIN,57,,,a,
ASN00092045,19870727,TMIN,56,,,a,
ASN00092045,19870728,TMIN,75,,,a,
ASN00092045,19870729,TMIN,105,,,a,
ASN00092045,19870730,TMIN,95,,,a,
ASN00092045,19870731,TMIN,95,,,a,
ASN00092045,19870701,PRCP,0,,,a,
ASN00092045,19870702,PRCP,0,,,a,
ASN00092045,19870703,PRCP,6,,,a,
ASN00092045,19870704,PRCP,0,,,a,
ASN00092045,19870705,PRCP,4,,,a,
ASN00092045,19870706,PRCP,4,,,a,
ASN00092045,19870707,PRCP,0,,,a,
ASN00092045,19870708,PRCP,8,,,a,
ASN00092045,19870709,PRCP,6,,,a,
ASN00092045,19870710,PRCP,0,,,a,
ASN00092045,19870711,PRCP,86,,,a,
ASN00092045,19870712,PRCP,0,,,a,
ASN00092045,19870713,PRCP,0,,,a,
ASN00092045,19870714,PRCP,19,,,a,
ASN00092045,19870715,PRCP,128,,,a,
ASN00092045,19870716,PRCP,172,,,a,
ASN00092045,19870717,PRCP,80,,,a,
ASN00092045,19870718,PRCP,24,,,a,
ASN00092045,19870719,PRCP,76,,,a,
ASN00092045,19870720,PRCP,8,,,a,
ASN00092045,19870721,PRCP,44,,,a,
ASN00092045,19870722,PRCP,28,,,a,
ASN00092045,19870723,PRCP,34,,,a,
ASN00092045,19870724,PRCP,106,,,a,
ASN00092045,19870725,PRCP,50,,,a,
ASN00092045,19870726,PRCP,0,,,a,
ASN00092045,19870727,PRCP,0,,,a,
ASN00092045,19870728,PRCP,0,,,a,
ASN00092045,19870729,PRCP,148,,,a,
ASN00092045,19870730,PRCP,70,,,a,
ASN00092045,19870731,PRCP,58,,,a,
ASN00092045,19870801,TMAX,130,,,a,
ASN00092045,19870802,TMAX,125,,,a,
ASN00092045,19870803,TMAX,128,,,a,
ASN00092045,19870804,TMAX,143,,,a,
ASN00092045,19870805,TMAX,133,,,a,
ASN00092045,19870806,TMAX,143,,,a,
ASN00092045,19870807,TMAX,140,,,a,
ASN00092045,19870808,TMAX,118,,,a,
ASN00092045,19870809,TMAX,118,,,a,
ASN00092045,19870810,TMAX,128,,,a,
ASN00092045,19870811,TMAX,117,,,a,
ASN00092045,19870812,TMAX,128,,,a,
ASN00092045,19870813,TMAX,140,,,a,
ASN00092045,19870814,TMAX,147,,,a,
ASN00092045,19870815,TMAX,152,,,a,
ASN00092045,19870816,TMAX,116,,,a,
ASN00092045,19870817,TMAX,155,,,a,
ASN00092045,19870818,TMAX,142,,,a,
ASN00092045,19870819,TMAX,155,,,a,
ASN00092045,19870820,TMAX,128,,,a,
ASN00092045,19870821,TMAX,140,,,a,
ASN00092045,19870822,TMAX,140,,,a,
ASN00092045,19870823,TMAX,143,,,a,
ASN00092045,19870824,TMAX,127,,,a,
ASN00092045,19870825,TMAX,167,,,a,
ASN00092045,19870826,TMAX,150,,,a,
ASN00092045,19870827,TMAX,185,,,a,
ASN00092045,19870828,TMAX,163,,,a,
ASN00092045,19870829,TMAX,157,,,a,
ASN00092045,19870830,TMAX,138,,,a,
ASN00092045,19870831,TMAX,120,,,a,
ASN00092045,19870801,TMIN,84,,,a,
ASN00092045,19870802,TMIN,87,,,a,
ASN00092045,19870803,TMIN,70,,,a,
ASN00092045,19870804,TMIN,48,,,a,
ASN00092045,19870805,TMIN,71,,,a,
ASN00092045,19870806,TMIN,85,,,a,
ASN00092045,19870807,TMIN,82,,,a,
ASN00092045,19870809,TMIN,60,,,a,
ASN00092045,19870810,TMIN,30,,,a,
ASN00092045,19870811,TMIN,45,,,a,
ASN00092045,19870812,TMIN,44,,,a,
ASN00092045,19870813,TMIN,67,,,a,
ASN00092045,19870814,TMIN,82,,,a,
ASN00092045,19870815,TMIN,98,,,a,
ASN00092045,19870817,TMIN,42,,,a,
ASN00092045,19870818,TMIN,80,,,a,
ASN00092045,19870819,TMIN,81,,,a,
ASN00092045,19870820,TMIN,40,,,a,
ASN00092045,19870821,TMIN,55,,,a,
ASN00092045,19870822,TMIN,82,,,a,
ASN00092045,19870823,TMIN,78,,,a,
ASN00092045,19870824,TMIN,58,,,a,
ASN00092045,19870825,TMIN,70,,,a,
ASN00092045,19870826,TMIN,74,,,a,
ASN00092045,19870827,TMIN,74,,,a,
ASN00092045,19870828,TMIN,75,,,a,
ASN00092045,19870829,TMIN,65,,,a,
ASN00092045,19870830,TMIN,99,,,a,
ASN00092045,19870831,TMIN,70,,,a,
ASN00092045,19870801,PRCP,42,,,a,
ASN00092045,19870802,PRCP,6,,,a,
ASN00092045,19870803,PRCP,4,,,a,
ASN00092045,19870804,PRCP,0,,,a,
ASN00092045,19870805,PRCP,12,,,a,
ASN00092045,19870806,PRCP,2,,,a,
ASN00092045,19870807,PRCP,0,,,a,
ASN00092045,19870808,PRCP,0,,,a,
ASN00092045,19870809,PRCP,110,,,a,
ASN00092045,19870810,PRCP,0,,,a,
ASN00092045,19870811,PRCP,0,,,a,
ASN00092045,19870812,PRCP,0,,,a,
ASN00092045,19870813,PRCP,8,,,a,
ASN00092045,19870814,PRCP,10,,,a,
ASN00092045,19870815,PRCP,0,,,a,
ASN00092045,19870816,PRCP,20,,,a,
ASN00092045,19870817,PRCP,26,,,a,
ASN00092045,19870818,PRCP,0,,,a,
ASN00092045,19870819,PRCP,14,,,a,
ASN00092045,19870820,PRCP,0,,,a,
ASN00092045,19870821,PRCP,0,,,a,
ASN00092045,19870822,PRCP,0,,,a,
ASN00092045,19870823,PRCP,0,,,a,
ASN00092045,19870824,PRCP,52,,,a,
ASN00092045,19870825,PRCP,0,,,a,
ASN00092045,19870826,PRCP,0,,,a,
ASN00092045,19870827,PRCP,2,,,a,
ASN00092045,19870828,PRCP,0,,,a,
ASN00092045,19870829,PRCP,0,,,a,
ASN00092045,19870830,PRCP,0,,,a,
ASN00092045,19870831,PRCP,30,,,a,
ASN00092045,19870901,TMAX,110,,,a,
ASN00092045,19870902,TMAX,137,,,a,
ASN00092045,19870903,TMAX,137,,,a,
ASN00092045,19870904,TMAX,168,,,a,
ASN00092045,19870905,TMAX,139,,,a,
ASN00092045,19870906,TMAX,140,,,a,
ASN00092045,19870907,TMAX,138,,,a,
ASN00092045,19870908,TMAX,162,,,a,
ASN00092045,19870909,TMAX,130,,,a,
ASN00092045,19870910,TMAX,142,,,a,
ASN00092045,19870911,TMAX,137,,,a,
ASN00092045,19870912,TMAX,162,,,a,
ASN00092045,19870913,TMAX,180,,,a,
ASN00092045,19870914,TMAX,140,,,a,
ASN00092045,19870915,TMAX,165,,,a,
ASN00092045,19870916,TMAX,150,,,a,
ASN00092045,19870917,TMAX,150,,,a,
ASN00092045,19870918,TMAX,155,,,a,
ASN00092045,19870919,TMAX,195,,,a,
ASN00092045,19870920,TMAX,160,,,a,
ASN00092045,19870921,TMAX,150,,,a,
ASN00092045,19870922,TMAX,150,,,a,
ASN00092045,19870923,TMAX,200,,,a,
ASN00092045,19870924,TMAX,247,,,a,
ASN00092045,19870925,TMAX,216,,,a,
ASN00092045,19870926,TMAX,237,,,a,
ASN00092045,19870927,TMAX,267,,,a,
ASN00092045,19870928,TMAX,156,,,a,
ASN00092045,19870929,TMAX,178,,,a,
ASN00092045,19870930,TMAX,140,,,a,
ASN00092045,19870901,TMIN,66,,,a,
ASN00092045,19870902,TMIN,30,,,a,
ASN00092045,19870903,TMIN,55,,,a,
ASN00092045,19870904,TMIN,62,,,a,
ASN00092045,19870905,TMIN,64,,,a,
ASN00092045,19870906,TMIN,50,,,a,
ASN00092045,19870907,TMIN,68,,,a,
ASN00092045,19870908,TMIN,77,,,a,
ASN00092045,19870909,TMIN,72,,,a,
ASN00092045,19870910,TMIN,70,,,a,
ASN00092045,19870911,TMIN,45,,,a,
ASN00092045,19870912,TMIN,98,,,a,
ASN00092045,19870913,TMIN,72,,,a,
ASN00092045,19870914,TMIN,75,,,a,
ASN00092045,19870915,TMIN,91,,,a,
ASN00092045,19870916,TMIN,90,,,a,
ASN00092045,19870917,TMIN,90,,,a,
ASN00092045,19870918,TMIN,73,,,a,
ASN00092045,19870919,TMIN,90,,,a,
ASN00092045,19870920,TMIN,82,,,a,
ASN00092045,19870921,TMIN,80,,,a,
ASN00092045,19870922,TMIN,100,,,a,
ASN00092045,19870923,TMIN,102,,,a,
ASN00092045,19870924,TMIN,115,,,a,
ASN00092045,19870925,TMIN,130,,,a,
ASN00092045,19870926,TMIN,95,,,a,
ASN00092045,19870927,TMIN,127,,,a,
ASN00092045,19870928,TMIN,128,,,a,
ASN00092045,19870929,TMIN,113,,,a,
ASN00092045,19870930,TMIN,88,,,a,
ASN00092045,19870901,PRCP,4,,,a,
ASN00092045,19870902,PRCP,0,,,a,
ASN00092045,19870903,PRCP,88,,,a,
ASN00092045,19870904,PRCP,0,,,a,
ASN00092045,19870905,PRCP,0,,,a,
ASN00092045,19870906,PRCP,0,,,a,
ASN00092045,19870907,PRCP,0,,,a,
ASN00092045,19870908,PRCP,0,,,a,
ASN00092045,19870909,PRCP,20,,,a,
ASN00092045,19870910,PRCP,14,,,a,
ASN00092045,19870911,PRCP,0,,,a,
ASN00092045,19870912,PRCP,4,,,a,
ASN00092045,19870913,PRCP,8,,,a,
ASN00092045,19870914,PRCP,0,,,a,
ASN00092045,19870915,PRCP,0,,,a,
ASN00092045,19870916,PRCP,0,,,a,
ASN00092045,19870917,PRCP,0,,,a,
ASN00092045,19870918,PRCP,0,,,a,
ASN00092045,19870919,PRCP,0,,,a,
ASN00092045,19870920,PRCP,24,,,a,
ASN00092045,19870921,PRCP,0,,,a,
ASN00092045,19870922,PRCP,0,,,a,
ASN00092045,19870923,PRCP,0,,,a,
ASN00092045,19870924,PRCP,0,,,a,
ASN00092045,19870925,PRCP,0,,,a,
ASN00092045,19870926,PRCP,0,,,a,
ASN00092045,19870927,PRCP,0,,,a,
ASN00092045,19870928,PRCP,0,,,a,
ASN00092045,19870929,PRCP,44,,,a,
ASN00092045,19870930,PRCP,8,,,a,
ASN00092045,19871001,TMAX,190,,,a,
ASN00092045,19871002,TMAX,180,,,a,
ASN00092045,19871003,TMAX,154,,,a,
ASN00092045,19871004,TMAX,167,,,a,
ASN00092045,19871005,TMAX,147,,,a,
ASN00092045,19871006,TMAX,141,,,a,
ASN00092045,19871007,TMAX,136,,,a,
ASN00092045,19871008,TMAX,161,,,a,
ASN00092045,19871009,TMAX,165,,,a,
ASN00092045,19871010,TMAX,180,,,a,
ASN00092045,19871011,TMAX,153,,,a,
ASN00092045,19871012,TMAX,145,,,a,
ASN00092045,19871013,TMAX,161,,,a,
ASN00092045,19871014,TMAX,151,,,a,
ASN00092045,19871015,TMAX,160,,,a,
ASN00092045,19871016,TMAX,161,,,a,
ASN00092045,19871017,TMAX,148,,,a,
ASN00092045,19871018,TMAX,164,,,a,
ASN00092045,19871019,TMAX,157,,,a,
ASN00092045,19871020,TMAX,155,,,a,
ASN00092045,19871021,TMAX,168,,,a,
ASN00092045,19871022,TMAX,165,,,a,
ASN00092045,19871023,TMAX,160,,,a,
ASN00092045,19871024,TMAX,172,,,a,
ASN00092045,19871025,TMAX,177,,,a,
ASN00092045,19871026,TMAX,172,,,a,
ASN00092045,19871027,TMAX,173,,,a,
ASN00092045,19871028,TMAX,197,,,a,
ASN00092045,19871029,TMAX,168,,,a,
ASN00092045,19871030,TMAX,196,,,a,
ASN00092045,19871031,TMAX,263,,,a,
ASN00092045,19871001,TMIN,67,,,a,
ASN00092045,19871002,TMIN,87,,,a,
ASN00092045,19871003,TMIN,74,,,a,
ASN00092045,19871004,TMIN,95,,,a,
ASN00092045,19871005,TMIN,48,,,a,
ASN00092045,19871006,TMIN,100,,,a,
ASN00092045,19871007,TMIN,45,,,a,
ASN00092045,19871008,TMIN,56,,,a,
ASN00092045,19871009,TMIN,65,,,a,
ASN00092045,19871010,TMIN,105,,,a,
ASN00092045,19871011,TMIN,60,,,a,
ASN00092045,19871012,TMIN,25,,,a,
ASN00092045,19871013,TMIN,56,,,a,
ASN00092045,19871014,TMIN,67,,,a,
ASN00092045,19871015,TMIN,123,,,a,
ASN00092045,19871016,TMIN,133,,,a,
ASN00092045,19871017,TMIN,107,,,a,
ASN00092045,19871018,TMIN,82,,,a,
ASN00092045,19871019,TMIN,117,,,a,
ASN00092045,19871020,TMIN,105,,,a,
ASN00092045,19871021,TMIN,108,,,a,
ASN00092045,19871022,TMIN,115,,,a,
ASN00092045,19871023,TMIN,110,,,a,
ASN00092045,19871024,TMIN,105,,,a,
ASN00092045,19871025,TMIN,100,,,a,
ASN00092045,19871026,TMIN,120,,,a,
ASN00092045,19871027,TMIN,134,,,a,
ASN00092045,19871028,TMIN,87,,,a,
ASN00092045,19871029,TMIN,102,,,a,
ASN00092045,19871030,TMIN,95,,,a,
ASN00092045,19871031,TMIN,112,,,a,
ASN00092045,19871001,PRCP,0,,,a,
ASN00092045,19871002,PRCP,0,,,a,
ASN00092045,19871003,PRCP,0,,,a,
ASN00092045,19871004,PRCP,0,,,a,
ASN00092045,19871005,PRCP,10,,,a,
ASN00092045,19871006,PRCP,12,,,a,
ASN00092045,19871007,PRCP,44,,,a,
ASN00092045,19871008,PRCP,0,,,a,
ASN00092045,19871009,PRCP,0,,,a,
ASN00092045,19871010,PRCP,0,,,a,
ASN00092045,19871011,PRCP,0,,,a,
ASN00092045,19871012,PRCP,4,,,a,
ASN00092045,19871013,PRCP,0,,,a,
ASN00092045,19871014,PRCP,0,,,a,
ASN00092045,19871015,PRCP,2,,,a,
ASN00092045,19871016,PRCP,40,,,a,
ASN00092045,19871017,PRCP,6,,,a,
ASN00092045,19871018,PRCP,226,,,a,
ASN00092045,19871019,PRCP,0,,,a,
ASN00092045,19871020,PRCP,6,,,a,
ASN00092045,19871021,PRCP,0,,,a,
ASN00092045,19871022,PRCP,0,,,a,
ASN00092045,19871023,PRCP,0,,,a,
ASN00092045,19871024,PRCP,0,,,a,
ASN00092045,19871025,PRCP,0,,,a,
ASN00092045,19871026,PRCP,0,,,a,
ASN00092045,19871027,PRCP,0,,,a,
ASN00092045,19871028,PRCP,0,,,a,
ASN00092045,19871029,PRCP,0,,,a,
ASN00092045,19871030,PRCP,0,,,a,
ASN00092045,19871031,PRCP,0,,,a,
ASN00092045,19871101,TMAX,207,,,a,
ASN00092045,19871102,TMAX,306,,O,a,
ASN00092045,19871103,TMAX,187,,,a,
ASN00092045,19871104,TMAX,178,,,a,
ASN00092045,19871105,TMAX,207,,,a,
ASN00092045,19871106,TMAX,168,,,a,
ASN00092045,19871107,TMAX,175,,,a,
ASN00092045,19871108,TMAX,183,,,a,
ASN00092045,19871109,TMAX,162,,,a,
ASN00092045,19871110,TMAX,165,,,a,
ASN00092045,19871111,TMAX,170,,,a,
ASN00092045,19871112,TMAX,191,,,a,
ASN00092045,19871113,TMAX,180,,,a,
ASN00092045,19871114,TMAX,184,,,a,
ASN00092045,19871115,TMAX,187,,,a,
ASN00092045,19871116,TMAX,200,,,a,
ASN00092045,19871117,TMAX,185,,,a,
ASN00092045,19871118,TMAX,180,,,a,
ASN00092045,19871119,TMAX,190,,,a,
ASN00092045,19871120,TMAX,210,,,a,
ASN00092045,19871121,TMAX,176,,,a,
ASN00092045,19871122,TMAX,190,,,a,
ASN00092045,19871123,TMAX,175,,,a,
ASN00092045,19871124,TMAX,154,,,a,
ASN00092045,19871125,TMAX,184,,,a,
ASN00092045,19871126,TMAX,197,,,a,
ASN00092045,19871127,TMAX,193,,,a,
ASN00092045,19871128,TMAX,169,,,a,
ASN00092045,19871129,TMAX,176,,,a,
ASN00092045,19871130,TMAX,190,,,a,
ASN00092045,19871101,TMIN,140,,,a,
ASN00092045,19871102,TMIN,149,,,a,
ASN00092045,19871103,TMIN,135,,,a,
ASN00092045,19871104,TMIN,72,,,a,
ASN00092045,19871105,TMIN,101,,,a,
ASN00092045,19871106,TMIN,107,,,a,
ASN00092045,19871107,TMIN,90,,,a,
ASN00092045,19871108,TMIN,125,,,a,
ASN00092045,19871109,TMIN,125,,,a,
ASN00092045,19871110,TMIN,114,,,a,
ASN00092045,19871111,TMIN,98,,,a,
ASN00092045,19871112,TMIN,90,,,a,
ASN00092045,19871113,TMIN,102,,,a,
ASN00092045,19871114,TMIN,95,,,a,
ASN00092045,19871115,TMIN,124,,,a,
ASN00092045,19871116,TMIN,139,,,a,
ASN00092045,19871117,TMIN,150,,,a,
ASN00092045,19871118,TMIN,150,,,a,
ASN00092045,19871119,TMIN,160,,,a,
ASN00092045,19871120,TMIN,158,,,a,
ASN00092045,19871121,TMIN,110,,,a,
ASN00092045,19871122,TMIN,83,,,a,
ASN00092045,19871123,TMIN,107,,,a,
ASN00092045,19871124,TMIN,105,,,a,
ASN00092045,19871125,TMIN,60,,,a,
ASN00092045,19871126,TMIN,71,,,a,
ASN00092045,19871127,TMIN,85,,,a,
ASN00092045,19871128,TMIN,94,,,a,
ASN00092045,19871129,TMIN,134,,,a,
ASN00092045,19871130,TMIN,122,,,a,
ASN00092045,19871101,PRCP,0,,,a,
ASN00092045,19871102,PRCP,0,,,a,
ASN00092045,19871103,PRCP,32,,,a,
ASN00092045,19871104,PRCP,0,,,a,
ASN00092045,19871105,PRCP,0,,,a,
ASN00092045,19871106,PRCP,0,,,a,
ASN00092045,19871107,PRCP,0,,,a,
ASN00092045,19871108,PRCP,104,,,a,
ASN00092045,19871109,PRCP,2,,,a,
ASN00092045,19871110,PRCP,70,,,a,
ASN00092045,19871111,PRCP,62,,,a,
ASN00092045,19871112,PRCP,12,,,a,
ASN00092045,19871113,PRCP,0,,,a,
ASN00092045,19871114,PRCP,0,,,a,
ASN00092045,19871115,PRCP,0,,,a,
ASN00092045,19871116,PRCP,0,,,a,
ASN00092045,19871117,PRCP,0,,,a,
ASN00092045,19871118,PRCP,4,,,a,
ASN00092045,19871119,PRCP,0,,,a,
ASN00092045,19871120,PRCP,366,,,a,
ASN00092045,19871121,PRCP,0,,,a,
ASN00092045,19871122,PRCP,4,,,a,
ASN00092045,19871123,PRCP,0,,,a,
ASN00092045,19871124,PRCP,98,,,a,
ASN00092045,19871125,PRCP,0,,,a,
ASN00092045,19871126,PRCP,0,,,a,
ASN00092045,19871127,PRCP,2,,,a,
ASN00092045,19871128,PRCP,0,,,a,
ASN00092045,19871129,PRCP,0,,,a,
ASN00092045,19871130,PRCP,0,,,a,
ASN00092045,19871201,TMAX,137,,,a,
ASN00092045,19871202,TMAX,159,,,a,
ASN00092045,19871203,TMAX,155,,,a,
ASN00092045,19871204,TMAX,152,,,a,
ASN00092045,19871205,TMAX,170,,,a,
ASN00092045,19871206,TMAX,180,,,a,
ASN00092045,19871207,TMAX,184,,,a,
ASN00092045,19871208,TMAX,160,,,a,
ASN00092045,19871209,TMAX,162,,,a,
ASN00092045,19871210,TMAX,160,,,a,
ASN00092045,19871211,TMAX,195,,,a,
ASN00092045,19871212,TMAX,190,,,a,
ASN00092045,19871213,TMAX,215,,,a,
ASN00092045,19871214,TMAX,195,,,a,
ASN00092045,19871215,TMAX,200,,,a,
ASN00092045,19871216,TMAX,256,,,a,
ASN00092045,19871217,TMAX,200,,,a,
ASN00092045,19871218,TMAX,216,,,a,
ASN00092045,19871219,TMAX,170,,,a,
ASN00092045,19871220,TMAX,175,,,a,
ASN00092045,19871221,TMAX,165,,,a,
ASN00092045,19871222,TMAX,170,,,a,
ASN00092045,19871223,TMAX,170,,,a,
ASN00092045,19871224,TMAX,220,,,a,
ASN00092045,19871225,TMAX,220,,,a,
ASN00092045,19871226,TMAX,190,,,a,
ASN00092045,19871227,TMAX,275,,,a,
ASN00092045,19871228,TMAX,175,,,a,
ASN00092045,19871229,TMAX,195,,,a,
ASN00092045,19871230,TMAX,200,,,a,
ASN00092045,19871231,TMAX,190,,,a,
ASN00092045,19871201,TMIN,125,,,a,
ASN00092045,19871202,TMIN,86,,,a,
ASN00092045,19871203,TMIN,93,,,a,
ASN00092045,19871204,TMIN,66,,,a,
ASN00092045,19871205,TMIN,116,,,a,
ASN00092045,19871206,TMIN,132,,,a,
ASN00092045,19871207,TMIN,77,,,a,
ASN00092045,19871208,TMIN,107,,,a,
ASN00092045,19871209,TMIN,90,,,a,
ASN00092045,19871210,TMIN,125,,,a,
ASN00092045,19871211,TMIN,120,,,a,
ASN00092045,19871212,TMIN,145,,,a,
ASN00092045,19871213,TMIN,150,,,a,
ASN00092045,19871214,TMIN,150,,,a,
ASN00092045,19871215,TMIN,147,,,a,
ASN00092045,19871216,TMIN,164,,,a,
ASN00092045,19871217,TMIN,145,,,a,
ASN00092045,19871218,TMIN,130,,,a,
ASN00092045,19871219,TMIN,66,,,a,
ASN00092045,19871220,TMIN,92,,,a,
ASN00092045,19871221,TMIN,115,,,a,
ASN00092045,19871222,TMIN,105,,,a,
ASN00092045,19871223,TMIN,95,,,a,
ASN00092045,19871224,TMIN,95,,,a,
ASN00092045,19871225,TMIN,80,,,a,
ASN00092045,19871226,TMIN,130,,,a,
ASN00092045,19871227,TMIN,125,,,a,
ASN00092045,19871228,TMIN,125,,,a,
ASN00092045,19871229,TMIN,127,,,a,
ASN00092045,19871230,TMIN,155,,,a,
ASN00092045,19871231,TMIN,165,,,a,
ASN00092045,19871201,PRCP,6,,,a,
ASN00092045,19871202,PRCP,514,,,a,
ASN00092045,19871203,PRCP,120,,,a,
ASN00092045,19871204,PRCP,24,,,a,
ASN00092045,19871205,PRCP,0,,,a,
ASN00092045,19871206,PRCP,54,,,a,
ASN00092045,19871207,PRCP,0,,,a,
ASN00092045,19871208,PRCP,8,,,a,
ASN00092045,19871209,PRCP,0,,,a,
ASN00092045,19871210,PRCP,100,,,a,
ASN00092045,19871211,PRCP,126,,,a,
ASN00092045,19871212,PRCP,0,,,a,
ASN00092045,19871213,PRCP,0,,,a,
ASN00092045,19871214,PRCP,22,,,a,
ASN00092045,19871215,PRCP,20,,,a,
ASN00092045,19871216,PRCP,4,,,a,
ASN00092045,19871217,PRCP,0,,,a,
ASN00092045,19871218,PRCP,0,,,a,
ASN00092045,19871219,PRCP,0,,,a,
ASN00092045,19871220,PRCP,0,,,a,
ASN00092045,19871221,PRCP,30,,,a,
ASN00092045,19871222,PRCP,0,,,a,
ASN00092045,19871223,PRCP,0,,,a,
ASN00092045,19871224,PRCP,0,,,a,
ASN00092045,19871225,PRCP,0,,,a,
ASN00092045,19871226,PRCP,0,,,a,
ASN00092045,19871227,PRCP,0,,,a,
ASN00092045,19871228,PRCP,72,,,a,
ASN00092045,19871229,PRCP,4,,,a,
ASN00092045,19871230,PRCP,0,,,a,
ASN00092045,19871231,PRCP,0,,,a,
ASN00092045,19880101,TMAX,206,,,a,
ASN00092045,19880102,TMAX,217,,,a,
ASN00092045,19880103,TMAX,217,,,a,
ASN00092045,19880104,TMAX,198,,,a,
ASN00092045,19880105,TMAX,220,,,a,
ASN00092045,19880106,TMAX,250,,,a,
ASN00092045,19880107,TMAX,310,,,a,
ASN00092045,19880108,TMAX,200,,,a,
ASN00092045,19880109,TMAX,203,,,a,
ASN00092045,19880110,TMAX,232,,,a,
ASN00092045,19880111,TMAX,220,,,a,
ASN00092045,19880112,TMAX,224,,,a,
ASN00092045,19880113,TMAX,270,,,a,
ASN00092045,19880114,TMAX,176,,,a,
ASN00092045,19880115,TMAX,240,,,a,
ASN00092045,19880116,TMAX,270,,,a,
ASN00092045,19880117,TMAX,230,,,a,
ASN00092045,19880118,TMAX,210,,,a,
ASN00092045,19880119,TMAX,200,,,a,
ASN00092045,19880120,TMAX,230,,,a,
ASN00092045,19880121,TMAX,215,,,a,
ASN00092045,19880122,TMAX,222,,,a,
ASN00092045,19880123,TMAX,236,,,a,
ASN00092045,19880124,TMAX,182,,,a,
ASN00092045,19880125,TMAX,200,,,a,
ASN00092045,19880126,TMAX,230,,,a,
ASN00092045,19880127,TMAX,230,,,a,
ASN00092045,19880128,TMAX,220,,,a,
ASN00092045,19880129,TMAX,230,,,a,
ASN00092045,19880130,TMAX,230,,,a,
ASN00092045,19880131,TMAX,166,,,a,
ASN00092045,19880101,TMIN,170,,,a,
ASN00092045,19880102,TMIN,116,,,a,
ASN00092045,19880103,TMIN,116,,,a,
ASN00092045,19880104,TMIN,120,,,a,
ASN00092045,19880105,TMIN,128,,,a,
ASN00092045,19880106,TMIN,130,,,a,
ASN00092045,19880107,TMIN,132,,,a,
ASN00092045,19880108,TMIN,153,,,a,
ASN00092045,19880109,TMIN,150,,,a,
ASN00092045,19880110,TMIN,135,,,a,
ASN00092045,19880111,TMIN,150,,,a,
ASN00092045,19880112,TMIN,160,,,a,
ASN00092045,19880113,TMIN,176,,,a,
ASN00092045,19880114,TMIN,162,,,a,
ASN00092045,19880115,TMIN,155,,,a,
ASN00092045,19880116,TMIN,168,,,a,
ASN00092045,19880117,TMIN,155,,,a,
ASN00092045,19880118,TMIN,155,,,a,
ASN00092045,19880119,TMIN,150,,,a,
ASN00092045,19880120,TMIN,140,,,a,
ASN00092045,19880121,TMIN,136,,,a,
ASN00092045,19880122,TMIN,128,,,a,
ASN00092045,19880123,TMIN,138,,,a,
ASN00092045,19880124,TMIN,126,,,a,
ASN00092045,19880125,TMIN,110,,,a,
ASN00092045,19880126,TMIN,120,,,a,
ASN00092045,19880127,TMIN,155,,,a,
ASN00092045,19880128,TMIN,160,,,a,
ASN00092045,19880129,TMIN,167,,,a,
ASN00092045,19880130,TMIN,180,,,a,
ASN00092045,19880131,TMIN,132,,,a,
ASN00092045,19880101,PRCP,50,,,a,
ASN00092045,19880102,PRCP,6,,,a,
ASN00092045,19880103,PRCP,0,,,a,
ASN00092045,19880104,PRCP,0,,,a,
ASN00092045,19880105,PRCP,0,,,a,
ASN00092045,19880106,PRCP,0,,,a,
ASN00092045,19880107,PRCP,0,,,a,
ASN00092045,19880108,PRCP,0,,,a,
ASN00092045,19880109,PRCP,0,,,a,
ASN00092045,19880110,PRCP,0,,,a,
ASN00092045,19880111,PRCP,0,,,a,
ASN00092045,19880112,PRCP,0,,,a,
ASN00092045,19880113,PRCP,30,,,a,
ASN00092045,19880114,PRCP,26,,,a,
ASN00092045,19880115,PRCP,4,,,a,
ASN00092045,19880116,PRCP,0,,,a,
ASN00092045,19880117,PRCP,0,,,a,
ASN00092045,19880118,PRCP,40,,,a,
ASN00092045,19880119,PRCP,46,,,a,
ASN00092045,19880120,PRCP,6,,,a,
ASN00092045,19880121,PRCP,0,,,a,
ASN00092045,19880122,PRCP,0,,,a,
ASN00092045,19880123,PRCP,0,,,a,
ASN00092045,19880124,PRCP,96,,,a,
ASN00092045,19880125,PRCP,42,,,a,
ASN00092045,19880126,PRCP,0,,,a,
ASN00092045,19880127,PRCP,0,,,a,
ASN00092045,19880128,PRCP,0,,,a,
ASN00092045,19880129,PRCP,2,,,a,
ASN00092045,19880130,PRCP,0,,,a,
ASN00092045,19880131,PRCP,220,,,a,
ASN00092045,19880201,TMAX,180,,,a,
ASN00092045,19880202,TMAX,210,,,a,
ASN00092045,19880203,TMAX,215,,,a,
ASN00092045,19880204,TMAX,200,,,a,
ASN00092045,19880205,TMAX,226,,,a,
ASN00092045,19880206,TMAX,192,,,a,
ASN00092045,19880207,TMAX,195,,,a,
ASN00092045,19880208,TMAX,195,,,a,
ASN00092045,19880209,TMAX,186,,,a,
ASN00092045,19880210,TMAX,194,,,a,
ASN00092045,19880211,TMAX,195,,,a,
ASN00092045,19880212,TMAX,200,,,a,
ASN00092045,19880213,TMAX,187,,,a,
ASN00092045,19880214,TMAX,185,,,a,
ASN00092045,19880215,TMAX,194,,,a,
ASN00092045,19880216,TMAX,225,,,a,
ASN00092045,19880217,TMAX,210,,,a,
ASN00092045,19880218,TMAX,236,,,a,
ASN00092045,19880219,TMAX,222,,,a,
ASN00092045,19880220,TMAX,222,,,a,
ASN00092045,19880221,TMAX,227,,,a,
ASN00092045,19880222,TMAX,222,,,a,
ASN00092045,19880223,TMAX,250,,,a,
ASN00092045,19880224,TMAX,200,,,a,
ASN00092045,19880225,TMAX,188,,,a,
ASN00092045,19880226,TMAX,217,,,a,
ASN00092045,19880227,TMAX,220,,,a,
ASN00092045,19880228,TMAX,257,,,a,
ASN00092045,19880229,TMAX,220,,,a,
ASN00092045,19880201,TMIN,120,,,a,
ASN00092045,19880202,TMIN,120,,,a,
ASN00092045,19880203,TMIN,132,,,a,
ASN00092045,19880204,TMIN,145,,,a,
ASN00092045,19880205,TMIN,160,,,a,
ASN00092045,19880206,TMIN,180,,,a,
ASN00092045,19880207,TMIN,90,,,a,
ASN00092045,19880208,TMIN,138,,,a,
ASN00092045,19880209,TMIN,133,,,a,
ASN00092045,19880210,TMIN,128,,,a,
ASN00092045,19880211,TMIN,150,,,a,
ASN00092045,19880212,TMIN,155,,,a,
ASN00092045,19880213,TMIN,158,,,a,
ASN00092045,19880214,TMIN,146,,,a,
ASN00092045,19880215,TMIN,104,,,a,
ASN00092045,19880216,TMIN,147,,,a,
ASN00092045,19880217,TMIN,145,,,a,
ASN00092045,19880218,TMIN,145,,,a,
ASN00092045,19880219,TMIN,146,,,a,
ASN00092045,19880220,TMIN,90,,,a,
ASN00092045,19880221,TMIN,132,,,a,
ASN00092045,19880222,TMIN,150,,,a,
ASN00092045,19880223,TMIN,150,,,a,
ASN00092045,19880224,TMIN,125,,,a,
ASN00092045,19880225,TMIN,144,,,a,
ASN00092045,19880226,TMIN,138,,,a,
ASN00092045,19880227,TMIN,164,,,a,
ASN00092045,19880228,TMIN,135,,,a,
ASN00092045,19880229,TMIN,160,,,a,
ASN00092045,19880201,PRCP,26,,,a,
ASN00092045,19880202,PRCP,0,,,a,
ASN00092045,19880203,PRCP,0,,,a,
ASN00092045,19880204,PRCP,0,,,a,
ASN00092045,19880205,PRCP,8,,,a,
ASN00092045,19880206,PRCP,6,,,a,
ASN00092045,19880207,PRCP,40,,,a,
ASN00092045,19880208,PRCP,0,,,a,
ASN00092045,19880209,PRCP,0,,,a,
ASN00092045,19880210,PRCP,0,,,a,
ASN00092045,19880211,PRCP,0,,,a,
ASN00092045,19880212,PRCP,0,,,a,
ASN00092045,19880213,PRCP,0,,,a,
ASN00092045,19880214,PRCP,16,,,a,
ASN00092045,19880215,PRCP,0,,,a,
ASN00092045,19880216,PRCP,0,,,a,
ASN00092045,19880217,PRCP,44,,,a,
ASN00092045,19880218,PRCP,0,,,a,
ASN00092045,19880219,PRCP,0,,,a,
ASN00092045,19880220,PRCP,0,,,a,
ASN00092045,19880221,PRCP,0,,,a,
ASN00092045,19880222,PRCP,0,,,a,
ASN00092045,19880223,PRCP,0,,,a,
ASN00092045,19880224,PRCP,0,,,a,
ASN00092045,19880225,PRCP,0,,,a,
ASN00092045,19880226,PRCP,0,,,a,
ASN00092045,19880227,PRCP,0,,,a,
ASN00092045,19880228,PRCP,0,,,a,
ASN00092045,19880229,PRCP,0,,,a,
ASN00092045,19880301,TMAX,216,,,a,
ASN00092045,19880302,TMAX,218,,,a,
ASN00092045,19880303,TMAX,275,,,a,
ASN00092045,19880304,TMAX,216,,,a,
ASN00092045,19880305,TMAX,200,,,a,
ASN00092045,19880306,TMAX,213,,,a,
ASN00092045,19880307,TMAX,200,,,a,
ASN00092045,19880308,TMAX,210,,,a,
ASN00092045,19880309,TMAX,220,,,a,
ASN00092045,19880310,TMAX,240,,,a,
ASN00092045,19880311,TMAX,175,,,a,
ASN00092045,19880312,TMAX,184,,,a,
ASN00092045,19880313,TMAX,218,,,a,
ASN00092045,19880314,TMAX,175,,,a,
ASN00092045,19880315,TMAX,203,,,a,
ASN00092045,19880316,TMAX,205,,,a,
ASN00092045,19880317,TMAX,200,,,a,
ASN00092045,19880318,TMAX,208,,,a,
ASN00092045,19880319,TMAX,205,,,a,
ASN00092045,19880320,TMAX,197,,,a,
ASN00092045,19880321,TMAX,236,,,a,
ASN00092045,19880322,TMAX,186,,,a,
ASN00092045,19880323,TMAX,191,,,a,
ASN00092045,19880324,TMAX,203,,,a,
ASN00092045,19880325,TMAX,203,,,a,
ASN00092045,19880326,TMAX,242,,,a,
ASN00092045,19880327,TMAX,205,,,a,
ASN00092045,19880328,TMAX,205,,,a,
ASN00092045,19880329,TMAX,195,,,a,
ASN00092045,19880330,TMAX,211,,,a,
ASN00092045,19880331,TMAX,197,,,a,
ASN00092045,19880301,TMIN,142,,,a,
ASN00092045,19880302,TMIN,150,,,a,
ASN00092045,19880303,TMIN,165,,,a,
ASN00092045,19880304,TMIN,145,,,a,
ASN00092045,19880305,TMIN,144,,,a,
ASN00092045,19880306,TMIN,138,,,a,
ASN00092045,19880307,TMIN,152,,,a,
ASN00092045,19880308,TMIN,162,,,a,
ASN00092045,19880309,TMIN,143,,,a,
ASN00092045,19880310,TMIN,138,,,a,
ASN00092045,19880311,TMIN,158,,,a,
ASN00092045,19880312,TMIN,61,,,a,
ASN00092045,19880313,TMIN,102,,,a,
ASN00092045,19880314,TMIN,70,,,a,
ASN00092045,19880315,TMIN,95,,,a,
ASN00092045,19880316,TMIN,125,,,a,
ASN00092045,19880317,TMIN,136,,,a,
ASN00092045,19880318,TMIN,122,,,a,
ASN00092045,19880319,TMIN,134,,,a,
ASN00092045,19880320,TMIN,154,,,a,
ASN00092045,19880321,TMIN,145,,,a,
ASN00092045,19880322,TMIN,150,,,a,
ASN00092045,19880323,TMIN,150,,,a,
ASN00092045,19880324,TMIN,110,,,a,
ASN00092045,19880325,TMIN,123,,,a,
ASN00092045,19880326,TMIN,145,,,a,
ASN00092045,19880327,TMIN,160,,,a,
ASN00092045,19880328,TMIN,144,,,a,
ASN00092045,19880329,TMIN,155,,,a,
ASN00092045,19880330,TMIN,147,,,a,
ASN00092045,19880331,TMIN,160,,,a,
ASN00092045,19880301,PRCP,0,,,a,
ASN00092045,19880302,PRCP,0,,,a,
ASN00092045,19880303,PRCP,0,,,a,
ASN00092045,19880304,PRCP,2,,,a,
ASN00092045,19880305,PRCP,0,,,a,
ASN00092045,19880306,PRCP,0,,,a,
ASN00092045,19880307,PRCP,0,,,a,
ASN00092045,19880308,PRCP,0,,,a,
ASN00092045,19880309,PRCP,0,,,a,
ASN00092045,19880310,PRCP,2,,,a,
ASN00092045,19880311,PRCP,0,,,a,
ASN00092045,19880312,PRCP,98,,,a,
ASN00092045,19880313,PRCP,2,,,a,
ASN00092045,19880314,PRCP,0,,,a,
ASN00092045,19880315,PRCP,0,,,a,
ASN00092045,19880316,PRCP,0,,,a,
ASN00092045,19880317,PRCP,0,,,a,
ASN00092045,19880318,PRCP,0,,,a,
ASN00092045,19880319,PRCP,0,,,a,
ASN00092045,19880320,PRCP,0,,,a,
ASN00092045,19880321,PRCP,0,,,a,
ASN00092045,19880322,PRCP,0,,,a,
ASN00092045,19880323,PRCP,0,,,a,
ASN00092045,19880324,PRCP,0,,,a,
ASN00092045,19880325,PRCP,0,,,a,
ASN00092045,19880326,PRCP,0,,,a,
ASN00092045,19880327,PRCP,0,,,a,
ASN00092045,19880328,PRCP,6,,,a,
ASN00092045,19880329,PRCP,0,,,a,
ASN00092045,19880330,PRCP,0,,,a,
ASN00092045,19880331,PRCP,0,,,a,
ASN00092045,19880401,TMAX,213,,,a,
ASN00092045,19880402,TMAX,185,,,a,
ASN00092045,19880403,TMAX,205,,,a,
ASN00092045,19880404,TMAX,233,,,a,
ASN00092045,19880405,TMAX,210,,,a,
ASN00092045,19880406,TMAX,206,,,a,
ASN00092045,19880407,TMAX,196,,,a,
ASN00092045,19880408,TMAX,145,,,a,
ASN00092045,19880409,TMAX,156,,,a,
ASN00092045,19880410,TMAX,176,,,a,
ASN00092045,19880411,TMAX,195,,,a,
ASN00092045,19880412,TMAX,205,,,a,
ASN00092045,19880413,TMAX,224,,,a,
ASN00092045,19880414,TMAX,188,,,a,
ASN00092045,19880415,TMAX,200,,,a,
ASN00092045,19880416,TMAX,155,,,a,
ASN00092045,19880417,TMAX,183,,,a,
ASN00092045,19880418,TMAX,185,,,a,
ASN00092045,19880419,TMAX,192,,,a,
ASN00092045,19880420,TMAX,188,,,a,
ASN00092045,19880421,TMAX,197,,,a,
ASN00092045,19880422,TMAX,182,,,a,
ASN00092045,19880423,TMAX,188,,,a,
ASN00092045,19880424,TMAX,210,,,a,
ASN00092045,19880425,TMAX,197,,,a,
ASN00092045,19880426,TMAX,184,,,a,
ASN00092045,19880427,TMAX,159,,,a,
ASN00092045,19880428,TMAX,178,,,a,
ASN00092045,19880429,TMAX,188,,,a,
ASN00092045,19880430,TMAX,185,,,a,
ASN00092045,19880401,TMIN,145,,,a,
ASN00092045,19880402,TMIN,134,,,a,
ASN00092045,19880403,TMIN,142,,,a,
ASN00092045,19880404,TMIN,150,,,a,
ASN00092045,19880405,TMIN,142,,,a,
ASN00092045,19880406,TMIN,127,,,a,
ASN00092045,19880407,TMIN,158,,,a,
ASN00092045,19880408,TMIN,135,,,a,
ASN00092045,19880409,TMIN,103,,,a,
ASN00092045,19880410,TMIN,110,,,a,
ASN00092045,19880411,TMIN,147,,,a,
ASN00092045,19880412,TMIN,163,,,a,
ASN00092045,19880413,TMIN,140,,,a,
ASN00092045,19880414,TMIN,135,,,a,
ASN00092045,19880415,TMIN,130,,,a,
ASN00092045,19880416,TMIN,54,,,a,
ASN00092045,19880417,TMIN,70,,,a,
ASN00092045,19880418,TMIN,115,,,a,
ASN00092045,19880419,TMIN,124,,,a,
ASN00092045,19880420,TMIN,148,,,a,
ASN00092045,19880421,TMIN,146,,,a,
ASN00092045,19880422,TMIN,157,,,a,
ASN00092045,19880423,TMIN,158,,,a,
ASN00092045,19880424,TMIN,134,,,a,
ASN00092045,19880425,TMIN,121,,,a,
ASN00092045,19880426,TMIN,159,,,a,
ASN00092045,19880427,TMIN,133,,,a,
ASN00092045,19880428,TMIN,135,,,a,
ASN00092045,19880429,TMIN,145,,,a,
ASN00092045,19880430,TMIN,166,,,a,
ASN00092045,19880401,PRCP,0,,,a,
ASN00092045,19880402,PRCP,30,,,a,
ASN00092045,19880403,PRCP,0,,,a,
ASN00092045,19880404,PRCP,0,,,a,
ASN00092045,19880405,PRCP,0,,,a,
ASN00092045,19880406,PRCP,0,,,a,
ASN00092045,19880407,PRCP,0,,,a,
ASN00092045,19880408,PRCP,10,,,a,
ASN00092045,19880409,PRCP,4,,,a,
ASN00092045,19880410,PRCP,2,,,a,
ASN00092045,19880411,PRCP,0,,,a,
ASN00092045,19880412,PRCP,0,,,a,
ASN00092045,19880413,PRCP,80,,,a,
ASN00092045,19880414,PRCP,42,,,a,
ASN00092045,19880415,PRCP,0,,,a,
ASN00092045,19880416,PRCP,0,,,a,
ASN00092045,19880417,PRCP,0,,,a,
ASN00092045,19880418,PRCP,0,,,a,
ASN00092045,19880419,PRCP,0,,,a,
ASN00092045,19880420,PRCP,0,,,a,
ASN00092045,19880421,PRCP,12,,,a,
ASN00092045,19880422,PRCP,14,,,a,
ASN00092045,19880423,PRCP,86,,,a,
ASN00092045,19880424,PRCP,62,,,a,
ASN00092045,19880425,PRCP,0,,,a,
ASN00092045,19880426,PRCP,78,,,a,
ASN00092045,19880427,PRCP,0,,,a,
ASN00092045,19880428,PRCP,22,,,a,
ASN00092045,19880429,PRCP,42,,,a,
ASN00092045,19880430,PRCP,0,,,a,
ASN00092045,19880501,TMAX,200,,,a,
ASN00092045,19880502,TMAX,205,,,a,
ASN00092045,19880503,TMAX,193,,,a,
ASN00092045,19880504,TMAX,176,,,a,
ASN00092045,19880505,TMAX,178,,,a,
ASN00092045,19880506,TMAX,201,,,a,
ASN00092045,19880507,TMAX,207,,,a,
ASN00092045,19880508,TMAX,176,,,a,
ASN00092045,19880509,TMAX,176,,,a,
ASN00092045,19880510,TMAX,156,,,a,
ASN00092045,19880511,TMAX,200,,,a,
ASN00092045,19880512,TMAX,192,,,a,
ASN00092045,19880513,TMAX,167,,,a,
ASN00092045,19880514,TMAX,187,,,a,
ASN00092045,19880515,TMAX,155,,,a,
ASN00092045,19880516,TMAX,170,,,a,
ASN00092045,19880517,TMAX,190,,,a,
ASN00092045,19880518,TMAX,151,,,a,
ASN00092045,19880519,TMAX,146,,,a,
ASN00092045,19880520,TMAX,150,,,a,
ASN00092045,19880521,TMAX,153,,,a,
ASN00092045,19880522,TMAX,160,,,a,
ASN00092045,19880523,TMAX,137,,,a,
ASN00092045,19880524,TMAX,134,,,a,
ASN00092045,19880525,TMAX,155,,,a,
ASN00092045,19880526,TMAX,173,,,a,
ASN00092045,19880527,TMAX,159,,,a,
ASN00092045,19880528,TMAX,170,,,a,
ASN00092045,19880529,TMAX,157,,,a,
ASN00092045,19880530,TMAX,173,,,a,
ASN00092045,19880531,TMAX,165,,,a,
ASN00092045,19880501,TMIN,165,,,a,
ASN00092045,19880502,TMIN,159,,,a,
ASN00092045,19880503,TMIN,142,,,a,
ASN00092045,19880504,TMIN,146,,,a,
ASN00092045,19880505,TMIN,149,,,a,
ASN00092045,19880506,TMIN,164,,,a,
ASN00092045,19880507,TMIN,150,,,a,
ASN00092045,19880508,TMIN,137,,,a,
ASN00092045,19880509,TMIN,110,,,a,
ASN00092045,19880510,TMIN,80,,,a,
ASN00092045,19880511,TMIN,80,,,a,
ASN00092045,19880512,TMIN,105,,,a,
ASN00092045,19880513,TMIN,95,,,a,
ASN00092045,19880514,TMIN,110,,,a,
ASN00092045,19880515,TMIN,130,,,a,
ASN00092045,19880516,TMIN,142,,,a,
ASN00092045,19880517,TMIN,132,,,a,
ASN00092045,19880518,TMIN,140,,,a,
ASN00092045,19880519,TMIN,118,,,a,
ASN00092045,19880520,TMIN,115,,,a,
ASN00092045,19880521,TMIN,122,,,a,
ASN00092045,19880522,TMIN,130,,,a,
ASN00092045,19880523,TMIN,126,,,a,
ASN00092045,19880524,TMIN,114,,,a,
ASN00092045,19880525,TMIN,108,,,a,
ASN00092045,19880526,TMIN,123,,,a,
ASN00092045,19880527,TMIN,142,,,a,
ASN00092045,19880528,TMIN,101,,,a,
ASN00092045,19880529,TMIN,82,,,a,
ASN00092045,19880530,TMIN,83,,,a,
ASN00092045,19880531,TMIN,95,,,a,
ASN00092045,19880501,PRCP,0,,,a,
ASN00092045,19880502,PRCP,2,,,a,
ASN00092045,19880503,PRCP,6,,,a,
ASN00092045,19880504,PRCP,0,,,a,
ASN00092045,19880505,PRCP,4,,,a,
ASN00092045,19880506,PRCP,52,,,a,
ASN00092045,19880507,PRCP,4,,,a,
ASN00092045,19880508,PRCP,0,,,a,
ASN00092045,19880509,PRCP,0,,,a,
ASN00092045,19880510,PRCP,0,,,a,
ASN00092045,19880511,PRCP,0,,,a,
ASN00092045,19880512,PRCP,0,,,a,
ASN00092045,19880513,PRCP,0,,,a,
ASN00092045,19880514,PRCP,0,,,a,
ASN00092045,19880515,PRCP,8,,,a,
ASN00092045,19880516,PRCP,62,,,a,
ASN00092045,19880517,PRCP,18,,,a,
ASN00092045,19880518,PRCP,266,,,a,
ASN00092045,19880519,PRCP,122,,,a,
ASN00092045,19880520,PRCP,2,,,a,
ASN00092045,19880521,PRCP,116,,,a,
ASN00092045,19880522,PRCP,16,,,a,
ASN00092045,19880523,PRCP,84,,,a,
ASN00092045,19880524,PRCP,114,,,a,
ASN00092045,19880525,PRCP,10,,,a,
ASN00092045,19880526,PRCP,2,,,a,
ASN00092045,19880527,PRCP,6,,,a,
ASN00092045,19880528,PRCP,28,,,a,
ASN00092045,19880529,PRCP,0,,,a,
ASN00092045,19880530,PRCP,0,,,a,
ASN00092045,19880531,PRCP,0,,,a,
ASN00092045,19880601,TMAX,175,,,a,
ASN00092045,19880602,TMAX,175,,,a,
ASN00092045,19880603,TMAX,174,,,a,
ASN00092045,19880604,TMAX,180,,,a,
ASN00092045,19880605,TMAX,176,,,a,
ASN00092045,19880606,TMAX,145,,,a,
ASN00092045,19880607,TMAX,136,,,a,
ASN00092045,19880608,TMAX,136,,,a,
ASN00092045,19880609,TMAX,140,,,a,
ASN00092045,19880610,TMAX,145,,,a,
ASN00092045,19880611,TMAX,150,,,a,
ASN00092045,19880612,TMAX,164,,,a,
ASN00092045,19880613,TMAX,155,,,a,
ASN00092045,19880614,TMAX,146,,,a,
ASN00092045,19880615,TMAX,155,,,a,
ASN00092045,19880616,TMAX,146,,,a,
ASN00092045,19880617,TMAX,156,,,a,
ASN00092045,19880618,TMAX,158,,,a,
ASN00092045,19880619,TMAX,146,,,a,
ASN00092045,19880620,TMAX,151,,,a,
ASN00092045,19880621,TMAX,140,,,a,
ASN00092045,19880622,TMAX,148,,,a,
ASN00092045,19880623,TMAX,177,,,a,
ASN00092045,19880624,TMAX,157,,,a,
ASN00092045,19880625,TMAX,160,,,a,
ASN00092045,19880626,TMAX,154,,,a,
ASN00092045,19880627,TMAX,153,,,a,
ASN00092045,19880628,TMAX,135,,,a,
ASN00092045,19880629,TMAX,145,,,a,
ASN00092045,19880630,TMAX,156,,,a,
ASN00092045,19880601,TMIN,109,,,a,
ASN00092045,19880602,TMIN,122,,,a,
ASN00092045,19880603,TMIN,124,,,a,
ASN00092045,19880604,TMIN,117,,,a,
ASN00092045,19880605,TMIN,125,,,a,
ASN00092045,19880606,TMIN,85,,,a,
ASN00092045,19880607,TMIN,95,,,a,
ASN00092045,19880608,TMIN,93,,,a,
ASN00092045,19880609,TMIN,87,,,a,
ASN00092045,19880610,TMIN,82,,,a,
ASN00092045,19880611,TMIN,90,,,a,
ASN00092045,19880612,TMIN,96,,,a,
ASN00092045,19880613,TMIN,84,,,a,
ASN00092045,19880614,TMIN,125,,,a,
ASN00092045,19880615,TMIN,84,,,a,
ASN00092045,19880616,TMIN,75,,,a,
ASN00092045,19880617,TMIN,82,,,a,
ASN00092045,19880618,TMIN,82,,,a,
ASN00092045,19880619,TMIN,105,,,a,
ASN00092045,19880620,TMIN,78,,,a,
ASN00092045,19880621,TMIN,90,,,a,
ASN00092045,19880622,TMIN,60,,,a,
ASN00092045,19880623,TMIN,62,,,a,
ASN00092045,19880624,TMIN,90,,,a,
ASN00092045,19880625,TMIN,107,,,a,
ASN00092045,19880626,TMIN,120,,,a,
ASN00092045,19880627,TMIN,120,,,a,
ASN00092045,19880628,TMIN,115,,,a,
ASN00092045,19880629,TMIN,55,,,a,
ASN00092045,19880630,TMIN,66,,,a,
ASN00092045,19880601,PRCP,0,,,a,
ASN00092045,19880602,PRCP,4,,,a,
ASN00092045,19880603,PRCP,6,,,a,
ASN00092045,19880604,PRCP,6,,,a,
ASN00092045,19880605,PRCP,16,,,a,
ASN00092045,19880606,PRCP,192,,,a,
ASN00092045,19880607,PRCP,194,,,a,
ASN00092045,19880608,PRCP,0,,,a,
ASN00092045,19880609,PRCP,16,,,a,
ASN00092045,19880610,PRCP,0,,,a,
ASN00092045,19880611,PRCP,14,,,a,
ASN00092045,19880612,PRCP,0,,,a,
ASN00092045,19880613,PRCP,0,,,a,
ASN00092045,19880614,PRCP,10,,,a,
ASN00092045,19880615,PRCP,0,,,a,
ASN00092045,19880616,PRCP,0,,,a,
ASN00092045,19880617,PRCP,0,,,a,
ASN00092045,19880618,PRCP,0,,,a,
ASN00092045,19880619,PRCP,54,,,a,
ASN00092045,19880620,PRCP,0,,,a,
ASN00092045,19880621,PRCP,20,,,a,
ASN00092045,19880622,PRCP,0,,,a,
ASN00092045,19880623,PRCP,0,,,a,
ASN00092045,19880624,PRCP,0,,,a,
ASN00092045,19880625,PRCP,0,,,a,
ASN00092045,19880626,PRCP,0,,,a,
ASN00092045,19880627,PRCP,0,,,a,
ASN00092045,19880628,PRCP,58,,,a,
ASN00092045,19880629,PRCP,4,,,a,
ASN00092045,19880630,PRCP,0,,,a,
ASN00092045,19880628,TAVG,87,H,,S,
ASN00092045,19880629,TAVG,99,H,,S,
ASN00092045,19880630,TAVG,116,H,,S,
ASN00092045,19880701,TMAX,145,,,a,
ASN00092045,19880702,TMAX,144,,,a,
ASN00092045,19880703,TMAX,136,,,a,
ASN00092045,19880704,TMAX,140,,,a,
ASN00092045,19880705,TMAX,140,,,a,
ASN00092045,19880706,TMAX,142,,,a,
ASN00092045,19880707,TMAX,150,,,a,
ASN00092045,19880708,TMAX,141,,,a,
ASN00092045,19880709,TMAX,142,,,a,
ASN00092045,19880710,TMAX,123,,,a,
ASN00092045,19880711,TMAX,160,,,a,
ASN00092045,19880712,TMAX,162,,,a,
ASN00092045,19880713,TMAX,164,,,a,
ASN00092045,19880714,TMAX,153,,,a,
ASN00092045,19880715,TMAX,155,,,a,
ASN00092045,19880716,TMAX,137,,,a,
ASN00092045,19880717,TMAX,150,,,a,
ASN00092045,19880718,TMAX,156,,,a,
ASN00092045,19880719,TMAX,135,,,a,
ASN00092045,19880720,TMAX,118,,,a,
ASN00092045,19880721,TMAX,120,,,a,
ASN00092045,19880722,TMAX,120,,,a,
ASN00092045,19880723,TMAX,125,,,a,
ASN00092045,19880724,TMAX,132,,,a,
ASN00092045,19880725,TMAX,125,,,a,
ASN00092045,19880726,TMAX,115,,,a,
ASN00092045,19880727,TMAX,151,,,a,
ASN00092045,19880728,TMAX,155,,,a,
ASN00092045,19880729,TMAX,143,,,a,
ASN00092045,19880730,TMAX,147,,,a,
ASN00092045,19880731,TMAX,152,,,a,
ASN00092045,19880701,TMIN,82,,,a,
ASN00092045,19880702,TMIN,50,,,a,
ASN00092045,19880703,TMIN,66,,,a,
ASN00092045,19880704,TMIN,61,,,a,
ASN00092045,19880705,TMIN,85,,,a,
ASN00092045,19880706,TMIN,110,,,a,
ASN00092045,19880707,TMIN,132,,,a,
ASN00092045,19880708,TMIN,130,,,a,
ASN00092045,19880709,TMIN,123,,,a,
ASN00092045,19880710,TMIN,85,,,a,
ASN00092045,19880711,TMIN,82,,,a,
ASN00092045,19880712,TMIN,98,,,a,
ASN00092045,19880713,TMIN,112,,,a,
ASN00092045,19880714,TMIN,100,,,a,
ASN00092045,19880715,TMIN,105,,,a,
ASN00092045,19880716,TMIN,70,,,a,
ASN00092045,19880717,TMIN,90,,,a,
ASN00092045,19880718,TMIN,76,,,a,
ASN00092045,19880719,TMIN,90,,,a,
ASN00092045,19880720,TMIN,92,,,a,
ASN00092045,19880721,TMIN,90,,,a,
ASN00092045,19880722,TMIN,87,,,a,
ASN00092045,19880723,TMIN,76,,,a,
ASN00092045,19880724,TMIN,35,,,a,
ASN00092045,19880725,TMIN,80,,,a,
ASN00092045,19880726,TMIN,71,,,a,
ASN00092045,19880727,TMIN,46,,,a,
ASN00092045,19880728,TMIN,86,,,a,
ASN00092045,19880729,TMIN,95,,,a,
ASN00092045,19880730,TMIN,75,,,a,
ASN00092045,19880731,TMIN,90,,,a,
ASN00092045,19880701,PRCP,0,,,a,
ASN00092045,19880702,PRCP,0,,,a,
ASN00092045,19880703,PRCP,0,,,a,
ASN00092045,19880704,PRCP,0,,,a,
ASN00092045,19880705,PRCP,0,,,a,
ASN00092045,19880706,PRCP,0,,,a,
ASN00092045,19880707,PRCP,120,,,a,
ASN00092045,19880708,PRCP,158,,,a,
ASN00092045,19880709,PRCP,36,,,a,
ASN00092045,19880710,PRCP,32,,,a,
ASN00092045,19880711,PRCP,211,,,a,
ASN00092045,19880712,PRCP,4,,,a,
ASN00092045,19880713,PRCP,4,,,a,
ASN00092045,19880714,PRCP,2,,,a,
ASN00092045,19880715,PRCP,70,,,a,
ASN00092045,19880716,PRCP,0,,,a,
ASN00092045,19880717,PRCP,0,,,a,
ASN00092045,19880718,PRCP,0,,,a,
ASN00092045,19880719,PRCP,0,,,a,
ASN00092045,19880720,PRCP,6,,,a,
ASN00092045,19880721,PRCP,170,,,a,
ASN00092045,19880722,PRCP,158,,,a,
ASN00092045,19880723,PRCP,0,,,a,
ASN00092045,19880724,PRCP,0,,,a,
ASN00092045,19880725,PRCP,324,,,a,
ASN00092045,19880726,PRCP,200,,,a,
ASN00092045,19880727,PRCP,0,,,a,
ASN00092045,19880728,PRCP,0,,,a,
ASN00092045,19880729,PRCP,58,,,a,
ASN00092045,19880730,PRCP,0,,,a,
ASN00092045,19880731,PRCP,10,,,a,
ASN00092045,19880701,TAVG,80,H,,S,
ASN00092045,19880702,TAVG,91,H,,S,
ASN00092045,19880703,TAVG,90,H,,S,
ASN00092045,19880704,TAVG,116,H,,S,
ASN00092045,19880705,TAVG,129,H,,S,
ASN00092045,19880706,TAVG,136,H,,S,
ASN00092045,19880707,TAVG,138,H,,S,
ASN00092045,19880708,TAVG,131,H,,S,
ASN00092045,19880709,TAVG,110,H,,S,
ASN00092045,19880710,TAVG,107,H,,S,
ASN00092045,19880711,TAVG,121,H,,S,
ASN00092045,19880712,TAVG,123,H,,S,
ASN00092045,19880713,TAVG,139,H,,S,
ASN00092045,19880714,TAVG,132,H,,S,
ASN00092045,19880715,TAVG,99,H,,S,
ASN00092045,19880716,TAVG,118,H,,S,
ASN00092045,19880717,TAVG,104,H,,S,
ASN00092045,19880718,TAVG,123,H,,S,
ASN00092045,19880719,TAVG,117,H,,S,
ASN00092045,19880720,TAVG,101,H,,S,
ASN00092045,19880721,TAVG,97,H,,S,
ASN00092045,19880722,TAVG,96,H,,S,
ASN00092045,19880723,TAVG,78,H,,S,
ASN00092045,19880724,TAVG,110,H,,S,
ASN00092045,19880726,TAVG,72,H,,S,
ASN00092045,19880727,TAVG,123,H,,S,
ASN00092045,19880728,TAVG,117,H,,S,
ASN00092045,19880729,TAVG,99,H,,S,
ASN00092045,19880730,TAVG,119,H,,S,
ASN00092045,19880731,TAVG,116,H,,S,
ASN00092045,19880801,TMAX,152,,,a,
ASN00092045,19880802,TMAX,153,,,a,
ASN00092045,19880803,TMAX,143,,,a,
ASN00092045,19880804,TMAX,140,,,a,
ASN00092045,19880805,TMAX,133,,,a,
ASN00092045,19880806,TMAX,140,,,a,
ASN00092045,19880807,TMAX,143,,,a,
ASN00092045,19880808,TMAX,106,,,a,
ASN00092045,19880809,TMAX,144,,,a,
ASN00092045,19880810,TMAX,154,,,a,
ASN00092045,19880811,TMAX,142,,,a,
ASN00092045,19880812,TMAX,135,,,a,
ASN00092045,19880813,TMAX,145,,,a,
ASN00092045,19880814,TMAX,139,,,a,
ASN00092045,19880815,TMAX,164,,,a,
ASN00092045,19880816,TMAX,164,,,a,
ASN00092045,19880817,TMAX,168,,,a,
ASN00092045,19880818,TMAX,128,,,a,
ASN00092045,19880819,TMAX,161,,,a,
ASN00092045,19880820,TMAX,148,,,a,
ASN00092045,19880821,TMAX,132,,,a,
ASN00092045,19880822,TMAX,145,,,a,
ASN00092045,19880823,TMAX,126,,,a,
ASN00092045,19880824,TMAX,129,,,a,
ASN00092045,19880825,TMAX,138,,,a,
ASN00092045,19880826,TMAX,156,,,a,
ASN00092045,19880827,TMAX,152,,,a,
ASN00092045,19880828,TMAX,158,,,a,
ASN00092045,19880829,TMAX,165,,,a,
ASN00092045,19880830,TMAX,155,,,a,
ASN00092045,19880831,TMAX,145,,,a,
ASN00092045,19880802,TMIN,100,,,a,
ASN00092045,19880803,TMIN,102,,,a,
ASN00092045,19880804,TMIN,81,,,a,
ASN00092045,19880805,TMIN,90,,,a,
ASN00092045,19880806,TMIN,50,,,a,
ASN00092045,19880807,TMIN,65,,,a,
ASN00092045,19880808,TMIN,50,,,a,
ASN00092045,19880809,TMIN,40,,,a,
ASN00092045,19880810,TMIN,43,,,a,
ASN00092045,19880811,TMIN,80,,,a,
ASN00092045,19880812,TMIN,67,,,a,
ASN00092045,19880813,TMIN,76,,,a,
ASN00092045,19880814,TMIN,65,,,a,
ASN00092045,19880815,TMIN,76,,,a,
ASN00092045,19880816,TMIN,112,,,a,
ASN00092045,19880817,TMIN,102,,,a,
ASN00092045,19880818,TMIN,68,,,a,
ASN00092045,19880819,TMIN,77,,,a,
ASN00092045,19880820,TMIN,80,,,a,
ASN00092045,19880821,TMIN,70,,,a,
ASN00092045,19880822,TMIN,76,,,a,
ASN00092045,19880823,TMIN,72,,,a,
ASN00092045,19880824,TMIN,57,,,a,
ASN00092045,19880825,TMIN,62,,,a,
ASN00092045,19880826,TMIN,88,,,a,
ASN00092045,19880827,TMIN,82,,,a,
ASN00092045,19880828,TMIN,56,,,a,
ASN00092045,19880829,TMIN,84,,,a,
ASN00092045,19880830,TMIN,65,,,a,
ASN00092045,19880831,TMIN,102,,,a,
ASN00092045,19880801,PRCP,0,,,a,
ASN00092045,19880802,PRCP,0,,,a,
ASN00092045,19880803,PRCP,0,,,a,
ASN00092045,19880804,PRCP,34,,,a,
ASN00092045,19880805,PRCP,2,,,a,
ASN00092045,19880806,PRCP,26,,,a,
ASN00092045,19880807,PRCP,0,,,a,
ASN00092045,19880808,PRCP,2,,,a,
ASN00092045,19880809,PRCP,0,,,a,
ASN00092045,19880810,PRCP,0,,,a,
ASN00092045,19880811,PRCP,0,,,a,
ASN00092045,19880812,PRCP,0,,,a,
ASN00092045,19880813,PRCP,0,,,a,
ASN00092045,19880814,PRCP,0,,,a,
ASN00092045,19880815,PRCP,0,,,a,
ASN00092045,19880816,PRCP,30,,,a,
ASN00092045,19880817,PRCP,24,,,a,
ASN00092045,19880818,PRCP,0,,,a,
ASN00092045,19880819,PRCP,76,,,a,
ASN00092045,19880820,PRCP,2,,,a,
ASN00092045,19880821,PRCP,52,,,a,
ASN00092045,19880822,PRCP,88,,,a,
ASN00092045,19880823,PRCP,84,,,a,
ASN00092045,19880824,PRCP,0,,,a,
ASN00092045,19880825,PRCP,8,,,a,
ASN00092045,19880826,PRCP,44,,,a,
ASN00092045,19880827,PRCP,0,,,a,
ASN00092045,19880828,PRCP,0,,,a,
ASN00092045,19880829,PRCP,0,,,a,
ASN00092045,19880830,PRCP,0,,,a,
ASN00092045,19880831,PRCP,0,,,a,
ASN00092045,19880801,TAVG,118,H,,S,
ASN00092045,19880802,TAVG,121,H,,S,
ASN00092045,19880803,TAVG,114,H,,S,
ASN00092045,19880804,TAVG,113,H,,S,
ASN00092045,19880806,TAVG,98,H,,S,
ASN00092045,19880807,TAVG,89,H,,S,
ASN00092045,19880808,TAVG,68,H,,S,
ASN00092045,19880809,TAVG,111,H,,S,
ASN00092045,19880810,TAVG,108,H,,S,
ASN00092045,19880811,TAVG,104,H,,S,
ASN00092045,19880812,TAVG,101,H,,S,
ASN00092045,19880813,TAVG,108,H,,S,
ASN00092045,19880814,TAVG,108,H,,S,
ASN00092045,19880815,TAVG,135,H,,S,
ASN00092045,19880816,TAVG,122,H,,S,
ASN00092045,19880817,TAVG,118,H,,S,
ASN00092045,19880818,TAVG,105,H,,S,
ASN00092045,19880819,TAVG,100,H,,S,
ASN00092045,19880820,TAVG,104,H,,S,
ASN00092045,19880821,TAVG,103,H,,S,
ASN00092045,19880822,TAVG,96,H,,S,
ASN00092045,19880823,TAVG,93,H,,S,
ASN00092045,19880824,TAVG,93,H,,S,
ASN00092045,19880825,TAVG,113,H,,S,
ASN00092045,19880826,TAVG,108,H,,S,
ASN00092045,19880827,TAVG,104,H,,S,
ASN00092045,19880828,TAVG,111,H,,S,
ASN00092045,19880829,TAVG,119,H,,S,
ASN00092045,19880830,TAVG,122,H,,S,
ASN00092045,19880831,TAVG,129,H,,S,
ASN00092045,19880901,TMAX,145,,,a,
ASN00092045,19880902,TMAX,150,,,a,
ASN00092045,19880903,TMAX,158,,,a,
ASN00092045,19880904,TMAX,170,,,a,
ASN00092045,19880905,TMAX,151,,,a,
ASN00092045,19880906,TMAX,159,,,a,
ASN00092045,19880907,TMAX,135,,,a,
ASN00092045,19880908,TMAX,145,,,a,
ASN00092045,19880909,TMAX,192,,,a,
ASN00092045,19880910,TMAX,160,,,a,
ASN00092045,19880911,TMAX,156,,,a,
ASN00092045,19880912,TMAX,160,,,a,
ASN00092045,19880913,TMAX,131,,,a,
ASN00092045,19880914,TMAX,141,,,a,
ASN00092045,19880915,TMAX,155,,,a,
ASN00092045,19880916,TMAX,135,,,a,
ASN00092045,19880917,TMAX,141,,,a,
ASN00092045,19880918,TMAX,135,,,a,
ASN00092045,19880919,TMAX,126,,,a,
ASN00092045,19880920,TMAX,135,,,a,
ASN00092045,19880921,TMAX,155,,,a,
ASN00092045,19880922,TMAX,166,,,a,
ASN00092045,19880923,TMAX,222,,,a,
ASN00092045,19880924,TMAX,156,,,a,
ASN00092045,19880925,TMAX,155,,,a,
ASN00092045,19880926,TMAX,177,,,a,
ASN00092045,19880927,TMAX,156,,,a,
ASN00092045,19880928,TMAX,180,,,a,
ASN00092045,19880929,TMAX,167,,,a,
ASN00092045,19880930,TMAX,160,,,a,
ASN00092045,19880901,TMIN,125,,,a,
ASN00092045,19880902,TMIN,130,,,a,
ASN00092045,19880903,TMIN,115,,,a,
ASN00092045,19880904,TMIN,69,,,a,
ASN00092045,19880905,TMIN,90,,,a,
ASN00092045,19880906,TMIN,119,,,a,
ASN00092045,19880908,TMIN,95,,,a,
ASN00092045,19880909,TMIN,87,,,a,
ASN00092045,19880910,TMIN,115,,,a,
ASN00092045,19880911,TMIN,120,,,a,
ASN00092045,19880912,TMIN,95,,,a,
ASN00092045,19880913,TMIN,15,,,a,
ASN00092045,19880914,TMIN,84,,,a,
ASN00092045,19880915,TMIN,70,,,a,
ASN00092045,19880916,TMIN,122,,,a,
ASN00092045,19880917,TMIN,120,,,a,
ASN00092045,19880918,TMIN,117,,,a,
ASN00092045,19880919,TMIN,115,,,a,
ASN00092045,19880920,TMIN,88,,,a,
ASN00092045,19880921,TMIN,72,,,a,
ASN00092045,19880922,TMIN,95,,,a,
ASN00092045,19880923,TMIN,100,,,a,
ASN00092045,19880924,TMIN,90,,,a,
ASN00092045,19880925,TMIN,90,,,a,
ASN00092045,19880926,TMIN,116,,,a,
ASN00092045,19880927,TMIN,90,,,a,
ASN00092045,19880928,TMIN,128,,,a,
ASN00092045,19880929,TMIN,93,,,a,
ASN00092045,19880930,TMIN,75,,,a,
ASN00092045,19880901,PRCP,0,,,a,
ASN00092045,19880902,PRCP,0,,,a,
ASN00092045,19880903,PRCP,58,,,a,
ASN00092045,19880904,PRCP,0,,,a,
ASN00092045,19880905,PRCP,0,,,a,
ASN00092045,19880906,PRCP,2,,,a,
ASN00092045,19880907,PRCP,2,,,a,
ASN00092045,19880908,PRCP,0,,,a,
ASN00092045,19880909,PRCP,2,,,a,
ASN00092045,19880910,PRCP,0,,,a,
ASN00092045,19880911,PRCP,174,,,a,
ASN00092045,19880912,PRCP,24,,,a,
ASN00092045,19880913,PRCP,8,,,a,
ASN00092045,19880914,PRCP,0,,,a,
ASN00092045,19880915,PRCP,0,,,a,
ASN00092045,19880916,PRCP,0,,,a,
ASN00092045,19880917,PRCP,42,,,a,
ASN00092045,19880918,PRCP,204,,,a,
ASN00092045,19880919,PRCP,114,,,a,
ASN00092045,19880920,PRCP,6,,,a,
ASN00092045,19880921,PRCP,0,,,a,
ASN00092045,19880922,PRCP,0,,,a,
ASN00092045,19880923,PRCP,0,,,a,
ASN00092045,19880924,PRCP,0,,,a,
ASN00092045,19880925,PRCP,16,,,a,
ASN00092045,19880926,PRCP,6,,,a,
ASN00092045,19880927,PRCP,0,,,a,
ASN00092045,19880928,PRCP,14,,,a,
ASN00092045,19880929,PRCP,80,,,a,
ASN00092045,19880930,PRCP,2,,,a,
ASN00092045,19880901,TAVG,134,H,,S,
ASN00092045,19880902,TAVG,127,H,,S,
ASN00092045,19880903,TAVG,104,H,,S,
ASN00092045,19880904,TAVG,128,H,,S,
ASN00092045,19880905,TAVG,126,H,,S,
ASN00092045,19880906,TAVG,101,H,,S,
ASN00092045,19880907,TAVG,112,H,,S,
ASN00092045,19880908,TAVG,113,H,,S,
ASN00092045,19880909,TAVG,134,H,,S,
ASN00092045,19880910,TAVG,131,H,,S,
ASN00092045,19880911,TAVG,116,H,,S,
ASN00092045,19880912,TAVG,73,H,,S,
ASN00092045,19880913,TAVG,106,H,,S,
ASN00092045,19880914,TAVG,113,H,,S,
ASN00092045,19880915,TAVG,127,H,,S,
ASN00092045,19880916,TAVG,127,H,,S,
ASN00092045,19880917,TAVG,128,H,,S,
ASN00092045,19880918,TAVG,123,H,,S,
ASN00092045,19880919,TAVG,108,H,,S,
ASN00092045,19880920,TAVG,101,H,,S,
ASN00092045,19880921,TAVG,116,H,,S,
ASN00092045,19880922,TAVG,136,H,,S,
ASN00092045,19880923,TAVG,131,H,,S,
ASN00092045,19880924,TAVG,116,H,,S,
ASN00092045,19880925,TAVG,130,H,,S,
ASN00092045,19880926,TAVG,133,H,,S,
ASN00092045,19880927,TAVG,136,H,,S,
ASN00092045,19880928,TAVG,132,H,,S,
ASN00092045,19880929,TAVG,114,H,,S,
ASN00092045,19880930,TAVG,110,H,,S,
ASN00092045,19881001,TMAX,165,,,a,
ASN00092045,19881002,TMAX,165,,,a,
ASN00092045,19881003,TMAX,197,,,a,
ASN00092045,19881004,TMAX,156,,,a,
ASN00092045,19881005,TMAX,158,,,a,
ASN00092045,19881006,TMAX,145,,,a,
ASN00092045,19881007,TMAX,150,,,a,
ASN00092045,19881008,TMAX,170,,,a,
ASN00092045,19881009,TMAX,184,,,a,
ASN00092045,19881010,TMAX,137,,,a,
ASN00092045,19881011,TMAX,167,,,a,
ASN00092045,19881012,TMAX,172,,,a,
ASN00092045,19881013,TMAX,145,,,a,
ASN00092045,19881014,TMAX,178,,,a,
ASN00092045,19881015,TMAX,160,,,a,
ASN00092045,19881016,TMAX,168,,,a,
ASN00092045,19881017,TMAX,152,,,a,
ASN00092045,19881018,TMAX,175,,,a,
ASN00092045,19881019,TMAX,192,,,a,
ASN00092045,19881020,TMAX,154,,,a,
ASN00092045,19881021,TMAX,184,,,a,
ASN00092045,19881022,TMAX,160,,,a,
ASN00092045,19881023,TMAX,150,,,a,
ASN00092045,19881024,TMAX,175,,,a,
ASN00092045,19881025,TMAX,165,,,a,
ASN00092045,19881026,TMAX,200,,,a,
ASN00092045,19881027,TMAX,172,,,a,
ASN00092045,19881028,TMAX,169,,,a,
ASN00092045,19881029,TMAX,160,,,a,
ASN00092045,19881030,TMAX,177,,,a,
ASN00092045,19881031,TMAX,200,,,a,
ASN00092045,19881001,TMIN,95,,,a,
ASN00092045,19881002,TMIN,86,,,a,
ASN00092045,19881003,TMIN,124,,,a,
ASN00092045,19881004,TMIN,125,,,a,
ASN00092045,19881005,TMIN,96,,,a,
ASN00092045,19881006,TMIN,80,,,a,
ASN00092045,19881007,TMIN,65,,,a,
ASN00092045,19881008,TMIN,110,,,a,
ASN00092045,19881009,TMIN,88,,,a,
ASN00092045,19881010,TMIN,95,,,a,
ASN00092045,19881011,TMIN,75,,,a,
ASN00092045,19881012,TMIN,108,,,a,
ASN00092045,19881013,TMIN,62,,,a,
ASN00092045,19881014,TMIN,112,,,a,
ASN00092045,19881015,TMIN,73,,,a,
ASN00092045,19881016,TMIN,110,,,a,
ASN00092045,19881017,TMIN,87,,,a,
ASN00092045,19881018,TMIN,90,,,a,
ASN00092045,19881019,TMIN,100,,,a,
ASN00092045,19881020,TMIN,74,,,a,
ASN00092045,19881021,TMIN,126,,,a,
ASN00092045,19881022,TMIN,95,,,a,
ASN00092045,19881023,TMIN,100,,,a,
ASN00092045,19881024,TMIN,85,,,a,
ASN00092045,19881025,TMIN,88,,,a,
ASN00092045,19881026,TMIN,120,,,a,
ASN00092045,19881027,TMIN,92,,,a,
ASN00092045,19881028,TMIN,102,,,a,
ASN00092045,19881029,TMIN,107,,,a,
ASN00092045,19881030,TMIN,121,,,a,
ASN00092045,19881031,TMIN,116,,,a,
ASN00092045,19881001,PRCP,152,,,a,
ASN00092045,19881002,PRCP,10,,,a,
ASN00092045,19881003,PRCP,4,,,a,
ASN00092045,19881004,PRCP,0,,,a,
ASN00092045,19881005,PRCP,50,,,a,
ASN00092045,19881006,PRCP,126,,,a,
ASN00092045,19881007,PRCP,10,,,a,
ASN00092045,19881008,PRCP,0,,,a,
ASN00092045,19881009,PRCP,4,,,a,
ASN00092045,19881010,PRCP,86,,,a,
ASN00092045,19881011,PRCP,0,,,a,
ASN00092045,19881012,PRCP,70,,,a,
ASN00092045,19881013,PRCP,30,,,a,
ASN00092045,19881014,PRCP,0,,,a,
ASN00092045,19881015,PRCP,6,,,a,
ASN00092045,19881016,PRCP,0,,,a,
ASN00092045,19881017,PRCP,94,,,a,
ASN00092045,19881018,PRCP,0,,,a,
ASN00092045,19881019,PRCP,10,,,a,
ASN00092045,19881020,PRCP,0,,,a,
ASN00092045,19881021,PRCP,14,,,a,
ASN00092045,19881022,PRCP,42,,,a,
ASN00092045,19881023,PRCP,46,,,a,
ASN00092045,19881024,PRCP,78,,,a,
ASN00092045,19881025,PRCP,2,,,a,
ASN00092045,19881026,PRCP,0,,,a,
ASN00092045,19881027,PRCP,0,,,a,
ASN00092045,19881028,PRCP,0,,,a,
ASN00092045,19881029,PRCP,66,,,a,
ASN00092045,19881030,PRCP,10,,,a,
ASN00092045,19881031,PRCP,0,,,a,
ASN00092045,19881001,TAVG,125,H,,S,
ASN00092045,19881002,TAVG,136,H,,S,
ASN00092045,19881003,TAVG,154,H,,S,
ASN00092045,19881004,TAVG,129,H,,S,
ASN00092045,19881005,TAVG,104,H,,S,
ASN00092045,19881006,TAVG,106,H,,S,
ASN00092045,19881007,TAVG,129,H,,S,
ASN00092045,19881008,TAVG,115,H,,S,
ASN00092045,19881009,TAVG,129,H,,S,
ASN00092045,19881010,TAVG,110,H,,S,
ASN00092045,19881011,TAVG,128,H,,S,
ASN00092045,19881013,TAVG,127,H,,S,
ASN00092045,19881014,TAVG,101,H,,S,
ASN00092045,19881015,TAVG,126,H,,S,
ASN00092045,19881016,TAVG,106,H,,S,
ASN00092045,19881017,TAVG,116,H,,S,
ASN00092045,19881018,TAVG,132,H,,S,
ASN00092045,19881019,TAVG,129,H,,S,
ASN00092045,19881020,TAVG,136,H,,S,
ASN00092045,19881021,TAVG,141,H,,S,
ASN00092045,19881022,TAVG,118,H,,S,
ASN00092045,19881023,TAVG,111,H,,S,
ASN00092045,19881024,TAVG,128,H,,S,
ASN00092045,19881026,TAVG,138,H,,S,
ASN00092045,19881027,TAVG,136,H,,S,
ASN00092045,19881028,TAVG,129,H,,S,
ASN00092045,19881029,TAVG,134,H,,S,
ASN00092045,19881030,TAVG,143,H,,S,
ASN00092045,19881031,TAVG,143,H,,S,
ASN00092045,19881101,TMAX,175,,,a,
ASN00092045,19881102,TMAX,223,,,a,
ASN00092045,19881103,TMAX,196,,,a,
ASN00092045,19881104,TMAX,187,,,a,
ASN00092045,19881105,TMAX,155,,,a,
ASN00092045,19881106,TMAX,144,,,a,
ASN00092045,19881107,TMAX,176,,,a,
ASN00092045,19881108,TMAX,196,,,a,
ASN00092045,19881109,TMAX,180,,,a,
ASN00092045,19881110,TMAX,185,,,a,
ASN00092045,19881111,TMAX,166,,,a,
ASN00092045,19881112,TMAX,170,,,a,
ASN00092045,19881113,TMAX,188,,,a,
ASN00092045,19881114,TMAX,174,,,a,
ASN00092045,19881115,TMAX,122,,,a,
ASN00092045,19881116,TMAX,140,,,a,
ASN00092045,19881117,TMAX,141,,,a,
ASN00092045,19881118,TMAX,163,,,a,
ASN00092045,19881119,TMAX,153,,,a,
ASN00092045,19881120,TMAX,162,,,a,
ASN00092045,19881121,TMAX,172,,,a,
ASN00092045,19881122,TMAX,150,,,a,
ASN00092045,19881123,TMAX,178,,,a,
ASN00092045,19881124,TMAX,165,,,a,
ASN00092045,19881125,TMAX,188,,,a,
ASN00092045,19881126,TMAX,162,,,a,
ASN00092045,19881127,TMAX,160,,,a,
ASN00092045,19881128,TMAX,182,,,a,
ASN00092045,19881129,TMAX,186,,,a,
ASN00092045,19881130,TMAX,192,,,a,
ASN00092045,19881101,TMIN,119,,,a,
ASN00092045,19881102,TMIN,117,,,a,
ASN00092045,19881103,TMIN,130,,,a,
ASN00092045,19881104,TMIN,105,,,a,
ASN00092045,19881105,TMIN,110,,,a,
ASN00092045,19881106,TMIN,90,,,a,
ASN00092045,19881107,TMIN,115,,,a,
ASN00092045,19881108,TMIN,136,,,a,
ASN00092045,19881109,TMIN,130,,,a,
ASN00092045,19881110,TMIN,90,,,a,
ASN00092045,19881111,TMIN,86,,,a,
ASN00092045,19881112,TMIN,95,,,a,
ASN00092045,19881113,TMIN,135,,,a,
ASN00092045,19881114,TMIN,135,,,a,
ASN00092045,19881115,TMIN,94,,,a,
ASN00092045,19881116,TMIN,101,,,a,
ASN00092045,19881117,TMIN,105,,,a,
ASN00092045,19881118,TMIN,115,,,a,
ASN00092045,19881119,TMIN,108,,,a,
ASN00092045,19881120,TMIN,120,,,a,
ASN00092045,19881121,TMIN,138,,,a,
ASN00092045,19881122,TMIN,139,,,a,
ASN00092045,19881123,TMIN,130,,,a,
ASN00092045,19881124,TMIN,136,,,a,
ASN00092045,19881125,TMIN,135,,,a,
ASN00092045,19881127,TMIN,110,,,a,
ASN00092045,19881128,TMIN,114,,,a,
ASN00092045,19881129,TMIN,98,,,a,
ASN00092045,19881130,TMIN,113,,,a,
ASN00092045,19881101,PRCP,0,,,a,
ASN00092045,19881102,PRCP,0,,,a,
ASN00092045,19881103,PRCP,0,,,a,
ASN00092045,19881104,PRCP,0,,,a,
ASN00092045,19881105,PRCP,20,,,a,
ASN00092045,19881106,PRCP,12,,,a,
ASN00092045,19881107,PRCP,0,,,a,
ASN00092045,19881108,PRCP,6,,,a,
ASN00092045,19881109,PRCP,2,,,a,
ASN00092045,19881110,PRCP,0,,,a,
ASN00092045,19881111,PRCP,4,,,a,
ASN00092045,19881112,PRCP,0,,,a,
ASN00092045,19881113,PRCP,2,,,a,
ASN00092045,19881114,PRCP,0,,,a,
ASN00092045,19881115,PRCP,64,,,a,
ASN00092045,19881116,PRCP,38,,,a,
ASN00092045,19881117,PRCP,12,,,a,
ASN00092045,19881118,PRCP,0,,,a,
ASN00092045,19881119,PRCP,0,,,a,
ASN00092045,19881120,PRCP,0,,,a,
ASN00092045,19881121,PRCP,5,,,a,
ASN00092045,19881122,PRCP,98,,,a,
ASN00092045,19881123,PRCP,180,,,a,
ASN00092045,19881124,PRCP,30,,,a,
ASN00092045,19881125,PRCP,280,,,a,
ASN00092045,19881126,PRCP,100,,,a,
ASN00092045,19881127,PRCP,0,,,a,
ASN00092045,19881128,PRCP,22,,,a,
ASN00092045,19881129,PRCP,0,,,a,
ASN00092045,19881130,PRCP,0,,,a,
ASN00092045,19881101,TAVG,142,H,,S,
ASN00092045,19881102,TAVG,164,H,,S,
ASN00092045,19881103,TAVG,149,H,,S,
ASN00092045,19881104,TAVG,133,H,,S,
ASN00092045,19881105,TAVG,109,H,,S,
ASN00092045,19881106,TAVG,127,H,,S,
ASN00092045,19881107,TAVG,146,H,,S,
ASN00092045,19881108,TAVG,158,H,,S,
ASN00092045,19881109,TAVG,122,H,,S,
ASN00092045,19881110,TAVG,125,H,,S,
ASN00092045,19881111,TAVG,121,H,,S,
ASN00092045,19881112,TAVG,136,H,,S,
ASN00092045,19881113,TAVG,151,H,,S,
ASN00092045,19881114,TAVG,115,H,,S,
ASN00092045,19881115,TAVG,109,H,,S,
ASN00092045,19881116,TAVG,123,H,,S,
ASN00092045,19881117,TAVG,125,H,,S,
ASN00092045,19881118,TAVG,129,H,,S,
ASN00092045,19881119,TAVG,133,H,,S,
ASN00092045,19881120,TAVG,147,H,,S,
ASN00092045,19881121,TAVG,148,H,,S,
ASN00092045,19881122,TAVG,141,H,,S,
ASN00092045,19881124,TAVG,144,H,,S,
ASN00092045,19881126,TAVG,120,H,,S,
ASN00092045,19881127,TAVG,128,H,,S,
ASN00092045,19881128,TAVG,141,H,,S,
ASN00092045,19881129,TAVG,132,H,,S,
ASN00092045,19881130,TAVG,131,H,,S,
ASN00092045,19881201,TMAX,200,,,a,
ASN00092045,19881202,TMAX,172,,,a,
ASN00092045,19881203,TMAX,181,,,a,
ASN00092045,19881204,TMAX,188,,,a,
ASN00092045,19881205,TMAX,193,,,a,
ASN00092045,19881206,TMAX,200,,,a,
ASN00092045,19881207,TMAX,165,,,a,
ASN00092045,19881208,TMAX,175,,,a,
ASN00092045,19881209,TMAX,237,,,a,
ASN00092045,19881210,TMAX,188,,,a,
ASN00092045,19881211,TMAX,195,,,a,
ASN00092045,19881212,TMAX,194,,,a,
ASN00092045,19881213,TMAX,216,,,a,
ASN00092045,19881214,TMAX,183,,,a,
ASN00092045,19881215,TMAX,198,,,a,
ASN00092045,19881216,TMAX,190,,,a,
ASN00092045,19881217,TMAX,210,,,a,
ASN00092045,19881218,TMAX,185,,,a,
ASN00092045,19881219,TMAX,185,,,a,
ASN00092045,19881220,TMAX,193,,,a,
ASN00092045,19881221,TMAX,221,,,a,
ASN00092045,19881222,TMAX,206,,,a,
ASN00092045,19881223,TMAX,205,,,a,
ASN00092045,19881224,TMAX,210,,,a,
ASN00092045,19881225,TMAX,206,,,a,
ASN00092045,19881226,TMAX,175,,,a,
ASN00092045,19881227,TMAX,162,,,a,
ASN00092045,19881228,TMAX,190,,,a,
ASN00092045,19881229,TMAX,206,,,a,
ASN00092045,19881230,TMAX,200,,,a,
ASN00092045,19881231,TMAX,200,,,a,
ASN00092045,19881201,TMIN,104,,,a,
ASN00092045,19881202,TMIN,100,,,a,
ASN00092045,19881203,TMIN,148,,,a,
ASN00092045,19881204,TMIN,155,,,a,
ASN00092045,19881205,TMIN,140,,,a,
ASN00092045,19881206,TMIN,100,,,a,
ASN00092045,19881207,TMIN,96,,,a,
ASN00092045,19881208,TMIN,116,,,a,
ASN00092045,19881209,TMIN,150,,,a,
ASN00092045,19881210,TMIN,154,,,a,
ASN00092045,19881211,TMIN,129,,,a,
ASN00092045,19881212,TMIN,70,,,a,
ASN00092045,19881213,TMIN,135,,,a,
ASN00092045,19881214,TMIN,140,,,a,
ASN00092045,19881215,TMIN,132,,,a,
ASN00092045,19881216,TMIN,159,,,a,
ASN00092045,19881217,TMIN,158,,,a,
ASN00092045,19881218,TMIN,145,,,a,
ASN00092045,19881219,TMIN,145,,,a,
ASN00092045,19881220,TMIN,130,,,a,
ASN00092045,19881221,TMIN,126,,,a,
ASN00092045,19881222,TMIN,124,,,a,
ASN00092045,19881223,TMIN,127,,,a,
ASN00092045,19881224,TMIN,130,,,a,
ASN00092045,19881225,TMIN,163,,,a,
ASN00092045,19881226,TMIN,145,,,a,
ASN00092045,19881227,TMIN,80,,,a,
ASN00092045,19881228,TMIN,96,,,a,
ASN00092045,19881229,TMIN,114,,,a,
ASN00092045,19881230,TMIN,133,,,a,
ASN00092045,19881231,TMIN,140,,,a,
ASN00092045,19881201,PRCP,0,,,a,
ASN00092045,19881202,PRCP,94,,,a,
ASN00092045,19881203,PRCP,4,,,a,
ASN00092045,19881204,PRCP,84,,,a,
ASN00092045,19881205,PRCP,118,,,a,
ASN00092045,19881206,PRCP,0,,,a,
ASN00092045,19881207,PRCP,0,,,a,
ASN00092045,19881208,PRCP,0,,,a,
ASN00092045,19881209,PRCP,10,,,a,
ASN00092045,19881210,PRCP,0,,,a,
ASN00092045,19881211,PRCP,22,,,a,
ASN00092045,19881212,PRCP,22,,,a,
ASN00092045,19881213,PRCP,0,,,a,
ASN00092045,19881214,PRCP,0,,,a,
ASN00092045,19881215,PRCP,0,,,a,
ASN00092045,19881216,PRCP,0,,,a,
ASN00092045,19881217,PRCP,6,,,a,
ASN00092045,19881218,PRCP,32,,,a,
ASN00092045,19881219,PRCP,6,,,a,
ASN00092045,19881220,PRCP,0,,,a,
ASN00092045,19881221,PRCP,0,,,a,
ASN00092045,19881222,PRCP,0,,,a,
ASN00092045,19881223,PRCP,0,,,a,
ASN00092045,19881224,PRCP,0,,,a,
ASN00092045,19881225,PRCP,8,,,a,
ASN00092045,19881226,PRCP,48,,,a,
ASN00092045,19881227,PRCP,76,,,a,
ASN00092045,19881228,PRCP,67,,,a,
ASN00092045,19881229,PRCP,0,,,a,
ASN00092045,19881230,PRCP,0,,,a,
ASN00092045,19881231,PRCP,0,,,a,
ASN00092045,19881201,TAVG,149,H,,S,
ASN00092045,19881202,TAVG,152,H,,S,
ASN00092045,19881203,TAVG,163,H,,S,
ASN00092045,19881204,TAVG,152,H,,S,
ASN00092045,19881205,TAVG,156,H,,S,
ASN00092045,19881206,TAVG,149,H,,S,
ASN00092045,19881207,TAVG,139,H,,S,
ASN00092045,19881208,TAVG,158,H,,S,
ASN00092045,19881209,TAVG,173,H,,S,
ASN00092045,19881210,TAVG,157,H,,S,
ASN00092045,19881211,TAVG,136,H,,S,
ASN00092045,19881212,TAVG,167,H,,S,
ASN00092045,19881213,TAVG,173,H,,S,
ASN00092045,19881214,TAVG,159,H,,S,
ASN00092045,19881215,TAVG,174,H,,S,
ASN00092045,19881216,TAVG,168,H,,S,
ASN00092045,19881218,TAVG,154,H,,S,
ASN00092045,19881219,TAVG,158,H,,S,
ASN00092045,19881220,TAVG,164,H,,S,
ASN00092045,19881221,TAVG,174,H,,S,
ASN00092045,19881222,TAVG,166,H,,S,
ASN00092045,19881223,TAVG,149,H,,S,
ASN00092045,19881224,TAVG,182,H,,S,
ASN00092045,19881225,TAVG,168,H,,S,
ASN00092045,19881226,TAVG,134,H,,S,
ASN00092045,19881227,TAVG,126,H,,S,
ASN00092045,19881228,TAVG,151,H,,S,
ASN00092045,19881229,TAVG,172,H,,S,
ASN00092045,19881230,TAVG,168,H,,S,
ASN00092045,19881231,TAVG,169,H,,S,
ASN00092045,19890101,TMAX,210,,,a,
ASN00092045,19890102,TMAX,201,,,a,
ASN00092045,19890103,TMAX,205,,,a,
ASN00092045,19890104,TMAX,201,,,a,
ASN00092045,19890105,TMAX,203,,,a,
ASN00092045,19890106,TMAX,200,,,a,
ASN00092045,19890107,TMAX,200,,,a,
ASN00092045,19890108,TMAX,195,,,a,
ASN00092045,19890109,TMAX,195,,,a,
ASN00092045,19890110,TMAX,205,,,a,
ASN00092045,19890111,TMAX,210,,,a,
ASN00092045,19890112,TMAX,189,,,a,
ASN00092045,19890113,TMAX,190,,,a,
ASN00092045,19890114,TMAX,188,,,a,
ASN00092045,19890115,TMAX,218,,,a,
ASN00092045,19890116,TMAX,213,,,a,
ASN00092045,19890117,TMAX,214,,,a,
ASN00092045,19890118,TMAX,173,,,a,
ASN00092045,19890119,TMAX,220,,,a,
ASN00092045,19890120,TMAX,212,,,a,
ASN00092045,19890121,TMAX,195,,,a,
ASN00092045,19890122,TMAX,186,,,a,
ASN00092045,19890123,TMAX,195,,,a,
ASN00092045,19890124,TMAX,197,,,a,
ASN00092045,19890125,TMAX,206,,,a,
ASN00092045,19890126,TMAX,216,,,a,
ASN00092045,19890127,TMAX,210,,,a,
ASN00092045,19890128,TMAX,220,,,a,
ASN00092045,19890129,TMAX,220,,,a,
ASN00092045,19890130,TMAX,210,,,a,
ASN00092045,19890131,TMAX,197,,,a,
ASN00092045,19890101,TMIN,152,,,a,
ASN00092045,19890102,TMIN,155,,,a,
ASN00092045,19890103,TMIN,170,,,a,
ASN00092045,19890104,TMIN,172,,,a,
ASN00092045,19890106,TMIN,130,,,a,
ASN00092045,19890107,TMIN,123,,,a,
ASN00092045,19890108,TMIN,145,,,a,
ASN00092045,19890109,TMIN,155,,,a,
ASN00092045,19890110,TMIN,130,,,a,
ASN00092045,19890111,TMIN,113,,,a,
ASN00092045,19890112,TMIN,130,,,a,
ASN00092045,19890113,TMIN,131,,,a,
ASN00092045,19890114,TMIN,148,,,a,
ASN00092045,19890115,TMIN,155,,,a,
ASN00092045,19890116,TMIN,165,,,a,
ASN00092045,19890117,TMIN,170,,,a,
ASN00092045,19890118,TMIN,148,,,a,
ASN00092045,19890119,TMIN,134,,,a,
ASN00092045,19890120,TMIN,135,,,a,
ASN00092045,19890121,TMIN,127,,,a,
ASN00092045,19890122,TMIN,125,,,a,
ASN00092045,19890123,TMIN,126,,,a,
ASN00092045,19890124,TMIN,133,,,a,
ASN00092045,19890125,TMIN,155,,,a,
ASN00092045,19890126,TMIN,135,,,a,
ASN00092045,19890127,TMIN,134,,,a,
ASN00092045,19890128,TMIN,145,,,a,
ASN00092045,19890129,TMIN,174,,,a,
ASN00092045,19890130,TMIN,173,,,a,
ASN00092045,19890131,TMIN,153,,,a,
ASN00092045,19890101,PRCP,0,,,a,
ASN00092045,19890102,PRCP,0,,,a,
ASN00092045,19890103,PRCP,0,,,a,
ASN00092045,19890104,PRCP,0,,,a,
ASN00092045,19890105,PRCP,26,,,a,
ASN00092045,19890106,PRCP,0,,,a,
ASN00092045,19890107,PRCP,0,,,a,
ASN00092045,19890108,PRCP,0,,,a,
ASN00092045,19890109,PRCP,0,,,a,
ASN00092045,19890110,PRCP,52,,,a,
ASN00092045,19890111,PRCP,0,,,a,
ASN00092045,19890112,PRCP,10,,,a,
ASN00092045,19890113,PRCP,0,,,a,
ASN00092045,19890114,PRCP,0,,,a,
ASN00092045,19890115,PRCP,0,,,a,
ASN00092045,19890116,PRCP,0,,,a,
ASN00092045,19890117,PRCP,0,,,a,
ASN00092045,19890118,PRCP,16,,,a,
ASN00092045,19890119,PRCP,140,,,a,
ASN00092045,19890120,PRCP,0,,,a,
ASN00092045,19890121,PRCP,0,,,a,
ASN00092045,19890122,PRCP,0,,,a,
ASN00092045,19890123,PRCP,0,,,a,
ASN00092045,19890124,PRCP,0,,,a,
ASN00092045,19890125,PRCP,0,,,a,
ASN00092045,19890126,PRCP,0,,,a,
ASN00092045,19890127,PRCP,0,,,a,
ASN00092045,19890128,PRCP,2,,,a,
ASN00092045,19890129,PRCP,0,,,a,
ASN00092045,19890130,PRCP,0,,,a,
ASN00092045,19890131,PRCP,4,,,a,
ASN00092045,19890101,TAVG,176,H,,S,
ASN00092045,19890102,TAVG,179,H,,S,
ASN00092045,19890103,TAVG,183,H,,S,
ASN00092045,19890104,TAVG,178,H,,S,
ASN00092045,19890105,TAVG,159,H,,S,
ASN00092045,19890106,TAVG,156,H,,S,
ASN00092045,19890107,TAVG,169,H,,S,
ASN00092045,19890108,TAVG,176,H,,S,
ASN00092045,19890109,TAVG,164,H,,S,
ASN00092045,19890110,TAVG,172,H,,S,
ASN00092045,19890111,TAVG,162,H,,S,
ASN00092045,19890112,TAVG,155,H,,S,
ASN00092045,19890113,TAVG,162,H,,S,
ASN00092045,19890114,TAVG,166,H,,S,
ASN00092045,19890115,TAVG,182,H,,S,
ASN00092045,19890116,TAVG,182,H,,S,
ASN00092045,19890117,TAVG,169,H,,S,
ASN00092045,19890118,TAVG,162,H,,S,
ASN00092045,19890119,TAVG,162,H,,S,
ASN00092045,19890120,TAVG,158,H,,S,
ASN00092045,19890121,TAVG,157,H,,S,
ASN00092045,19890122,TAVG,157,H,,S,
ASN00092045,19890123,TAVG,162,H,,S,
ASN00092045,19890124,TAVG,174,H,,S,
ASN00092045,19890125,TAVG,178,H,,S,
ASN00092045,19890126,TAVG,172,H,,S,
ASN00092045,19890127,TAVG,183,H,,S,
ASN00092045,19890128,TAVG,195,H,,S,
ASN00092045,19890129,TAVG,193,H,,S,
ASN00092045,19890130,TAVG,176,H,,S,
ASN00092045,19890131,TAVG,161,H,,S,
ASN00092045,19890201,TMAX,195,,,a,
ASN00092045,19890202,TMAX,206,,,a,
ASN00092045,19890203,TMAX,200,,,a,
ASN00092045,19890204,TMAX,200,,,a,
ASN00092045,19890205,TMAX,190,,,a,
ASN00092045,19890206,TMAX,198,,,a,
ASN00092045,19890207,TMAX,208,,,a,
ASN00092045,19890208,TMAX,222,,,a,
ASN00092045,19890209,TMAX,225,,,a,
ASN00092045,19890210,TMAX,225,,,a,
ASN00092045,19890211,TMAX,232,,,a,
ASN00092045,19890212,TMAX,240,,,a,
ASN00092045,19890213,TMAX,235,,,a,
ASN00092045,19890214,TMAX,195,,,a,
ASN00092045,19890215,TMAX,210,,,a,
ASN00092045,19890216,TMAX,230,,,a,
ASN00092045,19890217,TMAX,227,,,a,
ASN00092045,19890218,TMAX,275,,,a,
ASN00092045,19890219,TMAX,217,,,a,
ASN00092045,19890220,TMAX,191,,,a,
ASN00092045,19890221,TMAX,223,,,a,
ASN00092045,19890222,TMAX,206,,,a,
ASN00092045,19890223,TMAX,237,,,a,
ASN00092045,19890224,TMAX,217,,,a,
ASN00092045,19890225,TMAX,187,,,a,
ASN00092045,19890226,TMAX,200,,,a,
ASN00092045,19890227,TMAX,209,,,a,
ASN00092045,19890228,TMAX,230,,,a,
ASN00092045,19890201,TMIN,142,,,a,
ASN00092045,19890202,TMIN,150,,,a,
ASN00092045,19890203,TMIN,156,,,a,
ASN00092045,19890204,TMIN,145,,,a,
ASN00092045,19890205,TMIN,150,,,a,
ASN00092045,19890206,TMIN,150,,,a,
ASN00092045,19890207,TMIN,154,,,a,
ASN00092045,19890208,TMIN,178,,,a,
ASN00092045,19890209,TMIN,180,,,a,
ASN00092045,19890210,TMIN,100,,,a,
ASN00092045,19890211,TMIN,145,,,a,
ASN00092045,19890212,TMIN,160,,,a,
ASN00092045,19890213,TMIN,145,,,a,
ASN00092045,19890214,TMIN,172,,,a,
ASN00092045,19890215,TMIN,172,,,a,
ASN00092045,19890216,TMIN,172,,,a,
ASN00092045,19890217,TMIN,180,,,a,
ASN00092045,19890218,TMIN,185,,,a,
ASN00092045,19890219,TMIN,141,,,a,
ASN00092045,19890220,TMIN,135,,,a,
ASN00092045,19890221,TMIN,136,,,a,
ASN00092045,19890222,TMIN,148,,,a,
ASN00092045,19890223,TMIN,132,,,a,
ASN00092045,19890224,TMIN,150,,,a,
ASN00092045,19890225,TMIN,173,,,a,
ASN00092045,19890226,TMIN,150,,,a,
ASN00092045,19890227,TMIN,163,,,a,
ASN00092045,19890228,TMIN,183,,,a,
ASN00092045,19890201,PRCP,6,,,a,
ASN00092045,19890202,PRCP,0,,,a,
ASN00092045,19890203,PRCP,0,,,a,
ASN00092045,19890204,PRCP,0,,,a,
ASN00092045,19890205,PRCP,2,,,a,
ASN00092045,19890206,PRCP,0,,,a,
ASN00092045,19890207,PRCP,0,,,a,
ASN00092045,19890208,PRCP,0,,,a,
ASN00092045,19890209,PRCP,32,,,a,
ASN00092045,19890210,PRCP,60,,,a,
ASN00092045,19890211,PRCP,0,,,a,
ASN00092045,19890212,PRCP,0,,,a,
ASN00092045,19890213,PRCP,0,,,a,
ASN00092045,19890214,PRCP,4,,,a,
ASN00092045,19890215,PRCP,18,,,a,
ASN00092045,19890216,PRCP,354,,,a,
ASN00092045,19890217,PRCP,52,,,a,
ASN00092045,19890218,PRCP,0,,,a,
ASN00092045,19890219,PRCP,20,,,a,
ASN00092045,19890220,PRCP,64,,,a,
ASN00092045,19890221,PRCP,0,,,a,
ASN00092045,19890222,PRCP,0,,,a,
ASN00092045,19890223,PRCP,0,,,a,
ASN00092045,19890224,PRCP,0,,,a,
ASN00092045,19890225,PRCP,0,,,a,
ASN00092045,19890226,PRCP,0,,,a,
ASN00092045,19890227,PRCP,0,,,a,
ASN00092045,19890228,PRCP,0,,,a,
ASN00092045,19890201,TAVG,165,H,,S,
ASN00092045,19890202,TAVG,173,H,,S,
ASN00092045,19890203,TAVG,163,H,,S,
ASN00092045,19890204,TAVG,165,H,,S,
ASN00092045,19890205,TAVG,160,H,,S,
ASN00092045,19890206,TAVG,171,H,,S,
ASN00092045,19890207,TAVG,189,H,,S,
ASN00092045,19890208,TAVG,199,H,,S,
ASN00092045,19890209,TAVG,182,H,,S,
ASN00092045,19890210,TAVG,178,H,,S,
ASN00092045,19890211,TAVG,191,H,,S,
ASN00092045,19890212,TAVG,198,H,,S,
ASN00092045,19890213,TAVG,197,H,,S,
ASN00092045,19890214,TAVG,182,H,,S,
ASN00092045,19890215,TAVG,186,H,,S,
ASN00092045,19890216,TAVG,195,H,,S,
ASN00092045,19890217,TAVG,193,H,,S,
ASN00092045,19890218,TAVG,183,H,,S,
ASN00092045,19890219,TAVG,171,H,,S,
ASN00092045,19890220,TAVG,162,H,,S,
ASN00092045,19890221,TAVG,173,H,,S,
ASN00092045,19890222,TAVG,167,H,,S,
ASN00092045,19890223,TAVG,188,H,,S,
ASN00092045,19890224,TAVG,192,H,,S,
ASN00092045,19890225,TAVG,162,H,,S,
ASN00092045,19890226,TAVG,179,H,,S,
ASN00092045,19890227,TAVG,189,H,,S,
ASN00092045,19890228,TAVG,198,H,,S,
ASN00092045,19890301,TMAX,228,,,a,
ASN00092045,19890302,TMAX,228,,,a,
ASN00092045,19890303,TMAX,238,,,a,
ASN00092045,19890304,TMAX,220,,,a,
ASN00092045,19890305,TMAX,238,,,a,
ASN00092045,19890306,TMAX,223,,,a,
ASN00092045,19890307,TMAX,237,,,a,
ASN00092045,19890308,TMAX,220,,,a,
ASN00092045,19890309,TMAX,245,,,a,
ASN00092045,19890310,TMAX,165,,,a,
ASN00092045,19890311,TMAX,200,,,a,
ASN00092045,19890312,TMAX,196,,,a,
ASN00092045,19890313,TMAX,226,,,a,
ASN00092045,19890314,TMAX,195,,,a,
ASN00092045,19890315,TMAX,225,,,a,
ASN00092045,19890316,TMAX,190,,,a,
ASN00092045,19890317,TMAX,215,,,a,
ASN00092045,19890318,TMAX,200,,,a,
ASN00092045,19890319,TMAX,205,,,a,
ASN00092045,19890320,TMAX,199,,,a,
ASN00092045,19890321,TMAX,181,,,a,
ASN00092045,19890322,TMAX,203,,,a,
ASN00092045,19890323,TMAX,187,,,a,
ASN00092045,19890324,TMAX,182,,,a,
ASN00092045,19890325,TMAX,186,,,a,
ASN00092045,19890326,TMAX,187,,,a,
ASN00092045,19890327,TMAX,209,,,a,
ASN00092045,19890328,TMAX,202,,,a,
ASN00092045,19890329,TMAX,180,,,a,
ASN00092045,19890330,TMAX,194,,,a,
ASN00092045,19890331,TMAX,204,,,a,
ASN00092045,19890301,TMIN,178,,,a,
ASN00092045,19890302,TMIN,188,,,a,
ASN00092045,19890303,TMIN,180,,,a,
ASN00092045,19890304,TMIN,186,,,a,
ASN00092045,19890305,TMIN,180,,,a,
ASN00092045,19890306,TMIN,150,,,a,
ASN00092045,19890307,TMIN,170,,,a,
ASN00092045,19890308,TMIN,150,,,a,
ASN00092045,19890309,TMIN,180,,,a,
ASN00092045,19890310,TMIN,144,,,a,
ASN00092045,19890311,TMIN,142,,,a,
ASN00092045,19890312,TMIN,155,,,a,
ASN00092045,19890313,TMIN,140,,,a,
ASN00092045,19890314,TMIN,151,,,a,
ASN00092045,19890315,TMIN,127,,,a,
ASN00092045,19890316,TMIN,123,,,a,
ASN00092045,19890317,TMIN,102,,,a,
ASN00092045,19890318,TMIN,124,,,a,
ASN00092045,19890319,TMIN,155,,,a,
ASN00092045,19890320,TMIN,160,,,a,
ASN00092045,19890321,TMIN,155,,,a,
ASN00092045,19890322,TMIN,155,,,a,
ASN00092045,19890323,TMIN,150,,,a,
ASN00092045,19890325,TMIN,100,,,a,
ASN00092045,19890326,TMIN,107,,,a,
ASN00092045,19890327,TMIN,122,,,a,
ASN00092045,19890328,TMIN,113,,,a,
ASN00092045,19890329,TMIN,130,,,a,
ASN00092045,19890330,TMIN,112,,,a,
ASN00092045,19890331,TMIN,155,,,a,
ASN00092045,19890301,PRCP,4,,,a,
ASN00092045,19890302,PRCP,0,,,a,
ASN00092045,19890303,PRCP,0,,,a,
ASN00092045,19890304,PRCP,0,,,a,
ASN00092045,19890305,PRCP,0,,,a,
ASN00092045,19890306,PRCP,0,,,a,
ASN00092045,19890307,PRCP,0,,,a,
ASN00092045,19890308,PRCP,0,,,a,
ASN00092045,19890309,PRCP,8,,,a,
ASN00092045,19890310,PRCP,104,,,a,
ASN00092045,19890311,PRCP,282,,,a,
ASN00092045,19890312,PRCP,22,,,a,
ASN00092045,19890313,PRCP,86,,,a,
ASN00092045,19890314,PRCP,14,,,a,
ASN00092045,19890315,PRCP,2,,,a,
ASN00092045,19890316,PRCP,0,,,a,
ASN00092045,19890317,PRCP,0,,,a,
ASN00092045,19890318,PRCP,0,,,a,
ASN00092045,19890319,PRCP,0,,,a,
ASN00092045,19890320,PRCP,0,,,a,
ASN00092045,19890321,PRCP,70,,,a,
ASN00092045,19890322,PRCP,100,,,a,
ASN00092045,19890323,PRCP,0,,,a,
ASN00092045,19890324,PRCP,0,,,a,
ASN00092045,19890325,PRCP,0,,,a,
ASN00092045,19890326,PRCP,0,,,a,
ASN00092045,19890327,PRCP,0,,,a,
ASN00092045,19890328,PRCP,6,,,a,
ASN00092045,19890329,PRCP,26,,,a,
ASN00092045,19890330,PRCP,14,,,a,
ASN00092045,19890331,PRCP,46,,,a,
ASN00092045,19890301,TAVG,201,H,,S,
ASN00092045,19890302,TAVG,196,H,,S,
ASN00092045,19890303,TAVG,202,H,,S,
ASN00092045,19890304,TAVG,198,H,,S,
ASN00092045,19890305,TAVG,189,H,,S,
ASN00092045,19890306,TAVG,182,H,,S,
ASN00092045,19890307,TAVG,191,H,,S,
ASN00092045,19890308,TAVG,197,H,,S,
ASN00092045,19890309,TAVG,187,H,,S,
ASN00092045,19890310,TAVG,149,H,,S,
ASN00092045,19890311,TAVG,174,H,,S,
ASN00092045,19890312,TAVG,173,H,,S,
ASN00092045,19890313,TAVG,178,H,,S,
ASN00092045,19890314,TAVG,161,H,,S,
ASN00092045,19890315,TAVG,173,H,,S,
ASN00092045,19890316,TAVG,143,H,,S,
ASN00092045,19890317,TAVG,159,H,,S,
ASN00092045,19890318,TAVG,181,H,,S,
ASN00092045,19890319,TAVG,176,H,,S,
ASN00092045,19890320,TAVG,172,H,,S,
ASN00092045,19890321,TAVG,169,H,,S,
ASN00092045,19890322,TAVG,175,H,,S,
ASN00092045,19890323,TAVG,147,H,,S,
ASN00092045,19890324,TAVG,149,H,,S,
ASN00092045,19890325,TAVG,153,H,,S,
ASN00092045,19890326,TAVG,156,H,,S,
ASN00092045,19890327,TAVG,152,H,,S,
ASN00092045,19890328,TAVG,164,H,,S,
ASN00092045,19890329,TAVG,154,H,,S,
ASN00092045,19890330,TAVG,176,H,,S,
ASN00092045,19890331,TAVG,192,H,,S,
ASN00092045,19890401,TMAX,199,,,a,
ASN00092045,19890402,TMAX,202,,,a,
ASN00092045,19890403,TMAX,205,,,a,
ASN00092045,19890404,TMAX,213,,,a,
ASN00092045,19890405,TMAX,208,,,a,
ASN00092045,19890406,TMAX,198,,,a,
ASN00092045,19890407,TMAX,187,,,a,
ASN00092045,19890408,TMAX,189,,,a,
ASN00092045,19890409,TMAX,193,,,a,
ASN00092045,19890410,TMAX,195,,,a,
ASN00092045,19890411,TMAX,182,,,a,
ASN00092045,19890412,TMAX,197,,,a,
ASN00092045,19890413,TMAX,182,,,a,
ASN00092045,19890414,TMAX,187,,,a,
ASN00092045,19890415,TMAX,189,,,a,
ASN00092045,19890416,TMAX,195,,,a,
ASN00092045,19890417,TMAX,172,,,a,
ASN00092045,19890418,TMAX,169,,,a,
ASN00092045,19890419,TMAX,187,,,a,
ASN00092045,19890420,TMAX,215,,,a,
ASN00092045,19890421,TMAX,172,,,a,
ASN00092045,19890422,TMAX,175,,,a,
ASN00092045,19890423,TMAX,179,,,a,
ASN00092045,19890424,TMAX,185,,,a,
ASN00092045,19890425,TMAX,198,,,a,
ASN00092045,19890426,TMAX,196,,,a,
ASN00092045,19890427,TMAX,200,,,a,
ASN00092045,19890428,TMAX,199,,,a,
ASN00092045,19890429,TMAX,163,,,a,
ASN00092045,19890430,TMAX,178,,,a,
ASN00092045,19890401,TMIN,175,,,a,
ASN00092045,19890402,TMIN,180,,,a,
ASN00092045,19890403,TMIN,180,,,a,
ASN00092045,19890404,TMIN,182,,,a,
ASN00092045,19890405,TMIN,161,,,a,
ASN00092045,19890406,TMIN,141,,,a,
ASN00092045,19890407,TMIN,122,,,a,
ASN00092045,19890408,TMIN,116,,,a,
ASN00092045,19890410,TMIN,135,,,a,
ASN00092045,19890411,TMIN,153,,,a,
ASN00092045,19890412,TMIN,140,,,a,
ASN00092045,19890413,TMIN,150,,,a,
ASN00092045,19890414,TMIN,160,,,a,
ASN00092045,19890415,TMIN,136,,,a,
ASN00092045,19890416,TMIN,136,,,a,
ASN00092045,19890417,TMIN,106,,,a,
ASN00092045,19890418,TMIN,94,,,a,
ASN00092045,19890419,TMIN,96,,,a,
ASN00092045,19890420,TMIN,137,,,a,
ASN00092045,19890421,TMIN,129,,,a,
ASN00092045,19890422,TMIN,106,,,a,
ASN00092045,19890423,TMIN,110,,,a,
ASN00092045,19890424,TMIN,135,,,a,
ASN00092045,19890425,TMIN,150,,,a,
ASN00092045,19890426,TMIN,135,,,a,
ASN00092045,19890427,TMIN,154,,,a,
ASN00092045,19890428,TMIN,143,,,a,
ASN00092045,19890429,TMIN,122,,,a,
ASN00092045,19890430,TMIN,127,,,a,
ASN00092045,19890401,PRCP,48,,,a,
ASN00092045,19890402,PRCP,330,,,a,
ASN00092045,19890403,PRCP,98,,,a,
ASN00092045,19890404,PRCP,74,,,a,
ASN00092045,19890405,PRCP,0,,,a,
ASN00092045,19890406,PRCP,2,,,a,
ASN00092045,19890407,PRCP,0,,,a,
ASN00092045,19890408,PRCP,0,,,a,
ASN00092045,19890409,PRCP,0,,,a,
ASN00092045,19890410,PRCP,0,,,a,
ASN00092045,19890411,PRCP,12,,,a,
ASN00092045,19890412,PRCP,226,,,a,
ASN00092045,19890413,PRCP,0,,,a,
ASN00092045,19890414,PRCP,0,,,a,
ASN00092045,19890415,PRCP,0,,,a,
ASN00092045,19890416,PRCP,20,,,a,
ASN00092045,19890417,PRCP,4,,,a,
ASN00092045,19890418,PRCP,14,,,a,
ASN00092045,19890419,PRCP,0,,,a,
ASN00092045,19890420,PRCP,0,,,a,
ASN00092045,19890421,PRCP,138,,,a,
ASN00092045,19890422,PRCP,0,,,a,
ASN00092045,19890423,PRCP,0,,,a,
ASN00092045,19890424,PRCP,0,,,a,
ASN00092045,19890425,PRCP,0,,,a,
ASN00092045,19890426,PRCP,2,,,a,
ASN00092045,19890427,PRCP,2,,,a,
ASN00092045,19890428,PRCP,8,,,a,
ASN00092045,19890429,PRCP,0,,,a,
ASN00092045,19890430,PRCP,20,,,a,
ASN00092045,19890401,TAVG,187,H,,S,
ASN00092045,19890402,TAVG,187,H,,S,
ASN00092045,19890403,TAVG,189,H,,S,
ASN00092045,19890404,TAVG,182,H,,S,
ASN00092045,19890405,TAVG,178,H,,S,
ASN00092045,19890406,TAVG,166,H,,S,
ASN00092045,19890407,TAVG,156,H,,S,
ASN00092045,19890408,TAVG,152,H,,S,
ASN00092045,19890409,TAVG,166,H,,S,
ASN00092045,19890410,TAVG,164,H,,S,
ASN00092045,19890411,TAVG,161,H,,S,
ASN00092045,19890412,TAVG,171,H,,S,
ASN00092045,19890413,TAVG,173,H,,S,
ASN00092045,19890414,TAVG,156,H,,S,
ASN00092045,19890415,TAVG,161,H,,S,
ASN00092045,19890416,TAVG,147,H,,S,
ASN00092045,19890417,TAVG,124,H,,S,
ASN00092045,19890418,TAVG,126,H,,S,
ASN00092045,19890419,TAVG,162,H,,S,
ASN00092045,19890420,TAVG,163,H,,S,
ASN00092045,19890421,TAVG,139,H,,S,
ASN00092045,19890422,TAVG,155,H,,S,
ASN00092045,19890423,TAVG,164,H,,S,
ASN00092045,19890424,TAVG,169,H,,S,
ASN00092045,19890425,TAVG,168,H,,S,
ASN00092045,19890426,TAVG,177,H,,S,
ASN00092045,19890427,TAVG,171,H,,S,
ASN00092045,19890428,TAVG,147,H,,S,
ASN00092045,19890429,TAVG,144,H,,S,
ASN00092045,19890430,TAVG,149,H,,S,
ASN00092045,19890501,TMAX,157,,,a,
ASN00092045,19890502,TMAX,197,,,a,
ASN00092045,19890503,TMAX,180,,,a,
ASN00092045,19890504,TMAX,155,,,a,
ASN00092045,19890505,TMAX,142,,,a,
ASN00092045,19890506,TMAX,156,,,a,
ASN00092045,19890507,TMAX,162,,,a,
ASN00092045,19890508,TMAX,167,,,a,
ASN00092045,19890509,TMAX,180,,,a,
ASN00092045,19890510,TMAX,175,,,a,
ASN00092045,19890511,TMAX,182,,,a,
ASN00092045,19890512,TMAX,185,,,a,
ASN00092045,19890513,TMAX,190,,,a,
ASN00092045,19890514,TMAX,185,,,a,
ASN00092045,19890515,TMAX,156,,,a,
ASN00092045,19890516,TMAX,177,,,a,
ASN00092045,19890517,TMAX,172,,,a,
ASN00092045,19890518,TMAX,181,,,a,
ASN00092045,19890519,TMAX,178,,,a,
ASN00092045,19890520,TMAX,136,,,a,
ASN00092045,19890521,TMAX,168,,,a,
ASN00092045,19890522,TMAX,170,,,a,
ASN00092045,19890523,TMAX,150,,,a,
ASN00092045,19890524,TMAX,151,,,a,
ASN00092045,19890525,TMAX,144,,,a,
ASN00092045,19890526,TMAX,155,,,a,
ASN00092045,19890527,TMAX,152,,,a,
ASN00092045,19890528,TMAX,160,,,a,
ASN00092045,19890529,TMAX,160,,,a,
ASN00092045,19890530,TMAX,147,,,a,
ASN00092045,19890531,TMAX,100,,,a,
ASN00092045,19890501,TMIN,135,,,a,
ASN00092045,19890502,TMIN,86,,,a,
ASN00092045,19890503,TMIN,108,,,a,
ASN00092045,19890504,TMIN,138,,,a,
ASN00092045,19890505,TMIN,106,,,a,
ASN00092045,19890506,TMIN,95,,,a,
ASN00092045,19890507,TMIN,91,,,a,
ASN00092045,19890508,TMIN,120,,,a,
ASN00092045,19890509,TMIN,137,,,a,
ASN00092045,19890510,TMIN,160,,,a,
ASN00092045,19890511,TMIN,135,,,a,
ASN00092045,19890512,TMIN,145,,,a,
ASN00092045,19890513,TMIN,117,,,a,
ASN00092045,19890514,TMIN,98,,,a,
ASN00092045,19890515,TMIN,114,,,a,
ASN00092045,19890516,TMIN,82,,,a,
ASN00092045,19890517,TMIN,105,,,a,
ASN00092045,19890518,TMIN,121,,,a,
ASN00092045,19890519,TMIN,139,,,a,
ASN00092045,19890520,TMIN,66,,,a,
ASN00092045,19890521,TMIN,100,,,a,
ASN00092045,19890522,TMIN,115,,,a,
ASN00092045,19890523,TMIN,77,,,a,
ASN00092045,19890524,TMIN,50,,,a,
ASN00092045,19890525,TMIN,67,,,a,
ASN00092045,19890526,TMIN,88,,,a,
ASN00092045,19890527,TMIN,102,,,a,
ASN00092045,19890528,TMIN,126,,,a,
ASN00092045,19890529,TMIN,130,,,a,
ASN00092045,19890530,TMIN,131,,,a,
ASN00092045,19890531,TMIN,67,,,a,
ASN00092045,19890501,PRCP,0,,,a,
ASN00092045,19890502,PRCP,36,,,a,
ASN00092045,19890503,PRCP,2,,,a,
ASN00092045,19890504,PRCP,30,,,a,
ASN00092045,19890505,PRCP,182,,,a,
ASN00092045,19890506,PRCP,0,,,a,
ASN00092045,19890507,PRCP,0,,,a,
ASN00092045,19890508,PRCP,14,,,a,
ASN00092045,19890509,PRCP,4,,,a,
ASN00092045,19890510,PRCP,94,,,a,
ASN00092045,19890511,PRCP,144,,,a,
ASN00092045,19890512,PRCP,10,,,a,
ASN00092045,19890513,PRCP,102,,,a,
ASN00092045,19890514,PRCP,0,,,a,
ASN00092045,19890515,PRCP,0,,,a,
ASN00092045,19890516,PRCP,2,,,a,
ASN00092045,19890517,PRCP,0,,,a,
ASN00092045,19890518,PRCP,96,,,a,
ASN00092045,19890519,PRCP,0,,,a,
ASN00092045,19890520,PRCP,0,,,a,
ASN00092045,19890521,PRCP,0,,,a,
ASN00092045,19890522,PRCP,0,,,a,
ASN00092045,19890523,PRCP,10,,,a,
ASN00092045,19890524,PRCP,0,,,a,
ASN00092045,19890525,PRCP,4,,,a,
ASN00092045,19890526,PRCP,0,,,a,
ASN00092045,19890527,PRCP,4,,,a,
ASN00092045,19890528,PRCP,2,,,a,
ASN00092045,19890529,PRCP,12,,,a,
ASN00092045,19890530,PRCP,94,,,a,
ASN00092045,19890531,PRCP,40,,,a,
ASN00092045,19890501,TAVG,127,H,,S,
ASN00092045,19890502,TAVG,147,H,,S,
ASN00092045,19890503,TAVG,159,H,,S,
ASN00092045,19890504,TAVG,123,H,,S,
ASN00092045,19890505,TAVG,114,H,,S,
ASN00092045,19890506,TAVG,123,H,,S,
ASN00092045,19890507,TAVG,137,H,,S,
ASN00092045,19890508,TAVG,153,H,,S,
ASN00092045,19890509,TAVG,170,H,,S,
ASN00092045,19890510,TAVG,153,H,,S,
ASN00092045,19890511,TAVG,153,H,,S,
ASN00092045,19890512,TAVG,148,H,,S,
ASN00092045,19890513,TAVG,136,H,,S,
ASN00092045,19890514,TAVG,137,H,,S,
ASN00092045,19890515,TAVG,117,H,,S,
ASN00092045,19890516,TAVG,127,H,,S,
ASN00092045,19890517,TAVG,149,H,,S,
ASN00092045,19890518,TAVG,153,H,,S,
ASN00092045,19890519,TAVG,115,H,,S,
ASN00092045,19890520,TAVG,124,H,,S,
ASN00092045,19890521,TAVG,157,H,,S,
ASN00092045,19890522,TAVG,106,H,,S,
ASN00092045,19890523,TAVG,86,H,,S,
ASN00092045,19890524,TAVG,126,H,,S,
ASN00092045,19890525,TAVG,112,H,,S,
ASN00092045,19890526,TAVG,146,H,,S,
ASN00092045,19890527,TAVG,136,H,,S,
ASN00092045,19890528,TAVG,146,H,,S,
ASN00092045,19890529,TAVG,150,H,,S,
ASN00092045,19890530,TAVG,89,H,,S,
ASN00092045,19890531,TAVG,82,H,,S,
ASN00092045,19890601,TMAX,115,,,a,
ASN00092045,19890602,TMAX,125,,,a,
ASN00092045,19890603,TMAX,135,,,a,
ASN00092045,19890604,TMAX,149,,,a,
ASN00092045,19890605,TMAX,148,,,a,
ASN00092045,19890606,TMAX,157,,,a,
ASN00092045,19890607,TMAX,140,,,a,
ASN00092045,19890608,TMAX,155,,,a,
ASN00092045,19890609,TMAX,147,,,a,
ASN00092045,19890610,TMAX,143,,,a,
ASN00092045,19890611,TMAX,142,,,a,
ASN00092045,19890612,TMAX,146,,,a,
ASN00092045,19890613,TMAX,142,,,a,
ASN00092045,19890614,TMAX,133,,,a,
ASN00092045,19890615,TMAX,115,,,a,
ASN00092045,19890616,TMAX,146,,,a,
ASN00092045,19890617,TMAX,146,,,a,
ASN00092045,19890618,TMAX,134,,,a,
ASN00092045,19890619,TMAX,110,,,a,
ASN00092045,19890620,TMAX,124,,,a,
ASN00092045,19890621,TMAX,125,,,a,
ASN00092045,19890622,TMAX,140,,,a,
ASN00092045,19890623,TMAX,136,,,a,
ASN00092045,19890624,TMAX,115,,,a,
ASN00092045,19890625,TMAX,108,,,a,
ASN00092045,19890626,TMAX,138,,,a,
ASN00092045,19890627,TMAX,140,,,a,
ASN00092045,19890628,TMAX,143,,,a,
ASN00092045,19890629,TMAX,151,,,a,
ASN00092045,19890630,TMAX,141,,,a,
ASN00092045,19890601,TMIN,56,,,a,
ASN00092045,19890602,TMIN,75,,,a,
ASN00092045,19890603,TMIN,90,,,a,
ASN00092045,19890604,TMIN,99,,,a,
ASN00092045,19890605,TMIN,120,,,a,
ASN00092045,19890606,TMIN,88,,,a,
ASN00092045,19890607,TMIN,98,,,a,
ASN00092045,19890608,TMIN,80,,,a,
ASN00092045,19890609,TMIN,107,,,a,
ASN00092045,19890610,TMIN,113,,,a,
ASN00092045,19890611,TMIN,118,,,a,
ASN00092045,19890612,TMIN,70,,,a,
ASN00092045,19890613,TMIN,88,,,a,
ASN00092045,19890615,TMIN,80,,,a,
ASN00092045,19890616,TMIN,62,,,a,
ASN00092045,19890617,TMIN,80,,,a,
ASN00092045,19890618,TMIN,110,,,a,
ASN00092045,19890619,TMIN,88,,,a,
ASN00092045,19890620,TMIN,70,,,a,
ASN00092045,19890621,TMIN,86,,,a,
ASN00092045,19890622,TMIN,80,,,a,
ASN00092045,19890623,TMIN,85,,,a,
ASN00092045,19890624,TMIN,82,,,a,
ASN00092045,19890625,TMIN,60,,,a,
ASN00092045,19890626,TMIN,45,,,a,
ASN00092045,19890627,TMIN,67,,,a,
ASN00092045,19890628,TMIN,72,,,a,
ASN00092045,19890629,TMIN,90,,,a,
ASN00092045,19890601,PRCP,0,,,a,
ASN00092045,19890602,PRCP,0,,,a,
ASN00092045,19890603,PRCP,116,,,a,
ASN00092045,19890604,PRCP,12,,,a,
ASN00092045,19890605,PRCP,2,,,a,
ASN00092045,19890606,PRCP,42,,,a,
ASN00092045,19890607,PRCP,4,,,a,
ASN00092045,19890608,PRCP,16,,,a,
ASN00092045,19890609,PRCP,0,,,a,
ASN00092045,19890610,PRCP,222,,,a,
ASN00092045,19890611,PRCP,294,,,a,
ASN00092045,19890612,PRCP,6,,,a,
ASN00092045,19890613,PRCP,0,,,a,
ASN00092045,19890614,PRCP,2,,,a,
ASN00092045,19890615,PRCP,54,,,a,
ASN00092045,19890616,PRCP,0,,,a,
ASN00092045,19890617,PRCP,30,,,a,
ASN00092045,19890618,PRCP,46,,,a,
ASN00092045,19890619,PRCP,40,,,a,
ASN00092045,19890620,PRCP,2,,,a,
ASN00092045,19890621,PRCP,14,,,a,
ASN00092045,19890622,PRCP,2,,,a,
ASN00092045,19890623,PRCP,0,,,a,
ASN00092045,19890624,PRCP,0,,,a,
ASN00092045,19890625,PRCP,0,,,a,
ASN00092045,19890626,PRCP,0,,,a,
ASN00092045,19890627,PRCP,0,,,a,
ASN00092045,19890628,PRCP,12,,,a,
ASN00092045,19890629,PRCP,4,,,a,
ASN00092045,19890630,PRCP,2,,,a,
ASN00092045,19890602,TAVG,108,H,,S,
ASN00092045,19890603,TAVG,114,H,,S,
ASN00092045,19890604,TAVG,134,H,,S,
ASN00092045,19890605,TAVG,112,H,,S,
ASN00092045,19890606,TAVG,111,H,,S,
ASN00092045,19890607,TAVG,116,H,,S,
ASN00092045,19890608,TAVG,123,H,,S,
ASN00092045,19890609,TAVG,131,H,,S,
ASN00092045,19890610,TAVG,129,H,,S,
ASN00092045,19890611,TAVG,112,H,,S,
ASN00092045,19890612,TAVG,116,H,,S,
ASN00092045,19890613,TAVG,126,H,,S,
ASN00092045,19890614,TAVG,106,H,,S,
ASN00092045,19890615,TAVG,88,H,,S,
ASN00092045,19890616,TAVG,129,H,,S,
ASN00092045,19890617,TAVG,121,H,,S,
ASN00092045,19890618,TAVG,111,H,,S,
ASN00092045,19890619,TAVG,93,H,,S,
ASN00092045,19890620,TAVG,95,H,,S,
ASN00092045,19890621,TAVG,102,H,,S,
ASN00092045,19890622,TAVG,113,H,,S,
ASN00092045,19890623,TAVG,98,H,,S,
ASN00092045,19890624,TAVG,86,H,,S,
ASN00092045,19890625,TAVG,74,H,,S,
ASN00092045,19890626,TAVG,91,H,,S,
ASN00092045,19890627,TAVG,112,H,,S,
ASN00092045,19890628,TAVG,116,H,,S,
ASN00092045,19890629,TAVG,119,H,,S,
ASN00092045,19890630,TAVG,117,H,,S,
ASN00092045,19890701,TMAX,153,,,a,
ASN00092045,19890702,TMAX,148,,,a,
ASN00092045,19890703,TMAX,148,,,a,
ASN00092045,19890704,TMAX,123,,,a,
ASN00092045,19890705,TMAX,118,,,a,
ASN00092045,19890706,TMAX,128,,,a,
ASN00092045,19890707,TMAX,146,,,a,
ASN00092045,19890708,TMAX,138,,,a,
ASN00092045,19890709,TMAX,140,,,a,
ASN00092045,19890710,TMAX,130,,,a,
ASN00092045,19890711,TMAX,106,,,a,
ASN00092045,19890712,TMAX,122,,,a,
ASN00092045,19890713,TMAX,124,,,a,
ASN00092045,19890714,TMAX,126,,,a,
ASN00092045,19890715,TMAX,126,,,a,
ASN00092045,19890716,TMAX,136,,,a,
ASN00092045,19890717,TMAX,126,,,a,
ASN00092045,19890718,TMAX,125,,,a,
ASN00092045,19890719,TMAX,101,,,a,
ASN00092045,19890720,TMAX,110,,,a,
ASN00092045,19890721,TMAX,122,,,a,
ASN00092045,19890722,TMAX,135,,,a,
ASN00092045,19890723,TMAX,140,,,a,
ASN00092045,19890724,TMAX,150,,,a,
ASN00092045,19890725,TMAX,145,,,a,
ASN00092045,19890726,TMAX,150,,,a,
ASN00092045,19890727,TMAX,150,,,a,
ASN00092045,19890728,TMAX,136,,,a,
ASN00092045,19890729,TMAX,144,,,a,
ASN00092045,19890730,TMAX,147,,,a,
ASN00092045,19890731,TMAX,142,,,a,
ASN00092045,19890701,TMIN,100,,,a,
ASN00092045,19890702,TMIN,104,,,a,
ASN00092045,19890703,TMIN,100,,,a,
ASN00092045,19890704,TMIN,55,,,a,
ASN00092045,19890705,TMIN,64,,,a,
ASN00092045,19890706,TMIN,53,,,a,
ASN00092045,19890707,TMIN,90,,,a,
ASN00092045,19890708,TMIN,95,,,a,
ASN00092045,19890709,TMIN,120,,,a,
ASN00092045,19890710,TMIN,105,,,a,
ASN00092045,19890711,TMIN,77,,,a,
ASN00092045,19890712,TMIN,75,,,a,
ASN00092045,19890713,TMIN,90,,,a,
ASN00092045,19890714,TMIN,34,,,a,
ASN00092045,19890715,TMIN,50,,,a,
ASN00092045,19890716,TMIN,75,,,a,
ASN00092045,19890717,TMIN,103,,,a,
ASN00092045,19890718,TMIN,55,,,a,
ASN00092045,19890719,TMIN,55,,,a,
ASN00092045,19890720,TMIN,20,,,a,
ASN00092045,19890721,TMIN,57,,,a,
ASN00092045,19890722,TMIN,82,,,a,
ASN00092045,19890723,TMIN,85,,,a,
ASN00092045,19890724,TMIN,109,,,a,
ASN00092045,19890725,TMIN,110,,,a,
ASN00092045,19890726,TMIN,85,,,a,
ASN00092045,19890727,TMIN,109,,,a,
ASN00092045,19890728,TMIN,76,,,a,
ASN00092045,19890729,TMIN,100,,,a,
ASN00092045,19890730,TMIN,85,,,a,
ASN00092045,19890731,TMIN,80,,,a,
ASN00092045,19890701,PRCP,5,,,a,
ASN00092045,19890702,PRCP,100,,,a,
ASN00092045,19890703,PRCP,48,,,a,
ASN00092045,19890704,PRCP,76,,,a,
ASN00092045,19890705,PRCP,0,,,a,
ASN00092045,19890706,PRCP,6,,,a,
ASN00092045,19890707,PRCP,14,,,a,
ASN00092045,19890708,PRCP,12,,,a,
ASN00092045,19890709,PRCP,6,,,a,
ASN00092045,19890710,PRCP,10,,,a,
ASN00092045,19890711,PRCP,72,,,a,
ASN00092045,19890712,PRCP,42,,,a,
ASN00092045,19890713,PRCP,4,,,a,
ASN00092045,19890714,PRCP,0,,,a,
ASN00092045,19890715,PRCP,0,,,a,
ASN00092045,19890716,PRCP,0,,,a,
ASN00092045,19890717,PRCP,30,,,a,
ASN00092045,19890718,PRCP,16,,,a,
ASN00092045,19890719,PRCP,0,,,a,
ASN00092045,19890720,PRCP,0,,,a,
ASN00092045,19890721,PRCP,20,,,a,
ASN00092045,19890722,PRCP,178,,,a,
ASN00092045,19890723,PRCP,682,,,a,
ASN00092045,19890724,PRCP,28,,,a,
ASN00092045,19890725,PRCP,0,,,a,
ASN00092045,19890726,PRCP,0,,,a,
ASN00092045,19890727,PRCP,0,,,a,
ASN00092045,19890728,PRCP,2,,,a,
ASN00092045,19890729,PRCP,62,,,a,
ASN00092045,19890730,PRCP,16,,,a,
ASN00092045,19890731,PRCP,6,,,a,
ASN00092045,19890701,TAVG,123,H,,S,
ASN00092045,19890702,TAVG,123,H,,S,
ASN00092045,19890703,TAVG,105,H,,S,
ASN00092045,19890704,TAVG,91,H,,S,
ASN00092045,19890705,TAVG,94,H,,S,
ASN00092045,19890706,TAVG,105,H,,S,
ASN00092045,19890707,TAVG,121,H,,S,
ASN00092045,19890710,TAVG,99,H,,S,
ASN00092045,19890711,TAVG,94,H,,S,
ASN00092045,19890712,TAVG,95,H,,S,
ASN00092045,19890713,TAVG,88,H,,S,
ASN00092045,19890714,TAVG,82,H,,S,
ASN00092045,19890715,TAVG,108,H,,S,
ASN00092045,19890716,TAVG,114,H,,S,
ASN00092045,19890717,TAVG,95,H,,S,
ASN00092045,19890718,TAVG,81,H,,S,
ASN00092045,19890719,TAVG,61,H,,S,
ASN00092045,19890720,TAVG,87,H,,S,
ASN00092045,19890721,TAVG,103,H,,S,
ASN00092045,19890722,TAVG,130,H,,S,
ASN00092045,19890723,TAVG,126,H,,S,
ASN00092045,19890724,TAVG,125,H,,S,
ASN00092045,19890725,TAVG,116,H,,S,
ASN00092045,19890726,TAVG,119,H,,S,
ASN00092045,19890727,TAVG,109,H,,S,
ASN00092045,19890728,TAVG,127,H,,S,
ASN00092045,19890729,TAVG,120,H,,S,
ASN00092045,19890730,TAVG,114,H,,S,
ASN00092045,19890801,TMAX,137,,,a,
ASN00092045,19890802,TMAX,157,,,a,
ASN00092045,19890803,TMAX,157,,,a,
ASN00092045,19890804,TMAX,130,,,a,
ASN00092045,19890805,TMAX,128,,,a,
ASN00092045,19890806,TMAX,140,,,a,
ASN00092045,19890807,TMAX,134,,,a,
ASN00092045,19890808,TMAX,114,,,a,
ASN00092045,19890809,TMAX,135,,,a,
ASN00092045,19890810,TMAX,122,,,a,
ASN00092045,19890811,TMAX,113,,,a,
ASN00092045,19890812,TMAX,140,,,a,
ASN00092045,19890813,TMAX,140,,,a,
ASN00092045,19890814,TMAX,132,,,a,
ASN00092045,19890815,TMAX,128,,,a,
ASN00092045,19890816,TMAX,140,,,a,
ASN00092045,19890817,TMAX,162,,,a,
ASN00092045,19890818,TMAX,145,,,a,
ASN00092045,19890819,TMAX,140,,,a,
ASN00092045,19890820,TMAX,147,,,a,
ASN00092045,19890821,TMAX,150,,,a,
ASN00092045,19890822,TMAX,136,,,a,
ASN00092045,19890823,TMAX,145,,,a,
ASN00092045,19890824,TMAX,127,,,a,
ASN00092045,19890825,TMAX,136,,,a,
ASN00092045,19890826,TMAX,112,,,a,
ASN00092045,19890827,TMAX,105,,,a,
ASN00092045,19890828,TMAX,132,,,a,
ASN00092045,19890829,TMAX,132,,,a,
ASN00092045,19890830,TMAX,146,,,a,
ASN00092045,19890831,TMAX,145,,,a,
ASN00092045,19890801,TMIN,58,,,a,
ASN00092045,19890802,TMIN,65,,,a,
ASN00092045,19890803,TMIN,77,,,a,
ASN00092045,19890804,TMIN,75,,,a,
ASN00092045,19890805,TMIN,67,,,a,
ASN00092045,19890806,TMIN,94,,,a,
ASN00092045,19890807,TMIN,58,,,a,
ASN00092045,19890808,TMIN,37,,,a,
ASN00092045,19890809,TMIN,40,,,a,
ASN00092045,19890810,TMIN,69,,,a,
ASN00092045,19890812,TMIN,30,,,a,
ASN00092045,19890813,TMIN,66,,,a,
ASN00092045,19890814,TMIN,75,,,a,
ASN00092045,19890815,TMIN,86,,,a,
ASN00092045,19890816,TMIN,80,,,a,
ASN00092045,19890817,TMIN,56,,,a,
ASN00092045,19890818,TMIN,70,,,a,
ASN00092045,19890819,TMIN,95,,,a,
ASN00092045,19890820,TMIN,90,,,a,
ASN00092045,19890822,TMIN,68,,,a,
ASN00092045,19890823,TMIN,85,,,a,
ASN00092045,19890824,TMIN,78,,,a,
ASN00092045,19890825,TMIN,67,,,a,
ASN00092045,19890826,TMIN,50,,,a,
ASN00092045,19890827,TMIN,50,,,a,
ASN00092045,19890828,TMIN,26,,,a,
ASN00092045,19890829,TMIN,70,,,a,
ASN00092045,19890830,TMIN,63,,,a,
ASN00092045,19890831,TMIN,66,,,a,
ASN00092045,19890801,PRCP,0,,,a,
ASN00092045,19890802,PRCP,0,,,a,
ASN00092045,19890803,PRCP,0,,,a,
ASN00092045,19890804,PRCP,0,,,a,
ASN00092045,19890805,PRCP,110,,,a,
ASN00092045,19890806,PRCP,28,,,a,
ASN00092045,19890807,PRCP,6,,,a,
ASN00092045,19890808,PRCP,4,,,a,
ASN00092045,19890809,PRCP,8,,,a,
ASN00092045,19890810,PRCP,34,,,a,
ASN00092045,19890811,PRCP,0,,,a,
ASN00092045,19890812,PRCP,0,,,a,
ASN00092045,19890813,PRCP,0,,,a,
ASN00092045,19890814,PRCP,0,,,a,
ASN00092045,19890815,PRCP,2,,,a,
ASN00092045,19890816,PRCP,0,,,a,
ASN00092045,19890817,PRCP,0,,,a,
ASN00092045,19890818,PRCP,0,,,a,
ASN00092045,19890819,PRCP,4,,,a,
ASN00092045,19890820,PRCP,0,,,a,
ASN00092045,19890821,PRCP,2,,,a,
ASN00092045,19890822,PRCP,0,,,a,
ASN00092045,19890823,PRCP,0,,,a,
ASN00092045,19890824,PRCP,4,,,a,
ASN00092045,19890825,PRCP,20,,,a,
ASN00092045,19890826,PRCP,18,,,a,
ASN00092045,19890827,PRCP,4,,,a,
ASN00092045,19890828,PRCP,34,,,a,
ASN00092045,19890829,PRCP,22,,,a,
ASN00092045,19890830,PRCP,18,,,a,
ASN00092045,19890831,PRCP,0,,,a,
ASN00092045,19890801,TAVG,83,H,,S,
ASN00092045,19890802,TAVG,112,H,,S,
ASN00092045,19890803,TAVG,106,H,,S,
ASN00092045,19890804,TAVG,99,H,,S,
ASN00092045,19890805,TAVG,115,H,,S,
ASN00092045,19890806,TAVG,83,H,,S,
ASN00092045,19890807,TAVG,73,H,,S,
ASN00092045,19890808,TAVG,88,H,,S,
ASN00092045,19890809,TAVG,107,H,,S,
ASN00092045,19890810,TAVG,91,H,,S,
ASN00092045,19890811,TAVG,63,H,,S,
ASN00092045,19890812,TAVG,104,H,,S,
ASN00092045,19890813,TAVG,104,H,,S,
ASN00092045,19890814,TAVG,111,H,,S,
ASN00092045,19890815,TAVG,99,H,,S,
ASN00092045,19890816,TAVG,103,H,,S,
ASN00092045,19890817,TAVG,106,H,,S,
ASN00092045,19890818,TAVG,116,H,,S,
ASN00092045,19890819,TAVG,114,H,,S,
ASN00092045,19890820,TAVG,91,H,,S,
ASN00092045,19890821,TAVG,103,H,,S,
ASN00092045,19890822,TAVG,112,H,,S,
ASN00092045,19890823,TAVG,102,H,,S,
ASN00092045,19890824,TAVG,95,H,,S,
ASN00092045,19890825,TAVG,96,H,,S,
ASN00092045,19890826,TAVG,86,H,,S,
ASN00092045,19890827,TAVG,65,H,,S,
ASN00092045,19890828,TAVG,102,H,,S,
ASN00092045,19890829,TAVG,106,H,,S,
ASN00092045,19890830,TAVG,111,H,,S,
ASN00092045,19890831,TAVG,97,H,,S,
ASN00092045,19890901,TMAX,145,,,a,
ASN00092045,19890902,TMAX,150,,,a,
ASN00092045,19890903,TMAX,145,,,a,
ASN00092045,19890904,TMAX,185,,,a,
ASN00092045,19890905,TMAX,150,,,a,
ASN00092045,19890906,TMAX,164,,,a,
ASN00092045,19890907,TMAX,135,,,a,
ASN00092045,19890908,TMAX,150,,,a,
ASN00092045,19890909,TMAX,155,,,a,
ASN00092045,19890910,TMAX,142,,,a,
ASN00092045,19890911,TMAX,140,,,a,
ASN00092045,19890912,TMAX,148,,,a,
ASN00092045,19890913,TMAX,146,,,a,
ASN00092045,19890914,TMAX,158,,,a,
ASN00092045,19890915,TMAX,176,,,a,
ASN00092045,19890916,TMAX,153,,,a,
ASN00092045,19890917,TMAX,160,,,a,
ASN00092045,19890918,TMAX,149,,,a,
ASN00092045,19890919,TMAX,150,,,a,
ASN00092045,19890920,TMAX,160,,,a,
ASN00092045,19890921,TMAX,150,,,a,
ASN00092045,19890922,TMAX,137,,,a,
ASN00092045,19890923,TMAX,156,,,a,
ASN00092045,19890924,TMAX,142,,,a,
ASN00092045,19890925,TMAX,137,,,a,
ASN00092045,19890926,TMAX,140,,,a,
ASN00092045,19890927,TMAX,180,,,a,
ASN00092045,19890928,TMAX,162,,,a,
ASN00092045,19890929,TMAX,202,,,a,
ASN00092045,19890930,TMAX,176,,,a,
ASN00092045,19890901,TMIN,58,,,a,
ASN00092045,19890902,TMIN,107,,,a,
ASN00092045,19890903,TMIN,100,,,a,
ASN00092045,19890904,TMIN,90,,,a,
ASN00092045,19890906,TMIN,98,,,a,
ASN00092045,19890908,TMIN,102,,,a,
ASN00092045,19890909,TMIN,115,,,a,
ASN00092045,19890912,TMIN,70,,,a,
ASN00092045,19890913,TMIN,71,,,a,
ASN00092045,19890914,TMIN,66,,,a,
ASN00092045,19890915,TMIN,80,,,a,
ASN00092045,19890916,TMIN,78,,,a,
ASN00092045,19890917,TMIN,66,,,a,
ASN00092045,19890918,TMIN,105,,,a,
ASN00092045,19890919,TMIN,100,,,a,
ASN00092045,19890920,TMIN,95,,,a,
ASN00092045,19890921,TMIN,77,,,a,
ASN00092045,19890922,TMIN,118,,,a,
ASN00092045,19890923,TMIN,88,,,a,
ASN00092045,19890924,TMIN,75,,,a,
ASN00092045,19890925,TMIN,105,,,a,
ASN00092045,19890926,TMIN,82,,,a,
ASN00092045,19890927,TMIN,65,,,a,
ASN00092045,19890928,TMIN,76,,,a,
ASN00092045,19890930,TMIN,125,,,a,
ASN00092045,19890901,PRCP,140,,,a,
ASN00092045,19890902,PRCP,30,,,a,
ASN00092045,19890903,PRCP,2,,,a,
ASN00092045,19890904,PRCP,0,,,a,
ASN00092045,19890905,PRCP,0,,,a,
ASN00092045,19890906,PRCP,0,,,a,
ASN00092045,19890907,PRCP,4,,,a,
ASN00092045,19890908,PRCP,0,,,a,
ASN00092045,19890909,PRCP,0,,,a,
ASN00092045,19890910,PRCP,12,,,a,
ASN00092045,19890911,PRCP,52,,,a,
ASN00092045,19890912,PRCP,0,,,a,
ASN00092045,19890913,PRCP,2,,,a,
ASN00092045,19890914,PRCP,0,,,a,
ASN00092045,19890915,PRCP,0,,,a,
ASN00092045,19890916,PRCP,62,,,a,
ASN00092045,19890917,PRCP,0,,,a,
ASN00092045,19890918,PRCP,6,,,a,
ASN00092045,19890919,PRCP,54,,,a,
ASN00092045,19890920,PRCP,24,,,a,
ASN00092045,19890921,PRCP,0,,,a,
ASN00092045,19890922,PRCP,0,,,a,
ASN00092045,19890923,PRCP,162,,,a,
ASN00092045,19890924,PRCP,0,,,a,
ASN00092045,19890925,PRCP,18,,,a,
ASN00092045,19890926,PRCP,4,,,a,
ASN00092045,19890927,PRCP,0,,,a,
ASN00092045,19890928,PRCP,0,,,a,
ASN00092045,19890929,PRCP,0,,,a,
ASN00092045,19890930,PRCP,0,,,a,
ASN00092045,19890901,TAVG,118,H,,S,
ASN00092045,19890902,TAVG,123,H,,S,
ASN00092045,19890903,TAVG,113,H,,S,
ASN00092045,19890904,TAVG,106,H,,S,
ASN00092045,19890905,TAVG,119,H,,S,
ASN00092045,19890906,TAVG,111,H,,S,
ASN00092045,19890907,TAVG,119,H,,S,
ASN00092045,19890908,TAVG,137,H,,S,
ASN00092045,19890909,TAVG,103,H,,S,
ASN00092045,19890910,TAVG,117,H,,S,
ASN00092045,19890911,TAVG,104,H,,S,
ASN00092045,19890912,TAVG,108,H,,S,
ASN00092045,19890913,TAVG,101,H,,S,
ASN00092045,19890914,TAVG,109,H,,S,
ASN00092045,19890915,TAVG,115,H,,S,
ASN00092045,19890916,TAVG,116,H,,S,
ASN00092045,19890917,TAVG,126,H,,S,
ASN00092045,19890918,TAVG,119,H,,S,
ASN00092045,19890919,TAVG,118,H,,S,
ASN00092045,19890920,TAVG,109,H,,S,
ASN00092045,19890921,TAVG,133,H,,S,
ASN00092045,19890922,TAVG,109,H,,S,
ASN00092045,19890923,TAVG,121,H,,S,
ASN00092045,19890924,TAVG,124,H,,S,
ASN00092045,19890925,TAVG,108,H,,S,
ASN00092045,19890926,TAVG,97,H,,S,
ASN00092045,19890927,TAVG,123,H,,S,
ASN00092045,19890928,TAVG,120,H,,S,
ASN00092045,19890929,TAVG,142,H,,S,
ASN00092045,19890930,TAVG,131,H,,S,
ASN00092045,19891001,TMAX,150,,,a,
ASN00092045,19891002,TMAX,146,,,a,
ASN00092045,19891003,TMAX,153,,,a,
ASN00092045,19891004,TMAX,138,,,a,
ASN00092045,19891005,TMAX,146,,,a,
ASN00092045,19891006,TMAX,148,,,a,
ASN00092045,19891007,TMAX,150,,,a,
ASN00092045,19891008,TMAX,150,,,a,
ASN00092045,19891009,TMAX,150,,,a,
ASN00092045,19891010,TMAX,158,,,a,
ASN00092045,19891011,TMAX,185,,,a,
ASN00092045,19891012,TMAX,150,,,a,
ASN00092045,19891013,TMAX,164,,,a,
ASN00092045,19891014,TMAX,158,,,a,
ASN00092045,19891015,TMAX,180,,,a,
ASN00092045,19891016,TMAX,164,,,a,
ASN00092045,19891017,TMAX,172,,,a,
ASN00092045,19891018,TMAX,165,,,a,
ASN00092045,19891019,TMAX,160,,,a,
ASN00092045,19891020,TMAX,153,,,a,
ASN00092045,19891021,TMAX,178,,,a,
ASN00092045,19891022,TMAX,174,,,a,
ASN00092045,19891023,TMAX,180,,,a,
ASN00092045,19891024,TMAX,165,,,a,
ASN00092045,19891025,TMAX,156,,,a,
ASN00092045,19891026,TMAX,162,,,a,
ASN00092045,19891027,TMAX,162,,,a,
ASN00092045,19891028,TMAX,172,,,a,
ASN00092045,19891029,TMAX,162,,,a,
ASN00092045,19891030,TMAX,205,,,a,
ASN00092045,19891031,TMAX,171,,,a,
ASN00092045,19891001,TMIN,85,,,a,
ASN00092045,19891002,TMIN,68,,,a,
ASN00092045,19891003,TMIN,83,,,a,
ASN00092045,19891004,TMIN,101,,,a,
ASN00092045,19891005,TMIN,110,,,a,
ASN00092045,19891006,TMIN,98,,,a,
ASN00092045,19891007,TMIN,92,,,a,
ASN00092045,19891008,TMIN,88,,,a,
ASN00092045,19891009,TMIN,47,,,a,
ASN00092045,19891010,TMIN,62,,,a,
ASN00092045,19891011,TMIN,80,,,a,
ASN00092045,19891012,TMIN,96,,,a,
ASN00092045,19891013,TMIN,90,,,a,
ASN00092045,19891014,TMIN,42,,,a,
ASN00092045,19891015,TMIN,40,,,a,
ASN00092045,19891016,TMIN,55,,,a,
ASN00092045,19891017,TMIN,77,,,a,
ASN00092045,19891018,TMIN,113,,,a,
ASN00092045,19891019,TMIN,117,,,a,
ASN00092045,19891020,TMIN,110,,,a,
ASN00092045,19891021,TMIN,90,,,a,
ASN00092045,19891022,TMIN,109,,,a,
ASN00092045,19891023,TMIN,77,,,a,
ASN00092045,19891024,TMIN,95,,,a,
ASN00092045,19891025,TMIN,115,,,a,
ASN00092045,19891026,TMIN,126,,,a,
ASN00092045,19891027,TMIN,105,,,a,
ASN00092045,19891028,TMIN,107,,,a,
ASN00092045,19891029,TMIN,95,,,a,
ASN00092045,19891030,TMIN,100,,,a,
ASN00092045,19891031,TMIN,60,,,a,
ASN00092045,19891001,PRCP,0,,,a,
ASN00092045,19891002,PRCP,36,,,a,
ASN00092045,19891003,PRCP,0,,,a,
ASN00092045,19891004,PRCP,0,,,a,
ASN00092045,19891005,PRCP,2,,,a,
ASN00092045,19891006,PRCP,104,,,a,
ASN00092045,19891007,PRCP,0,,,a,
ASN00092045,19891008,PRCP,100,,,a,
ASN00092045,19891009,PRCP,38,,,a,
ASN00092045,19891010,PRCP,16,,,a,
ASN00092045,19891011,PRCP,0,,,a,
ASN00092045,19891012,PRCP,0,,,a,
ASN00092045,19891013,PRCP,136,,,a,
ASN00092045,19891014,PRCP,46,,,a,
ASN00092045,19891015,PRCP,0,,,a,
ASN00092045,19891016,PRCP,104,,,a,
ASN00092045,19891017,PRCP,0,,,a,
ASN00092045,19891018,PRCP,2,,,a,
ASN00092045,19891019,PRCP,0,,,a,
ASN00092045,19891020,PRCP,94,,,a,
ASN00092045,19891021,PRCP,0,,,a,
ASN00092045,19891022,PRCP,0,,,a,
ASN00092045,19891023,PRCP,0,,,a,
ASN00092045,19891024,PRCP,0,,,a,
ASN00092045,19891025,PRCP,2,,,a,
ASN00092045,19891026,PRCP,4,,,a,
ASN00092045,19891027,PRCP,280,,,a,
ASN00092045,19891028,PRCP,78,,,a,
ASN00092045,19891029,PRCP,0,,,a,
ASN00092045,19891030,PRCP,0,,,a,
ASN00092045,19891031,PRCP,80,,,a,
ASN00092045,19891001,TAVG,98,H,,S,
ASN00092045,19891002,TAVG,104,H,,S,
ASN00092045,19891003,TAVG,122,H,,S,
ASN00092045,19891004,TAVG,122,H,,S,
ASN00092045,19891005,TAVG,116,H,,S,
ASN00092045,19891006,TAVG,122,H,,S,
ASN00092045,19891007,TAVG,128,H,,S,
ASN00092045,19891008,TAVG,104,H,,S,
ASN00092045,19891009,TAVG,114,H,,S,
ASN00092045,19891010,TAVG,133,H,,S,
ASN00092045,19891011,TAVG,136,H,,S,
ASN00092045,19891012,TAVG,119,H,,S,
ASN00092045,19891013,TAVG,119,H,,S,
ASN00092045,19891014,TAVG,131,H,,S,
ASN00092045,19891015,TAVG,124,H,,S,
ASN00092045,19891016,TAVG,109,H,,S,
ASN00092045,19891017,TAVG,139,H,,S,
ASN00092045,19891018,TAVG,138,H,,S,
ASN00092045,19891019,TAVG,121,H,,S,
ASN00092045,19891020,TAVG,122,H,,S,
ASN00092045,19891022,TAVG,127,H,,S,
ASN00092045,19891023,TAVG,131,H,,S,
ASN00092045,19891024,TAVG,137,H,,S,
ASN00092045,19891025,TAVG,141,H,,S,
ASN00092045,19891026,TAVG,135,H,,S,
ASN00092045,19891027,TAVG,131,H,,S,
ASN00092045,19891028,TAVG,130,H,,S,
ASN00092045,19891029,TAVG,133,H,,S,
ASN00092045,19891030,TAVG,123,H,,S,
ASN00092045,19891031,TAVG,134,H,,S,
ASN00092045,19891101,TMAX,180,,,a,
ASN00092045,19891102,TMAX,162,,,a,
ASN00092045,19891103,TMAX,155,,,a,
ASN00092045,19891104,TMAX,177,,,a,
ASN00092045,19891105,TMAX,175,,,a,
ASN00092045,19891106,TMAX,156,,,a,
ASN00092045,19891107,TMAX,170,,,a,
ASN00092045,19891108,TMAX,178,,,a,
ASN00092045,19891109,TMAX,171,,,a,
ASN00092045,19891110,TMAX,155,,,a,
ASN00092045,19891111,TMAX,162,,,a,
ASN00092045,19891112,TMAX,193,,,a,
ASN00092045,19891113,TMAX,195,,,a,
ASN00092045,19891114,TMAX,195,,,a,
ASN00092045,19891115,TMAX,185,,,a,
ASN00092045,19891116,TMAX,180,,,a,
ASN00092045,19891117,TMAX,164,,,a,
ASN00092045,19891118,TMAX,155,,,a,
ASN00092045,19891119,TMAX,156,,,a,
ASN00092045,19891120,TMAX,192,,,a,
ASN00092045,19891121,TMAX,217,,,a,
ASN00092045,19891122,TMAX,188,,,a,
ASN00092045,19891123,TMAX,214,,,a,
ASN00092045,19891124,TMAX,179,,,a,
ASN00092045,19891125,TMAX,170,,,a,
ASN00092045,19891126,TMAX,179,,,a,
ASN00092045,19891127,TMAX,172,,,a,
ASN00092045,19891128,TMAX,190,,,a,
ASN00092045,19891129,TMAX,209,,,a,
ASN00092045,19891130,TMAX,238,,,a,
ASN00092045,19891101,TMIN,93,,,a,
ASN00092045,19891102,TMIN,102,,,a,
ASN00092045,19891103,TMIN,85,,,a,
ASN00092045,19891104,TMIN,130,,,a,
ASN00092045,19891105,TMIN,140,,,a,
ASN00092045,19891106,TMIN,130,,,a,
ASN00092045,19891107,TMIN,114,,,a,
ASN00092045,19891108,TMIN,105,,,a,
ASN00092045,19891109,TMIN,60,,,a,
ASN00092045,19891110,TMIN,73,,,a,
ASN00092045,19891111,TMIN,85,,,a,
ASN00092045,19891112,TMIN,93,,,a,
ASN00092045,19891113,TMIN,105,,,a,
ASN00092045,19891114,TMIN,95,,,a,
ASN00092045,19891115,TMIN,132,,,a,
ASN00092045,19891116,TMIN,140,,,a,
ASN00092045,19891117,TMIN,143,,,a,
ASN00092045,19891119,TMIN,114,,,a,
ASN00092045,19891120,TMIN,106,,,a,
ASN00092045,19891121,TMIN,116,,,a,
ASN00092045,19891122,TMIN,122,,,a,
ASN00092045,19891123,TMIN,155,,,a,
ASN00092045,19891124,TMIN,140,,,a,
ASN00092045,19891125,TMIN,135,,,a,
ASN00092045,19891126,TMIN,136,,,a,
ASN00092045,19891127,TMIN,135,,,a,
ASN00092045,19891128,TMIN,135,,,a,
ASN00092045,19891129,TMIN,140,,,a,
ASN00092045,19891130,TMIN,154,,,a,
ASN00092045,19891101,PRCP,0,,,a,
ASN00092045,19891102,PRCP,82,,,a,
ASN00092045,19891103,PRCP,0,,,a,
ASN00092045,19891104,PRCP,0,,,a,
ASN00092045,19891105,PRCP,0,,,a,
ASN00092045,19891106,PRCP,26,,,a,
ASN00092045,19891107,PRCP,0,,,a,
ASN00092045,19891108,PRCP,0,,,a,
ASN00092045,19891109,PRCP,20,,,a,
ASN00092045,19891110,PRCP,2,,,a,
ASN00092045,19891111,PRCP,0,,,a,
ASN00092045,19891112,PRCP,0,,,a,
ASN00092045,19891113,PRCP,0,,,a,
ASN00092045,19891114,PRCP,0,,,a,
ASN00092045,19891115,PRCP,0,,,a,
ASN00092045,19891116,PRCP,0,,,a,
ASN00092045,19891117,PRCP,322,,,a,
ASN00092045,19891118,PRCP,90,,,a,
ASN00092045,19891119,PRCP,4,,,a,
ASN00092045,19891120,PRCP,0,,,a,
ASN00092045,19891121,PRCP,0,,,a,
ASN00092045,19891122,PRCP,0,,,a,
ASN00092045,19891123,PRCP,0,,,a,
ASN00092045,19891124,PRCP,0,,,a,
ASN00092045,19891125,PRCP,0,,,a,
ASN00092045,19891126,PRCP,0,,,a,
ASN00092045,19891127,PRCP,0,,,a,
ASN00092045,19891128,PRCP,0,,,a,
ASN00092045,19891129,PRCP,0,,,a,
ASN00092045,19891130,PRCP,6,,,a,
ASN00092045,19891101,TAVG,128,H,,S,
ASN00092045,19891102,TAVG,131,H,,S,
ASN00092045,19891103,TAVG,145,H,,S,
ASN00092045,19891104,TAVG,149,H,,S,
ASN00092045,19891105,TAVG,146,H,,S,
ASN00092045,19891106,TAVG,134,H,,S,
ASN00092045,19891107,TAVG,134,H,,S,
ASN00092045,19891108,TAVG,134,H,,S,
ASN00092045,19891109,TAVG,127,H,,S,
ASN00092045,19891110,TAVG,126,H,,S,
ASN00092045,19891111,TAVG,140,H,,S,
ASN00092045,19891112,TAVG,146,H,,S,
ASN00092045,19891113,TAVG,150,H,,S,
ASN00092045,19891114,TAVG,155,H,,S,
ASN00092045,19891115,TAVG,158,H,,S,
ASN00092045,19891116,TAVG,149,H,,S,
ASN00092045,19891117,TAVG,137,H,,S,
ASN00092045,19891118,TAVG,133,H,,S,
ASN00092045,19891119,TAVG,127,H,,S,
ASN00092045,19891120,TAVG,154,H,,S,
ASN00092045,19891121,TAVG,163,H,,S,
ASN00092045,19891122,TAVG,172,H,,S,
ASN00092045,19891123,TAVG,179,H,,S,
ASN00092045,19891124,TAVG,148,H,,S,
ASN00092045,19891125,TAVG,147,H,,S,
ASN00092045,19891126,TAVG,147,H,,S,
ASN00092045,19891127,TAVG,151,H,,S,
ASN00092045,19891128,TAVG,162,H,,S,
ASN00092045,19891129,TAVG,177,H,,S,
ASN00092045,19891130,TAVG,178,H,,S,
ASN00092045,19891201,TMAX,210,,,a,
ASN00092045,19891202,TMAX,195,,,a,
ASN00092045,19891203,TMAX,195,,,a,
ASN00092045,19891204,TMAX,165,,,a,
ASN00092045,19891205,TMAX,185,,,a,
ASN00092045,19891206,TMAX,196,,,a,
ASN00092045,19891207,TMAX,200,,,a,
ASN00092045,19891208,TMAX,198,,,a,
ASN00092045,19891209,TMAX,197,,,a,
ASN00092045,19891210,TMAX,205,,,a,
ASN00092045,19891211,TMAX,233,,,a,
ASN00092045,19891212,TMAX,210,,,a,
ASN00092045,19891213,TMAX,200,,,a,
ASN00092045,19891214,TMAX,172,,,a,
ASN00092045,19891215,TMAX,238,,,a,
ASN00092045,19891216,TMAX,187,,,a,
ASN00092045,19891217,TMAX,185,,,a,
ASN00092045,19891218,TMAX,213,,,a,
ASN00092045,19891219,TMAX,253,,,a,
ASN00092045,19891220,TMAX,196,,,a,
ASN00092045,19891221,TMAX,184,,,a,
ASN00092045,19891222,TMAX,187,,,a,
ASN00092045,19891223,TMAX,185,,,a,
ASN00092045,19891224,TMAX,190,,,a,
ASN00092045,19891225,TMAX,207,,,a,
ASN00092045,19891226,TMAX,190,,,a,
ASN00092045,19891227,TMAX,218,,,a,
ASN00092045,19891228,TMAX,168,,,a,
ASN00092045,19891229,TMAX,198,,,a,
ASN00092045,19891230,TMAX,202,,,a,
ASN00092045,19891231,TMAX,190,,,a,
ASN00092045,19891201,TMIN,145,,,a,
ASN00092045,19891202,TMIN,152,,,a,
ASN00092045,19891204,TMIN,108,,,a,
ASN00092045,19891205,TMIN,120,,,a,
ASN00092045,19891206,TMIN,152,,,a,
ASN00092045,19891207,TMIN,148,,,a,
ASN00092045,19891208,TMIN,128,,,a,
ASN00092045,19891209,TMIN,155,,,a,
ASN00092045,19891210,TMIN,162,,,a,
ASN00092045,19891211,TMIN,160,,,a,
ASN00092045,19891212,TMIN,110,,,a,
ASN00092045,19891213,TMIN,95,,,a,
ASN00092045,19891215,TMIN,88,,,a,
ASN00092045,19891216,TMIN,117,,,a,
ASN00092045,19891217,TMIN,105,,,a,
ASN00092045,19891218,TMIN,130,,,a,
ASN00092045,19891219,TMIN,163,,,a,
ASN00092045,19891220,TMIN,118,,,a,
ASN00092045,19891221,TMIN,78,,,a,
ASN00092045,19891222,TMIN,120,,,a,
ASN00092045,19891224,TMIN,136,,,a,
ASN00092045,19891225,TMIN,125,,,a,
ASN00092045,19891226,TMIN,106,,,a,
ASN00092045,19891228,TMIN,113,,,a,
ASN00092045,19891229,TMIN,112,,,a,
ASN00092045,19891231,TMIN,140,,,a,
ASN00092045,19891201,PRCP,0,,,a,
ASN00092045,19891202,PRCP,32,,,a,
ASN00092045,19891203,PRCP,2,,,a,
ASN00092045,19891204,PRCP,40,,,a,
ASN00092045,19891205,PRCP,0,,,a,
ASN00092045,19891206,PRCP,0,,,a,
ASN00092045,19891207,PRCP,0,,,a,
ASN00092045,19891208,PRCP,0,,,a,
ASN00092045,19891209,PRCP,2,,,a,
ASN00092045,19891210,PRCP,4,,,a,
ASN00092045,19891211,PRCP,2,,,a,
ASN00092045,19891212,PRCP,2,,,a,
ASN00092045,19891213,PRCP,0,,,a,
ASN00092045,19891214,PRCP,4,,,a,
ASN00092045,19891215,PRCP,0,,,a,
ASN00092045,19891216,PRCP,0,,,a,
ASN00092045,19891217,PRCP,0,,,a,
ASN00092045,19891218,PRCP,0,,,a,
ASN00092045,19891219,PRCP,0,,,a,
ASN00092045,19891220,PRCP,72,,,a,
ASN00092045,19891221,PRCP,44,,,a,
ASN00092045,19891222,PRCP,0,,,a,
ASN00092045,19891223,PRCP,0,,,a,
ASN00092045,19891224,PRCP,0,,,a,
ASN00092045,19891225,PRCP,0,,,a,
ASN00092045,19891226,PRCP,54,,,a,
ASN00092045,19891227,PRCP,22,,,a,
ASN00092045,19891228,PRCP,48,,,a,
ASN00092045,19891229,PRCP,0,,,a,
ASN00092045,19891230,PRCP,0,,,a,
ASN00092045,19891231,PRCP,0,,,a,
ASN00092045,19891201,TAVG,176,H,,S,
ASN00092045,19891202,TAVG,159,H,,S,
ASN00092045,19891203,TAVG,148,H,,S,
ASN00092045,19891204,TAVG,143,H,,S,
ASN00092045,19891205,TAVG,161,H,,S,
ASN00092045,19891206,TAVG,166,H,,S,
ASN00092045,19891207,TAVG,162,H,,S,
ASN00092045,19891208,TAVG,173,H,,S,
ASN00092045,19891209,TAVG,173,H,,S,
ASN00092045,19891210,TAVG,171,H,,S,
ASN00092045,19891211,TAVG,159,H,,S,
ASN00092045,19891212,TAVG,153,H,,S,
ASN00092045,19891213,TAVG,140,H,,S,
ASN00092045,19891214,TAVG,134,H,,S,
ASN00092045,19891215,TAVG,176,H,,S,
ASN00092045,19891216,TAVG,147,H,,S,
ASN00092045,19891217,TAVG,162,H,,S,
ASN00092045,19891218,TAVG,178,H,,S,
ASN00092045,19891219,TAVG,163,H,,S,
ASN00092045,19891220,TAVG,123,H,,S,
ASN00092045,19891221,TAVG,152,H,,S,
ASN00092045,19891223,TAVG,156,H,,S,
ASN00092045,19891224,TAVG,158,H,,S,
ASN00092045,19891225,TAVG,181,H,,S,
ASN00092045,19891226,TAVG,153,H,,S,
ASN00092045,19891227,TAVG,140,H,,S,
ASN00092045,19891228,TAVG,139,H,,S,
ASN00092045,19891229,TAVG,163,H,,S,
ASN00092045,19891230,TAVG,164,H,,S,
ASN00092045,19891231,TAVG,165,H,,S,
ASN00092045,19900101,TMAX,245,,,a,
ASN00092045,19900102,TMAX,200,,,a,
ASN00092045,19900103,TMAX,222,,,a,
ASN00092045,19900104,TMAX,222,,,a,
ASN00092045,19900105,TMAX,184,,,a,
ASN00092045,19900106,TMAX,192,,,a,
ASN00092045,19900107,TMAX,220,,,a,
ASN00092045,19900108,TMAX,205,,,a,
ASN00092045,19900109,TMAX,198,,,a,
ASN00092045,19900110,TMAX,200,,,a,
ASN00092045,19900111,TMAX,226,,,a,
ASN00092045,19900112,TMAX,275,,,a,
ASN00092045,19900113,TMAX,245,,,a,
ASN00092045,19900114,TMAX,225,,,a,
ASN00092045,19900115,TMAX,185,,,a,
ASN00092045,19900116,TMAX,190,,,a,
ASN00092045,19900117,TMAX,197,,,a,
ASN00092045,19900118,TMAX,228,,,a,
ASN00092045,19900119,TMAX,216,,,a,
ASN00092045,19900120,TMAX,243,,,a,
ASN00092045,19900121,TMAX,226,,,a,
ASN00092045,19900122,TMAX,216,,,a,
ASN00092045,19900123,TMAX,206,,,a,
ASN00092045,19900124,TMAX,303,,,a,
ASN00092045,19900125,TMAX,201,,,a,
ASN00092045,19900126,TMAX,215,,,a,
ASN00092045,19900127,TMAX,235,,,a,
ASN00092045,19900128,TMAX,215,,,a,
ASN00092045,19900129,TMAX,190,,,a,
ASN00092045,19900130,TMAX,205,,,a,
ASN00092045,19900131,TMAX,220,,,a,
ASN00092045,19900101,TMIN,145,,,a,
ASN00092045,19900102,TMIN,155,,,a,
ASN00092045,19900103,TMIN,145,,,a,
ASN00092045,19900104,TMIN,95,,,a,
ASN00092045,19900105,TMIN,140,,,a,
ASN00092045,19900106,TMIN,145,,,a,
ASN00092045,19900107,TMIN,140,,,a,
ASN00092045,19900108,TMIN,155,,,a,
ASN00092045,19900109,TMIN,135,,,a,
ASN00092045,19900110,TMIN,158,,,a,
ASN00092045,19900111,TMIN,168,,,a,
ASN00092045,19900112,TMIN,176,,,a,
ASN00092045,19900113,TMIN,145,,,a,
ASN00092045,19900114,TMIN,93,,,a,
ASN00092045,19900115,TMIN,95,,,a,
ASN00092045,19900116,TMIN,53,,,a,
ASN00092045,19900117,TMIN,123,,,a,
ASN00092045,19900118,TMIN,145,,,a,
ASN00092045,19900119,TMIN,120,,,a,
ASN00092045,19900120,TMIN,111,,,a,
ASN00092045,19900121,TMIN,115,,,a,
ASN00092045,19900122,TMIN,150,,,a,
ASN00092045,19900123,TMIN,130,,,a,
ASN00092045,19900124,TMIN,170,,,a,
ASN00092045,19900125,TMIN,137,,,a,
ASN00092045,19900126,TMIN,160,,,a,
ASN00092045,19900127,TMIN,166,,,a,
ASN00092045,19900128,TMIN,120,,,a,
ASN00092045,19900129,TMIN,85,,,a,
ASN00092045,19900130,TMIN,150,,,a,
ASN00092045,19900131,TMIN,165,,,a,
ASN00092045,19900101,PRCP,0,,,a,
ASN00092045,19900102,PRCP,0,,,a,
ASN00092045,19900103,PRCP,0,,,a,
ASN00092045,19900104,PRCP,12,,,a,
ASN00092045,19900105,PRCP,0,,,a,
ASN00092045,19900106,PRCP,2,,,a,
ASN00092045,19900107,PRCP,0,,,a,
ASN00092045,19900108,PRCP,0,,,a,
ASN00092045,19900109,PRCP,0,,,a,
ASN00092045,19900110,PRCP,0,,,a,
ASN00092045,19900111,PRCP,0,,,a,
ASN00092045,19900112,PRCP,0,,,a,
ASN00092045,19900113,PRCP,0,,,a,
ASN00092045,19900114,PRCP,0,,,a,
ASN00092045,19900115,PRCP,0,,,a,
ASN00092045,19900116,PRCP,108,,,a,
ASN00092045,19900117,PRCP,0,,,a,
ASN00092045,19900118,PRCP,0,,,a,
ASN00092045,19900119,PRCP,0,,,a,
ASN00092045,19900120,PRCP,0,,,a,
ASN00092045,19900121,PRCP,4,,,a,
ASN00092045,19900122,PRCP,0,,,a,
ASN00092045,19900123,PRCP,0,,,a,
ASN00092045,19900124,PRCP,0,,,a,
ASN00092045,19900125,PRCP,0,,,a,
ASN00092045,19900126,PRCP,12,,,a,
ASN00092045,19900127,PRCP,0,,,a,
ASN00092045,19900128,PRCP,18,,,a,
ASN00092045,19900129,PRCP,0,,,a,
ASN00092045,19900130,PRCP,0,,,a,
ASN00092045,19900131,PRCP,0,,,a,
ASN00092045,19900101,TAVG,184,H,,S,
ASN00092045,19900102,TAVG,167,H,,S,
ASN00092045,19900103,TAVG,158,H,,S,
ASN00092045,19900104,TAVG,170,H,,S,
ASN00092045,19900105,TAVG,165,H,,S,
ASN00092045,19900106,TAVG,172,H,,S,
ASN00092045,19900107,TAVG,176,H,,S,
ASN00092045,19900108,TAVG,166,H,,S,
ASN00092045,19900109,TAVG,169,H,,S,
ASN00092045,19900110,TAVG,177,H,,S,
ASN00092045,19900111,TAVG,193,H,,S,
ASN00092045,19900112,TAVG,193,H,,S,
ASN00092045,19900113,TAVG,176,H,,S,
ASN00092045,19900114,TAVG,170,H,,S,
ASN00092045,19900115,TAVG,114,H,,S,
ASN00092045,19900116,TAVG,151,H,,S,
ASN00092045,19900117,TAVG,169,H,,S,
ASN00092045,19900118,TAVG,172,H,,S,
ASN00092045,19900119,TAVG,177,H,,S,
ASN00092045,19900120,TAVG,178,H,,S,
ASN00092045,19900121,TAVG,186,H,,S,
ASN00092045,19900122,TAVG,171,H,,S,
ASN00092045,19900123,TAVG,185,H,,S,
ASN00092045,19900124,TAVG,207,H,,S,
ASN00092045,19900125,TAVG,178,H,,S,
ASN00092045,19900126,TAVG,183,H,,S,
ASN00092045,19900127,TAVG,170,H,,S,
ASN00092045,19900128,TAVG,156,H,,S,
ASN00092045,19900129,TAVG,168,H,,S,
ASN00092045,19900130,TAVG,185,H,,S,
ASN00092045,19900131,TAVG,174,H,,S,
ASN00092045,19900201,TMAX,171,,,a,
ASN00092045,19900202,TMAX,162,,,a,
ASN00092045,19900203,TMAX,169,,,a,
ASN00092045,19900204,TMAX,163,,,a,
ASN00092045,19900205,TMAX,140,,,a,
ASN00092045,19900206,TMAX,175,,,a,
ASN00092045,19900207,TMAX,178,,,a,
ASN00092045,19900208,TMAX,183,,,a,
ASN00092045,19900209,TMAX,187,,,a,
ASN00092045,19900210,TMAX,210,,,a,
ASN00092045,19900211,TMAX,198,,,a,
ASN00092045,19900212,TMAX,198,,,a,
ASN00092045,19900213,TMAX,210,,,a,
ASN00092045,19900214,TMAX,198,,,a,
ASN00092045,19900215,TMAX,200,,,a,
ASN00092045,19900216,TMAX,205,,,a,
ASN00092045,19900217,TMAX,190,,,a,
ASN00092045,19900218,TMAX,212,,,a,
ASN00092045,19900219,TMAX,220,,,a,
ASN00092045,19900220,TMAX,235,,,a,
ASN00092045,19900221,TMAX,215,,,a,
ASN00092045,19900222,TMAX,228,,,a,
ASN00092045,19900223,TMAX,220,,,a,
ASN00092045,19900224,TMAX,206,,,a,
ASN00092045,19900225,TMAX,203,,,a,
ASN00092045,19900226,TMAX,190,,,a,
ASN00092045,19900227,TMAX,205,,,a,
ASN00092045,19900228,TMAX,223,,,a,
ASN00092045,19900201,TMIN,150,,,a,
ASN00092045,19900202,TMIN,150,,,a,
ASN00092045,19900203,TMIN,144,,,a,
ASN00092045,19900204,TMIN,145,,,a,
ASN00092045,19900205,TMIN,132,,,a,
ASN00092045,19900206,TMIN,123,,,a,
ASN00092045,19900207,TMIN,132,,,a,
ASN00092045,19900208,TMIN,150,,,a,
ASN00092045,19900209,TMIN,160,,,a,
ASN00092045,19900210,TMIN,145,,,a,
ASN00092045,19900211,TMIN,148,,,a,
ASN00092045,19900212,TMIN,148,,,a,
ASN00092045,19900213,TMIN,150,,,a,
ASN00092045,19900214,TMIN,150,,,a,
ASN00092045,19900215,TMIN,160,,,a,
ASN00092045,19900216,TMIN,148,,,a,
ASN00092045,19900217,TMIN,167,,,a,
ASN00092045,19900218,TMIN,130,,,a,
ASN00092045,19900219,TMIN,110,,,a,
ASN00092045,19900220,TMIN,85,,,a,
ASN00092045,19900221,TMIN,160,,,a,
ASN00092045,19900222,TMIN,177,,,a,
ASN00092045,19900223,TMIN,122,,,a,
ASN00092045,19900224,TMIN,116,,,a,
ASN00092045,19900225,TMIN,138,,,a,
ASN00092045,19900226,TMIN,157,,,a,
ASN00092045,19900227,TMIN,160,,,a,
ASN00092045,19900228,TMIN,146,,,a,
ASN00092045,19900201,PRCP,42,,,a,
ASN00092045,19900202,PRCP,214,,,a,
ASN00092045,19900203,PRCP,192,,,a,
ASN00092045,19900204,PRCP,8,,,a,
ASN00092045,19900205,PRCP,52,,,a,
ASN00092045,19900206,PRCP,110,,,a,
ASN00092045,19900207,PRCP,0,,,a,
ASN00092045,19900208,PRCP,0,,,a,
ASN00092045,19900209,PRCP,0,,,a,
ASN00092045,19900210,PRCP,46,,,a,
ASN00092045,19900211,PRCP,54,,,a,
ASN00092045,19900212,PRCP,4,,,a,
ASN00092045,19900213,PRCP,2,,,a,
ASN00092045,19900214,PRCP,4,,,a,
ASN00092045,19900215,PRCP,0,,,a,
ASN00092045,19900216,PRCP,0,,,a,
ASN00092045,19900217,PRCP,0,,,a,
ASN00092045,19900218,PRCP,24,,,a,
ASN00092045,19900219,PRCP,0,,,a,
ASN00092045,19900220,PRCP,0,,,a,
ASN00092045,19900221,PRCP,0,,,a,
ASN00092045,19900222,PRCP,0,,,a,
ASN00092045,19900223,PRCP,20,,,a,
ASN00092045,19900224,PRCP,0,,,a,
ASN00092045,19900225,PRCP,0,,,a,
ASN00092045,19900226,PRCP,0,,,a,
ASN00092045,19900227,PRCP,0,,,a,
ASN00092045,19900228,PRCP,0,,,a,
ASN00092045,19900201,TAVG,155,H,,S,
ASN00092045,19900202,TAVG,151,H,,S,
ASN00092045,19900203,TAVG,159,H,,S,
ASN00092045,19900204,TAVG,148,H,,S,
ASN00092045,19900205,TAVG,129,H,,S,
ASN00092045,19900206,TAVG,157,H,,S,
ASN00092045,19900207,TAVG,160,H,,S,
ASN00092045,19900208,TAVG,169,H,,S,
ASN00092045,19900209,TAVG,162,H,,S,
ASN00092045,19900210,TAVG,171,H,,S,
ASN00092045,19900211,TAVG,168,H,,S,
ASN00092045,19900212,TAVG,167,H,,S,
ASN00092045,19900213,TAVG,169,H,,S,
ASN00092045,19900214,TAVG,173,H,,S,
ASN00092045,19900215,TAVG,172,H,,S,
ASN00092045,19900216,TAVG,181,H,,S,
ASN00092045,19900217,TAVG,169,H,,S,
ASN00092045,19900218,TAVG,158,H,,S,
ASN00092045,19900219,TAVG,168,H,,S,
ASN00092045,19900220,TAVG,187,H,,S,
ASN00092045,19900221,TAVG,191,H,,S,
ASN00092045,19900222,TAVG,169,H,,S,
ASN00092045,19900223,TAVG,167,H,,S,
ASN00092045,19900224,TAVG,170,H,,S,
ASN00092045,19900225,TAVG,175,H,,S,
ASN00092045,19900226,TAVG,167,H,,S,
ASN00092045,19900227,TAVG,171,H,,S,
ASN00092045,19900228,TAVG,183,H,,S,
ASN00092045,19900301,TMAX,210,,,a,
ASN00092045,19900302,TMAX,205,,,a,
ASN00092045,19900303,TMAX,217,,,a,
ASN00092045,19900304,TMAX,226,,,a,
ASN00092045,19900305,TMAX,265,,,a,
ASN00092045,19900306,TMAX,176,,,a,
ASN00092045,19900307,TMAX,178,,,a,
ASN00092045,19900308,TMAX,217,,,a,
ASN00092045,19900309,TMAX,245,,,a,
ASN00092045,19900310,TMAX,207,,,a,
ASN00092045,19900311,TMAX,198,,,a,
ASN00092045,19900312,TMAX,180,,,a,
ASN00092045,19900313,TMAX,189,,,a,
ASN00092045,19900314,TMAX,210,,,a,
ASN00092045,19900315,TMAX,220,,,a,
ASN00092045,19900316,TMAX,190,,,a,
ASN00092045,19900317,TMAX,222,,,a,
ASN00092045,19900318,TMAX,198,,,a,
ASN00092045,19900319,TMAX,202,,,a,
ASN00092045,19900320,TMAX,211,,,a,
ASN00092045,19900321,TMAX,193,,,a,
ASN00092045,19900322,TMAX,219,,,a,
ASN00092045,19900323,TMAX,210,,,a,
ASN00092045,19900324,TMAX,225,,,a,
ASN00092045,19900325,TMAX,230,,,a,
ASN00092045,19900326,TMAX,230,,,a,
ASN00092045,19900327,TMAX,232,,,a,
ASN00092045,19900328,TMAX,225,,,a,
ASN00092045,19900329,TMAX,205,,,a,
ASN00092045,19900330,TMAX,188,,,a,
ASN00092045,19900331,TMAX,223,,,a,
ASN00092045,19900301,TMIN,166,,,a,
ASN00092045,19900302,TMIN,172,,,a,
ASN00092045,19900303,TMIN,145,,,a,
ASN00092045,19900304,TMIN,165,,,a,
ASN00092045,19900305,TMIN,170,,,a,
ASN00092045,19900306,TMIN,157,,,a,
ASN00092045,19900307,TMIN,112,,,a,
ASN00092045,19900308,TMIN,117,,,a,
ASN00092045,19900309,TMIN,154,,,a,
ASN00092045,19900310,TMIN,128,,,a,
ASN00092045,19900311,TMIN,125,,,a,
ASN00092045,19900312,TMIN,110,,,a,
ASN00092045,19900313,TMIN,110,,,a,
ASN00092045,19900314,TMIN,154,,,a,
ASN00092045,19900315,TMIN,145,,,a,
ASN00092045,19900316,TMIN,135,,,a,
ASN00092045,19900317,TMIN,136,,,a,
ASN00092045,19900318,TMIN,120,,,a,
ASN00092045,19900319,TMIN,129,,,a,
ASN00092045,19900320,TMIN,120,,,a,
ASN00092045,19900321,TMIN,152,,,a,
ASN00092045,19900322,TMIN,145,,,a,
ASN00092045,19900323,TMIN,175,,,a,
ASN00092045,19900324,TMIN,185,,,a,
ASN00092045,19900325,TMIN,180,,,a,
ASN00092045,19900326,TMIN,172,,,a,
ASN00092045,19900327,TMIN,166,,,a,
ASN00092045,19900328,TMIN,151,,,a,
ASN00092045,19900329,TMIN,110,,,a,
ASN00092045,19900330,TMIN,95,,,a,
ASN00092045,19900331,TMIN,134,,,a,
ASN00092045,19900301,PRCP,0,,,a,
ASN00092045,19900302,PRCP,0,,,a,
ASN00092045,19900303,PRCP,0,,,a,
ASN00092045,19900304,PRCP,0,,,a,
ASN00092045,19900305,PRCP,4,,,a,
ASN00092045,19900306,PRCP,12,,,a,
ASN00092045,19900307,PRCP,114,,,a,
ASN00092045,19900308,PRCP,0,,,a,
ASN00092045,19900309,PRCP,0,,,a,
ASN00092045,19900310,PRCP,0,,,a,
ASN00092045,19900311,PRCP,104,,,a,
ASN00092045,19900312,PRCP,62,,,a,
ASN00092045,19900313,PRCP,0,,,a,
ASN00092045,19900314,PRCP,0,,,a,
ASN00092045,19900315,PRCP,0,,,a,
ASN00092045,19900316,PRCP,0,,,a,
ASN00092045,19900317,PRCP,0,,,a,
ASN00092045,19900318,PRCP,0,,,a,
ASN00092045,19900319,PRCP,0,,,a,
ASN00092045,19900320,PRCP,0,,,a,
ASN00092045,19900321,PRCP,0,,,a,
ASN00092045,19900322,PRCP,0,,,a,
ASN00092045,19900323,PRCP,0,,,a,
ASN00092045,19900324,PRCP,8,,,a,
ASN00092045,19900325,PRCP,2,,,a,
ASN00092045,19900326,PRCP,2,,,a,
ASN00092045,19900327,PRCP,4,,,a,
ASN00092045,19900328,PRCP,14,,,a,
ASN00092045,19900329,PRCP,2,,,a,
ASN00092045,19900330,PRCP,0,,,a,
ASN00092045,19900331,PRCP,0,,,a,
ASN00092045,19900301,TAVG,182,H,,S,
ASN00092045,19900302,TAVG,176,H,,S,
ASN00092045,19900303,TAVG,184,H,,S,
ASN00092045,19900304,TAVG,192,H,,S,
ASN00092045,19900305,TAVG,195,H,,S,
ASN00092045,19900306,TAVG,137,H,,S,
ASN00092045,19900307,TAVG,153,H,,S,
ASN00092045,19900308,TAVG,182,H,,S,
ASN00092045,19900309,TAVG,173,H,,S,
ASN00092045,19900310,TAVG,163,H,,S,
ASN00092045,19900311,TAVG,141,H,,S,
ASN00092045,19900312,TAVG,141,H,,S,
ASN00092045,19900313,TAVG,171,H,,S,
ASN00092045,19900314,TAVG,172,H,,S,
ASN00092045,19900315,TAVG,167,H,,S,
ASN00092045,19900316,TAVG,173,H,,S,
ASN00092045,19900317,TAVG,172,H,,S,
ASN00092045,19900318,TAVG,162,H,,S,
ASN00092045,19900319,TAVG,157,H,,S,
ASN00092045,19900320,TAVG,171,H,,S,
ASN00092045,19900321,TAVG,166,H,,S,
ASN00092045,19900322,TAVG,191,H,,S,
ASN00092045,19900323,TAVG,193,H,,S,
ASN00092045,19900324,TAVG,194,H,,S,
ASN00092045,19900325,TAVG,192,H,,S,
ASN00092045,19900326,TAVG,190,H,,S,
ASN00092045,19900327,TAVG,188,H,,S,
ASN00092045,19900328,TAVG,163,H,,S,
ASN00092045,19900329,TAVG,153,H,,S,
ASN00092045,19900330,TAVG,153,H,,S,
ASN00092045,19900331,TAVG,154,H,,S,
ASN00092045,19900401,TMAX,231,,,a,
ASN00092045,19900402,TMAX,188,,,a,
ASN00092045,19900403,TMAX,190,,,a,
ASN00092045,19900404,TMAX,202,,,a,
ASN00092045,19900405,TMAX,205,,,a,
ASN00092045,19900406,TMAX,219,,,a,
ASN00092045,19900407,TMAX,170,,,a,
ASN00092045,19900408,TMAX,186,,,a,
ASN00092045,19900409,TMAX,189,,,a,
ASN00092045,19900410,TMAX,204,,,a,
ASN00092045,19900414,TMAX,200,,,a,
ASN00092045,19900415,TMAX,185,,,a,
ASN00092045,19900416,TMAX,185,,,a,
ASN00092045,19900417,TMAX,217,,,a,
ASN00092045,19900418,TMAX,188,,,a,
ASN00092045,19900419,TMAX,200,,,a,
ASN00092045,19900420,TMAX,180,,,a,
ASN00092045,19900421,TMAX,162,,,a,
ASN00092045,19900422,TMAX,165,,,a,
ASN00092045,19900423,TMAX,187,,,a,
ASN00092045,19900424,TMAX,187,,,a,
ASN00092045,19900425,TMAX,188,,,a,
ASN00092045,19900426,TMAX,141,,,a,
ASN00092045,19900427,TMAX,167,,,a,
ASN00092045,19900428,TMAX,175,,,a,
ASN00092045,19900429,TMAX,160,,,a,
ASN00092045,19900430,TMAX,172,,,a,
ASN00092045,19900401,TMIN,120,,,a,
ASN00092045,19900402,TMIN,98,,,a,
ASN00092045,19900403,TMIN,117,,,a,
ASN00092045,19900404,TMIN,132,,,a,
ASN00092045,19900405,TMIN,162,,,a,
ASN00092045,19900406,TMIN,170,,,a,
ASN00092045,19900407,TMIN,147,,,a,
ASN00092045,19900408,TMIN,137,,,a,
ASN00092045,19900409,TMIN,110,,,a,
ASN00092045,19900410,TMIN,162,,,a,
ASN00092045,19900411,TMIN,180,,,a,
ASN00092045,19900414,TMIN,170,,,a,
ASN00092045,19900415,TMIN,83,,,a,
ASN00092045,19900416,TMIN,99,,,a,
ASN00092045,19900417,TMIN,95,,,a,
ASN00092045,19900418,TMIN,150,,,a,
ASN00092045,19900419,TMIN,128,,,a,
ASN00092045,19900420,TMIN,135,,,a,
ASN00092045,19900421,TMIN,144,,,a,
ASN00092045,19900422,TMIN,139,,,a,
ASN00092045,19900423,TMIN,147,,,a,
ASN00092045,19900424,TMIN,125,,,a,
ASN00092045,19900425,TMIN,112,,,a,
ASN00092045,19900426,TMIN,130,,,a,
ASN00092045,19900427,TMIN,97,,,a,
ASN00092045,19900428,TMIN,97,,,a,
ASN00092045,19900430,TMIN,83,,,a,
ASN00092045,19900401,PRCP,0,,,a,
ASN00092045,19900402,PRCP,0,,,a,
ASN00092045,19900403,PRCP,0,,,a,
ASN00092045,19900404,PRCP,0,,,a,
ASN00092045,19900405,PRCP,2,,,a,
ASN00092045,19900406,PRCP,728,,,a,
ASN00092045,19900407,PRCP,0,,,a,
ASN00092045,19900408,PRCP,0,,,a,
ASN00092045,19900409,PRCP,0,,,a,
ASN00092045,19900410,PRCP,0,,,a,
ASN00092045,19900411,PRCP,16,,,a,
ASN00092045,19900412,PRCP,188,,,a,
ASN00092045,19900413,PRCP,0,,,a,
ASN00092045,19900414,PRCP,56,,,a,
ASN00092045,19900415,PRCP,0,,,a,
ASN00092045,19900416,PRCP,0,,,a,
ASN00092045,19900417,PRCP,0,,,a,
ASN00092045,19900418,PRCP,0,,,a,
ASN00092045,19900419,PRCP,0,,,a,
ASN00092045,19900420,PRCP,0,,,a,
ASN00092045,19900421,PRCP,6,,,a,
ASN00092045,19900422,PRCP,132,,,a,
ASN00092045,19900423,PRCP,122,,,a,
ASN00092045,19900424,PRCP,184,,,a,
ASN00092045,19900425,PRCP,12,,,a,
ASN00092045,19900426,PRCP,0,,,a,
ASN00092045,19900427,PRCP,26,,,a,
ASN00092045,19900428,PRCP,0,,,a,
ASN00092045,19900429,PRCP,0,,,a,
ASN00092045,19900430,PRCP,66,,,a,
ASN00092045,19900401,TAVG,165,H,,S,
ASN00092045,19900402,TAVG,151,H,,S,
ASN00092045,19900403,TAVG,164,H,,S,
ASN00092045,19900404,TAVG,182,H,,S,
ASN00092045,19900405,TAVG,183,H,,S,
ASN00092045,19900406,TAVG,158,H,,S,
ASN00092045,19900407,TAVG,153,H,,S,
ASN00092045,19900408,TAVG,147,H,,S,
ASN00092045,19900409,TAVG,173,H,,S,
ASN00092045,19900410,TAVG,183,H,,S,
ASN00092045,19900411,TAVG,183,H,,S,
ASN00092045,19900413,TAVG,183,H,,S,
ASN00092045,19900414,TAVG,137,H,,S,
ASN00092045,19900415,TAVG,134,H,,S,
ASN00092045,19900416,TAVG,138,H,,S,
ASN00092045,19900417,TAVG,171,H,,S,
ASN00092045,19900418,TAVG,151,H,,S,
ASN00092045,19900419,TAVG,161,H,,S,
ASN00092045,19900420,TAVG,154,H,,S,
ASN00092045,19900421,TAVG,151,H,,S,
ASN00092045,19900422,TAVG,156,H,,S,
ASN00092045,19900423,TAVG,142,H,,S,
ASN00092045,19900424,TAVG,141,H,,S,
ASN00092045,19900425,TAVG,148,H,,S,
ASN00092045,19900426,TAVG,122,H,,S,
ASN00092045,19900427,TAVG,127,H,,S,
ASN00092045,19900428,TAVG,143,H,,S,
ASN00092045,19900429,TAVG,104,H,,S,
ASN00092045,19900430,TAVG,149,H,,S,
ASN00092045,19900501,TMAX,200,,,a,
ASN00092045,19900502,TMAX,188,,,a,
ASN00092045,19900503,TMAX,167,,,a,
ASN00092045,19900504,TMAX,188,,,a,
ASN00092045,19900505,TMAX,188,,,a,
ASN00092045,19900506,TMAX,165,,,a,
ASN00092045,19900507,TMAX,172,,,a,
ASN00092045,19900508,TMAX,178,,,a,
ASN00092045,19900509,TMAX,188,,,a,
ASN00092045,19900510,TMAX,188,,,a,
ASN00092045,19900511,TMAX,180,,,a,
ASN00092045,19900512,TMAX,172,,,a,
ASN00092045,19900513,TMAX,141,,,a,
ASN00092045,19900514,TMAX,133,,,a,
ASN00092045,19900515,TMAX,145,,,a,
ASN00092045,19900516,TMAX,170,,,a,
ASN00092045,19900517,TMAX,167,,,a,
ASN00092045,19900518,TMAX,150,,,a,
ASN00092045,19900519,TMAX,140,,,a,
ASN00092045,19900520,TMAX,134,,,a,
ASN00092045,19900521,TMAX,149,,,a,
ASN00092045,19900522,TMAX,149,,,a,
ASN00092045,19900523,TMAX,152,,,a,
ASN00092045,19900524,TMAX,160,,,a,
ASN00092045,19900525,TMAX,156,,,a,
ASN00092045,19900526,TMAX,186,,,a,
ASN00092045,19900527,TMAX,167,,,a,
ASN00092045,19900528,TMAX,170,,,a,
ASN00092045,19900529,TMAX,163,,,a,
ASN00092045,19900530,TMAX,164,,,a,
ASN00092045,19900531,TMAX,140,,,a,
ASN00092045,19900501,TMIN,90,,,a,
ASN00092045,19900502,TMIN,80,,,a,
ASN00092045,19900504,TMIN,111,,,a,
ASN00092045,19900505,TMIN,135,,,a,
ASN00092045,19900506,TMIN,100,,,a,
ASN00092045,19900507,TMIN,70,,,a,
ASN00092045,19900508,TMIN,100,,,a,
ASN00092045,19900509,TMIN,127,,,a,
ASN00092045,19900511,TMIN,128,,,a,
ASN00092045,19900512,TMIN,120,,,a,
ASN00092045,19900513,TMIN,50,,,a,
ASN00092045,19900514,TMIN,40,,,a,
ASN00092045,19900515,TMIN,85,,,a,
ASN00092045,19900516,TMIN,100,,,a,
ASN00092045,19900517,TMIN,116,,,a,
ASN00092045,19900518,TMIN,60,,,a,
ASN00092045,19900519,TMIN,52,,,a,
ASN00092045,19900520,TMIN,78,,,a,
ASN00092045,19900521,TMIN,56,,,a,
ASN00092045,19900522,TMIN,72,,,a,
ASN00092045,19900523,TMIN,70,,,a,
ASN00092045,19900524,TMIN,78,,,a,
ASN00092045,19900525,TMIN,85,,,a,
ASN00092045,19900526,TMIN,107,,,a,
ASN00092045,19900527,TMIN,70,,,a,
ASN00092045,19900528,TMIN,100,,,a,
ASN00092045,19900529,TMIN,86,,,a,
ASN00092045,19900530,TMIN,92,,,a,
ASN00092045,19900531,TMIN,104,,,a,
ASN00092045,19900501,PRCP,2,,,a,
ASN00092045,19900502,PRCP,0,,,a,
ASN00092045,19900503,PRCP,0,,,a,
ASN00092045,19900504,PRCP,0,,,a,
ASN00092045,19900505,PRCP,4,,,a,
ASN00092045,19900506,PRCP,10,,,a,
ASN00092045,19900507,PRCP,0,,,a,
ASN00092045,19900508,PRCP,0,,,a,
ASN00092045,19900509,PRCP,0,,,a,
ASN00092045,19900510,PRCP,10,,,a,
ASN00092045,19900511,PRCP,4,,,a,
ASN00092045,19900512,PRCP,20,,,a,
ASN00092045,19900513,PRCP,12,,,a,
ASN00092045,19900514,PRCP,0,,,a,
ASN00092045,19900515,PRCP,0,,,a,
ASN00092045,19900516,PRCP,0,,,a,
ASN00092045,19900517,PRCP,162,,,a,
ASN00092045,19900518,PRCP,2,,,a,
ASN00092045,19900519,PRCP,0,,,a,
ASN00092045,19900520,PRCP,0,,,a,
ASN00092045,19900521,PRCP,0,,,a,
ASN00092045,19900522,PRCP,0,,,a,
ASN00092045,19900523,PRCP,0,,,a,
ASN00092045,19900524,PRCP,0,,,a,
ASN00092045,19900525,PRCP,0,,,a,
ASN00092045,19900526,PRCP,0,,,a,
ASN00092045,19900527,PRCP,0,,,a,
ASN00092045,19900528,PRCP,0,,,a,
ASN00092045,19900529,PRCP,2,,,a,
ASN00092045,19900530,PRCP,0,,,a,
ASN00092045,19900531,PRCP,66,,,a,
ASN00092045,19900501,TAVG,165,H,,S,
ASN00092045,19900502,TAVG,134,H,,S,
ASN00092045,19900503,TAVG,156,H,,S,
ASN00092045,19900504,TAVG,170,H,,S,
ASN00092045,19900505,TAVG,137,H,,S,
ASN00092045,19900506,TAVG,112,H,,S,
ASN00092045,19900507,TAVG,133,H,,S,
ASN00092045,19900508,TAVG,146,H,,S,
ASN00092045,19900509,TAVG,164,H,,S,
ASN00092045,19900510,TAVG,149,H,,S,
ASN00092045,19900511,TAVG,151,H,,S,
ASN00092045,19900512,TAVG,108,H,,S,
ASN00092045,19900513,TAVG,96,H,,S,
ASN00092045,19900514,TAVG,104,H,,S,
ASN00092045,19900515,TAVG,126,H,,S,
ASN00092045,19900516,TAVG,148,H,,S,
ASN00092045,19900517,TAVG,111,H,,S,
ASN00092045,19900518,TAVG,96,H,,S,
ASN00092045,19900519,TAVG,106,H,,S,
ASN00092045,19900520,TAVG,86,H,,S,
ASN00092045,19900521,TAVG,105,H,,S,
ASN00092045,19900522,TAVG,107,H,,S,
ASN00092045,19900523,TAVG,106,H,,S,
ASN00092045,19900524,TAVG,114,H,,S,
ASN00092045,19900525,TAVG,127,H,,S,
ASN00092045,19900526,TAVG,119,H,,S,
ASN00092045,19900527,TAVG,122,H,,S,
ASN00092045,19900528,TAVG,122,H,,S,
ASN00092045,19900529,TAVG,122,H,,S,
ASN00092045,19900530,TAVG,134,H,,S,
ASN00092045,19900531,TAVG,119,H,,S,
ASN00092045,19900601,TMAX,150,,,a,
ASN00092045,19900602,TMAX,150,,,a,
ASN00092045,19900603,TMAX,165,,,a,
ASN00092045,19900604,TMAX,155,,,a,
ASN00092045,19900605,TMAX,146,,,a,
ASN00092045,19900606,TMAX,155,,,a,
ASN00092045,19900607,TMAX,162,,,a,
ASN00092045,19900608,TMAX,160,,,a,
ASN00092045,19900609,TMAX,163,,,a,
ASN00092045,19900610,TMAX,168,,,a,
ASN00092045,19900611,TMAX,159,,,a,
ASN00092045,19900612,TMAX,154,,,a,
ASN00092045,19900613,TMAX,160,,,a,
ASN00092045,19900614,TMAX,166,,,a,
ASN00092045,19900615,TMAX,145,,,a,
ASN00092045,19900616,TMAX,130,,,a,
ASN00092045,19900617,TMAX,109,,,a,
ASN00092045,19900618,TMAX,136,,,a,
ASN00092045,19900619,TMAX,130,,,a,
ASN00092045,19900620,TMAX,150,,,a,
ASN00092045,19900621,TMAX,136,,,a,
ASN00092045,19900622,TMAX,160,,,a,
ASN00092045,19900623,TMAX,156,,,a,
ASN00092045,19900624,TMAX,139,,,a,
ASN00092045,19900625,TMAX,117,,,a,
ASN00092045,19900626,TMAX,120,,,a,
ASN00092045,19900627,TMAX,125,,,a,
ASN00092045,19900628,TMAX,100,,,a,
ASN00092045,19900629,TMAX,137,,,a,
ASN00092045,19900630,TMAX,140,,,a,
ASN00092045,19900601,TMIN,100,,,a,
ASN00092045,19900602,TMIN,95,,,a,
ASN00092045,19900603,TMIN,68,,,a,
ASN00092045,19900604,TMIN,90,,,a,
ASN00092045,19900605,TMIN,65,,,a,
ASN00092045,19900606,TMIN,70,,,a,
ASN00092045,19900607,TMIN,87,,,a,
ASN00092045,19900608,TMIN,109,,,a,
ASN00092045,19900609,TMIN,120,,,a,
ASN00092045,19900610,TMIN,110,,,a,
ASN00092045,19900611,TMIN,90,,,a,
ASN00092045,19900612,TMIN,100,,,a,
ASN00092045,19900613,TMIN,116,,,a,
ASN00092045,19900615,TMIN,85,,,a,
ASN00092045,19900616,TMIN,105,,,a,
ASN00092045,19900617,TMIN,30,,,a,
ASN00092045,19900618,TMIN,29,,,a,
ASN00092045,19900619,TMIN,55,,,a,
ASN00092045,19900620,TMIN,77,,,a,
ASN00092045,19900622,TMIN,75,,,a,
ASN00092045,19900623,TMIN,78,,,a,
ASN00092045,19900624,TMIN,98,,,a,
ASN00092045,19900625,TMIN,92,,,a,
ASN00092045,19900627,TMIN,50,,,a,
ASN00092045,19900628,TMIN,26,,,a,
ASN00092045,19900629,TMIN,44,,,a,
ASN00092045,19900630,TMIN,68,,,a,
ASN00092045,19900601,PRCP,18,,,a,
ASN00092045,19900602,PRCP,0,,,a,
ASN00092045,19900603,PRCP,0,,,a,
ASN00092045,19900604,PRCP,0,,,a,
ASN00092045,19900605,PRCP,0,,,a,
ASN00092045,19900606,PRCP,2,,,a,
ASN00092045,19900607,PRCP,0,,,a,
ASN00092045,19900608,PRCP,14,,,a,
ASN00092045,19900609,PRCP,0,,,a,
ASN00092045,19900610,PRCP,8,,,a,
ASN00092045,19900611,PRCP,2,,,a,
ASN00092045,19900612,PRCP,0,,,a,
ASN00092045,19900613,PRCP,2,,,a,
ASN00092045,19900614,PRCP,0,,,a,
ASN00092045,19900615,PRCP,0,,,a,
ASN00092045,19900616,PRCP,0,,,a,
ASN00092045,19900617,PRCP,248,,,a,
ASN00092045,19900618,PRCP,0,,,a,
ASN00092045,19900619,PRCP,0,,,a,
ASN00092045,19900620,PRCP,0,,,a,
ASN00092045,19900621,PRCP,20,,,a,
ASN00092045,19900622,PRCP,0,,,a,
ASN00092045,19900623,PRCP,0,,,a,
ASN00092045,19900624,PRCP,76,,,a,
ASN00092045,19900625,PRCP,20,,,a,
ASN00092045,19900626,PRCP,4,,,a,
ASN00092045,19900627,PRCP,72,,,a,
ASN00092045,19900628,PRCP,112,,,a,
ASN00092045,19900629,PRCP,0,,,a,
ASN00092045,19900630,PRCP,76,,,a,
ASN00092045,19900601,TAVG,117,H,,S,
ASN00092045,19900602,TAVG,105,H,,S,
ASN00092045,19900603,TAVG,121,H,,S,
ASN00092045,19900604,TAVG,117,H,,S,
ASN00092045,19900605,TAVG,103,H,,S,
ASN00092045,19900606,TAVG,123,H,,S,
ASN00092045,19900607,TAVG,135,H,,S,
ASN00092045,19900608,TAVG,149,H,,S,
ASN00092045,19900609,TAVG,139,H,,S,
ASN00092045,19900610,TAVG,113,H,,S,
ASN00092045,19900611,TAVG,131,H,,S,
ASN00092045,19900612,TAVG,132,H,,S,
ASN00092045,19900613,TAVG,116,H,,S,
ASN00092045,19900614,TAVG,115,H,,S,
ASN00092045,19900615,TAVG,122,H,,S,
ASN00092045,19900616,TAVG,91,H,,S,
ASN00092045,19900617,TAVG,69,H,,S,
ASN00092045,19900618,TAVG,100,H,,S,
ASN00092045,19900619,TAVG,104,H,,S,
ASN00092045,19900620,TAVG,117,H,,S,
ASN00092045,19900621,TAVG,106,H,,S,
ASN00092045,19900622,TAVG,118,H,,S,
ASN00092045,19900623,TAVG,124,H,,S,
ASN00092045,19900624,TAVG,106,H,,S,
ASN00092045,19900625,TAVG,81,H,,S,
ASN00092045,19900626,TAVG,78,H,,S,
ASN00092045,19900627,TAVG,64,H,,S,
ASN00092045,19900628,TAVG,77,H,,S,
ASN00092045,19900629,TAVG,122,H,,S,
ASN00092045,19900630,TAVG,113,H,,S,
ASN00092045,19900701,TMAX,128,,,a,
ASN00092045,19900702,TMAX,116,,,a,
ASN00092045,19900703,TMAX,125,,,a,
ASN00092045,19900704,TMAX,134,,,a,
ASN00092045,19900705,TMAX,114,,,a,
ASN00092045,19900706,TMAX,116,,,a,
ASN00092045,19900707,TMAX,125,,,a,
ASN00092045,19900708,TMAX,143,,,a,
ASN00092045,19900709,TMAX,128,,,a,
ASN00092045,19900710,TMAX,115,,,a,
ASN00092045,19900711,TMAX,120,,,a,
ASN00092045,19900712,TMAX,132,,,a,
ASN00092045,19900713,TMAX,140,,,a,
ASN00092045,19900714,TMAX,140,,,a,
ASN00092045,19900715,TMAX,133,,,a,
ASN00092045,19900716,TMAX,143,,,a,
ASN00092045,19900717,TMAX,146,,,a,
ASN00092045,19900718,TMAX,130,,,a,
ASN00092045,19900719,TMAX,138,,,a,
ASN00092045,19900720,TMAX,137,,,a,
ASN00092045,19900721,TMAX,143,,,a,
ASN00092045,19900722,TMAX,142,,,a,
ASN00092045,19900723,TMAX,148,,,a,
ASN00092045,19900726,TMAX,97,,,a,
ASN00092045,19900727,TMAX,132,,,a,
ASN00092045,19900728,TMAX,133,,,a,
ASN00092045,19900729,TMAX,142,,,a,
ASN00092045,19900730,TMAX,144,,,a,
ASN00092045,19900731,TMAX,130,,,a,
ASN00092045,19900701,TMIN,95,,,a,
ASN00092045,19900702,TMIN,55,,,a,
ASN00092045,19900703,TMIN,73,,,a,
ASN00092045,19900704,TMIN,60,,,a,
ASN00092045,19900706,TMIN,15,,,a,
ASN00092045,19900710,TMIN,77,,,a,
ASN00092045,19900712,TMIN,46,,,a,
ASN00092045,19900713,TMIN,67,,,a,
ASN00092045,19900714,TMIN,75,,,a,
ASN00092045,19900715,TMIN,102,,,a,
ASN00092045,19900716,TMIN,103,,,a,
ASN00092045,19900717,TMIN,92,,,a,
ASN00092045,19900718,TMIN,112,,,a,
ASN00092045,19900719,TMIN,62,,,a,
ASN00092045,19900720,TMIN,62,,,a,
ASN00092045,19900721,TMIN,15,,,a,
ASN00092045,19900722,TMIN,65,,,a,
ASN00092045,19900723,TMIN,107,,,a,
ASN00092045,19900724,TMIN,106,,,a,
ASN00092045,19900727,TMIN,50,,,a,
ASN00092045,19900728,TMIN,55,,,a,
ASN00092045,19900729,TMIN,37,,,a,
ASN00092045,19900730,TMIN,50,,,a,
ASN00092045,19900731,TMIN,70,,,a,
ASN00092045,19900701,PRCP,10,,,a,
ASN00092045,19900702,PRCP,104,,,a,
ASN00092045,19900703,PRCP,98,,,a,
ASN00092045,19900704,PRCP,0,,,a,
ASN00092045,19900705,PRCP,60,,,a,
ASN00092045,19900706,PRCP,0,,,a,
ASN00092045,19900707,PRCP,32,,,a,
ASN00092045,19900708,PRCP,0,,,a,
ASN00092045,19900709,PRCP,0,,,a,
ASN00092045,19900710,PRCP,0,,,a,
ASN00092045,19900711,PRCP,0,,,a,
ASN00092045,19900712,PRCP,0,,,a,
ASN00092045,19900713,PRCP,0,,,a,
ASN00092045,19900714,PRCP,2,,,a,
ASN00092045,19900715,PRCP,22,,,a,
ASN00092045,19900716,PRCP,0,,,a,
ASN00092045,19900717,PRCP,14,,,a,
ASN00092045,19900718,PRCP,0,,,a,
ASN00092045,19900719,PRCP,40,,,a,
ASN00092045,19900720,PRCP,0,,,a,
ASN00092045,19900721,PRCP,16,,,a,
ASN00092045,19900722,PRCP,14,,,a,
ASN00092045,19900723,PRCP,16,,,a,
ASN00092045,19900724,PRCP,0,,,a,
ASN00092045,19900725,PRCP,32,,,a,
ASN00092045,19900726,PRCP,0,,,a,
ASN00092045,19900727,PRCP,42,,,a,
ASN00092045,19900728,PRCP,0,,,a,
ASN00092045,19900729,PRCP,0,,,a,
ASN00092045,19900730,PRCP,0,,,a,
ASN00092045,19900731,PRCP,0,,,a,
ASN00092045,19900701,TAVG,74,H,,S,
ASN00092045,19900702,TAVG,96,H,,S,
ASN00092045,19900703,TAVG,89,H,,S,
ASN00092045,19900704,TAVG,104,H,,S,
ASN00092045,19900705,TAVG,59,H,,S,
ASN00092045,19900706,TAVG,88,H,,S,
ASN00092045,19900707,TAVG,113,H,,S,
ASN00092045,19900708,TAVG,102,H,,S,
ASN00092045,19900709,TAVG,99,H,,S,
ASN00092045,19900710,TAVG,73,H,,S,
ASN00092045,19900711,TAVG,77,H,,S,
ASN00092045,19900712,TAVG,87,H,,S,
ASN00092045,19900713,TAVG,95,H,,S,
ASN00092045,19900714,TAVG,119,H,,S,
ASN00092045,19900715,TAVG,113,H,,S,
ASN00092045,19900716,TAVG,119,H,,S,
ASN00092045,19900717,TAVG,133,H,,S,
ASN00092045,19900718,TAVG,94,H,,S,
ASN00092045,19900719,TAVG,104,H,,S,
ASN00092045,19900720,TAVG,120,H,,S,
ASN00092045,19900721,TAVG,99,H,,S,
ASN00092045,19900722,TAVG,127,H,,S,
ASN00092045,19900723,TAVG,129,H,,S,
ASN00092045,19900724,TAVG,124,H,,S,
ASN00092045,19900726,TAVG,73,H,,S,
ASN00092045,19900727,TAVG,90,H,,S,
ASN00092045,19900728,TAVG,74,H,,S,
ASN00092045,19900729,TAVG,91,H,,S,
ASN00092045,19900730,TAVG,102,H,,S,
ASN00092045,19900731,TAVG,106,H,,S,
ASN00092045,19900801,TMAX,128,,,a,
ASN00092045,19900802,TMAX,124,,,a,
ASN00092045,19900803,TMAX,133,,,a,
ASN00092045,19900804,TMAX,155,,,a,
ASN00092045,19900805,TMAX,129,,,a,
ASN00092045,19900806,TMAX,121,,,a,
ASN00092045,19900807,TMAX,122,,,a,
ASN00092045,19900808,TMAX,116,,,a,
ASN00092045,19900809,TMAX,113,,,a,
ASN00092045,19900810,TMAX,105,,,a,
ASN00092045,19900811,TMAX,133,,,a,
ASN00092045,19900812,TMAX,115,,,a,
ASN00092045,19900813,TMAX,135,,,a,
ASN00092045,19900814,TMAX,130,,,a,
ASN00092045,19900815,TMAX,140,,,a,
ASN00092045,19900816,TMAX,125,,,a,
ASN00092045,19900817,TMAX,127,,,a,
ASN00092045,19900818,TMAX,117,,,a,
ASN00092045,19900819,TMAX,144,,,a,
ASN00092045,19900820,TMAX,134,,,a,
ASN00092045,19900821,TMAX,158,,,a,
ASN00092045,19900822,TMAX,119,,,a,
ASN00092045,19900823,TMAX,140,,,a,
ASN00092045,19900824,TMAX,113,,,a,
ASN00092045,19900825,TMAX,112,,,a,
ASN00092045,19900826,TMAX,125,,,a,
ASN00092045,19900827,TMAX,128,,,a,
ASN00092045,19900828,TMAX,143,,,a,
ASN00092045,19900829,TMAX,136,,,a,
ASN00092045,19900830,TMAX,140,,,a,
ASN00092045,19900831,TMAX,138,,,a,
ASN00092045,19900801,TMIN,96,,,a,
ASN00092045,19900802,TMIN,96,,,a,
ASN00092045,19900803,TMIN,102,,,a,
ASN00092045,19900804,TMIN,92,,,a,
ASN00092045,19900805,TMIN,92,,,a,
ASN00092045,19900806,TMIN,77,,,a,
ASN00092045,19900807,TMIN,25,,,a,
ASN00092045,19900808,TMIN,43,,,a,
ASN00092045,19900809,TMIN,60,,,a,
ASN00092045,19900810,TMIN,60,,,a,
ASN00092045,19900811,TMIN,62,,,a,
ASN00092045,19900812,TMIN,53,,,a,
ASN00092045,19900813,TMIN,55,,,a,
ASN00092045,19900814,TMIN,60,,,a,
ASN00092045,19900815,TMIN,52,,,a,
ASN00092045,19900816,TMIN,70,,,a,
ASN00092045,19900817,TMIN,37,,,a,
ASN00092045,19900818,TMIN,65,,,a,
ASN00092045,19900819,TMIN,53,,,a,
ASN00092045,19900820,TMIN,98,,,a,
ASN00092045,19900821,TMIN,72,,,a,
ASN00092045,19900822,TMIN,30,,,a,
ASN00092045,19900823,TMIN,45,,,a,
ASN00092045,19900824,TMIN,42,,,a,
ASN00092045,19900825,TMIN,20,,,a,
ASN00092045,19900826,TMIN,61,,,a,
ASN00092045,19900827,TMIN,37,,,a,
ASN00092045,19900828,TMIN,55,,,a,
ASN00092045,19900829,TMIN,105,,,a,
ASN00092045,19900830,TMIN,90,,,a,
ASN00092045,19900801,PRCP,4,,,a,
ASN00092045,19900802,PRCP,0,,,a,
ASN00092045,19900803,PRCP,4,,,a,
ASN00092045,19900804,PRCP,60,,,a,
ASN00092045,19900805,PRCP,34,,,a,
ASN00092045,19900806,PRCP,30,,,a,
ASN00092045,19900807,PRCP,0,,,a,
ASN00092045,19900808,PRCP,0,,,a,
ASN00092045,19900809,PRCP,106,,,a,
ASN00092045,19900810,PRCP,52,,,a,
ASN00092045,19900811,PRCP,92,,,a,
ASN00092045,19900812,PRCP,32,,,a,
ASN00092045,19900813,PRCP,20,,,a,
ASN00092045,19900814,PRCP,16,,,a,
ASN00092045,19900815,PRCP,40,,,a,
ASN00092045,19900816,PRCP,0,,,a,
ASN00092045,19900817,PRCP,8,,,a,
ASN00092045,19900818,PRCP,0,,,a,
ASN00092045,19900819,PRCP,0,,,a,
ASN00092045,19900820,PRCP,42,,,a,
ASN00092045,19900821,PRCP,2,,,a,
ASN00092045,19900822,PRCP,0,,,a,
ASN00092045,19900823,PRCP,0,,,a,
ASN00092045,19900824,PRCP,0,,,a,
ASN00092045,19900825,PRCP,0,,,a,
ASN00092045,19900826,PRCP,4,,,a,
ASN00092045,19900827,PRCP,0,,,a,
ASN00092045,19900828,PRCP,0,,,a,
ASN00092045,19900829,PRCP,0,,,a,
ASN00092045,19900830,PRCP,28,,,a,
ASN00092045,19900831,PRCP,12,,,a,
ASN00092045,19900801,TAVG,106,H,,S,
ASN00092045,19900802,TAVG,109,H,,S,
ASN00092045,19900803,TAVG,112,H,,S,
ASN00092045,19900804,TAVG,120,H,,S,
ASN00092045,19900805,TAVG,97,H,,S,
ASN00092045,19900806,TAVG,86,H,,S,
ASN00092045,19900807,TAVG,77,H,,S,
ASN00092045,19900808,TAVG,93,H,,S,
ASN00092045,19900809,TAVG,83,H,,S,
ASN00092045,19900810,TAVG,81,H,,S,
ASN00092045,19900811,TAVG,77,H,,S,
ASN00092045,19900812,TAVG,84,H,,S,
ASN00092045,19900813,TAVG,96,H,,S,
ASN00092045,19900814,TAVG,91,H,,S,
ASN00092045,19900815,TAVG,103,H,,S,
ASN00092045,19900816,TAVG,74,H,,S,
ASN00092045,19900817,TAVG,92,H,,S,
ASN00092045,19900818,TAVG,86,H,,S,
ASN00092045,19900819,TAVG,111,H,,S,
ASN00092045,19900820,TAVG,104,H,,S,
ASN00092045,19900821,TAVG,96,H,,S,
ASN00092045,19900822,TAVG,91,H,,S,
ASN00092045,19900823,TAVG,86,H,,S,
ASN00092045,19900824,TAVG,77,H,,S,
ASN00092045,19900825,TAVG,81,H,,S,
ASN00092045,19900826,TAVG,83,H,,S,
ASN00092045,19900827,TAVG,92,H,,S,
ASN00092045,19900828,TAVG,120,H,,S,
ASN00092045,19900829,TAVG,114,H,,S,
ASN00092045,19900830,TAVG,97,H,,S,
ASN00092045,19900831,TAVG,94,H,,S,
ASN00092045,19900901,TMAX,145,,,a,
ASN00092045,19900902,TMAX,123,,,a,
ASN00092045,19900903,TMAX,126,,,a,
ASN00092045,19900904,TMAX,155,,,a,
ASN00092045,19900905,TMAX,162,,,a,
ASN00092045,19900906,TMAX,128,,,a,
ASN00092045,19900907,TMAX,138,,,a,
ASN00092045,19900908,TMAX,137,,,a,
ASN00092045,19900909,TMAX,157,,,a,
ASN00092045,19900910,TMAX,155,,,a,
ASN00092045,19900911,TMAX,185,,,a,
ASN00092045,19900912,TMAX,175,,,a,
ASN00092045,19900913,TMAX,123,,,a,
ASN00092045,19900914,TMAX,142,,,a,
ASN00092045,19900915,TMAX,138,,,a,
ASN00092045,19900916,TMAX,136,,,a,
ASN00092045,19900917,TMAX,155,,,a,
ASN00092045,19900918,TMAX,150,,,a,
ASN00092045,19900919,TMAX,165,,,a,
ASN00092045,19900920,TMAX,186,,,a,
ASN00092045,19900921,TMAX,152,,,a,
ASN00092045,19900922,TMAX,170,,,a,
ASN00092045,19900923,TMAX,156,,,a,
ASN00092045,19900924,TMAX,162,,,a,
ASN00092045,19900925,TMAX,167,,,a,
ASN00092045,19900926,TMAX,148,,,a,
ASN00092045,19900927,TMAX,152,,,a,
ASN00092045,19900928,TMAX,137,,,a,
ASN00092045,19900929,TMAX,140,,,a,
ASN00092045,19900930,TMAX,158,,,a,
ASN00092045,19900901,TMIN,47,,,a,
ASN00092045,19900902,TMIN,73,,,a,
ASN00092045,19900903,TMIN,50,,,a,
ASN00092045,19900904,TMIN,50,,,a,
ASN00092045,19900905,TMIN,90,,,a,
ASN00092045,19900906,TMIN,60,,,a,
ASN00092045,19900907,TMIN,73,,,a,
ASN00092045,19900908,TMIN,63,,,a,
ASN00092045,19900909,TMIN,85,,,a,
ASN00092045,19900910,TMIN,106,,,a,
ASN00092045,19900911,TMIN,109,,,a,
ASN00092045,19900912,TMIN,100,,,a,
ASN00092045,19900913,TMIN,90,,,a,
ASN00092045,19900914,TMIN,53,,,a,
ASN00092045,19900915,TMIN,54,,,a,
ASN00092045,19900916,TMIN,79,,,a,
ASN00092045,19900917,TMIN,78,,,a,
ASN00092045,19900918,TMIN,64,,,a,
ASN00092045,19900919,TMIN,77,,,a,
ASN00092045,19900920,TMIN,100,,,a,
ASN00092045,19900921,TMIN,94,,,a,
ASN00092045,19900922,TMIN,77,,,a,
ASN00092045,19900923,TMIN,113,,,a,
ASN00092045,19900924,TMIN,85,,,a,
ASN00092045,19900925,TMIN,115,,,a,
ASN00092045,19900926,TMIN,85,,,a,
ASN00092045,19900927,TMIN,42,,,a,
ASN00092045,19900928,TMIN,33,,,a,
ASN00092045,19900929,TMIN,80,,,a,
ASN00092045,19900930,TMIN,80,,,a,
ASN00092045,19900901,PRCP,0,,,a,
ASN00092045,19900902,PRCP,16,,,a,
ASN00092045,19900903,PRCP,38,,,a,
ASN00092045,19900904,PRCP,4,,,a,
ASN00092045,19900905,PRCP,0,,,a,
ASN00092045,19900906,PRCP,26,,,a,
ASN00092045,19900907,PRCP,12,,,a,
ASN00092045,19900908,PRCP,0,,,a,
ASN00092045,19900909,PRCP,0,,,a,
ASN00092045,19900910,PRCP,0,,,a,
ASN00092045,19900911,PRCP,0,,,a,
ASN00092045,19900912,PRCP,0,,,a,
ASN00092045,19900913,PRCP,0,,,a,
ASN00092045,19900914,PRCP,0,,,a,
ASN00092045,19900915,PRCP,0,,,a,
ASN00092045,19900916,PRCP,0,,,a,
ASN00092045,19900917,PRCP,0,,,a,
ASN00092045,19900918,PRCP,0,,,a,
ASN00092045,19900919,PRCP,0,,,a,
ASN00092045,19900920,PRCP,0,,,a,
ASN00092045,19900921,PRCP,104,,,a,
ASN00092045,19900922,PRCP,0,,,a,
ASN00092045,19900923,PRCP,0,,,a,
ASN00092045,19900924,PRCP,0,,,a,
ASN00092045,19900925,PRCP,0,,,a,
ASN00092045,19900926,PRCP,16,,,a,
ASN00092045,19900927,PRCP,28,,,a,
ASN00092045,19900928,PRCP,0,,,a,
ASN00092045,19900929,PRCP,0,,,a,
ASN00092045,19900930,PRCP,2,,,a,
ASN00092045,19900901,TAVG,113,H,,S,
ASN00092045,19900903,TAVG,82,H,,S,
ASN00092045,19900904,TAVG,116,H,,S,
ASN00092045,19900905,TAVG,104,H,,S,
ASN00092045,19900906,TAVG,89,H,,S,
ASN00092045,19900907,TAVG,100,H,,S,
ASN00092045,19900908,TAVG,112,H,,S,
ASN00092045,19900909,TAVG,127,H,,S,
ASN00092045,19900910,TAVG,124,H,,S,
ASN00092045,19900911,TAVG,130,H,,S,
ASN00092045,19900912,TAVG,111,H,,S,
ASN00092045,19900913,TAVG,95,H,,S,
ASN00092045,19900914,TAVG,104,H,,S,
ASN00092045,19900915,TAVG,101,H,,S,
ASN00092045,19900916,TAVG,107,H,,S,
ASN00092045,19900917,TAVG,101,H,,S,
ASN00092045,19900918,TAVG,110,H,,S,
ASN00092045,19900919,TAVG,132,H,,S,
ASN00092045,19900920,TAVG,126,H,,S,
ASN00092045,19900921,TAVG,109,H,,S,
ASN00092045,19900922,TAVG,133,H,,S,
ASN00092045,19900923,TAVG,118,H,,S,
ASN00092045,19900924,TAVG,134,H,,S,
ASN00092045,19900925,TAVG,128,H,,S,
ASN00092045,19900926,TAVG,92,H,,S,
ASN00092045,19900927,TAVG,117,H,,S,
ASN00092045,19900928,TAVG,103,H,,S,
ASN00092045,19900929,TAVG,110,H,,S,
ASN00092045,19900930,TAVG,113,H,,S,
ASN00092045,19901001,TMAX,176,,,a,
ASN00092045,19901002,TMAX,147,,,a,
ASN00092045,19901003,TMAX,183,,,a,
ASN00092045,19901004,TMAX,181,,,a,
ASN00092045,19901005,TMAX,116,,,a,
ASN00092045,19901006,TMAX,154,,,a,
ASN00092045,19901007,TMAX,143,,,a,
ASN00092045,19901008,TMAX,148,,,a,
ASN00092045,19901009,TMAX,172,,,a,
ASN00092045,19901010,TMAX,164,,,a,
ASN00092045,19901011,TMAX,119,,,a,
ASN00092045,19901014,TMAX,162,,,a,
ASN00092045,19901015,TMAX,144,,,a,
ASN00092045,19901016,TMAX,174,,,a,
ASN00092045,19901017,TMAX,198,,,a,
ASN00092045,19901018,TMAX,175,,,a,
ASN00092045,19901019,TMAX,190,,,a,
ASN00092045,19901020,TMAX,156,,,a,
ASN00092045,19901021,TMAX,164,,,a,
ASN00092045,19901022,TMAX,168,,,a,
ASN00092045,19901023,TMAX,170,,,a,
ASN00092045,19901024,TMAX,170,,,a,
ASN00092045,19901025,TMAX,162,,,a,
ASN00092045,19901026,TMAX,220,,,a,
ASN00092045,19901027,TMAX,170,,,a,
ASN00092045,19901028,TMAX,234,,,a,
ASN00092045,19901029,TMAX,188,,,a,
ASN00092045,19901030,TMAX,174,,,a,
ASN00092045,19901031,TMAX,157,,,a,
ASN00092045,19901001,TMIN,80,,,a,
ASN00092045,19901002,TMIN,54,,,a,
ASN00092045,19901003,TMIN,66,,,a,
ASN00092045,19901004,TMIN,95,,,a,
ASN00092045,19901005,TMIN,55,,,a,
ASN00092045,19901006,TMIN,35,,,a,
ASN00092045,19901007,TMIN,64,,,a,
ASN00092045,19901008,TMIN,95,,,a,
ASN00092045,19901009,TMIN,89,,,a,
ASN00092045,19901010,TMIN,88,,,a,
ASN00092045,19901011,TMIN,100,,,a,
ASN00092045,19901012,TMIN,88,,,a,
ASN00092045,19901015,TMIN,87,,,a,
ASN00092045,19901016,TMIN,92,,,a,
ASN00092045,19901017,TMIN,112,,,a,
ASN00092045,19901018,TMIN,86,,,a,
ASN00092045,19901019,TMIN,127,,,a,
ASN00092045,19901020,TMIN,80,,,a,
ASN00092045,19901022,TMIN,95,,,a,
ASN00092045,19901023,TMIN,114,,,a,
ASN00092045,19901024,TMIN,91,,,a,
ASN00092045,19901025,TMIN,95,,,a,
ASN00092045,19901026,TMIN,95,,,a,
ASN00092045,19901027,TMIN,130,,,a,
ASN00092045,19901028,TMIN,120,,,a,
ASN00092045,19901029,TMIN,133,,,a,
ASN00092045,19901030,TMIN,132,,,a,
ASN00092045,19901031,TMIN,135,,,a,
ASN00092045,19901001,PRCP,4,,,a,
ASN00092045,19901002,PRCP,0,,,a,
ASN00092045,19901003,PRCP,0,,,a,
ASN00092045,19901004,PRCP,0,,,a,
ASN00092045,19901005,PRCP,30,,,a,
ASN00092045,19901006,PRCP,188,,,a,
ASN00092045,19901007,PRCP,0,,,a,
ASN00092045,19901008,PRCP,0,,,a,
ASN00092045,19901009,PRCP,2,,,a,
ASN00092045,19901010,PRCP,0,,,a,
ASN00092045,19901011,PRCP,66,,,a,
ASN00092045,19901012,PRCP,112,,,a,
ASN00092045,19901013,PRCP,4,,,a,
ASN00092045,19901014,PRCP,0,,,a,
ASN00092045,19901015,PRCP,0,,,a,
ASN00092045,19901016,PRCP,24,,,a,
ASN00092045,19901017,PRCP,16,,,a,
ASN00092045,19901018,PRCP,0,,,a,
ASN00092045,19901019,PRCP,48,,,a,
ASN00092045,19901020,PRCP,10,,,a,
ASN00092045,19901021,PRCP,18,,,a,
ASN00092045,19901022,PRCP,68,,,a,
ASN00092045,19901023,PRCP,0,,,a,
ASN00092045,19901024,PRCP,0,,,a,
ASN00092045,19901025,PRCP,2,,,a,
ASN00092045,19901026,PRCP,0,,,a,
ASN00092045,19901027,PRCP,0,,,a,
ASN00092045,19901028,PRCP,0,,,a,
ASN00092045,19901029,PRCP,0,,,a,
ASN00092045,19901030,PRCP,0,,,a,
ASN00092045,19901031,PRCP,36,,,a,
ASN00092045,19901001,TAVG,111,H,,S,
ASN00092045,19901002,TAVG,108,H,,S,
ASN00092045,19901003,TAVG,134,H,,S,
ASN00092045,19901004,TAVG,126,H,,S,
ASN00092045,19901005,TAVG,87,H,,S,
ASN00092045,19901006,TAVG,111,H,,S,
ASN00092045,19901007,TAVG,112,H,,S,
ASN00092045,19901008,TAVG,112,H,,S,
ASN00092045,19901009,TAVG,128,H,,S,
ASN00092045,19901010,TAVG,121,H,,S,
ASN00092045,19901011,TAVG,104,H,,S,
ASN00092045,19901012,TAVG,104,H,,S,
ASN00092045,19901014,TAVG,116,H,,S,
ASN00092045,19901015,TAVG,128,H,,S,
ASN00092045,19901016,TAVG,133,H,,S,
ASN00092045,19901017,TAVG,133,H,,S,
ASN00092045,19901018,TAVG,144,H,,S,
ASN00092045,19901019,TAVG,109,H,,S,
ASN00092045,19901020,TAVG,116,H,,S,
ASN00092045,19901021,TAVG,133,H,,S,
ASN00092045,19901022,TAVG,136,H,,S,
ASN00092045,19901023,TAVG,136,H,,S,
ASN00092045,19901024,TAVG,136,H,,S,
ASN00092045,19901025,TAVG,151,H,,S,
ASN00092045,19901026,TAVG,153,H,,S,
ASN00092045,19901027,TAVG,145,H,,S,
ASN00092045,19901028,TAVG,146,H,,S,
ASN00092045,19901029,TAVG,148,H,,S,
ASN00092045,19901030,TAVG,144,H,,S,
ASN00092045,19901101,TMAX,185,,,a,
ASN00092045,19901102,TMAX,192,,,a,
ASN00092045,19901103,TMAX,200,,,a,
ASN00092045,19901104,TMAX,169,,,a,
ASN00092045,19901105,TMAX,185,,,a,
ASN00092045,19901106,TMAX,222,,,a,
ASN00092045,19901107,TMAX,257,,,a,
ASN00092045,19901108,TMAX,179,,,a,
ASN00092045,19901109,TMAX,182,,,a,
ASN00092045,19901110,TMAX,159,,,a,
ASN00092045,19901111,TMAX,172,,,a,
ASN00092045,19901112,TMAX,200,,,a,
ASN00092045,19901113,TMAX,205,,,a,
ASN00092045,19901114,TMAX,205,,,a,
ASN00092045,19901115,TMAX,195,,,a,
ASN00092045,19901116,TMAX,172,,,a,
ASN00092045,19901117,TMAX,171,,,a,
ASN00092045,19901118,TMAX,154,,,a,
ASN00092045,19901119,TMAX,174,,,a,
ASN00092045,19901120,TMAX,167,,,a,
ASN00092045,19901121,TMAX,172,,,a,
ASN00092045,19901122,TMAX,197,,,a,
ASN00092045,19901123,TMAX,187,,,a,
ASN00092045,19901124,TMAX,197,,,a,
ASN00092045,19901125,TMAX,170,,,a,
ASN00092045,19901126,TMAX,161,,,a,
ASN00092045,19901127,TMAX,183,,,a,
ASN00092045,19901128,TMAX,195,,,a,
ASN00092045,19901129,TMAX,186,,,a,
ASN00092045,19901130,TMAX,197,,,a,
ASN00092045,19901101,TMIN,133,,,a,
ASN00092045,19901102,TMIN,110,,,a,
ASN00092045,19901103,TMIN,122,,,a,
ASN00092045,19901104,TMIN,130,,,a,
ASN00092045,19901105,TMIN,100,,,a,
ASN00092045,19901106,TMIN,145,,,a,
ASN00092045,19901107,TMIN,150,,,a,
ASN00092045,19901108,TMIN,139,,,a,
ASN00092045,19901109,TMIN,142,,,a,
ASN00092045,19901110,TMIN,100,,,a,
ASN00092045,19901111,TMIN,55,,,a,
ASN00092045,19901112,TMIN,110,,,a,
ASN00092045,19901113,TMIN,120,,,a,
ASN00092045,19901114,TMIN,140,,,a,
ASN00092045,19901115,TMIN,133,,,a,
ASN00092045,19901116,TMIN,80,,,a,
ASN00092045,19901117,TMIN,69,,,a,
ASN00092045,19901118,TMIN,89,,,a,
ASN00092045,19901119,TMIN,100,,,a,
ASN00092045,19901120,TMIN,112,,,a,
ASN00092045,19901121,TMIN,125,,,a,
ASN00092045,19901122,TMIN,100,,,a,
ASN00092045,19901123,TMIN,90,,,a,
ASN00092045,19901124,TMIN,80,,,a,
ASN00092045,19901125,TMIN,110,,,a,
ASN00092045,19901126,TMIN,73,,,a,
ASN00092045,19901127,TMIN,110,,,a,
ASN00092045,19901128,TMIN,122,,,a,
ASN00092045,19901129,TMIN,107,,,a,
ASN00092045,19901130,TMIN,130,,,a,
ASN00092045,19901101,PRCP,348,,,a,
ASN00092045,19901102,PRCP,4,,,a,
ASN00092045,19901103,PRCP,0,,,a,
ASN00092045,19901104,PRCP,0,,,a,
ASN00092045,19901105,PRCP,0,,,a,
ASN00092045,19901106,PRCP,26,,,a,
ASN00092045,19901107,PRCP,0,,,a,
ASN00092045,19901108,PRCP,0,,,a,
ASN00092045,19901109,PRCP,196,,,a,
ASN00092045,19901110,PRCP,8,,,a,
ASN00092045,19901111,PRCP,0,,,a,
ASN00092045,19901112,PRCP,0,,,a,
ASN00092045,19901113,PRCP,0,,,a,
ASN00092045,19901114,PRCP,0,,,a,
ASN00092045,19901115,PRCP,0,,,a,
ASN00092045,19901116,PRCP,0,,,a,
ASN00092045,19901117,PRCP,0,,,a,
ASN00092045,19901118,PRCP,8,,,a,
ASN00092045,19901119,PRCP,0,,,a,
ASN00092045,19901120,PRCP,0,,,a,
ASN00092045,19901121,PRCP,0,,,a,
ASN00092045,19901122,PRCP,0,,,a,
ASN00092045,19901123,PRCP,0,,,a,
ASN00092045,19901124,PRCP,0,,,a,
ASN00092045,19901125,PRCP,0,,,a,
ASN00092045,19901126,PRCP,0,,,a,
ASN00092045,19901127,PRCP,0,,,a,
ASN00092045,19901128,PRCP,0,,,a,
ASN00092045,19901129,PRCP,0,,,a,
ASN00092045,19901130,PRCP,0,,,a,
ASN00092045,19901101,TAVG,138,H,,S,
ASN00092045,19901102,TAVG,139,H,,S,
ASN00092045,19901103,TAVG,150,H,,S,
ASN00092045,19901104,TAVG,129,H,,S,
ASN00092045,19901105,TAVG,162,H,,S,
ASN00092045,19901106,TAVG,167,H,,S,
ASN00092045,19901107,TAVG,167,H,,S,
ASN00092045,19901108,TAVG,146,H,,S,
ASN00092045,19901109,TAVG,138,H,,S,
ASN00092045,19901110,TAVG,106,H,,S,
ASN00092045,19901111,TAVG,136,H,,S,
ASN00092045,19901112,TAVG,142,H,,S,
ASN00092045,19901113,TAVG,169,H,,S,
ASN00092045,19901114,TAVG,142,H,,S,
ASN00092045,19901115,TAVG,131,H,,S,
ASN00092045,19901116,TAVG,129,H,,S,
ASN00092045,19901117,TAVG,127,H,,S,
ASN00092045,19901118,TAVG,119,H,,S,
ASN00092045,19901119,TAVG,132,H,,S,
ASN00092045,19901120,TAVG,143,H,,S,
ASN00092045,19901121,TAVG,137,H,,S,
ASN00092045,19901122,TAVG,142,H,,S,
ASN00092045,19901123,TAVG,133,H,,S,
ASN00092045,19901124,TAVG,161,H,,S,
ASN00092045,19901125,TAVG,126,H,,S,
ASN00092045,19901126,TAVG,134,H,,S,
ASN00092045,19901127,TAVG,150,H,,S,
ASN00092045,19901128,TAVG,153,H,,S,
ASN00092045,19901129,TAVG,144,H,,S,
ASN00092045,19901130,TAVG,156,H,,S,
ASN00092045,19901201,TMAX,188,,,a,
ASN00092045,19901202,TMAX,180,,,a,
ASN00092045,19901203,TMAX,197,,,a,
ASN00092045,19901204,TMAX,188,,,a,
ASN00092045,19901205,TMAX,210,,,a,
ASN00092045,19901206,TMAX,216,,,a,
ASN00092045,19901207,TMAX,220,,,a,
ASN00092045,19901208,TMAX,210,,,a,
ASN00092045,19901209,TMAX,178,,,a,
ASN00092045,19901210,TMAX,149,,,a,
ASN00092045,19901211,TMAX,193,,,a,
ASN00092045,19901212,TMAX,197,,,a,
ASN00092045,19901213,TMAX,199,,,a,
ASN00092045,19901214,TMAX,190,,,a,
ASN00092045,19901215,TMAX,196,,,a,
ASN00092045,19901216,TMAX,180,,,a,
ASN00092045,19901217,TMAX,185,,,a,
ASN00092045,19901218,TMAX,206,,,a,
ASN00092045,19901219,TMAX,166,,,a,
ASN00092045,19901220,TMAX,188,,,a,
ASN00092045,19901221,TMAX,185,,,a,
ASN00092045,19901222,TMAX,188,,,a,
ASN00092045,19901223,TMAX,201,,,a,
ASN00092045,19901224,TMAX,192,,,a,
ASN00092045,19901225,TMAX,200,,,a,
ASN00092045,19901226,TMAX,218,,,a,
ASN00092045,19901227,TMAX,170,,,a,
ASN00092045,19901228,TMAX,217,,,a,
ASN00092045,19901229,TMAX,230,,,a,
ASN00092045,19901230,TMAX,195,,,a,
ASN00092045,19901231,TMAX,222,,,a,
ASN00092045,19901201,TMIN,127,,,a,
ASN00092045,19901202,TMIN,120,,,a,
ASN00092045,19901203,TMIN,145,,,a,
ASN00092045,19901204,TMIN,150,,,a,
ASN00092045,19901205,TMIN,165,,,a,
ASN00092045,19901206,TMIN,164,,,a,
ASN00092045,19901207,TMIN,155,,,a,
ASN00092045,19901208,TMIN,150,,,a,
ASN00092045,19901209,TMIN,125,,,a,
ASN00092045,19901210,TMIN,115,,,a,
ASN00092045,19901211,TMIN,109,,,a,
ASN00092045,19901212,TMIN,125,,,a,
ASN00092045,19901213,TMIN,90,,,a,
ASN00092045,19901214,TMIN,120,,,a,
ASN00092045,19901215,TMIN,90,,,a,
ASN00092045,19901216,TMIN,126,,,a,
ASN00092045,19901217,TMIN,80,,,a,
ASN00092045,19901218,TMIN,145,,,a,
ASN00092045,19901219,TMIN,145,,,a,
ASN00092045,19901220,TMIN,137,,,a,
ASN00092045,19901221,TMIN,140,,,a,
ASN00092045,19901222,TMIN,147,,,a,
ASN00092045,19901223,TMIN,140,,,a,
ASN00092045,19901224,TMIN,82,,,a,
ASN00092045,19901225,TMIN,132,,,a,
ASN00092045,19901226,TMIN,120,,,a,
ASN00092045,19901227,TMIN,115,,,a,
ASN00092045,19901228,TMIN,118,,,a,
ASN00092045,19901229,TMIN,133,,,a,
ASN00092045,19901230,TMIN,149,,,a,
ASN00092045,19901231,TMIN,135,,,a,
ASN00092045,19901201,PRCP,0,,,a,
ASN00092045,19901202,PRCP,0,,,a,
ASN00092045,19901203,PRCP,0,,,a,
ASN00092045,19901204,PRCP,0,,,a,
ASN00092045,19901205,PRCP,0,,,a,
ASN00092045,19901206,PRCP,0,,,a,
ASN00092045,19901207,PRCP,14,,,a,
ASN00092045,19901208,PRCP,36,,,a,
ASN00092045,19901209,PRCP,0,,,a,
ASN00092045,19901210,PRCP,34,,,a,
ASN00092045,19901211,PRCP,4,,,a,
ASN00092045,19901212,PRCP,0,,,a,
ASN00092045,19901213,PRCP,0,,,a,
ASN00092045,19901214,PRCP,0,,,a,
ASN00092045,19901215,PRCP,0,,,a,
ASN00092045,19901216,PRCP,0,,,a,
ASN00092045,19901217,PRCP,0,,,a,
ASN00092045,19901218,PRCP,0,,,a,
ASN00092045,19901219,PRCP,0,,,a,
ASN00092045,19901220,PRCP,68,,,a,
ASN00092045,19901221,PRCP,0,,,a,
ASN00092045,19901222,PRCP,2,,,a,
ASN00092045,19901223,PRCP,84,,,a,
ASN00092045,19901224,PRCP,0,,,a,
ASN00092045,19901225,PRCP,0,,,a,
ASN00092045,19901226,PRCP,4,,,a,
ASN00092045,19901227,PRCP,0,,,a,
ASN00092045,19901228,PRCP,52,,,a,
ASN00092045,19901229,PRCP,0,,,a,
ASN00092045,19901230,PRCP,0,,,a,
ASN00092045,19901231,PRCP,0,,,a,
ASN00092045,19901201,TAVG,154,H,,S,
ASN00092045,19901202,TAVG,162,H,,S,
ASN00092045,19901203,TAVG,164,H,,S,
ASN00092045,19901204,TAVG,171,H,,S,
ASN00092045,19901205,TAVG,184,H,,S,
ASN00092045,19901207,TAVG,176,H,,S,
ASN00092045,19901208,TAVG,153,H,,S,
ASN00092045,19901209,TAVG,141,H,,S,
ASN00092045,19901210,TAVG,124,H,,S,
ASN00092045,19901211,TAVG,152,H,,S,
ASN00092045,19901212,TAVG,146,H,,S,
ASN00092045,19901213,TAVG,145,H,,S,
ASN00092045,19901214,TAVG,147,H,,S,
ASN00092045,19901215,TAVG,152,H,,S,
ASN00092045,19901216,TAVG,131,H,,S,
ASN00092045,19901217,TAVG,157,H,,S,
ASN00092045,19901218,TAVG,162,H,,S,
ASN00092045,19901219,TAVG,146,H,,S,
ASN00092045,19901220,TAVG,159,H,,S,
ASN00092045,19901221,TAVG,161,H,,S,
ASN00092045,19901222,TAVG,169,H,,S,
ASN00092045,19901223,TAVG,137,H,,S,
ASN00092045,19901224,TAVG,161,H,,S,
ASN00092045,19901225,TAVG,147,H,,S,
ASN00092045,19901226,TAVG,142,H,,S,
ASN00092045,19901227,TAVG,143,H,,S,
ASN00092045,19901228,TAVG,169,H,,S,
ASN00092045,19901229,TAVG,184,H,,S,
ASN00092045,19901230,TAVG,168,H,,S,
ASN00092045,19901231,TAVG,164,H,,S,
ASN00092045,19910101,TMAX,186,,,a,
ASN00092045,19910102,TMAX,193,,,a,
ASN00092045,19910103,TMAX,240,,,a,
ASN00092045,19910104,TMAX,182,,,a,
ASN00092045,19910105,TMAX,177,,,a,
ASN00092045,19910106,TMAX,220,,,a,
ASN00092045,19910107,TMAX,216,,,a,
ASN00092045,19910108,TMAX,187,,,a,
ASN00092045,19910109,TMAX,192,,,a,
ASN00092045,19910110,TMAX,245,,,a,
ASN00092045,19910111,TMAX,284,,,a,
ASN00092045,19910112,TMAX,210,,,a,
ASN00092045,19910113,TMAX,240,,,a,
ASN00092045,19910114,TMAX,273,,,a,
ASN00092045,19910115,TMAX,236,,,a,
ASN00092045,19910116,TMAX,200,,,a,
ASN00092045,19910117,TMAX,222,,,a,
ASN00092045,19910118,TMAX,175,,,a,
ASN00092045,19910119,TMAX,209,,,a,
ASN00092045,19910120,TMAX,225,,,a,
ASN00092045,19910121,TMAX,177,,,a,
ASN00092045,19910122,TMAX,189,,,a,
ASN00092045,19910123,TMAX,188,,,a,
ASN00092045,19910124,TMAX,189,,,a,
ASN00092045,19910125,TMAX,246,,,a,
ASN00092045,19910126,TMAX,220,,,a,
ASN00092045,19910127,TMAX,228,,,a,
ASN00092045,19910128,TMAX,198,,,a,
ASN00092045,19910129,TMAX,202,,,a,
ASN00092045,19910130,TMAX,223,,,a,
ASN00092045,19910131,TMAX,208,,,a,
ASN00092045,19910101,TMIN,130,,,a,
ASN00092045,19910102,TMIN,145,,,a,
ASN00092045,19910103,TMIN,160,,,a,
ASN00092045,19910104,TMIN,170,,,a,
ASN00092045,19910105,TMIN,133,,,a,
ASN00092045,19910106,TMIN,125,,,a,
ASN00092045,19910107,TMIN,122,,,a,
ASN00092045,19910108,TMIN,100,,,a,
ASN00092045,19910109,TMIN,114,,,a,
ASN00092045,19910110,TMIN,150,,,a,
ASN00092045,19910111,TMIN,133,,,a,
ASN00092045,19910112,TMIN,140,,,a,
ASN00092045,19910113,TMIN,125,,,a,
ASN00092045,19910114,TMIN,143,,,a,
ASN00092045,19910115,TMIN,150,,,a,
ASN00092045,19910116,TMIN,115,,,a,
ASN00092045,19910117,TMIN,133,,,a,
ASN00092045,19910118,TMIN,140,,,a,
ASN00092045,19910119,TMIN,140,,,a,
ASN00092045,19910120,TMIN,145,,,a,
ASN00092045,19910121,TMIN,152,,,a,
ASN00092045,19910122,TMIN,150,,,a,
ASN00092045,19910123,TMIN,160,,,a,
ASN00092045,19910124,TMIN,159,,,a,
ASN00092045,19910125,TMIN,167,,,a,
ASN00092045,19910126,TMIN,159,,,a,
ASN00092045,19910127,TMIN,150,,,a,
ASN00092045,19910128,TMIN,120,,,a,
ASN00092045,19910129,TMIN,105,,,a,
ASN00092045,19910130,TMIN,141,,,a,
ASN00092045,19910131,TMIN,108,,,a,
ASN00092045,19910101,PRCP,0,,,a,
ASN00092045,19910102,PRCP,0,,,a,
ASN00092045,19910103,PRCP,6,,,a,
ASN00092045,19910104,PRCP,20,,,a,
ASN00092045,19910105,PRCP,252,,,a,
ASN00092045,19910106,PRCP,4,,,a,
ASN00092045,19910107,PRCP,0,,,a,
ASN00092045,19910108,PRCP,0,,,a,
ASN00092045,19910109,PRCP,0,,,a,
ASN00092045,19910110,PRCP,0,,,a,
ASN00092045,19910111,PRCP,0,,,a,
ASN00092045,19910112,PRCP,0,,,a,
ASN00092045,19910113,PRCP,0,,,a,
ASN00092045,19910114,PRCP,0,,,a,
ASN00092045,19910115,PRCP,0,,,a,
ASN00092045,19910116,PRCP,0,,,a,
ASN00092045,19910117,PRCP,0,,,a,
ASN00092045,19910118,PRCP,8,,,a,
ASN00092045,19910119,PRCP,2,,,a,
ASN00092045,19910120,PRCP,0,,,a,
ASN00092045,19910121,PRCP,0,,,a,
ASN00092045,19910122,PRCP,2,,,a,
ASN00092045,19910123,PRCP,4,,,a,
ASN00092045,19910124,PRCP,202,,,a,
ASN00092045,19910125,PRCP,216,,,a,
ASN00092045,19910126,PRCP,0,,,a,
ASN00092045,19910127,PRCP,0,,,a,
ASN00092045,19910128,PRCP,0,,,a,
ASN00092045,19910129,PRCP,102,,,a,
ASN00092045,19910130,PRCP,0,,,a,
ASN00092045,19910131,PRCP,0,,,a,
ASN00092045,19910101,TAVG,161,H,,S,
ASN00092045,19910102,TAVG,174,H,,S,
ASN00092045,19910103,TAVG,202,H,,S,
ASN00092045,19910104,TAVG,147,H,,S,
ASN00092045,19910105,TAVG,149,H,,S,
ASN00092045,19910106,TAVG,172,H,,S,
ASN00092045,19910107,TAVG,192,H,,S,
ASN00092045,19910108,TAVG,151,H,,S,
ASN00092045,19910109,TAVG,169,H,,S,
ASN00092045,19910110,TAVG,188,H,,S,
ASN00092045,19910111,TAVG,193,H,,S,
ASN00092045,19910112,TAVG,164,H,,S,
ASN00092045,19910113,TAVG,186,H,,S,
ASN00092045,19910114,TAVG,183,H,,S,
ASN00092045,19910115,TAVG,170,H,,S,
ASN00092045,19910116,TAVG,168,H,,S,
ASN00092045,19910117,TAVG,166,H,,S,
ASN00092045,19910118,TAVG,154,H,,S,
ASN00092045,19910119,TAVG,174,H,,S,
ASN00092045,19910120,TAVG,172,H,,S,
ASN00092045,19910121,TAVG,166,H,,S,
ASN00092045,19910124,TAVG,178,H,,S,
ASN00092045,19910125,TAVG,190,H,,S,
ASN00092045,19910126,TAVG,186,H,,S,
ASN00092045,19910127,TAVG,176,H,,S,
ASN00092045,19910128,TAVG,145,H,,S,
ASN00092045,19910129,TAVG,169,H,,S,
ASN00092045,19910130,TAVG,176,H,,S,
ASN00092045,19910131,TAVG,155,H,,S,
ASN00092045,19910201,TMAX,210,,,a,
ASN00092045,19910202,TMAX,220,,,a,
ASN00092045,19910203,TMAX,276,,,a,
ASN00092045,19910204,TMAX,227,,,a,
ASN00092045,19910205,TMAX,240,,,a,
ASN00092045,19910206,TMAX,215,,,a,
ASN00092045,19910207,TMAX,200,,,a,
ASN00092045,19910208,TMAX,217,,,a,
ASN00092045,19910209,TMAX,225,,,a,
ASN00092045,19910210,TMAX,213,,,a,
ASN00092045,19910211,TMAX,190,,,a,
ASN00092045,19910212,TMAX,212,,,a,
ASN00092045,19910213,TMAX,215,,,a,
ASN00092045,19910214,TMAX,237,,,a,
ASN00092045,19910215,TMAX,155,,,a,
ASN00092045,19910216,TMAX,175,,,a,
ASN00092045,19910217,TMAX,186,,,a,
ASN00092045,19910218,TMAX,198,,,a,
ASN00092045,19910219,TMAX,210,,,a,
ASN00092045,19910220,TMAX,197,,,a,
ASN00092045,19910221,TMAX,235,,,a,
ASN00092045,19910222,TMAX,206,,,a,
ASN00092045,19910223,TMAX,200,,,a,
ASN00092045,19910224,TMAX,225,,,a,
ASN00092045,19910225,TMAX,295,,,a,
ASN00092045,19910226,TMAX,187,,,a,
ASN00092045,19910228,TMAX,192,,,a,
ASN00092045,19910201,TMIN,120,,,a,
ASN00092045,19910202,TMIN,138,,,a,
ASN00092045,19910203,TMIN,150,,,a,
ASN00092045,19910204,TMIN,150,,,a,
ASN00092045,19910205,TMIN,150,,,a,
ASN00092045,19910206,TMIN,145,,,a,
ASN00092045,19910207,TMIN,122,,,a,
ASN00092045,19910208,TMIN,125,,,a,
ASN00092045,19910209,TMIN,150,,,a,
ASN00092045,19910210,TMIN,90,,,a,
ASN00092045,19910211,TMIN,110,,,a,
ASN00092045,19910212,TMIN,118,,,a,
ASN00092045,19910213,TMIN,114,,,a,
ASN00092045,19910214,TMIN,142,,,a,
ASN00092045,19910215,TMIN,130,,,a,
ASN00092045,19910216,TMIN,120,,,a,
ASN00092045,19910217,TMIN,115,,,a,
ASN00092045,19910218,TMIN,128,,,a,
ASN00092045,19910219,TMIN,150,,,a,
ASN00092045,19910220,TMIN,120,,,a,
ASN00092045,19910221,TMIN,118,,,a,
ASN00092045,19910222,TMIN,130,,,a,
ASN00092045,19910223,TMIN,138,,,a,
ASN00092045,19910224,TMIN,148,,,a,
ASN00092045,19910225,TMIN,180,,,a,
ASN00092045,19910226,TMIN,159,,,a,
ASN00092045,19910227,TMIN,128,,,a,
ASN00092045,19910201,PRCP,0,,,a,
ASN00092045,19910202,PRCP,0,,,a,
ASN00092045,19910203,PRCP,0,,,a,
ASN00092045,19910204,PRCP,0,,,a,
ASN00092045,19910205,PRCP,0,,,a,
ASN00092045,19910206,PRCP,0,,,a,
ASN00092045,19910207,PRCP,0,,,a,
ASN00092045,19910208,PRCP,0,,,a,
ASN00092045,19910209,PRCP,0,,,a,
ASN00092045,19910210,PRCP,0,,,a,
ASN00092045,19910211,PRCP,0,,,a,
ASN00092045,19910212,PRCP,0,,,a,
ASN00092045,19910213,PRCP,0,,,a,
ASN00092045,19910214,PRCP,22,,,a,
ASN00092045,19910215,PRCP,0,,,a,
ASN00092045,19910216,PRCP,120,,,a,
ASN00092045,19910217,PRCP,0,,,a,
ASN00092045,19910218,PRCP,0,,,a,
ASN00092045,19910219,PRCP,0,,,a,
ASN00092045,19910220,PRCP,0,,,a,
ASN00092045,19910221,PRCP,0,,,a,
ASN00092045,19910222,PRCP,0,,,a,
ASN00092045,19910223,PRCP,0,,,a,
ASN00092045,19910224,PRCP,0,,,a,
ASN00092045,19910225,PRCP,0,,,a,
ASN00092045,19910226,PRCP,0,,,a,
ASN00092045,19910227,PRCP,0,,,a,
ASN00092045,19910228,PRCP,0,,,a,
ASN00092045,19910201,TAVG,161,H,,S,
ASN00092045,19910202,TAVG,199,H,,S,
ASN00092045,19910203,TAVG,191,H,,S,
ASN00092045,19910204,TAVG,176,H,,S,
ASN00092045,19910205,TAVG,184,H,,S,
ASN00092045,19910206,TAVG,167,H,,S,
ASN00092045,19910207,TAVG,169,H,,S,
ASN00092045,19910208,TAVG,171,H,,S,
ASN00092045,19910209,TAVG,150,H,,S,
ASN00092045,19910210,TAVG,152,H,,S,
ASN00092045,19910211,TAVG,161,H,,S,
ASN00092045,19910212,TAVG,150,H,,S,
ASN00092045,19910213,TAVG,164,H,,S,
ASN00092045,19910214,TAVG,178,H,,S,
ASN00092045,19910215,TAVG,133,H,,S,
ASN00092045,19910216,TAVG,144,H,,S,
ASN00092045,19910217,TAVG,151,H,,S,
ASN00092045,19910218,TAVG,172,H,,S,
ASN00092045,19910219,TAVG,168,H,,S,
ASN00092045,19910220,TAVG,158,H,,S,
ASN00092045,19910221,TAVG,186,H,,S,
ASN00092045,19910222,TAVG,162,H,,S,
ASN00092045,19910223,TAVG,174,H,,S,
ASN00092045,19910224,TAVG,196,H,,S,
ASN00092045,19910225,TAVG,206,H,,S,
ASN00092045,19910226,TAVG,154,H,,S,
ASN00092045,19910227,TAVG,153,H,,S,
ASN00092045,19910228,TAVG,128,H,,S,
ASN00092045,19910301,TMAX,176,,,a,
ASN00092045,19910302,TMAX,230,,,a,
ASN00092045,19910303,TMAX,255,,,a,
ASN00092045,19910304,TMAX,268,,,a,
ASN00092045,19910305,TMAX,180,,,a,
ASN00092045,19910306,TMAX,207,,,a,
ASN00092045,19910307,TMAX,278,,,a,
ASN00092045,19910308,TMAX,230,,,a,
ASN00092045,19910309,TMAX,244,,,a,
ASN00092045,19910310,TMAX,190,,,a,
ASN00092045,19910311,TMAX,179,,,a,
ASN00092045,19910312,TMAX,172,,,a,
ASN00092045,19910313,TMAX,205,,,a,
ASN00092045,19910314,TMAX,191,,,a,
ASN00092045,19910315,TMAX,203,,,a,
ASN00092045,19910316,TMAX,212,,,a,
ASN00092045,19910317,TMAX,217,,,a,
ASN00092045,19910318,TMAX,215,,,a,
ASN00092045,19910319,TMAX,226,,,a,
ASN00092045,19910320,TMAX,212,,,a,
ASN00092045,19910321,TMAX,185,,,a,
ASN00092045,19910322,TMAX,160,,,a,
ASN00092045,19910323,TMAX,182,,,a,
ASN00092045,19910324,TMAX,186,,,a,
ASN00092045,19910325,TMAX,200,,,a,
ASN00092045,19910326,TMAX,175,,,a,
ASN00092045,19910327,TMAX,194,,,a,
ASN00092045,19910328,TMAX,221,,,a,
ASN00092045,19910329,TMAX,220,,,a,
ASN00092045,19910330,TMAX,222,,,a,
ASN00092045,19910331,TMAX,188,,,a,
ASN00092045,19910301,TMIN,77,,,a,
ASN00092045,19910302,TMIN,85,,,a,
ASN00092045,19910303,TMIN,117,,,a,
ASN00092045,19910304,TMIN,132,,,a,
ASN00092045,19910305,TMIN,139,,,a,
ASN00092045,19910306,TMIN,142,,,a,
ASN00092045,19910307,TMIN,166,,,a,
ASN00092045,19910308,TMIN,160,,,a,
ASN00092045,19910309,TMIN,167,,,a,
ASN00092045,19910310,TMIN,85,,,a,
ASN00092045,19910311,TMIN,129,,,a,
ASN00092045,19910312,TMIN,105,,,a,
ASN00092045,19910313,TMIN,96,,,a,
ASN00092045,19910314,TMIN,114,,,a,
ASN00092045,19910315,TMIN,118,,,a,
ASN00092045,19910316,TMIN,112,,,a,
ASN00092045,19910317,TMIN,122,,,a,
ASN00092045,19910318,TMIN,138,,,a,
ASN00092045,19910319,TMIN,152,,,a,
ASN00092045,19910320,TMIN,107,,,a,
ASN00092045,19910321,TMIN,110,,,a,
ASN00092045,19910322,TMIN,119,,,a,
ASN00092045,19910323,TMIN,120,,,a,
ASN00092045,19910324,TMIN,120,,,a,
ASN00092045,19910325,TMIN,112,,,a,
ASN00092045,19910326,TMIN,105,,,a,
ASN00092045,19910327,TMIN,112,,,a,
ASN00092045,19910328,TMIN,120,,,a,
ASN00092045,19910329,TMIN,134,,,a,
ASN00092045,19910330,TMIN,150,,,a,
ASN00092045,19910331,TMIN,98,,,a,
ASN00092045,19910301,PRCP,20,,,a,
ASN00092045,19910302,PRCP,0,,,a,
ASN00092045,19910303,PRCP,0,,,a,
ASN00092045,19910304,PRCP,0,,,a,
ASN00092045,19910305,PRCP,2,,,a,
ASN00092045,19910306,PRCP,2,,,a,
ASN00092045,19910307,PRCP,2,,,a,
ASN00092045,19910308,PRCP,0,,,a,
ASN00092045,19910309,PRCP,82,,,a,
ASN00092045,19910310,PRCP,36,,,a,
ASN00092045,19910311,PRCP,2,,,a,
ASN00092045,19910312,PRCP,24,,,a,
ASN00092045,19910313,PRCP,0,,,a,
ASN00092045,19910314,PRCP,0,,,a,
ASN00092045,19910315,PRCP,0,,,a,
ASN00092045,19910316,PRCP,0,,,a,
ASN00092045,19910317,PRCP,0,,,a,
ASN00092045,19910318,PRCP,0,,,a,
ASN00092045,19910319,PRCP,66,,,a,
ASN00092045,19910320,PRCP,0,,,a,
ASN00092045,19910321,PRCP,10,,,a,
ASN00092045,19910322,PRCP,80,,,a,
ASN00092045,19910323,PRCP,182,,,a,
ASN00092045,19910324,PRCP,0,,,a,
ASN00092045,19910325,PRCP,0,,,a,
ASN00092045,19910326,PRCP,0,,,a,
ASN00092045,19910327,PRCP,66,,,a,
ASN00092045,19910328,PRCP,0,,,a,
ASN00092045,19910329,PRCP,0,,,a,
ASN00092045,19910330,PRCP,0,,,a,
ASN00092045,19910331,PRCP,0,,,a,
ASN00092045,19910301,TAVG,133,H,,S,
ASN00092045,19910302,TAVG,169,H,,S,
ASN00092045,19910303,TAVG,184,H,,S,
ASN00092045,19910304,TAVG,171,H,,S,
ASN00092045,19910305,TAVG,162,H,,S,
ASN00092045,19910306,TAVG,184,H,,S,
ASN00092045,19910307,TAVG,184,H,,S,
ASN00092045,19910308,TAVG,201,H,,S,
ASN00092045,19910309,TAVG,131,H,,S,
ASN00092045,19910310,TAVG,158,H,,S,
ASN00092045,19910311,TAVG,124,H,,S,
ASN00092045,19910312,TAVG,129,H,,S,
ASN00092045,19910313,TAVG,149,H,,S,
ASN00092045,19910315,TAVG,158,H,,S,
ASN00092045,19910316,TAVG,163,H,,S,
ASN00092045,19910317,TAVG,169,H,,S,
ASN00092045,19910318,TAVG,178,H,,S,
ASN00092045,19910319,TAVG,163,H,,S,
ASN00092045,19910320,TAVG,162,H,,S,
ASN00092045,19910321,TAVG,148,H,,S,
ASN00092045,19910322,TAVG,136,H,,S,
ASN00092045,19910323,TAVG,143,H,,S,
ASN00092045,19910324,TAVG,151,H,,S,
ASN00092045,19910325,TAVG,144,H,,S,
ASN00092045,19910326,TAVG,149,H,,S,
ASN00092045,19910327,TAVG,153,H,,S,
ASN00092045,19910328,TAVG,159,H,,S,
ASN00092045,19910329,TAVG,188,H,,S,
ASN00092045,19910330,TAVG,148,H,,S,
ASN00092045,19910331,TAVG,151,H,,S,
ASN00092045,19910401,TMAX,162,,,a,
ASN00092045,19910402,TMAX,180,,,a,
ASN00092045,19910403,TMAX,195,,,a,
ASN00092045,19910404,TMAX,193,,,a,
ASN00092045,19910405,TMAX,205,,,a,
ASN00092045,19910406,TMAX,201,,,a,
ASN00092045,19910407,TMAX,176,,,a,
ASN00092045,19910408,TMAX,172,,,a,
ASN00092045,19910409,TMAX,199,,,a,
ASN00092045,19910411,TMAX,208,,,a,
ASN00092045,19910412,TMAX,189,,,a,
ASN00092045,19910413,TMAX,198,,,a,
ASN00092045,19910414,TMAX,172,,,a,
ASN00092045,19910415,TMAX,190,,,a,
ASN00092045,19910416,TMAX,177,,,a,
ASN00092045,19910417,TMAX,180,,,a,
ASN00092045,19910418,TMAX,160,,,a,
ASN00092045,19910419,TMAX,180,,,a,
ASN00092045,19910420,TMAX,186,,,a,
ASN00092045,19910421,TMAX,166,,,a,
ASN00092045,19910422,TMAX,146,,,a,
ASN00092045,19910423,TMAX,137,,,a,
ASN00092045,19910424,TMAX,158,,,a,
ASN00092045,19910425,TMAX,156,,,a,
ASN00092045,19910426,TMAX,168,,,a,
ASN00092045,19910427,TMAX,167,,,a,
ASN00092045,19910428,TMAX,183,,,a,
ASN00092045,19910429,TMAX,174,,,a,
ASN00092045,19910430,TMAX,181,,,a,
ASN00092045,19910401,TMIN,102,,,a,
ASN00092045,19910402,TMIN,60,,,a,
ASN00092045,19910403,TMIN,119,,,a,
ASN00092045,19910404,TMIN,140,,,a,
ASN00092045,19910405,TMIN,145,,,a,
ASN00092045,19910406,TMIN,143,,,a,
ASN00092045,19910407,TMIN,106,,,a,
ASN00092045,19910408,TMIN,130,,,a,
ASN00092045,19910409,TMIN,140,,,a,
ASN00092045,19910410,TMIN,134,,,a,
ASN00092045,19910412,TMIN,143,,,a,
ASN00092045,19910413,TMIN,160,,,a,
ASN00092045,19910414,TMIN,133,,,a,
ASN00092045,19910415,TMIN,88,,,a,
ASN00092045,19910416,TMIN,85,,,a,
ASN00092045,19910417,TMIN,130,,,a,
ASN00092045,19910418,TMIN,58,,,a,
ASN00092045,19910419,TMIN,85,,,a,
ASN00092045,19910420,TMIN,114,,,a,
ASN00092045,19910421,TMIN,130,,,a,
ASN00092045,19910422,TMIN,45,,,a,
ASN00092045,19910423,TMIN,83,,,a,
ASN00092045,19910424,TMIN,85,,,a,
ASN00092045,19910425,TMIN,122,,,a,
ASN00092045,19910426,TMIN,122,,,a,
ASN00092045,19910427,TMIN,120,,,a,
ASN00092045,19910428,TMIN,90,,,a,
ASN00092045,19910429,TMIN,100,,,a,
ASN00092045,19910430,TMIN,114,,,a,
ASN00092045,19910401,PRCP,56,,,a,
ASN00092045,19910402,PRCP,0,,,a,
ASN00092045,19910403,PRCP,0,,,a,
ASN00092045,19910404,PRCP,0,,,a,
ASN00092045,19910405,PRCP,0,,,a,
ASN00092045,19910406,PRCP,0,,,a,
ASN00092045,19910407,PRCP,0,,,a,
ASN00092045,19910408,PRCP,0,,,a,
ASN00092045,19910409,PRCP,0,,,a,
ASN00092045,19910410,PRCP,0,,,a,
ASN00092045,19910411,PRCP,0,,,a,
ASN00092045,19910412,PRCP,24,,,a,
ASN00092045,19910413,PRCP,2,,,a,
ASN00092045,19910414,PRCP,74,,,a,
ASN00092045,19910415,PRCP,0,,,a,
ASN00092045,19910416,PRCP,0,,,a,
ASN00092045,19910417,PRCP,6,,,a,
ASN00092045,19910418,PRCP,24,,,a,
ASN00092045,19910419,PRCP,0,,,a,
ASN00092045,19910420,PRCP,30,,,a,
ASN00092045,19910421,PRCP,16,,,a,
ASN00092045,19910422,PRCP,36,,,a,
ASN00092045,19910423,PRCP,0,,,a,
ASN00092045,19910424,PRCP,0,,,a,
ASN00092045,19910425,PRCP,4,,,a,
ASN00092045,19910426,PRCP,114,,,a,
ASN00092045,19910427,PRCP,0,,,a,
ASN00092045,19910428,PRCP,0,,,a,
ASN00092045,19910429,PRCP,0,,,a,
ASN00092045,19910430,PRCP,18,,,a,
ASN00092045,19910401,TAVG,121,H,,S,
ASN00092045,19910402,TAVG,154,H,,S,
ASN00092045,19910403,TAVG,163,H,,S,
ASN00092045,19910404,TAVG,158,H,,S,
ASN00092045,19910405,TAVG,161,H,,S,
ASN00092045,19910406,TAVG,152,H,,S,
ASN00092045,19910407,TAVG,142,H,,S,
ASN00092045,19910408,TAVG,156,H,,S,
ASN00092045,19910409,TAVG,163,H,,S,
ASN00092045,19910410,TAVG,165,H,,S,
ASN00092045,19910411,TAVG,165,H,,S,
ASN00092045,19910412,TAVG,172,H,,S,
ASN00092045,19910413,TAVG,158,H,,S,
ASN00092045,19910414,TAVG,131,H,,S,
ASN00092045,19910415,TAVG,118,H,,S,
ASN00092045,19910416,TAVG,151,H,,S,
ASN00092045,19910417,TAVG,109,H,,S,
ASN00092045,19910418,TAVG,115,H,,S,
ASN00092045,19910419,TAVG,134,H,,S,
ASN00092045,19910420,TAVG,164,H,,S,
ASN00092045,19910421,TAVG,83,H,,S,
ASN00092045,19910422,TAVG,109,H,,S,
ASN00092045,19910423,TAVG,114,H,,S,
ASN00092045,19910424,TAVG,138,H,,S,
ASN00092045,19910425,TAVG,141,H,,S,
ASN00092045,19910426,TAVG,141,H,,S,
ASN00092045,19910427,TAVG,129,H,,S,
ASN00092045,19910428,TAVG,126,H,,S,
ASN00092045,19910429,TAVG,133,H,,S,
ASN00092045,19910430,TAVG,143,H,,S,
ASN00092045,19910501,TMAX,170,,,a,
ASN00092045,19910502,TMAX,145,,,a,
ASN00092045,19910503,TMAX,142,,,a,
ASN00092045,19910504,TMAX,192,,,a,
ASN00092045,19910505,TMAX,172,,,a,
ASN00092045,19910506,TMAX,175,,,a,
ASN00092045,19910507,TMAX,190,,,a,
ASN00092045,19910508,TMAX,166,,,a,
ASN00092045,19910509,TMAX,159,,,a,
ASN00092045,19910510,TMAX,176,,,a,
ASN00092045,19910511,TMAX,166,,,a,
ASN00092045,19910512,TMAX,165,,,a,
ASN00092045,19910513,TMAX,177,,,a,
ASN00092045,19910514,TMAX,156,,,a,
ASN00092045,19910515,TMAX,157,,,a,
ASN00092045,19910516,TMAX,175,,,a,
ASN00092045,19910517,TMAX,166,,,a,
ASN00092045,19910518,TMAX,157,,,a,
ASN00092045,19910519,TMAX,174,,,a,
ASN00092045,19910520,TMAX,170,,,a,
ASN00092045,19910521,TMAX,168,,,a,
ASN00092045,19910522,TMAX,180,,,a,
ASN00092045,19910523,TMAX,160,,,a,
ASN00092045,19910524,TMAX,156,,,a,
ASN00092045,19910525,TMAX,176,,,a,
ASN00092045,19910526,TMAX,181,,,a,
ASN00092045,19910527,TMAX,156,,,a,
ASN00092045,19910528,TMAX,162,,,a,
ASN00092045,19910529,TMAX,174,,,a,
ASN00092045,19910530,TMAX,164,,,a,
ASN00092045,19910531,TMAX,161,,,a,
ASN00092045,19910501,TMIN,114,,,a,
ASN00092045,19910502,TMIN,103,,,a,
ASN00092045,19910503,TMIN,66,,,a,
ASN00092045,19910504,TMIN,93,,,a,
ASN00092045,19910505,TMIN,95,,,a,
ASN00092045,19910506,TMIN,117,,,a,
ASN00092045,19910507,TMIN,119,,,a,
ASN00092045,19910508,TMIN,100,,,a,
ASN00092045,19910509,TMIN,47,,,a,
ASN00092045,19910510,TMIN,50,,,a,
ASN00092045,19910511,TMIN,78,,,a,
ASN00092045,19910512,TMIN,80,,,a,
ASN00092045,19910513,TMIN,88,,,a,
ASN00092045,19910514,TMIN,82,,,a,
ASN00092045,19910515,TMIN,94,,,a,
ASN00092045,19910516,TMIN,92,,,a,
ASN00092045,19910517,TMIN,111,,,a,
ASN00092045,19910518,TMIN,90,,,a,
ASN00092045,19910519,TMIN,108,,,a,
ASN00092045,19910520,TMIN,87,,,a,
ASN00092045,19910521,TMIN,99,,,a,
ASN00092045,19910522,TMIN,120,,,a,
ASN00092045,19910523,TMIN,148,,,a,
ASN00092045,19910524,TMIN,139,,,a,
ASN00092045,19910525,TMIN,130,,,a,
ASN00092045,19910526,TMIN,121,,,a,
ASN00092045,19910527,TMIN,119,,,a,
ASN00092045,19910528,TMIN,96,,,a,
ASN00092045,19910529,TMIN,81,,,a,
ASN00092045,19910530,TMIN,76,,,a,
ASN00092045,19910531,TMIN,84,,,a,
ASN00092045,19910501,PRCP,2,,,a,
ASN00092045,19910502,PRCP,20,,,a,
ASN00092045,19910503,PRCP,0,,,a,
ASN00092045,19910504,PRCP,0,,,a,
ASN00092045,19910505,PRCP,0,,,a,
ASN00092045,19910506,PRCP,0,,,a,
ASN00092045,19910507,PRCP,4,,,a,
ASN00092045,19910508,PRCP,0,,,a,
ASN00092045,19910509,PRCP,0,,,a,
ASN00092045,19910510,PRCP,0,,,a,
ASN00092045,19910511,PRCP,0,,,a,
ASN00092045,19910512,PRCP,2,,,a,
ASN00092045,19910513,PRCP,0,,,a,
ASN00092045,19910514,PRCP,2,,,a,
ASN00092045,19910515,PRCP,0,,,a,
ASN00092045,19910516,PRCP,0,,,a,
ASN00092045,19910517,PRCP,0,,,a,
ASN00092045,19910518,PRCP,2,,,a,
ASN00092045,19910519,PRCP,0,,,a,
ASN00092045,19910520,PRCP,2,,,a,
ASN00092045,19910521,PRCP,2,,,a,
ASN00092045,19910522,PRCP,2,,,a,
ASN00092045,19910523,PRCP,30,,,a,
ASN00092045,19910524,PRCP,80,,,a,
ASN00092045,19910525,PRCP,124,,,a,
ASN00092045,19910526,PRCP,2,,,a,
ASN00092045,19910527,PRCP,0,,,a,
ASN00092045,19910528,PRCP,0,,,a,
ASN00092045,19910529,PRCP,2,,,a,
ASN00092045,19910530,PRCP,0,,,a,
ASN00092045,19910531,PRCP,2,,,a,
ASN00092045,19910501,TAVG,157,H,,S,
ASN00092045,19910502,TAVG,85,H,,S,
ASN00092045,19910503,TAVG,119,H,,S,
ASN00092045,19910504,TAVG,132,H,,S,
ASN00092045,19910505,TAVG,149,H,,S,
ASN00092045,19910506,TAVG,146,H,,S,
ASN00092045,19910507,TAVG,138,H,,S,
ASN00092045,19910508,TAVG,101,H,,S,
ASN00092045,19910509,TAVG,98,H,,S,
ASN00092045,19910510,TAVG,115,H,,S,
ASN00092045,19910511,TAVG,112,H,,S,
ASN00092045,19910512,TAVG,125,H,,S,
ASN00092045,19910513,TAVG,118,H,,S,
ASN00092045,19910514,TAVG,124,H,,S,
ASN00092045,19910515,TAVG,113,H,,S,
ASN00092045,19910517,TAVG,123,H,,S,
ASN00092045,19910518,TAVG,131,H,,S,
ASN00092045,19910519,TAVG,118,H,,S,
ASN00092045,19910520,TAVG,130,H,,S,
ASN00092045,19910521,TAVG,147,H,,S,
ASN00092045,19910522,TAVG,152,H,,S,
ASN00092045,19910523,TAVG,147,H,,S,
ASN00092045,19910524,TAVG,145,H,,S,
ASN00092045,19910525,TAVG,133,H,,S,
ASN00092045,19910526,TAVG,139,H,,S,
ASN00092045,19910527,TAVG,126,H,,S,
ASN00092045,19910528,TAVG,107,H,,S,
ASN00092045,19910529,TAVG,116,H,,S,
ASN00092045,19910530,TAVG,116,H,,S,
ASN00092045,19910531,TAVG,127,H,,S,
ASN00092045,19910601,TMAX,164,,,a,
ASN00092045,19910602,TMAX,154,,,a,
ASN00092045,19910603,TMAX,154,,,a,
ASN00092045,19910604,TMAX,171,,,a,
ASN00092045,19910605,TMAX,159,,,a,
ASN00092045,19910606,TMAX,172,,,a,
ASN00092045,19910607,TMAX,159,,,a,
ASN00092045,19910608,TMAX,164,,,a,
ASN00092045,19910609,TMAX,160,,,a,
ASN00092045,19910610,TMAX,144,,,a,
ASN00092045,19910611,TMAX,156,,,a,
ASN00092045,19910612,TMAX,154,,,a,
ASN00092045,19910613,TMAX,126,,,a,
ASN00092045,19910614,TMAX,139,,,a,
ASN00092045,19910615,TMAX,139,,,a,
ASN00092045,19910616,TMAX,152,,,a,
ASN00092045,19910617,TMAX,124,,,a,
ASN00092045,19910618,TMAX,144,,,a,
ASN00092045,19910619,TMAX,151,,,a,
ASN00092045,19910620,TMAX,149,,,a,
ASN00092045,19910621,TMAX,135,,,a,
ASN00092045,19910622,TMAX,145,,,a,
ASN00092045,19910623,TMAX,132,,,a,
ASN00092045,19910624,TMAX,146,,,a,
ASN00092045,19910625,TMAX,156,,,a,
ASN00092045,19910626,TMAX,130,,,a,
ASN00092045,19910627,TMAX,140,,,a,
ASN00092045,19910628,TMAX,140,,,a,
ASN00092045,19910629,TMAX,136,,,a,
ASN00092045,19910630,TMAX,137,,,a,
ASN00092045,19910601,TMIN,106,,,a,
ASN00092045,19910602,TMIN,130,,,a,
ASN00092045,19910603,TMIN,124,,,a,
ASN00092045,19910604,TMIN,100,,,a,
ASN00092045,19910605,TMIN,80,,,a,
ASN00092045,19910606,TMIN,102,,,a,
ASN00092045,19910607,TMIN,148,,,a,
ASN00092045,19910608,TMIN,146,,,a,
ASN00092045,19910609,TMIN,131,,,a,
ASN00092045,19910610,TMIN,116,,,a,
ASN00092045,19910611,TMIN,119,,,a,
ASN00092045,19910612,TMIN,122,,,a,
ASN00092045,19910613,TMIN,110,,,a,
ASN00092045,19910614,TMIN,74,,,a,
ASN00092045,19910615,TMIN,68,,,a,
ASN00092045,19910616,TMIN,80,,,a,
ASN00092045,19910617,TMIN,100,,,a,
ASN00092045,19910618,TMIN,42,,,a,
ASN00092045,19910619,TMIN,58,,,a,
ASN00092045,19910620,TMIN,66,,,a,
ASN00092045,19910621,TMIN,69,,,a,
ASN00092045,19910622,TMIN,50,,,a,
ASN00092045,19910623,TMIN,78,,,a,
ASN00092045,19910624,TMIN,62,,,a,
ASN00092045,19910625,TMIN,82,,,a,
ASN00092045,19910626,TMIN,92,,,a,
ASN00092045,19910627,TMIN,44,,,a,
ASN00092045,19910628,TMIN,68,,,a,
ASN00092045,19910629,TMIN,106,,,a,
ASN00092045,19910630,TMIN,69,,,a,
ASN00092045,19910601,PRCP,0,,,a,
ASN00092045,19910602,PRCP,40,,,a,
ASN00092045,19910603,PRCP,6,,,a,
ASN00092045,19910604,PRCP,2,,,a,
ASN00092045,19910605,PRCP,0,,,a,
ASN00092045,19910606,PRCP,0,,,a,
ASN00092045,19910607,PRCP,0,,,a,
ASN00092045,19910608,PRCP,4,,,a,
ASN00092045,19910609,PRCP,30,,,a,
ASN00092045,19910610,PRCP,2,,,a,
ASN00092045,19910611,PRCP,36,,,a,
ASN00092045,19910612,PRCP,18,,,a,
ASN00092045,19910613,PRCP,24,,,a,
ASN00092045,19910614,PRCP,36,,,a,
ASN00092045,19910615,PRCP,0,,,a,
ASN00092045,19910616,PRCP,68,,,a,
ASN00092045,19910617,PRCP,30,,,a,
ASN00092045,19910618,PRCP,0,,,a,
ASN00092045,19910619,PRCP,0,,,a,
ASN00092045,19910620,PRCP,14,,,a,
ASN00092045,19910621,PRCP,8,,,a,
ASN00092045,19910622,PRCP,6,,,a,
ASN00092045,19910623,PRCP,18,,,a,
ASN00092045,19910624,PRCP,0,,,a,
ASN00092045,19910625,PRCP,8,,,a,
ASN00092045,19910626,PRCP,34,,,a,
ASN00092045,19910627,PRCP,0,,,a,
ASN00092045,19910628,PRCP,14,,,a,
ASN00092045,19910629,PRCP,104,,,a,
ASN00092045,19910630,PRCP,0,,,a,
ASN00092045,19910601,TAVG,143,H,,S,
ASN00092045,19910602,TAVG,136,H,,S,
ASN00092045,19910603,TAVG,126,H,,S,
ASN00092045,19910604,TAVG,116,H,,S,
ASN00092045,19910605,TAVG,144,H,,S,
ASN00092045,19910606,TAVG,154,H,,S,
ASN00092045,19910607,TAVG,152,H,,S,
ASN00092045,19910608,TAVG,147,H,,S,
ASN00092045,19910609,TAVG,138,H,,S,
ASN00092045,19910610,TAVG,130,H,,S,
ASN00092045,19910611,TAVG,132,H,,S,
ASN00092045,19910612,TAVG,123,H,,S,
ASN00092045,19910613,TAVG,102,H,,S,
ASN00092045,19910614,TAVG,91,H,,S,
ASN00092045,19910615,TAVG,119,H,,S,
ASN00092045,19910616,TAVG,121,H,,S,
ASN00092045,19910617,TAVG,92,H,,S,
ASN00092045,19910618,TAVG,93,H,,S,
ASN00092045,19910619,TAVG,107,H,,S,
ASN00092045,19910620,TAVG,120,H,,S,
ASN00092045,19910621,TAVG,96,H,,S,
ASN00092045,19910622,TAVG,126,H,,S,
ASN00092045,19910623,TAVG,101,H,,S,
ASN00092045,19910624,TAVG,131,H,,S,
ASN00092045,19910625,TAVG,128,H,,S,
ASN00092045,19910626,TAVG,88,H,,S,
ASN00092045,19910627,TAVG,129,H,,S,
ASN00092045,19910628,TAVG,122,H,,S,
ASN00092045,19910629,TAVG,101,H,,S,
ASN00092045,19910630,TAVG,94,H,,S,
ASN00092045,19910701,TMAX,142,,,a,
ASN00092045,19910702,TMAX,150,,,a,
ASN00092045,19910703,TMAX,160,,,a,
ASN00092045,19910704,TMAX,157,,,a,
ASN00092045,19910705,TMAX,165,,,a,
ASN00092045,19910706,TMAX,130,,,a,
ASN00092045,19910707,TMAX,146,,,a,
ASN00092045,19910708,TMAX,144,,,a,
ASN00092045,19910709,TMAX,140,,,a,
ASN00092045,19910710,TMAX,145,,,a,
ASN00092045,19910711,TMAX,141,,,a,
ASN00092045,19910712,TMAX,134,,,a,
ASN00092045,19910713,TMAX,152,,,a,
ASN00092045,19910714,TMAX,146,,,a,
ASN00092045,19910715,TMAX,149,,,a,
ASN00092045,19910716,TMAX,138,,,a,
ASN00092045,19910717,TMAX,120,,,a,
ASN00092045,19910718,TMAX,118,,,a,
ASN00092045,19910719,TMAX,157,,,a,
ASN00092045,19910720,TMAX,150,,,a,
ASN00092045,19910721,TMAX,130,,,a,
ASN00092045,19910722,TMAX,98,,,a,
ASN00092045,19910723,TMAX,109,,,a,
ASN00092045,19910724,TMAX,119,,,a,
ASN00092045,19910725,TMAX,114,,,a,
ASN00092045,19910726,TMAX,140,,,a,
ASN00092045,19910727,TMAX,120,,,a,
ASN00092045,19910728,TMAX,133,,,a,
ASN00092045,19910729,TMAX,145,,,a,
ASN00092045,19910730,TMAX,113,,,a,
ASN00092045,19910731,TMAX,123,,,a,
ASN00092045,19910701,TMIN,45,,,a,
ASN00092045,19910702,TMIN,63,,,a,
ASN00092045,19910703,TMIN,100,,,a,
ASN00092045,19910704,TMIN,110,,,a,
ASN00092045,19910705,TMIN,132,,,a,
ASN00092045,19910706,TMIN,115,,,a,
ASN00092045,19910707,TMIN,55,,,a,
ASN00092045,19910708,TMIN,82,,,a,
ASN00092045,19910709,TMIN,108,,,a,
ASN00092045,19910710,TMIN,126,,,a,
ASN00092045,19910711,TMIN,130,,,a,
ASN00092045,19910712,TMIN,112,,,a,
ASN00092045,19910713,TMIN,115,,,a,
ASN00092045,19910714,TMIN,125,,,a,
ASN00092045,19910715,TMIN,84,,,a,
ASN00092045,19910716,TMIN,76,,,a,
ASN00092045,19910717,TMIN,50,,,a,
ASN00092045,19910718,TMIN,14,,,a,
ASN00092045,19910719,TMIN,50,,,a,
ASN00092045,19910720,TMIN,75,,,a,
ASN00092045,19910721,TMIN,67,,,a,
ASN00092045,19910722,TMIN,10,,,a,
ASN00092045,19910723,TMIN,11,,,a,
ASN00092045,19910724,TMIN,28,,,a,
ASN00092045,19910725,TMIN,19,,,a,
ASN00092045,19910726,TMIN,28,,,a,
ASN00092045,19910727,TMIN,54,,,a,
ASN00092045,19910728,TMIN,42,,,a,
ASN00092045,19910729,TMIN,60,,,a,
ASN00092045,19910730,TMIN,60,,,a,
ASN00092045,19910731,TMIN,62,,,a,
ASN00092045,19910701,PRCP,0,,,a,
ASN00092045,19910702,PRCP,2,,,a,
ASN00092045,19910703,PRCP,22,,,a,
ASN00092045,19910704,PRCP,0,,,a,
ASN00092045,19910705,PRCP,0,,,a,
ASN00092045,19910706,PRCP,140,,,a,
ASN00092045,19910707,PRCP,88,,,a,
ASN00092045,19910708,PRCP,8,,,a,
ASN00092045,19910709,PRCP,16,,,a,
ASN00092045,19910710,PRCP,34,,,a,
ASN00092045,19910711,PRCP,16,,,a,
ASN00092045,19910712,PRCP,100,,,a,
ASN00092045,19910713,PRCP,204,,,a,
ASN00092045,19910714,PRCP,46,,,a,
ASN00092045,19910715,PRCP,2,,,a,
ASN00092045,19910716,PRCP,0,,,a,
ASN00092045,19910717,PRCP,0,,,a,
ASN00092045,19910718,PRCP,0,,,a,
ASN00092045,19910719,PRCP,2,,,a,
ASN00092045,19910720,PRCP,42,,,a,
ASN00092045,19910721,PRCP,0,,,a,
ASN00092045,19910722,PRCP,0,,,a,
ASN00092045,19910723,PRCP,0,,,a,
ASN00092045,19910724,PRCP,0,,,a,
ASN00092045,19910725,PRCP,0,,,a,
ASN00092045,19910726,PRCP,0,,,a,
ASN00092045,19910727,PRCP,2,,,a,
ASN00092045,19910728,PRCP,128,,,a,
ASN00092045,19910729,PRCP,0,,,a,
ASN00092045,19910730,PRCP,0,,,a,
ASN00092045,19910731,PRCP,0,,,a,
ASN00092045,19910701,TAVG,94,H,,S,
ASN00092045,19910702,TAVG,118,H,,S,
ASN00092045,19910703,TAVG,137,H,,S,
ASN00092045,19910704,TAVG,141,H,,S,
ASN00092045,19910705,TAVG,131,H,,S,
ASN00092045,19910706,TAVG,94,H,,S,
ASN00092045,19910707,TAVG,113,H,,S,
ASN00092045,19910708,TAVG,123,H,,S,
ASN00092045,19910709,TAVG,134,H,,S,
ASN00092045,19910710,TAVG,136,H,,S,
ASN00092045,19910711,TAVG,130,H,,S,
ASN00092045,19910712,TAVG,124,H,,S,
ASN00092045,19910713,TAVG,132,H,,S,
ASN00092045,19910714,TAVG,105,H,,S,
ASN00092045,19910715,TAVG,106,H,,S,
ASN00092045,19910716,TAVG,96,H,,S,
ASN00092045,19910717,TAVG,68,H,,S,
ASN00092045,19910718,TAVG,92,H,,S,
ASN00092045,19910719,TAVG,112,H,,S,
ASN00092045,19910720,TAVG,97,H,,S,
ASN00092045,19910721,TAVG,65,H,,S,
ASN00092045,19910722,TAVG,44,H,,S,
ASN00092045,19910723,TAVG,56,H,,S,
ASN00092045,19910724,TAVG,60,H,,S,
ASN00092045,19910725,TAVG,71,H,,S,
ASN00092045,19910726,TAVG,99,H,,S,
ASN00092045,19910727,TAVG,82,H,,S,
ASN00092045,19910728,TAVG,98,H,,S,
ASN00092045,19910729,TAVG,85,H,,S,
ASN00092045,19910730,TAVG,92,H,,S,
ASN00092045,19910731,TAVG,91,H,,S,
ASN00092045,19910801,TMAX,122,,,a,
ASN00092045,19910802,TMAX,140,,,a,
ASN00092045,19910803,TMAX,135,,,a,
ASN00092045,19910804,TMAX,150,,,a,
ASN00092045,19910805,TMAX,147,,,a,
ASN00092045,19910806,TMAX,133,,,a,
ASN00092045,19910807,TMAX,102,,,a,
ASN00092045,19910808,TMAX,129,,,a,
ASN00092045,19910809,TMAX,132,,,a,
ASN00092045,19910810,TMAX,166,,,a,
ASN00092045,19910811,TMAX,146,,,a,
ASN00092045,19910812,TMAX,134,,,a,
ASN00092045,19910813,TMAX,117,,,a,
ASN00092045,19910814,TMAX,129,,,a,
ASN00092045,19910817,TMAX,125,,,a,
ASN00092045,19910818,TMAX,120,,,a,
ASN00092045,19910819,TMAX,147,,,a,
ASN00092045,19910820,TMAX,136,,,a,
ASN00092045,19910821,TMAX,128,,,a,
ASN00092045,19910822,TMAX,137,,,a,
ASN00092045,19910823,TMAX,105,,,a,
ASN00092045,19910824,TMAX,120,,,a,
ASN00092045,19910825,TMAX,154,,,a,
ASN00092045,19910826,TMAX,152,,,a,
ASN00092045,19910827,TMAX,137,,,a,
ASN00092045,19910828,TMAX,138,,,a,
ASN00092045,19910829,TMAX,138,,,a,
ASN00092045,19910830,TMAX,128,,,a,
ASN00092045,19910831,TMAX,133,,,a,
ASN00092045,19910801,TMIN,55,,,a,
ASN00092045,19910802,TMIN,80,,,a,
ASN00092045,19910803,TMIN,78,,,a,
ASN00092045,19910804,TMIN,86,,,a,
ASN00092045,19910805,TMIN,100,,,a,
ASN00092045,19910806,TMIN,40,,,a,
ASN00092045,19910808,TMIN,42,,,a,
ASN00092045,19910809,TMIN,39,,,a,
ASN00092045,19910810,TMIN,67,,,a,
ASN00092045,19910811,TMIN,80,,,a,
ASN00092045,19910812,TMIN,15,,,a,
ASN00092045,19910813,TMIN,71,,,a,
ASN00092045,19910814,TMIN,47,,,a,
ASN00092045,19910818,TMIN,34,,,a,
ASN00092045,19910819,TMIN,60,,,a,
ASN00092045,19910820,TMIN,102,,,a,
ASN00092045,19910821,TMIN,50,,,a,
ASN00092045,19910822,TMIN,50,,,a,
ASN00092045,19910823,TMIN,83,,,a,
ASN00092045,19910824,TMIN,42,,,a,
ASN00092045,19910825,TMIN,62,,,a,
ASN00092045,19910826,TMIN,65,,,a,
ASN00092045,19910827,TMIN,90,,,a,
ASN00092045,19910828,TMIN,70,,,a,
ASN00092045,19910829,TMIN,65,,,a,
ASN00092045,19910830,TMIN,63,,,a,
ASN00092045,19910831,TMIN,50,,,a,
ASN00092045,19910801,PRCP,0,,,a,
ASN00092045,19910802,PRCP,0,,,a,
ASN00092045,19910803,PRCP,0,,,a,
ASN00092045,19910804,PRCP,44,,,a,
ASN00092045,19910805,PRCP,18,,,a,
ASN00092045,19910806,PRCP,82,,,a,
ASN00092045,19910807,PRCP,75,,,a,
ASN00092045,19910808,PRCP,143,,,a,
ASN00092045,19910809,PRCP,0,,,a,
ASN00092045,19910810,PRCP,0,,,a,
ASN00092045,19910811,PRCP,0,,,a,
ASN00092045,19910812,PRCP,16,,,a,
ASN00092045,19910813,PRCP,284,,,a,
ASN00092045,19910814,PRCP,104,,,a,
ASN00092045,19910815,PRCP,90,,,a,
ASN00092045,19910816,PRCP,12,,,a,
ASN00092045,19910817,PRCP,0,,,a,
ASN00092045,19910818,PRCP,0,,,a,
ASN00092045,19910819,PRCP,0,,,a,
ASN00092045,19910820,PRCP,12,,,a,
ASN00092045,19910821,PRCP,64,,,a,
ASN00092045,19910822,PRCP,66,,,a,
ASN00092045,19910823,PRCP,176,,,a,
ASN00092045,19910824,PRCP,124,,,a,
ASN00092045,19910825,PRCP,0,,,a,
ASN00092045,19910826,PRCP,0,,,a,
ASN00092045,19910827,PRCP,0,,,a,
ASN00092045,19910828,PRCP,56,,,a,
ASN00092045,19910829,PRCP,4,,,a,
ASN00092045,19910830,PRCP,50,,,a,
ASN00092045,19910831,PRCP,24,,,a,
ASN00092045,19910801,TAVG,102,H,,S,
ASN00092045,19910802,TAVG,102,H,,S,
ASN00092045,19910803,TAVG,115,H,,S,
ASN00092045,19910804,TAVG,127,H,,S,
ASN00092045,19910805,TAVG,114,H,,S,
ASN00092045,19910806,TAVG,106,H,,S,
ASN00092045,19910807,TAVG,69,H,,S,
ASN00092045,19910808,TAVG,63,H,,S,
ASN00092045,19910809,TAVG,93,H,,S,
ASN00092045,19910810,TAVG,125,H,,S,
ASN00092045,19910811,TAVG,118,H,,S,
ASN00092045,19910812,TAVG,98,H,,S,
ASN00092045,19910813,TAVG,76,H,,S,
ASN00092045,19910814,TAVG,101,H,,S,
ASN00092045,19910815,TAVG,51,H,,S,
ASN00092045,19910817,TAVG,72,H,,S,
ASN00092045,19910818,TAVG,86,H,,S,
ASN00092045,19910819,TAVG,116,H,,S,
ASN00092045,19910820,TAVG,86,H,,S,
ASN00092045,19910821,TAVG,82,H,,S,
ASN00092045,19910822,TAVG,106,H,,S,
ASN00092045,19910823,TAVG,72,H,,S,
ASN00092045,19910824,TAVG,87,H,,S,
ASN00092045,19910825,TAVG,102,H,,S,
ASN00092045,19910826,TAVG,115,H,,S,
ASN00092045,19910827,TAVG,103,H,,S,
ASN00092045,19910828,TAVG,107,H,,S,
ASN00092045,19910829,TAVG,86,H,,S,
ASN00092045,19910830,TAVG,86,H,,S,
ASN00092045,19910831,TAVG,95,H,,S,
ASN00092045,19910901,TMAX,139,,,a,
ASN00092045,19910902,TMAX,140,,,a,
ASN00092045,19910903,TMAX,158,,,a,
ASN00092045,19910904,TMAX,155,,,a,
ASN00092045,19910905,TMAX,172,,,a,
ASN00092045,19910906,TMAX,180,,,a,
ASN00092045,19910907,TMAX,148,,,a,
ASN00092045,19910908,TMAX,183,,,a,
ASN00092045,19910909,TMAX,154,,,a,
ASN00092045,19910910,TMAX,140,,,a,
ASN00092045,19910911,TMAX,152,,,a,
ASN00092045,19910912,TMAX,130,,,a,
ASN00092045,19910913,TMAX,129,,,a,
ASN00092045,19910914,TMAX,128,,,a,
ASN00092045,19910915,TMAX,150,,,a,
ASN00092045,19910916,TMAX,162,,,a,
ASN00092045,19910917,TMAX,142,,,a,
ASN00092045,19910918,TMAX,163,,,a,
ASN00092045,19910919,TMAX,158,,,a,
ASN00092045,19910920,TMAX,110,,,a,
ASN00092045,19910921,TMAX,122,,,a,
ASN00092045,19910922,TMAX,147,,,a,
ASN00092045,19910923,TMAX,134,,,a,
ASN00092045,19910924,TMAX,161,,,a,
ASN00092045,19910925,TMAX,174,,,a,
ASN00092045,19910926,TMAX,120,,,a,
ASN00092045,19910927,TMAX,138,,,a,
ASN00092045,19910928,TMAX,150,,,a,
ASN00092045,19910929,TMAX,160,,,a,
ASN00092045,19910930,TMAX,183,,,a,
ASN00092045,19910901,TMIN,50,,,a,
ASN00092045,19910902,TMIN,58,,,a,
ASN00092045,19910903,TMIN,87,,,a,
ASN00092045,19910904,TMIN,50,,,a,
ASN00092045,19910905,TMIN,89,,,a,
ASN00092045,19910906,TMIN,83,,,a,
ASN00092045,19910907,TMIN,83,,,a,
ASN00092045,19910908,TMIN,112,,,a,
ASN00092045,19910909,TMIN,65,,,a,
ASN00092045,19910910,TMIN,83,,,a,
ASN00092045,19910911,TMIN,72,,,a,
ASN00092045,19910912,TMIN,42,,,a,
ASN00092045,19910913,TMIN,68,,,a,
ASN00092045,19910914,TMIN,62,,,a,
ASN00092045,19910915,TMIN,90,,,a,
ASN00092045,19910916,TMIN,108,,,a,
ASN00092045,19910917,TMIN,108,,,a,
ASN00092045,19910918,TMIN,120,,,a,
ASN00092045,19910919,TMIN,90,,,a,
ASN00092045,19910920,TMIN,32,,,a,
ASN00092045,19910921,TMIN,50,,,a,
ASN00092045,19910922,TMIN,42,,,a,
ASN00092045,19910923,TMIN,55,,,a,
ASN00092045,19910924,TMIN,60,,,a,
ASN00092045,19910925,TMIN,87,,,a,
ASN00092045,19910926,TMIN,90,,,a,
ASN00092045,19910927,TMIN,56,,,a,
ASN00092045,19910928,TMIN,68,,,a,
ASN00092045,19910929,TMIN,88,,,a,
ASN00092045,19910930,TMIN,70,,,a,
ASN00092045,19910901,PRCP,44,,,a,
ASN00092045,19910902,PRCP,0,,,a,
ASN00092045,19910903,PRCP,28,,,a,
ASN00092045,19910904,PRCP,10,,,a,
ASN00092045,19910905,PRCP,0,,,a,
ASN00092045,19910906,PRCP,0,,,a,
ASN00092045,19910907,PRCP,0,,,a,
ASN00092045,19910908,PRCP,140,,,a,
ASN00092045,19910909,PRCP,0,,,a,
ASN00092045,19910910,PRCP,4,,,a,
ASN00092045,19910911,PRCP,4,,,a,
ASN00092045,19910912,PRCP,240,,,a,
ASN00092045,19910913,PRCP,0,,,a,
ASN00092045,19910914,PRCP,0,,,a,
ASN00092045,19910915,PRCP,0,,,a,
ASN00092045,19910916,PRCP,0,,,a,
ASN00092045,19910917,PRCP,4,,,a,
ASN00092045,19910918,PRCP,10,,,a,
ASN00092045,19910919,PRCP,46,,,a,
ASN00092045,19910920,PRCP,140,,,a,
ASN00092045,19910921,PRCP,98,,,a,
ASN00092045,19910922,PRCP,42,,,a,
ASN00092045,19910923,PRCP,0,,,a,
ASN00092045,19910924,PRCP,0,,,a,
ASN00092045,19910925,PRCP,0,,,a,
ASN00092045,19910926,PRCP,0,,,a,
ASN00092045,19910927,PRCP,0,,,a,
ASN00092045,19910928,PRCP,50,,,a,
ASN00092045,19910929,PRCP,2,,,a,
ASN00092045,19910930,PRCP,0,,,a,
ASN00092045,19910901,TAVG,92,H,,S,
ASN00092045,19910902,TAVG,113,H,,S,
ASN00092045,19910903,TAVG,107,H,,S,
ASN00092045,19910904,TAVG,132,H,,S,
ASN00092045,19910905,TAVG,127,H,,S,
ASN00092045,19910906,TAVG,113,H,,S,
ASN00092045,19910907,TAVG,128,H,,S,
ASN00092045,19910908,TAVG,110,H,,S,
ASN00092045,19910911,TAVG,82,H,,S,
ASN00092045,19910912,TAVG,87,H,,S,
ASN00092045,19910913,TAVG,93,H,,S,
ASN00092045,19910914,TAVG,111,H,,S,
ASN00092045,19910915,TAVG,123,H,,S,
ASN00092045,19910916,TAVG,133,H,,S,
ASN00092045,19910917,TAVG,127,H,,S,
ASN00092045,19910918,TAVG,117,H,,S,
ASN00092045,19910919,TAVG,99,H,,S,
ASN00092045,19910920,TAVG,78,H,,S,
ASN00092045,19910921,TAVG,81,H,,S,
ASN00092045,19910922,TAVG,103,H,,S,
ASN00092045,19910923,TAVG,103,H,,S,
ASN00092045,19910924,TAVG,116,H,,S,
ASN00092045,19910925,TAVG,125,H,,S,
ASN00092045,19910926,TAVG,87,H,,S,
ASN00092045,19910927,TAVG,99,H,,S,
ASN00092045,19910928,TAVG,119,H,,S,
ASN00092045,19910929,TAVG,121,H,,S,
ASN00092045,19910930,TAVG,123,H,,S,
ASN00092045,19911001,TMAX,195,,,a,
ASN00092045,19911002,TMAX,151,,,a,
ASN00092045,19911003,TMAX,165,,,a,
ASN00092045,19911004,TMAX,165,,,a,
ASN00092045,19911005,TMAX,154,,,a,
ASN00092045,19911006,TMAX,178,,,a,
ASN00092045,19911007,TMAX,159,,,a,
ASN00092045,19911008,TMAX,150,,,a,
ASN00092045,19911009,TMAX,150,,,a,
ASN00092045,19911010,TMAX,195,,,a,
ASN00092045,19911011,TMAX,179,,,a,
ASN00092045,19911012,TMAX,172,,,a,
ASN00092045,19911013,TMAX,185,,,a,
ASN00092045,19911014,TMAX,204,,,a,
ASN00092045,19911015,TMAX,240,,,a,
ASN00092045,19911016,TMAX,110,,,a,
ASN00092045,19911017,TMAX,163,,,a,
ASN00092045,19911018,TMAX,156,,,a,
ASN00092045,19911019,TMAX,190,,,a,
ASN00092045,19911020,TMAX,239,,,a,
ASN00092045,19911021,TMAX,175,,,a,
ASN00092045,19911022,TMAX,179,,,a,
ASN00092045,19911023,TMAX,165,,,a,
ASN00092045,19911024,TMAX,160,,,a,
ASN00092045,19911025,TMAX,155,,,a,
ASN00092045,19911026,TMAX,155,,,a,
ASN00092045,19911027,TMAX,155,,,a,
ASN00092045,19911028,TMAX,160,,,a,
ASN00092045,19911029,TMAX,164,,,a,
ASN00092045,19911030,TMAX,180,,,a,
ASN00092045,19911031,TMAX,177,,,a,
ASN00092045,19911001,TMIN,93,,,a,
ASN00092045,19911002,TMIN,56,,,a,
ASN00092045,19911003,TMIN,70,,,a,
ASN00092045,19911004,TMIN,94,,,a,
ASN00092045,19911005,TMIN,77,,,a,
ASN00092045,19911006,TMIN,102,,,a,
ASN00092045,19911007,TMIN,95,,,a,
ASN00092045,19911008,TMIN,75,,,a,
ASN00092045,19911009,TMIN,42,,,a,
ASN00092045,19911010,TMIN,77,,,a,
ASN00092045,19911011,TMIN,84,,,a,
ASN00092045,19911012,TMIN,104,,,a,
ASN00092045,19911013,TMIN,83,,,a,
ASN00092045,19911014,TMIN,95,,,a,
ASN00092045,19911015,TMIN,107,,,a,
ASN00092045,19911016,TMIN,88,,,a,
ASN00092045,19911017,TMIN,51,,,a,
ASN00092045,19911018,TMIN,90,,,a,
ASN00092045,19911019,TMIN,95,,,a,
ASN00092045,19911020,TMIN,100,,,a,
ASN00092045,19911021,TMIN,122,,,a,
ASN00092045,19911023,TMIN,80,,,a,
ASN00092045,19911024,TMIN,110,,,a,
ASN00092045,19911025,TMIN,80,,,a,
ASN00092045,19911026,TMIN,110,,,a,
ASN00092045,19911028,TMIN,80,,,a,
ASN00092045,19911029,TMIN,88,,,a,
ASN00092045,19911030,TMIN,125,,,a,
ASN00092045,19911031,TMIN,85,,,a,
ASN00092045,19911001,PRCP,0,,,a,
ASN00092045,19911002,PRCP,0,,,a,
ASN00092045,19911003,PRCP,0,,,a,
ASN00092045,19911004,PRCP,0,,,a,
ASN00092045,19911005,PRCP,0,,,a,
ASN00092045,19911006,PRCP,0,,,a,
ASN00092045,19911007,PRCP,4,,,a,
ASN00092045,19911008,PRCP,0,,,a,
ASN00092045,19911009,PRCP,0,,,a,
ASN00092045,19911010,PRCP,2,,,a,
ASN00092045,19911011,PRCP,0,,,a,
ASN00092045,19911012,PRCP,0,,,a,
ASN00092045,19911013,PRCP,0,,,a,
ASN00092045,19911014,PRCP,0,,,a,
ASN00092045,19911015,PRCP,0,,,a,
ASN00092045,19911016,PRCP,72,,,a,
ASN00092045,19911017,PRCP,36,,,a,
ASN00092045,19911018,PRCP,0,,,a,
ASN00092045,19911019,PRCP,0,,,a,
ASN00092045,19911020,PRCP,0,,,a,
ASN00092045,19911021,PRCP,0,,,a,
ASN00092045,19911022,PRCP,76,,,a,
ASN00092045,19911023,PRCP,0,,,a,
ASN00092045,19911024,PRCP,0,,,a,
ASN00092045,19911025,PRCP,0,,,a,
ASN00092045,19911026,PRCP,158,,,a,
ASN00092045,19911027,PRCP,0,,,a,
ASN00092045,19911028,PRCP,0,,,a,
ASN00092045,19911029,PRCP,0,,,a,
ASN00092045,19911030,PRCP,0,,,a,
ASN00092045,19911031,PRCP,42,,,a,
ASN00092045,19911001,TAVG,132,H,,S,
ASN00092045,19911002,TAVG,101,H,,S,
ASN00092045,19911003,TAVG,118,H,,S,
ASN00092045,19911004,TAVG,104,H,,S,
ASN00092045,19911005,TAVG,125,H,,S,
ASN00092045,19911006,TAVG,124,H,,S,
ASN00092045,19911007,TAVG,115,H,,S,
ASN00092045,19911008,TAVG,93,H,,S,
ASN00092045,19911009,TAVG,126,H,,S,
ASN00092045,19911010,TAVG,111,H,,S,
ASN00092045,19911011,TAVG,137,H,,S,
ASN00092045,19911012,TAVG,131,H,,S,
ASN00092045,19911013,TAVG,135,H,,S,
ASN00092045,19911014,TAVG,166,H,,S,
ASN00092045,19911015,TAVG,161,H,,S,
ASN00092045,19911016,TAVG,84,H,,S,
ASN00092045,19911017,TAVG,117,H,,S,
ASN00092045,19911018,TAVG,121,H,,S,
ASN00092045,19911020,TAVG,156,H,,S,
ASN00092045,19911021,TAVG,113,H,,S,
ASN00092045,19911022,TAVG,134,H,,S,
ASN00092045,19911023,TAVG,122,H,,S,
ASN00092045,19911024,TAVG,118,H,,S,
ASN00092045,19911025,TAVG,120,H,,S,
ASN00092045,19911026,TAVG,118,H,,S,
ASN00092045,19911027,TAVG,113,H,,S,
ASN00092045,19911028,TAVG,127,H,,S,
ASN00092045,19911029,TAVG,136,H,,S,
ASN00092045,19911030,TAVG,136,H,,S,
ASN00092045,19911031,TAVG,117,H,,S,
ASN00092045,19911101,TMAX,150,,,a,
ASN00092045,19911102,TMAX,168,,,a,
ASN00092045,19911103,TMAX,172,,,a,
ASN00092045,19911104,TMAX,152,,,a,
ASN00092045,19911105,TMAX,207,,,a,
ASN00092045,19911106,TMAX,145,,,a,
ASN00092045,19911107,TMAX,173,,,a,
ASN00092045,19911108,TMAX,153,,,a,
ASN00092045,19911109,TMAX,175,,,a,
ASN00092045,19911110,TMAX,181,,,a,
ASN00092045,19911111,TMAX,195,,,a,
ASN00092045,19911112,TMAX,192,,,a,
ASN00092045,19911113,TMAX,150,,,a,
ASN00092045,19911114,TMAX,157,,,a,
ASN00092045,19911115,TMAX,172,,,a,
ASN00092045,19911116,TMAX,195,,,a,
ASN00092045,19911117,TMAX,190,,,a,
ASN00092045,19911118,TMAX,209,,,a,
ASN00092045,19911119,TMAX,195,,,a,
ASN00092045,19911120,TMAX,177,,,a,
ASN00092045,19911121,TMAX,189,,,a,
ASN00092045,19911122,TMAX,215,,,a,
ASN00092045,19911123,TMAX,182,,,a,
ASN00092045,19911124,TMAX,192,,,a,
ASN00092045,19911125,TMAX,194,,,a,
ASN00092045,19911126,TMAX,206,,,a,
ASN00092045,19911127,TMAX,185,,,a,
ASN00092045,19911129,TMAX,182,,,a,
ASN00092045,19911130,TMAX,172,,,a,
ASN00092045,19911101,TMIN,88,,,a,
ASN00092045,19911102,TMIN,100,,,a,
ASN00092045,19911103,TMIN,130,,,a,
ASN00092045,19911104,TMIN,140,,,a,
ASN00092045,19911105,TMIN,120,,,a,
ASN00092045,19911106,TMIN,110,,,a,
ASN00092045,19911107,TMIN,118,,,a,
ASN00092045,19911108,TMIN,66,,,a,
ASN00092045,19911109,TMIN,88,,,a,
ASN00092045,19911110,TMIN,73,,,a,
ASN00092045,19911111,TMIN,80,,,a,
ASN00092045,19911112,TMIN,86,,,a,
ASN00092045,19911113,TMIN,86,,,a,
ASN00092045,19911114,TMIN,108,,,a,
ASN00092045,19911115,TMIN,118,,,a,
ASN00092045,19911116,TMIN,108,,,a,
ASN00092045,19911117,TMIN,95,,,a,
ASN00092045,19911118,TMIN,120,,,a,
ASN00092045,19911119,TMIN,125,,,a,
ASN00092045,19911120,TMIN,95,,,a,
ASN00092045,19911121,TMIN,70,,,a,
ASN00092045,19911122,TMIN,92,,,a,
ASN00092045,19911123,TMIN,120,,,a,
ASN00092045,19911124,TMIN,125,,,a,
ASN00092045,19911125,TMIN,136,,,a,
ASN00092045,19911126,TMIN,155,,,a,
ASN00092045,19911127,TMIN,93,,,a,
ASN00092045,19911128,TMIN,85,,,a,
ASN00092045,19911130,TMIN,50,,,a,
ASN00092045,19911101,PRCP,68,,,a,
ASN00092045,19911102,PRCP,0,,,a,
ASN00092045,19911103,PRCP,0,,,a,
ASN00092045,19911104,PRCP,90,,,a,
ASN00092045,19911105,PRCP,252,,,a,
ASN00092045,19911106,PRCP,0,,,a,
ASN00092045,19911107,PRCP,20,,,a,
ASN00092045,19911108,PRCP,44,,,a,
ASN00092045,19911109,PRCP,2,,,a,
ASN00092045,19911110,PRCP,0,,,a,
ASN00092045,19911111,PRCP,0,,,a,
ASN00092045,19911112,PRCP,0,,,a,
ASN00092045,19911113,PRCP,0,,,a,
ASN00092045,19911114,PRCP,0,,,a,
ASN00092045,19911115,PRCP,0,,,a,
ASN00092045,19911116,PRCP,44,,,a,
ASN00092045,19911117,PRCP,0,,,a,
ASN00092045,19911118,PRCP,0,,,a,
ASN00092045,19911119,PRCP,10,,,a,
ASN00092045,19911120,PRCP,0,,,a,
ASN00092045,19911121,PRCP,0,,,a,
ASN00092045,19911122,PRCP,0,,,a,
ASN00092045,19911123,PRCP,0,,,a,
ASN00092045,19911124,PRCP,0,,,a,
ASN00092045,19911125,PRCP,0,,,a,
ASN00092045,19911126,PRCP,10,,,a,
ASN00092045,19911127,PRCP,0,,,a,
ASN00092045,19911128,PRCP,0,,,a,
ASN00092045,19911129,PRCP,10,,,a,
ASN00092045,19911130,PRCP,0,,,a,
ASN00092045,19911101,TAVG,125,H,,S,
ASN00092045,19911102,TAVG,140,H,,S,
ASN00092045,19911104,TAVG,131,H,,S,
ASN00092045,19911105,TAVG,153,H,,S,
ASN00092045,19911106,TAVG,127,H,,S,
ASN00092045,19911107,TAVG,113,H,,S,
ASN00092045,19911108,TAVG,109,H,,S,
ASN00092045,19911109,TAVG,119,H,,S,
ASN00092045,19911110,TAVG,136,H,,S,
ASN00092045,19911111,TAVG,136,H,,S,
ASN00092045,19911112,TAVG,133,H,,S,
ASN00092045,19911114,TAVG,130,H,,S,
ASN00092045,19911115,TAVG,133,H,,S,
ASN00092045,19911116,TAVG,152,H,,S,
ASN00092045,19911117,TAVG,138,H,,S,
ASN00092045,19911118,TAVG,147,H,,S,
ASN00092045,19911119,TAVG,124,H,,S,
ASN00092045,19911120,TAVG,125,H,,S,
ASN00092045,19911121,TAVG,131,H,,S,
ASN00092045,19911122,TAVG,154,H,,S,
ASN00092045,19911123,TAVG,159,H,,S,
ASN00092045,19911124,TAVG,158,H,,S,
ASN00092045,19911125,TAVG,167,H,,S,
ASN00092045,19911126,TAVG,135,H,,S,
ASN00092045,19911127,TAVG,135,H,,S,
ASN00092045,19911128,TAVG,133,H,,S,
ASN00092045,19911129,TAVG,88,H,,S,
ASN00092045,19911130,TAVG,132,H,,S,
ASN00092045,19911201,TMAX,174,,,a,
ASN00092045,19911202,TMAX,178,,,a,
ASN00092045,19911203,TMAX,236,,,a,
ASN00092045,19911204,TMAX,173,,,a,
ASN00092045,19911205,TMAX,186,,,a,
ASN00092045,19911206,TMAX,205,,,a,
ASN00092045,19911207,TMAX,186,,,a,
ASN00092045,19911208,TMAX,234,,,a,
ASN00092045,19911209,TMAX,254,,,a,
ASN00092045,19911210,TMAX,172,,,a,
ASN00092045,19911211,TMAX,171,,,a,
ASN00092045,19911212,TMAX,184,,,a,
ASN00092045,19911213,TMAX,193,,,a,
ASN00092045,19911214,TMAX,173,,,a,
ASN00092045,19911215,TMAX,203,,,a,
ASN00092045,19911216,TMAX,207,,,a,
ASN00092045,19911217,TMAX,180,,,a,
ASN00092045,19911218,TMAX,185,,,a,
ASN00092045,19911219,TMAX,181,,,a,
ASN00092045,19911220,TMAX,200,,,a,
ASN00092045,19911221,TMAX,207,,,a,
ASN00092045,19911222,TMAX,200,,,a,
ASN00092045,19911223,TMAX,200,,,a,
ASN00092045,19911224,TMAX,195,,,a,
ASN00092045,19911225,TMAX,233,,,a,
ASN00092045,19911226,TMAX,210,,,a,
ASN00092045,19911227,TMAX,262,,,a,
ASN00092045,19911228,TMAX,186,,,a,
ASN00092045,19911229,TMAX,178,,,a,
ASN00092045,19911230,TMAX,172,,,a,
ASN00092045,19911231,TMAX,174,,,a,
ASN00092045,19911201,TMIN,78,,,a,
ASN00092045,19911202,TMIN,119,,,a,
ASN00092045,19911203,TMIN,140,,,a,
ASN00092045,19911204,TMIN,110,,,a,
ASN00092045,19911205,TMIN,60,,,a,
ASN00092045,19911206,TMIN,115,,,a,
ASN00092045,19911207,TMIN,132,,,a,
ASN00092045,19911208,TMIN,119,,,a,
ASN00092045,19911209,TMIN,127,,,a,
ASN00092045,19911210,TMIN,144,,,a,
ASN00092045,19911211,TMIN,115,,,a,
ASN00092045,19911212,TMIN,130,,,a,
ASN00092045,19911213,TMIN,142,,,a,
ASN00092045,19911214,TMIN,140,,,a,
ASN00092045,19911215,TMIN,145,,,a,
ASN00092045,19911216,TMIN,122,,,a,
ASN00092045,19911217,TMIN,125,,,a,
ASN00092045,19911218,TMIN,127,,,a,
ASN00092045,19911219,TMIN,110,,,a,
ASN00092045,19911220,TMIN,135,,,a,
ASN00092045,19911221,TMIN,130,,,a,
ASN00092045,19911223,TMIN,125,,,a,
ASN00092045,19911224,TMIN,122,,,a,
ASN00092045,19911225,TMIN,132,,,a,
ASN00092045,19911226,TMIN,150,,,a,
ASN00092045,19911227,TMIN,154,,,a,
ASN00092045,19911228,TMIN,138,,,a,
ASN00092045,19911229,TMIN,125,,,a,
ASN00092045,19911230,TMIN,130,,,a,
ASN00092045,19911231,TMIN,130,,,a,
ASN00092045,19911201,PRCP,0,,,a,
ASN00092045,19911202,PRCP,0,,,a,
ASN00092045,19911203,PRCP,0,,,a,
ASN00092045,19911204,PRCP,68,,,a,
ASN00092045,19911205,PRCP,8,,,a,
ASN00092045,19911206,PRCP,0,,,a,
ASN00092045,19911207,PRCP,16,,,a,
ASN00092045,19911208,PRCP,0,,,a,
ASN00092045,19911209,PRCP,0,,,a,
ASN00092045,19911210,PRCP,12,,,a,
ASN00092045,19911211,PRCP,14,,,a,
ASN00092045,19911212,PRCP,0,,,a,
ASN00092045,19911213,PRCP,0,,,a,
ASN00092045,19911214,PRCP,4,,,a,
ASN00092045,19911215,PRCP,230,,,a,
ASN00092045,19911216,PRCP,18,,,a,
ASN00092045,19911217,PRCP,0,,,a,
ASN00092045,19911218,PRCP,96,,,a,
ASN00092045,19911219,PRCP,226,,,a,
ASN00092045,19911220,PRCP,14,,,a,
ASN00092045,19911221,PRCP,48,,,a,
ASN00092045,19911222,PRCP,0,,,a,
ASN00092045,19911223,PRCP,0,,,a,
ASN00092045,19911224,PRCP,0,,,a,
ASN00092045,19911225,PRCP,0,,,a,
ASN00092045,19911226,PRCP,0,,,a,
ASN00092045,19911227,PRCP,30,,,a,
ASN00092045,19911228,PRCP,0,,,a,
ASN00092045,19911229,PRCP,0,,,a,
ASN00092045,19911230,PRCP,0,,,a,
ASN00092045,19911231,PRCP,0,,,a,
ASN00092045,19911201,TAVG,135,H,,S,
ASN00092045,19911202,TAVG,148,H,,S,
ASN00092045,19911203,TAVG,152,H,,S,
ASN00092045,19911204,TAVG,121,H,,S,
ASN00092045,19911205,TAVG,146,H,,S,
ASN00092045,19911206,TAVG,137,H,,S,
ASN00092045,19911207,TAVG,150,H,,S,
ASN00092045,19911208,TAVG,168,H,,S,
ASN00092045,19911209,TAVG,180,H,,S,
ASN00092045,19911210,TAVG,127,H,,S,
ASN00092045,19911211,TAVG,142,H,,S,
ASN00092045,19911212,TAVG,158,H,,S,
ASN00092045,19911213,TAVG,157,H,,S,
ASN00092045,19911214,TAVG,154,H,,S,
ASN00092045,19911215,TAVG,151,H,,S,
ASN00092045,19911216,TAVG,164,H,,S,
ASN00092045,19911217,TAVG,150,H,,S,
ASN00092045,19911218,TAVG,145,H,,S,
ASN00092045,19911219,TAVG,149,H,,S,
ASN00092045,19911220,TAVG,147,H,,S,
ASN00092045,19911221,TAVG,172,H,,S,
ASN00092045,19911222,TAVG,159,H,,S,
ASN00092045,19911224,TAVG,161,H,,S,
ASN00092045,19911225,TAVG,184,H,,S,
ASN00092045,19911226,TAVG,179,H,,S,
ASN00092045,19911227,TAVG,175,H,,S,
ASN00092045,19911228,TAVG,149,H,,S,
ASN00092045,19911229,TAVG,136,H,,S,
ASN00092045,19911230,TAVG,141,H,,S,
ASN00092045,19911231,TAVG,154,H,,S,
ASN00092045,19920101,TMAX,158,,,a,
ASN00092045,19920102,TMAX,205,,,a,
ASN00092045,19920103,TMAX,205,,,a,
ASN00092045,19920104,TMAX,162,,,a,
ASN00092045,19920105,TMAX,200,,,a,
ASN00092045,19920106,TMAX,205,,,a,
ASN00092045,19920107,TMAX,190,,,a,
ASN00092045,19920108,TMAX,180,,,a,
ASN00092045,19920109,TMAX,160,,,a,
ASN00092045,19920110,TMAX,180,,,a,
ASN00092045,19920111,TMAX,224,,,a,
ASN00092045,19920112,TMAX,178,,,a,
ASN00092045,19920113,TMAX,190,,,a,
ASN00092045,19920114,TMAX,200,,,a,
ASN00092045,19920115,TMAX,197,,,a,
ASN00092045,19920116,TMAX,199,,,a,
ASN00092045,19920117,TMAX,205,,,a,
ASN00092045,19920118,TMAX,188,,,a,
ASN00092045,19920119,TMAX,190,,,a,
ASN00092045,19920120,TMAX,253,,,a,
ASN00092045,19920121,TMAX,218,,,a,
ASN00092045,19920122,TMAX,218,,,a,
ASN00092045,19920123,TMAX,230,,,a,
ASN00092045,19920124,TMAX,202,,,a,
ASN00092045,19920125,TMAX,208,,,a,
ASN00092045,19920126,TMAX,209,,,a,
ASN00092045,19920127,TMAX,193,,,a,
ASN00092045,19920128,TMAX,196,,,a,
ASN00092045,19920129,TMAX,192,,,a,
ASN00092045,19920130,TMAX,211,,,a,
ASN00092045,19920131,TMAX,240,,,a,
ASN00092045,19920101,TMIN,138,,,a,
ASN00092045,19920102,TMIN,142,,,a,
ASN00092045,19920103,TMIN,145,,,a,
ASN00092045,19920104,TMIN,138,,,a,
ASN00092045,19920105,TMIN,136,,,a,
ASN00092045,19920106,TMIN,122,,,a,
ASN00092045,19920107,TMIN,95,,,a,
ASN00092045,19920108,TMIN,125,,,a,
ASN00092045,19920109,TMIN,127,,,a,
ASN00092045,19920110,TMIN,125,,,a,
ASN00092045,19920111,TMIN,120,,,a,
ASN00092045,19920112,TMIN,125,,,a,
ASN00092045,19920113,TMIN,131,,,a,
ASN00092045,19920114,TMIN,99,,,a,
ASN00092045,19920115,TMIN,115,,,a,
ASN00092045,19920116,TMIN,110,,,a,
ASN00092045,19920117,TMIN,102,,,a,
ASN00092045,19920118,TMIN,85,,,a,
ASN00092045,19920119,TMIN,110,,,a,
ASN00092045,19920120,TMIN,157,,,a,
ASN00092045,19920121,TMIN,152,,,a,
ASN00092045,19920122,TMIN,160,,,a,
ASN00092045,19920123,TMIN,160,,,a,
ASN00092045,19920124,TMIN,142,,,a,
ASN00092045,19920125,TMIN,130,,,a,
ASN00092045,19920126,TMIN,115,,,a,
ASN00092045,19920127,TMIN,135,,,a,
ASN00092045,19920128,TMIN,84,,,a,
ASN00092045,19920129,TMIN,92,,,a,
ASN00092045,19920130,TMIN,120,,,a,
ASN00092045,19920131,TMIN,131,,,a,
ASN00092045,19920101,PRCP,182,,,a,
ASN00092045,19920102,PRCP,196,,,a,
ASN00092045,19920103,PRCP,6,,,a,
ASN00092045,19920104,PRCP,240,,,a,
ASN00092045,19920105,PRCP,24,,,a,
ASN00092045,19920106,PRCP,18,,,a,
ASN00092045,19920107,PRCP,40,,,a,
ASN00092045,19920108,PRCP,0,,,a,
ASN00092045,19920109,PRCP,24,,,a,
ASN00092045,19920110,PRCP,0,,,a,
ASN00092045,19920111,PRCP,0,,,a,
ASN00092045,19920112,PRCP,0,,,a,
ASN00092045,19920113,PRCP,0,,,a,
ASN00092045,19920114,PRCP,50,,,a,
ASN00092045,19920115,PRCP,0,,,a,
ASN00092045,19920116,PRCP,0,,,a,
ASN00092045,19920117,PRCP,0,,,a,
ASN00092045,19920118,PRCP,0,,,a,
ASN00092045,19920119,PRCP,0,,,a,
ASN00092045,19920120,PRCP,0,,,a,
ASN00092045,19920121,PRCP,0,,,a,
ASN00092045,19920122,PRCP,0,,,a,
ASN00092045,19920123,PRCP,10,,,a,
ASN00092045,19920124,PRCP,0,,,a,
ASN00092045,19920125,PRCP,14,,,a,
ASN00092045,19920126,PRCP,0,,,a,
ASN00092045,19920127,PRCP,0,,,a,
ASN00092045,19920128,PRCP,0,,,a,
ASN00092045,19920129,PRCP,0,,,a,
ASN00092045,19920130,PRCP,0,,,a,
ASN00092045,19920131,PRCP,0,,,a,
ASN00092045,19920101,TAVG,151,H,,S,
ASN00092045,19920102,TAVG,169,H,,S,
ASN00092045,19920103,TAVG,160,H,,S,
ASN00092045,19920104,TAVG,151,H,,S,
ASN00092045,19920105,TAVG,154,H,,S,
ASN00092045,19920106,TAVG,150,H,,S,
ASN00092045,19920107,TAVG,154,H,,S,
ASN00092045,19920108,TAVG,143,H,,S,
ASN00092045,19920109,TAVG,142,H,,S,
ASN00092045,19920110,TAVG,147,H,,S,
ASN00092045,19920111,TAVG,160,H,,S,
ASN00092045,19920112,TAVG,152,H,,S,
ASN00092045,19920113,TAVG,155,H,,S,
ASN00092045,19920114,TAVG,161,H,,S,
ASN00092045,19920115,TAVG,155,H,,S,
ASN00092045,19920116,TAVG,144,H,,S,
ASN00092045,19920117,TAVG,153,H,,S,
ASN00092045,19920118,TAVG,157,H,,S,
ASN00092045,19920119,TAVG,167,H,,S,
ASN00092045,19920120,TAVG,187,H,,S,
ASN00092045,19920121,TAVG,171,H,,S,
ASN00092045,19920122,TAVG,183,H,,S,
ASN00092045,19920123,TAVG,157,H,,S,
ASN00092045,19920124,TAVG,168,H,,S,
ASN00092045,19920126,TAVG,154,H,,S,
ASN00092045,19920127,TAVG,118,H,,S,
ASN00092045,19920128,TAVG,153,H,,S,
ASN00092045,19920129,TAVG,161,H,,S,
ASN00092045,19920130,TAVG,169,H,,S,
ASN00092045,19920131,TAVG,188,H,,S,
ASN00092045,19920201,TMAX,185,,,a,
ASN00092045,19920202,TMAX,194,,,a,
ASN00092045,19920203,TMAX,216,,,a,
ASN00092045,19920204,TMAX,170,,,a,
ASN00092045,19920205,TMAX,200,,,a,
ASN00092045,19920206,TMAX,253,,,a,
ASN00092045,19920207,TMAX,215,,,a,
ASN00092045,19920208,TMAX,186,,,a,
ASN00092045,19920209,TMAX,188,,,a,
ASN00092045,19920210,TMAX,182,,,a,
ASN00092045,19920211,TMAX,190,,,a,
ASN00092045,19920212,TMAX,200,,,a,
ASN00092045,19920213,TMAX,200,,,a,
ASN00092045,19920214,TMAX,147,,,a,
ASN00092045,19920215,TMAX,178,,,a,
ASN00092045,19920216,TMAX,205,,,a,
ASN00092045,19920217,TMAX,229,,,a,
ASN00092045,19920218,TMAX,245,,,a,
ASN00092045,19920219,TMAX,210,,,a,
ASN00092045,19920220,TMAX,235,,,a,
ASN00092045,19920221,TMAX,200,,,a,
ASN00092045,19920222,TMAX,233,,,a,
ASN00092045,19920223,TMAX,227,,,a,
ASN00092045,19920224,TMAX,174,,,a,
ASN00092045,19920225,TMAX,199,,,a,
ASN00092045,19920226,TMAX,199,,,a,
ASN00092045,19920227,TMAX,210,,,a,
ASN00092045,19920228,TMAX,205,,,a,
ASN00092045,19920229,TMAX,220,,,a,
ASN00092045,19920201,TMIN,139,,,a,
ASN00092045,19920202,TMIN,123,,,a,
ASN00092045,19920203,TMIN,145,,,a,
ASN00092045,19920204,TMIN,140,,,a,
ASN00092045,19920205,TMIN,145,,,a,
ASN00092045,19920206,TMIN,162,,,a,
ASN00092045,19920207,TMIN,122,,,a,
ASN00092045,19920208,TMIN,149,,,a,
ASN00092045,19920209,TMIN,145,,,a,
ASN00092045,19920210,TMIN,138,,,a,
ASN00092045,19920211,TMIN,145,,,a,
ASN00092045,19920212,TMIN,155,,,a,
ASN00092045,19920213,TMIN,149,,,a,
ASN00092045,19920214,TMIN,135,,,a,
ASN00092045,19920215,TMIN,125,,,a,
ASN00092045,19920216,TMIN,130,,,a,
ASN00092045,19920217,TMIN,150,,,a,
ASN00092045,19920218,TMIN,175,,,a,
ASN00092045,19920220,TMIN,120,,,a,
ASN00092045,19920221,TMIN,110,,,a,
ASN00092045,19920222,TMIN,116,,,a,
ASN00092045,19920223,TMIN,135,,,a,
ASN00092045,19920224,TMIN,126,,,a,
ASN00092045,19920225,TMIN,90,,,a,
ASN00092045,19920226,TMIN,105,,,a,
ASN00092045,19920227,TMIN,106,,,a,
ASN00092045,19920228,TMIN,139,,,a,
ASN00092045,19920229,TMIN,140,,,a,
ASN00092045,19920201,PRCP,0,,,a,
ASN00092045,19920202,PRCP,0,,,a,
ASN00092045,19920203,PRCP,0,,,a,
ASN00092045,19920204,PRCP,6,,,a,
ASN00092045,19920205,PRCP,2,,,a,
ASN00092045,19920206,PRCP,0,,,a,
ASN00092045,19920207,PRCP,0,,,a,
ASN00092045,19920208,PRCP,0,,,a,
ASN00092045,19920209,PRCP,0,,,a,
ASN00092045,19920210,PRCP,0,,,a,
ASN00092045,19920211,PRCP,104,,,a,
ASN00092045,19920212,PRCP,92,,,a,
ASN00092045,19920213,PRCP,8,,,a,
ASN00092045,19920214,PRCP,0,,,a,
ASN00092045,19920215,PRCP,0,,,a,
ASN00092045,19920216,PRCP,0,,,a,
ASN00092045,19920217,PRCP,0,,,a,
ASN00092045,19920218,PRCP,0,,,a,
ASN00092045,19920219,PRCP,0,,,a,
ASN00092045,19920220,PRCP,0,,,a,
ASN00092045,19920221,PRCP,0,,,a,
ASN00092045,19920222,PRCP,0,,,a,
ASN00092045,19920223,PRCP,0,,,a,
ASN00092045,19920224,PRCP,136,,,a,
ASN00092045,19920225,PRCP,4,,,a,
ASN00092045,19920226,PRCP,2,,,a,
ASN00092045,19920227,PRCP,0,,,a,
ASN00092045,19920228,PRCP,0,,,a,
ASN00092045,19920229,PRCP,0,,,a,
ASN00092045,19920202,TAVG,167,H,,S,
ASN00092045,19920203,TAVG,168,H,,S,
ASN00092045,19920204,TAVG,156,H,,S,
ASN00092045,19920205,TAVG,176,H,,S,
ASN00092045,19920206,TAVG,178,H,,S,
ASN00092045,19920207,TAVG,172,H,,S,
ASN00092045,19920208,TAVG,162,H,,S,
ASN00092045,19920209,TAVG,158,H,,S,
ASN00092045,19920210,TAVG,158,H,,S,
ASN00092045,19920211,TAVG,172,H,,S,
ASN00092045,19920212,TAVG,166,H,,S,
ASN00092045,19920213,TAVG,163,H,,S,
ASN00092045,19920214,TAVG,132,H,,S,
ASN00092045,19920215,TAVG,150,H,,S,
ASN00092045,19920217,TAVG,193,H,,S,
ASN00092045,19920218,TAVG,182,H,,S,
ASN00092045,19920219,TAVG,166,H,,S,
ASN00092045,19920220,TAVG,168,H,,S,
ASN00092045,19920221,TAVG,161,H,,S,
ASN00092045,19920222,TAVG,169,H,,S,
ASN00092045,19920223,TAVG,157,H,,S,
ASN00092045,19920224,TAVG,134,H,,S,
ASN00092045,19920225,TAVG,148,H,,S,
ASN00092045,19920226,TAVG,148,H,,S,
ASN00092045,19920227,TAVG,169,H,,S,
ASN00092045,19920228,TAVG,171,H,,S,
ASN00092045,19920229,TAVG,183,H,,S,
ASN00092045,19920301,TMAX,223,,,a,
ASN00092045,19920302,TMAX,190,,,a,
ASN00092045,19920303,TMAX,210,,,a,
ASN00092045,19920304,TMAX,219,,,a,
ASN00092045,19920305,TMAX,238,,,a,
ASN00092045,19920306,TMAX,216,,,a,
ASN00092045,19920307,TMAX,218,,,a,
ASN00092045,19920308,TMAX,208,,,a,
ASN00092045,19920309,TMAX,218,,,a,
ASN00092045,19920310,TMAX,249,,,a,
ASN00092045,19920311,TMAX,285,,,a,
ASN00092045,19920312,TMAX,191,,,a,
ASN00092045,19920313,TMAX,204,,,a,
ASN00092045,19920314,TMAX,221,,,a,
ASN00092045,19920315,TMAX,212,,,a,
ASN00092045,19920316,TMAX,198,,,a,
ASN00092045,19920317,TMAX,210,,,a,
ASN00092045,19920318,TMAX,210,,,a,
ASN00092045,19920319,TMAX,213,,,a,
ASN00092045,19920320,TMAX,200,,,a,
ASN00092045,19920321,TMAX,178,,,a,
ASN00092045,19920322,TMAX,177,,,a,
ASN00092045,19920323,TMAX,213,,,a,
ASN00092045,19920324,TMAX,217,,,a,
ASN00092045,19920325,TMAX,210,,,a,
ASN00092045,19920326,TMAX,220,,,a,
ASN00092045,19920327,TMAX,179,,,a,
ASN00092045,19920328,TMAX,208,,,a,
ASN00092045,19920329,TMAX,194,,,a,
ASN00092045,19920330,TMAX,186,,,a,
ASN00092045,19920331,TMAX,210,,,a,
ASN00092045,19920301,TMIN,158,,,a,
ASN00092045,19920302,TMIN,165,,,a,
ASN00092045,19920303,TMIN,160,,,a,
ASN00092045,19920304,TMIN,182,,,a,
ASN00092045,19920305,TMIN,175,,,a,
ASN00092045,19920306,TMIN,158,,,a,
ASN00092045,19920307,TMIN,125,,,a,
ASN00092045,19920308,TMIN,145,,,a,
ASN00092045,19920309,TMIN,145,,,a,
ASN00092045,19920310,TMIN,139,,,a,
ASN00092045,19920311,TMIN,157,,,a,
ASN00092045,19920312,TMIN,126,,,a,
ASN00092045,19920313,TMIN,130,,,a,
ASN00092045,19920314,TMIN,160,,,a,
ASN00092045,19920315,TMIN,135,,,a,
ASN00092045,19920316,TMIN,74,,,a,
ASN00092045,19920317,TMIN,105,,,a,
ASN00092045,19920318,TMIN,107,,,a,
ASN00092045,19920319,TMIN,90,,,a,
ASN00092045,19920320,TMIN,115,,,a,
ASN00092045,19920321,TMIN,118,,,a,
ASN00092045,19920322,TMIN,120,,,a,
ASN00092045,19920323,TMIN,129,,,a,
ASN00092045,19920324,TMIN,126,,,a,
ASN00092045,19920325,TMIN,162,,,a,
ASN00092045,19920326,TMIN,170,,,a,
ASN00092045,19920327,TMIN,175,,,a,
ASN00092045,19920328,TMIN,100,,,a,
ASN00092045,19920329,TMIN,85,,,a,
ASN00092045,19920330,TMIN,118,,,a,
ASN00092045,19920331,TMIN,119,,,a,
ASN00092045,19920301,PRCP,0,,,a,
ASN00092045,19920302,PRCP,0,,,a,
ASN00092045,19920303,PRCP,4,,,a,
ASN00092045,19920304,PRCP,0,,,a,
ASN00092045,19920305,PRCP,6,,,a,
ASN00092045,19920306,PRCP,10,,,a,
ASN00092045,19920307,PRCP,0,,,a,
ASN00092045,19920308,PRCP,0,,,a,
ASN00092045,19920309,PRCP,0,,,a,
ASN00092045,19920310,PRCP,2,,,a,
ASN00092045,19920311,PRCP,0,,,a,
ASN00092045,19920312,PRCP,0,,,a,
ASN00092045,19920313,PRCP,8,,,a,
ASN00092045,19920314,PRCP,10,,,a,
ASN00092045,19920315,PRCP,0,,,a,
ASN00092045,19920316,PRCP,0,,,a,
ASN00092045,19920317,PRCP,0,,,a,
ASN00092045,19920318,PRCP,0,,,a,
ASN00092045,19920319,PRCP,0,,,a,
ASN00092045,19920320,PRCP,0,,,a,
ASN00092045,19920321,PRCP,0,,,a,
ASN00092045,19920322,PRCP,0,,,a,
ASN00092045,19920323,PRCP,0,,,a,
ASN00092045,19920324,PRCP,0,,,a,
ASN00092045,19920325,PRCP,0,,,a,
ASN00092045,19920326,PRCP,0,,,a,
ASN00092045,19920327,PRCP,0,,,a,
ASN00092045,19920328,PRCP,16,,,a,
ASN00092045,19920329,PRCP,0,,,a,
ASN00092045,19920330,PRCP,0,,,a,
ASN00092045,19920331,PRCP,0,,,a,
ASN00092045,19920301,TAVG,181,H,,S,
ASN00092045,19920302,TAVG,172,H,,S,
ASN00092045,19920303,TAVG,188,H,,S,
ASN00092045,19920304,TAVG,193,H,,S,
ASN00092045,19920305,TAVG,179,H,,S,
ASN00092045,19920306,TAVG,174,H,,S,
ASN00092045,19920307,TAVG,178,H,,S,
ASN00092045,19920308,TAVG,174,H,,S,
ASN00092045,19920309,TAVG,173,H,,S,
ASN00092045,19920310,TAVG,183,H,,S,
ASN00092045,19920311,TAVG,167,H,,S,
ASN00092045,19920312,TAVG,158,H,,S,
ASN00092045,19920313,TAVG,177,H,,S,
ASN00092045,19920314,TAVG,176,H,,S,
ASN00092045,19920315,TAVG,129,H,,S,
ASN00092045,19920316,TAVG,151,H,,S,
ASN00092045,19920317,TAVG,159,H,,S,
ASN00092045,19920318,TAVG,153,H,,S,
ASN00092045,19920319,TAVG,153,H,,S,
ASN00092045,19920320,TAVG,151,H,,S,
ASN00092045,19920321,TAVG,142,H,,S,
ASN00092045,19920322,TAVG,155,H,,S,
ASN00092045,19920323,TAVG,166,H,,S,
ASN00092045,19920324,TAVG,177,H,,S,
ASN00092045,19920325,TAVG,182,H,,S,
ASN00092045,19920326,TAVG,187,H,,S,
ASN00092045,19920327,TAVG,146,H,,S,
ASN00092045,19920328,TAVG,147,H,,S,
ASN00092045,19920329,TAVG,153,H,,S,
ASN00092045,19920330,TAVG,153,H,,S,
ASN00092045,19920331,TAVG,167,H,,S,
ASN00092045,19920401,TMAX,170,,,a,
ASN00092045,19920402,TMAX,180,,,a,
ASN00092045,19920403,TMAX,187,,,a,
ASN00092045,19920404,TMAX,212,,,a,
ASN00092045,19920405,TMAX,249,,,a,
ASN00092045,19920406,TMAX,180,,,a,
ASN00092045,19920407,TMAX,177,,,a,
ASN00092045,19920408,TMAX,163,,,a,
ASN00092045,19920409,TMAX,185,,,a,
ASN00092045,19920410,TMAX,172,,,a,
ASN00092045,19920411,TMAX,170,,,a,
ASN00092045,19920412,TMAX,179,,,a,
ASN00092045,19920413,TMAX,192,,,a,
ASN00092045,19920414,TMAX,227,,,a,
ASN00092045,19920415,TMAX,209,,,a,
ASN00092045,19920416,TMAX,159,,,a,
ASN00092045,19920417,TMAX,178,,,a,
ASN00092045,19920418,TMAX,185,,,a,
ASN00092045,19920419,TMAX,183,,,a,
ASN00092045,19920420,TMAX,168,,,a,
ASN00092045,19920421,TMAX,138,,,a,
ASN00092045,19920422,TMAX,153,,,a,
ASN00092045,19920423,TMAX,174,,,a,
ASN00092045,19920424,TMAX,183,,,a,
ASN00092045,19920425,TMAX,180,,,a,
ASN00092045,19920426,TMAX,155,,,a,
ASN00092045,19920427,TMAX,175,,,a,
ASN00092045,19920428,TMAX,175,,,a,
ASN00092045,19920429,TMAX,169,,,a,
ASN00092045,19920430,TMAX,181,,,a,
ASN00092045,19920401,TMIN,125,,,a,
ASN00092045,19920402,TMIN,137,,,a,
ASN00092045,19920403,TMIN,152,,,a,
ASN00092045,19920404,TMIN,144,,,a,
ASN00092045,19920405,TMIN,170,,,a,
ASN00092045,19920406,TMIN,140,,,a,
ASN00092045,19920407,TMIN,114,,,a,
ASN00092045,19920408,TMIN,50,,,a,
ASN00092045,19920409,TMIN,84,,,a,
ASN00092045,19920410,TMIN,80,,,a,
ASN00092045,19920411,TMIN,100,,,a,
ASN00092045,19920412,TMIN,120,,,a,
ASN00092045,19920413,TMIN,148,,,a,
ASN00092045,19920414,TMIN,150,,,a,
ASN00092045,19920415,TMIN,138,,,a,
ASN00092045,19920416,TMIN,137,,,a,
ASN00092045,19920417,TMIN,98,,,a,
ASN00092045,19920418,TMIN,98,,,a,
ASN00092045,19920419,TMIN,144,,,a,
ASN00092045,19920420,TMIN,150,,,a,
ASN00092045,19920421,TMIN,82,,,a,
ASN00092045,19920422,TMIN,44,,,a,
ASN00092045,19920423,TMIN,73,,,a,
ASN00092045,19920424,TMIN,78,,,a,
ASN00092045,19920425,TMIN,95,,,a,
ASN00092045,19920426,TMIN,95,,,a,
ASN00092045,19920427,TMIN,105,,,a,
ASN00092045,19920428,TMIN,143,,,a,
ASN00092045,19920429,TMIN,130,,,a,
ASN00092045,19920430,TMIN,126,,,a,
ASN00092045,19920401,PRCP,0,,,a,
ASN00092045,19920402,PRCP,0,,,a,
ASN00092045,19920403,PRCP,0,,,a,
ASN00092045,19920404,PRCP,0,,,a,
ASN00092045,19920405,PRCP,0,,,a,
ASN00092045,19920406,PRCP,240,,,a,
ASN00092045,19920407,PRCP,150,,,a,
ASN00092045,19920408,PRCP,2,,,a,
ASN00092045,19920409,PRCP,0,,,a,
ASN00092045,19920410,PRCP,0,,,a,
ASN00092045,19920411,PRCP,0,,,a,
ASN00092045,19920412,PRCP,28,,,a,
ASN00092045,19920413,PRCP,0,,,a,
ASN00092045,19920414,PRCP,0,,,a,
ASN00092045,19920415,PRCP,4,,,a,
ASN00092045,19920416,PRCP,36,,,a,
ASN00092045,19920417,PRCP,2,,,a,
ASN00092045,19920418,PRCP,0,,,a,
ASN00092045,19920419,PRCP,0,,,a,
ASN00092045,19920420,PRCP,20,,,a,
ASN00092045,19920421,PRCP,156,,,a,
ASN00092045,19920422,PRCP,10,,,a,
ASN00092045,19920423,PRCP,0,,,a,
ASN00092045,19920424,PRCP,0,,,a,
ASN00092045,19920425,PRCP,0,,,a,
ASN00092045,19920426,PRCP,18,,,a,
ASN00092045,19920427,PRCP,66,,,a,
ASN00092045,19920428,PRCP,0,,,a,
ASN00092045,19920429,PRCP,228,,,a,
ASN00092045,19920430,PRCP,74,,,a,
ASN00092045,19920401,TAVG,147,H,,S,
ASN00092045,19920402,TAVG,163,H,,S,
ASN00092045,19920403,TAVG,168,H,,S,
ASN00092045,19920405,TAVG,167,H,,S,
ASN00092045,19920406,TAVG,146,H,,S,
ASN00092045,19920407,TAVG,105,H,,S,
ASN00092045,19920408,TAVG,124,H,,S,
ASN00092045,19920409,TAVG,121,H,,S,
ASN00092045,19920410,TAVG,136,H,,S,
ASN00092045,19920411,TAVG,147,H,,S,
ASN00092045,19920412,TAVG,159,H,,S,
ASN00092045,19920413,TAVG,167,H,,S,
ASN00092045,19920414,TAVG,168,H,,S,
ASN00092045,19920415,TAVG,165,H,,S,
ASN00092045,19920416,TAVG,126,H,,S,
ASN00092045,19920417,TAVG,136,H,,S,
ASN00092045,19920418,TAVG,165,H,,S,
ASN00092045,19920419,TAVG,168,H,,S,
ASN00092045,19920420,TAVG,124,H,,S,
ASN00092045,19920421,TAVG,88,H,,S,
ASN00092045,19920422,TAVG,111,H,,S,
ASN00092045,19920423,TAVG,121,H,,S,
ASN00092045,19920424,TAVG,134,H,,S,
ASN00092045,19920425,TAVG,136,H,,S,
ASN00092045,19920426,TAVG,133,H,,S,
ASN00092045,19920427,TAVG,164,H,,S,
ASN00092045,19920428,TAVG,158,H,,S,
ASN00092045,19920429,TAVG,142,H,,S,
ASN00092045,19920430,TAVG,144,H,,S,
ASN00092045,19920501,TMAX,160,,,a,
ASN00092045,19920502,TMAX,185,,,a,
ASN00092045,19920503,TMAX,176,,,a,
ASN00092045,19920504,TMAX,177,,,a,
ASN00092045,19920505,TMAX,177,,,a,
ASN00092045,19920506,TMAX,167,,,a,
ASN00092045,19920507,TMAX,174,,,a,
ASN00092045,19920508,TMAX,177,,,a,
ASN00092045,19920509,TMAX,147,,,a,
ASN00092045,19920510,TMAX,142,,,a,
ASN00092045,19920511,TMAX,168,,,a,
ASN00092045,19920512,TMAX,170,,,a,
ASN00092045,19920513,TMAX,179,,,a,
ASN00092045,19920514,TMAX,135,,,a,
ASN00092045,19920515,TMAX,145,,,a,
ASN00092045,19920516,TMAX,153,,,a,
ASN00092045,19920517,TMAX,155,,,a,
ASN00092045,19920518,TMAX,165,,,a,
ASN00092045,19920519,TMAX,161,,,a,
ASN00092045,19920520,TMAX,150,,,a,
ASN00092045,19920521,TMAX,142,,,a,
ASN00092045,19920522,TMAX,140,,,a,
ASN00092045,19920523,TMAX,150,,,a,
ASN00092045,19920524,TMAX,150,,,a,
ASN00092045,19920525,TMAX,152,,,a,
ASN00092045,19920526,TMAX,140,,,a,
ASN00092045,19920527,TMAX,155,,,a,
ASN00092045,19920528,TMAX,150,,,a,
ASN00092045,19920529,TMAX,152,,,a,
ASN00092045,19920530,TMAX,165,,,a,
ASN00092045,19920531,TMAX,162,,,a,
ASN00092045,19920501,TMIN,125,,,a,
ASN00092045,19920502,TMIN,115,,,a,
ASN00092045,19920503,TMIN,80,,,a,
ASN00092045,19920504,TMIN,98,,,a,
ASN00092045,19920505,TMIN,145,,,a,
ASN00092045,19920506,TMIN,124,,,a,
ASN00092045,19920507,TMIN,152,,,a,
ASN00092045,19920508,TMIN,159,,,a,
ASN00092045,19920509,TMIN,140,,,a,
ASN00092045,19920510,TMIN,115,,,a,
ASN00092045,19920511,TMIN,84,,,a,
ASN00092045,19920512,TMIN,100,,,a,
ASN00092045,19920513,TMIN,119,,,a,
ASN00092045,19920514,TMIN,73,,,a,
ASN00092045,19920515,TMIN,98,,,a,
ASN00092045,19920516,TMIN,115,,,a,
ASN00092045,19920517,TMIN,100,,,a,
ASN00092045,19920518,TMIN,119,,,a,
ASN00092045,19920519,TMIN,93,,,a,
ASN00092045,19920520,TMIN,74,,,a,
ASN00092045,19920521,TMIN,103,,,a,
ASN00092045,19920522,TMIN,95,,,a,
ASN00092045,19920523,TMIN,68,,,a,
ASN00092045,19920524,TMIN,80,,,a,
ASN00092045,19920525,TMIN,85,,,a,
ASN00092045,19920526,TMIN,101,,,a,
ASN00092045,19920527,TMIN,53,,,a,
ASN00092045,19920528,TMIN,68,,,a,
ASN00092045,19920529,TMIN,85,,,a,
ASN00092045,19920530,TMIN,92,,,a,
ASN00092045,19920531,TMIN,112,,,a,
ASN00092045,19920501,PRCP,0,,,a,
ASN00092045,19920502,PRCP,0,,,a,
ASN00092045,19920503,PRCP,0,,,a,
ASN00092045,19920504,PRCP,0,,,a,
ASN00092045,19920505,PRCP,0,,,a,
ASN00092045,19920506,PRCP,16,,,a,
ASN00092045,19920507,PRCP,8,,,a,
ASN00092045,19920508,PRCP,10,,,a,
ASN00092045,19920509,PRCP,74,,,a,
ASN00092045,19920510,PRCP,24,,,a,
ASN00092045,19920511,PRCP,0,,,a,
ASN00092045,19920512,PRCP,60,,,a,
ASN00092045,19920513,PRCP,38,,,a,
ASN00092045,19920514,PRCP,60,,,a,
ASN00092045,19920515,PRCP,58,,,a,
ASN00092045,19920516,PRCP,2,,,a,
ASN00092045,19920517,PRCP,0,,,a,
ASN00092045,19920518,PRCP,0,,,a,
ASN00092045,19920519,PRCP,0,,,a,
ASN00092045,19920520,PRCP,0,,,a,
ASN00092045,19920521,PRCP,0,,,a,
ASN00092045,19920522,PRCP,0,,,a,
ASN00092045,19920523,PRCP,0,,,a,
ASN00092045,19920524,PRCP,0,,,a,
ASN00092045,19920525,PRCP,4,,,a,
ASN00092045,19920526,PRCP,104,,,a,
ASN00092045,19920527,PRCP,74,,,a,
ASN00092045,19920528,PRCP,0,,,a,
ASN00092045,19920529,PRCP,4,,,a,
ASN00092045,19920530,PRCP,0,,,a,
ASN00092045,19920531,PRCP,0,,,a,
ASN00092045,19920501,TAVG,142,H,,S,
ASN00092045,19920502,TAVG,137,H,,S,
ASN00092045,19920503,TAVG,134,H,,S,
ASN00092045,19920504,TAVG,164,H,,S,
ASN00092045,19920505,TAVG,156,H,,S,
ASN00092045,19920506,TAVG,159,H,,S,
ASN00092045,19920507,TAVG,163,H,,S,
ASN00092045,19920508,TAVG,156,H,,S,
ASN00092045,19920509,TAVG,131,H,,S,
ASN00092045,19920510,TAVG,110,H,,S,
ASN00092045,19920511,TAVG,143,H,,S,
ASN00092045,19920512,TAVG,142,H,,S,
ASN00092045,19920513,TAVG,124,H,,S,
ASN00092045,19920514,TAVG,119,H,,S,
ASN00092045,19920515,TAVG,127,H,,S,
ASN00092045,19920516,TAVG,126,H,,S,
ASN00092045,19920517,TAVG,130,H,,S,
ASN00092045,19920518,TAVG,127,H,,S,
ASN00092045,19920519,TAVG,118,H,,S,
ASN00092045,19920520,TAVG,118,H,,S,
ASN00092045,19920521,TAVG,111,H,,S,
ASN00092045,19920522,TAVG,104,H,,S,
ASN00092045,19920523,TAVG,111,H,,S,
ASN00092045,19920524,TAVG,114,H,,S,
ASN00092045,19920525,TAVG,127,H,,S,
ASN00092045,19920526,TAVG,93,H,,S,
ASN00092045,19920527,TAVG,98,H,,S,
ASN00092045,19920528,TAVG,109,H,,S,
ASN00092045,19920529,TAVG,126,H,,S,
ASN00092045,19920530,TAVG,135,H,,S,
ASN00092045,19920531,TAVG,143,H,,S,
ASN00092045,19920601,TMAX,177,,,a,
ASN00092045,19920602,TMAX,146,,,a,
ASN00092045,19920603,TMAX,141,,,a,
ASN00092045,19920604,TMAX,146,,,a,
ASN00092045,19920605,TMAX,160,,,a,
ASN00092045,19920606,TMAX,132,,,a,
ASN00092045,19920607,TMAX,106,,,a,
ASN00092045,19920608,TMAX,117,,,a,
ASN00092045,19920609,TMAX,128,,,a,
ASN00092045,19920610,TMAX,100,,,a,
ASN00092045,19920611,TMAX,123,,,a,
ASN00092045,19920612,TMAX,116,,,a,
ASN00092045,19920613,TMAX,113,,,a,
ASN00092045,19920614,TMAX,116,,,a,
ASN00092045,19920615,TMAX,111,,,a,
ASN00092045,19920616,TMAX,125,,,a,
ASN00092045,19920617,TMAX,101,,,a,
ASN00092045,19920618,TMAX,122,,,a,
ASN00092045,19920619,TMAX,120,,,a,
ASN00092045,19920620,TMAX,122,,,a,
ASN00092045,19920621,TMAX,128,,,a,
ASN00092045,19920622,TMAX,140,,,a,
ASN00092045,19920623,TMAX,135,,,a,
ASN00092045,19920624,TMAX,127,,,a,
ASN00092045,19920625,TMAX,140,,,a,
ASN00092045,19920626,TMAX,144,,,a,
ASN00092045,19920627,TMAX,138,,,a,
ASN00092045,19920628,TMAX,136,,,a,
ASN00092045,19920629,TMAX,140,,,a,
ASN00092045,19920630,TMAX,152,,,a,
ASN00092045,19920601,TMIN,130,,,a,
ASN00092045,19920602,TMIN,122,,,a,
ASN00092045,19920603,TMIN,60,,,a,
ASN00092045,19920604,TMIN,60,,,a,
ASN00092045,19920605,TMIN,90,,,a,
ASN00092045,19920606,TMIN,70,,,a,
ASN00092045,19920607,TMIN,30,,,a,
ASN00092045,19920608,TMIN,35,,,a,
ASN00092045,19920609,TMIN,40,,,a,
ASN00092045,19920610,TMIN,55,,,a,
ASN00092045,19920611,TMIN,45,,,a,
ASN00092045,19920612,TMIN,50,,,a,
ASN00092045,19920613,TMIN,32,,,a,
ASN00092045,19920614,TMIN,20,,,a,
ASN00092045,19920615,TMIN,22,,,a,
ASN00092045,19920616,TMIN,47,,,a,
ASN00092045,19920617,TMIN,43,,,a,
ASN00092045,19920618,TMIN,59,,,a,
ASN00092045,19920619,TMIN,55,,,a,
ASN00092045,19920620,TMIN,88,,,a,
ASN00092045,19920621,TMIN,35,,,a,
ASN00092045,19920622,TMIN,58,,,a,
ASN00092045,19920623,TMIN,109,,,a,
ASN00092045,19920624,TMIN,100,,,a,
ASN00092045,19920625,TMIN,104,,,a,
ASN00092045,19920626,TMIN,116,,,a,
ASN00092045,19920627,TMIN,112,,,a,
ASN00092045,19920628,TMIN,100,,,a,
ASN00092045,19920629,TMIN,85,,,a,
ASN00092045,19920630,TMIN,95,,,a,
ASN00092045,19920601,PRCP,0,,,a,
ASN00092045,19920602,PRCP,44,,,a,
ASN00092045,19920603,PRCP,0,,,a,
ASN00092045,19920604,PRCP,20,,,a,
ASN00092045,19920605,PRCP,4,,,a,
ASN00092045,19920606,PRCP,2,,,a,
ASN00092045,19920607,PRCP,34,,,a,
ASN00092045,19920608,PRCP,0,,,a,
ASN00092045,19920609,PRCP,0,,,a,
ASN00092045,19920610,PRCP,94,,,a,
ASN00092045,19920611,PRCP,0,,,a,
ASN00092045,19920612,PRCP,0,,,a,
ASN00092045,19920613,PRCP,0,,,a,
ASN00092045,19920614,PRCP,0,,,a,
ASN00092045,19920615,PRCP,0,,,a,
ASN00092045,19920616,PRCP,0,,,a,
ASN00092045,19920617,PRCP,0,,,a,
ASN00092045,19920618,PRCP,0,,,a,
ASN00092045,19920619,PRCP,0,,,a,
ASN00092045,19920620,PRCP,106,,,a,
ASN00092045,19920621,PRCP,0,,,a,
ASN00092045,19920622,PRCP,0,,,a,
ASN00092045,19920623,PRCP,12,,,a,
ASN00092045,19920624,PRCP,54,,,a,
ASN00092045,19920625,PRCP,190,,,a,
ASN00092045,19920626,PRCP,56,,,a,
ASN00092045,19920627,PRCP,42,,,a,
ASN00092045,19920628,PRCP,34,,,a,
ASN00092045,19920629,PRCP,8,,,a,
ASN00092045,19920630,PRCP,10,,,a,
ASN00092045,19920601,TAVG,146,H,,S,
ASN00092045,19920602,TAVG,100,H,,S,
ASN00092045,19920603,TAVG,114,H,,S,
ASN00092045,19920604,TAVG,131,H,,S,
ASN00092045,19920605,TAVG,106,H,,S,
ASN00092045,19920606,TAVG,83,H,,S,
ASN00092045,19920607,TAVG,76,H,,S,
ASN00092045,19920608,TAVG,86,H,,S,
ASN00092045,19920609,TAVG,92,H,,S,
ASN00092045,19920610,TAVG,67,H,,S,
ASN00092045,19920611,TAVG,86,H,,S,
ASN00092045,19920612,TAVG,69,H,,S,
ASN00092045,19920613,TAVG,65,H,,S,
ASN00092045,19920614,TAVG,69,H,,S,
ASN00092045,19920615,TAVG,85,H,,S,
ASN00092045,19920616,TAVG,78,H,,S,
ASN00092045,19920617,TAVG,84,H,,S,
ASN00092045,19920618,TAVG,87,H,,S,
ASN00092045,19920619,TAVG,103,H,,S,
ASN00092045,19920620,TAVG,83,H,,S,
ASN00092045,19920621,TAVG,112,H,,S,
ASN00092045,19920622,TAVG,122,H,,S,
ASN00092045,19920623,TAVG,113,H,,S,
ASN00092045,19920624,TAVG,117,H,,S,
ASN00092045,19920625,TAVG,133,H,,S,
ASN00092045,19920626,TAVG,128,H,,S,
ASN00092045,19920627,TAVG,114,H,,S,
ASN00092045,19920628,TAVG,109,H,,S,
ASN00092045,19920629,TAVG,126,H,,S,
ASN00092045,19920630,TAVG,117,H,,S,
ASN00092045,19920701,TMAX,147,,,a,
ASN00092045,19920702,TMAX,150,,,a,
ASN00092045,19920703,TMAX,140,,,a,
ASN00092045,19920704,TMAX,135,,,a,
ASN00092045,19920705,TMAX,138,,,a,
ASN00092045,19920706,TMAX,126,,,a,
ASN00092045,19920707,TMAX,112,,,a,
ASN00092045,19920708,TMAX,110,,,a,
ASN00092045,19920709,TMAX,112,,,a,
ASN00092045,19920710,TMAX,114,,,a,
ASN00092045,19920711,TMAX,126,,,a,
ASN00092045,19920712,TMAX,137,,,a,
ASN00092045,19920713,TMAX,126,,,a,
ASN00092045,19920714,TMAX,129,,,a,
ASN00092045,19920715,TMAX,135,,,a,
ASN00092045,19920716,TMAX,137,,,a,
ASN00092045,19920717,TMAX,137,,,a,
ASN00092045,19920718,TMAX,132,,,a,
ASN00092045,19920719,TMAX,118,,,a,
ASN00092045,19920720,TMAX,100,,,a,
ASN00092045,19920721,TMAX,109,,,a,
ASN00092045,19920722,TMAX,127,,,a,
ASN00092045,19920723,TMAX,145,,,a,
ASN00092045,19920724,TMAX,128,,,a,
ASN00092045,19920725,TMAX,112,,,a,
ASN00092045,19920726,TMAX,122,,,a,
ASN00092045,19920727,TMAX,136,,,a,
ASN00092045,19920728,TMAX,133,,,a,
ASN00092045,19920730,TMAX,155,,,a,
ASN00092045,19920731,TMAX,120,,,a,
ASN00092045,19920701,TMIN,87,,,a,
ASN00092045,19920704,TMIN,50,,,a,
ASN00092045,19920705,TMIN,70,,,a,
ASN00092045,19920706,TMIN,79,,,a,
ASN00092045,19920707,TMIN,94,,,a,
ASN00092045,19920708,TMIN,66,,,a,
ASN00092045,19920709,TMIN,42,,,a,
ASN00092045,19920710,TMIN,75,,,a,
ASN00092045,19920711,TMIN,60,,,a,
ASN00092045,19920712,TMIN,78,,,a,
ASN00092045,19920713,TMIN,50,,,a,
ASN00092045,19920714,TMIN,37,,,a,
ASN00092045,19920715,TMIN,60,,,a,
ASN00092045,19920716,TMIN,65,,,a,
ASN00092045,19920717,TMIN,75,,,a,
ASN00092045,19920718,TMIN,88,,,a,
ASN00092045,19920719,TMIN,55,,,a,
ASN00092045,19920720,TMIN,60,,,a,
ASN00092045,19920721,TMIN,27,,,a,
ASN00092045,19920722,TMIN,39,,,a,
ASN00092045,19920723,TMIN,64,,,a,
ASN00092045,19920725,TMIN,50,,,a,
ASN00092045,19920726,TMIN,40,,,a,
ASN00092045,19920728,TMIN,43,,,a,
ASN00092045,19920731,TMIN,92,,,a,
ASN00092045,19920701,PRCP,8,,,a,
ASN00092045,19920702,PRCP,26,,,a,
ASN00092045,19920703,PRCP,154,,,a,
ASN00092045,19920704,PRCP,176,,,a,
ASN00092045,19920705,PRCP,6,,,a,
ASN00092045,19920706,PRCP,40,,,a,
ASN00092045,19920707,PRCP,50,,,a,
ASN00092045,19920708,PRCP,0,,,a,
ASN00092045,19920709,PRCP,30,,,a,
ASN00092045,19920710,PRCP,12,,,a,
ASN00092045,19920711,PRCP,24,,,a,
ASN00092045,19920712,PRCP,8,,,a,
ASN00092045,19920713,PRCP,56,,,a,
ASN00092045,19920714,PRCP,0,,,a,
ASN00092045,19920715,PRCP,0,,,a,
ASN00092045,19920716,PRCP,2,,,a,
ASN00092045,19920717,PRCP,2,,,a,
ASN00092045,19920718,PRCP,2,,,a,
ASN00092045,19920719,PRCP,0,,,a,
ASN00092045,19920720,PRCP,8,,,a,
ASN00092045,19920721,PRCP,0,,,a,
ASN00092045,19920722,PRCP,0,,,a,
ASN00092045,19920723,PRCP,8,,,a,
ASN00092045,19920724,PRCP,0,,,a,
ASN00092045,19920725,PRCP,76,,,a,
ASN00092045,19920726,PRCP,0,,,a,
ASN00092045,19920727,PRCP,0,,,a,
ASN00092045,19920728,PRCP,14,,,a,
ASN00092045,19920729,PRCP,78,,,a,
ASN00092045,19920730,PRCP,0,,,a,
ASN00092045,19920731,PRCP,4,,,a,
ASN00092045,19920701,TAVG,128,H,,S,
ASN00092045,19920703,TAVG,110,H,,S,
ASN00092045,19920704,TAVG,97,H,,S,
ASN00092045,19920705,TAVG,121,H,,S,
ASN00092045,19920706,TAVG,108,H,,S,
ASN00092045,19920707,TAVG,84,H,,S,
ASN00092045,19920708,TAVG,71,H,,S,
ASN00092045,19920709,TAVG,92,H,,S,
ASN00092045,19920710,TAVG,86,H,,S,
ASN00092045,19920711,TAVG,109,H,,S,
ASN00092045,19920712,TAVG,91,H,,S,
ASN00092045,19920713,TAVG,83,H,,S,
ASN00092045,19920714,TAVG,111,H,,S,
ASN00092045,19920715,TAVG,108,H,,S,
ASN00092045,19920716,TAVG,102,H,,S,
ASN00092045,19920717,TAVG,112,H,,S,
ASN00092045,19920718,TAVG,101,H,,S,
ASN00092045,19920719,TAVG,90,H,,S,
ASN00092045,19920720,TAVG,63,H,,S,
ASN00092045,19920721,TAVG,71,H,,S,
ASN00092045,19920722,TAVG,111,H,,S,
ASN00092045,19920723,TAVG,85,H,,S,
ASN00092045,19920724,TAVG,108,H,,S,
ASN00092045,19920725,TAVG,66,H,,S,
ASN00092045,19920726,TAVG,99,H,,S,
ASN00092045,19920727,TAVG,112,H,,S,
ASN00092045,19920728,TAVG,109,H,,S,
ASN00092045,19920729,TAVG,113,H,,S,
ASN00092045,19920730,TAVG,102,H,,S,
ASN00092045,19920731,TAVG,96,H,,S,
ASN00092045,19920801,TMAX,128,,,a,
ASN00092045,19920802,TMAX,122,,,a,
ASN00092045,19920803,TMAX,130,,,a,
ASN00092045,19920804,TMAX,123,,,a,
ASN00092045,19920805,TMAX,133,,,a,
ASN00092045,19920806,TMAX,150,,,a,
ASN00092045,19920807,TMAX,130,,,a,
ASN00092045,19920808,TMAX,136,,,a,
ASN00092045,19920809,TMAX,132,,,a,
ASN00092045,19920810,TMAX,119,,,a,
ASN00092045,19920811,TMAX,143,,,a,
ASN00092045,19920812,TMAX,130,,,a,
ASN00092045,19920813,TMAX,130,,,a,
ASN00092045,19920814,TMAX,135,,,a,
ASN00092045,19920815,TMAX,130,,,a,
ASN00092045,19920816,TMAX,150,,,a,
ASN00092045,19920817,TMAX,130,,,a,
ASN00092045,19920818,TMAX,125,,,a,
ASN00092045,19920819,TMAX,137,,,a,
ASN00092045,19920820,TMAX,145,,,a,
ASN00092045,19920821,TMAX,152,,,a,
ASN00092045,19920822,TMAX,135,,,a,
ASN00092045,19920823,TMAX,86,,,a,
ASN00092045,19920824,TMAX,126,,,a,
ASN00092045,19920825,TMAX,128,,,a,
ASN00092045,19920827,TMAX,134,,,a,
ASN00092045,19920828,TMAX,118,,,a,
ASN00092045,19920829,TMAX,120,,,a,
ASN00092045,19920830,TMAX,115,,,a,
ASN00092045,19920831,TMAX,123,,,a,
ASN00092045,19920801,TMIN,75,,,a,
ASN00092045,19920802,TMIN,70,,,a,
ASN00092045,19920803,TMIN,22,,,a,
ASN00092045,19920804,TMIN,44,,,a,
ASN00092045,19920805,TMIN,72,,,a,
ASN00092045,19920806,TMIN,95,,,a,
ASN00092045,19920807,TMIN,67,,,a,
ASN00092045,19920808,TMIN,48,,,a,
ASN00092045,19920809,TMIN,35,,,a,
ASN00092045,19920810,TMIN,62,,,a,
ASN00092045,19920812,TMIN,95,,,a,
ASN00092045,19920813,TMIN,52,,,a,
ASN00092045,19920814,TMIN,65,,,a,
ASN00092045,19920815,TMIN,45,,,a,
ASN00092045,19920816,TMIN,50,,,a,
ASN00092045,19920817,TMIN,85,,,a,
ASN00092045,19920819,TMIN,70,,,a,
ASN00092045,19920820,TMIN,42,,,a,
ASN00092045,19920821,TMIN,53,,,a,
ASN00092045,19920822,TMIN,72,,,a,
ASN00092045,19920823,TMIN,62,,,a,
ASN00092045,19920824,TMIN,43,,,a,
ASN00092045,19920825,TMIN,41,,,a,
ASN00092045,19920826,TMIN,35,,,a,
ASN00092045,19920828,TMIN,62,,,a,
ASN00092045,19920829,TMIN,62,,,a,
ASN00092045,19920830,TMIN,72,,,a,
ASN00092045,19920831,TMIN,78,,,a,
ASN00092045,19920801,PRCP,2,,,a,
ASN00092045,19920802,PRCP,16,,,a,
ASN00092045,19920803,PRCP,0,,,a,
ASN00092045,19920804,PRCP,0,,,a,
ASN00092045,19920805,PRCP,0,,,a,
ASN00092045,19920806,PRCP,4,,,a,
ASN00092045,19920807,PRCP,0,,,a,
ASN00092045,19920808,PRCP,0,,,a,
ASN00092045,19920809,PRCP,40,,,a,
ASN00092045,19920810,PRCP,0,,,a,
ASN00092045,19920811,PRCP,170,,,a,
ASN00092045,19920812,PRCP,26,,,a,
ASN00092045,19920813,PRCP,20,,,a,
ASN00092045,19920814,PRCP,14,,,a,
ASN00092045,19920815,PRCP,14,,,a,
ASN00092045,19920816,PRCP,0,,,a,
ASN00092045,19920817,PRCP,14,,,a,
ASN00092045,19920818,PRCP,4,,,a,
ASN00092045,19920819,PRCP,20,,,a,
ASN00092045,19920820,PRCP,0,,,a,
ASN00092045,19920821,PRCP,0,,,a,
ASN00092045,19920822,PRCP,2,,,a,
ASN00092045,19920823,PRCP,72,,,a,
ASN00092045,19920824,PRCP,144,,,a,
ASN00092045,19920825,PRCP,0,,,a,
ASN00092045,19920826,PRCP,0,,,a,
ASN00092045,19920827,PRCP,0,,,a,
ASN00092045,19920828,PRCP,0,,,a,
ASN00092045,19920829,PRCP,0,,,a,
ASN00092045,19920830,PRCP,195,,,a,
ASN00092045,19920831,PRCP,182,,,a,
ASN00092045,19920801,TAVG,102,H,,S,
ASN00092045,19920802,TAVG,67,H,,S,
ASN00092045,19920803,TAVG,91,H,,S,
ASN00092045,19920804,TAVG,109,H,,S,
ASN00092045,19920805,TAVG,109,H,,S,
ASN00092045,19920806,TAVG,91,H,,S,
ASN00092045,19920807,TAVG,79,H,,S,
ASN00092045,19920808,TAVG,93,H,,S,
ASN00092045,19920809,TAVG,91,H,,S,
ASN00092045,19920810,TAVG,99,H,,S,
ASN00092045,19920811,TAVG,116,H,,S,
ASN00092045,19920812,TAVG,79,H,,S,
ASN00092045,19920813,TAVG,100,H,,S,
ASN00092045,19920814,TAVG,71,H,,S,
ASN00092045,19920815,TAVG,88,H,,S,
ASN00092045,19920816,TAVG,121,H,,S,
ASN00092045,19920817,TAVG,76,H,,S,
ASN00092045,19920818,TAVG,101,H,,S,
ASN00092045,19920819,TAVG,66,H,,S,
ASN00092045,19920820,TAVG,87,H,,S,
ASN00092045,19920821,TAVG,107,H,,S,
ASN00092045,19920822,TAVG,101,H,,S,
ASN00092045,19920823,TAVG,72,H,,S,
ASN00092045,19920824,TAVG,88,H,,S,
ASN00092045,19920825,TAVG,76,H,,S,
ASN00092045,19920826,TAVG,95,H,,S,
ASN00092045,19920827,TAVG,77,H,,S,
ASN00092045,19920828,TAVG,94,H,,S,
ASN00092045,19920829,TAVG,104,H,,S,
ASN00092045,19920830,TAVG,91,H,,S,
ASN00092045,19920831,TAVG,91,H,,S,
ASN00092045,19920901,TMAX,111,,,a,
ASN00092045,19920902,TMAX,166,,,a,
ASN00092045,19920903,TMAX,125,,,a,
ASN00092045,19920905,TMAX,132,,,a,
ASN00092045,19920906,TMAX,132,,,a,
ASN00092045,19920907,TMAX,122,,,a,
ASN00092045,19920908,TMAX,117,,,a,
ASN00092045,19920909,TMAX,121,,,a,
ASN00092045,19920910,TMAX,130,,,a,
ASN00092045,19920911,TMAX,128,,,a,
ASN00092045,19920912,TMAX,126,,,a,
ASN00092045,19920913,TMAX,137,,,a,
ASN00092045,19920914,TMAX,126,,,a,
ASN00092045,19920915,TMAX,137,,,a,
ASN00092045,19920916,TMAX,139,,,a,
ASN00092045,19920917,TMAX,148,,,a,
ASN00092045,19920918,TMAX,115,,,a,
ASN00092045,19920919,TMAX,140,,,a,
ASN00092045,19920920,TMAX,150,,,a,
ASN00092045,19920921,TMAX,138,,,a,
ASN00092045,19920922,TMAX,123,,,a,
ASN00092045,19920923,TMAX,112,,,a,
ASN00092045,19920924,TMAX,142,,,a,
ASN00092045,19920925,TMAX,110,,,a,
ASN00092045,19920926,TMAX,127,,,a,
ASN00092045,19920927,TMAX,142,,,a,
ASN00092045,19920928,TMAX,145,,,a,
ASN00092045,19920929,TMAX,137,,,a,
ASN00092045,19920930,TMAX,139,,,a,
ASN00092045,19920901,TMIN,62,,,a,
ASN00092045,19920902,TMIN,16,,,a,
ASN00092045,19920903,TMIN,89,,,a,
ASN00092045,19920904,TMIN,92,,,a,
ASN00092045,19920906,TMIN,65,,,a,
ASN00092045,19920907,TMIN,68,,,a,
ASN00092045,19920908,TMIN,35,,,a,
ASN00092045,19920909,TMIN,40,,,a,
ASN00092045,19920910,TMIN,54,,,a,
ASN00092045,19920911,TMIN,100,,,a,
ASN00092045,19920912,TMIN,45,,,a,
ASN00092045,19920913,TMIN,50,,,a,
ASN00092045,19920914,TMIN,80,,,a,
ASN00092045,19920915,TMIN,100,,,a,
ASN00092045,19920916,TMIN,106,,,a,
ASN00092045,19920917,TMIN,105,,,a,
ASN00092045,19920918,TMIN,80,,,a,
ASN00092045,19920919,TMIN,26,,,a,
ASN00092045,19920920,TMIN,50,,,a,
ASN00092045,19920921,TMIN,65,,,a,
ASN00092045,19920922,TMIN,94,,,a,
ASN00092045,19920923,TMIN,95,,,a,
ASN00092045,19920924,TMIN,62,,,a,
ASN00092045,19920925,TMIN,77,,,a,
ASN00092045,19920926,TMIN,60,,,a,
ASN00092045,19920927,TMIN,70,,,a,
ASN00092045,19920928,TMIN,69,,,a,
ASN00092045,19920929,TMIN,77,,,a,
ASN00092045,19920930,TMIN,57,,,a,
ASN00092045,19920901,PRCP,36,,,a,
ASN00092045,19920902,PRCP,176,,,a,
ASN00092045,19920903,PRCP,32,,,a,
ASN00092045,19920904,PRCP,0,,,a,
ASN00092045,19920905,PRCP,0,,,a,
ASN00092045,19920906,PRCP,50,,,a,
ASN00092045,19920907,PRCP,10,,,a,
ASN00092045,19920908,PRCP,4,,,a,
ASN00092045,19920909,PRCP,8,,,a,
ASN00092045,19920910,PRCP,0,,,a,
ASN00092045,19920911,PRCP,4,,,a,
ASN00092045,19920912,PRCP,36,,,a,
ASN00092045,19920913,PRCP,0,,,a,
ASN00092045,19920914,PRCP,0,,,a,
ASN00092045,19920915,PRCP,0,,,a,
ASN00092045,19920916,PRCP,52,,,a,
ASN00092045,19920917,PRCP,0,,,a,
ASN00092045,19920918,PRCP,0,,,a,
ASN00092045,19920919,PRCP,0,,,a,
ASN00092045,19920920,PRCP,0,,,a,
ASN00092045,19920921,PRCP,0,,,a,
ASN00092045,19920922,PRCP,12,,,a,
ASN00092045,19920923,PRCP,146,,,a,
ASN00092045,19920924,PRCP,84,,,a,
ASN00092045,19920925,PRCP,0,,,a,
ASN00092045,19920926,PRCP,36,,,a,
ASN00092045,19920927,PRCP,0,,,a,
ASN00092045,19920928,PRCP,2,,,a,
ASN00092045,19920929,PRCP,140,,,a,
ASN00092045,19920930,PRCP,0,,,a,
ASN00092045,19920901,TAVG,94,H,,S,
ASN00092045,19920902,TAVG,115,H,,S,
ASN00092045,19920904,TAVG,94,H,,S,
ASN00092045,19920906,TAVG,98,H,,S,
ASN00092045,19920907,TAVG,83,H,,S,
ASN00092045,19920908,TAVG,79,H,,S,
ASN00092045,19920909,TAVG,86,H,,S,
ASN00092045,19920910,TAVG,109,H,,S,
ASN00092045,19920911,TAVG,88,H,,S,
ASN00092045,19920912,TAVG,88,H,,S,
ASN00092045,19920913,TAVG,97,H,,S,
ASN00092045,19920914,TAVG,112,H,,S,
ASN00092045,19920915,TAVG,116,H,,S,
ASN00092045,19920916,TAVG,118,H,,S,
ASN00092045,19920917,TAVG,107,H,,S,
ASN00092045,19920918,TAVG,79,H,,S,
ASN00092045,19920919,TAVG,103,H,,S,
ASN00092045,19920920,TAVG,107,H,,S,
ASN00092045,19920921,TAVG,112,H,,S,
ASN00092045,19920922,TAVG,109,H,,S,
ASN00092045,19920923,TAVG,91,H,,S,
ASN00092045,19920924,TAVG,99,H,,S,
ASN00092045,19920925,TAVG,77,H,,S,
ASN00092045,19920926,TAVG,90,H,,S,
ASN00092045,19920927,TAVG,103,H,,S,
ASN00092045,19920928,TAVG,99,H,,S,
ASN00092045,19920929,TAVG,89,H,,S,
ASN00092045,19920930,TAVG,107,H,,S,
ASN00092045,19921001,TMAX,150,,,a,
ASN00092045,19921002,TMAX,148,,,a,
ASN00092045,19921003,TMAX,148,,,a,
ASN00092045,19921004,TMAX,153,,,a,
ASN00092045,19921005,TMAX,193,,,a,
ASN00092045,19921006,TMAX,173,,,a,
ASN00092045,19921007,TMAX,134,,,a,
ASN00092045,19921008,TMAX,135,,,a,
ASN00092045,19921009,TMAX,175,,,a,
ASN00092045,19921010,TMAX,148,,,a,
ASN00092045,19921011,TMAX,162,,,a,
ASN00092045,19921012,TMAX,150,,,a,
ASN00092045,19921013,TMAX,165,,,a,
ASN00092045,19921014,TMAX,168,,,a,
ASN00092045,19921015,TMAX,162,,,a,
ASN00092045,19921016,TMAX,185,,,a,
ASN00092045,19921017,TMAX,148,,,a,
ASN00092045,19921018,TMAX,164,,,a,
ASN00092045,19921019,TMAX,179,,,a,
ASN00092045,19921020,TMAX,137,,,a,
ASN00092045,19921021,TMAX,135,,,a,
ASN00092045,19921022,TMAX,167,,,a,
ASN00092045,19921023,TMAX,200,,,a,
ASN00092045,19921024,TMAX,190,,,a,
ASN00092045,19921025,TMAX,137,,,a,
ASN00092045,19921026,TMAX,150,,,a,
ASN00092045,19921027,TMAX,164,,,a,
ASN00092045,19921028,TMAX,179,,,a,
ASN00092045,19921029,TMAX,184,,,a,
ASN00092045,19921030,TMAX,166,,,a,
ASN00092045,19921031,TMAX,176,,,a,
ASN00092045,19921001,TMIN,74,,,a,
ASN00092045,19921002,TMIN,100,,,a,
ASN00092045,19921003,TMIN,80,,,a,
ASN00092045,19921004,TMIN,109,,,a,
ASN00092045,19921005,TMIN,117,,,a,
ASN00092045,19921006,TMIN,102,,,a,
ASN00092045,19921007,TMIN,80,,,a,
ASN00092045,19921008,TMIN,90,,,a,
ASN00092045,19921009,TMIN,120,,,a,
ASN00092045,19921010,TMIN,74,,,a,
ASN00092045,19921012,TMIN,64,,,a,
ASN00092045,19921013,TMIN,78,,,a,
ASN00092045,19921014,TMIN,105,,,a,
ASN00092045,19921015,TMIN,118,,,a,
ASN00092045,19921016,TMIN,109,,,a,
ASN00092045,19921017,TMIN,85,,,a,
ASN00092045,19921018,TMIN,105,,,a,
ASN00092045,19921019,TMIN,105,,,a,
ASN00092045,19921020,TMIN,45,,,a,
ASN00092045,19921021,TMIN,33,,,a,
ASN00092045,19921022,TMIN,67,,,a,
ASN00092045,19921023,TMIN,70,,,a,
ASN00092045,19921024,TMIN,88,,,a,
ASN00092045,19921025,TMIN,105,,,a,
ASN00092045,19921026,TMIN,92,,,a,
ASN00092045,19921027,TMIN,85,,,a,
ASN00092045,19921028,TMIN,110,,,a,
ASN00092045,19921029,TMIN,122,,,a,
ASN00092045,19921030,TMIN,130,,,a,
ASN00092045,19921031,TMIN,130,,,a,
ASN00092045,19921001,PRCP,0,,,a,
ASN00092045,19921002,PRCP,0,,,a,
ASN00092045,19921003,PRCP,4,,,a,
ASN00092045,19921004,PRCP,0,,,a,
ASN00092045,19921005,PRCP,2,,,a,
ASN00092045,19921006,PRCP,0,,,a,
ASN00092045,19921007,PRCP,0,,,a,
ASN00092045,19921008,PRCP,0,,,a,
ASN00092045,19921009,PRCP,238,,,a,
ASN00092045,19921010,PRCP,22,,,a,
ASN00092045,19921011,PRCP,6,,,a,
ASN00092045,19921012,PRCP,0,,,a,
ASN00092045,19921013,PRCP,0,,,a,
ASN00092045,19921014,PRCP,0,,,a,
ASN00092045,19921015,PRCP,4,,,a,
ASN00092045,19921016,PRCP,12,,,a,
ASN00092045,19921017,PRCP,16,,,a,
ASN00092045,19921018,PRCP,168,,,a,
ASN00092045,19921019,PRCP,0,,,a,
ASN00092045,19921020,PRCP,100,,,a,
ASN00092045,19921021,PRCP,0,,,a,
ASN00092045,19921022,PRCP,0,,,a,
ASN00092045,19921023,PRCP,0,,,a,
ASN00092045,19921024,PRCP,0,,,a,
ASN00092045,19921025,PRCP,0,,,a,
ASN00092045,19921026,PRCP,0,,,a,
ASN00092045,19921027,PRCP,0,,,a,
ASN00092045,19921028,PRCP,0,,,a,
ASN00092045,19921029,PRCP,0,,,a,
ASN00092045,19921030,PRCP,0,,,a,
ASN00092045,19921031,PRCP,12,,,a,
ASN00092045,19921001,TAVG,115,H,,S,
ASN00092045,19921002,TAVG,112,H,,S,
ASN00092045,19921003,TAVG,127,H,,S,
ASN00092045,19921004,TAVG,136,H,,S,
ASN00092045,19921005,TAVG,133,H,,S,
ASN00092045,19921006,TAVG,111,H,,S,
ASN00092045,19921007,TAVG,111,H,,S,
ASN00092045,19921008,TAVG,127,H,,S,
ASN00092045,19921009,TAVG,125,H,,S,
ASN00092045,19921010,TAVG,111,H,,S,
ASN00092045,19921011,TAVG,115,H,,S,
ASN00092045,19921012,TAVG,114,H,,S,
ASN00092045,19921013,TAVG,129,H,,S,
ASN00092045,19921014,TAVG,139,H,,S,
ASN00092045,19921015,TAVG,128,H,,S,
ASN00092045,19921016,TAVG,126,H,,S,
ASN00092045,19921017,TAVG,116,H,,S,
ASN00092045,19921018,TAVG,128,H,,S,
ASN00092045,19921019,TAVG,93,H,,S,
ASN00092045,19921020,TAVG,70,H,,S,
ASN00092045,19921021,TAVG,102,H,,S,
ASN00092045,19921023,TAVG,133,H,,S,
ASN00092045,19921024,TAVG,139,H,,S,
ASN00092045,19921025,TAVG,104,H,,S,
ASN00092045,19921026,TAVG,117,H,,S,
ASN00092045,19921027,TAVG,134,H,,S,
ASN00092045,19921028,TAVG,151,H,,S,
ASN00092045,19921029,TAVG,152,H,,S,
ASN00092045,19921030,TAVG,147,H,,S,
ASN00092045,19921031,TAVG,136,H,,S,
ASN00092045,19921101,TMAX,155,,,a,
ASN00092045,19921102,TMAX,155,,,a,
ASN00092045,19921103,TMAX,158,,,a,
ASN00092045,19921104,TMAX,170,,,a,
ASN00092045,19921105,TMAX,196,,,a,
ASN00092045,19921106,TMAX,172,,,a,
ASN00092045,19921108,TMAX,182,,,a,
ASN00092045,19921109,TMAX,174,,,a,
ASN00092045,19921110,TMAX,157,,,a,
ASN00092045,19921111,TMAX,156,,,a,
ASN00092045,19921112,TMAX,153,,,a,
ASN00092045,19921113,TMAX,160,,,a,
ASN00092045,19921114,TMAX,176,,,a,
ASN00092045,19921115,TMAX,165,,,a,
ASN00092045,19921116,TMAX,182,,,a,
ASN00092045,19921117,TMAX,175,,,a,
ASN00092045,19921118,TMAX,166,,,a,
ASN00092045,19921119,TMAX,175,,,a,
ASN00092045,19921120,TMAX,163,,,a,
ASN00092045,19921121,TMAX,166,,,a,
ASN00092045,19921122,TMAX,180,,,a,
ASN00092045,19921123,TMAX,184,,,a,
ASN00092045,19921124,TMAX,182,,,a,
ASN00092045,19921125,TMAX,155,,,a,
ASN00092045,19921126,TMAX,160,,,a,
ASN00092045,19921127,TMAX,180,,,a,
ASN00092045,19921128,TMAX,165,,,a,
ASN00092045,19921129,TMAX,171,,,a,
ASN00092045,19921130,TMAX,167,,,a,
ASN00092045,19921101,TMIN,115,,,a,
ASN00092045,19921102,TMIN,95,,,a,
ASN00092045,19921103,TMIN,90,,,a,
ASN00092045,19921104,TMIN,76,,,a,
ASN00092045,19921105,TMIN,102,,,a,
ASN00092045,19921106,TMIN,98,,,a,
ASN00092045,19921107,TMIN,124,,,a,
ASN00092045,19921109,TMIN,140,,,a,
ASN00092045,19921110,TMIN,66,,,a,
ASN00092045,19921111,TMIN,70,,,a,
ASN00092045,19921112,TMIN,98,,,a,
ASN00092045,19921113,TMIN,93,,,a,
ASN00092045,19921114,TMIN,104,,,a,
ASN00092045,19921115,TMIN,118,,,a,
ASN00092045,19921116,TMIN,113,,,a,
ASN00092045,19921117,TMIN,123,,,a,
ASN00092045,19921118,TMIN,137,,,a,
ASN00092045,19921119,TMIN,135,,,a,
ASN00092045,19921120,TMIN,140,,,a,
ASN00092045,19921121,TMIN,142,,,a,
ASN00092045,19921122,TMIN,100,,,a,
ASN00092045,19921124,TMIN,83,,,a,
ASN00092045,19921125,TMIN,109,,,a,
ASN00092045,19921126,TMIN,70,,,a,
ASN00092045,19921127,TMIN,99,,,a,
ASN00092045,19921128,TMIN,78,,,a,
ASN00092045,19921129,TMIN,78,,,a,
ASN00092045,19921130,TMIN,90,,,a,
ASN00092045,19921101,PRCP,6,,,a,
ASN00092045,19921102,PRCP,30,,,a,
ASN00092045,19921103,PRCP,2,,,a,
ASN00092045,19921104,PRCP,12,,,a,
ASN00092045,19921105,PRCP,0,,,a,
ASN00092045,19921106,PRCP,0,,,a,
ASN00092045,19921107,PRCP,0,,,a,
ASN00092045,19921108,PRCP,0,,,a,
ASN00092045,19921109,PRCP,2,,,a,
ASN00092045,19921110,PRCP,36,,,a,
ASN00092045,19921111,PRCP,0,,,a,
ASN00092045,19921112,PRCP,20,,,a,
ASN00092045,19921113,PRCP,6,,,a,
ASN00092045,19921114,PRCP,0,,,a,
ASN00092045,19921115,PRCP,0,,,a,
ASN00092045,19921116,PRCP,0,,,a,
ASN00092045,19921117,PRCP,0,,,a,
ASN00092045,19921118,PRCP,0,,,a,
ASN00092045,19921119,PRCP,152,,,a,
ASN00092045,19921120,PRCP,26,,,a,
ASN00092045,19921121,PRCP,0,,,a,
ASN00092045,19921122,PRCP,80,,,a,
ASN00092045,19921123,PRCP,2,,,a,
ASN00092045,19921124,PRCP,0,,,a,
ASN00092045,19921125,PRCP,10,,,a,
ASN00092045,19921126,PRCP,24,,,a,
ASN00092045,19921127,PRCP,22,,,a,
ASN00092045,19921128,PRCP,0,,,a,
ASN00092045,19921129,PRCP,62,,,a,
ASN00092045,19921130,PRCP,2,,,a,
ASN00092045,19921101,TAVG,108,H,,S,
ASN00092045,19921102,TAVG,108,H,,S,
ASN00092045,19921103,TAVG,118,H,,S,
ASN00092045,19921104,TAVG,136,H,,S,
ASN00092045,19921106,TAVG,141,H,,S,
ASN00092045,19921108,TAVG,155,H,,S,
ASN00092045,19921109,TAVG,123,H,,S,
ASN00092045,19921110,TAVG,113,H,,S,
ASN00092045,19921111,TAVG,132,H,,S,
ASN00092045,19921112,TAVG,114,H,,S,
ASN00092045,19921113,TAVG,127,H,,S,
ASN00092045,19921114,TAVG,128,H,,S,
ASN00092045,19921115,TAVG,137,H,,S,
ASN00092045,19921116,TAVG,147,H,,S,
ASN00092045,19921117,TAVG,148,H,,S,
ASN00092045,19921118,TAVG,144,H,,S,
ASN00092045,19921119,TAVG,148,H,,S,
ASN00092045,19921120,TAVG,149,H,,S,
ASN00092045,19921121,TAVG,144,H,,S,
ASN00092045,19921122,TAVG,148,H,,S,
ASN00092045,19921123,TAVG,131,H,,S,
ASN00092045,19921124,TAVG,137,H,,S,
ASN00092045,19921125,TAVG,112,H,,S,
ASN00092045,19921126,TAVG,121,H,,S,
ASN00092045,19921127,TAVG,136,H,,S,
ASN00092045,19921128,TAVG,117,H,,S,
ASN00092045,19921129,TAVG,123,H,,S,
ASN00092045,19921130,TAVG,123,H,,S,
ASN00092045,19921201,TMAX,162,,,a,
ASN00092045,19921202,TMAX,174,,,a,
ASN00092045,19921203,TMAX,148,,,a,
ASN00092045,19921204,TMAX,148,,,a,
ASN00092045,19921206,TMAX,166,,,a,
ASN00092045,19921207,TMAX,168,,,a,
ASN00092045,19921208,TMAX,173,,,a,
ASN00092045,19921209,TMAX,177,,,a,
ASN00092045,19921210,TMAX,225,,,a,
ASN00092045,19921211,TMAX,186,,,a,
ASN00092045,19921212,TMAX,183,,,a,
ASN00092045,19921213,TMAX,189,,,a,
ASN00092045,19921214,TMAX,204,,,a,
ASN00092045,19921215,TMAX,183,,,a,
ASN00092045,19921216,TMAX,187,,,a,
ASN00092045,19921217,TMAX,204,,,a,
ASN00092045,19921218,TMAX,202,,,a,
ASN00092045,19921219,TMAX,201,,,a,
ASN00092045,19921220,TMAX,208,,,a,
ASN00092045,19921221,TMAX,232,,,a,
ASN00092045,19921222,TMAX,215,,,a,
ASN00092045,19921223,TMAX,212,,,a,
ASN00092045,19921224,TMAX,200,,,a,
ASN00092045,19921225,TMAX,180,,,a,
ASN00092045,19921226,TMAX,215,,,a,
ASN00092045,19921227,TMAX,190,,,a,
ASN00092045,19921228,TMAX,192,,,a,
ASN00092045,19921229,TMAX,212,,,a,
ASN00092045,19921230,TMAX,200,,,a,
ASN00092045,19921231,TMAX,206,,,a,
ASN00092045,19921201,TMIN,83,,,a,
ASN00092045,19921202,TMIN,115,,,a,
ASN00092045,19921203,TMIN,133,,,a,
ASN00092045,19921204,TMIN,120,,,a,
ASN00092045,19921205,TMIN,118,,,a,
ASN00092045,19921207,TMIN,122,,,a,
ASN00092045,19921208,TMIN,120,,,a,
ASN00092045,19921209,TMIN,90,,,a,
ASN00092045,19921210,TMIN,116,,,a,
ASN00092045,19921211,TMIN,122,,,a,
ASN00092045,19921212,TMIN,134,,,a,
ASN00092045,19921213,TMIN,140,,,a,
ASN00092045,19921214,TMIN,150,,,a,
ASN00092045,19921215,TMIN,115,,,a,
ASN00092045,19921216,TMIN,132,,,a,
ASN00092045,19921217,TMIN,115,,,a,
ASN00092045,19921218,TMIN,142,,,a,
ASN00092045,19921219,TMIN,157,,,a,
ASN00092045,19921220,TMIN,160,,,a,
ASN00092045,19921221,TMIN,160,,,a,
ASN00092045,19921222,TMIN,147,,,a,
ASN00092045,19921223,TMIN,155,,,a,
ASN00092045,19921224,TMIN,152,,,a,
ASN00092045,19921225,TMIN,150,,,a,
ASN00092045,19921226,TMIN,125,,,a,
ASN00092045,19921227,TMIN,113,,,a,
ASN00092045,19921228,TMIN,94,,,a,
ASN00092045,19921229,TMIN,125,,,a,
ASN00092045,19921230,TMIN,120,,,a,
ASN00092045,19921231,TMIN,142,,,a,
ASN00092045,19921201,PRCP,0,,,a,
ASN00092045,19921202,PRCP,0,,,a,
ASN00092045,19921203,PRCP,28,,,a,
ASN00092045,19921204,PRCP,48,,,a,
ASN00092045,19921205,PRCP,74,,,a,
ASN00092045,19921206,PRCP,16,,,a,
ASN00092045,19921207,PRCP,4,,,a,
ASN00092045,19921208,PRCP,8,,,a,
ASN00092045,19921209,PRCP,4,,,a,
ASN00092045,19921210,PRCP,0,,,a,
ASN00092045,19921211,PRCP,0,,,a,
ASN00092045,19921212,PRCP,0,,,a,
ASN00092045,19921213,PRCP,0,,,a,
ASN00092045,19921214,PRCP,32,,,a,
ASN00092045,19921215,PRCP,6,,,a,
ASN00092045,19921216,PRCP,0,,,a,
ASN00092045,19921217,PRCP,0,,,a,
ASN00092045,19921218,PRCP,0,,,a,
ASN00092045,19921219,PRCP,0,,,a,
ASN00092045,19921220,PRCP,0,,,a,
ASN00092045,19921221,PRCP,40,,,a,
ASN00092045,19921222,PRCP,0,,,a,
ASN00092045,19921223,PRCP,26,,,a,
ASN00092045,19921224,PRCP,0,,,a,
ASN00092045,19921225,PRCP,4,,,a,
ASN00092045,19921226,PRCP,64,,,a,
ASN00092045,19921227,PRCP,4,,,a,
ASN00092045,19921228,PRCP,10,,,a,
ASN00092045,19921229,PRCP,0,,,a,
ASN00092045,19921230,PRCP,0,,,a,
ASN00092045,19921231,PRCP,0,,,a,
ASN00092045,19921201,TAVG,131,H,,S,
ASN00092045,19921202,TAVG,125,H,,S,
ASN00092045,19921203,TAVG,131,H,,S,
ASN00092045,19921204,TAVG,131,H,,S,
ASN00092045,19921205,TAVG,138,H,,S,
ASN00092045,19921206,TAVG,138,H,,S,
ASN00092045,19921207,TAVG,139,H,,S,
ASN00092045,19921208,TAVG,141,H,,S,
ASN00092045,19921209,TAVG,147,H,,S,
ASN00092045,19921210,TAVG,159,H,,S,
ASN00092045,19921211,TAVG,157,H,,S,
ASN00092045,19921212,TAVG,158,H,,S,
ASN00092045,19921213,TAVG,166,H,,S,
ASN00092045,19921214,TAVG,137,H,,S,
ASN00092045,19921215,TAVG,153,H,,S,
ASN00092045,19921216,TAVG,149,H,,S,
ASN00092045,19921217,TAVG,164,H,,S,
ASN00092045,19921218,TAVG,171,H,,S,
ASN00092045,19921219,TAVG,173,H,,S,
ASN00092045,19921220,TAVG,178,H,,S,
ASN00092045,19921221,TAVG,172,H,,S,
ASN00092045,19921222,TAVG,175,H,,S,
ASN00092045,19921223,TAVG,174,H,,S,
ASN00092045,19921224,TAVG,173,H,,S,
ASN00092045,19921225,TAVG,148,H,,S,
ASN00092045,19921226,TAVG,163,H,,S,
ASN00092045,19921227,TAVG,137,H,,S,
ASN00092045,19921228,TAVG,151,H,,S,
ASN00092045,19921229,TAVG,167,H,,S,
ASN00092045,19921230,TAVG,168,H,,S,
ASN00092045,19921231,TAVG,178,H,,S,
ASN00092045,19930101,TMAX,220,,,a,
ASN00092045,19930102,TMAX,224,,,a,
ASN00092045,19930103,TMAX,255,,,a,
ASN00092045,19930104,TMAX,191,,,a,
ASN00092045,19930105,TMAX,220,,,a,
ASN00092045,19930106,TMAX,200,,,a,
ASN00092045,19930107,TMAX,210,,,a,
ASN00092045,19930108,TMAX,235,,,a,
ASN00092045,19930109,TMAX,205,,,a,
ASN00092045,19930110,TMAX,213,,,a,
ASN00092045,19930111,TMAX,200,,,a,
ASN00092045,19930112,TMAX,225,,,a,
ASN00092045,19930113,TMAX,208,,,a,
ASN00092045,19930114,TMAX,278,,,a,
ASN00092045,19930115,TMAX,267,,,a,
ASN00092045,19930116,TMAX,300,,,a,
ASN00092045,19930117,TMAX,265,,,a,
ASN00092045,19930118,TMAX,224,,,a,
ASN00092045,19930119,TMAX,220,,,a,
ASN00092045,19930120,TMAX,250,,,a,
ASN00092045,19930121,TMAX,200,,,a,
ASN00092045,19930122,TMAX,205,,,a,
ASN00092045,19930123,TMAX,275,,,a,
ASN00092045,19930124,TMAX,192,,,a,
ASN00092045,19930125,TMAX,187,,,a,
ASN00092045,19930126,TMAX,196,,,a,
ASN00092045,19930127,TMAX,203,,,a,
ASN00092045,19930128,TMAX,240,,,a,
ASN00092045,19930129,TMAX,220,,,a,
ASN00092045,19930130,TMAX,205,,,a,
ASN00092045,19930131,TMAX,213,,,a,
ASN00092045,19930101,TMIN,142,,,a,
ASN00092045,19930102,TMIN,152,,,a,
ASN00092045,19930103,TMIN,165,,,a,
ASN00092045,19930104,TMIN,100,,,a,
ASN00092045,19930105,TMIN,138,,,a,
ASN00092045,19930106,TMIN,133,,,a,
ASN00092045,19930107,TMIN,112,,,a,
ASN00092045,19930108,TMIN,137,,,a,
ASN00092045,19930109,TMIN,150,,,a,
ASN00092045,19930110,TMIN,110,,,a,
ASN00092045,19930111,TMIN,105,,,a,
ASN00092045,19930112,TMIN,100,,,a,
ASN00092045,19930113,TMIN,145,,,a,
ASN00092045,19930114,TMIN,137,,,a,
ASN00092045,19930115,TMIN,157,,,a,
ASN00092045,19930116,TMIN,160,,,a,
ASN00092045,19930117,TMIN,170,,,a,
ASN00092045,19930118,TMIN,145,,,a,
ASN00092045,19930119,TMIN,140,,,a,
ASN00092045,19930120,TMIN,138,,,a,
ASN00092045,19930121,TMIN,166,,,a,
ASN00092045,19930122,TMIN,151,,,a,
ASN00092045,19930123,TMIN,158,,,a,
ASN00092045,19930124,TMIN,155,,,a,
ASN00092045,19930125,TMIN,120,,,a,
ASN00092045,19930126,TMIN,126,,,a,
ASN00092045,19930127,TMIN,160,,,a,
ASN00092045,19930128,TMIN,170,,,a,
ASN00092045,19930129,TMIN,155,,,a,
ASN00092045,19930130,TMIN,150,,,a,
ASN00092045,19930131,TMIN,160,,,a,
ASN00092045,19930101,PRCP,0,,,a,
ASN00092045,19930102,PRCP,0,,,a,
ASN00092045,19930103,PRCP,0,,,a,
ASN00092045,19930104,PRCP,0,,,a,
ASN00092045,19930105,PRCP,0,,,a,
ASN00092045,19930106,PRCP,76,,,a,
ASN00092045,19930107,PRCP,0,,,a,
ASN00092045,19930108,PRCP,0,,,a,
ASN00092045,19930109,PRCP,0,,,a,
ASN00092045,19930110,PRCP,2,,,a,
ASN00092045,19930111,PRCP,0,,,a,
ASN00092045,19930112,PRCP,0,,,a,
ASN00092045,19930113,PRCP,0,,,a,
ASN00092045,19930114,PRCP,0,,,a,
ASN00092045,19930115,PRCP,0,,,a,
ASN00092045,19930116,PRCP,0,,,a,
ASN00092045,19930117,PRCP,210,,,a,
ASN00092045,19930118,PRCP,30,,,a,
ASN00092045,19930119,PRCP,0,,,a,
ASN00092045,19930120,PRCP,0,,,a,
ASN00092045,19930121,PRCP,0,,,a,
ASN00092045,19930122,PRCP,12,,,a,
ASN00092045,19930123,PRCP,0,,,a,
ASN00092045,19930124,PRCP,20,,,a,
ASN00092045,19930125,PRCP,330,,,a,
ASN00092045,19930126,PRCP,0,,,a,
ASN00092045,19930127,PRCP,2,,,a,
ASN00092045,19930128,PRCP,6,,,a,
ASN00092045,19930129,PRCP,0,,,a,
ASN00092045,19930130,PRCP,0,,,a,
ASN00092045,19930131,PRCP,0,,,a,
ASN00092045,19930101,TAVG,170,H,,S,
ASN00092045,19930102,TAVG,185,H,,S,
ASN00092045,19930103,TAVG,178,H,,S,
ASN00092045,19930104,TAVG,163,H,,S,
ASN00092045,19930105,TAVG,164,H,,S,
ASN00092045,19930106,TAVG,151,H,,S,
ASN00092045,19930107,TAVG,166,H,,S,
ASN00092045,19930108,TAVG,186,H,,S,
ASN00092045,19930109,TAVG,163,H,,S,
ASN00092045,19930110,TAVG,135,H,,S,
ASN00092045,19930111,TAVG,152,H,,S,
ASN00092045,19930112,TAVG,176,H,,S,
ASN00092045,19930113,TAVG,171,H,,S,
ASN00092045,19930114,TAVG,194,H,,S,
ASN00092045,19930115,TAVG,189,H,,S,
ASN00092045,19930116,TAVG,213,H,,S,
ASN00092045,19930117,TAVG,186,H,,S,
ASN00092045,19930118,TAVG,178,H,,S,
ASN00092045,19930119,TAVG,177,H,,S,
ASN00092045,19930120,TAVG,185,H,,S,
ASN00092045,19930121,TAVG,170,H,,S,
ASN00092045,19930122,TAVG,182,H,,S,
ASN00092045,19930123,TAVG,189,H,,S,
ASN00092045,19930124,TAVG,151,H,,S,
ASN00092045,19930125,TAVG,163,H,,S,
ASN00092045,19930126,TAVG,177,H,,S,
ASN00092045,19930127,TAVG,181,H,,S,
ASN00092045,19930128,TAVG,190,H,,S,
ASN00092045,19930129,TAVG,188,H,,S,
ASN00092045,19930130,TAVG,180,H,,S,
ASN00092045,19930131,TAVG,184,H,,S,
ASN00092045,19930201,TMAX,240,,,a,
ASN00092045,19930202,TMAX,224,,,a,
ASN00092045,19930203,TMAX,324,,,a,
ASN00092045,19930204,TMAX,190,,,a,
ASN00092045,19930205,TMAX,191,,,a,
ASN00092045,19930206,TMAX,197,,,a,
ASN00092045,19930207,TMAX,290,,,a,
ASN00092045,19930208,TMAX,196,,,a,
ASN00092045,19930209,TMAX,184,,,a,
ASN00092045,19930210,TMAX,198,,,a,
ASN00092045,19930211,TMAX,255,,,a,
ASN00092045,19930212,TMAX,200,,,a,
ASN00092045,19930213,TMAX,195,,,a,
ASN00092045,19930214,TMAX,200,,,a,
ASN00092045,19930215,TMAX,192,,,a,
ASN00092045,19930216,TMAX,218,,,a,
ASN00092045,19930217,TMAX,219,,,a,
ASN00092045,19930218,TMAX,201,,,a,
ASN00092045,19930219,TMAX,226,,,a,
ASN00092045,19930220,TMAX,178,,,a,
ASN00092045,19930221,TMAX,190,,,a,
ASN00092045,19930222,TMAX,157,,,a,
ASN00092045,19930223,TMAX,165,,,a,
ASN00092045,19930224,TMAX,224,,,a,
ASN00092045,19930225,TMAX,207,,,a,
ASN00092045,19930227,TMAX,205,,,a,
ASN00092045,19930228,TMAX,188,,,a,
ASN00092045,19930201,TMIN,156,,,a,
ASN00092045,19930202,TMIN,167,,,a,
ASN00092045,19930203,TMIN,180,,,a,
ASN00092045,19930204,TMIN,165,,,a,
ASN00092045,19930205,TMIN,140,,,a,
ASN00092045,19930206,TMIN,126,,,a,
ASN00092045,19930207,TMIN,160,,,a,
ASN00092045,19930208,TMIN,163,,,a,
ASN00092045,19930209,TMIN,155,,,a,
ASN00092045,19930210,TMIN,158,,,a,
ASN00092045,19930211,TMIN,172,,,a,
ASN00092045,19930212,TMIN,145,,,a,
ASN00092045,19930213,TMIN,150,,,a,
ASN00092045,19930214,TMIN,157,,,a,
ASN00092045,19930215,TMIN,180,,,a,
ASN00092045,19930216,TMIN,140,,,a,
ASN00092045,19930217,TMIN,170,,,a,
ASN00092045,19930218,TMIN,160,,,a,
ASN00092045,19930219,TMIN,178,,,a,
ASN00092045,19930220,TMIN,165,,,a,
ASN00092045,19930221,TMIN,98,,,a,
ASN00092045,19930222,TMIN,120,,,a,
ASN00092045,19930223,TMIN,110,,,a,
ASN00092045,19930224,TMIN,110,,,a,
ASN00092045,19930225,TMIN,115,,,a,
ASN00092045,19930226,TMIN,155,,,a,
ASN00092045,19930228,TMIN,136,,,a,
ASN00092045,19930201,PRCP,0,,,a,
ASN00092045,19930202,PRCP,0,,,a,
ASN00092045,19930203,PRCP,0,,,a,
ASN00092045,19930204,PRCP,18,,,a,
ASN00092045,19930205,PRCP,52,,,a,
ASN00092045,19930206,PRCP,0,,,a,
ASN00092045,19930207,PRCP,0,,,a,
ASN00092045,19930208,PRCP,0,,,a,
ASN00092045,19930209,PRCP,12,,,a,
ASN00092045,19930210,PRCP,10,,,a,
ASN00092045,19930211,PRCP,0,,,a,
ASN00092045,19930212,PRCP,0,,,a,
ASN00092045,19930213,PRCP,0,,,a,
ASN00092045,19930214,PRCP,0,,,a,
ASN00092045,19930215,PRCP,0,,,a,
ASN00092045,19930216,PRCP,152,,,a,
ASN00092045,19930217,PRCP,0,,,a,
ASN00092045,19930218,PRCP,0,,,a,
ASN00092045,19930219,PRCP,12,,,a,
ASN00092045,19930220,PRCP,54,,,a,
ASN00092045,19930221,PRCP,20,,,a,
ASN00092045,19930222,PRCP,12,,,a,
ASN00092045,19930223,PRCP,20,,,a,
ASN00092045,19930224,PRCP,12,,,a,
ASN00092045,19930225,PRCP,0,,,a,
ASN00092045,19930226,PRCP,2,,,a,
ASN00092045,19930228,DAPR,2,,,a,
ASN00092045,19930228,DWPR,2,,,a,
ASN00092045,19930228,MDPR,106,,,a,
ASN00092045,19930201,TAVG,183,H,,S,
ASN00092045,19930202,TAVG,195,H,,S,
ASN00092045,19930203,TAVG,237,H,,S,
ASN00092045,19930204,TAVG,163,H,,S,
ASN00092045,19930205,TAVG,163,H,,S,
ASN00092045,19930206,TAVG,185,H,,S,
ASN00092045,19930207,TAVG,198,H,,S,
ASN00092045,19930208,TAVG,173,H,,S,
ASN00092045,19930209,TAVG,172,H,,S,
ASN00092045,19930210,TAVG,181,H,,S,
ASN00092045,19930211,TAVG,188,H,,S,
ASN00092045,19930212,TAVG,175,H,,S,
ASN00092045,19930213,TAVG,176,H,,S,
ASN00092045,19930214,TAVG,185,H,,S,
ASN00092045,19930215,TAVG,177,H,,S,
ASN00092045,19930216,TAVG,189,H,,S,
ASN00092045,19930217,TAVG,189,H,,S,
ASN00092045,19930218,TAVG,191,H,,S,
ASN00092045,19930219,TAVG,194,H,,S,
ASN00092045,19930220,TAVG,139,H,,S,
ASN00092045,19930221,TAVG,154,H,,S,
ASN00092045,19930222,TAVG,132,H,,S,
ASN00092045,19930223,TAVG,148,H,,S,
ASN00092045,19930224,TAVG,166,H,,S,
ASN00092045,19930225,TAVG,184,H,,S,
ASN00092045,19930226,TAVG,167,H,,S,
ASN00092045,19930228,TAVG,133,H,,S,
ASN00092045,19930301,TMAX,216,,,a,
ASN00092045,19930302,TMAX,192,,,a,
ASN00092045,19930303,TMAX,187,,,a,
ASN00092045,19930304,TMAX,200,,,a,
ASN00092045,19930306,TMAX,195,,,a,
ASN00092045,19930307,TMAX,175,,,a,
ASN00092045,19930308,TMAX,216,,,a,
ASN00092045,19930309,TMAX,189,,,a,
ASN00092045,19930310,TMAX,205,,,a,
ASN00092045,19930311,TMAX,180,,,a,
ASN00092045,19930312,TMAX,215,,,a,
ASN00092045,19930313,TMAX,216,,,a,
ASN00092045,19930314,TMAX,213,,,a,
ASN00092045,19930315,TMAX,213,,,a,
ASN00092045,19930316,TMAX,218,,,a,
ASN00092045,19930317,TMAX,185,,,a,
ASN00092045,19930318,TMAX,185,,,a,
ASN00092045,19930319,TMAX,190,,,a,
ASN00092045,19930320,TMAX,213,,,a,
ASN00092045,19930321,TMAX,187,,,a,
ASN00092045,19930322,TMAX,200,,,a,
ASN00092045,19930323,TMAX,215,,,a,
ASN00092045,19930324,TMAX,181,,,a,
ASN00092045,19930325,TMAX,205,,,a,
ASN00092045,19930326,TMAX,209,,,a,
ASN00092045,19930327,TMAX,210,,,a,
ASN00092045,19930328,TMAX,218,,,a,
ASN00092045,19930329,TMAX,183,,,a,
ASN00092045,19930330,TMAX,180,,,a,
ASN00092045,19930331,TMAX,200,,,a,
ASN00092045,19930301,TMIN,90,,,a,
ASN00092045,19930302,TMIN,98,,,a,
ASN00092045,19930303,TMIN,80,,,a,
ASN00092045,19930304,TMIN,93,,,a,
ASN00092045,19930305,TMIN,140,,,a,
ASN00092045,19930307,TMIN,152,,,a,
ASN00092045,19930308,TMIN,155,,,a,
ASN00092045,19930309,TMIN,140,,,a,
ASN00092045,19930310,TMIN,128,,,a,
ASN00092045,19930311,TMIN,137,,,a,
ASN00092045,19930312,TMIN,108,,,a,
ASN00092045,19930313,TMIN,128,,,a,
ASN00092045,19930314,TMIN,156,,,a,
ASN00092045,19930315,TMIN,170,,,a,
ASN00092045,19930316,TMIN,169,,,a,
ASN00092045,19930317,TMIN,145,,,a,
ASN00092045,19930318,TMIN,150,,,a,
ASN00092045,19930319,TMIN,160,,,a,
ASN00092045,19930320,TMIN,150,,,a,
ASN00092045,19930321,TMIN,145,,,a,
ASN00092045,19930322,TMIN,150,,,a,
ASN00092045,19930323,TMIN,175,,,a,
ASN00092045,19930324,TMIN,135,,,a,
ASN00092045,19930325,TMIN,146,,,a,
ASN00092045,19930326,TMIN,156,,,a,
ASN00092045,19930327,TMIN,167,,,a,
ASN00092045,19930328,TMIN,135,,,a,
ASN00092045,19930329,TMIN,100,,,a,
ASN00092045,19930330,TMIN,125,,,a,
ASN00092045,19930331,TMIN,107,,,a,
ASN00092045,19930301,PRCP,40,,,a,
ASN00092045,19930302,PRCP,0,,,a,
ASN00092045,19930303,PRCP,0,,,a,
ASN00092045,19930304,PRCP,0,,,a,
ASN00092045,19930305,PRCP,0,,,a,
ASN00092045,19930306,PRCP,0,,,a,
ASN00092045,19930307,PRCP,2,,,a,
ASN00092045,19930308,PRCP,286,,,a,
ASN00092045,19930309,PRCP,0,,,a,
ASN00092045,19930310,PRCP,0,,,a,
ASN00092045,19930311,PRCP,0,,,a,
ASN00092045,19930312,PRCP,0,,,a,
ASN00092045,19930313,PRCP,0,,,a,
ASN00092045,19930314,PRCP,0,,,a,
ASN00092045,19930315,PRCP,0,,,a,
ASN00092045,19930316,PRCP,0,,,a,
ASN00092045,19930317,PRCP,62,,,a,
ASN00092045,19930318,PRCP,0,,,a,
ASN00092045,19930319,PRCP,0,,,a,
ASN00092045,19930320,PRCP,16,,,a,
ASN00092045,19930321,PRCP,0,,,a,
ASN00092045,19930322,PRCP,0,,,a,
ASN00092045,19930323,PRCP,16,,,a,
ASN00092045,19930324,PRCP,140,,,a,
ASN00092045,19930325,PRCP,0,,,a,
ASN00092045,19930326,PRCP,334,,,a,
ASN00092045,19930327,PRCP,26,,,a,
ASN00092045,19930328,PRCP,6,,,a,
ASN00092045,19930329,PRCP,0,,,a,
ASN00092045,19930330,PRCP,30,,,a,
ASN00092045,19930331,PRCP,0,,,a,
ASN00092045,19930301,TAVG,152,H,,S,
ASN00092045,19930302,TAVG,138,H,,S,
ASN00092045,19930303,TAVG,143,H,,S,
ASN00092045,19930304,TAVG,162,H,,S,
ASN00092045,19930305,TAVG,165,H,,S,
ASN00092045,19930306,TAVG,173,H,,S,
ASN00092045,19930307,TAVG,163,H,,S,
ASN00092045,19930308,TAVG,171,H,,S,
ASN00092045,19930309,TAVG,158,H,,S,
ASN00092045,19930310,TAVG,158,H,,S,
ASN00092045,19930311,TAVG,138,H,,S,
ASN00092045,19930312,TAVG,167,H,,S,
ASN00092045,19930313,TAVG,184,H,,S,
ASN00092045,19930314,TAVG,186,H,,S,
ASN00092045,19930315,TAVG,184,H,,S,
ASN00092045,19930316,TAVG,172,H,,S,
ASN00092045,19930317,TAVG,161,H,,S,
ASN00092045,19930318,TAVG,171,H,,S,
ASN00092045,19930319,TAVG,173,H,,S,
ASN00092045,19930320,TAVG,169,H,,S,
ASN00092045,19930321,TAVG,167,H,,S,
ASN00092045,19930322,TAVG,182,H,,S,
ASN00092045,19930323,TAVG,169,H,,S,
ASN00092045,19930324,TAVG,164,H,,S,
ASN00092045,19930325,TAVG,172,H,,S,
ASN00092045,19930326,TAVG,180,H,,S,
ASN00092045,19930327,TAVG,171,H,,S,
ASN00092045,19930328,TAVG,151,H,,S,
ASN00092045,19930329,TAVG,149,H,,S,
ASN00092045,19930330,TAVG,148,H,,S,
ASN00092045,19930331,TAVG,154,H,,S,
ASN00092045,19930401,TMAX,167,,,a,
ASN00092045,19930402,TMAX,173,,,a,
ASN00092045,19930403,TMAX,178,,,a,
ASN00092045,19930404,TMAX,192,,,a,
ASN00092045,19930405,TMAX,205,,,a,
ASN00092045,19930406,TMAX,180,,,a,
ASN00092045,19930407,TMAX,177,,,a,
ASN00092045,19930408,TMAX,175,,,a,
ASN00092045,19930409,TMAX,172,,,a,
ASN00092045,19930410,TMAX,176,,,a,
ASN00092045,19930411,TMAX,212,,,a,
ASN00092045,19930412,TMAX,191,,,a,
ASN00092045,19930413,TMAX,202,,,a,
ASN00092045,19930414,TMAX,233,,,a,
ASN00092045,19930415,TMAX,198,,,a,
ASN00092045,19930416,TMAX,204,,,a,
ASN00092045,19930417,TMAX,193,,,a,
ASN00092045,19930418,TMAX,195,,,a,
ASN00092045,19930419,TMAX,218,,,a,
ASN00092045,19930420,TMAX,194,,,a,
ASN00092045,19930421,TMAX,185,,,a,
ASN00092045,19930422,TMAX,212,,,a,
ASN00092045,19930423,TMAX,250,,,a,
ASN00092045,19930424,TMAX,210,,,a,
ASN00092045,19930425,TMAX,174,,,a,
ASN00092045,19930426,TMAX,171,,,a,
ASN00092045,19930427,TMAX,192,,,a,
ASN00092045,19930428,TMAX,175,,,a,
ASN00092045,19930429,TMAX,180,,,a,
ASN00092045,19930430,TMAX,190,,,a,
ASN00092045,19930401,TMIN,129,,,a,
ASN00092045,19930402,TMIN,120,,,a,
ASN00092045,19930403,TMIN,90,,,a,
ASN00092045,19930404,TMIN,98,,,a,
ASN00092045,19930405,TMIN,135,,,a,
ASN00092045,19930406,TMIN,102,,,a,
ASN00092045,19930407,TMIN,107,,,a,
ASN00092045,19930408,TMIN,78,,,a,
ASN00092045,19930409,TMIN,75,,,a,
ASN00092045,19930410,TMIN,112,,,a,
ASN00092045,19930411,TMIN,126,,,a,
ASN00092045,19930412,TMIN,149,,,a,
ASN00092045,19930413,TMIN,156,,,a,
ASN00092045,19930414,TMIN,112,,,a,
ASN00092045,19930415,TMIN,123,,,a,
ASN00092045,19930416,TMIN,110,,,a,
ASN00092045,19930417,TMIN,144,,,a,
ASN00092045,19930418,TMIN,132,,,a,
ASN00092045,19930419,TMIN,135,,,a,
ASN00092045,19930420,TMIN,132,,,a,
ASN00092045,19930421,TMIN,142,,,a,
ASN00092045,19930422,TMIN,153,,,a,
ASN00092045,19930423,TMIN,134,,,a,
ASN00092045,19930424,TMIN,155,,,a,
ASN00092045,19930425,TMIN,100,,,a,
ASN00092045,19930426,TMIN,135,,,a,
ASN00092045,19930427,TMIN,115,,,a,
ASN00092045,19930428,TMIN,103,,,a,
ASN00092045,19930429,TMIN,116,,,a,
ASN00092045,19930430,TMIN,135,,,a,
ASN00092045,19930401,PRCP,0,,,a,
ASN00092045,19930402,PRCP,52,,,a,
ASN00092045,19930403,PRCP,0,,,a,
ASN00092045,19930404,PRCP,14,,,a,
ASN00092045,19930405,PRCP,0,,,a,
ASN00092045,19930406,PRCP,44,,,a,
ASN00092045,19930407,PRCP,0,,,a,
ASN00092045,19930408,PRCP,24,,,a,
ASN00092045,19930409,PRCP,0,,,a,
ASN00092045,19930410,PRCP,0,,,a,
ASN00092045,19930411,PRCP,0,,,a,
ASN00092045,19930412,PRCP,2,,,a,
ASN00092045,19930413,PRCP,8,,,a,
ASN00092045,19930414,PRCP,6,,,a,
ASN00092045,19930415,PRCP,0,,,a,
ASN00092045,19930416,PRCP,0,,,a,
ASN00092045,19930417,PRCP,0,,,a,
ASN00092045,19930418,PRCP,0,,,a,
ASN00092045,19930419,PRCP,0,,,a,
ASN00092045,19930420,PRCP,0,,,a,
ASN00092045,19930421,PRCP,0,,,a,
ASN00092045,19930422,PRCP,14,,,a,
ASN00092045,19930423,PRCP,0,,,a,
ASN00092045,19930424,PRCP,0,,,a,
ASN00092045,19930425,PRCP,8,,,a,
ASN00092045,19930426,PRCP,0,,,a,
ASN00092045,19930427,PRCP,18,,,a,
ASN00092045,19930428,PRCP,0,,,a,
ASN00092045,19930429,PRCP,0,,,a,
ASN00092045,19930430,PRCP,0,,,a,
ASN00092045,19930401,TAVG,136,H,,S,
ASN00092045,19930402,TAVG,134,H,,S,
ASN00092045,19930403,TAVG,143,H,,S,
ASN00092045,19930404,TAVG,161,H,,S,
ASN00092045,19930405,TAVG,153,H,,S,
ASN00092045,19930406,TAVG,141,H,,S,
ASN00092045,19930407,TAVG,121,H,,S,
ASN00092045,19930408,TAVG,130,H,,S,
ASN00092045,19930409,TAVG,142,H,,S,
ASN00092045,19930410,TAVG,148,H,,S,
ASN00092045,19930411,TAVG,168,H,,S,
ASN00092045,19930412,TAVG,174,H,,S,
ASN00092045,19930413,TAVG,155,H,,S,
ASN00092045,19930414,TAVG,152,H,,S,
ASN00092045,19930415,TAVG,143,H,,S,
ASN00092045,19930416,TAVG,160,H,,S,
ASN00092045,19930417,TAVG,155,H,,S,
ASN00092045,19930418,TAVG,159,H,,S,
ASN00092045,19930419,TAVG,172,H,,S,
ASN00092045,19930420,TAVG,158,H,,S,
ASN00092045,19930421,TAVG,169,H,,S,
ASN00092045,19930422,TAVG,163,H,,S,
ASN00092045,19930423,TAVG,184,H,,S,
ASN00092045,19930424,TAVG,148,H,,S,
ASN00092045,19930425,TAVG,146,H,,S,
ASN00092045,19930426,TAVG,151,H,,S,
ASN00092045,19930427,TAVG,139,H,,S,
ASN00092045,19930428,TAVG,141,H,,S,
ASN00092045,19930429,TAVG,158,H,,S,
ASN00092045,19930430,TAVG,146,H,,S,
ASN00092045,19930501,TMAX,203,,,a,
ASN00092045,19930502,TMAX,190,,,a,
ASN00092045,19930503,TMAX,163,,,a,
ASN00092045,19930504,TMAX,147,,,a,
ASN00092045,19930505,TMAX,168,,,a,
ASN00092045,19930506,TMAX,178,,,a,
ASN00092045,19930507,TMAX,166,,,a,
ASN00092045,19930508,TMAX,162,,,a,
ASN00092045,19930509,TMAX,157,,,a,
ASN00092045,19930510,TMAX,175,,,a,
ASN00092045,19930511,TMAX,142,,,a,
ASN00092045,19930512,TMAX,161,,,a,
ASN00092045,19930513,TMAX,155,,,a,
ASN00092045,19930514,TMAX,132,,,a,
ASN00092045,19930515,TMAX,130,,,a,
ASN00092045,19930516,TMAX,169,,,a,
ASN00092045,19930517,TMAX,156,,,a,
ASN00092045,19930518,TMAX,157,,,a,
ASN00092045,19930519,TMAX,155,,,a,
ASN00092045,19930520,TMAX,165,,,a,
ASN00092045,19930521,TMAX,169,,,a,
ASN00092045,19930522,TMAX,180,,,a,
ASN00092045,19930523,TMAX,145,,,a,
ASN00092045,19930524,TMAX,173,,,a,
ASN00092045,19930525,TMAX,140,,,a,
ASN00092045,19930526,TMAX,174,,,a,
ASN00092045,19930527,TMAX,164,,,a,
ASN00092045,19930528,TMAX,160,,,a,
ASN00092045,19930531,TMAX,140,,,a,
ASN00092045,19930501,TMIN,124,,,a,
ASN00092045,19930502,TMIN,116,,,a,
ASN00092045,19930503,TMIN,115,,,a,
ASN00092045,19930504,TMIN,57,,,a,
ASN00092045,19930505,TMIN,63,,,a,
ASN00092045,19930506,TMIN,113,,,a,
ASN00092045,19930507,TMIN,113,,,a,
ASN00092045,19930508,TMIN,100,,,a,
ASN00092045,19930509,TMIN,82,,,a,
ASN00092045,19930510,TMIN,86,,,a,
ASN00092045,19930511,TMIN,78,,,a,
ASN00092045,19930512,TMIN,83,,,a,
ASN00092045,19930513,TMIN,97,,,a,
ASN00092045,19930514,TMIN,78,,,a,
ASN00092045,19930515,TMIN,23,,,a,
ASN00092045,19930516,TMIN,50,,,a,
ASN00092045,19930517,TMIN,74,,,a,
ASN00092045,19930518,TMIN,78,,,a,
ASN00092045,19930519,TMIN,82,,,a,
ASN00092045,19930520,TMIN,82,,,a,
ASN00092045,19930521,TMIN,97,,,a,
ASN00092045,19930522,TMIN,127,,,a,
ASN00092045,19930523,TMIN,104,,,a,
ASN00092045,19930524,TMIN,80,,,a,
ASN00092045,19930525,TMIN,77,,,a,
ASN00092045,19930526,TMIN,86,,,a,
ASN00092045,19930527,TMIN,95,,,a,
ASN00092045,19930528,TMIN,105,,,a,
ASN00092045,19930529,TMIN,93,,,a,
ASN00092045,19930501,PRCP,4,,,a,
ASN00092045,19930502,PRCP,0,,,a,
ASN00092045,19930503,PRCP,0,,,a,
ASN00092045,19930504,PRCP,0,,,a,
ASN00092045,19930505,PRCP,0,,,a,
ASN00092045,19930506,PRCP,6,,,a,
ASN00092045,19930507,PRCP,4,,,a,
ASN00092045,19930508,PRCP,26,,,a,
ASN00092045,19930509,PRCP,0,,,a,
ASN00092045,19930510,PRCP,0,,,a,
ASN00092045,19930511,PRCP,22,,,a,
ASN00092045,19930512,PRCP,6,,,a,
ASN00092045,19930513,PRCP,38,,,a,
ASN00092045,19930514,PRCP,20,,,a,
ASN00092045,19930515,PRCP,0,,,a,
ASN00092045,19930516,PRCP,0,,,a,
ASN00092045,19930517,PRCP,0,,,a,
ASN00092045,19930518,PRCP,0,,,a,
ASN00092045,19930519,PRCP,2,,,a,
ASN00092045,19930520,PRCP,0,,,a,
ASN00092045,19930521,PRCP,0,,,a,
ASN00092045,19930522,PRCP,0,,,a,
ASN00092045,19930523,PRCP,0,,,a,
ASN00092045,19930524,PRCP,0,,,a,
ASN00092045,19930525,PRCP,24,,,a,
ASN00092045,19930526,PRCP,0,,,a,
ASN00092045,19930527,PRCP,0,,,a,
ASN00092045,19930528,PRCP,0,,,a,
ASN00092045,19930529,PRCP,0,,,a,
ASN00092045,19930530,PRCP,0,,,a,
ASN00092045,19930531,PRCP,108,,,a,
ASN00092045,19930501,TAVG,146,H,,S,
ASN00092045,19930502,TAVG,147,H,,S,
ASN00092045,19930503,TAVG,110,H,,S,
ASN00092045,19930504,TAVG,107,H,,S,
ASN00092045,19930505,TAVG,139,H,,S,
ASN00092045,19930506,TAVG,138,H,,S,
ASN00092045,19930507,TAVG,147,H,,S,
ASN00092045,19930508,TAVG,123,H,,S,
ASN00092045,19930509,TAVG,118,H,,S,
ASN00092045,19930510,TAVG,122,H,,S,
ASN00092045,19930511,TAVG,114,H,,S,
ASN00092045,19930512,TAVG,126,H,,S,
ASN00092045,19930513,TAVG,115,H,,S,
ASN00092045,19930514,TAVG,85,H,,S,
ASN00092045,19930515,TAVG,83,H,,S,
ASN00092045,19930516,TAVG,123,H,,S,
ASN00092045,19930517,TAVG,115,H,,S,
ASN00092045,19930518,TAVG,115,H,,S,
ASN00092045,19930519,TAVG,111,H,,S,
ASN00092045,19930520,TAVG,127,H,,S,
ASN00092045,19930521,TAVG,148,H,,S,
ASN00092045,19930522,TAVG,128,H,,S,
ASN00092045,19930523,TAVG,109,H,,S,
ASN00092045,19930524,TAVG,123,H,,S,
ASN00092045,19930525,TAVG,118,H,,S,
ASN00092045,19930526,TAVG,133,H,,S,
ASN00092045,19930528,TAVG,123,H,,S,
ASN00092045,19930530,TAVG,133,H,,S,
ASN00092045,19930531,TAVG,111,H,,S,
ASN00092045,19930601,TMAX,145,,,a,
ASN00092045,19930602,TMAX,131,,,a,
ASN00092045,19930604,TMAX,162,,,a,
ASN00092045,19930605,TMAX,156,,,a,
ASN00092045,19930606,TMAX,158,,,a,
ASN00092045,19930607,TMAX,142,,,a,
ASN00092045,19930608,TMAX,162,,,a,
ASN00092045,19930609,TMAX,151,,,a,
ASN00092045,19930610,TMAX,143,,,a,
ASN00092045,19930611,TMAX,132,,,a,
ASN00092045,19930612,TMAX,96,,,a,
ASN00092045,19930613,TMAX,103,,,a,
ASN00092045,19930614,TMAX,150,,,a,
ASN00092045,19930615,TMAX,145,,,a,
ASN00092045,19930616,TMAX,144,,,a,
ASN00092045,19930617,TMAX,137,,,a,
ASN00092045,19930618,TMAX,157,,,a,
ASN00092045,19930619,TMAX,132,,,a,
ASN00092045,19930620,TMAX,138,,,a,
ASN00092045,19930621,TMAX,130,,,a,
ASN00092045,19930622,TMAX,121,,,a,
ASN00092045,19930623,TMAX,105,,,a,
ASN00092045,19930624,TMAX,124,,,a,
ASN00092045,19930625,TMAX,127,,,a,
ASN00092045,19930626,TMAX,135,,,a,
ASN00092045,19930627,TMAX,125,,,a,
ASN00092045,19930628,TMAX,127,,,a,
ASN00092045,19930629,TMAX,137,,,a,
ASN00092045,19930630,TMAX,150,,,a,
ASN00092045,19930601,TMIN,95,,,a,
ASN00092045,19930602,TMIN,100,,,a,
ASN00092045,19930603,TMIN,71,,,a,
ASN00092045,19930605,TMIN,57,,,a,
ASN00092045,19930606,TMIN,90,,,a,
ASN00092045,19930607,TMIN,82,,,a,
ASN00092045,19930608,TMIN,93,,,a,
ASN00092045,19930609,TMIN,85,,,a,
ASN00092045,19930610,TMIN,95,,,a,
ASN00092045,19930611,TMIN,67,,,a,
ASN00092045,19930612,TMIN,43,,,a,
ASN00092045,19930613,TMIN,17,,,a,
ASN00092045,19930614,TMIN,43,,,a,
ASN00092045,19930615,TMIN,44,,,a,
ASN00092045,19930616,TMIN,62,,,a,
ASN00092045,19930617,TMIN,100,,,a,
ASN00092045,19930618,TMIN,108,,,a,
ASN00092045,19930619,TMIN,82,,,a,
ASN00092045,19930620,TMIN,68,,,a,
ASN00092045,19930621,TMIN,70,,,a,
ASN00092045,19930622,TMIN,37,,,a,
ASN00092045,19930623,TMIN,35,,,a,
ASN00092045,19930624,TMIN,32,,,a,
ASN00092045,19930625,TMIN,62,,,a,
ASN00092045,19930626,TMIN,60,,,a,
ASN00092045,19930627,TMIN,58,,,a,
ASN00092045,19930628,TMIN,56,,,a,
ASN00092045,19930629,TMIN,70,,,a,
ASN00092045,19930630,TMIN,99,,,a,
ASN00092045,19930601,PRCP,42,,,a,
ASN00092045,19930602,PRCP,0,,,a,
ASN00092045,19930603,PRCP,0,,,a,
ASN00092045,19930604,PRCP,0,,,a,
ASN00092045,19930605,PRCP,0,,,a,
ASN00092045,19930606,PRCP,0,,,a,
ASN00092045,19930607,PRCP,0,,,a,
ASN00092045,19930608,PRCP,0,,,a,
ASN00092045,19930609,PRCP,0,,,a,
ASN00092045,19930610,PRCP,16,,,a,
ASN00092045,19930611,PRCP,64,,,a,
ASN00092045,19930612,PRCP,128,,,a,
ASN00092045,19930613,PRCP,0,,,a,
ASN00092045,19930614,PRCP,0,,,a,
ASN00092045,19930615,PRCP,0,,,a,
ASN00092045,19930616,PRCP,0,,,a,
ASN00092045,19930617,PRCP,0,,,a,
ASN00092045,19930618,PRCP,0,,,a,
ASN00092045,19930619,PRCP,50,,,a,
ASN00092045,19930620,PRCP,52,,,a,
ASN00092045,19930621,PRCP,30,,,a,
ASN00092045,19930622,PRCP,10,,,a,
ASN00092045,19930623,PRCP,50,,,a,
ASN00092045,19930624,PRCP,0,,,a,
ASN00092045,19930625,PRCP,0,,,a,
ASN00092045,19930626,PRCP,0,,,a,
ASN00092045,19930627,PRCP,0,,,a,
ASN00092045,19930628,PRCP,0,,,a,
ASN00092045,19930629,PRCP,10,,,a,
ASN00092045,19930630,PRCP,52,,,a,
ASN00092045,19930601,TAVG,116,H,,S,
ASN00092045,19930602,TAVG,108,H,,S,
ASN00092045,19930605,TAVG,114,H,,S,
ASN00092045,19930606,TAVG,113,H,,S,
ASN00092045,19930607,TAVG,113,H,,S,
ASN00092045,19930608,TAVG,119,H,,S,
ASN00092045,19930609,TAVG,113,H,,S,
ASN00092045,19930610,TAVG,107,H,,S,
ASN00092045,19930611,TAVG,84,H,,S,
ASN00092045,19930612,TAVG,52,H,,S,
ASN00092045,19930613,TAVG,72,H,,S,
ASN00092045,19930614,TAVG,93,H,,S,
ASN00092045,19930615,TAVG,111,H,,S,
ASN00092045,19930616,TAVG,115,H,,S,
ASN00092045,19930617,TAVG,124,H,,S,
ASN00092045,19930618,TAVG,121,H,,S,
ASN00092045,19930619,TAVG,98,H,,S,
ASN00092045,19930620,TAVG,103,H,,S,
ASN00092045,19930621,TAVG,83,H,,S,
ASN00092045,19930622,TAVG,74,H,,S,
ASN00092045,19930623,TAVG,76,H,,S,
ASN00092045,19930624,TAVG,89,H,,S,
ASN00092045,19930625,TAVG,100,H,,S,
ASN00092045,19930626,TAVG,101,H,,S,
ASN00092045,19930627,TAVG,83,H,,S,
ASN00092045,19930628,TAVG,103,H,,S,
ASN00092045,19930629,TAVG,119,H,,S,
ASN00092045,19930630,TAVG,114,H,,S,
ASN00092045,19930701,TMAX,137,,,a,
ASN00092045,19930702,TMAX,150,,,a,
ASN00092045,19930703,TMAX,150,,,a,
ASN00092045,19930704,TMAX,128,,,a,
ASN00092045,19930705,TMAX,130,,,a,
ASN00092045,19930706,TMAX,125,,,a,
ASN00092045,19930707,TMAX,137,,,a,
ASN00092045,19930708,TMAX,150,,,a,
ASN00092045,19930709,TMAX,116,,,a,
ASN00092045,19930710,TMAX,142,,,a,
ASN00092045,19930711,TMAX,148,,,a,
ASN00092045,19930712,TMAX,137,,,a,
ASN00092045,19930713,TMAX,145,,,a,
ASN00092045,19930714,TMAX,143,,,a,
ASN00092045,19930715,TMAX,137,,,a,
ASN00092045,19930716,TMAX,156,,,a,
ASN00092045,19930717,TMAX,145,,,a,
ASN00092045,19930718,TMAX,148,,,a,
ASN00092045,19930719,TMAX,137,,,a,
ASN00092045,19930720,TMAX,157,,,a,
ASN00092045,19930721,TMAX,118,,,a,
ASN00092045,19930722,TMAX,136,,,a,
ASN00092045,19930723,TMAX,145,,,a,
ASN00092045,19930724,TMAX,142,,,a,
ASN00092045,19930725,TMAX,136,,,a,
ASN00092045,19930726,TMAX,137,,,a,
ASN00092045,19930727,TMAX,148,,,a,
ASN00092045,19930728,TMAX,135,,,a,
ASN00092045,19930729,TMAX,150,,,a,
ASN00092045,19930730,TMAX,147,,,a,
ASN00092045,19930731,TMAX,137,,,a,
ASN00092045,19930701,TMIN,85,,,a,
ASN00092045,19930702,TMIN,86,,,a,
ASN00092045,19930703,TMIN,90,,,a,
ASN00092045,19930704,TMIN,80,,,a,
ASN00092045,19930705,TMIN,53,,,a,
ASN00092045,19930706,TMIN,75,,,a,
ASN00092045,19930707,TMIN,90,,,a,
ASN00092045,19930708,TMIN,45,,,a,
ASN00092045,19930709,TMIN,72,,,a,
ASN00092045,19930710,TMIN,82,,,a,
ASN00092045,19930711,TMIN,98,,,a,
ASN00092045,19930712,TMIN,80,,,a,
ASN00092045,19930713,TMIN,104,,,a,
ASN00092045,19930714,TMIN,103,,,a,
ASN00092045,19930715,TMIN,94,,,a,
ASN00092045,19930716,TMIN,88,,,a,
ASN00092045,19930717,TMIN,60,,,a,
ASN00092045,19930718,TMIN,80,,,a,
ASN00092045,19930719,TMIN,54,,,a,
ASN00092045,19930720,TMIN,80,,,a,
ASN00092045,19930721,TMIN,50,,,a,
ASN00092045,19930722,TMIN,69,,,a,
ASN00092045,19930723,TMIN,102,,,a,
ASN00092045,19930724,TMIN,95,,,a,
ASN00092045,19930725,TMIN,109,,,a,
ASN00092045,19930726,TMIN,78,,,a,
ASN00092045,19930727,TMIN,55,,,a,
ASN00092045,19930728,TMIN,75,,,a,
ASN00092045,19930729,TMIN,81,,,a,
ASN00092045,19930730,TMIN,92,,,a,
ASN00092045,19930731,TMIN,87,,,a,
ASN00092045,19930701,PRCP,2,,,a,
ASN00092045,19930702,PRCP,20,,,a,
ASN00092045,19930703,PRCP,0,,,a,
ASN00092045,19930704,PRCP,56,,,a,
ASN00092045,19930705,PRCP,0,,,a,
ASN00092045,19930706,PRCP,26,,,a,
ASN00092045,19930707,PRCP,12,,,a,
ASN00092045,19930708,PRCP,122,,,a,
ASN00092045,19930709,PRCP,178,,,a,
ASN00092045,19930710,PRCP,16,,,a,
ASN00092045,19930711,PRCP,0,,,a,
ASN00092045,19930712,PRCP,0,,,a,
ASN00092045,19930713,PRCP,0,,,a,
ASN00092045,19930714,PRCP,2,,,a,
ASN00092045,19930715,PRCP,354,,,a,
ASN00092045,19930716,PRCP,14,,,a,
ASN00092045,19930717,PRCP,0,,,a,
ASN00092045,19930718,PRCP,0,,,a,
ASN00092045,19930719,PRCP,0,,,a,
ASN00092045,19930720,PRCP,0,,,a,
ASN00092045,19930721,PRCP,62,,,a,
ASN00092045,19930722,PRCP,64,,,a,
ASN00092045,19930723,PRCP,4,,,a,
ASN00092045,19930724,PRCP,0,,,a,
ASN00092045,19930725,PRCP,0,,,a,
ASN00092045,19930726,PRCP,32,,,a,
ASN00092045,19930727,PRCP,0,,,a,
ASN00092045,19930728,PRCP,0,,,a,
ASN00092045,19930729,PRCP,8,,,a,
ASN00092045,19930730,PRCP,6,,,a,
ASN00092045,19930731,PRCP,66,,,a,
ASN00092045,19930701,TAVG,104,H,,S,
ASN00092045,19930702,TAVG,133,H,,S,
ASN00092045,19930703,TAVG,111,H,,S,
ASN00092045,19930704,TAVG,82,H,,S,
ASN00092045,19930705,TAVG,98,H,,S,
ASN00092045,19930706,TAVG,106,H,,S,
ASN00092045,19930707,TAVG,121,H,,S,
ASN00092045,19930708,TAVG,111,H,,S,
ASN00092045,19930709,TAVG,95,H,,S,
ASN00092045,19930710,TAVG,123,H,,S,
ASN00092045,19930711,TAVG,110,H,,S,
ASN00092045,19930712,TAVG,121,H,,S,
ASN00092045,19930713,TAVG,121,H,,S,
ASN00092045,19930714,TAVG,113,H,,S,
ASN00092045,19930715,TAVG,109,H,,S,
ASN00092045,19930716,TAVG,113,H,,S,
ASN00092045,19930717,TAVG,109,H,,S,
ASN00092045,19930718,TAVG,108,H,,S,
ASN00092045,19930719,TAVG,102,H,,S,
ASN00092045,19930720,TAVG,88,H,,S,
ASN00092045,19930721,TAVG,93,H,,S,
ASN00092045,19930722,TAVG,114,H,,S,
ASN00092045,19930723,TAVG,111,H,,S,
ASN00092045,19930724,TAVG,124,H,,S,
ASN00092045,19930725,TAVG,104,H,,S,
ASN00092045,19930726,TAVG,89,H,,S,
ASN00092045,19930727,TAVG,119,H,,S,
ASN00092045,19930728,TAVG,106,H,,S,
ASN00092045,19930730,TAVG,121,H,,S,
ASN00092045,19930731,TAVG,92,H,,S,
ASN00092045,19930801,TMAX,138,,,a,
ASN00092045,19930802,TMAX,145,,,a,
ASN00092045,19930803,TMAX,140,,,a,
ASN00092045,19930804,TMAX,122,,,a,
ASN00092045,19930805,TMAX,123,,,a,
ASN00092045,19930806,TMAX,147,,,a,
ASN00092045,19930807,TMAX,133,,,a,
ASN00092045,19930808,TMAX,140,,,a,
ASN00092045,19930809,TMAX,140,,,a,
ASN00092045,19930810,TMAX,130,,,a,
ASN00092045,19930811,TMAX,151,,,a,
ASN00092045,19930812,TMAX,156,,,a,
ASN00092045,19930813,TMAX,150,,,a,
ASN00092045,19930814,TMAX,140,,,a,
ASN00092045,19930815,TMAX,150,,,a,
ASN00092045,19930816,TMAX,123,,,a,
ASN00092045,19930817,TMAX,158,,,a,
ASN00092045,19930818,TMAX,158,,,a,
ASN00092045,19930819,TMAX,162,,,a,
ASN00092045,19930820,TMAX,154,,,a,
ASN00092045,19930821,TMAX,140,,,a,
ASN00092045,19930822,TMAX,140,,,a,
ASN00092045,19930823,TMAX,156,,,a,
ASN00092045,19930824,TMAX,156,,,a,
ASN00092045,19930825,TMAX,190,,,a,
ASN00092045,19930826,TMAX,157,,,a,
ASN00092045,19930827,TMAX,125,,,a,
ASN00092045,19930828,TMAX,150,,,a,
ASN00092045,19930829,TMAX,141,,,a,
ASN00092045,19930830,TMAX,145,,,a,
ASN00092045,19930831,TMAX,135,,,a,
ASN00092045,19930801,TMIN,60,,,a,
ASN00092045,19930802,TMIN,78,,,a,
ASN00092045,19930803,TMIN,65,,,a,
ASN00092045,19930804,TMIN,27,,,a,
ASN00092045,19930805,TMIN,52,,,a,
ASN00092045,19930806,TMIN,70,,,a,
ASN00092045,19930807,TMIN,82,,,a,
ASN00092045,19930808,TMIN,78,,,a,
ASN00092045,19930809,TMIN,77,,,a,
ASN00092045,19930811,TMIN,65,,,a,
ASN00092045,19930812,TMIN,117,,,a,
ASN00092045,19930813,TMIN,107,,,a,
ASN00092045,19930814,TMIN,55,,,a,
ASN00092045,19930815,TMIN,84,,,a,
ASN00092045,19930816,TMIN,77,,,a,
ASN00092045,19930819,TMIN,95,,,a,
ASN00092045,19930820,TMIN,107,,,a,
ASN00092045,19930821,TMIN,50,,,a,
ASN00092045,19930823,TMIN,62,,,a,
ASN00092045,19930824,TMIN,90,,,a,
ASN00092045,19930825,TMIN,100,,,a,
ASN00092045,19930826,TMIN,94,,,a,
ASN00092045,19930827,TMIN,100,,,a,
ASN00092045,19930828,TMIN,88,,,a,
ASN00092045,19930829,TMIN,95,,,a,
ASN00092045,19930830,TMIN,89,,,a,
ASN00092045,19930831,TMIN,124,,,a,
ASN00092045,19930801,PRCP,0,,,a,
ASN00092045,19930802,PRCP,0,,,a,
ASN00092045,19930803,PRCP,0,,,a,
ASN00092045,19930804,PRCP,0,,,a,
ASN00092045,19930805,PRCP,0,,,a,
ASN00092045,19930806,PRCP,46,,,a,
ASN00092045,19930807,PRCP,4,,,a,
ASN00092045,19930808,PRCP,36,,,a,
ASN00092045,19930809,PRCP,38,,,a,
ASN00092045,19930810,PRCP,102,,,a,
ASN00092045,19930811,PRCP,6,,,a,
ASN00092045,19930812,PRCP,18,,,a,
ASN00092045,19930813,PRCP,0,,,a,
ASN00092045,19930814,PRCP,86,,,a,
ASN00092045,19930815,PRCP,70,,,a,
ASN00092045,19930816,PRCP,36,,,a,
ASN00092045,19930817,PRCP,14,,,a,
ASN00092045,19930818,PRCP,2,,,a,
ASN00092045,19930819,PRCP,0,,,a,
ASN00092045,19930820,PRCP,0,,,a,
ASN00092045,19930821,PRCP,38,,,a,
ASN00092045,19930822,PRCP,0,,,a,
ASN00092045,19930823,PRCP,16,,,a,
ASN00092045,19930824,PRCP,0,,,a,
ASN00092045,19930825,PRCP,0,,,a,
ASN00092045,19930826,PRCP,0,,,a,
ASN00092045,19930827,PRCP,12,,,a,
ASN00092045,19930828,PRCP,0,,,a,
ASN00092045,19930829,PRCP,0,,,a,
ASN00092045,19930830,PRCP,0,,,a,
ASN00092045,19930831,PRCP,2,,,a,
ASN00092045,19930801,TAVG,109,H,,S,
ASN00092045,19930802,TAVG,110,H,,S,
ASN00092045,19930803,TAVG,33,H,,S,
ASN00092045,19930804,TAVG,85,H,,S,
ASN00092045,19930805,TAVG,96,H,,S,
ASN00092045,19930806,TAVG,109,H,,S,
ASN00092045,19930807,TAVG,115,H,,S,
ASN00092045,19930808,TAVG,100,H,,S,
ASN00092045,19930809,TAVG,116,H,,S,
ASN00092045,19930810,TAVG,106,H,,S,
ASN00092045,19930811,TAVG,129,H,,S,
ASN00092045,19930812,TAVG,127,H,,S,
ASN00092045,19930813,TAVG,106,H,,S,
ASN00092045,19930814,TAVG,93,H,,S,
ASN00092045,19930815,TAVG,121,H,,S,
ASN00092045,19930816,TAVG,88,H,,S,
ASN00092045,19930817,TAVG,121,H,,S,
ASN00092045,19930818,TAVG,114,H,,S,
ASN00092045,19930819,TAVG,122,H,,S,
ASN00092045,19930820,TAVG,109,H,,S,
ASN00092045,19930821,TAVG,103,H,,S,
ASN00092045,19930822,TAVG,96,H,,S,
ASN00092045,19930823,TAVG,117,H,,S,
ASN00092045,19930824,TAVG,121,H,,S,
ASN00092045,19930825,TAVG,134,H,,S,
ASN00092045,19930826,TAVG,108,H,,S,
ASN00092045,19930827,TAVG,101,H,,S,
ASN00092045,19930828,TAVG,121,H,,S,
ASN00092045,19930829,TAVG,121,H,,S,
ASN00092045,19930830,TAVG,129,H,,S,
ASN00092045,19930831,TAVG,122,H,,S,
ASN00092045,19930901,TMAX,143,,,a,
ASN00092045,19930902,TMAX,152,,,a,
ASN00092045,19930903,TMAX,120,,,a,
ASN00092045,19930904,TMAX,130,,,a,
ASN00092045,19930905,TMAX,167,,,a,
ASN00092045,19930906,TMAX,162,,,a,
ASN00092045,19930907,TMAX,150,,,a,
ASN00092045,19930908,TMAX,135,,,a,
ASN00092045,19930909,TMAX,143,,,a,
ASN00092045,19930910,TMAX,150,,,a,
ASN00092045,19930911,TMAX,180,,,a,
ASN00092045,19930912,TMAX,125,,,a,
ASN00092045,19930913,TMAX,135,,,a,
ASN00092045,19930914,TMAX,130,,,a,
ASN00092045,19930915,TMAX,130,,,a,
ASN00092045,19930916,TMAX,116,,,a,
ASN00092045,19930917,TMAX,132,,,a,
ASN00092045,19930918,TMAX,142,,,a,
ASN00092045,19930919,TMAX,140,,,a,
ASN00092045,19930920,TMAX,155,,,a,
ASN00092045,19930921,TMAX,150,,,a,
ASN00092045,19930922,TMAX,150,,,a,
ASN00092045,19930923,TMAX,150,,,a,
ASN00092045,19930924,TMAX,160,,,a,
ASN00092045,19930925,TMAX,148,,,a,
ASN00092045,19930926,TMAX,150,,,a,
ASN00092045,19930927,TMAX,125,,,a,
ASN00092045,19930928,TMAX,155,,,a,
ASN00092045,19930929,TMAX,222,,,a,
ASN00092045,19930930,TMAX,215,,,a,
ASN00092045,19930901,TMIN,110,,,a,
ASN00092045,19930902,TMIN,116,,,a,
ASN00092045,19930903,TMIN,25,,,a,
ASN00092045,19930904,TMIN,34,,,a,
ASN00092045,19930905,TMIN,70,,,a,
ASN00092045,19930906,TMIN,80,,,a,
ASN00092045,19930907,TMIN,96,,,a,
ASN00092045,19930908,TMIN,120,,,a,
ASN00092045,19930909,TMIN,100,,,a,
ASN00092045,19930910,TMIN,55,,,a,
ASN00092045,19930911,TMIN,70,,,a,
ASN00092045,19930912,TMIN,65,,,a,
ASN00092045,19930913,TMIN,40,,,a,
ASN00092045,19930914,TMIN,50,,,a,
ASN00092045,19930915,TMIN,96,,,a,
ASN00092045,19930916,TMIN,95,,,a,
ASN00092045,19930917,TMIN,78,,,a,
ASN00092045,19930918,TMIN,68,,,a,
ASN00092045,19930919,TMIN,100,,,a,
ASN00092045,19930920,TMIN,105,,,a,
ASN00092045,19930921,TMIN,55,,,a,
ASN00092045,19930922,TMIN,65,,,a,
ASN00092045,19930923,TMIN,50,,,a,
ASN00092045,19930924,TMIN,85,,,a,
ASN00092045,19930925,TMIN,70,,,a,
ASN00092045,19930926,TMIN,63,,,a,
ASN00092045,19930927,TMIN,75,,,a,
ASN00092045,19930928,TMIN,75,,,a,
ASN00092045,19930929,TMIN,115,,,a,
ASN00092045,19930930,TMIN,125,,,a,
ASN00092045,19930901,PRCP,20,,,a,
ASN00092045,19930902,PRCP,174,,,a,
ASN00092045,19930903,PRCP,42,,,a,
ASN00092045,19930904,PRCP,0,,,a,
ASN00092045,19930905,PRCP,0,,,a,
ASN00092045,19930906,PRCP,0,,,a,
ASN00092045,19930907,PRCP,0,,,a,
ASN00092045,19930908,PRCP,36,,,a,
ASN00092045,19930909,PRCP,10,,,a,
ASN00092045,19930910,PRCP,0,,,a,
ASN00092045,19930911,PRCP,0,,,a,
ASN00092045,19930912,PRCP,80,,,a,
ASN00092045,19930913,PRCP,0,,,a,
ASN00092045,19930914,PRCP,0,,,a,
ASN00092045,19930915,PRCP,8,,,a,
ASN00092045,19930916,PRCP,10,,,a,
ASN00092045,19930917,PRCP,112,,,a,
ASN00092045,19930918,PRCP,4,,,a,
ASN00092045,19930919,PRCP,0,,,a,
ASN00092045,19930920,PRCP,242,,,a,
ASN00092045,19930921,PRCP,0,,,a,
ASN00092045,19930922,PRCP,0,,,a,
ASN00092045,19930923,PRCP,0,,,a,
ASN00092045,19930924,PRCP,0,,,a,
ASN00092045,19930925,PRCP,0,,,a,
ASN00092045,19930926,PRCP,0,,,a,
ASN00092045,19930927,PRCP,0,,,a,
ASN00092045,19930928,PRCP,0,,,a,
ASN00092045,19930929,PRCP,0,,,a,
ASN00092045,19930930,PRCP,36,,,a,
ASN00092045,19930901,TAVG,126,H,,S,
ASN00092045,19930902,TAVG,87,H,,S,
ASN00092045,19930903,TAVG,92,H,,S,
ASN00092045,19930904,TAVG,107,H,,S,
ASN00092045,19930905,TAVG,115,H,,S,
ASN00092045,19930906,TAVG,119,H,,S,
ASN00092045,19930907,TAVG,128,H,,S,
ASN00092045,19930908,TAVG,117,H,,S,
ASN00092045,19930909,TAVG,105,H,,S,
ASN00092045,19930910,TAVG,106,H,,S,
ASN00092045,19930911,TAVG,102,H,,S,
ASN00092045,19930912,TAVG,85,H,,S,
ASN00092045,19930913,TAVG,88,H,,S,
ASN00092045,19930914,TAVG,114,H,,S,
ASN00092045,19930915,TAVG,109,H,,S,
ASN00092045,19930916,TAVG,95,H,,S,
ASN00092045,19930917,TAVG,108,H,,S,
ASN00092045,19930919,TAVG,116,H,,S,
ASN00092045,19930920,TAVG,94,H,,S,
ASN00092045,19930921,TAVG,99,H,,S,
ASN00092045,19930922,TAVG,108,H,,S,
ASN00092045,19930923,TAVG,117,H,,S,
ASN00092045,19930924,TAVG,113,H,,S,
ASN00092045,19930925,TAVG,107,H,,S,
ASN00092045,19930926,TAVG,109,H,,S,
ASN00092045,19930927,TAVG,104,H,,S,
ASN00092045,19930928,TAVG,136,H,,S,
ASN00092045,19930929,TAVG,151,H,,S,
ASN00092045,19930930,TAVG,161,H,,S,
ASN00092045,19931001,TMAX,156,,,a,
ASN00092045,19931002,TMAX,145,,,a,
ASN00092045,19931003,TMAX,136,,,a,
ASN00092045,19931004,TMAX,145,,,a,
ASN00092045,19931005,TMAX,160,,,a,
ASN00092045,19931006,TMAX,170,,,a,
ASN00092045,19931007,TMAX,180,,,a,
ASN00092045,19931008,TMAX,195,,,a,
ASN00092045,19931009,TMAX,155,,,a,
ASN00092045,19931010,TMAX,135,,,a,
ASN00092045,19931011,TMAX,145,,,a,
ASN00092045,19931012,TMAX,170,,,a,
ASN00092045,19931013,TMAX,170,,,a,
ASN00092045,19931014,TMAX,175,,,a,
ASN00092045,19931015,TMAX,160,,,a,
ASN00092045,19931016,TMAX,150,,,a,
ASN00092045,19931017,TMAX,170,,,a,
ASN00092045,19931018,TMAX,150,,,a,
ASN00092045,19931019,TMAX,170,,,a,
ASN00092045,19931020,TMAX,155,,,a,
ASN00092045,19931021,TMAX,167,,,a,
ASN00092045,19931022,TMAX,170,,,a,
ASN00092045,19931023,TMAX,172,,,a,
ASN00092045,19931024,TMAX,163,,,a,
ASN00092045,19931025,TMAX,167,,,a,
ASN00092045,19931026,TMAX,164,,,a,
ASN00092045,19931027,TMAX,157,,,a,
ASN00092045,19931028,TMAX,166,,,a,
ASN00092045,19931029,TMAX,162,,,a,
ASN00092045,19931030,TMAX,148,,,a,
ASN00092045,19931031,TMAX,157,,,a,
ASN00092045,19931001,TMIN,130,,,a,
ASN00092045,19931002,TMIN,100,,,a,
ASN00092045,19931003,TMIN,85,,,a,
ASN00092045,19931004,TMIN,110,,,a,
ASN00092045,19931005,TMIN,100,,,a,
ASN00092045,19931007,TMIN,20,,S,a,
ASN00092045,19931008,TMIN,110,,,a,
ASN00092045,19931009,TMIN,115,,,a,
ASN00092045,19931010,TMIN,46,,,a,
ASN00092045,19931011,TMIN,30,,,a,
ASN00092045,19931012,TMIN,55,,,a,
ASN00092045,19931013,TMIN,76,,,a,
ASN00092045,19931014,TMIN,70,,,a,
ASN00092045,19931015,TMIN,90,,,a,
ASN00092045,19931016,TMIN,80,,,a,
ASN00092045,19931017,TMIN,82,,,a,
ASN00092045,19931018,TMIN,108,,,a,
ASN00092045,19931019,TMIN,100,,,a,
ASN00092045,19931020,TMIN,80,,,a,
ASN00092045,19931021,TMIN,40,,,a,
ASN00092045,19931022,TMIN,50,,,a,
ASN00092045,19931023,TMIN,72,,,a,
ASN00092045,19931024,TMIN,100,,,a,
ASN00092045,19931025,TMIN,106,,,a,
ASN00092045,19931026,TMIN,95,,,a,
ASN00092045,19931027,TMIN,120,,,a,
ASN00092045,19931028,TMIN,120,,,a,
ASN00092045,19931029,TMIN,92,,,a,
ASN00092045,19931030,TMIN,57,,,a,
ASN00092045,19931031,TMIN,88,,,a,
ASN00092045,19931001,PRCP,8,,,a,
ASN00092045,19931002,PRCP,108,,,a,
ASN00092045,19931003,PRCP,0,,,a,
ASN00092045,19931004,PRCP,12,,,a,
ASN00092045,19931005,PRCP,0,,,a,
ASN00092045,19931006,PRCP,0,,,a,
ASN00092045,19931007,PRCP,0,,,a,
ASN00092045,19931008,PRCP,0,,,a,
ASN00092045,19931009,PRCP,202,,,a,
ASN00092045,19931010,PRCP,18,,,a,
ASN00092045,19931011,PRCP,4,,,a,
ASN00092045,19931012,PRCP,0,,,a,
ASN00092045,19931013,PRCP,0,,,a,
ASN00092045,19931014,PRCP,0,,,a,
ASN00092045,19931015,PRCP,0,,,a,
ASN00092045,19931016,PRCP,0,,,a,
ASN00092045,19931017,PRCP,0,,,a,
ASN00092045,19931018,PRCP,0,,,a,
ASN00092045,19931019,PRCP,20,,,a,
ASN00092045,19931020,PRCP,0,,,a,
ASN00092045,19931021,PRCP,0,,,a,
ASN00092045,19931022,PRCP,0,,,a,
ASN00092045,19931023,PRCP,0,,,a,
ASN00092045,19931024,PRCP,0,,,a,
ASN00092045,19931025,PRCP,84,,,a,
ASN00092045,19931026,PRCP,72,,,a,
ASN00092045,19931027,PRCP,0,,,a,
ASN00092045,19931028,PRCP,0,,,a,
ASN00092045,19931029,PRCP,30,,,a,
ASN00092045,19931030,PRCP,4,,,a,
ASN00092045,19931031,PRCP,0,,,a,
ASN00092045,19931001,TAVG,127,H,,S,
ASN00092045,19931002,TAVG,116,H,,S,
ASN00092045,19931003,TAVG,121,H,,S,
ASN00092045,19931004,TAVG,125,H,,S,
ASN00092045,19931005,TAVG,131,H,,S,
ASN00092045,19931007,TAVG,152,H,,S,
ASN00092045,19931008,TAVG,147,H,,S,
ASN00092045,19931009,TAVG,97,H,,S,
ASN00092045,19931010,TAVG,89,H,,S,
ASN00092045,19931011,TAVG,97,H,,S,
ASN00092045,19931012,TAVG,125,H,,S,
ASN00092045,19931013,TAVG,127,H,,S,
ASN00092045,19931014,TAVG,133,H,,S,
ASN00092045,19931015,TAVG,123,H,,S,
ASN00092045,19931016,TAVG,126,H,,S,
ASN00092045,19931017,TAVG,134,H,,S,
ASN00092045,19931018,TAVG,127,H,,S,
ASN00092045,19931019,TAVG,117,H,,S,
ASN00092045,19931020,TAVG,103,H,,S,
ASN00092045,19931022,TAVG,119,H,,S,
ASN00092045,19931023,TAVG,124,H,,S,
ASN00092045,19931024,TAVG,134,H,,S,
ASN00092045,19931025,TAVG,123,H,,S,
ASN00092045,19931026,TAVG,137,H,,S,
ASN00092045,19931027,TAVG,133,H,,S,
ASN00092045,19931029,TAVG,116,H,,S,
ASN00092045,19931030,TAVG,122,H,,S,
ASN00092045,19931031,TAVG,137,H,,S,
ASN00092045,19931101,TMAX,155,,,a,
ASN00092045,19931102,TMAX,195,,,a,
ASN00092045,19931103,TMAX,166,,,a,
ASN00092045,19931104,TMAX,155,,,a,
ASN00092045,19931105,TMAX,163,,,a,
ASN00092045,19931106,TMAX,166,,,a,
ASN00092045,19931107,TMAX,160,,,a,
ASN00092045,19931108,TMAX,165,,,a,
ASN00092045,19931109,TMAX,145,,,a,
ASN00092045,19931110,TMAX,150,,,a,
ASN00092045,19931111,TMAX,165,,,a,
ASN00092045,19931112,TMAX,170,,,a,
ASN00092045,19931113,TMAX,217,,,a,
ASN00092045,19931114,TMAX,214,,,a,
ASN00092045,19931115,TMAX,185,,,a,
ASN00092045,19931116,TMAX,182,,,a,
ASN00092045,19931117,TMAX,158,,,a,
ASN00092045,19931118,TMAX,242,,,a,
ASN00092045,19931119,TMAX,159,,,a,
ASN00092045,19931120,TMAX,175,,,a,
ASN00092045,19931121,TMAX,175,,,a,
ASN00092045,19931122,TMAX,160,,,a,
ASN00092045,19931123,TMAX,169,,,a,
ASN00092045,19931124,TMAX,190,,,a,
ASN00092045,19931125,TMAX,164,,,a,
ASN00092045,19931126,TMAX,198,,,a,
ASN00092045,19931127,TMAX,206,,,a,
ASN00092045,19931128,TMAX,200,,,a,
ASN00092045,19931129,TMAX,190,,,a,
ASN00092045,19931130,TMAX,175,,,a,
ASN00092045,19931101,TMIN,126,,,a,
ASN00092045,19931102,TMIN,130,,,a,
ASN00092045,19931103,TMIN,72,,,a,
ASN00092045,19931104,TMIN,78,,,a,
ASN00092045,19931105,TMIN,40,,,a,
ASN00092045,19931106,TMIN,90,,,a,
ASN00092045,19931107,TMIN,60,,,a,
ASN00092045,19931108,TMIN,63,,,a,
ASN00092045,19931109,TMIN,20,,,a,
ASN00092045,19931110,TMIN,82,,,a,
ASN00092045,19931111,TMIN,75,,,a,
ASN00092045,19931112,TMIN,130,,,a,
ASN00092045,19931113,TMIN,130,,,a,
ASN00092045,19931114,TMIN,115,,,a,
ASN00092045,19931115,TMIN,132,,,a,
ASN00092045,19931116,TMIN,99,,,a,
ASN00092045,19931117,TMIN,132,,,a,
ASN00092045,19931118,TMIN,145,,,a,
ASN00092045,19931119,TMIN,130,,,a,
ASN00092045,19931120,TMIN,118,,,a,
ASN00092045,19931121,TMIN,120,,,a,
ASN00092045,19931122,TMIN,100,,,a,
ASN00092045,19931123,TMIN,65,,,a,
ASN00092045,19931124,TMIN,95,,,a,
ASN00092045,19931125,TMIN,99,,,a,
ASN00092045,19931126,TMIN,107,,,a,
ASN00092045,19931127,TMIN,142,,,a,
ASN00092045,19931128,TMIN,90,,,a,
ASN00092045,19931129,TMIN,95,,,a,
ASN00092045,19931130,TMIN,73,,,a,
ASN00092045,19931101,PRCP,0,,,a,
ASN00092045,19931102,PRCP,38,,,a,
ASN00092045,19931103,PRCP,32,,,a,
ASN00092045,19931104,PRCP,32,,,a,
ASN00092045,19931105,PRCP,150,,,a,
ASN00092045,19931106,PRCP,0,,,a,
ASN00092045,19931107,PRCP,0,,,a,
ASN00092045,19931108,PRCP,0,,,a,
ASN00092045,19931109,PRCP,0,,,a,
ASN00092045,19931110,PRCP,0,,,a,
ASN00092045,19931111,PRCP,0,,,a,
ASN00092045,19931112,PRCP,0,,,a,
ASN00092045,19931113,PRCP,0,,,a,
ASN00092045,19931114,PRCP,8,,,a,
ASN00092045,19931115,PRCP,0,,,a,
ASN00092045,19931116,PRCP,0,,,a,
ASN00092045,19931117,PRCP,0,,,a,
ASN00092045,19931118,PRCP,92,,,a,
ASN00092045,19931119,PRCP,0,,,a,
ASN00092045,19931120,PRCP,16,,,a,
ASN00092045,19931121,PRCP,0,,,a,
ASN00092045,19931122,PRCP,20,,,a,
ASN00092045,19931123,PRCP,6,,,a,
ASN00092045,19931124,PRCP,0,,,a,
ASN00092045,19931125,PRCP,0,,,a,
ASN00092045,19931126,PRCP,0,,,a,
ASN00092045,19931127,PRCP,0,,,a,
ASN00092045,19931128,PRCP,0,,,a,
ASN00092045,19931129,PRCP,0,,,a,
ASN00092045,19931130,PRCP,0,,,a,
ASN00092045,19931101,TAVG,138,H,,S,
ASN00092045,19931102,TAVG,124,H,,S,
ASN00092045,19931103,TAVG,108,H,,S,
ASN00092045,19931104,TAVG,83,H,,S,
ASN00092045,19931105,TAVG,128,H,,S,
ASN00092045,19931106,TAVG,116,H,,S,
ASN00092045,19931107,TAVG,104,H,,S,
ASN00092045,19931108,TAVG,103,H,,S,
ASN00092045,19931109,TAVG,114,H,,S,
ASN00092045,19931110,TAVG,113,H,,S,
ASN00092045,19931111,TAVG,141,H,,S,
ASN00092045,19931112,TAVG,143,H,,S,
ASN00092045,19931113,TAVG,149,H,,S,
ASN00092045,19931114,TAVG,152,H,,S,
ASN00092045,19931115,TAVG,142,H,,S,
ASN00092045,19931116,TAVG,148,H,,S,
ASN00092045,19931117,TAVG,150,H,,S,
ASN00092045,19931118,TAVG,161,H,,S,
ASN00092045,19931119,TAVG,132,H,,S,
ASN00092045,19931120,TAVG,142,H,,S,
ASN00092045,19931121,TAVG,133,H,,S,
ASN00092045,19931122,TAVG,107,H,,S,
ASN00092045,19931123,TAVG,129,H,,S,
ASN00092045,19931124,TAVG,142,H,,S,
ASN00092045,19931125,TAVG,137,H,,S,
ASN00092045,19931126,TAVG,169,H,,S,
ASN00092045,19931127,TAVG,135,H,,S,
ASN00092045,19931128,TAVG,149,H,,S,
ASN00092045,19931129,TAVG,139,H,,S,
ASN00092045,19931130,TAVG,151,H,,S,
ASN00092045,19931201,TMAX,280,,,a,
ASN00092045,19931202,TMAX,195,,,a,
ASN00092045,19931203,TMAX,181,,,a,
ASN00092045,19931204,TMAX,193,,,a,
ASN00092045,19931205,TMAX,192,,,a,
ASN00092045,19931206,TMAX,191,,,a,
ASN00092045,19931207,TMAX,180,,,a,
ASN00092045,19931208,TMAX,179,,,a,
ASN00092045,19931209,TMAX,190,,,a,
ASN00092045,19931210,TMAX,200,,,a,
ASN00092045,19931211,TMAX,297,,,a,
ASN00092045,19931212,TMAX,208,,,a,
ASN00092045,19931213,TMAX,176,,,a,
ASN00092045,19931214,TMAX,172,,,a,
ASN00092045,19931215,TMAX,194,,,a,
ASN00092045,19931216,TMAX,190,,,a,
ASN00092045,19931217,TMAX,210,,,a,
ASN00092045,19931218,TMAX,185,,,a,
ASN00092045,19931219,TMAX,216,,,a,
ASN00092045,19931220,TMAX,188,,,a,
ASN00092045,19931221,TMAX,172,,,a,
ASN00092045,19931222,TMAX,173,,,a,
ASN00092045,19931223,TMAX,172,,,a,
ASN00092045,19931224,TMAX,172,,,a,
ASN00092045,19931225,TMAX,182,,,a,
ASN00092045,19931226,TMAX,176,,,a,
ASN00092045,19931227,TMAX,180,,,a,
ASN00092045,19931228,TMAX,150,,,a,
ASN00092045,19931229,TMAX,198,,,a,
ASN00092045,19931230,TMAX,175,,,a,
ASN00092045,19931231,TMAX,210,,,a,
ASN00092045,19931201,TMIN,120,,,a,
ASN00092045,19931202,TMIN,90,,,a,
ASN00092045,19931203,TMIN,137,,,a,
ASN00092045,19931204,TMIN,105,,,a,
ASN00092045,19931205,TMIN,56,,,a,
ASN00092045,19931206,TMIN,107,,,a,
ASN00092045,19931207,TMIN,122,,,a,
ASN00092045,19931208,TMIN,129,,,a,
ASN00092045,19931209,TMIN,118,,,a,
ASN00092045,19931210,TMIN,136,,,a,
ASN00092045,19931211,TMIN,136,,,a,
ASN00092045,19931212,TMIN,120,,,a,
ASN00092045,19931213,TMIN,120,,,a,
ASN00092045,19931214,TMIN,137,,,a,
ASN00092045,19931215,TMIN,119,,,a,
ASN00092045,19931216,TMIN,87,,,a,
ASN00092045,19931217,TMIN,85,,,a,
ASN00092045,19931218,TMIN,130,,,a,
ASN00092045,19931219,TMIN,118,,,a,
ASN00092045,19931220,TMIN,140,,,a,
ASN00092045,19931221,TMIN,140,,,a,
ASN00092045,19931222,TMIN,91,,,a,
ASN00092045,19931223,TMIN,62,,,a,
ASN00092045,19931224,TMIN,132,,,a,
ASN00092045,19931225,TMIN,132,,,a,
ASN00092045,19931226,TMIN,129,,,a,
ASN00092045,19931227,TMIN,100,,,a,
ASN00092045,19931228,TMIN,103,,,a,
ASN00092045,19931229,TMIN,115,,,a,
ASN00092045,19931230,TMIN,140,,,a,
ASN00092045,19931231,TMIN,125,,,a,
ASN00092045,19931201,PRCP,0,,,a,
ASN00092045,19931202,PRCP,0,,,a,
ASN00092045,19931203,PRCP,0,,,a,
ASN00092045,19931204,PRCP,6,,,a,
ASN00092045,19931205,PRCP,0,,,a,
ASN00092045,19931206,PRCP,0,,,a,
ASN00092045,19931207,PRCP,42,,,a,
ASN00092045,19931208,PRCP,0,,,a,
ASN00092045,19931209,PRCP,0,,,a,
ASN00092045,19931210,PRCP,0,,,a,
ASN00092045,19931211,PRCP,0,,,a,
ASN00092045,19931212,PRCP,48,,,a,
ASN00092045,19931213,PRCP,0,,,a,
ASN00092045,19931214,PRCP,0,,,a,
ASN00092045,19931215,PRCP,108,,,a,
ASN00092045,19931216,PRCP,30,,,a,
ASN00092045,19931217,PRCP,0,,,a,
ASN00092045,19931218,PRCP,0,,,a,
ASN00092045,19931219,PRCP,0,,,a,
ASN00092045,19931220,PRCP,0,,,a,
ASN00092045,19931221,PRCP,0,,,a,
ASN00092045,19931222,PRCP,0,,,a,
ASN00092045,19931223,PRCP,226,,,a,
ASN00092045,19931224,PRCP,112,,,a,
ASN00092045,19931225,PRCP,10,,,a,
ASN00092045,19931226,PRCP,12,,,a,
ASN00092045,19931227,PRCP,392,,,a,
ASN00092045,19931228,PRCP,264,,,a,
ASN00092045,19931229,PRCP,73,,,a,
ASN00092045,19931230,PRCP,0,,,a,
ASN00092045,19931231,PRCP,4,,,a,
ASN00092045,19931201,TAVG,183,H,,S,
ASN00092045,19931202,TAVG,151,H,,S,
ASN00092045,19931203,TAVG,146,H,,S,
ASN00092045,19931204,TAVG,122,H,,S,
ASN00092045,19931205,TAVG,132,H,,S,
ASN00092045,19931206,TAVG,152,H,,S,
ASN00092045,19931207,TAVG,146,H,,S,
ASN00092045,19931208,TAVG,152,H,,S,
ASN00092045,19931210,TAVG,160,H,,S,
ASN00092045,19931211,TAVG,177,H,,S,
ASN00092045,19931212,TAVG,149,H,,S,
ASN00092045,19931213,TAVG,149,H,,S,
ASN00092045,19931214,TAVG,152,H,,S,
ASN00092045,19931215,TAVG,138,H,,S,
ASN00092045,19931217,TAVG,158,H,,S,
ASN00092045,19931218,TAVG,151,H,,S,
ASN00092045,19931219,TAVG,159,H,,S,
ASN00092045,19931220,TAVG,152,H,,S,
ASN00092045,19931221,TAVG,156,H,,S,
ASN00092045,19931222,TAVG,152,H,,S,
ASN00092045,19931223,TAVG,146,H,,S,
ASN00092045,19931225,TAVG,151,H,,S,
ASN00092045,19931226,TAVG,138,H,,S,
ASN00092045,19931227,TAVG,139,H,,S,
ASN00092045,19931228,TAVG,139,H,,S,
ASN00092045,19931229,TAVG,157,H,,S,
ASN00092045,19931230,TAVG,142,H,,S,
ASN00092045,19931231,TAVG,151,H,,S,
ASN00092045,19940101,TMAX,201,,,a,
ASN00092045,19940102,TMAX,218,,,a,
ASN00092045,19940103,TMAX,193,,,a,
ASN00092045,19940104,TMAX,200,,,a,
ASN00092045,19940105,TMAX,186,,,a,
ASN00092045,19940106,TMAX,180,,,a,
ASN00092045,19940107,TMAX,178,,,a,
ASN00092045,19940108,TMAX,148,,,a,
ASN00092045,19940109,TMAX,185,,,a,
ASN00092045,19940110,TMAX,189,,,a,
ASN00092045,19940111,TMAX,223,,,a,
ASN00092045,19940112,TMAX,230,,,a,
ASN00092045,19940113,TMAX,255,,,a,
ASN00092045,19940114,TMAX,190,,,a,
ASN00092045,19940115,TMAX,180,,,a,
ASN00092045,19940116,TMAX,191,,,a,
ASN00092045,19940117,TMAX,188,,,a,
ASN00092045,19940118,TMAX,198,,,a,
ASN00092045,19940119,TMAX,186,,,a,
ASN00092045,19940120,TMAX,190,,,a,
ASN00092045,19940121,TMAX,180,,,a,
ASN00092045,19940122,TMAX,187,,,a,
ASN00092045,19940123,TMAX,237,,,a,
ASN00092045,19940124,TMAX,199,,,a,
ASN00092045,19940125,TMAX,198,,,a,
ASN00092045,19940126,TMAX,210,,,a,
ASN00092045,19940127,TMAX,230,,,a,
ASN00092045,19940128,TMAX,210,,,a,
ASN00092045,19940129,TMAX,222,,,a,
ASN00092045,19940130,TMAX,181,,,a,
ASN00092045,19940131,TMAX,180,,,a,
ASN00092045,19940101,TMIN,100,,,a,
ASN00092045,19940102,TMIN,100,,,a,
ASN00092045,19940103,TMIN,119,,,a,
ASN00092045,19940104,TMIN,98,,,a,
ASN00092045,19940105,TMIN,115,,,a,
ASN00092045,19940106,TMIN,93,,,a,
ASN00092045,19940107,TMIN,60,,,a,
ASN00092045,19940108,TMIN,80,,,a,
ASN00092045,19940109,TMIN,60,,,a,
ASN00092045,19940110,TMIN,90,,,a,
ASN00092045,19940111,TMIN,117,,,a,
ASN00092045,19940112,TMIN,113,,,a,
ASN00092045,19940113,TMIN,150,,,a,
ASN00092045,19940114,TMIN,100,,,a,
ASN00092045,19940115,TMIN,130,,,a,
ASN00092045,19940116,TMIN,135,,,a,
ASN00092045,19940117,TMIN,125,,,a,
ASN00092045,19940118,TMIN,125,,,a,
ASN00092045,19940119,TMIN,54,,,a,
ASN00092045,19940120,TMIN,115,,,a,
ASN00092045,19940121,TMIN,99,,,a,
ASN00092045,19940122,TMIN,130,,,a,
ASN00092045,19940123,TMIN,123,,,a,
ASN00092045,19940124,TMIN,125,,,a,
ASN00092045,19940125,TMIN,145,,,a,
ASN00092045,19940126,TMIN,159,,,a,
ASN00092045,19940127,TMIN,150,,,a,
ASN00092045,19940128,TMIN,127,,,a,
ASN00092045,19940129,TMIN,123,,,a,
ASN00092045,19940130,TMIN,132,,,a,
ASN00092045,19940131,TMIN,130,,,a,
ASN00092045,19940101,PRCP,0,,,a,
ASN00092045,19940102,PRCP,0,,,a,
ASN00092045,19940103,PRCP,0,,,a,
ASN00092045,19940104,PRCP,0,,,a,
ASN00092045,19940105,PRCP,12,,,a,
ASN00092045,19940106,PRCP,70,,,a,
ASN00092045,19940107,PRCP,4,,,a,
ASN00092045,19940108,PRCP,166,,,a,
ASN00092045,19940109,PRCP,46,,,a,
ASN00092045,19940110,PRCP,2,,,a,
ASN00092045,19940111,PRCP,0,,,a,
ASN00092045,19940112,PRCP,0,,,a,
ASN00092045,19940113,PRCP,8,,,a,
ASN00092045,19940114,PRCP,0,,,a,
ASN00092045,19940115,PRCP,0,,,a,
ASN00092045,19940116,PRCP,0,,,a,
ASN00092045,19940117,PRCP,74,,,a,
ASN00092045,19940118,PRCP,0,,,a,
ASN00092045,19940119,PRCP,0,,,a,
ASN00092045,19940120,PRCP,0,,,a,
ASN00092045,19940121,PRCP,0,,,a,
ASN00092045,19940122,PRCP,0,,,a,
ASN00092045,19940123,PRCP,0,,,a,
ASN00092045,19940124,PRCP,0,,,a,
ASN00092045,19940125,PRCP,0,,,a,
ASN00092045,19940126,PRCP,0,,,a,
ASN00092045,19940127,PRCP,0,,,a,
ASN00092045,19940128,PRCP,0,,,a,
ASN00092045,19940129,PRCP,0,,,a,
ASN00092045,19940130,PRCP,10,,,a,
ASN00092045,19940131,PRCP,0,,,a,
ASN00092045,19940101,TAVG,144,H,,S,
ASN00092045,19940102,TAVG,152,H,,S,
ASN00092045,19940103,TAVG,152,H,,S,
ASN00092045,19940104,TAVG,162,H,,S,
ASN00092045,19940105,TAVG,132,H,,S,
ASN00092045,19940106,TAVG,144,H,,S,
ASN00092045,19940107,TAVG,124,H,,S,
ASN00092045,19940108,TAVG,113,H,,S,
ASN00092045,19940109,TAVG,132,H,,S,
ASN00092045,19940110,TAVG,153,H,,S,
ASN00092045,19940111,TAVG,158,H,,S,
ASN00092045,19940112,TAVG,171,H,,S,
ASN00092045,19940113,TAVG,163,H,,S,
ASN00092045,19940114,TAVG,158,H,,S,
ASN00092045,19940115,TAVG,156,H,,S,
ASN00092045,19940116,TAVG,156,H,,S,
ASN00092045,19940117,TAVG,159,H,,S,
ASN00092045,19940118,TAVG,157,H,,S,
ASN00092045,19940119,TAVG,153,H,,S,
ASN00092045,19940120,TAVG,141,H,,S,
ASN00092045,19940121,TAVG,143,H,,S,
ASN00092045,19940123,TAVG,163,H,,S,
ASN00092045,19940124,TAVG,163,H,,S,
ASN00092045,19940126,TAVG,179,H,,S,
ASN00092045,19940127,TAVG,163,H,,S,
ASN00092045,19940128,TAVG,165,H,,S,
ASN00092045,19940129,TAVG,142,H,,S,
ASN00092045,19940130,TAVG,150,H,,S,
ASN00092045,19940131,TAVG,162,H,,S,
ASN00092045,19940201,TMAX,215,,,a,
ASN00092045,19940202,TMAX,172,,,a,
ASN00092045,19940203,TMAX,190,,,a,
ASN00092045,19940204,TMAX,183,,,a,
ASN00092045,19940205,TMAX,185,,,a,
ASN00092045,19940206,TMAX,200,,,a,
ASN00092045,19940207,TMAX,211,,,a,
ASN00092045,19940208,TMAX,198,,,a,
ASN00092045,19940209,TMAX,245,,,a,
ASN00092045,19940210,TMAX,198,,,a,
ASN00092045,19940211,TMAX,209,,,a,
ASN00092045,19940212,TMAX,200,,,a,
ASN00092045,19940213,TMAX,190,,,a,
ASN00092045,19940214,TMAX,212,,,a,
ASN00092045,19940215,TMAX,255,,,a,
ASN00092045,19940216,TMAX,198,,,a,
ASN00092045,19940217,TMAX,220,,,a,
ASN00092045,19940218,TMAX,200,,,a,
ASN00092045,19940219,TMAX,170,,,a,
ASN00092045,19940220,TMAX,165,,,a,
ASN00092045,19940221,TMAX,180,,,a,
ASN00092045,19940222,TMAX,270,,,a,
ASN00092045,19940223,TMAX,210,,,a,
ASN00092045,19940224,TMAX,190,,,a,
ASN00092045,19940227,TMAX,210,,,a,
ASN00092045,19940228,TMAX,175,,,a,
ASN00092045,19940201,TMIN,152,,,a,
ASN00092045,19940202,TMIN,140,,,a,
ASN00092045,19940203,TMIN,133,,,a,
ASN00092045,19940204,TMIN,158,,,a,
ASN00092045,19940205,TMIN,162,,,a,
ASN00092045,19940206,TMIN,166,,,a,
ASN00092045,19940207,TMIN,142,,,a,
ASN00092045,19940208,TMIN,136,,,a,
ASN00092045,19940209,TMIN,168,,,a,
ASN00092045,19940210,TMIN,132,,,a,
ASN00092045,19940211,TMIN,160,,,a,
ASN00092045,19940212,TMIN,156,,,a,
ASN00092045,19940213,TMIN,160,,,a,
ASN00092045,19940214,TMIN,160,,,a,
ASN00092045,19940215,TMIN,183,,,a,
ASN00092045,19940216,TMIN,136,,,a,
ASN00092045,19940217,TMIN,108,,,a,
ASN00092045,19940218,TMIN,85,,,a,
ASN00092045,19940219,TMIN,120,,,a,
ASN00092045,19940220,TMIN,122,,,a,
ASN00092045,19940221,TMIN,133,,,a,
ASN00092045,19940222,TMIN,140,,,a,
ASN00092045,19940223,TMIN,150,,,a,
ASN00092045,19940224,TMIN,137,,,a,
ASN00092045,19940225,TMIN,112,,,a,
ASN00092045,19940228,TMIN,112,,,a,
ASN00092045,19940201,PRCP,44,,,a,
ASN00092045,19940202,PRCP,52,,,a,
ASN00092045,19940203,PRCP,0,,,a,
ASN00092045,19940204,PRCP,0,,,a,
ASN00092045,19940205,PRCP,14,,,a,
ASN00092045,19940206,PRCP,46,,,a,
ASN00092045,19940207,PRCP,0,,,a,
ASN00092045,19940208,PRCP,0,,,a,
ASN00092045,19940209,PRCP,92,,,a,
ASN00092045,19940210,PRCP,0,,,a,
ASN00092045,19940211,PRCP,24,,,a,
ASN00092045,19940212,PRCP,0,,,a,
ASN00092045,19940213,PRCP,0,,,a,
ASN00092045,19940214,PRCP,2,,,a,
ASN00092045,19940215,PRCP,0,,,a,
ASN00092045,19940216,PRCP,0,,,a,
ASN00092045,19940217,PRCP,0,,,a,
ASN00092045,19940218,PRCP,16,,,a,
ASN00092045,19940219,PRCP,0,,,a,
ASN00092045,19940220,PRCP,0,,,a,
ASN00092045,19940221,PRCP,8,,,a,
ASN00092045,19940222,PRCP,0,,,a,
ASN00092045,19940223,PRCP,0,,,a,
ASN00092045,19940224,PRCP,0,,,a,
ASN00092045,19940225,PRCP,22,,,a,
ASN00092045,19940226,PRCP,0,,,a,
ASN00092045,19940227,PRCP,0,,,a,
ASN00092045,19940228,PRCP,94,,,a,
ASN00092045,19940201,TAVG,165,H,,S,
ASN00092045,19940202,TAVG,145,H,,S,
ASN00092045,19940203,TAVG,164,H,,S,
ASN00092045,19940204,TAVG,173,H,,S,
ASN00092045,19940205,TAVG,171,H,,S,
ASN00092045,19940206,TAVG,172,H,,S,
ASN00092045,19940207,TAVG,167,H,,S,
ASN00092045,19940208,TAVG,180,H,,S,
ASN00092045,19940209,TAVG,171,H,,S,
ASN00092045,19940210,TAVG,169,H,,S,
ASN00092045,19940211,TAVG,169,H,,S,
ASN00092045,19940212,TAVG,167,H,,S,
ASN00092045,19940213,TAVG,176,H,,S,
ASN00092045,19940214,TAVG,192,H,,S,
ASN00092045,19940215,TAVG,182,H,,S,
ASN00092045,19940216,TAVG,161,H,,S,
ASN00092045,19940217,TAVG,168,H,,S,
ASN00092045,19940218,TAVG,144,H,,S,
ASN00092045,19940219,TAVG,147,H,,S,
ASN00092045,19940220,TAVG,147,H,,S,
ASN00092045,19940221,TAVG,163,H,,S,
ASN00092045,19940222,TAVG,182,H,,S,
ASN00092045,19940223,TAVG,166,H,,S,
ASN00092045,19940224,TAVG,143,H,,S,
ASN00092045,19940227,TAVG,128,H,,S,
ASN00092045,19940228,TAVG,148,H,,S,
ASN00092045,19940301,TMAX,186,,,a,
ASN00092045,19940302,TMAX,211,,,a,
ASN00092045,19940303,TMAX,208,,,a,
ASN00092045,19940304,TMAX,190,,,a,
ASN00092045,19940305,TMAX,205,,,a,
ASN00092045,19940306,TMAX,212,,,a,
ASN00092045,19940307,TMAX,183,,,a,
ASN00092045,19940308,TMAX,212,,,a,
ASN00092045,19940309,TMAX,217,,,a,
ASN00092045,19940310,TMAX,188,,,a,
ASN00092045,19940311,TMAX,170,,,a,
ASN00092045,19940312,TMAX,146,,,a,
ASN00092045,19940313,TMAX,180,,,a,
ASN00092045,19940314,TMAX,190,,,a,
ASN00092045,19940315,TMAX,199,,,a,
ASN00092045,19940316,TMAX,156,,,a,
ASN00092045,19940317,TMAX,163,,,a,
ASN00092045,19940318,TMAX,176,,,a,
ASN00092045,19940319,TMAX,178,,,a,
ASN00092045,19940320,TMAX,180,,,a,
ASN00092045,19940321,TMAX,193,,,a,
ASN00092045,19940322,TMAX,205,,,a,
ASN00092045,19940323,TMAX,175,,,a,
ASN00092045,19940324,TMAX,185,,,a,
ASN00092045,19940325,TMAX,199,,,a,
ASN00092045,19940326,TMAX,200,,,a,
ASN00092045,19940327,TMAX,200,,,a,
ASN00092045,19940328,TMAX,212,,,a,
ASN00092045,19940329,TMAX,200,,,a,
ASN00092045,19940301,TMIN,116,,,a,
ASN00092045,19940302,TMIN,110,,,a,
ASN00092045,19940303,TMIN,128,,,a,
ASN00092045,19940304,TMIN,135,,,a,
ASN00092045,19940305,TMIN,112,,,a,
ASN00092045,19940306,TMIN,110,,,a,
ASN00092045,19940307,TMIN,135,,,a,
ASN00092045,19940308,TMIN,127,,,a,
ASN00092045,19940309,TMIN,140,,,a,
ASN00092045,19940310,TMIN,162,,,a,
ASN00092045,19940311,TMIN,129,,,a,
ASN00092045,19940312,TMIN,93,,,a,
ASN00092045,19940313,TMIN,108,,,a,
ASN00092045,19940314,TMIN,138,,,a,
ASN00092045,19940315,TMIN,132,,,a,
ASN00092045,19940316,TMIN,137,,,a,
ASN00092045,19940317,TMIN,92,,,a,
ASN00092045,19940318,TMIN,102,,,a,
ASN00092045,19940319,TMIN,95,,,a,
ASN00092045,19940320,TMIN,122,,,a,
ASN00092045,19940321,TMIN,116,,,a,
ASN00092045,19940322,TMIN,147,,,a,
ASN00092045,19940323,TMIN,155,,,a,
ASN00092045,19940324,TMIN,150,,,a,
ASN00092045,19940325,TMIN,120,,,a,
ASN00092045,19940326,TMIN,119,,,a,
ASN00092045,19940327,TMIN,136,,,a,
ASN00092045,19940328,TMIN,138,,,a,
ASN00092045,19940329,TMIN,144,,,a,
ASN00092045,19940330,TMIN,140,,,a,
ASN00092045,19940301,PRCP,0,,,a,
ASN00092045,19940302,PRCP,0,,,a,
ASN00092045,19940303,PRCP,0,,,a,
ASN00092045,19940304,PRCP,0,,,a,
ASN00092045,19940305,PRCP,0,,,a,
ASN00092045,19940306,PRCP,0,,,a,
ASN00092045,19940307,PRCP,0,,,a,
ASN00092045,19940308,PRCP,0,,,a,
ASN00092045,19940309,PRCP,22,,,a,
ASN00092045,19940310,PRCP,84,,,a,
ASN00092045,19940311,PRCP,42,,,a,
ASN00092045,19940312,PRCP,0,,,a,
ASN00092045,19940313,PRCP,28,,,a,
ASN00092045,19940314,PRCP,0,,,a,
ASN00092045,19940315,PRCP,0,,,a,
ASN00092045,19940316,PRCP,2,,,a,
ASN00092045,19940317,PRCP,74,,,a,
ASN00092045,19940318,PRCP,0,,,a,
ASN00092045,19940319,PRCP,0,,,a,
ASN00092045,19940320,PRCP,0,,,a,
ASN00092045,19940321,PRCP,0,,,a,
ASN00092045,19940322,PRCP,2,,,a,
ASN00092045,19940323,PRCP,0,,,a,
ASN00092045,19940324,PRCP,0,,,a,
ASN00092045,19940325,PRCP,0,,,a,
ASN00092045,19940326,PRCP,0,,,a,
ASN00092045,19940327,PRCP,0,,,a,
ASN00092045,19940328,PRCP,0,,,a,
ASN00092045,19940329,PRCP,0,,,a,
ASN00092045,19940330,PRCP,0,,,a,
ASN00092045,19940331,PRCP,0,,,a,
ASN00092045,19940301,TAVG,148,H,,S,
ASN00092045,19940302,TAVG,164,H,,S,
ASN00092045,19940303,TAVG,159,H,,S,
ASN00092045,19940304,TAVG,143,H,,S,
ASN00092045,19940305,TAVG,155,H,,S,
ASN00092045,19940306,TAVG,165,H,,S,
ASN00092045,19940307,TAVG,156,H,,S,
ASN00092045,19940308,TAVG,177,H,,S,
ASN00092045,19940309,TAVG,182,H,,S,
ASN00092045,19940310,TAVG,161,H,,S,
ASN00092045,19940311,TAVG,127,H,,S,
ASN00092045,19940312,TAVG,132,H,,S,
ASN00092045,19940313,TAVG,156,H,,S,
ASN00092045,19940314,TAVG,160,H,,S,
ASN00092045,19940315,TAVG,154,H,,S,
ASN00092045,19940316,TAVG,122,H,,S,
ASN00092045,19940317,TAVG,136,H,,S,
ASN00092045,19940318,TAVG,140,H,,S,
ASN00092045,19940319,TAVG,153,H,,S,
ASN00092045,19940320,TAVG,151,H,,S,
ASN00092045,19940321,TAVG,169,H,,S,
ASN00092045,19940322,TAVG,171,H,,S,
ASN00092045,19940323,TAVG,160,H,,S,
ASN00092045,19940324,TAVG,153,H,,S,
ASN00092045,19940325,TAVG,150,H,,S,
ASN00092045,19940326,TAVG,173,H,,S,
ASN00092045,19940327,TAVG,173,H,,S,
ASN00092045,19940328,TAVG,172,H,,S,
ASN00092045,19940329,TAVG,172,H,,S,
ASN00092045,19940429,TMIN,91,,,S,
ASN00092045,19940430,TMIN,89,,,S,
ASN00092045,19940429,PRCP,0,D,,S,
ASN00092045,19940430,PRCP,0,D,,S,
ASN00092045,19940428,TAVG,126,H,,S,
ASN00092045,19940429,TAVG,127,H,,S,
ASN00092045,19940430,TAVG,143,H,,S,
ASN00092045,19940503,TMIN,30,,,S,
ASN00092045,19940504,TMIN,63,,,S,
ASN00092045,19940505,TMIN,83,,,S,
ASN00092045,19940506,TMIN,96,,,S,
ASN00092045,19940510,TMIN,31,,,S,
ASN00092045,19940512,TMIN,43,,,S,
ASN00092045,19940516,TMIN,75,,,S,
ASN00092045,19940520,TMIN,18,,,S,
ASN00092045,19940521,TMIN,96,,,S,
ASN00092045,19940527,TMIN,85,,,S,
ASN00092045,19940528,TMIN,112,,,S,
ASN00092045,19940530,TMIN,107,,,S,
ASN00092045,19940501,PRCP,0,D,,S,
ASN00092045,19940503,PRCP,0,D,,S,
ASN00092045,19940504,PRCP,0,D,,S,
ASN00092045,19940505,PRCP,0,D,,S,
ASN00092045,19940506,PRCP,0,D,,S,
ASN00092045,19940507,PRCP,0,D,,S,
ASN00092045,19940508,PRCP,0,D,,S,
ASN00092045,19940510,PRCP,0,D,,S,
ASN00092045,19940511,PRCP,0,D,,S,
ASN00092045,19940512,PRCP,0,D,,S,
ASN00092045,19940513,PRCP,0,D,,S,
ASN00092045,19940514,PRCP,0,D,,S,
ASN00092045,19940515,PRCP,0,D,,S,
ASN00092045,19940516,PRCP,0,D,,S,
ASN00092045,19940519,PRCP,0,D,,S,
ASN00092045,19940520,PRCP,0,D,,S,
ASN00092045,19940521,PRCP,0,D,,S,
ASN00092045,19940522,PRCP,0,D,,S,
ASN00092045,19940523,PRCP,0,D,,S,
ASN00092045,19940527,PRCP,0,D,,S,
ASN00092045,19940530,PRCP,0,D,,S,
ASN00092045,19940531,PRCP,0,D,,S,
ASN00092045,19940501,TAVG,138,H,,S,
ASN00092045,19940502,TAVG,103,H,,S,
ASN00092045,19940503,TAVG,98,H,,S,
ASN00092045,19940504,TAVG,118,H,,S,
ASN00092045,19940505,TAVG,126,H,,S,
ASN00092045,19940506,TAVG,149,H,,S,
ASN00092045,19940507,TAVG,118,H,,S,
ASN00092045,19940508,TAVG,105,H,,S,
ASN00092045,19940510,TAVG,101,H,,S,
ASN00092045,19940511,TAVG,93,H,,S,
ASN00092045,19940512,TAVG,97,H,,S,
ASN00092045,19940513,TAVG,128,H,,S,
ASN00092045,19940514,TAVG,112,H,,S,
ASN00092045,19940515,TAVG,117,H,,S,
ASN00092045,19940516,TAVG,137,H,,S,
ASN00092045,19940517,TAVG,123,H,,S,
ASN00092045,19940519,TAVG,67,H,,S,
ASN00092045,19940520,TAVG,126,H,,S,
ASN00092045,19940521,TAVG,136,H,,S,
ASN00092045,19940522,TAVG,111,H,,S,
ASN00092045,19940523,TAVG,139,H,,S,
ASN00092045,19940524,TAVG,157,H,,S,
ASN00092045,19940525,TAVG,106,H,,S,
ASN00092045,19940526,TAVG,104,H,,S,
ASN00092045,19940527,TAVG,131,H,,S,
ASN00092045,19940528,TAVG,138,H,,S,
ASN00092045,19940529,TAVG,136,H,,S,
ASN00092045,19940530,TAVG,145,H,,S,
ASN00092045,19940531,TAVG,131,H,,S,
ASN00092045,19940612,TMAX,136,,,a,
ASN00092045,19940613,TMAX,132,,,a,
ASN00092045,19940614,TMAX,116,,,a,
ASN00092045,19940615,TMAX,138,,,a,
ASN00092045,19940616,TMAX,141,,,a,
ASN00092045,19940617,TMAX,129,,,a,
ASN00092045,19940619,TMAX,112,,,a,
ASN00092045,19940620,TMAX,119,,,a,
ASN00092045,19940621,TMAX,117,,,a,
ASN00092045,19940622,TMAX,122,,,a,
ASN00092045,19940623,TMAX,142,,,a,
ASN00092045,19940626,TMAX,109,,,a,
ASN00092045,19940627,TMAX,78,,,a,
ASN00092045,19940630,TMAX,147,,,a,
ASN00092045,19940603,TMIN,108,,,a,
ASN00092045,19940611,TMIN,77,,,a,
ASN00092045,19940612,TMIN,65,,,a,
ASN00092045,19940613,TMIN,73,,,a,
ASN00092045,19940614,TMIN,81,,,a,
ASN00092045,19940615,TMIN,74,,,a,
ASN00092045,19940616,TMIN,88,,,a,
ASN00092045,19940617,TMIN,86,,,a,
ASN00092045,19940618,TMIN,59,,,a,
ASN00092045,19940619,TMIN,73,,,a,
ASN00092045,19940620,TMIN,77,,,a,
ASN00092045,19940621,TMIN,48,,,a,
ASN00092045,19940622,TMIN,95,,,a,
ASN00092045,19940623,TMIN,87,,,a,
ASN00092045,19940624,TMIN,75,,,a,
ASN00092045,19940625,TMIN,58,,,a,
ASN00092045,19940626,TMIN,86,,,a,
ASN00092045,19940627,TMIN,48,,,a,
ASN00092045,19940629,TMIN,34,,,a,
ASN00092045,19940602,PRCP,0,D,,S,
ASN00092045,19940612,PRCP,0,D,,S,
ASN00092045,19940616,PRCP,0,D,,S,
ASN00092045,19940617,PRCP,0,D,,S,
ASN00092045,19940618,PRCP,0,D,,S,
ASN00092045,19940619,PRCP,0,D,,S,
ASN00092045,19940620,PRCP,0,D,,S,
ASN00092045,19940621,PRCP,0,D,,S,
ASN00092045,19940623,PRCP,0,D,,S,
ASN00092045,19940624,PRCP,0,D,,S,
ASN00092045,19940625,PRCP,0,D,,S,
ASN00092045,19940629,PRCP,0,D,,S,
ASN00092045,19940601,TAVG,116,H,,S,
ASN00092045,19940602,TAVG,116,H,,S,
ASN00092045,19940603,TAVG,132,H,,S,
ASN00092045,19940611,TAVG,97,H,,S,
ASN00092045,19940612,TAVG,94,H,,S,
ASN00092045,19940613,TAVG,107,H,,S,
ASN00092045,19940614,TAVG,89,H,,S,
ASN00092045,19940615,TAVG,117,H,,S,
ASN00092045,19940616,TAVG,111,H,,S,
ASN00092045,19940617,TAVG,86,H,,S,
ASN00092045,19940618,TAVG,99,H,,S,
ASN00092045,19940619,TAVG,94,H,,S,
ASN00092045,19940620,TAVG,77,H,,S,
ASN00092045,19940621,TAVG,108,H,,S,
ASN00092045,19940622,TAVG,108,H,,S,
ASN00092045,19940623,TAVG,105,H,,S,
ASN00092045,19940624,TAVG,92,H,,S,
ASN00092045,19940625,TAVG,105,H,,S,
ASN00092045,19940626,TAVG,76,H,,S,
ASN00092045,19940627,TAVG,53,H,,S,
ASN00092045,19940628,TAVG,49,H,,S,
ASN00092045,19940629,TAVG,91,H,,S,
ASN00092045,19940630,TAVG,101,H,,S,
ASN00092045,19940703,TMAX,146,,,a,
ASN00092045,19940705,TMAX,150,,,a,
ASN00092045,19940707,TMAX,173,,,a,
ASN00092045,19940709,TMAX,159,,,a,
ASN00092045,19940710,TMAX,139,,,a,
ASN00092045,19940711,TMAX,140,,,a,
ASN00092045,19940713,TMAX,142,,,a,
ASN00092045,19940715,TMAX,139,,,a,
ASN00092045,19940716,TMAX,121,,,a,
ASN00092045,19940717,TMAX,120,,,a,
ASN00092045,19940718,TMAX,139,,,a,
ASN00092045,19940719,TMAX,139,,,a,
ASN00092045,19940720,TMAX,133,,,a,
ASN00092045,19940721,TMAX,122,,,a,
ASN00092045,19940722,TMAX,96,,,a,
ASN00092045,19940723,TMAX,109,,,a,
ASN00092045,19940724,TMAX,120,,,a,
ASN00092045,19940725,TMAX,116,,,a,
ASN00092045,19940726,TMAX,124,,,a,
ASN00092045,19940727,TMAX,119,,,a,
ASN00092045,19940728,TMAX,139,,,a,
ASN00092045,19940729,TMAX,142,,,a,
ASN00092045,19940730,TMAX,139,,,a,
ASN00092045,19940701,TMIN,68,,,a,
ASN00092045,19940702,TMIN,80,,,a,
ASN00092045,19940704,TMIN,118,,,a,
ASN00092045,19940705,TMIN,101,,,a,
ASN00092045,19940706,TMIN,105,,,a,
ASN00092045,19940708,TMIN,86,,,a,
ASN00092045,19940709,TMIN,89,,,a,
ASN00092045,19940710,TMIN,77,,,a,
ASN00092045,19940715,TMIN,64,,,a,
ASN00092045,19940716,TMIN,70,,,a,
ASN00092045,19940717,TMIN,35,,,a,
ASN00092045,19940719,TMIN,36,,,a,
ASN00092045,19940721,TMIN,76,,,a,
ASN00092045,19940724,TMIN,33,,,a,
ASN00092045,19940725,TMIN,77,,,a,
ASN00092045,19940727,TMIN,42,,,a,
ASN00092045,19940728,TMIN,73,,,a,
ASN00092045,19940729,TMIN,91,,,a,
ASN00092045,19940730,TMIN,94,,,a,
ASN00092045,19940731,TMIN,81,,,a,
ASN00092045,19940718,PRCP,6,,,a,
ASN00092045,19940720,PRCP,2,,,a,
ASN00092045,19940725,PRCP,60,,,a,
ASN00092045,19940726,PRCP,40,,,a,
ASN00092045,19940727,PRCP,2,,,a,
ASN00092045,19940728,PRCP,2,,,a,
ASN00092045,19940729,PRCP,6,,,a,
ASN00092045,19940731,PRCP,30,,,a,
ASN00092045,19940701,TAVG,106,H,,S,
ASN00092045,19940702,TAVG,107,H,,S,
ASN00092045,19940703,TAVG,133,H,,S,
ASN00092045,19940704,TAVG,125,H,,S,
ASN00092045,19940705,TAVG,131,H,,S,
ASN00092045,19940707,TAVG,111,H,,S,
ASN00092045,19940708,TAVG,115,H,,S,
ASN00092045,19940709,TAVG,113,H,,S,
ASN00092045,19940710,TAVG,115,H,,S,
ASN00092045,19940711,TAVG,102,H,,S,
ASN00092045,19940713,TAVG,97,H,,S,
ASN00092045,19940714,TAVG,123,H,,S,
ASN00092045,19940715,TAVG,97,H,,S,
ASN00092045,19940716,TAVG,73,H,,S,
ASN00092045,19940717,TAVG,103,H,,S,
ASN00092045,19940718,TAVG,79,H,,S,
ASN00092045,19940719,TAVG,108,H,,S,
ASN00092045,19940720,TAVG,105,H,,S,
ASN00092045,19940721,TAVG,66,H,,S,
ASN00092045,19940722,TAVG,69,H,,S,
ASN00092045,19940723,TAVG,47,H,,S,
ASN00092045,19940724,TAVG,104,H,,S,
ASN00092045,19940725,TAVG,87,H,,S,
ASN00092045,19940726,TAVG,93,H,,S,
ASN00092045,19940727,TAVG,90,H,,S,
ASN00092045,19940728,TAVG,113,H,,S,
ASN00092045,19940729,TAVG,123,H,,S,
ASN00092045,19940730,TAVG,108,H,,S,
ASN00092045,19940731,TAVG,76,H,,S,
ASN00092045,19940801,TMAX,129,,,a,
ASN00092045,19940802,TMAX,108,,,a,
ASN00092045,19940803,TMAX,115,,,a,
ASN00092045,19940804,TMAX,126,,,a,
ASN00092045,19940805,TMAX,121,,,a,
ASN00092045,19940806,TMAX,128,,,a,
ASN00092045,19940807,TMAX,104,,,a,
ASN00092045,19940808,TMAX,103,,,a,
ASN00092045,19940809,TMAX,118,,,a,
ASN00092045,19940810,TMAX,124,,,a,
ASN00092045,19940811,TMAX,116,,,a,
ASN00092045,19940812,TMAX,129,,,a,
ASN00092045,19940813,TMAX,115,,,a,
ASN00092045,19940814,TMAX,128,,,a,
ASN00092045,19940815,TMAX,141,,,a,
ASN00092045,19940816,TMAX,131,,,a,
ASN00092045,19940817,TMAX,113,,,a,
ASN00092045,19940818,TMAX,116,,,a,
ASN00092045,19940819,TMAX,115,,,a,
ASN00092045,19940820,TMAX,122,,,a,
ASN00092045,19940822,TMAX,128,,,a,
ASN00092045,19940823,TMAX,121,,,a,
ASN00092045,19940824,TMAX,148,,,a,
ASN00092045,19940825,TMAX,151,,,a,
ASN00092045,19940826,TMAX,147,,,a,
ASN00092045,19940827,TMAX,168,,,a,
ASN00092045,19940828,TMAX,173,,,a,
ASN00092045,19940829,TMAX,155,,,a,
ASN00092045,19940830,TMAX,178,,,a,
ASN00092045,19940831,TMAX,157,,,a,
ASN00092045,19940801,TMIN,69,,,a,
ASN00092045,19940802,TMIN,31,,,a,
ASN00092045,19940804,TMIN,56,,,a,
ASN00092045,19940805,TMIN,43,,,a,
ASN00092045,19940806,TMIN,60,,,a,
ASN00092045,19940807,TMIN,61,,,a,
ASN00092045,19940808,TMIN,10,,,a,
ASN00092045,19940809,TMIN,24,,,a,
ASN00092045,19940810,TMIN,34,,,a,
ASN00092045,19940811,TMIN,47,,,a,
ASN00092045,19940812,TMIN,95,,,a,
ASN00092045,19940813,TMIN,70,,,a,
ASN00092045,19940814,TMIN,45,,,a,
ASN00092045,19940816,TMIN,56,,,a,
ASN00092045,19940817,TMIN,90,,,a,
ASN00092045,19940818,TMIN,32,,,a,
ASN00092045,19940819,TMIN,41,,,a,
ASN00092045,19940820,TMIN,43,,,a,
ASN00092045,19940822,TMIN,88,,,a,
ASN00092045,19940823,TMIN,62,,,a,
ASN00092045,19940824,TMIN,66,,,a,
ASN00092045,19940825,TMIN,70,,,a,
ASN00092045,19940826,TMIN,95,,,a,
ASN00092045,19940827,TMIN,104,,,a,
ASN00092045,19940828,TMIN,94,,,a,
ASN00092045,19940829,TMIN,83,,,a,
ASN00092045,19940830,TMIN,55,,,a,
ASN00092045,19940831,TMIN,72,,,a,
ASN00092045,19940801,PRCP,340,,,a,
ASN00092045,19940807,PRCP,70,,,a,
ASN00092045,19940813,PRCP,100,,,a,
ASN00092045,19940814,PRCP,2,,,a,
ASN00092045,19940817,PRCP,20,,,a,
ASN00092045,19940818,PRCP,2,,,a,
ASN00092045,19940823,PRCP,50,,,a,
ASN00092045,19940801,TAVG,81,H,,S,
ASN00092045,19940802,TAVG,63,H,,S,
ASN00092045,19940803,TAVG,81,H,,S,
ASN00092045,19940804,TAVG,84,H,,S,
ASN00092045,19940805,TAVG,93,H,,S,
ASN00092045,19940806,TAVG,94,H,,S,
ASN00092045,19940807,TAVG,57,H,,S,
ASN00092045,19940808,TAVG,63,H,,S,
ASN00092045,19940809,TAVG,77,H,,S,
ASN00092045,19940810,TAVG,82,H,,S,
ASN00092045,19940811,TAVG,103,H,,S,
ASN00092045,19940812,TAVG,102,H,,S,
ASN00092045,19940813,TAVG,80,H,,S,
ASN00092045,19940814,TAVG,89,H,,S,
ASN00092045,19940815,TAVG,86,H,,S,
ASN00092045,19940816,TAVG,104,H,,S,
ASN00092045,19940817,TAVG,77,H,,S,
ASN00092045,19940818,TAVG,79,H,,S,
ASN00092045,19940819,TAVG,81,H,,S,
ASN00092045,19940820,TAVG,87,H,,S,
ASN00092045,19940822,TAVG,95,H,,S,
ASN00092045,19940823,TAVG,96,H,,S,
ASN00092045,19940824,TAVG,107,H,,S,
ASN00092045,19940825,TAVG,119,H,,S,
ASN00092045,19940826,TAVG,122,H,,S,
ASN00092045,19940827,TAVG,141,H,,S,
ASN00092045,19940828,TAVG,111,H,,S,
ASN00092045,19940829,TAVG,96,H,,S,
ASN00092045,19940830,TAVG,119,H,,S,
ASN00092045,19940831,TAVG,116,H,,S,
ASN00092045,19940901,TMAX,139,,,a,
ASN00092045,19940905,TMAX,145,,,a,
ASN00092045,19940906,TMAX,118,,,a,
ASN00092045,19940907,TMAX,265,,O,a,
ASN00092045,19940908,TMAX,114,,,a,
ASN00092045,19940910,TMAX,148,,,a,
ASN00092045,19940911,TMAX,163,,,a,
ASN00092045,19940912,TMAX,147,,,a,
ASN00092045,19940913,TMAX,153,,,a,
ASN00092045,19940914,TMAX,148,,,a,
ASN00092045,19940915,TMAX,148,,,a,
ASN00092045,19940916,TMAX,141,,,a,
ASN00092045,19940917,TMAX,141,,,a,
ASN00092045,19940918,TMAX,132,,,a,
ASN00092045,19940919,TMAX,105,,,a,
ASN00092045,19940920,TMAX,140,,,a,
ASN00092045,19940922,TMAX,147,,,a,
ASN00092045,19940924,TMAX,137,,,a,
ASN00092045,19940925,TMAX,120,,,a,
ASN00092045,19940926,TMAX,149,,,a,
ASN00092045,19940927,TMAX,126,,,a,
ASN00092045,19940928,TMAX,123,,,a,
ASN00092045,19940929,TMAX,120,,,a,
ASN00092045,19940930,TMAX,122,,,a,
ASN00092045,19940901,TMIN,94,,,a,
ASN00092045,19940902,TMIN,79,,,a,
ASN00092045,19940905,TMIN,75,,,a,
ASN00092045,19940906,TMIN,86,,,a,
ASN00092045,19940908,TMIN,14,,,a,
ASN00092045,19940909,TMIN,49,,,a,
ASN00092045,19940910,TMIN,80,,,a,
ASN00092045,19940912,TMIN,85,,,a,
ASN00092045,19940913,TMIN,81,,,a,
ASN00092045,19940914,TMIN,80,,,a,
ASN00092045,19940915,TMIN,48,,,a,
ASN00092045,19940916,TMIN,62,,,a,
ASN00092045,19940917,TMIN,74,,,a,
ASN00092045,19940918,TMIN,68,,,a,
ASN00092045,19940919,TMIN,34,,,a,
ASN00092045,19940920,TMIN,41,,,a,
ASN00092045,19940921,TMIN,24,,,a,
ASN00092045,19940922,TMIN,49,,,a,
ASN00092045,19940923,TMIN,67,,,a,
ASN00092045,19940924,TMIN,49,,,a,
ASN00092045,19940925,TMIN,32,,,a,
ASN00092045,19940926,TMIN,73,,,a,
ASN00092045,19940927,TMIN,23,,,a,
ASN00092045,19940928,TMIN,23,,,a,
ASN00092045,19940929,TMIN,61,,,a,
ASN00092045,19940930,TMIN,86,,,a,
ASN00092045,19940901,PRCP,0,,,a,
ASN00092045,19940902,PRCP,0,,,a,
ASN00092045,19940903,PRCP,0,,,a,
ASN00092045,19940904,PRCP,0,,,a,
ASN00092045,19940905,PRCP,0,,,a,
ASN00092045,19940906,PRCP,0,,,a,
ASN00092045,19940907,PRCP,0,,,a,
ASN00092045,19940908,PRCP,2,,,a,
ASN00092045,19940909,PRCP,0,,,a,
ASN00092045,19940910,PRCP,0,,,a,
ASN00092045,19940911,PRCP,0,,,a,
ASN00092045,19940912,PRCP,0,,,a,
ASN00092045,19940913,PRCP,0,,,a,
ASN00092045,19940914,PRCP,0,,,a,
ASN00092045,19940915,PRCP,2,,,a,
ASN00092045,19940916,PRCP,10,,,a,
ASN00092045,19940917,PRCP,0,,,a,
ASN00092045,19940922,PRCP,0,,,a,
ASN00092045,19940923,PRCP,0,,,a,
ASN00092045,19940924,PRCP,4,,,a,
ASN00092045,19940925,PRCP,0,,,a,
ASN00092045,19940926,PRCP,0,,,a,
ASN00092045,19940927,PRCP,64,,,a,
ASN00092045,19940928,PRCP,32,,,a,
ASN00092045,19940929,PRCP,2,,,a,
ASN00092045,19940930,PRCP,26,,,a,
ASN00092045,19940921,DAPR,4,,,a,
ASN00092045,19940921,DWPR,1,,,a,
ASN00092045,19940921,MDPR,18,,,a,
ASN00092045,19940901,TAVG,104,H,,S,
ASN00092045,19940902,TAVG,118,H,,S,
ASN00092045,19940905,TAVG,113,H,,S,
ASN00092045,19940906,TAVG,69,H,,S,
ASN00092045,19940907,TAVG,91,H,,S,
ASN00092045,19940908,TAVG,84,H,,S,
ASN00092045,19940909,TAVG,106,H,,S,
ASN00092045,19940910,TAVG,121,H,,S,
ASN00092045,19940911,TAVG,118,H,,S,
ASN00092045,19940912,TAVG,117,H,,S,
ASN00092045,19940913,TAVG,116,H,,S,
ASN00092045,19940914,TAVG,110,H,,S,
ASN00092045,19940915,TAVG,106,H,,S,
ASN00092045,19940916,TAVG,103,H,,S,
ASN00092045,19940917,TAVG,110,H,,S,
ASN00092045,19940918,TAVG,71,H,,S,
ASN00092045,19940919,TAVG,76,H,,S,
ASN00092045,19940920,TAVG,77,H,,S,
ASN00092045,19940921,TAVG,90,H,,S,
ASN00092045,19940922,TAVG,107,H,,S,
ASN00092045,19940923,TAVG,98,H,,S,
ASN00092045,19940924,TAVG,83,H,,S,
ASN00092045,19940925,TAVG,99,H,,S,
ASN00092045,19940926,TAVG,71,H,,S,
ASN00092045,19940927,TAVG,69,H,,S,
ASN00092045,19940928,TAVG,95,H,,S,
ASN00092045,19940929,TAVG,102,H,,S,
ASN00092045,19940930,TAVG,100,H,,S,
ASN00092045,19941001,TMAX,137,,,a,
ASN00092045,19941002,TMAX,138,,,a,
ASN00092045,19941003,TMAX,162,,,a,
ASN00092045,19941004,TMAX,133,,,a,
ASN00092045,19941005,TMAX,163,,,a,
ASN00092045,19941006,TMAX,143,,,a,
ASN00092045,19941007,TMAX,155,,,a,
ASN00092045,19941008,TMAX,150,,,a,
ASN00092045,19941009,TMAX,179,,,a,
ASN00092045,19941010,TMAX,144,,,a,
ASN00092045,19941011,TMAX,164,,,a,
ASN00092045,19941012,TMAX,154,,,a,
ASN00092045,19941013,TMAX,146,,,a,
ASN00092045,19941014,TMAX,164,,,a,
ASN00092045,19941015,TMAX,156,,,a,
ASN00092045,19941017,TMAX,198,,,a,
ASN00092045,19941018,TMAX,141,,,a,
ASN00092045,19941019,TMAX,147,,,a,
ASN00092045,19941020,TMAX,150,,,a,
ASN00092045,19941022,TMAX,155,,,a,
ASN00092045,19941023,TMAX,154,,,a,
ASN00092045,19941024,TMAX,211,,,a,
ASN00092045,19941025,TMAX,240,,,a,
ASN00092045,19941026,TMAX,159,,,a,
ASN00092045,19941027,TMAX,184,,,a,
ASN00092045,19941028,TMAX,170,,,a,
ASN00092045,19941029,TMAX,145,,,a,
ASN00092045,19941030,TMAX,172,,,a,
ASN00092045,19941031,TMAX,177,,,a,
ASN00092045,19941001,TMIN,81,,,a,
ASN00092045,19941002,TMIN,105,,,a,
ASN00092045,19941003,TMIN,84,,,a,
ASN00092045,19941004,TMIN,68,,,a,
ASN00092045,19941005,TMIN,66,,,a,
ASN00092045,19941007,TMIN,100,,,a,
ASN00092045,19941008,TMIN,37,,,a,
ASN00092045,19941009,TMIN,67,,,a,
ASN00092045,19941010,TMIN,81,,,a,
ASN00092045,19941011,TMIN,71,,,a,
ASN00092045,19941012,TMIN,50,,,a,
ASN00092045,19941013,TMIN,74,,,a,
ASN00092045,19941014,TMIN,70,,,a,
ASN00092045,19941015,TMIN,97,,,a,
ASN00092045,19941016,TMIN,128,,,a,
ASN00092045,19941018,TMIN,85,,,a,
ASN00092045,19941019,TMIN,80,,,a,
ASN00092045,19941020,TMIN,96,,,a,
ASN00092045,19941022,TMIN,80,,,a,
ASN00092045,19941023,TMIN,92,,,a,
ASN00092045,19941024,TMIN,94,,,a,
ASN00092045,19941025,TMIN,128,,,a,
ASN00092045,19941026,TMIN,120,,,a,
ASN00092045,19941027,TMIN,85,,,a,
ASN00092045,19941028,TMIN,93,,,a,
ASN00092045,19941029,TMIN,57,,,a,
ASN00092045,19941031,TMIN,86,,,a,
ASN00092045,19941001,PRCP,42,,,a,
ASN00092045,19941002,PRCP,184,,,a,
ASN00092045,19941003,PRCP,46,,,a,
ASN00092045,19941004,PRCP,0,,,a,
ASN00092045,19941005,PRCP,2,,,a,
ASN00092045,19941006,PRCP,0,,,a,
ASN00092045,19941007,PRCP,0,,,a,
ASN00092045,19941008,PRCP,26,,,a,
ASN00092045,19941009,PRCP,0,,,a,
ASN00092045,19941010,PRCP,0,,,a,
ASN00092045,19941011,PRCP,2,,,a,
ASN00092045,19941012,PRCP,0,,,a,
ASN00092045,19941013,PRCP,0,,,a,
ASN00092045,19941014,PRCP,0,,,a,
ASN00092045,19941015,PRCP,0,,,a,
ASN00092045,19941016,PRCP,0,,,a,
ASN00092045,19941017,PRCP,0,,,a,
ASN00092045,19941018,PRCP,0,,,a,
ASN00092045,19941019,PRCP,0,,,a,
ASN00092045,19941020,PRCP,0,,,a,
ASN00092045,19941021,PRCP,0,,,a,
ASN00092045,19941022,PRCP,0,,,a,
ASN00092045,19941023,PRCP,0,,,a,
ASN00092045,19941024,PRCP,0,,,a,
ASN00092045,19941025,PRCP,0,,,a,
ASN00092045,19941026,PRCP,0,,,a,
ASN00092045,19941027,PRCP,0,,,a,
ASN00092045,19941028,PRCP,16,,,a,
ASN00092045,19941029,PRCP,48,,,a,
ASN00092045,19941031,PRCP,0,,,a,
ASN00092045,19941001,TAVG,115,H,,S,
ASN00092045,19941002,TAVG,104,H,,S,
ASN00092045,19941003,TAVG,113,H,,S,
ASN00092045,19941004,TAVG,102,H,,S,
ASN00092045,19941005,TAVG,103,H,,S,
ASN00092045,19941006,TAVG,121,H,,S,
ASN00092045,19941007,TAVG,98,H,,S,
ASN00092045,19941008,TAVG,112,H,,S,
ASN00092045,19941009,TAVG,118,H,,S,
ASN00092045,19941010,TAVG,112,H,,S,
ASN00092045,19941011,TAVG,103,H,,S,
ASN00092045,19941012,TAVG,113,H,,S,
ASN00092045,19941013,TAVG,116,H,,S,
ASN00092045,19941014,TAVG,126,H,,S,
ASN00092045,19941015,TAVG,164,H,,S,
ASN00092045,19941016,TAVG,186,H,,S,
ASN00092045,19941017,TAVG,126,H,,S,
ASN00092045,19941018,TAVG,112,H,,S,
ASN00092045,19941019,TAVG,116,H,,S,
ASN00092045,19941020,TAVG,117,H,,S,
ASN00092045,19941021,TAVG,111,H,,S,
ASN00092045,19941022,TAVG,126,H,,S,
ASN00092045,19941023,TAVG,126,H,,S,
ASN00092045,19941024,TAVG,154,H,,S,
ASN00092045,19941025,TAVG,156,H,,S,
ASN00092045,19941026,TAVG,126,H,,S,
ASN00092045,19941027,TAVG,134,H,,S,
ASN00092045,19941028,TAVG,101,H,,S,
ASN00092045,19941029,TAVG,117,H,,S,
ASN00092045,19941030,TAVG,132,H,,S,
ASN00092045,19941031,TAVG,144,H,,S,
ASN00092045,19941101,TMAX,169,,,a,
ASN00092045,19941103,TMAX,139,,,a,
ASN00092045,19941104,TMAX,141,,,a,
ASN00092045,19941105,TMAX,174,,,a,
ASN00092045,19941106,TMAX,144,,,a,
ASN00092045,19941107,TMAX,127,,,a,
ASN00092045,19941108,TMAX,145,,,a,
ASN00092045,19941109,TMAX,165,,,a,
ASN00092045,19941110,TMAX,185,,,a,
ASN00092045,19941111,TMAX,190,,,a,
ASN00092045,19941113,TMAX,173,,,a,
ASN00092045,19941114,TMAX,151,,,a,
ASN00092045,19941115,TMAX,172,,,a,
ASN00092045,19941116,TMAX,163,,,a,
ASN00092045,19941118,TMAX,154,,,a,
ASN00092045,19941119,TMAX,164,,,a,
ASN00092045,19941120,TMAX,194,,,a,
ASN00092045,19941121,TMAX,172,,,a,
ASN00092045,19941122,TMAX,167,,,a,
ASN00092045,19941123,TMAX,154,,,a,
ASN00092045,19941124,TMAX,168,,,a,
ASN00092045,19941125,TMAX,250,,,a,
ASN00092045,19941126,TMAX,197,,,a,
ASN00092045,19941127,TMAX,214,,,a,
ASN00092045,19941128,TMAX,159,,,a,
ASN00092045,19941129,TMAX,159,,,a,
ASN00092045,19941130,TMAX,192,,,a,
ASN00092045,19941101,TMIN,126,,,a,
ASN00092045,19941102,TMIN,129,,,a,
ASN00092045,19941103,TMIN,128,,,a,
ASN00092045,19941104,TMIN,111,,,a,
ASN00092045,19941105,TMIN,90,,,a,
ASN00092045,19941106,TMIN,79,,,a,
ASN00092045,19941107,TMIN,60,,,a,
ASN00092045,19941108,TMIN,39,,,a,
ASN00092045,19941109,TMIN,42,,,a,
ASN00092045,19941110,TMIN,111,,,a,
ASN00092045,19941111,TMIN,100,,,a,
ASN00092045,19941112,TMIN,84,,,a,
ASN00092045,19941113,TMIN,76,,,a,
ASN00092045,19941114,TMIN,77,,,a,
ASN00092045,19941115,TMIN,77,,,a,
ASN00092045,19941116,TMIN,58,,,a,
ASN00092045,19941117,TMIN,113,,,a,
ASN00092045,19941118,TMIN,110,,,a,
ASN00092045,19941119,TMIN,120,,,a,
ASN00092045,19941120,TMIN,137,,,a,
ASN00092045,19941121,TMIN,87,,,a,
ASN00092045,19941122,TMIN,60,,,a,
ASN00092045,19941123,TMIN,71,,,a,
ASN00092045,19941124,TMIN,89,,,a,
ASN00092045,19941125,TMIN,128,,,a,
ASN00092045,19941126,TMIN,125,,,a,
ASN00092045,19941127,TMIN,116,,,a,
ASN00092045,19941128,TMIN,73,,,a,
ASN00092045,19941129,TMIN,118,,,a,
ASN00092045,19941130,TMIN,85,,,a,
ASN00092045,19941101,PRCP,0,,,a,
ASN00092045,19941102,PRCP,10,,,a,
ASN00092045,19941103,PRCP,200,,,a,
ASN00092045,19941104,PRCP,80,,,a,
ASN00092045,19941105,PRCP,66,,,a,
ASN00092045,19941106,PRCP,34,,,a,
ASN00092045,19941107,PRCP,0,,,a,
ASN00092045,19941108,PRCP,0,,,a,
ASN00092045,19941109,PRCP,0,,,a,
ASN00092045,19941110,PRCP,8,,,a,
ASN00092045,19941111,PRCP,0,,,a,
ASN00092045,19941112,PRCP,0,,,a,
ASN00092045,19941113,PRCP,0,,,a,
ASN00092045,19941114,PRCP,28,,,a,
ASN00092045,19941115,PRCP,2,,,a,
ASN00092045,19941116,PRCP,0,,,a,
ASN00092045,19941117,PRCP,0,,,a,
ASN00092045,19941118,PRCP,0,,,a,
ASN00092045,19941119,PRCP,0,,,a,
ASN00092045,19941120,PRCP,96,,,a,
ASN00092045,19941121,PRCP,154,,,a,
ASN00092045,19941122,PRCP,0,,,a,
ASN00092045,19941123,PRCP,0,,,a,
ASN00092045,19941124,PRCP,0,,,a,
ASN00092045,19941125,PRCP,0,,,a,
ASN00092045,19941126,PRCP,0,,,a,
ASN00092045,19941127,PRCP,2,,,a,
ASN00092045,19941128,PRCP,0,,,a,
ASN00092045,19941129,PRCP,16,,,a,
ASN00092045,19941130,PRCP,36,,,a,
ASN00092045,19941101,TAVG,143,H,,S,
ASN00092045,19941102,TAVG,133,H,,S,
ASN00092045,19941103,TAVG,124,H,,S,
ASN00092045,19941104,TAVG,116,H,,S,
ASN00092045,19941105,TAVG,115,H,,S,
ASN00092045,19941106,TAVG,97,H,,S,
ASN00092045,19941107,TAVG,92,H,,S,
ASN00092045,19941108,TAVG,97,H,,S,
ASN00092045,19941109,TAVG,135,H,,S,
ASN00092045,19941110,TAVG,142,H,,S,
ASN00092045,19941111,TAVG,137,H,,S,
ASN00092045,19941112,TAVG,127,H,,S,
ASN00092045,19941113,TAVG,122,H,,S,
ASN00092045,19941114,TAVG,122,H,,S,
ASN00092045,19941115,TAVG,114,H,,S,
ASN00092045,19941116,TAVG,136,H,,S,
ASN00092045,19941117,TAVG,143,H,,S,
ASN00092045,19941118,TAVG,129,H,,S,
ASN00092045,19941119,TAVG,146,H,,S,
ASN00092045,19941120,TAVG,114,H,,S,
ASN00092045,19941121,TAVG,117,H,,S,
ASN00092045,19941122,TAVG,119,H,,S,
ASN00092045,19941123,TAVG,121,H,,S,
ASN00092045,19941124,TAVG,148,H,,S,
ASN00092045,19941125,TAVG,158,H,,S,
ASN00092045,19941126,TAVG,151,H,,S,
ASN00092045,19941127,TAVG,138,H,,S,
ASN00092045,19941128,TAVG,134,H,,S,
ASN00092045,19941129,TAVG,123,H,,S,
ASN00092045,19941130,TAVG,142,H,,S,
ASN00092045,19941201,TMAX,178,,,a,
ASN00092045,19941202,TMAX,166,,,a,
ASN00092045,19941203,TMAX,181,,,a,
ASN00092045,19941204,TMAX,185,,,a,
ASN00092045,19941205,TMAX,190,,,a,
ASN00092045,19941206,TMAX,220,,,a,
ASN00092045,19941207,TMAX,280,,,a,
ASN00092045,19941208,TMAX,162,,,a,
ASN00092045,19941211,TMAX,190,,,a,
ASN00092045,19941212,TMAX,221,,,a,
ASN00092045,19941213,TMAX,275,,,a,
ASN00092045,19941214,TMAX,184,,,a,
ASN00092045,19941215,TMAX,180,,,a,
ASN00092045,19941219,TMAX,174,,,a,
ASN00092045,19941220,TMAX,170,,,a,
ASN00092045,19941221,TMAX,169,,,a,
ASN00092045,19941222,TMAX,182,,,a,
ASN00092045,19941223,TMAX,200,,,a,
ASN00092045,19941224,TMAX,191,,,a,
ASN00092045,19941225,TMAX,185,,,a,
ASN00092045,19941226,TMAX,186,,,a,
ASN00092045,19941227,TMAX,217,,,a,
ASN00092045,19941228,TMAX,268,,,a,
ASN00092045,19941229,TMAX,204,,,a,
ASN00092045,19941230,TMAX,218,,,a,
ASN00092045,19941231,TMAX,217,,,a,
ASN00092045,19941201,TMIN,119,,,a,
ASN00092045,19941202,TMIN,85,,,a,
ASN00092045,19941203,TMIN,108,,,a,
ASN00092045,19941204,TMIN,107,,,a,
ASN00092045,19941205,TMIN,113,,,a,
ASN00092045,19941206,TMIN,127,,,a,
ASN00092045,19941207,TMIN,146,,,a,
ASN00092045,19941208,TMIN,95,,,a,
ASN00092045,19941209,TMIN,118,,,a,
ASN00092045,19941212,TMIN,127,,,a,
ASN00092045,19941213,TMIN,153,,,a,
ASN00092045,19941214,TMIN,112,,,a,
ASN00092045,19941215,TMIN,104,,,a,
ASN00092045,19941216,TMIN,142,,,a,
ASN00092045,19941220,TMIN,126,,,a,
ASN00092045,19941221,TMIN,137,,,a,
ASN00092045,19941222,TMIN,127,,,a,
ASN00092045,19941223,TMIN,112,,,a,
ASN00092045,19941224,TMIN,118,,,a,
ASN00092045,19941225,TMIN,133,,,a,
ASN00092045,19941226,TMIN,123,,,a,
ASN00092045,19941227,TMIN,143,,,a,
ASN00092045,19941228,TMIN,118,,,a,
ASN00092045,19941229,TMIN,107,,,a,
ASN00092045,19941230,TMIN,132,,,a,
ASN00092045,19941231,TMIN,123,,,a,
ASN00092045,19941201,PRCP,0,,,a,
ASN00092045,19941202,PRCP,0,,,a,
ASN00092045,19941203,PRCP,0,,,a,
ASN00092045,19941204,PRCP,2,,,a,
ASN00092045,19941205,PRCP,2,,,a,
ASN00092045,19941206,PRCP,0,,,a,
ASN00092045,19941207,PRCP,0,,,a,
ASN00092045,19941208,PRCP,6,,,a,
ASN00092045,19941209,PRCP,0,,,a,
ASN00092045,19941210,PRCP,0,,,a,
ASN00092045,19941211,PRCP,0,,,a,
ASN00092045,19941212,PRCP,0,,,a,
ASN00092045,19941213,PRCP,0,,,a,
ASN00092045,19941214,PRCP,0,,,a,
ASN00092045,19941215,PRCP,0,,,a,
ASN00092045,19941216,PRCP,0,,,a,
ASN00092045,19941217,PRCP,0,,,a,
ASN00092045,19941218,PRCP,0,,,a,
ASN00092045,19941219,PRCP,0,,,a,
ASN00092045,19941220,PRCP,76,,,a,
ASN00092045,19941221,PRCP,8,,,a,
ASN00092045,19941222,PRCP,4,,,a,
ASN00092045,19941223,PRCP,0,,,a,
ASN00092045,19941224,PRCP,0,,,a,
ASN00092045,19941225,PRCP,0,,,a,
ASN00092045,19941226,PRCP,0,,,a,
ASN00092045,19941227,PRCP,0,,,a,
ASN00092045,19941228,PRCP,0,,,a,
ASN00092045,19941229,PRCP,2,,,a,
ASN00092045,19941230,PRCP,0,,,a,
ASN00092045,19941231,PRCP,0,,,a,
ASN00092045,19941211,DATN,2,,,a,
ASN00092045,19941219,DATN,3,,,a,
ASN00092045,19941210,DATX,2,,,a,
ASN00092045,19941218,DATX,3,,,a,
ASN00092045,19941211,MDTN,92,,,a,
ASN00092045,19941219,MDTN,129,,,a,
ASN00092045,19941210,MDTX,204,,,a,
ASN00092045,19941218,MDTX,226,,,a,
ASN00092045,19941201,TAVG,126,H,,S,
ASN00092045,19941202,TAVG,139,H,,S,
ASN00092045,19941203,TAVG,146,H,,S,
ASN00092045,19941204,TAVG,162,H,,S,
ASN00092045,19941205,TAVG,151,H,,S,
ASN00092045,19941206,TAVG,171,H,,S,
ASN00092045,19941207,TAVG,174,H,,S,
ASN00092045,19941208,TAVG,138,H,,S,
ASN00092045,19941209,TAVG,128,H,,S,
ASN00092045,19941210,TAVG,156,H,,S,
ASN00092045,19941211,TAVG,156,H,,S,
ASN00092045,19941212,TAVG,174,H,,S,
ASN00092045,19941213,TAVG,181,H,,S,
ASN00092045,19941214,TAVG,144,H,,S,
ASN00092045,19941215,TAVG,154,H,,S,
ASN00092045,19941216,TAVG,164,H,,S,
ASN00092045,19941217,TAVG,172,H,,S,
ASN00092045,19941218,TAVG,173,H,,S,
ASN00092045,19941220,TAVG,148,H,,S,
ASN00092045,19941221,TAVG,147,H,,S,
ASN00092045,19941222,TAVG,147,H,,S,
ASN00092045,19941223,TAVG,156,H,,S,
ASN00092045,19941224,TAVG,154,H,,S,
ASN00092045,19941225,TAVG,156,H,,S,
ASN00092045,19941226,TAVG,166,H,,S,
ASN00092045,19941227,TAVG,168,H,,S,
ASN00092045,19941228,TAVG,161,H,,S,
ASN00092045,19941229,TAVG,163,H,,S,
ASN00092045,19941230,TAVG,168,H,,S,
ASN00092045,19941231,TAVG,167,H,,S,
ASN00092045,19950101,TMAX,227,,,a,
ASN00092045,19950102,TMAX,167,,,a,
ASN00092045,19950103,TMAX,178,,,a,
ASN00092045,19950104,TMAX,212,,,a,
ASN00092045,19950105,TMAX,186,,,a,
ASN00092045,19950109,TMAX,187,,,a,
ASN00092045,19950110,TMAX,201,,,a,
ASN00092045,19950111,TMAX,215,,,a,
ASN00092045,19950112,TMAX,223,,,a,
ASN00092045,19950113,TMAX,215,,,a,
ASN00092045,19950114,TMAX,213,,,a,
ASN00092045,19950115,TMAX,212,,,a,
ASN00092045,19950116,TMAX,201,,,a,
ASN00092045,19950117,TMAX,210,,,a,
ASN00092045,19950118,TMAX,208,,,a,
ASN00092045,19950119,TMAX,204,,,a,
ASN00092045,19950120,TMAX,194,,,a,
ASN00092045,19950121,TMAX,204,,,a,
ASN00092045,19950122,TMAX,180,,,a,
ASN00092045,19950123,TMAX,200,,,a,
ASN00092045,19950124,TMAX,204,,,a,
ASN00092045,19950125,TMAX,198,,,a,
ASN00092045,19950126,TMAX,192,,,a,
ASN00092045,19950131,TMAX,196,,,a,
ASN00092045,19950101,TMIN,132,,,a,
ASN00092045,19950102,TMIN,106,,,a,
ASN00092045,19950103,TMIN,125,,,a,
ASN00092045,19950104,TMIN,152,,,a,
ASN00092045,19950105,TMIN,149,,,a,
ASN00092045,19950106,TMIN,155,,,a,
ASN00092045,19950110,TMIN,160,,,a,
ASN00092045,19950111,TMIN,167,,,a,
ASN00092045,19950112,TMIN,165,,,a,
ASN00092045,19950113,TMIN,157,,,a,
ASN00092045,19950114,TMIN,164,,,a,
ASN00092045,19950115,TMIN,164,,,a,
ASN00092045,19950116,TMIN,151,,,a,
ASN00092045,19950117,TMIN,159,,,a,
ASN00092045,19950118,TMIN,163,,,a,
ASN00092045,19950119,TMIN,155,,,a,
ASN00092045,19950120,TMIN,180,,,a,
ASN00092045,19950121,TMIN,121,,,a,
ASN00092045,19950122,TMIN,100,,,a,
ASN00092045,19950123,TMIN,140,,,a,
ASN00092045,19950124,TMIN,139,,,a,
ASN00092045,19950125,TMIN,154,,,a,
ASN00092045,19950126,TMIN,149,,,a,
ASN00092045,19950127,TMIN,145,,,a,
ASN00092045,19950101,PRCP,4,,,a,
ASN00092045,19950102,PRCP,0,,,a,
ASN00092045,19950103,PRCP,0,,,a,
ASN00092045,19950104,PRCP,0,,,a,
ASN00092045,19950105,PRCP,0,,,a,
ASN00092045,19950106,PRCP,222,,,a,
ASN00092045,19950110,PRCP,0,,,a,
ASN00092045,19950111,PRCP,0,,,a,
ASN00092045,19950112,PRCP,0,,,a,
ASN00092045,19950113,PRCP,0,,,a,
ASN00092045,19950114,PRCP,0,,,a,
ASN00092045,19950115,PRCP,10,,,a,
ASN00092045,19950116,PRCP,0,,,a,
ASN00092045,19950117,PRCP,0,,,a,
ASN00092045,19950118,PRCP,0,,,a,
ASN00092045,19950119,PRCP,76,,,a,
ASN00092045,19950120,PRCP,0,,,a,
ASN00092045,19950121,PRCP,342,,,a,
ASN00092045,19950122,PRCP,0,,,a,
ASN00092045,19950123,PRCP,0,,,a,
ASN00092045,19950124,PRCP,0,,,a,
ASN00092045,19950125,PRCP,0,,,a,
ASN00092045,19950126,PRCP,0,,,a,
ASN00092045,19950127,PRCP,0,,,a,
ASN00092045,19950128,PRCP,80,,,a,
ASN00092045,19950129,PRCP,790,,,a,
ASN00092045,19950130,PRCP,80,,,a,
ASN00092045,19950131,PRCP,0,,,a,
ASN00092045,19950109,DAPR,3,,,a,
ASN00092045,19950109,DATN,3,,,a,
ASN00092045,19950131,DATN,4,,,a,
ASN00092045,19950108,DATX,3,,,a,
ASN00092045,19950130,DATX,4,,,a,
ASN00092045,19950109,DWPR,3,,,a,
ASN00092045,19950109,MDPR,38,,,a,
ASN00092045,19950109,MDTN,105,,,a,
ASN00092045,19950131,MDTN,109,,,a,
ASN00092045,19950108,MDTX,200,,,a,
ASN00092045,19950130,MDTX,225,,,a,
ASN00092045,19950101,TAVG,147,H,,S,
ASN00092045,19950102,TAVG,142,H,,S,
ASN00092045,19950103,TAVG,164,H,,S,
ASN00092045,19950104,TAVG,173,H,,S,
ASN00092045,19950105,TAVG,163,H,,S,
ASN00092045,19950106,TAVG,142,H,,S,
ASN00092045,19950107,TAVG,136,H,,S,
ASN00092045,19950108,TAVG,154,H,,S,
ASN00092045,19950109,TAVG,171,H,,S,
ASN00092045,19950110,TAVG,181,H,,S,
ASN00092045,19950111,TAVG,184,H,,S,
ASN00092045,19950112,TAVG,176,H,,S,
ASN00092045,19950113,TAVG,183,H,,S,
ASN00092045,19950114,TAVG,178,H,,S,
ASN00092045,19950115,TAVG,181,H,,S,
ASN00092045,19950116,TAVG,167,H,,S,
ASN00092045,19950117,TAVG,179,H,,S,
ASN00092045,19950118,TAVG,175,H,,S,
ASN00092045,19950119,TAVG,186,H,,S,
ASN00092045,19950120,TAVG,160,H,,S,
ASN00092045,19950121,TAVG,149,H,,S,
ASN00092045,19950122,TAVG,164,H,,S,
ASN00092045,19950123,TAVG,174,H,,S,
ASN00092045,19950124,TAVG,176,H,,S,
ASN00092045,19950125,TAVG,163,H,,S,
ASN00092045,19950126,TAVG,166,H,,S,
ASN00092045,19950127,TAVG,162,H,,S,
ASN00092045,19950128,TAVG,166,H,,S,
ASN00092045,19950129,TAVG,168,H,,S,
ASN00092045,19950130,TAVG,184,H,,S,
ASN00092045,19950131,TAVG,154,H,,S,
ASN00092045,19950201,TMAX,196,,,a,
ASN00092045,19950202,TMAX,223,,,a,
ASN00092045,19950203,TMAX,172,,,a,
ASN00092045,19950204,TMAX,194,,,a,
ASN00092045,19950205,TMAX,193,,,a,
ASN00092045,19950206,TMAX,196,,,a,
ASN00092045,19950207,TMAX,196,,,a,
ASN00092045,19950208,TMAX,195,,,a,
ASN00092045,19950209,TMAX,185,,,a,
ASN00092045,19950210,TMAX,216,,,a,
ASN00092045,19950211,TMAX,191,,,a,
ASN00092045,19950212,TMAX,214,,,a,
ASN00092045,19950213,TMAX,211,,,a,
ASN00092045,19950214,TMAX,218,,,a,
ASN00092045,19950215,TMAX,213,,,a,
ASN00092045,19950216,TMAX,236,,,a,
ASN00092045,19950217,TMAX,202,,,a,
ASN00092045,19950218,TMAX,195,,,a,
ASN00092045,19950219,TMAX,206,,,a,
ASN00092045,19950220,TMAX,207,,,a,
ASN00092045,19950221,TMAX,207,,,a,
ASN00092045,19950222,TMAX,227,,,a,
ASN00092045,19950223,TMAX,183,,,a,
ASN00092045,19950228,TMAX,211,,,a,
ASN00092045,19950201,TMIN,117,,,a,
ASN00092045,19950202,TMIN,141,,,a,
ASN00092045,19950203,TMIN,147,,,a,
ASN00092045,19950204,TMIN,137,,,a,
ASN00092045,19950205,TMIN,148,,,a,
ASN00092045,19950206,TMIN,105,,,a,
ASN00092045,19950207,TMIN,100,,,a,
ASN00092045,19950208,TMIN,107,,,a,
ASN00092045,19950209,TMIN,105,,,a,
ASN00092045,19950210,TMIN,139,,,a,
ASN00092045,19950211,TMIN,134,,,a,
ASN00092045,19950212,TMIN,159,,,a,
ASN00092045,19950213,TMIN,170,,,a,
ASN00092045,19950214,TMIN,162,,,a,
ASN00092045,19950215,TMIN,177,,,a,
ASN00092045,19950216,TMIN,180,,,a,
ASN00092045,19950217,TMIN,110,,,a,
ASN00092045,19950218,TMIN,127,,,a,
ASN00092045,19950219,TMIN,136,,,a,
ASN00092045,19950220,TMIN,150,,,a,
ASN00092045,19950221,TMIN,162,,,a,
ASN00092045,19950222,TMIN,146,,,a,
ASN00092045,19950223,TMIN,83,,,a,
ASN00092045,19950224,TMIN,130,,,a,
ASN00092045,19950201,PRCP,0,,,a,
ASN00092045,19950202,PRCP,0,,,a,
ASN00092045,19950203,PRCP,50,,,a,
ASN00092045,19950204,PRCP,62,,,a,
ASN00092045,19950205,PRCP,0,,,a,
ASN00092045,19950206,PRCP,22,,,a,
ASN00092045,19950207,PRCP,4,,,a,
ASN00092045,19950208,PRCP,0,,,a,
ASN00092045,19950209,PRCP,0,,,a,
ASN00092045,19950210,PRCP,0,,,a,
ASN00092045,19950211,PRCP,0,,,a,
ASN00092045,19950212,PRCP,0,,,a,
ASN00092045,19950213,PRCP,0,,,a,
ASN00092045,19950214,PRCP,0,,,a,
ASN00092045,19950215,PRCP,0,,,a,
ASN00092045,19950216,PRCP,0,,,a,
ASN00092045,19950217,PRCP,4,,,a,
ASN00092045,19950218,PRCP,0,,,a,
ASN00092045,19950219,PRCP,0,,,a,
ASN00092045,19950220,PRCP,0,,,a,
ASN00092045,19950221,PRCP,0,,,a,
ASN00092045,19950222,PRCP,0,,,a,
ASN00092045,19950223,PRCP,0,,,a,
ASN00092045,19950224,PRCP,0,,,a,
ASN00092045,19950228,DAPR,4,,,a,
ASN00092045,19950228,DATN,4,,,a,
ASN00092045,19950227,DATX,4,,,a,
ASN00092045,19950228,DWPR,4,,,a,
ASN00092045,19950228,MDPR,74,,,a,
ASN00092045,19950228,MDTN,131,,,a,
ASN00092045,19950227,MDTX,294,,,a,
ASN00092045,19950201,TAVG,171,H,,S,
ASN00092045,19950202,TAVG,175,H,,S,
ASN00092045,19950203,TAVG,149,H,,S,
ASN00092045,19950204,TAVG,177,H,,S,
ASN00092045,19950205,TAVG,148,H,,S,
ASN00092045,19950206,TAVG,146,H,,S,
ASN00092045,19950207,TAVG,155,H,,S,
ASN00092045,19950208,TAVG,150,H,,S,
ASN00092045,19950210,TAVG,169,H,,S,
ASN00092045,19950211,TAVG,177,H,,S,
ASN00092045,19950212,TAVG,186,H,,S,
ASN00092045,19950213,TAVG,187,H,,S,
ASN00092045,19950214,TAVG,189,H,,S,
ASN00092045,19950215,TAVG,193,H,,S,
ASN00092045,19950216,TAVG,173,H,,S,
ASN00092045,19950217,TAVG,178,H,,S,
ASN00092045,19950218,TAVG,167,H,,S,
ASN00092045,19950219,TAVG,176,H,,S,
ASN00092045,19950220,TAVG,182,H,,S,
ASN00092045,19950221,TAVG,184,H,,S,
ASN00092045,19950222,TAVG,153,H,,S,
ASN00092045,19950225,TAVG,205,H,,S,
ASN00092045,19950226,TAVG,168,H,,S,
ASN00092045,19950228,TAVG,170,H,,S,
ASN00092045,19950301,TMAX,200,,,a,
ASN00092045,19950302,TMAX,204,,,a,
ASN00092045,19950303,TMAX,208,,,a,
ASN00092045,19950304,TMAX,214,,,a,
ASN00092045,19950305,TMAX,212,,,a,
ASN00092045,19950306,TMAX,220,,,a,
ASN00092045,19950307,TMAX,220,,,a,
ASN00092045,19950308,TMAX,241,,,a,
ASN00092045,19950309,TMAX,196,,,a,
ASN00092045,19950310,TMAX,221,,,a,
ASN00092045,19950311,TMAX,201,,,a,
ASN00092045,19950312,TMAX,194,,,a,
ASN00092045,19950313,TMAX,192,,,a,
ASN00092045,19950314,TMAX,226,,,a,
ASN00092045,19950315,TMAX,170,,,a,
ASN00092045,19950316,TMAX,179,,,a,
ASN00092045,19950317,TMAX,216,,,a,
ASN00092045,19950318,TMAX,198,,,a,
ASN00092045,19950319,TMAX,204,,,a,
ASN00092045,19950320,TMAX,228,,,a,
ASN00092045,19950321,TMAX,212,,,a,
ASN00092045,19950322,TMAX,210,,,a,
ASN00092045,19950323,TMAX,187,,,a,
ASN00092045,19950324,TMAX,178,,,a,
ASN00092045,19950325,TMAX,164,,,a,
ASN00092045,19950326,TMAX,169,,,a,
ASN00092045,19950327,TMAX,185,,,a,
ASN00092045,19950328,TMAX,191,,,a,
ASN00092045,19950329,TMAX,192,,,a,
ASN00092045,19950330,TMAX,170,,,a,
ASN00092045,19950331,TMAX,152,,,a,
ASN00092045,19950301,TMIN,148,,,a,
ASN00092045,19950302,TMIN,148,,,a,
ASN00092045,19950303,TMIN,152,,,a,
ASN00092045,19950304,TMIN,173,,,a,
ASN00092045,19950305,TMIN,177,,,a,
ASN00092045,19950306,TMIN,155,,,a,
ASN00092045,19950307,TMIN,170,,,a,
ASN00092045,19950308,TMIN,181,,,a,
ASN00092045,19950309,TMIN,131,,,a,
ASN00092045,19950310,TMIN,108,,,a,
ASN00092045,19950311,TMIN,108,,,a,
ASN00092045,19950312,TMIN,143,,,a,
ASN00092045,19950313,TMIN,72,,,a,
ASN00092045,19950314,TMIN,120,,,a,
ASN00092045,19950315,TMIN,120,,,a,
ASN00092045,19950316,TMIN,107,,,a,
ASN00092045,19950317,TMIN,118,,,a,
ASN00092045,19950318,TMIN,93,,,a,
ASN00092045,19950319,TMIN,93,,,a,
ASN00092045,19950320,TMIN,121,,,a,
ASN00092045,19950321,TMIN,150,,,a,
ASN00092045,19950322,TMIN,149,,,a,
ASN00092045,19950323,TMIN,97,,,a,
ASN00092045,19950324,TMIN,120,,,a,
ASN00092045,19950325,TMIN,71,,,a,
ASN00092045,19950326,TMIN,102,,,a,
ASN00092045,19950327,TMIN,98,,,a,
ASN00092045,19950328,TMIN,80,,,a,
ASN00092045,19950329,TMIN,98,,,a,
ASN00092045,19950330,TMIN,95,,,a,
ASN00092045,19950331,TMIN,38,,,a,
ASN00092045,19950301,PRCP,0,,,a,
ASN00092045,19950302,PRCP,0,,,a,
ASN00092045,19950303,PRCP,6,,,a,
ASN00092045,19950304,PRCP,0,,,a,
ASN00092045,19950305,PRCP,0,,,a,
ASN00092045,19950306,PRCP,0,,,a,
ASN00092045,19950307,PRCP,0,,,a,
ASN00092045,19950308,PRCP,18,,,a,
ASN00092045,19950309,PRCP,114,,,a,
ASN00092045,19950310,PRCP,8,,,a,
ASN00092045,19950311,PRCP,0,,,a,
ASN00092045,19950312,PRCP,0,,,a,
ASN00092045,19950313,PRCP,0,,,a,
ASN00092045,19950314,PRCP,0,,,a,
ASN00092045,19950315,PRCP,0,,,a,
ASN00092045,19950316,PRCP,0,,,a,
ASN00092045,19950317,PRCP,0,,,a,
ASN00092045,19950318,PRCP,12,,,a,
ASN00092045,19950319,PRCP,4,,,a,
ASN00092045,19950320,PRCP,0,,,a,
ASN00092045,19950321,PRCP,0,,,a,
ASN00092045,19950322,PRCP,0,,,a,
ASN00092045,19950323,PRCP,0,,,a,
ASN00092045,19950324,PRCP,42,,,a,
ASN00092045,19950325,PRCP,2,,,a,
ASN00092045,19950326,PRCP,0,,,a,
ASN00092045,19950327,PRCP,6,,,a,
ASN00092045,19950328,PRCP,0,,,a,
ASN00092045,19950329,PRCP,0,,,a,
ASN00092045,19950330,PRCP,0,,,a,
ASN00092045,19950331,PRCP,20,,,a,
ASN00092045,19950301,TAVG,167,H,,S,
ASN00092045,19950303,TAVG,189,H,,S,
ASN00092045,19950304,TAVG,189,H,,S,
ASN00092045,19950306,TAVG,193,H,,S,
ASN00092045,19950308,TAVG,163,H,,S,
ASN00092045,19950309,TAVG,152,H,,S,
ASN00092045,19950310,TAVG,175,H,,S,
ASN00092045,19950312,TAVG,129,H,,S,
ASN00092045,19950313,TAVG,159,H,,S,
ASN00092045,19950314,TAVG,162,H,,S,
ASN00092045,19950315,TAVG,138,H,,S,
ASN00092045,19950316,TAVG,149,H,,S,
ASN00092045,19950317,TAVG,155,H,,S,
ASN00092045,19950318,TAVG,147,H,,S,
ASN00092045,19950319,TAVG,160,H,,S,
ASN00092045,19950320,TAVG,184,H,,S,
ASN00092045,19950321,TAVG,172,H,,S,
ASN00092045,19950322,TAVG,146,H,,S,
ASN00092045,19950323,TAVG,145,H,,S,
ASN00092045,19950324,TAVG,123,H,,S,
ASN00092045,19950325,TAVG,134,H,,S,
ASN00092045,19950326,TAVG,133,H,,S,
ASN00092045,19950327,TAVG,126,H,,S,
ASN00092045,19950328,TAVG,141,H,,S,
ASN00092045,19950329,TAVG,148,H,,S,
ASN00092045,19950330,TAVG,104,H,,S,
ASN00092045,19950331,TAVG,106,H,,S,
ASN00092045,19950401,TMAX,164,,,a,
ASN00092045,19950402,TMAX,177,,,a,
ASN00092045,19950403,TMAX,156,,,a,
ASN00092045,19950404,TMAX,170,,,a,
ASN00092045,19950405,TMAX,154,,,a,
ASN00092045,19950406,TMAX,169,,,a,
ASN00092045,19950407,TMAX,154,,,a,
ASN00092045,19950408,TMAX,145,,,a,
ASN00092045,19950409,TMAX,155,,,a,
ASN00092045,19950410,TMAX,148,,,a,
ASN00092045,19950411,TMAX,165,,,a,
ASN00092045,19950412,TMAX,190,,,a,
ASN00092045,19950413,TMAX,157,,,a,
ASN00092045,19950414,TMAX,180,,,a,
ASN00092045,19950415,TMAX,185,,,a,
ASN00092045,19950416,TMAX,186,,,a,
ASN00092045,19950417,TMAX,182,,,a,
ASN00092045,19950418,TMAX,177,,,a,
ASN00092045,19950419,TMAX,175,,,a,
ASN00092045,19950420,TMAX,150,,,a,
ASN00092045,19950425,TMAX,182,,,a,
ASN00092045,19950401,TMIN,61,,,a,
ASN00092045,19950402,TMIN,58,,,a,
ASN00092045,19950403,TMIN,90,,,a,
ASN00092045,19950404,TMIN,114,,,a,
ASN00092045,19950405,TMIN,134,,,a,
ASN00092045,19950406,TMIN,82,,,a,
ASN00092045,19950407,TMIN,81,,,a,
ASN00092045,19950408,TMIN,91,,,a,
ASN00092045,19950409,TMIN,53,,,a,
ASN00092045,19950410,TMIN,56,,,a,
ASN00092045,19950411,TMIN,86,,,a,
ASN00092045,19950412,TMIN,100,,,a,
ASN00092045,19950413,TMIN,103,,,a,
ASN00092045,19950414,TMIN,127,,,a,
ASN00092045,19950415,TMIN,152,,,a,
ASN00092045,19950416,TMIN,158,,,a,
ASN00092045,19950417,TMIN,123,,,a,
ASN00092045,19950418,TMIN,125,,,a,
ASN00092045,19950419,TMIN,87,,,a,
ASN00092045,19950420,TMIN,62,,,a,
ASN00092045,19950421,TMIN,86,,,a,
ASN00092045,19950401,PRCP,0,,,a,
ASN00092045,19950402,PRCP,32,,,a,
ASN00092045,19950403,PRCP,20,,,a,
ASN00092045,19950404,PRCP,0,,,a,
ASN00092045,19950405,PRCP,20,,,a,
ASN00092045,19950406,PRCP,36,,,a,
ASN00092045,19950407,PRCP,60,,,a,
ASN00092045,19950408,PRCP,50,,,a,
ASN00092045,19950409,PRCP,0,,,a,
ASN00092045,19950410,PRCP,0,,,a,
ASN00092045,19950411,PRCP,0,,,a,
ASN00092045,19950412,PRCP,0,,,a,
ASN00092045,19950413,PRCP,0,,,a,
ASN00092045,19950414,PRCP,0,,,a,
ASN00092045,19950415,PRCP,0,,,a,
ASN00092045,19950416,PRCP,0,,,a,
ASN00092045,19950417,PRCP,42,,,a,
ASN00092045,19950418,PRCP,0,,,a,
ASN00092045,19950419,PRCP,46,,,a,
ASN00092045,19950420,PRCP,96,,,a,
ASN00092045,19950421,PRCP,48,,,a,
ASN00092045,19950426,PRCP,20,,,a,
ASN00092045,19950427,PRCP,0,,,a,
ASN00092045,19950428,PRCP,0,,,a,
ASN00092045,19950429,PRCP,0,,,a,
ASN00092045,19950430,PRCP,0,,,a,
ASN00092045,19950425,DAPR,4,,,a,
ASN00092045,19950425,DATN,4,,,a,
ASN00092045,19950424,DATX,4,,,a,
ASN00092045,19950425,DWPR,4,,,a,
ASN00092045,19950425,MDPR,66,,,a,
ASN00092045,19950425,MDTN,80,,,a,
ASN00092045,19950424,MDTX,175,,,a,
ASN00092045,19950401,TAVG,111,H,,S,
ASN00092045,19950402,TAVG,125,H,,S,
ASN00092045,19950403,TAVG,142,H,,S,
ASN00092045,19950404,TAVG,150,H,,S,
ASN00092045,19950405,TAVG,118,H,,S,
ASN00092045,19950406,TAVG,118,H,,S,
ASN00092045,19950407,TAVG,119,H,,S,
ASN00092045,19950408,TAVG,89,H,,S,
ASN00092045,19950409,TAVG,111,H,,S,
ASN00092045,19950410,TAVG,127,H,,S,
ASN00092045,19950411,TAVG,129,H,,S,
ASN00092045,19950412,TAVG,135,H,,S,
ASN00092045,19950413,TAVG,139,H,,S,
ASN00092045,19950414,TAVG,161,H,,S,
ASN00092045,19950415,TAVG,163,H,,S,
ASN00092045,19950416,TAVG,154,H,,S,
ASN00092045,19950417,TAVG,149,H,,S,
ASN00092045,19950418,TAVG,127,H,,S,
ASN00092045,19950419,TAVG,118,H,,S,
ASN00092045,19950420,TAVG,118,H,,S,
ASN00092045,19950421,TAVG,127,H,,S,
ASN00092045,19950422,TAVG,142,H,,S,
ASN00092045,19950423,TAVG,128,H,,S,
ASN00092045,19950424,TAVG,124,H,,S,
ASN00092045,19950425,TAVG,132,H,,S,
ASN00092045,19950426,TAVG,137,H,,S,
ASN00092045,19950427,TAVG,114,H,,S,
ASN00092045,19950428,TAVG,131,H,,S,
ASN00092045,19950429,TAVG,153,H,,S,
ASN00092045,19950430,TAVG,134,H,,S,
ASN00092045,19950502,TMAX,140,,,a,
ASN00092045,19950503,TMAX,137,,,a,
ASN00092045,19950504,TMAX,150,,,a,
ASN00092045,19950505,TMAX,160,,,a,
ASN00092045,19950506,TMAX,160,,,a,
ASN00092045,19950507,TMAX,151,,,a,
ASN00092045,19950508,TMAX,157,,,a,
ASN00092045,19950509,TMAX,147,,,a,
ASN00092045,19950510,TMAX,173,,,a,
ASN00092045,19950511,TMAX,158,,,a,
ASN00092045,19950512,TMAX,178,,,a,
ASN00092045,19950513,TMAX,173,,,a,
ASN00092045,19950514,TMAX,184,,,a,
ASN00092045,19950515,TMAX,165,,,a,
ASN00092045,19950516,TMAX,156,,,a,
ASN00092045,19950517,TMAX,152,,,a,
ASN00092045,19950518,TMAX,157,,,a,
ASN00092045,19950519,TMAX,161,,,a,
ASN00092045,19950520,TMAX,166,,,a,
ASN00092045,19950521,TMAX,160,,L,a,
ASN00092045,19950522,TMAX,143,,L,a,
ASN00092045,19950523,TMAX,159,,L,a,
ASN00092045,19950524,TMAX,146,,L,a,
ASN00092045,19950525,TMAX,152,,L,a,
ASN00092045,19950527,TMAX,120,,,a,
ASN00092045,19950528,TMAX,148,,,a,
ASN00092045,19950529,TMAX,151,,,a,
ASN00092045,19950530,TMAX,157,,,a,
ASN00092045,19950531,TMAX,158,,,a,
ASN00092045,19950503,TMIN,81,,,a,
ASN00092045,19950504,TMIN,74,,,a,
ASN00092045,19950505,TMIN,71,,,a,
ASN00092045,19950506,TMIN,85,,,a,
ASN00092045,19950507,TMIN,82,,,a,
ASN00092045,19950508,TMIN,83,,,a,
ASN00092045,19950509,TMIN,117,,,a,
ASN00092045,19950510,TMIN,107,,,a,
ASN00092045,19950511,TMIN,131,,,a,
ASN00092045,19950512,TMIN,129,,,a,
ASN00092045,19950513,TMIN,147,,,a,
ASN00092045,19950516,TMIN,75,,,a,
ASN00092045,19950517,TMIN,64,,,a,
ASN00092045,19950518,TMIN,89,,,a,
ASN00092045,19950519,TMIN,109,,,a,
ASN00092045,19950520,TMIN,81,,,a,
ASN00092045,19950521,TMIN,75,,,a,
ASN00092045,19950522,TMIN,75,,L,a,
ASN00092045,19950523,TMIN,85,,L,a,
ASN00092045,19950524,TMIN,80,,L,a,
ASN00092045,19950525,TMIN,111,,L,a,
ASN00092045,19950528,TMIN,50,,,a,
ASN00092045,19950529,TMIN,70,,,a,
ASN00092045,19950530,TMIN,80,,,a,
ASN00092045,19950531,TMIN,79,,,a,
ASN00092045,19950503,PRCP,10,,,a,
ASN00092045,19950504,PRCP,0,,,a,
ASN00092045,19950505,PRCP,0,,,a,
ASN00092045,19950506,PRCP,0,,,a,
ASN00092045,19950507,PRCP,0,,,a,
ASN00092045,19950508,PRCP,0,,,a,
ASN00092045,19950509,PRCP,0,,,a,
ASN00092045,19950510,PRCP,0,,,a,
ASN00092045,19950511,PRCP,0,,,a,
ASN00092045,19950516,PRCP,0,,,a,
ASN00092045,19950517,PRCP,0,,,a,
ASN00092045,19950518,PRCP,0,,,a,
ASN00092045,19950519,PRCP,0,,,a,
ASN00092045,19950520,PRCP,2,,,a,
ASN00092045,19950521,PRCP,2,,,a,
ASN00092045,19950528,PRCP,0,,,a,
ASN00092045,19950529,PRCP,0,,,a,
ASN00092045,19950530,PRCP,0,,,a,
ASN00092045,19950531,PRCP,0,,,a,
ASN00092045,19950502,DAPR,2,,,a,
ASN00092045,19950515,DAPR,4,,,a,
ASN00092045,19950527,DAPR,6,,,a,
ASN00092045,19950502,DATN,6,,,a,
ASN00092045,19950515,DATN,2,,,a,
ASN00092045,19950527,DATN,6,,L,a,
ASN00092045,19950501,DATX,6,,,a,
ASN00092045,19950526,DATX,6,,L,a,
ASN00092045,19950502,DWPR,2,,,a,
ASN00092045,19950515,DWPR,4,,,a,
ASN00092045,19950527,DWPR,6,,,a,
ASN00092045,19950502,MDPR,296,,,a,
ASN00092045,19950515,MDPR,108,,,a,
ASN00092045,19950527,MDPR,114,,,a,
ASN00092045,19950502,MDTN,56,,,a,
ASN00092045,19950515,MDTN,86,,,a,
ASN00092045,19950527,MDTN,37,,L,a,
ASN00092045,19950501,MDTX,196,,,a,
ASN00092045,19950526,MDTX,164,,L,a,
ASN00092045,19950501,TAVG,127,H,,S,
ASN00092045,19950502,TAVG,114,H,,S,
ASN00092045,19950503,TAVG,107,H,,S,
ASN00092045,19950504,TAVG,109,H,,S,
ASN00092045,19950505,TAVG,122,H,,S,
ASN00092045,19950506,TAVG,119,H,,S,
ASN00092045,19950507,TAVG,116,H,,S,
ASN00092045,19950508,TAVG,128,H,,S,
ASN00092045,19950509,TAVG,134,H,,S,
ASN00092045,19950510,TAVG,144,H,,S,
ASN00092045,19950511,TAVG,142,H,,S,
ASN00092045,19950512,TAVG,157,H,,S,
ASN00092045,19950513,TAVG,133,H,,S,
ASN00092045,19950514,TAVG,115,H,,S,
ASN00092045,19950515,TAVG,116,H,,S,
ASN00092045,19950516,TAVG,115,H,,S,
ASN00092045,19950517,TAVG,119,H,,S,
ASN00092045,19950518,TAVG,134,H,,S,
ASN00092045,19950519,TAVG,122,H,,S,
ASN00092045,19950520,TAVG,117,H,,S,
ASN00092045,19950521,TAVG,114,H,,S,
ASN00092045,19950522,TAVG,114,H,,S,
ASN00092045,19950523,TAVG,113,H,,S,
ASN00092045,19950524,TAVG,133,H,,S,
ASN00092045,19950525,TAVG,115,H,,S,
ASN00092045,19950526,TAVG,76,H,,S,
ASN00092045,19950527,TAVG,84,H,,S,
ASN00092045,19950528,TAVG,102,H,,S,
ASN00092045,19950529,TAVG,106,H,,S,
ASN00092045,19950530,TAVG,111,H,,S,
ASN00092045,19950531,TAVG,119,H,,S,
ASN00092045,19950601,TMAX,128,,,a,
ASN00092045,19950602,TMAX,143,,,a,
ASN00092045,19950603,TMAX,132,,,a,
ASN00092045,19950604,TMAX,131,,,a,
ASN00092045,19950605,TMAX,135,,,a,
ASN00092045,19950606,TMAX,147,,,a,
ASN00092045,19950607,TMAX,150,,,a,
ASN00092045,19950608,TMAX,155,,,a,
ASN00092045,19950609,TMAX,153,,,a,
ASN00092045,19950610,TMAX,137,,,a,
ASN00092045,19950611,TMAX,146,,,a,
ASN00092045,19950612,TMAX,139,,,a,
ASN00092045,19950613,TMAX,126,,,a,
ASN00092045,19950614,TMAX,118,,,a,
ASN00092045,19950615,TMAX,143,,,a,
ASN00092045,19950616,TMAX,106,,,a,
ASN00092045,19950617,TMAX,92,,,a,
ASN00092045,19950618,TMAX,140,,,a,
ASN00092045,19950619,TMAX,140,,,a,
ASN00092045,19950620,TMAX,127,,,a,
ASN00092045,19950621,TMAX,106,,,a,
ASN00092045,19950622,TMAX,114,,,a,
ASN00092045,19950623,TMAX,125,,,a,
ASN00092045,19950624,TMAX,134,,,a,
ASN00092045,19950625,TMAX,145,,,a,
ASN00092045,19950626,TMAX,138,,,a,
ASN00092045,19950627,TMAX,124,,,a,
ASN00092045,19950628,TMAX,125,,,a,
ASN00092045,19950629,TMAX,132,,,a,
ASN00092045,19950601,TMIN,99,,,a,
ASN00092045,19950602,TMIN,90,,,a,
ASN00092045,19950603,TMIN,65,,,a,
ASN00092045,19950604,TMIN,63,,,a,
ASN00092045,19950605,TMIN,67,,,a,
ASN00092045,19950606,TMIN,102,,,a,
ASN00092045,19950607,TMIN,113,,,a,
ASN00092045,19950608,TMIN,132,,,a,
ASN00092045,19950609,TMIN,131,,,a,
ASN00092045,19950610,TMIN,125,,,a,
ASN00092045,19950611,TMIN,91,,,a,
ASN00092045,19950612,TMIN,75,,,a,
ASN00092045,19950613,TMIN,71,,,a,
ASN00092045,19950614,TMIN,83,,,a,
ASN00092045,19950615,TMIN,67,,,a,
ASN00092045,19950616,TMIN,56,,,a,
ASN00092045,19950617,TMIN,60,,,a,
ASN00092045,19950618,TMIN,24,,,a,
ASN00092045,19950619,TMIN,69,,,a,
ASN00092045,19950620,TMIN,33,,,a,
ASN00092045,19950621,TMIN,31,,,a,
ASN00092045,19950622,TMIN,34,,,a,
ASN00092045,19950623,TMIN,55,,,a,
ASN00092045,19950624,TMIN,65,,,a,
ASN00092045,19950625,TMIN,68,,,a,
ASN00092045,19950626,TMIN,99,,,a,
ASN00092045,19950627,TMIN,46,,,a,
ASN00092045,19950628,TMIN,57,,,a,
ASN00092045,19950629,TMIN,66,,,a,
ASN00092045,19950630,TMIN,62,,,a,
ASN00092045,19950601,PRCP,16,,,a,
ASN00092045,19950602,PRCP,0,,,a,
ASN00092045,19950603,PRCP,0,,,a,
ASN00092045,19950604,PRCP,0,,,a,
ASN00092045,19950605,PRCP,2,,,a,
ASN00092045,19950606,PRCP,4,,,a,
ASN00092045,19950607,PRCP,28,,,a,
ASN00092045,19950608,PRCP,102,,,a,
ASN00092045,19950609,PRCP,12,,,a,
ASN00092045,19950610,PRCP,108,,,a,
ASN00092045,19950611,PRCP,142,,,a,
ASN00092045,19950612,PRCP,4,,,a,
ASN00092045,19950613,PRCP,0,,,a,
ASN00092045,19950614,PRCP,0,,,a,
ASN00092045,19950615,PRCP,0,,,a,
ASN00092045,19950616,PRCP,2,,,a,
ASN00092045,19950617,PRCP,10,,,a,
ASN00092045,19950618,PRCP,0,,,a,
ASN00092045,19950619,PRCP,0,,,a,
ASN00092045,19950620,PRCP,0,,,a,
ASN00092045,19950621,PRCP,4,,,a,
ASN00092045,19950622,PRCP,0,,,a,
ASN00092045,19950623,PRCP,0,,,a,
ASN00092045,19950624,PRCP,0,,,a,
ASN00092045,19950625,PRCP,0,,,a,
ASN00092045,19950626,PRCP,2,,,a,
ASN00092045,19950627,PRCP,16,,,a,
ASN00092045,19950628,PRCP,108,,,a,
ASN00092045,19950629,PRCP,16,,,a,
ASN00092045,19950630,PRCP,0,,,a,
ASN00092045,19950601,TAVG,108,H,,S,
ASN00092045,19950602,TAVG,101,H,,S,
ASN00092045,19950603,TAVG,93,H,,S,
ASN00092045,19950604,TAVG,99,H,,S,
ASN00092045,19950605,TAVG,118,H,,S,
ASN00092045,19950606,TAVG,130,H,,S,
ASN00092045,19950607,TAVG,141,H,,S,
ASN00092045,19950608,TAVG,140,H,,S,
ASN00092045,19950609,TAVG,138,H,,S,
ASN00092045,19950610,TAVG,109,H,,S,
ASN00092045,19950611,TAVG,100,H,,S,
ASN00092045,19950612,TAVG,114,H,,S,
ASN00092045,19950613,TAVG,102,H,,S,
ASN00092045,19950614,TAVG,93,H,,S,
ASN00092045,19950615,TAVG,82,H,,S,
ASN00092045,19950616,TAVG,81,H,,S,
ASN00092045,19950617,TAVG,63,H,,S,
ASN00092045,19950618,TAVG,104,H,,S,
ASN00092045,19950619,TAVG,81,H,,S,
ASN00092045,19950620,TAVG,77,H,,S,
ASN00092045,19950621,TAVG,63,H,,S,
ASN00092045,19950622,TAVG,81,H,,S,
ASN00092045,19950623,TAVG,87,H,,S,
ASN00092045,19950624,TAVG,102,H,,S,
ASN00092045,19950625,TAVG,117,H,,S,
ASN00092045,19950626,TAVG,97,H,,S,
ASN00092045,19950627,TAVG,93,H,,S,
ASN00092045,19950628,TAVG,92,H,,S,
ASN00092045,19950629,TAVG,87,H,,S,
ASN00092045,19950630,TAVG,89,H,,S,
ASN00092045,19950701,TMAX,124,,L,a,
ASN00092045,19950703,TMAX,120,,,a,
ASN00092045,19950704,TMAX,127,,,a,
ASN00092045,19950705,TMAX,138,,,a,
ASN00092045,19950706,TMAX,104,,,a,
ASN00092045,19950707,TMAX,123,,,a,
ASN00092045,19950708,TMAX,135,,,a,
ASN00092045,19950709,TMAX,120,,,a,
ASN00092045,19950710,TMAX,110,,,a,
ASN00092045,19950711,TMAX,110,,,a,
ASN00092045,19950712,TMAX,128,,,a,
ASN00092045,19950713,TMAX,118,,,a,
ASN00092045,19950714,TMAX,111,,,a,
ASN00092045,19950715,TMAX,116,,,a,
ASN00092045,19950716,TMAX,122,,,a,
ASN00092045,19950717,TMAX,123,,,a,
ASN00092045,19950718,TMAX,111,,L,a,
ASN00092045,19950719,TMAX,119,,L,a,
ASN00092045,19950721,TMAX,101,,,a,
ASN00092045,19950722,TMAX,115,,,a,
ASN00092045,19950723,TMAX,136,,,a,
ASN00092045,19950724,TMAX,122,,,a,
ASN00092045,19950725,TMAX,131,,,a,
ASN00092045,19950726,TMAX,109,,,a,
ASN00092045,19950727,TMAX,118,,,a,
ASN00092045,19950728,TMAX,117,,,a,
ASN00092045,19950729,TMAX,109,,,a,
ASN00092045,19950730,TMAX,121,,,a,
ASN00092045,19950731,TMAX,136,,,a,
ASN00092045,19950701,TMIN,47,,L,a,
ASN00092045,19950704,TMIN,44,,,a,
ASN00092045,19950705,TMIN,79,,,a,
ASN00092045,19950706,TMIN,33,,,a,
ASN00092045,19950707,TMIN,16,,,a,
ASN00092045,19950708,TMIN,49,,,a,
ASN00092045,19950709,TMIN,36,,,a,
ASN00092045,19950710,TMIN,62,,,a,
ASN00092045,19950711,TMIN,71,,,a,
ASN00092045,19950712,TMIN,45,,,a,
ASN00092045,19950713,TMIN,58,,,a,
ASN00092045,19950714,TMIN,93,,,a,
ASN00092045,19950715,TMIN,63,,,a,
ASN00092045,19950716,TMIN,36,,,a,
ASN00092045,19950717,TMIN,78,,,a,
ASN00092045,19950718,TMIN,60,,,a,
ASN00092045,19950719,TMIN,53,,L,a,
ASN00092045,19950722,TMIN,38,,,a,
ASN00092045,19950723,TMIN,83,,,a,
ASN00092045,19950724,TMIN,50,,,a,
ASN00092045,19950725,TMIN,23,,,a,
ASN00092045,19950726,TMIN,35,,,a,
ASN00092045,19950727,TMIN,53,,,a,
ASN00092045,19950728,TMIN,47,,,a,
ASN00092045,19950729,TMIN,60,,,a,
ASN00092045,19950730,TMIN,39,,,a,
ASN00092045,19950731,TMIN,89,,,a,
ASN00092045,19950704,PRCP,0,,,a,
ASN00092045,19950705,PRCP,0,,,a,
ASN00092045,19950706,PRCP,0,,,a,
ASN00092045,19950707,PRCP,0,,,a,
ASN00092045,19950708,PRCP,0,,,a,
ASN00092045,19950709,PRCP,0,,,a,
ASN00092045,19950710,PRCP,0,,,a,
ASN00092045,19950711,PRCP,100,,,a,
ASN00092045,19950712,PRCP,0,,,a,
ASN00092045,19950713,PRCP,4,,,a,
ASN00092045,19950714,PRCP,26,,,a,
ASN00092045,19950715,PRCP,76,,,a,
ASN00092045,19950716,PRCP,14,,,a,
ASN00092045,19950717,PRCP,70,,,a,
ASN00092045,19950718,PRCP,20,,,a,
ASN00092045,19950719,PRCP,2,,,a,
ASN00092045,19950720,PRCP,0,,,a,
ASN00092045,19950721,PRCP,0,,,a,
ASN00092045,19950722,PRCP,6,,,a,
ASN00092045,19950723,PRCP,0,,,a,
ASN00092045,19950724,PRCP,32,,,a,
ASN00092045,19950725,PRCP,0,,,a,
ASN00092045,19950726,PRCP,0,,,a,
ASN00092045,19950727,PRCP,0,,,a,
ASN00092045,19950728,PRCP,0,,,a,
ASN00092045,19950729,PRCP,26,,,a,
ASN00092045,19950730,PRCP,30,,,a,
ASN00092045,19950731,PRCP,0,,,a,
ASN00092045,19950703,DAPR,3,,,a,
ASN00092045,19950703,DATN,3,,L,a,
ASN00092045,19950721,DATN,3,,L,a,
ASN00092045,19950702,DATX,2,,L,a,
ASN00092045,19950720,DATX,3,,L,a,
ASN00092045,19950703,DWPR,3,,,a,
ASN00092045,19950703,MDPR,70,,,a,
ASN00092045,19950703,MDTN,44,,L,a,
ASN00092045,19950721,MDTN,21,,L,a,
ASN00092045,19950702,MDTX,134,,L,a,
ASN00092045,19950720,MDTX,122,,L,a,
ASN00092045,19950701,TAVG,82,H,,S,
ASN00092045,19950702,TAVG,108,H,,S,
ASN00092045,19950703,TAVG,77,H,,S,
ASN00092045,19950704,TAVG,104,H,,S,
ASN00092045,19950705,TAVG,96,H,,S,
ASN00092045,19950706,TAVG,62,H,,S,
ASN00092045,19950707,TAVG,81,H,,S,
ASN00092045,19950708,TAVG,83,H,,S,
ASN00092045,19950709,TAVG,84,H,,S,
ASN00092045,19950710,TAVG,90,H,,S,
ASN00092045,19950711,TAVG,77,H,,S,
ASN00092045,19950712,TAVG,96,H,,S,
ASN00092045,19950713,TAVG,106,H,,S,
ASN00092045,19950714,TAVG,83,H,,S,
ASN00092045,19950715,TAVG,69,H,,S,
ASN00092045,19950716,TAVG,107,H,,S,
ASN00092045,19950717,TAVG,96,H,,S,
ASN00092045,19950718,TAVG,79,H,,S,
ASN00092045,19950719,TAVG,69,H,,S,
ASN00092045,19950720,TAVG,63,H,,S,
ASN00092045,19950721,TAVG,76,H,,S,
ASN00092045,19950722,TAVG,92,H,,S,
ASN00092045,19950723,TAVG,86,H,,S,
ASN00092045,19950724,TAVG,76,H,,S,
ASN00092045,19950725,TAVG,77,H,,S,
ASN00092045,19950726,TAVG,81,H,,S,
ASN00092045,19950727,TAVG,77,H,,S,
ASN00092045,19950728,TAVG,88,H,,S,
ASN00092045,19950729,TAVG,78,H,,S,
ASN00092045,19950730,TAVG,108,H,,S,
ASN00092045,19950731,TAVG,90,H,,S,
ASN00092045,19950801,TMAX,133,,,a,
ASN00092045,19950802,TMAX,120,,,a,
ASN00092045,19950803,TMAX,114,,L,a,
ASN00092045,19950804,TMAX,120,,L,a,
ASN00092045,19950806,TMAX,116,,,a,
ASN00092045,19950807,TMAX,110,,,a,
ASN00092045,19950808,TMAX,111,,,a,
ASN00092045,19950809,TMAX,134,,,a,
ASN00092045,19950810,TMAX,127,,,a,
ASN00092045,19950811,TMAX,118,,,a,
ASN00092045,19950812,TMAX,154,,,a,
ASN00092045,19950813,TMAX,138,,,a,
ASN00092045,19950814,TMAX,135,,,a,
ASN00092045,19950815,TMAX,154,,,a,
ASN00092045,19950816,TMAX,159,,,a,
ASN00092045,19950817,TMAX,152,,,a,
ASN00092045,19950818,TMAX,134,,,a,
ASN00092045,19950819,TMAX,152,,,a,
ASN00092045,19950820,TMAX,186,,,a,
ASN00092045,19950821,TMAX,139,,,a,
ASN00092045,19950822,TMAX,147,,,a,
ASN00092045,19950823,TMAX,145,,L,a,
ASN00092045,19950825,TMAX,151,,L,a,
ASN00092045,19950827,TMAX,136,,,a,
ASN00092045,19950828,TMAX,133,,,a,
ASN00092045,19950829,TMAX,148,,,a,
ASN00092045,19950830,TMAX,146,,,a,
ASN00092045,19950831,TMAX,137,,,a,
ASN00092045,19950801,TMIN,57,,,a,
ASN00092045,19950802,TMIN,66,,,a,
ASN00092045,19950803,TMIN,7,,,a,
ASN00092045,19950804,TMIN,47,,L,a,
ASN00092045,19950807,TMIN,55,,,a,
ASN00092045,19950808,TMIN,60,,,a,
ASN00092045,19950809,TMIN,38,,,a,
ASN00092045,19950810,TMIN,54,,,a,
ASN00092045,19950811,TMIN,64,,,a,
ASN00092045,19950812,TMIN,76,,,a,
ASN00092045,19950813,TMIN,67,,,a,
ASN00092045,19950814,TMIN,57,,,a,
ASN00092045,19950815,TMIN,59,,,a,
ASN00092045,19950816,TMIN,83,,,a,
ASN00092045,19950817,TMIN,110,,,a,
ASN00092045,19950818,TMIN,90,,,a,
ASN00092045,19950819,TMIN,83,,,a,
ASN00092045,19950820,TMIN,89,,,a,
ASN00092045,19950821,TMIN,104,,,a,
ASN00092045,19950822,TMIN,77,,,a,
ASN00092045,19950823,TMIN,109,,,a,
ASN00092045,19950824,TMIN,57,,L,a,
ASN00092045,19950825,TMIN,106,,L,a,
ASN00092045,19950828,TMIN,53,,,a,
ASN00092045,19950829,TMIN,89,,,a,
ASN00092045,19950830,TMIN,90,,,a,
ASN00092045,19950831,TMIN,80,,,a,
ASN00092045,19950801,PRCP,0,,,a,
ASN00092045,19950802,PRCP,122,,,a,
ASN00092045,19950803,PRCP,0,,,a,
ASN00092045,19950807,PRCP,8,,,a,
ASN00092045,19950808,PRCP,0,,,a,
ASN00092045,19950809,PRCP,0,,,a,
ASN00092045,19950810,PRCP,0,,,a,
ASN00092045,19950811,PRCP,2,,,a,
ASN00092045,19950812,PRCP,4,,,a,
ASN00092045,19950813,PRCP,2,,,a,
ASN00092045,19950814,PRCP,2,,,a,
ASN00092045,19950815,PRCP,4,,,a,
ASN00092045,19950816,PRCP,0,,,a,
ASN00092045,19950817,PRCP,6,,,a,
ASN00092045,19950818,PRCP,2,,,a,
ASN00092045,19950819,PRCP,0,,,a,
ASN00092045,19950820,PRCP,0,,,a,
ASN00092045,19950821,PRCP,8,,,a,
ASN00092045,19950822,PRCP,0,,,a,
ASN00092045,19950823,PRCP,2,,,a,
ASN00092045,19950828,PRCP,0,,,a,
ASN00092045,19950829,PRCP,0,,,a,
ASN00092045,19950830,PRCP,0,,,a,
ASN00092045,19950831,PRCP,6,,,a,
ASN00092045,19950806,DAPR,3,,,a,
ASN00092045,19950827,DAPR,4,,,a,
ASN00092045,19950806,DATN,3,,L,a,
ASN00092045,19950827,DATN,4,,L,a,
ASN00092045,19950805,DATX,3,,L,a,
ASN00092045,19950826,DATX,4,,L,a,
ASN00092045,19950806,DWPR,3,,,a,
ASN00092045,19950827,DWPR,4,,,a,
ASN00092045,19950806,MDPR,4,,,a,
ASN00092045,19950827,MDPR,86,,,a,
ASN00092045,19950806,MDTN,36,,L,a,
ASN00092045,19950827,MDTN,53,,L,a,
ASN00092045,19950805,MDTX,130,,L,a,
ASN00092045,19950826,MDTX,154,,L,a,
ASN00092045,19950801,TAVG,98,H,,S,
ASN00092045,19950802,TAVG,66,H,,S,
ASN00092045,19950803,TAVG,80,H,,S,
ASN00092045,19950804,TAVG,84,H,,S,
ASN00092045,19950805,TAVG,81,H,,S,
ASN00092045,19950806,TAVG,87,H,,S,
ASN00092045,19950807,TAVG,86,H,,S,
ASN00092045,19950808,TAVG,73,H,,S,
ASN00092045,19950809,TAVG,88,H,,S,
ASN00092045,19950810,TAVG,92,H,,S,
ASN00092045,19950811,TAVG,94,H,,S,
ASN00092045,19950812,TAVG,107,H,,S,
ASN00092045,19950813,TAVG,92,H,,S,
ASN00092045,19950814,TAVG,93,H,,S,
ASN00092045,19950815,TAVG,128,H,,S,
ASN00092045,19950816,TAVG,122,H,,S,
ASN00092045,19950817,TAVG,116,H,,S,
ASN00092045,19950818,TAVG,102,H,,S,
ASN00092045,19950819,TAVG,114,H,,S,
ASN00092045,19950820,TAVG,134,H,,S,
ASN00092045,19950821,TAVG,106,H,,S,
ASN00092045,19950822,TAVG,122,H,,S,
ASN00092045,19950823,TAVG,101,H,,S,
ASN00092045,19950824,TAVG,116,H,,S,
ASN00092045,19950825,TAVG,111,H,,S,
ASN00092045,19950826,TAVG,104,H,,S,
ASN00092045,19950827,TAVG,97,H,,S,
ASN00092045,19950828,TAVG,106,H,,S,
ASN00092045,19950829,TAVG,122,H,,S,
ASN00092045,19950830,TAVG,102,H,,S,
ASN00092045,19950831,TAVG,87,H,,S,
ASN00092045,19950901,TMAX,138,,,a,
ASN00092045,19950902,TMAX,145,,,a,
ASN00092045,19950903,TMAX,147,,,a,
ASN00092045,19950904,TMAX,113,,,a,
ASN00092045,19950905,TMAX,107,,,a,
ASN00092045,19950906,TMAX,120,,,a,
ASN00092045,19950907,TMAX,130,,,a,
ASN00092045,19950908,TMAX,118,,,a,
ASN00092045,19950909,TMAX,129,,,a,
ASN00092045,19950910,TMAX,128,,,a,
ASN00092045,19950911,TMAX,139,,,a,
ASN00092045,19950912,TMAX,139,,,a,
ASN00092045,19950913,TMAX,139,,,a,
ASN00092045,19950914,TMAX,167,,,a,
ASN00092045,19950915,TMAX,145,,,a,
ASN00092045,19950916,TMAX,142,,,a,
ASN00092045,19950917,TMAX,128,,,a,
ASN00092045,19950918,TMAX,138,,,a,
ASN00092045,19950919,TMAX,165,,L,a,
ASN00092045,19950920,TMAX,145,,L,a,
ASN00092045,19950921,TMAX,151,,L,a,
ASN00092045,19950923,TMAX,164,,,a,
ASN00092045,19950924,TMAX,114,,,a,
ASN00092045,19950925,TMAX,127,,,a,
ASN00092045,19950926,TMAX,120,,L,a,
ASN00092045,19950927,TMAX,117,,L,a,
ASN00092045,19950928,TMAX,127,,L,a,
ASN00092045,19950930,TMAX,140,,,a,
ASN00092045,19950901,TMIN,51,,,a,
ASN00092045,19950902,TMIN,49,,,a,
ASN00092045,19950903,TMIN,77,,,a,
ASN00092045,19950904,TMIN,74,,,a,
ASN00092045,19950905,TMIN,13,,,a,
ASN00092045,19950906,TMIN,12,,,a,
ASN00092045,19950907,TMIN,20,,,a,
ASN00092045,19950908,TMIN,33,,,a,
ASN00092045,19950909,TMIN,60,,,a,
ASN00092045,19950910,TMIN,56,,,a,
ASN00092045,19950911,TMIN,88,,,a,
ASN00092045,19950912,TMIN,74,,,a,
ASN00092045,19950913,TMIN,95,,,a,
ASN00092045,19950914,TMIN,102,,,a,
ASN00092045,19950915,TMIN,111,,,a,
ASN00092045,19950916,TMIN,72,,,a,
ASN00092045,19950917,TMIN,66,,,a,
ASN00092045,19950918,TMIN,61,,,a,
ASN00092045,19950919,TMIN,93,,,a,
ASN00092045,19950920,TMIN,93,,L,a,
ASN00092045,19950921,TMIN,81,,L,a,
ASN00092045,19950924,TMIN,74,,,a,
ASN00092045,19950925,TMIN,73,,,a,
ASN00092045,19950926,TMIN,81,,,a,
ASN00092045,19950927,TMIN,67,,L,a,
ASN00092045,19950928,TMIN,82,,L,a,
ASN00092045,19950901,PRCP,36,,,a,
ASN00092045,19950902,PRCP,8,,,a,
ASN00092045,19950903,PRCP,4,,,a,
ASN00092045,19950904,PRCP,72,,,a,
ASN00092045,19950905,PRCP,4,,,a,
ASN00092045,19950906,PRCP,0,,,a,
ASN00092045,19950907,PRCP,0,,,a,
ASN00092045,19950908,PRCP,0,,,a,
ASN00092045,19950909,PRCP,14,,,a,
ASN00092045,19950910,PRCP,2,,,a,
ASN00092045,19950911,PRCP,2,,,a,
ASN00092045,19950912,PRCP,2,,,a,
ASN00092045,19950913,PRCP,2,,,a,
ASN00092045,19950914,PRCP,14,,,a,
ASN00092045,19950915,PRCP,2,,,a,
ASN00092045,19950916,PRCP,2,,,a,
ASN00092045,19950917,PRCP,6,,,a,
ASN00092045,19950918,PRCP,0,,,a,
ASN00092045,19950919,PRCP,60,,,a,
ASN00092045,19950924,PRCP,2,,,a,
ASN00092045,19950925,PRCP,12,,,a,
ASN00092045,19950926,PRCP,8,,,a,
ASN00092045,19950927,PRCP,0,,,a,
ASN00092045,19950928,PRCP,0,,,a,
ASN00092045,19950929,PRCP,0,,,a,
ASN00092045,19950930,PRCP,0,,,a,
ASN00092045,19950923,DAPR,4,,,a,
ASN00092045,19950923,DATN,4,,L,a,
ASN00092045,19950930,DATN,4,,L,a,
ASN00092045,19950922,DATX,4,,L,a,
ASN00092045,19950929,DATX,4,,L,a,
ASN00092045,19950923,DWPR,4,,,a,
ASN00092045,19950923,MDPR,16,,,a,
ASN00092045,19950923,MDTN,83,,L,a,
ASN00092045,19950930,MDTN,67,,L,a,
ASN00092045,19950922,MDTX,169,,L,a,
ASN00092045,19950929,MDTX,135,,L,a,
ASN00092045,19950901,TAVG,92,H,,S,
ASN00092045,19950902,TAVG,107,H,,S,
ASN00092045,19950903,TAVG,101,H,,S,
ASN00092045,19950904,TAVG,59,H,,S,
ASN00092045,19950905,TAVG,57,H,,S,
ASN00092045,19950906,TAVG,77,H,,S,
ASN00092045,19950907,TAVG,75,H,,S,
ASN00092045,19950908,TAVG,88,H,,S,
ASN00092045,19950909,TAVG,89,H,,S,
ASN00092045,19950910,TAVG,104,H,,S,
ASN00092045,19950911,TAVG,106,H,,S,
ASN00092045,19950912,TAVG,111,H,,S,
ASN00092045,19950913,TAVG,118,H,,S,
ASN00092045,19950914,TAVG,127,H,,S,
ASN00092045,19950915,TAVG,106,H,,S,
ASN00092045,19950916,TAVG,100,H,,S,
ASN00092045,19950917,TAVG,94,H,,S,
ASN00092045,19950918,TAVG,124,H,,S,
ASN00092045,19950919,TAVG,122,H,,S,
ASN00092045,19950920,TAVG,114,H,,S,
ASN00092045,19950921,TAVG,120,H,,S,
ASN00092045,19950922,TAVG,124,H,,S,
ASN00092045,19950923,TAVG,104,H,,S,
ASN00092045,19950924,TAVG,88,H,,S,
ASN00092045,19950925,TAVG,94,H,,S,
ASN00092045,19950926,TAVG,99,H,,S,
ASN00092045,19950927,TAVG,97,H,,S,
ASN00092045,19950928,TAVG,100,H,,S,
ASN00092045,19950929,TAVG,109,H,,S,
ASN00092045,19950930,TAVG,121,H,,S,
ASN00092045,19951001,TMAX,146,,,a,
ASN00092045,19951002,TMAX,174,,,a,
ASN00092045,19951003,TMAX,138,,,a,
ASN00092045,19951004,TMAX,132,,,a,
ASN00092045,19951005,TMAX,156,,,a,
ASN00092045,19951006,TMAX,160,,,a,
ASN00092045,19951007,TMAX,156,,,a,
ASN00092045,19951008,TMAX,145,,,a,
ASN00092045,19951009,TMAX,157,,,a,
ASN00092045,19951010,TMAX,187,,,a,
ASN00092045,19951011,TMAX,162,,,a,
ASN00092045,19951012,TMAX,137,,,a,
ASN00092045,19951013,TMAX,155,,,a,
ASN00092045,19951014,TMAX,137,,,a,
ASN00092045,19951015,TMAX,172,,L,a,
ASN00092045,19951017,TMAX,217,,,a,
ASN00092045,19951018,TMAX,154,,,a,
ASN00092045,19951019,TMAX,235,,,a,
ASN00092045,19951020,TMAX,130,,,a,
ASN00092045,19951021,TMAX,132,,,a,
ASN00092045,19951022,TMAX,142,,,a,
ASN00092045,19951023,TMAX,150,,,a,
ASN00092045,19951024,TMAX,157,,,a,
ASN00092045,19951025,TMAX,169,,L,a,
ASN00092045,19951026,TMAX,153,,L,a,
ASN00092045,19951028,TMAX,161,,,a,
ASN00092045,19951029,TMAX,174,,,a,
ASN00092045,19951030,TMAX,143,,,a,
ASN00092045,19951031,TMAX,135,,,a,
ASN00092045,19951001,TMIN,113,,,a,
ASN00092045,19951002,TMIN,104,,,a,
ASN00092045,19951003,TMIN,99,,,a,
ASN00092045,19951004,TMIN,63,,,a,
ASN00092045,19951005,TMIN,88,,,a,
ASN00092045,19951006,TMIN,95,,,a,
ASN00092045,19951007,TMIN,109,,,a,
ASN00092045,19951008,TMIN,53,,,a,
ASN00092045,19951009,TMIN,72,,,a,
ASN00092045,19951010,TMIN,79,,,a,
ASN00092045,19951011,TMIN,103,,,a,
ASN00092045,19951012,TMIN,95,,,a,
ASN00092045,19951013,TMIN,101,,,a,
ASN00092045,19951014,TMIN,89,,,a,
ASN00092045,19951015,TMIN,55,,,a,
ASN00092045,19951018,TMIN,70,,,a,
ASN00092045,19951019,TMIN,113,,,a,
ASN00092045,19951020,TMIN,88,,,a,
ASN00092045,19951021,TMIN,55,,,a,
ASN00092045,19951022,TMIN,57,,,a,
ASN00092045,19951023,TMIN,103,,,a,
ASN00092045,19951024,TMIN,86,,,a,
ASN00092045,19951025,TMIN,84,,,a,
ASN00092045,19951026,TMIN,87,,L,a,
ASN00092045,19951029,TMIN,78,,,a,
ASN00092045,19951030,TMIN,60,,,a,
ASN00092045,19951031,TMIN,59,,,a,
ASN00092045,19951001,PRCP,0,,,a,
ASN00092045,19951002,PRCP,2,,,a,
ASN00092045,19951003,PRCP,0,,,a,
ASN00092045,19951004,PRCP,0,,,a,
ASN00092045,19951005,PRCP,0,,,a,
ASN00092045,19951006,PRCP,4,,,a,
ASN00092045,19951007,PRCP,0,,,a,
ASN00092045,19951008,PRCP,16,,,a,
ASN00092045,19951009,PRCP,0,,,a,
ASN00092045,19951010,PRCP,0,,,a,
ASN00092045,19951011,PRCP,2,,,a,
ASN00092045,19951012,PRCP,0,,,a,
ASN00092045,19951013,PRCP,108,,,a,
ASN00092045,19951014,PRCP,8,,,a,
ASN00092045,19951015,PRCP,0,,,a,
ASN00092045,19951016,PRCP,0,,,a,
ASN00092045,19951017,PRCP,0,,,a,
ASN00092045,19951018,PRCP,0,,,a,
ASN00092045,19951019,PRCP,0,,,a,
ASN00092045,19951020,PRCP,106,,,a,
ASN00092045,19951021,PRCP,22,,,a,
ASN00092045,19951022,PRCP,0,,,a,
ASN00092045,19951023,PRCP,0,,,a,
ASN00092045,19951024,PRCP,0,,,a,
ASN00092045,19951025,PRCP,0,,,a,
ASN00092045,19951026,PRCP,0,,,a,
ASN00092045,19951027,PRCP,0,,,a,
ASN00092045,19951028,PRCP,8,,,a,
ASN00092045,19951029,PRCP,0,,,a,
ASN00092045,19951030,PRCP,56,,,a,
ASN00092045,19951031,PRCP,2,,,a,
ASN00092045,19951017,DATN,2,,,a,
ASN00092045,19951028,DATN,3,,L,a,
ASN00092045,19951016,DATX,2,,L,a,
ASN00092045,19951027,DATX,3,,L,a,
ASN00092045,19951017,MDTN,64,,,a,
ASN00092045,19951028,MDTN,87,,L,a,
ASN00092045,19951016,MDTX,176,,L,a,
ASN00092045,19951027,MDTX,173,,L,a,
ASN00092045,19951001,TAVG,123,H,,S,
ASN00092045,19951002,TAVG,127,H,,S,
ASN00092045,19951003,TAVG,91,H,,S,
ASN00092045,19951004,TAVG,104,H,,S,
ASN00092045,19951005,TAVG,122,H,,S,
ASN00092045,19951006,TAVG,127,H,,S,
ASN00092045,19951007,TAVG,97,H,,S,
ASN00092045,19951008,TAVG,114,H,,S,
ASN00092045,19951009,TAVG,112,H,,S,
ASN00092045,19951010,TAVG,137,H,,S,
ASN00092045,19951011,TAVG,122,H,,S,
ASN00092045,19951012,TAVG,117,H,,S,
ASN00092045,19951013,TAVG,119,H,,S,
ASN00092045,19951014,TAVG,102,H,,S,
ASN00092045,19951015,TAVG,121,H,,S,
ASN00092045,19951016,TAVG,131,H,,S,
ASN00092045,19951017,TAVG,141,H,,S,
ASN00092045,19951018,TAVG,126,H,,S,
ASN00092045,19951019,TAVG,140,H,,S,
ASN00092045,19951020,TAVG,97,H,,S,
ASN00092045,19951021,TAVG,101,H,,S,
ASN00092045,19951022,TAVG,119,H,,S,
ASN00092045,19951023,TAVG,117,H,,S,
ASN00092045,19951024,TAVG,115,H,,S,
ASN00092045,19951025,TAVG,132,H,,S,
ASN00092045,19951026,TAVG,112,H,,S,
ASN00092045,19951027,TAVG,118,H,,S,
ASN00092045,19951028,TAVG,118,H,,S,
ASN00092045,19951029,TAVG,111,H,,S,
ASN00092045,19951030,TAVG,101,H,,S,
ASN00092045,19951031,TAVG,104,H,,S,
ASN00092045,19951101,TMAX,149,,,a,
ASN00092045,19951102,TMAX,178,,,a,
ASN00092045,19951103,TMAX,163,,,a,
ASN00092045,19951104,TMAX,169,,,a,
ASN00092045,19951105,TMAX,132,,,a,
ASN00092045,19951106,TMAX,124,,,a,
ASN00092045,19951107,TMAX,142,,,a,
ASN00092045,19951108,TMAX,143,,,a,
ASN00092045,19951109,TMAX,157,,,a,
ASN00092045,19951110,TMAX,159,,,a,
ASN00092045,19951111,TMAX,168,,,a,
ASN00092045,19951112,TMAX,160,,,a,
ASN00092045,19951113,TMAX,166,,,a,
ASN00092045,19951114,TMAX,183,,,a,
ASN00092045,19951115,TMAX,197,,,a,
ASN00092045,19951116,TMAX,172,,,a,
ASN00092045,19951117,TMAX,167,,,a,
ASN00092045,19951121,TMAX,151,,,a,
ASN00092045,19951122,TMAX,168,,,a,
ASN00092045,19951123,TMAX,191,,,a,
ASN00092045,19951124,TMAX,162,,,a,
ASN00092045,19951129,TMAX,186,,,a,
ASN00092045,19951130,TMAX,186,,,a,
ASN00092045,19951101,TMIN,68,,,a,
ASN00092045,19951102,TMIN,118,,,a,
ASN00092045,19951103,TMIN,105,,,a,
ASN00092045,19951104,TMIN,112,,,a,
ASN00092045,19951105,TMIN,101,,,a,
ASN00092045,19951106,TMIN,103,,,a,
ASN00092045,19951107,TMIN,103,,,a,
ASN00092045,19951108,TMIN,113,,,a,
ASN00092045,19951109,TMIN,79,,,a,
ASN00092045,19951110,TMIN,120,,,a,
ASN00092045,19951111,TMIN,88,,,a,
ASN00092045,19951112,TMIN,91,,,a,
ASN00092045,19951113,TMIN,90,,,a,
ASN00092045,19951114,TMIN,130,,,a,
ASN00092045,19951115,TMIN,103,,,a,
ASN00092045,19951116,TMIN,111,,,a,
ASN00092045,19951117,TMIN,125,,,a,
ASN00092045,19951118,TMIN,134,,,a,
ASN00092045,19951122,TMIN,130,,,a,
ASN00092045,19951123,TMIN,98,,,a,
ASN00092045,19951124,TMIN,108,,,a,
ASN00092045,19951129,TMIN,94,,,a,
ASN00092045,19951130,TMIN,90,,,a,
ASN00092045,19951101,PRCP,0,,,a,
ASN00092045,19951102,PRCP,20,,,a,
ASN00092045,19951103,PRCP,0,,,a,
ASN00092045,19951104,PRCP,4,,,a,
ASN00092045,19951105,PRCP,12,,,a,
ASN00092045,19951106,PRCP,2,,,a,
ASN00092045,19951107,PRCP,520,,,a,
ASN00092045,19951108,PRCP,8,,,a,
ASN00092045,19951109,PRCP,104,,,a,
ASN00092045,19951110,PRCP,2,,,a,
ASN00092045,19951111,PRCP,6,,,a,
ASN00092045,19951112,PRCP,98,,,a,
ASN00092045,19951113,PRCP,0,,,a,
ASN00092045,19951114,PRCP,0,,,a,
ASN00092045,19951115,PRCP,56,,,a,
ASN00092045,19951116,PRCP,0,,,a,
ASN00092045,19951117,PRCP,0,,,a,
ASN00092045,19951118,PRCP,46,,,a,
ASN00092045,19951122,PRCP,62,,,a,
ASN00092045,19951123,PRCP,8,,,a,
ASN00092045,19951124,PRCP,0,,,a,
ASN00092045,19951125,PRCP,0,,,a,
ASN00092045,19951126,PRCP,0,,,a,
ASN00092045,19951127,PRCP,10,,,a,
ASN00092045,19951128,PRCP,0,,,a,
ASN00092045,19951129,PRCP,0,,,a,
ASN00092045,19951130,PRCP,0,,,a,
ASN00092045,19951121,DAPR,3,,,a,
ASN00092045,19951121,DATN,3,,,a,
ASN00092045,19951120,DATX,3,,,a,
ASN00092045,19951121,DWPR,3,,,a,
ASN00092045,19951121,MDPR,34,,,a,
ASN00092045,19951121,MDTN,90,,,a,
ASN00092045,19951120,MDTX,216,,,a,
ASN00092045,19951101,TAVG,136,H,,S,
ASN00092045,19951102,TAVG,142,H,,S,
ASN00092045,19951103,TAVG,131,H,,S,
ASN00092045,19951104,TAVG,129,H,,S,
ASN00092045,19951105,TAVG,114,H,,S,
ASN00092045,19951106,TAVG,109,H,,S,
ASN00092045,19951107,TAVG,122,H,,S,
ASN00092045,19951108,TAVG,119,H,,S,
ASN00092045,19951109,TAVG,138,H,,S,
ASN00092045,19951110,TAVG,123,H,,S,
ASN00092045,19951111,TAVG,124,H,,S,
ASN00092045,19951112,TAVG,126,H,,S,
ASN00092045,19951113,TAVG,144,H,,S,
ASN00092045,19951114,TAVG,131,H,,S,
ASN00092045,19951115,TAVG,147,H,,S,
ASN00092045,19951116,TAVG,142,H,,S,
ASN00092045,19951117,TAVG,148,H,,S,
ASN00092045,19951118,TAVG,136,H,,S,
ASN00092045,19951119,TAVG,114,H,,S,
ASN00092045,19951120,TAVG,127,H,,S,
ASN00092045,19951121,TAVG,139,H,,S,
ASN00092045,19951122,TAVG,134,H,,S,
ASN00092045,19951123,TAVG,143,H,,S,
ASN00092045,19951124,TAVG,123,H,,S,
ASN00092045,19951125,TAVG,128,H,,S,
ASN00092045,19951126,TAVG,132,H,,S,
ASN00092045,19951127,TAVG,156,H,,S,
ASN00092045,19951128,TAVG,153,H,,S,
ASN00092045,19951129,TAVG,142,H,,S,
ASN00092045,19951130,TAVG,146,H,,S,
ASN00092045,19951201,TMAX,196,,,a,
ASN00092045,19951202,TMAX,204,,,a,
ASN00092045,19951203,TMAX,218,,,a,
ASN00092045,19951204,TMAX,131,,,a,
ASN00092045,19951205,TMAX,154,,,a,
ASN00092045,19951206,TMAX,160,,,a,
ASN00092045,19951207,TMAX,173,,,a,
ASN00092045,19951208,TMAX,185,,,a,
ASN00092045,19951209,TMAX,192,,,a,
ASN00092045,19951210,TMAX,172,,,a,
ASN00092045,19951211,TMAX,167,,,a,
ASN00092045,19951212,TMAX,161,,,a,
ASN00092045,19951213,TMAX,178,,,a,
ASN00092045,19951214,TMAX,175,,,a,
ASN00092045,19951215,TMAX,204,,,a,
ASN00092045,19951216,TMAX,177,,,a,
ASN00092045,19951217,TMAX,156,,,a,
ASN00092045,19951218,TMAX,171,,,a,
ASN00092045,19951219,TMAX,171,,,a,
ASN00092045,19951220,TMAX,182,,,a,
ASN00092045,19951221,TMAX,150,,,a,
ASN00092045,19951222,TMAX,146,,,a,
ASN00092045,19951223,TMAX,152,,,a,
ASN00092045,19951224,TMAX,174,,,a,
ASN00092045,19951225,TMAX,185,,,a,
ASN00092045,19951226,TMAX,205,,,a,
ASN00092045,19951227,TMAX,188,,,a,
ASN00092045,19951228,TMAX,172,,,a,
ASN00092045,19951229,TMAX,192,,,a,
ASN00092045,19951230,TMAX,184,,,a,
ASN00092045,19951231,TMAX,177,,,a,
ASN00092045,19951201,TMIN,104,,,a,
ASN00092045,19951202,TMIN,93,,,a,
ASN00092045,19951203,TMIN,123,,,a,
ASN00092045,19951204,TMIN,114,,,a,
ASN00092045,19951205,TMIN,103,,,a,
ASN00092045,19951206,TMIN,108,,,a,
ASN00092045,19951207,TMIN,98,,,a,
ASN00092045,19951208,TMIN,121,,,a,
ASN00092045,19951209,TMIN,110,,,a,
ASN00092045,19951210,TMIN,115,,,a,
ASN00092045,19951211,TMIN,60,,,a,
ASN00092045,19951212,TMIN,49,,,a,
ASN00092045,19951213,TMIN,100,,,a,
ASN00092045,19951214,TMIN,96,,,a,
ASN00092045,19951215,TMIN,95,,,a,
ASN00092045,19951216,TMIN,93,,,a,
ASN00092045,19951217,TMIN,107,,,a,
ASN00092045,19951218,TMIN,133,,,a,
ASN00092045,19951219,TMIN,124,,,a,
ASN00092045,19951220,TMIN,134,,,a,
ASN00092045,19951221,TMIN,104,,,a,
ASN00092045,19951222,TMIN,103,,,a,
ASN00092045,19951223,TMIN,95,,,a,
ASN00092045,19951224,TMIN,88,,,a,
ASN00092045,19951225,TMIN,109,,,a,
ASN00092045,19951226,TMIN,115,,,a,
ASN00092045,19951227,TMIN,94,,,a,
ASN00092045,19951228,TMIN,108,,,a,
ASN00092045,19951229,TMIN,123,,,a,
ASN00092045,19951230,TMIN,142,,,a,
ASN00092045,19951231,TMIN,140,,,a,
ASN00092045,19951201,PRCP,12,,,a,
ASN00092045,19951202,PRCP,0,,,a,
ASN00092045,19951203,PRCP,0,,,a,
ASN00092045,19951204,PRCP,100,,,a,
ASN00092045,19951205,PRCP,110,,,a,
ASN00092045,19951206,PRCP,0,,,a,
ASN00092045,19951207,PRCP,0,,,a,
ASN00092045,19951208,PRCP,0,,,a,
ASN00092045,19951209,PRCP,0,,,a,
ASN00092045,19951210,PRCP,16,,,a,
ASN00092045,19951211,PRCP,0,,,a,
ASN00092045,19951212,PRCP,48,,,a,
ASN00092045,19951213,PRCP,0,,,a,
ASN00092045,19951214,PRCP,0,,,a,
ASN00092045,19951215,PRCP,0,,,a,
ASN00092045,19951216,PRCP,0,,,a,
ASN00092045,19951217,PRCP,0,,,a,
ASN00092045,19951218,PRCP,106,,,a,
ASN00092045,19951219,PRCP,154,,,a,
ASN00092045,19951220,PRCP,32,,,a,
ASN00092045,19951221,PRCP,0,,,a,
ASN00092045,19951222,PRCP,0,,,a,
ASN00092045,19951223,PRCP,30,,,a,
ASN00092045,19951224,PRCP,10,,,a,
ASN00092045,19951225,PRCP,0,,,a,
ASN00092045,19951226,PRCP,0,,,a,
ASN00092045,19951227,PRCP,0,,,a,
ASN00092045,19951228,PRCP,0,,,a,
ASN00092045,19951229,PRCP,0,,,a,
ASN00092045,19951230,PRCP,0,,,a,
ASN00092045,19951231,PRCP,48,,,a,
ASN00092045,19951201,TAVG,157,H,,S,
ASN00092045,19951204,TAVG,117,H,,S,
ASN00092045,19951205,TAVG,127,H,,S,
ASN00092045,19951206,TAVG,133,H,,S,
ASN00092045,19951207,TAVG,148,H,,S,
ASN00092045,19951208,TAVG,146,H,,S,
ASN00092045,19951209,TAVG,151,H,,S,
ASN00092045,19951210,TAVG,125,H,,S,
ASN00092045,19951211,TAVG,103,H,,S,
ASN00092045,19951212,TAVG,131,H,,S,
ASN00092045,19951213,TAVG,134,H,,S,
ASN00092045,19951214,TAVG,136,H,,S,
ASN00092045,19951215,TAVG,146,H,,S,
ASN00092045,19951216,TAVG,136,H,,S,
ASN00092045,19951217,TAVG,144,H,,S,
ASN00092045,19951218,TAVG,137,H,,S,
ASN00092045,19951219,TAVG,142,H,,S,
ASN00092045,19951220,TAVG,136,H,,S,
ASN00092045,19951221,TAVG,119,H,,S,
ASN00092045,19951222,TAVG,113,H,,S,
ASN00092045,19951223,TAVG,123,H,,S,
ASN00092045,19951224,TAVG,132,H,,S,
ASN00092045,19951225,TAVG,139,H,,S,
ASN00092045,19951226,TAVG,146,H,,S,
ASN00092045,19951227,TAVG,142,H,,S,
ASN00092045,19951228,TAVG,146,H,,S,
ASN00092045,19951229,TAVG,164,H,,S,
ASN00092045,19951230,TAVG,158,H,,S,
ASN00092045,19951231,TAVG,158,H,,S,
ASN00092045,19960101,TMAX,162,,,a,
ASN00092045,19960102,TMAX,161,,,a,
ASN00092045,19960103,TMAX,157,,,a,
ASN00092045,19960104,TMAX,168,,,a,
ASN00092045,19960105,TMAX,168,,,a,
ASN00092045,19960106,TMAX,177,,,a,
ASN00092045,19960107,TMAX,190,,,a,
ASN00092045,19960108,TMAX,184,,,a,
ASN00092045,19960109,TMAX,192,,,a,
ASN00092045,19960110,TMAX,196,,,a,
ASN00092045,19960111,TMAX,201,,,a,
ASN00092045,19960112,TMAX,192,,,a,
ASN00092045,19960113,TMAX,184,,,a,
ASN00092045,19960115,TMAX,235,,,a,
ASN00092045,19960116,TMAX,220,,,a,
ASN00092045,19960117,TMAX,186,,,a,
ASN00092045,19960118,TMAX,204,,,a,
ASN00092045,19960119,TMAX,184,,,a,
ASN00092045,19960120,TMAX,212,,,a,
ASN00092045,19960121,TMAX,186,,,a,
ASN00092045,19960122,TMAX,209,,,a,
ASN00092045,19960123,TMAX,182,,,a,
ASN00092045,19960124,TMAX,186,,,a,
ASN00092045,19960125,TMAX,172,,,a,
ASN00092045,19960126,TMAX,191,,,a,
ASN00092045,19960127,TMAX,193,,,a,
ASN00092045,19960128,TMAX,206,,,a,
ASN00092045,19960129,TMAX,193,,,a,
ASN00092045,19960130,TMAX,183,,,a,
ASN00092045,19960131,TMAX,226,,,a,
ASN00092045,19960101,TMIN,150,,,a,
ASN00092045,19960102,TMIN,135,,,a,
ASN00092045,19960103,TMIN,115,,,a,
ASN00092045,19960104,TMIN,118,,,a,
ASN00092045,19960105,TMIN,125,,,a,
ASN00092045,19960106,TMIN,124,,,a,
ASN00092045,19960107,TMIN,135,,,a,
ASN00092045,19960108,TMIN,138,,,a,
ASN00092045,19960109,TMIN,138,,,a,
ASN00092045,19960110,TMIN,138,,,a,
ASN00092045,19960111,TMIN,142,,,a,
ASN00092045,19960112,TMIN,144,,,a,
ASN00092045,19960113,TMIN,150,,,a,
ASN00092045,19960116,TMIN,121,,,a,
ASN00092045,19960117,TMIN,123,,,a,
ASN00092045,19960118,TMIN,125,,,a,
ASN00092045,19960119,TMIN,149,,,a,
ASN00092045,19960120,TMIN,154,,,a,
ASN00092045,19960121,TMIN,96,,,a,
ASN00092045,19960122,TMIN,96,,,a,
ASN00092045,19960123,TMIN,129,,,a,
ASN00092045,19960124,TMIN,101,,,a,
ASN00092045,19960125,TMIN,116,,,a,
ASN00092045,19960126,TMIN,120,,,a,
ASN00092045,19960127,TMIN,131,,,a,
ASN00092045,19960128,TMIN,108,,,a,
ASN00092045,19960129,TMIN,117,,,a,
ASN00092045,19960130,TMIN,127,,,a,
ASN00092045,19960131,TMIN,145,,,a,
ASN00092045,19960101,PRCP,64,,,a,
ASN00092045,19960102,PRCP,358,,,a,
ASN00092045,19960103,PRCP,0,,,a,
ASN00092045,19960104,PRCP,0,,,a,
ASN00092045,19960105,PRCP,0,,,a,
ASN00092045,19960106,PRCP,18,,,a,
ASN00092045,19960107,PRCP,6,,,a,
ASN00092045,19960108,PRCP,12,,,a,
ASN00092045,19960109,PRCP,0,,,a,
ASN00092045,19960110,PRCP,0,,,a,
ASN00092045,19960111,PRCP,2,,,a,
ASN00092045,19960112,PRCP,8,,,a,
ASN00092045,19960113,PRCP,0,,,a,
ASN00092045,19960114,PRCP,0,,,a,
ASN00092045,19960115,PRCP,0,,,a,
ASN00092045,19960116,PRCP,0,,,a,
ASN00092045,19960117,PRCP,0,,,a,
ASN00092045,19960118,PRCP,0,,,a,
ASN00092045,19960119,PRCP,0,,,a,
ASN00092045,19960120,PRCP,2,,,a,
ASN00092045,19960121,PRCP,66,,,a,
ASN00092045,19960122,PRCP,2,,,a,
ASN00092045,19960123,PRCP,0,,,a,
ASN00092045,19960124,PRCP,0,,,a,
ASN00092045,19960125,PRCP,534,,,a,
ASN00092045,19960126,PRCP,10,,,a,
ASN00092045,19960127,PRCP,34,,,a,
ASN00092045,19960128,PRCP,4,,,a,
ASN00092045,19960129,PRCP,0,,,a,
ASN00092045,19960130,PRCP,0,,,a,
ASN00092045,19960131,PRCP,0,,,a,
ASN00092045,19960101,TAVG,148,H,,S,
ASN00092045,19960102,TAVG,134,H,,S,
ASN00092045,19960103,TAVG,132,H,,S,
ASN00092045,19960104,TAVG,142,H,,S,
ASN00092045,19960105,TAVG,144,H,,S,
ASN00092045,19960106,TAVG,153,H,,S,
ASN00092045,19960107,TAVG,159,H,,S,
ASN00092045,19960108,TAVG,157,H,,S,
ASN00092045,19960109,TAVG,161,H,,S,
ASN00092045,19960110,TAVG,159,H,,S,
ASN00092045,19960111,TAVG,169,H,,S,
ASN00092045,19960112,TAVG,162,H,,S,
ASN00092045,19960113,TAVG,169,H,,S,
ASN00092045,19960114,TAVG,177,H,,S,
ASN00092045,19960115,TAVG,172,H,,S,
ASN00092045,19960116,TAVG,176,H,,S,
ASN00092045,19960117,TAVG,161,H,,S,
ASN00092045,19960118,TAVG,171,H,,S,
ASN00092045,19960119,TAVG,162,H,,S,
ASN00092045,19960120,TAVG,141,H,,S,
ASN00092045,19960121,TAVG,142,H,,S,
ASN00092045,19960122,TAVG,167,H,,S,
ASN00092045,19960123,TAVG,168,H,,S,
ASN00092045,19960129,TAVG,146,H,,S,
ASN00092045,19960130,TAVG,166,H,,S,
ASN00092045,19960131,TAVG,169,H,,S,
ASN00092045,19960201,TMAX,202,,,a,
ASN00092045,19960202,TMAX,200,,,a,
ASN00092045,19960203,TMAX,196,,,a,
ASN00092045,19960204,TMAX,180,,,a,
ASN00092045,19960205,TMAX,190,,,a,
ASN00092045,19960206,TMAX,180,,,a,
ASN00092045,19960207,TMAX,174,,,a,
ASN00092045,19960208,TMAX,161,,,a,
ASN00092045,19960209,TMAX,171,,,a,
ASN00092045,19960210,TMAX,191,,,a,
ASN00092045,19960214,TMAX,198,,,a,
ASN00092045,19960215,TMAX,187,,,a,
ASN00092045,19960216,TMAX,185,,,a,
ASN00092045,19960217,TMAX,220,,,a,
ASN00092045,19960218,TMAX,206,,,a,
ASN00092045,19960221,TMAX,198,,,a,
ASN00092045,19960222,TMAX,197,,,a,
ASN00092045,19960223,TMAX,195,,,a,
ASN00092045,19960224,TMAX,202,,,a,
ASN00092045,19960225,TMAX,209,,,a,
ASN00092045,19960226,TMAX,252,,,a,
ASN00092045,19960227,TMAX,154,,,a,
ASN00092045,19960228,TMAX,150,,,a,
ASN00092045,19960229,TMAX,185,,,a,
ASN00092045,19960201,TMIN,130,,,a,
ASN00092045,19960202,TMIN,123,,,a,
ASN00092045,19960203,TMIN,98,,,a,
ASN00092045,19960204,TMIN,95,,,a,
ASN00092045,19960205,TMIN,125,,,a,
ASN00092045,19960206,TMIN,133,,,a,
ASN00092045,19960207,TMIN,142,,,a,
ASN00092045,19960208,TMIN,140,,,a,
ASN00092045,19960209,TMIN,106,,,a,
ASN00092045,19960210,TMIN,127,,,a,
ASN00092045,19960211,TMIN,107,,,a,
ASN00092045,19960215,TMIN,130,,,a,
ASN00092045,19960216,TMIN,144,,,a,
ASN00092045,19960217,TMIN,130,,,a,
ASN00092045,19960218,TMIN,148,,,a,
ASN00092045,19960219,TMIN,157,,,a,
ASN00092045,19960222,TMIN,134,,,a,
ASN00092045,19960223,TMIN,145,,,a,
ASN00092045,19960224,TMIN,139,,,a,
ASN00092045,19960225,TMIN,149,,,a,
ASN00092045,19960226,TMIN,150,,,a,
ASN00092045,19960227,TMIN,145,,,a,
ASN00092045,19960228,TMIN,128,,,a,
ASN00092045,19960229,TMIN,105,,,a,
ASN00092045,19960201,PRCP,158,,,a,
ASN00092045,19960202,PRCP,0,,,a,
ASN00092045,19960203,PRCP,0,,,a,
ASN00092045,19960204,PRCP,0,,,a,
ASN00092045,19960205,PRCP,0,,,a,
ASN00092045,19960206,PRCP,0,,,a,
ASN00092045,19960207,PRCP,0,,,a,
ASN00092045,19960208,PRCP,42,,,a,
ASN00092045,19960209,PRCP,656,,,a,
ASN00092045,19960210,PRCP,24,,,a,
ASN00092045,19960211,PRCP,0,,,a,
ASN00092045,19960215,PRCP,0,,,a,
ASN00092045,19960216,PRCP,0,,,a,
ASN00092045,19960217,PRCP,0,,,a,
ASN00092045,19960218,PRCP,0,,,a,
ASN00092045,19960219,PRCP,0,,,a,
ASN00092045,19960220,PRCP,0,,,a,
ASN00092045,19960221,PRCP,0,,,a,
ASN00092045,19960222,PRCP,0,,,a,
ASN00092045,19960223,PRCP,0,,,a,
ASN00092045,19960224,PRCP,2,,,a,
ASN00092045,19960225,PRCP,0,,,a,
ASN00092045,19960226,PRCP,0,,,a,
ASN00092045,19960227,PRCP,0,,,a,
ASN00092045,19960228,PRCP,76,,,a,
ASN00092045,19960229,PRCP,0,,,a,
ASN00092045,19960214,DAPR,3,,,a,
ASN00092045,19960214,DATN,3,,,a,
ASN00092045,19960221,DATN,2,,,a,
ASN00092045,19960213,DATX,3,,,a,
ASN00092045,19960220,DATX,2,,,a,
ASN00092045,19960214,DWPR,3,,,a,
ASN00092045,19960214,MDPR,30,,,a,
ASN00092045,19960214,MDTN,78,,,a,
ASN00092045,19960221,MDTN,120,,,a,
ASN00092045,19960213,MDTX,177,,,a,
ASN00092045,19960220,MDTX,184,,,a,
ASN00092045,19960201,TAVG,159,H,,S,
ASN00092045,19960202,TAVG,154,H,,S,
ASN00092045,19960203,TAVG,147,H,,S,
ASN00092045,19960204,TAVG,153,H,,S,
ASN00092045,19960205,TAVG,156,H,,S,
ASN00092045,19960206,TAVG,153,H,,S,
ASN00092045,19960207,TAVG,154,H,,S,
ASN00092045,19960208,TAVG,137,H,,S,
ASN00092045,19960209,TAVG,152,H,,S,
ASN00092045,19960210,TAVG,149,H,,S,
ASN00092045,19960211,TAVG,130,H,,S,
ASN00092045,19960212,TAVG,130,H,,S,
ASN00092045,19960213,TAVG,142,H,,S,
ASN00092045,19960214,TAVG,158,H,,S,
ASN00092045,19960215,TAVG,158,H,,S,
ASN00092045,19960216,TAVG,164,H,,S,
ASN00092045,19960217,TAVG,177,H,,S,
ASN00092045,19960218,TAVG,174,H,,S,
ASN00092045,19960219,TAVG,148,H,,S,
ASN00092045,19960220,TAVG,154,H,,S,
ASN00092045,19960221,TAVG,169,H,,S,
ASN00092045,19960222,TAVG,173,H,,S,
ASN00092045,19960223,TAVG,166,H,,S,
ASN00092045,19960224,TAVG,177,H,,S,
ASN00092045,19960225,TAVG,181,H,,S,
ASN00092045,19960226,TAVG,177,H,,S,
ASN00092045,19960227,TAVG,137,H,,S,
ASN00092045,19960228,TAVG,135,H,,S,
ASN00092045,19960229,TAVG,149,H,,S,
ASN00092045,19960301,TMAX,209,,,a,
ASN00092045,19960302,TMAX,159,,,a,
ASN00092045,19960303,TMAX,194,,,a,
ASN00092045,19960304,TMAX,197,,,a,
ASN00092045,19960305,TMAX,192,,,a,
ASN00092045,19960306,TMAX,200,,,a,
ASN00092045,19960307,TMAX,182,,,a,
ASN00092045,19960308,TMAX,192,,,a,
ASN00092045,19960309,TMAX,171,,,a,
ASN00092045,19960310,TMAX,167,,,a,
ASN00092045,19960311,TMAX,195,,,a,
ASN00092045,19960312,TMAX,201,,,a,
ASN00092045,19960313,TMAX,245,,,a,
ASN00092045,19960314,TMAX,194,,,a,
ASN00092045,19960315,TMAX,178,,,a,
ASN00092045,19960316,TMAX,183,,,a,
ASN00092045,19960317,TMAX,176,,,a,
ASN00092045,19960318,TMAX,166,,,a,
ASN00092045,19960319,TMAX,165,,,a,
ASN00092045,19960320,TMAX,156,,,a,
ASN00092045,19960321,TMAX,179,,,a,
ASN00092045,19960322,TMAX,209,,,a,
ASN00092045,19960323,TMAX,185,,,a,
ASN00092045,19960324,TMAX,190,,,a,
ASN00092045,19960325,TMAX,184,,,a,
ASN00092045,19960326,TMAX,181,,,a,
ASN00092045,19960327,TMAX,189,,,a,
ASN00092045,19960328,TMAX,246,,,a,
ASN00092045,19960329,TMAX,223,,,a,
ASN00092045,19960330,TMAX,195,,,a,
ASN00092045,19960331,TMAX,177,,,a,
ASN00092045,19960301,TMIN,131,,,a,
ASN00092045,19960302,TMIN,107,,,a,
ASN00092045,19960303,TMIN,118,,,a,
ASN00092045,19960304,TMIN,145,,,a,
ASN00092045,19960305,TMIN,157,,,a,
ASN00092045,19960306,TMIN,169,,,a,
ASN00092045,19960307,TMIN,104,,,a,
ASN00092045,19960308,TMIN,109,,,a,
ASN00092045,19960309,TMIN,146,,,a,
ASN00092045,19960311,TMIN,153,,,a,
ASN00092045,19960312,TMIN,156,,,a,
ASN00092045,19960313,TMIN,159,,,a,
ASN00092045,19960314,TMIN,104,,,a,
ASN00092045,19960315,TMIN,140,,,a,
ASN00092045,19960316,TMIN,164,,,a,
ASN00092045,19960317,TMIN,114,,,a,
ASN00092045,19960318,TMIN,90,,,a,
ASN00092045,19960319,TMIN,108,,,a,
ASN00092045,19960320,TMIN,60,,,a,
ASN00092045,19960321,TMIN,56,,,a,
ASN00092045,19960322,TMIN,87,,,a,
ASN00092045,19960323,TMIN,139,,,a,
ASN00092045,19960324,TMIN,139,,,a,
ASN00092045,19960325,TMIN,144,,,a,
ASN00092045,19960326,TMIN,145,,,a,
ASN00092045,19960327,TMIN,148,,,a,
ASN00092045,19960329,TMIN,55,,S,a,
ASN00092045,19960330,TMIN,156,,,a,
ASN00092045,19960331,TMIN,128,,,a,
ASN00092045,19960301,PRCP,0,,,a,
ASN00092045,19960302,PRCP,94,,,a,
ASN00092045,19960303,PRCP,2,,,a,
ASN00092045,19960304,PRCP,4,,,a,
ASN00092045,19960305,PRCP,0,,,a,
ASN00092045,19960306,PRCP,0,,,a,
ASN00092045,19960307,PRCP,4,,,a,
ASN00092045,19960308,PRCP,0,,,a,
ASN00092045,19960309,PRCP,0,,,a,
ASN00092045,19960330,PRCP,112,,,a,
ASN00092045,19960331,PRCP,10,,,a,
ASN00092045,19960329,DAPR,20,,,a,
ASN00092045,19960329,DWPR,20,,,a,
ASN00092045,19960329,MDPR,198,,,a,
ASN00092045,19960301,TAVG,133,H,,S,
ASN00092045,19960302,TAVG,148,H,,S,
ASN00092045,19960303,TAVG,165,H,,S,
ASN00092045,19960304,TAVG,177,H,,S,
ASN00092045,19960305,TAVG,177,H,,S,
ASN00092045,19960306,TAVG,160,H,,S,
ASN00092045,19960307,TAVG,152,H,,S,
ASN00092045,19960308,TAVG,164,H,,S,
ASN00092045,19960309,TAVG,144,H,,S,
ASN00092045,19960310,TAVG,159,H,,S,
ASN00092045,19960311,TAVG,177,H,,S,
ASN00092045,19960312,TAVG,177,H,,S,
ASN00092045,19960313,TAVG,172,H,,S,
ASN00092045,19960314,TAVG,158,H,,S,
ASN00092045,19960315,TAVG,171,H,,S,
ASN00092045,19960316,TAVG,151,H,,S,
ASN00092045,19960317,TAVG,115,H,,S,
ASN00092045,19960318,TAVG,144,H,,S,
ASN00092045,19960319,TAVG,123,H,,S,
ASN00092045,19960320,TAVG,104,H,,S,
ASN00092045,19960321,TAVG,136,H,,S,
ASN00092045,19960322,TAVG,163,H,,S,
ASN00092045,19960323,TAVG,159,H,,S,
ASN00092045,19960324,TAVG,165,H,,S,
ASN00092045,19960325,TAVG,161,H,,S,
ASN00092045,19960326,TAVG,159,H,,S,
ASN00092045,19960327,TAVG,164,H,,S,
ASN00092045,19960328,TAVG,172,H,,S,
ASN00092045,19960329,TAVG,172,H,,S,
ASN00092045,19960330,TAVG,151,H,,S,
ASN00092045,19960331,TAVG,138,H,,S,
ASN00092045,19960401,TMAX,168,,,a,
ASN00092045,19960402,TMAX,196,,,a,
ASN00092045,19960403,TMAX,190,,,a,
ASN00092045,19960404,TMAX,196,,,a,
ASN00092045,19960405,TMAX,165,,,a,
ASN00092045,19960406,TMAX,164,,,a,
ASN00092045,19960407,TMAX,190,,,a,
ASN00092045,19960408,TMAX,186,,,a,
ASN00092045,19960409,TMAX,170,,,a,
ASN00092045,19960410,TMAX,147,,,a,
ASN00092045,19960411,TMAX,166,,,a,
ASN00092045,19960412,TMAX,160,,,a,
ASN00092045,19960413,TMAX,156,,,a,
ASN00092045,19960414,TMAX,175,,,a,
ASN00092045,19960415,TMAX,150,,,a,
ASN00092045,19960416,TMAX,155,,,a,
ASN00092045,19960417,TMAX,128,,,a,
ASN00092045,19960418,TMAX,137,,,a,
ASN00092045,19960419,TMAX,160,,,a,
ASN00092045,19960420,TMAX,170,,,a,
ASN00092045,19960421,TMAX,162,,,a,
ASN00092045,19960422,TMAX,165,,,a,
ASN00092045,19960423,TMAX,168,,,a,
ASN00092045,19960424,TMAX,173,,,a,
ASN00092045,19960425,TMAX,168,,,a,
ASN00092045,19960426,TMAX,175,,,a,
ASN00092045,19960427,TMAX,155,,,a,
ASN00092045,19960428,TMAX,140,,,a,
ASN00092045,19960429,TMAX,153,,,a,
ASN00092045,19960401,TMIN,105,,,a,
ASN00092045,19960402,TMIN,101,,,a,
ASN00092045,19960403,TMIN,83,,,a,
ASN00092045,19960404,TMIN,108,,,a,
ASN00092045,19960405,TMIN,95,,,a,
ASN00092045,19960406,TMIN,128,,,a,
ASN00092045,19960407,TMIN,134,,,a,
ASN00092045,19960408,TMIN,92,,,a,
ASN00092045,19960409,TMIN,60,,,a,
ASN00092045,19960410,TMIN,70,,,a,
ASN00092045,19960411,TMIN,104,,,a,
ASN00092045,19960412,TMIN,116,,,a,
ASN00092045,19960413,TMIN,124,,,a,
ASN00092045,19960414,TMIN,126,,,a,
ASN00092045,19960415,TMIN,115,,,a,
ASN00092045,19960416,TMIN,90,,,a,
ASN00092045,19960417,TMIN,45,,,a,
ASN00092045,19960418,TMIN,75,,,a,
ASN00092045,19960419,TMIN,91,,,a,
ASN00092045,19960420,TMIN,98,,,a,
ASN00092045,19960421,TMIN,113,,,a,
ASN00092045,19960422,TMIN,74,,,a,
ASN00092045,19960423,TMIN,94,,,a,
ASN00092045,19960424,TMIN,113,,,a,
ASN00092045,19960425,TMIN,116,,,a,
ASN00092045,19960426,TMIN,117,,,a,
ASN00092045,19960427,TMIN,93,,,a,
ASN00092045,19960428,TMIN,55,,,a,
ASN00092045,19960429,TMIN,58,,,a,
ASN00092045,19960430,TMIN,60,,,a,
ASN00092045,19960401,PRCP,20,,,a,
ASN00092045,19960402,PRCP,6,,,a,
ASN00092045,19960403,PRCP,0,,,a,
ASN00092045,19960404,PRCP,0,,,a,
ASN00092045,19960405,PRCP,4,,,a,
ASN00092045,19960406,PRCP,0,,,a,
ASN00092045,19960407,PRCP,6,,,a,
ASN00092045,19960408,PRCP,0,,,a,
ASN00092045,19960409,PRCP,0,,,a,
ASN00092045,19960410,PRCP,20,,,a,
ASN00092045,19960411,PRCP,266,,,a,
ASN00092045,19960412,PRCP,46,,,a,
ASN00092045,19960413,PRCP,8,,,a,
ASN00092045,19960414,PRCP,2,,,a,
ASN00092045,19960415,PRCP,22,,,a,
ASN00092045,19960416,PRCP,36,,,a,
ASN00092045,19960417,PRCP,4,,,a,
ASN00092045,19960418,PRCP,22,,,a,
ASN00092045,19960419,PRCP,224,,,a,
ASN00092045,19960420,PRCP,48,,,a,
ASN00092045,19960421,PRCP,0,,,a,
ASN00092045,19960422,PRCP,4,,,a,
ASN00092045,19960423,PRCP,0,,,a,
ASN00092045,19960424,PRCP,0,,,a,
ASN00092045,19960425,PRCP,14,,,a,
ASN00092045,19960426,PRCP,12,,,a,
ASN00092045,19960427,PRCP,6,,,a,
ASN00092045,19960428,PRCP,0,,,a,
ASN00092045,19960429,PRCP,0,,,a,
ASN00092045,19960430,PRCP,0,,,a,
ASN00092045,19960401,TAVG,133,H,,S,
ASN00092045,19960402,TAVG,138,H,,S,
ASN00092045,19960403,TAVG,150,H,,S,
ASN00092045,19960404,TAVG,140,H,,S,
ASN00092045,19960405,TAVG,142,H,,S,
ASN00092045,19960406,TAVG,148,H,,S,
ASN00092045,19960407,TAVG,134,H,,S,
ASN00092045,19960408,TAVG,128,H,,S,
ASN00092045,19960409,TAVG,117,H,,S,
ASN00092045,19960410,TAVG,132,H,,S,
ASN00092045,19960411,TAVG,136,H,,S,
ASN00092045,19960412,TAVG,142,H,,S,
ASN00092045,19960413,TAVG,146,H,,S,
ASN00092045,19960414,TAVG,136,H,,S,
ASN00092045,19960415,TAVG,123,H,,S,
ASN00092045,19960416,TAVG,101,H,,S,
ASN00092045,19960417,TAVG,111,H,,S,
ASN00092045,19960418,TAVG,124,H,,S,
ASN00092045,19960419,TAVG,138,H,,S,
ASN00092045,19960420,TAVG,140,H,,S,
ASN00092045,19960421,TAVG,135,H,,S,
ASN00092045,19960422,TAVG,136,H,,S,
ASN00092045,19960423,TAVG,139,H,,S,
ASN00092045,19960424,TAVG,146,H,,S,
ASN00092045,19960425,TAVG,146,H,,S,
ASN00092045,19960426,TAVG,128,H,,S,
ASN00092045,19960427,TAVG,108,H,,S,
ASN00092045,19960428,TAVG,96,H,,S,
ASN00092045,19960429,TAVG,108,H,,S,
ASN00092045,19960430,TAVG,116,H,,S,
ASN00092045,19960505,TMAX,170,,,a,
ASN00092045,19960506,TMAX,158,,,a,
ASN00092045,19960507,TMAX,164,,,a,
ASN00092045,19960508,TMAX,136,,,a,
ASN00092045,19960509,TMAX,165,,,a,
ASN00092045,19960510,TMAX,192,,,a,
ASN00092045,19960511,TMAX,174,,,a,
ASN00092045,19960512,TMAX,126,,,a,
ASN00092045,19960513,TMAX,138,,,a,
ASN00092045,19960514,TMAX,157,,,a,
ASN00092045,19960515,TMAX,166,,,a,
ASN00092045,19960516,TMAX,147,,,a,
ASN00092045,19960517,TMAX,156,,,a,
ASN00092045,19960518,TMAX,144,,,a,
ASN00092045,19960519,TMAX,170,,,a,
ASN00092045,19960520,TMAX,145,,,a,
ASN00092045,19960521,TMAX,162,,,a,
ASN00092045,19960522,TMAX,156,,,a,
ASN00092045,19960523,TMAX,149,,,a,
ASN00092045,19960524,TMAX,163,,,a,
ASN00092045,19960525,TMAX,154,,,a,
ASN00092045,19960526,TMAX,144,,,a,
ASN00092045,19960527,TMAX,149,,,a,
ASN00092045,19960528,TMAX,143,,,a,
ASN00092045,19960529,TMAX,156,,,a,
ASN00092045,19960506,TMIN,84,,,a,
ASN00092045,19960507,TMIN,96,,,a,
ASN00092045,19960508,TMIN,85,,,a,
ASN00092045,19960509,TMIN,55,,,a,
ASN00092045,19960510,TMIN,95,,,a,
ASN00092045,19960511,TMIN,139,,,a,
ASN00092045,19960512,TMIN,106,,,a,
ASN00092045,19960513,TMIN,78,,,a,
ASN00092045,19960514,TMIN,55,,,a,
ASN00092045,19960515,TMIN,101,,,a,
ASN00092045,19960516,TMIN,97,,,a,
ASN00092045,19960517,TMIN,93,,,a,
ASN00092045,19960518,TMIN,75,,,a,
ASN00092045,19960519,TMIN,86,,,a,
ASN00092045,19960520,TMIN,90,,,a,
ASN00092045,19960521,TMIN,64,,,a,
ASN00092045,19960522,TMIN,93,,,a,
ASN00092045,19960523,TMIN,73,,,a,
ASN00092045,19960524,TMIN,100,,,a,
ASN00092045,19960525,TMIN,80,,,a,
ASN00092045,19960526,TMIN,58,,,a,
ASN00092045,19960527,TMIN,48,,,a,
ASN00092045,19960528,TMIN,73,,,a,
ASN00092045,19960529,TMIN,82,,,a,
ASN00092045,19960530,TMIN,112,,,a,
ASN00092045,19960501,PRCP,0,,,a,
ASN00092045,19960502,PRCP,0,,,a,
ASN00092045,19960503,PRCP,0,,,a,
ASN00092045,19960504,PRCP,0,,,a,
ASN00092045,19960505,PRCP,0,,,a,
ASN00092045,19960506,PRCP,150,,,a,
ASN00092045,19960507,PRCP,62,,,a,
ASN00092045,19960508,PRCP,0,,,a,
ASN00092045,19960509,PRCP,0,,,a,
ASN00092045,19960510,PRCP,0,,,a,
ASN00092045,19960511,PRCP,0,,,a,
ASN00092045,19960512,PRCP,0,,,a,
ASN00092045,19960513,PRCP,0,,,a,
ASN00092045,19960514,PRCP,0,,,a,
ASN00092045,19960515,PRCP,0,,,a,
ASN00092045,19960516,PRCP,0,,,a,
ASN00092045,19960517,PRCP,0,,,a,
ASN00092045,19960518,PRCP,0,,,a,
ASN00092045,19960519,PRCP,2,,,a,
ASN00092045,19960520,PRCP,0,,,a,
ASN00092045,19960521,PRCP,0,,,a,
ASN00092045,19960522,PRCP,6,,,a,
ASN00092045,19960523,PRCP,38,,,a,
ASN00092045,19960524,PRCP,0,,,a,
ASN00092045,19960525,PRCP,0,,,a,
ASN00092045,19960526,PRCP,0,,,a,
ASN00092045,19960527,PRCP,0,,,a,
ASN00092045,19960528,PRCP,50,,,a,
ASN00092045,19960529,PRCP,0,,,a,
ASN00092045,19960530,PRCP,0,,,a,
ASN00092045,19960531,PRCP,0,,,a,
ASN00092045,19960501,TAVG,131,H,,S,
ASN00092045,19960502,TAVG,138,H,,S,
ASN00092045,19960503,TAVG,142,H,,S,
ASN00092045,19960504,TAVG,149,H,,S,
ASN00092045,19960505,TAVG,153,H,,S,
ASN00092045,19960506,TAVG,129,H,,S,
ASN00092045,19960507,TAVG,108,H,,S,
ASN00092045,19960508,TAVG,92,H,,S,
ASN00092045,19960509,TAVG,135,H,,S,
ASN00092045,19960510,TAVG,166,H,,S,
ASN00092045,19960511,TAVG,131,H,,S,
ASN00092045,19960512,TAVG,108,H,,S,
ASN00092045,19960513,TAVG,91,H,,S,
ASN00092045,19960514,TAVG,131,H,,S,
ASN00092045,19960515,TAVG,123,H,,S,
ASN00092045,19960516,TAVG,112,H,,S,
ASN00092045,19960517,TAVG,107,H,,S,
ASN00092045,19960518,TAVG,114,H,,S,
ASN00092045,19960519,TAVG,127,H,,S,
ASN00092045,19960520,TAVG,99,H,,S,
ASN00092045,19960521,TAVG,128,H,,S,
ASN00092045,19960522,TAVG,114,H,,S,
ASN00092045,19960523,TAVG,123,H,,S,
ASN00092045,19960524,TAVG,119,H,,S,
ASN00092045,19960525,TAVG,106,H,,S,
ASN00092045,19960526,TAVG,94,H,,S,
ASN00092045,19960527,TAVG,123,H,,S,
ASN00092045,19960528,TAVG,110,H,,S,
ASN00092045,19960529,TAVG,131,H,,S,
ASN00092045,19960530,TAVG,131,H,,S,
ASN00092045,19960531,TAVG,126,H,,S,
ASN00092045,19960601,TMAX,142,,,a,
ASN00092045,19960602,TMAX,151,,,a,
ASN00092045,19960603,TMAX,164,,,a,
ASN00092045,19960604,TMAX,131,,,a,
ASN00092045,19960605,TMAX,134,,,a,
ASN00092045,19960606,TMAX,125,,,a,
ASN00092045,19960607,TMAX,122,,,a,
ASN00092045,19960608,TMAX,129,,,a,
ASN00092045,19960609,TMAX,109,,,a,
ASN00092045,19960610,TMAX,109,,,a,
ASN00092045,19960611,TMAX,123,,,a,
ASN00092045,19960612,TMAX,120,,,a,
ASN00092045,19960613,TMAX,121,,,a,
ASN00092045,19960614,TMAX,122,,,a,
ASN00092045,19960615,TMAX,130,,,a,
ASN00092045,19960617,TMAX,141,,,a,
ASN00092045,19960618,TMAX,140,,,a,
ASN00092045,19960619,TMAX,166,,,a,
ASN00092045,19960620,TMAX,133,,,a,
ASN00092045,19960621,TMAX,138,,,a,
ASN00092045,19960622,TMAX,130,,,a,
ASN00092045,19960623,TMAX,128,,,a,
ASN00092045,19960624,TMAX,141,,,a,
ASN00092045,19960625,TMAX,150,,,a,
ASN00092045,19960626,TMAX,118,,,a,
ASN00092045,19960627,TMAX,120,,,a,
ASN00092045,19960628,TMAX,114,,,a,
ASN00092045,19960629,TMAX,104,,,a,
ASN00092045,19960630,TMAX,112,,,a,
ASN00092045,19960601,TMIN,101,,,a,
ASN00092045,19960602,TMIN,106,,,a,
ASN00092045,19960604,TMIN,104,,,a,
ASN00092045,19960605,TMIN,70,,,a,
ASN00092045,19960606,TMIN,85,,,a,
ASN00092045,19960607,TMIN,76,,,a,
ASN00092045,19960608,TMIN,67,,,a,
ASN00092045,19960609,TMIN,80,,,a,
ASN00092045,19960610,TMIN,65,,,a,
ASN00092045,19960611,TMIN,65,,,a,
ASN00092045,19960612,TMIN,87,,,a,
ASN00092045,19960613,TMIN,73,,,a,
ASN00092045,19960614,TMIN,55,,,a,
ASN00092045,19960615,TMIN,70,,,a,
ASN00092045,19960618,TMIN,123,,,a,
ASN00092045,19960619,TMIN,110,,,a,
ASN00092045,19960620,TMIN,90,,,a,
ASN00092045,19960621,TMIN,102,,,a,
ASN00092045,19960622,TMIN,75,,,a,
ASN00092045,19960623,TMIN,95,,,a,
ASN00092045,19960624,TMIN,82,,,a,
ASN00092045,19960625,TMIN,82,,,a,
ASN00092045,19960626,TMIN,78,,,a,
ASN00092045,19960627,TMIN,87,,,a,
ASN00092045,19960628,TMIN,52,,,a,
ASN00092045,19960629,TMIN,42,,,a,
ASN00092045,19960630,TMIN,75,,,a,
ASN00092045,19960601,PRCP,0,,,a,
ASN00092045,19960602,PRCP,110,,,a,
ASN00092045,19960603,PRCP,0,,,a,
ASN00092045,19960604,PRCP,110,,,a,
ASN00092045,19960605,PRCP,10,,,a,
ASN00092045,19960606,PRCP,90,,,a,
ASN00092045,19960607,PRCP,30,,,a,
ASN00092045,19960608,PRCP,0,,,a,
ASN00092045,19960609,PRCP,0,,,a,
ASN00092045,19960610,PRCP,6,,,a,
ASN00092045,19960611,PRCP,0,,,a,
ASN00092045,19960612,PRCP,20,,,a,
ASN00092045,19960613,PRCP,4,,,a,
ASN00092045,19960614,PRCP,0,,,a,
ASN00092045,19960615,PRCP,0,,,a,
ASN00092045,19960617,PRCP,0,,,a,
ASN00092045,19960618,PRCP,0,,,a,
ASN00092045,19960619,PRCP,4,,,a,
ASN00092045,19960620,PRCP,4,,,a,
ASN00092045,19960621,PRCP,4,,,a,
ASN00092045,19960622,PRCP,10,,,a,
ASN00092045,19960623,PRCP,8,,,a,
ASN00092045,19960624,PRCP,0,,,a,
ASN00092045,19960625,PRCP,4,,,a,
ASN00092045,19960626,PRCP,40,,,a,
ASN00092045,19960627,PRCP,8,,,a,
ASN00092045,19960628,PRCP,0,,,a,
ASN00092045,19960629,PRCP,20,,,a,
ASN00092045,19960617,DATN,2,,,a,
ASN00092045,19960617,MDTN,75,,,a,
ASN00092045,19960601,TAVG,127,H,,S,
ASN00092045,19960602,TAVG,106,H,,S,
ASN00092045,19960603,TAVG,131,H,,S,
ASN00092045,19960604,TAVG,101,H,,S,
ASN00092045,19960605,TAVG,117,H,,S,
ASN00092045,19960606,TAVG,103,H,,S,
ASN00092045,19960607,TAVG,88,H,,S,
ASN00092045,19960608,TAVG,103,H,,S,
ASN00092045,19960609,TAVG,83,H,,S,
ASN00092045,19960610,TAVG,89,H,,S,
ASN00092045,19960611,TAVG,99,H,,S,
ASN00092045,19960612,TAVG,94,H,,S,
ASN00092045,19960613,TAVG,89,H,,S,
ASN00092045,19960614,TAVG,96,H,,S,
ASN00092045,19960615,TAVG,98,H,,S,
ASN00092045,19960616,TAVG,116,H,,S,
ASN00092045,19960617,TAVG,130,H,,S,
ASN00092045,19960618,TAVG,126,H,,S,
ASN00092045,19960619,TAVG,121,H,,S,
ASN00092045,19960620,TAVG,117,H,,S,
ASN00092045,19960621,TAVG,108,H,,S,
ASN00092045,19960622,TAVG,113,H,,S,
ASN00092045,19960623,TAVG,109,H,,S,
ASN00092045,19960624,TAVG,108,H,,S,
ASN00092045,19960625,TAVG,110,H,,S,
ASN00092045,19960626,TAVG,99,H,,S,
ASN00092045,19960627,TAVG,89,H,,S,
ASN00092045,19960628,TAVG,79,H,,S,
ASN00092045,19960629,TAVG,91,H,,S,
ASN00092045,19960630,TAVG,72,H,,S,
ASN00092045,19960701,TMAX,114,,,a,
ASN00092045,19960702,TMAX,132,,,a,
ASN00092045,19960703,TMAX,146,,,a,
ASN00092045,19960704,TMAX,139,,,a,
ASN00092045,19960705,TMAX,115,,,a,
ASN00092045,19960706,TMAX,142,,,a,
ASN00092045,19960707,TMAX,120,,,a,
ASN00092045,19960708,TMAX,92,,,a,
ASN00092045,19960709,TMAX,93,,,a,
ASN00092045,19960710,TMAX,114,,,a,
ASN00092045,19960711,TMAX,114,,,a,
ASN00092045,19960712,TMAX,120,,,a,
ASN00092045,19960717,TMAX,119,,,a,
ASN00092045,19960718,TMAX,128,,,a,
ASN00092045,19960719,TMAX,136,,,a,
ASN00092045,19960720,TMAX,158,,,a,
ASN00092045,19960721,TMAX,136,,,a,
ASN00092045,19960722,TMAX,136,,,a,
ASN00092045,19960723,TMAX,136,,,a,
ASN00092045,19960724,TMAX,128,,,a,
ASN00092045,19960725,TMAX,141,,,a,
ASN00092045,19960726,TMAX,132,,,a,
ASN00092045,19960727,TMAX,126,,,a,
ASN00092045,19960731,TMAX,139,,,a,
ASN00092045,19960701,TMIN,45,,,a,
ASN00092045,19960702,TMIN,67,,,a,
ASN00092045,19960703,TMIN,66,,,a,
ASN00092045,19960704,TMIN,73,,,a,
ASN00092045,19960705,TMIN,109,,,a,
ASN00092045,19960706,TMIN,78,,,a,
ASN00092045,19960707,TMIN,86,,,a,
ASN00092045,19960708,TMIN,40,,,a,
ASN00092045,19960709,TMIN,25,,,a,
ASN00092045,19960710,TMIN,40,,,a,
ASN00092045,19960711,TMIN,81,,,a,
ASN00092045,19960712,TMIN,94,,,a,
ASN00092045,19960713,TMIN,89,,,a,
ASN00092045,19960718,TMIN,102,,,a,
ASN00092045,19960719,TMIN,105,,,a,
ASN00092045,19960720,TMIN,94,,,a,
ASN00092045,19960721,TMIN,56,,,a,
ASN00092045,19960722,TMIN,52,,,a,
ASN00092045,19960723,TMIN,65,,,a,
ASN00092045,19960724,TMIN,70,,,a,
ASN00092045,19960725,TMIN,38,,,a,
ASN00092045,19960726,TMIN,62,,,a,
ASN00092045,19960727,TMIN,70,,,a,
ASN00092045,19960728,TMIN,94,,,a,
ASN00092045,19960701,PRCP,0,,,a,
ASN00092045,19960702,PRCP,52,,,a,
ASN00092045,19960703,PRCP,0,,,a,
ASN00092045,19960704,PRCP,2,,,a,
ASN00092045,19960705,PRCP,8,,,a,
ASN00092045,19960706,PRCP,32,,,a,
ASN00092045,19960707,PRCP,10,,,a,
ASN00092045,19960708,PRCP,0,,,a,
ASN00092045,19960709,PRCP,2,,,a,
ASN00092045,19960710,PRCP,0,,,a,
ASN00092045,19960711,PRCP,60,,,a,
ASN00092045,19960712,PRCP,212,,,a,
ASN00092045,19960713,PRCP,40,,,a,
ASN00092045,19960714,PRCP,0,,,a,
ASN00092045,19960715,PRCP,0,,,a,
ASN00092045,19960716,PRCP,0,,,a,
ASN00092045,19960717,PRCP,68,,,a,
ASN00092045,19960718,PRCP,2,,,a,
ASN00092045,19960719,PRCP,4,,,a,
ASN00092045,19960720,PRCP,6,,,a,
ASN00092045,19960721,PRCP,26,,,a,
ASN00092045,19960722,PRCP,0,,,a,
ASN00092045,19960723,PRCP,10,,,a,
ASN00092045,19960724,PRCP,24,,,a,
ASN00092045,19960725,PRCP,8,,,a,
ASN00092045,19960726,PRCP,0,,,a,
ASN00092045,19960727,PRCP,0,,,a,
ASN00092045,19960728,PRCP,64,,,a,
ASN00092045,19960729,PRCP,0,,,a,
ASN00092045,19960730,PRCP,0,,,a,
ASN00092045,19960731,PRCP,170,,,a,
ASN00092045,19960717,DATN,4,,,a,
ASN00092045,19960731,DATN,3,,,a,
ASN00092045,19960716,DATX,4,,,a,
ASN00092045,19960730,DATX,3,,,a,
ASN00092045,19960717,MDTN,46,,,a,
ASN00092045,19960731,MDTN,94,,,a,
ASN00092045,19960716,MDTX,126,,,a,
ASN00092045,19960730,MDTX,147,,,a,
ASN00092045,19960701,TAVG,98,H,,S,
ASN00092045,19960702,TAVG,96,H,,S,
ASN00092045,19960703,TAVG,107,H,,S,
ASN00092045,19960704,TAVG,124,H,,S,
ASN00092045,19960705,TAVG,102,H,,S,
ASN00092045,19960706,TAVG,109,H,,S,
ASN00092045,19960707,TAVG,81,H,,S,
ASN00092045,19960708,TAVG,63,H,,S,
ASN00092045,19960709,TAVG,78,H,,S,
ASN00092045,19960710,TAVG,101,H,,S,
ASN00092045,19960711,TAVG,106,H,,S,
ASN00092045,19960712,TAVG,102,H,,S,
ASN00092045,19960713,TAVG,93,H,,S,
ASN00092045,19960714,TAVG,79,H,,S,
ASN00092045,19960715,TAVG,87,H,,S,
ASN00092045,19960716,TAVG,97,H,,S,
ASN00092045,19960717,TAVG,110,H,,S,
ASN00092045,19960718,TAVG,117,H,,S,
ASN00092045,19960719,TAVG,117,H,,S,
ASN00092045,19960720,TAVG,104,H,,S,
ASN00092045,19960721,TAVG,95,H,,S,
ASN00092045,19960722,TAVG,102,H,,S,
ASN00092045,19960723,TAVG,101,H,,S,
ASN00092045,19960724,TAVG,79,H,,S,
ASN00092045,19960725,TAVG,102,H,,S,
ASN00092045,19960726,TAVG,104,H,,S,
ASN00092045,19960727,TAVG,118,H,,S,
ASN00092045,19960728,TAVG,128,H,,S,
ASN00092045,19960731,TAVG,113,H,,S,
ASN00092045,19960801,TMAX,140,,,a,
ASN00092045,19960802,TMAX,136,,,a,
ASN00092045,19960803,TMAX,134,,,a,
ASN00092045,19960804,TMAX,115,,,a,
ASN00092045,19960805,TMAX,133,,,a,
ASN00092045,19960806,TMAX,133,,,a,
ASN00092045,19960807,TMAX,125,,,a,
ASN00092045,19960808,TMAX,117,,,a,
ASN00092045,19960809,TMAX,142,,,a,
ASN00092045,19960810,TMAX,124,,,a,
ASN00092045,19960815,TMAX,133,,,a,
ASN00092045,19960816,TMAX,135,,,a,
ASN00092045,19960817,TMAX,133,,,a,
ASN00092045,19960818,TMAX,108,,,a,
ASN00092045,19960819,TMAX,123,,,a,
ASN00092045,19960820,TMAX,149,,,a,
ASN00092045,19960821,TMAX,125,,,a,
ASN00092045,19960822,TMAX,134,,,a,
ASN00092045,19960823,TMAX,152,,,a,
ASN00092045,19960824,TMAX,146,,,a,
ASN00092045,19960825,TMAX,155,,,a,
ASN00092045,19960830,TMAX,139,,,a,
ASN00092045,19960831,TMAX,144,,,a,
ASN00092045,19960801,TMIN,100,,,a,
ASN00092045,19960802,TMIN,91,,,a,
ASN00092045,19960803,TMIN,109,,,a,
ASN00092045,19960804,TMIN,72,,,a,
ASN00092045,19960805,TMIN,48,,,a,
ASN00092045,19960806,TMIN,75,,,a,
ASN00092045,19960807,TMIN,57,,,a,
ASN00092045,19960808,TMIN,40,,,a,
ASN00092045,19960809,TMIN,59,,,a,
ASN00092045,19960810,TMIN,34,,,a,
ASN00092045,19960811,TMIN,86,,,a,
ASN00092045,19960816,TMIN,84,,,a,
ASN00092045,19960817,TMIN,97,,,a,
ASN00092045,19960818,TMIN,50,,,a,
ASN00092045,19960819,TMIN,47,,,a,
ASN00092045,19960820,TMIN,37,,,a,
ASN00092045,19960821,TMIN,50,,,a,
ASN00092045,19960822,TMIN,80,,,a,
ASN00092045,19960823,TMIN,94,,,a,
ASN00092045,19960824,TMIN,61,,,a,
ASN00092045,19960825,TMIN,87,,,a,
ASN00092045,19960826,TMIN,92,,,a,
ASN00092045,19960831,TMIN,50,,,a,
ASN00092045,19960801,PRCP,140,,,a,
ASN00092045,19960802,PRCP,8,,,a,
ASN00092045,19960803,PRCP,32,,,a,
ASN00092045,19960804,PRCP,132,,,a,
ASN00092045,19960805,PRCP,10,,,a,
ASN00092045,19960806,PRCP,10,,,a,
ASN00092045,19960807,PRCP,16,,,a,
ASN00092045,19960808,PRCP,102,,,a,
ASN00092045,19960809,PRCP,2,,,a,
ASN00092045,19960810,PRCP,0,,,a,
ASN00092045,19960811,PRCP,0,,,a,
ASN00092045,19960816,PRCP,0,,,a,
ASN00092045,19960817,PRCP,8,,,a,
ASN00092045,19960818,PRCP,54,,,a,
ASN00092045,19960819,PRCP,0,,,a,
ASN00092045,19960820,PRCP,0,,,a,
ASN00092045,19960821,PRCP,0,,,a,
ASN00092045,19960822,PRCP,0,,,a,
ASN00092045,19960823,PRCP,4,,,a,
ASN00092045,19960824,PRCP,2,,,a,
ASN00092045,19960825,PRCP,2,,,a,
ASN00092045,19960826,PRCP,8,,,a,
ASN00092045,19960831,PRCP,2,,,a,
ASN00092045,19960815,DAPR,4,,,a,
ASN00092045,19960830,DAPR,4,,,a,
ASN00092045,19960815,DATN,4,,,a,
ASN00092045,19960830,DATN,4,,,a,
ASN00092045,19960814,DATX,4,,,a,
ASN00092045,19960829,DATX,4,,,a,
ASN00092045,19960815,DWPR,4,,,a,
ASN00092045,19960830,DWPR,4,,,a,
ASN00092045,19960815,MDPR,184,,,a,
ASN00092045,19960830,MDPR,128,,,a,
ASN00092045,19960815,MDTN,30,,,a,
ASN00092045,19960830,MDTN,56,,,a,
ASN00092045,19960814,MDTX,154,,,a,
ASN00092045,19960829,MDTX,150,,,a,
ASN00092045,19960801,TAVG,109,H,,S,
ASN00092045,19960802,TAVG,119,H,,S,
ASN00092045,19960803,TAVG,92,H,,S,
ASN00092045,19960804,TAVG,73,H,,S,
ASN00092045,19960805,TAVG,109,H,,S,
ASN00092045,19960806,TAVG,96,H,,S,
ASN00092045,19960807,TAVG,76,H,,S,
ASN00092045,19960808,TAVG,83,H,,S,
ASN00092045,19960809,TAVG,88,H,,S,
ASN00092045,19960810,TAVG,108,H,,S,
ASN00092045,19960811,TAVG,119,H,,S,
ASN00092045,19960812,TAVG,115,H,,S,
ASN00092045,19960813,TAVG,120,H,,S,
ASN00092045,19960814,TAVG,84,H,,S,
ASN00092045,19960815,TAVG,109,H,,S,
ASN00092045,19960816,TAVG,113,H,,S,
ASN00092045,19960817,TAVG,84,H,,S,
ASN00092045,19960818,TAVG,78,H,,S,
ASN00092045,19960819,TAVG,82,H,,S,
ASN00092045,19960820,TAVG,93,H,,S,
ASN00092045,19960821,TAVG,104,H,,S,
ASN00092045,19960822,TAVG,111,H,,S,
ASN00092045,19960823,TAVG,108,H,,S,
ASN00092045,19960824,TAVG,113,H,,S,
ASN00092045,19960825,TAVG,123,H,,S,
ASN00092045,19960826,TAVG,100,H,,S,
ASN00092045,19960827,TAVG,107,H,,S,
ASN00092045,19960828,TAVG,98,H,,S,
ASN00092045,19960829,TAVG,95,H,,S,
ASN00092045,19960830,TAVG,97,H,,S,
ASN00092045,19960831,TAVG,116,H,,S,
ASN00092045,19960901,TMAX,126,,,a,
ASN00092045,19960902,TMAX,144,,,a,
ASN00092045,19960903,TMAX,147,,,a,
ASN00092045,19960904,TMAX,144,,,a,
ASN00092045,19960905,TMAX,142,,,a,
ASN00092045,19960906,TMAX,157,,,a,
ASN00092045,19960907,TMAX,128,,,a,
ASN00092045,19960908,TMAX,148,,,a,
ASN00092045,19960909,TMAX,112,,,a,
ASN00092045,19960910,TMAX,124,,,a,
ASN00092045,19960911,TMAX,161,,,a,
ASN00092045,19960912,TMAX,140,,,a,
ASN00092045,19960913,TMAX,115,,,a,
ASN00092045,19960914,TMAX,154,,,a,
ASN00092045,19960915,TMAX,170,,,a,
ASN00092045,19960916,TMAX,190,,,a,
ASN00092045,19960917,TMAX,154,,,a,
ASN00092045,19960918,TMAX,138,,,a,
ASN00092045,19960927,TMAX,175,,,a,
ASN00092045,19960928,TMAX,135,,,a,
ASN00092045,19960929,TMAX,134,,,a,
ASN00092045,19960930,TMAX,154,,,a,
ASN00092045,19960901,TMIN,86,,,a,
ASN00092045,19960902,TMIN,85,,,a,
ASN00092045,19960903,TMIN,44,,,a,
ASN00092045,19960904,TMIN,41,,,a,
ASN00092045,19960905,TMIN,88,,,a,
ASN00092045,19960906,TMIN,56,,,a,
ASN00092045,19960907,TMIN,33,,,a,
ASN00092045,19960910,TMIN,79,,,a,
ASN00092045,19960912,TMIN,94,,,a,
ASN00092045,19960913,TMIN,49,,,a,
ASN00092045,19960914,TMIN,48,,,a,
ASN00092045,19960915,TMIN,103,,,a,
ASN00092045,19960916,TMIN,105,,,a,
ASN00092045,19960917,TMIN,98,,,a,
ASN00092045,19960918,TMIN,82,,,a,
ASN00092045,19960928,TMIN,54,,,a,
ASN00092045,19960929,TMIN,91,,,a,
ASN00092045,19960901,PRCP,0,,,a,
ASN00092045,19960902,PRCP,4,,,a,
ASN00092045,19960903,PRCP,0,,,a,
ASN00092045,19960904,PRCP,0,,,a,
ASN00092045,19960905,PRCP,24,,,a,
ASN00092045,19960906,PRCP,4,,,a,
ASN00092045,19960913,PRCP,10,,,a,
ASN00092045,19960914,PRCP,16,,,a,
ASN00092045,19960915,PRCP,16,,,a,
ASN00092045,19960916,PRCP,0,,,a,
ASN00092045,19960917,PRCP,70,,,a,
ASN00092045,19960918,PRCP,0,,,a,
ASN00092045,19960929,PRCP,10,,,a,
ASN00092045,19960930,PRCP,104,,,a,
ASN00092045,19960912,DAPR,6,,,a,
ASN00092045,19960928,DAPR,10,,,a,
ASN00092045,19960912,DWPR,6,,,a,
ASN00092045,19960928,DWPR,10,,,a,
ASN00092045,19960912,MDPR,248,,,a,
ASN00092045,19960928,MDPR,234,,,a,
ASN00092045,19960901,TAVG,106,H,,S,
ASN00092045,19960902,TAVG,99,H,,S,
ASN00092045,19960903,TAVG,98,H,,S,
ASN00092045,19960904,TAVG,105,H,,S,
ASN00092045,19960905,TAVG,94,H,,S,
ASN00092045,19960906,TAVG,93,H,,S,
ASN00092045,19960907,TAVG,96,H,,S,
ASN00092045,19960908,TAVG,99,H,,S,
ASN00092045,19960909,TAVG,89,H,,S,
ASN00092045,19960910,TAVG,87,H,,S,
ASN00092045,19960911,TAVG,113,H,,S,
ASN00092045,19960912,TAVG,96,H,,S,
ASN00092045,19960913,TAVG,76,H,,S,
ASN00092045,19960914,TAVG,122,H,,S,
ASN00092045,19960915,TAVG,143,H,,S,
ASN00092045,19960916,TAVG,133,H,,S,
ASN00092045,19960917,TAVG,116,H,,S,
ASN00092045,19960918,TAVG,128,H,,S,
ASN00092045,19960922,TAVG,123,H,,S,
ASN00092045,19960923,TAVG,103,H,,S,
ASN00092045,19960924,TAVG,106,H,,S,
ASN00092045,19960927,TAVG,102,H,,S,
ASN00092045,19960928,TAVG,109,H,,S,
ASN00092045,19960930,TAVG,121,H,,S,
ASN00092045,19961001,TMAX,175,,,a,
ASN00092045,19961002,TMAX,160,,,a,
ASN00092045,19961003,TMAX,164,,,a,
ASN00092045,19961004,TMAX,175,,,a,
ASN00092045,19961005,TMAX,150,,,a,
ASN00092045,19961006,TMAX,157,,,a,
ASN00092045,19961008,TMAX,157,,,a,
ASN00092045,19961009,TMAX,160,,,a,
ASN00092045,19961010,TMAX,202,,,a,
ASN00092045,19961011,TMAX,150,,,a,
ASN00092045,19961012,TMAX,150,,,a,
ASN00092045,19961013,TMAX,186,,,a,
ASN00092045,19961014,TMAX,180,,,a,
ASN00092045,19961015,TMAX,190,,,a,
ASN00092045,19961016,TMAX,202,,,a,
ASN00092045,19961017,TMAX,150,,,a,
ASN00092045,19961018,TMAX,150,,,a,
ASN00092045,19961019,TMAX,150,,,a,
ASN00092045,19961021,TMAX,177,,,a,
ASN00092045,19961022,TMAX,146,,,a,
ASN00092045,19961023,TMAX,150,,,a,
ASN00092045,19961024,TMAX,164,,,a,
ASN00092045,19961025,TMAX,160,,,a,
ASN00092045,19961026,TMAX,151,,,a,
ASN00092045,19961027,TMAX,145,,,a,
ASN00092045,19961028,TMAX,185,,,a,
ASN00092045,19961029,TMAX,160,,,a,
ASN00092045,19961030,TMAX,150,,,a,
ASN00092045,19961031,TMAX,149,,,a,
ASN00092045,19961001,TMIN,94,,,a,
ASN00092045,19961002,TMIN,92,,,a,
ASN00092045,19961003,TMIN,105,,,a,
ASN00092045,19961004,TMIN,110,,,a,
ASN00092045,19961005,TMIN,120,,,a,
ASN00092045,19961006,TMIN,80,,,a,
ASN00092045,19961008,TMIN,78,,,a,
ASN00092045,19961009,TMIN,104,,,a,
ASN00092045,19961010,TMIN,115,,,a,
ASN00092045,19961012,TMIN,100,,,a,
ASN00092045,19961013,TMIN,102,,,a,
ASN00092045,19961014,TMIN,90,,,a,
ASN00092045,19961015,TMIN,82,,,a,
ASN00092045,19961016,TMIN,129,,,a,
ASN00092045,19961017,TMIN,62,,,a,
ASN00092045,19961018,TMIN,94,,,a,
ASN00092045,19961019,TMIN,107,,,a,
ASN00092045,19961020,TMIN,40,,,a,
ASN00092045,19961021,TMIN,54,,,a,
ASN00092045,19961022,TMIN,109,,,a,
ASN00092045,19961023,TMIN,117,,,a,
ASN00092045,19961024,TMIN,114,,,a,
ASN00092045,19961025,TMIN,118,,,a,
ASN00092045,19961026,TMIN,101,,,a,
ASN00092045,19961027,TMIN,89,,,a,
ASN00092045,19961028,TMIN,92,,,a,
ASN00092045,19961029,TMIN,102,,,a,
ASN00092045,19961030,TMIN,50,,,a,
ASN00092045,19961031,TMIN,55,,,a,
ASN00092045,19961001,PRCP,26,,,a,
ASN00092045,19961002,PRCP,0,,,a,
ASN00092045,19961003,PRCP,0,,,a,
ASN00092045,19961004,PRCP,0,,,a,
ASN00092045,19961005,PRCP,0,,,a,
ASN00092045,19961006,PRCP,10,,,a,
ASN00092045,19961007,PRCP,0,,,a,
ASN00092045,19961008,PRCP,0,,,a,
ASN00092045,19961009,PRCP,0,,,a,
ASN00092045,19961010,PRCP,0,,,a,
ASN00092045,19961011,PRCP,0,,,a,
ASN00092045,19961012,PRCP,0,,,a,
ASN00092045,19961013,PRCP,2,,,a,
ASN00092045,19961014,PRCP,0,,,a,
ASN00092045,19961015,PRCP,0,,,a,
ASN00092045,19961016,PRCP,0,,,a,
ASN00092045,19961017,PRCP,0,,,a,
ASN00092045,19961018,PRCP,0,,,a,
ASN00092045,19961019,PRCP,14,,,a,
ASN00092045,19961020,PRCP,14,,,a,
ASN00092045,19961021,PRCP,0,,,a,
ASN00092045,19961022,PRCP,0,,,a,
ASN00092045,19961023,PRCP,0,,,a,
ASN00092045,19961024,PRCP,0,,,a,
ASN00092045,19961025,PRCP,0,,,a,
ASN00092045,19961026,PRCP,38,,,a,
ASN00092045,19961027,PRCP,0,,,a,
ASN00092045,19961028,PRCP,10,,,a,
ASN00092045,19961029,PRCP,2,,,a,
ASN00092045,19961030,PRCP,6,,,a,
ASN00092045,19961031,PRCP,0,,,a,
ASN00092045,19961001,TAVG,128,H,,S,
ASN00092045,19961002,TAVG,121,H,,S,
ASN00092045,19961003,TAVG,128,H,,S,
ASN00092045,19961004,TAVG,133,H,,S,
ASN00092045,19961005,TAVG,111,H,,S,
ASN00092045,19961006,TAVG,114,H,,S,
ASN00092045,19961007,TAVG,111,H,,S,
ASN00092045,19961008,TAVG,126,H,,S,
ASN00092045,19961009,TAVG,139,H,,S,
ASN00092045,19961010,TAVG,149,H,,S,
ASN00092045,19961011,TAVG,122,H,,S,
ASN00092045,19961012,TAVG,125,H,,S,
ASN00092045,19961013,TAVG,142,H,,S,
ASN00092045,19961014,TAVG,138,H,,S,
ASN00092045,19961015,TAVG,148,H,,S,
ASN00092045,19961016,TAVG,122,H,,S,
ASN00092045,19961017,TAVG,120,H,,S,
ASN00092045,19961018,TAVG,134,H,,S,
ASN00092045,19961019,TAVG,97,H,,S,
ASN00092045,19961020,TAVG,104,H,,S,
ASN00092045,19961021,TAVG,133,H,,S,
ASN00092045,19961022,TAVG,127,H,,S,
ASN00092045,19961023,TAVG,136,H,,S,
ASN00092045,19961024,TAVG,141,H,,S,
ASN00092045,19961025,TAVG,111,H,,S,
ASN00092045,19961026,TAVG,121,H,,S,
ASN00092045,19961027,TAVG,124,H,,S,
ASN00092045,19961028,TAVG,129,H,,S,
ASN00092045,19961029,TAVG,116,H,,S,
ASN00092045,19961030,TAVG,112,H,,S,
ASN00092045,19961031,TAVG,127,H,,S,
ASN00092045,19961101,TMAX,163,,,a,
ASN00092045,19961102,TMAX,171,,,a,
ASN00092045,19961103,TMAX,189,,,a,
ASN00092045,19961105,TMAX,156,,,a,
ASN00092045,19961106,TMAX,195,,,a,
ASN00092045,19961107,TMAX,160,,,a,
ASN00092045,19961108,TMAX,140,,,a,
ASN00092045,19961109,TMAX,183,,,a,
ASN00092045,19961110,TMAX,139,,,a,
ASN00092045,19961111,TMAX,143,,,a,
ASN00092045,19961112,TMAX,167,,,a,
ASN00092045,19961113,TMAX,164,,,a,
ASN00092045,19961114,TMAX,160,,,a,
ASN00092045,19961115,TMAX,156,,,a,
ASN00092045,19961116,TMAX,157,,,a,
ASN00092045,19961117,TMAX,112,,,a,
ASN00092045,19961118,TMAX,137,,,a,
ASN00092045,19961120,TMAX,156,,,a,
ASN00092045,19961121,TMAX,138,,,a,
ASN00092045,19961122,TMAX,149,,,a,
ASN00092045,19961123,TMAX,180,,,a,
ASN00092045,19961124,TMAX,190,,,a,
ASN00092045,19961125,TMAX,240,,,a,
ASN00092045,19961126,TMAX,190,,,a,
ASN00092045,19961127,TMAX,170,,,a,
ASN00092045,19961128,TMAX,180,,,a,
ASN00092045,19961129,TMAX,150,,,a,
ASN00092045,19961130,TMAX,160,,,a,
ASN00092045,19961101,TMIN,109,,,a,
ASN00092045,19961102,TMIN,98,,,a,
ASN00092045,19961103,TMIN,128,,,a,
ASN00092045,19961104,TMIN,106,,,a,
ASN00092045,19961107,TMIN,117,,,a,
ASN00092045,19961108,TMIN,124,,,a,
ASN00092045,19961109,TMIN,123,,,a,
ASN00092045,19961110,TMIN,56,,,a,
ASN00092045,19961112,TMIN,71,,,a,
ASN00092045,19961113,TMIN,99,,,a,
ASN00092045,19961115,TMIN,83,,,a,
ASN00092045,19961116,TMIN,61,,,a,
ASN00092045,19961118,TMIN,86,,,a,
ASN00092045,19961120,TMIN,96,,,a,
ASN00092045,19961121,TMIN,46,,,a,
ASN00092045,19961122,TMIN,78,,,a,
ASN00092045,19961124,TMIN,110,,,a,
ASN00092045,19961125,TMIN,110,,,a,
ASN00092045,19961126,TMIN,120,,,a,
ASN00092045,19961127,TMIN,113,,,a,
ASN00092045,19961128,TMIN,84,,,a,
ASN00092045,19961129,TMIN,103,,,a,
ASN00092045,19961130,TMIN,76,,,a,
ASN00092045,19961101,PRCP,0,,,a,
ASN00092045,19961102,PRCP,0,,,a,
ASN00092045,19961103,PRCP,0,,,a,
ASN00092045,19961104,PRCP,0,,,a,
ASN00092045,19961105,PRCP,0,,,a,
ASN00092045,19961106,PRCP,0,,,a,
ASN00092045,19961107,PRCP,0,,,a,
ASN00092045,19961108,PRCP,0,,,a,
ASN00092045,19961109,PRCP,90,,,a,
ASN00092045,19961110,PRCP,0,,,a,
ASN00092045,19961111,PRCP,0,,,a,
ASN00092045,19961112,PRCP,0,,,a,
ASN00092045,19961113,PRCP,0,,,a,
ASN00092045,19961114,PRCP,0,,,a,
ASN00092045,19961115,PRCP,0,,,a,
ASN00092045,19961116,PRCP,0,,,a,
ASN00092045,19961117,PRCP,0,,,a,
ASN00092045,19961118,PRCP,0,,,a,
ASN00092045,19961119,PRCP,0,,,a,
ASN00092045,19961120,PRCP,0,,,a,
ASN00092045,19961121,PRCP,0,,,a,
ASN00092045,19961122,PRCP,0,,,a,
ASN00092045,19961123,PRCP,0,,,a,
ASN00092045,19961124,PRCP,0,,,a,
ASN00092045,19961125,PRCP,0,,,a,
ASN00092045,19961126,PRCP,0,,,a,
ASN00092045,19961127,PRCP,0,,,a,
ASN00092045,19961128,PRCP,42,,,a,
ASN00092045,19961129,PRCP,2,,,a,
ASN00092045,19961130,PRCP,30,,,a,
ASN00092045,19961101,TAVG,137,H,,S,
ASN00092045,19961102,TAVG,145,H,,S,
ASN00092045,19961103,TAVG,139,H,,S,
ASN00092045,19961104,TAVG,118,H,,S,
ASN00092045,19961105,TAVG,119,H,,S,
ASN00092045,19961106,TAVG,133,H,,S,
ASN00092045,19961107,TAVG,132,H,,S,
ASN00092045,19961108,TAVG,133,H,,S,
ASN00092045,19961109,TAVG,114,H,,S,
ASN00092045,19961110,TAVG,89,H,,S,
ASN00092045,19961111,TAVG,109,H,,S,
ASN00092045,19961112,TAVG,126,H,,S,
ASN00092045,19961113,TAVG,129,H,,S,
ASN00092045,19961114,TAVG,118,H,,S,
ASN00092045,19961115,TAVG,114,H,,S,
ASN00092045,19961116,TAVG,121,H,,S,
ASN00092045,19961117,TAVG,101,H,,S,
ASN00092045,19961118,TAVG,113,H,,S,
ASN00092045,19961119,TAVG,120,H,,S,
ASN00092045,19961120,TAVG,101,H,,S,
ASN00092045,19961121,TAVG,102,H,,S,
ASN00092045,19961122,TAVG,120,H,,S,
ASN00092045,19961123,TAVG,139,H,,S,
ASN00092045,19961124,TAVG,160,H,,S,
ASN00092045,19961125,TAVG,179,H,,S,
ASN00092045,19961126,TAVG,136,H,,S,
ASN00092045,19961127,TAVG,128,H,,S,
ASN00092045,19961128,TAVG,136,H,,S,
ASN00092045,19961129,TAVG,114,H,,S,
ASN00092045,19961130,TAVG,122,H,,S,
ASN00092045,19961201,TMAX,172,,,a,
ASN00092045,19961202,TMAX,156,,,a,
ASN00092045,19961203,TMAX,163,,,a,
ASN00092045,19961204,TMAX,205,,,a,
ASN00092045,19961205,TMAX,177,,,a,
ASN00092045,19961206,TMAX,162,,,a,
ASN00092045,19961207,TMAX,174,,,a,
ASN00092045,19961208,TMAX,168,,,a,
ASN00092045,19961209,TMAX,174,,,a,
ASN00092045,19961210,TMAX,193,,,a,
ASN00092045,19961211,TMAX,156,,,a,
ASN00092045,19961220,TMAX,178,,,a,
ASN00092045,19961221,TMAX,207,,,a,
ASN00092045,19961222,TMAX,231,,,a,
ASN00092045,19961230,TMAX,240,,,a,
ASN00092045,19961231,TMAX,187,,,a,
ASN00092045,19961201,PRCP,0,,,a,
ASN00092045,19961202,PRCP,0,,,a,
ASN00092045,19961203,PRCP,0,,,a,
ASN00092045,19961204,PRCP,0,,,a,
ASN00092045,19961205,PRCP,0,,,a,
ASN00092045,19961206,PRCP,0,,,a,
ASN00092045,19961207,PRCP,124,,,a,
ASN00092045,19961208,PRCP,2,,,a,
ASN00092045,19961209,PRCP,14,,,a,
ASN00092045,19961210,PRCP,0,,,a,
ASN00092045,19961211,PRCP,0,,,a,
ASN00092045,19961212,PRCP,292,,,a,
ASN00092045,19961213,PRCP,0,,,a,
ASN00092045,19961214,PRCP,0,,,a,
ASN00092045,19961215,PRCP,0,,,a,
ASN00092045,19961216,PRCP,0,,,a,
ASN00092045,19961217,PRCP,0,,,a,
ASN00092045,19961218,PRCP,0,,,a,
ASN00092045,19961219,PRCP,0,,,a,
ASN00092045,19961220,PRCP,0,,,a,
ASN00092045,19961221,PRCP,0,,,a,
ASN00092045,19961222,PRCP,0,,,a,
ASN00092045,19961223,PRCP,0,,,a,
ASN00092045,19961224,PRCP,0,,,a,
ASN00092045,19961225,PRCP,0,,,a,
ASN00092045,19961226,PRCP,0,,,a,
ASN00092045,19961227,PRCP,0,,,a,
ASN00092045,19961228,PRCP,0,,,a,
ASN00092045,19961229,PRCP,0,,,a,
ASN00092045,19961230,PRCP,0,,,a,
ASN00092045,19961231,PRCP,4,,,a,
ASN00092045,19961201,TAVG,128,H,,S,
ASN00092045,19961202,TAVG,125,H,,S,
ASN00092045,19961203,TAVG,116,H,,S,
ASN00092045,19961204,TAVG,139,H,,S,
ASN00092045,19961205,TAVG,143,H,,S,
ASN00092045,19961206,TAVG,143,H,,S,
ASN00092045,19961207,TAVG,119,H,,S,
ASN00092045,19961208,TAVG,134,H,,S,
ASN00092045,19961209,TAVG,123,H,,S,
ASN00092045,19961210,TAVG,144,H,,S,
ASN00092045,19961211,TAVG,127,H,,S,
ASN00092045,19961212,TAVG,137,H,,S,
ASN00092045,19961213,TAVG,136,H,,S,
ASN00092045,19961214,TAVG,136,H,,S,
ASN00092045,19961215,TAVG,146,H,,S,
ASN00092045,19961216,TAVG,148,H,,S,
ASN00092045,19961217,TAVG,132,H,,S,
ASN00092045,19961218,TAVG,136,H,,S,
ASN00092045,19961219,TAVG,134,H,,S,
ASN00092045,19961220,TAVG,141,H,,S,
ASN00092045,19961221,TAVG,165,H,,S,
ASN00092045,19961222,TAVG,181,H,,S,
ASN00092045,19961223,TAVG,129,H,,S,
ASN00092045,19961224,TAVG,157,H,,S,
ASN00092045,19961225,TAVG,147,H,,S,
ASN00092045,19961226,TAVG,144,H,,S,
ASN00092045,19961227,TAVG,152,H,,S,
ASN00092045,19961228,TAVG,158,H,,S,
ASN00092045,19961229,TAVG,140,H,,S,
ASN00092045,19961230,TAVG,148,H,,S,
ASN00092045,19961231,TAVG,149,H,,S,
ASN00092045,19970101,TMAX,186,,,a,
ASN00092045,19970102,TMAX,200,,,a,
ASN00092045,19970103,TMAX,200,,,a,
ASN00092045,19970104,TMAX,205,,,a,
ASN00092045,19970105,TMAX,320,,,a,
ASN00092045,19970106,TMAX,270,,,a,
ASN00092045,19970107,TMAX,185,,,a,
ASN00092045,19970108,TMAX,188,,,a,
ASN00092045,19970109,TMAX,196,,,a,
ASN00092045,19970110,TMAX,192,,,a,
ASN00092045,19970111,TMAX,187,,,a,
ASN00092045,19970112,TMAX,188,,,a,
ASN00092045,19970113,TMAX,196,,,a,
ASN00092045,19970114,TMAX,206,,,a,
ASN00092045,19970115,TMAX,202,,,a,
ASN00092045,19970116,TMAX,190,,,a,
ASN00092045,19970117,TMAX,190,,,a,
ASN00092045,19970118,TMAX,170,,,a,
ASN00092045,19970119,TMAX,180,,,a,
ASN00092045,19970120,TMAX,219,,,a,
ASN00092045,19970121,TMAX,316,,,a,
ASN00092045,19970122,TMAX,190,,,a,
ASN00092045,19970123,TMAX,232,,,a,
ASN00092045,19970124,TMAX,189,,,a,
ASN00092045,19970125,TMAX,202,,,a,
ASN00092045,19970126,TMAX,181,,,a,
ASN00092045,19970127,TMAX,209,,,a,
ASN00092045,19970128,TMAX,224,,,a,
ASN00092045,19970129,TMAX,198,,,a,
ASN00092045,19970130,TMAX,200,,,a,
ASN00092045,19970131,TMAX,190,,,a,
ASN00092045,19970101,TMIN,130,,,a,
ASN00092045,19970102,TMIN,120,,,a,
ASN00092045,19970103,TMIN,110,,,a,
ASN00092045,19970105,TMIN,140,,,a,
ASN00092045,19970106,TMIN,160,,,a,
ASN00092045,19970107,TMIN,130,,,a,
ASN00092045,19970108,TMIN,110,,,a,
ASN00092045,19970109,TMIN,120,,,a,
ASN00092045,19970110,TMIN,130,,,a,
ASN00092045,19970111,TMIN,130,,,a,
ASN00092045,19970112,TMIN,130,,,a,
ASN00092045,19970113,TMIN,130,,,a,
ASN00092045,19970114,TMIN,150,,,a,
ASN00092045,19970115,TMIN,160,,,a,
ASN00092045,19970116,TMIN,100,,,a,
ASN00092045,19970117,TMIN,140,,,a,
ASN00092045,19970118,TMIN,140,,,a,
ASN00092045,19970119,TMIN,140,,,a,
ASN00092045,19970120,TMIN,160,,,a,
ASN00092045,19970121,TMIN,170,,,a,
ASN00092045,19970122,TMIN,170,,,a,
ASN00092045,19970123,TMIN,130,,,a,
ASN00092045,19970124,TMIN,140,,,a,
ASN00092045,19970125,TMIN,150,,,a,
ASN00092045,19970126,TMIN,160,,,a,
ASN00092045,19970127,TMIN,170,,,a,
ASN00092045,19970128,TMIN,160,,,a,
ASN00092045,19970129,TMIN,140,,,a,
ASN00092045,19970130,TMIN,150,,,a,
ASN00092045,19970131,TMIN,140,,,a,
ASN00092045,19970101,PRCP,8,,,a,
ASN00092045,19970102,PRCP,0,,,a,
ASN00092045,19970103,PRCP,0,,,a,
ASN00092045,19970104,PRCP,0,,,a,
ASN00092045,19970105,PRCP,0,,,a,
ASN00092045,19970106,PRCP,0,,,a,
ASN00092045,19970107,PRCP,20,,,a,
ASN00092045,19970108,PRCP,0,,,a,
ASN00092045,19970109,PRCP,0,,,a,
ASN00092045,19970110,PRCP,0,,,a,
ASN00092045,19970111,PRCP,0,,,a,
ASN00092045,19970112,PRCP,0,,,a,
ASN00092045,19970113,PRCP,0,,,a,
ASN00092045,19970114,PRCP,0,,,a,
ASN00092045,19970115,PRCP,0,,,a,
ASN00092045,19970116,PRCP,152,,,a,
ASN00092045,19970117,PRCP,0,,,a,
ASN00092045,19970118,PRCP,0,,,a,
ASN00092045,19970119,PRCP,0,,,a,
ASN00092045,19970120,PRCP,0,,,a,
ASN00092045,19970121,PRCP,0,,,a,
ASN00092045,19970122,PRCP,0,,,a,
ASN00092045,19970123,PRCP,36,,,a,
ASN00092045,19970124,PRCP,0,,,a,
ASN00092045,19970125,PRCP,0,,,a,
ASN00092045,19970126,PRCP,0,,,a,
ASN00092045,19970127,PRCP,0,,,a,
ASN00092045,19970128,PRCP,0,,,a,
ASN00092045,19970129,PRCP,0,,,a,
ASN00092045,19970130,PRCP,0,,,a,
ASN00092045,19970131,PRCP,0,,,a,
ASN00092045,19970101,TAVG,157,H,,S,
ASN00092045,19970102,TAVG,153,H,,S,
ASN00092045,19970103,TAVG,168,H,,S,
ASN00092045,19970104,TAVG,169,H,,S,
ASN00092045,19970105,TAVG,209,H,,S,
ASN00092045,19970106,TAVG,175,H,,S,
ASN00092045,19970107,TAVG,144,H,,S,
ASN00092045,19970108,TAVG,156,H,,S,
ASN00092045,19970109,TAVG,156,H,,S,
ASN00092045,19970110,TAVG,152,H,,S,
ASN00092045,19970111,TAVG,151,H,,S,
ASN00092045,19970112,TAVG,148,H,,S,
ASN00092045,19970113,TAVG,169,H,,S,
ASN00092045,19970114,TAVG,177,H,,S,
ASN00092045,19970115,TAVG,151,H,,S,
ASN00092045,19970116,TAVG,156,H,,S,
ASN00092045,19970117,TAVG,163,H,,S,
ASN00092045,19970118,TAVG,159,H,,S,
ASN00092045,19970119,TAVG,171,H,,S,
ASN00092045,19970120,TAVG,194,H,,S,
ASN00092045,19970121,TAVG,216,H,,S,
ASN00092045,19970122,TAVG,159,H,,S,
ASN00092045,19970123,TAVG,168,H,,S,
ASN00092045,19970124,TAVG,161,H,,S,
ASN00092045,19970125,TAVG,169,H,,S,
ASN00092045,19970126,TAVG,174,H,,S,
ASN00092045,19970127,TAVG,181,H,,S,
ASN00092045,19970128,TAVG,161,H,,S,
ASN00092045,19970129,TAVG,157,H,,S,
ASN00092045,19970130,TAVG,163,H,,S,
ASN00092045,19970131,TAVG,159,H,,S,
ASN00092045,19970202,TMAX,180,,,a,
ASN00092045,19970203,TMAX,205,,,a,
ASN00092045,19970204,TMAX,187,,,a,
ASN00092045,19970205,TMAX,204,,,a,
ASN00092045,19970206,TMAX,225,,,a,
ASN00092045,19970207,TMAX,214,,,a,
ASN00092045,19970208,TMAX,280,,,a,
ASN00092045,19970209,TMAX,234,,,a,
ASN00092045,19970210,TMAX,200,,,a,
ASN00092045,19970211,TMAX,200,,,a,
ASN00092045,19970212,TMAX,200,,,a,
ASN00092045,19970213,TMAX,220,,,a,
ASN00092045,19970214,TMAX,210,,,a,
ASN00092045,19970215,TMAX,220,,,a,
ASN00092045,19970216,TMAX,237,,,a,
ASN00092045,19970217,TMAX,222,,,a,
ASN00092045,19970218,TMAX,252,,,a,
ASN00092045,19970219,TMAX,225,,,a,
ASN00092045,19970220,TMAX,256,,,a,
ASN00092045,19970221,TMAX,207,,,a,
ASN00092045,19970222,TMAX,183,,,a,
ASN00092045,19970223,TMAX,196,,,a,
ASN00092045,19970224,TMAX,231,,,a,
ASN00092045,19970225,TMAX,220,,,a,
ASN00092045,19970227,TMAX,190,,,a,
ASN00092045,19970228,TMAX,180,,,a,
ASN00092045,19970201,TMIN,150,,,a,
ASN00092045,19970203,TMIN,130,,,a,
ASN00092045,19970204,TMIN,140,,,a,
ASN00092045,19970206,TMIN,160,,,a,
ASN00092045,19970208,TMIN,170,,,a,
ASN00092045,19970210,TMIN,140,,,a,
ASN00092045,19970211,TMIN,130,,,a,
ASN00092045,19970212,TMIN,140,,,a,
ASN00092045,19970213,TMIN,170,,,a,
ASN00092045,19970214,TMIN,160,,,a,
ASN00092045,19970215,TMIN,170,,,a,
ASN00092045,19970216,TMIN,170,,,a,
ASN00092045,19970217,TMIN,160,,,a,
ASN00092045,19970218,TMIN,170,,,a,
ASN00092045,19970219,TMIN,170,,,a,
ASN00092045,19970220,TMIN,160,,,a,
ASN00092045,19970221,TMIN,140,,,a,
ASN00092045,19970222,TMIN,160,,,a,
ASN00092045,19970223,TMIN,130,,,a,
ASN00092045,19970224,TMIN,120,,,a,
ASN00092045,19970225,TMIN,120,,,a,
ASN00092045,19970226,TMIN,130,,,a,
ASN00092045,19970228,TMIN,140,,,a,
ASN00092045,19970201,PRCP,0,,,a,
ASN00092045,19970202,PRCP,0,,,a,
ASN00092045,19970203,PRCP,0,,,a,
ASN00092045,19970204,PRCP,0,,,a,
ASN00092045,19970205,PRCP,0,,,a,
ASN00092045,19970206,PRCP,0,,,a,
ASN00092045,19970207,PRCP,0,,,a,
ASN00092045,19970208,PRCP,0,,,a,
ASN00092045,19970209,PRCP,46,,,a,
ASN00092045,19970210,PRCP,8,,,a,
ASN00092045,19970211,PRCP,0,,,a,
ASN00092045,19970212,PRCP,0,,,a,
ASN00092045,19970213,PRCP,0,,,a,
ASN00092045,19970214,PRCP,0,,,a,
ASN00092045,19970215,PRCP,0,,,a,
ASN00092045,19970216,PRCP,0,,,a,
ASN00092045,19970217,PRCP,0,,,a,
ASN00092045,19970218,PRCP,0,,,a,
ASN00092045,19970219,PRCP,0,,,a,
ASN00092045,19970220,PRCP,0,,,a,
ASN00092045,19970221,PRCP,12,,,a,
ASN00092045,19970222,PRCP,0,,,a,
ASN00092045,19970223,PRCP,20,,,a,
ASN00092045,19970224,PRCP,2,,,a,
ASN00092045,19970225,PRCP,0,,,a,
ASN00092045,19970226,PRCP,0,,,a,
ASN00092045,19970227,PRCP,0,,,a,
ASN00092045,19970228,PRCP,0,,,a,
ASN00092045,19970201,TAVG,164,H,,S,
ASN00092045,19970202,TAVG,152,H,,S,
ASN00092045,19970203,TAVG,155,H,,S,
ASN00092045,19970204,TAVG,161,H,,S,
ASN00092045,19970205,TAVG,174,H,,S,
ASN00092045,19970206,TAVG,186,H,,S,
ASN00092045,19970207,TAVG,189,H,,S,
ASN00092045,19970208,TAVG,212,H,,S,
ASN00092045,19970209,TAVG,173,H,,S,
ASN00092045,19970210,TAVG,157,H,,S,
ASN00092045,19970211,TAVG,169,H,,S,
ASN00092045,19970212,TAVG,181,H,,S,
ASN00092045,19970213,TAVG,186,H,,S,
ASN00092045,19970214,TAVG,184,H,,S,
ASN00092045,19970215,TAVG,186,H,,S,
ASN00092045,19970216,TAVG,186,H,,S,
ASN00092045,19970217,TAVG,189,H,,S,
ASN00092045,19970218,TAVG,197,H,,S,
ASN00092045,19970219,TAVG,190,H,,S,
ASN00092045,19970220,TAVG,185,H,,S,
ASN00092045,19970221,TAVG,178,H,,S,
ASN00092045,19970222,TAVG,148,H,,S,
ASN00092045,19970223,TAVG,170,H,,S,
ASN00092045,19970224,TAVG,178,H,,S,
ASN00092045,19970225,TAVG,159,H,,S,
ASN00092045,19970226,TAVG,175,H,,S,
ASN00092045,19970228,TAVG,161,H,,S,
ASN00092045,19970301,TMAX,200,,,a,
ASN00092045,19970302,TMAX,180,,,a,
ASN00092045,19970303,TMAX,234,,,a,
ASN00092045,19970304,TMAX,192,,,a,
ASN00092045,19970305,TMAX,191,,,a,
ASN00092045,19970307,TMAX,206,,,a,
ASN00092045,19970308,TMAX,239,,,a,
ASN00092045,19970309,TMAX,176,,,a,
ASN00092045,19970310,TMAX,180,,,a,
ASN00092045,19970311,TMAX,190,,,a,
ASN00092045,19970312,TMAX,230,,,a,
ASN00092045,19970313,TMAX,180,,,a,
ASN00092045,19970314,TMAX,200,,,a,
ASN00092045,19970315,TMAX,210,,,a,
ASN00092045,19970316,TMAX,180,,,a,
ASN00092045,19970317,TMAX,200,,,a,
ASN00092045,19970318,TMAX,234,,,a,
ASN00092045,19970319,TMAX,222,,,a,
ASN00092045,19970320,TMAX,243,,,a,
ASN00092045,19970321,TMAX,187,,,a,
ASN00092045,19970322,TMAX,186,,,a,
ASN00092045,19970323,TMAX,192,,,a,
ASN00092045,19970324,TMAX,219,,,a,
ASN00092045,19970325,TMAX,174,,,a,
ASN00092045,19970326,TMAX,210,,,a,
ASN00092045,19970327,TMAX,231,,,a,
ASN00092045,19970328,TMAX,200,,,a,
ASN00092045,19970329,TMAX,166,,,a,
ASN00092045,19970330,TMAX,190,,,a,
ASN00092045,19970331,TMAX,165,,,a,
ASN00092045,19970301,TMIN,150,,,a,
ASN00092045,19970302,TMIN,140,,,a,
ASN00092045,19970303,TMIN,130,,,a,
ASN00092045,19970304,TMIN,120,,,a,
ASN00092045,19970305,TMIN,120,,,a,
ASN00092045,19970306,TMIN,130,,,a,
ASN00092045,19970308,TMIN,180,,,a,
ASN00092045,19970309,TMIN,100,,,a,
ASN00092045,19970310,TMIN,100,,,a,
ASN00092045,19970311,TMIN,140,,,a,
ASN00092045,19970312,TMIN,140,,,a,
ASN00092045,19970313,TMIN,80,,,a,
ASN00092045,19970314,TMIN,110,,,a,
ASN00092045,19970315,TMIN,130,,,a,
ASN00092045,19970316,TMIN,140,,,a,
ASN00092045,19970317,TMIN,110,,,a,
ASN00092045,19970318,TMIN,150,,,a,
ASN00092045,19970319,TMIN,140,,,a,
ASN00092045,19970320,TMIN,120,,,a,
ASN00092045,19970321,TMIN,130,,,a,
ASN00092045,19970322,TMIN,130,,,a,
ASN00092045,19970323,TMIN,140,,,a,
ASN00092045,19970324,TMIN,130,,,a,
ASN00092045,19970325,TMIN,90,,,a,
ASN00092045,19970326,TMIN,100,,,a,
ASN00092045,19970327,TMIN,130,,,a,
ASN00092045,19970328,TMIN,120,,,a,
ASN00092045,19970330,TMIN,100,,,a,
ASN00092045,19970301,PRCP,0,,,a,
ASN00092045,19970302,PRCP,0,,,a,
ASN00092045,19970303,PRCP,0,,,a,
ASN00092045,19970304,PRCP,0,,,a,
ASN00092045,19970305,PRCP,100,,,a,
ASN00092045,19970306,PRCP,2,,,a,
ASN00092045,19970307,PRCP,0,,,a,
ASN00092045,19970308,PRCP,0,,,a,
ASN00092045,19970309,PRCP,0,,,a,
ASN00092045,19970310,PRCP,0,,,a,
ASN00092045,19970311,PRCP,0,,,a,
ASN00092045,19970312,PRCP,0,,,a,
ASN00092045,19970313,PRCP,0,,,a,
ASN00092045,19970314,PRCP,0,,,a,
ASN00092045,19970315,PRCP,0,,,a,
ASN00092045,19970316,PRCP,0,,,a,
ASN00092045,19970317,PRCP,0,,,a,
ASN00092045,19970318,PRCP,0,,,a,
ASN00092045,19970319,PRCP,0,,,a,
ASN00092045,19970320,PRCP,8,,,a,
ASN00092045,19970321,PRCP,62,,,a,
ASN00092045,19970322,PRCP,0,,,a,
ASN00092045,19970323,PRCP,0,,,a,
ASN00092045,19970324,PRCP,0,,,a,
ASN00092045,19970325,PRCP,2,,,a,
ASN00092045,19970326,PRCP,0,,,a,
ASN00092045,19970327,PRCP,0,,,a,
ASN00092045,19970328,PRCP,18,,,a,
ASN00092045,19970329,PRCP,0,,,a,
ASN00092045,19970330,PRCP,0,,,a,
ASN00092045,19970331,PRCP,6,,,a,
ASN00092045,19970301,TAVG,155,H,,S,
ASN00092045,19970302,TAVG,152,H,,S,
ASN00092045,19970303,TAVG,161,H,,S,
ASN00092045,19970304,TAVG,149,H,,S,
ASN00092045,19970305,TAVG,159,H,,S,
ASN00092045,19970306,TAVG,174,H,,S,
ASN00092045,19970307,TAVG,184,H,,S,
ASN00092045,19970308,TAVG,163,H,,S,
ASN00092045,19970309,TAVG,137,H,,S,
ASN00092045,19970310,TAVG,163,H,,S,
ASN00092045,19970311,TAVG,173,H,,S,
ASN00092045,19970312,TAVG,139,H,,S,
ASN00092045,19970313,TAVG,144,H,,S,
ASN00092045,19970314,TAVG,168,H,,S,
ASN00092045,19970315,TAVG,171,H,,S,
ASN00092045,19970316,TAVG,150,H,,S,
ASN00092045,19970317,TAVG,169,H,,S,
ASN00092045,19970318,TAVG,167,H,,S,
ASN00092045,19970319,TAVG,164,H,,S,
ASN00092045,19970320,TAVG,172,H,,S,
ASN00092045,19970321,TAVG,153,H,,S,
ASN00092045,19970322,TAVG,166,H,,S,
ASN00092045,19970323,TAVG,155,H,,S,
ASN00092045,19970324,TAVG,161,H,,S,
ASN00092045,19970325,TAVG,137,H,,S,
ASN00092045,19970326,TAVG,168,H,,S,
ASN00092045,19970327,TAVG,174,H,,S,
ASN00092045,19970328,TAVG,141,H,,S,
ASN00092045,19970329,TAVG,128,H,,S,
ASN00092045,19970330,TAVG,134,H,,S,
ASN00092045,19970331,TAVG,133,H,,S,
ASN00092045,19970401,TMAX,178,,,a,
ASN00092045,19970402,TMAX,188,,,a,
ASN00092045,19970403,TMAX,191,,,a,
ASN00092045,19970407,TMAX,140,,,a,
ASN00092045,19970408,TMAX,180,,,a,
ASN00092045,19970409,TMAX,180,,,a,
ASN00092045,19970410,TMAX,170,,,a,
ASN00092045,19970411,TMAX,171,,,a,
ASN00092045,19970412,TMAX,190,,,a,
ASN00092045,19970413,TMAX,193,,,a,
ASN00092045,19970414,TMAX,218,,,a,
ASN00092045,19970415,TMAX,157,,,a,
ASN00092045,19970416,TMAX,190,,,a,
ASN00092045,19970417,TMAX,180,,,a,
ASN00092045,19970418,TMAX,160,,,a,
ASN00092045,19970419,TMAX,155,,,a,
ASN00092045,19970420,TMAX,200,,,a,
ASN00092045,19970421,TMAX,180,,,a,
ASN00092045,19970422,TMAX,160,,,a,
ASN00092045,19970423,TMAX,200,,,a,
ASN00092045,19970424,TMAX,130,,,a,
ASN00092045,19970425,TMAX,160,,,a,
ASN00092045,19970426,TMAX,173,,,a,
ASN00092045,19970427,TMAX,202,,,a,
ASN00092045,19970428,TMAX,213,,,a,
ASN00092045,19970429,TMAX,186,,,a,
ASN00092045,19970430,TMAX,213,,,a,
ASN00092045,19970401,TMIN,110,,,a,
ASN00092045,19970402,TMIN,100,,,a,
ASN00092045,19970403,TMIN,110,,,a,
ASN00092045,19970404,TMIN,130,,,a,
ASN00092045,19970408,TMIN,60,,,a,
ASN00092045,19970409,TMIN,100,,,a,
ASN00092045,19970410,TMIN,110,,,a,
ASN00092045,19970411,TMIN,100,,,a,
ASN00092045,19970412,TMIN,90,,,a,
ASN00092045,19970413,TMIN,100,,,a,
ASN00092045,19970414,TMIN,130,,,a,
ASN00092045,19970415,TMIN,110,,,a,
ASN00092045,19970416,TMIN,100,,,a,
ASN00092045,19970417,TMIN,120,,,a,
ASN00092045,19970418,TMIN,80,,,a,
ASN00092045,19970419,TMIN,50,,,a,
ASN00092045,19970420,TMIN,110,,,a,
ASN00092045,19970421,TMIN,130,,,a,
ASN00092045,19970422,TMIN,80,,,a,
ASN00092045,19970423,TMIN,80,,,a,
ASN00092045,19970424,TMIN,120,,,a,
ASN00092045,19970425,TMIN,60,,,a,
ASN00092045,19970426,TMIN,100,,,a,
ASN00092045,19970427,TMIN,130,,,a,
ASN00092045,19970428,TMIN,110,,,a,
ASN00092045,19970429,TMIN,130,,,a,
ASN00092045,19970430,TMIN,130,,,a,
ASN00092045,19970401,PRCP,4,,,a,
ASN00092045,19970402,PRCP,8,,,a,
ASN00092045,19970403,PRCP,26,,,a,
ASN00092045,19970404,PRCP,2,,,a,
ASN00092045,19970405,PRCP,0,,,a,
ASN00092045,19970406,PRCP,0,,,a,
ASN00092045,19970407,PRCP,0,,,a,
ASN00092045,19970408,PRCP,0,,,a,
ASN00092045,19970409,PRCP,0,,,a,
ASN00092045,19970410,PRCP,0,,,a,
ASN00092045,19970411,PRCP,0,,,a,
ASN00092045,19970412,PRCP,0,,,a,
ASN00092045,19970413,PRCP,0,,,a,
ASN00092045,19970414,PRCP,0,,,a,
ASN00092045,19970415,PRCP,0,,,a,
ASN00092045,19970416,PRCP,0,,,a,
ASN00092045,19970417,PRCP,0,,,a,
ASN00092045,19970418,PRCP,0,,,a,
ASN00092045,19970419,PRCP,0,,,a,
ASN00092045,19970420,PRCP,0,,,a,
ASN00092045,19970421,PRCP,0,,,a,
ASN00092045,19970422,PRCP,0,,,a,
ASN00092045,19970423,PRCP,0,,,a,
ASN00092045,19970424,PRCP,0,,,a,
ASN00092045,19970425,PRCP,0,,,a,
ASN00092045,19970426,PRCP,0,,,a,
ASN00092045,19970427,PRCP,0,,,a,
ASN00092045,19970428,PRCP,0,,,a,
ASN00092045,19970429,PRCP,0,,,a,
ASN00092045,19970430,PRCP,0,,,a,
ASN00092045,19970401,TAVG,140,H,,S,
ASN00092045,19970402,TAVG,136,H,,S,
ASN00092045,19970403,TAVG,154,H,,S,
ASN00092045,19970404,TAVG,152,H,,S,
ASN00092045,19970405,TAVG,142,H,,S,
ASN00092045,19970406,TAVG,118,H,,S,
ASN00092045,19970407,TAVG,101,H,,S,
ASN00092045,19970408,TAVG,128,H,,S,
ASN00092045,19970409,TAVG,145,H,,S,
ASN00092045,19970410,TAVG,136,H,,S,
ASN00092045,19970411,TAVG,128,H,,S,
ASN00092045,19970412,TAVG,131,H,,S,
ASN00092045,19970413,TAVG,146,H,,S,
ASN00092045,19970414,TAVG,151,H,,S,
ASN00092045,19970415,TAVG,124,H,,S,
ASN00092045,19970416,TAVG,139,H,,S,
ASN00092045,19970417,TAVG,124,H,,S,
ASN00092045,19970418,TAVG,114,H,,S,
ASN00092045,19970419,TAVG,123,H,,S,
ASN00092045,19970420,TAVG,151,H,,S,
ASN00092045,19970421,TAVG,136,H,,S,
ASN00092045,19970422,TAVG,117,H,,S,
ASN00092045,19970423,TAVG,144,H,,S,
ASN00092045,19970424,TAVG,112,H,,S,
ASN00092045,19970425,TAVG,132,H,,S,
ASN00092045,19970426,TAVG,148,H,,S,
ASN00092045,19970427,TAVG,153,H,,S,
ASN00092045,19970428,TAVG,164,H,,S,
ASN00092045,19970429,TAVG,154,H,,S,
ASN00092045,19970430,TAVG,159,H,,S,
ASN00092045,19970501,TMAX,210,,,a,
ASN00092045,19970502,TMAX,160,,,a,
ASN00092045,19970503,TMAX,170,,,a,
ASN00092045,19970504,TMAX,180,,,a,
ASN00092045,19970505,TMAX,160,,,a,
ASN00092045,19970506,TMAX,170,,,a,
ASN00092045,19970507,TMAX,212,,,a,
ASN00092045,19970508,TMAX,148,,,a,
ASN00092045,19970509,TMAX,138,,,a,
ASN00092045,19970510,TMAX,143,,,a,
ASN00092045,19970511,TMAX,140,,,a,
ASN00092045,19970512,TMAX,144,,,a,
ASN00092045,19970513,TMAX,158,,,a,
ASN00092045,19970514,TMAX,170,,,a,
ASN00092045,19970515,TMAX,143,,,a,
ASN00092045,19970516,TMAX,140,,,a,
ASN00092045,19970517,TMAX,150,,,a,
ASN00092045,19970518,TMAX,160,,,a,
ASN00092045,19970519,TMAX,140,,,a,
ASN00092045,19970520,TMAX,140,,,a,
ASN00092045,19970521,TMAX,167,,,a,
ASN00092045,19970522,TMAX,141,,,a,
ASN00092045,19970523,TMAX,139,,,a,
ASN00092045,19970524,TMAX,141,,,a,
ASN00092045,19970525,TMAX,144,,,a,
ASN00092045,19970526,TMAX,144,,,a,
ASN00092045,19970527,TMAX,165,,,a,
ASN00092045,19970528,TMAX,163,,,a,
ASN00092045,19970529,TMAX,136,,,a,
ASN00092045,19970530,TMAX,130,,,a,
ASN00092045,19970531,TMAX,130,,,a,
ASN00092045,19970501,TMIN,130,,,a,
ASN00092045,19970502,TMIN,150,,,a,
ASN00092045,19970503,TMIN,150,,,a,
ASN00092045,19970504,TMIN,150,,,a,
ASN00092045,19970505,TMIN,80,,,a,
ASN00092045,19970506,TMIN,80,,,a,
ASN00092045,19970507,TMIN,110,,,a,
ASN00092045,19970508,TMIN,60,,,a,
ASN00092045,19970509,TMIN,60,,,a,
ASN00092045,19970510,TMIN,90,,,a,
ASN00092045,19970511,TMIN,100,,,a,
ASN00092045,19970512,TMIN,70,,,a,
ASN00092045,19970513,TMIN,50,,,a,
ASN00092045,19970514,TMIN,70,,,a,
ASN00092045,19970515,TMIN,80,,,a,
ASN00092045,19970516,TMIN,110,,,a,
ASN00092045,19970517,TMIN,110,,,a,
ASN00092045,19970518,TMIN,100,,,a,
ASN00092045,19970519,TMIN,90,,,a,
ASN00092045,19970520,TMIN,70,,,a,
ASN00092045,19970521,TMIN,120,,,a,
ASN00092045,19970522,TMIN,120,,,a,
ASN00092045,19970523,TMIN,110,,,a,
ASN00092045,19970524,TMIN,100,,,a,
ASN00092045,19970525,TMIN,90,,,a,
ASN00092045,19970526,TMIN,100,,,a,
ASN00092045,19970527,TMIN,100,,,a,
ASN00092045,19970528,TMIN,130,,,a,
ASN00092045,19970529,TMIN,70,,,a,
ASN00092045,19970530,TMIN,40,,,a,
ASN00092045,19970531,TMIN,30,,,a,
ASN00092045,19970501,PRCP,0,,,a,
ASN00092045,19970502,PRCP,0,,,a,
ASN00092045,19970503,PRCP,0,,,a,
ASN00092045,19970504,PRCP,0,,,a,
ASN00092045,19970505,PRCP,0,,,a,
ASN00092045,19970506,PRCP,0,,,a,
ASN00092045,19970507,PRCP,0,,,a,
ASN00092045,19970508,PRCP,276,,,a,
ASN00092045,19970509,PRCP,54,,,a,
ASN00092045,19970510,PRCP,0,,,a,
ASN00092045,19970511,PRCP,0,,,a,
ASN00092045,19970512,PRCP,0,,,a,
ASN00092045,19970513,PRCP,0,,,a,
ASN00092045,19970514,PRCP,0,,,a,
ASN00092045,19970515,PRCP,0,,,a,
ASN00092045,19970516,PRCP,0,,,a,
ASN00092045,19970517,PRCP,0,,,a,
ASN00092045,19970518,PRCP,0,,,a,
ASN00092045,19970519,PRCP,0,,,a,
ASN00092045,19970520,PRCP,0,,,a,
ASN00092045,19970521,PRCP,0,,,a,
ASN00092045,19970522,PRCP,0,,,a,
ASN00092045,19970523,PRCP,6,,,a,
ASN00092045,19970524,PRCP,16,,,a,
ASN00092045,19970525,PRCP,0,,,a,
ASN00092045,19970526,PRCP,2,,,a,
ASN00092045,19970527,PRCP,46,,,a,
ASN00092045,19970528,PRCP,0,,,a,
ASN00092045,19970529,PRCP,30,,,a,
ASN00092045,19970530,PRCP,8,,,a,
ASN00092045,19970531,PRCP,0,,,a,
ASN00092045,19970501,TAVG,168,H,,S,
ASN00092045,19970502,TAVG,152,H,,S,
ASN00092045,19970503,TAVG,155,H,,S,
ASN00092045,19970504,TAVG,130,H,,S,
ASN00092045,19970505,TAVG,121,H,,S,
ASN00092045,19970506,TAVG,147,H,,S,
ASN00092045,19970507,TAVG,94,H,,S,
ASN00092045,19970508,TAVG,104,H,,S,
ASN00092045,19970509,TAVG,108,H,,S,
ASN00092045,19970510,TAVG,117,H,,S,
ASN00092045,19970511,TAVG,108,H,,S,
ASN00092045,19970512,TAVG,104,H,,S,
ASN00092045,19970513,TAVG,108,H,,S,
ASN00092045,19970514,TAVG,114,H,,S,
ASN00092045,19970515,TAVG,125,H,,S,
ASN00092045,19970516,TAVG,125,H,,S,
ASN00092045,19970517,TAVG,128,H,,S,
ASN00092045,19970518,TAVG,126,H,,S,
ASN00092045,19970519,TAVG,107,H,,S,
ASN00092045,19970520,TAVG,124,H,,S,
ASN00092045,19970521,TAVG,133,H,,S,
ASN00092045,19970522,TAVG,122,H,,S,
ASN00092045,19970523,TAVG,109,H,,S,
ASN00092045,19970524,TAVG,112,H,,S,
ASN00092045,19970525,TAVG,125,H,,S,
ASN00092045,19970526,TAVG,124,H,,S,
ASN00092045,19970527,TAVG,143,H,,S,
ASN00092045,19970528,TAVG,117,H,,S,
ASN00092045,19970529,TAVG,78,H,,S,
ASN00092045,19970530,TAVG,76,H,,S,
ASN00092045,19970531,TAVG,77,H,,S,
ASN00092045,19970601,TMAX,130,,,a,
ASN00092045,19970602,TMAX,130,,,a,
ASN00092045,19970603,TMAX,140,,,a,
ASN00092045,19970605,TMAX,160,,,a,
ASN00092045,19970606,TMAX,162,,,a,
ASN00092045,19970607,TMAX,141,,,a,
ASN00092045,19970608,TMAX,154,,,a,
ASN00092045,19970609,TMAX,151,,,a,
ASN00092045,19970610,TMAX,160,,,a,
ASN00092045,19970611,TMAX,155,,,a,
ASN00092045,19970612,TMAX,150,,,a,
ASN00092045,19970613,TMAX,130,,,a,
ASN00092045,19970614,TMAX,140,,,a,
ASN00092045,19970615,TMAX,130,,,a,
ASN00092045,19970616,TMAX,140,,,a,
ASN00092045,19970617,TMAX,120,,,a,
ASN00092045,19970618,TMAX,130,,,a,
ASN00092045,19970619,TMAX,110,,,a,
ASN00092045,19970620,TMAX,129,,,a,
ASN00092045,19970621,TMAX,140,,,a,
ASN00092045,19970622,TMAX,149,,,a,
ASN00092045,19970623,TMAX,138,,,a,
ASN00092045,19970624,TMAX,134,,,a,
ASN00092045,19970625,TMAX,116,,,a,
ASN00092045,19970626,TMAX,132,,,a,
ASN00092045,19970627,TMAX,120,,,a,
ASN00092045,19970628,TMAX,120,,,a,
ASN00092045,19970629,TMAX,140,,,a,
ASN00092045,19970630,TMAX,130,,,a,
ASN00092045,19970601,TMIN,40,,,a,
ASN00092045,19970602,TMIN,60,,,a,
ASN00092045,19970603,TMIN,80,,,a,
ASN00092045,19970604,TMIN,50,,,a,
ASN00092045,19970606,TMIN,130,,,a,
ASN00092045,19970607,TMIN,70,,,a,
ASN00092045,19970608,TMIN,70,,,a,
ASN00092045,19970609,TMIN,90,,,a,
ASN00092045,19970610,TMIN,100,,,a,
ASN00092045,19970611,TMIN,110,,,a,
ASN00092045,19970612,TMIN,120,,,a,
ASN00092045,19970613,TMIN,130,,,a,
ASN00092045,19970614,TMIN,60,,,a,
ASN00092045,19970615,TMIN,40,,,a,
ASN00092045,19970616,TMIN,60,,,a,
ASN00092045,19970617,TMIN,50,,,a,
ASN00092045,19970618,TMIN,80,,,a,
ASN00092045,19970619,TMIN,90,,,a,
ASN00092045,19970620,TMIN,60,,,a,
ASN00092045,19970621,TMIN,60,,,a,
ASN00092045,19970622,TMIN,90,,,a,
ASN00092045,19970623,TMIN,80,,,a,
ASN00092045,19970624,TMIN,100,,,a,
ASN00092045,19970625,TMIN,80,,,a,
ASN00092045,19970626,TMIN,90,,,a,
ASN00092045,19970627,TMIN,100,,,a,
ASN00092045,19970628,TMIN,100,,,a,
ASN00092045,19970629,TMIN,110,,,a,
ASN00092045,19970630,TMIN,70,,,a,
ASN00092045,19970601,PRCP,0,,,a,
ASN00092045,19970602,PRCP,0,,,a,
ASN00092045,19970603,PRCP,0,,,a,
ASN00092045,19970604,PRCP,0,,,a,
ASN00092045,19970605,PRCP,0,,,a,
ASN00092045,19970606,PRCP,0,,,a,
ASN00092045,19970607,PRCP,36,,,a,
ASN00092045,19970608,PRCP,0,,,a,
ASN00092045,19970609,PRCP,0,,,a,
ASN00092045,19970610,PRCP,8,,,a,
ASN00092045,19970611,PRCP,0,,,a,
ASN00092045,19970612,PRCP,0,,,a,
ASN00092045,19970613,PRCP,34,,,a,
ASN00092045,19970614,PRCP,0,,,a,
ASN00092045,19970615,PRCP,0,,,a,
ASN00092045,19970616,PRCP,0,,,a,
ASN00092045,19970617,PRCP,0,,,a,
ASN00092045,19970618,PRCP,0,,,a,
ASN00092045,19970619,PRCP,0,,,a,
ASN00092045,19970620,PRCP,0,,,a,
ASN00092045,19970621,PRCP,0,,,a,
ASN00092045,19970622,PRCP,0,,,a,
ASN00092045,19970623,PRCP,2,,,a,
ASN00092045,19970624,PRCP,30,,,a,
ASN00092045,19970625,PRCP,136,,,a,
ASN00092045,19970626,PRCP,0,,,a,
ASN00092045,19970627,PRCP,36,,,a,
ASN00092045,19970628,PRCP,0,,,a,
ASN00092045,19970629,PRCP,0,,,a,
ASN00092045,19970630,PRCP,0,,,a,
ASN00092045,19970601,TAVG,89,H,,S,
ASN00092045,19970602,TAVG,101,H,,S,
ASN00092045,19970603,TAVG,84,H,,S,
ASN00092045,19970604,TAVG,136,H,,S,
ASN00092045,19970605,TAVG,143,H,,S,
ASN00092045,19970606,TAVG,111,H,,S,
ASN00092045,19970607,TAVG,99,H,,S,
ASN00092045,19970608,TAVG,112,H,,S,
ASN00092045,19970609,TAVG,116,H,,S,
ASN00092045,19970610,TAVG,128,H,,S,
ASN00092045,19970612,TAVG,134,H,,S,
ASN00092045,19970613,TAVG,102,H,,S,
ASN00092045,19970614,TAVG,81,H,,S,
ASN00092045,19970615,TAVG,85,H,,S,
ASN00092045,19970616,TAVG,102,H,,S,
ASN00092045,19970617,TAVG,106,H,,S,
ASN00092045,19970618,TAVG,108,H,,S,
ASN00092045,19970619,TAVG,88,H,,S,
ASN00092045,19970620,TAVG,86,H,,S,
ASN00092045,19970621,TAVG,122,H,,S,
ASN00092045,19970622,TAVG,111,H,,S,
ASN00092045,19970623,TAVG,116,H,,S,
ASN00092045,19970624,TAVG,99,H,,S,
ASN00092045,19970625,TAVG,103,H,,S,
ASN00092045,19970626,TAVG,108,H,,S,
ASN00092045,19970627,TAVG,109,H,,S,
ASN00092045,19970628,TAVG,112,H,,S,
ASN00092045,19970629,TAVG,104,H,,S,
ASN00092045,19970630,TAVG,81,H,,S,
ASN00092045,19970701,TMAX,130,,,a,
ASN00092045,19970702,TMAX,144,,,a,
ASN00092045,19970703,TMAX,116,,,a,
ASN00092045,19970704,TMAX,114,,,a,
ASN00092045,19970705,TMAX,125,,,a,
ASN00092045,19970706,TMAX,129,,,a,
ASN00092045,19970707,TMAX,145,,,a,
ASN00092045,19970708,TMAX,145,,,a,
ASN00092045,19970709,TMAX,100,,,a,
ASN00092045,19970710,TMAX,116,,,a,
ASN00092045,19970711,TMAX,120,,,a,
ASN00092045,19970712,TMAX,140,,,a,
ASN00092045,19970713,TMAX,150,,,a,
ASN00092045,19970714,TMAX,150,,,a,
ASN00092045,19970715,TMAX,118,,,a,
ASN00092045,19970716,TMAX,119,,,a,
ASN00092045,19970717,TMAX,137,,,a,
ASN00092045,19970718,TMAX,139,,,a,
ASN00092045,19970719,TMAX,146,,,a,
ASN00092045,19970720,TMAX,156,,,a,
ASN00092045,19970721,TMAX,160,,,a,
ASN00092045,19970722,TMAX,135,,,a,
ASN00092045,19970723,TMAX,133,,,a,
ASN00092045,19970724,TMAX,150,,,a,
ASN00092045,19970725,TMAX,144,,,a,
ASN00092045,19970726,TMAX,159,,,a,
ASN00092045,19970727,TMAX,140,,,a,
ASN00092045,19970728,TMAX,150,,,a,
ASN00092045,19970729,TMAX,130,,,a,
ASN00092045,19970730,TMAX,149,,,a,
ASN00092045,19970731,TMAX,140,,,a,
ASN00092045,19970701,TMIN,50,,,a,
ASN00092045,19970702,TMIN,40,,,a,
ASN00092045,19970703,TMIN,70,,,a,
ASN00092045,19970704,TMIN,70,,,a,
ASN00092045,19970705,TMIN,90,,,a,
ASN00092045,19970706,TMIN,80,,,a,
ASN00092045,19970707,TMIN,90,,,a,
ASN00092045,19970708,TMIN,100,,,a,
ASN00092045,19970709,TMIN,50,,,a,
ASN00092045,19970710,TMIN,0,,,a,
ASN00092045,19970711,TMIN,30,,,a,
ASN00092045,19970712,TMIN,50,,,a,
ASN00092045,19970713,TMIN,50,,,a,
ASN00092045,19970714,TMIN,90,,,a,
ASN00092045,19970715,TMIN,70,,,a,
ASN00092045,19970716,TMIN,50,,,a,
ASN00092045,19970717,TMIN,40,,,a,
ASN00092045,19970718,TMIN,40,,,a,
ASN00092045,19970719,TMIN,40,,,a,
ASN00092045,19970720,TMIN,60,,,a,
ASN00092045,19970721,TMIN,60,,,a,
ASN00092045,19970722,TMIN,80,,,a,
ASN00092045,19970723,TMIN,50,,,a,
ASN00092045,19970724,TMIN,40,,,a,
ASN00092045,19970725,TMIN,70,,,a,
ASN00092045,19970726,TMIN,70,,,a,
ASN00092045,19970727,TMIN,84,,,a,
ASN00092045,19970728,TMIN,90,,,a,
ASN00092045,19970729,TMIN,30,,,a,
ASN00092045,19970730,TMIN,50,,,a,
ASN00092045,19970731,TMIN,30,,,a,
ASN00092045,19970701,PRCP,0,,,a,
ASN00092045,19970702,PRCP,0,,,a,
ASN00092045,19970703,PRCP,0,,,a,
ASN00092045,19970704,PRCP,12,,,a,
ASN00092045,19970705,PRCP,0,,,a,
ASN00092045,19970706,PRCP,0,,,a,
ASN00092045,19970707,PRCP,0,,,a,
ASN00092045,19970708,PRCP,12,,,a,
ASN00092045,19970709,PRCP,14,,,a,
ASN00092045,19970710,PRCP,0,,,a,
ASN00092045,19970711,PRCP,0,,,a,
ASN00092045,19970712,PRCP,0,,,a,
ASN00092045,19970713,PRCP,0,,,a,
ASN00092045,19970714,PRCP,0,,,a,
ASN00092045,19970715,PRCP,0,,,a,
ASN00092045,19970716,PRCP,76,,,a,
ASN00092045,19970717,PRCP,4,,,a,
ASN00092045,19970718,PRCP,0,,,a,
ASN00092045,19970719,PRCP,0,,,a,
ASN00092045,19970720,PRCP,0,,,a,
ASN00092045,19970721,PRCP,0,,,a,
ASN00092045,19970722,PRCP,0,,,a,
ASN00092045,19970723,PRCP,0,,,a,
ASN00092045,19970724,PRCP,0,,,a,
ASN00092045,19970725,PRCP,0,,,a,
ASN00092045,19970726,PRCP,2,,,a,
ASN00092045,19970727,PRCP,0,,,a,
ASN00092045,19970728,PRCP,0,,,a,
ASN00092045,19970729,PRCP,0,,,a,
ASN00092045,19970730,PRCP,0,,,a,
ASN00092045,19970731,PRCP,0,,,a,
ASN00092045,19970701,TAVG,78,H,,S,
ASN00092045,19970702,TAVG,95,H,,S,
ASN00092045,19970703,TAVG,88,H,,S,
ASN00092045,19970704,TAVG,103,H,,S,
ASN00092045,19970705,TAVG,102,H,,S,
ASN00092045,19970706,TAVG,116,H,,S,
ASN00092045,19970707,TAVG,121,H,,S,
ASN00092045,19970708,TAVG,82,H,,S,
ASN00092045,19970709,TAVG,51,H,,S,
ASN00092045,19970710,TAVG,65,H,,S,
ASN00092045,19970711,TAVG,83,H,,S,
ASN00092045,19970712,TAVG,77,H,,S,
ASN00092045,19970713,TAVG,109,H,,S,
ASN00092045,19970714,TAVG,104,H,,S,
ASN00092045,19970715,TAVG,81,H,,S,
ASN00092045,19970716,TAVG,69,H,,S,
ASN00092045,19970717,TAVG,81,H,,S,
ASN00092045,19970718,TAVG,64,H,,S,
ASN00092045,19970719,TAVG,98,H,,S,
ASN00092045,19970720,TAVG,108,H,,S,
ASN00092045,19970721,TAVG,110,H,,S,
ASN00092045,19970722,TAVG,74,H,,S,
ASN00092045,19970724,TAVG,87,H,,S,
ASN00092045,19970725,TAVG,103,H,,S,
ASN00092045,19970726,TAVG,129,H,,S,
ASN00092045,19970727,TAVG,111,H,,S,
ASN00092045,19970728,TAVG,81,H,,S,
ASN00092045,19970729,TAVG,78,H,,S,
ASN00092045,19970730,TAVG,96,H,,S,
ASN00092045,19970731,TAVG,75,H,,S,
ASN00092045,19970801,TMAX,130,,,a,
ASN00092045,19970802,TMAX,130,,,a,
ASN00092045,19970803,TMAX,140,,,a,
ASN00092045,19970804,TMAX,150,,,a,
ASN00092045,19970805,TMAX,140,,,a,
ASN00092045,19970806,TMAX,150,,,a,
ASN00092045,19970807,TMAX,150,,,a,
ASN00092045,19970808,TMAX,140,,,a,
ASN00092045,19970809,TMAX,140,,,a,
ASN00092045,19970810,TMAX,140,,,a,
ASN00092045,19970811,TMAX,130,,,a,
ASN00092045,19970813,TMAX,140,,,a,
ASN00092045,19970814,TMAX,130,,,a,
ASN00092045,19970815,TMAX,150,,,a,
ASN00092045,19970816,TMAX,150,,,a,
ASN00092045,19970817,TMAX,110,,,a,
ASN00092045,19970818,TMAX,140,,,a,
ASN00092045,19970819,TMAX,150,,,a,
ASN00092045,19970820,TMAX,130,,,a,
ASN00092045,19970821,TMAX,130,,,a,
ASN00092045,19970822,TMAX,140,,,a,
ASN00092045,19970823,TMAX,120,,,a,
ASN00092045,19970824,TMAX,130,,,a,
ASN00092045,19970825,TMAX,120,,,a,
ASN00092045,19970826,TMAX,140,,,a,
ASN00092045,19970827,TMAX,170,,,a,
ASN00092045,19970828,TMAX,150,,,a,
ASN00092045,19970829,TMAX,170,,,a,
ASN00092045,19970830,TMAX,160,,,a,
ASN00092045,19970831,TMAX,140,,,a,
ASN00092045,19970801,TMIN,30,,,a,
ASN00092045,19970802,TMIN,50,,,a,
ASN00092045,19970803,TMIN,50,,,a,
ASN00092045,19970804,TMIN,70,,,a,
ASN00092045,19970805,TMIN,100,,,a,
ASN00092045,19970806,TMIN,100,,,a,
ASN00092045,19970807,TMIN,120,,,a,
ASN00092045,19970808,TMIN,70,,,a,
ASN00092045,19970809,TMIN,50,,,a,
ASN00092045,19970810,TMIN,70,,,a,
ASN00092045,19970811,TMIN,110,,,a,
ASN00092045,19970812,TMIN,40,,,a,
ASN00092045,19970814,TMIN,70,,,a,
ASN00092045,19970815,TMIN,100,,,a,
ASN00092045,19970816,TMIN,120,,,a,
ASN00092045,19970817,TMIN,80,,,a,
ASN00092045,19970818,TMIN,30,,,a,
ASN00092045,19970819,TMIN,60,,,a,
ASN00092045,19970820,TMIN,70,,,a,
ASN00092045,19970821,TMIN,60,,,a,
ASN00092045,19970822,TMIN,100,,,a,
ASN00092045,19970823,TMIN,80,,,a,
ASN00092045,19970824,TMIN,30,,,a,
ASN00092045,19970825,TMIN,30,,,a,
ASN00092045,19970826,TMIN,40,,,a,
ASN00092045,19970827,TMIN,90,,,a,
ASN00092045,19970828,TMIN,80,,,a,
ASN00092045,19970829,TMIN,80,,,a,
ASN00092045,19970830,TMIN,70,,,a,
ASN00092045,19970831,TMIN,100,,,a,
ASN00092045,19970801,PRCP,0,,,a,
ASN00092045,19970802,PRCP,0,,,a,
ASN00092045,19970803,PRCP,0,,,a,
ASN00092045,19970804,PRCP,0,,,a,
ASN00092045,19970805,PRCP,0,,,a,
ASN00092045,19970806,PRCP,10,,,a,
ASN00092045,19970807,PRCP,20,,,a,
ASN00092045,19970808,PRCP,50,,,a,
ASN00092045,19970809,PRCP,40,,,a,
ASN00092045,19970810,PRCP,0,,,a,
ASN00092045,19970811,PRCP,0,,,a,
ASN00092045,19970812,PRCP,10,,,a,
ASN00092045,19970813,PRCP,0,,,a,
ASN00092045,19970814,PRCP,2,,,a,
ASN00092045,19970815,PRCP,10,,,a,
ASN00092045,19970816,PRCP,2,,,a,
ASN00092045,19970817,PRCP,70,,,a,
ASN00092045,19970818,PRCP,30,,,a,
ASN00092045,19970819,PRCP,2,,,a,
ASN00092045,19970820,PRCP,0,,,a,
ASN00092045,19970821,PRCP,0,,,a,
ASN00092045,19970822,PRCP,0,,,a,
ASN00092045,19970823,PRCP,30,,,a,
ASN00092045,19970824,PRCP,20,,,a,
ASN00092045,19970825,PRCP,10,,,a,
ASN00092045,19970826,PRCP,0,,,a,
ASN00092045,19970827,PRCP,0,,,a,
ASN00092045,19970828,PRCP,0,,,a,
ASN00092045,19970829,PRCP,0,,,a,
ASN00092045,19970830,PRCP,0,,,a,
ASN00092045,19970831,PRCP,0,,,a,
ASN00092045,19970801,TAVG,79,H,,S,
ASN00092045,19970802,TAVG,82,H,,S,
ASN00092045,19970803,TAVG,107,H,,S,
ASN00092045,19970804,TAVG,115,H,,S,
ASN00092045,19970805,TAVG,122,H,,S,
ASN00092045,19970806,TAVG,131,H,,S,
ASN00092045,19970807,TAVG,100,H,,S,
ASN00092045,19970808,TAVG,84,H,,S,
ASN00092045,19970809,TAVG,98,H,,S,
ASN00092045,19970810,TAVG,120,H,,S,
ASN00092045,19970811,TAVG,95,H,,S,
ASN00092045,19970812,TAVG,104,H,,S,
ASN00092045,19970813,TAVG,95,H,,S,
ASN00092045,19970814,TAVG,117,H,,S,
ASN00092045,19970815,TAVG,130,H,,S,
ASN00092045,19970816,TAVG,116,H,,S,
ASN00092045,19970817,TAVG,78,H,,S,
ASN00092045,19970818,TAVG,92,H,,S,
ASN00092045,19970819,TAVG,106,H,,S,
ASN00092045,19970820,TAVG,88,H,,S,
ASN00092045,19970821,TAVG,112,H,,S,
ASN00092045,19970822,TAVG,109,H,,S,
ASN00092045,19970823,TAVG,64,H,,S,
ASN00092045,19970824,TAVG,76,H,,S,
ASN00092045,19970825,TAVG,81,H,,S,
ASN00092045,19970826,TAVG,109,H,,S,
ASN00092045,19970827,TAVG,111,H,,S,
ASN00092045,19970828,TAVG,107,H,,S,
ASN00092045,19970829,TAVG,112,H,,S,
ASN00092045,19970830,TAVG,116,H,,S,
ASN00092045,19970831,TAVG,118,H,,S,
ASN00092045,19970901,TMAX,155,,,a,
ASN00092045,19970902,TMAX,133,,,a,
ASN00092045,19970903,TMAX,120,,,a,
ASN00092045,19970904,TMAX,126,,,a,
ASN00092045,19970905,TMAX,132,,,a,
ASN00092045,19970906,TMAX,140,,,a,
ASN00092045,19970907,TMAX,130,,,a,
ASN00092045,19970908,TMAX,160,,,a,
ASN00092045,19970909,TMAX,180,,,a,
ASN00092045,19970910,TMAX,120,,,a,
ASN00092045,19970911,TMAX,150,,,a,
ASN00092045,19970912,TMAX,170,,,a,
ASN00092045,19970913,TMAX,160,,,a,
ASN00092045,19970914,TMAX,175,,,a,
ASN00092045,19970915,TMAX,170,,,a,
ASN00092045,19970916,TMAX,175,,,a,
ASN00092045,19970917,TMAX,143,,,a,
ASN00092045,19970918,TMAX,159,,,a,
ASN00092045,19970919,TMAX,143,,,a,
ASN00092045,19970920,TMAX,152,,,a,
ASN00092045,19970921,TMAX,157,,,a,
ASN00092045,19970922,TMAX,160,,,a,
ASN00092045,19970923,TMAX,140,,,a,
ASN00092045,19970924,TMAX,157,,,a,
ASN00092045,19970925,TMAX,157,,,a,
ASN00092045,19970926,TMAX,160,,,a,
ASN00092045,19970927,TMAX,190,,,a,
ASN00092045,19970928,TMAX,150,,,a,
ASN00092045,19970929,TMAX,150,,,a,
ASN00092045,19970930,TMAX,180,,,a,
ASN00092045,19970901,TMIN,100,,,a,
ASN00092045,19970902,TMIN,110,,,a,
ASN00092045,19970903,TMIN,110,,,a,
ASN00092045,19970904,TMIN,110,,,a,
ASN00092045,19970906,TMIN,90,,,a,
ASN00092045,19970907,TMIN,100,,,a,
ASN00092045,19970908,TMIN,100,,,a,
ASN00092045,19970909,TMIN,80,,,a,
ASN00092045,19970910,TMIN,80,,,a,
ASN00092045,19970911,TMIN,60,,,a,
ASN00092045,19970912,TMIN,70,,,a,
ASN00092045,19970913,TMIN,60,,,a,
ASN00092045,19970914,TMIN,70,,,a,
ASN00092045,19970915,TMIN,100,,,a,
ASN00092045,19970916,TMIN,90,,,a,
ASN00092045,19970917,TMIN,90,,,a,
ASN00092045,19970918,TMIN,70,,,a,
ASN00092045,19970919,TMIN,100,,,a,
ASN00092045,19970920,TMIN,120,,,a,
ASN00092045,19970921,TMIN,80,,,a,
ASN00092045,19970922,TMIN,80,,,a,
ASN00092045,19970923,TMIN,90,,,a,
ASN00092045,19970924,TMIN,90,,,a,
ASN00092045,19970925,TMIN,90,,,a,
ASN00092045,19970926,TMIN,80,,,a,
ASN00092045,19970927,TMIN,100,,,a,
ASN00092045,19970928,TMIN,70,,,a,
ASN00092045,19970929,TMIN,50,,,a,
ASN00092045,19970930,TMIN,90,,,a,
ASN00092045,19970901,PRCP,4,,,a,
ASN00092045,19970902,PRCP,2,,,a,
ASN00092045,19970903,PRCP,20,,,a,
ASN00092045,19970904,PRCP,50,,,a,
ASN00092045,19970905,PRCP,166,,,a,
ASN00092045,19970906,PRCP,70,,,a,
ASN00092045,19970907,PRCP,30,,,a,
ASN00092045,19970908,PRCP,70,,,a,
ASN00092045,19970909,PRCP,4,,,a,
ASN00092045,19970910,PRCP,2,,,a,
ASN00092045,19970911,PRCP,0,,,a,
ASN00092045,19970912,PRCP,2,,,a,
ASN00092045,19970913,PRCP,0,,,a,
ASN00092045,19970914,PRCP,0,,,a,
ASN00092045,19970915,PRCP,144,,,a,
ASN00092045,19970916,PRCP,4,,,a,
ASN00092045,19970917,PRCP,0,,,a,
ASN00092045,19970918,PRCP,0,,,a,
ASN00092045,19970919,PRCP,0,,,a,
ASN00092045,19970920,PRCP,308,,,a,
ASN00092045,19970921,PRCP,0,,,a,
ASN00092045,19970922,PRCP,2,,,a,
ASN00092045,19970923,PRCP,2,,,a,
ASN00092045,19970924,PRCP,4,,,a,
ASN00092045,19970925,PRCP,30,,,a,
ASN00092045,19970926,PRCP,0,,,a,
ASN00092045,19970927,PRCP,0,,,a,
ASN00092045,19970928,PRCP,8,,,a,
ASN00092045,19970929,PRCP,0,,,a,
ASN00092045,19970930,PRCP,0,,,a,
ASN00092045,19970901,TAVG,123,H,,S,
ASN00092045,19970902,TAVG,116,H,,S,
ASN00092045,19970903,TAVG,113,H,,S,
ASN00092045,19970904,TAVG,113,H,,S,
ASN00092045,19970905,TAVG,107,H,,S,
ASN00092045,19970906,TAVG,116,H,,S,
ASN00092045,19970907,TAVG,115,H,,S,
ASN00092045,19970908,TAVG,106,H,,S,
ASN00092045,19970909,TAVG,112,H,,S,
ASN00092045,19970910,TAVG,88,H,,S,
ASN00092045,19970911,TAVG,109,H,,S,
ASN00092045,19970912,TAVG,106,H,,S,
ASN00092045,19970913,TAVG,104,H,,S,
ASN00092045,19970914,TAVG,115,H,,S,
ASN00092045,19970915,TAVG,124,H,,S,
ASN00092045,19970916,TAVG,102,H,,S,
ASN00092045,19970917,TAVG,98,H,,S,
ASN00092045,19970918,TAVG,125,H,,S,
ASN00092045,19970919,TAVG,126,H,,S,
ASN00092045,19970920,TAVG,118,H,,S,
ASN00092045,19970921,TAVG,113,H,,S,
ASN00092045,19970922,TAVG,109,H,,S,
ASN00092045,19970923,TAVG,113,H,,S,
ASN00092045,19970924,TAVG,112,H,,S,
ASN00092045,19970925,TAVG,118,H,,S,
ASN00092045,19970926,TAVG,123,H,,S,
ASN00092045,19970927,TAVG,124,H,,S,
ASN00092045,19970928,TAVG,94,H,,S,
ASN00092045,19970929,TAVG,111,H,,S,
ASN00092045,19970930,TAVG,122,H,,S,
ASN00092045,19971001,TMAX,164,,,a,
ASN00092045,19971002,TMAX,206,,,a,
ASN00092045,19971003,TMAX,141,,,a,
ASN00092045,19971004,TMAX,140,,,a,
ASN00092045,19971005,TMAX,169,,,a,
ASN00092045,19971006,TMAX,135,,,a,
ASN00092045,19971007,TMAX,153,,,a,
ASN00092045,19971008,TMAX,146,,,a,
ASN00092045,19971009,TMAX,179,,,a,
ASN00092045,19971010,TMAX,190,,,a,
ASN00092045,19971011,TMAX,170,,,a,
ASN00092045,19971018,TMAX,191,,,a,
ASN00092045,19971019,TMAX,170,,,a,
ASN00092045,19971020,TMAX,150,,,a,
ASN00092045,19971021,TMAX,170,,,a,
ASN00092045,19971022,TMAX,183,,,a,
ASN00092045,19971023,TMAX,180,,,a,
ASN00092045,19971025,TMAX,210,,,a,
ASN00092045,19971026,TMAX,180,,,a,
ASN00092045,19971027,TMAX,210,,,a,
ASN00092045,19971028,TMAX,208,,,a,
ASN00092045,19971029,TMAX,201,,,a,
ASN00092045,19971030,TMAX,182,,,a,
ASN00092045,19971031,TMAX,146,,,a,
ASN00092045,19971001,TMIN,70,,,a,
ASN00092045,19971002,TMIN,100,,,a,
ASN00092045,19971003,TMIN,80,,,a,
ASN00092045,19971004,TMIN,40,,,a,
ASN00092045,19971005,TMIN,70,,,a,
ASN00092045,19971006,TMIN,60,,,a,
ASN00092045,19971007,TMIN,60,,,a,
ASN00092045,19971008,TMIN,100,,,a,
ASN00092045,19971009,TMIN,80,,,a,
ASN00092045,19971010,TMIN,100,,,a,
ASN00092045,19971011,TMIN,130,,,a,
ASN00092045,19971012,TMIN,100,,,a,
ASN00092045,19971019,TMIN,70,,,a,
ASN00092045,19971020,TMIN,60,,,a,
ASN00092045,19971021,TMIN,90,,,a,
ASN00092045,19971022,TMIN,90,,,a,
ASN00092045,19971023,TMIN,110,,,a,
ASN00092045,19971024,TMIN,110,,,a,
ASN00092045,19971026,TMIN,110,,,a,
ASN00092045,19971027,TMIN,130,,,a,
ASN00092045,19971028,TMIN,130,,,a,
ASN00092045,19971029,TMIN,110,,,a,
ASN00092045,19971030,TMIN,110,,,a,
ASN00092045,19971031,TMIN,120,,,a,
ASN00092045,19971001,PRCP,0,,,a,
ASN00092045,19971002,PRCP,0,,,a,
ASN00092045,19971003,PRCP,10,,,a,
ASN00092045,19971004,PRCP,2,,,a,
ASN00092045,19971005,PRCP,0,,,a,
ASN00092045,19971006,PRCP,0,,,a,
ASN00092045,19971007,PRCP,0,,,a,
ASN00092045,19971008,PRCP,0,,,a,
ASN00092045,19971009,PRCP,40,,,a,
ASN00092045,19971010,PRCP,0,,,a,
ASN00092045,19971024,PRCP,2,,,a,
ASN00092045,19971025,PRCP,0,,,a,
ASN00092045,19971026,PRCP,0,,,a,
ASN00092045,19971027,PRCP,0,,,a,
ASN00092045,19971028,PRCP,0,,,a,
ASN00092045,19971029,PRCP,2,,,a,
ASN00092045,19971030,PRCP,0,,,a,
ASN00092045,19971031,PRCP,94,,,a,
ASN00092045,19971019,DAPR,9,,,a,
ASN00092045,19971023,DAPR,4,,,a,
ASN00092045,19971019,DWPR,9,,,a,
ASN00092045,19971023,DWPR,4,,,a,
ASN00092045,19971019,MDPR,116,,,a,
ASN00092045,19971023,MDPR,16,,,a,
ASN00092045,19971001,TAVG,124,H,,S,
ASN00092045,19971002,TAVG,120,H,,S,
ASN00092045,19971003,TAVG,92,H,,S,
ASN00092045,19971004,TAVG,103,H,,S,
ASN00092045,19971005,TAVG,113,H,,S,
ASN00092045,19971006,TAVG,101,H,,S,
ASN00092045,19971007,TAVG,127,H,,S,
ASN00092045,19971008,TAVG,112,H,,S,
ASN00092045,19971009,TAVG,134,H,,S,
ASN00092045,19971010,TAVG,151,H,,S,
ASN00092045,19971011,TAVG,131,H,,S,
ASN00092045,19971018,TAVG,82,H,,S,
ASN00092045,19971019,TAVG,109,H,,S,
ASN00092045,19971020,TAVG,124,H,,S,
ASN00092045,19971021,TAVG,125,H,,S,
ASN00092045,19971022,TAVG,128,H,,S,
ASN00092045,19971023,TAVG,129,H,,S,
ASN00092045,19971024,TAVG,134,H,,S,
ASN00092045,19971025,TAVG,144,H,,S,
ASN00092045,19971026,TAVG,148,H,,S,
ASN00092045,19971027,TAVG,145,H,,S,
ASN00092045,19971028,TAVG,141,H,,S,
ASN00092045,19971029,TAVG,144,H,,S,
ASN00092045,19971030,TAVG,137,H,,S,
ASN00092045,19971031,TAVG,125,H,,S,
ASN00092045,19971101,TMAX,182,,,a,
ASN00092045,19971102,TMAX,169,,,a,
ASN00092045,19971103,TMAX,165,,,a,
ASN00092045,19971104,TMAX,173,,,a,
ASN00092045,19971105,TMAX,171,,,a,
ASN00092045,19971107,TMAX,210,,,a,
ASN00092045,19971108,TMAX,160,,,a,
ASN00092045,19971109,TMAX,200,,,a,
ASN00092045,19971110,TMAX,226,,,a,
ASN00092045,19971111,TMAX,195,,,a,
ASN00092045,19971112,TMAX,187,,,a,
ASN00092045,19971113,TMAX,174,,,a,
ASN00092045,19971114,TMAX,152,,,a,
ASN00092045,19971115,TMAX,152,,,a,
ASN00092045,19971116,TMAX,175,,,a,
ASN00092045,19971117,TMAX,174,,,a,
ASN00092045,19971118,TMAX,186,,,a,
ASN00092045,19971120,TMAX,200,,,a,
ASN00092045,19971122,TMAX,200,,,a,
ASN00092045,19971123,TMAX,260,,,a,
ASN00092045,19971124,TMAX,220,,,a,
ASN00092045,19971125,TMAX,263,,,a,
ASN00092045,19971126,TMAX,293,,,a,
ASN00092045,19971127,TMAX,218,,,a,
ASN00092045,19971128,TMAX,190,,,a,
ASN00092045,19971129,TMAX,160,,,a,
ASN00092045,19971130,TMAX,166,,,a,
ASN00092045,19971101,TMIN,110,,,a,
ASN00092045,19971102,TMIN,110,,,a,
ASN00092045,19971103,TMIN,50,,,a,
ASN00092045,19971104,TMIN,90,,,a,
ASN00092045,19971105,TMIN,100,,,a,
ASN00092045,19971106,TMIN,110,,,a,
ASN00092045,19971108,TMIN,90,,,a,
ASN00092045,19971109,TMIN,90,,,a,
ASN00092045,19971110,TMIN,120,,,a,
ASN00092045,19971111,TMIN,150,,,a,
ASN00092045,19971112,TMIN,70,,,a,
ASN00092045,19971113,TMIN,110,,,a,
ASN00092045,19971114,TMIN,110,,,a,
ASN00092045,19971115,TMIN,100,,,a,
ASN00092045,19971116,TMIN,100,,,a,
ASN00092045,19971117,TMIN,50,,,a,
ASN00092045,19971118,TMIN,110,,,a,
ASN00092045,19971119,TMIN,120,,,a,
ASN00092045,19971121,TMIN,100,,,a,
ASN00092045,19971123,TMIN,140,,,a,
ASN00092045,19971124,TMIN,110,,,a,
ASN00092045,19971125,TMIN,120,,,a,
ASN00092045,19971126,TMIN,130,,,a,
ASN00092045,19971127,TMIN,140,,,a,
ASN00092045,19971128,TMIN,120,,,a,
ASN00092045,19971129,TMIN,90,,,a,
ASN00092045,19971130,TMIN,90,,,a,
ASN00092045,19971101,PRCP,220,,,a,
ASN00092045,19971102,PRCP,16,,,a,
ASN00092045,19971103,PRCP,2,,,a,
ASN00092045,19971104,PRCP,0,,,a,
ASN00092045,19971105,PRCP,0,,,a,
ASN00092045,19971106,PRCP,0,,,a,
ASN00092045,19971107,PRCP,0,,,a,
ASN00092045,19971108,PRCP,0,,,a,
ASN00092045,19971109,PRCP,0,,,a,
ASN00092045,19971110,PRCP,0,,,a,
ASN00092045,19971111,PRCP,20,,,a,
ASN00092045,19971112,PRCP,88,,,a,
ASN00092045,19971113,PRCP,2,,,a,
ASN00092045,19971114,PRCP,0,,,a,
ASN00092045,19971115,PRCP,0,,,a,
ASN00092045,19971116,PRCP,2,,,a,
ASN00092045,19971117,PRCP,0,,,a,
ASN00092045,19971118,PRCP,0,,,a,
ASN00092045,19971119,PRCP,0,,,a,
ASN00092045,19971120,PRCP,16,,,a,
ASN00092045,19971121,PRCP,0,,,a,
ASN00092045,19971122,PRCP,0,,,a,
ASN00092045,19971123,PRCP,0,,,a,
ASN00092045,19971124,PRCP,0,,,a,
ASN00092045,19971125,PRCP,0,,,a,
ASN00092045,19971126,PRCP,0,,,a,
ASN00092045,19971127,PRCP,0,,,a,
ASN00092045,19971128,PRCP,0,,,a,
ASN00092045,19971129,PRCP,0,,,a,
ASN00092045,19971130,PRCP,4,,,a,
ASN00092045,19971101,TAVG,132,H,,S,
ASN00092045,19971102,TAVG,111,H,,S,
ASN00092045,19971103,TAVG,125,H,,S,
ASN00092045,19971104,TAVG,136,H,,S,
ASN00092045,19971105,TAVG,147,H,,S,
ASN00092045,19971106,TAVG,157,H,,S,
ASN00092045,19971107,TAVG,144,H,,S,
ASN00092045,19971108,TAVG,127,H,,S,
ASN00092045,19971109,TAVG,148,H,,S,
ASN00092045,19971110,TAVG,159,H,,S,
ASN00092045,19971111,TAVG,109,H,,S,
ASN00092045,19971112,TAVG,139,H,,S,
ASN00092045,19971114,TAVG,118,H,,S,
ASN00092045,19971115,TAVG,124,H,,S,
ASN00092045,19971116,TAVG,108,H,,S,
ASN00092045,19971117,TAVG,141,H,,S,
ASN00092045,19971118,TAVG,145,H,,S,
ASN00092045,19971119,TAVG,150,H,,S,
ASN00092045,19971120,TAVG,137,H,,S,
ASN00092045,19971121,TAVG,144,H,,S,
ASN00092045,19971122,TAVG,161,H,,S,
ASN00092045,19971123,TAVG,148,H,,S,
ASN00092045,19971124,TAVG,158,H,,S,
ASN00092045,19971125,TAVG,183,H,,S,
ASN00092045,19971126,TAVG,186,H,,S,
ASN00092045,19971127,TAVG,161,H,,S,
ASN00092045,19971128,TAVG,136,H,,S,
ASN00092045,19971129,TAVG,121,H,,S,
ASN00092045,19971130,TAVG,133,H,,S,
ASN00092045,19971201,TMAX,191,,,a,
ASN00092045,19971202,TMAX,208,,,a,
ASN00092045,19971203,TMAX,194,,,a,
ASN00092045,19971204,TMAX,190,,,a,
ASN00092045,19971205,TMAX,150,,,a,
ASN00092045,19971206,TMAX,170,,,a,
ASN00092045,19971207,TMAX,200,,,a,
ASN00092045,19971208,TMAX,210,,,a,
ASN00092045,19971209,TMAX,180,,,a,
ASN00092045,19971210,TMAX,190,,,a,
ASN00092045,19971211,TMAX,224,,,a,
ASN00092045,19971212,TMAX,204,,,a,
ASN00092045,19971213,TMAX,190,,,a,
ASN00092045,19971214,TMAX,201,,,a,
ASN00092045,19971215,TMAX,191,,,a,
ASN00092045,19971216,TMAX,193,,,a,
ASN00092045,19971217,TMAX,220,,,a,
ASN00092045,19971222,TMAX,190,,,a,
ASN00092045,19971224,TMAX,230,,,a,
ASN00092045,19971225,TMAX,210,,,a,
ASN00092045,19971226,TMAX,241,,,a,
ASN00092045,19971227,TMAX,218,,,a,
ASN00092045,19971228,TMAX,196,,,a,
ASN00092045,19971229,TMAX,195,,,a,
ASN00092045,19971230,TMAX,202,,,a,
ASN00092045,19971231,TMAX,223,,,a,
ASN00092045,19971201,TMIN,110,,,a,
ASN00092045,19971202,TMIN,120,,,a,
ASN00092045,19971203,TMIN,80,,,a,
ASN00092045,19971204,TMIN,100,,,a,
ASN00092045,19971205,TMIN,130,,,a,
ASN00092045,19971206,TMIN,130,,,a,
ASN00092045,19971207,TMIN,110,,,a,
ASN00092045,19971208,TMIN,120,,,a,
ASN00092045,19971209,TMIN,140,,,a,
ASN00092045,19971210,TMIN,110,,,a,
ASN00092045,19971211,TMIN,130,,,a,
ASN00092045,19971212,TMIN,130,,,a,
ASN00092045,19971213,TMIN,140,,,a,
ASN00092045,19971214,TMIN,140,,,a,
ASN00092045,19971215,TMIN,110,,,a,
ASN00092045,19971216,TMIN,90,,,a,
ASN00092045,19971217,TMIN,130,,,a,
ASN00092045,19971218,TMIN,110,,,a,
ASN00092045,19971223,TMIN,110,,,a,
ASN00092045,19971225,TMIN,130,,,a,
ASN00092045,19971226,TMIN,130,,,a,
ASN00092045,19971227,TMIN,90,,,a,
ASN00092045,19971228,TMIN,100,,,a,
ASN00092045,19971229,TMIN,120,,,a,
ASN00092045,19971230,TMIN,150,,,a,
ASN00092045,19971231,TMIN,150,,,a,
ASN00092045,19971201,PRCP,0,,,a,
ASN00092045,19971202,PRCP,42,,,a,
ASN00092045,19971203,PRCP,0,,,a,
ASN00092045,19971204,PRCP,0,,,a,
ASN00092045,19971205,PRCP,0,,,a,
ASN00092045,19971206,PRCP,0,,,a,
ASN00092045,19971207,PRCP,0,,,a,
ASN00092045,19971208,PRCP,0,,,a,
ASN00092045,19971209,PRCP,0,,,a,
ASN00092045,19971210,PRCP,0,,,a,
ASN00092045,19971211,PRCP,0,,,a,
ASN00092045,19971212,PRCP,0,,,a,
ASN00092045,19971213,PRCP,0,,,a,
ASN00092045,19971214,PRCP,0,,,a,
ASN00092045,19971215,PRCP,0,,,a,
ASN00092045,19971216,PRCP,0,,,a,
ASN00092045,19971217,PRCP,0,,,a,
ASN00092045,19971218,PRCP,0,,,a,
ASN00092045,19971219,PRCP,0,,,a,
ASN00092045,19971220,PRCP,0,,,a,
ASN00092045,19971221,PRCP,0,,,a,
ASN00092045,19971222,PRCP,0,,,a,
ASN00092045,19971223,PRCP,0,,,a,
ASN00092045,19971224,PRCP,0,,,a,
ASN00092045,19971225,PRCP,0,,,a,
ASN00092045,19971226,PRCP,0,,,a,
ASN00092045,19971227,PRCP,0,,,a,
ASN00092045,19971228,PRCP,0,,,a,
ASN00092045,19971229,PRCP,0,,,a,
ASN00092045,19971230,PRCP,2,,,a,
ASN00092045,19971231,PRCP,0,,,a,
ASN00092045,19971201,TAVG,151,H,,S,
ASN00092045,19971202,TAVG,138,H,,S,
ASN00092045,19971203,TAVG,137,H,,S,
ASN00092045,19971204,TAVG,149,H,,S,
ASN00092045,19971205,TAVG,141,H,,S,
ASN00092045,19971206,TAVG,143,H,,S,
ASN00092045,19971207,TAVG,154,H,,S,
ASN00092045,19971208,TAVG,162,H,,S,
ASN00092045,19971209,TAVG,144,H,,S,
ASN00092045,19971210,TAVG,149,H,,S,
ASN00092045,19971211,TAVG,167,H,,S,
ASN00092045,19971212,TAVG,161,H,,S,
ASN00092045,19971213,TAVG,164,H,,S,
ASN00092045,19971214,TAVG,149,H,,S,
ASN00092045,19971215,TAVG,142,H,,S,
ASN00092045,19971216,TAVG,158,H,,S,
ASN00092045,19971222,TAVG,133,H,,S,
ASN00092045,19971223,TAVG,147,H,,S,
ASN00092045,19971224,TAVG,166,H,,S,
ASN00092045,19971225,TAVG,154,H,,S,
ASN00092045,19971226,TAVG,136,H,,S,
ASN00092045,19971227,TAVG,169,H,,S,
ASN00092045,19971228,TAVG,158,H,,S,
ASN00092045,19971229,TAVG,158,H,,S,
ASN00092045,19971230,TAVG,172,H,,S,
ASN00092045,19971231,TAVG,176,H,,S,
ASN00092045,19980101,TMAX,230,,,a,
ASN00092045,19980102,TMAX,190,,,a,
ASN00092045,19980103,TMAX,210,,,a,
ASN00092045,19980104,TMAX,220,,,a,
ASN00092045,19980105,TMAX,200,,,a,
ASN00092045,19980106,TMAX,210,,,a,
ASN00092045,19980107,TMAX,213,,,a,
ASN00092045,19980108,TMAX,192,,,a,
ASN00092045,19980109,TMAX,201,,,a,
ASN00092045,19980110,TMAX,236,,,a,
ASN00092045,19980111,TMAX,231,,,a,
ASN00092045,19980112,TMAX,211,,,a,
ASN00092045,19980113,TMAX,230,,,a,
ASN00092045,19980114,TMAX,278,,,a,
ASN00092045,19980115,TMAX,240,,,a,
ASN00092045,19980116,TMAX,210,,,a,
ASN00092045,19980117,TMAX,240,,,a,
ASN00092045,19980118,TMAX,250,,,a,
ASN00092045,19980120,TMAX,224,,,a,
ASN00092045,19980121,TMAX,209,,,a,
ASN00092045,19980122,TMAX,228,,,a,
ASN00092045,19980123,TMAX,198,,,a,
ASN00092045,19980124,TMAX,193,,,a,
ASN00092045,19980125,TMAX,174,,,a,
ASN00092045,19980126,TMAX,188,,,a,
ASN00092045,19980127,TMAX,218,,,a,
ASN00092045,19980128,TMAX,165,,,a,
ASN00092045,19980129,TMAX,200,,,a,
ASN00092045,19980130,TMAX,220,,,a,
ASN00092045,19980131,TMAX,220,,,a,
ASN00092045,19980101,TMIN,150,,,a,
ASN00092045,19980102,TMIN,150,,,a,
ASN00092045,19980103,TMIN,110,,,a,
ASN00092045,19980104,TMIN,110,,,a,
ASN00092045,19980105,TMIN,140,,,a,
ASN00092045,19980106,TMIN,130,,,a,
ASN00092045,19980107,TMIN,130,,,a,
ASN00092045,19980108,TMIN,140,,,a,
ASN00092045,19980109,TMIN,150,,,a,
ASN00092045,19980110,TMIN,170,,,a,
ASN00092045,19980111,TMIN,170,,,a,
ASN00092045,19980112,TMIN,170,,,a,
ASN00092045,19980113,TMIN,180,,,a,
ASN00092045,19980114,TMIN,180,,,a,
ASN00092045,19980115,TMIN,150,,,a,
ASN00092045,19980116,TMIN,140,,,a,
ASN00092045,19980117,TMIN,140,,,a,
ASN00092045,19980118,TMIN,150,,,a,
ASN00092045,19980119,TMIN,150,,,a,
ASN00092045,19980120,TMIN,150,,,a,
ASN00092045,19980121,TMIN,160,,,a,
ASN00092045,19980122,TMIN,170,,,a,
ASN00092045,19980123,TMIN,150,,,a,
ASN00092045,19980124,TMIN,150,,,a,
ASN00092045,19980125,TMIN,150,,,a,
ASN00092045,19980126,TMIN,120,,,a,
ASN00092045,19980127,TMIN,140,,,a,
ASN00092045,19980128,TMIN,150,,,a,
ASN00092045,19980129,TMIN,80,,,a,
ASN00092045,19980130,TMIN,130,,,a,
ASN00092045,19980131,TMIN,150,,,a,
ASN00092045,19980101,PRCP,0,,,a,
ASN00092045,19980102,PRCP,0,,,a,
ASN00092045,19980103,PRCP,0,,,a,
ASN00092045,19980104,PRCP,0,,,a,
ASN00092045,19980105,PRCP,0,,,a,
ASN00092045,19980106,PRCP,0,,,a,
ASN00092045,19980107,PRCP,0,,,a,
ASN00092045,19980108,PRCP,0,,,a,
ASN00092045,19980109,PRCP,0,,,a,
ASN00092045,19980110,PRCP,0,,,a,
ASN00092045,19980111,PRCP,0,,,a,
ASN00092045,19980112,PRCP,0,,,a,
ASN00092045,19980113,PRCP,0,,,a,
ASN00092045,19980114,PRCP,0,,,a,
ASN00092045,19980115,PRCP,88,,,a,
ASN00092045,19980116,PRCP,0,,,a,
ASN00092045,19980117,PRCP,0,,,a,
ASN00092045,19980118,PRCP,0,,,a,
ASN00092045,19980119,PRCP,0,,,a,
ASN00092045,19980120,PRCP,0,,,a,
ASN00092045,19980121,PRCP,0,,,a,
ASN00092045,19980122,PRCP,2,,,a,
ASN00092045,19980123,PRCP,2,,,a,
ASN00092045,19980124,PRCP,0,,,a,
ASN00092045,19980125,PRCP,10,,,a,
ASN00092045,19980126,PRCP,240,,,a,
ASN00092045,19980127,PRCP,6,,,a,
ASN00092045,19980128,PRCP,0,,,a,
ASN00092045,19980129,PRCP,416,,,a,
ASN00092045,19980130,PRCP,10,,,a,
ASN00092045,19980131,PRCP,0,,,a,
ASN00092045,19980101,TAVG,179,H,,S,
ASN00092045,19980102,TAVG,158,H,,S,
ASN00092045,19980103,TAVG,157,H,,S,
ASN00092045,19980104,TAVG,167,H,,S,
ASN00092045,19980105,TAVG,166,H,,S,
ASN00092045,19980106,TAVG,168,H,,S,
ASN00092045,19980107,TAVG,176,H,,S,
ASN00092045,19980108,TAVG,163,H,,S,
ASN00092045,19980109,TAVG,181,H,,S,
ASN00092045,19980110,TAVG,196,H,,S,
ASN00092045,19980111,TAVG,198,H,,S,
ASN00092045,19980112,TAVG,196,H,,S,
ASN00092045,19980113,TAVG,203,H,,S,
ASN00092045,19980114,TAVG,196,H,,S,
ASN00092045,19980115,TAVG,171,H,,S,
ASN00092045,19980116,TAVG,177,H,,S,
ASN00092045,19980117,TAVG,200,H,,S,
ASN00092045,19980118,TAVG,181,H,,S,
ASN00092045,19980119,TAVG,164,H,,S,
ASN00092045,19980120,TAVG,181,H,,S,
ASN00092045,19980121,TAVG,183,H,,S,
ASN00092045,19980122,TAVG,189,H,,S,
ASN00092045,19980123,TAVG,168,H,,S,
ASN00092045,19980124,TAVG,167,H,,S,
ASN00092045,19980125,TAVG,157,H,,S,
ASN00092045,19980126,TAVG,168,H,,S,
ASN00092045,19980127,TAVG,167,H,,S,
ASN00092045,19980128,TAVG,137,H,,S,
ASN00092045,19980129,TAVG,163,H,,S,
ASN00092045,19980130,TAVG,168,H,,S,
ASN00092045,19980131,TAVG,163,H,,S,
ASN00092045,19980201,TMAX,220,,,a,
ASN00092045,19980202,TMAX,270,,,a,
ASN00092045,19980203,TMAX,220,,,a,
ASN00092045,19980204,TMAX,272,,,a,
ASN00092045,19980205,TMAX,225,,,a,
ASN00092045,19980206,TMAX,221,,,a,
ASN00092045,19980207,TMAX,221,,,a,
ASN00092045,19980208,TMAX,230,,,a,
ASN00092045,19980209,TMAX,230,,,a,
ASN00092045,19980210,TMAX,210,,,a,
ASN00092045,19980211,TMAX,250,,,a,
ASN00092045,19980212,TMAX,230,,,a,
ASN00092045,19980213,TMAX,210,,,a,
ASN00092045,19980214,TMAX,240,,,a,
ASN00092045,19980215,TMAX,210,,,a,
ASN00092045,19980216,TMAX,190,,,a,
ASN00092045,19980217,TMAX,200,,,a,
ASN00092045,19980218,TMAX,230,,,a,
ASN00092045,19980219,TMAX,210,,,a,
ASN00092045,19980220,TMAX,210,,,a,
ASN00092045,19980221,TMAX,200,,,a,
ASN00092045,19980222,TMAX,210,,,a,
ASN00092045,19980223,TMAX,190,,,a,
ASN00092045,19980224,TMAX,240,,,a,
ASN00092045,19980225,TMAX,280,,,a,
ASN00092045,19980226,TMAX,250,,,a,
ASN00092045,19980227,TMAX,210,,,a,
ASN00092045,19980228,TMAX,210,,,a,
ASN00092045,19980201,TMIN,130,,,a,
ASN00092045,19980202,TMIN,150,,,a,
ASN00092045,19980203,TMIN,120,,,a,
ASN00092045,19980204,TMIN,130,,,a,
ASN00092045,19980205,TMIN,130,,,a,
ASN00092045,19980206,TMIN,170,,,a,
ASN00092045,19980207,TMIN,180,,,a,
ASN00092045,19980208,TMIN,160,,,a,
ASN00092045,19980209,TMIN,100,,,a,
ASN00092045,19980210,TMIN,140,,,a,
ASN00092045,19980211,TMIN,160,,,a,
ASN00092045,19980212,TMIN,170,,,a,
ASN00092045,19980213,TMIN,120,,,a,
ASN00092045,19980214,TMIN,150,,,a,
ASN00092045,19980215,TMIN,140,,,a,
ASN00092045,19980216,TMIN,110,,,a,
ASN00092045,19980217,TMIN,70,,,a,
ASN00092045,19980218,TMIN,130,,,a,
ASN00092045,19980219,TMIN,150,,,a,
ASN00092045,19980220,TMIN,120,,,a,
ASN00092045,19980221,TMIN,90,,,a,
ASN00092045,19980222,TMIN,140,,,a,
ASN00092045,19980223,TMIN,90,,,a,
ASN00092045,19980224,TMIN,130,,,a,
ASN00092045,19980225,TMIN,150,,,a,
ASN00092045,19980226,TMIN,140,,,a,
ASN00092045,19980227,TMIN,150,,,a,
ASN00092045,19980228,TMIN,90,,,a,
ASN00092045,19980201,PRCP,0,,,a,
ASN00092045,19980202,PRCP,0,,,a,
ASN00092045,19980203,PRCP,0,,,a,
ASN00092045,19980204,PRCP,0,,,a,
ASN00092045,19980205,PRCP,0,,,a,
ASN00092045,19980206,PRCP,2,,,a,
ASN00092045,19980207,PRCP,0,,,a,
ASN00092045,19980208,PRCP,122,,,a,
ASN00092045,19980209,PRCP,2,,,a,
ASN00092045,19980210,PRCP,0,,,a,
ASN00092045,19980211,PRCP,0,,,a,
ASN00092045,19980212,PRCP,0,,,a,
ASN00092045,19980213,PRCP,0,,,a,
ASN00092045,19980214,PRCP,0,,,a,
ASN00092045,19980215,PRCP,0,,,a,
ASN00092045,19980216,PRCP,320,,,a,
ASN00092045,19980217,PRCP,30,,,a,
ASN00092045,19980218,PRCP,0,,,a,
ASN00092045,19980219,PRCP,0,,,a,
ASN00092045,19980220,PRCP,4,,,a,
ASN00092045,19980221,PRCP,2,,,a,
ASN00092045,19980222,PRCP,0,,,a,
ASN00092045,19980223,PRCP,0,,,a,
ASN00092045,19980224,PRCP,0,,,a,
ASN00092045,19980225,PRCP,0,,,a,
ASN00092045,19980226,PRCP,0,,,a,
ASN00092045,19980227,PRCP,4,,,a,
ASN00092045,19980228,PRCP,0,,,a,
ASN00092045,19980201,TAVG,182,H,,S,
ASN00092045,19980202,TAVG,190,H,,S,
ASN00092045,19980203,TAVG,170,H,,S,
ASN00092045,19980204,TAVG,181,H,,S,
ASN00092045,19980205,TAVG,189,H,,S,
ASN00092045,19980206,TAVG,189,H,,S,
ASN00092045,19980207,TAVG,192,H,,S,
ASN00092045,19980208,TAVG,149,H,,S,
ASN00092045,19980209,TAVG,177,H,,S,
ASN00092045,19980210,TAVG,186,H,,S,
ASN00092045,19980211,TAVG,202,H,,S,
ASN00092045,19980212,TAVG,168,H,,S,
ASN00092045,19980213,TAVG,171,H,,S,
ASN00092045,19980214,TAVG,180,H,,S,
ASN00092045,19980215,TAVG,151,H,,S,
ASN00092045,19980216,TAVG,125,H,,S,
ASN00092045,19980217,TAVG,167,H,,S,
ASN00092045,19980218,TAVG,188,H,,S,
ASN00092045,19980219,TAVG,159,H,,S,
ASN00092045,19980220,TAVG,145,H,,S,
ASN00092045,19980221,TAVG,170,H,,S,
ASN00092045,19980222,TAVG,130,H,,S,
ASN00092045,19980223,TAVG,155,H,,S,
ASN00092045,19980224,TAVG,183,H,,S,
ASN00092045,19980225,TAVG,202,H,,S,
ASN00092045,19980226,TAVG,192,H,,S,
ASN00092045,19980227,TAVG,152,H,,S,
ASN00092045,19980228,TAVG,166,H,,S,
ASN00092045,19980301,TMAX,200,,,a,
ASN00092045,19980302,TMAX,274,,,a,
ASN00092045,19980303,TMAX,219,,,a,
ASN00092045,19980304,TMAX,209,,,a,
ASN00092045,19980305,TMAX,195,,,a,
ASN00092045,19980306,TMAX,193,,,a,
ASN00092045,19980307,TMAX,169,,,a,
ASN00092045,19980308,TMAX,194,,,a,
ASN00092045,19980309,TMAX,195,,,a,
ASN00092045,19980310,TMAX,256,,,a,
ASN00092045,19980311,TMAX,206,,,a,
ASN00092045,19980312,TMAX,230,,,a,
ASN00092045,19980313,TMAX,230,,,a,
ASN00092045,19980314,TMAX,220,,,a,
ASN00092045,19980315,TMAX,170,,,a,
ASN00092045,19980317,TMAX,232,,,a,
ASN00092045,19980318,TMAX,225,,,a,
ASN00092045,19980319,TMAX,210,,,a,
ASN00092045,19980320,TMAX,227,,,a,
ASN00092045,19980321,TMAX,189,,,a,
ASN00092045,19980322,TMAX,272,,,a,
ASN00092045,19980323,TMAX,226,,,a,
ASN00092045,19980324,TMAX,192,,,a,
ASN00092045,19980325,TMAX,194,,,a,
ASN00092045,19980326,TMAX,210,,,a,
ASN00092045,19980327,TMAX,200,,,a,
ASN00092045,19980328,TMAX,210,,,a,
ASN00092045,19980330,TMAX,200,,,a,
ASN00092045,19980331,TMAX,190,,,a,
ASN00092045,19980301,TMIN,130,,,a,
ASN00092045,19980302,TMIN,150,,,a,
ASN00092045,19980303,TMIN,170,,,a,
ASN00092045,19980304,TMIN,150,,,a,
ASN00092045,19980305,TMIN,90,,,a,
ASN00092045,19980306,TMIN,110,,,a,
ASN00092045,19980307,TMIN,110,,,a,
ASN00092045,19980308,TMIN,110,,,a,
ASN00092045,19980309,TMIN,120,,,a,
ASN00092045,19980310,TMIN,120,,,a,
ASN00092045,19980311,TMIN,130,,,a,
ASN00092045,19980312,TMIN,160,,,a,
ASN00092045,19980313,TMIN,180,,,a,
ASN00092045,19980314,TMIN,150,,,a,
ASN00092045,19980315,TMIN,90,,,a,
ASN00092045,19980316,TMIN,90,,,a,
ASN00092045,19980318,TMIN,100,,,a,
ASN00092045,19980319,TMIN,130,,,a,
ASN00092045,19980320,TMIN,140,,,a,
ASN00092045,19980321,TMIN,130,,,a,
ASN00092045,19980322,TMIN,140,,,a,
ASN00092045,19980323,TMIN,159,,,a,
ASN00092045,19980324,TMIN,90,,,a,
ASN00092045,19980325,TMIN,110,,,a,
ASN00092045,19980326,TMIN,130,,,a,
ASN00092045,19980327,TMIN,120,,,a,
ASN00092045,19980328,TMIN,140,,,a,
ASN00092045,19980329,TMIN,90,,,a,
ASN00092045,19980331,TMIN,130,,,a,
ASN00092045,19980301,PRCP,0,,,a,
ASN00092045,19980302,PRCP,0,,,a,
ASN00092045,19980303,PRCP,0,,,a,
ASN00092045,19980304,PRCP,0,,,a,
ASN00092045,19980305,PRCP,60,,,a,
ASN00092045,19980306,PRCP,8,,,a,
ASN00092045,19980307,PRCP,0,,,a,
ASN00092045,19980308,PRCP,0,,,a,
ASN00092045,19980309,PRCP,0,,,a,
ASN00092045,19980310,PRCP,0,,,a,
ASN00092045,19980311,PRCP,2,,,a,
ASN00092045,19980312,PRCP,0,,,a,
ASN00092045,19980313,PRCP,0,,,a,
ASN00092045,19980314,PRCP,0,,,a,
ASN00092045,19980315,PRCP,0,,,a,
ASN00092045,19980316,PRCP,0,,,a,
ASN00092045,19980318,PRCP,0,,,a,
ASN00092045,19980319,PRCP,0,,,a,
ASN00092045,19980320,PRCP,0,,,a,
ASN00092045,19980321,PRCP,0,,,a,
ASN00092045,19980322,PRCP,0,,,a,
ASN00092045,19980323,PRCP,0,,,a,
ASN00092045,19980324,PRCP,0,,,a,
ASN00092045,19980325,PRCP,0,,,a,
ASN00092045,19980326,PRCP,0,,,a,
ASN00092045,19980327,PRCP,2,,,a,
ASN00092045,19980328,PRCP,0,,,a,
ASN00092045,19980329,PRCP,2,,,a,
ASN00092045,19980331,PRCP,0,,,a,
ASN00092045,19980301,TAVG,173,H,,S,
ASN00092045,19980302,TAVG,187,H,,S,
ASN00092045,19980303,TAVG,179,H,,S,
ASN00092045,19980304,TAVG,144,H,,S,
ASN00092045,19980305,TAVG,148,H,,S,
ASN00092045,19980306,TAVG,142,H,,S,
ASN00092045,19980307,TAVG,134,H,,S,
ASN00092045,19980308,TAVG,160,H,,S,
ASN00092045,19980309,TAVG,153,H,,S,
ASN00092045,19980310,TAVG,185,H,,S,
ASN00092045,19980311,TAVG,186,H,,S,
ASN00092045,19980312,TAVG,201,H,,S,
ASN00092045,19980313,TAVG,177,H,,S,
ASN00092045,19980314,TAVG,142,H,,S,
ASN00092045,19980315,TAVG,126,H,,S,
ASN00092045,19980316,TAVG,168,H,,S,
ASN00092045,19980317,TAVG,154,H,,S,
ASN00092045,19980318,TAVG,169,H,,S,
ASN00092045,19980319,TAVG,165,H,,S,
ASN00092045,19980320,TAVG,177,H,,S,
ASN00092045,19980321,TAVG,162,H,,S,
ASN00092045,19980322,TAVG,202,H,,S,
ASN00092045,19980323,TAVG,154,H,,S,
ASN00092045,19980324,TAVG,141,H,,S,
ASN00092045,19980325,TAVG,158,H,,S,
ASN00092045,19980326,TAVG,153,H,,S,
ASN00092045,19980327,TAVG,164,H,,S,
ASN00092045,19980328,TAVG,149,H,,S,
ASN00092045,19980329,TAVG,149,H,,S,
ASN00092045,19980330,TAVG,152,H,,S,
ASN00092045,19980331,TAVG,117,H,,S,
ASN00092045,19980401,TMAX,200,,,a,
ASN00092045,19980402,TMAX,190,,,a,
ASN00092045,19980403,TMAX,200,,,a,
ASN00092045,19980404,TMAX,190,,,a,
ASN00092045,19980405,TMAX,200,,,a,
ASN00092045,19980406,TMAX,210,,,a,
ASN00092045,19980407,TMAX,210,,,a,
ASN00092045,19980408,TMAX,230,,,a,
ASN00092045,19980409,TMAX,190,,,a,
ASN00092045,19980410,TMAX,180,,,a,
ASN00092045,19980411,TMAX,170,,,a,
ASN00092045,19980412,TMAX,160,,,a,
ASN00092045,19980414,TMAX,190,,,a,
ASN00092045,19980415,TMAX,190,,,a,
ASN00092045,19980416,TMAX,170,,,a,
ASN00092045,19980417,TMAX,190,,,a,
ASN00092045,19980418,TMAX,190,,,a,
ASN00092045,19980420,TMAX,170,,,a,
ASN00092045,19980421,TMAX,180,,,a,
ASN00092045,19980422,TMAX,190,,,a,
ASN00092045,19980423,TMAX,170,,,a,
ASN00092045,19980424,TMAX,170,,,a,
ASN00092045,19980425,TMAX,170,,,a,
ASN00092045,19980426,TMAX,170,,,a,
ASN00092045,19980427,TMAX,180,,,a,
ASN00092045,19980428,TMAX,160,,,a,
ASN00092045,19980429,TMAX,170,,,a,
ASN00092045,19980430,TMAX,170,,,a,
ASN00092045,19980401,TMIN,80,,,a,
ASN00092045,19980402,TMIN,80,,,a,
ASN00092045,19980403,TMIN,130,,,a,
ASN00092045,19980404,TMIN,120,,,a,
ASN00092045,19980405,TMIN,140,,,a,
ASN00092045,19980406,TMIN,110,,,a,
ASN00092045,19980407,TMIN,110,,,a,
ASN00092045,19980408,TMIN,120,,,a,
ASN00092045,19980409,TMIN,60,,,a,
ASN00092045,19980410,TMIN,90,,,a,
ASN00092045,19980411,TMIN,100,,,a,
ASN00092045,19980412,TMIN,120,,,a,
ASN00092045,19980413,TMIN,130,,,a,
ASN00092045,19980415,TMIN,90,,,a,
ASN00092045,19980416,TMIN,90,,,a,
ASN00092045,19980417,TMIN,100,,,a,
ASN00092045,19980418,TMIN,90,,,a,
ASN00092045,19980419,TMIN,100,,,a,
ASN00092045,19980421,TMIN,150,,,a,
ASN00092045,19980422,TMIN,110,,,a,
ASN00092045,19980423,TMIN,90,,,a,
ASN00092045,19980424,TMIN,90,,,a,
ASN00092045,19980425,TMIN,120,,,a,
ASN00092045,19980426,TMIN,120,,,a,
ASN00092045,19980427,TMIN,110,,,a,
ASN00092045,19980428,TMIN,100,,,a,
ASN00092045,19980429,TMIN,110,,,a,
ASN00092045,19980430,TMIN,140,,,a,
ASN00092045,19980401,PRCP,0,,,a,
ASN00092045,19980402,PRCP,0,,,a,
ASN00092045,19980403,PRCP,0,,,a,
ASN00092045,19980404,PRCP,0,,,a,
ASN00092045,19980405,PRCP,0,,,a,
ASN00092045,19980406,PRCP,0,,,a,
ASN00092045,19980407,PRCP,0,,,a,
ASN00092045,19980408,PRCP,0,,,a,
ASN00092045,19980409,PRCP,0,,,a,
ASN00092045,19980410,PRCP,0,,,a,
ASN00092045,19980411,PRCP,0,,,a,
ASN00092045,19980412,PRCP,0,,,a,
ASN00092045,19980413,PRCP,110,,,a,
ASN00092045,19980415,PRCP,0,,,a,
ASN00092045,19980416,PRCP,0,,,a,
ASN00092045,19980417,PRCP,0,,,a,
ASN00092045,19980418,PRCP,0,,,a,
ASN00092045,19980419,PRCP,0,,,a,
ASN00092045,19980421,PRCP,100,,,a,
ASN00092045,19980422,PRCP,20,,,a,
ASN00092045,19980423,PRCP,2,,,a,
ASN00092045,19980424,PRCP,0,,,a,
ASN00092045,19980425,PRCP,0,,,a,
ASN00092045,19980426,PRCP,530,,,a,
ASN00092045,19980427,PRCP,2,,,a,
ASN00092045,19980428,PRCP,2,,,a,
ASN00092045,19980429,PRCP,0,,,a,
ASN00092045,19980430,PRCP,0,,,a,
ASN00092045,19980401,TAVG,133,H,,S,
ASN00092045,19980402,TAVG,151,H,,S,
ASN00092045,19980403,TAVG,156,H,,S,
ASN00092045,19980404,TAVG,155,H,,S,
ASN00092045,19980405,TAVG,144,H,,S,
ASN00092045,19980406,TAVG,152,H,,S,
ASN00092045,19980407,TAVG,152,H,,S,
ASN00092045,19980408,TAVG,121,H,,S,
ASN00092045,19980409,TAVG,131,H,,S,
ASN00092045,19980410,TAVG,137,H,,S,
ASN00092045,19980411,TAVG,138,H,,S,
ASN00092045,19980412,TAVG,148,H,,S,
ASN00092045,19980413,TAVG,112,H,,S,
ASN00092045,19980414,TAVG,132,H,,S,
ASN00092045,19980415,TAVG,140,H,,S,
ASN00092045,19980416,TAVG,127,H,,S,
ASN00092045,19980417,TAVG,139,H,,S,
ASN00092045,19980418,TAVG,133,H,,S,
ASN00092045,19980419,TAVG,142,H,,S,
ASN00092045,19980420,TAVG,153,H,,S,
ASN00092045,19980421,TAVG,136,H,,S,
ASN00092045,19980422,TAVG,133,H,,S,
ASN00092045,19980423,TAVG,123,H,,S,
ASN00092045,19980424,TAVG,156,H,,S,
ASN00092045,19980425,TAVG,138,H,,S,
ASN00092045,19980426,TAVG,137,H,,S,
ASN00092045,19980427,TAVG,129,H,,S,
ASN00092045,19980428,TAVG,133,H,,S,
ASN00092045,19980429,TAVG,148,H,,S,
ASN00092045,19980430,TAVG,100,H,,S,
ASN00092045,19980501,TMAX,189,,,a,
ASN00092045,19980502,TMAX,163,,,a,
ASN00092045,19980503,TMAX,157,,,a,
ASN00092045,19980504,TMAX,160,,,a,
ASN00092045,19980505,TMIN,124,,,a,
ASN00092045,19980501,PRCP,6,,,a,
ASN00092045,19980502,PRCP,0,,,a,
ASN00092045,19980503,PRCP,0,,,a,
ASN00092045,19980504,PRCP,0,,,a,
ASN00092045,19980505,PRCP,60,,,a,
ASN00092045,19980506,PRCP,2,,,a,
ASN00092045,19980507,PRCP,2,,,a,
ASN00092045,19980509,PRCP,0,,,a,
ASN00092045,19980510,PRCP,0,,,a,
ASN00092045,19980511,PRCP,0,,,a,
ASN00092045,19980512,PRCP,0,,,a,
ASN00092045,19980513,PRCP,0,,,a,
ASN00092045,19980514,PRCP,0,,,a,
ASN00092045,19980515,PRCP,0,,,a,
ASN00092045,19980516,PRCP,0,,,a,
ASN00092045,19980517,PRCP,4,,,a,
ASN00092045,19980518,PRCP,0,,,a,
ASN00092045,19980519,PRCP,30,,,a,
ASN00092045,19980520,PRCP,40,,,a,
ASN00092045,19980521,PRCP,10,,,a,
ASN00092045,19980522,PRCP,2,,,a,
ASN00092045,19980523,PRCP,20,,,a,
ASN00092045,19980524,PRCP,30,,,a,
ASN00092045,19980525,PRCP,0,,,a,
ASN00092045,19980526,PRCP,2,,,a,
ASN00092045,19980527,PRCP,0,,,a,
ASN00092045,19980528,PRCP,0,,,a,
ASN00092045,19980529,PRCP,0,,,a,
ASN00092045,19980530,PRCP,0,,,a,
ASN00092045,19980531,PRCP,0,,,a,
ASN00092045,19980501,TAVG,112,H,,S,
ASN00092045,19980502,TAVG,117,H,,S,
ASN00092045,19980503,TAVG,129,H,,S,
ASN00092045,19980504,TAVG,133,H,,S,
ASN00092045,19980505,TAVG,135,H,,S,
ASN00092045,19980506,TAVG,118,H,,S,
ASN00092045,19980507,TAVG,96,H,,S,
ASN00092045,19980508,TAVG,97,H,,S,
ASN00092045,19980509,TAVG,99,H,,S,
ASN00092045,19980510,TAVG,135,H,,S,
ASN00092045,19980511,TAVG,119,H,,S,
ASN00092045,19980512,TAVG,113,H,,S,
ASN00092045,19980513,TAVG,111,H,,S,
ASN00092045,19980514,TAVG,132,H,,S,
ASN00092045,19980515,TAVG,144,H,,S,
ASN00092045,19980516,TAVG,131,H,,S,
ASN00092045,19980517,TAVG,137,H,,S,
ASN00092045,19980518,TAVG,135,H,,S,
ASN00092045,19980519,TAVG,140,H,,S,
ASN00092045,19980520,TAVG,136,H,,S,
ASN00092045,19980521,TAVG,126,H,,S,
ASN00092045,19980522,TAVG,131,H,,S,
ASN00092045,19980523,TAVG,118,H,,S,
ASN00092045,19980524,TAVG,120,H,,S,
ASN00092045,19980525,TAVG,112,H,,S,
ASN00092045,19980526,TAVG,119,H,,S,
ASN00092045,19980527,TAVG,140,H,,S,
ASN00092045,19980528,TAVG,140,H,,S,
ASN00092045,19980529,TAVG,138,H,,S,
ASN00092045,19980530,TAVG,107,H,,S,
ASN00092045,19980531,TAVG,109,H,,S,
ASN00092045,19980601,TMAX,156,,,a,
ASN00092045,19980602,TMAX,117,,,a,
ASN00092045,19980603,TMAX,148,,,a,
ASN00092045,19980604,TMAX,160,,,a,
ASN00092045,19980605,TMAX,160,,,a,
ASN00092045,19980606,TMAX,140,,,a,
ASN00092045,19980607,TMAX,120,,,a,
ASN00092045,19980608,TMAX,140,,,a,
ASN00092045,19980609,TMAX,158,,,a,
ASN00092045,19980610,TMAX,132,,,a,
ASN00092045,19980611,TMAX,130,,,a,
ASN00092045,19980612,TMAX,141,,,a,
ASN00092045,19980613,TMAX,148,,,a,
ASN00092045,19980614,TMAX,145,,,a,
ASN00092045,19980615,TMAX,129,,,a,
ASN00092045,19980616,TMAX,130,,,a,
ASN00092045,19980620,TMAX,140,,,a,
ASN00092045,19980621,TMAX,154,,,a,
ASN00092045,19980622,TMAX,109,,,a,
ASN00092045,19980623,TMAX,111,,,a,
ASN00092045,19980624,TMAX,120,,,a,
ASN00092045,19980625,TMAX,120,,,a,
ASN00092045,19980626,TMAX,124,,,a,
ASN00092045,19980627,TMAX,120,,,a,
ASN00092045,19980628,TMAX,130,,,a,
ASN00092045,19980629,TMAX,150,,,a,
ASN00092045,19980630,TMAX,140,,,a,
ASN00092045,19980601,TMIN,80,,,a,
ASN00092045,19980602,TMIN,70,,,a,
ASN00092045,19980603,TMIN,70,,,a,
ASN00092045,19980604,TMIN,110,,,a,
ASN00092045,19980605,TMIN,140,,,a,
ASN00092045,19980606,TMIN,130,,,a,
ASN00092045,19980607,TMIN,100,,,a,
ASN00092045,19980608,TMIN,90,,,a,
ASN00092045,19980609,TMIN,100,,,a,
ASN00092045,19980610,TMIN,100,,,a,
ASN00092045,19980611,TMIN,100,,,a,
ASN00092045,19980612,TMIN,110,,,a,
ASN00092045,19980613,TMIN,100,,,a,
ASN00092045,19980614,TMIN,80,,,a,
ASN00092045,19980615,TMIN,90,,,a,
ASN00092045,19980616,TMIN,40,,,a,
ASN00092045,19980617,TMIN,30,,,a,
ASN00092045,19980621,TMIN,120,,,a,
ASN00092045,19980622,TMIN,30,,,a,
ASN00092045,19980623,TMIN,80,,,a,
ASN00092045,19980624,TMIN,90,,,a,
ASN00092045,19980625,TMIN,100,,,a,
ASN00092045,19980626,TMIN,50,,,a,
ASN00092045,19980627,TMIN,70,,,a,
ASN00092045,19980628,TMIN,50,,,a,
ASN00092045,19980629,TMIN,90,,,a,
ASN00092045,19980630,TMIN,60,,,a,
ASN00092045,19980601,PRCP,0,,,a,
ASN00092045,19980602,PRCP,12,,,a,
ASN00092045,19980603,PRCP,6,,,a,
ASN00092045,19980604,PRCP,2,,,a,
ASN00092045,19980605,PRCP,0,,,a,
ASN00092045,19980606,PRCP,0,,,a,
ASN00092045,19980607,PRCP,130,,,a,
ASN00092045,19980608,PRCP,10,,,a,
ASN00092045,19980609,PRCP,0,,,a,
ASN00092045,19980610,PRCP,2,,,a,
ASN00092045,19980611,PRCP,0,,,a,
ASN00092045,19980612,PRCP,0,,,a,
ASN00092045,19980613,PRCP,78,,,a,
ASN00092045,19980614,PRCP,6,,,a,
ASN00092045,19980615,PRCP,44,,,a,
ASN00092045,19980616,PRCP,20,,,a,
ASN00092045,19980617,PRCP,0,,,a,
ASN00092045,19980618,PRCP,0,,,a,
ASN00092045,19980619,PRCP,0,,,a,
ASN00092045,19980620,PRCP,0,,,a,
ASN00092045,19980621,PRCP,0,,,a,
ASN00092045,19980622,PRCP,132,,,a,
ASN00092045,19980623,PRCP,12,,,a,
ASN00092045,19980624,PRCP,64,,,a,
ASN00092045,19980625,PRCP,0,,,a,
ASN00092045,19980626,PRCP,0,,,a,
ASN00092045,19980627,PRCP,0,,,a,
ASN00092045,19980628,PRCP,0,,,a,
ASN00092045,19980629,PRCP,4,,,a,
ASN00092045,19980630,PRCP,0,,,a,
ASN00092045,19980601,TAVG,109,H,,S,
ASN00092045,19980602,TAVG,93,H,,S,
ASN00092045,19980603,TAVG,132,H,,S,
ASN00092045,19980604,TAVG,140,H,,S,
ASN00092045,19980605,TAVG,141,H,,S,
ASN00092045,19980606,TAVG,117,H,,S,
ASN00092045,19980607,TAVG,100,H,,S,
ASN00092045,19980608,TAVG,110,H,,S,
ASN00092045,19980609,TAVG,111,H,,S,
ASN00092045,19980610,TAVG,115,H,,S,
ASN00092045,19980611,TAVG,128,H,,S,
ASN00092045,19980612,TAVG,113,H,,S,
ASN00092045,19980613,TAVG,116,H,,S,
ASN00092045,19980614,TAVG,109,H,,S,
ASN00092045,19980615,TAVG,84,H,,S,
ASN00092045,19980616,TAVG,76,H,,S,
ASN00092045,19980620,TAVG,132,H,,S,
ASN00092045,19980621,TAVG,104,H,,S,
ASN00092045,19980622,TAVG,99,H,,S,
ASN00092045,19980623,TAVG,97,H,,S,
ASN00092045,19980624,TAVG,111,H,,S,
ASN00092045,19980625,TAVG,93,H,,S,
ASN00092045,19980626,TAVG,98,H,,S,
ASN00092045,19980627,TAVG,84,H,,S,
ASN00092045,19980628,TAVG,104,H,,S,
ASN00092045,19980629,TAVG,104,H,,S,
ASN00092045,19980630,TAVG,88,H,,S,
ASN00092045,19980701,TMAX,140,,,a,
ASN00092045,19980702,TMAX,140,,,a,
ASN00092045,19980703,TMAX,150,,,a,
ASN00092045,19980704,TMAX,130,,,a,
ASN00092045,19980705,TMAX,150,,,a,
ASN00092045,19980706,TMAX,157,,,a,
ASN00092045,19980707,TMAX,134,,,a,
ASN00092045,19980708,TMAX,130,,,a,
ASN00092045,19980709,TMAX,90,,,a,
ASN00092045,19980710,TMAX,121,,,a,
ASN00092045,19980711,TMAX,128,,,a,
ASN00092045,19980712,TMAX,140,,,a,
ASN00092045,19980713,TMAX,130,,,a,
ASN00092045,19980714,TMAX,147,,,a,
ASN00092045,19980715,TMAX,150,,,a,
ASN00092045,19980716,TMAX,130,,,a,
ASN00092045,19980717,TMAX,140,,,a,
ASN00092045,19980718,TMAX,130,,,a,
ASN00092045,19980719,TMAX,144,,,a,
ASN00092045,19980720,TMAX,126,,,a,
ASN00092045,19980721,TMAX,112,,,a,
ASN00092045,19980722,TMAX,150,,,a,
ASN00092045,19980723,TMAX,144,,,a,
ASN00092045,19980724,TMAX,144,,,a,
ASN00092045,19980725,TMAX,133,,,a,
ASN00092045,19980726,TMAX,147,,,a,
ASN00092045,19980727,TMAX,152,,,a,
ASN00092045,19980728,TMAX,123,,,a,
ASN00092045,19980729,TMAX,130,,,a,
ASN00092045,19980730,TMAX,150,,,a,
ASN00092045,19980731,TMAX,150,,,a,
ASN00092045,19980701,TMIN,40,,,a,
ASN00092045,19980702,TMIN,50,,,a,
ASN00092045,19980703,TMIN,60,,,a,
ASN00092045,19980704,TMIN,70,,,a,
ASN00092045,19980705,TMIN,70,,,a,
ASN00092045,19980706,TMIN,110,,,a,
ASN00092045,19980707,TMIN,90,,,a,
ASN00092045,19980708,TMIN,110,,,a,
ASN00092045,19980709,TMIN,60,,,a,
ASN00092045,19980710,TMIN,50,,,a,
ASN00092045,19980711,TMIN,30,,,a,
ASN00092045,19980712,TMIN,60,,,a,
ASN00092045,19980713,TMIN,80,,,a,
ASN00092045,19980714,TMIN,50,,,a,
ASN00092045,19980715,TMIN,70,,,a,
ASN00092045,19980716,TMIN,30,,,a,
ASN00092045,19980717,TMIN,60,,,a,
ASN00092045,19980718,TMIN,70,,,a,
ASN00092045,19980719,TMIN,50,,,a,
ASN00092045,19980720,TMIN,60,,,a,
ASN00092045,19980721,TMIN,90,,,a,
ASN00092045,19980722,TMIN,60,,,a,
ASN00092045,19980723,TMIN,50,,,a,
ASN00092045,19980724,TMIN,50,,,a,
ASN00092045,19980725,TMIN,60,,,a,
ASN00092045,19980726,TMIN,90,,,a,
ASN00092045,19980727,TMIN,120,,,a,
ASN00092045,19980728,TMIN,100,,,a,
ASN00092045,19980729,TMIN,70,,,a,
ASN00092045,19980730,TMIN,40,,,a,
ASN00092045,19980731,TMIN,60,,,a,
ASN00092045,19980701,PRCP,0,,,a,
ASN00092045,19980702,PRCP,0,,,a,
ASN00092045,19980703,PRCP,0,,,a,
ASN00092045,19980704,PRCP,0,,,a,
ASN00092045,19980705,PRCP,2,,,a,
ASN00092045,19980706,PRCP,30,,,a,
ASN00092045,19980707,PRCP,0,,,a,
ASN00092045,19980708,PRCP,4,,,a,
ASN00092045,19980709,PRCP,28,,,a,
ASN00092045,19980710,PRCP,66,,,a,
ASN00092045,19980711,PRCP,0,,,a,
ASN00092045,19980712,PRCP,0,,,a,
ASN00092045,19980713,PRCP,0,,,a,
ASN00092045,19980714,PRCP,0,,,a,
ASN00092045,19980715,PRCP,0,,,a,
ASN00092045,19980716,PRCP,0,,,a,
ASN00092045,19980717,PRCP,0,,,a,
ASN00092045,19980718,PRCP,0,,,a,
ASN00092045,19980719,PRCP,0,,,a,
ASN00092045,19980720,PRCP,0,,,a,
ASN00092045,19980721,PRCP,116,,,a,
ASN00092045,19980722,PRCP,168,,,a,
ASN00092045,19980723,PRCP,0,,,a,
ASN00092045,19980724,PRCP,0,,,a,
ASN00092045,19980725,PRCP,0,,,a,
ASN00092045,19980726,PRCP,6,,,a,
ASN00092045,19980727,PRCP,48,,,a,
ASN00092045,19980728,PRCP,12,,,a,
ASN00092045,19980729,PRCP,48,,,a,
ASN00092045,19980730,PRCP,0,,,a,
ASN00092045,19980731,PRCP,0,,,a,
ASN00092045,19980701,TAVG,100,H,,S,
ASN00092045,19980702,TAVG,97,H,,S,
ASN00092045,19980703,TAVG,101,H,,S,
ASN00092045,19980704,TAVG,101,H,,S,
ASN00092045,19980705,TAVG,129,H,,S,
ASN00092045,19980706,TAVG,119,H,,S,
ASN00092045,19980707,TAVG,117,H,,S,
ASN00092045,19980708,TAVG,101,H,,S,
ASN00092045,19980709,TAVG,77,H,,S,
ASN00092045,19980710,TAVG,78,H,,S,
ASN00092045,19980711,TAVG,89,H,,S,
ASN00092045,19980712,TAVG,97,H,,S,
ASN00092045,19980713,TAVG,79,H,,S,
ASN00092045,19980714,TAVG,91,H,,S,
ASN00092045,19980715,TAVG,91,H,,S,
ASN00092045,19980716,TAVG,92,H,,S,
ASN00092045,19980717,TAVG,98,H,,S,
ASN00092045,19980718,TAVG,89,H,,S,
ASN00092045,19980719,TAVG,88,H,,S,
ASN00092045,19980720,TAVG,109,H,,S,
ASN00092045,19980721,TAVG,93,H,,S,
ASN00092045,19980722,TAVG,96,H,,S,
ASN00092045,19980723,TAVG,92,H,,S,
ASN00092045,19980724,TAVG,102,H,,S,
ASN00092045,19980725,TAVG,114,H,,S,
ASN00092045,19980726,TAVG,130,H,,S,
ASN00092045,19980727,TAVG,123,H,,S,
ASN00092045,19980728,TAVG,103,H,,S,
ASN00092045,19980729,TAVG,86,H,,S,
ASN00092045,19980730,TAVG,98,H,,S,
ASN00092045,19980731,TAVG,88,H,,S,
ASN00092045,19980801,TMAX,130,,,a,
ASN00092045,19980802,TMAX,150,,,a,
ASN00092045,19980803,TMAX,150,,,a,
ASN00092045,19980804,TMAX,140,,,a,
ASN00092045,19980805,TMAX,160,,,a,
ASN00092045,19980806,TMAX,140,,,a,
ASN00092045,19980807,TMAX,140,,,a,
ASN00092045,19980808,TMAX,170,,,a,
ASN00092045,19980809,TMAX,160,,,a,
ASN00092045,19980810,TMAX,150,,,a,
ASN00092045,19980811,TMAX,130,,,a,
ASN00092045,19980812,TMAX,120,,,a,
ASN00092045,19980813,TMAX,140,,,a,
ASN00092045,19980814,TMAX,140,,,a,
ASN00092045,19980815,TMAX,130,,,a,
ASN00092045,19980816,TMAX,120,,,a,
ASN00092045,19980818,TMAX,150,,,a,
ASN00092045,19980819,TMAX,150,,,a,
ASN00092045,19980820,TMAX,150,,,a,
ASN00092045,19980821,TMAX,150,,,a,
ASN00092045,19980822,TMAX,170,,,a,
ASN00092045,19980823,TMAX,140,,,a,
ASN00092045,19980824,TMAX,150,,,a,
ASN00092045,19980825,TMAX,150,,,a,
ASN00092045,19980826,TMAX,150,,,a,
ASN00092045,19980827,TMAX,160,,,a,
ASN00092045,19980828,TMAX,150,,,a,
ASN00092045,19980829,TMAX,160,,,a,
ASN00092045,19980830,TMAX,130,,,a,
ASN00092045,19980831,TMAX,130,,,a,
ASN00092045,19980801,TMIN,50,,,a,
ASN00092045,19980802,TMIN,80,,,a,
ASN00092045,19980803,TMIN,90,,,a,
ASN00092045,19980804,TMIN,100,,,a,
ASN00092045,19980805,TMIN,70,,,a,
ASN00092045,19980806,TMIN,70,,,a,
ASN00092045,19980807,TMIN,100,,,a,
ASN00092045,19980808,TMIN,100,,,a,
ASN00092045,19980809,TMIN,70,,,a,
ASN00092045,19980810,TMIN,110,,,a,
ASN00092045,19980811,TMIN,70,,,a,
ASN00092045,19980812,TMIN,40,,,a,
ASN00092045,19980813,TMIN,70,,,a,
ASN00092045,19980814,TMIN,50,,,a,
ASN00092045,19980815,TMIN,70,,,a,
ASN00092045,19980816,TMIN,60,,,a,
ASN00092045,19980817,TMIN,70,,,a,
ASN00092045,19980819,TMIN,70,,,a,
ASN00092045,19980820,TMIN,70,,,a,
ASN00092045,19980821,TMIN,110,,,a,
ASN00092045,19980822,TMIN,120,,,a,
ASN00092045,19980823,TMIN,70,,,a,
ASN00092045,19980824,TMIN,40,,,a,
ASN00092045,19980825,TMIN,70,,,a,
ASN00092045,19980826,TMIN,80,,,a,
ASN00092045,19980827,TMIN,60,,,a,
ASN00092045,19980828,TMIN,50,,,a,
ASN00092045,19980829,TMIN,90,,,a,
ASN00092045,19980830,TMIN,90,,,a,
ASN00092045,19980831,TMIN,70,,,a,
ASN00092045,19980801,PRCP,0,,,a,
ASN00092045,19980802,PRCP,0,,,a,
ASN00092045,19980803,PRCP,2,,,a,
ASN00092045,19980804,PRCP,2,,,a,
ASN00092045,19980805,PRCP,2,,,a,
ASN00092045,19980806,PRCP,6,,,a,
ASN00092045,19980807,PRCP,0,,,a,
ASN00092045,19980808,PRCP,4,,,a,
ASN00092045,19980809,PRCP,0,,,a,
ASN00092045,19980810,PRCP,0,,,a,
ASN00092045,19980811,PRCP,10,,,a,
ASN00092045,19980812,PRCP,0,,,a,
ASN00092045,19980813,PRCP,0,,,a,
ASN00092045,19980814,PRCP,0,,,a,
ASN00092045,19980815,PRCP,0,,,a,
ASN00092045,19980816,PRCP,10,,,a,
ASN00092045,19980817,PRCP,10,,,a,
ASN00092045,19980819,PRCP,0,,,a,
ASN00092045,19980820,PRCP,0,,,a,
ASN00092045,19980821,PRCP,0,,,a,
ASN00092045,19980822,PRCP,70,,,a,
ASN00092045,19980823,PRCP,8,,,a,
ASN00092045,19980824,PRCP,10,,,a,
ASN00092045,19980825,PRCP,0,,,a,
ASN00092045,19980826,PRCP,2,,,a,
ASN00092045,19980827,PRCP,0,,,a,
ASN00092045,19980828,PRCP,0,,,a,
ASN00092045,19980829,PRCP,2,,,a,
ASN00092045,19980830,PRCP,70,,,a,
ASN00092045,19980831,PRCP,0,,,a,
ASN00092045,19980801,TAVG,98,H,,S,
ASN00092045,19980802,TAVG,108,H,,S,
ASN00092045,19980803,TAVG,118,H,,S,
ASN00092045,19980804,TAVG,116,H,,S,
ASN00092045,19980805,TAVG,112,H,,S,
ASN00092045,19980806,TAVG,117,H,,S,
ASN00092045,19980807,TAVG,118,H,,S,
ASN00092045,19980808,TAVG,108,H,,S,
ASN00092045,19980809,TAVG,124,H,,S,
ASN00092045,19980810,TAVG,117,H,,S,
ASN00092045,19980811,TAVG,77,H,,S,
ASN00092045,19980812,TAVG,96,H,,S,
ASN00092045,19980813,TAVG,86,H,,S,
ASN00092045,19980814,TAVG,102,H,,S,
ASN00092045,19980815,TAVG,82,H,,S,
ASN00092045,19980817,TAVG,109,H,,S,
ASN00092045,19980818,TAVG,109,H,,S,
ASN00092045,19980819,TAVG,107,H,,S,
ASN00092045,19980820,TAVG,126,H,,S,
ASN00092045,19980821,TAVG,131,H,,S,
ASN00092045,19980822,TAVG,117,H,,S,
ASN00092045,19980823,TAVG,87,H,,S,
ASN00092045,19980824,TAVG,101,H,,S,
ASN00092045,19980825,TAVG,119,H,,S,
ASN00092045,19980826,TAVG,98,H,,S,
ASN00092045,19980827,TAVG,101,H,,S,
ASN00092045,19980828,TAVG,116,H,,S,
ASN00092045,19980829,TAVG,109,H,,S,
ASN00092045,19980830,TAVG,99,H,,S,
ASN00092045,19980831,TAVG,101,H,,S,
ASN00092045,19980901,TMAX,165,,,a,
ASN00092045,19980902,TMAX,157,,,a,
ASN00092045,19980903,TMAX,150,,,a,
ASN00092045,19980904,TMAX,159,,,a,
ASN00092045,19980905,TMAX,154,,,a,
ASN00092045,19980906,TMAX,155,,,a,
ASN00092045,19980907,TMAX,157,,,a,
ASN00092045,19980908,TMAX,150,,,a,
ASN00092045,19980909,TMAX,150,,,a,
ASN00092045,19980910,TMAX,150,,,a,
ASN00092045,19980911,TMAX,140,,,a,
ASN00092045,19980912,TMAX,160,,,a,
ASN00092045,19980913,TMAX,178,,,a,
ASN00092045,19980914,TMAX,147,,,a,
ASN00092045,19980915,TMAX,110,,,a,
ASN00092045,19980916,TMAX,143,,,a,
ASN00092045,19980917,TMAX,164,,,a,
ASN00092045,19980918,TMAX,193,,,a,
ASN00092045,19980919,TMAX,139,,,a,
ASN00092045,19980920,TMAX,180,,,a,
ASN00092045,19980921,TMAX,150,,,a,
ASN00092045,19980922,TMAX,164,,,a,
ASN00092045,19980923,TMAX,150,,,a,
ASN00092045,19980924,TMAX,150,,,a,
ASN00092045,19980925,TMAX,140,,,a,
ASN00092045,19980929,TMAX,207,,,a,
ASN00092045,19980930,TMAX,171,,,a,
ASN00092045,19980901,TMIN,70,,,a,
ASN00092045,19980902,TMIN,90,,,a,
ASN00092045,19980903,TMIN,100,,,a,
ASN00092045,19980904,TMIN,110,,,a,
ASN00092045,19980905,TMIN,70,,,a,
ASN00092045,19980906,TMIN,70,,,a,
ASN00092045,19980907,TMIN,90,,,a,
ASN00092045,19980908,TMIN,60,,,a,
ASN00092045,19980909,TMIN,70,,,a,
ASN00092045,19980910,TMIN,60,,,a,
ASN00092045,19980911,TMIN,90,,,a,
ASN00092045,19980912,TMIN,120,,,a,
ASN00092045,19980913,TMIN,100,,,a,
ASN00092045,19980914,TMIN,90,,,a,
ASN00092045,19980915,TMIN,50,,,a,
ASN00092045,19980916,TMIN,30,,,a,
ASN00092045,19980917,TMIN,90,,,a,
ASN00092045,19980918,TMIN,110,,,a,
ASN00092045,19980919,TMIN,100,,,a,
ASN00092045,19980920,TMIN,70,,,a,
ASN00092045,19980921,TMIN,60,,,a,
ASN00092045,19980922,TMIN,120,,,a,
ASN00092045,19980923,TMIN,130,,,a,
ASN00092045,19980924,TMIN,70,,,a,
ASN00092045,19980925,TMIN,70,,,a,
ASN00092045,19980926,TMIN,90,,,a,
ASN00092045,19980930,TMIN,110,,,a,
ASN00092045,19980901,PRCP,0,,,a,
ASN00092045,19980902,PRCP,0,,,a,
ASN00092045,19980903,PRCP,0,,,a,
ASN00092045,19980904,PRCP,4,,,a,
ASN00092045,19980905,PRCP,0,,,a,
ASN00092045,19980906,PRCP,0,,,a,
ASN00092045,19980907,PRCP,0,,,a,
ASN00092045,19980908,PRCP,0,,,a,
ASN00092045,19980909,PRCP,0,,,a,
ASN00092045,19980910,PRCP,0,,,a,
ASN00092045,19980911,PRCP,2,,,a,
ASN00092045,19980912,PRCP,4,,,a,
ASN00092045,19980913,PRCP,4,,,a,
ASN00092045,19980914,PRCP,4,,,a,
ASN00092045,19980915,PRCP,40,,,a,
ASN00092045,19980916,PRCP,4,,,a,
ASN00092045,19980917,PRCP,2,,,a,
ASN00092045,19980918,PRCP,2,,,a,
ASN00092045,19980919,PRCP,4,,,a,
ASN00092045,19980920,PRCP,46,,,a,
ASN00092045,19980921,PRCP,0,,,a,
ASN00092045,19980922,PRCP,8,,,a,
ASN00092045,19980923,PRCP,112,,,a,
ASN00092045,19980924,PRCP,90,,,a,
ASN00092045,19980925,PRCP,180,,,a,
ASN00092045,19980926,PRCP,0,,,a,
ASN00092045,19980929,PRCP,0,,,a,
ASN00092045,19980930,PRCP,0,,,a,
ASN00092045,19980928,DAPR,2,,,a,
ASN00092045,19980928,DWPR,2,,,a,
ASN00092045,19980928,MDPR,50,,,a,
ASN00092045,19980901,TAVG,126,H,,S,
ASN00092045,19980902,TAVG,117,H,,S,
ASN00092045,19980903,TAVG,124,H,,S,
ASN00092045,19980904,TAVG,113,H,,S,
ASN00092045,19980905,TAVG,103,H,,S,
ASN00092045,19980906,TAVG,116,H,,S,
ASN00092045,19980907,TAVG,104,H,,S,
ASN00092045,19980908,TAVG,103,H,,S,
ASN00092045,19980909,TAVG,99,H,,S,
ASN00092045,19980910,TAVG,115,H,,S,
ASN00092045,19980911,TAVG,136,H,,S,
ASN00092045,19980912,TAVG,132,H,,S,
ASN00092045,19980913,TAVG,126,H,,S,
ASN00092045,19980914,TAVG,88,H,,S,
ASN00092045,19980915,TAVG,62,H,,S,
ASN00092045,19980916,TAVG,113,H,,S,
ASN00092045,19980917,TAVG,131,H,,S,
ASN00092045,19980918,TAVG,130,H,,S,
ASN00092045,19980919,TAVG,105,H,,S,
ASN00092045,19980920,TAVG,112,H,,S,
ASN00092045,19980921,TAVG,133,H,,S,
ASN00092045,19980922,TAVG,141,H,,S,
ASN00092045,19980923,TAVG,113,H,,S,
ASN00092045,19980924,TAVG,96,H,,S,
ASN00092045,19980925,TAVG,115,H,,S,
ASN00092045,19980930,TAVG,127,H,,S,
ASN00092045,19981001,TMAX,150,,,a,
ASN00092045,19981002,TMAX,180,,,a,
ASN00092045,19981003,TMAX,150,,,a,
ASN00092045,19981004,TMAX,170,,,a,
ASN00092045,19981005,TMAX,150,,,a,
ASN00092045,19981006,TMAX,140,,,a,
ASN00092045,19981007,TMAX,150,,,a,
ASN00092045,19981008,TMAX,160,,,a,
ASN00092045,19981009,TMAX,150,,,a,
ASN00092045,19981010,TMAX,160,,,a,
ASN00092045,19981011,TMAX,160,,,a,
ASN00092045,19981013,TMAX,150,,,a,
ASN00092045,19981014,TMAX,170,,,a,
ASN00092045,19981015,TMAX,170,,,a,
ASN00092045,19981016,TMAX,170,,,a,
ASN00092045,19981017,TMAX,170,,,a,
ASN00092045,19981018,TMAX,160,,,a,
ASN00092045,19981019,TMAX,150,,,a,
ASN00092045,19981020,TMAX,160,,,a,
ASN00092045,19981021,TMAX,160,,,a,
ASN00092045,19981022,TMAX,160,,,a,
ASN00092045,19981023,TMAX,170,,,a,
ASN00092045,19981024,TMAX,170,,,a,
ASN00092045,19981025,TMAX,170,,,a,
ASN00092045,19981026,TMAX,170,,,a,
ASN00092045,19981027,TMAX,140,,,a,
ASN00092045,19981028,TMAX,150,,,a,
ASN00092045,19981029,TMAX,160,,,a,
ASN00092045,19981030,TMAX,200,,,a,
ASN00092045,19981031,TMAX,150,,,a,
ASN00092045,19981001,TMIN,100,,,a,
ASN00092045,19981002,TMIN,110,,,a,
ASN00092045,19981003,TMIN,100,,,a,
ASN00092045,19981004,TMIN,100,,,a,
ASN00092045,19981005,TMIN,70,,,a,
ASN00092045,19981006,TMIN,100,,,a,
ASN00092045,19981007,TMIN,40,,,a,
ASN00092045,19981008,TMIN,50,,,a,
ASN00092045,19981009,TMIN,70,,,a,
ASN00092045,19981010,TMIN,70,,,a,
ASN00092045,19981011,TMIN,110,,,a,
ASN00092045,19981012,TMIN,80,,,a,
ASN00092045,19981014,TMIN,80,,,a,
ASN00092045,19981015,TMIN,110,,,a,
ASN00092045,19981016,TMIN,90,,,a,
ASN00092045,19981017,TMIN,90,,,a,
ASN00092045,19981018,TMIN,120,,,a,
ASN00092045,19981019,TMIN,90,,,a,
ASN00092045,19981020,TMIN,30,,,a,
ASN00092045,19981021,TMIN,30,,,a,
ASN00092045,19981022,TMIN,50,,,a,
ASN00092045,19981023,TMIN,80,,,a,
ASN00092045,19981024,TMIN,110,,,a,
ASN00092045,19981025,TMIN,120,,,a,
ASN00092045,19981026,TMIN,120,,,a,
ASN00092045,19981027,TMIN,60,,,a,
ASN00092045,19981028,TMIN,70,,,a,
ASN00092045,19981029,TMIN,70,,,a,
ASN00092045,19981030,TMIN,80,,,a,
ASN00092045,19981031,TMIN,90,,,a,
ASN00092045,19981001,PRCP,0,,,a,
ASN00092045,19981002,PRCP,88,,,a,
ASN00092045,19981003,PRCP,118,,,a,
ASN00092045,19981004,PRCP,10,,,a,
ASN00092045,19981005,PRCP,0,,,a,
ASN00092045,19981006,PRCP,70,,,a,
ASN00092045,19981007,PRCP,2,,,a,
ASN00092045,19981008,PRCP,0,,,a,
ASN00092045,19981009,PRCP,0,,,a,
ASN00092045,19981010,PRCP,0,,,a,
ASN00092045,19981011,PRCP,0,,,a,
ASN00092045,19981014,PRCP,8,,,a,
ASN00092045,19981015,PRCP,10,,,a,
ASN00092045,19981016,PRCP,0,,,a,
ASN00092045,19981017,PRCP,0,,,a,
ASN00092045,19981018,PRCP,56,,,a,
ASN00092045,19981019,PRCP,0,,,a,
ASN00092045,19981020,PRCP,2,,,a,
ASN00092045,19981021,PRCP,0,,,a,
ASN00092045,19981022,PRCP,0,,,a,
ASN00092045,19981023,PRCP,0,,,a,
ASN00092045,19981024,PRCP,0,,,a,
ASN00092045,19981025,PRCP,0,,,a,
ASN00092045,19981026,PRCP,0,,,a,
ASN00092045,19981027,PRCP,0,,,a,
ASN00092045,19981028,PRCP,0,,,a,
ASN00092045,19981029,PRCP,0,,,a,
ASN00092045,19981030,PRCP,0,,,a,
ASN00092045,19981031,PRCP,6,,,a,
ASN00092045,19981013,DAPR,2,,,a,
ASN00092045,19981013,DWPR,2,,,a,
ASN00092045,19981013,MDPR,200,,,a,
ASN00092045,19981001,TAVG,130,H,,S,
ASN00092045,19981002,TAVG,119,H,,S,
ASN00092045,19981003,TAVG,118,H,,S,
ASN00092045,19981004,TAVG,121,H,,S,
ASN00092045,19981005,TAVG,126,H,,S,
ASN00092045,19981006,TAVG,93,H,,S,
ASN00092045,19981007,TAVG,93,H,,S,
ASN00092045,19981008,TAVG,104,H,,S,
ASN00092045,19981009,TAVG,105,H,,S,
ASN00092045,19981010,TAVG,127,H,,S,
ASN00092045,19981011,TAVG,114,H,,S,
ASN00092045,19981014,TAVG,126,H,,S,
ASN00092045,19981015,TAVG,126,H,,S,
ASN00092045,19981016,TAVG,126,H,,S,
ASN00092045,19981017,TAVG,146,H,,S,
ASN00092045,19981018,TAVG,117,H,,S,
ASN00092045,19981019,TAVG,87,H,,S,
ASN00092045,19981020,TAVG,103,H,,S,
ASN00092045,19981021,TAVG,99,H,,S,
ASN00092045,19981022,TAVG,113,H,,S,
ASN00092045,19981023,TAVG,133,H,,S,
ASN00092045,19981024,TAVG,138,H,,S,
ASN00092045,19981025,TAVG,137,H,,S,
ASN00092045,19981026,TAVG,109,H,,S,
ASN00092045,19981027,TAVG,102,H,,S,
ASN00092045,19981028,TAVG,106,H,,S,
ASN00092045,19981029,TAVG,120,H,,S,
ASN00092045,19981030,TAVG,133,H,,S,
ASN00092045,19981031,TAVG,99,H,,S,
ASN00092045,19981101,TMAX,150,,,a,
ASN00092045,19981102,TMAX,160,,,a,
ASN00092045,19981103,TMAX,180,,,a,
ASN00092045,19981104,TMAX,250,,,a,
ASN00092045,19981105,TMAX,200,,,a,
ASN00092045,19981106,TMAX,160,,,a,
ASN00092045,19981107,TMAX,160,,,a,
ASN00092045,19981108,TMAX,190,,,a,
ASN00092045,19981109,TMAX,190,,,a,
ASN00092045,19981110,TMAX,190,,,a,
ASN00092045,19981111,TMAX,190,,,a,
ASN00092045,19981112,TMAX,140,,,a,
ASN00092045,19981113,TMAX,160,,,a,
ASN00092045,19981114,TMAX,180,,,a,
ASN00092045,19981118,TMAX,150,,,a,
ASN00092045,19981119,TMAX,160,,,a,
ASN00092045,19981120,TMAX,180,,,a,
ASN00092045,19981121,TMAX,180,,,a,
ASN00092045,19981122,TMAX,180,,,a,
ASN00092045,19981123,TMAX,160,,,a,
ASN00092045,19981124,TMAX,170,,,a,
ASN00092045,19981125,TMAX,180,,,a,
ASN00092045,19981126,TMAX,190,,,a,
ASN00092045,19981127,TMAX,170,,,a,
ASN00092045,19981128,TMAX,160,,,a,
ASN00092045,19981129,TMAX,170,,,a,
ASN00092045,19981130,TMAX,180,,,a,
ASN00092045,19981101,TMIN,70,,,a,
ASN00092045,19981102,TMIN,80,,,a,
ASN00092045,19981103,TMIN,80,,,a,
ASN00092045,19981104,TMIN,100,,,a,
ASN00092045,19981105,TMIN,110,,,a,
ASN00092045,19981106,TMIN,120,,,a,
ASN00092045,19981107,TMIN,130,,,a,
ASN00092045,19981108,TMIN,80,,,a,
ASN00092045,19981109,TMIN,90,,,a,
ASN00092045,19981110,TMIN,100,,,a,
ASN00092045,19981111,TMIN,110,,,a,
ASN00092045,19981112,TMIN,110,,,a,
ASN00092045,19981113,TMIN,110,,,a,
ASN00092045,19981114,TMIN,130,,,a,
ASN00092045,19981115,TMIN,110,,,a,
ASN00092045,19981119,TMIN,90,,,a,
ASN00092045,19981120,TMIN,100,,,a,
ASN00092045,19981121,TMIN,110,,,a,
ASN00092045,19981122,TMIN,120,,,a,
ASN00092045,19981123,TMIN,120,,,a,
ASN00092045,19981124,TMIN,120,,,a,
ASN00092045,19981125,TMIN,120,,,a,
ASN00092045,19981126,TMIN,130,,,a,
ASN00092045,19981127,TMIN,150,,,a,
ASN00092045,19981128,TMIN,70,,,a,
ASN00092045,19981129,TMIN,70,,,a,
ASN00092045,19981130,TMIN,110,,,a,
ASN00092045,19981101,PRCP,0,,,a,
ASN00092045,19981102,PRCP,0,,,a,
ASN00092045,19981103,PRCP,0,,,a,
ASN00092045,19981104,PRCP,0,,,a,
ASN00092045,19981105,PRCP,0,,,a,
ASN00092045,19981106,PRCP,0,,,a,
ASN00092045,19981107,PRCP,0,,,a,
ASN00092045,19981108,PRCP,8,,,a,
ASN00092045,19981109,PRCP,0,,,a,
ASN00092045,19981110,PRCP,0,,,a,
ASN00092045,19981111,PRCP,0,,,a,
ASN00092045,19981112,PRCP,2,,,a,
ASN00092045,19981113,PRCP,140,,,a,
ASN00092045,19981114,PRCP,110,,,a,
ASN00092045,19981115,PRCP,4,,,a,
ASN00092045,19981119,PRCP,0,,,a,
ASN00092045,19981120,PRCP,0,,,a,
ASN00092045,19981121,PRCP,0,,,a,
ASN00092045,19981122,PRCP,0,,,a,
ASN00092045,19981123,PRCP,0,,,a,
ASN00092045,19981124,PRCP,0,,,a,
ASN00092045,19981125,PRCP,0,,,a,
ASN00092045,19981126,PRCP,0,,,a,
ASN00092045,19981127,PRCP,0,,,a,
ASN00092045,19981128,PRCP,2,,,a,
ASN00092045,19981129,PRCP,6,,,a,
ASN00092045,19981130,PRCP,0,,,a,
ASN00092045,19981101,TAVG,119,H,,S,
ASN00092045,19981102,TAVG,117,H,,S,
ASN00092045,19981103,TAVG,134,H,,S,
ASN00092045,19981104,TAVG,157,H,,S,
ASN00092045,19981105,TAVG,151,H,,S,
ASN00092045,19981106,TAVG,137,H,,S,
ASN00092045,19981107,TAVG,130,H,,S,
ASN00092045,19981108,TAVG,143,H,,S,
ASN00092045,19981109,TAVG,142,H,,S,
ASN00092045,19981110,TAVG,143,H,,S,
ASN00092045,19981111,TAVG,137,H,,S,
ASN00092045,19981112,TAVG,121,H,,S,
ASN00092045,19981113,TAVG,138,H,,S,
ASN00092045,19981114,TAVG,139,H,,S,
ASN00092045,19981118,TAVG,117,H,,S,
ASN00092045,19981119,TAVG,126,H,,S,
ASN00092045,19981120,TAVG,137,H,,S,
ASN00092045,19981121,TAVG,139,H,,S,
ASN00092045,19981122,TAVG,135,H,,S,
ASN00092045,19981123,TAVG,135,H,,S,
ASN00092045,19981124,TAVG,138,H,,S,
ASN00092045,19981125,TAVG,144,H,,S,
ASN00092045,19981126,TAVG,158,H,,S,
ASN00092045,19981127,TAVG,122,H,,S,
ASN00092045,19981128,TAVG,112,H,,S,
ASN00092045,19981129,TAVG,136,H,,S,
ASN00092045,19981130,TAVG,141,H,,S,
ASN00092045,19981201,TMAX,170,,,a,
ASN00092045,19981202,TMAX,190,,,a,
ASN00092045,19981203,TMAX,210,,,a,
ASN00092045,19981204,TMAX,180,,,a,
ASN00092045,19981206,TMAX,190,,,a,
ASN00092045,19981207,TMAX,190,,,a,
ASN00092045,19981208,TMAX,190,,,a,
ASN00092045,19981209,TMAX,180,,,a,
ASN00092045,19981210,TMAX,200,,,a,
ASN00092045,19981211,TMAX,290,,,a,
ASN00092045,19981212,TMAX,350,,O,a,
ASN00092045,19981213,TMAX,150,,,a,
ASN00092045,19981214,TMAX,170,,,a,
ASN00092045,19981215,TMAX,170,,,a,
ASN00092045,19981216,TMAX,190,,,a,
ASN00092045,19981217,TMAX,210,,,a,
ASN00092045,19981218,TMAX,180,,,a,
ASN00092045,19981219,TMAX,200,,,a,
ASN00092045,19981220,TMAX,170,,,a,
ASN00092045,19981221,TMAX,180,,,a,
ASN00092045,19981222,TMAX,220,,,a,
ASN00092045,19981223,TMAX,220,,,a,
ASN00092045,19981224,TMAX,210,,,a,
ASN00092045,19981225,TMAX,210,,,a,
ASN00092045,19981226,TMAX,190,,,a,
ASN00092045,19981227,TMAX,210,,,a,
ASN00092045,19981228,TMAX,230,,,a,
ASN00092045,19981229,TMAX,200,,,a,
ASN00092045,19981230,TMAX,210,,,a,
ASN00092045,19981231,TMAX,210,,,a,
ASN00092045,19981201,TMIN,110,,,a,
ASN00092045,19981202,TMIN,130,,,a,
ASN00092045,19981203,TMIN,140,,,a,
ASN00092045,19981204,TMIN,110,,,a,
ASN00092045,19981205,TMIN,70,,,a,
ASN00092045,19981207,TMIN,110,,,a,
ASN00092045,19981208,TMIN,110,,,a,
ASN00092045,19981209,TMIN,110,,,a,
ASN00092045,19981210,TMIN,140,,,a,
ASN00092045,19981211,TMIN,150,,,a,
ASN00092045,19981212,TMIN,160,,,a,
ASN00092045,19981213,TMIN,130,,,a,
ASN00092045,19981214,TMIN,140,,,a,
ASN00092045,19981215,TMIN,130,,,a,
ASN00092045,19981216,TMIN,130,,,a,
ASN00092045,19981217,TMIN,110,,,a,
ASN00092045,19981218,TMIN,140,,,a,
ASN00092045,19981219,TMIN,140,,,a,
ASN00092045,19981220,TMIN,140,,,a,
ASN00092045,19981221,TMIN,90,,,a,
ASN00092045,19981222,TMIN,130,,,a,
ASN00092045,19981223,TMIN,110,,,a,
ASN00092045,19981224,TMIN,150,,,a,
ASN00092045,19981225,TMIN,170,,,a,
ASN00092045,19981226,TMIN,170,,,a,
ASN00092045,19981227,TMIN,120,,,a,
ASN00092045,19981228,TMIN,130,,,a,
ASN00092045,19981229,TMIN,130,,,a,
ASN00092045,19981230,TMIN,130,,,a,
ASN00092045,19981231,TMIN,120,,,a,
ASN00092045,19981201,PRCP,2,,,a,
ASN00092045,19981202,PRCP,0,,,a,
ASN00092045,19981203,PRCP,0,,,a,
ASN00092045,19981204,PRCP,0,,,a,
ASN00092045,19981205,PRCP,0,,,a,
ASN00092045,19981207,PRCP,0,,,a,
ASN00092045,19981208,PRCP,2,,,a,
ASN00092045,19981209,PRCP,0,,,a,
ASN00092045,19981210,PRCP,0,,,a,
ASN00092045,19981211,PRCP,0,,,a,
ASN00092045,19981212,PRCP,0,,,a,
ASN00092045,19981213,PRCP,0,,,a,
ASN00092045,19981214,PRCP,0,,,a,
ASN00092045,19981215,PRCP,0,,,a,
ASN00092045,19981216,PRCP,0,,,a,
ASN00092045,19981217,PRCP,0,,,a,
ASN00092045,19981218,PRCP,6,,,a,
ASN00092045,19981219,PRCP,0,,,a,
ASN00092045,19981220,PRCP,2,,,a,
ASN00092045,19981221,PRCP,70,,,a,
ASN00092045,19981222,PRCP,20,,,a,
ASN00092045,19981223,PRCP,0,,,a,
ASN00092045,19981224,PRCP,0,,,a,
ASN00092045,19981225,PRCP,0,,,a,
ASN00092045,19981226,PRCP,0,,,a,
ASN00092045,19981227,PRCP,370,,,a,
ASN00092045,19981228,PRCP,150,,,a,
ASN00092045,19981229,PRCP,0,,,a,
ASN00092045,19981230,PRCP,2,,,a,
ASN00092045,19981231,PRCP,0,,,a,
ASN00092045,19981201,TAVG,142,H,,S,
ASN00092045,19981202,TAVG,163,H,,S,
ASN00092045,19981203,TAVG,156,H,,S,
ASN00092045,19981204,TAVG,124,H,,S,
ASN00092045,19981205,TAVG,126,H,,S,
ASN00092045,19981206,TAVG,149,H,,S,
ASN00092045,19981207,TAVG,142,H,,S,
ASN00092045,19981208,TAVG,144,H,,S,
ASN00092045,19981209,TAVG,149,H,,S,
ASN00092045,19981210,TAVG,163,H,,S,
ASN00092045,19981211,TAVG,208,H,,S,
ASN00092045,19981212,TAVG,187,H,,S,
ASN00092045,19981213,TAVG,141,H,,S,
ASN00092045,19981215,TAVG,139,H,,S,
ASN00092045,19981216,TAVG,148,H,,S,
ASN00092045,19981217,TAVG,161,H,,S,
ASN00092045,19981218,TAVG,151,H,,S,
ASN00092045,19981219,TAVG,160,H,,S,
ASN00092045,19981220,TAVG,134,H,,S,
ASN00092045,19981221,TAVG,150,H,,S,
ASN00092045,19981222,TAVG,151,H,,S,
ASN00092045,19981223,TAVG,175,H,,S,
ASN00092045,19981224,TAVG,181,H,,S,
ASN00092045,19981225,TAVG,184,H,,S,
ASN00092045,19981226,TAVG,139,H,,S,
ASN00092045,19981227,TAVG,167,H,,S,
ASN00092045,19981228,TAVG,162,H,,S,
ASN00092045,19981229,TAVG,155,H,,S,
ASN00092045,19981230,TAVG,170,H,,S,
ASN00092045,19981231,TAVG,166,H,,S,
ASN00092045,19990101,TMAX,200,,,a,
ASN00092045,19990102,TMAX,210,,,a,
ASN00092045,19990103,TMAX,230,,,a,
ASN00092045,19990104,TMAX,200,,,a,
ASN00092045,19990105,TMAX,220,,,a,
ASN00092045,19990106,TMAX,220,,,a,
ASN00092045,19990107,TMAX,160,,,a,
ASN00092045,19990108,TMAX,170,,,a,
ASN00092045,19990109,TMAX,180,,,a,
ASN00092045,19990110,TMAX,220,,,a,
ASN00092045,19990111,TMAX,260,,,a,
ASN00092045,19990112,TMAX,190,,,a,
ASN00092045,19990113,TMAX,200,,,a,
ASN00092045,19990114,TMAX,200,,,a,
ASN00092045,19990115,TMAX,240,,,a,
ASN00092045,19990116,TMAX,330,,,a,
ASN00092045,19990117,TMAX,230,,,a,
ASN00092045,19990118,TMAX,270,,,a,
ASN00092045,19990119,TMAX,250,,,a,
ASN00092045,19990120,TMAX,180,,,a,
ASN00092045,19990121,TMAX,190,,,a,
ASN00092045,19990122,TMAX,190,,,a,
ASN00092045,19990123,TMAX,220,,,a,
ASN00092045,19990124,TMAX,220,,,a,
ASN00092045,19990125,TMAX,230,,,a,
ASN00092045,19990126,TMAX,200,,,a,
ASN00092045,19990127,TMAX,200,,,a,
ASN00092045,19990128,TMAX,210,,,a,
ASN00092045,19990129,TMAX,220,,,a,
ASN00092045,19990130,TMAX,200,,,a,
ASN00092045,19990131,TMAX,190,,,a,
ASN00092045,19990101,TMIN,150,,,a,
ASN00092045,19990102,TMIN,170,,,a,
ASN00092045,19990103,TMIN,150,,,a,
ASN00092045,19990104,TMIN,150,,,a,
ASN00092045,19990105,TMIN,150,,,a,
ASN00092045,19990106,TMIN,160,,,a,
ASN00092045,19990107,TMIN,140,,,a,
ASN00092045,19990108,TMIN,140,,,a,
ASN00092045,19990109,TMIN,140,,,a,
ASN00092045,19990110,TMIN,150,,,a,
ASN00092045,19990111,TMIN,170,,,a,
ASN00092045,19990112,TMIN,150,,,a,
ASN00092045,19990113,TMIN,150,,,a,
ASN00092045,19990114,TMIN,160,,,a,
ASN00092045,19990115,TMIN,160,,,a,
ASN00092045,19990116,TMIN,170,,,a,
ASN00092045,19990117,TMIN,160,,,a,
ASN00092045,19990118,TMIN,150,,,a,
ASN00092045,19990119,TMIN,150,,,a,
ASN00092045,19990120,TMIN,140,,,a,
ASN00092045,19990121,TMIN,130,,,a,
ASN00092045,19990122,TMIN,150,,,a,
ASN00092045,19990123,TMIN,170,,,a,
ASN00092045,19990124,TMIN,170,,,a,
ASN00092045,19990125,TMIN,160,,,a,
ASN00092045,19990126,TMIN,160,,,a,
ASN00092045,19990127,TMIN,150,,,a,
ASN00092045,19990128,TMIN,160,,,a,
ASN00092045,19990129,TMIN,170,,,a,
ASN00092045,19990130,TMIN,150,,,a,
ASN00092045,19990131,TMIN,140,,,a,
ASN00092045,19990101,PRCP,0,,,a,
ASN00092045,19990102,PRCP,0,,,a,
ASN00092045,19990103,PRCP,0,,,a,
ASN00092045,19990104,PRCP,0,,,a,
ASN00092045,19990105,PRCP,0,,,a,
ASN00092045,19990106,PRCP,0,,,a,
ASN00092045,19990107,PRCP,10,,,a,
ASN00092045,19990108,PRCP,8,,,a,
ASN00092045,19990109,PRCP,0,,,a,
ASN00092045,19990110,PRCP,0,,,a,
ASN00092045,19990111,PRCP,4,,,a,
ASN00092045,19990112,PRCP,2,,,a,
ASN00092045,19990113,PRCP,0,,,a,
ASN00092045,19990114,PRCP,0,,,a,
ASN00092045,19990115,PRCP,0,,,a,
ASN00092045,19990116,PRCP,0,,,a,
ASN00092045,19990117,PRCP,0,,,a,
ASN00092045,19990118,PRCP,0,,,a,
ASN00092045,19990119,PRCP,0,,,a,
ASN00092045,19990120,PRCP,6,,,a,
ASN00092045,19990121,PRCP,20,,,a,
ASN00092045,19990122,PRCP,0,,,a,
ASN00092045,19990123,PRCP,20,,,a,
ASN00092045,19990124,PRCP,0,,,a,
ASN00092045,19990125,PRCP,0,,,a,
ASN00092045,19990126,PRCP,0,,,a,
ASN00092045,19990127,PRCP,0,,,a,
ASN00092045,19990128,PRCP,0,,,a,
ASN00092045,19990129,PRCP,360,,,a,
ASN00092045,19990130,PRCP,90,,,a,
ASN00092045,19990131,PRCP,2,,,a,
ASN00092045,19990101,TAVG,174,H,,S,
ASN00092045,19990102,TAVG,173,H,,S,
ASN00092045,19990103,TAVG,177,H,,S,
ASN00092045,19990104,TAVG,171,H,,S,
ASN00092045,19990105,TAVG,189,H,,S,
ASN00092045,19990106,TAVG,171,H,,S,
ASN00092045,19990107,TAVG,153,H,,S,
ASN00092045,19990108,TAVG,156,H,,S,
ASN00092045,19990109,TAVG,167,H,,S,
ASN00092045,19990111,TAVG,179,H,,S,
ASN00092045,19990112,TAVG,162,H,,S,
ASN00092045,19990113,TAVG,176,H,,S,
ASN00092045,19990114,TAVG,177,H,,S,
ASN00092045,19990115,TAVG,197,H,,S,
ASN00092045,19990116,TAVG,203,H,,S,
ASN00092045,19990117,TAVG,183,H,,S,
ASN00092045,19990118,TAVG,185,H,,S,
ASN00092045,19990119,TAVG,168,H,,S,
ASN00092045,19990120,TAVG,158,H,,S,
ASN00092045,19990121,TAVG,166,H,,S,
ASN00092045,19990122,TAVG,177,H,,S,
ASN00092045,19990123,TAVG,187,H,,S,
ASN00092045,19990124,TAVG,187,H,,S,
ASN00092045,19990125,TAVG,189,H,,S,
ASN00092045,19990126,TAVG,169,H,,S,
ASN00092045,19990127,TAVG,173,H,,S,
ASN00092045,19990128,TAVG,183,H,,S,
ASN00092045,19990129,TAVG,170,H,,S,
ASN00092045,19990130,TAVG,169,H,,S,
ASN00092045,19990131,TAVG,167,H,,S,
ASN00092045,19990201,TMAX,210,,,a,
ASN00092045,19990202,TMAX,240,,,a,
ASN00092045,19990203,TMAX,240,,,a,
ASN00092045,19990204,TMAX,240,,,a,
ASN00092045,19990205,TMAX,230,,,a,
ASN00092045,19990206,TMAX,200,,,a,
ASN00092045,19990207,TMAX,190,,,a,
ASN00092045,19990208,TMAX,190,,,a,
ASN00092045,19990209,TMAX,200,,,a,
ASN00092045,19990210,TMAX,220,,,a,
ASN00092045,19990211,TMAX,230,,,a,
ASN00092045,19990212,TMAX,230,,,a,
ASN00092045,19990213,TMAX,210,,,a,
ASN00092045,19990214,TMAX,210,,,a,
ASN00092045,19990215,TMAX,250,,,a,
ASN00092045,19990216,TMAX,210,,,a,
ASN00092045,19990217,TMAX,210,,,a,
ASN00092045,19990218,TMAX,190,,,a,
ASN00092045,19990219,TMAX,210,,,a,
ASN00092045,19990220,TMAX,220,,,a,
ASN00092045,19990221,TMAX,230,,,a,
ASN00092045,19990222,TMAX,210,,,a,
ASN00092045,19990223,TMAX,230,,,a,
ASN00092045,19990224,TMAX,190,,,a,
ASN00092045,19990225,TMAX,200,,,a,
ASN00092045,19990226,TMAX,210,,,a,
ASN00092045,19990228,TMAX,220,,,a,
ASN00092045,19990201,TMIN,150,,,a,
ASN00092045,19990202,TMIN,180,,,a,
ASN00092045,19990203,TMIN,190,,,a,
ASN00092045,19990204,TMIN,180,,,a,
ASN00092045,19990205,TMIN,180,,,a,
ASN00092045,19990206,TMIN,180,,,a,
ASN00092045,19990207,TMIN,130,,,a,
ASN00092045,19990208,TMIN,100,,,a,
ASN00092045,19990209,TMIN,130,,,a,
ASN00092045,19990210,TMIN,160,,,a,
ASN00092045,19990211,TMIN,180,,,a,
ASN00092045,19990212,TMIN,180,,,a,
ASN00092045,19990213,TMIN,180,,,a,
ASN00092045,19990214,TMIN,170,,,a,
ASN00092045,19990215,TMIN,160,,,a,
ASN00092045,19990216,TMIN,130,,,a,
ASN00092045,19990217,TMIN,150,,,a,
ASN00092045,19990218,TMIN,90,,,a,
ASN00092045,19990219,TMIN,80,,,a,
ASN00092045,19990220,TMIN,130,,,a,
ASN00092045,19990221,TMIN,130,,,a,
ASN00092045,19990222,TMIN,160,,,a,
ASN00092045,19990223,TMIN,180,,,a,
ASN00092045,19990224,TMIN,160,,,a,
ASN00092045,19990225,TMIN,150,,,a,
ASN00092045,19990226,TMIN,150,,,a,
ASN00092045,19990227,TMIN,140,,,a,
ASN00092045,19990201,PRCP,2,,,a,
ASN00092045,19990202,PRCP,0,,,a,
ASN00092045,19990203,PRCP,0,,,a,
ASN00092045,19990204,PRCP,0,,,a,
ASN00092045,19990205,PRCP,2,,,a,
ASN00092045,19990206,PRCP,6,,,a,
ASN00092045,19990207,PRCP,50,,,a,
ASN00092045,19990208,PRCP,0,,,a,
ASN00092045,19990209,PRCP,2,,,a,
ASN00092045,19990210,PRCP,2,,,a,
ASN00092045,19990211,PRCP,0,,,a,
ASN00092045,19990212,PRCP,0,,,a,
ASN00092045,19990213,PRCP,4,,,a,
ASN00092045,19990214,PRCP,10,,,a,
ASN00092045,19990215,PRCP,0,,,a,
ASN00092045,19990216,PRCP,2,,,a,
ASN00092045,19990217,PRCP,0,,,a,
ASN00092045,19990218,PRCP,30,,,a,
ASN00092045,19990219,PRCP,10,,,a,
ASN00092045,19990220,PRCP,0,,,a,
ASN00092045,19990221,PRCP,0,,,a,
ASN00092045,19990222,PRCP,0,,,a,
ASN00092045,19990223,PRCP,0,,,a,
ASN00092045,19990224,PRCP,2,,,a,
ASN00092045,19990225,PRCP,0,,,a,
ASN00092045,19990226,PRCP,0,,,a,
ASN00092045,19990227,PRCP,10,,,a,
ASN00092045,19990201,TAVG,186,H,,S,
ASN00092045,19990202,TAVG,200,H,,S,
ASN00092045,19990203,TAVG,199,H,,S,
ASN00092045,19990204,TAVG,199,H,,S,
ASN00092045,19990205,TAVG,196,H,,S,
ASN00092045,19990206,TAVG,167,H,,S,
ASN00092045,19990207,TAVG,142,H,,S,
ASN00092045,19990208,TAVG,171,H,,S,
ASN00092045,19990209,TAVG,176,H,,S,
ASN00092045,19990210,TAVG,194,H,,S,
ASN00092045,19990211,TAVG,200,H,,S,
ASN00092045,19990212,TAVG,189,H,,S,
ASN00092045,19990213,TAVG,183,H,,S,
ASN00092045,19990214,TAVG,183,H,,S,
ASN00092045,19990215,TAVG,181,H,,S,
ASN00092045,19990216,TAVG,174,H,,S,
ASN00092045,19990217,TAVG,144,H,,S,
ASN00092045,19990218,TAVG,132,H,,S,
ASN00092045,19990219,TAVG,171,H,,S,
ASN00092045,19990220,TAVG,165,H,,S,
ASN00092045,19990221,TAVG,188,H,,S,
ASN00092045,19990222,TAVG,192,H,,S,
ASN00092045,19990223,TAVG,190,H,,S,
ASN00092045,19990224,TAVG,168,H,,S,
ASN00092045,19990225,TAVG,171,H,,S,
ASN00092045,19990226,TAVG,160,H,,S,
ASN00092045,19990227,TAVG,164,H,,S,
ASN00092045,19990228,TAVG,172,H,,S,
ASN00092045,19990301,TMAX,180,,,a,
ASN00092045,19990303,TMAX,230,,,a,
ASN00092045,19990304,TMAX,230,,,a,
ASN00092045,19990305,TMAX,230,,,a,
ASN00092045,19990306,TMAX,230,,,a,
ASN00092045,19990307,TMAX,220,,,a,
ASN00092045,19990308,TMAX,190,,,a,
ASN00092045,19990309,TMAX,230,,,a,
ASN00092045,19990310,TMAX,210,,,a,
ASN00092045,19990311,TMAX,200,,,a,
ASN00092045,19990312,TMAX,210,,,a,
ASN00092045,19990313,TMAX,220,,,a,
ASN00092045,19990314,TMAX,210,,,a,
ASN00092045,19990315,TMAX,250,,,a,
ASN00092045,19990316,TMAX,230,,,a,
ASN00092045,19990317,TMAX,200,,,a,
ASN00092045,19990318,TMAX,210,,,a,
ASN00092045,19990319,TMAX,210,,,a,
ASN00092045,19990320,TMAX,230,,,a,
ASN00092045,19990321,TMAX,240,,,a,
ASN00092045,19990322,TMAX,190,,,a,
ASN00092045,19990323,TMAX,180,,,a,
ASN00092045,19990324,TMAX,210,,,a,
ASN00092045,19990325,TMAX,230,,,a,
ASN00092045,19990326,TMAX,220,,,a,
ASN00092045,19990327,TMAX,210,,,a,
ASN00092045,19990328,TMAX,200,,,a,
ASN00092045,19990329,TMAX,180,,,a,
ASN00092045,19990330,TMAX,200,,,a,
ASN00092045,19990331,TMAX,170,,,a,
ASN00092045,19990301,TMIN,150,,,a,
ASN00092045,19990302,TMIN,150,,,a,
ASN00092045,19990304,TMIN,160,,,a,
ASN00092045,19990305,TMIN,140,,,a,
ASN00092045,19990306,TMIN,130,,,a,
ASN00092045,19990307,TMIN,120,,,a,
ASN00092045,19990308,TMIN,130,,,a,
ASN00092045,19990309,TMIN,140,,,a,
ASN00092045,19990310,TMIN,160,,,a,
ASN00092045,19990311,TMIN,150,,,a,
ASN00092045,19990312,TMIN,150,,,a,
ASN00092045,19990313,TMIN,170,,,a,
ASN00092045,19990314,TMIN,120,,,a,
ASN00092045,19990315,TMIN,140,,,a,
ASN00092045,19990316,TMIN,100,,,a,
ASN00092045,19990317,TMIN,140,,,a,
ASN00092045,19990318,TMIN,110,,,a,
ASN00092045,19990319,TMIN,140,,,a,
ASN00092045,19990320,TMIN,160,,,a,
ASN00092045,19990321,TMIN,170,,,a,
ASN00092045,19990322,TMIN,130,,,a,
ASN00092045,19990323,TMIN,70,,,a,
ASN00092045,19990324,TMIN,110,,,a,
ASN00092045,19990325,TMIN,150,,,a,
ASN00092045,19990326,TMIN,170,,,a,
ASN00092045,19990327,TMIN,130,,,a,
ASN00092045,19990328,TMIN,90,,,a,
ASN00092045,19990329,TMIN,100,,,a,
ASN00092045,19990330,TMIN,100,,,a,
ASN00092045,19990331,TMIN,60,,,a,
ASN00092045,19990301,PRCP,80,,,a,
ASN00092045,19990302,PRCP,20,,,a,
ASN00092045,19990304,PRCP,2,,,a,
ASN00092045,19990305,PRCP,0,,,a,
ASN00092045,19990306,PRCP,0,,,a,
ASN00092045,19990307,PRCP,0,,,a,
ASN00092045,19990308,PRCP,0,,,a,
ASN00092045,19990309,PRCP,0,,,a,
ASN00092045,19990310,PRCP,0,,,a,
ASN00092045,19990311,PRCP,0,,,a,
ASN00092045,19990312,PRCP,0,,,a,
ASN00092045,19990313,PRCP,0,,,a,
ASN00092045,19990314,PRCP,10,,,a,
ASN00092045,19990315,PRCP,20,,,a,
ASN00092045,19990316,PRCP,0,,,a,
ASN00092045,19990317,PRCP,2,,,a,
ASN00092045,19990318,PRCP,0,,,a,
ASN00092045,19990319,PRCP,0,,,a,
ASN00092045,19990320,PRCP,0,,,a,
ASN00092045,19990321,PRCP,2,,,a,
ASN00092045,19990322,PRCP,90,,,a,
ASN00092045,19990323,PRCP,0,,,a,
ASN00092045,19990324,PRCP,0,,,a,
ASN00092045,19990325,PRCP,2,,,a,
ASN00092045,19990326,PRCP,4,,,a,
ASN00092045,19990327,PRCP,0,,,a,
ASN00092045,19990328,PRCP,0,,,a,
ASN00092045,19990329,PRCP,0,,,a,
ASN00092045,19990330,PRCP,0,,,a,
ASN00092045,19990331,PRCP,0,,,a,
ASN00092045,19990301,TAVG,163,H,,S,
ASN00092045,19990302,TAVG,189,H,,S,
ASN00092045,19990303,TAVG,193,H,,S,
ASN00092045,19990304,TAVG,174,H,,S,
ASN00092045,19990305,TAVG,174,H,,S,
ASN00092045,19990306,TAVG,175,H,,S,
ASN00092045,19990307,TAVG,161,H,,S,
ASN00092045,19990308,TAVG,178,H,,S,
ASN00092045,19990309,TAVG,195,H,,S,
ASN00092045,19990310,TAVG,179,H,,S,
ASN00092045,19990311,TAVG,169,H,,S,
ASN00092045,19990312,TAVG,186,H,,S,
ASN00092045,19990313,TAVG,157,H,,S,
ASN00092045,19990314,TAVG,171,H,,S,
ASN00092045,19990315,TAVG,172,H,,S,
ASN00092045,19990316,TAVG,175,H,,S,
ASN00092045,19990317,TAVG,149,H,,S,
ASN00092045,19990318,TAVG,168,H,,S,
ASN00092045,19990319,TAVG,182,H,,S,
ASN00092045,19990320,TAVG,186,H,,S,
ASN00092045,19990321,TAVG,187,H,,S,
ASN00092045,19990322,TAVG,136,H,,S,
ASN00092045,19990323,TAVG,137,H,,S,
ASN00092045,19990324,TAVG,186,H,,S,
ASN00092045,19990325,TAVG,183,H,,S,
ASN00092045,19990326,TAVG,171,H,,S,
ASN00092045,19990327,TAVG,151,H,,S,
ASN00092045,19990328,TAVG,132,H,,S,
ASN00092045,19990329,TAVG,133,H,,S,
ASN00092045,19990330,TAVG,135,H,,S,
ASN00092045,19990331,TAVG,121,H,,S,
ASN00092045,19990401,TMAX,200,,,a,
ASN00092045,19990402,TMAX,210,,,a,
ASN00092045,19990403,TMAX,210,,,a,
ASN00092045,19990404,TMAX,200,,,a,
ASN00092045,19990405,TMAX,190,,,a,
ASN00092045,19990406,TMAX,190,,,a,
ASN00092045,19990407,TMAX,170,,,a,
ASN00092045,19990408,TMAX,200,,,a,
ASN00092045,19990409,TMAX,190,,,a,
ASN00092045,19990410,TMAX,210,,,a,
ASN00092045,19990411,TMAX,200,,,a,
ASN00092045,19990412,TMAX,200,,,a,
ASN00092045,19990413,TMAX,190,,,a,
ASN00092045,19990414,TMAX,180,,,a,
ASN00092045,19990415,TMAX,190,,,a,
ASN00092045,19990416,TMAX,190,,,a,
ASN00092045,19990417,TMAX,190,,,a,
ASN00092045,19990418,TMAX,180,,,a,
ASN00092045,19990419,TMAX,180,,,a,
ASN00092045,19990420,TMAX,180,,,a,
ASN00092045,19990421,TMAX,150,,,a,
ASN00092045,19990422,TMAX,180,,,a,
ASN00092045,19990423,TMAX,170,,,a,
ASN00092045,19990424,TMAX,190,,,a,
ASN00092045,19990425,TMAX,200,,,a,
ASN00092045,19990426,TMAX,190,,,a,
ASN00092045,19990427,TMAX,140,,,a,
ASN00092045,19990428,TMAX,150,,,a,
ASN00092045,19990429,TMAX,160,,,a,
ASN00092045,19990430,TMAX,180,,,a,
ASN00092045,19990401,TMIN,60,,,a,
ASN00092045,19990402,TMIN,90,,,a,
ASN00092045,19990403,TMIN,120,,,a,
ASN00092045,19990404,TMIN,140,,,a,
ASN00092045,19990405,TMIN,170,,,a,
ASN00092045,19990406,TMIN,120,,,a,
ASN00092045,19990407,TMIN,50,,,a,
ASN00092045,19990408,TMIN,90,,,a,
ASN00092045,19990409,TMIN,130,,,a,
ASN00092045,19990410,TMIN,160,,,a,
ASN00092045,19990411,TMIN,130,,,a,
ASN00092045,19990412,TMIN,150,,,a,
ASN00092045,19990413,TMIN,110,,,a,
ASN00092045,19990414,TMIN,100,,,a,
ASN00092045,19990415,TMIN,80,,,a,
ASN00092045,19990416,TMIN,70,,,a,
ASN00092045,19990417,TMIN,110,,,a,
ASN00092045,19990418,TMIN,110,,,a,
ASN00092045,19990419,TMIN,120,,,a,
ASN00092045,19990420,TMIN,140,,,a,
ASN00092045,19990421,TMIN,50,,,a,
ASN00092045,19990422,TMIN,80,,,a,
ASN00092045,19990423,TMIN,70,,,a,
ASN00092045,19990424,TMIN,70,,,a,
ASN00092045,19990425,TMIN,100,,,a,
ASN00092045,19990426,TMIN,110,,,a,
ASN00092045,19990427,TMIN,80,,,a,
ASN00092045,19990428,TMIN,110,,,a,
ASN00092045,19990429,TMIN,100,,,a,
ASN00092045,19990430,TMIN,70,,,a,
ASN00092045,19990401,PRCP,0,,,a,
ASN00092045,19990402,PRCP,0,,,a,
ASN00092045,19990403,PRCP,0,,,a,
ASN00092045,19990404,PRCP,40,,,a,
ASN00092045,19990405,PRCP,8,,,a,
ASN00092045,19990406,PRCP,100,,,a,
ASN00092045,19990407,PRCP,0,,,a,
ASN00092045,19990408,PRCP,0,,,a,
ASN00092045,19990409,PRCP,0,,,a,
ASN00092045,19990410,PRCP,0,,,a,
ASN00092045,19990411,PRCP,2,,,a,
ASN00092045,19990412,PRCP,0,,,a,
ASN00092045,19990413,PRCP,0,,,a,
ASN00092045,19990414,PRCP,0,,,a,
ASN00092045,19990415,PRCP,0,,,a,
ASN00092045,19990416,PRCP,0,,,a,
ASN00092045,19990417,PRCP,0,,,a,
ASN00092045,19990418,PRCP,0,,,a,
ASN00092045,19990419,PRCP,0,,,a,
ASN00092045,19990420,PRCP,2,,,a,
ASN00092045,19990421,PRCP,4,,,a,
ASN00092045,19990422,PRCP,0,,,a,
ASN00092045,19990423,PRCP,0,,,a,
ASN00092045,19990424,PRCP,0,,,a,
ASN00092045,19990425,PRCP,0,,,a,
ASN00092045,19990426,PRCP,0,,,a,
ASN00092045,19990427,PRCP,30,,,a,
ASN00092045,19990428,PRCP,0,,,a,
ASN00092045,19990429,PRCP,10,,,a,
ASN00092045,19990430,PRCP,0,,,a,
ASN00092045,19990401,TAVG,140,H,,S,
ASN00092045,19990402,TAVG,158,H,,S,
ASN00092045,19990403,TAVG,174,H,,S,
ASN00092045,19990404,TAVG,182,H,,S,
ASN00092045,19990405,TAVG,157,H,,S,
ASN00092045,19990406,TAVG,104,H,,S,
ASN00092045,19990407,TAVG,128,H,,S,
ASN00092045,19990408,TAVG,152,H,,S,
ASN00092045,19990409,TAVG,169,H,,S,
ASN00092045,19990410,TAVG,166,H,,S,
ASN00092045,19990411,TAVG,168,H,,S,
ASN00092045,19990412,TAVG,147,H,,S,
ASN00092045,19990413,TAVG,141,H,,S,
ASN00092045,19990414,TAVG,133,H,,S,
ASN00092045,19990415,TAVG,137,H,,S,
ASN00092045,19990416,TAVG,143,H,,S,
ASN00092045,19990417,TAVG,146,H,,S,
ASN00092045,19990418,TAVG,143,H,,S,
ASN00092045,19990419,TAVG,159,H,,S,
ASN00092045,19990420,TAVG,99,H,,S,
ASN00092045,19990421,TAVG,107,H,,S,
ASN00092045,19990422,TAVG,110,H,,S,
ASN00092045,19990423,TAVG,116,H,,S,
ASN00092045,19990424,TAVG,133,H,,S,
ASN00092045,19990425,TAVG,148,H,,S,
ASN00092045,19990426,TAVG,117,H,,S,
ASN00092045,19990427,TAVG,118,H,,S,
ASN00092045,19990428,TAVG,124,H,,S,
ASN00092045,19990429,TAVG,116,H,,S,
ASN00092045,19990430,TAVG,117,H,,S,
ASN00092045,19990501,TMAX,190,,,a,
ASN00092045,19990502,TMAX,180,,,a,
ASN00092045,19990503,TMAX,190,,,a,
ASN00092045,19990504,TMAX,230,,,a,
ASN00092045,19990505,TMAX,190,,,a,
ASN00092045,19990506,TMAX,200,,,a,
ASN00092045,19990507,TMAX,200,,,a,
ASN00092045,19990508,TMAX,170,,,a,
ASN00092045,19990509,TMAX,200,,,a,
ASN00092045,19990510,TMAX,170,,,a,
ASN00092045,19990511,TMAX,160,,,a,
ASN00092045,19990512,TMAX,170,,,a,
ASN00092045,19990514,TMAX,150,,,a,
ASN00092045,19990515,TMAX,140,,,a,
ASN00092045,19990516,TMAX,160,,,a,
ASN00092045,19990517,TMAX,150,,,a,
ASN00092045,19990518,TMAX,160,,,a,
ASN00092045,19990519,TMAX,170,,,a,
ASN00092045,19990520,TMAX,180,,,a,
ASN00092045,19990522,TMAX,170,,,a,
ASN00092045,19990523,TMAX,170,,,a,
ASN00092045,19990524,TMAX,170,,,a,
ASN00092045,19990525,TMAX,160,,,a,
ASN00092045,19990526,TMAX,150,,,a,
ASN00092045,19990527,TMAX,140,,,a,
ASN00092045,19990528,TMAX,150,,,a,
ASN00092045,19990529,TMAX,140,,,a,
ASN00092045,19990530,TMAX,150,,,a,
ASN00092045,19990531,TMAX,200,,,a,
ASN00092045,19990501,TMIN,80,,,a,
ASN00092045,19990502,TMIN,90,,,a,
ASN00092045,19990503,TMIN,110,,,a,
ASN00092045,19990504,TMIN,110,,,a,
ASN00092045,19990505,TMIN,140,,,a,
ASN00092045,19990506,TMIN,130,,,a,
ASN00092045,19990507,TMIN,120,,,a,
ASN00092045,19990508,TMIN,110,,,a,
ASN00092045,19990509,TMIN,110,,,a,
ASN00092045,19990510,TMIN,110,,,a,
ASN00092045,19990511,TMIN,120,,,a,
ASN00092045,19990512,TMIN,120,,,a,
ASN00092045,19990513,TMIN,120,,,a,
ASN00092045,19990515,TMIN,60,,,a,
ASN00092045,19990516,TMIN,30,,,a,
ASN00092045,19990517,TMIN,60,,,a,
ASN00092045,19990518,TMIN,90,,,a,
ASN00092045,19990519,TMIN,100,,,a,
ASN00092045,19990520,TMIN,120,,,a,
ASN00092045,19990521,TMIN,130,,,a,
ASN00092045,19990523,TMIN,130,,,a,
ASN00092045,19990524,TMIN,150,,,a,
ASN00092045,19990525,TMIN,140,,,a,
ASN00092045,19990526,TMIN,100,,,a,
ASN00092045,19990527,TMIN,90,,,a,
ASN00092045,19990528,TMIN,110,,,a,
ASN00092045,19990529,TMIN,120,,,a,
ASN00092045,19990530,TMIN,120,,,a,
ASN00092045,19990531,TMIN,120,,,a,
ASN00092045,19990501,PRCP,4,,,a,
ASN00092045,19990502,PRCP,0,,,a,
ASN00092045,19990503,PRCP,0,,,a,
ASN00092045,19990504,PRCP,0,,,a,
ASN00092045,19990505,PRCP,0,,,a,
ASN00092045,19990506,PRCP,0,,,a,
ASN00092045,19990507,PRCP,2,,,a,
ASN00092045,19990508,PRCP,10,,,a,
ASN00092045,19990509,PRCP,0,,,a,
ASN00092045,19990510,PRCP,0,,,a,
ASN00092045,19990511,PRCP,0,,,a,
ASN00092045,19990512,PRCP,0,,,a,
ASN00092045,19990513,PRCP,4,,,a,
ASN00092045,19990515,PRCP,8,,,a,
ASN00092045,19990516,PRCP,2,,,a,
ASN00092045,19990517,PRCP,0,,,a,
ASN00092045,19990518,PRCP,0,,,a,
ASN00092045,19990520,PRCP,30,,,a,
ASN00092045,19990521,PRCP,10,,,a,
ASN00092045,19990523,PRCP,2,,,a,
ASN00092045,19990524,PRCP,2,,,a,
ASN00092045,19990525,PRCP,140,,,a,
ASN00092045,19990526,PRCP,30,,,a,
ASN00092045,19990527,PRCP,50,,,a,
ASN00092045,19990528,PRCP,0,,,a,
ASN00092045,19990529,PRCP,0,,,a,
ASN00092045,19990530,PRCP,80,,,a,
ASN00092045,19990531,PRCP,130,,,a,
ASN00092045,19990501,TAVG,124,H,,S,
ASN00092045,19990502,TAVG,143,H,,S,
ASN00092045,19990503,TAVG,148,H,,S,
ASN00092045,19990504,TAVG,157,H,,S,
ASN00092045,19990505,TAVG,152,H,,S,
ASN00092045,19990506,TAVG,149,H,,S,
ASN00092045,19990507,TAVG,156,H,,S,
ASN00092045,19990508,TAVG,129,H,,S,
ASN00092045,19990509,TAVG,144,H,,S,
ASN00092045,19990510,TAVG,141,H,,S,
ASN00092045,19990511,TAVG,137,H,,S,
ASN00092045,19990512,TAVG,140,H,,S,
ASN00092045,19990513,TAVG,134,H,,S,
ASN00092045,19990514,TAVG,106,H,,S,
ASN00092045,19990515,TAVG,76,H,,S,
ASN00092045,19990516,TAVG,93,H,,S,
ASN00092045,19990517,TAVG,114,H,,S,
ASN00092045,19990518,TAVG,131,H,,S,
ASN00092045,19990519,TAVG,137,H,,S,
ASN00092045,19990520,TAVG,146,H,,S,
ASN00092045,19990521,TAVG,141,H,,S,
ASN00092045,19990522,TAVG,151,H,,S,
ASN00092045,19990523,TAVG,156,H,,S,
ASN00092045,19990524,TAVG,153,H,,S,
ASN00092045,19990525,TAVG,127,H,,S,
ASN00092045,19990526,TAVG,112,H,,S,
ASN00092045,19990527,TAVG,128,H,,S,
ASN00092045,19990528,TAVG,131,H,,S,
ASN00092045,19990529,TAVG,131,H,,S,
ASN00092045,19990530,TAVG,135,H,,S,
ASN00092045,19990531,TAVG,129,H,,S,
ASN00092045,19990601,TMAX,170,,,a,
ASN00092045,19990602,TMAX,150,,,a,
ASN00092045,19990603,TMAX,140,,,a,
ASN00092045,19990605,TMAX,170,,,a,
ASN00092045,19990606,TMAX,170,,,a,
ASN00092045,19990607,TMAX,150,,,a,
ASN00092045,19990608,TMAX,170,,,a,
ASN00092045,19990609,TMAX,140,,,a,
ASN00092045,19990610,TMAX,150,,,a,
ASN00092045,19990612,TMAX,150,,,a,
ASN00092045,19990613,TMAX,130,,,a,
ASN00092045,19990614,TMAX,110,,,a,
ASN00092045,19990615,TMAX,160,,,a,
ASN00092045,19990616,TMAX,140,,,a,
ASN00092045,19990617,TMAX,130,,,a,
ASN00092045,19990618,TMAX,130,,,a,
ASN00092045,19990619,TMAX,150,,,a,
ASN00092045,19990620,TMAX,150,,,a,
ASN00092045,19990621,TMAX,150,,,a,
ASN00092045,19990622,TMAX,150,,,a,
ASN00092045,19990623,TMAX,150,,,a,
ASN00092045,19990624,TMAX,140,,,a,
ASN00092045,19990625,TMAX,130,,,a,
ASN00092045,19990626,TMAX,120,,,a,
ASN00092045,19990627,TMAX,140,,,a,
ASN00092045,19990628,TMAX,150,,,a,
ASN00092045,19990629,TMAX,140,,,a,
ASN00092045,19990630,TMAX,150,,,a,
ASN00092045,19990601,TMIN,90,,,a,
ASN00092045,19990602,TMIN,110,,,a,
ASN00092045,19990603,TMIN,80,,,a,
ASN00092045,19990604,TMIN,100,,,a,
ASN00092045,19990606,TMIN,120,,,a,
ASN00092045,19990607,TMIN,110,,,a,
ASN00092045,19990608,TMIN,70,,,a,
ASN00092045,19990609,TMIN,80,,,a,
ASN00092045,19990610,TMIN,90,,,a,
ASN00092045,19990611,TMIN,90,,,a,
ASN00092045,19990613,TMIN,90,,,a,
ASN00092045,19990614,TMIN,90,,,a,
ASN00092045,19990615,TMIN,50,,,a,
ASN00092045,19990616,TMIN,50,,,a,
ASN00092045,19990617,TMIN,70,,,a,
ASN00092045,19990618,TMIN,90,,,a,
ASN00092045,19990619,TMIN,80,,,a,
ASN00092045,19990620,TMIN,80,,,a,
ASN00092045,19990621,TMIN,120,,,a,
ASN00092045,19990622,TMIN,100,,,a,
ASN00092045,19990623,TMIN,80,,,a,
ASN00092045,19990624,TMIN,90,,,a,
ASN00092045,19990625,TMIN,80,,,a,
ASN00092045,19990626,TMIN,90,,,a,
ASN00092045,19990627,TMIN,90,,,a,
ASN00092045,19990628,TMIN,70,,,a,
ASN00092045,19990629,TMIN,80,,,a,
ASN00092045,19990630,TMIN,90,,,a,
ASN00092045,19990601,PRCP,0,,,a,
ASN00092045,19990602,PRCP,0,,,a,
ASN00092045,19990603,PRCP,50,,,a,
ASN00092045,19990604,PRCP,0,,,a,
ASN00092045,19990606,PRCP,20,,,a,
ASN00092045,19990607,PRCP,10,,,a,
ASN00092045,19990608,PRCP,0,,,a,
ASN00092045,19990609,PRCP,2,,,a,
ASN00092045,19990610,PRCP,0,,,a,
ASN00092045,19990611,PRCP,2,,,a,
ASN00092045,19990613,PRCP,4,,,a,
ASN00092045,19990614,PRCP,70,,,a,
ASN00092045,19990615,PRCP,2,,,a,
ASN00092045,19990616,PRCP,0,,,a,
ASN00092045,19990617,PRCP,0,,,a,
ASN00092045,19990618,PRCP,50,,,a,
ASN00092045,19990619,PRCP,60,,,a,
ASN00092045,19990620,PRCP,0,,,a,
ASN00092045,19990621,PRCP,0,,,a,
ASN00092045,19990622,PRCP,10,,,a,
ASN00092045,19990623,PRCP,0,,,a,
ASN00092045,19990624,PRCP,0,,,a,
ASN00092045,19990625,PRCP,0,,,a,
ASN00092045,19990626,PRCP,0,,,a,
ASN00092045,19990627,PRCP,0,,,a,
ASN00092045,19990628,PRCP,0,,,a,
ASN00092045,19990629,PRCP,0,,,a,
ASN00092045,19990630,PRCP,0,,,a,
ASN00092045,19990601,TAVG,138,H,,S,
ASN00092045,19990602,TAVG,108,H,,S,
ASN00092045,19990603,TAVG,126,H,,S,
ASN00092045,19990604,TAVG,126,H,,S,
ASN00092045,19990605,TAVG,142,H,,S,
ASN00092045,19990606,TAVG,128,H,,S,
ASN00092045,19990607,TAVG,109,H,,S,
ASN00092045,19990608,TAVG,123,H,,S,
ASN00092045,19990609,TAVG,109,H,,S,
ASN00092045,19990610,TAVG,113,H,,S,
ASN00092045,19990611,TAVG,99,H,,S,
ASN00092045,19990612,TAVG,117,H,,S,
ASN00092045,19990613,TAVG,106,H,,S,
ASN00092045,19990614,TAVG,87,H,,S,
ASN00092045,19990615,TAVG,93,H,,S,
ASN00092045,19990616,TAVG,91,H,,S,
ASN00092045,19990617,TAVG,116,H,,S,
ASN00092045,19990618,TAVG,106,H,,S,
ASN00092045,19990619,TAVG,109,H,,S,
ASN00092045,19990620,TAVG,131,H,,S,
ASN00092045,19990621,TAVG,118,H,,S,
ASN00092045,19990622,TAVG,104,H,,S,
ASN00092045,19990623,TAVG,116,H,,S,
ASN00092045,19990624,TAVG,108,H,,S,
ASN00092045,19990625,TAVG,106,H,,S,
ASN00092045,19990626,TAVG,108,H,,S,
ASN00092045,19990627,TAVG,97,H,,S,
ASN00092045,19990628,TAVG,109,H,,S,
ASN00092045,19990629,TAVG,130,H,,S,
ASN00092045,19990630,TAVG,113,H,,S,
ASN00092045,19990701,TMAX,150,,,a,
ASN00092045,19990702,TMAX,140,,,a,
ASN00092045,19990703,TMAX,160,,,a,
ASN00092045,19990704,TMAX,150,,,a,
ASN00092045,19990705,TMAX,140,,,a,
ASN00092045,19990706,TMAX,120,,,a,
ASN00092045,19990707,TMAX,110,,,a,
ASN00092045,19990708,TMAX,130,,,a,
ASN00092045,19990709,TMAX,150,,,a,
ASN00092045,19990710,TMAX,170,,,a,
ASN00092045,19990711,TMAX,150,,,a,
ASN00092045,19990712,TMAX,140,,,a,
ASN00092045,19990713,TMAX,120,,,a,
ASN00092045,19990714,TMAX,130,,,a,
ASN00092045,19990715,TMAX,130,,,a,
ASN00092045,19990716,TMAX,150,,,a,
ASN00092045,19990717,TMAX,150,,,a,
ASN00092045,19990718,TMAX,140,,,a,
ASN00092045,19990719,TMAX,140,,,a,
ASN00092045,19990720,TMAX,130,,,a,
ASN00092045,19990721,TMAX,120,,,a,
ASN00092045,19990722,TMAX,140,,,a,
ASN00092045,19990723,TMAX,160,,,a,
ASN00092045,19990724,TMAX,150,,,a,
ASN00092045,19990725,TMAX,150,,,a,
ASN00092045,19990726,TMAX,130,,,a,
ASN00092045,19990727,TMAX,130,,,a,
ASN00092045,19990728,TMAX,160,,,a,
ASN00092045,19990729,TMAX,150,,,a,
ASN00092045,19990730,TMAX,150,,,a,
ASN00092045,19990731,TMAX,130,,,a,
ASN00092045,19990701,TMIN,70,,,a,
ASN00092045,19990702,TMIN,50,,,a,
ASN00092045,19990703,TMIN,70,,,a,
ASN00092045,19990704,TMIN,90,,,a,
ASN00092045,19990705,TMIN,110,,,a,
ASN00092045,19990706,TMIN,110,,,a,
ASN00092045,19990707,TMIN,90,,,a,
ASN00092045,19990708,TMIN,90,,,a,
ASN00092045,19990709,TMIN,100,,,a,
ASN00092045,19990710,TMIN,90,,,a,
ASN00092045,19990711,TMIN,110,,,a,
ASN00092045,19990712,TMIN,110,,,a,
ASN00092045,19990713,TMIN,110,,,a,
ASN00092045,19990714,TMIN,110,,,a,
ASN00092045,19990715,TMIN,100,,,a,
ASN00092045,19990716,TMIN,100,,,a,
ASN00092045,19990717,TMIN,70,,,a,
ASN00092045,19990718,TMIN,110,,,a,
ASN00092045,19990719,TMIN,110,,,a,
ASN00092045,19990720,TMIN,80,,,a,
ASN00092045,19990721,TMIN,60,,,a,
ASN00092045,19990722,TMIN,50,,,a,
ASN00092045,19990723,TMIN,50,,,a,
ASN00092045,19990724,TMIN,90,,,a,
ASN00092045,19990725,TMIN,30,,,a,
ASN00092045,19990726,TMIN,40,,,a,
ASN00092045,19990727,TMIN,70,,,a,
ASN00092045,19990728,TMIN,100,,,a,
ASN00092045,19990729,TMIN,80,,,a,
ASN00092045,19990730,TMIN,90,,,a,
ASN00092045,19990731,TMIN,70,,,a,
ASN00092045,19990701,PRCP,0,,,a,
ASN00092045,19990702,PRCP,0,,,a,
ASN00092045,19990703,PRCP,0,,,a,
ASN00092045,19990704,PRCP,0,,,a,
ASN00092045,19990705,PRCP,0,,,a,
ASN00092045,19990706,PRCP,40,,,a,
ASN00092045,19990707,PRCP,100,,,a,
ASN00092045,19990708,PRCP,40,,,a,
ASN00092045,19990709,PRCP,0,,,a,
ASN00092045,19990710,PRCP,4,,,a,
ASN00092045,19990711,PRCP,0,,,a,
ASN00092045,19990712,PRCP,6,,,a,
ASN00092045,19990713,PRCP,0,,,a,
ASN00092045,19990714,PRCP,0,,,a,
ASN00092045,19990715,PRCP,0,,,a,
ASN00092045,19990716,PRCP,2,,,a,
ASN00092045,19990717,PRCP,0,,,a,
ASN00092045,19990718,PRCP,10,,,a,
ASN00092045,19990719,PRCP,30,,,a,
ASN00092045,19990720,PRCP,110,,,a,
ASN00092045,19990721,PRCP,0,,,a,
ASN00092045,19990722,PRCP,10,,,a,
ASN00092045,19990723,PRCP,0,,,a,
ASN00092045,19990724,PRCP,0,,,a,
ASN00092045,19990725,PRCP,4,,,a,
ASN00092045,19990726,PRCP,0,,,a,
ASN00092045,19990727,PRCP,0,,,a,
ASN00092045,19990729,PRCP,6,,,a,
ASN00092045,19990730,PRCP,0,,,a,
ASN00092045,19990731,PRCP,0,,,a,
ASN00092045,19990701,TAVG,86,H,,S,
ASN00092045,19990702,TAVG,104,H,,S,
ASN00092045,19990703,TAVG,116,H,,S,
ASN00092045,19990704,TAVG,124,H,,S,
ASN00092045,19990705,TAVG,126,H,,S,
ASN00092045,19990706,TAVG,114,H,,S,
ASN00092045,19990707,TAVG,98,H,,S,
ASN00092045,19990708,TAVG,112,H,,S,
ASN00092045,19990709,TAVG,114,H,,S,
ASN00092045,19990710,TAVG,128,H,,S,
ASN00092045,19990711,TAVG,126,H,,S,
ASN00092045,19990712,TAVG,118,H,,S,
ASN00092045,19990713,TAVG,114,H,,S,
ASN00092045,19990714,TAVG,111,H,,S,
ASN00092045,19990715,TAVG,124,H,,S,
ASN00092045,19990716,TAVG,108,H,,S,
ASN00092045,19990717,TAVG,123,H,,S,
ASN00092045,19990718,TAVG,117,H,,S,
ASN00092045,19990719,TAVG,102,H,,S,
ASN00092045,19990720,TAVG,91,H,,S,
ASN00092045,19990721,TAVG,83,H,,S,
ASN00092045,19990722,TAVG,90,H,,S,
ASN00092045,19990723,TAVG,115,H,,S,
ASN00092045,19990724,TAVG,86,H,,S,
ASN00092045,19990725,TAVG,83,H,,S,
ASN00092045,19990726,TAVG,98,H,,S,
ASN00092045,19990727,TAVG,118,H,,S,
ASN00092045,19990728,TAVG,108,H,,S,
ASN00092045,19990729,TAVG,111,H,,S,
ASN00092045,19990730,TAVG,103,H,,S,
ASN00092045,19990731,TAVG,77,H,,S,
ASN00092045,19990801,TMAX,150,,,a,
ASN00092045,19990802,TMAX,150,,,a,
ASN00092045,19990803,TMAX,150,,,a,
ASN00092045,19990804,TMAX,170,,,a,
ASN00092045,19990805,TMAX,140,,,a,
ASN00092045,19990806,TMAX,140,,,a,
ASN00092045,19990807,TMAX,150,,,a,
ASN00092045,19990808,TMAX,140,,,a,
ASN00092045,19990809,TMAX,140,,,a,
ASN00092045,19990810,TMAX,170,,,a,
ASN00092045,19990811,TMAX,160,,,a,
ASN00092045,19990812,TMAX,140,,,a,
ASN00092045,19990813,TMAX,130,,,a,
ASN00092045,19990814,TMAX,130,,,a,
ASN00092045,19990815,TMAX,150,,,a,
ASN00092045,19990817,TMAX,130,,,a,
ASN00092045,19990818,TMAX,130,,,a,
ASN00092045,19990819,TMAX,140,,,a,
ASN00092045,19990820,TMAX,170,,,a,
ASN00092045,19990821,TMAX,150,,,a,
ASN00092045,19990822,TMAX,150,,,a,
ASN00092045,19990823,TMAX,130,,,a,
ASN00092045,19990824,TMAX,150,,,a,
ASN00092045,19990825,TMAX,150,,,a,
ASN00092045,19990826,TMAX,140,,,a,
ASN00092045,19990827,TMAX,120,,,a,
ASN00092045,19990828,TMAX,160,,,a,
ASN00092045,19990829,TMAX,160,,,a,
ASN00092045,19990830,TMAX,170,,,a,
ASN00092045,19990831,TMAX,190,,,a,
ASN00092045,19990801,TMIN,30,,,a,
ASN00092045,19990802,TMIN,50,,,a,
ASN00092045,19990803,TMIN,50,,,a,
ASN00092045,19990804,TMIN,70,,,a,
ASN00092045,19990805,TMIN,60,,,a,
ASN00092045,19990806,TMIN,60,,,a,
ASN00092045,19990807,TMIN,70,,,a,
ASN00092045,19990808,TMIN,120,,,a,
ASN00092045,19990809,TMIN,80,,,a,
ASN00092045,19990810,TMIN,70,,,a,
ASN00092045,19990811,TMIN,90,,,a,
ASN00092045,19990812,TMIN,110,,,a,
ASN00092045,19990813,TMIN,70,,,a,
ASN00092045,19990814,TMIN,50,,,a,
ASN00092045,19990815,TMIN,30,,,a,
ASN00092045,19990816,TMIN,50,,,a,
ASN00092045,19990818,TMIN,80,,,a,
ASN00092045,19990819,TMIN,110,,,a,
ASN00092045,19990820,TMIN,80,,,a,
ASN00092045,19990821,TMIN,40,,,a,
ASN00092045,19990822,TMIN,50,,,a,
ASN00092045,19990823,TMIN,60,,,a,
ASN00092045,19990824,TMIN,60,,,a,
ASN00092045,19990825,TMIN,90,,,a,
ASN00092045,19990826,TMIN,110,,,a,
ASN00092045,19990827,TMIN,110,,,a,
ASN00092045,19990828,TMIN,110,,,a,
ASN00092045,19990829,TMIN,120,,,a,
ASN00092045,19990830,TMIN,120,,,a,
ASN00092045,19990831,TMIN,120,,,a,
ASN00092045,19990801,PRCP,0,,,a,
ASN00092045,19990802,PRCP,0,,,a,
ASN00092045,19990803,PRCP,0,,,a,
ASN00092045,19990804,PRCP,0,,,a,
ASN00092045,19990805,PRCP,0,,,a,
ASN00092045,19990806,PRCP,0,,,a,
ASN00092045,19990807,PRCP,0,,,a,
ASN00092045,19990808,PRCP,0,,,a,
ASN00092045,19990809,PRCP,110,,,a,
ASN00092045,19990810,PRCP,0,,,a,
ASN00092045,19990811,PRCP,0,,,a,
ASN00092045,19990812,PRCP,30,,,a,
ASN00092045,19990813,PRCP,8,,,a,
ASN00092045,19990814,PRCP,20,,,a,
ASN00092045,19990815,PRCP,0,,,a,
ASN00092045,19990816,PRCP,0,,,a,
ASN00092045,19990818,PRCP,0,,,a,
ASN00092045,19990819,PRCP,70,,,a,
ASN00092045,19990820,PRCP,30,,,a,
ASN00092045,19990821,PRCP,0,,,a,
ASN00092045,19990822,PRCP,0,,,a,
ASN00092045,19990823,PRCP,0,,,a,
ASN00092045,19990824,PRCP,2,,,a,
ASN00092045,19990825,PRCP,0,,,a,
ASN00092045,19990826,PRCP,50,,,a,
ASN00092045,19990827,PRCP,110,,,a,
ASN00092045,19990828,PRCP,140,,,a,
ASN00092045,19990829,PRCP,4,,,a,
ASN00092045,19990830,PRCP,0,,,a,
ASN00092045,19990831,PRCP,6,,,a,
ASN00092045,19990801,TAVG,96,H,,S,
ASN00092045,19990802,TAVG,97,H,,S,
ASN00092045,19990803,TAVG,102,H,,S,
ASN00092045,19990804,TAVG,108,H,,S,
ASN00092045,19990805,TAVG,98,H,,S,
ASN00092045,19990806,TAVG,106,H,,S,
ASN00092045,19990807,TAVG,128,H,,S,
ASN00092045,19990808,TAVG,116,H,,S,
ASN00092045,19990809,TAVG,98,H,,S,
ASN00092045,19990810,TAVG,113,H,,S,
ASN00092045,19990811,TAVG,123,H,,S,
ASN00092045,19990812,TAVG,92,H,,S,
ASN00092045,19990813,TAVG,85,H,,S,
ASN00092045,19990814,TAVG,86,H,,S,
ASN00092045,19990815,TAVG,96,H,,S,
ASN00092045,19990816,TAVG,98,H,,S,
ASN00092045,19990817,TAVG,103,H,,S,
ASN00092045,19990818,TAVG,118,H,,S,
ASN00092045,19990819,TAVG,107,H,,S,
ASN00092045,19990820,TAVG,91,H,,S,
ASN00092045,19990821,TAVG,99,H,,S,
ASN00092045,19990822,TAVG,102,H,,S,
ASN00092045,19990823,TAVG,91,H,,S,
ASN00092045,19990824,TAVG,108,H,,S,
ASN00092045,19990825,TAVG,131,H,,S,
ASN00092045,19990826,TAVG,123,H,,S,
ASN00092045,19990827,TAVG,117,H,,S,
ASN00092045,19990828,TAVG,127,H,,S,
ASN00092045,19990829,TAVG,137,H,,S,
ASN00092045,19990830,TAVG,131,H,,S,
ASN00092045,19990831,TAVG,138,H,,S,
ASN00092045,19990901,TMAX,190,,,a,
ASN00092045,19990902,TMAX,150,,,a,
ASN00092045,19990903,TMAX,160,,,a,
ASN00092045,19990904,TMAX,170,,,a,
ASN00092045,19990905,TMAX,140,,,a,
ASN00092045,19990906,TMAX,120,,,a,
ASN00092045,19990907,TMAX,140,,,a,
ASN00092045,19990908,TMAX,150,,,a,
ASN00092045,19990909,TMAX,150,,,a,
ASN00092045,19990910,TMAX,160,,,a,
ASN00092045,19990911,TMAX,120,,,a,
ASN00092045,19990912,TMAX,140,,,a,
ASN00092045,19990913,TMAX,150,,,a,
ASN00092045,19990915,TMAX,170,,,a,
ASN00092045,19990921,TMAX,160,,,a,
ASN00092045,19990922,TMAX,190,,,a,
ASN00092045,19990923,TMAX,160,,,a,
ASN00092045,19990924,TMAX,170,,,a,
ASN00092045,19990925,TMAX,180,,,a,
ASN00092045,19990926,TMAX,170,,,a,
ASN00092045,19990927,TMAX,190,,,a,
ASN00092045,19990928,TMAX,170,,,a,
ASN00092045,19990929,TMAX,190,,,a,
ASN00092045,19990930,TMAX,170,,,a,
ASN00092045,19990901,TMIN,120,,,a,
ASN00092045,19990902,TMIN,120,,,a,
ASN00092045,19990903,TMIN,120,,,a,
ASN00092045,19990904,TMIN,120,,,a,
ASN00092045,19990905,TMIN,100,,,a,
ASN00092045,19990906,TMIN,80,,,a,
ASN00092045,19990907,TMIN,50,,,a,
ASN00092045,19990908,TMIN,70,,,a,
ASN00092045,19990909,TMIN,100,,,a,
ASN00092045,19990910,TMIN,50,,,a,
ASN00092045,19990911,TMIN,80,,,a,
ASN00092045,19990912,TMIN,80,,,a,
ASN00092045,19990913,TMIN,60,,,a,
ASN00092045,19990914,TMIN,60,,,a,
ASN00092045,19990916,TMIN,120,,,a,
ASN00092045,19990922,TMIN,110,,,a,
ASN00092045,19990923,TMIN,90,,,a,
ASN00092045,19990924,TMIN,90,,,a,
ASN00092045,19990925,TMIN,70,,,a,
ASN00092045,19990926,TMIN,80,,,a,
ASN00092045,19990927,TMIN,120,,,a,
ASN00092045,19990928,TMIN,130,,,a,
ASN00092045,19990929,TMIN,130,,,a,
ASN00092045,19990930,TMIN,120,,,a,
ASN00092045,19990901,PRCP,0,,,a,
ASN00092045,19990902,PRCP,0,,,a,
ASN00092045,19990903,PRCP,0,,,a,
ASN00092045,19990904,PRCP,0,,,a,
ASN00092045,19990905,PRCP,110,,,a,
ASN00092045,19990906,PRCP,20,,,a,
ASN00092045,19990907,PRCP,4,,,a,
ASN00092045,19990908,PRCP,4,,,a,
ASN00092045,19990909,PRCP,0,,,a,
ASN00092045,19990910,PRCP,50,,,a,
ASN00092045,19990911,PRCP,2,,,a,
ASN00092045,19990912,PRCP,0,,,a,
ASN00092045,19990913,PRCP,0,,,a,
ASN00092045,19990914,PRCP,0,,,a,
ASN00092045,19990916,PRCP,2,,,a,
ASN00092045,19990923,PRCP,2,,,a,
ASN00092045,19990924,PRCP,0,,,a,
ASN00092045,19990925,PRCP,0,,,a,
ASN00092045,19990926,PRCP,0,,,a,
ASN00092045,19990927,PRCP,0,,,a,
ASN00092045,19990928,PRCP,2,,,a,
ASN00092045,19990929,PRCP,0,,,a,
ASN00092045,19990930,PRCP,6,,,a,
ASN00092045,19990901,TAVG,136,H,,S,
ASN00092045,19990902,TAVG,129,H,,S,
ASN00092045,19990903,TAVG,147,H,,S,
ASN00092045,19990904,TAVG,122,H,,S,
ASN00092045,19990905,TAVG,103,H,,S,
ASN00092045,19990906,TAVG,85,H,,S,
ASN00092045,19990907,TAVG,101,H,,S,
ASN00092045,19990908,TAVG,113,H,,S,
ASN00092045,19990909,TAVG,98,H,,S,
ASN00092045,19990910,TAVG,105,H,,S,
ASN00092045,19990911,TAVG,98,H,,S,
ASN00092045,19990912,TAVG,100,H,,S,
ASN00092045,19990913,TAVG,106,H,,S,
ASN00092045,19990914,TAVG,132,H,,S,
ASN00092045,19990921,TAVG,134,H,,S,
ASN00092045,19990922,TAVG,130,H,,S,
ASN00092045,19990923,TAVG,118,H,,S,
ASN00092045,19990924,TAVG,122,H,,S,
ASN00092045,19990925,TAVG,126,H,,S,
ASN00092045,19990926,TAVG,139,H,,S,
ASN00092045,19990927,TAVG,151,H,,S,
ASN00092045,19990928,TAVG,151,H,,S,
ASN00092045,19990929,TAVG,147,H,,S,
ASN00092045,19990930,TAVG,134,H,,S,
ASN00092045,19991001,TMAX,190,,,a,
ASN00092045,19991003,TMAX,180,,,a,
ASN00092045,19991004,TMAX,160,,,a,
ASN00092045,19991005,TMAX,150,,,a,
ASN00092045,19991006,TMAX,160,,,a,
ASN00092045,19991007,TMAX,210,,,a,
ASN00092045,19991008,TMAX,230,,,a,
ASN00092045,19991009,TMAX,240,,,a,
ASN00092045,19991010,TMAX,160,,,a,
ASN00092045,19991011,TMAX,200,,,a,
ASN00092045,19991012,TMAX,180,,,a,
ASN00092045,19991013,TMAX,190,,,a,
ASN00092045,19991014,TMAX,150,,,a,
ASN00092045,19991015,TMAX,170,,,a,
ASN00092045,19991016,TMAX,180,,,a,
ASN00092045,19991017,TMAX,170,,,a,
ASN00092045,19991018,TMAX,190,,,a,
ASN00092045,19991019,TMAX,160,,,a,
ASN00092045,19991020,TMAX,160,,,a,
ASN00092045,19991024,TMAX,170,,,a,
ASN00092045,19991025,TMAX,160,,,a,
ASN00092045,19991026,TMAX,180,,,a,
ASN00092045,19991027,TMAX,170,,,a,
ASN00092045,19991028,TMAX,170,,,a,
ASN00092045,19991030,TMAX,190,,,a,
ASN00092045,19991031,TMAX,150,,,a,
ASN00092045,19991001,TMIN,110,,,a,
ASN00092045,19991002,TMIN,80,,,a,
ASN00092045,19991004,TMIN,90,,,a,
ASN00092045,19991005,TMIN,100,,,a,
ASN00092045,19991006,TMIN,80,,,a,
ASN00092045,19991007,TMIN,130,,,a,
ASN00092045,19991008,TMIN,120,,,a,
ASN00092045,19991009,TMIN,130,,,a,
ASN00092045,19991010,TMIN,140,,,a,
ASN00092045,19991011,TMIN,130,,,a,
ASN00092045,19991012,TMIN,110,,,a,
ASN00092045,19991013,TMIN,120,,,a,
ASN00092045,19991014,TMIN,130,,,a,
ASN00092045,19991015,TMIN,140,,,a,
ASN00092045,19991016,TMIN,80,,,a,
ASN00092045,19991017,TMIN,100,,,a,
ASN00092045,19991018,TMIN,120,,,a,
ASN00092045,19991019,TMIN,100,,,a,
ASN00092045,19991020,TMIN,80,,,a,
ASN00092045,19991021,TMIN,100,,,a,
ASN00092045,19991025,TMIN,110,,,a,
ASN00092045,19991026,TMIN,80,,,a,
ASN00092045,19991027,TMIN,100,,,a,
ASN00092045,19991028,TMIN,90,,,a,
ASN00092045,19991029,TMIN,120,,,a,
ASN00092045,19991031,TMIN,110,,,a,
ASN00092045,19991001,PRCP,0,,,a,
ASN00092045,19991002,PRCP,0,,,a,
ASN00092045,19991004,PRCP,0,,,a,
ASN00092045,19991005,PRCP,120,,,a,
ASN00092045,19991006,PRCP,0,,,a,
ASN00092045,19991007,PRCP,0,,,a,
ASN00092045,19991008,PRCP,0,,,a,
ASN00092045,19991009,PRCP,0,,,a,
ASN00092045,19991010,PRCP,8,,,a,
ASN00092045,19991011,PRCP,170,,,a,
ASN00092045,19991012,PRCP,2,,,a,
ASN00092045,19991013,PRCP,0,,,a,
ASN00092045,19991014,PRCP,2,,,a,
ASN00092045,19991015,PRCP,20,,,a,
ASN00092045,19991016,PRCP,20,,,a,
ASN00092045,19991017,PRCP,0,,,a,
ASN00092045,19991018,PRCP,0,,,a,
ASN00092045,19991019,PRCP,0,,,a,
ASN00092045,19991020,PRCP,0,,,a,
ASN00092045,19991021,PRCP,0,,,a,
ASN00092045,19991025,PRCP,0,,,a,
ASN00092045,19991026,PRCP,2,,,a,
ASN00092045,19991027,PRCP,30,,,a,
ASN00092045,19991028,PRCP,10,,,a,
ASN00092045,19991029,PRCP,4,,,a,
ASN00092045,19991031,PRCP,0,,,a,
ASN00092045,19991001,TAVG,123,H,,S,
ASN00092045,19991002,TAVG,124,H,,S,
ASN00092045,19991003,TAVG,125,H,,S,
ASN00092045,19991004,TAVG,117,H,,S,
ASN00092045,19991005,TAVG,124,H,,S,
ASN00092045,19991006,TAVG,141,H,,S,
ASN00092045,19991007,TAVG,145,H,,S,
ASN00092045,19991008,TAVG,161,H,,S,
ASN00092045,19991009,TAVG,166,H,,S,
ASN00092045,19991010,TAVG,143,H,,S,
ASN00092045,19991011,TAVG,148,H,,S,
ASN00092045,19991012,TAVG,148,H,,S,
ASN00092045,19991013,TAVG,146,H,,S,
ASN00092045,19991014,TAVG,147,H,,S,
ASN00092045,19991015,TAVG,133,H,,S,
ASN00092045,19991016,TAVG,134,H,,S,
ASN00092045,19991017,TAVG,144,H,,S,
ASN00092045,19991018,TAVG,141,H,,S,
ASN00092045,19991019,TAVG,114,H,,S,
ASN00092045,19991020,TAVG,127,H,,S,
ASN00092045,19991022,TAVG,76,H,,S,
ASN00092045,19991023,TAVG,125,H,,S,
ASN00092045,19991024,TAVG,133,H,,S,
ASN00092045,19991025,TAVG,121,H,,S,
ASN00092045,19991026,TAVG,118,H,,S,
ASN00092045,19991027,TAVG,129,H,,S,
ASN00092045,19991028,TAVG,141,H,,S,
ASN00092045,19991029,TAVG,134,H,,S,
ASN00092045,19991030,TAVG,143,H,,S,
ASN00092045,19991031,TAVG,103,H,,S,
ASN00092045,19991101,TMAX,180,,,a,
ASN00092045,19991102,TMAX,180,,,a,
ASN00092045,19991103,TMAX,180,,,a,
ASN00092045,19991104,TMAX,180,,,a,
ASN00092045,19991105,TMAX,190,,,a,
ASN00092045,19991106,TMAX,170,,,a,
ASN00092045,19991107,TMAX,210,,,a,
ASN00092045,19991108,TMAX,170,,,a,
ASN00092045,19991109,TMAX,170,,,a,
ASN00092045,19991110,TMAX,170,,,a,
ASN00092045,19991111,TMAX,220,,,a,
ASN00092045,19991112,TMAX,180,,,a,
ASN00092045,19991113,TMAX,200,,,a,
ASN00092045,19991114,TMAX,160,,,a,
ASN00092045,19991115,TMAX,160,,,a,
ASN00092045,19991116,TMAX,150,,,a,
ASN00092045,19991117,TMAX,160,,,a,
ASN00092045,19991118,TMAX,170,,,a,
ASN00092045,19991119,TMAX,180,,,a,
ASN00092045,19991120,TMAX,180,,,a,
ASN00092045,19991121,TMAX,170,,,a,
ASN00092045,19991122,TMAX,160,,,a,
ASN00092045,19991123,TMAX,190,,,a,
ASN00092045,19991124,TMAX,190,,,a,
ASN00092045,19991125,TMAX,190,,,a,
ASN00092045,19991126,TMAX,180,,,a,
ASN00092045,19991127,TMAX,170,,,a,
ASN00092045,19991128,TMAX,170,,,a,
ASN00092045,19991129,TMAX,190,,,a,
ASN00092045,19991130,TMAX,200,,,a,
ASN00092045,19991101,TMIN,50,,,a,
ASN00092045,19991102,TMIN,110,,,a,
ASN00092045,19991103,TMIN,90,,,a,
ASN00092045,19991104,TMIN,120,,,a,
ASN00092045,19991105,TMIN,130,,,a,
ASN00092045,19991106,TMIN,140,,,a,
ASN00092045,19991107,TMIN,110,,,a,
ASN00092045,19991108,TMIN,90,,,a,
ASN00092045,19991109,TMIN,70,,,a,
ASN00092045,19991110,TMIN,80,,,a,
ASN00092045,19991111,TMIN,90,,,a,
ASN00092045,19991112,TMIN,130,,,a,
ASN00092045,19991113,TMIN,120,,,a,
ASN00092045,19991114,TMIN,90,,,a,
ASN00092045,19991115,TMIN,90,,,a,
ASN00092045,19991116,TMIN,50,,,a,
ASN00092045,19991117,TMIN,80,,,a,
ASN00092045,19991118,TMIN,80,,,a,
ASN00092045,19991119,TMIN,120,,,a,
ASN00092045,19991120,TMIN,120,,,a,
ASN00092045,19991121,TMIN,130,,,a,
ASN00092045,19991122,TMIN,140,,,a,
ASN00092045,19991123,TMIN,80,,,a,
ASN00092045,19991124,TMIN,100,,,a,
ASN00092045,19991125,TMIN,100,,,a,
ASN00092045,19991126,TMIN,130,,,a,
ASN00092045,19991127,TMIN,110,,,a,
ASN00092045,19991128,TMIN,90,,,a,
ASN00092045,19991129,TMIN,100,,,a,
ASN00092045,19991130,TMIN,120,,,a,
ASN00092045,19991101,PRCP,2,,,a,
ASN00092045,19991102,PRCP,0,,,a,
ASN00092045,19991103,PRCP,4,,,a,
ASN00092045,19991104,PRCP,10,,,a,
ASN00092045,19991105,PRCP,2,,,a,
ASN00092045,19991106,PRCP,0,,,a,
ASN00092045,19991107,PRCP,130,,,a,
ASN00092045,19991108,PRCP,2,,,a,
ASN00092045,19991109,PRCP,0,,,a,
ASN00092045,19991110,PRCP,8,,,a,
ASN00092045,19991111,PRCP,2,,,a,
ASN00092045,19991112,PRCP,0,,,a,
ASN00092045,19991113,PRCP,0,,,a,
ASN00092045,19991114,PRCP,0,,,a,
ASN00092045,19991115,PRCP,4,,,a,
ASN00092045,19991116,PRCP,0,,,a,
ASN00092045,19991117,PRCP,0,,,a,
ASN00092045,19991118,PRCP,0,,,a,
ASN00092045,19991119,PRCP,0,,,a,
ASN00092045,19991120,PRCP,0,,,a,
ASN00092045,19991121,PRCP,0,,,a,
ASN00092045,19991122,PRCP,50,,,a,
ASN00092045,19991123,PRCP,190,,,a,
ASN00092045,19991124,PRCP,0,,,a,
ASN00092045,19991125,PRCP,0,,,a,
ASN00092045,19991126,PRCP,0,,,a,
ASN00092045,19991127,PRCP,0,,,a,
ASN00092045,19991128,PRCP,0,,,a,
ASN00092045,19991129,PRCP,0,,,a,
ASN00092045,19991130,PRCP,0,,,a,
ASN00092045,19991101,TAVG,139,H,,S,
ASN00092045,19991102,TAVG,142,H,,S,
ASN00092045,19991103,TAVG,146,H,,S,
ASN00092045,19991104,TAVG,152,H,,S,
ASN00092045,19991105,TAVG,151,H,,S,
ASN00092045,19991106,TAVG,140,H,,S,
ASN00092045,19991107,TAVG,135,H,,S,
ASN00092045,19991108,TAVG,119,H,,S,
ASN00092045,19991109,TAVG,117,H,,S,
ASN00092045,19991110,TAVG,127,H,,S,
ASN00092045,19991111,TAVG,154,H,,S,
ASN00092045,19991112,TAVG,143,H,,S,
ASN00092045,19991113,TAVG,137,H,,S,
ASN00092045,19991114,TAVG,124,H,,S,
ASN00092045,19991115,TAVG,102,H,,S,
ASN00092045,19991116,TAVG,110,H,,S,
ASN00092045,19991117,TAVG,119,H,,S,
ASN00092045,19991118,TAVG,135,H,,S,
ASN00092045,19991119,TAVG,141,H,,S,
ASN00092045,19991120,TAVG,148,H,,S,
ASN00092045,19991121,TAVG,153,H,,S,
ASN00092045,19991122,TAVG,121,H,,S,
ASN00092045,19991123,TAVG,143,H,,S,
ASN00092045,19991124,TAVG,143,H,,S,
ASN00092045,19991125,TAVG,147,H,,S,
ASN00092045,19991126,TAVG,129,H,,S,
ASN00092045,19991127,TAVG,130,H,,S,
ASN00092045,19991128,TAVG,144,H,,S,
ASN00092045,19991129,TAVG,151,H,,S,
ASN00092045,19991201,TMAX,210,,,a,
ASN00092045,19991202,TMAX,320,,,a,
ASN00092045,19991203,TMAX,280,,,a,
ASN00092045,19991204,TMAX,220,,,a,
ASN00092045,19991205,TMAX,200,,,a,
ASN00092045,19991206,TMAX,200,,,a,
ASN00092045,19991207,TMAX,210,,,a,
ASN00092045,19991208,TMAX,200,,,a,
ASN00092045,19991209,TMAX,220,,,a,
ASN00092045,19991210,TMAX,190,,,a,
ASN00092045,19991211,TMAX,210,,,a,
ASN00092045,19991212,TMAX,210,,,a,
ASN00092045,19991213,TMAX,180,,,a,
ASN00092045,19991214,TMAX,210,,,a,
ASN00092045,19991215,TMAX,210,,,a,
ASN00092045,19991216,TMAX,190,,,a,
ASN00092045,19991217,TMAX,220,,,a,
ASN00092045,19991218,TMAX,200,,,a,
ASN00092045,19991219,TMAX,170,,,a,
ASN00092045,19991220,TMAX,200,,,a,
ASN00092045,19991221,TMAX,210,,,a,
ASN00092045,19991222,TMAX,220,,,a,
ASN00092045,19991223,TMAX,210,,,a,
ASN00092045,19991224,TMAX,180,,,a,
ASN00092045,19991225,TMAX,200,,,a,
ASN00092045,19991226,TMAX,190,,,a,
ASN00092045,19991227,TMAX,170,,,a,
ASN00092045,19991228,TMAX,180,,,a,
ASN00092045,19991229,TMAX,170,,,a,
ASN00092045,19991230,TMAX,180,,,a,
ASN00092045,19991231,TMAX,170,,,a,
ASN00092045,19991201,TMIN,130,,,a,
ASN00092045,19991202,TMIN,150,,,a,
ASN00092045,19991203,TMIN,180,,,a,
ASN00092045,19991204,TMIN,110,,,a,
ASN00092045,19991205,TMIN,110,,,a,
ASN00092045,19991206,TMIN,130,,,a,
ASN00092045,19991207,TMIN,130,,,a,
ASN00092045,19991208,TMIN,160,,,a,
ASN00092045,19991209,TMIN,150,,,a,
ASN00092045,19991210,TMIN,70,,,a,
ASN00092045,19991211,TMIN,120,,,a,
ASN00092045,19991212,TMIN,60,,,a,
ASN00092045,19991213,TMIN,100,,,a,
ASN00092045,19991214,TMIN,110,,,a,
ASN00092045,19991215,TMIN,150,,,a,
ASN00092045,19991216,TMIN,170,,,a,
ASN00092045,19991217,TMIN,110,,,a,
ASN00092045,19991218,TMIN,110,,,a,
ASN00092045,19991219,TMIN,80,,,a,
ASN00092045,19991220,TMIN,100,,,a,
ASN00092045,19991221,TMIN,100,,,a,
ASN00092045,19991222,TMIN,140,,,a,
ASN00092045,19991223,TMIN,130,,,a,
ASN00092045,19991224,TMIN,140,,,a,
ASN00092045,19991225,TMIN,140,,,a,
ASN00092045,19991226,TMIN,150,,,a,
ASN00092045,19991227,TMIN,150,,,a,
ASN00092045,19991228,TMIN,150,,,a,
ASN00092045,19991229,TMIN,120,,,a,
ASN00092045,19991230,TMIN,110,,,a,
ASN00092045,19991231,TMIN,110,,,a,
ASN00092045,19991201,PRCP,0,,,a,
ASN00092045,19991202,PRCP,2,,,a,
ASN00092045,19991203,PRCP,0,,,a,
ASN00092045,19991204,PRCP,10,,,a,
ASN00092045,19991205,PRCP,0,,,a,
ASN00092045,19991206,PRCP,0,,,a,
ASN00092045,19991207,PRCP,0,,,a,
ASN00092045,19991208,PRCP,0,,,a,
ASN00092045,19991209,PRCP,2,,,a,
ASN00092045,19991210,PRCP,0,,,a,
ASN00092045,19991211,PRCP,4,,,a,
ASN00092045,19991212,PRCP,30,,,a,
ASN00092045,19991213,PRCP,2,,,a,
ASN00092045,19991214,PRCP,0,,,a,
ASN00092045,19991215,PRCP,0,,,a,
ASN00092045,19991216,PRCP,8,,,a,
ASN00092045,19991217,PRCP,130,,,a,
ASN00092045,19991218,PRCP,0,,,a,
ASN00092045,19991219,PRCP,8,,,a,
ASN00092045,19991220,PRCP,6,,,a,
ASN00092045,19991221,PRCP,0,,,a,
ASN00092045,19991222,PRCP,0,,,a,
ASN00092045,19991223,PRCP,0,,,a,
ASN00092045,19991224,PRCP,0,,,a,
ASN00092045,19991225,PRCP,0,,,a,
ASN00092045,19991226,PRCP,2,,,a,
ASN00092045,19991227,PRCP,30,,,a,
ASN00092045,19991228,PRCP,490,,,a,
ASN00092045,19991229,PRCP,30,,,a,
ASN00092045,19991230,PRCP,2,,,a,
ASN00092045,19991231,PRCP,0,,,a,
ASN00092045,19991207,TAVG,174,H,,S,
ASN00092045,19991208,TAVG,176,H,,S,
ASN00092045,19991209,TAVG,135,H,,S,
ASN00092045,19991210,TAVG,150,H,,S,
ASN00092045,19991211,TAVG,123,H,,S,
ASN00092045,19991212,TAVG,149,H,,S,
ASN00092045,19991213,TAVG,148,H,,S,
ASN00092045,19991214,TAVG,172,H,,S,
ASN00092045,19991215,TAVG,183,H,,S,
ASN00092045,19991216,TAVG,143,H,,S,
ASN00092045,19991217,TAVG,148,H,,S,
ASN00092045,19991218,TAVG,129,H,,S,
ASN00092045,19991219,TAVG,132,H,,S,
ASN00092045,19991220,TAVG,142,H,,S,
ASN00092045,19991221,TAVG,168,H,,S,
ASN00092045,19991222,TAVG,169,H,,S,
ASN00092045,19991223,TAVG,158,H,,S,
ASN00092045,19991224,TAVG,154,H,,S,
ASN00092045,19991225,TAVG,162,H,,S,
ASN00092045,19991226,TAVG,167,H,,S,
ASN00092045,19991227,TAVG,160,H,,S,
ASN00092045,19991228,TAVG,143,H,,S,
ASN00092045,19991229,TAVG,137,H,,S,
ASN00092045,19991230,TAVG,146,H,,S,
ASN00092045,19991231,TAVG,135,H,,S,
ASN00092045,20000101,TMAX,190,,,a,
ASN00092045,20000102,TMAX,200,,,a,
ASN00092045,20000103,TMAX,220,,,a,
ASN00092045,20000104,TMAX,170,,,a,
ASN00092045,20000105,TMAX,190,,,a,
ASN00092045,20000106,TMAX,180,,,a,
ASN00092045,20000107,TMAX,210,,,a,
ASN00092045,20000108,TMAX,200,,,a,
ASN00092045,20000109,TMAX,210,,,a,
ASN00092045,20000110,TMAX,230,,,a,
ASN00092045,20000111,TMAX,220,,,a,
ASN00092045,20000112,TMAX,210,,,a,
ASN00092045,20000113,TMAX,220,,,a,
ASN00092045,20000114,TMAX,230,,,a,
ASN00092045,20000115,TMAX,220,,,a,
ASN00092045,20000116,TMAX,220,,,a,
ASN00092045,20000117,TMAX,190,,,a,
ASN00092045,20000118,TMAX,210,,,a,
ASN00092045,20000119,TMAX,250,,,a,
ASN00092045,20000120,TMAX,220,,,a,
ASN00092045,20000121,TMAX,220,,,a,
ASN00092045,20000122,TMAX,210,,,a,
ASN00092045,20000123,TMAX,200,,,a,
ASN00092045,20000124,TMAX,180,,,a,
ASN00092045,20000125,TMAX,180,,,a,
ASN00092045,20000126,TMAX,170,,,a,
ASN00092045,20000127,TMAX,200,,,a,
ASN00092045,20000128,TMAX,210,,,a,
ASN00092045,20000129,TMAX,220,,,a,
ASN00092045,20000130,TMAX,190,,,a,
ASN00092045,20000131,TMAX,200,,,a,
ASN00092045,20000101,TMIN,110,,,a,
ASN00092045,20000102,TMIN,130,,,a,
ASN00092045,20000103,TMIN,150,,,a,
ASN00092045,20000104,TMIN,140,,,a,
ASN00092045,20000105,TMIN,110,,,a,
ASN00092045,20000106,TMIN,130,,,a,
ASN00092045,20000107,TMIN,140,,,a,
ASN00092045,20000108,TMIN,130,,,a,
ASN00092045,20000109,TMIN,150,,,a,
ASN00092045,20000110,TMIN,160,,,a,
ASN00092045,20000111,TMIN,150,,,a,
ASN00092045,20000112,TMIN,160,,,a,
ASN00092045,20000113,TMIN,170,,,a,
ASN00092045,20000114,TMIN,160,,,a,
ASN00092045,20000115,TMIN,170,,,a,
ASN00092045,20000116,TMIN,160,,,a,
ASN00092045,20000117,TMIN,130,,,a,
ASN00092045,20000118,TMIN,150,,,a,
ASN00092045,20000119,TMIN,170,,,a,
ASN00092045,20000120,TMIN,160,,,a,
ASN00092045,20000121,TMIN,140,,,a,
ASN00092045,20000122,TMIN,80,,,a,
ASN00092045,20000123,TMIN,60,,,a,
ASN00092045,20000124,TMIN,100,,,a,
ASN00092045,20000125,TMIN,150,,,a,
ASN00092045,20000126,TMIN,130,,,a,
ASN00092045,20000127,TMIN,140,,,a,
ASN00092045,20000128,TMIN,140,,,a,
ASN00092045,20000129,TMIN,120,,,a,
ASN00092045,20000130,TMIN,100,,,a,
ASN00092045,20000131,TMIN,130,,,a,
ASN00092045,20000101,PRCP,0,,,a,
ASN00092045,20000102,PRCP,0,,,a,
ASN00092045,20000103,PRCP,0,,,a,
ASN00092045,20000104,PRCP,420,,,a,
ASN00092045,20000105,PRCP,330,,,a,
ASN00092045,20000106,PRCP,0,,,a,
ASN00092045,20000107,PRCP,0,,,a,
ASN00092045,20000108,PRCP,0,,,a,
ASN00092045,20000109,PRCP,0,,,a,
ASN00092045,20000110,PRCP,0,,,a,
ASN00092045,20000111,PRCP,0,,,a,
ASN00092045,20000112,PRCP,0,,,a,
ASN00092045,20000113,PRCP,0,,,a,
ASN00092045,20000114,PRCP,0,,,a,
ASN00092045,20000115,PRCP,20,,,a,
ASN00092045,20000116,PRCP,6,,,a,
ASN00092045,20000117,PRCP,0,,,a,
ASN00092045,20000118,PRCP,0,,,a,
ASN00092045,20000119,PRCP,40,,,a,
ASN00092045,20000120,PRCP,0,,,a,
ASN00092045,20000121,PRCP,0,,,a,
ASN00092045,20000122,PRCP,0,,,a,
ASN00092045,20000123,PRCP,70,,,a,
ASN00092045,20000124,PRCP,0,,,a,
ASN00092045,20000125,PRCP,0,,,a,
ASN00092045,20000126,PRCP,200,,,a,
ASN00092045,20000127,PRCP,220,,,a,
ASN00092045,20000128,PRCP,8,,,a,
ASN00092045,20000129,PRCP,2,,,a,
ASN00092045,20000130,PRCP,0,,,a,
ASN00092045,20000131,PRCP,0,,,a,
ASN00092045,20000101,TAVG,148,H,,S,
ASN00092045,20000102,TAVG,164,H,,S,
ASN00092045,20000103,TAVG,174,H,,S,
ASN00092045,20000104,TAVG,133,H,,S,
ASN00092045,20000105,TAVG,149,H,,S,
ASN00092045,20000106,TAVG,154,H,,S,
ASN00092045,20000107,TAVG,158,H,,S,
ASN00092045,20000108,TAVG,170,H,,S,
ASN00092045,20000109,TAVG,178,H,,S,
ASN00092045,20000110,TAVG,184,H,,S,
ASN00092045,20000111,TAVG,186,H,,S,
ASN00092045,20000112,TAVG,183,H,,S,
ASN00092045,20000113,TAVG,187,H,,S,
ASN00092045,20000114,TAVG,194,H,,S,
ASN00092045,20000115,TAVG,174,H,,S,
ASN00092045,20000116,TAVG,163,H,,S,
ASN00092045,20000117,TAVG,168,H,,S,
ASN00092045,20000118,TAVG,184,H,,S,
ASN00092045,20000119,TAVG,198,H,,S,
ASN00092045,20000120,TAVG,166,H,,S,
ASN00092045,20000121,TAVG,142,H,,S,
ASN00092045,20000122,TAVG,111,H,,S,
ASN00092045,20000123,TAVG,139,H,,S,
ASN00092045,20000124,TAVG,156,H,,S,
ASN00092045,20000125,TAVG,154,H,,S,
ASN00092045,20000126,TAVG,156,H,,S,
ASN00092045,20000127,TAVG,169,H,,S,
ASN00092045,20000128,TAVG,166,H,,S,
ASN00092045,20000129,TAVG,158,H,,S,
ASN00092045,20000130,TAVG,160,H,,S,
ASN00092045,20000131,TAVG,171,H,,S,
ASN00092045,20000201,TMAX,210,,,a,
ASN00092045,20000202,TMAX,270,,,a,
ASN00092045,20000203,TMAX,310,,,a,
ASN00092045,20000204,TMAX,250,,,a,
ASN00092045,20000205,TMAX,240,,,a,
ASN00092045,20000206,TMAX,210,,,a,
ASN00092045,20000207,TMAX,220,,,a,
ASN00092045,20000208,TMAX,260,,,a,
ASN00092045,20000209,TMAX,230,,,a,
ASN00092045,20000210,TMAX,290,,,a,
ASN00092045,20000211,TMAX,180,,,a,
ASN00092045,20000212,TMAX,230,,,a,
ASN00092045,20000213,TMAX,170,,,a,
ASN00092045,20000214,TMAX,180,,,a,
ASN00092045,20000215,TMAX,210,,,a,
ASN00092045,20000216,TMAX,210,,,a,
ASN00092045,20000217,TMAX,240,,,a,
ASN00092045,20000218,TMAX,230,,,a,
ASN00092045,20000219,TMAX,230,,,a,
ASN00092045,20000220,TMAX,200,,,a,
ASN00092045,20000221,TMAX,190,,,a,
ASN00092045,20000222,TMAX,210,,,a,
ASN00092045,20000223,TMAX,230,,,a,
ASN00092045,20000224,TMAX,240,,,a,
ASN00092045,20000225,TMAX,210,,,a,
ASN00092045,20000226,TMAX,260,,,a,
ASN00092045,20000227,TMAX,200,,,a,
ASN00092045,20000228,TMAX,220,,,a,
ASN00092045,20000229,TMAX,200,,,a,
ASN00092045,20000201,TMIN,150,,,a,
ASN00092045,20000202,TMIN,170,,,a,
ASN00092045,20000203,TMIN,180,,,a,
ASN00092045,20000204,TMIN,170,,,a,
ASN00092045,20000205,TMIN,180,,,a,
ASN00092045,20000206,TMIN,110,,,a,
ASN00092045,20000207,TMIN,130,,,a,
ASN00092045,20000208,TMIN,180,,,a,
ASN00092045,20000209,TMIN,170,,,a,
ASN00092045,20000210,TMIN,180,,,a,
ASN00092045,20000211,TMIN,160,,,a,
ASN00092045,20000212,TMIN,130,,,a,
ASN00092045,20000213,TMIN,100,,,a,
ASN00092045,20000214,TMIN,130,,,a,
ASN00092045,20000215,TMIN,150,,,a,
ASN00092045,20000216,TMIN,140,,,a,
ASN00092045,20000217,TMIN,150,,,a,
ASN00092045,20000218,TMIN,170,,,a,
ASN00092045,20000219,TMIN,180,,,a,
ASN00092045,20000220,TMIN,190,,,a,
ASN00092045,20000221,TMIN,150,,,a,
ASN00092045,20000222,TMIN,160,,,a,
ASN00092045,20000223,TMIN,170,,,a,
ASN00092045,20000224,TMIN,160,,,a,
ASN00092045,20000225,TMIN,180,,,a,
ASN00092045,20000226,TMIN,180,,,a,
ASN00092045,20000227,TMIN,130,,,a,
ASN00092045,20000228,TMIN,140,,,a,
ASN00092045,20000229,TMIN,170,,,a,
ASN00092045,20000201,PRCP,0,,,a,
ASN00092045,20000202,PRCP,0,,,a,
ASN00092045,20000203,PRCP,0,,,a,
ASN00092045,20000204,PRCP,0,,,a,
ASN00092045,20000205,PRCP,0,,,a,
ASN00092045,20000206,PRCP,0,,,a,
ASN00092045,20000207,PRCP,0,,,a,
ASN00092045,20000208,PRCP,0,,,a,
ASN00092045,20000209,PRCP,0,,,a,
ASN00092045,20000210,PRCP,0,,,a,
ASN00092045,20000211,PRCP,20,,,a,
ASN00092045,20000212,PRCP,0,,,a,
ASN00092045,20000213,PRCP,2,,,a,
ASN00092045,20000214,PRCP,0,,,a,
ASN00092045,20000215,PRCP,0,,,a,
ASN00092045,20000216,PRCP,0,,,a,
ASN00092045,20000217,PRCP,0,,,a,
ASN00092045,20000218,PRCP,0,,,a,
ASN00092045,20000219,PRCP,0,,,a,
ASN00092045,20000220,PRCP,0,,,a,
ASN00092045,20000221,PRCP,0,,,a,
ASN00092045,20000222,PRCP,2,,,a,
ASN00092045,20000223,PRCP,0,,,a,
ASN00092045,20000224,PRCP,0,,,a,
ASN00092045,20000225,PRCP,0,,,a,
ASN00092045,20000226,PRCP,20,,,a,
ASN00092045,20000227,PRCP,6,,,a,
ASN00092045,20000228,PRCP,0,,,a,
ASN00092045,20000229,PRCP,0,,,a,
ASN00092045,20000201,TAVG,184,H,,S,
ASN00092045,20000202,TAVG,207,H,,S,
ASN00092045,20000203,TAVG,207,H,,S,
ASN00092045,20000204,TAVG,201,H,,S,
ASN00092045,20000205,TAVG,169,H,,S,
ASN00092045,20000206,TAVG,173,H,,S,
ASN00092045,20000207,TAVG,194,H,,S,
ASN00092045,20000208,TAVG,199,H,,S,
ASN00092045,20000209,TAVG,193,H,,S,
ASN00092045,20000210,TAVG,208,H,,S,
ASN00092045,20000211,TAVG,156,H,,S,
ASN00092045,20000212,TAVG,143,H,,S,
ASN00092045,20000213,TAVG,148,H,,S,
ASN00092045,20000214,TAVG,163,H,,S,
ASN00092045,20000215,TAVG,174,H,,S,
ASN00092045,20000216,TAVG,183,H,,S,
ASN00092045,20000217,TAVG,198,H,,S,
ASN00092045,20000218,TAVG,199,H,,S,
ASN00092045,20000219,TAVG,209,H,,S,
ASN00092045,20000220,TAVG,163,H,,S,
ASN00092045,20000221,TAVG,173,H,,S,
ASN00092045,20000222,TAVG,194,H,,S,
ASN00092045,20000223,TAVG,193,H,,S,
ASN00092045,20000224,TAVG,196,H,,S,
ASN00092045,20000225,TAVG,196,H,,S,
ASN00092045,20000226,TAVG,180,H,,S,
ASN00092045,20000227,TAVG,174,H,,S,
ASN00092045,20000228,TAVG,187,H,,S,
ASN00092045,20000229,TAVG,181,H,,S,
ASN00092045,20000301,TMAX,230,,,a,
ASN00092045,20000302,TMAX,300,,,a,
ASN00092045,20000303,TMAX,210,,,a,
ASN00092045,20000304,TMAX,220,,,a,
ASN00092045,20000305,TMAX,230,,,a,
ASN00092045,20000306,TMAX,180,,,a,
ASN00092045,20000307,TMAX,190,,,a,
ASN00092045,20000308,TMAX,210,,,a,
ASN00092045,20000309,TMAX,190,,,a,
ASN00092045,20000310,TMAX,250,,,a,
ASN00092045,20000311,TMAX,220,,,a,
ASN00092045,20000312,TMAX,170,,,a,
ASN00092045,20000313,TMAX,190,,,a,
ASN00092045,20000314,TMAX,220,,,a,
ASN00092045,20000315,TMAX,190,,,a,
ASN00092045,20000316,TMAX,210,,,a,
ASN00092045,20000317,TMAX,250,,,a,
ASN00092045,20000318,TMAX,240,,,a,
ASN00092045,20000319,TMAX,210,,,a,
ASN00092045,20000320,TMAX,210,,,a,
ASN00092045,20000321,TMAX,190,,,a,
ASN00092045,20000322,TMAX,200,,,a,
ASN00092045,20000323,TMAX,190,,,a,
ASN00092045,20000324,TMAX,190,,,a,
ASN00092045,20000325,TMAX,210,,,a,
ASN00092045,20000326,TMAX,190,,,a,
ASN00092045,20000327,TMAX,190,,,a,
ASN00092045,20000328,TMAX,200,,,a,
ASN00092045,20000329,TMAX,220,,,a,
ASN00092045,20000330,TMAX,210,,,a,
ASN00092045,20000331,TMAX,210,,,a,
ASN00092045,20000301,TMIN,170,,,a,
ASN00092045,20000302,TMIN,180,,,a,
ASN00092045,20000303,TMIN,190,,,a,
ASN00092045,20000304,TMIN,110,,,a,
ASN00092045,20000305,TMIN,130,,,a,
ASN00092045,20000306,TMIN,140,,,a,
ASN00092045,20000307,TMIN,130,,,a,
ASN00092045,20000308,TMIN,140,,,a,
ASN00092045,20000309,TMIN,160,,,a,
ASN00092045,20000310,TMIN,160,,,a,
ASN00092045,20000311,TMIN,140,,,a,
ASN00092045,20000312,TMIN,150,,,a,
ASN00092045,20000313,TMIN,140,,,a,
ASN00092045,20000314,TMIN,150,,,a,
ASN00092045,20000315,TMIN,160,,,a,
ASN00092045,20000316,TMIN,140,,,a,
ASN00092045,20000317,TMIN,110,,,a,
ASN00092045,20000318,TMIN,160,,,a,
ASN00092045,20000319,TMIN,170,,,a,
ASN00092045,20000320,TMIN,120,,,a,
ASN00092045,20000321,TMIN,120,,,a,
ASN00092045,20000322,TMIN,140,,,a,
ASN00092045,20000323,TMIN,110,,,a,
ASN00092045,20000324,TMIN,100,,,a,
ASN00092045,20000325,TMIN,130,,,a,
ASN00092045,20000326,TMIN,130,,,a,
ASN00092045,20000327,TMIN,130,,,a,
ASN00092045,20000328,TMIN,150,,,a,
ASN00092045,20000329,TMIN,120,,,a,
ASN00092045,20000330,TMIN,150,,,a,
ASN00092045,20000331,TMIN,150,,,a,
ASN00092045,20000301,PRCP,0,,,a,
ASN00092045,20000302,PRCP,0,,,a,
ASN00092045,20000303,PRCP,0,,,a,
ASN00092045,20000304,PRCP,4,,,a,
ASN00092045,20000305,PRCP,0,,,a,
ASN00092045,20000306,PRCP,20,,,a,
ASN00092045,20000307,PRCP,0,,,a,
ASN00092045,20000308,PRCP,0,,,a,
ASN00092045,20000309,PRCP,0,,,a,
ASN00092045,20000310,PRCP,170,,,a,
ASN00092045,20000311,PRCP,2,,,a,
ASN00092045,20000312,PRCP,2,,,a,
ASN00092045,20000313,PRCP,0,,,a,
ASN00092045,20000314,PRCP,160,,,a,
ASN00092045,20000315,PRCP,2,,,a,
ASN00092045,20000316,PRCP,10,,,a,
ASN00092045,20000317,PRCP,0,,,a,
ASN00092045,20000318,PRCP,20,,,a,
ASN00092045,20000319,PRCP,2,,,a,
ASN00092045,20000320,PRCP,0,,,a,
ASN00092045,20000321,PRCP,0,,,a,
ASN00092045,20000322,PRCP,0,,,a,
ASN00092045,20000323,PRCP,0,,,a,
ASN00092045,20000324,PRCP,2,,,a,
ASN00092045,20000325,PRCP,0,,,a,
ASN00092045,20000326,PRCP,0,,,a,
ASN00092045,20000327,PRCP,0,,,a,
ASN00092045,20000328,PRCP,0,,,a,
ASN00092045,20000329,PRCP,0,,,a,
ASN00092045,20000330,PRCP,0,,,a,
ASN00092045,20000331,PRCP,10,,,a,
ASN00092045,20000301,TAVG,199,H,,S,
ASN00092045,20000302,TAVG,226,H,,S,
ASN00092045,20000303,TAVG,166,H,,S,
ASN00092045,20000304,TAVG,164,H,,S,
ASN00092045,20000305,TAVG,175,H,,S,
ASN00092045,20000306,TAVG,151,H,,S,
ASN00092045,20000307,TAVG,162,H,,S,
ASN00092045,20000308,TAVG,168,H,,S,
ASN00092045,20000309,TAVG,179,H,,S,
ASN00092045,20000310,TAVG,184,H,,S,
ASN00092045,20000311,TAVG,181,H,,S,
ASN00092045,20000312,TAVG,154,H,,S,
ASN00092045,20000313,TAVG,173,H,,S,
ASN00092045,20000314,TAVG,183,H,,S,
ASN00092045,20000315,TAVG,165,H,,S,
ASN00092045,20000316,TAVG,157,H,,S,
ASN00092045,20000317,TAVG,189,H,,S,
ASN00092045,20000318,TAVG,190,H,,S,
ASN00092045,20000319,TAVG,159,H,,S,
ASN00092045,20000320,TAVG,159,H,,S,
ASN00092045,20000321,TAVG,168,H,,S,
ASN00092045,20000322,TAVG,175,H,,S,
ASN00092045,20000323,TAVG,136,H,,S,
ASN00092045,20000324,TAVG,156,H,,S,
ASN00092045,20000325,TAVG,159,H,,S,
ASN00092045,20000326,TAVG,159,H,,S,
ASN00092045,20000327,TAVG,172,H,,S,
ASN00092045,20000328,TAVG,162,H,,S,
ASN00092045,20000329,TAVG,172,H,,S,
ASN00092045,20000330,TAVG,174,H,,S,
ASN00092045,20000331,TAVG,147,H,,S,
ASN00092045,20000401,TMAX,160,,,a,
ASN00092045,20000402,TMAX,170,,,a,
ASN00092045,20000403,TMAX,210,,,a,
ASN00092045,20000404,TMAX,160,,,a,
ASN00092045,20000405,TMAX,170,,,a,
ASN00092045,20000406,TMAX,190,,,a,
ASN00092045,20000407,TMAX,190,,,a,
ASN00092045,20000408,TMAX,210,,,a,
ASN00092045,20000409,TMAX,220,,,a,
ASN00092045,20000410,TMAX,220,,,a,
ASN00092045,20000411,TMAX,200,,,a,
ASN00092045,20000412,TMAX,200,,,a,
ASN00092045,20000413,TMAX,210,,,a,
ASN00092045,20000414,TMAX,190,,,a,
ASN00092045,20000415,TMAX,190,,,a,
ASN00092045,20000416,TMAX,180,,,a,
ASN00092045,20000417,TMAX,200,,,a,
ASN00092045,20000418,TMAX,190,,,a,
ASN00092045,20000419,TMAX,180,,,a,
ASN00092045,20000420,TMAX,180,,,a,
ASN00092045,20000421,TMAX,160,,,a,
ASN00092045,20000422,TMAX,160,,,a,
ASN00092045,20000423,TMAX,190,,,a,
ASN00092045,20000424,TMAX,160,,,a,
ASN00092045,20000425,TMAX,180,,,a,
ASN00092045,20000426,TMAX,190,,,a,
ASN00092045,20000427,TMAX,200,,,a,
ASN00092045,20000428,TMAX,210,,,a,
ASN00092045,20000429,TMAX,200,,,a,
ASN00092045,20000430,TMAX,180,,,a,
ASN00092045,20000401,TMIN,110,,,a,
ASN00092045,20000402,TMIN,120,,,a,
ASN00092045,20000403,TMIN,130,,,a,
ASN00092045,20000404,TMIN,110,,,a,
ASN00092045,20000405,TMIN,120,,,a,
ASN00092045,20000406,TMIN,90,,,a,
ASN00092045,20000407,TMIN,110,,,a,
ASN00092045,20000408,TMIN,150,,,a,
ASN00092045,20000409,TMIN,130,,,a,
ASN00092045,20000410,TMIN,140,,,a,
ASN00092045,20000411,TMIN,130,,,a,
ASN00092045,20000412,TMIN,130,,,a,
ASN00092045,20000413,TMIN,140,,,a,
ASN00092045,20000414,TMIN,160,,,a,
ASN00092045,20000415,TMIN,110,,,a,
ASN00092045,20000416,TMIN,110,,,a,
ASN00092045,20000417,TMIN,120,,,a,
ASN00092045,20000418,TMIN,90,,,a,
ASN00092045,20000419,TMIN,100,,,a,
ASN00092045,20000420,TMIN,80,,,a,
ASN00092045,20000421,TMIN,90,,,a,
ASN00092045,20000422,TMIN,60,,,a,
ASN00092045,20000423,TMIN,80,,,a,
ASN00092045,20000424,TMIN,110,,,a,
ASN00092045,20000425,TMIN,90,,,a,
ASN00092045,20000426,TMIN,110,,,a,
ASN00092045,20000427,TMIN,100,,,a,
ASN00092045,20000428,TMIN,120,,,a,
ASN00092045,20000429,TMIN,140,,,a,
ASN00092045,20000430,TMIN,170,,,a,
ASN00092045,20000401,PRCP,60,,,a,
ASN00092045,20000402,PRCP,0,,,a,
ASN00092045,20000403,PRCP,680,,,a,
ASN00092045,20000404,PRCP,0,,,a,
ASN00092045,20000405,PRCP,0,,,a,
ASN00092045,20000406,PRCP,0,,,a,
ASN00092045,20000407,PRCP,0,,,a,
ASN00092045,20000408,PRCP,0,,,a,
ASN00092045,20000409,PRCP,0,,,a,
ASN00092045,20000410,PRCP,0,,,a,
ASN00092045,20000411,PRCP,0,,,a,
ASN00092045,20000412,PRCP,0,,,a,
ASN00092045,20000413,PRCP,2,,,a,
ASN00092045,20000414,PRCP,20,,,a,
ASN00092045,20000415,PRCP,20,,,a,
ASN00092045,20000416,PRCP,110,,,a,
ASN00092045,20000417,PRCP,4,,,a,
ASN00092045,20000418,PRCP,0,,,a,
ASN00092045,20000419,PRCP,0,,,a,
ASN00092045,20000420,PRCP,0,,,a,
ASN00092045,20000421,PRCP,0,,,a,
ASN00092045,20000422,PRCP,0,,,a,
ASN00092045,20000423,PRCP,0,,,a,
ASN00092045,20000424,PRCP,0,,,a,
ASN00092045,20000425,PRCP,0,,,a,
ASN00092045,20000426,PRCP,0,,,a,
ASN00092045,20000427,PRCP,0,,,a,
ASN00092045,20000428,PRCP,2,,,a,
ASN00092045,20000429,PRCP,0,,,a,
ASN00092045,20000430,PRCP,0,,,a,
ASN00092045,20000401,TAVG,137,H,,S,
ASN00092045,20000402,TAVG,149,H,,S,
ASN00092045,20000403,TAVG,149,H,,S,
ASN00092045,20000404,TAVG,141,H,,S,
ASN00092045,20000405,TAVG,128,H,,S,
ASN00092045,20000406,TAVG,149,H,,S,
ASN00092045,20000407,TAVG,159,H,,S,
ASN00092045,20000408,TAVG,163,H,,S,
ASN00092045,20000409,TAVG,168,H,,S,
ASN00092045,20000410,TAVG,168,H,,S,
ASN00092045,20000411,TAVG,158,H,,S,
ASN00092045,20000412,TAVG,163,H,,S,
ASN00092045,20000413,TAVG,175,H,,S,
ASN00092045,20000414,TAVG,156,H,,S,
ASN00092045,20000415,TAVG,146,H,,S,
ASN00092045,20000416,TAVG,148,H,,S,
ASN00092045,20000417,TAVG,136,H,,S,
ASN00092045,20000418,TAVG,139,H,,S,
ASN00092045,20000419,TAVG,123,H,,S,
ASN00092045,20000420,TAVG,131,H,,S,
ASN00092045,20000421,TAVG,109,H,,S,
ASN00092045,20000422,TAVG,113,H,,S,
ASN00092045,20000423,TAVG,134,H,,S,
ASN00092045,20000424,TAVG,122,H,,S,
ASN00092045,20000425,TAVG,138,H,,S,
ASN00092045,20000426,TAVG,138,H,,S,
ASN00092045,20000427,TAVG,147,H,,S,
ASN00092045,20000428,TAVG,169,H,,S,
ASN00092045,20000429,TAVG,179,H,,S,
ASN00092045,20000430,TAVG,125,H,,S,
ASN00092045,20000501,TMAX,170,,,a,
ASN00092045,20000502,TMAX,190,,,a,
ASN00092045,20000503,TMAX,180,,,a,
ASN00092045,20000504,TMAX,160,,,a,
ASN00092045,20000505,TMAX,150,,,a,
ASN00092045,20000506,TMAX,180,,,a,
ASN00092045,20000507,TMAX,170,,,a,
ASN00092045,20000508,TMAX,190,,,a,
ASN00092045,20000509,TMAX,160,,,a,
ASN00092045,20000510,TMAX,170,,,a,
ASN00092045,20000511,TMAX,170,,,a,
ASN00092045,20000512,TMAX,180,,,a,
ASN00092045,20000513,TMAX,170,,,a,
ASN00092045,20000514,TMAX,170,,,a,
ASN00092045,20000515,TMAX,150,,,a,
ASN00092045,20000516,TMAX,160,,,a,
ASN00092045,20000517,TMAX,150,,,a,
ASN00092045,20000518,TMAX,160,,,a,
ASN00092045,20000519,TMAX,160,,,a,
ASN00092045,20000520,TMAX,170,,,a,
ASN00092045,20000521,TMAX,140,,,a,
ASN00092045,20000522,TMAX,170,,,a,
ASN00092045,20000523,TMAX,160,,,a,
ASN00092045,20000524,TMAX,160,,,a,
ASN00092045,20000525,TMAX,150,,,a,
ASN00092045,20000526,TMAX,160,,,a,
ASN00092045,20000527,TMAX,120,,,a,
ASN00092045,20000528,TMAX,120,,,a,
ASN00092045,20000529,TMAX,130,,,a,
ASN00092045,20000530,TMAX,130,,,a,
ASN00092045,20000531,TMAX,160,,,a,
ASN00092045,20000501,TMIN,80,,,a,
ASN00092045,20000502,TMIN,120,,,a,
ASN00092045,20000503,TMIN,120,,,a,
ASN00092045,20000504,TMIN,120,,,a,
ASN00092045,20000505,TMIN,130,,,a,
ASN00092045,20000506,TMIN,100,,,a,
ASN00092045,20000507,TMIN,120,,,a,
ASN00092045,20000508,TMIN,100,,,a,
ASN00092045,20000509,TMIN,120,,,a,
ASN00092045,20000510,TMIN,100,,,a,
ASN00092045,20000511,TMIN,100,,,a,
ASN00092045,20000512,TMIN,100,,,a,
ASN00092045,20000513,TMIN,140,,,a,
ASN00092045,20000514,TMIN,100,,,a,
ASN00092045,20000515,TMIN,70,,,a,
ASN00092045,20000516,TMIN,90,,,a,
ASN00092045,20000517,TMIN,70,,,a,
ASN00092045,20000518,TMIN,90,,,a,
ASN00092045,20000519,TMIN,120,,,a,
ASN00092045,20000520,TMIN,140,,,a,
ASN00092045,20000521,TMIN,50,,,a,
ASN00092045,20000522,TMIN,100,,,a,
ASN00092045,20000523,TMIN,110,,,a,
ASN00092045,20000524,TMIN,130,,,a,
ASN00092045,20000525,TMIN,110,,,a,
ASN00092045,20000526,TMIN,110,,,a,
ASN00092045,20000527,TMIN,90,,,a,
ASN00092045,20000528,TMIN,50,,,a,
ASN00092045,20000529,TMIN,40,,,a,
ASN00092045,20000530,TMIN,60,,,a,
ASN00092045,20000531,TMIN,60,,,a,
ASN00092045,20000501,PRCP,40,,,a,
ASN00092045,20000502,PRCP,2,,,a,
ASN00092045,20000503,PRCP,2,,,a,
ASN00092045,20000504,PRCP,0,,,a,
ASN00092045,20000505,PRCP,20,,,a,
ASN00092045,20000506,PRCP,10,,,a,
ASN00092045,20000507,PRCP,0,,,a,
ASN00092045,20000508,PRCP,0,,,a,
ASN00092045,20000509,PRCP,50,,,a,
ASN00092045,20000510,PRCP,0,,,a,
ASN00092045,20000511,PRCP,6,,,a,
ASN00092045,20000512,PRCP,2,,,a,
ASN00092045,20000513,PRCP,20,,,a,
ASN00092045,20000514,PRCP,110,,,a,
ASN00092045,20000515,PRCP,0,,,a,
ASN00092045,20000516,PRCP,0,,,a,
ASN00092045,20000517,PRCP,20,,,a,
ASN00092045,20000518,PRCP,0,,,a,
ASN00092045,20000519,PRCP,2,,,a,
ASN00092045,20000520,PRCP,6,,,a,
ASN00092045,20000521,PRCP,0,,,a,
ASN00092045,20000522,PRCP,4,,,a,
ASN00092045,20000523,PRCP,6,,,a,
ASN00092045,20000524,PRCP,8,,,a,
ASN00092045,20000525,PRCP,8,,,a,
ASN00092045,20000526,PRCP,2,,,a,
ASN00092045,20000527,PRCP,30,,,a,
ASN00092045,20000528,PRCP,6,,,a,
ASN00092045,20000529,PRCP,10,,,a,
ASN00092045,20000530,PRCP,0,,,a,
ASN00092045,20000531,PRCP,2,,,a,
ASN00092045,20000501,TAVG,141,H,,S,
ASN00092045,20000502,TAVG,148,H,,S,
ASN00092045,20000503,TAVG,146,H,,S,
ASN00092045,20000504,TAVG,142,H,,S,
ASN00092045,20000505,TAVG,128,H,,S,
ASN00092045,20000506,TAVG,141,H,,S,
ASN00092045,20000507,TAVG,129,H,,S,
ASN00092045,20000508,TAVG,149,H,,S,
ASN00092045,20000509,TAVG,132,H,,S,
ASN00092045,20000510,TAVG,128,H,,S,
ASN00092045,20000511,TAVG,135,H,,S,
ASN00092045,20000512,TAVG,158,H,,S,
ASN00092045,20000513,TAVG,142,H,,S,
ASN00092045,20000514,TAVG,112,H,,S,
ASN00092045,20000515,TAVG,110,H,,S,
ASN00092045,20000516,TAVG,117,H,,S,
ASN00092045,20000517,TAVG,116,H,,S,
ASN00092045,20000518,TAVG,138,H,,S,
ASN00092045,20000519,TAVG,147,H,,S,
ASN00092045,20000520,TAVG,99,H,,S,
ASN00092045,20000521,TAVG,129,H,,S,
ASN00092045,20000522,TAVG,139,H,,S,
ASN00092045,20000523,TAVG,134,H,,S,
ASN00092045,20000524,TAVG,142,H,,S,
ASN00092045,20000525,TAVG,129,H,,S,
ASN00092045,20000526,TAVG,129,H,,S,
ASN00092045,20000527,TAVG,81,H,,S,
ASN00092045,20000528,TAVG,72,H,,S,
ASN00092045,20000529,TAVG,86,H,,S,
ASN00092045,20000530,TAVG,84,H,,S,
ASN00092045,20000531,TAVG,100,H,,S,
ASN00092045,20000601,TMAX,130,,,a,
ASN00092045,20000602,TMAX,140,,,a,
ASN00092045,20000603,TMAX,130,,,a,
ASN00092045,20000604,TMAX,120,,,a,
ASN00092045,20000605,TMAX,140,,,a,
ASN00092045,20000606,TMAX,160,,,a,
ASN00092045,20000607,TMAX,140,,,a,
ASN00092045,20000608,TMAX,150,,,a,
ASN00092045,20000609,TMAX,130,,,a,
ASN00092045,20000610,TMAX,160,,,a,
ASN00092045,20000611,TMAX,150,,,a,
ASN00092045,20000612,TMAX,150,,,a,
ASN00092045,20000613,TMAX,180,,,a,
ASN00092045,20000614,TMAX,160,,,a,
ASN00092045,20000615,TMAX,140,,,a,
ASN00092045,20000616,TMAX,150,,,a,
ASN00092045,20000617,TMAX,140,,,a,
ASN00092045,20000618,TMAX,160,,,a,
ASN00092045,20000619,TMAX,140,,,a,
ASN00092045,20000620,TMAX,150,,,a,
ASN00092045,20000621,TMAX,160,,,a,
ASN00092045,20000622,TMAX,130,,,a,
ASN00092045,20000623,TMAX,140,,,a,
ASN00092045,20000624,TMAX,150,,,a,
ASN00092045,20000625,TMAX,140,,,a,
ASN00092045,20000626,TMAX,150,,,a,
ASN00092045,20000627,TMAX,150,,,a,
ASN00092045,20000628,TMAX,150,,,a,
ASN00092045,20000629,TMAX,150,,,a,
ASN00092045,20000630,TMAX,140,,,a,
ASN00092045,20000601,TMIN,50,,,a,
ASN00092045,20000602,TMIN,70,,,a,
ASN00092045,20000603,TMIN,40,,,a,
ASN00092045,20000604,TMIN,80,,,a,
ASN00092045,20000605,TMIN,50,,,a,
ASN00092045,20000606,TMIN,50,,,a,
ASN00092045,20000607,TMIN,70,,,a,
ASN00092045,20000608,TMIN,90,,,a,
ASN00092045,20000609,TMIN,90,,,a,
ASN00092045,20000610,TMIN,70,,,a,
ASN00092045,20000611,TMIN,80,,,a,
ASN00092045,20000612,TMIN,80,,,a,
ASN00092045,20000613,TMIN,90,,,a,
ASN00092045,20000614,TMIN,60,,,a,
ASN00092045,20000615,TMIN,100,,,a,
ASN00092045,20000616,TMIN,120,,,a,
ASN00092045,20000617,TMIN,100,,,a,
ASN00092045,20000618,TMIN,90,,,a,
ASN00092045,20000619,TMIN,90,,,a,
ASN00092045,20000620,TMIN,90,,,a,
ASN00092045,20000621,TMIN,110,,,a,
ASN00092045,20000622,TMIN,90,,,a,
ASN00092045,20000623,TMIN,50,,,a,
ASN00092045,20000624,TMIN,90,,,a,
ASN00092045,20000625,TMIN,50,,,a,
ASN00092045,20000626,TMIN,70,,,a,
ASN00092045,20000627,TMIN,100,,,a,
ASN00092045,20000628,TMIN,100,,,a,
ASN00092045,20000629,TMIN,80,,,a,
ASN00092045,20000630,TMIN,90,,,a,
ASN00092045,20000601,PRCP,0,,,a,
ASN00092045,20000602,PRCP,20,,,a,
ASN00092045,20000603,PRCP,0,,,a,
ASN00092045,20000604,PRCP,50,,,a,
ASN00092045,20000605,PRCP,20,,,a,
ASN00092045,20000606,PRCP,0,,,a,
ASN00092045,20000607,PRCP,0,,,a,
ASN00092045,20000608,PRCP,0,,,a,
ASN00092045,20000609,PRCP,50,,,a,
ASN00092045,20000610,PRCP,0,,,a,
ASN00092045,20000611,PRCP,0,,,a,
ASN00092045,20000612,PRCP,0,,,a,
ASN00092045,20000613,PRCP,0,,,a,
ASN00092045,20000614,PRCP,0,,,a,
ASN00092045,20000615,PRCP,0,,,a,
ASN00092045,20000616,PRCP,0,,,a,
ASN00092045,20000617,PRCP,10,,,a,
ASN00092045,20000618,PRCP,0,,,a,
ASN00092045,20000619,PRCP,0,,,a,
ASN00092045,20000620,PRCP,6,,,a,
ASN00092045,20000621,PRCP,0,,,a,
ASN00092045,20000622,PRCP,30,,,a,
ASN00092045,20000623,PRCP,8,,,a,
ASN00092045,20000624,PRCP,0,,,a,
ASN00092045,20000625,PRCP,10,,,a,
ASN00092045,20000626,PRCP,2,,,a,
ASN00092045,20000627,PRCP,0,,,a,
ASN00092045,20000628,PRCP,10,,,a,
ASN00092045,20000629,PRCP,0,,,a,
ASN00092045,20000630,PRCP,0,,,a,
ASN00092045,20000601,TAVG,95,H,,S,
ASN00092045,20000602,TAVG,83,H,,S,
ASN00092045,20000603,TAVG,104,H,,S,
ASN00092045,20000604,TAVG,80,H,,S,
ASN00092045,20000605,TAVG,92,H,,S,
ASN00092045,20000606,TAVG,107,H,,S,
ASN00092045,20000607,TAVG,107,H,,S,
ASN00092045,20000608,TAVG,116,H,,S,
ASN00092045,20000609,TAVG,93,H,,S,
ASN00092045,20000610,TAVG,118,H,,S,
ASN00092045,20000611,TAVG,104,H,,S,
ASN00092045,20000612,TAVG,107,H,,S,
ASN00092045,20000613,TAVG,116,H,,S,
ASN00092045,20000614,TAVG,120,H,,S,
ASN00092045,20000615,TAVG,132,H,,S,
ASN00092045,20000616,TAVG,115,H,,S,
ASN00092045,20000617,TAVG,116,H,,S,
ASN00092045,20000618,TAVG,112,H,,S,
ASN00092045,20000619,TAVG,109,H,,S,
ASN00092045,20000620,TAVG,131,H,,S,
ASN00092045,20000621,TAVG,116,H,,S,
ASN00092045,20000622,TAVG,93,H,,S,
ASN00092045,20000623,TAVG,109,H,,S,
ASN00092045,20000624,TAVG,102,H,,S,
ASN00092045,20000627,TAVG,127,H,,S,
ASN00092045,20000629,TAVG,101,H,,S,
ASN00092045,20000630,TAVG,93,H,,S,
ASN00092045,20000701,TMAX,150,,,a,
ASN00092045,20000702,TMAX,150,,,a,
ASN00092045,20000703,TMAX,130,,,a,
ASN00092045,20000704,TMAX,150,,,a,
ASN00092045,20000705,TMAX,160,,,a,
ASN00092045,20000706,TMAX,150,,,a,
ASN00092045,20000707,TMAX,160,,,a,
ASN00092045,20000708,TMAX,170,,,a,
ASN00092045,20000709,TMAX,110,,,a,
ASN00092045,20000710,TMAX,150,,,a,
ASN00092045,20000711,TMAX,140,,,a,
ASN00092045,20000712,TMAX,130,,,a,
ASN00092045,20000713,TMAX,130,,,a,
ASN00092045,20000714,TMAX,120,,,a,
ASN00092045,20000715,TMAX,140,,,a,
ASN00092045,20000716,TMAX,170,,,a,
ASN00092045,20000717,TMAX,160,,,a,
ASN00092045,20000718,TMAX,140,,,a,
ASN00092045,20000719,TMAX,130,,,a,
ASN00092045,20000720,TMAX,130,,,a,
ASN00092045,20000721,TMAX,120,,,a,
ASN00092045,20000722,TMAX,140,,,a,
ASN00092045,20000723,TMAX,150,,,a,
ASN00092045,20000724,TMAX,130,,,a,
ASN00092045,20000725,TMAX,130,,,a,
ASN00092045,20000726,TMAX,110,,,a,
ASN00092045,20000727,TMAX,130,,,a,
ASN00092045,20000728,TMAX,140,,,a,
ASN00092045,20000729,TMAX,140,,,a,
ASN00092045,20000730,TMAX,140,,,a,
ASN00092045,20000731,TMAX,130,,,a,
ASN00092045,20000701,TMIN,60,,,a,
ASN00092045,20000702,TMIN,70,,,a,
ASN00092045,20000703,TMIN,90,,,a,
ASN00092045,20000704,TMIN,100,,,a,
ASN00092045,20000705,TMIN,110,,,a,
ASN00092045,20000706,TMIN,120,,,a,
ASN00092045,20000707,TMIN,90,,,a,
ASN00092045,20000708,TMIN,80,,,a,
ASN00092045,20000709,TMIN,80,,,a,
ASN00092045,20000710,TMIN,90,,,a,
ASN00092045,20000711,TMIN,70,,,a,
ASN00092045,20000712,TMIN,70,,,a,
ASN00092045,20000713,TMIN,70,,,a,
ASN00092045,20000714,TMIN,30,,,a,
ASN00092045,20000715,TMIN,70,,,a,
ASN00092045,20000716,TMIN,100,,,a,
ASN00092045,20000717,TMIN,80,,,a,
ASN00092045,20000718,TMIN,70,,,a,
ASN00092045,20000719,TMIN,110,,,a,
ASN00092045,20000720,TMIN,70,,,a,
ASN00092045,20000721,TMIN,80,,,a,
ASN00092045,20000722,TMIN,60,,,a,
ASN00092045,20000723,TMIN,80,,,a,
ASN00092045,20000724,TMIN,100,,,a,
ASN00092045,20000725,TMIN,70,,,a,
ASN00092045,20000726,TMIN,60,,,a,
ASN00092045,20000727,TMIN,40,,,a,
ASN00092045,20000728,TMIN,40,,,a,
ASN00092045,20000729,TMIN,50,,,a,
ASN00092045,20000730,TMIN,70,,,a,
ASN00092045,20000731,TMIN,100,,,a,
ASN00092045,20000701,PRCP,0,,,a,
ASN00092045,20000702,PRCP,2,,,a,
ASN00092045,20000703,PRCP,30,,,a,
ASN00092045,20000704,PRCP,30,,,a,
ASN00092045,20000705,PRCP,0,,,a,
ASN00092045,20000706,PRCP,0,,,a,
ASN00092045,20000707,PRCP,0,,,a,
ASN00092045,20000708,PRCP,2,,,a,
ASN00092045,20000709,PRCP,20,,,a,
ASN00092045,20000710,PRCP,80,,,a,
ASN00092045,20000711,PRCP,0,,,a,
ASN00092045,20000712,PRCP,0,,,a,
ASN00092045,20000713,PRCP,0,,,a,
ASN00092045,20000714,PRCP,0,,,a,
ASN00092045,20000715,PRCP,0,,,a,
ASN00092045,20000716,PRCP,4,,,a,
ASN00092045,20000717,PRCP,2,,,a,
ASN00092045,20000718,PRCP,0,,,a,
ASN00092045,20000719,PRCP,4,,,a,
ASN00092045,20000720,PRCP,70,,,a,
ASN00092045,20000721,PRCP,80,,,a,
ASN00092045,20000722,PRCP,0,,,a,
ASN00092045,20000723,PRCP,50,,,a,
ASN00092045,20000724,PRCP,30,,,a,
ASN00092045,20000725,PRCP,60,,,a,
ASN00092045,20000726,PRCP,110,,,a,
ASN00092045,20000727,PRCP,0,,,a,
ASN00092045,20000728,PRCP,0,,,a,
ASN00092045,20000729,PRCP,0,,,a,
ASN00092045,20000730,PRCP,0,,,a,
ASN00092045,20000731,PRCP,30,,,a,
ASN00092045,20000701,TAVG,98,H,,S,
ASN00092045,20000702,TAVG,115,H,,S,
ASN00092045,20000703,TAVG,116,H,,S,
ASN00092045,20000704,TAVG,127,H,,S,
ASN00092045,20000705,TAVG,133,H,,S,
ASN00092045,20000706,TAVG,120,H,,S,
ASN00092045,20000707,TAVG,112,H,,S,
ASN00092045,20000708,TAVG,108,H,,S,
ASN00092045,20000709,TAVG,98,H,,S,
ASN00092045,20000710,TAVG,104,H,,S,
ASN00092045,20000711,TAVG,92,H,,S,
ASN00092045,20000712,TAVG,97,H,,S,
ASN00092045,20000713,TAVG,78,H,,S,
ASN00092045,20000714,TAVG,109,H,,S,
ASN00092045,20000715,TAVG,120,H,,S,
ASN00092045,20000716,TAVG,115,H,,S,
ASN00092045,20000717,TAVG,105,H,,S,
ASN00092045,20000718,TAVG,123,H,,S,
ASN00092045,20000719,TAVG,86,H,,S,
ASN00092045,20000720,TAVG,113,H,,S,
ASN00092045,20000721,TAVG,83,H,,S,
ASN00092045,20000722,TAVG,119,H,,S,
ASN00092045,20000723,TAVG,136,H,,S,
ASN00092045,20000724,TAVG,89,H,,S,
ASN00092045,20000725,TAVG,87,H,,S,
ASN00092045,20000726,TAVG,76,H,,S,
ASN00092045,20000727,TAVG,84,H,,S,
ASN00092045,20000728,TAVG,89,H,,S,
ASN00092045,20000729,TAVG,107,H,,S,
ASN00092045,20000730,TAVG,116,H,,S,
ASN00092045,20000731,TAVG,114,H,,S,
ASN00092045,20000801,TMAX,140,,,a,
ASN00092045,20000802,TMAX,140,,,a,
ASN00092045,20000803,TMAX,160,,,a,
ASN00092045,20000804,TMAX,160,,,a,
ASN00092045,20000805,TMAX,150,,,a,
ASN00092045,20000806,TMAX,150,,,a,
ASN00092045,20000807,TMAX,140,,,a,
ASN00092045,20000808,TMAX,160,,,a,
ASN00092045,20000809,TMAX,120,,,a,
ASN00092045,20000810,TMAX,130,,,a,
ASN00092045,20000811,TMAX,140,,,a,
ASN00092045,20000812,TMAX,150,,,a,
ASN00092045,20000813,TMAX,130,,,a,
ASN00092045,20000814,TMAX,110,,,a,
ASN00092045,20000815,TMAX,140,,,a,
ASN00092045,20000816,TMAX,140,,,a,
ASN00092045,20000817,TMAX,150,,,a,
ASN00092045,20000818,TMAX,120,,,a,
ASN00092045,20000819,TMAX,130,,,a,
ASN00092045,20000820,TMAX,140,,,a,
ASN00092045,20000821,TMAX,120,,,a,
ASN00092045,20000822,TMAX,130,,,a,
ASN00092045,20000823,TMAX,120,,,a,
ASN00092045,20000824,TMAX,120,,,a,
ASN00092045,20000825,TMAX,140,,,a,
ASN00092045,20000826,TMAX,160,,,a,
ASN00092045,20000827,TMAX,150,,,a,
ASN00092045,20000828,TMAX,150,,,a,
ASN00092045,20000829,TMAX,140,,,a,
ASN00092045,20000830,TMAX,160,,,a,
ASN00092045,20000831,TMAX,150,,,a,
ASN00092045,20000801,TMIN,100,,,a,
ASN00092045,20000802,TMIN,80,,,a,
ASN00092045,20000803,TMIN,70,,,a,
ASN00092045,20000804,TMIN,100,,,a,
ASN00092045,20000805,TMIN,100,,,a,
ASN00092045,20000806,TMIN,90,,,a,
ASN00092045,20000807,TMIN,90,,,a,
ASN00092045,20000808,TMIN,110,,,a,
ASN00092045,20000809,TMIN,90,,,a,
ASN00092045,20000810,TMIN,70,,,a,
ASN00092045,20000811,TMIN,60,,,a,
ASN00092045,20000812,TMIN,50,,,a,
ASN00092045,20000813,TMIN,60,,,a,
ASN00092045,20000814,TMIN,70,,,a,
ASN00092045,20000815,TMIN,50,,,a,
ASN00092045,20000816,TMIN,40,,,a,
ASN00092045,20000817,TMIN,40,,,a,
ASN00092045,20000818,TMIN,90,,,a,
ASN00092045,20000819,TMIN,80,,,a,
ASN00092045,20000820,TMIN,60,,,a,
ASN00092045,20000821,TMIN,80,,,a,
ASN00092045,20000822,TMIN,90,,,a,
ASN00092045,20000823,TMIN,100,,,a,
ASN00092045,20000824,TMIN,100,,,a,
ASN00092045,20000825,TMIN,80,,,a,
ASN00092045,20000826,TMIN,80,,,a,
ASN00092045,20000827,TMIN,50,,,a,
ASN00092045,20000828,TMIN,60,,,a,
ASN00092045,20000829,TMIN,60,,,a,
ASN00092045,20000830,TMIN,60,,,a,
ASN00092045,20000831,TMIN,70,,,a,
ASN00092045,20000801,PRCP,280,,,a,
ASN00092045,20000802,PRCP,70,,,a,
ASN00092045,20000803,PRCP,4,,,a,
ASN00092045,20000804,PRCP,0,,,a,
ASN00092045,20000805,PRCP,0,,,a,
ASN00092045,20000806,PRCP,0,,,a,
ASN00092045,20000807,PRCP,2,,,a,
ASN00092045,20000808,PRCP,8,,,a,
ASN00092045,20000809,PRCP,120,,,a,
ASN00092045,20000810,PRCP,0,,,a,
ASN00092045,20000811,PRCP,0,,,a,
ASN00092045,20000812,PRCP,0,,,a,
ASN00092045,20000813,PRCP,0,,,a,
ASN00092045,20000814,PRCP,10,,,a,
ASN00092045,20000815,PRCP,20,,,a,
ASN00092045,20000816,PRCP,0,,,a,
ASN00092045,20000817,PRCP,0,,,a,
ASN00092045,20000818,PRCP,0,,,a,
ASN00092045,20000819,PRCP,0,,,a,
ASN00092045,20000820,PRCP,0,,,a,
ASN00092045,20000821,PRCP,50,,,a,
ASN00092045,20000822,PRCP,140,,,a,
ASN00092045,20000823,PRCP,30,,,a,
ASN00092045,20000824,PRCP,80,,,a,
ASN00092045,20000825,PRCP,230,,,a,
ASN00092045,20000826,PRCP,150,,,a,
ASN00092045,20000827,PRCP,0,,,a,
ASN00092045,20000828,PRCP,0,,,a,
ASN00092045,20000829,PRCP,0,,,a,
ASN00092045,20000830,PRCP,0,,,a,
ASN00092045,20000831,PRCP,4,,,a,
ASN00092045,20000801,TAVG,105,H,,S,
ASN00092045,20000802,TAVG,98,H,,S,
ASN00092045,20000803,TAVG,121,H,,S,
ASN00092045,20000804,TAVG,124,H,,S,
ASN00092045,20000805,TAVG,116,H,,S,
ASN00092045,20000806,TAVG,116,H,,S,
ASN00092045,20000807,TAVG,124,H,,S,
ASN00092045,20000808,TAVG,121,H,,S,
ASN00092045,20000809,TAVG,87,H,,S,
ASN00092045,20000810,TAVG,92,H,,S,
ASN00092045,20000811,TAVG,92,H,,S,
ASN00092045,20000812,TAVG,98,H,,S,
ASN00092045,20000813,TAVG,91,H,,S,
ASN00092045,20000814,TAVG,83,H,,S,
ASN00092045,20000815,TAVG,77,H,,S,
ASN00092045,20000816,TAVG,86,H,,S,
ASN00092045,20000817,TAVG,112,H,,S,
ASN00092045,20000818,TAVG,97,H,,S,
ASN00092045,20000819,TAVG,87,H,,S,
ASN00092045,20000820,TAVG,98,H,,S,
ASN00092045,20000821,TAVG,100,H,,S,
ASN00092045,20000822,TAVG,112,H,,S,
ASN00092045,20000823,TAVG,108,H,,S,
ASN00092045,20000824,TAVG,104,H,,S,
ASN00092045,20000825,TAVG,98,H,,S,
ASN00092045,20000826,TAVG,98,H,,S,
ASN00092045,20000827,TAVG,101,H,,S,
ASN00092045,20000828,TAVG,96,H,,S,
ASN00092045,20000829,TAVG,93,H,,S,
ASN00092045,20000830,TAVG,102,H,,S,
ASN00092045,20000831,TAVG,104,H,,S,
ASN00092045,20000901,TMAX,150,,,a,
ASN00092045,20000902,TMAX,160,,,a,
ASN00092045,20000903,TMAX,130,,,a,
ASN00092045,20000904,TMAX,130,,,a,
ASN00092045,20000905,TMAX,130,,,a,
ASN00092045,20000906,TMAX,140,,,a,
ASN00092045,20000907,TMAX,150,,,a,
ASN00092045,20000908,TMAX,130,,,a,
ASN00092045,20000909,TMAX,140,,,a,
ASN00092045,20000910,TMAX,150,,,a,
ASN00092045,20000911,TMAX,150,,,a,
ASN00092045,20000912,TMAX,140,,,a,
ASN00092045,20000913,TMAX,180,,,a,
ASN00092045,20000914,TMAX,170,,,a,
ASN00092045,20000915,TMAX,180,,,a,
ASN00092045,20000916,TMAX,150,,,a,
ASN00092045,20000917,TMAX,160,,,a,
ASN00092045,20000918,TMAX,150,,,a,
ASN00092045,20000919,TMAX,150,,,a,
ASN00092045,20000920,TMAX,150,,,a,
ASN00092045,20000921,TMAX,170,,,a,
ASN00092045,20000922,TMAX,160,,,a,
ASN00092045,20000923,TMAX,150,,,a,
ASN00092045,20000924,TMAX,130,,,a,
ASN00092045,20000925,TMAX,150,,,a,
ASN00092045,20000926,TMAX,140,,,a,
ASN00092045,20000927,TMAX,130,,,a,
ASN00092045,20000928,TMAX,190,,,a,
ASN00092045,20000929,TMAX,160,,,a,
ASN00092045,20000930,TMAX,150,,,a,
ASN00092045,20000901,TMIN,70,,,a,
ASN00092045,20000902,TMIN,90,,,a,
ASN00092045,20000903,TMIN,70,,,a,
ASN00092045,20000904,TMIN,40,,,a,
ASN00092045,20000905,TMIN,60,,,a,
ASN00092045,20000906,TMIN,80,,,a,
ASN00092045,20000907,TMIN,60,,,a,
ASN00092045,20000908,TMIN,90,,,a,
ASN00092045,20000909,TMIN,80,,,a,
ASN00092045,20000910,TMIN,50,,,a,
ASN00092045,20000911,TMIN,70,,,a,
ASN00092045,20000912,TMIN,40,,,a,
ASN00092045,20000913,TMIN,80,,,a,
ASN00092045,20000914,TMIN,100,,,a,
ASN00092045,20000915,TMIN,70,,,a,
ASN00092045,20000916,TMIN,80,,,a,
ASN00092045,20000917,TMIN,110,,,a,
ASN00092045,20000918,TMIN,110,,,a,
ASN00092045,20000919,TMIN,110,,,a,
ASN00092045,20000920,TMIN,70,,,a,
ASN00092045,20000921,TMIN,100,,,a,
ASN00092045,20000922,TMIN,110,,,a,
ASN00092045,20000923,TMIN,90,,,a,
ASN00092045,20000924,TMIN,70,,,a,
ASN00092045,20000925,TMIN,70,,,a,
ASN00092045,20000926,TMIN,80,,,a,
ASN00092045,20000927,TMIN,110,,,a,
ASN00092045,20000928,TMIN,120,,,a,
ASN00092045,20000929,TMIN,100,,,a,
ASN00092045,20000930,TMIN,90,,,a,
ASN00092045,20000901,PRCP,6,,,a,
ASN00092045,20000902,PRCP,0,,,a,
ASN00092045,20000903,PRCP,60,,,a,
ASN00092045,20000904,PRCP,4,,,a,
ASN00092045,20000905,PRCP,130,,,a,
ASN00092045,20000906,PRCP,0,,,a,
ASN00092045,20000907,PRCP,0,,,a,
ASN00092045,20000908,PRCP,40,,,a,
ASN00092045,20000909,PRCP,10,,,a,
ASN00092045,20000910,PRCP,2,,,a,
ASN00092045,20000911,PRCP,60,,,a,
ASN00092045,20000912,PRCP,2,,,a,
ASN00092045,20000913,PRCP,0,,,a,
ASN00092045,20000914,PRCP,0,,,a,
ASN00092045,20000915,PRCP,40,,,a,
ASN00092045,20000916,PRCP,0,,,a,
ASN00092045,20000917,PRCP,0,,,a,
ASN00092045,20000918,PRCP,6,,,a,
ASN00092045,20000919,PRCP,4,,,a,
ASN00092045,20000920,PRCP,4,,,a,
ASN00092045,20000921,PRCP,0,,,a,
ASN00092045,20000922,PRCP,2,,,a,
ASN00092045,20000923,PRCP,10,,,a,
ASN00092045,20000924,PRCP,100,,,a,
ASN00092045,20000925,PRCP,0,,,a,
ASN00092045,20000926,PRCP,0,,,a,
ASN00092045,20000927,PRCP,10,,,a,
ASN00092045,20000928,PRCP,8,,,a,
ASN00092045,20000929,PRCP,0,,,a,
ASN00092045,20000930,PRCP,30,,,a,
ASN00092045,20000901,TAVG,120,H,,S,
ASN00092045,20000902,TAVG,116,H,,S,
ASN00092045,20000903,TAVG,72,H,,S,
ASN00092045,20000904,TAVG,98,H,,S,
ASN00092045,20000905,TAVG,96,H,,S,
ASN00092045,20000906,TAVG,97,H,,S,
ASN00092045,20000907,TAVG,114,H,,S,
ASN00092045,20000908,TAVG,110,H,,S,
ASN00092045,20000909,TAVG,89,H,,S,
ASN00092045,20000910,TAVG,116,H,,S,
ASN00092045,20000911,TAVG,91,H,,S,
ASN00092045,20000912,TAVG,119,H,,S,
ASN00092045,20000913,TAVG,130,H,,S,
ASN00092045,20000914,TAVG,104,H,,S,
ASN00092045,20000915,TAVG,122,H,,S,
ASN00092045,20000916,TAVG,128,H,,S,
ASN00092045,20000917,TAVG,127,H,,S,
ASN00092045,20000918,TAVG,127,H,,S,
ASN00092045,20000919,TAVG,103,H,,S,
ASN00092045,20000920,TAVG,117,H,,S,
ASN00092045,20000921,TAVG,127,H,,S,
ASN00092045,20000922,TAVG,120,H,,S,
ASN00092045,20000923,TAVG,98,H,,S,
ASN00092045,20000924,TAVG,103,H,,S,
ASN00092045,20000925,TAVG,110,H,,S,
ASN00092045,20000926,TAVG,123,H,,S,
ASN00092045,20000927,TAVG,128,H,,S,
ASN00092045,20000928,TAVG,138,H,,S,
ASN00092045,20000929,TAVG,118,H,,S,
ASN00092045,20000930,TAVG,107,H,,S,
ASN00092045,20001001,TMAX,140,,,a,
ASN00092045,20001002,TMAX,170,,,a,
ASN00092045,20001003,TMAX,160,,,a,
ASN00092045,20001004,TMAX,170,,,a,
ASN00092045,20001005,TMAX,200,,,a,
ASN00092045,20001006,TMAX,240,,,a,
ASN00092045,20001007,TMAX,150,,,a,
ASN00092045,20001008,TMAX,150,,,a,
ASN00092045,20001009,TMAX,150,,,a,
ASN00092045,20001010,TMAX,150,,,a,
ASN00092045,20001011,TMAX,140,,,a,
ASN00092045,20001012,TMAX,180,,,a,
ASN00092045,20001013,TMAX,170,,,a,
ASN00092045,20001014,TMAX,140,,,a,
ASN00092045,20001015,TMAX,160,,,a,
ASN00092045,20001016,TMAX,150,,,a,
ASN00092045,20001017,TMAX,150,,,a,
ASN00092045,20001018,TMAX,170,,,a,
ASN00092045,20001019,TMAX,180,,,a,
ASN00092045,20001020,TMAX,170,,,a,
ASN00092045,20001021,TMAX,180,,,a,
ASN00092045,20001022,TMAX,190,,,a,
ASN00092045,20001023,TMAX,190,,,a,
ASN00092045,20001024,TMAX,150,,,a,
ASN00092045,20001025,TMAX,122,,,a,
ASN00092045,20001026,TMAX,150,,,a,
ASN00092045,20001027,TMAX,160,,,a,
ASN00092045,20001028,TMAX,170,,,a,
ASN00092045,20001029,TMAX,170,,,a,
ASN00092045,20001030,TMAX,170,,,a,
ASN00092045,20001031,TMAX,180,,,a,
ASN00092045,20001001,TMIN,60,,,a,
ASN00092045,20001002,TMIN,60,,,a,
ASN00092045,20001003,TMIN,110,,,a,
ASN00092045,20001004,TMIN,90,,,a,
ASN00092045,20001005,TMIN,100,,,a,
ASN00092045,20001006,TMIN,130,,,a,
ASN00092045,20001007,TMIN,110,,,a,
ASN00092045,20001008,TMIN,100,,,a,
ASN00092045,20001009,TMIN,50,,,a,
ASN00092045,20001010,TMIN,90,,,a,
ASN00092045,20001011,TMIN,40,,,a,
ASN00092045,20001012,TMIN,70,,,a,
ASN00092045,20001013,TMIN,120,,,a,
ASN00092045,20001014,TMIN,70,,,a,
ASN00092045,20001015,TMIN,40,,,a,
ASN00092045,20001016,TMIN,40,,,a,
ASN00092045,20001017,TMIN,90,,,a,
ASN00092045,20001018,TMIN,120,,,a,
ASN00092045,20001019,TMIN,130,,,a,
ASN00092045,20001020,TMIN,120,,,a,
ASN00092045,20001021,TMIN,110,,,a,
ASN00092045,20001022,TMIN,90,,,a,
ASN00092045,20001023,TMIN,120,,,a,
ASN00092045,20001024,TMIN,130,,,a,
ASN00092045,20001025,TMIN,120,,,a,
ASN00092045,20001026,TMIN,110,,,a,
ASN00092045,20001027,TMIN,90,,,a,
ASN00092045,20001028,TMIN,40,,,a,
ASN00092045,20001029,TMIN,60,,,a,
ASN00092045,20001030,TMIN,100,,,a,
ASN00092045,20001031,TMIN,90,,,a,
ASN00092045,20001001,PRCP,220,,,a,
ASN00092045,20001002,PRCP,0,,,a,
ASN00092045,20001003,PRCP,0,,,a,
ASN00092045,20001004,PRCP,0,,,a,
ASN00092045,20001005,PRCP,0,,,a,
ASN00092045,20001006,PRCP,0,,,a,
ASN00092045,20001007,PRCP,30,,,a,
ASN00092045,20001008,PRCP,70,,,a,
ASN00092045,20001009,PRCP,0,,,a,
ASN00092045,20001010,PRCP,50,,,a,
ASN00092045,20001011,PRCP,10,,,a,
ASN00092045,20001012,PRCP,0,,,a,
ASN00092045,20001013,PRCP,10,,,a,
ASN00092045,20001014,PRCP,2,,,a,
ASN00092045,20001015,PRCP,2,,,a,
ASN00092045,20001016,PRCP,0,,,a,
ASN00092045,20001017,PRCP,0,,,a,
ASN00092045,20001018,PRCP,0,,,a,
ASN00092045,20001019,PRCP,20,,,a,
ASN00092045,20001020,PRCP,2,,,a,
ASN00092045,20001021,PRCP,2,,,a,
ASN00092045,20001022,PRCP,0,,,a,
ASN00092045,20001023,PRCP,0,,,a,
ASN00092045,20001024,PRCP,40,,,a,
ASN00092045,20001025,PRCP,80,,,a,
ASN00092045,20001026,PRCP,40,,,a,
ASN00092045,20001027,PRCP,2,,,a,
ASN00092045,20001028,PRCP,20,,,a,
ASN00092045,20001029,PRCP,2,,,a,
ASN00092045,20001030,PRCP,0,,,a,
ASN00092045,20001031,PRCP,0,,,a,
ASN00092045,20001001,TAVG,92,H,,S,
ASN00092045,20001002,TAVG,131,H,,S,
ASN00092045,20001003,TAVG,122,H,,S,
ASN00092045,20001004,TAVG,133,H,,S,
ASN00092045,20001005,TAVG,161,H,,S,
ASN00092045,20001006,TAVG,142,H,,S,
ASN00092045,20001007,TAVG,118,H,,S,
ASN00092045,20001008,TAVG,93,H,,S,
ASN00092045,20001009,TAVG,118,H,,S,
ASN00092045,20001010,TAVG,87,H,,S,
ASN00092045,20001011,TAVG,107,H,,S,
ASN00092045,20001012,TAVG,138,H,,S,
ASN00092045,20001013,TAVG,114,H,,S,
ASN00092045,20001014,TAVG,91,H,,S,
ASN00092045,20001015,TAVG,92,H,,S,
ASN00092045,20001016,TAVG,108,H,,S,
ASN00092045,20001017,TAVG,134,H,,S,
ASN00092045,20001018,TAVG,143,H,,S,
ASN00092045,20001019,TAVG,136,H,,S,
ASN00092045,20001020,TAVG,133,H,,S,
ASN00092045,20001021,TAVG,128,H,,S,
ASN00092045,20001022,TAVG,149,H,,S,
ASN00092045,20001023,TAVG,147,H,,S,
ASN00092045,20001024,TAVG,133,H,,S,
ASN00092045,20001025,TAVG,117,H,,S,
ASN00092045,20001026,TAVG,122,H,,S,
ASN00092045,20001027,TAVG,91,H,,S,
ASN00092045,20001028,TAVG,112,H,,S,
ASN00092045,20001029,TAVG,128,H,,S,
ASN00092045,20001030,TAVG,128,H,,S,
ASN00092045,20001031,TAVG,149,H,,S,
ASN00092045,20001101,TMAX,180,,,a,
ASN00092045,20001102,TMAX,170,,,a,
ASN00092045,20001103,TMAX,210,,,a,
ASN00092045,20001104,TMAX,190,,,a,
ASN00092045,20001105,TMAX,150,,,a,
ASN00092045,20001106,TMAX,170,,,a,
ASN00092045,20001108,TMAX,190,,,a,
ASN00092045,20001109,TMAX,180,,,a,
ASN00092045,20001110,TMAX,160,,,a,
ASN00092045,20001111,TMAX,190,,,a,
ASN00092045,20001112,TMAX,170,,,a,
ASN00092045,20001113,TMAX,200,,,a,
ASN00092045,20001114,TMAX,190,,,a,
ASN00092045,20001115,TMAX,210,,,a,
ASN00092045,20001116,TMAX,210,,,a,
ASN00092045,20001117,TMAX,180,,,a,
ASN00092045,20001118,TMAX,200,,,a,
ASN00092045,20001119,TMAX,220,,,a,
ASN00092045,20001120,TMAX,180,,,a,
ASN00092045,20001121,TMAX,200,,,a,
ASN00092045,20001122,TMAX,230,,,a,
ASN00092045,20001123,TMAX,200,,,a,
ASN00092045,20001124,TMAX,180,,,a,
ASN00092045,20001125,TMAX,200,,,a,
ASN00092045,20001126,TMAX,230,,,a,
ASN00092045,20001127,TMAX,190,,,a,
ASN00092045,20001128,TMAX,210,,,a,
ASN00092045,20001129,TMAX,210,,,a,
ASN00092045,20001130,TMAX,210,,,a,
ASN00092045,20001101,TMIN,130,,,a,
ASN00092045,20001102,TMIN,140,,,a,
ASN00092045,20001103,TMIN,140,,,a,
ASN00092045,20001104,TMIN,120,,,a,
ASN00092045,20001105,TMIN,100,,,a,
ASN00092045,20001106,TMIN,100,,,a,
ASN00092045,20001107,TMIN,110,,,a,
ASN00092045,20001109,TMIN,140,,,a,
ASN00092045,20001110,TMIN,150,,,a,
ASN00092045,20001111,TMIN,150,,,a,
ASN00092045,20001112,TMIN,140,,,a,
ASN00092045,20001113,TMIN,130,,,a,
ASN00092045,20001114,TMIN,120,,,a,
ASN00092045,20001115,TMIN,130,,,a,
ASN00092045,20001116,TMIN,130,,,a,
ASN00092045,20001117,TMIN,150,,,a,
ASN00092045,20001118,TMIN,140,,,a,
ASN00092045,20001119,TMIN,150,,,a,
ASN00092045,20001120,TMIN,140,,,a,
ASN00092045,20001121,TMIN,120,,,a,
ASN00092045,20001122,TMIN,130,,,a,
ASN00092045,20001123,TMIN,130,,,a,
ASN00092045,20001124,TMIN,140,,,a,
ASN00092045,20001125,TMIN,130,,,a,
ASN00092045,20001126,TMIN,120,,,a,
ASN00092045,20001127,TMIN,140,,,a,
ASN00092045,20001128,TMIN,150,,,a,
ASN00092045,20001129,TMIN,160,,,a,
ASN00092045,20001130,TMIN,130,,,a,
ASN00092045,20001101,PRCP,0,,,a,
ASN00092045,20001102,PRCP,0,,,a,
ASN00092045,20001103,PRCP,60,,,a,
ASN00092045,20001104,PRCP,2,,,a,
ASN00092045,20001105,PRCP,20,,,a,
ASN00092045,20001106,PRCP,10,,,a,
ASN00092045,20001107,PRCP,0,,,a,
ASN00092045,20001109,PRCP,0,,,a,
ASN00092045,20001110,PRCP,0,,,a,
ASN00092045,20001111,PRCP,20,,,a,
ASN00092045,20001112,PRCP,20,,,a,
ASN00092045,20001113,PRCP,80,,,a,
ASN00092045,20001114,PRCP,0,,,a,
ASN00092045,20001115,PRCP,0,,,a,
ASN00092045,20001116,PRCP,0,,,a,
ASN00092045,20001117,PRCP,2,,,a,
ASN00092045,20001118,PRCP,4,,,a,
ASN00092045,20001119,PRCP,0,,,a,
ASN00092045,20001120,PRCP,30,,,a,
ASN00092045,20001121,PRCP,0,,,a,
ASN00092045,20001122,PRCP,2,,,a,
ASN00092045,20001123,PRCP,0,,,a,
ASN00092045,20001124,PRCP,0,,,a,
ASN00092045,20001125,PRCP,0,,,a,
ASN00092045,20001126,PRCP,0,,,a,
ASN00092045,20001127,PRCP,0,,,a,
ASN00092045,20001128,PRCP,0,,,a,
ASN00092045,20001129,PRCP,0,,,a,
ASN00092045,20001130,PRCP,0,,,a,
ASN00092045,20001101,TAVG,155,H,,S,
ASN00092045,20001102,TAVG,147,H,,S,
ASN00092045,20001103,TAVG,148,H,,S,
ASN00092045,20001104,TAVG,133,H,,S,
ASN00092045,20001105,TAVG,125,H,,S,
ASN00092045,20001106,TAVG,130,H,,S,
ASN00092045,20001107,TAVG,142,H,,S,
ASN00092045,20001108,TAVG,153,H,,S,
ASN00092045,20001109,TAVG,156,H,,S,
ASN00092045,20001110,TAVG,150,H,,S,
ASN00092045,20001111,TAVG,157,H,,S,
ASN00092045,20001112,TAVG,147,H,,S,
ASN00092045,20001113,TAVG,158,H,,S,
ASN00092045,20001114,TAVG,158,H,,S,
ASN00092045,20001115,TAVG,163,H,,S,
ASN00092045,20001116,TAVG,168,H,,S,
ASN00092045,20001117,TAVG,155,H,,S,
ASN00092045,20001118,TAVG,169,H,,S,
ASN00092045,20001119,TAVG,171,H,,S,
ASN00092045,20001120,TAVG,147,H,,S,
ASN00092045,20001121,TAVG,161,H,,S,
ASN00092045,20001122,TAVG,166,H,,S,
ASN00092045,20001123,TAVG,160,H,,S,
ASN00092045,20001124,TAVG,152,H,,S,
ASN00092045,20001125,TAVG,163,H,,S,
ASN00092045,20001126,TAVG,177,H,,S,
ASN00092045,20001127,TAVG,163,H,,S,
ASN00092045,20001128,TAVG,178,H,,S,
ASN00092045,20001129,TAVG,167,H,,S,
ASN00092045,20001130,TAVG,165,H,,S,
ASN00092045,20001201,TMAX,210,,,a,
ASN00092045,20001202,TMAX,190,,,a,
ASN00092045,20001203,TMAX,230,,,a,
ASN00092045,20001204,TMAX,210,,,a,
ASN00092045,20001205,TMAX,250,,,a,
ASN00092045,20001206,TMAX,220,,,a,
ASN00092045,20001207,TMAX,210,,,a,
ASN00092045,20001208,TMAX,210,,,a,
ASN00092045,20001209,TMAX,210,,,a,
ASN00092045,20001210,TMAX,210,,,a,
ASN00092045,20001211,TMAX,240,,,a,
ASN00092045,20001212,TMAX,230,,,a,
ASN00092045,20001213,TMAX,230,,,a,
ASN00092045,20001214,TMAX,210,,,a,
ASN00092045,20001215,TMAX,220,,,a,
ASN00092045,20001216,TMAX,220,,,a,
ASN00092045,20001217,TMAX,250,,,a,
ASN00092045,20001218,TMAX,260,,,a,
ASN00092045,20001219,TMAX,240,,,a,
ASN00092045,20001220,TMAX,260,,,a,
ASN00092045,20001221,TMAX,230,,,a,
ASN00092045,20001222,TMAX,210,,,a,
ASN00092045,20001223,TMAX,210,,,a,
ASN00092045,20001224,TMAX,200,,,a,
ASN00092045,20001225,TMAX,190,,,a,
ASN00092045,20001226,TMAX,190,,,a,
ASN00092045,20001227,TMAX,190,,,a,
ASN00092045,20001228,TMAX,180,,,a,
ASN00092045,20001229,TMAX,180,,,a,
ASN00092045,20001230,TMAX,180,,,a,
ASN00092045,20001231,TMAX,200,,,a,
ASN00092045,20001201,TMIN,110,,,a,
ASN00092045,20001202,TMIN,120,,,a,
ASN00092045,20001203,TMIN,120,,,a,
ASN00092045,20001204,TMIN,120,,,a,
ASN00092045,20001205,TMIN,140,,,a,
ASN00092045,20001206,TMIN,80,,,a,
ASN00092045,20001207,TMIN,130,,,a,
ASN00092045,20001208,TMIN,110,,,a,
ASN00092045,20001209,TMIN,80,,,a,
ASN00092045,20001210,TMIN,120,,,a,
ASN00092045,20001211,TMIN,150,,,a,
ASN00092045,20001212,TMIN,150,,,a,
ASN00092045,20001213,TMIN,110,,,a,
ASN00092045,20001214,TMIN,100,,,a,
ASN00092045,20001215,TMIN,130,,,a,
ASN00092045,20001216,TMIN,120,,,a,
ASN00092045,20001217,TMIN,150,,,a,
ASN00092045,20001218,TMIN,170,,,a,
ASN00092045,20001219,TMIN,140,,,a,
ASN00092045,20001220,TMIN,130,,,a,
ASN00092045,20001221,TMIN,160,,,a,
ASN00092045,20001222,TMIN,170,,,a,
ASN00092045,20001223,TMIN,140,,,a,
ASN00092045,20001224,TMIN,120,,,a,
ASN00092045,20001225,TMIN,100,,,a,
ASN00092045,20001226,TMIN,110,,,a,
ASN00092045,20001227,TMIN,80,,,a,
ASN00092045,20001228,TMIN,70,,,a,
ASN00092045,20001229,TMIN,90,,,a,
ASN00092045,20001230,TMIN,100,,,a,
ASN00092045,20001231,TMIN,110,,,a,
ASN00092045,20001201,PRCP,0,,,a,
ASN00092045,20001202,PRCP,0,,,a,
ASN00092045,20001203,PRCP,0,,,a,
ASN00092045,20001204,PRCP,0,,,a,
ASN00092045,20001205,PRCP,0,,,a,
ASN00092045,20001206,PRCP,0,,,a,
ASN00092045,20001207,PRCP,0,,,a,
ASN00092045,20001208,PRCP,0,,,a,
ASN00092045,20001209,PRCP,40,,,a,
ASN00092045,20001210,PRCP,2,,,a,
ASN00092045,20001211,PRCP,0,,,a,
ASN00092045,20001212,PRCP,0,,,a,
ASN00092045,20001213,PRCP,0,,,a,
ASN00092045,20001214,PRCP,0,,,a,
ASN00092045,20001215,PRCP,0,,,a,
ASN00092045,20001216,PRCP,0,,,a,
ASN00092045,20001217,PRCP,0,,,a,
ASN00092045,20001218,PRCP,0,,,a,
ASN00092045,20001219,PRCP,0,,,a,
ASN00092045,20001220,PRCP,0,,,a,
ASN00092045,20001221,PRCP,0,,,a,
ASN00092045,20001222,PRCP,20,,,a,
ASN00092045,20001223,PRCP,30,,,a,
ASN00092045,20001224,PRCP,50,,,a,
ASN00092045,20001225,PRCP,2,,,a,
ASN00092045,20001226,PRCP,0,,,a,
ASN00092045,20001227,PRCP,70,,,a,
ASN00092045,20001228,PRCP,0,,,a,
ASN00092045,20001229,PRCP,10,,,a,
ASN00092045,20001230,PRCP,0,,,a,
ASN00092045,20001231,PRCP,0,,,a,
ASN00092045,20001201,TAVG,159,H,,S,
ASN00092045,20001202,TAVG,157,H,,S,
ASN00092045,20001203,TAVG,171,H,,S,
ASN00092045,20001204,TAVG,168,H,,S,
ASN00092045,20001205,TAVG,163,H,,S,
ASN00092045,20001206,TAVG,161,H,,S,
ASN00092045,20001207,TAVG,152,H,,S,
ASN00092045,20001208,TAVG,137,H,,S,
ASN00092045,20001209,TAVG,159,H,,S,
ASN00092045,20001210,TAVG,168,H,,S,
ASN00092045,20001211,TAVG,181,H,,S,
ASN00092045,20001212,TAVG,164,H,,S,
ASN00092045,20001213,TAVG,156,H,,S,
ASN00092045,20001214,TAVG,166,H,,S,
ASN00092045,20001215,TAVG,164,H,,S,
ASN00092045,20001216,TAVG,180,H,,S,
ASN00092045,20001217,TAVG,194,H,,S,
ASN00092045,20001218,TAVG,184,H,,S,
ASN00092045,20001219,TAVG,171,H,,S,
ASN00092045,20001220,TAVG,194,H,,S,
ASN00092045,20001221,TAVG,192,H,,S,
ASN00092045,20001222,TAVG,169,H,,S,
ASN00092045,20001223,TAVG,162,H,,S,
ASN00092045,20001224,TAVG,145,H,,S,
ASN00092045,20001225,TAVG,145,H,,S,
ASN00092045,20001226,TAVG,129,H,,S,
ASN00092045,20001227,TAVG,127,H,,S,
ASN00092045,20001228,TAVG,128,H,,S,
ASN00092045,20001229,TAVG,136,H,,S,
ASN00092045,20001230,TAVG,147,H,,S,
ASN00092045,20001231,TAVG,160,H,,S,
ASN00092045,20010101,TMAX,230,,,a,
ASN00092045,20010102,TMAX,230,,,a,
ASN00092045,20010103,TMAX,270,,,a,
ASN00092045,20010104,TMAX,240,,,a,
ASN00092045,20010105,TMAX,230,,,a,
ASN00092045,20010106,TMAX,210,,,a,
ASN00092045,20010107,TMAX,230,,,a,
ASN00092045,20010108,TMAX,190,,,a,
ASN00092045,20010109,TMAX,200,,,a,
ASN00092045,20010110,TMAX,220,,,a,
ASN00092045,20010111,TMAX,240,,,a,
ASN00092045,20010112,TMAX,190,,,a,
ASN00092045,20010113,TMAX,200,,,a,
ASN00092045,20010114,TMAX,220,,,a,
ASN00092045,20010115,TMAX,250,,,a,
ASN00092045,20010116,TMAX,210,,,a,
ASN00092045,20010117,TMAX,190,,,a,
ASN00092045,20010118,TMAX,220,,,a,
ASN00092045,20010119,TMAX,230,,,a,
ASN00092045,20010120,TMAX,270,,,a,
ASN00092045,20010121,TMAX,220,,,a,
ASN00092045,20010122,TMAX,250,,,a,
ASN00092045,20010123,TMAX,230,,,a,
ASN00092045,20010124,TMAX,210,,,a,
ASN00092045,20010125,TMAX,190,,,a,
ASN00092045,20010126,TMAX,190,,,a,
ASN00092045,20010127,TMAX,230,,,a,
ASN00092045,20010128,TMAX,230,,,a,
ASN00092045,20010129,TMAX,220,,,a,
ASN00092045,20010130,TMAX,230,,,a,
ASN00092045,20010131,TMAX,210,,,a,
ASN00092045,20010101,TMIN,110,,,a,
ASN00092045,20010102,TMIN,160,,,a,
ASN00092045,20010103,TMIN,180,,,a,
ASN00092045,20010104,TMIN,160,,,a,
ASN00092045,20010105,TMIN,160,,,a,
ASN00092045,20010106,TMIN,160,,,a,
ASN00092045,20010107,TMIN,170,,,a,
ASN00092045,20010108,TMIN,130,,,a,
ASN00092045,20010109,TMIN,140,,,a,
ASN00092045,20010110,TMIN,150,,,a,
ASN00092045,20010111,TMIN,160,,,a,
ASN00092045,20010112,TMIN,160,,,a,
ASN00092045,20010113,TMIN,150,,,a,
ASN00092045,20010114,TMIN,150,,,a,
ASN00092045,20010115,TMIN,180,,,a,
ASN00092045,20010116,TMIN,130,,,a,
ASN00092045,20010117,TMIN,150,,,a,
ASN00092045,20010118,TMIN,150,,,a,
ASN00092045,20010119,TMIN,150,,,a,
ASN00092045,20010120,TMIN,170,,,a,
ASN00092045,20010121,TMIN,170,,,a,
ASN00092045,20010122,TMIN,110,,,a,
ASN00092045,20010123,TMIN,170,,,a,
ASN00092045,20010124,TMIN,170,,,a,
ASN00092045,20010125,TMIN,160,,,a,
ASN00092045,20010126,TMIN,160,,,a,
ASN00092045,20010127,TMIN,150,,,a,
ASN00092045,20010128,TMIN,110,,,a,
ASN00092045,20010129,TMIN,130,,,a,
ASN00092045,20010130,TMIN,120,,,a,
ASN00092045,20010131,TMIN,130,,,a,
ASN00092045,20010101,PRCP,0,,,a,
ASN00092045,20010102,PRCP,0,,,a,
ASN00092045,20010103,PRCP,0,,,a,
ASN00092045,20010104,PRCP,0,,,a,
ASN00092045,20010105,PRCP,0,,,a,
ASN00092045,20010106,PRCP,60,,,a,
ASN00092045,20010107,PRCP,0,,,a,
ASN00092045,20010108,PRCP,0,,,a,
ASN00092045,20010109,PRCP,0,,,a,
ASN00092045,20010110,PRCP,0,,,a,
ASN00092045,20010111,PRCP,0,,,a,
ASN00092045,20010112,PRCP,0,,,a,
ASN00092045,20010113,PRCP,0,,,a,
ASN00092045,20010114,PRCP,0,,,a,
ASN00092045,20010115,PRCP,70,,,a,
ASN00092045,20010116,PRCP,30,,,a,
ASN00092045,20010117,PRCP,4,,,a,
ASN00092045,20010118,PRCP,10,,,a,
ASN00092045,20010119,PRCP,2,,,a,
ASN00092045,20010120,PRCP,0,,,a,
ASN00092045,20010121,PRCP,0,,,a,
ASN00092045,20010122,PRCP,0,,,a,
ASN00092045,20010123,PRCP,0,,,a,
ASN00092045,20010124,PRCP,0,,,a,
ASN00092045,20010125,PRCP,40,,,a,
ASN00092045,20010126,PRCP,0,,,a,
ASN00092045,20010127,PRCP,80,,,a,
ASN00092045,20010128,PRCP,0,,,a,
ASN00092045,20010129,PRCP,0,,,a,
ASN00092045,20010130,PRCP,0,,,a,
ASN00092045,20010131,PRCP,4,,,a,
ASN00092045,20010101,TAVG,186,H,,S,
ASN00092045,20010102,TAVG,203,H,,S,
ASN00092045,20010103,TAVG,188,H,,S,
ASN00092045,20010104,TAVG,186,H,,S,
ASN00092045,20010105,TAVG,182,H,,S,
ASN00092045,20010106,TAVG,180,H,,S,
ASN00092045,20010107,TAVG,170,H,,S,
ASN00092045,20010108,TAVG,157,H,,S,
ASN00092045,20010109,TAVG,166,H,,S,
ASN00092045,20010110,TAVG,188,H,,S,
ASN00092045,20010111,TAVG,195,H,,S,
ASN00092045,20010112,TAVG,163,H,,S,
ASN00092045,20010113,TAVG,173,H,,S,
ASN00092045,20010114,TAVG,187,H,,S,
ASN00092045,20010115,TAVG,177,H,,S,
ASN00092045,20010116,TAVG,174,H,,S,
ASN00092045,20010117,TAVG,168,H,,S,
ASN00092045,20010118,TAVG,183,H,,S,
ASN00092045,20010119,TAVG,192,H,,S,
ASN00092045,20010120,TAVG,196,H,,S,
ASN00092045,20010121,TAVG,167,H,,S,
ASN00092045,20010122,TAVG,191,H,,S,
ASN00092045,20010123,TAVG,191,H,,S,
ASN00092045,20010124,TAVG,170,H,,S,
ASN00092045,20010125,TAVG,171,H,,S,
ASN00092045,20010126,TAVG,174,H,,S,
ASN00092045,20010127,TAVG,171,H,,S,
ASN00092045,20010128,TAVG,171,H,,S,
ASN00092045,20010129,TAVG,169,H,,S,
ASN00092045,20010130,TAVG,172,H,,S,
ASN00092045,20010131,TAVG,178,H,,S,
ASN00092045,20010201,TMAX,230,,,a,
ASN00092045,20010202,TMAX,240,,,a,
ASN00092045,20010203,TMAX,340,,,a,
ASN00092045,20010204,TMAX,210,,,a,
ASN00092045,20010205,TMAX,200,,,a,
ASN00092045,20010206,TMAX,210,,,a,
ASN00092045,20010207,TMAX,250,,,a,
ASN00092045,20010208,TMAX,250,,,a,
ASN00092045,20010209,TMAX,270,,,a,
ASN00092045,20010210,TMAX,240,,,a,
ASN00092045,20010211,TMAX,230,,,a,
ASN00092045,20010212,TMAX,220,,,a,
ASN00092045,20010213,TMAX,230,,,a,
ASN00092045,20010214,TMAX,220,,,a,
ASN00092045,20010215,TMAX,220,,,a,
ASN00092045,20010216,TMAX,240,,,a,
ASN00092045,20010217,TMAX,230,,,a,
ASN00092045,20010218,TMAX,230,,,a,
ASN00092045,20010219,TMAX,230,,,a,
ASN00092045,20010220,TMAX,240,,,a,
ASN00092045,20010221,TMAX,290,,,a,
ASN00092045,20010222,TMAX,220,,,a,
ASN00092045,20010223,TMAX,240,,,a,
ASN00092045,20010224,TMAX,230,,,a,
ASN00092045,20010225,TMAX,240,,,a,
ASN00092045,20010226,TMAX,250,,,a,
ASN00092045,20010227,TMAX,230,,,a,
ASN00092045,20010228,TMAX,250,,,a,
ASN00092045,20010201,TMIN,160,,,a,
ASN00092045,20010202,TMIN,180,,,a,
ASN00092045,20010203,TMIN,170,,,a,
ASN00092045,20010204,TMIN,180,,,a,
ASN00092045,20010205,TMIN,160,,,a,
ASN00092045,20010206,TMIN,150,,,a,
ASN00092045,20010207,TMIN,150,,,a,
ASN00092045,20010208,TMIN,160,,,a,
ASN00092045,20010209,TMIN,190,,,a,
ASN00092045,20010210,TMIN,130,,,a,
ASN00092045,20010211,TMIN,140,,,a,
ASN00092045,20010212,TMIN,140,,,a,
ASN00092045,20010213,TMIN,180,,,a,
ASN00092045,20010214,TMIN,130,,,a,
ASN00092045,20010215,TMIN,120,,,a,
ASN00092045,20010216,TMIN,110,,,a,
ASN00092045,20010217,TMIN,150,,,a,
ASN00092045,20010218,TMIN,140,,,a,
ASN00092045,20010219,TMIN,170,,,a,
ASN00092045,20010220,TMIN,180,,,a,
ASN00092045,20010221,TMIN,190,,,a,
ASN00092045,20010222,TMIN,160,,,a,
ASN00092045,20010223,TMIN,150,,,a,
ASN00092045,20010224,TMIN,160,,,a,
ASN00092045,20010225,TMIN,170,,,a,
ASN00092045,20010226,TMIN,170,,,a,
ASN00092045,20010227,TMIN,150,,,a,
ASN00092045,20010228,TMIN,130,,,a,
ASN00092045,20010201,PRCP,0,,,a,
ASN00092045,20010202,PRCP,0,,,a,
ASN00092045,20010203,PRCP,2,,,a,
ASN00092045,20010204,PRCP,0,,,a,
ASN00092045,20010205,PRCP,0,,,a,
ASN00092045,20010206,PRCP,0,,,a,
ASN00092045,20010207,PRCP,0,,,a,
ASN00092045,20010208,PRCP,0,,,a,
ASN00092045,20010209,PRCP,0,,,a,
ASN00092045,20010210,PRCP,0,,,a,
ASN00092045,20010211,PRCP,0,,,a,
ASN00092045,20010212,PRCP,0,,,a,
ASN00092045,20010213,PRCP,20,,,a,
ASN00092045,20010214,PRCP,2,,,a,
ASN00092045,20010215,PRCP,0,,,a,
ASN00092045,20010216,PRCP,0,,,a,
ASN00092045,20010217,PRCP,0,,,a,
ASN00092045,20010218,PRCP,0,,,a,
ASN00092045,20010219,PRCP,0,,,a,
ASN00092045,20010220,PRCP,0,,,a,
ASN00092045,20010221,PRCP,0,,,a,
ASN00092045,20010222,PRCP,0,,,a,
ASN00092045,20010223,PRCP,0,,,a,
ASN00092045,20010224,PRCP,0,,,a,
ASN00092045,20010225,PRCP,0,,,a,
ASN00092045,20010226,PRCP,0,,,a,
ASN00092045,20010227,PRCP,0,,,a,
ASN00092045,20010228,PRCP,0,,,a,
ASN00092045,20010201,TAVG,197,H,,S,
ASN00092045,20010202,TAVG,192,H,,S,
ASN00092045,20010203,TAVG,230,H,,S,
ASN00092045,20010204,TAVG,179,H,,S,
ASN00092045,20010205,TAVG,171,H,,S,
ASN00092045,20010206,TAVG,179,H,,S,
ASN00092045,20010207,TAVG,196,H,,S,
ASN00092045,20010208,TAVG,216,H,,S,
ASN00092045,20010209,TAVG,181,H,,S,
ASN00092045,20010210,TAVG,182,H,,S,
ASN00092045,20010211,TAVG,176,H,,S,
ASN00092045,20010212,TAVG,194,H,,S,
ASN00092045,20010213,TAVG,173,H,,S,
ASN00092045,20010214,TAVG,165,H,,S,
ASN00092045,20010215,TAVG,159,H,,S,
ASN00092045,20010216,TAVG,186,H,,S,
ASN00092045,20010217,TAVG,183,H,,S,
ASN00092045,20010218,TAVG,197,H,,S,
ASN00092045,20010219,TAVG,198,H,,S,
ASN00092045,20010220,TAVG,201,H,,S,
ASN00092045,20010221,TAVG,201,H,,S,
ASN00092045,20010222,TAVG,178,H,,S,
ASN00092045,20010223,TAVG,193,H,,S,
ASN00092045,20010224,TAVG,187,H,,S,
ASN00092045,20010225,TAVG,193,H,,S,
ASN00092045,20010226,TAVG,193,H,,S,
ASN00092045,20010227,TAVG,173,H,,S,
ASN00092045,20010228,TAVG,168,H,,S,
ASN00092045,20010301,TMAX,220,,,a,
ASN00092045,20010302,TMAX,230,,,a,
ASN00092045,20010303,TMAX,210,,,a,
ASN00092045,20010304,TMAX,210,,,a,
ASN00092045,20010305,TMAX,220,,,a,
ASN00092045,20010306,TMAX,200,,,a,
ASN00092045,20010307,TMAX,240,,,a,
ASN00092045,20010308,TMAX,220,,,a,
ASN00092045,20010309,TMAX,240,,,a,
ASN00092045,20010310,TMAX,240,,,a,
ASN00092045,20010311,TMAX,210,,,a,
ASN00092045,20010312,TMAX,200,,,a,
ASN00092045,20010313,TMAX,220,,,a,
ASN00092045,20010314,TMAX,210,,,a,
ASN00092045,20010315,TMAX,220,,,a,
ASN00092045,20010316,TMAX,230,,,a,
ASN00092045,20010317,TMAX,190,,,a,
ASN00092045,20010318,TMAX,210,,,a,
ASN00092045,20010319,TMAX,220,,,a,
ASN00092045,20010320,TMAX,220,,,a,
ASN00092045,20010321,TMAX,210,,,a,
ASN00092045,20010322,TMAX,190,,,a,
ASN00092045,20010323,TMAX,230,,,a,
ASN00092045,20010324,TMAX,220,,,a,
ASN00092045,20010325,TMAX,210,,,a,
ASN00092045,20010326,TMAX,210,,,a,
ASN00092045,20010327,TMAX,190,,,a,
ASN00092045,20010328,TMAX,200,,,a,
ASN00092045,20010329,TMAX,200,,,a,
ASN00092045,20010330,TMAX,190,,,a,
ASN00092045,20010331,TMAX,220,,,a,
ASN00092045,20010301,TMIN,110,,,a,
ASN00092045,20010302,TMIN,160,,,a,
ASN00092045,20010303,TMIN,170,,,a,
ASN00092045,20010304,TMIN,160,,,a,
ASN00092045,20010305,TMIN,160,,,a,
ASN00092045,20010306,TMIN,160,,,a,
ASN00092045,20010307,TMIN,150,,,a,
ASN00092045,20010308,TMIN,180,,,a,
ASN00092045,20010309,TMIN,180,,,a,
ASN00092045,20010310,TMIN,190,,,a,
ASN00092045,20010311,TMIN,130,,,a,
ASN00092045,20010312,TMIN,130,,,a,
ASN00092045,20010313,TMIN,70,,,a,
ASN00092045,20010314,TMIN,120,,,a,
ASN00092045,20010315,TMIN,120,,,a,
ASN00092045,20010316,TMIN,160,,,a,
ASN00092045,20010317,TMIN,140,,,a,
ASN00092045,20010318,TMIN,140,,,a,
ASN00092045,20010319,TMIN,160,,,a,
ASN00092045,20010320,TMIN,170,,,a,
ASN00092045,20010321,TMIN,170,,,a,
ASN00092045,20010322,TMIN,160,,,a,
ASN00092045,20010323,TMIN,140,,,a,
ASN00092045,20010324,TMIN,150,,,a,
ASN00092045,20010325,TMIN,130,,,a,
ASN00092045,20010326,TMIN,110,,,a,
ASN00092045,20010327,TMIN,90,,,a,
ASN00092045,20010328,TMIN,70,,,a,
ASN00092045,20010329,TMIN,120,,,a,
ASN00092045,20010330,TMIN,120,,,a,
ASN00092045,20010331,TMIN,130,,,a,
ASN00092045,20010301,PRCP,0,,,a,
ASN00092045,20010302,PRCP,0,,,a,
ASN00092045,20010303,PRCP,0,,,a,
ASN00092045,20010304,PRCP,0,,,a,
ASN00092045,20010305,PRCP,0,,,a,
ASN00092045,20010306,PRCP,0,,,a,
ASN00092045,20010307,PRCP,0,,,a,
ASN00092045,20010308,PRCP,2,,,a,
ASN00092045,20010309,PRCP,0,,,a,
ASN00092045,20010310,PRCP,0,,,a,
ASN00092045,20010311,PRCP,0,,,a,
ASN00092045,20010312,PRCP,2,,,a,
ASN00092045,20010313,PRCP,0,,,a,
ASN00092045,20010314,PRCP,0,,,a,
ASN00092045,20010315,PRCP,0,,,a,
ASN00092045,20010316,PRCP,2,,,a,
ASN00092045,20010317,PRCP,360,,,a,
ASN00092045,20010318,PRCP,20,,,a,
ASN00092045,20010319,PRCP,0,,,a,
ASN00092045,20010320,PRCP,8,,,a,
ASN00092045,20010321,PRCP,0,,,a,
ASN00092045,20010322,PRCP,80,,,a,
ASN00092045,20010323,PRCP,100,,,a,
ASN00092045,20010324,PRCP,0,,,a,
ASN00092045,20010325,PRCP,2,,,a,
ASN00092045,20010326,PRCP,40,,,a,
ASN00092045,20010327,PRCP,0,,,a,
ASN00092045,20010328,PRCP,20,,,a,
ASN00092045,20010329,PRCP,0,,,a,
ASN00092045,20010330,PRCP,0,,,a,
ASN00092045,20010331,PRCP,0,,,a,
ASN00092045,20010301,TAVG,188,H,,S,
ASN00092045,20010302,TAVG,187,H,,S,
ASN00092045,20010303,TAVG,183,H,,S,
ASN00092045,20010304,TAVG,182,H,,S,
ASN00092045,20010305,TAVG,184,H,,S,
ASN00092045,20010306,TAVG,179,H,,S,
ASN00092045,20010307,TAVG,198,H,,S,
ASN00092045,20010308,TAVG,193,H,,S,
ASN00092045,20010309,TAVG,209,H,,S,
ASN00092045,20010310,TAVG,183,H,,S,
ASN00092045,20010311,TAVG,170,H,,S,
ASN00092045,20010312,TAVG,125,H,,S,
ASN00092045,20010313,TAVG,158,H,,S,
ASN00092045,20010314,TAVG,162,H,,S,
ASN00092045,20010315,TAVG,196,H,,S,
ASN00092045,20010316,TAVG,192,H,,S,
ASN00092045,20010317,TAVG,164,H,,S,
ASN00092045,20010318,TAVG,174,H,,S,
ASN00092045,20010319,TAVG,184,H,,S,
ASN00092045,20010320,TAVG,183,H,,S,
ASN00092045,20010321,TAVG,177,H,,S,
ASN00092045,20010322,TAVG,161,H,,S,
ASN00092045,20010323,TAVG,183,H,,S,
ASN00092045,20010324,TAVG,179,H,,S,
ASN00092045,20010325,TAVG,158,H,,S,
ASN00092045,20010326,TAVG,145,H,,S,
ASN00092045,20010327,TAVG,121,H,,S,
ASN00092045,20010328,TAVG,153,H,,S,
ASN00092045,20010329,TAVG,149,H,,S,
ASN00092045,20010330,TAVG,149,H,,S,
ASN00092045,20010331,TAVG,169,H,,S,
ASN00092045,20010401,TMAX,220,,,a,
ASN00092045,20010402,TMAX,180,,,a,
ASN00092045,20010403,TMAX,190,,,a,
ASN00092045,20010404,TMAX,200,,,a,
ASN00092045,20010405,TMAX,220,,,a,
ASN00092045,20010406,TMAX,210,,,a,
ASN00092045,20010407,TMAX,210,,,a,
ASN00092045,20010408,TMAX,230,,,a,
ASN00092045,20010409,TMAX,190,,,a,
ASN00092045,20010410,TMAX,180,,,a,
ASN00092045,20010411,TMAX,170,,,a,
ASN00092045,20010412,TMAX,170,,,a,
ASN00092045,20010413,TMAX,200,,,a,
ASN00092045,20010414,TMAX,200,,,a,
ASN00092045,20010415,TMAX,210,,,a,
ASN00092045,20010416,TMAX,200,,,a,
ASN00092045,20010417,TMAX,200,,,a,
ASN00092045,20010418,TMAX,200,,,a,
ASN00092045,20010419,TMAX,170,,,a,
ASN00092045,20010420,TMAX,150,,,a,
ASN00092045,20010421,TMAX,160,,,a,
ASN00092045,20010422,TMAX,150,,,a,
ASN00092045,20010423,TMAX,170,,,a,
ASN00092045,20010424,TMAX,180,,,a,
ASN00092045,20010425,TMAX,180,,,a,
ASN00092045,20010426,TMAX,190,,,a,
ASN00092045,20010427,TMAX,180,,,a,
ASN00092045,20010428,TMAX,170,,,a,
ASN00092045,20010429,TMAX,180,,,a,
ASN00092045,20010430,TMAX,170,,,a,
ASN00092045,20010401,TMIN,140,,,a,
ASN00092045,20010402,TMIN,70,,,a,
ASN00092045,20010403,TMIN,100,,,a,
ASN00092045,20010404,TMIN,110,,,a,
ASN00092045,20010405,TMIN,120,,,a,
ASN00092045,20010406,TMIN,130,,,a,
ASN00092045,20010407,TMIN,120,,,a,
ASN00092045,20010408,TMIN,170,,,a,
ASN00092045,20010409,TMIN,100,,,a,
ASN00092045,20010410,TMIN,90,,,a,
ASN00092045,20010411,TMIN,110,,,a,
ASN00092045,20010412,TMIN,50,,,a,
ASN00092045,20010413,TMIN,90,,,a,
ASN00092045,20010414,TMIN,130,,,a,
ASN00092045,20010415,TMIN,150,,,a,
ASN00092045,20010416,TMIN,110,,,a,
ASN00092045,20010417,TMIN,110,,,a,
ASN00092045,20010418,TMIN,130,,,a,
ASN00092045,20010419,TMIN,110,,,a,
ASN00092045,20010420,TMIN,100,,,a,
ASN00092045,20010421,TMIN,120,,,a,
ASN00092045,20010422,TMIN,140,,,a,
ASN00092045,20010423,TMIN,130,,,a,
ASN00092045,20010424,TMIN,150,,,a,
ASN00092045,20010425,TMIN,130,,,a,
ASN00092045,20010426,TMIN,130,,,a,
ASN00092045,20010427,TMIN,130,,,a,
ASN00092045,20010428,TMIN,80,,,a,
ASN00092045,20010429,TMIN,90,,,a,
ASN00092045,20010430,TMIN,130,,,a,
ASN00092045,20010401,PRCP,0,,,a,
ASN00092045,20010402,PRCP,0,,,a,
ASN00092045,20010403,PRCP,2,,,a,
ASN00092045,20010404,PRCP,0,,,a,
ASN00092045,20010405,PRCP,0,,,a,
ASN00092045,20010406,PRCP,0,,,a,
ASN00092045,20010407,PRCP,0,,,a,
ASN00092045,20010408,PRCP,0,,,a,
ASN00092045,20010409,PRCP,8,,,a,
ASN00092045,20010410,PRCP,4,,,a,
ASN00092045,20010411,PRCP,30,,,a,
ASN00092045,20010412,PRCP,0,,,a,
ASN00092045,20010413,PRCP,0,,,a,
ASN00092045,20010414,PRCP,0,,,a,
ASN00092045,20010415,PRCP,0,,,a,
ASN00092045,20010416,PRCP,0,,,a,
ASN00092045,20010417,PRCP,0,,,a,
ASN00092045,20010418,PRCP,10,,,a,
ASN00092045,20010419,PRCP,70,,,a,
ASN00092045,20010420,PRCP,0,,,a,
ASN00092045,20010421,PRCP,0,,,a,
ASN00092045,20010422,PRCP,30,,,a,
ASN00092045,20010423,PRCP,210,,,a,
ASN00092045,20010424,PRCP,200,,,a,
ASN00092045,20010425,PRCP,100,,,a,
ASN00092045,20010426,PRCP,0,,,a,
ASN00092045,20010427,PRCP,0,,,a,
ASN00092045,20010428,PRCP,0,,,a,
ASN00092045,20010429,PRCP,0,,,a,
ASN00092045,20010430,PRCP,0,,,a,
ASN00092045,20010401,TAVG,139,H,,S,
ASN00092045,20010402,TAVG,138,H,,S,
ASN00092045,20010403,TAVG,144,H,,S,
ASN00092045,20010404,TAVG,161,H,,S,
ASN00092045,20010405,TAVG,162,H,,S,
ASN00092045,20010406,TAVG,162,H,,S,
ASN00092045,20010407,TAVG,184,H,,S,
ASN00092045,20010408,TAVG,144,H,,S,
ASN00092045,20010409,TAVG,138,H,,S,
ASN00092045,20010410,TAVG,147,H,,S,
ASN00092045,20010411,TAVG,98,H,,S,
ASN00092045,20010412,TAVG,125,H,,S,
ASN00092045,20010413,TAVG,151,H,,S,
ASN00092045,20010414,TAVG,168,H,,S,
ASN00092045,20010415,TAVG,151,H,,S,
ASN00092045,20010416,TAVG,149,H,,S,
ASN00092045,20010417,TAVG,152,H,,S,
ASN00092045,20010418,TAVG,167,H,,S,
ASN00092045,20010419,TAVG,128,H,,S,
ASN00092045,20010420,TAVG,129,H,,S,
ASN00092045,20010421,TAVG,146,H,,S,
ASN00092045,20010422,TAVG,135,H,,S,
ASN00092045,20010423,TAVG,160,H,,S,
ASN00092045,20010424,TAVG,149,H,,S,
ASN00092045,20010425,TAVG,148,H,,S,
ASN00092045,20010426,TAVG,160,H,,S,
ASN00092045,20010427,TAVG,125,H,,S,
ASN00092045,20010428,TAVG,126,H,,S,
ASN00092045,20010429,TAVG,146,H,,S,
ASN00092045,20010430,TAVG,144,H,,S,
ASN00092045,20010501,TMAX,160,,,a,
ASN00092045,20010502,TMAX,160,,,a,
ASN00092045,20010503,TMAX,180,,,a,
ASN00092045,20010504,TMAX,160,,,a,
ASN00092045,20010505,TMAX,180,,,a,
ASN00092045,20010506,TMAX,180,,,a,
ASN00092045,20010507,TMAX,150,,,a,
ASN00092045,20010508,TMAX,150,,,a,
ASN00092045,20010509,TMAX,180,,,a,
ASN00092045,20010510,TMAX,150,,,a,
ASN00092045,20010511,TMAX,150,,,a,
ASN00092045,20010512,TMAX,170,,,a,
ASN00092045,20010513,TMAX,180,,,a,
ASN00092045,20010514,TMAX,190,,,a,
ASN00092045,20010515,TMAX,170,,,a,
ASN00092045,20010516,TMAX,170,,,a,
ASN00092045,20010517,TMAX,130,,,a,
ASN00092045,20010518,TMAX,150,,,a,
ASN00092045,20010519,TMAX,180,,,a,
ASN00092045,20010520,TMAX,180,,,a,
ASN00092045,20010521,TMAX,170,,,a,
ASN00092045,20010522,TMAX,150,,,a,
ASN00092045,20010523,TMAX,130,,,a,
ASN00092045,20010524,TMAX,170,,,a,
ASN00092045,20010525,TMAX,160,,,a,
ASN00092045,20010526,TMAX,170,,,a,
ASN00092045,20010527,TMAX,150,,,a,
ASN00092045,20010528,TMAX,160,,,a,
ASN00092045,20010529,TMAX,160,,,a,
ASN00092045,20010530,TMAX,170,,,a,
ASN00092045,20010531,TMAX,130,,,a,
ASN00092045,20010501,TMIN,120,,,a,
ASN00092045,20010502,TMIN,110,,,a,
ASN00092045,20010503,TMIN,110,,,a,
ASN00092045,20010504,TMIN,110,,,a,
ASN00092045,20010505,TMIN,90,,,a,
ASN00092045,20010506,TMIN,110,,,a,
ASN00092045,20010507,TMIN,130,,,a,
ASN00092045,20010508,TMIN,120,,,a,
ASN00092045,20010509,TMIN,100,,,a,
ASN00092045,20010510,TMIN,110,,,a,
ASN00092045,20010511,TMIN,90,,,a,
ASN00092045,20010512,TMIN,70,,,a,
ASN00092045,20010513,TMIN,90,,,a,
ASN00092045,20010514,TMIN,110,,,a,
ASN00092045,20010515,TMIN,110,,,a,
ASN00092045,20010516,TMIN,130,,,a,
ASN00092045,20010517,TMIN,110,,,a,
ASN00092045,20010518,TMIN,70,,,a,
ASN00092045,20010519,TMIN,60,,,a,
ASN00092045,20010520,TMIN,90,,,a,
ASN00092045,20010521,TMIN,80,,,a,
ASN00092045,20010522,TMIN,90,,,a,
ASN00092045,20010523,TMIN,50,,,a,
ASN00092045,20010524,TMIN,80,,,a,
ASN00092045,20010525,TMIN,70,,,a,
ASN00092045,20010526,TMIN,70,,,a,
ASN00092045,20010527,TMIN,120,,,a,
ASN00092045,20010528,TMIN,110,,,a,
ASN00092045,20010529,TMIN,90,,,a,
ASN00092045,20010530,TMIN,90,,,a,
ASN00092045,20010531,TMIN,100,,,a,
ASN00092045,20010501,PRCP,0,,,a,
ASN00092045,20010502,PRCP,40,,,a,
ASN00092045,20010503,PRCP,0,,,a,
ASN00092045,20010504,PRCP,0,,,a,
ASN00092045,20010505,PRCP,0,,,a,
ASN00092045,20010506,PRCP,0,,,a,
ASN00092045,20010507,PRCP,0,,,a,
ASN00092045,20010508,PRCP,0,,,a,
ASN00092045,20010509,PRCP,0,,,a,
ASN00092045,20010510,PRCP,0,,,a,
ASN00092045,20010511,PRCP,0,,,a,
ASN00092045,20010512,PRCP,0,,,a,
ASN00092045,20010513,PRCP,0,,,a,
ASN00092045,20010514,PRCP,0,,,a,
ASN00092045,20010515,PRCP,0,,,a,
ASN00092045,20010516,PRCP,100,,,a,
ASN00092045,20010517,PRCP,40,,,a,
ASN00092045,20010518,PRCP,6,,,a,
ASN00092045,20010519,PRCP,2,,,a,
ASN00092045,20010520,PRCP,0,,,a,
ASN00092045,20010521,PRCP,0,,,a,
ASN00092045,20010522,PRCP,0,,,a,
ASN00092045,20010523,PRCP,0,,,a,
ASN00092045,20010524,PRCP,0,,,a,
ASN00092045,20010525,PRCP,0,,,a,
ASN00092045,20010526,PRCP,0,,,a,
ASN00092045,20010527,PRCP,40,,,a,
ASN00092045,20010528,PRCP,80,,,a,
ASN00092045,20010529,PRCP,40,,,a,
ASN00092045,20010530,PRCP,2,,,a,
ASN00092045,20010531,PRCP,20,,,a,
ASN00092045,20010501,TAVG,133,H,,S,
ASN00092045,20010502,TAVG,126,H,,S,
ASN00092045,20010503,TAVG,134,H,,S,
ASN00092045,20010504,TAVG,120,H,,S,
ASN00092045,20010505,TAVG,139,H,,S,
ASN00092045,20010506,TAVG,143,H,,S,
ASN00092045,20010507,TAVG,132,H,,S,
ASN00092045,20010508,TAVG,129,H,,S,
ASN00092045,20010509,TAVG,134,H,,S,
ASN00092045,20010510,TAVG,113,H,,S,
ASN00092045,20010511,TAVG,107,H,,S,
ASN00092045,20010512,TAVG,117,H,,S,
ASN00092045,20010513,TAVG,137,H,,S,
ASN00092045,20010514,TAVG,143,H,,S,
ASN00092045,20010515,TAVG,157,H,,S,
ASN00092045,20010516,TAVG,137,H,,S,
ASN00092045,20010517,TAVG,92,H,,S,
ASN00092045,20010518,TAVG,91,H,,S,
ASN00092045,20010519,TAVG,128,H,,S,
ASN00092045,20010520,TAVG,123,H,,S,
ASN00092045,20010521,TAVG,109,H,,S,
ASN00092045,20010522,TAVG,88,H,,S,
ASN00092045,20010523,TAVG,99,H,,S,
ASN00092045,20010524,TAVG,108,H,,S,
ASN00092045,20010525,TAVG,107,H,,S,
ASN00092045,20010526,TAVG,133,H,,S,
ASN00092045,20010527,TAVG,124,H,,S,
ASN00092045,20010528,TAVG,123,H,,S,
ASN00092045,20010529,TAVG,118,H,,S,
ASN00092045,20010530,TAVG,123,H,,S,
ASN00092045,20010531,TAVG,111,H,,S,
ASN00092045,20010601,TMAX,140,,,a,
ASN00092045,20010602,TMAX,150,,,a,
ASN00092045,20010603,TMAX,170,,,a,
ASN00092045,20010604,TMAX,160,,,a,
ASN00092045,20010605,TMAX,180,,,a,
ASN00092045,20010606,TMAX,170,,,a,
ASN00092045,20010607,TMAX,140,,,a,
ASN00092045,20010608,TMAX,170,,,a,
ASN00092045,20010610,TMAX,140,,,a,
ASN00092045,20010611,TMAX,150,,,a,
ASN00092045,20010612,TMAX,160,,,a,
ASN00092045,20010613,TMAX,160,,,a,
ASN00092045,20010614,TMAX,130,,,a,
ASN00092045,20010615,TMAX,130,,,a,
ASN00092045,20010616,TMAX,160,,,a,
ASN00092045,20010617,TMAX,170,,,a,
ASN00092045,20010618,TMAX,160,,,a,
ASN00092045,20010619,TMAX,140,,,a,
ASN00092045,20010620,TMAX,140,,,a,
ASN00092045,20010621,TMAX,140,,,a,
ASN00092045,20010622,TMAX,150,,,a,
ASN00092045,20010623,TMAX,170,,,a,
ASN00092045,20010624,TMAX,150,,,a,
ASN00092045,20010625,TMAX,160,,,a,
ASN00092045,20010626,TMAX,120,,,a,
ASN00092045,20010627,TMAX,140,,,a,
ASN00092045,20010628,TMAX,150,,,a,
ASN00092045,20010629,TMAX,160,,,a,
ASN00092045,20010630,TMAX,160,,,a,
ASN00092045,20010601,TMIN,90,,,a,
ASN00092045,20010602,TMIN,90,,,a,
ASN00092045,20010603,TMIN,110,,,a,
ASN00092045,20010604,TMIN,110,,,a,
ASN00092045,20010605,TMIN,100,,,a,
ASN00092045,20010606,TMIN,110,,,a,
ASN00092045,20010607,TMIN,130,,,a,
ASN00092045,20010608,TMIN,120,,,a,
ASN00092045,20010609,TMIN,110,,,a,
ASN00092045,20010610,TMIN,80,,,a,
ASN00092045,20010611,TMIN,80,,,a,
ASN00092045,20010612,TMIN,110,,,a,
ASN00092045,20010613,TMIN,120,,,a,
ASN00092045,20010614,TMIN,50,,,a,
ASN00092045,20010615,TMIN,50,,,a,
ASN00092045,20010616,TMIN,80,,,a,
ASN00092045,20010617,TMIN,70,,,a,
ASN00092045,20010618,TMIN,90,,,a,
ASN00092045,20010619,TMIN,90,,,a,
ASN00092045,20010620,TMIN,110,,,a,
ASN00092045,20010621,TMIN,70,,,a,
ASN00092045,20010622,TMIN,80,,,a,
ASN00092045,20010623,TMIN,100,,,a,
ASN00092045,20010624,TMIN,100,,,a,
ASN00092045,20010625,TMIN,90,,,a,
ASN00092045,20010626,TMIN,70,,,a,
ASN00092045,20010627,TMIN,40,,,a,
ASN00092045,20010628,TMIN,90,,,a,
ASN00092045,20010629,TMIN,110,,,a,
ASN00092045,20010630,TMIN,60,,,a,
ASN00092045,20010601,PRCP,2,,,a,
ASN00092045,20010602,PRCP,4,,,a,
ASN00092045,20010603,PRCP,0,,,a,
ASN00092045,20010604,PRCP,20,,,a,
ASN00092045,20010605,PRCP,0,,,a,
ASN00092045,20010606,PRCP,0,,,a,
ASN00092045,20010607,PRCP,2,,,a,
ASN00092045,20010608,PRCP,6,,,a,
ASN00092045,20010609,PRCP,10,,,a,
ASN00092045,20010610,PRCP,120,,,a,
ASN00092045,20010611,PRCP,2,,,a,
ASN00092045,20010612,PRCP,10,,,a,
ASN00092045,20010613,PRCP,50,,,a,
ASN00092045,20010614,PRCP,10,,,a,
ASN00092045,20010615,PRCP,0,,,a,
ASN00092045,20010616,PRCP,0,,,a,
ASN00092045,20010617,PRCP,0,,,a,
ASN00092045,20010618,PRCP,0,,,a,
ASN00092045,20010619,PRCP,0,,,a,
ASN00092045,20010620,PRCP,40,,,a,
ASN00092045,20010621,PRCP,40,,,a,
ASN00092045,20010622,PRCP,0,,,a,
ASN00092045,20010623,PRCP,0,,,a,
ASN00092045,20010624,PRCP,20,,,a,
ASN00092045,20010625,PRCP,40,,,a,
ASN00092045,20010626,PRCP,30,,,a,
ASN00092045,20010627,PRCP,0,,,a,
ASN00092045,20010628,PRCP,20,,,a,
ASN00092045,20010629,PRCP,8,,,a,
ASN00092045,20010630,PRCP,6,,,a,
ASN00092045,20010601,TAVG,110,H,,S,
ASN00092045,20010602,TAVG,129,H,,S,
ASN00092045,20010603,TAVG,128,H,,S,
ASN00092045,20010604,TAVG,119,H,,S,
ASN00092045,20010605,TAVG,137,H,,S,
ASN00092045,20010606,TAVG,142,H,,S,
ASN00092045,20010607,TAVG,134,H,,S,
ASN00092045,20010608,TAVG,139,H,,S,
ASN00092045,20010609,TAVG,102,H,,S,
ASN00092045,20010610,TAVG,106,H,,S,
ASN00092045,20010611,TAVG,130,H,,S,
ASN00092045,20010612,TAVG,132,H,,S,
ASN00092045,20010613,TAVG,104,H,,S,
ASN00092045,20010614,TAVG,87,H,,S,
ASN00092045,20010615,TAVG,107,H,,S,
ASN00092045,20010616,TAVG,109,H,,S,
ASN00092045,20010617,TAVG,122,H,,S,
ASN00092045,20010618,TAVG,116,H,,S,
ASN00092045,20010619,TAVG,121,H,,S,
ASN00092045,20010620,TAVG,97,H,,S,
ASN00092045,20010621,TAVG,109,H,,S,
ASN00092045,20010622,TAVG,134,H,,S,
ASN00092045,20010623,TAVG,131,H,,S,
ASN00092045,20010624,TAVG,123,H,,S,
ASN00092045,20010625,TAVG,122,H,,S,
ASN00092045,20010626,TAVG,74,H,,S,
ASN00092045,20010627,TAVG,113,H,,S,
ASN00092045,20010628,TAVG,125,H,,S,
ASN00092045,20010629,TAVG,103,H,,S,
ASN00092045,20010630,TAVG,111,H,,S,
ASN00092045,20010701,TMAX,150,,,a,
ASN00092045,20010702,TMAX,150,,,a,
ASN00092045,20010703,TMAX,150,,,a,
ASN00092045,20010704,TMAX,150,,,a,
ASN00092045,20010705,TMAX,150,,,a,
ASN00092045,20010706,TMAX,150,,,a,
ASN00092045,20010707,TMAX,160,,,a,
ASN00092045,20010708,TMAX,140,,,a,
ASN00092045,20010709,TMAX,160,,,a,
ASN00092045,20010710,TMAX,140,,,a,
ASN00092045,20010711,TMAX,140,,,a,
ASN00092045,20010712,TMAX,140,,,a,
ASN00092045,20010713,TMAX,130,,,a,
ASN00092045,20010714,TMAX,150,,,a,
ASN00092045,20010715,TMAX,150,,,a,
ASN00092045,20010716,TMAX,130,,,a,
ASN00092045,20010717,TMAX,130,,,a,
ASN00092045,20010718,TMAX,170,,,a,
ASN00092045,20010719,TMAX,190,,,a,
ASN00092045,20010720,TMAX,150,,,a,
ASN00092045,20010721,TMAX,150,,,a,
ASN00092045,20010722,TMAX,150,,,a,
ASN00092045,20010723,TMAX,140,,,a,
ASN00092045,20010724,TMAX,150,,,a,
ASN00092045,20010725,TMAX,150,,,a,
ASN00092045,20010726,TMAX,160,,,a,
ASN00092045,20010727,TMAX,170,,,a,
ASN00092045,20010728,TMAX,150,,,a,
ASN00092045,20010729,TMAX,160,,,a,
ASN00092045,20010730,TMAX,140,,,a,
ASN00092045,20010731,TMAX,150,,,a,
ASN00092045,20010701,TMIN,80,,,a,
ASN00092045,20010702,TMIN,90,,,a,
ASN00092045,20010703,TMIN,70,,,a,
ASN00092045,20010704,TMIN,80,,,a,
ASN00092045,20010705,TMIN,110,,,a,
ASN00092045,20010706,TMIN,110,,,a,
ASN00092045,20010707,TMIN,110,,,a,
ASN00092045,20010708,TMIN,130,,,a,
ASN00092045,20010709,TMIN,120,,,a,
ASN00092045,20010710,TMIN,120,,,a,
ASN00092045,20010711,TMIN,100,,,a,
ASN00092045,20010712,TMIN,110,,,a,
ASN00092045,20010713,TMIN,110,,,a,
ASN00092045,20010714,TMIN,90,,,a,
ASN00092045,20010715,TMIN,90,,,a,
ASN00092045,20010716,TMIN,60,,,a,
ASN00092045,20010717,TMIN,60,,,a,
ASN00092045,20010718,TMIN,80,,,a,
ASN00092045,20010719,TMIN,70,,,a,
ASN00092045,20010720,TMIN,70,,,a,
ASN00092045,20010721,TMIN,80,,,a,
ASN00092045,20010722,TMIN,90,,,a,
ASN00092045,20010723,TMIN,90,,,a,
ASN00092045,20010724,TMIN,100,,,a,
ASN00092045,20010725,TMIN,80,,,a,
ASN00092045,20010726,TMIN,80,,,a,
ASN00092045,20010727,TMIN,70,,,a,
ASN00092045,20010728,TMIN,80,,,a,
ASN00092045,20010729,TMIN,80,,,a,
ASN00092045,20010730,TMIN,90,,,a,
ASN00092045,20010731,TMIN,100,,,a,
ASN00092045,20010701,PRCP,2,,,a,
ASN00092045,20010702,PRCP,110,,,a,
ASN00092045,20010703,PRCP,6,,,a,
ASN00092045,20010704,PRCP,0,,,a,
ASN00092045,20010705,PRCP,0,,,a,
ASN00092045,20010706,PRCP,90,,,a,
ASN00092045,20010707,PRCP,8,,,a,
ASN00092045,20010708,PRCP,0,,,a,
ASN00092045,20010709,PRCP,10,,,a,
ASN00092045,20010710,PRCP,4,,,a,
ASN00092045,20010711,PRCP,20,,,a,
ASN00092045,20010712,PRCP,20,,,a,
ASN00092045,20010713,PRCP,300,,,a,
ASN00092045,20010714,PRCP,90,,,a,
ASN00092045,20010715,PRCP,140,,,a,
ASN00092045,20010716,PRCP,20,,,a,
ASN00092045,20010717,PRCP,8,,,a,
ASN00092045,20010718,PRCP,0,,,a,
ASN00092045,20010719,PRCP,0,,,a,
ASN00092045,20010720,PRCP,0,,,a,
ASN00092045,20010721,PRCP,0,,,a,
ASN00092045,20010722,PRCP,20,,,a,
ASN00092045,20010723,PRCP,0,,,a,
ASN00092045,20010724,PRCP,0,,,a,
ASN00092045,20010725,PRCP,0,,,a,
ASN00092045,20010726,PRCP,0,,,a,
ASN00092045,20010727,PRCP,0,,,a,
ASN00092045,20010728,PRCP,0,,,a,
ASN00092045,20010729,PRCP,0,,,a,
ASN00092045,20010730,PRCP,4,,,a,
ASN00092045,20010731,PRCP,4,,,a,
ASN00092045,20010701,TAVG,117,H,,S,
ASN00092045,20010702,TAVG,107,H,,S,
ASN00092045,20010703,TAVG,102,H,,S,
ASN00092045,20010704,TAVG,128,H,,S,
ASN00092045,20010705,TAVG,133,H,,S,
ASN00092045,20010706,TAVG,134,H,,S,
ASN00092045,20010707,TAVG,144,H,,S,
ASN00092045,20010708,TAVG,132,H,,S,
ASN00092045,20010709,TAVG,133,H,,S,
ASN00092045,20010710,TAVG,119,H,,S,
ASN00092045,20010711,TAVG,127,H,,S,
ASN00092045,20010712,TAVG,123,H,,S,
ASN00092045,20010713,TAVG,108,H,,S,
ASN00092045,20010714,TAVG,113,H,,S,
ASN00092045,20010715,TAVG,102,H,,S,
ASN00092045,20010716,TAVG,90,H,,S,
ASN00092045,20010717,TAVG,100,H,,S,
ASN00092045,20010718,TAVG,106,H,,S,
ASN00092045,20010719,TAVG,118,H,,S,
ASN00092045,20010720,TAVG,109,H,,S,
ASN00092045,20010721,TAVG,111,H,,S,
ASN00092045,20010722,TAVG,109,H,,S,
ASN00092045,20010723,TAVG,112,H,,S,
ASN00092045,20010724,TAVG,113,H,,S,
ASN00092045,20010725,TAVG,111,H,,S,
ASN00092045,20010726,TAVG,111,H,,S,
ASN00092045,20010727,TAVG,114,H,,S,
ASN00092045,20010728,TAVG,104,H,,S,
ASN00092045,20010729,TAVG,112,H,,S,
ASN00092045,20010730,TAVG,121,H,,S,
ASN00092045,20010731,TAVG,116,H,,S,
ASN00092045,20010801,TMAX,150,,,a,
ASN00092045,20010802,TMAX,150,,,a,
ASN00092045,20010803,TMAX,150,,,a,
ASN00092045,20010804,TMAX,140,,,a,
ASN00092045,20010805,TMAX,140,,,a,
ASN00092045,20010806,TMAX,150,,,a,
ASN00092045,20010807,TMAX,140,,,a,
ASN00092045,20010808,TMAX,130,,,a,
ASN00092045,20010809,TMAX,150,,,a,
ASN00092045,20010810,TMAX,160,,,a,
ASN00092045,20010811,TMAX,160,,,a,
ASN00092045,20010812,TMAX,170,,,a,
ASN00092045,20010813,TMAX,150,,,a,
ASN00092045,20010814,TMAX,150,,,a,
ASN00092045,20010815,TMAX,170,,,a,
ASN00092045,20010816,TMAX,170,,,a,
ASN00092045,20010817,TMAX,120,,,a,
ASN00092045,20010818,TMAX,130,,,a,
ASN00092045,20010819,TMAX,140,,,a,
ASN00092045,20010820,TMAX,110,,,a,
ASN00092045,20010821,TMAX,120,,,a,
ASN00092045,20010822,TMAX,140,,,a,
ASN00092045,20010823,TMAX,140,,,a,
ASN00092045,20010824,TMAX,140,,,a,
ASN00092045,20010825,TMAX,150,,,a,
ASN00092045,20010826,TMAX,170,,,a,
ASN00092045,20010827,TMAX,150,,,a,
ASN00092045,20010828,TMAX,160,,,a,
ASN00092045,20010829,TMAX,160,,,a,
ASN00092045,20010830,TMAX,160,,,a,
ASN00092045,20010831,TMAX,150,,,a,
ASN00092045,20010801,TMIN,80,,,a,
ASN00092045,20010802,TMIN,50,,,a,
ASN00092045,20010803,TMIN,70,,,a,
ASN00092045,20010804,TMIN,100,,,a,
ASN00092045,20010805,TMIN,80,,,a,
ASN00092045,20010806,TMIN,90,,,a,
ASN00092045,20010807,TMIN,70,,,a,
ASN00092045,20010808,TMIN,80,,,a,
ASN00092045,20010809,TMIN,70,,,a,
ASN00092045,20010810,TMIN,100,,,a,
ASN00092045,20010811,TMIN,70,,,a,
ASN00092045,20010812,TMIN,100,,,a,
ASN00092045,20010813,TMIN,100,,,a,
ASN00092045,20010814,TMIN,110,,,a,
ASN00092045,20010815,TMIN,120,,,a,
ASN00092045,20010816,TMIN,110,,,a,
ASN00092045,20010817,TMIN,50,,,a,
ASN00092045,20010818,TMIN,60,,,a,
ASN00092045,20010819,TMIN,50,,,a,
ASN00092045,20010820,TMIN,50,,,a,
ASN00092045,20010821,TMIN,30,,,a,
ASN00092045,20010822,TMIN,50,,,a,
ASN00092045,20010823,TMIN,50,,,a,
ASN00092045,20010824,TMIN,40,,,a,
ASN00092045,20010825,TMIN,80,,,a,
ASN00092045,20010826,TMIN,110,,,a,
ASN00092045,20010827,TMIN,110,,,a,
ASN00092045,20010828,TMIN,120,,,a,
ASN00092045,20010829,TMIN,110,,,a,
ASN00092045,20010830,TMIN,80,,,a,
ASN00092045,20010831,TMIN,110,,,a,
ASN00092045,20010801,PRCP,40,,,a,
ASN00092045,20010802,PRCP,0,,,a,
ASN00092045,20010803,PRCP,0,,,a,
ASN00092045,20010804,PRCP,0,,,a,
ASN00092045,20010805,PRCP,0,,,a,
ASN00092045,20010806,PRCP,160,,,a,
ASN00092045,20010807,PRCP,0,,,a,
ASN00092045,20010808,PRCP,20,,,a,
ASN00092045,20010809,PRCP,20,,,a,
ASN00092045,20010810,PRCP,30,,,a,
ASN00092045,20010811,PRCP,0,,,a,
ASN00092045,20010812,PRCP,0,,,a,
ASN00092045,20010813,PRCP,6,,,a,
ASN00092045,20010814,PRCP,0,,,a,
ASN00092045,20010815,PRCP,4,,,a,
ASN00092045,20010816,PRCP,6,,,a,
ASN00092045,20010817,PRCP,150,,,a,
ASN00092045,20010818,PRCP,130,,,a,
ASN00092045,20010819,PRCP,2,,,a,
ASN00092045,20010820,PRCP,70,,,a,
ASN00092045,20010821,PRCP,8,,,a,
ASN00092045,20010822,PRCP,100,,,a,
ASN00092045,20010823,PRCP,0,,,a,
ASN00092045,20010824,PRCP,0,,,a,
ASN00092045,20010825,PRCP,0,,,a,
ASN00092045,20010826,PRCP,0,,,a,
ASN00092045,20010827,PRCP,150,,,a,
ASN00092045,20010828,PRCP,340,,,a,
ASN00092045,20010829,PRCP,160,,,a,
ASN00092045,20010830,PRCP,0,,,a,
ASN00092045,20010831,PRCP,0,,,a,
ASN00092045,20010801,TAVG,84,H,,S,
ASN00092045,20010802,TAVG,107,H,,S,
ASN00092045,20010803,TAVG,116,H,,S,
ASN00092045,20010804,TAVG,101,H,,S,
ASN00092045,20010805,TAVG,101,H,,S,
ASN00092045,20010806,TAVG,102,H,,S,
ASN00092045,20010807,TAVG,104,H,,S,
ASN00092045,20010808,TAVG,109,H,,S,
ASN00092045,20010809,TAVG,114,H,,S,
ASN00092045,20010810,TAVG,105,H,,S,
ASN00092045,20010811,TAVG,124,H,,S,
ASN00092045,20010812,TAVG,128,H,,S,
ASN00092045,20010813,TAVG,124,H,,S,
ASN00092045,20010814,TAVG,134,H,,S,
ASN00092045,20010815,TAVG,126,H,,S,
ASN00092045,20010816,TAVG,93,H,,S,
ASN00092045,20010817,TAVG,94,H,,S,
ASN00092045,20010818,TAVG,81,H,,S,
ASN00092045,20010819,TAVG,89,H,,S,
ASN00092045,20010820,TAVG,62,H,,S,
ASN00092045,20010821,TAVG,79,H,,S,
ASN00092045,20010822,TAVG,81,H,,S,
ASN00092045,20010823,TAVG,78,H,,S,
ASN00092045,20010824,TAVG,112,H,,S,
ASN00092045,20010825,TAVG,127,H,,S,
ASN00092045,20010826,TAVG,132,H,,S,
ASN00092045,20010827,TAVG,131,H,,S,
ASN00092045,20010828,TAVG,123,H,,S,
ASN00092045,20010829,TAVG,118,H,,S,
ASN00092045,20010830,TAVG,126,H,,S,
ASN00092045,20010831,TAVG,122,H,,S,
ASN00092045,20010901,TMAX,150,,,a,
ASN00092045,20010902,TMAX,150,,,a,
ASN00092045,20010903,TMAX,180,,,a,
ASN00092045,20010904,TMAX,130,,,a,
ASN00092045,20010905,TMAX,150,,,a,
ASN00092045,20010906,TMAX,150,,,a,
ASN00092045,20010907,TMAX,160,,,a,
ASN00092045,20010908,TMAX,140,,,a,
ASN00092045,20010909,TMAX,160,,,a,
ASN00092045,20010910,TMAX,170,,,a,
ASN00092045,20010911,TMAX,160,,,a,
ASN00092045,20010912,TMAX,170,,,a,
ASN00092045,20010913,TMAX,190,,,a,
ASN00092045,20010914,TMAX,180,,,a,
ASN00092045,20010915,TMAX,180,,,a,
ASN00092045,20010916,TMAX,180,,,a,
ASN00092045,20010917,TMAX,160,,,a,
ASN00092045,20010918,TMAX,160,,,a,
ASN00092045,20010919,TMAX,190,,,a,
ASN00092045,20010920,TMAX,180,,,a,
ASN00092045,20010921,TMAX,170,,,a,
ASN00092045,20010922,TMAX,160,,,a,
ASN00092045,20010923,TMAX,170,,,a,
ASN00092045,20010924,TMAX,180,,,a,
ASN00092045,20010925,TMAX,150,,,a,
ASN00092045,20010926,TMAX,150,,,a,
ASN00092045,20010927,TMAX,170,,,a,
ASN00092045,20010928,TMAX,170,,,a,
ASN00092045,20010929,TMAX,210,,,a,
ASN00092045,20010930,TMAX,180,,,a,
ASN00092045,20010901,TMIN,110,,,a,
ASN00092045,20010902,TMIN,110,,,a,
ASN00092045,20010903,TMIN,110,,,a,
ASN00092045,20010904,TMIN,110,,,a,
ASN00092045,20010905,TMIN,50,,,a,
ASN00092045,20010906,TMIN,70,,,a,
ASN00092045,20010907,TMIN,70,,,a,
ASN00092045,20010908,TMIN,100,,,a,
ASN00092045,20010909,TMIN,80,,,a,
ASN00092045,20010910,TMIN,80,,,a,
ASN00092045,20010911,TMIN,80,,,a,
ASN00092045,20010912,TMIN,120,,,a,
ASN00092045,20010913,TMIN,90,,,a,
ASN00092045,20010914,TMIN,100,,,a,
ASN00092045,20010915,TMIN,110,,,a,
ASN00092045,20010916,TMIN,130,,,a,
ASN00092045,20010917,TMIN,60,,,a,
ASN00092045,20010918,TMIN,90,,,a,
ASN00092045,20010919,TMIN,90,,,a,
ASN00092045,20010920,TMIN,110,,,a,
ASN00092045,20010921,TMIN,80,,,a,
ASN00092045,20010922,TMIN,100,,,a,
ASN00092045,20010923,TMIN,130,,,a,
ASN00092045,20010924,TMIN,120,,,a,
ASN00092045,20010925,TMIN,110,,,a,
ASN00092045,20010926,TMIN,80,,,a,
ASN00092045,20010927,TMIN,70,,,a,
ASN00092045,20010928,TMIN,90,,,a,
ASN00092045,20010929,TMIN,100,,,a,
ASN00092045,20010930,TMIN,130,,,a,
ASN00092045,20010901,PRCP,40,,,a,
ASN00092045,20010902,PRCP,20,,,a,
ASN00092045,20010903,PRCP,0,,,a,
ASN00092045,20010904,PRCP,2,,,a,
ASN00092045,20010905,PRCP,30,,,a,
ASN00092045,20010906,PRCP,0,,,a,
ASN00092045,20010907,PRCP,0,,,a,
ASN00092045,20010908,PRCP,40,,,a,
ASN00092045,20010909,PRCP,0,,,a,
ASN00092045,20010910,PRCP,0,,,a,
ASN00092045,20010911,PRCP,2,,,a,
ASN00092045,20010912,PRCP,0,,,a,
ASN00092045,20010913,PRCP,0,,,a,
ASN00092045,20010914,PRCP,0,,,a,
ASN00092045,20010915,PRCP,0,,,a,
ASN00092045,20010916,PRCP,0,,,a,
ASN00092045,20010917,PRCP,0,,,a,
ASN00092045,20010918,PRCP,0,,,a,
ASN00092045,20010919,PRCP,0,,,a,
ASN00092045,20010920,PRCP,0,,,a,
ASN00092045,20010921,PRCP,0,,,a,
ASN00092045,20010922,PRCP,0,,,a,
ASN00092045,20010923,PRCP,180,,,a,
ASN00092045,20010924,PRCP,20,,,a,
ASN00092045,20010925,PRCP,20,,,a,
ASN00092045,20010926,PRCP,0,,,a,
ASN00092045,20010927,PRCP,0,,,a,
ASN00092045,20010928,PRCP,0,,,a,
ASN00092045,20010929,PRCP,0,,,a,
ASN00092045,20010930,PRCP,0,,,a,
ASN00092045,20010901,TAVG,132,H,,S,
ASN00092045,20010902,TAVG,134,H,,S,
ASN00092045,20010903,TAVG,131,H,,S,
ASN00092045,20010904,TAVG,93,H,,S,
ASN00092045,20010905,TAVG,108,H,,S,
ASN00092045,20010906,TAVG,104,H,,S,
ASN00092045,20010907,TAVG,137,H,,S,
ASN00092045,20010908,TAVG,109,H,,S,
ASN00092045,20010909,TAVG,115,H,,S,
ASN00092045,20010910,TAVG,116,H,,S,
ASN00092045,20010911,TAVG,137,H,,S,
ASN00092045,20010912,TAVG,122,H,,S,
ASN00092045,20010913,TAVG,131,H,,S,
ASN00092045,20010914,TAVG,135,H,,S,
ASN00092045,20010915,TAVG,146,H,,S,
ASN00092045,20010916,TAVG,107,H,,S,
ASN00092045,20010917,TAVG,117,H,,S,
ASN00092045,20010918,TAVG,113,H,,S,
ASN00092045,20010919,TAVG,134,H,,S,
ASN00092045,20010920,TAVG,121,H,,S,
ASN00092045,20010921,TAVG,130,H,,S,
ASN00092045,20010922,TAVG,139,H,,S,
ASN00092045,20010923,TAVG,136,H,,S,
ASN00092045,20010924,TAVG,141,H,,S,
ASN00092045,20010925,TAVG,116,H,,S,
ASN00092045,20010926,TAVG,103,H,,S,
ASN00092045,20010927,TAVG,118,H,,S,
ASN00092045,20010928,TAVG,127,H,,S,
ASN00092045,20010929,TAVG,155,H,,S,
ASN00092045,20010930,TAVG,161,H,,S,
ASN00092045,20011001,TMAX,200,,,a,
ASN00092045,20011002,TMAX,190,,,a,
ASN00092045,20011003,TMAX,180,,,a,
ASN00092045,20011004,TMAX,160,,,a,
ASN00092045,20011005,TMAX,170,,,a,
ASN00092045,20011006,TMAX,160,,,a,
ASN00092045,20011007,TMAX,140,,,a,
ASN00092045,20011008,TMAX,150,,,a,
ASN00092045,20011009,TMAX,150,,,a,
ASN00092045,20011010,TMAX,170,,,a,
ASN00092045,20011011,TMAX,170,,,a,
ASN00092045,20011012,TMAX,140,,,a,
ASN00092045,20011013,TMAX,170,,,a,
ASN00092045,20011014,TMAX,150,,,a,
ASN00092045,20011015,TMAX,180,,,a,
ASN00092045,20011016,TMAX,160,,,a,
ASN00092045,20011017,TMAX,170,,,a,
ASN00092045,20011018,TMAX,150,,,a,
ASN00092045,20011019,TMAX,140,,,a,
ASN00092045,20011020,TMAX,160,,,a,
ASN00092045,20011021,TMAX,170,,,a,
ASN00092045,20011022,TMAX,190,,,a,
ASN00092045,20011023,TMAX,180,,,a,
ASN00092045,20011024,TMAX,210,,,a,
ASN00092045,20011025,TMAX,190,,,a,
ASN00092045,20011026,TMAX,170,,,a,
ASN00092045,20011027,TMAX,180,,,a,
ASN00092045,20011028,TMAX,180,,,a,
ASN00092045,20011029,TMAX,180,,,a,
ASN00092045,20011030,TMAX,170,,,a,
ASN00092045,20011031,TMAX,190,,,a,
ASN00092045,20011001,TMIN,140,,,a,
ASN00092045,20011002,TMIN,110,,,a,
ASN00092045,20011003,TMIN,110,,,a,
ASN00092045,20011004,TMIN,100,,,a,
ASN00092045,20011005,TMIN,90,,,a,
ASN00092045,20011006,TMIN,70,,,a,
ASN00092045,20011007,TMIN,100,,,a,
ASN00092045,20011008,TMIN,80,,,a,
ASN00092045,20011009,TMIN,70,,,a,
ASN00092045,20011010,TMIN,70,,,a,
ASN00092045,20011011,TMIN,130,,,a,
ASN00092045,20011012,TMIN,110,,,a,
ASN00092045,20011013,TMIN,100,,,a,
ASN00092045,20011014,TMIN,100,,,a,
ASN00092045,20011015,TMIN,80,,,a,
ASN00092045,20011016,TMIN,60,,,a,
ASN00092045,20011017,TMIN,90,,,a,
ASN00092045,20011018,TMIN,80,,,a,
ASN00092045,20011019,TMIN,30,,,a,
ASN00092045,20011020,TMIN,40,,,a,
ASN00092045,20011021,TMIN,70,,,a,
ASN00092045,20011022,TMIN,90,,,a,
ASN00092045,20011023,TMIN,120,,,a,
ASN00092045,20011024,TMIN,140,,,a,
ASN00092045,20011025,TMIN,120,,,a,
ASN00092045,20011026,TMIN,110,,,a,
ASN00092045,20011027,TMIN,90,,,a,
ASN00092045,20011028,TMIN,120,,,a,
ASN00092045,20011029,TMIN,70,,,a,
ASN00092045,20011030,TMIN,100,,,a,
ASN00092045,20011031,TMIN,90,,,a,
ASN00092045,20011001,PRCP,90,,,a,
ASN00092045,20011002,PRCP,0,,,a,
ASN00092045,20011003,PRCP,50,,,a,
ASN00092045,20011004,PRCP,100,,,a,
ASN00092045,20011005,PRCP,10,,,a,
ASN00092045,20011006,PRCP,0,,,a,
ASN00092045,20011007,PRCP,210,,,a,
ASN00092045,20011008,PRCP,150,,,a,
ASN00092045,20011009,PRCP,4,,,a,
ASN00092045,20011010,PRCP,0,,,a,
ASN00092045,20011011,PRCP,0,,,a,
ASN00092045,20011012,PRCP,200,,,a,
ASN00092045,20011013,PRCP,10,,,a,
ASN00092045,20011014,PRCP,8,,,a,
ASN00092045,20011015,PRCP,30,,,a,
ASN00092045,20011016,PRCP,2,,,a,
ASN00092045,20011017,PRCP,0,,,a,
ASN00092045,20011018,PRCP,20,,,a,
ASN00092045,20011019,PRCP,0,,,a,
ASN00092045,20011020,PRCP,2,,,a,
ASN00092045,20011021,PRCP,2,,,a,
ASN00092045,20011022,PRCP,0,,,a,
ASN00092045,20011023,PRCP,0,,,a,
ASN00092045,20011024,PRCP,50,,,a,
ASN00092045,20011025,PRCP,2,,,a,
ASN00092045,20011026,PRCP,0,,,a,
ASN00092045,20011027,PRCP,2,,,a,
ASN00092045,20011028,PRCP,10,,,a,
ASN00092045,20011029,PRCP,70,,,a,
ASN00092045,20011030,PRCP,20,,,a,
ASN00092045,20011031,PRCP,20,,,a,
ASN00092045,20011001,TAVG,141,H,,S,
ASN00092045,20011002,TAVG,142,H,,S,
ASN00092045,20011003,TAVG,131,H,,S,
ASN00092045,20011004,TAVG,115,H,,S,
ASN00092045,20011005,TAVG,112,H,,S,
ASN00092045,20011006,TAVG,114,H,,S,
ASN00092045,20011007,TAVG,112,H,,S,
ASN00092045,20011008,TAVG,104,H,,S,
ASN00092045,20011009,TAVG,108,H,,S,
ASN00092045,20011010,TAVG,144,H,,S,
ASN00092045,20011011,TAVG,136,H,,S,
ASN00092045,20011012,TAVG,121,H,,S,
ASN00092045,20011013,TAVG,129,H,,S,
ASN00092045,20011014,TAVG,111,H,,S,
ASN00092045,20011015,TAVG,110,H,,S,
ASN00092045,20011016,TAVG,117,H,,S,
ASN00092045,20011017,TAVG,121,H,,S,
ASN00092045,20011018,TAVG,88,H,,S,
ASN00092045,20011019,TAVG,88,H,,S,
ASN00092045,20011020,TAVG,114,H,,S,
ASN00092045,20011021,TAVG,125,H,,S,
ASN00092045,20011022,TAVG,146,H,,S,
ASN00092045,20011023,TAVG,156,H,,S,
ASN00092045,20011024,TAVG,155,H,,S,
ASN00092045,20011025,TAVG,139,H,,S,
ASN00092045,20011026,TAVG,129,H,,S,
ASN00092045,20011027,TAVG,142,H,,S,
ASN00092045,20011028,TAVG,117,H,,S,
ASN00092045,20011029,TAVG,131,H,,S,
ASN00092045,20011030,TAVG,118,H,,S,
ASN00092045,20011031,TAVG,114,H,,S,
ASN00092045,20011101,TMAX,170,,,a,
ASN00092045,20011102,TMAX,160,,,a,
ASN00092045,20011103,TMAX,160,,,a,
ASN00092045,20011104,TMAX,190,,,a,
ASN00092045,20011105,TMAX,190,,,a,
ASN00092045,20011107,TMAX,150,,,a,
ASN00092045,20011108,TMAX,150,,,a,
ASN00092045,20011109,TMAX,160,,,a,
ASN00092045,20011110,TMAX,150,,,a,
ASN00092045,20011111,TMAX,170,,,a,
ASN00092045,20011112,TMAX,170,,,a,
ASN00092045,20011113,TMAX,180,,,a,
ASN00092045,20011114,TMAX,190,,,a,
ASN00092045,20011115,TMAX,170,,,a,
ASN00092045,20011116,TMAX,160,,,a,
ASN00092045,20011117,TMAX,210,,,a,
ASN00092045,20011118,TMAX,130,,,a,
ASN00092045,20011119,TMAX,170,,,a,
ASN00092045,20011120,TMAX,170,,,a,
ASN00092045,20011126,TMAX,190,,,a,
ASN00092045,20011127,TMAX,190,,,a,
ASN00092045,20011128,TMAX,160,,,a,
ASN00092045,20011129,TMAX,210,,,a,
ASN00092045,20011130,TMAX,210,,,a,
ASN00092045,20011101,TMIN,50,,,a,
ASN00092045,20011102,TMIN,90,,,a,
ASN00092045,20011103,TMIN,120,,,a,
ASN00092045,20011104,TMIN,130,,,a,
ASN00092045,20011105,TMIN,140,,,a,
ASN00092045,20011106,TMIN,127,,,a,
ASN00092045,20011107,TMIN,100,,,a,
ASN00092045,20011108,TMIN,90,,,a,
ASN00092045,20011109,TMIN,110,,,a,
ASN00092045,20011110,TMIN,100,,,a,
ASN00092045,20011111,TMIN,80,,,a,
ASN00092045,20011112,TMIN,80,,,a,
ASN00092045,20011113,TMIN,110,,,a,
ASN00092045,20011114,TMIN,110,,,a,
ASN00092045,20011115,TMIN,120,,,a,
ASN00092045,20011116,TMIN,100,,,a,
ASN00092045,20011117,TMIN,130,,,a,
ASN00092045,20011118,TMIN,80,,,a,
ASN00092045,20011119,TMIN,70,,,a,
ASN00092045,20011120,TMIN,100,,,a,
ASN00092045,20011121,TMIN,110,,,a,
ASN00092045,20011127,TMIN,130,,,a,
ASN00092045,20011128,TMIN,120,,,a,
ASN00092045,20011129,TMIN,110,,,a,
ASN00092045,20011130,TMIN,130,,,a,
ASN00092045,20011101,PRCP,2,,,a,
ASN00092045,20011102,PRCP,0,,,a,
ASN00092045,20011103,PRCP,0,,,a,
ASN00092045,20011104,PRCP,0,,,a,
ASN00092045,20011105,PRCP,0,,,a,
ASN00092045,20011106,PRCP,130,,,a,
ASN00092045,20011107,PRCP,30,,,a,
ASN00092045,20011108,PRCP,2,,,a,
ASN00092045,20011109,PRCP,0,,,a,
ASN00092045,20011110,PRCP,20,,,a,
ASN00092045,20011111,PRCP,0,,,a,
ASN00092045,20011112,PRCP,20,,,a,
ASN00092045,20011113,PRCP,2,,,a,
ASN00092045,20011114,PRCP,0,,,a,
ASN00092045,20011115,PRCP,0,,,a,
ASN00092045,20011116,PRCP,0,,,a,
ASN00092045,20011117,PRCP,0,,,a,
ASN00092045,20011118,PRCP,320,,,a,
ASN00092045,20011119,PRCP,20,,,a,
ASN00092045,20011120,PRCP,40,,,a,
ASN00092045,20011121,PRCP,2,,,a,
ASN00092045,20011127,PRCP,2,,,a,
ASN00092045,20011128,PRCP,0,,,a,
ASN00092045,20011129,PRCP,0,,,a,
ASN00092045,20011130,PRCP,0,,,a,
ASN00092045,20011101,TAVG,128,H,,S,
ASN00092045,20011102,TAVG,130,H,,S,
ASN00092045,20011103,TAVG,142,H,,S,
ASN00092045,20011104,TAVG,159,H,,S,
ASN00092045,20011105,TAVG,156,H,,S,
ASN00092045,20011106,TAVG,113,H,,S,
ASN00092045,20011107,TAVG,117,H,,S,
ASN00092045,20011108,TAVG,123,H,,S,
ASN00092045,20011109,TAVG,122,H,,S,
ASN00092045,20011110,TAVG,114,H,,S,
ASN00092045,20011111,TAVG,116,H,,S,
ASN00092045,20011112,TAVG,139,H,,S,
ASN00092045,20011113,TAVG,141,H,,S,
ASN00092045,20011114,TAVG,143,H,,S,
ASN00092045,20011115,TAVG,133,H,,S,
ASN00092045,20011116,TAVG,140,H,,S,
ASN00092045,20011117,TAVG,128,H,,S,
ASN00092045,20011118,TAVG,97,H,,S,
ASN00092045,20011119,TAVG,127,H,,S,
ASN00092045,20011120,TAVG,131,H,,S,
ASN00092045,20011126,TAVG,147,H,,S,
ASN00092045,20011127,TAVG,148,H,,S,
ASN00092045,20011128,TAVG,141,H,,S,
ASN00092045,20011129,TAVG,154,H,,S,
ASN00092045,20011130,TAVG,142,H,,S,
ASN00092045,20011201,TMAX,170,,,a,
ASN00092045,20011202,TMAX,170,,,a,
ASN00092045,20011203,TMAX,130,,,a,
ASN00092045,20011204,TMAX,150,,,a,
ASN00092045,20011205,TMAX,160,,,a,
ASN00092045,20011206,TMAX,170,,,a,
ASN00092045,20011207,TMAX,170,,,a,
ASN00092045,20011208,TMAX,170,,,a,
ASN00092045,20011209,TMAX,190,,,a,
ASN00092045,20011210,TMAX,180,,,a,
ASN00092045,20011211,TMAX,180,,,a,
ASN00092045,20011212,TMAX,190,,,a,
ASN00092045,20011213,TMAX,190,,,a,
ASN00092045,20011214,TMAX,210,,,a,
ASN00092045,20011215,TMAX,190,,,a,
ASN00092045,20011216,TMAX,200,,,a,
ASN00092045,20011217,TMAX,200,,,a,
ASN00092045,20011218,TMAX,210,,,a,
ASN00092045,20011219,TMAX,220,,,a,
ASN00092045,20011220,TMAX,230,,,a,
ASN00092045,20011221,TMAX,210,,,a,
ASN00092045,20011222,TMAX,210,,,a,
ASN00092045,20011223,TMAX,210,,,a,
ASN00092045,20011224,TMAX,190,,,a,
ASN00092045,20011225,TMAX,160,,,a,
ASN00092045,20011226,TMAX,210,,,a,
ASN00092045,20011227,TMAX,200,,,a,
ASN00092045,20011228,TMAX,210,,,a,
ASN00092045,20011229,TMAX,230,,,a,
ASN00092045,20011230,TMAX,220,,,a,
ASN00092045,20011231,TMAX,190,,,a,
ASN00092045,20011201,TMIN,100,,,a,
ASN00092045,20011202,TMIN,100,,,a,
ASN00092045,20011203,TMIN,110,,,a,
ASN00092045,20011204,TMIN,110,,,a,
ASN00092045,20011205,TMIN,110,,,a,
ASN00092045,20011206,TMIN,90,,,a,
ASN00092045,20011207,TMIN,110,,,a,
ASN00092045,20011208,TMIN,100,,,a,
ASN00092045,20011209,TMIN,120,,,a,
ASN00092045,20011210,TMIN,80,,,a,
ASN00092045,20011211,TMIN,70,,,a,
ASN00092045,20011212,TMIN,80,,,a,
ASN00092045,20011213,TMIN,110,,,a,
ASN00092045,20011214,TMIN,110,,,a,
ASN00092045,20011215,TMIN,110,,,a,
ASN00092045,20011216,TMIN,110,,,a,
ASN00092045,20011217,TMIN,100,,,a,
ASN00092045,20011218,TMIN,120,,,a,
ASN00092045,20011219,TMIN,130,,,a,
ASN00092045,20011220,TMIN,160,,,a,
ASN00092045,20011221,TMIN,130,,,a,
ASN00092045,20011222,TMIN,150,,,a,
ASN00092045,20011223,TMIN,110,,,a,
ASN00092045,20011224,TMIN,130,,,a,
ASN00092045,20011225,TMIN,100,,,a,
ASN00092045,20011226,TMIN,80,,,a,
ASN00092045,20011227,TMIN,80,,,a,
ASN00092045,20011228,TMIN,130,,,a,
ASN00092045,20011229,TMIN,120,,,a,
ASN00092045,20011230,TMIN,100,,,a,
ASN00092045,20011231,TMIN,110,,,a,
ASN00092045,20011201,PRCP,4,,,a,
ASN00092045,20011202,PRCP,4,,,a,
ASN00092045,20011203,PRCP,180,,,a,
ASN00092045,20011204,PRCP,40,,,a,
ASN00092045,20011205,PRCP,2,,,a,
ASN00092045,20011206,PRCP,0,,,a,
ASN00092045,20011207,PRCP,60,,,a,
ASN00092045,20011208,PRCP,4,,,a,
ASN00092045,20011209,PRCP,2,,,a,
ASN00092045,20011210,PRCP,30,,,a,
ASN00092045,20011211,PRCP,4,,,a,
ASN00092045,20011212,PRCP,0,,,a,
ASN00092045,20011213,PRCP,0,,,a,
ASN00092045,20011214,PRCP,0,,,a,
ASN00092045,20011215,PRCP,0,,,a,
ASN00092045,20011216,PRCP,0,,,a,
ASN00092045,20011217,PRCP,0,,,a,
ASN00092045,20011218,PRCP,0,,,a,
ASN00092045,20011219,PRCP,0,,,a,
ASN00092045,20011220,PRCP,0,,,a,
ASN00092045,20011221,PRCP,6,,,a,
ASN00092045,20011222,PRCP,0,,,a,
ASN00092045,20011223,PRCP,0,,,a,
ASN00092045,20011224,PRCP,0,,,a,
ASN00092045,20011225,PRCP,50,,,a,
ASN00092045,20011226,PRCP,20,,,a,
ASN00092045,20011227,PRCP,30,,,a,
ASN00092045,20011228,PRCP,0,,,a,
ASN00092045,20011229,PRCP,0,,,a,
ASN00092045,20011230,PRCP,0,,,a,
ASN00092045,20011231,PRCP,0,,,a,
ASN00092045,20011201,TAVG,128,H,,S,
ASN00092045,20011202,TAVG,127,H,,S,
ASN00092045,20011203,TAVG,121,H,,S,
ASN00092045,20011204,TAVG,129,H,,S,
ASN00092045,20011205,TAVG,124,H,,S,
ASN00092045,20011206,TAVG,126,H,,S,
ASN00092045,20011207,TAVG,126,H,,S,
ASN00092045,20011208,TAVG,142,H,,S,
ASN00092045,20011209,TAVG,130,H,,S,
ASN00092045,20011210,TAVG,117,H,,S,
ASN00092045,20011211,TAVG,123,H,,S,
ASN00092045,20011212,TAVG,147,H,,S,
ASN00092045,20011213,TAVG,149,H,,S,
ASN00092045,20011214,TAVG,153,H,,S,
ASN00092045,20011215,TAVG,146,H,,S,
ASN00092045,20011216,TAVG,146,H,,S,
ASN00092045,20011217,TAVG,159,H,,S,
ASN00092045,20011218,TAVG,168,H,,S,
ASN00092045,20011219,TAVG,183,H,,S,
ASN00092045,20011220,TAVG,171,H,,S,
ASN00092045,20011221,TAVG,169,H,,S,
ASN00092045,20011222,TAVG,163,H,,S,
ASN00092045,20011223,TAVG,161,H,,S,
ASN00092045,20011224,TAVG,139,H,,S,
ASN00092045,20011225,TAVG,123,H,,S,
ASN00092045,20011226,TAVG,131,H,,S,
ASN00092045,20011227,TAVG,154,H,,S,
ASN00092045,20011228,TAVG,158,H,,S,
ASN00092045,20011229,TAVG,167,H,,S,
ASN00092045,20011230,TAVG,151,H,,S,
ASN00092045,20011231,TAVG,148,H,,S,
ASN00092045,20020101,TMAX,170,,,a,
ASN00092045,20020102,TMAX,170,,,a,
ASN00092045,20020103,TMAX,220,,,a,
ASN00092045,20020104,TMAX,200,,,a,
ASN00092045,20020105,TMAX,200,,,a,
ASN00092045,20020106,TMAX,220,,,a,
ASN00092045,20020107,TMAX,210,,,a,
ASN00092045,20020108,TMAX,230,,,a,
ASN00092045,20020109,TMAX,210,,,a,
ASN00092045,20020110,TMAX,210,,,a,
ASN00092045,20020111,TMAX,180,,,a,
ASN00092045,20020112,TMAX,190,,,a,
ASN00092045,20020113,TMAX,210,,,a,
ASN00092045,20020114,TMAX,210,,,a,
ASN00092045,20020115,TMAX,200,,,a,
ASN00092045,20020116,TMAX,190,,,a,
ASN00092045,20020117,TMAX,210,,,a,
ASN00092045,20020118,TMAX,220,,,a,
ASN00092045,20020119,TMAX,230,,,a,
ASN00092045,20020120,TMAX,230,,,a,
ASN00092045,20020121,TMAX,170,,,a,
ASN00092045,20020122,TMAX,200,,,a,
ASN00092045,20020123,TMAX,220,,,a,
ASN00092045,20020124,TMAX,200,,,a,
ASN00092045,20020125,TMAX,220,,,a,
ASN00092045,20020126,TMAX,240,,,a,
ASN00092045,20020127,TMAX,240,,,a,
ASN00092045,20020128,TMAX,190,,,a,
ASN00092045,20020129,TMAX,230,,,a,
ASN00092045,20020130,TMAX,240,,,a,
ASN00092045,20020131,TMAX,200,,,a,
ASN00092045,20020101,TMIN,110,,,a,
ASN00092045,20020102,TMIN,100,,,a,
ASN00092045,20020103,TMIN,90,,,a,
ASN00092045,20020104,TMIN,110,,,a,
ASN00092045,20020105,TMIN,80,,,a,
ASN00092045,20020106,TMIN,110,,,a,
ASN00092045,20020107,TMIN,170,,,a,
ASN00092045,20020108,TMIN,140,,,a,
ASN00092045,20020109,TMIN,120,,,a,
ASN00092045,20020110,TMIN,130,,,a,
ASN00092045,20020111,TMIN,140,,,a,
ASN00092045,20020112,TMIN,110,,,a,
ASN00092045,20020113,TMIN,120,,,a,
ASN00092045,20020114,TMIN,150,,,a,
ASN00092045,20020115,TMIN,140,,,a,
ASN00092045,20020116,TMIN,130,,,a,
ASN00092045,20020117,TMIN,130,,,a,
ASN00092045,20020118,TMIN,140,,,a,
ASN00092045,20020119,TMIN,130,,,a,
ASN00092045,20020120,TMIN,170,,,a,
ASN00092045,20020121,TMIN,170,,,a,
ASN00092045,20020122,TMIN,140,,,a,
ASN00092045,20020123,TMIN,150,,,a,
ASN00092045,20020124,TMIN,140,,,a,
ASN00092045,20020125,TMIN,160,,,a,
ASN00092045,20020126,TMIN,170,,,a,
ASN00092045,20020127,TMIN,170,,,a,
ASN00092045,20020128,TMIN,180,,,a,
ASN00092045,20020129,TMIN,130,,,a,
ASN00092045,20020130,TMIN,150,,,a,
ASN00092045,20020131,TMIN,160,,,a,
ASN00092045,20020101,PRCP,40,,,a,
ASN00092045,20020102,PRCP,50,,,a,
ASN00092045,20020103,PRCP,10,,,a,
ASN00092045,20020104,PRCP,20,,,a,
ASN00092045,20020105,PRCP,0,,,a,
ASN00092045,20020106,PRCP,0,,,a,
ASN00092045,20020107,PRCP,250,,,a,
ASN00092045,20020108,PRCP,2,,,a,
ASN00092045,20020109,PRCP,0,,,a,
ASN00092045,20020110,PRCP,0,,,a,
ASN00092045,20020111,PRCP,0,,,a,
ASN00092045,20020112,PRCP,120,,,a,
ASN00092045,20020113,PRCP,2,,,a,
ASN00092045,20020114,PRCP,0,,,a,
ASN00092045,20020115,PRCP,2,,,a,
ASN00092045,20020116,PRCP,2,,,a,
ASN00092045,20020117,PRCP,2,,,a,
ASN00092045,20020118,PRCP,0,,,a,
ASN00092045,20020119,PRCP,0,,,a,
ASN00092045,20020120,PRCP,0,,,a,
ASN00092045,20020121,PRCP,20,,,a,
ASN00092045,20020122,PRCP,40,,,a,
ASN00092045,20020123,PRCP,6,,,a,
ASN00092045,20020124,PRCP,0,,,a,
ASN00092045,20020125,PRCP,0,,,a,
ASN00092045,20020126,PRCP,10,,,a,
ASN00092045,20020127,PRCP,2,,,a,
ASN00092045,20020128,PRCP,10,,,a,
ASN00092045,20020129,PRCP,20,,,a,
ASN00092045,20020130,PRCP,0,,,a,
ASN00092045,20020131,PRCP,2,,,a,
ASN00092045,20020101,TAVG,130,H,,S,
ASN00092045,20020102,TAVG,127,H,,S,
ASN00092045,20020103,TAVG,156,H,,S,
ASN00092045,20020104,TAVG,142,H,,S,
ASN00092045,20020105,TAVG,149,H,,S,
ASN00092045,20020106,TAVG,180,H,,S,
ASN00092045,20020107,TAVG,164,H,,S,
ASN00092045,20020108,TAVG,164,H,,S,
ASN00092045,20020109,TAVG,161,H,,S,
ASN00092045,20020110,TAVG,161,H,,S,
ASN00092045,20020111,TAVG,150,H,,S,
ASN00092045,20020112,TAVG,148,H,,S,
ASN00092045,20020113,TAVG,169,H,,S,
ASN00092045,20020114,TAVG,162,H,,S,
ASN00092045,20020115,TAVG,155,H,,S,
ASN00092045,20020116,TAVG,155,H,,S,
ASN00092045,20020117,TAVG,171,H,,S,
ASN00092045,20020118,TAVG,175,H,,S,
ASN00092045,20020119,TAVG,196,H,,S,
ASN00092045,20020120,TAVG,188,H,,S,
ASN00092045,20020121,TAVG,154,H,,S,
ASN00092045,20020122,TAVG,167,H,,S,
ASN00092045,20020123,TAVG,177,H,,S,
ASN00092045,20020124,TAVG,168,H,,S,
ASN00092045,20020125,TAVG,189,H,,S,
ASN00092045,20020126,TAVG,197,H,,S,
ASN00092045,20020127,TAVG,194,H,,S,
ASN00092045,20020128,TAVG,162,H,,S,
ASN00092045,20020129,TAVG,186,H,,S,
ASN00092045,20020130,TAVG,184,H,,S,
ASN00092045,20020131,TAVG,172,H,,S,
ASN00092045,20020201,TMAX,230,,,a,
ASN00092045,20020202,TMAX,240,,,a,
ASN00092045,20020203,TMAX,200,,,a,
ASN00092045,20020204,TMAX,180,,,a,
ASN00092045,20020205,TMAX,190,,,a,
ASN00092045,20020206,TMAX,210,,,a,
ASN00092045,20020207,TMAX,220,,,a,
ASN00092045,20020208,TMAX,220,,,a,
ASN00092045,20020209,TMAX,230,,,a,
ASN00092045,20020210,TMAX,170,,,a,
ASN00092045,20020211,TMAX,180,,,a,
ASN00092045,20020212,TMAX,190,,,a,
ASN00092045,20020213,TMAX,220,,,a,
ASN00092045,20020214,TMAX,230,,,a,
ASN00092045,20020215,TMAX,230,,,a,
ASN00092045,20020216,TMAX,240,,,a,
ASN00092045,20020217,TMAX,240,,,a,
ASN00092045,20020218,TMAX,230,,,a,
ASN00092045,20020219,TMAX,210,,,a,
ASN00092045,20020221,TMAX,190,,,a,
ASN00092045,20020222,TMAX,220,,,a,
ASN00092045,20020223,TMAX,230,,,a,
ASN00092045,20020224,TMAX,210,,,a,
ASN00092045,20020225,TMAX,240,,,a,
ASN00092045,20020226,TMAX,230,,,a,
ASN00092045,20020227,TMAX,220,,,a,
ASN00092045,20020228,TMAX,190,,,a,
ASN00092045,20020201,TMIN,160,,,a,
ASN00092045,20020202,TMIN,170,,,a,
ASN00092045,20020203,TMIN,130,,,a,
ASN00092045,20020204,TMIN,120,,,a,
ASN00092045,20020205,TMIN,130,,,a,
ASN00092045,20020206,TMIN,140,,,a,
ASN00092045,20020207,TMIN,160,,,a,
ASN00092045,20020208,TMIN,150,,,a,
ASN00092045,20020209,TMIN,140,,,a,
ASN00092045,20020210,TMIN,110,,,a,
ASN00092045,20020211,TMIN,130,,,a,
ASN00092045,20020212,TMIN,120,,,a,
ASN00092045,20020213,TMIN,130,,,a,
ASN00092045,20020214,TMIN,170,,,a,
ASN00092045,20020215,TMIN,180,,,a,
ASN00092045,20020216,TMIN,180,,,a,
ASN00092045,20020217,TMIN,120,,,a,
ASN00092045,20020218,TMIN,120,,,a,
ASN00092045,20020219,TMIN,160,,,a,
ASN00092045,20020220,TMIN,170,,,a,
ASN00092045,20020222,TMIN,100,,,a,
ASN00092045,20020223,TMIN,120,,,a,
ASN00092045,20020224,TMIN,150,,,a,
ASN00092045,20020225,TMIN,130,,,a,
ASN00092045,20020226,TMIN,160,,,a,
ASN00092045,20020227,TMIN,110,,,a,
ASN00092045,20020228,TMIN,110,,,a,
ASN00092045,20020201,PRCP,0,,,a,
ASN00092045,20020202,PRCP,2,,,a,
ASN00092045,20020203,PRCP,0,,,a,
ASN00092045,20020204,PRCP,0,,,a,
ASN00092045,20020205,PRCP,0,,,a,
ASN00092045,20020206,PRCP,0,,,a,
ASN00092045,20020207,PRCP,0,,,a,
ASN00092045,20020208,PRCP,210,,,a,
ASN00092045,20020209,PRCP,8,,,a,
ASN00092045,20020210,PRCP,40,,,a,
ASN00092045,20020211,PRCP,0,,,a,
ASN00092045,20020212,PRCP,20,,,a,
ASN00092045,20020213,PRCP,2,,,a,
ASN00092045,20020214,PRCP,0,,,a,
ASN00092045,20020215,PRCP,0,,,a,
ASN00092045,20020216,PRCP,0,,,a,
ASN00092045,20020217,PRCP,0,,,a,
ASN00092045,20020218,PRCP,0,,,a,
ASN00092045,20020219,PRCP,2,,,a,
ASN00092045,20020220,PRCP,0,,,a,
ASN00092045,20020222,PRCP,4,,,a,
ASN00092045,20020223,PRCP,0,,,a,
ASN00092045,20020224,PRCP,0,,,a,
ASN00092045,20020225,PRCP,0,,,a,
ASN00092045,20020226,PRCP,0,,,a,
ASN00092045,20020227,PRCP,100,,,a,
ASN00092045,20020228,PRCP,2,,,a,
ASN00092045,20020201,TAVG,191,H,,S,
ASN00092045,20020202,TAVG,174,H,,S,
ASN00092045,20020203,TAVG,152,H,,S,
ASN00092045,20020204,TAVG,151,H,,S,
ASN00092045,20020205,TAVG,157,H,,S,
ASN00092045,20020206,TAVG,175,H,,S,
ASN00092045,20020207,TAVG,173,H,,S,
ASN00092045,20020208,TAVG,177,H,,S,
ASN00092045,20020209,TAVG,151,H,,S,
ASN00092045,20020210,TAVG,143,H,,S,
ASN00092045,20020211,TAVG,146,H,,S,
ASN00092045,20020212,TAVG,159,H,,S,
ASN00092045,20020213,TAVG,186,H,,S,
ASN00092045,20020214,TAVG,196,H,,S,
ASN00092045,20020215,TAVG,197,H,,S,
ASN00092045,20020216,TAVG,173,H,,S,
ASN00092045,20020217,TAVG,172,H,,S,
ASN00092045,20020218,TAVG,182,H,,S,
ASN00092045,20020219,TAVG,189,H,,S,
ASN00092045,20020221,TAVG,121,H,,S,
ASN00092045,20020222,TAVG,161,H,,S,
ASN00092045,20020223,TAVG,176,H,,S,
ASN00092045,20020224,TAVG,169,H,,S,
ASN00092045,20020225,TAVG,187,H,,S,
ASN00092045,20020226,TAVG,169,H,,S,
ASN00092045,20020227,TAVG,150,H,,S,
ASN00092045,20020228,TAVG,139,H,,S,
ASN00092045,20020301,TMAX,220,,,a,
ASN00092045,20020302,TMAX,210,,,a,
ASN00092045,20020303,TMAX,220,,,a,
ASN00092045,20020304,TMAX,210,,,a,
ASN00092045,20020305,TMAX,230,,,a,
ASN00092045,20020306,TMAX,230,,,a,
ASN00092045,20020307,TMAX,210,,,a,
ASN00092045,20020308,TMAX,190,,,a,
ASN00092045,20020309,TMAX,190,,,a,
ASN00092045,20020310,TMAX,210,,,a,
ASN00092045,20020311,TMAX,230,,,a,
ASN00092045,20020312,TMAX,230,,,a,
ASN00092045,20020313,TMAX,230,,,a,
ASN00092045,20020314,TMAX,220,,,a,
ASN00092045,20020315,TMAX,200,,,a,
ASN00092045,20020316,TMAX,180,,,a,
ASN00092045,20020317,TMAX,240,,,a,
ASN00092045,20020318,TMAX,280,,,a,
ASN00092045,20020319,TMAX,210,,,a,
ASN00092045,20020320,TMAX,200,,,a,
ASN00092045,20020321,TMAX,200,,,a,
ASN00092045,20020322,TMAX,200,,,a,
ASN00092045,20020323,TMAX,220,,,a,
ASN00092045,20020324,TMAX,220,,,a,
ASN00092045,20020325,TMAX,210,,,a,
ASN00092045,20020326,TMAX,220,,,a,
ASN00092045,20020327,TMAX,260,,,a,
ASN00092045,20020328,TMAX,220,,,a,
ASN00092045,20020329,TMAX,180,,,a,
ASN00092045,20020330,TMAX,190,,,a,
ASN00092045,20020331,TMAX,190,,,a,
ASN00092045,20020301,TMIN,90,,,a,
ASN00092045,20020302,TMIN,130,,,a,
ASN00092045,20020303,TMIN,110,,,a,
ASN00092045,20020304,TMIN,150,,,a,
ASN00092045,20020305,TMIN,160,,,a,
ASN00092045,20020306,TMIN,170,,,a,
ASN00092045,20020307,TMIN,130,,,a,
ASN00092045,20020308,TMIN,120,,,a,
ASN00092045,20020309,TMIN,140,,,a,
ASN00092045,20020310,TMIN,150,,,a,
ASN00092045,20020311,TMIN,160,,,a,
ASN00092045,20020312,TMIN,110,,,a,
ASN00092045,20020313,TMIN,110,,,a,
ASN00092045,20020314,TMIN,140,,,a,
ASN00092045,20020315,TMIN,120,,,a,
ASN00092045,20020316,TMIN,130,,,a,
ASN00092045,20020317,TMIN,130,,,a,
ASN00092045,20020318,TMIN,120,,,a,
ASN00092045,20020319,TMIN,110,,,a,
ASN00092045,20020320,TMIN,130,,,a,
ASN00092045,20020321,TMIN,80,,,a,
ASN00092045,20020322,TMIN,110,,,a,
ASN00092045,20020323,TMIN,110,,,a,
ASN00092045,20020324,TMIN,150,,,a,
ASN00092045,20020325,TMIN,150,,,a,
ASN00092045,20020326,TMIN,160,,,a,
ASN00092045,20020327,TMIN,150,,,a,
ASN00092045,20020328,TMIN,160,,,a,
ASN00092045,20020329,TMIN,130,,,a,
ASN00092045,20020330,TMIN,120,,,a,
ASN00092045,20020331,TMIN,110,,,a,
ASN00092045,20020301,PRCP,0,,,a,
ASN00092045,20020302,PRCP,0,,,a,
ASN00092045,20020303,PRCP,0,,,a,
ASN00092045,20020304,PRCP,0,,,a,
ASN00092045,20020305,PRCP,0,,,a,
ASN00092045,20020306,PRCP,0,,,a,
ASN00092045,20020307,PRCP,0,,,a,
ASN00092045,20020308,PRCP,40,,,a,
ASN00092045,20020309,PRCP,0,,,a,
ASN00092045,20020310,PRCP,0,,,a,
ASN00092045,20020311,PRCP,0,,,a,
ASN00092045,20020312,PRCP,4,,,a,
ASN00092045,20020313,PRCP,2,,,a,
ASN00092045,20020314,PRCP,0,,,a,
ASN00092045,20020315,PRCP,0,,,a,
ASN00092045,20020316,PRCP,4,,,a,
ASN00092045,20020317,PRCP,0,,,a,
ASN00092045,20020318,PRCP,0,,,a,
ASN00092045,20020319,PRCP,0,,,a,
ASN00092045,20020320,PRCP,2,,,a,
ASN00092045,20020321,PRCP,0,,,a,
ASN00092045,20020322,PRCP,0,,,a,
ASN00092045,20020323,PRCP,0,,,a,
ASN00092045,20020324,PRCP,0,,,a,
ASN00092045,20020325,PRCP,2,,,a,
ASN00092045,20020326,PRCP,150,,,a,
ASN00092045,20020327,PRCP,2,,,a,
ASN00092045,20020328,PRCP,0,,,a,
ASN00092045,20020329,PRCP,0,,,a,
ASN00092045,20020330,PRCP,0,,,a,
ASN00092045,20020331,PRCP,0,,,a,
ASN00092045,20020301,TAVG,166,H,,S,
ASN00092045,20020302,TAVG,158,H,,S,
ASN00092045,20020303,TAVG,177,H,,S,
ASN00092045,20020304,TAVG,176,H,,S,
ASN00092045,20020305,TAVG,184,H,,S,
ASN00092045,20020306,TAVG,181,H,,S,
ASN00092045,20020307,TAVG,148,H,,S,
ASN00092045,20020308,TAVG,156,H,,S,
ASN00092045,20020309,TAVG,162,H,,S,
ASN00092045,20020310,TAVG,179,H,,S,
ASN00092045,20020311,TAVG,174,H,,S,
ASN00092045,20020312,TAVG,157,H,,S,
ASN00092045,20020313,TAVG,177,H,,S,
ASN00092045,20020314,TAVG,163,H,,S,
ASN00092045,20020315,TAVG,158,H,,S,
ASN00092045,20020316,TAVG,164,H,,S,
ASN00092045,20020317,TAVG,167,H,,S,
ASN00092045,20020318,TAVG,172,H,,S,
ASN00092045,20020319,TAVG,159,H,,S,
ASN00092045,20020320,TAVG,131,H,,S,
ASN00092045,20020321,TAVG,142,H,,S,
ASN00092045,20020322,TAVG,147,H,,S,
ASN00092045,20020323,TAVG,174,H,,S,
ASN00092045,20020324,TAVG,177,H,,S,
ASN00092045,20020325,TAVG,182,H,,S,
ASN00092045,20020326,TAVG,178,H,,S,
ASN00092045,20020327,TAVG,186,H,,S,
ASN00092045,20020328,TAVG,167,H,,S,
ASN00092045,20020329,TAVG,144,H,,S,
ASN00092045,20020330,TAVG,146,H,,S,
ASN00092045,20020331,TAVG,149,H,,S,
ASN00092045,20020401,TMAX,200,,,a,
ASN00092045,20020402,TMAX,220,,,a,
ASN00092045,20020403,TMAX,240,,,a,
ASN00092045,20020404,TMAX,170,,,a,
ASN00092045,20020405,TMAX,190,,,a,
ASN00092045,20020406,TMAX,240,,,a,
ASN00092045,20020407,TMAX,210,,,a,
ASN00092045,20020408,TMAX,210,,,a,
ASN00092045,20020409,TMAX,230,,,a,
ASN00092045,20020410,TMAX,230,,,a,
ASN00092045,20020411,TMAX,220,,,a,
ASN00092045,20020412,TMAX,230,,,a,
ASN00092045,20020413,TMAX,210,,,a,
ASN00092045,20020414,TMAX,180,,,a,
ASN00092045,20020415,TMAX,170,,,a,
ASN00092045,20020416,TMAX,190,,,a,
ASN00092045,20020417,TMAX,160,,,a,
ASN00092045,20020418,TMAX,180,,,a,
ASN00092045,20020419,TMAX,210,,,a,
ASN00092045,20020420,TMAX,170,,,a,
ASN00092045,20020421,TMAX,170,,,a,
ASN00092045,20020422,TMAX,170,,,a,
ASN00092045,20020423,TMAX,190,,,a,
ASN00092045,20020424,TMAX,200,,,a,
ASN00092045,20020425,TMAX,170,,,a,
ASN00092045,20020426,TMAX,180,,,a,
ASN00092045,20020427,TMAX,160,,,a,
ASN00092045,20020428,TMAX,170,,,a,
ASN00092045,20020429,TMAX,180,,,a,
ASN00092045,20020430,TMAX,200,,,a,
ASN00092045,20020401,TMIN,120,,,a,
ASN00092045,20020402,TMIN,130,,,a,
ASN00092045,20020403,TMIN,140,,,a,
ASN00092045,20020404,TMIN,70,,,a,
ASN00092045,20020405,TMIN,70,,,a,
ASN00092045,20020406,TMIN,110,,,a,
ASN00092045,20020407,TMIN,130,,,a,
ASN00092045,20020408,TMIN,140,,,a,
ASN00092045,20020409,TMIN,160,,,a,
ASN00092045,20020410,TMIN,130,,,a,
ASN00092045,20020411,TMIN,150,,,a,
ASN00092045,20020412,TMIN,140,,,a,
ASN00092045,20020413,TMIN,150,,,a,
ASN00092045,20020414,TMIN,140,,,a,
ASN00092045,20020415,TMIN,140,,,a,
ASN00092045,20020416,TMIN,130,,,a,
ASN00092045,20020417,TMIN,150,,,a,
ASN00092045,20020418,TMIN,140,,,a,
ASN00092045,20020419,TMIN,150,,,a,
ASN00092045,20020420,TMIN,150,,,a,
ASN00092045,20020421,TMIN,150,,,a,
ASN00092045,20020422,TMIN,150,,,a,
ASN00092045,20020423,TMIN,130,,,a,
ASN00092045,20020424,TMIN,150,,,a,
ASN00092045,20020425,TMIN,130,,,a,
ASN00092045,20020426,TMIN,110,,,a,
ASN00092045,20020427,TMIN,90,,,a,
ASN00092045,20020428,TMIN,90,,,a,
ASN00092045,20020429,TMIN,110,,,a,
ASN00092045,20020430,TMIN,110,,,a,
ASN00092045,20020401,PRCP,0,,,a,
ASN00092045,20020402,PRCP,0,,,a,
ASN00092045,20020403,PRCP,0,,,a,
ASN00092045,20020404,PRCP,60,,,a,
ASN00092045,20020405,PRCP,2,,,a,
ASN00092045,20020406,PRCP,0,,,a,
ASN00092045,20020407,PRCP,0,,,a,
ASN00092045,20020408,PRCP,0,,,a,
ASN00092045,20020409,PRCP,0,,,a,
ASN00092045,20020410,PRCP,0,,,a,
ASN00092045,20020411,PRCP,0,,,a,
ASN00092045,20020412,PRCP,4,,,a,
ASN00092045,20020413,PRCP,10,,,a,
ASN00092045,20020414,PRCP,0,,,a,
ASN00092045,20020415,PRCP,0,,,a,
ASN00092045,20020416,PRCP,0,,,a,
ASN00092045,20020417,PRCP,0,,,a,
ASN00092045,20020418,PRCP,10,,,a,
ASN00092045,20020419,PRCP,40,,,a,
ASN00092045,20020420,PRCP,160,,,a,
ASN00092045,20020421,PRCP,30,,,a,
ASN00092045,20020422,PRCP,2,,,a,
ASN00092045,20020423,PRCP,8,,,a,
ASN00092045,20020424,PRCP,2,,,a,
ASN00092045,20020425,PRCP,50,,,a,
ASN00092045,20020426,PRCP,10,,,a,
ASN00092045,20020427,PRCP,2,,,a,
ASN00092045,20020428,PRCP,0,,,a,
ASN00092045,20020429,PRCP,0,,,a,
ASN00092045,20020430,PRCP,0,,,a,
ASN00092045,20020401,TAVG,163,H,,S,
ASN00092045,20020402,TAVG,173,H,,S,
ASN00092045,20020403,TAVG,151,H,,S,
ASN00092045,20020404,TAVG,121,H,,S,
ASN00092045,20020405,TAVG,148,H,,S,
ASN00092045,20020406,TAVG,167,H,,S,
ASN00092045,20020407,TAVG,163,H,,S,
ASN00092045,20020408,TAVG,176,H,,S,
ASN00092045,20020409,TAVG,163,H,,S,
ASN00092045,20020410,TAVG,173,H,,S,
ASN00092045,20020411,TAVG,174,H,,S,
ASN00092045,20020412,TAVG,174,H,,S,
ASN00092045,20020413,TAVG,165,H,,S,
ASN00092045,20020414,TAVG,156,H,,S,
ASN00092045,20020415,TAVG,154,H,,S,
ASN00092045,20020416,TAVG,161,H,,S,
ASN00092045,20020417,TAVG,153,H,,S,
ASN00092045,20020418,TAVG,159,H,,S,
ASN00092045,20020419,TAVG,170,H,,S,
ASN00092045,20020420,TAVG,158,H,,S,
ASN00092045,20020421,TAVG,153,H,,S,
ASN00092045,20020422,TAVG,152,H,,S,
ASN00092045,20020423,TAVG,167,H,,S,
ASN00092045,20020424,TAVG,170,H,,S,
ASN00092045,20020425,TAVG,133,H,,S,
ASN00092045,20020426,TAVG,131,H,,S,
ASN00092045,20020427,TAVG,123,H,,S,
ASN00092045,20020428,TAVG,135,H,,S,
ASN00092045,20020429,TAVG,140,H,,S,
ASN00092045,20020430,TAVG,151,H,,S,
ASN00092045,20020501,TMAX,190,,,a,
ASN00092045,20020502,TMAX,190,,,a,
ASN00092045,20020503,TMAX,190,,,a,
ASN00092045,20020504,TMAX,230,,,a,
ASN00092045,20020505,TMAX,200,,,a,
ASN00092045,20020506,TMAX,190,,,a,
ASN00092045,20020507,TMAX,190,,,a,
ASN00092045,20020508,TMAX,180,,,a,
ASN00092045,20020509,TMAX,190,,,a,
ASN00092045,20020510,TMAX,200,,,a,
ASN00092045,20020511,TMAX,190,,,a,
ASN00092045,20020512,TMAX,190,,,a,
ASN00092045,20020513,TMAX,200,,,a,
ASN00092045,20020514,TMAX,170,,,a,
ASN00092045,20020515,TMAX,170,,,a,
ASN00092045,20020516,TMAX,170,,,a,
ASN00092045,20020517,TMAX,160,,,a,
ASN00092045,20020518,TMAX,160,,,a,
ASN00092045,20020519,TMAX,140,,,a,
ASN00092045,20020520,TMAX,170,,,a,
ASN00092045,20020521,TMAX,180,,,a,
ASN00092045,20020522,TMAX,150,,,a,
ASN00092045,20020523,TMAX,130,,,a,
ASN00092045,20020524,TMAX,150,,,a,
ASN00092045,20020525,TMAX,160,,,a,
ASN00092045,20020526,TMAX,150,,,a,
ASN00092045,20020527,TMAX,150,,,a,
ASN00092045,20020528,TMAX,150,,,a,
ASN00092045,20020529,TMAX,160,,,a,
ASN00092045,20020530,TMAX,150,,,a,
ASN00092045,20020531,TMAX,160,,,a,
ASN00092045,20020501,TMIN,120,,,a,
ASN00092045,20020502,TMIN,110,,,a,
ASN00092045,20020503,TMIN,100,,,a,
ASN00092045,20020504,TMIN,100,,,a,
ASN00092045,20020505,TMIN,120,,,a,
ASN00092045,20020506,TMIN,120,,,a,
ASN00092045,20020507,TMIN,90,,,a,
ASN00092045,20020508,TMIN,130,,,a,
ASN00092045,20020509,TMIN,150,,,a,
ASN00092045,20020510,TMIN,110,,,a,
ASN00092045,20020511,TMIN,110,,,a,
ASN00092045,20020512,TMIN,120,,,a,
ASN00092045,20020513,TMIN,120,,,a,
ASN00092045,20020514,TMIN,130,,,a,
ASN00092045,20020515,TMIN,90,,,a,
ASN00092045,20020516,TMIN,120,,,a,
ASN00092045,20020517,TMIN,80,,,a,
ASN00092045,20020518,TMIN,60,,,a,
ASN00092045,20020519,TMIN,100,,,a,
ASN00092045,20020520,TMIN,110,,,a,
ASN00092045,20020521,TMIN,70,,,a,
ASN00092045,20020522,TMIN,110,,,a,
ASN00092045,20020523,TMIN,100,,,a,
ASN00092045,20020524,TMIN,90,,,a,
ASN00092045,20020525,TMIN,90,,,a,
ASN00092045,20020526,TMIN,80,,,a,
ASN00092045,20020527,TMIN,60,,,a,
ASN00092045,20020528,TMIN,80,,,a,
ASN00092045,20020529,TMIN,80,,,a,
ASN00092045,20020530,TMIN,60,,,a,
ASN00092045,20020531,TMIN,80,,,a,
ASN00092045,20020501,PRCP,0,,,a,
ASN00092045,20020502,PRCP,2,,,a,
ASN00092045,20020503,PRCP,2,,,a,
ASN00092045,20020504,PRCP,2,,,a,
ASN00092045,20020505,PRCP,2,,,a,
ASN00092045,20020506,PRCP,0,,,a,
ASN00092045,20020507,PRCP,0,,,a,
ASN00092045,20020508,PRCP,0,,,a,
ASN00092045,20020509,PRCP,0,,,a,
ASN00092045,20020510,PRCP,2,,,a,
ASN00092045,20020511,PRCP,0,,,a,
ASN00092045,20020512,PRCP,0,,,a,
ASN00092045,20020513,PRCP,0,,,a,
ASN00092045,20020514,PRCP,2,,,a,
ASN00092045,20020515,PRCP,0,,,a,
ASN00092045,20020516,PRCP,50,,,a,
ASN00092045,20020517,PRCP,20,,,a,
ASN00092045,20020518,PRCP,0,,,a,
ASN00092045,20020519,PRCP,40,,,a,
ASN00092045,20020520,PRCP,20,,,a,
ASN00092045,20020521,PRCP,0,,,a,
ASN00092045,20020522,PRCP,2,,,a,
ASN00092045,20020523,PRCP,0,,,a,
ASN00092045,20020524,PRCP,0,,,a,
ASN00092045,20020525,PRCP,0,,,a,
ASN00092045,20020526,PRCP,0,,,a,
ASN00092045,20020527,PRCP,0,,,a,
ASN00092045,20020528,PRCP,0,,,a,
ASN00092045,20020529,PRCP,0,,,a,
ASN00092045,20020530,PRCP,0,,,a,
ASN00092045,20020531,PRCP,0,,,a,
ASN00092045,20020501,TAVG,138,H,,S,
ASN00092045,20020502,TAVG,137,H,,S,
ASN00092045,20020503,TAVG,136,H,,S,
ASN00092045,20020504,TAVG,153,H,,S,
ASN00092045,20020505,TAVG,159,H,,S,
ASN00092045,20020506,TAVG,130,H,,S,
ASN00092045,20020507,TAVG,148,H,,S,
ASN00092045,20020508,TAVG,165,H,,S,
ASN00092045,20020509,TAVG,151,H,,S,
ASN00092045,20020510,TAVG,146,H,,S,
ASN00092045,20020511,TAVG,151,H,,S,
ASN00092045,20020512,TAVG,156,H,,S,
ASN00092045,20020513,TAVG,156,H,,S,
ASN00092045,20020514,TAVG,124,H,,S,
ASN00092045,20020515,TAVG,158,H,,S,
ASN00092045,20020516,TAVG,126,H,,S,
ASN00092045,20020517,TAVG,108,H,,S,
ASN00092045,20020518,TAVG,119,H,,S,
ASN00092045,20020519,TAVG,125,H,,S,
ASN00092045,20020520,TAVG,119,H,,S,
ASN00092045,20020521,TAVG,142,H,,S,
ASN00092045,20020522,TAVG,122,H,,S,
ASN00092045,20020523,TAVG,111,H,,S,
ASN00092045,20020524,TAVG,117,H,,S,
ASN00092045,20020525,TAVG,115,H,,S,
ASN00092045,20020526,TAVG,104,H,,S,
ASN00092045,20020527,TAVG,109,H,,S,
ASN00092045,20020528,TAVG,111,H,,S,
ASN00092045,20020529,TAVG,102,H,,S,
ASN00092045,20020530,TAVG,101,H,,S,
ASN00092045,20020531,TAVG,102,H,,S,
ASN00092045,20020601,TMAX,160,,,a,
ASN00092045,20020602,TMAX,180,,,a,
ASN00092045,20020603,TMAX,180,,,a,
ASN00092045,20020604,TMAX,160,,,a,
ASN00092045,20020605,TMAX,180,,,a,
ASN00092045,20020606,TMAX,170,,,a,
ASN00092045,20020607,TMAX,170,,,a,
ASN00092045,20020608,TMAX,120,,,a,
ASN00092045,20020609,TMAX,150,,,a,
ASN00092045,20020610,TMAX,150,,,a,
ASN00092045,20020611,TMAX,170,,,a,
ASN00092045,20020612,TMAX,150,,,a,
ASN00092045,20020613,TMAX,160,,,a,
ASN00092045,20020614,TMAX,160,,,a,
ASN00092045,20020615,TMAX,130,,,a,
ASN00092045,20020616,TMAX,170,,,a,
ASN00092045,20020617,TMAX,120,,,a,
ASN00092045,20020618,TMAX,130,,,a,
ASN00092045,20020619,TMAX,140,,,a,
ASN00092045,20020620,TMAX,140,,,a,
ASN00092045,20020621,TMAX,140,,,a,
ASN00092045,20020622,TMAX,150,,,a,
ASN00092045,20020623,TMAX,150,,,a,
ASN00092045,20020624,TMAX,150,,,a,
ASN00092045,20020625,TMAX,150,,,a,
ASN00092045,20020626,TMAX,140,,,a,
ASN00092045,20020627,TMAX,130,,,a,
ASN00092045,20020628,TMAX,120,,,a,
ASN00092045,20020629,TMAX,140,,,a,
ASN00092045,20020630,TMAX,130,,,a,
ASN00092045,20020601,TMIN,70,,,a,
ASN00092045,20020602,TMIN,80,,,a,
ASN00092045,20020603,TMIN,100,,,a,
ASN00092045,20020604,TMIN,100,,,a,
ASN00092045,20020605,TMIN,120,,,a,
ASN00092045,20020606,TMIN,110,,,a,
ASN00092045,20020607,TMIN,120,,,a,
ASN00092045,20020608,TMIN,70,,,a,
ASN00092045,20020609,TMIN,70,,,a,
ASN00092045,20020610,TMIN,110,,,a,
ASN00092045,20020611,TMIN,100,,,a,
ASN00092045,20020612,TMIN,130,,,a,
ASN00092045,20020613,TMIN,70,,,a,
ASN00092045,20020614,TMIN,60,,,a,
ASN00092045,20020615,TMIN,90,,,a,
ASN00092045,20020616,TMIN,90,,,a,
ASN00092045,20020617,TMIN,80,,,a,
ASN00092045,20020618,TMIN,70,,,a,
ASN00092045,20020619,TMIN,40,,,a,
ASN00092045,20020620,TMIN,80,,,a,
ASN00092045,20020621,TMIN,90,,,a,
ASN00092045,20020622,TMIN,100,,,a,
ASN00092045,20020623,TMIN,100,,,a,
ASN00092045,20020624,TMIN,110,,,a,
ASN00092045,20020625,TMIN,120,,,a,
ASN00092045,20020626,TMIN,60,,,a,
ASN00092045,20020627,TMIN,80,,,a,
ASN00092045,20020628,TMIN,60,,,a,
ASN00092045,20020629,TMIN,30,,,a,
ASN00092045,20020630,TMIN,60,,,a,
ASN00092045,20020601,PRCP,30,,,a,
ASN00092045,20020602,PRCP,0,,,a,
ASN00092045,20020603,PRCP,0,,,a,
ASN00092045,20020604,PRCP,0,,,a,
ASN00092045,20020605,PRCP,0,,,a,
ASN00092045,20020606,PRCP,0,,,a,
ASN00092045,20020607,PRCP,50,,,a,
ASN00092045,20020608,PRCP,50,,,a,
ASN00092045,20020609,PRCP,40,,,a,
ASN00092045,20020610,PRCP,8,,,a,
ASN00092045,20020611,PRCP,2,,,a,
ASN00092045,20020612,PRCP,4,,,a,
ASN00092045,20020613,PRCP,70,,,a,
ASN00092045,20020614,PRCP,0,,,a,
ASN00092045,20020615,PRCP,20,,,a,
ASN00092045,20020616,PRCP,20,,,a,
ASN00092045,20020617,PRCP,70,,,a,
ASN00092045,20020618,PRCP,30,,,a,
ASN00092045,20020619,PRCP,0,,,a,
ASN00092045,20020620,PRCP,0,,,a,
ASN00092045,20020621,PRCP,4,,,a,
ASN00092045,20020622,PRCP,10,,,a,
ASN00092045,20020623,PRCP,0,,,a,
ASN00092045,20020624,PRCP,20,,,a,
ASN00092045,20020625,PRCP,20,,,a,
ASN00092045,20020626,PRCP,6,,,a,
ASN00092045,20020627,PRCP,0,,,a,
ASN00092045,20020628,PRCP,90,,,a,
ASN00092045,20020629,PRCP,0,,,a,
ASN00092045,20020630,PRCP,0,,,a,
ASN00092045,20020601,TAVG,107,H,,S,
ASN00092045,20020602,TAVG,133,H,,S,
ASN00092045,20020603,TAVG,126,H,,S,
ASN00092045,20020604,TAVG,136,H,,S,
ASN00092045,20020605,TAVG,133,H,,S,
ASN00092045,20020606,TAVG,146,H,,S,
ASN00092045,20020607,TAVG,128,H,,S,
ASN00092045,20020608,TAVG,96,H,,S,
ASN00092045,20020609,TAVG,133,H,,S,
ASN00092045,20020610,TAVG,119,H,,S,
ASN00092045,20020611,TAVG,139,H,,S,
ASN00092045,20020612,TAVG,111,H,,S,
ASN00092045,20020613,TAVG,98,H,,S,
ASN00092045,20020614,TAVG,105,H,,S,
ASN00092045,20020615,TAVG,111,H,,S,
ASN00092045,20020616,TAVG,117,H,,S,
ASN00092045,20020617,TAVG,92,H,,S,
ASN00092045,20020618,TAVG,88,H,,S,
ASN00092045,20020619,TAVG,118,H,,S,
ASN00092045,20020620,TAVG,104,H,,S,
ASN00092045,20020621,TAVG,115,H,,S,
ASN00092045,20020622,TAVG,118,H,,S,
ASN00092045,20020623,TAVG,132,H,,S,
ASN00092045,20020624,TAVG,135,H,,S,
ASN00092045,20020625,TAVG,102,H,,S,
ASN00092045,20020626,TAVG,112,H,,S,
ASN00092045,20020627,TAVG,84,H,,S,
ASN00092045,20020628,TAVG,72,H,,S,
ASN00092045,20020629,TAVG,93,H,,S,
ASN00092045,20020630,TAVG,98,H,,S,
ASN00092045,20020701,TMAX,160,,,a,
ASN00092045,20020702,TMAX,140,,,a,
ASN00092045,20020703,TMAX,130,,,a,
ASN00092045,20020704,TMAX,130,,,a,
ASN00092045,20020705,TMAX,140,,,a,
ASN00092045,20020706,TMAX,110,,,a,
ASN00092045,20020707,TMAX,150,,,a,
ASN00092045,20020708,TMAX,140,,,a,
ASN00092045,20020709,TMAX,120,,,a,
ASN00092045,20020710,TMAX,150,,,a,
ASN00092045,20020711,TMAX,140,,,a,
ASN00092045,20020712,TMAX,150,,,a,
ASN00092045,20020713,TMAX,160,,,a,
ASN00092045,20020714,TMAX,150,,,a,
ASN00092045,20020715,TMAX,160,,,a,
ASN00092045,20020716,TMAX,140,,,a,
ASN00092045,20020717,TMAX,140,,,a,
ASN00092045,20020718,TMAX,130,,,a,
ASN00092045,20020719,TMAX,150,,,a,
ASN00092045,20020720,TMAX,130,,,a,
ASN00092045,20020721,TMAX,140,,,a,
ASN00092045,20020722,TMAX,140,,,a,
ASN00092045,20020723,TMAX,130,,,a,
ASN00092045,20020724,TMAX,130,,,a,
ASN00092045,20020725,TMAX,110,,,a,
ASN00092045,20020726,TMAX,140,,,a,
ASN00092045,20020727,TMAX,160,,,a,
ASN00092045,20020728,TMAX,150,,,a,
ASN00092045,20020729,TMAX,150,,,a,
ASN00092045,20020730,TMAX,150,,,a,
ASN00092045,20020731,TMAX,150,,,a,
ASN00092045,20020701,TMIN,80,,,a,
ASN00092045,20020702,TMIN,70,,,a,
ASN00092045,20020703,TMIN,90,,,a,
ASN00092045,20020704,TMIN,60,,,a,
ASN00092045,20020705,TMIN,70,,,a,
ASN00092045,20020706,TMIN,60,,,a,
ASN00092045,20020707,TMIN,60,,,a,
ASN00092045,20020708,TMIN,100,,,a,
ASN00092045,20020709,TMIN,90,,,a,
ASN00092045,20020710,TMIN,50,,,a,
ASN00092045,20020711,TMIN,60,,,a,
ASN00092045,20020712,TMIN,80,,,a,
ASN00092045,20020713,TMIN,80,,,a,
ASN00092045,20020714,TMIN,100,,,a,
ASN00092045,20020715,TMIN,80,,,a,
ASN00092045,20020716,TMIN,110,,,a,
ASN00092045,20020717,TMIN,40,,,a,
ASN00092045,20020718,TMIN,70,,,a,
ASN00092045,20020719,TMIN,120,,,a,
ASN00092045,20020720,TMIN,90,,,a,
ASN00092045,20020721,TMIN,60,,,a,
ASN00092045,20020722,TMIN,60,,,a,
ASN00092045,20020723,TMIN,90,,,a,
ASN00092045,20020724,TMIN,80,,,a,
ASN00092045,20020725,TMIN,50,,,a,
ASN00092045,20020726,TMIN,70,,,a,
ASN00092045,20020727,TMIN,100,,,a,
ASN00092045,20020728,TMIN,110,,,a,
ASN00092045,20020729,TMIN,60,,,a,
ASN00092045,20020730,TMIN,60,,,a,
ASN00092045,20020731,TMIN,70,,,a,
ASN00092045,20020701,PRCP,0,,,a,
ASN00092045,20020702,PRCP,0,,,a,
ASN00092045,20020703,PRCP,8,,,a,
ASN00092045,20020704,PRCP,10,,,a,
ASN00092045,20020705,PRCP,110,,,a,
ASN00092045,20020706,PRCP,0,,,a,
ASN00092045,20020707,PRCP,0,,,a,
ASN00092045,20020708,PRCP,10,,,a,
ASN00092045,20020709,PRCP,70,,,a,
ASN00092045,20020710,PRCP,40,,,a,
ASN00092045,20020711,PRCP,2,,,a,
ASN00092045,20020712,PRCP,2,,,a,
ASN00092045,20020713,PRCP,6,,,a,
ASN00092045,20020714,PRCP,0,,,a,
ASN00092045,20020715,PRCP,0,,,a,
ASN00092045,20020716,PRCP,0,,,a,
ASN00092045,20020717,PRCP,90,,,a,
ASN00092045,20020718,PRCP,0,,,a,
ASN00092045,20020719,PRCP,0,,,a,
ASN00092045,20020720,PRCP,30,,,a,
ASN00092045,20020721,PRCP,0,,,a,
ASN00092045,20020722,PRCP,0,,,a,
ASN00092045,20020723,PRCP,0,,,a,
ASN00092045,20020724,PRCP,0,,,a,
ASN00092045,20020725,PRCP,0,,,a,
ASN00092045,20020726,PRCP,0,,,a,
ASN00092045,20020727,PRCP,0,,,a,
ASN00092045,20020728,PRCP,0,,,a,
ASN00092045,20020729,PRCP,0,,,a,
ASN00092045,20020730,PRCP,0,,,a,
ASN00092045,20020731,PRCP,2,,,a,
ASN00092045,20020701,TAVG,107,H,,S,
ASN00092045,20020702,TAVG,113,H,,S,
ASN00092045,20020703,TAVG,92,H,,S,
ASN00092045,20020704,TAVG,104,H,,S,
ASN00092045,20020705,TAVG,92,H,,S,
ASN00092045,20020706,TAVG,82,H,,S,
ASN00092045,20020707,TAVG,123,H,,S,
ASN00092045,20020708,TAVG,122,H,,S,
ASN00092045,20020709,TAVG,84,H,,S,
ASN00092045,20020710,TAVG,94,H,,S,
ASN00092045,20020711,TAVG,111,H,,S,
ASN00092045,20020712,TAVG,114,H,,S,
ASN00092045,20020713,TAVG,131,H,,S,
ASN00092045,20020714,TAVG,111,H,,S,
ASN00092045,20020715,TAVG,124,H,,S,
ASN00092045,20020716,TAVG,88,H,,S,
ASN00092045,20020717,TAVG,96,H,,S,
ASN00092045,20020718,TAVG,128,H,,S,
ASN00092045,20020719,TAVG,130,H,,S,
ASN00092045,20020720,TAVG,91,H,,S,
ASN00092045,20020721,TAVG,90,H,,S,
ASN00092045,20020722,TAVG,114,H,,S,
ASN00092045,20020723,TAVG,107,H,,S,
ASN00092045,20020724,TAVG,82,H,,S,
ASN00092045,20020725,TAVG,94,H,,S,
ASN00092045,20020726,TAVG,116,H,,S,
ASN00092045,20020727,TAVG,125,H,,S,
ASN00092045,20020728,TAVG,111,H,,S,
ASN00092045,20020729,TAVG,101,H,,S,
ASN00092045,20020730,TAVG,107,H,,S,
ASN00092045,20020731,TAVG,118,H,,S,
ASN00092045,20020802,TMAX,150,,,a,
ASN00092045,20020803,TMAX,150,,,a,
ASN00092045,20020804,TMAX,130,,,a,
ASN00092045,20020805,TMAX,130,,,a,
ASN00092045,20020806,TMAX,140,,,a,
ASN00092045,20020807,TMAX,160,,,a,
ASN00092045,20020808,TMAX,140,,,a,
ASN00092045,20020809,TMAX,170,,,a,
ASN00092045,20020810,TMAX,170,,,a,
ASN00092045,20020811,TMAX,140,,,a,
ASN00092045,20020812,TMAX,120,,,a,
ASN00092045,20020813,TMAX,140,,,a,
ASN00092045,20020814,TMAX,140,,,a,
ASN00092045,20020815,TMAX,150,,,a,
ASN00092045,20020816,TMAX,140,,,a,
ASN00092045,20020817,TMAX,160,,,a,
ASN00092045,20020818,TMAX,150,,,a,
ASN00092045,20020819,TMAX,150,,,a,
ASN00092045,20020820,TMAX,150,,,a,
ASN00092045,20020821,TMAX,150,,,a,
ASN00092045,20020822,TMAX,150,,,a,
ASN00092045,20020823,TMAX,150,,,a,
ASN00092045,20020824,TMAX,150,,,a,
ASN00092045,20020825,TMAX,150,,,a,
ASN00092045,20020826,TMAX,140,,,a,
ASN00092045,20020827,TMAX,170,,,a,
ASN00092045,20020828,TMAX,170,,,a,
ASN00092045,20020829,TMAX,160,,,a,
ASN00092045,20020830,TMAX,140,,,a,
ASN00092045,20020831,TMAX,150,,,a,
ASN00092045,20020801,TMIN,90,,,a,
ASN00092045,20020803,TMIN,70,,,a,
ASN00092045,20020804,TMIN,70,,,a,
ASN00092045,20020805,TMIN,80,,,a,
ASN00092045,20020806,TMIN,110,,,a,
ASN00092045,20020807,TMIN,100,,,a,
ASN00092045,20020808,TMIN,60,,,a,
ASN00092045,20020809,TMIN,80,,,a,
ASN00092045,20020810,TMIN,110,,,a,
ASN00092045,20020811,TMIN,100,,,a,
ASN00092045,20020812,TMIN,80,,,a,
ASN00092045,20020813,TMIN,50,,,a,
ASN00092045,20020814,TMIN,40,,,a,
ASN00092045,20020815,TMIN,40,,,a,
ASN00092045,20020816,TMIN,60,,,a,
ASN00092045,20020817,TMIN,70,,,a,
ASN00092045,20020818,TMIN,60,,,a,
ASN00092045,20020819,TMIN,70,,,a,
ASN00092045,20020820,TMIN,60,,,a,
ASN00092045,20020821,TMIN,110,,,a,
ASN00092045,20020822,TMIN,90,,,a,
ASN00092045,20020823,TMIN,20,,,a,
ASN00092045,20020824,TMIN,30,,,a,
ASN00092045,20020825,TMIN,40,,,a,
ASN00092045,20020826,TMIN,60,,,a,
ASN00092045,20020827,TMIN,70,,,a,
ASN00092045,20020828,TMIN,90,,,a,
ASN00092045,20020829,TMIN,120,,,a,
ASN00092045,20020830,TMIN,90,,,a,
ASN00092045,20020831,TMIN,90,,,a,
ASN00092045,20020801,PRCP,2,,,a,
ASN00092045,20020803,PRCP,0,,,a,
ASN00092045,20020804,PRCP,0,,,a,
ASN00092045,20020805,PRCP,0,,,a,
ASN00092045,20020806,PRCP,10,,,a,
ASN00092045,20020807,PRCP,90,,,a,
ASN00092045,20020808,PRCP,0,,,a,
ASN00092045,20020809,PRCP,0,,,a,
ASN00092045,20020810,PRCP,0,,,a,
ASN00092045,20020811,PRCP,2,,,a,
ASN00092045,20020812,PRCP,30,,,a,
ASN00092045,20020813,PRCP,20,,,a,
ASN00092045,20020814,PRCP,8,,,a,
ASN00092045,20020815,PRCP,0,,,a,
ASN00092045,20020816,PRCP,0,,,a,
ASN00092045,20020817,PRCP,0,,,a,
ASN00092045,20020818,PRCP,0,,,a,
ASN00092045,20020819,PRCP,0,,,a,
ASN00092045,20020820,PRCP,0,,,a,
ASN00092045,20020821,PRCP,10,,,a,
ASN00092045,20020822,PRCP,10,,,a,
ASN00092045,20020823,PRCP,20,,,a,
ASN00092045,20020824,PRCP,2,,,a,
ASN00092045,20020825,PRCP,0,,,a,
ASN00092045,20020826,PRCP,0,,,a,
ASN00092045,20020827,PRCP,0,,,a,
ASN00092045,20020828,PRCP,0,,,a,
ASN00092045,20020829,PRCP,6,,,a,
ASN00092045,20020830,PRCP,30,,,a,
ASN00092045,20020831,PRCP,20,,,a,
ASN00092045,20020801,TAVG,122,H,,S,
ASN00092045,20020802,TAVG,108,H,,S,
ASN00092045,20020803,TAVG,109,H,,S,
ASN00092045,20020804,TAVG,109,H,,S,
ASN00092045,20020805,TAVG,119,H,,S,
ASN00092045,20020806,TAVG,117,H,,S,
ASN00092045,20020807,TAVG,107,H,,S,
ASN00092045,20020808,TAVG,104,H,,S,
ASN00092045,20020809,TAVG,124,H,,S,
ASN00092045,20020810,TAVG,133,H,,S,
ASN00092045,20020811,TAVG,112,H,,S,
ASN00092045,20020812,TAVG,79,H,,S,
ASN00092045,20020813,TAVG,88,H,,S,
ASN00092045,20020814,TAVG,87,H,,S,
ASN00092045,20020815,TAVG,94,H,,S,
ASN00092045,20020816,TAVG,103,H,,S,
ASN00092045,20020817,TAVG,101,H,,S,
ASN00092045,20020818,TAVG,97,H,,S,
ASN00092045,20020819,TAVG,103,H,,S,
ASN00092045,20020820,TAVG,118,H,,S,
ASN00092045,20020821,TAVG,118,H,,S,
ASN00092045,20020822,TAVG,83,H,,S,
ASN00092045,20020823,TAVG,84,H,,S,
ASN00092045,20020824,TAVG,84,H,,S,
ASN00092045,20020825,TAVG,89,H,,S,
ASN00092045,20020826,TAVG,97,H,,S,
ASN00092045,20020827,TAVG,121,H,,S,
ASN00092045,20020828,TAVG,136,H,,S,
ASN00092045,20020829,TAVG,118,H,,S,
ASN00092045,20020830,TAVG,103,H,,S,
ASN00092045,20020831,TAVG,108,H,,S,
ASN00092045,20020901,TMAX,170,,,a,
ASN00092045,20020902,TMAX,160,,,a,
ASN00092045,20020903,TMAX,150,,,a,
ASN00092045,20020904,TMAX,150,,,a,
ASN00092045,20020905,TMAX,150,,,a,
ASN00092045,20020906,TMAX,150,,,a,
ASN00092045,20020907,TMAX,140,,,a,
ASN00092045,20020908,TMAX,150,,,a,
ASN00092045,20020909,TMAX,130,,,a,
ASN00092045,20020910,TMAX,140,,,a,
ASN00092045,20020911,TMAX,170,,,a,
ASN00092045,20020912,TMAX,180,,,a,
ASN00092045,20020913,TMAX,180,,,a,
ASN00092045,20020914,TMAX,190,,,a,
ASN00092045,20020915,TMAX,200,,,a,
ASN00092045,20020916,TMAX,140,,,a,
ASN00092045,20020917,TMAX,130,,,a,
ASN00092045,20020918,TMAX,140,,,a,
ASN00092045,20020919,TMAX,140,,,a,
ASN00092045,20020920,TMAX,150,,,a,
ASN00092045,20020921,TMAX,190,,,a,
ASN00092045,20020922,TMAX,170,,,a,
ASN00092045,20020923,TMAX,140,,,a,
ASN00092045,20020924,TMAX,140,,,a,
ASN00092045,20020925,TMAX,160,,,a,
ASN00092045,20020926,TMAX,150,,,a,
ASN00092045,20020927,TMAX,160,,,a,
ASN00092045,20020928,TMAX,130,,,a,
ASN00092045,20020929,TMAX,160,,,a,
ASN00092045,20020930,TMAX,180,,,a,
ASN00092045,20020901,TMIN,70,,,a,
ASN00092045,20020902,TMIN,80,,,a,
ASN00092045,20020903,TMIN,120,,,a,
ASN00092045,20020904,TMIN,100,,,a,
ASN00092045,20020905,TMIN,90,,,a,
ASN00092045,20020906,TMIN,100,,,a,
ASN00092045,20020907,TMIN,90,,,a,
ASN00092045,20020908,TMIN,60,,,a,
ASN00092045,20020909,TMIN,70,,,a,
ASN00092045,20020910,TMIN,20,,,a,
ASN00092045,20020911,TMIN,40,,,a,
ASN00092045,20020912,TMIN,70,,,a,
ASN00092045,20020913,TMIN,80,,,a,
ASN00092045,20020914,TMIN,110,,,a,
ASN00092045,20020915,TMIN,110,,,a,
ASN00092045,20020916,TMIN,130,,,a,
ASN00092045,20020917,TMIN,50,,,a,
ASN00092045,20020918,TMIN,90,,,a,
ASN00092045,20020919,TMIN,40,,,a,
ASN00092045,20020920,TMIN,30,,,a,
ASN00092045,20020921,TMIN,100,,,a,
ASN00092045,20020922,TMIN,80,,,a,
ASN00092045,20020923,TMIN,70,,,a,
ASN00092045,20020924,TMIN,110,,,a,
ASN00092045,20020925,TMIN,80,,,a,
ASN00092045,20020926,TMIN,80,,,a,
ASN00092045,20020927,TMIN,90,,,a,
ASN00092045,20020928,TMIN,80,,,a,
ASN00092045,20020929,TMIN,50,,,a,
ASN00092045,20020930,TMIN,70,,,a,
ASN00092045,20020901,PRCP,0,,,a,
ASN00092045,20020902,PRCP,2,,,a,
ASN00092045,20020903,PRCP,4,,,a,
ASN00092045,20020904,PRCP,40,,,a,
ASN00092045,20020905,PRCP,4,,,a,
ASN00092045,20020906,PRCP,2,,,a,
ASN00092045,20020907,PRCP,90,,,a,
ASN00092045,20020908,PRCP,10,,,a,
ASN00092045,20020909,PRCP,160,,,a,
ASN00092045,20020910,PRCP,8,,,a,
ASN00092045,20020911,PRCP,0,,,a,
ASN00092045,20020912,PRCP,0,,,a,
ASN00092045,20020913,PRCP,0,,,a,
ASN00092045,20020914,PRCP,0,,,a,
ASN00092045,20020915,PRCP,0,,,a,
ASN00092045,20020916,PRCP,10,,,a,
ASN00092045,20020917,PRCP,140,,,a,
ASN00092045,20020918,PRCP,30,,,a,
ASN00092045,20020919,PRCP,30,,,a,
ASN00092045,20020920,PRCP,0,,,a,
ASN00092045,20020921,PRCP,6,,,a,
ASN00092045,20020922,PRCP,2,,,a,
ASN00092045,20020923,PRCP,0,,,a,
ASN00092045,20020924,PRCP,0,,,a,
ASN00092045,20020925,PRCP,30,,,a,
ASN00092045,20020926,PRCP,70,,,a,
ASN00092045,20020927,PRCP,6,,,a,
ASN00092045,20020928,PRCP,20,,,a,
ASN00092045,20020929,PRCP,8,,,a,
ASN00092045,20020930,PRCP,0,,,a,
ASN00092045,20020901,TAVG,113,H,,S,
ASN00092045,20020902,TAVG,138,H,,S,
ASN00092045,20020903,TAVG,129,H,,S,
ASN00092045,20020904,TAVG,112,H,,S,
ASN00092045,20020905,TAVG,129,H,,S,
ASN00092045,20020906,TAVG,118,H,,S,
ASN00092045,20020907,TAVG,84,H,,S,
ASN00092045,20020908,TAVG,112,H,,S,
ASN00092045,20020909,TAVG,61,H,,S,
ASN00092045,20020910,TAVG,82,H,,S,
ASN00092045,20020911,TAVG,112,H,,S,
ASN00092045,20020912,TAVG,117,H,,S,
ASN00092045,20020913,TAVG,133,H,,S,
ASN00092045,20020914,TAVG,138,H,,S,
ASN00092045,20020915,TAVG,158,H,,S,
ASN00092045,20020916,TAVG,91,H,,S,
ASN00092045,20020917,TAVG,114,H,,S,
ASN00092045,20020918,TAVG,78,H,,S,
ASN00092045,20020919,TAVG,69,H,,S,
ASN00092045,20020920,TAVG,121,H,,S,
ASN00092045,20020921,TAVG,121,H,,S,
ASN00092045,20020922,TAVG,113,H,,S,
ASN00092045,20020923,TAVG,122,H,,S,
ASN00092045,20020924,TAVG,113,H,,S,
ASN00092045,20020925,TAVG,112,H,,S,
ASN00092045,20020926,TAVG,116,H,,S,
ASN00092045,20020927,TAVG,107,H,,S,
ASN00092045,20020928,TAVG,91,H,,S,
ASN00092045,20020929,TAVG,109,H,,S,
ASN00092045,20020930,TAVG,121,H,,S,
ASN00092045,20021001,TMAX,160,,,a,
ASN00092045,20021002,TMAX,190,,,a,
ASN00092045,20021003,TMAX,150,,,a,
ASN00092045,20021004,TMAX,150,,,a,
ASN00092045,20021005,TMAX,150,,,a,
ASN00092045,20021006,TMAX,150,,,a,
ASN00092045,20021007,TMAX,170,,,a,
ASN00092045,20021008,TMAX,130,,,a,
ASN00092045,20021009,TMAX,150,,,a,
ASN00092045,20021010,TMAX,170,,,a,
ASN00092045,20021011,TMAX,170,,,a,
ASN00092045,20021012,TMAX,170,,,a,
ASN00092045,20021013,TMAX,140,,,a,
ASN00092045,20021014,TMAX,150,,,a,
ASN00092045,20021015,TMAX,190,,,a,
ASN00092045,20021016,TMAX,180,,,a,
ASN00092045,20021017,TMAX,180,,,a,
ASN00092045,20021018,TMAX,170,,,a,
ASN00092045,20021019,TMAX,160,,,a,
ASN00092045,20021020,TMAX,190,,,a,
ASN00092045,20021021,TMAX,180,,,a,
ASN00092045,20021022,TMAX,160,,,a,
ASN00092045,20021023,TMAX,170,,,a,
ASN00092045,20021024,TMAX,180,,,a,
ASN00092045,20021025,TMAX,180,,,a,
ASN00092045,20021026,TMAX,170,,,a,
ASN00092045,20021027,TMAX,160,,,a,
ASN00092045,20021028,TMAX,170,,,a,
ASN00092045,20021029,TMAX,160,,,a,
ASN00092045,20021030,TMAX,200,,,a,
ASN00092045,20021031,TMAX,180,,,a,
ASN00092045,20021001,TMIN,90,,,a,
ASN00092045,20021002,TMIN,100,,,a,
ASN00092045,20021003,TMIN,110,,,a,
ASN00092045,20021004,TMIN,120,,,a,
ASN00092045,20021005,TMIN,120,,,a,
ASN00092045,20021006,TMIN,120,,,a,
ASN00092045,20021007,TMIN,120,,,a,
ASN00092045,20021008,TMIN,120,,,a,
ASN00092045,20021009,TMIN,60,,,a,
ASN00092045,20021010,TMIN,70,,,a,
ASN00092045,20021011,TMIN,70,,,a,
ASN00092045,20021012,TMIN,70,,,a,
ASN00092045,20021013,TMIN,130,,,a,
ASN00092045,20021014,TMIN,80,,,a,
ASN00092045,20021015,TMIN,70,,,a,
ASN00092045,20021016,TMIN,120,,,a,
ASN00092045,20021017,TMIN,70,,,a,
ASN00092045,20021018,TMIN,90,,,a,
ASN00092045,20021019,TMIN,100,,,a,
ASN00092045,20021020,TMIN,100,,,a,
ASN00092045,20021021,TMIN,70,,,a,
ASN00092045,20021022,TMIN,90,,,a,
ASN00092045,20021023,TMIN,110,,,a,
ASN00092045,20021024,TMIN,50,,,a,
ASN00092045,20021025,TMIN,90,,,a,
ASN00092045,20021026,TMIN,40,,,a,
ASN00092045,20021027,TMIN,60,,,a,
ASN00092045,20021028,TMIN,80,,,a,
ASN00092045,20021029,TMIN,110,,,a,
ASN00092045,20021030,TMIN,80,,,a,
ASN00092045,20021031,TMIN,110,,,a,
ASN00092045,20021001,PRCP,0,,,a,
ASN00092045,20021002,PRCP,0,,,a,
ASN00092045,20021003,PRCP,0,,,a,
ASN00092045,20021004,PRCP,0,,,a,
ASN00092045,20021005,PRCP,0,,,a,
ASN00092045,20021006,PRCP,30,,,a,
ASN00092045,20021007,PRCP,8,,,a,
ASN00092045,20021008,PRCP,30,,,a,
ASN00092045,20021009,PRCP,30,,,a,
ASN00092045,20021010,PRCP,0,,,a,
ASN00092045,20021011,PRCP,0,,,a,
ASN00092045,20021012,PRCP,0,,,a,
ASN00092045,20021013,PRCP,0,,,a,
ASN00092045,20021014,PRCP,120,,,a,
ASN00092045,20021015,PRCP,10,,,a,
ASN00092045,20021016,PRCP,2,,,a,
ASN00092045,20021017,PRCP,60,,,a,
ASN00092045,20021018,PRCP,2,,,a,
ASN00092045,20021019,PRCP,4,,,a,
ASN00092045,20021020,PRCP,10,,,a,
ASN00092045,20021021,PRCP,2,,,a,
ASN00092045,20021022,PRCP,0,,,a,
ASN00092045,20021023,PRCP,80,,,a,
ASN00092045,20021024,PRCP,8,,,a,
ASN00092045,20021025,PRCP,0,,,a,
ASN00092045,20021026,PRCP,130,,,a,
ASN00092045,20021027,PRCP,40,,,a,
ASN00092045,20021028,PRCP,2,,,a,
ASN00092045,20021029,PRCP,0,,,a,
ASN00092045,20021030,PRCP,0,,,a,
ASN00092045,20021031,PRCP,0,,,a,
ASN00092045,20021001,TAVG,124,H,,S,
ASN00092045,20021002,TAVG,135,H,,S,
ASN00092045,20021003,TAVG,126,H,,S,
ASN00092045,20021004,TAVG,129,H,,S,
ASN00092045,20021005,TAVG,134,H,,S,
ASN00092045,20021006,TAVG,131,H,,S,
ASN00092045,20021007,TAVG,139,H,,S,
ASN00092045,20021008,TAVG,92,H,,S,
ASN00092045,20021009,TAVG,107,H,,S,
ASN00092045,20021010,TAVG,118,H,,S,
ASN00092045,20021011,TAVG,125,H,,S,
ASN00092045,20021012,TAVG,140,H,,S,
ASN00092045,20021013,TAVG,104,H,,S,
ASN00092045,20021014,TAVG,103,H,,S,
ASN00092045,20021015,TAVG,138,H,,S,
ASN00092045,20021016,TAVG,119,H,,S,
ASN00092045,20021017,TAVG,127,H,,S,
ASN00092045,20021018,TAVG,137,H,,S,
ASN00092045,20021019,TAVG,123,H,,S,
ASN00092045,20021020,TAVG,131,H,,S,
ASN00092045,20021021,TAVG,129,H,,S,
ASN00092045,20021022,TAVG,132,H,,S,
ASN00092045,20021023,TAVG,98,H,,S,
ASN00092045,20021024,TAVG,121,H,,S,
ASN00092045,20021025,TAVG,92,H,,S,
ASN00092045,20021026,TAVG,103,H,,S,
ASN00092045,20021027,TAVG,117,H,,S,
ASN00092045,20021028,TAVG,128,H,,S,
ASN00092045,20021029,TAVG,117,H,,S,
ASN00092045,20021030,TAVG,139,H,,S,
ASN00092045,20021031,TAVG,120,H,,S,
ASN00092045,20021101,TMAX,180,,,a,
ASN00092045,20021105,TMAX,170,,,a,
ASN00092045,20021106,TMAX,190,,,a,
ASN00092045,20021107,TMAX,240,,,a,
ASN00092045,20021108,TMAX,180,,,a,
ASN00092045,20021109,TMAX,180,,,a,
ASN00092045,20021110,TMAX,190,,,a,
ASN00092045,20021111,TMAX,170,,,a,
ASN00092045,20021112,TMAX,180,,,a,
ASN00092045,20021113,TMAX,180,,,a,
ASN00092045,20021114,TMAX,180,,,a,
ASN00092045,20021115,TMAX,180,,,a,
ASN00092045,20021116,TMAX,170,,,a,
ASN00092045,20021117,TMAX,210,,,a,
ASN00092045,20021118,TMAX,200,,,a,
ASN00092045,20021119,TMAX,180,,,a,
ASN00092045,20021120,TMAX,190,,,a,
ASN00092045,20021121,TMAX,190,,,a,
ASN00092045,20021122,TMAX,210,,,a,
ASN00092045,20021123,TMAX,200,,,a,
ASN00092045,20021124,TMAX,190,,,a,
ASN00092045,20021125,TMAX,190,,,a,
ASN00092045,20021126,TMAX,160,,,a,
ASN00092045,20021127,TMAX,210,,,a,
ASN00092045,20021128,TMAX,180,,,a,
ASN00092045,20021129,TMAX,180,,,a,
ASN00092045,20021130,TMAX,180,,,a,
ASN00092045,20021101,TMIN,80,,,a,
ASN00092045,20021102,TMIN,120,,,a,
ASN00092045,20021106,TMIN,80,,,a,
ASN00092045,20021107,TMIN,110,,,a,
ASN00092045,20021108,TMIN,120,,,a,
ASN00092045,20021109,TMIN,120,,,a,
ASN00092045,20021110,TMIN,100,,,a,
ASN00092045,20021111,TMIN,120,,,a,
ASN00092045,20021112,TMIN,130,,,a,
ASN00092045,20021113,TMIN,110,,,a,
ASN00092045,20021114,TMIN,100,,,a,
ASN00092045,20021115,TMIN,70,,,a,
ASN00092045,20021116,TMIN,110,,,a,
ASN00092045,20021117,TMIN,120,,,a,
ASN00092045,20021118,TMIN,130,,,a,
ASN00092045,20021119,TMIN,120,,,a,
ASN00092045,20021120,TMIN,130,,,a,
ASN00092045,20021121,TMIN,110,,,a,
ASN00092045,20021122,TMIN,130,,,a,
ASN00092045,20021123,TMIN,130,,,a,
ASN00092045,20021124,TMIN,150,,,a,
ASN00092045,20021125,TMIN,120,,,a,
ASN00092045,20021126,TMIN,120,,,a,
ASN00092045,20021127,TMIN,120,,,a,
ASN00092045,20021128,TMIN,130,,,a,
ASN00092045,20021129,TMIN,120,,,a,
ASN00092045,20021130,TMIN,130,,,a,
ASN00092045,20021101,PRCP,0,,,a,
ASN00092045,20021102,PRCP,0,,,a,
ASN00092045,20021106,PRCP,0,,,a,
ASN00092045,20021107,PRCP,0,,,a,
ASN00092045,20021108,PRCP,0,,,a,
ASN00092045,20021109,PRCP,0,,,a,
ASN00092045,20021110,PRCP,0,,,a,
ASN00092045,20021111,PRCP,0,,,a,
ASN00092045,20021112,PRCP,0,,,a,
ASN00092045,20021113,PRCP,0,,,a,
ASN00092045,20021114,PRCP,0,,,a,
ASN00092045,20021115,PRCP,0,,,a,
ASN00092045,20021116,PRCP,0,,,a,
ASN00092045,20021117,PRCP,0,,,a,
ASN00092045,20021118,PRCP,0,,,a,
ASN00092045,20021119,PRCP,0,,,a,
ASN00092045,20021120,PRCP,0,,,a,
ASN00092045,20021121,PRCP,0,,,a,
ASN00092045,20021122,PRCP,0,,,a,
ASN00092045,20021123,PRCP,0,,,a,
ASN00092045,20021124,PRCP,0,,,a,
ASN00092045,20021125,PRCP,50,,,a,
ASN00092045,20021126,PRCP,150,,,a,
ASN00092045,20021128,PRCP,0,,,a,
ASN00092045,20021129,PRCP,0,,,a,
ASN00092045,20021130,PRCP,180,,,a,
ASN00092045,20021101,TAVG,139,H,,S,
ASN00092045,20021102,TAVG,148,H,,S,
ASN00092045,20021105,TAVG,121,H,,S,
ASN00092045,20021106,TAVG,147,H,,S,
ASN00092045,20021107,TAVG,173,H,,S,
ASN00092045,20021108,TAVG,142,H,,S,
ASN00092045,20021109,TAVG,137,H,,S,
ASN00092045,20021110,TAVG,144,H,,S,
ASN00092045,20021111,TAVG,144,H,,S,
ASN00092045,20021112,TAVG,150,H,,S,
ASN00092045,20021113,TAVG,131,H,,S,
ASN00092045,20021114,TAVG,128,H,,S,
ASN00092045,20021115,TAVG,134,H,,S,
ASN00092045,20021116,TAVG,144,H,,S,
ASN00092045,20021117,TAVG,158,H,,S,
ASN00092045,20021118,TAVG,143,H,,S,
ASN00092045,20021119,TAVG,145,H,,S,
ASN00092045,20021120,TAVG,139,H,,S,
ASN00092045,20021121,TAVG,153,H,,S,
ASN00092045,20021122,TAVG,155,H,,S,
ASN00092045,20021123,TAVG,165,H,,S,
ASN00092045,20021124,TAVG,148,H,,S,
ASN00092045,20021125,TAVG,145,H,,S,
ASN00092045,20021126,TAVG,137,H,,S,
ASN00092045,20021127,TAVG,156,H,,S,
ASN00092045,20021128,TAVG,147,H,,S,
ASN00092045,20021129,TAVG,151,H,,S,
ASN00092045,20021130,TAVG,146,H,,S,
ASN00092045,20021201,TMAX,190,,,a,
ASN00092045,20021202,TMAX,190,,,a,
ASN00092045,20021203,TMAX,210,,,a,
ASN00092045,20021208,TMAX,200,,,a,
ASN00092045,20021209,TMAX,190,,,a,
ASN00092045,20021210,TMAX,210,,,a,
ASN00092045,20021211,TMAX,250,,,a,
ASN00092045,20021212,TMAX,210,,,a,
ASN00092045,20021213,TMAX,220,,,a,
ASN00092045,20021214,TMAX,180,,,a,
ASN00092045,20021215,TMAX,270,,,a,
ASN00092045,20021216,TMAX,200,,,a,
ASN00092045,20021217,TMAX,230,,,a,
ASN00092045,20021218,TMAX,220,,,a,
ASN00092045,20021219,TMAX,240,,,a,
ASN00092045,20021220,TMAX,230,,,a,
ASN00092045,20021221,TMAX,210,,,a,
ASN00092045,20021222,TMAX,250,,,a,
ASN00092045,20021223,TMAX,200,,,a,
ASN00092045,20021224,TMAX,210,,,a,
ASN00092045,20021225,TMAX,190,,,a,
ASN00092045,20021226,TMAX,200,,,a,
ASN00092045,20021227,TMAX,230,,,a,
ASN00092045,20021228,TMAX,210,,,a,
ASN00092045,20021229,TMAX,240,,,a,
ASN00092045,20021230,TMAX,240,,,a,
ASN00092045,20021231,TMAX,210,,,a,
ASN00092045,20021201,TMIN,130,,,a,
ASN00092045,20021202,TMIN,130,,,a,
ASN00092045,20021203,TMIN,150,,,a,
ASN00092045,20021204,TMIN,130,,,a,
ASN00092045,20021209,TMIN,80,,,a,
ASN00092045,20021210,TMIN,80,,,a,
ASN00092045,20021211,TMIN,120,,,a,
ASN00092045,20021212,TMIN,110,,,a,
ASN00092045,20021213,TMIN,110,,,a,
ASN00092045,20021214,TMIN,140,,,a,
ASN00092045,20021215,TMIN,120,,,a,
ASN00092045,20021216,TMIN,140,,,a,
ASN00092045,20021217,TMIN,130,,,a,
ASN00092045,20021218,TMIN,130,,,a,
ASN00092045,20021219,TMIN,140,,,a,
ASN00092045,20021220,TMIN,150,,,a,
ASN00092045,20021221,TMIN,170,,,a,
ASN00092045,20021222,TMIN,160,,,a,
ASN00092045,20021223,TMIN,130,,,a,
ASN00092045,20021224,TMIN,100,,,a,
ASN00092045,20021225,TMIN,110,,,a,
ASN00092045,20021226,TMIN,110,,,a,
ASN00092045,20021227,TMIN,130,,,a,
ASN00092045,20021228,TMIN,160,,,a,
ASN00092045,20021229,TMIN,170,,,a,
ASN00092045,20021230,TMIN,170,,,a,
ASN00092045,20021231,TMIN,170,,,a,
ASN00092045,20021201,PRCP,0,,,a,
ASN00092045,20021202,PRCP,0,,,a,
ASN00092045,20021203,PRCP,4,,,a,
ASN00092045,20021204,PRCP,0,,,a,
ASN00092045,20021209,PRCP,0,,,a,
ASN00092045,20021210,PRCP,2,,,a,
ASN00092045,20021211,PRCP,2,,,a,
ASN00092045,20021212,PRCP,0,,,a,
ASN00092045,20021213,PRCP,0,,,a,
ASN00092045,20021214,PRCP,0,,,a,
ASN00092045,20021215,PRCP,30,,,a,
ASN00092045,20021216,PRCP,0,,,a,
ASN00092045,20021217,PRCP,0,,,a,
ASN00092045,20021218,PRCP,0,,,a,
ASN00092045,20021219,PRCP,0,,,a,
ASN00092045,20021220,PRCP,0,,,a,
ASN00092045,20021221,PRCP,0,,,a,
ASN00092045,20021222,PRCP,0,,,a,
ASN00092045,20021223,PRCP,0,,,a,
ASN00092045,20021224,PRCP,0,,,a,
ASN00092045,20021225,PRCP,0,,,a,
ASN00092045,20021226,PRCP,0,,,a,
ASN00092045,20021227,PRCP,0,,,a,
ASN00092045,20021228,PRCP,0,,,a,
ASN00092045,20021229,PRCP,0,,,a,
ASN00092045,20021230,PRCP,0,,,a,
ASN00092045,20021231,PRCP,0,,,a,
ASN00092045,20021201,TAVG,156,H,,S,
ASN00092045,20021202,TAVG,164,H,,S,
ASN00092045,20021203,TAVG,162,H,,S,
ASN00092045,20021209,TAVG,135,H,,S,
ASN00092045,20021210,TAVG,157,H,,S,
ASN00092045,20021211,TAVG,180,H,,S,
ASN00092045,20021212,TAVG,151,H,,S,
ASN00092045,20021213,TAVG,169,H,,S,
ASN00092045,20021214,TAVG,145,H,,S,
ASN00092045,20021215,TAVG,178,H,,S,
ASN00092045,20021216,TAVG,167,H,,S,
ASN00092045,20021217,TAVG,174,H,,S,
ASN00092045,20021218,TAVG,177,H,,S,
ASN00092045,20021219,TAVG,186,H,,S,
ASN00092045,20021220,TAVG,194,H,,S,
ASN00092045,20021221,TAVG,184,H,,S,
ASN00092045,20021222,TAVG,170,H,,S,
ASN00092045,20021223,TAVG,151,H,,S,
ASN00092045,20021224,TAVG,159,H,,S,
ASN00092045,20021225,TAVG,144,H,,S,
ASN00092045,20021226,TAVG,160,H,,S,
ASN00092045,20021227,TAVG,176,H,,S,
ASN00092045,20021228,TAVG,183,H,,S,
ASN00092045,20021229,TAVG,198,H,,S,
ASN00092045,20021230,TAVG,193,H,,S,
ASN00092045,20021231,TAVG,178,H,,S,
ASN00092045,20030101,TMAX,210,,,a,
ASN00092045,20030102,TMAX,250,,,a,
ASN00092045,20030103,TMAX,230,,,a,
ASN00092045,20030104,TMAX,240,,,a,
ASN00092045,20030105,TMAX,230,,,a,
ASN00092045,20030106,TMAX,220,,,a,
ASN00092045,20030107,TMAX,230,,,a,
ASN00092045,20030108,TMAX,180,,,a,
ASN00092045,20030109,TMAX,230,,,a,
ASN00092045,20030110,TMAX,220,,,a,
ASN00092045,20030111,TMAX,220,,,a,
ASN00092045,20030112,TMAX,210,,,a,
ASN00092045,20030113,TMAX,220,,,a,
ASN00092045,20030114,TMAX,230,,,a,
ASN00092045,20030115,TMAX,220,,,a,
ASN00092045,20030116,TMAX,220,,,a,
ASN00092045,20030117,TMAX,210,,,a,
ASN00092045,20030118,TMAX,270,,,a,
ASN00092045,20030119,TMAX,220,,,a,
ASN00092045,20030120,TMAX,250,,,a,
ASN00092045,20030121,TMAX,240,,,a,
ASN00092045,20030122,TMAX,220,,,a,
ASN00092045,20030123,TMAX,240,,,a,
ASN00092045,20030124,TMAX,250,,,a,
ASN00092045,20030125,TMAX,250,,,a,
ASN00092045,20030126,TMAX,220,,,a,
ASN00092045,20030127,TMAX,220,,,a,
ASN00092045,20030128,TMAX,230,,,a,
ASN00092045,20030129,TMAX,250,,,a,
ASN00092045,20030130,TMAX,240,,,a,
ASN00092045,20030131,TMAX,210,,,a,
ASN00092045,20030101,TMIN,160,,,a,
ASN00092045,20030102,TMIN,140,,,a,
ASN00092045,20030103,TMIN,140,,,a,
ASN00092045,20030104,TMIN,120,,,a,
ASN00092045,20030105,TMIN,130,,,a,
ASN00092045,20030106,TMIN,120,,,a,
ASN00092045,20030107,TMIN,140,,,a,
ASN00092045,20030108,TMIN,130,,,a,
ASN00092045,20030109,TMIN,90,,,a,
ASN00092045,20030110,TMIN,150,,,a,
ASN00092045,20030111,TMIN,140,,,a,
ASN00092045,20030112,TMIN,170,,,a,
ASN00092045,20030113,TMIN,170,,,a,
ASN00092045,20030114,TMIN,180,,,a,
ASN00092045,20030115,TMIN,150,,,a,
ASN00092045,20030116,TMIN,160,,,a,
ASN00092045,20030117,TMIN,160,,,a,
ASN00092045,20030118,TMIN,170,,,a,
ASN00092045,20030119,TMIN,150,,,a,
ASN00092045,20030120,TMIN,150,,,a,
ASN00092045,20030121,TMIN,150,,,a,
ASN00092045,20030122,TMIN,100,,,a,
ASN00092045,20030123,TMIN,120,,,a,
ASN00092045,20030124,TMIN,140,,,a,
ASN00092045,20030125,TMIN,180,,,a,
ASN00092045,20030126,TMIN,190,,,a,
ASN00092045,20030127,TMIN,140,,,a,
ASN00092045,20030128,TMIN,140,,,a,
ASN00092045,20030129,TMIN,130,,,a,
ASN00092045,20030130,TMIN,180,,,a,
ASN00092045,20030131,TMIN,90,,,a,
ASN00092045,20030101,PRCP,60,,,a,
ASN00092045,20030102,PRCP,4,,,a,
ASN00092045,20030103,PRCP,2,,,a,
ASN00092045,20030104,PRCP,0,,,a,
ASN00092045,20030105,PRCP,0,,,a,
ASN00092045,20030106,PRCP,0,,,a,
ASN00092045,20030107,PRCP,2,,,a,
ASN00092045,20030108,PRCP,20,,,a,
ASN00092045,20030109,PRCP,130,,,a,
ASN00092045,20030110,PRCP,2,,,a,
ASN00092045,20030111,PRCP,0,,,a,
ASN00092045,20030112,PRCP,0,,,a,
ASN00092045,20030113,PRCP,0,,,a,
ASN00092045,20030114,PRCP,0,,,a,
ASN00092045,20030115,PRCP,0,,,a,
ASN00092045,20030116,PRCP,0,,,a,
ASN00092045,20030117,PRCP,20,,,a,
ASN00092045,20030118,PRCP,4,,,a,
ASN00092045,20030119,PRCP,0,,,a,
ASN00092045,20030120,PRCP,0,,,a,
ASN00092045,20030121,PRCP,0,,,a,
ASN00092045,20030122,PRCP,0,,,a,
ASN00092045,20030123,PRCP,0,,,a,
ASN00092045,20030124,PRCP,0,,,a,
ASN00092045,20030125,PRCP,0,,,a,
ASN00092045,20030126,PRCP,0,,,a,
ASN00092045,20030127,PRCP,190,,,a,
ASN00092045,20030128,PRCP,2,,,a,
ASN00092045,20030129,PRCP,0,,,a,
ASN00092045,20030130,PRCP,10,,,a,
ASN00092045,20030131,PRCP,30,,,a,
ASN00092045,20030101,TAVG,166,H,,S,
ASN00092045,20030102,TAVG,184,H,,S,
ASN00092045,20030103,TAVG,164,H,,S,
ASN00092045,20030104,TAVG,174,H,,S,
ASN00092045,20030105,TAVG,164,H,,S,
ASN00092045,20030106,TAVG,174,H,,S,
ASN00092045,20030107,TAVG,177,H,,S,
ASN00092045,20030108,TAVG,126,H,,S,
ASN00092045,20030109,TAVG,174,H,,S,
ASN00092045,20030110,TAVG,176,H,,S,
ASN00092045,20030111,TAVG,181,H,,S,
ASN00092045,20030112,TAVG,183,H,,S,
ASN00092045,20030113,TAVG,187,H,,S,
ASN00092045,20030114,TAVG,184,H,,S,
ASN00092045,20030115,TAVG,183,H,,S,
ASN00092045,20030116,TAVG,184,H,,S,
ASN00092045,20030117,TAVG,188,H,,S,
ASN00092045,20030118,TAVG,191,H,,S,
ASN00092045,20030119,TAVG,181,H,,S,
ASN00092045,20030120,TAVG,187,H,,S,
ASN00092045,20030121,TAVG,174,H,,S,
ASN00092045,20030122,TAVG,167,H,,S,
ASN00092045,20030123,TAVG,182,H,,S,
ASN00092045,20030124,TAVG,205,H,,S,
ASN00092045,20030125,TAVG,213,H,,S,
ASN00092045,20030126,TAVG,162,H,,S,
ASN00092045,20030127,TAVG,177,H,,S,
ASN00092045,20030128,TAVG,173,H,,S,
ASN00092045,20030129,TAVG,201,H,,S,
ASN00092045,20030130,TAVG,162,H,,S,
ASN00092045,20030131,TAVG,163,H,,S,
ASN00092045,20030201,TMAX,220,,,a,
ASN00092045,20030202,TMAX,220,,,a,
ASN00092045,20030203,TMAX,230,,,a,
ASN00092045,20030204,TMAX,260,,,a,
ASN00092045,20030205,TMAX,330,,,a,
ASN00092045,20030206,TMAX,230,,,a,
ASN00092045,20030207,TMAX,250,,,a,
ASN00092045,20030208,TMAX,220,,,a,
ASN00092045,20030209,TMAX,220,,,a,
ASN00092045,20030210,TMAX,230,,,a,
ASN00092045,20030211,TMAX,240,,,a,
ASN00092045,20030212,TMAX,250,,,a,
ASN00092045,20030213,TMAX,240,,,a,
ASN00092045,20030214,TMAX,230,,,a,
ASN00092045,20030215,TMAX,240,,,a,
ASN00092045,20030216,TMAX,230,,,a,
ASN00092045,20030217,TMAX,190,,,a,
ASN00092045,20030218,TMAX,220,,,a,
ASN00092045,20030219,TMAX,190,,,a,
ASN00092045,20030220,TMAX,210,,,a,
ASN00092045,20030221,TMAX,230,,,a,
ASN00092045,20030222,TMAX,240,,,a,
ASN00092045,20030223,TMAX,250,,,a,
ASN00092045,20030224,TMAX,250,,,a,
ASN00092045,20030225,TMAX,220,,,a,
ASN00092045,20030226,TMAX,250,,,a,
ASN00092045,20030227,TMAX,260,,,a,
ASN00092045,20030228,TMAX,220,,,a,
ASN00092045,20030201,TMIN,130,,,a,
ASN00092045,20030202,TMIN,140,,,a,
ASN00092045,20030203,TMIN,130,,,a,
ASN00092045,20030204,TMIN,170,,,a,
ASN00092045,20030205,TMIN,170,,,a,
ASN00092045,20030206,TMIN,170,,,a,
ASN00092045,20030207,TMIN,180,,,a,
ASN00092045,20030208,TMIN,160,,,a,
ASN00092045,20030209,TMIN,130,,,a,
ASN00092045,20030210,TMIN,130,,,a,
ASN00092045,20030211,TMIN,140,,,a,
ASN00092045,20030212,TMIN,120,,,a,
ASN00092045,20030213,TMIN,150,,,a,
ASN00092045,20030214,TMIN,150,,,a,
ASN00092045,20030215,TMIN,110,,,a,
ASN00092045,20030216,TMIN,170,,,a,
ASN00092045,20030217,TMIN,130,,,a,
ASN00092045,20030218,TMIN,100,,,a,
ASN00092045,20030219,TMIN,140,,,a,
ASN00092045,20030220,TMIN,130,,,a,
ASN00092045,20030221,TMIN,170,,,a,
ASN00092045,20030222,TMIN,190,,,a,
ASN00092045,20030223,TMIN,190,,,a,
ASN00092045,20030224,TMIN,190,,,a,
ASN00092045,20030225,TMIN,190,,,a,
ASN00092045,20030226,TMIN,150,,,a,
ASN00092045,20030227,TMIN,180,,,a,
ASN00092045,20030228,TMIN,150,,,a,
ASN00092045,20030201,PRCP,0,,,a,
ASN00092045,20030202,PRCP,0,,,a,
ASN00092045,20030203,PRCP,0,,,a,
ASN00092045,20030204,PRCP,0,,,a,
ASN00092045,20030205,PRCP,0,,,a,
ASN00092045,20030206,PRCP,0,,,a,
ASN00092045,20030207,PRCP,0,,,a,
ASN00092045,20030208,PRCP,0,,,a,
ASN00092045,20030209,PRCP,0,,,a,
ASN00092045,20030210,PRCP,0,,,a,
ASN00092045,20030211,PRCP,0,,,a,
ASN00092045,20030212,PRCP,0,,,a,
ASN00092045,20030213,PRCP,0,,,a,
ASN00092045,20030214,PRCP,0,,,a,
ASN00092045,20030215,PRCP,0,,,a,
ASN00092045,20030216,PRCP,0,,,a,
ASN00092045,20030217,PRCP,8,,,a,
ASN00092045,20030218,PRCP,0,,,a,
ASN00092045,20030219,PRCP,0,,,a,
ASN00092045,20030220,PRCP,0,,,a,
ASN00092045,20030221,PRCP,0,,,a,
ASN00092045,20030222,PRCP,0,,,a,
ASN00092045,20030223,PRCP,0,,,a,
ASN00092045,20030224,PRCP,0,,,a,
ASN00092045,20030225,PRCP,0,,,a,
ASN00092045,20030226,PRCP,0,,,a,
ASN00092045,20030227,PRCP,0,,,a,
ASN00092045,20030228,PRCP,8,,,a,
ASN00092045,20030201,TAVG,184,H,,S,
ASN00092045,20030202,TAVG,179,H,,S,
ASN00092045,20030203,TAVG,195,H,,S,
ASN00092045,20030204,TAVG,202,H,,S,
ASN00092045,20030205,TAVG,219,H,,S,
ASN00092045,20030206,TAVG,192,H,,S,
ASN00092045,20030207,TAVG,191,H,,S,
ASN00092045,20030208,TAVG,171,H,,S,
ASN00092045,20030209,TAVG,179,H,,S,
ASN00092045,20030210,TAVG,183,H,,S,
ASN00092045,20030211,TAVG,172,H,,S,
ASN00092045,20030212,TAVG,186,H,,S,
ASN00092045,20030213,TAVG,187,H,,S,
ASN00092045,20030214,TAVG,172,H,,S,
ASN00092045,20030215,TAVG,195,H,,S,
ASN00092045,20030216,TAVG,177,H,,S,
ASN00092045,20030217,TAVG,151,H,,S,
ASN00092045,20030218,TAVG,171,H,,S,
ASN00092045,20030219,TAVG,161,H,,S,
ASN00092045,20030220,TAVG,187,H,,S,
ASN00092045,20030221,TAVG,200,H,,S,
ASN00092045,20030222,TAVG,206,H,,S,
ASN00092045,20030223,TAVG,216,H,,S,
ASN00092045,20030224,TAVG,212,H,,S,
ASN00092045,20030225,TAVG,181,H,,S,
ASN00092045,20030226,TAVG,202,H,,S,
ASN00092045,20030227,TAVG,188,H,,S,
ASN00092045,20030228,TAVG,147,H,,S,
ASN00092045,20030301,TMAX,210,,,a,
ASN00092045,20030302,TMAX,230,,,a,
ASN00092045,20030303,TMAX,200,,,a,
ASN00092045,20030304,TMAX,220,,,a,
ASN00092045,20030305,TMAX,200,,,a,
ASN00092045,20030306,TMAX,200,,,a,
ASN00092045,20030307,TMAX,260,,,a,
ASN00092045,20030308,TMAX,180,,,a,
ASN00092045,20030309,TMAX,220,,,a,
ASN00092045,20030310,TMAX,210,,,a,
ASN00092045,20030311,TMAX,230,,,a,
ASN00092045,20030312,TMAX,240,,,a,
ASN00092045,20030313,TMAX,270,,,a,
ASN00092045,20030314,TMAX,200,,,a,
ASN00092045,20030315,TMAX,230,,,a,
ASN00092045,20030316,TMAX,240,,,a,
ASN00092045,20030317,TMAX,220,,,a,
ASN00092045,20030318,TMAX,230,,,a,
ASN00092045,20030319,TMAX,220,,,a,
ASN00092045,20030320,TMAX,180,,,a,
ASN00092045,20030321,TMAX,200,,,a,
ASN00092045,20030322,TMAX,210,,,a,
ASN00092045,20030323,TMAX,180,,,a,
ASN00092045,20030324,TMAX,170,,,a,
ASN00092045,20030325,TMAX,210,,,a,
ASN00092045,20030326,TMAX,200,,,a,
ASN00092045,20030327,TMAX,210,,,a,
ASN00092045,20030328,TMAX,220,,,a,
ASN00092045,20030329,TMAX,210,,,a,
ASN00092045,20030330,TMAX,220,,,a,
ASN00092045,20030331,TMAX,220,,,a,
ASN00092045,20030301,TMIN,70,,,a,
ASN00092045,20030302,TMIN,70,,,a,
ASN00092045,20030303,TMIN,70,,,a,
ASN00092045,20030304,TMIN,120,,,a,
ASN00092045,20030305,TMIN,120,,,a,
ASN00092045,20030306,TMIN,130,,,a,
ASN00092045,20030307,TMIN,140,,,a,
ASN00092045,20030308,TMIN,140,,,a,
ASN00092045,20030309,TMIN,140,,,a,
ASN00092045,20030310,TMIN,160,,,a,
ASN00092045,20030311,TMIN,160,,,a,
ASN00092045,20030312,TMIN,140,,,a,
ASN00092045,20030313,TMIN,160,,,a,
ASN00092045,20030314,TMIN,160,,,a,
ASN00092045,20030315,TMIN,150,,,a,
ASN00092045,20030316,TMIN,150,,,a,
ASN00092045,20030317,TMIN,180,,,a,
ASN00092045,20030318,TMIN,170,,,a,
ASN00092045,20030319,TMIN,190,,,a,
ASN00092045,20030320,TMIN,130,,,a,
ASN00092045,20030321,TMIN,100,,,a,
ASN00092045,20030322,TMIN,140,,,a,
ASN00092045,20030323,TMIN,120,,,a,
ASN00092045,20030324,TMIN,110,,,a,
ASN00092045,20030325,TMIN,100,,,a,
ASN00092045,20030326,TMIN,120,,,a,
ASN00092045,20030327,TMIN,150,,,a,
ASN00092045,20030328,TMIN,130,,,a,
ASN00092045,20030329,TMIN,150,,,a,
ASN00092045,20030330,TMIN,110,,,a,
ASN00092045,20030331,TMIN,130,,,a,
ASN00092045,20030301,PRCP,2,,,a,
ASN00092045,20030302,PRCP,200,,,a,
ASN00092045,20030303,PRCP,2,,,a,
ASN00092045,20030304,PRCP,0,,,a,
ASN00092045,20030305,PRCP,0,,,a,
ASN00092045,20030306,PRCP,0,,,a,
ASN00092045,20030308,PRCP,90,,,a,
ASN00092045,20030309,PRCP,720,,,a,
ASN00092045,20030310,PRCP,30,,,a,
ASN00092045,20030311,PRCP,6,,,a,
ASN00092045,20030312,PRCP,0,,,a,
ASN00092045,20030313,PRCP,0,,,a,
ASN00092045,20030314,PRCP,0,,,a,
ASN00092045,20030315,PRCP,0,,,a,
ASN00092045,20030316,PRCP,0,,,a,
ASN00092045,20030317,PRCP,0,,,a,
ASN00092045,20030318,PRCP,0,,,a,
ASN00092045,20030319,PRCP,0,,,a,
ASN00092045,20030320,PRCP,336,,,a,
ASN00092045,20030321,PRCP,94,,,a,
ASN00092045,20030322,PRCP,4,,,a,
ASN00092045,20030323,PRCP,0,,,a,
ASN00092045,20030324,PRCP,82,,,a,
ASN00092045,20030325,PRCP,4,,,a,
ASN00092045,20030326,PRCP,0,,,a,
ASN00092045,20030327,PRCP,0,,,a,
ASN00092045,20030328,PRCP,6,,,a,
ASN00092045,20030329,PRCP,10,,,a,
ASN00092045,20030330,PRCP,4,,,a,
ASN00092045,20030331,PRCP,0,,,a,
ASN00092045,20030301,TAVG,123,H,,S,
ASN00092045,20030302,TAVG,134,H,,S,
ASN00092045,20030303,TAVG,153,H,,S,
ASN00092045,20030304,TAVG,169,H,,S,
ASN00092045,20030305,TAVG,157,H,,S,
ASN00092045,20030306,TAVG,169,H,,S,
ASN00092045,20030307,TAVG,183,H,,S,
ASN00092045,20030308,TAVG,161,H,,S,
ASN00092045,20030309,TAVG,187,H,,S,
ASN00092045,20030310,TAVG,183,H,,S,
ASN00092045,20030311,TAVG,179,H,,S,
ASN00092045,20030312,TAVG,193,H,,S,
ASN00092045,20030313,TAVG,187,H,,S,
ASN00092045,20030314,TAVG,175,H,,S,
ASN00092045,20030315,TAVG,186,H,,S,
ASN00092045,20030316,TAVG,196,H,,S,
ASN00092045,20030317,TAVG,193,H,,S,
ASN00092045,20030318,TAVG,198,H,,S,
ASN00092045,20030319,TAVG,183,H,,S,
ASN00092045,20030320,TAVG,136,H,,S,
ASN00092045,20030321,TAVG,157,H,,S,
ASN00092045,20030322,TAVG,156,H,,S,
ASN00092045,20030323,TAVG,136,H,,S,
ASN00092045,20030324,TAVG,141,H,,S,
ASN00092045,20030325,TAVG,157,H,,S,
ASN00092045,20030326,TAVG,174,H,,S,
ASN00092045,20030327,TAVG,163,H,,S,
ASN00092045,20030328,TAVG,170,H,,S,
ASN00092045,20030329,TAVG,161,H,,S,
ASN00092045,20030330,TAVG,163,H,,S,
ASN00092045,20030331,TAVG,169,H,,S,
ASN00092045,20030401,TMAX,210,,,a,
ASN00092045,20030402,TMAX,190,,,a,
ASN00092045,20030403,TMAX,170,,,a,
ASN00092045,20030404,TMAX,150,,,a,
ASN00092045,20030405,TMAX,180,,,a,
ASN00092045,20030406,TMAX,180,,,a,
ASN00092045,20030407,TMAX,200,,,a,
ASN00092045,20030408,TMAX,170,,,a,
ASN00092045,20030409,TMAX,170,,,a,
ASN00092045,20030410,TMAX,180,,,a,
ASN00092045,20030411,TMAX,180,,,a,
ASN00092045,20030412,TMAX,190,,,a,
ASN00092045,20030413,TMAX,210,,,a,
ASN00092045,20030414,TMAX,180,,,a,
ASN00092045,20030415,TMAX,180,,,a,
ASN00092045,20030416,TMAX,170,,,a,
ASN00092045,20030417,TMAX,170,,,a,
ASN00092045,20030418,TMAX,170,,,a,
ASN00092045,20030419,TMAX,190,,,a,
ASN00092045,20030420,TMAX,180,,,a,
ASN00092045,20030421,TMAX,200,,,a,
ASN00092045,20030422,TMAX,200,,,a,
ASN00092045,20030423,TMAX,210,,,a,
ASN00092045,20030424,TMAX,170,,,a,
ASN00092045,20030425,TMAX,170,,,a,
ASN00092045,20030426,TMAX,200,,,a,
ASN00092045,20030427,TMAX,210,,,a,
ASN00092045,20030428,TMAX,190,,,a,
ASN00092045,20030429,TMAX,190,,,a,
ASN00092045,20030430,TMAX,210,,,a,
ASN00092045,20030401,TMIN,140,,,a,
ASN00092045,20030402,TMIN,140,,,a,
ASN00092045,20030403,TMIN,80,,,a,
ASN00092045,20030404,TMIN,100,,,a,
ASN00092045,20030405,TMIN,110,,,a,
ASN00092045,20030406,TMIN,120,,,a,
ASN00092045,20030407,TMIN,110,,,a,
ASN00092045,20030408,TMIN,140,,,a,
ASN00092045,20030409,TMIN,110,,,a,
ASN00092045,20030410,TMIN,130,,,a,
ASN00092045,20030411,TMIN,130,,,a,
ASN00092045,20030412,TMIN,150,,,a,
ASN00092045,20030413,TMIN,170,,,a,
ASN00092045,20030414,TMIN,130,,,a,
ASN00092045,20030415,TMIN,150,,,a,
ASN00092045,20030416,TMIN,50,,,a,
ASN00092045,20030417,TMIN,110,,,a,
ASN00092045,20030418,TMIN,120,,,a,
ASN00092045,20030419,TMIN,100,,,a,
ASN00092045,20030420,TMIN,110,,,a,
ASN00092045,20030421,TMIN,120,,,a,
ASN00092045,20030422,TMIN,130,,,a,
ASN00092045,20030423,TMIN,130,,,a,
ASN00092045,20030424,TMIN,130,,,a,
ASN00092045,20030425,TMIN,130,,,a,
ASN00092045,20030426,TMIN,130,,,a,
ASN00092045,20030427,TMIN,150,,,a,
ASN00092045,20030428,TMIN,150,,,a,
ASN00092045,20030429,TMIN,140,,,a,
ASN00092045,20030430,TMIN,130,,,a,
ASN00092045,20030401,PRCP,0,,,a,
ASN00092045,20030402,PRCP,0,,,a,
ASN00092045,20030403,PRCP,56,,,a,
ASN00092045,20030404,PRCP,6,,,a,
ASN00092045,20030405,PRCP,14,,,a,
ASN00092045,20030406,PRCP,0,,,a,
ASN00092045,20030407,PRCP,2,,,a,
ASN00092045,20030408,PRCP,46,,,a,
ASN00092045,20030409,PRCP,86,,,a,
ASN00092045,20030410,PRCP,0,,,a,
ASN00092045,20030411,PRCP,12,,,a,
ASN00092045,20030412,PRCP,18,,,a,
ASN00092045,20030413,PRCP,16,,,a,
ASN00092045,20030414,PRCP,12,,,a,
ASN00092045,20030415,PRCP,44,,,a,
ASN00092045,20030416,PRCP,0,,,a,
ASN00092045,20030417,PRCP,0,,,a,
ASN00092045,20030418,PRCP,0,,,a,
ASN00092045,20030419,PRCP,0,,,a,
ASN00092045,20030420,PRCP,0,,,a,
ASN00092045,20030421,PRCP,0,,,a,
ASN00092045,20030422,PRCP,0,,,a,
ASN00092045,20030423,PRCP,0,,,a,
ASN00092045,20030424,PRCP,168,,,a,
ASN00092045,20030425,PRCP,4,,,a,
ASN00092045,20030426,PRCP,0,,,a,
ASN00092045,20030427,PRCP,60,,,a,
ASN00092045,20030428,PRCP,326,,,a,
ASN00092045,20030429,PRCP,2,,,a,
ASN00092045,20030430,PRCP,16,,,a,
ASN00092045,20030401,TAVG,166,H,,S,
ASN00092045,20030402,TAVG,132,H,,S,
ASN00092045,20030403,TAVG,125,H,,S,
ASN00092045,20030404,TAVG,124,H,,S,
ASN00092045,20030405,TAVG,143,H,,S,
ASN00092045,20030406,TAVG,143,H,,S,
ASN00092045,20030407,TAVG,170,H,,S,
ASN00092045,20030408,TAVG,136,H,,S,
ASN00092045,20030409,TAVG,149,H,,S,
ASN00092045,20030410,TAVG,158,H,,S,
ASN00092045,20030411,TAVG,169,H,,S,
ASN00092045,20030412,TAVG,180,H,,S,
ASN00092045,20030413,TAVG,164,H,,S,
ASN00092045,20030414,TAVG,161,H,,S,
ASN00092045,20030415,TAVG,108,H,,S,
ASN00092045,20030416,TAVG,131,H,,S,
ASN00092045,20030417,TAVG,141,H,,S,
ASN00092045,20030418,TAVG,137,H,,S,
ASN00092045,20030419,TAVG,138,H,,S,
ASN00092045,20030420,TAVG,147,H,,S,
ASN00092045,20030421,TAVG,161,H,,S,
ASN00092045,20030422,TAVG,149,H,,S,
ASN00092045,20030423,TAVG,166,H,,S,
ASN00092045,20030424,TAVG,146,H,,S,
ASN00092045,20030425,TAVG,150,H,,S,
ASN00092045,20030426,TAVG,168,H,,S,
ASN00092045,20030427,TAVG,172,H,,S,
ASN00092045,20030428,TAVG,162,H,,S,
ASN00092045,20030429,TAVG,152,H,,S,
ASN00092045,20030430,TAVG,122,H,,S,
ASN00092045,20030501,TMAX,150,,,a,
ASN00092045,20030502,TMAX,200,,,a,
ASN00092045,20030503,TMAX,190,,,a,
ASN00092045,20030504,TMAX,150,,,a,
ASN00092045,20030505,TMAX,180,,,a,
ASN00092045,20030506,TMAX,170,,,a,
ASN00092045,20030507,TMAX,190,,,a,
ASN00092045,20030508,TMAX,190,,,a,
ASN00092045,20030509,TMAX,160,,,a,
ASN00092045,20030510,TMAX,140,,,a,
ASN00092045,20030511,TMAX,150,,,a,
ASN00092045,20030512,TMAX,160,,,a,
ASN00092045,20030513,TMAX,170,,,a,
ASN00092045,20030514,TMAX,190,,,a,
ASN00092045,20030515,TMAX,180,,,a,
ASN00092045,20030516,TMAX,190,,,a,
ASN00092045,20030517,TMAX,190,,,a,
ASN00092045,20030518,TMAX,190,,,a,
ASN00092045,20030519,TMAX,180,,,a,
ASN00092045,20030520,TMAX,160,,,a,
ASN00092045,20030521,TMAX,190,,,a,
ASN00092045,20030522,TMAX,150,,,a,
ASN00092045,20030523,TMAX,160,,,a,
ASN00092045,20030524,TMAX,160,,,a,
ASN00092045,20030525,TMAX,170,,,a,
ASN00092045,20030526,TMAX,170,,,a,
ASN00092045,20030527,TMAX,190,,,a,
ASN00092045,20030528,TMAX,170,,,a,
ASN00092045,20030529,TMAX,150,,,a,
ASN00092045,20030530,TMAX,170,,,a,
ASN00092045,20030531,TMAX,170,,,a,
ASN00092045,20030501,TMIN,80,,,a,
ASN00092045,20030502,TMIN,120,,,a,
ASN00092045,20030503,TMIN,140,,,a,
ASN00092045,20030504,TMIN,40,,,a,
ASN00092045,20030505,TMIN,70,,,a,
ASN00092045,20030506,TMIN,110,,,a,
ASN00092045,20030507,TMIN,100,,,a,
ASN00092045,20030508,TMIN,120,,,a,
ASN00092045,20030509,TMIN,130,,,a,
ASN00092045,20030510,TMIN,90,,,a,
ASN00092045,20030511,TMIN,70,,,a,
ASN00092045,20030512,TMIN,110,,,a,
ASN00092045,20030513,TMIN,120,,,a,
ASN00092045,20030514,TMIN,130,,,a,
ASN00092045,20030515,TMIN,150,,,a,
ASN00092045,20030516,TMIN,160,,,a,
ASN00092045,20030517,TMIN,150,,,a,
ASN00092045,20030518,TMIN,160,,,a,
ASN00092045,20030519,TMIN,140,,,a,
ASN00092045,20030520,TMIN,120,,,a,
ASN00092045,20030521,TMIN,100,,,a,
ASN00092045,20030522,TMIN,120,,,a,
ASN00092045,20030523,TMIN,100,,,a,
ASN00092045,20030524,TMIN,100,,,a,
ASN00092045,20030525,TMIN,100,,,a,
ASN00092045,20030526,TMIN,110,,,a,
ASN00092045,20030527,TMIN,100,,,a,
ASN00092045,20030528,TMIN,90,,,a,
ASN00092045,20030529,TMIN,110,,,a,
ASN00092045,20030530,TMIN,130,,,a,
ASN00092045,20030531,TMIN,130,,,a,
ASN00092045,20030501,PRCP,4,,,a,
ASN00092045,20030502,PRCP,2,,,a,
ASN00092045,20030503,PRCP,0,,,a,
ASN00092045,20030504,PRCP,0,,,a,
ASN00092045,20030505,PRCP,0,,,a,
ASN00092045,20030506,PRCP,0,,,a,
ASN00092045,20030507,PRCP,0,,,a,
ASN00092045,20030508,PRCP,0,,,a,
ASN00092045,20030509,PRCP,0,,,a,
ASN00092045,20030510,PRCP,64,,,a,
ASN00092045,20030511,PRCP,0,,,a,
ASN00092045,20030512,PRCP,0,,,a,
ASN00092045,20030513,PRCP,0,,,a,
ASN00092045,20030514,PRCP,4,,,a,
ASN00092045,20030515,PRCP,110,,,a,
ASN00092045,20030516,PRCP,10,,,a,
ASN00092045,20030517,PRCP,12,,,a,
ASN00092045,20030518,PRCP,136,,,a,
ASN00092045,20030519,PRCP,12,,,a,
ASN00092045,20030520,PRCP,28,,,a,
ASN00092045,20030521,PRCP,24,,,a,
ASN00092045,20030522,PRCP,94,,,a,
ASN00092045,20030523,PRCP,8,,,a,
ASN00092045,20030524,PRCP,0,,,a,
ASN00092045,20030525,PRCP,16,,,a,
ASN00092045,20030526,PRCP,2,,,a,
ASN00092045,20030527,PRCP,2,,,a,
ASN00092045,20030528,PRCP,2,,,a,
ASN00092045,20030529,PRCP,0,,,a,
ASN00092045,20030530,PRCP,0,,,a,
ASN00092045,20030531,PRCP,0,,,a,
ASN00092045,20030501,TAVG,133,H,,S,
ASN00092045,20030502,TAVG,153,H,,S,
ASN00092045,20030503,TAVG,103,H,,S,
ASN00092045,20030504,TAVG,104,H,,S,
ASN00092045,20030505,TAVG,141,H,,S,
ASN00092045,20030506,TAVG,134,H,,S,
ASN00092045,20030507,TAVG,139,H,,S,
ASN00092045,20030508,TAVG,150,H,,S,
ASN00092045,20030509,TAVG,122,H,,S,
ASN00092045,20030510,TAVG,104,H,,S,
ASN00092045,20030511,TAVG,127,H,,S,
ASN00092045,20030512,TAVG,138,H,,S,
ASN00092045,20030513,TAVG,155,H,,S,
ASN00092045,20030514,TAVG,159,H,,S,
ASN00092045,20030515,TAVG,165,H,,S,
ASN00092045,20030516,TAVG,166,H,,S,
ASN00092045,20030517,TAVG,168,H,,S,
ASN00092045,20030518,TAVG,157,H,,S,
ASN00092045,20030519,TAVG,143,H,,S,
ASN00092045,20030520,TAVG,134,H,,S,
ASN00092045,20030521,TAVG,139,H,,S,
ASN00092045,20030522,TAVG,117,H,,S,
ASN00092045,20030523,TAVG,123,H,,S,
ASN00092045,20030524,TAVG,133,H,,S,
ASN00092045,20030525,TAVG,128,H,,S,
ASN00092045,20030526,TAVG,127,H,,S,
ASN00092045,20030527,TAVG,125,H,,S,
ASN00092045,20030528,TAVG,126,H,,S,
ASN00092045,20030529,TAVG,140,H,,S,
ASN00092045,20030530,TAVG,141,H,,S,
ASN00092045,20030531,TAVG,143,H,,S,
ASN00092045,20030601,TMAX,160,,,a,
ASN00092045,20030602,TMAX,180,,,a,
ASN00092045,20030603,TMAX,150,,,a,
ASN00092045,20030604,TMAX,170,,,a,
ASN00092045,20030605,TMAX,170,,,a,
ASN00092045,20030606,TMAX,140,,,a,
ASN00092045,20030607,TMAX,150,,,a,
ASN00092045,20030608,TMAX,170,,,a,
ASN00092045,20030609,TMAX,160,,,a,
ASN00092045,20030610,TMAX,150,,,a,
ASN00092045,20030611,TMAX,150,,,a,
ASN00092045,20030612,TMAX,170,,,a,
ASN00092045,20030613,TMAX,130,,,a,
ASN00092045,20030614,TMAX,110,,,a,
ASN00092045,20030615,TMAX,140,,,a,
ASN00092045,20030616,TMAX,130,,,a,
ASN00092045,20030617,TMAX,170,,,a,
ASN00092045,20030618,TMAX,160,,,a,
ASN00092045,20030619,TMAX,140,,,a,
ASN00092045,20030620,TMAX,130,,,a,
ASN00092045,20030621,TMAX,140,,,a,
ASN00092045,20030622,TMAX,150,,,a,
ASN00092045,20030623,TMAX,130,,,a,
ASN00092045,20030624,TMAX,130,,,a,
ASN00092045,20030625,TMAX,140,,,a,
ASN00092045,20030626,TMAX,150,,,a,
ASN00092045,20030627,TMAX,150,,,a,
ASN00092045,20030628,TMAX,170,,,a,
ASN00092045,20030629,TMAX,140,,,a,
ASN00092045,20030630,TMAX,120,,,a,
ASN00092045,20030601,TMIN,120,,,a,
ASN00092045,20030602,TMIN,110,,,a,
ASN00092045,20030603,TMIN,110,,,a,
ASN00092045,20030604,TMIN,120,,,a,
ASN00092045,20030605,TMIN,130,,,a,
ASN00092045,20030606,TMIN,90,,,a,
ASN00092045,20030607,TMIN,70,,,a,
ASN00092045,20030608,TMIN,70,,,a,
ASN00092045,20030609,TMIN,80,,,a,
ASN00092045,20030610,TMIN,80,,,a,
ASN00092045,20030611,TMIN,100,,,a,
ASN00092045,20030612,TMIN,120,,,a,
ASN00092045,20030613,TMIN,90,,,a,
ASN00092045,20030614,TMIN,50,,,a,
ASN00092045,20030615,TMIN,50,,,a,
ASN00092045,20030616,TMIN,90,,,a,
ASN00092045,20030617,TMIN,90,,,a,
ASN00092045,20030618,TMIN,80,,,a,
ASN00092045,20030619,TMIN,50,,,a,
ASN00092045,20030620,TMIN,50,,,a,
ASN00092045,20030621,TMIN,50,,,a,
ASN00092045,20030622,TMIN,80,,,a,
ASN00092045,20030623,TMIN,60,,,a,
ASN00092045,20030624,TMIN,60,,,a,
ASN00092045,20030625,TMIN,90,,,a,
ASN00092045,20030626,TMIN,100,,,a,
ASN00092045,20030627,TMIN,110,,,a,
ASN00092045,20030628,TMIN,90,,,a,
ASN00092045,20030629,TMIN,90,,,a,
ASN00092045,20030630,TMIN,90,,,a,
ASN00092045,20030601,PRCP,26,,,a,
ASN00092045,20030602,PRCP,102,,,a,
ASN00092045,20030603,PRCP,38,,,a,
ASN00092045,20030604,PRCP,86,,,a,
ASN00092045,20030605,PRCP,2,,,a,
ASN00092045,20030606,PRCP,84,,,a,
ASN00092045,20030607,PRCP,164,,,a,
ASN00092045,20030608,PRCP,2,,,a,
ASN00092045,20030609,PRCP,0,,,a,
ASN00092045,20030610,PRCP,2,,,a,
ASN00092045,20030611,PRCP,0,,,a,
ASN00092045,20030612,PRCP,0,,,a,
ASN00092045,20030613,PRCP,26,,,a,
ASN00092045,20030614,PRCP,64,,,a,
ASN00092045,20030615,PRCP,0,,,a,
ASN00092045,20030616,PRCP,0,,,a,
ASN00092045,20030617,PRCP,4,,,a,
ASN00092045,20030618,PRCP,4,,,a,
ASN00092045,20030619,PRCP,0,,,a,
ASN00092045,20030620,PRCP,0,,,a,
ASN00092045,20030621,PRCP,0,,,a,
ASN00092045,20030622,PRCP,4,,,a,
ASN00092045,20030623,PRCP,72,,,a,
ASN00092045,20030624,PRCP,0,,,a,
ASN00092045,20030625,PRCP,0,,,a,
ASN00092045,20030626,PRCP,14,,,a,
ASN00092045,20030627,PRCP,10,,,a,
ASN00092045,20030628,PRCP,2,,,a,
ASN00092045,20030629,PRCP,0,,,a,
ASN00092045,20030630,PRCP,40,,,a,
ASN00092045,20030601,TAVG,134,H,,S,
ASN00092045,20030602,TAVG,146,H,,S,
ASN00092045,20030603,TAVG,131,H,,S,
ASN00092045,20030604,TAVG,153,H,,S,
ASN00092045,20030605,TAVG,119,H,,S,
ASN00092045,20030606,TAVG,97,H,,S,
ASN00092045,20030607,TAVG,96,H,,S,
ASN00092045,20030608,TAVG,117,H,,S,
ASN00092045,20030609,TAVG,116,H,,S,
ASN00092045,20030610,TAVG,122,H,,S,
ASN00092045,20030611,TAVG,134,H,,S,
ASN00092045,20030612,TAVG,127,H,,S,
ASN00092045,20030613,TAVG,82,H,,S,
ASN00092045,20030614,TAVG,81,H,,S,
ASN00092045,20030615,TAVG,112,H,,S,
ASN00092045,20030616,TAVG,121,H,,S,
ASN00092045,20030617,TAVG,118,H,,S,
ASN00092045,20030618,TAVG,108,H,,S,
ASN00092045,20030619,TAVG,88,H,,S,
ASN00092045,20030620,TAVG,83,H,,S,
ASN00092045,20030621,TAVG,104,H,,S,
ASN00092045,20030622,TAVG,98,H,,S,
ASN00092045,20030623,TAVG,86,H,,S,
ASN00092045,20030624,TAVG,112,H,,S,
ASN00092045,20030625,TAVG,117,H,,S,
ASN00092045,20030626,TAVG,136,H,,S,
ASN00092045,20030627,TAVG,119,H,,S,
ASN00092045,20030628,TAVG,123,H,,S,
ASN00092045,20030629,TAVG,110,H,,S,
ASN00092045,20030630,TAVG,86,H,,S,
ASN00092045,20030701,TMAX,120,,,a,
ASN00092045,20030702,TMAX,130,,,a,
ASN00092045,20030703,TMAX,120,,,a,
ASN00092045,20030704,TMAX,130,,,a,
ASN00092045,20030705,TMAX,130,,,a,
ASN00092045,20030706,TMAX,150,,,a,
ASN00092045,20030707,TMAX,150,,,a,
ASN00092045,20030708,TMAX,130,,,a,
ASN00092045,20030709,TMAX,140,,,a,
ASN00092045,20030710,TMAX,150,,,a,
ASN00092045,20030711,TMAX,160,,,a,
ASN00092045,20030712,TMAX,120,,,a,
ASN00092045,20030713,TMAX,150,,,a,
ASN00092045,20030714,TMAX,140,,,a,
ASN00092045,20030715,TMAX,130,,,a,
ASN00092045,20030716,TMAX,130,,,a,
ASN00092045,20030717,TMAX,150,,,a,
ASN00092045,20030718,TMAX,160,,,a,
ASN00092045,20030719,TMAX,140,,,a,
ASN00092045,20030720,TMAX,140,,,a,
ASN00092045,20030721,TMAX,150,,,a,
ASN00092045,20030722,TMAX,150,,,a,
ASN00092045,20030723,TMAX,150,,,a,
ASN00092045,20030724,TMAX,110,,,a,
ASN00092045,20030725,TMAX,130,,,a,
ASN00092045,20030726,TMAX,140,,,a,
ASN00092045,20030727,TMAX,140,,,a,
ASN00092045,20030728,TMAX,140,,,a,
ASN00092045,20030729,TMAX,130,,,a,
ASN00092045,20030731,TMAX,140,,,a,
ASN00092045,20030701,TMIN,60,,,a,
ASN00092045,20030702,TMIN,70,,,a,
ASN00092045,20030703,TMIN,60,,,a,
ASN00092045,20030704,TMIN,60,,,a,
ASN00092045,20030705,TMIN,60,,,a,
ASN00092045,20030706,TMIN,110,,,a,
ASN00092045,20030707,TMIN,90,,,a,
ASN00092045,20030708,TMIN,90,,,a,
ASN00092045,20030709,TMIN,50,,,a,
ASN00092045,20030710,TMIN,80,,,a,
ASN00092045,20030711,TMIN,90,,,a,
ASN00092045,20030712,TMIN,100,,,a,
ASN00092045,20030713,TMIN,50,,,a,
ASN00092045,20030714,TMIN,70,,,a,
ASN00092045,20030715,TMIN,100,,,a,
ASN00092045,20030716,TMIN,50,,,a,
ASN00092045,20030717,TMIN,70,,,a,
ASN00092045,20030718,TMIN,70,,,a,
ASN00092045,20030719,TMIN,70,,,a,
ASN00092045,20030720,TMIN,90,,,a,
ASN00092045,20030721,TMIN,80,,,a,
ASN00092045,20030722,TMIN,100,,,a,
ASN00092045,20030723,TMIN,110,,,a,
ASN00092045,20030724,TMIN,80,,,a,
ASN00092045,20030725,TMIN,80,,,a,
ASN00092045,20030726,TMIN,50,,,a,
ASN00092045,20030727,TMIN,50,,,a,
ASN00092045,20030728,TMIN,90,,,a,
ASN00092045,20030729,TMIN,60,,,a,
ASN00092045,20030730,TMIN,70,,,a,
ASN00092045,20030731,TMIN,40,,,a,
ASN00092045,20030701,PRCP,0,,,a,
ASN00092045,20030702,PRCP,36,,,a,
ASN00092045,20030703,PRCP,0,,,a,
ASN00092045,20030704,PRCP,0,,,a,
ASN00092045,20030705,PRCP,0,,,a,
ASN00092045,20030706,PRCP,56,,,a,
ASN00092045,20030707,PRCP,0,,,a,
ASN00092045,20030708,PRCP,20,,,a,
ASN00092045,20030709,PRCP,2,,,a,
ASN00092045,20030710,PRCP,0,,,a,
ASN00092045,20030711,PRCP,2,,,a,
ASN00092045,20030712,PRCP,54,,,a,
ASN00092045,20030713,PRCP,44,,,a,
ASN00092045,20030714,PRCP,2,,,a,
ASN00092045,20030715,PRCP,0,,,a,
ASN00092045,20030716,PRCP,40,,,a,
ASN00092045,20030717,PRCP,2,,,a,
ASN00092045,20030718,PRCP,0,,,a,
ASN00092045,20030719,PRCP,0,,,a,
ASN00092045,20030720,PRCP,0,,,a,
ASN00092045,20030721,PRCP,2,,,a,
ASN00092045,20030722,PRCP,8,,,a,
ASN00092045,20030723,PRCP,0,,,a,
ASN00092045,20030724,PRCP,60,,,a,
ASN00092045,20030725,PRCP,72,,,a,
ASN00092045,20030726,PRCP,0,,,a,
ASN00092045,20030727,PRCP,0,,,a,
ASN00092045,20030728,PRCP,2,,,a,
ASN00092045,20030729,PRCP,28,,,a,
ASN00092045,20030730,PRCP,2,,,a,
ASN00092045,20030731,PRCP,2,,,a,
ASN00092045,20030701,TAVG,88,H,,S,
ASN00092045,20030702,TAVG,86,H,,S,
ASN00092045,20030703,TAVG,82,H,,S,
ASN00092045,20030704,TAVG,94,H,,S,
ASN00092045,20030705,TAVG,122,H,,S,
ASN00092045,20030706,TAVG,125,H,,S,
ASN00092045,20030707,TAVG,119,H,,S,
ASN00092045,20030708,TAVG,92,H,,S,
ASN00092045,20030709,TAVG,103,H,,S,
ASN00092045,20030710,TAVG,117,H,,S,
ASN00092045,20030711,TAVG,133,H,,S,
ASN00092045,20030712,TAVG,72,H,,S,
ASN00092045,20030713,TAVG,98,H,,S,
ASN00092045,20030714,TAVG,128,H,,S,
ASN00092045,20030715,TAVG,80,H,,S,
ASN00092045,20030716,TAVG,91,H,,S,
ASN00092045,20030717,TAVG,101,H,,S,
ASN00092045,20030718,TAVG,104,H,,S,
ASN00092045,20030719,TAVG,108,H,,S,
ASN00092045,20030720,TAVG,108,H,,S,
ASN00092045,20030721,TAVG,125,H,,S,
ASN00092045,20030722,TAVG,126,H,,S,
ASN00092045,20030723,TAVG,129,H,,S,
ASN00092045,20030724,TAVG,97,H,,S,
ASN00092045,20030725,TAVG,84,H,,S,
ASN00092045,20030726,TAVG,84,H,,S,
ASN00092045,20030727,TAVG,108,H,,S,
ASN00092045,20030728,TAVG,99,H,,S,
ASN00092045,20030729,TAVG,91,H,,S,
ASN00092045,20030730,TAVG,82,H,,S,
ASN00092045,20030731,TAVG,92,H,,S,
ASN00092045,20030801,TMAX,140,,,a,
ASN00092045,20030802,TMAX,140,,,a,
ASN00092045,20030803,TMAX,160,,,a,
ASN00092045,20030804,TMAX,160,,,a,
ASN00092045,20030805,TMAX,160,,,a,
ASN00092045,20030806,TMAX,130,,,a,
ASN00092045,20030807,TMAX,130,,,a,
ASN00092045,20030808,TMAX,130,,,a,
ASN00092045,20030809,TMAX,130,,,a,
ASN00092045,20030810,TMAX,160,,,a,
ASN00092045,20030811,TMAX,150,,,a,
ASN00092045,20030812,TMAX,150,,,a,
ASN00092045,20030813,TMAX,160,,,a,
ASN00092045,20030814,TMAX,120,,,a,
ASN00092045,20030815,TMAX,130,,,a,
ASN00092045,20030816,TMAX,150,,,a,
ASN00092045,20030817,TMAX,140,,,a,
ASN00092045,20030818,TMAX,120,,,a,
ASN00092045,20030819,TMAX,130,,,a,
ASN00092045,20030820,TMAX,140,,,a,
ASN00092045,20030821,TMAX,150,,,a,
ASN00092045,20030822,TMAX,160,,,a,
ASN00092045,20030823,TMAX,160,,,a,
ASN00092045,20030824,TMAX,130,,,a,
ASN00092045,20030825,TMAX,130,,,a,
ASN00092045,20030826,TMAX,140,,,a,
ASN00092045,20030827,TMAX,135,,,a,
ASN00092045,20030828,TMAX,140,,,a,
ASN00092045,20030829,TMAX,145,,,a,
ASN00092045,20030830,TMAX,109,,,a,
ASN00092045,20030831,TMAX,120,,,a,
ASN00092045,20030801,TMIN,50,,,a,
ASN00092045,20030802,TMIN,80,,,a,
ASN00092045,20030803,TMIN,120,,,a,
ASN00092045,20030804,TMIN,120,,,a,
ASN00092045,20030805,TMIN,100,,,a,
ASN00092045,20030806,TMIN,80,,,a,
ASN00092045,20030807,TMIN,90,,,a,
ASN00092045,20030808,TMIN,100,,,a,
ASN00092045,20030809,TMIN,50,,,a,
ASN00092045,20030810,TMIN,50,,,a,
ASN00092045,20030811,TMIN,70,,,a,
ASN00092045,20030812,TMIN,110,,,a,
ASN00092045,20030813,TMIN,110,,,a,
ASN00092045,20030814,TMIN,60,,,a,
ASN00092045,20030815,TMIN,40,,,a,
ASN00092045,20030816,TMIN,50,,,a,
ASN00092045,20030817,TMIN,70,,,a,
ASN00092045,20030818,TMIN,70,,,a,
ASN00092045,20030819,TMIN,40,,,a,
ASN00092045,20030820,TMIN,30,,,a,
ASN00092045,20030821,TMIN,50,,,a,
ASN00092045,20030822,TMIN,90,,,a,
ASN00092045,20030823,TMIN,70,,,a,
ASN00092045,20030824,TMIN,110,,,a,
ASN00092045,20030825,TMIN,90,,,a,
ASN00092045,20030826,TMIN,50,,,a,
ASN00092045,20030827,TMIN,40,,,a,
ASN00092045,20030828,TMIN,86,,,a,
ASN00092045,20030829,TMIN,106,,,a,
ASN00092045,20030830,TMIN,106,,,a,
ASN00092045,20030831,TMIN,38,,,a,
ASN00092045,20030801,PRCP,0,,,a,
ASN00092045,20030802,PRCP,0,,,a,
ASN00092045,20030803,PRCP,4,,,a,
ASN00092045,20030804,PRCP,2,,,a,
ASN00092045,20030805,PRCP,0,,,a,
ASN00092045,20030806,PRCP,28,,,a,
ASN00092045,20030807,PRCP,10,,,a,
ASN00092045,20030808,PRCP,84,,,a,
ASN00092045,20030809,PRCP,30,,,a,
ASN00092045,20030810,PRCP,0,,,a,
ASN00092045,20030811,PRCP,0,,,a,
ASN00092045,20030812,PRCP,28,,,a,
ASN00092045,20030813,PRCP,0,,,a,
ASN00092045,20030814,PRCP,0,,,a,
ASN00092045,20030815,PRCP,0,,,a,
ASN00092045,20030816,PRCP,0,,,a,
ASN00092045,20030817,PRCP,0,,,a,
ASN00092045,20030818,PRCP,76,,,a,
ASN00092045,20030819,PRCP,0,,,a,
ASN00092045,20030820,PRCP,0,,,a,
ASN00092045,20030821,PRCP,0,,,a,
ASN00092045,20030822,PRCP,2,,,a,
ASN00092045,20030823,PRCP,2,,,a,
ASN00092045,20030824,PRCP,310,,,a,
ASN00092045,20030825,PRCP,36,,,a,
ASN00092045,20030826,PRCP,14,,,a,
ASN00092045,20030827,PRCP,0,,,a,
ASN00092045,20030829,PRCP,0,,,a,
ASN00092045,20030830,PRCP,12,,,a,
ASN00092045,20030831,PRCP,108,,,a,
ASN00092045,20030801,TAVG,107,H,,S,
ASN00092045,20030802,TAVG,127,H,,S,
ASN00092045,20030803,TAVG,134,H,,S,
ASN00092045,20030804,TAVG,132,H,,S,
ASN00092045,20030805,TAVG,117,H,,S,
ASN00092045,20030806,TAVG,111,H,,S,
ASN00092045,20030807,TAVG,113,H,,S,
ASN00092045,20030808,TAVG,83,H,,S,
ASN00092045,20030809,TAVG,78,H,,S,
ASN00092045,20030810,TAVG,106,H,,S,
ASN00092045,20030811,TAVG,124,H,,S,
ASN00092045,20030812,TAVG,122,H,,S,
ASN00092045,20030813,TAVG,114,H,,S,
ASN00092045,20030814,TAVG,68,H,,S,
ASN00092045,20030815,TAVG,79,H,,S,
ASN00092045,20030816,TAVG,101,H,,S,
ASN00092045,20030817,TAVG,97,H,,S,
ASN00092045,20030818,TAVG,81,H,,S,
ASN00092045,20030819,TAVG,77,H,,S,
ASN00092045,20030820,TAVG,85,H,,S,
ASN00092045,20030821,TAVG,122,H,,S,
ASN00092045,20030822,TAVG,114,H,,S,
ASN00092045,20030823,TAVG,136,H,,S,
ASN00092045,20030824,TAVG,107,H,,S,
ASN00092045,20030825,TAVG,78,H,,S,
ASN00092045,20030826,TAVG,89,H,,S,
ASN00092045,20030827,TAVG,107,H,,S,
ASN00092045,20030828,TAVG,120,H,,S,
ASN00092045,20030829,TAVG,127,H,,S,
ASN00092045,20030830,TAVG,68,H,,S,
ASN00092045,20030831,TAVG,67,H,,S,
ASN00092045,20030901,TMAX,135,,,a,
ASN00092045,20030902,TMAX,140,,,a,
ASN00092045,20030903,TMAX,164,,,a,
ASN00092045,20030904,TMAX,145,,,a,
ASN00092045,20030905,TMAX,162,,,a,
ASN00092045,20030906,TMAX,145,,,a,
ASN00092045,20030907,TMAX,154,,,a,
ASN00092045,20030908,TMAX,133,,,a,
ASN00092045,20030909,TMAX,134,,,a,
ASN00092045,20030910,TMAX,129,,,a,
ASN00092045,20030911,TMAX,145,,,a,
ASN00092045,20030912,TMAX,146,,,a,
ASN00092045,20030913,TMAX,143,,,a,
ASN00092045,20030914,TMAX,112,,,a,
ASN00092045,20030915,TMAX,139,,,a,
ASN00092045,20030916,TMAX,149,,,a,
ASN00092045,20030917,TMAX,149,,,a,
ASN00092045,20030918,TMAX,134,,,a,
ASN00092045,20030919,TMAX,147,,,a,
ASN00092045,20030920,TMAX,160,,,a,
ASN00092045,20030921,TMAX,172,,,a,
ASN00092045,20030922,TMAX,153,,,a,
ASN00092045,20030923,TMAX,158,,,a,
ASN00092045,20030924,TMAX,136,,,a,
ASN00092045,20030925,TMAX,139,,,a,
ASN00092045,20030926,TMAX,139,,,a,
ASN00092045,20030927,TMAX,129,,,a,
ASN00092045,20030928,TMAX,131,,,a,
ASN00092045,20030929,TMAX,157,,,a,
ASN00092045,20030930,TMAX,138,,,a,
ASN00092045,20030901,TMIN,25,,,a,
ASN00092045,20030902,TMIN,73,,,a,
ASN00092045,20030903,TMIN,74,,,a,
ASN00092045,20030904,TMIN,53,,,a,
ASN00092045,20030905,TMIN,94,,,a,
ASN00092045,20030906,TMIN,44,,,a,
ASN00092045,20030907,TMIN,63,,,a,
ASN00092045,20030908,TMIN,48,,,a,
ASN00092045,20030909,TMIN,90,,,a,
ASN00092045,20030910,TMIN,95,,,a,
ASN00092045,20030911,TMIN,67,,,a,
ASN00092045,20030912,TMIN,58,,,a,
ASN00092045,20030913,TMIN,48,,,a,
ASN00092045,20030914,TMIN,65,,,a,
ASN00092045,20030915,TMIN,44,,,a,
ASN00092045,20030916,TMIN,76,,,a,
ASN00092045,20030917,TMIN,88,,,a,
ASN00092045,20030918,TMIN,66,,,a,
ASN00092045,20030919,TMIN,86,,,a,
ASN00092045,20030920,TMIN,44,,,a,
ASN00092045,20030921,TMIN,86,,,a,
ASN00092045,20030922,TMIN,61,,,a,
ASN00092045,20030923,TMIN,75,,,a,
ASN00092045,20030924,TMIN,94,,,a,
ASN00092045,20030925,TMIN,89,,,a,
ASN00092045,20030926,TMIN,70,,,a,
ASN00092045,20030927,TMIN,50,,,a,
ASN00092045,20030928,TMIN,40,,,a,
ASN00092045,20030929,TMIN,42,,,a,
ASN00092045,20030930,TMIN,37,,,a,
ASN00092045,20030901,PRCP,0,,,a,
ASN00092045,20030902,PRCP,0,,,a,
ASN00092045,20030903,PRCP,0,,,a,
ASN00092045,20030904,PRCP,0,,,a,
ASN00092045,20030905,PRCP,6,,,a,
ASN00092045,20030906,PRCP,0,,,a,
ASN00092045,20030907,PRCP,0,,,a,
ASN00092045,20030908,PRCP,0,,,a,
ASN00092045,20030909,PRCP,0,,,a,
ASN00092045,20030910,PRCP,0,,,a,
ASN00092045,20030911,PRCP,18,,,a,
ASN00092045,20030912,PRCP,16,,,a,
ASN00092045,20030913,PRCP,8,,,a,
ASN00092045,20030914,PRCP,82,,,a,
ASN00092045,20030915,PRCP,26,,,a,
ASN00092045,20030916,PRCP,8,,,a,
ASN00092045,20030917,PRCP,4,,,a,
ASN00092045,20030918,PRCP,6,,,a,
ASN00092045,20030919,PRCP,42,,,a,
ASN00092045,20030920,PRCP,20,,,a,
ASN00092045,20030921,PRCP,0,,,a,
ASN00092045,20030922,PRCP,4,,,a,
ASN00092045,20030923,PRCP,68,,,a,
ASN00092045,20030924,PRCP,22,,,a,
ASN00092045,20030925,PRCP,266,,,a,
ASN00092045,20030926,PRCP,34,,,a,
ASN00092045,20030927,PRCP,6,,,a,
ASN00092045,20030928,PRCP,0,,,a,
ASN00092045,20030929,PRCP,34,,,a,
ASN00092045,20030930,PRCP,2,,,a,
ASN00092045,20030901,TAVG,95,H,,S,
ASN00092045,20030902,TAVG,103,H,,S,
ASN00092045,20030903,TAVG,99,H,,S,
ASN00092045,20030904,TAVG,119,H,,S,
ASN00092045,20030905,TAVG,93,H,,S,
ASN00092045,20030906,TAVG,98,H,,S,
ASN00092045,20030907,TAVG,95,H,,S,
ASN00092045,20030908,TAVG,103,H,,S,
ASN00092045,20030909,TAVG,105,H,,S,
ASN00092045,20030910,TAVG,103,H,,S,
ASN00092045,20030911,TAVG,99,H,,S,
ASN00092045,20030912,TAVG,101,H,,S,
ASN00092045,20030913,TAVG,96,H,,S,
ASN00092045,20030914,TAVG,74,H,,S,
ASN00092045,20030915,TAVG,99,H,,S,
ASN00092045,20030916,TAVG,116,H,,S,
ASN00092045,20030917,TAVG,104,H,,S,
ASN00092045,20030918,TAVG,109,H,,S,
ASN00092045,20030919,TAVG,93,H,,S,
ASN00092045,20030920,TAVG,116,H,,S,
ASN00092045,20030921,TAVG,103,H,,S,
ASN00092045,20030922,TAVG,116,H,,S,
ASN00092045,20030924,TAVG,111,H,,S,
ASN00092045,20030925,TAVG,94,H,,S,
ASN00092045,20030926,TAVG,88,H,,S,
ASN00092045,20030927,TAVG,77,H,,S,
ASN00092045,20030928,TAVG,91,H,,S,
ASN00092045,20030929,TAVG,89,H,,S,
ASN00092045,20030930,TAVG,100,H,,S,
ASN00092045,20031001,TMAX,154,,,a,
ASN00092045,20031002,TMAX,134,,,a,
ASN00092045,20031003,TMAX,140,,,a,
ASN00092045,20031004,TMAX,136,,,a,
ASN00092045,20031005,TMAX,165,,,a,
ASN00092045,20031006,TMAX,162,,,a,
ASN00092045,20031007,TMAX,166,,,a,
ASN00092045,20031008,TMAX,159,,,a,
ASN00092045,20031009,TMAX,132,,,a,
ASN00092045,20031010,TMAX,118,,,a,
ASN00092045,20031011,TMAX,158,,,a,
ASN00092045,20031012,TMAX,151,,,a,
ASN00092045,20031013,TMAX,165,,,a,
ASN00092045,20031014,TMAX,156,,,a,
ASN00092045,20031015,TMAX,170,,,a,
ASN00092045,20031016,TMAX,186,,,a,
ASN00092045,20031017,TMAX,185,,,a,
ASN00092045,20031018,TMAX,171,,,a,
ASN00092045,20031019,TMAX,178,,,a,
ASN00092045,20031020,TMAX,141,,,a,
ASN00092045,20031021,TMAX,147,,,a,
ASN00092045,20031022,TMAX,150,,,a,
ASN00092045,20031023,TMAX,145,,,a,
ASN00092045,20031024,TMAX,153,,,a,
ASN00092045,20031025,TMAX,125,,,a,
ASN00092045,20031026,TMAX,143,,,a,
ASN00092045,20031027,TMAX,159,,,a,
ASN00092045,20031028,TMAX,157,,,a,
ASN00092045,20031029,TMAX,176,,,a,
ASN00092045,20031030,TMAX,157,,,a,
ASN00092045,20031031,TMAX,113,,,a,
ASN00092045,20031001,TMIN,69,,,a,
ASN00092045,20031002,TMIN,99,,,a,
ASN00092045,20031003,TMIN,59,,,a,
ASN00092045,20031004,TMIN,70,,,a,
ASN00092045,20031005,TMIN,72,,,a,
ASN00092045,20031006,TMIN,97,,,a,
ASN00092045,20031007,TMIN,87,,,a,
ASN00092045,20031008,TMIN,81,,,a,
ASN00092045,20031009,TMIN,26,,,a,
ASN00092045,20031010,TMIN,27,,,a,
ASN00092045,20031011,TMIN,47,,,a,
ASN00092045,20031012,TMIN,61,,,a,
ASN00092045,20031013,TMIN,98,,,a,
ASN00092045,20031014,TMIN,69,,,a,
ASN00092045,20031015,TMIN,93,,,a,
ASN00092045,20031016,TMIN,88,,,a,
ASN00092045,20031017,TMIN,89,,,a,
ASN00092045,20031018,TMIN,107,,,a,
ASN00092045,20031019,TMIN,130,,,a,
ASN00092045,20031020,TMIN,76,,,a,
ASN00092045,20031021,TMIN,104,,,a,
ASN00092045,20031022,TMIN,46,,,a,
ASN00092045,20031023,TMIN,61,,,a,
ASN00092045,20031024,TMIN,83,,,a,
ASN00092045,20031025,TMIN,106,,,a,
ASN00092045,20031026,TMIN,87,,,a,
ASN00092045,20031027,TMIN,61,,,a,
ASN00092045,20031028,TMIN,95,,,a,
ASN00092045,20031029,TMIN,57,,,a,
ASN00092045,20031030,TMIN,70,,,a,
ASN00092045,20031031,TMIN,75,,,a,
ASN00092045,20031001,PRCP,0,,,a,
ASN00092045,20031002,PRCP,0,,,a,
ASN00092045,20031003,PRCP,0,,,a,
ASN00092045,20031004,PRCP,0,,,a,
ASN00092045,20031005,PRCP,0,,,a,
ASN00092045,20031006,PRCP,156,,,a,
ASN00092045,20031007,PRCP,0,,,a,
ASN00092045,20031008,PRCP,0,,,a,
ASN00092045,20031009,PRCP,0,,,a,
ASN00092045,20031010,PRCP,4,,,a,
ASN00092045,20031011,PRCP,62,,,a,
ASN00092045,20031012,PRCP,12,,,a,
ASN00092045,20031013,PRCP,2,,,a,
ASN00092045,20031014,PRCP,0,,,a,
ASN00092045,20031015,PRCP,2,,,a,
ASN00092045,20031016,PRCP,2,,,a,
ASN00092045,20031017,PRCP,0,,,a,
ASN00092045,20031018,PRCP,0,,,a,
ASN00092045,20031019,PRCP,0,,,a,
ASN00092045,20031020,PRCP,28,,,a,
ASN00092045,20031021,PRCP,12,,,a,
ASN00092045,20031022,PRCP,0,,,a,
ASN00092045,20031023,PRCP,2,,,a,
ASN00092045,20031024,PRCP,2,,,a,
ASN00092045,20031025,PRCP,120,,,a,
ASN00092045,20031026,PRCP,58,,,a,
ASN00092045,20031027,PRCP,0,,,a,
ASN00092045,20031028,PRCP,0,,,a,
ASN00092045,20031029,PRCP,0,,,a,
ASN00092045,20031030,PRCP,0,,,a,
ASN00092045,20031001,TAVG,113,H,,S,
ASN00092045,20031002,TAVG,98,H,,S,
ASN00092045,20031003,TAVG,103,H,,S,
ASN00092045,20031004,TAVG,105,H,,S,
ASN00092045,20031005,TAVG,122,H,,S,
ASN00092045,20031006,TAVG,117,H,,S,
ASN00092045,20031007,TAVG,126,H,,S,
ASN00092045,20031008,TAVG,88,H,,S,
ASN00092045,20031009,TAVG,71,H,,S,
ASN00092045,20031010,TAVG,79,H,,S,
ASN00092045,20031011,TAVG,104,H,,S,
ASN00092045,20031012,TAVG,117,H,,S,
ASN00092045,20031013,TAVG,115,H,,S,
ASN00092045,20031014,TAVG,127,H,,S,
ASN00092045,20031015,TAVG,129,H,,S,
ASN00092045,20031016,TAVG,132,H,,S,
ASN00092045,20031017,TAVG,136,H,,S,
ASN00092045,20031018,TAVG,144,H,,S,
ASN00092045,20031019,TAVG,114,H,,S,
ASN00092045,20031020,TAVG,127,H,,S,
ASN00092045,20031021,TAVG,102,H,,S,
ASN00092045,20031022,TAVG,93,H,,S,
ASN00092045,20031023,TAVG,107,H,,S,
ASN00092045,20031024,TAVG,122,H,,S,
ASN00092045,20031030,TAVG,99,H,,S,
ASN00092045,20031031,TAVG,88,H,,S,
ASN00092045,20031101,TMAX,158,,,a,
ASN00092045,20031102,TMAX,157,,,a,
ASN00092045,20031103,TMAX,196,,,a,
ASN00092045,20031104,TMAX,162,,,a,
ASN00092045,20031105,TMAX,190,,,a,
ASN00092045,20031106,TMAX,191,,,a,
ASN00092045,20031107,TMAX,160,,,a,
ASN00092045,20031108,TMAX,165,,,a,
ASN00092045,20031109,TMAX,187,,,a,
ASN00092045,20031110,TMAX,195,,,a,
ASN00092045,20031111,TMAX,223,,,a,
ASN00092045,20031112,TMAX,193,,,a,
ASN00092045,20031113,TMAX,162,,,a,
ASN00092045,20031114,TMAX,231,,,a,
ASN00092045,20031115,TMAX,280,,,a,
ASN00092045,20031116,TMAX,155,,,a,
ASN00092045,20031117,TMAX,155,,,a,
ASN00092045,20031118,TMAX,172,,,a,
ASN00092045,20031119,TMAX,248,,,a,
ASN00092045,20031120,TMAX,244,,,a,
ASN00092045,20031121,TMAX,164,,,a,
ASN00092045,20031122,TMAX,163,,,a,
ASN00092045,20031123,TMAX,132,,,a,
ASN00092045,20031124,TMAX,171,,,a,
ASN00092045,20031125,TMAX,171,,,a,
ASN00092045,20031126,TMAX,181,,,a,
ASN00092045,20031127,TMAX,191,,,a,
ASN00092045,20031128,TMAX,215,,,a,
ASN00092045,20031129,TMAX,197,,,a,
ASN00092045,20031130,TMAX,281,,,a,
ASN00092045,20031101,TMIN,62,,,a,
ASN00092045,20031102,TMIN,64,,,a,
ASN00092045,20031103,TMIN,68,,,a,
ASN00092045,20031104,TMIN,95,,,a,
ASN00092045,20031105,TMIN,90,,,a,
ASN00092045,20031106,TMIN,106,,,a,
ASN00092045,20031107,TMIN,116,,,a,
ASN00092045,20031108,TMIN,78,,,a,
ASN00092045,20031109,TMIN,109,,,a,
ASN00092045,20031110,TMIN,84,,,a,
ASN00092045,20031111,TMIN,103,,,a,
ASN00092045,20031112,TMIN,86,,,a,
ASN00092045,20031113,TMIN,71,,,a,
ASN00092045,20031114,TMIN,101,,,a,
ASN00092045,20031115,TMIN,114,,,a,
ASN00092045,20031116,TMIN,117,,,a,
ASN00092045,20031117,TMIN,107,,,a,
ASN00092045,20031118,TMIN,119,,,a,
ASN00092045,20031119,TMIN,135,,,a,
ASN00092045,20031120,TMIN,145,,,a,
ASN00092045,20031121,TMIN,115,,,a,
ASN00092045,20031122,TMIN,115,,,a,
ASN00092045,20031123,TMIN,109,,,a,
ASN00092045,20031124,TMIN,103,,,a,
ASN00092045,20031125,TMIN,110,,,a,
ASN00092045,20031126,TMIN,115,,,a,
ASN00092045,20031127,TMIN,121,,,a,
ASN00092045,20031128,TMIN,109,,,a,
ASN00092045,20031129,TMIN,114,,,a,
ASN00092045,20031130,TMIN,142,,,a,
ASN00092045,20031101,PRCP,108,,,a,
ASN00092045,20031102,PRCP,38,,,a,
ASN00092045,20031103,PRCP,2,,,a,
ASN00092045,20031104,PRCP,0,,,a,
ASN00092045,20031105,PRCP,0,,,a,
ASN00092045,20031106,PRCP,0,,,a,
ASN00092045,20031107,PRCP,0,,,a,
ASN00092045,20031108,PRCP,0,,,a,
ASN00092045,20031109,PRCP,0,,,a,
ASN00092045,20031110,PRCP,0,,,a,
ASN00092045,20031111,PRCP,0,,,a,
ASN00092045,20031112,PRCP,0,,,a,
ASN00092045,20031113,PRCP,0,,,a,
ASN00092045,20031114,PRCP,0,,,a,
ASN00092045,20031115,PRCP,0,,,a,
ASN00092045,20031116,PRCP,0,,,a,
ASN00092045,20031117,PRCP,0,,,a,
ASN00092045,20031118,PRCP,0,,,a,
ASN00092045,20031119,PRCP,14,,,a,
ASN00092045,20031120,PRCP,80,,,a,
ASN00092045,20031121,PRCP,4,,,a,
ASN00092045,20031122,PRCP,2,,,a,
ASN00092045,20031123,PRCP,0,,,a,
ASN00092045,20031124,PRCP,0,,,a,
ASN00092045,20031125,PRCP,2,,,a,
ASN00092045,20031126,PRCP,2,,,a,
ASN00092045,20031127,PRCP,0,,,a,
ASN00092045,20031128,PRCP,0,,,a,
ASN00092045,20031129,PRCP,2,,,a,
ASN00092045,20031130,PRCP,0,,,a,
ASN00092045,20031101,TAVG,107,H,,S,
ASN00092045,20031102,TAVG,108,H,,S,
ASN00092045,20031103,TAVG,132,H,,S,
ASN00092045,20031104,TAVG,117,H,,S,
ASN00092045,20031105,TAVG,133,H,,S,
ASN00092045,20031106,TAVG,144,H,,S,
ASN00092045,20031107,TAVG,114,H,,S,
ASN00092045,20031108,TAVG,128,H,,S,
ASN00092045,20031109,TAVG,127,H,,S,
ASN00092045,20031110,TAVG,138,H,,S,
ASN00092045,20031111,TAVG,146,H,,S,
ASN00092045,20031112,TAVG,126,H,,S,
ASN00092045,20031113,TAVG,129,H,,S,
ASN00092045,20031114,TAVG,168,H,,S,
ASN00092045,20031115,TAVG,173,H,,S,
ASN00092045,20031116,TAVG,124,H,,S,
ASN00092045,20031117,TAVG,133,H,,S,
ASN00092045,20031118,TAVG,145,H,,S,
ASN00092045,20031119,TAVG,174,H,,S,
ASN00092045,20031120,TAVG,153,H,,S,
ASN00092045,20031121,TAVG,128,H,,S,
ASN00092045,20031122,TAVG,126,H,,S,
ASN00092045,20031123,TAVG,118,H,,S,
ASN00092045,20031124,TAVG,133,H,,S,
ASN00092045,20031125,TAVG,136,H,,S,
ASN00092045,20031126,TAVG,138,H,,S,
ASN00092045,20031127,TAVG,146,H,,S,
ASN00092045,20031128,TAVG,156,H,,S,
ASN00092045,20031129,TAVG,166,H,,S,
ASN00092045,20031130,TAVG,183,H,,S,
ASN00092045,20031201,TMAX,165,,,a,
ASN00092045,20031202,TMAX,186,,,a,
ASN00092045,20031203,TMAX,217,,,a,
ASN00092045,20031204,TMAX,206,,,a,
ASN00092045,20031205,TMAX,193,,,a,
ASN00092045,20031206,TMAX,184,,,a,
ASN00092045,20031207,TMAX,212,,,a,
ASN00092045,20031208,TMAX,211,,,a,
ASN00092045,20031209,TMAX,205,,,a,
ASN00092045,20031210,TMAX,259,,,a,
ASN00092045,20031211,TMAX,202,,,a,
ASN00092045,20031212,TMAX,212,,,a,
ASN00092045,20031213,TMAX,217,,,a,
ASN00092045,20031214,TMAX,215,,,a,
ASN00092045,20031215,TMAX,212,,,a,
ASN00092045,20031216,TMAX,237,,,a,
ASN00092045,20031217,TMAX,207,,,a,
ASN00092045,20031218,TMAX,181,,,a,
ASN00092045,20031219,TMAX,250,,,a,
ASN00092045,20031220,TMAX,190,,,a,
ASN00092045,20031221,TMAX,209,,,a,
ASN00092045,20031222,TMAX,239,,,a,
ASN00092045,20031223,TMAX,201,,,a,
ASN00092045,20031224,TMAX,198,,,a,
ASN00092045,20031225,TMAX,219,,,a,
ASN00092045,20031226,TMAX,209,,,a,
ASN00092045,20031227,TMAX,210,,,a,
ASN00092045,20031228,TMAX,213,,,a,
ASN00092045,20031229,TMAX,230,,,a,
ASN00092045,20031230,TMAX,297,,,a,
ASN00092045,20031231,TMAX,228,,,a,
ASN00092045,20031201,TMIN,126,,,a,
ASN00092045,20031202,TMIN,128,,,a,
ASN00092045,20031203,TMIN,148,,,a,
ASN00092045,20031204,TMIN,128,,,a,
ASN00092045,20031205,TMIN,92,,,a,
ASN00092045,20031206,TMIN,120,,,a,
ASN00092045,20031207,TMIN,104,,,a,
ASN00092045,20031208,TMIN,145,,,a,
ASN00092045,20031209,TMIN,146,,,a,
ASN00092045,20031210,TMIN,158,,,a,
ASN00092045,20031211,TMIN,139,,,a,
ASN00092045,20031212,TMIN,124,,,a,
ASN00092045,20031213,TMIN,120,,,a,
ASN00092045,20031214,TMIN,108,,,a,
ASN00092045,20031215,TMIN,140,,,a,
ASN00092045,20031216,TMIN,139,,,a,
ASN00092045,20031217,TMIN,151,,,a,
ASN00092045,20031218,TMIN,147,,,a,
ASN00092045,20031219,TMIN,138,,,a,
ASN00092045,20031220,TMIN,135,,,a,
ASN00092045,20031221,TMIN,142,,,a,
ASN00092045,20031222,TMIN,142,,,a,
ASN00092045,20031223,TMIN,112,,,a,
ASN00092045,20031224,TMIN,125,,,a,
ASN00092045,20031225,TMIN,148,,,a,
ASN00092045,20031226,TMIN,109,,,a,
ASN00092045,20031227,TMIN,91,,,a,
ASN00092045,20031228,TMIN,85,,,a,
ASN00092045,20031229,TMIN,120,,,a,
ASN00092045,20031230,TMIN,143,,,a,
ASN00092045,20031231,TMIN,136,,,a,
ASN00092045,20031201,PRCP,0,,,a,
ASN00092045,20031202,PRCP,0,,,a,
ASN00092045,20031203,PRCP,8,,,a,
ASN00092045,20031204,PRCP,2,,,a,
ASN00092045,20031205,PRCP,0,,,a,
ASN00092045,20031206,PRCP,0,,,a,
ASN00092045,20031207,PRCP,0,,,a,
ASN00092045,20031208,PRCP,0,,,a,
ASN00092045,20031209,PRCP,0,,,a,
ASN00092045,20031210,PRCP,0,,,a,
ASN00092045,20031211,PRCP,0,,,a,
ASN00092045,20031212,PRCP,0,,,a,
ASN00092045,20031213,PRCP,4,,,a,
ASN00092045,20031214,PRCP,0,,,a,
ASN00092045,20031215,PRCP,0,,,a,
ASN00092045,20031216,PRCP,0,,,a,
ASN00092045,20031217,PRCP,0,,,a,
ASN00092045,20031218,PRCP,2,,,a,
ASN00092045,20031219,PRCP,44,,,a,
ASN00092045,20031220,PRCP,2,,,a,
ASN00092045,20031221,PRCP,0,,,a,
ASN00092045,20031222,PRCP,396,,,a,
ASN00092045,20031223,PRCP,2,,,a,
ASN00092045,20031224,PRCP,0,,,a,
ASN00092045,20031225,PRCP,0,,,a,
ASN00092045,20031226,PRCP,0,,,a,
ASN00092045,20031227,PRCP,0,,,a,
ASN00092045,20031228,PRCP,0,,,a,
ASN00092045,20031229,PRCP,0,,,a,
ASN00092045,20031230,PRCP,2,,,a,
ASN00092045,20031231,PRCP,0,,,a,
ASN00092045,20031201,TAVG,142,H,,S,
ASN00092045,20031202,TAVG,156,H,,S,
ASN00092045,20031203,TAVG,161,H,,S,
ASN00092045,20031204,TAVG,140,H,,S,
ASN00092045,20031205,TAVG,145,H,,S,
ASN00092045,20031206,TAVG,146,H,,S,
ASN00092045,20031207,TAVG,165,H,,S,
ASN00092045,20031208,TAVG,166,H,,S,
ASN00092045,20031209,TAVG,169,H,,S,
ASN00092045,20031210,TAVG,173,H,,S,
ASN00092045,20031211,TAVG,157,H,,S,
ASN00092045,20031212,TAVG,156,H,,S,
ASN00092045,20031213,TAVG,156,H,,S,
ASN00092045,20031214,TAVG,168,H,,S,
ASN00092045,20031215,TAVG,169,H,,S,
ASN00092045,20031216,TAVG,179,H,,S,
ASN00092045,20031217,TAVG,162,H,,S,
ASN00092045,20031218,TAVG,158,H,,S,
ASN00092045,20031219,TAVG,166,H,,S,
ASN00092045,20031220,TAVG,160,H,,S,
ASN00092045,20031221,TAVG,168,H,,S,
ASN00092045,20031222,TAVG,176,H,,S,
ASN00092045,20031223,TAVG,163,H,,S,
ASN00092045,20031224,TAVG,167,H,,S,
ASN00092045,20031225,TAVG,164,H,,S,
ASN00092045,20031226,TAVG,152,H,,S,
ASN00092045,20031227,TAVG,153,H,,S,
ASN00092045,20031228,TAVG,160,H,,S,
ASN00092045,20031229,TAVG,175,H,,S,
ASN00092045,20031230,TAVG,196,H,,S,
ASN00092045,20031231,TAVG,171,H,,S,
ASN00092045,20040101,TMAX,225,,,a,
ASN00092045,20040102,TMAX,227,,,a,
ASN00092045,20040103,TMAX,244,,,a,
ASN00092045,20040104,TMAX,227,,,a,
ASN00092045,20040105,TMAX,217,,,a,
ASN00092045,20040106,TMAX,214,,,a,
ASN00092045,20040107,TMAX,187,,,a,
ASN00092045,20040108,TMAX,197,,,a,
ASN00092045,20040109,TMAX,197,,,a,
ASN00092045,20040110,TMAX,205,,,a,
ASN00092045,20040111,TMAX,210,,,a,
ASN00092045,20040112,TMAX,212,,,a,
ASN00092045,20040113,TMAX,214,,,a,
ASN00092045,20040114,TMAX,201,,,a,
ASN00092045,20040115,TMAX,222,,,a,
ASN00092045,20040116,TMAX,208,,,a,
ASN00092045,20040117,TMAX,204,,,a,
ASN00092045,20040118,TMAX,193,,,a,
ASN00092045,20040119,TMAX,194,,,a,
ASN00092045,20040120,TMAX,245,,,a,
ASN00092045,20040121,TMAX,235,,,a,
ASN00092045,20040122,TMAX,221,,,a,
ASN00092045,20040123,TMAX,209,,,a,
ASN00092045,20040124,TMAX,217,,,a,
ASN00092045,20040125,TMAX,190,,,a,
ASN00092045,20040126,TMAX,206,,,a,
ASN00092045,20040101,TMIN,120,,,a,
ASN00092045,20040102,TMIN,135,,,a,
ASN00092045,20040103,TMIN,160,,,a,
ASN00092045,20040104,TMIN,134,,,a,
ASN00092045,20040105,TMIN,125,,,a,
ASN00092045,20040106,TMIN,122,,,a,
ASN00092045,20040107,TMIN,148,,,a,
ASN00092045,20040108,TMIN,101,,,a,
ASN00092045,20040109,TMIN,117,,,a,
ASN00092045,20040110,TMIN,145,,,a,
ASN00092045,20040111,TMIN,119,,,a,
ASN00092045,20040112,TMIN,95,,,a,
ASN00092045,20040113,TMIN,109,,,a,
ASN00092045,20040114,TMIN,96,,,a,
ASN00092045,20040115,TMIN,93,,,a,
ASN00092045,20040116,TMIN,126,,,a,
ASN00092045,20040117,TMIN,128,,,a,
ASN00092045,20040118,TMIN,58,,,a,
ASN00092045,20040119,TMIN,125,,,a,
ASN00092045,20040120,TMIN,157,,,a,
ASN00092045,20040121,TMIN,120,,,a,
ASN00092045,20040122,TMIN,134,,,a,
ASN00092045,20040123,TMIN,98,,,a,
ASN00092045,20040124,TMIN,117,,,a,
ASN00092045,20040125,TMIN,139,,,a,
ASN00092045,20040126,TMIN,142,,,a,
ASN00092045,20040127,TMIN,141,,,a,
ASN00092045,20040101,PRCP,0,,,a,
ASN00092045,20040102,PRCP,0,,,a,
ASN00092045,20040103,PRCP,0,,,a,
ASN00092045,20040104,PRCP,0,,,a,
ASN00092045,20040105,PRCP,2,,,a,
ASN00092045,20040106,PRCP,0,,,a,
ASN00092045,20040107,PRCP,0,,,a,
ASN00092045,20040108,PRCP,6,,,a,
ASN00092045,20040109,PRCP,0,,,a,
ASN00092045,20040110,PRCP,4,,,a,
ASN00092045,20040111,PRCP,2,,,a,
ASN00092045,20040112,PRCP,0,,,a,
ASN00092045,20040113,PRCP,0,,,a,
ASN00092045,20040114,PRCP,0,,,a,
ASN00092045,20040115,PRCP,0,,,a,
ASN00092045,20040116,PRCP,0,,,a,
ASN00092045,20040117,PRCP,0,,,a,
ASN00092045,20040118,PRCP,56,,,a,
ASN00092045,20040119,PRCP,0,,,a,
ASN00092045,20040120,PRCP,0,,,a,
ASN00092045,20040121,PRCP,0,,,a,
ASN00092045,20040122,PRCP,0,,,a,
ASN00092045,20040123,PRCP,0,,,a,
ASN00092045,20040124,PRCP,0,,,a,
ASN00092045,20040125,PRCP,2,,,a,
ASN00092045,20040126,PRCP,2,,,a,
ASN00092045,20040127,PRCP,0,,,a,
ASN00092045,20040101,TAVG,176,H,,S,
ASN00092045,20040102,TAVG,183,H,,S,
ASN00092045,20040103,TAVG,176,H,,S,
ASN00092045,20040104,TAVG,162,H,,S,
ASN00092045,20040105,TAVG,159,H,,S,
ASN00092045,20040106,TAVG,169,H,,S,
ASN00092045,20040107,TAVG,138,H,,S,
ASN00092045,20040108,TAVG,147,H,,S,
ASN00092045,20040109,TAVG,167,H,,S,
ASN00092045,20040110,TAVG,158,H,,S,
ASN00092045,20040111,TAVG,150,H,,S,
ASN00092045,20040112,TAVG,150,H,,S,
ASN00092045,20040113,TAVG,150,H,,S,
ASN00092045,20040114,TAVG,148,H,,S,
ASN00092045,20040115,TAVG,169,H,,S,
ASN00092045,20040116,TAVG,168,H,,S,
ASN00092045,20040117,TAVG,115,H,,S,
ASN00092045,20040118,TAVG,152,H,,S,
ASN00092045,20040119,TAVG,174,H,,S,
ASN00092045,20040120,TAVG,174,H,,S,
ASN00092045,20040121,TAVG,171,H,,S,
ASN00092045,20040122,TAVG,164,H,,S,
ASN00092045,20040123,TAVG,156,H,,S,
ASN00092045,20040124,TAVG,168,H,,S,
ASN00092045,20040125,TAVG,156,H,,S,
ASN00092045,20040126,TAVG,164,H,,S,
ASN00092045,20040127,TAVG,168,H,,S,
ASN00092045,20040210,TMAX,181,,,a,
ASN00092045,20040211,TMAX,202,,,a,
ASN00092045,20040212,TMAX,192,,,a,
ASN00092045,20040213,TMAX,234,,,a,
ASN00092045,20040214,TMAX,208,,,a,
ASN00092045,20040215,TMAX,259,,,a,
ASN00092045,20040216,TMAX,211,,,a,
ASN00092045,20040217,TMAX,229,,,a,
ASN00092045,20040218,TMAX,232,,,a,
ASN00092045,20040219,TMAX,216,,,a,
ASN00092045,20040220,TMAX,207,,,a,
ASN00092045,20040221,TMAX,195,,,a,
ASN00092045,20040222,TMAX,203,,,a,
ASN00092045,20040223,TMAX,199,,,a,
ASN00092045,20040224,TMAX,213,,,a,
ASN00092045,20040225,TMAX,219,,,a,
ASN00092045,20040226,TMAX,226,,,a,
ASN00092045,20040227,TMAX,228,,,a,
ASN00092045,20040228,TMAX,216,,,a,
ASN00092045,20040229,TMAX,216,,,a,
ASN00092045,20040211,TMIN,151,,,a,
ASN00092045,20040212,TMIN,149,,,a,
ASN00092045,20040213,TMIN,156,,,a,
ASN00092045,20040214,TMIN,166,,,a,
ASN00092045,20040215,TMIN,167,,,a,
ASN00092045,20040216,TMIN,141,,,a,
ASN00092045,20040217,TMIN,155,,,a,
ASN00092045,20040218,TMIN,129,,,a,
ASN00092045,20040219,TMIN,119,,,a,
ASN00092045,20040220,TMIN,155,,,a,
ASN00092045,20040221,TMIN,131,,,a,
ASN00092045,20040222,TMIN,98,,,a,
ASN00092045,20040223,TMIN,96,,,a,
ASN00092045,20040224,TMIN,131,,,a,
ASN00092045,20040225,TMIN,159,,,a,
ASN00092045,20040226,TMIN,162,,,a,
ASN00092045,20040227,TMIN,133,,,a,
ASN00092045,20040228,TMIN,144,,,a,
ASN00092045,20040229,TMIN,99,,,a,
ASN00092045,20040212,PRCP,2,,,a,
ASN00092045,20040213,PRCP,16,,,a,
ASN00092045,20040214,PRCP,2,,,a,
ASN00092045,20040215,PRCP,6,,,a,
ASN00092045,20040216,PRCP,2,,,a,
ASN00092045,20040217,PRCP,0,,,a,
ASN00092045,20040218,PRCP,0,,,a,
ASN00092045,20040219,PRCP,0,,,a,
ASN00092045,20040220,PRCP,0,,,a,
ASN00092045,20040221,PRCP,0,,,a,
ASN00092045,20040222,PRCP,0,,,a,
ASN00092045,20040223,PRCP,6,,,a,
ASN00092045,20040224,PRCP,2,,,a,
ASN00092045,20040225,PRCP,0,,,a,
ASN00092045,20040226,PRCP,0,,,a,
ASN00092045,20040227,PRCP,0,,,a,
ASN00092045,20040228,PRCP,0,,,a,
ASN00092045,20040229,PRCP,0,,,a,
ASN00092045,20040210,TAVG,162,H,,S,
ASN00092045,20040211,TAVG,170,H,,S,
ASN00092045,20040212,TAVG,170,H,,S,
ASN00092045,20040213,TAVG,183,H,,S,
ASN00092045,20040214,TAVG,188,H,,S,
ASN00092045,20040215,TAVG,187,H,,S,
ASN00092045,20040216,TAVG,181,H,,S,
ASN00092045,20040217,TAVG,179,H,,S,
ASN00092045,20040218,TAVG,174,H,,S,
ASN00092045,20040219,TAVG,177,H,,S,
ASN00092045,20040220,TAVG,168,H,,S,
ASN00092045,20040221,TAVG,144,H,,S,
ASN00092045,20040222,TAVG,148,H,,S,
ASN00092045,20040223,TAVG,165,H,,S,
ASN00092045,20040224,TAVG,179,H,,S,
ASN00092045,20040225,TAVG,179,H,,S,
ASN00092045,20040226,TAVG,177,H,,S,
ASN00092045,20040227,TAVG,172,H,,S,
ASN00092045,20040228,TAVG,158,H,,S,
ASN00092045,20040229,TAVG,139,H,,S,
ASN00092045,20040301,TMAX,193,,,a,
ASN00092045,20040302,TMAX,222,,,a,
ASN00092045,20040303,TMAX,235,,,a,
ASN00092045,20040304,TMAX,231,,,a,
ASN00092045,20040305,TMAX,199,,,a,
ASN00092045,20040306,TMAX,216,,,a,
ASN00092045,20040307,TMAX,178,,,a,
ASN00092045,20040308,TMAX,167,,,a,
ASN00092045,20040309,TMAX,202,,,a,
ASN00092045,20040310,TMAX,182,,,a,
ASN00092045,20040311,TMAX,209,,,a,
ASN00092045,20040312,TMAX,234,,,a,
ASN00092045,20040313,TMAX,218,,,a,
ASN00092045,20040314,TMAX,195,,,a,
ASN00092045,20040315,TMAX,222,,,a,
ASN00092045,20040316,TMAX,192,,,a,
ASN00092045,20040317,TMAX,200,,,a,
ASN00092045,20040318,TMAX,225,,,a,
ASN00092045,20040319,TMAX,213,,,a,
ASN00092045,20040320,TMAX,214,,,a,
ASN00092045,20040321,TMAX,204,,,a,
ASN00092045,20040322,TMAX,209,,,a,
ASN00092045,20040323,TMAX,198,,,a,
ASN00092045,20040324,TMAX,207,,,a,
ASN00092045,20040325,TMAX,233,,,a,
ASN00092045,20040326,TMAX,206,,,a,
ASN00092045,20040327,TMAX,190,,,a,
ASN00092045,20040328,TMAX,221,,,a,
ASN00092045,20040329,TMAX,214,,,a,
ASN00092045,20040330,TMAX,215,,,a,
ASN00092045,20040331,TMAX,191,,,a,
ASN00092045,20040301,TMIN,76,,,a,
ASN00092045,20040302,TMIN,124,,,a,
ASN00092045,20040303,TMIN,162,,,a,
ASN00092045,20040304,TMIN,173,,,a,
ASN00092045,20040305,TMIN,140,,,a,
ASN00092045,20040306,TMIN,157,,,a,
ASN00092045,20040307,TMIN,156,,,a,
ASN00092045,20040308,TMIN,150,,,a,
ASN00092045,20040309,TMIN,145,,,a,
ASN00092045,20040310,TMIN,66,,,a,
ASN00092045,20040311,TMIN,103,,,a,
ASN00092045,20040312,TMIN,144,,,a,
ASN00092045,20040313,TMIN,114,,,a,
ASN00092045,20040314,TMIN,120,,,a,
ASN00092045,20040315,TMIN,114,,,a,
ASN00092045,20040316,TMIN,127,,,a,
ASN00092045,20040317,TMIN,105,,,a,
ASN00092045,20040318,TMIN,93,,,a,
ASN00092045,20040319,TMIN,129,,,a,
ASN00092045,20040320,TMIN,126,,,a,
ASN00092045,20040321,TMIN,128,,,a,
ASN00092045,20040322,TMIN,109,,,a,
ASN00092045,20040323,TMIN,112,,,a,
ASN00092045,20040324,TMIN,128,,,a,
ASN00092045,20040325,TMIN,135,,,a,
ASN00092045,20040326,TMIN,116,,,a,
ASN00092045,20040327,TMIN,101,,,a,
ASN00092045,20040328,TMIN,147,,,a,
ASN00092045,20040329,TMIN,176,,,a,
ASN00092045,20040330,TMIN,119,,,a,
ASN00092045,20040331,TMIN,142,,,a,
ASN00092045,20040301,PRCP,2,,,a,
ASN00092045,20040302,PRCP,0,,,a,
ASN00092045,20040303,PRCP,0,,,a,
ASN00092045,20040304,PRCP,0,,,a,
ASN00092045,20040305,PRCP,0,,,a,
ASN00092045,20040306,PRCP,0,,,a,
ASN00092045,20040307,PRCP,0,,,a,
ASN00092045,20040308,PRCP,0,,,a,
ASN00092045,20040309,PRCP,76,,,a,
ASN00092045,20040310,PRCP,6,,,a,
ASN00092045,20040311,PRCP,0,,,a,
ASN00092045,20040312,PRCP,0,,,a,
ASN00092045,20040313,PRCP,0,,,a,
ASN00092045,20040314,PRCP,0,,,a,
ASN00092045,20040315,PRCP,0,,,a,
ASN00092045,20040316,PRCP,0,,,a,
ASN00092045,20040317,PRCP,2,,,a,
ASN00092045,20040318,PRCP,0,,,a,
ASN00092045,20040319,PRCP,2,,,a,
ASN00092045,20040320,PRCP,0,,,a,
ASN00092045,20040321,PRCP,0,,,a,
ASN00092045,20040322,PRCP,0,,,a,
ASN00092045,20040323,PRCP,0,,,a,
ASN00092045,20040324,PRCP,2,,,a,
ASN00092045,20040325,PRCP,0,,,a,
ASN00092045,20040326,PRCP,0,,,a,
ASN00092045,20040327,PRCP,0,,,a,
ASN00092045,20040328,PRCP,0,,,a,
ASN00092045,20040329,PRCP,0,,,a,
ASN00092045,20040330,PRCP,138,,,a,
ASN00092045,20040331,PRCP,0,,,a,
ASN00092045,20040301,TAVG,152,H,,S,
ASN00092045,20040302,TAVG,181,H,,S,
ASN00092045,20040303,TAVG,192,H,,S,
ASN00092045,20040304,TAVG,187,H,,S,
ASN00092045,20040305,TAVG,177,H,,S,
ASN00092045,20040306,TAVG,179,H,,S,
ASN00092045,20040307,TAVG,160,H,,S,
ASN00092045,20040308,TAVG,157,H,,S,
ASN00092045,20040309,TAVG,133,H,,S,
ASN00092045,20040310,TAVG,138,H,,S,
ASN00092045,20040311,TAVG,168,H,,S,
ASN00092045,20040312,TAVG,165,H,,S,
ASN00092045,20040313,TAVG,162,H,,S,
ASN00092045,20040314,TAVG,151,H,,S,
ASN00092045,20040315,TAVG,162,H,,S,
ASN00092045,20040316,TAVG,145,H,,S,
ASN00092045,20040317,TAVG,143,H,,S,
ASN00092045,20040318,TAVG,167,H,,S,
ASN00092045,20040319,TAVG,166,H,,S,
ASN00092045,20040320,TAVG,160,H,,S,
ASN00092045,20040321,TAVG,149,H,,S,
ASN00092045,20040322,TAVG,151,H,,S,
ASN00092045,20040323,TAVG,159,H,,S,
ASN00092045,20040324,TAVG,158,H,,S,
ASN00092045,20040325,TAVG,160,H,,S,
ASN00092045,20040326,TAVG,151,H,,S,
ASN00092045,20040327,TAVG,163,H,,S,
ASN00092045,20040328,TAVG,186,H,,S,
ASN00092045,20040329,TAVG,153,H,,S,
ASN00092045,20040330,TAVG,164,H,,S,
ASN00092045,20040331,TAVG,150,H,,S,
ASN00092045,20040401,TMAX,186,,,a,
ASN00092045,20040402,TMAX,193,,,a,
ASN00092045,20040403,TMAX,214,,,a,
ASN00092045,20040404,TMAX,170,,,a,
ASN00092045,20040405,TMAX,196,,,a,
ASN00092045,20040406,TMAX,213,,,a,
ASN00092045,20040407,TMAX,176,,,a,
ASN00092045,20040408,TMAX,189,,,a,
ASN00092045,20040409,TMAX,195,,,a,
ASN00092045,20040410,TMAX,173,,,a,
ASN00092045,20040411,TMAX,165,,,a,
ASN00092045,20040412,TMAX,187,,,a,
ASN00092045,20040413,TMAX,194,,,a,
ASN00092045,20040414,TMAX,219,,,a,
ASN00092045,20040415,TMAX,248,,,a,
ASN00092045,20040416,TMAX,211,,,a,
ASN00092045,20040417,TMAX,157,,,a,
ASN00092045,20040418,TMAX,157,,,a,
ASN00092045,20040419,TMAX,174,,,a,
ASN00092045,20040420,TMAX,176,,,a,
ASN00092045,20040421,TMAX,183,,,a,
ASN00092045,20040422,TMAX,196,,,a,
ASN00092045,20040423,TMAX,155,,,a,
ASN00092045,20040424,TMAX,154,,,a,
ASN00092045,20040425,TMAX,174,,,a,
ASN00092045,20040426,TMAX,186,,,a,
ASN00092045,20040427,TMAX,166,,,a,
ASN00092045,20040428,TMAX,171,,,a,
ASN00092045,20040429,TMAX,175,,,a,
ASN00092045,20040430,TMAX,170,,,a,
ASN00092045,20040401,TMIN,123,,,a,
ASN00092045,20040402,TMIN,98,,,a,
ASN00092045,20040403,TMIN,109,,,a,
ASN00092045,20040404,TMIN,125,,,a,
ASN00092045,20040405,TMIN,126,,,a,
ASN00092045,20040406,TMIN,152,,,a,
ASN00092045,20040407,TMIN,109,,,a,
ASN00092045,20040408,TMIN,95,,,a,
ASN00092045,20040409,TMIN,102,,,a,
ASN00092045,20040410,TMIN,117,,,a,
ASN00092045,20040411,TMIN,139,,,a,
ASN00092045,20040412,TMIN,125,,,a,
ASN00092045,20040413,TMIN,136,,,a,
ASN00092045,20040414,TMIN,138,,,a,
ASN00092045,20040415,TMIN,159,,,a,
ASN00092045,20040416,TMIN,125,,,a,
ASN00092045,20040417,TMIN,97,,,a,
ASN00092045,20040418,TMIN,93,,,a,
ASN00092045,20040419,TMIN,110,,,a,
ASN00092045,20040420,TMIN,109,,,a,
ASN00092045,20040421,TMIN,110,,,a,
ASN00092045,20040422,TMIN,125,,,a,
ASN00092045,20040423,TMIN,155,,,a,
ASN00092045,20040424,TMIN,111,,,a,
ASN00092045,20040425,TMIN,116,,,a,
ASN00092045,20040426,TMIN,115,,,a,
ASN00092045,20040427,TMIN,109,,,a,
ASN00092045,20040428,TMIN,100,,,a,
ASN00092045,20040429,TMIN,123,,,a,
ASN00092045,20040430,TMIN,124,,,a,
ASN00092045,20040401,PRCP,2,,,a,
ASN00092045,20040402,PRCP,2,,,a,
ASN00092045,20040403,PRCP,0,,,a,
ASN00092045,20040404,PRCP,0,,,a,
ASN00092045,20040405,PRCP,6,,,a,
ASN00092045,20040406,PRCP,46,,,a,
ASN00092045,20040407,PRCP,2,,,a,
ASN00092045,20040408,PRCP,0,,,a,
ASN00092045,20040409,PRCP,0,,,a,
ASN00092045,20040410,PRCP,0,,,a,
ASN00092045,20040411,PRCP,44,,,a,
ASN00092045,20040412,PRCP,54,,,a,
ASN00092045,20040413,PRCP,0,,,a,
ASN00092045,20040414,PRCP,2,,,a,
ASN00092045,20040415,PRCP,0,,,a,
ASN00092045,20040416,PRCP,0,,,a,
ASN00092045,20040417,PRCP,104,,,a,
ASN00092045,20040418,PRCP,54,,,a,
ASN00092045,20040419,PRCP,2,,,a,
ASN00092045,20040420,PRCP,0,,,a,
ASN00092045,20040421,PRCP,0,,,a,
ASN00092045,20040422,PRCP,0,,,a,
ASN00092045,20040423,PRCP,2,,,a,
ASN00092045,20040424,PRCP,66,,,a,
ASN00092045,20040425,PRCP,90,,,a,
ASN00092045,20040426,PRCP,6,,,a,
ASN00092045,20040427,PRCP,0,,,a,
ASN00092045,20040428,PRCP,16,,,a,
ASN00092045,20040429,PRCP,30,,,a,
ASN00092045,20040430,PRCP,20,,,a,
ASN00092045,20040401,TAVG,128,H,,S,
ASN00092045,20040402,TAVG,141,H,,S,
ASN00092045,20040403,TAVG,146,H,,S,
ASN00092045,20040404,TAVG,139,H,,S,
ASN00092045,20040405,TAVG,168,H,,S,
ASN00092045,20040406,TAVG,158,H,,S,
ASN00092045,20040407,TAVG,128,H,,S,
ASN00092045,20040408,TAVG,138,H,,S,
ASN00092045,20040409,TAVG,148,H,,S,
ASN00092045,20040410,TAVG,152,H,,S,
ASN00092045,20040411,TAVG,141,H,,S,
ASN00092045,20040412,TAVG,155,H,,S,
ASN00092045,20040413,TAVG,164,H,,S,
ASN00092045,20040414,TAVG,179,H,,S,
ASN00092045,20040415,TAVG,166,H,,S,
ASN00092045,20040416,TAVG,143,H,,S,
ASN00092045,20040417,TAVG,120,H,,S,
ASN00092045,20040418,TAVG,129,H,,S,
ASN00092045,20040419,TAVG,136,H,,S,
ASN00092045,20040420,TAVG,138,H,,S,
ASN00092045,20040421,TAVG,152,H,,S,
ASN00092045,20040422,TAVG,171,H,,S,
ASN00092045,20040423,TAVG,124,H,,S,
ASN00092045,20040424,TAVG,127,H,,S,
ASN00092045,20040425,TAVG,139,H,,S,
ASN00092045,20040426,TAVG,135,H,,S,
ASN00092045,20040427,TAVG,131,H,,S,
ASN00092045,20040428,TAVG,143,H,,S,
ASN00092045,20040429,TAVG,145,H,,S,
ASN00092045,20040430,TAVG,112,H,,S,
ASN00092045,20040501,TMAX,146,,,a,
ASN00092045,20040502,TMAX,151,,,a,
ASN00092045,20040503,TMAX,150,,,a,
ASN00092045,20040504,TMAX,137,,,a,
ASN00092045,20040505,TMAX,153,,,a,
ASN00092045,20040506,TMAX,174,,,a,
ASN00092045,20040507,TMAX,166,,,a,
ASN00092045,20040508,TMAX,161,,,a,
ASN00092045,20040509,TMAX,144,,,a,
ASN00092045,20040510,TMAX,144,,,a,
ASN00092045,20040511,TMAX,133,,,a,
ASN00092045,20040512,TMAX,144,,,a,
ASN00092045,20040513,TMAX,131,,,a,
ASN00092045,20040514,TMAX,156,,,a,
ASN00092045,20040515,TMAX,172,,,a,
ASN00092045,20040516,TMAX,145,,,a,
ASN00092045,20040517,TMAX,162,,,a,
ASN00092045,20040518,TMAX,149,,,a,
ASN00092045,20040519,TMAX,154,,,a,
ASN00092045,20040520,TMAX,168,,,a,
ASN00092045,20040521,TMAX,156,,,a,
ASN00092045,20040522,TMAX,158,,,a,
ASN00092045,20040523,TMAX,172,,,a,
ASN00092045,20040524,TMAX,165,,,a,
ASN00092045,20040525,TMAX,155,,,a,
ASN00092045,20040526,TMAX,144,,,a,
ASN00092045,20040527,TMAX,129,,,a,
ASN00092045,20040528,TMAX,134,,,a,
ASN00092045,20040529,TMAX,139,,,a,
ASN00092045,20040530,TMAX,161,,,a,
ASN00092045,20040531,TMAX,161,,,a,
ASN00092045,20040501,TMIN,76,,,a,
ASN00092045,20040502,TMIN,33,,,a,
ASN00092045,20040503,TMIN,48,,,a,
ASN00092045,20040504,TMIN,114,,,a,
ASN00092045,20040505,TMIN,57,,,a,
ASN00092045,20040506,TMIN,99,,,a,
ASN00092045,20040507,TMIN,80,,,a,
ASN00092045,20040508,TMIN,88,,,a,
ASN00092045,20040509,TMIN,90,,,a,
ASN00092045,20040510,TMIN,81,,,a,
ASN00092045,20040511,TMIN,104,,,a,
ASN00092045,20040512,TMIN,108,,,a,
ASN00092045,20040513,TMIN,111,,,a,
ASN00092045,20040514,TMIN,102,,,a,
ASN00092045,20040515,TMIN,79,,,a,
ASN00092045,20040516,TMIN,100,,,a,
ASN00092045,20040517,TMIN,83,,,a,
ASN00092045,20040518,TMIN,105,,,a,
ASN00092045,20040519,TMIN,71,,,a,
ASN00092045,20040520,TMIN,100,,,a,
ASN00092045,20040521,TMIN,73,,,a,
ASN00092045,20040522,TMIN,102,,,a,
ASN00092045,20040523,TMIN,121,,,a,
ASN00092045,20040524,TMIN,130,,,a,
ASN00092045,20040525,TMIN,108,,,a,
ASN00092045,20040526,TMIN,97,,,a,
ASN00092045,20040527,TMIN,55,,,a,
ASN00092045,20040528,TMIN,71,,,a,
ASN00092045,20040529,TMIN,47,,,a,
ASN00092045,20040530,TMIN,84,,,a,
ASN00092045,20040531,TMIN,129,,,a,
ASN00092045,20040502,PRCP,28,,,a,
ASN00092045,20040503,PRCP,12,,,a,
ASN00092045,20040504,PRCP,64,,,a,
ASN00092045,20040505,PRCP,0,,,a,
ASN00092045,20040506,PRCP,0,,,a,
ASN00092045,20040507,PRCP,0,,,a,
ASN00092045,20040508,PRCP,0,,,a,
ASN00092045,20040509,PRCP,0,,,a,
ASN00092045,20040510,PRCP,0,,,a,
ASN00092045,20040511,PRCP,0,,,a,
ASN00092045,20040512,PRCP,10,,,a,
ASN00092045,20040513,PRCP,48,,,a,
ASN00092045,20040514,PRCP,0,,,a,
ASN00092045,20040515,PRCP,2,,,a,
ASN00092045,20040516,PRCP,76,,,a,
ASN00092045,20040517,PRCP,6,,,a,
ASN00092045,20040518,PRCP,0,,,a,
ASN00092045,20040519,PRCP,64,,,a,
ASN00092045,20040520,PRCP,12,,,a,
ASN00092045,20040521,PRCP,2,,,a,
ASN00092045,20040522,PRCP,0,,,a,
ASN00092045,20040523,PRCP,0,,,a,
ASN00092045,20040524,PRCP,2,,,a,
ASN00092045,20040525,PRCP,6,,,a,
ASN00092045,20040526,PRCP,4,,,a,
ASN00092045,20040527,PRCP,418,,,a,
ASN00092045,20040528,PRCP,2,,,a,
ASN00092045,20040529,PRCP,0,,,a,
ASN00092045,20040530,PRCP,0,,,a,
ASN00092045,20040531,PRCP,0,,,a,
ASN00092045,20040501,TAVG,84,H,,S,
ASN00092045,20040502,TAVG,84,H,,S,
ASN00092045,20040503,TAVG,134,H,,S,
ASN00092045,20040504,TAVG,86,H,,S,
ASN00092045,20040505,TAVG,116,H,,S,
ASN00092045,20040506,TAVG,117,H,,S,
ASN00092045,20040507,TAVG,118,H,,S,
ASN00092045,20040508,TAVG,121,H,,S,
ASN00092045,20040509,TAVG,111,H,,S,
ASN00092045,20040510,TAVG,116,H,,S,
ASN00092045,20040511,TAVG,117,H,,S,
ASN00092045,20040512,TAVG,121,H,,S,
ASN00092045,20040513,TAVG,116,H,,S,
ASN00092045,20040514,TAVG,117,H,,S,
ASN00092045,20040515,TAVG,129,H,,S,
ASN00092045,20040516,TAVG,114,H,,S,
ASN00092045,20040517,TAVG,133,H,,S,
ASN00092045,20040518,TAVG,111,H,,S,
ASN00092045,20040519,TAVG,123,H,,S,
ASN00092045,20040520,TAVG,112,H,,S,
ASN00092045,20040521,TAVG,127,H,,S,
ASN00092045,20040522,TAVG,138,H,,S,
ASN00092045,20040523,TAVG,146,H,,S,
ASN00092045,20040524,TAVG,132,H,,S,
ASN00092045,20040525,TAVG,122,H,,S,
ASN00092045,20040526,TAVG,89,H,,S,
ASN00092045,20040527,TAVG,96,H,,S,
ASN00092045,20040528,TAVG,85,H,,S,
ASN00092045,20040529,TAVG,121,H,,S,
ASN00092045,20040530,TAVG,141,H,,S,
ASN00092045,20040531,TAVG,142,H,,S,
ASN00092045,20040601,TMAX,162,,,a,
ASN00092045,20040602,TMAX,133,,,a,
ASN00092045,20040603,TMAX,132,,,a,
ASN00092045,20040604,TMAX,134,,,a,
ASN00092045,20040605,TMAX,144,,,a,
ASN00092045,20040606,TMAX,136,,,a,
ASN00092045,20040607,TMAX,147,,,a,
ASN00092045,20040608,TMAX,168,,,a,
ASN00092045,20040609,TMAX,169,,,a,
ASN00092045,20040610,TMAX,152,,,a,
ASN00092045,20040611,TMAX,129,,,a,
ASN00092045,20040612,TMAX,122,,,a,
ASN00092045,20040613,TMAX,144,,,a,
ASN00092045,20040614,TMAX,148,,,a,
ASN00092045,20040615,TMAX,150,,,a,
ASN00092045,20040616,TMAX,122,,,a,
ASN00092045,20040617,TMAX,120,,,a,
ASN00092045,20040618,TMAX,135,,,a,
ASN00092045,20040619,TMAX,108,,,a,
ASN00092045,20040620,TMAX,143,,,a,
ASN00092045,20040621,TMAX,145,,,a,
ASN00092045,20040622,TMAX,154,,,a,
ASN00092045,20040623,TMAX,136,,,a,
ASN00092045,20040624,TMAX,128,,,a,
ASN00092045,20040625,TMAX,112,,,a,
ASN00092045,20040626,TMAX,143,,,a,
ASN00092045,20040627,TMAX,147,,,a,
ASN00092045,20040628,TMAX,134,,,a,
ASN00092045,20040629,TMAX,139,,,a,
ASN00092045,20040630,TMAX,134,,,a,
ASN00092045,20040601,TMIN,135,,,a,
ASN00092045,20040602,TMIN,82,,,a,
ASN00092045,20040603,TMIN,103,,,a,
ASN00092045,20040604,TMIN,41,,,a,
ASN00092045,20040605,TMIN,31,,,a,
ASN00092045,20040606,TMIN,58,,,a,
ASN00092045,20040607,TMIN,78,,,a,
ASN00092045,20040608,TMIN,102,,,a,
ASN00092045,20040609,TMIN,116,,,a,
ASN00092045,20040610,TMIN,92,,,a,
ASN00092045,20040611,TMIN,84,,,a,
ASN00092045,20040612,TMIN,65,,,a,
ASN00092045,20040613,TMIN,87,,,a,
ASN00092045,20040614,TMIN,109,,,a,
ASN00092045,20040615,TMIN,83,,,a,
ASN00092045,20040616,TMIN,81,,,a,
ASN00092045,20040617,TMIN,52,,,a,
ASN00092045,20040618,TMIN,84,,,a,
ASN00092045,20040619,TMIN,59,,,a,
ASN00092045,20040620,TMIN,21,,,a,
ASN00092045,20040621,TMIN,64,,,a,
ASN00092045,20040622,TMIN,75,,,a,
ASN00092045,20040623,TMIN,98,,,a,
ASN00092045,20040624,TMIN,96,,,a,
ASN00092045,20040625,TMIN,96,,,a,
ASN00092045,20040626,TMIN,61,,,a,
ASN00092045,20040627,TMIN,74,,,a,
ASN00092045,20040628,TMIN,115,,,a,
ASN00092045,20040629,TMIN,80,,,a,
ASN00092045,20040630,TMIN,86,,,a,
ASN00092045,20040601,PRCP,0,,,a,
ASN00092045,20040602,PRCP,12,,,a,
ASN00092045,20040603,PRCP,28,,,a,
ASN00092045,20040604,PRCP,128,,,a,
ASN00092045,20040605,PRCP,0,,,a,
ASN00092045,20040606,PRCP,0,,,a,
ASN00092045,20040607,PRCP,0,,,a,
ASN00092045,20040608,PRCP,0,,,a,
ASN00092045,20040609,PRCP,2,,,a,
ASN00092045,20040610,PRCP,150,,,a,
ASN00092045,20040611,PRCP,40,,,a,
ASN00092045,20040612,PRCP,0,,,a,
ASN00092045,20040613,PRCP,0,,,a,
ASN00092045,20040614,PRCP,132,,,a,
ASN00092045,20040615,PRCP,86,,,a,
ASN00092045,20040616,PRCP,4,,,a,
ASN00092045,20040617,PRCP,0,,,a,
ASN00092045,20040618,PRCP,44,,,a,
ASN00092045,20040619,PRCP,52,,,a,
ASN00092045,20040620,PRCP,0,,,a,
ASN00092045,20040621,PRCP,0,,,a,
ASN00092045,20040622,PRCP,0,,,a,
ASN00092045,20040623,PRCP,0,,,a,
ASN00092045,20040624,PRCP,12,,,a,
ASN00092045,20040625,PRCP,46,,,a,
ASN00092045,20040626,PRCP,52,,,a,
ASN00092045,20040627,PRCP,0,,,a,
ASN00092045,20040628,PRCP,0,,,a,
ASN00092045,20040629,PRCP,40,,,a,
ASN00092045,20040630,PRCP,50,,,a,
ASN00092045,20040601,TAVG,114,H,,S,
ASN00092045,20040602,TAVG,116,H,,S,
ASN00092045,20040603,TAVG,80,H,,S,
ASN00092045,20040604,TAVG,77,H,,S,
ASN00092045,20040605,TAVG,92,H,,S,
ASN00092045,20040606,TAVG,112,H,,S,
ASN00092045,20040607,TAVG,126,H,,S,
ASN00092045,20040608,TAVG,135,H,,S,
ASN00092045,20040609,TAVG,130,H,,S,
ASN00092045,20040610,TAVG,104,H,,S,
ASN00092045,20040611,TAVG,101,H,,S,
ASN00092045,20040612,TAVG,111,H,,S,
ASN00092045,20040613,TAVG,126,H,,S,
ASN00092045,20040614,TAVG,111,H,,S,
ASN00092045,20040615,TAVG,107,H,,S,
ASN00092045,20040616,TAVG,88,H,,S,
ASN00092045,20040617,TAVG,109,H,,S,
ASN00092045,20040618,TAVG,96,H,,S,
ASN00092045,20040619,TAVG,61,H,,S,
ASN00092045,20040620,TAVG,100,H,,S,
ASN00092045,20040621,TAVG,101,H,,S,
ASN00092045,20040622,TAVG,120,H,,S,
ASN00092045,20040623,TAVG,113,H,,S,
ASN00092045,20040624,TAVG,110,H,,S,
ASN00092045,20040625,TAVG,86,H,,S,
ASN00092045,20040626,TAVG,103,H,,S,
ASN00092045,20040627,TAVG,127,H,,S,
ASN00092045,20040628,TAVG,104,H,,S,
ASN00092045,20040629,TAVG,121,H,,S,
ASN00092045,20040630,TAVG,79,H,,S,
ASN00092045,20040701,TMAX,131,,,a,
ASN00092045,20040702,TMAX,132,,,a,
ASN00092045,20040703,TMAX,135,,,a,
ASN00092045,20040704,TMAX,134,,,a,
ASN00092045,20040705,TMAX,117,,,a,
ASN00092045,20040706,TMAX,120,,,a,
ASN00092045,20040707,TMAX,109,,,a,
ASN00092045,20040708,TMAX,120,,,a,
ASN00092045,20040709,TMAX,141,,,a,
ASN00092045,20040710,TMAX,153,,,a,
ASN00092045,20040711,TMAX,142,,,a,
ASN00092045,20040712,TMAX,148,,,a,
ASN00092045,20040713,TMAX,144,,,a,
ASN00092045,20040714,TMAX,134,,,a,
ASN00092045,20040715,TMAX,137,,,a,
ASN00092045,20040716,TMAX,131,,,a,
ASN00092045,20040717,TMAX,97,,,a,
ASN00092045,20040718,TMAX,111,,,a,
ASN00092045,20040719,TMAX,128,,,a,
ASN00092045,20040720,TMAX,156,,,a,
ASN00092045,20040721,TMAX,155,,,a,
ASN00092045,20040722,TMAX,133,,,a,
ASN00092045,20040723,TMAX,138,,,a,
ASN00092045,20040724,TMAX,120,,,a,
ASN00092045,20040725,TMAX,125,,,a,
ASN00092045,20040726,TMAX,148,,,a,
ASN00092045,20040727,TMAX,124,,,a,
ASN00092045,20040728,TMAX,119,,,a,
ASN00092045,20040729,TMAX,131,,,a,
ASN00092045,20040730,TMAX,143,,,a,
ASN00092045,20040731,TMAX,113,,,a,
ASN00092045,20040701,TMIN,60,,,a,
ASN00092045,20040702,TMIN,72,,,a,
ASN00092045,20040703,TMIN,64,,,a,
ASN00092045,20040704,TMIN,102,,,a,
ASN00092045,20040705,TMIN,77,,,a,
ASN00092045,20040706,TMIN,36,,,a,
ASN00092045,20040707,TMIN,53,,,a,
ASN00092045,20040708,TMIN,61,,,a,
ASN00092045,20040709,TMIN,74,,,a,
ASN00092045,20040710,TMIN,100,,,a,
ASN00092045,20040711,TMIN,96,,,a,
ASN00092045,20040712,TMIN,85,,,a,
ASN00092045,20040713,TMIN,60,,,a,
ASN00092045,20040714,TMIN,82,,,a,
ASN00092045,20040715,TMIN,69,,,a,
ASN00092045,20040716,TMIN,93,,,a,
ASN00092045,20040717,TMIN,60,,,a,
ASN00092045,20040718,TMIN,36,,,a,
ASN00092045,20040719,TMIN,38,,,a,
ASN00092045,20040720,TMIN,40,,,a,
ASN00092045,20040721,TMIN,65,,,a,
ASN00092045,20040722,TMIN,83,,,a,
ASN00092045,20040723,TMIN,82,,,a,
ASN00092045,20040724,TMIN,80,,,a,
ASN00092045,20040725,TMIN,92,,,a,
ASN00092045,20040726,TMIN,84,,,a,
ASN00092045,20040727,TMIN,28,,,a,
ASN00092045,20040728,TMIN,44,,,a,
ASN00092045,20040729,TMIN,32,,,a,
ASN00092045,20040730,TMIN,52,,,a,
ASN00092045,20040731,TMIN,88,,,a,
ASN00092045,20040701,PRCP,148,,,a,
ASN00092045,20040702,PRCP,88,,,a,
ASN00092045,20040703,PRCP,8,,,a,
ASN00092045,20040704,PRCP,14,,,a,
ASN00092045,20040705,PRCP,58,,,a,
ASN00092045,20040706,PRCP,0,,,a,
ASN00092045,20040707,PRCP,28,,,a,
ASN00092045,20040708,PRCP,26,,,a,
ASN00092045,20040709,PRCP,2,,,a,
ASN00092045,20040710,PRCP,8,,,a,
ASN00092045,20040711,PRCP,10,,,a,
ASN00092045,20040712,PRCP,2,,,a,
ASN00092045,20040713,PRCP,4,,,a,
ASN00092045,20040714,PRCP,2,,,a,
ASN00092045,20040715,PRCP,2,,,a,
ASN00092045,20040716,PRCP,6,,,a,
ASN00092045,20040717,PRCP,82,,,a,
ASN00092045,20040718,PRCP,0,,,a,
ASN00092045,20040719,PRCP,0,,,a,
ASN00092045,20040720,PRCP,0,,,a,
ASN00092045,20040721,PRCP,0,,,a,
ASN00092045,20040722,PRCP,0,,,a,
ASN00092045,20040723,PRCP,8,,,a,
ASN00092045,20040724,PRCP,30,,,a,
ASN00092045,20040725,PRCP,18,,,a,
ASN00092045,20040726,PRCP,26,,,a,
ASN00092045,20040727,PRCP,0,,,a,
ASN00092045,20040728,PRCP,8,,,a,
ASN00092045,20040729,PRCP,0,,,a,
ASN00092045,20040730,PRCP,2,,,a,
ASN00092045,20040731,PRCP,0,,,a,
ASN00092045,20040701,TAVG,102,H,,S,
ASN00092045,20040702,TAVG,102,H,,S,
ASN00092045,20040703,TAVG,118,H,,S,
ASN00092045,20040704,TAVG,107,H,,S,
ASN00092045,20040705,TAVG,70,H,,S,
ASN00092045,20040706,TAVG,81,H,,S,
ASN00092045,20040707,TAVG,85,H,,S,
ASN00092045,20040708,TAVG,95,H,,S,
ASN00092045,20040709,TAVG,124,H,,S,
ASN00092045,20040710,TAVG,122,H,,S,
ASN00092045,20040711,TAVG,106,H,,S,
ASN00092045,20040712,TAVG,102,H,,S,
ASN00092045,20040713,TAVG,105,H,,S,
ASN00092045,20040714,TAVG,92,H,,S,
ASN00092045,20040715,TAVG,111,H,,S,
ASN00092045,20040716,TAVG,89,H,,S,
ASN00092045,20040717,TAVG,68,H,,S,
ASN00092045,20040718,TAVG,69,H,,S,
ASN00092045,20040719,TAVG,76,H,,S,
ASN00092045,20040720,TAVG,96,H,,S,
ASN00092045,20040721,TAVG,112,H,,S,
ASN00092045,20040722,TAVG,103,H,,S,
ASN00092045,20040723,TAVG,99,H,,S,
ASN00092045,20040724,TAVG,108,H,,S,
ASN00092045,20040725,TAVG,108,H,,S,
ASN00092045,20040726,TAVG,79,H,,S,
ASN00092045,20040727,TAVG,88,H,,S,
ASN00092045,20040728,TAVG,73,H,,S,
ASN00092045,20040729,TAVG,79,H,,S,
ASN00092045,20040730,TAVG,104,H,,S,
ASN00092045,20040731,TAVG,83,H,,S,
ASN00092045,20040801,TMAX,114,,,a,
ASN00092045,20040802,TMAX,123,,,a,
ASN00092045,20040803,TMAX,141,,,a,
ASN00092045,20040804,TMAX,157,,,a,
ASN00092045,20040805,TMAX,129,,,a,
ASN00092045,20040806,TMAX,142,,,a,
ASN00092045,20040807,TMAX,171,,,a,
ASN00092045,20040808,TMAX,136,,,a,
ASN00092045,20040809,TMAX,120,,,a,
ASN00092045,20040810,TMAX,136,,,a,
ASN00092045,20040811,TMAX,139,,,a,
ASN00092045,20040812,TMAX,148,,,a,
ASN00092045,20040813,TMAX,132,,,a,
ASN00092045,20040814,TMAX,97,,,a,
ASN00092045,20040815,TMAX,111,,,a,
ASN00092045,20040816,TMAX,132,,,a,
ASN00092045,20040817,TMAX,141,,,a,
ASN00092045,20040818,TMAX,148,,,a,
ASN00092045,20040819,TMAX,143,,,a,
ASN00092045,20040820,TMAX,149,,,a,
ASN00092045,20040821,TMAX,148,,,a,
ASN00092045,20040822,TMAX,134,,,a,
ASN00092045,20040823,TMAX,142,,,a,
ASN00092045,20040824,TMAX,164,,,a,
ASN00092045,20040825,TMAX,173,,,a,
ASN00092045,20040826,TMAX,161,,,a,
ASN00092045,20040827,TMAX,172,,,a,
ASN00092045,20040828,TMAX,165,,,a,
ASN00092045,20040829,TMAX,176,,,a,
ASN00092045,20040830,TMAX,97,,,a,
ASN00092045,20040831,TMAX,137,,,a,
ASN00092045,20040801,TMIN,63,,,a,
ASN00092045,20040802,TMIN,49,,,a,
ASN00092045,20040803,TMIN,78,,,a,
ASN00092045,20040804,TMIN,69,,,a,
ASN00092045,20040805,TMIN,64,,,a,
ASN00092045,20040806,TMIN,42,,,a,
ASN00092045,20040807,TMIN,69,,,a,
ASN00092045,20040808,TMIN,54,,,a,
ASN00092045,20040809,TMIN,41,,,a,
ASN00092045,20040810,TMIN,72,,,a,
ASN00092045,20040811,TMIN,99,,,a,
ASN00092045,20040812,TMIN,98,,,a,
ASN00092045,20040813,TMIN,96,,,a,
ASN00092045,20040814,TMIN,83,,,a,
ASN00092045,20040815,TMIN,40,,,a,
ASN00092045,20040816,TMIN,42,,,a,
ASN00092045,20040817,TMIN,44,,,a,
ASN00092045,20040818,TMIN,55,,,a,
ASN00092045,20040819,TMIN,56,,,a,
ASN00092045,20040820,TMIN,82,,,a,
ASN00092045,20040821,TMIN,106,,,a,
ASN00092045,20040822,TMIN,50,,,a,
ASN00092045,20040823,TMIN,52,,,a,
ASN00092045,20040824,TMIN,80,,,a,
ASN00092045,20040825,TMIN,84,,,a,
ASN00092045,20040826,TMIN,103,,,a,
ASN00092045,20040827,TMIN,87,,,a,
ASN00092045,20040828,TMIN,66,,,a,
ASN00092045,20040829,TMIN,78,,,a,
ASN00092045,20040830,TMIN,90,,,a,
ASN00092045,20040831,TMIN,19,,,a,
ASN00092045,20040801,PRCP,2,,,a,
ASN00092045,20040802,PRCP,2,,,a,
ASN00092045,20040803,PRCP,42,,,a,
ASN00092045,20040804,PRCP,88,,,a,
ASN00092045,20040805,PRCP,4,,,a,
ASN00092045,20040806,PRCP,0,,,a,
ASN00092045,20040807,PRCP,0,,,a,
ASN00092045,20040808,PRCP,0,,,a,
ASN00092045,20040809,PRCP,4,,,a,
ASN00092045,20040810,PRCP,0,,,a,
ASN00092045,20040811,PRCP,0,,,a,
ASN00092045,20040812,PRCP,0,,,a,
ASN00092045,20040813,PRCP,20,,,a,
ASN00092045,20040814,PRCP,226,,,a,
ASN00092045,20040815,PRCP,6,,,a,
ASN00092045,20040816,PRCP,0,,,a,
ASN00092045,20040817,PRCP,0,,,a,
ASN00092045,20040818,PRCP,0,,,a,
ASN00092045,20040819,PRCP,2,,,a,
ASN00092045,20040820,PRCP,2,,,a,
ASN00092045,20040821,PRCP,16,,,a,
ASN00092045,20040822,PRCP,0,,,a,
ASN00092045,20040823,PRCP,0,,,a,
ASN00092045,20040824,PRCP,8,,,a,
ASN00092045,20040825,PRCP,2,,,a,
ASN00092045,20040826,PRCP,0,,,a,
ASN00092045,20040827,PRCP,4,,,a,
ASN00092045,20040828,PRCP,2,,,a,
ASN00092045,20040829,PRCP,2,,,a,
ASN00092045,20040830,PRCP,0,,,a,
ASN00092045,20040831,PRCP,0,,,a,
ASN00092045,20040801,TAVG,76,H,,S,
ASN00092045,20040802,TAVG,103,H,,S,
ASN00092045,20040803,TAVG,93,H,,S,
ASN00092045,20040804,TAVG,102,H,,S,
ASN00092045,20040805,TAVG,77,H,,S,
ASN00092045,20040806,TAVG,95,H,,S,
ASN00092045,20040807,TAVG,93,H,,S,
ASN00092045,20040808,TAVG,86,H,,S,
ASN00092045,20040809,TAVG,99,H,,S,
ASN00092045,20040810,TAVG,112,H,,S,
ASN00092045,20040811,TAVG,115,H,,S,
ASN00092045,20040812,TAVG,118,H,,S,
ASN00092045,20040813,TAVG,100,H,,S,
ASN00092045,20040814,TAVG,71,H,,S,
ASN00092045,20040815,TAVG,74,H,,S,
ASN00092045,20040816,TAVG,77,H,,S,
ASN00092045,20040817,TAVG,93,H,,S,
ASN00092045,20040818,TAVG,90,H,,S,
ASN00092045,20040819,TAVG,108,H,,S,
ASN00092045,20040820,TAVG,121,H,,S,
ASN00092045,20040821,TAVG,96,H,,S,
ASN00092045,20040822,TAVG,89,H,,S,
ASN00092045,20040823,TAVG,103,H,,S,
ASN00092045,20040824,TAVG,111,H,,S,
ASN00092045,20040825,TAVG,125,H,,S,
ASN00092045,20040826,TAVG,121,H,,S,
ASN00092045,20040827,TAVG,110,H,,S,
ASN00092045,20040828,TAVG,114,H,,S,
ASN00092045,20040829,TAVG,125,H,,S,
ASN00092045,20040830,TAVG,66,H,,S,
ASN00092045,20040831,TAVG,86,H,,S,
ASN00092045,20040901,TMAX,152,,,a,
ASN00092045,20040902,TMAX,146,,,a,
ASN00092045,20040903,TMAX,156,,,a,
ASN00092045,20040904,TMAX,146,,,a,
ASN00092045,20040905,TMAX,151,,,a,
ASN00092045,20040906,TMAX,163,,,a,
ASN00092045,20040907,TMAX,179,,,a,
ASN00092045,20040908,TMAX,156,,,a,
ASN00092045,20040909,TMAX,160,,,a,
ASN00092045,20040910,TMAX,156,,,a,
ASN00092045,20040911,TMAX,147,,,a,
ASN00092045,20040912,TMAX,139,,,a,
ASN00092045,20040913,TMAX,169,,,a,
ASN00092045,20040914,TMAX,159,,,a,
ASN00092045,20040915,TMAX,156,,,a,
ASN00092045,20040916,TMAX,144,,,a,
ASN00092045,20040917,TMAX,153,,,a,
ASN00092045,20040918,TMAX,182,,,a,
ASN00092045,20040919,TMAX,159,,,a,
ASN00092045,20040920,TMAX,169,,,a,
ASN00092045,20040921,TMAX,177,,,a,
ASN00092045,20040922,TMAX,199,,,a,
ASN00092045,20040923,TMAX,159,,,a,
ASN00092045,20040924,TMAX,172,,,a,
ASN00092045,20040925,TMAX,178,,,a,
ASN00092045,20040926,TMAX,143,,,a,
ASN00092045,20040927,TMAX,176,,,a,
ASN00092045,20040928,TMAX,147,,,a,
ASN00092045,20040929,TMAX,175,,,a,
ASN00092045,20040930,TMAX,160,,,a,
ASN00092045,20040901,TMIN,50,,,a,
ASN00092045,20040902,TMIN,67,,,a,
ASN00092045,20040903,TMIN,68,,,a,
ASN00092045,20040904,TMIN,58,,,a,
ASN00092045,20040905,TMIN,61,,,a,
ASN00092045,20040906,TMIN,74,,,a,
ASN00092045,20040907,TMIN,87,,,a,
ASN00092045,20040908,TMIN,111,,,a,
ASN00092045,20040909,TMIN,111,,,a,
ASN00092045,20040910,TMIN,97,,,a,
ASN00092045,20040911,TMIN,76,,,a,
ASN00092045,20040912,TMIN,12,,,a,
ASN00092045,20040913,TMIN,79,,,a,
ASN00092045,20040914,TMIN,80,,,a,
ASN00092045,20040915,TMIN,99,,,a,
ASN00092045,20040916,TMIN,66,,,a,
ASN00092045,20040917,TMIN,97,,,a,
ASN00092045,20040918,TMIN,76,,,a,
ASN00092045,20040919,TMIN,93,,,a,
ASN00092045,20040920,TMIN,76,,,a,
ASN00092045,20040921,TMIN,89,,,a,
ASN00092045,20040922,TMIN,104,,,a,
ASN00092045,20040923,TMIN,78,,,a,
ASN00092045,20040924,TMIN,72,,,a,
ASN00092045,20040925,TMIN,100,,,a,
ASN00092045,20040926,TMIN,104,,,a,
ASN00092045,20040927,TMIN,100,,,a,
ASN00092045,20040928,TMIN,74,,,a,
ASN00092045,20040929,TMIN,86,,,a,
ASN00092045,20040930,TMIN,53,,,a,
ASN00092045,20040901,PRCP,0,,,a,
ASN00092045,20040902,PRCP,0,,,a,
ASN00092045,20040903,PRCP,4,,,a,
ASN00092045,20040904,PRCP,0,,,a,
ASN00092045,20040905,PRCP,0,,,a,
ASN00092045,20040906,PRCP,0,,,a,
ASN00092045,20040907,PRCP,10,,,a,
ASN00092045,20040908,PRCP,12,,,a,
ASN00092045,20040909,PRCP,4,,,a,
ASN00092045,20040910,PRCP,8,,,a,
ASN00092045,20040911,PRCP,0,,,a,
ASN00092045,20040912,PRCP,88,,,a,
ASN00092045,20040913,PRCP,0,,,a,
ASN00092045,20040914,PRCP,0,,,a,
ASN00092045,20040915,PRCP,4,,,a,
ASN00092045,20040916,PRCP,0,,,a,
ASN00092045,20040917,PRCP,0,,,a,
ASN00092045,20040918,PRCP,0,,,a,
ASN00092045,20040919,PRCP,0,,,a,
ASN00092045,20040920,PRCP,2,,,a,
ASN00092045,20040921,PRCP,2,,,a,
ASN00092045,20040922,PRCP,0,,,a,
ASN00092045,20040923,PRCP,34,,,a,
ASN00092045,20040924,PRCP,2,,,a,
ASN00092045,20040925,PRCP,0,,,a,
ASN00092045,20040926,PRCP,2,,,a,
ASN00092045,20040927,PRCP,170,,,a,
ASN00092045,20040928,PRCP,2,,,a,
ASN00092045,20040929,PRCP,0,,,a,
ASN00092045,20040930,PRCP,0,,,a,
ASN00092045,20040901,TAVG,101,H,,S,
ASN00092045,20040902,TAVG,102,H,,S,
ASN00092045,20040903,TAVG,100,H,,S,
ASN00092045,20040904,TAVG,97,H,,S,
ASN00092045,20040905,TAVG,111,H,,S,
ASN00092045,20040906,TAVG,113,H,,S,
ASN00092045,20040907,TAVG,135,H,,S,
ASN00092045,20040908,TAVG,123,H,,S,
ASN00092045,20040909,TAVG,121,H,,S,
ASN00092045,20040910,TAVG,113,H,,S,
ASN00092045,20040911,TAVG,69,H,,S,
ASN00092045,20040912,TAVG,111,H,,S,
ASN00092045,20040913,TAVG,117,H,,S,
ASN00092045,20040914,TAVG,121,H,,S,
ASN00092045,20040915,TAVG,98,H,,S,
ASN00092045,20040916,TAVG,114,H,,S,
ASN00092045,20040917,TAVG,111,H,,S,
ASN00092045,20040918,TAVG,122,H,,S,
ASN00092045,20040919,TAVG,112,H,,S,
ASN00092045,20040920,TAVG,121,H,,S,
ASN00092045,20040921,TAVG,137,H,,S,
ASN00092045,20040922,TAVG,125,H,,S,
ASN00092045,20040923,TAVG,108,H,,S,
ASN00092045,20040924,TAVG,129,H,,S,
ASN00092045,20040925,TAVG,130,H,,S,
ASN00092045,20040926,TAVG,119,H,,S,
ASN00092045,20040927,TAVG,111,H,,S,
ASN00092045,20040928,TAVG,114,H,,S,
ASN00092045,20040929,TAVG,118,H,,S,
ASN00092045,20040930,TAVG,119,H,,S,
ASN00092045,20041001,TMAX,164,,,a,
ASN00092045,20041002,TMAX,177,,,a,
ASN00092045,20041003,TMAX,145,,,a,
ASN00092045,20041004,TMAX,161,,,a,
ASN00092045,20041005,TMAX,177,,,a,
ASN00092045,20041006,TMAX,181,,,a,
ASN00092045,20041007,TMAX,175,,,a,
ASN00092045,20041008,TMAX,182,,,a,
ASN00092045,20041009,TMAX,181,,,a,
ASN00092045,20041010,TMAX,170,,,a,
ASN00092045,20041011,TMAX,216,,,a,
ASN00092045,20041012,TMAX,221,,,a,
ASN00092045,20041013,TMAX,177,,,a,
ASN00092045,20041014,TMAX,162,,,a,
ASN00092045,20041015,TMAX,155,,,a,
ASN00092045,20041016,TMAX,140,,,a,
ASN00092045,20041017,TMAX,152,,,a,
ASN00092045,20041018,TMAX,179,,,a,
ASN00092045,20041019,TMAX,170,,,a,
ASN00092045,20041020,TMAX,205,,,a,
ASN00092045,20041021,TMAX,198,,,a,
ASN00092045,20041022,TMAX,173,,,a,
ASN00092045,20041023,TMAX,219,,,a,
ASN00092045,20041024,TMAX,180,,,a,
ASN00092045,20041025,TMAX,179,,,a,
ASN00092045,20041026,TMAX,163,,,a,
ASN00092045,20041027,TMAX,129,,,a,
ASN00092045,20041028,TMAX,145,,,a,
ASN00092045,20041029,TMAX,164,,,a,
ASN00092045,20041030,TMAX,185,,,a,
ASN00092045,20041031,TMAX,204,,,a,
ASN00092045,20041001,TMIN,91,,,a,
ASN00092045,20041002,TMIN,110,,,a,
ASN00092045,20041003,TMIN,93,,,a,
ASN00092045,20041004,TMIN,55,,,a,
ASN00092045,20041005,TMIN,94,,,a,
ASN00092045,20041006,TMIN,66,,,a,
ASN00092045,20041007,TMIN,80,,,a,
ASN00092045,20041008,TMIN,90,,,a,
ASN00092045,20041009,TMIN,83,,,a,
ASN00092045,20041010,TMIN,87,,,a,
ASN00092045,20041011,TMIN,109,,,a,
ASN00092045,20041012,TMIN,116,,,a,
ASN00092045,20041013,TMIN,126,,,a,
ASN00092045,20041014,TMIN,96,,,a,
ASN00092045,20041015,TMIN,64,,,a,
ASN00092045,20041016,TMIN,29,,,a,
ASN00092045,20041017,TMIN,58,,,a,
ASN00092045,20041018,TMIN,70,,,a,
ASN00092045,20041019,TMIN,83,,,a,
ASN00092045,20041020,TMIN,94,,,a,
ASN00092045,20041021,TMIN,103,,,a,
ASN00092045,20041022,TMIN,130,,,a,
ASN00092045,20041023,TMIN,118,,,a,
ASN00092045,20041024,TMIN,106,,,a,
ASN00092045,20041025,TMIN,101,,,a,
ASN00092045,20041026,TMIN,92,,,a,
ASN00092045,20041027,TMIN,114,,,a,
ASN00092045,20041028,TMIN,91,,,a,
ASN00092045,20041029,TMIN,68,,,a,
ASN00092045,20041030,TMIN,119,,,a,
ASN00092045,20041031,TMIN,100,,,a,
ASN00092045,20041001,PRCP,10,,,a,
ASN00092045,20041002,PRCP,2,,,a,
ASN00092045,20041003,PRCP,8,,,a,
ASN00092045,20041004,PRCP,0,,,a,
ASN00092045,20041005,PRCP,4,,,a,
ASN00092045,20041006,PRCP,46,,,a,
ASN00092045,20041007,PRCP,2,,,a,
ASN00092045,20041008,PRCP,238,,,a,
ASN00092045,20041009,PRCP,2,,,a,
ASN00092045,20041010,PRCP,0,,,a,
ASN00092045,20041011,PRCP,0,,,a,
ASN00092045,20041012,PRCP,0,,,a,
ASN00092045,20041013,PRCP,0,,,a,
ASN00092045,20041014,PRCP,0,,,a,
ASN00092045,20041015,PRCP,2,,,a,
ASN00092045,20041016,PRCP,40,,,a,
ASN00092045,20041017,PRCP,0,,,a,
ASN00092045,20041018,PRCP,0,,,a,
ASN00092045,20041019,PRCP,0,,,a,
ASN00092045,20041020,PRCP,0,,,a,
ASN00092045,20041021,PRCP,0,,,a,
ASN00092045,20041022,PRCP,8,,,a,
ASN00092045,20041023,PRCP,58,,,a,
ASN00092045,20041024,PRCP,6,,,a,
ASN00092045,20041025,PRCP,0,,,a,
ASN00092045,20041026,PRCP,0,,,a,
ASN00092045,20041027,PRCP,170,,,a,
ASN00092045,20041028,PRCP,40,,,a,
ASN00092045,20041029,PRCP,0,,,a,
ASN00092045,20041030,PRCP,0,,,a,
ASN00092045,20041031,PRCP,0,,,a,
ASN00092045,20041001,TAVG,124,H,,S,
ASN00092045,20041002,TAVG,123,H,,S,
ASN00092045,20041003,TAVG,107,H,,S,
ASN00092045,20041004,TAVG,122,H,,S,
ASN00092045,20041005,TAVG,112,H,,S,
ASN00092045,20041006,TAVG,121,H,,S,
ASN00092045,20041007,TAVG,118,H,,S,
ASN00092045,20041008,TAVG,131,H,,S,
ASN00092045,20041009,TAVG,131,H,,S,
ASN00092045,20041010,TAVG,134,H,,S,
ASN00092045,20041011,TAVG,151,H,,S,
ASN00092045,20041012,TAVG,164,H,,S,
ASN00092045,20041013,TAVG,134,H,,S,
ASN00092045,20041014,TAVG,115,H,,S,
ASN00092045,20041015,TAVG,82,H,,S,
ASN00092045,20041016,TAVG,93,H,,S,
ASN00092045,20041017,TAVG,115,H,,S,
ASN00092045,20041018,TAVG,127,H,,S,
ASN00092045,20041019,TAVG,129,H,,S,
ASN00092045,20041020,TAVG,142,H,,S,
ASN00092045,20041021,TAVG,154,H,,S,
ASN00092045,20041022,TAVG,144,H,,S,
ASN00092045,20041023,TAVG,146,H,,S,
ASN00092045,20041024,TAVG,130,H,,S,
ASN00092045,20041025,TAVG,129,H,,S,
ASN00092045,20041026,TAVG,127,H,,S,
ASN00092045,20041027,TAVG,109,H,,S,
ASN00092045,20041028,TAVG,111,H,,S,
ASN00092045,20041029,TAVG,133,H,,S,
ASN00092045,20041030,TAVG,142,H,,S,
ASN00092045,20041031,TAVG,157,H,,S,
ASN00092045,20041101,TMAX,179,,,a,
ASN00092045,20041102,TMAX,200,,,a,
ASN00092045,20041103,TMAX,167,,,a,
ASN00092045,20041104,TMAX,174,,,a,
ASN00092045,20041105,TMAX,162,,,a,
ASN00092045,20041106,TMAX,187,,,a,
ASN00092045,20041107,TMAX,140,,,a,
ASN00092045,20041108,TMAX,165,,,a,
ASN00092045,20041109,TMAX,186,,,a,
ASN00092045,20041110,TMAX,194,,,a,
ASN00092045,20041111,TMAX,170,,,a,
ASN00092045,20041112,TMAX,203,,,a,
ASN00092045,20041113,TMAX,166,,,a,
ASN00092045,20041114,TMAX,188,,,a,
ASN00092045,20041115,TMAX,183,,,a,
ASN00092045,20041116,TMAX,186,,,a,
ASN00092045,20041117,TMAX,173,,,a,
ASN00092045,20041118,TMAX,263,,,a,
ASN00092045,20041119,TMAX,171,,,a,
ASN00092045,20041120,TMAX,181,,,a,
ASN00092045,20041121,TMAX,180,,,a,
ASN00092045,20041122,TMAX,178,,,a,
ASN00092045,20041123,TMAX,185,,,a,
ASN00092045,20041124,TMAX,184,,,a,
ASN00092045,20041125,TMAX,183,,,a,
ASN00092045,20041126,TMAX,183,,,a,
ASN00092045,20041127,TMAX,256,,,a,
ASN00092045,20041128,TMAX,238,,,a,
ASN00092045,20041129,TMAX,218,,,a,
ASN00092045,20041130,TMAX,233,,,a,
ASN00092045,20041101,TMIN,138,,,a,
ASN00092045,20041102,TMIN,111,,,a,
ASN00092045,20041103,TMIN,119,,,a,
ASN00092045,20041104,TMIN,103,,,a,
ASN00092045,20041105,TMIN,103,,,a,
ASN00092045,20041106,TMIN,102,,,a,
ASN00092045,20041107,TMIN,107,,,a,
ASN00092045,20041108,TMIN,83,,,a,
ASN00092045,20041109,TMIN,110,,,a,
ASN00092045,20041110,TMIN,119,,,a,
ASN00092045,20041111,TMIN,140,,,a,
ASN00092045,20041112,TMIN,130,,,a,
ASN00092045,20041113,TMIN,103,,,a,
ASN00092045,20041114,TMIN,83,,,a,
ASN00092045,20041115,TMIN,109,,,a,
ASN00092045,20041116,TMIN,74,,,a,
ASN00092045,20041117,TMIN,102,,,a,
ASN00092045,20041118,TMIN,122,,,a,
ASN00092045,20041119,TMIN,109,,,a,
ASN00092045,20041120,TMIN,79,,,a,
ASN00092045,20041121,TMIN,99,,,a,
ASN00092045,20041122,TMIN,74,,,a,
ASN00092045,20041123,TMIN,90,,,a,
ASN00092045,20041124,TMIN,127,,,a,
ASN00092045,20041125,TMIN,113,,,a,
ASN00092045,20041126,TMIN,132,,,a,
ASN00092045,20041127,TMIN,137,,,a,
ASN00092045,20041128,TMIN,138,,,a,
ASN00092045,20041129,TMIN,91,,,a,
ASN00092045,20041130,TMIN,138,,,a,
ASN00092045,20041101,PRCP,2,,,a,
ASN00092045,20041102,PRCP,0,,,a,
ASN00092045,20041103,PRCP,314,,,a,
ASN00092045,20041104,PRCP,12,,,a,
ASN00092045,20041105,PRCP,60,,,a,
ASN00092045,20041106,PRCP,108,,,a,
ASN00092045,20041107,PRCP,34,,,a,
ASN00092045,20041108,PRCP,60,,,a,
ASN00092045,20041109,PRCP,0,,,a,
ASN00092045,20041110,PRCP,0,,,a,
ASN00092045,20041111,PRCP,0,,,a,
ASN00092045,20041112,PRCP,22,,,a,
ASN00092045,20041113,PRCP,68,,,a,
ASN00092045,20041114,PRCP,6,,,a,
ASN00092045,20041115,PRCP,0,,,a,
ASN00092045,20041116,PRCP,0,,,a,
ASN00092045,20041117,PRCP,0,,,a,
ASN00092045,20041118,PRCP,0,,,a,
ASN00092045,20041119,PRCP,0,,,a,
ASN00092045,20041120,PRCP,2,,,a,
ASN00092045,20041121,PRCP,0,,,a,
ASN00092045,20041122,PRCP,0,,,a,
ASN00092045,20041123,PRCP,0,,,a,
ASN00092045,20041124,PRCP,0,,,a,
ASN00092045,20041125,PRCP,0,,,a,
ASN00092045,20041126,PRCP,0,,,a,
ASN00092045,20041127,PRCP,0,,,a,
ASN00092045,20041128,PRCP,0,,,a,
ASN00092045,20041129,PRCP,0,,,a,
ASN00092045,20041130,PRCP,0,,,a,
ASN00092045,20041101,TAVG,143,H,,S,
ASN00092045,20041102,TAVG,150,H,,S,
ASN00092045,20041103,TAVG,122,H,,S,
ASN00092045,20041104,TAVG,142,H,,S,
ASN00092045,20041105,TAVG,134,H,,S,
ASN00092045,20041106,TAVG,129,H,,S,
ASN00092045,20041107,TAVG,111,H,,S,
ASN00092045,20041108,TAVG,130,H,,S,
ASN00092045,20041109,TAVG,144,H,,S,
ASN00092045,20041110,TAVG,153,H,,S,
ASN00092045,20041111,TAVG,148,H,,S,
ASN00092045,20041112,TAVG,146,H,,S,
ASN00092045,20041113,TAVG,121,H,,S,
ASN00092045,20041114,TAVG,142,H,,S,
ASN00092045,20041115,TAVG,123,H,,S,
ASN00092045,20041116,TAVG,134,H,,S,
ASN00092045,20041117,TAVG,147,H,,S,
ASN00092045,20041118,TAVG,164,H,,S,
ASN00092045,20041119,TAVG,126,H,,S,
ASN00092045,20041120,TAVG,135,H,,S,
ASN00092045,20041121,TAVG,133,H,,S,
ASN00092045,20041122,TAVG,133,H,,S,
ASN00092045,20041123,TAVG,151,H,,S,
ASN00092045,20041124,TAVG,145,H,,S,
ASN00092045,20041125,TAVG,148,H,,S,
ASN00092045,20041126,TAVG,154,H,,S,
ASN00092045,20041127,TAVG,181,H,,S,
ASN00092045,20041128,TAVG,158,H,,S,
ASN00092045,20041129,TAVG,167,H,,S,
ASN00092045,20041130,TAVG,153,H,,S,
ASN00092045,20041201,TMAX,204,,,a,
ASN00092045,20041202,TMAX,204,,,a,
ASN00092045,20041203,TMAX,189,,,a,
ASN00092045,20041204,TMAX,207,,,a,
ASN00092045,20041205,TMAX,203,,,a,
ASN00092045,20041206,TMAX,192,,,a,
ASN00092045,20041207,TMAX,192,,,a,
ASN00092045,20041208,TMAX,154,,,a,
ASN00092045,20041209,TMAX,185,,,a,
ASN00092045,20041210,TMAX,195,,,a,
ASN00092045,20041211,TMAX,166,,,a,
ASN00092045,20041212,TMAX,208,,,a,
ASN00092045,20041213,TMAX,197,,,a,
ASN00092045,20041214,TMAX,164,,,a,
ASN00092045,20041215,TMAX,184,,,a,
ASN00092045,20041216,TMAX,235,,,a,
ASN00092045,20041217,TMAX,209,,,a,
ASN00092045,20041218,TMAX,211,,,a,
ASN00092045,20041219,TMAX,236,,,a,
ASN00092045,20041220,TMAX,211,,,a,
ASN00092045,20041221,TMAX,227,,,a,
ASN00092045,20041222,TMAX,226,,,a,
ASN00092045,20041223,TMAX,231,,,a,
ASN00092045,20041224,TMAX,219,,,a,
ASN00092045,20041225,TMAX,232,,,a,
ASN00092045,20041226,TMAX,206,,,a,
ASN00092045,20041227,TMAX,200,,,a,
ASN00092045,20041228,TMAX,189,,,a,
ASN00092045,20041229,TMAX,175,,,a,
ASN00092045,20041230,TMAX,196,,,a,
ASN00092045,20041231,TMAX,200,,,a,
ASN00092045,20041201,TMIN,120,,,a,
ASN00092045,20041202,TMIN,83,,,a,
ASN00092045,20041203,TMIN,92,,,a,
ASN00092045,20041204,TMIN,135,,,a,
ASN00092045,20041205,TMIN,114,,,a,
ASN00092045,20041206,TMIN,132,,,a,
ASN00092045,20041207,TMIN,149,,,a,
ASN00092045,20041208,TMIN,141,,,a,
ASN00092045,20041209,TMIN,137,,,a,
ASN00092045,20041210,TMIN,147,,,a,
ASN00092045,20041211,TMIN,155,,,a,
ASN00092045,20041212,TMIN,151,,,a,
ASN00092045,20041213,TMIN,163,,,a,
ASN00092045,20041214,TMIN,142,,,a,
ASN00092045,20041215,TMIN,110,,,a,
ASN00092045,20041216,TMIN,99,,,a,
ASN00092045,20041217,TMIN,117,,,a,
ASN00092045,20041218,TMIN,132,,,a,
ASN00092045,20041219,TMIN,168,,,a,
ASN00092045,20041220,TMIN,82,,,a,
ASN00092045,20041221,TMIN,97,,,a,
ASN00092045,20041222,TMIN,118,,,a,
ASN00092045,20041223,TMIN,148,,,a,
ASN00092045,20041224,TMIN,166,,,a,
ASN00092045,20041225,TMIN,142,,,a,
ASN00092045,20041226,TMIN,141,,,a,
ASN00092045,20041227,TMIN,109,,,a,
ASN00092045,20041228,TMIN,79,,,a,
ASN00092045,20041229,TMIN,107,,,a,
ASN00092045,20041230,TMIN,101,,,a,
ASN00092045,20041231,TMIN,132,,,a,
ASN00092045,20041201,PRCP,38,,,a,
ASN00092045,20041202,PRCP,2,,,a,
ASN00092045,20041203,PRCP,0,,,a,
ASN00092045,20041204,PRCP,0,,,a,
ASN00092045,20041205,PRCP,0,,,a,
ASN00092045,20041206,PRCP,0,,,a,
ASN00092045,20041207,PRCP,0,,,a,
ASN00092045,20041208,PRCP,4,,,a,
ASN00092045,20041209,PRCP,16,,,a,
ASN00092045,20041210,PRCP,0,,,a,
ASN00092045,20041211,PRCP,214,,,a,
ASN00092045,20041212,PRCP,198,,,a,
ASN00092045,20041213,PRCP,4,,,a,
ASN00092045,20041214,PRCP,122,,,a,
ASN00092045,20041215,PRCP,70,,,a,
ASN00092045,20041216,PRCP,0,,,a,
ASN00092045,20041217,PRCP,0,,,a,
ASN00092045,20041218,PRCP,0,,,a,
ASN00092045,20041219,PRCP,0,,,a,
ASN00092045,20041220,PRCP,0,,,a,
ASN00092045,20041221,PRCP,0,,,a,
ASN00092045,20041222,PRCP,0,,,a,
ASN00092045,20041223,PRCP,0,,,a,
ASN00092045,20041224,PRCP,0,,,a,
ASN00092045,20041225,PRCP,0,,,a,
ASN00092045,20041226,PRCP,0,,,a,
ASN00092045,20041227,PRCP,0,,,a,
ASN00092045,20041228,PRCP,40,,,a,
ASN00092045,20041229,PRCP,8,,,a,
ASN00092045,20041230,PRCP,0,,,a,
ASN00092045,20041231,PRCP,0,,,a,
ASN00092045,20041201,TAVG,134,H,,S,
ASN00092045,20041202,TAVG,149,H,,S,
ASN00092045,20041203,TAVG,154,H,,S,
ASN00092045,20041204,TAVG,160,H,,S,
ASN00092045,20041205,TAVG,158,H,,S,
ASN00092045,20041206,TAVG,163,H,,S,
ASN00092045,20041207,TAVG,158,H,,S,
ASN00092045,20041208,TAVG,146,H,,S,
ASN00092045,20041209,TAVG,158,H,,S,
ASN00092045,20041210,TAVG,167,H,,S,
ASN00092045,20041211,TAVG,156,H,,S,
ASN00092045,20041212,TAVG,177,H,,S,
ASN00092045,20041213,TAVG,153,H,,S,
ASN00092045,20041214,TAVG,138,H,,S,
ASN00092045,20041215,TAVG,146,H,,S,
ASN00092045,20041216,TAVG,167,H,,S,
ASN00092045,20041217,TAVG,166,H,,S,
ASN00092045,20041218,TAVG,183,H,,S,
ASN00092045,20041219,TAVG,149,H,,S,
ASN00092045,20041220,TAVG,146,H,,S,
ASN00092045,20041221,TAVG,171,H,,S,
ASN00092045,20041222,TAVG,172,H,,S,
ASN00092045,20041223,TAVG,187,H,,S,
ASN00092045,20041224,TAVG,166,H,,S,
ASN00092045,20041225,TAVG,169,H,,S,
ASN00092045,20041226,TAVG,153,H,,S,
ASN00092045,20041227,TAVG,123,H,,S,
ASN00092045,20041228,TAVG,141,H,,S,
ASN00092045,20041229,TAVG,142,H,,S,
ASN00092045,20041230,TAVG,154,H,,S,
ASN00092045,20041231,TAVG,171,H,,S,
ASN00092045,20050101,TMAX,224,,,a,
ASN00092045,20050102,TMAX,206,,,a,
ASN00092045,20050103,TMAX,211,,,a,
ASN00092045,20050104,TMAX,175,,,a,
ASN00092045,20050105,TMAX,199,,,a,
ASN00092045,20050106,TMAX,193,,,a,
ASN00092045,20050107,TMAX,207,,,a,
ASN00092045,20050108,TMAX,188,,,a,
ASN00092045,20050109,TMAX,191,,,a,
ASN00092045,20050110,TMAX,185,,,a,
ASN00092045,20050111,TMAX,211,,,a,
ASN00092045,20050112,TMAX,215,,,a,
ASN00092045,20050113,TMAX,217,,,a,
ASN00092045,20050114,TMAX,234,,,a,
ASN00092045,20050115,TMAX,202,,,a,
ASN00092045,20050116,TMAX,197,,,a,
ASN00092045,20050117,TMAX,220,,,a,
ASN00092045,20050120,TMAX,205,,,a,
ASN00092045,20050121,TMAX,237,,,a,
ASN00092045,20050122,TMAX,222,,,a,
ASN00092045,20050123,TMAX,233,,,a,
ASN00092045,20050124,TMAX,228,,,a,
ASN00092045,20050125,TMAX,250,,,a,
ASN00092045,20050126,TMAX,222,,,a,
ASN00092045,20050127,TMAX,199,,,a,
ASN00092045,20050128,TMAX,236,,,a,
ASN00092045,20050129,TMAX,212,,,a,
ASN00092045,20050130,TMAX,230,,,a,
ASN00092045,20050131,TMAX,235,,,a,
ASN00092045,20050101,TMIN,146,,,a,
ASN00092045,20050102,TMIN,98,,,a,
ASN00092045,20050103,TMIN,115,,,a,
ASN00092045,20050104,TMIN,135,,,a,
ASN00092045,20050105,TMIN,128,,,a,
ASN00092045,20050106,TMIN,116,,,a,
ASN00092045,20050107,TMIN,106,,,a,
ASN00092045,20050108,TMIN,120,,,a,
ASN00092045,20050109,TMIN,134,,,a,
ASN00092045,20050110,TMIN,139,,,a,
ASN00092045,20050111,TMIN,150,,,a,
ASN00092045,20050112,TMIN,160,,,a,
ASN00092045,20050113,TMIN,140,,,a,
ASN00092045,20050114,TMIN,157,,,a,
ASN00092045,20050115,TMIN,115,,,a,
ASN00092045,20050116,TMIN,118,,,a,
ASN00092045,20050117,TMIN,93,,,a,
ASN00092045,20050118,TMIN,140,,,a,
ASN00092045,20050121,TMIN,151,,,a,
ASN00092045,20050122,TMIN,125,,,a,
ASN00092045,20050123,TMIN,114,,,a,
ASN00092045,20050124,TMIN,124,,,a,
ASN00092045,20050125,TMIN,156,,,a,
ASN00092045,20050126,TMIN,183,,,a,
ASN00092045,20050127,TMIN,173,,,a,
ASN00092045,20050128,TMIN,164,,,a,
ASN00092045,20050129,TMIN,172,,,a,
ASN00092045,20050130,TMIN,124,,,a,
ASN00092045,20050131,TMIN,139,,,a,
ASN00092045,20050101,PRCP,0,,,a,
ASN00092045,20050102,PRCP,0,,,a,
ASN00092045,20050103,PRCP,0,,,a,
ASN00092045,20050104,PRCP,0,,,a,
ASN00092045,20050105,PRCP,376,,,a,
ASN00092045,20050106,PRCP,6,,,a,
ASN00092045,20050107,PRCP,4,,,a,
ASN00092045,20050108,PRCP,2,,,a,
ASN00092045,20050109,PRCP,0,,,a,
ASN00092045,20050110,PRCP,0,,,a,
ASN00092045,20050111,PRCP,2,,,a,
ASN00092045,20050112,PRCP,2,,,a,
ASN00092045,20050113,PRCP,0,,,a,
ASN00092045,20050114,PRCP,0,,,a,
ASN00092045,20050115,PRCP,0,,,a,
ASN00092045,20050116,PRCP,0,,,a,
ASN00092045,20050117,PRCP,0,,,a,
ASN00092045,20050118,PRCP,0,,,a,
ASN00092045,20050121,PRCP,0,,,a,
ASN00092045,20050122,PRCP,0,,,a,
ASN00092045,20050123,PRCP,0,,,a,
ASN00092045,20050124,PRCP,0,,,a,
ASN00092045,20050125,PRCP,0,,,a,
ASN00092045,20050126,PRCP,0,,,a,
ASN00092045,20050127,PRCP,0,,,a,
ASN00092045,20050129,PRCP,0,,,a,
ASN00092045,20050130,PRCP,44,,,a,
ASN00092045,20050131,PRCP,0,,,a,
ASN00092045,20050120,DATN,2,,,a,
ASN00092045,20050119,DATX,2,,,a,
ASN00092045,20050120,MDTN,149,,,a,
ASN00092045,20050119,MDTX,225,,,a,
ASN00092045,20050101,TAVG,148,H,,S,
ASN00092045,20050102,TAVG,156,H,,S,
ASN00092045,20050103,TAVG,162,H,,S,
ASN00092045,20050104,TAVG,141,H,,S,
ASN00092045,20050105,TAVG,156,H,,S,
ASN00092045,20050106,TAVG,148,H,,S,
ASN00092045,20050107,TAVG,155,H,,S,
ASN00092045,20050108,TAVG,152,H,,S,
ASN00092045,20050109,TAVG,154,H,,S,
ASN00092045,20050110,TAVG,164,H,,S,
ASN00092045,20050111,TAVG,185,H,,S,
ASN00092045,20050112,TAVG,173,H,,S,
ASN00092045,20050113,TAVG,182,H,,S,
ASN00092045,20050114,TAVG,174,H,,S,
ASN00092045,20050115,TAVG,161,H,,S,
ASN00092045,20050116,TAVG,149,H,,S,
ASN00092045,20050117,TAVG,169,H,,S,
ASN00092045,20050119,TAVG,171,H,,S,
ASN00092045,20050120,TAVG,171,H,,S,
ASN00092045,20050121,TAVG,171,H,,S,
ASN00092045,20050122,TAVG,162,H,,S,
ASN00092045,20050123,TAVG,174,H,,S,
ASN00092045,20050124,TAVG,183,H,,S,
ASN00092045,20050125,TAVG,204,H,,S,
ASN00092045,20050126,TAVG,194,H,,S,
ASN00092045,20050127,TAVG,180,H,,S,
ASN00092045,20050128,TAVG,196,H,,S,
ASN00092045,20050129,TAVG,163,H,,S,
ASN00092045,20050130,TAVG,179,H,,S,
ASN00092045,20050131,TAVG,178,H,,S,
ASN00092045,20050201,TMAX,289,,,a,
ASN00092045,20050202,TMAX,172,,,a,
ASN00092045,20050203,TMAX,202,,,a,
ASN00092045,20050204,TMAX,200,,,a,
ASN00092045,20050205,TMAX,215,,,a,
ASN00092045,20050206,TMAX,219,,,a,
ASN00092045,20050207,TMAX,213,,,a,
ASN00092045,20050208,TMAX,201,,,a,
ASN00092045,20050209,TMAX,207,,,a,
ASN00092045,20050210,TMAX,197,,,a,
ASN00092045,20050211,TMAX,192,,,a,
ASN00092045,20050212,TMAX,214,,,a,
ASN00092045,20050213,TMAX,205,,,a,
ASN00092045,20050214,TMAX,225,,,a,
ASN00092045,20050215,TMAX,212,,,a,
ASN00092045,20050216,TMAX,224,,,a,
ASN00092045,20050217,TMAX,201,,,a,
ASN00092045,20050218,TMAX,208,,,a,
ASN00092045,20050219,TMAX,247,,,a,
ASN00092045,20050220,TMAX,206,,,a,
ASN00092045,20050221,TMAX,216,,,a,
ASN00092045,20050222,TMAX,220,,,a,
ASN00092045,20050223,TMAX,230,,,a,
ASN00092045,20050224,TMAX,248,,,a,
ASN00092045,20050225,TMAX,234,,,a,
ASN00092045,20050226,TMAX,244,,,a,
ASN00092045,20050227,TMAX,189,,,a,
ASN00092045,20050228,TMAX,216,,,a,
ASN00092045,20050201,TMIN,139,,,a,
ASN00092045,20050202,TMIN,126,,,a,
ASN00092045,20050203,TMIN,122,,,a,
ASN00092045,20050204,TMIN,151,,,a,
ASN00092045,20050205,TMIN,145,,,a,
ASN00092045,20050206,TMIN,124,,,a,
ASN00092045,20050207,TMIN,119,,,a,
ASN00092045,20050208,TMIN,145,,,a,
ASN00092045,20050209,TMIN,103,,,a,
ASN00092045,20050210,TMIN,103,,,a,
ASN00092045,20050211,TMIN,129,,,a,
ASN00092045,20050212,TMIN,135,,,a,
ASN00092045,20050213,TMIN,110,,,a,
ASN00092045,20050214,TMIN,150,,,a,
ASN00092045,20050215,TMIN,154,,,a,
ASN00092045,20050216,TMIN,105,,,a,
ASN00092045,20050217,TMIN,84,,,a,
ASN00092045,20050218,TMIN,110,,,a,
ASN00092045,20050219,TMIN,151,,,a,
ASN00092045,20050220,TMIN,160,,,a,
ASN00092045,20050221,TMIN,154,,,a,
ASN00092045,20050222,TMIN,161,,,a,
ASN00092045,20050223,TMIN,151,,,a,
ASN00092045,20050224,TMIN,158,,,a,
ASN00092045,20050225,TMIN,158,,,a,
ASN00092045,20050226,TMIN,143,,,a,
ASN00092045,20050227,TMIN,142,,,a,
ASN00092045,20050228,TMIN,142,,,a,
ASN00092045,20050201,PRCP,0,,,a,
ASN00092045,20050202,PRCP,36,,,a,
ASN00092045,20050203,PRCP,688,,,a,
ASN00092045,20050204,PRCP,12,,,a,
ASN00092045,20050205,PRCP,40,,,a,
ASN00092045,20050206,PRCP,6,,,a,
ASN00092045,20050207,PRCP,2,,,a,
ASN00092045,20050208,PRCP,0,,,a,
ASN00092045,20050209,PRCP,0,,,a,
ASN00092045,20050210,PRCP,2,,,a,
ASN00092045,20050211,PRCP,0,,,a,
ASN00092045,20050212,PRCP,0,,,a,
ASN00092045,20050213,PRCP,0,,,a,
ASN00092045,20050214,PRCP,0,,,a,
ASN00092045,20050215,PRCP,0,,,a,
ASN00092045,20050216,PRCP,0,,,a,
ASN00092045,20050217,PRCP,0,,,a,
ASN00092045,20050218,PRCP,0,,,a,
ASN00092045,20050219,PRCP,4,,,a,
ASN00092045,20050220,PRCP,0,,,a,
ASN00092045,20050221,PRCP,0,,,a,
ASN00092045,20050222,PRCP,0,,,a,
ASN00092045,20050223,PRCP,0,,,a,
ASN00092045,20050224,PRCP,0,,,a,
ASN00092045,20050225,PRCP,0,,,a,
ASN00092045,20050226,PRCP,0,,,a,
ASN00092045,20050227,PRCP,0,,,a,
ASN00092045,20050228,PRCP,0,,,a,
ASN00092045,20050201,TAVG,193,H,,S,
ASN00092045,20050202,TAVG,143,H,,S,
ASN00092045,20050203,TAVG,173,H,,S,
ASN00092045,20050204,TAVG,164,H,,S,
ASN00092045,20050205,TAVG,160,H,,S,
ASN00092045,20050206,TAVG,162,H,,S,
ASN00092045,20050207,TAVG,176,H,,S,
ASN00092045,20050208,TAVG,146,H,,S,
ASN00092045,20050209,TAVG,152,H,,S,
ASN00092045,20050210,TAVG,157,H,,S,
ASN00092045,20050211,TAVG,167,H,,S,
ASN00092045,20050212,TAVG,158,H,,S,
ASN00092045,20050213,TAVG,170,H,,S,
ASN00092045,20050214,TAVG,182,H,,S,
ASN00092045,20050215,TAVG,148,H,,S,
ASN00092045,20050216,TAVG,146,H,,S,
ASN00092045,20050217,TAVG,148,H,,S,
ASN00092045,20050218,TAVG,174,H,,S,
ASN00092045,20050219,TAVG,189,H,,S,
ASN00092045,20050220,TAVG,173,H,,S,
ASN00092045,20050221,TAVG,179,H,,S,
ASN00092045,20050222,TAVG,177,H,,S,
ASN00092045,20050223,TAVG,187,H,,S,
ASN00092045,20050224,TAVG,195,H,,S,
ASN00092045,20050225,TAVG,174,H,,S,
ASN00092045,20050226,TAVG,178,H,,S,
ASN00092045,20050227,TAVG,159,H,,S,
ASN00092045,20050228,TAVG,189,H,,S,
ASN00092045,20050301,TMAX,301,,,a,
ASN00092045,20050302,TMAX,212,,,a,
ASN00092045,20050303,TMAX,198,,,a,
ASN00092045,20050304,TMAX,218,,,a,
ASN00092045,20050305,TMAX,165,,,a,
ASN00092045,20050306,TMAX,197,,,a,
ASN00092045,20050307,TMAX,216,,,a,
ASN00092045,20050308,TMAX,188,,,a,
ASN00092045,20050309,TMAX,216,,,a,
ASN00092045,20050310,TMAX,226,,,a,
ASN00092045,20050311,TMAX,218,,,a,
ASN00092045,20050312,TMAX,253,,,a,
ASN00092045,20050313,TMAX,221,,,a,
ASN00092045,20050314,TMAX,228,,,a,
ASN00092045,20050315,TMAX,227,,,a,
ASN00092045,20050316,TMAX,177,,,a,
ASN00092045,20050317,TMAX,187,,,a,
ASN00092045,20050318,TMAX,177,,,a,
ASN00092045,20050319,TMAX,187,,,a,
ASN00092045,20050320,TMAX,204,,,a,
ASN00092045,20050321,TMAX,195,,,a,
ASN00092045,20050322,TMAX,194,,,a,
ASN00092045,20050323,TMAX,189,,,a,
ASN00092045,20050324,TMAX,205,,,a,
ASN00092045,20050325,TMAX,160,,,a,
ASN00092045,20050326,TMAX,174,,,a,
ASN00092045,20050327,TMAX,209,,,a,
ASN00092045,20050328,TMAX,179,,,a,
ASN00092045,20050329,TMAX,175,,,a,
ASN00092045,20050330,TMAX,202,,,a,
ASN00092045,20050331,TMAX,205,,,a,
ASN00092045,20050301,TMIN,174,,,a,
ASN00092045,20050302,TMIN,117,,,a,
ASN00092045,20050303,TMIN,108,,,a,
ASN00092045,20050304,TMIN,128,,,a,
ASN00092045,20050305,TMIN,134,,,a,
ASN00092045,20050306,TMIN,76,,,a,
ASN00092045,20050307,TMIN,119,,,a,
ASN00092045,20050308,TMIN,106,,,a,
ASN00092045,20050309,TMIN,114,,,a,
ASN00092045,20050310,TMIN,108,,,a,
ASN00092045,20050311,TMIN,118,,,a,
ASN00092045,20050312,TMIN,124,,,a,
ASN00092045,20050313,TMIN,162,,,a,
ASN00092045,20050314,TMIN,166,,,a,
ASN00092045,20050315,TMIN,139,,,a,
ASN00092045,20050316,TMIN,136,,,a,
ASN00092045,20050317,TMIN,114,,,a,
ASN00092045,20050318,TMIN,111,,,a,
ASN00092045,20050319,TMIN,117,,,a,
ASN00092045,20050320,TMIN,119,,,a,
ASN00092045,20050321,TMIN,130,,,a,
ASN00092045,20050322,TMIN,136,,,a,
ASN00092045,20050323,TMIN,138,,,a,
ASN00092045,20050324,TMIN,118,,,a,
ASN00092045,20050325,TMIN,93,,,a,
ASN00092045,20050326,TMIN,94,,,a,
ASN00092045,20050327,TMIN,117,,,a,
ASN00092045,20050328,TMIN,120,,,a,
ASN00092045,20050329,TMIN,126,,,a,
ASN00092045,20050330,TMIN,132,,,a,
ASN00092045,20050331,TMIN,152,,,a,
ASN00092045,20050301,PRCP,0,,,a,
ASN00092045,20050302,PRCP,0,,,a,
ASN00092045,20050303,PRCP,0,,,a,
ASN00092045,20050304,PRCP,0,,,a,
ASN00092045,20050305,PRCP,32,,,a,
ASN00092045,20050306,PRCP,74,,,a,
ASN00092045,20050307,PRCP,0,,,a,
ASN00092045,20050308,PRCP,0,,,a,
ASN00092045,20050309,PRCP,0,,,a,
ASN00092045,20050310,PRCP,0,,,a,
ASN00092045,20050311,PRCP,0,,,a,
ASN00092045,20050312,PRCP,0,,,a,
ASN00092045,20050313,PRCP,0,,,a,
ASN00092045,20050314,PRCP,0,,,a,
ASN00092045,20050315,PRCP,0,,,a,
ASN00092045,20050316,PRCP,0,,,a,
ASN00092045,20050317,PRCP,0,,,a,
ASN00092045,20050318,PRCP,8,,,a,
ASN00092045,20050319,PRCP,78,,,a,
ASN00092045,20050320,PRCP,72,,,a,
ASN00092045,20050321,PRCP,44,,,a,
ASN00092045,20050322,PRCP,74,,,a,
ASN00092045,20050323,PRCP,8,,,a,
ASN00092045,20050324,PRCP,0,,,a,
ASN00092045,20050325,PRCP,0,,,a,
ASN00092045,20050326,PRCP,0,,,a,
ASN00092045,20050327,PRCP,0,,,a,
ASN00092045,20050328,PRCP,0,,,a,
ASN00092045,20050329,PRCP,0,,,a,
ASN00092045,20050330,PRCP,6,,,a,
ASN00092045,20050331,PRCP,0,,,a,
ASN00092045,20050301,TAVG,183,H,,S,
ASN00092045,20050302,TAVG,157,H,,S,
ASN00092045,20050303,TAVG,163,H,,S,
ASN00092045,20050304,TAVG,163,H,,S,
ASN00092045,20050305,TAVG,116,H,,S,
ASN00092045,20050306,TAVG,154,H,,S,
ASN00092045,20050307,TAVG,154,H,,S,
ASN00092045,20050308,TAVG,150,H,,S,
ASN00092045,20050309,TAVG,160,H,,S,
ASN00092045,20050310,TAVG,162,H,,S,
ASN00092045,20050311,TAVG,164,H,,S,
ASN00092045,20050312,TAVG,187,H,,S,
ASN00092045,20050313,TAVG,186,H,,S,
ASN00092045,20050314,TAVG,176,H,,S,
ASN00092045,20050315,TAVG,169,H,,S,
ASN00092045,20050316,TAVG,146,H,,S,
ASN00092045,20050317,TAVG,144,H,,S,
ASN00092045,20050318,TAVG,147,H,,S,
ASN00092045,20050319,TAVG,146,H,,S,
ASN00092045,20050320,TAVG,160,H,,S,
ASN00092045,20050321,TAVG,161,H,,S,
ASN00092045,20050322,TAVG,158,H,,S,
ASN00092045,20050323,TAVG,149,H,,S,
ASN00092045,20050324,TAVG,136,H,,S,
ASN00092045,20050325,TAVG,124,H,,S,
ASN00092045,20050326,TAVG,141,H,,S,
ASN00092045,20050327,TAVG,160,H,,S,
ASN00092045,20050328,TAVG,148,H,,S,
ASN00092045,20050329,TAVG,153,H,,S,
ASN00092045,20050330,TAVG,168,H,,S,
ASN00092045,20050331,TAVG,174,H,,S,
ASN00092045,20050401,TMAX,241,,,a,
ASN00092045,20050402,TMAX,262,,,a,
ASN00092045,20050403,TMAX,203,,,a,
ASN00092045,20050404,TMAX,189,,,a,
ASN00092045,20050405,TMAX,188,,,a,
ASN00092045,20050406,TMAX,202,,,a,
ASN00092045,20050408,TMAX,181,,,a,
ASN00092045,20050409,TMAX,235,,,a,
ASN00092045,20050410,TMAX,265,,,a,
ASN00092045,20050411,TMAX,220,,,a,
ASN00092045,20050412,TMAX,209,,,a,
ASN00092045,20050413,TMAX,212,,,a,
ASN00092045,20050414,TMAX,158,,,a,
ASN00092045,20050415,TMAX,173,,,a,
ASN00092045,20050416,TMAX,183,,,a,
ASN00092045,20050417,TMAX,198,,,a,
ASN00092045,20050418,TMAX,183,,,a,
ASN00092045,20050419,TMAX,183,,,a,
ASN00092045,20050420,TMAX,188,,,a,
ASN00092045,20050421,TMAX,186,,,a,
ASN00092045,20050422,TMAX,191,,,a,
ASN00092045,20050423,TMAX,172,,,a,
ASN00092045,20050424,TMAX,183,,,a,
ASN00092045,20050425,TMAX,182,,,a,
ASN00092045,20050426,TMAX,213,,,a,
ASN00092045,20050427,TMAX,198,,,a,
ASN00092045,20050428,TMAX,220,,,a,
ASN00092045,20050429,TMAX,162,,,a,
ASN00092045,20050430,TMAX,177,,,a,
ASN00092045,20050401,TMIN,152,,,a,
ASN00092045,20050402,TMIN,148,,,a,
ASN00092045,20050403,TMIN,172,,,a,
ASN00092045,20050404,TMIN,76,,,a,
ASN00092045,20050405,TMIN,103,,,a,
ASN00092045,20050406,TMIN,98,,,a,
ASN00092045,20050407,TMIN,103,,,a,
ASN00092045,20050409,TMIN,160,,,a,
ASN00092045,20050410,TMIN,172,,,a,
ASN00092045,20050411,TMIN,130,,,a,
ASN00092045,20050412,TMIN,108,,,a,
ASN00092045,20050413,TMIN,157,,,a,
ASN00092045,20050414,TMIN,138,,,a,
ASN00092045,20050415,TMIN,107,,,a,
ASN00092045,20050416,TMIN,80,,,a,
ASN00092045,20050417,TMIN,137,,,a,
ASN00092045,20050418,TMIN,139,,,a,
ASN00092045,20050419,TMIN,116,,,a,
ASN00092045,20050420,TMIN,102,,,a,
ASN00092045,20050421,TMIN,107,,,a,
ASN00092045,20050422,TMIN,108,,,a,
ASN00092045,20050423,TMIN,127,,,a,
ASN00092045,20050424,TMIN,129,,,a,
ASN00092045,20050425,TMIN,132,,,a,
ASN00092045,20050426,TMIN,111,,,a,
ASN00092045,20050427,TMIN,112,,,a,
ASN00092045,20050428,TMIN,119,,,a,
ASN00092045,20050429,TMIN,114,,,a,
ASN00092045,20050430,TMIN,95,,,a,
ASN00092045,20050401,PRCP,0,,,a,
ASN00092045,20050402,PRCP,0,,,a,
ASN00092045,20050403,PRCP,8,,,a,
ASN00092045,20050404,PRCP,72,,,a,
ASN00092045,20050405,PRCP,0,,,a,
ASN00092045,20050406,PRCP,0,,,a,
ASN00092045,20050407,PRCP,36,,,a,
ASN00092045,20050409,PRCP,10,,,a,
ASN00092045,20050410,PRCP,0,,,a,
ASN00092045,20050411,PRCP,0,,,a,
ASN00092045,20050412,PRCP,0,,,a,
ASN00092045,20050413,PRCP,0,,,a,
ASN00092045,20050414,PRCP,6,,,a,
ASN00092045,20050415,PRCP,14,,,a,
ASN00092045,20050416,PRCP,0,,,a,
ASN00092045,20050417,PRCP,0,,,a,
ASN00092045,20050418,PRCP,48,,,a,
ASN00092045,20050419,PRCP,0,,,a,
ASN00092045,20050420,PRCP,2,,,a,
ASN00092045,20050421,PRCP,0,,,a,
ASN00092045,20050422,PRCP,0,,,a,
ASN00092045,20050423,PRCP,2,,,a,
ASN00092045,20050424,PRCP,88,,,a,
ASN00092045,20050425,PRCP,2,,,a,
ASN00092045,20050426,PRCP,0,,,a,
ASN00092045,20050427,PRCP,2,,,a,
ASN00092045,20050428,PRCP,2,,,a,
ASN00092045,20050429,PRCP,8,,,a,
ASN00092045,20050430,PRCP,16,,,a,
ASN00092045,20050401,TAVG,188,H,,S,
ASN00092045,20050402,TAVG,208,H,,S,
ASN00092045,20050403,TAVG,128,H,,S,
ASN00092045,20050404,TAVG,138,H,,S,
ASN00092045,20050405,TAVG,164,H,,S,
ASN00092045,20050406,TAVG,159,H,,S,
ASN00092045,20050407,TAVG,137,H,,S,
ASN00092045,20050408,TAVG,171,H,,S,
ASN00092045,20050409,TAVG,191,H,,S,
ASN00092045,20050410,TAVG,188,H,,S,
ASN00092045,20050411,TAVG,158,H,,S,
ASN00092045,20050412,TAVG,172,H,,S,
ASN00092045,20050413,TAVG,168,H,,S,
ASN00092045,20050414,TAVG,130,H,,S,
ASN00092045,20050415,TAVG,122,H,,S,
ASN00092045,20050416,TAVG,161,H,,S,
ASN00092045,20050417,TAVG,173,H,,S,
ASN00092045,20050418,TAVG,147,H,,S,
ASN00092045,20050419,TAVG,142,H,,S,
ASN00092045,20050420,TAVG,145,H,,S,
ASN00092045,20050421,TAVG,142,H,,S,
ASN00092045,20050422,TAVG,157,H,,S,
ASN00092045,20050423,TAVG,148,H,,S,
ASN00092045,20050424,TAVG,163,H,,S,
ASN00092045,20050425,TAVG,139,H,,S,
ASN00092045,20050426,TAVG,150,H,,S,
ASN00092045,20050427,TAVG,147,H,,S,
ASN00092045,20050428,TAVG,158,H,,S,
ASN00092045,20050429,TAVG,122,H,,S,
ASN00092045,20050430,TAVG,139,H,,S,
ASN00092045,20050501,TMAX,154,,,a,
ASN00092045,20050502,TMAX,174,,,a,
ASN00092045,20050503,TMAX,192,,,a,
ASN00092045,20050504,TMAX,198,,,a,
ASN00092045,20050505,TMAX,201,,,a,
ASN00092045,20050506,TMAX,162,,,a,
ASN00092045,20050507,TMAX,164,,,a,
ASN00092045,20050508,TMAX,169,,,a,
ASN00092045,20050509,TMAX,170,,,a,
ASN00092045,20050510,TMAX,170,,,a,
ASN00092045,20050511,TMAX,181,,,a,
ASN00092045,20050512,TMAX,160,,,a,
ASN00092045,20050513,TMAX,176,,,a,
ASN00092045,20050514,TMAX,178,,,a,
ASN00092045,20050515,TMAX,164,,,a,
ASN00092045,20050516,TMAX,149,,,a,
ASN00092045,20050517,TMAX,163,,,a,
ASN00092045,20050518,TMAX,159,,,a,
ASN00092045,20050519,TMAX,162,,,a,
ASN00092045,20050521,TMAX,167,,,a,
ASN00092045,20050522,TMAX,162,,,a,
ASN00092045,20050523,TMAX,175,,,a,
ASN00092045,20050524,TMAX,173,,,a,
ASN00092045,20050525,TMAX,156,,,a,
ASN00092045,20050526,TMAX,135,,,a,
ASN00092045,20050527,TMAX,125,,,a,
ASN00092045,20050528,TMAX,132,,,a,
ASN00092045,20050529,TMAX,143,,,a,
ASN00092045,20050530,TMAX,159,,,a,
ASN00092045,20050531,TMAX,152,,,a,
ASN00092045,20050501,TMIN,91,,,a,
ASN00092045,20050502,TMIN,72,,,a,
ASN00092045,20050503,TMIN,128,,,a,
ASN00092045,20050504,TMIN,154,,,a,
ASN00092045,20050505,TMIN,124,,,a,
ASN00092045,20050506,TMIN,77,,,a,
ASN00092045,20050507,TMIN,91,,,a,
ASN00092045,20050508,TMIN,99,,,a,
ASN00092045,20050509,TMIN,106,,,a,
ASN00092045,20050510,TMIN,121,,,a,
ASN00092045,20050511,TMIN,133,,,a,
ASN00092045,20050512,TMIN,59,,,a,
ASN00092045,20050513,TMIN,61,,,a,
ASN00092045,20050514,TMIN,76,,,a,
ASN00092045,20050515,TMIN,94,,,a,
ASN00092045,20050516,TMIN,117,,,a,
ASN00092045,20050517,TMIN,117,,,a,
ASN00092045,20050518,TMIN,100,,,a,
ASN00092045,20050519,TMIN,107,,,a,
ASN00092045,20050520,TMIN,88,,,a,
ASN00092045,20050522,TMIN,103,,,a,
ASN00092045,20050523,TMIN,119,,,a,
ASN00092045,20050524,TMIN,121,,,a,
ASN00092045,20050525,TMIN,96,,,a,
ASN00092045,20050526,TMIN,45,,,a,
ASN00092045,20050527,TMIN,53,,,a,
ASN00092045,20050528,TMIN,83,,,a,
ASN00092045,20050529,TMIN,55,,,a,
ASN00092045,20050530,TMIN,84,,,a,
ASN00092045,20050531,TMIN,86,,,a,
ASN00092045,20050501,PRCP,26,,,a,
ASN00092045,20050502,PRCP,0,,,a,
ASN00092045,20050503,PRCP,0,,,a,
ASN00092045,20050504,PRCP,0,,,a,
ASN00092045,20050505,PRCP,2,,,a,
ASN00092045,20050506,PRCP,0,,,a,
ASN00092045,20050507,PRCP,2,,,a,
ASN00092045,20050508,PRCP,0,,,a,
ASN00092045,20050509,PRCP,0,,,a,
ASN00092045,20050510,PRCP,0,,,a,
ASN00092045,20050511,PRCP,0,,,a,
ASN00092045,20050512,PRCP,0,,,a,
ASN00092045,20050513,PRCP,0,,,a,
ASN00092045,20050514,PRCP,0,,,a,
ASN00092045,20050515,PRCP,0,,,a,
ASN00092045,20050516,PRCP,18,,,a,
ASN00092045,20050517,PRCP,2,,,a,
ASN00092045,20050518,PRCP,4,,,a,
ASN00092045,20050519,PRCP,0,,,a,
ASN00092045,20050520,PRCP,8,,,a,
ASN00092045,20050522,PRCP,0,,,a,
ASN00092045,20050523,PRCP,6,,,a,
ASN00092045,20050524,PRCP,20,,,a,
ASN00092045,20050525,PRCP,2,,,a,
ASN00092045,20050526,PRCP,0,,,a,
ASN00092045,20050527,PRCP,0,,,a,
ASN00092045,20050528,PRCP,0,,,a,
ASN00092045,20050529,PRCP,0,,,a,
ASN00092045,20050530,PRCP,0,,,a,
ASN00092045,20050531,PRCP,0,,,a,
ASN00092045,20050501,TAVG,112,H,,S,
ASN00092045,20050502,TAVG,146,H,,S,
ASN00092045,20050503,TAVG,166,H,,S,
ASN00092045,20050504,TAVG,156,H,,S,
ASN00092045,20050505,TAVG,125,H,,S,
ASN00092045,20050506,TAVG,123,H,,S,
ASN00092045,20050507,TAVG,129,H,,S,
ASN00092045,20050508,TAVG,131,H,,S,
ASN00092045,20050509,TAVG,137,H,,S,
ASN00092045,20050510,TAVG,143,H,,S,
ASN00092045,20050511,TAVG,128,H,,S,
ASN00092045,20050512,TAVG,98,H,,S,
ASN00092045,20050513,TAVG,113,H,,S,
ASN00092045,20050514,TAVG,121,H,,S,
ASN00092045,20050515,TAVG,132,H,,S,
ASN00092045,20050516,TAVG,128,H,,S,
ASN00092045,20050517,TAVG,129,H,,S,
ASN00092045,20050518,TAVG,128,H,,S,
ASN00092045,20050519,TAVG,119,H,,S,
ASN00092045,20050520,TAVG,128,H,,S,
ASN00092045,20050521,TAVG,133,H,,S,
ASN00092045,20050522,TAVG,143,H,,S,
ASN00092045,20050523,TAVG,142,H,,S,
ASN00092045,20050524,TAVG,138,H,,S,
ASN00092045,20050525,TAVG,93,H,,S,
ASN00092045,20050526,TAVG,110,H,,S,
ASN00092045,20050527,TAVG,103,H,,S,
ASN00092045,20050528,TAVG,87,H,,S,
ASN00092045,20050529,TAVG,111,H,,S,
ASN00092045,20050530,TAVG,124,H,,S,
ASN00092045,20050531,TAVG,95,H,,S,
ASN00092045,20050601,TMAX,151,,,a,
ASN00092045,20050602,TMAX,177,,,a,
ASN00092045,20050603,TMAX,149,,,a,
ASN00092045,20050604,TMAX,147,,,a,
ASN00092045,20050606,TMAX,141,,,a,
ASN00092045,20050607,TMAX,158,,,a,
ASN00092045,20050608,TMAX,157,,,a,
ASN00092045,20050609,TMAX,145,,,a,
ASN00092045,20050610,TMAX,184,,,a,
ASN00092045,20050611,TMAX,146,,,a,
ASN00092045,20050612,TMAX,166,,,a,
ASN00092045,20050613,TMAX,178,,,a,
ASN00092045,20050614,TMAX,152,,,a,
ASN00092045,20050615,TMAX,150,,,a,
ASN00092045,20050616,TMAX,128,,,a,
ASN00092045,20050617,TMAX,142,,,a,
ASN00092045,20050618,TMAX,137,,,a,
ASN00092045,20050619,TMAX,116,,,a,
ASN00092045,20050620,TMAX,133,,,a,
ASN00092045,20050621,TMAX,142,,,a,
ASN00092045,20050622,TMAX,146,,,a,
ASN00092045,20050623,TMAX,124,,,a,
ASN00092045,20050624,TMAX,133,,,a,
ASN00092045,20050625,TMAX,136,,,a,
ASN00092045,20050626,TMAX,141,,,a,
ASN00092045,20050627,TMAX,151,,,a,
ASN00092045,20050628,TMAX,155,,,a,
ASN00092045,20050629,TMAX,152,,,a,
ASN00092045,20050630,TMAX,148,,,a,
ASN00092045,20050601,TMIN,62,,,a,
ASN00092045,20050602,TMIN,58,,,a,
ASN00092045,20050603,TMIN,77,,,a,
ASN00092045,20050604,TMIN,80,,,a,
ASN00092045,20050605,TMIN,111,,,a,
ASN00092045,20050607,TMIN,101,,,a,
ASN00092045,20050608,TMIN,98,,,a,
ASN00092045,20050609,TMIN,113,,,a,
ASN00092045,20050610,TMIN,111,,,a,
ASN00092045,20050611,TMIN,140,,,a,
ASN00092045,20050612,TMIN,94,,,a,
ASN00092045,20050613,TMIN,103,,,a,
ASN00092045,20050614,TMIN,114,,,a,
ASN00092045,20050615,TMIN,101,,,a,
ASN00092045,20050616,TMIN,87,,,a,
ASN00092045,20050617,TMIN,59,,,a,
ASN00092045,20050618,TMIN,38,,,a,
ASN00092045,20050619,TMIN,80,,,a,
ASN00092045,20050620,TMIN,66,,,a,
ASN00092045,20050621,TMIN,101,,,a,
ASN00092045,20050622,TMIN,78,,,a,
ASN00092045,20050623,TMIN,94,,,a,
ASN00092045,20050624,TMIN,62,,,a,
ASN00092045,20050625,TMIN,73,,,a,
ASN00092045,20050626,TMIN,80,,,a,
ASN00092045,20050627,TMIN,60,,,a,
ASN00092045,20050628,TMIN,69,,,a,
ASN00092045,20050629,TMIN,67,,,a,
ASN00092045,20050630,TMIN,91,,,a,
ASN00092045,20050601,PRCP,0,,,a,
ASN00092045,20050602,PRCP,0,,,a,
ASN00092045,20050603,PRCP,0,,,a,
ASN00092045,20050604,PRCP,0,,,a,
ASN00092045,20050605,PRCP,0,,,a,
ASN00092045,20050607,PRCP,34,,,a,
ASN00092045,20050608,PRCP,0,,,a,
ASN00092045,20050609,PRCP,2,,,a,
ASN00092045,20050610,PRCP,10,,,a,
ASN00092045,20050611,PRCP,18,,,a,
ASN00092045,20050612,PRCP,152,,,a,
ASN00092045,20050613,PRCP,2,,,a,
ASN00092045,20050614,PRCP,4,,,a,
ASN00092045,20050615,PRCP,0,,,a,
ASN00092045,20050616,PRCP,62,,,a,
ASN00092045,20050617,PRCP,6,,,a,
ASN00092045,20050618,PRCP,0,,,a,
ASN00092045,20050619,PRCP,20,,,a,
ASN00092045,20050620,PRCP,52,,,a,
ASN00092045,20050621,PRCP,64,,,a,
ASN00092045,20050622,PRCP,22,,,a,
ASN00092045,20050623,PRCP,198,,,a,
ASN00092045,20050624,PRCP,2,,,a,
ASN00092045,20050625,PRCP,0,,,a,
ASN00092045,20050626,PRCP,8,,,a,
ASN00092045,20050627,PRCP,0,,,a,
ASN00092045,20050628,PRCP,2,,,a,
ASN00092045,20050629,PRCP,0,,,a,
ASN00092045,20050630,PRCP,2,,,a,
ASN00092045,20050601,TAVG,101,H,,S,
ASN00092045,20050602,TAVG,114,H,,S,
ASN00092045,20050603,TAVG,111,H,,S,
ASN00092045,20050604,TAVG,130,H,,S,
ASN00092045,20050605,TAVG,114,H,,S,
ASN00092045,20050606,TAVG,110,H,,S,
ASN00092045,20050607,TAVG,122,H,,S,
ASN00092045,20050608,TAVG,130,H,,S,
ASN00092045,20050609,TAVG,131,H,,S,
ASN00092045,20050610,TAVG,156,H,,S,
ASN00092045,20050611,TAVG,121,H,,S,
ASN00092045,20050612,TAVG,128,H,,S,
ASN00092045,20050613,TAVG,145,H,,S,
ASN00092045,20050614,TAVG,129,H,,S,
ASN00092045,20050615,TAVG,112,H,,S,
ASN00092045,20050616,TAVG,87,H,,S,
ASN00092045,20050617,TAVG,87,H,,S,
ASN00092045,20050618,TAVG,103,H,,S,
ASN00092045,20050619,TAVG,93,H,,S,
ASN00092045,20050620,TAVG,117,H,,S,
ASN00092045,20050621,TAVG,111,H,,S,
ASN00092045,20050622,TAVG,119,H,,S,
ASN00092045,20050623,TAVG,101,H,,S,
ASN00092045,20050624,TAVG,96,H,,S,
ASN00092045,20050625,TAVG,106,H,,S,
ASN00092045,20050626,TAVG,99,H,,S,
ASN00092045,20050627,TAVG,103,H,,S,
ASN00092045,20050628,TAVG,109,H,,S,
ASN00092045,20050629,TAVG,114,H,,S,
ASN00092045,20050630,TAVG,139,H,,S,
ASN00092045,20050701,TMAX,151,,,a,
ASN00092045,20050702,TMAX,165,,,a,
ASN00092045,20050703,TMAX,173,,,a,
ASN00092045,20050704,TMAX,153,,,a,
ASN00092045,20050705,TMAX,156,,,a,
ASN00092045,20050706,TMAX,155,,,a,
ASN00092045,20050707,TMAX,143,,,a,
ASN00092045,20050708,TMAX,120,,,a,
ASN00092045,20050709,TMAX,115,,,a,
ASN00092045,20050710,TMAX,133,,,a,
ASN00092045,20050711,TMAX,152,,,a,
ASN00092045,20050712,TMAX,144,,,a,
ASN00092045,20050713,TMAX,121,,,a,
ASN00092045,20050714,TMAX,121,,,a,
ASN00092045,20050715,TMAX,119,,,a,
ASN00092045,20050716,TMAX,125,,,a,
ASN00092045,20050717,TMAX,120,,,a,
ASN00092045,20050718,TMAX,146,,,a,
ASN00092045,20050719,TMAX,172,,,a,
ASN00092045,20050720,TMAX,168,,,a,
ASN00092045,20050721,TMAX,151,,,a,
ASN00092045,20050722,TMAX,149,,,a,
ASN00092045,20050723,TMAX,147,,,a,
ASN00092045,20050724,TMAX,148,,,a,
ASN00092045,20050725,TMAX,141,,,a,
ASN00092045,20050726,TMAX,139,,,a,
ASN00092045,20050727,TMAX,155,,,a,
ASN00092045,20050728,TMAX,148,,,a,
ASN00092045,20050729,TMAX,134,,,a,
ASN00092045,20050730,TMAX,150,,,a,
ASN00092045,20050731,TMAX,159,,,a,
ASN00092045,20050701,TMIN,102,,,a,
ASN00092045,20050702,TMIN,101,,,a,
ASN00092045,20050703,TMIN,80,,,a,
ASN00092045,20050704,TMIN,69,,,a,
ASN00092045,20050705,TMIN,93,,,a,
ASN00092045,20050706,TMIN,86,,,a,
ASN00092045,20050707,TMIN,83,,,a,
ASN00092045,20050708,TMIN,42,,,a,
ASN00092045,20050709,TMIN,72,,,a,
ASN00092045,20050710,TMIN,81,,,a,
ASN00092045,20050711,TMIN,55,,,a,
ASN00092045,20050712,TMIN,74,,,a,
ASN00092045,20050713,TMIN,72,,,a,
ASN00092045,20050714,TMIN,88,,,a,
ASN00092045,20050715,TMIN,90,,,a,
ASN00092045,20050716,TMIN,56,,,a,
ASN00092045,20050717,TMIN,51,,,a,
ASN00092045,20050718,TMIN,49,,,a,
ASN00092045,20050719,TMIN,86,,,a,
ASN00092045,20050720,TMIN,87,,,a,
ASN00092045,20050721,TMIN,69,,,a,
ASN00092045,20050722,TMIN,89,,,a,
ASN00092045,20050723,TMIN,90,,,a,
ASN00092045,20050724,TMIN,116,,,a,
ASN00092045,20050725,TMIN,94,,,a,
ASN00092045,20050726,TMIN,106,,,a,
ASN00092045,20050727,TMIN,58,,,a,
ASN00092045,20050728,TMIN,86,,,a,
ASN00092045,20050729,TMIN,98,,,a,
ASN00092045,20050730,TMIN,93,,,a,
ASN00092045,20050731,TMIN,101,,,a,
ASN00092045,20050701,PRCP,20,,,a,
ASN00092045,20050702,PRCP,118,,,a,
ASN00092045,20050703,PRCP,0,,,a,
ASN00092045,20050704,PRCP,0,,,a,
ASN00092045,20050705,PRCP,0,,,a,
ASN00092045,20050706,PRCP,2,,,a,
ASN00092045,20050707,PRCP,12,,,a,
ASN00092045,20050708,PRCP,0,,,a,
ASN00092045,20050709,PRCP,0,,,a,
ASN00092045,20050710,PRCP,10,,,a,
ASN00092045,20050711,PRCP,2,,,a,
ASN00092045,20050712,PRCP,0,,,a,
ASN00092045,20050713,PRCP,0,,,a,
ASN00092045,20050714,PRCP,8,,,a,
ASN00092045,20050715,PRCP,106,,,a,
ASN00092045,20050716,PRCP,6,,,a,
ASN00092045,20050717,PRCP,120,,,a,
ASN00092045,20050718,PRCP,0,,,a,
ASN00092045,20050719,PRCP,0,,,a,
ASN00092045,20050720,PRCP,0,,,a,
ASN00092045,20050721,PRCP,0,,,a,
ASN00092045,20050722,PRCP,0,,,a,
ASN00092045,20050723,PRCP,30,,,a,
ASN00092045,20050724,PRCP,4,,,a,
ASN00092045,20050725,PRCP,8,,,a,
ASN00092045,20050726,PRCP,48,,,a,
ASN00092045,20050727,PRCP,0,,,a,
ASN00092045,20050728,PRCP,2,,,a,
ASN00092045,20050729,PRCP,4,,,a,
ASN00092045,20050730,PRCP,76,,,a,
ASN00092045,20050731,PRCP,2,,,a,
ASN00092045,20050701,TAVG,120,H,,S,
ASN00092045,20050702,TAVG,114,H,,S,
ASN00092045,20050703,TAVG,111,H,,S,
ASN00092045,20050704,TAVG,121,H,,S,
ASN00092045,20050705,TAVG,118,H,,S,
ASN00092045,20050706,TAVG,121,H,,S,
ASN00092045,20050707,TAVG,87,H,,S,
ASN00092045,20050708,TAVG,92,H,,S,
ASN00092045,20050709,TAVG,100,H,,S,
ASN00092045,20050710,TAVG,88,H,,S,
ASN00092045,20050711,TAVG,102,H,,S,
ASN00092045,20050712,TAVG,99,H,,S,
ASN00092045,20050713,TAVG,99,H,,S,
ASN00092045,20050714,TAVG,103,H,,S,
ASN00092045,20050715,TAVG,85,H,,S,
ASN00092045,20050716,TAVG,89,H,,S,
ASN00092045,20050717,TAVG,79,H,,S,
ASN00092045,20050718,TAVG,108,H,,S,
ASN00092045,20050719,TAVG,117,H,,S,
ASN00092045,20050720,TAVG,114,H,,S,
ASN00092045,20050721,TAVG,114,H,,S,
ASN00092045,20050722,TAVG,119,H,,S,
ASN00092045,20050723,TAVG,128,H,,S,
ASN00092045,20050724,TAVG,117,H,,S,
ASN00092045,20050725,TAVG,123,H,,S,
ASN00092045,20050726,TAVG,90,H,,S,
ASN00092045,20050727,TAVG,121,H,,S,
ASN00092045,20050728,TAVG,118,H,,S,
ASN00092045,20050729,TAVG,109,H,,S,
ASN00092045,20050730,TAVG,121,H,,S,
ASN00092045,20050731,TAVG,107,H,,S,
ASN00092045,20050801,TMAX,148,,,a,
ASN00092045,20050802,TMAX,155,,,a,
ASN00092045,20050806,TMAX,149,,,a,
ASN00092045,20050807,TMAX,144,,,a,
ASN00092045,20050808,TMAX,124,,,a,
ASN00092045,20050809,TMAX,139,,,a,
ASN00092045,20050810,TMAX,121,,,a,
ASN00092045,20050811,TMAX,109,,,a,
ASN00092045,20050812,TMAX,117,,,a,
ASN00092045,20050813,TMAX,160,,,a,
ASN00092045,20050814,TMAX,144,,,a,
ASN00092045,20050815,TMAX,155,,,a,
ASN00092045,20050816,TMAX,164,,,a,
ASN00092045,20050817,TMAX,158,,,a,
ASN00092045,20050818,TMAX,167,,,a,
ASN00092045,20050819,TMAX,157,,,a,
ASN00092045,20050820,TMAX,146,,,a,
ASN00092045,20050821,TMAX,137,,,a,
ASN00092045,20050822,TMAX,171,,,a,
ASN00092045,20050823,TMAX,160,,,a,
ASN00092045,20050824,TMAX,159,,,a,
ASN00092045,20050825,TMAX,158,,,a,
ASN00092045,20050826,TMAX,155,,,a,
ASN00092045,20050827,TMAX,144,,,a,
ASN00092045,20050828,TMAX,177,,,a,
ASN00092045,20050829,TMAX,162,,,a,
ASN00092045,20050830,TMAX,148,,,a,
ASN00092045,20050831,TMAX,115,,,a,
ASN00092045,20050801,TMIN,74,,,a,
ASN00092045,20050802,TMIN,106,,,a,
ASN00092045,20050803,TMIN,110,,,a,
ASN00092045,20050807,TMIN,86,,,a,
ASN00092045,20050808,TMIN,46,,,a,
ASN00092045,20050809,TMIN,69,,,a,
ASN00092045,20050810,TMIN,44,,,a,
ASN00092045,20050811,TMIN,15,,,a,
ASN00092045,20050812,TMIN,8,,,a,
ASN00092045,20050813,TMIN,54,,,a,
ASN00092045,20050814,TMIN,111,,,a,
ASN00092045,20050815,TMIN,97,,,a,
ASN00092045,20050816,TMIN,74,,,a,
ASN00092045,20050817,TMIN,84,,,a,
ASN00092045,20050818,TMIN,87,,,a,
ASN00092045,20050819,TMIN,109,,,a,
ASN00092045,20050820,TMIN,93,,,a,
ASN00092045,20050821,TMIN,87,,,a,
ASN00092045,20050822,TMIN,43,,,a,
ASN00092045,20050823,TMIN,39,,,a,
ASN00092045,20050824,TMIN,72,,,a,
ASN00092045,20050825,TMIN,70,,,a,
ASN00092045,20050826,TMIN,54,,,a,
ASN00092045,20050827,TMIN,71,,,a,
ASN00092045,20050828,TMIN,90,,,a,
ASN00092045,20050829,TMIN,78,,,a,
ASN00092045,20050830,TMIN,121,,,a,
ASN00092045,20050831,TMIN,97,,,a,
ASN00092045,20050801,PRCP,0,,,a,
ASN00092045,20050802,PRCP,0,,,a,
ASN00092045,20050803,PRCP,0,,,a,
ASN00092045,20050807,PRCP,20,,,a,
ASN00092045,20050808,PRCP,0,,,a,
ASN00092045,20050809,PRCP,12,,,a,
ASN00092045,20050810,PRCP,66,,,a,
ASN00092045,20050811,PRCP,0,,,a,
ASN00092045,20050812,PRCP,0,,,a,
ASN00092045,20050813,PRCP,0,,,a,
ASN00092045,20050814,PRCP,0,,,a,
ASN00092045,20050815,PRCP,0,,,a,
ASN00092045,20050816,PRCP,0,,,a,
ASN00092045,20050817,PRCP,0,,,a,
ASN00092045,20050818,PRCP,0,,,a,
ASN00092045,20050819,PRCP,8,,,a,
ASN00092045,20050820,PRCP,8,,,a,
ASN00092045,20050821,PRCP,4,,,a,
ASN00092045,20050822,PRCP,20,,,a,
ASN00092045,20050823,PRCP,0,,,a,
ASN00092045,20050824,PRCP,0,,,a,
ASN00092045,20050825,PRCP,2,,,a,
ASN00092045,20050826,PRCP,0,,,a,
ASN00092045,20050827,PRCP,0,,,a,
ASN00092045,20050828,PRCP,0,,,a,
ASN00092045,20050829,PRCP,2,,,a,
ASN00092045,20050830,PRCP,2,,,a,
ASN00092045,20050831,PRCP,276,,,a,
ASN00092045,20050801,TAVG,121,H,,S,
ASN00092045,20050802,TAVG,129,H,,S,
ASN00092045,20050803,TAVG,142,H,,S,
ASN00092045,20050805,TAVG,90,H,,S,
ASN00092045,20050806,TAVG,121,H,,S,
ASN00092045,20050807,TAVG,91,H,,S,
ASN00092045,20050808,TAVG,113,H,,S,
ASN00092045,20050809,TAVG,98,H,,S,
ASN00092045,20050810,TAVG,54,H,,S,
ASN00092045,20050811,TAVG,49,H,,S,
ASN00092045,20050812,TAVG,93,H,,S,
ASN00092045,20050813,TAVG,124,H,,S,
ASN00092045,20050814,TAVG,124,H,,S,
ASN00092045,20050815,TAVG,102,H,,S,
ASN00092045,20050816,TAVG,118,H,,S,
ASN00092045,20050817,TAVG,112,H,,S,
ASN00092045,20050818,TAVG,132,H,,S,
ASN00092045,20050819,TAVG,123,H,,S,
ASN00092045,20050820,TAVG,113,H,,S,
ASN00092045,20050821,TAVG,87,H,,S,
ASN00092045,20050822,TAVG,94,H,,S,
ASN00092045,20050823,TAVG,106,H,,S,
ASN00092045,20050824,TAVG,108,H,,S,
ASN00092045,20050825,TAVG,102,H,,S,
ASN00092045,20050826,TAVG,104,H,,S,
ASN00092045,20050827,TAVG,111,H,,S,
ASN00092045,20050828,TAVG,119,H,,S,
ASN00092045,20050829,TAVG,137,H,,S,
ASN00092045,20050830,TAVG,127,H,,S,
ASN00092045,20050831,TAVG,80,H,,S,
ASN00092045,20050901,TMAX,146,,,a,
ASN00092045,20050902,TMAX,160,,,a,
ASN00092045,20050903,TMAX,152,,,a,
ASN00092045,20050904,TMAX,156,,,a,
ASN00092045,20050905,TMAX,166,,,a,
ASN00092045,20050906,TMAX,181,,,a,
ASN00092045,20050907,TMAX,167,,,a,
ASN00092045,20050908,TMAX,183,,,a,
ASN00092045,20050909,TMAX,182,,,a,
ASN00092045,20050910,TMAX,166,,,a,
ASN00092045,20050911,TMAX,150,,,a,
ASN00092045,20050912,TMAX,117,,,a,
ASN00092045,20050913,TMAX,160,,,a,
ASN00092045,20050914,TMAX,153,,,a,
ASN00092045,20050915,TMAX,128,,,a,
ASN00092045,20050916,TMAX,167,,,a,
ASN00092045,20050917,TMAX,122,,,a,
ASN00092045,20050918,TMAX,144,,,a,
ASN00092045,20050919,TMAX,138,,,a,
ASN00092045,20050920,TMAX,155,,,a,
ASN00092045,20050921,TMAX,175,,,a,
ASN00092045,20050922,TMAX,201,,,a,
ASN00092045,20050923,TMAX,198,,,a,
ASN00092045,20050924,TMAX,156,,,a,
ASN00092045,20050925,TMAX,176,,,a,
ASN00092045,20050926,TMAX,194,,,a,
ASN00092045,20050927,TMAX,157,,,a,
ASN00092045,20050928,TMAX,164,,,a,
ASN00092045,20050929,TMAX,181,,,a,
ASN00092045,20050930,TMAX,150,,,a,
ASN00092045,20050901,TMIN,42,,,a,
ASN00092045,20050902,TMIN,56,,,a,
ASN00092045,20050903,TMIN,79,,,a,
ASN00092045,20050904,TMIN,73,,,a,
ASN00092045,20050905,TMIN,61,,,a,
ASN00092045,20050906,TMIN,81,,,a,
ASN00092045,20050907,TMIN,80,,,a,
ASN00092045,20050908,TMIN,100,,,a,
ASN00092045,20050909,TMIN,125,,,a,
ASN00092045,20050910,TMIN,111,,,a,
ASN00092045,20050911,TMIN,99,,,a,
ASN00092045,20050912,TMIN,75,,,a,
ASN00092045,20050913,TMIN,48,,,a,
ASN00092045,20050914,TMIN,45,,,a,
ASN00092045,20050915,TMIN,58,,,a,
ASN00092045,20050916,TMIN,75,,,a,
ASN00092045,20050917,TMIN,69,,,a,
ASN00092045,20050918,TMIN,78,,,a,
ASN00092045,20050919,TMIN,71,,,a,
ASN00092045,20050920,TMIN,71,,,a,
ASN00092045,20050921,TMIN,96,,,a,
ASN00092045,20050922,TMIN,100,,,a,
ASN00092045,20050923,TMIN,102,,,a,
ASN00092045,20050924,TMIN,106,,,a,
ASN00092045,20050925,TMIN,95,,,a,
ASN00092045,20050926,TMIN,84,,,a,
ASN00092045,20050927,TMIN,71,,,a,
ASN00092045,20050928,TMIN,119,,,a,
ASN00092045,20050929,TMIN,107,,,a,
ASN00092045,20050930,TMIN,97,,,a,
ASN00092045,20050901,PRCP,26,,,a,
ASN00092045,20050902,PRCP,0,,,a,
ASN00092045,20050903,PRCP,0,,,a,
ASN00092045,20050904,PRCP,0,,,a,
ASN00092045,20050905,PRCP,0,,,a,
ASN00092045,20050906,PRCP,0,,,a,
ASN00092045,20050907,PRCP,0,,,a,
ASN00092045,20050908,PRCP,2,,,a,
ASN00092045,20050909,PRCP,24,,,a,
ASN00092045,20050910,PRCP,146,,,a,
ASN00092045,20050911,PRCP,128,,,a,
ASN00092045,20050912,PRCP,0,,,a,
ASN00092045,20050913,PRCP,2,,,a,
ASN00092045,20050914,PRCP,0,,,a,
ASN00092045,20050915,PRCP,0,,,a,
ASN00092045,20050916,PRCP,12,,,a,
ASN00092045,20050917,PRCP,18,,,a,
ASN00092045,20050918,PRCP,48,,,a,
ASN00092045,20050919,PRCP,0,,,a,
ASN00092045,20050920,PRCP,46,,,a,
ASN00092045,20050921,PRCP,0,,,a,
ASN00092045,20050922,PRCP,0,,,a,
ASN00092045,20050923,PRCP,0,,,a,
ASN00092045,20050924,PRCP,0,,,a,
ASN00092045,20050925,PRCP,42,,,a,
ASN00092045,20050926,PRCP,2,,,a,
ASN00092045,20050927,PRCP,0,,,a,
ASN00092045,20050928,PRCP,0,,,a,
ASN00092045,20050929,PRCP,94,,,a,
ASN00092045,20050930,PRCP,20,,,a,
ASN00092045,20050901,TAVG,94,H,,S,
ASN00092045,20050902,TAVG,110,H,,S,
ASN00092045,20050903,TAVG,108,H,,S,
ASN00092045,20050904,TAVG,107,H,,S,
ASN00092045,20050905,TAVG,111,H,,S,
ASN00092045,20050906,TAVG,119,H,,S,
ASN00092045,20050907,TAVG,126,H,,S,
ASN00092045,20050908,TAVG,142,H,,S,
ASN00092045,20050909,TAVG,137,H,,S,
ASN00092045,20050910,TAVG,126,H,,S,
ASN00092045,20050911,TAVG,99,H,,S,
ASN00092045,20050912,TAVG,87,H,,S,
ASN00092045,20050913,TAVG,98,H,,S,
ASN00092045,20050914,TAVG,99,H,,S,
ASN00092045,20050915,TAVG,97,H,,S,
ASN00092045,20050916,TAVG,102,H,,S,
ASN00092045,20050917,TAVG,97,H,,S,
ASN00092045,20050918,TAVG,106,H,,S,
ASN00092045,20050919,TAVG,101,H,,S,
ASN00092045,20050920,TAVG,117,H,,S,
ASN00092045,20050921,TAVG,126,H,,S,
ASN00092045,20050922,TAVG,140,H,,S,
ASN00092045,20050923,TAVG,146,H,,S,
ASN00092045,20050924,TAVG,114,H,,S,
ASN00092045,20050925,TAVG,121,H,,S,
ASN00092045,20050926,TAVG,122,H,,S,
ASN00092045,20050927,TAVG,134,H,,S,
ASN00092045,20050928,TAVG,136,H,,S,
ASN00092045,20050929,TAVG,122,H,,S,
ASN00092045,20050930,TAVG,121,H,,S,
ASN00092045,20051001,TMAX,188,,,a,
ASN00092045,20051002,TMAX,171,,,a,
ASN00092045,20051003,TMAX,166,,,a,
ASN00092045,20051004,TMAX,160,,,a,
ASN00092045,20051005,TMAX,167,,,a,
ASN00092045,20051006,TMAX,151,,,a,
ASN00092045,20051007,TMAX,176,,,a,
ASN00092045,20051008,TMAX,132,,,a,
ASN00092045,20051009,TMAX,176,,,a,
ASN00092045,20051010,TMAX,155,,,a,
ASN00092045,20051011,TMAX,154,,,a,
ASN00092045,20051012,TMAX,173,,,a,
ASN00092045,20051013,TMAX,179,,,a,
ASN00092045,20051014,TMAX,163,,,a,
ASN00092045,20051015,TMAX,177,,,a,
ASN00092045,20051016,TMAX,180,,,a,
ASN00092045,20051017,TMAX,182,,,a,
ASN00092045,20051018,TMAX,207,,,a,
ASN00092045,20051019,TMAX,198,,,a,
ASN00092045,20051020,TMAX,171,,,a,
ASN00092045,20051021,TMAX,151,,,a,
ASN00092045,20051022,TMAX,168,,,a,
ASN00092045,20051023,TMAX,174,,,a,
ASN00092045,20051024,TMAX,168,,,a,
ASN00092045,20051025,TMAX,210,,,a,
ASN00092045,20051026,TMAX,184,,,a,
ASN00092045,20051027,TMAX,155,,,a,
ASN00092045,20051031,TMAX,171,,,a,
ASN00092045,20051001,TMIN,103,,,a,
ASN00092045,20051002,TMIN,113,,,a,
ASN00092045,20051003,TMIN,114,,,a,
ASN00092045,20051004,TMIN,52,,,a,
ASN00092045,20051005,TMIN,105,,,a,
ASN00092045,20051006,TMIN,65,,,a,
ASN00092045,20051007,TMIN,83,,,a,
ASN00092045,20051008,TMIN,110,,,a,
ASN00092045,20051009,TMIN,91,,,a,
ASN00092045,20051010,TMIN,102,,,a,
ASN00092045,20051011,TMIN,101,,,a,
ASN00092045,20051012,TMIN,63,,,a,
ASN00092045,20051013,TMIN,94,,,a,
ASN00092045,20051014,TMIN,75,,,a,
ASN00092045,20051015,TMIN,96,,,a,
ASN00092045,20051016,TMIN,72,,,a,
ASN00092045,20051017,TMIN,80,,,a,
ASN00092045,20051018,TMIN,100,,,a,
ASN00092045,20051019,TMIN,122,,,a,
ASN00092045,20051020,TMIN,134,,,a,
ASN00092045,20051021,TMIN,136,,,a,
ASN00092045,20051022,TMIN,136,,,a,
ASN00092045,20051023,TMIN,128,,,a,
ASN00092045,20051024,TMIN,135,,,a,
ASN00092045,20051025,TMIN,144,,,a,
ASN00092045,20051026,TMIN,123,,,a,
ASN00092045,20051027,TMIN,99,,,a,
ASN00092045,20051028,TMIN,68,,,a,
ASN00092045,20051001,PRCP,20,,,a,
ASN00092045,20051002,PRCP,0,,,a,
ASN00092045,20051003,PRCP,6,,,a,
ASN00092045,20051004,PRCP,0,,,a,
ASN00092045,20051005,PRCP,0,,,a,
ASN00092045,20051006,PRCP,72,,,a,
ASN00092045,20051007,PRCP,2,,,a,
ASN00092045,20051008,PRCP,66,,,a,
ASN00092045,20051009,PRCP,182,,,a,
ASN00092045,20051010,PRCP,24,,,a,
ASN00092045,20051011,PRCP,2,,,a,
ASN00092045,20051012,PRCP,4,,,a,
ASN00092045,20051013,PRCP,2,,,a,
ASN00092045,20051014,PRCP,0,,,a,
ASN00092045,20051015,PRCP,0,,,a,
ASN00092045,20051016,PRCP,0,,,a,
ASN00092045,20051017,PRCP,0,,,a,
ASN00092045,20051018,PRCP,0,,,a,
ASN00092045,20051019,PRCP,2,,,a,
ASN00092045,20051020,PRCP,0,,,a,
ASN00092045,20051021,PRCP,140,,,a,
ASN00092045,20051022,PRCP,240,,,a,
ASN00092045,20051023,PRCP,50,,,a,
ASN00092045,20051024,PRCP,8,,,a,
ASN00092045,20051025,PRCP,28,,,a,
ASN00092045,20051026,PRCP,0,,,a,
ASN00092045,20051027,PRCP,12,,,a,
ASN00092045,20051028,PRCP,14,,,a,
ASN00092045,20051001,TAVG,137,H,,S,
ASN00092045,20051002,TAVG,141,H,,S,
ASN00092045,20051003,TAVG,107,H,,S,
ASN00092045,20051004,TAVG,126,H,,S,
ASN00092045,20051005,TAVG,114,H,,S,
ASN00092045,20051006,TAVG,116,H,,S,
ASN00092045,20051007,TAVG,123,H,,S,
ASN00092045,20051008,TAVG,106,H,,S,
ASN00092045,20051009,TAVG,124,H,,S,
ASN00092045,20051010,TAVG,121,H,,S,
ASN00092045,20051011,TAVG,106,H,,S,
ASN00092045,20051012,TAVG,128,H,,S,
ASN00092045,20051013,TAVG,126,H,,S,
ASN00092045,20051014,TAVG,122,H,,S,
ASN00092045,20051015,TAVG,123,H,,S,
ASN00092045,20051016,TAVG,129,H,,S,
ASN00092045,20051017,TAVG,143,H,,S,
ASN00092045,20051018,TAVG,151,H,,S,
ASN00092045,20051019,TAVG,154,H,,S,
ASN00092045,20051020,TAVG,146,H,,S,
ASN00092045,20051021,TAVG,141,H,,S,
ASN00092045,20051022,TAVG,138,H,,S,
ASN00092045,20051023,TAVG,152,H,,S,
ASN00092045,20051024,TAVG,152,H,,S,
ASN00092045,20051025,TAVG,151,H,,S,
ASN00092045,20051026,TAVG,139,H,,S,
ASN00092045,20051027,TAVG,114,H,,S,
ASN00092045,20051101,TMAX,170,,,a,
ASN00092045,20051102,TMAX,223,,,a,
ASN00092045,20051103,TMAX,184,,,a,
ASN00092045,20051104,TMAX,190,,,a,
ASN00092045,20051105,TMAX,189,,,a,
ASN00092045,20051106,TMAX,213,,,a,
ASN00092045,20051107,TMAX,207,,,a,
ASN00092045,20051108,TMAX,181,,,a,
ASN00092045,20051109,TMAX,203,,,a,
ASN00092045,20051110,TMAX,177,,,a,
ASN00092045,20051111,TMAX,199,,,a,
ASN00092045,20051112,TMAX,176,,,a,
ASN00092045,20051113,TMAX,172,,,a,
ASN00092045,20051114,TMAX,197,,,a,
ASN00092045,20051115,TMAX,160,,,a,
ASN00092045,20051116,TMAX,190,,,a,
ASN00092045,20051117,TMAX,206,,,a,
ASN00092045,20051118,TMAX,229,,,a,
ASN00092045,20051119,TMAX,198,,,a,
ASN00092045,20051120,TMAX,191,,,a,
ASN00092045,20051121,TMAX,202,,,a,
ASN00092045,20051122,TMAX,197,,,a,
ASN00092045,20051123,TMAX,186,,,a,
ASN00092045,20051124,TMAX,183,,,a,
ASN00092045,20051125,TMAX,195,,,a,
ASN00092045,20051126,TMAX,198,,,a,
ASN00092045,20051127,TMAX,161,,,a,
ASN00092045,20051128,TMAX,166,,,a,
ASN00092045,20051129,TMAX,172,,,a,
ASN00092045,20051130,TMAX,202,,,a,
ASN00092045,20051101,TMIN,132,,,a,
ASN00092045,20051102,TMIN,142,,,a,
ASN00092045,20051103,TMIN,149,,,a,
ASN00092045,20051104,TMIN,128,,,a,
ASN00092045,20051105,TMIN,112,,,a,
ASN00092045,20051106,TMIN,125,,,a,
ASN00092045,20051107,TMIN,133,,,a,
ASN00092045,20051108,TMIN,155,,,a,
ASN00092045,20051109,TMIN,140,,,a,
ASN00092045,20051110,TMIN,120,,,a,
ASN00092045,20051111,TMIN,96,,,a,
ASN00092045,20051112,TMIN,102,,,a,
ASN00092045,20051113,TMIN,69,,,a,
ASN00092045,20051114,TMIN,108,,,a,
ASN00092045,20051115,TMIN,111,,,a,
ASN00092045,20051116,TMIN,92,,,a,
ASN00092045,20051117,TMIN,105,,,a,
ASN00092045,20051118,TMIN,111,,,a,
ASN00092045,20051119,TMIN,142,,,a,
ASN00092045,20051120,TMIN,90,,,a,
ASN00092045,20051121,TMIN,127,,,a,
ASN00092045,20051122,TMIN,105,,,a,
ASN00092045,20051123,TMIN,111,,,a,
ASN00092045,20051124,TMIN,126,,,a,
ASN00092045,20051125,TMIN,143,,,a,
ASN00092045,20051126,TMIN,130,,,a,
ASN00092045,20051127,TMIN,98,,,a,
ASN00092045,20051128,TMIN,97,,,a,
ASN00092045,20051129,TMIN,129,,,a,
ASN00092045,20051130,TMIN,153,,,a,
ASN00092045,20051101,PRCP,0,,,a,
ASN00092045,20051102,PRCP,4,,,a,
ASN00092045,20051103,PRCP,44,,,a,
ASN00092045,20051104,PRCP,80,,,a,
ASN00092045,20051105,PRCP,0,,,a,
ASN00092045,20051106,PRCP,0,,,a,
ASN00092045,20051107,PRCP,0,,,a,
ASN00092045,20051108,PRCP,20,,,a,
ASN00092045,20051109,PRCP,96,,,a,
ASN00092045,20051110,PRCP,90,,,a,
ASN00092045,20051111,PRCP,2,,,a,
ASN00092045,20051112,PRCP,64,,,a,
ASN00092045,20051113,PRCP,2,,,a,
ASN00092045,20051114,PRCP,0,,,a,
ASN00092045,20051115,PRCP,18,,,a,
ASN00092045,20051116,PRCP,2,,,a,
ASN00092045,20051117,PRCP,0,,,a,
ASN00092045,20051118,PRCP,0,,,a,
ASN00092045,20051119,PRCP,34,,,a,
ASN00092045,20051120,PRCP,0,,,a,
ASN00092045,20051121,PRCP,0,,,a,
ASN00092045,20051122,PRCP,0,,,a,
ASN00092045,20051123,PRCP,22,,,a,
ASN00092045,20051124,PRCP,2,,,a,
ASN00092045,20051125,PRCP,0,,,a,
ASN00092045,20051126,PRCP,32,,,a,
ASN00092045,20051127,PRCP,74,,,a,
ASN00092045,20051128,PRCP,60,,,a,
ASN00092045,20051129,PRCP,4,,,a,
ASN00092045,20051130,PRCP,16,,,a,
ASN00092045,20051118,TAVG,161,H,,S,
ASN00092045,20051119,TAVG,141,H,,S,
ASN00092045,20051120,TAVG,149,H,,S,
ASN00092045,20051121,TAVG,148,H,,S,
ASN00092045,20051122,TAVG,136,H,,S,
ASN00092045,20051123,TAVG,148,H,,S,
ASN00092045,20051124,TAVG,157,H,,S,
ASN00092045,20051125,TAVG,159,H,,S,
ASN00092045,20051126,TAVG,138,H,,S,
ASN00092045,20051127,TAVG,130,H,,S,
ASN00092045,20051128,TAVG,144,H,,S,
ASN00092045,20051129,TAVG,158,H,,S,
ASN00092045,20051130,TAVG,169,H,,S,
ASN00092045,20051201,TMAX,223,,,a,
ASN00092045,20051202,TMAX,193,,,a,
ASN00092045,20051203,TMAX,170,,,a,
ASN00092045,20051204,TMAX,209,,,a,
ASN00092045,20051205,TMAX,210,,,a,
ASN00092045,20051206,TMAX,225,,,a,
ASN00092045,20051207,TMAX,192,,,a,
ASN00092045,20051208,TMAX,188,,,a,
ASN00092045,20051209,TMAX,198,,,a,
ASN00092045,20051210,TMAX,209,,,a,
ASN00092045,20051211,TMAX,222,,,a,
ASN00092045,20051212,TMAX,202,,,a,
ASN00092045,20051213,TMAX,207,,,a,
ASN00092045,20051214,TMAX,197,,,a,
ASN00092045,20051215,TMAX,204,,,a,
ASN00092045,20051216,TMAX,230,,,a,
ASN00092045,20051217,TMAX,206,,,a,
ASN00092045,20051218,TMAX,204,,,a,
ASN00092045,20051219,TMAX,216,,,a,
ASN00092045,20051220,TMAX,227,,,a,
ASN00092045,20051221,TMAX,276,,,a,
ASN00092045,20051222,TMAX,221,,,a,
ASN00092045,20051223,TMAX,198,,,a,
ASN00092045,20051224,TMAX,181,,,a,
ASN00092045,20051225,TMAX,187,,,a,
ASN00092045,20051226,TMAX,200,,,a,
ASN00092045,20051227,TMAX,231,,,a,
ASN00092045,20051228,TMAX,218,,,a,
ASN00092045,20051229,TMAX,213,,,a,
ASN00092045,20051230,TMAX,275,,,a,
ASN00092045,20051231,TMAX,211,,,a,
ASN00092045,20051201,TMIN,152,,,a,
ASN00092045,20051202,TMIN,141,,,a,
ASN00092045,20051203,TMIN,147,,,a,
ASN00092045,20051204,TMIN,115,,,a,
ASN00092045,20051205,TMIN,135,,,a,
ASN00092045,20051206,TMIN,108,,,a,
ASN00092045,20051207,TMIN,133,,,a,
ASN00092045,20051208,TMIN,130,,,a,
ASN00092045,20051209,TMIN,100,,,a,
ASN00092045,20051210,TMIN,121,,,a,
ASN00092045,20051211,TMIN,112,,,a,
ASN00092045,20051212,TMIN,150,,,a,
ASN00092045,20051213,TMIN,120,,,a,
ASN00092045,20051214,TMIN,108,,,a,
ASN00092045,20051215,TMIN,108,,,a,
ASN00092045,20051216,TMIN,161,,,a,
ASN00092045,20051217,TMIN,102,,,a,
ASN00092045,20051218,TMIN,108,,,a,
ASN00092045,20051219,TMIN,79,,,a,
ASN00092045,20051220,TMIN,123,,,a,
ASN00092045,20051221,TMIN,142,,,a,
ASN00092045,20051222,TMIN,108,,,a,
ASN00092045,20051223,TMIN,118,,,a,
ASN00092045,20051224,TMIN,136,,,a,
ASN00092045,20051225,TMIN,115,,,a,
ASN00092045,20051226,TMIN,101,,,a,
ASN00092045,20051227,TMIN,143,,,a,
ASN00092045,20051228,TMIN,168,,,a,
ASN00092045,20051229,TMIN,146,,,a,
ASN00092045,20051230,TMIN,154,,,a,
ASN00092045,20051231,TMIN,147,,,a,
ASN00092045,20051201,PRCP,26,,,a,
ASN00092045,20051202,PRCP,2,,,a,
ASN00092045,20051203,PRCP,46,,,a,
ASN00092045,20051204,PRCP,124,,,a,
ASN00092045,20051205,PRCP,10,,,a,
ASN00092045,20051206,PRCP,0,,,a,
ASN00092045,20051207,PRCP,124,,,a,
ASN00092045,20051208,PRCP,16,,,a,
ASN00092045,20051209,PRCP,2,,,a,
ASN00092045,20051210,PRCP,6,,,a,
ASN00092045,20051211,PRCP,2,,,a,
ASN00092045,20051212,PRCP,0,,,a,
ASN00092045,20051213,PRCP,6,,,a,
ASN00092045,20051214,PRCP,2,,,a,
ASN00092045,20051215,PRCP,8,,,a,
ASN00092045,20051216,PRCP,0,,,a,
ASN00092045,20051217,PRCP,4,,,a,
ASN00092045,20051218,PRCP,0,,,a,
ASN00092045,20051219,PRCP,56,,,a,
ASN00092045,20051220,PRCP,0,,,a,
ASN00092045,20051221,PRCP,0,,,a,
ASN00092045,20051222,PRCP,0,,,a,
ASN00092045,20051223,PRCP,0,,,a,
ASN00092045,20051224,PRCP,82,,,a,
ASN00092045,20051225,PRCP,14,,,a,
ASN00092045,20051226,PRCP,10,,,a,
ASN00092045,20051227,PRCP,0,,,a,
ASN00092045,20051228,PRCP,8,,,a,
ASN00092045,20051229,PRCP,2,,,a,
ASN00092045,20051230,PRCP,0,,,a,
ASN00092045,20051231,PRCP,0,,,a,
ASN00092045,20051201,TAVG,177,H,,S,
ASN00092045,20051202,TAVG,173,H,,S,
ASN00092045,20051203,TAVG,135,H,,S,
ASN00092045,20051204,TAVG,159,H,,S,
ASN00092045,20051205,TAVG,159,H,,S,
ASN00092045,20051206,TAVG,167,H,,S,
ASN00092045,20051207,TAVG,157,H,,S,
ASN00092045,20051208,TAVG,142,H,,S,
ASN00092045,20051209,TAVG,154,H,,S,
ASN00092045,20051210,TAVG,154,H,,S,
ASN00092045,20051211,TAVG,173,H,,S,
ASN00092045,20051212,TAVG,163,H,,S,
ASN00092045,20051213,TAVG,152,H,,S,
ASN00092045,20051214,TAVG,152,H,,S,
ASN00092045,20051215,TAVG,177,H,,S,
ASN00092045,20051216,TAVG,154,H,,S,
ASN00092045,20051217,TAVG,151,H,,S,
ASN00092045,20051218,TAVG,132,H,,S,
ASN00092045,20051219,TAVG,162,H,,S,
ASN00092045,20051220,TAVG,177,H,,S,
ASN00092045,20051221,TAVG,176,H,,S,
ASN00092045,20051222,TAVG,166,H,,S,
ASN00092045,20051223,TAVG,171,H,,S,
ASN00092045,20051224,TAVG,138,H,,S,
ASN00092045,20051225,TAVG,144,H,,S,
ASN00092045,20051226,TAVG,163,H,,S,
ASN00092045,20051227,TAVG,189,H,,S,
ASN00092045,20051228,TAVG,169,H,,S,
ASN00092045,20051229,TAVG,173,H,,S,
ASN00092045,20051230,TAVG,187,H,,S,
ASN00092045,20051231,TAVG,173,H,,S,
ASN00092045,20060101,TMAX,206,,,a,
ASN00092045,20060102,TMAX,198,,,a,
ASN00092045,20060103,TMAX,246,,,a,
ASN00092045,20060104,TMAX,190,,,a,
ASN00092045,20060105,TMAX,195,,,a,
ASN00092045,20060106,TMAX,231,,,a,
ASN00092045,20060107,TMAX,237,,,a,
ASN00092045,20060108,TMAX,218,,,a,
ASN00092045,20060109,TMAX,214,,,a,
ASN00092045,20060110,TMAX,228,,,a,
ASN00092045,20060111,TMAX,173,,,a,
ASN00092045,20060112,TMAX,221,,,a,
ASN00092045,20060113,TMAX,226,,,a,
ASN00092045,20060114,TMAX,252,,,a,
ASN00092045,20060115,TMAX,196,,,a,
ASN00092045,20060116,TMAX,215,,,a,
ASN00092045,20060117,TMAX,192,,,a,
ASN00092045,20060118,TMAX,189,,,a,
ASN00092045,20060119,TMAX,223,,,a,
ASN00092045,20060120,TMAX,213,,,a,
ASN00092045,20060121,TMAX,243,,,a,
ASN00092045,20060122,TMAX,244,,,a,
ASN00092045,20060123,TMAX,246,,,a,
ASN00092045,20060124,TMAX,206,,,a,
ASN00092045,20060125,TMAX,222,,,a,
ASN00092045,20060126,TMAX,233,,,a,
ASN00092045,20060127,TMAX,256,,,a,
ASN00092045,20060128,TMAX,238,,,a,
ASN00092045,20060129,TMAX,214,,,a,
ASN00092045,20060130,TMAX,176,,,a,
ASN00092045,20060131,TMAX,213,,,a,
ASN00092045,20060101,TMIN,157,,,a,
ASN00092045,20060102,TMIN,87,,,a,
ASN00092045,20060103,TMIN,132,,,a,
ASN00092045,20060104,TMIN,124,,,a,
ASN00092045,20060105,TMIN,117,,,a,
ASN00092045,20060106,TMIN,109,,,a,
ASN00092045,20060107,TMIN,142,,,a,
ASN00092045,20060108,TMIN,153,,,a,
ASN00092045,20060109,TMIN,160,,,a,
ASN00092045,20060110,TMIN,159,,,a,
ASN00092045,20060111,TMIN,131,,,a,
ASN00092045,20060112,TMIN,102,,,a,
ASN00092045,20060113,TMIN,98,,,a,
ASN00092045,20060114,TMIN,122,,,a,
ASN00092045,20060115,TMIN,145,,,a,
ASN00092045,20060116,TMIN,149,,,a,
ASN00092045,20060117,TMIN,154,,,a,
ASN00092045,20060118,TMIN,132,,,a,
ASN00092045,20060119,TMIN,140,,,a,
ASN00092045,20060120,TMIN,167,,,a,
ASN00092045,20060121,TMIN,158,,,a,
ASN00092045,20060122,TMIN,158,,,a,
ASN00092045,20060123,TMIN,170,,,a,
ASN00092045,20060124,TMIN,125,,,a,
ASN00092045,20060125,TMIN,125,,,a,
ASN00092045,20060126,TMIN,168,,,a,
ASN00092045,20060127,TMIN,183,,,a,
ASN00092045,20060128,TMIN,166,,,a,
ASN00092045,20060129,TMIN,177,,,a,
ASN00092045,20060130,TMIN,173,,,a,
ASN00092045,20060131,TMIN,117,,,a,
ASN00092045,20060101,PRCP,0,,,a,
ASN00092045,20060102,PRCP,4,,,a,
ASN00092045,20060103,PRCP,0,,,a,
ASN00092045,20060104,PRCP,0,,,a,
ASN00092045,20060105,PRCP,0,,,a,
ASN00092045,20060106,PRCP,0,,,a,
ASN00092045,20060107,PRCP,0,,,a,
ASN00092045,20060108,PRCP,0,,,a,
ASN00092045,20060109,PRCP,0,,,a,
ASN00092045,20060110,PRCP,0,,,a,
ASN00092045,20060111,PRCP,8,,,a,
ASN00092045,20060112,PRCP,26,,,a,
ASN00092045,20060113,PRCP,0,,,a,
ASN00092045,20060114,PRCP,0,,,a,
ASN00092045,20060115,PRCP,0,,,a,
ASN00092045,20060116,PRCP,0,,,a,
ASN00092045,20060117,PRCP,16,,,a,
ASN00092045,20060118,PRCP,0,,,a,
ASN00092045,20060119,PRCP,0,,,a,
ASN00092045,20060120,PRCP,0,,,a,
ASN00092045,20060121,PRCP,6,,,a,
ASN00092045,20060122,PRCP,2,,,a,
ASN00092045,20060123,PRCP,0,,,a,
ASN00092045,20060124,PRCP,0,,,a,
ASN00092045,20060125,PRCP,0,,,a,
ASN00092045,20060126,PRCP,0,,,a,
ASN00092045,20060127,PRCP,14,,,a,
ASN00092045,20060128,PRCP,2,,,a,
ASN00092045,20060129,PRCP,18,,,a,
ASN00092045,20060130,PRCP,30,,,a,
ASN00092045,20060131,PRCP,120,,,a,
ASN00092045,20060101,TAVG,148,H,,S,
ASN00092045,20060102,TAVG,157,H,,S,
ASN00092045,20060103,TAVG,173,H,,S,
ASN00092045,20060104,TAVG,145,H,,S,
ASN00092045,20060105,TAVG,157,H,,S,
ASN00092045,20060106,TAVG,166,H,,S,
ASN00092045,20060107,TAVG,183,H,,S,
ASN00092045,20060108,TAVG,177,H,,S,
ASN00092045,20060109,TAVG,178,H,,S,
ASN00092045,20060110,TAVG,186,H,,S,
ASN00092045,20060111,TAVG,141,H,,S,
ASN00092045,20060112,TAVG,163,H,,S,
ASN00092045,20060113,TAVG,158,H,,S,
ASN00092045,20060114,TAVG,178,H,,S,
ASN00092045,20060115,TAVG,167,H,,S,
ASN00092045,20060116,TAVG,177,H,,S,
ASN00092045,20060117,TAVG,147,H,,S,
ASN00092045,20060118,TAVG,160,H,,S,
ASN00092045,20060119,TAVG,184,H,,S,
ASN00092045,20060120,TAVG,183,H,,S,
ASN00092045,20060121,TAVG,189,H,,S,
ASN00092045,20060122,TAVG,212,H,,S,
ASN00092045,20060123,TAVG,173,H,,S,
ASN00092045,20060124,TAVG,169,H,,S,
ASN00092045,20060125,TAVG,189,H,,S,
ASN00092045,20060126,TAVG,204,H,,S,
ASN00092045,20060127,TAVG,201,H,,S,
ASN00092045,20060128,TAVG,193,H,,S,
ASN00092045,20060129,TAVG,188,H,,S,
ASN00092045,20060130,TAVG,148,H,,S,
ASN00092045,20060131,TAVG,171,H,,S,
ASN00092045,20060201,TMAX,176,,,a,
ASN00092045,20060202,TMAX,215,,,a,
ASN00092045,20060203,TMAX,222,,,a,
ASN00092045,20060204,TMAX,243,,,a,
ASN00092045,20060205,TMAX,216,,,a,
ASN00092045,20060206,TMAX,228,,,a,
ASN00092045,20060207,TMAX,207,,,a,
ASN00092045,20060208,TMAX,211,,,a,
ASN00092045,20060209,TMAX,187,,,a,
ASN00092045,20060210,TMAX,209,,,a,
ASN00092045,20060211,TMAX,224,,,a,
ASN00092045,20060212,TMAX,219,,,a,
ASN00092045,20060213,TMAX,225,,,a,
ASN00092045,20060214,TMAX,245,,,a,
ASN00092045,20060215,TMAX,227,,,a,
ASN00092045,20060216,TMAX,231,,,a,
ASN00092045,20060217,TMAX,248,,,a,
ASN00092045,20060218,TMAX,243,,,a,
ASN00092045,20060219,TMAX,250,,,a,
ASN00092045,20060220,TMAX,234,,,a,
ASN00092045,20060221,TMAX,268,,,a,
ASN00092045,20060222,TMAX,211,,,a,
ASN00092045,20060223,TMAX,203,,,a,
ASN00092045,20060224,TMAX,228,,,a,
ASN00092045,20060225,TMAX,278,,,a,
ASN00092045,20060226,TMAX,205,,,a,
ASN00092045,20060227,TMAX,227,,,a,
ASN00092045,20060228,TMAX,227,,,a,
ASN00092045,20060201,TMIN,152,,,a,
ASN00092045,20060202,TMIN,151,,,a,
ASN00092045,20060203,TMIN,149,,,a,
ASN00092045,20060204,TMIN,135,,,a,
ASN00092045,20060205,TMIN,123,,,a,
ASN00092045,20060206,TMIN,140,,,a,
ASN00092045,20060207,TMIN,69,,,a,
ASN00092045,20060208,TMIN,131,,,a,
ASN00092045,20060209,TMIN,172,,,a,
ASN00092045,20060210,TMIN,91,,,a,
ASN00092045,20060211,TMIN,125,,,a,
ASN00092045,20060212,TMIN,128,,,a,
ASN00092045,20060213,TMIN,89,,,a,
ASN00092045,20060214,TMIN,128,,,a,
ASN00092045,20060215,TMIN,141,,,a,
ASN00092045,20060216,TMIN,171,,,a,
ASN00092045,20060217,TMIN,174,,,a,
ASN00092045,20060218,TMIN,147,,,a,
ASN00092045,20060219,TMIN,158,,,a,
ASN00092045,20060220,TMIN,148,,,a,
ASN00092045,20060221,TMIN,132,,,a,
ASN00092045,20060222,TMIN,156,,,a,
ASN00092045,20060223,TMIN,147,,,a,
ASN00092045,20060224,TMIN,170,,,a,
ASN00092045,20060225,TMIN,177,,,a,
ASN00092045,20060226,TMIN,157,,,a,
ASN00092045,20060227,TMIN,133,,,a,
ASN00092045,20060228,TMIN,132,,,a,
ASN00092045,20060201,PRCP,72,,,a,
ASN00092045,20060202,PRCP,74,,,a,
ASN00092045,20060203,PRCP,0,,,a,
ASN00092045,20060204,PRCP,0,,,a,
ASN00092045,20060205,PRCP,0,,,a,
ASN00092045,20060206,PRCP,0,,,a,
ASN00092045,20060207,PRCP,0,,,a,
ASN00092045,20060208,PRCP,0,,,a,
ASN00092045,20060209,PRCP,0,,,a,
ASN00092045,20060210,PRCP,60,,,a,
ASN00092045,20060211,PRCP,0,,,a,
ASN00092045,20060212,PRCP,0,,,a,
ASN00092045,20060213,PRCP,0,,,a,
ASN00092045,20060214,PRCP,0,,,a,
ASN00092045,20060215,PRCP,0,,,a,
ASN00092045,20060216,PRCP,0,,,a,
ASN00092045,20060217,PRCP,0,,,a,
ASN00092045,20060218,PRCP,0,,,a,
ASN00092045,20060219,PRCP,2,,,a,
ASN00092045,20060220,PRCP,18,,,a,
ASN00092045,20060221,PRCP,0,,,a,
ASN00092045,20060222,PRCP,0,,,a,
ASN00092045,20060223,PRCP,10,,,a,
ASN00092045,20060224,PRCP,0,,,a,
ASN00092045,20060225,PRCP,0,,,a,
ASN00092045,20060226,PRCP,66,,,a,
ASN00092045,20060227,PRCP,4,,,a,
ASN00092045,20060228,PRCP,0,,,a,
ASN00092045,20060201,TAVG,162,H,,S,
ASN00092045,20060202,TAVG,175,H,,S,
ASN00092045,20060203,TAVG,182,H,,S,
ASN00092045,20060204,TAVG,176,H,,S,
ASN00092045,20060205,TAVG,173,H,,S,
ASN00092045,20060206,TAVG,142,H,,S,
ASN00092045,20060207,TAVG,169,H,,S,
ASN00092045,20060208,TAVG,187,H,,S,
ASN00092045,20060209,TAVG,135,H,,S,
ASN00092045,20060210,TAVG,160,H,,S,
ASN00092045,20060211,TAVG,174,H,,S,
ASN00092045,20060212,TAVG,160,H,,S,
ASN00092045,20060213,TAVG,166,H,,S,
ASN00092045,20060214,TAVG,171,H,,S,
ASN00092045,20060215,TAVG,190,H,,S,
ASN00092045,20060216,TAVG,193,H,,S,
ASN00092045,20060217,TAVG,188,H,,S,
ASN00092045,20060218,TAVG,186,H,,S,
ASN00092045,20060219,TAVG,185,H,,S,
ASN00092045,20060220,TAVG,176,H,,S,
ASN00092045,20060221,TAVG,199,H,,S,
ASN00092045,20060222,TAVG,171,H,,S,
ASN00092045,20060223,TAVG,186,H,,S,
ASN00092045,20060224,TAVG,198,H,,S,
ASN00092045,20060225,TAVG,204,H,,S,
ASN00092045,20060226,TAVG,159,H,,S,
ASN00092045,20060227,TAVG,166,H,,S,
ASN00092045,20060228,TAVG,181,H,,S,
ASN00092045,20060301,TMAX,200,,,a,
ASN00092045,20060302,TMAX,246,,,a,
ASN00092045,20060303,TMAX,243,,,a,
ASN00092045,20060304,TMAX,224,,,a,
ASN00092045,20060305,TMAX,218,,,a,
ASN00092045,20060306,TMAX,249,,,a,
ASN00092045,20060307,TMAX,226,,,a,
ASN00092045,20060308,TMAX,259,,,a,
ASN00092045,20060309,TMAX,227,,,a,
ASN00092045,20060310,TMAX,186,,,a,
ASN00092045,20060311,TMAX,248,,,a,
ASN00092045,20060312,TMAX,264,,,a,
ASN00092045,20060313,TMAX,221,,,a,
ASN00092045,20060314,TMAX,204,,,a,
ASN00092045,20060315,TMAX,185,,,a,
ASN00092045,20060316,TMAX,233,,,a,
ASN00092045,20060317,TMAX,243,,,a,
ASN00092045,20060318,TMAX,189,,,a,
ASN00092045,20060319,TMAX,223,,,a,
ASN00092045,20060320,TMAX,190,,,a,
ASN00092045,20060321,TMAX,233,,,a,
ASN00092045,20060322,TMAX,250,,,a,
ASN00092045,20060323,TMAX,204,,,a,
ASN00092045,20060324,TMAX,192,,,a,
ASN00092045,20060325,TMAX,241,,,a,
ASN00092045,20060326,TMAX,219,,,a,
ASN00092045,20060327,TMAX,183,,,a,
ASN00092045,20060328,TMAX,184,,,a,
ASN00092045,20060329,TMAX,210,,,a,
ASN00092045,20060330,TMAX,242,,,a,
ASN00092045,20060331,TMAX,180,,,a,
ASN00092045,20060301,TMIN,158,,,a,
ASN00092045,20060302,TMIN,130,,,a,
ASN00092045,20060303,TMIN,151,,,a,
ASN00092045,20060304,TMIN,171,,,a,
ASN00092045,20060305,TMIN,151,,,a,
ASN00092045,20060306,TMIN,130,,,a,
ASN00092045,20060307,TMIN,104,,,a,
ASN00092045,20060308,TMIN,117,,,a,
ASN00092045,20060309,TMIN,142,,,a,
ASN00092045,20060310,TMIN,139,,,a,
ASN00092045,20060311,TMIN,142,,,a,
ASN00092045,20060312,TMIN,163,,,a,
ASN00092045,20060313,TMIN,180,,,a,
ASN00092045,20060314,TMIN,94,,,a,
ASN00092045,20060315,TMIN,97,,,a,
ASN00092045,20060316,TMIN,135,,,a,
ASN00092045,20060317,TMIN,118,,,a,
ASN00092045,20060318,TMIN,131,,,a,
ASN00092045,20060319,TMIN,144,,,a,
ASN00092045,20060320,TMIN,133,,,a,
ASN00092045,20060321,TMIN,144,,,a,
ASN00092045,20060322,TMIN,158,,,a,
ASN00092045,20060323,TMIN,155,,,a,
ASN00092045,20060324,TMIN,159,,,a,
ASN00092045,20060325,TMIN,157,,,a,
ASN00092045,20060326,TMIN,139,,,a,
ASN00092045,20060327,TMIN,154,,,a,
ASN00092045,20060328,TMIN,119,,,a,
ASN00092045,20060329,TMIN,138,,,a,
ASN00092045,20060330,TMIN,136,,,a,
ASN00092045,20060331,TMIN,126,,,a,
ASN00092045,20060301,PRCP,0,,,a,
ASN00092045,20060302,PRCP,0,,,a,
ASN00092045,20060303,PRCP,0,,,a,
ASN00092045,20060304,PRCP,0,,,a,
ASN00092045,20060305,PRCP,0,,,a,
ASN00092045,20060306,PRCP,0,,,a,
ASN00092045,20060307,PRCP,0,,,a,
ASN00092045,20060308,PRCP,0,,,a,
ASN00092045,20060309,PRCP,0,,,a,
ASN00092045,20060310,PRCP,0,,,a,
ASN00092045,20060311,PRCP,0,,,a,
ASN00092045,20060312,PRCP,0,,,a,
ASN00092045,20060313,PRCP,36,,,a,
ASN00092045,20060314,PRCP,24,,,a,
ASN00092045,20060315,PRCP,0,,,a,
ASN00092045,20060316,PRCP,0,,,a,
ASN00092045,20060317,PRCP,34,,,a,
ASN00092045,20060318,PRCP,0,,,a,
ASN00092045,20060319,PRCP,0,,,a,
ASN00092045,20060320,PRCP,0,,,a,
ASN00092045,20060321,PRCP,0,,,a,
ASN00092045,20060322,PRCP,0,,,a,
ASN00092045,20060323,PRCP,0,,,a,
ASN00092045,20060324,PRCP,6,,,a,
ASN00092045,20060325,PRCP,0,,,a,
ASN00092045,20060326,PRCP,0,,,a,
ASN00092045,20060327,PRCP,0,,,a,
ASN00092045,20060328,PRCP,212,,,a,
ASN00092045,20060329,PRCP,0,,,a,
ASN00092045,20060330,PRCP,0,,,a,
ASN00092045,20060331,PRCP,0,,,a,
ASN00092045,20060301,TAVG,166,H,,S,
ASN00092045,20060302,TAVG,192,H,,S,
ASN00092045,20060303,TAVG,196,H,,S,
ASN00092045,20060304,TAVG,177,H,,S,
ASN00092045,20060305,TAVG,174,H,,S,
ASN00092045,20060306,TAVG,156,H,,S,
ASN00092045,20060307,TAVG,154,H,,S,
ASN00092045,20060308,TAVG,182,H,,S,
ASN00092045,20060309,TAVG,179,H,,S,
ASN00092045,20060310,TAVG,164,H,,S,
ASN00092045,20060311,TAVG,194,H,,S,
ASN00092045,20060312,TAVG,202,H,,S,
ASN00092045,20060313,TAVG,153,H,,S,
ASN00092045,20060314,TAVG,154,H,,S,
ASN00092045,20060315,TAVG,161,H,,S,
ASN00092045,20060316,TAVG,153,H,,S,
ASN00092045,20060317,TAVG,178,H,,S,
ASN00092045,20060318,TAVG,170,H,,S,
ASN00092045,20060319,TAVG,171,H,,S,
ASN00092045,20060320,TAVG,162,H,,S,
ASN00092045,20060321,TAVG,182,H,,S,
ASN00092045,20060322,TAVG,184,H,,S,
ASN00092045,20060323,TAVG,171,H,,S,
ASN00092045,20060324,TAVG,171,H,,S,
ASN00092045,20060325,TAVG,182,H,,S,
ASN00092045,20060326,TAVG,185,H,,S,
ASN00092045,20060327,TAVG,144,H,,S,
ASN00092045,20060328,TAVG,158,H,,S,
ASN00092045,20060329,TAVG,168,H,,S,
ASN00092045,20060330,TAVG,163,H,,S,
ASN00092045,20060331,TAVG,115,H,,S,
ASN00092045,20060401,TMAX,173,,,a,
ASN00092045,20060402,TMAX,176,,,a,
ASN00092045,20060403,TMAX,177,,,a,
ASN00092045,20060404,TMAX,193,,,a,
ASN00092045,20060405,TMAX,189,,,a,
ASN00092045,20060406,TMAX,177,,,a,
ASN00092045,20060407,TMAX,189,,,a,
ASN00092045,20060408,TMAX,179,,,a,
ASN00092045,20060409,TMAX,170,,,a,
ASN00092045,20060410,TMAX,181,,,a,
ASN00092045,20060411,TMAX,200,,,a,
ASN00092045,20060412,TMAX,193,,,a,
ASN00092045,20060413,TMAX,185,,,a,
ASN00092045,20060414,TMAX,198,,,a,
ASN00092045,20060415,TMAX,175,,,a,
ASN00092045,20060416,TMAX,160,,,a,
ASN00092045,20060417,TMAX,179,,,a,
ASN00092045,20060418,TMAX,177,,,a,
ASN00092045,20060419,TMAX,181,,,a,
ASN00092045,20060420,TMAX,136,,,a,
ASN00092045,20060421,TMAX,156,,,a,
ASN00092045,20060422,TMAX,164,,,a,
ASN00092045,20060423,TMAX,165,,,a,
ASN00092045,20060424,TMAX,148,,,a,
ASN00092045,20060425,TMAX,137,,,a,
ASN00092045,20060426,TMAX,164,,,a,
ASN00092045,20060427,TMAX,144,,,a,
ASN00092045,20060428,TMAX,159,,,a,
ASN00092045,20060429,TMAX,162,,,a,
ASN00092045,20060430,TMAX,148,,,a,
ASN00092045,20060401,TMIN,43,,,a,
ASN00092045,20060402,TMIN,62,,,a,
ASN00092045,20060403,TMIN,87,,,a,
ASN00092045,20060404,TMIN,103,,,a,
ASN00092045,20060405,TMIN,104,,,a,
ASN00092045,20060406,TMIN,78,,,a,
ASN00092045,20060407,TMIN,75,,,a,
ASN00092045,20060408,TMIN,69,,,a,
ASN00092045,20060409,TMIN,52,,,a,
ASN00092045,20060410,TMIN,92,,,a,
ASN00092045,20060411,TMIN,111,,,a,
ASN00092045,20060412,TMIN,106,,,a,
ASN00092045,20060413,TMIN,100,,,a,
ASN00092045,20060414,TMIN,121,,,a,
ASN00092045,20060415,TMIN,96,,,a,
ASN00092045,20060416,TMIN,68,,,a,
ASN00092045,20060417,TMIN,73,,,a,
ASN00092045,20060418,TMIN,127,,,a,
ASN00092045,20060419,TMIN,130,,,a,
ASN00092045,20060420,TMIN,83,,,a,
ASN00092045,20060421,TMIN,65,,,a,
ASN00092045,20060422,TMIN,40,,,a,
ASN00092045,20060423,TMIN,56,,,a,
ASN00092045,20060424,TMIN,93,,,a,
ASN00092045,20060425,TMIN,110,,,a,
ASN00092045,20060426,TMIN,121,,,a,
ASN00092045,20060427,TMIN,109,,,a,
ASN00092045,20060428,TMIN,114,,,a,
ASN00092045,20060429,TMIN,116,,,a,
ASN00092045,20060430,TMIN,128,,,a,
ASN00092045,20060401,PRCP,18,,,a,
ASN00092045,20060402,PRCP,2,,,a,
ASN00092045,20060403,PRCP,0,,,a,
ASN00092045,20060404,PRCP,4,,,a,
ASN00092045,20060405,PRCP,12,,,a,
ASN00092045,20060406,PRCP,2,,,a,
ASN00092045,20060407,PRCP,0,,,a,
ASN00092045,20060408,PRCP,0,,,a,
ASN00092045,20060409,PRCP,0,,,a,
ASN00092045,20060410,PRCP,0,,,a,
ASN00092045,20060411,PRCP,0,,,a,
ASN00092045,20060412,PRCP,22,,,a,
ASN00092045,20060413,PRCP,0,,,a,
ASN00092045,20060414,PRCP,4,,,a,
ASN00092045,20060415,PRCP,202,,,a,
ASN00092045,20060416,PRCP,0,,,a,
ASN00092045,20060417,PRCP,0,,,a,
ASN00092045,20060418,PRCP,42,,,a,
ASN00092045,20060419,PRCP,0,,,a,
ASN00092045,20060420,PRCP,128,,,a,
ASN00092045,20060421,PRCP,54,,,a,
ASN00092045,20060422,PRCP,0,,,a,
ASN00092045,20060423,PRCP,2,,,a,
ASN00092045,20060424,PRCP,0,,,a,
ASN00092045,20060425,PRCP,0,,,a,
ASN00092045,20060426,PRCP,0,,,a,
ASN00092045,20060427,PRCP,8,,,a,
ASN00092045,20060428,PRCP,0,,,a,
ASN00092045,20060429,PRCP,24,,,a,
ASN00092045,20060430,PRCP,6,,,a,
ASN00092045,20060401,TAVG,111,H,,S,
ASN00092045,20060402,TAVG,129,H,,S,
ASN00092045,20060403,TAVG,133,H,,S,
ASN00092045,20060404,TAVG,137,H,,S,
ASN00092045,20060405,TAVG,117,H,,S,
ASN00092045,20060406,TAVG,118,H,,S,
ASN00092045,20060407,TAVG,114,H,,S,
ASN00092045,20060408,TAVG,109,H,,S,
ASN00092045,20060409,TAVG,130,H,,S,
ASN00092045,20060410,TAVG,146,H,,S,
ASN00092045,20060411,TAVG,162,H,,S,
ASN00092045,20060412,TAVG,141,H,,S,
ASN00092045,20060413,TAVG,146,H,,S,
ASN00092045,20060414,TAVG,138,H,,S,
ASN00092045,20060415,TAVG,118,H,,S,
ASN00092045,20060416,TAVG,108,H,,S,
ASN00092045,20060417,TAVG,152,H,,S,
ASN00092045,20060418,TAVG,160,H,,S,
ASN00092045,20060419,TAVG,147,H,,S,
ASN00092045,20060420,TAVG,96,H,,S,
ASN00092045,20060421,TAVG,98,H,,S,
ASN00092045,20060422,TAVG,110,H,,S,
ASN00092045,20060423,TAVG,119,H,,S,
ASN00092045,20060424,TAVG,122,H,,S,
ASN00092045,20060425,TAVG,127,H,,S,
ASN00092045,20060426,TAVG,128,H,,S,
ASN00092045,20060427,TAVG,127,H,,S,
ASN00092045,20060428,TAVG,133,H,,S,
ASN00092045,20060429,TAVG,142,H,,S,
ASN00092045,20060430,TAVG,133,H,,S,
ASN00092045,20060501,TMAX,162,,,a,
ASN00092045,20060502,TMAX,161,,,a,
ASN00092045,20060503,TMAX,125,,,a,
ASN00092045,20060504,TMAX,162,,,a,
ASN00092045,20060505,TMAX,159,,,a,
ASN00092045,20060506,TMAX,164,,,a,
ASN00092045,20060507,TMAX,118,,,a,
ASN00092045,20060508,TMAX,140,,,a,
ASN00092045,20060509,TMAX,154,,,a,
ASN00092045,20060510,TMAX,143,,,a,
ASN00092045,20060511,TMAX,142,,,a,
ASN00092045,20060512,TMAX,179,,,a,
ASN00092045,20060513,TMAX,153,,,a,
ASN00092045,20060514,TMAX,133,,,a,
ASN00092045,20060515,TMAX,195,,,a,
ASN00092045,20060516,TMAX,178,,,a,
ASN00092045,20060517,TMAX,165,,,a,
ASN00092045,20060518,TMAX,154,,,a,
ASN00092045,20060519,TMAX,160,,,a,
ASN00092045,20060520,TMAX,132,,,a,
ASN00092045,20060521,TMAX,160,,,a,
ASN00092045,20060522,TMAX,129,,,a,
ASN00092045,20060523,TMAX,138,,,a,
ASN00092045,20060524,TMAX,145,,,a,
ASN00092045,20060525,TMAX,141,,,a,
ASN00092045,20060526,TMAX,153,,,a,
ASN00092045,20060527,TMAX,164,,,a,
ASN00092045,20060528,TMAX,164,,,a,
ASN00092045,20060529,TMAX,128,,,a,
ASN00092045,20060530,TMAX,131,,,a,
ASN00092045,20060531,TMAX,150,,,a,
ASN00092045,20060501,TMIN,120,,,a,
ASN00092045,20060502,TMIN,95,,,a,
ASN00092045,20060503,TMIN,88,,,a,
ASN00092045,20060504,TMIN,50,,,a,
ASN00092045,20060505,TMIN,104,,,a,
ASN00092045,20060506,TMIN,50,,,a,
ASN00092045,20060507,TMIN,104,,,a,
ASN00092045,20060508,TMIN,35,,,a,
ASN00092045,20060509,TMIN,81,,,a,
ASN00092045,20060510,TMIN,54,,,a,
ASN00092045,20060511,TMIN,42,,,a,
ASN00092045,20060512,TMIN,74,,,a,
ASN00092045,20060513,TMIN,98,,,a,
ASN00092045,20060514,TMIN,100,,,a,
ASN00092045,20060515,TMIN,84,,,a,
ASN00092045,20060516,TMIN,94,,,a,
ASN00092045,20060517,TMIN,106,,,a,
ASN00092045,20060518,TMIN,104,,,a,
ASN00092045,20060519,TMIN,100,,,a,
ASN00092045,20060520,TMIN,47,,,a,
ASN00092045,20060521,TMIN,83,,,a,
ASN00092045,20060522,TMIN,67,,,a,
ASN00092045,20060523,TMIN,98,,,a,
ASN00092045,20060524,TMIN,109,,,a,
ASN00092045,20060525,TMIN,108,,,a,
ASN00092045,20060526,TMIN,97,,,a,
ASN00092045,20060527,TMIN,84,,,a,
ASN00092045,20060528,TMIN,67,,,a,
ASN00092045,20060529,TMIN,69,,,a,
ASN00092045,20060530,TMIN,81,,,a,
ASN00092045,20060531,TMIN,99,,,a,
ASN00092045,20060501,PRCP,38,,,a,
ASN00092045,20060502,PRCP,20,,,a,
ASN00092045,20060503,PRCP,46,,,a,
ASN00092045,20060504,PRCP,36,,,a,
ASN00092045,20060505,PRCP,88,,,a,
ASN00092045,20060506,PRCP,2,,,a,
ASN00092045,20060507,PRCP,24,,,a,
ASN00092045,20060508,PRCP,70,,,a,
ASN00092045,20060509,PRCP,14,,,a,
ASN00092045,20060510,PRCP,62,,,a,
ASN00092045,20060511,PRCP,0,,,a,
ASN00092045,20060512,PRCP,0,,,a,
ASN00092045,20060513,PRCP,0,,,a,
ASN00092045,20060514,PRCP,0,,,a,
ASN00092045,20060515,PRCP,0,,,a,
ASN00092045,20060516,PRCP,0,,,a,
ASN00092045,20060517,PRCP,0,,,a,
ASN00092045,20060518,PRCP,0,,,a,
ASN00092045,20060519,PRCP,0,,,a,
ASN00092045,20060520,PRCP,0,,,a,
ASN00092045,20060521,PRCP,0,,,a,
ASN00092045,20060522,PRCP,0,,,a,
ASN00092045,20060523,PRCP,2,,,a,
ASN00092045,20060524,PRCP,2,,,a,
ASN00092045,20060525,PRCP,4,,,a,
ASN00092045,20060526,PRCP,0,,,a,
ASN00092045,20060527,PRCP,0,,,a,
ASN00092045,20060528,PRCP,0,,,a,
ASN00092045,20060529,PRCP,0,,,a,
ASN00092045,20060530,PRCP,0,,,a,
ASN00092045,20060531,PRCP,12,,,a,
ASN00092045,20060501,TAVG,123,H,,S,
ASN00092045,20060502,TAVG,127,H,,S,
ASN00092045,20060503,TAVG,77,H,,S,
ASN00092045,20060504,TAVG,143,H,,S,
ASN00092045,20060505,TAVG,92,H,,S,
ASN00092045,20060506,TAVG,140,H,,S,
ASN00092045,20060507,TAVG,77,H,,S,
ASN00092045,20060508,TAVG,119,H,,S,
ASN00092045,20060509,TAVG,102,H,,S,
ASN00092045,20060510,TAVG,85,H,,S,
ASN00092045,20060511,TAVG,104,H,,S,
ASN00092045,20060512,TAVG,128,H,,S,
ASN00092045,20060513,TAVG,122,H,,S,
ASN00092045,20060514,TAVG,106,H,,S,
ASN00092045,20060515,TAVG,126,H,,S,
ASN00092045,20060516,TAVG,136,H,,S,
ASN00092045,20060517,TAVG,135,H,,S,
ASN00092045,20060518,TAVG,123,H,,S,
ASN00092045,20060519,TAVG,113,H,,S,
ASN00092045,20060520,TAVG,101,H,,S,
ASN00092045,20060521,TAVG,107,H,,S,
ASN00092045,20060522,TAVG,108,H,,S,
ASN00092045,20060523,TAVG,118,H,,S,
ASN00092045,20060524,TAVG,121,H,,S,
ASN00092045,20060525,TAVG,115,H,,S,
ASN00092045,20060526,TAVG,112,H,,S,
ASN00092045,20060527,TAVG,110,H,,S,
ASN00092045,20060528,TAVG,106,H,,S,
ASN00092045,20060529,TAVG,104,H,,S,
ASN00092045,20060530,TAVG,114,H,,S,
ASN00092045,20060531,TAVG,129,H,,S,
ASN00092045,20060601,TMAX,137,,,a,
ASN00092045,20060602,TMAX,124,,,a,
ASN00092045,20060603,TMAX,145,,,a,
ASN00092045,20060604,TMAX,131,,,a,
ASN00092045,20060605,TMAX,137,,,a,
ASN00092045,20060606,TMAX,137,,,a,
ASN00092045,20060607,TMAX,119,,,a,
ASN00092045,20060608,TMAX,154,,,a,
ASN00092045,20060609,TMAX,147,,,a,
ASN00092045,20060610,TMAX,137,,,a,
ASN00092045,20060611,TMAX,114,,,a,
ASN00092045,20060612,TMAX,165,,,a,
ASN00092045,20060613,TMAX,135,,,a,
ASN00092045,20060614,TMAX,162,,,a,
ASN00092045,20060615,TMAX,160,,,a,
ASN00092045,20060616,TMAX,131,,,a,
ASN00092045,20060617,TMAX,163,,,a,
ASN00092045,20060618,TMAX,133,,,a,
ASN00092045,20060619,TMAX,139,,,a,
ASN00092045,20060620,TMAX,146,,,a,
ASN00092045,20060621,TMAX,132,,,a,
ASN00092045,20060622,TMAX,147,,,a,
ASN00092045,20060623,TMAX,136,,,a,
ASN00092045,20060624,TMAX,149,,,a,
ASN00092045,20060625,TMAX,135,,,a,
ASN00092045,20060626,TMAX,145,,,a,
ASN00092045,20060627,TMAX,122,,,a,
ASN00092045,20060628,TMAX,123,,,a,
ASN00092045,20060629,TMAX,152,,,a,
ASN00092045,20060630,TMAX,137,,,a,
ASN00092045,20060601,TMIN,118,,,a,
ASN00092045,20060602,TMIN,100,,,a,
ASN00092045,20060603,TMIN,86,,,a,
ASN00092045,20060604,TMIN,70,,,a,
ASN00092045,20060605,TMIN,52,,,a,
ASN00092045,20060606,TMIN,50,,,a,
ASN00092045,20060607,TMIN,53,,,a,
ASN00092045,20060608,TMIN,60,,,a,
ASN00092045,20060609,TMIN,67,,,a,
ASN00092045,20060610,TMIN,60,,,a,
ASN00092045,20060611,TMIN,50,,,a,
ASN00092045,20060612,TMIN,37,,,a,
ASN00092045,20060613,TMIN,53,,,a,
ASN00092045,20060614,TMIN,79,,,a,
ASN00092045,20060615,TMIN,95,,,a,
ASN00092045,20060616,TMIN,32,,,a,
ASN00092045,20060617,TMIN,38,,,a,
ASN00092045,20060618,TMIN,70,,,a,
ASN00092045,20060619,TMIN,74,,,a,
ASN00092045,20060620,TMIN,55,,,a,
ASN00092045,20060621,TMIN,82,,,a,
ASN00092045,20060622,TMIN,113,,,a,
ASN00092045,20060623,TMIN,127,,,a,
ASN00092045,20060624,TMIN,68,,,a,
ASN00092045,20060625,TMIN,26,,,a,
ASN00092045,20060626,TMIN,58,,,a,
ASN00092045,20060627,TMIN,77,,,a,
ASN00092045,20060628,TMIN,35,,,a,
ASN00092045,20060629,TMIN,62,,,a,
ASN00092045,20060630,TMIN,62,,,a,
ASN00092045,20060601,PRCP,2,,,a,
ASN00092045,20060602,PRCP,36,,,a,
ASN00092045,20060603,PRCP,2,,,a,
ASN00092045,20060604,PRCP,18,,,a,
ASN00092045,20060605,PRCP,0,,,a,
ASN00092045,20060606,PRCP,2,,,a,
ASN00092045,20060607,PRCP,0,,,a,
ASN00092045,20060608,PRCP,2,,,a,
ASN00092045,20060609,PRCP,0,,,a,
ASN00092045,20060610,PRCP,2,,,a,
ASN00092045,20060611,PRCP,0,,,a,
ASN00092045,20060612,PRCP,0,,,a,
ASN00092045,20060613,PRCP,0,,,a,
ASN00092045,20060614,PRCP,0,,,a,
ASN00092045,20060615,PRCP,0,,,a,
ASN00092045,20060616,PRCP,0,,,a,
ASN00092045,20060617,PRCP,0,,,a,
ASN00092045,20060618,PRCP,0,,,a,
ASN00092045,20060619,PRCP,0,,,a,
ASN00092045,20060620,PRCP,0,,,a,
ASN00092045,20060621,PRCP,10,,,a,
ASN00092045,20060622,PRCP,0,,,a,
ASN00092045,20060623,PRCP,0,,,a,
ASN00092045,20060624,PRCP,0,,,a,
ASN00092045,20060625,PRCP,0,,,a,
ASN00092045,20060626,PRCP,0,,,a,
ASN00092045,20060627,PRCP,30,,,a,
ASN00092045,20060628,PRCP,38,,,a,
ASN00092045,20060629,PRCP,0,,,a,
ASN00092045,20060630,PRCP,2,,,a,
ASN00092045,20060601,TAVG,119,H,,S,
ASN00092045,20060602,TAVG,103,H,,S,
ASN00092045,20060603,TAVG,97,H,,S,
ASN00092045,20060604,TAVG,86,H,,S,
ASN00092045,20060605,TAVG,87,H,,S,
ASN00092045,20060606,TAVG,84,H,,S,
ASN00092045,20060607,TAVG,82,H,,S,
ASN00092045,20060608,TAVG,98,H,,S,
ASN00092045,20060609,TAVG,92,H,,S,
ASN00092045,20060610,TAVG,89,H,,S,
ASN00092045,20060611,TAVG,72,H,,S,
ASN00092045,20060612,TAVG,95,H,,S,
ASN00092045,20060613,TAVG,102,H,,S,
ASN00092045,20060614,TAVG,122,H,,S,
ASN00092045,20060615,TAVG,93,H,,S,
ASN00092045,20060616,TAVG,78,H,,S,
ASN00092045,20060617,TAVG,99,H,,S,
ASN00092045,20060618,TAVG,100,H,,S,
ASN00092045,20060619,TAVG,87,H,,S,
ASN00092045,20060620,TAVG,112,H,,S,
ASN00092045,20060621,TAVG,119,H,,S,
ASN00092045,20060622,TAVG,132,H,,S,
ASN00092045,20060623,TAVG,106,H,,S,
ASN00092045,20060624,TAVG,91,H,,S,
ASN00092045,20060625,TAVG,84,H,,S,
ASN00092045,20060626,TAVG,107,H,,S,
ASN00092045,20060627,TAVG,80,H,,S,
ASN00092045,20060628,TAVG,85,H,,S,
ASN00092045,20060629,TAVG,101,H,,S,
ASN00092045,20060630,TAVG,117,H,,S,
ASN00092045,20060701,TMAX,128,,,a,
ASN00092045,20060702,TMAX,113,,,a,
ASN00092045,20060703,TMAX,136,,,a,
ASN00092045,20060704,TMAX,142,,,a,
ASN00092045,20060705,TMAX,130,,,a,
ASN00092045,20060706,TMAX,130,,,a,
ASN00092045,20060707,TMAX,153,,,a,
ASN00092045,20060708,TMAX,132,,,a,
ASN00092045,20060709,TMAX,136,,,a,
ASN00092045,20060710,TMAX,141,,,a,
ASN00092045,20060711,TMAX,137,,,a,
ASN00092045,20060712,TMAX,124,,,a,
ASN00092045,20060713,TMAX,135,,,a,
ASN00092045,20060714,TMAX,150,,,a,
ASN00092045,20060715,TMAX,138,,,a,
ASN00092045,20060716,TMAX,145,,,a,
ASN00092045,20060717,TMAX,139,,,a,
ASN00092045,20060718,TMAX,104,,,a,
ASN00092045,20060719,TMAX,108,,,a,
ASN00092045,20060720,TMAX,128,,,a,
ASN00092045,20060721,TMAX,149,,,a,
ASN00092045,20060722,TMAX,150,,,a,
ASN00092045,20060723,TMAX,132,,,a,
ASN00092045,20060724,TMAX,140,,,a,
ASN00092045,20060725,TMAX,145,,,a,
ASN00092045,20060726,TMAX,138,,,a,
ASN00092045,20060727,TMAX,131,,,a,
ASN00092045,20060728,TMAX,150,,,a,
ASN00092045,20060729,TMAX,119,,,a,
ASN00092045,20060730,TMAX,137,,,a,
ASN00092045,20060731,TMAX,141,,,a,
ASN00092045,20060701,TMIN,80,,,a,
ASN00092045,20060702,TMIN,80,,,a,
ASN00092045,20060703,TMIN,53,,,a,
ASN00092045,20060704,TMIN,83,,,a,
ASN00092045,20060705,TMIN,93,,,a,
ASN00092045,20060706,TMIN,53,,,a,
ASN00092045,20060707,TMIN,82,,,a,
ASN00092045,20060708,TMIN,88,,,a,
ASN00092045,20060709,TMIN,85,,,a,
ASN00092045,20060710,TMIN,87,,,a,
ASN00092045,20060711,TMIN,101,,,a,
ASN00092045,20060712,TMIN,18,,,a,
ASN00092045,20060713,TMIN,36,,,a,
ASN00092045,20060714,TMIN,55,,,a,
ASN00092045,20060715,TMIN,95,,,a,
ASN00092045,20060716,TMIN,119,,,a,
ASN00092045,20060717,TMIN,112,,,a,
ASN00092045,20060718,TMIN,73,,,a,
ASN00092045,20060719,TMIN,49,,,a,
ASN00092045,20060720,TMIN,52,,,a,
ASN00092045,20060721,TMIN,71,,,a,
ASN00092045,20060722,TMIN,62,,,a,
ASN00092045,20060723,TMIN,58,,,a,
ASN00092045,20060724,TMIN,68,,,a,
ASN00092045,20060725,TMIN,92,,,a,
ASN00092045,20060726,TMIN,111,,,a,
ASN00092045,20060727,TMIN,100,,,a,
ASN00092045,20060728,TMIN,82,,,a,
ASN00092045,20060729,TMIN,74,,,a,
ASN00092045,20060730,TMIN,72,,,a,
ASN00092045,20060731,TMIN,75,,,a,
ASN00092045,20060701,PRCP,52,,,a,
ASN00092045,20060702,PRCP,172,,,a,
ASN00092045,20060703,PRCP,0,,,a,
ASN00092045,20060704,PRCP,2,,,a,
ASN00092045,20060705,PRCP,6,,,a,
ASN00092045,20060706,PRCP,8,,,a,
ASN00092045,20060707,PRCP,0,,,a,
ASN00092045,20060708,PRCP,0,,,a,
ASN00092045,20060709,PRCP,0,,,a,
ASN00092045,20060710,PRCP,16,,,a,
ASN00092045,20060711,PRCP,36,,,a,
ASN00092045,20060712,PRCP,20,,,a,
ASN00092045,20060713,PRCP,0,,,a,
ASN00092045,20060714,PRCP,0,,,a,
ASN00092045,20060715,PRCP,8,,,a,
ASN00092045,20060716,PRCP,174,,,a,
ASN00092045,20060717,PRCP,40,,,a,
ASN00092045,20060718,PRCP,8,,,a,
ASN00092045,20060719,PRCP,0,,,a,
ASN00092045,20060720,PRCP,0,,,a,
ASN00092045,20060721,PRCP,10,,,a,
ASN00092045,20060722,PRCP,0,,,a,
ASN00092045,20060723,PRCP,0,,,a,
ASN00092045,20060724,PRCP,8,,,a,
ASN00092045,20060725,PRCP,48,,,a,
ASN00092045,20060726,PRCP,72,,,a,
ASN00092045,20060727,PRCP,28,,,a,
ASN00092045,20060728,PRCP,52,,,a,
ASN00092045,20060729,PRCP,2,,,a,
ASN00092045,20060730,PRCP,28,,,a,
ASN00092045,20060731,PRCP,120,,,a,
ASN00092045,20060701,TAVG,104,H,,S,
ASN00092045,20060702,TAVG,82,H,,S,
ASN00092045,20060703,TAVG,106,H,,S,
ASN00092045,20060704,TAVG,114,H,,S,
ASN00092045,20060705,TAVG,102,H,,S,
ASN00092045,20060706,TAVG,101,H,,S,
ASN00092045,20060707,TAVG,112,H,,S,
ASN00092045,20060708,TAVG,103,H,,S,
ASN00092045,20060709,TAVG,111,H,,S,
ASN00092045,20060710,TAVG,119,H,,S,
ASN00092045,20060711,TAVG,69,H,,S,
ASN00092045,20060712,TAVG,73,H,,S,
ASN00092045,20060713,TAVG,85,H,,S,
ASN00092045,20060714,TAVG,120,H,,S,
ASN00092045,20060715,TAVG,127,H,,S,
ASN00092045,20060716,TAVG,126,H,,S,
ASN00092045,20060717,TAVG,105,H,,S,
ASN00092045,20060718,TAVG,74,H,,S,
ASN00092045,20060719,TAVG,77,H,,S,
ASN00092045,20060720,TAVG,99,H,,S,
ASN00092045,20060721,TAVG,97,H,,S,
ASN00092045,20060722,TAVG,93,H,,S,
ASN00092045,20060723,TAVG,94,H,,S,
ASN00092045,20060724,TAVG,113,H,,S,
ASN00092045,20060725,TAVG,126,H,,S,
ASN00092045,20060726,TAVG,119,H,,S,
ASN00092045,20060727,TAVG,107,H,,S,
ASN00092045,20060728,TAVG,103,H,,S,
ASN00092045,20060729,TAVG,94,H,,S,
ASN00092045,20060730,TAVG,102,H,,S,
ASN00092045,20060731,TAVG,94,H,,S,
ASN00092045,20060801,TMAX,147,,,a,
ASN00092045,20060802,TMAX,130,,,a,
ASN00092045,20060803,TMAX,150,,,a,
ASN00092045,20060804,TMAX,159,,,a,
ASN00092045,20060805,TMAX,145,,,a,
ASN00092045,20060806,TMAX,132,,,a,
ASN00092045,20060807,TMAX,158,,,a,
ASN00092045,20060808,TMAX,149,,,a,
ASN00092045,20060809,TMAX,150,,,a,
ASN00092045,20060810,TMAX,155,,,a,
ASN00092045,20060811,TMAX,159,,,a,
ASN00092045,20060812,TMAX,150,,,a,
ASN00092045,20060813,TMAX,156,,,a,
ASN00092045,20060814,TMAX,156,,,a,
ASN00092045,20060816,TMAX,155,,,a,
ASN00092045,20060817,TMAX,144,,,a,
ASN00092045,20060818,TMAX,139,,,a,
ASN00092045,20060819,TMAX,142,,,a,
ASN00092045,20060820,TMAX,158,,,a,
ASN00092045,20060821,TMAX,137,,,a,
ASN00092045,20060822,TMAX,149,,,a,
ASN00092045,20060823,TMAX,154,,,a,
ASN00092045,20060824,TMAX,128,,,a,
ASN00092045,20060825,TMAX,137,,,a,
ASN00092045,20060826,TMAX,134,,,a,
ASN00092045,20060827,TMAX,149,,,a,
ASN00092045,20060828,TMAX,165,,,a,
ASN00092045,20060829,TMAX,168,,,a,
ASN00092045,20060830,TMAX,154,,,a,
ASN00092045,20060831,TMAX,176,,,a,
ASN00092045,20060801,TMIN,55,,,a,
ASN00092045,20060802,TMIN,61,,,a,
ASN00092045,20060803,TMIN,72,,,a,
ASN00092045,20060804,TMIN,62,,,a,
ASN00092045,20060805,TMIN,54,,,a,
ASN00092045,20060806,TMIN,80,,,a,
ASN00092045,20060807,TMIN,45,,,a,
ASN00092045,20060808,TMIN,45,,,a,
ASN00092045,20060809,TMIN,91,,,a,
ASN00092045,20060810,TMIN,42,,,a,
ASN00092045,20060811,TMIN,92,,,a,
ASN00092045,20060812,TMIN,70,,,a,
ASN00092045,20060813,TMIN,54,,,a,
ASN00092045,20060814,TMIN,91,,,a,
ASN00092045,20060815,TMIN,60,,,a,
ASN00092045,20060817,TMIN,104,,,a,
ASN00092045,20060818,TMIN,84,,,a,
ASN00092045,20060819,TMIN,74,,,a,
ASN00092045,20060820,TMIN,76,,,a,
ASN00092045,20060821,TMIN,90,,,a,
ASN00092045,20060822,TMIN,105,,,a,
ASN00092045,20060823,TMIN,70,,,a,
ASN00092045,20060824,TMIN,49,,,a,
ASN00092045,20060825,TMIN,77,,,a,
ASN00092045,20060826,TMIN,66,,,a,
ASN00092045,20060827,TMIN,85,,,a,
ASN00092045,20060828,TMIN,83,,,a,
ASN00092045,20060829,TMIN,96,,,a,
ASN00092045,20060830,TMIN,99,,,a,
ASN00092045,20060831,TMIN,98,,,a,
ASN00092045,20060801,PRCP,0,,,a,
ASN00092045,20060802,PRCP,0,,,a,
ASN00092045,20060803,PRCP,0,,,a,
ASN00092045,20060804,PRCP,2,,,a,
ASN00092045,20060805,PRCP,0,,,a,
ASN00092045,20060806,PRCP,0,,,a,
ASN00092045,20060807,PRCP,0,,,a,
ASN00092045,20060808,PRCP,0,,,a,
ASN00092045,20060809,PRCP,0,,,a,
ASN00092045,20060810,PRCP,0,,,a,
ASN00092045,20060811,PRCP,0,,,a,
ASN00092045,20060812,PRCP,0,,,a,
ASN00092045,20060813,PRCP,0,,,a,
ASN00092045,20060814,PRCP,2,,,a,
ASN00092045,20060815,PRCP,0,,,a,
ASN00092045,20060817,PRCP,8,,,a,
ASN00092045,20060818,PRCP,14,,,a,
ASN00092045,20060819,PRCP,2,,,a,
ASN00092045,20060820,PRCP,0,,,a,
ASN00092045,20060821,PRCP,0,,,a,
ASN00092045,20060822,PRCP,14,,,a,
ASN00092045,20060823,PRCP,2,,,a,
ASN00092045,20060824,PRCP,0,,,a,
ASN00092045,20060825,PRCP,0,,,a,
ASN00092045,20060826,PRCP,0,,,a,
ASN00092045,20060827,PRCP,0,,,a,
ASN00092045,20060828,PRCP,0,,,a,
ASN00092045,20060829,PRCP,0,,,a,
ASN00092045,20060830,PRCP,0,,,a,
ASN00092045,20060831,PRCP,0,,,a,
ASN00092045,20060801,TAVG,94,H,,S,
ASN00092045,20060802,TAVG,94,H,,S,
ASN00092045,20060803,TAVG,101,H,,S,
ASN00092045,20060804,TAVG,99,H,,S,
ASN00092045,20060805,TAVG,107,H,,S,
ASN00092045,20060806,TAVG,87,H,,S,
ASN00092045,20060807,TAVG,99,H,,S,
ASN00092045,20060808,TAVG,117,H,,S,
ASN00092045,20060809,TAVG,97,H,,S,
ASN00092045,20060810,TAVG,111,H,,S,
ASN00092045,20060811,TAVG,106,H,,S,
ASN00092045,20060812,TAVG,92,H,,S,
ASN00092045,20060813,TAVG,112,H,,S,
ASN00092045,20060814,TAVG,102,H,,S,
ASN00092045,20060815,TAVG,107,H,,S,
ASN00092045,20060817,TAVG,108,H,,S,
ASN00092045,20060818,TAVG,103,H,,S,
ASN00092045,20060819,TAVG,106,H,,S,
ASN00092045,20060820,TAVG,112,H,,S,
ASN00092045,20060821,TAVG,119,H,,S,
ASN00092045,20060822,TAVG,106,H,,S,
ASN00092045,20060823,TAVG,96,H,,S,
ASN00092045,20060824,TAVG,99,H,,S,
ASN00092045,20060825,TAVG,98,H,,S,
ASN00092045,20060826,TAVG,107,H,,S,
ASN00092045,20060827,TAVG,110,H,,S,
ASN00092045,20060828,TAVG,121,H,,S,
ASN00092045,20060829,TAVG,118,H,,S,
ASN00092045,20060830,TAVG,117,H,,S,
ASN00092045,20060831,TAVG,136,H,,S,
ASN00092045,20060901,TMAX,189,,,a,
ASN00092045,20060902,TMAX,150,,,a,
ASN00092045,20060903,TMAX,167,,,a,
ASN00092045,20060904,TMAX,142,,,a,
ASN00092045,20060905,TMAX,139,,,a,
ASN00092045,20060906,TMAX,125,,,a,
ASN00092045,20060907,TMAX,146,,,a,
ASN00092045,20060908,TMAX,150,,,a,
ASN00092045,20060909,TMAX,124,,,a,
ASN00092045,20060910,TMAX,140,,,a,
ASN00092045,20060911,TMAX,158,,,a,
ASN00092045,20060912,TMAX,163,,,a,
ASN00092045,20060913,TMAX,181,,,a,
ASN00092045,20060914,TMAX,189,,,a,
ASN00092045,20060915,TMAX,168,,,a,
ASN00092045,20060916,TMAX,169,,,a,
ASN00092045,20060917,TMAX,160,,,a,
ASN00092045,20060918,TMAX,191,,,a,
ASN00092045,20060919,TMAX,228,,,a,
ASN00092045,20060920,TMAX,157,,,a,
ASN00092045,20060921,TMAX,145,,,a,
ASN00092045,20060922,TMAX,189,,,a,
ASN00092045,20060923,TMAX,136,,,a,
ASN00092045,20060924,TMAX,147,,,a,
ASN00092045,20060925,TMAX,139,,,a,
ASN00092045,20060926,TMAX,151,,,a,
ASN00092045,20060927,TMAX,173,,,a,
ASN00092045,20060928,TMAX,157,,,a,
ASN00092045,20060929,TMAX,167,,,a,
ASN00092045,20060930,TMAX,156,,,a,
ASN00092045,20060901,TMIN,112,,,a,
ASN00092045,20060902,TMIN,82,,,a,
ASN00092045,20060903,TMIN,89,,,a,
ASN00092045,20060904,TMIN,74,,,a,
ASN00092045,20060905,TMIN,72,,,a,
ASN00092045,20060906,TMIN,90,,,a,
ASN00092045,20060907,TMIN,72,,,a,
ASN00092045,20060908,TMIN,84,,,a,
ASN00092045,20060909,TMIN,80,,,a,
ASN00092045,20060910,TMIN,78,,,a,
ASN00092045,20060911,TMIN,58,,,a,
ASN00092045,20060912,TMIN,46,,,a,
ASN00092045,20060913,TMIN,74,,,a,
ASN00092045,20060914,TMIN,96,,,a,
ASN00092045,20060915,TMIN,77,,,a,
ASN00092045,20060916,TMIN,77,,,a,
ASN00092045,20060917,TMIN,84,,,a,
ASN00092045,20060918,TMIN,97,,,a,
ASN00092045,20060919,TMIN,99,,,a,
ASN00092045,20060920,TMIN,101,,,a,
ASN00092045,20060921,TMIN,81,,,a,
ASN00092045,20060922,TMIN,88,,,a,
ASN00092045,20060923,TMIN,63,,,a,
ASN00092045,20060924,TMIN,74,,,a,
ASN00092045,20060925,TMIN,43,,,a,
ASN00092045,20060926,TMIN,75,,,a,
ASN00092045,20060927,TMIN,76,,,a,
ASN00092045,20060928,TMIN,60,,,a,
ASN00092045,20060929,TMIN,93,,,a,
ASN00092045,20060930,TMIN,59,,,a,
ASN00092045,20060901,PRCP,0,,,a,
ASN00092045,20060902,PRCP,16,,,a,
ASN00092045,20060903,PRCP,58,,,a,
ASN00092045,20060904,PRCP,0,,,a,
ASN00092045,20060905,PRCP,0,,,a,
ASN00092045,20060906,PRCP,18,,,a,
ASN00092045,20060907,PRCP,0,,,a,
ASN00092045,20060908,PRCP,2,,,a,
ASN00092045,20060909,PRCP,80,,,a,
ASN00092045,20060910,PRCP,26,,,a,
ASN00092045,20060911,PRCP,0,,,a,
ASN00092045,20060912,PRCP,0,,,a,
ASN00092045,20060913,PRCP,2,,,a,
ASN00092045,20060914,PRCP,2,,,a,
ASN00092045,20060915,PRCP,0,,,a,
ASN00092045,20060916,PRCP,0,,,a,
ASN00092045,20060917,PRCP,0,,,a,
ASN00092045,20060918,PRCP,0,,,a,
ASN00092045,20060919,PRCP,0,,,a,
ASN00092045,20060920,PRCP,26,,,a,
ASN00092045,20060921,PRCP,42,,,a,
ASN00092045,20060922,PRCP,0,,,a,
ASN00092045,20060923,PRCP,100,,,a,
ASN00092045,20060924,PRCP,86,,,a,
ASN00092045,20060925,PRCP,44,,,a,
ASN00092045,20060926,PRCP,0,,,a,
ASN00092045,20060927,PRCP,0,,,a,
ASN00092045,20060928,PRCP,0,,,a,
ASN00092045,20060929,PRCP,0,,,a,
ASN00092045,20060930,PRCP,0,,,a,
ASN00092045,20060901,TAVG,112,H,,S,
ASN00092045,20060902,TAVG,114,H,,S,
ASN00092045,20060903,TAVG,110,H,,S,
ASN00092045,20060904,TAVG,101,H,,S,
ASN00092045,20060905,TAVG,111,H,,S,
ASN00092045,20060906,TAVG,101,H,,S,
ASN00092045,20060907,TAVG,112,H,,S,
ASN00092045,20060908,TAVG,101,H,,S,
ASN00092045,20060909,TAVG,94,H,,S,
ASN00092045,20060910,TAVG,98,H,,S,
ASN00092045,20060911,TAVG,94,H,,S,
ASN00092045,20060912,TAVG,111,H,,S,
ASN00092045,20060913,TAVG,127,H,,S,
ASN00092045,20060914,TAVG,127,H,,S,
ASN00092045,20060915,TAVG,108,H,,S,
ASN00092045,20060916,TAVG,117,H,,S,
ASN00092045,20060917,TAVG,119,H,,S,
ASN00092045,20060918,TAVG,134,H,,S,
ASN00092045,20060919,TAVG,149,H,,S,
ASN00092045,20060920,TAVG,117,H,,S,
ASN00092045,20060921,TAVG,121,H,,S,
ASN00092045,20060922,TAVG,109,H,,S,
ASN00092045,20060923,TAVG,119,H,,S,
ASN00092045,20060924,TAVG,79,H,,S,
ASN00092045,20060925,TAVG,103,H,,S,
ASN00092045,20060926,TAVG,117,H,,S,
ASN00092045,20060927,TAVG,106,H,,S,
ASN00092045,20060928,TAVG,117,H,,S,
ASN00092045,20060929,TAVG,108,H,,S,
ASN00092045,20060930,TAVG,106,H,,S,
ASN00092045,20061001,TMAX,166,,,a,
ASN00092045,20061002,TMAX,199,,,a,
ASN00092045,20061003,TMAX,182,,,a,
ASN00092045,20061004,TMAX,177,,,a,
ASN00092045,20061005,TMAX,166,,,a,
ASN00092045,20061006,TMAX,173,,,a,
ASN00092045,20061008,TMAX,179,,,a,
ASN00092045,20061009,TMAX,178,,,a,
ASN00092045,20061010,TMAX,162,,,a,
ASN00092045,20061011,TMAX,219,,,a,
ASN00092045,20061012,TMAX,277,,,a,
ASN00092045,20061013,TMAX,201,,,a,
ASN00092045,20061014,TMAX,171,,,a,
ASN00092045,20061015,TMAX,191,,,a,
ASN00092045,20061016,TMAX,181,,,a,
ASN00092045,20061017,TMAX,193,,,a,
ASN00092045,20061018,TMAX,170,,,a,
ASN00092045,20061019,TMAX,178,,,a,
ASN00092045,20061020,TMAX,197,,,a,
ASN00092045,20061021,TMAX,157,,,a,
ASN00092045,20061022,TMAX,168,,,a,
ASN00092045,20061023,TMAX,171,,,a,
ASN00092045,20061024,TMAX,192,,,a,
ASN00092045,20061025,TMAX,161,,,a,
ASN00092045,20061026,TMAX,161,,,a,
ASN00092045,20061027,TMAX,152,,,a,
ASN00092045,20061028,TMAX,144,,,a,
ASN00092045,20061029,TMAX,170,,,a,
ASN00092045,20061030,TMAX,163,,,a,
ASN00092045,20061031,TMAX,192,,,a,
ASN00092045,20061001,TMIN,71,,,a,
ASN00092045,20061002,TMIN,93,,,a,
ASN00092045,20061003,TMIN,68,,,a,
ASN00092045,20061004,TMIN,102,,,a,
ASN00092045,20061005,TMIN,130,,,a,
ASN00092045,20061006,TMIN,69,,,a,
ASN00092045,20061007,TMIN,105,,,a,
ASN00092045,20061009,TMIN,60,,,a,
ASN00092045,20061010,TMIN,52,,,a,
ASN00092045,20061011,TMIN,99,,,a,
ASN00092045,20061012,TMIN,142,,,a,
ASN00092045,20061013,TMIN,119,,,a,
ASN00092045,20061014,TMIN,116,,,a,
ASN00092045,20061015,TMIN,62,,,a,
ASN00092045,20061016,TMIN,78,,,a,
ASN00092045,20061017,TMIN,103,,,a,
ASN00092045,20061018,TMIN,128,,,a,
ASN00092045,20061019,TMIN,100,,,a,
ASN00092045,20061020,TMIN,89,,,a,
ASN00092045,20061021,TMIN,28,,,a,
ASN00092045,20061022,TMIN,49,,,a,
ASN00092045,20061023,TMIN,90,,,a,
ASN00092045,20061024,TMIN,103,,,a,
ASN00092045,20061025,TMIN,118,,,a,
ASN00092045,20061026,TMIN,49,,,a,
ASN00092045,20061027,TMIN,90,,,a,
ASN00092045,20061028,TMIN,7,,,a,
ASN00092045,20061029,TMIN,67,,,a,
ASN00092045,20061030,TMIN,74,,,a,
ASN00092045,20061031,TMIN,74,,,a,
ASN00092045,20061001,PRCP,0,,,a,
ASN00092045,20061002,PRCP,0,,,a,
ASN00092045,20061003,PRCP,0,,,a,
ASN00092045,20061004,PRCP,2,,,a,
ASN00092045,20061005,PRCP,0,,,a,
ASN00092045,20061006,PRCP,16,,,a,
ASN00092045,20061007,PRCP,0,,,a,
ASN00092045,20061009,PRCP,0,,,a,
ASN00092045,20061010,PRCP,0,,,a,
ASN00092045,20061011,PRCP,2,,,a,
ASN00092045,20061012,PRCP,0,,,a,
ASN00092045,20061013,PRCP,0,,,a,
ASN00092045,20061014,PRCP,0,,,a,
ASN00092045,20061015,PRCP,0,,,a,
ASN00092045,20061016,PRCP,0,,,a,
ASN00092045,20061017,PRCP,0,,,a,
ASN00092045,20061018,PRCP,8,,,a,
ASN00092045,20061019,PRCP,2,,,a,
ASN00092045,20061020,PRCP,0,,,a,
ASN00092045,20061021,PRCP,30,,,a,
ASN00092045,20061022,PRCP,0,,,a,
ASN00092045,20061023,PRCP,0,,,a,
ASN00092045,20061024,PRCP,0,,,a,
ASN00092045,20061025,PRCP,0,,,a,
ASN00092045,20061026,PRCP,20,,,a,
ASN00092045,20061027,PRCP,0,,,a,
ASN00092045,20061028,PRCP,16,,,a,
ASN00092045,20061029,PRCP,0,,,a,
ASN00092045,20061030,PRCP,0,,,a,
ASN00092045,20061031,PRCP,0,,,a,
ASN00092045,20061001,TAVG,127,H,,S,
ASN00092045,20061002,TAVG,126,H,,S,
ASN00092045,20061003,TAVG,133,H,,S,
ASN00092045,20061004,TAVG,144,H,,S,
ASN00092045,20061005,TAVG,118,H,,S,
ASN00092045,20061009,TAVG,109,H,,S,
ASN00092045,20061010,TAVG,123,H,,S,
ASN00092045,20061011,TAVG,179,H,,S,
ASN00092045,20061012,TAVG,185,H,,S,
ASN00092045,20061013,TAVG,148,H,,S,
ASN00092045,20061014,TAVG,114,H,,S,
ASN00092045,20061015,TAVG,119,H,,S,
ASN00092045,20061016,TAVG,129,H,,S,
ASN00092045,20061017,TAVG,151,H,,S,
ASN00092045,20061018,TAVG,135,H,,S,
ASN00092045,20061019,TAVG,133,H,,S,
ASN00092045,20061020,TAVG,84,H,,S,
ASN00092045,20061021,TAVG,103,H,,S,
ASN00092045,20061022,TAVG,132,H,,S,
ASN00092045,20061023,TAVG,133,H,,S,
ASN00092045,20061024,TAVG,152,H,,S,
ASN00092045,20061025,TAVG,94,H,,S,
ASN00092045,20061026,TAVG,118,H,,S,
ASN00092045,20061027,TAVG,73,H,,S,
ASN00092045,20061028,TAVG,99,H,,S,
ASN00092045,20061029,TAVG,113,H,,S,
ASN00092045,20061030,TAVG,116,H,,S,
ASN00092045,20061031,TAVG,130,H,,S,
ASN00092045,20061101,TMAX,189,,,a,
ASN00092045,20061102,TMAX,195,,,a,
ASN00092045,20061103,TMAX,191,,,a,
ASN00092045,20061104,TMAX,206,,,a,
ASN00092045,20061105,TMAX,136,,,a,
ASN00092045,20061106,TMAX,177,,,a,
ASN00092045,20061107,TMAX,165,,,a,
ASN00092045,20061108,TMAX,167,,,a,
ASN00092045,20061109,TMAX,180,,,a,
ASN00092045,20061110,TMAX,191,,,a,
ASN00092045,20061111,TMAX,156,,,a,
ASN00092045,20061112,TMAX,184,,,a,
ASN00092045,20061113,TMAX,130,,,a,
ASN00092045,20061114,TMAX,148,,,a,
ASN00092045,20061115,TMAX,153,,,a,
ASN00092045,20061116,TMAX,161,,,a,
ASN00092045,20061117,TMAX,188,,,a,
ASN00092045,20061118,TMAX,208,,,a,
ASN00092045,20061119,TMAX,188,,,a,
ASN00092045,20061120,TMAX,190,,,a,
ASN00092045,20061121,TMAX,208,,,a,
ASN00092045,20061122,TMAX,199,,,a,
ASN00092045,20061123,TMAX,204,,,a,
ASN00092045,20061124,TMAX,202,,,a,
ASN00092045,20061125,TMAX,208,,,a,
ASN00092045,20061126,TMAX,208,,,a,
ASN00092045,20061127,TMAX,207,,,a,
ASN00092045,20061128,TMAX,210,,,a,
ASN00092045,20061129,TMAX,166,,,a,
ASN00092045,20061130,TMAX,197,,,a,
ASN00092045,20061101,TMIN,106,,,a,
ASN00092045,20061102,TMIN,121,,,a,
ASN00092045,20061103,TMIN,108,,,a,
ASN00092045,20061104,TMIN,107,,,a,
ASN00092045,20061105,TMIN,98,,,a,
ASN00092045,20061106,TMIN,103,,,a,
ASN00092045,20061107,TMIN,93,,,a,
ASN00092045,20061108,TMIN,37,,,a,
ASN00092045,20061109,TMIN,93,,,a,
ASN00092045,20061110,TMIN,83,,,a,
ASN00092045,20061111,TMIN,102,,,a,
ASN00092045,20061112,TMIN,109,,,a,
ASN00092045,20061113,TMIN,120,,,a,
ASN00092045,20061114,TMIN,50,,,a,
ASN00092045,20061115,TMIN,37,,,a,
ASN00092045,20061116,TMIN,58,,,a,
ASN00092045,20061117,TMIN,78,,,a,
ASN00092045,20061118,TMIN,91,,,a,
ASN00092045,20061119,TMIN,119,,,a,
ASN00092045,20061120,TMIN,131,,,a,
ASN00092045,20061121,TMIN,144,,,a,
ASN00092045,20061122,TMIN,137,,,a,
ASN00092045,20061123,TMIN,130,,,a,
ASN00092045,20061124,TMIN,94,,,a,
ASN00092045,20061125,TMIN,125,,,a,
ASN00092045,20061126,TMIN,87,,,a,
ASN00092045,20061127,TMIN,101,,,a,
ASN00092045,20061128,TMIN,98,,,a,
ASN00092045,20061129,TMIN,113,,,a,
ASN00092045,20061130,TMIN,93,,,a,
ASN00092045,20061101,PRCP,6,,,a,
ASN00092045,20061102,PRCP,2,,,a,
ASN00092045,20061103,PRCP,4,,,a,
ASN00092045,20061104,PRCP,0,,,a,
ASN00092045,20061105,PRCP,54,,,a,
ASN00092045,20061106,PRCP,10,,,a,
ASN00092045,20061107,PRCP,2,,,a,
ASN00092045,20061108,PRCP,2,,,a,
ASN00092045,20061109,PRCP,0,,,a,
ASN00092045,20061110,PRCP,0,,,a,
ASN00092045,20061111,PRCP,0,,,a,
ASN00092045,20061112,PRCP,6,,,a,
ASN00092045,20061113,PRCP,8,,,a,
ASN00092045,20061114,PRCP,74,,,a,
ASN00092045,20061115,PRCP,12,,,a,
ASN00092045,20061116,PRCP,82,,,a,
ASN00092045,20061117,PRCP,2,,,a,
ASN00092045,20061118,PRCP,0,,,a,
ASN00092045,20061119,PRCP,0,,,a,
ASN00092045,20061120,PRCP,0,,,a,
ASN00092045,20061121,PRCP,0,,,a,
ASN00092045,20061122,PRCP,0,,,a,
ASN00092045,20061123,PRCP,0,,,a,
ASN00092045,20061124,PRCP,0,,,a,
ASN00092045,20061125,PRCP,0,,,a,
ASN00092045,20061126,PRCP,6,,,a,
ASN00092045,20061127,PRCP,0,,,a,
ASN00092045,20061128,PRCP,0,,,a,
ASN00092045,20061129,PRCP,0,,,a,
ASN00092045,20061130,PRCP,0,,,a,
ASN00092045,20061101,TAVG,143,H,,S,
ASN00092045,20061102,TAVG,145,H,,S,
ASN00092045,20061103,TAVG,146,H,,S,
ASN00092045,20061104,TAVG,137,H,,S,
ASN00092045,20061105,TAVG,118,H,,S,
ASN00092045,20061106,TAVG,127,H,,S,
ASN00092045,20061107,TAVG,105,H,,S,
ASN00092045,20061108,TAVG,117,H,,S,
ASN00092045,20061109,TAVG,128,H,,S,
ASN00092045,20061110,TAVG,136,H,,S,
ASN00092045,20061111,TAVG,122,H,,S,
ASN00092045,20061112,TAVG,139,H,,S,
ASN00092045,20061113,TAVG,91,H,,S,
ASN00092045,20061114,TAVG,89,H,,S,
ASN00092045,20061115,TAVG,86,H,,S,
ASN00092045,20061116,TAVG,117,H,,S,
ASN00092045,20061117,TAVG,132,H,,S,
ASN00092045,20061118,TAVG,150,H,,S,
ASN00092045,20061119,TAVG,151,H,,S,
ASN00092045,20061120,TAVG,154,H,,S,
ASN00092045,20061121,TAVG,160,H,,S,
ASN00092045,20061122,TAVG,154,H,,S,
ASN00092045,20061123,TAVG,149,H,,S,
ASN00092045,20061124,TAVG,152,H,,S,
ASN00092045,20061125,TAVG,136,H,,S,
ASN00092045,20061126,TAVG,151,H,,S,
ASN00092045,20061127,TAVG,149,H,,S,
ASN00092045,20061128,TAVG,155,H,,S,
ASN00092045,20061129,TAVG,129,H,,S,
ASN00092045,20061130,TAVG,159,H,,S,
ASN00092045,20061201,TMAX,229,,,a,
ASN00092045,20061202,TMAX,188,,,a,
ASN00092045,20061203,TMAX,218,,,a,
ASN00092045,20061204,TMAX,192,,,a,
ASN00092045,20061205,TMAX,229,,,a,
ASN00092045,20061206,TMAX,223,,,a,
ASN00092045,20061207,TMAX,206,,,a,
ASN00092045,20061208,TMAX,185,,,a,
ASN00092045,20061209,TMAX,227,,,a,
ASN00092045,20061210,TMAX,222,,,a,
ASN00092045,20061211,TMAX,224,,,a,
ASN00092045,20061212,TMAX,184,,,a,
ASN00092045,20061213,TMAX,209,,,a,
ASN00092045,20061214,TMAX,269,,,a,
ASN00092045,20061215,TMAX,172,,,a,
ASN00092045,20061216,TMAX,197,,,a,
ASN00092045,20061217,TMAX,210,,,a,
ASN00092045,20061218,TMAX,224,,,a,
ASN00092045,20061219,TMAX,180,,,a,
ASN00092045,20061220,TMAX,205,,,a,
ASN00092045,20061221,TMAX,203,,,a,
ASN00092045,20061222,TMAX,280,,,a,
ASN00092045,20061223,TMAX,172,,,a,
ASN00092045,20061224,TMAX,199,,,a,
ASN00092045,20061225,TMAX,177,,,a,
ASN00092045,20061226,TMAX,186,,,a,
ASN00092045,20061227,TMAX,215,,,a,
ASN00092045,20061228,TMAX,204,,,a,
ASN00092045,20061229,TMAX,192,,,a,
ASN00092045,20061230,TMAX,186,,,a,
ASN00092045,20061231,TMAX,171,,,a,
ASN00092045,20061201,TMIN,131,,,a,
ASN00092045,20061202,TMIN,107,,,a,
ASN00092045,20061203,TMIN,83,,,a,
ASN00092045,20061204,TMIN,104,,,a,
ASN00092045,20061205,TMIN,107,,,a,
ASN00092045,20061206,TMIN,137,,,a,
ASN00092045,20061207,TMIN,93,,,a,
ASN00092045,20061208,TMIN,136,,,a,
ASN00092045,20061209,TMIN,133,,,a,
ASN00092045,20061210,TMIN,158,,,a,
ASN00092045,20061211,TMIN,162,,,a,
ASN00092045,20061212,TMIN,55,,,a,
ASN00092045,20061213,TMIN,115,,,a,
ASN00092045,20061214,TMIN,142,,,a,
ASN00092045,20061215,TMIN,114,,,a,
ASN00092045,20061216,TMIN,98,,,a,
ASN00092045,20061217,TMIN,104,,,a,
ASN00092045,20061218,TMIN,127,,,a,
ASN00092045,20061219,TMIN,115,,,a,
ASN00092045,20061220,TMIN,127,,,a,
ASN00092045,20061221,TMIN,142,,,a,
ASN00092045,20061222,TMIN,166,,,a,
ASN00092045,20061223,TMIN,141,,,a,
ASN00092045,20061224,TMIN,128,,,a,
ASN00092045,20061225,TMIN,83,,,a,
ASN00092045,20061226,TMIN,80,,,a,
ASN00092045,20061227,TMIN,96,,,a,
ASN00092045,20061228,TMIN,121,,,a,
ASN00092045,20061229,TMIN,131,,,a,
ASN00092045,20061230,TMIN,131,,,a,
ASN00092045,20061231,TMIN,149,,,a,
ASN00092045,20061201,PRCP,0,,,a,
ASN00092045,20061202,PRCP,0,,,a,
ASN00092045,20061203,PRCP,0,,,a,
ASN00092045,20061204,PRCP,0,,,a,
ASN00092045,20061205,PRCP,0,,,a,
ASN00092045,20061206,PRCP,0,,,a,
ASN00092045,20061207,PRCP,0,,,a,
ASN00092045,20061208,PRCP,0,,,a,
ASN00092045,20061209,PRCP,0,,,a,
ASN00092045,20061210,PRCP,0,,,a,
ASN00092045,20061211,PRCP,0,,,a,
ASN00092045,20061212,PRCP,2,,,a,
ASN00092045,20061213,PRCP,0,,,a,
ASN00092045,20061214,PRCP,0,,,a,
ASN00092045,20061215,PRCP,0,,,a,
ASN00092045,20061216,PRCP,0,,,a,
ASN00092045,20061217,PRCP,0,,,a,
ASN00092045,20061218,PRCP,0,,,a,
ASN00092045,20061219,PRCP,0,,,a,
ASN00092045,20061220,PRCP,0,,,a,
ASN00092045,20061221,PRCP,0,,,a,
ASN00092045,20061222,PRCP,0,,,a,
ASN00092045,20061223,PRCP,22,,,a,
ASN00092045,20061224,PRCP,2,,,a,
ASN00092045,20061225,PRCP,24,,,a,
ASN00092045,20061226,PRCP,100,,,a,
ASN00092045,20061227,PRCP,0,,,a,
ASN00092045,20061228,PRCP,0,,,a,
ASN00092045,20061229,PRCP,0,,,a,
ASN00092045,20061230,PRCP,0,,,a,
ASN00092045,20061231,PRCP,0,,,a,
ASN00092045,20061201,TAVG,157,H,,S,
ASN00092045,20061202,TAVG,136,H,,S,
ASN00092045,20061203,TAVG,157,H,,S,
ASN00092045,20061204,TAVG,142,H,,S,
ASN00092045,20061205,TAVG,173,H,,S,
ASN00092045,20061206,TAVG,144,H,,S,
ASN00092045,20061207,TAVG,164,H,,S,
ASN00092045,20061208,TAVG,156,H,,S,
ASN00092045,20061209,TAVG,182,H,,S,
ASN00092045,20061210,TAVG,184,H,,S,
ASN00092045,20061211,TAVG,129,H,,S,
ASN00092045,20061212,TAVG,139,H,,S,
ASN00092045,20061213,TAVG,167,H,,S,
ASN00092045,20061214,TAVG,157,H,,S,
ASN00092045,20061215,TAVG,134,H,,S,
ASN00092045,20061216,TAVG,144,H,,S,
ASN00092045,20061217,TAVG,158,H,,S,
ASN00092045,20061218,TAVG,164,H,,S,
ASN00092045,20061219,TAVG,144,H,,S,
ASN00092045,20061220,TAVG,166,H,,S,
ASN00092045,20061221,TAVG,177,H,,S,
ASN00092045,20061222,TAVG,183,H,,S,
ASN00092045,20061223,TAVG,143,H,,S,
ASN00092045,20061224,TAVG,136,H,,S,
ASN00092045,20061225,TAVG,124,H,,S,
ASN00092045,20061226,TAVG,142,H,,S,
ASN00092045,20061227,TAVG,157,H,,S,
ASN00092045,20061228,TAVG,153,H,,S,
ASN00092045,20061229,TAVG,148,H,,S,
ASN00092045,20061230,TAVG,160,H,,S,
ASN00092045,20061231,TAVG,161,H,,S,
ASN00092045,20070101,TMAX,189,,,a,
ASN00092045,20070102,TMAX,234,,,a,
ASN00092045,20070103,TMAX,234,,,a,
ASN00092045,20070104,TMAX,250,,,a,
ASN00092045,20070105,TMAX,330,,,a,
ASN00092045,20070107,TMAX,212,,,a,
ASN00092045,20070108,TMAX,185,,,a,
ASN00092045,20070109,TMAX,201,,,a,
ASN00092045,20070110,TMAX,216,,,a,
ASN00092045,20070111,TMAX,264,,,a,
ASN00092045,20070112,TMAX,249,,,a,
ASN00092045,20070113,TMAX,221,,,a,
ASN00092045,20070114,TMAX,266,,,a,
ASN00092045,20070115,TMAX,218,,,a,
ASN00092045,20070116,TMAX,210,,,a,
ASN00092045,20070117,TMAX,247,,,a,
ASN00092045,20070118,TMAX,211,,,a,
ASN00092045,20070119,TMAX,221,,,a,
ASN00092045,20070120,TMAX,202,,,a,
ASN00092045,20070121,TMAX,221,,,a,
ASN00092045,20070122,TMAX,230,,,a,
ASN00092045,20070123,TMAX,234,,,a,
ASN00092045,20070124,TMAX,237,,,a,
ASN00092045,20070125,TMAX,214,,,a,
ASN00092045,20070126,TMAX,229,,,a,
ASN00092045,20070127,TMAX,211,,,a,
ASN00092045,20070128,TMAX,225,,,a,
ASN00092045,20070129,TMAX,211,,,a,
ASN00092045,20070130,TMAX,220,,,a,
ASN00092045,20070131,TMAX,219,,,a,
ASN00092045,20070101,TMIN,152,,,a,
ASN00092045,20070102,TMIN,151,,,a,
ASN00092045,20070103,TMIN,162,,,a,
ASN00092045,20070104,TMIN,156,,,a,
ASN00092045,20070105,TMIN,153,,,a,
ASN00092045,20070106,TMIN,153,,,a,
ASN00092045,20070108,TMIN,120,,,a,
ASN00092045,20070109,TMIN,123,,,a,
ASN00092045,20070110,TMIN,134,,,a,
ASN00092045,20070111,TMIN,159,,,a,
ASN00092045,20070112,TMIN,137,,,a,
ASN00092045,20070113,TMIN,132,,,a,
ASN00092045,20070114,TMIN,146,,,a,
ASN00092045,20070115,TMIN,160,,,a,
ASN00092045,20070116,TMIN,167,,,a,
ASN00092045,20070117,TMIN,177,,,a,
ASN00092045,20070118,TMIN,168,,,a,
ASN00092045,20070119,TMIN,170,,,a,
ASN00092045,20070120,TMIN,174,,,a,
ASN00092045,20070121,TMIN,179,,,a,
ASN00092045,20070122,TMIN,145,,,a,
ASN00092045,20070123,TMIN,146,,,a,
ASN00092045,20070124,TMIN,141,,,a,
ASN00092045,20070125,TMIN,110,,,a,
ASN00092045,20070126,TMIN,127,,,a,
ASN00092045,20070127,TMIN,99,,,a,
ASN00092045,20070128,TMIN,103,,,a,
ASN00092045,20070129,TMIN,88,,,a,
ASN00092045,20070130,TMIN,153,,,a,
ASN00092045,20070131,TMIN,82,,,a,
ASN00092045,20070101,PRCP,14,,,a,
ASN00092045,20070102,PRCP,2,,,a,
ASN00092045,20070103,PRCP,2,,,a,
ASN00092045,20070104,PRCP,0,,,a,
ASN00092045,20070105,PRCP,0,,,a,
ASN00092045,20070106,PRCP,4,,,a,
ASN00092045,20070108,PRCP,126,,,a,
ASN00092045,20070109,PRCP,0,,,a,
ASN00092045,20070110,PRCP,0,,,a,
ASN00092045,20070111,PRCP,0,,,a,
ASN00092045,20070112,PRCP,0,,,a,
ASN00092045,20070113,PRCP,0,,,a,
ASN00092045,20070114,PRCP,0,,,a,
ASN00092045,20070115,PRCP,0,,,a,
ASN00092045,20070116,PRCP,0,,,a,
ASN00092045,20070117,PRCP,4,,,a,
ASN00092045,20070118,PRCP,2,,,a,
ASN00092045,20070119,PRCP,14,,,a,
ASN00092045,20070120,PRCP,76,,,a,
ASN00092045,20070121,PRCP,132,,,a,
ASN00092045,20070122,PRCP,22,,,a,
ASN00092045,20070123,PRCP,0,,,a,
ASN00092045,20070124,PRCP,0,,,a,
ASN00092045,20070125,PRCP,0,,,a,
ASN00092045,20070126,PRCP,0,,,a,
ASN00092045,20070127,PRCP,0,,,a,
ASN00092045,20070128,PRCP,0,,,a,
ASN00092045,20070129,PRCP,0,,,a,
ASN00092045,20070130,PRCP,0,,,a,
ASN00092045,20070131,PRCP,0,,,a,
ASN00092045,20070101,TAVG,169,H,,S,
ASN00092045,20070102,TAVG,181,H,,S,
ASN00092045,20070103,TAVG,181,H,,S,
ASN00092045,20070104,TAVG,193,H,,S,
ASN00092045,20070105,TAVG,203,H,,S,
ASN00092045,20070106,TAVG,172,H,,S,
ASN00092045,20070107,TAVG,153,H,,S,
ASN00092045,20070108,TAVG,152,H,,S,
ASN00092045,20070109,TAVG,156,H,,S,
ASN00092045,20070110,TAVG,179,H,,S,
ASN00092045,20070111,TAVG,186,H,,S,
ASN00092045,20070112,TAVG,184,H,,S,
ASN00092045,20070113,TAVG,172,H,,S,
ASN00092045,20070114,TAVG,198,H,,S,
ASN00092045,20070115,TAVG,187,H,,S,
ASN00092045,20070116,TAVG,193,H,,S,
ASN00092045,20070117,TAVG,195,H,,S,
ASN00092045,20070118,TAVG,183,H,,S,
ASN00092045,20070119,TAVG,186,H,,S,
ASN00092045,20070120,TAVG,187,H,,S,
ASN00092045,20070121,TAVG,176,H,,S,
ASN00092045,20070122,TAVG,172,H,,S,
ASN00092045,20070123,TAVG,179,H,,S,
ASN00092045,20070124,TAVG,166,H,,S,
ASN00092045,20070125,TAVG,165,H,,S,
ASN00092045,20070126,TAVG,164,H,,S,
ASN00092045,20070127,TAVG,146,H,,S,
ASN00092045,20070128,TAVG,154,H,,S,
ASN00092045,20070129,TAVG,172,H,,S,
ASN00092045,20070130,TAVG,151,H,,S,
ASN00092045,20070131,TAVG,172,H,,S,
ASN00092045,20070201,TMAX,238,,,a,
ASN00092045,20070202,TMAX,243,,,a,
ASN00092045,20070203,TMAX,215,,,a,
ASN00092045,20070204,TMAX,230,,,a,
ASN00092045,20070205,TMAX,248,,,a,
ASN00092045,20070206,TMAX,184,,,a,
ASN00092045,20070207,TMAX,209,,,a,
ASN00092045,20070208,TMAX,207,,,a,
ASN00092045,20070209,TMAX,222,,,a,
ASN00092045,20070210,TMAX,184,,,a,
ASN00092045,20070211,TMAX,197,,,a,
ASN00092045,20070212,TMAX,207,,,a,
ASN00092045,20070213,TMAX,245,,,a,
ASN00092045,20070214,TMAX,249,,,a,
ASN00092045,20070215,TMAX,250,,,a,
ASN00092045,20070216,TMAX,270,,,a,
ASN00092045,20070217,TMAX,251,,,a,
ASN00092045,20070218,TMAX,258,,,a,
ASN00092045,20070219,TMAX,229,,,a,
ASN00092045,20070220,TMAX,248,,,a,
ASN00092045,20070221,TMAX,224,,,a,
ASN00092045,20070222,TMAX,240,,,a,
ASN00092045,20070223,TMAX,265,,,a,
ASN00092045,20070224,TMAX,226,,,a,
ASN00092045,20070225,TMAX,237,,,a,
ASN00092045,20070226,TMAX,263,,,a,
ASN00092045,20070227,TMAX,227,,,a,
ASN00092045,20070228,TMAX,231,,,a,
ASN00092045,20070201,TMIN,145,,,a,
ASN00092045,20070202,TMIN,155,,,a,
ASN00092045,20070203,TMIN,160,,,a,
ASN00092045,20070204,TMIN,158,,,a,
ASN00092045,20070205,TMIN,162,,,a,
ASN00092045,20070206,TMIN,148,,,a,
ASN00092045,20070207,TMIN,139,,,a,
ASN00092045,20070208,TMIN,129,,,a,
ASN00092045,20070209,TMIN,161,,,a,
ASN00092045,20070210,TMIN,176,,,a,
ASN00092045,20070211,TMIN,148,,,a,
ASN00092045,20070212,TMIN,145,,,a,
ASN00092045,20070213,TMIN,155,,,a,
ASN00092045,20070214,TMIN,176,,,a,
ASN00092045,20070215,TMIN,178,,,a,
ASN00092045,20070216,TMIN,186,,,a,
ASN00092045,20070217,TMIN,184,,,a,
ASN00092045,20070218,TMIN,192,,,a,
ASN00092045,20070219,TMIN,182,,,a,
ASN00092045,20070220,TMIN,174,,,a,
ASN00092045,20070221,TMIN,188,,,a,
ASN00092045,20070222,TMIN,191,,,a,
ASN00092045,20070223,TMIN,193,,,a,
ASN00092045,20070224,TMIN,171,,,a,
ASN00092045,20070225,TMIN,159,,,a,
ASN00092045,20070226,TMIN,159,,,a,
ASN00092045,20070227,TMIN,186,,,a,
ASN00092045,20070228,TMIN,178,,,a,
ASN00092045,20070201,PRCP,0,,,a,
ASN00092045,20070202,PRCP,0,,,a,
ASN00092045,20070203,PRCP,0,,,a,
ASN00092045,20070204,PRCP,0,,,a,
ASN00092045,20070205,PRCP,0,,,a,
ASN00092045,20070206,PRCP,4,,,a,
ASN00092045,20070207,PRCP,0,,,a,
ASN00092045,20070208,PRCP,0,,,a,
ASN00092045,20070209,PRCP,0,,,a,
ASN00092045,20070210,PRCP,62,,,a,
ASN00092045,20070211,PRCP,256,,,a,
ASN00092045,20070212,PRCP,4,,,a,
ASN00092045,20070213,PRCP,10,,,a,
ASN00092045,20070214,PRCP,2,,,a,
ASN00092045,20070215,PRCP,0,,,a,
ASN00092045,20070216,PRCP,0,,,a,
ASN00092045,20070217,PRCP,2,,,a,
ASN00092045,20070218,PRCP,0,,,a,
ASN00092045,20070219,PRCP,38,,,a,
ASN00092045,20070220,PRCP,2,,,a,
ASN00092045,20070221,PRCP,12,,,a,
ASN00092045,20070222,PRCP,0,,,a,
ASN00092045,20070223,PRCP,2,,,a,
ASN00092045,20070224,PRCP,0,,,a,
ASN00092045,20070225,PRCP,12,,,a,
ASN00092045,20070226,PRCP,2,,,a,
ASN00092045,20070227,PRCP,0,,,a,
ASN00092045,20070228,PRCP,50,,,a,
ASN00092045,20070201,TAVG,183,H,,S,
ASN00092045,20070202,TAVG,191,H,,S,
ASN00092045,20070203,TAVG,175,H,,S,
ASN00092045,20070204,TAVG,182,H,,S,
ASN00092045,20070205,TAVG,188,H,,S,
ASN00092045,20070206,TAVG,159,H,,S,
ASN00092045,20070207,TAVG,167,H,,S,
ASN00092045,20070208,TAVG,175,H,,S,
ASN00092045,20070209,TAVG,189,H,,S,
ASN00092045,20070210,TAVG,168,H,,S,
ASN00092045,20070211,TAVG,173,H,,S,
ASN00092045,20070212,TAVG,181,H,,S,
ASN00092045,20070213,TAVG,198,H,,S,
ASN00092045,20070214,TAVG,202,H,,S,
ASN00092045,20070215,TAVG,206,H,,S,
ASN00092045,20070216,TAVG,213,H,,S,
ASN00092045,20070217,TAVG,211,H,,S,
ASN00092045,20070218,TAVG,212,H,,S,
ASN00092045,20070219,TAVG,195,H,,S,
ASN00092045,20070220,TAVG,206,H,,S,
ASN00092045,20070221,TAVG,203,H,,S,
ASN00092045,20070222,TAVG,204,H,,S,
ASN00092045,20070223,TAVG,210,H,,S,
ASN00092045,20070224,TAVG,177,H,,S,
ASN00092045,20070225,TAVG,193,H,,S,
ASN00092045,20070226,TAVG,211,H,,S,
ASN00092045,20070227,TAVG,198,H,,S,
ASN00092045,20070228,TAVG,202,H,,S,
ASN00092045,20070301,TMAX,247,,,a,
ASN00092045,20070302,TMAX,254,,,a,
ASN00092045,20070303,TMAX,249,,,a,
ASN00092045,20070304,TMAX,240,,,a,
ASN00092045,20070305,TMAX,233,,,a,
ASN00092045,20070306,TMAX,194,,,a,
ASN00092045,20070307,TMAX,239,,,a,
ASN00092045,20070308,TMAX,245,,,a,
ASN00092045,20070309,TMAX,193,,,a,
ASN00092045,20070310,TMAX,206,,,a,
ASN00092045,20070311,TMAX,249,,,a,
ASN00092045,20070312,TMAX,188,,,a,
ASN00092045,20070313,TMAX,207,,,a,
ASN00092045,20070314,TMAX,226,,,a,
ASN00092045,20070315,TMAX,255,,,a,
ASN00092045,20070316,TMAX,270,,,a,
ASN00092045,20070317,TMAX,224,,,a,
ASN00092045,20070318,TMAX,212,,,a,
ASN00092045,20070319,TMAX,231,,,a,
ASN00092045,20070320,TMAX,223,,,a,
ASN00092045,20070321,TMAX,250,,,a,
ASN00092045,20070322,TMAX,254,,,a,
ASN00092045,20070323,TMAX,254,,,a,
ASN00092045,20070324,TMAX,172,,,a,
ASN00092045,20070325,TMAX,178,,,a,
ASN00092045,20070326,TMAX,196,,,a,
ASN00092045,20070327,TMAX,208,,,a,
ASN00092045,20070328,TMAX,210,,,a,
ASN00092045,20070329,TMAX,199,,,a,
ASN00092045,20070330,TMAX,211,,,a,
ASN00092045,20070331,TMAX,212,,,a,
ASN00092045,20070301,TMIN,177,,,a,
ASN00092045,20070302,TMIN,185,,,a,
ASN00092045,20070303,TMIN,185,,,a,
ASN00092045,20070304,TMIN,152,,,a,
ASN00092045,20070305,TMIN,98,,,a,
ASN00092045,20070306,TMIN,122,,,a,
ASN00092045,20070307,TMIN,141,,,a,
ASN00092045,20070308,TMIN,132,,,a,
ASN00092045,20070309,TMIN,131,,,a,
ASN00092045,20070310,TMIN,127,,,a,
ASN00092045,20070311,TMIN,144,,,a,
ASN00092045,20070312,TMIN,136,,,a,
ASN00092045,20070313,TMIN,122,,,a,
ASN00092045,20070314,TMIN,132,,,a,
ASN00092045,20070315,TMIN,138,,,a,
ASN00092045,20070316,TMIN,176,,,a,
ASN00092045,20070317,TMIN,117,,,a,
ASN00092045,20070318,TMIN,123,,,a,
ASN00092045,20070319,TMIN,119,,,a,
ASN00092045,20070320,TMIN,118,,,a,
ASN00092045,20070321,TMIN,134,,,a,
ASN00092045,20070322,TMIN,143,,,a,
ASN00092045,20070323,TMIN,169,,,a,
ASN00092045,20070324,TMIN,115,,,a,
ASN00092045,20070325,TMIN,80,,,a,
ASN00092045,20070326,TMIN,93,,,a,
ASN00092045,20070327,TMIN,120,,,a,
ASN00092045,20070328,TMIN,158,,,a,
ASN00092045,20070329,TMIN,116,,,a,
ASN00092045,20070330,TMIN,113,,,a,
ASN00092045,20070331,TMIN,111,,,a,
ASN00092045,20070301,PRCP,14,,,a,
ASN00092045,20070302,PRCP,2,,,a,
ASN00092045,20070303,PRCP,16,,,a,
ASN00092045,20070304,PRCP,2,,,a,
ASN00092045,20070305,PRCP,0,,,a,
ASN00092045,20070306,PRCP,0,,,a,
ASN00092045,20070307,PRCP,0,,,a,
ASN00092045,20070308,PRCP,8,,,a,
ASN00092045,20070309,PRCP,0,,,a,
ASN00092045,20070310,PRCP,0,,,a,
ASN00092045,20070311,PRCP,0,,,a,
ASN00092045,20070312,PRCP,0,,,a,
ASN00092045,20070313,PRCP,0,,,a,
ASN00092045,20070314,PRCP,0,,,a,
ASN00092045,20070315,PRCP,0,,,a,
ASN00092045,20070316,PRCP,0,,,a,
ASN00092045,20070317,PRCP,2,,,a,
ASN00092045,20070318,PRCP,0,,,a,
ASN00092045,20070319,PRCP,0,,,a,
ASN00092045,20070320,PRCP,0,,,a,
ASN00092045,20070321,PRCP,0,,,a,
ASN00092045,20070322,PRCP,0,,,a,
ASN00092045,20070323,PRCP,0,,,a,
ASN00092045,20070324,PRCP,266,,,a,
ASN00092045,20070325,PRCP,134,,,a,
ASN00092045,20070326,PRCP,0,,,a,
ASN00092045,20070327,PRCP,0,,,a,
ASN00092045,20070328,PRCP,0,,,a,
ASN00092045,20070329,PRCP,36,,,a,
ASN00092045,20070330,PRCP,20,,,a,
ASN00092045,20070331,PRCP,0,,,a,
ASN00092045,20070301,TAVG,211,H,,S,
ASN00092045,20070302,TAVG,209,H,,S,
ASN00092045,20070303,TAVG,200,H,,S,
ASN00092045,20070304,TAVG,176,H,,S,
ASN00092045,20070305,TAVG,161,H,,S,
ASN00092045,20070306,TAVG,163,H,,S,
ASN00092045,20070307,TAVG,184,H,,S,
ASN00092045,20070308,TAVG,179,H,,S,
ASN00092045,20070309,TAVG,158,H,,S,
ASN00092045,20070310,TAVG,174,H,,S,
ASN00092045,20070311,TAVG,189,H,,S,
ASN00092045,20070312,TAVG,154,H,,S,
ASN00092045,20070313,TAVG,164,H,,S,
ASN00092045,20070314,TAVG,179,H,,S,
ASN00092045,20070315,TAVG,208,H,,S,
ASN00092045,20070316,TAVG,182,H,,S,
ASN00092045,20070317,TAVG,166,H,,S,
ASN00092045,20070318,TAVG,151,H,,S,
ASN00092045,20070319,TAVG,153,H,,S,
ASN00092045,20070320,TAVG,168,H,,S,
ASN00092045,20070321,TAVG,185,H,,S,
ASN00092045,20070322,TAVG,202,H,,S,
ASN00092045,20070323,TAVG,194,H,,S,
ASN00092045,20070324,TAVG,114,H,,S,
ASN00092045,20070325,TAVG,133,H,,S,
ASN00092045,20070326,TAVG,161,H,,S,
ASN00092045,20070327,TAVG,178,H,,S,
ASN00092045,20070328,TAVG,168,H,,S,
ASN00092045,20070329,TAVG,144,H,,S,
ASN00092045,20070330,TAVG,152,H,,S,
ASN00092045,20070331,TAVG,159,H,,S,
ASN00092045,20070401,TMAX,212,,,a,
ASN00092045,20070402,TMAX,196,,,a,
ASN00092045,20070403,TMAX,178,,,a,
ASN00092045,20070404,TMAX,202,,,a,
ASN00092045,20070405,TMAX,199,,,a,
ASN00092045,20070406,TMAX,184,,,a,
ASN00092045,20070407,TMAX,190,,,a,
ASN00092045,20070408,TMAX,209,,,a,
ASN00092045,20070409,TMAX,219,,,a,
ASN00092045,20070410,TMAX,252,,,a,
ASN00092045,20070411,TMAX,168,,,a,
ASN00092045,20070412,TMAX,238,,,a,
ASN00092045,20070413,TMAX,215,,,a,
ASN00092045,20070414,TMAX,218,,,a,
ASN00092045,20070415,TMAX,243,,,a,
ASN00092045,20070416,TMAX,189,,,a,
ASN00092045,20070417,TMAX,192,,,a,
ASN00092045,20070418,TMAX,202,,,a,
ASN00092045,20070419,TMAX,201,,,a,
ASN00092045,20070420,TMAX,221,,,a,
ASN00092045,20070421,TMAX,204,,,a,
ASN00092045,20070422,TMAX,185,,,a,
ASN00092045,20070423,TMAX,167,,,a,
ASN00092045,20070424,TMAX,165,,,a,
ASN00092045,20070425,TMAX,150,,,a,
ASN00092045,20070426,TMAX,167,,,a,
ASN00092045,20070427,TMAX,179,,,a,
ASN00092045,20070428,TMAX,179,,,a,
ASN00092045,20070429,TMAX,167,,,a,
ASN00092045,20070430,TMAX,178,,,a,
ASN00092045,20070401,TMIN,117,,,a,
ASN00092045,20070402,TMIN,133,,,a,
ASN00092045,20070403,TMIN,127,,,a,
ASN00092045,20070404,TMIN,100,,,a,
ASN00092045,20070405,TMIN,110,,,a,
ASN00092045,20070406,TMIN,106,,,a,
ASN00092045,20070407,TMIN,99,,,a,
ASN00092045,20070408,TMIN,114,,,a,
ASN00092045,20070409,TMIN,127,,,a,
ASN00092045,20070410,TMIN,129,,,a,
ASN00092045,20070411,TMIN,145,,,a,
ASN00092045,20070412,TMIN,96,,,a,
ASN00092045,20070413,TMIN,143,,,a,
ASN00092045,20070414,TMIN,150,,,a,
ASN00092045,20070415,TMIN,129,,,a,
ASN00092045,20070416,TMIN,144,,,a,
ASN00092045,20070417,TMIN,150,,,a,
ASN00092045,20070418,TMIN,152,,,a,
ASN00092045,20070419,TMIN,136,,,a,
ASN00092045,20070420,TMIN,115,,,a,
ASN00092045,20070421,TMIN,118,,,a,
ASN00092045,20070422,TMIN,147,,,a,
ASN00092045,20070423,TMIN,131,,,a,
ASN00092045,20070424,TMIN,141,,,a,
ASN00092045,20070425,TMIN,117,,,a,
ASN00092045,20070426,TMIN,128,,,a,
ASN00092045,20070427,TMIN,122,,,a,
ASN00092045,20070428,TMIN,142,,,a,
ASN00092045,20070429,TMIN,149,,,a,
ASN00092045,20070430,TMIN,143,,,a,
ASN00092045,20070401,PRCP,0,,,a,
ASN00092045,20070402,PRCP,0,,,a,
ASN00092045,20070403,PRCP,0,,,a,
ASN00092045,20070404,PRCP,0,,,a,
ASN00092045,20070405,PRCP,2,,,a,
ASN00092045,20070406,PRCP,0,,,a,
ASN00092045,20070407,PRCP,0,,,a,
ASN00092045,20070408,PRCP,0,,,a,
ASN00092045,20070409,PRCP,0,,,a,
ASN00092045,20070410,PRCP,0,,,a,
ASN00092045,20070411,PRCP,0,,,a,
ASN00092045,20070412,PRCP,0,,,a,
ASN00092045,20070413,PRCP,0,,,a,
ASN00092045,20070414,PRCP,0,,,a,
ASN00092045,20070415,PRCP,2,,,a,
ASN00092045,20070416,PRCP,0,,,a,
ASN00092045,20070417,PRCP,2,,,a,
ASN00092045,20070418,PRCP,2,,,a,
ASN00092045,20070419,PRCP,0,,,a,
ASN00092045,20070420,PRCP,0,,,a,
ASN00092045,20070421,PRCP,2,,,a,
ASN00092045,20070422,PRCP,2,,,a,
ASN00092045,20070423,PRCP,20,,,a,
ASN00092045,20070424,PRCP,0,,,a,
ASN00092045,20070425,PRCP,12,,,a,
ASN00092045,20070426,PRCP,0,,,a,
ASN00092045,20070427,PRCP,4,,,a,
ASN00092045,20070428,PRCP,0,,,a,
ASN00092045,20070429,PRCP,16,,,a,
ASN00092045,20070430,PRCP,22,,,a,
ASN00092045,20070401,TAVG,162,H,,S,
ASN00092045,20070402,TAVG,155,H,,S,
ASN00092045,20070403,TAVG,137,H,,S,
ASN00092045,20070404,TAVG,146,H,,S,
ASN00092045,20070405,TAVG,141,H,,S,
ASN00092045,20070406,TAVG,141,H,,S,
ASN00092045,20070407,TAVG,149,H,,S,
ASN00092045,20070408,TAVG,165,H,,S,
ASN00092045,20070409,TAVG,166,H,,S,
ASN00092045,20070410,TAVG,191,H,,S,
ASN00092045,20070411,TAVG,133,H,,S,
ASN00092045,20070412,TAVG,175,H,,S,
ASN00092045,20070413,TAVG,173,H,,S,
ASN00092045,20070414,TAVG,171,H,,S,
ASN00092045,20070415,TAVG,181,H,,S,
ASN00092045,20070416,TAVG,161,H,,S,
ASN00092045,20070417,TAVG,174,H,,S,
ASN00092045,20070418,TAVG,162,H,,S,
ASN00092045,20070419,TAVG,151,H,,S,
ASN00092045,20070420,TAVG,160,H,,S,
ASN00092045,20070421,TAVG,166,H,,S,
ASN00092045,20070422,TAVG,152,H,,S,
ASN00092045,20070423,TAVG,147,H,,S,
ASN00092045,20070424,TAVG,136,H,,S,
ASN00092045,20070425,TAVG,140,H,,S,
ASN00092045,20070426,TAVG,148,H,,S,
ASN00092045,20070427,TAVG,156,H,,S,
ASN00092045,20070428,TAVG,162,H,,S,
ASN00092045,20070429,TAVG,156,H,,S,
ASN00092045,20070430,TAVG,147,H,,S,
ASN00092045,20070501,TMAX,207,,,a,
ASN00092045,20070502,TMAX,188,,,a,
ASN00092045,20070503,TMAX,189,,,a,
ASN00092045,20070504,TMAX,179,,,a,
ASN00092045,20070505,TMAX,169,,,a,
ASN00092045,20070506,TMAX,180,,,a,
ASN00092045,20070507,TMAX,183,,,a,
ASN00092045,20070508,TMAX,172,,,a,
ASN00092045,20070509,TMAX,192,,,a,
ASN00092045,20070510,TMAX,184,,,a,
ASN00092045,20070511,TMAX,201,,,a,
ASN00092045,20070512,TMAX,190,,,a,
ASN00092045,20070513,TMAX,188,,,a,
ASN00092045,20070514,TMAX,181,,,a,
ASN00092045,20070515,TMAX,201,,,a,
ASN00092045,20070516,TMAX,177,,,a,
ASN00092045,20070517,TMAX,212,,,a,
ASN00092045,20070518,TMAX,171,,,a,
ASN00092045,20070519,TMAX,179,,,a,
ASN00092045,20070520,TMAX,169,,,a,
ASN00092045,20070521,TMAX,170,,,a,
ASN00092045,20070522,TMAX,148,,,a,
ASN00092045,20070523,TMAX,155,,,a,
ASN00092045,20070524,TMAX,170,,,a,
ASN00092045,20070525,TMAX,164,,,a,
ASN00092045,20070526,TMAX,183,,,a,
ASN00092045,20070527,TMAX,180,,,a,
ASN00092045,20070528,TMAX,172,,,a,
ASN00092045,20070529,TMAX,177,,,a,
ASN00092045,20070530,TMAX,139,,,a,
ASN00092045,20070531,TMAX,149,,,a,
ASN00092045,20070501,TMIN,127,,,a,
ASN00092045,20070502,TMIN,144,,,a,
ASN00092045,20070503,TMIN,141,,,a,
ASN00092045,20070504,TMIN,115,,,a,
ASN00092045,20070505,TMIN,124,,,a,
ASN00092045,20070506,TMIN,130,,,a,
ASN00092045,20070507,TMIN,93,,,a,
ASN00092045,20070508,TMIN,125,,,a,
ASN00092045,20070509,TMIN,114,,,a,
ASN00092045,20070510,TMIN,94,,,a,
ASN00092045,20070511,TMIN,115,,,a,
ASN00092045,20070512,TMIN,128,,,a,
ASN00092045,20070513,TMIN,111,,,a,
ASN00092045,20070514,TMIN,105,,,a,
ASN00092045,20070515,TMIN,107,,,a,
ASN00092045,20070516,TMIN,134,,,a,
ASN00092045,20070517,TMIN,121,,,a,
ASN00092045,20070518,TMIN,138,,,a,
ASN00092045,20070519,TMIN,133,,,a,
ASN00092045,20070520,TMIN,92,,,a,
ASN00092045,20070521,TMIN,116,,,a,
ASN00092045,20070522,TMIN,68,,,a,
ASN00092045,20070523,TMIN,84,,,a,
ASN00092045,20070524,TMIN,98,,,a,
ASN00092045,20070525,TMIN,100,,,a,
ASN00092045,20070526,TMIN,113,,,a,
ASN00092045,20070527,TMIN,106,,,a,
ASN00092045,20070528,TMIN,112,,,a,
ASN00092045,20070529,TMIN,147,,,a,
ASN00092045,20070530,TMIN,94,,,a,
ASN00092045,20070531,TMIN,100,,,a,
ASN00092045,20070501,PRCP,0,,,a,
ASN00092045,20070502,PRCP,0,,,a,
ASN00092045,20070503,PRCP,2,,,a,
ASN00092045,20070504,PRCP,232,,,a,
ASN00092045,20070505,PRCP,52,,,a,
ASN00092045,20070506,PRCP,2,,,a,
ASN00092045,20070507,PRCP,0,,,a,
ASN00092045,20070508,PRCP,8,,,a,
ASN00092045,20070509,PRCP,0,,,a,
ASN00092045,20070510,PRCP,2,,,a,
ASN00092045,20070511,PRCP,0,,,a,
ASN00092045,20070512,PRCP,0,,,a,
ASN00092045,20070513,PRCP,0,,,a,
ASN00092045,20070514,PRCP,0,,,a,
ASN00092045,20070515,PRCP,2,,,a,
ASN00092045,20070516,PRCP,10,,,a,
ASN00092045,20070517,PRCP,4,,,a,
ASN00092045,20070518,PRCP,40,,,a,
ASN00092045,20070519,PRCP,216,,,a,
ASN00092045,20070520,PRCP,40,,,a,
ASN00092045,20070521,PRCP,0,,,a,
ASN00092045,20070522,PRCP,62,,,a,
ASN00092045,20070523,PRCP,8,,,a,
ASN00092045,20070524,PRCP,0,,,a,
ASN00092045,20070525,PRCP,2,,,a,
ASN00092045,20070526,PRCP,0,,,a,
ASN00092045,20070527,PRCP,2,,,a,
ASN00092045,20070528,PRCP,2,,,a,
ASN00092045,20070529,PRCP,16,,,a,
ASN00092045,20070530,PRCP,70,,,a,
ASN00092045,20070531,PRCP,68,,,a,
ASN00092045,20070501,TAVG,168,H,,S,
ASN00092045,20070502,TAVG,167,H,,S,
ASN00092045,20070503,TAVG,139,H,,S,
ASN00092045,20070504,TAVG,156,H,,S,
ASN00092045,20070505,TAVG,151,H,,S,
ASN00092045,20070506,TAVG,133,H,,S,
ASN00092045,20070507,TAVG,159,H,,S,
ASN00092045,20070508,TAVG,138,H,,S,
ASN00092045,20070509,TAVG,134,H,,S,
ASN00092045,20070510,TAVG,145,H,,S,
ASN00092045,20070511,TAVG,147,H,,S,
ASN00092045,20070512,TAVG,141,H,,S,
ASN00092045,20070513,TAVG,134,H,,S,
ASN00092045,20070514,TAVG,144,H,,S,
ASN00092045,20070515,TAVG,153,H,,S,
ASN00092045,20070516,TAVG,149,H,,S,
ASN00092045,20070517,TAVG,166,H,,S,
ASN00092045,20070518,TAVG,157,H,,S,
ASN00092045,20070519,TAVG,126,H,,S,
ASN00092045,20070520,TAVG,140,H,,S,
ASN00092045,20070521,TAVG,106,H,,S,
ASN00092045,20070522,TAVG,111,H,,S,
ASN00092045,20070523,TAVG,137,H,,S,
ASN00092045,20070524,TAVG,142,H,,S,
ASN00092045,20070525,TAVG,153,H,,S,
ASN00092045,20070526,TAVG,138,H,,S,
ASN00092045,20070527,TAVG,137,H,,S,
ASN00092045,20070528,TAVG,158,H,,S,
ASN00092045,20070529,TAVG,144,H,,S,
ASN00092045,20070530,TAVG,119,H,,S,
ASN00092045,20070531,TAVG,81,H,,S,
ASN00092045,20070601,TMAX,145,,,a,
ASN00092045,20070602,TMAX,136,,,a,
ASN00092045,20070603,TMAX,137,,,a,
ASN00092045,20070604,TMAX,141,,,a,
ASN00092045,20070605,TMAX,158,,,a,
ASN00092045,20070606,TMAX,158,,,a,
ASN00092045,20070607,TMAX,122,,,a,
ASN00092045,20070608,TMAX,134,,,a,
ASN00092045,20070609,TMAX,143,,,a,
ASN00092045,20070610,TMAX,142,,,a,
ASN00092045,20070611,TMAX,128,,,a,
ASN00092045,20070612,TMAX,146,,,a,
ASN00092045,20070613,TMAX,114,,,a,
ASN00092045,20070614,TMAX,129,,,a,
ASN00092045,20070615,TMAX,157,,,a,
ASN00092045,20070616,TMAX,154,,,a,
ASN00092045,20070617,TMAX,113,,,a,
ASN00092045,20070618,TMAX,107,,,a,
ASN00092045,20070619,TMAX,113,,,a,
ASN00092045,20070620,TMAX,123,,,a,
ASN00092045,20070621,TMAX,105,,,a,
ASN00092045,20070622,TMAX,144,,,a,
ASN00092045,20070623,TMAX,138,,,a,
ASN00092045,20070624,TMAX,135,,,a,
ASN00092045,20070625,TMAX,145,,,a,
ASN00092045,20070626,TMAX,132,,,a,
ASN00092045,20070627,TMAX,148,,,a,
ASN00092045,20070628,TMAX,137,,,a,
ASN00092045,20070629,TMAX,150,,,a,
ASN00092045,20070630,TMAX,147,,,a,
ASN00092045,20070601,TMIN,40,,,a,
ASN00092045,20070602,TMIN,89,,,a,
ASN00092045,20070603,TMIN,105,,,a,
ASN00092045,20070604,TMIN,107,,,a,
ASN00092045,20070605,TMIN,67,,,a,
ASN00092045,20070606,TMIN,79,,,a,
ASN00092045,20070607,TMIN,80,,,a,
ASN00092045,20070608,TMIN,54,,,a,
ASN00092045,20070609,TMIN,106,,,a,
ASN00092045,20070610,TMIN,93,,,a,
ASN00092045,20070611,TMIN,95,,,a,
ASN00092045,20070612,TMIN,57,,,a,
ASN00092045,20070613,TMIN,76,,,a,
ASN00092045,20070614,TMIN,76,,,a,
ASN00092045,20070615,TMIN,102,,,a,
ASN00092045,20070616,TMIN,89,,,a,
ASN00092045,20070617,TMIN,84,,,a,
ASN00092045,20070618,TMIN,63,,,a,
ASN00092045,20070619,TMIN,76,,,a,
ASN00092045,20070620,TMIN,18,,,a,
ASN00092045,20070621,TMIN,58,,,a,
ASN00092045,20070622,TMIN,-4,,,a,
ASN00092045,20070623,TMIN,64,,,a,
ASN00092045,20070624,TMIN,77,,,a,
ASN00092045,20070625,TMIN,61,,,a,
ASN00092045,20070626,TMIN,65,,,a,
ASN00092045,20070627,TMIN,78,,,a,
ASN00092045,20070628,TMIN,106,,,a,
ASN00092045,20070629,TMIN,87,,,a,
ASN00092045,20070630,TMIN,61,,,a,
ASN00092045,20070601,PRCP,60,,,a,
ASN00092045,20070602,PRCP,0,,,a,
ASN00092045,20070603,PRCP,128,,,a,
ASN00092045,20070604,PRCP,36,,,a,
ASN00092045,20070605,PRCP,0,,,a,
ASN00092045,20070606,PRCP,0,,,a,
ASN00092045,20070607,PRCP,0,,,a,
ASN00092045,20070608,PRCP,0,,,a,
ASN00092045,20070609,PRCP,12,,,a,
ASN00092045,20070610,PRCP,0,,,a,
ASN00092045,20070611,PRCP,8,,,a,
ASN00092045,20070612,PRCP,0,,,a,
ASN00092045,20070613,PRCP,10,,,a,
ASN00092045,20070614,PRCP,4,,,a,
ASN00092045,20070615,PRCP,8,,,a,
ASN00092045,20070616,PRCP,4,,,a,
ASN00092045,20070617,PRCP,4,,,a,
ASN00092045,20070618,PRCP,26,,,a,
ASN00092045,20070619,PRCP,68,,,a,
ASN00092045,20070620,PRCP,10,,,a,
ASN00092045,20070621,PRCP,0,,,a,
ASN00092045,20070622,PRCP,0,,,a,
ASN00092045,20070623,PRCP,0,,,a,
ASN00092045,20070624,PRCP,0,,,a,
ASN00092045,20070625,PRCP,0,,,a,
ASN00092045,20070626,PRCP,0,,,a,
ASN00092045,20070627,PRCP,166,,,a,
ASN00092045,20070628,PRCP,82,,,a,
ASN00092045,20070629,PRCP,2,,,a,
ASN00092045,20070630,PRCP,0,,,a,
ASN00092045,20070601,TAVG,106,H,,S,
ASN00092045,20070602,TAVG,120,H,,S,
ASN00092045,20070603,TAVG,118,H,,S,
ASN00092045,20070604,TAVG,102,H,,S,
ASN00092045,20070605,TAVG,107,H,,S,
ASN00092045,20070606,TAVG,119,H,,S,
ASN00092045,20070607,TAVG,88,H,,S,
ASN00092045,20070608,TAVG,118,H,,S,
ASN00092045,20070609,TAVG,113,H,,S,
ASN00092045,20070610,TAVG,116,H,,S,
ASN00092045,20070611,TAVG,88,H,,S,
ASN00092045,20070612,TAVG,101,H,,S,
ASN00092045,20070613,TAVG,96,H,,S,
ASN00092045,20070614,TAVG,120,H,,S,
ASN00092045,20070615,TAVG,118,H,,S,
ASN00092045,20070616,TAVG,112,H,,S,
ASN00092045,20070617,TAVG,84,H,,S,
ASN00092045,20070618,TAVG,92,H,,S,
ASN00092045,20070619,TAVG,76,H,,S,
ASN00092045,20070620,TAVG,88,H,,S,
ASN00092045,20070621,TAVG,53,H,,S,
ASN00092045,20070622,TAVG,97,H,,S,
ASN00092045,20070623,TAVG,101,H,,S,
ASN00092045,20070624,TAVG,99,H,,S,
ASN00092045,20070625,TAVG,104,H,,S,
ASN00092045,20070626,TAVG,118,H,,S,
ASN00092045,20070627,TAVG,133,H,,S,
ASN00092045,20070628,TAVG,115,H,,S,
ASN00092045,20070629,TAVG,93,H,,S,
ASN00092045,20070630,TAVG,91,H,,S,
ASN00092045,20070701,TMAX,136,,,a,
ASN00092045,20070702,TMAX,149,,,a,
ASN00092045,20070703,TMAX,151,,,a,
ASN00092045,20070704,TMAX,120,,,a,
ASN00092045,20070705,TMAX,121,,,a,
ASN00092045,20070706,TMAX,150,,,a,
ASN00092045,20070707,TMAX,140,,,a,
ASN00092045,20070708,TMAX,129,,,a,
ASN00092045,20070709,TMAX,123,,,a,
ASN00092045,20070710,TMAX,130,,,a,
ASN00092045,20070711,TMAX,127,,,a,
ASN00092045,20070712,TMAX,113,,,a,
ASN00092045,20070713,TMAX,146,,,a,
ASN00092045,20070714,TMAX,126,,,a,
ASN00092045,20070715,TMAX,139,,,a,
ASN00092045,20070716,TMAX,124,,,a,
ASN00092045,20070717,TMAX,125,,,a,
ASN00092045,20070718,TMAX,123,,,a,
ASN00092045,20070719,TMAX,125,,,a,
ASN00092045,20070720,TMAX,138,,,a,
ASN00092045,20070721,TMAX,137,,,a,
ASN00092045,20070722,TMAX,137,,,a,
ASN00092045,20070723,TMAX,143,,,a,
ASN00092045,20070724,TMAX,154,,,a,
ASN00092045,20070725,TMAX,167,,,a,
ASN00092045,20070726,TMAX,142,,,a,
ASN00092045,20070727,TMAX,134,,,a,
ASN00092045,20070728,TMAX,158,,,a,
ASN00092045,20070729,TMAX,143,,,a,
ASN00092045,20070730,TMAX,152,,,a,
ASN00092045,20070731,TMAX,141,,,a,
ASN00092045,20070701,TMIN,48,,,a,
ASN00092045,20070702,TMIN,65,,,a,
ASN00092045,20070703,TMIN,92,,,a,
ASN00092045,20070704,TMIN,80,,,a,
ASN00092045,20070705,TMIN,73,,,a,
ASN00092045,20070706,TMIN,78,,,a,
ASN00092045,20070707,TMIN,98,,,a,
ASN00092045,20070708,TMIN,97,,,a,
ASN00092045,20070709,TMIN,97,,,a,
ASN00092045,20070710,TMIN,89,,,a,
ASN00092045,20070711,TMIN,89,,,a,
ASN00092045,20070712,TMIN,94,,,a,
ASN00092045,20070713,TMIN,79,,,a,
ASN00092045,20070714,TMIN,61,,,a,
ASN00092045,20070715,TMIN,40,,,a,
ASN00092045,20070716,TMIN,41,,,a,
ASN00092045,20070717,TMIN,86,,,a,
ASN00092045,20070718,TMIN,36,,,a,
ASN00092045,20070719,TMIN,52,,,a,
ASN00092045,20070720,TMIN,60,,,a,
ASN00092045,20070721,TMIN,68,,,a,
ASN00092045,20070722,TMIN,68,,,a,
ASN00092045,20070723,TMIN,63,,,a,
ASN00092045,20070724,TMIN,88,,,a,
ASN00092045,20070725,TMIN,105,,,a,
ASN00092045,20070726,TMIN,105,,,a,
ASN00092045,20070727,TMIN,99,,,a,
ASN00092045,20070728,TMIN,82,,,a,
ASN00092045,20070729,TMIN,71,,,a,
ASN00092045,20070730,TMIN,60,,,a,
ASN00092045,20070731,TMIN,78,,,a,
ASN00092045,20070701,PRCP,0,,,a,
ASN00092045,20070702,PRCP,0,,,a,
ASN00092045,20070703,PRCP,24,,,a,
ASN00092045,20070704,PRCP,2,,,a,
ASN00092045,20070705,PRCP,90,,,a,
ASN00092045,20070706,PRCP,148,,,a,
ASN00092045,20070707,PRCP,154,,,a,
ASN00092045,20070708,PRCP,44,,,a,
ASN00092045,20070709,PRCP,24,,,a,
ASN00092045,20070710,PRCP,0,,,a,
ASN00092045,20070711,PRCP,36,,,a,
ASN00092045,20070712,PRCP,106,,,a,
ASN00092045,20070713,PRCP,110,,,a,
ASN00092045,20070714,PRCP,24,,,a,
ASN00092045,20070715,PRCP,0,,,a,
ASN00092045,20070716,PRCP,2,,,a,
ASN00092045,20070717,PRCP,2,,,a,
ASN00092045,20070718,PRCP,48,,,a,
ASN00092045,20070719,PRCP,0,,,a,
ASN00092045,20070720,PRCP,0,,,a,
ASN00092045,20070721,PRCP,0,,,a,
ASN00092045,20070722,PRCP,0,,,a,
ASN00092045,20070723,PRCP,0,,,a,
ASN00092045,20070724,PRCP,0,,,a,
ASN00092045,20070725,PRCP,0,,,a,
ASN00092045,20070726,PRCP,22,,,a,
ASN00092045,20070727,PRCP,38,,,a,
ASN00092045,20070728,PRCP,34,,,a,
ASN00092045,20070729,PRCP,0,,,a,
ASN00092045,20070730,PRCP,0,,,a,
ASN00092045,20070731,PRCP,2,,,a,
ASN00092045,20070701,TAVG,95,H,,S,
ASN00092045,20070702,TAVG,111,H,,S,
ASN00092045,20070703,TAVG,108,H,,S,
ASN00092045,20070704,TAVG,96,H,,S,
ASN00092045,20070705,TAVG,107,H,,S,
ASN00092045,20070706,TAVG,111,H,,S,
ASN00092045,20070707,TAVG,118,H,,S,
ASN00092045,20070708,TAVG,113,H,,S,
ASN00092045,20070709,TAVG,101,H,,S,
ASN00092045,20070710,TAVG,103,H,,S,
ASN00092045,20070711,TAVG,106,H,,S,
ASN00092045,20070712,TAVG,96,H,,S,
ASN00092045,20070713,TAVG,92,H,,S,
ASN00092045,20070714,TAVG,81,H,,S,
ASN00092045,20070715,TAVG,81,H,,S,
ASN00092045,20070716,TAVG,115,H,,S,
ASN00092045,20070717,TAVG,69,H,,S,
ASN00092045,20070718,TAVG,83,H,,S,
ASN00092045,20070719,TAVG,93,H,,S,
ASN00092045,20070720,TAVG,103,H,,S,
ASN00092045,20070721,TAVG,97,H,,S,
ASN00092045,20070722,TAVG,92,H,,S,
ASN00092045,20070723,TAVG,112,H,,S,
ASN00092045,20070724,TAVG,122,H,,S,
ASN00092045,20070725,TAVG,134,H,,S,
ASN00092045,20070726,TAVG,119,H,,S,
ASN00092045,20070727,TAVG,104,H,,S,
ASN00092045,20070728,TAVG,106,H,,S,
ASN00092045,20070729,TAVG,92,H,,S,
ASN00092045,20070730,TAVG,105,H,,S,
ASN00092045,20070731,TAVG,118,H,,S,
ASN00092045,20070801,TMAX,148,,,a,
ASN00092045,20070802,TMAX,137,,,a,
ASN00092045,20070803,TMAX,115,,,a,
ASN00092045,20070804,TMAX,138,,,a,
ASN00092045,20070805,TMAX,152,,,a,
ASN00092045,20070806,TMAX,159,,,a,
ASN00092045,20070807,TMAX,146,,,a,
ASN00092045,20070808,TMAX,147,,,a,
ASN00092045,20070809,TMAX,147,,,a,
ASN00092045,20070810,TMAX,137,,,a,
ASN00092045,20070811,TMAX,139,,,a,
ASN00092045,20070812,TMAX,123,,,a,
ASN00092045,20070813,TMAX,108,,,a,
ASN00092045,20070814,TMAX,132,,,a,
ASN00092045,20070815,TMAX,156,,,a,
ASN00092045,20070816,TMAX,158,,,a,
ASN00092045,20070817,TMAX,174,,,a,
ASN00092045,20070818,TMAX,152,,,a,
ASN00092045,20070819,TMAX,156,,,a,
ASN00092045,20070820,TMAX,143,,,a,
ASN00092045,20070821,TMAX,117,,,a,
ASN00092045,20070822,TMAX,130,,,a,
ASN00092045,20070823,TMAX,151,,,a,
ASN00092045,20070824,TMAX,160,,,a,
ASN00092045,20070825,TMAX,163,,,a,
ASN00092045,20070826,TMAX,165,,,a,
ASN00092045,20070827,TMAX,189,,,a,
ASN00092045,20070828,TMAX,167,,,a,
ASN00092045,20070829,TMAX,162,,,a,
ASN00092045,20070830,TMAX,187,,,a,
ASN00092045,20070831,TMAX,187,,,a,
ASN00092045,20070801,TMIN,95,,,a,
ASN00092045,20070802,TMIN,93,,,a,
ASN00092045,20070803,TMIN,62,,,a,
ASN00092045,20070804,TMIN,38,,,a,
ASN00092045,20070805,TMIN,65,,,a,
ASN00092045,20070806,TMIN,68,,,a,
ASN00092045,20070807,TMIN,99,,,a,
ASN00092045,20070808,TMIN,107,,,a,
ASN00092045,20070809,TMIN,115,,,a,
ASN00092045,20070810,TMIN,112,,,a,
ASN00092045,20070811,TMIN,57,,,a,
ASN00092045,20070812,TMIN,52,,,a,
ASN00092045,20070813,TMIN,65,,,a,
ASN00092045,20070814,TMIN,71,,,a,
ASN00092045,20070815,TMIN,98,,,a,
ASN00092045,20070816,TMIN,106,,,a,
ASN00092045,20070817,TMIN,77,,,a,
ASN00092045,20070818,TMIN,65,,,a,
ASN00092045,20070819,TMIN,72,,,a,
ASN00092045,20070820,TMIN,81,,,a,
ASN00092045,20070821,TMIN,79,,,a,
ASN00092045,20070822,TMIN,55,,,a,
ASN00092045,20070823,TMIN,72,,,a,
ASN00092045,20070824,TMIN,96,,,a,
ASN00092045,20070825,TMIN,85,,,a,
ASN00092045,20070826,TMIN,100,,,a,
ASN00092045,20070827,TMIN,90,,,a,
ASN00092045,20070828,TMIN,107,,,a,
ASN00092045,20070829,TMIN,95,,,a,
ASN00092045,20070830,TMIN,108,,,a,
ASN00092045,20070831,TMIN,96,,,a,
ASN00092045,20070801,PRCP,30,,,a,
ASN00092045,20070802,PRCP,88,,,a,
ASN00092045,20070803,PRCP,52,,,a,
ASN00092045,20070804,PRCP,0,,,a,
ASN00092045,20070805,PRCP,6,,,a,
ASN00092045,20070806,PRCP,0,,,a,
ASN00092045,20070807,PRCP,4,,,a,
ASN00092045,20070808,PRCP,2,,,a,
ASN00092045,20070809,PRCP,18,,,a,
ASN00092045,20070810,PRCP,94,,,a,
ASN00092045,20070811,PRCP,170,,,a,
ASN00092045,20070812,PRCP,0,,,a,
ASN00092045,20070813,PRCP,32,,,a,
ASN00092045,20070814,PRCP,74,,,a,
ASN00092045,20070815,PRCP,0,,,a,
ASN00092045,20070816,PRCP,0,,,a,
ASN00092045,20070817,PRCP,0,,,a,
ASN00092045,20070818,PRCP,14,,,a,
ASN00092045,20070819,PRCP,0,,,a,
ASN00092045,20070820,PRCP,2,,,a,
ASN00092045,20070821,PRCP,14,,,a,
ASN00092045,20070822,PRCP,0,,,a,
ASN00092045,20070823,PRCP,2,,,a,
ASN00092045,20070824,PRCP,2,,,a,
ASN00092045,20070825,PRCP,0,,,a,
ASN00092045,20070826,PRCP,2,,,a,
ASN00092045,20070827,PRCP,0,,,a,
ASN00092045,20070828,PRCP,0,,,a,
ASN00092045,20070829,PRCP,0,,,a,
ASN00092045,20070830,PRCP,0,,,a,
ASN00092045,20070831,PRCP,0,,,a,
ASN00092045,20070801,TAVG,127,H,,S,
ASN00092045,20070802,TAVG,87,H,,S,
ASN00092045,20070803,TAVG,71,H,,S,
ASN00092045,20070804,TAVG,91,H,,S,
ASN00092045,20070805,TAVG,97,H,,S,
ASN00092045,20070806,TAVG,120,H,,S,
ASN00092045,20070807,TAVG,125,H,,S,
ASN00092045,20070808,TAVG,131,H,,S,
ASN00092045,20070809,TAVG,130,H,,S,
ASN00092045,20070810,TAVG,99,H,,S,
ASN00092045,20070811,TAVG,87,H,,S,
ASN00092045,20070812,TAVG,86,H,,S,
ASN00092045,20070813,TAVG,88,H,,S,
ASN00092045,20070814,TAVG,111,H,,S,
ASN00092045,20070815,TAVG,133,H,,S,
ASN00092045,20070816,TAVG,107,H,,S,
ASN00092045,20070817,TAVG,109,H,,S,
ASN00092045,20070818,TAVG,102,H,,S,
ASN00092045,20070819,TAVG,106,H,,S,
ASN00092045,20070820,TAVG,106,H,,S,
ASN00092045,20070821,TAVG,90,H,,S,
ASN00092045,20070822,TAVG,98,H,,S,
ASN00092045,20070823,TAVG,122,H,,S,
ASN00092045,20070824,TAVG,117,H,,S,
ASN00092045,20070825,TAVG,122,H,,S,
ASN00092045,20070826,TAVG,118,H,,S,
ASN00092045,20070827,TAVG,142,H,,S,
ASN00092045,20070828,TAVG,117,H,,S,
ASN00092045,20070829,TAVG,124,H,,S,
ASN00092045,20070830,TAVG,139,H,,S,
ASN00092045,20070831,TAVG,99,H,,S,
ASN00092045,20070901,TMAX,147,,,a,
ASN00092045,20070902,TMAX,151,,,a,
ASN00092045,20070903,TMAX,151,,,a,
ASN00092045,20070904,TMAX,136,,,a,
ASN00092045,20070905,TMAX,142,,,a,
ASN00092045,20070906,TMAX,163,,,a,
ASN00092045,20070907,TMAX,183,,,a,
ASN00092045,20070908,TMAX,158,,,a,
ASN00092045,20070909,TMAX,181,,,a,
ASN00092045,20070910,TMAX,143,,,a,
ASN00092045,20070911,TMAX,159,,,a,
ASN00092045,20070912,TMAX,177,,,a,
ASN00092045,20070913,TMAX,168,,,a,
ASN00092045,20070914,TMAX,161,,,a,
ASN00092045,20070915,TMAX,173,,,a,
ASN00092045,20070916,TMAX,171,,,a,
ASN00092045,20070917,TMAX,192,,,a,
ASN00092045,20070918,TMAX,150,,,a,
ASN00092045,20070919,TMAX,152,,,a,
ASN00092045,20070920,TMAX,191,,,a,
ASN00092045,20070921,TMAX,172,,,a,
ASN00092045,20070922,TMAX,149,,,a,
ASN00092045,20070923,TMAX,159,,,a,
ASN00092045,20070924,TMAX,153,,,a,
ASN00092045,20070925,TMAX,172,,,a,
ASN00092045,20070926,TMAX,179,,,a,
ASN00092045,20070927,TMAX,165,,,a,
ASN00092045,20070928,TMAX,129,,,a,
ASN00092045,20070929,TMAX,139,,,a,
ASN00092045,20070930,TMAX,152,,,a,
ASN00092045,20070901,TMIN,57,,,a,
ASN00092045,20070902,TMIN,110,,,a,
ASN00092045,20070903,TMIN,52,,,a,
ASN00092045,20070904,TMIN,63,,,a,
ASN00092045,20070905,TMIN,100,,,a,
ASN00092045,20070906,TMIN,114,,,a,
ASN00092045,20070907,TMIN,105,,,a,
ASN00092045,20070908,TMIN,70,,,a,
ASN00092045,20070909,TMIN,81,,,a,
ASN00092045,20070910,TMIN,103,,,a,
ASN00092045,20070911,TMIN,90,,,a,
ASN00092045,20070912,TMIN,89,,,a,
ASN00092045,20070913,TMIN,76,,,a,
ASN00092045,20070914,TMIN,123,,,a,
ASN00092045,20070915,TMIN,76,,,a,
ASN00092045,20070916,TMIN,63,,,a,
ASN00092045,20070917,TMIN,88,,,a,
ASN00092045,20070918,TMIN,96,,,a,
ASN00092045,20070919,TMIN,90,,,a,
ASN00092045,20070920,TMIN,96,,,a,
ASN00092045,20070921,TMIN,74,,,a,
ASN00092045,20070922,TMIN,27,,,a,
ASN00092045,20070923,TMIN,52,,,a,
ASN00092045,20070924,TMIN,90,,,a,
ASN00092045,20070925,TMIN,89,,,a,
ASN00092045,20070926,TMIN,101,,,a,
ASN00092045,20070927,TMIN,97,,,a,
ASN00092045,20070928,TMIN,81,,,a,
ASN00092045,20070929,TMIN,68,,,a,
ASN00092045,20070930,TMIN,95,,,a,
ASN00092045,20070901,PRCP,12,,,a,
ASN00092045,20070902,PRCP,0,,,a,
ASN00092045,20070903,PRCP,0,,,a,
ASN00092045,20070904,PRCP,0,,,a,
ASN00092045,20070905,PRCP,0,,,a,
ASN00092045,20070906,PRCP,0,,,a,
ASN00092045,20070907,PRCP,2,,,a,
ASN00092045,20070908,PRCP,0,,,a,
ASN00092045,20070909,PRCP,0,,,a,
ASN00092045,20070910,PRCP,0,,,a,
ASN00092045,20070911,PRCP,54,,,a,
ASN00092045,20070912,PRCP,0,,,a,
ASN00092045,20070913,PRCP,0,,,a,
ASN00092045,20070914,PRCP,2,,,a,
ASN00092045,20070915,PRCP,4,,,a,
ASN00092045,20070916,PRCP,0,,,a,
ASN00092045,20070917,PRCP,0,,,a,
ASN00092045,20070918,PRCP,0,,,a,
ASN00092045,20070919,PRCP,0,,,a,
ASN00092045,20070920,PRCP,38,,,a,
ASN00092045,20070921,PRCP,72,,,a,
ASN00092045,20070922,PRCP,14,,,a,
ASN00092045,20070923,PRCP,0,,,a,
ASN00092045,20070924,PRCP,0,,,a,
ASN00092045,20070925,PRCP,0,,,a,
ASN00092045,20070926,PRCP,0,,,a,
ASN00092045,20070927,PRCP,2,,,a,
ASN00092045,20070928,PRCP,68,,,a,
ASN00092045,20070929,PRCP,66,,,a,
ASN00092045,20070930,PRCP,60,,,a,
ASN00092045,20070901,TAVG,121,H,,S,
ASN00092045,20070902,TAVG,103,H,,S,
ASN00092045,20070903,TAVG,94,H,,S,
ASN00092045,20070904,TAVG,115,H,,S,
ASN00092045,20070905,TAVG,127,H,,S,
ASN00092045,20070906,TAVG,128,H,,S,
ASN00092045,20070907,TAVG,114,H,,S,
ASN00092045,20070908,TAVG,114,H,,S,
ASN00092045,20070909,TAVG,130,H,,S,
ASN00092045,20070910,TAVG,117,H,,S,
ASN00092045,20070911,TAVG,121,H,,S,
ASN00092045,20070912,TAVG,114,H,,S,
ASN00092045,20070913,TAVG,134,H,,S,
ASN00092045,20070914,TAVG,110,H,,S,
ASN00092045,20070915,TAVG,111,H,,S,
ASN00092045,20070916,TAVG,128,H,,S,
ASN00092045,20070917,TAVG,136,H,,S,
ASN00092045,20070918,TAVG,117,H,,S,
ASN00092045,20070919,TAVG,125,H,,S,
ASN00092045,20070920,TAVG,118,H,,S,
ASN00092045,20070921,TAVG,92,H,,S,
ASN00092045,20070922,TAVG,92,H,,S,
ASN00092045,20070923,TAVG,129,H,,S,
ASN00092045,20070924,TAVG,116,H,,S,
ASN00092045,20070925,TAVG,133,H,,S,
ASN00092045,20070926,TAVG,133,H,,S,
ASN00092045,20070927,TAVG,123,H,,S,
ASN00092045,20070928,TAVG,98,H,,S,
ASN00092045,20070929,TAVG,114,H,,S,
ASN00092045,20070930,TAVG,116,H,,S,
ASN00092045,20071001,TMAX,151,,,a,
ASN00092045,20071002,TMAX,171,,,a,
ASN00092045,20071003,TMAX,153,,,a,
ASN00092045,20071004,TMAX,151,,,a,
ASN00092045,20071005,TMAX,163,,,a,
ASN00092045,20071006,TMAX,145,,,a,
ASN00092045,20071007,TMAX,146,,,a,
ASN00092045,20071008,TMAX,149,,,a,
ASN00092045,20071009,TMAX,161,,,a,
ASN00092045,20071010,TMAX,189,,,a,
ASN00092045,20071011,TMAX,204,,,a,
ASN00092045,20071012,TMAX,167,,,a,
ASN00092045,20071013,TMAX,155,,,a,
ASN00092045,20071014,TMAX,163,,,a,
ASN00092045,20071015,TMAX,171,,,a,
ASN00092045,20071016,TMAX,163,,,a,
ASN00092045,20071017,TMAX,161,,,a,
ASN00092045,20071018,TMAX,172,,,a,
ASN00092045,20071019,TMAX,177,,,a,
ASN00092045,20071020,TMAX,209,,,a,
ASN00092045,20071021,TMAX,178,,,a,
ASN00092045,20071022,TMAX,219,,,a,
ASN00092045,20071023,TMAX,195,,,a,
ASN00092045,20071024,TMAX,198,,,a,
ASN00092045,20071025,TMAX,178,,,a,
ASN00092045,20071026,TMAX,144,,,a,
ASN00092045,20071027,TMAX,170,,,a,
ASN00092045,20071028,TMAX,164,,,a,
ASN00092045,20071029,TMAX,162,,,a,
ASN00092045,20071030,TMAX,173,,,a,
ASN00092045,20071031,TMAX,178,,,a,
ASN00092045,20071001,TMIN,99,,,a,
ASN00092045,20071002,TMIN,56,,,a,
ASN00092045,20071003,TMIN,109,,,a,
ASN00092045,20071004,TMIN,71,,,a,
ASN00092045,20071005,TMIN,76,,,a,
ASN00092045,20071006,TMIN,72,,,a,
ASN00092045,20071007,TMIN,40,,,a,
ASN00092045,20071008,TMIN,52,,,a,
ASN00092045,20071009,TMIN,74,,,a,
ASN00092045,20071010,TMIN,88,,,a,
ASN00092045,20071011,TMIN,128,,,a,
ASN00092045,20071012,TMIN,105,,,a,
ASN00092045,20071013,TMIN,45,,,a,
ASN00092045,20071014,TMIN,85,,,a,
ASN00092045,20071015,TMIN,115,,,a,
ASN00092045,20071016,TMIN,73,,,a,
ASN00092045,20071017,TMIN,40,,,a,
ASN00092045,20071018,TMIN,67,,,a,
ASN00092045,20071019,TMIN,116,,,a,
ASN00092045,20071020,TMIN,88,,,a,
ASN00092045,20071021,TMIN,89,,,a,
ASN00092045,20071022,TMIN,111,,,a,
ASN00092045,20071023,TMIN,119,,,a,
ASN00092045,20071024,TMIN,95,,,a,
ASN00092045,20071025,TMIN,105,,,a,
ASN00092045,20071026,TMIN,105,,,a,
ASN00092045,20071027,TMIN,125,,,a,
ASN00092045,20071028,TMIN,139,,,a,
ASN00092045,20071029,TMIN,111,,,a,
ASN00092045,20071030,TMIN,111,,,a,
ASN00092045,20071031,TMIN,89,,,a,
ASN00092045,20071001,PRCP,10,,,a,
ASN00092045,20071002,PRCP,8,,,a,
ASN00092045,20071003,PRCP,0,,,a,
ASN00092045,20071004,PRCP,16,,,a,
ASN00092045,20071005,PRCP,8,,,a,
ASN00092045,20071006,PRCP,74,,,a,
ASN00092045,20071007,PRCP,2,,,a,
ASN00092045,20071008,PRCP,0,,,a,
ASN00092045,20071009,PRCP,0,,,a,
ASN00092045,20071010,PRCP,0,,,a,
ASN00092045,20071011,PRCP,0,,,a,
ASN00092045,20071012,PRCP,16,,,a,
ASN00092045,20071013,PRCP,2,,,a,
ASN00092045,20071014,PRCP,0,,,a,
ASN00092045,20071015,PRCP,0,,,a,
ASN00092045,20071016,PRCP,6,,,a,
ASN00092045,20071017,PRCP,2,,,a,
ASN00092045,20071018,PRCP,0,,,a,
ASN00092045,20071019,PRCP,0,,,a,
ASN00092045,20071020,PRCP,0,,,a,
ASN00092045,20071021,PRCP,0,,,a,
ASN00092045,20071022,PRCP,0,,,a,
ASN00092045,20071023,PRCP,0,,,a,
ASN00092045,20071024,PRCP,0,,,a,
ASN00092045,20071025,PRCP,0,,,a,
ASN00092045,20071026,PRCP,0,,,a,
ASN00092045,20071027,PRCP,266,,,a,
ASN00092045,20071028,PRCP,8,,,a,
ASN00092045,20071029,PRCP,6,,,a,
ASN00092045,20071030,PRCP,8,,,a,
ASN00092045,20071031,PRCP,2,,,a,
ASN00092045,20071001,TAVG,103,H,,S,
ASN00092045,20071002,TAVG,133,H,,S,
ASN00092045,20071003,TAVG,103,H,,S,
ASN00092045,20071004,TAVG,116,H,,S,
ASN00092045,20071005,TAVG,103,H,,S,
ASN00092045,20071006,TAVG,87,H,,S,
ASN00092045,20071007,TAVG,98,H,,S,
ASN00092045,20071008,TAVG,109,H,,S,
ASN00092045,20071009,TAVG,120,H,,S,
ASN00092045,20071010,TAVG,143,H,,S,
ASN00092045,20071011,TAVG,136,H,,S,
ASN00092045,20071012,TAVG,93,H,,S,
ASN00092045,20071013,TAVG,125,H,,S,
ASN00092045,20071014,TAVG,139,H,,S,
ASN00092045,20071015,TAVG,129,H,,S,
ASN00092045,20071016,TAVG,101,H,,S,
ASN00092045,20071017,TAVG,109,H,,S,
ASN00092045,20071018,TAVG,143,H,,S,
ASN00092045,20071019,TAVG,131,H,,S,
ASN00092045,20071020,TAVG,134,H,,S,
ASN00092045,20071021,TAVG,136,H,,S,
ASN00092045,20071022,TAVG,148,H,,S,
ASN00092045,20071023,TAVG,141,H,,S,
ASN00092045,20071024,TAVG,143,H,,S,
ASN00092045,20071025,TAVG,137,H,,S,
ASN00092045,20071026,TAVG,137,H,,S,
ASN00092045,20071027,TAVG,149,H,,S,
ASN00092045,20071028,TAVG,141,H,,S,
ASN00092045,20071029,TAVG,135,H,,S,
ASN00092045,20071030,TAVG,125,H,,S,
ASN00092045,20071031,TAVG,126,H,,S,
ASN00092045,20071101,TMAX,183,,,a,
ASN00092045,20071102,TMAX,163,,,a,
ASN00092045,20071103,TMAX,172,,,a,
ASN00092045,20071104,TMAX,136,,,a,
ASN00092045,20071105,TMAX,150,,,a,
ASN00092045,20071106,TMAX,163,,,a,
ASN00092045,20071107,TMAX,167,,,a,
ASN00092045,20071108,TMAX,182,,,a,
ASN00092045,20071109,TMAX,189,,,a,
ASN00092045,20071110,TMAX,200,,,a,
ASN00092045,20071111,TMAX,222,,,a,
ASN00092045,20071112,TMAX,186,,,a,
ASN00092045,20071113,TMAX,170,,,a,
ASN00092045,20071114,TMAX,224,,,a,
ASN00092045,20071115,TMAX,185,,,a,
ASN00092045,20071116,TMAX,243,,,a,
ASN00092045,20071117,TMAX,196,,,a,
ASN00092045,20071118,TMAX,187,,,a,
ASN00092045,20071119,TMAX,296,,,a,
ASN00092045,20071120,TMAX,229,,,a,
ASN00092045,20071121,TMAX,155,,,a,
ASN00092045,20071122,TMAX,185,,,a,
ASN00092045,20071123,TMAX,226,,,a,
ASN00092045,20071124,TMAX,208,,,a,
ASN00092045,20071125,TMAX,215,,,a,
ASN00092045,20071126,TMAX,183,,,a,
ASN00092045,20071127,TMAX,193,,,a,
ASN00092045,20071128,TMAX,215,,,a,
ASN00092045,20071129,TMAX,186,,,a,
ASN00092045,20071130,TMAX,200,,,a,
ASN00092045,20071101,TMIN,85,,,a,
ASN00092045,20071102,TMIN,108,,,a,
ASN00092045,20071103,TMIN,116,,,a,
ASN00092045,20071104,TMIN,113,,,a,
ASN00092045,20071105,TMIN,84,,,a,
ASN00092045,20071106,TMIN,103,,,a,
ASN00092045,20071107,TMIN,109,,,a,
ASN00092045,20071108,TMIN,108,,,a,
ASN00092045,20071109,TMIN,98,,,a,
ASN00092045,20071110,TMIN,108,,,a,
ASN00092045,20071111,TMIN,113,,,a,
ASN00092045,20071112,TMIN,123,,,a,
ASN00092045,20071113,TMIN,133,,,a,
ASN00092045,20071114,TMIN,133,,,a,
ASN00092045,20071115,TMIN,136,,,a,
ASN00092045,20071116,TMIN,121,,,a,
ASN00092045,20071117,TMIN,132,,,a,
ASN00092045,20071118,TMIN,134,,,a,
ASN00092045,20071119,TMIN,150,,,a,
ASN00092045,20071120,TMIN,141,,,a,
ASN00092045,20071121,TMIN,155,,,a,
ASN00092045,20071122,TMIN,129,,,a,
ASN00092045,20071123,TMIN,117,,,a,
ASN00092045,20071124,TMIN,111,,,a,
ASN00092045,20071125,TMIN,144,,,a,
ASN00092045,20071126,TMIN,112,,,a,
ASN00092045,20071127,TMIN,134,,,a,
ASN00092045,20071128,TMIN,140,,,a,
ASN00092045,20071129,TMIN,141,,,a,
ASN00092045,20071130,TMIN,130,,,a,
ASN00092045,20071101,PRCP,2,,,a,
ASN00092045,20071102,PRCP,150,,,a,
ASN00092045,20071103,PRCP,0,,,a,
ASN00092045,20071104,PRCP,4,,,a,
ASN00092045,20071105,PRCP,4,,,a,
ASN00092045,20071106,PRCP,0,,,a,
ASN00092045,20071107,PRCP,0,,,a,
ASN00092045,20071108,PRCP,0,,,a,
ASN00092045,20071109,PRCP,0,,,a,
ASN00092045,20071110,PRCP,8,,,a,
ASN00092045,20071111,PRCP,6,,,a,
ASN00092045,20071112,PRCP,0,,,a,
ASN00092045,20071113,PRCP,0,,,a,
ASN00092045,20071114,PRCP,0,,,a,
ASN00092045,20071115,PRCP,2,,,a,
ASN00092045,20071116,PRCP,0,,,a,
ASN00092045,20071117,PRCP,0,,,a,
ASN00092045,20071118,PRCP,0,,,a,
ASN00092045,20071119,PRCP,0,,,a,
ASN00092045,20071120,PRCP,0,,,a,
ASN00092045,20071121,PRCP,22,,,a,
ASN00092045,20071122,PRCP,104,,,a,
ASN00092045,20071123,PRCP,0,,,a,
ASN00092045,20071124,PRCP,2,,,a,
ASN00092045,20071125,PRCP,0,,,a,
ASN00092045,20071126,PRCP,0,,,a,
ASN00092045,20071127,PRCP,0,,,a,
ASN00092045,20071128,PRCP,0,,,a,
ASN00092045,20071129,PRCP,0,,,a,
ASN00092045,20071130,PRCP,0,,,a,
ASN00092045,20071101,TAVG,140,H,,S,
ASN00092045,20071102,TAVG,129,H,,S,
ASN00092045,20071103,TAVG,134,H,,S,
ASN00092045,20071104,TAVG,107,H,,S,
ASN00092045,20071105,TAVG,124,H,,S,
ASN00092045,20071106,TAVG,128,H,,S,
ASN00092045,20071107,TAVG,131,H,,S,
ASN00092045,20071108,TAVG,137,H,,S,
ASN00092045,20071109,TAVG,141,H,,S,
ASN00092045,20071110,TAVG,152,H,,S,
ASN00092045,20071111,TAVG,158,H,,S,
ASN00092045,20071112,TAVG,154,H,,S,
ASN00092045,20071113,TAVG,144,H,,S,
ASN00092045,20071114,TAVG,169,H,,S,
ASN00092045,20071115,TAVG,150,H,,S,
ASN00092045,20071116,TAVG,176,H,,S,
ASN00092045,20071117,TAVG,155,H,,S,
ASN00092045,20071118,TAVG,164,H,,S,
ASN00092045,20071119,TAVG,183,H,,S,
ASN00092045,20071120,TAVG,184,H,,S,
ASN00092045,20071121,TAVG,138,H,,S,
ASN00092045,20071122,TAVG,149,H,,S,
ASN00092045,20071123,TAVG,165,H,,S,
ASN00092045,20071124,TAVG,171,H,,S,
ASN00092045,20071125,TAVG,155,H,,S,
ASN00092045,20071126,TAVG,144,H,,S,
ASN00092045,20071127,TAVG,158,H,,S,
ASN00092045,20071128,TAVG,163,H,,S,
ASN00092045,20071129,TAVG,149,H,,S,
ASN00092045,20071130,TAVG,164,H,,S,
ASN00092045,20071201,TMAX,218,,,a,
ASN00092045,20071202,TMAX,215,,,a,
ASN00092045,20071203,TMAX,225,,,a,
ASN00092045,20071204,TMAX,217,,,a,
ASN00092045,20071205,TMAX,198,,,a,
ASN00092045,20071206,TMAX,211,,,a,
ASN00092045,20071207,TMAX,199,,,a,
ASN00092045,20071208,TMAX,211,,,a,
ASN00092045,20071209,TMAX,219,,,a,
ASN00092045,20071210,TMAX,192,,,a,
ASN00092045,20071211,TMAX,217,,,a,
ASN00092045,20071212,TMAX,225,,,a,
ASN00092045,20071213,TMAX,215,,,a,
ASN00092045,20071214,TMAX,230,,,a,
ASN00092045,20071215,TMAX,237,,,a,
ASN00092045,20071216,TMAX,222,,,a,
ASN00092045,20071217,TMAX,194,,,a,
ASN00092045,20071218,TMAX,211,,,a,
ASN00092045,20071219,TMAX,239,,,a,
ASN00092045,20071220,TMAX,243,,,a,
ASN00092045,20071221,TMAX,257,,,a,
ASN00092045,20071222,TMAX,232,,,a,
ASN00092045,20071223,TMAX,194,,,a,
ASN00092045,20071224,TMAX,207,,,a,
ASN00092045,20071225,TMAX,223,,,a,
ASN00092045,20071226,TMAX,193,,,a,
ASN00092045,20071227,TMAX,227,,,a,
ASN00092045,20071228,TMAX,239,,,a,
ASN00092045,20071229,TMAX,320,,,a,
ASN00092045,20071230,TMAX,213,,,a,
ASN00092045,20071231,TMAX,235,,,a,
ASN00092045,20071201,TMIN,143,,,a,
ASN00092045,20071202,TMIN,131,,,a,
ASN00092045,20071203,TMIN,155,,,a,
ASN00092045,20071204,TMIN,138,,,a,
ASN00092045,20071205,TMIN,103,,,a,
ASN00092045,20071206,TMIN,153,,,a,
ASN00092045,20071207,TMIN,168,,,a,
ASN00092045,20071208,TMIN,109,,,a,
ASN00092045,20071209,TMIN,113,,,a,
ASN00092045,20071210,TMIN,86,,,a,
ASN00092045,20071211,TMIN,86,,,a,
ASN00092045,20071212,TMIN,114,,,a,
ASN00092045,20071213,TMIN,150,,,a,
ASN00092045,20071214,TMIN,147,,,a,
ASN00092045,20071215,TMIN,154,,,a,
ASN00092045,20071216,TMIN,148,,,a,
ASN00092045,20071217,TMIN,138,,,a,
ASN00092045,20071218,TMIN,142,,,a,
ASN00092045,20071219,TMIN,155,,,a,
ASN00092045,20071220,TMIN,168,,,a,
ASN00092045,20071221,TMIN,163,,,a,
ASN00092045,20071222,TMIN,170,,,a,
ASN00092045,20071223,TMIN,86,,,a,
ASN00092045,20071224,TMIN,119,,,a,
ASN00092045,20071225,TMIN,78,,,a,
ASN00092045,20071226,TMIN,114,,,a,
ASN00092045,20071227,TMIN,124,,,a,
ASN00092045,20071228,TMIN,133,,,a,
ASN00092045,20071229,TMIN,154,,,a,
ASN00092045,20071230,TMIN,151,,,a,
ASN00092045,20071231,TMIN,152,,,a,
ASN00092045,20071201,PRCP,0,,,a,
ASN00092045,20071202,PRCP,0,,,a,
ASN00092045,20071203,PRCP,0,,,a,
ASN00092045,20071204,PRCP,2,,,a,
ASN00092045,20071205,PRCP,2,,,a,
ASN00092045,20071206,PRCP,0,,,a,
ASN00092045,20071207,PRCP,0,,,a,
ASN00092045,20071208,PRCP,48,,,a,
ASN00092045,20071209,PRCP,0,,,a,
ASN00092045,20071210,PRCP,0,,,a,
ASN00092045,20071211,PRCP,2,,,a,
ASN00092045,20071212,PRCP,0,,,a,
ASN00092045,20071213,PRCP,0,,,a,
ASN00092045,20071214,PRCP,0,,,a,
ASN00092045,20071215,PRCP,0,,,a,
ASN00092045,20071216,PRCP,4,,,a,
ASN00092045,20071217,PRCP,0,,,a,
ASN00092045,20071218,PRCP,0,,,a,
ASN00092045,20071219,PRCP,0,,,a,
ASN00092045,20071220,PRCP,0,,,a,
ASN00092045,20071221,PRCP,0,,,a,
ASN00092045,20071222,PRCP,30,,,a,
ASN00092045,20071223,PRCP,226,,,a,
ASN00092045,20071224,PRCP,2,,,a,
ASN00092045,20071225,PRCP,0,,,a,
ASN00092045,20071226,PRCP,0,,,a,
ASN00092045,20071227,PRCP,0,,,a,
ASN00092045,20071228,PRCP,0,,,a,
ASN00092045,20071229,PRCP,0,,,a,
ASN00092045,20071230,PRCP,0,,,a,
ASN00092045,20071231,PRCP,0,,,a,
ASN00092045,20071201,TAVG,166,H,,S,
ASN00092045,20071202,TAVG,177,H,,S,
ASN00092045,20071203,TAVG,174,H,,S,
ASN00092045,20071204,TAVG,161,H,,S,
ASN00092045,20071205,TAVG,167,H,,S,
ASN00092045,20071206,TAVG,180,H,,S,
ASN00092045,20071207,TAVG,151,H,,S,
ASN00092045,20071208,TAVG,159,H,,S,
ASN00092045,20071209,TAVG,142,H,,S,
ASN00092045,20071210,TAVG,141,H,,S,
ASN00092045,20071211,TAVG,153,H,,S,
ASN00092045,20071212,TAVG,176,H,,S,
ASN00092045,20071213,TAVG,174,H,,S,
ASN00092045,20071214,TAVG,181,H,,S,
ASN00092045,20071215,TAVG,172,H,,S,
ASN00092045,20071216,TAVG,168,H,,S,
ASN00092045,20071217,TAVG,161,H,,S,
ASN00092045,20071218,TAVG,173,H,,S,
ASN00092045,20071219,TAVG,186,H,,S,
ASN00092045,20071220,TAVG,188,H,,S,
ASN00092045,20071221,TAVG,187,H,,S,
ASN00092045,20071222,TAVG,142,H,,S,
ASN00092045,20071223,TAVG,153,H,,S,
ASN00092045,20071224,TAVG,132,H,,S,
ASN00092045,20071225,TAVG,161,H,,S,
ASN00092045,20071226,TAVG,155,H,,S,
ASN00092045,20071227,TAVG,163,H,,S,
ASN00092045,20071228,TAVG,187,H,,S,
ASN00092045,20071229,TAVG,204,H,,S,
ASN00092045,20071230,TAVG,177,H,,S,
ASN00092045,20071231,TAVG,197,H,,S,
ASN00092045,20080101,TMAX,271,,,a,
ASN00092045,20080102,TMAX,220,,,a,
ASN00092045,20080103,TMAX,210,,,a,
ASN00092045,20080104,TMAX,232,,,a,
ASN00092045,20080105,TMAX,247,,,a,
ASN00092045,20080106,TMAX,276,,,a,
ASN00092045,20080107,TMAX,243,,,a,
ASN00092045,20080108,TMAX,243,,,a,
ASN00092045,20080109,TMAX,240,,,a,
ASN00092045,20080110,TMAX,247,,,a,
ASN00092045,20080111,TMAX,292,,,a,
ASN00092045,20080112,TMAX,228,,,a,
ASN00092045,20080113,TMAX,227,,,a,
ASN00092045,20080114,TMAX,236,,,a,
ASN00092045,20080115,TMAX,220,,,a,
ASN00092045,20080116,TMAX,254,,,a,
ASN00092045,20080117,TMAX,236,,,a,
ASN00092045,20080118,TMAX,232,,,a,
ASN00092045,20080119,TMAX,188,,,a,
ASN00092045,20080120,TMAX,197,,,a,
ASN00092045,20080121,TMAX,175,,,a,
ASN00092045,20080122,TMAX,218,,,a,
ASN00092045,20080123,TMAX,225,,,a,
ASN00092045,20080124,TMAX,220,,,a,
ASN00092045,20080125,TMAX,246,,,a,
ASN00092045,20080126,TMAX,262,,,a,
ASN00092045,20080127,TMAX,240,,,a,
ASN00092045,20080128,TMAX,237,,,a,
ASN00092045,20080129,TMAX,235,,,a,
ASN00092045,20080130,TMAX,248,,,a,
ASN00092045,20080131,TMAX,192,,,a,
ASN00092045,20080101,TMIN,165,,,a,
ASN00092045,20080102,TMIN,156,,,a,
ASN00092045,20080103,TMIN,155,,,a,
ASN00092045,20080104,TMIN,162,,,a,
ASN00092045,20080105,TMIN,174,,,a,
ASN00092045,20080106,TMIN,180,,,a,
ASN00092045,20080107,TMIN,164,,,a,
ASN00092045,20080108,TMIN,132,,,a,
ASN00092045,20080109,TMIN,129,,,a,
ASN00092045,20080110,TMIN,172,,,a,
ASN00092045,20080111,TMIN,171,,,a,
ASN00092045,20080112,TMIN,155,,,a,
ASN00092045,20080113,TMIN,150,,,a,
ASN00092045,20080114,TMIN,82,,,a,
ASN00092045,20080115,TMIN,128,,,a,
ASN00092045,20080116,TMIN,131,,,a,
ASN00092045,20080117,TMIN,144,,,a,
ASN00092045,20080118,TMIN,159,,,a,
ASN00092045,20080119,TMIN,171,,,a,
ASN00092045,20080120,TMIN,165,,,a,
ASN00092045,20080121,TMIN,127,,,a,
ASN00092045,20080122,TMIN,114,,,a,
ASN00092045,20080123,TMIN,123,,,a,
ASN00092045,20080124,TMIN,146,,,a,
ASN00092045,20080125,TMIN,158,,,a,
ASN00092045,20080126,TMIN,160,,,a,
ASN00092045,20080127,TMIN,175,,,a,
ASN00092045,20080128,TMIN,112,,,a,
ASN00092045,20080129,TMIN,154,,,a,
ASN00092045,20080130,TMIN,160,,,a,
ASN00092045,20080131,TMIN,156,,,a,
ASN00092045,20080101,PRCP,0,,,a,
ASN00092045,20080102,PRCP,0,,,a,
ASN00092045,20080103,PRCP,0,,,a,
ASN00092045,20080104,PRCP,0,,,a,
ASN00092045,20080105,PRCP,0,,,a,
ASN00092045,20080106,PRCP,0,,,a,
ASN00092045,20080107,PRCP,0,,,a,
ASN00092045,20080108,PRCP,0,,,a,
ASN00092045,20080109,PRCP,0,,,a,
ASN00092045,20080110,PRCP,0,,,a,
ASN00092045,20080111,PRCP,0,,,a,
ASN00092045,20080112,PRCP,0,,,a,
ASN00092045,20080113,PRCP,0,,,a,
ASN00092045,20080114,PRCP,2,,,a,
ASN00092045,20080115,PRCP,0,,,a,
ASN00092045,20080116,PRCP,0,,,a,
ASN00092045,20080117,PRCP,0,,,a,
ASN00092045,20080118,PRCP,0,,,a,
ASN00092045,20080119,PRCP,4,,,a,
ASN00092045,20080120,PRCP,220,,,a,
ASN00092045,20080121,PRCP,0,,,a,
ASN00092045,20080122,PRCP,0,,,a,
ASN00092045,20080123,PRCP,0,,,a,
ASN00092045,20080124,PRCP,0,,,a,
ASN00092045,20080125,PRCP,0,,,a,
ASN00092045,20080126,PRCP,0,,,a,
ASN00092045,20080127,PRCP,0,,,a,
ASN00092045,20080128,PRCP,2,,,a,
ASN00092045,20080129,PRCP,0,,,a,
ASN00092045,20080130,PRCP,0,,,a,
ASN00092045,20080131,PRCP,0,,,a,
ASN00092045,20080101,TAVG,183,H,,S,
ASN00092045,20080102,TAVG,178,H,,S,
ASN00092045,20080103,TAVG,176,H,,S,
ASN00092045,20080104,TAVG,196,H,,S,
ASN00092045,20080105,TAVG,201,H,,S,
ASN00092045,20080106,TAVG,197,H,,S,
ASN00092045,20080107,TAVG,177,H,,S,
ASN00092045,20080108,TAVG,177,H,,S,
ASN00092045,20080109,TAVG,193,H,,S,
ASN00092045,20080110,TAVG,199,H,,S,
ASN00092045,20080111,TAVG,201,H,,S,
ASN00092045,20080112,TAVG,179,H,,S,
ASN00092045,20080113,TAVG,156,H,,S,
ASN00092045,20080114,TAVG,169,H,,S,
ASN00092045,20080115,TAVG,170,H,,S,
ASN00092045,20080116,TAVG,182,H,,S,
ASN00092045,20080117,TAVG,188,H,,S,
ASN00092045,20080118,TAVG,188,H,,S,
ASN00092045,20080119,TAVG,176,H,,S,
ASN00092045,20080120,TAVG,154,H,,S,
ASN00092045,20080121,TAVG,142,H,,S,
ASN00092045,20080122,TAVG,163,H,,S,
ASN00092045,20080123,TAVG,186,H,,S,
ASN00092045,20080124,TAVG,181,H,,S,
ASN00092045,20080125,TAVG,194,H,,S,
ASN00092045,20080126,TAVG,202,H,,S,
ASN00092045,20080127,TAVG,178,H,,S,
ASN00092045,20080128,TAVG,182,H,,S,
ASN00092045,20080129,TAVG,187,H,,S,
ASN00092045,20080130,TAVG,195,H,,S,
ASN00092045,20080131,TAVG,160,H,,S,
ASN00092045,20080201,TMAX,234,,,a,
ASN00092045,20080202,TMAX,230,,,a,
ASN00092045,20080203,TMAX,189,,,a,
ASN00092045,20080204,TMAX,197,,,a,
ASN00092045,20080205,TMAX,208,,,a,
ASN00092045,20080206,TMAX,199,,,a,
ASN00092045,20080207,TMAX,194,,,a,
ASN00092045,20080208,TMAX,168,,,a,
ASN00092045,20080209,TMAX,180,,,a,
ASN00092045,20080210,TMAX,207,,,a,
ASN00092045,20080211,TMAX,216,,,a,
ASN00092045,20080212,TMAX,250,,,a,
ASN00092045,20080213,TMAX,201,,,a,
ASN00092045,20080214,TMAX,209,,,a,
ASN00092045,20080215,TMAX,208,,,a,
ASN00092045,20080216,TMAX,234,,,a,
ASN00092045,20080217,TMAX,216,,,a,
ASN00092045,20080218,TMAX,250,,,a,
ASN00092045,20080219,TMAX,244,,,a,
ASN00092045,20080220,TMAX,193,,,a,
ASN00092045,20080221,TMAX,203,,,a,
ASN00092045,20080222,TMAX,193,,,a,
ASN00092045,20080223,TMAX,196,,,a,
ASN00092045,20080224,TMAX,228,,,a,
ASN00092045,20080225,TMAX,220,,,a,
ASN00092045,20080226,TMAX,216,,,a,
ASN00092045,20080227,TMAX,207,,,a,
ASN00092045,20080228,TMAX,175,,,a,
ASN00092045,20080229,TMAX,176,,,a,
ASN00092045,20080201,TMIN,142,,,a,
ASN00092045,20080202,TMIN,140,,,a,
ASN00092045,20080203,TMIN,160,,,a,
ASN00092045,20080204,TMIN,153,,,a,
ASN00092045,20080205,TMIN,162,,,a,
ASN00092045,20080206,TMIN,175,,,a,
ASN00092045,20080207,TMIN,155,,,a,
ASN00092045,20080208,TMIN,123,,,a,
ASN00092045,20080209,TMIN,110,,,a,
ASN00092045,20080210,TMIN,117,,,a,
ASN00092045,20080211,TMIN,127,,,a,
ASN00092045,20080212,TMIN,147,,,a,
ASN00092045,20080213,TMIN,112,,,a,
ASN00092045,20080214,TMIN,141,,,a,
ASN00092045,20080215,TMIN,143,,,a,
ASN00092045,20080216,TMIN,155,,,a,
ASN00092045,20080217,TMIN,163,,,a,
ASN00092045,20080218,TMIN,169,,,a,
ASN00092045,20080219,TMIN,158,,,a,
ASN00092045,20080220,TMIN,185,,,a,
ASN00092045,20080221,TMIN,148,,,a,
ASN00092045,20080222,TMIN,149,,,a,
ASN00092045,20080223,TMIN,109,,,a,
ASN00092045,20080224,TMIN,85,,,a,
ASN00092045,20080225,TMIN,85,,,a,
ASN00092045,20080226,TMIN,123,,,a,
ASN00092045,20080227,TMIN,109,,,a,
ASN00092045,20080228,TMIN,118,,,a,
ASN00092045,20080229,TMIN,86,,,a,
ASN00092045,20080201,PRCP,18,,,a,
ASN00092045,20080202,PRCP,0,,,a,
ASN00092045,20080203,PRCP,20,,,a,
ASN00092045,20080204,PRCP,160,,,a,
ASN00092045,20080205,PRCP,752,,,a,
ASN00092045,20080206,PRCP,88,,,a,
ASN00092045,20080207,PRCP,16,,,a,
ASN00092045,20080208,PRCP,6,,,a,
ASN00092045,20080209,PRCP,116,,,a,
ASN00092045,20080210,PRCP,0,,,a,
ASN00092045,20080211,PRCP,0,,,a,
ASN00092045,20080212,PRCP,0,,,a,
ASN00092045,20080213,PRCP,0,,,a,
ASN00092045,20080214,PRCP,0,,,a,
ASN00092045,20080215,PRCP,0,,,a,
ASN00092045,20080216,PRCP,0,,,a,
ASN00092045,20080217,PRCP,0,,,a,
ASN00092045,20080218,PRCP,0,,,a,
ASN00092045,20080219,PRCP,0,,,a,
ASN00092045,20080220,PRCP,0,,,a,
ASN00092045,20080221,PRCP,56,,,a,
ASN00092045,20080222,PRCP,2,,,a,
ASN00092045,20080223,PRCP,32,,,a,
ASN00092045,20080224,PRCP,2,,,a,
ASN00092045,20080225,PRCP,0,,,a,
ASN00092045,20080226,PRCP,0,,,a,
ASN00092045,20080227,PRCP,0,,,a,
ASN00092045,20080228,PRCP,6,,,a,
ASN00092045,20080229,PRCP,0,,,a,
ASN00092045,20080201,TAVG,183,H,,S,
ASN00092045,20080202,TAVG,188,H,,S,
ASN00092045,20080203,TAVG,167,H,,S,
ASN00092045,20080204,TAVG,183,H,,S,
ASN00092045,20080205,TAVG,191,H,,S,
ASN00092045,20080206,TAVG,179,H,,S,
ASN00092045,20080207,TAVG,148,H,,S,
ASN00092045,20080208,TAVG,132,H,,S,
ASN00092045,20080209,TAVG,149,H,,S,
ASN00092045,20080210,TAVG,161,H,,S,
ASN00092045,20080211,TAVG,173,H,,S,
ASN00092045,20080212,TAVG,162,H,,S,
ASN00092045,20080213,TAVG,171,H,,S,
ASN00092045,20080214,TAVG,171,H,,S,
ASN00092045,20080215,TAVG,170,H,,S,
ASN00092045,20080216,TAVG,185,H,,S,
ASN00092045,20080217,TAVG,183,H,,S,
ASN00092045,20080218,TAVG,199,H,,S,
ASN00092045,20080219,TAVG,207,H,,S,
ASN00092045,20080220,TAVG,161,H,,S,
ASN00092045,20080221,TAVG,168,H,,S,
ASN00092045,20080222,TAVG,151,H,,S,
ASN00092045,20080223,TAVG,138,H,,S,
ASN00092045,20080224,TAVG,146,H,,S,
ASN00092045,20080225,TAVG,169,H,,S,
ASN00092045,20080226,TAVG,156,H,,S,
ASN00092045,20080227,TAVG,159,H,,S,
ASN00092045,20080228,TAVG,131,H,,S,
ASN00092045,20080229,TAVG,137,H,,S,
ASN00092045,20080301,TMAX,201,,,a,
ASN00092045,20080302,TMAX,210,,,a,
ASN00092045,20080303,TMAX,220,,,a,
ASN00092045,20080304,TMAX,201,,,a,
ASN00092045,20080305,TMAX,215,,,a,
ASN00092045,20080306,TMAX,236,,,a,
ASN00092045,20080307,TMAX,227,,,a,
ASN00092045,20080308,TMAX,227,,,a,
ASN00092045,20080309,TMAX,230,,,a,
ASN00092045,20080310,TMAX,288,,,a,
ASN00092045,20080311,TMAX,232,,,a,
ASN00092045,20080312,TMAX,225,,,a,
ASN00092045,20080313,TMAX,226,,,a,
ASN00092045,20080314,TMAX,307,,,a,
ASN00092045,20080315,TMAX,208,,,a,
ASN00092045,20080316,TMAX,248,,,a,
ASN00092045,20080317,TMAX,238,,,a,
ASN00092045,20080318,TMAX,301,,,a,
ASN00092045,20080319,TMAX,218,,,a,
ASN00092045,20080320,TMAX,201,,,a,
ASN00092045,20080321,TMAX,176,,,a,
ASN00092045,20080322,TMAX,224,,,a,
ASN00092045,20080323,TMAX,234,,,a,
ASN00092045,20080324,TMAX,234,,,a,
ASN00092045,20080325,TMAX,226,,,a,
ASN00092045,20080326,TMAX,206,,,a,
ASN00092045,20080327,TMAX,154,,,a,
ASN00092045,20080328,TMAX,181,,,a,
ASN00092045,20080329,TMAX,174,,,a,
ASN00092045,20080330,TMAX,182,,,a,
ASN00092045,20080331,TMAX,179,,,a,
ASN00092045,20080301,TMIN,106,,,a,
ASN00092045,20080302,TMIN,146,,,a,
ASN00092045,20080303,TMIN,133,,,a,
ASN00092045,20080304,TMIN,157,,,a,
ASN00092045,20080305,TMIN,135,,,a,
ASN00092045,20080306,TMIN,141,,,a,
ASN00092045,20080307,TMIN,148,,,a,
ASN00092045,20080308,TMIN,141,,,a,
ASN00092045,20080309,TMIN,158,,,a,
ASN00092045,20080310,TMIN,160,,,a,
ASN00092045,20080311,TMIN,159,,,a,
ASN00092045,20080312,TMIN,163,,,a,
ASN00092045,20080313,TMIN,140,,,a,
ASN00092045,20080314,TMIN,172,,,a,
ASN00092045,20080315,TMIN,168,,,a,
ASN00092045,20080316,TMIN,161,,,a,
ASN00092045,20080317,TMIN,177,,,a,
ASN00092045,20080318,TMIN,175,,,a,
ASN00092045,20080319,TMIN,138,,,a,
ASN00092045,20080320,TMIN,150,,,a,
ASN00092045,20080321,TMIN,73,,,a,
ASN00092045,20080322,TMIN,98,,,a,
ASN00092045,20080323,TMIN,146,,,a,
ASN00092045,20080324,TMIN,175,,,a,
ASN00092045,20080325,TMIN,180,,,a,
ASN00092045,20080326,TMIN,147,,,a,
ASN00092045,20080327,TMIN,102,,,a,
ASN00092045,20080328,TMIN,88,,,a,
ASN00092045,20080329,TMIN,106,,,a,
ASN00092045,20080330,TMIN,85,,,a,
ASN00092045,20080331,TMIN,102,,,a,
ASN00092045,20080301,PRCP,0,,,a,
ASN00092045,20080302,PRCP,0,,,a,
ASN00092045,20080303,PRCP,0,,,a,
ASN00092045,20080304,PRCP,0,,,a,
ASN00092045,20080305,PRCP,0,,,a,
ASN00092045,20080306,PRCP,0,,,a,
ASN00092045,20080307,PRCP,0,,,a,
ASN00092045,20080308,PRCP,0,,,a,
ASN00092045,20080309,PRCP,0,,,a,
ASN00092045,20080310,PRCP,0,,,a,
ASN00092045,20080311,PRCP,2,,,a,
ASN00092045,20080312,PRCP,0,,,a,
ASN00092045,20080313,PRCP,0,,,a,
ASN00092045,20080314,PRCP,0,,,a,
ASN00092045,20080315,PRCP,0,,,a,
ASN00092045,20080316,PRCP,0,,,a,
ASN00092045,20080317,PRCP,0,,,a,
ASN00092045,20080318,PRCP,0,,,a,
ASN00092045,20080319,PRCP,0,,,a,
ASN00092045,20080320,PRCP,0,,,a,
ASN00092045,20080321,PRCP,0,,,a,
ASN00092045,20080322,PRCP,0,,,a,
ASN00092045,20080323,PRCP,0,,,a,
ASN00092045,20080324,PRCP,0,,,a,
ASN00092045,20080325,PRCP,38,,,a,
ASN00092045,20080326,PRCP,0,,,a,
ASN00092045,20080327,PRCP,98,,,a,
ASN00092045,20080328,PRCP,0,,,a,
ASN00092045,20080329,PRCP,0,,,a,
ASN00092045,20080330,PRCP,112,,,a,
ASN00092045,20080331,PRCP,52,,,a,
ASN00092045,20080301,TAVG,161,H,,S,
ASN00092045,20080302,TAVG,162,H,,S,
ASN00092045,20080303,TAVG,184,H,,S,
ASN00092045,20080304,TAVG,154,H,,S,
ASN00092045,20080305,TAVG,172,H,,S,
ASN00092045,20080306,TAVG,181,H,,S,
ASN00092045,20080307,TAVG,177,H,,S,
ASN00092045,20080308,TAVG,181,H,,S,
ASN00092045,20080309,TAVG,186,H,,S,
ASN00092045,20080310,TAVG,189,H,,S,
ASN00092045,20080311,TAVG,185,H,,S,
ASN00092045,20080312,TAVG,172,H,,S,
ASN00092045,20080313,TAVG,192,H,,S,
ASN00092045,20080314,TAVG,206,H,,S,
ASN00092045,20080315,TAVG,181,H,,S,
ASN00092045,20080316,TAVG,201,H,,S,
ASN00092045,20080317,TAVG,199,H,,S,
ASN00092045,20080318,TAVG,182,H,,S,
ASN00092045,20080319,TAVG,175,H,,S,
ASN00092045,20080320,TAVG,134,H,,S,
ASN00092045,20080321,TAVG,135,H,,S,
ASN00092045,20080322,TAVG,179,H,,S,
ASN00092045,20080323,TAVG,193,H,,S,
ASN00092045,20080324,TAVG,192,H,,S,
ASN00092045,20080325,TAVG,174,H,,S,
ASN00092045,20080326,TAVG,136,H,,S,
ASN00092045,20080327,TAVG,121,H,,S,
ASN00092045,20080328,TAVG,138,H,,S,
ASN00092045,20080329,TAVG,120,H,,S,
ASN00092045,20080330,TAVG,129,H,,S,
ASN00092045,20080331,TAVG,119,H,,S,
ASN00092045,20080401,TMAX,190,,,a,
ASN00092045,20080402,TMAX,195,,,a,
ASN00092045,20080403,TMAX,170,,,a,
ASN00092045,20080404,TMAX,209,,,a,
ASN00092045,20080405,TMAX,209,,,a,
ASN00092045,20080406,TMAX,166,,,a,
ASN00092045,20080407,TMAX,177,,,a,
ASN00092045,20080408,TMAX,194,,,a,
ASN00092045,20080409,TMAX,207,,,a,
ASN00092045,20080410,TMAX,170,,,a,
ASN00092045,20080411,TMAX,205,,,a,
ASN00092045,20080412,TMAX,189,,,a,
ASN00092045,20080413,TMAX,187,,,a,
ASN00092045,20080414,TMAX,191,,,a,
ASN00092045,20080415,TMAX,177,,,a,
ASN00092045,20080416,TMAX,194,,,a,
ASN00092045,20080417,TMAX,199,,,a,
ASN00092045,20080418,TMAX,175,,,a,
ASN00092045,20080419,TMAX,195,,,a,
ASN00092045,20080420,TMAX,200,,,a,
ASN00092045,20080421,TMAX,193,,,a,
ASN00092045,20080422,TMAX,166,,,a,
ASN00092045,20080423,TMAX,179,,,a,
ASN00092045,20080424,TMAX,200,,,a,
ASN00092045,20080425,TMAX,194,,,a,
ASN00092045,20080426,TMAX,192,,,a,
ASN00092045,20080427,TMAX,145,,,a,
ASN00092045,20080428,TMAX,158,,,a,
ASN00092045,20080429,TMAX,166,,,a,
ASN00092045,20080430,TMAX,164,,,a,
ASN00092045,20080401,TMIN,69,,,a,
ASN00092045,20080402,TMIN,117,,,a,
ASN00092045,20080403,TMIN,100,,,a,
ASN00092045,20080404,TMIN,101,,,a,
ASN00092045,20080405,TMIN,137,,,a,
ASN00092045,20080406,TMIN,131,,,a,
ASN00092045,20080407,TMIN,138,,,a,
ASN00092045,20080408,TMIN,147,,,a,
ASN00092045,20080409,TMIN,155,,,a,
ASN00092045,20080410,TMIN,138,,,a,
ASN00092045,20080411,TMIN,108,,,a,
ASN00092045,20080412,TMIN,157,,,a,
ASN00092045,20080413,TMIN,86,,,a,
ASN00092045,20080414,TMIN,100,,,a,
ASN00092045,20080415,TMIN,130,,,a,
ASN00092045,20080416,TMIN,111,,,a,
ASN00092045,20080417,TMIN,112,,,a,
ASN00092045,20080418,TMIN,135,,,a,
ASN00092045,20080419,TMIN,136,,,a,
ASN00092045,20080420,TMIN,106,,,a,
ASN00092045,20080421,TMIN,93,,,a,
ASN00092045,20080422,TMIN,132,,,a,
ASN00092045,20080423,TMIN,106,,,a,
ASN00092045,20080424,TMIN,117,,,a,
ASN00092045,20080425,TMIN,111,,,a,
ASN00092045,20080426,TMIN,133,,,a,
ASN00092045,20080427,TMIN,102,,,a,
ASN00092045,20080428,TMIN,68,,,a,
ASN00092045,20080429,TMIN,65,,,a,
ASN00092045,20080430,TMIN,80,,,a,
ASN00092045,20080401,PRCP,0,,,a,
ASN00092045,20080402,PRCP,0,,,a,
ASN00092045,20080403,PRCP,68,,,a,
ASN00092045,20080404,PRCP,0,,,a,
ASN00092045,20080405,PRCP,0,,,a,
ASN00092045,20080406,PRCP,48,,,a,
ASN00092045,20080407,PRCP,22,,,a,
ASN00092045,20080408,PRCP,0,,,a,
ASN00092045,20080409,PRCP,0,,,a,
ASN00092045,20080410,PRCP,0,,,a,
ASN00092045,20080411,PRCP,2,,,a,
ASN00092045,20080412,PRCP,36,,,a,
ASN00092045,20080413,PRCP,2,,,a,
ASN00092045,20080414,PRCP,2,,,a,
ASN00092045,20080415,PRCP,0,,,a,
ASN00092045,20080416,PRCP,0,,,a,
ASN00092045,20080417,PRCP,0,,,a,
ASN00092045,20080418,PRCP,0,,,a,
ASN00092045,20080419,PRCP,0,,,a,
ASN00092045,20080420,PRCP,0,,,a,
ASN00092045,20080421,PRCP,0,,,a,
ASN00092045,20080422,PRCP,0,,,a,
ASN00092045,20080423,PRCP,0,,,a,
ASN00092045,20080424,PRCP,8,,,a,
ASN00092045,20080425,PRCP,2,,,a,
ASN00092045,20080426,PRCP,2,,,a,
ASN00092045,20080427,PRCP,50,,,a,
ASN00092045,20080428,PRCP,0,,,a,
ASN00092045,20080429,PRCP,0,,,a,
ASN00092045,20080430,PRCP,0,,,a,
ASN00092045,20080401,TAVG,162,H,,S,
ASN00092045,20080402,TAVG,143,H,,S,
ASN00092045,20080403,TAVG,127,H,,S,
ASN00092045,20080404,TAVG,163,H,,S,
ASN00092045,20080405,TAVG,158,H,,S,
ASN00092045,20080406,TAVG,150,H,,S,
ASN00092045,20080407,TAVG,158,H,,S,
ASN00092045,20080408,TAVG,167,H,,S,
ASN00092045,20080409,TAVG,165,H,,S,
ASN00092045,20080410,TAVG,141,H,,S,
ASN00092045,20080411,TAVG,174,H,,S,
ASN00092045,20080412,TAVG,139,H,,S,
ASN00092045,20080413,TAVG,138,H,,S,
ASN00092045,20080414,TAVG,151,H,,S,
ASN00092045,20080415,TAVG,142,H,,S,
ASN00092045,20080416,TAVG,143,H,,S,
ASN00092045,20080417,TAVG,158,H,,S,
ASN00092045,20080418,TAVG,150,H,,S,
ASN00092045,20080419,TAVG,148,H,,S,
ASN00092045,20080420,TAVG,146,H,,S,
ASN00092045,20080421,TAVG,154,H,,S,
ASN00092045,20080422,TAVG,136,H,,S,
ASN00092045,20080423,TAVG,143,H,,S,
ASN00092045,20080424,TAVG,151,H,,S,
ASN00092045,20080425,TAVG,161,H,,S,
ASN00092045,20080426,TAVG,142,H,,S,
ASN00092045,20080427,TAVG,101,H,,S,
ASN00092045,20080428,TAVG,110,H,,S,
ASN00092045,20080429,TAVG,113,H,,S,
ASN00092045,20080430,TAVG,125,H,,S,
ASN00092045,20080501,TMAX,177,,,a,
ASN00092045,20080502,TMAX,158,,,a,
ASN00092045,20080503,TMAX,165,,,a,
ASN00092045,20080504,TMAX,174,,,a,
ASN00092045,20080505,TMAX,166,,,a,
ASN00092045,20080506,TMAX,150,,,a,
ASN00092045,20080507,TMAX,163,,,a,
ASN00092045,20080508,TMAX,187,,,a,
ASN00092045,20080509,TMAX,215,,,a,
ASN00092045,20080510,TMAX,180,,,a,
ASN00092045,20080511,TMAX,186,,,a,
ASN00092045,20080512,TMAX,143,,,a,
ASN00092045,20080513,TMAX,172,,,a,
ASN00092045,20080514,TMAX,176,,,a,
ASN00092045,20080515,TMAX,179,,,a,
ASN00092045,20080516,TMAX,191,,,a,
ASN00092045,20080517,TMAX,180,,,a,
ASN00092045,20080518,TMAX,161,,,a,
ASN00092045,20080519,TMAX,175,,,a,
ASN00092045,20080520,TMAX,153,,,a,
ASN00092045,20080521,TMAX,138,,,a,
ASN00092045,20080522,TMAX,138,,,a,
ASN00092045,20080523,TMAX,152,,,a,
ASN00092045,20080524,TMAX,133,,,a,
ASN00092045,20080525,TMAX,144,,,a,
ASN00092045,20080526,TMAX,166,,,a,
ASN00092045,20080527,TMAX,129,,,a,
ASN00092045,20080528,TMAX,174,,,a,
ASN00092045,20080529,TMAX,165,,,a,
ASN00092045,20080530,TMAX,156,,,a,
ASN00092045,20080531,TMAX,172,,,a,
ASN00092045,20080501,TMIN,107,,,a,
ASN00092045,20080502,TMIN,109,,,a,
ASN00092045,20080503,TMIN,66,,,a,
ASN00092045,20080504,TMIN,93,,,a,
ASN00092045,20080505,TMIN,84,,,a,
ASN00092045,20080506,TMIN,91,,,a,
ASN00092045,20080507,TMIN,79,,,a,
ASN00092045,20080508,TMIN,77,,,a,
ASN00092045,20080509,TMIN,98,,,a,
ASN00092045,20080510,TMIN,125,,,a,
ASN00092045,20080511,TMIN,131,,,a,
ASN00092045,20080512,TMIN,89,,,a,
ASN00092045,20080513,TMIN,77,,,a,
ASN00092045,20080514,TMIN,100,,,a,
ASN00092045,20080515,TMIN,98,,,a,
ASN00092045,20080516,TMIN,111,,,a,
ASN00092045,20080517,TMIN,136,,,a,
ASN00092045,20080518,TMIN,94,,,a,
ASN00092045,20080519,TMIN,72,,,a,
ASN00092045,20080520,TMIN,62,,,a,
ASN00092045,20080521,TMIN,45,,,a,
ASN00092045,20080522,TMIN,53,,,a,
ASN00092045,20080523,TMIN,62,,,a,
ASN00092045,20080524,TMIN,96,,,a,
ASN00092045,20080525,TMIN,94,,,a,
ASN00092045,20080526,TMIN,113,,,a,
ASN00092045,20080527,TMIN,124,,,a,
ASN00092045,20080528,TMIN,105,,,a,
ASN00092045,20080529,TMIN,111,,,a,
ASN00092045,20080530,TMIN,120,,,a,
ASN00092045,20080531,TMIN,97,,,a,
ASN00092045,20080501,PRCP,0,,,a,
ASN00092045,20080502,PRCP,68,,,a,
ASN00092045,20080503,PRCP,16,,,a,
ASN00092045,20080504,PRCP,0,,,a,
ASN00092045,20080505,PRCP,62,,,a,
ASN00092045,20080506,PRCP,6,,,a,
ASN00092045,20080507,PRCP,54,,,a,
ASN00092045,20080509,PRCP,0,,,a,
ASN00092045,20080510,PRCP,0,,,a,
ASN00092045,20080511,PRCP,0,,,a,
ASN00092045,20080512,PRCP,0,,,a,
ASN00092045,20080513,PRCP,0,,,a,
ASN00092045,20080514,PRCP,2,,,a,
ASN00092045,20080515,PRCP,4,,,a,
ASN00092045,20080516,PRCP,2,,,a,
ASN00092045,20080517,PRCP,2,,,a,
ASN00092045,20080518,PRCP,0,,,a,
ASN00092045,20080519,PRCP,0,,,a,
ASN00092045,20080520,PRCP,0,,,a,
ASN00092045,20080521,PRCP,0,,,a,
ASN00092045,20080522,PRCP,2,,,a,
ASN00092045,20080523,PRCP,0,,,a,
ASN00092045,20080524,PRCP,0,,,a,
ASN00092045,20080525,PRCP,30,,,a,
ASN00092045,20080526,PRCP,10,,,a,
ASN00092045,20080527,PRCP,16,,,a,
ASN00092045,20080528,PRCP,124,,,a,
ASN00092045,20080529,PRCP,6,,,a,
ASN00092045,20080530,PRCP,2,,,a,
ASN00092045,20080531,PRCP,2,,,a,
ASN00092045,20080501,TAVG,134,H,,S,
ASN00092045,20080502,TAVG,102,H,,S,
ASN00092045,20080503,TAVG,122,H,,S,
ASN00092045,20080504,TAVG,134,H,,S,
ASN00092045,20080505,TAVG,122,H,,S,
ASN00092045,20080506,TAVG,113,H,,S,
ASN00092045,20080507,TAVG,111,H,,S,
ASN00092045,20080508,TAVG,143,H,,S,
ASN00092045,20080509,TAVG,158,H,,S,
ASN00092045,20080510,TAVG,149,H,,S,
ASN00092045,20080511,TAVG,126,H,,S,
ASN00092045,20080512,TAVG,107,H,,S,
ASN00092045,20080513,TAVG,130,H,,S,
ASN00092045,20080514,TAVG,127,H,,S,
ASN00092045,20080515,TAVG,140,H,,S,
ASN00092045,20080516,TAVG,157,H,,S,
ASN00092045,20080517,TAVG,133,H,,S,
ASN00092045,20080518,TAVG,114,H,,S,
ASN00092045,20080519,TAVG,117,H,,S,
ASN00092045,20080520,TAVG,103,H,,S,
ASN00092045,20080521,TAVG,85,H,,S,
ASN00092045,20080522,TAVG,89,H,,S,
ASN00092045,20080523,TAVG,119,H,,S,
ASN00092045,20080524,TAVG,115,H,,S,
ASN00092045,20080525,TAVG,133,H,,S,
ASN00092045,20080526,TAVG,139,H,,S,
ASN00092045,20080527,TAVG,121,H,,S,
ASN00092045,20080528,TAVG,132,H,,S,
ASN00092045,20080529,TAVG,137,H,,S,
ASN00092045,20080530,TAVG,129,H,,S,
ASN00092045,20080531,TAVG,128,H,,S,
ASN00092045,20080601,TMAX,164,,,a,
ASN00092045,20080602,TMAX,172,,,a,
ASN00092045,20080603,TMAX,162,,,a,
ASN00092045,20080604,TMAX,153,,,a,
ASN00092045,20080605,TMAX,177,,,a,
ASN00092045,20080606,TMAX,154,,,a,
ASN00092045,20080607,TMAX,136,,,a,
ASN00092045,20080608,TMAX,165,,,a,
ASN00092045,20080609,TMAX,167,,,a,
ASN00092045,20080610,TMAX,159,,,a,
ASN00092045,20080611,TMAX,161,,,a,
ASN00092045,20080612,TMAX,165,,,a,
ASN00092045,20080613,TMAX,142,,,a,
ASN00092045,20080614,TMAX,140,,,a,
ASN00092045,20080615,TMAX,145,,,a,
ASN00092045,20080616,TMAX,160,,,a,
ASN00092045,20080617,TMAX,148,,,a,
ASN00092045,20080618,TMAX,175,,,a,
ASN00092045,20080619,TMAX,160,,,a,
ASN00092045,20080620,TMAX,149,,,a,
ASN00092045,20080621,TMAX,146,,,a,
ASN00092045,20080622,TMAX,135,,,a,
ASN00092045,20080623,TMAX,166,,,a,
ASN00092045,20080624,TMAX,139,,,a,
ASN00092045,20080625,TMAX,137,,,a,
ASN00092045,20080626,TMAX,130,,,a,
ASN00092045,20080627,TMAX,162,,,a,
ASN00092045,20080628,TMAX,163,,,a,
ASN00092045,20080629,TMAX,155,,,a,
ASN00092045,20080630,TMAX,144,,,a,
ASN00092045,20080601,TMIN,91,,,a,
ASN00092045,20080602,TMIN,104,,,a,
ASN00092045,20080603,TMIN,86,,,a,
ASN00092045,20080604,TMIN,124,,,a,
ASN00092045,20080605,TMIN,119,,,a,
ASN00092045,20080606,TMIN,79,,,a,
ASN00092045,20080607,TMIN,85,,,a,
ASN00092045,20080608,TMIN,83,,,a,
ASN00092045,20080609,TMIN,108,,,a,
ASN00092045,20080610,TMIN,113,,,a,
ASN00092045,20080611,TMIN,129,,,a,
ASN00092045,20080612,TMIN,114,,,a,
ASN00092045,20080613,TMIN,94,,,a,
ASN00092045,20080614,TMIN,39,,,a,
ASN00092045,20080615,TMIN,75,,,a,
ASN00092045,20080616,TMIN,83,,,a,
ASN00092045,20080617,TMIN,88,,,a,
ASN00092045,20080618,TMIN,112,,,a,
ASN00092045,20080619,TMIN,112,,,a,
ASN00092045,20080620,TMIN,114,,,a,
ASN00092045,20080621,TMIN,83,,,a,
ASN00092045,20080622,TMIN,46,,,a,
ASN00092045,20080623,TMIN,73,,,a,
ASN00092045,20080624,TMIN,58,,,a,
ASN00092045,20080625,TMIN,85,,,a,
ASN00092045,20080626,TMIN,74,,,a,
ASN00092045,20080627,TMIN,82,,,a,
ASN00092045,20080628,TMIN,90,,,a,
ASN00092045,20080629,TMIN,114,,,a,
ASN00092045,20080630,TMIN,105,,,a,
ASN00092045,20080601,PRCP,0,,,a,
ASN00092045,20080602,PRCP,0,,,a,
ASN00092045,20080603,PRCP,0,,,a,
ASN00092045,20080604,PRCP,2,,,a,
ASN00092045,20080605,PRCP,44,,,a,
ASN00092045,20080606,PRCP,6,,,a,
ASN00092045,20080607,PRCP,0,,,a,
ASN00092045,20080608,PRCP,0,,,a,
ASN00092045,20080609,PRCP,0,,,a,
ASN00092045,20080610,PRCP,0,,,a,
ASN00092045,20080611,PRCP,2,,,a,
ASN00092045,20080612,PRCP,16,,,a,
ASN00092045,20080613,PRCP,200,,,a,
ASN00092045,20080614,PRCP,0,,,a,
ASN00092045,20080615,PRCP,0,,,a,
ASN00092045,20080616,PRCP,0,,,a,
ASN00092045,20080617,PRCP,0,,,a,
ASN00092045,20080618,PRCP,0,,,a,
ASN00092045,20080619,PRCP,0,,,a,
ASN00092045,20080620,PRCP,0,,,a,
ASN00092045,20080621,PRCP,0,,,a,
ASN00092045,20080622,PRCP,0,,,a,
ASN00092045,20080623,PRCP,0,,,a,
ASN00092045,20080624,PRCP,0,,,a,
ASN00092045,20080625,PRCP,0,,,a,
ASN00092045,20080626,PRCP,68,,,a,
ASN00092045,20080627,PRCP,2,,,a,
ASN00092045,20080628,PRCP,0,,,a,
ASN00092045,20080629,PRCP,0,,,a,
ASN00092045,20080630,PRCP,2,,,a,
ASN00092045,20080601,TAVG,129,H,,S,
ASN00092045,20080602,TAVG,119,H,,S,
ASN00092045,20080603,TAVG,139,H,,S,
ASN00092045,20080604,TAVG,135,H,,S,
ASN00092045,20080605,TAVG,119,H,,S,
ASN00092045,20080606,TAVG,116,H,,S,
ASN00092045,20080607,TAVG,112,H,,S,
ASN00092045,20080608,TAVG,130,H,,S,
ASN00092045,20080609,TAVG,134,H,,S,
ASN00092045,20080610,TAVG,144,H,,S,
ASN00092045,20080611,TAVG,136,H,,S,
ASN00092045,20080612,TAVG,121,H,,S,
ASN00092045,20080613,TAVG,85,H,,S,
ASN00092045,20080614,TAVG,102,H,,S,
ASN00092045,20080615,TAVG,112,H,,S,
ASN00092045,20080616,TAVG,115,H,,S,
ASN00092045,20080617,TAVG,133,H,,S,
ASN00092045,20080618,TAVG,131,H,,S,
ASN00092045,20080619,TAVG,131,H,,S,
ASN00092045,20080620,TAVG,111,H,,S,
ASN00092045,20080621,TAVG,89,H,,S,
ASN00092045,20080622,TAVG,107,H,,S,
ASN00092045,20080623,TAVG,105,H,,S,
ASN00092045,20080624,TAVG,116,H,,S,
ASN00092045,20080625,TAVG,117,H,,S,
ASN00092045,20080626,TAVG,108,H,,S,
ASN00092045,20080627,TAVG,119,H,,S,
ASN00092045,20080628,TAVG,129,H,,S,
ASN00092045,20080629,TAVG,130,H,,S,
ASN00092045,20080630,TAVG,104,H,,S,
ASN00092045,20080701,TMAX,122,,,a,
ASN00092045,20080702,TMAX,121,,,a,
ASN00092045,20080703,TMAX,137,,,a,
ASN00092045,20080704,TMAX,125,,,a,
ASN00092045,20080705,TMAX,134,,,a,
ASN00092045,20080706,TMAX,157,,,a,
ASN00092045,20080707,TMAX,154,,,a,
ASN00092045,20080708,TMAX,162,,,a,
ASN00092045,20080709,TMAX,160,,,a,
ASN00092045,20080710,TMAX,117,,,a,
ASN00092045,20080711,TMAX,131,,,a,
ASN00092045,20080712,TMAX,123,,,a,
ASN00092045,20080713,TMAX,143,,,a,
ASN00092045,20080714,TMAX,144,,,a,
ASN00092045,20080715,TMAX,145,,,a,
ASN00092045,20080716,TMAX,140,,,a,
ASN00092045,20080717,TMAX,136,,,a,
ASN00092045,20080718,TMAX,131,,,a,
ASN00092045,20080719,TMAX,133,,,a,
ASN00092045,20080720,TMAX,113,,,a,
ASN00092045,20080721,TMAX,115,,,a,
ASN00092045,20080722,TMAX,138,,,a,
ASN00092045,20080723,TMAX,134,,,a,
ASN00092045,20080724,TMAX,140,,,a,
ASN00092045,20080725,TMAX,131,,,a,
ASN00092045,20080726,TMAX,135,,,a,
ASN00092045,20080727,TMAX,123,,,a,
ASN00092045,20080728,TMAX,118,,,a,
ASN00092045,20080729,TMAX,133,,,a,
ASN00092045,20080730,TMAX,123,,,a,
ASN00092045,20080731,TMAX,126,,,a,
ASN00092045,20080701,TMIN,70,,,a,
ASN00092045,20080702,TMIN,73,,,a,
ASN00092045,20080703,TMIN,52,,,a,
ASN00092045,20080704,TMIN,39,,,a,
ASN00092045,20080705,TMIN,66,,,a,
ASN00092045,20080706,TMIN,59,,,a,
ASN00092045,20080707,TMIN,83,,,a,
ASN00092045,20080708,TMIN,100,,,a,
ASN00092045,20080709,TMIN,72,,,a,
ASN00092045,20080710,TMIN,87,,,a,
ASN00092045,20080711,TMIN,55,,,a,
ASN00092045,20080712,TMIN,63,,,a,
ASN00092045,20080713,TMIN,78,,,a,
ASN00092045,20080714,TMIN,86,,,a,
ASN00092045,20080715,TMIN,71,,,a,
ASN00092045,20080716,TMIN,96,,,a,
ASN00092045,20080717,TMIN,102,,,a,
ASN00092045,20080718,TMIN,69,,,a,
ASN00092045,20080719,TMIN,40,,,a,
ASN00092045,20080720,TMIN,65,,,a,
ASN00092045,20080721,TMIN,79,,,a,
ASN00092045,20080722,TMIN,25,,,a,
ASN00092045,20080723,TMIN,45,,,a,
ASN00092045,20080724,TMIN,65,,,a,
ASN00092045,20080725,TMIN,74,,,a,
ASN00092045,20080726,TMIN,73,,,a,
ASN00092045,20080727,TMIN,77,,,a,
ASN00092045,20080728,TMIN,76,,,a,
ASN00092045,20080729,TMIN,80,,,a,
ASN00092045,20080730,TMIN,55,,,a,
ASN00092045,20080731,TMIN,74,,,a,
ASN00092045,20080701,PRCP,248,,,a,
ASN00092045,20080702,PRCP,20,,,a,
ASN00092045,20080703,PRCP,0,,,a,
ASN00092045,20080704,PRCP,0,,,a,
ASN00092045,20080705,PRCP,0,,,a,
ASN00092045,20080706,PRCP,0,,,a,
ASN00092045,20080707,PRCP,0,,,a,
ASN00092045,20080708,PRCP,16,,,a,
ASN00092045,20080709,PRCP,2,,,a,
ASN00092045,20080710,PRCP,2,,,a,
ASN00092045,20080711,PRCP,0,,,a,
ASN00092045,20080712,PRCP,0,,,a,
ASN00092045,20080713,PRCP,0,,,a,
ASN00092045,20080714,PRCP,16,,,a,
ASN00092045,20080715,PRCP,2,,,a,
ASN00092045,20080716,PRCP,44,,,a,
ASN00092045,20080717,PRCP,8,,,a,
ASN00092045,20080718,PRCP,10,,,a,
ASN00092045,20080719,PRCP,6,,,a,
ASN00092045,20080720,PRCP,0,,,a,
ASN00092045,20080721,PRCP,456,,,a,
ASN00092045,20080722,PRCP,0,,,a,
ASN00092045,20080723,PRCP,0,,,a,
ASN00092045,20080724,PRCP,0,,,a,
ASN00092045,20080725,PRCP,14,,,a,
ASN00092045,20080726,PRCP,90,,,a,
ASN00092045,20080727,PRCP,0,,,a,
ASN00092045,20080728,PRCP,38,,,a,
ASN00092045,20080729,PRCP,28,,,a,
ASN00092045,20080730,PRCP,0,,,a,
ASN00092045,20080731,PRCP,2,,,a,
ASN00092045,20080701,TAVG,102,H,,S,
ASN00092045,20080702,TAVG,82,H,,S,
ASN00092045,20080703,TAVG,90,H,,S,
ASN00092045,20080704,TAVG,95,H,,S,
ASN00092045,20080705,TAVG,85,H,,S,
ASN00092045,20080706,TAVG,116,H,,S,
ASN00092045,20080707,TAVG,126,H,,S,
ASN00092045,20080708,TAVG,106,H,,S,
ASN00092045,20080709,TAVG,116,H,,S,
ASN00092045,20080710,TAVG,81,H,,S,
ASN00092045,20080711,TAVG,90,H,,S,
ASN00092045,20080712,TAVG,99,H,,S,
ASN00092045,20080713,TAVG,108,H,,S,
ASN00092045,20080714,TAVG,109,H,,S,
ASN00092045,20080715,TAVG,107,H,,S,
ASN00092045,20080716,TAVG,112,H,,S,
ASN00092045,20080717,TAVG,98,H,,S,
ASN00092045,20080718,TAVG,85,H,,S,
ASN00092045,20080719,TAVG,94,H,,S,
ASN00092045,20080720,TAVG,101,H,,S,
ASN00092045,20080721,TAVG,63,H,,S,
ASN00092045,20080722,TAVG,82,H,,S,
ASN00092045,20080723,TAVG,98,H,,S,
ASN00092045,20080724,TAVG,97,H,,S,
ASN00092045,20080725,TAVG,91,H,,S,
ASN00092045,20080726,TAVG,97,H,,S,
ASN00092045,20080727,TAVG,99,H,,S,
ASN00092045,20080728,TAVG,95,H,,S,
ASN00092045,20080729,TAVG,84,H,,S,
ASN00092045,20080730,TAVG,96,H,,S,
ASN00092045,20080731,TAVG,106,H,,S,
ASN00092045,20080801,TMAX,126,,,a,
ASN00092045,20080802,TMAX,149,,,a,
ASN00092045,20080803,TMAX,155,,,a,
ASN00092045,20080804,TMAX,150,,,a,
ASN00092045,20080805,TMAX,150,,,a,
ASN00092045,20080806,TMAX,143,,,a,
ASN00092045,20080807,TMAX,136,,,a,
ASN00092045,20080808,TMAX,147,,,a,
ASN00092045,20080809,TMAX,147,,,a,
ASN00092045,20080810,TMAX,135,,,a,
ASN00092045,20080811,TMAX,139,,,a,
ASN00092045,20080812,TMAX,128,,,a,
ASN00092045,20080813,TMAX,127,,,a,
ASN00092045,20080814,TMAX,155,,,a,
ASN00092045,20080815,TMAX,139,,,a,
ASN00092045,20080816,TMAX,137,,,a,
ASN00092045,20080817,TMAX,137,,,a,
ASN00092045,20080818,TMAX,138,,,a,
ASN00092045,20080819,TMAX,141,,,a,
ASN00092045,20080820,TMAX,141,,,a,
ASN00092045,20080821,TMAX,144,,,a,
ASN00092045,20080822,TMAX,121,,,a,
ASN00092045,20080823,TMAX,153,,,a,
ASN00092045,20080824,TMAX,150,,,a,
ASN00092045,20080825,TMAX,137,,,a,
ASN00092045,20080826,TMAX,151,,,a,
ASN00092045,20080827,TMAX,153,,,a,
ASN00092045,20080828,TMAX,161,,,a,
ASN00092045,20080829,TMAX,171,,,a,
ASN00092045,20080830,TMAX,164,,,a,
ASN00092045,20080831,TMAX,150,,,a,
ASN00092045,20080801,TMIN,88,,,a,
ASN00092045,20080802,TMIN,51,,,a,
ASN00092045,20080803,TMIN,47,,,a,
ASN00092045,20080804,TMIN,64,,,a,
ASN00092045,20080805,TMIN,58,,,a,
ASN00092045,20080806,TMIN,62,,,a,
ASN00092045,20080807,TMIN,64,,,a,
ASN00092045,20080808,TMIN,79,,,a,
ASN00092045,20080809,TMIN,64,,,a,
ASN00092045,20080810,TMIN,51,,,a,
ASN00092045,20080811,TMIN,57,,,a,
ASN00092045,20080812,TMIN,49,,,a,
ASN00092045,20080813,TMIN,22,,,a,
ASN00092045,20080814,TMIN,64,,,a,
ASN00092045,20080815,TMIN,77,,,a,
ASN00092045,20080816,TMIN,36,,,a,
ASN00092045,20080817,TMIN,42,,,a,
ASN00092045,20080818,TMIN,37,,,a,
ASN00092045,20080819,TMIN,77,,,a,
ASN00092045,20080820,TMIN,95,,,a,
ASN00092045,20080821,TMIN,74,,,a,
ASN00092045,20080822,TMIN,59,,,a,
ASN00092045,20080823,TMIN,33,,,a,
ASN00092045,20080824,TMIN,62,,,a,
ASN00092045,20080825,TMIN,54,,,a,
ASN00092045,20080826,TMIN,82,,,a,
ASN00092045,20080827,TMIN,56,,,a,
ASN00092045,20080828,TMIN,67,,,a,
ASN00092045,20080829,TMIN,75,,,a,
ASN00092045,20080830,TMIN,102,,,a,
ASN00092045,20080831,TMIN,118,,,a,
ASN00092045,20080801,PRCP,78,,,a,
ASN00092045,20080802,PRCP,106,,,a,
ASN00092045,20080803,PRCP,0,,,a,
ASN00092045,20080804,PRCP,0,,,a,
ASN00092045,20080805,PRCP,2,,,a,
ASN00092045,20080806,PRCP,4,,,a,
ASN00092045,20080807,PRCP,2,,,a,
ASN00092045,20080808,PRCP,22,,,a,
ASN00092045,20080809,PRCP,38,,,a,
ASN00092045,20080810,PRCP,8,,,a,
ASN00092045,20080811,PRCP,0,,,a,
ASN00092045,20080812,PRCP,0,,,a,
ASN00092045,20080813,PRCP,12,,,a,
ASN00092045,20080814,PRCP,0,,,a,
ASN00092045,20080815,PRCP,0,,,a,
ASN00092045,20080816,PRCP,0,,,a,
ASN00092045,20080817,PRCP,2,,,a,
ASN00092045,20080818,PRCP,0,,,a,
ASN00092045,20080819,PRCP,0,,,a,
ASN00092045,20080820,PRCP,26,,,a,
ASN00092045,20080821,PRCP,30,,,a,
ASN00092045,20080822,PRCP,38,,,a,
ASN00092045,20080823,PRCP,0,,,a,
ASN00092045,20080824,PRCP,0,,,a,
ASN00092045,20080825,PRCP,0,,,a,
ASN00092045,20080826,PRCP,2,,,a,
ASN00092045,20080827,PRCP,0,,,a,
ASN00092045,20080828,PRCP,0,,,a,
ASN00092045,20080829,PRCP,2,,,a,
ASN00092045,20080830,PRCP,2,,,a,
ASN00092045,20080831,PRCP,20,,,a,
ASN00092045,20080801,TAVG,82,H,,S,
ASN00092045,20080802,TAVG,92,H,,S,
ASN00092045,20080803,TAVG,96,H,,S,
ASN00092045,20080804,TAVG,98,H,,S,
ASN00092045,20080805,TAVG,96,H,,S,
ASN00092045,20080806,TAVG,95,H,,S,
ASN00092045,20080807,TAVG,102,H,,S,
ASN00092045,20080808,TAVG,97,H,,S,
ASN00092045,20080809,TAVG,85,H,,S,
ASN00092045,20080810,TAVG,82,H,,S,
ASN00092045,20080811,TAVG,84,H,,S,
ASN00092045,20080812,TAVG,64,H,,S,
ASN00092045,20080813,TAVG,99,H,,S,
ASN00092045,20080814,TAVG,104,H,,S,
ASN00092045,20080815,TAVG,82,H,,S,
ASN00092045,20080816,TAVG,88,H,,S,
ASN00092045,20080817,TAVG,82,H,,S,
ASN00092045,20080818,TAVG,109,H,,S,
ASN00092045,20080819,TAVG,117,H,,S,
ASN00092045,20080820,TAVG,98,H,,S,
ASN00092045,20080821,TAVG,86,H,,S,
ASN00092045,20080822,TAVG,74,H,,S,
ASN00092045,20080823,TAVG,98,H,,S,
ASN00092045,20080824,TAVG,94,H,,S,
ASN00092045,20080825,TAVG,108,H,,S,
ASN00092045,20080826,TAVG,103,H,,S,
ASN00092045,20080827,TAVG,103,H,,S,
ASN00092045,20080828,TAVG,112,H,,S,
ASN00092045,20080829,TAVG,127,H,,S,
ASN00092045,20080830,TAVG,132,H,,S,
ASN00092045,20080831,TAVG,111,H,,S,
ASN00092045,20080901,TMAX,139,,,a,
ASN00092045,20080902,TMAX,155,,,a,
ASN00092045,20080903,TMAX,131,,,a,
ASN00092045,20080904,TMAX,162,,,a,
ASN00092045,20080905,TMAX,155,,,a,
ASN00092045,20080906,TMAX,164,,,a,
ASN00092045,20080907,TMAX,155,,,a,
ASN00092045,20080908,TMAX,133,,,a,
ASN00092045,20080909,TMAX,132,,,a,
ASN00092045,20080910,TMAX,152,,,a,
ASN00092045,20080911,TMAX,158,,,a,
ASN00092045,20080912,TMAX,157,,,a,
ASN00092045,20080913,TMAX,185,,,a,
ASN00092045,20080914,TMAX,168,,,a,
ASN00092045,20080915,TMAX,143,,,a,
ASN00092045,20080916,TMAX,162,,,a,
ASN00092045,20080917,TMAX,142,,,a,
ASN00092045,20080918,TMAX,170,,,a,
ASN00092045,20080919,TMAX,195,,,a,
ASN00092045,20080920,TMAX,141,,,a,
ASN00092045,20080921,TMAX,159,,,a,
ASN00092045,20080922,TMAX,156,,,a,
ASN00092045,20080923,TMAX,147,,,a,
ASN00092045,20080924,TMAX,159,,,a,
ASN00092045,20080925,TMAX,187,,,a,
ASN00092045,20080926,TMAX,191,,,a,
ASN00092045,20080927,TMAX,126,,,a,
ASN00092045,20080928,TMAX,160,,,a,
ASN00092045,20080929,TMAX,166,,,a,
ASN00092045,20080930,TMAX,171,,,a,
ASN00092045,20080901,TMIN,81,,,a,
ASN00092045,20080902,TMIN,88,,,a,
ASN00092045,20080903,TMIN,35,,,a,
ASN00092045,20080904,TMIN,54,,,a,
ASN00092045,20080905,TMIN,100,,,a,
ASN00092045,20080906,TMIN,86,,,a,
ASN00092045,20080907,TMIN,83,,,a,
ASN00092045,20080908,TMIN,55,,,a,
ASN00092045,20080909,TMIN,55,,,a,
ASN00092045,20080910,TMIN,50,,,a,
ASN00092045,20080911,TMIN,69,,,a,
ASN00092045,20080912,TMIN,102,,,a,
ASN00092045,20080913,TMIN,119,,,a,
ASN00092045,20080914,TMIN,102,,,a,
ASN00092045,20080915,TMIN,90,,,a,
ASN00092045,20080916,TMIN,73,,,a,
ASN00092045,20080917,TMIN,46,,,a,
ASN00092045,20080918,TMIN,80,,,a,
ASN00092045,20080919,TMIN,95,,,a,
ASN00092045,20080920,TMIN,97,,,a,
ASN00092045,20080921,TMIN,67,,,a,
ASN00092045,20080922,TMIN,115,,,a,
ASN00092045,20080923,TMIN,53,,,a,
ASN00092045,20080924,TMIN,66,,,a,
ASN00092045,20080925,TMIN,92,,,a,
ASN00092045,20080926,TMIN,122,,,a,
ASN00092045,20080927,TMIN,84,,,a,
ASN00092045,20080928,TMIN,76,,,a,
ASN00092045,20080929,TMIN,39,,,a,
ASN00092045,20080930,TMIN,61,,,a,
ASN00092045,20080901,PRCP,18,,,a,
ASN00092045,20080902,PRCP,66,,,a,
ASN00092045,20080903,PRCP,2,,,a,
ASN00092045,20080904,PRCP,0,,,a,
ASN00092045,20080905,PRCP,8,,,a,
ASN00092045,20080906,PRCP,20,,,a,
ASN00092045,20080907,PRCP,2,,,a,
ASN00092045,20080908,PRCP,0,,,a,
ASN00092045,20080909,PRCP,2,,,a,
ASN00092045,20080910,PRCP,0,,,a,
ASN00092045,20080911,PRCP,0,,,a,
ASN00092045,20080912,PRCP,2,,,a,
ASN00092045,20080913,PRCP,48,,,a,
ASN00092045,20080914,PRCP,4,,,a,
ASN00092045,20080915,PRCP,0,,,a,
ASN00092045,20080916,PRCP,60,,,a,
ASN00092045,20080917,PRCP,0,,,a,
ASN00092045,20080918,PRCP,0,,,a,
ASN00092045,20080919,PRCP,0,,,a,
ASN00092045,20080920,PRCP,56,,,a,
ASN00092045,20080921,PRCP,22,,,a,
ASN00092045,20080922,PRCP,0,,,a,
ASN00092045,20080923,PRCP,96,,,a,
ASN00092045,20080924,PRCP,2,,,a,
ASN00092045,20080925,PRCP,0,,,a,
ASN00092045,20080926,PRCP,0,,,a,
ASN00092045,20080927,PRCP,6,,,a,
ASN00092045,20080928,PRCP,40,,,a,
ASN00092045,20080929,PRCP,2,,,a,
ASN00092045,20080930,PRCP,0,,,a,
ASN00092045,20080901,TAVG,108,H,,S,
ASN00092045,20080902,TAVG,96,H,,S,
ASN00092045,20080903,TAVG,92,H,,S,
ASN00092045,20080904,TAVG,122,H,,S,
ASN00092045,20080905,TAVG,111,H,,S,
ASN00092045,20080906,TAVG,113,H,,S,
ASN00092045,20080907,TAVG,102,H,,S,
ASN00092045,20080908,TAVG,86,H,,S,
ASN00092045,20080909,TAVG,86,H,,S,
ASN00092045,20080910,TAVG,106,H,,S,
ASN00092045,20080911,TAVG,125,H,,S,
ASN00092045,20080912,TAVG,137,H,,S,
ASN00092045,20080913,TAVG,142,H,,S,
ASN00092045,20080914,TAVG,121,H,,S,
ASN00092045,20080915,TAVG,101,H,,S,
ASN00092045,20080916,TAVG,91,H,,S,
ASN00092045,20080917,TAVG,101,H,,S,
ASN00092045,20080918,TAVG,123,H,,S,
ASN00092045,20080919,TAVG,125,H,,S,
ASN00092045,20080920,TAVG,102,H,,S,
ASN00092045,20080921,TAVG,131,H,,S,
ASN00092045,20080922,TAVG,94,H,,S,
ASN00092045,20080923,TAVG,109,H,,S,
ASN00092045,20080924,TAVG,118,H,,S,
ASN00092045,20080925,TAVG,144,H,,S,
ASN00092045,20080926,TAVG,113,H,,S,
ASN00092045,20080927,TAVG,102,H,,S,
ASN00092045,20080928,TAVG,97,H,,S,
ASN00092045,20080929,TAVG,98,H,,S,
ASN00092045,20080930,TAVG,122,H,,S,
ASN00092045,20081001,TMAX,152,,,a,
ASN00092045,20081002,TMAX,184,,,a,
ASN00092045,20081003,TMAX,175,,,a,
ASN00092045,20081004,TMAX,159,,,a,
ASN00092045,20081005,TMAX,167,,,a,
ASN00092045,20081006,TMAX,150,,,a,
ASN00092045,20081007,TMAX,166,,,a,
ASN00092045,20081008,TMAX,151,,,a,
ASN00092045,20081009,TMAX,171,,,a,
ASN00092045,20081010,TMAX,175,,,a,
ASN00092045,20081011,TMAX,195,,,a,
ASN00092045,20081012,TMAX,241,,,a,
ASN00092045,20081013,TMAX,185,,,a,
ASN00092045,20081014,TMAX,161,,,a,
ASN00092045,20081015,TMAX,186,,,a,
ASN00092045,20081016,TMAX,184,,,a,
ASN00092045,20081017,TMAX,197,,,a,
ASN00092045,20081018,TMAX,186,,,a,
ASN00092045,20081019,TMAX,195,,,a,
ASN00092045,20081020,TMAX,135,,,a,
ASN00092045,20081021,TMAX,174,,,a,
ASN00092045,20081022,TMAX,135,,,a,
ASN00092045,20081023,TMAX,172,,,a,
ASN00092045,20081024,TMAX,166,,,a,
ASN00092045,20081025,TMAX,196,,,a,
ASN00092045,20081026,TMAX,185,,,a,
ASN00092045,20081027,TMAX,222,,,a,
ASN00092045,20081028,TMAX,204,,,a,
ASN00092045,20081029,TMAX,197,,,a,
ASN00092045,20081030,TMAX,184,,,a,
ASN00092045,20081031,TMAX,222,,,a,
ASN00092045,20081001,TMIN,92,,,a,
ASN00092045,20081002,TMIN,107,,,a,
ASN00092045,20081003,TMIN,101,,,a,
ASN00092045,20081004,TMIN,58,,,a,
ASN00092045,20081005,TMIN,78,,,a,
ASN00092045,20081006,TMIN,83,,,a,
ASN00092045,20081007,TMIN,35,,,a,
ASN00092045,20081008,TMIN,63,,,a,
ASN00092045,20081009,TMIN,78,,,a,
ASN00092045,20081010,TMIN,101,,,a,
ASN00092045,20081011,TMIN,95,,,a,
ASN00092045,20081012,TMIN,94,,,a,
ASN00092045,20081013,TMIN,111,,,a,
ASN00092045,20081014,TMIN,88,,,a,
ASN00092045,20081015,TMIN,93,,,a,
ASN00092045,20081016,TMIN,98,,,a,
ASN00092045,20081017,TMIN,106,,,a,
ASN00092045,20081018,TMIN,112,,,a,
ASN00092045,20081019,TMIN,121,,,a,
ASN00092045,20081020,TMIN,93,,,a,
ASN00092045,20081021,TMIN,69,,,a,
ASN00092045,20081022,TMIN,77,,,a,
ASN00092045,20081023,TMIN,79,,,a,
ASN00092045,20081024,TMIN,85,,,a,
ASN00092045,20081025,TMIN,96,,,a,
ASN00092045,20081026,TMIN,134,,,a,
ASN00092045,20081027,TMIN,145,,,a,
ASN00092045,20081028,TMIN,98,,,a,
ASN00092045,20081029,TMIN,112,,,a,
ASN00092045,20081030,TMIN,122,,,a,
ASN00092045,20081031,TMIN,127,,,a,
ASN00092045,20081001,PRCP,0,,,a,
ASN00092045,20081002,PRCP,0,,,a,
ASN00092045,20081003,PRCP,0,,,a,
ASN00092045,20081004,PRCP,16,,,a,
ASN00092045,20081005,PRCP,0,,,a,
ASN00092045,20081006,PRCP,20,,,a,
ASN00092045,20081007,PRCP,42,,,a,
ASN00092045,20081008,PRCP,2,,,a,
ASN00092045,20081009,PRCP,0,,,a,
ASN00092045,20081010,PRCP,0,,,a,
ASN00092045,20081011,PRCP,0,,,a,
ASN00092045,20081012,PRCP,0,,,a,
ASN00092045,20081013,PRCP,2,,,a,
ASN00092045,20081014,PRCP,20,,,a,
ASN00092045,20081015,PRCP,2,,,a,
ASN00092045,20081016,PRCP,0,,,a,
ASN00092045,20081017,PRCP,0,,,a,
ASN00092045,20081018,PRCP,0,,,a,
ASN00092045,20081019,PRCP,0,,,a,
ASN00092045,20081020,PRCP,52,,,a,
ASN00092045,20081021,PRCP,12,,,a,
ASN00092045,20081022,PRCP,34,,,a,
ASN00092045,20081023,PRCP,2,,,a,
ASN00092045,20081024,PRCP,2,,,a,
ASN00092045,20081025,PRCP,0,,,a,
ASN00092045,20081026,PRCP,0,,,a,
ASN00092045,20081027,PRCP,0,,,a,
ASN00092045,20081028,PRCP,34,,,a,
ASN00092045,20081029,PRCP,0,,,a,
ASN00092045,20081030,PRCP,0,,,a,
ASN00092045,20081031,PRCP,10,,,a,
ASN00092045,20081001,TAVG,129,H,,S,
ASN00092045,20081002,TAVG,132,H,,S,
ASN00092045,20081003,TAVG,106,H,,S,
ASN00092045,20081004,TAVG,108,H,,S,
ASN00092045,20081005,TAVG,118,H,,S,
ASN00092045,20081006,TAVG,83,H,,S,
ASN00092045,20081007,TAVG,107,H,,S,
ASN00092045,20081008,TAVG,107,H,,S,
ASN00092045,20081009,TAVG,128,H,,S,
ASN00092045,20081010,TAVG,129,H,,S,
ASN00092045,20081011,TAVG,128,H,,S,
ASN00092045,20081012,TAVG,166,H,,S,
ASN00092045,20081013,TAVG,130,H,,S,
ASN00092045,20081014,TAVG,115,H,,S,
ASN00092045,20081015,TAVG,126,H,,S,
ASN00092045,20081016,TAVG,133,H,,S,
ASN00092045,20081017,TAVG,133,H,,S,
ASN00092045,20081018,TAVG,144,H,,S,
ASN00092045,20081019,TAVG,128,H,,S,
ASN00092045,20081020,TAVG,101,H,,S,
ASN00092045,20081021,TAVG,109,H,,S,
ASN00092045,20081022,TAVG,102,H,,S,
ASN00092045,20081023,TAVG,119,H,,S,
ASN00092045,20081024,TAVG,128,H,,S,
ASN00092045,20081025,TAVG,149,H,,S,
ASN00092045,20081026,TAVG,157,H,,S,
ASN00092045,20081027,TAVG,151,H,,S,
ASN00092045,20081028,TAVG,132,H,,S,
ASN00092045,20081029,TAVG,147,H,,S,
ASN00092045,20081030,TAVG,146,H,,S,
ASN00092045,20081031,TAVG,129,H,,S,
ASN00092045,20081101,TMAX,182,,,a,
ASN00092045,20081102,TMAX,185,,,a,
ASN00092045,20081103,TMAX,149,,,a,
ASN00092045,20081104,TMAX,160,,,a,
ASN00092045,20081105,TMAX,171,,,a,
ASN00092045,20081106,TMAX,201,,,a,
ASN00092045,20081107,TMAX,172,,,a,
ASN00092045,20081108,TMAX,182,,,a,
ASN00092045,20081109,TMAX,194,,,a,
ASN00092045,20081110,TMAX,202,,,a,
ASN00092045,20081111,TMAX,205,,,a,
ASN00092045,20081112,TMAX,214,,,a,
ASN00092045,20081113,TMAX,205,,,a,
ASN00092045,20081114,TMAX,198,,,a,
ASN00092045,20081115,TMAX,170,,,a,
ASN00092045,20081116,TMAX,184,,,a,
ASN00092045,20081117,TMAX,191,,,a,
ASN00092045,20081118,TMAX,206,,,a,
ASN00092045,20081119,TMAX,169,,,a,
ASN00092045,20081120,TMAX,175,,,a,
ASN00092045,20081121,TMAX,176,,,a,
ASN00092045,20081122,TMAX,130,,,a,
ASN00092045,20081123,TMAX,151,,,a,
ASN00092045,20081124,TMAX,168,,,a,
ASN00092045,20081125,TMAX,167,,,a,
ASN00092045,20081126,TMAX,192,,,a,
ASN00092045,20081127,TMAX,207,,,a,
ASN00092045,20081128,TMAX,216,,,a,
ASN00092045,20081129,TMAX,142,,,a,
ASN00092045,20081130,TMAX,183,,,a,
ASN00092045,20081101,TMIN,94,,,a,
ASN00092045,20081102,TMIN,113,,,a,
ASN00092045,20081103,TMIN,125,,,a,
ASN00092045,20081104,TMIN,50,,,a,
ASN00092045,20081105,TMIN,64,,,a,
ASN00092045,20081106,TMIN,83,,,a,
ASN00092045,20081107,TMIN,89,,,a,
ASN00092045,20081108,TMIN,127,,,a,
ASN00092045,20081109,TMIN,106,,,a,
ASN00092045,20081110,TMIN,117,,,a,
ASN00092045,20081111,TMIN,107,,,a,
ASN00092045,20081112,TMIN,124,,,a,
ASN00092045,20081113,TMIN,134,,,a,
ASN00092045,20081114,TMIN,142,,,a,
ASN00092045,20081115,TMIN,95,,,a,
ASN00092045,20081116,TMIN,40,,,a,
ASN00092045,20081117,TMIN,74,,,a,
ASN00092045,20081118,TMIN,98,,,a,
ASN00092045,20081119,TMIN,133,,,a,
ASN00092045,20081120,TMIN,147,,,a,
ASN00092045,20081121,TMIN,117,,,a,
ASN00092045,20081122,TMIN,86,,,a,
ASN00092045,20081123,TMIN,104,,,a,
ASN00092045,20081124,TMIN,106,,,a,
ASN00092045,20081125,TMIN,94,,,a,
ASN00092045,20081126,TMIN,120,,,a,
ASN00092045,20081127,TMIN,129,,,a,
ASN00092045,20081128,TMIN,134,,,a,
ASN00092045,20081129,TMIN,111,,,a,
ASN00092045,20081130,TMIN,87,,,a,
ASN00092045,20081101,PRCP,116,,,a,
ASN00092045,20081102,PRCP,2,,,a,
ASN00092045,20081103,PRCP,26,,,a,
ASN00092045,20081104,PRCP,72,,,a,
ASN00092045,20081105,PRCP,0,,,a,
ASN00092045,20081106,PRCP,0,,,a,
ASN00092045,20081107,PRCP,0,,,a,
ASN00092045,20081108,PRCP,186,,,a,
ASN00092045,20081109,PRCP,0,,,a,
ASN00092045,20081110,PRCP,0,,,a,
ASN00092045,20081111,PRCP,0,,,a,
ASN00092045,20081112,PRCP,0,,,a,
ASN00092045,20081113,PRCP,0,,,a,
ASN00092045,20081114,PRCP,6,,,a,
ASN00092045,20081115,PRCP,0,,,a,
ASN00092045,20081116,PRCP,2,,,a,
ASN00092045,20081117,PRCP,0,,,a,
ASN00092045,20081118,PRCP,0,,,a,
ASN00092045,20081119,PRCP,0,,,a,
ASN00092045,20081120,PRCP,170,,,a,
ASN00092045,20081121,PRCP,226,,,a,
ASN00092045,20081122,PRCP,70,,,a,
ASN00092045,20081123,PRCP,316,,,a,
ASN00092045,20081124,PRCP,0,,,a,
ASN00092045,20081125,PRCP,0,,,a,
ASN00092045,20081126,PRCP,0,,,a,
ASN00092045,20081127,PRCP,0,,,a,
ASN00092045,20081128,PRCP,22,,,a,
ASN00092045,20081129,PRCP,12,,,a,
ASN00092045,20081130,PRCP,6,,,a,
ASN00092045,20081101,TAVG,141,H,,S,
ASN00092045,20081102,TAVG,149,H,,S,
ASN00092045,20081103,TAVG,102,H,,S,
ASN00092045,20081104,TAVG,109,H,,S,
ASN00092045,20081105,TAVG,122,H,,S,
ASN00092045,20081106,TAVG,140,H,,S,
ASN00092045,20081107,TAVG,142,H,,S,
ASN00092045,20081108,TAVG,139,H,,S,
ASN00092045,20081109,TAVG,151,H,,S,
ASN00092045,20081110,TAVG,152,H,,S,
ASN00092045,20081111,TAVG,157,H,,S,
ASN00092045,20081112,TAVG,157,H,,S,
ASN00092045,20081113,TAVG,168,H,,S,
ASN00092045,20081114,TAVG,139,H,,S,
ASN00092045,20081115,TAVG,107,H,,S,
ASN00092045,20081116,TAVG,123,H,,S,
ASN00092045,20081117,TAVG,142,H,,S,
ASN00092045,20081118,TAVG,160,H,,S,
ASN00092045,20081119,TAVG,153,H,,S,
ASN00092045,20081120,TAVG,141,H,,S,
ASN00092045,20081121,TAVG,123,H,,S,
ASN00092045,20081122,TAVG,119,H,,S,
ASN00092045,20081123,TAVG,128,H,,S,
ASN00092045,20081124,TAVG,125,H,,S,
ASN00092045,20081125,TAVG,132,H,,S,
ASN00092045,20081126,TAVG,152,H,,S,
ASN00092045,20081127,TAVG,158,H,,S,
ASN00092045,20081128,TAVG,139,H,,S,
ASN00092045,20081129,TAVG,114,H,,S,
ASN00092045,20081130,TAVG,140,H,,S,
ASN00092045,20081201,TMAX,184,,,a,
ASN00092045,20081202,TMAX,188,,,a,
ASN00092045,20081203,TMAX,186,,,a,
ASN00092045,20081204,TMAX,190,,,a,
ASN00092045,20081205,TMAX,213,,,a,
ASN00092045,20081206,TMAX,206,,,a,
ASN00092045,20081207,TMAX,187,,,a,
ASN00092045,20081208,TMAX,195,,,a,
ASN00092045,20081209,TMAX,169,,,a,
ASN00092045,20081210,TMAX,178,,,a,
ASN00092045,20081211,TMAX,186,,,a,
ASN00092045,20081212,TMAX,198,,,a,
ASN00092045,20081213,TMAX,135,,,a,
ASN00092045,20081214,TMAX,162,,,a,
ASN00092045,20081215,TMAX,202,,,a,
ASN00092045,20081216,TMAX,208,,,a,
ASN00092045,20081217,TMAX,187,,,a,
ASN00092045,20081218,TMAX,202,,,a,
ASN00092045,20081219,TMAX,191,,,a,
ASN00092045,20081220,TMAX,222,,,a,
ASN00092045,20081221,TMAX,211,,,a,
ASN00092045,20081222,TMAX,213,,,a,
ASN00092045,20081223,TMAX,214,,,a,
ASN00092045,20081224,TMAX,217,,,a,
ASN00092045,20081225,TMAX,204,,,a,
ASN00092045,20081226,TMAX,200,,,a,
ASN00092045,20081227,TMAX,255,,,a,
ASN00092045,20081228,TMAX,198,,,a,
ASN00092045,20081229,TMAX,196,,,a,
ASN00092045,20081230,TMAX,203,,,a,
ASN00092045,20081231,TMAX,189,,,a,
ASN00092045,20081201,TMIN,109,,,a,
ASN00092045,20081202,TMIN,90,,,a,
ASN00092045,20081203,TMIN,101,,,a,
ASN00092045,20081204,TMIN,61,,,a,
ASN00092045,20081205,TMIN,105,,,a,
ASN00092045,20081206,TMIN,136,,,a,
ASN00092045,20081207,TMIN,88,,,a,
ASN00092045,20081208,TMIN,103,,,a,
ASN00092045,20081209,TMIN,114,,,a,
ASN00092045,20081210,TMIN,101,,,a,
ASN00092045,20081211,TMIN,98,,,a,
ASN00092045,20081212,TMIN,128,,,a,
ASN00092045,20081213,TMIN,130,,,a,
ASN00092045,20081214,TMIN,117,,,a,
ASN00092045,20081215,TMIN,106,,,a,
ASN00092045,20081216,TMIN,122,,,a,
ASN00092045,20081217,TMIN,97,,,a,
ASN00092045,20081218,TMIN,111,,,a,
ASN00092045,20081219,TMIN,111,,,a,
ASN00092045,20081220,TMIN,94,,,a,
ASN00092045,20081221,TMIN,119,,,a,
ASN00092045,20081222,TMIN,143,,,a,
ASN00092045,20081223,TMIN,141,,,a,
ASN00092045,20081224,TMIN,125,,,a,
ASN00092045,20081225,TMIN,136,,,a,
ASN00092045,20081226,TMIN,132,,,a,
ASN00092045,20081227,TMIN,119,,,a,
ASN00092045,20081228,TMIN,142,,,a,
ASN00092045,20081229,TMIN,114,,,a,
ASN00092045,20081230,TMIN,117,,,a,
ASN00092045,20081231,TMIN,91,,,a,
ASN00092045,20081201,PRCP,2,,,a,
ASN00092045,20081202,PRCP,32,,,a,
ASN00092045,20081203,PRCP,6,,,a,
ASN00092045,20081204,PRCP,0,,,a,
ASN00092045,20081205,PRCP,32,,,a,
ASN00092045,20081206,PRCP,8,,,a,
ASN00092045,20081207,PRCP,0,,,a,
ASN00092045,20081208,PRCP,26,,,a,
ASN00092045,20081209,PRCP,0,,,a,
ASN00092045,20081210,PRCP,6,,,a,
ASN00092045,20081211,PRCP,0,,,a,
ASN00092045,20081212,PRCP,0,,,a,
ASN00092045,20081213,PRCP,230,,,a,
ASN00092045,20081214,PRCP,646,,,a,
ASN00092045,20081215,PRCP,0,,,a,
ASN00092045,20081216,PRCP,0,,,a,
ASN00092045,20081217,PRCP,0,,,a,
ASN00092045,20081218,PRCP,4,,,a,
ASN00092045,20081219,PRCP,0,,,a,
ASN00092045,20081220,PRCP,0,,,a,
ASN00092045,20081221,PRCP,0,,,a,
ASN00092045,20081222,PRCP,0,,,a,
ASN00092045,20081223,PRCP,0,,,a,
ASN00092045,20081224,PRCP,2,,,a,
ASN00092045,20081225,PRCP,2,,,a,
ASN00092045,20081226,PRCP,0,,,a,
ASN00092045,20081227,PRCP,8,,,a,
ASN00092045,20081228,PRCP,2,,,a,
ASN00092045,20081229,PRCP,0,,,a,
ASN00092045,20081230,PRCP,58,,,a,
ASN00092045,20081231,PRCP,12,,,a,
ASN00092045,20081201,TAVG,128,H,,S,
ASN00092045,20081202,TAVG,135,H,,S,
ASN00092045,20081203,TAVG,127,H,,S,
ASN00092045,20081204,TAVG,138,H,,S,
ASN00092045,20081205,TAVG,166,H,,S,
ASN00092045,20081206,TAVG,140,H,,S,
ASN00092045,20081207,TAVG,147,H,,S,
ASN00092045,20081208,TAVG,142,H,,S,
ASN00092045,20081209,TAVG,129,H,,S,
ASN00092045,20081210,TAVG,136,H,,S,
ASN00092045,20081211,TAVG,149,H,,S,
ASN00092045,20081212,TAVG,153,H,,S,
ASN00092045,20081213,TAVG,127,H,,S,
ASN00092045,20081214,TAVG,136,H,,S,
ASN00092045,20081215,TAVG,151,H,,S,
ASN00092045,20081216,TAVG,151,H,,S,
ASN00092045,20081217,TAVG,143,H,,S,
ASN00092045,20081218,TAVG,141,H,,S,
ASN00092045,20081219,TAVG,139,H,,S,
ASN00092045,20081220,TAVG,159,H,,S,
ASN00092045,20081221,TAVG,166,H,,S,
ASN00092045,20081222,TAVG,173,H,,S,
ASN00092045,20081223,TAVG,146,H,,S,
ASN00092045,20081224,TAVG,168,H,,S,
ASN00092045,20081225,TAVG,155,H,,S,
ASN00092045,20081226,TAVG,154,H,,S,
ASN00092045,20081227,TAVG,173,H,,S,
ASN00092045,20081228,TAVG,158,H,,S,
ASN00092045,20081229,TAVG,150,H,,S,
ASN00092045,20081230,TAVG,147,H,,S,
ASN00092045,20081231,TAVG,152,H,,S,
ASN00092045,20090101,TMAX,197,,,a,
ASN00092045,20090102,TMAX,184,,,a,
ASN00092045,20090103,TMAX,197,,,a,
ASN00092045,20090104,TMAX,211,,,a,
ASN00092045,20090105,TMAX,183,,,a,
ASN00092045,20090106,TMAX,219,,,a,
ASN00092045,20090107,TMAX,233,,,a,
ASN00092045,20090108,TMAX,207,,,a,
ASN00092045,20090109,TMAX,197,,,a,
ASN00092045,20090110,TMAX,223,,,a,
ASN00092045,20090111,TMAX,197,,,a,
ASN00092045,20090112,TMAX,220,,,a,
ASN00092045,20090113,TMAX,219,,,a,
ASN00092045,20090114,TMAX,229,,,a,
ASN00092045,20090115,TMAX,231,,,a,
ASN00092045,20090116,TMAX,224,,,a,
ASN00092045,20090117,TMAX,214,,,a,
ASN00092045,20090118,TMAX,239,,,a,
ASN00092045,20090119,TMAX,211,,,a,
ASN00092045,20090120,TMAX,290,,,a,
ASN00092045,20090121,TMAX,248,,,a,
ASN00092045,20090122,TMAX,271,,,a,
ASN00092045,20090123,TMAX,213,,,a,
ASN00092045,20090124,TMAX,236,,,a,
ASN00092045,20090125,TMAX,226,,,a,
ASN00092045,20090126,TMAX,243,,,a,
ASN00092045,20090127,TMAX,224,,,a,
ASN00092045,20090128,TMAX,250,,,a,
ASN00092045,20090129,TMAX,351,,,a,
ASN00092045,20090130,TMAX,260,,,a,
ASN00092045,20090131,TMAX,247,,,a,
ASN00092045,20090101,TMIN,123,,,a,
ASN00092045,20090102,TMIN,64,,,a,
ASN00092045,20090103,TMIN,114,,,a,
ASN00092045,20090104,TMIN,125,,,a,
ASN00092045,20090105,TMIN,123,,,a,
ASN00092045,20090106,TMIN,143,,,a,
ASN00092045,20090107,TMIN,125,,,a,
ASN00092045,20090108,TMIN,98,,,a,
ASN00092045,20090109,TMIN,89,,,a,
ASN00092045,20090110,TMIN,119,,,a,
ASN00092045,20090111,TMIN,122,,,a,
ASN00092045,20090112,TMIN,131,,,a,
ASN00092045,20090113,TMIN,118,,,a,
ASN00092045,20090114,TMIN,146,,,a,
ASN00092045,20090115,TMIN,145,,,a,
ASN00092045,20090116,TMIN,101,,,a,
ASN00092045,20090117,TMIN,88,,,a,
ASN00092045,20090118,TMIN,98,,,a,
ASN00092045,20090119,TMIN,126,,,a,
ASN00092045,20090120,TMIN,152,,,a,
ASN00092045,20090121,TMIN,137,,,a,
ASN00092045,20090122,TMIN,132,,,a,
ASN00092045,20090123,TMIN,126,,,a,
ASN00092045,20090124,TMIN,144,,,a,
ASN00092045,20090125,TMIN,100,,,a,
ASN00092045,20090126,TMIN,132,,,a,
ASN00092045,20090127,TMIN,149,,,a,
ASN00092045,20090128,TMIN,169,,,a,
ASN00092045,20090129,TMIN,151,,,a,
ASN00092045,20090130,TMIN,183,,,a,
ASN00092045,20090131,TMIN,174,,,a,
ASN00092045,20090101,PRCP,64,,,a,
ASN00092045,20090102,PRCP,2,,,a,
ASN00092045,20090103,PRCP,0,,,a,
ASN00092045,20090104,PRCP,0,,,a,
ASN00092045,20090105,PRCP,0,,,a,
ASN00092045,20090106,PRCP,0,,,a,
ASN00092045,20090107,PRCP,0,,,a,
ASN00092045,20090108,PRCP,0,,,a,
ASN00092045,20090109,PRCP,0,,,a,
ASN00092045,20090110,PRCP,0,,,a,
ASN00092045,20090111,PRCP,2,,,a,
ASN00092045,20090112,PRCP,0,,,a,
ASN00092045,20090113,PRCP,0,,,a,
ASN00092045,20090114,PRCP,0,,,a,
ASN00092045,20090115,PRCP,0,,,a,
ASN00092045,20090116,PRCP,10,,,a,
ASN00092045,20090117,PRCP,0,,,a,
ASN00092045,20090118,PRCP,0,,,a,
ASN00092045,20090119,PRCP,0,,,a,
ASN00092045,20090120,PRCP,0,,,a,
ASN00092045,20090121,PRCP,0,,,a,
ASN00092045,20090122,PRCP,6,,,a,
ASN00092045,20090123,PRCP,6,,,a,
ASN00092045,20090124,PRCP,16,,,a,
ASN00092045,20090125,PRCP,2,,,a,
ASN00092045,20090126,PRCP,0,,,a,
ASN00092045,20090127,PRCP,0,,,a,
ASN00092045,20090128,PRCP,0,,,a,
ASN00092045,20090129,PRCP,0,,,a,
ASN00092045,20090130,PRCP,0,,,a,
ASN00092045,20090131,PRCP,0,,,a,
ASN00092045,20090101,TAVG,126,H,,S,
ASN00092045,20090102,TAVG,142,H,,S,
ASN00092045,20090103,TAVG,147,H,,S,
ASN00092045,20090104,TAVG,159,H,,S,
ASN00092045,20090105,TAVG,162,H,,S,
ASN00092045,20090106,TAVG,164,H,,S,
ASN00092045,20090107,TAVG,159,H,,S,
ASN00092045,20090108,TAVG,142,H,,S,
ASN00092045,20090109,TAVG,157,H,,S,
ASN00092045,20090110,TAVG,168,H,,S,
ASN00092045,20090111,TAVG,167,H,,S,
ASN00092045,20090112,TAVG,156,H,,S,
ASN00092045,20090113,TAVG,181,H,,S,
ASN00092045,20090114,TAVG,176,H,,S,
ASN00092045,20090115,TAVG,164,H,,S,
ASN00092045,20090116,TAVG,148,H,,S,
ASN00092045,20090117,TAVG,150,H,,S,
ASN00092045,20090118,TAVG,169,H,,S,
ASN00092045,20090119,TAVG,173,H,,S,
ASN00092045,20090120,TAVG,184,H,,S,
ASN00092045,20090121,TAVG,181,H,,S,
ASN00092045,20090122,TAVG,173,H,,S,
ASN00092045,20090123,TAVG,168,H,,S,
ASN00092045,20090124,TAVG,161,H,,S,
ASN00092045,20090125,TAVG,169,H,,S,
ASN00092045,20090126,TAVG,179,H,,S,
ASN00092045,20090127,TAVG,191,H,,S,
ASN00092045,20090128,TAVG,190,H,,S,
ASN00092045,20090129,TAVG,221,H,,S,
ASN00092045,20090130,TAVG,202,H,,S,
ASN00092045,20090131,TAVG,188,H,,S,
ASN00092045,20090201,TMAX,193,,,a,
ASN00092045,20090202,TMAX,173,,,a,
ASN00092045,20090203,TMAX,197,,,a,
ASN00092045,20090204,TMAX,227,,,a,
ASN00092045,20090205,TMAX,295,,,a,
ASN00092045,20090206,TMAX,243,,,a,
ASN00092045,20090207,TMAX,247,,,a,
ASN00092045,20090208,TMAX,254,,,a,
ASN00092045,20090209,TMAX,193,,,a,
ASN00092045,20090210,TMAX,176,,,a,
ASN00092045,20090211,TMAX,184,,,a,
ASN00092045,20090212,TMAX,181,,,a,
ASN00092045,20090213,TMAX,198,,,a,
ASN00092045,20090214,TMAX,233,,,a,
ASN00092045,20090215,TMAX,220,,,a,
ASN00092045,20090216,TMAX,195,,,a,
ASN00092045,20090217,TMAX,208,,,a,
ASN00092045,20090218,TMAX,211,,,a,
ASN00092045,20090219,TMAX,214,,,a,
ASN00092045,20090220,TMAX,222,,,a,
ASN00092045,20090221,TMAX,212,,,a,
ASN00092045,20090222,TMAX,197,,,a,
ASN00092045,20090223,TMAX,228,,,a,
ASN00092045,20090224,TMAX,209,,,a,
ASN00092045,20090225,TMAX,216,,,a,
ASN00092045,20090226,TMAX,200,,,a,
ASN00092045,20090227,TMAX,217,,,a,
ASN00092045,20090228,TMAX,230,,,a,
ASN00092045,20090201,TMIN,156,,,a,
ASN00092045,20090202,TMIN,146,,,a,
ASN00092045,20090203,TMIN,142,,,a,
ASN00092045,20090204,TMIN,155,,,a,
ASN00092045,20090205,TMIN,170,,,a,
ASN00092045,20090206,TMIN,159,,,a,
ASN00092045,20090207,TMIN,145,,,a,
ASN00092045,20090208,TMIN,169,,,a,
ASN00092045,20090209,TMIN,133,,,a,
ASN00092045,20090210,TMIN,127,,,a,
ASN00092045,20090211,TMIN,118,,,a,
ASN00092045,20090212,TMIN,106,,,a,
ASN00092045,20090213,TMIN,123,,,a,
ASN00092045,20090214,TMIN,108,,,a,
ASN00092045,20090215,TMIN,124,,,a,
ASN00092045,20090216,TMIN,150,,,a,
ASN00092045,20090217,TMIN,154,,,a,
ASN00092045,20090218,TMIN,159,,,a,
ASN00092045,20090219,TMIN,153,,,a,
ASN00092045,20090220,TMIN,152,,,a,
ASN00092045,20090221,TMIN,152,,,a,
ASN00092045,20090222,TMIN,141,,,a,
ASN00092045,20090223,TMIN,151,,,a,
ASN00092045,20090224,TMIN,117,,,a,
ASN00092045,20090225,TMIN,124,,,a,
ASN00092045,20090226,TMIN,150,,,a,
ASN00092045,20090227,TMIN,149,,,a,
ASN00092045,20090228,TMIN,156,,,a,
ASN00092045,20090201,PRCP,0,,,a,
ASN00092045,20090202,PRCP,20,,,a,
ASN00092045,20090203,PRCP,14,,,a,
ASN00092045,20090204,PRCP,0,,,a,
ASN00092045,20090205,PRCP,4,,,a,
ASN00092045,20090206,PRCP,0,,,a,
ASN00092045,20090207,PRCP,2,,,a,
ASN00092045,20090208,PRCP,0,,,a,
ASN00092045,20090209,PRCP,26,,,a,
ASN00092045,20090210,PRCP,0,,,a,
ASN00092045,20090211,PRCP,18,,,a,
ASN00092045,20090212,PRCP,30,,,a,
ASN00092045,20090213,PRCP,12,,,a,
ASN00092045,20090214,PRCP,0,,,a,
ASN00092045,20090215,PRCP,0,,,a,
ASN00092045,20090216,PRCP,0,,,a,
ASN00092045,20090217,PRCP,0,,,a,
ASN00092045,20090218,PRCP,0,,,a,
ASN00092045,20090219,PRCP,48,,,a,
ASN00092045,20090220,PRCP,32,,,a,
ASN00092045,20090221,PRCP,14,,,a,
ASN00092045,20090222,PRCP,32,,,a,
ASN00092045,20090223,PRCP,0,,,a,
ASN00092045,20090224,PRCP,0,,,a,
ASN00092045,20090225,PRCP,22,,,a,
ASN00092045,20090226,PRCP,0,,,a,
ASN00092045,20090227,PRCP,0,,,a,
ASN00092045,20090228,PRCP,0,,,a,
ASN00092045,20090201,TAVG,163,H,,S,
ASN00092045,20090202,TAVG,158,H,,S,
ASN00092045,20090203,TAVG,169,H,,S,
ASN00092045,20090204,TAVG,189,H,,S,
ASN00092045,20090205,TAVG,200,H,,S,
ASN00092045,20090206,TAVG,187,H,,S,
ASN00092045,20090207,TAVG,198,H,,S,
ASN00092045,20090208,TAVG,178,H,,S,
ASN00092045,20090209,TAVG,154,H,,S,
ASN00092045,20090210,TAVG,140,H,,S,
ASN00092045,20090211,TAVG,135,H,,S,
ASN00092045,20090212,TAVG,148,H,,S,
ASN00092045,20090213,TAVG,152,H,,S,
ASN00092045,20090214,TAVG,171,H,,S,
ASN00092045,20090215,TAVG,173,H,,S,
ASN00092045,20090216,TAVG,166,H,,S,
ASN00092045,20090217,TAVG,177,H,,S,
ASN00092045,20090218,TAVG,179,H,,S,
ASN00092045,20090219,TAVG,176,H,,S,
ASN00092045,20090220,TAVG,177,H,,S,
ASN00092045,20090221,TAVG,169,H,,S,
ASN00092045,20090222,TAVG,169,H,,S,
ASN00092045,20090223,TAVG,173,H,,S,
ASN00092045,20090224,TAVG,160,H,,S,
ASN00092045,20090225,TAVG,172,H,,S,
ASN00092045,20090226,TAVG,168,H,,S,
ASN00092045,20090227,TAVG,178,H,,S,
ASN00092045,20090228,TAVG,186,H,,S,
ASN00092045,20090301,TMAX,224,,,a,
ASN00092045,20090302,TMAX,201,,,a,
ASN00092045,20090303,TMAX,213,,,a,
ASN00092045,20090304,TMAX,179,,,a,
ASN00092045,20090305,TMAX,195,,,a,
ASN00092045,20090306,TMAX,196,,,a,
ASN00092045,20090307,TMAX,230,,,a,
ASN00092045,20090308,TMAX,183,,,a,
ASN00092045,20090309,TMAX,221,,,a,
ASN00092045,20090310,TMAX,212,,,a,
ASN00092045,20090311,TMAX,231,,,a,
ASN00092045,20090312,TMAX,223,,,a,
ASN00092045,20090313,TMAX,233,,,a,
ASN00092045,20090314,TMAX,197,,,a,
ASN00092045,20090315,TMAX,174,,,a,
ASN00092045,20090316,TMAX,173,,,a,
ASN00092045,20090317,TMAX,216,,,a,
ASN00092045,20090318,TMAX,226,,,a,
ASN00092045,20090319,TMAX,245,,,a,
ASN00092045,20090320,TMAX,218,,,a,
ASN00092045,20090321,TMAX,231,,,a,
ASN00092045,20090322,TMAX,215,,,a,
ASN00092045,20090323,TMAX,197,,,a,
ASN00092045,20090324,TMAX,209,,,a,
ASN00092045,20090325,TMAX,206,,,a,
ASN00092045,20090326,TMAX,209,,,a,
ASN00092045,20090327,TMAX,212,,,a,
ASN00092045,20090328,TMAX,202,,,a,
ASN00092045,20090329,TMAX,242,,,a,
ASN00092045,20090330,TMAX,187,,,a,
ASN00092045,20090331,TMAX,186,,,a,
ASN00092045,20090301,TMIN,162,,,a,
ASN00092045,20090302,TMIN,146,,,a,
ASN00092045,20090303,TMIN,154,,,a,
ASN00092045,20090304,TMIN,117,,,a,
ASN00092045,20090305,TMIN,76,,,a,
ASN00092045,20090306,TMIN,88,,,a,
ASN00092045,20090307,TMIN,116,,,a,
ASN00092045,20090308,TMIN,97,,,a,
ASN00092045,20090309,TMIN,103,,,a,
ASN00092045,20090310,TMIN,115,,,a,
ASN00092045,20090311,TMIN,151,,,a,
ASN00092045,20090312,TMIN,158,,,a,
ASN00092045,20090313,TMIN,162,,,a,
ASN00092045,20090314,TMIN,154,,,a,
ASN00092045,20090315,TMIN,114,,,a,
ASN00092045,20090316,TMIN,120,,,a,
ASN00092045,20090317,TMIN,105,,,a,
ASN00092045,20090318,TMIN,114,,,a,
ASN00092045,20090319,TMIN,126,,,a,
ASN00092045,20090320,TMIN,140,,,a,
ASN00092045,20090321,TMIN,146,,,a,
ASN00092045,20090322,TMIN,173,,,a,
ASN00092045,20090323,TMIN,161,,,a,
ASN00092045,20090324,TMIN,159,,,a,
ASN00092045,20090325,TMIN,159,,,a,
ASN00092045,20090326,TMIN,126,,,a,
ASN00092045,20090327,TMIN,85,,,a,
ASN00092045,20090328,TMIN,130,,,a,
ASN00092045,20090329,TMIN,134,,,a,
ASN00092045,20090330,TMIN,157,,,a,
ASN00092045,20090331,TMIN,152,,,a,
ASN00092045,20090301,PRCP,0,,,a,
ASN00092045,20090302,PRCP,0,,,a,
ASN00092045,20090303,PRCP,2,,,a,
ASN00092045,20090304,PRCP,24,,,a,
ASN00092045,20090305,PRCP,34,,,a,
ASN00092045,20090306,PRCP,0,,,a,
ASN00092045,20090307,PRCP,0,,,a,
ASN00092045,20090308,PRCP,0,,,a,
ASN00092045,20090309,PRCP,0,,,a,
ASN00092045,20090310,PRCP,0,,,a,
ASN00092045,20090311,PRCP,0,,,a,
ASN00092045,20090312,PRCP,0,,,a,
ASN00092045,20090313,PRCP,0,,,a,
ASN00092045,20090314,PRCP,0,,,a,
ASN00092045,20090315,PRCP,190,,,a,
ASN00092045,20090316,PRCP,236,,,a,
ASN00092045,20090317,PRCP,46,,,a,
ASN00092045,20090318,PRCP,0,,,a,
ASN00092045,20090319,PRCP,0,,,a,
ASN00092045,20090320,PRCP,0,,,a,
ASN00092045,20090321,PRCP,0,,,a,
ASN00092045,20090322,PRCP,0,,,a,
ASN00092045,20090323,PRCP,22,,,a,
ASN00092045,20090324,PRCP,0,,,a,
ASN00092045,20090325,PRCP,0,,,a,
ASN00092045,20090326,PRCP,6,,,a,
ASN00092045,20090327,PRCP,0,,,a,
ASN00092045,20090328,PRCP,0,,,a,
ASN00092045,20090329,PRCP,0,,,a,
ASN00092045,20090330,PRCP,0,,,a,
ASN00092045,20090331,PRCP,0,,,a,
ASN00092045,20090301,TAVG,167,H,,S,
ASN00092045,20090302,TAVG,178,H,,S,
ASN00092045,20090303,TAVG,168,H,,S,
ASN00092045,20090304,TAVG,122,H,,S,
ASN00092045,20090305,TAVG,138,H,,S,
ASN00092045,20090306,TAVG,151,H,,S,
ASN00092045,20090307,TAVG,150,H,,S,
ASN00092045,20090308,TAVG,143,H,,S,
ASN00092045,20090309,TAVG,159,H,,S,
ASN00092045,20090310,TAVG,174,H,,S,
ASN00092045,20090311,TAVG,180,H,,S,
ASN00092045,20090312,TAVG,184,H,,S,
ASN00092045,20090313,TAVG,180,H,,S,
ASN00092045,20090314,TAVG,146,H,,S,
ASN00092045,20090315,TAVG,138,H,,S,
ASN00092045,20090316,TAVG,138,H,,S,
ASN00092045,20090317,TAVG,157,H,,S,
ASN00092045,20090318,TAVG,160,H,,S,
ASN00092045,20090319,TAVG,176,H,,S,
ASN00092045,20090320,TAVG,174,H,,S,
ASN00092045,20090321,TAVG,192,H,,S,
ASN00092045,20090322,TAVG,175,H,,S,
ASN00092045,20090323,TAVG,171,H,,S,
ASN00092045,20090324,TAVG,172,H,,S,
ASN00092045,20090325,TAVG,158,H,,S,
ASN00092045,20090326,TAVG,146,H,,S,
ASN00092045,20090327,TAVG,157,H,,S,
ASN00092045,20090328,TAVG,160,H,,S,
ASN00092045,20090329,TAVG,179,H,,S,
ASN00092045,20090330,TAVG,166,H,,S,
ASN00092045,20090331,TAVG,176,H,,S,
ASN00092045,20090401,TMAX,226,,,a,
ASN00092045,20090402,TMAX,204,,,a,
ASN00092045,20090403,TMAX,223,,,a,
ASN00092045,20090404,TMAX,195,,,a,
ASN00092045,20090405,TMAX,186,,,a,
ASN00092045,20090406,TMAX,163,,,a,
ASN00092045,20090407,TMAX,207,,,a,
ASN00092045,20090408,TMAX,185,,,a,
ASN00092045,20090409,TMAX,203,,,a,
ASN00092045,20090410,TMAX,212,,,a,
ASN00092045,20090411,TMAX,209,,,a,
ASN00092045,20090412,TMAX,206,,,a,
ASN00092045,20090413,TMAX,205,,,a,
ASN00092045,20090414,TMAX,205,,,a,
ASN00092045,20090415,TMAX,162,,,a,
ASN00092045,20090416,TMAX,158,,,a,
ASN00092045,20090417,TMAX,192,,,a,
ASN00092045,20090418,TMAX,228,,,a,
ASN00092045,20090419,TMAX,168,,,a,
ASN00092045,20090420,TMAX,155,,,a,
ASN00092045,20090421,TMAX,191,,,a,
ASN00092045,20090422,TMAX,189,,,a,
ASN00092045,20090423,TMAX,207,,,a,
ASN00092045,20090424,TMAX,178,,,a,
ASN00092045,20090425,TMAX,192,,,a,
ASN00092045,20090426,TMAX,128,,,a,
ASN00092045,20090427,TMAX,140,,,a,
ASN00092045,20090428,TMAX,147,,,a,
ASN00092045,20090429,TMAX,137,,,a,
ASN00092045,20090430,TMAX,163,,,a,
ASN00092045,20090401,TMIN,166,,,a,
ASN00092045,20090402,TMIN,169,,,a,
ASN00092045,20090403,TMIN,173,,,a,
ASN00092045,20090404,TMIN,82,,,a,
ASN00092045,20090405,TMIN,124,,,a,
ASN00092045,20090406,TMIN,50,,,a,
ASN00092045,20090407,TMIN,77,,,a,
ASN00092045,20090408,TMIN,119,,,a,
ASN00092045,20090409,TMIN,138,,,a,
ASN00092045,20090410,TMIN,117,,,a,
ASN00092045,20090411,TMIN,125,,,a,
ASN00092045,20090412,TMIN,130,,,a,
ASN00092045,20090413,TMIN,114,,,a,
ASN00092045,20090414,TMIN,122,,,a,
ASN00092045,20090415,TMIN,124,,,a,
ASN00092045,20090416,TMIN,76,,,a,
ASN00092045,20090417,TMIN,116,,,a,
ASN00092045,20090418,TMIN,125,,,a,
ASN00092045,20090419,TMIN,139,,,a,
ASN00092045,20090420,TMIN,131,,,a,
ASN00092045,20090421,TMIN,136,,,a,
ASN00092045,20090422,TMIN,145,,,a,
ASN00092045,20090423,TMIN,139,,,a,
ASN00092045,20090424,TMIN,155,,,a,
ASN00092045,20090425,TMIN,121,,,a,
ASN00092045,20090426,TMIN,84,,,a,
ASN00092045,20090427,TMIN,63,,,a,
ASN00092045,20090428,TMIN,65,,,a,
ASN00092045,20090429,TMIN,68,,,a,
ASN00092045,20090430,TMIN,52,,,a,
ASN00092045,20090401,PRCP,0,,,a,
ASN00092045,20090402,PRCP,4,,,a,
ASN00092045,20090403,PRCP,0,,,a,
ASN00092045,20090404,PRCP,40,,,a,
ASN00092045,20090405,PRCP,2,,,a,
ASN00092045,20090406,PRCP,2,,,a,
ASN00092045,20090407,PRCP,0,,,a,
ASN00092045,20090408,PRCP,0,,,a,
ASN00092045,20090409,PRCP,0,,,a,
ASN00092045,20090410,PRCP,0,,,a,
ASN00092045,20090411,PRCP,0,,,a,
ASN00092045,20090412,PRCP,0,,,a,
ASN00092045,20090413,PRCP,2,,,a,
ASN00092045,20090414,PRCP,0,,,a,
ASN00092045,20090415,PRCP,14,,,a,
ASN00092045,20090416,PRCP,20,,,a,
ASN00092045,20090417,PRCP,106,,,a,
ASN00092045,20090418,PRCP,2,,,a,
ASN00092045,20090419,PRCP,0,,,a,
ASN00092045,20090420,PRCP,0,,,a,
ASN00092045,20090421,PRCP,0,,,a,
ASN00092045,20090422,PRCP,4,,,a,
ASN00092045,20090423,PRCP,2,,,a,
ASN00092045,20090424,PRCP,0,,,a,
ASN00092045,20090425,PRCP,58,,,a,
ASN00092045,20090426,PRCP,100,,,a,
ASN00092045,20090427,PRCP,126,,,a,
ASN00092045,20090428,PRCP,0,,,a,
ASN00092045,20090429,PRCP,0,,,a,
ASN00092045,20090430,PRCP,0,,,a,
ASN00092045,20090401,TAVG,183,H,,S,
ASN00092045,20090402,TAVG,183,H,,S,
ASN00092045,20090403,TAVG,141,H,,S,
ASN00092045,20090404,TAVG,151,H,,S,
ASN00092045,20090405,TAVG,107,H,,S,
ASN00092045,20090406,TAVG,117,H,,S,
ASN00092045,20090407,TAVG,148,H,,S,
ASN00092045,20090408,TAVG,156,H,,S,
ASN00092045,20090409,TAVG,149,H,,S,
ASN00092045,20090410,TAVG,161,H,,S,
ASN00092045,20090411,TAVG,157,H,,S,
ASN00092045,20090412,TAVG,154,H,,S,
ASN00092045,20090413,TAVG,152,H,,S,
ASN00092045,20090414,TAVG,162,H,,S,
ASN00092045,20090415,TAVG,111,H,,S,
ASN00092045,20090416,TAVG,130,H,,S,
ASN00092045,20090417,TAVG,148,H,,S,
ASN00092045,20090418,TAVG,166,H,,S,
ASN00092045,20090419,TAVG,143,H,,S,
ASN00092045,20090420,TAVG,146,H,,S,
ASN00092045,20090421,TAVG,163,H,,S,
ASN00092045,20090422,TAVG,164,H,,S,
ASN00092045,20090423,TAVG,171,H,,S,
ASN00092045,20090424,TAVG,152,H,,S,
ASN00092045,20090425,TAVG,133,H,,S,
ASN00092045,20090426,TAVG,91,H,,S,
ASN00092045,20090427,TAVG,95,H,,S,
ASN00092045,20090428,TAVG,100,H,,S,
ASN00092045,20090429,TAVG,94,H,,S,
ASN00092045,20090430,TAVG,134,H,,S,
ASN00092045,20090501,TMAX,179,,,a,
ASN00092045,20090502,TMAX,192,,,a,
ASN00092045,20090503,TMAX,184,,,a,
ASN00092045,20090504,TMAX,197,,,a,
ASN00092045,20090505,TMAX,175,,,a,
ASN00092045,20090506,TMAX,178,,,a,
ASN00092045,20090507,TMAX,163,,,a,
ASN00092045,20090508,TMAX,192,,,a,
ASN00092045,20090509,TMAX,193,,,a,
ASN00092045,20090510,TMAX,165,,,a,
ASN00092045,20090511,TMAX,174,,,a,
ASN00092045,20090512,TMAX,181,,,a,
ASN00092045,20090513,TMAX,161,,,a,
ASN00092045,20090514,TMAX,156,,,a,
ASN00092045,20090515,TMAX,167,,,a,
ASN00092045,20090516,TMAX,146,,,a,
ASN00092045,20090517,TMAX,194,,,a,
ASN00092045,20090518,TMAX,171,,,a,
ASN00092045,20090519,TMAX,170,,,a,
ASN00092045,20090520,TMAX,190,,,a,
ASN00092045,20090521,TMAX,181,,,a,
ASN00092045,20090522,TMAX,189,,,a,
ASN00092045,20090523,TMAX,188,,,a,
ASN00092045,20090524,TMAX,185,,,a,
ASN00092045,20090525,TMAX,179,,,a,
ASN00092045,20090526,TMAX,177,,,a,
ASN00092045,20090527,TMAX,169,,,a,
ASN00092045,20090528,TMAX,158,,,a,
ASN00092045,20090529,TMAX,139,,,a,
ASN00092045,20090530,TMAX,139,,,a,
ASN00092045,20090531,TMAX,127,,,a,
ASN00092045,20090501,TMIN,96,,,a,
ASN00092045,20090502,TMIN,81,,,a,
ASN00092045,20090503,TMIN,85,,,a,
ASN00092045,20090504,TMIN,122,,,a,
ASN00092045,20090505,TMIN,81,,,a,
ASN00092045,20090506,TMIN,70,,,a,
ASN00092045,20090507,TMIN,106,,,a,
ASN00092045,20090508,TMIN,79,,,a,
ASN00092045,20090509,TMIN,106,,,a,
ASN00092045,20090510,TMIN,102,,,a,
ASN00092045,20090511,TMIN,95,,,a,
ASN00092045,20090512,TMIN,92,,,a,
ASN00092045,20090513,TMIN,101,,,a,
ASN00092045,20090514,TMIN,115,,,a,
ASN00092045,20090515,TMIN,134,,,a,
ASN00092045,20090516,TMIN,73,,,a,
ASN00092045,20090517,TMIN,90,,,a,
ASN00092045,20090518,TMIN,67,,,a,
ASN00092045,20090519,TMIN,64,,,a,
ASN00092045,20090520,TMIN,105,,,a,
ASN00092045,20090521,TMIN,119,,,a,
ASN00092045,20090522,TMIN,133,,,a,
ASN00092045,20090523,TMIN,140,,,a,
ASN00092045,20090524,TMIN,151,,,a,
ASN00092045,20090525,TMIN,151,,,a,
ASN00092045,20090526,TMIN,139,,,a,
ASN00092045,20090527,TMIN,71,,,a,
ASN00092045,20090528,TMIN,91,,,a,
ASN00092045,20090529,TMIN,99,,,a,
ASN00092045,20090530,TMIN,103,,,a,
ASN00092045,20090531,TMIN,106,,,a,
ASN00092045,20090501,PRCP,0,,,a,
ASN00092045,20090502,PRCP,2,,,a,
ASN00092045,20090503,PRCP,0,,,a,
ASN00092045,20090504,PRCP,0,,,a,
ASN00092045,20090505,PRCP,0,,,a,
ASN00092045,20090506,PRCP,0,,,a,
ASN00092045,20090507,PRCP,0,,,a,
ASN00092045,20090508,PRCP,0,,,a,
ASN00092045,20090509,PRCP,0,,,a,
ASN00092045,20090510,PRCP,4,,,a,
ASN00092045,20090511,PRCP,0,,,a,
ASN00092045,20090512,PRCP,10,,,a,
ASN00092045,20090513,PRCP,2,,,a,
ASN00092045,20090514,PRCP,0,,,a,
ASN00092045,20090515,PRCP,24,,,a,
ASN00092045,20090516,PRCP,2,,,a,
ASN00092045,20090517,PRCP,0,,,a,
ASN00092045,20090518,PRCP,0,,,a,
ASN00092045,20090519,PRCP,0,,,a,
ASN00092045,20090520,PRCP,0,,,a,
ASN00092045,20090521,PRCP,2,,,a,
ASN00092045,20090522,PRCP,6,,,a,
ASN00092045,20090523,PRCP,6,,,a,
ASN00092045,20090524,PRCP,2,,,a,
ASN00092045,20090525,PRCP,0,,,a,
ASN00092045,20090526,PRCP,0,,,a,
ASN00092045,20090527,PRCP,0,,,a,
ASN00092045,20090528,PRCP,0,,,a,
ASN00092045,20090529,PRCP,4,,,a,
ASN00092045,20090530,PRCP,34,,,a,
ASN00092045,20090531,PRCP,0,,,a,
ASN00092045,20090501,TAVG,117,H,,S,
ASN00092045,20090502,TAVG,128,H,,S,
ASN00092045,20090503,TAVG,140,H,,S,
ASN00092045,20090504,TAVG,131,H,,S,
ASN00092045,20090505,TAVG,119,H,,S,
ASN00092045,20090506,TAVG,132,H,,S,
ASN00092045,20090507,TAVG,123,H,,S,
ASN00092045,20090508,TAVG,137,H,,S,
ASN00092045,20090509,TAVG,134,H,,S,
ASN00092045,20090510,TAVG,123,H,,S,
ASN00092045,20090511,TAVG,125,H,,S,
ASN00092045,20090512,TAVG,128,H,,S,
ASN00092045,20090513,TAVG,131,H,,S,
ASN00092045,20090514,TAVG,143,H,,S,
ASN00092045,20090515,TAVG,119,H,,S,
ASN00092045,20090516,TAVG,116,H,,S,
ASN00092045,20090517,TAVG,124,H,,S,
ASN00092045,20090518,TAVG,106,H,,S,
ASN00092045,20090519,TAVG,138,H,,S,
ASN00092045,20090520,TAVG,147,H,,S,
ASN00092045,20090521,TAVG,154,H,,S,
ASN00092045,20090522,TAVG,157,H,,S,
ASN00092045,20090523,TAVG,161,H,,S,
ASN00092045,20090524,TAVG,159,H,,S,
ASN00092045,20090525,TAVG,158,H,,S,
ASN00092045,20090526,TAVG,117,H,,S,
ASN00092045,20090527,TAVG,122,H,,S,
ASN00092045,20090528,TAVG,123,H,,S,
ASN00092045,20090529,TAVG,117,H,,S,
ASN00092045,20090530,TAVG,116,H,,S,
ASN00092045,20090531,TAVG,111,H,,S,
ASN00092045,20090601,TMAX,136,,,a,
ASN00092045,20090602,TMAX,152,,,a,
ASN00092045,20090603,TMAX,156,,,a,
ASN00092045,20090604,TMAX,182,,,a,
ASN00092045,20090605,TMAX,155,,,a,
ASN00092045,20090606,TMAX,149,,,a,
ASN00092045,20090607,TMAX,145,,,a,
ASN00092045,20090608,TMAX,154,,,a,
ASN00092045,20090609,TMAX,129,,,a,
ASN00092045,20090610,TMAX,114,,,a,
ASN00092045,20090611,TMAX,129,,,a,
ASN00092045,20090612,TMAX,137,,,a,
ASN00092045,20090613,TMAX,131,,,a,
ASN00092045,20090614,TMAX,136,,,a,
ASN00092045,20090615,TMAX,119,,,a,
ASN00092045,20090616,TMAX,143,,,a,
ASN00092045,20090617,TMAX,151,,,a,
ASN00092045,20090618,TMAX,162,,,a,
ASN00092045,20090619,TMAX,153,,,a,
ASN00092045,20090620,TMAX,164,,,a,
ASN00092045,20090621,TMAX,167,,,a,
ASN00092045,20090622,TMAX,151,,,a,
ASN00092045,20090623,TMAX,117,,,a,
ASN00092045,20090624,TMAX,138,,,a,
ASN00092045,20090625,TMAX,121,,,a,
ASN00092045,20090626,TMAX,143,,,a,
ASN00092045,20090627,TMAX,135,,,a,
ASN00092045,20090628,TMAX,150,,,a,
ASN00092045,20090629,TMAX,158,,,a,
ASN00092045,20090630,TMAX,155,,,a,
ASN00092045,20090601,TMIN,94,,,a,
ASN00092045,20090602,TMIN,106,,,a,
ASN00092045,20090603,TMIN,124,,,a,
ASN00092045,20090604,TMIN,132,,,a,
ASN00092045,20090605,TMIN,100,,,a,
ASN00092045,20090606,TMIN,111,,,a,
ASN00092045,20090607,TMIN,110,,,a,
ASN00092045,20090608,TMIN,86,,,a,
ASN00092045,20090609,TMIN,60,,,a,
ASN00092045,20090610,TMIN,71,,,a,
ASN00092045,20090611,TMIN,46,,,a,
ASN00092045,20090612,TMIN,65,,,a,
ASN00092045,20090613,TMIN,89,,,a,
ASN00092045,20090614,TMIN,86,,,a,
ASN00092045,20090615,TMIN,81,,,a,
ASN00092045,20090616,TMIN,60,,,a,
ASN00092045,20090617,TMIN,71,,,a,
ASN00092045,20090618,TMIN,74,,,a,
ASN00092045,20090619,TMIN,71,,,a,
ASN00092045,20090620,TMIN,95,,,a,
ASN00092045,20090621,TMIN,124,,,a,
ASN00092045,20090622,TMIN,118,,,a,
ASN00092045,20090623,TMIN,90,,,a,
ASN00092045,20090624,TMIN,71,,,a,
ASN00092045,20090625,TMIN,78,,,a,
ASN00092045,20090626,TMIN,90,,,a,
ASN00092045,20090627,TMIN,102,,,a,
ASN00092045,20090628,TMIN,80,,,a,
ASN00092045,20090629,TMIN,80,,,a,
ASN00092045,20090630,TMIN,98,,,a,
ASN00092045,20090601,PRCP,26,,,a,
ASN00092045,20090602,PRCP,138,,,a,
ASN00092045,20090603,PRCP,16,,,a,
ASN00092045,20090604,PRCP,220,,,a,
ASN00092045,20090605,PRCP,42,,,a,
ASN00092045,20090606,PRCP,16,,,a,
ASN00092045,20090607,PRCP,274,,,a,
ASN00092045,20090608,PRCP,0,,,a,
ASN00092045,20090609,PRCP,6,,,a,
ASN00092045,20090610,PRCP,2,,,a,
ASN00092045,20090611,PRCP,16,,,a,
ASN00092045,20090612,PRCP,0,,,a,
ASN00092045,20090613,PRCP,0,,,a,
ASN00092045,20090614,PRCP,0,,,a,
ASN00092045,20090615,PRCP,18,,,a,
ASN00092045,20090616,PRCP,0,,,a,
ASN00092045,20090617,PRCP,2,,,a,
ASN00092045,20090618,PRCP,0,,,a,
ASN00092045,20090619,PRCP,2,,,a,
ASN00092045,20090620,PRCP,48,,,a,
ASN00092045,20090621,PRCP,54,,,a,
ASN00092045,20090622,PRCP,118,,,a,
ASN00092045,20090623,PRCP,4,,,a,
ASN00092045,20090624,PRCP,0,,,a,
ASN00092045,20090625,PRCP,6,,,a,
ASN00092045,20090626,PRCP,140,,,a,
ASN00092045,20090627,PRCP,92,,,a,
ASN00092045,20090628,PRCP,66,,,a,
ASN00092045,20090629,PRCP,4,,,a,
ASN00092045,20090630,PRCP,2,,,a,
ASN00092045,20090601,TAVG,117,H,,S,
ASN00092045,20090602,TAVG,138,H,,S,
ASN00092045,20090603,TAVG,145,H,,S,
ASN00092045,20090604,TAVG,132,H,,S,
ASN00092045,20090605,TAVG,136,H,,S,
ASN00092045,20090606,TAVG,131,H,,S,
ASN00092045,20090607,TAVG,110,H,,S,
ASN00092045,20090608,TAVG,103,H,,S,
ASN00092045,20090609,TAVG,88,H,,S,
ASN00092045,20090610,TAVG,78,H,,S,
ASN00092045,20090611,TAVG,91,H,,S,
ASN00092045,20090612,TAVG,109,H,,S,
ASN00092045,20090613,TAVG,104,H,,S,
ASN00092045,20090614,TAVG,103,H,,S,
ASN00092045,20090615,TAVG,89,H,,S,
ASN00092045,20090616,TAVG,94,H,,S,
ASN00092045,20090617,TAVG,103,H,,S,
ASN00092045,20090618,TAVG,102,H,,S,
ASN00092045,20090619,TAVG,126,H,,S,
ASN00092045,20090620,TAVG,145,H,,S,
ASN00092045,20090621,TAVG,131,H,,S,
ASN00092045,20090622,TAVG,119,H,,S,
ASN00092045,20090623,TAVG,96,H,,S,
ASN00092045,20090624,TAVG,94,H,,S,
ASN00092045,20090625,TAVG,100,H,,S,
ASN00092045,20090626,TAVG,121,H,,S,
ASN00092045,20090627,TAVG,103,H,,S,
ASN00092045,20090628,TAVG,111,H,,S,
ASN00092045,20090629,TAVG,132,H,,S,
ASN00092045,20090630,TAVG,131,H,,S,
ASN00092045,20090701,TMAX,135,,,a,
ASN00092045,20090702,TMAX,119,,,a,
ASN00092045,20090703,TMAX,131,,,a,
ASN00092045,20090704,TMAX,143,,,a,
ASN00092045,20090705,TMAX,130,,,a,
ASN00092045,20090706,TMAX,122,,,a,
ASN00092045,20090707,TMAX,123,,,a,
ASN00092045,20090708,TMAX,146,,,a,
ASN00092045,20090709,TMAX,157,,,a,
ASN00092045,20090710,TMAX,161,,,a,
ASN00092045,20090711,TMAX,134,,,a,
ASN00092045,20090712,TMAX,142,,,a,
ASN00092045,20090713,TMAX,142,,,a,
ASN00092045,20090714,TMAX,139,,,a,
ASN00092045,20090715,TMAX,121,,,a,
ASN00092045,20090716,TMAX,113,,,a,
ASN00092045,20090717,TMAX,132,,,a,
ASN00092045,20090718,TMAX,139,,,a,
ASN00092045,20090719,TMAX,150,,,a,
ASN00092045,20090720,TMAX,154,,,a,
ASN00092045,20090721,TMAX,146,,,a,
ASN00092045,20090722,TMAX,137,,,a,
ASN00092045,20090723,TMAX,133,,,a,
ASN00092045,20090724,TMAX,129,,,a,
ASN00092045,20090725,TMAX,146,,,a,
ASN00092045,20090726,TMAX,130,,,a,
ASN00092045,20090727,TMAX,138,,,a,
ASN00092045,20090728,TMAX,143,,,a,
ASN00092045,20090729,TMAX,146,,,a,
ASN00092045,20090730,TMAX,144,,,a,
ASN00092045,20090731,TMAX,135,,,a,
ASN00092045,20090701,TMIN,87,,,a,
ASN00092045,20090702,TMIN,68,,,a,
ASN00092045,20090703,TMIN,42,,,a,
ASN00092045,20090704,TMIN,64,,,a,
ASN00092045,20090705,TMIN,34,,,a,
ASN00092045,20090706,TMIN,50,,,a,
ASN00092045,20090707,TMIN,27,,,a,
ASN00092045,20090708,TMIN,58,,,a,
ASN00092045,20090709,TMIN,88,,,a,
ASN00092045,20090710,TMIN,71,,,a,
ASN00092045,20090711,TMIN,99,,,a,
ASN00092045,20090712,TMIN,109,,,a,
ASN00092045,20090713,TMIN,85,,,a,
ASN00092045,20090714,TMIN,58,,,a,
ASN00092045,20090715,TMIN,64,,,a,
ASN00092045,20090716,TMIN,85,,,a,
ASN00092045,20090717,TMIN,45,,,a,
ASN00092045,20090718,TMIN,42,,,a,
ASN00092045,20090719,TMIN,72,,,a,
ASN00092045,20090720,TMIN,119,,,a,
ASN00092045,20090721,TMIN,78,,,a,
ASN00092045,20090722,TMIN,88,,,a,
ASN00092045,20090723,TMIN,70,,,a,
ASN00092045,20090724,TMIN,49,,,a,
ASN00092045,20090725,TMIN,71,,,a,
ASN00092045,20090726,TMIN,99,,,a,
ASN00092045,20090727,TMIN,78,,,a,
ASN00092045,20090728,TMIN,67,,,a,
ASN00092045,20090729,TMIN,94,,,a,
ASN00092045,20090730,TMIN,91,,,a,
ASN00092045,20090731,TMIN,50,,,a,
ASN00092045,20090701,PRCP,86,,,a,
ASN00092045,20090702,PRCP,64,,,a,
ASN00092045,20090703,PRCP,0,,,a,
ASN00092045,20090704,PRCP,2,,,a,
ASN00092045,20090705,PRCP,16,,,a,
ASN00092045,20090706,PRCP,0,,,a,
ASN00092045,20090707,PRCP,0,,,a,
ASN00092045,20090708,PRCP,0,,,a,
ASN00092045,20090709,PRCP,0,,,a,
ASN00092045,20090710,PRCP,2,,,a,
ASN00092045,20090711,PRCP,2,,,a,
ASN00092045,20090712,PRCP,78,,,a,
ASN00092045,20090713,PRCP,190,,,a,
ASN00092045,20090714,PRCP,0,,,a,
ASN00092045,20090715,PRCP,0,,,a,
ASN00092045,20090716,PRCP,166,,,a,
ASN00092045,20090717,PRCP,0,,,a,
ASN00092045,20090718,PRCP,0,,,a,
ASN00092045,20090719,PRCP,22,,,a,
ASN00092045,20090720,PRCP,8,,,a,
ASN00092045,20090721,PRCP,42,,,a,
ASN00092045,20090722,PRCP,32,,,a,
ASN00092045,20090723,PRCP,16,,,a,
ASN00092045,20090724,PRCP,0,,,a,
ASN00092045,20090725,PRCP,6,,,a,
ASN00092045,20090726,PRCP,2,,,a,
ASN00092045,20090727,PRCP,24,,,a,
ASN00092045,20090728,PRCP,0,,,a,
ASN00092045,20090729,PRCP,0,,,a,
ASN00092045,20090730,PRCP,0,,,a,
ASN00092045,20090731,PRCP,0,,,a,
ASN00092045,20090701,TAVG,87,H,,S,
ASN00092045,20090702,TAVG,82,H,,S,
ASN00092045,20090703,TAVG,92,H,,S,
ASN00092045,20090704,TAVG,72,H,,S,
ASN00092045,20090705,TAVG,79,H,,S,
ASN00092045,20090706,TAVG,76,H,,S,
ASN00092045,20090707,TAVG,85,H,,S,
ASN00092045,20090708,TAVG,109,H,,S,
ASN00092045,20090709,TAVG,104,H,,S,
ASN00092045,20090710,TAVG,131,H,,S,
ASN00092045,20090711,TAVG,121,H,,S,
ASN00092045,20090712,TAVG,104,H,,S,
ASN00092045,20090713,TAVG,92,H,,S,
ASN00092045,20090714,TAVG,90,H,,S,
ASN00092045,20090715,TAVG,96,H,,S,
ASN00092045,20090716,TAVG,84,H,,S,
ASN00092045,20090717,TAVG,75,H,,S,
ASN00092045,20090718,TAVG,109,H,,S,
ASN00092045,20090719,TAVG,130,H,,S,
ASN00092045,20090720,TAVG,113,H,,S,
ASN00092045,20090721,TAVG,122,H,,S,
ASN00092045,20090722,TAVG,100,H,,S,
ASN00092045,20090723,TAVG,87,H,,S,
ASN00092045,20090724,TAVG,106,H,,S,
ASN00092045,20090725,TAVG,118,H,,S,
ASN00092045,20090726,TAVG,102,H,,S,
ASN00092045,20090727,TAVG,94,H,,S,
ASN00092045,20090728,TAVG,119,H,,S,
ASN00092045,20090729,TAVG,112,H,,S,
ASN00092045,20090730,TAVG,96,H,,S,
ASN00092045,20090731,TAVG,108,H,,S,
ASN00092045,20090801,TMAX,156,,,a,
ASN00092045,20090802,TMAX,142,,,a,
ASN00092045,20090803,TMAX,130,,,a,
ASN00092045,20090804,TMAX,143,,,a,
ASN00092045,20090805,TMAX,144,,,a,
ASN00092045,20090806,TMAX,165,,,a,
ASN00092045,20090807,TMAX,153,,,a,
ASN00092045,20090808,TMAX,145,,,a,
ASN00092045,20090809,TMAX,160,,,a,
ASN00092045,20090810,TMAX,153,,,a,
ASN00092045,20090811,TMAX,143,,,a,
ASN00092045,20090812,TMAX,128,,,a,
ASN00092045,20090813,TMAX,158,,,a,
ASN00092045,20090814,TMAX,182,,,a,
ASN00092045,20090815,TMAX,167,,,a,
ASN00092045,20090816,TMAX,153,,,a,
ASN00092045,20090817,TMAX,147,,,a,
ASN00092045,20090818,TMAX,161,,,a,
ASN00092045,20090819,TMAX,162,,,a,
ASN00092045,20090820,TMAX,150,,,a,
ASN00092045,20090821,TMAX,124,,,a,
ASN00092045,20090822,TMAX,146,,,a,
ASN00092045,20090823,TMAX,155,,,a,
ASN00092045,20090824,TMAX,126,,,a,
ASN00092045,20090825,TMAX,135,,,a,
ASN00092045,20090826,TMAX,124,,,a,
ASN00092045,20090827,TMAX,143,,,a,
ASN00092045,20090828,TMAX,152,,,a,
ASN00092045,20090829,TMAX,121,,,a,
ASN00092045,20090830,TMAX,128,,,a,
ASN00092045,20090831,TMAX,151,,,a,
ASN00092045,20090801,TMIN,77,,,a,
ASN00092045,20090802,TMIN,69,,,a,
ASN00092045,20090803,TMIN,64,,,a,
ASN00092045,20090804,TMIN,79,,,a,
ASN00092045,20090805,TMIN,52,,,a,
ASN00092045,20090806,TMIN,94,,,a,
ASN00092045,20090807,TMIN,108,,,a,
ASN00092045,20090808,TMIN,51,,,a,
ASN00092045,20090809,TMIN,98,,,a,
ASN00092045,20090810,TMIN,90,,,a,
ASN00092045,20090811,TMIN,99,,,a,
ASN00092045,20090812,TMIN,113,,,a,
ASN00092045,20090813,TMIN,111,,,a,
ASN00092045,20090814,TMIN,77,,,a,
ASN00092045,20090815,TMIN,94,,,a,
ASN00092045,20090816,TMIN,103,,,a,
ASN00092045,20090817,TMIN,80,,,a,
ASN00092045,20090818,TMIN,98,,,a,
ASN00092045,20090819,TMIN,100,,,a,
ASN00092045,20090820,TMIN,100,,,a,
ASN00092045,20090821,TMIN,105,,,a,
ASN00092045,20090822,TMIN,68,,,a,
ASN00092045,20090823,TMIN,106,,,a,
ASN00092045,20090824,TMIN,70,,,a,
ASN00092045,20090825,TMIN,65,,,a,
ASN00092045,20090826,TMIN,56,,,a,
ASN00092045,20090827,TMIN,82,,,a,
ASN00092045,20090828,TMIN,75,,,a,
ASN00092045,20090829,TMIN,85,,,a,
ASN00092045,20090831,TMIN,83,,,a,
ASN00092045,20090801,PRCP,0,,,a,
ASN00092045,20090802,PRCP,0,,,a,
ASN00092045,20090803,PRCP,44,,,a,
ASN00092045,20090804,PRCP,64,,,a,
ASN00092045,20090805,PRCP,0,,,a,
ASN00092045,20090806,PRCP,0,,,a,
ASN00092045,20090807,PRCP,90,,,a,
ASN00092045,20090808,PRCP,0,,,a,
ASN00092045,20090809,PRCP,0,,,a,
ASN00092045,20090810,PRCP,6,,,a,
ASN00092045,20090811,PRCP,8,,,a,
ASN00092045,20090812,PRCP,38,,,a,
ASN00092045,20090813,PRCP,150,,,a,
ASN00092045,20090814,PRCP,18,,,a,
ASN00092045,20090815,PRCP,0,,,a,
ASN00092045,20090816,PRCP,0,,,a,
ASN00092045,20090817,PRCP,88,,,a,
ASN00092045,20090818,PRCP,0,,,a,
ASN00092045,20090819,PRCP,0,,,a,
ASN00092045,20090820,PRCP,2,,,a,
ASN00092045,20090821,PRCP,44,,,a,
ASN00092045,20090822,PRCP,118,,,a,
ASN00092045,20090823,PRCP,0,,,a,
ASN00092045,20090824,PRCP,44,,,a,
ASN00092045,20090825,PRCP,86,,,a,
ASN00092045,20090826,PRCP,302,,,a,
ASN00092045,20090827,PRCP,94,,,a,
ASN00092045,20090828,PRCP,82,,,a,
ASN00092045,20090829,PRCP,136,,,a,
ASN00092045,20090830,PRCP,50,,,a,
ASN00092045,20090831,PRCP,6,,,a,
ASN00092045,20090801,TAVG,107,H,,S,
ASN00092045,20090802,TAVG,109,H,,S,
ASN00092045,20090803,TAVG,106,H,,S,
ASN00092045,20090804,TAVG,90,H,,S,
ASN00092045,20090805,TAVG,119,H,,S,
ASN00092045,20090806,TAVG,133,H,,S,
ASN00092045,20090807,TAVG,101,H,,S,
ASN00092045,20090808,TAVG,113,H,,S,
ASN00092045,20090809,TAVG,116,H,,S,
ASN00092045,20090810,TAVG,119,H,,S,
ASN00092045,20090811,TAVG,123,H,,S,
ASN00092045,20090812,TAVG,120,H,,S,
ASN00092045,20090813,TAVG,113,H,,S,
ASN00092045,20090814,TAVG,126,H,,S,
ASN00092045,20090815,TAVG,129,H,,S,
ASN00092045,20090816,TAVG,108,H,,S,
ASN00092045,20090817,TAVG,116,H,,S,
ASN00092045,20090818,TAVG,124,H,,S,
ASN00092045,20090819,TAVG,127,H,,S,
ASN00092045,20090820,TAVG,119,H,,S,
ASN00092045,20090821,TAVG,89,H,,S,
ASN00092045,20090822,TAVG,118,H,,S,
ASN00092045,20090823,TAVG,126,H,,S,
ASN00092045,20090824,TAVG,89,H,,S,
ASN00092045,20090825,TAVG,87,H,,S,
ASN00092045,20090826,TAVG,99,H,,S,
ASN00092045,20090827,TAVG,111,H,,S,
ASN00092045,20090828,TAVG,110,H,,S,
ASN00092045,20090829,TAVG,88,H,,S,
ASN00092045,20090830,TAVG,107,H,,S,
ASN00092045,20090831,TAVG,99,H,,S,
ASN00092045,20090901,TMAX,146,,,a,
ASN00092045,20090902,TMAX,159,,,a,
ASN00092045,20090903,TMAX,158,,,a,
ASN00092045,20090904,TMAX,151,,,a,
ASN00092045,20090905,TMAX,139,,,a,
ASN00092045,20090906,TMAX,155,,,a,
ASN00092045,20090907,TMAX,145,,,a,
ASN00092045,20090908,TMAX,135,,,a,
ASN00092045,20090909,TMAX,142,,,a,
ASN00092045,20090910,TMAX,167,,,a,
ASN00092045,20090911,TMAX,160,,,a,
ASN00092045,20090912,TMAX,212,,,a,
ASN00092045,20090913,TMAX,180,,,a,
ASN00092045,20090914,TMAX,155,,,a,
ASN00092045,20090915,TMAX,149,,,a,
ASN00092045,20090916,TMAX,172,,,a,
ASN00092045,20090917,TMAX,138,,,a,
ASN00092045,20090918,TMAX,175,,,a,
ASN00092045,20090919,TMAX,172,,,a,
ASN00092045,20090920,TMAX,151,,,a,
ASN00092045,20090921,TMAX,158,,,a,
ASN00092045,20090922,TMAX,143,,,a,
ASN00092045,20090923,TMAX,162,,,a,
ASN00092045,20090924,TMAX,145,,,a,
ASN00092045,20090925,TMAX,153,,,a,
ASN00092045,20090926,TMAX,150,,,a,
ASN00092045,20090927,TMAX,158,,,a,
ASN00092045,20090928,TMAX,176,,,a,
ASN00092045,20090929,TMAX,172,,,a,
ASN00092045,20090930,TMAX,193,,,a,
ASN00092045,20090901,TMIN,69,,,a,
ASN00092045,20090902,TMIN,54,,,a,
ASN00092045,20090903,TMIN,110,,,a,
ASN00092045,20090904,TMIN,92,,,a,
ASN00092045,20090905,TMIN,67,,,a,
ASN00092045,20090906,TMIN,79,,,a,
ASN00092045,20090907,TMIN,94,,,a,
ASN00092045,20090908,TMIN,88,,,a,
ASN00092045,20090909,TMIN,105,,,a,
ASN00092045,20090910,TMIN,87,,,a,
ASN00092045,20090911,TMIN,92,,,a,
ASN00092045,20090912,TMIN,119,,,a,
ASN00092045,20090913,TMIN,132,,,a,
ASN00092045,20090914,TMIN,81,,,a,
ASN00092045,20090915,TMIN,74,,,a,
ASN00092045,20090916,TMIN,92,,,a,
ASN00092045,20090917,TMIN,115,,,a,
ASN00092045,20090918,TMIN,104,,,a,
ASN00092045,20090919,TMIN,90,,,a,
ASN00092045,20090920,TMIN,78,,,a,
ASN00092045,20090921,TMIN,72,,,a,
ASN00092045,20090922,TMIN,88,,,a,
ASN00092045,20090923,TMIN,96,,,a,
ASN00092045,20090924,TMIN,71,,,a,
ASN00092045,20090925,TMIN,80,,,a,
ASN00092045,20090926,TMIN,79,,,a,
ASN00092045,20090927,TMIN,64,,,a,
ASN00092045,20090928,TMIN,94,,,a,
ASN00092045,20090929,TMIN,84,,,a,
ASN00092045,20090930,TMIN,87,,,a,
ASN00092045,20090901,PRCP,0,,,a,
ASN00092045,20090902,PRCP,0,,,a,
ASN00092045,20090903,PRCP,0,,,a,
ASN00092045,20090904,PRCP,84,,,a,
ASN00092045,20090905,PRCP,44,,,a,
ASN00092045,20090906,PRCP,6,,,a,
ASN00092045,20090907,PRCP,22,,,a,
ASN00092045,20090908,PRCP,2,,,a,
ASN00092045,20090909,PRCP,140,,,a,
ASN00092045,20090910,PRCP,2,,,a,
ASN00092045,20090911,PRCP,2,,,a,
ASN00092045,20090912,PRCP,0,,,a,
ASN00092045,20090913,PRCP,8,,,a,
ASN00092045,20090914,PRCP,12,,,a,
ASN00092045,20090915,PRCP,0,,,a,
ASN00092045,20090916,PRCP,0,,,a,
ASN00092045,20090917,PRCP,14,,,a,
ASN00092045,20090918,PRCP,92,,,a,
ASN00092045,20090919,PRCP,0,,,a,
ASN00092045,20090920,PRCP,0,,,a,
ASN00092045,20090921,PRCP,2,,,a,
ASN00092045,20090922,PRCP,102,,,a,
ASN00092045,20090923,PRCP,858,,,a,
ASN00092045,20090924,PRCP,42,,,a,
ASN00092045,20090925,PRCP,14,,,a,
ASN00092045,20090926,PRCP,98,,,a,
ASN00092045,20090927,PRCP,22,,,a,
ASN00092045,20090928,PRCP,16,,,a,
ASN00092045,20090929,PRCP,2,,,a,
ASN00092045,20090930,PRCP,0,,,a,
ASN00092045,20090901,TAVG,99,H,,S,
ASN00092045,20090902,TAVG,129,H,,S,
ASN00092045,20090903,TAVG,118,H,,S,
ASN00092045,20090904,TAVG,97,H,,S,
ASN00092045,20090905,TAVG,105,H,,S,
ASN00092045,20090906,TAVG,117,H,,S,
ASN00092045,20090907,TAVG,111,H,,S,
ASN00092045,20090908,TAVG,115,H,,S,
ASN00092045,20090909,TAVG,114,H,,S,
ASN00092045,20090910,TAVG,119,H,,S,
ASN00092045,20090911,TAVG,132,H,,S,
ASN00092045,20090912,TAVG,154,H,,S,
ASN00092045,20090913,TAVG,121,H,,S,
ASN00092045,20090914,TAVG,109,H,,S,
ASN00092045,20090915,TAVG,117,H,,S,
ASN00092045,20090916,TAVG,133,H,,S,
ASN00092045,20090917,TAVG,118,H,,S,
ASN00092045,20090918,TAVG,121,H,,S,
ASN00092045,20090919,TAVG,119,H,,S,
ASN00092045,20090920,TAVG,109,H,,S,
ASN00092045,20090921,TAVG,119,H,,S,
ASN00092045,20090922,TAVG,110,H,,S,
ASN00092045,20090923,TAVG,105,H,,S,
ASN00092045,20090924,TAVG,114,H,,S,
ASN00092045,20090925,TAVG,109,H,,S,
ASN00092045,20090926,TAVG,101,H,,S,
ASN00092045,20090927,TAVG,123,H,,S,
ASN00092045,20090928,TAVG,119,H,,S,
ASN00092045,20090929,TAVG,116,H,,S,
ASN00092045,20090930,TAVG,138,H,,S,
ASN00092045,20091001,TMAX,171,,,a,
ASN00092045,20091002,TMAX,162,,,a,
ASN00092045,20091003,TMAX,142,,,a,
ASN00092045,20091004,TMAX,177,,,a,
ASN00092045,20091005,TMAX,187,,,a,
ASN00092045,20091006,TMAX,115,,,a,
ASN00092045,20091007,TMAX,127,,,a,
ASN00092045,20091008,TMAX,143,,,a,
ASN00092045,20091009,TMAX,129,,,a,
ASN00092045,20091010,TMAX,135,,,a,
ASN00092045,20091011,TMAX,172,,,a,
ASN00092045,20091012,TMAX,179,,,a,
ASN00092045,20091013,TMAX,150,,,a,
ASN00092045,20091014,TMAX,153,,,a,
ASN00092045,20091015,TMAX,152,,,a,
ASN00092045,20091016,TMAX,165,,,a,
ASN00092045,20091017,TMAX,176,,,a,
ASN00092045,20091018,TMAX,175,,,a,
ASN00092045,20091019,TMAX,190,,,a,
ASN00092045,20091020,TMAX,204,,,a,
ASN00092045,20091021,TMAX,191,,,a,
ASN00092045,20091022,TMAX,195,,,a,
ASN00092045,20091023,TMAX,180,,,a,
ASN00092045,20091024,TMAX,179,,,a,
ASN00092045,20091025,TMAX,156,,,a,
ASN00092045,20091026,TMAX,172,,,a,
ASN00092045,20091027,TMAX,193,,,a,
ASN00092045,20091028,TMAX,158,,,a,
ASN00092045,20091029,TMAX,193,,,a,
ASN00092045,20091030,TMAX,209,,,a,
ASN00092045,20091031,TMAX,212,,,a,
ASN00092045,20091001,TMIN,99,,,a,
ASN00092045,20091002,TMIN,42,,,a,
ASN00092045,20091003,TMIN,90,,,a,
ASN00092045,20091004,TMIN,96,,,a,
ASN00092045,20091005,TMIN,84,,,a,
ASN00092045,20091006,TMIN,74,,,a,
ASN00092045,20091007,TMIN,75,,,a,
ASN00092045,20091008,TMIN,76,,,a,
ASN00092045,20091009,TMIN,79,,,a,
ASN00092045,20091010,TMIN,73,,,a,
ASN00092045,20091011,TMIN,78,,,a,
ASN00092045,20091012,TMIN,102,,,a,
ASN00092045,20091013,TMIN,80,,,a,
ASN00092045,20091014,TMIN,96,,,a,
ASN00092045,20091015,TMIN,82,,,a,
ASN00092045,20091016,TMIN,91,,,a,
ASN00092045,20091017,TMIN,90,,,a,
ASN00092045,20091018,TMIN,68,,,a,
ASN00092045,20091019,TMIN,98,,,a,
ASN00092045,20091020,TMIN,99,,,a,
ASN00092045,20091021,TMIN,80,,,a,
ASN00092045,20091022,TMIN,93,,,a,
ASN00092045,20091023,TMIN,91,,,a,
ASN00092045,20091024,TMIN,96,,,a,
ASN00092045,20091025,TMIN,94,,,a,
ASN00092045,20091026,TMIN,87,,,a,
ASN00092045,20091027,TMIN,91,,,a,
ASN00092045,20091028,TMIN,102,,,a,
ASN00092045,20091029,TMIN,117,,,a,
ASN00092045,20091030,TMIN,124,,,a,
ASN00092045,20091031,TMIN,141,,,a,
ASN00092045,20091001,PRCP,0,,,a,
ASN00092045,20091002,PRCP,0,,,a,
ASN00092045,20091003,PRCP,0,,,a,
ASN00092045,20091004,PRCP,0,,,a,
ASN00092045,20091005,PRCP,0,,,a,
ASN00092045,20091006,PRCP,70,,,a,
ASN00092045,20091007,PRCP,34,,,a,
ASN00092045,20091008,PRCP,32,,,a,
ASN00092045,20091009,PRCP,14,,,a,
ASN00092045,20091010,PRCP,0,,,a,
ASN00092045,20091011,PRCP,2,,,a,
ASN00092045,20091012,PRCP,0,,,a,
ASN00092045,20091013,PRCP,94,,,a,
ASN00092045,20091014,PRCP,90,,,a,
ASN00092045,20091015,PRCP,158,,,a,
ASN00092045,20091016,PRCP,4,,,a,
ASN00092045,20091017,PRCP,30,,,a,
ASN00092045,20091018,PRCP,2,,,a,
ASN00092045,20091019,PRCP,0,,,a,
ASN00092045,20091020,PRCP,0,,,a,
ASN00092045,20091021,PRCP,0,,,a,
ASN00092045,20091022,PRCP,0,,,a,
ASN00092045,20091023,PRCP,0,,,a,
ASN00092045,20091024,PRCP,0,,,a,
ASN00092045,20091025,PRCP,36,,,a,
ASN00092045,20091026,PRCP,12,,,a,
ASN00092045,20091027,PRCP,2,,,a,
ASN00092045,20091028,PRCP,0,,,a,
ASN00092045,20091029,PRCP,0,,,a,
ASN00092045,20091030,PRCP,0,,,a,
ASN00092045,20091031,PRCP,0,,,a,
ASN00092045,20091001,TAVG,104,H,,S,
ASN00092045,20091002,TAVG,114,H,,S,
ASN00092045,20091003,TAVG,110,H,,S,
ASN00092045,20091004,TAVG,127,H,,S,
ASN00092045,20091005,TAVG,118,H,,S,
ASN00092045,20091006,TAVG,93,H,,S,
ASN00092045,20091007,TAVG,97,H,,S,
ASN00092045,20091008,TAVG,106,H,,S,
ASN00092045,20091009,TAVG,99,H,,S,
ASN00092045,20091010,TAVG,105,H,,S,
ASN00092045,20091011,TAVG,129,H,,S,
ASN00092045,20091012,TAVG,122,H,,S,
ASN00092045,20091013,TAVG,113,H,,S,
ASN00092045,20091014,TAVG,102,H,,S,
ASN00092045,20091015,TAVG,117,H,,S,
ASN00092045,20091016,TAVG,119,H,,S,
ASN00092045,20091017,TAVG,114,H,,S,
ASN00092045,20091018,TAVG,131,H,,S,
ASN00092045,20091019,TAVG,134,H,,S,
ASN00092045,20091020,TAVG,142,H,,S,
ASN00092045,20091021,TAVG,138,H,,S,
ASN00092045,20091022,TAVG,128,H,,S,
ASN00092045,20091023,TAVG,132,H,,S,
ASN00092045,20091024,TAVG,128,H,,S,
ASN00092045,20091025,TAVG,108,H,,S,
ASN00092045,20091026,TAVG,123,H,,S,
ASN00092045,20091027,TAVG,141,H,,S,
ASN00092045,20091028,TAVG,131,H,,S,
ASN00092045,20091029,TAVG,149,H,,S,
ASN00092045,20091030,TAVG,161,H,,S,
ASN00092045,20091031,TAVG,168,H,,S,
ASN00092045,20091101,TMAX,176,,,a,
ASN00092045,20091102,TMAX,197,,,a,
ASN00092045,20091103,TMAX,171,,,a,
ASN00092045,20091104,TMAX,164,,,a,
ASN00092045,20091105,TMAX,184,,,a,
ASN00092045,20091106,TMAX,202,,,a,
ASN00092045,20091107,TMAX,228,,,a,
ASN00092045,20091108,TMAX,212,,,a,
ASN00092045,20091109,TMAX,300,,,a,
ASN00092045,20091110,TMAX,215,,,a,
ASN00092045,20091111,TMAX,192,,,a,
ASN00092045,20091112,TMAX,196,,,a,
ASN00092045,20091113,TMAX,198,,,a,
ASN00092045,20091114,TMAX,227,,,a,
ASN00092045,20091115,TMAX,201,,,a,
ASN00092045,20091116,TMAX,200,,,a,
ASN00092045,20091117,TMAX,188,,,a,
ASN00092045,20091118,TMAX,213,,,a,
ASN00092045,20091119,TMAX,287,,,a,
ASN00092045,20091120,TMAX,296,,,a,
ASN00092045,20091121,TMAX,153,,,a,
ASN00092045,20091122,TMAX,168,,,a,
ASN00092045,20091123,TMAX,195,,,a,
ASN00092045,20091124,TMAX,194,,,a,
ASN00092045,20091125,TMAX,227,,,a,
ASN00092045,20091126,TMAX,202,,,a,
ASN00092045,20091127,TMAX,146,,,a,
ASN00092045,20091128,TMAX,203,,,a,
ASN00092045,20091129,TMAX,186,,,a,
ASN00092045,20091130,TMAX,145,,,a,
ASN00092045,20091101,TMIN,137,,,a,
ASN00092045,20091102,TMIN,129,,,a,
ASN00092045,20091103,TMIN,131,,,a,
ASN00092045,20091104,TMIN,73,,,a,
ASN00092045,20091105,TMIN,65,,,a,
ASN00092045,20091106,TMIN,94,,,a,
ASN00092045,20091107,TMIN,110,,,a,
ASN00092045,20091108,TMIN,136,,,a,
ASN00092045,20091109,TMIN,128,,,a,
ASN00092045,20091110,TMIN,160,,,a,
ASN00092045,20091111,TMIN,133,,,a,
ASN00092045,20091112,TMIN,137,,,a,
ASN00092045,20091113,TMIN,119,,,a,
ASN00092045,20091114,TMIN,139,,,a,
ASN00092045,20091115,TMIN,125,,,a,
ASN00092045,20091116,TMIN,134,,,a,
ASN00092045,20091117,TMIN,123,,,a,
ASN00092045,20091118,TMIN,123,,,a,
ASN00092045,20091119,TMIN,138,,,a,
ASN00092045,20091120,TMIN,137,,,a,
ASN00092045,20091121,TMIN,123,,,a,
ASN00092045,20091122,TMIN,122,,,a,
ASN00092045,20091123,TMIN,103,,,a,
ASN00092045,20091124,TMIN,106,,,a,
ASN00092045,20091125,TMIN,145,,,a,
ASN00092045,20091126,TMIN,134,,,a,
ASN00092045,20091127,TMIN,144,,,a,
ASN00092045,20091128,TMIN,133,,,a,
ASN00092045,20091129,TMIN,120,,,a,
ASN00092045,20091130,TMIN,116,,,a,
ASN00092045,20091101,PRCP,0,,,a,
ASN00092045,20091102,PRCP,0,,,a,
ASN00092045,20091103,PRCP,82,,,a,
ASN00092045,20091104,PRCP,2,,,a,
ASN00092045,20091105,PRCP,0,,,a,
ASN00092045,20091106,PRCP,0,,,a,
ASN00092045,20091107,PRCP,0,,,a,
ASN00092045,20091108,PRCP,0,,,a,
ASN00092045,20091109,PRCP,0,,,a,
ASN00092045,20091110,PRCP,0,,,a,
ASN00092045,20091111,PRCP,0,,,a,
ASN00092045,20091112,PRCP,0,,,a,
ASN00092045,20091113,PRCP,0,,,a,
ASN00092045,20091114,PRCP,0,,,a,
ASN00092045,20091115,PRCP,0,,,a,
ASN00092045,20091116,PRCP,0,,,a,
ASN00092045,20091117,PRCP,250,,,a,
ASN00092045,20091118,PRCP,2,,,a,
ASN00092045,20091119,PRCP,0,,,a,
ASN00092045,20091120,PRCP,0,,,a,
ASN00092045,20091121,PRCP,38,,,a,
ASN00092045,20091122,PRCP,92,,,a,
ASN00092045,20091123,PRCP,176,,,a,
ASN00092045,20091124,PRCP,2,,,a,
ASN00092045,20091125,PRCP,0,,,a,
ASN00092045,20091126,PRCP,0,,,a,
ASN00092045,20091127,PRCP,112,,,a,
ASN00092045,20091128,PRCP,88,,,a,
ASN00092045,20091129,PRCP,90,,,a,
ASN00092045,20091130,PRCP,60,,,a,
ASN00092045,20091101,TAVG,139,H,,S,
ASN00092045,20091102,TAVG,152,H,,S,
ASN00092045,20091103,TAVG,128,H,,S,
ASN00092045,20091104,TAVG,117,H,,S,
ASN00092045,20091105,TAVG,134,H,,S,
ASN00092045,20091106,TAVG,143,H,,S,
ASN00092045,20091107,TAVG,167,H,,S,
ASN00092045,20091108,TAVG,162,H,,S,
ASN00092045,20091109,TAVG,209,H,,S,
ASN00092045,20091110,TAVG,156,H,,S,
ASN00092045,20091111,TAVG,155,H,,S,
ASN00092045,20091112,TAVG,149,H,,S,
ASN00092045,20091113,TAVG,163,H,,S,
ASN00092045,20091114,TAVG,146,H,,S,
ASN00092045,20091115,TAVG,154,H,,S,
ASN00092045,20091116,TAVG,145,H,,S,
ASN00092045,20091117,TAVG,152,H,,S,
ASN00092045,20091118,TAVG,166,H,,S,
ASN00092045,20091119,TAVG,192,H,,S,
ASN00092045,20091120,TAVG,168,H,,S,
ASN00092045,20091121,TAVG,142,H,,S,
ASN00092045,20091122,TAVG,136,H,,S,
ASN00092045,20091123,TAVG,150,H,,S,
ASN00092045,20091124,TAVG,166,H,,S,
ASN00092045,20091125,TAVG,175,H,,S,
ASN00092045,20091126,TAVG,166,H,,S,
ASN00092045,20091127,TAVG,140,H,,S,
ASN00092045,20091128,TAVG,141,H,,S,
ASN00092045,20091129,TAVG,131,H,,S,
ASN00092045,20091130,TAVG,122,H,,S,
ASN00092045,20091201,TMAX,170,,,a,
ASN00092045,20091202,TMAX,208,,,a,
ASN00092045,20091203,TMAX,206,,,a,
ASN00092045,20091204,TMAX,205,,,a,
ASN00092045,20091205,TMAX,215,,,a,
ASN00092045,20091206,TMAX,203,,,a,
ASN00092045,20091207,TMAX,202,,,a,
ASN00092045,20091208,TMAX,183,,,a,
ASN00092045,20091209,TMAX,200,,,a,
ASN00092045,20091210,TMAX,205,,,a,
ASN00092045,20091211,TMAX,194,,,a,
ASN00092045,20091212,TMAX,220,,,a,
ASN00092045,20091213,TMAX,209,,,a,
ASN00092045,20091214,TMAX,206,,,a,
ASN00092045,20091215,TMAX,239,,,a,
ASN00092045,20091216,TMAX,233,,,a,
ASN00092045,20091217,TMAX,193,,,a,
ASN00092045,20091218,TMAX,182,,,a,
ASN00092045,20091219,TMAX,211,,,a,
ASN00092045,20091220,TMAX,230,,,a,
ASN00092045,20091221,TMAX,230,,,a,
ASN00092045,20091222,TMAX,227,,,a,
ASN00092045,20091223,TMAX,238,,,a,
ASN00092045,20091224,TMAX,239,,,a,
ASN00092045,20091225,TMAX,222,,,a,
ASN00092045,20091226,TMAX,235,,,a,
ASN00092045,20091227,TMAX,223,,,a,
ASN00092045,20091228,TMAX,247,,,a,
ASN00092045,20091229,TMAX,271,,,a,
ASN00092045,20091230,TMAX,248,,,a,
ASN00092045,20091231,TMAX,258,,,a,
ASN00092045,20091201,TMIN,105,,,a,
ASN00092045,20091202,TMIN,119,,,a,
ASN00092045,20091203,TMIN,134,,,a,
ASN00092045,20091204,TMIN,94,,,a,
ASN00092045,20091205,TMIN,119,,,a,
ASN00092045,20091206,TMIN,106,,,a,
ASN00092045,20091207,TMIN,123,,,a,
ASN00092045,20091208,TMIN,111,,,a,
ASN00092045,20091209,TMIN,78,,,a,
ASN00092045,20091210,TMIN,133,,,a,
ASN00092045,20091211,TMIN,98,,,a,
ASN00092045,20091212,TMIN,132,,,a,
ASN00092045,20091213,TMIN,135,,,a,
ASN00092045,20091214,TMIN,135,,,a,
ASN00092045,20091215,TMIN,120,,,a,
ASN00092045,20091216,TMIN,141,,,a,
ASN00092045,20091217,TMIN,163,,,a,
ASN00092045,20091218,TMIN,78,,,a,
ASN00092045,20091219,TMIN,119,,,a,
ASN00092045,20091220,TMIN,134,,,a,
ASN00092045,20091221,TMIN,101,,,a,
ASN00092045,20091222,TMIN,126,,,a,
ASN00092045,20091223,TMIN,130,,,a,
ASN00092045,20091224,TMIN,165,,,a,
ASN00092045,20091225,TMIN,105,,,a,
ASN00092045,20091226,TMIN,127,,,a,
ASN00092045,20091227,TMIN,127,,,a,
ASN00092045,20091228,TMIN,141,,,a,
ASN00092045,20091229,TMIN,125,,,a,
ASN00092045,20091230,TMIN,157,,,a,
ASN00092045,20091231,TMIN,159,,,a,
ASN00092045,20091201,PRCP,10,,,a,
ASN00092045,20091202,PRCP,4,,,a,
ASN00092045,20091203,PRCP,0,,,a,
ASN00092045,20091204,PRCP,24,,,a,
ASN00092045,20091205,PRCP,2,,,a,
ASN00092045,20091206,PRCP,0,,,a,
ASN00092045,20091207,PRCP,0,,,a,
ASN00092045,20091208,PRCP,8,,,a,
ASN00092045,20091209,PRCP,0,,,a,
ASN00092045,20091210,PRCP,0,,,a,
ASN00092045,20091211,PRCP,16,,,a,
ASN00092045,20091212,PRCP,6,,,a,
ASN00092045,20091213,PRCP,2,,,a,
ASN00092045,20091214,PRCP,0,,,a,
ASN00092045,20091215,PRCP,0,,,a,
ASN00092045,20091216,PRCP,0,,,a,
ASN00092045,20091217,PRCP,0,,,a,
ASN00092045,20091218,PRCP,154,,,a,
ASN00092045,20091219,PRCP,0,,,a,
ASN00092045,20091220,PRCP,2,,,a,
ASN00092045,20091221,PRCP,0,,,a,
ASN00092045,20091222,PRCP,0,,,a,
ASN00092045,20091223,PRCP,0,,,a,
ASN00092045,20091224,PRCP,0,,,a,
ASN00092045,20091225,PRCP,6,,,a,
ASN00092045,20091226,PRCP,0,,,a,
ASN00092045,20091227,PRCP,0,,,a,
ASN00092045,20091228,PRCP,0,,,a,
ASN00092045,20091229,PRCP,0,,,a,
ASN00092045,20091230,PRCP,0,,,a,
ASN00092045,20091231,PRCP,0,,,a,
ASN00092045,20091201,TAVG,142,H,,S,
ASN00092045,20091202,TAVG,159,H,,S,
ASN00092045,20091203,TAVG,147,H,,S,
ASN00092045,20091204,TAVG,149,H,,S,
ASN00092045,20091205,TAVG,156,H,,S,
ASN00092045,20091206,TAVG,157,H,,S,
ASN00092045,20091207,TAVG,146,H,,S,
ASN00092045,20091208,TAVG,132,H,,S,
ASN00092045,20091209,TAVG,160,H,,S,
ASN00092045,20091210,TAVG,146,H,,S,
ASN00092045,20091211,TAVG,155,H,,S,
ASN00092045,20091212,TAVG,168,H,,S,
ASN00092045,20091213,TAVG,159,H,,S,
ASN00092045,20091214,TAVG,157,H,,S,
ASN00092045,20091215,TAVG,178,H,,S,
ASN00092045,20091216,TAVG,192,H,,S,
ASN00092045,20091217,TAVG,132,H,,S,
ASN00092045,20091218,TAVG,151,H,,S,
ASN00092045,20091219,TAVG,156,H,,S,
ASN00092045,20091220,TAVG,148,H,,S,
ASN00092045,20091221,TAVG,166,H,,S,
ASN00092045,20091222,TAVG,167,H,,S,
ASN00092045,20091223,TAVG,189,H,,S,
ASN00092045,20091224,TAVG,164,H,,S,
ASN00092045,20091225,TAVG,168,H,,S,
ASN00092045,20091226,TAVG,171,H,,S,
ASN00092045,20091227,TAVG,174,H,,S,
ASN00092045,20091228,TAVG,185,H,,S,
ASN00092045,20091229,TAVG,189,H,,S,
ASN00092045,20091230,TAVG,193,H,,S,
ASN00092045,20091231,TAVG,216,H,,S,
ASN00092045,20100101,TMAX,259,,,a,
ASN00092045,20100102,TMAX,221,,,a,
ASN00092045,20100103,TMAX,236,,,a,
ASN00092045,20100104,TMAX,214,,,a,
ASN00092045,20100105,TMAX,252,,,a,
ASN00092045,20100106,TMAX,237,,,a,
ASN00092045,20100107,TMAX,214,,,a,
ASN00092045,20100108,TMAX,247,,,a,
ASN00092045,20100109,TMAX,318,,,a,
ASN00092045,20100110,TMAX,242,,,a,
ASN00092045,20100111,TMAX,255,,,a,
ASN00092045,20100112,TMAX,309,,,a,
ASN00092045,20100113,TMAX,239,,,a,
ASN00092045,20100114,TMAX,254,,,a,
ASN00092045,20100115,TMAX,263,,,a,
ASN00092045,20100116,TMAX,216,,,a,
ASN00092045,20100117,TMAX,223,,,a,
ASN00092045,20100118,TMAX,193,,,a,
ASN00092045,20100119,TMAX,234,,,a,
ASN00092045,20100120,TMAX,239,,,a,
ASN00092045,20100121,TMAX,233,,,a,
ASN00092045,20100122,TMAX,236,,,a,
ASN00092045,20100123,TMAX,236,,,a,
ASN00092045,20100124,TMAX,239,,,a,
ASN00092045,20100125,TMAX,232,,,a,
ASN00092045,20100126,TMAX,253,,,a,
ASN00092045,20100127,TMAX,228,,,a,
ASN00092045,20100128,TMAX,249,,,a,
ASN00092045,20100129,TMAX,243,,,a,
ASN00092045,20100130,TMAX,255,,,a,
ASN00092045,20100131,TMAX,250,,,a,
ASN00092045,20100101,TMIN,184,,,a,
ASN00092045,20100102,TMIN,149,,,a,
ASN00092045,20100103,TMIN,95,,,a,
ASN00092045,20100104,TMIN,112,,,a,
ASN00092045,20100105,TMIN,144,,,a,
ASN00092045,20100106,TMIN,119,,,a,
ASN00092045,20100107,TMIN,131,,,a,
ASN00092045,20100108,TMIN,137,,,a,
ASN00092045,20100109,TMIN,169,,,a,
ASN00092045,20100110,TMIN,160,,,a,
ASN00092045,20100111,TMIN,151,,,a,
ASN00092045,20100112,TMIN,183,,,a,
ASN00092045,20100113,TMIN,143,,,a,
ASN00092045,20100114,TMIN,149,,,a,
ASN00092045,20100115,TMIN,120,,,a,
ASN00092045,20100116,TMIN,172,,,a,
ASN00092045,20100117,TMIN,137,,,a,
ASN00092045,20100118,TMIN,101,,,a,
ASN00092045,20100119,TMIN,95,,,a,
ASN00092045,20100120,TMIN,103,,,a,
ASN00092045,20100121,TMIN,148,,,a,
ASN00092045,20100122,TMIN,130,,,a,
ASN00092045,20100123,TMIN,160,,,a,
ASN00092045,20100124,TMIN,158,,,a,
ASN00092045,20100125,TMIN,131,,,a,
ASN00092045,20100126,TMIN,148,,,a,
ASN00092045,20100127,TMIN,158,,,a,
ASN00092045,20100128,TMIN,150,,,a,
ASN00092045,20100129,TMIN,139,,,a,
ASN00092045,20100130,TMIN,151,,,a,
ASN00092045,20100131,TMIN,169,,,a,
ASN00092045,20100101,PRCP,2,,,a,
ASN00092045,20100102,PRCP,36,,,a,
ASN00092045,20100103,PRCP,2,,,a,
ASN00092045,20100104,PRCP,0,,,a,
ASN00092045,20100105,PRCP,0,,,a,
ASN00092045,20100106,PRCP,0,,,a,
ASN00092045,20100107,PRCP,0,,,a,
ASN00092045,20100108,PRCP,0,,,a,
ASN00092045,20100109,PRCP,0,,,a,
ASN00092045,20100110,PRCP,0,,,a,
ASN00092045,20100111,PRCP,0,,,a,
ASN00092045,20100112,PRCP,0,,,a,
ASN00092045,20100113,PRCP,0,,,a,
ASN00092045,20100114,PRCP,6,,,a,
ASN00092045,20100115,PRCP,0,,,a,
ASN00092045,20100116,PRCP,0,,,a,
ASN00092045,20100117,PRCP,0,,,a,
ASN00092045,20100118,PRCP,134,,,a,
ASN00092045,20100119,PRCP,2,,,a,
ASN00092045,20100120,PRCP,0,,,a,
ASN00092045,20100121,PRCP,0,,,a,
ASN00092045,20100122,PRCP,0,,,a,
ASN00092045,20100123,PRCP,0,,,a,
ASN00092045,20100124,PRCP,0,,,a,
ASN00092045,20100125,PRCP,0,,,a,
ASN00092045,20100126,PRCP,0,,,a,
ASN00092045,20100127,PRCP,0,,,a,
ASN00092045,20100128,PRCP,0,,,a,
ASN00092045,20100129,PRCP,0,,,a,
ASN00092045,20100130,PRCP,0,,,a,
ASN00092045,20100131,PRCP,0,,,a,
ASN00092045,20100101,TAVG,185,H,,S,
ASN00092045,20100102,TAVG,156,H,,S,
ASN00092045,20100103,TAVG,168,H,,S,
ASN00092045,20100104,TAVG,169,H,,S,
ASN00092045,20100105,TAVG,179,H,,S,
ASN00092045,20100106,TAVG,177,H,,S,
ASN00092045,20100107,TAVG,173,H,,S,
ASN00092045,20100108,TAVG,204,H,,S,
ASN00092045,20100109,TAVG,184,H,,S,
ASN00092045,20100110,TAVG,184,H,,S,
ASN00092045,20100111,TAVG,206,H,,S,
ASN00092045,20100112,TAVG,207,H,,S,
ASN00092045,20100113,TAVG,184,H,,S,
ASN00092045,20100114,TAVG,172,H,,S,
ASN00092045,20100115,TAVG,192,H,,S,
ASN00092045,20100116,TAVG,173,H,,S,
ASN00092045,20100117,TAVG,141,H,,S,
ASN00092045,20100118,TAVG,151,H,,S,
ASN00092045,20100119,TAVG,162,H,,S,
ASN00092045,20100120,TAVG,179,H,,S,
ASN00092045,20100121,TAVG,171,H,,S,
ASN00092045,20100122,TAVG,197,H,,S,
ASN00092045,20100123,TAVG,182,H,,S,
ASN00092045,20100124,TAVG,175,H,,S,
ASN00092045,20100125,TAVG,185,H,,S,
ASN00092045,20100126,TAVG,190,H,,S,
ASN00092045,20100127,TAVG,180,H,,S,
ASN00092045,20100128,TAVG,184,H,,S,
ASN00092045,20100129,TAVG,183,H,,S,
ASN00092045,20100130,TAVG,202,H,,S,
ASN00092045,20100131,TAVG,195,H,,S,
ASN00092045,20100201,TMAX,199,,,a,
ASN00092045,20100202,TMAX,229,,,a,
ASN00092045,20100203,TMAX,233,,,a,
ASN00092045,20100204,TMAX,260,,,a,
ASN00092045,20100205,TMAX,214,,,a,
ASN00092045,20100206,TMAX,201,,,a,
ASN00092045,20100207,TMAX,203,,,a,
ASN00092045,20100208,TMAX,244,,,a,
ASN00092045,20100209,TMAX,237,,,a,
ASN00092045,20100210,TMAX,239,,,a,
ASN00092045,20100211,TMAX,223,,,a,
ASN00092045,20100212,TMAX,194,,,a,
ASN00092045,20100213,TMAX,211,,,a,
ASN00092045,20100214,TMAX,216,,,a,
ASN00092045,20100215,TMAX,219,,,a,
ASN00092045,20100216,TMAX,235,,,a,
ASN00092045,20100217,TMAX,282,,,a,
ASN00092045,20100218,TMAX,236,,,a,
ASN00092045,20100219,TMAX,258,,,a,
ASN00092045,20100220,TMAX,306,,,a,
ASN00092045,20100221,TMAX,271,,,a,
ASN00092045,20100222,TMAX,218,,,a,
ASN00092045,20100223,TMAX,219,,,a,
ASN00092045,20100224,TMAX,231,,,a,
ASN00092045,20100225,TMAX,245,,,a,
ASN00092045,20100226,TMAX,257,,,a,
ASN00092045,20100227,TMAX,180,,,a,
ASN00092045,20100228,TMAX,205,,,a,
ASN00092045,20100201,TMIN,156,,,a,
ASN00092045,20100202,TMIN,154,,,a,
ASN00092045,20100203,TMIN,153,,,a,
ASN00092045,20100204,TMIN,190,,,a,
ASN00092045,20100205,TMIN,185,,,a,
ASN00092045,20100206,TMIN,143,,,a,
ASN00092045,20100207,TMIN,154,,,a,
ASN00092045,20100208,TMIN,161,,,a,
ASN00092045,20100209,TMIN,173,,,a,
ASN00092045,20100210,TMIN,178,,,a,
ASN00092045,20100211,TMIN,180,,,a,
ASN00092045,20100212,TMIN,162,,,a,
ASN00092045,20100213,TMIN,162,,,a,
ASN00092045,20100214,TMIN,158,,,a,
ASN00092045,20100215,TMIN,172,,,a,
ASN00092045,20100216,TMIN,154,,,a,
ASN00092045,20100217,TMIN,133,,,a,
ASN00092045,20100218,TMIN,167,,,a,
ASN00092045,20100219,TMIN,155,,,a,
ASN00092045,20100220,TMIN,163,,,a,
ASN00092045,20100221,TMIN,189,,,a,
ASN00092045,20100222,TMIN,147,,,a,
ASN00092045,20100223,TMIN,105,,,a,
ASN00092045,20100224,TMIN,133,,,a,
ASN00092045,20100225,TMIN,132,,,a,
ASN00092045,20100226,TMIN,144,,,a,
ASN00092045,20100227,TMIN,160,,,a,
ASN00092045,20100228,TMIN,146,,,a,
ASN00092045,20100201,PRCP,0,,,a,
ASN00092045,20100202,PRCP,2,,,a,
ASN00092045,20100203,PRCP,0,,,a,
ASN00092045,20100204,PRCP,2,,,a,
ASN00092045,20100205,PRCP,64,,,a,
ASN00092045,20100206,PRCP,6,,,a,
ASN00092045,20100207,PRCP,0,,,a,
ASN00092045,20100208,PRCP,4,,,a,
ASN00092045,20100209,PRCP,6,,,a,
ASN00092045,20100210,PRCP,2,,,a,
ASN00092045,20100211,PRCP,12,,,a,
ASN00092045,20100212,PRCP,96,,,a,
ASN00092045,20100213,PRCP,0,,,a,
ASN00092045,20100214,PRCP,22,,,a,
ASN00092045,20100215,PRCP,2,,,a,
ASN00092045,20100216,PRCP,0,,,a,
ASN00092045,20100217,PRCP,0,,,a,
ASN00092045,20100218,PRCP,0,,,a,
ASN00092045,20100219,PRCP,0,,,a,
ASN00092045,20100220,PRCP,0,,,a,
ASN00092045,20100221,PRCP,0,,,a,
ASN00092045,20100222,PRCP,0,,,a,
ASN00092045,20100223,PRCP,72,,,a,
ASN00092045,20100224,PRCP,0,,,a,
ASN00092045,20100225,PRCP,0,,,a,
ASN00092045,20100226,PRCP,0,,,a,
ASN00092045,20100227,PRCP,20,,,a,
ASN00092045,20100228,PRCP,34,,,a,
ASN00092045,20100201,TAVG,171,H,,S,
ASN00092045,20100202,TAVG,190,H,,S,
ASN00092045,20100203,TAVG,202,H,,S,
ASN00092045,20100204,TAVG,211,H,,S,
ASN00092045,20100205,TAVG,168,H,,S,
ASN00092045,20100206,TAVG,169,H,,S,
ASN00092045,20100207,TAVG,178,H,,S,
ASN00092045,20100208,TAVG,196,H,,S,
ASN00092045,20100209,TAVG,200,H,,S,
ASN00092045,20100210,TAVG,199,H,,S,
ASN00092045,20100211,TAVG,185,H,,S,
ASN00092045,20100212,TAVG,176,H,,S,
ASN00092045,20100213,TAVG,180,H,,S,
ASN00092045,20100214,TAVG,186,H,,S,
ASN00092045,20100215,TAVG,179,H,,S,
ASN00092045,20100216,TAVG,177,H,,S,
ASN00092045,20100217,TAVG,201,H,,S,
ASN00092045,20100218,TAVG,191,H,,S,
ASN00092045,20100219,TAVG,203,H,,S,
ASN00092045,20100220,TAVG,224,H,,S,
ASN00092045,20100221,TAVG,198,H,,S,
ASN00092045,20100222,TAVG,141,H,,S,
ASN00092045,20100223,TAVG,167,H,,S,
ASN00092045,20100224,TAVG,167,H,,S,
ASN00092045,20100225,TAVG,184,H,,S,
ASN00092045,20100226,TAVG,198,H,,S,
ASN00092045,20100227,TAVG,162,H,,S,
ASN00092045,20100228,TAVG,141,H,,S,
ASN00092045,20100301,TMAX,204,,,a,
ASN00092045,20100302,TMAX,227,,,a,
ASN00092045,20100303,TMAX,235,,,a,
ASN00092045,20100304,TMAX,249,,,a,
ASN00092045,20100305,TMAX,241,,,a,
ASN00092045,20100306,TMAX,287,,,a,
ASN00092045,20100307,TMAX,222,,,a,
ASN00092045,20100308,TMAX,237,,,a,
ASN00092045,20100309,TMAX,205,,,a,
ASN00092045,20100310,TMAX,220,,,a,
ASN00092045,20100311,TMAX,197,,,a,
ASN00092045,20100312,TMAX,229,,,a,
ASN00092045,20100313,TMAX,242,,,a,
ASN00092045,20100314,TMAX,238,,,a,
ASN00092045,20100315,TMAX,255,,,a,
ASN00092045,20100316,TMAX,284,,,a,
ASN00092045,20100317,TMAX,282,,,a,
ASN00092045,20100318,TMAX,236,,,a,
ASN00092045,20100320,TMAX,223,,,a,
ASN00092045,20100321,TMAX,207,,,a,
ASN00092045,20100322,TMAX,207,,,a,
ASN00092045,20100323,TMAX,222,,,a,
ASN00092045,20100324,TMAX,247,,,a,
ASN00092045,20100325,TMAX,241,,,a,
ASN00092045,20100326,TMAX,246,,,a,
ASN00092045,20100327,TMAX,191,,,a,
ASN00092045,20100328,TMAX,232,,,a,
ASN00092045,20100329,TMAX,224,,,a,
ASN00092045,20100330,TMAX,208,,,a,
ASN00092045,20100331,TMAX,208,,,a,
ASN00092045,20100301,TMIN,100,,,a,
ASN00092045,20100302,TMIN,106,,,a,
ASN00092045,20100303,TMIN,135,,,a,
ASN00092045,20100304,TMIN,150,,,a,
ASN00092045,20100305,TMIN,168,,,a,
ASN00092045,20100306,TMIN,185,,,a,
ASN00092045,20100307,TMIN,191,,,a,
ASN00092045,20100308,TMIN,191,,,a,
ASN00092045,20100309,TMIN,146,,,a,
ASN00092045,20100310,TMIN,100,,,a,
ASN00092045,20100311,TMIN,128,,,a,
ASN00092045,20100312,TMIN,133,,,a,
ASN00092045,20100313,TMIN,142,,,a,
ASN00092045,20100314,TMIN,138,,,a,
ASN00092045,20100315,TMIN,137,,,a,
ASN00092045,20100316,TMIN,155,,,a,
ASN00092045,20100317,TMIN,155,,,a,
ASN00092045,20100318,TMIN,172,,,a,
ASN00092045,20100319,TMIN,181,,,a,
ASN00092045,20100321,TMIN,125,,,a,
ASN00092045,20100322,TMIN,83,,,a,
ASN00092045,20100323,TMIN,121,,,a,
ASN00092045,20100324,TMIN,125,,,a,
ASN00092045,20100325,TMIN,153,,,a,
ASN00092045,20100326,TMIN,167,,,a,
ASN00092045,20100327,TMIN,148,,,a,
ASN00092045,20100328,TMIN,145,,,a,
ASN00092045,20100329,TMIN,165,,,a,
ASN00092045,20100330,TMIN,111,,,a,
ASN00092045,20100331,TMIN,149,,,a,
ASN00092045,20100301,PRCP,28,,,a,
ASN00092045,20100302,PRCP,2,,,a,
ASN00092045,20100303,PRCP,0,,,a,
ASN00092045,20100304,PRCP,0,,,a,
ASN00092045,20100305,PRCP,0,,,a,
ASN00092045,20100306,PRCP,34,,,a,
ASN00092045,20100307,PRCP,2,,,a,
ASN00092045,20100308,PRCP,114,,,a,
ASN00092045,20100309,PRCP,22,,,a,
ASN00092045,20100310,PRCP,8,,,a,
ASN00092045,20100311,PRCP,0,,,a,
ASN00092045,20100312,PRCP,0,,,a,
ASN00092045,20100313,PRCP,0,,,a,
ASN00092045,20100314,PRCP,0,,,a,
ASN00092045,20100315,PRCP,0,,,a,
ASN00092045,20100316,PRCP,0,,,a,
ASN00092045,20100317,PRCP,2,,,a,
ASN00092045,20100318,PRCP,2,,,a,
ASN00092045,20100319,PRCP,10,,,a,
ASN00092045,20100320,PRCP,20,,,a,
ASN00092045,20100321,PRCP,28,,,a,
ASN00092045,20100322,PRCP,48,,,a,
ASN00092045,20100323,PRCP,0,,,a,
ASN00092045,20100324,PRCP,0,,,a,
ASN00092045,20100325,PRCP,2,,,a,
ASN00092045,20100326,PRCP,0,,,a,
ASN00092045,20100327,PRCP,26,,,a,
ASN00092045,20100328,PRCP,138,,,a,
ASN00092045,20100329,PRCP,50,,,a,
ASN00092045,20100330,PRCP,0,,,a,
ASN00092045,20100331,PRCP,2,,,a,
ASN00092045,20100301,TAVG,143,H,,S,
ASN00092045,20100302,TAVG,173,H,,S,
ASN00092045,20100303,TAVG,183,H,,S,
ASN00092045,20100304,TAVG,205,H,,S,
ASN00092045,20100305,TAVG,202,H,,S,
ASN00092045,20100306,TAVG,218,H,,S,
ASN00092045,20100307,TAVG,200,H,,S,
ASN00092045,20100308,TAVG,185,H,,S,
ASN00092045,20100309,TAVG,149,H,,S,
ASN00092045,20100310,TAVG,158,H,,S,
ASN00092045,20100311,TAVG,166,H,,S,
ASN00092045,20100312,TAVG,179,H,,S,
ASN00092045,20100313,TAVG,178,H,,S,
ASN00092045,20100314,TAVG,185,H,,S,
ASN00092045,20100315,TAVG,193,H,,S,
ASN00092045,20100316,TAVG,196,H,,S,
ASN00092045,20100317,TAVG,207,H,,S,
ASN00092045,20100318,TAVG,198,H,,S,
ASN00092045,20100319,TAVG,182,H,,S,
ASN00092045,20100320,TAVG,165,H,,S,
ASN00092045,20100321,TAVG,134,H,,S,
ASN00092045,20100322,TAVG,164,H,,S,
ASN00092045,20100323,TAVG,166,H,,S,
ASN00092045,20100324,TAVG,186,H,,S,
ASN00092045,20100325,TAVG,187,H,,S,
ASN00092045,20100326,TAVG,183,H,,S,
ASN00092045,20100327,TAVG,163,H,,S,
ASN00092045,20100328,TAVG,190,H,,S,
ASN00092045,20100329,TAVG,164,H,,S,
ASN00092045,20100330,TAVG,174,H,,S,
ASN00092045,20100331,TAVG,164,H,,S,
ASN00092045,20100401,TMAX,236,,,a,
ASN00092045,20100402,TMAX,169,,,a,
ASN00092045,20100403,TMAX,179,,,a,
ASN00092045,20100404,TMAX,190,,,a,
ASN00092045,20100405,TMAX,208,,,a,
ASN00092045,20100406,TMAX,216,,,a,
ASN00092045,20100407,TMAX,223,,,a,
ASN00092045,20100408,TMAX,240,,,a,
ASN00092045,20100409,TMAX,207,,,a,
ASN00092045,20100410,TMAX,226,,,a,
ASN00092045,20100411,TMAX,152,,,a,
ASN00092045,20100412,TMAX,209,,,a,
ASN00092045,20100413,TMAX,214,,,a,
ASN00092045,20100414,TMAX,202,,,a,
ASN00092045,20100415,TMAX,204,,,a,
ASN00092045,20100416,TMAX,209,,,a,
ASN00092045,20100417,TMAX,236,,,a,
ASN00092045,20100418,TMAX,230,,,a,
ASN00092045,20100419,TMAX,225,,,a,
ASN00092045,20100420,TMAX,222,,,a,
ASN00092045,20100421,TMAX,218,,,a,
ASN00092045,20100422,TMAX,210,,,a,
ASN00092045,20100423,TMAX,194,,,a,
ASN00092045,20100424,TMAX,191,,,a,
ASN00092045,20100425,TMAX,198,,,a,
ASN00092045,20100426,TMAX,197,,,a,
ASN00092045,20100427,TMAX,189,,,a,
ASN00092045,20100428,TMAX,165,,,a,
ASN00092045,20100429,TMAX,175,,,a,
ASN00092045,20100430,TMAX,195,,,a,
ASN00092045,20100401,TMIN,128,,,a,
ASN00092045,20100402,TMIN,139,,,a,
ASN00092045,20100403,TMIN,121,,,a,
ASN00092045,20100404,TMIN,121,,,a,
ASN00092045,20100405,TMIN,117,,,a,
ASN00092045,20100406,TMIN,136,,,a,
ASN00092045,20100407,TMIN,163,,,a,
ASN00092045,20100408,TMIN,157,,,a,
ASN00092045,20100409,TMIN,149,,,a,
ASN00092045,20100410,TMIN,137,,,a,
ASN00092045,20100411,TMIN,117,,,a,
ASN00092045,20100412,TMIN,77,,,a,
ASN00092045,20100413,TMIN,73,,,a,
ASN00092045,20100414,TMIN,107,,,a,
ASN00092045,20100415,TMIN,119,,,a,
ASN00092045,20100416,TMIN,142,,,a,
ASN00092045,20100417,TMIN,160,,,a,
ASN00092045,20100418,TMIN,139,,,a,
ASN00092045,20100419,TMIN,147,,,a,
ASN00092045,20100420,TMIN,161,,,a,
ASN00092045,20100421,TMIN,163,,,a,
ASN00092045,20100422,TMIN,122,,,a,
ASN00092045,20100423,TMIN,157,,,a,
ASN00092045,20100424,TMIN,163,,,a,
ASN00092045,20100425,TMIN,93,,,a,
ASN00092045,20100426,TMIN,108,,,a,
ASN00092045,20100427,TMIN,107,,,a,
ASN00092045,20100428,TMIN,76,,,a,
ASN00092045,20100429,TMIN,117,,,a,
ASN00092045,20100430,TMIN,79,,,a,
ASN00092045,20100401,PRCP,0,,,a,
ASN00092045,20100402,PRCP,0,,,a,
ASN00092045,20100403,PRCP,0,,,a,
ASN00092045,20100404,PRCP,0,,,a,
ASN00092045,20100405,PRCP,0,,,a,
ASN00092045,20100406,PRCP,8,,,a,
ASN00092045,20100407,PRCP,6,,,a,
ASN00092045,20100408,PRCP,12,,,a,
ASN00092045,20100409,PRCP,0,,,a,
ASN00092045,20100410,PRCP,0,,,a,
ASN00092045,20100411,PRCP,98,,,a,
ASN00092045,20100412,PRCP,12,,,a,
ASN00092045,20100413,PRCP,0,,,a,
ASN00092045,20100414,PRCP,0,,,a,
ASN00092045,20100415,PRCP,0,,,a,
ASN00092045,20100416,PRCP,0,,,a,
ASN00092045,20100417,PRCP,2,,,a,
ASN00092045,20100418,PRCP,2,,,a,
ASN00092045,20100419,PRCP,2,,,a,
ASN00092045,20100420,PRCP,2,,,a,
ASN00092045,20100421,PRCP,18,,,a,
ASN00092045,20100422,PRCP,0,,,a,
ASN00092045,20100423,PRCP,54,,,a,
ASN00092045,20100424,PRCP,64,,,a,
ASN00092045,20100425,PRCP,10,,,a,
ASN00092045,20100426,PRCP,0,,,a,
ASN00092045,20100427,PRCP,24,,,a,
ASN00092045,20100428,PRCP,0,,,a,
ASN00092045,20100429,PRCP,34,,,a,
ASN00092045,20100430,PRCP,0,,,a,
ASN00092045,20100401,TAVG,170,H,,S,
ASN00092045,20100402,TAVG,146,H,,S,
ASN00092045,20100403,TAVG,149,H,,S,
ASN00092045,20100404,TAVG,153,H,,S,
ASN00092045,20100405,TAVG,164,H,,S,
ASN00092045,20100406,TAVG,182,H,,S,
ASN00092045,20100407,TAVG,182,H,,S,
ASN00092045,20100408,TAVG,178,H,,S,
ASN00092045,20100409,TAVG,164,H,,S,
ASN00092045,20100410,TAVG,164,H,,S,
ASN00092045,20100411,TAVG,113,H,,S,
ASN00092045,20100412,TAVG,145,H,,S,
ASN00092045,20100413,TAVG,150,H,,S,
ASN00092045,20100414,TAVG,155,H,,S,
ASN00092045,20100415,TAVG,164,H,,S,
ASN00092045,20100416,TAVG,174,H,,S,
ASN00092045,20100417,TAVG,177,H,,S,
ASN00092045,20100418,TAVG,175,H,,S,
ASN00092045,20100419,TAVG,182,H,,S,
ASN00092045,20100420,TAVG,181,H,,S,
ASN00092045,20100421,TAVG,161,H,,S,
ASN00092045,20100422,TAVG,172,H,,S,
ASN00092045,20100423,TAVG,172,H,,S,
ASN00092045,20100424,TAVG,142,H,,S,
ASN00092045,20100425,TAVG,146,H,,S,
ASN00092045,20100426,TAVG,146,H,,S,
ASN00092045,20100427,TAVG,128,H,,S,
ASN00092045,20100428,TAVG,134,H,,S,
ASN00092045,20100429,TAVG,123,H,,S,
ASN00092045,20100430,TAVG,143,H,,S,
ASN00092045,20100501,TMAX,180,,,a,
ASN00092045,20100502,TMAX,180,,,a,
ASN00092045,20100503,TMAX,178,,,a,
ASN00092045,20100504,TMAX,215,,,a,
ASN00092045,20100505,TMAX,164,,,a,
ASN00092045,20100506,TMAX,156,,,a,
ASN00092045,20100507,TMAX,192,,,a,
ASN00092045,20100508,TMAX,176,,,a,
ASN00092045,20100509,TMAX,195,,,a,
ASN00092045,20100510,TMAX,196,,,a,
ASN00092045,20100511,TMAX,144,,,a,
ASN00092045,20100512,TMAX,140,,,a,
ASN00092045,20100513,TMAX,141,,,a,
ASN00092045,20100514,TMAX,170,,,a,
ASN00092045,20100515,TMAX,170,,,a,
ASN00092045,20100516,TMAX,185,,,a,
ASN00092045,20100517,TMAX,174,,,a,
ASN00092045,20100518,TMAX,168,,,a,
ASN00092045,20100519,TMAX,179,,,a,
ASN00092045,20100520,TMAX,152,,,a,
ASN00092045,20100521,TMAX,150,,,a,
ASN00092045,20100522,TMAX,134,,,a,
ASN00092045,20100523,TMAX,152,,,a,
ASN00092045,20100524,TMAX,167,,,a,
ASN00092045,20100525,TMAX,158,,,a,
ASN00092045,20100526,TMAX,162,,,a,
ASN00092045,20100527,TMAX,155,,,a,
ASN00092045,20100528,TMAX,171,,,a,
ASN00092045,20100529,TMAX,162,,,a,
ASN00092045,20100530,TMAX,160,,,a,
ASN00092045,20100531,TMAX,171,,,a,
ASN00092045,20100501,TMIN,106,,,a,
ASN00092045,20100502,TMIN,132,,,a,
ASN00092045,20100503,TMIN,70,,,a,
ASN00092045,20100504,TMIN,118,,,a,
ASN00092045,20100505,TMIN,91,,,a,
ASN00092045,20100506,TMIN,84,,,a,
ASN00092045,20100507,TMIN,98,,,a,
ASN00092045,20100508,TMIN,90,,,a,
ASN00092045,20100509,TMIN,129,,,a,
ASN00092045,20100510,TMIN,140,,,a,
ASN00092045,20100511,TMIN,104,,,a,
ASN00092045,20100512,TMIN,39,,,a,
ASN00092045,20100513,TMIN,85,,,a,
ASN00092045,20100514,TMIN,68,,,a,
ASN00092045,20100515,TMIN,81,,,a,
ASN00092045,20100516,TMIN,91,,,a,
ASN00092045,20100517,TMIN,87,,,a,
ASN00092045,20100518,TMIN,65,,,a,
ASN00092045,20100519,TMIN,87,,,a,
ASN00092045,20100520,TMIN,76,,,a,
ASN00092045,20100521,TMIN,70,,,a,
ASN00092045,20100522,TMIN,65,,,a,
ASN00092045,20100523,TMIN,59,,,a,
ASN00092045,20100524,TMIN,104,,,a,
ASN00092045,20100525,TMIN,120,,,a,
ASN00092045,20100526,TMIN,124,,,a,
ASN00092045,20100527,TMIN,111,,,a,
ASN00092045,20100528,TMIN,115,,,a,
ASN00092045,20100529,TMIN,149,,,a,
ASN00092045,20100530,TMIN,140,,,a,
ASN00092045,20100531,TMIN,138,,,a,
ASN00092045,20100501,PRCP,2,,,a,
ASN00092045,20100502,PRCP,18,,,a,
ASN00092045,20100503,PRCP,0,,,a,
ASN00092045,20100504,PRCP,0,,,a,
ASN00092045,20100505,PRCP,80,,,a,
ASN00092045,20100506,PRCP,28,,,a,
ASN00092045,20100507,PRCP,2,,,a,
ASN00092045,20100508,PRCP,6,,,a,
ASN00092045,20100509,PRCP,0,,,a,
ASN00092045,20100510,PRCP,0,,,a,
ASN00092045,20100511,PRCP,0,,,a,
ASN00092045,20100512,PRCP,0,,,a,
ASN00092045,20100513,PRCP,0,,,a,
ASN00092045,20100514,PRCP,0,,,a,
ASN00092045,20100515,PRCP,0,,,a,
ASN00092045,20100516,PRCP,0,,,a,
ASN00092045,20100517,PRCP,0,,,a,
ASN00092045,20100518,PRCP,0,,,a,
ASN00092045,20100519,PRCP,2,,,a,
ASN00092045,20100520,PRCP,0,,,a,
ASN00092045,20100521,PRCP,20,,,a,
ASN00092045,20100522,PRCP,0,,,a,
ASN00092045,20100523,PRCP,0,,,a,
ASN00092045,20100524,PRCP,74,,,a,
ASN00092045,20100525,PRCP,8,,,a,
ASN00092045,20100526,PRCP,0,,,a,
ASN00092045,20100527,PRCP,18,,,a,
ASN00092045,20100528,PRCP,38,,,a,
ASN00092045,20100529,PRCP,4,,,a,
ASN00092045,20100530,PRCP,62,,,a,
ASN00092045,20100531,PRCP,0,,,a,
ASN00092045,20100501,TAVG,160,H,,S,
ASN00092045,20100502,TAVG,120,H,,S,
ASN00092045,20100503,TAVG,158,H,,S,
ASN00092045,20100504,TAVG,142,H,,S,
ASN00092045,20100505,TAVG,119,H,,S,
ASN00092045,20100506,TAVG,135,H,,S,
ASN00092045,20100507,TAVG,129,H,,S,
ASN00092045,20100508,TAVG,151,H,,S,
ASN00092045,20100509,TAVG,159,H,,S,
ASN00092045,20100510,TAVG,154,H,,S,
ASN00092045,20100511,TAVG,84,H,,S,
ASN00092045,20100512,TAVG,105,H,,S,
ASN00092045,20100513,TAVG,108,H,,S,
ASN00092045,20100514,TAVG,117,H,,S,
ASN00092045,20100515,TAVG,118,H,,S,
ASN00092045,20100516,TAVG,122,H,,S,
ASN00092045,20100517,TAVG,114,H,,S,
ASN00092045,20100518,TAVG,116,H,,S,
ASN00092045,20100519,TAVG,119,H,,S,
ASN00092045,20100520,TAVG,101,H,,S,
ASN00092045,20100521,TAVG,99,H,,S,
ASN00092045,20100522,TAVG,91,H,,S,
ASN00092045,20100523,TAVG,122,H,,S,
ASN00092045,20100524,TAVG,145,H,,S,
ASN00092045,20100525,TAVG,139,H,,S,
ASN00092045,20100526,TAVG,123,H,,S,
ASN00092045,20100527,TAVG,134,H,,S,
ASN00092045,20100528,TAVG,154,H,,S,
ASN00092045,20100529,TAVG,150,H,,S,
ASN00092045,20100530,TAVG,147,H,,S,
ASN00092045,20100531,TAVG,129,H,,S,
ASN00092045,20100601,TMAX,176,,,a,
ASN00092045,20100602,TMAX,169,,,a,
ASN00092045,20100603,TMAX,164,,,a,
ASN00092045,20100604,TMAX,180,,,a,
ASN00092045,20100605,TMAX,154,,,a,
ASN00092045,20100606,TMAX,145,,,a,
ASN00092045,20100607,TMAX,135,,,a,
ASN00092045,20100608,TMAX,141,,,a,
ASN00092045,20100609,TMAX,132,,,a,
ASN00092045,20100610,TMAX,131,,,a,
ASN00092045,20100611,TMAX,134,,,a,
ASN00092045,20100612,TMAX,142,,,a,
ASN00092045,20100613,TMAX,152,,,a,
ASN00092045,20100614,TMAX,154,,,a,
ASN00092045,20100615,TMAX,156,,,a,
ASN00092045,20100616,TMAX,150,,,a,
ASN00092045,20100617,TMAX,144,,,a,
ASN00092045,20100618,TMAX,139,,,a,
ASN00092045,20100619,TMAX,140,,,a,
ASN00092045,20100620,TMAX,160,,,a,
ASN00092045,20100621,TMAX,140,,,a,
ASN00092045,20100622,TMAX,144,,,a,
ASN00092045,20100623,TMAX,159,,,a,
ASN00092045,20100624,TMAX,160,,,a,
ASN00092045,20100625,TMAX,142,,,a,
ASN00092045,20100626,TMAX,133,,,a,
ASN00092045,20100627,TMAX,119,,,a,
ASN00092045,20100628,TMAX,136,,,a,
ASN00092045,20100629,TMAX,118,,,a,
ASN00092045,20100630,TMAX,125,,,a,
ASN00092045,20100601,TMIN,102,,,a,
ASN00092045,20100602,TMIN,105,,,a,
ASN00092045,20100603,TMIN,80,,,a,
ASN00092045,20100604,TMIN,78,,,a,
ASN00092045,20100605,TMIN,88,,,a,
ASN00092045,20100606,TMIN,83,,,a,
ASN00092045,20100607,TMIN,52,,,a,
ASN00092045,20100608,TMIN,62,,,a,
ASN00092045,20100609,TMIN,93,,,a,
ASN00092045,20100610,TMIN,18,,,a,
ASN00092045,20100611,TMIN,66,,,a,
ASN00092045,20100612,TMIN,36,,,a,
ASN00092045,20100613,TMIN,45,,,a,
ASN00092045,20100614,TMIN,63,,,a,
ASN00092045,20100615,TMIN,81,,,a,
ASN00092045,20100616,TMIN,66,,,a,
ASN00092045,20100617,TMIN,90,,,a,
ASN00092045,20100618,TMIN,62,,,a,
ASN00092045,20100619,TMIN,73,,,a,
ASN00092045,20100620,TMIN,99,,,a,
ASN00092045,20100621,TMIN,65,,,a,
ASN00092045,20100622,TMIN,76,,,a,
ASN00092045,20100623,TMIN,120,,,a,
ASN00092045,20100624,TMIN,122,,,a,
ASN00092045,20100625,TMIN,133,,,a,
ASN00092045,20100626,TMIN,86,,,a,
ASN00092045,20100627,TMIN,40,,,a,
ASN00092045,20100628,TMIN,44,,,a,
ASN00092045,20100629,TMIN,92,,,a,
ASN00092045,20100630,TMIN,87,,,a,
ASN00092045,20100601,PRCP,0,,,a,
ASN00092045,20100602,PRCP,4,,,a,
ASN00092045,20100603,PRCP,0,,,a,
ASN00092045,20100604,PRCP,0,,,a,
ASN00092045,20100605,PRCP,2,,,a,
ASN00092045,20100606,PRCP,0,,,a,
ASN00092045,20100607,PRCP,0,,,a,
ASN00092045,20100608,PRCP,0,,,a,
ASN00092045,20100609,PRCP,42,,,a,
ASN00092045,20100610,PRCP,0,,,a,
ASN00092045,20100611,PRCP,0,,,a,
ASN00092045,20100612,PRCP,0,,,a,
ASN00092045,20100613,PRCP,0,,,a,
ASN00092045,20100614,PRCP,0,,,a,
ASN00092045,20100615,PRCP,6,,,a,
ASN00092045,20100616,PRCP,0,,,a,
ASN00092045,20100617,PRCP,252,,,a,
ASN00092045,20100618,PRCP,6,,,a,
ASN00092045,20100619,PRCP,112,,,a,
ASN00092045,20100620,PRCP,8,,,a,
ASN00092045,20100621,PRCP,0,,,a,
ASN00092045,20100622,PRCP,0,,,a,
ASN00092045,20100623,PRCP,0,,,a,
ASN00092045,20100624,PRCP,10,,,a,
ASN00092045,20100625,PRCP,14,,,a,
ASN00092045,20100626,PRCP,62,,,a,
ASN00092045,20100627,PRCP,0,,,a,
ASN00092045,20100628,PRCP,0,,,a,
ASN00092045,20100629,PRCP,12,,,a,
ASN00092045,20100630,PRCP,156,,,a,
ASN00092045,20100601,TAVG,126,H,,S,
ASN00092045,20100602,TAVG,118,H,,S,
ASN00092045,20100603,TAVG,116,H,,S,
ASN00092045,20100604,TAVG,119,H,,S,
ASN00092045,20100605,TAVG,117,H,,S,
ASN00092045,20100606,TAVG,103,H,,S,
ASN00092045,20100607,TAVG,92,H,,S,
ASN00092045,20100608,TAVG,115,H,,S,
ASN00092045,20100609,TAVG,74,H,,S,
ASN00092045,20100610,TAVG,105,H,,S,
ASN00092045,20100611,TAVG,79,H,,S,
ASN00092045,20100612,TAVG,83,H,,S,
ASN00092045,20100613,TAVG,98,H,,S,
ASN00092045,20100614,TAVG,111,H,,S,
ASN00092045,20100615,TAVG,103,H,,S,
ASN00092045,20100616,TAVG,131,H,,S,
ASN00092045,20100617,TAVG,99,H,,S,
ASN00092045,20100618,TAVG,109,H,,S,
ASN00092045,20100619,TAVG,116,H,,S,
ASN00092045,20100620,TAVG,106,H,,S,
ASN00092045,20100621,TAVG,104,H,,S,
ASN00092045,20100622,TAVG,129,H,,S,
ASN00092045,20100623,TAVG,136,H,,S,
ASN00092045,20100624,TAVG,142,H,,S,
ASN00092045,20100625,TAVG,114,H,,S,
ASN00092045,20100626,TAVG,88,H,,S,
ASN00092045,20100627,TAVG,73,H,,S,
ASN00092045,20100628,TAVG,108,H,,S,
ASN00092045,20100629,TAVG,99,H,,S,
ASN00092045,20100630,TAVG,90,H,,S,
ASN00092045,20100701,TMAX,128,,,a,
ASN00092045,20100702,TMAX,148,,,a,
ASN00092045,20100703,TMAX,159,,,a,
ASN00092045,20100704,TMAX,149,,,a,
ASN00092045,20100705,TMAX,154,,,a,
ASN00092045,20100706,TMAX,146,,,a,
ASN00092045,20100707,TMAX,146,,,a,
ASN00092045,20100708,TMAX,142,,,a,
ASN00092045,20100709,TMAX,147,,,a,
ASN00092045,20100710,TMAX,151,,,a,
ASN00092045,20100711,TMAX,142,,,a,
ASN00092045,20100712,TMAX,161,,,a,
ASN00092045,20100713,TMAX,159,,,a,
ASN00092045,20100714,TMAX,134,,,a,
ASN00092045,20100715,TMAX,135,,,a,
ASN00092045,20100716,TMAX,150,,,a,
ASN00092045,20100717,TMAX,145,,,a,
ASN00092045,20100718,TMAX,128,,,a,
ASN00092045,20100719,TMAX,142,,,a,
ASN00092045,20100720,TMAX,155,,,a,
ASN00092045,20100721,TMAX,145,,,a,
ASN00092045,20100722,TMAX,162,,,a,
ASN00092045,20100723,TMAX,146,,,a,
ASN00092045,20100724,TMAX,152,,,a,
ASN00092045,20100725,TMAX,131,,,a,
ASN00092045,20100726,TMAX,159,,,a,
ASN00092045,20100727,TMAX,166,,,a,
ASN00092045,20100728,TMAX,142,,,a,
ASN00092045,20100729,TMAX,169,,,a,
ASN00092045,20100730,TMAX,142,,,a,
ASN00092045,20100731,TMAX,154,,,a,
ASN00092045,20100701,TMIN,68,,,a,
ASN00092045,20100702,TMIN,56,,,a,
ASN00092045,20100703,TMIN,58,,,a,
ASN00092045,20100704,TMIN,69,,,a,
ASN00092045,20100705,TMIN,65,,,a,
ASN00092045,20100706,TMIN,64,,,a,
ASN00092045,20100707,TMIN,63,,,a,
ASN00092045,20100708,TMIN,57,,,a,
ASN00092045,20100709,TMIN,87,,,a,
ASN00092045,20100710,TMIN,100,,,a,
ASN00092045,20100711,TMIN,123,,,a,
ASN00092045,20100712,TMIN,112,,,a,
ASN00092045,20100713,TMIN,94,,,a,
ASN00092045,20100714,TMIN,92,,,a,
ASN00092045,20100715,TMIN,51,,,a,
ASN00092045,20100716,TMIN,43,,,a,
ASN00092045,20100717,TMIN,60,,,a,
ASN00092045,20100718,TMIN,92,,,a,
ASN00092045,20100719,TMIN,67,,,a,
ASN00092045,20100720,TMIN,65,,,a,
ASN00092045,20100721,TMIN,61,,,a,
ASN00092045,20100722,TMIN,75,,,a,
ASN00092045,20100723,TMIN,100,,,a,
ASN00092045,20100724,TMIN,75,,,a,
ASN00092045,20100725,TMIN,59,,,a,
ASN00092045,20100726,TMIN,69,,,a,
ASN00092045,20100727,TMIN,65,,,a,
ASN00092045,20100728,TMIN,81,,,a,
ASN00092045,20100729,TMIN,103,,,a,
ASN00092045,20100730,TMIN,72,,,a,
ASN00092045,20100731,TMIN,104,,,a,
ASN00092045,20100701,PRCP,0,,,a,
ASN00092045,20100702,PRCP,0,,,a,
ASN00092045,20100703,PRCP,2,,,a,
ASN00092045,20100704,PRCP,0,,,a,
ASN00092045,20100705,PRCP,2,,,a,
ASN00092045,20100706,PRCP,0,,,a,
ASN00092045,20100707,PRCP,6,,,a,
ASN00092045,20100708,PRCP,0,,,a,
ASN00092045,20100709,PRCP,2,,,a,
ASN00092045,20100710,PRCP,4,,,a,
ASN00092045,20100711,PRCP,38,,,a,
ASN00092045,20100712,PRCP,14,,,a,
ASN00092045,20100713,PRCP,2,,,a,
ASN00092045,20100714,PRCP,202,,,a,
ASN00092045,20100715,PRCP,0,,,a,
ASN00092045,20100716,PRCP,0,,,a,
ASN00092045,20100717,PRCP,0,,,a,
ASN00092045,20100718,PRCP,12,,,a,
ASN00092045,20100719,PRCP,0,,,a,
ASN00092045,20100720,PRCP,0,,,a,
ASN00092045,20100721,PRCP,2,,,a,
ASN00092045,20100722,PRCP,0,,,a,
ASN00092045,20100723,PRCP,4,,,a,
ASN00092045,20100724,PRCP,0,,,a,
ASN00092045,20100725,PRCP,0,,,a,
ASN00092045,20100726,PRCP,0,,,a,
ASN00092045,20100727,PRCP,0,,,a,
ASN00092045,20100728,PRCP,2,,,a,
ASN00092045,20100729,PRCP,90,,,a,
ASN00092045,20100730,PRCP,62,,,a,
ASN00092045,20100731,PRCP,18,,,a,
ASN00092045,20100701,TAVG,93,H,,S,
ASN00092045,20100702,TAVG,91,H,,S,
ASN00092045,20100703,TAVG,99,H,,S,
ASN00092045,20100704,TAVG,94,H,,S,
ASN00092045,20100705,TAVG,97,H,,S,
ASN00092045,20100706,TAVG,99,H,,S,
ASN00092045,20100707,TAVG,93,H,,S,
ASN00092045,20100708,TAVG,107,H,,S,
ASN00092045,20100709,TAVG,125,H,,S,
ASN00092045,20100710,TAVG,134,H,,S,
ASN00092045,20100711,TAVG,129,H,,S,
ASN00092045,20100712,TAVG,124,H,,S,
ASN00092045,20100713,TAVG,128,H,,S,
ASN00092045,20100714,TAVG,91,H,,S,
ASN00092045,20100715,TAVG,81,H,,S,
ASN00092045,20100716,TAVG,93,H,,S,
ASN00092045,20100717,TAVG,111,H,,S,
ASN00092045,20100718,TAVG,101,H,,S,
ASN00092045,20100719,TAVG,95,H,,S,
ASN00092045,20100720,TAVG,100,H,,S,
ASN00092045,20100721,TAVG,106,H,,S,
ASN00092045,20100722,TAVG,123,H,,S,
ASN00092045,20100723,TAVG,113,H,,S,
ASN00092045,20100724,TAVG,102,H,,S,
ASN00092045,20100725,TAVG,99,H,,S,
ASN00092045,20100726,TAVG,109,H,,S,
ASN00092045,20100727,TAVG,109,H,,S,
ASN00092045,20100728,TAVG,122,H,,S,
ASN00092045,20100729,TAVG,116,H,,S,
ASN00092045,20100730,TAVG,121,H,,S,
ASN00092045,20100731,TAVG,116,H,,S,
ASN00092045,20100801,TMAX,135,,,a,
ASN00092045,20100802,TMAX,135,,,a,
ASN00092045,20100803,TMAX,145,,,a,
ASN00092045,20100804,TMAX,138,,,a,
ASN00092045,20100805,TMAX,141,,,a,
ASN00092045,20100806,TMAX,124,,,a,
ASN00092045,20100807,TMAX,125,,,a,
ASN00092045,20100808,TMAX,147,,,a,
ASN00092045,20100809,TMAX,174,,,a,
ASN00092045,20100810,TMAX,141,,,a,
ASN00092045,20100811,TMAX,160,,,a,
ASN00092045,20100812,TMAX,161,,,a,
ASN00092045,20100813,TMAX,139,,,a,
ASN00092045,20100814,TMAX,165,,,a,
ASN00092045,20100815,TMAX,150,,,a,
ASN00092045,20100816,TMAX,132,,,a,
ASN00092045,20100817,TMAX,155,,,a,
ASN00092045,20100818,TMAX,142,,,a,
ASN00092045,20100819,TMAX,139,,,a,
ASN00092045,20100820,TMAX,104,,,a,
ASN00092045,20100821,TMAX,142,,,a,
ASN00092045,20100822,TMAX,156,,,a,
ASN00092045,20100823,TMAX,151,,,a,
ASN00092045,20100824,TMAX,140,,,a,
ASN00092045,20100825,TMAX,113,,,a,
ASN00092045,20100826,TMAX,125,,,a,
ASN00092045,20100827,TMAX,148,,,a,
ASN00092045,20100828,TMAX,149,,,a,
ASN00092045,20100829,TMAX,158,,,a,
ASN00092045,20100830,TMAX,166,,,a,
ASN00092045,20100831,TMAX,153,,,a,
ASN00092045,20100801,TMIN,91,,,a,
ASN00092045,20100802,TMIN,86,,,a,
ASN00092045,20100803,TMIN,64,,,a,
ASN00092045,20100804,TMIN,82,,,a,
ASN00092045,20100805,TMIN,81,,,a,
ASN00092045,20100806,TMIN,50,,,a,
ASN00092045,20100807,TMIN,54,,,a,
ASN00092045,20100808,TMIN,55,,,a,
ASN00092045,20100809,TMIN,62,,,a,
ASN00092045,20100810,TMIN,96,,,a,
ASN00092045,20100811,TMIN,113,,,a,
ASN00092045,20100812,TMIN,69,,,a,
ASN00092045,20100813,TMIN,64,,,a,
ASN00092045,20100814,TMIN,79,,,a,
ASN00092045,20100815,TMIN,108,,,a,
ASN00092045,20100816,TMIN,76,,,a,
ASN00092045,20100817,TMIN,29,,,a,
ASN00092045,20100818,TMIN,58,,,a,
ASN00092045,20100819,TMIN,87,,,a,
ASN00092045,20100820,TMIN,49,,,a,
ASN00092045,20100821,TMIN,58,,,a,
ASN00092045,20100822,TMIN,65,,,a,
ASN00092045,20100823,TMIN,93,,,a,
ASN00092045,20100824,TMIN,87,,,a,
ASN00092045,20100825,TMIN,51,,,a,
ASN00092045,20100826,TMIN,36,,,a,
ASN00092045,20100827,TMIN,37,,,a,
ASN00092045,20100828,TMIN,17,,,a,
ASN00092045,20100829,TMIN,65,,,a,
ASN00092045,20100830,TMIN,58,,,a,
ASN00092045,20100831,TMIN,81,,,a,
ASN00092045,20100801,PRCP,26,,,a,
ASN00092045,20100802,PRCP,10,,,a,
ASN00092045,20100803,PRCP,4,,,a,
ASN00092045,20100804,PRCP,0,,,a,
ASN00092045,20100805,PRCP,28,,,a,
ASN00092045,20100806,PRCP,0,,,a,
ASN00092045,20100807,PRCP,0,,,a,
ASN00092045,20100808,PRCP,2,,,a,
ASN00092045,20100809,PRCP,0,,,a,
ASN00092045,20100810,PRCP,66,,,a,
ASN00092045,20100811,PRCP,284,,,a,
ASN00092045,20100812,PRCP,76,,,a,
ASN00092045,20100813,PRCP,0,,,a,
ASN00092045,20100814,PRCP,0,,,a,
ASN00092045,20100815,PRCP,14,,,a,
ASN00092045,20100816,PRCP,12,,,a,
ASN00092045,20100817,PRCP,0,,,a,
ASN00092045,20100818,PRCP,0,,,a,
ASN00092045,20100819,PRCP,0,,,a,
ASN00092045,20100820,PRCP,102,,,a,
ASN00092045,20100821,PRCP,58,,,a,
ASN00092045,20100822,PRCP,0,,,a,
ASN00092045,20100823,PRCP,0,,,a,
ASN00092045,20100824,PRCP,6,,,a,
ASN00092045,20100825,PRCP,106,,,a,
ASN00092045,20100826,PRCP,110,,,a,
ASN00092045,20100827,PRCP,20,,,a,
ASN00092045,20100828,PRCP,10,,,a,
ASN00092045,20100829,PRCP,2,,,a,
ASN00092045,20100830,PRCP,0,,,a,
ASN00092045,20100831,PRCP,0,,,a,
ASN00092045,20100801,TAVG,110,H,,S,
ASN00092045,20100802,TAVG,104,H,,S,
ASN00092045,20100803,TAVG,105,H,,S,
ASN00092045,20100804,TAVG,99,H,,S,
ASN00092045,20100805,TAVG,97,H,,S,
ASN00092045,20100806,TAVG,86,H,,S,
ASN00092045,20100807,TAVG,86,H,,S,
ASN00092045,20100808,TAVG,100,H,,S,
ASN00092045,20100809,TAVG,122,H,,S,
ASN00092045,20100810,TAVG,127,H,,S,
ASN00092045,20100811,TAVG,110,H,,S,
ASN00092045,20100812,TAVG,109,H,,S,
ASN00092045,20100813,TAVG,108,H,,S,
ASN00092045,20100814,TAVG,124,H,,S,
ASN00092045,20100815,TAVG,107,H,,S,
ASN00092045,20100816,TAVG,67,H,,S,
ASN00092045,20100817,TAVG,96,H,,S,
ASN00092045,20100818,TAVG,117,H,,S,
ASN00092045,20100819,TAVG,84,H,,S,
ASN00092045,20100820,TAVG,88,H,,S,
ASN00092045,20100821,TAVG,102,H,,S,
ASN00092045,20100822,TAVG,116,H,,S,
ASN00092045,20100823,TAVG,114,H,,S,
ASN00092045,20100824,TAVG,87,H,,S,
ASN00092045,20100825,TAVG,69,H,,S,
ASN00092045,20100826,TAVG,78,H,,S,
ASN00092045,20100827,TAVG,77,H,,S,
ASN00092045,20100828,TAVG,95,H,,S,
ASN00092045,20100829,TAVG,101,H,,S,
ASN00092045,20100830,TAVG,111,H,,S,
ASN00092045,20100831,TAVG,121,H,,S,
ASN00092045,20100901,TMAX,186,,,a,
ASN00092045,20100902,TMAX,152,,,a,
ASN00092045,20100903,TMAX,161,,,a,
ASN00092045,20100904,TMAX,136,,,a,
ASN00092045,20100905,TMAX,137,,,a,
ASN00092045,20100906,TMAX,126,,,a,
ASN00092045,20100907,TMAX,149,,,a,
ASN00092045,20100908,TMAX,159,,,a,
ASN00092045,20100909,TMAX,165,,,a,
ASN00092045,20100910,TMAX,167,,,a,
ASN00092045,20100911,TMAX,156,,,a,
ASN00092045,20100912,TMAX,162,,,a,
ASN00092045,20100913,TMAX,152,,,a,
ASN00092045,20100914,TMAX,146,,,a,
ASN00092045,20100915,TMAX,150,,,a,
ASN00092045,20100916,TMAX,149,,,a,
ASN00092045,20100917,TMAX,165,,,a,
ASN00092045,20100918,TMAX,183,,,a,
ASN00092045,20100919,TMAX,163,,,a,
ASN00092045,20100920,TMAX,205,,,a,
ASN00092045,20100921,TMAX,188,,,a,
ASN00092045,20100922,TMAX,193,,,a,
ASN00092045,20100923,TMAX,181,,,a,
ASN00092045,20100924,TMAX,142,,,a,
ASN00092045,20100925,TMAX,155,,,a,
ASN00092045,20100926,TMAX,152,,,a,
ASN00092045,20100927,TMAX,161,,,a,
ASN00092045,20100928,TMAX,130,,,a,
ASN00092045,20100929,TMAX,158,,,a,
ASN00092045,20100930,TMAX,151,,,a,
ASN00092045,20100901,TMIN,99,,,a,
ASN00092045,20100902,TMIN,67,,,a,
ASN00092045,20100903,TMIN,80,,,a,
ASN00092045,20100904,TMIN,110,,,a,
ASN00092045,20100905,TMIN,115,,,a,
ASN00092045,20100906,TMIN,72,,,a,
ASN00092045,20100907,TMIN,58,,,a,
ASN00092045,20100908,TMIN,74,,,a,
ASN00092045,20100909,TMIN,109,,,a,
ASN00092045,20100910,TMIN,103,,,a,
ASN00092045,20100911,TMIN,78,,,a,
ASN00092045,20100912,TMIN,105,,,a,
ASN00092045,20100913,TMIN,109,,,a,
ASN00092045,20100914,TMIN,42,,,a,
ASN00092045,20100915,TMIN,82,,,a,
ASN00092045,20100916,TMIN,71,,,a,
ASN00092045,20100917,TMIN,51,,,a,
ASN00092045,20100918,TMIN,101,,,a,
ASN00092045,20100919,TMIN,44,,,a,
ASN00092045,20100920,TMIN,97,,,a,
ASN00092045,20100921,TMIN,80,,,a,
ASN00092045,20100922,TMIN,78,,,a,
ASN00092045,20100923,TMIN,65,,,a,
ASN00092045,20100924,TMIN,106,,,a,
ASN00092045,20100925,TMIN,107,,,a,
ASN00092045,20100926,TMIN,62,,,a,
ASN00092045,20100927,TMIN,110,,,a,
ASN00092045,20100928,TMIN,50,,,a,
ASN00092045,20100929,TMIN,21,,,a,
ASN00092045,20100930,TMIN,28,,,a,
ASN00092045,20100901,PRCP,68,,,a,
ASN00092045,20100902,PRCP,0,,,a,
ASN00092045,20100903,PRCP,0,,,a,
ASN00092045,20100904,PRCP,6,,,a,
ASN00092045,20100905,PRCP,204,,,a,
ASN00092045,20100906,PRCP,146,,,a,
ASN00092045,20100907,PRCP,0,,,a,
ASN00092045,20100908,PRCP,0,,,a,
ASN00092045,20100909,PRCP,6,,,a,
ASN00092045,20100910,PRCP,0,,,a,
ASN00092045,20100911,PRCP,12,,,a,
ASN00092045,20100912,PRCP,6,,,a,
ASN00092045,20100913,PRCP,2,,,a,
ASN00092045,20100914,PRCP,0,,,a,
ASN00092045,20100915,PRCP,0,,,a,
ASN00092045,20100916,PRCP,0,,,a,
ASN00092045,20100917,PRCP,0,,,a,
ASN00092045,20100918,PRCP,0,,,a,
ASN00092045,20100919,PRCP,0,,,a,
ASN00092045,20100920,PRCP,0,,,a,
ASN00092045,20100921,PRCP,0,,,a,
ASN00092045,20100922,PRCP,0,,,a,
ASN00092045,20100923,PRCP,0,,,a,
ASN00092045,20100924,PRCP,0,,,a,
ASN00092045,20100925,PRCP,0,,,a,
ASN00092045,20100926,PRCP,0,,,a,
ASN00092045,20100927,PRCP,0,,,a,
ASN00092045,20100928,PRCP,44,,,a,
ASN00092045,20100929,PRCP,10,,,a,
ASN00092045,20100930,PRCP,6,,,a,
ASN00092045,20100901,TAVG,114,H,,S,
ASN00092045,20100902,TAVG,108,H,,S,
ASN00092045,20100903,TAVG,127,H,,S,
ASN00092045,20100904,TAVG,127,H,,S,
ASN00092045,20100905,TAVG,104,H,,S,
ASN00092045,20100906,TAVG,88,H,,S,
ASN00092045,20100907,TAVG,104,H,,S,
ASN00092045,20100908,TAVG,123,H,,S,
ASN00092045,20100909,TAVG,123,H,,S,
ASN00092045,20100910,TAVG,113,H,,S,
ASN00092045,20100911,TAVG,123,H,,S,
ASN00092045,20100912,TAVG,127,H,,S,
ASN00092045,20100913,TAVG,93,H,,S,
ASN00092045,20100914,TAVG,104,H,,S,
ASN00092045,20100915,TAVG,102,H,,S,
ASN00092045,20100916,TAVG,89,H,,S,
ASN00092045,20100917,TAVG,119,H,,S,
ASN00092045,20100918,TAVG,107,H,,S,
ASN00092045,20100919,TAVG,121,H,,S,
ASN00092045,20100920,TAVG,126,H,,S,
ASN00092045,20100921,TAVG,115,H,,S,
ASN00092045,20100922,TAVG,117,H,,S,
ASN00092045,20100923,TAVG,127,H,,S,
ASN00092045,20100924,TAVG,123,H,,S,
ASN00092045,20100925,TAVG,111,H,,S,
ASN00092045,20100926,TAVG,125,H,,S,
ASN00092045,20100927,TAVG,93,H,,S,
ASN00092045,20100928,TAVG,68,H,,S,
ASN00092045,20100929,TAVG,86,H,,S,
ASN00092045,20100930,TAVG,103,H,,S,
ASN00092045,20101001,TMAX,179,,,a,
ASN00092045,20101002,TMAX,173,,,a,
ASN00092045,20101003,TMAX,196,,,a,
ASN00092045,20101004,TMAX,189,,,a,
ASN00092045,20101005,TMAX,188,,,a,
ASN00092045,20101006,TMAX,188,,,a,
ASN00092045,20101007,TMAX,152,,,a,
ASN00092045,20101008,TMAX,187,,,a,
ASN00092045,20101009,TMAX,175,,,a,
ASN00092045,20101010,TMAX,173,,,a,
ASN00092045,20101011,TMAX,181,,,a,
ASN00092045,20101012,TMAX,197,,,a,
ASN00092045,20101013,TMAX,130,,,a,
ASN00092045,20101014,TMAX,161,,,a,
ASN00092045,20101015,TMAX,148,,,a,
ASN00092045,20101016,TMAX,136,,,a,
ASN00092045,20101017,TMAX,173,,,a,
ASN00092045,20101018,TMAX,180,,,a,
ASN00092045,20101019,TMAX,180,,,a,
ASN00092045,20101020,TMAX,193,,,a,
ASN00092045,20101021,TMAX,183,,,a,
ASN00092045,20101022,TMAX,193,,,a,
ASN00092045,20101023,TMAX,193,,,a,
ASN00092045,20101024,TMAX,194,,,a,
ASN00092045,20101025,TMAX,195,,,a,
ASN00092045,20101026,TMAX,211,,,a,
ASN00092045,20101027,TMAX,176,,,a,
ASN00092045,20101028,TMAX,187,,,a,
ASN00092045,20101029,TMAX,202,,,a,
ASN00092045,20101030,TMAX,167,,,a,
ASN00092045,20101031,TMAX,187,,,a,
ASN00092045,20101001,TMIN,68,,,a,
ASN00092045,20101002,TMIN,78,,,a,
ASN00092045,20101003,TMIN,115,,,a,
ASN00092045,20101004,TMIN,123,,,a,
ASN00092045,20101005,TMIN,113,,,a,
ASN00092045,20101006,TMIN,78,,,a,
ASN00092045,20101007,TMIN,71,,,a,
ASN00092045,20101008,TMIN,57,,,a,
ASN00092045,20101009,TMIN,69,,,a,
ASN00092045,20101010,TMIN,108,,,a,
ASN00092045,20101011,TMIN,119,,,a,
ASN00092045,20101012,TMIN,121,,,a,
ASN00092045,20101013,TMIN,116,,,a,
ASN00092045,20101014,TMIN,79,,,a,
ASN00092045,20101015,TMIN,98,,,a,
ASN00092045,20101016,TMIN,40,,,a,
ASN00092045,20101017,TMIN,57,,,a,
ASN00092045,20101018,TMIN,87,,,a,
ASN00092045,20101019,TMIN,51,,,a,
ASN00092045,20101020,TMIN,59,,,a,
ASN00092045,20101021,TMIN,91,,,a,
ASN00092045,20101022,TMIN,82,,,a,
ASN00092045,20101023,TMIN,120,,,a,
ASN00092045,20101024,TMIN,102,,,a,
ASN00092045,20101025,TMIN,78,,,a,
ASN00092045,20101026,TMIN,94,,,a,
ASN00092045,20101027,TMIN,117,,,a,
ASN00092045,20101028,TMIN,119,,,a,
ASN00092045,20101029,TMIN,121,,,a,
ASN00092045,20101030,TMIN,138,,,a,
ASN00092045,20101031,TMIN,142,,,a,
ASN00092045,20101001,PRCP,0,,,a,
ASN00092045,20101002,PRCP,0,,,a,
ASN00092045,20101003,PRCP,0,,,a,
ASN00092045,20101004,PRCP,0,,,a,
ASN00092045,20101005,PRCP,0,,,a,
ASN00092045,20101006,PRCP,2,,,a,
ASN00092045,20101007,PRCP,352,,,a,
ASN00092045,20101008,PRCP,4,,,a,
ASN00092045,20101009,PRCP,2,,,a,
ASN00092045,20101010,PRCP,0,,,a,
ASN00092045,20101011,PRCP,0,,,a,
ASN00092045,20101012,PRCP,0,,,a,
ASN00092045,20101013,PRCP,20,,,a,
ASN00092045,20101014,PRCP,22,,,a,
ASN00092045,20101015,PRCP,2,,,a,
ASN00092045,20101016,PRCP,66,,,a,
ASN00092045,20101017,PRCP,8,,,a,
ASN00092045,20101018,PRCP,0,,,a,
ASN00092045,20101019,PRCP,50,,,a,
ASN00092045,20101020,PRCP,0,,,a,
ASN00092045,20101021,PRCP,0,,,a,
ASN00092045,20101022,PRCP,0,,,a,
ASN00092045,20101023,PRCP,46,,,a,
ASN00092045,20101024,PRCP,2,,,a,
ASN00092045,20101025,PRCP,0,,,a,
ASN00092045,20101026,PRCP,0,,,a,
ASN00092045,20101027,PRCP,0,,,a,
ASN00092045,20101028,PRCP,0,,,a,
ASN00092045,20101029,PRCP,0,,,a,
ASN00092045,20101030,PRCP,0,,,a,
ASN00092045,20101031,PRCP,124,,,a,
ASN00092045,20101001,TAVG,117,H,,S,
ASN00092045,20101002,TAVG,138,H,,S,
ASN00092045,20101003,TAVG,148,H,,S,
ASN00092045,20101004,TAVG,143,H,,S,
ASN00092045,20101005,TAVG,123,H,,S,
ASN00092045,20101006,TAVG,126,H,,S,
ASN00092045,20101007,TAVG,99,H,,S,
ASN00092045,20101008,TAVG,115,H,,S,
ASN00092045,20101009,TAVG,136,H,,S,
ASN00092045,20101010,TAVG,138,H,,S,
ASN00092045,20101011,TAVG,147,H,,S,
ASN00092045,20101012,TAVG,144,H,,S,
ASN00092045,20101013,TAVG,111,H,,S,
ASN00092045,20101014,TAVG,127,H,,S,
ASN00092045,20101015,TAVG,94,H,,S,
ASN00092045,20101016,TAVG,88,H,,S,
ASN00092045,20101017,TAVG,121,H,,S,
ASN00092045,20101018,TAVG,104,H,,S,
ASN00092045,20101019,TAVG,118,H,,S,
ASN00092045,20101020,TAVG,133,H,,S,
ASN00092045,20101021,TAVG,126,H,,S,
ASN00092045,20101022,TAVG,149,H,,S,
ASN00092045,20101023,TAVG,134,H,,S,
ASN00092045,20101024,TAVG,131,H,,S,
ASN00092045,20101025,TAVG,137,H,,S,
ASN00092045,20101026,TAVG,141,H,,S,
ASN00092045,20101027,TAVG,136,H,,S,
ASN00092045,20101028,TAVG,142,H,,S,
ASN00092045,20101029,TAVG,157,H,,S,
ASN00092045,20101030,TAVG,152,H,,S,
ASN00092045,20101031,TAVG,127,H,,S,
ASN00092045,20101101,TMAX,168,,,a,
ASN00092045,20101102,TMAX,202,,,a,
ASN00092045,20101103,TMAX,162,,,a,
ASN00092045,20101104,TMAX,150,,,a,
ASN00092045,20101105,TMAX,157,,,a,
ASN00092045,20101106,TMAX,180,,,a,
ASN00092045,20101107,TMAX,202,,,a,
ASN00092045,20101108,TMAX,194,,,a,
ASN00092045,20101109,TMAX,223,,,a,
ASN00092045,20101110,TMAX,223,,,a,
ASN00092045,20101111,TMAX,215,,,a,
ASN00092045,20101112,TMAX,237,,,a,
ASN00092045,20101113,TMAX,139,,,a,
ASN00092045,20101114,TMAX,146,,,a,
ASN00092045,20101115,TMAX,206,,,a,
ASN00092045,20101116,TMAX,173,,,a,
ASN00092045,20101117,TMAX,182,,,a,
ASN00092045,20101118,TMAX,207,,,a,
ASN00092045,20101119,TMAX,184,,,a,
ASN00092045,20101120,TMAX,209,,,a,
ASN00092045,20101121,TMAX,179,,,a,
ASN00092045,20101122,TMAX,199,,,a,
ASN00092045,20101123,TMAX,289,,,a,
ASN00092045,20101124,TMAX,255,,,a,
ASN00092045,20101125,TMAX,229,,,a,
ASN00092045,20101126,TMAX,229,,,a,
ASN00092045,20101127,TMAX,188,,,a,
ASN00092045,20101128,TMAX,168,,,a,
ASN00092045,20101129,TMAX,174,,,a,
ASN00092045,20101130,TMAX,189,,,a,
ASN00092045,20101101,TMIN,89,,,a,
ASN00092045,20101102,TMIN,83,,,a,
ASN00092045,20101103,TMIN,86,,,a,
ASN00092045,20101104,TMIN,86,,,a,
ASN00092045,20101105,TMIN,101,,,a,
ASN00092045,20101106,TMIN,107,,,a,
ASN00092045,20101107,TMIN,117,,,a,
ASN00092045,20101108,TMIN,125,,,a,
ASN00092045,20101109,TMIN,110,,,a,
ASN00092045,20101110,TMIN,120,,,a,
ASN00092045,20101111,TMIN,116,,,a,
ASN00092045,20101112,TMIN,125,,,a,
ASN00092045,20101113,TMIN,136,,,a,
ASN00092045,20101114,TMIN,97,,,a,
ASN00092045,20101115,TMIN,116,,,a,
ASN00092045,20101116,TMIN,107,,,a,
ASN00092045,20101117,TMIN,89,,,a,
ASN00092045,20101118,TMIN,131,,,a,
ASN00092045,20101119,TMIN,67,,,a,
ASN00092045,20101120,TMIN,75,,,a,
ASN00092045,20101121,TMIN,117,,,a,
ASN00092045,20101122,TMIN,125,,,a,
ASN00092045,20101123,TMIN,136,,,a,
ASN00092045,20101124,TMIN,150,,,a,
ASN00092045,20101125,TMIN,151,,,a,
ASN00092045,20101126,TMIN,116,,,a,
ASN00092045,20101127,TMIN,144,,,a,
ASN00092045,20101128,TMIN,148,,,a,
ASN00092045,20101129,TMIN,114,,,a,
ASN00092045,20101130,TMIN,118,,,a,
ASN00092045,20101101,PRCP,6,,,a,
ASN00092045,20101102,PRCP,0,,,a,
ASN00092045,20101103,PRCP,30,,,a,
ASN00092045,20101104,PRCP,2,,,a,
ASN00092045,20101105,PRCP,0,,,a,
ASN00092045,20101106,PRCP,0,,,a,
ASN00092045,20101107,PRCP,0,,,a,
ASN00092045,20101108,PRCP,14,,,a,
ASN00092045,20101109,PRCP,2,,,a,
ASN00092045,20101110,PRCP,0,,,a,
ASN00092045,20101111,PRCP,2,,,a,
ASN00092045,20101112,PRCP,2,,,a,
ASN00092045,20101113,PRCP,8,,,a,
ASN00092045,20101114,PRCP,244,,,a,
ASN00092045,20101115,PRCP,8,,,a,
ASN00092045,20101116,PRCP,0,,,a,
ASN00092045,20101117,PRCP,0,,,a,
ASN00092045,20101118,PRCP,4,,,a,
ASN00092045,20101119,PRCP,218,,,a,
ASN00092045,20101120,PRCP,2,,,a,
ASN00092045,20101121,PRCP,0,,,a,
ASN00092045,20101122,PRCP,0,,,a,
ASN00092045,20101123,PRCP,0,,,a,
ASN00092045,20101124,PRCP,0,,,a,
ASN00092045,20101125,PRCP,0,,,a,
ASN00092045,20101126,PRCP,2,,,a,
ASN00092045,20101127,PRCP,2,,,a,
ASN00092045,20101128,PRCP,88,,,a,
ASN00092045,20101129,PRCP,64,,,a,
ASN00092045,20101130,PRCP,0,,,a,
ASN00092045,20101101,TAVG,119,H,,S,
ASN00092045,20101102,TAVG,132,H,,S,
ASN00092045,20101103,TAVG,111,H,,S,
ASN00092045,20101104,TAVG,120,H,,S,
ASN00092045,20101105,TAVG,124,H,,S,
ASN00092045,20101106,TAVG,140,H,,S,
ASN00092045,20101107,TAVG,152,H,,S,
ASN00092045,20101108,TAVG,147,H,,S,
ASN00092045,20101109,TAVG,153,H,,S,
ASN00092045,20101110,TAVG,149,H,,S,
ASN00092045,20101111,TAVG,149,H,,S,
ASN00092045,20101112,TAVG,181,H,,S,
ASN00092045,20101113,TAVG,119,H,,S,
ASN00092045,20101114,TAVG,129,H,,S,
ASN00092045,20101115,TAVG,141,H,,S,
ASN00092045,20101116,TAVG,129,H,,S,
ASN00092045,20101117,TAVG,144,H,,S,
ASN00092045,20101118,TAVG,121,H,,S,
ASN00092045,20101119,TAVG,123,H,,S,
ASN00092045,20101120,TAVG,151,H,,S,
ASN00092045,20101121,TAVG,140,H,,S,
ASN00092045,20101122,TAVG,165,H,,S,
ASN00092045,20101123,TAVG,190,H,,S,
ASN00092045,20101124,TAVG,196,H,,S,
ASN00092045,20101125,TAVG,162,H,,S,
ASN00092045,20101126,TAVG,168,H,,S,
ASN00092045,20101127,TAVG,163,H,,S,
ASN00092045,20101128,TAVG,132,H,,S,
ASN00092045,20101129,TAVG,139,H,,S,
ASN00092045,20101130,TAVG,147,H,,S,
ASN00092045,20101201,TMAX,166,,,a,
ASN00092045,20101202,TMAX,199,,,a,
ASN00092045,20101203,TMAX,212,,,a,
ASN00092045,20101204,TMAX,273,,,a,
ASN00092045,20101205,TMAX,181,,,a,
ASN00092045,20101206,TMAX,184,,,a,
ASN00092045,20101207,TMAX,202,,,a,
ASN00092045,20101208,TMAX,205,,,a,
ASN00092045,20101209,TMAX,236,,,a,
ASN00092045,20101210,TMAX,177,,,a,
ASN00092045,20101211,TMAX,190,,,a,
ASN00092045,20101212,TMAX,186,,,a,
ASN00092045,20101213,TMAX,200,,,a,
ASN00092045,20101214,TMAX,219,,,a,
ASN00092045,20101215,TMAX,226,,,a,
ASN00092045,20101216,TMAX,232,,,a,
ASN00092045,20101217,TMAX,204,,,a,
ASN00092045,20101218,TMAX,205,,,a,
ASN00092045,20101219,TMAX,162,,,a,
ASN00092045,20101220,TMAX,196,,,a,
ASN00092045,20101221,TMAX,187,,,a,
ASN00092045,20101222,TMAX,192,,,a,
ASN00092045,20101223,TMAX,210,,,a,
ASN00092045,20101224,TMAX,200,,,a,
ASN00092045,20101225,TMAX,208,,,a,
ASN00092045,20101226,TMAX,230,,,a,
ASN00092045,20101227,TMAX,181,,,a,
ASN00092045,20101228,TMAX,193,,,a,
ASN00092045,20101229,TMAX,228,,,a,
ASN00092045,20101230,TMAX,221,,,a,
ASN00092045,20101231,TMAX,228,,,a,
ASN00092045,20101201,TMIN,131,,,a,
ASN00092045,20101202,TMIN,134,,,a,
ASN00092045,20101203,TMIN,161,,,a,
ASN00092045,20101204,TMIN,146,,,a,
ASN00092045,20101205,TMIN,134,,,a,
ASN00092045,20101206,TMIN,135,,,a,
ASN00092045,20101207,TMIN,152,,,a,
ASN00092045,20101208,TMIN,163,,,a,
ASN00092045,20101209,TMIN,145,,,a,
ASN00092045,20101210,TMIN,138,,,a,
ASN00092045,20101211,TMIN,110,,,a,
ASN00092045,20101212,TMIN,108,,,a,
ASN00092045,20101213,TMIN,90,,,a,
ASN00092045,20101214,TMIN,123,,,a,
ASN00092045,20101215,TMIN,150,,,a,
ASN00092045,20101216,TMIN,93,,,a,
ASN00092045,20101217,TMIN,103,,,a,
ASN00092045,20101218,TMIN,97,,,a,
ASN00092045,20101219,TMIN,98,,,a,
ASN00092045,20101220,TMIN,104,,,a,
ASN00092045,20101221,TMIN,105,,,a,
ASN00092045,20101222,TMIN,71,,,a,
ASN00092045,20101223,TMIN,124,,,a,
ASN00092045,20101224,TMIN,119,,,a,
ASN00092045,20101225,TMIN,118,,,a,
ASN00092045,20101226,TMIN,128,,,a,
ASN00092045,20101227,TMIN,74,,,a,
ASN00092045,20101228,TMIN,77,,,a,
ASN00092045,20101229,TMIN,102,,,a,
ASN00092045,20101230,TMIN,80,,,a,
ASN00092045,20101231,TMIN,98,,,a,
ASN00092045,20101201,PRCP,6,,,a,
ASN00092045,20101202,PRCP,64,,,a,
ASN00092045,20101203,PRCP,6,,,a,
ASN00092045,20101204,PRCP,2,,,a,
ASN00092045,20101205,PRCP,4,,,a,
ASN00092045,20101206,PRCP,2,,,a,
ASN00092045,20101207,PRCP,0,,,a,
ASN00092045,20101208,PRCP,38,,,a,
ASN00092045,20101209,PRCP,104,,,a,
ASN00092045,20101210,PRCP,0,,,a,
ASN00092045,20101211,PRCP,12,,,a,
ASN00092045,20101212,PRCP,92,,,a,
ASN00092045,20101213,PRCP,2,,,a,
ASN00092045,20101214,PRCP,0,,,a,
ASN00092045,20101215,PRCP,0,,,a,
ASN00092045,20101216,PRCP,30,,,a,
ASN00092045,20101217,PRCP,0,,,a,
ASN00092045,20101218,PRCP,0,,,a,
ASN00092045,20101219,PRCP,18,,,a,
ASN00092045,20101220,PRCP,110,,,a,
ASN00092045,20101221,PRCP,174,,,a,
ASN00092045,20101222,PRCP,2,,,a,
ASN00092045,20101223,PRCP,0,,,a,
ASN00092045,20101224,PRCP,0,,,a,
ASN00092045,20101225,PRCP,0,,,a,
ASN00092045,20101226,PRCP,0,,,a,
ASN00092045,20101227,PRCP,0,,,a,
ASN00092045,20101228,PRCP,2,,,a,
ASN00092045,20101229,PRCP,0,,,a,
ASN00092045,20101230,PRCP,0,,,a,
ASN00092045,20101231,PRCP,0,,,a,
ASN00092045,20101201,TAVG,149,H,,S,
ASN00092045,20101202,TAVG,171,H,,S,
ASN00092045,20101203,TAVG,175,H,,S,
ASN00092045,20101204,TAVG,173,H,,S,
ASN00092045,20101205,TAVG,148,H,,S,
ASN00092045,20101206,TAVG,162,H,,S,
ASN00092045,20101207,TAVG,174,H,,S,
ASN00092045,20101208,TAVG,169,H,,S,
ASN00092045,20101209,TAVG,174,H,,S,
ASN00092045,20101210,TAVG,144,H,,S,
ASN00092045,20101211,TAVG,149,H,,S,
ASN00092045,20101212,TAVG,139,H,,S,
ASN00092045,20101213,TAVG,157,H,,S,
ASN00092045,20101214,TAVG,171,H,,S,
ASN00092045,20101215,TAVG,151,H,,S,
ASN00092045,20101216,TAVG,156,H,,S,
ASN00092045,20101217,TAVG,148,H,,S,
ASN00092045,20101218,TAVG,144,H,,S,
ASN00092045,20101219,TAVG,133,H,,S,
ASN00092045,20101220,TAVG,137,H,,S,
ASN00092045,20101221,TAVG,116,H,,S,
ASN00092045,20101222,TAVG,152,H,,S,
ASN00092045,20101223,TAVG,154,H,,S,
ASN00092045,20101224,TAVG,150,H,,S,
ASN00092045,20101225,TAVG,162,H,,S,
ASN00092045,20101226,TAVG,132,H,,S,
ASN00092045,20101227,TAVG,125,H,,S,
ASN00092045,20101228,TAVG,144,H,,S,
ASN00092045,20101229,TAVG,160,H,,S,
ASN00092045,20101230,TAVG,151,H,,S,
ASN00092045,20101231,TAVG,178,H,,S,
ASN00092045,20110101,TMAX,230,,,a,
ASN00092045,20110102,TMAX,233,,,a,
ASN00092045,20110103,TMAX,195,,,a,
ASN00092045,20110104,TMAX,209,,,a,
ASN00092045,20110105,TMAX,225,,,a,
ASN00092045,20110106,TMAX,241,,,a,
ASN00092045,20110107,TMAX,224,,,a,
ASN00092045,20110108,TMAX,237,,,a,
ASN00092045,20110109,TMAX,206,,,a,
ASN00092045,20110110,TMAX,189,,,a,
ASN00092045,20110111,TMAX,203,,,a,
ASN00092045,20110112,TMAX,184,,,a,
ASN00092045,20110113,TMAX,191,,,a,
ASN00092045,20110114,TMAX,200,,,a,
ASN00092045,20110115,TMAX,233,,,a,
ASN00092045,20110116,TMAX,233,,,a,
ASN00092045,20110117,TMAX,217,,,a,
ASN00092045,20110118,TMAX,229,,,a,
ASN00092045,20110119,TMAX,227,,,a,
ASN00092045,20110120,TMAX,225,,,a,
ASN00092045,20110121,TMAX,251,,,a,
ASN00092045,20110122,TMAX,195,,,a,
ASN00092045,20110123,TMAX,185,,,a,
ASN00092045,20110124,TMAX,240,,,a,
ASN00092045,20110125,TMAX,194,,,a,
ASN00092045,20110126,TMAX,240,,,a,
ASN00092045,20110127,TMAX,225,,,a,
ASN00092045,20110128,TMAX,231,,,a,
ASN00092045,20110129,TMAX,238,,,a,
ASN00092045,20110130,TMAX,274,,,a,
ASN00092045,20110131,TMAX,218,,,a,
ASN00092045,20110101,TMIN,143,,,a,
ASN00092045,20110102,TMIN,89,,,a,
ASN00092045,20110103,TMIN,126,,,a,
ASN00092045,20110104,TMIN,140,,,a,
ASN00092045,20110105,TMIN,143,,,a,
ASN00092045,20110106,TMIN,130,,,a,
ASN00092045,20110107,TMIN,161,,,a,
ASN00092045,20110108,TMIN,162,,,a,
ASN00092045,20110109,TMIN,157,,,a,
ASN00092045,20110110,TMIN,155,,,a,
ASN00092045,20110111,TMIN,152,,,a,
ASN00092045,20110112,TMIN,176,,,a,
ASN00092045,20110113,TMIN,174,,,a,
ASN00092045,20110114,TMIN,174,,,a,
ASN00092045,20110115,TMIN,160,,,a,
ASN00092045,20110116,TMIN,138,,,a,
ASN00092045,20110117,TMIN,134,,,a,
ASN00092045,20110118,TMIN,90,,,a,
ASN00092045,20110119,TMIN,130,,,a,
ASN00092045,20110120,TMIN,140,,,a,
ASN00092045,20110121,TMIN,171,,,a,
ASN00092045,20110122,TMIN,144,,,a,
ASN00092045,20110123,TMIN,157,,,a,
ASN00092045,20110124,TMIN,139,,,a,
ASN00092045,20110125,TMIN,143,,,a,
ASN00092045,20110126,TMIN,120,,,a,
ASN00092045,20110127,TMIN,141,,,a,
ASN00092045,20110128,TMIN,105,,,a,
ASN00092045,20110129,TMIN,123,,,a,
ASN00092045,20110130,TMIN,156,,,a,
ASN00092045,20110131,TMIN,164,,,a,
ASN00092045,20110101,PRCP,0,,,a,
ASN00092045,20110102,PRCP,0,,,a,
ASN00092045,20110103,PRCP,0,,,a,
ASN00092045,20110104,PRCP,0,,,a,
ASN00092045,20110105,PRCP,4,,,a,
ASN00092045,20110106,PRCP,2,,,a,
ASN00092045,20110107,PRCP,0,,,a,
ASN00092045,20110108,PRCP,0,,,a,
ASN00092045,20110109,PRCP,0,,,a,
ASN00092045,20110110,PRCP,0,,,a,
ASN00092045,20110111,PRCP,178,,,a,
ASN00092045,20110112,PRCP,78,,,a,
ASN00092045,20110113,PRCP,772,,,a,
ASN00092045,20110114,PRCP,4,,,a,
ASN00092045,20110115,PRCP,112,,,a,
ASN00092045,20110116,PRCP,0,,,a,
ASN00092045,20110117,PRCP,0,,,a,
ASN00092045,20110118,PRCP,0,,,a,
ASN00092045,20110119,PRCP,0,,,a,
ASN00092045,20110120,PRCP,0,,,a,
ASN00092045,20110121,PRCP,0,,,a,
ASN00092045,20110122,PRCP,0,,,a,
ASN00092045,20110123,PRCP,0,,,a,
ASN00092045,20110124,PRCP,84,,,a,
ASN00092045,20110125,PRCP,2,,,a,
ASN00092045,20110126,PRCP,0,,,a,
ASN00092045,20110127,PRCP,0,,,a,
ASN00092045,20110128,PRCP,0,,,a,
ASN00092045,20110129,PRCP,0,,,a,
ASN00092045,20110130,PRCP,0,,,a,
ASN00092045,20110131,PRCP,4,,,a,
ASN00092045,20110101,TAVG,163,H,,S,
ASN00092045,20110102,TAVG,167,H,,S,
ASN00092045,20110103,TAVG,161,H,,S,
ASN00092045,20110104,TAVG,172,H,,S,
ASN00092045,20110105,TAVG,174,H,,S,
ASN00092045,20110106,TAVG,191,H,,S,
ASN00092045,20110107,TAVG,188,H,,S,
ASN00092045,20110108,TAVG,187,H,,S,
ASN00092045,20110109,TAVG,174,H,,S,
ASN00092045,20110110,TAVG,171,H,,S,
ASN00092045,20110111,TAVG,182,H,,S,
ASN00092045,20110112,TAVG,179,H,,S,
ASN00092045,20110113,TAVG,182,H,,S,
ASN00092045,20110114,TAVG,176,H,,S,
ASN00092045,20110115,TAVG,183,H,,S,
ASN00092045,20110116,TAVG,178,H,,S,
ASN00092045,20110117,TAVG,159,H,,S,
ASN00092045,20110118,TAVG,168,H,,S,
ASN00092045,20110119,TAVG,165,H,,S,
ASN00092045,20110120,TAVG,189,H,,S,
ASN00092045,20110121,TAVG,182,H,,S,
ASN00092045,20110122,TAVG,168,H,,S,
ASN00092045,20110123,TAVG,166,H,,S,
ASN00092045,20110124,TAVG,175,H,,S,
ASN00092045,20110125,TAVG,161,H,,S,
ASN00092045,20110126,TAVG,182,H,,S,
ASN00092045,20110127,TAVG,170,H,,S,
ASN00092045,20110128,TAVG,164,H,,S,
ASN00092045,20110129,TAVG,179,H,,S,
ASN00092045,20110130,TAVG,203,H,,S,
ASN00092045,20110131,TAVG,181,H,,S,
ASN00092045,20110201,TMAX,319,,,a,
ASN00092045,20110202,TMAX,199,,,a,
ASN00092045,20110203,TMAX,217,,,a,
ASN00092045,20110204,TMAX,209,,,a,
ASN00092045,20110205,TMAX,218,,,a,
ASN00092045,20110206,TMAX,205,,,a,
ASN00092045,20110207,TMAX,217,,,a,
ASN00092045,20110208,TMAX,199,,,a,
ASN00092045,20110209,TMAX,233,,,a,
ASN00092045,20110210,TMAX,201,,,a,
ASN00092045,20110211,TMAX,236,,,a,
ASN00092045,20110212,TMAX,185,,,a,
ASN00092045,20110213,TMAX,247,,,a,
ASN00092045,20110214,TMAX,259,,,a,
ASN00092045,20110215,TMAX,219,,,a,
ASN00092045,20110216,TMAX,255,,,a,
ASN00092045,20110217,TMAX,266,,,a,
ASN00092045,20110218,TMAX,180,,,a,
ASN00092045,20110219,TMAX,219,,,a,
ASN00092045,20110220,TMAX,200,,,a,
ASN00092045,20110221,TMAX,203,,,a,
ASN00092045,20110222,TMAX,221,,,a,
ASN00092045,20110223,TMAX,244,,,a,
ASN00092045,20110224,TMAX,225,,,a,
ASN00092045,20110225,TMAX,209,,,a,
ASN00092045,20110226,TMAX,240,,,a,
ASN00092045,20110227,TMAX,215,,,a,
ASN00092045,20110228,TMAX,231,,,a,
ASN00092045,20110201,TMIN,163,,,a,
ASN00092045,20110202,TMIN,157,,,a,
ASN00092045,20110203,TMIN,164,,,a,
ASN00092045,20110204,TMIN,149,,,a,
ASN00092045,20110205,TMIN,168,,,a,
ASN00092045,20110206,TMIN,116,,,a,
ASN00092045,20110207,TMIN,81,,,a,
ASN00092045,20110208,TMIN,136,,,a,
ASN00092045,20110209,TMIN,127,,,a,
ASN00092045,20110210,TMIN,154,,,a,
ASN00092045,20110211,TMIN,169,,,a,
ASN00092045,20110212,TMIN,130,,,a,
ASN00092045,20110213,TMIN,94,,,a,
ASN00092045,20110214,TMIN,134,,,a,
ASN00092045,20110215,TMIN,156,,,a,
ASN00092045,20110216,TMIN,176,,,a,
ASN00092045,20110217,TMIN,177,,,a,
ASN00092045,20110218,TMIN,149,,,a,
ASN00092045,20110219,TMIN,152,,,a,
ASN00092045,20110220,TMIN,157,,,a,
ASN00092045,20110221,TMIN,91,,,a,
ASN00092045,20110222,TMIN,80,,,a,
ASN00092045,20110223,TMIN,125,,,a,
ASN00092045,20110224,TMIN,139,,,a,
ASN00092045,20110225,TMIN,146,,,a,
ASN00092045,20110226,TMIN,148,,,a,
ASN00092045,20110227,TMIN,137,,,a,
ASN00092045,20110228,TMIN,148,,,a,
ASN00092045,20110201,PRCP,14,,,a,
ASN00092045,20110202,PRCP,4,,,a,
ASN00092045,20110203,PRCP,0,,,a,
ASN00092045,20110204,PRCP,0,,,a,
ASN00092045,20110205,PRCP,38,,,a,
ASN00092045,20110206,PRCP,2,,,a,
ASN00092045,20110207,PRCP,0,,,a,
ASN00092045,20110208,PRCP,0,,,a,
ASN00092045,20110209,PRCP,0,,,a,
ASN00092045,20110210,PRCP,0,,,a,
ASN00092045,20110211,PRCP,16,,,a,
ASN00092045,20110212,PRCP,0,,,a,
ASN00092045,20110213,PRCP,10,,,a,
ASN00092045,20110214,PRCP,2,,,a,
ASN00092045,20110215,PRCP,0,,,a,
ASN00092045,20110216,PRCP,26,,,a,
ASN00092045,20110217,PRCP,34,,,a,
ASN00092045,20110218,PRCP,2,,,a,
ASN00092045,20110219,PRCP,110,,,a,
ASN00092045,20110220,PRCP,136,,,a,
ASN00092045,20110221,PRCP,0,,,a,
ASN00092045,20110222,PRCP,0,,,a,
ASN00092045,20110223,PRCP,0,,,a,
ASN00092045,20110224,PRCP,0,,,a,
ASN00092045,20110225,PRCP,6,,,a,
ASN00092045,20110226,PRCP,0,,,a,
ASN00092045,20110227,PRCP,0,,,a,
ASN00092045,20110228,PRCP,10,,,a,
ASN00092045,20110201,TAVG,190,H,,S,
ASN00092045,20110202,TAVG,174,H,,S,
ASN00092045,20110203,TAVG,179,H,,S,
ASN00092045,20110204,TAVG,190,H,,S,
ASN00092045,20110205,TAVG,160,H,,S,
ASN00092045,20110206,TAVG,138,H,,S,
ASN00092045,20110207,TAVG,167,H,,S,
ASN00092045,20110208,TAVG,156,H,,S,
ASN00092045,20110209,TAVG,179,H,,S,
ASN00092045,20110210,TAVG,183,H,,S,
ASN00092045,20110211,TAVG,178,H,,S,
ASN00092045,20110212,TAVG,139,H,,S,
ASN00092045,20110213,TAVG,183,H,,S,
ASN00092045,20110214,TAVG,194,H,,S,
ASN00092045,20110215,TAVG,191,H,,S,
ASN00092045,20110216,TAVG,199,H,,S,
ASN00092045,20110217,TAVG,178,H,,S,
ASN00092045,20110218,TAVG,167,H,,S,
ASN00092045,20110219,TAVG,179,H,,S,
ASN00092045,20110220,TAVG,136,H,,S,
ASN00092045,20110221,TAVG,136,H,,S,
ASN00092045,20110222,TAVG,171,H,,S,
ASN00092045,20110223,TAVG,178,H,,S,
ASN00092045,20110224,TAVG,172,H,,S,
ASN00092045,20110225,TAVG,175,H,,S,
ASN00092045,20110226,TAVG,181,H,,S,
ASN00092045,20110227,TAVG,177,H,,S,
ASN00092045,20110228,TAVG,174,H,,S,
ASN00092045,20110301,TMAX,215,,,a,
ASN00092045,20110302,TMAX,190,,,a,
ASN00092045,20110303,TMAX,197,,,a,
ASN00092045,20110304,TMAX,190,,,a,
ASN00092045,20110305,TMAX,169,,,a,
ASN00092045,20110306,TMAX,203,,,a,
ASN00092045,20110307,TMAX,232,,,a,
ASN00092045,20110308,TMAX,224,,,a,
ASN00092045,20110309,TMAX,256,,,a,
ASN00092045,20110310,TMAX,198,,,a,
ASN00092045,20110311,TMAX,204,,,a,
ASN00092045,20110312,TMAX,230,,,a,
ASN00092045,20110313,TMAX,250,,,a,
ASN00092045,20110314,TMAX,189,,,a,
ASN00092045,20110315,TMAX,236,,,a,
ASN00092045,20110316,TMAX,191,,,a,
ASN00092045,20110317,TMAX,212,,,a,
ASN00092045,20110318,TMAX,182,,,a,
ASN00092045,20110319,TMAX,188,,,a,
ASN00092045,20110320,TMAX,211,,,a,
ASN00092045,20110321,TMAX,224,,,a,
ASN00092045,20110322,TMAX,186,,,a,
ASN00092045,20110323,TMAX,177,,,a,
ASN00092045,20110324,TMAX,207,,,a,
ASN00092045,20110325,TMAX,177,,,a,
ASN00092045,20110326,TMAX,202,,,a,
ASN00092045,20110327,TMAX,222,,,a,
ASN00092045,20110328,TMAX,203,,,a,
ASN00092045,20110329,TMAX,222,,,a,
ASN00092045,20110330,TMAX,196,,,a,
ASN00092045,20110331,TMAX,193,,,a,
ASN00092045,20110301,TMIN,126,,,a,
ASN00092045,20110302,TMIN,59,,,a,
ASN00092045,20110303,TMIN,112,,,a,
ASN00092045,20110304,TMIN,89,,,a,
ASN00092045,20110305,TMIN,92,,,a,
ASN00092045,20110306,TMIN,116,,,a,
ASN00092045,20110307,TMIN,148,,,a,
ASN00092045,20110308,TMIN,162,,,a,
ASN00092045,20110309,TMIN,167,,,a,
ASN00092045,20110310,TMIN,159,,,a,
ASN00092045,20110311,TMIN,160,,,a,
ASN00092045,20110312,TMIN,153,,,a,
ASN00092045,20110313,TMIN,158,,,a,
ASN00092045,20110314,TMIN,148,,,a,
ASN00092045,20110315,TMIN,138,,,a,
ASN00092045,20110316,TMIN,138,,,a,
ASN00092045,20110317,TMIN,101,,,a,
ASN00092045,20110318,TMIN,101,,,a,
ASN00092045,20110319,TMIN,141,,,a,
ASN00092045,20110320,TMIN,160,,,a,
ASN00092045,20110321,TMIN,171,,,a,
ASN00092045,20110322,TMIN,180,,,a,
ASN00092045,20110323,TMIN,161,,,a,
ASN00092045,20110324,TMIN,153,,,a,
ASN00092045,20110325,TMIN,149,,,a,
ASN00092045,20110326,TMIN,123,,,a,
ASN00092045,20110327,TMIN,104,,,a,
ASN00092045,20110328,TMIN,133,,,a,
ASN00092045,20110329,TMIN,123,,,a,
ASN00092045,20110330,TMIN,148,,,a,
ASN00092045,20110331,TMIN,55,,,a,
ASN00092045,20110301,PRCP,2,,,a,
ASN00092045,20110302,PRCP,22,,,a,
ASN00092045,20110303,PRCP,0,,,a,
ASN00092045,20110304,PRCP,0,,,a,
ASN00092045,20110305,PRCP,0,,,a,
ASN00092045,20110306,PRCP,0,,,a,
ASN00092045,20110307,PRCP,0,,,a,
ASN00092045,20110308,PRCP,0,,,a,
ASN00092045,20110309,PRCP,76,,,a,
ASN00092045,20110310,PRCP,2,,,a,
ASN00092045,20110311,PRCP,0,,,a,
ASN00092045,20110312,PRCP,0,,,a,
ASN00092045,20110313,PRCP,24,,,a,
ASN00092045,20110314,PRCP,2,,,a,
ASN00092045,20110315,PRCP,0,,,a,
ASN00092045,20110316,PRCP,0,,,a,
ASN00092045,20110317,PRCP,0,,,a,
ASN00092045,20110318,PRCP,0,,,a,
ASN00092045,20110319,PRCP,0,,,a,
ASN00092045,20110320,PRCP,0,,,a,
ASN00092045,20110321,PRCP,10,,,a,
ASN00092045,20110322,PRCP,10,,,a,
ASN00092045,20110323,PRCP,466,,,a,
ASN00092045,20110324,PRCP,702,,,a,
ASN00092045,20110325,PRCP,14,,,a,
ASN00092045,20110326,PRCP,2,,,a,
ASN00092045,20110327,PRCP,0,,,a,
ASN00092045,20110328,PRCP,0,,,a,
ASN00092045,20110329,PRCP,0,,,a,
ASN00092045,20110330,PRCP,0,,,a,
ASN00092045,20110331,PRCP,0,,,a,
ASN00092045,20110301,TAVG,116,H,,S,
ASN00092045,20110302,TAVG,151,H,,S,
ASN00092045,20110303,TAVG,135,H,,S,
ASN00092045,20110304,TAVG,128,H,,S,
ASN00092045,20110305,TAVG,141,H,,S,
ASN00092045,20110306,TAVG,172,H,,S,
ASN00092045,20110307,TAVG,186,H,,S,
ASN00092045,20110308,TAVG,186,H,,S,
ASN00092045,20110309,TAVG,184,H,,S,
ASN00092045,20110310,TAVG,171,H,,S,
ASN00092045,20110311,TAVG,171,H,,S,
ASN00092045,20110312,TAVG,183,H,,S,
ASN00092045,20110313,TAVG,192,H,,S,
ASN00092045,20110314,TAVG,158,H,,S,
ASN00092045,20110315,TAVG,175,H,,S,
ASN00092045,20110316,TAVG,146,H,,S,
ASN00092045,20110317,TAVG,148,H,,S,
ASN00092045,20110318,TAVG,157,H,,S,
ASN00092045,20110319,TAVG,169,H,,S,
ASN00092045,20110320,TAVG,182,H,,S,
ASN00092045,20110321,TAVG,189,H,,S,
ASN00092045,20110322,TAVG,174,H,,S,
ASN00092045,20110323,TAVG,167,H,,S,
ASN00092045,20110324,TAVG,166,H,,S,
ASN00092045,20110325,TAVG,147,H,,S,
ASN00092045,20110326,TAVG,147,H,,S,
ASN00092045,20110327,TAVG,162,H,,S,
ASN00092045,20110328,TAVG,156,H,,S,
ASN00092045,20110329,TAVG,176,H,,S,
ASN00092045,20110330,TAVG,124,H,,S,
ASN00092045,20110331,TAVG,138,H,,S,
ASN00092045,20110401,TMAX,184,,,a,
ASN00092045,20110402,TMAX,189,,,a,
ASN00092045,20110403,TMAX,187,,,a,
ASN00092045,20110404,TMAX,190,,,a,
ASN00092045,20110405,TMAX,221,,,a,
ASN00092045,20110406,TMAX,222,,,a,
ASN00092045,20110407,TMAX,221,,,a,
ASN00092045,20110408,TMAX,223,,,a,
ASN00092045,20110409,TMAX,222,,,a,
ASN00092045,20110410,TMAX,186,,,a,
ASN00092045,20110411,TMAX,152,,,a,
ASN00092045,20110412,TMAX,158,,,a,
ASN00092045,20110413,TMAX,161,,,a,
ASN00092045,20110414,TMAX,172,,,a,
ASN00092045,20110415,TMAX,150,,,a,
ASN00092045,20110416,TMAX,191,,,a,
ASN00092045,20110417,TMAX,200,,,a,
ASN00092045,20110418,TMAX,182,,,a,
ASN00092045,20110419,TMAX,205,,,a,
ASN00092045,20110420,TMAX,192,,,a,
ASN00092045,20110421,TMAX,183,,,a,
ASN00092045,20110422,TMAX,167,,,a,
ASN00092045,20110423,TMAX,174,,,a,
ASN00092045,20110424,TMAX,175,,,a,
ASN00092045,20110425,TMAX,208,,,a,
ASN00092045,20110426,TMAX,204,,,a,
ASN00092045,20110427,TMAX,198,,,a,
ASN00092045,20110428,TMAX,187,,,a,
ASN00092045,20110429,TMAX,217,,,a,
ASN00092045,20110430,TMAX,197,,,a,
ASN00092045,20110401,TMIN,103,,,a,
ASN00092045,20110402,TMIN,79,,,a,
ASN00092045,20110403,TMIN,97,,,a,
ASN00092045,20110404,TMIN,84,,,a,
ASN00092045,20110405,TMIN,106,,,a,
ASN00092045,20110406,TMIN,115,,,a,
ASN00092045,20110407,TMIN,113,,,a,
ASN00092045,20110408,TMIN,127,,,a,
ASN00092045,20110409,TMIN,142,,,a,
ASN00092045,20110410,TMIN,135,,,a,
ASN00092045,20110411,TMIN,103,,,a,
ASN00092045,20110412,TMIN,134,,,a,
ASN00092045,20110413,TMIN,112,,,a,
ASN00092045,20110414,TMIN,130,,,a,
ASN00092045,20110415,TMIN,129,,,a,
ASN00092045,20110416,TMIN,117,,,a,
ASN00092045,20110417,TMIN,103,,,a,
ASN00092045,20110418,TMIN,116,,,a,
ASN00092045,20110419,TMIN,145,,,a,
ASN00092045,20110420,TMIN,125,,,a,
ASN00092045,20110421,TMIN,81,,,a,
ASN00092045,20110422,TMIN,104,,,a,
ASN00092045,20110423,TMIN,89,,,a,
ASN00092045,20110424,TMIN,119,,,a,
ASN00092045,20110425,TMIN,101,,,a,
ASN00092045,20110426,TMIN,125,,,a,
ASN00092045,20110427,TMIN,114,,,a,
ASN00092045,20110428,TMIN,121,,,a,
ASN00092045,20110429,TMIN,131,,,a,
ASN00092045,20110430,TMIN,140,,,a,
ASN00092045,20110401,PRCP,0,,,a,
ASN00092045,20110402,PRCP,14,,,a,
ASN00092045,20110403,PRCP,0,,,a,
ASN00092045,20110404,PRCP,0,,,a,
ASN00092045,20110405,PRCP,0,,,a,
ASN00092045,20110406,PRCP,6,,,a,
ASN00092045,20110407,PRCP,0,,,a,
ASN00092045,20110408,PRCP,4,,,a,
ASN00092045,20110409,PRCP,2,,,a,
ASN00092045,20110410,PRCP,86,,,a,
ASN00092045,20110411,PRCP,1532,,,a,
ASN00092045,20110412,PRCP,740,,,a,
ASN00092045,20110413,PRCP,164,,,a,
ASN00092045,20110414,PRCP,46,,,a,
ASN00092045,20110415,PRCP,72,,,a,
ASN00092045,20110416,PRCP,2,,,a,
ASN00092045,20110417,PRCP,0,,,a,
ASN00092045,20110418,PRCP,0,,,a,
ASN00092045,20110419,PRCP,0,,,a,
ASN00092045,20110420,PRCP,2,,,a,
ASN00092045,20110421,PRCP,0,,,a,
ASN00092045,20110422,PRCP,2,,,a,
ASN00092045,20110423,PRCP,2,,,a,
ASN00092045,20110424,PRCP,0,,,a,
ASN00092045,20110425,PRCP,2,,,a,
ASN00092045,20110426,PRCP,0,,,a,
ASN00092045,20110427,PRCP,0,,,a,
ASN00092045,20110428,PRCP,0,,,a,
ASN00092045,20110429,PRCP,0,,,a,
ASN00092045,20110430,PRCP,4,,,a,
ASN00092045,20110401,TAVG,123,H,,S,
ASN00092045,20110402,TAVG,131,H,,S,
ASN00092045,20110403,TAVG,137,H,,S,
ASN00092045,20110404,TAVG,138,H,,S,
ASN00092045,20110405,TAVG,156,H,,S,
ASN00092045,20110406,TAVG,159,H,,S,
ASN00092045,20110407,TAVG,164,H,,S,
ASN00092045,20110408,TAVG,173,H,,S,
ASN00092045,20110409,TAVG,166,H,,S,
ASN00092045,20110410,TAVG,144,H,,S,
ASN00092045,20110411,TAVG,141,H,,S,
ASN00092045,20110412,TAVG,129,H,,S,
ASN00092045,20110413,TAVG,143,H,,S,
ASN00092045,20110414,TAVG,143,H,,S,
ASN00092045,20110415,TAVG,133,H,,S,
ASN00092045,20110416,TAVG,138,H,,S,
ASN00092045,20110417,TAVG,145,H,,S,
ASN00092045,20110418,TAVG,157,H,,S,
ASN00092045,20110419,TAVG,159,H,,S,
ASN00092045,20110420,TAVG,123,H,,S,
ASN00092045,20110421,TAVG,136,H,,S,
ASN00092045,20110422,TAVG,122,H,,S,
ASN00092045,20110423,TAVG,139,H,,S,
ASN00092045,20110424,TAVG,129,H,,S,
ASN00092045,20110425,TAVG,153,H,,S,
ASN00092045,20110426,TAVG,147,H,,S,
ASN00092045,20110427,TAVG,147,H,,S,
ASN00092045,20110428,TAVG,157,H,,S,
ASN00092045,20110429,TAVG,168,H,,S,
ASN00092045,20110430,TAVG,152,H,,S,
ASN00092045,20110501,TMAX,180,,,a,
ASN00092045,20110502,TMAX,169,,,a,
ASN00092045,20110503,TMAX,170,,,a,
ASN00092045,20110504,TMAX,184,,,a,
ASN00092045,20110505,TMAX,150,,,a,
ASN00092045,20110506,TMAX,172,,,a,
ASN00092045,20110507,TMAX,161,,,a,
ASN00092045,20110508,TMAX,143,,,a,
ASN00092045,20110509,TMAX,129,,,a,
ASN00092045,20110510,TMAX,150,,,a,
ASN00092045,20110511,TMAX,133,,,a,
ASN00092045,20110512,TMAX,127,,,a,
ASN00092045,20110513,TMAX,167,,,a,
ASN00092045,20110514,TMAX,142,,,a,
ASN00092045,20110515,TMAX,160,,,a,
ASN00092045,20110516,TMAX,167,,,a,
ASN00092045,20110517,TMAX,153,,,a,
ASN00092045,20110518,TMAX,166,,,a,
ASN00092045,20110519,TMAX,167,,,a,
ASN00092045,20110520,TMAX,188,,,a,
ASN00092045,20110521,TMAX,185,,,a,
ASN00092045,20110522,TMAX,184,,,a,
ASN00092045,20110523,TMAX,180,,,a,
ASN00092045,20110524,TMAX,120,,,a,
ASN00092045,20110525,TMAX,137,,,a,
ASN00092045,20110526,TMAX,132,,,a,
ASN00092045,20110527,TMAX,166,,,a,
ASN00092045,20110528,TMAX,153,,,a,
ASN00092045,20110529,TMAX,146,,,a,
ASN00092045,20110530,TMAX,147,,,a,
ASN00092045,20110531,TMAX,157,,,a,
ASN00092045,20110501,TMIN,134,,,a,
ASN00092045,20110502,TMIN,125,,,a,
ASN00092045,20110503,TMIN,111,,,a,
ASN00092045,20110504,TMIN,87,,,a,
ASN00092045,20110505,TMIN,44,,,a,
ASN00092045,20110506,TMIN,61,,,a,
ASN00092045,20110507,TMIN,75,,,a,
ASN00092045,20110508,TMIN,86,,,a,
ASN00092045,20110509,TMIN,73,,,a,
ASN00092045,20110510,TMIN,54,,,a,
ASN00092045,20110511,TMIN,68,,,a,
ASN00092045,20110512,TMIN,43,,,a,
ASN00092045,20110513,TMIN,64,,,a,
ASN00092045,20110514,TMIN,31,,,a,
ASN00092045,20110515,TMIN,51,,,a,
ASN00092045,20110516,TMIN,104,,,a,
ASN00092045,20110517,TMIN,104,,,a,
ASN00092045,20110518,TMIN,111,,,a,
ASN00092045,20110519,TMIN,98,,,a,
ASN00092045,20110520,TMIN,124,,,a,
ASN00092045,20110521,TMIN,100,,,a,
ASN00092045,20110522,TMIN,111,,,a,
ASN00092045,20110523,TMIN,132,,,a,
ASN00092045,20110524,TMIN,99,,,a,
ASN00092045,20110525,TMIN,62,,,a,
ASN00092045,20110526,TMIN,60,,,a,
ASN00092045,20110527,TMIN,69,,,a,
ASN00092045,20110528,TMIN,69,,,a,
ASN00092045,20110529,TMIN,54,,,a,
ASN00092045,20110530,TMIN,67,,,a,
ASN00092045,20110531,TMIN,76,,,a,
ASN00092045,20110501,PRCP,50,,,a,
ASN00092045,20110502,PRCP,8,,,a,
ASN00092045,20110503,PRCP,0,,,a,
ASN00092045,20110504,PRCP,16,,,a,
ASN00092045,20110505,PRCP,16,,,a,
ASN00092045,20110506,PRCP,0,,,a,
ASN00092045,20110507,PRCP,0,,,a,
ASN00092045,20110508,PRCP,0,,,a,
ASN00092045,20110509,PRCP,0,,,a,
ASN00092045,20110510,PRCP,0,,,a,
ASN00092045,20110511,PRCP,52,,,a,
ASN00092045,20110512,PRCP,0,,,a,
ASN00092045,20110513,PRCP,4,,,a,
ASN00092045,20110514,PRCP,0,,,a,
ASN00092045,20110515,PRCP,0,,,a,
ASN00092045,20110516,PRCP,0,,,a,
ASN00092045,20110517,PRCP,0,,,a,
ASN00092045,20110518,PRCP,0,,,a,
ASN00092045,20110519,PRCP,0,,,a,
ASN00092045,20110520,PRCP,0,,,a,
ASN00092045,20110521,PRCP,2,,,a,
ASN00092045,20110522,PRCP,0,,,a,
ASN00092045,20110523,PRCP,62,,,a,
ASN00092045,20110524,PRCP,40,,,a,
ASN00092045,20110525,PRCP,0,,,a,
ASN00092045,20110526,PRCP,2,,,a,
ASN00092045,20110527,PRCP,0,,,a,
ASN00092045,20110528,PRCP,0,,,a,
ASN00092045,20110529,PRCP,0,,,a,
ASN00092045,20110530,PRCP,2,,,a,
ASN00092045,20110531,PRCP,0,,,a,
ASN00092045,20110501,TAVG,142,H,,S,
ASN00092045,20110502,TAVG,134,H,,S,
ASN00092045,20110503,TAVG,123,H,,S,
ASN00092045,20110504,TAVG,112,H,,S,
ASN00092045,20110505,TAVG,96,H,,S,
ASN00092045,20110506,TAVG,103,H,,S,
ASN00092045,20110507,TAVG,111,H,,S,
ASN00092045,20110508,TAVG,100,H,,S,
ASN00092045,20110509,TAVG,93,H,,S,
ASN00092045,20110510,TAVG,103,H,,S,
ASN00092045,20110511,TAVG,94,H,,S,
ASN00092045,20110512,TAVG,90,H,,S,
ASN00092045,20110513,TAVG,83,H,,S,
ASN00092045,20110514,TAVG,89,H,,S,
ASN00092045,20110515,TAVG,129,H,,S,
ASN00092045,20110516,TAVG,129,H,,S,
ASN00092045,20110517,TAVG,131,H,,S,
ASN00092045,20110518,TAVG,122,H,,S,
ASN00092045,20110519,TAVG,136,H,,S,
ASN00092045,20110520,TAVG,133,H,,S,
ASN00092045,20110521,TAVG,138,H,,S,
ASN00092045,20110522,TAVG,147,H,,S,
ASN00092045,20110523,TAVG,127,H,,S,
ASN00092045,20110524,TAVG,90,H,,S,
ASN00092045,20110525,TAVG,93,H,,S,
ASN00092045,20110526,TAVG,100,H,,S,
ASN00092045,20110527,TAVG,113,H,,S,
ASN00092045,20110528,TAVG,83,H,,S,
ASN00092045,20110529,TAVG,98,H,,S,
ASN00092045,20110530,TAVG,104,H,,S,
ASN00092045,20110531,TAVG,119,H,,S,
ASN00092045,20110601,TMAX,169,,,a,
ASN00092045,20110602,TMAX,179,,,a,
ASN00092045,20110603,TMAX,166,,,a,
ASN00092045,20110604,TMAX,150,,,a,
ASN00092045,20110605,TMAX,147,,,a,
ASN00092045,20110606,TMAX,117,,,a,
ASN00092045,20110607,TMAX,109,,,a,
ASN00092045,20110608,TMAX,122,,,a,
ASN00092045,20110609,TMAX,119,,,a,
ASN00092045,20110610,TMAX,133,,,a,
ASN00092045,20110611,TMAX,157,,,a,
ASN00092045,20110612,TMAX,131,,,a,
ASN00092045,20110613,TMAX,143,,,a,
ASN00092045,20110614,TMAX,130,,,a,
ASN00092045,20110615,TMAX,143,,,a,
ASN00092045,20110616,TMAX,164,,,a,
ASN00092045,20110617,TMAX,139,,,a,
ASN00092045,20110618,TMAX,150,,,a,
ASN00092045,20110619,TMAX,138,,,a,
ASN00092045,20110620,TMAX,144,,,a,
ASN00092045,20110621,TMAX,99,,,a,
ASN00092045,20110622,TMAX,114,,,a,
ASN00092045,20110623,TMAX,142,,,a,
ASN00092045,20110624,TMAX,161,,,a,
ASN00092045,20110625,TMAX,163,,,a,
ASN00092045,20110626,TMAX,150,,,a,
ASN00092045,20110627,TMAX,159,,,a,
ASN00092045,20110628,TMAX,139,,,a,
ASN00092045,20110629,TMAX,171,,,a,
ASN00092045,20110630,TMAX,165,,,a,
ASN00092045,20110601,TMIN,86,,,a,
ASN00092045,20110602,TMIN,122,,,a,
ASN00092045,20110603,TMIN,112,,,a,
ASN00092045,20110604,TMIN,86,,,a,
ASN00092045,20110605,TMIN,96,,,a,
ASN00092045,20110606,TMIN,26,,,a,
ASN00092045,20110607,TMIN,54,,,a,
ASN00092045,20110608,TMIN,54,,,a,
ASN00092045,20110609,TMIN,80,,,a,
ASN00092045,20110610,TMIN,98,,,a,
ASN00092045,20110611,TMIN,74,,,a,
ASN00092045,20110612,TMIN,74,,,a,
ASN00092045,20110613,TMIN,74,,,a,
ASN00092045,20110614,TMIN,62,,,a,
ASN00092045,20110615,TMIN,42,,,a,
ASN00092045,20110616,TMIN,74,,,a,
ASN00092045,20110617,TMIN,93,,,a,
ASN00092045,20110618,TMIN,61,,,a,
ASN00092045,20110619,TMIN,41,,,a,
ASN00092045,20110620,TMIN,79,,,a,
ASN00092045,20110621,TMIN,79,,,a,
ASN00092045,20110622,TMIN,50,,,a,
ASN00092045,20110623,TMIN,69,,,a,
ASN00092045,20110624,TMIN,85,,,a,
ASN00092045,20110625,TMIN,110,,,a,
ASN00092045,20110626,TMIN,118,,,a,
ASN00092045,20110627,TMIN,79,,,a,
ASN00092045,20110628,TMIN,82,,,a,
ASN00092045,20110629,TMIN,100,,,a,
ASN00092045,20110630,TMIN,98,,,a,
ASN00092045,20110601,PRCP,0,,,a,
ASN00092045,20110602,PRCP,4,,,a,
ASN00092045,20110603,PRCP,4,,,a,
ASN00092045,20110604,PRCP,26,,,a,
ASN00092045,20110605,PRCP,0,,,a,
ASN00092045,20110606,PRCP,12,,,a,
ASN00092045,20110607,PRCP,30,,,a,
ASN00092045,20110608,PRCP,80,,,a,
ASN00092045,20110609,PRCP,170,,,a,
ASN00092045,20110610,PRCP,0,,,a,
ASN00092045,20110611,PRCP,2,,,a,
ASN00092045,20110612,PRCP,0,,,a,
ASN00092045,20110613,PRCP,0,,,a,
ASN00092045,20110614,PRCP,2,,,a,
ASN00092045,20110615,PRCP,2,,,a,
ASN00092045,20110616,PRCP,0,,,a,
ASN00092045,20110617,PRCP,4,,,a,
ASN00092045,20110618,PRCP,2,,,a,
ASN00092045,20110619,PRCP,0,,,a,
ASN00092045,20110620,PRCP,40,,,a,
ASN00092045,20110621,PRCP,22,,,a,
ASN00092045,20110622,PRCP,26,,,a,
ASN00092045,20110623,PRCP,8,,,a,
ASN00092045,20110624,PRCP,6,,,a,
ASN00092045,20110625,PRCP,0,,,a,
ASN00092045,20110626,PRCP,4,,,a,
ASN00092045,20110627,PRCP,2,,,a,
ASN00092045,20110628,PRCP,0,,,a,
ASN00092045,20110629,PRCP,0,,,a,
ASN00092045,20110630,PRCP,6,,,a,
ASN00092045,20110601,TAVG,140,H,,S,
ASN00092045,20110602,TAVG,137,H,,S,
ASN00092045,20110603,TAVG,116,H,,S,
ASN00092045,20110604,TAVG,119,H,,S,
ASN00092045,20110605,TAVG,86,H,,S,
ASN00092045,20110606,TAVG,88,H,,S,
ASN00092045,20110607,TAVG,78,H,,S,
ASN00092045,20110608,TAVG,103,H,,S,
ASN00092045,20110609,TAVG,108,H,,S,
ASN00092045,20110610,TAVG,101,H,,S,
ASN00092045,20110611,TAVG,107,H,,S,
ASN00092045,20110612,TAVG,99,H,,S,
ASN00092045,20110613,TAVG,92,H,,S,
ASN00092045,20110614,TAVG,86,H,,S,
ASN00092045,20110615,TAVG,104,H,,S,
ASN00092045,20110616,TAVG,118,H,,S,
ASN00092045,20110617,TAVG,97,H,,S,
ASN00092045,20110618,TAVG,91,H,,S,
ASN00092045,20110619,TAVG,118,H,,S,
ASN00092045,20110620,TAVG,124,H,,S,
ASN00092045,20110621,TAVG,70,H,,S,
ASN00092045,20110622,TAVG,93,H,,S,
ASN00092045,20110623,TAVG,119,H,,S,
ASN00092045,20110624,TAVG,131,H,,S,
ASN00092045,20110625,TAVG,131,H,,S,
ASN00092045,20110626,TAVG,108,H,,S,
ASN00092045,20110627,TAVG,114,H,,S,
ASN00092045,20110628,TAVG,123,H,,S,
ASN00092045,20110629,TAVG,127,H,,S,
ASN00092045,20110630,TAVG,105,H,,S,
ASN00092045,20110701,TMAX,158,,,a,
ASN00092045,20110702,TMAX,162,,,a,
ASN00092045,20110703,TMAX,136,,,a,
ASN00092045,20110704,TMAX,144,,,a,
ASN00092045,20110705,TMAX,99,,,a,
ASN00092045,20110706,TMAX,124,,,a,
ASN00092045,20110707,TMAX,116,,,a,
ASN00092045,20110708,TMAX,132,,,a,
ASN00092045,20110709,TMAX,139,,,a,
ASN00092045,20110710,TMAX,117,,,a,
ASN00092045,20110711,TMAX,122,,,a,
ASN00092045,20110712,TMAX,130,,,a,
ASN00092045,20110713,TMAX,132,,,a,
ASN00092045,20110714,TMAX,126,,,a,
ASN00092045,20110715,TMAX,142,,,a,
ASN00092045,20110716,TMAX,140,,,a,
ASN00092045,20110717,TMAX,137,,,a,
ASN00092045,20110718,TMAX,140,,,a,
ASN00092045,20110719,TMAX,121,,,a,
ASN00092045,20110720,TMAX,110,,,a,
ASN00092045,20110721,TMAX,116,,,a,
ASN00092045,20110722,TMAX,122,,,a,
ASN00092045,20110723,TMAX,123,,,a,
ASN00092045,20110724,TMAX,128,,,a,
ASN00092045,20110725,TMAX,129,,,a,
ASN00092045,20110726,TMAX,138,,,a,
ASN00092045,20110727,TMAX,120,,,a,
ASN00092045,20110728,TMAX,130,,,a,
ASN00092045,20110729,TMAX,161,,,a,
ASN00092045,20110730,TMAX,157,,,a,
ASN00092045,20110731,TMAX,160,,,a,
ASN00092045,20110701,TMIN,66,,,a,
ASN00092045,20110702,TMIN,86,,,a,
ASN00092045,20110703,TMIN,90,,,a,
ASN00092045,20110704,TMIN,92,,,a,
ASN00092045,20110705,TMIN,76,,,a,
ASN00092045,20110706,TMIN,39,,,a,
ASN00092045,20110707,TMIN,26,,,a,
ASN00092045,20110708,TMIN,52,,,a,
ASN00092045,20110709,TMIN,93,,,a,
ASN00092045,20110710,TMIN,94,,,a,
ASN00092045,20110711,TMIN,27,,,a,
ASN00092045,20110712,TMIN,68,,,a,
ASN00092045,20110713,TMIN,70,,,a,
ASN00092045,20110714,TMIN,12,,,a,
ASN00092045,20110715,TMIN,40,,,a,
ASN00092045,20110716,TMIN,44,,,a,
ASN00092045,20110717,TMIN,79,,,a,
ASN00092045,20110718,TMIN,85,,,a,
ASN00092045,20110719,TMIN,108,,,a,
ASN00092045,20110720,TMIN,89,,,a,
ASN00092045,20110721,TMIN,85,,,a,
ASN00092045,20110722,TMIN,93,,,a,
ASN00092045,20110723,TMIN,58,,,a,
ASN00092045,20110724,TMIN,63,,,a,
ASN00092045,20110725,TMIN,59,,,a,
ASN00092045,20110726,TMIN,70,,,a,
ASN00092045,20110727,TMIN,33,,,a,
ASN00092045,20110728,TMIN,67,,,a,
ASN00092045,20110729,TMIN,109,,,a,
ASN00092045,20110730,TMIN,75,,,a,
ASN00092045,20110731,TMIN,106,,,a,
ASN00092045,20110701,PRCP,2,,,a,
ASN00092045,20110702,PRCP,2,,,a,
ASN00092045,20110703,PRCP,14,,,a,
ASN00092045,20110704,PRCP,24,,,a,
ASN00092045,20110705,PRCP,88,,,a,
ASN00092045,20110706,PRCP,0,,,a,
ASN00092045,20110707,PRCP,0,,,a,
ASN00092045,20110708,PRCP,0,,,a,
ASN00092045,20110709,PRCP,0,,,a,
ASN00092045,20110710,PRCP,2,,,a,
ASN00092045,20110711,PRCP,0,,,a,
ASN00092045,20110712,PRCP,0,,,a,
ASN00092045,20110713,PRCP,0,,,a,
ASN00092045,20110714,PRCP,0,,,a,
ASN00092045,20110715,PRCP,0,,,a,
ASN00092045,20110716,PRCP,0,,,a,
ASN00092045,20110717,PRCP,2,,,a,
ASN00092045,20110718,PRCP,2,,,a,
ASN00092045,20110719,PRCP,44,,,a,
ASN00092045,20110720,PRCP,22,,,a,
ASN00092045,20110721,PRCP,40,,,a,
ASN00092045,20110722,PRCP,2,,,a,
ASN00092045,20110723,PRCP,10,,,a,
ASN00092045,20110724,PRCP,0,,,a,
ASN00092045,20110725,PRCP,0,,,a,
ASN00092045,20110726,PRCP,0,,,a,
ASN00092045,20110727,PRCP,2,,,a,
ASN00092045,20110728,PRCP,0,,,a,
ASN00092045,20110729,PRCP,0,,,a,
ASN00092045,20110730,PRCP,0,,,a,
ASN00092045,20110731,PRCP,2,,,a,
ASN00092045,20110701,TAVG,111,H,,S,
ASN00092045,20110702,TAVG,122,H,,S,
ASN00092045,20110703,TAVG,112,H,,S,
ASN00092045,20110704,TAVG,99,H,,S,
ASN00092045,20110705,TAVG,65,H,,S,
ASN00092045,20110706,TAVG,67,H,,S,
ASN00092045,20110707,TAVG,91,H,,S,
ASN00092045,20110708,TAVG,106,H,,S,
ASN00092045,20110709,TAVG,112,H,,S,
ASN00092045,20110710,TAVG,64,H,,S,
ASN00092045,20110711,TAVG,99,H,,S,
ASN00092045,20110712,TAVG,101,H,,S,
ASN00092045,20110713,TAVG,65,H,,S,
ASN00092045,20110714,TAVG,73,H,,S,
ASN00092045,20110715,TAVG,83,H,,S,
ASN00092045,20110716,TAVG,104,H,,S,
ASN00092045,20110717,TAVG,106,H,,S,
ASN00092045,20110718,TAVG,117,H,,S,
ASN00092045,20110719,TAVG,106,H,,S,
ASN00092045,20110720,TAVG,99,H,,S,
ASN00092045,20110721,TAVG,104,H,,S,
ASN00092045,20110722,TAVG,89,H,,S,
ASN00092045,20110723,TAVG,90,H,,S,
ASN00092045,20110724,TAVG,86,H,,S,
ASN00092045,20110725,TAVG,93,H,,S,
ASN00092045,20110726,TAVG,81,H,,S,
ASN00092045,20110727,TAVG,102,H,,S,
ASN00092045,20110728,TAVG,120,H,,S,
ASN00092045,20110729,TAVG,106,H,,S,
ASN00092045,20110730,TAVG,124,H,,S,
ASN00092045,20110731,TAVG,123,H,,S,
ASN00092045,20110801,TMAX,167,,,a,
ASN00092045,20110802,TMAX,164,,,a,
ASN00092045,20110803,TMAX,158,,,a,
ASN00092045,20110804,TMAX,187,,,a,
ASN00092045,20110805,TMAX,157,,,a,
ASN00092045,20110806,TMAX,161,,,a,
ASN00092045,20110807,TMAX,123,,,a,
ASN00092045,20110808,TMAX,132,,,a,
ASN00092045,20110809,TMAX,134,,,a,
ASN00092045,20110810,TMAX,132,,,a,
ASN00092045,20110811,TMAX,115,,,a,
ASN00092045,20110812,TMAX,128,,,a,
ASN00092045,20110813,TMAX,135,,,a,
ASN00092045,20110814,TMAX,121,,,a,
ASN00092045,20110815,TMAX,144,,,a,
ASN00092045,20110816,TMAX,169,,,a,
ASN00092045,20110817,TMAX,168,,,a,
ASN00092045,20110818,TMAX,149,,,a,
ASN00092045,20110819,TMAX,168,,,a,
ASN00092045,20110820,TMAX,164,,,a,
ASN00092045,20110821,TMAX,177,,,a,
ASN00092045,20110822,TMAX,175,,,a,
ASN00092045,20110823,TMAX,163,,,a,
ASN00092045,20110824,TMAX,187,,,a,
ASN00092045,20110825,TMAX,175,,,a,
ASN00092045,20110826,TMAX,154,,,a,
ASN00092045,20110827,TMAX,149,,,a,
ASN00092045,20110828,TMAX,152,,,a,
ASN00092045,20110829,TMAX,159,,,a,
ASN00092045,20110830,TMAX,136,,,a,
ASN00092045,20110831,TMAX,171,,,a,
ASN00092045,20110801,TMIN,103,,,a,
ASN00092045,20110802,TMIN,98,,,a,
ASN00092045,20110803,TMIN,97,,,a,
ASN00092045,20110804,TMIN,96,,,a,
ASN00092045,20110805,TMIN,97,,,a,
ASN00092045,20110806,TMIN,94,,,a,
ASN00092045,20110807,TMIN,100,,,a,
ASN00092045,20110808,TMIN,64,,,a,
ASN00092045,20110809,TMIN,104,,,a,
ASN00092045,20110810,TMIN,120,,,a,
ASN00092045,20110811,TMIN,95,,,a,
ASN00092045,20110812,TMIN,43,,,a,
ASN00092045,20110813,TMIN,55,,,a,
ASN00092045,20110814,TMIN,92,,,a,
ASN00092045,20110815,TMIN,94,,,a,
ASN00092045,20110816,TMIN,115,,,a,
ASN00092045,20110817,TMIN,120,,,a,
ASN00092045,20110818,TMIN,125,,,a,
ASN00092045,20110819,TMIN,121,,,a,
ASN00092045,20110820,TMIN,112,,,a,
ASN00092045,20110821,TMIN,82,,,a,
ASN00092045,20110822,TMIN,60,,,a,
ASN00092045,20110823,TMIN,77,,,a,
ASN00092045,20110824,TMIN,103,,,a,
ASN00092045,20110825,TMIN,96,,,a,
ASN00092045,20110826,TMIN,55,,,a,
ASN00092045,20110827,TMIN,72,,,a,
ASN00092045,20110828,TMIN,107,,,a,
ASN00092045,20110829,TMIN,90,,,a,
ASN00092045,20110830,TMIN,51,,,a,
ASN00092045,20110831,TMIN,84,,,a,
ASN00092045,20110801,PRCP,4,,,a,
ASN00092045,20110802,PRCP,24,,,a,
ASN00092045,20110803,PRCP,0,,,a,
ASN00092045,20110804,PRCP,0,,,a,
ASN00092045,20110805,PRCP,2,,,a,
ASN00092045,20110806,PRCP,6,,,a,
ASN00092045,20110807,PRCP,132,,,a,
ASN00092045,20110808,PRCP,328,,,a,
ASN00092045,20110809,PRCP,254,,,a,
ASN00092045,20110810,PRCP,106,,,a,
ASN00092045,20110811,PRCP,2,,,a,
ASN00092045,20110812,PRCP,0,,,a,
ASN00092045,20110813,PRCP,2,,,a,
ASN00092045,20110814,PRCP,6,,,a,
ASN00092045,20110815,PRCP,24,,,a,
ASN00092045,20110816,PRCP,8,,,a,
ASN00092045,20110817,PRCP,2,,,a,
ASN00092045,20110818,PRCP,324,,,a,
ASN00092045,20110819,PRCP,62,,,a,
ASN00092045,20110820,PRCP,0,,,a,
ASN00092045,20110821,PRCP,0,,,a,
ASN00092045,20110822,PRCP,2,,,a,
ASN00092045,20110823,PRCP,0,,,a,
ASN00092045,20110824,PRCP,2,,,a,
ASN00092045,20110825,PRCP,0,,,a,
ASN00092045,20110826,PRCP,16,,,a,
ASN00092045,20110827,PRCP,8,,,a,
ASN00092045,20110828,PRCP,0,,,a,
ASN00092045,20110829,PRCP,16,,,a,
ASN00092045,20110830,PRCP,2,,,a,
ASN00092045,20110831,PRCP,0,,,a,
ASN00092045,20110801,TAVG,126,H,,S,
ASN00092045,20110802,TAVG,131,H,,S,
ASN00092045,20110803,TAVG,120,H,,S,
ASN00092045,20110804,TAVG,125,H,,S,
ASN00092045,20110805,TAVG,119,H,,S,
ASN00092045,20110806,TAVG,118,H,,S,
ASN00092045,20110807,TAVG,97,H,,S,
ASN00092045,20110808,TAVG,121,H,,S,
ASN00092045,20110809,TAVG,125,H,,S,
ASN00092045,20110810,TAVG,111,H,,S,
ASN00092045,20110811,TAVG,87,H,,S,
ASN00092045,20110812,TAVG,91,H,,S,
ASN00092045,20110813,TAVG,106,H,,S,
ASN00092045,20110814,TAVG,109,H,,S,
ASN00092045,20110815,TAVG,124,H,,S,
ASN00092045,20110816,TAVG,133,H,,S,
ASN00092045,20110817,TAVG,132,H,,S,
ASN00092045,20110818,TAVG,133,H,,S,
ASN00092045,20110819,TAVG,131,H,,S,
ASN00092045,20110820,TAVG,114,H,,S,
ASN00092045,20110821,TAVG,109,H,,S,
ASN00092045,20110822,TAVG,112,H,,S,
ASN00092045,20110823,TAVG,122,H,,S,
ASN00092045,20110824,TAVG,125,H,,S,
ASN00092045,20110825,TAVG,107,H,,S,
ASN00092045,20110826,TAVG,99,H,,S,
ASN00092045,20110827,TAVG,119,H,,S,
ASN00092045,20110828,TAVG,119,H,,S,
ASN00092045,20110829,TAVG,93,H,,S,
ASN00092045,20110830,TAVG,108,H,,S,
ASN00092045,20110831,TAVG,104,H,,S,
ASN00092045,20110901,TMAX,161,,,a,
ASN00092045,20110902,TMAX,162,,,a,
ASN00092045,20110903,TMAX,182,,,a,
ASN00092045,20110904,TMAX,182,,,a,
ASN00092045,20110905,TMAX,170,,,a,
ASN00092045,20110906,TMAX,174,,,a,
ASN00092045,20110907,TMAX,160,,,a,
ASN00092045,20110908,TMAX,144,,,a,
ASN00092045,20110909,TMAX,141,,,a,
ASN00092045,20110910,TMAX,139,,,a,
ASN00092045,20110911,TMAX,134,,,a,
ASN00092045,20110912,TMAX,151,,,a,
ASN00092045,20110913,TMAX,157,,,a,
ASN00092045,20110914,TMAX,157,,,a,
ASN00092045,20110915,TMAX,160,,,a,
ASN00092045,20110916,TMAX,180,,,a,
ASN00092045,20110917,TMAX,164,,,a,
ASN00092045,20110918,TMAX,185,,,a,
ASN00092045,20110919,TMAX,188,,,a,
ASN00092045,20110920,TMAX,180,,,a,
ASN00092045,20110921,TMAX,183,,,a,
ASN00092045,20110922,TMAX,193,,,a,
ASN00092045,20110923,TMAX,160,,,a,
ASN00092045,20110924,TMAX,136,,,a,
ASN00092045,20110925,TMAX,181,,,a,
ASN00092045,20110926,TMAX,189,,,a,
ASN00092045,20110927,TMAX,190,,,a,
ASN00092045,20110928,TMAX,215,,,a,
ASN00092045,20110929,TMAX,140,,,a,
ASN00092045,20110930,TMAX,171,,,a,
ASN00092045,20110901,TMIN,50,,,a,
ASN00092045,20110902,TMIN,67,,,a,
ASN00092045,20110903,TMIN,92,,,a,
ASN00092045,20110904,TMIN,116,,,a,
ASN00092045,20110905,TMIN,93,,,a,
ASN00092045,20110906,TMIN,91,,,a,
ASN00092045,20110907,TMIN,44,,,a,
ASN00092045,20110908,TMIN,46,,,a,
ASN00092045,20110909,TMIN,73,,,a,
ASN00092045,20110910,TMIN,36,,,a,
ASN00092045,20110911,TMIN,54,,,a,
ASN00092045,20110912,TMIN,54,,,a,
ASN00092045,20110913,TMIN,88,,,a,
ASN00092045,20110914,TMIN,98,,,a,
ASN00092045,20110915,TMIN,72,,,a,
ASN00092045,20110916,TMIN,89,,,a,
ASN00092045,20110917,TMIN,61,,,a,
ASN00092045,20110918,TMIN,83,,,a,
ASN00092045,20110919,TMIN,70,,,a,
ASN00092045,20110920,TMIN,109,,,a,
ASN00092045,20110921,TMIN,85,,,a,
ASN00092045,20110922,TMIN,119,,,a,
ASN00092045,20110923,TMIN,113,,,a,
ASN00092045,20110924,TMIN,84,,,a,
ASN00092045,20110925,TMIN,60,,,a,
ASN00092045,20110926,TMIN,67,,,a,
ASN00092045,20110927,TMIN,76,,,a,
ASN00092045,20110928,TMIN,102,,,a,
ASN00092045,20110929,TMIN,124,,,a,
ASN00092045,20110930,TMIN,84,,,a,
ASN00092045,20110901,PRCP,0,,,a,
ASN00092045,20110902,PRCP,0,,,a,
ASN00092045,20110903,PRCP,0,,,a,
ASN00092045,20110904,PRCP,4,,,a,
ASN00092045,20110905,PRCP,0,,,a,
ASN00092045,20110906,PRCP,18,,,a,
ASN00092045,20110907,PRCP,6,,,a,
ASN00092045,20110908,PRCP,0,,,a,
ASN00092045,20110909,PRCP,2,,,a,
ASN00092045,20110910,PRCP,8,,,a,
ASN00092045,20110911,PRCP,0,,,a,
ASN00092045,20110912,PRCP,2,,,a,
ASN00092045,20110913,PRCP,0,,,a,
ASN00092045,20110914,PRCP,16,,,a,
ASN00092045,20110915,PRCP,0,,,a,
ASN00092045,20110916,PRCP,0,,,a,
ASN00092045,20110917,PRCP,0,,,a,
ASN00092045,20110918,PRCP,0,,,a,
ASN00092045,20110919,PRCP,2,,,a,
ASN00092045,20110920,PRCP,18,,,a,
ASN00092045,20110921,PRCP,4,,,a,
ASN00092045,20110922,PRCP,2,,,a,
ASN00092045,20110923,PRCP,0,,,a,
ASN00092045,20110924,PRCP,2,,,a,
ASN00092045,20110925,PRCP,0,,,a,
ASN00092045,20110926,PRCP,0,,,a,
ASN00092045,20110927,PRCP,0,,,a,
ASN00092045,20110928,PRCP,0,,,a,
ASN00092045,20110929,PRCP,42,,,a,
ASN00092045,20110930,PRCP,292,,,a,
ASN00092045,20110901,TAVG,107,H,,S,
ASN00092045,20110902,TAVG,121,H,,S,
ASN00092045,20110903,TAVG,138,H,,S,
ASN00092045,20110904,TAVG,124,H,,S,
ASN00092045,20110905,TAVG,124,H,,S,
ASN00092045,20110906,TAVG,92,H,,S,
ASN00092045,20110907,TAVG,94,H,,S,
ASN00092045,20110908,TAVG,104,H,,S,
ASN00092045,20110909,TAVG,85,H,,S,
ASN00092045,20110910,TAVG,95,H,,S,
ASN00092045,20110911,TAVG,88,H,,S,
ASN00092045,20110912,TAVG,111,H,,S,
ASN00092045,20110913,TAVG,124,H,,S,
ASN00092045,20110914,TAVG,106,H,,S,
ASN00092045,20110915,TAVG,115,H,,S,
ASN00092045,20110916,TAVG,116,H,,S,
ASN00092045,20110917,TAVG,120,H,,S,
ASN00092045,20110918,TAVG,113,H,,S,
ASN00092045,20110919,TAVG,135,H,,S,
ASN00092045,20110920,TAVG,118,H,,S,
ASN00092045,20110921,TAVG,141,H,,S,
ASN00092045,20110922,TAVG,144,H,,S,
ASN00092045,20110923,TAVG,112,H,,S,
ASN00092045,20110924,TAVG,99,H,,S,
ASN00092045,20110925,TAVG,111,H,,S,
ASN00092045,20110926,TAVG,122,H,,S,
ASN00092045,20110927,TAVG,137,H,,S,
ASN00092045,20110928,TAVG,148,H,,S,
ASN00092045,20110929,TAVG,108,H,,S,
ASN00092045,20110930,TAVG,111,H,,S,
ASN00092045,20111001,TMAX,130,,,a,
ASN00092045,20111002,TMAX,146,,,a,
ASN00092045,20111003,TMAX,172,,,a,
ASN00092045,20111004,TMAX,190,,,a,
ASN00092045,20111005,TMAX,169,,,a,
ASN00092045,20111006,TMAX,181,,,a,
ASN00092045,20111007,TMAX,165,,,a,
ASN00092045,20111008,TMAX,182,,,a,
ASN00092045,20111009,TMAX,198,,,a,
ASN00092045,20111010,TMAX,140,,,a,
ASN00092045,20111011,TMAX,173,,,a,
ASN00092045,20111012,TMAX,184,,,a,
ASN00092045,20111013,TMAX,194,,,a,
ASN00092045,20111014,TMAX,206,,,a,
ASN00092045,20111015,TMAX,178,,,a,
ASN00092045,20111016,TMAX,154,,,a,
ASN00092045,20111017,TMAX,187,,,a,
ASN00092045,20111018,TMAX,200,,,a,
ASN00092045,20111019,TMAX,245,,,a,
ASN00092045,20111020,TMAX,270,,,a,
ASN00092045,20111021,TMAX,148,,,a,
ASN00092045,20111022,TMAX,222,,,a,
ASN00092045,20111023,TMAX,196,,,a,
ASN00092045,20111024,TMAX,130,,,a,
ASN00092045,20111025,TMAX,168,,,a,
ASN00092045,20111026,TMAX,198,,,a,
ASN00092045,20111027,TMAX,217,,,a,
ASN00092045,20111028,TMAX,191,,,a,
ASN00092045,20111029,TMAX,143,,,a,
ASN00092045,20111030,TMAX,147,,,a,
ASN00092045,20111031,TMAX,183,,,a,
ASN00092045,20111001,TMIN,79,,,a,
ASN00092045,20111002,TMIN,74,,,a,
ASN00092045,20111003,TMIN,51,,,a,
ASN00092045,20111004,TMIN,102,,,a,
ASN00092045,20111005,TMIN,96,,,a,
ASN00092045,20111006,TMIN,103,,,a,
ASN00092045,20111007,TMIN,117,,,a,
ASN00092045,20111008,TMIN,113,,,a,
ASN00092045,20111009,TMIN,104,,,a,
ASN00092045,20111010,TMIN,29,,,a,
ASN00092045,20111011,TMIN,43,,,a,
ASN00092045,20111012,TMIN,47,,,a,
ASN00092045,20111013,TMIN,75,,,a,
ASN00092045,20111014,TMIN,94,,,a,
ASN00092045,20111015,TMIN,136,,,a,
ASN00092045,20111016,TMIN,79,,,a,
ASN00092045,20111017,TMIN,56,,,a,
ASN00092045,20111018,TMIN,84,,,a,
ASN00092045,20111019,TMIN,82,,,a,
ASN00092045,20111020,TMIN,126,,,a,
ASN00092045,20111021,TMIN,127,,,a,
ASN00092045,20111022,TMIN,104,,,a,
ASN00092045,20111023,TMIN,83,,,a,
ASN00092045,20111024,TMIN,118,,,a,
ASN00092045,20111025,TMIN,67,,,a,
ASN00092045,20111026,TMIN,64,,,a,
ASN00092045,20111027,TMIN,95,,,a,
ASN00092045,20111028,TMIN,137,,,a,
ASN00092045,20111029,TMIN,140,,,a,
ASN00092045,20111030,TMIN,102,,,a,
ASN00092045,20111031,TMIN,90,,,a,
ASN00092045,20111001,PRCP,10,,,a,
ASN00092045,20111002,PRCP,0,,,a,
ASN00092045,20111003,PRCP,0,,,a,
ASN00092045,20111004,PRCP,0,,,a,
ASN00092045,20111005,PRCP,0,,,a,
ASN00092045,20111006,PRCP,0,,,a,
ASN00092045,20111007,PRCP,0,,,a,
ASN00092045,20111008,PRCP,4,,,a,
ASN00092045,20111009,PRCP,10,,,a,
ASN00092045,20111010,PRCP,96,,,a,
ASN00092045,20111011,PRCP,54,,,a,
ASN00092045,20111012,PRCP,0,,,a,
ASN00092045,20111013,PRCP,0,,,a,
ASN00092045,20111014,PRCP,0,,,a,
ASN00092045,20111015,PRCP,0,,,a,
ASN00092045,20111016,PRCP,50,,,a,
ASN00092045,20111017,PRCP,8,,,a,
ASN00092045,20111018,PRCP,0,,,a,
ASN00092045,20111019,PRCP,0,,,a,
ASN00092045,20111020,PRCP,0,,,a,
ASN00092045,20111021,PRCP,10,,,a,
ASN00092045,20111022,PRCP,6,,,a,
ASN00092045,20111023,PRCP,0,,,a,
ASN00092045,20111024,PRCP,60,,,a,
ASN00092045,20111025,PRCP,184,,,a,
ASN00092045,20111026,PRCP,0,,,a,
ASN00092045,20111027,PRCP,0,,,a,
ASN00092045,20111028,PRCP,10,,,a,
ASN00092045,20111029,PRCP,18,,,a,
ASN00092045,20111030,PRCP,58,,,a,
ASN00092045,20111031,PRCP,0,,,a,
ASN00092045,20111001,TAVG,99,H,,S,
ASN00092045,20111002,TAVG,106,H,,S,
ASN00092045,20111003,TAVG,124,H,,S,
ASN00092045,20111004,TAVG,133,H,,S,
ASN00092045,20111005,TAVG,129,H,,S,
ASN00092045,20111006,TAVG,137,H,,S,
ASN00092045,20111007,TAVG,132,H,,S,
ASN00092045,20111008,TAVG,136,H,,S,
ASN00092045,20111009,TAVG,89,H,,S,
ASN00092045,20111010,TAVG,89,H,,S,
ASN00092045,20111011,TAVG,104,H,,S,
ASN00092045,20111012,TAVG,119,H,,S,
ASN00092045,20111013,TAVG,131,H,,S,
ASN00092045,20111014,TAVG,156,H,,S,
ASN00092045,20111015,TAVG,121,H,,S,
ASN00092045,20111016,TAVG,96,H,,S,
ASN00092045,20111017,TAVG,124,H,,S,
ASN00092045,20111018,TAVG,139,H,,S,
ASN00092045,20111019,TAVG,175,H,,S,
ASN00092045,20111020,TAVG,174,H,,S,
ASN00092045,20111021,TAVG,130,H,,S,
ASN00092045,20111022,TAVG,134,H,,S,
ASN00092045,20111023,TAVG,144,H,,S,
ASN00092045,20111024,TAVG,94,H,,S,
ASN00092045,20111025,TAVG,108,H,,S,
ASN00092045,20111026,TAVG,139,H,,S,
ASN00092045,20111027,TAVG,158,H,,S,
ASN00092045,20111028,TAVG,156,H,,S,
ASN00092045,20111029,TAVG,121,H,,S,
ASN00092045,20111030,TAVG,117,H,,S,
ASN00092045,20111031,TAVG,141,H,,S,
ASN00092045,20111101,TMAX,204,,,a,
ASN00092045,20111102,TMAX,186,,,a,
ASN00092045,20111103,TMAX,192,,,a,
ASN00092045,20111104,TMAX,214,,,a,
ASN00092045,20111105,TMAX,219,,,a,
ASN00092045,20111106,TMAX,238,,,a,
ASN00092045,20111107,TMAX,221,,,a,
ASN00092045,20111108,TMAX,211,,,a,
ASN00092045,20111109,TMAX,179,,,a,
ASN00092045,20111110,TMAX,195,,,a,
ASN00092045,20111111,TMAX,204,,,a,
ASN00092045,20111112,TMAX,203,,,a,
ASN00092045,20111113,TMAX,203,,,a,
ASN00092045,20111114,TMAX,200,,,a,
ASN00092045,20111115,TMAX,186,,,a,
ASN00092045,20111116,TMAX,195,,,a,
ASN00092045,20111117,TMAX,222,,,a,
ASN00092045,20111118,TMAX,195,,,a,
ASN00092045,20111119,TMAX,186,,,a,
ASN00092045,20111120,TMAX,191,,,a,
ASN00092045,20111121,TMAX,184,,,a,
ASN00092045,20111122,TMAX,195,,,a,
ASN00092045,20111123,TMAX,176,,,a,
ASN00092045,20111124,TMAX,224,,,a,
ASN00092045,20111125,TMAX,225,,,a,
ASN00092045,20111126,TMAX,160,,,a,
ASN00092045,20111127,TMAX,232,,,a,
ASN00092045,20111128,TMAX,180,,,a,
ASN00092045,20111129,TMAX,221,,,a,
ASN00092045,20111130,TMAX,199,,,a,
ASN00092045,20111101,TMIN,113,,,a,
ASN00092045,20111102,TMIN,111,,,a,
ASN00092045,20111103,TMIN,61,,,a,
ASN00092045,20111104,TMIN,89,,,a,
ASN00092045,20111105,TMIN,117,,,a,
ASN00092045,20111106,TMIN,112,,,a,
ASN00092045,20111107,TMIN,125,,,a,
ASN00092045,20111108,TMIN,113,,,a,
ASN00092045,20111109,TMIN,137,,,a,
ASN00092045,20111110,TMIN,136,,,a,
ASN00092045,20111111,TMIN,86,,,a,
ASN00092045,20111112,TMIN,122,,,a,
ASN00092045,20111113,TMIN,121,,,a,
ASN00092045,20111114,TMIN,139,,,a,
ASN00092045,20111115,TMIN,84,,,a,
ASN00092045,20111116,TMIN,85,,,a,
ASN00092045,20111117,TMIN,85,,,a,
ASN00092045,20111118,TMIN,112,,,a,
ASN00092045,20111119,TMIN,153,,,a,
ASN00092045,20111120,TMIN,109,,,a,
ASN00092045,20111121,TMIN,92,,,a,
ASN00092045,20111122,TMIN,127,,,a,
ASN00092045,20111123,TMIN,77,,,a,
ASN00092045,20111124,TMIN,89,,,a,
ASN00092045,20111125,TMIN,113,,,a,
ASN00092045,20111126,TMIN,143,,,a,
ASN00092045,20111127,TMIN,132,,,a,
ASN00092045,20111128,TMIN,126,,,a,
ASN00092045,20111129,TMIN,126,,,a,
ASN00092045,20111130,TMIN,161,,,a,
ASN00092045,20111101,PRCP,0,,,a,
ASN00092045,20111102,PRCP,0,,,a,
ASN00092045,20111103,PRCP,0,,,a,
ASN00092045,20111104,PRCP,0,,,a,
ASN00092045,20111105,PRCP,0,,,a,
ASN00092045,20111106,PRCP,0,,,a,
ASN00092045,20111107,PRCP,0,,,a,
ASN00092045,20111108,PRCP,48,,,a,
ASN00092045,20111109,PRCP,28,,,a,
ASN00092045,20111110,PRCP,44,,,a,
ASN00092045,20111111,PRCP,2,,,a,
ASN00092045,20111112,PRCP,0,,,a,
ASN00092045,20111113,PRCP,0,,,a,
ASN00092045,20111114,PRCP,50,,,a,
ASN00092045,20111115,PRCP,2,,,a,
ASN00092045,20111116,PRCP,0,,,a,
ASN00092045,20111117,PRCP,0,,,a,
ASN00092045,20111118,PRCP,0,,,a,
ASN00092045,20111119,PRCP,72,,,a,
ASN00092045,20111120,PRCP,4,,,a,
ASN00092045,20111121,PRCP,28,,,a,
ASN00092045,20111122,PRCP,6,,,a,
ASN00092045,20111123,PRCP,2,,,a,
ASN00092045,20111124,PRCP,0,,,a,
ASN00092045,20111125,PRCP,0,,,a,
ASN00092045,20111126,PRCP,2,,,a,
ASN00092045,20111127,PRCP,1106,,,a,
ASN00092045,20111128,PRCP,42,,,a,
ASN00092045,20111129,PRCP,40,,,a,
ASN00092045,20111130,PRCP,8,,,a,
ASN00092045,20111101,TAVG,147,H,,S,
ASN00092045,20111102,TAVG,128,H,,S,
ASN00092045,20111103,TAVG,143,H,,S,
ASN00092045,20111104,TAVG,150,H,,S,
ASN00092045,20111105,TAVG,156,H,,S,
ASN00092045,20111106,TAVG,173,H,,S,
ASN00092045,20111107,TAVG,153,H,,S,
ASN00092045,20111108,TAVG,163,H,,S,
ASN00092045,20111109,TAVG,159,H,,S,
ASN00092045,20111110,TAVG,140,H,,S,
ASN00092045,20111111,TAVG,156,H,,S,
ASN00092045,20111112,TAVG,156,H,,S,
ASN00092045,20111113,TAVG,161,H,,S,
ASN00092045,20111114,TAVG,142,H,,S,
ASN00092045,20111115,TAVG,142,H,,S,
ASN00092045,20111116,TAVG,140,H,,S,
ASN00092045,20111117,TAVG,148,H,,S,
ASN00092045,20111118,TAVG,167,H,,S,
ASN00092045,20111119,TAVG,151,H,,S,
ASN00092045,20111120,TAVG,124,H,,S,
ASN00092045,20111121,TAVG,147,H,,S,
ASN00092045,20111122,TAVG,137,H,,S,
ASN00092045,20111123,TAVG,135,H,,S,
ASN00092045,20111124,TAVG,160,H,,S,
ASN00092045,20111125,TAVG,171,H,,S,
ASN00092045,20111126,TAVG,144,H,,S,
ASN00092045,20111127,TAVG,161,H,,S,
ASN00092045,20111128,TAVG,153,H,,S,
ASN00092045,20111129,TAVG,185,H,,S,
ASN00092045,20111130,TAVG,127,H,,S,
ASN00092045,20111201,TMAX,175,,,a,
ASN00092045,20111202,TMAX,200,,,a,
ASN00092045,20111203,TMAX,195,,,a,
ASN00092045,20111204,TMAX,150,,,a,
ASN00092045,20111205,TMAX,168,,,a,
ASN00092045,20111206,TMAX,182,,,a,
ASN00092045,20111207,TMAX,226,,,a,
ASN00092045,20111208,TMAX,220,,,a,
ASN00092045,20111209,TMAX,250,,,a,
ASN00092045,20111210,TMAX,233,,,a,
ASN00092045,20111211,TMAX,232,,,a,
ASN00092045,20111212,TMAX,216,,,a,
ASN00092045,20111213,TMAX,176,,,a,
ASN00092045,20111214,TMAX,193,,,a,
ASN00092045,20111215,TMAX,214,,,a,
ASN00092045,20111216,TMAX,204,,,a,
ASN00092045,20111217,TMAX,244,,,a,
ASN00092045,20111218,TMAX,213,,,a,
ASN00092045,20111219,TMAX,236,,,a,
ASN00092045,20111220,TMAX,215,,,a,
ASN00092045,20111221,TMAX,183,,,a,
ASN00092045,20111222,TMAX,205,,,a,
ASN00092045,20111223,TMAX,245,,,a,
ASN00092045,20111224,TMAX,229,,,a,
ASN00092045,20111201,TMIN,67,,,a,
ASN00092045,20111202,TMIN,87,,,a,
ASN00092045,20111203,TMIN,106,,,a,
ASN00092045,20111204,TMIN,49,,,a,
ASN00092045,20111205,TMIN,74,,,a,
ASN00092045,20111206,TMIN,109,,,a,
ASN00092045,20111207,TMIN,108,,,a,
ASN00092045,20111208,TMIN,140,,,a,
ASN00092045,20111209,TMIN,158,,,a,
ASN00092045,20111210,TMIN,152,,,a,
ASN00092045,20111211,TMIN,158,,,a,
ASN00092045,20111212,TMIN,136,,,a,
ASN00092045,20111213,TMIN,136,,,a,
ASN00092045,20111214,TMIN,115,,,a,
ASN00092045,20111215,TMIN,111,,,a,
ASN00092045,20111216,TMIN,137,,,a,
ASN00092045,20111217,TMIN,146,,,a,
ASN00092045,20111218,TMIN,151,,,a,
ASN00092045,20111219,TMIN,161,,,a,
ASN00092045,20111220,TMIN,154,,,a,
ASN00092045,20111221,TMIN,136,,,a,
ASN00092045,20111222,TMIN,137,,,a,
ASN00092045,20111223,TMIN,137,,,a,
ASN00092045,20111224,TMIN,158,,,a,
ASN00092045,20111225,TMIN,172,,,a,
ASN00092045,20111201,PRCP,4,,,a,
ASN00092045,20111202,PRCP,4,,,a,
ASN00092045,20111203,PRCP,0,,,a,
ASN00092045,20111204,PRCP,32,,,a,
ASN00092045,20111205,PRCP,0,,,a,
ASN00092045,20111206,PRCP,0,,,a,
ASN00092045,20111207,PRCP,0,,,a,
ASN00092045,20111208,PRCP,0,,,a,
ASN00092045,20111209,PRCP,0,,,a,
ASN00092045,20111210,PRCP,0,,,a,
ASN00092045,20111211,PRCP,4,,,a,
ASN00092045,20111212,PRCP,2,,,a,
ASN00092045,20111213,PRCP,0,,,a,
ASN00092045,20111214,PRCP,8,,,a,
ASN00092045,20111215,PRCP,0,,,a,
ASN00092045,20111216,PRCP,0,,,a,
ASN00092045,20111217,PRCP,0,,,a,
ASN00092045,20111218,PRCP,0,,,a,
ASN00092045,20111219,PRCP,100,,,a,
ASN00092045,20111220,PRCP,40,,,a,
ASN00092045,20111221,PRCP,0,,,a,
ASN00092045,20111222,PRCP,0,,,a,
ASN00092045,20111223,PRCP,0,,,a,
ASN00092045,20111224,PRCP,0,,,a,
ASN00092045,20111225,PRCP,12,,,a,
ASN00092045,20111201,TAVG,127,H,,S,
ASN00092045,20111202,TAVG,145,H,,S,
ASN00092045,20111203,TAVG,130,H,,S,
ASN00092045,20111204,TAVG,113,H,,S,
ASN00092045,20111205,TAVG,130,H,,S,
ASN00092045,20111206,TAVG,144,H,,S,
ASN00092045,20111207,TAVG,167,H,,S,
ASN00092045,20111208,TAVG,175,H,,S,
ASN00092045,20111209,TAVG,186,H,,S,
ASN00092045,20111210,TAVG,177,H,,S,
ASN00092045,20111211,TAVG,169,H,,S,
ASN00092045,20111212,TAVG,164,H,,S,
ASN00092045,20111213,TAVG,139,H,,S,
ASN00092045,20111214,TAVG,148,H,,S,
ASN00092045,20111215,TAVG,162,H,,S,
ASN00092045,20111216,TAVG,167,H,,S,
ASN00092045,20111217,TAVG,176,H,,S,
ASN00092045,20111218,TAVG,176,H,,S,
ASN00092045,20111219,TAVG,177,H,,S,
ASN00092045,20111220,TAVG,164,H,,S,
ASN00092045,20111221,TAVG,154,H,,S,
ASN00092045,20111222,TAVG,174,H,,S,
ASN00092045,20111223,TAVG,191,H,,S,
ASN00092045,20111224,TAVG,193,H,,S,
ASN00092045,20111225,TAVG,189,H,,S,
ASN00092045,20120105,TMAX,229,,,a,
ASN00092045,20120106,TMAX,227,,,a,
ASN00092045,20120107,TMAX,248,,,a,
ASN00092045,20120108,TMAX,221,,,a,
ASN00092045,20120109,TMAX,216,,,a,
ASN00092045,20120110,TMAX,198,,,a,
ASN00092045,20120111,TMAX,183,,,a,
ASN00092045,20120112,TMAX,229,,,a,
ASN00092045,20120113,TMAX,259,,,a,
ASN00092045,20120114,TMAX,241,,,a,
ASN00092045,20120115,TMAX,236,,,a,
ASN00092045,20120116,TMAX,243,,,a,
ASN00092045,20120117,TMAX,259,,,a,
ASN00092045,20120118,TMAX,287,,,a,
ASN00092045,20120119,TMAX,260,,,a,
ASN00092045,20120120,TMAX,263,,,a,
ASN00092045,20120121,TMAX,199,,,a,
ASN00092045,20120122,TMAX,207,,,a,
ASN00092045,20120123,TMAX,246,,,a,
ASN00092045,20120124,TMAX,260,,,a,
ASN00092045,20120125,TMAX,240,,,a,
ASN00092045,20120126,TMAX,243,,,a,
ASN00092045,20120127,TMAX,254,,,a,
ASN00092045,20120128,TMAX,263,,,a,
ASN00092045,20120129,TMAX,271,,,a,
ASN00092045,20120130,TMAX,220,,,a,
ASN00092045,20120131,TMAX,188,,,a,
ASN00092045,20120106,TMIN,135,,,a,
ASN00092045,20120107,TMIN,127,,,a,
ASN00092045,20120108,TMIN,173,,,a,
ASN00092045,20120109,TMIN,142,,,a,
ASN00092045,20120110,TMIN,105,,,a,
ASN00092045,20120111,TMIN,73,,,a,
ASN00092045,20120112,TMIN,89,,,a,
ASN00092045,20120113,TMIN,134,,,a,
ASN00092045,20120114,TMIN,133,,,a,
ASN00092045,20120115,TMIN,140,,,a,
ASN00092045,20120116,TMIN,144,,,a,
ASN00092045,20120117,TMIN,175,,,a,
ASN00092045,20120118,TMIN,175,,,a,
ASN00092045,20120119,TMIN,168,,,a,
ASN00092045,20120120,TMIN,141,,,a,
ASN00092045,20120121,TMIN,152,,,a,
ASN00092045,20120122,TMIN,150,,,a,
ASN00092045,20120123,TMIN,162,,,a,
ASN00092045,20120124,TMIN,172,,,a,
ASN00092045,20120125,TMIN,168,,,a,
ASN00092045,20120126,TMIN,157,,,a,
ASN00092045,20120127,TMIN,152,,,a,
ASN00092045,20120128,TMIN,138,,,a,
ASN00092045,20120129,TMIN,181,,,a,
ASN00092045,20120130,TMIN,189,,,a,
ASN00092045,20120131,TMIN,135,,,a,
ASN00092045,20120107,PRCP,0,,,a,
ASN00092045,20120108,PRCP,0,,,a,
ASN00092045,20120109,PRCP,120,,,a,
ASN00092045,20120110,PRCP,12,,,a,
ASN00092045,20120111,PRCP,0,,,a,
ASN00092045,20120112,PRCP,0,,,a,
ASN00092045,20120113,PRCP,0,,,a,
ASN00092045,20120114,PRCP,0,,,a,
ASN00092045,20120115,PRCP,0,,,a,
ASN00092045,20120116,PRCP,0,,,a,
ASN00092045,20120117,PRCP,0,,,a,
ASN00092045,20120118,PRCP,18,,,a,
ASN00092045,20120119,PRCP,34,,,a,
ASN00092045,20120120,PRCP,0,,,a,
ASN00092045,20120121,PRCP,0,,,a,
ASN00092045,20120122,PRCP,0,,,a,
ASN00092045,20120123,PRCP,0,,,a,
ASN00092045,20120124,PRCP,0,,,a,
ASN00092045,20120125,PRCP,0,,,a,
ASN00092045,20120126,PRCP,0,,,a,
ASN00092045,20120127,PRCP,0,,,a,
ASN00092045,20120128,PRCP,0,,,a,
ASN00092045,20120129,PRCP,0,,,a,
ASN00092045,20120130,PRCP,2,,,a,
ASN00092045,20120131,PRCP,52,,,a,
ASN00092045,20120105,TAVG,171,H,,S,
ASN00092045,20120106,TAVG,166,H,,S,
ASN00092045,20120107,TAVG,196,H,,S,
ASN00092045,20120108,TAVG,173,H,,S,
ASN00092045,20120109,TAVG,160,H,,S,
ASN00092045,20120110,TAVG,131,H,,S,
ASN00092045,20120111,TAVG,134,H,,S,
ASN00092045,20120112,TAVG,176,H,,S,
ASN00092045,20120113,TAVG,170,H,,S,
ASN00092045,20120114,TAVG,173,H,,S,
ASN00092045,20120115,TAVG,182,H,,S,
ASN00092045,20120116,TAVG,196,H,,S,
ASN00092045,20120117,TAVG,201,H,,S,
ASN00092045,20120118,TAVG,197,H,,S,
ASN00092045,20120119,TAVG,191,H,,S,
ASN00092045,20120120,TAVG,193,H,,S,
ASN00092045,20120121,TAVG,171,H,,S,
ASN00092045,20120122,TAVG,179,H,,S,
ASN00092045,20120123,TAVG,202,H,,S,
ASN00092045,20120124,TAVG,201,H,,S,
ASN00092045,20120125,TAVG,193,H,,S,
ASN00092045,20120126,TAVG,173,H,,S,
ASN00092045,20120127,TAVG,191,H,,S,
ASN00092045,20120128,TAVG,208,H,,S,
ASN00092045,20120129,TAVG,211,H,,S,
ASN00092045,20120130,TAVG,177,H,,S,
ASN00092045,20120131,TAVG,153,H,,S,
ASN00092045,20120201,TMAX,216,,,a,
ASN00092045,20120202,TMAX,209,,,a,
ASN00092045,20120203,TMAX,228,,,a,
ASN00092045,20120204,TMAX,246,,,a,
ASN00092045,20120205,TMAX,260,,,a,
ASN00092045,20120206,TMAX,211,,,a,
ASN00092045,20120207,TMAX,237,,,a,
ASN00092045,20120208,TMAX,199,,,a,
ASN00092045,20120209,TMAX,195,,,a,
ASN00092045,20120210,TMAX,184,,,a,
ASN00092045,20120211,TMAX,211,,,a,
ASN00092045,20120212,TMAX,206,,,a,
ASN00092045,20120213,TMAX,247,,,a,
ASN00092045,20120214,TMAX,258,,,a,
ASN00092045,20120215,TMAX,251,,,a,
ASN00092045,20120216,TMAX,262,,,a,
ASN00092045,20120217,TMAX,193,,,a,
ASN00092045,20120218,TMAX,201,,,a,
ASN00092045,20120219,TMAX,210,,,a,
ASN00092045,20120220,TMAX,216,,,a,
ASN00092045,20120221,TMAX,219,,,a,
ASN00092045,20120222,TMAX,245,,,a,
ASN00092045,20120223,TMAX,232,,,a,
ASN00092045,20120224,TMAX,247,,,a,
ASN00092045,20120225,TMAX,330,,,a,
ASN00092045,20120226,TMAX,325,,,a,
ASN00092045,20120227,TMAX,232,,,a,
ASN00092045,20120228,TMAX,221,,,a,
ASN00092045,20120229,TMAX,209,,,a,
ASN00092045,20120201,TMIN,136,,,a,
ASN00092045,20120202,TMIN,142,,,a,
ASN00092045,20120203,TMIN,137,,,a,
ASN00092045,20120204,TMIN,159,,,a,
ASN00092045,20120205,TMIN,177,,,a,
ASN00092045,20120206,TMIN,137,,,a,
ASN00092045,20120207,TMIN,127,,,a,
ASN00092045,20120208,TMIN,129,,,a,
ASN00092045,20120209,TMIN,141,,,a,
ASN00092045,20120210,TMIN,156,,,a,
ASN00092045,20120211,TMIN,138,,,a,
ASN00092045,20120212,TMIN,137,,,a,
ASN00092045,20120213,TMIN,148,,,a,
ASN00092045,20120214,TMIN,150,,,a,
ASN00092045,20120215,TMIN,164,,,a,
ASN00092045,20120216,TMIN,181,,,a,
ASN00092045,20120217,TMIN,177,,,a,
ASN00092045,20120218,TMIN,157,,,a,
ASN00092045,20120219,TMIN,159,,,a,
ASN00092045,20120220,TMIN,158,,,a,
ASN00092045,20120221,TMIN,145,,,a,
ASN00092045,20120222,TMIN,149,,,a,
ASN00092045,20120223,TMIN,164,,,a,
ASN00092045,20120224,TMIN,169,,,a,
ASN00092045,20120225,TMIN,161,,,a,
ASN00092045,20120226,TMIN,177,,,a,
ASN00092045,20120227,TMIN,192,,,a,
ASN00092045,20120228,TMIN,164,,,a,
ASN00092045,20120229,TMIN,150,,,a,
ASN00092045,20120201,PRCP,0,,,a,
ASN00092045,20120202,PRCP,0,,,a,
ASN00092045,20120203,PRCP,4,,,a,
ASN00092045,20120204,PRCP,0,,,a,
ASN00092045,20120205,PRCP,0,,,a,
ASN00092045,20120206,PRCP,56,,,a,
ASN00092045,20120207,PRCP,8,,,a,
ASN00092045,20120208,PRCP,42,,,a,
ASN00092045,20120209,PRCP,0,,,a,
ASN00092045,20120210,PRCP,0,,,a,
ASN00092045,20120211,PRCP,184,,,a,
ASN00092045,20120212,PRCP,34,,,a,
ASN00092045,20120213,PRCP,20,,,a,
ASN00092045,20120214,PRCP,2,,,a,
ASN00092045,20120215,PRCP,0,,,a,
ASN00092045,20120216,PRCP,0,,,a,
ASN00092045,20120217,PRCP,0,,,a,
ASN00092045,20120218,PRCP,18,,,a,
ASN00092045,20120219,PRCP,0,,,a,
ASN00092045,20120220,PRCP,4,,,a,
ASN00092045,20120221,PRCP,2,,,a,
ASN00092045,20120222,PRCP,0,,,a,
ASN00092045,20120223,PRCP,8,,,a,
ASN00092045,20120224,PRCP,0,,,a,
ASN00092045,20120225,PRCP,0,,,a,
ASN00092045,20120226,PRCP,0,,,a,
ASN00092045,20120227,PRCP,0,,,a,
ASN00092045,20120228,PRCP,42,,,a,
ASN00092045,20120229,PRCP,2,,,a,
ASN00092045,20120201,TAVG,167,H,,S,
ASN00092045,20120202,TAVG,165,H,,S,
ASN00092045,20120203,TAVG,188,H,,S,
ASN00092045,20120204,TAVG,201,H,,S,
ASN00092045,20120205,TAVG,179,H,,S,
ASN00092045,20120206,TAVG,162,H,,S,
ASN00092045,20120207,TAVG,168,H,,S,
ASN00092045,20120208,TAVG,165,H,,S,
ASN00092045,20120209,TAVG,167,H,,S,
ASN00092045,20120210,TAVG,156,H,,S,
ASN00092045,20120211,TAVG,169,H,,S,
ASN00092045,20120212,TAVG,166,H,,S,
ASN00092045,20120213,TAVG,189,H,,S,
ASN00092045,20120214,TAVG,198,H,,S,
ASN00092045,20120215,TAVG,208,H,,S,
ASN00092045,20120216,TAVG,206,H,,S,
ASN00092045,20120217,TAVG,167,H,,S,
ASN00092045,20120218,TAVG,175,H,,S,
ASN00092045,20120219,TAVG,181,H,,S,
ASN00092045,20120220,TAVG,172,H,,S,
ASN00092045,20120221,TAVG,171,H,,S,
ASN00092045,20120222,TAVG,187,H,,S,
ASN00092045,20120223,TAVG,195,H,,S,
ASN00092045,20120224,TAVG,202,H,,S,
ASN00092045,20120225,TAVG,230,H,,S,
ASN00092045,20120226,TAVG,230,H,,S,
ASN00092045,20120227,TAVG,192,H,,S,
ASN00092045,20120228,TAVG,176,H,,S,
ASN00092045,20120229,TAVG,171,H,,S,
ASN00092045,20120301,TMAX,202,,,a,
ASN00092045,20120302,TMAX,179,,,a,
ASN00092045,20120303,TMAX,204,,,a,
ASN00092045,20120304,TMAX,221,,,a,
ASN00092045,20120305,TMAX,258,,,a,
ASN00092045,20120306,TMAX,196,,,a,
ASN00092045,20120307,TMAX,175,,,a,
ASN00092045,20120308,TMAX,190,,,a,
ASN00092045,20120309,TMAX,231,,,a,
ASN00092045,20120310,TMAX,217,,,a,
ASN00092045,20120311,TMAX,222,,,a,
ASN00092045,20120312,TMAX,213,,,a,
ASN00092045,20120313,TMAX,253,,,a,
ASN00092045,20120314,TMAX,225,,,a,
ASN00092045,20120315,TMAX,222,,,a,
ASN00092045,20120316,TMAX,253,,,a,
ASN00092045,20120317,TMAX,223,,,a,
ASN00092045,20120318,TMAX,215,,,a,
ASN00092045,20120319,TMAX,244,,,a,
ASN00092045,20120320,TMAX,235,,,a,
ASN00092045,20120321,TMAX,232,,,a,
ASN00092045,20120322,TMAX,192,,,a,
ASN00092045,20120323,TMAX,153,,,a,
ASN00092045,20120324,TMAX,184,,,a,
ASN00092045,20120325,TMAX,208,,,a,
ASN00092045,20120326,TMAX,208,,,a,
ASN00092045,20120327,TMAX,197,,,a,
ASN00092045,20120328,TMAX,191,,,a,
ASN00092045,20120329,TMAX,214,,,a,
ASN00092045,20120330,TMAX,229,,,a,
ASN00092045,20120331,TMAX,259,,,a,
ASN00092045,20120301,TMIN,157,,,a,
ASN00092045,20120302,TMIN,128,,,a,
ASN00092045,20120303,TMIN,137,,,a,
ASN00092045,20120304,TMIN,166,,,a,
ASN00092045,20120305,TMIN,144,,,a,
ASN00092045,20120306,TMIN,167,,,a,
ASN00092045,20120307,TMIN,136,,,a,
ASN00092045,20120308,TMIN,141,,,a,
ASN00092045,20120309,TMIN,151,,,a,
ASN00092045,20120310,TMIN,147,,,a,
ASN00092045,20120311,TMIN,129,,,a,
ASN00092045,20120312,TMIN,126,,,a,
ASN00092045,20120313,TMIN,140,,,a,
ASN00092045,20120314,TMIN,137,,,a,
ASN00092045,20120315,TMIN,173,,,a,
ASN00092045,20120316,TMIN,184,,,a,
ASN00092045,20120317,TMIN,93,,,a,
ASN00092045,20120318,TMIN,139,,,a,
ASN00092045,20120319,TMIN,154,,,a,
ASN00092045,20120320,TMIN,175,,,a,
ASN00092045,20120321,TMIN,181,,,a,
ASN00092045,20120322,TMIN,80,,,a,
ASN00092045,20120323,TMIN,92,,,a,
ASN00092045,20120324,TMIN,34,,,a,
ASN00092045,20120325,TMIN,74,,,a,
ASN00092045,20120326,TMIN,105,,,a,
ASN00092045,20120327,TMIN,121,,,a,
ASN00092045,20120328,TMIN,140,,,a,
ASN00092045,20120329,TMIN,140,,,a,
ASN00092045,20120330,TMIN,150,,,a,
ASN00092045,20120331,TMIN,165,,,a,
ASN00092045,20120301,PRCP,0,,,a,
ASN00092045,20120302,PRCP,2,,,a,
ASN00092045,20120303,PRCP,0,,,a,
ASN00092045,20120304,PRCP,110,,,a,
ASN00092045,20120305,PRCP,36,,,a,
ASN00092045,20120306,PRCP,2,,,a,
ASN00092045,20120307,PRCP,10,,,a,
ASN00092045,20120308,PRCP,0,,,a,
ASN00092045,20120309,PRCP,64,,,a,
ASN00092045,20120310,PRCP,0,,,a,
ASN00092045,20120311,PRCP,0,,,a,
ASN00092045,20120312,PRCP,0,,,a,
ASN00092045,20120313,PRCP,0,,,a,
ASN00092045,20120314,PRCP,0,,,a,
ASN00092045,20120315,PRCP,2,,,a,
ASN00092045,20120316,PRCP,2,,,a,
ASN00092045,20120317,PRCP,118,,,a,
ASN00092045,20120318,PRCP,0,,,a,
ASN00092045,20120319,PRCP,0,,,a,
ASN00092045,20120320,PRCP,0,,,a,
ASN00092045,20120321,PRCP,0,,,a,
ASN00092045,20120322,PRCP,2,,,a,
ASN00092045,20120323,PRCP,70,,,a,
ASN00092045,20120324,PRCP,0,,,a,
ASN00092045,20120325,PRCP,0,,,a,
ASN00092045,20120326,PRCP,0,,,a,
ASN00092045,20120327,PRCP,0,,,a,
ASN00092045,20120328,PRCP,4,,,a,
ASN00092045,20120329,PRCP,50,,,a,
ASN00092045,20120330,PRCP,2,,,a,
ASN00092045,20120331,PRCP,0,,,a,
ASN00092045,20120301,TAVG,154,H,,S,
ASN00092045,20120302,TAVG,157,H,,S,
ASN00092045,20120303,TAVG,182,H,,S,
ASN00092045,20120304,TAVG,179,H,,S,
ASN00092045,20120305,TAVG,188,H,,S,
ASN00092045,20120306,TAVG,156,H,,S,
ASN00092045,20120307,TAVG,157,H,,S,
ASN00092045,20120308,TAVG,166,H,,S,
ASN00092045,20120309,TAVG,175,H,,S,
ASN00092045,20120310,TAVG,167,H,,S,
ASN00092045,20120311,TAVG,167,H,,S,
ASN00092045,20120312,TAVG,175,H,,S,
ASN00092045,20120313,TAVG,184,H,,S,
ASN00092045,20120314,TAVG,189,H,,S,
ASN00092045,20120315,TAVG,198,H,,S,
ASN00092045,20120316,TAVG,165,H,,S,
ASN00092045,20120317,TAVG,173,H,,S,
ASN00092045,20120318,TAVG,183,H,,S,
ASN00092045,20120319,TAVG,194,H,,S,
ASN00092045,20120320,TAVG,197,H,,S,
ASN00092045,20120321,TAVG,132,H,,S,
ASN00092045,20120322,TAVG,138,H,,S,
ASN00092045,20120323,TAVG,88,H,,S,
ASN00092045,20120324,TAVG,124,H,,S,
ASN00092045,20120325,TAVG,148,H,,S,
ASN00092045,20120326,TAVG,154,H,,S,
ASN00092045,20120327,TAVG,166,H,,S,
ASN00092045,20120328,TAVG,158,H,,S,
ASN00092045,20120329,TAVG,175,H,,S,
ASN00092045,20120330,TAVG,184,H,,S,
ASN00092045,20120331,TAVG,174,H,,S,
ASN00092045,20120401,TMAX,205,,,a,
ASN00092045,20120402,TMAX,240,,,a,
ASN00092045,20120403,TMAX,236,,,a,
ASN00092045,20120404,TMAX,223,,,a,
ASN00092045,20120405,TMAX,257,,,a,
ASN00092045,20120406,TMAX,214,,,a,
ASN00092045,20120407,TMAX,193,,,a,
ASN00092045,20120408,TMAX,191,,,a,
ASN00092045,20120409,TMAX,158,,,a,
ASN00092045,20120410,TMAX,170,,,a,
ASN00092045,20120411,TMAX,192,,,a,
ASN00092045,20120412,TMAX,191,,,a,
ASN00092045,20120413,TMAX,211,,,a,
ASN00092045,20120414,TMAX,221,,,a,
ASN00092045,20120415,TMAX,233,,,a,
ASN00092045,20120416,TMAX,170,,,a,
ASN00092045,20120417,TMAX,193,,,a,
ASN00092045,20120418,TMAX,192,,,a,
ASN00092045,20120420,TMAX,200,,,a,
ASN00092045,20120421,TMAX,171,,,a,
ASN00092045,20120422,TMAX,191,,,a,
ASN00092045,20120423,TMAX,196,,,a,
ASN00092045,20120424,TMAX,174,,,a,
ASN00092045,20120425,TMAX,169,,,a,
ASN00092045,20120426,TMAX,206,,,a,
ASN00092045,20120427,TMAX,188,,,a,
ASN00092045,20120428,TMAX,183,,,a,
ASN00092045,20120429,TMAX,167,,,a,
ASN00092045,20120430,TMAX,167,,,a,
ASN00092045,20120401,TMIN,108,,,a,
ASN00092045,20120402,TMIN,119,,,a,
ASN00092045,20120403,TMIN,159,,,a,
ASN00092045,20120404,TMIN,130,,,a,
ASN00092045,20120405,TMIN,151,,,a,
ASN00092045,20120406,TMIN,150,,,a,
ASN00092045,20120407,TMIN,126,,,a,
ASN00092045,20120408,TMIN,97,,,a,
ASN00092045,20120409,TMIN,60,,,a,
ASN00092045,20120410,TMIN,37,,,a,
ASN00092045,20120411,TMIN,76,,,a,
ASN00092045,20120412,TMIN,92,,,a,
ASN00092045,20120413,TMIN,112,,,a,
ASN00092045,20120414,TMIN,124,,,a,
ASN00092045,20120415,TMIN,132,,,a,
ASN00092045,20120416,TMIN,129,,,a,
ASN00092045,20120417,TMIN,138,,,a,
ASN00092045,20120418,TMIN,160,,,a,
ASN00092045,20120419,TMIN,164,,,a,
ASN00092045,20120420,TMIN,170,,,a,
ASN00092045,20120421,TMIN,148,,,a,
ASN00092045,20120422,TMIN,150,,,a,
ASN00092045,20120423,TMIN,143,,,a,
ASN00092045,20120424,TMIN,115,,,a,
ASN00092045,20120425,TMIN,120,,,a,
ASN00092045,20120426,TMIN,92,,,a,
ASN00092045,20120427,TMIN,74,,,a,
ASN00092045,20120428,TMIN,126,,,a,
ASN00092045,20120429,TMIN,64,,,a,
ASN00092045,20120430,TMIN,84,,,a,
ASN00092045,20120401,PRCP,0,,,a,
ASN00092045,20120402,PRCP,0,,,a,
ASN00092045,20120403,PRCP,0,,,a,
ASN00092045,20120404,PRCP,0,,,a,
ASN00092045,20120405,PRCP,0,,,a,
ASN00092045,20120406,PRCP,4,,,a,
ASN00092045,20120407,PRCP,36,,,a,
ASN00092045,20120408,PRCP,2,,,a,
ASN00092045,20120409,PRCP,130,,,a,
ASN00092045,20120410,PRCP,0,,,a,
ASN00092045,20120411,PRCP,0,,,a,
ASN00092045,20120412,PRCP,0,,,a,
ASN00092045,20120413,PRCP,0,,,a,
ASN00092045,20120414,PRCP,2,,,a,
ASN00092045,20120415,PRCP,0,,,a,
ASN00092045,20120416,PRCP,0,,,a,
ASN00092045,20120417,PRCP,100,,,a,
ASN00092045,20120418,PRCP,0,,,a,
ASN00092045,20120419,PRCP,10,,,a,
ASN00092045,20120420,PRCP,0,,,a,
ASN00092045,20120421,PRCP,0,,,a,
ASN00092045,20120422,PRCP,0,,,a,
ASN00092045,20120423,PRCP,0,,,a,
ASN00092045,20120424,PRCP,0,,,a,
ASN00092045,20120425,PRCP,0,,,a,
ASN00092045,20120426,PRCP,0,,,a,
ASN00092045,20120427,PRCP,0,,,a,
ASN00092045,20120428,PRCP,0,,,a,
ASN00092045,20120429,PRCP,0,,,a,
ASN00092045,20120430,PRCP,0,,,a,
ASN00092045,20120401,TAVG,156,H,,S,
ASN00092045,20120402,TAVG,183,H,,S,
ASN00092045,20120403,TAVG,177,H,,S,
ASN00092045,20120404,TAVG,177,H,,S,
ASN00092045,20120405,TAVG,186,H,,S,
ASN00092045,20120406,TAVG,170,H,,S,
ASN00092045,20120407,TAVG,135,H,,S,
ASN00092045,20120408,TAVG,120,H,,S,
ASN00092045,20120409,TAVG,102,H,,S,
ASN00092045,20120410,TAVG,121,H,,S,
ASN00092045,20120411,TAVG,135,H,,S,
ASN00092045,20120412,TAVG,147,H,,S,
ASN00092045,20120413,TAVG,156,H,,S,
ASN00092045,20120414,TAVG,168,H,,S,
ASN00092045,20120415,TAVG,170,H,,S,
ASN00092045,20120416,TAVG,149,H,,S,
ASN00092045,20120417,TAVG,170,H,,S,
ASN00092045,20120418,TAVG,174,H,,S,
ASN00092045,20120419,TAVG,178,H,,S,
ASN00092045,20120420,TAVG,167,H,,S,
ASN00092045,20120421,TAVG,157,H,,S,
ASN00092045,20120422,TAVG,163,H,,S,
ASN00092045,20120423,TAVG,149,H,,S,
ASN00092045,20120424,TAVG,147,H,,S,
ASN00092045,20120425,TAVG,135,H,,S,
ASN00092045,20120426,TAVG,135,H,,S,
ASN00092045,20120427,TAVG,148,H,,S,
ASN00092045,20120428,TAVG,114,H,,S,
ASN00092045,20120429,TAVG,113,H,,S,
ASN00092045,20120430,TAVG,145,H,,S,
ASN00092045,20120501,TMAX,196,,,a,
ASN00092045,20120502,TMAX,151,,,a,
ASN00092045,20120503,TMAX,166,,,a,
ASN00092045,20120504,TMAX,163,,,a,
ASN00092045,20120505,TMAX,191,,,a,
ASN00092045,20120506,TMAX,175,,,a,
ASN00092045,20120507,TMAX,168,,,a,
ASN00092045,20120508,TMAX,189,,,a,
ASN00092045,20120509,TMAX,200,,,a,
ASN00092045,20120510,TMAX,180,,,a,
ASN00092045,20120511,TMAX,150,,,a,
ASN00092045,20120512,TMAX,134,,,a,
ASN00092045,20120513,TMAX,141,,,a,
ASN00092045,20120514,TMAX,178,,,a,
ASN00092045,20120515,TMAX,179,,,a,
ASN00092045,20120516,TMAX,188,,,a,
ASN00092045,20120517,TMAX,149,,,a,
ASN00092045,20120518,TMAX,171,,,a,
ASN00092045,20120519,TMAX,159,,,a,
ASN00092045,20120520,TMAX,160,,,a,
ASN00092045,20120521,TMAX,158,,,a,
ASN00092045,20120522,TMAX,147,,,a,
ASN00092045,20120523,TMAX,166,,,a,
ASN00092045,20120524,TMAX,142,,,a,
ASN00092045,20120525,TMAX,138,,,a,
ASN00092045,20120526,TMAX,162,,,a,
ASN00092045,20120527,TMAX,166,,,a,
ASN00092045,20120528,TMAX,180,,,a,
ASN00092045,20120529,TMAX,159,,,a,
ASN00092045,20120530,TMAX,179,,,a,
ASN00092045,20120531,TMAX,159,,,a,
ASN00092045,20120501,TMIN,117,,,a,
ASN00092045,20120502,TMIN,144,,,a,
ASN00092045,20120503,TMIN,88,,,a,
ASN00092045,20120504,TMIN,76,,,a,
ASN00092045,20120505,TMIN,90,,,a,
ASN00092045,20120506,TMIN,97,,,a,
ASN00092045,20120507,TMIN,79,,,a,
ASN00092045,20120508,TMIN,113,,,a,
ASN00092045,20120509,TMIN,120,,,a,
ASN00092045,20120510,TMIN,116,,,a,
ASN00092045,20120511,TMIN,108,,,a,
ASN00092045,20120512,TMIN,52,,,a,
ASN00092045,20120513,TMIN,40,,,a,
ASN00092045,20120514,TMIN,56,,,a,
ASN00092045,20120515,TMIN,82,,,a,
ASN00092045,20120516,TMIN,110,,,a,
ASN00092045,20120517,TMIN,78,,,a,
ASN00092045,20120518,TMIN,100,,,a,
ASN00092045,20120519,TMIN,106,,,a,
ASN00092045,20120520,TMIN,58,,,a,
ASN00092045,20120521,TMIN,90,,,a,
ASN00092045,20120522,TMIN,118,,,a,
ASN00092045,20120523,TMIN,123,,,a,
ASN00092045,20120524,TMIN,119,,,a,
ASN00092045,20120525,TMIN,108,,,a,
ASN00092045,20120526,TMIN,79,,,a,
ASN00092045,20120527,TMIN,66,,,a,
ASN00092045,20120528,TMIN,83,,,a,
ASN00092045,20120529,TMIN,69,,,a,
ASN00092045,20120530,TMIN,65,,,a,
ASN00092045,20120531,TMIN,89,,,a,
ASN00092045,20120501,PRCP,0,,,a,
ASN00092045,20120502,PRCP,0,,,a,
ASN00092045,20120503,PRCP,0,,,a,
ASN00092045,20120504,PRCP,50,,,a,
ASN00092045,20120505,PRCP,2,,,a,
ASN00092045,20120506,PRCP,0,,,a,
ASN00092045,20120507,PRCP,0,,,a,
ASN00092045,20120508,PRCP,4,,,a,
ASN00092045,20120509,PRCP,2,,,a,
ASN00092045,20120510,PRCP,44,,,a,
ASN00092045,20120511,PRCP,28,,,a,
ASN00092045,20120512,PRCP,18,,,a,
ASN00092045,20120513,PRCP,0,,,a,
ASN00092045,20120514,PRCP,0,,,a,
ASN00092045,20120515,PRCP,0,,,a,
ASN00092045,20120516,PRCP,0,,,a,
ASN00092045,20120517,PRCP,0,,,a,
ASN00092045,20120518,PRCP,0,,,a,
ASN00092045,20120519,PRCP,20,,,a,
ASN00092045,20120520,PRCP,0,,,a,
ASN00092045,20120521,PRCP,2,,,a,
ASN00092045,20120522,PRCP,16,,,a,
ASN00092045,20120523,PRCP,124,,,a,
ASN00092045,20120524,PRCP,0,,,a,
ASN00092045,20120525,PRCP,184,,,a,
ASN00092045,20120526,PRCP,290,,,a,
ASN00092045,20120527,PRCP,0,,,a,
ASN00092045,20120528,PRCP,0,,,a,
ASN00092045,20120529,PRCP,4,,,a,
ASN00092045,20120530,PRCP,0,,,a,
ASN00092045,20120531,PRCP,2,,,a,
ASN00092045,20120501,TAVG,165,H,,S,
ASN00092045,20120502,TAVG,110,H,,S,
ASN00092045,20120503,TAVG,123,H,,S,
ASN00092045,20120504,TAVG,116,H,,S,
ASN00092045,20120505,TAVG,127,H,,S,
ASN00092045,20120506,TAVG,120,H,,S,
ASN00092045,20120507,TAVG,133,H,,S,
ASN00092045,20120508,TAVG,150,H,,S,
ASN00092045,20120509,TAVG,148,H,,S,
ASN00092045,20120510,TAVG,138,H,,S,
ASN00092045,20120511,TAVG,96,H,,S,
ASN00092045,20120512,TAVG,77,H,,S,
ASN00092045,20120513,TAVG,97,H,,S,
ASN00092045,20120514,TAVG,123,H,,S,
ASN00092045,20120515,TAVG,134,H,,S,
ASN00092045,20120516,TAVG,119,H,,S,
ASN00092045,20120517,TAVG,124,H,,S,
ASN00092045,20120518,TAVG,137,H,,S,
ASN00092045,20120519,TAVG,107,H,,S,
ASN00092045,20120520,TAVG,116,H,,S,
ASN00092045,20120521,TAVG,137,H,,S,
ASN00092045,20120522,TAVG,134,H,,S,
ASN00092045,20120523,TAVG,153,H,,S,
ASN00092045,20120524,TAVG,123,H,,S,
ASN00092045,20120525,TAVG,103,H,,S,
ASN00092045,20120526,TAVG,105,H,,S,
ASN00092045,20120527,TAVG,115,H,,S,
ASN00092045,20120528,TAVG,112,H,,S,
ASN00092045,20120529,TAVG,107,H,,S,
ASN00092045,20120530,TAVG,122,H,,S,
ASN00092045,20120531,TAVG,124,H,,S,
ASN00092045,20120601,TMAX,165,,,a,
ASN00092045,20120602,TMAX,165,,,a,
ASN00092045,20120603,TMAX,131,,,a,
ASN00092045,20120604,TMAX,135,,,a,
ASN00092045,20120605,TMAX,115,,,a,
ASN00092045,20120606,TMAX,137,,,a,
ASN00092045,20120607,TMAX,145,,,a,
ASN00092045,20120608,TMAX,169,,,a,
ASN00092045,20120609,TMAX,170,,,a,
ASN00092045,20120610,TMAX,151,,,a,
ASN00092045,20120611,TMAX,138,,,a,
ASN00092045,20120612,TMAX,171,,,a,
ASN00092045,20120613,TMAX,151,,,a,
ASN00092045,20120614,TMAX,160,,,a,
ASN00092045,20120615,TMAX,150,,,a,
ASN00092045,20120616,TMAX,153,,,a,
ASN00092045,20120617,TMAX,152,,,a,
ASN00092045,20120618,TMAX,142,,,a,
ASN00092045,20120619,TMAX,129,,,a,
ASN00092045,20120620,TMAX,128,,,a,
ASN00092045,20120621,TMAX,107,,,a,
ASN00092045,20120622,TMAX,110,,,a,
ASN00092045,20120623,TMAX,121,,,a,
ASN00092045,20120624,TMAX,129,,,a,
ASN00092045,20120625,TMAX,122,,,a,
ASN00092045,20120626,TMAX,119,,,a,
ASN00092045,20120627,TMAX,112,,,a,
ASN00092045,20120628,TMAX,147,,,a,
ASN00092045,20120629,TMAX,154,,,a,
ASN00092045,20120630,TMAX,132,,,a,
ASN00092045,20120601,TMIN,100,,,a,
ASN00092045,20120602,TMIN,84,,,a,
ASN00092045,20120603,TMIN,106,,,a,
ASN00092045,20120604,TMIN,115,,,a,
ASN00092045,20120605,TMIN,99,,,a,
ASN00092045,20120606,TMIN,50,,,a,
ASN00092045,20120607,TMIN,49,,,a,
ASN00092045,20120608,TMIN,65,,,a,
ASN00092045,20120609,TMIN,68,,,a,
ASN00092045,20120610,TMIN,64,,,a,
ASN00092045,20120611,TMIN,80,,,a,
ASN00092045,20120612,TMIN,102,,,a,
ASN00092045,20120613,TMIN,106,,,a,
ASN00092045,20120614,TMIN,119,,,a,
ASN00092045,20120615,TMIN,107,,,a,
ASN00092045,20120616,TMIN,84,,,a,
ASN00092045,20120617,TMIN,89,,,a,
ASN00092045,20120618,TMIN,67,,,a,
ASN00092045,20120619,TMIN,62,,,a,
ASN00092045,20120620,TMIN,42,,,a,
ASN00092045,20120621,TMIN,88,,,a,
ASN00092045,20120622,TMIN,79,,,a,
ASN00092045,20120623,TMIN,35,,,a,
ASN00092045,20120624,TMIN,70,,,a,
ASN00092045,20120625,TMIN,87,,,a,
ASN00092045,20120626,TMIN,32,,,a,
ASN00092045,20120627,TMIN,29,,,a,
ASN00092045,20120628,TMIN,49,,,a,
ASN00092045,20120629,TMIN,109,,,a,
ASN00092045,20120630,TMIN,80,,,a,
ASN00092045,20120601,PRCP,0,,,a,
ASN00092045,20120602,PRCP,0,,,a,
ASN00092045,20120603,PRCP,92,,,a,
ASN00092045,20120604,PRCP,152,,,a,
ASN00092045,20120605,PRCP,8,,,a,
ASN00092045,20120606,PRCP,6,,,a,
ASN00092045,20120607,PRCP,2,,,a,
ASN00092045,20120608,PRCP,0,,,a,
ASN00092045,20120609,PRCP,0,,,a,
ASN00092045,20120610,PRCP,0,,,a,
ASN00092045,20120611,PRCP,22,,,a,
ASN00092045,20120612,PRCP,10,,,a,
ASN00092045,20120613,PRCP,16,,,a,
ASN00092045,20120614,PRCP,64,,,a,
ASN00092045,20120615,PRCP,110,,,a,
ASN00092045,20120616,PRCP,2,,,a,
ASN00092045,20120617,PRCP,36,,,a,
ASN00092045,20120618,PRCP,0,,,a,
ASN00092045,20120619,PRCP,12,,,a,
ASN00092045,20120620,PRCP,0,,,a,
ASN00092045,20120621,PRCP,52,,,a,
ASN00092045,20120622,PRCP,82,,,a,
ASN00092045,20120623,PRCP,10,,,a,
ASN00092045,20120624,PRCP,2,,,a,
ASN00092045,20120625,PRCP,0,,,a,
ASN00092045,20120626,PRCP,0,,,a,
ASN00092045,20120627,PRCP,0,,,a,
ASN00092045,20120628,PRCP,0,,,a,
ASN00092045,20120629,PRCP,0,,,a,
ASN00092045,20120630,PRCP,26,,,a,
ASN00092045,20120601,TAVG,115,H,,S,
ASN00092045,20120602,TAVG,123,H,,S,
ASN00092045,20120603,TAVG,123,H,,S,
ASN00092045,20120604,TAVG,114,H,,S,
ASN00092045,20120605,TAVG,96,H,,S,
ASN00092045,20120606,TAVG,82,H,,S,
ASN00092045,20120607,TAVG,97,H,,S,
ASN00092045,20120608,TAVG,112,H,,S,
ASN00092045,20120609,TAVG,106,H,,S,
ASN00092045,20120610,TAVG,111,H,,S,
ASN00092045,20120611,TAVG,116,H,,S,
ASN00092045,20120612,TAVG,127,H,,S,
ASN00092045,20120613,TAVG,131,H,,S,
ASN00092045,20120614,TAVG,136,H,,S,
ASN00092045,20120615,TAVG,107,H,,S,
ASN00092045,20120616,TAVG,118,H,,S,
ASN00092045,20120617,TAVG,107,H,,S,
ASN00092045,20120618,TAVG,111,H,,S,
ASN00092045,20120619,TAVG,77,H,,S,
ASN00092045,20120620,TAVG,111,H,,S,
ASN00092045,20120621,TAVG,92,H,,S,
ASN00092045,20120622,TAVG,66,H,,S,
ASN00092045,20120623,TAVG,101,H,,S,
ASN00092045,20120624,TAVG,110,H,,S,
ASN00092045,20120625,TAVG,64,H,,S,
ASN00092045,20120626,TAVG,67,H,,S,
ASN00092045,20120627,TAVG,79,H,,S,
ASN00092045,20120628,TAVG,127,H,,S,
ASN00092045,20120629,TAVG,115,H,,S,
ASN00092045,20120630,TAVG,93,H,,S,
ASN00092045,20120701,TMAX,133,,,a,
ASN00092045,20120702,TMAX,154,,,a,
ASN00092045,20120703,TMAX,131,,,a,
ASN00092045,20120704,TMAX,142,,,a,
ASN00092045,20120705,TMAX,152,,,a,
ASN00092045,20120706,TMAX,137,,,a,
ASN00092045,20120707,TMAX,144,,,a,
ASN00092045,20120708,TMAX,133,,,a,
ASN00092045,20120709,TMAX,156,,,a,
ASN00092045,20120710,TMAX,140,,,a,
ASN00092045,20120711,TMAX,136,,,a,
ASN00092045,20120712,TMAX,151,,,a,
ASN00092045,20120713,TMAX,137,,,a,
ASN00092045,20120714,TMAX,148,,,a,
ASN00092045,20120715,TMAX,131,,,a,
ASN00092045,20120716,TMAX,145,,,a,
ASN00092045,20120717,TMAX,155,,,a,
ASN00092045,20120718,TMAX,121,,,a,
ASN00092045,20120719,TMAX,132,,,a,
ASN00092045,20120720,TMAX,171,,,a,
ASN00092045,20120721,TMAX,152,,,a,
ASN00092045,20120722,TMAX,150,,,a,
ASN00092045,20120723,TMAX,152,,,a,
ASN00092045,20120724,TMAX,147,,,a,
ASN00092045,20120725,TMAX,145,,,a,
ASN00092045,20120726,TMAX,151,,,a,
ASN00092045,20120727,TMAX,145,,,a,
ASN00092045,20120728,TMAX,158,,,a,
ASN00092045,20120729,TMAX,128,,,a,
ASN00092045,20120730,TMAX,125,,,a,
ASN00092045,20120731,TMAX,139,,,a,
ASN00092045,20120701,TMIN,57,,,a,
ASN00092045,20120702,TMIN,56,,,a,
ASN00092045,20120703,TMIN,45,,,a,
ASN00092045,20120704,TMIN,49,,,a,
ASN00092045,20120705,TMIN,56,,,a,
ASN00092045,20120706,TMIN,55,,,a,
ASN00092045,20120707,TMIN,75,,,a,
ASN00092045,20120708,TMIN,65,,,a,
ASN00092045,20120709,TMIN,63,,,a,
ASN00092045,20120710,TMIN,80,,,a,
ASN00092045,20120711,TMIN,92,,,a,
ASN00092045,20120712,TMIN,104,,,a,
ASN00092045,20120713,TMIN,96,,,a,
ASN00092045,20120714,TMIN,95,,,a,
ASN00092045,20120715,TMIN,65,,,a,
ASN00092045,20120716,TMIN,84,,,a,
ASN00092045,20120717,TMIN,106,,,a,
ASN00092045,20120718,TMIN,80,,,a,
ASN00092045,20120719,TMIN,43,,,a,
ASN00092045,20120720,TMIN,91,,,a,
ASN00092045,20120721,TMIN,63,,,a,
ASN00092045,20120722,TMIN,56,,,a,
ASN00092045,20120723,TMIN,60,,,a,
ASN00092045,20120724,TMIN,67,,,a,
ASN00092045,20120725,TMIN,81,,,a,
ASN00092045,20120726,TMIN,90,,,a,
ASN00092045,20120727,TMIN,72,,,a,
ASN00092045,20120728,TMIN,54,,,a,
ASN00092045,20120729,TMIN,25,,,a,
ASN00092045,20120730,TMIN,40,,,a,
ASN00092045,20120731,TMIN,75,,,a,
ASN00092045,20120701,PRCP,26,,,a,
ASN00092045,20120702,PRCP,72,,,a,
ASN00092045,20120703,PRCP,0,,,a,
ASN00092045,20120704,PRCP,0,,,a,
ASN00092045,20120705,PRCP,0,,,a,
ASN00092045,20120706,PRCP,0,,,a,
ASN00092045,20120707,PRCP,0,,,a,
ASN00092045,20120708,PRCP,0,,,a,
ASN00092045,20120709,PRCP,2,,,a,
ASN00092045,20120710,PRCP,0,,,a,
ASN00092045,20120711,PRCP,10,,,a,
ASN00092045,20120712,PRCP,8,,,a,
ASN00092045,20120713,PRCP,12,,,a,
ASN00092045,20120714,PRCP,0,,,a,
ASN00092045,20120715,PRCP,10,,,a,
ASN00092045,20120716,PRCP,14,,,a,
ASN00092045,20120717,PRCP,0,,,a,
ASN00092045,20120718,PRCP,8,,,a,
ASN00092045,20120719,PRCP,6,,,a,
ASN00092045,20120720,PRCP,16,,,a,
ASN00092045,20120721,PRCP,0,,,a,
ASN00092045,20120722,PRCP,2,,,a,
ASN00092045,20120723,PRCP,2,,,a,
ASN00092045,20120724,PRCP,2,,,a,
ASN00092045,20120725,PRCP,0,,,a,
ASN00092045,20120726,PRCP,2,,,a,
ASN00092045,20120727,PRCP,8,,,a,
ASN00092045,20120728,PRCP,2,,,a,
ASN00092045,20120729,PRCP,22,,,a,
ASN00092045,20120730,PRCP,0,,,a,
ASN00092045,20120731,PRCP,0,,,a,
ASN00092045,20120701,TAVG,86,H,,S,
ASN00092045,20120702,TAVG,95,H,,S,
ASN00092045,20120703,TAVG,83,H,,S,
ASN00092045,20120704,TAVG,93,H,,S,
ASN00092045,20120705,TAVG,89,H,,S,
ASN00092045,20120706,TAVG,100,H,,S,
ASN00092045,20120707,TAVG,96,H,,S,
ASN00092045,20120708,TAVG,89,H,,S,
ASN00092045,20120709,TAVG,102,H,,S,
ASN00092045,20120710,TAVG,126,H,,S,
ASN00092045,20120711,TAVG,119,H,,S,
ASN00092045,20120712,TAVG,117,H,,S,
ASN00092045,20120713,TAVG,116,H,,S,
ASN00092045,20120714,TAVG,98,H,,S,
ASN00092045,20120715,TAVG,108,H,,S,
ASN00092045,20120716,TAVG,130,H,,S,
ASN00092045,20120717,TAVG,122,H,,S,
ASN00092045,20120718,TAVG,76,H,,S,
ASN00092045,20120719,TAVG,117,H,,S,
ASN00092045,20120720,TAVG,105,H,,S,
ASN00092045,20120721,TAVG,96,H,,S,
ASN00092045,20120722,TAVG,91,H,,S,
ASN00092045,20120723,TAVG,92,H,,S,
ASN00092045,20120724,TAVG,101,H,,S,
ASN00092045,20120725,TAVG,111,H,,S,
ASN00092045,20120726,TAVG,104,H,,S,
ASN00092045,20120727,TAVG,93,H,,S,
ASN00092045,20120728,TAVG,79,H,,S,
ASN00092045,20120729,TAVG,82,H,,S,
ASN00092045,20120730,TAVG,93,H,,S,
ASN00092045,20120731,TAVG,98,H,,S,
ASN00092045,20120801,TMAX,132,,,a,
ASN00092045,20120802,TMAX,138,,,a,
ASN00092045,20120803,TMAX,139,,,a,
ASN00092045,20120804,TMAX,154,,,a,
ASN00092045,20120805,TMAX,136,,,a,
ASN00092045,20120806,TMAX,134,,,a,
ASN00092045,20120807,TMAX,148,,,a,
ASN00092045,20120808,TMAX,138,,,a,
ASN00092045,20120809,TMAX,129,,,a,
ASN00092045,20120810,TMAX,149,,,a,
ASN00092045,20120811,TMAX,158,,,a,
ASN00092045,20120812,TMAX,170,,,a,
ASN00092045,20120813,TMAX,166,,,a,
ASN00092045,20120814,TMAX,164,,,a,
ASN00092045,20120815,TMAX,133,,,a,
ASN00092045,20120816,TMAX,130,,,a,
ASN00092045,20120817,TMAX,141,,,a,
ASN00092045,20120818,TMAX,131,,,a,
ASN00092045,20120819,TMAX,143,,,a,
ASN00092045,20120820,TMAX,152,,,a,
ASN00092045,20120821,TMAX,179,,,a,
ASN00092045,20120822,TMAX,168,,,a,
ASN00092045,20120823,TMAX,184,,,a,
ASN00092045,20120824,TMAX,120,,,a,
ASN00092045,20120825,TMAX,136,,,a,
ASN00092045,20120826,TMAX,129,,,a,
ASN00092045,20120827,TMAX,143,,,a,
ASN00092045,20120828,TMAX,162,,,a,
ASN00092045,20120829,TMAX,136,,,a,
ASN00092045,20120830,TMAX,137,,,a,
ASN00092045,20120831,TMAX,155,,,a,
ASN00092045,20120801,TMIN,80,,,a,
ASN00092045,20120802,TMIN,45,,,a,
ASN00092045,20120803,TMIN,69,,,a,
ASN00092045,20120804,TMIN,71,,,a,
ASN00092045,20120805,TMIN,77,,,a,
ASN00092045,20120806,TMIN,41,,,a,
ASN00092045,20120807,TMIN,34,,,a,
ASN00092045,20120808,TMIN,85,,,a,
ASN00092045,20120809,TMIN,51,,,a,
ASN00092045,20120810,TMIN,63,,,a,
ASN00092045,20120811,TMIN,66,,,a,
ASN00092045,20120812,TMIN,56,,,a,
ASN00092045,20120813,TMIN,63,,,a,
ASN00092045,20120814,TMIN,58,,,a,
ASN00092045,20120815,TMIN,43,,,a,
ASN00092045,20120816,TMIN,52,,,a,
ASN00092045,20120817,TMIN,83,,,a,
ASN00092045,20120818,TMIN,107,,,a,
ASN00092045,20120819,TMIN,62,,,a,
ASN00092045,20120820,TMIN,44,,,a,
ASN00092045,20120821,TMIN,90,,,a,
ASN00092045,20120822,TMIN,106,,,a,
ASN00092045,20120823,TMIN,115,,,a,
ASN00092045,20120824,TMIN,73,,,a,
ASN00092045,20120825,TMIN,60,,,a,
ASN00092045,20120826,TMIN,48,,,a,
ASN00092045,20120827,TMIN,70,,,a,
ASN00092045,20120828,TMIN,101,,,a,
ASN00092045,20120829,TMIN,91,,,a,
ASN00092045,20120830,TMIN,70,,,a,
ASN00092045,20120831,TMIN,48,,,a,
ASN00092045,20120801,PRCP,60,,,a,
ASN00092045,20120802,PRCP,0,,,a,
ASN00092045,20120803,PRCP,2,,,a,
ASN00092045,20120804,PRCP,12,,,a,
ASN00092045,20120805,PRCP,22,,,a,
ASN00092045,20120806,PRCP,102,,,a,
ASN00092045,20120807,PRCP,0,,,a,
ASN00092045,20120808,PRCP,0,,,a,
ASN00092045,20120809,PRCP,50,,,a,
ASN00092045,20120810,PRCP,2,,,a,
ASN00092045,20120811,PRCP,0,,,a,
ASN00092045,20120812,PRCP,0,,,a,
ASN00092045,20120813,PRCP,0,,,a,
ASN00092045,20120814,PRCP,2,,,a,
ASN00092045,20120815,PRCP,6,,,a,
ASN00092045,20120816,PRCP,10,,,a,
ASN00092045,20120817,PRCP,56,,,a,
ASN00092045,20120818,PRCP,0,,,a,
ASN00092045,20120819,PRCP,0,,,a,
ASN00092045,20120820,PRCP,0,,,a,
ASN00092045,20120821,PRCP,2,,,a,
ASN00092045,20120822,PRCP,0,,,a,
ASN00092045,20120823,PRCP,0,,,a,
ASN00092045,20120824,PRCP,34,,,a,
ASN00092045,20120825,PRCP,42,,,a,
ASN00092045,20120826,PRCP,60,,,a,
ASN00092045,20120827,PRCP,0,,,a,
ASN00092045,20120828,PRCP,0,,,a,
ASN00092045,20120829,PRCP,4,,,a,
ASN00092045,20120830,PRCP,40,,,a,
ASN00092045,20120831,PRCP,8,,,a,
ASN00092045,20120801,TAVG,83,H,,S,
ASN00092045,20120802,TAVG,91,H,,S,
ASN00092045,20120803,TAVG,102,H,,S,
ASN00092045,20120804,TAVG,109,H,,S,
ASN00092045,20120805,TAVG,69,H,,S,
ASN00092045,20120806,TAVG,75,H,,S,
ASN00092045,20120807,TAVG,117,H,,S,
ASN00092045,20120808,TAVG,94,H,,S,
ASN00092045,20120809,TAVG,89,H,,S,
ASN00092045,20120810,TAVG,99,H,,S,
ASN00092045,20120811,TAVG,101,H,,S,
ASN00092045,20120812,TAVG,103,H,,S,
ASN00092045,20120813,TAVG,99,H,,S,
ASN00092045,20120814,TAVG,102,H,,S,
ASN00092045,20120815,TAVG,88,H,,S,
ASN00092045,20120816,TAVG,107,H,,S,
ASN00092045,20120817,TAVG,120,H,,S,
ASN00092045,20120818,TAVG,96,H,,S,
ASN00092045,20120819,TAVG,84,H,,S,
ASN00092045,20120820,TAVG,111,H,,S,
ASN00092045,20120821,TAVG,129,H,,S,
ASN00092045,20120822,TAVG,136,H,,S,
ASN00092045,20120823,TAVG,119,H,,S,
ASN00092045,20120824,TAVG,85,H,,S,
ASN00092045,20120825,TAVG,90,H,,S,
ASN00092045,20120826,TAVG,93,H,,S,
ASN00092045,20120827,TAVG,117,H,,S,
ASN00092045,20120828,TAVG,119,H,,S,
ASN00092045,20120829,TAVG,100,H,,S,
ASN00092045,20120830,TAVG,81,H,,S,
ASN00092045,20120831,TAVG,98,H,,S,
ASN00092045,20120901,TMAX,150,,,a,
ASN00092045,20120902,TMAX,142,,,a,
ASN00092045,20120903,TMAX,164,,,a,
ASN00092045,20120904,TMAX,172,,,a,
ASN00092045,20120905,TMAX,172,,,a,
ASN00092045,20120906,TMAX,155,,,a,
ASN00092045,20120907,TMAX,132,,,a,
ASN00092045,20120908,TMAX,163,,,a,
ASN00092045,20120909,TMAX,169,,,a,
ASN00092045,20120910,TMAX,174,,,a,
ASN00092045,20120911,TMAX,171,,,a,
ASN00092045,20120912,TMAX,184,,,a,
ASN00092045,20120913,TMAX,162,,,a,
ASN00092045,20120914,TMAX,166,,,a,
ASN00092045,20120915,TMAX,169,,,a,
ASN00092045,20120916,TMAX,153,,,a,
ASN00092045,20120917,TMAX,140,,,a,
ASN00092045,20120918,TMAX,162,,,a,
ASN00092045,20120919,TMAX,148,,,a,
ASN00092045,20120920,TMAX,160,,,a,
ASN00092045,20120921,TMAX,159,,,a,
ASN00092045,20120922,TMAX,165,,,a,
ASN00092045,20120923,TMAX,169,,,a,
ASN00092045,20120924,TMAX,133,,,a,
ASN00092045,20120925,TMAX,161,,,a,
ASN00092045,20120926,TMAX,180,,,a,
ASN00092045,20120927,TMAX,226,,,a,
ASN00092045,20120928,TMAX,154,,,a,
ASN00092045,20120929,TMAX,127,,,a,
ASN00092045,20120930,TMAX,169,,,a,
ASN00092045,20120901,TMIN,68,,,a,
ASN00092045,20120902,TMIN,43,,,a,
ASN00092045,20120903,TMIN,82,,,a,
ASN00092045,20120904,TMIN,66,,,a,
ASN00092045,20120905,TMIN,94,,,a,
ASN00092045,20120906,TMIN,107,,,a,
ASN00092045,20120907,TMIN,75,,,a,
ASN00092045,20120908,TMIN,53,,,a,
ASN00092045,20120909,TMIN,98,,,a,
ASN00092045,20120910,TMIN,86,,,a,
ASN00092045,20120911,TMIN,86,,,a,
ASN00092045,20120912,TMIN,74,,,a,
ASN00092045,20120913,TMIN,49,,,a,
ASN00092045,20120914,TMIN,53,,,a,
ASN00092045,20120915,TMIN,69,,,a,
ASN00092045,20120916,TMIN,80,,,a,
ASN00092045,20120917,TMIN,105,,,a,
ASN00092045,20120918,TMIN,105,,,a,
ASN00092045,20120919,TMIN,116,,,a,
ASN00092045,20120920,TMIN,113,,,a,
ASN00092045,20120921,TMIN,121,,,a,
ASN00092045,20120922,TMIN,115,,,a,
ASN00092045,20120923,TMIN,120,,,a,
ASN00092045,20120924,TMIN,64,,,a,
ASN00092045,20120925,TMIN,50,,,a,
ASN00092045,20120926,TMIN,74,,,a,
ASN00092045,20120927,TMIN,123,,,a,
ASN00092045,20120928,TMIN,117,,,a,
ASN00092045,20120929,TMIN,56,,,a,
ASN00092045,20120930,TMIN,44,,,a,
ASN00092045,20120901,PRCP,0,,,a,
ASN00092045,20120902,PRCP,0,,,a,
ASN00092045,20120903,PRCP,2,,,a,
ASN00092045,20120904,PRCP,0,,,a,
ASN00092045,20120905,PRCP,0,,,a,
ASN00092045,20120906,PRCP,64,,,a,
ASN00092045,20120907,PRCP,40,,,a,
ASN00092045,20120908,PRCP,8,,,a,
ASN00092045,20120909,PRCP,0,,,a,
ASN00092045,20120910,PRCP,0,,,a,
ASN00092045,20120911,PRCP,0,,,a,
ASN00092045,20120912,PRCP,0,,,a,
ASN00092045,20120913,PRCP,32,,,a,
ASN00092045,20120914,PRCP,2,,,a,
ASN00092045,20120915,PRCP,2,,,a,
ASN00092045,20120916,PRCP,0,,,a,
ASN00092045,20120917,PRCP,0,,,a,
ASN00092045,20120918,PRCP,34,,,a,
ASN00092045,20120919,PRCP,2,,,a,
ASN00092045,20120920,PRCP,4,,,a,
ASN00092045,20120921,PRCP,90,,,a,
ASN00092045,20120922,PRCP,52,,,a,
ASN00092045,20120923,PRCP,2,,,a,
ASN00092045,20120924,PRCP,28,,,a,
ASN00092045,20120925,PRCP,4,,,a,
ASN00092045,20120926,PRCP,0,,,a,
ASN00092045,20120927,PRCP,0,,,a,
ASN00092045,20120928,PRCP,6,,,a,
ASN00092045,20120929,PRCP,142,,,a,
ASN00092045,20120930,PRCP,6,,,a,
ASN00092045,20120901,TAVG,86,H,,S,
ASN00092045,20120902,TAVG,108,H,,S,
ASN00092045,20120903,TAVG,106,H,,S,
ASN00092045,20120904,TAVG,127,H,,S,
ASN00092045,20120905,TAVG,127,H,,S,
ASN00092045,20120906,TAVG,114,H,,S,
ASN00092045,20120907,TAVG,83,H,,S,
ASN00092045,20120908,TAVG,121,H,,S,
ASN00092045,20120909,TAVG,117,H,,S,
ASN00092045,20120910,TAVG,122,H,,S,
ASN00092045,20120911,TAVG,106,H,,S,
ASN00092045,20120912,TAVG,116,H,,S,
ASN00092045,20120913,TAVG,99,H,,S,
ASN00092045,20120914,TAVG,113,H,,S,
ASN00092045,20120915,TAVG,108,H,,S,
ASN00092045,20120916,TAVG,119,H,,S,
ASN00092045,20120917,TAVG,116,H,,S,
ASN00092045,20120918,TAVG,130,H,,S,
ASN00092045,20120919,TAVG,122,H,,S,
ASN00092045,20120920,TAVG,131,H,,S,
ASN00092045,20120921,TAVG,129,H,,S,
ASN00092045,20120922,TAVG,136,H,,S,
ASN00092045,20120923,TAVG,99,H,,S,
ASN00092045,20120924,TAVG,86,H,,S,
ASN00092045,20120925,TAVG,108,H,,S,
ASN00092045,20120926,TAVG,141,H,,S,
ASN00092045,20120927,TAVG,150,H,,S,
ASN00092045,20120928,TAVG,103,H,,S,
ASN00092045,20120929,TAVG,82,H,,S,
ASN00092045,20120930,TAVG,114,H,,S,
ASN00092045,20121001,TMAX,196,,,a,
ASN00092045,20121002,TMAX,195,,,a,
ASN00092045,20121003,TMAX,202,,,a,
ASN00092045,20121004,TMAX,217,,,a,
ASN00092045,20121005,TMAX,183,,,a,
ASN00092045,20121006,TMAX,120,,,a,
ASN00092045,20121007,TMAX,164,,,a,
ASN00092045,20121008,TMAX,163,,,a,
ASN00092045,20121009,TMAX,178,,,a,
ASN00092045,20121010,TMAX,154,,,a,
ASN00092045,20121011,TMAX,151,,,a,
ASN00092045,20121012,TMAX,151,,,a,
ASN00092045,20121013,TMAX,178,,,a,
ASN00092045,20121014,TMAX,174,,,a,
ASN00092045,20121015,TMAX,199,,,a,
ASN00092045,20121016,TMAX,179,,,a,
ASN00092045,20121017,TMAX,203,,,a,
ASN00092045,20121018,TMAX,208,,,a,
ASN00092045,20121019,TMAX,182,,,a,
ASN00092045,20121020,TMAX,194,,,a,
ASN00092045,20121021,TMAX,173,,,a,
ASN00092045,20121022,TMAX,161,,,a,
ASN00092045,20121023,TMAX,179,,,a,
ASN00092045,20121024,TMAX,212,,,a,
ASN00092045,20121025,TMAX,152,,,a,
ASN00092045,20121026,TMAX,170,,,a,
ASN00092045,20121027,TMAX,182,,,a,
ASN00092045,20121028,TMAX,187,,,a,
ASN00092045,20121029,TMAX,184,,,a,
ASN00092045,20121030,TMAX,223,,,a,
ASN00092045,20121031,TMAX,216,,,a,
ASN00092045,20121001,TMIN,78,,,a,
ASN00092045,20121002,TMIN,82,,,a,
ASN00092045,20121003,TMIN,105,,,a,
ASN00092045,20121004,TMIN,94,,,a,
ASN00092045,20121005,TMIN,88,,,a,
ASN00092045,20121006,TMIN,83,,,a,
ASN00092045,20121007,TMIN,51,,,a,
ASN00092045,20121008,TMIN,72,,,a,
ASN00092045,20121009,TMIN,65,,,a,
ASN00092045,20121010,TMIN,63,,,a,
ASN00092045,20121011,TMIN,42,,,a,
ASN00092045,20121012,TMIN,67,,,a,
ASN00092045,20121013,TMIN,71,,,a,
ASN00092045,20121014,TMIN,87,,,a,
ASN00092045,20121015,TMIN,81,,,a,
ASN00092045,20121016,TMIN,116,,,a,
ASN00092045,20121017,TMIN,85,,,a,
ASN00092045,20121018,TMIN,91,,,a,
ASN00092045,20121019,TMIN,99,,,a,
ASN00092045,20121020,TMIN,105,,,a,
ASN00092045,20121021,TMIN,73,,,a,
ASN00092045,20121022,TMIN,68,,,a,
ASN00092045,20121023,TMIN,72,,,a,
ASN00092045,20121024,TMIN,117,,,a,
ASN00092045,20121025,TMIN,117,,,a,
ASN00092045,20121026,TMIN,104,,,a,
ASN00092045,20121027,TMIN,48,,,a,
ASN00092045,20121028,TMIN,68,,,a,
ASN00092045,20121029,TMIN,104,,,a,
ASN00092045,20121030,TMIN,95,,,a,
ASN00092045,20121031,TMIN,134,,,a,
ASN00092045,20121001,PRCP,0,,,a,
ASN00092045,20121002,PRCP,0,,,a,
ASN00092045,20121003,PRCP,0,,,a,
ASN00092045,20121004,PRCP,0,,,a,
ASN00092045,20121005,PRCP,0,,,a,
ASN00092045,20121006,PRCP,0,,,a,
ASN00092045,20121007,PRCP,98,,,a,
ASN00092045,20121008,PRCP,2,,,a,
ASN00092045,20121009,PRCP,0,,,a,
ASN00092045,20121010,PRCP,128,,,a,
ASN00092045,20121011,PRCP,6,,,a,
ASN00092045,20121012,PRCP,2,,,a,
ASN00092045,20121013,PRCP,10,,,a,
ASN00092045,20121014,PRCP,2,,,a,
ASN00092045,20121015,PRCP,2,,,a,
ASN00092045,20121016,PRCP,0,,,a,
ASN00092045,20121017,PRCP,0,,,a,
ASN00092045,20121018,PRCP,2,,,a,
ASN00092045,20121019,PRCP,0,,,a,
ASN00092045,20121020,PRCP,0,,,a,
ASN00092045,20121021,PRCP,0,,,a,
ASN00092045,20121022,PRCP,98,,,a,
ASN00092045,20121023,PRCP,0,,,a,
ASN00092045,20121024,PRCP,0,,,a,
ASN00092045,20121025,PRCP,0,,,a,
ASN00092045,20121026,PRCP,2,,,a,
ASN00092045,20121027,PRCP,8,,,a,
ASN00092045,20121028,PRCP,0,,,a,
ASN00092045,20121029,PRCP,0,,,a,
ASN00092045,20121030,PRCP,0,,,a,
ASN00092045,20121031,PRCP,0,,,a,
ASN00092045,20121001,TAVG,132,H,,S,
ASN00092045,20121002,TAVG,136,H,,S,
ASN00092045,20121003,TAVG,143,H,,S,
ASN00092045,20121004,TAVG,139,H,,S,
ASN00092045,20121005,TAVG,118,H,,S,
ASN00092045,20121006,TAVG,84,H,,S,
ASN00092045,20121007,TAVG,111,H,,S,
ASN00092045,20121008,TAVG,111,H,,S,
ASN00092045,20121009,TAVG,114,H,,S,
ASN00092045,20121010,TAVG,96,H,,S,
ASN00092045,20121011,TAVG,110,H,,S,
ASN00092045,20121012,TAVG,105,H,,S,
ASN00092045,20121013,TAVG,118,H,,S,
ASN00092045,20121014,TAVG,120,H,,S,
ASN00092045,20121015,TAVG,139,H,,S,
ASN00092045,20121016,TAVG,124,H,,S,
ASN00092045,20121017,TAVG,131,H,,S,
ASN00092045,20121018,TAVG,132,H,,S,
ASN00092045,20121019,TAVG,132,H,,S,
ASN00092045,20121020,TAVG,129,H,,S,
ASN00092045,20121021,TAVG,106,H,,S,
ASN00092045,20121022,TAVG,113,H,,S,
ASN00092045,20121023,TAVG,136,H,,S,
ASN00092045,20121024,TAVG,145,H,,S,
ASN00092045,20121025,TAVG,124,H,,S,
ASN00092045,20121026,TAVG,106,H,,S,
ASN00092045,20121027,TAVG,119,H,,S,
ASN00092045,20121028,TAVG,134,H,,S,
ASN00092045,20121029,TAVG,133,H,,S,
ASN00092045,20121030,TAVG,170,H,,S,
ASN00092045,20121031,TAVG,160,H,,S,
ASN00092045,20121101,TMAX,143,,,a,
ASN00092045,20121102,TMAX,178,,,a,
ASN00092045,20121103,TMAX,175,,,a,
ASN00092045,20121104,TMAX,206,,,a,
ASN00092045,20121105,TMAX,169,,,a,
ASN00092045,20121106,TMAX,191,,,a,
ASN00092045,20121107,TMAX,204,,,a,
ASN00092045,20121108,TMAX,206,,,a,
ASN00092045,20121109,TMAX,180,,,a,
ASN00092045,20121110,TMAX,194,,,a,
ASN00092045,20121111,TMAX,196,,,a,
ASN00092045,20121112,TMAX,217,,,a,
ASN00092045,20121113,TMAX,189,,,a,
ASN00092045,20121114,TMAX,198,,,a,
ASN00092045,20121115,TMAX,193,,,a,
ASN00092045,20121116,TMAX,201,,,a,
ASN00092045,20121117,TMAX,179,,,a,
ASN00092045,20121118,TMAX,174,,,a,
ASN00092045,20121119,TMAX,209,,,a,
ASN00092045,20121120,TMAX,222,,,a,
ASN00092045,20121121,TMAX,206,,,a,
ASN00092045,20121122,TMAX,205,,,a,
ASN00092045,20121123,TMAX,210,,,a,
ASN00092045,20121124,TMAX,209,,,a,
ASN00092045,20121125,TMAX,196,,,a,
ASN00092045,20121126,TMAX,204,,,a,
ASN00092045,20121127,TMAX,206,,,a,
ASN00092045,20121128,TMAX,231,,,a,
ASN00092045,20121129,TMAX,247,,,a,
ASN00092045,20121130,TMAX,269,,,a,
ASN00092045,20121101,TMIN,135,,,a,
ASN00092045,20121102,TMIN,55,,,a,
ASN00092045,20121103,TMIN,101,,,a,
ASN00092045,20121104,TMIN,124,,,a,
ASN00092045,20121105,TMIN,134,,,a,
ASN00092045,20121106,TMIN,141,,,a,
ASN00092045,20121107,TMIN,127,,,a,
ASN00092045,20121108,TMIN,112,,,a,
ASN00092045,20121109,TMIN,110,,,a,
ASN00092045,20121110,TMIN,67,,,a,
ASN00092045,20121111,TMIN,98,,,a,
ASN00092045,20121112,TMIN,134,,,a,
ASN00092045,20121113,TMIN,108,,,a,
ASN00092045,20121114,TMIN,89,,,a,
ASN00092045,20121115,TMIN,119,,,a,
ASN00092045,20121116,TMIN,74,,,a,
ASN00092045,20121117,TMIN,92,,,a,
ASN00092045,20121118,TMIN,107,,,a,
ASN00092045,20121119,TMIN,119,,,a,
ASN00092045,20121120,TMIN,99,,,a,
ASN00092045,20121121,TMIN,143,,,a,
ASN00092045,20121122,TMIN,96,,,a,
ASN00092045,20121123,TMIN,113,,,a,
ASN00092045,20121124,TMIN,96,,,a,
ASN00092045,20121125,TMIN,123,,,a,
ASN00092045,20121126,TMIN,119,,,a,
ASN00092045,20121127,TMIN,131,,,a,
ASN00092045,20121128,TMIN,136,,,a,
ASN00092045,20121129,TMIN,123,,,a,
ASN00092045,20121130,TMIN,157,,,a,
ASN00092045,20121101,PRCP,50,,,a,
ASN00092045,20121102,PRCP,302,,,a,
ASN00092045,20121103,PRCP,2,,,a,
ASN00092045,20121104,PRCP,0,,,a,
ASN00092045,20121105,PRCP,40,,,a,
ASN00092045,20121106,PRCP,12,,,a,
ASN00092045,20121107,PRCP,0,,,a,
ASN00092045,20121108,PRCP,2,,,a,
ASN00092045,20121109,PRCP,8,,,a,
ASN00092045,20121110,PRCP,0,,,a,
ASN00092045,20121111,PRCP,2,,,a,
ASN00092045,20121112,PRCP,0,,,a,
ASN00092045,20121113,PRCP,0,,,a,
ASN00092045,20121114,PRCP,0,,,a,
ASN00092045,20121115,PRCP,0,,,a,
ASN00092045,20121116,PRCP,0,,,a,
ASN00092045,20121117,PRCP,0,,,a,
ASN00092045,20121118,PRCP,44,,,a,
ASN00092045,20121119,PRCP,16,,,a,
ASN00092045,20121120,PRCP,0,,,a,
ASN00092045,20121121,PRCP,0,,,a,
ASN00092045,20121122,PRCP,0,,,a,
ASN00092045,20121123,PRCP,0,,,a,
ASN00092045,20121124,PRCP,0,,,a,
ASN00092045,20121125,PRCP,0,,,a,
ASN00092045,20121126,PRCP,2,,,a,
ASN00092045,20121127,PRCP,0,,,a,
ASN00092045,20121128,PRCP,0,,,a,
ASN00092045,20121129,PRCP,0,,,a,
ASN00092045,20121130,PRCP,2,,,a,
ASN00092045,20121101,TAVG,99,H,,S,
ASN00092045,20121102,TAVG,118,H,,S,
ASN00092045,20121103,TAVG,142,H,,S,
ASN00092045,20121104,TAVG,158,H,,S,
ASN00092045,20121105,TAVG,151,H,,S,
ASN00092045,20121106,TAVG,149,H,,S,
ASN00092045,20121107,TAVG,157,H,,S,
ASN00092045,20121108,TAVG,144,H,,S,
ASN00092045,20121109,TAVG,122,H,,S,
ASN00092045,20121110,TAVG,136,H,,S,
ASN00092045,20121111,TAVG,155,H,,S,
ASN00092045,20121112,TAVG,152,H,,S,
ASN00092045,20121113,TAVG,128,H,,S,
ASN00092045,20121114,TAVG,144,H,,S,
ASN00092045,20121115,TAVG,136,H,,S,
ASN00092045,20121116,TAVG,137,H,,S,
ASN00092045,20121117,TAVG,134,H,,S,
ASN00092045,20121118,TAVG,138,H,,S,
ASN00092045,20121119,TAVG,149,H,,S,
ASN00092045,20121120,TAVG,166,H,,S,
ASN00092045,20121121,TAVG,143,H,,S,
ASN00092045,20121122,TAVG,151,H,,S,
ASN00092045,20121123,TAVG,143,H,,S,
ASN00092045,20121124,TAVG,159,H,,S,
ASN00092045,20121125,TAVG,151,H,,S,
ASN00092045,20121126,TAVG,154,H,,S,
ASN00092045,20121127,TAVG,163,H,,S,
ASN00092045,20121128,TAVG,170,H,,S,
ASN00092045,20121129,TAVG,176,H,,S,
ASN00092045,20121130,TAVG,185,H,,S,
ASN00092045,20121201,TMAX,229,,,a,
ASN00092045,20121202,TMAX,228,,,a,
ASN00092045,20121203,TMAX,192,,,a,
ASN00092045,20121204,TMAX,180,,,a,
ASN00092045,20121205,TMAX,195,,,a,
ASN00092045,20121206,TMAX,197,,,a,
ASN00092045,20121207,TMAX,230,,,a,
ASN00092045,20121208,TMAX,230,,,a,
ASN00092045,20121209,TMAX,229,,,a,
ASN00092045,20121210,TMAX,219,,,a,
ASN00092045,20121211,TMAX,241,,,a,
ASN00092045,20121212,TMAX,240,,,a,
ASN00092045,20121213,TMAX,253,,,a,
ASN00092045,20121214,TMAX,203,,,a,
ASN00092045,20121215,TMAX,216,,,a,
ASN00092045,20121216,TMAX,204,,,a,
ASN00092045,20121217,TMAX,198,,,a,
ASN00092045,20121218,TMAX,212,,,a,
ASN00092045,20121219,TMAX,242,,,a,
ASN00092045,20121220,TMAX,216,,,a,
ASN00092045,20121221,TMAX,216,,,a,
ASN00092045,20121222,TMAX,217,,,a,
ASN00092045,20121223,TMAX,240,,,a,
ASN00092045,20121224,TMAX,240,,,a,
ASN00092045,20121225,TMAX,232,,,a,
ASN00092045,20121226,TMAX,228,,,a,
ASN00092045,20121227,TMAX,230,,,a,
ASN00092045,20121228,TMAX,249,,,a,
ASN00092045,20121229,TMAX,251,,,a,
ASN00092045,20121230,TMAX,211,,,a,
ASN00092045,20121231,TMAX,226,,,a,
ASN00092045,20121201,TMIN,141,,,a,
ASN00092045,20121202,TMIN,128,,,a,
ASN00092045,20121203,TMIN,113,,,a,
ASN00092045,20121204,TMIN,81,,,a,
ASN00092045,20121205,TMIN,66,,,a,
ASN00092045,20121206,TMIN,70,,,a,
ASN00092045,20121207,TMIN,112,,,a,
ASN00092045,20121208,TMIN,125,,,a,
ASN00092045,20121209,TMIN,111,,,a,
ASN00092045,20121210,TMIN,140,,,a,
ASN00092045,20121211,TMIN,126,,,a,
ASN00092045,20121212,TMIN,145,,,a,
ASN00092045,20121213,TMIN,148,,,a,
ASN00092045,20121214,TMIN,147,,,a,
ASN00092045,20121215,TMIN,147,,,a,
ASN00092045,20121216,TMIN,136,,,a,
ASN00092045,20121217,TMIN,79,,,a,
ASN00092045,20121218,TMIN,114,,,a,
ASN00092045,20121219,TMIN,134,,,a,
ASN00092045,20121220,TMIN,119,,,a,
ASN00092045,20121221,TMIN,90,,,a,
ASN00092045,20121222,TMIN,110,,,a,
ASN00092045,20121223,TMIN,112,,,a,
ASN00092045,20121224,TMIN,153,,,a,
ASN00092045,20121225,TMIN,136,,,a,
ASN00092045,20121226,TMIN,118,,,a,
ASN00092045,20121227,TMIN,135,,,a,
ASN00092045,20121228,TMIN,123,,,a,
ASN00092045,20121229,TMIN,119,,,a,
ASN00092045,20121230,TMIN,126,,,a,
ASN00092045,20121231,TMIN,103,,,a,
ASN00092045,20121201,PRCP,2,,,a,
ASN00092045,20121202,PRCP,0,,,a,
ASN00092045,20121203,PRCP,0,,,a,
ASN00092045,20121204,PRCP,0,,,a,
ASN00092045,20121205,PRCP,82,,,a,
ASN00092045,20121206,PRCP,0,,,a,
ASN00092045,20121207,PRCP,0,,,a,
ASN00092045,20121208,PRCP,0,,,a,
ASN00092045,20121209,PRCP,0,,,a,
ASN00092045,20121210,PRCP,0,,,a,
ASN00092045,20121211,PRCP,0,,,a,
ASN00092045,20121212,PRCP,0,,,a,
ASN00092045,20121213,PRCP,0,,,a,
ASN00092045,20121214,PRCP,8,,,a,
ASN00092045,20121215,PRCP,96,,,a,
ASN00092045,20121216,PRCP,82,,,a,
ASN00092045,20121217,PRCP,0,,,a,
ASN00092045,20121218,PRCP,0,,,a,
ASN00092045,20121219,PRCP,2,,,a,
ASN00092045,20121220,PRCP,168,,,a,
ASN00092045,20121221,PRCP,0,,,a,
ASN00092045,20121222,PRCP,0,,,a,
ASN00092045,20121223,PRCP,0,,,a,
ASN00092045,20121224,PRCP,0,,,a,
ASN00092045,20121225,PRCP,0,,,a,
ASN00092045,20121226,PRCP,46,,,a,
ASN00092045,20121227,PRCP,0,,,a,
ASN00092045,20121228,PRCP,0,,,a,
ASN00092045,20121229,PRCP,0,,,a,
ASN00092045,20121230,PRCP,0,,,a,
ASN00092045,20121231,PRCP,0,,,a,
ASN00092045,20121201,TAVG,171,H,,S,
ASN00092045,20121202,TAVG,159,H,,S,
ASN00092045,20121203,TAVG,137,H,,S,
ASN00092045,20121204,TAVG,116,H,,S,
ASN00092045,20121205,TAVG,127,H,,S,
ASN00092045,20121206,TAVG,147,H,,S,
ASN00092045,20121207,TAVG,156,H,,S,
ASN00092045,20121208,TAVG,174,H,,S,
ASN00092045,20121209,TAVG,173,H,,S,
ASN00092045,20121210,TAVG,165,H,,S,
ASN00092045,20121211,TAVG,179,H,,S,
ASN00092045,20121212,TAVG,179,H,,S,
ASN00092045,20121213,TAVG,177,H,,S,
ASN00092045,20121214,TAVG,163,H,,S,
ASN00092045,20121215,TAVG,158,H,,S,
ASN00092045,20121216,TAVG,141,H,,S,
ASN00092045,20121217,TAVG,151,H,,S,
ASN00092045,20121218,TAVG,168,H,,S,
ASN00092045,20121219,TAVG,170,H,,S,
ASN00092045,20121220,TAVG,156,H,,S,
ASN00092045,20121221,TAVG,159,H,,S,
ASN00092045,20121222,TAVG,158,H,,S,
ASN00092045,20121223,TAVG,183,H,,S,
ASN00092045,20121224,TAVG,181,H,,S,
ASN00092045,20121225,TAVG,157,H,,S,
ASN00092045,20121226,TAVG,170,H,,S,
ASN00092045,20121227,TAVG,174,H,,S,
ASN00092045,20121228,TAVG,174,H,,S,
ASN00092045,20121229,TAVG,171,H,,S,
ASN00092045,20121230,TAVG,159,H,,S,
ASN00092045,20121231,TAVG,173,H,,S,
ASN00092045,20130101,TMAX,232,,,a,
ASN00092045,20130102,TMAX,198,,,a,
ASN00092045,20130103,TMAX,264,,,a,
ASN00092045,20130104,TMAX,365,,O,a,
ASN00092045,20130105,TMAX,230,,,a,
ASN00092045,20130106,TMAX,247,,,a,
ASN00092045,20130107,TMAX,253,,,a,
ASN00092045,20130108,TMAX,264,,,a,
ASN00092045,20130109,TMAX,206,,,a,
ASN00092045,20130110,TMAX,230,,,a,
ASN00092045,20130111,TMAX,271,,,a,
ASN00092045,20130112,TMAX,249,,,a,
ASN00092045,20130113,TMAX,233,,,a,
ASN00092045,20130114,TMAX,213,,,a,
ASN00092045,20130115,TMAX,226,,,a,
ASN00092045,20130116,TMAX,237,,,a,
ASN00092045,20130117,TMAX,241,,,a,
ASN00092045,20130118,TMAX,280,,,a,
ASN00092045,20130119,TMAX,234,,,a,
ASN00092045,20130120,TMAX,242,,,a,
ASN00092045,20130121,TMAX,257,,,a,
ASN00092045,20130122,TMAX,258,,,a,
ASN00092045,20130123,TMAX,213,,,a,
ASN00092045,20130124,TMAX,207,,,a,
ASN00092045,20130125,TMAX,279,,,a,
ASN00092045,20130126,TMAX,191,,,a,
ASN00092045,20130127,TMAX,238,,,a,
ASN00092045,20130128,TMAX,220,,,a,
ASN00092045,20130129,TMAX,193,,,a,
ASN00092045,20130130,TMAX,223,,,a,
ASN00092045,20130131,TMAX,259,,,a,
ASN00092045,20130101,TMIN,147,,,a,
ASN00092045,20130102,TMIN,80,,,a,
ASN00092045,20130103,TMIN,131,,,a,
ASN00092045,20130104,TMIN,162,,,a,
ASN00092045,20130105,TMIN,174,,,a,
ASN00092045,20130106,TMIN,144,,,a,
ASN00092045,20130107,TMIN,140,,,a,
ASN00092045,20130108,TMIN,150,,,a,
ASN00092045,20130109,TMIN,79,,,a,
ASN00092045,20130110,TMIN,104,,,a,
ASN00092045,20130111,TMIN,144,,,a,
ASN00092045,20130112,TMIN,149,,,a,
ASN00092045,20130113,TMIN,119,,,a,
ASN00092045,20130114,TMIN,85,,,a,
ASN00092045,20130115,TMIN,114,,,a,
ASN00092045,20130116,TMIN,125,,,a,
ASN00092045,20130117,TMIN,137,,,a,
ASN00092045,20130118,TMIN,162,,,a,
ASN00092045,20130119,TMIN,96,,,a,
ASN00092045,20130120,TMIN,152,,,a,
ASN00092045,20130121,TMIN,136,,,a,
ASN00092045,20130122,TMIN,135,,,a,
ASN00092045,20130123,TMIN,143,,,a,
ASN00092045,20130124,TMIN,153,,,a,
ASN00092045,20130125,TMIN,178,,,a,
ASN00092045,20130126,TMIN,145,,,a,
ASN00092045,20130127,TMIN,142,,,a,
ASN00092045,20130128,TMIN,126,,,a,
ASN00092045,20130129,TMIN,149,,,a,
ASN00092045,20130130,TMIN,116,,,a,
ASN00092045,20130131,TMIN,159,,,a,
ASN00092045,20130101,PRCP,0,,,a,
ASN00092045,20130102,PRCP,16,,,a,
ASN00092045,20130103,PRCP,2,,,a,
ASN00092045,20130104,PRCP,0,,,a,
ASN00092045,20130105,PRCP,0,,,a,
ASN00092045,20130106,PRCP,0,,,a,
ASN00092045,20130107,PRCP,0,,,a,
ASN00092045,20130108,PRCP,0,,,a,
ASN00092045,20130109,PRCP,10,,,a,
ASN00092045,20130110,PRCP,2,,,a,
ASN00092045,20130111,PRCP,22,,,a,
ASN00092045,20130112,PRCP,0,,,a,
ASN00092045,20130113,PRCP,0,,,a,
ASN00092045,20130114,PRCP,284,,,a,
ASN00092045,20130115,PRCP,0,,,a,
ASN00092045,20130116,PRCP,0,,,a,
ASN00092045,20130117,PRCP,0,,,a,
ASN00092045,20130118,PRCP,0,,,a,
ASN00092045,20130119,PRCP,2,,,a,
ASN00092045,20130120,PRCP,0,,,a,
ASN00092045,20130121,PRCP,0,,,a,
ASN00092045,20130122,PRCP,0,,,a,
ASN00092045,20130123,PRCP,0,,,a,
ASN00092045,20130124,PRCP,0,,,a,
ASN00092045,20130125,PRCP,2,,,a,
ASN00092045,20130126,PRCP,8,,,a,
ASN00092045,20130127,PRCP,0,,,a,
ASN00092045,20130128,PRCP,4,,,a,
ASN00092045,20130129,PRCP,2,,,a,
ASN00092045,20130130,PRCP,0,,,a,
ASN00092045,20130131,PRCP,0,,,a,
ASN00092045,20130101,TAVG,150,H,,S,
ASN00092045,20130102,TAVG,157,H,,S,
ASN00092045,20130103,TAVG,196,H,,S,
ASN00092045,20130104,TAVG,224,H,,S,
ASN00092045,20130105,TAVG,179,H,,S,
ASN00092045,20130106,TAVG,186,H,,S,
ASN00092045,20130107,TAVG,185,H,,S,
ASN00092045,20130108,TAVG,159,H,,S,
ASN00092045,20130109,TAVG,151,H,,S,
ASN00092045,20130110,TAVG,172,H,,S,
ASN00092045,20130111,TAVG,194,H,,S,
ASN00092045,20130112,TAVG,181,H,,S,
ASN00092045,20130113,TAVG,149,H,,S,
ASN00092045,20130114,TAVG,159,H,,S,
ASN00092045,20130115,TAVG,172,H,,S,
ASN00092045,20130116,TAVG,171,H,,S,
ASN00092045,20130117,TAVG,194,H,,S,
ASN00092045,20130118,TAVG,179,H,,S,
ASN00092045,20130119,TAVG,184,H,,S,
ASN00092045,20130120,TAVG,180,H,,S,
ASN00092045,20130121,TAVG,188,H,,S,
ASN00092045,20130122,TAVG,189,H,,S,
ASN00092045,20130123,TAVG,177,H,,S,
ASN00092045,20130124,TAVG,188,H,,S,
ASN00092045,20130125,TAVG,192,H,,S,
ASN00092045,20130126,TAVG,159,H,,S,
ASN00092045,20130127,TAVG,175,H,,S,
ASN00092045,20130128,TAVG,175,H,,S,
ASN00092045,20130129,TAVG,153,H,,S,
ASN00092045,20130130,TAVG,184,H,,S,
ASN00092045,20130131,TAVG,171,H,,S,
ASN00092045,20130201,TMAX,191,,,a,
ASN00092045,20130202,TMAX,256,,,a,
ASN00092045,20130203,TMAX,248,,,a,
ASN00092045,20130204,TMAX,208,,,a,
ASN00092045,20130205,TMAX,254,,,a,
ASN00092045,20130206,TMAX,251,,,a,
ASN00092045,20130207,TMAX,273,,,a,
ASN00092045,20130208,TMAX,235,,,a,
ASN00092045,20130209,TMAX,229,,,a,
ASN00092045,20130210,TMAX,215,,,a,
ASN00092045,20130211,TMAX,234,,,a,
ASN00092045,20130212,TMAX,232,,,a,
ASN00092045,20130213,TMAX,248,,,a,
ASN00092045,20130214,TMAX,231,,,a,
ASN00092045,20130215,TMAX,240,,,a,
ASN00092045,20130216,TMAX,261,,,a,
ASN00092045,20130217,TMAX,271,,,a,
ASN00092045,20130218,TMAX,274,,,a,
ASN00092045,20130219,TMAX,215,,,a,
ASN00092045,20130220,TMAX,214,,,a,
ASN00092045,20130221,TMAX,226,,,a,
ASN00092045,20130222,TMAX,224,,,a,
ASN00092045,20130223,TMAX,241,,,a,
ASN00092045,20130224,TMAX,219,,,a,
ASN00092045,20130225,TMAX,250,,,a,
ASN00092045,20130226,TMAX,204,,,a,
ASN00092045,20130227,TMAX,237,,,a,
ASN00092045,20130228,TMAX,181,,,a,
ASN00092045,20130201,TMIN,108,,,a,
ASN00092045,20130202,TMIN,93,,,a,
ASN00092045,20130203,TMIN,132,,,a,
ASN00092045,20130204,TMIN,154,,,a,
ASN00092045,20130205,TMIN,158,,,a,
ASN00092045,20130206,TMIN,168,,,a,
ASN00092045,20130207,TMIN,178,,,a,
ASN00092045,20130208,TMIN,168,,,a,
ASN00092045,20130209,TMIN,169,,,a,
ASN00092045,20130210,TMIN,115,,,a,
ASN00092045,20130211,TMIN,131,,,a,
ASN00092045,20130212,TMIN,152,,,a,
ASN00092045,20130213,TMIN,143,,,a,
ASN00092045,20130214,TMIN,141,,,a,
ASN00092045,20130215,TMIN,154,,,a,
ASN00092045,20130216,TMIN,167,,,a,
ASN00092045,20130217,TMIN,159,,,a,
ASN00092045,20130218,TMIN,179,,,a,
ASN00092045,20130219,TMIN,169,,,a,
ASN00092045,20130220,TMIN,145,,,a,
ASN00092045,20130221,TMIN,163,,,a,
ASN00092045,20130222,TMIN,174,,,a,
ASN00092045,20130223,TMIN,178,,,a,
ASN00092045,20130224,TMIN,184,,,a,
ASN00092045,20130225,TMIN,191,,,a,
ASN00092045,20130226,TMIN,177,,,a,
ASN00092045,20130227,TMIN,174,,,a,
ASN00092045,20130228,TMIN,141,,,a,
ASN00092045,20130201,PRCP,322,,,a,
ASN00092045,20130202,PRCP,18,,,a,
ASN00092045,20130203,PRCP,2,,,a,
ASN00092045,20130204,PRCP,0,,,a,
ASN00092045,20130205,PRCP,0,,,a,
ASN00092045,20130206,PRCP,0,,,a,
ASN00092045,20130207,PRCP,0,,,a,
ASN00092045,20130208,PRCP,0,,,a,
ASN00092045,20130209,PRCP,0,,,a,
ASN00092045,20130210,PRCP,0,,,a,
ASN00092045,20130211,PRCP,0,,,a,
ASN00092045,20130212,PRCP,0,,,a,
ASN00092045,20130213,PRCP,0,,,a,
ASN00092045,20130214,PRCP,0,,,a,
ASN00092045,20130215,PRCP,0,,,a,
ASN00092045,20130216,PRCP,0,,,a,
ASN00092045,20130217,PRCP,0,,,a,
ASN00092045,20130218,PRCP,0,,,a,
ASN00092045,20130219,PRCP,0,,,a,
ASN00092045,20130220,PRCP,10,,,a,
ASN00092045,20130221,PRCP,0,,,a,
ASN00092045,20130222,PRCP,0,,,a,
ASN00092045,20130223,PRCP,66,,,a,
ASN00092045,20130224,PRCP,0,,,a,
ASN00092045,20130225,PRCP,4,,,a,
ASN00092045,20130226,PRCP,2,,,a,
ASN00092045,20130227,PRCP,4,,,a,
ASN00092045,20130228,PRCP,58,,,a,
ASN00092045,20130201,TAVG,133,H,,S,
ASN00092045,20130202,TAVG,182,H,,S,
ASN00092045,20130203,TAVG,189,H,,S,
ASN00092045,20130204,TAVG,181,H,,S,
ASN00092045,20130205,TAVG,202,H,,S,
ASN00092045,20130206,TAVG,206,H,,S,
ASN00092045,20130207,TAVG,201,H,,S,
ASN00092045,20130208,TAVG,191,H,,S,
ASN00092045,20130209,TAVG,177,H,,S,
ASN00092045,20130210,TAVG,163,H,,S,
ASN00092045,20130211,TAVG,181,H,,S,
ASN00092045,20130212,TAVG,174,H,,S,
ASN00092045,20130213,TAVG,186,H,,S,
ASN00092045,20130214,TAVG,183,H,,S,
ASN00092045,20130215,TAVG,197,H,,S,
ASN00092045,20130216,TAVG,198,H,,S,
ASN00092045,20130217,TAVG,212,H,,S,
ASN00092045,20130218,TAVG,211,H,,S,
ASN00092045,20130219,TAVG,164,H,,S,
ASN00092045,20130220,TAVG,178,H,,S,
ASN00092045,20130221,TAVG,189,H,,S,
ASN00092045,20130222,TAVG,190,H,,S,
ASN00092045,20130223,TAVG,202,H,,S,
ASN00092045,20130224,TAVG,204,H,,S,
ASN00092045,20130225,TAVG,201,H,,S,
ASN00092045,20130226,TAVG,192,H,,S,
ASN00092045,20130227,TAVG,179,H,,S,
ASN00092045,20130228,TAVG,149,H,,S,
ASN00092045,20130301,TMAX,199,,,a,
ASN00092045,20130302,TMAX,218,,,a,
ASN00092045,20130303,TMAX,242,,,a,
ASN00092045,20130304,TMAX,262,,,a,
ASN00092045,20130305,TMAX,265,,,a,
ASN00092045,20130306,TMAX,270,,,a,
ASN00092045,20130307,TMAX,273,,,a,
ASN00092045,20130308,TMAX,254,,,a,
ASN00092045,20130309,TMAX,275,,,a,
ASN00092045,20130310,TMAX,227,,,a,
ASN00092045,20130311,TMAX,257,,,a,
ASN00092045,20130312,TMAX,278,,,a,
ASN00092045,20130313,TMAX,264,,,a,
ASN00092045,20130314,TMAX,247,,,a,
ASN00092045,20130315,TMAX,242,,,a,
ASN00092045,20130316,TMAX,228,,,a,
ASN00092045,20130317,TMAX,201,,,a,
ASN00092045,20130318,TMAX,223,,,a,
ASN00092045,20130319,TMAX,238,,,a,
ASN00092045,20130320,TMAX,246,,,a,
ASN00092045,20130321,TMAX,199,,,a,
ASN00092045,20130322,TMAX,205,,,a,
ASN00092045,20130323,TMAX,211,,,a,
ASN00092045,20130324,TMAX,220,,,a,
ASN00092045,20130325,TMAX,227,,,a,
ASN00092045,20130326,TMAX,228,,,a,
ASN00092045,20130327,TMAX,250,,,a,
ASN00092045,20130328,TMAX,194,,,a,
ASN00092045,20130329,TMAX,210,,,a,
ASN00092045,20130330,TMAX,218,,,a,
ASN00092045,20130331,TMAX,204,,,a,
ASN00092045,20130301,TMIN,122,,,a,
ASN00092045,20130302,TMIN,132,,,a,
ASN00092045,20130303,TMIN,160,,,a,
ASN00092045,20130304,TMIN,158,,,a,
ASN00092045,20130305,TMIN,170,,,a,
ASN00092045,20130306,TMIN,148,,,a,
ASN00092045,20130307,TMIN,173,,,a,
ASN00092045,20130308,TMIN,188,,,a,
ASN00092045,20130309,TMIN,184,,,a,
ASN00092045,20130310,TMIN,179,,,a,
ASN00092045,20130311,TMIN,188,,,a,
ASN00092045,20130312,TMIN,190,,,a,
ASN00092045,20130313,TMIN,195,,,a,
ASN00092045,20130314,TMIN,106,,,a,
ASN00092045,20130315,TMIN,114,,,a,
ASN00092045,20130316,TMIN,143,,,a,
ASN00092045,20130317,TMIN,112,,,a,
ASN00092045,20130318,TMIN,110,,,a,
ASN00092045,20130319,TMIN,123,,,a,
ASN00092045,20130320,TMIN,146,,,a,
ASN00092045,20130321,TMIN,188,,,a,
ASN00092045,20130322,TMIN,153,,,a,
ASN00092045,20130323,TMIN,139,,,a,
ASN00092045,20130324,TMIN,148,,,a,
ASN00092045,20130325,TMIN,118,,,a,
ASN00092045,20130326,TMIN,142,,,a,
ASN00092045,20130327,TMIN,141,,,a,
ASN00092045,20130328,TMIN,154,,,a,
ASN00092045,20130329,TMIN,80,,,a,
ASN00092045,20130330,TMIN,120,,,a,
ASN00092045,20130331,TMIN,116,,,a,
ASN00092045,20130301,PRCP,0,,,a,
ASN00092045,20130302,PRCP,0,,,a,
ASN00092045,20130303,PRCP,0,,,a,
ASN00092045,20130304,PRCP,0,,,a,
ASN00092045,20130305,PRCP,0,,,a,
ASN00092045,20130306,PRCP,2,,,a,
ASN00092045,20130307,PRCP,0,,,a,
ASN00092045,20130308,PRCP,0,,,a,
ASN00092045,20130309,PRCP,0,,,a,
ASN00092045,20130310,PRCP,0,,,a,
ASN00092045,20130311,PRCP,0,,,a,
ASN00092045,20130312,PRCP,4,,,a,
ASN00092045,20130313,PRCP,0,,,a,
ASN00092045,20130314,PRCP,0,,,a,
ASN00092045,20130315,PRCP,0,,,a,
ASN00092045,20130316,PRCP,0,,,a,
ASN00092045,20130317,PRCP,78,,,a,
ASN00092045,20130318,PRCP,0,,,a,
ASN00092045,20130319,PRCP,0,,,a,
ASN00092045,20130320,PRCP,0,,,a,
ASN00092045,20130321,PRCP,0,,,a,
ASN00092045,20130322,PRCP,200,,,a,
ASN00092045,20130323,PRCP,18,,,a,
ASN00092045,20130324,PRCP,4,,,a,
ASN00092045,20130325,PRCP,2,,,a,
ASN00092045,20130326,PRCP,0,,,a,
ASN00092045,20130327,PRCP,0,,,a,
ASN00092045,20130328,PRCP,2,,,a,
ASN00092045,20130329,PRCP,0,,,a,
ASN00092045,20130330,PRCP,0,,,a,
ASN00092045,20130331,PRCP,2,,,a,
ASN00092045,20130301,TAVG,160,H,,S,
ASN00092045,20130302,TAVG,182,H,,S,
ASN00092045,20130303,TAVG,191,H,,S,
ASN00092045,20130304,TAVG,201,H,,S,
ASN00092045,20130305,TAVG,197,H,,S,
ASN00092045,20130306,TAVG,208,H,,S,
ASN00092045,20130307,TAVG,210,H,,S,
ASN00092045,20130308,TAVG,213,H,,S,
ASN00092045,20130309,TAVG,216,H,,S,
ASN00092045,20130310,TAVG,202,H,,S,
ASN00092045,20130311,TAVG,210,H,,S,
ASN00092045,20130312,TAVG,221,H,,S,
ASN00092045,20130313,TAVG,177,H,,S,
ASN00092045,20130314,TAVG,178,H,,S,
ASN00092045,20130315,TAVG,180,H,,S,
ASN00092045,20130316,TAVG,144,H,,S,
ASN00092045,20130317,TAVG,147,H,,S,
ASN00092045,20130318,TAVG,167,H,,S,
ASN00092045,20130319,TAVG,191,H,,S,
ASN00092045,20130320,TAVG,206,H,,S,
ASN00092045,20130321,TAVG,176,H,,S,
ASN00092045,20130322,TAVG,163,H,,S,
ASN00092045,20130323,TAVG,177,H,,S,
ASN00092045,20130324,TAVG,162,H,,S,
ASN00092045,20130325,TAVG,174,H,,S,
ASN00092045,20130326,TAVG,183,H,,S,
ASN00092045,20130327,TAVG,201,H,,S,
ASN00092045,20130328,TAVG,132,H,,S,
ASN00092045,20130329,TAVG,166,H,,S,
ASN00092045,20130330,TAVG,166,H,,S,
ASN00092045,20130331,TAVG,140,H,,S,
ASN00092045,20130401,TMAX,200,,,a,
ASN00092045,20130402,TMAX,229,,,a,
ASN00092045,20130403,TMAX,176,,,a,
ASN00092045,20130404,TMAX,209,,,a,
ASN00092045,20130405,TMAX,213,,,a,
ASN00092045,20130406,TMAX,198,,,a,
ASN00092045,20130407,TMAX,242,,,a,
ASN00092045,20130408,TMAX,213,,,a,
ASN00092045,20130409,TMAX,218,,,a,
ASN00092045,20130410,TMAX,209,,,a,
ASN00092045,20130411,TMAX,189,,,a,
ASN00092045,20130412,TMAX,205,,,a,
ASN00092045,20130413,TMAX,206,,,a,
ASN00092045,20130414,TMAX,169,,,a,
ASN00092045,20130415,TMAX,170,,,a,
ASN00092045,20130416,TMAX,198,,,a,
ASN00092045,20130417,TMAX,211,,,a,
ASN00092045,20130418,TMAX,158,,,a,
ASN00092045,20130419,TMAX,142,,,a,
ASN00092045,20130420,TMAX,160,,,a,
ASN00092045,20130421,TMAX,164,,,a,
ASN00092045,20130422,TMAX,199,,,a,
ASN00092045,20130423,TMAX,184,,,a,
ASN00092045,20130424,TMAX,198,,,a,
ASN00092045,20130425,TMAX,188,,,a,
ASN00092045,20130426,TMAX,197,,,a,
ASN00092045,20130427,TMAX,208,,,a,
ASN00092045,20130428,TMAX,179,,,a,
ASN00092045,20130429,TMAX,183,,,a,
ASN00092045,20130430,TMAX,179,,,a,
ASN00092045,20130401,TMIN,89,,,a,
ASN00092045,20130402,TMIN,136,,,a,
ASN00092045,20130403,TMIN,85,,,a,
ASN00092045,20130404,TMIN,92,,,a,
ASN00092045,20130405,TMIN,120,,,a,
ASN00092045,20130406,TMIN,131,,,a,
ASN00092045,20130407,TMIN,153,,,a,
ASN00092045,20130408,TMIN,151,,,a,
ASN00092045,20130409,TMIN,155,,,a,
ASN00092045,20130410,TMIN,130,,,a,
ASN00092045,20130411,TMIN,139,,,a,
ASN00092045,20130412,TMIN,134,,,a,
ASN00092045,20130413,TMIN,117,,,a,
ASN00092045,20130414,TMIN,118,,,a,
ASN00092045,20130415,TMIN,101,,,a,
ASN00092045,20130416,TMIN,121,,,a,
ASN00092045,20130417,TMIN,117,,,a,
ASN00092045,20130418,TMIN,112,,,a,
ASN00092045,20130419,TMIN,79,,,a,
ASN00092045,20130420,TMIN,98,,,a,
ASN00092045,20130421,TMIN,100,,,a,
ASN00092045,20130422,TMIN,118,,,a,
ASN00092045,20130423,TMIN,106,,,a,
ASN00092045,20130424,TMIN,67,,,a,
ASN00092045,20130425,TMIN,78,,,a,
ASN00092045,20130426,TMIN,122,,,a,
ASN00092045,20130427,TMIN,153,,,a,
ASN00092045,20130428,TMIN,136,,,a,
ASN00092045,20130429,TMIN,78,,,a,
ASN00092045,20130430,TMIN,64,,,a,
ASN00092045,20130401,PRCP,0,,,a,
ASN00092045,20130402,PRCP,0,,,a,
ASN00092045,20130403,PRCP,0,,,a,
ASN00092045,20130404,PRCP,0,,,a,
ASN00092045,20130405,PRCP,0,,,a,
ASN00092045,20130406,PRCP,0,,,a,
ASN00092045,20130407,PRCP,2,,,a,
ASN00092045,20130408,PRCP,0,,,a,
ASN00092045,20130409,PRCP,6,,,a,
ASN00092045,20130410,PRCP,2,,,a,
ASN00092045,20130411,PRCP,8,,,a,
ASN00092045,20130412,PRCP,18,,,a,
ASN00092045,20130413,PRCP,6,,,a,
ASN00092045,20130414,PRCP,10,,,a,
ASN00092045,20130416,PRCP,0,,,a,
ASN00092045,20130417,PRCP,16,,,a,
ASN00092045,20130418,PRCP,2,,,a,
ASN00092045,20130419,PRCP,94,,,a,
ASN00092045,20130420,PRCP,50,,,a,
ASN00092045,20130421,PRCP,8,,,a,
ASN00092045,20130422,PRCP,18,,,a,
ASN00092045,20130423,PRCP,52,,,a,
ASN00092045,20130424,PRCP,2,,,a,
ASN00092045,20130425,PRCP,0,,,a,
ASN00092045,20130426,PRCP,34,,,a,
ASN00092045,20130427,PRCP,0,,,a,
ASN00092045,20130428,PRCP,4,,,a,
ASN00092045,20130429,PRCP,0,,,a,
ASN00092045,20130430,PRCP,0,,,a,
ASN00092045,20130401,TAVG,164,H,,S,
ASN00092045,20130402,TAVG,142,H,,S,
ASN00092045,20130403,TAVG,130,H,,S,
ASN00092045,20130404,TAVG,153,H,,S,
ASN00092045,20130405,TAVG,167,H,,S,
ASN00092045,20130406,TAVG,171,H,,S,
ASN00092045,20130407,TAVG,179,H,,S,
ASN00092045,20130408,TAVG,176,H,,S,
ASN00092045,20130409,TAVG,161,H,,S,
ASN00092045,20130410,TAVG,166,H,,S,
ASN00092045,20130411,TAVG,161,H,,S,
ASN00092045,20130412,TAVG,147,H,,S,
ASN00092045,20130413,TAVG,162,H,,S,
ASN00092045,20130414,TAVG,127,H,,S,
ASN00092045,20130415,TAVG,140,H,,S,
ASN00092045,20130416,TAVG,152,H,,S,
ASN00092045,20130417,TAVG,150,H,,S,
ASN00092045,20130418,TAVG,117,H,,S,
ASN00092045,20130419,TAVG,120,H,,S,
ASN00092045,20130420,TAVG,125,H,,S,
ASN00092045,20130421,TAVG,135,H,,S,
ASN00092045,20130422,TAVG,144,H,,S,
ASN00092045,20130423,TAVG,119,H,,S,
ASN00092045,20130424,TAVG,129,H,,S,
ASN00092045,20130425,TAVG,147,H,,S,
ASN00092045,20130426,TAVG,169,H,,S,
ASN00092045,20130427,TAVG,177,H,,S,
ASN00092045,20130428,TAVG,125,H,,S,
ASN00092045,20130429,TAVG,116,H,,S,
ASN00092045,20130430,TAVG,123,H,,S,
ASN00092045,20130501,TMAX,161,,,a,
ASN00092045,20130502,TMAX,163,,,a,
ASN00092045,20130503,TMAX,191,,,a,
ASN00092045,20130504,TMAX,150,,,a,
ASN00092045,20130505,TMAX,156,,,a,
ASN00092045,20130506,TMAX,167,,,a,
ASN00092045,20130507,TMAX,187,,,a,
ASN00092045,20130508,TMAX,199,,,a,
ASN00092045,20130509,TMAX,216,,,a,
ASN00092045,20130510,TMAX,203,,,a,
ASN00092045,20130511,TMAX,201,,,a,
ASN00092045,20130512,TMAX,206,,,a,
ASN00092045,20130513,TMAX,159,,,a,
ASN00092045,20130514,TMAX,145,,,a,
ASN00092045,20130515,TMAX,169,,,a,
ASN00092045,20130516,TMAX,139,,,a,
ASN00092045,20130517,TMAX,169,,,a,
ASN00092045,20130518,TMAX,167,,,a,
ASN00092045,20130519,TMAX,161,,,a,
ASN00092045,20130520,TMAX,151,,,a,
ASN00092045,20130521,TMAX,160,,,a,
ASN00092045,20130522,TMAX,151,,,a,
ASN00092045,20130523,TMAX,157,,,a,
ASN00092045,20130524,TMAX,161,,,a,
ASN00092045,20130525,TMAX,168,,,a,
ASN00092045,20130526,TMAX,166,,,a,
ASN00092045,20130527,TMAX,143,,,a,
ASN00092045,20130528,TMAX,165,,,a,
ASN00092045,20130529,TMAX,177,,,a,
ASN00092045,20130530,TMAX,185,,,a,
ASN00092045,20130531,TMAX,182,,,a,
ASN00092045,20130501,TMIN,91,,,a,
ASN00092045,20130502,TMIN,54,,,a,
ASN00092045,20130503,TMIN,77,,,a,
ASN00092045,20130504,TMIN,63,,,a,
ASN00092045,20130505,TMIN,45,,,a,
ASN00092045,20130506,TMIN,71,,,a,
ASN00092045,20130507,TMIN,90,,,a,
ASN00092045,20130508,TMIN,127,,,a,
ASN00092045,20130509,TMIN,122,,,a,
ASN00092045,20130510,TMIN,137,,,a,
ASN00092045,20130511,TMIN,149,,,a,
ASN00092045,20130512,TMIN,152,,,a,
ASN00092045,20130513,TMIN,136,,,a,
ASN00092045,20130514,TMIN,82,,,a,
ASN00092045,20130515,TMIN,106,,,a,
ASN00092045,20130516,TMIN,99,,,a,
ASN00092045,20130517,TMIN,75,,,a,
ASN00092045,20130518,TMIN,87,,,a,
ASN00092045,20130519,TMIN,44,,,a,
ASN00092045,20130520,TMIN,64,,,a,
ASN00092045,20130521,TMIN,105,,,a,
ASN00092045,20130522,TMIN,107,,,a,
ASN00092045,20130523,TMIN,79,,,a,
ASN00092045,20130524,TMIN,71,,,a,
ASN00092045,20130525,TMIN,106,,,a,
ASN00092045,20130526,TMIN,110,,,a,
ASN00092045,20130527,TMIN,96,,,a,
ASN00092045,20130528,TMIN,77,,,a,
ASN00092045,20130529,TMIN,90,,,a,
ASN00092045,20130530,TMIN,112,,,a,
ASN00092045,20130531,TMIN,128,,,a,
ASN00092045,20130501,PRCP,0,,,a,
ASN00092045,20130502,PRCP,16,,,a,
ASN00092045,20130503,PRCP,0,,,a,
ASN00092045,20130504,PRCP,26,,,a,
ASN00092045,20130505,PRCP,0,,,a,
ASN00092045,20130506,PRCP,0,,,a,
ASN00092045,20130507,PRCP,0,,,a,
ASN00092045,20130508,PRCP,10,,,a,
ASN00092045,20130509,PRCP,2,,,a,
ASN00092045,20130510,PRCP,0,,,a,
ASN00092045,20130511,PRCP,0,,,a,
ASN00092045,20130512,PRCP,2,,,a,
ASN00092045,20130513,PRCP,8,,,a,
ASN00092045,20130514,PRCP,118,,,a,
ASN00092045,20130515,PRCP,12,,,a,
ASN00092045,20130516,PRCP,270,,,a,
ASN00092045,20130517,PRCP,48,,,a,
ASN00092045,20130518,PRCP,20,,,a,
ASN00092045,20130519,PRCP,0,,,a,
ASN00092045,20130520,PRCP,0,,,a,
ASN00092045,20130521,PRCP,20,,,a,
ASN00092045,20130522,PRCP,18,,,a,
ASN00092045,20130523,PRCP,10,,,a,
ASN00092045,20130524,PRCP,0,,,a,
ASN00092045,20130525,PRCP,0,,,a,
ASN00092045,20130526,PRCP,2,,,a,
ASN00092045,20130527,PRCP,0,,,a,
ASN00092045,20130528,PRCP,0,,,a,
ASN00092045,20130529,PRCP,0,,,a,
ASN00092045,20130530,PRCP,38,,,a,
ASN00092045,20130531,PRCP,12,,,a,
ASN00092045,20130501,TAVG,102,H,,S,
ASN00092045,20130502,TAVG,119,H,,S,
ASN00092045,20130503,TAVG,135,H,,S,
ASN00092045,20130504,TAVG,94,H,,S,
ASN00092045,20130505,TAVG,106,H,,S,
ASN00092045,20130506,TAVG,121,H,,S,
ASN00092045,20130507,TAVG,153,H,,S,
ASN00092045,20130508,TAVG,151,H,,S,
ASN00092045,20130509,TAVG,162,H,,S,
ASN00092045,20130510,TAVG,166,H,,S,
ASN00092045,20130511,TAVG,167,H,,S,
ASN00092045,20130512,TAVG,159,H,,S,
ASN00092045,20130513,TAVG,117,H,,S,
ASN00092045,20130514,TAVG,131,H,,S,
ASN00092045,20130515,TAVG,125,H,,S,
ASN00092045,20130516,TAVG,116,H,,S,
ASN00092045,20130517,TAVG,121,H,,S,
ASN00092045,20130518,TAVG,99,H,,S,
ASN00092045,20130519,TAVG,108,H,,S,
ASN00092045,20130520,TAVG,123,H,,S,
ASN00092045,20130521,TAVG,123,H,,S,
ASN00092045,20130522,TAVG,116,H,,S,
ASN00092045,20130523,TAVG,106,H,,S,
ASN00092045,20130524,TAVG,133,H,,S,
ASN00092045,20130525,TAVG,136,H,,S,
ASN00092045,20130526,TAVG,127,H,,S,
ASN00092045,20130527,TAVG,107,H,,S,
ASN00092045,20130528,TAVG,124,H,,S,
ASN00092045,20130529,TAVG,143,H,,S,
ASN00092045,20130530,TAVG,147,H,,S,
ASN00092045,20130531,TAVG,152,H,,S,
ASN00092045,20130601,TMAX,176,,,a,
ASN00092045,20130602,TMAX,150,,,a,
ASN00092045,20130603,TMAX,180,,,a,
ASN00092045,20130604,TMAX,175,,,a,
ASN00092045,20130605,TMAX,145,,,a,
ASN00092045,20130606,TMAX,160,,,a,
ASN00092045,20130607,TMAX,140,,,a,
ASN00092045,20130608,TMAX,148,,,a,
ASN00092045,20130609,TMAX,151,,,a,
ASN00092045,20130610,TMAX,148,,,a,
ASN00092045,20130611,TMAX,173,,,a,
ASN00092045,20130612,TMAX,140,,,a,
ASN00092045,20130613,TMAX,131,,,a,
ASN00092045,20130614,TMAX,131,,,a,
ASN00092045,20130615,TMAX,135,,,a,
ASN00092045,20130616,TMAX,120,,,a,
ASN00092045,20130617,TMAX,136,,,a,
ASN00092045,20130618,TMAX,128,,,a,
ASN00092045,20130619,TMAX,131,,,a,
ASN00092045,20130620,TMAX,128,,,a,
ASN00092045,20130621,TMAX,121,,,a,
ASN00092045,20130622,TMAX,136,,,a,
ASN00092045,20130623,TMAX,139,,,a,
ASN00092045,20130624,TMAX,128,,,a,
ASN00092045,20130625,TMAX,131,,,a,
ASN00092045,20130626,TMAX,143,,,a,
ASN00092045,20130627,TMAX,166,,,a,
ASN00092045,20130628,TMAX,159,,,a,
ASN00092045,20130629,TMAX,147,,,a,
ASN00092045,20130630,TMAX,160,,,a,
ASN00092045,20130601,TMIN,134,,,a,
ASN00092045,20130602,TMIN,79,,,a,
ASN00092045,20130603,TMIN,55,,,a,
ASN00092045,20130604,TMIN,93,,,a,
ASN00092045,20130605,TMIN,86,,,a,
ASN00092045,20130606,TMIN,107,,,a,
ASN00092045,20130607,TMIN,110,,,a,
ASN00092045,20130608,TMIN,58,,,a,
ASN00092045,20130609,TMIN,97,,,a,
ASN00092045,20130610,TMIN,103,,,a,
ASN00092045,20130611,TMIN,108,,,a,
ASN00092045,20130612,TMIN,91,,,a,
ASN00092045,20130613,TMIN,114,,,a,
ASN00092045,20130614,TMIN,94,,,a,
ASN00092045,20130615,TMIN,96,,,a,
ASN00092045,20130616,TMIN,96,,,a,
ASN00092045,20130617,TMIN,100,,,a,
ASN00092045,20130618,TMIN,96,,,a,
ASN00092045,20130619,TMIN,78,,,a,
ASN00092045,20130620,TMIN,82,,,a,
ASN00092045,20130621,TMIN,80,,,a,
ASN00092045,20130622,TMIN,90,,,a,
ASN00092045,20130623,TMIN,68,,,a,
ASN00092045,20130624,TMIN,79,,,a,
ASN00092045,20130625,TMIN,98,,,a,
ASN00092045,20130626,TMIN,104,,,a,
ASN00092045,20130627,TMIN,112,,,a,
ASN00092045,20130628,TMIN,99,,,a,
ASN00092045,20130629,TMIN,72,,,a,
ASN00092045,20130630,TMIN,97,,,a,
ASN00092045,20130601,PRCP,10,,,a,
ASN00092045,20130602,PRCP,54,,,a,
ASN00092045,20130603,PRCP,0,,,a,
ASN00092045,20130604,PRCP,0,,,a,
ASN00092045,20130605,PRCP,0,,,a,
ASN00092045,20130606,PRCP,0,,,a,
ASN00092045,20130607,PRCP,44,,,a,
ASN00092045,20130608,PRCP,10,,,a,
ASN00092045,20130609,PRCP,16,,,a,
ASN00092045,20130610,PRCP,0,,,a,
ASN00092045,20130611,PRCP,6,,,a,
ASN00092045,20130612,PRCP,0,,,a,
ASN00092045,20130613,PRCP,64,,,a,
ASN00092045,20130614,PRCP,124,,,a,
ASN00092045,20130615,PRCP,18,,,a,
ASN00092045,20130616,PRCP,54,,,a,
ASN00092045,20130617,PRCP,38,,,a,
ASN00092045,20130618,PRCP,16,,,a,
ASN00092045,20130619,PRCP,10,,,a,
ASN00092045,20130620,PRCP,8,,,a,
ASN00092045,20130621,PRCP,4,,,a,
ASN00092045,20130622,PRCP,4,,,a,
ASN00092045,20130623,PRCP,2,,,a,
ASN00092045,20130624,PRCP,0,,,a,
ASN00092045,20130625,PRCP,6,,,a,
ASN00092045,20130626,PRCP,10,,,a,
ASN00092045,20130627,PRCP,4,,,a,
ASN00092045,20130628,PRCP,0,,,a,
ASN00092045,20130629,PRCP,0,,,a,
ASN00092045,20130630,PRCP,4,,,a,
ASN00092045,20130601,TAVG,125,H,,S,
ASN00092045,20130602,TAVG,101,H,,S,
ASN00092045,20130603,TAVG,130,H,,S,
ASN00092045,20130604,TAVG,121,H,,S,
ASN00092045,20130605,TAVG,134,H,,S,
ASN00092045,20130606,TAVG,137,H,,S,
ASN00092045,20130607,TAVG,90,H,,S,
ASN00092045,20130608,TAVG,123,H,,S,
ASN00092045,20130609,TAVG,123,H,,S,
ASN00092045,20130610,TAVG,130,H,,S,
ASN00092045,20130611,TAVG,124,H,,S,
ASN00092045,20130612,TAVG,130,H,,S,
ASN00092045,20130613,TAVG,115,H,,S,
ASN00092045,20130614,TAVG,113,H,,S,
ASN00092045,20130615,TAVG,112,H,,S,
ASN00092045,20130616,TAVG,112,H,,S,
ASN00092045,20130617,TAVG,114,H,,S,
ASN00092045,20130618,TAVG,98,H,,S,
ASN00092045,20130619,TAVG,100,H,,S,
ASN00092045,20130620,TAVG,101,H,,S,
ASN00092045,20130621,TAVG,103,H,,S,
ASN00092045,20130622,TAVG,96,H,,S,
ASN00092045,20130623,TAVG,107,H,,S,
ASN00092045,20130624,TAVG,113,H,,S,
ASN00092045,20130625,TAVG,117,H,,S,
ASN00092045,20130626,TAVG,126,H,,S,
ASN00092045,20130627,TAVG,123,H,,S,
ASN00092045,20130628,TAVG,108,H,,S,
ASN00092045,20130629,TAVG,120,H,,S,
ASN00092045,20130630,TAVG,138,H,,S,
ASN00092045,20130701,TMAX,155,,,a,
ASN00092045,20130702,TMAX,163,,,a,
ASN00092045,20130703,TMAX,155,,,a,
ASN00092045,20130704,TMAX,144,,,a,
ASN00092045,20130705,TMAX,117,,,a,
ASN00092045,20130706,TMAX,124,,,a,
ASN00092045,20130707,TMAX,127,,,a,
ASN00092045,20130708,TMAX,140,,,a,
ASN00092045,20130709,TMAX,135,,,a,
ASN00092045,20130710,TMAX,145,,,a,
ASN00092045,20130711,TMAX,141,,,a,
ASN00092045,20130712,TMAX,158,,,a,
ASN00092045,20130713,TMAX,147,,,a,
ASN00092045,20130714,TMAX,140,,,a,
ASN00092045,20130715,TMAX,165,,,a,
ASN00092045,20130716,TMAX,157,,,a,
ASN00092045,20130717,TMAX,163,,,a,
ASN00092045,20130718,TMAX,168,,,a,
ASN00092045,20130719,TMAX,156,,,a,
ASN00092045,20130720,TMAX,145,,,a,
ASN00092045,20130721,TMAX,108,,,a,
ASN00092045,20130722,TMAX,137,,,a,
ASN00092045,20130723,TMAX,144,,,a,
ASN00092045,20130724,TMAX,141,,,a,
ASN00092045,20130725,TMAX,128,,,a,
ASN00092045,20130726,TMAX,165,,,a,
ASN00092045,20130727,TMAX,142,,,a,
ASN00092045,20130728,TMAX,143,,,a,
ASN00092045,20130729,TMAX,166,,,a,
ASN00092045,20130730,TMAX,155,,,a,
ASN00092045,20130731,TMAX,144,,,a,
ASN00092045,20130701,TMIN,125,,,a,
ASN00092045,20130702,TMIN,128,,,a,
ASN00092045,20130703,TMIN,100,,,a,
ASN00092045,20130704,TMIN,111,,,a,
ASN00092045,20130705,TMIN,67,,,a,
ASN00092045,20130706,TMIN,69,,,a,
ASN00092045,20130707,TMIN,25,,,a,
ASN00092045,20130708,TMIN,40,,,a,
ASN00092045,20130709,TMIN,54,,,a,
ASN00092045,20130710,TMIN,63,,,a,
ASN00092045,20130711,TMIN,54,,,a,
ASN00092045,20130712,TMIN,63,,,a,
ASN00092045,20130713,TMIN,74,,,a,
ASN00092045,20130714,TMIN,107,,,a,
ASN00092045,20130715,TMIN,122,,,a,
ASN00092045,20130716,TMIN,120,,,a,
ASN00092045,20130717,TMIN,100,,,a,
ASN00092045,20130718,TMIN,102,,,a,
ASN00092045,20130719,TMIN,128,,,a,
ASN00092045,20130720,TMIN,93,,,a,
ASN00092045,20130721,TMIN,71,,,a,
ASN00092045,20130722,TMIN,79,,,a,
ASN00092045,20130723,TMIN,67,,,a,
ASN00092045,20130724,TMIN,59,,,a,
ASN00092045,20130725,TMIN,50,,,a,
ASN00092045,20130726,TMIN,83,,,a,
ASN00092045,20130727,TMIN,82,,,a,
ASN00092045,20130728,TMIN,100,,,a,
ASN00092045,20130729,TMIN,111,,,a,
ASN00092045,20130730,TMIN,90,,,a,
ASN00092045,20130731,TMIN,45,,,a,
ASN00092045,20130701,PRCP,2,,,a,
ASN00092045,20130702,PRCP,14,,,a,
ASN00092045,20130703,PRCP,2,,,a,
ASN00092045,20130704,PRCP,2,,,a,
ASN00092045,20130705,PRCP,278,,,a,
ASN00092045,20130706,PRCP,36,,,a,
ASN00092045,20130707,PRCP,0,,,a,
ASN00092045,20130708,PRCP,0,,,a,
ASN00092045,20130709,PRCP,0,,,a,
ASN00092045,20130710,PRCP,0,,,a,
ASN00092045,20130711,PRCP,0,,,a,
ASN00092045,20130712,PRCP,0,,,a,
ASN00092045,20130713,PRCP,0,,,a,
ASN00092045,20130714,PRCP,0,,,a,
ASN00092045,20130715,PRCP,34,,,a,
ASN00092045,20130716,PRCP,0,,,a,
ASN00092045,20130717,PRCP,2,,,a,
ASN00092045,20130718,PRCP,0,,,a,
ASN00092045,20130719,PRCP,22,,,a,
ASN00092045,20130720,PRCP,28,,,a,
ASN00092045,20130721,PRCP,8,,,a,
ASN00092045,20130722,PRCP,126,,,a,
ASN00092045,20130723,PRCP,10,,,a,
ASN00092045,20130724,PRCP,2,,,a,
ASN00092045,20130725,PRCP,0,,,a,
ASN00092045,20130726,PRCP,2,,,a,
ASN00092045,20130727,PRCP,0,,,a,
ASN00092045,20130728,PRCP,0,,,a,
ASN00092045,20130729,PRCP,26,,,a,
ASN00092045,20130730,PRCP,70,,,a,
ASN00092045,20130731,PRCP,0,,,a,
ASN00092045,20130701,TAVG,140,H,,S,
ASN00092045,20130702,TAVG,124,H,,S,
ASN00092045,20130703,TAVG,132,H,,S,
ASN00092045,20130704,TAVG,109,H,,S,
ASN00092045,20130705,TAVG,93,H,,S,
ASN00092045,20130706,TAVG,69,H,,S,
ASN00092045,20130707,TAVG,77,H,,S,
ASN00092045,20130708,TAVG,88,H,,S,
ASN00092045,20130709,TAVG,87,H,,S,
ASN00092045,20130710,TAVG,90,H,,S,
ASN00092045,20130711,TAVG,100,H,,S,
ASN00092045,20130712,TAVG,112,H,,S,
ASN00092045,20130713,TAVG,132,H,,S,
ASN00092045,20130714,TAVG,131,H,,S,
ASN00092045,20130715,TAVG,131,H,,S,
ASN00092045,20130716,TAVG,121,H,,S,
ASN00092045,20130717,TAVG,123,H,,S,
ASN00092045,20130718,TAVG,144,H,,S,
ASN00092045,20130719,TAVG,117,H,,S,
ASN00092045,20130720,TAVG,98,H,,S,
ASN00092045,20130721,TAVG,93,H,,S,
ASN00092045,20130722,TAVG,96,H,,S,
ASN00092045,20130723,TAVG,94,H,,S,
ASN00092045,20130724,TAVG,87,H,,S,
ASN00092045,20130725,TAVG,113,H,,S,
ASN00092045,20130726,TAVG,116,H,,S,
ASN00092045,20130727,TAVG,118,H,,S,
ASN00092045,20130728,TAVG,127,H,,S,
ASN00092045,20130729,TAVG,123,H,,S,
ASN00092045,20130730,TAVG,91,H,,S,
ASN00092045,20130731,TAVG,96,H,,S,
ASN00092045,20130801,TMAX,146,,,a,
ASN00092045,20130802,TMAX,137,,,a,
ASN00092045,20130803,TMAX,124,,,a,
ASN00092045,20130804,TMAX,135,,,a,
ASN00092045,20130805,TMAX,135,,,a,
ASN00092045,20130806,TMAX,139,,,a,
ASN00092045,20130807,TMAX,142,,,a,
ASN00092045,20130808,TMAX,127,,,a,
ASN00092045,20130809,TMAX,122,,,a,
ASN00092045,20130810,TMAX,141,,,a,
ASN00092045,20130811,TMAX,149,,,a,
ASN00092045,20130812,TMAX,127,,,a,
ASN00092045,20130813,TMAX,139,,,a,
ASN00092045,20130814,TMAX,137,,,a,
ASN00092045,20130815,TMAX,153,,,a,
ASN00092045,20130816,TMAX,152,,,a,
ASN00092045,20130817,TMAX,140,,,a,
ASN00092045,20130818,TMAX,141,,,a,
ASN00092045,20130819,TMAX,135,,,a,
ASN00092045,20130820,TMAX,126,,,a,
ASN00092045,20130821,TMAX,121,,,a,
ASN00092045,20130822,TMAX,127,,,a,
ASN00092045,20130823,TMAX,170,,,a,
ASN00092045,20130824,TMAX,170,,,a,
ASN00092045,20130825,TMAX,159,,,a,
ASN00092045,20130826,TMAX,162,,,a,
ASN00092045,20130827,TMAX,167,,,a,
ASN00092045,20130828,TMAX,136,,,a,
ASN00092045,20130829,TMAX,150,,,a,
ASN00092045,20130830,TMAX,155,,,a,
ASN00092045,20130831,TMAX,173,,,a,
ASN00092045,20130801,TMIN,72,,,a,
ASN00092045,20130802,TMIN,86,,,a,
ASN00092045,20130803,TMIN,50,,,a,
ASN00092045,20130804,TMIN,80,,,a,
ASN00092045,20130805,TMIN,51,,,a,
ASN00092045,20130806,TMIN,87,,,a,
ASN00092045,20130807,TMIN,44,,,a,
ASN00092045,20130808,TMIN,84,,,a,
ASN00092045,20130809,TMIN,69,,,a,
ASN00092045,20130810,TMIN,82,,,a,
ASN00092045,20130811,TMIN,87,,,a,
ASN00092045,20130812,TMIN,101,,,a,
ASN00092045,20130813,TMIN,39,,,a,
ASN00092045,20130814,TMIN,83,,,a,
ASN00092045,20130815,TMIN,46,,,a,
ASN00092045,20130816,TMIN,93,,,a,
ASN00092045,20130817,TMIN,96,,,a,
ASN00092045,20130818,TMIN,68,,,a,
ASN00092045,20130819,TMIN,70,,,a,
ASN00092045,20130820,TMIN,20,,,a,
ASN00092045,20130821,TMIN,19,,,a,
ASN00092045,20130822,TMIN,70,,,a,
ASN00092045,20130823,TMIN,85,,,a,
ASN00092045,20130824,TMIN,64,,,a,
ASN00092045,20130825,TMIN,106,,,a,
ASN00092045,20130826,TMIN,113,,,a,
ASN00092045,20130827,TMIN,72,,,a,
ASN00092045,20130828,TMIN,104,,,a,
ASN00092045,20130829,TMIN,105,,,a,
ASN00092045,20130830,TMIN,125,,,a,
ASN00092045,20130831,TMIN,98,,,a,
ASN00092045,20130801,PRCP,0,,,a,
ASN00092045,20130802,PRCP,0,,,a,
ASN00092045,20130803,PRCP,10,,,a,
ASN00092045,20130804,PRCP,32,,,a,
ASN00092045,20130805,PRCP,8,,,a,
ASN00092045,20130806,PRCP,30,,,a,
ASN00092045,20130807,PRCP,0,,,a,
ASN00092045,20130808,PRCP,0,,,a,
ASN00092045,20130809,PRCP,4,,,a,
ASN00092045,20130810,PRCP,104,,,a,
ASN00092045,20130811,PRCP,2,,,a,
ASN00092045,20130812,PRCP,22,,,a,
ASN00092045,20130813,PRCP,116,,,a,
ASN00092045,20130814,PRCP,86,,,a,
ASN00092045,20130815,PRCP,78,,,a,
ASN00092045,20130816,PRCP,0,,,a,
ASN00092045,20130817,PRCP,44,,,a,
ASN00092045,20130818,PRCP,46,,,a,
ASN00092045,20130819,PRCP,142,,,a,
ASN00092045,20130820,PRCP,2,,,a,
ASN00092045,20130821,PRCP,26,,,a,
ASN00092045,20130822,PRCP,94,,,a,
ASN00092045,20130823,PRCP,10,,,a,
ASN00092045,20130824,PRCP,2,,,a,
ASN00092045,20130825,PRCP,0,,,a,
ASN00092045,20130826,PRCP,4,,,a,
ASN00092045,20130827,PRCP,0,,,a,
ASN00092045,20130828,PRCP,2,,,a,
ASN00092045,20130829,PRCP,0,,,a,
ASN00092045,20130830,PRCP,64,,,a,
ASN00092045,20130831,PRCP,26,,,a,
ASN00092045,20130801,TAVG,119,H,,S,
ASN00092045,20130802,TAVG,90,H,,S,
ASN00092045,20130803,TAVG,98,H,,S,
ASN00092045,20130804,TAVG,92,H,,S,
ASN00092045,20130805,TAVG,114,H,,S,
ASN00092045,20130806,TAVG,86,H,,S,
ASN00092045,20130807,TAVG,101,H,,S,
ASN00092045,20130808,TAVG,100,H,,S,
ASN00092045,20130809,TAVG,106,H,,S,
ASN00092045,20130810,TAVG,111,H,,S,
ASN00092045,20130811,TAVG,127,H,,S,
ASN00092045,20130812,TAVG,74,H,,S,
ASN00092045,20130813,TAVG,117,H,,S,
ASN00092045,20130814,TAVG,83,H,,S,
ASN00092045,20130815,TAVG,118,H,,S,
ASN00092045,20130816,TAVG,124,H,,S,
ASN00092045,20130817,TAVG,101,H,,S,
ASN00092045,20130818,TAVG,101,H,,S,
ASN00092045,20130819,TAVG,76,H,,S,
ASN00092045,20130820,TAVG,57,H,,S,
ASN00092045,20130821,TAVG,98,H,,S,
ASN00092045,20130822,TAVG,102,H,,S,
ASN00092045,20130823,TAVG,107,H,,S,
ASN00092045,20130824,TAVG,127,H,,S,
ASN00092045,20130825,TAVG,129,H,,S,
ASN00092045,20130826,TAVG,111,H,,S,
ASN00092045,20130827,TAVG,126,H,,S,
ASN00092045,20130828,TAVG,117,H,,S,
ASN00092045,20130829,TAVG,136,H,,S,
ASN00092045,20130830,TAVG,122,H,,S,
ASN00092045,20130831,TAVG,133,H,,S,
ASN00092045,20130901,TMAX,178,,,a,
ASN00092045,20130902,TMAX,194,,,a,
ASN00092045,20130903,TMAX,176,,,a,
ASN00092045,20130904,TMAX,160,,,a,
ASN00092045,20130905,TMAX,179,,,a,
ASN00092045,20130906,TMAX,171,,,a,
ASN00092045,20130907,TMAX,173,,,a,
ASN00092045,20130908,TMAX,164,,,a,
ASN00092045,20130909,TMAX,145,,,a,
ASN00092045,20130910,TMAX,153,,,a,
ASN00092045,20130911,TMAX,141,,,a,
ASN00092045,20130912,TMAX,116,,,a,
ASN00092045,20130913,TMAX,137,,,a,
ASN00092045,20130914,TMAX,142,,,a,
ASN00092045,20130915,TMAX,150,,,a,
ASN00092045,20130916,TMAX,138,,,a,
ASN00092045,20130917,TMAX,147,,,a,
ASN00092045,20130918,TMAX,143,,,a,
ASN00092045,20130919,TMAX,188,,,a,
ASN00092045,20130920,TMAX,193,,,a,
ASN00092045,20130921,TMAX,181,,,a,
ASN00092045,20130922,TMAX,152,,,a,
ASN00092045,20130923,TMAX,174,,,a,
ASN00092045,20130924,TMAX,188,,,a,
ASN00092045,20130925,TMAX,178,,,a,
ASN00092045,20130926,TMAX,130,,,a,
ASN00092045,20130927,TMAX,164,,,a,
ASN00092045,20130928,TMAX,144,,,a,
ASN00092045,20130929,TMAX,187,,,a,
ASN00092045,20130930,TMAX,195,,,a,
ASN00092045,20130901,TMIN,102,,,a,
ASN00092045,20130902,TMIN,115,,,a,
ASN00092045,20130903,TMIN,83,,,a,
ASN00092045,20130904,TMIN,117,,,a,
ASN00092045,20130905,TMIN,131,,,a,
ASN00092045,20130906,TMIN,113,,,a,
ASN00092045,20130907,TMIN,114,,,a,
ASN00092045,20130908,TMIN,57,,,a,
ASN00092045,20130909,TMIN,78,,,a,
ASN00092045,20130910,TMIN,99,,,a,
ASN00092045,20130911,TMIN,75,,,a,
ASN00092045,20130912,TMIN,39,,,a,
ASN00092045,20130913,TMIN,35,,,a,
ASN00092045,20130914,TMIN,91,,,a,
ASN00092045,20130915,TMIN,99,,,a,
ASN00092045,20130916,TMIN,110,,,a,
ASN00092045,20130917,TMIN,121,,,a,
ASN00092045,20130918,TMIN,123,,,a,
ASN00092045,20130919,TMIN,111,,,a,
ASN00092045,20130920,TMIN,78,,,a,
ASN00092045,20130921,TMIN,68,,,a,
ASN00092045,20130922,TMIN,112,,,a,
ASN00092045,20130923,TMIN,112,,,a,
ASN00092045,20130924,TMIN,136,,,a,
ASN00092045,20130925,TMIN,120,,,a,
ASN00092045,20130926,TMIN,103,,,a,
ASN00092045,20130927,TMIN,57,,,a,
ASN00092045,20130928,TMIN,87,,,a,
ASN00092045,20130929,TMIN,65,,,a,
ASN00092045,20130930,TMIN,119,,,a,
ASN00092045,20130901,PRCP,2,,,a,
ASN00092045,20130902,PRCP,2,,,a,
ASN00092045,20130903,PRCP,0,,,a,
ASN00092045,20130904,PRCP,0,,,a,
ASN00092045,20130905,PRCP,2,,,a,
ASN00092045,20130906,PRCP,0,,,a,
ASN00092045,20130907,PRCP,2,,,a,
ASN00092045,20130908,PRCP,2,,,a,
ASN00092045,20130909,PRCP,0,,,a,
ASN00092045,20130910,PRCP,122,,,a,
ASN00092045,20130911,PRCP,0,,,a,
ASN00092045,20130912,PRCP,0,,,a,
ASN00092045,20130913,PRCP,0,,,a,
ASN00092045,20130914,PRCP,0,,,a,
ASN00092045,20130915,PRCP,0,,,a,
ASN00092045,20130916,PRCP,0,,,a,
ASN00092045,20130917,PRCP,14,,,a,
ASN00092045,20130918,PRCP,108,,,a,
ASN00092045,20130919,PRCP,140,,,a,
ASN00092045,20130920,PRCP,10,,,a,
ASN00092045,20130921,PRCP,0,,,a,
ASN00092045,20130922,PRCP,0,,,a,
ASN00092045,20130923,PRCP,114,,,a,
ASN00092045,20130924,PRCP,2,,,a,
ASN00092045,20130925,PRCP,22,,,a,
ASN00092045,20130926,PRCP,84,,,a,
ASN00092045,20130927,PRCP,84,,,a,
ASN00092045,20130928,PRCP,8,,,a,
ASN00092045,20130929,PRCP,8,,,a,
ASN00092045,20130930,PRCP,0,,,a,
ASN00092045,20130901,TAVG,143,H,,S,
ASN00092045,20130902,TAVG,127,H,,S,
ASN00092045,20130903,TAVG,136,H,,S,
ASN00092045,20130904,TAVG,143,H,,S,
ASN00092045,20130905,TAVG,135,H,,S,
ASN00092045,20130906,TAVG,134,H,,S,
ASN00092045,20130907,TAVG,101,H,,S,
ASN00092045,20130908,TAVG,107,H,,S,
ASN00092045,20130909,TAVG,124,H,,S,
ASN00092045,20130910,TAVG,109,H,,S,
ASN00092045,20130911,TAVG,83,H,,S,
ASN00092045,20130912,TAVG,81,H,,S,
ASN00092045,20130913,TAVG,108,H,,S,
ASN00092045,20130914,TAVG,112,H,,S,
ASN00092045,20130915,TAVG,120,H,,S,
ASN00092045,20130916,TAVG,129,H,,S,
ASN00092045,20130917,TAVG,134,H,,S,
ASN00092045,20130918,TAVG,126,H,,S,
ASN00092045,20130919,TAVG,122,H,,S,
ASN00092045,20130920,TAVG,128,H,,S,
ASN00092045,20130921,TAVG,137,H,,S,
ASN00092045,20130922,TAVG,123,H,,S,
ASN00092045,20130923,TAVG,151,H,,S,
ASN00092045,20130924,TAVG,146,H,,S,
ASN00092045,20130925,TAVG,131,H,,S,
ASN00092045,20130926,TAVG,95,H,,S,
ASN00092045,20130927,TAVG,121,H,,S,
ASN00092045,20130928,TAVG,99,H,,S,
ASN00092045,20130929,TAVG,144,H,,S,
ASN00092045,20130930,TAVG,153,H,,S,
ASN00092045,20131001,TMAX,171,,,a,
ASN00092045,20131002,TMAX,129,,,a,
ASN00092045,20131003,TMAX,150,,,a,
ASN00092045,20131004,TMAX,175,,,a,
ASN00092045,20131005,TMAX,211,,,a,
ASN00092045,20131006,TMAX,163,,,a,
ASN00092045,20131007,TMAX,157,,,a,
ASN00092045,20131008,TMAX,184,,,a,
ASN00092045,20131009,TMAX,197,,,a,
ASN00092045,20131010,TMAX,189,,,a,
ASN00092045,20131011,TMAX,167,,,a,
ASN00092045,20131012,TMAX,173,,,a,
ASN00092045,20131013,TMAX,160,,,a,
ASN00092045,20131014,TMAX,153,,,a,
ASN00092045,20131015,TMAX,172,,,a,
ASN00092045,20131016,TMAX,205,,,a,
ASN00092045,20131017,TMAX,147,,,a,
ASN00092045,20131018,TMAX,165,,,a,
ASN00092045,20131019,TMAX,218,,,a,
ASN00092045,20131020,TMAX,257,,,a,
ASN00092045,20131021,TMAX,133,,,a,
ASN00092045,20131022,TMAX,135,,,a,
ASN00092045,20131023,TMAX,137,,,a,
ASN00092045,20131024,TMAX,163,,,a,
ASN00092045,20131025,TMAX,166,,,a,
ASN00092045,20131026,TMAX,172,,,a,
ASN00092045,20131027,TMAX,160,,,a,
ASN00092045,20131028,TMAX,167,,,a,
ASN00092045,20131029,TMAX,174,,,a,
ASN00092045,20131030,TMAX,190,,,a,
ASN00092045,20131031,TMAX,186,,,a,
ASN00092045,20131001,TMIN,132,,,a,
ASN00092045,20131002,TMIN,96,,,a,
ASN00092045,20131003,TMIN,57,,,a,
ASN00092045,20131004,TMIN,69,,,a,
ASN00092045,20131005,TMIN,110,,,a,
ASN00092045,20131006,TMIN,74,,,a,
ASN00092045,20131007,TMIN,94,,,a,
ASN00092045,20131008,TMIN,69,,,a,
ASN00092045,20131009,TMIN,107,,,a,
ASN00092045,20131010,TMIN,129,,,a,
ASN00092045,20131011,TMIN,84,,,a,
ASN00092045,20131012,TMIN,121,,,a,
ASN00092045,20131013,TMIN,108,,,a,
ASN00092045,20131014,TMIN,29,,,a,
ASN00092045,20131015,TMIN,89,,,a,
ASN00092045,20131016,TMIN,110,,,a,
ASN00092045,20131017,TMIN,95,,,a,
ASN00092045,20131018,TMIN,75,,,a,
ASN00092045,20131019,TMIN,127,,,a,
ASN00092045,20131020,TMIN,119,,,a,
ASN00092045,20131021,TMIN,109,,,a,
ASN00092045,20131022,TMIN,109,,,a,
ASN00092045,20131023,TMIN,105,,,a,
ASN00092045,20131024,TMIN,63,,,a,
ASN00092045,20131025,TMIN,76,,,a,
ASN00092045,20131026,TMIN,96,,,a,
ASN00092045,20131027,TMIN,47,,,a,
ASN00092045,20131028,TMIN,88,,,a,
ASN00092045,20131029,TMIN,89,,,a,
ASN00092045,20131030,TMIN,69,,,a,
ASN00092045,20131031,TMIN,77,,,a,
ASN00092045,20131001,PRCP,164,,,a,
ASN00092045,20131002,PRCP,14,,,a,
ASN00092045,20131003,PRCP,160,,,a,
ASN00092045,20131004,PRCP,2,,,a,
ASN00092045,20131005,PRCP,0,,,a,
ASN00092045,20131006,PRCP,0,,,a,
ASN00092045,20131007,PRCP,0,,,a,
ASN00092045,20131008,PRCP,24,,,a,
ASN00092045,20131009,PRCP,2,,,a,
ASN00092045,20131010,PRCP,10,,,a,
ASN00092045,20131011,PRCP,0,,,a,
ASN00092045,20131012,PRCP,0,,,a,
ASN00092045,20131013,PRCP,0,,,a,
ASN00092045,20131014,PRCP,4,,,a,
ASN00092045,20131015,PRCP,0,,,a,
ASN00092045,20131016,PRCP,2,,,a,
ASN00092045,20131017,PRCP,36,,,a,
ASN00092045,20131018,PRCP,0,,,a,
ASN00092045,20131019,PRCP,0,,,a,
ASN00092045,20131020,PRCP,0,,,a,
ASN00092045,20131021,PRCP,46,,,a,
ASN00092045,20131022,PRCP,32,,,a,
ASN00092045,20131023,PRCP,124,,,a,
ASN00092045,20131024,PRCP,56,,,a,
ASN00092045,20131025,PRCP,6,,,a,
ASN00092045,20131026,PRCP,0,,,a,
ASN00092045,20131027,PRCP,0,,,a,
ASN00092045,20131028,PRCP,0,,,a,
ASN00092045,20131029,PRCP,0,,,a,
ASN00092045,20131030,PRCP,0,,,a,
ASN00092045,20131031,PRCP,0,,,a,
ASN00092045,20131001,TAVG,124,H,,S,
ASN00092045,20131002,TAVG,95,H,,S,
ASN00092045,20131003,TAVG,107,H,,S,
ASN00092045,20131004,TAVG,133,H,,S,
ASN00092045,20131005,TAVG,138,H,,S,
ASN00092045,20131006,TAVG,118,H,,S,
ASN00092045,20131007,TAVG,107,H,,S,
ASN00092045,20131008,TAVG,134,H,,S,
ASN00092045,20131009,TAVG,154,H,,S,
ASN00092045,20131010,TAVG,123,H,,S,
ASN00092045,20131011,TAVG,139,H,,S,
ASN00092045,20131012,TAVG,140,H,,S,
ASN00092045,20131013,TAVG,90,H,,S,
ASN00092045,20131014,TAVG,113,H,,S,
ASN00092045,20131015,TAVG,136,H,,S,
ASN00092045,20131016,TAVG,151,H,,S,
ASN00092045,20131017,TAVG,105,H,,S,
ASN00092045,20131018,TAVG,137,H,,S,
ASN00092045,20131019,TAVG,168,H,,S,
ASN00092045,20131020,TAVG,164,H,,S,
ASN00092045,20131021,TAVG,121,H,,S,
ASN00092045,20131022,TAVG,118,H,,S,
ASN00092045,20131023,TAVG,102,H,,S,
ASN00092045,20131024,TAVG,109,H,,S,
ASN00092045,20131025,TAVG,124,H,,S,
ASN00092045,20131026,TAVG,117,H,,S,
ASN00092045,20131027,TAVG,126,H,,S,
ASN00092045,20131028,TAVG,131,H,,S,
ASN00092045,20131029,TAVG,124,H,,S,
ASN00092045,20131030,TAVG,133,H,,S,
ASN00092045,20131031,TAVG,133,H,,S,
ASN00092045,20131101,TMAX,206,,,a,
ASN00092045,20131102,TMAX,196,,,a,
ASN00092045,20131103,TMAX,200,,,a,
ASN00092045,20131104,TMAX,169,,,a,
ASN00092045,20131105,TMAX,172,,,a,
ASN00092045,20131106,TMAX,180,,,a,
ASN00092045,20131107,TMAX,184,,,a,
ASN00092045,20131108,TMAX,122,,,a,
ASN00092045,20131109,TMAX,146,,,a,
ASN00092045,20131110,TMAX,170,,,a,
ASN00092045,20131111,TMAX,152,,,a,
ASN00092045,20131112,TMAX,150,,,a,
ASN00092045,20131113,TMAX,185,,,a,
ASN00092045,20131114,TMAX,174,,,a,
ASN00092045,20131115,TMAX,180,,,a,
ASN00092045,20131116,TMAX,165,,,a,
ASN00092045,20131117,TMAX,176,,,a,
ASN00092045,20131118,TMAX,184,,,a,
ASN00092045,20131119,TMAX,205,,,a,
ASN00092045,20131120,TMAX,137,,,a,
ASN00092045,20131121,TMAX,151,,,a,
ASN00092045,20131122,TMAX,190,,,a,
ASN00092045,20131123,TMAX,176,,,a,
ASN00092045,20131124,TMAX,147,,,a,
ASN00092045,20131125,TMAX,165,,,a,
ASN00092045,20131126,TMAX,171,,,a,
ASN00092045,20131127,TMAX,189,,,a,
ASN00092045,20131128,TMAX,229,,,a,
ASN00092045,20131129,TMAX,187,,,a,
ASN00092045,20131130,TMAX,181,,,a,
ASN00092045,20131101,TMIN,87,,,a,
ASN00092045,20131102,TMIN,100,,,a,
ASN00092045,20131103,TMIN,115,,,a,
ASN00092045,20131104,TMIN,48,,,a,
ASN00092045,20131105,TMIN,101,,,a,
ASN00092045,20131106,TMIN,99,,,a,
ASN00092045,20131107,TMIN,126,,,a,
ASN00092045,20131108,TMIN,108,,,a,
ASN00092045,20131109,TMIN,94,,,a,
ASN00092045,20131110,TMIN,69,,,a,
ASN00092045,20131111,TMIN,101,,,a,
ASN00092045,20131112,TMIN,112,,,a,
ASN00092045,20131113,TMIN,116,,,a,
ASN00092045,20131114,TMIN,115,,,a,
ASN00092045,20131115,TMIN,117,,,a,
ASN00092045,20131116,TMIN,98,,,a,
ASN00092045,20131117,TMIN,103,,,a,
ASN00092045,20131118,TMIN,89,,,a,
ASN00092045,20131119,TMIN,115,,,a,
ASN00092045,20131120,TMIN,114,,,a,
ASN00092045,20131121,TMIN,102,,,a,
ASN00092045,20131122,TMIN,106,,,a,
ASN00092045,20131123,TMIN,137,,,a,
ASN00092045,20131124,TMIN,101,,,a,
ASN00092045,20131125,TMIN,110,,,a,
ASN00092045,20131126,TMIN,112,,,a,
ASN00092045,20131127,TMIN,107,,,a,
ASN00092045,20131128,TMIN,144,,,a,
ASN00092045,20131129,TMIN,89,,,a,
ASN00092045,20131130,TMIN,92,,,a,
ASN00092045,20131101,PRCP,0,,,a,
ASN00092045,20131102,PRCP,0,,,a,
ASN00092045,20131103,PRCP,0,,,a,
ASN00092045,20131104,PRCP,142,,,a,
ASN00092045,20131105,PRCP,0,,,a,
ASN00092045,20131106,PRCP,0,,,a,
ASN00092045,20131107,PRCP,0,,,a,
ASN00092045,20131108,PRCP,66,,,a,
ASN00092045,20131109,PRCP,204,,,a,
ASN00092045,20131110,PRCP,2,,,a,
ASN00092045,20131111,PRCP,20,,,a,
ASN00092045,20131112,PRCP,2,,,a,
ASN00092045,20131113,PRCP,248,,,a,
ASN00092045,20131114,PRCP,116,,,a,
ASN00092045,20131115,PRCP,80,,,a,
ASN00092045,20131116,PRCP,0,,,a,
ASN00092045,20131117,PRCP,2,,,a,
ASN00092045,20131118,PRCP,0,,,a,
ASN00092045,20131119,PRCP,2,,,a,
ASN00092045,20131120,PRCP,6,,,a,
ASN00092045,20131121,PRCP,210,,,a,
ASN00092045,20131122,PRCP,418,,,a,
ASN00092045,20131123,PRCP,2,,,a,
ASN00092045,20131124,PRCP,46,,,a,
ASN00092045,20131125,PRCP,56,,,a,
ASN00092045,20131126,PRCP,0,,,a,
ASN00092045,20131127,PRCP,0,,,a,
ASN00092045,20131128,PRCP,16,,,a,
ASN00092045,20131129,PRCP,70,,,a,
ASN00092045,20131130,PRCP,0,,,a,
ASN00092045,20131101,TAVG,137,H,,S,
ASN00092045,20131102,TAVG,146,H,,S,
ASN00092045,20131103,TAVG,128,H,,S,
ASN00092045,20131104,TAVG,137,H,,S,
ASN00092045,20131105,TAVG,132,H,,S,
ASN00092045,20131106,TAVG,149,H,,S,
ASN00092045,20131107,TAVG,130,H,,S,
ASN00092045,20131108,TAVG,111,H,,S,
ASN00092045,20131109,TAVG,113,H,,S,
ASN00092045,20131110,TAVG,128,H,,S,
ASN00092045,20131111,TAVG,129,H,,S,
ASN00092045,20131112,TAVG,131,H,,S,
ASN00092045,20131113,TAVG,136,H,,S,
ASN00092045,20131114,TAVG,137,H,,S,
ASN00092045,20131115,TAVG,129,H,,S,
ASN00092045,20131116,TAVG,136,H,,S,
ASN00092045,20131117,TAVG,132,H,,S,
ASN00092045,20131118,TAVG,149,H,,S,
ASN00092045,20131119,TAVG,150,H,,S,
ASN00092045,20131120,TAVG,121,H,,S,
ASN00092045,20131121,TAVG,124,H,,S,
ASN00092045,20131122,TAVG,157,H,,S,
ASN00092045,20131123,TAVG,136,H,,S,
ASN00092045,20131124,TAVG,122,H,,S,
ASN00092045,20131125,TAVG,128,H,,S,
ASN00092045,20131126,TAVG,139,H,,S,
ASN00092045,20131127,TAVG,158,H,,S,
ASN00092045,20131128,TAVG,144,H,,S,
ASN00092045,20131129,TAVG,136,H,,S,
ASN00092045,20131130,TAVG,144,H,,S,
ASN00092045,20131201,TMAX,181,,,a,
ASN00092045,20131202,TMAX,217,,,a,
ASN00092045,20131203,TMAX,244,,,a,
ASN00092045,20131204,TMAX,179,,,a,
ASN00092045,20131205,TMAX,184,,,a,
ASN00092045,20131206,TMAX,178,,,a,
ASN00092045,20131207,TMAX,188,,,a,
ASN00092045,20131208,TMAX,197,,,a,
ASN00092045,20131209,TMAX,170,,,a,
ASN00092045,20131210,TMAX,164,,,a,
ASN00092045,20131211,TMAX,185,,,a,
ASN00092045,20131212,TMAX,173,,,a,
ASN00092045,20131213,TMAX,205,,,a,
ASN00092045,20131214,TMAX,184,,,a,
ASN00092045,20131215,TMAX,230,,,a,
ASN00092045,20131216,TMAX,192,,,a,
ASN00092045,20131217,TMAX,224,,,a,
ASN00092045,20131218,TMAX,201,,,a,
ASN00092045,20131219,TMAX,223,,,a,
ASN00092045,20131220,TMAX,192,,,a,
ASN00092045,20131221,TMAX,147,,,a,
ASN00092045,20131222,TMAX,166,,,a,
ASN00092045,20131223,TMAX,215,,,a,
ASN00092045,20131224,TMAX,216,,,a,
ASN00092045,20131225,TMAX,212,,,a,
ASN00092045,20131226,TMAX,218,,,a,
ASN00092045,20131227,TMAX,207,,,a,
ASN00092045,20131228,TMAX,217,,,a,
ASN00092045,20131229,TMAX,226,,,a,
ASN00092045,20131230,TMAX,218,,,a,
ASN00092045,20131231,TMAX,212,,,a,
ASN00092045,20131201,TMIN,122,,,a,
ASN00092045,20131202,TMIN,145,,,a,
ASN00092045,20131203,TMIN,144,,,a,
ASN00092045,20131204,TMIN,125,,,a,
ASN00092045,20131205,TMIN,82,,,a,
ASN00092045,20131206,TMIN,78,,,a,
ASN00092045,20131207,TMIN,95,,,a,
ASN00092045,20131208,TMIN,116,,,a,
ASN00092045,20131209,TMIN,135,,,a,
ASN00092045,20131210,TMIN,96,,,a,
ASN00092045,20131211,TMIN,101,,,a,
ASN00092045,20131212,TMIN,103,,,a,
ASN00092045,20131213,TMIN,128,,,a,
ASN00092045,20131214,TMIN,106,,,a,
ASN00092045,20131215,TMIN,115,,,a,
ASN00092045,20131216,TMIN,126,,,a,
ASN00092045,20131217,TMIN,124,,,a,
ASN00092045,20131218,TMIN,143,,,a,
ASN00092045,20131219,TMIN,154,,,a,
ASN00092045,20131220,TMIN,148,,,a,
ASN00092045,20131221,TMIN,124,,,a,
ASN00092045,20131222,TMIN,115,,,a,
ASN00092045,20131223,TMIN,144,,,a,
ASN00092045,20131224,TMIN,96,,,a,
ASN00092045,20131225,TMIN,134,,,a,
ASN00092045,20131226,TMIN,123,,,a,
ASN00092045,20131227,TMIN,159,,,a,
ASN00092045,20131228,TMIN,158,,,a,
ASN00092045,20131229,TMIN,116,,,a,
ASN00092045,20131230,TMIN,92,,,a,
ASN00092045,20131231,TMIN,117,,,a,
ASN00092045,20131201,PRCP,0,,,a,
ASN00092045,20131202,PRCP,0,,,a,
ASN00092045,20131203,PRCP,0,,,a,
ASN00092045,20131204,PRCP,82,,,a,
ASN00092045,20131205,PRCP,108,,,a,
ASN00092045,20131206,PRCP,30,,,a,
ASN00092045,20131207,PRCP,2,,,a,
ASN00092045,20131208,PRCP,0,,,a,
ASN00092045,20131209,PRCP,0,,,a,
ASN00092045,20131210,PRCP,64,,,a,
ASN00092045,20131211,PRCP,38,,,a,
ASN00092045,20131212,PRCP,2,,,a,
ASN00092045,20131213,PRCP,0,,,a,
ASN00092045,20131214,PRCP,0,,,a,
ASN00092045,20131215,PRCP,0,,,a,
ASN00092045,20131216,PRCP,0,,,a,
ASN00092045,20131217,PRCP,0,,,a,
ASN00092045,20131218,PRCP,0,,,a,
ASN00092045,20131219,PRCP,0,,,a,
ASN00092045,20131220,PRCP,0,,,a,
ASN00092045,20131221,PRCP,20,,,a,
ASN00092045,20131222,PRCP,194,,,a,
ASN00092045,20131223,PRCP,128,,,a,
ASN00092045,20131224,PRCP,30,,,a,
ASN00092045,20131225,PRCP,2,,,a,
ASN00092045,20131226,PRCP,0,,,a,
ASN00092045,20131227,PRCP,0,,,a,
ASN00092045,20131228,PRCP,0,,,a,
ASN00092045,20131229,PRCP,0,,,a,
ASN00092045,20131230,PRCP,0,,,a,
ASN00092045,20131231,PRCP,0,,,a,
ASN00092045,20131201,TAVG,161,H,,S,
ASN00092045,20131202,TAVG,171,H,,S,
ASN00092045,20131203,TAVG,172,H,,S,
ASN00092045,20131204,TAVG,133,H,,S,
ASN00092045,20131205,TAVG,119,H,,S,
ASN00092045,20131206,TAVG,142,H,,S,
ASN00092045,20131207,TAVG,147,H,,S,
ASN00092045,20131208,TAVG,160,H,,S,
ASN00092045,20131209,TAVG,133,H,,S,
ASN00092045,20131210,TAVG,126,H,,S,
ASN00092045,20131211,TAVG,139,H,,S,
ASN00092045,20131212,TAVG,148,H,,S,
ASN00092045,20131213,TAVG,153,H,,S,
ASN00092045,20131214,TAVG,147,H,,S,
ASN00092045,20131215,TAVG,174,H,,S,
ASN00092045,20131216,TAVG,153,H,,S,
ASN00092045,20131217,TAVG,164,H,,S,
ASN00092045,20131218,TAVG,166,H,,S,
ASN00092045,20131219,TAVG,178,H,,S,
ASN00092045,20131220,TAVG,145,H,,S,
ASN00092045,20131221,TAVG,133,H,,S,
ASN00092045,20131222,TAVG,155,H,,S,
ASN00092045,20131223,TAVG,149,H,,S,
ASN00092045,20131224,TAVG,167,H,,S,
ASN00092045,20131225,TAVG,164,H,,S,
ASN00092045,20131226,TAVG,177,H,,S,
ASN00092045,20131227,TAVG,171,H,,S,
ASN00092045,20131228,TAVG,167,H,,S,
ASN00092045,20131229,TAVG,151,H,,S,
ASN00092045,20131230,TAVG,157,H,,S,
ASN00092045,20131231,TAVG,166,H,,S,
ASN00092045,20140101,TMAX,183,,,a,
ASN00092045,20140102,TMAX,222,,,a,
ASN00092045,20140103,TMAX,187,,,a,
ASN00092045,20140104,TMAX,198,,,a,
ASN00092045,20140105,TMAX,187,,,a,
ASN00092045,20140106,TMAX,193,,,a,
ASN00092045,20140107,TMAX,169,,,a,
ASN00092045,20140108,TMAX,171,,,a,
ASN00092045,20140109,TMAX,211,,,a,
ASN00092045,20140110,TMAX,222,,,a,
ASN00092045,20140111,TMAX,211,,,a,
ASN00092045,20140112,TMAX,221,,,a,
ASN00092045,20140113,TMAX,213,,,a,
ASN00092045,20140114,TMAX,227,,,a,
ASN00092045,20140115,TMAX,257,,,a,
ASN00092045,20140116,TMAX,188,,,a,
ASN00092045,20140117,TMAX,252,,,a,
ASN00092045,20140118,TMAX,181,,,a,
ASN00092045,20140119,TMAX,187,,,a,
ASN00092045,20140120,TMAX,201,,,a,
ASN00092045,20140121,TMAX,227,,,a,
ASN00092045,20140122,TMAX,197,,,a,
ASN00092045,20140123,TMAX,201,,,a,
ASN00092045,20140124,TMAX,224,,,a,
ASN00092045,20140125,TMAX,202,,,a,
ASN00092045,20140126,TMAX,201,,,a,
ASN00092045,20140127,TMAX,233,,,a,
ASN00092045,20140128,TMAX,238,,,a,
ASN00092045,20140129,TMAX,207,,,a,
ASN00092045,20140130,TMAX,220,,,a,
ASN00092045,20140131,TMAX,228,,,a,
ASN00092045,20140101,TMIN,125,,,a,
ASN00092045,20140102,TMIN,121,,,a,
ASN00092045,20140103,TMIN,138,,,a,
ASN00092045,20140104,TMIN,125,,,a,
ASN00092045,20140105,TMIN,93,,,a,
ASN00092045,20140106,TMIN,96,,,a,
ASN00092045,20140107,TMIN,119,,,a,
ASN00092045,20140108,TMIN,112,,,a,
ASN00092045,20140109,TMIN,119,,,a,
ASN00092045,20140110,TMIN,136,,,a,
ASN00092045,20140111,TMIN,162,,,a,
ASN00092045,20140112,TMIN,121,,,a,
ASN00092045,20140113,TMIN,142,,,a,
ASN00092045,20140114,TMIN,146,,,a,
ASN00092045,20140115,TMIN,173,,,a,
ASN00092045,20140116,TMIN,151,,,a,
ASN00092045,20140117,TMIN,157,,,a,
ASN00092045,20140118,TMIN,172,,,a,
ASN00092045,20140119,TMIN,132,,,a,
ASN00092045,20140120,TMIN,143,,,a,
ASN00092045,20140121,TMIN,133,,,a,
ASN00092045,20140122,TMIN,113,,,a,
ASN00092045,20140123,TMIN,109,,,a,
ASN00092045,20140124,TMIN,170,,,a,
ASN00092045,20140125,TMIN,118,,,a,
ASN00092045,20140126,TMIN,103,,,a,
ASN00092045,20140127,TMIN,129,,,a,
ASN00092045,20140128,TMIN,151,,,a,
ASN00092045,20140129,TMIN,161,,,a,
ASN00092045,20140130,TMIN,149,,,a,
ASN00092045,20140131,TMIN,164,,,a,
ASN00092045,20140101,PRCP,0,,,a,
ASN00092045,20140102,PRCP,26,,,a,
ASN00092045,20140103,PRCP,0,,,a,
ASN00092045,20140104,PRCP,0,,,a,
ASN00092045,20140105,PRCP,0,,,a,
ASN00092045,20140106,PRCP,78,,,a,
ASN00092045,20140107,PRCP,4,,,a,
ASN00092045,20140108,PRCP,0,,,a,
ASN00092045,20140109,PRCP,0,,,a,
ASN00092045,20140110,PRCP,0,,,a,
ASN00092045,20140111,PRCP,0,,,a,
ASN00092045,20140112,PRCP,0,,,a,
ASN00092045,20140113,PRCP,0,,,a,
ASN00092045,20140114,PRCP,0,,,a,
ASN00092045,20140115,PRCP,0,,,a,
ASN00092045,20140116,PRCP,0,,,a,
ASN00092045,20140117,PRCP,0,,,a,
ASN00092045,20140118,PRCP,16,,,a,
ASN00092045,20140119,PRCP,2,,,a,
ASN00092045,20140120,PRCP,2,,,a,
ASN00092045,20140121,PRCP,0,,,a,
ASN00092045,20140122,PRCP,0,,,a,
ASN00092045,20140123,PRCP,0,,,a,
ASN00092045,20140124,PRCP,6,,,a,
ASN00092045,20140125,PRCP,8,,,a,
ASN00092045,20140126,PRCP,2,,,a,
ASN00092045,20140127,PRCP,0,,,a,
ASN00092045,20140128,PRCP,0,,,a,
ASN00092045,20140129,PRCP,0,,,a,
ASN00092045,20140130,PRCP,0,,,a,
ASN00092045,20140131,PRCP,2,,,a,
ASN00092045,20140101,TAVG,154,H,,S,
ASN00092045,20140102,TAVG,169,H,,S,
ASN00092045,20140103,TAVG,150,H,,S,
ASN00092045,20140104,TAVG,148,H,,S,
ASN00092045,20140105,TAVG,131,H,,S,
ASN00092045,20140106,TAVG,149,H,,S,
ASN00092045,20140107,TAVG,139,H,,S,
ASN00092045,20140108,TAVG,141,H,,S,
ASN00092045,20140109,TAVG,167,H,,S,
ASN00092045,20140110,TAVG,187,H,,S,
ASN00092045,20140111,TAVG,167,H,,S,
ASN00092045,20140112,TAVG,168,H,,S,
ASN00092045,20140113,TAVG,177,H,,S,
ASN00092045,20140114,TAVG,192,H,,S,
ASN00092045,20140115,TAVG,181,H,,S,
ASN00092045,20140116,TAVG,167,H,,S,
ASN00092045,20140117,TAVG,202,H,,S,
ASN00092045,20140118,TAVG,155,H,,S,
ASN00092045,20140119,TAVG,157,H,,S,
ASN00092045,20140120,TAVG,166,H,,S,
ASN00092045,20140121,TAVG,172,H,,S,
ASN00092045,20140122,TAVG,149,H,,S,
ASN00092045,20140123,TAVG,181,H,,S,
ASN00092045,20140124,TAVG,163,H,,S,
ASN00092045,20140125,TAVG,153,H,,S,
ASN00092045,20140126,TAVG,162,H,,S,
ASN00092045,20140127,TAVG,188,H,,S,
ASN00092045,20140128,TAVG,199,H,,S,
ASN00092045,20140129,TAVG,176,H,,S,
ASN00092045,20140130,TAVG,183,H,,S,
ASN00092045,20140131,TAVG,182,H,,S,
ASN00092045,20140201,TMAX,233,,,a,
ASN00092045,20140202,TMAX,254,,,a,
ASN00092045,20140203,TMAX,222,,,a,
ASN00092045,20140204,TMAX,191,,,a,
ASN00092045,20140205,TMAX,191,,,a,
ASN00092045,20140206,TMAX,212,,,a,
ASN00092045,20140207,TMAX,226,,,a,
ASN00092045,20140208,TMAX,242,,,a,
ASN00092045,20140209,TMAX,316,,,a,
ASN00092045,20140210,TMAX,231,,,a,
ASN00092045,20140211,TMAX,234,,,a,
ASN00092045,20140212,TMAX,213,,,a,
ASN00092045,20140213,TMAX,209,,,a,
ASN00092045,20140214,TMAX,229,,,a,
ASN00092045,20140215,TMAX,250,,,a,
ASN00092045,20140216,TMAX,226,,,a,
ASN00092045,20140217,TMAX,224,,,a,
ASN00092045,20140218,TMAX,232,,,a,
ASN00092045,20140219,TMAX,258,,,a,
ASN00092045,20140220,TMAX,197,,,a,
ASN00092045,20140221,TMAX,249,,,a,
ASN00092045,20140222,TMAX,213,,,a,
ASN00092045,20140223,TMAX,220,,,a,
ASN00092045,20140224,TMAX,222,,,a,
ASN00092045,20140225,TMAX,236,,,a,
ASN00092045,20140226,TMAX,222,,,a,
ASN00092045,20140227,TMAX,204,,,a,
ASN00092045,20140228,TMAX,221,,,a,
ASN00092045,20140201,TMIN,156,,,a,
ASN00092045,20140202,TMIN,173,,,a,
ASN00092045,20140203,TMIN,184,,,a,
ASN00092045,20140204,TMIN,127,,,a,
ASN00092045,20140205,TMIN,141,,,a,
ASN00092045,20140206,TMIN,152,,,a,
ASN00092045,20140207,TMIN,164,,,a,
ASN00092045,20140208,TMIN,164,,,a,
ASN00092045,20140209,TMIN,178,,,a,
ASN00092045,20140210,TMIN,114,,,a,
ASN00092045,20140211,TMIN,153,,,a,
ASN00092045,20140212,TMIN,144,,,a,
ASN00092045,20140213,TMIN,163,,,a,
ASN00092045,20140214,TMIN,171,,,a,
ASN00092045,20140215,TMIN,178,,,a,
ASN00092045,20140216,TMIN,160,,,a,
ASN00092045,20140217,TMIN,151,,,a,
ASN00092045,20140218,TMIN,131,,,a,
ASN00092045,20140219,TMIN,182,,,a,
ASN00092045,20140220,TMIN,141,,,a,
ASN00092045,20140221,TMIN,137,,,a,
ASN00092045,20140222,TMIN,108,,,a,
ASN00092045,20140223,TMIN,150,,,a,
ASN00092045,20140224,TMIN,142,,,a,
ASN00092045,20140225,TMIN,153,,,a,
ASN00092045,20140226,TMIN,146,,,a,
ASN00092045,20140227,TMIN,105,,,a,
ASN00092045,20140228,TMIN,137,,,a,
ASN00092045,20140201,PRCP,0,,,a,
ASN00092045,20140202,PRCP,0,,,a,
ASN00092045,20140203,PRCP,0,,,a,
ASN00092045,20140204,PRCP,8,,,a,
ASN00092045,20140205,PRCP,0,,,a,
ASN00092045,20140206,PRCP,0,,,a,
ASN00092045,20140207,PRCP,0,,,a,
ASN00092045,20140208,PRCP,4,,,a,
ASN00092045,20140209,PRCP,2,,,a,
ASN00092045,20140210,PRCP,0,,,a,
ASN00092045,20140211,PRCP,0,,,a,
ASN00092045,20140212,PRCP,0,,,a,
ASN00092045,20140213,PRCP,0,,,a,
ASN00092045,20140214,PRCP,0,,,a,
ASN00092045,20140215,PRCP,0,,,a,
ASN00092045,20140216,PRCP,48,,,a,
ASN00092045,20140217,PRCP,0,,,a,
ASN00092045,20140218,PRCP,0,,,a,
ASN00092045,20140219,PRCP,0,,,a,
ASN00092045,20140220,PRCP,66,,,a,
ASN00092045,20140221,PRCP,6,,,a,
ASN00092045,20140222,PRCP,0,,,a,
ASN00092045,20140223,PRCP,0,,,a,
ASN00092045,20140224,PRCP,0,,,a,
ASN00092045,20140225,PRCP,0,,,a,
ASN00092045,20140226,PRCP,2,,,a,
ASN00092045,20140227,PRCP,0,,,a,
ASN00092045,20140228,PRCP,0,,,a,
ASN00092045,20140201,TAVG,196,H,,S,
ASN00092045,20140202,TAVG,204,H,,S,
ASN00092045,20140203,TAVG,166,H,,S,
ASN00092045,20140204,TAVG,161,H,,S,
ASN00092045,20140205,TAVG,167,H,,S,
ASN00092045,20140206,TAVG,182,H,,S,
ASN00092045,20140207,TAVG,189,H,,S,
ASN00092045,20140208,TAVG,204,H,,S,
ASN00092045,20140209,TAVG,183,H,,S,
ASN00092045,20140210,TAVG,183,H,,S,
ASN00092045,20140211,TAVG,180,H,,S,
ASN00092045,20140212,TAVG,182,H,,S,
ASN00092045,20140213,TAVG,186,H,,S,
ASN00092045,20140214,TAVG,191,H,,S,
ASN00092045,20140215,TAVG,195,H,,S,
ASN00092045,20140216,TAVG,177,H,,S,
ASN00092045,20140217,TAVG,172,H,,S,
ASN00092045,20140218,TAVG,199,H,,S,
ASN00092045,20140219,TAVG,174,H,,S,
ASN00092045,20140220,TAVG,161,H,,S,
ASN00092045,20140221,TAVG,169,H,,S,
ASN00092045,20140222,TAVG,175,H,,S,
ASN00092045,20140223,TAVG,177,H,,S,
ASN00092045,20140224,TAVG,187,H,,S,
ASN00092045,20140225,TAVG,188,H,,S,
ASN00092045,20140226,TAVG,162,H,,S,
ASN00092045,20140227,TAVG,161,H,,S,
ASN00092045,20140228,TAVG,174,H,,S,
ASN00092045,20140301,TMAX,226,,,a,
ASN00092045,20140302,TMAX,213,,,a,
ASN00092045,20140303,TMAX,226,,,a,
ASN00092045,20140304,TMAX,215,,,a,
ASN00092045,20140305,TMAX,291,,,a,
ASN00092045,20140306,TMAX,216,,,a,
ASN00092045,20140307,TMAX,239,,,a,
ASN00092045,20140308,TMAX,233,,,a,
ASN00092045,20140309,TMAX,214,,,a,
ASN00092045,20140310,TMAX,237,,,a,
ASN00092045,20140311,TMAX,245,,,a,
ASN00092045,20140312,TMAX,214,,,a,
ASN00092045,20140313,TMAX,209,,,a,
ASN00092045,20140314,TMAX,225,,,a,
ASN00092045,20140315,TMAX,262,,,a,
ASN00092045,20140316,TMAX,193,,,a,
ASN00092045,20140317,TMAX,214,,,a,
ASN00092045,20140318,TMAX,202,,,a,
ASN00092045,20140319,TMAX,223,,,a,
ASN00092045,20140320,TMAX,206,,,a,
ASN00092045,20140321,TMAX,219,,,a,
ASN00092045,20140322,TMAX,171,,,a,
ASN00092045,20140323,TMAX,196,,,a,
ASN00092045,20140324,TMAX,199,,,a,
ASN00092045,20140325,TMAX,214,,,a,
ASN00092045,20140326,TMAX,207,,,a,
ASN00092045,20140327,TMAX,188,,,a,
ASN00092045,20140328,TMAX,228,,,a,
ASN00092045,20140329,TMAX,207,,,a,
ASN00092045,20140330,TMAX,218,,,a,
ASN00092045,20140331,TMAX,213,,,a,
ASN00092045,20140301,TMIN,132,,,a,
ASN00092045,20140302,TMIN,149,,,a,
ASN00092045,20140303,TMIN,153,,,a,
ASN00092045,20140304,TMIN,180,,,a,
ASN00092045,20140305,TMIN,189,,,a,
ASN00092045,20140306,TMIN,147,,,a,
ASN00092045,20140307,TMIN,158,,,a,
ASN00092045,20140308,TMIN,170,,,a,
ASN00092045,20140309,TMIN,181,,,a,
ASN00092045,20140310,TMIN,188,,,a,
ASN00092045,20140311,TMIN,172,,,a,
ASN00092045,20140312,TMIN,137,,,a,
ASN00092045,20140313,TMIN,114,,,a,
ASN00092045,20140314,TMIN,142,,,a,
ASN00092045,20140315,TMIN,168,,,a,
ASN00092045,20140316,TMIN,108,,,a,
ASN00092045,20140317,TMIN,117,,,a,
ASN00092045,20140318,TMIN,122,,,a,
ASN00092045,20140319,TMIN,117,,,a,
ASN00092045,20140320,TMIN,122,,,a,
ASN00092045,20140321,TMIN,139,,,a,
ASN00092045,20140322,TMIN,121,,,a,
ASN00092045,20140323,TMIN,127,,,a,
ASN00092045,20140324,TMIN,112,,,a,
ASN00092045,20140325,TMIN,141,,,a,
ASN00092045,20140326,TMIN,150,,,a,
ASN00092045,20140327,TMIN,157,,,a,
ASN00092045,20140328,TMIN,157,,,a,
ASN00092045,20140329,TMIN,161,,,a,
ASN00092045,20140330,TMIN,148,,,a,
ASN00092045,20140331,TMIN,150,,,a,
ASN00092045,20140301,PRCP,0,,,a,
ASN00092045,20140302,PRCP,0,,,a,
ASN00092045,20140303,PRCP,0,,,a,
ASN00092045,20140304,PRCP,0,,,a,
ASN00092045,20140305,PRCP,0,,,a,
ASN00092045,20140306,PRCP,2,,,a,
ASN00092045,20140307,PRCP,0,,,a,
ASN00092045,20140308,PRCP,0,,,a,
ASN00092045,20140309,PRCP,0,,,a,
ASN00092045,20140310,PRCP,0,,,a,
ASN00092045,20140311,PRCP,0,,,a,
ASN00092045,20140312,PRCP,68,,,a,
ASN00092045,20140313,PRCP,0,,,a,
ASN00092045,20140314,PRCP,0,,,a,
ASN00092045,20140315,PRCP,0,,,a,
ASN00092045,20140316,PRCP,92,,,a,
ASN00092045,20140317,PRCP,16,,,a,
ASN00092045,20140318,PRCP,2,,,a,
ASN00092045,20140319,PRCP,2,,,a,
ASN00092045,20140320,PRCP,0,,,a,
ASN00092045,20140321,PRCP,0,,,a,
ASN00092045,20140322,PRCP,106,,,a,
ASN00092045,20140323,PRCP,0,,,a,
ASN00092045,20140324,PRCP,2,,,a,
ASN00092045,20140325,PRCP,0,,,a,
ASN00092045,20140326,PRCP,0,,,a,
ASN00092045,20140327,PRCP,84,,,a,
ASN00092045,20140328,PRCP,108,,,a,
ASN00092045,20140329,PRCP,0,,,a,
ASN00092045,20140330,PRCP,2,,,a,
ASN00092045,20140331,PRCP,0,,,a,
ASN00092045,20140301,TAVG,179,H,,S,
ASN00092045,20140302,TAVG,174,H,,S,
ASN00092045,20140303,TAVG,192,H,,S,
ASN00092045,20140304,TAVG,196,H,,S,
ASN00092045,20140305,TAVG,179,H,,S,
ASN00092045,20140306,TAVG,183,H,,S,
ASN00092045,20140307,TAVG,194,H,,S,
ASN00092045,20140308,TAVG,199,H,,S,
ASN00092045,20140309,TAVG,198,H,,S,
ASN00092045,20140310,TAVG,199,H,,S,
ASN00092045,20140311,TAVG,184,H,,S,
ASN00092045,20140312,TAVG,158,H,,S,
ASN00092045,20140313,TAVG,177,H,,S,
ASN00092045,20140314,TAVG,191,H,,S,
ASN00092045,20140315,TAVG,171,H,,S,
ASN00092045,20140316,TAVG,153,H,,S,
ASN00092045,20140317,TAVG,160,H,,S,
ASN00092045,20140318,TAVG,159,H,,S,
ASN00092045,20140319,TAVG,163,H,,S,
ASN00092045,20140320,TAVG,171,H,,S,
ASN00092045,20140321,TAVG,157,H,,S,
ASN00092045,20140322,TAVG,145,H,,S,
ASN00092045,20140323,TAVG,149,H,,S,
ASN00092045,20140324,TAVG,162,H,,S,
ASN00092045,20140325,TAVG,176,H,,S,
ASN00092045,20140326,TAVG,179,H,,S,
ASN00092045,20140327,TAVG,180,H,,S,
ASN00092045,20140328,TAVG,174,H,,S,
ASN00092045,20140329,TAVG,171,H,,S,
ASN00092045,20140330,TAVG,176,H,,S,
ASN00092045,20140331,TAVG,177,H,,S,
ASN00092045,20140401,TMAX,239,,,a,
ASN00092045,20140402,TMAX,239,,,a,
ASN00092045,20140403,TMAX,194,,,a,
ASN00092045,20140404,TMAX,192,,,a,
ASN00092045,20140405,TMAX,197,,,a,
ASN00092045,20140406,TMAX,203,,,a,
ASN00092045,20140407,TMAX,192,,,a,
ASN00092045,20140408,TMAX,210,,,a,
ASN00092045,20140409,TMAX,199,,,a,
ASN00092045,20140410,TMAX,217,,,a,
ASN00092045,20140411,TMAX,161,,,a,
ASN00092045,20140412,TMAX,170,,,a,
ASN00092045,20140413,TMAX,172,,,a,
ASN00092045,20140414,TMAX,190,,,a,
ASN00092045,20140415,TMAX,179,,,a,
ASN00092045,20140416,TMAX,172,,,a,
ASN00092045,20140417,TMAX,198,,,a,
ASN00092045,20140418,TMAX,184,,,a,
ASN00092045,20140419,TMAX,172,,,a,
ASN00092045,20140420,TMAX,177,,,a,
ASN00092045,20140421,TMAX,170,,,a,
ASN00092045,20140422,TMAX,184,,,a,
ASN00092045,20140423,TMAX,170,,,a,
ASN00092045,20140424,TMAX,165,,,a,
ASN00092045,20140425,TMAX,183,,,a,
ASN00092045,20140426,TMAX,152,,,a,
ASN00092045,20140427,TMAX,158,,,a,
ASN00092045,20140428,TMAX,186,,,a,
ASN00092045,20140429,TMAX,187,,,a,
ASN00092045,20140430,TMAX,169,,,a,
ASN00092045,20140401,TMIN,154,,,a,
ASN00092045,20140402,TMIN,175,,,a,
ASN00092045,20140403,TMIN,132,,,a,
ASN00092045,20140404,TMIN,146,,,a,
ASN00092045,20140405,TMIN,130,,,a,
ASN00092045,20140406,TMIN,118,,,a,
ASN00092045,20140407,TMIN,116,,,a,
ASN00092045,20140408,TMIN,164,,,a,
ASN00092045,20140409,TMIN,155,,,a,
ASN00092045,20140410,TMIN,160,,,a,
ASN00092045,20140411,TMIN,147,,,a,
ASN00092045,20140412,TMIN,129,,,a,
ASN00092045,20140413,TMIN,131,,,a,
ASN00092045,20140414,TMIN,104,,,a,
ASN00092045,20140415,TMIN,137,,,a,
ASN00092045,20140416,TMIN,119,,,a,
ASN00092045,20140417,TMIN,131,,,a,
ASN00092045,20140418,TMIN,131,,,a,
ASN00092045,20140419,TMIN,63,,,a,
ASN00092045,20140420,TMIN,71,,,a,
ASN00092045,20140421,TMIN,100,,,a,
ASN00092045,20140422,TMIN,115,,,a,
ASN00092045,20140423,TMIN,89,,,a,
ASN00092045,20140424,TMIN,103,,,a,
ASN00092045,20140425,TMIN,36,,,a,
ASN00092045,20140426,TMIN,111,,,a,
ASN00092045,20140427,TMIN,46,,,a,
ASN00092045,20140428,TMIN,88,,,a,
ASN00092045,20140429,TMIN,152,,,a,
ASN00092045,20140430,TMIN,103,,,a,
ASN00092045,20140401,PRCP,2,,,a,
ASN00092045,20140402,PRCP,0,,,a,
ASN00092045,20140403,PRCP,0,,,a,
ASN00092045,20140404,PRCP,0,,,a,
ASN00092045,20140405,PRCP,0,,,a,
ASN00092045,20140406,PRCP,0,,,a,
ASN00092045,20140407,PRCP,0,,,a,
ASN00092045,20140408,PRCP,0,,,a,
ASN00092045,20140409,PRCP,52,,,a,
ASN00092045,20140410,PRCP,38,,,a,
ASN00092045,20140411,PRCP,150,,,a,
ASN00092045,20140412,PRCP,58,,,a,
ASN00092045,20140413,PRCP,2,,,a,
ASN00092045,20140414,PRCP,4,,,a,
ASN00092045,20140415,PRCP,2,,,a,
ASN00092045,20140416,PRCP,14,,,a,
ASN00092045,20140417,PRCP,64,,,a,
ASN00092045,20140418,PRCP,0,,,a,
ASN00092045,20140419,PRCP,34,,,a,
ASN00092045,20140420,PRCP,0,,,a,
ASN00092045,20140421,PRCP,0,,,a,
ASN00092045,20140422,PRCP,76,,,a,
ASN00092045,20140423,PRCP,38,,,a,
ASN00092045,20140424,PRCP,4,,,a,
ASN00092045,20140425,PRCP,0,,,a,
ASN00092045,20140426,PRCP,4,,,a,
ASN00092045,20140427,PRCP,2,,,a,
ASN00092045,20140428,PRCP,0,,,a,
ASN00092045,20140429,PRCP,0,,,a,
ASN00092045,20140430,PRCP,42,,,a,
ASN00092045,20140401,TAVG,205,H,,S,
ASN00092045,20140402,TAVG,177,H,,S,
ASN00092045,20140403,TAVG,164,H,,S,
ASN00092045,20140404,TAVG,156,H,,S,
ASN00092045,20140405,TAVG,157,H,,S,
ASN00092045,20140406,TAVG,156,H,,S,
ASN00092045,20140407,TAVG,176,H,,S,
ASN00092045,20140408,TAVG,172,H,,S,
ASN00092045,20140409,TAVG,173,H,,S,
ASN00092045,20140410,TAVG,176,H,,S,
ASN00092045,20140411,TAVG,144,H,,S,
ASN00092045,20140412,TAVG,152,H,,S,
ASN00092045,20140413,TAVG,131,H,,S,
ASN00092045,20140414,TAVG,158,H,,S,
ASN00092045,20140415,TAVG,144,H,,S,
ASN00092045,20140416,TAVG,147,H,,S,
ASN00092045,20140417,TAVG,160,H,,S,
ASN00092045,20140418,TAVG,113,H,,S,
ASN00092045,20140419,TAVG,115,H,,S,
ASN00092045,20140420,TAVG,131,H,,S,
ASN00092045,20140421,TAVG,147,H,,S,
ASN00092045,20140422,TAVG,130,H,,S,
ASN00092045,20140423,TAVG,142,H,,S,
ASN00092045,20140424,TAVG,98,H,,S,
ASN00092045,20140425,TAVG,142,H,,S,
ASN00092045,20140426,TAVG,92,H,,S,
ASN00092045,20140427,TAVG,122,H,,S,
ASN00092045,20140428,TAVG,168,H,,S,
ASN00092045,20140429,TAVG,141,H,,S,
ASN00092045,20140430,TAVG,117,H,,S,
ASN00092045,20140501,TMAX,161,,,a,
ASN00092045,20140502,TMAX,149,,,a,
ASN00092045,20140503,TMAX,159,,,a,
ASN00092045,20140504,TMAX,163,,,a,
ASN00092045,20140505,TMAX,189,,,a,
ASN00092045,20140506,TMAX,170,,,a,
ASN00092045,20140507,TMAX,140,,,a,
ASN00092045,20140508,TMAX,165,,,a,
ASN00092045,20140509,TMAX,178,,,a,
ASN00092045,20140510,TMAX,161,,,a,
ASN00092045,20140511,TMAX,186,,,a,
ASN00092045,20140512,TMAX,173,,,a,
ASN00092045,20140513,TMAX,179,,,a,
ASN00092045,20140514,TMAX,193,,,a,
ASN00092045,20140515,TMAX,202,,,a,
ASN00092045,20140516,TMAX,191,,,a,
ASN00092045,20140517,TMAX,181,,,a,
ASN00092045,20140518,TMAX,186,,,a,
ASN00092045,20140519,TMAX,193,,,a,
ASN00092045,20140520,TMAX,187,,,a,
ASN00092045,20140521,TMAX,161,,,a,
ASN00092045,20140522,TMAX,193,,,a,
ASN00092045,20140523,TMAX,165,,,a,
ASN00092045,20140524,TMAX,170,,,a,
ASN00092045,20140525,TMAX,163,,,a,
ASN00092045,20140526,TMAX,180,,,a,
ASN00092045,20140527,TMAX,175,,,a,
ASN00092045,20140528,TMAX,174,,,a,
ASN00092045,20140529,TMAX,132,,,a,
ASN00092045,20140530,TMAX,146,,,a,
ASN00092045,20140531,TMAX,170,,,a,
ASN00092045,20140501,TMIN,70,,,a,
ASN00092045,20140502,TMIN,94,,,a,
ASN00092045,20140503,TMIN,120,,,a,
ASN00092045,20140504,TMIN,108,,,a,
ASN00092045,20140505,TMIN,65,,,a,
ASN00092045,20140506,TMIN,58,,,a,
ASN00092045,20140507,TMIN,66,,,a,
ASN00092045,20140508,TMIN,103,,,a,
ASN00092045,20140509,TMIN,83,,,a,
ASN00092045,20140510,TMIN,131,,,a,
ASN00092045,20140511,TMIN,112,,,a,
ASN00092045,20140512,TMIN,104,,,a,
ASN00092045,20140513,TMIN,74,,,a,
ASN00092045,20140514,TMIN,123,,,a,
ASN00092045,20140515,TMIN,124,,,a,
ASN00092045,20140516,TMIN,151,,,a,
ASN00092045,20140517,TMIN,137,,,a,
ASN00092045,20140518,TMIN,136,,,a,
ASN00092045,20140519,TMIN,149,,,a,
ASN00092045,20140520,TMIN,135,,,a,
ASN00092045,20140521,TMIN,70,,,a,
ASN00092045,20140522,TMIN,107,,,a,
ASN00092045,20140523,TMIN,124,,,a,
ASN00092045,20140524,TMIN,75,,,a,
ASN00092045,20140525,TMIN,74,,,a,
ASN00092045,20140526,TMIN,119,,,a,
ASN00092045,20140527,TMIN,138,,,a,
ASN00092045,20140528,TMIN,124,,,a,
ASN00092045,20140529,TMIN,88,,,a,
ASN00092045,20140530,TMIN,78,,,a,
ASN00092045,20140531,TMIN,85,,,a,
ASN00092045,20140501,PRCP,0,,,a,
ASN00092045,20140502,PRCP,0,,,a,
ASN00092045,20140503,PRCP,2,,,a,
ASN00092045,20140504,PRCP,0,,,a,
ASN00092045,20140505,PRCP,0,,,a,
ASN00092045,20140506,PRCP,0,,,a,
ASN00092045,20140507,PRCP,0,,,a,
ASN00092045,20140508,PRCP,0,,,a,
ASN00092045,20140509,PRCP,0,,,a,
ASN00092045,20140510,PRCP,0,,,a,
ASN00092045,20140511,PRCP,26,,,a,
ASN00092045,20140512,PRCP,2,,,a,
ASN00092045,20140513,PRCP,2,,,a,
ASN00092045,20140514,PRCP,0,,,a,
ASN00092045,20140515,PRCP,0,,,a,
ASN00092045,20140516,PRCP,0,,,a,
ASN00092045,20140517,PRCP,6,,,a,
ASN00092045,20140518,PRCP,20,,,a,
ASN00092045,20140519,PRCP,4,,,a,
ASN00092045,20140520,PRCP,86,,,a,
ASN00092045,20140521,PRCP,0,,,a,
ASN00092045,20140522,PRCP,2,,,a,
ASN00092045,20140523,PRCP,28,,,a,
ASN00092045,20140524,PRCP,0,,,a,
ASN00092045,20140525,PRCP,0,,,a,
ASN00092045,20140526,PRCP,0,,,a,
ASN00092045,20140527,PRCP,0,,,a,
ASN00092045,20140528,PRCP,46,,,a,
ASN00092045,20140529,PRCP,0,,,a,
ASN00092045,20140530,PRCP,0,,,a,
ASN00092045,20140531,PRCP,0,,,a,
ASN00092045,20140501,TAVG,123,H,,S,
ASN00092045,20140502,TAVG,134,H,,S,
ASN00092045,20140503,TAVG,128,H,,S,
ASN00092045,20140504,TAVG,112,H,,S,
ASN00092045,20140505,TAVG,111,H,,S,
ASN00092045,20140506,TAVG,118,H,,S,
ASN00092045,20140507,TAVG,119,H,,S,
ASN00092045,20140508,TAVG,119,H,,S,
ASN00092045,20140509,TAVG,153,H,,S,
ASN00092045,20140510,TAVG,136,H,,S,
ASN00092045,20140511,TAVG,140,H,,S,
ASN00092045,20140512,TAVG,123,H,,S,
ASN00092045,20140513,TAVG,142,H,,S,
ASN00092045,20140514,TAVG,153,H,,S,
ASN00092045,20140515,TAVG,168,H,,S,
ASN00092045,20140516,TAVG,161,H,,S,
ASN00092045,20140517,TAVG,154,H,,S,
ASN00092045,20140518,TAVG,163,H,,S,
ASN00092045,20140519,TAVG,159,H,,S,
ASN00092045,20140520,TAVG,123,H,,S,
ASN00092045,20140521,TAVG,139,H,,S,
ASN00092045,20140522,TAVG,153,H,,S,
ASN00092045,20140523,TAVG,110,H,,S,
ASN00092045,20140524,TAVG,113,H,,S,
ASN00092045,20140525,TAVG,146,H,,S,
ASN00092045,20140526,TAVG,158,H,,S,
ASN00092045,20140527,TAVG,146,H,,S,
ASN00092045,20140528,TAVG,124,H,,S,
ASN00092045,20140529,TAVG,108,H,,S,
ASN00092045,20140530,TAVG,112,H,,S,
ASN00092045,20140531,TAVG,143,H,,S,
ASN00092045,20140601,TMAX,188,,,a,
ASN00092045,20140602,TMAX,179,,,a,
ASN00092045,20140603,TMAX,184,,,a,
ASN00092045,20140604,TMAX,165,,,a,
ASN00092045,20140605,TMAX,156,,,a,
ASN00092045,20140606,TMAX,153,,,a,
ASN00092045,20140607,TMAX,162,,,a,
ASN00092045,20140608,TMAX,135,,,a,
ASN00092045,20140609,TMAX,149,,,a,
ASN00092045,20140610,TMAX,166,,,a,
ASN00092045,20140611,TMAX,161,,,a,
ASN00092045,20140612,TMAX,159,,,a,
ASN00092045,20140613,TMAX,153,,,a,
ASN00092045,20140614,TMAX,152,,,a,
ASN00092045,20140615,TMAX,141,,,a,
ASN00092045,20140616,TMAX,150,,,a,
ASN00092045,20140617,TMAX,164,,,a,
ASN00092045,20140618,TMAX,176,,,a,
ASN00092045,20140619,TMAX,148,,,a,
ASN00092045,20140620,TMAX,158,,,a,
ASN00092045,20140621,TMAX,173,,,a,
ASN00092045,20140622,TMAX,179,,,a,
ASN00092045,20140623,TMAX,156,,,a,
ASN00092045,20140624,TMAX,124,,,a,
ASN00092045,20140625,TMAX,151,,,a,
ASN00092045,20140626,TMAX,141,,,a,
ASN00092045,20140627,TMAX,158,,,a,
ASN00092045,20140628,TMAX,147,,,a,
ASN00092045,20140629,TMAX,140,,,a,
ASN00092045,20140630,TMAX,132,,,a,
ASN00092045,20140601,TMIN,121,,,a,
ASN00092045,20140602,TMIN,151,,,a,
ASN00092045,20140603,TMIN,142,,,a,
ASN00092045,20140604,TMIN,110,,,a,
ASN00092045,20140605,TMIN,77,,,a,
ASN00092045,20140606,TMIN,82,,,a,
ASN00092045,20140607,TMIN,95,,,a,
ASN00092045,20140608,TMIN,81,,,a,
ASN00092045,20140609,TMIN,107,,,a,
ASN00092045,20140610,TMIN,87,,,a,
ASN00092045,20140611,TMIN,83,,,a,
ASN00092045,20140612,TMIN,115,,,a,
ASN00092045,20140613,TMIN,94,,,a,
ASN00092045,20140614,TMIN,102,,,a,
ASN00092045,20140615,TMIN,87,,,a,
ASN00092045,20140616,TMIN,53,,,a,
ASN00092045,20140617,TMIN,80,,,a,
ASN00092045,20140618,TMIN,89,,,a,
ASN00092045,20140619,TMIN,67,,,a,
ASN00092045,20140620,TMIN,90,,,a,
ASN00092045,20140621,TMIN,93,,,a,
ASN00092045,20140622,TMIN,114,,,a,
ASN00092045,20140623,TMIN,132,,,a,
ASN00092045,20140624,TMIN,72,,,a,
ASN00092045,20140625,TMIN,74,,,a,
ASN00092045,20140626,TMIN,86,,,a,
ASN00092045,20140627,TMIN,89,,,a,
ASN00092045,20140628,TMIN,133,,,a,
ASN00092045,20140629,TMIN,60,,,a,
ASN00092045,20140630,TMIN,26,,,a,
ASN00092045,20140601,PRCP,140,,,a,
ASN00092045,20140602,PRCP,0,,,a,
ASN00092045,20140603,PRCP,76,,,a,
ASN00092045,20140604,PRCP,4,,,a,
ASN00092045,20140605,PRCP,0,,,a,
ASN00092045,20140606,PRCP,0,,,a,
ASN00092045,20140607,PRCP,0,,,a,
ASN00092045,20140608,PRCP,0,,,a,
ASN00092045,20140609,PRCP,0,,,a,
ASN00092045,20140610,PRCP,2,,,a,
ASN00092045,20140611,PRCP,2,,,a,
ASN00092045,20140612,PRCP,0,,,a,
ASN00092045,20140613,PRCP,0,,,a,
ASN00092045,20140614,PRCP,0,,,a,
ASN00092045,20140615,PRCP,26,,,a,
ASN00092045,20140616,PRCP,0,,,a,
ASN00092045,20140617,PRCP,14,,,a,
ASN00092045,20140618,PRCP,4,,,a,
ASN00092045,20140619,PRCP,0,,,a,
ASN00092045,20140620,PRCP,0,,,a,
ASN00092045,20140621,PRCP,2,,,a,
ASN00092045,20140622,PRCP,0,,,a,
ASN00092045,20140623,PRCP,2,,,a,
ASN00092045,20140624,PRCP,78,,,a,
ASN00092045,20140625,PRCP,0,,,a,
ASN00092045,20140626,PRCP,84,,,a,
ASN00092045,20140627,PRCP,0,,,a,
ASN00092045,20140628,PRCP,0,,,a,
ASN00092045,20140629,PRCP,94,,,a,
ASN00092045,20140630,PRCP,0,,,a,
ASN00092045,20140601,TAVG,162,H,,S,
ASN00092045,20140602,TAVG,157,H,,S,
ASN00092045,20140603,TAVG,142,H,,S,
ASN00092045,20140604,TAVG,118,H,,S,
ASN00092045,20140605,TAVG,111,H,,S,
ASN00092045,20140606,TAVG,115,H,,S,
ASN00092045,20140607,TAVG,117,H,,S,
ASN00092045,20140608,TAVG,118,H,,S,
ASN00092045,20140609,TAVG,115,H,,S,
ASN00092045,20140610,TAVG,115,H,,S,
ASN00092045,20140611,TAVG,135,H,,S,
ASN00092045,20140612,TAVG,126,H,,S,
ASN00092045,20140613,TAVG,128,H,,S,
ASN00092045,20140614,TAVG,122,H,,S,
ASN00092045,20140615,TAVG,93,H,,S,
ASN00092045,20140616,TAVG,112,H,,S,
ASN00092045,20140617,TAVG,119,H,,S,
ASN00092045,20140618,TAVG,118,H,,S,
ASN00092045,20140619,TAVG,123,H,,S,
ASN00092045,20140620,TAVG,118,H,,S,
ASN00092045,20140621,TAVG,133,H,,S,
ASN00092045,20140622,TAVG,151,H,,S,
ASN00092045,20140623,TAVG,103,H,,S,
ASN00092045,20140624,TAVG,99,H,,S,
ASN00092045,20140625,TAVG,116,H,,S,
ASN00092045,20140626,TAVG,107,H,,S,
ASN00092045,20140627,TAVG,144,H,,S,
ASN00092045,20140628,TAVG,96,H,,S,
ASN00092045,20140629,TAVG,79,H,,S,
ASN00092045,20140630,TAVG,87,H,,S,
ASN00092045,20140701,TMAX,145,,,a,
ASN00092045,20140702,TMAX,151,,,a,
ASN00092045,20140703,TMAX,149,,,a,
ASN00092045,20140704,TMAX,144,,,a,
ASN00092045,20140705,TMAX,145,,,a,
ASN00092045,20140706,TMAX,140,,,a,
ASN00092045,20140707,TMAX,149,,,a,
ASN00092045,20140708,TMAX,150,,,a,
ASN00092045,20140709,TMAX,167,,,a,
ASN00092045,20140710,TMAX,157,,,a,
ASN00092045,20140711,TMAX,148,,,a,
ASN00092045,20140712,TMAX,127,,,a,
ASN00092045,20140713,TMAX,147,,,a,
ASN00092045,20140714,TMAX,136,,,a,
ASN00092045,20140715,TMAX,156,,,a,
ASN00092045,20140716,TMAX,146,,,a,
ASN00092045,20140717,TMAX,122,,,a,
ASN00092045,20140718,TMAX,139,,,a,
ASN00092045,20140719,TMAX,140,,,a,
ASN00092045,20140720,TMAX,138,,,a,
ASN00092045,20140721,TMAX,144,,,a,
ASN00092045,20140722,TMAX,153,,,a,
ASN00092045,20140723,TMAX,147,,,a,
ASN00092045,20140724,TMAX,146,,,a,
ASN00092045,20140725,TMAX,157,,,a,
ASN00092045,20140726,TMAX,153,,,a,
ASN00092045,20140727,TMAX,147,,,a,
ASN00092045,20140728,TMAX,161,,,a,
ASN00092045,20140729,TMAX,142,,,a,
ASN00092045,20140730,TMAX,150,,,a,
ASN00092045,20140731,TMAX,163,,,a,
ASN00092045,20140701,TMIN,59,,,a,
ASN00092045,20140702,TMIN,55,,,a,
ASN00092045,20140703,TMIN,80,,,a,
ASN00092045,20140704,TMIN,104,,,a,
ASN00092045,20140705,TMIN,98,,,a,
ASN00092045,20140706,TMIN,91,,,a,
ASN00092045,20140707,TMIN,109,,,a,
ASN00092045,20140708,TMIN,100,,,a,
ASN00092045,20140709,TMIN,91,,,a,
ASN00092045,20140710,TMIN,81,,,a,
ASN00092045,20140711,TMIN,77,,,a,
ASN00092045,20140712,TMIN,53,,,a,
ASN00092045,20140713,TMIN,43,,,a,
ASN00092045,20140714,TMIN,51,,,a,
ASN00092045,20140715,TMIN,76,,,a,
ASN00092045,20140716,TMIN,102,,,a,
ASN00092045,20140717,TMIN,91,,,a,
ASN00092045,20140718,TMIN,67,,,a,
ASN00092045,20140719,TMIN,71,,,a,
ASN00092045,20140720,TMIN,56,,,a,
ASN00092045,20140721,TMIN,73,,,a,
ASN00092045,20140722,TMIN,72,,,a,
ASN00092045,20140723,TMIN,54,,,a,
ASN00092045,20140724,TMIN,76,,,a,
ASN00092045,20140725,TMIN,102,,,a,
ASN00092045,20140726,TMIN,97,,,a,
ASN00092045,20140727,TMIN,67,,,a,
ASN00092045,20140728,TMIN,93,,,a,
ASN00092045,20140729,TMIN,94,,,a,
ASN00092045,20140730,TMIN,110,,,a,
ASN00092045,20140731,TMIN,116,,,a,
ASN00092045,20140701,PRCP,0,,,a,
ASN00092045,20140702,PRCP,0,,,a,
ASN00092045,20140703,PRCP,0,,,a,
ASN00092045,20140704,PRCP,0,,,a,
ASN00092045,20140705,PRCP,4,,,a,
ASN00092045,20140706,PRCP,20,,,a,
ASN00092045,20140707,PRCP,148,,,a,
ASN00092045,20140708,PRCP,6,,,a,
ASN00092045,20140709,PRCP,0,,,a,
ASN00092045,20140710,PRCP,168,,,a,
ASN00092045,20140711,PRCP,0,,,a,
ASN00092045,20140712,PRCP,54,,,a,
ASN00092045,20140713,PRCP,0,,,a,
ASN00092045,20140714,PRCP,0,,,a,
ASN00092045,20140715,PRCP,0,,,a,
ASN00092045,20140716,PRCP,2,,,a,
ASN00092045,20140717,PRCP,12,,,a,
ASN00092045,20140718,PRCP,28,,,a,
ASN00092045,20140719,PRCP,0,,,a,
ASN00092045,20140720,PRCP,2,,,a,
ASN00092045,20140721,PRCP,0,,,a,
ASN00092045,20140722,PRCP,0,,,a,
ASN00092045,20140723,PRCP,0,,,a,
ASN00092045,20140724,PRCP,0,,,a,
ASN00092045,20140725,PRCP,0,,,a,
ASN00092045,20140726,PRCP,8,,,a,
ASN00092045,20140727,PRCP,2,,,a,
ASN00092045,20140728,PRCP,0,,,a,
ASN00092045,20140729,PRCP,184,,,a,
ASN00092045,20140730,PRCP,186,,,a,
ASN00092045,20140731,PRCP,20,,,a,
ASN00092045,20140701,TAVG,96,H,,S,
ASN00092045,20140702,TAVG,129,H,,S,
ASN00092045,20140703,TAVG,121,H,,S,
ASN00092045,20140704,TAVG,119,H,,S,
ASN00092045,20140705,TAVG,113,H,,S,
ASN00092045,20140706,TAVG,125,H,,S,
ASN00092045,20140707,TAVG,121,H,,S,
ASN00092045,20140708,TAVG,118,H,,S,
ASN00092045,20140709,TAVG,104,H,,S,
ASN00092045,20140710,TAVG,104,H,,S,
ASN00092045,20140711,TAVG,104,H,,S,
ASN00092045,20140712,TAVG,81,H,,S,
ASN00092045,20140713,TAVG,95,H,,S,
ASN00092045,20140714,TAVG,101,H,,S,
ASN00092045,20140715,TAVG,121,H,,S,
ASN00092045,20140716,TAVG,118,H,,S,
ASN00092045,20140717,TAVG,87,H,,S,
ASN00092045,20140718,TAVG,99,H,,S,
ASN00092045,20140719,TAVG,87,H,,S,
ASN00092045,20140720,TAVG,99,H,,S,
ASN00092045,20140721,TAVG,102,H,,S,
ASN00092045,20140722,TAVG,92,H,,S,
ASN00092045,20140723,TAVG,103,H,,S,
ASN00092045,20140724,TAVG,129,H,,S,
ASN00092045,20140725,TAVG,119,H,,S,
ASN00092045,20140726,TAVG,111,H,,S,
ASN00092045,20140727,TAVG,126,H,,S,
ASN00092045,20140728,TAVG,124,H,,S,
ASN00092045,20140729,TAVG,126,H,,S,
ASN00092045,20140730,TAVG,138,H,,S,
ASN00092045,20140731,TAVG,91,H,,S,
ASN00092045,20140801,TMAX,114,,,a,
ASN00092045,20140802,TMAX,128,,,a,
ASN00092045,20140803,TMAX,136,,,a,
ASN00092045,20140804,TMAX,138,,,a,
ASN00092045,20140805,TMAX,166,,,a,
ASN00092045,20140806,TMAX,151,,,a,
ASN00092045,20140807,TMAX,132,,,a,
ASN00092045,20140808,TMAX,147,,,a,
ASN00092045,20140809,TMAX,138,,,a,
ASN00092045,20140810,TMAX,127,,,a,
ASN00092045,20140811,TMAX,130,,,a,
ASN00092045,20140812,TMAX,130,,,a,
ASN00092045,20140813,TMAX,149,,,a,
ASN00092045,20140814,TMAX,142,,,a,
ASN00092045,20140815,TMAX,142,,,a,
ASN00092045,20140816,TMAX,145,,,a,
ASN00092045,20140817,TMAX,143,,,a,
ASN00092045,20140818,TMAX,140,,,a,
ASN00092045,20140819,TMAX,141,,,a,
ASN00092045,20140820,TMAX,142,,,a,
ASN00092045,20140821,TMAX,152,,,a,
ASN00092045,20140822,TMAX,160,,,a,
ASN00092045,20140823,TMAX,164,,,a,
ASN00092045,20140824,TMAX,153,,,a,
ASN00092045,20140825,TMAX,163,,,a,
ASN00092045,20140826,TMAX,168,,,a,
ASN00092045,20140827,TMAX,174,,,a,
ASN00092045,20140828,TMAX,166,,,a,
ASN00092045,20140829,TMAX,165,,,a,
ASN00092045,20140830,TMAX,167,,,a,
ASN00092045,20140831,TMAX,168,,,a,
ASN00092045,20140801,TMIN,29,,,a,
ASN00092045,20140802,TMIN,24,,,a,
ASN00092045,20140803,TMIN,46,,,a,
ASN00092045,20140804,TMIN,83,,,a,
ASN00092045,20140805,TMIN,98,,,a,
ASN00092045,20140806,TMIN,110,,,a,
ASN00092045,20140807,TMIN,83,,,a,
ASN00092045,20140808,TMIN,44,,,a,
ASN00092045,20140809,TMIN,88,,,a,
ASN00092045,20140810,TMIN,67,,,a,
ASN00092045,20140811,TMIN,21,,,a,
ASN00092045,20140812,TMIN,35,,,a,
ASN00092045,20140813,TMIN,52,,,a,
ASN00092045,20140814,TMIN,72,,,a,
ASN00092045,20140815,TMIN,73,,,a,
ASN00092045,20140816,TMIN,64,,,a,
ASN00092045,20140817,TMIN,92,,,a,
ASN00092045,20140818,TMIN,109,,,a,
ASN00092045,20140819,TMIN,67,,,a,
ASN00092045,20140820,TMIN,57,,,a,
ASN00092045,20140821,TMIN,82,,,a,
ASN00092045,20140822,TMIN,115,,,a,
ASN00092045,20140823,TMIN,114,,,a,
ASN00092045,20140824,TMIN,129,,,a,
ASN00092045,20140825,TMIN,85,,,a,
ASN00092045,20140826,TMIN,115,,,a,
ASN00092045,20140827,TMIN,102,,,a,
ASN00092045,20140828,TMIN,91,,,a,
ASN00092045,20140829,TMIN,89,,,a,
ASN00092045,20140830,TMIN,108,,,a,
ASN00092045,20140831,TMIN,83,,,a,
ASN00092045,20140801,PRCP,154,,,a,
ASN00092045,20140802,PRCP,22,,,a,
ASN00092045,20140803,PRCP,0,,,a,
ASN00092045,20140804,PRCP,0,,,a,
ASN00092045,20140805,PRCP,2,,,a,
ASN00092045,20140806,PRCP,0,,,a,
ASN00092045,20140807,PRCP,0,,,a,
ASN00092045,20140808,PRCP,0,,,a,
ASN00092045,20140809,PRCP,0,,,a,
ASN00092045,20140810,PRCP,6,,,a,
ASN00092045,20140811,PRCP,4,,,a,
ASN00092045,20140812,PRCP,0,,,a,
ASN00092045,20140813,PRCP,0,,,a,
ASN00092045,20140814,PRCP,0,,,a,
ASN00092045,20140815,PRCP,0,,,a,
ASN00092045,20140816,PRCP,0,,,a,
ASN00092045,20140817,PRCP,8,,,a,
ASN00092045,20140818,PRCP,0,,,a,
ASN00092045,20140819,PRCP,2,,,a,
ASN00092045,20140820,PRCP,0,,,a,
ASN00092045,20140821,PRCP,0,,,a,
ASN00092045,20140822,PRCP,0,,,a,
ASN00092045,20140823,PRCP,24,,,a,
ASN00092045,20140824,PRCP,4,,,a,
ASN00092045,20140825,PRCP,12,,,a,
ASN00092045,20140826,PRCP,16,,,a,
ASN00092045,20140827,PRCP,4,,,a,
ASN00092045,20140828,PRCP,0,,,a,
ASN00092045,20140829,PRCP,0,,,a,
ASN00092045,20140830,PRCP,4,,,a,
ASN00092045,20140831,PRCP,0,,,a,
ASN00092045,20140801,TAVG,66,H,,S,
ASN00092045,20140802,TAVG,79,H,,S,
ASN00092045,20140803,TAVG,111,H,,S,
ASN00092045,20140804,TAVG,119,H,,S,
ASN00092045,20140805,TAVG,124,H,,S,
ASN00092045,20140806,TAVG,114,H,,S,
ASN00092045,20140807,TAVG,79,H,,S,
ASN00092045,20140808,TAVG,110,H,,S,
ASN00092045,20140809,TAVG,110,H,,S,
ASN00092045,20140810,TAVG,68,H,,S,
ASN00092045,20140811,TAVG,77,H,,S,
ASN00092045,20140812,TAVG,83,H,,S,
ASN00092045,20140813,TAVG,108,H,,S,
ASN00092045,20140814,TAVG,104,H,,S,
ASN00092045,20140815,TAVG,98,H,,S,
ASN00092045,20140816,TAVG,112,H,,S,
ASN00092045,20140817,TAVG,117,H,,S,
ASN00092045,20140818,TAVG,101,H,,S,
ASN00092045,20140819,TAVG,93,H,,S,
ASN00092045,20140820,TAVG,110,H,,S,
ASN00092045,20140821,TAVG,131,H,,S,
ASN00092045,20140822,TAVG,132,H,,S,
ASN00092045,20140823,TAVG,141,H,,S,
ASN00092045,20140824,TAVG,113,H,,S,
ASN00092045,20140825,TAVG,133,H,,S,
ASN00092045,20140826,TAVG,132,H,,S,
ASN00092045,20140827,TAVG,122,H,,S,
ASN00092045,20140828,TAVG,122,H,,S,
ASN00092045,20140829,TAVG,132,H,,S,
ASN00092045,20140830,TAVG,123,H,,S,
ASN00092045,20140831,TAVG,140,H,,S,
ASN00092045,20140901,TMAX,164,,,a,
ASN00092045,20140902,TMAX,135,,,a,
ASN00092045,20140903,TMAX,155,,,a,
ASN00092045,20140904,TMAX,152,,,a,
ASN00092045,20140905,TMAX,185,,,a,
ASN00092045,20140906,TMAX,173,,,a,
ASN00092045,20140907,TMAX,169,,,a,
ASN00092045,20140908,TMAX,172,,,a,
ASN00092045,20140909,TMAX,141,,,a,
ASN00092045,20140910,TMAX,163,,,a,
ASN00092045,20140911,TMAX,151,,,a,
ASN00092045,20140912,TMAX,165,,,a,
ASN00092045,20140913,TMAX,164,,,a,
ASN00092045,20140914,TMAX,176,,,a,
ASN00092045,20140915,TMAX,144,,,a,
ASN00092045,20140916,TMAX,127,,,a,
ASN00092045,20140917,TMAX,148,,,a,
ASN00092045,20140918,TMAX,152,,,a,
ASN00092045,20140919,TMAX,159,,,a,
ASN00092045,20140920,TMAX,190,,,a,
ASN00092045,20140921,TMAX,173,,,a,
ASN00092045,20140922,TMAX,182,,,a,
ASN00092045,20140923,TMAX,209,,,a,
ASN00092045,20140924,TMAX,170,,,a,
ASN00092045,20140925,TMAX,184,,,a,
ASN00092045,20140926,TMAX,187,,,a,
ASN00092045,20140927,TMAX,184,,,a,
ASN00092045,20140928,TMAX,227,,,a,
ASN00092045,20140929,TMAX,170,,,a,
ASN00092045,20140930,TMAX,171,,,a,
ASN00092045,20140901,TMIN,122,,,a,
ASN00092045,20140902,TMIN,94,,,a,
ASN00092045,20140903,TMIN,72,,,a,
ASN00092045,20140904,TMIN,76,,,a,
ASN00092045,20140905,TMIN,68,,,a,
ASN00092045,20140906,TMIN,76,,,a,
ASN00092045,20140907,TMIN,64,,,a,
ASN00092045,20140908,TMIN,87,,,a,
ASN00092045,20140909,TMIN,131,,,a,
ASN00092045,20140910,TMIN,103,,,a,
ASN00092045,20140911,TMIN,103,,,a,
ASN00092045,20140912,TMIN,56,,,a,
ASN00092045,20140913,TMIN,87,,,a,
ASN00092045,20140914,TMIN,89,,,a,
ASN00092045,20140915,TMIN,78,,,a,
ASN00092045,20140916,TMIN,103,,,a,
ASN00092045,20140917,TMIN,74,,,a,
ASN00092045,20140918,TMIN,37,,,a,
ASN00092045,20140919,TMIN,77,,,a,
ASN00092045,20140920,TMIN,73,,,a,
ASN00092045,20140921,TMIN,63,,,a,
ASN00092045,20140922,TMIN,77,,,a,
ASN00092045,20140923,TMIN,77,,,a,
ASN00092045,20140924,TMIN,96,,,a,
ASN00092045,20140925,TMIN,103,,,a,
ASN00092045,20140926,TMIN,79,,,a,
ASN00092045,20140927,TMIN,93,,,a,
ASN00092045,20140928,TMIN,108,,,a,
ASN00092045,20140929,TMIN,120,,,a,
ASN00092045,20140930,TMIN,116,,,a,
ASN00092045,20140901,PRCP,0,,,a,
ASN00092045,20140902,PRCP,8,,,a,
ASN00092045,20140903,PRCP,0,,,a,
ASN00092045,20140904,PRCP,8,,,a,
ASN00092045,20140905,PRCP,0,,,a,
ASN00092045,20140906,PRCP,0,,,a,
ASN00092045,20140907,PRCP,2,,,a,
ASN00092045,20140908,PRCP,0,,,a,
ASN00092045,20140909,PRCP,66,,,a,
ASN00092045,20140910,PRCP,168,,,a,
ASN00092045,20140911,PRCP,2,,,a,
ASN00092045,20140912,PRCP,2,,,a,
ASN00092045,20140913,PRCP,0,,,a,
ASN00092045,20140914,PRCP,0,,,a,
ASN00092045,20140915,PRCP,0,,,a,
ASN00092045,20140916,PRCP,6,,,a,
ASN00092045,20140917,PRCP,160,,,a,
ASN00092045,20140918,PRCP,6,,,a,
ASN00092045,20140919,PRCP,0,,,a,
ASN00092045,20140920,PRCP,0,,,a,
ASN00092045,20140921,PRCP,0,,,a,
ASN00092045,20140922,PRCP,0,,,a,
ASN00092045,20140923,PRCP,0,,,a,
ASN00092045,20140924,PRCP,0,,,a,
ASN00092045,20140925,PRCP,0,,,a,
ASN00092045,20140926,PRCP,0,,,a,
ASN00092045,20140927,PRCP,192,,,a,
ASN00092045,20140928,PRCP,2,,,a,
ASN00092045,20140929,PRCP,14,,,a,
ASN00092045,20140930,PRCP,0,,,a,
ASN00092045,20140901,TAVG,121,H,,S,
ASN00092045,20140902,TAVG,103,H,,S,
ASN00092045,20140903,TAVG,112,H,,S,
ASN00092045,20140904,TAVG,108,H,,S,
ASN00092045,20140905,TAVG,116,H,,S,
ASN00092045,20140906,TAVG,104,H,,S,
ASN00092045,20140907,TAVG,122,H,,S,
ASN00092045,20140908,TAVG,144,H,,S,
ASN00092045,20140909,TAVG,122,H,,S,
ASN00092045,20140910,TAVG,131,H,,S,
ASN00092045,20140911,TAVG,95,H,,S,
ASN00092045,20140912,TAVG,117,H,,S,
ASN00092045,20140913,TAVG,119,H,,S,
ASN00092045,20140914,TAVG,118,H,,S,
ASN00092045,20140915,TAVG,117,H,,S,
ASN00092045,20140916,TAVG,99,H,,S,
ASN00092045,20140917,TAVG,79,H,,S,
ASN00092045,20140918,TAVG,108,H,,S,
ASN00092045,20140919,TAVG,111,H,,S,
ASN00092045,20140920,TAVG,122,H,,S,
ASN00092045,20140921,TAVG,118,H,,S,
ASN00092045,20140922,TAVG,119,H,,S,
ASN00092045,20140923,TAVG,144,H,,S,
ASN00092045,20140924,TAVG,136,H,,S,
ASN00092045,20140925,TAVG,127,H,,S,
ASN00092045,20140926,TAVG,133,H,,S,
ASN00092045,20140927,TAVG,139,H,,S,
ASN00092045,20140928,TAVG,161,H,,S,
ASN00092045,20140929,TAVG,139,H,,S,
ASN00092045,20140930,TAVG,99,H,,S,
ASN00092045,20141001,TMAX,164,,,a,
ASN00092045,20141002,TMAX,208,,,a,
ASN00092045,20141003,TMAX,160,,,a,
ASN00092045,20141004,TMAX,178,,,a,
ASN00092045,20141005,TMAX,197,,,a,
ASN00092045,20141006,TMAX,160,,,a,
ASN00092045,20141007,TMAX,172,,,a,
ASN00092045,20141008,TMAX,162,,,a,
ASN00092045,20141009,TMAX,182,,,a,
ASN00092045,20141010,TMAX,168,,,a,
ASN00092045,20141011,TMAX,191,,,a,
ASN00092045,20141012,TMAX,190,,,a,
ASN00092045,20141013,TMAX,119,,,a,
ASN00092045,20141014,TMAX,146,,,a,
ASN00092045,20141015,TMAX,170,,,a,
ASN00092045,20141016,TMAX,193,,,a,
ASN00092045,20141017,TMAX,156,,,a,
ASN00092045,20141018,TMAX,169,,,a,
ASN00092045,20141019,TMAX,210,,,a,
ASN00092045,20141020,TMAX,149,,,a,
ASN00092045,20141021,TMAX,177,,,a,
ASN00092045,20141022,TMAX,187,,,a,
ASN00092045,20141023,TMAX,160,,,a,
ASN00092045,20141024,TMAX,169,,,a,
ASN00092045,20141025,TMAX,187,,,a,
ASN00092045,20141026,TMAX,182,,,a,
ASN00092045,20141027,TMAX,167,,,a,
ASN00092045,20141028,TMAX,165,,,a,
ASN00092045,20141029,TMAX,177,,,a,
ASN00092045,20141030,TMAX,179,,,a,
ASN00092045,20141031,TMAX,195,,,a,
ASN00092045,20141001,TMIN,44,,,a,
ASN00092045,20141002,TMIN,95,,,a,
ASN00092045,20141003,TMIN,72,,,a,
ASN00092045,20141004,TMIN,88,,,a,
ASN00092045,20141005,TMIN,114,,,a,
ASN00092045,20141006,TMIN,125,,,a,
ASN00092045,20141007,TMIN,120,,,a,
ASN00092045,20141008,TMIN,102,,,a,
ASN00092045,20141009,TMIN,96,,,a,
ASN00092045,20141010,TMIN,114,,,a,
ASN00092045,20141011,TMIN,116,,,a,
ASN00092045,20141012,TMIN,97,,,a,
ASN00092045,20141013,TMIN,94,,,a,
ASN00092045,20141014,TMIN,84,,,a,
ASN00092045,20141015,TMIN,77,,,a,
ASN00092045,20141016,TMIN,81,,,a,
ASN00092045,20141017,TMIN,75,,,a,
ASN00092045,20141018,TMIN,86,,,a,
ASN00092045,20141019,TMIN,118,,,a,
ASN00092045,20141020,TMIN,61,,,a,
ASN00092045,20141021,TMIN,109,,,a,
ASN00092045,20141022,TMIN,137,,,a,
ASN00092045,20141023,TMIN,124,,,a,
ASN00092045,20141024,TMIN,123,,,a,
ASN00092045,20141025,TMIN,129,,,a,
ASN00092045,20141026,TMIN,139,,,a,
ASN00092045,20141027,TMIN,145,,,a,
ASN00092045,20141028,TMIN,104,,,a,
ASN00092045,20141029,TMIN,68,,,a,
ASN00092045,20141030,TMIN,116,,,a,
ASN00092045,20141031,TMIN,112,,,a,
ASN00092045,20141001,PRCP,30,,,a,
ASN00092045,20141002,PRCP,0,,,a,
ASN00092045,20141003,PRCP,0,,,a,
ASN00092045,20141004,PRCP,0,,,a,
ASN00092045,20141005,PRCP,0,,,a,
ASN00092045,20141006,PRCP,0,,,a,
ASN00092045,20141007,PRCP,142,,,a,
ASN00092045,20141008,PRCP,0,,,a,
ASN00092045,20141009,PRCP,0,,,a,
ASN00092045,20141010,PRCP,0,,,a,
ASN00092045,20141011,PRCP,0,,,a,
ASN00092045,20141012,PRCP,0,,,a,
ASN00092045,20141013,PRCP,2,,,a,
ASN00092045,20141014,PRCP,16,,,a,
ASN00092045,20141015,PRCP,0,,,a,
ASN00092045,20141016,PRCP,0,,,a,
ASN00092045,20141017,PRCP,156,,,a,
ASN00092045,20141018,PRCP,0,,,a,
ASN00092045,20141019,PRCP,0,,,a,
ASN00092045,20141020,PRCP,52,,,a,
ASN00092045,20141021,PRCP,0,,,a,
ASN00092045,20141022,PRCP,0,,,a,
ASN00092045,20141023,PRCP,0,,,a,
ASN00092045,20141024,PRCP,0,,,a,
ASN00092045,20141025,PRCP,0,,,a,
ASN00092045,20141026,PRCP,0,,,a,
ASN00092045,20141027,PRCP,10,,,a,
ASN00092045,20141028,PRCP,80,,,a,
ASN00092045,20141029,PRCP,0,,,a,
ASN00092045,20141030,PRCP,0,,,a,
ASN00092045,20141031,PRCP,0,,,a,
ASN00092045,20141001,TAVG,126,H,,S,
ASN00092045,20141002,TAVG,136,H,,S,
ASN00092045,20141003,TAVG,116,H,,S,
ASN00092045,20141004,TAVG,139,H,,S,
ASN00092045,20141005,TAVG,145,H,,S,
ASN00092045,20141006,TAVG,140,H,,S,
ASN00092045,20141007,TAVG,128,H,,S,
ASN00092045,20141008,TAVG,128,H,,S,
ASN00092045,20141009,TAVG,138,H,,S,
ASN00092045,20141010,TAVG,139,H,,S,
ASN00092045,20141011,TAVG,136,H,,S,
ASN00092045,20141012,TAVG,135,H,,S,
ASN00092045,20141013,TAVG,103,H,,S,
ASN00092045,20141014,TAVG,113,H,,S,
ASN00092045,20141015,TAVG,122,H,,S,
ASN00092045,20141016,TAVG,109,H,,S,
ASN00092045,20141017,TAVG,118,H,,S,
ASN00092045,20141018,TAVG,143,H,,S,
ASN00092045,20141019,TAVG,125,H,,S,
ASN00092045,20141020,TAVG,127,H,,S,
ASN00092045,20141021,TAVG,148,H,,S,
ASN00092045,20141022,TAVG,154,H,,S,
ASN00092045,20141023,TAVG,139,H,,S,
ASN00092045,20141024,TAVG,151,H,,S,
ASN00092045,20141025,TAVG,152,H,,S,
ASN00092045,20141026,TAVG,153,H,,S,
ASN00092045,20141027,TAVG,131,H,,S,
ASN00092045,20141028,TAVG,112,H,,S,
ASN00092045,20141029,TAVG,139,H,,S,
ASN00092045,20141030,TAVG,141,H,,S,
ASN00092045,20141031,TAVG,156,H,,S,
ASN00092045,20141101,TMAX,168,,,a,
ASN00092045,20141102,TMAX,174,,,a,
ASN00092045,20141103,TMAX,160,,,a,
ASN00092045,20141104,TMAX,171,,,a,
ASN00092045,20141105,TMAX,188,,,a,
ASN00092045,20141106,TMAX,181,,,a,
ASN00092045,20141107,TMAX,222,,,a,
ASN00092045,20141108,TMAX,225,,,a,
ASN00092045,20141109,TMAX,186,,,a,
ASN00092045,20141110,TMAX,201,,,a,
ASN00092045,20141111,TMAX,175,,,a,
ASN00092045,20141112,TMAX,181,,,a,
ASN00092045,20141113,TMAX,193,,,a,
ASN00092045,20141114,TMAX,236,,,a,
ASN00092045,20141115,TMAX,186,,,a,
ASN00092045,20141116,TMAX,194,,,a,
ASN00092045,20141117,TMAX,193,,,a,
ASN00092045,20141118,TMAX,200,,,a,
ASN00092045,20141119,TMAX,200,,,a,
ASN00092045,20141120,TMAX,205,,,a,
ASN00092045,20141121,TMAX,211,,,a,
ASN00092045,20141122,TMAX,202,,,a,
ASN00092045,20141123,TMAX,227,,,a,
ASN00092045,20141124,TMAX,164,,,a,
ASN00092045,20141125,TMAX,202,,,a,
ASN00092045,20141126,TMAX,226,,,a,
ASN00092045,20141127,TMAX,193,,,a,
ASN00092045,20141128,TMAX,188,,,a,
ASN00092045,20141129,TMAX,208,,,a,
ASN00092045,20141130,TMAX,189,,,a,
ASN00092045,20141101,TMIN,129,,,a,
ASN00092045,20141102,TMIN,44,,,a,
ASN00092045,20141103,TMIN,54,,,a,
ASN00092045,20141104,TMIN,123,,,a,
ASN00092045,20141105,TMIN,148,,,a,
ASN00092045,20141106,TMIN,126,,,a,
ASN00092045,20141107,TMIN,101,,,a,
ASN00092045,20141108,TMIN,138,,,a,
ASN00092045,20141109,TMIN,116,,,a,
ASN00092045,20141110,TMIN,101,,,a,
ASN00092045,20141111,TMIN,68,,,a,
ASN00092045,20141112,TMIN,79,,,a,
ASN00092045,20141113,TMIN,96,,,a,
ASN00092045,20141114,TMIN,133,,,a,
ASN00092045,20141115,TMIN,96,,,a,
ASN00092045,20141116,TMIN,122,,,a,
ASN00092045,20141117,TMIN,103,,,a,
ASN00092045,20141118,TMIN,103,,,a,
ASN00092045,20141119,TMIN,92,,,a,
ASN00092045,20141120,TMIN,126,,,a,
ASN00092045,20141121,TMIN,142,,,a,
ASN00092045,20141122,TMIN,101,,,a,
ASN00092045,20141123,TMIN,138,,,a,
ASN00092045,20141124,TMIN,118,,,a,
ASN00092045,20141125,TMIN,100,,,a,
ASN00092045,20141126,TMIN,112,,,a,
ASN00092045,20141127,TMIN,100,,,a,
ASN00092045,20141128,TMIN,115,,,a,
ASN00092045,20141129,TMIN,105,,,a,
ASN00092045,20141130,TMIN,150,,,a,
ASN00092045,20141101,PRCP,12,,,a,
ASN00092045,20141102,PRCP,2,,,a,
ASN00092045,20141103,PRCP,0,,,a,
ASN00092045,20141104,PRCP,0,,,a,
ASN00092045,20141105,PRCP,6,,,a,
ASN00092045,20141106,PRCP,0,,,a,
ASN00092045,20141107,PRCP,0,,,a,
ASN00092045,20141108,PRCP,0,,,a,
ASN00092045,20141109,PRCP,56,,,a,
ASN00092045,20141110,PRCP,0,,,a,
ASN00092045,20141111,PRCP,0,,,a,
ASN00092045,20141112,PRCP,0,,,a,
ASN00092045,20141113,PRCP,0,,,a,
ASN00092045,20141114,PRCP,0,,,a,
ASN00092045,20141115,PRCP,0,,,a,
ASN00092045,20141116,PRCP,0,,,a,
ASN00092045,20141117,PRCP,0,,,a,
ASN00092045,20141118,PRCP,0,,,a,
ASN00092045,20141119,PRCP,0,,,a,
ASN00092045,20141120,PRCP,0,,,a,
ASN00092045,20141121,PRCP,40,,,a,
ASN00092045,20141122,PRCP,0,,,a,
ASN00092045,20141123,PRCP,0,,,a,
ASN00092045,20141124,PRCP,2,,,a,
ASN00092045,20141125,PRCP,36,,,a,
ASN00092045,20141126,PRCP,0,,,a,
ASN00092045,20141127,PRCP,0,,,a,
ASN00092045,20141128,PRCP,0,,,a,
ASN00092045,20141129,PRCP,0,,,a,
ASN00092045,20141130,PRCP,0,,,a,
ASN00092045,20141101,TAVG,103,H,,S,
ASN00092045,20141102,TAVG,113,H,,S,
ASN00092045,20141103,TAVG,136,H,,S,
ASN00092045,20141104,TAVG,154,H,,S,
ASN00092045,20141105,TAVG,147,H,,S,
ASN00092045,20141106,TAVG,142,H,,S,
ASN00092045,20141107,TAVG,172,H,,S,
ASN00092045,20141108,TAVG,155,H,,S,
ASN00092045,20141109,TAVG,141,H,,S,
ASN00092045,20141110,TAVG,138,H,,S,
ASN00092045,20141111,TAVG,126,H,,S,
ASN00092045,20141112,TAVG,136,H,,S,
ASN00092045,20141113,TAVG,161,H,,S,
ASN00092045,20141114,TAVG,147,H,,S,
ASN00092045,20141115,TAVG,144,H,,S,
ASN00092045,20141116,TAVG,143,H,,S,
ASN00092045,20141117,TAVG,146,H,,S,
ASN00092045,20141118,TAVG,148,H,,S,
ASN00092045,20141119,TAVG,152,H,,S,
ASN00092045,20141120,TAVG,161,H,,S,
ASN00092045,20141121,TAVG,140,H,,S,
ASN00092045,20141122,TAVG,164,H,,S,
ASN00092045,20141123,TAVG,162,H,,S,
ASN00092045,20141124,TAVG,136,H,,S,
ASN00092045,20141125,TAVG,151,H,,S,
ASN00092045,20141126,TAVG,150,H,,S,
ASN00092045,20141127,TAVG,149,H,,S,
ASN00092045,20141128,TAVG,147,H,,S,
ASN00092045,20141129,TAVG,168,H,,S,
ASN00092045,20141130,TAVG,168,H,,S,
ASN00092045,20141201,TMAX,193,,,a,
ASN00092045,20141202,TMAX,226,,,a,
ASN00092045,20141203,TMAX,208,,,a,
ASN00092045,20141204,TMAX,181,,,a,
ASN00092045,20141205,TMAX,204,,,a,
ASN00092045,20141206,TMAX,176,,,a,
ASN00092045,20141207,TMAX,159,,,a,
ASN00092045,20141208,TMAX,201,,,a,
ASN00092045,20141209,TMAX,199,,,a,
ASN00092045,20141210,TMAX,178,,,a,
ASN00092045,20141211,TMAX,193,,,a,
ASN00092045,20141212,TMAX,208,,,a,
ASN00092045,20141213,TMAX,194,,,a,
ASN00092045,20141214,TMAX,265,,,a,
ASN00092045,20141215,TMAX,218,,,a,
ASN00092045,20141216,TMAX,232,,,a,
ASN00092045,20141217,TMAX,202,,,a,
ASN00092045,20141218,TMAX,202,,,a,
ASN00092045,20141219,TMAX,207,,,a,
ASN00092045,20141220,TMAX,240,,,a,
ASN00092045,20141221,TMAX,211,,,a,
ASN00092045,20141222,TMAX,225,,,a,
ASN00092045,20141223,TMAX,236,,,a,
ASN00092045,20141224,TMAX,223,,,a,
ASN00092045,20141225,TMAX,226,,,a,
ASN00092045,20141226,TMAX,199,,,a,
ASN00092045,20141227,TMAX,215,,,a,
ASN00092045,20141228,TMAX,214,,,a,
ASN00092045,20141229,TMAX,258,,,a,
ASN00092045,20141230,TMAX,221,,,a,
ASN00092045,20141231,TMAX,203,,,a,
ASN00092045,20141201,TMIN,161,,,a,
ASN00092045,20141202,TMIN,135,,,a,
ASN00092045,20141203,TMIN,152,,,a,
ASN00092045,20141204,TMIN,145,,,a,
ASN00092045,20141205,TMIN,129,,,a,
ASN00092045,20141206,TMIN,128,,,a,
ASN00092045,20141207,TMIN,123,,,a,
ASN00092045,20141208,TMIN,126,,,a,
ASN00092045,20141209,TMIN,139,,,a,
ASN00092045,20141210,TMIN,136,,,a,
ASN00092045,20141211,TMIN,140,,,a,
ASN00092045,20141212,TMIN,140,,,a,
ASN00092045,20141213,TMIN,151,,,a,
ASN00092045,20141214,TMIN,163,,,a,
ASN00092045,20141215,TMIN,120,,,a,
ASN00092045,20141216,TMIN,142,,,a,
ASN00092045,20141217,TMIN,102,,,a,
ASN00092045,20141218,TMIN,116,,,a,
ASN00092045,20141219,TMIN,95,,,a,
ASN00092045,20141220,TMIN,101,,,a,
ASN00092045,20141221,TMIN,154,,,a,
ASN00092045,20141222,TMIN,131,,,a,
ASN00092045,20141223,TMIN,168,,,a,
ASN00092045,20141224,TMIN,143,,,a,
ASN00092045,20141225,TMIN,156,,,a,
ASN00092045,20141226,TMIN,115,,,a,
ASN00092045,20141227,TMIN,110,,,a,
ASN00092045,20141228,TMIN,142,,,a,
ASN00092045,20141229,TMIN,170,,,a,
ASN00092045,20141230,TMIN,116,,,a,
ASN00092045,20141231,TMIN,79,,,a,
ASN00092045,20141201,PRCP,80,,,a,
ASN00092045,20141202,PRCP,4,,,a,
ASN00092045,20141203,PRCP,0,,,a,
ASN00092045,20141204,PRCP,108,,,a,
ASN00092045,20141205,PRCP,24,,,a,
ASN00092045,20141206,PRCP,4,,,a,
ASN00092045,20141207,PRCP,2,,,a,
ASN00092045,20141208,PRCP,110,,,a,
ASN00092045,20141209,PRCP,18,,,a,
ASN00092045,20141210,PRCP,8,,,a,
ASN00092045,20141211,PRCP,54,,,a,
ASN00092045,20141212,PRCP,0,,,a,
ASN00092045,20141213,PRCP,0,,,a,
ASN00092045,20141214,PRCP,0,,,a,
ASN00092045,20141215,PRCP,0,,,a,
ASN00092045,20141216,PRCP,2,,,a,
ASN00092045,20141217,PRCP,34,,,a,
ASN00092045,20141218,PRCP,2,,,a,
ASN00092045,20141219,PRCP,0,,,a,
ASN00092045,20141220,PRCP,0,,,a,
ASN00092045,20141221,PRCP,0,,,a,
ASN00092045,20141222,PRCP,0,,,a,
ASN00092045,20141223,PRCP,2,,,a,
ASN00092045,20141224,PRCP,12,,,a,
ASN00092045,20141225,PRCP,18,,,a,
ASN00092045,20141226,PRCP,68,,,a,
ASN00092045,20141227,PRCP,4,,,a,
ASN00092045,20141228,PRCP,0,,,a,
ASN00092045,20141229,PRCP,0,,,a,
ASN00092045,20141230,PRCP,150,,,a,
ASN00092045,20141231,PRCP,0,,,a,
ASN00092045,20141201,TAVG,166,H,,S,
ASN00092045,20141202,TAVG,179,H,,S,
ASN00092045,20141203,TAVG,164,H,,S,
ASN00092045,20141204,TAVG,148,H,,S,
ASN00092045,20141205,TAVG,154,H,,S,
ASN00092045,20141206,TAVG,144,H,,S,
ASN00092045,20141207,TAVG,137,H,,S,
ASN00092045,20141208,TAVG,159,H,,S,
ASN00092045,20141209,TAVG,158,H,,S,
ASN00092045,20141210,TAVG,157,H,,S,
ASN00092045,20141211,TAVG,160,H,,S,
ASN00092045,20141212,TAVG,169,H,,S,
ASN00092045,20141213,TAVG,176,H,,S,
ASN00092045,20141214,TAVG,178,H,,S,
ASN00092045,20141215,TAVG,173,H,,S,
ASN00092045,20141216,TAVG,153,H,,S,
ASN00092045,20141217,TAVG,156,H,,S,
ASN00092045,20141218,TAVG,149,H,,S,
ASN00092045,20141219,TAVG,152,H,,S,
ASN00092045,20141220,TAVG,182,H,,S,
ASN00092045,20141221,TAVG,172,H,,S,
ASN00092045,20141222,TAVG,182,H,,S,
ASN00092045,20141223,TAVG,176,H,,S,
ASN00092045,20141224,TAVG,177,H,,S,
ASN00092045,20141225,TAVG,161,H,,S,
ASN00092045,20141226,TAVG,153,H,,S,
ASN00092045,20141227,TAVG,172,H,,S,
ASN00092045,20141228,TAVG,183,H,,S,
ASN00092045,20141229,TAVG,156,H,,S,
ASN00092045,20141230,TAVG,147,H,,S,
ASN00092045,20141231,TAVG,162,H,,S,
ASN00092045,20150101,TMAX,214,,,a,
ASN00092045,20150102,TMAX,223,,,a,
ASN00092045,20150103,TMAX,310,,,a,
ASN00092045,20150104,TMAX,224,,,a,
ASN00092045,20150105,TMAX,213,,,a,
ASN00092045,20150106,TMAX,229,,,a,
ASN00092045,20150107,TMAX,197,,,a,
ASN00092045,20150108,TMAX,224,,,a,
ASN00092045,20150109,TMAX,160,,,a,
ASN00092045,20150110,TMAX,196,,,a,
ASN00092045,20150111,TMAX,215,,,a,
ASN00092045,20150112,TMAX,232,,,a,
ASN00092045,20150113,TMAX,192,,,a,
ASN00092045,20150114,TMAX,267,,,a,
ASN00092045,20150115,TMAX,255,,,a,
ASN00092045,20150116,TMAX,199,,,a,
ASN00092045,20150117,TMAX,207,,,a,
ASN00092045,20150118,TMAX,219,,,a,
ASN00092045,20150119,TMAX,199,,,a,
ASN00092045,20150120,TMAX,199,,,a,
ASN00092045,20150121,TMAX,210,,,a,
ASN00092045,20150122,TMAX,250,,,a,
ASN00092045,20150123,TMAX,259,,,a,
ASN00092045,20150124,TMAX,233,,,a,
ASN00092045,20150125,TMAX,199,,,a,
ASN00092045,20150126,TMAX,207,,,a,
ASN00092045,20150127,TMAX,200,,,a,
ASN00092045,20150128,TMAX,184,,,a,
ASN00092045,20150129,TMAX,175,,,a,
ASN00092045,20150130,TMAX,176,,,a,
ASN00092045,20150131,TMAX,202,,,a,
ASN00092045,20150101,TMIN,137,,,a,
ASN00092045,20150102,TMIN,148,,,a,
ASN00092045,20150103,TMIN,170,,,a,
ASN00092045,20150104,TMIN,176,,,a,
ASN00092045,20150105,TMIN,157,,,a,
ASN00092045,20150106,TMIN,137,,,a,
ASN00092045,20150107,TMIN,158,,,a,
ASN00092045,20150108,TMIN,163,,,a,
ASN00092045,20150109,TMIN,152,,,a,
ASN00092045,20150110,TMIN,139,,,a,
ASN00092045,20150111,TMIN,121,,,a,
ASN00092045,20150112,TMIN,163,,,a,
ASN00092045,20150113,TMIN,171,,,a,
ASN00092045,20150114,TMIN,175,,,a,
ASN00092045,20150115,TMIN,152,,,a,
ASN00092045,20150116,TMIN,112,,,a,
ASN00092045,20150117,TMIN,126,,,a,
ASN00092045,20150118,TMIN,103,,,a,
ASN00092045,20150119,TMIN,105,,,a,
ASN00092045,20150120,TMIN,141,,,a,
ASN00092045,20150121,TMIN,172,,,a,
ASN00092045,20150122,TMIN,177,,,a,
ASN00092045,20150123,TMIN,172,,,a,
ASN00092045,20150124,TMIN,147,,,a,
ASN00092045,20150125,TMIN,135,,,a,
ASN00092045,20150126,TMIN,82,,,a,
ASN00092045,20150127,TMIN,114,,,a,
ASN00092045,20150128,TMIN,134,,,a,
ASN00092045,20150129,TMIN,125,,,a,
ASN00092045,20150130,TMIN,124,,,a,
ASN00092045,20150131,TMIN,136,,,a,
ASN00092045,20150101,PRCP,0,,,a,
ASN00092045,20150102,PRCP,0,,,a,
ASN00092045,20150103,PRCP,0,,,a,
ASN00092045,20150104,PRCP,16,,,a,
ASN00092045,20150105,PRCP,0,,,a,
ASN00092045,20150106,PRCP,0,,,a,
ASN00092045,20150107,PRCP,18,,,a,
ASN00092045,20150108,PRCP,6,,,a,
ASN00092045,20150109,PRCP,20,,,a,
ASN00092045,20150110,PRCP,44,,,a,
ASN00092045,20150111,PRCP,0,,,a,
ASN00092045,20150112,PRCP,0,,,a,
ASN00092045,20150113,PRCP,0,,,a,
ASN00092045,20150114,PRCP,284,,,a,
ASN00092045,20150115,PRCP,98,,,a,
ASN00092045,20150116,PRCP,14,,,a,
ASN00092045,20150117,PRCP,8,,,a,
ASN00092045,20150118,PRCP,0,,,a,
ASN00092045,20150119,PRCP,0,,,a,
ASN00092045,20150120,PRCP,0,,,a,
ASN00092045,20150121,PRCP,2,,,a,
ASN00092045,20150122,PRCP,0,,,a,
ASN00092045,20150123,PRCP,100,,,a,
ASN00092045,20150124,PRCP,0,,,a,
ASN00092045,20150125,PRCP,8,,,a,
ASN00092045,20150126,PRCP,6,,,a,
ASN00092045,20150127,PRCP,0,,,a,
ASN00092045,20150128,PRCP,42,,,a,
ASN00092045,20150129,PRCP,34,,,a,
ASN00092045,20150131,PRCP,2,,,a,
ASN00092045,20150101,TAVG,173,H,,S,
ASN00092045,20150102,TAVG,193,H,,S,
ASN00092045,20150103,TAVG,208,H,,S,
ASN00092045,20150104,TAVG,181,H,,S,
ASN00092045,20150105,TAVG,172,H,,S,
ASN00092045,20150106,TAVG,186,H,,S,
ASN00092045,20150107,TAVG,184,H,,S,
ASN00092045,20150108,TAVG,186,H,,S,
ASN00092045,20150109,TAVG,149,H,,S,
ASN00092045,20150110,TAVG,158,H,,S,
ASN00092045,20150111,TAVG,182,H,,S,
ASN00092045,20150112,TAVG,189,H,,S,
ASN00092045,20150113,TAVG,184,H,,S,
ASN00092045,20150114,TAVG,196,H,,S,
ASN00092045,20150115,TAVG,172,H,,S,
ASN00092045,20150116,TAVG,161,H,,S,
ASN00092045,20150117,TAVG,153,H,,S,
ASN00092045,20150118,TAVG,153,H,,S,
ASN00092045,20150119,TAVG,165,H,,S,
ASN00092045,20150120,TAVG,182,H,,S,
ASN00092045,20150121,TAVG,189,H,,S,
ASN00092045,20150122,TAVG,195,H,,S,
ASN00092045,20150123,TAVG,192,H,,S,
ASN00092045,20150124,TAVG,176,H,,S,
ASN00092045,20150125,TAVG,141,H,,S,
ASN00092045,20150126,TAVG,161,H,,S,
ASN00092045,20150127,TAVG,161,H,,S,
ASN00092045,20150128,TAVG,151,H,,S,
ASN00092045,20150129,TAVG,146,H,,S,
ASN00092045,20150130,TAVG,154,H,,S,
ASN00092045,20150131,TAVG,159,H,,S,
ASN00092045,20150201,TMAX,194,,,a,
ASN00092045,20150202,TMAX,207,,,a,
ASN00092045,20150203,TMAX,228,,,a,
ASN00092045,20150204,TMAX,185,,,a,
ASN00092045,20150205,TMAX,232,,,a,
ASN00092045,20150206,TMAX,217,,,a,
ASN00092045,20150207,TMAX,277,,,a,
ASN00092045,20150208,TMAX,220,,,a,
ASN00092045,20150209,TMAX,197,,,a,
ASN00092045,20150210,TMAX,217,,,a,
ASN00092045,20150211,TMAX,277,,,a,
ASN00092045,20150212,TMAX,186,,,a,
ASN00092045,20150213,TMAX,220,,,a,
ASN00092045,20150214,TMAX,194,,,a,
ASN00092045,20150215,TMAX,236,,,a,
ASN00092045,20150216,TMAX,266,,,a,
ASN00092045,20150217,TMAX,240,,,a,
ASN00092045,20150218,TMAX,208,,,a,
ASN00092045,20150219,TMAX,199,,,a,
ASN00092045,20150220,TMAX,228,,,a,
ASN00092045,20150221,TMAX,227,,,a,
ASN00092045,20150222,TMAX,242,,,a,
ASN00092045,20150223,TMAX,243,,,a,
ASN00092045,20150224,TMAX,199,,,a,
ASN00092045,20150225,TMAX,222,,,a,
ASN00092045,20150226,TMAX,249,,,a,
ASN00092045,20150227,TMAX,204,,,a,
ASN00092045,20150228,TMAX,209,,,a,
ASN00092045,20150201,TMIN,135,,,a,
ASN00092045,20150202,TMIN,128,,,a,
ASN00092045,20150203,TMIN,154,,,a,
ASN00092045,20150204,TMIN,128,,,a,
ASN00092045,20150205,TMIN,99,,,a,
ASN00092045,20150206,TMIN,131,,,a,
ASN00092045,20150207,TMIN,156,,,a,
ASN00092045,20150208,TMIN,175,,,a,
ASN00092045,20150209,TMIN,146,,,a,
ASN00092045,20150210,TMIN,155,,,a,
ASN00092045,20150211,TMIN,183,,,a,
ASN00092045,20150212,TMIN,151,,,a,
ASN00092045,20150213,TMIN,150,,,a,
ASN00092045,20150214,TMIN,158,,,a,
ASN00092045,20150215,TMIN,173,,,a,
ASN00092045,20150216,TMIN,185,,,a,
ASN00092045,20150217,TMIN,164,,,a,
ASN00092045,20150218,TMIN,158,,,a,
ASN00092045,20150219,TMIN,173,,,a,
ASN00092045,20150220,TMIN,177,,,a,
ASN00092045,20150221,TMIN,174,,,a,
ASN00092045,20150222,TMIN,188,,,a,
ASN00092045,20150223,TMIN,194,,,a,
ASN00092045,20150224,TMIN,153,,,a,
ASN00092045,20150225,TMIN,153,,,a,
ASN00092045,20150226,TMIN,157,,,a,
ASN00092045,20150227,TMIN,152,,,a,
ASN00092045,20150228,TMIN,138,,,a,
ASN00092045,20150201,PRCP,12,,,a,
ASN00092045,20150202,PRCP,2,,,a,
ASN00092045,20150203,PRCP,0,,,a,
ASN00092045,20150204,PRCP,0,,,a,
ASN00092045,20150205,PRCP,0,,,a,
ASN00092045,20150206,PRCP,0,,,a,
ASN00092045,20150207,PRCP,0,,,a,
ASN00092045,20150208,PRCP,0,,,a,
ASN00092045,20150209,PRCP,12,,,a,
ASN00092045,20150210,PRCP,0,,,a,
ASN00092045,20150211,PRCP,0,,,a,
ASN00092045,20150212,PRCP,0,,,a,
ASN00092045,20150213,PRCP,0,,,a,
ASN00092045,20150214,PRCP,40,,,a,
ASN00092045,20150215,PRCP,94,,,a,
ASN00092045,20150216,PRCP,0,,,a,
ASN00092045,20150217,PRCP,6,,,a,
ASN00092045,20150218,PRCP,0,,,a,
ASN00092045,20150219,PRCP,0,,,a,
ASN00092045,20150220,PRCP,62,,,a,
ASN00092045,20150221,PRCP,0,,,a,
ASN00092045,20150222,PRCP,0,,,a,
ASN00092045,20150223,PRCP,0,,,a,
ASN00092045,20150224,PRCP,0,,,a,
ASN00092045,20150225,PRCP,0,,,a,
ASN00092045,20150226,PRCP,0,,,a,
ASN00092045,20150227,PRCP,0,,,a,
ASN00092045,20150228,PRCP,0,,,a,
ASN00092045,20150201,TAVG,156,H,,S,
ASN00092045,20150202,TAVG,173,H,,S,
ASN00092045,20150203,TAVG,175,H,,S,
ASN00092045,20150204,TAVG,148,H,,S,
ASN00092045,20150205,TAVG,179,H,,S,
ASN00092045,20150206,TAVG,185,H,,S,
ASN00092045,20150207,TAVG,206,H,,S,
ASN00092045,20150208,TAVG,168,H,,S,
ASN00092045,20150209,TAVG,171,H,,S,
ASN00092045,20150210,TAVG,194,H,,S,
ASN00092045,20150211,TAVG,196,H,,S,
ASN00092045,20150212,TAVG,162,H,,S,
ASN00092045,20150213,TAVG,183,H,,S,
ASN00092045,20150214,TAVG,186,H,,S,
ASN00092045,20150215,TAVG,198,H,,S,
ASN00092045,20150216,TAVG,197,H,,S,
ASN00092045,20150217,TAVG,187,H,,S,
ASN00092045,20150218,TAVG,182,H,,S,
ASN00092045,20150219,TAVG,187,H,,S,
ASN00092045,20150220,TAVG,190,H,,S,
ASN00092045,20150221,TAVG,205,H,,S,
ASN00092045,20150222,TAVG,207,H,,S,
ASN00092045,20150223,TAVG,184,H,,S,
ASN00092045,20150224,TAVG,168,H,,S,
ASN00092045,20150225,TAVG,186,H,,S,
ASN00092045,20150226,TAVG,184,H,,S,
ASN00092045,20150227,TAVG,169,H,,S,
ASN00092045,20150228,TAVG,177,H,,S,
ASN00092045,20150301,TMAX,229,,,a,
ASN00092045,20150302,TMAX,209,,,a,
ASN00092045,20150303,TMAX,227,,,a,
ASN00092045,20150304,TMAX,202,,,a,
ASN00092045,20150305,TMAX,197,,,a,
ASN00092045,20150306,TMAX,204,,,a,
ASN00092045,20150307,TMAX,221,,,a,
ASN00092045,20150308,TMAX,219,,,a,
ASN00092045,20150309,TMAX,218,,,a,
ASN00092045,20150310,TMAX,209,,,a,
ASN00092045,20150311,TMAX,215,,,a,
ASN00092045,20150312,TMAX,218,,,a,
ASN00092045,20150313,TMAX,196,,,a,
ASN00092045,20150314,TMAX,190,,,a,
ASN00092045,20150315,TMAX,180,,,a,
ASN00092045,20150316,TMAX,198,,,a,
ASN00092045,20150317,TMAX,187,,,a,
ASN00092045,20150318,TMAX,238,,,a,
ASN00092045,20150319,TMAX,224,,,a,
ASN00092045,20150320,TMAX,213,,,a,
ASN00092045,20150321,TMAX,204,,,a,
ASN00092045,20150322,TMAX,193,,,a,
ASN00092045,20150323,TMAX,201,,,a,
ASN00092045,20150324,TMAX,176,,,a,
ASN00092045,20150325,TMAX,193,,,a,
ASN00092045,20150326,TMAX,165,,,a,
ASN00092045,20150327,TMAX,152,,,a,
ASN00092045,20150328,TMAX,192,,,a,
ASN00092045,20150329,TMAX,203,,,a,
ASN00092045,20150330,TMAX,212,,,a,
ASN00092045,20150331,TMAX,208,,,a,
ASN00092045,20150301,TMIN,134,,,a,
ASN00092045,20150302,TMIN,142,,,a,
ASN00092045,20150303,TMIN,114,,,a,
ASN00092045,20150304,TMIN,133,,,a,
ASN00092045,20150305,TMIN,96,,,a,
ASN00092045,20150306,TMIN,119,,,a,
ASN00092045,20150307,TMIN,116,,,a,
ASN00092045,20150308,TMIN,130,,,a,
ASN00092045,20150309,TMIN,152,,,a,
ASN00092045,20150310,TMIN,121,,,a,
ASN00092045,20150311,TMIN,128,,,a,
ASN00092045,20150312,TMIN,124,,,a,
ASN00092045,20150313,TMIN,132,,,a,
ASN00092045,20150314,TMIN,129,,,a,
ASN00092045,20150315,TMIN,113,,,a,
ASN00092045,20150316,TMIN,126,,,a,
ASN00092045,20150317,TMIN,147,,,a,
ASN00092045,20150318,TMIN,173,,,a,
ASN00092045,20150319,TMIN,146,,,a,
ASN00092045,20150320,TMIN,117,,,a,
ASN00092045,20150321,TMIN,129,,,a,
ASN00092045,20150322,TMIN,143,,,a,
ASN00092045,20150323,TMIN,175,,,a,
ASN00092045,20150324,TMIN,128,,,a,
ASN00092045,20150325,TMIN,99,,,a,
ASN00092045,20150326,TMIN,116,,,a,
ASN00092045,20150327,TMIN,89,,,a,
ASN00092045,20150328,TMIN,90,,,a,
ASN00092045,20150329,TMIN,127,,,a,
ASN00092045,20150330,TMIN,149,,,a,
ASN00092045,20150331,TMIN,122,,,a,
ASN00092045,20150301,PRCP,144,,,a,
ASN00092045,20150302,PRCP,10,,,a,
ASN00092045,20150303,PRCP,2,,,a,
ASN00092045,20150304,PRCP,0,,,a,
ASN00092045,20150305,PRCP,16,,,a,
ASN00092045,20150306,PRCP,0,,,a,
ASN00092045,20150307,PRCP,0,,,a,
ASN00092045,20150308,PRCP,44,,,a,
ASN00092045,20150309,PRCP,0,,,a,
ASN00092045,20150310,PRCP,20,,,a,
ASN00092045,20150311,PRCP,2,,,a,
ASN00092045,20150312,PRCP,0,,,a,
ASN00092045,20150313,PRCP,0,,,a,
ASN00092045,20150314,PRCP,0,,,a,
ASN00092045,20150315,PRCP,2,,,a,
ASN00092045,20150316,PRCP,2,,,a,
ASN00092045,20150317,PRCP,0,,,a,
ASN00092045,20150318,PRCP,16,,,a,
ASN00092045,20150319,PRCP,4,,,a,
ASN00092045,20150320,PRCP,14,,,a,
ASN00092045,20150321,PRCP,0,,,a,
ASN00092045,20150322,PRCP,0,,,a,
ASN00092045,20150323,PRCP,0,,,a,
ASN00092045,20150324,PRCP,68,,,a,
ASN00092045,20150325,PRCP,0,,,a,
ASN00092045,20150326,PRCP,18,,,a,
ASN00092045,20150327,PRCP,100,,,a,
ASN00092045,20150328,PRCP,16,,,a,
ASN00092045,20150329,PRCP,0,,,a,
ASN00092045,20150330,PRCP,0,,,a,
ASN00092045,20150331,PRCP,0,,,a,
ASN00092045,20150301,TAVG,172,H,,S,
ASN00092045,20150302,TAVG,157,H,,S,
ASN00092045,20150303,TAVG,170,H,,S,
ASN00092045,20150304,TAVG,150,H,,S,
ASN00092045,20150305,TAVG,159,H,,S,
ASN00092045,20150306,TAVG,154,H,,S,
ASN00092045,20150307,TAVG,173,H,,S,
ASN00092045,20150308,TAVG,174,H,,S,
ASN00092045,20150309,TAVG,162,H,,S,
ASN00092045,20150310,TAVG,161,H,,S,
ASN00092045,20150311,TAVG,168,H,,S,
ASN00092045,20150312,TAVG,169,H,,S,
ASN00092045,20150313,TAVG,158,H,,S,
ASN00092045,20150314,TAVG,147,H,,S,
ASN00092045,20150315,TAVG,146,H,,S,
ASN00092045,20150316,TAVG,167,H,,S,
ASN00092045,20150317,TAVG,181,H,,S,
ASN00092045,20150318,TAVG,178,H,,S,
ASN00092045,20150319,TAVG,164,H,,S,
ASN00092045,20150320,TAVG,160,H,,S,
ASN00092045,20150321,TAVG,175,H,,S,
ASN00092045,20150322,TAVG,182,H,,S,
ASN00092045,20150323,TAVG,158,H,,S,
ASN00092045,20150324,TAVG,135,H,,S,
ASN00092045,20150325,TAVG,153,H,,S,
ASN00092045,20150326,TAVG,123,H,,S,
ASN00092045,20150327,TAVG,128,H,,S,
ASN00092045,20150328,TAVG,149,H,,S,
ASN00092045,20150329,TAVG,171,H,,S,
ASN00092045,20150330,TAVG,162,H,,S,
ASN00092045,20150331,TAVG,160,H,,S,
ASN00092045,20150401,TMAX,214,,,a,
ASN00092045,20150402,TMAX,158,,,a,
ASN00092045,20150403,TMAX,180,,,a,
ASN00092045,20150404,TMAX,181,,,a,
ASN00092045,20150405,TMAX,196,,,a,
ASN00092045,20150406,TMAX,176,,,a,
ASN00092045,20150407,TMAX,164,,,a,
ASN00092045,20150408,TMAX,166,,,a,
ASN00092045,20150409,TMAX,178,,,a,
ASN00092045,20150410,TMAX,175,,,a,
ASN00092045,20150411,TMAX,195,,,a,
ASN00092045,20150412,TMAX,162,,,a,
ASN00092045,20150413,TMAX,171,,,a,
ASN00092045,20150414,TMAX,171,,,a,
ASN00092045,20150415,TMAX,233,,,a,
ASN00092045,20150416,TMAX,224,,,a,
ASN00092045,20150417,TMAX,189,,,a,
ASN00092045,20150418,TMAX,188,,,a,
ASN00092045,20150419,TMAX,153,,,a,
ASN00092045,20150420,TMAX,163,,,a,
ASN00092045,20150421,TMAX,185,,,a,
ASN00092045,20150422,TMAX,184,,,a,
ASN00092045,20150423,TMAX,182,,,a,
ASN00092045,20150424,TMAX,157,,,a,
ASN00092045,20150425,TMAX,169,,,a,
ASN00092045,20150426,TMAX,159,,,a,
ASN00092045,20150427,TMAX,169,,,a,
ASN00092045,20150428,TMAX,171,,,a,
ASN00092045,20150429,TMAX,184,,,a,
ASN00092045,20150430,TMAX,171,,,a,
ASN00092045,20150401,TMIN,126,,,a,
ASN00092045,20150402,TMIN,144,,,a,
ASN00092045,20150403,TMIN,84,,,a,
ASN00092045,20150404,TMIN,104,,,a,
ASN00092045,20150405,TMIN,140,,,a,
ASN00092045,20150406,TMIN,104,,,a,
ASN00092045,20150407,TMIN,129,,,a,
ASN00092045,20150408,TMIN,125,,,a,
ASN00092045,20150409,TMIN,125,,,a,
ASN00092045,20150410,TMIN,129,,,a,
ASN00092045,20150411,TMIN,128,,,a,
ASN00092045,20150412,TMIN,115,,,a,
ASN00092045,20150413,TMIN,103,,,a,
ASN00092045,20150414,TMIN,115,,,a,
ASN00092045,20150415,TMIN,139,,,a,
ASN00092045,20150416,TMIN,145,,,a,
ASN00092045,20150417,TMIN,100,,,a,
ASN00092045,20150418,TMIN,135,,,a,
ASN00092045,20150419,TMIN,79,,,a,
ASN00092045,20150420,TMIN,69,,,a,
ASN00092045,20150421,TMIN,78,,,a,
ASN00092045,20150422,TMIN,136,,,a,
ASN00092045,20150423,TMIN,140,,,a,
ASN00092045,20150424,TMIN,134,,,a,
ASN00092045,20150425,TMIN,130,,,a,
ASN00092045,20150426,TMIN,119,,,a,
ASN00092045,20150427,TMIN,83,,,a,
ASN00092045,20150428,TMIN,86,,,a,
ASN00092045,20150429,TMIN,87,,,a,
ASN00092045,20150430,TMIN,131,,,a,
ASN00092045,20150401,PRCP,0,,,a,
ASN00092045,20150402,PRCP,0,,,a,
ASN00092045,20150403,PRCP,4,,,a,
ASN00092045,20150404,PRCP,4,,,a,
ASN00092045,20150406,PRCP,0,,,a,
ASN00092045,20150407,PRCP,20,,,a,
ASN00092045,20150408,PRCP,4,,,a,
ASN00092045,20150409,PRCP,0,,,a,
ASN00092045,20150410,PRCP,2,,,a,
ASN00092045,20150411,PRCP,0,,,a,
ASN00092045,20150412,PRCP,0,,,a,
ASN00092045,20150413,PRCP,0,,,a,
ASN00092045,20150414,PRCP,0,,,a,
ASN00092045,20150415,PRCP,2,,,a,
ASN00092045,20150416,PRCP,2,,,a,
ASN00092045,20150417,PRCP,0,,,a,
ASN00092045,20150418,PRCP,2,,,a,
ASN00092045,20150419,PRCP,2,,,a,
ASN00092045,20150420,PRCP,0,,,a,
ASN00092045,20150421,PRCP,0,,,a,
ASN00092045,20150422,PRCP,8,,,a,
ASN00092045,20150423,PRCP,14,,,a,
ASN00092045,20150424,PRCP,26,,,a,
ASN00092045,20150425,PRCP,238,,,a,
ASN00092045,20150426,PRCP,0,,,a,
ASN00092045,20150427,PRCP,2,,,a,
ASN00092045,20150428,PRCP,0,,,a,
ASN00092045,20150429,PRCP,0,,,a,
ASN00092045,20150430,PRCP,6,,,a,
ASN00092045,20150401,TAVG,179,H,,S,
ASN00092045,20150402,TAVG,118,H,,S,
ASN00092045,20150403,TAVG,141,H,,S,
ASN00092045,20150404,TAVG,154,H,,S,
ASN00092045,20150405,TAVG,147,H,,S,
ASN00092045,20150406,TAVG,148,H,,S,
ASN00092045,20150407,TAVG,139,H,,S,
ASN00092045,20150408,TAVG,140,H,,S,
ASN00092045,20150409,TAVG,147,H,,S,
ASN00092045,20150410,TAVG,145,H,,S,
ASN00092045,20150411,TAVG,148,H,,S,
ASN00092045,20150412,TAVG,131,H,,S,
ASN00092045,20150413,TAVG,134,H,,S,
ASN00092045,20150414,TAVG,163,H,,S,
ASN00092045,20150415,TAVG,173,H,,S,
ASN00092045,20150416,TAVG,141,H,,S,
ASN00092045,20150417,TAVG,153,H,,S,
ASN00092045,20150418,TAVG,137,H,,S,
ASN00092045,20150419,TAVG,110,H,,S,
ASN00092045,20150420,TAVG,114,H,,S,
ASN00092045,20150421,TAVG,154,H,,S,
ASN00092045,20150422,TAVG,152,H,,S,
ASN00092045,20150423,TAVG,151,H,,S,
ASN00092045,20150424,TAVG,142,H,,S,
ASN00092045,20150425,TAVG,137,H,,S,
ASN00092045,20150426,TAVG,119,H,,S,
ASN00092045,20150427,TAVG,122,H,,S,
ASN00092045,20150428,TAVG,120,H,,S,
ASN00092045,20150429,TAVG,147,H,,S,
ASN00092045,20150430,TAVG,143,H,,S,
ASN00092045,20150501,TMAX,187,,,a,
ASN00092045,20150502,TMAX,181,,,a,
ASN00092045,20150503,TMAX,189,,,a,
ASN00092045,20150504,TMAX,182,,,a,
ASN00092045,20150505,TMAX,156,,,a,
ASN00092045,20150506,TMAX,152,,,a,
ASN00092045,20150507,TMAX,137,,,a,
ASN00092045,20150508,TMAX,163,,,a,
ASN00092045,20150509,TMAX,165,,,a,
ASN00092045,20150510,TMAX,154,,,a,
ASN00092045,20150511,TMAX,165,,,a,
ASN00092045,20150512,TMAX,143,,,a,
ASN00092045,20150513,TMAX,120,,,a,
ASN00092045,20150514,TMAX,178,,,a,
ASN00092045,20150515,TMAX,154,,,a,
ASN00092045,20150516,TMAX,163,,,a,
ASN00092045,20150517,TMAX,153,,,a,
ASN00092045,20150518,TMAX,162,,,a,
ASN00092045,20150519,TMAX,171,,,a,
ASN00092045,20150520,TMAX,134,,,a,
ASN00092045,20150521,TMAX,138,,,a,
ASN00092045,20150522,TMAX,130,,,a,
ASN00092045,20150523,TMAX,141,,,a,
ASN00092045,20150524,TMAX,147,,,a,
ASN00092045,20150525,TMAX,152,,,a,
ASN00092045,20150526,TMAX,181,,,a,
ASN00092045,20150527,TMAX,149,,,a,
ASN00092045,20150528,TMAX,158,,,a,
ASN00092045,20150529,TMAX,137,,,a,
ASN00092045,20150530,TMAX,140,,,a,
ASN00092045,20150531,TMAX,148,,,a,
ASN00092045,20150501,TMIN,107,,,a,
ASN00092045,20150502,TMIN,137,,,a,
ASN00092045,20150503,TMIN,131,,,a,
ASN00092045,20150504,TMIN,103,,,a,
ASN00092045,20150505,TMIN,127,,,a,
ASN00092045,20150506,TMIN,105,,,a,
ASN00092045,20150507,TMIN,76,,,a,
ASN00092045,20150508,TMIN,62,,,a,
ASN00092045,20150509,TMIN,109,,,a,
ASN00092045,20150510,TMIN,109,,,a,
ASN00092045,20150511,TMIN,71,,,a,
ASN00092045,20150512,TMIN,100,,,a,
ASN00092045,20150513,TMIN,31,,,a,
ASN00092045,20150514,TMIN,79,,,a,
ASN00092045,20150515,TMIN,97,,,a,
ASN00092045,20150516,TMIN,105,,,a,
ASN00092045,20150517,TMIN,89,,,a,
ASN00092045,20150518,TMIN,89,,,a,
ASN00092045,20150519,TMIN,98,,,a,
ASN00092045,20150520,TMIN,119,,,a,
ASN00092045,20150521,TMIN,103,,,a,
ASN00092045,20150522,TMIN,73,,,a,
ASN00092045,20150523,TMIN,61,,,a,
ASN00092045,20150524,TMIN,72,,,a,
ASN00092045,20150525,TMIN,77,,,a,
ASN00092045,20150526,TMIN,89,,,a,
ASN00092045,20150527,TMIN,78,,,a,
ASN00092045,20150528,TMIN,128,,,a,
ASN00092045,20150529,TMIN,79,,,a,
ASN00092045,20150530,TMIN,89,,,a,
ASN00092045,20150531,TMIN,103,,,a,
ASN00092045,20150501,PRCP,10,,,a,
ASN00092045,20150502,PRCP,0,,,a,
ASN00092045,20150503,PRCP,14,,,a,
ASN00092045,20150504,PRCP,2,,,a,
ASN00092045,20150505,PRCP,46,,,a,
ASN00092045,20150506,PRCP,114,,,a,
ASN00092045,20150507,PRCP,22,,,a,
ASN00092045,20150508,PRCP,0,,,a,
ASN00092045,20150509,PRCP,12,,,a,
ASN00092045,20150510,PRCP,82,,,a,
ASN00092045,20150511,PRCP,2,,,a,
ASN00092045,20150512,PRCP,28,,,a,
ASN00092045,20150513,PRCP,12,,,a,
ASN00092045,20150514,PRCP,0,,,a,
ASN00092045,20150515,PRCP,0,,,a,
ASN00092045,20150516,PRCP,0,,,a,
ASN00092045,20150517,PRCP,0,,,a,
ASN00092045,20150518,PRCP,0,,,a,
ASN00092045,20150519,PRCP,0,,,a,
ASN00092045,20150520,PRCP,0,,,a,
ASN00092045,20150521,PRCP,96,,,a,
ASN00092045,20150522,PRCP,0,,,a,
ASN00092045,20150523,PRCP,0,,,a,
ASN00092045,20150524,PRCP,0,,,a,
ASN00092045,20150525,PRCP,0,,,a,
ASN00092045,20150526,PRCP,0,,,a,
ASN00092045,20150527,PRCP,2,,,a,
ASN00092045,20150528,PRCP,24,,,a,
ASN00092045,20150529,PRCP,14,,,a,
ASN00092045,20150530,PRCP,14,,,a,
ASN00092045,20150531,PRCP,20,,,a,
ASN00092045,20150501,TAVG,164,H,,S,
ASN00092045,20150502,TAVG,154,H,,S,
ASN00092045,20150503,TAVG,139,H,,S,
ASN00092045,20150504,TAVG,151,H,,S,
ASN00092045,20150505,TAVG,124,H,,S,
ASN00092045,20150506,TAVG,101,H,,S,
ASN00092045,20150507,TAVG,104,H,,S,
ASN00092045,20150508,TAVG,133,H,,S,
ASN00092045,20150509,TAVG,131,H,,S,
ASN00092045,20150510,TAVG,107,H,,S,
ASN00092045,20150511,TAVG,126,H,,S,
ASN00092045,20150512,TAVG,87,H,,S,
ASN00092045,20150513,TAVG,97,H,,S,
ASN00092045,20150514,TAVG,128,H,,S,
ASN00092045,20150515,TAVG,128,H,,S,
ASN00092045,20150516,TAVG,116,H,,S,
ASN00092045,20150517,TAVG,119,H,,S,
ASN00092045,20150518,TAVG,125,H,,S,
ASN00092045,20150519,TAVG,138,H,,S,
ASN00092045,20150520,TAVG,118,H,,S,
ASN00092045,20150521,TAVG,106,H,,S,
ASN00092045,20150522,TAVG,89,H,,S,
ASN00092045,20150523,TAVG,98,H,,S,
ASN00092045,20150524,TAVG,105,H,,S,
ASN00092045,20150525,TAVG,109,H,,S,
ASN00092045,20150526,TAVG,121,H,,S,
ASN00092045,20150527,TAVG,141,H,,S,
ASN00092045,20150528,TAVG,121,H,,S,
ASN00092045,20150529,TAVG,112,H,,S,
ASN00092045,20150530,TAVG,119,H,,S,
ASN00092045,20150531,TAVG,76,H,,S,
ASN00092045,20150601,TMAX,122,,,a,
ASN00092045,20150602,TMAX,138,,,a,
ASN00092045,20150603,TMAX,142,,,a,
ASN00092045,20150604,TMAX,141,,,a,
ASN00092045,20150605,TMAX,153,,,a,
ASN00092045,20150606,TMAX,156,,,a,
ASN00092045,20150607,TMAX,156,,,a,
ASN00092045,20150608,TMAX,153,,,a,
ASN00092045,20150609,TMAX,125,,,a,
ASN00092045,20150610,TMAX,131,,,a,
ASN00092045,20150611,TMAX,147,,,a,
ASN00092045,20150612,TMAX,163,,,a,
ASN00092045,20150613,TMAX,147,,,a,
ASN00092045,20150614,TMAX,157,,,a,
ASN00092045,20150615,TMAX,135,,,a,
ASN00092045,20150616,TMAX,138,,,a,
ASN00092045,20150617,TMAX,132,,,a,
ASN00092045,20150618,TMAX,111,,,a,
ASN00092045,20150619,TMAX,116,,,a,
ASN00092045,20150620,TMAX,118,,,a,
ASN00092045,20150621,TMAX,135,,,a,
ASN00092045,20150622,TMAX,136,,,a,
ASN00092045,20150623,TMAX,161,,,a,
ASN00092045,20150624,TMAX,165,,,a,
ASN00092045,20150625,TMAX,149,,,a,
ASN00092045,20150626,TMAX,168,,,a,
ASN00092045,20150627,TMAX,145,,,a,
ASN00092045,20150628,TMAX,147,,,a,
ASN00092045,20150629,TMAX,150,,,a,
ASN00092045,20150630,TMAX,132,,,a,
ASN00092045,20150601,TMIN,15,,,a,
ASN00092045,20150602,TMIN,34,,,a,
ASN00092045,20150603,TMIN,48,,,a,
ASN00092045,20150604,TMIN,51,,,a,
ASN00092045,20150605,TMIN,60,,,a,
ASN00092045,20150606,TMIN,85,,,a,
ASN00092045,20150607,TMIN,130,,,a,
ASN00092045,20150608,TMIN,111,,,a,
ASN00092045,20150609,TMIN,73,,,a,
ASN00092045,20150610,TMIN,36,,,a,
ASN00092045,20150611,TMIN,56,,,a,
ASN00092045,20150612,TMIN,59,,,a,
ASN00092045,20150613,TMIN,76,,,a,
ASN00092045,20150614,TMIN,60,,,a,
ASN00092045,20150615,TMIN,103,,,a,
ASN00092045,20150616,TMIN,110,,,a,
ASN00092045,20150617,TMIN,104,,,a,
ASN00092045,20150618,TMIN,86,,,a,
ASN00092045,20150619,TMIN,52,,,a,
ASN00092045,20150620,TMIN,44,,,a,
ASN00092045,20150621,TMIN,41,,,a,
ASN00092045,20150622,TMIN,52,,,a,
ASN00092045,20150623,TMIN,96,,,a,
ASN00092045,20150624,TMIN,98,,,a,
ASN00092045,20150625,TMIN,76,,,a,
ASN00092045,20150626,TMIN,91,,,a,
ASN00092045,20150627,TMIN,110,,,a,
ASN00092045,20150628,TMIN,96,,,a,
ASN00092045,20150629,TMIN,103,,,a,
ASN00092045,20150630,TMIN,79,,,a,
ASN00092045,20150601,PRCP,2,,,a,
ASN00092045,20150602,PRCP,0,,,a,
ASN00092045,20150603,PRCP,0,,,a,
ASN00092045,20150604,PRCP,0,,,a,
ASN00092045,20150605,PRCP,0,,,a,
ASN00092045,20150606,PRCP,0,,,a,
ASN00092045,20150607,PRCP,4,,,a,
ASN00092045,20150608,PRCP,12,,,a,
ASN00092045,20150609,PRCP,46,,,a,
ASN00092045,20150610,PRCP,0,,,a,
ASN00092045,20150611,PRCP,0,,,a,
ASN00092045,20150612,PRCP,2,,,a,
ASN00092045,20150613,PRCP,0,,,a,
ASN00092045,20150614,PRCP,0,,,a,
ASN00092045,20150615,PRCP,88,,,a,
ASN00092045,20150616,PRCP,12,,,a,
ASN00092045,20150617,PRCP,204,,,a,
ASN00092045,20150618,PRCP,2,,,a,
ASN00092045,20150619,PRCP,0,,,a,
ASN00092045,20150620,PRCP,2,,,a,
ASN00092045,20150621,PRCP,0,,,a,
ASN00092045,20150622,PRCP,0,,,a,
ASN00092045,20150623,PRCP,4,,,a,
ASN00092045,20150624,PRCP,0,,,a,
ASN00092045,20150625,PRCP,2,,,a,
ASN00092045,20150626,PRCP,0,,,a,
ASN00092045,20150627,PRCP,18,,,a,
ASN00092045,20150628,PRCP,2,,,a,
ASN00092045,20150629,PRCP,0,,,a,
ASN00092045,20150630,PRCP,0,,,a,
ASN00092045,20150601,TAVG,76,H,,S,
ASN00092045,20150602,TAVG,84,H,,S,
ASN00092045,20150603,TAVG,84,H,,S,
ASN00092045,20150604,TAVG,92,H,,S,
ASN00092045,20150605,TAVG,116,H,,S,
ASN00092045,20150606,TAVG,138,H,,S,
ASN00092045,20150607,TAVG,138,H,,S,
ASN00092045,20150608,TAVG,120,H,,S,
ASN00092045,20150609,TAVG,72,H,,S,
ASN00092045,20150610,TAVG,88,H,,S,
ASN00092045,20150611,TAVG,95,H,,S,
ASN00092045,20150612,TAVG,107,H,,S,
ASN00092045,20150613,TAVG,92,H,,S,
ASN00092045,20150614,TAVG,118,H,,S,
ASN00092045,20150615,TAVG,126,H,,S,
ASN00092045,20150616,TAVG,122,H,,S,
ASN00092045,20150617,TAVG,109,H,,S,
ASN00092045,20150618,TAVG,77,H,,S,
ASN00092045,20150619,TAVG,72,H,,S,
ASN00092045,20150620,TAVG,70,H,,S,
ASN00092045,20150621,TAVG,88,H,,S,
ASN00092045,20150622,TAVG,109,H,,S,
ASN00092045,20150623,TAVG,125,H,,S,
ASN00092045,20150624,TAVG,118,H,,S,
ASN00092045,20150625,TAVG,117,H,,S,
ASN00092045,20150626,TAVG,129,H,,S,
ASN00092045,20150627,TAVG,117,H,,S,
ASN00092045,20150628,TAVG,119,H,,S,
ASN00092045,20150629,TAVG,108,H,,S,
ASN00092045,20150630,TAVG,84,H,,S,
ASN00092045,20150701,TMAX,139,,,a,
ASN00092045,20150702,TMAX,132,,,a,
ASN00092045,20150703,TMAX,117,,,a,
ASN00092045,20150704,TMAX,151,,,a,
ASN00092045,20150705,TMAX,117,,,a,
ASN00092045,20150706,TMAX,95,,,a,
ASN00092045,20150707,TMAX,109,,,a,
ASN00092045,20150708,TMAX,137,,,a,
ASN00092045,20150709,TMAX,142,,,a,
ASN00092045,20150710,TMAX,132,,,a,
ASN00092045,20150711,TMAX,143,,,a,
ASN00092045,20150712,TMAX,137,,,a,
ASN00092045,20150713,TMAX,157,,,a,
ASN00092045,20150714,TMAX,119,,,a,
ASN00092045,20150715,TMAX,116,,,a,
ASN00092045,20150716,TMAX,125,,,a,
ASN00092045,20150717,TMAX,127,,,a,
ASN00092045,20150718,TMAX,126,,,a,
ASN00092045,20150719,TMAX,119,,,a,
ASN00092045,20150720,TMAX,125,,,a,
ASN00092045,20150721,TMAX,141,,,a,
ASN00092045,20150722,TMAX,135,,,a,
ASN00092045,20150723,TMAX,146,,,a,
ASN00092045,20150724,TMAX,150,,,a,
ASN00092045,20150725,TMAX,130,,,a,
ASN00092045,20150726,TMAX,101,,,a,
ASN00092045,20150727,TMAX,133,,,a,
ASN00092045,20150728,TMAX,156,,,a,
ASN00092045,20150729,TMAX,141,,,a,
ASN00092045,20150730,TMAX,128,,,a,
ASN00092045,20150731,TMAX,123,,,a,
ASN00092045,20150701,TMIN,50,,,a,
ASN00092045,20150702,TMIN,51,,,a,
ASN00092045,20150703,TMIN,23,,,a,
ASN00092045,20150704,TMIN,61,,,a,
ASN00092045,20150705,TMIN,87,,,a,
ASN00092045,20150706,TMIN,85,,,a,
ASN00092045,20150707,TMIN,42,,,a,
ASN00092045,20150708,TMIN,63,,,a,
ASN00092045,20150709,TMIN,61,,,a,
ASN00092045,20150710,TMIN,80,,,a,
ASN00092045,20150711,TMIN,87,,,a,
ASN00092045,20150712,TMIN,89,,,a,
ASN00092045,20150713,TMIN,108,,,a,
ASN00092045,20150714,TMIN,65,,,a,
ASN00092045,20150715,TMIN,48,,,a,
ASN00092045,20150716,TMIN,64,,,a,
ASN00092045,20150717,TMIN,42,,,a,
ASN00092045,20150718,TMIN,24,,,a,
ASN00092045,20150719,TMIN,37,,,a,
ASN00092045,20150720,TMIN,47,,,a,
ASN00092045,20150721,TMIN,69,,,a,
ASN00092045,20150722,TMIN,110,,,a,
ASN00092045,20150723,TMIN,74,,,a,
ASN00092045,20150724,TMIN,76,,,a,
ASN00092045,20150725,TMIN,73,,,a,
ASN00092045,20150726,TMIN,53,,,a,
ASN00092045,20150727,TMIN,43,,,a,
ASN00092045,20150728,TMIN,65,,,a,
ASN00092045,20150729,TMIN,79,,,a,
ASN00092045,20150730,TMIN,94,,,a,
ASN00092045,20150731,TMIN,43,,,a,
ASN00092045,20150701,PRCP,0,,,a,
ASN00092045,20150702,PRCP,20,,,a,
ASN00092045,20150703,PRCP,0,,,a,
ASN00092045,20150704,PRCP,8,,,a,
ASN00092045,20150705,PRCP,2,,,a,
ASN00092045,20150706,PRCP,230,,,a,
ASN00092045,20150707,PRCP,0,,,a,
ASN00092045,20150708,PRCP,18,,,a,
ASN00092045,20150709,PRCP,0,,,a,
ASN00092045,20150710,PRCP,0,,,a,
ASN00092045,20150711,PRCP,20,,,a,
ASN00092045,20150712,PRCP,22,,,a,
ASN00092045,20150713,PRCP,100,,,a,
ASN00092045,20150714,PRCP,0,,,a,
ASN00092045,20150715,PRCP,0,,,a,
ASN00092045,20150716,PRCP,0,,,a,
ASN00092045,20150717,PRCP,0,,,a,
ASN00092045,20150718,PRCP,0,,,a,
ASN00092045,20150719,PRCP,0,,,a,
ASN00092045,20150720,PRCP,0,,,a,
ASN00092045,20150721,PRCP,0,,,a,
ASN00092045,20150722,PRCP,0,,,a,
ASN00092045,20150723,PRCP,42,,,a,
ASN00092045,20150724,PRCP,12,,,a,
ASN00092045,20150725,PRCP,38,,,a,
ASN00092045,20150726,PRCP,60,,,a,
ASN00092045,20150727,PRCP,18,,,a,
ASN00092045,20150728,PRCP,0,,,a,
ASN00092045,20150729,PRCP,0,,,a,
ASN00092045,20150731,PRCP,16,,,a,
ASN00092045,20150701,TAVG,102,H,,S,
ASN00092045,20150702,TAVG,67,H,,S,
ASN00092045,20150703,TAVG,98,H,,S,
ASN00092045,20150704,TAVG,113,H,,S,
ASN00092045,20150705,TAVG,95,H,,S,
ASN00092045,20150706,TAVG,72,H,,S,
ASN00092045,20150707,TAVG,86,H,,S,
ASN00092045,20150708,TAVG,91,H,,S,
ASN00092045,20150709,TAVG,110,H,,S,
ASN00092045,20150710,TAVG,112,H,,S,
ASN00092045,20150711,TAVG,118,H,,S,
ASN00092045,20150712,TAVG,125,H,,S,
ASN00092045,20150713,TAVG,104,H,,S,
ASN00092045,20150714,TAVG,81,H,,S,
ASN00092045,20150715,TAVG,89,H,,S,
ASN00092045,20150716,TAVG,73,H,,S,
ASN00092045,20150717,TAVG,68,H,,S,
ASN00092045,20150718,TAVG,72,H,,S,
ASN00092045,20150719,TAVG,77,H,,S,
ASN00092045,20150720,TAVG,99,H,,S,
ASN00092045,20150721,TAVG,132,H,,S,
ASN00092045,20150722,TAVG,104,H,,S,
ASN00092045,20150723,TAVG,111,H,,S,
ASN00092045,20150724,TAVG,110,H,,S,
ASN00092045,20150725,TAVG,99,H,,S,
ASN00092045,20150726,TAVG,67,H,,S,
ASN00092045,20150727,TAVG,91,H,,S,
ASN00092045,20150728,TAVG,103,H,,S,
ASN00092045,20150729,TAVG,108,H,,S,
ASN00092045,20150730,TAVG,88,H,,S,
ASN00092045,20150731,TAVG,99,H,,S,
ASN00092045,20150801,TMAX,116,,,a,
ASN00092045,20150802,TMAX,120,,,a,
ASN00092045,20150803,TMAX,94,,,a,
ASN00092045,20150804,TMAX,111,,,a,
ASN00092045,20150805,TMAX,105,,,a,
ASN00092045,20150806,TMAX,129,,,a,
ASN00092045,20150807,TMAX,127,,,a,
ASN00092045,20150808,TMAX,135,,,a,
ASN00092045,20150809,TMAX,126,,,a,
ASN00092045,20150810,TMAX,143,,,a,
ASN00092045,20150811,TMAX,133,,,a,
ASN00092045,20150812,TMAX,148,,,a,
ASN00092045,20150813,TMAX,143,,,a,
ASN00092045,20150814,TMAX,164,,,a,
ASN00092045,20150815,TMAX,139,,,a,
ASN00092045,20150816,TMAX,139,,,a,
ASN00092045,20150817,TMAX,121,,,a,
ASN00092045,20150818,TMAX,126,,,a,
ASN00092045,20150819,TMAX,130,,,a,
ASN00092045,20150820,TMAX,138,,,a,
ASN00092045,20150821,TMAX,150,,,a,
ASN00092045,20150822,TMAX,150,,,a,
ASN00092045,20150823,TMAX,123,,,a,
ASN00092045,20150824,TMAX,118,,,a,
ASN00092045,20150825,TMAX,137,,,a,
ASN00092045,20150826,TMAX,140,,,a,
ASN00092045,20150827,TMAX,139,,,a,
ASN00092045,20150828,TMAX,113,,,a,
ASN00092045,20150829,TMAX,112,,,a,
ASN00092045,20150830,TMAX,122,,,a,
ASN00092045,20150831,TMAX,149,,,a,
ASN00092045,20150801,TMIN,70,,,a,
ASN00092045,20150802,TMIN,70,,,a,
ASN00092045,20150803,TMIN,34,,,a,
ASN00092045,20150804,TMIN,19,,,a,
ASN00092045,20150805,TMIN,30,,,a,
ASN00092045,20150806,TMIN,23,,,a,
ASN00092045,20150807,TMIN,46,,,a,
ASN00092045,20150808,TMIN,70,,,a,
ASN00092045,20150809,TMIN,50,,,a,
ASN00092045,20150810,TMIN,78,,,a,
ASN00092045,20150811,TMIN,81,,,a,
ASN00092045,20150812,TMIN,80,,,a,
ASN00092045,20150813,TMIN,61,,,a,
ASN00092045,20150814,TMIN,59,,,a,
ASN00092045,20150815,TMIN,88,,,a,
ASN00092045,20150816,TMIN,79,,,a,
ASN00092045,20150817,TMIN,38,,,a,
ASN00092045,20150818,TMIN,6,,,a,
ASN00092045,20150819,TMIN,40,,,a,
ASN00092045,20150820,TMIN,48,,,a,
ASN00092045,20150821,TMIN,68,,,a,
ASN00092045,20150822,TMIN,106,,,a,
ASN00092045,20150823,TMIN,90,,,a,
ASN00092045,20150824,TMIN,66,,,a,
ASN00092045,20150825,TMIN,47,,,a,
ASN00092045,20150826,TMIN,76,,,a,
ASN00092045,20150827,TMIN,98,,,a,
ASN00092045,20150828,TMIN,85,,,a,
ASN00092045,20150829,TMIN,29,,,a,
ASN00092045,20150830,TMIN,57,,,a,
ASN00092045,20150831,TMIN,82,,,a,
ASN00092045,20150801,PRCP,80,,,a,
ASN00092045,20150802,PRCP,0,,,a,
ASN00092045,20150803,PRCP,28,,,a,
ASN00092045,20150804,PRCP,0,,,a,
ASN00092045,20150805,PRCP,82,,,a,
ASN00092045,20150806,PRCP,0,,,a,
ASN00092045,20150807,PRCP,0,,,a,
ASN00092045,20150808,PRCP,0,,,a,
ASN00092045,20150809,PRCP,0,,,a,
ASN00092045,20150810,PRCP,2,,,a,
ASN00092045,20150811,PRCP,28,,,a,
ASN00092045,20150812,PRCP,6,,,a,
ASN00092045,20150813,PRCP,0,,,a,
ASN00092045,20150814,PRCP,0,,,a,
ASN00092045,20150815,PRCP,0,,,a,
ASN00092045,20150816,PRCP,0,,,a,
ASN00092045,20150817,PRCP,42,,,a,
ASN00092045,20150818,PRCP,0,,,a,
ASN00092045,20150819,PRCP,0,,,a,
ASN00092045,20150820,PRCP,0,,,a,
ASN00092045,20150821,PRCP,0,,,a,
ASN00092045,20150822,PRCP,12,,,a,
ASN00092045,20150823,PRCP,0,,,a,
ASN00092045,20150824,PRCP,42,,,a,
ASN00092045,20150825,PRCP,2,,,a,
ASN00092045,20150826,PRCP,0,,,a,
ASN00092045,20150827,PRCP,46,,,a,
ASN00092045,20150828,PRCP,2,,,a,
ASN00092045,20150829,PRCP,4,,,a,
ASN00092045,20150830,PRCP,24,,,a,
ASN00092045,20150831,PRCP,0,,,a,
ASN00092045,20150801,TAVG,89,H,,S,
ASN00092045,20150802,TAVG,70,H,,S,
ASN00092045,20150803,TAVG,52,H,,S,
ASN00092045,20150804,TAVG,78,H,,S,
ASN00092045,20150805,TAVG,56,H,,S,
ASN00092045,20150806,TAVG,86,H,,S,
ASN00092045,20150807,TAVG,98,H,,S,
ASN00092045,20150808,TAVG,88,H,,S,
ASN00092045,20150809,TAVG,93,H,,S,
ASN00092045,20150810,TAVG,104,H,,S,
ASN00092045,20150811,TAVG,103,H,,S,
ASN00092045,20150812,TAVG,98,H,,S,
ASN00092045,20150813,TAVG,92,H,,S,
ASN00092045,20150814,TAVG,115,H,,S,
ASN00092045,20150815,TAVG,106,H,,S,
ASN00092045,20150816,TAVG,99,H,,S,
ASN00092045,20150817,TAVG,56,H,,S,
ASN00092045,20150818,TAVG,73,H,,S,
ASN00092045,20150819,TAVG,86,H,,S,
ASN00092045,20150820,TAVG,101,H,,S,
ASN00092045,20150821,TAVG,123,H,,S,
ASN00092045,20150822,TAVG,114,H,,S,
ASN00092045,20150823,TAVG,88,H,,S,
ASN00092045,20150824,TAVG,80,H,,S,
ASN00092045,20150825,TAVG,103,H,,S,
ASN00092045,20150826,TAVG,111,H,,S,
ASN00092045,20150827,TAVG,109,H,,S,
ASN00092045,20150828,TAVG,63,H,,S,
ASN00092045,20150829,TAVG,94,H,,S,
ASN00092045,20150830,TAVG,101,H,,S,
ASN00092045,20150831,TAVG,107,H,,S,
ASN00092045,20150901,TMAX,148,,,a,
ASN00092045,20150902,TMAX,146,,,a,
ASN00092045,20150903,TMAX,132,,,a,
ASN00092045,20150904,TMAX,150,,,a,
ASN00092045,20150905,TMAX,151,,,a,
ASN00092045,20150906,TMAX,133,,,a,
ASN00092045,20150907,TMAX,129,,,a,
ASN00092045,20150908,TMAX,165,,,a,
ASN00092045,20150909,TMAX,154,,,a,
ASN00092045,20150910,TMAX,197,,,a,
ASN00092045,20150911,TMAX,150,,,a,
ASN00092045,20150912,TMAX,186,,,a,
ASN00092045,20150913,TMAX,210,,,a,
ASN00092045,20150914,TMAX,179,,,a,
ASN00092045,20150915,TMAX,138,,,a,
ASN00092045,20150916,TMAX,139,,,a,
ASN00092045,20150917,TMAX,170,,,a,
ASN00092045,20150918,TMAX,167,,,a,
ASN00092045,20150919,TMAX,161,,,a,
ASN00092045,20150920,TMAX,175,,,a,
ASN00092045,20150921,TMAX,180,,,a,
ASN00092045,20150922,TMAX,141,,,a,
ASN00092045,20150923,TMAX,135,,,a,
ASN00092045,20150924,TMAX,148,,,a,
ASN00092045,20150925,TMAX,151,,,a,
ASN00092045,20150926,TMAX,164,,,a,
ASN00092045,20150927,TMAX,163,,,a,
ASN00092045,20150928,TMAX,156,,,a,
ASN00092045,20150929,TMAX,158,,,a,
ASN00092045,20150930,TMAX,166,,,a,
ASN00092045,20150901,TMIN,79,,,a,
ASN00092045,20150902,TMIN,44,,,a,
ASN00092045,20150903,TMIN,80,,,a,
ASN00092045,20150904,TMIN,59,,,a,
ASN00092045,20150905,TMIN,66,,,a,
ASN00092045,20150906,TMIN,85,,,a,
ASN00092045,20150907,TMIN,100,,,a,
ASN00092045,20150908,TMIN,74,,,a,
ASN00092045,20150909,TMIN,74,,,a,
ASN00092045,20150910,TMIN,82,,,a,
ASN00092045,20150911,TMIN,85,,,a,
ASN00092045,20150912,TMIN,98,,,a,
ASN00092045,20150913,TMIN,85,,,a,
ASN00092045,20150914,TMIN,115,,,a,
ASN00092045,20150915,TMIN,122,,,a,
ASN00092045,20150916,TMIN,83,,,a,
ASN00092045,20150917,TMIN,55,,,a,
ASN00092045,20150918,TMIN,100,,,a,
ASN00092045,20150919,TMIN,97,,,a,
ASN00092045,20150920,TMIN,94,,,a,
ASN00092045,20150921,TMIN,97,,,a,
ASN00092045,20150922,TMIN,71,,,a,
ASN00092045,20150923,TMIN,49,,,a,
ASN00092045,20150924,TMIN,81,,,a,
ASN00092045,20150925,TMIN,90,,,a,
ASN00092045,20150926,TMIN,103,,,a,
ASN00092045,20150927,TMIN,109,,,a,
ASN00092045,20150928,TMIN,102,,,a,
ASN00092045,20150929,TMIN,89,,,a,
ASN00092045,20150930,TMIN,80,,,a,
ASN00092045,20150901,PRCP,0,,,a,
ASN00092045,20150902,PRCP,0,,,a,
ASN00092045,20150903,PRCP,0,,,a,
ASN00092045,20150904,PRCP,0,,,a,
ASN00092045,20150905,PRCP,0,,,a,
ASN00092045,20150906,PRCP,14,,,a,
ASN00092045,20150907,PRCP,30,,,a,
ASN00092045,20150908,PRCP,38,,,a,
ASN00092045,20150909,PRCP,22,,,a,
ASN00092045,20150910,PRCP,0,,,a,
ASN00092045,20150911,PRCP,0,,,a,
ASN00092045,20150912,PRCP,0,,,a,
ASN00092045,20150913,PRCP,0,,,a,
ASN00092045,20150914,PRCP,0,,,a,
ASN00092045,20150915,PRCP,8,,,a,
ASN00092045,20150916,PRCP,48,,,a,
ASN00092045,20150917,PRCP,0,,,a,
ASN00092045,20150918,PRCP,0,,,a,
ASN00092045,20150919,PRCP,0,,,a,
ASN00092045,20150920,PRCP,0,,,a,
ASN00092045,20150921,PRCP,2,,,a,
ASN00092045,20150922,PRCP,2,,,a,
ASN00092045,20150923,PRCP,0,,,a,
ASN00092045,20150924,PRCP,104,,,a,
ASN00092045,20150925,PRCP,10,,,a,
ASN00092045,20150926,PRCP,10,,,a,
ASN00092045,20150927,PRCP,0,,,a,
ASN00092045,20150928,PRCP,0,,,a,
ASN00092045,20150929,PRCP,62,,,a,
ASN00092045,20150930,PRCP,2,,,a,
ASN00092045,20150901,TAVG,94,H,,S,
ASN00092045,20150902,TAVG,108,H,,S,
ASN00092045,20150903,TAVG,102,H,,S,
ASN00092045,20150904,TAVG,108,H,,S,
ASN00092045,20150905,TAVG,108,H,,S,
ASN00092045,20150906,TAVG,120,H,,S,
ASN00092045,20150907,TAVG,92,H,,S,
ASN00092045,20150908,TAVG,109,H,,S,
ASN00092045,20150909,TAVG,115,H,,S,
ASN00092045,20150910,TAVG,124,H,,S,
ASN00092045,20150911,TAVG,117,H,,S,
ASN00092045,20150912,TAVG,129,H,,S,
ASN00092045,20150913,TAVG,152,H,,S,
ASN00092045,20150914,TAVG,143,H,,S,
ASN00092045,20150915,TAVG,112,H,,S,
ASN00092045,20150916,TAVG,89,H,,S,
ASN00092045,20150917,TAVG,123,H,,S,
ASN00092045,20150918,TAVG,126,H,,S,
ASN00092045,20150919,TAVG,129,H,,S,
ASN00092045,20150920,TAVG,129,H,,S,
ASN00092045,20150921,TAVG,113,H,,S,
ASN00092045,20150922,TAVG,92,H,,S,
ASN00092045,20150923,TAVG,103,H,,S,
ASN00092045,20150924,TAVG,116,H,,S,
ASN00092045,20150925,TAVG,122,H,,S,
ASN00092045,20150926,TAVG,130,H,,S,
ASN00092045,20150927,TAVG,125,H,,S,
ASN00092045,20150928,TAVG,130,H,,S,
ASN00092045,20150929,TAVG,116,H,,S,
ASN00092045,20150930,TAVG,116,H,,S,
ASN00092045,20151001,TMAX,146,,,a,
ASN00092045,20151002,TMAX,159,,,a,
ASN00092045,20151003,TMAX,232,,,a,
ASN00092045,20151004,TMAX,219,,,a,
ASN00092045,20151005,TMAX,232,,,a,
ASN00092045,20151006,TMAX,288,,,a,
ASN00092045,20151007,TMAX,177,,,a,
ASN00092045,20151008,TMAX,171,,,a,
ASN00092045,20151009,TMAX,184,,,a,
ASN00092045,20151010,TMAX,184,,,a,
ASN00092045,20151011,TMAX,232,,,a,
ASN00092045,20151012,TMAX,179,,,a,
ASN00092045,20151013,TMAX,171,,,a,
ASN00092045,20151014,TMAX,188,,,a,
ASN00092045,20151015,TMAX,272,,,a,
ASN00092045,20151016,TMAX,231,,,a,
ASN00092045,20151017,TMAX,178,,,a,
ASN00092045,20151018,TMAX,180,,,a,
ASN00092045,20151019,TMAX,183,,,a,
ASN00092045,20151020,TMAX,224,,,a,
ASN00092045,20151021,TMAX,142,,,a,
ASN00092045,20151022,TMAX,153,,,a,
ASN00092045,20151023,TMAX,178,,,a,
ASN00092045,20151024,TMAX,178,,,a,
ASN00092045,20151025,TMAX,189,,,a,
ASN00092045,20151026,TMAX,137,,,a,
ASN00092045,20151027,TMAX,167,,,a,
ASN00092045,20151028,TMAX,169,,,a,
ASN00092045,20151029,TMAX,164,,,a,
ASN00092045,20151030,TMAX,207,,,a,
ASN00092045,20151031,TMAX,186,,,a,
ASN00092045,20151001,TMIN,82,,,a,
ASN00092045,20151002,TMIN,107,,,a,
ASN00092045,20151003,TMIN,114,,,a,
ASN00092045,20151004,TMIN,130,,,a,
ASN00092045,20151005,TMIN,106,,,a,
ASN00092045,20151006,TMIN,129,,,a,
ASN00092045,20151007,TMIN,71,,,a,
ASN00092045,20151008,TMIN,78,,,a,
ASN00092045,20151009,TMIN,118,,,a,
ASN00092045,20151010,TMIN,122,,,a,
ASN00092045,20151011,TMIN,125,,,a,
ASN00092045,20151012,TMIN,94,,,a,
ASN00092045,20151013,TMIN,86,,,a,
ASN00092045,20151014,TMIN,86,,,a,
ASN00092045,20151015,TMIN,112,,,a,
ASN00092045,20151016,TMIN,149,,,a,
ASN00092045,20151017,TMIN,80,,,a,
ASN00092045,20151018,TMIN,77,,,a,
ASN00092045,20151019,TMIN,73,,,a,
ASN00092045,20151020,TMIN,89,,,a,
ASN00092045,20151021,TMIN,142,,,a,
ASN00092045,20151022,TMIN,106,,,a,
ASN00092045,20151023,TMIN,87,,,a,
ASN00092045,20151024,TMIN,83,,,a,
ASN00092045,20151025,TMIN,90,,,a,
ASN00092045,20151026,TMIN,125,,,a,
ASN00092045,20151027,TMIN,106,,,a,
ASN00092045,20151028,TMIN,75,,,a,
ASN00092045,20151029,TMIN,120,,,a,
ASN00092045,20151030,TMIN,113,,,a,
ASN00092045,20151031,TMIN,142,,,a,
ASN00092045,20151001,PRCP,0,,,a,
ASN00092045,20151002,PRCP,0,,,a,
ASN00092045,20151003,PRCP,0,,,a,
ASN00092045,20151004,PRCP,0,,,a,
ASN00092045,20151005,PRCP,0,,,a,
ASN00092045,20151006,PRCP,0,,,a,
ASN00092045,20151007,PRCP,0,,,a,
ASN00092045,20151008,PRCP,0,,,a,
ASN00092045,20151009,PRCP,0,,,a,
ASN00092045,20151010,PRCP,0,,,a,
ASN00092045,20151011,PRCP,2,,,a,
ASN00092045,20151012,PRCP,0,,,a,
ASN00092045,20151013,PRCP,0,,,a,
ASN00092045,20151014,PRCP,0,,,a,
ASN00092045,20151015,PRCP,2,,,a,
ASN00092045,20151016,PRCP,0,,,a,
ASN00092045,20151017,PRCP,0,,,a,
ASN00092045,20151018,PRCP,0,,,a,
ASN00092045,20151019,PRCP,0,,,a,
ASN00092045,20151020,PRCP,0,,,a,
ASN00092045,20151021,PRCP,0,,,a,
ASN00092045,20151022,PRCP,22,,,a,
ASN00092045,20151023,PRCP,0,,,a,
ASN00092045,20151024,PRCP,0,,,a,
ASN00092045,20151025,PRCP,0,,,a,
ASN00092045,20151026,PRCP,6,,,a,
ASN00092045,20151027,PRCP,0,,,a,
ASN00092045,20151028,PRCP,0,,,a,
ASN00092045,20151029,PRCP,14,,,a,
ASN00092045,20151030,PRCP,0,,,a,
ASN00092045,20151031,PRCP,0,,,a,
ASN00092045,20151001,TAVG,123,H,,S,
ASN00092045,20151002,TAVG,128,H,,S,
ASN00092045,20151003,TAVG,173,H,,S,
ASN00092045,20151004,TAVG,148,H,,S,
ASN00092045,20151005,TAVG,165,H,,S,
ASN00092045,20151006,TAVG,154,H,,S,
ASN00092045,20151007,TAVG,118,H,,S,
ASN00092045,20151008,TAVG,142,H,,S,
ASN00092045,20151009,TAVG,141,H,,S,
ASN00092045,20151010,TAVG,151,H,,S,
ASN00092045,20151011,TAVG,136,H,,S,
ASN00092045,20151012,TAVG,118,H,,S,
ASN00092045,20151013,TAVG,128,H,,S,
ASN00092045,20151014,TAVG,149,H,,S,
ASN00092045,20151015,TAVG,197,H,,S,
ASN00092045,20151016,TAVG,151,H,,S,
ASN00092045,20151017,TAVG,128,H,,S,
ASN00092045,20151018,TAVG,116,H,,S,
ASN00092045,20151019,TAVG,129,H,,S,
ASN00092045,20151020,TAVG,166,H,,S,
ASN00092045,20151021,TAVG,118,H,,S,
ASN00092045,20151022,TAVG,119,H,,S,
ASN00092045,20151023,TAVG,123,H,,S,
ASN00092045,20151024,TAVG,131,H,,S,
ASN00092045,20151025,TAVG,144,H,,S,
ASN00092045,20151026,TAVG,119,H,,S,
ASN00092045,20151027,TAVG,121,H,,S,
ASN00092045,20151028,TAVG,139,H,,S,
ASN00092045,20151029,TAVG,139,H,,S,
ASN00092045,20151030,TAVG,162,H,,S,
ASN00092045,20151031,TAVG,158,H,,S,
ASN00092045,20151101,TMAX,224,,,a,
ASN00092045,20151102,TMAX,136,,,a,
ASN00092045,20151103,TMAX,167,,,a,
ASN00092045,20151104,TMAX,178,,,a,
ASN00092045,20151105,TMAX,191,,,a,
ASN00092045,20151106,TMAX,222,,,a,
ASN00092045,20151107,TMAX,185,,,a,
ASN00092045,20151108,TMAX,196,,,a,
ASN00092045,20151109,TMAX,251,,,a,
ASN00092045,20151110,TMAX,152,,,a,
ASN00092045,20151111,TMAX,172,,,a,
ASN00092045,20151112,TMAX,163,,,a,
ASN00092045,20151113,TMAX,203,,,a,
ASN00092045,20151114,TMAX,188,,,a,
ASN00092045,20151115,TMAX,186,,,a,
ASN00092045,20151116,TMAX,221,,,a,
ASN00092045,20151117,TMAX,228,,,a,
ASN00092045,20151118,TMAX,230,,,a,
ASN00092045,20151119,TMAX,258,,,a,
ASN00092045,20151120,TMAX,199,,,a,
ASN00092045,20151121,TMAX,235,,,a,
ASN00092045,20151122,TMAX,198,,,a,
ASN00092045,20151123,TMAX,213,,,a,
ASN00092045,20151124,TMAX,196,,,a,
ASN00092045,20151125,TMAX,218,,,a,
ASN00092045,20151126,TMAX,176,,,a,
ASN00092045,20151127,TMAX,182,,,a,
ASN00092045,20151128,TMAX,204,,,a,
ASN00092045,20151129,TMAX,221,,,a,
ASN00092045,20151130,TMAX,189,,,a,
ASN00092045,20151101,TMIN,141,,,a,
ASN00092045,20151102,TMIN,128,,,a,
ASN00092045,20151103,TMIN,93,,,a,
ASN00092045,20151104,TMIN,114,,,a,
ASN00092045,20151105,TMIN,141,,,a,
ASN00092045,20151106,TMIN,144,,,a,
ASN00092045,20151107,TMIN,109,,,a,
ASN00092045,20151108,TMIN,102,,,a,
ASN00092045,20151109,TMIN,121,,,a,
ASN00092045,20151110,TMIN,126,,,a,
ASN00092045,20151111,TMIN,108,,,a,
ASN00092045,20151112,TMIN,121,,,a,
ASN00092045,20151113,TMIN,125,,,a,
ASN00092045,20151114,TMIN,116,,,a,
ASN00092045,20151115,TMIN,119,,,a,
ASN00092045,20151116,TMIN,118,,,a,
ASN00092045,20151117,TMIN,111,,,a,
ASN00092045,20151118,TMIN,120,,,a,
ASN00092045,20151119,TMIN,134,,,a,
ASN00092045,20151120,TMIN,110,,,a,
ASN00092045,20151121,TMIN,101,,,a,
ASN00092045,20151122,TMIN,94,,,a,
ASN00092045,20151123,TMIN,124,,,a,
ASN00092045,20151124,TMIN,129,,,a,
ASN00092045,20151125,TMIN,134,,,a,
ASN00092045,20151126,TMIN,112,,,a,
ASN00092045,20151127,TMIN,76,,,a,
ASN00092045,20151128,TMIN,104,,,a,
ASN00092045,20151129,TMIN,130,,,a,
ASN00092045,20151130,TMIN,102,,,a,
ASN00092045,20151101,PRCP,0,,,a,
ASN00092045,20151102,PRCP,2,,,a,
ASN00092045,20151103,PRCP,18,,,a,
ASN00092045,20151104,PRCP,2,,,a,
ASN00092045,20151105,PRCP,0,,,a,
ASN00092045,20151106,PRCP,92,,,a,
ASN00092045,20151107,PRCP,148,,,a,
ASN00092045,20151108,PRCP,2,,,a,
ASN00092045,20151109,PRCP,0,,,a,
ASN00092045,20151110,PRCP,0,,,a,
ASN00092045,20151111,PRCP,2,,,a,
ASN00092045,20151112,PRCP,124,,,a,
ASN00092045,20151113,PRCP,120,,,a,
ASN00092045,20151114,PRCP,0,,,a,
ASN00092045,20151115,PRCP,18,,,a,
ASN00092045,20151116,PRCP,0,,,a,
ASN00092045,20151117,PRCP,0,,,a,
ASN00092045,20151118,PRCP,0,,,a,
ASN00092045,20151119,PRCP,0,,,a,
ASN00092045,20151120,PRCP,26,,,a,
ASN00092045,20151121,PRCP,0,,,a,
ASN00092045,20151122,PRCP,0,,,a,
ASN00092045,20151123,PRCP,0,,,a,
ASN00092045,20151124,PRCP,0,,,a,
ASN00092045,20151125,PRCP,0,,,a,
ASN00092045,20151126,PRCP,22,,,a,
ASN00092045,20151127,PRCP,0,,,a,
ASN00092045,20151128,PRCP,0,,,a,
ASN00092045,20151129,PRCP,0,,,a,
ASN00092045,20151130,PRCP,0,,,a,
ASN00092045,20151101,TAVG,158,H,,S,
ASN00092045,20151102,TAVG,109,H,,S,
ASN00092045,20151103,TAVG,128,H,,S,
ASN00092045,20151104,TAVG,157,H,,S,
ASN00092045,20151105,TAVG,155,H,,S,
ASN00092045,20151106,TAVG,146,H,,S,
ASN00092045,20151107,TAVG,136,H,,S,
ASN00092045,20151108,TAVG,151,H,,S,
ASN00092045,20151109,TAVG,177,H,,S,
ASN00092045,20151110,TAVG,133,H,,S,
ASN00092045,20151111,TAVG,143,H,,S,
ASN00092045,20151112,TAVG,147,H,,S,
ASN00092045,20151113,TAVG,151,H,,S,
ASN00092045,20151114,TAVG,139,H,,S,
ASN00092045,20151115,TAVG,147,H,,S,
ASN00092045,20151116,TAVG,159,H,,S,
ASN00092045,20151117,TAVG,164,H,,S,
ASN00092045,20151118,TAVG,171,H,,S,
ASN00092045,20151119,TAVG,174,H,,S,
ASN00092045,20151120,TAVG,147,H,,S,
ASN00092045,20151121,TAVG,157,H,,S,
ASN00092045,20151122,TAVG,155,H,,S,
ASN00092045,20151123,TAVG,161,H,,S,
ASN00092045,20151124,TAVG,158,H,,S,
ASN00092045,20151125,TAVG,161,H,,S,
ASN00092045,20151126,TAVG,112,H,,S,
ASN00092045,20151127,TAVG,140,H,,S,
ASN00092045,20151128,TAVG,154,H,,S,
ASN00092045,20151129,TAVG,157,H,,S,
ASN00092045,20151130,TAVG,165,H,,S,
ASN00092045,20151201,TMAX,204,,,a,
ASN00092045,20151202,TMAX,205,,,a,
ASN00092045,20151203,TMAX,228,,,a,
ASN00092045,20151204,TMAX,216,,,a,
ASN00092045,20151205,TMAX,187,,,a,
ASN00092045,20151206,TMAX,184,,,a,
ASN00092045,20151207,TMAX,206,,,a,
ASN00092045,20151208,TMAX,200,,,a,
ASN00092045,20151209,TMAX,224,,,a,
ASN00092045,20151210,TMAX,215,,,a,
ASN00092045,20151211,TMAX,208,,,a,
ASN00092045,20151212,TMAX,204,,,a,
ASN00092045,20151213,TMAX,198,,,a,
ASN00092045,20151214,TMAX,216,,,a,
ASN00092045,20151215,TMAX,238,,,a,
ASN00092045,20151216,TMAX,236,,,a,
ASN00092045,20151217,TMAX,247,,,a,
ASN00092045,20151218,TMAX,244,,,a,
ASN00092045,20151219,TMAX,261,,,a,
ASN00092045,20151220,TMAX,333,,,a,
ASN00092045,20151221,TMAX,226,,,a,
ASN00092045,20151222,TMAX,217,,,a,
ASN00092045,20151223,TMAX,231,,,a,
ASN00092045,20151224,TMAX,215,,,a,
ASN00092045,20151225,TMAX,216,,,a,
ASN00092045,20151226,TMAX,222,,,a,
ASN00092045,20151227,TMAX,205,,,a,
ASN00092045,20151228,TMAX,209,,,a,
ASN00092045,20151229,TMAX,230,,,a,
ASN00092045,20151230,TMAX,222,,,a,
ASN00092045,20151231,TMAX,223,,,a,
ASN00092045,20151201,TMIN,145,,,a,
ASN00092045,20151202,TMIN,92,,,a,
ASN00092045,20151203,TMIN,106,,,a,
ASN00092045,20151204,TMIN,117,,,a,
ASN00092045,20151205,TMIN,137,,,a,
ASN00092045,20151206,TMIN,126,,,a,
ASN00092045,20151207,TMIN,136,,,a,
ASN00092045,20151208,TMIN,151,,,a,
ASN00092045,20151209,TMIN,157,,,a,
ASN00092045,20151210,TMIN,109,,,a,
ASN00092045,20151211,TMIN,131,,,a,
ASN00092045,20151212,TMIN,69,,,a,
ASN00092045,20151213,TMIN,94,,,a,
ASN00092045,20151214,TMIN,112,,,a,
ASN00092045,20151215,TMIN,140,,,a,
ASN00092045,20151216,TMIN,149,,,a,
ASN00092045,20151217,TMIN,168,,,a,
ASN00092045,20151218,TMIN,176,,,a,
ASN00092045,20151219,TMIN,169,,,a,
ASN00092045,20151220,TMIN,188,,,a,
ASN00092045,20151221,TMIN,143,,,a,
ASN00092045,20151222,TMIN,141,,,a,
ASN00092045,20151223,TMIN,145,,,a,
ASN00092045,20151224,TMIN,138,,,a,
ASN00092045,20151225,TMIN,177,,,a,
ASN00092045,20151226,TMIN,181,,,a,
ASN00092045,20151227,TMIN,110,,,a,
ASN00092045,20151228,TMIN,118,,,a,
ASN00092045,20151229,TMIN,128,,,a,
ASN00092045,20151230,TMIN,139,,,a,
ASN00092045,20151231,TMIN,160,,,a,
ASN00092045,20151201,PRCP,6,,,a,
ASN00092045,20151202,PRCP,2,,,a,
ASN00092045,20151203,PRCP,0,,,a,
ASN00092045,20151204,PRCP,0,,,a,
ASN00092045,20151205,PRCP,0,,,a,
ASN00092045,20151206,PRCP,4,,,a,
ASN00092045,20151207,PRCP,2,,,a,
ASN00092045,20151208,PRCP,8,,,a,
ASN00092045,20151209,PRCP,10,,,a,
ASN00092045,20151210,PRCP,2,,,a,
ASN00092045,20151211,PRCP,0,,,a,
ASN00092045,20151212,PRCP,0,,,a,
ASN00092045,20151213,PRCP,0,,,a,
ASN00092045,20151214,PRCP,0,,,a,
ASN00092045,20151215,PRCP,0,,,a,
ASN00092045,20151216,PRCP,0,,,a,
ASN00092045,20151217,PRCP,0,,,a,
ASN00092045,20151218,PRCP,0,,,a,
ASN00092045,20151219,PRCP,0,,,a,
ASN00092045,20151220,PRCP,0,,,a,
ASN00092045,20151221,PRCP,14,,,a,
ASN00092045,20151222,PRCP,2,,,a,
ASN00092045,20151223,PRCP,0,,,a,
ASN00092045,20151224,PRCP,0,,,a,
ASN00092045,20151225,PRCP,0,,,a,
ASN00092045,20151226,PRCP,0,,,a,
ASN00092045,20151227,PRCP,116,,,a,
ASN00092045,20151228,PRCP,0,,,a,
ASN00092045,20151229,PRCP,0,,,a,
ASN00092045,20151230,PRCP,0,,,a,
ASN00092045,20151231,PRCP,0,,,a,
ASN00092045,20151201,TAVG,144,H,,S,
ASN00092045,20151202,TAVG,148,H,,S,
ASN00092045,20151203,TAVG,169,H,,S,
ASN00092045,20151204,TAVG,165,H,,S,
ASN00092045,20151205,TAVG,148,H,,S,
ASN00092045,20151206,TAVG,157,H,,S,
ASN00092045,20151207,TAVG,171,H,,S,
ASN00092045,20151208,TAVG,176,H,,S,
ASN00092045,20151209,TAVG,164,H,,S,
ASN00092045,20151210,TAVG,163,H,,S,
ASN00092045,20151211,TAVG,131,H,,S,
ASN00092045,20151212,TAVG,136,H,,S,
ASN00092045,20151213,TAVG,154,H,,S,
ASN00092045,20151214,TAVG,176,H,,S,
ASN00092045,20151215,TAVG,187,H,,S,
ASN00092045,20151216,TAVG,193,H,,S,
ASN00092045,20151217,TAVG,198,H,,S,
ASN00092045,20151218,TAVG,192,H,,S,
ASN00092045,20151219,TAVG,220,H,,S,
ASN00092045,20151220,TAVG,196,H,,S,
ASN00092045,20151221,TAVG,173,H,,S,
ASN00092045,20151222,TAVG,179,H,,S,
ASN00092045,20151223,TAVG,177,H,,S,
ASN00092045,20151224,TAVG,192,H,,S,
ASN00092045,20151225,TAVG,193,H,,S,
ASN00092045,20151226,TAVG,146,H,,S,
ASN00092045,20151227,TAVG,160,H,,S,
ASN00092045,20151228,TAVG,167,H,,S,
ASN00092045,20151229,TAVG,178,H,,S,
ASN00092045,20151230,TAVG,187,H,,S,
ASN00092045,20151231,TAVG,197,H,,S,
ASN00092045,20160101,TMAX,215,,,a,
ASN00092045,20160102,TMAX,209,,,a,
ASN00092045,20160103,TMAX,212,,,a,
ASN00092045,20160104,TMAX,215,,,a,
ASN00092045,20160105,TMAX,235,,,a,
ASN00092045,20160106,TMAX,227,,,a,
ASN00092045,20160107,TMAX,253,,,a,
ASN00092045,20160108,TMAX,256,,,a,
ASN00092045,20160109,TMAX,294,,,a,
ASN00092045,20160110,TMAX,225,,,a,
ASN00092045,20160111,TMAX,317,,,a,
ASN00092045,20160112,TMAX,231,,,a,
ASN00092045,20160113,TMAX,232,,,a,
ASN00092045,20160114,TMAX,216,,,a,
ASN00092045,20160115,TMAX,209,,,a,
ASN00092045,20160116,TMAX,257,,,a,
ASN00092045,20160117,TMAX,221,,,a,
ASN00092045,20160118,TMAX,228,,,a,
ASN00092045,20160119,TMAX,295,,,a,
ASN00092045,20160120,TMAX,266,,,a,
ASN00092045,20160121,TMAX,267,,,a,
ASN00092045,20160122,TMAX,234,,,a,
ASN00092045,20160123,TMAX,244,,,a,
ASN00092045,20160124,TMAX,250,,,a,
ASN00092045,20160125,TMAX,203,,,a,
ASN00092045,20160126,TMAX,233,,,a,
ASN00092045,20160127,TMAX,210,,,a,
ASN00092045,20160128,TMAX,253,,,a,
ASN00092045,20160129,TMAX,234,,,a,
ASN00092045,20160130,TMAX,213,,,a,
ASN00092045,20160131,TMAX,228,,,a,
ASN00092045,20160101,TMIN,179,,,a,
ASN00092045,20160102,TMIN,155,,,a,
ASN00092045,20160103,TMIN,153,,,a,
ASN00092045,20160104,TMIN,155,,,a,
ASN00092045,20160105,TMIN,147,,,a,
ASN00092045,20160106,TMIN,157,,,a,
ASN00092045,20160107,TMIN,154,,,a,
ASN00092045,20160108,TMIN,135,,,a,
ASN00092045,20160109,TMIN,163,,,a,
ASN00092045,20160110,TMIN,178,,,a,
ASN00092045,20160111,TMIN,150,,,a,
ASN00092045,20160112,TMIN,142,,,a,
ASN00092045,20160113,TMIN,175,,,a,
ASN00092045,20160114,TMIN,191,,,a,
ASN00092045,20160115,TMIN,101,,,a,
ASN00092045,20160116,TMIN,105,,,a,
ASN00092045,20160117,TMIN,161,,,a,
ASN00092045,20160118,TMIN,153,,,a,
ASN00092045,20160119,TMIN,170,,,a,
ASN00092045,20160120,TMIN,179,,,a,
ASN00092045,20160121,TMIN,156,,,a,
ASN00092045,20160122,TMIN,141,,,a,
ASN00092045,20160123,TMIN,154,,,a,
ASN00092045,20160124,TMIN,162,,,a,
ASN00092045,20160125,TMIN,161,,,a,
ASN00092045,20160126,TMIN,165,,,a,
ASN00092045,20160127,TMIN,168,,,a,
ASN00092045,20160128,TMIN,167,,,a,
ASN00092045,20160129,TMIN,191,,,a,
ASN00092045,20160130,TMIN,182,,,a,
ASN00092045,20160131,TMIN,162,,,a,
ASN00092045,20160101,PRCP,0,,,a,
ASN00092045,20160102,PRCP,4,,,a,
ASN00092045,20160103,PRCP,0,,,a,
ASN00092045,20160104,PRCP,0,,,a,
ASN00092045,20160105,PRCP,0,,,a,
ASN00092045,20160106,PRCP,2,,,a,
ASN00092045,20160107,PRCP,2,,,a,
ASN00092045,20160108,PRCP,0,,,a,
ASN00092045,20160110,PRCP,0,,,a,
ASN00092045,20160111,PRCP,0,,,a,
ASN00092045,20160112,PRCP,66,,,a,
ASN00092045,20160113,PRCP,0,,,a,
ASN00092045,20160114,PRCP,0,,,a,
ASN00092045,20160115,PRCP,12,,,a,
ASN00092045,20160116,PRCP,0,,,a,
ASN00092045,20160117,PRCP,0,,,a,
ASN00092045,20160118,PRCP,0,,,a,
ASN00092045,20160119,PRCP,0,,,a,
ASN00092045,20160120,PRCP,0,,,a,
ASN00092045,20160121,PRCP,0,,,a,
ASN00092045,20160122,PRCP,0,,,a,
ASN00092045,20160123,PRCP,2,,,a,
ASN00092045,20160124,PRCP,2,,,a,
ASN00092045,20160125,PRCP,2,,,a,
ASN00092045,20160126,PRCP,0,,,a,
ASN00092045,20160127,PRCP,0,,,a,
ASN00092045,20160128,PRCP,162,,,a,
ASN00092045,20160129,PRCP,96,,,a,
ASN00092045,20160130,PRCP,110,,,a,
ASN00092045,20160131,PRCP,166,,,a,
ASN00092045,20160101,TAVG,182,H,,S,
ASN00092045,20160102,TAVG,176,H,,S,
ASN00092045,20160103,TAVG,173,H,,S,
ASN00092045,20160104,TAVG,181,H,,S,
ASN00092045,20160105,TAVG,185,H,,S,
ASN00092045,20160106,TAVG,186,H,,S,
ASN00092045,20160107,TAVG,190,H,,S,
ASN00092045,20160108,TAVG,212,H,,S,
ASN00092045,20160109,TAVG,214,H,,S,
ASN00092045,20160110,TAVG,191,H,,S,
ASN00092045,20160111,TAVG,211,H,,S,
ASN00092045,20160112,TAVG,195,H,,S,
ASN00092045,20160113,TAVG,204,H,,S,
ASN00092045,20160114,TAVG,151,H,,S,
ASN00092045,20160115,TAVG,159,H,,S,
ASN00092045,20160116,TAVG,194,H,,S,
ASN00092045,20160117,TAVG,188,H,,S,
ASN00092045,20160118,TAVG,203,H,,S,
ASN00092045,20160119,TAVG,208,H,,S,
ASN00092045,20160120,TAVG,193,H,,S,
ASN00092045,20160121,TAVG,198,H,,S,
ASN00092045,20160122,TAVG,181,H,,S,
ASN00092045,20160123,TAVG,193,H,,S,
ASN00092045,20160124,TAVG,193,H,,S,
ASN00092045,20160125,TAVG,180,H,,S,
ASN00092045,20160126,TAVG,188,H,,S,
ASN00092045,20160127,TAVG,188,H,,S,
ASN00092045,20160128,TAVG,208,H,,S,
ASN00092045,20160129,TAVG,199,H,,S,
ASN00092045,20160130,TAVG,183,H,,S,
ASN00092045,20160131,TAVG,192,H,,S,
ASN00092045,20160201,TMAX,238,,,a,
ASN00092045,20160202,TMAX,254,,,a,
ASN00092045,20160203,TMAX,258,,,a,
ASN00092045,20160204,TMAX,226,,,a,
ASN00092045,20160205,TMAX,245,,,a,
ASN00092045,20160206,TMAX,241,,,a,
ASN00092045,20160207,TMAX,239,,,a,
ASN00092045,20160208,TMAX,265,,,a,
ASN00092045,20160209,TMAX,241,,,a,
ASN00092045,20160210,TMAX,247,,,a,
ASN00092045,20160211,TMAX,240,,,a,
ASN00092045,20160212,TMAX,246,,,a,
ASN00092045,20160213,TMAX,260,,,a,
ASN00092045,20160214,TMAX,231,,,a,
ASN00092045,20160215,TMAX,210,,,a,
ASN00092045,20160216,TMAX,219,,,a,
ASN00092045,20160217,TMAX,212,,,a,
ASN00092045,20160218,TMAX,216,,,a,
ASN00092045,20160219,TMAX,243,,,a,
ASN00092045,20160220,TMAX,228,,,a,
ASN00092045,20160221,TMAX,249,,,a,
ASN00092045,20160222,TMAX,253,,,a,
ASN00092045,20160223,TMAX,246,,,a,
ASN00092045,20160224,TMAX,226,,,a,
ASN00092045,20160225,TMAX,221,,,a,
ASN00092045,20160226,TMAX,222,,,a,
ASN00092045,20160227,TMAX,263,,,a,
ASN00092045,20160228,TMAX,250,,,a,
ASN00092045,20160229,TMAX,197,,,a,
ASN00092045,20160201,TMIN,161,,,a,
ASN00092045,20160202,TMIN,177,,,a,
ASN00092045,20160203,TMIN,179,,,a,
ASN00092045,20160204,TMIN,166,,,a,
ASN00092045,20160205,TMIN,175,,,a,
ASN00092045,20160206,TMIN,179,,,a,
ASN00092045,20160207,TMIN,173,,,a,
ASN00092045,20160208,TMIN,164,,,a,
ASN00092045,20160209,TMIN,194,,,a,
ASN00092045,20160210,TMIN,148,,,a,
ASN00092045,20160211,TMIN,168,,,a,
ASN00092045,20160212,TMIN,175,,,a,
ASN00092045,20160213,TMIN,166,,,a,
ASN00092045,20160214,TMIN,136,,,a,
ASN00092045,20160215,TMIN,102,,,a,
ASN00092045,20160216,TMIN,85,,,a,
ASN00092045,20160217,TMIN,115,,,a,
ASN00092045,20160218,TMIN,130,,,a,
ASN00092045,20160219,TMIN,159,,,a,
ASN00092045,20160220,TMIN,163,,,a,
ASN00092045,20160221,TMIN,138,,,a,
ASN00092045,20160222,TMIN,175,,,a,
ASN00092045,20160223,TMIN,158,,,a,
ASN00092045,20160224,TMIN,199,,,a,
ASN00092045,20160225,TMIN,163,,,a,
ASN00092045,20160226,TMIN,151,,,a,
ASN00092045,20160227,TMIN,150,,,a,
ASN00092045,20160228,TMIN,157,,,a,
ASN00092045,20160229,TMIN,146,,,a,
ASN00092045,20160201,PRCP,124,,,a,
ASN00092045,20160202,PRCP,50,,,a,
ASN00092045,20160203,PRCP,4,,,a,
ASN00092045,20160204,PRCP,2,,,a,
ASN00092045,20160205,PRCP,0,,,a,
ASN00092045,20160206,PRCP,0,,,a,
ASN00092045,20160207,PRCP,0,,,a,
ASN00092045,20160208,PRCP,0,,,a,
ASN00092045,20160209,PRCP,0,,,a,
ASN00092045,20160210,PRCP,0,,,a,
ASN00092045,20160211,PRCP,0,,,a,
ASN00092045,20160212,PRCP,0,,,a,
ASN00092045,20160213,PRCP,26,,,a,
ASN00092045,20160214,PRCP,0,,,a,
ASN00092045,20160215,PRCP,0,,,a,
ASN00092045,20160216,PRCP,2,,,a,
ASN00092045,20160217,PRCP,0,,,a,
ASN00092045,20160218,PRCP,0,,,a,
ASN00092045,20160219,PRCP,0,,,a,
ASN00092045,20160220,PRCP,0,,,a,
ASN00092045,20160221,PRCP,0,,,a,
ASN00092045,20160222,PRCP,0,,,a,
ASN00092045,20160223,PRCP,0,,,a,
ASN00092045,20160224,PRCP,0,,,a,
ASN00092045,20160225,PRCP,94,,,a,
ASN00092045,20160226,PRCP,0,,,a,
ASN00092045,20160227,PRCP,0,,,a,
ASN00092045,20160228,PRCP,0,,,a,
ASN00092045,20160229,PRCP,28,,,a,
ASN00092045,20160201,TAVG,204,H,,S,
ASN00092045,20160202,TAVG,204,H,,S,
ASN00092045,20160203,TAVG,195,H,,S,
ASN00092045,20160204,TAVG,194,H,,S,
ASN00092045,20160205,TAVG,202,H,,S,
ASN00092045,20160206,TAVG,203,H,,S,
ASN00092045,20160207,TAVG,199,H,,S,
ASN00092045,20160208,TAVG,211,H,,S,
ASN00092045,20160209,TAVG,192,H,,S,
ASN00092045,20160210,TAVG,198,H,,S,
ASN00092045,20160211,TAVG,201,H,,S,
ASN00092045,20160212,TAVG,199,H,,S,
ASN00092045,20160213,TAVG,193,H,,S,
ASN00092045,20160214,TAVG,168,H,,S,
ASN00092045,20160215,TAVG,165,H,,S,
ASN00092045,20160216,TAVG,160,H,,S,
ASN00092045,20160217,TAVG,173,H,,S,
ASN00092045,20160218,TAVG,190,H,,S,
ASN00092045,20160219,TAVG,189,H,,S,
ASN00092045,20160220,TAVG,176,H,,S,
ASN00092045,20160221,TAVG,202,H,,S,
ASN00092045,20160222,TAVG,196,H,,S,
ASN00092045,20160223,TAVG,218,H,,S,
ASN00092045,20160224,TAVG,182,H,,S,
ASN00092045,20160225,TAVG,182,H,,S,
ASN00092045,20160226,TAVG,180,H,,S,
ASN00092045,20160227,TAVG,196,H,,S,
ASN00092045,20160228,TAVG,179,H,,S,
ASN00092045,20160229,TAVG,184,H,,S,
ASN00092045,20160301,TMAX,221,,,a,
ASN00092045,20160302,TMAX,261,,,a,
ASN00092045,20160303,TMAX,230,,,a,
ASN00092045,20160304,TMAX,236,,,a,
ASN00092045,20160305,TMAX,248,,,a,
ASN00092045,20160306,TMAX,242,,,a,
ASN00092045,20160307,TMAX,215,,,a,
ASN00092045,20160308,TMAX,214,,,a,
ASN00092045,20160309,TMAX,299,,,a,
ASN00092045,20160310,TMAX,189,,,a,
ASN00092045,20160311,TMAX,221,,,a,
ASN00092045,20160312,TMAX,227,,,a,
ASN00092045,20160313,TMAX,242,,,a,
ASN00092045,20160314,TMAX,197,,,a,
ASN00092045,20160315,TMAX,187,,,a,
ASN00092045,20160316,TMAX,202,,,a,
ASN00092045,20160317,TMAX,220,,,a,
ASN00092045,20160318,TMAX,197,,,a,
ASN00092045,20160319,TMAX,191,,,a,
ASN00092045,20160320,TMAX,193,,,a,
ASN00092045,20160321,TMAX,200,,,a,
ASN00092045,20160322,TMAX,208,,,a,
ASN00092045,20160323,TMAX,231,,,a,
ASN00092045,20160324,TMAX,222,,,a,
ASN00092045,20160325,TMAX,225,,,a,
ASN00092045,20160326,TMAX,227,,,a,
ASN00092045,20160327,TMAX,185,,,a,
ASN00092045,20160328,TMAX,192,,,a,
ASN00092045,20160329,TMAX,188,,,a,
ASN00092045,20160330,TMAX,193,,,a,
ASN00092045,20160331,TMAX,234,,,a,
ASN00092045,20160301,TMIN,166,,,a,
ASN00092045,20160302,TMIN,172,,,a,
ASN00092045,20160303,TMIN,176,,,a,
ASN00092045,20160304,TMIN,164,,,a,
ASN00092045,20160305,TMIN,178,,,a,
ASN00092045,20160306,TMIN,180,,,a,
ASN00092045,20160307,TMIN,174,,,a,
ASN00092045,20160308,TMIN,168,,,a,
ASN00092045,20160309,TMIN,185,,,a,
ASN00092045,20160310,TMIN,173,,,a,
ASN00092045,20160311,TMIN,163,,,a,
ASN00092045,20160312,TMIN,188,,,a,
ASN00092045,20160313,TMIN,181,,,a,
ASN00092045,20160314,TMIN,152,,,a,
ASN00092045,20160315,TMIN,149,,,a,
ASN00092045,20160316,TMIN,143,,,a,
ASN00092045,20160317,TMIN,163,,,a,
ASN00092045,20160318,TMIN,193,,,a,
ASN00092045,20160319,TMIN,82,,,a,
ASN00092045,20160320,TMIN,127,,,a,
ASN00092045,20160321,TMIN,126,,,a,
ASN00092045,20160322,TMIN,138,,,a,
ASN00092045,20160323,TMIN,130,,,a,
ASN00092045,20160324,TMIN,165,,,a,
ASN00092045,20160325,TMIN,120,,,a,
ASN00092045,20160326,TMIN,120,,,a,
ASN00092045,20160327,TMIN,123,,,a,
ASN00092045,20160328,TMIN,91,,,a,
ASN00092045,20160329,TMIN,112,,,a,
ASN00092045,20160330,TMIN,142,,,a,
ASN00092045,20160331,TMIN,123,,,a,
ASN00092045,20160301,PRCP,0,,,a,
ASN00092045,20160302,PRCP,0,,,a,
ASN00092045,20160303,PRCP,0,,,a,
ASN00092045,20160304,PRCP,0,,,a,
ASN00092045,20160305,PRCP,0,,,a,
ASN00092045,20160306,PRCP,0,,,a,
ASN00092045,20160307,PRCP,0,,,a,
ASN00092045,20160308,PRCP,60,,,a,
ASN00092045,20160309,PRCP,0,,,a,
ASN00092045,20160310,PRCP,0,,,a,
ASN00092045,20160311,PRCP,1276,,,a,
ASN00092045,20160312,PRCP,188,,,a,
ASN00092045,20160313,PRCP,34,,,a,
ASN00092045,20160314,PRCP,8,,,a,
ASN00092045,20160315,PRCP,2,,,a,
ASN00092045,20160316,PRCP,2,,,a,
ASN00092045,20160317,PRCP,4,,,a,
ASN00092045,20160318,PRCP,2,,,a,
ASN00092045,20160319,PRCP,224,,,a,
ASN00092045,20160320,PRCP,0,,,a,
ASN00092045,20160321,PRCP,14,,,a,
ASN00092045,20160322,PRCP,18,,,a,
ASN00092045,20160323,PRCP,0,,,a,
ASN00092045,20160324,PRCP,0,,,a,
ASN00092045,20160325,PRCP,0,,,a,
ASN00092045,20160326,PRCP,0,,,a,
ASN00092045,20160327,PRCP,120,,,a,
ASN00092045,20160328,PRCP,2,,,a,
ASN00092045,20160329,PRCP,0,,,a,
ASN00092045,20160330,PRCP,8,,,a,
ASN00092045,20160331,PRCP,0,,,a,
ASN00092045,20160301,TAVG,196,H,,S,
ASN00092045,20160302,TAVG,205,H,,S,
ASN00092045,20160303,TAVG,191,H,,S,
ASN00092045,20160304,TAVG,201,H,,S,
ASN00092045,20160305,TAVG,206,H,,S,
ASN00092045,20160306,TAVG,202,H,,S,
ASN00092045,20160307,TAVG,183,H,,S,
ASN00092045,20160308,TAVG,202,H,,S,
ASN00092045,20160309,TAVG,215,H,,S,
ASN00092045,20160310,TAVG,175,H,,S,
ASN00092045,20160311,TAVG,198,H,,S,
ASN00092045,20160312,TAVG,200,H,,S,
ASN00092045,20160313,TAVG,191,H,,S,
ASN00092045,20160314,TAVG,167,H,,S,
ASN00092045,20160315,TAVG,166,H,,S,
ASN00092045,20160316,TAVG,187,H,,S,
ASN00092045,20160317,TAVG,203,H,,S,
ASN00092045,20160318,TAVG,131,H,,S,
ASN00092045,20160319,TAVG,156,H,,S,
ASN00092045,20160320,TAVG,158,H,,S,
ASN00092045,20160321,TAVG,164,H,,S,
ASN00092045,20160322,TAVG,163,H,,S,
ASN00092045,20160323,TAVG,182,H,,S,
ASN00092045,20160324,TAVG,162,H,,S,
ASN00092045,20160325,TAVG,162,H,,S,
ASN00092045,20160326,TAVG,167,H,,S,
ASN00092045,20160327,TAVG,137,H,,S,
ASN00092045,20160328,TAVG,148,H,,S,
ASN00092045,20160329,TAVG,164,H,,S,
ASN00092045,20160330,TAVG,156,H,,S,
ASN00092045,20160331,TAVG,184,H,,S,
ASN00092045,20160401,TMAX,211,,,a,
ASN00092045,20160402,TMAX,204,,,a,
ASN00092045,20160403,TMAX,200,,,a,
ASN00092045,20160404,TMAX,195,,,a,
ASN00092045,20160405,TMAX,231,,,a,
ASN00092045,20160406,TMAX,166,,,a,
ASN00092045,20160407,TMAX,186,,,a,
ASN00092045,20160408,TMAX,197,,,a,
ASN00092045,20160409,TMAX,198,,,a,
ASN00092045,20160410,TMAX,201,,,a,
ASN00092045,20160411,TMAX,196,,,a,
ASN00092045,20160412,TMAX,222,,,a,
ASN00092045,20160413,TMAX,191,,,a,
ASN00092045,20160414,TMAX,193,,,a,
ASN00092045,20160415,TMAX,211,,,a,
ASN00092045,20160416,TMAX,193,,,a,
ASN00092045,20160417,TMAX,171,,,a,
ASN00092045,20160418,TMAX,191,,,a,
ASN00092045,20160419,TMAX,206,,,a,
ASN00092045,20160420,TMAX,221,,,a,
ASN00092045,20160421,TMAX,209,,,a,
ASN00092045,20160422,TMAX,166,,,a,
ASN00092045,20160423,TMAX,193,,,a,
ASN00092045,20160424,TMAX,206,,,a,
ASN00092045,20160425,TMAX,209,,,a,
ASN00092045,20160426,TMAX,225,,,a,
ASN00092045,20160427,TMAX,216,,,a,
ASN00092045,20160428,TMAX,223,,,a,
ASN00092045,20160429,TMAX,214,,,a,
ASN00092045,20160430,TMAX,200,,,a,
ASN00092045,20160401,TMIN,154,,,a,
ASN00092045,20160402,TMIN,154,,,a,
ASN00092045,20160403,TMIN,79,,,a,
ASN00092045,20160404,TMIN,103,,,a,
ASN00092045,20160405,TMIN,128,,,a,
ASN00092045,20160406,TMIN,131,,,a,
ASN00092045,20160407,TMIN,65,,,a,
ASN00092045,20160408,TMIN,105,,,a,
ASN00092045,20160409,TMIN,133,,,a,
ASN00092045,20160410,TMIN,138,,,a,
ASN00092045,20160411,TMIN,127,,,a,
ASN00092045,20160412,TMIN,133,,,a,
ASN00092045,20160413,TMIN,126,,,a,
ASN00092045,20160414,TMIN,134,,,a,
ASN00092045,20160415,TMIN,144,,,a,
ASN00092045,20160416,TMIN,143,,,a,
ASN00092045,20160417,TMIN,120,,,a,
ASN00092045,20160418,TMIN,104,,,a,
ASN00092045,20160419,TMIN,155,,,a,
ASN00092045,20160420,TMIN,118,,,a,
ASN00092045,20160421,TMIN,145,,,a,
ASN00092045,20160422,TMIN,132,,,a,
ASN00092045,20160423,TMIN,95,,,a,
ASN00092045,20160424,TMIN,104,,,a,
ASN00092045,20160425,TMIN,108,,,a,
ASN00092045,20160426,TMIN,121,,,a,
ASN00092045,20160427,TMIN,124,,,a,
ASN00092045,20160428,TMIN,165,,,a,
ASN00092045,20160429,TMIN,154,,,a,
ASN00092045,20160430,TMIN,148,,,a,
ASN00092045,20160401,PRCP,2,,,a,
ASN00092045,20160402,PRCP,0,,,a,
ASN00092045,20160403,PRCP,0,,,a,
ASN00092045,20160404,PRCP,0,,,a,
ASN00092045,20160405,PRCP,0,,,a,
ASN00092045,20160406,PRCP,0,,,a,
ASN00092045,20160407,PRCP,0,,,a,
ASN00092045,20160408,PRCP,0,,,a,
ASN00092045,20160409,PRCP,0,,,a,
ASN00092045,20160410,PRCP,6,,,a,
ASN00092045,20160411,PRCP,2,,,a,
ASN00092045,20160412,PRCP,0,,,a,
ASN00092045,20160413,PRCP,0,,,a,
ASN00092045,20160414,PRCP,0,,,a,
ASN00092045,20160415,PRCP,2,,,a,
ASN00092045,20160416,PRCP,4,,,a,
ASN00092045,20160417,PRCP,2,,,a,
ASN00092045,20160418,PRCP,0,,,a,
ASN00092045,20160419,PRCP,0,,,a,
ASN00092045,20160420,PRCP,2,,,a,
ASN00092045,20160421,PRCP,2,,,a,
ASN00092045,20160422,PRCP,46,,,a,
ASN00092045,20160423,PRCP,0,,,a,
ASN00092045,20160424,PRCP,0,,,a,
ASN00092045,20160425,PRCP,0,,,a,
ASN00092045,20160426,PRCP,4,,,a,
ASN00092045,20160427,PRCP,0,,,a,
ASN00092045,20160428,PRCP,2,,,a,
ASN00092045,20160429,PRCP,16,,,a,
ASN00092045,20160430,PRCP,32,,,a,
ASN00092045,20160401,TAVG,188,H,,S,
ASN00092045,20160402,TAVG,138,H,,S,
ASN00092045,20160403,TAVG,143,H,,S,
ASN00092045,20160404,TAVG,155,H,,S,
ASN00092045,20160405,TAVG,178,H,,S,
ASN00092045,20160406,TAVG,118,H,,S,
ASN00092045,20160407,TAVG,141,H,,S,
ASN00092045,20160408,TAVG,161,H,,S,
ASN00092045,20160409,TAVG,162,H,,S,
ASN00092045,20160410,TAVG,158,H,,S,
ASN00092045,20160411,TAVG,162,H,,S,
ASN00092045,20160412,TAVG,163,H,,S,
ASN00092045,20160413,TAVG,160,H,,S,
ASN00092045,20160414,TAVG,166,H,,S,
ASN00092045,20160415,TAVG,168,H,,S,
ASN00092045,20160416,TAVG,149,H,,S,
ASN00092045,20160417,TAVG,131,H,,S,
ASN00092045,20160418,TAVG,173,H,,S,
ASN00092045,20160419,TAVG,161,H,,S,
ASN00092045,20160420,TAVG,173,H,,S,
ASN00092045,20160421,TAVG,164,H,,S,
ASN00092045,20160422,TAVG,130,H,,S,
ASN00092045,20160423,TAVG,140,H,,S,
ASN00092045,20160424,TAVG,152,H,,S,
ASN00092045,20160425,TAVG,152,H,,S,
ASN00092045,20160426,TAVG,167,H,,S,
ASN00092045,20160427,TAVG,188,H,,S,
ASN00092045,20160428,TAVG,176,H,,S,
ASN00092045,20160429,TAVG,170,H,,S,
ASN00092045,20160430,TAVG,178,H,,S,
ASN00092045,20160501,TMAX,177,,,a,
ASN00092045,20160502,TMAX,176,,,a,
ASN00092045,20160503,TMAX,175,,,a,
ASN00092045,20160504,TMAX,169,,,a,
ASN00092045,20160505,TMAX,187,,,a,
ASN00092045,20160506,TMAX,198,,,a,
ASN00092045,20160507,TMAX,181,,,a,
ASN00092045,20160508,TMAX,168,,,a,
ASN00092045,20160509,TMAX,169,,,a,
ASN00092045,20160510,TMAX,173,,,a,
ASN00092045,20160511,TMAX,152,,,a,
ASN00092045,20160512,TMAX,180,,,a,
ASN00092045,20160513,TMAX,184,,,a,
ASN00092045,20160514,TMAX,188,,,a,
ASN00092045,20160515,TMAX,181,,,a,
ASN00092045,20160516,TMAX,167,,,a,
ASN00092045,20160517,TMAX,171,,,a,
ASN00092045,20160518,TMAX,162,,,a,
ASN00092045,20160519,TMAX,160,,,a,
ASN00092045,20160520,TMAX,162,,,a,
ASN00092045,20160521,TMAX,164,,,a,
ASN00092045,20160522,TMAX,194,,,a,
ASN00092045,20160523,TMAX,153,,,a,
ASN00092045,20160524,TMAX,149,,,a,
ASN00092045,20160525,TMAX,144,,,a,
ASN00092045,20160526,TMAX,130,,,a,
ASN00092045,20160527,TMAX,115,,,a,
ASN00092045,20160528,TMAX,142,,,a,
ASN00092045,20160529,TMAX,150,,,a,
ASN00092045,20160530,TMAX,142,,,a,
ASN00092045,20160531,TMAX,140,,,a,
ASN00092045,20160501,TMIN,141,,,a,
ASN00092045,20160502,TMIN,102,,,a,
ASN00092045,20160503,TMIN,125,,,a,
ASN00092045,20160504,TMIN,73,,,a,
ASN00092045,20160505,TMIN,112,,,a,
ASN00092045,20160506,TMIN,163,,,a,
ASN00092045,20160507,TMIN,118,,,a,
ASN00092045,20160508,TMIN,132,,,a,
ASN00092045,20160509,TMIN,145,,,a,
ASN00092045,20160510,TMIN,120,,,a,
ASN00092045,20160511,TMIN,80,,,a,
ASN00092045,20160512,TMIN,106,,,a,
ASN00092045,20160513,TMIN,136,,,a,
ASN00092045,20160514,TMIN,150,,,a,
ASN00092045,20160515,TMIN,149,,,a,
ASN00092045,20160516,TMIN,75,,,a,
ASN00092045,20160517,TMIN,105,,,a,
ASN00092045,20160518,TMIN,95,,,a,
ASN00092045,20160519,TMIN,113,,,a,
ASN00092045,20160520,TMIN,65,,,a,
ASN00092045,20160521,TMIN,63,,,a,
ASN00092045,20160522,TMIN,95,,,a,
ASN00092045,20160523,TMIN,117,,,a,
ASN00092045,20160524,TMIN,58,,,a,
ASN00092045,20160525,TMIN,41,,,a,
ASN00092045,20160526,TMIN,79,,,a,
ASN00092045,20160527,TMIN,85,,,a,
ASN00092045,20160528,TMIN,88,,,a,
ASN00092045,20160529,TMIN,64,,,a,
ASN00092045,20160530,TMIN,84,,,a,
ASN00092045,20160531,TMIN,80,,,a,
ASN00092045,20160501,PRCP,48,,,a,
ASN00092045,20160502,PRCP,16,,,a,
ASN00092045,20160503,PRCP,4,,,a,
ASN00092045,20160504,PRCP,162,,,a,
ASN00092045,20160505,PRCP,4,,,a,
ASN00092045,20160506,PRCP,0,,,a,
ASN00092045,20160507,PRCP,0,,,a,
ASN00092045,20160508,PRCP,0,,,a,
ASN00092045,20160509,PRCP,98,,,a,
ASN00092045,20160510,PRCP,138,,,a,
ASN00092045,20160511,PRCP,0,,,a,
ASN00092045,20160512,PRCP,16,,,a,
ASN00092045,20160513,PRCP,0,,,a,
ASN00092045,20160514,PRCP,0,,,a,
ASN00092045,20160515,PRCP,0,,,a,
ASN00092045,20160516,PRCP,16,,,a,
ASN00092045,20160517,PRCP,112,,,a,
ASN00092045,20160518,PRCP,2,,,a,
ASN00092045,20160519,PRCP,58,,,a,
ASN00092045,20160520,PRCP,18,,,a,
ASN00092045,20160521,PRCP,0,,,a,
ASN00092045,20160522,PRCP,0,,,a,
ASN00092045,20160523,PRCP,26,,,a,
ASN00092045,20160524,PRCP,6,,,a,
ASN00092045,20160525,PRCP,0,,,a,
ASN00092045,20160526,PRCP,28,,,a,
ASN00092045,20160527,PRCP,424,,,a,
ASN00092045,20160528,PRCP,98,,,a,
ASN00092045,20160529,PRCP,2,,,a,
ASN00092045,20160530,PRCP,0,,,a,
ASN00092045,20160531,PRCP,0,,,a,
ASN00092045,20160501,TAVG,127,H,,S,
ASN00092045,20160502,TAVG,159,H,,S,
ASN00092045,20160503,TAVG,106,H,,S,
ASN00092045,20160504,TAVG,145,H,,S,
ASN00092045,20160505,TAVG,173,H,,S,
ASN00092045,20160506,TAVG,151,H,,S,
ASN00092045,20160507,TAVG,152,H,,S,
ASN00092045,20160508,TAVG,152,H,,S,
ASN00092045,20160509,TAVG,148,H,,S,
ASN00092045,20160510,TAVG,113,H,,S,
ASN00092045,20160511,TAVG,134,H,,S,
ASN00092045,20160512,TAVG,156,H,,S,
ASN00092045,20160513,TAVG,161,H,,S,
ASN00092045,20160514,TAVG,163,H,,S,
ASN00092045,20160515,TAVG,119,H,,S,
ASN00092045,20160516,TAVG,133,H,,S,
ASN00092045,20160517,TAVG,125,H,,S,
ASN00092045,20160518,TAVG,136,H,,S,
ASN00092045,20160519,TAVG,109,H,,S,
ASN00092045,20160520,TAVG,96,H,,S,
ASN00092045,20160521,TAVG,127,H,,S,
ASN00092045,20160522,TAVG,153,H,,S,
ASN00092045,20160523,TAVG,99,H,,S,
ASN00092045,20160524,TAVG,96,H,,S,
ASN00092045,20160525,TAVG,125,H,,S,
ASN00092045,20160526,TAVG,102,H,,S,
ASN00092045,20160527,TAVG,99,H,,S,
ASN00092045,20160528,TAVG,99,H,,S,
ASN00092045,20160529,TAVG,114,H,,S,
ASN00092045,20160530,TAVG,111,H,,S,
ASN00092045,20160531,TAVG,102,H,,S,
ASN00092045,20160601,TMAX,143,,,a,
ASN00092045,20160602,TMAX,148,,,a,
ASN00092045,20160603,TMAX,163,,,a,
ASN00092045,20160604,TMAX,169,,,a,
ASN00092045,20160605,TMAX,167,,,a,
ASN00092045,20160606,TMAX,151,,,a,
ASN00092045,20160607,TMAX,154,,,a,
ASN00092045,20160608,TMAX,158,,,a,
ASN00092045,20160609,TMAX,152,,,a,
ASN00092045,20160610,TMAX,146,,,a,
ASN00092045,20160611,TMAX,114,,,a,
ASN00092045,20160612,TMAX,135,,,a,
ASN00092045,20160613,TMAX,146,,,a,
ASN00092045,20160614,TMAX,142,,,a,
ASN00092045,20160615,TMAX,141,,,a,
ASN00092045,20160616,TMAX,150,,,a,
ASN00092045,20160617,TMAX,138,,,a,
ASN00092045,20160618,TMAX,135,,,a,
ASN00092045,20160619,TMAX,139,,,a,
ASN00092045,20160620,TMAX,127,,,a,
ASN00092045,20160621,TMAX,124,,,a,
ASN00092045,20160622,TMAX,141,,,a,
ASN00092045,20160623,TMAX,140,,,a,
ASN00092045,20160624,TMAX,100,,,a,
ASN00092045,20160625,TMAX,125,,,a,
ASN00092045,20160626,TMAX,143,,,a,
ASN00092045,20160627,TMAX,148,,,a,
ASN00092045,20160628,TMAX,157,,,a,
ASN00092045,20160629,TMAX,162,,,a,
ASN00092045,20160630,TMAX,133,,,a,
ASN00092045,20160601,TMIN,75,,,a,
ASN00092045,20160602,TMIN,95,,,a,
ASN00092045,20160603,TMIN,113,,,a,
ASN00092045,20160604,TMIN,118,,,a,
ASN00092045,20160605,TMIN,130,,,a,
ASN00092045,20160606,TMIN,149,,,a,
ASN00092045,20160607,TMIN,121,,,a,
ASN00092045,20160608,TMIN,123,,,a,
ASN00092045,20160609,TMIN,114,,,a,
ASN00092045,20160610,TMIN,87,,,a,
ASN00092045,20160611,TMIN,73,,,a,
ASN00092045,20160612,TMIN,33,,,a,
ASN00092045,20160613,TMIN,65,,,a,
ASN00092045,20160614,TMIN,114,,,a,
ASN00092045,20160615,TMIN,57,,,a,
ASN00092045,20160616,TMIN,83,,,a,
ASN00092045,20160617,TMIN,110,,,a,
ASN00092045,20160618,TMIN,109,,,a,
ASN00092045,20160619,TMIN,102,,,a,
ASN00092045,20160620,TMIN,114,,,a,
ASN00092045,20160621,TMIN,91,,,a,
ASN00092045,20160622,TMIN,89,,,a,
ASN00092045,20160623,TMIN,91,,,a,
ASN00092045,20160624,TMIN,46,,,a,
ASN00092045,20160625,TMIN,23,,,a,
ASN00092045,20160626,TMIN,58,,,a,
ASN00092045,20160627,TMIN,88,,,a,
ASN00092045,20160628,TMIN,69,,,a,
ASN00092045,20160629,TMIN,111,,,a,
ASN00092045,20160630,TMIN,103,,,a,
ASN00092045,20160601,PRCP,2,,,a,
ASN00092045,20160602,PRCP,0,,,a,
ASN00092045,20160603,PRCP,0,,,a,
ASN00092045,20160604,PRCP,16,,,a,
ASN00092045,20160605,PRCP,62,,,a,
ASN00092045,20160606,PRCP,232,,,a,
ASN00092045,20160607,PRCP,172,,,a,
ASN00092045,20160608,PRCP,8,,,a,
ASN00092045,20160609,PRCP,104,,,a,
ASN00092045,20160610,PRCP,4,,,a,
ASN00092045,20160611,PRCP,8,,,a,
ASN00092045,20160612,PRCP,0,,,a,
ASN00092045,20160613,PRCP,0,,,a,
ASN00092045,20160614,PRCP,0,,,a,
ASN00092045,20160615,PRCP,0,,,a,
ASN00092045,20160616,PRCP,0,,,a,
ASN00092045,20160617,PRCP,10,,,a,
ASN00092045,20160618,PRCP,36,,,a,
ASN00092045,20160619,PRCP,2,,,a,
ASN00092045,20160620,PRCP,24,,,a,
ASN00092045,20160621,PRCP,426,,,a,
ASN00092045,20160622,PRCP,44,,,a,
ASN00092045,20160623,PRCP,60,,,a,
ASN00092045,20160624,PRCP,76,,,a,
ASN00092045,20160625,PRCP,0,,,a,
ASN00092045,20160626,PRCP,0,,,a,
ASN00092045,20160627,PRCP,4,,,a,
ASN00092045,20160628,PRCP,6,,,a,
ASN00092045,20160629,PRCP,0,,,a,
ASN00092045,20160630,PRCP,16,,,a,
ASN00092045,20160601,TAVG,115,H,,S,
ASN00092045,20160602,TAVG,126,H,,S,
ASN00092045,20160603,TAVG,138,H,,S,
ASN00092045,20160604,TAVG,160,H,,S,
ASN00092045,20160605,TAVG,159,H,,S,
ASN00092045,20160606,TAVG,131,H,,S,
ASN00092045,20160607,TAVG,138,H,,S,
ASN00092045,20160608,TAVG,133,H,,S,
ASN00092045,20160609,TAVG,114,H,,S,
ASN00092045,20160610,TAVG,106,H,,S,
ASN00092045,20160611,TAVG,68,H,,S,
ASN00092045,20160612,TAVG,120,H,,S,
ASN00092045,20160613,TAVG,127,H,,S,
ASN00092045,20160614,TAVG,112,H,,S,
ASN00092045,20160615,TAVG,118,H,,S,
ASN00092045,20160616,TAVG,125,H,,S,
ASN00092045,20160617,TAVG,127,H,,S,
ASN00092045,20160618,TAVG,118,H,,S,
ASN00092045,20160619,TAVG,124,H,,S,
ASN00092045,20160620,TAVG,110,H,,S,
ASN00092045,20160621,TAVG,111,H,,S,
ASN00092045,20160622,TAVG,112,H,,S,
ASN00092045,20160623,TAVG,88,H,,S,
ASN00092045,20160624,TAVG,62,H,,S,
ASN00092045,20160625,TAVG,84,H,,S,
ASN00092045,20160626,TAVG,107,H,,S,
ASN00092045,20160627,TAVG,101,H,,S,
ASN00092045,20160628,TAVG,128,H,,S,
ASN00092045,20160629,TAVG,124,H,,S,
ASN00092045,20160630,TAVG,104,H,,S,
ASN00092045,20160701,TMAX,150,,,a,
ASN00092045,20160702,TMAX,157,,,a,
ASN00092045,20160703,TMAX,153,,,a,
ASN00092045,20160704,TMAX,143,,,a,
ASN00092045,20160705,TMAX,135,,,a,
ASN00092045,20160706,TMAX,119,,,a,
ASN00092045,20160707,TMAX,125,,,a,
ASN00092045,20160708,TMAX,143,,,a,
ASN00092045,20160709,TMAX,153,,,a,
ASN00092045,20160710,TMAX,145,,,a,
ASN00092045,20160711,TMAX,149,,,a,
ASN00092045,20160712,TMAX,141,,,a,
ASN00092045,20160713,TMAX,106,,,a,
ASN00092045,20160714,TMAX,127,,,a,
ASN00092045,20160715,TMAX,160,,,a,
ASN00092045,20160716,TMAX,160,,,a,
ASN00092045,20160717,TMAX,146,,,a,
ASN00092045,20160718,TMAX,150,,,a,
ASN00092045,20160719,TMAX,142,,,a,
ASN00092045,20160720,TMAX,159,,,a,
ASN00092045,20160721,TMAX,146,,,a,
ASN00092045,20160722,TMAX,153,,,a,
ASN00092045,20160723,TMAX,96,,,a,
ASN00092045,20160724,TMAX,124,,,a,
ASN00092045,20160725,TMAX,132,,,a,
ASN00092045,20160726,TMAX,112,,,a,
ASN00092045,20160727,TMAX,121,,,a,
ASN00092045,20160728,TMAX,144,,,a,
ASN00092045,20160729,TMAX,145,,,a,
ASN00092045,20160730,TMAX,128,,,a,
ASN00092045,20160731,TMAX,154,,,a,
ASN00092045,20160701,TMIN,79,,,a,
ASN00092045,20160702,TMIN,85,,,a,
ASN00092045,20160703,TMIN,106,,,a,
ASN00092045,20160704,TMIN,110,,,a,
ASN00092045,20160705,TMIN,100,,,a,
ASN00092045,20160706,TMIN,109,,,a,
ASN00092045,20160707,TMIN,92,,,a,
ASN00092045,20160708,TMIN,96,,,a,
ASN00092045,20160709,TMIN,88,,,a,
ASN00092045,20160710,TMIN,80,,,a,
ASN00092045,20160711,TMIN,100,,,a,
ASN00092045,20160712,TMIN,100,,,a,
ASN00092045,20160713,TMIN,45,,,a,
ASN00092045,20160714,TMIN,57,,,a,
ASN00092045,20160715,TMIN,105,,,a,
ASN00092045,20160716,TMIN,78,,,a,
ASN00092045,20160717,TMIN,78,,,a,
ASN00092045,20160718,TMIN,103,,,a,
ASN00092045,20160719,TMIN,109,,,a,
ASN00092045,20160720,TMIN,73,,,a,
ASN00092045,20160721,TMIN,69,,,a,
ASN00092045,20160722,TMIN,93,,,a,
ASN00092045,20160723,TMIN,68,,,a,
ASN00092045,20160724,TMIN,23,,,a,
ASN00092045,20160725,TMIN,60,,,a,
ASN00092045,20160726,TMIN,60,,,a,
ASN00092045,20160727,TMIN,63,,,a,
ASN00092045,20160728,TMIN,83,,,a,
ASN00092045,20160729,TMIN,100,,,a,
ASN00092045,20160730,TMIN,51,,,a,
ASN00092045,20160731,TMIN,86,,,a,
ASN00092045,20160701,PRCP,10,,,a,
ASN00092045,20160702,PRCP,0,,,a,
ASN00092045,20160703,PRCP,0,,,a,
ASN00092045,20160704,PRCP,6,,,a,
ASN00092045,20160705,PRCP,4,,,a,
ASN00092045,20160706,PRCP,206,,,a,
ASN00092045,20160707,PRCP,0,,,a,
ASN00092045,20160708,PRCP,38,,,a,
ASN00092045,20160709,PRCP,2,,,a,
ASN00092045,20160710,PRCP,4,,,a,
ASN00092045,20160711,PRCP,48,,,a,
ASN00092045,20160712,PRCP,52,,,a,
ASN00092045,20160713,PRCP,68,,,a,
ASN00092045,20160714,PRCP,0,,,a,
ASN00092045,20160715,PRCP,0,,,a,
ASN00092045,20160716,PRCP,0,,,a,
ASN00092045,20160717,PRCP,0,,,a,
ASN00092045,20160718,PRCP,0,,,a,
ASN00092045,20160719,PRCP,36,,,a,
ASN00092045,20160720,PRCP,0,,,a,
ASN00092045,20160721,PRCP,2,,,a,
ASN00092045,20160722,PRCP,62,,,a,
ASN00092045,20160723,PRCP,34,,,a,
ASN00092045,20160724,PRCP,0,,,a,
ASN00092045,20160725,PRCP,14,,,a,
ASN00092045,20160726,PRCP,82,,,a,
ASN00092045,20160727,PRCP,144,,,a,
ASN00092045,20160728,PRCP,2,,,a,
ASN00092045,20160729,PRCP,0,,,a,
ASN00092045,20160730,PRCP,0,,,a,
ASN00092045,20160731,PRCP,18,,,a,
ASN00092045,20160701,TAVG,109,H,,S,
ASN00092045,20160702,TAVG,123,H,,S,
ASN00092045,20160703,TAVG,127,H,,S,
ASN00092045,20160704,TAVG,116,H,,S,
ASN00092045,20160705,TAVG,123,H,,S,
ASN00092045,20160706,TAVG,109,H,,S,
ASN00092045,20160707,TAVG,107,H,,S,
ASN00092045,20160708,TAVG,118,H,,S,
ASN00092045,20160709,TAVG,110,H,,S,
ASN00092045,20160710,TAVG,131,H,,S,
ASN00092045,20160711,TAVG,130,H,,S,
ASN00092045,20160712,TAVG,82,H,,S,
ASN00092045,20160713,TAVG,87,H,,S,
ASN00092045,20160714,TAVG,118,H,,S,
ASN00092045,20160715,TAVG,111,H,,S,
ASN00092045,20160716,TAVG,108,H,,S,
ASN00092045,20160717,TAVG,119,H,,S,
ASN00092045,20160718,TAVG,122,H,,S,
ASN00092045,20160719,TAVG,109,H,,S,
ASN00092045,20160720,TAVG,101,H,,S,
ASN00092045,20160721,TAVG,126,H,,S,
ASN00092045,20160722,TAVG,100,H,,S,
ASN00092045,20160723,TAVG,54,H,,S,
ASN00092045,20160724,TAVG,87,H,,S,
ASN00092045,20160725,TAVG,90,H,,S,
ASN00092045,20160726,TAVG,90,H,,S,
ASN00092045,20160727,TAVG,103,H,,S,
ASN00092045,20160728,TAVG,116,H,,S,
ASN00092045,20160729,TAVG,100,H,,S,
ASN00092045,20160730,TAVG,114,H,,S,
ASN00092045,20160731,TAVG,99,H,,S,
ASN00092045,20160801,TMAX,128,,,a,
ASN00092045,20160802,TMAX,137,,,a,
ASN00092045,20160803,TMAX,139,,,a,
ASN00092045,20160804,TMAX,117,,,a,
ASN00092045,20160805,TMAX,131,,,a,
ASN00092045,20160806,TMAX,131,,,a,
ASN00092045,20160807,TMAX,116,,,a,
ASN00092045,20160808,TMAX,145,,,a,
ASN00092045,20160809,TMAX,149,,,a,
ASN00092045,20160810,TMAX,135,,,a,
ASN00092045,20160811,TMAX,142,,,a,
ASN00092045,20160812,TMAX,139,,,a,
ASN00092045,20160813,TMAX,144,,,a,
ASN00092045,20160814,TMAX,140,,,a,
ASN00092045,20160815,TMAX,176,,,a,
ASN00092045,20160816,TMAX,159,,,a,
ASN00092045,20160817,TMAX,150,,,a,
ASN00092045,20160818,TMAX,141,,,a,
ASN00092045,20160819,TMAX,157,,,a,
ASN00092045,20160820,TMAX,120,,,a,
ASN00092045,20160821,TMAX,131,,,a,
ASN00092045,20160822,TMAX,137,,,a,
ASN00092045,20160823,TMAX,129,,,a,
ASN00092045,20160824,TMAX,141,,,a,
ASN00092045,20160825,TMAX,137,,,a,
ASN00092045,20160826,TMAX,142,,,a,
ASN00092045,20160827,TMAX,152,,,a,
ASN00092045,20160828,TMAX,137,,,a,
ASN00092045,20160829,TMAX,144,,,a,
ASN00092045,20160830,TMAX,151,,,a,
ASN00092045,20160831,TMAX,167,,,a,
ASN00092045,20160801,TMIN,53,,,a,
ASN00092045,20160802,TMIN,53,,,a,
ASN00092045,20160803,TMIN,64,,,a,
ASN00092045,20160804,TMIN,82,,,a,
ASN00092045,20160805,TMIN,64,,,a,
ASN00092045,20160806,TMIN,58,,,a,
ASN00092045,20160807,TMIN,70,,,a,
ASN00092045,20160808,TMIN,66,,,a,
ASN00092045,20160809,TMIN,76,,,a,
ASN00092045,20160810,TMIN,96,,,a,
ASN00092045,20160811,TMIN,60,,,a,
ASN00092045,20160812,TMIN,75,,,a,
ASN00092045,20160813,TMIN,85,,,a,
ASN00092045,20160814,TMIN,60,,,a,
ASN00092045,20160815,TMIN,96,,,a,
ASN00092045,20160816,TMIN,97,,,a,
ASN00092045,20160817,TMIN,99,,,a,
ASN00092045,20160818,TMIN,61,,,a,
ASN00092045,20160819,TMIN,103,,,a,
ASN00092045,20160820,TMIN,69,,,a,
ASN00092045,20160821,TMIN,65,,,a,
ASN00092045,20160822,TMIN,48,,,a,
ASN00092045,20160823,TMIN,38,,,a,
ASN00092045,20160824,TMIN,44,,,a,
ASN00092045,20160825,TMIN,55,,,a,
ASN00092045,20160826,TMIN,28,,,a,
ASN00092045,20160827,TMIN,86,,,a,
ASN00092045,20160828,TMIN,79,,,a,
ASN00092045,20160829,TMIN,44,,,a,
ASN00092045,20160830,TMIN,69,,,a,
ASN00092045,20160831,TMIN,112,,,a,
ASN00092045,20160801,PRCP,0,,,a,
ASN00092045,20160802,PRCP,6,,,a,
ASN00092045,20160803,PRCP,0,,,a,
ASN00092045,20160804,PRCP,12,,,a,
ASN00092045,20160805,PRCP,2,,,a,
ASN00092045,20160806,PRCP,0,,,a,
ASN00092045,20160807,PRCP,6,,,a,
ASN00092045,20160808,PRCP,22,,,a,
ASN00092045,20160809,PRCP,8,,,a,
ASN00092045,20160810,PRCP,46,,,a,
ASN00092045,20160811,PRCP,78,,,a,
ASN00092045,20160812,PRCP,2,,,a,
ASN00092045,20160813,PRCP,22,,,a,
ASN00092045,20160814,PRCP,2,,,a,
ASN00092045,20160815,PRCP,0,,,a,
ASN00092045,20160816,PRCP,2,,,a,
ASN00092045,20160817,PRCP,4,,,a,
ASN00092045,20160818,PRCP,4,,,a,
ASN00092045,20160819,PRCP,0,,,a,
ASN00092045,20160820,PRCP,30,,,a,
ASN00092045,20160821,PRCP,14,,,a,
ASN00092045,20160822,PRCP,0,,,a,
ASN00092045,20160823,PRCP,0,,,a,
ASN00092045,20160824,PRCP,0,,,a,
ASN00092045,20160825,PRCP,0,,,a,
ASN00092045,20160826,PRCP,0,,,a,
ASN00092045,20160827,PRCP,0,,,a,
ASN00092045,20160828,PRCP,16,,,a,
ASN00092045,20160829,PRCP,2,,,a,
ASN00092045,20160830,PRCP,0,,,a,
ASN00092045,20160831,PRCP,60,,,a,
ASN00092045,20160801,TAVG,103,H,,S,
ASN00092045,20160802,TAVG,101,H,,S,
ASN00092045,20160803,TAVG,101,H,,S,
ASN00092045,20160804,TAVG,91,H,,S,
ASN00092045,20160805,TAVG,91,H,,S,
ASN00092045,20160806,TAVG,94,H,,S,
ASN00092045,20160807,TAVG,86,H,,S,
ASN00092045,20160808,TAVG,106,H,,S,
ASN00092045,20160809,TAVG,126,H,,S,
ASN00092045,20160810,TAVG,96,H,,S,
ASN00092045,20160811,TAVG,100,H,,S,
ASN00092045,20160812,TAVG,109,H,,S,
ASN00092045,20160813,TAVG,106,H,,S,
ASN00092045,20160814,TAVG,119,H,,S,
ASN00092045,20160815,TAVG,122,H,,S,
ASN00092045,20160816,TAVG,128,H,,S,
ASN00092045,20160817,TAVG,99,H,,S,
ASN00092045,20160818,TAVG,130,H,,S,
ASN00092045,20160819,TAVG,107,H,,S,
ASN00092045,20160820,TAVG,88,H,,S,
ASN00092045,20160821,TAVG,89,H,,S,
ASN00092045,20160822,TAVG,83,H,,S,
ASN00092045,20160823,TAVG,83,H,,S,
ASN00092045,20160824,TAVG,92,H,,S,
ASN00092045,20160825,TAVG,86,H,,S,
ASN00092045,20160826,TAVG,106,H,,S,
ASN00092045,20160827,TAVG,114,H,,S,
ASN00092045,20160828,TAVG,81,H,,S,
ASN00092045,20160829,TAVG,101,H,,S,
ASN00092045,20160830,TAVG,127,H,,S,
ASN00092045,20160831,TAVG,124,H,,S,
ASN00092045,20160901,TMAX,174,,,a,
ASN00092045,20160902,TMAX,140,,,a,
ASN00092045,20160903,TMAX,144,,,a,
ASN00092045,20160904,TMAX,158,,,a,
ASN00092045,20160905,TMAX,181,,,a,
ASN00092045,20160906,TMAX,174,,,a,
ASN00092045,20160907,TMAX,149,,,a,
ASN00092045,20160908,TMAX,169,,,a,
ASN00092045,20160909,TMAX,176,,,a,
ASN00092045,20160910,TMAX,156,,,a,
ASN00092045,20160911,TMAX,165,,,a,
ASN00092045,20160912,TMAX,157,,,a,
ASN00092045,20160913,TMAX,140,,,a,
ASN00092045,20160914,TMAX,146,,,a,
ASN00092045,20160915,TMAX,155,,,a,
ASN00092045,20160916,TMAX,156,,,a,
ASN00092045,20160917,TMAX,170,,,a,
ASN00092045,20160918,TMAX,163,,,a,
ASN00092045,20160919,TMAX,177,,,a,
ASN00092045,20160920,TMAX,168,,,a,
ASN00092045,20160921,TMAX,135,,,a,
ASN00092045,20160922,TMAX,155,,,a,
ASN00092045,20160923,TMAX,166,,,a,
ASN00092045,20160924,TMAX,156,,,a,
ASN00092045,20160925,TMAX,167,,,a,
ASN00092045,20160926,TMAX,159,,,a,
ASN00092045,20160927,TMAX,163,,,a,
ASN00092045,20160928,TMAX,173,,,a,
ASN00092045,20160929,TMAX,154,,,a,
ASN00092045,20160930,TMAX,170,,,a,
ASN00092045,20160901,TMIN,95,,,a,
ASN00092045,20160902,TMIN,100,,,a,
ASN00092045,20160903,TMIN,104,,,a,
ASN00092045,20160904,TMIN,67,,,a,
ASN00092045,20160905,TMIN,113,,,a,
ASN00092045,20160906,TMIN,108,,,a,
ASN00092045,20160907,TMIN,102,,,a,
ASN00092045,20160908,TMIN,123,,,a,
ASN00092045,20160909,TMIN,125,,,a,
ASN00092045,20160910,TMIN,125,,,a,
ASN00092045,20160911,TMIN,81,,,a,
ASN00092045,20160912,TMIN,71,,,a,
ASN00092045,20160913,TMIN,60,,,a,
ASN00092045,20160914,TMIN,105,,,a,
ASN00092045,20160915,TMIN,83,,,a,
ASN00092045,20160916,TMIN,66,,,a,
ASN00092045,20160917,TMIN,86,,,a,
ASN00092045,20160918,TMIN,96,,,a,
ASN00092045,20160919,TMIN,72,,,a,
ASN00092045,20160920,TMIN,67,,,a,
ASN00092045,20160921,TMIN,84,,,a,
ASN00092045,20160922,TMIN,114,,,a,
ASN00092045,20160923,TMIN,87,,,a,
ASN00092045,20160924,TMIN,98,,,a,
ASN00092045,20160925,TMIN,105,,,a,
ASN00092045,20160926,TMIN,81,,,a,
ASN00092045,20160927,TMIN,64,,,a,
ASN00092045,20160928,TMIN,83,,,a,
ASN00092045,20160929,TMIN,108,,,a,
ASN00092045,20160930,TMIN,88,,,a,
ASN00092045,20160901,PRCP,2,,,a,
ASN00092045,20160902,PRCP,2,,,a,
ASN00092045,20160903,PRCP,2,,,a,
ASN00092045,20160904,PRCP,56,,,a,
ASN00092045,20160905,PRCP,0,,,a,
ASN00092045,20160906,PRCP,0,,,a,
ASN00092045,20160907,PRCP,0,,,a,
ASN00092045,20160908,PRCP,0,,,a,
ASN00092045,20160909,PRCP,0,,,a,
ASN00092045,20160910,PRCP,16,,,a,
ASN00092045,20160911,PRCP,12,,,a,
ASN00092045,20160912,PRCP,0,,,a,
ASN00092045,20160913,PRCP,0,,,a,
ASN00092045,20160914,PRCP,0,,,a,
ASN00092045,20160915,PRCP,282,,,a,
ASN00092045,20160916,PRCP,4,,,a,
ASN00092045,20160917,PRCP,2,,,a,
ASN00092045,20160918,PRCP,2,,,a,
ASN00092045,20160919,PRCP,4,,,a,
ASN00092045,20160920,PRCP,0,,,a,
ASN00092045,20160921,PRCP,2,,,a,
ASN00092045,20160922,PRCP,8,,,a,
ASN00092045,20160923,PRCP,8,,,a,
ASN00092045,20160924,PRCP,24,,,a,
ASN00092045,20160925,PRCP,36,,,a,
ASN00092045,20160926,PRCP,92,,,a,
ASN00092045,20160927,PRCP,2,,,a,
ASN00092045,20160928,PRCP,0,,,a,
ASN00092045,20160929,PRCP,2,,,a,
ASN00092045,20160930,PRCP,236,,,a,
ASN00092045,20160901,TAVG,129,H,,S,
ASN00092045,20160902,TAVG,116,H,,S,
ASN00092045,20160903,TAVG,105,H,,S,
ASN00092045,20160904,TAVG,127,H,,S,
ASN00092045,20160905,TAVG,131,H,,S,
ASN00092045,20160906,TAVG,131,H,,S,
ASN00092045,20160907,TAVG,134,H,,S,
ASN00092045,20160908,TAVG,141,H,,S,
ASN00092045,20160909,TAVG,141,H,,S,
ASN00092045,20160910,TAVG,114,H,,S,
ASN00092045,20160911,TAVG,118,H,,S,
ASN00092045,20160912,TAVG,101,H,,S,
ASN00092045,20160913,TAVG,123,H,,S,
ASN00092045,20160914,TAVG,112,H,,S,
ASN00092045,20160915,TAVG,109,H,,S,
ASN00092045,20160916,TAVG,111,H,,S,
ASN00092045,20160917,TAVG,126,H,,S,
ASN00092045,20160918,TAVG,111,H,,S,
ASN00092045,20160919,TAVG,114,H,,S,
ASN00092045,20160920,TAVG,114,H,,S,
ASN00092045,20160921,TAVG,126,H,,S,
ASN00092045,20160922,TAVG,117,H,,S,
ASN00092045,20160923,TAVG,124,H,,S,
ASN00092045,20160924,TAVG,127,H,,S,
ASN00092045,20160925,TAVG,114,H,,S,
ASN00092045,20160926,TAVG,104,H,,S,
ASN00092045,20160927,TAVG,116,H,,S,
ASN00092045,20160928,TAVG,138,H,,S,
ASN00092045,20160929,TAVG,113,H,,S,
ASN00092045,20160930,TAVG,112,H,,S,
ASN00092045,20161001,TMAX,155,,,a,
ASN00092045,20161002,TMAX,188,,,a,
ASN00092045,20161003,TMAX,154,,,a,
ASN00092045,20161004,TMAX,150,,,a,
ASN00092045,20161005,TMAX,142,,,a,
ASN00092045,20161006,TMAX,173,,,a,
ASN00092045,20161007,TMAX,188,,,a,
ASN00092045,20161008,TMAX,163,,,a,
ASN00092045,20161009,TMAX,162,,,a,
ASN00092045,20161010,TMAX,151,,,a,
ASN00092045,20161011,TMAX,157,,,a,
ASN00092045,20161012,TMAX,169,,,a,
ASN00092045,20161013,TMAX,148,,,a,
ASN00092045,20161014,TMAX,171,,,a,
ASN00092045,20161015,TMAX,198,,,a,
ASN00092045,20161016,TMAX,203,,,a,
ASN00092045,20161017,TMAX,156,,,a,
ASN00092045,20161018,TMAX,150,,,a,
ASN00092045,20161019,TMAX,164,,,a,
ASN00092045,20161020,TMAX,172,,,a,
ASN00092045,20161021,TMAX,177,,,a,
ASN00092045,20161022,TMAX,126,,,a,
ASN00092045,20161023,TMAX,149,,,a,
ASN00092045,20161024,TMAX,168,,,a,
ASN00092045,20161025,TMAX,178,,,a,
ASN00092045,20161026,TMAX,169,,,a,
ASN00092045,20161027,TMAX,158,,,a,
ASN00092045,20161028,TMAX,167,,,a,
ASN00092045,20161029,TMAX,180,,,a,
ASN00092045,20161030,TMAX,187,,,a,
ASN00092045,20161031,TMAX,154,,,a,
ASN00092045,20161001,TMIN,70,,,a,
ASN00092045,20161002,TMIN,104,,,a,
ASN00092045,20161003,TMIN,125,,,a,
ASN00092045,20161004,TMIN,95,,,a,
ASN00092045,20161005,TMIN,68,,,a,
ASN00092045,20161006,TMIN,97,,,a,
ASN00092045,20161007,TMIN,119,,,a,
ASN00092045,20161008,TMIN,66,,,a,
ASN00092045,20161009,TMIN,93,,,a,
ASN00092045,20161010,TMIN,92,,,a,
ASN00092045,20161011,TMIN,37,,,a,
ASN00092045,20161012,TMIN,94,,,a,
ASN00092045,20161013,TMIN,37,,,a,
ASN00092045,20161014,TMIN,55,,,a,
ASN00092045,20161015,TMIN,96,,,a,
ASN00092045,20161016,TMIN,121,,,a,
ASN00092045,20161017,TMIN,94,,,a,
ASN00092045,20161018,TMIN,92,,,a,
ASN00092045,20161019,TMIN,48,,,a,
ASN00092045,20161020,TMIN,75,,,a,
ASN00092045,20161021,TMIN,123,,,a,
ASN00092045,20161022,TMIN,85,,,a,
ASN00092045,20161023,TMIN,79,,,a,
ASN00092045,20161024,TMIN,89,,,a,
ASN00092045,20161025,TMIN,84,,,a,
ASN00092045,20161026,TMIN,125,,,a,
ASN00092045,20161027,TMIN,82,,,a,
ASN00092045,20161028,TMIN,76,,,a,
ASN00092045,20161029,TMIN,78,,,a,
ASN00092045,20161030,TMIN,135,,,a,
ASN00092045,20161031,TMIN,76,,,a,
ASN00092045,20161001,PRCP,2,,,a,
ASN00092045,20161002,PRCP,2,,,a,
ASN00092045,20161003,PRCP,24,,,a,
ASN00092045,20161004,PRCP,72,,,a,
ASN00092045,20161005,PRCP,44,,,a,
ASN00092045,20161006,PRCP,10,,,a,
ASN00092045,20161007,PRCP,0,,,a,
ASN00092045,20161008,PRCP,0,,,a,
ASN00092045,20161009,PRCP,0,,,a,
ASN00092045,20161010,PRCP,36,,,a,
ASN00092045,20161012,PRCP,0,,,a,
ASN00092045,20161013,PRCP,2,,,a,
ASN00092045,20161014,PRCP,2,,,a,
ASN00092045,20161015,PRCP,0,,,a,
ASN00092045,20161016,PRCP,0,,,a,
ASN00092045,20161017,PRCP,14,,,a,
ASN00092045,20161018,PRCP,8,,,a,
ASN00092045,20161019,PRCP,6,,,a,
ASN00092045,20161020,PRCP,0,,,a,
ASN00092045,20161021,PRCP,2,,,a,
ASN00092045,20161022,PRCP,58,,,a,
ASN00092045,20161023,PRCP,148,,,a,
ASN00092045,20161024,PRCP,0,,,a,
ASN00092045,20161025,PRCP,0,,,a,
ASN00092045,20161026,PRCP,0,,,a,
ASN00092045,20161027,PRCP,0,,,a,
ASN00092045,20161028,PRCP,0,,,a,
ASN00092045,20161029,PRCP,0,,,a,
ASN00092045,20161030,PRCP,0,,,a,
ASN00092045,20161031,PRCP,24,,,a,
ASN00092045,20161001,TAVG,125,H,,S,
ASN00092045,20161002,TAVG,140,H,,S,
ASN00092045,20161003,TAVG,113,H,,S,
ASN00092045,20161004,TAVG,100,H,,S,
ASN00092045,20161005,TAVG,119,H,,S,
ASN00092045,20161006,TAVG,147,H,,S,
ASN00092045,20161007,TAVG,125,H,,S,
ASN00092045,20161008,TAVG,125,H,,S,
ASN00092045,20161009,TAVG,133,H,,S,
ASN00092045,20161010,TAVG,94,H,,S,
ASN00092045,20161011,TAVG,117,H,,S,
ASN00092045,20161012,TAVG,86,H,,S,
ASN00092045,20161013,TAVG,112,H,,S,
ASN00092045,20161014,TAVG,119,H,,S,
ASN00092045,20161015,TAVG,156,H,,S,
ASN00092045,20161016,TAVG,138,H,,S,
ASN00092045,20161017,TAVG,122,H,,S,
ASN00092045,20161018,TAVG,96,H,,S,
ASN00092045,20161019,TAVG,112,H,,S,
ASN00092045,20161020,TAVG,144,H,,S,
ASN00092045,20161021,TAVG,106,H,,S,
ASN00092045,20161022,TAVG,98,H,,S,
ASN00092045,20161023,TAVG,114,H,,S,
ASN00092045,20161024,TAVG,119,H,,S,
ASN00092045,20161025,TAVG,139,H,,S,
ASN00092045,20161026,TAVG,123,H,,S,
ASN00092045,20161027,TAVG,115,H,,S,
ASN00092045,20161028,TAVG,119,H,,S,
ASN00092045,20161029,TAVG,153,H,,S,
ASN00092045,20161030,TAVG,121,H,,S,
ASN00092045,20161031,TAVG,116,H,,S,
ASN00092045,20161101,TMAX,165,,,a,
ASN00092045,20161102,TMAX,173,,,a,
ASN00092045,20161103,TMAX,192,,,a,
ASN00092045,20161104,TMAX,185,,,a,
ASN00092045,20161105,TMAX,180,,,a,
ASN00092045,20161106,TMAX,190,,,a,
ASN00092045,20161107,TMAX,191,,,a,
ASN00092045,20161108,TMAX,186,,,a,
ASN00092045,20161109,TMAX,184,,,a,
ASN00092045,20161110,TMAX,176,,,a,
ASN00092045,20161111,TMAX,187,,,a,
ASN00092045,20161112,TMAX,153,,,a,
ASN00092045,20161113,TMAX,182,,,a,
ASN00092045,20161114,TMAX,165,,,a,
ASN00092045,20161115,TMAX,202,,,a,
ASN00092045,20161116,TMAX,182,,,a,
ASN00092045,20161117,TMAX,232,,,a,
ASN00092045,20161118,TMAX,204,,,a,
ASN00092045,20161119,TMAX,211,,,a,
ASN00092045,20161120,TMAX,222,,,a,
ASN00092045,20161121,TMAX,212,,,a,
ASN00092045,20161122,TMAX,193,,,a,
ASN00092045,20161123,TMAX,138,,,a,
ASN00092045,20161124,TMAX,172,,,a,
ASN00092045,20161125,TMAX,197,,,a,
ASN00092045,20161126,TMAX,186,,,a,
ASN00092045,20161127,TMAX,186,,,a,
ASN00092045,20161128,TMAX,184,,,a,
ASN00092045,20161130,TMAX,209,,,a,
ASN00092045,20161101,TMIN,87,,,a,
ASN00092045,20161102,TMIN,84,,,a,
ASN00092045,20161103,TMIN,110,,,a,
ASN00092045,20161104,TMIN,114,,,a,
ASN00092045,20161105,TMIN,97,,,a,
ASN00092045,20161106,TMIN,79,,,a,
ASN00092045,20161107,TMIN,125,,,a,
ASN00092045,20161108,TMIN,75,,,a,
ASN00092045,20161109,TMIN,78,,,a,
ASN00092045,20161110,TMIN,93,,,a,
ASN00092045,20161111,TMIN,121,,,a,
ASN00092045,20161112,TMIN,127,,,a,
ASN00092045,20161113,TMIN,124,,,a,
ASN00092045,20161114,TMIN,100,,,a,
ASN00092045,20161115,TMIN,90,,,a,
ASN00092045,20161116,TMIN,106,,,a,
ASN00092045,20161117,TMIN,121,,,a,
ASN00092045,20161118,TMIN,145,,,a,
ASN00092045,20161119,TMIN,97,,,a,
ASN00092045,20161120,TMIN,114,,,a,
ASN00092045,20161121,TMIN,128,,,a,
ASN00092045,20161122,TMIN,148,,,a,
ASN00092045,20161123,TMIN,108,,,a,
ASN00092045,20161124,TMIN,88,,,a,
ASN00092045,20161125,TMIN,71,,,a,
ASN00092045,20161126,TMIN,97,,,a,
ASN00092045,20161127,TMIN,104,,,a,
ASN00092045,20161128,TMIN,127,,,a,
ASN00092045,20161129,TMIN,118,,,a,
ASN00092045,20161130,TMIN,136,,,a,
ASN00092045,20161101,PRCP,32,,,a,
ASN00092045,20161102,PRCP,14,,,a,
ASN00092045,20161103,PRCP,0,,,a,
ASN00092045,20161104,PRCP,0,,,a,
ASN00092045,20161105,PRCP,0,,,a,
ASN00092045,20161106,PRCP,0,,,a,
ASN00092045,20161107,PRCP,0,,,a,
ASN00092045,20161108,PRCP,4,,,a,
ASN00092045,20161109,PRCP,0,,,a,
ASN00092045,20161110,PRCP,0,,,a,
ASN00092045,20161111,PRCP,0,,,a,
ASN00092045,20161112,PRCP,0,,,a,
ASN00092045,20161113,PRCP,472,,,a,
ASN00092045,20161114,PRCP,106,,,a,
ASN00092045,20161115,PRCP,2,,,a,
ASN00092045,20161116,PRCP,0,,,a,
ASN00092045,20161117,PRCP,0,,,a,
ASN00092045,20161118,PRCP,0,,,a,
ASN00092045,20161119,PRCP,0,,,a,
ASN00092045,20161120,PRCP,0,,,a,
ASN00092045,20161121,PRCP,0,,,a,
ASN00092045,20161122,PRCP,48,,,a,
ASN00092045,20161123,PRCP,32,,,a,
ASN00092045,20161124,PRCP,200,,,a,
ASN00092045,20161125,PRCP,0,,,a,
ASN00092045,20161126,PRCP,0,,,a,
ASN00092045,20161127,PRCP,0,,,a,
ASN00092045,20161128,PRCP,0,,,a,
ASN00092045,20161129,PRCP,32,,,a,
ASN00092045,20161101,TAVG,122,H,,S,
ASN00092045,20161102,TAVG,133,H,,S,
ASN00092045,20161103,TAVG,139,H,,S,
ASN00092045,20161104,TAVG,131,H,,S,
ASN00092045,20161105,TAVG,123,H,,S,
ASN00092045,20161106,TAVG,149,H,,S,
ASN00092045,20161107,TAVG,122,H,,S,
ASN00092045,20161108,TAVG,131,H,,S,
ASN00092045,20161109,TAVG,133,H,,S,
ASN00092045,20161110,TAVG,138,H,,S,
ASN00092045,20161111,TAVG,149,H,,S,
ASN00092045,20161112,TAVG,137,H,,S,
ASN00092045,20161113,TAVG,128,H,,S,
ASN00092045,20161114,TAVG,128,H,,S,
ASN00092045,20161115,TAVG,148,H,,S,
ASN00092045,20161116,TAVG,145,H,,S,
ASN00092045,20161117,TAVG,173,H,,S,
ASN00092045,20161118,TAVG,148,H,,S,
ASN00092045,20161119,TAVG,151,H,,S,
ASN00092045,20161120,TAVG,166,H,,S,
ASN00092045,20161121,TAVG,172,H,,S,
ASN00092045,20161122,TAVG,137,H,,S,
ASN00092045,20161123,TAVG,114,H,,S,
ASN00092045,20161124,TAVG,125,H,,S,
ASN00092045,20161125,TAVG,137,H,,S,
ASN00092045,20161126,TAVG,144,H,,S,
ASN00092045,20161127,TAVG,151,H,,S,
ASN00092045,20161128,TAVG,146,H,,S,
ASN00092045,20161129,TAVG,152,H,,S,
ASN00092045,20161130,TAVG,167,H,,S,
ASN00092045,20161201,TMAX,174,,,a,
ASN00092045,20161202,TMAX,202,,,a,
ASN00092045,20161203,TMAX,192,,,a,
ASN00092045,20161204,TMAX,195,,,a,
ASN00092045,20161205,TMAX,218,,,a,
ASN00092045,20161206,TMAX,199,,,a,
ASN00092045,20161207,TMAX,207,,,a,
ASN00092045,20161208,TMAX,166,,,a,
ASN00092045,20161209,TMAX,192,,,a,
ASN00092045,20161210,TMAX,197,,,a,
ASN00092045,20161211,TMAX,207,,,a,
ASN00092045,20161212,TMAX,210,,,a,
ASN00092045,20161213,TMAX,253,,,a,
ASN00092045,20161214,TMAX,198,,,a,
ASN00092045,20161215,TMAX,173,,,a,
ASN00092045,20161216,TMAX,201,,,a,
ASN00092045,20161217,TMAX,196,,,a,
ASN00092045,20161218,TMAX,191,,,a,
ASN00092045,20161219,TMAX,201,,,a,
ASN00092045,20161220,TMAX,205,,,a,
ASN00092045,20161221,TMAX,210,,,a,
ASN00092045,20161222,TMAX,196,,,a,
ASN00092045,20161223,TMAX,217,,,a,
ASN00092045,20161224,TMAX,219,,,a,
ASN00092045,20161225,TMAX,234,,,a,
ASN00092045,20161226,TMAX,274,,,a,
ASN00092045,20161227,TMAX,181,,,a,
ASN00092045,20161228,TMAX,194,,,a,
ASN00092045,20161229,TMAX,182,,,a,
ASN00092045,20161230,TMAX,255,,,a,
ASN00092045,20161231,TMAX,245,,,a,
ASN00092045,20161201,TMIN,149,,,a,
ASN00092045,20161202,TMIN,121,,,a,
ASN00092045,20161203,TMIN,87,,,a,
ASN00092045,20161204,TMIN,96,,,a,
ASN00092045,20161205,TMIN,154,,,a,
ASN00092045,20161206,TMIN,138,,,a,
ASN00092045,20161207,TMIN,99,,,a,
ASN00092045,20161208,TMIN,127,,,a,
ASN00092045,20161209,TMIN,91,,,a,
ASN00092045,20161210,TMIN,72,,,a,
ASN00092045,20161211,TMIN,112,,,a,
ASN00092045,20161212,TMIN,112,,,a,
ASN00092045,20161213,TMIN,130,,,a,
ASN00092045,20161214,TMIN,135,,,a,
ASN00092045,20161215,TMIN,70,,,a,
ASN00092045,20161216,TMIN,101,,,a,
ASN00092045,20161217,TMIN,139,,,a,
ASN00092045,20161218,TMIN,56,,,a,
ASN00092045,20161219,TMIN,99,,,a,
ASN00092045,20161220,TMIN,144,,,a,
ASN00092045,20161221,TMIN,116,,,a,
ASN00092045,20161222,TMIN,102,,,a,
ASN00092045,20161223,TMIN,119,,,a,
ASN00092045,20161224,TMIN,160,,,a,
ASN00092045,20161225,TMIN,172,,,a,
ASN00092045,20161226,TMIN,168,,,a,
ASN00092045,20161227,TMIN,150,,,a,
ASN00092045,20161228,TMIN,147,,,a,
ASN00092045,20161229,TMIN,167,,,a,
ASN00092045,20161230,TMIN,165,,,a,
ASN00092045,20161231,TMIN,146,,,a,
ASN00092045,20161201,PRCP,10,,,a,
ASN00092045,20161202,PRCP,16,,,a,
ASN00092045,20161203,PRCP,0,,,a,
ASN00092045,20161204,PRCP,0,,,a,
ASN00092045,20161205,PRCP,22,,,a,
ASN00092045,20161206,PRCP,0,,,a,
ASN00092045,20161207,PRCP,0,,,a,
ASN00092045,20161208,PRCP,40,,,a,
ASN00092045,20161209,PRCP,148,,,a,
ASN00092045,20161210,PRCP,0,,,a,
ASN00092045,20161211,PRCP,0,,,a,
ASN00092045,20161212,PRCP,0,,,a,
ASN00092045,20161213,PRCP,0,,,a,
ASN00092045,20161214,PRCP,0,,,a,
ASN00092045,20161215,PRCP,0,,,a,
ASN00092045,20161216,PRCP,0,,,a,
ASN00092045,20161217,PRCP,0,,,a,
ASN00092045,20161218,PRCP,0,,,a,
ASN00092045,20161219,PRCP,0,,,a,
ASN00092045,20161220,PRCP,4,,,a,
ASN00092045,20161221,PRCP,2,,,a,
ASN00092045,20161222,PRCP,0,,,a,
ASN00092045,20161223,PRCP,0,,,a,
ASN00092045,20161224,PRCP,0,,,a,
ASN00092045,20161225,PRCP,0,,,a,
ASN00092045,20161226,PRCP,0,,,a,
ASN00092045,20161227,PRCP,2,,,a,
ASN00092045,20161228,PRCP,98,,,a,
ASN00092045,20161229,PRCP,392,,,a,
ASN00092045,20161230,PRCP,26,,,a,
ASN00092045,20161231,PRCP,2,,,a,
ASN00092045,20161201,TAVG,152,H,,S,
ASN00092045,20161202,TAVG,143,H,,S,
ASN00092045,20161203,TAVG,141,H,,S,
ASN00092045,20161204,TAVG,174,H,,S,
ASN00092045,20161205,TAVG,168,H,,S,
ASN00092045,20161206,TAVG,147,H,,S,
ASN00092045,20161207,TAVG,162,H,,S,
ASN00092045,20161208,TAVG,133,H,,S,
ASN00092045,20161209,TAVG,129,H,,S,
ASN00092045,20161210,TAVG,157,H,,S,
ASN00092045,20161211,TAVG,157,H,,S,
ASN00092045,20161212,TAVG,158,H,,S,
ASN00092045,20161213,TAVG,182,H,,S,
ASN00092045,20161214,TAVG,136,H,,S,
ASN00092045,20161215,TAVG,137,H,,S,
ASN00092045,20161216,TAVG,164,H,,S,
ASN00092045,20161217,TAVG,123,H,,S,
ASN00092045,20161218,TAVG,146,H,,S,
ASN00092045,20161219,TAVG,163,H,,S,
ASN00092045,20161220,TAVG,156,H,,S,
ASN00092045,20161221,TAVG,154,H,,S,
ASN00092045,20161222,TAVG,156,H,,S,
ASN00092045,20161223,TAVG,180,H,,S,
ASN00092045,20161224,TAVG,187,H,,S,
ASN00092045,20161225,TAVG,189,H,,S,
ASN00092045,20161226,TAVG,177,H,,S,
ASN00092045,20161227,TAVG,161,H,,S,
ASN00092045,20161228,TAVG,178,H,,S,
ASN00092045,20161229,TAVG,171,H,,S,
ASN00092045,20161230,TAVG,187,H,,S,
ASN00092045,20161231,TAVG,184,H,,S,
ASN00092045,20170101,TMAX,204,,,a,
ASN00092045,20170102,TMAX,199,,,a,
ASN00092045,20170103,TMAX,185,,,a,
ASN00092045,20170104,TMAX,211,,,a,
ASN00092045,20170105,TMAX,230,,,a,
ASN00092045,20170106,TMAX,240,,,a,
ASN00092045,20170107,TMAX,252,,,a,
ASN00092045,20170108,TMAX,296,,,a,
ASN00092045,20170109,TMAX,248,,,a,
ASN00092045,20170110,TMAX,224,,,a,
ASN00092045,20170111,TMAX,232,,,a,
ASN00092045,20170112,TMAX,231,,,a,
ASN00092045,20170113,TMAX,194,,,a,
ASN00092045,20170114,TMAX,216,,,a,
ASN00092045,20170115,TMAX,219,,,a,
ASN00092045,20170116,TMAX,208,,,a,
ASN00092045,20170117,TMAX,253,,,a,
ASN00092045,20170118,TMAX,222,,,a,
ASN00092045,20170119,TMAX,194,,,a,
ASN00092045,20170120,TMAX,175,,,a,
ASN00092045,20170121,TMAX,221,,,a,
ASN00092045,20170122,TMAX,246,,,a,
ASN00092045,20170123,TMAX,235,,,a,
ASN00092045,20170124,TMAX,248,,,a,
ASN00092045,20170125,TMAX,226,,,a,
ASN00092045,20170126,TMAX,240,,,a,
ASN00092045,20170127,TMAX,221,,,a,
ASN00092045,20170128,TMAX,218,,,a,
ASN00092045,20170129,TMAX,227,,,a,
ASN00092045,20170130,TMAX,235,,,a,
ASN00092045,20170131,TMAX,229,,,a,
ASN00092045,20170101,TMIN,153,,,a,
ASN00092045,20170102,TMIN,144,,,a,
ASN00092045,20170103,TMIN,146,,,a,
ASN00092045,20170104,TMIN,144,,,a,
ASN00092045,20170105,TMIN,144,,,a,
ASN00092045,20170106,TMIN,168,,,a,
ASN00092045,20170107,TMIN,174,,,a,
ASN00092045,20170108,TMIN,177,,,a,
ASN00092045,20170109,TMIN,149,,,a,
ASN00092045,20170110,TMIN,131,,,a,
ASN00092045,20170111,TMIN,158,,,a,
ASN00092045,20170112,TMIN,120,,,a,
ASN00092045,20170113,TMIN,145,,,a,
ASN00092045,20170114,TMIN,139,,,a,
ASN00092045,20170115,TMIN,85,,,a,
ASN00092045,20170116,TMIN,113,,,a,
ASN00092045,20170117,TMIN,147,,,a,
ASN00092045,20170118,TMIN,125,,,a,
ASN00092045,20170119,TMIN,130,,,a,
ASN00092045,20170120,TMIN,152,,,a,
ASN00092045,20170121,TMIN,110,,,a,
ASN00092045,20170122,TMIN,143,,,a,
ASN00092045,20170123,TMIN,133,,,a,
ASN00092045,20170124,TMIN,175,,,a,
ASN00092045,20170125,TMIN,111,,,a,
ASN00092045,20170126,TMIN,127,,,a,
ASN00092045,20170127,TMIN,127,,,a,
ASN00092045,20170128,TMIN,146,,,a,
ASN00092045,20170129,TMIN,156,,,a,
ASN00092045,20170130,TMIN,148,,,a,
ASN00092045,20170131,TMIN,115,,,a,
ASN00092045,20170101,PRCP,0,,,a,
ASN00092045,20170102,PRCP,0,,,a,
ASN00092045,20170103,PRCP,0,,,a,
ASN00092045,20170104,PRCP,60,,,a,
ASN00092045,20170105,PRCP,2,,,a,
ASN00092045,20170106,PRCP,0,,,a,
ASN00092045,20170107,PRCP,0,,,a,
ASN00092045,20170108,PRCP,0,,,a,
ASN00092045,20170109,PRCP,0,,,a,
ASN00092045,20170110,PRCP,0,,,a,
ASN00092045,20170111,PRCP,0,,,a,
ASN00092045,20170112,PRCP,0,,,a,
ASN00092045,20170113,PRCP,0,,,a,
ASN00092045,20170114,PRCP,100,,,a,
ASN00092045,20170115,PRCP,0,,,a,
ASN00092045,20170116,PRCP,0,,,a,
ASN00092045,20170117,PRCP,0,,,a,
ASN00092045,20170118,PRCP,38,,,a,
ASN00092045,20170119,PRCP,2,,,a,
ASN00092045,20170120,PRCP,206,,,a,
ASN00092045,20170121,PRCP,112,,,a,
ASN00092045,20170122,PRCP,0,,,a,
ASN00092045,20170123,PRCP,0,,,a,
ASN00092045,20170124,PRCP,6,,,a,
ASN00092045,20170125,PRCP,2,,,a,
ASN00092045,20170126,PRCP,0,,,a,
ASN00092045,20170127,PRCP,0,,,a,
ASN00092045,20170128,PRCP,0,,,a,
ASN00092045,20170129,PRCP,0,,,a,
ASN00092045,20170130,PRCP,0,,,a,
ASN00092045,20170131,PRCP,4,,,a,
ASN00092045,20170101,TAVG,170,H,,S,
ASN00092045,20170102,TAVG,164,H,,S,
ASN00092045,20170103,TAVG,160,H,,S,
ASN00092045,20170104,TAVG,176,H,,S,
ASN00092045,20170105,TAVG,194,H,,S,
ASN00092045,20170106,TAVG,199,H,,S,
ASN00092045,20170107,TAVG,204,H,,S,
ASN00092045,20170108,TAVG,205,H,,S,
ASN00092045,20170109,TAVG,179,H,,S,
ASN00092045,20170110,TAVG,182,H,,S,
ASN00092045,20170111,TAVG,173,H,,S,
ASN00092045,20170112,TAVG,181,H,,S,
ASN00092045,20170113,TAVG,164,H,,S,
ASN00092045,20170114,TAVG,153,H,,S,
ASN00092045,20170115,TAVG,163,H,,S,
ASN00092045,20170116,TAVG,170,H,,S,
ASN00092045,20170117,TAVG,186,H,,S,
ASN00092045,20170118,TAVG,168,H,,S,
ASN00092045,20170119,TAVG,169,H,,S,
ASN00092045,20170120,TAVG,144,H,,S,
ASN00092045,20170121,TAVG,176,H,,S,
ASN00092045,20170122,TAVG,176,H,,S,
ASN00092045,20170123,TAVG,198,H,,S,
ASN00092045,20170124,TAVG,173,H,,S,
ASN00092045,20170125,TAVG,178,H,,S,
ASN00092045,20170126,TAVG,184,H,,S,
ASN00092045,20170127,TAVG,177,H,,S,
ASN00092045,20170128,TAVG,187,H,,S,
ASN00092045,20170129,TAVG,186,H,,S,
ASN00092045,20170130,TAVG,173,H,,S,
ASN00092045,20170131,TAVG,163,H,,S,
ASN00092045,20170201,TMAX,207,,,a,
ASN00092045,20170202,TMAX,224,,,a,
ASN00092045,20170203,TMAX,216,,,a,
ASN00092045,20170204,TMAX,233,,,a,
ASN00092045,20170205,TMAX,259,,,a,
ASN00092045,20170206,TMAX,191,,,a,
ASN00092045,20170207,TMAX,213,,,a,
ASN00092045,20170208,TMAX,212,,,a,
ASN00092045,20170209,TMAX,239,,,a,
ASN00092045,20170210,TMAX,193,,,a,
ASN00092045,20170211,TMAX,230,,,a,
ASN00092045,20170212,TMAX,200,,,a,
ASN00092045,20170213,TMAX,220,,,a,
ASN00092045,20170214,TMAX,201,,,a,
ASN00092045,20170215,TMAX,212,,,a,
ASN00092045,20170216,TMAX,208,,,a,
ASN00092045,20170217,TMAX,220,,,a,
ASN00092045,20170218,TMAX,204,,,a,
ASN00092045,20170219,TMAX,171,,,a,
ASN00092045,20170220,TMAX,181,,,a,
ASN00092045,20170221,TMAX,213,,,a,
ASN00092045,20170222,TMAX,219,,,a,
ASN00092045,20170223,TMAX,241,,,a,
ASN00092045,20170224,TMAX,226,,,a,
ASN00092045,20170225,TMAX,197,,,a,
ASN00092045,20170226,TMAX,205,,,a,
ASN00092045,20170227,TMAX,215,,,a,
ASN00092045,20170228,TMAX,246,,,a,
ASN00092045,20170201,TMIN,105,,,a,
ASN00092045,20170202,TMIN,127,,,a,
ASN00092045,20170203,TMIN,132,,,a,
ASN00092045,20170204,TMIN,146,,,a,
ASN00092045,20170205,TMIN,155,,,a,
ASN00092045,20170206,TMIN,154,,,a,
ASN00092045,20170207,TMIN,146,,,a,
ASN00092045,20170208,TMIN,162,,,a,
ASN00092045,20170209,TMIN,184,,,a,
ASN00092045,20170210,TMIN,153,,,a,
ASN00092045,20170211,TMIN,156,,,a,
ASN00092045,20170212,TMIN,126,,,a,
ASN00092045,20170213,TMIN,109,,,a,
ASN00092045,20170214,TMIN,78,,,a,
ASN00092045,20170215,TMIN,105,,,a,
ASN00092045,20170216,TMIN,118,,,a,
ASN00092045,20170217,TMIN,128,,,a,
ASN00092045,20170218,TMIN,101,,,a,
ASN00092045,20170219,TMIN,92,,,a,
ASN00092045,20170220,TMIN,107,,,a,
ASN00092045,20170221,TMIN,120,,,a,
ASN00092045,20170222,TMIN,120,,,a,
ASN00092045,20170223,TMIN,158,,,a,
ASN00092045,20170224,TMIN,150,,,a,
ASN00092045,20170225,TMIN,129,,,a,
ASN00092045,20170226,TMIN,138,,,a,
ASN00092045,20170227,TMIN,159,,,a,
ASN00092045,20170228,TMIN,159,,,a,
ASN00092045,20170201,PRCP,0,,,a,
ASN00092045,20170202,PRCP,0,,,a,
ASN00092045,20170203,PRCP,0,,,a,
ASN00092045,20170204,PRCP,0,,,a,
ASN00092045,20170205,PRCP,0,,,a,
ASN00092045,20170206,PRCP,4,,,a,
ASN00092045,20170207,PRCP,0,,,a,
ASN00092045,20170208,PRCP,0,,,a,
ASN00092045,20170209,PRCP,0,,,a,
ASN00092045,20170210,PRCP,92,,,a,
ASN00092045,20170211,PRCP,0,,,a,
ASN00092045,20170212,PRCP,0,,,a,
ASN00092045,20170213,PRCP,0,,,a,
ASN00092045,20170214,PRCP,0,,,a,
ASN00092045,20170215,PRCP,0,,,a,
ASN00092045,20170216,PRCP,0,,,a,
ASN00092045,20170217,PRCP,0,,,a,
ASN00092045,20170218,PRCP,0,,,a,
ASN00092045,20170219,PRCP,6,,,a,
ASN00092045,20170220,PRCP,32,,,a,
ASN00092045,20170221,PRCP,22,,,a,
ASN00092045,20170222,PRCP,0,,,a,
ASN00092045,20170223,PRCP,2,,,a,
ASN00092045,20170224,PRCP,2,,,a,
ASN00092045,20170225,PRCP,50,,,a,
ASN00092045,20170226,PRCP,2,,,a,
ASN00092045,20170227,PRCP,0,,,a,
ASN00092045,20170228,PRCP,0,,,a,
ASN00092045,20170201,TAVG,160,H,,S,
ASN00092045,20170202,TAVG,168,H,,S,
ASN00092045,20170203,TAVG,176,H,,S,
ASN00092045,20170204,TAVG,187,H,,S,
ASN00092045,20170205,TAVG,187,H,,S,
ASN00092045,20170206,TAVG,163,H,,S,
ASN00092045,20170207,TAVG,181,H,,S,
ASN00092045,20170208,TAVG,193,H,,S,
ASN00092045,20170209,TAVG,173,H,,S,
ASN00092045,20170210,TAVG,172,H,,S,
ASN00092045,20170211,TAVG,167,H,,S,
ASN00092045,20170212,TAVG,150,H,,S,
ASN00092045,20170213,TAVG,153,H,,S,
ASN00092045,20170214,TAVG,148,H,,S,
ASN00092045,20170215,TAVG,173,H,,S,
ASN00092045,20170216,TAVG,164,H,,S,
ASN00092045,20170217,TAVG,159,H,,S,
ASN00092045,20170218,TAVG,142,H,,S,
ASN00092045,20170219,TAVG,131,H,,S,
ASN00092045,20170220,TAVG,148,H,,S,
ASN00092045,20170221,TAVG,159,H,,S,
ASN00092045,20170222,TAVG,191,H,,S,
ASN00092045,20170223,TAVG,186,H,,S,
ASN00092045,20170224,TAVG,162,H,,S,
ASN00092045,20170225,TAVG,163,H,,S,
ASN00092045,20170226,TAVG,182,H,,S,
ASN00092045,20170227,TAVG,184,H,,S,
ASN00092045,20170228,TAVG,206,H,,S,
ASN00092045,20170301,TMAX,251,,,a,
ASN00092045,20170302,TMAX,242,,,a,
ASN00092045,20170303,TMAX,174,,,a,
ASN00092045,20170304,TMAX,216,,,a,
ASN00092045,20170305,TMAX,232,,,a,
ASN00092045,20170306,TMAX,190,,,a,
ASN00092045,20170307,TMAX,195,,,a,
ASN00092045,20170308,TMAX,204,,,a,
ASN00092045,20170309,TMAX,230,,,a,
ASN00092045,20170310,TMAX,227,,,a,
ASN00092045,20170311,TMAX,216,,,a,
ASN00092045,20170312,TMAX,224,,,a,
ASN00092045,20170313,TMAX,236,,,a,
ASN00092045,20170314,TMAX,243,,,a,
ASN00092045,20170315,TMAX,232,,,a,
ASN00092045,20170316,TMAX,224,,,a,
ASN00092045,20170317,TMAX,198,,,a,
ASN00092045,20170318,TMAX,231,,,a,
ASN00092045,20170319,TMAX,237,,,a,
ASN00092045,20170320,TMAX,223,,,a,
ASN00092045,20170321,TMAX,227,,,a,
ASN00092045,20170322,TMAX,182,,,a,
ASN00092045,20170323,TMAX,190,,,a,
ASN00092045,20170324,TMAX,202,,,a,
ASN00092045,20170325,TMAX,199,,,a,
ASN00092045,20170326,TMAX,228,,,a,
ASN00092045,20170327,TMAX,226,,,a,
ASN00092045,20170328,TMAX,209,,,a,
ASN00092045,20170329,TMAX,212,,,a,
ASN00092045,20170330,TMAX,198,,,a,
ASN00092045,20170331,TMAX,178,,,a,
ASN00092045,20170301,TMIN,184,,,a,
ASN00092045,20170302,TMIN,182,,,a,
ASN00092045,20170303,TMIN,161,,,a,
ASN00092045,20170304,TMIN,117,,,a,
ASN00092045,20170305,TMIN,142,,,a,
ASN00092045,20170306,TMIN,152,,,a,
ASN00092045,20170307,TMIN,142,,,a,
ASN00092045,20170308,TMIN,146,,,a,
ASN00092045,20170309,TMIN,174,,,a,
ASN00092045,20170310,TMIN,143,,,a,
ASN00092045,20170311,TMIN,154,,,a,
ASN00092045,20170312,TMIN,162,,,a,
ASN00092045,20170313,TMIN,174,,,a,
ASN00092045,20170314,TMIN,184,,,a,
ASN00092045,20170315,TMIN,195,,,a,
ASN00092045,20170316,TMIN,196,,,a,
ASN00092045,20170317,TMIN,145,,,a,
ASN00092045,20170318,TMIN,160,,,a,
ASN00092045,20170319,TMIN,176,,,a,
ASN00092045,20170320,TMIN,145,,,a,
ASN00092045,20170321,TMIN,174,,,a,
ASN00092045,20170322,TMIN,159,,,a,
ASN00092045,20170323,TMIN,143,,,a,
ASN00092045,20170324,TMIN,139,,,a,
ASN00092045,20170325,TMIN,151,,,a,
ASN00092045,20170326,TMIN,143,,,a,
ASN00092045,20170327,TMIN,162,,,a,
ASN00092045,20170328,TMIN,133,,,a,
ASN00092045,20170329,TMIN,160,,,a,
ASN00092045,20170330,TMIN,114,,,a,
ASN00092045,20170331,TMIN,113,,,a,
ASN00092045,20170301,PRCP,0,,,a,
ASN00092045,20170302,PRCP,0,,,a,
ASN00092045,20170303,PRCP,6,,,a,
ASN00092045,20170304,PRCP,0,,,a,
ASN00092045,20170305,PRCP,0,,,a,
ASN00092045,20170306,PRCP,36,,,a,
ASN00092045,20170307,PRCP,2,,,a,
ASN00092045,20170308,PRCP,0,,,a,
ASN00092045,20170309,PRCP,0,,,a,
ASN00092045,20170310,PRCP,0,,,a,
ASN00092045,20170311,PRCP,0,,,a,
ASN00092045,20170312,PRCP,12,,,a,
ASN00092045,20170313,PRCP,0,,,a,
ASN00092045,20170314,PRCP,0,,,a,
ASN00092045,20170315,PRCP,0,,,a,
ASN00092045,20170316,PRCP,0,,,a,
ASN00092045,20170317,PRCP,0,,,a,
ASN00092045,20170318,PRCP,0,,,a,
ASN00092045,20170319,PRCP,0,,,a,
ASN00092045,20170320,PRCP,2,,,a,
ASN00092045,20170321,PRCP,2,,,a,
ASN00092045,20170322,PRCP,30,,,a,
ASN00092045,20170323,PRCP,44,,,a,
ASN00092045,20170324,PRCP,8,,,a,
ASN00092045,20170325,PRCP,2,,,a,
ASN00092045,20170326,PRCP,4,,,a,
ASN00092045,20170327,PRCP,0,,,a,
ASN00092045,20170328,PRCP,32,,,a,
ASN00092045,20170329,PRCP,0,,,a,
ASN00092045,20170330,PRCP,0,,,a,
ASN00092045,20170331,PRCP,14,,,a,
ASN00092045,20170301,TAVG,209,H,,S,
ASN00092045,20170302,TAVG,191,H,,S,
ASN00092045,20170303,TAVG,152,H,,S,
ASN00092045,20170304,TAVG,175,H,,S,
ASN00092045,20170305,TAVG,183,H,,S,
ASN00092045,20170306,TAVG,160,H,,S,
ASN00092045,20170307,TAVG,169,H,,S,
ASN00092045,20170308,TAVG,185,H,,S,
ASN00092045,20170309,TAVG,181,H,,S,
ASN00092045,20170310,TAVG,185,H,,S,
ASN00092045,20170311,TAVG,182,H,,S,
ASN00092045,20170312,TAVG,192,H,,S,
ASN00092045,20170313,TAVG,198,H,,S,
ASN00092045,20170314,TAVG,207,H,,S,
ASN00092045,20170315,TAVG,206,H,,S,
ASN00092045,20170316,TAVG,177,H,,S,
ASN00092045,20170317,TAVG,176,H,,S,
ASN00092045,20170318,TAVG,192,H,,S,
ASN00092045,20170319,TAVG,189,H,,S,
ASN00092045,20170320,TAVG,188,H,,S,
ASN00092045,20170321,TAVG,180,H,,S,
ASN00092045,20170322,TAVG,159,H,,S,
ASN00092045,20170323,TAVG,159,H,,S,
ASN00092045,20170324,TAVG,171,H,,S,
ASN00092045,20170325,TAVG,173,H,,S,
ASN00092045,20170326,TAVG,193,H,,S,
ASN00092045,20170327,TAVG,167,H,,S,
ASN00092045,20170328,TAVG,178,H,,S,
ASN00092045,20170329,TAVG,163,H,,S,
ASN00092045,20170330,TAVG,148,H,,S,
ASN00092045,20170331,TAVG,139,H,,S,
ASN00092045,20170401,TMAX,195,,,a,
ASN00092045,20170402,TMAX,175,,,a,
ASN00092045,20170403,TMAX,182,,,a,
ASN00092045,20170404,TMAX,206,,,a,
ASN00092045,20170405,TMAX,207,,,a,
ASN00092045,20170406,TMAX,213,,,a,
ASN00092045,20170407,TMAX,219,,,a,
ASN00092045,20170408,TMAX,238,,,a,
ASN00092045,20170409,TMAX,180,,,a,
ASN00092045,20170410,TMAX,161,,,a,
ASN00092045,20170411,TMAX,183,,,a,
ASN00092045,20170412,TMAX,186,,,a,
ASN00092045,20170413,TMAX,184,,,a,
ASN00092045,20170414,TMAX,181,,,a,
ASN00092045,20170415,TMAX,182,,,a,
ASN00092045,20170416,TMAX,195,,,a,
ASN00092045,20170417,TMAX,205,,,a,
ASN00092045,20170418,TMAX,230,,,a,
ASN00092045,20170419,TMAX,213,,,a,
ASN00092045,20170420,TMAX,211,,,a,
ASN00092045,20170421,TMAX,221,,,a,
ASN00092045,20170422,TMAX,202,,,a,
ASN00092045,20170423,TMAX,169,,,a,
ASN00092045,20170424,TMAX,186,,,a,
ASN00092045,20170425,TMAX,180,,,a,
ASN00092045,20170426,TMAX,124,,,a,
ASN00092045,20170427,TMAX,157,,,a,
ASN00092045,20170428,TMAX,185,,,a,
ASN00092045,20170429,TMAX,197,,,a,
ASN00092045,20170430,TMAX,182,,,a,
ASN00092045,20170401,TMIN,115,,,a,
ASN00092045,20170402,TMIN,82,,,a,
ASN00092045,20170403,TMIN,118,,,a,
ASN00092045,20170404,TMIN,122,,,a,
ASN00092045,20170405,TMIN,120,,,a,
ASN00092045,20170406,TMIN,129,,,a,
ASN00092045,20170407,TMIN,131,,,a,
ASN00092045,20170408,TMIN,153,,,a,
ASN00092045,20170409,TMIN,153,,,a,
ASN00092045,20170410,TMIN,140,,,a,
ASN00092045,20170411,TMIN,119,,,a,
ASN00092045,20170412,TMIN,138,,,a,
ASN00092045,20170413,TMIN,106,,,a,
ASN00092045,20170414,TMIN,114,,,a,
ASN00092045,20170415,TMIN,107,,,a,
ASN00092045,20170416,TMIN,122,,,a,
ASN00092045,20170417,TMIN,102,,,a,
ASN00092045,20170418,TMIN,99,,,a,
ASN00092045,20170419,TMIN,120,,,a,
ASN00092045,20170420,TMIN,146,,,a,
ASN00092045,20170421,TMIN,153,,,a,
ASN00092045,20170422,TMIN,153,,,a,
ASN00092045,20170423,TMIN,157,,,a,
ASN00092045,20170424,TMIN,150,,,a,
ASN00092045,20170425,TMIN,144,,,a,
ASN00092045,20170426,TMIN,109,,,a,
ASN00092045,20170427,TMIN,81,,,a,
ASN00092045,20170428,TMIN,91,,,a,
ASN00092045,20170429,TMIN,126,,,a,
ASN00092045,20170430,TMIN,125,,,a,
ASN00092045,20170401,PRCP,14,,,a,
ASN00092045,20170402,PRCP,2,,,a,
ASN00092045,20170403,PRCP,4,,,a,
ASN00092045,20170404,PRCP,2,,,a,
ASN00092045,20170405,PRCP,0,,,a,
ASN00092045,20170406,PRCP,0,,,a,
ASN00092045,20170407,PRCP,0,,,a,
ASN00092045,20170408,PRCP,2,,,a,
ASN00092045,20170409,PRCP,44,,,a,
ASN00092045,20170410,PRCP,122,,,a,
ASN00092045,20170411,PRCP,0,,,a,
ASN00092045,20170412,PRCP,0,,,a,
ASN00092045,20170413,PRCP,0,,,a,
ASN00092045,20170414,PRCP,0,,,a,
ASN00092045,20170415,PRCP,0,,,a,
ASN00092045,20170416,PRCP,0,,,a,
ASN00092045,20170417,PRCP,0,,,a,
ASN00092045,20170418,PRCP,0,,,a,
ASN00092045,20170419,PRCP,0,,,a,
ASN00092045,20170420,PRCP,2,,,a,
ASN00092045,20170421,PRCP,2,,,a,
ASN00092045,20170422,PRCP,0,,,a,
ASN00092045,20170423,PRCP,8,,,a,
ASN00092045,20170424,PRCP,0,,,a,
ASN00092045,20170425,PRCP,36,,,a,
ASN00092045,20170426,PRCP,86,,,a,
ASN00092045,20170427,PRCP,20,,,a,
ASN00092045,20170428,PRCP,0,,,a,
ASN00092045,20170429,PRCP,0,,,a,
ASN00092045,20170430,PRCP,0,,,a,
ASN00092045,20170401,TAVG,135,H,,S,
ASN00092045,20170402,TAVG,145,H,,S,
ASN00092045,20170403,TAVG,150,H,,S,
ASN00092045,20170404,TAVG,159,H,,S,
ASN00092045,20170405,TAVG,161,H,,S,
ASN00092045,20170406,TAVG,168,H,,S,
ASN00092045,20170407,TAVG,182,H,,S,
ASN00092045,20170408,TAVG,183,H,,S,
ASN00092045,20170409,TAVG,152,H,,S,
ASN00092045,20170410,TAVG,142,H,,S,
ASN00092045,20170411,TAVG,152,H,,S,
ASN00092045,20170412,TAVG,145,H,,S,
ASN00092045,20170413,TAVG,147,H,,S,
ASN00092045,20170414,TAVG,141,H,,S,
ASN00092045,20170415,TAVG,147,H,,S,
ASN00092045,20170416,TAVG,144,H,,S,
ASN00092045,20170417,TAVG,142,H,,S,
ASN00092045,20170418,TAVG,162,H,,S,
ASN00092045,20170419,TAVG,174,H,,S,
ASN00092045,20170420,TAVG,177,H,,S,
ASN00092045,20170421,TAVG,178,H,,S,
ASN00092045,20170422,TAVG,173,H,,S,
ASN00092045,20170423,TAVG,155,H,,S,
ASN00092045,20170424,TAVG,163,H,,S,
ASN00092045,20170425,TAVG,134,H,,S,
ASN00092045,20170426,TAVG,99,H,,S,
ASN00092045,20170427,TAVG,122,H,,S,
ASN00092045,20170428,TAVG,152,H,,S,
ASN00092045,20170429,TAVG,156,H,,S,
ASN00092045,20170430,TAVG,153,H,,S,
ASN00092045,20170501,TMAX,180,,,a,
ASN00092045,20170502,TMAX,163,,,a,
ASN00092045,20170503,TMAX,164,,,a,
ASN00092045,20170504,TMAX,169,,,a,
ASN00092045,20170505,TMAX,190,,,a,
ASN00092045,20170506,TMAX,187,,,a,
ASN00092045,20170507,TMAX,138,,,a,
ASN00092045,20170508,TMAX,181,,,a,
ASN00092045,20170509,TMAX,167,,,a,
ASN00092045,20170510,TMAX,184,,,a,
ASN00092045,20170511,TMAX,176,,,a,
ASN00092045,20170512,TMAX,152,,,a,
ASN00092045,20170513,TMAX,184,,,a,
ASN00092045,20170514,TMAX,155,,,a,
ASN00092045,20170515,TMAX,150,,,a,
ASN00092045,20170516,TMAX,154,,,a,
ASN00092045,20170517,TMAX,172,,,a,
ASN00092045,20170518,TMAX,179,,,a,
ASN00092045,20170519,TMAX,156,,,a,
ASN00092045,20170520,TMAX,154,,,a,
ASN00092045,20170521,TMAX,184,,,a,
ASN00092045,20170522,TMAX,188,,,a,
ASN00092045,20170523,TMAX,184,,,a,
ASN00092045,20170524,TMAX,163,,,a,
ASN00092045,20170525,TMAX,166,,,a,
ASN00092045,20170526,TMAX,160,,,a,
ASN00092045,20170527,TMAX,165,,,a,
ASN00092045,20170528,TMAX,122,,,a,
ASN00092045,20170529,TMAX,138,,,a,
ASN00092045,20170530,TMAX,149,,,a,
ASN00092045,20170531,TMAX,144,,,a,
ASN00092045,20170501,TMIN,126,,,a,
ASN00092045,20170502,TMIN,76,,,a,
ASN00092045,20170503,TMIN,50,,,a,
ASN00092045,20170504,TMIN,80,,,a,
ASN00092045,20170505,TMIN,100,,,a,
ASN00092045,20170506,TMIN,131,,,a,
ASN00092045,20170507,TMIN,65,,,a,
ASN00092045,20170508,TMIN,83,,,a,
ASN00092045,20170509,TMIN,101,,,a,
ASN00092045,20170510,TMIN,91,,,a,
ASN00092045,20170511,TMIN,93,,,a,
ASN00092045,20170512,TMIN,118,,,a,
ASN00092045,20170513,TMIN,114,,,a,
ASN00092045,20170514,TMIN,116,,,a,
ASN00092045,20170515,TMIN,113,,,a,
ASN00092045,20170516,TMIN,105,,,a,
ASN00092045,20170517,TMIN,112,,,a,
ASN00092045,20170518,TMIN,102,,,a,
ASN00092045,20170519,TMIN,143,,,a,
ASN00092045,20170520,TMIN,142,,,a,
ASN00092045,20170521,TMIN,118,,,a,
ASN00092045,20170522,TMIN,121,,,a,
ASN00092045,20170523,TMIN,128,,,a,
ASN00092045,20170524,TMIN,118,,,a,
ASN00092045,20170525,TMIN,83,,,a,
ASN00092045,20170526,TMIN,83,,,a,
ASN00092045,20170527,TMIN,88,,,a,
ASN00092045,20170528,TMIN,107,,,a,
ASN00092045,20170529,TMIN,45,,,a,
ASN00092045,20170530,TMIN,67,,,a,
ASN00092045,20170531,TMIN,37,,,a,
ASN00092045,20170501,PRCP,0,,,a,
ASN00092045,20170502,PRCP,2,,,a,
ASN00092045,20170503,PRCP,0,,,a,
ASN00092045,20170504,PRCP,0,,,a,
ASN00092045,20170505,PRCP,0,,,a,
ASN00092045,20170506,PRCP,0,,,a,
ASN00092045,20170507,PRCP,24,,,a,
ASN00092045,20170508,PRCP,0,,,a,
ASN00092045,20170509,PRCP,0,,,a,
ASN00092045,20170510,PRCP,0,,,a,
ASN00092045,20170511,PRCP,0,,,a,
ASN00092045,20170512,PRCP,48,,,a,
ASN00092045,20170513,PRCP,2,,,a,
ASN00092045,20170514,PRCP,2,,,a,
ASN00092045,20170515,PRCP,0,,,a,
ASN00092045,20170516,PRCP,0,,,a,
ASN00092045,20170517,PRCP,0,,,a,
ASN00092045,20170518,PRCP,0,,,a,
ASN00092045,20170519,PRCP,0,,,a,
ASN00092045,20170520,PRCP,24,,,a,
ASN00092045,20170521,PRCP,802,,,a,
ASN00092045,20170522,PRCP,0,,,a,
ASN00092045,20170523,PRCP,4,,,a,
ASN00092045,20170524,PRCP,12,,,a,
ASN00092045,20170525,PRCP,0,,,a,
ASN00092045,20170526,PRCP,46,,,a,
ASN00092045,20170527,PRCP,0,,,a,
ASN00092045,20170528,PRCP,20,,,a,
ASN00092045,20170529,PRCP,12,,,a,
ASN00092045,20170530,PRCP,30,,,a,
ASN00092045,20170531,PRCP,12,,,a,
ASN00092045,20170501,TAVG,127,H,,S,
ASN00092045,20170502,TAVG,96,H,,S,
ASN00092045,20170503,TAVG,112,H,,S,
ASN00092045,20170504,TAVG,127,H,,S,
ASN00092045,20170505,TAVG,153,H,,S,
ASN00092045,20170506,TAVG,114,H,,S,
ASN00092045,20170507,TAVG,112,H,,S,
ASN00092045,20170508,TAVG,135,H,,S,
ASN00092045,20170509,TAVG,131,H,,S,
ASN00092045,20170510,TAVG,127,H,,S,
ASN00092045,20170511,TAVG,139,H,,S,
ASN00092045,20170512,TAVG,136,H,,S,
ASN00092045,20170513,TAVG,136,H,,S,
ASN00092045,20170514,TAVG,131,H,,S,
ASN00092045,20170515,TAVG,127,H,,S,
ASN00092045,20170516,TAVG,126,H,,S,
ASN00092045,20170517,TAVG,132,H,,S,
ASN00092045,20170518,TAVG,156,H,,S,
ASN00092045,20170519,TAVG,151,H,,S,
ASN00092045,20170520,TAVG,143,H,,S,
ASN00092045,20170521,TAVG,147,H,,S,
ASN00092045,20170522,TAVG,147,H,,S,
ASN00092045,20170523,TAVG,142,H,,S,
ASN00092045,20170524,TAVG,116,H,,S,
ASN00092045,20170525,TAVG,125,H,,S,
ASN00092045,20170526,TAVG,126,H,,S,
ASN00092045,20170527,TAVG,148,H,,S,
ASN00092045,20170528,TAVG,91,H,,S,
ASN00092045,20170529,TAVG,106,H,,S,
ASN00092045,20170530,TAVG,86,H,,S,
ASN00092045,20170531,TAVG,91,H,,S,
ASN00092045,20170601,TMAX,161,,,a,
ASN00092045,20170602,TMAX,177,,,a,
ASN00092045,20170603,TMAX,175,,,a,
ASN00092045,20170604,TMAX,157,,,a,
ASN00092045,20170605,TMAX,159,,,a,
ASN00092045,20170606,TMAX,130,,,a,
ASN00092045,20170607,TMAX,148,,,a,
ASN00092045,20170608,TMAX,152,,,a,
ASN00092045,20170609,TMAX,158,,,a,
ASN00092045,20170610,TMAX,141,,,a,
ASN00092045,20170611,TMAX,145,,,a,
ASN00092045,20170612,TMAX,159,,,a,
ASN00092045,20170613,TMAX,161,,,a,
ASN00092045,20170614,TMAX,146,,,a,
ASN00092045,20170615,TMAX,160,,,a,
ASN00092045,20170616,TMAX,173,,,a,
ASN00092045,20170617,TMAX,156,,,a,
ASN00092045,20170618,TMAX,169,,,a,
ASN00092045,20170619,TMAX,155,,,a,
ASN00092045,20170620,TMAX,160,,,a,
ASN00092045,20170621,TMAX,136,,,a,
ASN00092045,20170622,TMAX,137,,,a,
ASN00092045,20170623,TMAX,145,,,a,
ASN00092045,20170624,TMAX,115,,,a,
ASN00092045,20170625,TMAX,117,,,a,
ASN00092045,20170626,TMAX,140,,,a,
ASN00092045,20170627,TMAX,134,,,a,
ASN00092045,20170628,TMAX,135,,,a,
ASN00092045,20170629,TMAX,132,,,a,
ASN00092045,20170630,TMAX,117,,,a,
ASN00092045,20170601,TMIN,65,,,a,
ASN00092045,20170602,TMIN,70,,,a,
ASN00092045,20170603,TMIN,91,,,a,
ASN00092045,20170604,TMIN,82,,,a,
ASN00092045,20170605,TMIN,101,,,a,
ASN00092045,20170606,TMIN,84,,,a,
ASN00092045,20170607,TMIN,74,,,a,
ASN00092045,20170608,TMIN,57,,,a,
ASN00092045,20170609,TMIN,65,,,a,
ASN00092045,20170610,TMIN,69,,,a,
ASN00092045,20170611,TMIN,98,,,a,
ASN00092045,20170612,TMIN,102,,,a,
ASN00092045,20170613,TMIN,73,,,a,
ASN00092045,20170614,TMIN,99,,,a,
ASN00092045,20170615,TMIN,115,,,a,
ASN00092045,20170616,TMIN,108,,,a,
ASN00092045,20170617,TMIN,81,,,a,
ASN00092045,20170618,TMIN,103,,,a,
ASN00092045,20170619,TMIN,74,,,a,
ASN00092045,20170620,TMIN,107,,,a,
ASN00092045,20170621,TMIN,74,,,a,
ASN00092045,20170622,TMIN,87,,,a,
ASN00092045,20170623,TMIN,84,,,a,
ASN00092045,20170624,TMIN,25,,,a,
ASN00092045,20170625,TMIN,59,,,a,
ASN00092045,20170626,TMIN,56,,,a,
ASN00092045,20170627,TMIN,47,,,a,
ASN00092045,20170628,TMIN,65,,,a,
ASN00092045,20170629,TMIN,69,,,a,
ASN00092045,20170630,TMIN,20,,,a,
ASN00092045,20170601,PRCP,0,,,a,
ASN00092045,20170602,PRCP,0,,,a,
ASN00092045,20170603,PRCP,0,,,a,
ASN00092045,20170604,PRCP,0,,,a,
ASN00092045,20170605,PRCP,12,,,a,
ASN00092045,20170606,PRCP,14,,,a,
ASN00092045,20170607,PRCP,0,,,a,
ASN00092045,20170608,PRCP,0,,,a,
ASN00092045,20170609,PRCP,0,,,a,
ASN00092045,20170610,PRCP,0,,,a,
ASN00092045,20170611,PRCP,0,,,a,
ASN00092045,20170612,PRCP,32,,,a,
ASN00092045,20170613,PRCP,0,,,a,
ASN00092045,20170614,PRCP,0,,,a,
ASN00092045,20170615,PRCP,0,,,a,
ASN00092045,20170616,PRCP,16,,,a,
ASN00092045,20170617,PRCP,0,,,a,
ASN00092045,20170618,PRCP,2,,,a,
ASN00092045,20170619,PRCP,0,,,a,
ASN00092045,20170620,PRCP,2,,,a,
ASN00092045,20170621,PRCP,0,,,a,
ASN00092045,20170622,PRCP,0,,,a,
ASN00092045,20170623,PRCP,4,,,a,
ASN00092045,20170624,PRCP,16,,,a,
ASN00092045,20170625,PRCP,8,,,a,
ASN00092045,20170626,PRCP,24,,,a,
ASN00092045,20170627,PRCP,0,,,a,
ASN00092045,20170628,PRCP,2,,,a,
ASN00092045,20170629,PRCP,0,,,a,
ASN00092045,20170630,PRCP,12,,,a,
ASN00092045,20170601,TAVG,109,H,,S,
ASN00092045,20170602,TAVG,122,H,,S,
ASN00092045,20170603,TAVG,119,H,,S,
ASN00092045,20170604,TAVG,121,H,,S,
ASN00092045,20170605,TAVG,116,H,,S,
ASN00092045,20170606,TAVG,101,H,,S,
ASN00092045,20170607,TAVG,102,H,,S,
ASN00092045,20170608,TAVG,106,H,,S,
ASN00092045,20170609,TAVG,108,H,,S,
ASN00092045,20170610,TAVG,117,H,,S,
ASN00092045,20170611,TAVG,124,H,,S,
ASN00092045,20170612,TAVG,114,H,,S,
ASN00092045,20170613,TAVG,123,H,,S,
ASN00092045,20170614,TAVG,131,H,,S,
ASN00092045,20170615,TAVG,123,H,,S,
ASN00092045,20170616,TAVG,114,H,,S,
ASN00092045,20170617,TAVG,127,H,,S,
ASN00092045,20170618,TAVG,117,H,,S,
ASN00092045,20170619,TAVG,127,H,,S,
ASN00092045,20170620,TAVG,124,H,,S,
ASN00092045,20170621,TAVG,109,H,,S,
ASN00092045,20170622,TAVG,106,H,,S,
ASN00092045,20170623,TAVG,84,H,,S,
ASN00092045,20170624,TAVG,88,H,,S,
ASN00092045,20170625,TAVG,84,H,,S,
ASN00092045,20170626,TAVG,84,H,,S,
ASN00092045,20170627,TAVG,98,H,,S,
ASN00092045,20170628,TAVG,93,H,,S,
ASN00092045,20170629,TAVG,67,H,,S,
ASN00092045,20170630,TAVG,69,H,,S,
ASN00092045,20170701,TMAX,126,,,a,
ASN00092045,20170702,TMAX,137,,,a,
ASN00092045,20170703,TMAX,144,,,a,
ASN00092045,20170704,TMAX,121,,,a,
ASN00092045,20170705,TMAX,137,,,a,
ASN00092045,20170706,TMAX,146,,,a,
ASN00092045,20170707,TMAX,137,,,a,
ASN00092045,20170708,TMAX,130,,,a,
ASN00092045,20170709,TMAX,122,,,a,
ASN00092045,20170710,TMAX,145,,,a,
ASN00092045,20170711,TMAX,123,,,a,
ASN00092045,20170712,TMAX,136,,,a,
ASN00092045,20170713,TMAX,142,,,a,
ASN00092045,20170714,TMAX,116,,,a,
ASN00092045,20170715,TMAX,132,,,a,
ASN00092045,20170716,TMAX,129,,,a,
ASN00092045,20170717,TMAX,144,,,a,
ASN00092045,20170718,TMAX,138,,,a,
ASN00092045,20170719,TMAX,144,,,a,
ASN00092045,20170720,TMAX,122,,,a,
ASN00092045,20170721,TMAX,143,,,a,
ASN00092045,20170722,TMAX,135,,,a,
ASN00092045,20170723,TMAX,143,,,a,
ASN00092045,20170724,TMAX,123,,,a,
ASN00092045,20170725,TMAX,146,,,a,
ASN00092045,20170726,TMAX,129,,,a,
ASN00092045,20170727,TMAX,121,,,a,
ASN00092045,20170728,TMAX,154,,,a,
ASN00092045,20170729,TMAX,160,,,a,
ASN00092045,20170730,TMAX,139,,,a,
ASN00092045,20170731,TMAX,129,,,a,
ASN00092045,20170701,TMIN,37,,,a,
ASN00092045,20170702,TMIN,49,,,a,
ASN00092045,20170703,TMIN,51,,,a,
ASN00092045,20170704,TMIN,80,,,a,
ASN00092045,20170705,TMIN,67,,,a,
ASN00092045,20170706,TMIN,83,,,a,
ASN00092045,20170707,TMIN,63,,,a,
ASN00092045,20170708,TMIN,49,,,a,
ASN00092045,20170709,TMIN,62,,,a,
ASN00092045,20170710,TMIN,74,,,a,
ASN00092045,20170711,TMIN,44,,,a,
ASN00092045,20170712,TMIN,61,,,a,
ASN00092045,20170713,TMIN,58,,,a,
ASN00092045,20170714,TMIN,90,,,a,
ASN00092045,20170715,TMIN,38,,,a,
ASN00092045,20170716,TMIN,39,,,a,
ASN00092045,20170717,TMIN,68,,,a,
ASN00092045,20170718,TMIN,93,,,a,
ASN00092045,20170719,TMIN,70,,,a,
ASN00092045,20170720,TMIN,33,,,a,
ASN00092045,20170721,TMIN,51,,,a,
ASN00092045,20170722,TMIN,57,,,a,
ASN00092045,20170723,TMIN,91,,,a,
ASN00092045,20170724,TMIN,29,,,a,
ASN00092045,20170725,TMIN,68,,,a,
ASN00092045,20170726,TMIN,90,,,a,
ASN00092045,20170727,TMIN,12,,,a,
ASN00092045,20170728,TMIN,56,,,a,
ASN00092045,20170729,TMIN,65,,,a,
ASN00092045,20170730,TMIN,96,,,a,
ASN00092045,20170731,TMIN,38,,,a,
ASN00092045,20170701,PRCP,0,,,a,
ASN00092045,20170702,PRCP,0,,,a,
ASN00092045,20170703,PRCP,0,,,a,
ASN00092045,20170704,PRCP,80,,,a,
ASN00092045,20170705,PRCP,34,,,a,
ASN00092045,20170706,PRCP,0,,,a,
ASN00092045,20170707,PRCP,0,,,a,
ASN00092045,20170708,PRCP,6,,,a,
ASN00092045,20170709,PRCP,12,,,a,
ASN00092045,20170710,PRCP,10,,,a,
ASN00092045,20170711,PRCP,0,,,a,
ASN00092045,20170712,PRCP,0,,,a,
ASN00092045,20170713,PRCP,0,,,a,
ASN00092045,20170714,PRCP,70,,,a,
ASN00092045,20170715,PRCP,106,,,a,
ASN00092045,20170716,PRCP,0,,,a,
ASN00092045,20170717,PRCP,0,,,a,
ASN00092045,20170718,PRCP,24,,,a,
ASN00092045,20170719,PRCP,66,,,a,
ASN00092045,20170720,PRCP,0,,,a,
ASN00092045,20170721,PRCP,10,,,a,
ASN00092045,20170722,PRCP,2,,,a,
ASN00092045,20170723,PRCP,14,,,a,
ASN00092045,20170724,PRCP,8,,,a,
ASN00092045,20170725,PRCP,4,,,a,
ASN00092045,20170726,PRCP,30,,,a,
ASN00092045,20170727,PRCP,0,,,a,
ASN00092045,20170728,PRCP,16,,,a,
ASN00092045,20170729,PRCP,2,,,a,
ASN00092045,20170730,PRCP,30,,,a,
ASN00092045,20170731,PRCP,4,,,a,
ASN00092045,20170701,TAVG,78,H,,S,
ASN00092045,20170702,TAVG,87,H,,S,
ASN00092045,20170703,TAVG,114,H,,S,
ASN00092045,20170704,TAVG,99,H,,S,
ASN00092045,20170705,TAVG,103,H,,S,
ASN00092045,20170706,TAVG,98,H,,S,
ASN00092045,20170707,TAVG,86,H,,S,
ASN00092045,20170708,TAVG,89,H,,S,
ASN00092045,20170709,TAVG,93,H,,S,
ASN00092045,20170710,TAVG,89,H,,S,
ASN00092045,20170711,TAVG,87,H,,S,
ASN00092045,20170712,TAVG,97,H,,S,
ASN00092045,20170713,TAVG,118,H,,S,
ASN00092045,20170714,TAVG,76,H,,S,
ASN00092045,20170715,TAVG,78,H,,S,
ASN00092045,20170716,TAVG,96,H,,S,
ASN00092045,20170717,TAVG,120,H,,S,
ASN00092045,20170718,TAVG,92,H,,S,
ASN00092045,20170719,TAVG,82,H,,S,
ASN00092045,20170720,TAVG,87,H,,S,
ASN00092045,20170721,TAVG,89,H,,S,
ASN00092045,20170722,TAVG,121,H,,S,
ASN00092045,20170723,TAVG,91,H,,S,
ASN00092045,20170724,TAVG,94,H,,S,
ASN00092045,20170725,TAVG,117,H,,S,
ASN00092045,20170726,TAVG,71,H,,S,
ASN00092045,20170727,TAVG,104,H,,S,
ASN00092045,20170728,TAVG,100,H,,S,
ASN00092045,20170729,TAVG,124,H,,S,
ASN00092045,20170730,TAVG,87,H,,S,
ASN00092045,20170731,TAVG,84,H,,S,
ASN00092045,20170801,TMAX,140,,,a,
ASN00092045,20170802,TMAX,131,,,a,
ASN00092045,20170803,TMAX,125,,,a,
ASN00092045,20170804,TMAX,141,,,a,
ASN00092045,20170805,TMAX,134,,,a,
ASN00092045,20170806,TMAX,127,,,a,
ASN00092045,20170807,TMAX,109,,,a,
ASN00092045,20170808,TMAX,165,,,a,
ASN00092045,20170809,TMAX,170,,,a,
ASN00092045,20170810,TMAX,158,,,a,
ASN00092045,20170811,TMAX,141,,,a,
ASN00092045,20170812,TMAX,137,,,a,
ASN00092045,20170813,TMAX,134,,,a,
ASN00092045,20170814,TMAX,173,,,a,
ASN00092045,20170815,TMAX,141,,,a,
ASN00092045,20170816,TMAX,141,,,a,
ASN00092045,20170817,TMAX,133,,,a,
ASN00092045,20170818,TMAX,141,,,a,
ASN00092045,20170819,TMAX,135,,,a,
ASN00092045,20170820,TMAX,142,,,a,
ASN00092045,20170821,TMAX,119,,,a,
ASN00092045,20170822,TMAX,144,,,a,
ASN00092045,20170823,TMAX,149,,,a,
ASN00092045,20170824,TMAX,136,,,a,
ASN00092045,20170825,TMAX,143,,,a,
ASN00092045,20170826,TMAX,149,,,a,
ASN00092045,20170827,TMAX,108,,,a,
ASN00092045,20170828,TMAX,124,,,a,
ASN00092045,20170829,TMAX,147,,,a,
ASN00092045,20170830,TMAX,134,,,a,
ASN00092045,20170831,TMAX,133,,,a,
ASN00092045,20170801,TMIN,55,,,a,
ASN00092045,20170802,TMIN,66,,,a,
ASN00092045,20170803,TMIN,76,,,a,
ASN00092045,20170804,TMIN,92,,,a,
ASN00092045,20170805,TMIN,94,,,a,
ASN00092045,20170806,TMIN,89,,,a,
ASN00092045,20170807,TMIN,46,,,a,
ASN00092045,20170808,TMIN,57,,,a,
ASN00092045,20170809,TMIN,57,,,a,
ASN00092045,20170810,TMIN,93,,,a,
ASN00092045,20170811,TMIN,89,,,a,
ASN00092045,20170812,TMIN,84,,,a,
ASN00092045,20170813,TMIN,42,,,a,
ASN00092045,20170814,TMIN,67,,,a,
ASN00092045,20170815,TMIN,53,,,a,
ASN00092045,20170816,TMIN,87,,,a,
ASN00092045,20170817,TMIN,69,,,a,
ASN00092045,20170818,TMIN,45,,,a,
ASN00092045,20170819,TMIN,36,,,a,
ASN00092045,20170820,TMIN,27,,,a,
ASN00092045,20170821,TMIN,47,,,a,
ASN00092045,20170822,TMIN,53,,,a,
ASN00092045,20170823,TMIN,102,,,a,
ASN00092045,20170824,TMIN,59,,,a,
ASN00092045,20170825,TMIN,39,,,a,
ASN00092045,20170826,TMIN,88,,,a,
ASN00092045,20170827,TMIN,67,,,a,
ASN00092045,20170828,TMIN,14,,,a,
ASN00092045,20170829,TMIN,48,,,a,
ASN00092045,20170830,TMIN,76,,,a,
ASN00092045,20170831,TMIN,46,,,a,
ASN00092045,20170801,PRCP,0,,,a,
ASN00092045,20170802,PRCP,0,,,a,
ASN00092045,20170803,PRCP,10,,,a,
ASN00092045,20170804,PRCP,6,,,a,
ASN00092045,20170805,PRCP,24,,,a,
ASN00092045,20170806,PRCP,10,,,a,
ASN00092045,20170807,PRCP,72,,,a,
ASN00092045,20170808,PRCP,0,,,a,
ASN00092045,20170809,PRCP,0,,,a,
ASN00092045,20170810,PRCP,0,,,a,
ASN00092045,20170811,PRCP,10,,,a,
ASN00092045,20170812,PRCP,78,,,a,
ASN00092045,20170813,PRCP,0,,,a,
ASN00092045,20170814,PRCP,0,,,a,
ASN00092045,20170815,PRCP,0,,,a,
ASN00092045,20170816,PRCP,110,,,a,
ASN00092045,20170817,PRCP,52,,,a,
ASN00092045,20170818,PRCP,6,,,a,
ASN00092045,20170819,PRCP,0,,,a,
ASN00092045,20170820,PRCP,0,,,a,
ASN00092045,20170821,PRCP,0,,,a,
ASN00092045,20170822,PRCP,0,,,a,
ASN00092045,20170823,PRCP,4,,,a,
ASN00092045,20170824,PRCP,12,,,a,
ASN00092045,20170825,PRCP,0,,,a,
ASN00092045,20170826,PRCP,0,,,a,
ASN00092045,20170827,PRCP,100,,,a,
ASN00092045,20170828,PRCP,0,,,a,
ASN00092045,20170829,PRCP,0,,,a,
ASN00092045,20170830,PRCP,4,,,a,
ASN00092045,20170831,PRCP,0,,,a,
ASN00092045,20170801,TAVG,97,H,,S,
ASN00092045,20170802,TAVG,99,H,,S,
ASN00092045,20170803,TAVG,112,H,,S,
ASN00092045,20170804,TAVG,112,H,,S,
ASN00092045,20170805,TAVG,113,H,,S,
ASN00092045,20170806,TAVG,77,H,,S,
ASN00092045,20170807,TAVG,81,H,,S,
ASN00092045,20170808,TAVG,99,H,,S,
ASN00092045,20170809,TAVG,118,H,,S,
ASN00092045,20170810,TAVG,126,H,,S,
ASN00092045,20170811,TAVG,109,H,,S,
ASN00092045,20170812,TAVG,85,H,,S,
ASN00092045,20170813,TAVG,95,H,,S,
ASN00092045,20170814,TAVG,112,H,,S,
ASN00092045,20170815,TAVG,119,H,,S,
ASN00092045,20170816,TAVG,102,H,,S,
ASN00092045,20170817,TAVG,81,H,,S,
ASN00092045,20170818,TAVG,83,H,,S,
ASN00092045,20170819,TAVG,78,H,,S,
ASN00092045,20170820,TAVG,86,H,,S,
ASN00092045,20170821,TAVG,79,H,,S,
ASN00092045,20170822,TAVG,119,H,,S,
ASN00092045,20170823,TAVG,103,H,,S,
ASN00092045,20170824,TAVG,87,H,,S,
ASN00092045,20170825,TAVG,112,H,,S,
ASN00092045,20170826,TAVG,104,H,,S,
ASN00092045,20170827,TAVG,71,H,,S,
ASN00092045,20170828,TAVG,78,H,,S,
ASN00092045,20170829,TAVG,102,H,,S,
ASN00092045,20170830,TAVG,87,H,,S,
ASN00092045,20170831,TAVG,101,H,,S,
ASN00092045,20170901,TMAX,140,,,a,
ASN00092045,20170902,TMAX,166,,,a,
ASN00092045,20170903,TMAX,162,,,a,
ASN00092045,20170904,TMAX,113,,,a,
ASN00092045,20170905,TMAX,113,,,a,
ASN00092045,20170906,TMAX,138,,,a,
ASN00092045,20170907,TMAX,143,,,a,
ASN00092045,20170908,TMAX,132,,,a,
ASN00092045,20170909,TMAX,150,,,a,
ASN00092045,20170910,TMAX,151,,,a,
ASN00092045,20170911,TMAX,162,,,a,
ASN00092045,20170912,TMAX,137,,,a,
ASN00092045,20170913,TMAX,147,,,a,
ASN00092045,20170914,TMAX,150,,,a,
ASN00092045,20170915,TMAX,161,,,a,
ASN00092045,20170916,TMAX,157,,,a,
ASN00092045,20170917,TMAX,144,,,a,
ASN00092045,20170918,TMAX,166,,,a,
ASN00092045,20170919,TMAX,175,,,a,
ASN00092045,20170920,TMAX,155,,,a,
ASN00092045,20170921,TMAX,174,,,a,
ASN00092045,20170922,TMAX,181,,,a,
ASN00092045,20170923,TMAX,170,,,a,
ASN00092045,20170924,TMAX,150,,,a,
ASN00092045,20170925,TMAX,163,,,a,
ASN00092045,20170926,TMAX,146,,,a,
ASN00092045,20170927,TMAX,149,,,a,
ASN00092045,20170928,TMAX,172,,,a,
ASN00092045,20170929,TMAX,153,,,a,
ASN00092045,20170930,TMAX,153,,,a,
ASN00092045,20170901,TMIN,80,,,a,
ASN00092045,20170902,TMIN,77,,,a,
ASN00092045,20170903,TMIN,116,,,a,
ASN00092045,20170904,TMIN,56,,,a,
ASN00092045,20170905,TMIN,35,,,a,
ASN00092045,20170906,TMIN,42,,,a,
ASN00092045,20170907,TMIN,69,,,a,
ASN00092045,20170908,TMIN,16,,,a,
ASN00092045,20170909,TMIN,31,,,a,
ASN00092045,20170910,TMIN,57,,,a,
ASN00092045,20170911,TMIN,78,,,a,
ASN00092045,20170912,TMIN,104,,,a,
ASN00092045,20170913,TMIN,60,,,a,
ASN00092045,20170914,TMIN,49,,,a,
ASN00092045,20170915,TMIN,75,,,a,
ASN00092045,20170916,TMIN,53,,,a,
ASN00092045,20170917,TMIN,31,,,a,
ASN00092045,20170918,TMIN,81,,,a,
ASN00092045,20170919,TMIN,101,,,a,
ASN00092045,20170920,TMIN,41,,,a,
ASN00092045,20170921,TMIN,98,,,a,
ASN00092045,20170922,TMIN,72,,,a,
ASN00092045,20170923,TMIN,86,,,a,
ASN00092045,20170924,TMIN,119,,,a,
ASN00092045,20170925,TMIN,79,,,a,
ASN00092045,20170926,TMIN,33,,,a,
ASN00092045,20170927,TMIN,52,,,a,
ASN00092045,20170928,TMIN,98,,,a,
ASN00092045,20170929,TMIN,82,,,a,
ASN00092045,20170930,TMIN,69,,,a,
ASN00092045,20170901,PRCP,0,,,a,
ASN00092045,20170902,PRCP,0,,,a,
ASN00092045,20170903,PRCP,4,,,a,
ASN00092045,20170904,PRCP,64,,,a,
ASN00092045,20170905,PRCP,8,,,a,
ASN00092045,20170906,PRCP,0,,,a,
ASN00092045,20170907,PRCP,0,,,a,
ASN00092045,20170908,PRCP,0,,,a,
ASN00092045,20170909,PRCP,10,,,a,
ASN00092045,20170910,PRCP,0,,,a,
ASN00092045,20170911,PRCP,0,,,a,
ASN00092045,20170912,PRCP,0,,,a,
ASN00092045,20170913,PRCP,20,,,a,
ASN00092045,20170914,PRCP,4,,,a,
ASN00092045,20170915,PRCP,0,,,a,
ASN00092045,20170916,PRCP,0,,,a,
ASN00092045,20170917,PRCP,4,,,a,
ASN00092045,20170918,PRCP,2,,,a,
ASN00092045,20170919,PRCP,2,,,a,
ASN00092045,20170920,PRCP,0,,,a,
ASN00092045,20170921,PRCP,0,,,a,
ASN00092045,20170922,PRCP,0,,,a,
ASN00092045,20170923,PRCP,0,,,a,
ASN00092045,20170924,PRCP,0,,,a,
ASN00092045,20170925,PRCP,42,,,a,
ASN00092045,20170926,PRCP,34,,,a,
ASN00092045,20170927,PRCP,2,,,a,
ASN00092045,20170928,PRCP,24,,,a,
ASN00092045,20170929,PRCP,0,,,a,
ASN00092045,20170930,PRCP,56,,,a,
ASN00092045,20170901,TAVG,104,H,,S,
ASN00092045,20170902,TAVG,132,H,,S,
ASN00092045,20170903,TAVG,100,H,,S,
ASN00092045,20170904,TAVG,66,H,,S,
ASN00092045,20170905,TAVG,71,H,,S,
ASN00092045,20170906,TAVG,96,H,,S,
ASN00092045,20170907,TAVG,82,H,,S,
ASN00092045,20170908,TAVG,69,H,,S,
ASN00092045,20170909,TAVG,97,H,,S,
ASN00092045,20170910,TAVG,108,H,,S,
ASN00092045,20170911,TAVG,123,H,,S,
ASN00092045,20170912,TAVG,95,H,,S,
ASN00092045,20170913,TAVG,91,H,,S,
ASN00092045,20170914,TAVG,102,H,,S,
ASN00092045,20170915,TAVG,102,H,,S,
ASN00092045,20170916,TAVG,85,H,,S,
ASN00092045,20170917,TAVG,104,H,,S,
ASN00092045,20170918,TAVG,133,H,,S,
ASN00092045,20170919,TAVG,97,H,,S,
ASN00092045,20170920,TAVG,115,H,,S,
ASN00092045,20170921,TAVG,124,H,,S,
ASN00092045,20170922,TAVG,123,H,,S,
ASN00092045,20170923,TAVG,138,H,,S,
ASN00092045,20170924,TAVG,113,H,,S,
ASN00092045,20170925,TAVG,98,H,,S,
ASN00092045,20170926,TAVG,96,H,,S,
ASN00092045,20170927,TAVG,122,H,,S,
ASN00092045,20170928,TAVG,118,H,,S,
ASN00092045,20170929,TAVG,110,H,,S,
ASN00092045,20170930,TAVG,113,H,,S,
ASN00092045,20171001,TMAX,190,,,a,
ASN00092045,20171002,TMAX,181,,,a,
ASN00092045,20171003,TMAX,166,,,a,
ASN00092045,20171004,TMAX,175,,,a,
ASN00092045,20171005,TMAX,150,,,a,
ASN00092045,20171006,TMAX,151,,,a,
ASN00092045,20171007,TMAX,163,,,a,
ASN00092045,20171008,TMAX,181,,,a,
ASN00092045,20171009,TMAX,169,,,a,
ASN00092045,20171010,TMAX,176,,,a,
ASN00092045,20171011,TMAX,170,,,a,
ASN00092045,20171012,TMAX,168,,,a,
ASN00092045,20171013,TMAX,164,,,a,
ASN00092045,20171014,TMAX,177,,,a,
ASN00092045,20171015,TMAX,217,,,a,
ASN00092045,20171016,TMAX,166,,,a,
ASN00092045,20171017,TMAX,184,,,a,
ASN00092045,20171018,TMAX,194,,,a,
ASN00092045,20171019,TMAX,201,,,a,
ASN00092045,20171020,TMAX,197,,,a,
ASN00092045,20171021,TMAX,193,,,a,
ASN00092045,20171022,TMAX,201,,,a,
ASN00092045,20171023,TMAX,190,,,a,
ASN00092045,20171024,TMAX,211,,,a,
ASN00092045,20171025,TMAX,167,,,a,
ASN00092045,20171026,TMAX,185,,,a,
ASN00092045,20171027,TMAX,190,,,a,
ASN00092045,20171028,TMAX,195,,,a,
ASN00092045,20171029,TMAX,181,,,a,
ASN00092045,20171030,TMAX,177,,,a,
ASN00092045,20171031,TMAX,178,,,a,
ASN00092045,20171001,TMIN,90,,,a,
ASN00092045,20171002,TMIN,90,,,a,
ASN00092045,20171003,TMIN,94,,,a,
ASN00092045,20171004,TMIN,83,,,a,
ASN00092045,20171005,TMIN,116,,,a,
ASN00092045,20171006,TMIN,103,,,a,
ASN00092045,20171007,TMIN,101,,,a,
ASN00092045,20171008,TMIN,118,,,a,
ASN00092045,20171009,TMIN,105,,,a,
ASN00092045,20171010,TMIN,75,,,a,
ASN00092045,20171011,TMIN,96,,,a,
ASN00092045,20171012,TMIN,105,,,a,
ASN00092045,20171013,TMIN,105,,,a,
ASN00092045,20171014,TMIN,53,,,a,
ASN00092045,20171015,TMIN,92,,,a,
ASN00092045,20171016,TMIN,121,,,a,
ASN00092045,20171017,TMIN,122,,,a,
ASN00092045,20171018,TMIN,129,,,a,
ASN00092045,20171019,TMIN,128,,,a,
ASN00092045,20171020,TMIN,87,,,a,
ASN00092045,20171021,TMIN,84,,,a,
ASN00092045,20171022,TMIN,110,,,a,
ASN00092045,20171023,TMIN,103,,,a,
ASN00092045,20171024,TMIN,120,,,a,
ASN00092045,20171025,TMIN,93,,,a,
ASN00092045,20171026,TMIN,119,,,a,
ASN00092045,20171027,TMIN,92,,,a,
ASN00092045,20171028,TMIN,142,,,a,
ASN00092045,20171029,TMIN,105,,,a,
ASN00092045,20171030,TMIN,101,,,a,
ASN00092045,20171031,TMIN,60,,,a,
ASN00092045,20171001,PRCP,2,,,a,
ASN00092045,20171002,PRCP,0,,,a,
ASN00092045,20171003,PRCP,0,,,a,
ASN00092045,20171004,PRCP,0,,,a,
ASN00092045,20171005,PRCP,0,,,a,
ASN00092045,20171006,PRCP,22,,,a,
ASN00092045,20171007,PRCP,0,,,a,
ASN00092045,20171008,PRCP,0,,,a,
ASN00092045,20171009,PRCP,52,,,a,
ASN00092045,20171010,PRCP,2,,,a,
ASN00092045,20171011,PRCP,0,,,a,
ASN00092045,20171012,PRCP,38,,,a,
ASN00092045,20171013,PRCP,2,,,a,
ASN00092045,20171014,PRCP,0,,,a,
ASN00092045,20171015,PRCP,0,,,a,
ASN00092045,20171016,PRCP,0,,,a,
ASN00092045,20171017,PRCP,0,,,a,
ASN00092045,20171018,PRCP,0,,,a,
ASN00092045,20171019,PRCP,4,,,a,
ASN00092045,20171020,PRCP,50,,,a,
ASN00092045,20171021,PRCP,0,,,a,
ASN00092045,20171022,PRCP,0,,,a,
ASN00092045,20171023,PRCP,0,,,a,
ASN00092045,20171024,PRCP,0,,,a,
ASN00092045,20171025,PRCP,0,,,a,
ASN00092045,20171026,PRCP,0,,,a,
ASN00092045,20171027,PRCP,0,,,a,
ASN00092045,20171028,PRCP,28,,,a,
ASN00092045,20171029,PRCP,22,,,a,
ASN00092045,20171030,PRCP,0,,,a,
ASN00092045,20171031,PRCP,0,,,a,
ASN00092045,20171001,TAVG,131,H,,S,
ASN00092045,20171002,TAVG,126,H,,S,
ASN00092045,20171003,TAVG,123,H,,S,
ASN00092045,20171004,TAVG,134,H,,S,
ASN00092045,20171005,TAVG,125,H,,S,
ASN00092045,20171006,TAVG,123,H,,S,
ASN00092045,20171007,TAVG,135,H,,S,
ASN00092045,20171008,TAVG,134,H,,S,
ASN00092045,20171009,TAVG,120,H,,S,
ASN00092045,20171010,TAVG,129,H,,S,
ASN00092045,20171011,TAVG,134,H,,S,
ASN00092045,20171012,TAVG,126,H,,S,
ASN00092045,20171013,TAVG,112,H,,S,
ASN00092045,20171014,TAVG,129,H,,S,
ASN00092045,20171015,TAVG,152,H,,S,
ASN00092045,20171016,TAVG,142,H,,S,
ASN00092045,20171017,TAVG,150,H,,S,
ASN00092045,20171018,TAVG,153,H,,S,
ASN00092045,20171019,TAVG,136,H,,S,
ASN00092045,20171020,TAVG,134,H,,S,
ASN00092045,20171021,TAVG,144,H,,S,
ASN00092045,20171022,TAVG,144,H,,S,
ASN00092045,20171023,TAVG,140,H,,S,
ASN00092045,20171024,TAVG,138,H,,S,
ASN00092045,20171025,TAVG,137,H,,S,
ASN00092045,20171026,TAVG,134,H,,S,
ASN00092045,20171027,TAVG,155,H,,S,
ASN00092045,20171028,TAVG,139,H,,S,
ASN00092045,20171029,TAVG,143,H,,S,
ASN00092045,20171030,TAVG,118,H,,S,
ASN00092045,20171031,TAVG,128,H,,S,
ASN00092045,20171101,TMAX,188,,,a,
ASN00092045,20171102,TMAX,157,,,a,
ASN00092045,20171103,TMAX,171,,,a,
ASN00092045,20171104,TMAX,185,,,a,
ASN00092045,20171105,TMAX,161,,,a,
ASN00092045,20171106,TMAX,184,,,a,
ASN00092045,20171107,TMAX,171,,,a,
ASN00092045,20171108,TMAX,213,,,a,
ASN00092045,20171109,TMAX,190,,,a,
ASN00092045,20171110,TMAX,185,,,a,
ASN00092045,20171111,TMAX,193,,,a,
ASN00092045,20171112,TMAX,203,,,a,
ASN00092045,20171113,TMAX,202,,,a,
ASN00092045,20171114,TMAX,198,,,a,
ASN00092045,20171115,TMAX,203,,,a,
ASN00092045,20171116,TMAX,175,,,a,
ASN00092045,20171117,TMAX,212,,,a,
ASN00092045,20171118,TMAX,218,,,a,
ASN00092045,20171119,TMAX,217,,,a,
ASN00092045,20171120,TMAX,218,,,a,
ASN00092045,20171121,TMAX,218,,,a,
ASN00092045,20171122,TMAX,217,,,a,
ASN00092045,20171123,TMAX,233,,,a,
ASN00092045,20171124,TMAX,234,,,a,
ASN00092045,20171125,TMAX,222,,,a,
ASN00092045,20171126,TMAX,218,,,a,
ASN00092045,20171127,TMAX,277,,,a,
ASN00092045,20171128,TMAX,218,,,a,
ASN00092045,20171129,TMAX,232,,,a,
ASN00092045,20171130,TMAX,253,,,a,
ASN00092045,20171101,TMIN,86,,,a,
ASN00092045,20171102,TMIN,102,,,a,
ASN00092045,20171103,TMIN,68,,,a,
ASN00092045,20171104,TMIN,34,,,a,
ASN00092045,20171105,TMIN,85,,,a,
ASN00092045,20171106,TMIN,85,,,a,
ASN00092045,20171107,TMIN,93,,,a,
ASN00092045,20171108,TMIN,85,,,a,
ASN00092045,20171109,TMIN,100,,,a,
ASN00092045,20171110,TMIN,126,,,a,
ASN00092045,20171111,TMIN,134,,,a,
ASN00092045,20171112,TMIN,100,,,a,
ASN00092045,20171113,TMIN,134,,,a,
ASN00092045,20171114,TMIN,142,,,a,
ASN00092045,20171115,TMIN,149,,,a,
ASN00092045,20171116,TMIN,141,,,a,
ASN00092045,20171117,TMIN,139,,,a,
ASN00092045,20171118,TMIN,156,,,a,
ASN00092045,20171119,TMIN,147,,,a,
ASN00092045,20171120,TMIN,137,,,a,
ASN00092045,20171121,TMIN,155,,,a,
ASN00092045,20171122,TMIN,154,,,a,
ASN00092045,20171123,TMIN,156,,,a,
ASN00092045,20171124,TMIN,159,,,a,
ASN00092045,20171125,TMIN,150,,,a,
ASN00092045,20171126,TMIN,172,,,a,
ASN00092045,20171127,TMIN,151,,,a,
ASN00092045,20171128,TMIN,156,,,a,
ASN00092045,20171129,TMIN,161,,,a,
ASN00092045,20171130,TMIN,168,,,a,
ASN00092045,20171101,PRCP,0,,,a,
ASN00092045,20171102,PRCP,6,,,a,
ASN00092045,20171103,PRCP,8,,,a,
ASN00092045,20171104,PRCP,0,,,a,
ASN00092045,20171105,PRCP,2,,,a,
ASN00092045,20171106,PRCP,0,,,a,
ASN00092045,20171107,PRCP,2,,,a,
ASN00092045,20171108,PRCP,0,,,a,
ASN00092045,20171109,PRCP,0,,,a,
ASN00092045,20171110,PRCP,0,,,a,
ASN00092045,20171111,PRCP,0,,,a,
ASN00092045,20171112,PRCP,0,,,a,
ASN00092045,20171113,PRCP,0,,,a,
ASN00092045,20171114,PRCP,0,,,a,
ASN00092045,20171115,PRCP,0,,,a,
ASN00092045,20171116,PRCP,0,,,a,
ASN00092045,20171117,PRCP,32,,,a,
ASN00092045,20171118,PRCP,2,,,a,
ASN00092045,20171119,PRCP,0,,,a,
ASN00092045,20171120,PRCP,0,,,a,
ASN00092045,20171121,PRCP,2,,,a,
ASN00092045,20171122,PRCP,0,,,a,
ASN00092045,20171123,PRCP,0,,,a,
ASN00092045,20171124,PRCP,0,,,a,
ASN00092045,20171125,PRCP,0,,,a,
ASN00092045,20171126,PRCP,14,,,a,
ASN00092045,20171127,PRCP,10,,,a,
ASN00092045,20171128,PRCP,0,,,a,
ASN00092045,20171129,PRCP,0,,,a,
ASN00092045,20171130,PRCP,0,,,a,
ASN00092045,20171101,TAVG,136,H,,S,
ASN00092045,20171102,TAVG,109,H,,S,
ASN00092045,20171103,TAVG,98,H,,S,
ASN00092045,20171104,TAVG,123,H,,S,
ASN00092045,20171105,TAVG,124,H,,S,
ASN00092045,20171106,TAVG,135,H,,S,
ASN00092045,20171107,TAVG,124,H,,S,
ASN00092045,20171108,TAVG,143,H,,S,
ASN00092045,20171109,TAVG,148,H,,S,
ASN00092045,20171110,TAVG,149,H,,S,
ASN00092045,20171111,TAVG,142,H,,S,
ASN00092045,20171112,TAVG,160,H,,S,
ASN00092045,20171113,TAVG,159,H,,S,
ASN00092045,20171114,TAVG,167,H,,S,
ASN00092045,20171115,TAVG,163,H,,S,
ASN00092045,20171116,TAVG,152,H,,S,
ASN00092045,20171117,TAVG,176,H,,S,
ASN00092045,20171118,TAVG,173,H,,S,
ASN00092045,20171119,TAVG,174,H,,S,
ASN00092045,20171120,TAVG,174,H,,S,
ASN00092045,20171121,TAVG,176,H,,S,
ASN00092045,20171122,TAVG,182,H,,S,
ASN00092045,20171123,TAVG,185,H,,S,
ASN00092045,20171124,TAVG,182,H,,S,
ASN00092045,20171125,TAVG,187,H,,S,
ASN00092045,20171126,TAVG,176,H,,S,
ASN00092045,20171127,TAVG,184,H,,S,
ASN00092045,20171128,TAVG,185,H,,S,
ASN00092045,20171129,TAVG,192,H,,S,
ASN00092045,20171130,TAVG,198,H,,S,
ASN00092045,20171201,TMAX,250,,,a,
ASN00092045,20171202,TMAX,149,,,a,
ASN00092045,20171203,TMAX,174,,,a,
ASN00092045,20171204,TMAX,198,,,a,
ASN00092045,20171205,TMAX,182,,,a,
ASN00092045,20171206,TMAX,171,,,a,
ASN00092045,20171207,TMAX,222,,,a,
ASN00092045,20171208,TMAX,197,,,a,
ASN00092045,20171209,TMAX,217,,,a,
ASN00092045,20171210,TMAX,227,,,a,
ASN00092045,20171211,TMAX,217,,,a,
ASN00092045,20171212,TMAX,233,,,a,
ASN00092045,20171213,TMAX,246,,,a,
ASN00092045,20171214,TMAX,287,,,a,
ASN00092045,20171215,TMAX,216,,,a,
ASN00092045,20171216,TMAX,232,,,a,
ASN00092045,20171217,TMAX,211,,,a,
ASN00092045,20171218,TMAX,223,,,a,
ASN00092045,20171219,TMAX,212,,,a,
ASN00092045,20171220,TMAX,218,,,a,
ASN00092045,20171221,TMAX,218,,,a,
ASN00092045,20171222,TMAX,233,,,a,
ASN00092045,20171223,TMAX,228,,,a,
ASN00092045,20171224,TMAX,213,,,a,
ASN00092045,20171225,TMAX,208,,,a,
ASN00092045,20171226,TMAX,221,,,a,
ASN00092045,20171227,TMAX,217,,,a,
ASN00092045,20171228,TMAX,288,,,a,
ASN00092045,20171229,TMAX,215,,,a,
ASN00092045,20171230,TMAX,223,,,a,
ASN00092045,20171231,TMAX,219,,,a,
ASN00092045,20171201,TMIN,181,,,a,
ASN00092045,20171202,TMIN,141,,,a,
ASN00092045,20171203,TMIN,92,,,a,
ASN00092045,20171204,TMIN,93,,,a,
ASN00092045,20171205,TMIN,126,,,a,
ASN00092045,20171206,TMIN,140,,,a,
ASN00092045,20171207,TMIN,124,,,a,
ASN00092045,20171208,TMIN,119,,,a,
ASN00092045,20171209,TMIN,118,,,a,
ASN00092045,20171210,TMIN,134,,,a,
ASN00092045,20171211,TMIN,123,,,a,
ASN00092045,20171212,TMIN,119,,,a,
ASN00092045,20171213,TMIN,144,,,a,
ASN00092045,20171214,TMIN,164,,,a,
ASN00092045,20171215,TMIN,123,,,a,
ASN00092045,20171216,TMIN,142,,,a,
ASN00092045,20171217,TMIN,155,,,a,
ASN00092045,20171218,TMIN,163,,,a,
ASN00092045,20171219,TMIN,176,,,a,
ASN00092045,20171220,TMIN,150,,,a,
ASN00092045,20171221,TMIN,104,,,a,
ASN00092045,20171222,TMIN,148,,,a,
ASN00092045,20171223,TMIN,142,,,a,
ASN00092045,20171224,TMIN,123,,,a,
ASN00092045,20171225,TMIN,103,,,a,
ASN00092045,20171226,TMIN,118,,,a,
ASN00092045,20171227,TMIN,170,,,a,
ASN00092045,20171228,TMIN,177,,,a,
ASN00092045,20171229,TMIN,164,,,a,
ASN00092045,20171230,TMIN,151,,,a,
ASN00092045,20171231,TMIN,116,,,a,
ASN00092045,20171201,PRCP,0,,,a,
ASN00092045,20171202,PRCP,128,,,a,
ASN00092045,20171203,PRCP,528,,,a,
ASN00092045,20171204,PRCP,22,,,a,
ASN00092045,20171205,PRCP,0,,,a,
ASN00092045,20171206,PRCP,0,,,a,
ASN00092045,20171207,PRCP,106,,,a,
ASN00092045,20171208,PRCP,0,,,a,
ASN00092045,20171209,PRCP,14,,,a,
ASN00092045,20171210,PRCP,0,,,a,
ASN00092045,20171211,PRCP,0,,,a,
ASN00092045,20171212,PRCP,0,,,a,
ASN00092045,20171213,PRCP,0,,,a,
ASN00092045,20171214,PRCP,0,,,a,
ASN00092045,20171215,PRCP,2,,,a,
ASN00092045,20171216,PRCP,0,,,a,
ASN00092045,20171217,PRCP,0,,,a,
ASN00092045,20171218,PRCP,0,,,a,
ASN00092045,20171219,PRCP,2,,,a,
ASN00092045,20171220,PRCP,74,,,a,
ASN00092045,20171221,PRCP,4,,,a,
ASN00092045,20171222,PRCP,0,,,a,
ASN00092045,20171223,PRCP,0,,,a,
ASN00092045,20171224,PRCP,0,,,a,
ASN00092045,20171225,PRCP,0,,,a,
ASN00092045,20171226,PRCP,0,,,a,
ASN00092045,20171227,PRCP,0,,,a,
ASN00092045,20171228,PRCP,2,,,a,
ASN00092045,20171229,PRCP,32,,,a,
ASN00092045,20171230,PRCP,12,,,a,
ASN00092045,20171231,PRCP,0,,,a,
ASN00092045,20171201,TAVG,168,H,,S,
ASN00092045,20171202,TAVG,122,H,,S,
ASN00092045,20171203,TAVG,119,H,,S,
ASN00092045,20171204,TAVG,149,H,,S,
ASN00092045,20171205,TAVG,148,H,,S,
ASN00092045,20171206,TAVG,144,H,,S,
ASN00092045,20171207,TAVG,164,H,,S,
ASN00092045,20171208,TAVG,156,H,,S,
ASN00092045,20171209,TAVG,173,H,,S,
ASN00092045,20171210,TAVG,177,H,,S,
ASN00092045,20171211,TAVG,165,H,,S,
ASN00092045,20171212,TAVG,174,H,,S,
ASN00092045,20171213,TAVG,193,H,,S,
ASN00092045,20171214,TAVG,191,H,,S,
ASN00092045,20171215,TAVG,172,H,,S,
ASN00092045,20171216,TAVG,187,H,,S,
ASN00092045,20171217,TAVG,181,H,,S,
ASN00092045,20171218,TAVG,190,H,,S,
ASN00092045,20171219,TAVG,185,H,,S,
ASN00092045,20171220,TAVG,162,H,,S,
ASN00092045,20171221,TAVG,174,H,,S,
ASN00092045,20171222,TAVG,179,H,,S,
ASN00092045,20171223,TAVG,174,H,,S,
ASN00092045,20171224,TAVG,167,H,,S,
ASN00092045,20171225,TAVG,165,H,,S,
ASN00092045,20171226,TAVG,186,H,,S,
ASN00092045,20171227,TAVG,193,H,,S,
ASN00092045,20171228,TAVG,204,H,,S,
ASN00092045,20171229,TAVG,168,H,,S,
ASN00092045,20171230,TAVG,170,H,,S,
ASN00092045,20171231,TAVG,176,H,,S,
ASN00092045,20180101,TMAX,234,,,a,
ASN00092045,20180102,TMAX,222,,,a,
ASN00092045,20180103,TMAX,211,,,a,
ASN00092045,20180104,TMAX,233,,,a,
ASN00092045,20180105,TMAX,242,,,a,
ASN00092045,20180106,TMAX,242,,,a,
ASN00092045,20180107,TMAX,238,,,a,
ASN00092045,20180108,TMAX,249,,,a,
ASN00092045,20180109,TMAX,251,,,a,
ASN00092045,20180110,TMAX,228,,,a,
ASN00092045,20180111,TMAX,250,,,a,
ASN00092045,20180112,TMAX,222,,,a,
ASN00092045,20180113,TMAX,220,,,a,
ASN00092045,20180114,TMAX,212,,,a,
ASN00092045,20180115,TMAX,232,,,a,
ASN00092045,20180116,TMAX,204,,,a,
ASN00092045,20180117,TMAX,257,,,a,
ASN00092045,20180118,TMAX,235,,,a,
ASN00092045,20180119,TMAX,382,,O,a,
ASN00092045,20180120,TMAX,242,,,a,
ASN00092045,20180121,TMAX,234,,,a,
ASN00092045,20180122,TMAX,278,,,a,
ASN00092045,20180123,TMAX,254,,,a,
ASN00092045,20180124,TMAX,269,,,a,
ASN00092045,20180125,TMAX,249,,,a,
ASN00092045,20180126,TMAX,251,,,a,
ASN00092045,20180127,TMAX,264,,,a,
ASN00092045,20180128,TMAX,243,,,a,
ASN00092045,20180129,TMAX,269,,,a,
ASN00092045,20180130,TMAX,209,,,a,
ASN00092045,20180131,TMAX,188,,,a,
ASN00092045,20180101,TMIN,145,,,a,
ASN00092045,20180102,TMIN,118,,,a,
ASN00092045,20180103,TMIN,109,,,a,
ASN00092045,20180104,TMIN,132,,,a,
ASN00092045,20180105,TMIN,139,,,a,
ASN00092045,20180106,TMIN,145,,,a,
ASN00092045,20180107,TMIN,170,,,a,
ASN00092045,20180108,TMIN,131,,,a,
ASN00092045,20180109,TMIN,137,,,a,
ASN00092045,20180110,TMIN,135,,,a,
ASN00092045,20180111,TMIN,172,,,a,
ASN00092045,20180112,TMIN,187,,,a,
ASN00092045,20180113,TMIN,131,,,a,
ASN00092045,20180114,TMIN,121,,,a,
ASN00092045,20180115,TMIN,121,,,a,
ASN00092045,20180116,TMIN,128,,,a,
ASN00092045,20180117,TMIN,108,,,a,
ASN00092045,20180118,TMIN,132,,,a,
ASN00092045,20180119,TMIN,160,,,a,
ASN00092045,20180120,TMIN,169,,,a,
ASN00092045,20180121,TMIN,168,,,a,
ASN00092045,20180122,TMIN,181,,,a,
ASN00092045,20180123,TMIN,135,,,a,
ASN00092045,20180124,TMIN,145,,,a,
ASN00092045,20180125,TMIN,173,,,a,
ASN00092045,20180126,TMIN,164,,,a,
ASN00092045,20180127,TMIN,190,,,a,
ASN00092045,20180128,TMIN,207,,,a,
ASN00092045,20180129,TMIN,197,,,a,
ASN00092045,20180130,TMIN,140,,,a,
ASN00092045,20180131,TMIN,88,,,a,
ASN00092045,20180101,PRCP,0,,,a,
ASN00092045,20180102,PRCP,0,,,a,
ASN00092045,20180103,PRCP,0,,,a,
ASN00092045,20180104,PRCP,0,,,a,
ASN00092045,20180105,PRCP,0,,,a,
ASN00092045,20180106,PRCP,0,,,a,
ASN00092045,20180107,PRCP,0,,,a,
ASN00092045,20180108,PRCP,0,,,a,
ASN00092045,20180109,PRCP,0,,,a,
ASN00092045,20180110,PRCP,6,,,a,
ASN00092045,20180111,PRCP,0,,,a,
ASN00092045,20180112,PRCP,0,,,a,
ASN00092045,20180113,PRCP,28,,,a,
ASN00092045,20180114,PRCP,26,,,a,
ASN00092045,20180115,PRCP,0,,,a,
ASN00092045,20180116,PRCP,0,,,a,
ASN00092045,20180117,PRCP,0,,,a,
ASN00092045,20180118,PRCP,0,,,a,
ASN00092045,20180119,PRCP,0,,,a,
ASN00092045,20180120,PRCP,0,,,a,
ASN00092045,20180121,PRCP,26,,,a,
ASN00092045,20180122,PRCP,0,,,a,
ASN00092045,20180123,PRCP,0,,,a,
ASN00092045,20180124,PRCP,0,,,a,
ASN00092045,20180125,PRCP,0,,,a,
ASN00092045,20180126,PRCP,0,,,a,
ASN00092045,20180127,PRCP,6,,,a,
ASN00092045,20180128,PRCP,2,,,a,
ASN00092045,20180129,PRCP,0,,,a,
ASN00092045,20180130,PRCP,418,,,a,
ASN00092045,20180131,PRCP,60,,,a,
ASN00092045,20180101,TAVG,173,H,,S,
ASN00092045,20180102,TAVG,167,H,,S,
ASN00092045,20180103,TAVG,168,H,,S,
ASN00092045,20180104,TAVG,180,H,,S,
ASN00092045,20180105,TAVG,189,H,,S,
ASN00092045,20180106,TAVG,204,H,,S,
ASN00092045,20180107,TAVG,182,H,,S,
ASN00092045,20180108,TAVG,188,H,,S,
ASN00092045,20180109,TAVG,171,H,,S,
ASN00092045,20180110,TAVG,196,H,,S,
ASN00092045,20180111,TAVG,207,H,,S,
ASN00092045,20180112,TAVG,168,H,,S,
ASN00092045,20180113,TAVG,152,H,,S,
ASN00092045,20180114,TAVG,170,H,,S,
ASN00092045,20180115,TAVG,163,H,,S,
ASN00092045,20180116,TAVG,156,H,,S,
ASN00092045,20180117,TAVG,179,H,,S,
ASN00092045,20180118,TAVG,197,H,,S,
ASN00092045,20180119,TAVG,202,H,,S,
ASN00092045,20180120,TAVG,191,H,,S,
ASN00092045,20180121,TAVG,203,H,,S,
ASN00092045,20180122,TAVG,202,H,,S,
ASN00092045,20180123,TAVG,194,H,,S,
ASN00092045,20180124,TAVG,206,H,,S,
ASN00092045,20180125,TAVG,206,H,,S,
ASN00092045,20180126,TAVG,208,H,,S,
ASN00092045,20180127,TAVG,219,H,,S,
ASN00092045,20180128,TAVG,216,H,,S,
ASN00092045,20180129,TAVG,194,H,,S,
ASN00092045,20180130,TAVG,142,H,,S,
ASN00092045,20180131,TAVG,149,H,,S,
ASN00092045,20180201,TMAX,202,,,a,
ASN00092045,20180202,TMAX,237,,,a,
ASN00092045,20180203,TMAX,237,,,a,
ASN00092045,20180204,TMAX,258,,,a,
ASN00092045,20180205,TMAX,232,,,a,
ASN00092045,20180206,TMAX,240,,,a,
ASN00092045,20180207,TMAX,242,,,a,
ASN00092045,20180208,TMAX,238,,,a,
ASN00092045,20180209,TMAX,243,,,a,
ASN00092045,20180210,TMAX,226,,,a,
ASN00092045,20180211,TMAX,244,,,a,
ASN00092045,20180212,TMAX,228,,,a,
ASN00092045,20180213,TMAX,227,,,a,
ASN00092045,20180214,TMAX,212,,,a,
ASN00092045,20180215,TMAX,210,,,a,
ASN00092045,20180216,TMAX,222,,,a,
ASN00092045,20180217,TMAX,217,,,a,
ASN00092045,20180218,TMAX,235,,,a,
ASN00092045,20180219,TMAX,188,,,a,
ASN00092045,20180220,TMAX,196,,,a,
ASN00092045,20180221,TMAX,213,,,a,
ASN00092045,20180222,TMAX,238,,,a,
ASN00092045,20180223,TMAX,208,,,a,
ASN00092045,20180224,TMAX,272,,,a,
ASN00092045,20180225,TMAX,186,,,a,
ASN00092045,20180226,TMAX,216,,,a,
ASN00092045,20180227,TMAX,221,,,a,
ASN00092045,20180228,TMAX,228,,,a,
ASN00092045,20180201,TMIN,113,,,a,
ASN00092045,20180202,TMIN,132,,,a,
ASN00092045,20180203,TMIN,160,,,a,
ASN00092045,20180204,TMIN,149,,,a,
ASN00092045,20180205,TMIN,152,,,a,
ASN00092045,20180206,TMIN,159,,,a,
ASN00092045,20180207,TMIN,162,,,a,
ASN00092045,20180208,TMIN,199,,,a,
ASN00092045,20180209,TMIN,180,,,a,
ASN00092045,20180210,TMIN,190,,,a,
ASN00092045,20180211,TMIN,138,,,a,
ASN00092045,20180212,TMIN,136,,,a,
ASN00092045,20180213,TMIN,135,,,a,
ASN00092045,20180214,TMIN,152,,,a,
ASN00092045,20180215,TMIN,123,,,a,
ASN00092045,20180216,TMIN,117,,,a,
ASN00092045,20180217,TMIN,127,,,a,
ASN00092045,20180218,TMIN,167,,,a,
ASN00092045,20180219,TMIN,138,,,a,
ASN00092045,20180220,TMIN,140,,,a,
ASN00092045,20180221,TMIN,142,,,a,
ASN00092045,20180222,TMIN,159,,,a,
ASN00092045,20180223,TMIN,179,,,a,
ASN00092045,20180224,TMIN,182,,,a,
ASN00092045,20180225,TMIN,134,,,a,
ASN00092045,20180226,TMIN,138,,,a,
ASN00092045,20180227,TMIN,136,,,a,
ASN00092045,20180228,TMIN,170,,,a,
ASN00092045,20180201,PRCP,0,,,a,
ASN00092045,20180202,PRCP,0,,,a,
ASN00092045,20180203,PRCP,0,,,a,
ASN00092045,20180204,PRCP,2,,,a,
ASN00092045,20180205,PRCP,0,,,a,
ASN00092045,20180206,PRCP,0,,,a,
ASN00092045,20180207,PRCP,0,,,a,
ASN00092045,20180208,PRCP,0,,,a,
ASN00092045,20180209,PRCP,4,,,a,
ASN00092045,20180210,PRCP,0,,,a,
ASN00092045,20180211,PRCP,16,,,a,
ASN00092045,20180212,PRCP,0,,,a,
ASN00092045,20180213,PRCP,0,,,a,
ASN00092045,20180214,PRCP,0,,,a,
ASN00092045,20180215,PRCP,66,,,a,
ASN00092045,20180216,PRCP,2,,,a,
ASN00092045,20180217,PRCP,0,,,a,
ASN00092045,20180218,PRCP,0,,,a,
ASN00092045,20180219,PRCP,16,,,a,
ASN00092045,20180220,PRCP,0,,,a,
ASN00092045,20180221,PRCP,0,,,a,
ASN00092045,20180222,PRCP,0,,,a,
ASN00092045,20180223,PRCP,0,,,a,
ASN00092045,20180224,PRCP,52,,,a,
ASN00092045,20180225,PRCP,24,,,a,
ASN00092045,20180226,PRCP,0,,,a,
ASN00092045,20180227,PRCP,0,,,a,
ASN00092045,20180228,PRCP,0,,,a,
ASN00092045,20180201,TAVG,165,H,,S,
ASN00092045,20180202,TAVG,188,H,,S,
ASN00092045,20180203,TAVG,190,H,,S,
ASN00092045,20180204,TAVG,191,H,,S,
ASN00092045,20180205,TAVG,192,H,,S,
ASN00092045,20180206,TAVG,198,H,,S,
ASN00092045,20180207,TAVG,211,H,,S,
ASN00092045,20180208,TAVG,202,H,,S,
ASN00092045,20180209,TAVG,205,H,,S,
ASN00092045,20180210,TAVG,193,H,,S,
ASN00092045,20180211,TAVG,183,H,,S,
ASN00092045,20180212,TAVG,178,H,,S,
ASN00092045,20180213,TAVG,193,H,,S,
ASN00092045,20180214,TAVG,150,H,,S,
ASN00092045,20180215,TAVG,161,H,,S,
ASN00092045,20180216,TAVG,166,H,,S,
ASN00092045,20180217,TAVG,182,H,,S,
ASN00092045,20180218,TAVG,174,H,,S,
ASN00092045,20180219,TAVG,158,H,,S,
ASN00092045,20180220,TAVG,160,H,,S,
ASN00092045,20180221,TAVG,181,H,,S,
ASN00092045,20180222,TAVG,203,H,,S,
ASN00092045,20180223,TAVG,191,H,,S,
ASN00092045,20180224,TAVG,184,H,,S,
ASN00092045,20180225,TAVG,161,H,,S,
ASN00092045,20180226,TAVG,169,H,,S,
ASN00092045,20180227,TAVG,192,H,,S,
ASN00092045,20180228,TAVG,176,H,,S,
ASN00092045,20180301,TMAX,216,,,a,
ASN00092045,20180302,TMAX,210,,,a,
ASN00092045,20180303,TMAX,218,,,a,
ASN00092045,20180304,TMAX,225,,,a,
ASN00092045,20180305,TMAX,214,,,a,
ASN00092045,20180306,TMAX,216,,,a,
ASN00092045,20180307,TMAX,218,,,a,
ASN00092045,20180308,TMAX,225,,,a,
ASN00092045,20180309,TMAX,226,,,a,
ASN00092045,20180310,TMAX,235,,,a,
ASN00092045,20180311,TMAX,257,,,a,
ASN00092045,20180312,TMAX,235,,,a,
ASN00092045,20180313,TMAX,249,,,a,
ASN00092045,20180314,TMAX,201,,,a,
ASN00092045,20180315,TMAX,209,,,a,
ASN00092045,20180316,TMAX,200,,,a,
ASN00092045,20180317,TMAX,269,,,a,
ASN00092045,20180318,TMAX,184,,,a,
ASN00092045,20180319,TMAX,199,,,a,
ASN00092045,20180320,TMAX,194,,,a,
ASN00092045,20180321,TMAX,181,,,a,
ASN00092045,20180322,TMAX,181,,,a,
ASN00092045,20180323,TMAX,192,,,a,
ASN00092045,20180324,TMAX,192,,,a,
ASN00092045,20180325,TMAX,203,,,a,
ASN00092045,20180326,TMAX,202,,,a,
ASN00092045,20180327,TMAX,186,,,a,
ASN00092045,20180328,TMAX,237,,,a,
ASN00092045,20180329,TMAX,209,,,a,
ASN00092045,20180330,TMAX,219,,,a,
ASN00092045,20180331,TMAX,198,,,a,
ASN00092045,20180301,TMIN,138,,,a,
ASN00092045,20180302,TMIN,153,,,a,
ASN00092045,20180303,TMIN,138,,,a,
ASN00092045,20180304,TMIN,131,,,a,
ASN00092045,20180305,TMIN,120,,,a,
ASN00092045,20180306,TMIN,142,,,a,
ASN00092045,20180307,TMIN,137,,,a,
ASN00092045,20180308,TMIN,141,,,a,
ASN00092045,20180309,TMIN,152,,,a,
ASN00092045,20180310,TMIN,148,,,a,
ASN00092045,20180311,TMIN,162,,,a,
ASN00092045,20180312,TMIN,132,,,a,
ASN00092045,20180313,TMIN,115,,,a,
ASN00092045,20180314,TMIN,143,,,a,
ASN00092045,20180315,TMIN,132,,,a,
ASN00092045,20180316,TMIN,148,,,a,
ASN00092045,20180317,TMIN,153,,,a,
ASN00092045,20180318,TMIN,174,,,a,
ASN00092045,20180319,TMIN,139,,,a,
ASN00092045,20180320,TMIN,86,,,a,
ASN00092045,20180321,TMIN,121,,,a,
ASN00092045,20180322,TMIN,132,,,a,
ASN00092045,20180324,TMIN,168,,,a,
ASN00092045,20180325,TMIN,150,,,a,
ASN00092045,20180326,TMIN,97,,,a,
ASN00092045,20180327,TMIN,88,,,a,
ASN00092045,20180328,TMIN,126,,,a,
ASN00092045,20180329,TMIN,140,,,a,
ASN00092045,20180330,TMIN,152,,,a,
ASN00092045,20180331,TMIN,90,,,a,
ASN00092045,20180301,PRCP,12,,,a,
ASN00092045,20180302,PRCP,18,,,a,
ASN00092045,20180303,PRCP,0,,,a,
ASN00092045,20180304,PRCP,0,,,a,
ASN00092045,20180305,PRCP,0,,,a,
ASN00092045,20180306,PRCP,0,,,a,
ASN00092045,20180307,PRCP,0,,,a,
ASN00092045,20180308,PRCP,0,,,a,
ASN00092045,20180309,PRCP,0,,,a,
ASN00092045,20180310,PRCP,4,,,a,
ASN00092045,20180311,PRCP,0,,,a,
ASN00092045,20180312,PRCP,2,,,a,
ASN00092045,20180313,PRCP,0,,,a,
ASN00092045,20180314,PRCP,0,,,a,
ASN00092045,20180315,PRCP,0,,,a,
ASN00092045,20180316,PRCP,8,,,a,
ASN00092045,20180317,PRCP,38,,,a,
ASN00092045,20180318,PRCP,44,,,a,
ASN00092045,20180319,PRCP,72,,,a,
ASN00092045,20180320,PRCP,8,,,a,
ASN00092045,20180321,PRCP,0,,,a,
ASN00092045,20180322,PRCP,6,,,a,
ASN00092045,20180324,PRCP,0,,,a,
ASN00092045,20180325,PRCP,68,,,a,
ASN00092045,20180326,PRCP,48,,,a,
ASN00092045,20180327,PRCP,4,,,a,
ASN00092045,20180328,PRCP,4,,,a,
ASN00092045,20180329,PRCP,0,,,a,
ASN00092045,20180330,PRCP,4,,,a,
ASN00092045,20180331,PRCP,2,,,a,
ASN00092045,20180301,TAVG,176,H,,S,
ASN00092045,20180302,TAVG,170,H,,S,
ASN00092045,20180303,TAVG,181,H,,S,
ASN00092045,20180304,TAVG,168,H,,S,
ASN00092045,20180305,TAVG,175,H,,S,
ASN00092045,20180306,TAVG,172,H,,S,
ASN00092045,20180307,TAVG,177,H,,S,
ASN00092045,20180308,TAVG,184,H,,S,
ASN00092045,20180309,TAVG,181,H,,S,
ASN00092045,20180310,TAVG,191,H,,S,
ASN00092045,20180311,TAVG,184,H,,S,
ASN00092045,20180312,TAVG,166,H,,S,
ASN00092045,20180313,TAVG,181,H,,S,
ASN00092045,20180314,TAVG,163,H,,S,
ASN00092045,20180315,TAVG,172,H,,S,
ASN00092045,20180316,TAVG,179,H,,S,
ASN00092045,20180317,TAVG,203,H,,S,
ASN00092045,20180318,TAVG,161,H,,S,
ASN00092045,20180319,TAVG,148,H,,S,
ASN00092045,20180320,TAVG,149,H,,S,
ASN00092045,20180321,TAVG,156,H,,S,
ASN00092045,20180322,TAVG,170,H,,S,
ASN00092045,20180323,TAVG,174,H,,S,
ASN00092045,20180324,TAVG,168,H,,S,
ASN00092045,20180325,TAVG,142,H,,S,
ASN00092045,20180326,TAVG,139,H,,S,
ASN00092045,20180327,TAVG,157,H,,S,
ASN00092045,20180328,TAVG,177,H,,S,
ASN00092045,20180329,TAVG,171,H,,S,
ASN00092045,20180330,TAVG,150,H,,S,
ASN00092045,20180331,TAVG,157,H,,S,
ASN00092045,20180401,TMAX,200,,,a,
ASN00092045,20180402,TMAX,212,,,a,
ASN00092045,20180403,TMAX,214,,,a,
ASN00092045,20180404,TMAX,222,,,a,
ASN00092045,20180405,TMAX,206,,,a,
ASN00092045,20180406,TMAX,195,,,a,
ASN00092045,20180407,TMAX,193,,,a,
ASN00092045,20180408,TMAX,206,,,a,
ASN00092045,20180409,TMAX,186,,,a,
ASN00092045,20180410,TMAX,187,,,a,
ASN00092045,20180411,TMAX,193,,,a,
ASN00092045,20180412,TMAX,199,,,a,
ASN00092045,20180413,TMAX,194,,,a,
ASN00092045,20180414,TMAX,172,,,a,
ASN00092045,20180415,TMAX,179,,,a,
ASN00092045,20180416,TMAX,193,,,a,
ASN00092045,20180417,TMAX,177,,,a,
ASN00092045,20180418,TMAX,179,,,a,
ASN00092045,20180419,TMAX,169,,,a,
ASN00092045,20180420,TMAX,188,,,a,
ASN00092045,20180421,TMAX,189,,,a,
ASN00092045,20180422,TMAX,202,,,a,
ASN00092045,20180423,TMAX,214,,,a,
ASN00092045,20180424,TMAX,219,,,a,
ASN00092045,20180425,TMAX,204,,,a,
ASN00092045,20180426,TMAX,188,,,a,
ASN00092045,20180427,TMAX,194,,,a,
ASN00092045,20180428,TMAX,180,,,a,
ASN00092045,20180429,TMAX,184,,,a,
ASN00092045,20180430,TMAX,200,,,a,
ASN00092045,20180401,TMIN,128,,,a,
ASN00092045,20180402,TMIN,132,,,a,
ASN00092045,20180403,TMIN,121,,,a,
ASN00092045,20180404,TMIN,127,,,a,
ASN00092045,20180405,TMIN,140,,,a,
ASN00092045,20180406,TMIN,126,,,a,
ASN00092045,20180407,TMIN,112,,,a,
ASN00092045,20180408,TMIN,125,,,a,
ASN00092045,20180409,TMIN,138,,,a,
ASN00092045,20180410,TMIN,147,,,a,
ASN00092045,20180411,TMIN,151,,,a,
ASN00092045,20180412,TMIN,148,,,a,
ASN00092045,20180413,TMIN,114,,,a,
ASN00092045,20180414,TMIN,114,,,a,
ASN00092045,20180415,TMIN,61,,,a,
ASN00092045,20180416,TMIN,108,,,a,
ASN00092045,20180417,TMIN,74,,,a,
ASN00092045,20180418,TMIN,99,,,a,
ASN00092045,20180419,TMIN,87,,,a,
ASN00092045,20180420,TMIN,120,,,a,
ASN00092045,20180421,TMIN,110,,,a,
ASN00092045,20180422,TMIN,126,,,a,
ASN00092045,20180424,TMIN,116,,,a,
ASN00092045,20180425,TMIN,122,,,a,
ASN00092045,20180426,TMIN,123,,,a,
ASN00092045,20180427,TMIN,92,,,a,
ASN00092045,20180428,TMIN,103,,,a,
ASN00092045,20180429,TMIN,105,,,a,
ASN00092045,20180430,TMIN,102,,,a,
ASN00092045,20180402,PRCP,0,,,a,
ASN00092045,20180403,PRCP,0,,,a,
ASN00092045,20180404,PRCP,0,,,a,
ASN00092045,20180405,PRCP,0,,,a,
ASN00092045,20180406,PRCP,0,,,a,
ASN00092045,20180407,PRCP,0,,,a,
ASN00092045,20180408,PRCP,0,,,a,
ASN00092045,20180409,PRCP,0,,,a,
ASN00092045,20180410,PRCP,0,,,a,
ASN00092045,20180411,PRCP,2,,,a,
ASN00092045,20180412,PRCP,4,,,a,
ASN00092045,20180413,PRCP,18,,,a,
ASN00092045,20180414,PRCP,18,,,a,
ASN00092045,20180415,PRCP,116,,,a,
ASN00092045,20180416,PRCP,8,,,a,
ASN00092045,20180417,PRCP,0,,,a,
ASN00092045,20180418,PRCP,0,,,a,
ASN00092045,20180419,PRCP,0,,,a,
ASN00092045,20180420,PRCP,0,,,a,
ASN00092045,20180421,PRCP,0,,,a,
ASN00092045,20180422,PRCP,0,,,a,
ASN00092045,20180424,PRCP,0,,,a,
ASN00092045,20180425,PRCP,0,,,a,
ASN00092045,20180426,PRCP,10,,,a,
ASN00092045,20180427,PRCP,0,,,a,
ASN00092045,20180428,PRCP,0,,,a,
ASN00092045,20180429,PRCP,0,,,a,
ASN00092045,20180430,PRCP,0,,,a,
ASN00092045,20180401,TAVG,166,H,,S,
ASN00092045,20180402,TAVG,159,H,,S,
ASN00092045,20180403,TAVG,164,H,,S,
ASN00092045,20180404,TAVG,166,H,,S,
ASN00092045,20180405,TAVG,159,H,,S,
ASN00092045,20180406,TAVG,151,H,,S,
ASN00092045,20180407,TAVG,154,H,,S,
ASN00092045,20180408,TAVG,172,H,,S,
ASN00092045,20180409,TAVG,158,H,,S,
ASN00092045,20180410,TAVG,171,H,,S,
ASN00092045,20180411,TAVG,163,H,,S,
ASN00092045,20180412,TAVG,153,H,,S,
ASN00092045,20180413,TAVG,158,H,,S,
ASN00092045,20180414,TAVG,109,H,,S,
ASN00092045,20180415,TAVG,139,H,,S,
ASN00092045,20180416,TAVG,122,H,,S,
ASN00092045,20180417,TAVG,131,H,,S,
ASN00092045,20180418,TAVG,119,H,,S,
ASN00092045,20180419,TAVG,142,H,,S,
ASN00092045,20180420,TAVG,143,H,,S,
ASN00092045,20180421,TAVG,156,H,,S,
ASN00092045,20180422,TAVG,162,H,,S,
ASN00092045,20180423,TAVG,152,H,,S,
ASN00092045,20180424,TAVG,163,H,,S,
ASN00092045,20180425,TAVG,154,H,,S,
ASN00092045,20180426,TAVG,131,H,,S,
ASN00092045,20180427,TAVG,136,H,,S,
ASN00092045,20180428,TAVG,134,H,,S,
ASN00092045,20180429,TAVG,135,H,,S,
ASN00092045,20180430,TAVG,146,H,,S,
ASN00092045,20180501,TMAX,224,,,a,
ASN00092045,20180502,TMAX,190,,,a,
ASN00092045,20180503,TMAX,204,,,a,
ASN00092045,20180504,TMAX,164,,,a,
ASN00092045,20180505,TMAX,177,,,a,
ASN00092045,20180506,TMAX,163,,,a,
ASN00092045,20180507,TMAX,176,,,a,
ASN00092045,20180508,TMAX,164,,,a,
ASN00092045,20180509,TMAX,173,,,a,
ASN00092045,20180510,TMAX,151,,,a,
ASN00092045,20180511,TMAX,147,,,a,
ASN00092045,20180512,TMAX,142,,,a,
ASN00092045,20180513,TMAX,163,,,a,
ASN00092045,20180514,TMAX,170,,,a,
ASN00092045,20180515,TMAX,163,,,a,
ASN00092045,20180516,TMAX,136,,,a,
ASN00092045,20180517,TMAX,144,,,a,
ASN00092045,20180518,TMAX,195,,,a,
ASN00092045,20180519,TMAX,160,,,a,
ASN00092045,20180520,TMAX,158,,,a,
ASN00092045,20180521,TMAX,137,,,a,
ASN00092045,20180522,TMAX,169,,,a,
ASN00092045,20180523,TMAX,175,,,a,
ASN00092045,20180524,TMAX,166,,,a,
ASN00092045,20180525,TMAX,160,,,a,
ASN00092045,20180526,TMAX,160,,,a,
ASN00092045,20180527,TMAX,168,,,a,
ASN00092045,20180528,TMAX,187,,,a,
ASN00092045,20180529,TMAX,152,,,a,
ASN00092045,20180530,TMAX,141,,,a,
ASN00092045,20180531,TMAX,141,,,a,
ASN00092045,20180501,TMIN,111,,,a,
ASN00092045,20180502,TMIN,117,,,a,
ASN00092045,20180503,TMIN,128,,,a,
ASN00092045,20180504,TMIN,126,,,a,
ASN00092045,20180505,TMIN,102,,,a,
ASN00092045,20180506,TMIN,119,,,a,
ASN00092045,20180507,TMIN,133,,,a,
ASN00092045,20180508,TMIN,81,,,a,
ASN00092045,20180509,TMIN,112,,,a,
ASN00092045,20180510,TMIN,89,,,a,
ASN00092045,20180511,TMIN,85,,,a,
ASN00092045,20180512,TMIN,114,,,a,
ASN00092045,20180513,TMIN,123,,,a,
ASN00092045,20180514,TMIN,90,,,a,
ASN00092045,20180515,TMIN,101,,,a,
ASN00092045,20180516,TMIN,54,,,a,
ASN00092045,20180517,TMIN,84,,,a,
ASN00092045,20180518,TMIN,93,,,a,
ASN00092045,20180519,TMIN,83,,,a,
ASN00092045,20180520,TMIN,108,,,a,
ASN00092045,20180521,TMIN,81,,,a,
ASN00092045,20180522,TMIN,114,,,a,
ASN00092045,20180523,TMIN,80,,,a,
ASN00092045,20180524,TMIN,64,,,a,
ASN00092045,20180525,TMIN,70,,,a,
ASN00092045,20180526,TMIN,86,,,a,
ASN00092045,20180527,TMIN,76,,,a,
ASN00092045,20180528,TMIN,114,,,a,
ASN00092045,20180529,TMIN,119,,,a,
ASN00092045,20180530,TMIN,52,,,a,
ASN00092045,20180531,TMIN,67,,,a,
ASN00092045,20180501,PRCP,0,,,a,
ASN00092045,20180502,PRCP,0,,,a,
ASN00092045,20180503,PRCP,2,,,a,
ASN00092045,20180504,PRCP,36,,,a,
ASN00092045,20180505,PRCP,8,,,a,
ASN00092045,20180506,PRCP,0,,,a,
ASN00092045,20180507,PRCP,0,,,a,
ASN00092045,20180508,PRCP,4,,,a,
ASN00092045,20180509,PRCP,0,,,a,
ASN00092045,20180510,PRCP,88,,,a,
ASN00092045,20180511,PRCP,138,,,a,
ASN00092045,20180512,PRCP,176,,,a,
ASN00092045,20180513,PRCP,46,,,a,
ASN00092045,20180514,PRCP,2,,,a,
ASN00092045,20180515,PRCP,0,,,a,
ASN00092045,20180516,PRCP,0,,,a,
ASN00092045,20180517,PRCP,4,,,a,
ASN00092045,20180518,PRCP,4,,,a,
ASN00092045,20180519,PRCP,0,,,a,
ASN00092045,20180520,PRCP,0,,,a,
ASN00092045,20180521,PRCP,0,,,a,
ASN00092045,20180522,PRCP,0,,,a,
ASN00092045,20180523,PRCP,0,,,a,
ASN00092045,20180524,PRCP,0,,,a,
ASN00092045,20180525,PRCP,0,,,a,
ASN00092045,20180526,PRCP,0,,,a,
ASN00092045,20180527,PRCP,0,,,a,
ASN00092045,20180528,PRCP,2,,,a,
ASN00092045,20180529,PRCP,4,,,a,
ASN00092045,20180530,PRCP,26,,,a,
ASN00092045,20180531,PRCP,72,,,a,
ASN00092045,20180501,TAVG,151,H,,S,
ASN00092045,20180502,TAVG,153,H,,S,
ASN00092045,20180503,TAVG,166,H,,S,
ASN00092045,20180504,TAVG,126,H,,S,
ASN00092045,20180505,TAVG,150,H,,S,
ASN00092045,20180506,TAVG,148,H,,S,
ASN00092045,20180507,TAVG,138,H,,S,
ASN00092045,20180508,TAVG,133,H,,S,
ASN00092045,20180509,TAVG,122,H,,S,
ASN00092045,20180510,TAVG,107,H,,S,
ASN00092045,20180511,TAVG,130,H,,S,
ASN00092045,20180512,TAVG,131,H,,S,
ASN00092045,20180513,TAVG,128,H,,S,
ASN00092045,20180514,TAVG,126,H,,S,
ASN00092045,20180515,TAVG,106,H,,S,
ASN00092045,20180516,TAVG,114,H,,S,
ASN00092045,20180517,TAVG,124,H,,S,
ASN00092045,20180518,TAVG,132,H,,S,
ASN00092045,20180519,TAVG,132,H,,S,
ASN00092045,20180520,TAVG,124,H,,S,
ASN00092045,20180521,TAVG,129,H,,S,
ASN00092045,20180522,TAVG,117,H,,S,
ASN00092045,20180523,TAVG,120,H,,S,
ASN00092045,20180524,TAVG,118,H,,S,
ASN00092045,20180525,TAVG,113,H,,S,
ASN00092045,20180526,TAVG,103,H,,S,
ASN00092045,20180527,TAVG,140,H,,S,
ASN00092045,20180528,TAVG,152,H,,S,
ASN00092045,20180529,TAVG,106,H,,S,
ASN00092045,20180530,TAVG,99,H,,S,
ASN00092045,20180531,TAVG,94,H,,S,
ASN00092045,20180601,TMAX,153,,,a,
ASN00092045,20180602,TMAX,134,,,a,
ASN00092045,20180603,TMAX,137,,,a,
ASN00092045,20180604,TMAX,160,,,a,
ASN00092045,20180605,TMAX,142,,,a,
ASN00092045,20180606,TMAX,159,,,a,
ASN00092045,20180607,TMAX,169,,,a,
ASN00092045,20180608,TMAX,156,,,a,
ASN00092045,20180609,TMAX,160,,,a,
ASN00092045,20180610,TMAX,156,,,a,
ASN00092045,20180611,TMAX,168,,,a,
ASN00092045,20180612,TMAX,145,,,a,
ASN00092045,20180613,TMAX,145,,,a,
ASN00092045,20180614,TMAX,136,,,a,
ASN00092045,20180615,TMAX,110,,,a,
ASN00092045,20180616,TMAX,127,,,a,
ASN00092045,20180617,TMAX,134,,,a,
ASN00092045,20180618,TMAX,124,,,a,
ASN00092045,20180619,TMAX,136,,,a,
ASN00092045,20180620,TMAX,152,,,a,
ASN00092045,20180621,TMAX,146,,,a,
ASN00092045,20180622,TMAX,143,,,a,
ASN00092045,20180623,TMAX,141,,,a,
ASN00092045,20180624,TMAX,145,,,a,
ASN00092045,20180625,TMAX,156,,,a,
ASN00092045,20180626,TMAX,155,,,a,
ASN00092045,20180627,TMAX,148,,,a,
ASN00092045,20180628,TMAX,145,,,a,
ASN00092045,20180629,TMAX,158,,,a,
ASN00092045,20180630,TMAX,129,,,a,
ASN00092045,20180601,TMIN,58,,,a,
ASN00092045,20180602,TMIN,97,,,a,
ASN00092045,20180603,TMIN,110,,,a,
ASN00092045,20180604,TMIN,60,,,a,
ASN00092045,20180605,TMIN,90,,,a,
ASN00092045,20180606,TMIN,79,,,a,
ASN00092045,20180607,TMIN,111,,,a,
ASN00092045,20180608,TMIN,129,,,a,
ASN00092045,20180609,TMIN,80,,,a,
ASN00092045,20180610,TMIN,89,,,a,
ASN00092045,20180611,TMIN,109,,,a,
ASN00092045,20180612,TMIN,116,,,a,
ASN00092045,20180613,TMIN,109,,,a,
ASN00092045,20180614,TMIN,87,,,a,
ASN00092045,20180615,TMIN,90,,,a,
ASN00092045,20180616,TMIN,75,,,a,
ASN00092045,20180617,TMIN,74,,,a,
ASN00092045,20180618,TMIN,89,,,a,
ASN00092045,20180619,TMIN,95,,,a,
ASN00092045,20180620,TMIN,98,,,a,
ASN00092045,20180621,TMIN,77,,,a,
ASN00092045,20180622,TMIN,51,,,a,
ASN00092045,20180623,TMIN,90,,,a,
ASN00092045,20180624,TMIN,68,,,a,
ASN00092045,20180625,TMIN,55,,,a,
ASN00092045,20180626,TMIN,66,,,a,
ASN00092045,20180627,TMIN,79,,,a,
ASN00092045,20180628,TMIN,83,,,a,
ASN00092045,20180629,TMIN,106,,,a,
ASN00092045,20180630,TMIN,93,,,a,
ASN00092045,20180601,PRCP,0,,,a,
ASN00092045,20180602,PRCP,40,,,a,
ASN00092045,20180603,PRCP,0,,,a,
ASN00092045,20180604,PRCP,2,,,a,
ASN00092045,20180605,PRCP,0,,,a,
ASN00092045,20180606,PRCP,0,,,a,
ASN00092045,20180607,PRCP,0,,,a,
ASN00092045,20180608,PRCP,12,,,a,
ASN00092045,20180609,PRCP,42,,,a,
ASN00092045,20180610,PRCP,2,,,a,
ASN00092045,20180611,PRCP,2,,,a,
ASN00092045,20180612,PRCP,20,,,a,
ASN00092045,20180613,PRCP,54,,,a,
ASN00092045,20180614,PRCP,24,,,a,
ASN00092045,20180615,PRCP,82,,,a,
ASN00092045,20180616,PRCP,122,,,a,
ASN00092045,20180617,PRCP,4,,,a,
ASN00092045,20180618,PRCP,50,,,a,
ASN00092045,20180619,PRCP,20,,,a,
ASN00092045,20180620,PRCP,14,,,a,
ASN00092045,20180621,PRCP,0,,,a,
ASN00092045,20180622,PRCP,2,,,a,
ASN00092045,20180623,PRCP,14,,,a,
ASN00092045,20180624,PRCP,0,,,a,
ASN00092045,20180625,PRCP,0,,,a,
ASN00092045,20180626,PRCP,0,,,a,
ASN00092045,20180627,PRCP,0,,,a,
ASN00092045,20180628,PRCP,0,,,a,
ASN00092045,20180629,PRCP,36,,,a,
ASN00092045,20180630,PRCP,8,,,a,
ASN00092045,20180601,TAVG,119,H,,S,
ASN00092045,20180602,TAVG,121,H,,S,
ASN00092045,20180603,TAVG,97,H,,S,
ASN00092045,20180604,TAVG,123,H,,S,
ASN00092045,20180605,TAVG,112,H,,S,
ASN00092045,20180606,TAVG,147,H,,S,
ASN00092045,20180607,TAVG,150,H,,S,
ASN00092045,20180608,TAVG,121,H,,S,
ASN00092045,20180609,TAVG,117,H,,S,
ASN00092045,20180610,TAVG,138,H,,S,
ASN00092045,20180611,TAVG,139,H,,S,
ASN00092045,20180612,TAVG,123,H,,S,
ASN00092045,20180613,TAVG,113,H,,S,
ASN00092045,20180614,TAVG,114,H,,S,
ASN00092045,20180615,TAVG,91,H,,S,
ASN00092045,20180616,TAVG,102,H,,S,
ASN00092045,20180617,TAVG,108,H,,S,
ASN00092045,20180618,TAVG,107,H,,S,
ASN00092045,20180619,TAVG,112,H,,S,
ASN00092045,20180620,TAVG,114,H,,S,
ASN00092045,20180621,TAVG,93,H,,S,
ASN00092045,20180622,TAVG,119,H,,S,
ASN00092045,20180623,TAVG,95,H,,S,
ASN00092045,20180624,TAVG,95,H,,S,
ASN00092045,20180625,TAVG,103,H,,S,
ASN00092045,20180626,TAVG,108,H,,S,
ASN00092045,20180627,TAVG,107,H,,S,
ASN00092045,20180628,TAVG,130,H,,S,
ASN00092045,20180629,TAVG,113,H,,S,
ASN00092045,20180630,TAVG,85,H,,S,
ASN00092045,20180701,TMAX,149,,,a,
ASN00092045,20180702,TMAX,149,,,a,
ASN00092045,20180703,TMAX,138,,,a,
ASN00092045,20180704,TMAX,167,,,a,
ASN00092045,20180705,TMAX,165,,,a,
ASN00092045,20180706,TMAX,122,,,a,
ASN00092045,20180707,TMAX,137,,,a,
ASN00092045,20180708,TMAX,138,,,a,
ASN00092045,20180709,TMAX,142,,,a,
ASN00092045,20180710,TMAX,123,,,a,
ASN00092045,20180711,TMAX,146,,,a,
ASN00092045,20180712,TMAX,139,,,a,
ASN00092045,20180713,TMAX,151,,,a,
ASN00092045,20180714,TMAX,131,,,a,
ASN00092045,20180715,TMAX,132,,,a,
ASN00092045,20180716,TMAX,146,,,a,
ASN00092045,20180717,TMAX,147,,,a,
ASN00092045,20180718,TMAX,134,,,a,
ASN00092045,20180719,TMAX,132,,,a,
ASN00092045,20180720,TMAX,122,,,a,
ASN00092045,20180721,TMAX,136,,,a,
ASN00092045,20180722,TMAX,131,,,a,
ASN00092045,20180723,TMAX,141,,,a,
ASN00092045,20180724,TMAX,139,,,a,
ASN00092045,20180725,TMAX,139,,,a,
ASN00092045,20180726,TMAX,140,,,a,
ASN00092045,20180727,TMAX,148,,,a,
ASN00092045,20180728,TMAX,153,,,a,
ASN00092045,20180729,TMAX,130,,,a,
ASN00092045,20180730,TMAX,133,,,a,
ASN00092045,20180731,TMAX,135,,,a,
ASN00092045,20180701,TMIN,54,,,a,
ASN00092045,20180702,TMIN,63,,,a,
ASN00092045,20180703,TMIN,93,,,a,
ASN00092045,20180704,TMIN,95,,,a,
ASN00092045,20180705,TMIN,109,,,a,
ASN00092045,20180706,TMIN,90,,,a,
ASN00092045,20180707,TMIN,70,,,a,
ASN00092045,20180708,TMIN,53,,,a,
ASN00092045,20180709,TMIN,47,,,a,
ASN00092045,20180710,TMIN,46,,,a,
ASN00092045,20180711,TMIN,60,,,a,
ASN00092045,20180712,TMIN,74,,,a,
ASN00092045,20180713,TMIN,72,,,a,
ASN00092045,20180714,TMIN,54,,,a,
ASN00092045,20180715,TMIN,49,,,a,
ASN00092045,20180716,TMIN,76,,,a,
ASN00092045,20180717,TMIN,115,,,a,
ASN00092045,20180718,TMIN,72,,,a,
ASN00092045,20180719,TMIN,88,,,a,
ASN00092045,20180720,TMIN,64,,,a,
ASN00092045,20180721,TMIN,39,,,a,
ASN00092045,20180722,TMIN,54,,,a,
ASN00092045,20180723,TMIN,90,,,a,
ASN00092045,20180724,TMIN,88,,,a,
ASN00092045,20180725,TMIN,69,,,a,
ASN00092045,20180726,TMIN,68,,,a,
ASN00092045,20180727,TMIN,84,,,a,
ASN00092045,20180728,TMIN,56,,,a,
ASN00092045,20180729,TMIN,76,,,a,
ASN00092045,20180730,TMIN,69,,,a,
ASN00092045,20180731,TMIN,82,,,a,
ASN00092045,20180701,PRCP,8,,,a,
ASN00092045,20180702,PRCP,2,,,a,
ASN00092045,20180703,PRCP,0,,,a,
ASN00092045,20180704,PRCP,0,,,a,
ASN00092045,20180705,PRCP,68,,,a,
ASN00092045,20180706,PRCP,72,,,a,
ASN00092045,20180707,PRCP,90,,,a,
ASN00092045,20180708,PRCP,4,,,a,
ASN00092045,20180709,PRCP,0,,,a,
ASN00092045,20180710,PRCP,0,,,a,
ASN00092045,20180711,PRCP,0,,,a,
ASN00092045,20180712,PRCP,0,,,a,
ASN00092045,20180713,PRCP,0,,,a,
ASN00092045,20180714,PRCP,0,,,a,
ASN00092045,20180715,PRCP,0,,,a,
ASN00092045,20180716,PRCP,4,,,a,
ASN00092045,20180717,PRCP,2,,,a,
ASN00092045,20180718,PRCP,90,,,a,
ASN00092045,20180719,PRCP,16,,,a,
ASN00092045,20180720,PRCP,136,,,a,
ASN00092045,20180721,PRCP,0,,,a,
ASN00092045,20180722,PRCP,0,,,a,
ASN00092045,20180723,PRCP,0,,,a,
ASN00092045,20180724,PRCP,70,,,a,
ASN00092045,20180725,PRCP,70,,,a,
ASN00092045,20180726,PRCP,0,,,a,
ASN00092045,20180727,PRCP,0,,,a,
ASN00092045,20180728,PRCP,0,,,a,
ASN00092045,20180729,PRCP,74,,,a,
ASN00092045,20180730,PRCP,22,,,a,
ASN00092045,20180731,PRCP,36,,,a,
ASN00092045,20180701,TAVG,96,H,,S,
ASN00092045,20180702,TAVG,116,H,,S,
ASN00092045,20180703,TAVG,122,H,,S,
ASN00092045,20180704,TAVG,128,H,,S,
ASN00092045,20180705,TAVG,128,H,,S,
ASN00092045,20180706,TAVG,101,H,,S,
ASN00092045,20180707,TAVG,92,H,,S,
ASN00092045,20180708,TAVG,82,H,,S,
ASN00092045,20180709,TAVG,91,H,,S,
ASN00092045,20180710,TAVG,93,H,,S,
ASN00092045,20180711,TAVG,101,H,,S,
ASN00092045,20180712,TAVG,104,H,,S,
ASN00092045,20180713,TAVG,99,H,,S,
ASN00092045,20180714,TAVG,86,H,,S,
ASN00092045,20180715,TAVG,105,H,,S,
ASN00092045,20180716,TAVG,126,H,,S,
ASN00092045,20180717,TAVG,104,H,,S,
ASN00092045,20180718,TAVG,124,H,,S,
ASN00092045,20180719,TAVG,87,H,,S,
ASN00092045,20180720,TAVG,73,H,,S,
ASN00092045,20180721,TAVG,88,H,,S,
ASN00092045,20180722,TAVG,109,H,,S,
ASN00092045,20180723,TAVG,113,H,,S,
ASN00092045,20180724,TAVG,99,H,,S,
ASN00092045,20180725,TAVG,96,H,,S,
ASN00092045,20180726,TAVG,107,H,,S,
ASN00092045,20180727,TAVG,105,H,,S,
ASN00092045,20180728,TAVG,112,H,,S,
ASN00092045,20180729,TAVG,101,H,,S,
ASN00092045,20180730,TAVG,108,H,,S,
ASN00092045,20180731,TAVG,93,H,,S,
ASN00092045,20180801,TMAX,149,,,a,
ASN00092045,20180802,TMAX,133,,,a,
ASN00092045,20180803,TMAX,138,,,a,
ASN00092045,20180804,TMAX,153,,,a,
ASN00092045,20180805,TMAX,155,,,a,
ASN00092045,20180806,TMAX,122,,,a,
ASN00092045,20180807,TMAX,144,,,a,
ASN00092045,20180809,TMAX,139,,,a,
ASN00092045,20180810,TMAX,144,,,a,
ASN00092045,20180811,TMAX,116,,,a,
ASN00092045,20180812,TMAX,135,,,a,
ASN00092045,20180813,TMAX,129,,,a,
ASN00092045,20180814,TMAX,153,,,a,
ASN00092045,20180815,TMAX,134,,,a,
ASN00092045,20180816,TMAX,145,,,a,
ASN00092045,20180817,TMAX,140,,,a,
ASN00092045,20180818,TMAX,135,,,a,
ASN00092045,20180819,TMAX,128,,,a,
ASN00092045,20180820,TMAX,109,,,a,
ASN00092045,20180821,TMAX,141,,,a,
ASN00092045,20180822,TMAX,141,,,a,
ASN00092045,20180823,TMAX,147,,,a,
ASN00092045,20180824,TMAX,161,,,a,
ASN00092045,20180825,TMAX,155,,,a,
ASN00092045,20180826,TMAX,143,,,a,
ASN00092045,20180827,TMAX,134,,,a,
ASN00092045,20180828,TMAX,119,,,a,
ASN00092045,20180829,TMAX,132,,,a,
ASN00092045,20180830,TMAX,131,,,a,
ASN00092045,20180831,TMAX,131,,,a,
ASN00092045,20180801,TMIN,55,,,a,
ASN00092045,20180802,TMIN,51,,,a,
ASN00092045,20180803,TMIN,86,,,a,
ASN00092045,20180804,TMIN,84,,,a,
ASN00092045,20180805,TMIN,96,,,a,
ASN00092045,20180806,TMIN,90,,,a,
ASN00092045,20180807,TMIN,62,,,a,
ASN00092045,20180808,TMIN,81,,,a,
ASN00092045,20180809,TMIN,69,,,a,
ASN00092045,20180810,TMIN,104,,,a,
ASN00092045,20180811,TMIN,109,,,a,
ASN00092045,20180812,TMIN,36,,,a,
ASN00092045,20180813,TMIN,69,,,a,
ASN00092045,20180814,TMIN,86,,,a,
ASN00092045,20180815,TMIN,101,,,a,
ASN00092045,20180816,TMIN,71,,,a,
ASN00092045,20180817,TMIN,56,,,a,
ASN00092045,20180818,TMIN,84,,,a,
ASN00092045,20180819,TMIN,26,,,a,
ASN00092045,20180820,TMIN,11,,,a,
ASN00092045,20180821,TMIN,45,,,a,
ASN00092045,20180822,TMIN,49,,,a,
ASN00092045,20180823,TMIN,51,,,a,
ASN00092045,20180824,TMIN,64,,,a,
ASN00092045,20180825,TMIN,78,,,a,
ASN00092045,20180826,TMIN,85,,,a,
ASN00092045,20180827,TMIN,24,,,a,
ASN00092045,20180828,TMIN,31,,,a,
ASN00092045,20180829,TMIN,51,,,a,
ASN00092045,20180830,TMIN,39,,,a,
ASN00092045,20180831,TMIN,76,,,a,
ASN00092045,20180801,PRCP,56,,,a,
ASN00092045,20180802,PRCP,0,,,a,
ASN00092045,20180803,PRCP,0,,,a,
ASN00092045,20180804,PRCP,14,,,a,
ASN00092045,20180805,PRCP,2,,,a,
ASN00092045,20180806,PRCP,30,,,a,
ASN00092045,20180807,PRCP,26,,,a,
ASN00092045,20180808,PRCP,82,,,a,
ASN00092045,20180810,PRCP,0,,,a,
ASN00092045,20180811,PRCP,0,,,a,
ASN00092045,20180812,PRCP,8,,,a,
ASN00092045,20180813,PRCP,0,,,a,
ASN00092045,20180814,PRCP,0,,,a,
ASN00092045,20180815,PRCP,44,,,a,
ASN00092045,20180816,PRCP,14,,,a,
ASN00092045,20180817,PRCP,0,,,a,
ASN00092045,20180818,PRCP,22,,,a,
ASN00092045,20180819,PRCP,16,,,a,
ASN00092045,20180820,PRCP,4,,,a,
ASN00092045,20180821,PRCP,0,,,a,
ASN00092045,20180822,PRCP,10,,,a,
ASN00092045,20180823,PRCP,0,,,a,
ASN00092045,20180824,PRCP,0,,,a,
ASN00092045,20180825,PRCP,2,,,a,
ASN00092045,20180826,PRCP,0,,,a,
ASN00092045,20180827,PRCP,0,,,a,
ASN00092045,20180828,PRCP,16,,,a,
ASN00092045,20180829,PRCP,2,,,a,
ASN00092045,20180830,PRCP,0,,,a,
ASN00092045,20180831,PRCP,4,,,a,
ASN00092045,20180801,TAVG,93,H,,S,
ASN00092045,20180802,TAVG,119,H,,S,
ASN00092045,20180803,TAVG,118,H,,S,
ASN00092045,20180804,TAVG,125,H,,S,
ASN00092045,20180805,TAVG,129,H,,S,
ASN00092045,20180806,TAVG,87,H,,S,
ASN00092045,20180807,TAVG,110,H,,S,
ASN00092045,20180808,TAVG,96,H,,S,
ASN00092045,20180809,TAVG,116,H,,S,
ASN00092045,20180810,TAVG,127,H,,S,
ASN00092045,20180811,TAVG,77,H,,S,
ASN00092045,20180812,TAVG,95,H,,S,
ASN00092045,20180813,TAVG,119,H,,S,
ASN00092045,20180814,TAVG,129,H,,S,
ASN00092045,20180815,TAVG,101,H,,S,
ASN00092045,20180816,TAVG,93,H,,S,
ASN00092045,20180817,TAVG,113,H,,S,
ASN00092045,20180818,TAVG,69,H,,S,
ASN00092045,20180819,TAVG,66,H,,S,
ASN00092045,20180820,TAVG,73,H,,S,
ASN00092045,20180821,TAVG,90,H,,S,
ASN00092045,20180822,TAVG,89,H,,S,
ASN00092045,20180823,TAVG,97,H,,S,
ASN00092045,20180824,TAVG,107,H,,S,
ASN00092045,20180825,TAVG,109,H,,S,
ASN00092045,20180826,TAVG,83,H,,S,
ASN00092045,20180827,TAVG,77,H,,S,
ASN00092045,20180828,TAVG,78,H,,S,
ASN00092045,20180829,TAVG,84,H,,S,
ASN00092045,20180830,TAVG,109,H,,S,
ASN00092045,20180831,TAVG,95,H,,S,
ASN00092045,20180901,TMAX,138,,,a,
ASN00092045,20180902,TMAX,137,,,a,
ASN00092045,20180903,TMAX,151,,,a,
ASN00092045,20180904,TMAX,145,,,a,
ASN00092045,20180905,TMAX,155,,,a,
ASN00092045,20180906,TMAX,152,,,a,
ASN00092045,20180907,TMAX,155,,,a,
ASN00092045,20180908,TMAX,155,,,a,
ASN00092045,20180909,TMAX,171,,,a,
ASN00092045,20180910,TMAX,182,,,a,
ASN00092045,20180911,TMAX,165,,,a,
ASN00092045,20180912,TMAX,151,,,a,
ASN00092045,20180913,TMAX,148,,,a,
ASN00092045,20180914,TMAX,187,,,a,
ASN00092045,20180915,TMAX,147,,,a,
ASN00092045,20180916,TMAX,153,,,a,
ASN00092045,20180917,TMAX,144,,,a,
ASN00092045,20180918,TMAX,174,,,a,
ASN00092045,20180919,TMAX,151,,,a,
ASN00092045,20180920,TMAX,160,,,a,
ASN00092045,20180921,TMAX,170,,,a,
ASN00092045,20180922,TMAX,158,,,a,
ASN00092045,20180923,TMAX,152,,,a,
ASN00092045,20180924,TMAX,135,,,a,
ASN00092045,20180925,TMAX,143,,,a,
ASN00092045,20180926,TMAX,147,,,a,
ASN00092045,20180927,TMAX,180,,,a,
ASN00092045,20180928,TMAX,171,,,a,
ASN00092045,20180929,TMAX,165,,,a,
ASN00092045,20180930,TMAX,186,,,a,
ASN00092045,20180901,TMIN,73,,,a,
ASN00092045,20180902,TMIN,37,,,a,
ASN00092045,20180903,TMIN,51,,,a,
ASN00092045,20180904,TMIN,71,,,a,
ASN00092045,20180905,TMIN,102,,,a,
ASN00092045,20180906,TMIN,126,,,a,
ASN00092045,20180907,TMIN,93,,,a,
ASN00092045,20180908,TMIN,42,,,a,
ASN00092045,20180909,TMIN,88,,,a,
ASN00092045,20180910,TMIN,79,,,a,
ASN00092045,20180911,TMIN,86,,,a,
ASN00092045,20180912,TMIN,104,,,a,
ASN00092045,20180913,TMIN,103,,,a,
ASN00092045,20180914,TMIN,110,,,a,
ASN00092045,20180915,TMIN,123,,,a,
ASN00092045,20180916,TMIN,34,,,a,
ASN00092045,20180917,TMIN,78,,,a,
ASN00092045,20180918,TMIN,99,,,a,
ASN00092045,20180919,TMIN,71,,,a,
ASN00092045,20180920,TMIN,34,,,a,
ASN00092045,20180921,TMIN,89,,,a,
ASN00092045,20180922,TMIN,94,,,a,
ASN00092045,20180923,TMIN,78,,,a,
ASN00092045,20180924,TMIN,57,,,a,
ASN00092045,20180925,TMIN,45,,,a,
ASN00092045,20180926,TMIN,58,,,a,
ASN00092045,20180927,TMIN,82,,,a,
ASN00092045,20180928,TMIN,91,,,a,
ASN00092045,20180929,TMIN,42,,,a,
ASN00092045,20180930,TMIN,73,,,a,
ASN00092045,20180901,PRCP,136,,,a,
ASN00092045,20180902,PRCP,0,,,a,
ASN00092045,20180903,PRCP,2,,,a,
ASN00092045,20180904,PRCP,0,,,a,
ASN00092045,20180905,PRCP,8,,,a,
ASN00092045,20180906,PRCP,0,,,a,
ASN00092045,20180907,PRCP,64,,,a,
ASN00092045,20180908,PRCP,2,,,a,
ASN00092045,20180909,PRCP,0,,,a,
ASN00092045,20180910,PRCP,2,,,a,
ASN00092045,20180911,PRCP,0,,,a,
ASN00092045,20180912,PRCP,0,,,a,
ASN00092045,20180913,PRCP,2,,,a,
ASN00092045,20180914,PRCP,0,,,a,
ASN00092045,20180915,PRCP,0,,,a,
ASN00092045,20180916,PRCP,6,,,a,
ASN00092045,20180917,PRCP,20,,,a,
ASN00092045,20180918,PRCP,4,,,a,
ASN00092045,20180919,PRCP,4,,,a,
ASN00092045,20180920,PRCP,66,,,a,
ASN00092045,20180921,PRCP,0,,,a,
ASN00092045,20180922,PRCP,0,,,a,
ASN00092045,20180923,PRCP,0,,,a,
ASN00092045,20180924,PRCP,0,,,a,
ASN00092045,20180925,PRCP,0,,,a,
ASN00092045,20180926,PRCP,0,,,a,
ASN00092045,20180927,PRCP,0,,,a,
ASN00092045,20180928,PRCP,0,,,a,
ASN00092045,20180929,PRCP,0,,,a,
ASN00092045,20180930,PRCP,0,,,a,
ASN00092045,20180901,TAVG,80,H,,S,
ASN00092045,20180902,TAVG,91,H,,S,
ASN00092045,20180903,TAVG,102,H,,S,
ASN00092045,20180904,TAVG,123,H,,S,
ASN00092045,20180905,TAVG,134,H,,S,
ASN00092045,20180906,TAVG,121,H,,S,
ASN00092045,20180907,TAVG,96,H,,S,
ASN00092045,20180908,TAVG,114,H,,S,
ASN00092045,20180909,TAVG,116,H,,S,
ASN00092045,20180910,TAVG,128,H,,S,
ASN00092045,20180911,TAVG,136,H,,S,
ASN00092045,20180912,TAVG,121,H,,S,
ASN00092045,20180913,TAVG,126,H,,S,
ASN00092045,20180914,TAVG,144,H,,S,
ASN00092045,20180915,TAVG,78,H,,S,
ASN00092045,20180916,TAVG,99,H,,S,
ASN00092045,20180917,TAVG,118,H,,S,
ASN00092045,20180918,TAVG,114,H,,S,
ASN00092045,20180919,TAVG,76,H,,S,
ASN00092045,20180920,TAVG,117,H,,S,
ASN00092045,20180921,TAVG,123,H,,S,
ASN00092045,20180922,TAVG,118,H,,S,
ASN00092045,20180923,TAVG,94,H,,S,
ASN00092045,20180924,TAVG,85,H,,S,
ASN00092045,20180925,TAVG,100,H,,S,
ASN00092045,20180926,TAVG,114,H,,S,
ASN00092045,20180927,TAVG,129,H,,S,
ASN00092045,20180928,TAVG,99,H,,S,
ASN00092045,20180929,TAVG,113,H,,S,
ASN00092045,20180930,TAVG,122,H,,S,
ASN00092045,20181001,TMAX,172,,,a,
ASN00092045,20181002,TMAX,179,,,a,
ASN00092045,20181003,TMAX,228,,,a,
ASN00092045,20181004,TMAX,152,,,a,
ASN00092045,20181005,TMAX,150,,,a,
ASN00092045,20181006,TMAX,180,,,a,
ASN00092045,20181007,TMAX,175,,,a,
ASN00092045,20181008,TMAX,183,,,a,
ASN00092045,20181009,TMAX,192,,,a,
ASN00092045,20181010,TMAX,125,,,a,
ASN00092045,20181011,TMAX,151,,,a,
ASN00092045,20181012,TMAX,165,,,a,
ASN00092045,20181013,TMAX,191,,,a,
ASN00092045,20181014,TMAX,184,,,a,
ASN00092045,20181015,TMAX,204,,,a,
ASN00092045,20181016,TMAX,202,,,a,
ASN00092045,20181017,TMAX,189,,,a,
ASN00092045,20181018,TMAX,197,,,a,
ASN00092045,20181019,TMAX,199,,,a,
ASN00092045,20181020,TMAX,201,,,a,
ASN00092045,20181021,TMAX,174,,,a,
ASN00092045,20181022,TMAX,184,,,a,
ASN00092045,20181023,TMAX,194,,,a,
ASN00092045,20181024,TMAX,166,,,a,
ASN00092045,20181025,TMAX,185,,,a,
ASN00092045,20181026,TMAX,181,,,a,
ASN00092045,20181027,TMAX,194,,,a,
ASN00092045,20181028,TMAX,156,,,a,
ASN00092045,20181029,TMAX,175,,,a,
ASN00092045,20181030,TMAX,194,,,a,
ASN00092045,20181031,TMAX,184,,,a,
ASN00092045,20181001,TMIN,79,,,a,
ASN00092045,20181002,TMIN,93,,,a,
ASN00092045,20181003,TMIN,115,,,a,
ASN00092045,20181004,TMIN,99,,,a,
ASN00092045,20181005,TMIN,96,,,a,
ASN00092045,20181006,TMIN,80,,,a,
ASN00092045,20181007,TMIN,100,,,a,
ASN00092045,20181008,TMIN,108,,,a,
ASN00092045,20181009,TMIN,101,,,a,
ASN00092045,20181010,TMIN,75,,,a,
ASN00092045,20181011,TMIN,58,,,a,
ASN00092045,20181012,TMIN,100,,,a,
ASN00092045,20181013,TMIN,115,,,a,
ASN00092045,20181014,TMIN,130,,,a,
ASN00092045,20181015,TMIN,138,,,a,
ASN00092045,20181016,TMIN,151,,,a,
ASN00092045,20181017,TMIN,142,,,a,
ASN00092045,20181018,TMIN,135,,,a,
ASN00092045,20181019,TMIN,127,,,a,
ASN00092045,20181020,TMIN,133,,,a,
ASN00092045,20181021,TMIN,116,,,a,
ASN00092045,20181022,TMIN,104,,,a,
ASN00092045,20181023,TMIN,134,,,a,
ASN00092045,20181024,TMIN,56,,,a,
ASN00092045,20181025,TMIN,91,,,a,
ASN00092045,20181026,TMIN,93,,,a,
ASN00092045,20181027,TMIN,103,,,a,
ASN00092045,20181028,TMIN,42,,,a,
ASN00092045,20181029,TMIN,78,,,a,
ASN00092045,20181030,TMIN,95,,,a,
ASN00092045,20181031,TMIN,113,,,a,
ASN00092045,20181001,PRCP,0,,,a,
ASN00092045,20181002,PRCP,0,,,a,
ASN00092045,20181003,PRCP,0,,,a,
ASN00092045,20181004,PRCP,0,,,a,
ASN00092045,20181005,PRCP,0,,,a,
ASN00092045,20181006,PRCP,0,,,a,
ASN00092045,20181007,PRCP,0,,,a,
ASN00092045,20181008,PRCP,0,,,a,
ASN00092045,20181009,PRCP,6,,,a,
ASN00092045,20181010,PRCP,46,,,a,
ASN00092045,20181011,PRCP,2,,,a,
ASN00092045,20181012,PRCP,0,,,a,
ASN00092045,20181013,PRCP,14,,,a,
ASN00092045,20181014,PRCP,0,,,a,
ASN00092045,20181015,PRCP,0,,,a,
ASN00092045,20181016,PRCP,0,,,a,
ASN00092045,20181017,PRCP,0,,,a,
ASN00092045,20181018,PRCP,40,,,a,
ASN00092045,20181019,PRCP,2,,,a,
ASN00092045,20181020,PRCP,10,,,a,
ASN00092045,20181021,PRCP,36,,,a,
ASN00092045,20181022,PRCP,4,,,a,
ASN00092045,20181023,PRCP,0,,,a,
ASN00092045,20181024,PRCP,0,,,a,
ASN00092045,20181025,PRCP,0,,,a,
ASN00092045,20181026,PRCP,0,,,a,
ASN00092045,20181027,PRCP,0,,,a,
ASN00092045,20181028,PRCP,46,,,a,
ASN00092045,20181029,PRCP,0,,,a,
ASN00092045,20181030,PRCP,0,,,a,
ASN00092045,20181031,PRCP,0,,,a,
ASN00092045,20181001,TAVG,124,H,,S,
ASN00092045,20181002,TAVG,137,H,,S,
ASN00092045,20181003,TAVG,127,H,,S,
ASN00092045,20181004,TAVG,119,H,,S,
ASN00092045,20181005,TAVG,118,H,,S,
ASN00092045,20181006,TAVG,134,H,,S,
ASN00092045,20181007,TAVG,136,H,,S,
ASN00092045,20181008,TAVG,131,H,,S,
ASN00092045,20181009,TAVG,108,H,,S,
ASN00092045,20181010,TAVG,96,H,,S,
ASN00092045,20181011,TAVG,118,H,,S,
ASN00092045,20181012,TAVG,134,H,,S,
ASN00092045,20181013,TAVG,149,H,,S,
ASN00092045,20181014,TAVG,155,H,,S,
ASN00092045,20181015,TAVG,163,H,,S,
ASN00092045,20181016,TAVG,159,H,,S,
ASN00092045,20181017,TAVG,151,H,,S,
ASN00092045,20181018,TAVG,151,H,,S,
ASN00092045,20181019,TAVG,155,H,,S,
ASN00092045,20181020,TAVG,137,H,,S,
ASN00092045,20181021,TAVG,132,H,,S,
ASN00092045,20181022,TAVG,154,H,,S,
ASN00092045,20181023,TAVG,116,H,,S,
ASN00092045,20181024,TAVG,128,H,,S,
ASN00092045,20181025,TAVG,132,H,,S,
ASN00092045,20181026,TAVG,127,H,,S,
ASN00092045,20181027,TAVG,102,H,,S,
ASN00092045,20181028,TAVG,115,H,,S,
ASN00092045,20181029,TAVG,133,H,,S,
ASN00092045,20181030,TAVG,143,H,,S,
ASN00092045,20181031,TAVG,134,H,,S,
ASN00092045,20181101,TMAX,178,,,a,
ASN00092045,20181102,TMAX,184,,,a,
ASN00092045,20181103,TMAX,176,,,a,
ASN00092045,20181104,TMAX,180,,,a,
ASN00092045,20181105,TMAX,171,,,a,
ASN00092045,20181106,TMAX,180,,,a,
ASN00092045,20181107,TMAX,172,,,a,
ASN00092045,20181108,TMAX,177,,,a,
ASN00092045,20181109,TMAX,183,,,a,
ASN00092045,20181110,TMAX,199,,,a,
ASN00092045,20181111,TMAX,181,,,a,
ASN00092045,20181112,TMAX,196,,,a,
ASN00092045,20181113,TMAX,211,,,a,
ASN00092045,20181114,TMAX,214,,,a,
ASN00092045,20181115,TMAX,183,,,a,
ASN00092045,20181116,TMAX,165,,,a,
ASN00092045,20181117,TMAX,194,,,a,
ASN00092045,20181118,TMAX,201,,,a,
ASN00092045,20181119,TMAX,206,,,a,
ASN00092045,20181120,TMAX,188,,,a,
ASN00092045,20181121,TMAX,219,,,a,
ASN00092045,20181122,TMAX,141,,,a,
ASN00092045,20181123,TMAX,156,,,a,
ASN00092045,20181124,TMAX,182,,,a,
ASN00092045,20181125,TMAX,163,,,a,
ASN00092045,20181126,TMAX,205,,,a,
ASN00092045,20181127,TMAX,205,,,a,
ASN00092045,20181128,TMAX,193,,,a,
ASN00092045,20181129,TMAX,198,,,a,
ASN00092045,20181130,TMAX,213,,,a,
ASN00092045,20181101,TMIN,89,,,a,
ASN00092045,20181102,TMIN,140,,,a,
ASN00092045,20181103,TMIN,88,,,a,
ASN00092045,20181104,TMIN,96,,,a,
ASN00092045,20181105,TMIN,123,,,a,
ASN00092045,20181106,TMIN,130,,,a,
ASN00092045,20181107,TMIN,98,,,a,
ASN00092045,20181108,TMIN,41,,,a,
ASN00092045,20181109,TMIN,83,,,a,
ASN00092045,20181110,TMIN,106,,,a,
ASN00092045,20181111,TMIN,90,,,a,
ASN00092045,20181112,TMIN,101,,,a,
ASN00092045,20181113,TMIN,144,,,a,
ASN00092045,20181114,TMIN,144,,,a,
ASN00092045,20181115,TMIN,115,,,a,
ASN00092045,20181116,TMIN,107,,,a,
ASN00092045,20181117,TMIN,116,,,a,
ASN00092045,20181118,TMIN,132,,,a,
ASN00092045,20181119,TMIN,141,,,a,
ASN00092045,20181120,TMIN,149,,,a,
ASN00092045,20181121,TMIN,156,,,a,
ASN00092045,20181122,TMIN,120,,,a,
ASN00092045,20181123,TMIN,118,,,a,
ASN00092045,20181124,TMIN,121,,,a,
ASN00092045,20181125,TMIN,126,,,a,
ASN00092045,20181126,TMIN,131,,,a,
ASN00092045,20181127,TMIN,136,,,a,
ASN00092045,20181128,TMIN,126,,,a,
ASN00092045,20181129,TMIN,137,,,a,
ASN00092045,20181130,TMIN,131,,,a,
ASN00092045,20181101,PRCP,0,,,a,
ASN00092045,20181102,PRCP,40,,,a,
ASN00092045,20181103,PRCP,68,,,a,
ASN00092045,20181104,PRCP,0,,,a,
ASN00092045,20181105,PRCP,6,,,a,
ASN00092045,20181106,PRCP,6,,,a,
ASN00092045,20181107,PRCP,2,,,a,
ASN00092045,20181108,PRCP,0,,,a,
ASN00092045,20181109,PRCP,0,,,a,
ASN00092045,20181110,PRCP,4,,,a,
ASN00092045,20181111,PRCP,0,,,a,
ASN00092045,20181112,PRCP,0,,,a,
ASN00092045,20181113,PRCP,0,,,a,
ASN00092045,20181114,PRCP,2,,,a,
ASN00092045,20181115,PRCP,6,,,a,
ASN00092045,20181116,PRCP,0,,,a,
ASN00092045,20181117,PRCP,16,,,a,
ASN00092045,20181118,PRCP,0,,,a,
ASN00092045,20181119,PRCP,0,,,a,
ASN00092045,20181120,PRCP,0,,,a,
ASN00092045,20181121,PRCP,168,,,a,
ASN00092045,20181122,PRCP,42,,,a,
ASN00092045,20181123,PRCP,526,,,a,
ASN00092045,20181124,PRCP,90,,,a,
ASN00092045,20181125,PRCP,76,,,a,
ASN00092045,20181126,PRCP,6,,,a,
ASN00092045,20181127,PRCP,0,,,a,
ASN00092045,20181128,PRCP,0,,,a,
ASN00092045,20181129,PRCP,0,,,a,
ASN00092045,20181130,PRCP,0,,,a,
ASN00092045,20181101,TAVG,160,H,,S,
ASN00092045,20181102,TAVG,135,H,,S,
ASN00092045,20181103,TAVG,131,H,,S,
ASN00092045,20181104,TAVG,138,H,,S,
ASN00092045,20181105,TAVG,147,H,,S,
ASN00092045,20181106,TAVG,136,H,,S,
ASN00092045,20181107,TAVG,107,H,,S,
ASN00092045,20181108,TAVG,127,H,,S,
ASN00092045,20181109,TAVG,139,H,,S,
ASN00092045,20181110,TAVG,140,H,,S,
ASN00092045,20181111,TAVG,140,H,,S,
ASN00092045,20181112,TAVG,159,H,,S,
ASN00092045,20181113,TAVG,165,H,,S,
ASN00092045,20181114,TAVG,147,H,,S,
ASN00092045,20181115,TAVG,138,H,,S,
ASN00092045,20181116,TAVG,141,H,,S,
ASN00092045,20181117,TAVG,151,H,,S,
ASN00092045,20181118,TAVG,162,H,,S,
ASN00092045,20181119,TAVG,168,H,,S,
ASN00092045,20181120,TAVG,166,H,,S,
ASN00092045,20181121,TAVG,158,H,,S,
ASN00092045,20181122,TAVG,129,H,,S,
ASN00092045,20181123,TAVG,132,H,,S,
ASN00092045,20181124,TAVG,150,H,,S,
ASN00092045,20181125,TAVG,145,H,,S,
ASN00092045,20181126,TAVG,156,H,,S,
ASN00092045,20181127,TAVG,155,H,,S,
ASN00092045,20181128,TAVG,156,H,,S,
ASN00092045,20181129,TAVG,160,H,,S,
ASN00092045,20181130,TAVG,156,H,,S,
ASN00092045,20181201,TMAX,207,,,a,
ASN00092045,20181202,TMAX,192,,,a,
ASN00092045,20181203,TMAX,197,,,a,
ASN00092045,20181204,TMAX,204,,,a,
ASN00092045,20181205,TMAX,200,,,a,
ASN00092045,20181206,TMAX,205,,,a,
ASN00092045,20181207,TMAX,219,,,a,
ASN00092045,20181208,TMAX,242,,,a,
ASN00092045,20181209,TMAX,199,,,a,
ASN00092045,20181210,TMAX,234,,,a,
ASN00092045,20181211,TMAX,203,,,a,
ASN00092045,20181212,TMAX,209,,,a,
ASN00092045,20181213,TMAX,182,,,a,
ASN00092045,20181214,TMAX,172,,,a,
ASN00092045,20181215,TMAX,187,,,a,
ASN00092045,20181216,TMAX,215,,,a,
ASN00092045,20181217,TMAX,242,,,a,
ASN00092045,20181218,TMAX,182,,,a,
ASN00092045,20181219,TMAX,207,,,a,
ASN00092045,20181220,TMAX,216,,,a,
ASN00092045,20181221,TMAX,197,,,a,
ASN00092045,20181222,TMAX,189,,,a,
ASN00092045,20181223,TMAX,213,,,a,
ASN00092045,20181224,TMAX,261,,,a,
ASN00092045,20181225,TMAX,213,,,a,
ASN00092045,20181226,TMAX,226,,,a,
ASN00092045,20181227,TMAX,231,,,a,
ASN00092045,20181228,TMAX,309,,,a,
ASN00092045,20181229,TMAX,230,,,a,
ASN00092045,20181230,TMAX,220,,,a,
ASN00092045,20181231,TMAX,240,,,a,
ASN00092045,20181201,TMIN,107,,,a,
ASN00092045,20181202,TMIN,121,,,a,
ASN00092045,20181203,TMIN,111,,,a,
ASN00092045,20181204,TMIN,76,,,a,
ASN00092045,20181205,TMIN,120,,,a,
ASN00092045,20181206,TMIN,128,,,a,
ASN00092045,20181207,TMIN,148,,,a,
ASN00092045,20181208,TMIN,169,,,a,
ASN00092045,20181209,TMIN,148,,,a,
ASN00092045,20181210,TMIN,136,,,a,
ASN00092045,20181211,TMIN,142,,,a,
ASN00092045,20181212,TMIN,141,,,a,
ASN00092045,20181213,TMIN,166,,,a,
ASN00092045,20181214,TMIN,162,,,a,
ASN00092045,20181215,TMIN,161,,,a,
ASN00092045,20181216,TMIN,164,,,a,
ASN00092045,20181217,TMIN,148,,,a,
ASN00092045,20181218,TMIN,150,,,a,
ASN00092045,20181219,TMIN,140,,,a,
ASN00092045,20181220,TMIN,150,,,a,
ASN00092045,20181221,TMIN,107,,,a,
ASN00092045,20181222,TMIN,116,,,a,
ASN00092045,20181223,TMIN,123,,,a,
ASN00092045,20181224,TMIN,139,,,a,
ASN00092045,20181225,TMIN,155,,,a,
ASN00092045,20181226,TMIN,149,,,a,
ASN00092045,20181227,TMIN,146,,,a,
ASN00092045,20181228,TMIN,168,,,a,
ASN00092045,20181229,TMIN,170,,,a,
ASN00092045,20181230,TMIN,143,,,a,
ASN00092045,20181231,TMIN,130,,,a,
ASN00092045,20181201,PRCP,0,,,a,
ASN00092045,20181202,PRCP,38,,,a,
ASN00092045,20181203,PRCP,14,,,a,
ASN00092045,20181204,PRCP,0,,,a,
ASN00092045,20181205,PRCP,0,,,a,
ASN00092045,20181206,PRCP,0,,,a,
ASN00092045,20181207,PRCP,2,,,a,
ASN00092045,20181208,PRCP,0,,,a,
ASN00092045,20181209,PRCP,2,,,a,
ASN00092045,20181210,PRCP,0,,,a,
ASN00092045,20181211,PRCP,0,,,a,
ASN00092045,20181212,PRCP,0,,,a,
ASN00092045,20181213,PRCP,0,,,a,
ASN00092045,20181214,PRCP,0,,,a,
ASN00092045,20181215,PRCP,326,,,a,
ASN00092045,20181216,PRCP,112,,,a,
ASN00092045,20181217,PRCP,2,,,a,
ASN00092045,20181218,PRCP,0,,,a,
ASN00092045,20181219,PRCP,2,,,a,
ASN00092045,20181220,PRCP,0,,,a,
ASN00092045,20181221,PRCP,96,,,a,
ASN00092045,20181222,PRCP,40,,,a,
ASN00092045,20181223,PRCP,2,,,a,
ASN00092045,20181224,PRCP,0,,,a,
ASN00092045,20181225,PRCP,0,,,a,
ASN00092045,20181226,PRCP,0,,,a,
ASN00092045,20181227,PRCP,0,,,a,
ASN00092045,20181228,PRCP,0,,,a,
ASN00092045,20181229,PRCP,16,,,a,
ASN00092045,20181230,PRCP,0,,,a,
ASN00092045,20181231,PRCP,0,,,a,
ASN00092045,20181201,TAVG,168,H,,S,
ASN00092045,20181202,TAVG,141,H,,S,
ASN00092045,20181203,TAVG,139,H,,S,
ASN00092045,20181204,TAVG,160,H,,S,
ASN00092045,20181205,TAVG,164,H,,S,
ASN00092045,20181206,TAVG,174,H,,S,
ASN00092045,20181207,TAVG,192,H,,S,
ASN00092045,20181208,TAVG,173,H,,S,
ASN00092045,20181209,TAVG,161,H,,S,
ASN00092045,20181210,TAVG,171,H,,S,
ASN00092045,20181211,TAVG,166,H,,S,
ASN00092045,20181212,TAVG,177,H,,S,
ASN00092045,20181213,TAVG,171,H,,S,
ASN00092045,20181214,TAVG,166,H,,S,
ASN00092045,20181215,TAVG,174,H,,S,
ASN00092045,20181216,TAVG,178,H,,S,
ASN00092045,20181217,TAVG,178,H,,S,
ASN00092045,20181218,TAVG,157,H,,S,
ASN00092045,20181219,TAVG,167,H,,S,
ASN00092045,20181220,TAVG,151,H,,S,
ASN00092045,20181221,TAVG,146,H,,S,
ASN00092045,20181222,TAVG,153,H,,S,
ASN00092045,20181223,TAVG,168,H,,S,
ASN00092045,20181224,TAVG,201,H,,S,
ASN00092045,20181225,TAVG,176,H,,S,
ASN00092045,20181226,TAVG,181,H,,S,
ASN00092045,20181227,TAVG,191,H,,S,
ASN00092045,20181228,TAVG,208,H,,S,
ASN00092045,20181229,TAVG,182,H,,S,
ASN00092045,20181230,TAVG,172,H,,S,
ASN00092045,20181231,TAVG,183,H,,S,
ASN00092045,20190101,TMAX,241,,,a,
ASN00092045,20190102,TMAX,243,,,a,
ASN00092045,20190103,TMAX,233,,,a,
ASN00092045,20190104,TMAX,323,,,a,
ASN00092045,20190105,TMAX,214,,,a,
ASN00092045,20190106,TMAX,239,,,a,
ASN00092045,20190107,TMAX,220,,,a,
ASN00092045,20190108,TMAX,261,,,a,
ASN00092045,20190109,TMAX,229,,,a,
ASN00092045,20190110,TMAX,227,,,a,
ASN00092045,20190111,TMAX,204,,,a,
ASN00092045,20190112,TMAX,303,,,a,
ASN00092045,20190113,TMAX,234,,,a,
ASN00092045,20190114,TMAX,219,,,a,
ASN00092045,20190115,TMAX,228,,,a,
ASN00092045,20190116,TMAX,239,,,a,
ASN00092045,20190117,TMAX,228,,,a,
ASN00092045,20190118,TMAX,260,,,a,
ASN00092045,20190119,TMAX,238,,,a,
ASN00092045,20190120,TMAX,321,,,a,
ASN00092045,20190121,TMAX,298,,,a,
ASN00092045,20190122,TMAX,317,,,a,
ASN00092045,20190123,TMAX,206,,,a,
ASN00092045,20190124,TMAX,224,,,a,
ASN00092045,20190125,TMAX,327,,,a,
ASN00092045,20190126,TMAX,259,,,a,
ASN00092045,20190127,TMAX,238,,,a,
ASN00092045,20190128,TMAX,246,,,a,
ASN00092045,20190129,TMAX,294,,,a,
ASN00092045,20190130,TMAX,303,,,a,
ASN00092045,20190131,TMAX,220,,,a,
ASN00092045,20190101,TMIN,147,,,a,
ASN00092045,20190102,TMIN,128,,,a,
ASN00092045,20190103,TMIN,165,,,a,
ASN00092045,20190104,TMIN,171,,,a,
ASN00092045,20190105,TMIN,137,,,a,
ASN00092045,20190106,TMIN,123,,,a,
ASN00092045,20190107,TMIN,127,,,a,
ASN00092045,20190108,TMIN,140,,,a,
ASN00092045,20190109,TMIN,117,,,a,
ASN00092045,20190110,TMIN,109,,,a,
ASN00092045,20190111,TMIN,134,,,a,
ASN00092045,20190112,TMIN,169,,,a,
ASN00092045,20190113,TMIN,157,,,a,
ASN00092045,20190114,TMIN,171,,,a,
ASN00092045,20190115,TMIN,176,,,a,
ASN00092045,20190116,TMIN,168,,,a,
ASN00092045,20190117,TMIN,175,,,a,
ASN00092045,20190118,TMIN,184,,,a,
ASN00092045,20190119,TMIN,126,,,a,
ASN00092045,20190120,TMIN,141,,,a,
ASN00092045,20190121,TMIN,151,,,a,
ASN00092045,20190122,TMIN,160,,,a,
ASN00092045,20190123,TMIN,167,,,a,
ASN00092045,20190124,TMIN,154,,,a,
ASN00092045,20190125,TMIN,184,,,a,
ASN00092045,20190126,TMIN,166,,,a,
ASN00092045,20190127,TMIN,159,,,a,
ASN00092045,20190128,TMIN,155,,,a,
ASN00092045,20190129,TMIN,150,,,a,
ASN00092045,20190130,TMIN,167,,,a,
ASN00092045,20190131,TMIN,178,,,a,
ASN00092045,20190101,PRCP,0,,,a,
ASN00092045,20190102,PRCP,0,,,a,
ASN00092045,20190103,PRCP,0,,,a,
ASN00092045,20190104,PRCP,0,,,a,
ASN00092045,20190105,PRCP,0,,,a,
ASN00092045,20190106,PRCP,0,,,a,
ASN00092045,20190107,PRCP,0,,,a,
ASN00092045,20190108,PRCP,0,,,a,
ASN00092045,20190109,PRCP,0,,,a,
ASN00092045,20190110,PRCP,0,,,a,
ASN00092045,20190111,PRCP,0,,,a,
ASN00092045,20190112,PRCP,0,,,a,
ASN00092045,20190113,PRCP,0,,,a,
ASN00092045,20190114,PRCP,0,,,a,
ASN00092045,20190115,PRCP,12,,,a,
ASN00092045,20190116,PRCP,0,,,a,
ASN00092045,20190117,PRCP,2,,,a,
ASN00092045,20190118,PRCP,16,,,a,
ASN00092045,20190119,PRCP,0,,,a,
ASN00092045,20190120,PRCP,0,,,a,
ASN00092045,20190121,PRCP,0,,,a,
ASN00092045,20190122,PRCP,0,,,a,
ASN00092045,20190123,PRCP,0,,,a,
ASN00092045,20190124,PRCP,0,,,a,
ASN00092045,20190125,PRCP,0,,,a,
ASN00092045,20190126,PRCP,0,,,a,
ASN00092045,20190127,PRCP,0,,,a,
ASN00092045,20190128,PRCP,0,,,a,
ASN00092045,20190129,PRCP,0,,,a,
ASN00092045,20190130,PRCP,0,,,a,
ASN00092045,20190131,PRCP,0,,,a,
ASN00092045,20190101,TAVG,186,H,,S,
ASN00092045,20190102,TAVG,194,H,,S,
ASN00092045,20190103,TAVG,195,H,,S,
ASN00092045,20190104,TAVG,210,H,,S,
ASN00092045,20190105,TAVG,167,H,,S,
ASN00092045,20190106,TAVG,180,H,,S,
ASN00092045,20190107,TAVG,176,H,,S,
ASN00092045,20190108,TAVG,178,H,,S,
ASN00092045,20190109,TAVG,162,H,,S,
ASN00092045,20190110,TAVG,177,H,,S,
ASN00092045,20190111,TAVG,183,H,,S,
ASN00092045,20190112,TAVG,194,H,,S,
ASN00092045,20190113,TAVG,192,H,,S,
ASN00092045,20190114,TAVG,191,H,,S,
ASN00092045,20190115,TAVG,197,H,,S,
ASN00092045,20190116,TAVG,198,H,,S,
ASN00092045,20190117,TAVG,203,H,,S,
ASN00092045,20190118,TAVG,188,H,,S,
ASN00092045,20190119,TAVG,188,H,,S,
ASN00092045,20190120,TAVG,212,H,,S,
ASN00092045,20190121,TAVG,211,H,,S,
ASN00092045,20190122,TAVG,222,H,,S,
ASN00092045,20190123,TAVG,172,H,,S,
ASN00092045,20190124,TAVG,200,H,,S,
ASN00092045,20190125,TAVG,215,H,,S,
ASN00092045,20190126,TAVG,192,H,,S,
ASN00092045,20190127,TAVG,189,H,,S,
ASN00092045,20190128,TAVG,191,H,,S,
ASN00092045,20190129,TAVG,202,H,,S,
ASN00092045,20190130,TAVG,212,H,,S,
ASN00092045,20190131,TAVG,168,H,,S,
ASN00092045,20190201,TMAX,212,,,a,
ASN00092045,20190202,TMAX,224,,,a,
ASN00092045,20190203,TMAX,318,,,a,
ASN00092045,20190204,TMAX,244,,,a,
ASN00092045,20190205,TMAX,188,,,a,
ASN00092045,20190206,TMAX,209,,,a,
ASN00092045,20190207,TMAX,240,,,a,
ASN00092045,20190208,TMAX,234,,,a,
ASN00092045,20190209,TMAX,204,,,a,
ASN00092045,20190210,TMAX,228,,,a,
ASN00092045,20190211,TMAX,229,,,a,
ASN00092045,20190212,TMAX,206,,,a,
ASN00092045,20190213,TMAX,203,,,a,
ASN00092045,20190214,TMAX,220,,,a,
ASN00092045,20190215,TMAX,235,,,a,
ASN00092045,20190216,TMAX,225,,,a,
ASN00092045,20190217,TMAX,246,,,a,
ASN00092045,20190218,TMAX,241,,,a,
ASN00092045,20190219,TMAX,228,,,a,
ASN00092045,20190220,TMAX,220,,,a,
ASN00092045,20190221,TMAX,228,,,a,
ASN00092045,20190222,TMAX,232,,,a,
ASN00092045,20190223,TMAX,189,,,a,
ASN00092045,20190224,TMAX,206,,,a,
ASN00092045,20190225,TMAX,228,,,a,
ASN00092045,20190226,TMAX,237,,,a,
ASN00092045,20190227,TMAX,221,,,a,
ASN00092045,20190228,TMAX,238,,,a,
ASN00092045,20190201,TMIN,139,,,a,
ASN00092045,20190202,TMIN,166,,,a,
ASN00092045,20190203,TMIN,188,,,a,
ASN00092045,20190204,TMIN,179,,,a,
ASN00092045,20190205,TMIN,161,,,a,
ASN00092045,20190206,TMIN,165,,,a,
ASN00092045,20190207,TMIN,182,,,a,
ASN00092045,20190208,TMIN,169,,,a,
ASN00092045,20190209,TMIN,133,,,a,
ASN00092045,20190210,TMIN,87,,,a,
ASN00092045,20190211,TMIN,140,,,a,
ASN00092045,20190212,TMIN,178,,,a,
ASN00092045,20190213,TMIN,75,,,a,
ASN00092045,20190214,TMIN,119,,,a,
ASN00092045,20190215,TMIN,127,,,a,
ASN00092045,20190216,TMIN,169,,,a,
ASN00092045,20190217,TMIN,143,,,a,
ASN00092045,20190218,TMIN,158,,,a,
ASN00092045,20190219,TMIN,99,,,a,
ASN00092045,20190220,TMIN,109,,,a,
ASN00092045,20190221,TMIN,107,,,a,
ASN00092045,20190222,TMIN,151,,,a,
ASN00092045,20190223,TMIN,151,,,a,
ASN00092045,20190224,TMIN,113,,,a,
ASN00092045,20190225,TMIN,155,,,a,
ASN00092045,20190226,TMIN,165,,,a,
ASN00092045,20190227,TMIN,152,,,a,
ASN00092045,20190228,TMIN,165,,,a,
ASN00092045,20190201,PRCP,0,,,a,
ASN00092045,20190202,PRCP,0,,,a,
ASN00092045,20190203,PRCP,0,,,a,
ASN00092045,20190204,PRCP,0,,,a,
ASN00092045,20190205,PRCP,0,,,a,
ASN00092045,20190206,PRCP,18,,,a,
ASN00092045,20190207,PRCP,144,,,a,
ASN00092045,20190208,PRCP,0,,,a,
ASN00092045,20190209,PRCP,2,,,a,
ASN00092045,20190210,PRCP,186,,,a,
ASN00092045,20190211,PRCP,0,,,a,
ASN00092045,20190212,PRCP,0,,,a,
ASN00092045,20190213,PRCP,14,,,a,
ASN00092045,20190214,PRCP,0,,,a,
ASN00092045,20190215,PRCP,0,,,a,
ASN00092045,20190216,PRCP,0,,,a,
ASN00092045,20190217,PRCP,2,,,a,
ASN00092045,20190218,PRCP,2,,,a,
ASN00092045,20190219,PRCP,2,,,a,
ASN00092045,20190220,PRCP,0,,,a,
ASN00092045,20190221,PRCP,0,,,a,
ASN00092045,20190222,PRCP,0,,,a,
ASN00092045,20190223,PRCP,0,,,a,
ASN00092045,20190224,PRCP,0,,,a,
ASN00092045,20190225,PRCP,0,,,a,
ASN00092045,20190226,PRCP,0,,,a,
ASN00092045,20190227,PRCP,0,,,a,
ASN00092045,20190228,PRCP,0,,,a,
ASN00092045,20190201,TAVG,186,H,,S,
ASN00092045,20190202,TAVG,203,H,,S,
ASN00092045,20190203,TAVG,217,H,,S,
ASN00092045,20190204,TAVG,194,H,,S,
ASN00092045,20190205,TAVG,178,H,,S,
ASN00092045,20190206,TAVG,195,H,,S,
ASN00092045,20190207,TAVG,197,H,,S,
ASN00092045,20190208,TAVG,177,H,,S,
ASN00092045,20190209,TAVG,127,H,,S,
ASN00092045,20190210,TAVG,189,H,,S,
ASN00092045,20190211,TAVG,194,H,,S,
ASN00092045,20190212,TAVG,127,H,,S,
ASN00092045,20190213,TAVG,153,H,,S,
ASN00092045,20190214,TAVG,175,H,,S,
ASN00092045,20190215,TAVG,192,H,,S,
ASN00092045,20190216,TAVG,180,H,,S,
ASN00092045,20190217,TAVG,192,H,,S,
ASN00092045,20190218,TAVG,165,H,,S,
ASN00092045,20190219,TAVG,162,H,,S,
ASN00092045,20190220,TAVG,161,H,,S,
ASN00092045,20190221,TAVG,186,H,,S,
ASN00092045,20190222,TAVG,180,H,,S,
ASN00092045,20190223,TAVG,156,H,,S,
ASN00092045,20190224,TAVG,178,H,,S,
ASN00092045,20190225,TAVG,191,H,,S,
ASN00092045,20190226,TAVG,172,H,,S,
ASN00092045,20190227,TAVG,185,H,,S,
ASN00092045,20190228,TAVG,204,H,,S,
ASN00092045,20190301,TMAX,248,,,a,
ASN00092045,20190302,TMAX,248,,,a,
ASN00092045,20190303,TMAX,321,,,a,
ASN00092045,20190304,TMAX,231,,,a,
ASN00092045,20190305,TMAX,237,,,a,
ASN00092045,20190306,TMAX,205,,,a,
ASN00092045,20190307,TMAX,201,,,a,
ASN00092045,20190308,TMAX,211,,,a,
ASN00092045,20190309,TMAX,212,,,a,
ASN00092045,20190310,TMAX,213,,,a,
ASN00092045,20190311,TMAX,214,,,a,
ASN00092045,20190312,TMAX,212,,,a,
ASN00092045,20190313,TMAX,197,,,a,
ASN00092045,20190314,TMAX,222,,,a,
ASN00092045,20190315,TMAX,218,,,a,
ASN00092045,20190316,TMAX,227,,,a,
ASN00092045,20190317,TMAX,241,,,a,
ASN00092045,20190318,TMAX,222,,,a,
ASN00092045,20190320,TMAX,218,,,a,
ASN00092045,20190321,TMAX,213,,,a,
ASN00092045,20190322,TMAX,238,,,a,
ASN00092045,20190323,TMAX,232,,,a,
ASN00092045,20190324,TMAX,248,,,a,
ASN00092045,20190325,TMAX,160,,,a,
ASN00092045,20190326,TMAX,201,,,a,
ASN00092045,20190327,TMAX,198,,,a,
ASN00092045,20190328,TMAX,210,,,a,
ASN00092045,20190329,TMAX,227,,,a,
ASN00092045,20190330,TMAX,174,,,a,
ASN00092045,20190331,TMAX,220,,,a,
ASN00092045,20190301,TMIN,191,,,a,
ASN00092045,20190302,TMIN,194,,,a,
ASN00092045,20190303,TMIN,193,,,a,
ASN00092045,20190304,TMIN,177,,,a,
ASN00092045,20190305,TMIN,159,,,a,
ASN00092045,20190306,TMIN,131,,,a,
ASN00092045,20190307,TMIN,71,,,a,
ASN00092045,20190308,TMIN,121,,,a,
ASN00092045,20190309,TMIN,141,,,a,
ASN00092045,20190310,TMIN,167,,,a,
ASN00092045,20190311,TMIN,123,,,a,
ASN00092045,20190312,TMIN,128,,,a,
ASN00092045,20190313,TMIN,74,,,a,
ASN00092045,20190314,TMIN,105,,,a,
ASN00092045,20190315,TMIN,117,,,a,
ASN00092045,20190316,TMIN,169,,,a,
ASN00092045,20190317,TMIN,169,,,a,
ASN00092045,20190318,TMIN,166,,,a,
ASN00092045,20190319,TMIN,163,,,a,
ASN00092045,20190320,TMIN,173,,,a,
ASN00092045,20190321,TMIN,164,,,a,
ASN00092045,20190322,TMIN,174,,,a,
ASN00092045,20190323,TMIN,169,,,a,
ASN00092045,20190324,TMIN,158,,,a,
ASN00092045,20190325,TMIN,130,,,a,
ASN00092045,20190326,TMIN,84,,,a,
ASN00092045,20190327,TMIN,70,,,a,
ASN00092045,20190328,TMIN,128,,,a,
ASN00092045,20190329,TMIN,137,,,a,
ASN00092045,20190330,TMIN,113,,,a,
ASN00092045,20190331,TMIN,66,,,a,
ASN00092045,20190301,PRCP,0,,,a,
ASN00092045,20190302,PRCP,0,,,a,
ASN00092045,20190303,PRCP,0,,,a,
ASN00092045,20190304,PRCP,0,,,a,
ASN00092045,20190305,PRCP,0,,,a,
ASN00092045,20190306,PRCP,0,,,a,
ASN00092045,20190307,PRCP,0,,,a,
ASN00092045,20190308,PRCP,0,,,a,
ASN00092045,20190309,PRCP,0,,,a,
ASN00092045,20190310,PRCP,4,,,a,
ASN00092045,20190311,PRCP,0,,,a,
ASN00092045,20190312,PRCP,10,,,a,
ASN00092045,20190313,PRCP,8,,,a,
ASN00092045,20190314,PRCP,0,,,a,
ASN00092045,20190315,PRCP,0,,,a,
ASN00092045,20190316,PRCP,0,,,a,
ASN00092045,20190317,PRCP,0,,,a,
ASN00092045,20190318,PRCP,8,,,a,
ASN00092045,20190319,PRCP,2,,,a,
ASN00092045,20190321,PRCP,0,,,a,
ASN00092045,20190322,PRCP,0,,,a,
ASN00092045,20190323,PRCP,0,,,a,
ASN00092045,20190324,PRCP,0,,,a,
ASN00092045,20190325,PRCP,16,,,a,
ASN00092045,20190326,PRCP,54,,,a,
ASN00092045,20190327,PRCP,0,,,a,
ASN00092045,20190328,PRCP,0,,,a,
ASN00092045,20190329,PRCP,0,,,a,
ASN00092045,20190330,PRCP,2,,,a,
ASN00092045,20190331,PRCP,0,,,a,
ASN00092045,20190301,TAVG,213,H,,S,
ASN00092045,20190302,TAVG,208,H,,S,
ASN00092045,20190303,TAVG,216,H,,S,
ASN00092045,20190304,TAVG,187,H,,S,
ASN00092045,20190305,TAVG,182,H,,S,
ASN00092045,20190306,TAVG,131,H,,S,
ASN00092045,20190307,TAVG,167,H,,S,
ASN00092045,20190308,TAVG,169,H,,S,
ASN00092045,20190309,TAVG,180,H,,S,
ASN00092045,20190310,TAVG,171,H,,S,
ASN00092045,20190311,TAVG,164,H,,S,
ASN00092045,20190312,TAVG,136,H,,S,
ASN00092045,20190313,TAVG,144,H,,S,
ASN00092045,20190314,TAVG,161,H,,S,
ASN00092045,20190315,TAVG,187,H,,S,
ASN00092045,20190316,TAVG,188,H,,S,
ASN00092045,20190317,TAVG,187,H,,S,
ASN00092045,20190318,TAVG,184,H,,S,
ASN00092045,20190319,TAVG,179,H,,S,
ASN00092045,20190320,TAVG,184,H,,S,
ASN00092045,20190321,TAVG,186,H,,S,
ASN00092045,20190322,TAVG,189,H,,S,
ASN00092045,20190323,TAVG,187,H,,S,
ASN00092045,20190324,TAVG,183,H,,S,
ASN00092045,20190325,TAVG,116,H,,S,
ASN00092045,20190326,TAVG,133,H,,S,
ASN00092045,20190327,TAVG,162,H,,S,
ASN00092045,20190328,TAVG,171,H,,S,
ASN00092045,20190329,TAVG,168,H,,S,
ASN00092045,20190330,TAVG,123,H,,S,
ASN00092045,20190331,TAVG,151,H,,S,
ASN00092045,20190401,TMAX,186,,,a,
ASN00092045,20190402,TMAX,198,,,a,
ASN00092045,20190403,TMAX,231,,,a,
ASN00092045,20190404,TMAX,194,,,a,
ASN00092045,20190405,TMAX,184,,,a,
ASN00092045,20190406,TMAX,213,,,a,
ASN00092045,20190407,TMAX,185,,,a,
ASN00092045,20190408,TMAX,189,,,a,
ASN00092045,20190409,TMAX,180,,,a,
ASN00092045,20190410,TMAX,161,,,a,
ASN00092045,20190411,TMAX,177,,,a,
ASN00092045,20190412,TMAX,187,,,a,
ASN00092045,20190413,TMAX,182,,,a,
ASN00092045,20190414,TMAX,175,,,a,
ASN00092045,20190415,TMAX,189,,,a,
ASN00092045,20190416,TMAX,220,,,a,
ASN00092045,20190417,TMAX,213,,,a,
ASN00092045,20190418,TMAX,191,,,a,
ASN00092045,20190419,TMAX,189,,,a,
ASN00092045,20190420,TMAX,202,,,a,
ASN00092045,20190421,TMAX,198,,,a,
ASN00092045,20190422,TMAX,213,,,a,
ASN00092045,20190423,TMAX,180,,,a,
ASN00092045,20190424,TMAX,196,,,a,
ASN00092045,20190425,TMAX,180,,,a,
ASN00092045,20190426,TMAX,159,,,a,
ASN00092045,20190427,TMAX,155,,,a,
ASN00092045,20190428,TMAX,203,,,a,
ASN00092045,20190429,TMAX,197,,,a,
ASN00092045,20190430,TMAX,193,,,a,
ASN00092045,20190401,TMIN,116,,,a,
ASN00092045,20190402,TMIN,101,,,a,
ASN00092045,20190403,TMIN,119,,,a,
ASN00092045,20190404,TMIN,121,,,a,
ASN00092045,20190405,TMIN,138,,,a,
ASN00092045,20190406,TMIN,149,,,a,
ASN00092045,20190407,TMIN,111,,,a,
ASN00092045,20190408,TMIN,121,,,a,
ASN00092045,20190409,TMIN,71,,,a,
ASN00092045,20190410,TMIN,67,,,a,
ASN00092045,20190411,TMIN,91,,,a,
ASN00092045,20190412,TMIN,98,,,a,
ASN00092045,20190413,TMIN,115,,,a,
ASN00092045,20190414,TMIN,130,,,a,
ASN00092045,20190415,TMIN,148,,,a,
ASN00092045,20190416,TMIN,155,,,a,
ASN00092045,20190417,TMIN,169,,,a,
ASN00092045,20190418,TMIN,107,,,a,
ASN00092045,20190419,TMIN,114,,,a,
ASN00092045,20190420,TMIN,133,,,a,
ASN00092045,20190421,TMIN,171,,,a,
ASN00092045,20190422,TMIN,140,,,a,
ASN00092045,20190423,TMIN,96,,,a,
ASN00092045,20190424,TMIN,103,,,a,
ASN00092045,20190425,TMIN,128,,,a,
ASN00092045,20190426,TMIN,109,,,a,
ASN00092045,20190427,TMIN,59,,,a,
ASN00092045,20190428,TMIN,124,,,a,
ASN00092045,20190429,TMIN,88,,,a,
ASN00092045,20190430,TMIN,116,,,a,
ASN00092045,20190401,PRCP,0,,,a,
ASN00092045,20190402,PRCP,0,,,a,
ASN00092045,20190403,PRCP,0,,,a,
ASN00092045,20190404,PRCP,0,,,a,
ASN00092045,20190405,PRCP,0,,,a,
ASN00092045,20190406,PRCP,160,,,a,
ASN00092045,20190407,PRCP,2,,,a,
ASN00092045,20190408,PRCP,0,,,a,
ASN00092045,20190409,PRCP,22,,,a,
ASN00092045,20190410,PRCP,0,,,a,
ASN00092045,20190411,PRCP,0,,,a,
ASN00092045,20190412,PRCP,0,,,a,
ASN00092045,20190413,PRCP,10,,,a,
ASN00092045,20190414,PRCP,0,,,a,
ASN00092045,20190415,PRCP,0,,,a,
ASN00092045,20190416,PRCP,0,,,a,
ASN00092045,20190417,PRCP,2,,,a,
ASN00092045,20190418,PRCP,10,,,a,
ASN00092045,20190419,PRCP,0,,,a,
ASN00092045,20190420,PRCP,0,,,a,
ASN00092045,20190421,PRCP,0,,,a,
ASN00092045,20190422,PRCP,6,,,a,
ASN00092045,20190423,PRCP,0,,,a,
ASN00092045,20190424,PRCP,0,,,a,
ASN00092045,20190425,PRCP,0,,,a,
ASN00092045,20190426,PRCP,4,,,a,
ASN00092045,20190427,PRCP,0,,,a,
ASN00092045,20190428,PRCP,0,,,a,
ASN00092045,20190429,PRCP,0,,,a,
ASN00092045,20190430,PRCP,0,,,a,
ASN00092045,20190401,TAVG,149,H,,S,
ASN00092045,20190402,TAVG,156,H,,S,
ASN00092045,20190403,TAVG,158,H,,S,
ASN00092045,20190404,TAVG,166,H,,S,
ASN00092045,20190405,TAVG,174,H,,S,
ASN00092045,20190406,TAVG,151,H,,S,
ASN00092045,20190407,TAVG,153,H,,S,
ASN00092045,20190408,TAVG,133,H,,S,
ASN00092045,20190409,TAVG,116,H,,S,
ASN00092045,20190410,TAVG,123,H,,S,
ASN00092045,20190411,TAVG,129,H,,S,
ASN00092045,20190412,TAVG,142,H,,S,
ASN00092045,20190413,TAVG,151,H,,S,
ASN00092045,20190414,TAVG,161,H,,S,
ASN00092045,20190415,TAVG,168,H,,S,
ASN00092045,20190416,TAVG,182,H,,S,
ASN00092045,20190417,TAVG,162,H,,S,
ASN00092045,20190418,TAVG,143,H,,S,
ASN00092045,20190419,TAVG,158,H,,S,
ASN00092045,20190420,TAVG,179,H,,S,
ASN00092045,20190421,TAVG,171,H,,S,
ASN00092045,20190422,TAVG,143,H,,S,
ASN00092045,20190423,TAVG,137,H,,S,
ASN00092045,20190424,TAVG,152,H,,S,
ASN00092045,20190425,TAVG,144,H,,S,
ASN00092045,20190426,TAVG,97,H,,S,
ASN00092045,20190427,TAVG,135,H,,S,
ASN00092045,20190428,TAVG,147,H,,S,
ASN00092045,20190429,TAVG,148,H,,S,
ASN00092045,20190430,TAVG,153,H,,S,
ASN00092045,20190501,TMAX,185,,,a,
ASN00092045,20190502,TMAX,210,,,a,
ASN00092045,20190503,TMAX,180,,,a,
ASN00092045,20190504,TMAX,176,,,a,
ASN00092045,20190505,TMAX,159,,,a,
ASN00092045,20190506,TMAX,149,,,a,
ASN00092045,20190507,TMAX,173,,,a,
ASN00092045,20190508,TMAX,189,,,a,
ASN00092045,20190509,TMAX,168,,,a,
ASN00092045,20190510,TMAX,158,,,a,
ASN00092045,20190511,TMAX,175,,,a,
ASN00092045,20190512,TMAX,187,,,a,
ASN00092045,20190513,TMAX,164,,,a,
ASN00092045,20190514,TMAX,172,,,a,
ASN00092045,20190515,TMAX,194,,,a,
ASN00092045,20190516,TMAX,166,,,a,
ASN00092045,20190517,TMAX,184,,,a,
ASN00092045,20190518,TMAX,195,,,a,
ASN00092045,20190519,TMAX,167,,,a,
ASN00092045,20190520,TMAX,177,,,a,
ASN00092045,20190521,TMAX,172,,,a,
ASN00092045,20190522,TMAX,192,,,a,
ASN00092045,20190523,TMAX,172,,,a,
ASN00092045,20190524,TMAX,183,,,a,
ASN00092045,20190525,TMAX,147,,,a,
ASN00092045,20190526,TMAX,151,,,a,
ASN00092045,20190527,TMAX,133,,,a,
ASN00092045,20190528,TMAX,128,,,a,
ASN00092045,20190529,TMAX,130,,,a,
ASN00092045,20190530,TMAX,141,,,a,
ASN00092045,20190531,TMAX,178,,,a,
ASN00092045,20190501,TMIN,128,,,a,
ASN00092045,20190502,TMIN,150,,,a,
ASN00092045,20190503,TMIN,146,,,a,
ASN00092045,20190504,TMIN,99,,,a,
ASN00092045,20190505,TMIN,112,,,a,
ASN00092045,20190506,TMIN,109,,,a,
ASN00092045,20190507,TMIN,81,,,a,
ASN00092045,20190508,TMIN,83,,,a,
ASN00092045,20190509,TMIN,91,,,a,
ASN00092045,20190510,TMIN,101,,,a,
ASN00092045,20190511,TMIN,77,,,a,
ASN00092045,20190512,TMIN,103,,,a,
ASN00092045,20190513,TMIN,101,,,a,
ASN00092045,20190514,TMIN,115,,,a,
ASN00092045,20190515,TMIN,101,,,a,
ASN00092045,20190516,TMIN,97,,,a,
ASN00092045,20190517,TMIN,107,,,a,
ASN00092045,20190518,TMIN,85,,,a,
ASN00092045,20190519,TMIN,86,,,a,
ASN00092045,20190520,TMIN,97,,,a,
ASN00092045,20190521,TMIN,132,,,a,
ASN00092045,20190522,TMIN,132,,,a,
ASN00092045,20190523,TMIN,93,,,a,
ASN00092045,20190524,TMIN,121,,,a,
ASN00092045,20190525,TMIN,129,,,a,
ASN00092045,20190526,TMIN,91,,,a,
ASN00092045,20190527,TMIN,60,,,a,
ASN00092045,20190528,TMIN,70,,,a,
ASN00092045,20190529,TMIN,61,,,a,
ASN00092045,20190530,TMIN,33,,,a,
ASN00092045,20190531,TMIN,74,,,a,
ASN00092045,20190501,PRCP,0,,,a,
ASN00092045,20190502,PRCP,0,,,a,
ASN00092045,20190503,PRCP,102,,,a,
ASN00092045,20190504,PRCP,18,,,a,
ASN00092045,20190505,PRCP,2,,,a,
ASN00092045,20190506,PRCP,0,,,a,
ASN00092045,20190507,PRCP,0,,,a,
ASN00092045,20190508,PRCP,0,,,a,
ASN00092045,20190509,PRCP,0,,,a,
ASN00092045,20190510,PRCP,0,,,a,
ASN00092045,20190511,PRCP,0,,,a,
ASN00092045,20190512,PRCP,0,,,a,
ASN00092045,20190513,PRCP,2,,,a,
ASN00092045,20190514,PRCP,4,,,a,
ASN00092045,20190515,PRCP,0,,,a,
ASN00092045,20190516,PRCP,2,,,a,
ASN00092045,20190517,PRCP,0,,,a,
ASN00092045,20190518,PRCP,0,,,a,
ASN00092045,20190519,PRCP,0,,,a,
ASN00092045,20190520,PRCP,2,,,a,
ASN00092045,20190521,PRCP,26,,,a,
ASN00092045,20190522,PRCP,2,,,a,
ASN00092045,20190523,PRCP,2,,,a,
ASN00092045,20190524,PRCP,2,,,a,
ASN00092045,20190525,PRCP,42,,,a,
ASN00092045,20190526,PRCP,38,,,a,
ASN00092045,20190527,PRCP,120,,,a,
ASN00092045,20190528,PRCP,12,,,a,
ASN00092045,20190529,PRCP,4,,,a,
ASN00092045,20190530,PRCP,0,,,a,
ASN00092045,20190531,PRCP,0,,,a,
ASN00092045,20190501,TAVG,162,H,,S,
ASN00092045,20190502,TAVG,168,H,,S,
ASN00092045,20190503,TAVG,135,H,,S,
ASN00092045,20190504,TAVG,140,H,,S,
ASN00092045,20190505,TAVG,128,H,,S,
ASN00092045,20190506,TAVG,118,H,,S,
ASN00092045,20190507,TAVG,122,H,,S,
ASN00092045,20190508,TAVG,129,H,,S,
ASN00092045,20190509,TAVG,139,H,,S,
ASN00092045,20190510,TAVG,123,H,,S,
ASN00092045,20190511,TAVG,130,H,,S,
ASN00092045,20190512,TAVG,136,H,,S,
ASN00092045,20190513,TAVG,143,H,,S,
ASN00092045,20190514,TAVG,128,H,,S,
ASN00092045,20190515,TAVG,131,H,,S,
ASN00092045,20190516,TAVG,129,H,,S,
ASN00092045,20190517,TAVG,129,H,,S,
ASN00092045,20190518,TAVG,127,H,,S,
ASN00092045,20190519,TAVG,125,H,,S,
ASN00092045,20190520,TAVG,146,H,,S,
ASN00092045,20190521,TAVG,146,H,,S,
ASN00092045,20190522,TAVG,130,H,,S,
ASN00092045,20190523,TAVG,144,H,,S,
ASN00092045,20190524,TAVG,147,H,,S,
ASN00092045,20190525,TAVG,115,H,,S,
ASN00092045,20190526,TAVG,103,H,,S,
ASN00092045,20190527,TAVG,99,H,,S,
ASN00092045,20190528,TAVG,91,H,,S,
ASN00092045,20190529,TAVG,82,H,,S,
ASN00092045,20190530,TAVG,107,H,,S,
ASN00092045,20190531,TAVG,125,H,,S,
ASN00092045,20190601,TMAX,166,,,a,
ASN00092045,20190602,TMAX,155,,,a,
ASN00092045,20190603,TMAX,115,,,a,
ASN00092045,20190604,TMAX,155,,,a,
ASN00092045,20190605,TMAX,127,,,a,
ASN00092045,20190606,TMAX,183,,,a,
ASN00092045,20190607,TMAX,160,,,a,
ASN00092045,20190608,TMAX,138,,,a,
ASN00092045,20190609,TMAX,161,,,a,
ASN00092045,20190610,TMAX,150,,,a,
ASN00092045,20190611,TMAX,172,,,a,
ASN00092045,20190612,TMAX,151,,,a,
ASN00092045,20190613,TMAX,148,,,a,
ASN00092045,20190614,TMAX,146,,,a,
ASN00092045,20190615,TMAX,142,,,a,
ASN00092045,20190616,TMAX,143,,,a,
ASN00092045,20190617,TMAX,139,,,a,
ASN00092045,20190618,TMAX,148,,,a,
ASN00092045,20190619,TMAX,131,,,a,
ASN00092045,20190620,TMAX,130,,,a,
ASN00092045,20190621,TMAX,146,,,a,
ASN00092045,20190622,TMAX,143,,,a,
ASN00092045,20190623,TMAX,129,,,a,
ASN00092045,20190624,TMAX,133,,,a,
ASN00092045,20190625,TMAX,141,,,a,
ASN00092045,20190626,TMAX,143,,,a,
ASN00092045,20190627,TMAX,153,,,a,
ASN00092045,20190628,TMAX,173,,,a,
ASN00092045,20190629,TMAX,157,,,a,
ASN00092045,20190630,TMAX,131,,,a,
ASN00092045,20190601,TMIN,76,,,a,
ASN00092045,20190602,TMIN,77,,,a,
ASN00092045,20190603,TMIN,90,,,a,
ASN00092045,20190604,TMIN,72,,,a,
ASN00092045,20190605,TMIN,45,,,a,
ASN00092045,20190606,TMIN,80,,,a,
ASN00092045,20190607,TMIN,68,,,a,
ASN00092045,20190608,TMIN,75,,,a,
ASN00092045,20190609,TMIN,90,,,a,
ASN00092045,20190610,TMIN,113,,,a,
ASN00092045,20190611,TMIN,116,,,a,
ASN00092045,20190612,TMIN,112,,,a,
ASN00092045,20190613,TMIN,90,,,a,
ASN00092045,20190614,TMIN,80,,,a,
ASN00092045,20190615,TMIN,69,,,a,
ASN00092045,20190616,TMIN,72,,,a,
ASN00092045,20190617,TMIN,74,,,a,
ASN00092045,20190618,TMIN,110,,,a,
ASN00092045,20190619,TMIN,56,,,a,
ASN00092045,20190620,TMIN,37,,,a,
ASN00092045,20190621,TMIN,44,,,a,
ASN00092045,20190622,TMIN,46,,,a,
ASN00092045,20190623,TMIN,61,,,a,
ASN00092045,20190624,TMIN,60,,,a,
ASN00092045,20190625,TMIN,54,,,a,
ASN00092045,20190626,TMIN,70,,,a,
ASN00092045,20190627,TMIN,68,,,a,
ASN00092045,20190628,TMIN,87,,,a,
ASN00092045,20190629,TMIN,110,,,a,
ASN00092045,20190630,TMIN,91,,,a,
ASN00092045,20190601,PRCP,0,,,a,
ASN00092045,20190602,PRCP,2,,,a,
ASN00092045,20190603,PRCP,192,,,a,
ASN00092045,20190604,PRCP,4,,,a,
ASN00092045,20190605,PRCP,0,,,a,
ASN00092045,20190606,PRCP,0,,,a,
ASN00092045,20190607,PRCP,0,,,a,
ASN00092045,20190608,PRCP,0,,,a,
ASN00092045,20190609,PRCP,0,,,a,
ASN00092045,20190610,PRCP,66,,,a,
ASN00092045,20190611,PRCP,68,,,a,
ASN00092045,20190612,PRCP,2,,,a,
ASN00092045,20190613,PRCP,100,,,a,
ASN00092045,20190614,PRCP,40,,,a,
ASN00092045,20190615,PRCP,0,,,a,
ASN00092045,20190616,PRCP,2,,,a,
ASN00092045,20190617,PRCP,2,,,a,
ASN00092045,20190618,PRCP,2,,,a,
ASN00092045,20190619,PRCP,16,,,a,
ASN00092045,20190620,PRCP,0,,,a,
ASN00092045,20190621,PRCP,2,,,a,
ASN00092045,20190622,PRCP,0,,,a,
ASN00092045,20190623,PRCP,0,,,a,
ASN00092045,20190624,PRCP,0,,,a,
ASN00092045,20190625,PRCP,0,,,a,
ASN00092045,20190626,PRCP,0,,,a,
ASN00092045,20190627,PRCP,2,,,a,
ASN00092045,20190628,PRCP,2,,,a,
ASN00092045,20190629,PRCP,28,,,a,
ASN00092045,20190630,PRCP,40,,,a,
ASN00092045,20190601,TAVG,109,H,,S,
ASN00092045,20190602,TAVG,116,H,,S,
ASN00092045,20190603,TAVG,91,H,,S,
ASN00092045,20190604,TAVG,99,H,,S,
ASN00092045,20190605,TAVG,113,H,,S,
ASN00092045,20190606,TAVG,114,H,,S,
ASN00092045,20190607,TAVG,114,H,,S,
ASN00092045,20190608,TAVG,113,H,,S,
ASN00092045,20190609,TAVG,130,H,,S,
ASN00092045,20190610,TAVG,128,H,,S,
ASN00092045,20190611,TAVG,134,H,,S,
ASN00092045,20190612,TAVG,121,H,,S,
ASN00092045,20190613,TAVG,104,H,,S,
ASN00092045,20190614,TAVG,107,H,,S,
ASN00092045,20190615,TAVG,102,H,,S,
ASN00092045,20190616,TAVG,100,H,,S,
ASN00092045,20190617,TAVG,126,H,,S,
ASN00092045,20190618,TAVG,92,H,,S,
ASN00092045,20190619,TAVG,82,H,,S,
ASN00092045,20190620,TAVG,87,H,,S,
ASN00092045,20190621,TAVG,89,H,,S,
ASN00092045,20190622,TAVG,95,H,,S,
ASN00092045,20190623,TAVG,90,H,,S,
ASN00092045,20190624,TAVG,84,H,,S,
ASN00092045,20190625,TAVG,98,H,,S,
ASN00092045,20190626,TAVG,101,H,,S,
ASN00092045,20190627,TAVG,117,H,,S,
ASN00092045,20190628,TAVG,137,H,,S,
ASN00092045,20190629,TAVG,126,H,,S,
ASN00092045,20190630,TAVG,122,H,,S,
ASN00092045,20190701,TMAX,141,,,a,
ASN00092045,20190702,TMAX,145,,,a,
ASN00092045,20190703,TMAX,146,,,a,
ASN00092045,20190704,TMAX,138,,,a,
ASN00092045,20190705,TMAX,132,,,a,
ASN00092045,20190706,TMAX,158,,,a,
ASN00092045,20190707,TMAX,138,,,a,
ASN00092045,20190708,TMAX,154,,,a,
ASN00092045,20190709,TMAX,145,,,a,
ASN00092045,20190710,TMAX,149,,,a,
ASN00092045,20190711,TMAX,137,,,a,
ASN00092045,20190712,TMAX,121,,,a,
ASN00092045,20190713,TMAX,133,,,a,
ASN00092045,20190714,TMAX,135,,,a,
ASN00092045,20190715,TMAX,119,,,a,
ASN00092045,20190716,TMAX,159,,,a,
ASN00092045,20190717,TMAX,140,,,a,
ASN00092045,20190718,TMAX,130,,,a,
ASN00092045,20190719,TMAX,146,,,a,
ASN00092045,20190720,TMAX,141,,,a,
ASN00092045,20190721,TMAX,147,,,a,
ASN00092045,20190722,TMAX,143,,,a,
ASN00092045,20190723,TMAX,108,,,a,
ASN00092045,20190724,TMAX,126,,,a,
ASN00092045,20190725,TMAX,144,,,a,
ASN00092045,20190726,TMAX,161,,,a,
ASN00092045,20190727,TMAX,126,,,a,
ASN00092045,20190728,TMAX,147,,,a,
ASN00092045,20190729,TMAX,158,,,a,
ASN00092045,20190730,TMAX,122,,,a,
ASN00092045,20190731,TMAX,131,,,a,
ASN00092045,20190701,TMIN,106,,,a,
ASN00092045,20190702,TMIN,98,,,a,
ASN00092045,20190703,TMIN,48,,,a,
ASN00092045,20190704,TMIN,71,,,a,
ASN00092045,20190705,TMIN,105,,,a,
ASN00092045,20190706,TMIN,102,,,a,
ASN00092045,20190707,TMIN,96,,,a,
ASN00092045,20190708,TMIN,82,,,a,
ASN00092045,20190709,TMIN,74,,,a,
ASN00092045,20190710,TMIN,98,,,a,
ASN00092045,20190711,TMIN,83,,,a,
ASN00092045,20190712,TMIN,84,,,a,
ASN00092045,20190713,TMIN,51,,,a,
ASN00092045,20190714,TMIN,39,,,a,
ASN00092045,20190715,TMIN,38,,,a,
ASN00092045,20190716,TMIN,79,,,a,
ASN00092045,20190717,TMIN,103,,,a,
ASN00092045,20190718,TMIN,48,,,a,
ASN00092045,20190719,TMIN,67,,,a,
ASN00092045,20190720,TMIN,74,,,a,
ASN00092045,20190721,TMIN,102,,,a,
ASN00092045,20190722,TMIN,85,,,a,
ASN00092045,20190723,TMIN,89,,,a,
ASN00092045,20190724,TMIN,43,,,a,
ASN00092045,20190725,TMIN,83,,,a,
ASN00092045,20190726,TMIN,114,,,a,
ASN00092045,20190727,TMIN,51,,,a,
ASN00092045,20190728,TMIN,59,,,a,
ASN00092045,20190729,TMIN,89,,,a,
ASN00092045,20190730,TMIN,57,,,a,
ASN00092045,20190731,TMIN,37,,,a,
ASN00092045,20190701,PRCP,6,,,a,
ASN00092045,20190702,PRCP,78,,,a,
ASN00092045,20190703,PRCP,0,,,a,
ASN00092045,20190704,PRCP,2,,,a,
ASN00092045,20190705,PRCP,4,,,a,
ASN00092045,20190706,PRCP,10,,,a,
ASN00092045,20190707,PRCP,6,,,a,
ASN00092045,20190708,PRCP,18,,,a,
ASN00092045,20190709,PRCP,2,,,a,
ASN00092045,20190710,PRCP,0,,,a,
ASN00092045,20190711,PRCP,48,,,a,
ASN00092045,20190712,PRCP,62,,,a,
ASN00092045,20190713,PRCP,26,,,a,
ASN00092045,20190714,PRCP,2,,,a,
ASN00092045,20190715,PRCP,2,,,a,
ASN00092045,20190716,PRCP,0,,,a,
ASN00092045,20190717,PRCP,0,,,a,
ASN00092045,20190718,PRCP,0,,,a,
ASN00092045,20190719,PRCP,10,,,a,
ASN00092045,20190720,PRCP,0,,,a,
ASN00092045,20190721,PRCP,0,,,a,
ASN00092045,20190722,PRCP,2,,,a,
ASN00092045,20190723,PRCP,24,,,a,
ASN00092045,20190724,PRCP,176,,,a,
ASN00092045,20190725,PRCP,0,,,a,
ASN00092045,20190726,PRCP,0,,,a,
ASN00092045,20190727,PRCP,100,,,a,
ASN00092045,20190728,PRCP,0,,,a,
ASN00092045,20190729,PRCP,18,,,a,
ASN00092045,20190730,PRCP,2,,,a,
ASN00092045,20190731,PRCP,0,,,a,
ASN00092045,20190701,TAVG,123,H,,S,
ASN00092045,20190702,TAVG,98,H,,S,
ASN00092045,20190703,TAVG,103,H,,S,
ASN00092045,20190704,TAVG,117,H,,S,
ASN00092045,20190705,TAVG,118,H,,S,
ASN00092045,20190706,TAVG,121,H,,S,
ASN00092045,20190707,TAVG,114,H,,S,
ASN00092045,20190708,TAVG,104,H,,S,
ASN00092045,20190709,TAVG,119,H,,S,
ASN00092045,20190710,TAVG,121,H,,S,
ASN00092045,20190711,TAVG,106,H,,S,
ASN00092045,20190712,TAVG,77,H,,S,
ASN00092045,20190713,TAVG,82,H,,S,
ASN00092045,20190714,TAVG,76,H,,S,
ASN00092045,20190715,TAVG,108,H,,S,
ASN00092045,20190716,TAVG,121,H,,S,
ASN00092045,20190717,TAVG,89,H,,S,
ASN00092045,20190718,TAVG,102,H,,S,
ASN00092045,20190719,TAVG,106,H,,S,
ASN00092045,20190720,TAVG,120,H,,S,
ASN00092045,20190721,TAVG,114,H,,S,
ASN00092045,20190722,TAVG,124,H,,S,
ASN00092045,20190723,TAVG,70,H,,S,
ASN00092045,20190724,TAVG,116,H,,S,
ASN00092045,20190725,TAVG,126,H,,S,
ASN00092045,20190726,TAVG,102,H,,S,
ASN00092045,20190727,TAVG,91,H,,S,
ASN00092045,20190728,TAVG,107,H,,S,
ASN00092045,20190729,TAVG,93,H,,S,
ASN00092045,20190730,TAVG,74,H,,S,
ASN00092045,20190731,TAVG,88,H,,S,
ASN00092045,20190801,TMAX,154,,,a,
ASN00092045,20190802,TMAX,126,,,a,
ASN00092045,20190803,TMAX,137,,,a,
ASN00092045,20190804,TMAX,123,,,a,
ASN00092045,20190805,TMAX,134,,,a,
ASN00092045,20190806,TMAX,147,,,a,
ASN00092045,20190807,TMAX,132,,,a,
ASN00092045,20190808,TMAX,98,,,a,
ASN00092045,20190809,TMAX,129,,,a,
ASN00092045,20190810,TMAX,152,,,a,
ASN00092045,20190811,TMAX,121,,,a,
ASN00092045,20190812,TMAX,140,,,a,
ASN00092045,20190813,TMAX,147,,,a,
ASN00092045,20190814,TMAX,139,,,a,
ASN00092045,20190815,TMAX,145,,,a,
ASN00092045,20190816,TMAX,129,,,a,
ASN00092045,20190817,TMAX,143,,,a,
ASN00092045,20190818,TMAX,155,,,a,
ASN00092045,20190819,TMAX,125,,,a,
ASN00092045,20190820,TMAX,143,,,a,
ASN00092045,20190821,TMAX,139,,,a,
ASN00092045,20190822,TMAX,147,,,a,
ASN00092045,20190823,TMAX,133,,,a,
ASN00092045,20190824,TMAX,155,,,a,
ASN00092045,20190825,TMAX,152,,,a,
ASN00092045,20190826,TMAX,158,,,a,
ASN00092045,20190827,TMAX,151,,,a,
ASN00092045,20190828,TMAX,133,,,a,
ASN00092045,20190829,TMAX,138,,,a,
ASN00092045,20190830,TMAX,144,,,a,
ASN00092045,20190831,TMAX,153,,,a,
ASN00092045,20190801,TMIN,58,,,a,
ASN00092045,20190802,TMIN,56,,,a,
ASN00092045,20190803,TMIN,92,,,a,
ASN00092045,20190804,TMIN,34,,,a,
ASN00092045,20190805,TMIN,33,,,a,
ASN00092045,20190806,TMIN,88,,,a,
ASN00092045,20190807,TMIN,78,,,a,
ASN00092045,20190808,TMIN,50,,,a,
ASN00092045,20190809,TMIN,46,,,a,
ASN00092045,20190810,TMIN,71,,,a,
ASN00092045,20190811,TMIN,54,,,a,
ASN00092045,20190812,TMIN,28,,,a,
ASN00092045,20190813,TMIN,55,,,a,
ASN00092045,20190814,TMIN,71,,,a,
ASN00092045,20190815,TMIN,88,,,a,
ASN00092045,20190816,TMIN,102,,,a,
ASN00092045,20190817,TMIN,81,,,a,
ASN00092045,20190818,TMIN,106,,,a,
ASN00092045,20190819,TMIN,47,,,a,
ASN00092045,20190820,TMIN,71,,,a,
ASN00092045,20190821,TMIN,80,,,a,
ASN00092045,20190822,TMIN,72,,,a,
ASN00092045,20190823,TMIN,33,,,a,
ASN00092045,20190824,TMIN,87,,,a,
ASN00092045,20190825,TMIN,41,,,a,
ASN00092045,20190826,TMIN,41,,,a,
ASN00092045,20190827,TMIN,81,,,a,
ASN00092045,20190828,TMIN,101,,,a,
ASN00092045,20190829,TMIN,51,,,a,
ASN00092045,20190830,TMIN,36,,,a,
ASN00092045,20190831,TMIN,48,,,a,
ASN00092045,20190801,PRCP,0,,,a,
ASN00092045,20190802,PRCP,0,,,a,
ASN00092045,20190803,PRCP,0,,,a,
ASN00092045,20190804,PRCP,0,,,a,
ASN00092045,20190805,PRCP,0,,,a,
ASN00092045,20190806,PRCP,8,,,a,
ASN00092045,20190807,PRCP,18,,,a,
ASN00092045,20190808,PRCP,54,,,a,
ASN00092045,20190809,PRCP,134,,,a,
ASN00092045,20190810,PRCP,2,,,a,
ASN00092045,20190811,PRCP,20,,,a,
ASN00092045,20190812,PRCP,28,,,a,
ASN00092045,20190813,PRCP,0,,,a,
ASN00092045,20190814,PRCP,2,,,a,
ASN00092045,20190815,PRCP,0,,,a,
ASN00092045,20190816,PRCP,8,,,a,
ASN00092045,20190817,PRCP,84,,,a,
ASN00092045,20190818,PRCP,22,,,a,
ASN00092045,20190819,PRCP,48,,,a,
ASN00092045,20190820,PRCP,0,,,a,
ASN00092045,20190821,PRCP,28,,,a,
ASN00092045,20190822,PRCP,0,,,a,
ASN00092045,20190823,PRCP,0,,,a,
ASN00092045,20190824,PRCP,0,,,a,
ASN00092045,20190825,PRCP,14,,,a,
ASN00092045,20190826,PRCP,0,,,a,
ASN00092045,20190827,PRCP,0,,,a,
ASN00092045,20190828,PRCP,18,,,a,
ASN00092045,20190829,PRCP,28,,,a,
ASN00092045,20190830,PRCP,2,,,a,
ASN00092045,20190831,PRCP,0,,,a,
ASN00092045,20190801,TAVG,105,H,,S,
ASN00092045,20190802,TAVG,106,H,,S,
ASN00092045,20190803,TAVG,79,H,,S,
ASN00092045,20190804,TAVG,70,H,,S,
ASN00092045,20190805,TAVG,106,H,,S,
ASN00092045,20190806,TAVG,110,H,,S,
ASN00092045,20190807,TAVG,83,H,,S,
ASN00092045,20190808,TAVG,67,H,,S,
ASN00092045,20190809,TAVG,92,H,,S,
ASN00092045,20190810,TAVG,93,H,,S,
ASN00092045,20190811,TAVG,82,H,,S,
ASN00092045,20190812,TAVG,95,H,,S,
ASN00092045,20190813,TAVG,101,H,,S,
ASN00092045,20190814,TAVG,108,H,,S,
ASN00092045,20190815,TAVG,118,H,,S,
ASN00092045,20190816,TAVG,102,H,,S,
ASN00092045,20190817,TAVG,122,H,,S,
ASN00092045,20190818,TAVG,102,H,,S,
ASN00092045,20190819,TAVG,105,H,,S,
ASN00092045,20190820,TAVG,106,H,,S,
ASN00092045,20190821,TAVG,97,H,,S,
ASN00092045,20190822,TAVG,83,H,,S,
ASN00092045,20190823,TAVG,113,H,,S,
ASN00092045,20190824,TAVG,109,H,,S,
ASN00092045,20190825,TAVG,91,H,,S,
ASN00092045,20190826,TAVG,108,H,,S,
ASN00092045,20190827,TAVG,117,H,,S,
ASN00092045,20190828,TAVG,87,H,,S,
ASN00092045,20190829,TAVG,79,H,,S,
ASN00092045,20190830,TAVG,91,H,,S,
ASN00092045,20190831,TAVG,109,H,,S,
ASN00092045,20190901,TMAX,159,,,a,
ASN00092045,20190902,TMAX,154,,,a,
ASN00092045,20190903,TMAX,177,,,a,
ASN00092045,20190904,TMAX,161,,,a,
ASN00092045,20190905,TMAX,160,,,a,
ASN00092045,20190906,TMAX,118,,,a,
ASN00092045,20190907,TMAX,100,,,a,
ASN00092045,20190908,TMAX,150,,,a,
ASN00092045,20190909,TMAX,153,,,a,
ASN00092045,20190910,TMAX,161,,,a,
ASN00092045,20190911,TMAX,176,,,a,
ASN00092045,20190912,TMAX,201,,,a,
ASN00092045,20190913,TMAX,129,,,a,
ASN00092045,20190914,TMAX,181,,,a,
ASN00092045,20190915,TMAX,180,,,a,
ASN00092045,20190916,TMAX,161,,,a,
ASN00092045,20190917,TMAX,140,,,a,
ASN00092045,20190918,TMAX,143,,,a,
ASN00092045,20190919,TMAX,168,,,a,
ASN00092045,20190920,TMAX,172,,,a,
ASN00092045,20190921,TMAX,158,,,a,
ASN00092045,20190922,TMAX,142,,,a,
ASN00092045,20190923,TMAX,157,,,a,
ASN00092045,20190924,TMAX,167,,,a,
ASN00092045,20190925,TMAX,156,,,a,
ASN00092045,20190926,TMAX,177,,,a,
ASN00092045,20190927,TMAX,179,,,a,
ASN00092045,20190928,TMAX,139,,,a,
ASN00092045,20190929,TMAX,178,,,a,
ASN00092045,20190930,TMAX,148,,,a,
ASN00092045,20190901,TMIN,70,,,a,
ASN00092045,20190902,TMIN,81,,,a,
ASN00092045,20190903,TMIN,93,,,a,
ASN00092045,20190904,TMIN,89,,,a,
ASN00092045,20190905,TMIN,44,,,a,
ASN00092045,20190906,TMIN,106,,,a,
ASN00092045,20190907,TMIN,67,,,a,
ASN00092045,20190908,TMIN,68,,,a,
ASN00092045,20190909,TMIN,76,,,a,
ASN00092045,20190910,TMIN,47,,,a,
ASN00092045,20190911,TMIN,81,,,a,
ASN00092045,20190912,TMIN,105,,,a,
ASN00092045,20190913,TMIN,48,,,a,
ASN00092045,20190914,TMIN,62,,,a,
ASN00092045,20190915,TMIN,104,,,a,
ASN00092045,20190916,TMIN,84,,,a,
ASN00092045,20190917,TMIN,40,,,a,
ASN00092045,20190918,TMIN,51,,,a,
ASN00092045,20190919,TMIN,87,,,a,
ASN00092045,20190920,TMIN,127,,,a,
ASN00092045,20190921,TMIN,135,,,a,
ASN00092045,20190922,TMIN,68,,,a,
ASN00092045,20190923,TMIN,64,,,a,
ASN00092045,20190924,TMIN,56,,,a,
ASN00092045,20190925,TMIN,68,,,a,
ASN00092045,20190926,TMIN,75,,,a,
ASN00092045,20190927,TMIN,105,,,a,
ASN00092045,20190928,TMIN,50,,,a,
ASN00092045,20190929,TMIN,78,,,a,
ASN00092045,20190930,TMIN,65,,,a,
ASN00092045,20190901,PRCP,0,,,a,
ASN00092045,20190902,PRCP,0,,,a,
ASN00092045,20190903,PRCP,0,,,a,
ASN00092045,20190904,PRCP,0,,,a,
ASN00092045,20190905,PRCP,0,,,a,
ASN00092045,20190906,PRCP,14,,,a,
ASN00092045,20190907,PRCP,834,,,a,
ASN00092045,20190908,PRCP,122,,,a,
ASN00092045,20190909,PRCP,4,,,a,
ASN00092045,20190910,PRCP,0,,,a,
ASN00092045,20190912,PRCP,2,,,a,
ASN00092045,20190913,PRCP,0,,,a,
ASN00092045,20190914,PRCP,0,,,a,
ASN00092045,20190915,PRCP,2,,,a,
ASN00092045,20190916,PRCP,0,,,a,
ASN00092045,20190917,PRCP,0,,,a,
ASN00092045,20190918,PRCP,0,,,a,
ASN00092045,20190919,PRCP,0,,,a,
ASN00092045,20190920,PRCP,0,,,a,
ASN00092045,20190921,PRCP,0,,,a,
ASN00092045,20190922,PRCP,70,,,a,
ASN00092045,20190923,PRCP,6,,,a,
ASN00092045,20190924,PRCP,10,,,a,
ASN00092045,20190925,PRCP,0,,,a,
ASN00092045,20190926,PRCP,0,,,a,
ASN00092045,20190927,PRCP,0,,,a,
ASN00092045,20190928,PRCP,98,,,a,
ASN00092045,20190929,PRCP,0,,,a,
ASN00092045,20190930,PRCP,0,,,a,
ASN00092045,20190901,TAVG,113,H,,S,
ASN00092045,20190902,TAVG,114,H,,S,
ASN00092045,20190903,TAVG,119,H,,S,
ASN00092045,20190904,TAVG,102,H,,S,
ASN00092045,20190905,TAVG,121,H,,S,
ASN00092045,20190906,TAVG,96,H,,S,
ASN00092045,20190907,TAVG,88,H,,S,
ASN00092045,20190908,TAVG,106,H,,S,
ASN00092045,20190909,TAVG,91,H,,S,
ASN00092045,20190910,TAVG,111,H,,S,
ASN00092045,20190911,TAVG,129,H,,S,
ASN00092045,20190912,TAVG,123,H,,S,
ASN00092045,20190913,TAVG,102,H,,S,
ASN00092045,20190914,TAVG,129,H,,S,
ASN00092045,20190915,TAVG,118,H,,S,
ASN00092045,20190916,TAVG,91,H,,S,
ASN00092045,20190917,TAVG,88,H,,S,
ASN00092045,20190918,TAVG,116,H,,S,
ASN00092045,20190919,TAVG,143,H,,S,
ASN00092045,20190920,TAVG,146,H,,S,
ASN00092045,20190921,TAVG,112,H,,S,
ASN00092045,20190922,TAVG,97,H,,S,
ASN00092045,20190923,TAVG,98,H,,S,
ASN00092045,20190924,TAVG,113,H,,S,
ASN00092045,20190925,TAVG,107,H,,S,
ASN00092045,20190926,TAVG,128,H,,S,
ASN00092045,20190927,TAVG,106,H,,S,
ASN00092045,20190928,TAVG,105,H,,S,
ASN00092045,20190929,TAVG,117,H,,S,
ASN00092045,20190930,TAVG,99,H,,S,
ASN00092045,20191001,TMAX,162,,,a,
ASN00092045,20191002,TMAX,204,,,a,
ASN00092045,20191003,TMAX,199,,,a,
ASN00092045,20191004,TMAX,173,,,a,
ASN00092045,20191005,TMAX,158,,,a,
ASN00092045,20191006,TMAX,182,,,a,
ASN00092045,20191007,TMAX,171,,,a,
ASN00092045,20191008,TMAX,143,,,a,
ASN00092045,20191009,TMAX,177,,,a,
ASN00092045,20191010,TMAX,156,,,a,
ASN00092045,20191011,TMAX,151,,,a,
ASN00092045,20191012,TMAX,152,,,a,
ASN00092045,20191013,TMAX,157,,,a,
ASN00092045,20191014,TMAX,197,,,a,
ASN00092045,20191015,TMAX,191,,,a,
ASN00092045,20191016,TMAX,165,,,a,
ASN00092045,20191017,TMAX,163,,,a,
ASN00092045,20191018,TMAX,155,,,a,
ASN00092045,20191019,TMAX,150,,,a,
ASN00092045,20191020,TMAX,167,,,a,
ASN00092045,20191021,TMAX,210,,,a,
ASN00092045,20191022,TMAX,180,,,a,
ASN00092045,20191023,TMAX,221,,,a,
ASN00092045,20191024,TMAX,211,,,a,
ASN00092045,20191025,TMAX,215,,,a,
ASN00092045,20191026,TMAX,154,,,a,
ASN00092045,20191027,TMAX,179,,,a,
ASN00092045,20191028,TMAX,167,,,a,
ASN00092045,20191029,TMAX,207,,,a,
ASN00092045,20191030,TMAX,174,,,a,
ASN00092045,20191031,TMAX,248,,,a,
ASN00092045,20191001,TMIN,65,,,a,
ASN00092045,20191002,TMIN,71,,,a,
ASN00092045,20191003,TMIN,110,,,a,
ASN00092045,20191004,TMIN,107,,,a,
ASN00092045,20191005,TMIN,95,,,a,
ASN00092045,20191006,TMIN,112,,,a,
ASN00092045,20191007,TMIN,108,,,a,
ASN00092045,20191008,TMIN,89,,,a,
ASN00092045,20191009,TMIN,57,,,a,
ASN00092045,20191010,TMIN,92,,,a,
ASN00092045,20191011,TMIN,95,,,a,
ASN00092045,20191012,TMIN,82,,,a,
ASN00092045,20191013,TMIN,66,,,a,
ASN00092045,20191014,TMIN,95,,,a,
ASN00092045,20191015,TMIN,116,,,a,
ASN00092045,20191016,TMIN,99,,,a,
ASN00092045,20191017,TMIN,73,,,a,
ASN00092045,20191018,TMIN,78,,,a,
ASN00092045,20191019,TMIN,53,,,a,
ASN00092045,20191020,TMIN,82,,,a,
ASN00092045,20191021,TMIN,89,,,a,
ASN00092045,20191022,TMIN,119,,,a,
ASN00092045,20191023,TMIN,96,,,a,
ASN00092045,20191024,TMIN,121,,,a,
ASN00092045,20191025,TMIN,142,,,a,
ASN00092045,20191026,TMIN,88,,,a,
ASN00092045,20191027,TMIN,64,,,a,
ASN00092045,20191028,TMIN,79,,,a,
ASN00092045,20191029,TMIN,103,,,a,
ASN00092045,20191030,TMIN,120,,,a,
ASN00092045,20191031,TMIN,120,,,a,
ASN00092045,20191001,PRCP,0,,,a,
ASN00092045,20191002,PRCP,0,,,a,
ASN00092045,20191003,PRCP,0,,,a,
ASN00092045,20191004,PRCP,0,,,a,
ASN00092045,20191005,PRCP,50,,,a,
ASN00092045,20191006,PRCP,2,,,a,
ASN00092045,20191007,PRCP,36,,,a,
ASN00092045,20191008,PRCP,0,,,a,
ASN00092045,20191009,PRCP,0,,,a,
ASN00092045,20191010,PRCP,2,,,a,
ASN00092045,20191011,PRCP,0,,,a,
ASN00092045,20191012,PRCP,8,,,a,
ASN00092045,20191013,PRCP,0,,,a,
ASN00092045,20191014,PRCP,0,,,a,
ASN00092045,20191015,PRCP,0,,,a,
ASN00092045,20191016,PRCP,0,,,a,
ASN00092045,20191017,PRCP,32,,,a,
ASN00092045,20191018,PRCP,4,,,a,
ASN00092045,20191019,PRCP,4,,,a,
ASN00092045,20191020,PRCP,12,,,a,
ASN00092045,20191021,PRCP,0,,,a,
ASN00092045,20191022,PRCP,0,,,a,
ASN00092045,20191023,PRCP,0,,,a,
ASN00092045,20191024,PRCP,0,,,a,
ASN00092045,20191025,PRCP,0,,,a,
ASN00092045,20191026,PRCP,48,,,a,
ASN00092045,20191027,PRCP,4,,,a,
ASN00092045,20191028,PRCP,0,,,a,
ASN00092045,20191029,PRCP,0,,,a,
ASN00092045,20191030,PRCP,0,,,a,
ASN00092045,20191031,PRCP,0,,,a,
ASN00092045,20191001,TAVG,113,H,,S,
ASN00092045,20191002,TAVG,154,H,,S,
ASN00092045,20191003,TAVG,142,H,,S,
ASN00092045,20191004,TAVG,116,H,,S,
ASN00092045,20191005,TAVG,136,H,,S,
ASN00092045,20191006,TAVG,131,H,,S,
ASN00092045,20191007,TAVG,120,H,,S,
ASN00092045,20191008,TAVG,106,H,,S,
ASN00092045,20191009,TAVG,119,H,,S,
ASN00092045,20191010,TAVG,119,H,,S,
ASN00092045,20191011,TAVG,111,H,,S,
ASN00092045,20191012,TAVG,109,H,,S,
ASN00092045,20191013,TAVG,125,H,,S,
ASN00092045,20191014,TAVG,144,H,,S,
ASN00092045,20191015,TAVG,133,H,,S,
ASN00092045,20191016,TAVG,106,H,,S,
ASN00092045,20191017,TAVG,113,H,,S,
ASN00092045,20191018,TAVG,107,H,,S,
ASN00092045,20191019,TAVG,108,H,,S,
ASN00092045,20191020,TAVG,126,H,,S,
ASN00092045,20191021,TAVG,149,H,,S,
ASN00092045,20191022,TAVG,126,H,,S,
ASN00092045,20191023,TAVG,152,H,,S,
ASN00092045,20191024,TAVG,158,H,,S,
ASN00092045,20191025,TAVG,129,H,,S,
ASN00092045,20191026,TAVG,107,H,,S,
ASN00092045,20191027,TAVG,123,H,,S,
ASN00092045,20191028,TAVG,127,H,,S,
ASN00092045,20191029,TAVG,153,H,,S,
ASN00092045,20191030,TAVG,141,H,,S,
ASN00092045,20191031,TAVG,172,H,,S,
ASN00092045,20191101,TMAX,236,,,a,
ASN00092045,20191102,TMAX,192,,,a,
ASN00092045,20191103,TMAX,178,,,a,
ASN00092045,20191104,TMAX,185,,,a,
ASN00092045,20191105,TMAX,168,,,a,
ASN00092045,20191106,TMAX,169,,,a,
ASN00092045,20191107,TMAX,150,,,a,
ASN00092045,20191108,TMAX,129,,,a,
ASN00092045,20191109,TMAX,148,,,a,
ASN00092045,20191110,TMAX,199,,,a,
ASN00092045,20191111,TMAX,183,,,a,
ASN00092045,20191112,TMAX,177,,,a,
ASN00092045,20191113,TMAX,186,,,a,
ASN00092045,20191114,TMAX,183,,,a,
ASN00092045,20191115,TMAX,182,,,a,
ASN00092045,20191116,TMAX,174,,,a,
ASN00092045,20191117,TMAX,183,,,a,
ASN00092045,20191118,TMAX,172,,,a,
ASN00092045,20191119,TMAX,195,,,a,
ASN00092045,20191120,TMAX,182,,,a,
ASN00092045,20191121,TMAX,309,,,a,
ASN00092045,20191122,TMAX,192,,,a,
ASN00092045,20191123,TMAX,185,,,a,
ASN00092045,20191124,TMAX,203,,,a,
ASN00092045,20191125,TMAX,217,,,a,
ASN00092045,20191126,TMAX,135,,,a,
ASN00092045,20191127,TMAX,172,,,a,
ASN00092045,20191128,TMAX,212,,,a,
ASN00092045,20191129,TMAX,221,,,a,
ASN00092045,20191130,TMAX,175,,,a,
ASN00092045,20191101,TMIN,137,,,a,
ASN00092045,20191102,TMIN,153,,,a,
ASN00092045,20191103,TMIN,117,,,a,
ASN00092045,20191104,TMIN,83,,,a,
ASN00092045,20191105,TMIN,76,,,a,
ASN00092045,20191106,TMIN,102,,,a,
ASN00092045,20191107,TMIN,65,,,a,
ASN00092045,20191108,TMIN,77,,,a,
ASN00092045,20191109,TMIN,31,,,a,
ASN00092045,20191110,TMIN,75,,,a,
ASN00092045,20191111,TMIN,101,,,a,
ASN00092045,20191112,TMIN,120,,,a,
ASN00092045,20191113,TMIN,59,,,a,
ASN00092045,20191114,TMIN,103,,,a,
ASN00092045,20191115,TMIN,117,,,a,
ASN00092045,20191116,TMIN,70,,,a,
ASN00092045,20191117,TMIN,66,,,a,
ASN00092045,20191118,TMIN,101,,,a,
ASN00092045,20191119,TMIN,97,,,a,
ASN00092045,20191120,TMIN,127,,,a,
ASN00092045,20191121,TMIN,135,,,a,
ASN00092045,20191122,TMIN,112,,,a,
ASN00092045,20191123,TMIN,117,,,a,
ASN00092045,20191124,TMIN,82,,,a,
ASN00092045,20191125,TMIN,96,,,a,
ASN00092045,20191126,TMIN,122,,,a,
ASN00092045,20191127,TMIN,81,,,a,
ASN00092045,20191128,TMIN,117,,,a,
ASN00092045,20191129,TMIN,98,,,a,
ASN00092045,20191130,TMIN,93,,,a,
ASN00092045,20191101,PRCP,0,,,a,
ASN00092045,20191102,PRCP,0,,,a,
ASN00092045,20191103,PRCP,50,,,a,
ASN00092045,20191104,PRCP,2,,,a,
ASN00092045,20191105,PRCP,0,,,a,
ASN00092045,20191106,PRCP,0,,,a,
ASN00092045,20191107,PRCP,68,,,a,
ASN00092045,20191108,PRCP,22,,,a,
ASN00092045,20191109,PRCP,62,,,a,
ASN00092045,20191110,PRCP,0,,,a,
ASN00092045,20191111,PRCP,0,,,a,
ASN00092045,20191112,PRCP,0,,,a,
ASN00092045,20191113,PRCP,0,,,a,
ASN00092045,20191114,PRCP,0,,,a,
ASN00092045,20191115,PRCP,0,,,a,
ASN00092045,20191116,PRCP,2,,,a,
ASN00092045,20191117,PRCP,0,,,a,
ASN00092045,20191118,PRCP,0,,,a,
ASN00092045,20191119,PRCP,0,,,a,
ASN00092045,20191120,PRCP,0,,,a,
ASN00092045,20191121,PRCP,0,,,a,
ASN00092045,20191122,PRCP,0,,,a,
ASN00092045,20191123,PRCP,0,,,a,
ASN00092045,20191124,PRCP,0,,,a,
ASN00092045,20191125,PRCP,0,,,a,
ASN00092045,20191126,PRCP,22,,,a,
ASN00092045,20191127,PRCP,12,,,a,
ASN00092045,20191128,PRCP,2,,,a,
ASN00092045,20191129,PRCP,0,,,a,
ASN00092045,20191130,PRCP,8,,,a,
ASN00092045,20191101,TAVG,172,H,,S,
ASN00092045,20191102,TAVG,147,H,,S,
ASN00092045,20191103,TAVG,131,H,,S,
ASN00092045,20191104,TAVG,126,H,,S,
ASN00092045,20191105,TAVG,131,H,,S,
ASN00092045,20191106,TAVG,109,H,,S,
ASN00092045,20191107,TAVG,113,H,,S,
ASN00092045,20191108,TAVG,76,H,,S,
ASN00092045,20191109,TAVG,107,H,,S,
ASN00092045,20191110,TAVG,133,H,,S,
ASN00092045,20191111,TAVG,149,H,,S,
ASN00092045,20191112,TAVG,110,H,,S,
ASN00092045,20191113,TAVG,131,H,,S,
ASN00092045,20191114,TAVG,138,H,,S,
ASN00092045,20191115,TAVG,122,H,,S,
ASN00092045,20191116,TAVG,121,H,,S,
ASN00092045,20191117,TAVG,134,H,,S,
ASN00092045,20191118,TAVG,135,H,,S,
ASN00092045,20191119,TAVG,149,H,,S,
ASN00092045,20191120,TAVG,148,H,,S,
ASN00092045,20191121,TAVG,172,H,,S,
ASN00092045,20191122,TAVG,143,H,,S,
ASN00092045,20191123,TAVG,136,H,,S,
ASN00092045,20191124,TAVG,139,H,,S,
ASN00092045,20191125,TAVG,154,H,,S,
ASN00092045,20191126,TAVG,116,H,,S,
ASN00092045,20191127,TAVG,140,H,,S,
ASN00092045,20191128,TAVG,147,H,,S,
ASN00092045,20191129,TAVG,139,H,,S,
ASN00092045,20191130,TAVG,127,H,,S,
ASN00092045,20191201,TMAX,161,,,a,
ASN00092045,20191202,TMAX,184,,,a,
ASN00092045,20191203,TMAX,187,,,a,
ASN00092045,20191204,TMAX,178,,,a,
ASN00092045,20191205,TMAX,198,,,a,
ASN00092045,20191206,TMAX,194,,,a,
ASN00092045,20191207,TMAX,213,,,a,
ASN00092045,20191208,TMAX,183,,,a,
ASN00092045,20191209,TMAX,191,,,a,
ASN00092045,20191210,TMAX,160,,,a,
ASN00092045,20191211,TMAX,192,,,a,
ASN00092045,20191212,TMAX,208,,,a,
ASN00092045,20191213,TMAX,195,,,a,
ASN00092045,20191214,TMAX,227,,,a,
ASN00092045,20191215,TMAX,173,,,a,
ASN00092045,20191216,TMAX,192,,,a,
ASN00092045,20191217,TMAX,239,,,a,
ASN00092045,20191218,TMAX,258,,,a,
ASN00092045,20191219,TMAX,195,,,a,
ASN00092045,20191220,TMAX,216,,,a,
ASN00092045,20191221,TMAX,229,,,a,
ASN00092045,20191222,TMAX,205,,,a,
ASN00092045,20191223,TMAX,196,,,a,
ASN00092045,20191224,TMAX,195,,,a,
ASN00092045,20191225,TMAX,210,,,a,
ASN00092045,20191226,TMAX,238,,,a,
ASN00092045,20191227,TMAX,207,,,a,
ASN00092045,20191228,TMAX,310,,,a,
ASN00092045,20191229,TMAX,216,,,a,
ASN00092045,20191230,TMAX,296,,,a,
ASN00092045,20191231,TMAX,226,,,a,
ASN00092045,20191201,TMIN,99,,,a,
ASN00092045,20191202,TMIN,81,,,a,
ASN00092045,20191203,TMIN,76,,,a,
ASN00092045,20191204,TMIN,60,,,a,
ASN00092045,20191205,TMIN,113,,,a,
ASN00092045,20191206,TMIN,106,,,a,
ASN00092045,20191207,TMIN,101,,,a,
ASN00092045,20191208,TMIN,101,,,a,
ASN00092045,20191209,TMIN,135,,,a,
ASN00092045,20191210,TMIN,135,,,a,
ASN00092045,20191211,TMIN,124,,,a,
ASN00092045,20191212,TMIN,124,,,a,
ASN00092045,20191213,TMIN,110,,,a,
ASN00092045,20191214,TMIN,133,,,a,
ASN00092045,20191215,TMIN,106,,,a,
ASN00092045,20191216,TMIN,124,,,a,
ASN00092045,20191217,TMIN,122,,,a,
ASN00092045,20191218,TMIN,142,,,a,
ASN00092045,20191219,TMIN,154,,,a,
ASN00092045,20191220,TMIN,142,,,a,
ASN00092045,20191221,TMIN,154,,,a,
ASN00092045,20191222,TMIN,115,,,a,
ASN00092045,20191223,TMIN,115,,,a,
ASN00092045,20191224,TMIN,125,,,a,
ASN00092045,20191225,TMIN,136,,,a,
ASN00092045,20191226,TMIN,133,,,a,
ASN00092045,20191227,TMIN,152,,,a,
ASN00092045,20191228,TMIN,162,,,a,
ASN00092045,20191229,TMIN,156,,,a,
ASN00092045,20191230,TMIN,150,,,a,
ASN00092045,20191231,TMIN,154,,,a,
ASN00092045,20191201,PRCP,10,,,a,
ASN00092045,20191202,PRCP,26,,,a,
ASN00092045,20191203,PRCP,22,,,a,
ASN00092045,20191204,PRCP,0,,,a,
ASN00092045,20191205,PRCP,0,,,a,
ASN00092045,20191206,PRCP,0,,,a,
ASN00092045,20191207,PRCP,0,,,a,
ASN00092045,20191208,PRCP,0,,,a,
ASN00092045,20191209,PRCP,0,,,a,
ASN00092045,20191210,PRCP,0,,,a,
ASN00092045,20191211,PRCP,0,,,a,
ASN00092045,20191212,PRCP,2,,,a,
ASN00092045,20191213,PRCP,0,,,a,
ASN00092045,20191214,PRCP,0,,,a,
ASN00092045,20191215,PRCP,18,,,a,
ASN00092045,20191216,PRCP,0,,,a,
ASN00092045,20191217,PRCP,0,,,a,
ASN00092045,20191218,PRCP,0,,,a,
ASN00092045,20191219,PRCP,0,,,a,
ASN00092045,20191220,PRCP,0,,,a,
ASN00092045,20191221,PRCP,0,,,a,
ASN00092045,20191222,PRCP,0,,,a,
ASN00092045,20191223,PRCP,0,,,a,
ASN00092045,20191224,PRCP,12,,,a,
ASN00092045,20191225,PRCP,0,,,a,
ASN00092045,20191226,PRCP,0,,,a,
ASN00092045,20191227,PRCP,0,,,a,
ASN00092045,20191228,PRCP,0,,,a,
ASN00092045,20191229,PRCP,2,,,a,
ASN00092045,20191230,PRCP,0,,,a,
ASN00092045,20191231,PRCP,12,,,a,
ASN00092045,20191201,TAVG,114,H,,S,
ASN00092045,20191202,TAVG,124,H,,S,
ASN00092045,20191203,TAVG,123,H,,S,
ASN00092045,20191204,TAVG,137,H,,S,
ASN00092045,20191205,TAVG,142,H,,S,
ASN00092045,20191206,TAVG,138,H,,S,
ASN00092045,20191207,TAVG,148,H,,S,
ASN00092045,20191208,TAVG,150,H,,S,
ASN00092045,20191209,TAVG,154,H,,S,
ASN00092045,20191210,TAVG,138,H,,S,
ASN00092045,20191211,TAVG,151,H,,S,
ASN00092045,20191212,TAVG,143,H,,S,
ASN00092045,20191213,TAVG,152,H,,S,
ASN00092045,20191214,TAVG,133,H,,S,
ASN00092045,20191215,TAVG,147,H,,S,
ASN00092045,20191216,TAVG,149,H,,S,
ASN00092045,20191217,TAVG,178,H,,S,
ASN00092045,20191218,TAVG,181,H,,S,
ASN00092045,20191219,TAVG,158,H,,S,
ASN00092045,20191220,TAVG,172,H,,S,
ASN00092045,20191221,TAVG,159,H,,S,
ASN00092045,20191222,TAVG,152,H,,S,
ASN00092045,20191223,TAVG,149,H,,S,
ASN00092045,20191224,TAVG,155,H,,S,
ASN00092045,20191225,TAVG,168,H,,S,
ASN00092045,20191226,TAVG,177,H,,S,
ASN00092045,20191227,TAVG,174,H,,S,
ASN00092045,20191228,TAVG,195,H,,S,
ASN00092045,20191229,TAVG,178,H,,S,
ASN00092045,20191230,TAVG,207,H,,S,
ASN00092045,20191231,TAVG,163,H,,S,
ASN00092045,20200101,TMAX,223,,,a,
ASN00092045,20200102,TMAX,261,,,a,
ASN00092045,20200103,TMAX,203,,,a,
ASN00092045,20200104,TMAX,290,,,a,
ASN00092045,20200105,TMAX,192,,,a,
ASN00092045,20200106,TMAX,194,,,a,
ASN00092045,20200107,TMAX,193,,,a,
ASN00092045,20200108,TMAX,234,,,a,
ASN00092045,20200109,TMAX,219,,,a,
ASN00092045,20200110,TMAX,265,,,a,
ASN00092045,20200111,TMAX,229,,,a,
ASN00092045,20200112,TMAX,220,,,a,
ASN00092045,20200113,TMAX,221,,,a,
ASN00092045,20200114,TMAX,202,,,a,
ASN00092045,20200115,TMAX,230,,,a,
ASN00092045,20200116,TMAX,200,,,a,
ASN00092045,20200117,TMAX,182,,,a,
ASN00092045,20200118,TMAX,203,,,a,
ASN00092045,20200119,TMAX,214,,,a,
ASN00092045,20200120,TMAX,169,,,a,
ASN00092045,20200121,TMAX,186,,,a,
ASN00092045,20200122,TMAX,221,,,a,
ASN00092045,20200123,TMAX,199,,,a,
ASN00092045,20200124,TMAX,199,,,a,
ASN00092045,20200125,TMAX,234,,,a,
ASN00092045,20200126,TMAX,245,,,a,
ASN00092045,20200127,TMAX,213,,,a,
ASN00092045,20200128,TMAX,239,,,a,
ASN00092045,20200129,TMAX,260,,,a,
ASN00092045,20200130,TMAX,337,,,a,
ASN00092045,20200131,TMAX,267,,,a,
ASN00092045,20200101,TMIN,101,,,a,
ASN00092045,20200102,TMIN,144,,,a,
ASN00092045,20200103,TMIN,124,,,a,
ASN00092045,20200104,TMIN,167,,,a,
ASN00092045,20200105,TMIN,146,,,a,
ASN00092045,20200106,TMIN,125,,,a,
ASN00092045,20200107,TMIN,149,,,a,
ASN00092045,20200108,TMIN,163,,,a,
ASN00092045,20200109,TMIN,152,,,a,
ASN00092045,20200110,TMIN,174,,,a,
ASN00092045,20200111,TMIN,115,,,a,
ASN00092045,20200112,TMIN,92,,,a,
ASN00092045,20200113,TMIN,154,,,a,
ASN00092045,20200114,TMIN,165,,,a,
ASN00092045,20200115,TMIN,169,,,a,
ASN00092045,20200116,TMIN,175,,,a,
ASN00092045,20200117,TMIN,129,,,a,
ASN00092045,20200118,TMIN,140,,,a,
ASN00092045,20200119,TMIN,152,,,a,
ASN00092045,20200120,TMIN,151,,,a,
ASN00092045,20200121,TMIN,148,,,a,
ASN00092045,20200122,TMIN,122,,,a,
ASN00092045,20200123,TMIN,131,,,a,
ASN00092045,20200124,TMIN,120,,,a,
ASN00092045,20200125,TMIN,142,,,a,
ASN00092045,20200126,TMIN,167,,,a,
ASN00092045,20200127,TMIN,124,,,a,
ASN00092045,20200128,TMIN,145,,,a,
ASN00092045,20200129,TMIN,148,,,a,
ASN00092045,20200130,TMIN,150,,,a,
ASN00092045,20200131,TMIN,141,,,a,
ASN00092045,20200101,PRCP,0,,,a,
ASN00092045,20200102,PRCP,0,,,a,
ASN00092045,20200103,PRCP,0,,,a,
ASN00092045,20200104,PRCP,0,,,a,
ASN00092045,20200105,PRCP,0,,,a,
ASN00092045,20200106,PRCP,0,,,a,
ASN00092045,20200107,PRCP,0,,,a,
ASN00092045,20200108,PRCP,8,,,a,
ASN00092045,20200109,PRCP,2,,,a,
ASN00092045,20200110,PRCP,0,,,a,
ASN00092045,20200111,PRCP,20,,,a,
ASN00092045,20200112,PRCP,2,,,a,
ASN00092045,20200113,PRCP,0,,,a,
ASN00092045,20200114,PRCP,0,,,a,
ASN00092045,20200115,PRCP,0,,,a,
ASN00092045,20200116,PRCP,6,,,a,
ASN00092045,20200117,PRCP,0,,,a,
ASN00092045,20200118,PRCP,0,,,a,
ASN00092045,20200119,PRCP,0,,,a,
ASN00092045,20200120,PRCP,0,,,a,
ASN00092045,20200121,PRCP,26,,,a,
ASN00092045,20200122,PRCP,2,,,a,
ASN00092045,20200123,PRCP,32,,,a,
ASN00092045,20200124,PRCP,58,,,a,
ASN00092045,20200125,PRCP,4,,,a,
ASN00092045,20200126,PRCP,0,,,a,
ASN00092045,20200127,PRCP,0,,,a,
ASN00092045,20200128,PRCP,0,,,a,
ASN00092045,20200129,PRCP,0,,,a,
ASN00092045,20200130,PRCP,0,,,a,
ASN00092045,20200131,PRCP,0,,,a,
ASN00092045,20200101,TAVG,176,H,,S,
ASN00092045,20200102,TAVG,180,H,,S,
ASN00092045,20200103,TAVG,178,H,,S,
ASN00092045,20200104,TAVG,193,H,,S,
ASN00092045,20200105,TAVG,158,H,,S,
ASN00092045,20200106,TAVG,160,H,,S,
ASN00092045,20200107,TAVG,175,H,,S,
ASN00092045,20200108,TAVG,187,H,,S,
ASN00092045,20200109,TAVG,187,H,,S,
ASN00092045,20200110,TAVG,158,H,,S,
ASN00092045,20200111,TAVG,172,H,,S,
ASN00092045,20200112,TAVG,176,H,,S,
ASN00092045,20200113,TAVG,185,H,,S,
ASN00092045,20200114,TAVG,182,H,,S,
ASN00092045,20200115,TAVG,191,H,,S,
ASN00092045,20200116,TAVG,149,H,,S,
ASN00092045,20200117,TAVG,157,H,,S,
ASN00092045,20200118,TAVG,169,H,,S,
ASN00092045,20200119,TAVG,175,H,,S,
ASN00092045,20200120,TAVG,154,H,,S,
ASN00092045,20200121,TAVG,157,H,,S,
ASN00092045,20200122,TAVG,177,H,,S,
ASN00092045,20200123,TAVG,149,H,,S,
ASN00092045,20200124,TAVG,171,H,,S,
ASN00092045,20200125,TAVG,188,H,,S,
ASN00092045,20200126,TAVG,169,H,,S,
ASN00092045,20200127,TAVG,164,H,,S,
ASN00092045,20200128,TAVG,186,H,,S,
ASN00092045,20200129,TAVG,191,H,,S,
ASN00092045,20200130,TAVG,216,H,,S,
ASN00092045,20200131,TAVG,219,H,,S,
ASN00092045,20200201,TMAX,245,,,a,
ASN00092045,20200202,TMAX,209,,,a,
ASN00092045,20200203,TMAX,219,,,a,
ASN00092045,20200204,TMAX,193,,,a,
ASN00092045,20200205,TMAX,212,,,a,
ASN00092045,20200206,TMAX,189,,,a,
ASN00092045,20200207,TMAX,205,,,a,
ASN00092045,20200208,TMAX,175,,,a,
ASN00092045,20200209,TMAX,196,,,a,
ASN00092045,20200210,TMAX,199,,,a,
ASN00092045,20200211,TMAX,186,,,a,
ASN00092045,20200212,TMAX,202,,,a,
ASN00092045,20200213,TMAX,181,,,a,
ASN00092045,20200214,TMAX,232,,,a,
ASN00092045,20200215,TMAX,198,,,a,
ASN00092045,20200216,TMAX,180,,,a,
ASN00092045,20200217,TMAX,198,,,a,
ASN00092045,20200218,TMAX,202,,,a,
ASN00092045,20200219,TMAX,154,,,a,
ASN00092045,20200220,TMAX,209,,,a,
ASN00092045,20200221,TMAX,210,,,a,
ASN00092045,20200222,TMAX,202,,,a,
ASN00092045,20200223,TMAX,229,,,a,
ASN00092045,20200224,TMAX,215,,,a,
ASN00092045,20200225,TMAX,254,,,a,
ASN00092045,20200226,TMAX,187,,,a,
ASN00092045,20200227,TMAX,194,,,a,
ASN00092045,20200228,TMAX,209,,,a,
ASN00092045,20200229,TMAX,220,,,a,
ASN00092045,20200201,TMIN,183,,,a,
ASN00092045,20200202,TMIN,125,,,a,
ASN00092045,20200203,TMIN,108,,,a,
ASN00092045,20200204,TMIN,70,,,a,
ASN00092045,20200205,TMIN,115,,,a,
ASN00092045,20200206,TMIN,145,,,a,
ASN00092045,20200207,TMIN,165,,,a,
ASN00092045,20200208,TMIN,146,,,a,
ASN00092045,20200209,TMIN,154,,,a,
ASN00092045,20200210,TMIN,160,,,a,
ASN00092045,20200211,TMIN,172,,,a,
ASN00092045,20200212,TMIN,164,,,a,
ASN00092045,20200213,TMIN,151,,,a,
ASN00092045,20200214,TMIN,161,,,a,
ASN00092045,20200215,TMIN,178,,,a,
ASN00092045,20200216,TMIN,145,,,a,
ASN00092045,20200217,TMIN,145,,,a,
ASN00092045,20200218,TMIN,140,,,a,
ASN00092045,20200219,TMIN,130,,,a,
ASN00092045,20200220,TMIN,80,,,a,
ASN00092045,20200221,TMIN,112,,,a,
ASN00092045,20200222,TMIN,133,,,a,
ASN00092045,20200223,TMIN,137,,,a,
ASN00092045,20200224,TMIN,157,,,a,
ASN00092045,20200225,TMIN,163,,,a,
ASN00092045,20200226,TMIN,153,,,a,
ASN00092045,20200227,TMIN,103,,,a,
ASN00092045,20200228,TMIN,104,,,a,
ASN00092045,20200229,TMIN,141,,,a,
ASN00092045,20200201,PRCP,0,,,a,
ASN00092045,20200202,PRCP,72,,,a,
ASN00092045,20200203,PRCP,16,,,a,
ASN00092045,20200204,PRCP,0,,,a,
ASN00092045,20200205,PRCP,0,,,a,
ASN00092045,20200206,PRCP,0,,,a,
ASN00092045,20200207,PRCP,0,,,a,
ASN00092045,20200208,PRCP,8,,,a,
ASN00092045,20200209,PRCP,8,,,a,
ASN00092045,20200210,PRCP,0,,,a,
ASN00092045,20200211,PRCP,246,,,a,
ASN00092045,20200212,PRCP,24,,,a,
ASN00092045,20200213,PRCP,0,,,a,
ASN00092045,20200214,PRCP,42,,,a,
ASN00092045,20200215,PRCP,0,,,a,
ASN00092045,20200216,PRCP,2,,,a,
ASN00092045,20200217,PRCP,0,,,a,
ASN00092045,20200218,PRCP,0,,,a,
ASN00092045,20200219,PRCP,464,,,a,
ASN00092045,20200220,PRCP,48,,,a,
ASN00092045,20200221,PRCP,0,,,a,
ASN00092045,20200222,PRCP,0,,,a,
ASN00092045,20200223,PRCP,0,,,a,
ASN00092045,20200224,PRCP,0,,,a,
ASN00092045,20200225,PRCP,0,,,a,
ASN00092045,20200226,PRCP,2,,,a,
ASN00092045,20200227,PRCP,36,,,a,
ASN00092045,20200228,PRCP,0,,,a,
ASN00092045,20200229,PRCP,0,,,a,
ASN00092045,20200201,TAVG,169,H,,S,
ASN00092045,20200202,TAVG,154,H,,S,
ASN00092045,20200203,TAVG,139,H,,S,
ASN00092045,20200204,TAVG,146,H,,S,
ASN00092045,20200205,TAVG,172,H,,S,
ASN00092045,20200206,TAVG,174,H,,S,
ASN00092045,20200207,TAVG,169,H,,S,
ASN00092045,20200208,TAVG,164,H,,S,
ASN00092045,20200209,TAVG,177,H,,S,
ASN00092045,20200210,TAVG,178,H,,S,
ASN00092045,20200211,TAVG,177,H,,S,
ASN00092045,20200212,TAVG,171,H,,S,
ASN00092045,20200213,TAVG,169,H,,S,
ASN00092045,20200214,TAVG,195,H,,S,
ASN00092045,20200215,TAVG,164,H,,S,
ASN00092045,20200216,TAVG,157,H,,S,
ASN00092045,20200217,TAVG,165,H,,S,
ASN00092045,20200218,TAVG,153,H,,S,
ASN00092045,20200219,TAVG,128,H,,S,
ASN00092045,20200220,TAVG,162,H,,S,
ASN00092045,20200221,TAVG,164,H,,S,
ASN00092045,20200222,TAVG,172,H,,S,
ASN00092045,20200223,TAVG,187,H,,S,
ASN00092045,20200224,TAVG,183,H,,S,
ASN00092045,20200225,TAVG,186,H,,S,
ASN00092045,20200226,TAVG,133,H,,S,
ASN00092045,20200227,TAVG,149,H,,S,
ASN00092045,20200228,TAVG,167,H,,S,
ASN00092045,20200229,TAVG,173,H,,S,
ASN00092045,20200301,TMAX,218,,,a,
ASN00092045,20200302,TMAX,207,,,a,
ASN00092045,20200303,TMAX,202,,,a,
ASN00092045,20200304,TMAX,206,,,a,
ASN00092045,20200305,TMAX,190,,,a,
ASN00092045,20200306,TMAX,217,,,a,
ASN00092045,20200307,TMAX,177,,,a,
ASN00092045,20200308,TMAX,169,,,a,
ASN00092045,20200309,TMAX,195,,,a,
ASN00092045,20200310,TMAX,192,,,a,
ASN00092045,20200311,TMAX,222,,,a,
ASN00092045,20200312,TMAX,227,,,a,
ASN00092045,20200313,TMAX,243,,,a,
ASN00092045,20200314,TMAX,182,,,a,
ASN00092045,20200315,TMAX,202,,,a,
ASN00092045,20200316,TMAX,201,,,a,
ASN00092045,20200317,TMAX,214,,,a,
ASN00092045,20200318,TMAX,226,,,a,
ASN00092045,20200319,TMAX,203,,,a,
ASN00092045,20200320,TMAX,202,,,a,
ASN00092045,20200321,TMAX,206,,,a,
ASN00092045,20200322,TMAX,194,,,a,
ASN00092045,20200323,TMAX,188,,,a,
ASN00092045,20200324,TMAX,189,,,a,
ASN00092045,20200325,TMAX,197,,,a,
ASN00092045,20200326,TMAX,186,,,a,
ASN00092045,20200327,TMAX,208,,,a,
ASN00092045,20200328,TMAX,200,,,a,
ASN00092045,20200329,TMAX,209,,,a,
ASN00092045,20200330,TMAX,201,,,a,
ASN00092045,20200331,TMAX,198,,,a,
ASN00092045,20200301,TMIN,148,,,a,
ASN00092045,20200302,TMIN,130,,,a,
ASN00092045,20200303,TMIN,95,,,a,
ASN00092045,20200304,TMIN,153,,,a,
ASN00092045,20200305,TMIN,170,,,a,
ASN00092045,20200306,TMIN,161,,,a,
ASN00092045,20200307,TMIN,140,,,a,
ASN00092045,20200308,TMIN,118,,,a,
ASN00092045,20200309,TMIN,111,,,a,
ASN00092045,20200310,TMIN,121,,,a,
ASN00092045,20200311,TMIN,109,,,a,
ASN00092045,20200312,TMIN,157,,,a,
ASN00092045,20200313,TMIN,174,,,a,
ASN00092045,20200314,TMIN,67,,,a,
ASN00092045,20200315,TMIN,107,,,a,
ASN00092045,20200316,TMIN,135,,,a,
ASN00092045,20200317,TMIN,121,,,a,
ASN00092045,20200318,TMIN,160,,,a,
ASN00092045,20200319,TMIN,157,,,a,
ASN00092045,20200320,TMIN,136,,,a,
ASN00092045,20200321,TMIN,139,,,a,
ASN00092045,20200322,TMIN,127,,,a,
ASN00092045,20200323,TMIN,112,,,a,
ASN00092045,20200324,TMIN,98,,,a,
ASN00092045,20200325,TMIN,101,,,a,
ASN00092045,20200326,TMIN,124,,,a,
ASN00092045,20200327,TMIN,120,,,a,
ASN00092045,20200328,TMIN,149,,,a,
ASN00092045,20200329,TMIN,157,,,a,
ASN00092045,20200330,TMIN,153,,,a,
ASN00092045,20200331,TMIN,94,,,a,
ASN00092045,20200301,PRCP,0,,,a,
ASN00092045,20200302,PRCP,16,,,a,
ASN00092045,20200303,PRCP,10,,,a,
ASN00092045,20200304,PRCP,0,,,a,
ASN00092045,20200305,PRCP,240,,,a,
ASN00092045,20200306,PRCP,106,,,a,
ASN00092045,20200307,PRCP,0,,,a,
ASN00092045,20200308,PRCP,2,,,a,
ASN00092045,20200309,PRCP,0,,,a,
ASN00092045,20200310,PRCP,10,,,a,
ASN00092045,20200311,PRCP,2,,,a,
ASN00092045,20200312,PRCP,0,,,a,
ASN00092045,20200313,PRCP,0,,,a,
ASN00092045,20200314,PRCP,26,,,a,
ASN00092045,20200315,PRCP,0,,,a,
ASN00092045,20200316,PRCP,0,,,a,
ASN00092045,20200317,PRCP,0,,,a,
ASN00092045,20200318,PRCP,0,,,a,
ASN00092045,20200319,PRCP,0,,,a,
ASN00092045,20200320,PRCP,80,,,a,
ASN00092045,20200321,PRCP,8,,,a,
ASN00092045,20200322,PRCP,6,,,a,
ASN00092045,20200323,PRCP,8,,,a,
ASN00092045,20200324,PRCP,0,,,a,
ASN00092045,20200325,PRCP,0,,,a,
ASN00092045,20200326,PRCP,0,,,a,
ASN00092045,20200327,PRCP,0,,,a,
ASN00092045,20200328,PRCP,0,,,a,
ASN00092045,20200329,PRCP,2,,,a,
ASN00092045,20200330,PRCP,16,,,a,
ASN00092045,20200331,PRCP,2,,,a,
ASN00092045,20200301,TAVG,171,H,,S,
ASN00092045,20200302,TAVG,142,H,,S,
ASN00092045,20200303,TAVG,170,H,,S,
ASN00092045,20200304,TAVG,184,H,,S,
ASN00092045,20200305,TAVG,178,H,,S,
ASN00092045,20200306,TAVG,166,H,,S,
ASN00092045,20200307,TAVG,142,H,,S,
ASN00092045,20200308,TAVG,140,H,,S,
ASN00092045,20200309,TAVG,144,H,,S,
ASN00092045,20200310,TAVG,151,H,,S,
ASN00092045,20200311,TAVG,188,H,,S,
ASN00092045,20200312,TAVG,189,H,,S,
ASN00092045,20200313,TAVG,142,H,,S,
ASN00092045,20200314,TAVG,141,H,,S,
ASN00092045,20200315,TAVG,163,H,,S,
ASN00092045,20200316,TAVG,160,H,,S,
ASN00092045,20200317,TAVG,179,H,,S,
ASN00092045,20200318,TAVG,183,H,,S,
ASN00092045,20200319,TAVG,171,H,,S,
ASN00092045,20200320,TAVG,164,H,,S,
ASN00092045,20200321,TAVG,153,H,,S,
ASN00092045,20200322,TAVG,146,H,,S,
ASN00092045,20200323,TAVG,134,H,,S,
ASN00092045,20200324,TAVG,139,H,,S,
ASN00092045,20200325,TAVG,154,H,,S,
ASN00092045,20200326,TAVG,152,H,,S,
ASN00092045,20200327,TAVG,174,H,,S,
ASN00092045,20200328,TAVG,179,H,,S,
ASN00092045,20200329,TAVG,173,H,,S,
ASN00092045,20200330,TAVG,150,H,,S,
ASN00092045,20200331,TAVG,156,H,,S,
ASN00092045,20200401,TMAX,217,,,a,
ASN00092045,20200402,TMAX,187,,,a,
ASN00092045,20200403,TMAX,209,,,a,
ASN00092045,20200404,TMAX,174,,,a,
ASN00092045,20200405,TMAX,160,,,a,
ASN00092045,20200406,TMAX,217,,,a,
ASN00092045,20200407,TMAX,205,,,a,
ASN00092045,20200408,TMAX,190,,,a,
ASN00092045,20200409,TMAX,207,,,a,
ASN00092045,20200410,TMAX,228,,,a,
ASN00092045,20200411,TMAX,185,,,a,
ASN00092045,20200412,TMAX,203,,,a,
ASN00092045,20200413,TMAX,202,,,a,
ASN00092045,20200414,TMAX,208,,,a,
ASN00092045,20200415,TMAX,200,,,a,
ASN00092045,20200416,TMAX,218,,,a,
ASN00092045,20200417,TMAX,183,,,a,
ASN00092045,20200418,TMAX,207,,,a,
ASN00092045,20200419,TMAX,205,,,a,
ASN00092045,20200420,TMAX,184,,,a,
ASN00092045,20200421,TMAX,185,,,a,
ASN00092045,20200422,TMAX,187,,,a,
ASN00092045,20200423,TMAX,163,,,a,
ASN00092045,20200424,TMAX,186,,,a,
ASN00092045,20200425,TMAX,187,,,a,
ASN00092045,20200426,TMAX,197,,,a,
ASN00092045,20200427,TMAX,179,,,a,
ASN00092045,20200428,TMAX,189,,,a,
ASN00092045,20200429,TMAX,211,,,a,
ASN00092045,20200430,TMAX,137,,,a,
ASN00092045,20200401,TMIN,132,,,a,
ASN00092045,20200402,TMIN,146,,,a,
ASN00092045,20200403,TMIN,149,,,a,
ASN00092045,20200404,TMIN,141,,,a,
ASN00092045,20200405,TMIN,74,,,a,
ASN00092045,20200406,TMIN,52,,,a,
ASN00092045,20200407,TMIN,91,,,a,
ASN00092045,20200408,TMIN,107,,,a,
ASN00092045,20200409,TMIN,79,,,a,
ASN00092045,20200410,TMIN,108,,,a,
ASN00092045,20200411,TMIN,109,,,a,
ASN00092045,20200412,TMIN,76,,,a,
ASN00092045,20200413,TMIN,84,,,a,
ASN00092045,20200414,TMIN,106,,,a,
ASN00092045,20200415,TMIN,140,,,a,
ASN00092045,20200416,TMIN,143,,,a,
ASN00092045,20200417,TMIN,107,,,a,
ASN00092045,20200418,TMIN,85,,,a,
ASN00092045,20200419,TMIN,51,,,a,
ASN00092045,20200420,TMIN,102,,,a,
ASN00092045,20200421,TMIN,89,,,a,
ASN00092045,20200422,TMIN,117,,,a,
ASN00092045,20200423,TMIN,88,,,a,
ASN00092045,20200424,TMIN,126,,,a,
ASN00092045,20200425,TMIN,132,,,a,
ASN00092045,20200426,TMIN,139,,,a,
ASN00092045,20200427,TMIN,86,,,a,
ASN00092045,20200428,TMIN,120,,,a,
ASN00092045,20200429,TMIN,108,,,a,
ASN00092045,20200430,TMIN,103,,,a,
ASN00092045,20200401,PRCP,0,,,a,
ASN00092045,20200402,PRCP,58,,,a,
ASN00092045,20200403,PRCP,108,,,a,
ASN00092045,20200404,PRCP,6,,,a,
ASN00092045,20200405,PRCP,116,,,a,
ASN00092045,20200406,PRCP,44,,,a,
ASN00092045,20200407,PRCP,0,,,a,
ASN00092045,20200408,PRCP,0,,,a,
ASN00092045,20200409,PRCP,0,,,a,
ASN00092045,20200410,PRCP,0,,,a,
ASN00092045,20200411,PRCP,32,,,a,
ASN00092045,20200412,PRCP,18,,,a,
ASN00092045,20200413,PRCP,0,,,a,
ASN00092045,20200414,PRCP,0,,,a,
ASN00092045,20200415,PRCP,0,,,a,
ASN00092045,20200416,PRCP,2,,,a,
ASN00092045,20200417,PRCP,2,,,a,
ASN00092045,20200418,PRCP,0,,,a,
ASN00092045,20200419,PRCP,0,,,a,
ASN00092045,20200420,PRCP,6,,,a,
ASN00092045,20200421,PRCP,30,,,a,
ASN00092045,20200422,PRCP,4,,,a,
ASN00092045,20200423,PRCP,0,,,a,
ASN00092045,20200424,PRCP,20,,,a,
ASN00092045,20200425,PRCP,0,,,a,
ASN00092045,20200426,PRCP,18,,,a,
ASN00092045,20200427,PRCP,0,,,a,
ASN00092045,20200428,PRCP,0,,,a,
ASN00092045,20200429,PRCP,14,,,a,
ASN00092045,20200430,PRCP,140,,,a,
ASN00092045,20200401,TAVG,174,H,,S,
ASN00092045,20200402,TAVG,169,H,,S,
ASN00092045,20200403,TAVG,172,H,,S,
ASN00092045,20200404,TAVG,117,H,,S,
ASN00092045,20200405,TAVG,96,H,,S,
ASN00092045,20200406,TAVG,140,H,,S,
ASN00092045,20200407,TAVG,147,H,,S,
ASN00092045,20200408,TAVG,141,H,,S,
ASN00092045,20200409,TAVG,153,H,,S,
ASN00092045,20200410,TAVG,161,H,,S,
ASN00092045,20200411,TAVG,121,H,,S,
ASN00092045,20200412,TAVG,141,H,,S,
ASN00092045,20200413,TAVG,143,H,,S,
ASN00092045,20200414,TAVG,160,H,,S,
ASN00092045,20200415,TAVG,164,H,,S,
ASN00092045,20200416,TAVG,146,H,,S,
ASN00092045,20200417,TAVG,126,H,,S,
ASN00092045,20200418,TAVG,122,H,,S,
ASN00092045,20200419,TAVG,144,H,,S,
ASN00092045,20200420,TAVG,123,H,,S,
ASN00092045,20200421,TAVG,141,H,,S,
ASN00092045,20200422,TAVG,126,H,,S,
ASN00092045,20200423,TAVG,144,H,,S,
ASN00092045,20200424,TAVG,148,H,,S,
ASN00092045,20200425,TAVG,155,H,,S,
ASN00092045,20200426,TAVG,130,H,,S,
ASN00092045,20200427,TAVG,142,H,,S,
ASN00092045,20200428,TAVG,137,H,,S,
ASN00092045,20200429,TAVG,136,H,,S,
ASN00092045,20200430,TAVG,111,H,,S,
ASN00092045,20200501,TMAX,147,,,a,
ASN00092045,20200502,TMAX,186,,,a,
ASN00092045,20200503,TMAX,170,,,a,
ASN00092045,20200504,TMAX,198,,,a,
ASN00092045,20200505,TMAX,178,,,a,
ASN00092045,20200506,TMAX,172,,,a,
ASN00092045,20200507,TMAX,196,,,a,
ASN00092045,20200508,TMAX,179,,,a,
ASN00092045,20200509,TMAX,156,,,a,
ASN00092045,20200510,TMAX,164,,,a,
ASN00092045,20200511,TMAX,172,,,a,
ASN00092045,20200512,TMAX,170,,,a,
ASN00092045,20200513,TMAX,164,,,a,
ASN00092045,20200514,TMAX,172,,,a,
ASN00092045,20200515,TMAX,175,,,a,
ASN00092045,20200516,TMAX,173,,,a,
ASN00092045,20200517,TMAX,190,,,a,
ASN00092045,20200518,TMAX,185,,,a,
ASN00092045,20200519,TMAX,182,,,a,
ASN00092045,20200520,TMAX,163,,,a,
ASN00092045,20200521,TMAX,176,,,a,
ASN00092045,20200522,TMAX,157,,,a,
ASN00092045,20200523,TMAX,150,,,a,
ASN00092045,20200524,TMAX,149,,,a,
ASN00092045,20200525,TMAX,130,,,a,
ASN00092045,20200526,TMAX,159,,,a,
ASN00092045,20200527,TMAX,186,,,a,
ASN00092045,20200528,TMAX,174,,,a,
ASN00092045,20200529,TMAX,183,,,a,
ASN00092045,20200530,TMAX,173,,,a,
ASN00092045,20200531,TMAX,168,,,a,
ASN00092045,20200501,TMIN,89,,,a,
ASN00092045,20200502,TMIN,82,,,a,
ASN00092045,20200503,TMIN,60,,,a,
ASN00092045,20200504,TMIN,71,,,a,
ASN00092045,20200505,TMIN,95,,,a,
ASN00092045,20200506,TMIN,118,,,a,
ASN00092045,20200507,TMIN,120,,,a,
ASN00092045,20200508,TMIN,134,,,a,
ASN00092045,20200509,TMIN,121,,,a,
ASN00092045,20200510,TMIN,51,,,a,
ASN00092045,20200511,TMIN,75,,,a,
ASN00092045,20200512,TMIN,118,,,a,
ASN00092045,20200513,TMIN,71,,,a,
ASN00092045,20200514,TMIN,47,,,a,
ASN00092045,20200515,TMIN,95,,,a,
ASN00092045,20200516,TMIN,102,,,a,
ASN00092045,20200517,TMIN,87,,,a,
ASN00092045,20200518,TMIN,85,,,a,
ASN00092045,20200519,TMIN,99,,,a,
ASN00092045,20200520,TMIN,120,,,a,
ASN00092045,20200521,TMIN,86,,,a,
ASN00092045,20200522,TMIN,57,,,a,
ASN00092045,20200523,TMIN,87,,,a,
ASN00092045,20200524,TMIN,102,,,a,
ASN00092045,20200525,TMIN,98,,,a,
ASN00092045,20200526,TMIN,107,,,a,
ASN00092045,20200527,TMIN,115,,,a,
ASN00092045,20200528,TMIN,110,,,a,
ASN00092045,20200529,TMIN,103,,,a,
ASN00092045,20200530,TMIN,112,,,a,
ASN00092045,20200531,TMIN,116,,,a,
ASN00092045,20200501,PRCP,46,,,a,
ASN00092045,20200502,PRCP,4,,,a,
ASN00092045,20200503,PRCP,0,,,a,
ASN00092045,20200504,PRCP,0,,,a,
ASN00092045,20200505,PRCP,0,,,a,
ASN00092045,20200506,PRCP,0,,,a,
ASN00092045,20200507,PRCP,0,,,a,
ASN00092045,20200508,PRCP,0,,,a,
ASN00092045,20200509,PRCP,14,,,a,
ASN00092045,20200510,PRCP,16,,,a,
ASN00092045,20200511,PRCP,0,,,a,
ASN00092045,20200512,PRCP,0,,,a,
ASN00092045,20200513,PRCP,14,,,a,
ASN00092045,20200514,PRCP,0,,,a,
ASN00092045,20200515,PRCP,0,,,a,
ASN00092045,20200516,PRCP,0,,,a,
ASN00092045,20200517,PRCP,0,,,a,
ASN00092045,20200518,PRCP,0,,,a,
ASN00092045,20200519,PRCP,2,,,a,
ASN00092045,20200520,PRCP,14,,,a,
ASN00092045,20200521,PRCP,10,,,a,
ASN00092045,20200522,PRCP,0,,,a,
ASN00092045,20200523,PRCP,0,,,a,
ASN00092045,20200524,PRCP,0,,,a,
ASN00092045,20200525,PRCP,0,,,a,
ASN00092045,20200526,PRCP,0,,,a,
ASN00092045,20200527,PRCP,0,,,a,
ASN00092045,20200528,PRCP,0,,,a,
ASN00092045,20200529,PRCP,2,,,a,
ASN00092045,20200530,PRCP,0,,,a,
ASN00092045,20200531,PRCP,4,,,a,
ASN00092045,20200501,TAVG,106,H,,S,
ASN00092045,20200502,TAVG,116,H,,S,
ASN00092045,20200503,TAVG,106,H,,S,
ASN00092045,20200504,TAVG,132,H,,S,
ASN00092045,20200505,TAVG,136,H,,S,
ASN00092045,20200506,TAVG,136,H,,S,
ASN00092045,20200507,TAVG,159,H,,S,
ASN00092045,20200508,TAVG,146,H,,S,
ASN00092045,20200509,TAVG,97,H,,S,
ASN00092045,20200510,TAVG,108,H,,S,
ASN00092045,20200511,TAVG,134,H,,S,
ASN00092045,20200512,TAVG,121,H,,S,
ASN00092045,20200513,TAVG,92,H,,S,
ASN00092045,20200514,TAVG,119,H,,S,
ASN00092045,20200515,TAVG,127,H,,S,
ASN00092045,20200516,TAVG,118,H,,S,
ASN00092045,20200517,TAVG,129,H,,S,
ASN00092045,20200518,TAVG,128,H,,S,
ASN00092045,20200519,TAVG,149,H,,S,
ASN00092045,20200520,TAVG,123,H,,S,
ASN00092045,20200521,TAVG,102,H,,S,
ASN00092045,20200522,TAVG,117,H,,S,
ASN00092045,20200523,TAVG,124,H,,S,
ASN00092045,20200524,TAVG,116,H,,S,
ASN00092045,20200525,TAVG,117,H,,S,
ASN00092045,20200526,TAVG,136,H,,S,
ASN00092045,20200527,TAVG,139,H,,S,
ASN00092045,20200528,TAVG,126,H,,S,
ASN00092045,20200529,TAVG,138,H,,S,
ASN00092045,20200530,TAVG,144,H,,S,
ASN00092045,20200531,TAVG,117,H,,S,
ASN00092045,20200601,TMAX,167,,,a,
ASN00092045,20200602,TMAX,156,,,a,
ASN00092045,20200603,TMAX,153,,,a,
ASN00092045,20200604,TMAX,145,,,a,
ASN00092045,20200605,TMAX,142,,,a,
ASN00092045,20200606,TMAX,145,,,a,
ASN00092045,20200607,TMAX,152,,,a,
ASN00092045,20200608,TMAX,141,,,a,
ASN00092045,20200609,TMAX,144,,,a,
ASN00092045,20200610,TMAX,152,,,a,
ASN00092045,20200611,TMAX,141,,,a,
ASN00092045,20200612,TMAX,136,,,a,
ASN00092045,20200613,TMAX,177,,,a,
ASN00092045,20200614,TMAX,142,,,a,
ASN00092045,20200615,TMAX,155,,,a,
ASN00092045,20200601,TMIN,93,,,a,
ASN00092045,20200602,TMIN,68,,,a,
ASN00092045,20200603,TMIN,82,,,a,
ASN00092045,20200604,TMIN,36,,,a,
ASN00092045,20200605,TMIN,75,,,a,
ASN00092045,20200606,TMIN,85,,,a,
ASN00092045,20200607,TMIN,34,,,a,
ASN00092045,20200608,TMIN,37,,,a,
ASN00092045,20200609,TMIN,49,,,a,
ASN00092045,20200610,TMIN,78,,,a,
ASN00092045,20200611,TMIN,97,,,a,
ASN00092045,20200612,TMIN,95,,,a,
ASN00092045,20200613,TMIN,99,,,a,
ASN00092045,20200614,TMIN,113,,,a,
ASN00092045,20200615,TMIN,110,,,a,
ASN00092045,20200616,TMIN,118,,,a,
ASN00092045,20200601,PRCP,54,,,a,
ASN00092045,20200602,PRCP,0,,,a,
ASN00092045,20200603,PRCP,2,,,a,
ASN00092045,20200604,PRCP,0,,,a,
ASN00092045,20200605,PRCP,0,,,a,
ASN00092045,20200606,PRCP,0,,,a,
ASN00092045,20200607,PRCP,0,,,a,
ASN00092045,20200608,PRCP,0,,,a,
ASN00092045,20200609,PRCP,0,,,a,
ASN00092045,20200610,PRCP,0,,,a,
ASN00092045,20200611,PRCP,0,,,a,
ASN00092045,20200612,PRCP,10,,,a,
ASN00092045,20200613,PRCP,44,,,a,
ASN00092045,20200614,PRCP,22,,,a,
ASN00092045,20200615,PRCP,32,,,a,
ASN00092045,20200616,PRCP,64,,,a,
ASN00092045,20200617,PRCP,10,,,a,
ASN00092045,20200618,PRCP,0,,,a,
ASN00092045,20200619,PRCP,2,,,a,
ASN00092045,20200620,PRCP,2,,,a,
ASN00092045,20200621,PRCP,228,,,a,
ASN00092045,20200622,PRCP,14,,,a,
ASN00092045,20200623,PRCP,0,,,a,
ASN00092045,20200624,PRCP,262,,,a,
ASN00092045,20200625,PRCP,124,,,a,
ASN00092045,20200626,PRCP,6,,,a,
ASN00092045,20200627,PRCP,0,,,a,
ASN00092045,20200628,PRCP,0,,,a,
ASN00092045,20200629,PRCP,0,,,a,
ASN00092045,20200630,PRCP,0,,,a,
ASN00092045,20200601,TAVG,104,H,,S,
ASN00092045,20200602,TAVG,112,H,,S,
ASN00092045,20200603,TAVG,86,H,,S,
ASN00092045,20200604,TAVG,103,H,,S,
ASN00092045,20200605,TAVG,108,H,,S,
ASN00092045,20200606,TAVG,83,H,,S,
ASN00092045,20200607,TAVG,82,H,,S,
ASN00092045,20200608,TAVG,83,H,,S,
ASN00092045,20200609,TAVG,97,H,,S,
ASN00092045,20200610,TAVG,118,H,,S,
ASN00092045,20200611,TAVG,113,H,,S,
ASN00092045,20200612,TAVG,123,H,,S,
ASN00092045,20200613,TAVG,135,H,,S,
ASN00092045,20200614,TAVG,128,H,,S,
ASN00092045,20200615,TAVG,129,H,,S,
ASN00092045,20200710,TMAX,148,,,a,
ASN00092045,20200711,TMAX,160,,,a,
ASN00092045,20200712,TMAX,139,,,a,
ASN00092045,20200713,TMAX,133,,,a,
ASN00092045,20200714,TMAX,123,,,a,
ASN00092045,20200715,TMAX,136,,,a,
ASN00092045,20200716,TMAX,127,,,a,
ASN00092045,20200717,TMAX,139,,,a,
ASN00092045,20200718,TMAX,133,,,a,
ASN00092045,20200719,TMAX,148,,,a,
ASN00092045,20200720,TMAX,146,,,a,
ASN00092045,20200721,TMAX,161,,,a,
ASN00092045,20200722,TMAX,141,,,a,
ASN00092045,20200723,TMAX,149,,,a,
ASN00092045,20200724,TMAX,128,,,a,
ASN00092045,20200725,TMAX,138,,,a,
ASN00092045,20200726,TMAX,143,,,a,
ASN00092045,20200727,TMAX,129,,,a,
ASN00092045,20200728,TMAX,138,,,a,
ASN00092045,20200729,TMAX,147,,,a,
ASN00092045,20200730,TMAX,150,,,a,
ASN00092045,20200731,TMAX,143,,,a,
ASN00092045,20200710,TMIN,74,,,a,
ASN00092045,20200711,TMIN,86,,,a,
ASN00092045,20200712,TMIN,80,,,a,
ASN00092045,20200713,TMIN,101,,,a,
ASN00092045,20200714,TMIN,98,,,a,
ASN00092045,20200715,TMIN,94,,,a,
ASN00092045,20200716,TMIN,90,,,a,
ASN00092045,20200717,TMIN,71,,,a,
ASN00092045,20200718,TMIN,66,,,a,
ASN00092045,20200719,TMIN,92,,,a,
ASN00092045,20200720,TMIN,59,,,a,
ASN00092045,20200721,TMIN,50,,,a,
ASN00092045,20200722,TMIN,34,,,a,
ASN00092045,20200723,TMIN,45,,,a,
ASN00092045,20200724,TMIN,57,,,a,
ASN00092045,20200725,TMIN,64,,,a,
ASN00092045,20200726,TMIN,60,,,a,
ASN00092045,20200727,TMIN,91,,,a,
ASN00092045,20200728,TMIN,107,,,a,
ASN00092045,20200729,TMIN,71,,,a,
ASN00092045,20200730,TMIN,60,,,a,
ASN00092045,20200731,TMIN,53,,,a,
ASN00092045,20200701,PRCP,2,,,a,
ASN00092045,20200702,PRCP,20,,,a,
ASN00092045,20200703,PRCP,30,,,a,
ASN00092045,20200704,PRCP,0,,,a,
ASN00092045,20200705,PRCP,0,,,a,
ASN00092045,20200706,PRCP,0,,,a,
ASN00092045,20200707,PRCP,0,,,a,
ASN00092045,20200708,PRCP,0,,,a,
ASN00092045,20200709,PRCP,0,,,a,
ASN00092045,20200711,PRCP,0,,,a,
ASN00092045,20200712,PRCP,0,,,a,
ASN00092045,20200713,PRCP,4,,,a,
ASN00092045,20200714,PRCP,10,,,a,
ASN00092045,20200715,PRCP,18,,,a,
ASN00092045,20200716,PRCP,26,,,a,
ASN00092045,20200717,PRCP,16,,,a,
ASN00092045,20200718,PRCP,0,,,a,
ASN00092045,20200719,PRCP,0,,,a,
ASN00092045,20200720,PRCP,14,,,a,
ASN00092045,20200721,PRCP,2,,,a,
ASN00092045,20200722,PRCP,0,,,a,
ASN00092045,20200723,PRCP,2,,,a,
ASN00092045,20200724,PRCP,0,,,a,
ASN00092045,20200725,PRCP,0,,,a,
ASN00092045,20200726,PRCP,0,,,a,
ASN00092045,20200727,PRCP,34,,,a,
ASN00092045,20200728,PRCP,2,,,a,
ASN00092045,20200729,PRCP,0,,,a,
ASN00092045,20200730,PRCP,0,,,a,
ASN00092045,20200731,PRCP,0,,,a,
ASN00092045,20200709,TAVG,92,H,,S,
ASN00092045,20200710,TAVG,108,H,,S,
ASN00092045,20200711,TAVG,115,H,,S,
ASN00092045,20200712,TAVG,114,H,,S,
ASN00092045,20200713,TAVG,113,H,,S,
ASN00092045,20200714,TAVG,112,H,,S,
ASN00092045,20200715,TAVG,106,H,,S,
ASN00092045,20200716,TAVG,101,H,,S,
ASN00092045,20200717,TAVG,100,H,,S,
ASN00092045,20200718,TAVG,112,H,,S,
ASN00092045,20200719,TAVG,98,H,,S,
ASN00092045,20200720,TAVG,88,H,,S,
ASN00092045,20200721,TAVG,97,H,,S,
ASN00092045,20200722,TAVG,91,H,,S,
ASN00092045,20200723,TAVG,89,H,,S,
ASN00092045,20200724,TAVG,94,H,,S,
ASN00092045,20200725,TAVG,91,H,,S,
ASN00092045,20200726,TAVG,119,H,,S,
ASN00092045,20200727,TAVG,118,H,,S,
ASN00092045,20200728,TAVG,111,H,,S,
ASN00092045,20200729,TAVG,103,H,,S,
ASN00092045,20200730,TAVG,96,H,,S,
ASN00092045,20200731,TAVG,111,H,,S,
ASN00092045,20200801,TMAX,151,,,a,
ASN00092045,20200802,TMAX,147,,,a,
ASN00092045,20200803,TMAX,117,,,a,
ASN00092045,20200804,TMAX,99,,,a,
ASN00092045,20200805,TMAX,118,,,a,
ASN00092045,20200806,TMAX,147,,,a,
ASN00092045,20200807,TMAX,118,,,a,
ASN00092045,20200808,TMAX,135,,,a,
ASN00092045,20200809,TMAX,146,,,a,
ASN00092045,20200810,TMAX,140,,,a,
ASN00092045,20200811,TMAX,150,,,a,
ASN00092045,20200812,TMAX,150,,,a,
ASN00092045,20200813,TMAX,154,,,a,
ASN00092045,20200814,TMAX,159,,,a,
ASN00092045,20200815,TMAX,162,,,a,
ASN00092045,20200816,TMAX,143,,,a,
ASN00092045,20200817,TMAX,157,,,a,
ASN00092045,20200818,TMAX,142,,,a,
ASN00092045,20200819,TMAX,127,,,a,
ASN00092045,20200820,TMAX,149,,,a,
ASN00092045,20200821,TMAX,107,,,a,
ASN00092045,20200822,TMAX,134,,,a,
ASN00092045,20200823,TMAX,154,,,a,
ASN00092045,20200824,TMAX,131,,,a,
ASN00092045,20200825,TMAX,149,,,a,
ASN00092045,20200826,TMAX,156,,,a,
ASN00092045,20200827,TMAX,142,,,a,
ASN00092045,20200828,TMAX,173,,,a,
ASN00092045,20200829,TMAX,162,,,a,
ASN00092045,20200830,TMAX,188,,,a,
ASN00092045,20200831,TMAX,149,,,a,
ASN00092045,20200801,TMIN,94,,,a,
ASN00092045,20200802,TMIN,106,,,a,
ASN00092045,20200803,TMIN,84,,,a,
ASN00092045,20200804,TMIN,34,,,a,
ASN00092045,20200805,TMIN,29,,,a,
ASN00092045,20200806,TMIN,63,,,a,
ASN00092045,20200807,TMIN,53,,,a,
ASN00092045,20200808,TMIN,88,,,a,
ASN00092045,20200809,TMIN,102,,,a,
ASN00092045,20200810,TMIN,45,,,a,
ASN00092045,20200811,TMIN,56,,,a,
ASN00092045,20200812,TMIN,82,,,a,
ASN00092045,20200813,TMIN,81,,,a,
ASN00092045,20200814,TMIN,113,,,a,
ASN00092045,20200815,TMIN,127,,,a,
ASN00092045,20200816,TMIN,122,,,a,
ASN00092045,20200817,TMIN,115,,,a,
ASN00092045,20200818,TMIN,90,,,a,
ASN00092045,20200819,TMIN,84,,,a,
ASN00092045,20200820,TMIN,66,,,a,
ASN00092045,20200821,TMIN,44,,,a,
ASN00092045,20200822,TMIN,34,,,a,
ASN00092045,20200823,TMIN,48,,,a,
ASN00092045,20200824,TMIN,48,,,a,
ASN00092045,20200825,TMIN,54,,,a,
ASN00092045,20200826,TMIN,56,,,a,
ASN00092045,20200827,TMIN,73,,,a,
ASN00092045,20200828,TMIN,52,,,a,
ASN00092045,20200829,TMIN,105,,,a,
ASN00092045,20200830,TMIN,87,,,a,
ASN00092045,20200831,TMIN,61,,,a,
ASN00092045,20200801,PRCP,0,,,a,
ASN00092045,20200802,PRCP,0,,,a,
ASN00092045,20200803,PRCP,4,,,a,
ASN00092045,20200804,PRCP,16,,,a,
ASN00092045,20200805,PRCP,26,,,a,
ASN00092045,20200806,PRCP,0,,,a,
ASN00092045,20200807,PRCP,0,,,a,
ASN00092045,20200808,PRCP,2,,,a,
ASN00092045,20200809,PRCP,0,,,a,
ASN00092045,20200810,PRCP,0,,,a,
ASN00092045,20200811,PRCP,0,,,a,
ASN00092045,20200812,PRCP,0,,,a,
ASN00092045,20200813,PRCP,0,,,a,
ASN00092045,20200814,PRCP,0,,,a,
ASN00092045,20200815,PRCP,20,,,a,
ASN00092045,20200816,PRCP,80,,,a,
ASN00092045,20200817,PRCP,86,,,a,
ASN00092045,20200818,PRCP,18,,,a,
ASN00092045,20200819,PRCP,16,,,a,
ASN00092045,20200820,PRCP,16,,,a,
ASN00092045,20200821,PRCP,6,,,a,
ASN00092045,20200822,PRCP,68,,,a,
ASN00092045,20200823,PRCP,18,,,a,
ASN00092045,20200824,PRCP,0,,,a,
ASN00092045,20200825,PRCP,0,,,a,
ASN00092045,20200826,PRCP,0,,,a,
ASN00092045,20200827,PRCP,0,,,a,
ASN00092045,20200828,PRCP,10,,,a,
ASN00092045,20200829,PRCP,0,,,a,
ASN00092045,20200830,PRCP,0,,,a,
ASN00092045,20200831,PRCP,14,,,a,
ASN00092045,20200801,TAVG,121,H,,S,
ASN00092045,20200802,TAVG,108,H,,S,
ASN00092045,20200803,TAVG,76,H,,S,
ASN00092045,20200804,TAVG,61,H,,S,
ASN00092045,20200805,TAVG,85,H,,S,
ASN00092045,20200806,TAVG,94,H,,S,
ASN00092045,20200807,TAVG,106,H,,S,
ASN00092045,20200808,TAVG,111,H,,S,
ASN00092045,20200809,TAVG,92,H,,S,
ASN00092045,20200810,TAVG,88,H,,S,
ASN00092045,20200811,TAVG,103,H,,S,
ASN00092045,20200812,TAVG,110,H,,S,
ASN00092045,20200813,TAVG,136,H,,S,
ASN00092045,20200814,TAVG,139,H,,S,
ASN00092045,20200815,TAVG,134,H,,S,
ASN00092045,20200816,TAVG,123,H,,S,
ASN00092045,20200817,TAVG,114,H,,S,
ASN00092045,20200818,TAVG,106,H,,S,
ASN00092045,20200819,TAVG,90,H,,S,
ASN00092045,20200820,TAVG,90,H,,S,
ASN00092045,20200821,TAVG,65,H,,S,
ASN00092045,20200822,TAVG,91,H,,S,
ASN00092045,20200823,TAVG,93,H,,S,
ASN00092045,20200824,TAVG,94,H,,S,
ASN00092045,20200825,TAVG,92,H,,S,
ASN00092045,20200826,TAVG,103,H,,S,
ASN00092045,20200827,TAVG,96,H,,S,
ASN00092045,20200828,TAVG,122,H,,S,
ASN00092045,20200829,TAVG,115,H,,S,
ASN00092045,20200830,TAVG,119,H,,S,
ASN00092045,20200831,TAVG,93,H,,S,
ASN00092045,20200901,TMAX,127,,,a,
ASN00092045,20200902,TMAX,155,,,a,
ASN00092045,20200903,TMAX,162,,,a,
ASN00092045,20200904,TMAX,152,,,a,
ASN00092045,20200905,TMAX,177,,,a,
ASN00092045,20200906,TMAX,158,,,a,
ASN00092045,20200907,TMAX,197,,,a,
ASN00092045,20200908,TMAX,192,,,a,
ASN00092045,20200909,TMAX,160,,,a,
ASN00092045,20200910,TMAX,166,,,a,
ASN00092045,20200911,TMAX,190,,,a,
ASN00092045,20200912,TMAX,118,,,a,
ASN00092045,20200913,TMAX,139,,,a,
ASN00092045,20200914,TMAX,161,,,a,
ASN00092045,20200915,TMAX,160,,,a,
ASN00092045,20200916,TMAX,154,,,a,
ASN00092045,20200917,TMAX,126,,,a,
ASN00092045,20200918,TMAX,157,,,a,
ASN00092045,20200919,TMAX,150,,,a,
ASN00092045,20200920,TMAX,168,,,a,
ASN00092045,20200921,TMAX,164,,,a,
ASN00092045,20200922,TMAX,155,,,a,
ASN00092045,20200923,TMAX,169,,,a,
ASN00092045,20200924,TMAX,153,,,a,
ASN00092045,20200925,TMAX,140,,,a,
ASN00092045,20200926,TMAX,167,,,a,
ASN00092045,20200927,TMAX,148,,,a,
ASN00092045,20200928,TMAX,161,,,a,
ASN00092045,20200929,TMAX,164,,,a,
ASN00092045,20200930,TMAX,177,,,a,
ASN00092045,20200901,TMIN,41,,,a,
ASN00092045,20200902,TMIN,65,,,a,
ASN00092045,20200903,TMIN,96,,,a,
ASN00092045,20200904,TMIN,90,,,a,
ASN00092045,20200905,TMIN,89,,,a,
ASN00092045,20200906,TMIN,74,,,a,
ASN00092045,20200907,TMIN,107,,,a,
ASN00092045,20200908,TMIN,104,,,a,
ASN00092045,20200909,TMIN,67,,,a,
ASN00092045,20200910,TMIN,99,,,a,
ASN00092045,20200911,TMIN,88,,,a,
ASN00092045,20200912,TMIN,99,,,a,
ASN00092045,20200913,TMIN,92,,,a,
ASN00092045,20200914,TMIN,94,,,a,
ASN00092045,20200915,TMIN,98,,,a,
ASN00092045,20200916,TMIN,100,,,a,
ASN00092045,20200917,TMIN,97,,,a,
ASN00092045,20200918,TMIN,73,,,a,
ASN00092045,20200919,TMIN,113,,,a,
ASN00092045,20200920,TMIN,132,,,a,
ASN00092045,20200921,TMIN,115,,,a,
ASN00092045,20200922,TMIN,91,,,a,
ASN00092045,20200923,TMIN,94,,,a,
ASN00092045,20200924,TMIN,72,,,a,
ASN00092045,20200925,TMIN,64,,,a,
ASN00092045,20200926,TMIN,71,,,a,
ASN00092045,20200927,TMIN,30,,,a,
ASN00092045,20200928,TMIN,51,,,a,
ASN00092045,20200929,TMIN,100,,,a,
ASN00092045,20200930,TMIN,120,,,a,
ASN00092045,20200901,PRCP,8,,,a,
ASN00092045,20200902,PRCP,0,,,a,
ASN00092045,20200903,PRCP,64,,,a,
ASN00092045,20200904,PRCP,2,,,a,
ASN00092045,20200905,PRCP,4,,,a,
ASN00092045,20200906,PRCP,2,,,a,
ASN00092045,20200907,PRCP,0,,,a,
ASN00092045,20200908,PRCP,0,,,a,
ASN00092045,20200909,PRCP,14,,,a,
ASN00092045,20200910,PRCP,0,,,a,
ASN00092045,20200911,PRCP,0,,,a,
ASN00092045,20200912,PRCP,110,,,a,
ASN00092045,20200913,PRCP,244,,,a,
ASN00092045,20200914,PRCP,0,,,a,
ASN00092045,20200915,PRCP,0,,,a,
ASN00092045,20200916,PRCP,0,,,a,
ASN00092045,20200917,PRCP,0,,,a,
ASN00092045,20200918,PRCP,0,,,a,
ASN00092045,20200919,PRCP,0,,,a,
ASN00092045,20200920,PRCP,0,,,a,
ASN00092045,20200921,PRCP,2,,,a,
ASN00092045,20200922,PRCP,10,,,a,
ASN00092045,20200923,PRCP,18,,,a,
ASN00092045,20200924,PRCP,16,,,a,
ASN00092045,20200925,PRCP,0,,,a,
ASN00092045,20200926,PRCP,74,,,a,
ASN00092045,20200927,PRCP,4,,,a,
ASN00092045,20200928,PRCP,0,,,a,
ASN00092045,20200929,PRCP,0,,,a,
ASN00092045,20200930,PRCP,0,,,a,
ASN00092045,20200901,TAVG,94,H,,S,
ASN00092045,20200902,TAVG,126,H,,S,
ASN00092045,20200903,TAVG,119,H,,S,
ASN00092045,20200904,TAVG,117,H,,S,
ASN00092045,20200905,TAVG,113,H,,S,
ASN00092045,20200906,TAVG,128,H,,S,
ASN00092045,20200907,TAVG,137,H,,S,
ASN00092045,20200908,TAVG,112,H,,S,
ASN00092045,20200909,TAVG,121,H,,S,
ASN00092045,20200910,TAVG,125,H,,S,
ASN00092045,20200911,TAVG,131,H,,S,
ASN00092045,20200912,TAVG,101,H,,S,
ASN00092045,20200913,TAVG,115,H,,S,
ASN00092045,20200914,TAVG,119,H,,S,
ASN00092045,20200915,TAVG,120,H,,S,
ASN00092045,20200916,TAVG,117,H,,S,
ASN00092045,20200917,TAVG,100,H,,S,
ASN00092045,20200918,TAVG,127,H,,S,
ASN00092045,20200919,TAVG,140,H,,S,
ASN00092045,20200920,TAVG,138,H,,S,
ASN00092045,20200921,TAVG,121,H,,S,
ASN00092045,20200922,TAVG,121,H,,S,
ASN00092045,20200923,TAVG,117,H,,S,
ASN00092045,20200924,TAVG,103,H,,S,
ASN00092045,20200925,TAVG,93,H,,S,
ASN00092045,20200926,TAVG,88,H,,S,
ASN00092045,20200927,TAVG,99,H,,S,
ASN00092045,20200928,TAVG,120,H,,S,
ASN00092045,20200929,TAVG,132,H,,S,
ASN00092045,20200930,TAVG,121,H,,S,
ASN00092045,20201001,TMAX,167,,,a,
ASN00092045,20201002,TMAX,214,,,a,
ASN00092045,20201003,TMAX,239,,,a,
ASN00092045,20201004,TMAX,176,,,a,
ASN00092045,20201005,TMAX,124,,,a,
ASN00092045,20201006,TMAX,155,,,a,
ASN00092045,20201007,TMAX,170,,,a,
ASN00092045,20201008,TMAX,145,,,a,
ASN00092045,20201009,TMAX,172,,,a,
ASN00092045,20201010,TMAX,176,,,a,
ASN00092045,20201011,TMAX,159,,,a,
ASN00092045,20201012,TMAX,166,,,a,
ASN00092045,20201013,TMAX,144,,,a,
ASN00092045,20201014,TMAX,168,,,a,
ASN00092045,20201015,TMAX,195,,,a,
ASN00092045,20201016,TMAX,147,,,a,
ASN00092045,20201017,TMAX,130,,,a,
ASN00092045,20201018,TMAX,157,,,a,
ASN00092045,20201019,TMAX,170,,,a,
ASN00092045,20201020,TMAX,161,,,a,
ASN00092045,20201021,TMAX,185,,,a,
ASN00092045,20201022,TMAX,181,,,a,
ASN00092045,20201023,TMAX,150,,,a,
ASN00092045,20201024,TMAX,166,,,a,
ASN00092045,20201025,TMAX,130,,,a,
ASN00092045,20201026,TMAX,148,,,a,
ASN00092045,20201027,TMAX,144,,,a,
ASN00092045,20201028,TMAX,178,,,a,
ASN00092045,20201029,TMAX,181,,,a,
ASN00092045,20201030,TMAX,187,,,a,
ASN00092045,20201031,TMAX,214,,,a,
ASN00092045,20201001,TMIN,87,,,a,
ASN00092045,20201002,TMIN,108,,,a,
ASN00092045,20201003,TMIN,119,,,a,
ASN00092045,20201004,TMIN,133,,,a,
ASN00092045,20201005,TMIN,93,,,a,
ASN00092045,20201006,TMIN,85,,,a,
ASN00092045,20201007,TMIN,75,,,a,
ASN00092045,20201008,TMIN,108,,,a,
ASN00092045,20201009,TMIN,114,,,a,
ASN00092045,20201010,TMIN,112,,,a,
ASN00092045,20201011,TMIN,75,,,a,
ASN00092045,20201012,TMIN,85,,,a,
ASN00092045,20201013,TMIN,103,,,a,
ASN00092045,20201014,TMIN,107,,,a,
ASN00092045,20201015,TMIN,131,,,a,
ASN00092045,20201016,TMIN,79,,,a,
ASN00092045,20201017,TMIN,106,,,a,
ASN00092045,20201018,TMIN,98,,,a,
ASN00092045,20201019,TMIN,74,,,a,
ASN00092045,20201020,TMIN,85,,,a,
ASN00092045,20201021,TMIN,96,,,a,
ASN00092045,20201022,TMIN,107,,,a,
ASN00092045,20201023,TMIN,106,,,a,
ASN00092045,20201024,TMIN,126,,,a,
ASN00092045,20201025,TMIN,75,,,a,
ASN00092045,20201026,TMIN,93,,,a,
ASN00092045,20201027,TMIN,111,,,a,
ASN00092045,20201028,TMIN,111,,,a,
ASN00092045,20201029,TMIN,90,,,a,
ASN00092045,20201030,TMIN,87,,,a,
ASN00092045,20201031,TMIN,118,,,a,
ASN00092045,20201001,PRCP,76,,,a,
ASN00092045,20201002,PRCP,0,,,a,
ASN00092045,20201003,PRCP,0,,,a,
ASN00092045,20201004,PRCP,4,,,a,
ASN00092045,20201005,PRCP,22,,,a,
ASN00092045,20201006,PRCP,22,,,a,
ASN00092045,20201007,PRCP,0,,,a,
ASN00092045,20201008,PRCP,218,,,a,
ASN00092045,20201009,PRCP,276,,,a,
ASN00092045,20201010,PRCP,14,,,a,
ASN00092045,20201011,PRCP,4,,,a,
ASN00092045,20201012,PRCP,0,,,a,
ASN00092045,20201013,PRCP,0,,,a,
ASN00092045,20201014,PRCP,0,,,a,
ASN00092045,20201015,PRCP,0,,,a,
ASN00092045,20201016,PRCP,14,,,a,
ASN00092045,20201017,PRCP,28,,,a,
ASN00092045,20201018,PRCP,102,,,a,
ASN00092045,20201019,PRCP,2,,,a,
ASN00092045,20201020,PRCP,2,,,a,
ASN00092045,20201021,PRCP,0,,,a,
ASN00092045,20201022,PRCP,0,,,a,
ASN00092045,20201023,PRCP,0,,,a,
ASN00092045,20201024,PRCP,72,,,a,
ASN00092045,20201025,PRCP,96,,,a,
ASN00092045,20201026,PRCP,4,,,a,
ASN00092045,20201027,PRCP,0,,,a,
ASN00092045,20201028,PRCP,2,,,a,
ASN00092045,20201029,PRCP,4,,,a,
ASN00092045,20201030,PRCP,0,,,a,
ASN00092045,20201031,PRCP,0,,,a,
ASN00092045,20201001,TAVG,131,H,,S,
ASN00092045,20201002,TAVG,159,H,,S,
ASN00092045,20201003,TAVG,174,H,,S,
ASN00092045,20201004,TAVG,127,H,,S,
ASN00092045,20201005,TAVG,102,H,,S,
ASN00092045,20201006,TAVG,114,H,,S,
ASN00092045,20201007,TAVG,130,H,,S,
ASN00092045,20201008,TAVG,128,H,,S,
ASN00092045,20201009,TAVG,129,H,,S,
ASN00092045,20201010,TAVG,124,H,,S,
ASN00092045,20201011,TAVG,122,H,,S,
ASN00092045,20201012,TAVG,126,H,,S,
ASN00092045,20201013,TAVG,122,H,,S,
ASN00092045,20201014,TAVG,141,H,,S,
ASN00092045,20201015,TAVG,120,H,,S,
ASN00092045,20201016,TAVG,121,H,,S,
ASN00092045,20201017,TAVG,115,H,,S,
ASN00092045,20201018,TAVG,107,H,,S,
ASN00092045,20201019,TAVG,119,H,,S,
ASN00092045,20201020,TAVG,122,H,,S,
ASN00092045,20201021,TAVG,138,H,,S,
ASN00092045,20201022,TAVG,134,H,,S,
ASN00092045,20201023,TAVG,136,H,,S,
ASN00092045,20201024,TAVG,109,H,,S,
ASN00092045,20201025,TAVG,111,H,,S,
ASN00092045,20201026,TAVG,123,H,,S,
ASN00092045,20201027,TAVG,126,H,,S,
ASN00092045,20201028,TAVG,131,H,,S,
ASN00092045,20201029,TAVG,132,H,,S,
ASN00092045,20201030,TAVG,143,H,,S,
ASN00092045,20201031,TAVG,149,H,,S,
ASN00092045,20201101,TMAX,181,,,a,
ASN00092045,20201102,TMAX,189,,,a,
ASN00092045,20201103,TMAX,196,,,a,
ASN00092045,20201104,TMAX,221,,,a,
ASN00092045,20201105,TMAX,166,,,a,
ASN00092045,20201106,TMAX,190,,,a,
ASN00092045,20201107,TMAX,169,,,a,
ASN00092045,20201108,TMAX,171,,,a,
ASN00092045,20201109,TMAX,179,,,a,
ASN00092045,20201110,TMAX,203,,,a,
ASN00092045,20201111,TMAX,204,,,a,
ASN00092045,20201112,TMAX,210,,,a,
ASN00092045,20201113,TMAX,193,,,a,
ASN00092045,20201114,TMAX,193,,,a,
ASN00092045,20201115,TMAX,205,,,a,
ASN00092045,20201116,TMAX,242,,,a,
ASN00092045,20201117,TMAX,205,,,a,
ASN00092045,20201118,TMAX,209,,,a,
ASN00092045,20201119,TMAX,195,,,a,
ASN00092045,20201120,TMAX,229,,,a,
ASN00092045,20201121,TMAX,203,,,a,
ASN00092045,20201122,TMAX,195,,,a,
ASN00092045,20201123,TMAX,198,,,a,
ASN00092045,20201124,TMAX,193,,,a,
ASN00092045,20201125,TMAX,189,,,a,
ASN00092045,20201126,TMAX,225,,,a,
ASN00092045,20201127,TMAX,194,,,a,
ASN00092045,20201128,TMAX,187,,,a,
ASN00092045,20201129,TMAX,184,,,a,
ASN00092045,20201130,TMAX,195,,,a,
ASN00092045,20201101,TMIN,119,,,a,
ASN00092045,20201102,TMIN,118,,,a,
ASN00092045,20201103,TMIN,128,,,a,
ASN00092045,20201104,TMIN,146,,,a,
ASN00092045,20201105,TMIN,97,,,a,
ASN00092045,20201106,TMIN,92,,,a,
ASN00092045,20201107,TMIN,54,,,a,
ASN00092045,20201108,TMIN,84,,,a,
ASN00092045,20201109,TMIN,96,,,a,
ASN00092045,20201110,TMIN,135,,,a,
ASN00092045,20201111,TMIN,129,,,a,
ASN00092045,20201112,TMIN,152,,,a,
ASN00092045,20201113,TMIN,135,,,a,
ASN00092045,20201114,TMIN,97,,,a,
ASN00092045,20201115,TMIN,123,,,a,
ASN00092045,20201116,TMIN,143,,,a,
ASN00092045,20201117,TMIN,96,,,a,
ASN00092045,20201118,TMIN,109,,,a,
ASN00092045,20201119,TMIN,114,,,a,
ASN00092045,20201120,TMIN,139,,,a,
ASN00092045,20201121,TMIN,127,,,a,
ASN00092045,20201122,TMIN,150,,,a,
ASN00092045,20201123,TMIN,143,,,a,
ASN00092045,20201124,TMIN,138,,,a,
ASN00092045,20201125,TMIN,135,,,a,
ASN00092045,20201126,TMIN,135,,,a,
ASN00092045,20201127,TMIN,148,,,a,
ASN00092045,20201128,TMIN,147,,,a,
ASN00092045,20201129,TMIN,135,,,a,
ASN00092045,20201130,TMIN,113,,,a,
ASN00092045,20201101,PRCP,0,,,a,
ASN00092045,20201102,PRCP,0,,,a,
ASN00092045,20201103,PRCP,0,,,a,
ASN00092045,20201104,PRCP,0,,,a,
ASN00092045,20201105,PRCP,92,,,a,
ASN00092045,20201106,PRCP,2,,,a,
ASN00092045,20201107,PRCP,6,,,a,
ASN00092045,20201108,PRCP,2,,,a,
ASN00092045,20201109,PRCP,0,,,a,
ASN00092045,20201110,PRCP,0,,,a,
ASN00092045,20201111,PRCP,0,,,a,
ASN00092045,20201112,PRCP,44,,,a,
ASN00092045,20201113,PRCP,32,,,a,
ASN00092045,20201114,PRCP,0,,,a,
ASN00092045,20201115,PRCP,0,,,a,
ASN00092045,20201116,PRCP,8,,,a,
ASN00092045,20201117,PRCP,0,,,a,
ASN00092045,20201118,PRCP,0,,,a,
ASN00092045,20201119,PRCP,0,,,a,
ASN00092045,20201120,PRCP,0,,,a,
ASN00092045,20201121,PRCP,0,,,a,
ASN00092045,20201122,PRCP,2,,,a,
ASN00092045,20201123,PRCP,0,,,a,
ASN00092045,20201124,PRCP,0,,,a,
ASN00092045,20201125,PRCP,0,,,a,
ASN00092045,20201126,PRCP,0,,,a,
ASN00092045,20201127,PRCP,0,,,a,
ASN00092045,20201128,PRCP,8,,,a,
ASN00092045,20201129,PRCP,190,,,a,
ASN00092045,20201130,PRCP,22,,,a,
ASN00092045,20201101,TAVG,144,H,,S,
ASN00092045,20201102,TAVG,151,H,,S,
ASN00092045,20201103,TAVG,164,H,,S,
ASN00092045,20201104,TAVG,143,H,,S,
ASN00092045,20201105,TAVG,126,H,,S,
ASN00092045,20201106,TAVG,125,H,,S,
ASN00092045,20201107,TAVG,128,H,,S,
ASN00092045,20201108,TAVG,133,H,,S,
ASN00092045,20201109,TAVG,153,H,,S,
ASN00092045,20201110,TAVG,159,H,,S,
ASN00092045,20201111,TAVG,166,H,,S,
ASN00092045,20201112,TAVG,161,H,,S,
ASN00092045,20201113,TAVG,144,H,,S,
ASN00092045,20201114,TAVG,149,H,,S,
ASN00092045,20201115,TAVG,164,H,,S,
ASN00092045,20201116,TAVG,156,H,,S,
ASN00092045,20201117,TAVG,152,H,,S,
ASN00092045,20201118,TAVG,159,H,,S,
ASN00092045,20201119,TAVG,163,H,,S,
ASN00092045,20201120,TAVG,155,H,,S,
ASN00092045,20201121,TAVG,163,H,,S,
ASN00092045,20201122,TAVG,159,H,,S,
ASN00092045,20201123,TAVG,156,H,,S,
ASN00092045,20201124,TAVG,156,H,,S,
ASN00092045,20201125,TAVG,161,H,,S,
ASN00092045,20201126,TAVG,169,H,,S,
ASN00092045,20201127,TAVG,162,H,,S,
ASN00092045,20201128,TAVG,154,H,,S,
ASN00092045,20201129,TAVG,145,H,,S,
ASN00092045,20201130,TAVG,169,H,,S,
ASN00092045,20201201,TMAX,220,,,a,
ASN00092045,20201202,TMAX,191,,,a,
ASN00092045,20201203,TMAX,192,,,a,
ASN00092045,20201204,TMAX,212,,,a,
ASN00092045,20201205,TMAX,173,,,a,
ASN00092045,20201206,TMAX,171,,,a,
ASN00092045,20201207,TMAX,188,,,a,
ASN00092045,20201208,TMAX,195,,,a,
ASN00092045,20201209,TMAX,213,,,a,
ASN00092045,20201210,TMAX,186,,,a,
ASN00092045,20201211,TMAX,193,,,a,
ASN00092045,20201212,TMAX,199,,,a,
ASN00092045,20201213,TMAX,216,,,a,
ASN00092045,20201214,TMAX,196,,,a,
ASN00092045,20201215,TMAX,226,,,a,
ASN00092045,20201216,TMAX,168,,,a,
ASN00092045,20201217,TMAX,204,,,a,
ASN00092045,20201218,TMAX,198,,,a,
ASN00092045,20201219,TMAX,201,,,a,
ASN00092045,20201220,TMAX,189,,,a,
ASN00092045,20201221,TMAX,203,,,a,
ASN00092045,20201222,TMAX,173,,,a,
ASN00092045,20201223,TMAX,225,,,a,
ASN00092045,20201224,TMAX,205,,,a,
ASN00092045,20201225,TMAX,190,,,a,
ASN00092045,20201226,TMAX,205,,,a,
ASN00092045,20201227,TMAX,204,,,a,
ASN00092045,20201228,TMAX,180,,,a,
ASN00092045,20201229,TMAX,218,,,a,
ASN00092045,20201230,TMAX,211,,,a,
ASN00092045,20201231,TMAX,192,,,a,
ASN00092045,20201201,TMIN,149,,,a,
ASN00092045,20201202,TMIN,105,,,a,
ASN00092045,20201203,TMIN,81,,,a,
ASN00092045,20201204,TMIN,108,,,a,
ASN00092045,20201205,TMIN,112,,,a,
ASN00092045,20201206,TMIN,125,,,a,
ASN00092045,20201207,TMIN,93,,,a,
ASN00092045,20201208,TMIN,61,,,a,
ASN00092045,20201209,TMIN,133,,,a,
ASN00092045,20201210,TMIN,115,,,a,
ASN00092045,20201211,TMIN,86,,,a,
ASN00092045,20201212,TMIN,118,,,a,
ASN00092045,20201213,TMIN,141,,,a,
ASN00092045,20201214,TMIN,158,,,a,
ASN00092045,20201215,TMIN,159,,,a,
ASN00092045,20201216,TMIN,137,,,a,
ASN00092045,20201217,TMIN,123,,,a,
ASN00092045,20201218,TMIN,149,,,a,
ASN00092045,20201219,TMIN,93,,,a,
ASN00092045,20201220,TMIN,109,,,a,
ASN00092045,20201221,TMIN,127,,,a,
ASN00092045,20201222,TMIN,145,,,a,
ASN00092045,20201223,TMIN,127,,,a,
ASN00092045,20201224,TMIN,107,,,a,
ASN00092045,20201225,TMIN,107,,,a,
ASN00092045,20201226,TMIN,139,,,a,
ASN00092045,20201227,TMIN,154,,,a,
ASN00092045,20201228,TMIN,100,,,a,
ASN00092045,20201229,TMIN,96,,,a,
ASN00092045,20201230,TMIN,142,,,a,
ASN00092045,20201231,TMIN,120,,,a,
ASN00092045,20201201,PRCP,2,,,a,
ASN00092045,20201202,PRCP,8,,,a,
ASN00092045,20201203,PRCP,0,,,a,
ASN00092045,20201204,PRCP,0,,,a,
ASN00092045,20201205,PRCP,0,,,a,
ASN00092045,20201206,PRCP,134,,,a,
ASN00092045,20201207,PRCP,38,,,a,
ASN00092045,20201208,PRCP,0,,,a,
ASN00092045,20201209,PRCP,0,,,a,
ASN00092045,20201210,PRCP,0,,,a,
ASN00092045,20201211,PRCP,0,,,a,
ASN00092045,20201212,PRCP,0,,,a,
ASN00092045,20201213,PRCP,0,,,a,
ASN00092045,20201214,PRCP,0,,,a,
ASN00092045,20201215,PRCP,0,,,a,
ASN00092045,20201216,PRCP,0,,,a,
ASN00092045,20201217,PRCP,22,,,a,
ASN00092045,20201218,PRCP,0,,,a,
ASN00092045,20201219,PRCP,14,,,a,
ASN00092045,20201220,PRCP,84,,,a,
ASN00092045,20201221,PRCP,118,,,a,
ASN00092045,20201222,PRCP,588,,,a,
ASN00092045,20201223,PRCP,162,,,a,
ASN00092045,20201224,PRCP,212,,,a,
ASN00092045,20201225,PRCP,2,,,a,
ASN00092045,20201226,PRCP,0,,,a,
ASN00092045,20201227,PRCP,0,,,a,
ASN00092045,20201228,PRCP,12,,,a,
ASN00092045,20201229,PRCP,0,,,a,
ASN00092045,20201230,PRCP,0,,,a,
ASN00092045,20201231,PRCP,0,,,a,
ASN00092045,20201201,TAVG,146,H,,S,
ASN00092045,20201202,TAVG,138,H,,S,
ASN00092045,20201203,TAVG,144,H,,S,
ASN00092045,20201204,TAVG,152,H,,S,
ASN00092045,20201205,TAVG,147,H,,S,
ASN00092045,20201206,TAVG,131,H,,S,
ASN00092045,20201207,TAVG,132,H,,S,
ASN00092045,20201208,TAVG,153,H,,S,
ASN00092045,20201209,TAVG,156,H,,S,
ASN00092045,20201210,TAVG,133,H,,S,
ASN00092045,20201211,TAVG,147,H,,S,
ASN00092045,20201212,TAVG,162,H,,S,
ASN00092045,20201213,TAVG,174,H,,S,
ASN00092045,20201214,TAVG,173,H,,S,
ASN00092045,20201215,TAVG,163,H,,S,
ASN00092045,20201216,TAVG,143,H,,S,
ASN00092045,20201217,TAVG,170,H,,S,
ASN00092045,20201218,TAVG,140,H,,S,
ASN00092045,20201219,TAVG,146,H,,S,
ASN00092045,20201220,TAVG,155,H,,S,
ASN00092045,20201221,TAVG,164,H,,S,
ASN00092045,20201222,TAVG,151,H,,S,
ASN00092045,20201223,TAVG,159,H,,S,
ASN00092045,20201224,TAVG,149,H,,S,
ASN00092045,20201225,TAVG,161,H,,S,
ASN00092045,20201226,TAVG,176,H,,S,
ASN00092045,20201227,TAVG,149,H,,S,
ASN00092045,20201228,TAVG,138,H,,S,
ASN00092045,20201229,TAVG,172,H,,S,
ASN00092045,20201230,TAVG,162,H,,S,
ASN00092045,20201231,TAVG,157,H,,S,
ASN00092045,20210101,TMAX,198,,,a,
ASN00092045,20210102,TMAX,210,,,a,
ASN00092045,20210103,TMAX,196,,,a,
ASN00092045,20210104,TMAX,182,,,a,
ASN00092045,20210105,TMAX,207,,,a,
ASN00092045,20210106,TMAX,224,,,a,
ASN00092045,20210107,TMAX,207,,,a,
ASN00092045,20210108,TMAX,244,,,a,
ASN00092045,20210109,TMAX,238,,,a,
ASN00092045,20210110,TMAX,231,,,a,
ASN00092045,20210111,TMAX,244,,,a,
ASN00092045,20210112,TMAX,263,,,a,
ASN00092045,20210113,TMAX,195,,,a,
ASN00092045,20210114,TMAX,228,,,a,
ASN00092045,20210115,TMAX,187,,,a,
ASN00092045,20210116,TMAX,219,,,a,
ASN00092045,20210117,TMAX,216,,,a,
ASN00092045,20210118,TMAX,230,,,a,
ASN00092045,20210119,TMAX,204,,,a,
ASN00092045,20210120,TMAX,220,,,a,
ASN00092045,20210121,TMAX,251,,,a,
ASN00092045,20210122,TMAX,225,,,a,
ASN00092045,20210123,TMAX,252,,,a,
ASN00092045,20210124,TMAX,239,,,a,
ASN00092045,20210125,TMAX,318,,,a,
ASN00092045,20210126,TMAX,236,,,a,
ASN00092045,20210127,TMAX,185,,,a,
ASN00092045,20210128,TMAX,183,,,a,
ASN00092045,20210129,TMAX,198,,,a,
ASN00092045,20210130,TMAX,243,,,a,
ASN00092045,20210131,TMAX,219,,,a,
ASN00092045,20210101,TMIN,140,,,a,
ASN00092045,20210102,TMIN,150,,,a,
ASN00092045,20210103,TMIN,141,,,a,
ASN00092045,20210104,TMIN,140,,,a,
ASN00092045,20210105,TMIN,149,,,a,
ASN00092045,20210106,TMIN,126,,,a,
ASN00092045,20210107,TMIN,106,,,a,
ASN00092045,20210108,TMIN,126,,,a,
ASN00092045,20210109,TMIN,136,,,a,
ASN00092045,20210110,TMIN,164,,,a,
ASN00092045,20210111,TMIN,138,,,a,
ASN00092045,20210112,TMIN,182,,,a,
ASN00092045,20210113,TMIN,154,,,a,
ASN00092045,20210114,TMIN,156,,,a,
ASN00092045,20210115,TMIN,100,,,a,
ASN00092045,20210116,TMIN,103,,,a,
ASN00092045,20210117,TMIN,83,,,a,
ASN00092045,20210118,TMIN,122,,,a,
ASN00092045,20210119,TMIN,75,,,a,
ASN00092045,20210120,TMIN,113,,,a,
ASN00092045,20210121,TMIN,116,,,a,
ASN00092045,20210122,TMIN,151,,,a,
ASN00092045,20210123,TMIN,121,,,a,
ASN00092045,20210124,TMIN,162,,,a,
ASN00092045,20210125,TMIN,165,,,a,
ASN00092045,20210126,TMIN,179,,,a,
ASN00092045,20210127,TMIN,135,,,a,
ASN00092045,20210128,TMIN,141,,,a,
ASN00092045,20210129,TMIN,144,,,a,
ASN00092045,20210130,TMIN,168,,,a,
ASN00092045,20210131,TMIN,162,,,a,
ASN00092045,20210101,PRCP,34,,,a,
ASN00092045,20210102,PRCP,2,,,a,
ASN00092045,20210103,PRCP,10,,,a,
ASN00092045,20210104,PRCP,548,,,a,
ASN00092045,20210105,PRCP,144,,,a,
ASN00092045,20210106,PRCP,0,,,a,
ASN00092045,20210107,PRCP,0,,,a,
ASN00092045,20210108,PRCP,0,,,a,
ASN00092045,20210109,PRCP,0,,,a,
ASN00092045,20210110,PRCP,0,,,a,
ASN00092045,20210111,PRCP,0,,,a,
ASN00092045,20210112,PRCP,0,,,a,
ASN00092045,20210113,PRCP,2,,,a,
ASN00092045,20210114,PRCP,0,,,a,
ASN00092045,20210115,PRCP,0,,,a,
ASN00092045,20210116,PRCP,10,,,a,
ASN00092045,20210117,PRCP,0,,,a,
ASN00092045,20210118,PRCP,0,,,a,
ASN00092045,20210119,PRCP,0,,,a,
ASN00092045,20210120,PRCP,0,,,a,
ASN00092045,20210122,PRCP,0,,,a,
ASN00092045,20210123,PRCP,0,,,a,
ASN00092045,20210124,PRCP,0,,,a,
ASN00092045,20210125,PRCP,0,,,a,
ASN00092045,20210126,PRCP,56,,,a,
ASN00092045,20210127,PRCP,12,,,a,
ASN00092045,20210128,PRCP,0,,,a,
ASN00092045,20210129,PRCP,0,,,a,
ASN00092045,20210130,PRCP,116,,,a,
ASN00092045,20210131,PRCP,0,,,a,
ASN00092045,20210101,TAVG,167,H,,S,
ASN00092045,20210102,TAVG,176,H,,S,
ASN00092045,20210103,TAVG,156,H,,S,
ASN00092045,20210104,TAVG,161,H,,S,
ASN00092045,20210105,TAVG,165,H,,S,
ASN00092045,20210106,TAVG,162,H,,S,
ASN00092045,20210107,TAVG,164,H,,S,
ASN00092045,20210108,TAVG,184,H,,S,
ASN00092045,20210109,TAVG,192,H,,S,
ASN00092045,20210110,TAVG,182,H,,S,
ASN00092045,20210111,TAVG,205,H,,S,
ASN00092045,20210112,TAVG,183,H,,S,
ASN00092045,20210113,TAVG,180,H,,S,
ASN00092045,20210114,TAVG,165,H,,S,
ASN00092045,20210115,TAVG,131,H,,S,
ASN00092045,20210116,TAVG,146,H,,S,
ASN00092045,20210117,TAVG,164,H,,S,
ASN00092045,20210118,TAVG,160,H,,S,
ASN00092045,20210119,TAVG,155,H,,S,
ASN00092045,20210120,TAVG,164,H,,S,
ASN00092045,20210121,TAVG,178,H,,S,
ASN00092045,20210122,TAVG,183,H,,S,
ASN00092045,20210123,TAVG,194,H,,S,
ASN00092045,20210124,TAVG,194,H,,S,
ASN00092045,20210125,TAVG,204,H,,S,
ASN00092045,20210126,TAVG,174,H,,S,
ASN00092045,20210127,TAVG,158,H,,S,
ASN00092045,20210128,TAVG,163,H,,S,
ASN00092045,20210129,TAVG,182,H,,S,
ASN00092045,20210130,TAVG,188,H,,S,
ASN00092045,20210131,TAVG,185,H,,S,
ASN00092045,20210201,TMAX,210,,,a,
ASN00092045,20210202,TMAX,209,,,a,
ASN00092045,20210203,TMAX,187,,,a,
ASN00092045,20210204,TMAX,223,,,a,
ASN00092045,20210205,TMAX,210,,,a,
ASN00092045,20210206,TMAX,238,,,a,
ASN00092045,20210207,TMAX,234,,,a,
ASN00092045,20210208,TMAX,194,,,a,
ASN00092045,20210209,TMAX,192,,,a,
ASN00092045,20210210,TMAX,199,,,a,
ASN00092045,20210211,TMAX,213,,,a,
ASN00092045,20210212,TMAX,214,,,a,
ASN00092045,20210213,TMAX,241,,,a,
ASN00092045,20210214,TMAX,216,,,a,
ASN00092045,20210215,TMAX,204,,,a,
ASN00092045,20210216,TMAX,229,,,a,
ASN00092045,20210217,TMAX,223,,,a,
ASN00092045,20210218,TMAX,214,,,a,
ASN00092045,20210219,TMAX,228,,,a,
ASN00092045,20210220,TMAX,229,,,a,
ASN00092045,20210221,TMAX,234,,,a,
ASN00092045,20210222,TMAX,233,,,a,
ASN00092045,20210223,TMAX,180,,,a,
ASN00092045,20210224,TMAX,189,,,a,
ASN00092045,20210225,TMAX,198,,,a,
ASN00092045,20210226,TMAX,212,,,a,
ASN00092045,20210227,TMAX,195,,,a,
ASN00092045,20210228,TMAX,221,,,a,
ASN00092045,20210201,TMIN,166,,,a,
ASN00092045,20210202,TMIN,156,,,a,
ASN00092045,20210203,TMIN,135,,,a,
ASN00092045,20210204,TMIN,138,,,a,
ASN00092045,20210205,TMIN,183,,,a,
ASN00092045,20210206,TMIN,185,,,a,
ASN00092045,20210207,TMIN,151,,,a,
ASN00092045,20210208,TMIN,144,,,a,
ASN00092045,20210209,TMIN,130,,,a,
ASN00092045,20210210,TMIN,131,,,a,
ASN00092045,20210211,TMIN,129,,,a,
ASN00092045,20210212,TMIN,166,,,a,
ASN00092045,20210213,TMIN,132,,,a,
ASN00092045,20210214,TMIN,140,,,a,
ASN00092045,20210215,TMIN,154,,,a,
ASN00092045,20210216,TMIN,156,,,a,
ASN00092045,20210217,TMIN,169,,,a,
ASN00092045,20210218,TMIN,175,,,a,
ASN00092045,20210219,TMIN,182,,,a,
ASN00092045,20210220,TMIN,169,,,a,
ASN00092045,20210221,TMIN,165,,,a,
ASN00092045,20210222,TMIN,126,,,a,
ASN00092045,20210223,TMIN,105,,,a,
ASN00092045,20210224,TMIN,108,,,a,
ASN00092045,20210225,TMIN,131,,,a,
ASN00092045,20210226,TMIN,90,,,a,
ASN00092045,20210227,TMIN,128,,,a,
ASN00092045,20210228,TMIN,123,,,a,
ASN00092045,20210201,PRCP,0,,,a,
ASN00092045,20210202,PRCP,0,,,a,
ASN00092045,20210203,PRCP,46,,,a,
ASN00092045,20210204,PRCP,62,,,a,
ASN00092045,20210205,PRCP,2,,,a,
ASN00092045,20210206,PRCP,178,,,a,
ASN00092045,20210207,PRCP,14,,,a,
ASN00092045,20210208,PRCP,0,,,a,
ASN00092045,20210209,PRCP,4,,,a,
ASN00092045,20210210,PRCP,0,,,a,
ASN00092045,20210211,PRCP,0,,,a,
ASN00092045,20210212,PRCP,182,,,a,
ASN00092045,20210213,PRCP,0,,,a,
ASN00092045,20210214,PRCP,0,,,a,
ASN00092045,20210215,PRCP,40,,,a,
ASN00092045,20210216,PRCP,4,,,a,
ASN00092045,20210217,PRCP,0,,,a,
ASN00092045,20210218,PRCP,0,,,a,
ASN00092045,20210219,PRCP,0,,,a,
ASN00092045,20210220,PRCP,0,,,a,
ASN00092045,20210221,PRCP,0,,,a,
ASN00092045,20210222,PRCP,0,,,a,
ASN00092045,20210223,PRCP,20,,,a,
ASN00092045,20210224,PRCP,4,,,a,
ASN00092045,20210225,PRCP,0,,,a,
ASN00092045,20210226,PRCP,14,,,a,
ASN00092045,20210227,PRCP,0,,,a,
ASN00092045,20210228,PRCP,0,,,a,
ASN00092045,20210201,TAVG,178,H,,S,
ASN00092045,20210202,TAVG,161,H,,S,
ASN00092045,20210203,TAVG,160,H,,S,
ASN00092045,20210204,TAVG,196,H,,S,
ASN00092045,20210205,TAVG,196,H,,S,
ASN00092045,20210206,TAVG,179,H,,S,
ASN00092045,20210207,TAVG,171,H,,S,
ASN00092045,20210208,TAVG,157,H,,S,
ASN00092045,20210209,TAVG,154,H,,S,
ASN00092045,20210210,TAVG,178,H,,S,
ASN00092045,20210213,TAVG,168,H,,S,
ASN00092045,20210214,TAVG,178,H,,S,
ASN00092045,20210215,TAVG,173,H,,S,
ASN00092045,20210216,TAVG,188,H,,S,
ASN00092045,20210217,TAVG,189,H,,S,
ASN00092045,20210218,TAVG,193,H,,S,
ASN00092045,20210219,TAVG,202,H,,S,
ASN00092045,20210221,TAVG,151,H,,S,
ASN00092045,20210222,TAVG,164,H,,S,
ASN00092045,20210223,TAVG,152,H,,S,
ASN00092045,20210224,TAVG,156,H,,S,
ASN00092045,20210225,TAVG,136,H,,S,
ASN00092045,20210226,TAVG,167,H,,S,
ASN00092045,20210227,TAVG,164,H,,S,
ASN00092045,20210228,TAVG,171,H,,S,
ASN00092045,20210301,TMAX,230,,,a,
ASN00092045,20210302,TMAX,194,,,a,
ASN00092045,20210303,TMAX,200,,,a,
ASN00092045,20210304,TMAX,223,,,a,
ASN00092045,20210305,TMAX,209,,,a,
ASN00092045,20210306,TMAX,200,,,a,
ASN00092045,20210307,TMAX,208,,,a,
ASN00092045,20210308,TMAX,215,,,a,
ASN00092045,20210309,TMAX,228,,,a,
ASN00092045,20210310,TMAX,206,,,a,
ASN00092045,20210311,TMAX,233,,,a,
ASN00092045,20210312,TMAX,226,,,a,
ASN00092045,20210313,TMAX,251,,,a,
ASN00092045,20210314,TMAX,197,,,a,
ASN00092045,20210315,TMAX,251,,,a,
ASN00092045,20210316,TMAX,200,,,a,
ASN00092045,20210317,TMAX,205,,,a,
ASN00092045,20210318,TMAX,208,,,a,
ASN00092045,20210319,TMAX,225,,,a,
ASN00092045,20210320,TMAX,200,,,a,
ASN00092045,20210321,TMAX,218,,,a,
ASN00092045,20210322,TMAX,216,,,a,
ASN00092045,20210323,TMAX,202,,,a,
ASN00092045,20210324,TMAX,183,,,a,
ASN00092045,20210325,TMAX,214,,,a,
ASN00092045,20210326,TMAX,216,,,a,
ASN00092045,20210327,TMAX,182,,,a,
ASN00092045,20210328,TMAX,206,,,a,
ASN00092045,20210329,TMAX,198,,,a,
ASN00092045,20210330,TMAX,228,,,a,
ASN00092045,20210331,TMAX,216,,,a,
ASN00092045,20210301,TMIN,137,,,a,
ASN00092045,20210302,TMIN,83,,,a,
ASN00092045,20210303,TMIN,111,,,a,
ASN00092045,20210304,TMIN,135,,,a,
ASN00092045,20210305,TMIN,87,,,a,
ASN00092045,20210306,TMIN,94,,,a,
ASN00092045,20210307,TMIN,109,,,a,
ASN00092045,20210308,TMIN,149,,,a,
ASN00092045,20210309,TMIN,131,,,a,
ASN00092045,20210310,TMIN,148,,,a,
ASN00092045,20210311,TMIN,145,,,a,
ASN00092045,20210312,TMIN,174,,,a,
ASN00092045,20210313,TMIN,184,,,a,
ASN00092045,20210314,TMIN,102,,,a,
ASN00092045,20210315,TMIN,120,,,a,
ASN00092045,20210316,TMIN,157,,,a,
ASN00092045,20210317,TMIN,151,,,a,
ASN00092045,20210318,TMIN,160,,,a,
ASN00092045,20210319,TMIN,168,,,a,
ASN00092045,20210320,TMIN,170,,,a,
ASN00092045,20210321,TMIN,166,,,a,
ASN00092045,20210322,TMIN,175,,,a,
ASN00092045,20210323,TMIN,173,,,a,
ASN00092045,20210324,TMIN,167,,,a,
ASN00092045,20210325,TMIN,152,,,a,
ASN00092045,20210326,TMIN,110,,,a,
ASN00092045,20210327,TMIN,131,,,a,
ASN00092045,20210328,TMIN,116,,,a,
ASN00092045,20210329,TMIN,84,,,a,
ASN00092045,20210330,TMIN,110,,,a,
ASN00092045,20210331,TMIN,129,,,a,
ASN00092045,20210301,PRCP,2,,,a,
ASN00092045,20210302,PRCP,0,,,a,
ASN00092045,20210303,PRCP,0,,,a,
ASN00092045,20210304,PRCP,0,,,a,
ASN00092045,20210305,PRCP,0,,,a,
ASN00092045,20210306,PRCP,0,,,a,
ASN00092045,20210307,PRCP,0,,,a,
ASN00092045,20210308,PRCP,0,,,a,
ASN00092045,20210309,PRCP,0,,,a,
ASN00092045,20210310,PRCP,0,,,a,
ASN00092045,20210311,PRCP,0,,,a,
ASN00092045,20210312,PRCP,0,,,a,
ASN00092045,20210313,PRCP,0,,,a,
ASN00092045,20210314,PRCP,26,,,a,
ASN00092045,20210315,PRCP,2,,,a,
ASN00092045,20210316,PRCP,0,,,a,
ASN00092045,20210317,PRCP,0,,,a,
ASN00092045,20210318,PRCP,0,,,a,
ASN00092045,20210319,PRCP,0,,,a,
ASN00092045,20210320,PRCP,0,,,a,
ASN00092045,20210321,PRCP,0,,,a,
ASN00092045,20210322,PRCP,0,,,a,
ASN00092045,20210323,PRCP,0,,,a,
ASN00092045,20210324,PRCP,170,,,a,
ASN00092045,20210325,PRCP,328,,,a,
ASN00092045,20210326,PRCP,0,,,a,
ASN00092045,20210327,PRCP,100,,,a,
ASN00092045,20210328,PRCP,242,,,a,
ASN00092045,20210329,PRCP,8,,,a,
ASN00092045,20210330,PRCP,0,,,a,
ASN00092045,20210331,PRCP,0,,,a,
ASN00092045,20210301,TAVG,149,H,,S,
ASN00092045,20210302,TAVG,147,H,,S,
ASN00092045,20210303,TAVG,159,H,,S,
ASN00092045,20210304,TAVG,161,H,,S,
ASN00092045,20210305,TAVG,145,H,,S,
ASN00092045,20210306,TAVG,152,H,,S,
ASN00092045,20210307,TAVG,172,H,,S,
ASN00092045,20210308,TAVG,166,H,,S,
ASN00092045,20210309,TAVG,177,H,,S,
ASN00092045,20210310,TAVG,177,H,,S,
ASN00092045,20210311,TAVG,197,H,,S,
ASN00092045,20210312,TAVG,196,H,,S,
ASN00092045,20210313,TAVG,160,H,,S,
ASN00092045,20210314,TAVG,152,H,,S,
ASN00092045,20210315,TAVG,182,H,,S,
ASN00092045,20210316,TAVG,164,H,,S,
ASN00092045,20210317,TAVG,177,H,,S,
ASN00092045,20210318,TAVG,183,H,,S,
ASN00092045,20210319,TAVG,183,H,,S,
ASN00092045,20210320,TAVG,176,H,,S,
ASN00092045,20210321,TAVG,186,H,,S,
ASN00092045,20210322,TAVG,186,H,,S,
ASN00092045,20210323,TAVG,179,H,,S,
ASN00092045,20210324,TAVG,171,H,,S,
ASN00092045,20210325,TAVG,156,H,,S,
ASN00092045,20210326,TAVG,164,H,,S,
ASN00092045,20210327,TAVG,139,H,,S,
ASN00092045,20210328,TAVG,151,H,,S,
ASN00092045,20210329,TAVG,146,H,,S,
ASN00092045,20210330,TAVG,163,H,,S,
ASN00092045,20210331,TAVG,172,H,,S,
ASN00092045,20210401,TMAX,237,,,a,
ASN00092045,20210402,TMAX,207,,,a,
ASN00092045,20210403,TMAX,252,,,a,
ASN00092045,20210404,TMAX,218,,,a,
ASN00092045,20210405,TMAX,209,,,a,
ASN00092045,20210406,TMAX,209,,,a,
ASN00092045,20210407,TMAX,201,,,a,
ASN00092045,20210408,TMAX,219,,,a,
ASN00092045,20210409,TMAX,192,,,a,
ASN00092045,20210410,TMAX,171,,,a,
ASN00092045,20210411,TMAX,178,,,a,
ASN00092045,20210412,TMAX,182,,,a,
ASN00092045,20210413,TMAX,179,,,a,
ASN00092045,20210414,TMAX,180,,,a,
ASN00092045,20210415,TMAX,172,,,a,
ASN00092045,20210416,TMAX,163,,,a,
ASN00092045,20210417,TMAX,189,,,a,
ASN00092045,20210418,TMAX,195,,,a,
ASN00092045,20210419,TMAX,177,,,a,
ASN00092045,20210420,TMAX,169,,,a,
ASN00092045,20210421,TMAX,146,,,a,
ASN00092045,20210422,TMAX,166,,,a,
ASN00092045,20210423,TMAX,172,,,a,
ASN00092045,20210424,TMAX,177,,,a,
ASN00092045,20210425,TMAX,175,,,a,
ASN00092045,20210426,TMAX,197,,,a,
ASN00092045,20210427,TMAX,181,,,a,
ASN00092045,20210428,TMAX,184,,,a,
ASN00092045,20210429,TMAX,197,,,a,
ASN00092045,20210430,TMAX,182,,,a,
ASN00092045,20210401,TMIN,152,,,a,
ASN00092045,20210402,TMIN,164,,,a,
ASN00092045,20210403,TMIN,148,,,a,
ASN00092045,20210404,TMIN,155,,,a,
ASN00092045,20210405,TMIN,124,,,a,
ASN00092045,20210406,TMIN,128,,,a,
ASN00092045,20210407,TMIN,133,,,a,
ASN00092045,20210408,TMIN,146,,,a,
ASN00092045,20210409,TMIN,105,,,a,
ASN00092045,20210410,TMIN,68,,,a,
ASN00092045,20210411,TMIN,53,,,a,
ASN00092045,20210412,TMIN,66,,,a,
ASN00092045,20210413,TMIN,100,,,a,
ASN00092045,20210414,TMIN,133,,,a,
ASN00092045,20210415,TMIN,116,,,a,
ASN00092045,20210416,TMIN,54,,,a,
ASN00092045,20210417,TMIN,87,,,a,
ASN00092045,20210418,TMIN,106,,,a,
ASN00092045,20210419,TMIN,113,,,a,
ASN00092045,20210420,TMIN,126,,,a,
ASN00092045,20210421,TMIN,62,,,a,
ASN00092045,20210422,TMIN,90,,,a,
ASN00092045,20210423,TMIN,92,,,a,
ASN00092045,20210424,TMIN,85,,,a,
ASN00092045,20210425,TMIN,91,,,a,
ASN00092045,20210426,TMIN,111,,,a,
ASN00092045,20210427,TMIN,106,,,a,
ASN00092045,20210428,TMIN,102,,,a,
ASN00092045,20210429,TMIN,110,,,a,
ASN00092045,20210430,TMIN,112,,,a,
ASN00092045,20210401,PRCP,0,,,a,
ASN00092045,20210402,PRCP,0,,,a,
ASN00092045,20210403,PRCP,0,,,a,
ASN00092045,20210404,PRCP,0,,,a,
ASN00092045,20210405,PRCP,0,,,a,
ASN00092045,20210406,PRCP,0,,,a,
ASN00092045,20210407,PRCP,0,,,a,
ASN00092045,20210408,PRCP,0,,,a,
ASN00092045,20210409,PRCP,10,,,a,
ASN00092045,20210410,PRCP,8,,,a,
ASN00092045,20210411,PRCP,12,,,a,
ASN00092045,20210412,PRCP,0,,,a,
ASN00092045,20210413,PRCP,0,,,a,
ASN00092045,20210414,PRCP,36,,,a,
ASN00092045,20210415,PRCP,18,,,a,
ASN00092045,20210416,PRCP,8,,,a,
ASN00092045,20210417,PRCP,0,,,a,
ASN00092045,20210418,PRCP,0,,,a,
ASN00092045,20210419,PRCP,0,,,a,
ASN00092045,20210420,PRCP,16,,,a,
ASN00092045,20210421,PRCP,18,,,a,
ASN00092045,20210422,PRCP,42,,,a,
ASN00092045,20210423,PRCP,2,,,a,
ASN00092045,20210424,PRCP,0,,,a,
ASN00092045,20210425,PRCP,0,,,a,
ASN00092045,20210426,PRCP,0,,,a,
ASN00092045,20210427,PRCP,0,,,a,
ASN00092045,20210428,PRCP,0,,,a,
ASN00092045,20210429,PRCP,0,,,a,
ASN00092045,20210430,PRCP,0,,,a,
ASN00092045,20210401,TAVG,185,H,,S,
ASN00092045,20210402,TAVG,172,H,,S,
ASN00092045,20210403,TAVG,196,H,,S,
ASN00092045,20210404,TAVG,163,H,,S,
ASN00092045,20210405,TAVG,163,H,,S,
ASN00092045,20210406,TAVG,166,H,,S,
ASN00092045,20210407,TAVG,171,H,,S,
ASN00092045,20210408,TAVG,166,H,,S,
ASN00092045,20210409,TAVG,121,H,,S,
ASN00092045,20210410,TAVG,96,H,,S,
ASN00092045,20210411,TAVG,113,H,,S,
ASN00092045,20210412,TAVG,127,H,,S,
ASN00092045,20210413,TAVG,157,H,,S,
ASN00092045,20210414,TAVG,143,H,,S,
ASN00092045,20210415,TAVG,107,H,,S,
ASN00092045,20210416,TAVG,114,H,,S,
ASN00092045,20210417,TAVG,142,H,,S,
ASN00092045,20210418,TAVG,144,H,,S,
ASN00092045,20210419,TAVG,150,H,,S,
ASN00092045,20210420,TAVG,104,H,,S,
ASN00092045,20210421,TAVG,118,H,,S,
ASN00092045,20210422,TAVG,125,H,,S,
ASN00092045,20210423,TAVG,123,H,,S,
ASN00092045,20210424,TAVG,127,H,,S,
ASN00092045,20210425,TAVG,134,H,,S,
ASN00092045,20210426,TAVG,142,H,,S,
ASN00092045,20210427,TAVG,135,H,,S,
ASN00092045,20210428,TAVG,136,H,,S,
ASN00092045,20210429,TAVG,146,H,,S,
ASN00092045,20210430,TAVG,143,H,,S,
ASN00092045,20210501,TMAX,194,,,a,
ASN00092045,20210502,TMAX,180,,,a,
ASN00092045,20210503,TMAX,194,,,a,
ASN00092045,20210504,TMAX,154,,,a,
ASN00092045,20210505,TMAX,171,,,a,
ASN00092045,20210506,TMAX,170,,,a,
ASN00092045,20210507,TMAX,181,,,a,
ASN00092045,20210508,TMAX,187,,,a,
ASN00092045,20210509,TMAX,166,,,a,
ASN00092045,20210510,TMAX,173,,,a,
ASN00092045,20210511,TMAX,133,,,a,
ASN00092045,20210512,TMAX,163,,,a,
ASN00092045,20210513,TMAX,158,,,a,
ASN00092045,20210514,TMAX,145,,,a,
ASN00092045,20210515,TMAX,141,,,a,
ASN00092045,20210516,TMAX,148,,,a,
ASN00092045,20210517,TMAX,140,,,a,
ASN00092045,20210518,TMAX,163,,,a,
ASN00092045,20210519,TMAX,168,,,a,
ASN00092045,20210520,TMAX,179,,,a,
ASN00092045,20210521,TMAX,153,,,a,
ASN00092045,20210522,TMAX,156,,,a,
ASN00092045,20210523,TMAX,182,,,a,
ASN00092045,20210524,TMAX,170,,,a,
ASN00092045,20210525,TMAX,178,,,a,
ASN00092045,20210526,TMAX,159,,,a,
ASN00092045,20210527,TMAX,143,,,a,
ASN00092045,20210528,TMAX,136,,,a,
ASN00092045,20210529,TMAX,135,,,a,
ASN00092045,20210530,TMAX,150,,,a,
ASN00092045,20210531,TMAX,133,,,a,
ASN00092045,20210501,TMIN,122,,,a,
ASN00092045,20210502,TMIN,120,,,a,
ASN00092045,20210503,TMIN,124,,,a,
ASN00092045,20210504,TMIN,111,,,a,
ASN00092045,20210505,TMIN,82,,,a,
ASN00092045,20210506,TMIN,107,,,a,
ASN00092045,20210507,TMIN,153,,,a,
ASN00092045,20210508,TMIN,129,,,a,
ASN00092045,20210509,TMIN,69,,,a,
ASN00092045,20210510,TMIN,116,,,a,
ASN00092045,20210511,TMIN,103,,,a,
ASN00092045,20210512,TMIN,99,,,a,
ASN00092045,20210513,TMIN,128,,,a,
ASN00092045,20210514,TMIN,61,,,a,
ASN00092045,20210515,TMIN,56,,,a,
ASN00092045,20210516,TMIN,51,,,a,
ASN00092045,20210517,TMIN,50,,,a,
ASN00092045,20210518,TMIN,47,,,a,
ASN00092045,20210519,TMIN,103,,,a,
ASN00092045,20210520,TMIN,122,,,a,
ASN00092045,20210521,TMIN,57,,,a,
ASN00092045,20210522,TMIN,80,,,a,
ASN00092045,20210523,TMIN,89,,,a,
ASN00092045,20210524,TMIN,105,,,a,
ASN00092045,20210525,TMIN,145,,,a,
ASN00092045,20210526,TMIN,115,,,a,
ASN00092045,20210527,TMIN,84,,,a,
ASN00092045,20210528,TMIN,50,,,a,
ASN00092045,20210529,TMIN,60,,,a,
ASN00092045,20210530,TMIN,46,,,a,
ASN00092045,20210531,TMIN,59,,,a,
ASN00092045,20210501,PRCP,2,,,a,
ASN00092045,20210502,PRCP,0,,,a,
ASN00092045,20210503,PRCP,16,,,a,
ASN00092045,20210504,PRCP,20,,,a,
ASN00092045,20210505,PRCP,2,,,a,
ASN00092045,20210506,PRCP,0,,,a,
ASN00092045,20210507,PRCP,24,,,a,
ASN00092045,20210508,PRCP,2,,,a,
ASN00092045,20210509,PRCP,0,,,a,
ASN00092045,20210510,PRCP,0,,,a,
ASN00092045,20210511,PRCP,60,,,a,
ASN00092045,20210512,PRCP,12,,,a,
ASN00092045,20210513,PRCP,16,,,a,
ASN00092045,20210514,PRCP,12,,,a,
ASN00092045,20210515,PRCP,0,,,a,
ASN00092045,20210516,PRCP,0,,,a,
ASN00092045,20210517,PRCP,0,,,a,
ASN00092045,20210518,PRCP,0,,,a,
ASN00092045,20210519,PRCP,4,,,a,
ASN00092045,20210520,PRCP,0,,,a,
ASN00092045,20210521,PRCP,0,,,a,
ASN00092045,20210522,PRCP,0,,,a,
ASN00092045,20210523,PRCP,2,,,a,
ASN00092045,20210524,PRCP,2,,,a,
ASN00092045,20210525,PRCP,0,,,a,
ASN00092045,20210526,PRCP,84,,,a,
ASN00092045,20210527,PRCP,2,,,a,
ASN00092045,20210528,PRCP,0,,,a,
ASN00092045,20210529,PRCP,0,,,a,
ASN00092045,20210530,PRCP,0,,,a,
ASN00092045,20210531,PRCP,0,,,a,
ASN00092045,20210501,TAVG,151,H,,S,
ASN00092045,20210502,TAVG,146,H,,S,
ASN00092045,20210503,TAVG,138,H,,S,
ASN00092045,20210504,TAVG,118,H,,S,
ASN00092045,20210505,TAVG,140,H,,S,
ASN00092045,20210506,TAVG,161,H,,S,
ASN00092045,20210507,TAVG,158,H,,S,
ASN00092045,20210508,TAVG,124,H,,S,
ASN00092045,20210509,TAVG,146,H,,S,
ASN00092045,20210510,TAVG,126,H,,S,
ASN00092045,20210511,TAVG,118,H,,S,
ASN00092045,20210512,TAVG,149,H,,S,
ASN00092045,20210513,TAVG,103,H,,S,
ASN00092045,20210514,TAVG,96,H,,S,
ASN00092045,20210515,TAVG,93,H,,S,
ASN00092045,20210516,TAVG,95,H,,S,
ASN00092045,20210517,TAVG,90,H,,S,
ASN00092045,20210518,TAVG,129,H,,S,
ASN00092045,20210519,TAVG,141,H,,S,
ASN00092045,20210520,TAVG,110,H,,S,
ASN00092045,20210521,TAVG,107,H,,S,
ASN00092045,20210522,TAVG,113,H,,S,
ASN00092045,20210523,TAVG,134,H,,S,
ASN00092045,20210524,TAVG,156,H,,S,
ASN00092045,20210525,TAVG,145,H,,S,
ASN00092045,20210526,TAVG,109,H,,S,
ASN00092045,20210527,TAVG,91,H,,S,
ASN00092045,20210528,TAVG,89,H,,S,
ASN00092045,20210529,TAVG,87,H,,S,
ASN00092045,20210530,TAVG,95,H,,S,
ASN00092045,20210531,TAVG,99,H,,S,
ASN00092045,20210601,TMAX,167,,,a,
ASN00092045,20210602,TMAX,160,,,a,
ASN00092045,20210603,TMAX,172,,,a,
ASN00092045,20210604,TMAX,146,,,a,
ASN00092045,20210605,TMAX,129,,,a,
ASN00092045,20210606,TMAX,148,,,a,
ASN00092045,20210607,TMAX,155,,,a,
ASN00092045,20210608,TMAX,149,,,a,
ASN00092045,20210609,TMAX,147,,,a,
ASN00092045,20210610,TMAX,145,,,a,
ASN00092045,20210611,TMAX,147,,,a,
ASN00092045,20210612,TMAX,172,,,a,
ASN00092045,20210613,TMAX,166,,,a,
ASN00092045,20210614,TMAX,155,,,a,
ASN00092045,20210615,TMAX,156,,,a,
ASN00092045,20210616,TMAX,161,,,a,
ASN00092045,20210617,TMAX,144,,,a,
ASN00092045,20210618,TMAX,145,,,a,
ASN00092045,20210619,TMAX,135,,,a,
ASN00092045,20210620,TMAX,141,,,a,
ASN00092045,20210621,TMAX,150,,,a,
ASN00092045,20210622,TMAX,152,,,a,
ASN00092045,20210623,TMAX,141,,,a,
ASN00092045,20210624,TMAX,152,,,a,
ASN00092045,20210625,TMAX,131,,,a,
ASN00092045,20210626,TMAX,140,,,a,
ASN00092045,20210627,TMAX,142,,,a,
ASN00092045,20210628,TMAX,139,,,a,
ASN00092045,20210629,TMAX,151,,,a,
ASN00092045,20210630,TMAX,160,,,a,
ASN00092045,20210601,TMIN,75,,,a,
ASN00092045,20210602,TMIN,84,,,a,
ASN00092045,20210603,TMIN,97,,,a,
ASN00092045,20210604,TMIN,93,,,a,
ASN00092045,20210605,TMIN,34,,,a,
ASN00092045,20210606,TMIN,66,,,a,
ASN00092045,20210607,TMIN,92,,,a,
ASN00092045,20210608,TMIN,120,,,a,
ASN00092045,20210609,TMIN,100,,,a,
ASN00092045,20210610,TMIN,123,,,a,
ASN00092045,20210611,TMIN,120,,,a,
ASN00092045,20210612,TMIN,117,,,a,
ASN00092045,20210613,TMIN,120,,,a,
ASN00092045,20210614,TMIN,114,,,a,
ASN00092045,20210615,TMIN,106,,,a,
ASN00092045,20210616,TMIN,104,,,a,
ASN00092045,20210617,TMIN,98,,,a,
ASN00092045,20210618,TMIN,103,,,a,
ASN00092045,20210619,TMIN,107,,,a,
ASN00092045,20210620,TMIN,81,,,a,
ASN00092045,20210621,TMIN,70,,,a,
ASN00092045,20210622,TMIN,89,,,a,
ASN00092045,20210623,TMIN,92,,,a,
ASN00092045,20210624,TMIN,100,,,a,
ASN00092045,20210625,TMIN,77,,,a,
ASN00092045,20210626,TMIN,82,,,a,
ASN00092045,20210627,TMIN,85,,,a,
ASN00092045,20210628,TMIN,73,,,a,
ASN00092045,20210629,TMIN,83,,,a,
ASN00092045,20210630,TMIN,99,,,a,
ASN00092045,20210601,PRCP,0,,,a,
ASN00092045,20210602,PRCP,0,,,a,
ASN00092045,20210603,PRCP,0,,,a,
ASN00092045,20210604,PRCP,2,,,a,
ASN00092045,20210605,PRCP,0,,,a,
ASN00092045,20210606,PRCP,4,,,a,
ASN00092045,20210607,PRCP,20,,,a,
ASN00092045,20210608,PRCP,0,,,a,
ASN00092045,20210609,PRCP,0,,,a,
ASN00092045,20210610,PRCP,64,,,a,
ASN00092045,20210611,PRCP,186,,,a,
ASN00092045,20210612,PRCP,158,,,a,
ASN00092045,20210613,PRCP,34,,,a,
ASN00092045,20210614,PRCP,0,,,a,
ASN00092045,20210615,PRCP,2,,,a,
ASN00092045,20210616,PRCP,0,,,a,
ASN00092045,20210617,PRCP,216,,,a,
ASN00092045,20210618,PRCP,208,,,a,
ASN00092045,20210619,PRCP,24,,,a,
ASN00092045,20210620,PRCP,36,,,a,
ASN00092045,20210621,PRCP,0,,,a,
ASN00092045,20210622,PRCP,2,,,a,
ASN00092045,20210623,PRCP,0,,,a,
ASN00092045,20210624,PRCP,4,,,a,
ASN00092045,20210625,PRCP,8,,,a,
ASN00092045,20210626,PRCP,8,,,a,
ASN00092045,20210627,PRCP,32,,,a,
ASN00092045,20210628,PRCP,0,,,a,
ASN00092045,20210629,PRCP,0,,,a,
ASN00092045,20210630,PRCP,12,,,a,
ASN00092045,20210601,TAVG,116,H,,S,
ASN00092045,20210602,TAVG,124,H,,S,
ASN00092045,20210603,TAVG,131,H,,S,
ASN00092045,20210604,TAVG,78,H,,S,
ASN00092045,20210605,TAVG,104,H,,S,
ASN00092045,20210606,TAVG,134,H,,S,
ASN00092045,20210607,TAVG,142,H,,S,
ASN00092045,20210608,TAVG,124,H,,S,
ASN00092045,20210609,TAVG,135,H,,S,
ASN00092045,20210610,TAVG,135,H,,S,
ASN00092045,20210611,TAVG,137,H,,S,
ASN00092045,20210612,TAVG,137,H,,S,
ASN00092045,20210613,TAVG,130,H,,S,
ASN00092045,20210614,TAVG,123,H,,S,
ASN00092045,20210615,TAVG,124,H,,S,
ASN00092045,20210616,TAVG,120,H,,S,
ASN00092045,20210617,TAVG,126,H,,S,
ASN00092045,20210618,TAVG,123,H,,S,
ASN00092045,20210619,TAVG,104,H,,S,
ASN00092045,20210620,TAVG,101,H,,S,
ASN00092045,20210621,TAVG,109,H,,S,
ASN00092045,20210622,TAVG,110,H,,S,
ASN00092045,20210623,TAVG,127,H,,S,
ASN00092045,20210624,TAVG,108,H,,S,
ASN00092045,20210625,TAVG,105,H,,S,
ASN00092045,20210626,TAVG,108,H,,S,
ASN00092045,20210627,TAVG,100,H,,S,
ASN00092045,20210628,TAVG,104,H,,S,
ASN00092045,20210629,TAVG,120,H,,S,
ASN00092045,20210630,TAVG,132,H,,S,
ASN00092045,20210701,TMAX,164,,,a,
ASN00092045,20210702,TMAX,162,,,a,
ASN00092045,20210703,TMAX,132,,,a,
ASN00092045,20210704,TMAX,101,,,a,
ASN00092045,20210705,TMAX,144,,,a,
ASN00092045,20210706,TMAX,142,,,a,
ASN00092045,20210707,TMAX,131,,,a,
ASN00092045,20210708,TMAX,117,,,a,
ASN00092045,20210709,TMAX,133,,,a,
ASN00092045,20210710,TMAX,147,,,a,
ASN00092045,20210711,TMAX,147,,,a,
ASN00092045,20210712,TMAX,148,,,a,
ASN00092045,20210713,TMAX,149,,,a,
ASN00092045,20210714,TMAX,137,,,a,
ASN00092045,20210716,TMAX,143,,,a,
ASN00092045,20210717,TMAX,146,,,a,
ASN00092045,20210718,TMAX,145,,,a,
ASN00092045,20210719,TMAX,132,,,a,
ASN00092045,20210720,TMAX,113,,,a,
ASN00092045,20210721,TMAX,133,,,a,
ASN00092045,20210722,TMAX,141,,,a,
ASN00092045,20210723,TMAX,146,,,a,
ASN00092045,20210724,TMAX,130,,,a,
ASN00092045,20210725,TMAX,104,,,a,
ASN00092045,20210726,TMAX,145,,,a,
ASN00092045,20210727,TMAX,148,,,a,
ASN00092045,20210728,TMAX,148,,,a,
ASN00092045,20210729,TMAX,144,,,a,
ASN00092045,20210730,TMAX,143,,,a,
ASN00092045,20210731,TMAX,155,,,a,
ASN00092045,20210701,TMIN,111,,,a,
ASN00092045,20210702,TMIN,92,,,a,
ASN00092045,20210703,TMIN,101,,,a,
ASN00092045,20210704,TMIN,65,,,a,
ASN00092045,20210705,TMIN,68,,,a,
ASN00092045,20210706,TMIN,61,,,a,
ASN00092045,20210707,TMIN,84,,,a,
ASN00092045,20210708,TMIN,41,,,a,
ASN00092045,20210709,TMIN,59,,,a,
ASN00092045,20210710,TMIN,85,,,a,
ASN00092045,20210711,TMIN,72,,,a,
ASN00092045,20210712,TMIN,87,,,a,
ASN00092045,20210713,TMIN,101,,,a,
ASN00092045,20210714,TMIN,105,,,a,
ASN00092045,20210715,TMIN,96,,,a,
ASN00092045,20210716,TMIN,109,,,a,
ASN00092045,20210717,TMIN,81,,,a,
ASN00092045,20210718,TMIN,66,,,a,
ASN00092045,20210719,TMIN,79,,,a,
ASN00092045,20210720,TMIN,95,,,a,
ASN00092045,20210721,TMIN,27,,,a,
ASN00092045,20210722,TMIN,68,,,a,
ASN00092045,20210723,TMIN,76,,,a,
ASN00092045,20210724,TMIN,60,,,a,
ASN00092045,20210725,TMIN,56,,,a,
ASN00092045,20210726,TMIN,51,,,a,
ASN00092045,20210727,TMIN,84,,,a,
ASN00092045,20210728,TMIN,116,,,a,
ASN00092045,20210729,TMIN,67,,,a,
ASN00092045,20210730,TMIN,85,,,a,
ASN00092045,20210731,TMIN,105,,,a,
ASN00092045,20210701,PRCP,4,,,a,
ASN00092045,20210702,PRCP,2,,,a,
ASN00092045,20210703,PRCP,0,,,a,
ASN00092045,20210704,PRCP,24,,,a,
ASN00092045,20210705,PRCP,32,,,a,
ASN00092045,20210706,PRCP,0,,,a,
ASN00092045,20210707,PRCP,0,,,a,
ASN00092045,20210709,PRCP,2,,,a,
ASN00092045,20210710,PRCP,14,,,a,
ASN00092045,20210711,PRCP,2,,,a,
ASN00092045,20210712,PRCP,0,,,a,
ASN00092045,20210713,PRCP,0,,,a,
ASN00092045,20210714,PRCP,36,,,a,
ASN00092045,20210715,PRCP,10,,,a,
ASN00092045,20210716,PRCP,4,,,a,
ASN00092045,20210717,PRCP,10,,,a,
ASN00092045,20210718,PRCP,0,,,a,
ASN00092045,20210719,PRCP,0,,,a,
ASN00092045,20210720,PRCP,38,,,a,
ASN00092045,20210721,PRCP,28,,,a,
ASN00092045,20210722,PRCP,0,,,a,
ASN00092045,20210723,PRCP,0,,,a,
ASN00092045,20210724,PRCP,0,,,a,
ASN00092045,20210725,PRCP,56,,,a,
ASN00092045,20210726,PRCP,0,,,a,
ASN00092045,20210727,PRCP,22,,,a,
ASN00092045,20210728,PRCP,18,,,a,
ASN00092045,20210729,PRCP,46,,,a,
ASN00092045,20210730,PRCP,10,,,a,
ASN00092045,20210731,PRCP,40,,,a,
ASN00092045,20210701,TAVG,122,H,,S,
ASN00092045,20210702,TAVG,130,H,,S,
ASN00092045,20210703,TAVG,89,H,,S,
ASN00092045,20210704,TAVG,82,H,,S,
ASN00092045,20210705,TAVG,89,H,,S,
ASN00092045,20210706,TAVG,104,H,,S,
ASN00092045,20210707,TAVG,78,H,,S,
ASN00092045,20210708,TAVG,86,H,,S,
ASN00092045,20210709,TAVG,107,H,,S,
ASN00092045,20210710,TAVG,104,H,,S,
ASN00092045,20210711,TAVG,117,H,,S,
ASN00092045,20210712,TAVG,125,H,,S,
ASN00092045,20210713,TAVG,121,H,,S,
ASN00092045,20210714,TAVG,113,H,,S,
ASN00092045,20210715,TAVG,123,H,,S,
ASN00092045,20210716,TAVG,104,H,,S,
ASN00092045,20210717,TAVG,96,H,,S,
ASN00092045,20210718,TAVG,105,H,,S,
ASN00092045,20210719,TAVG,109,H,,S,
ASN00092045,20210720,TAVG,72,H,,S,
ASN00092045,20210721,TAVG,99,H,,S,
ASN00092045,20210722,TAVG,104,H,,S,
ASN00092045,20210723,TAVG,94,H,,S,
ASN00092045,20210724,TAVG,86,H,,S,
ASN00092045,20210725,TAVG,70,H,,S,
ASN00092045,20210726,TAVG,127,H,,S,
ASN00092045,20210727,TAVG,136,H,,S,
ASN00092045,20210728,TAVG,92,H,,S,
ASN00092045,20210729,TAVG,106,H,,S,
ASN00092045,20210730,TAVG,123,H,,S,
ASN00092045,20210731,TAVG,114,H,,S,
ASN00092045,20210801,TMAX,139,,,a,
ASN00092045,20210802,TMAX,136,,,a,
ASN00092045,20210803,TMAX,151,,,a,
ASN00092045,20210804,TMAX,166,,,a,
ASN00092045,20210805,TMAX,152,,,a,
ASN00092045,20210806,TMAX,155,,,a,
ASN00092045,20210807,TMAX,171,,,a,
ASN00092045,20210808,TMAX,135,,,a,
ASN00092045,20210809,TMAX,150,,,a,
ASN00092045,20210810,TMAX,160,,,a,
ASN00092045,20210811,TMAX,158,,,a,
ASN00092045,20210812,TMAX,154,,,a,
ASN00092045,20210813,TMAX,150,,,a,
ASN00092045,20210814,TMAX,154,,,a,
ASN00092045,20210815,TMAX,148,,,a,
ASN00092045,20210816,TMAX,143,,,a,
ASN00092045,20210817,TMAX,132,,,a,
ASN00092045,20210818,TMAX,142,,,a,
ASN00092045,20210819,TMAX,169,,,a,
ASN00092045,20210820,TMAX,145,,,a,
ASN00092045,20210821,TMAX,158,,,a,
ASN00092045,20210822,TMAX,163,,,a,
ASN00092045,20210823,TMAX,159,,,a,
ASN00092045,20210824,TMAX,124,,,a,
ASN00092045,20210825,TMAX,118,,,a,
ASN00092045,20210826,TMAX,131,,,a,
ASN00092045,20210827,TMAX,123,,,a,
ASN00092045,20210828,TMAX,131,,,a,
ASN00092045,20210829,TMAX,123,,,a,
ASN00092045,20210830,TMAX,154,,,a,
ASN00092045,20210831,TMAX,158,,,a,
ASN00092045,20210801,TMIN,82,,,a,
ASN00092045,20210802,TMIN,51,,,a,
ASN00092045,20210803,TMIN,87,,,a,
ASN00092045,20210804,TMIN,76,,,a,
ASN00092045,20210805,TMIN,62,,,a,
ASN00092045,20210806,TMIN,90,,,a,
ASN00092045,20210807,TMIN,93,,,a,
ASN00092045,20210808,TMIN,43,,,a,
ASN00092045,20210809,TMIN,83,,,a,
ASN00092045,20210810,TMIN,95,,,a,
ASN00092045,20210811,TMIN,104,,,a,
ASN00092045,20210812,TMIN,91,,,a,
ASN00092045,20210813,TMIN,95,,,a,
ASN00092045,20210814,TMIN,64,,,a,
ASN00092045,20210815,TMIN,93,,,a,
ASN00092045,20210816,TMIN,68,,,a,
ASN00092045,20210817,TMIN,47,,,a,
ASN00092045,20210818,TMIN,40,,,a,
ASN00092045,20210819,TMIN,66,,,a,
ASN00092045,20210820,TMIN,73,,,a,
ASN00092045,20210821,TMIN,107,,,a,
ASN00092045,20210822,TMIN,113,,,a,
ASN00092045,20210823,TMIN,108,,,a,
ASN00092045,20210824,TMIN,66,,,a,
ASN00092045,20210825,TMIN,74,,,a,
ASN00092045,20210826,TMIN,90,,,a,
ASN00092045,20210827,TMIN,93,,,a,
ASN00092045,20210828,TMIN,86,,,a,
ASN00092045,20210829,TMIN,78,,,a,
ASN00092045,20210830,TMIN,63,,,a,
ASN00092045,20210831,TMIN,100,,,a,
ASN00092045,20210801,PRCP,6,,,a,
ASN00092045,20210802,PRCP,10,,,a,
ASN00092045,20210803,PRCP,6,,,a,
ASN00092045,20210804,PRCP,18,,,a,
ASN00092045,20210805,PRCP,2,,,a,
ASN00092045,20210806,PRCP,0,,,a,
ASN00092045,20210807,PRCP,0,,,a,
ASN00092045,20210808,PRCP,12,,,a,
ASN00092045,20210809,PRCP,0,,,a,
ASN00092045,20210810,PRCP,0,,,a,
ASN00092045,20210811,PRCP,66,,,a,
ASN00092045,20210812,PRCP,36,,,a,
ASN00092045,20210813,PRCP,0,,,a,
ASN00092045,20210814,PRCP,0,,,a,
ASN00092045,20210815,PRCP,22,,,a,
ASN00092045,20210816,PRCP,22,,,a,
ASN00092045,20210817,PRCP,0,,,a,
ASN00092045,20210818,PRCP,0,,,a,
ASN00092045,20210819,PRCP,0,,,a,
ASN00092045,20210820,PRCP,2,,,a,
ASN00092045,20210821,PRCP,16,,,a,
ASN00092045,20210822,PRCP,0,,,a,
ASN00092045,20210823,PRCP,38,,,a,
ASN00092045,20210824,PRCP,2,,,a,
ASN00092045,20210825,PRCP,2,,,a,
ASN00092045,20210826,PRCP,0,,,a,
ASN00092045,20210827,PRCP,10,,,a,
ASN00092045,20210828,PRCP,8,,,a,
ASN00092045,20210829,PRCP,8,,,a,
ASN00092045,20210830,PRCP,24,,,a,
ASN00092045,20210831,PRCP,0,,,a,
ASN00092045,20210801,TAVG,83,H,,S,
ASN00092045,20210802,TAVG,114,H,,S,
ASN00092045,20210803,TAVG,101,H,,S,
ASN00092045,20210804,TAVG,105,H,,S,
ASN00092045,20210805,TAVG,112,H,,S,
ASN00092045,20210806,TAVG,116,H,,S,
ASN00092045,20210807,TAVG,94,H,,S,
ASN00092045,20210808,TAVG,108,H,,S,
ASN00092045,20210809,TAVG,117,H,,S,
ASN00092045,20210810,TAVG,127,H,,S,
ASN00092045,20210811,TAVG,110,H,,S,
ASN00092045,20210812,TAVG,116,H,,S,
ASN00092045,20210813,TAVG,106,H,,S,
ASN00092045,20210814,TAVG,122,H,,S,
ASN00092045,20210815,TAVG,102,H,,S,
ASN00092045,20210816,TAVG,87,H,,S,
ASN00092045,20210817,TAVG,86,H,,S,
ASN00092045,20210818,TAVG,104,H,,S,
ASN00092045,20210819,TAVG,108,H,,S,
ASN00092045,20210820,TAVG,122,H,,S,
ASN00092045,20210821,TAVG,128,H,,S,
ASN00092045,20210822,TAVG,136,H,,S,
ASN00092045,20210823,TAVG,99,H,,S,
ASN00092045,20210824,TAVG,97,H,,S,
ASN00092045,20210825,TAVG,102,H,,S,
ASN00092045,20210826,TAVG,107,H,,S,
ASN00092045,20210827,TAVG,103,H,,S,
ASN00092045,20210828,TAVG,99,H,,S,
ASN00092045,20210829,TAVG,102,H,,S,
ASN00092045,20210830,TAVG,124,H,,S,
ASN00092045,20210831,TAVG,126,H,,S,
ASN00092045,20210901,TMAX,172,,,a,
ASN00092045,20210902,TMAX,191,,,a,
ASN00092045,20210903,TMAX,202,,,a,
ASN00092045,20210904,TMAX,133,,,a,
ASN00092045,20210905,TMAX,144,,,a,
ASN00092045,20210906,TMAX,162,,,a,
ASN00092045,20210907,TMAX,176,,,a,
ASN00092045,20210908,TMAX,162,,,a,
ASN00092045,20210909,TMAX,179,,,a,
ASN00092045,20210910,TMAX,148,,,a,
ASN00092045,20210911,TMAX,198,,,a,
ASN00092045,20210912,TMAX,149,,,a,
ASN00092045,20210913,TMAX,127,,,a,
ASN00092045,20210914,TMAX,139,,,a,
ASN00092045,20210915,TMAX,153,,,a,
ASN00092045,20210916,TMAX,159,,,a,
ASN00092045,20210917,TMAX,149,,,a,
ASN00092045,20210918,TMAX,149,,,a,
ASN00092045,20210919,TMAX,134,,,a,
ASN00092045,20210920,TMAX,139,,,a,
ASN00092045,20210921,TMAX,166,,,a,
ASN00092045,20210922,TMAX,192,,,a,
ASN00092045,20210923,TMAX,162,,,a,
ASN00092045,20210924,TMAX,142,,,a,
ASN00092045,20210925,TMAX,142,,,a,
ASN00092045,20210926,TMAX,138,,,a,
ASN00092045,20210927,TMAX,169,,,a,
ASN00092045,20210928,TMAX,195,,,a,
ASN00092045,20210929,TMAX,159,,,a,
ASN00092045,20210930,TMAX,142,,,a,
ASN00092045,20210901,TMIN,93,,,a,
ASN00092045,20210902,TMIN,93,,,a,
ASN00092045,20210903,TMIN,134,,,a,
ASN00092045,20210904,TMIN,98,,,a,
ASN00092045,20210905,TMIN,84,,,a,
ASN00092045,20210906,TMIN,59,,,a,
ASN00092045,20210907,TMIN,105,,,a,
ASN00092045,20210908,TMIN,65,,,a,
ASN00092045,20210909,TMIN,119,,,a,
ASN00092045,20210910,TMIN,63,,,a,
ASN00092045,20210911,TMIN,92,,,a,
ASN00092045,20210912,TMIN,70,,,a,
ASN00092045,20210913,TMIN,79,,,a,
ASN00092045,20210914,TMIN,65,,,a,
ASN00092045,20210915,TMIN,81,,,a,
ASN00092045,20210916,TMIN,89,,,a,
ASN00092045,20210917,TMIN,70,,,a,
ASN00092045,20210918,TMIN,94,,,a,
ASN00092045,20210919,TMIN,77,,,a,
ASN00092045,20210920,TMIN,78,,,a,
ASN00092045,20210921,TMIN,34,,,a,
ASN00092045,20210922,TMIN,87,,,a,
ASN00092045,20210923,TMIN,112,,,a,
ASN00092045,20210924,TMIN,98,,,a,
ASN00092045,20210925,TMIN,26,,,a,
ASN00092045,20210926,TMIN,36,,,a,
ASN00092045,20210927,TMIN,55,,,a,
ASN00092045,20210928,TMIN,73,,,a,
ASN00092045,20210929,TMIN,81,,,a,
ASN00092045,20210930,TMIN,108,,,a,
ASN00092045,20210901,PRCP,20,,,a,
ASN00092045,20210902,PRCP,2,,,a,
ASN00092045,20210903,PRCP,0,,,a,
ASN00092045,20210904,PRCP,120,,,a,
ASN00092045,20210905,PRCP,0,,,a,
ASN00092045,20210906,PRCP,2,,,a,
ASN00092045,20210907,PRCP,0,,,a,
ASN00092045,20210908,PRCP,0,,,a,
ASN00092045,20210909,PRCP,0,,,a,
ASN00092045,20210910,PRCP,28,,,a,
ASN00092045,20210911,PRCP,0,,,a,
ASN00092045,20210912,PRCP,6,,,a,
ASN00092045,20210913,PRCP,2,,,a,
ASN00092045,20210914,PRCP,0,,,a,
ASN00092045,20210915,PRCP,0,,,a,
ASN00092045,20210916,PRCP,0,,,a,
ASN00092045,20210917,PRCP,0,,,a,
ASN00092045,20210918,PRCP,50,,,a,
ASN00092045,20210919,PRCP,22,,,a,
ASN00092045,20210920,PRCP,88,,,a,
ASN00092045,20210921,PRCP,2,,,a,
ASN00092045,20210922,PRCP,0,,,a,
ASN00092045,20210923,PRCP,0,,,a,
ASN00092045,20210924,PRCP,132,,,a,
ASN00092045,20210925,PRCP,36,,,a,
ASN00092045,20210926,PRCP,0,,,a,
ASN00092045,20210927,PRCP,0,,,a,
ASN00092045,20210928,PRCP,0,,,a,
ASN00092045,20210929,PRCP,0,,,a,
ASN00092045,20210930,PRCP,22,,,a,
ASN00092045,20210901,TAVG,130,H,,S,
ASN00092045,20210902,TAVG,152,H,,S,
ASN00092045,20210903,TAVG,133,H,,S,
ASN00092045,20210904,TAVG,108,H,,S,
ASN00092045,20210905,TAVG,104,H,,S,
ASN00092045,20210906,TAVG,124,H,,S,
ASN00092045,20210907,TAVG,115,H,,S,
ASN00092045,20210908,TAVG,134,H,,S,
ASN00092045,20210909,TAVG,113,H,,S,
ASN00092045,20210910,TAVG,113,H,,S,
ASN00092045,20210911,TAVG,123,H,,S,
ASN00092045,20210912,TAVG,107,H,,S,
ASN00092045,20210913,TAVG,98,H,,S,
ASN00092045,20210914,TAVG,100,H,,S,
ASN00092045,20210915,TAVG,109,H,,S,
ASN00092045,20210916,TAVG,101,H,,S,
ASN00092045,20210917,TAVG,125,H,,S,
ASN00092045,20210918,TAVG,104,H,,S,
ASN00092045,20210919,TAVG,106,H,,S,
ASN00092045,20210920,TAVG,88,H,,S,
ASN00092045,20210921,TAVG,113,H,,S,
ASN00092045,20210922,TAVG,136,H,,S,
ASN00092045,20210923,TAVG,122,H,,S,
ASN00092045,20210924,TAVG,74,H,,S,
ASN00092045,20210925,TAVG,91,H,,S,
ASN00092045,20210926,TAVG,93,H,,S,
ASN00092045,20210927,TAVG,113,H,,S,
ASN00092045,20210928,TAVG,128,H,,S,
ASN00092045,20210929,TAVG,126,H,,S,
ASN00092045,20210930,TAVG,132,H,,S,
ASN00092045,20211001,TMAX,155,,,a,
ASN00092045,20211002,TMAX,136,,,a,
ASN00092045,20211003,TMAX,191,,,a,
ASN00092045,20211004,TMAX,164,,,a,
ASN00092045,20211005,TMAX,180,,,a,
ASN00092045,20211006,TMAX,187,,,a,
ASN00092045,20211007,TMAX,172,,,a,
ASN00092045,20211008,TMAX,173,,,a,
ASN00092045,20211009,TMAX,196,,,a,
ASN00092045,20211010,TMAX,166,,,a,
ASN00092045,20211011,TMAX,149,,,a,
ASN00092045,20211012,TMAX,166,,,a,
ASN00092045,20211013,TMAX,160,,,a,
ASN00092045,20211014,TMAX,142,,,a,
ASN00092045,20211015,TMAX,164,,,a,
ASN00092045,20211016,TMAX,179,,,a,
ASN00092045,20211017,TMAX,172,,,a,
ASN00092045,20211018,TMAX,171,,,a,
ASN00092045,20211019,TMAX,139,,,a,
ASN00092045,20211020,TMAX,164,,,a,
ASN00092045,20211021,TMAX,181,,,a,
ASN00092045,20211022,TMAX,169,,,a,
ASN00092045,20211023,TMAX,147,,,a,
ASN00092045,20211024,TMAX,153,,,a,
ASN00092045,20211025,TMAX,147,,,a,
ASN00092045,20211026,TMAX,165,,,a,
ASN00092045,20211027,TMAX,167,,,a,
ASN00092045,20211028,TMAX,194,,,a,
ASN00092045,20211029,TMAX,141,,,a,
ASN00092045,20211030,TMAX,165,,,a,
ASN00092045,20211031,TMAX,184,,,a,
ASN00092045,20211001,TMIN,116,,,a,
ASN00092045,20211002,TMIN,127,,,a,
ASN00092045,20211003,TMIN,111,,,a,
ASN00092045,20211004,TMIN,112,,,a,
ASN00092045,20211005,TMIN,100,,,a,
ASN00092045,20211006,TMIN,77,,,a,
ASN00092045,20211007,TMIN,70,,,a,
ASN00092045,20211008,TMIN,81,,,a,
ASN00092045,20211009,TMIN,92,,,a,
ASN00092045,20211010,TMIN,76,,,a,
ASN00092045,20211011,TMIN,83,,,a,
ASN00092045,20211012,TMIN,86,,,a,
ASN00092045,20211013,TMIN,105,,,a,
ASN00092045,20211014,TMIN,120,,,a,
ASN00092045,20211015,TMIN,115,,,a,
ASN00092045,20211016,TMIN,93,,,a,
ASN00092045,20211017,TMIN,64,,,a,
ASN00092045,20211018,TMIN,97,,,a,
ASN00092045,20211019,TMIN,100,,,a,
ASN00092045,20211020,TMIN,92,,,a,
ASN00092045,20211021,TMIN,126,,,a,
ASN00092045,20211022,TMIN,140,,,a,
ASN00092045,20211023,TMIN,134,,,a,
ASN00092045,20211024,TMIN,87,,,a,
ASN00092045,20211025,TMIN,99,,,a,
ASN00092045,20211026,TMIN,107,,,a,
ASN00092045,20211027,TMIN,80,,,a,
ASN00092045,20211028,TMIN,99,,,a,
ASN00092045,20211029,TMIN,119,,,a,
ASN00092045,20211030,TMIN,37,,,a,
ASN00092045,20211031,TMIN,62,,,a,
ASN00092045,20211001,PRCP,42,,,a,
ASN00092045,20211002,PRCP,174,,,a,
ASN00092045,20211003,PRCP,90,,,a,
ASN00092045,20211004,PRCP,4,,,a,
ASN00092045,20211005,PRCP,16,,,a,
ASN00092045,20211006,PRCP,34,,,a,
ASN00092045,20211007,PRCP,40,,,a,
ASN00092045,20211008,PRCP,2,,,a,
ASN00092045,20211009,PRCP,0,,,a,
ASN00092045,20211010,PRCP,0,,,a,
ASN00092045,20211011,PRCP,16,,,a,
ASN00092045,20211012,PRCP,6,,,a,
ASN00092045,20211013,PRCP,0,,,a,
ASN00092045,20211014,PRCP,52,,,a,
ASN00092045,20211015,PRCP,134,,,a,
ASN00092045,20211016,PRCP,10,,,a,
ASN00092045,20211017,PRCP,0,,,a,
ASN00092045,20211018,PRCP,6,,,a,
ASN00092045,20211019,PRCP,156,,,a,
ASN00092045,20211020,PRCP,2,,,a,
ASN00092045,20211021,PRCP,4,,,a,
ASN00092045,20211022,PRCP,0,,,a,
ASN00092045,20211023,PRCP,84,,,a,
ASN00092045,20211024,PRCP,118,,,a,
ASN00092045,20211025,PRCP,0,,,a,
ASN00092045,20211026,PRCP,0,,,a,
ASN00092045,20211027,PRCP,0,,,a,
ASN00092045,20211028,PRCP,0,,,a,
ASN00092045,20211029,PRCP,68,,,a,
ASN00092045,20211030,PRCP,80,,,a,
ASN00092045,20211031,PRCP,22,,,a,
ASN00092045,20211001,TAVG,134,H,,S,
ASN00092045,20211002,TAVG,126,H,,S,
ASN00092045,20211003,TAVG,131,H,,S,
ASN00092045,20211004,TAVG,124,H,,S,
ASN00092045,20211005,TAVG,117,H,,S,
ASN00092045,20211006,TAVG,127,H,,S,
ASN00092045,20211007,TAVG,118,H,,S,
ASN00092045,20211008,TAVG,128,H,,S,
ASN00092045,20211009,TAVG,133,H,,S,
ASN00092045,20211010,TAVG,114,H,,S,
ASN00092045,20211011,TAVG,108,H,,S,
ASN00092045,20211012,TAVG,128,H,,S,
ASN00092045,20211013,TAVG,132,H,,S,
ASN00092045,20211014,TAVG,132,H,,S,
ASN00092045,20211015,TAVG,121,H,,S,
ASN00092045,20211016,TAVG,117,H,,S,
ASN00092045,20211017,TAVG,124,H,,S,
ASN00092045,20211018,TAVG,122,H,,S,
ASN00092045,20211019,TAVG,117,H,,S,
ASN00092045,20211020,TAVG,139,H,,S,
ASN00092045,20211021,TAVG,152,H,,S,
ASN00092045,20211022,TAVG,143,H,,S,
ASN00092045,20211023,TAVG,109,H,,S,
ASN00092045,20211024,TAVG,116,H,,S,
ASN00092045,20211025,TAVG,117,H,,S,
ASN00092045,20211026,TAVG,119,H,,S,
ASN00092045,20211027,TAVG,133,H,,S,
ASN00092045,20211028,TAVG,138,H,,S,
ASN00092045,20211029,TAVG,87,H,,S,
ASN00092045,20211030,TAVG,109,H,,S,
ASN00092045,20211031,TAVG,133,H,,S,
ASN00092045,20211101,TMAX,194,,,a,
ASN00092045,20211102,TMAX,177,,,a,
ASN00092045,20211103,TMAX,188,,,a,
ASN00092045,20211104,TMAX,176,,,a,
ASN00092045,20211105,TMAX,153,,,a,
ASN00092045,20211106,TMAX,183,,,a,
ASN00092045,20211107,TMAX,177,,,a,
ASN00092045,20211108,TMAX,196,,,a,
ASN00092045,20211109,TMAX,202,,,a,
ASN00092045,20211110,TMAX,143,,,a,
ASN00092045,20211111,TMAX,214,,,a,
ASN00092045,20211112,TMAX,136,,,a,
ASN00092045,20211113,TMAX,155,,,a,
ASN00092045,20211114,TMAX,144,,,a,
ASN00092045,20211115,TMAX,152,,,a,
ASN00092045,20211116,TMAX,177,,,a,
ASN00092045,20211117,TMAX,184,,,a,
ASN00092045,20211118,TMAX,171,,,a,
ASN00092045,20211119,TMAX,187,,,a,
ASN00092045,20211120,TMAX,181,,,a,
ASN00092045,20211121,TMAX,197,,,a,
ASN00092045,20211122,TMAX,188,,,a,
ASN00092045,20211123,TMAX,188,,,a,
ASN00092045,20211124,TMAX,214,,,a,
ASN00092045,20211125,TMAX,186,,,a,
ASN00092045,20211126,TMAX,158,,,a,
ASN00092045,20211127,TMAX,186,,,a,
ASN00092045,20211128,TMAX,180,,,a,
ASN00092045,20211129,TMAX,185,,,a,
ASN00092045,20211130,TMAX,201,,,a,
ASN00092045,20211101,TMIN,99,,,a,
ASN00092045,20211102,TMIN,97,,,a,
ASN00092045,20211103,TMIN,135,,,a,
ASN00092045,20211104,TMIN,122,,,a,
ASN00092045,20211105,TMIN,124,,,a,
ASN00092045,20211106,TMIN,127,,,a,
ASN00092045,20211107,TMIN,126,,,a,
ASN00092045,20211108,TMIN,110,,,a,
ASN00092045,20211109,TMIN,97,,,a,
ASN00092045,20211110,TMIN,110,,,a,
ASN00092045,20211111,TMIN,66,,,a,
ASN00092045,20211112,TMIN,117,,,a,
ASN00092045,20211113,TMIN,102,,,a,
ASN00092045,20211114,TMIN,61,,,a,
ASN00092045,20211115,TMIN,33,,,a,
ASN00092045,20211116,TMIN,41,,,a,
ASN00092045,20211117,TMIN,66,,,a,
ASN00092045,20211118,TMIN,110,,,a,
ASN00092045,20211119,TMIN,123,,,a,
ASN00092045,20211120,TMIN,101,,,a,
ASN00092045,20211121,TMIN,121,,,a,
ASN00092045,20211122,TMIN,101,,,a,
ASN00092045,20211123,TMIN,127,,,a,
ASN00092045,20211124,TMIN,149,,,a,
ASN00092045,20211125,TMIN,144,,,a,
ASN00092045,20211126,TMIN,112,,,a,
ASN00092045,20211127,TMIN,118,,,a,
ASN00092045,20211128,TMIN,85,,,a,
ASN00092045,20211129,TMIN,102,,,a,
ASN00092045,20211130,TMIN,139,,,a,
ASN00092045,20211101,PRCP,0,,,a,
ASN00092045,20211102,PRCP,0,,,a,
ASN00092045,20211103,PRCP,0,,,a,
ASN00092045,20211104,PRCP,32,,,a,
ASN00092045,20211105,PRCP,2,,,a,
ASN00092045,20211106,PRCP,2,,,a,
ASN00092045,20211107,PRCP,28,,,a,
ASN00092045,20211108,PRCP,4,,,a,
ASN00092045,20211109,PRCP,0,,,a,
ASN00092045,20211110,PRCP,0,,,a,
ASN00092045,20211111,PRCP,52,,,a,
ASN00092045,20211112,PRCP,0,,,a,
ASN00092045,20211113,PRCP,46,,,a,
ASN00092045,20211114,PRCP,42,,,a,
ASN00092045,20211115,PRCP,46,,,a,
ASN00092045,20211116,PRCP,0,,,a,
ASN00092045,20211117,PRCP,0,,,a,
ASN00092045,20211118,PRCP,0,,,a,
ASN00092045,20211119,PRCP,32,,,a,
ASN00092045,20211120,PRCP,0,,,a,
ASN00092045,20211121,PRCP,0,,,a,
ASN00092045,20211122,PRCP,0,,,a,
ASN00092045,20211123,PRCP,0,,,a,
ASN00092045,20211124,PRCP,0,,,a,
ASN00092045,20211125,PRCP,0,,,a,
ASN00092045,20211126,PRCP,42,,,a,
ASN00092045,20211127,PRCP,0,,,a,
ASN00092045,20211128,PRCP,0,,,a,
ASN00092045,20211129,PRCP,0,,,a,
ASN00092045,20211130,PRCP,0,,,a,
ASN00092045,20211101,TAVG,135,H,,S,
ASN00092045,20211102,TAVG,155,H,,S,
ASN00092045,20211103,TAVG,151,H,,S,
ASN00092045,20211104,TAVG,144,H,,S,
ASN00092045,20211105,TAVG,142,H,,S,
ASN00092045,20211106,TAVG,152,H,,S,
ASN00092045,20211107,TAVG,136,H,,S,
ASN00092045,20211108,TAVG,143,H,,S,
ASN00092045,20211109,TAVG,141,H,,S,
ASN00092045,20211110,TAVG,104,H,,S,
ASN00092045,20211111,TAVG,143,H,,S,
ASN00092045,20211112,TAVG,118,H,,S,
ASN00092045,20211113,TAVG,106,H,,S,
ASN00092045,20211114,TAVG,83,H,,S,
ASN00092045,20211115,TAVG,94,H,,S,
ASN00092045,20211116,TAVG,122,H,,S,
ASN00092045,20211117,TAVG,138,H,,S,
ASN00092045,20211118,TAVG,145,H,,S,
ASN00092045,20211119,TAVG,135,H,,S,
ASN00092045,20211120,TAVG,143,H,,S,
ASN00092045,20211121,TAVG,147,H,,S,
ASN00092045,20211122,TAVG,154,H,,S,
ASN00092045,20211123,TAVG,163,H,,S,
ASN00092045,20211124,TAVG,169,H,,S,
ASN00092045,20211125,TAVG,135,H,,S,
ASN00092045,20211126,TAVG,135,H,,S,
ASN00092045,20211127,TAVG,134,H,,S,
ASN00092045,20211128,TAVG,144,H,,S,
ASN00092045,20211129,TAVG,157,H,,S,
ASN00092045,20211130,TAVG,168,H,,S,
ASN00092045,20211201,TMAX,208,,,a,
ASN00092045,20211202,TMAX,203,,,a,
ASN00092045,20211203,TMAX,210,,,a,
ASN00092045,20211204,TMAX,207,,,a,
ASN00092045,20211205,TMAX,191,,,a,
ASN00092045,20211206,TMAX,194,,,a,
ASN00092045,20211207,TMAX,217,,,a,
ASN00092045,20211208,TMAX,174,,,a,
ASN00092045,20211209,TMAX,193,,,a,
ASN00092045,20211210,TMAX,188,,,a,
ASN00092045,20211211,TMAX,180,,,a,
ASN00092045,20211212,TMAX,196,,,a,
ASN00092045,20211213,TMAX,197,,,a,
ASN00092045,20211214,TMAX,218,,,a,
ASN00092045,20211215,TMAX,209,,,a,
ASN00092045,20211216,TMAX,184,,,a,
ASN00092045,20211217,TMAX,202,,,a,
ASN00092045,20211218,TMAX,271,,,a,
ASN00092045,20211219,TMAX,219,,,a,
ASN00092045,20211220,TMAX,184,,,a,
ASN00092045,20211221,TMAX,213,,,a,
ASN00092045,20211222,TMAX,218,,,a,
ASN00092045,20211223,TMAX,179,,,a,
ASN00092045,20211224,TMAX,203,,,a,
ASN00092045,20211225,TMAX,239,,,a,
ASN00092045,20211226,TMAX,212,,,a,
ASN00092045,20211227,TMAX,183,,,a,
ASN00092045,20211228,TMAX,228,,,a,
ASN00092045,20211229,TMAX,233,,,a,
ASN00092045,20211230,TMAX,250,,,a,
ASN00092045,20211231,TMAX,283,,,a,
ASN00092045,20211201,TMIN,149,,,a,
ASN00092045,20211202,TMIN,151,,,a,
ASN00092045,20211203,TMIN,125,,,a,
ASN00092045,20211204,TMIN,109,,,a,
ASN00092045,20211205,TMIN,112,,,a,
ASN00092045,20211206,TMIN,142,,,a,
ASN00092045,20211207,TMIN,155,,,a,
ASN00092045,20211208,TMIN,110,,,a,
ASN00092045,20211209,TMIN,129,,,a,
ASN00092045,20211210,TMIN,121,,,a,
ASN00092045,20211211,TMIN,115,,,a,
ASN00092045,20211212,TMIN,133,,,a,
ASN00092045,20211213,TMIN,142,,,a,
ASN00092045,20211214,TMIN,142,,,a,
ASN00092045,20211215,TMIN,154,,,a,
ASN00092045,20211216,TMIN,136,,,a,
ASN00092045,20211217,TMIN,115,,,a,
ASN00092045,20211218,TMIN,150,,,a,
ASN00092045,20211219,TMIN,127,,,a,
ASN00092045,20211220,TMIN,114,,,a,
ASN00092045,20211221,TMIN,134,,,a,
ASN00092045,20211222,TMIN,100,,,a,
ASN00092045,20211223,TMIN,125,,,a,
ASN00092045,20211224,TMIN,103,,,a,
ASN00092045,20211225,TMIN,145,,,a,
ASN00092045,20211226,TMIN,145,,,a,
ASN00092045,20211227,TMIN,103,,,a,
ASN00092045,20211228,TMIN,103,,,a,
ASN00092045,20211229,TMIN,104,,,a,
ASN00092045,20211230,TMIN,128,,,a,
ASN00092045,20211231,TMIN,141,,,a,
ASN00092045,20211201,PRCP,0,,,a,
ASN00092045,20211202,PRCP,0,,,a,
ASN00092045,20211203,PRCP,8,,,a,
ASN00092045,20211204,PRCP,2,,,a,
ASN00092045,20211205,PRCP,0,,,a,
ASN00092045,20211206,PRCP,0,,,a,
ASN00092045,20211207,PRCP,0,,,a,
ASN00092045,20211208,PRCP,68,,,a,
ASN00092045,20211209,PRCP,2,,,a,
ASN00092045,20211210,PRCP,2,,,a,
ASN00092045,20211211,PRCP,4,,,a,
ASN00092045,20211212,PRCP,2,,,a,
ASN00092045,20211213,PRCP,0,,,a,
ASN00092045,20211214,PRCP,0,,,a,
ASN00092045,20211215,PRCP,0,,,a,
ASN00092045,20211216,PRCP,0,,,a,
ASN00092045,20211217,PRCP,0,,,a,
ASN00092045,20211218,PRCP,0,,,a,
ASN00092045,20211219,PRCP,2,,,a,
ASN00092045,20211220,PRCP,34,,,a,
ASN00092045,20211221,PRCP,6,,,a,
ASN00092045,20211222,PRCP,0,,,a,
ASN00092045,20211223,PRCP,0,,,a,
ASN00092045,20211224,PRCP,0,,,a,
ASN00092045,20211225,PRCP,0,,,a,
ASN00092045,20211226,PRCP,0,,,a,
ASN00092045,20211227,PRCP,44,,,a,
ASN00092045,20211228,PRCP,0,,,a,
ASN00092045,20211229,PRCP,0,,,a,
ASN00092045,20211230,PRCP,0,,,a,
ASN00092045,20211231,PRCP,0,,,a,
ASN00092045,20211201,TAVG,172,H,,S,
ASN00092045,20211202,TAVG,167,H,,S,
ASN00092045,20211203,TAVG,150,H,,S,
ASN00092045,20211204,TAVG,136,H,,S,
ASN00092045,20211205,TAVG,158,H,,S,
ASN00092045,20211206,TAVG,169,H,,S,
ASN00092045,20211207,TAVG,140,H,,S,
ASN00092045,20211208,TAVG,147,H,,S,
ASN00092045,20211209,TAVG,150,H,,S,
ASN00092045,20211210,TAVG,146,H,,S,
ASN00092045,20211211,TAVG,148,H,,S,
ASN00092045,20211212,TAVG,158,H,,S,
ASN00092045,20211213,TAVG,162,H,,S,
ASN00092045,20211214,TAVG,175,H,,S,
ASN00092045,20211215,TAVG,168,H,,S,
ASN00092045,20211216,TAVG,152,H,,S,
ASN00092045,20211217,TAVG,172,H,,S,
ASN00092045,20211218,TAVG,188,H,,S,
ASN00092045,20211219,TAVG,141,H,,S,
ASN00092045,20211220,TAVG,159,H,,S,
ASN00092045,20211221,TAVG,157,H,,S,
ASN00092045,20211222,TAVG,163,H,,S,
ASN00092045,20211223,TAVG,141,H,,S,
ASN00092045,20211224,TAVG,167,H,,S,
ASN00092045,20211225,TAVG,180,H,,S,
ASN00092045,20211226,TAVG,142,H,,S,
ASN00092045,20211227,TAVG,147,H,,S,
ASN00092045,20211228,TAVG,162,H,,S,
ASN00092045,20211229,TAVG,178,H,,S,
ASN00092045,20211230,TAVG,179,H,,S,
ASN00092045,20211231,TAVG,194,H,,S,
ASN00092045,20220101,TMAX,276,,,a,
ASN00092045,20220102,TMAX,243,,,a,
ASN00092045,20220103,TMAX,219,,,a,
ASN00092045,20220104,TMAX,204,,,a,
ASN00092045,20220105,TMAX,179,,,a,
ASN00092045,20220106,TMAX,185,,,a,
ASN00092045,20220107,TMAX,208,,,a,
ASN00092045,20220108,TMAX,191,,,a,
ASN00092045,20220109,TMAX,212,,,a,
ASN00092045,20220110,TMAX,236,,,a,
ASN00092045,20220111,TMAX,195,,,a,
ASN00092045,20220112,TMAX,208,,,a,
ASN00092045,20220113,TMAX,228,,,a,
ASN00092045,20220114,TMAX,227,,,a,
ASN00092045,20220115,TMAX,258,,,a,
ASN00092045,20220116,TMAX,231,,,a,
ASN00092045,20220117,TMAX,270,,,a,
ASN00092045,20220118,TMAX,225,,,a,
ASN00092045,20220119,TMAX,197,,,a,
ASN00092045,20220120,TMAX,222,,,a,
ASN00092045,20220121,TMAX,224,,,a,
ASN00092045,20220122,TMAX,234,,,a,
ASN00092045,20220123,TMAX,241,,,a,
ASN00092045,20220124,TMAX,228,,,a,
ASN00092045,20220125,TMAX,250,,,a,
ASN00092045,20220126,TMAX,219,,,a,
ASN00092045,20220127,TMAX,221,,,a,
ASN00092045,20220128,TMAX,238,,,a,
ASN00092045,20220129,TMAX,212,,,a,
ASN00092045,20220130,TMAX,218,,,a,
ASN00092045,20220131,TMAX,224,,,a,
ASN00092045,20220101,TMIN,161,,,a,
ASN00092045,20220102,TMIN,173,,,a,
ASN00092045,20220103,TMIN,148,,,a,
ASN00092045,20220104,TMIN,153,,,a,
ASN00092045,20220105,TMIN,157,,,a,
ASN00092045,20220106,TMIN,151,,,a,
ASN00092045,20220107,TMIN,166,,,a,
ASN00092045,20220108,TMIN,164,,,a,
ASN00092045,20220109,TMIN,139,,,a,
ASN00092045,20220110,TMIN,157,,,a,
ASN00092045,20220111,TMIN,149,,,a,
ASN00092045,20220112,TMIN,154,,,a,
ASN00092045,20220113,TMIN,154,,,a,
ASN00092045,20220114,TMIN,169,,,a,
ASN00092045,20220115,TMIN,180,,,a,
ASN00092045,20220116,TMIN,173,,,a,
ASN00092045,20220117,TMIN,146,,,a,
ASN00092045,20220118,TMIN,151,,,a,
ASN00092045,20220119,TMIN,144,,,a,
ASN00092045,20220120,TMIN,146,,,a,
ASN00092045,20220121,TMIN,150,,,a,
ASN00092045,20220122,TMIN,175,,,a,
ASN00092045,20220123,TMIN,172,,,a,
ASN00092045,20220124,TMIN,177,,,a,
ASN00092045,20220125,TMIN,156,,,a,
ASN00092045,20220126,TMIN,175,,,a,
ASN00092045,20220127,TMIN,172,,,a,
ASN00092045,20220128,TMIN,185,,,a,
ASN00092045,20220129,TMIN,170,,,a,
ASN00092045,20220130,TMIN,158,,,a,
ASN00092045,20220131,TMIN,164,,,a,
ASN00092045,20220101,PRCP,0,,,a,
ASN00092045,20220102,PRCP,4,,,a,
ASN00092045,20220103,PRCP,2,,,a,
ASN00092045,20220104,PRCP,0,,,a,
ASN00092045,20220105,PRCP,0,,,a,
ASN00092045,20220106,PRCP,10,,,a,
ASN00092045,20220107,PRCP,416,,,a,
ASN00092045,20220108,PRCP,16,,,a,
ASN00092045,20220109,PRCP,0,,,a,
ASN00092045,20220110,PRCP,0,,,a,
ASN00092045,20220111,PRCP,4,,,a,
ASN00092045,20220112,PRCP,2,,,a,
ASN00092045,20220113,PRCP,0,,,a,
ASN00092045,20220114,PRCP,6,,,a,
ASN00092045,20220115,PRCP,22,,,a,
ASN00092045,20220116,PRCP,4,,,a,
ASN00092045,20220117,PRCP,2,,,a,
ASN00092045,20220118,PRCP,2,,,a,
ASN00092045,20220119,PRCP,0,,,a,
ASN00092045,20220120,PRCP,0,,,a,
ASN00092045,20220121,PRCP,0,,,a,
ASN00092045,20220122,PRCP,0,,,a,
ASN00092045,20220123,PRCP,0,,,a,
ASN00092045,20220124,PRCP,0,,,a,
ASN00092045,20220125,PRCP,0,,,a,
ASN00092045,20220127,PRCP,0,,,a,
ASN00092045,20220128,PRCP,6,,,a,
ASN00092045,20220129,PRCP,160,,,a,
ASN00092045,20220130,PRCP,2,,,a,
ASN00092045,20220131,PRCP,0,,,a,
ASN00092045,20220101,TAVG,202,H,,S,
ASN00092045,20220102,TAVG,183,H,,S,
ASN00092045,20220103,TAVG,174,H,,S,
ASN00092045,20220104,TAVG,171,H,,S,
ASN00092045,20220105,TAVG,164,H,,S,
ASN00092045,20220106,TAVG,176,H,,S,
ASN00092045,20220107,TAVG,181,H,,S,
ASN00092045,20220108,TAVG,160,H,,S,
ASN00092045,20220109,TAVG,179,H,,S,
ASN00092045,20220110,TAVG,176,H,,S,
ASN00092045,20220111,TAVG,170,H,,S,
ASN00092045,20220112,TAVG,176,H,,S,
ASN00092045,20220113,TAVG,189,H,,S,
ASN00092045,20220114,TAVG,190,H,,S,
ASN00092045,20220115,TAVG,196,H,,S,
ASN00092045,20220116,TAVG,179,H,,S,
ASN00092045,20220117,TAVG,194,H,,S,
ASN00092045,20220118,TAVG,172,H,,S,
ASN00092045,20220119,TAVG,167,H,,S,
ASN00092045,20220120,TAVG,179,H,,S,
ASN00092045,20220121,TAVG,191,H,,S,
ASN00092045,20220122,TAVG,193,H,,S,
ASN00092045,20220123,TAVG,199,H,,S,
ASN00092045,20220124,TAVG,189,H,,S,
ASN00092045,20220125,TAVG,201,H,,S,
ASN00092045,20220126,TAVG,196,H,,S,
ASN00092045,20220127,TAVG,196,H,,S,
ASN00092045,20220128,TAVG,194,H,,S,
ASN00092045,20220129,TAVG,181,H,,S,
ASN00092045,20220130,TAVG,184,H,,S,
ASN00092045,20220131,TAVG,202,H,,S,
ASN00092045,20220201,TMAX,272,,,a,
ASN00092045,20220202,TMAX,197,,,a,
ASN00092045,20220203,TMAX,197,,,a,
ASN00092045,20220204,TMAX,212,,,a,
ASN00092045,20220205,TMAX,224,,,a,
ASN00092045,20220206,TMAX,223,,,a,
ASN00092045,20220207,TMAX,232,,,a,
ASN00092045,20220208,TMAX,231,,,a,
ASN00092045,20220209,TMAX,237,,,a,
ASN00092045,20220210,TMAX,254,,,a,
ASN00092045,20220211,TMAX,219,,,a,
ASN00092045,20220212,TMAX,210,,,a,
ASN00092045,20220213,TMAX,220,,,a,
ASN00092045,20220214,TMAX,242,,,a,
ASN00092045,20220215,TMAX,228,,,a,
ASN00092045,20220216,TMAX,233,,,a,
ASN00092045,20220217,TMAX,233,,,a,
ASN00092045,20220218,TMAX,247,,,a,
ASN00092045,20220219,TMAX,219,,,a,
ASN00092045,20220220,TMAX,234,,,a,
ASN00092045,20220221,TMAX,217,,,a,
ASN00092045,20220222,TMAX,208,,,a,
ASN00092045,20220223,TMAX,204,,,a,
ASN00092045,20220224,TMAX,221,,,a,
ASN00092045,20220225,TMAX,200,,,a,
ASN00092045,20220226,TMAX,218,,,a,
ASN00092045,20220227,TMAX,216,,,a,
ASN00092045,20220228,TMAX,200,,,a,
ASN00092045,20220201,TMIN,176,,,a,
ASN00092045,20220202,TMIN,124,,,a,
ASN00092045,20220203,TMIN,109,,,a,
ASN00092045,20220204,TMIN,136,,,a,
ASN00092045,20220205,TMIN,145,,,a,
ASN00092045,20220206,TMIN,159,,,a,
ASN00092045,20220207,TMIN,159,,,a,
ASN00092045,20220208,TMIN,162,,,a,
ASN00092045,20220209,TMIN,153,,,a,
ASN00092045,20220210,TMIN,152,,,a,
ASN00092045,20220211,TMIN,165,,,a,
ASN00092045,20220212,TMIN,152,,,a,
ASN00092045,20220213,TMIN,152,,,a,
ASN00092045,20220214,TMIN,179,,,a,
ASN00092045,20220215,TMIN,177,,,a,
ASN00092045,20220216,TMIN,168,,,a,
ASN00092045,20220217,TMIN,151,,,a,
ASN00092045,20220218,TMIN,156,,,a,
ASN00092045,20220219,TMIN,150,,,a,
ASN00092045,20220220,TMIN,136,,,a,
ASN00092045,20220221,TMIN,104,,,a,
ASN00092045,20220222,TMIN,138,,,a,
ASN00092045,20220223,TMIN,160,,,a,
ASN00092045,20220224,TMIN,186,,,a,
ASN00092045,20220225,TMIN,166,,,a,
ASN00092045,20220226,TMIN,158,,,a,
ASN00092045,20220227,TMIN,164,,,a,
ASN00092045,20220228,TMIN,171,,,a,
ASN00092045,20220201,PRCP,2,,,a,
ASN00092045,20220202,PRCP,134,,,a,
ASN00092045,20220203,PRCP,8,,,a,
ASN00092045,20220204,PRCP,12,,,a,
ASN00092045,20220205,PRCP,28,,,a,
ASN00092045,20220206,PRCP,0,,,a,
ASN00092045,20220207,PRCP,0,,,a,
ASN00092045,20220208,PRCP,0,,,a,
ASN00092045,20220209,PRCP,2,,,a,
ASN00092045,20220210,PRCP,0,,,a,
ASN00092045,20220211,PRCP,0,,,a,
ASN00092045,20220212,PRCP,0,,,a,
ASN00092045,20220213,PRCP,2,,,a,
ASN00092045,20220214,PRCP,0,,,a,
ASN00092045,20220215,PRCP,0,,,a,
ASN00092045,20220216,PRCP,0,,,a,
ASN00092045,20220217,PRCP,72,,,a,
ASN00092045,20220218,PRCP,0,,,a,
ASN00092045,20220219,PRCP,0,,,a,
ASN00092045,20220220,PRCP,0,,,a,
ASN00092045,20220221,PRCP,0,,,a,
ASN00092045,20220222,PRCP,0,,,a,
ASN00092045,20220223,PRCP,0,,,a,
ASN00092045,20220224,PRCP,2,,,a,
ASN00092045,20220225,PRCP,8,,,a,
ASN00092045,20220226,PRCP,0,,,a,
ASN00092045,20220227,PRCP,256,,,a,
ASN00092045,20220228,PRCP,56,,,a,
ASN00092045,20220201,TAVG,178,H,,S,
ASN00092045,20220202,TAVG,151,H,,S,
ASN00092045,20220203,TAVG,162,H,,S,
ASN00092045,20220204,TAVG,177,H,,S,
ASN00092045,20220205,TAVG,181,H,,S,
ASN00092045,20220206,TAVG,184,H,,S,
ASN00092045,20220207,TAVG,185,H,,S,
ASN00092045,20220208,TAVG,186,H,,S,
ASN00092045,20220209,TAVG,184,H,,S,
ASN00092045,20220210,TAVG,197,H,,S,
ASN00092045,20220211,TAVG,175,H,,S,
ASN00092045,20220212,TAVG,183,H,,S,
ASN00092045,20220213,TAVG,197,H,,S,
ASN00092045,20220214,TAVG,199,H,,S,
ASN00092045,20220215,TAVG,194,H,,S,
ASN00092045,20220216,TAVG,182,H,,S,
ASN00092045,20220217,TAVG,184,H,,S,
ASN00092045,20220218,TAVG,178,H,,S,
ASN00092045,20220219,TAVG,168,H,,S,
ASN00092045,20220220,TAVG,167,H,,S,
ASN00092045,20220221,TAVG,172,H,,S,
ASN00092045,20220222,TAVG,184,H,,S,
ASN00092045,20220223,TAVG,192,H,,S,
ASN00092045,20220224,TAVG,181,H,,S,
ASN00092045,20220225,TAVG,170,H,,S,
ASN00092045,20220226,TAVG,181,H,,S,
ASN00092045,20220227,TAVG,189,H,,S,
ASN00092045,20220228,TAVG,191,H,,S,
ASN00092045,20220301,TMAX,219,,,a,
ASN00092045,20220302,TMAX,218,,,a,
ASN00092045,20220303,TMAX,236,,,a,
ASN00092045,20220304,TMAX,244,,,a,
ASN00092045,20220305,TMAX,241,,,a,
ASN00092045,20220306,TMAX,175,,,a,
ASN00092045,20220307,TMAX,194,,,a,
ASN00092045,20220308,TMAX,182,,,a,
ASN00092045,20220309,TMAX,185,,,a,
ASN00092045,20220310,TMAX,211,,,a,
ASN00092045,20220311,TMAX,209,,,a,
ASN00092045,20220312,TMAX,211,,,a,
ASN00092045,20220313,TMAX,230,,,a,
ASN00092045,20220314,TMAX,214,,,a,
ASN00092045,20220315,TMAX,221,,,a,
ASN00092045,20220316,TMAX,213,,,a,
ASN00092045,20220317,TMAX,224,,,a,
ASN00092045,20220318,TMAX,189,,,a,
ASN00092045,20220319,TMAX,194,,,a,
ASN00092045,20220320,TMAX,212,,,a,
ASN00092045,20220321,TMAX,205,,,a,
ASN00092045,20220322,TMAX,212,,,a,
ASN00092045,20220323,TMAX,208,,,a,
ASN00092045,20220324,TMAX,213,,,S,
ASN00092045,20220325,TMAX,208,,,S,
ASN00092045,20220326,TMAX,218,,,S,
ASN00092045,20220327,TMAX,213,,,S,
ASN00092045,20220328,TMAX,225,,,S,
ASN00092045,20220329,TMAX,222,,,S,
ASN00092045,20220330,TMAX,201,,,S,
ASN00092045,20220331,TMAX,168,,,S,
ASN00092045,20220301,TMIN,165,,,a,
ASN00092045,20220302,TMIN,177,,,a,
ASN00092045,20220303,TMIN,182,,,a,
ASN00092045,20220304,TMIN,181,,,a,
ASN00092045,20220305,TMIN,183,,,a,
ASN00092045,20220306,TMIN,137,,,a,
ASN00092045,20220307,TMIN,153,,,a,
ASN00092045,20220308,TMIN,122,,,a,
ASN00092045,20220309,TMIN,150,,,a,
ASN00092045,20220310,TMIN,124,,,a,
ASN00092045,20220311,TMIN,136,,,a,
ASN00092045,20220312,TMIN,132,,,a,
ASN00092045,20220313,TMIN,147,,,a,
ASN00092045,20220314,TMIN,166,,,a,
ASN00092045,20220315,TMIN,167,,,a,
ASN00092045,20220316,TMIN,182,,,a,
ASN00092045,20220317,TMIN,186,,,a,
ASN00092045,20220318,TMIN,169,,,a,
ASN00092045,20220319,TMIN,117,,,a,
ASN00092045,20220320,TMIN,146,,,a,
ASN00092045,20220321,TMIN,166,,,a,
ASN00092045,20220322,TMIN,145,,,a,
ASN00092045,20220323,TMIN,99,,,a,
ASN00092045,20220324,TMIN,92,,,S,
ASN00092045,20220325,TMIN,120,,,S,
ASN00092045,20220326,TMIN,137,,,S,
ASN00092045,20220327,TMIN,159,,,S,
ASN00092045,20220331,TMIN,122,,,S,
ASN00092045,20220301,PRCP,1410,,,a,
ASN00092045,20220302,PRCP,8,,,a,
ASN00092045,20220303,PRCP,0,,,a,
ASN00092045,20220304,PRCP,0,,,a,
ASN00092045,20220305,PRCP,18,,,a,
ASN00092045,20220306,PRCP,4,,,a,
ASN00092045,20220307,PRCP,0,,,a,
ASN00092045,20220308,PRCP,0,,,a,
ASN00092045,20220309,PRCP,0,,,a,
ASN00092045,20220310,PRCP,0,,,a,
ASN00092045,20220311,PRCP,0,,,a,
ASN00092045,20220312,PRCP,0,,,a,
ASN00092045,20220313,PRCP,2,,,a,
ASN00092045,20220314,PRCP,2,,,a,
ASN00092045,20220315,PRCP,54,,,a,
ASN00092045,20220316,PRCP,2,,,a,
ASN00092045,20220317,PRCP,0,,,a,
ASN00092045,20220318,PRCP,0,,,a,
ASN00092045,20220319,PRCP,0,,,a,
ASN00092045,20220320,PRCP,0,,,a,
ASN00092045,20220321,PRCP,0,,,a,
ASN00092045,20220322,PRCP,2,,,a,
ASN00092045,20220323,PRCP,2,,,a,
ASN00092045,20220324,PRCP,0,,,S,
ASN00092045,20220325,PRCP,0,,,S,
ASN00092045,20220326,PRCP,0,,,S,
ASN00092045,20220327,PRCP,3,,,S,
ASN00092045,20220328,PRCP,0,,,S,
ASN00092045,20220329,PRCP,3,,,S,
ASN00092045,20220330,PRCP,3,,,S,
ASN00092045,20220331,PRCP,0,,,S,
ASN00092045,20220301,TAVG,193,H,,S,
ASN00092045,20220302,TAVG,194,H,,S,
ASN00092045,20220303,TAVG,200,H,,S,
ASN00092045,20220304,TAVG,203,H,,S,
ASN00092045,20220305,TAVG,187,H,,S,
ASN00092045,20220306,TAVG,162,H,,S,
ASN00092045,20220307,TAVG,159,H,,S,
ASN00092045,20220308,TAVG,159,H,,S,
ASN00092045,20220309,TAVG,151,H,,S,
ASN00092045,20220310,TAVG,163,H,,S,
ASN00092045,20220311,TAVG,167,H,,S,
ASN00092045,20220312,TAVG,172,H,,S,
ASN00092045,20220313,TAVG,191,H,,S,
ASN00092045,20220314,TAVG,183,H,,S,
ASN00092045,20220315,TAVG,192,H,,S,
ASN00092045,20220316,TAVG,192,H,,S,
ASN00092045,20220317,TAVG,191,H,,S,
ASN00092045,20220318,TAVG,156,H,,S,
ASN00092045,20220319,TAVG,171,H,,S,
ASN00092045,20220320,TAVG,181,H,,S,
ASN00092045,20220321,TAVG,173,H,,S,
ASN00092045,20220322,TAVG,156,H,,S,
ASN00092045,20220323,TAVG,149,H,,S,
ASN00092045,20220324,TAVG,158,H,,S,
ASN00092045,20220325,TAVG,167,H,,S,
ASN00092045,20220326,TAVG,182,H,,S,
ASN00092045,20220327,TAVG,188,H,,S,
ASN00092045,20220328,TAVG,187,H,,S,
ASN00092045,20220329,TAVG,176,H,,S,
ASN00092045,20220330,TAVG,153,H,,S,
ASN00092045,20220331,TAVG,147,H,,S,
ASN00092045,20220401,TMAX,167,,,S,
ASN00092045,20220402,TMAX,170,,,S,
ASN00092045,20220402,TMIN,130,,,S,
ASN00092045,20220401,PRCP,23,,,S,
ASN00092045,20220402,PRCP,0,,,S,
ASN00092045,20220401,TAVG,149,H,,S,
ASN00092045,20220402,TAVG,154,H,,S,
