ASN00007124,19080101,PRCP,0,,,a,
ASN00007124,19080102,PRCP,0,,,a,
ASN00007124,19080103,PRCP,0,,,a,
ASN00007124,19080104,PRCP,0,,,a,
ASN00007124,19080105,PRCP,0,,,a,
ASN00007124,19080106,PRCP,0,,,a,
ASN00007124,19080107,PRCP,0,,,a,
ASN00007124,19080108,PRCP,0,,,a,
ASN00007124,19080109,PRCP,0,,,a,
ASN00007124,19080110,PRCP,0,,,a,
ASN00007124,19080111,PRCP,66,,,a,
ASN00007124,19080112,PRCP,0,,,a,
ASN00007124,19080113,PRCP,0,,,a,
ASN00007124,19080114,PRCP,0,,,a,
ASN00007124,19080115,PRCP,0,,,a,
ASN00007124,19080116,PRCP,0,,,a,
ASN00007124,19080117,PRCP,0,,,a,
ASN00007124,19080118,PRCP,0,,,a,
ASN00007124,19080119,PRCP,0,,,a,
ASN00007124,19080120,PRCP,0,,,a,
ASN00007124,19080121,PRCP,0,,,a,
ASN00007124,19080122,PRCP,0,,,a,
ASN00007124,19080123,PRCP,0,,,a,
ASN00007124,19080124,PRCP,0,,,a,
ASN00007124,19080125,PRCP,0,,,a,
ASN00007124,19080126,PRCP,0,,,a,
ASN00007124,19080127,PRCP,0,,,a,
ASN00007124,19080128,PRCP,0,,,a,
ASN00007124,19080129,PRCP,0,,,a,
ASN00007124,19080130,PRCP,0,,,a,
ASN00007124,19080131,PRCP,0,,,a,
ASN00007124,19080201,PRCP,0,,,a,
ASN00007124,19080202,PRCP,0,,,a,
ASN00007124,19080203,PRCP,0,,,a,
ASN00007124,19080204,PRCP,0,,,a,
ASN00007124,19080205,PRCP,0,,,a,
ASN00007124,19080206,PRCP,0,,,a,
ASN00007124,19080207,PRCP,0,,,a,
ASN00007124,19080208,PRCP,0,,,a,
ASN00007124,19080209,PRCP,0,,,a,
ASN00007124,19080210,PRCP,0,,,a,
ASN00007124,19080211,PRCP,0,,,a,
ASN00007124,19080212,PRCP,0,,,a,
ASN00007124,19080213,PRCP,0,,,a,
ASN00007124,19080214,PRCP,8,,,a,
ASN00007124,19080215,PRCP,0,,,a,
ASN00007124,19080216,PRCP,0,,,a,
ASN00007124,19080217,PRCP,0,,,a,
ASN00007124,19080218,PRCP,76,,,a,
ASN00007124,19080219,PRCP,74,,,a,
ASN00007124,19080220,PRCP,58,,,a,
ASN00007124,19080221,PRCP,28,,,a,
ASN00007124,19080222,PRCP,5,,,a,
ASN00007124,19080223,PRCP,0,,,a,
ASN00007124,19080224,PRCP,5,,,a,
ASN00007124,19080225,PRCP,0,,,a,
ASN00007124,19080226,PRCP,0,,,a,
ASN00007124,19080227,PRCP,0,,,a,
ASN00007124,19080228,PRCP,0,,,a,
ASN00007124,19080229,PRCP,0,,,a,
ASN00007124,19080301,PRCP,140,,,a,
ASN00007124,19080302,PRCP,0,,,a,
ASN00007124,19080303,PRCP,0,,,a,
ASN00007124,19080304,PRCP,0,,,a,
ASN00007124,19080305,PRCP,0,,,a,
ASN00007124,19080306,PRCP,0,,,a,
ASN00007124,19080307,PRCP,0,,,a,
ASN00007124,19080308,PRCP,0,,,a,
ASN00007124,19080309,PRCP,0,,,a,
ASN00007124,19080310,PRCP,0,,,a,
ASN00007124,19080311,PRCP,0,,,a,
ASN00007124,19080312,PRCP,0,,,a,
ASN00007124,19080313,PRCP,0,,,a,
ASN00007124,19080314,PRCP,0,,,a,
ASN00007124,19080315,PRCP,0,,,a,
ASN00007124,19080316,PRCP,0,,,a,
ASN00007124,19080317,PRCP,0,,,a,
ASN00007124,19080318,PRCP,0,,,a,
ASN00007124,19080319,PRCP,0,,,a,
ASN00007124,19080320,PRCP,0,,,a,
ASN00007124,19080321,PRCP,0,,,a,
ASN00007124,19080322,PRCP,0,,,a,
ASN00007124,19080323,PRCP,0,,,a,
ASN00007124,19080324,PRCP,0,,,a,
ASN00007124,19080325,PRCP,0,,,a,
ASN00007124,19080326,PRCP,25,,,a,
ASN00007124,19080327,PRCP,0,,,a,
ASN00007124,19080328,PRCP,0,,,a,
ASN00007124,19080329,PRCP,0,,,a,
ASN00007124,19080330,PRCP,0,,,a,
ASN00007124,19080331,PRCP,0,,,a,
ASN00007124,19080401,PRCP,0,,,a,
ASN00007124,19080402,PRCP,0,,,a,
ASN00007124,19080403,PRCP,0,,,a,
ASN00007124,19080404,PRCP,15,,,a,
ASN00007124,19080405,PRCP,0,,,a,
ASN00007124,19080406,PRCP,0,,,a,
ASN00007124,19080407,PRCP,25,,,a,
ASN00007124,19080408,PRCP,0,,,a,
ASN00007124,19080409,PRCP,0,,,a,
ASN00007124,19080410,PRCP,0,,,a,
ASN00007124,19080411,PRCP,0,,,a,
ASN00007124,19080412,PRCP,0,,,a,
ASN00007124,19080413,PRCP,0,,,a,
ASN00007124,19080414,PRCP,0,,,a,
ASN00007124,19080415,PRCP,18,,,a,
ASN00007124,19080416,PRCP,0,,,a,
ASN00007124,19080417,PRCP,0,,,a,
ASN00007124,19080418,PRCP,0,,,a,
ASN00007124,19080419,PRCP,0,,,a,
ASN00007124,19080420,PRCP,0,,,a,
ASN00007124,19080421,PRCP,0,,,a,
ASN00007124,19080422,PRCP,203,,,a,
ASN00007124,19080423,PRCP,0,,,a,
ASN00007124,19080424,PRCP,33,,,a,
ASN00007124,19080425,PRCP,38,,,a,
ASN00007124,19080426,PRCP,0,,,a,
ASN00007124,19080427,PRCP,0,,,a,
ASN00007124,19080428,PRCP,0,,,a,
ASN00007124,19080429,PRCP,0,,,a,
ASN00007124,19080430,PRCP,0,,,a,
ASN00007124,19080501,PRCP,0,,,a,
ASN00007124,19080502,PRCP,0,,,a,
ASN00007124,19080503,PRCP,191,,,a,
ASN00007124,19080504,PRCP,64,,,a,
ASN00007124,19080505,PRCP,0,,,a,
ASN00007124,19080506,PRCP,0,,,a,
ASN00007124,19080507,PRCP,0,,,a,
ASN00007124,19080508,PRCP,20,,,a,
ASN00007124,19080509,PRCP,0,,,a,
ASN00007124,19080510,PRCP,0,,,a,
ASN00007124,19080511,PRCP,0,,,a,
ASN00007124,19080512,PRCP,0,,,a,
ASN00007124,19080513,PRCP,0,,,a,
ASN00007124,19080514,PRCP,0,,,a,
ASN00007124,19080515,PRCP,0,,,a,
ASN00007124,19080516,PRCP,0,,,a,
ASN00007124,19080517,PRCP,0,,,a,
ASN00007124,19080518,PRCP,0,,,a,
ASN00007124,19080519,PRCP,84,,,a,
ASN00007124,19080520,PRCP,559,,,a,
ASN00007124,19080521,PRCP,0,,,a,
ASN00007124,19080522,PRCP,0,,,a,
ASN00007124,19080523,PRCP,0,,,a,
ASN00007124,19080524,PRCP,0,,,a,
ASN00007124,19080525,PRCP,0,,,a,
ASN00007124,19080526,PRCP,0,,,a,
ASN00007124,19080527,PRCP,0,,,a,
ASN00007124,19080528,PRCP,20,,,a,
ASN00007124,19080529,PRCP,5,,,a,
ASN00007124,19080530,PRCP,0,,,a,
ASN00007124,19080531,PRCP,0,,,a,
ASN00007124,19080601,PRCP,0,,,a,
ASN00007124,19080602,PRCP,0,,,a,
ASN00007124,19080603,PRCP,434,,,a,
ASN00007124,19080604,PRCP,150,,,a,
ASN00007124,19080605,PRCP,0,,,a,
ASN00007124,19080606,PRCP,191,,,a,
ASN00007124,19080607,PRCP,0,,,a,
ASN00007124,19080608,PRCP,0,,,a,
ASN00007124,19080609,PRCP,0,,,a,
ASN00007124,19080610,PRCP,0,,,a,
ASN00007124,19080611,PRCP,0,,,a,
ASN00007124,19080612,PRCP,0,,,a,
ASN00007124,19080613,PRCP,0,,,a,
ASN00007124,19080614,PRCP,107,,,a,
ASN00007124,19080615,PRCP,0,,,a,
ASN00007124,19080616,PRCP,0,,,a,
ASN00007124,19080617,PRCP,0,,,a,
ASN00007124,19080618,PRCP,0,,,a,
ASN00007124,19080619,PRCP,0,,,a,
ASN00007124,19080620,PRCP,0,,,a,
ASN00007124,19080621,PRCP,0,,,a,
ASN00007124,19080622,PRCP,0,,,a,
ASN00007124,19080623,PRCP,0,,,a,
ASN00007124,19080624,PRCP,0,,,a,
ASN00007124,19080625,PRCP,0,,,a,
ASN00007124,19080626,PRCP,84,,,a,
ASN00007124,19080627,PRCP,89,,,a,
ASN00007124,19080628,PRCP,0,,,a,
ASN00007124,19080629,PRCP,0,,,a,
ASN00007124,19080630,PRCP,0,,,a,
ASN00007124,19080701,PRCP,0,,,a,
ASN00007124,19080702,PRCP,0,,,a,
ASN00007124,19080703,PRCP,0,,,a,
ASN00007124,19080704,PRCP,0,,,a,
ASN00007124,19080705,PRCP,0,,,a,
ASN00007124,19080706,PRCP,0,,,a,
ASN00007124,19080707,PRCP,0,,,a,
ASN00007124,19080708,PRCP,0,,,a,
ASN00007124,19080709,PRCP,0,,,a,
ASN00007124,19080710,PRCP,0,,,a,
ASN00007124,19080711,PRCP,0,,,a,
ASN00007124,19080712,PRCP,0,,,a,
ASN00007124,19080713,PRCP,0,,,a,
ASN00007124,19080714,PRCP,0,,,a,
ASN00007124,19080715,PRCP,0,,,a,
ASN00007124,19080716,PRCP,0,,,a,
ASN00007124,19080717,PRCP,0,,,a,
ASN00007124,19080718,PRCP,0,,,a,
ASN00007124,19080719,PRCP,64,,,a,
ASN00007124,19080720,PRCP,0,,,a,
ASN00007124,19080721,PRCP,0,,,a,
ASN00007124,19080722,PRCP,0,,,a,
ASN00007124,19080723,PRCP,0,,,a,
ASN00007124,19080724,PRCP,0,,,a,
ASN00007124,19080725,PRCP,0,,,a,
ASN00007124,19080726,PRCP,0,,,a,
ASN00007124,19080727,PRCP,0,,,a,
ASN00007124,19080728,PRCP,0,,,a,
ASN00007124,19080729,PRCP,0,,,a,
ASN00007124,19080730,PRCP,0,,,a,
ASN00007124,19080731,PRCP,0,,,a,
ASN00007124,19080801,PRCP,0,,,a,
ASN00007124,19080802,PRCP,0,,,a,
ASN00007124,19080803,PRCP,0,,,a,
ASN00007124,19080804,PRCP,0,,,a,
ASN00007124,19080805,PRCP,0,,,a,
ASN00007124,19080806,PRCP,0,,,a,
ASN00007124,19080807,PRCP,0,,,a,
ASN00007124,19080808,PRCP,38,,,a,
ASN00007124,19080809,PRCP,0,,,a,
ASN00007124,19080810,PRCP,0,,,a,
ASN00007124,19080811,PRCP,0,,,a,
ASN00007124,19080812,PRCP,0,,,a,
ASN00007124,19080813,PRCP,0,,,a,
ASN00007124,19080814,PRCP,0,,,a,
ASN00007124,19080815,PRCP,0,,,a,
ASN00007124,19080816,PRCP,0,,,a,
ASN00007124,19080817,PRCP,0,,,a,
ASN00007124,19080818,PRCP,0,,,a,
ASN00007124,19080819,PRCP,0,,,a,
ASN00007124,19080820,PRCP,0,,,a,
ASN00007124,19080821,PRCP,0,,,a,
ASN00007124,19080822,PRCP,0,,,a,
ASN00007124,19080823,PRCP,0,,,a,
ASN00007124,19080824,PRCP,0,,,a,
ASN00007124,19080825,PRCP,0,,,a,
ASN00007124,19080826,PRCP,0,,,a,
ASN00007124,19080827,PRCP,0,,,a,
ASN00007124,19080828,PRCP,0,,,a,
ASN00007124,19080829,PRCP,0,,,a,
ASN00007124,19080830,PRCP,0,,,a,
ASN00007124,19080831,PRCP,0,,,a,
ASN00007124,19080901,PRCP,0,,,a,
ASN00007124,19080902,PRCP,0,,,a,
ASN00007124,19080903,PRCP,0,,,a,
ASN00007124,19080904,PRCP,0,,,a,
ASN00007124,19080905,PRCP,0,,,a,
ASN00007124,19080906,PRCP,0,,,a,
ASN00007124,19080907,PRCP,0,,,a,
ASN00007124,19080908,PRCP,0,,,a,
ASN00007124,19080909,PRCP,0,,,a,
ASN00007124,19080910,PRCP,0,,,a,
ASN00007124,19080911,PRCP,0,,,a,
ASN00007124,19080912,PRCP,0,,,a,
ASN00007124,19080913,PRCP,0,,,a,
ASN00007124,19080914,PRCP,0,,,a,
ASN00007124,19080915,PRCP,0,,,a,
ASN00007124,19080916,PRCP,0,,,a,
ASN00007124,19080917,PRCP,0,,,a,
ASN00007124,19080918,PRCP,0,,,a,
ASN00007124,19080919,PRCP,0,,,a,
ASN00007124,19080920,PRCP,0,,,a,
ASN00007124,19080921,PRCP,0,,,a,
ASN00007124,19080922,PRCP,0,,,a,
ASN00007124,19080923,PRCP,0,,,a,
ASN00007124,19080924,PRCP,0,,,a,
ASN00007124,19080925,PRCP,0,,,a,
ASN00007124,19080926,PRCP,0,,,a,
ASN00007124,19080927,PRCP,0,,,a,
ASN00007124,19080928,PRCP,0,,,a,
ASN00007124,19080929,PRCP,0,,,a,
ASN00007124,19080930,PRCP,0,,,a,
ASN00007124,19081001,PRCP,0,,,a,
ASN00007124,19081002,PRCP,0,,,a,
ASN00007124,19081003,PRCP,0,,,a,
ASN00007124,19081004,PRCP,0,,,a,
ASN00007124,19081005,PRCP,0,,,a,
ASN00007124,19081006,PRCP,0,,,a,
ASN00007124,19081007,PRCP,0,,,a,
ASN00007124,19081008,PRCP,0,,,a,
ASN00007124,19081009,PRCP,0,,,a,
ASN00007124,19081010,PRCP,0,,,a,
ASN00007124,19081011,PRCP,0,,,a,
ASN00007124,19081012,PRCP,0,,,a,
ASN00007124,19081013,PRCP,0,,,a,
ASN00007124,19081014,PRCP,0,,,a,
ASN00007124,19081015,PRCP,0,,,a,
ASN00007124,19081016,PRCP,0,,,a,
ASN00007124,19081017,PRCP,0,,,a,
ASN00007124,19081018,PRCP,0,,,a,
ASN00007124,19081019,PRCP,0,,,a,
ASN00007124,19081020,PRCP,0,,,a,
ASN00007124,19081021,PRCP,0,,,a,
ASN00007124,19081022,PRCP,0,,,a,
ASN00007124,19081023,PRCP,0,,,a,
ASN00007124,19081024,PRCP,0,,,a,
ASN00007124,19081025,PRCP,0,,,a,
ASN00007124,19081026,PRCP,0,,,a,
ASN00007124,19081027,PRCP,0,,,a,
ASN00007124,19081028,PRCP,0,,,a,
ASN00007124,19081029,PRCP,0,,,a,
ASN00007124,19081030,PRCP,0,,,a,
ASN00007124,19081031,PRCP,0,,,a,
ASN00007124,19081101,PRCP,0,,,a,
ASN00007124,19081102,PRCP,0,,,a,
ASN00007124,19081103,PRCP,0,,,a,
ASN00007124,19081104,PRCP,0,,,a,
ASN00007124,19081105,PRCP,0,,,a,
ASN00007124,19081106,PRCP,0,,,a,
ASN00007124,19081107,PRCP,0,,,a,
ASN00007124,19081108,PRCP,0,,,a,
ASN00007124,19081109,PRCP,0,,,a,
ASN00007124,19081110,PRCP,0,,,a,
ASN00007124,19081111,PRCP,0,,,a,
ASN00007124,19081112,PRCP,0,,,a,
ASN00007124,19081113,PRCP,0,,,a,
ASN00007124,19081114,PRCP,0,,,a,
ASN00007124,19081115,PRCP,0,,,a,
ASN00007124,19081116,PRCP,0,,,a,
ASN00007124,19081117,PRCP,0,,,a,
ASN00007124,19081118,PRCP,0,,,a,
ASN00007124,19081119,PRCP,0,,,a,
ASN00007124,19081120,PRCP,0,,,a,
ASN00007124,19081121,PRCP,0,,,a,
ASN00007124,19081122,PRCP,0,,,a,
ASN00007124,19081123,PRCP,0,,,a,
ASN00007124,19081124,PRCP,0,,,a,
ASN00007124,19081125,PRCP,0,,,a,
ASN00007124,19081126,PRCP,0,,,a,
ASN00007124,19081127,PRCP,0,,,a,
ASN00007124,19081128,PRCP,0,,,a,
ASN00007124,19081129,PRCP,0,,,a,
ASN00007124,19081130,PRCP,0,,,a,
ASN00007124,19081201,PRCP,0,,,a,
ASN00007124,19081202,PRCP,0,,,a,
ASN00007124,19081203,PRCP,0,,,a,
ASN00007124,19081204,PRCP,0,,,a,
ASN00007124,19081205,PRCP,0,,,a,
ASN00007124,19081206,PRCP,0,,,a,
ASN00007124,19081207,PRCP,0,,,a,
ASN00007124,19081208,PRCP,0,,,a,
ASN00007124,19081209,PRCP,180,,,a,
ASN00007124,19081210,PRCP,0,,,a,
ASN00007124,19081211,PRCP,0,,,a,
ASN00007124,19081212,PRCP,0,,,a,
ASN00007124,19081213,PRCP,0,,,a,
ASN00007124,19081214,PRCP,0,,,a,
ASN00007124,19081215,PRCP,0,,,a,
ASN00007124,19081216,PRCP,0,,,a,
ASN00007124,19081217,PRCP,0,,,a,
ASN00007124,19081218,PRCP,0,,,a,
ASN00007124,19081219,PRCP,0,,,a,
ASN00007124,19081220,PRCP,0,,,a,
ASN00007124,19081221,PRCP,0,,,a,
ASN00007124,19081222,PRCP,0,,,a,
ASN00007124,19081223,PRCP,0,,,a,
ASN00007124,19081224,PRCP,0,,,a,
ASN00007124,19081225,PRCP,0,,,a,
ASN00007124,19081226,PRCP,0,,,a,
ASN00007124,19081227,PRCP,0,,,a,
ASN00007124,19081228,PRCP,0,,,a,
ASN00007124,19081229,PRCP,0,,,a,
ASN00007124,19081230,PRCP,0,,,a,
ASN00007124,19081231,PRCP,0,,,a,
ASN00007124,19090101,PRCP,0,,,a,
ASN00007124,19090102,PRCP,0,,,a,
ASN00007124,19090103,PRCP,0,,,a,
ASN00007124,19090104,PRCP,71,,,a,
ASN00007124,19090105,PRCP,71,,,a,
ASN00007124,19090106,PRCP,343,,,a,
ASN00007124,19090107,PRCP,25,,,a,
ASN00007124,19090108,PRCP,0,,,a,
ASN00007124,19090109,PRCP,13,,,a,
ASN00007124,19090110,PRCP,13,,,a,
ASN00007124,19090111,PRCP,0,,,a,
ASN00007124,19090112,PRCP,0,,,a,
ASN00007124,19090113,PRCP,0,,,a,
ASN00007124,19090114,PRCP,0,,,a,
ASN00007124,19090115,PRCP,0,,,a,
ASN00007124,19090116,PRCP,0,,,a,
ASN00007124,19090117,PRCP,0,,,a,
ASN00007124,19090118,PRCP,0,,,a,
ASN00007124,19090119,PRCP,89,,,a,
ASN00007124,19090120,PRCP,599,,,a,
ASN00007124,19090121,PRCP,0,,,a,
ASN00007124,19090122,PRCP,0,,,a,
ASN00007124,19090123,PRCP,0,,,a,
ASN00007124,19090124,PRCP,0,,,a,
ASN00007124,19090125,PRCP,0,,,a,
ASN00007124,19090126,PRCP,0,,,a,
ASN00007124,19090127,PRCP,0,,,a,
ASN00007124,19090128,PRCP,0,,,a,
ASN00007124,19090129,PRCP,0,,,a,
ASN00007124,19090130,PRCP,0,,,a,
ASN00007124,19090131,PRCP,0,,,a,
ASN00007124,19090201,PRCP,0,,,a,
ASN00007124,19090202,PRCP,0,,,a,
ASN00007124,19090203,PRCP,0,,,a,
ASN00007124,19090204,PRCP,0,,,a,
ASN00007124,19090205,PRCP,0,,,a,
ASN00007124,19090206,PRCP,0,,,a,
ASN00007124,19090207,PRCP,0,,,a,
ASN00007124,19090208,PRCP,0,,,a,
ASN00007124,19090209,PRCP,0,,,a,
ASN00007124,19090210,PRCP,0,,,a,
ASN00007124,19090211,PRCP,0,,,a,
ASN00007124,19090212,PRCP,0,,,a,
ASN00007124,19090213,PRCP,0,,,a,
ASN00007124,19090214,PRCP,0,,,a,
ASN00007124,19090215,PRCP,0,,,a,
ASN00007124,19090216,PRCP,208,,,a,
ASN00007124,19090217,PRCP,0,,,a,
ASN00007124,19090218,PRCP,584,,,a,
ASN00007124,19090219,PRCP,0,,,a,
ASN00007124,19090220,PRCP,0,,,a,
ASN00007124,19090221,PRCP,0,,,a,
ASN00007124,19090222,PRCP,0,,,a,
ASN00007124,19090223,PRCP,0,,,a,
ASN00007124,19090224,PRCP,0,,,a,
ASN00007124,19090225,PRCP,0,,,a,
ASN00007124,19090226,PRCP,0,,,a,
ASN00007124,19090227,PRCP,0,,,a,
ASN00007124,19090228,PRCP,0,,,a,
ASN00007124,19090301,PRCP,0,,,a,
ASN00007124,19090302,PRCP,0,,,a,
ASN00007124,19090303,PRCP,0,,,a,
ASN00007124,19090304,PRCP,0,,,a,
ASN00007124,19090305,PRCP,0,,,a,
ASN00007124,19090306,PRCP,0,,,a,
ASN00007124,19090307,PRCP,0,,,a,
ASN00007124,19090308,PRCP,0,,,a,
ASN00007124,19090309,PRCP,0,,,a,
ASN00007124,19090310,PRCP,0,,,a,
ASN00007124,19090311,PRCP,0,,,a,
ASN00007124,19090312,PRCP,0,,,a,
ASN00007124,19090313,PRCP,0,,,a,
ASN00007124,19090314,PRCP,0,,,a,
ASN00007124,19090315,PRCP,0,,,a,
ASN00007124,19090316,PRCP,0,,,a,
ASN00007124,19090317,PRCP,0,,,a,
ASN00007124,19090318,PRCP,0,,,a,
ASN00007124,19090319,PRCP,0,,,a,
ASN00007124,19090320,PRCP,0,,,a,
ASN00007124,19090321,PRCP,0,,,a,
ASN00007124,19090322,PRCP,0,,,a,
ASN00007124,19090323,PRCP,0,,,a,
ASN00007124,19090324,PRCP,0,,,a,
ASN00007124,19090325,PRCP,0,,,a,
ASN00007124,19090326,PRCP,0,,,a,
ASN00007124,19090327,PRCP,0,,,a,
ASN00007124,19090328,PRCP,0,,,a,
ASN00007124,19090329,PRCP,0,,,a,
ASN00007124,19090330,PRCP,0,,,a,
ASN00007124,19090331,PRCP,0,,,a,
ASN00007124,19090401,PRCP,0,,,a,
ASN00007124,19090402,PRCP,0,,,a,
ASN00007124,19090403,PRCP,0,,,a,
ASN00007124,19090404,PRCP,64,,,a,
ASN00007124,19090405,PRCP,140,,,a,
ASN00007124,19090406,PRCP,279,,,a,
ASN00007124,19090407,PRCP,0,,,a,
ASN00007124,19090408,PRCP,0,,,a,
ASN00007124,19090409,PRCP,0,,,a,
ASN00007124,19090410,PRCP,0,,,a,
ASN00007124,19090411,PRCP,0,,,a,
ASN00007124,19090412,PRCP,0,,,a,
ASN00007124,19090413,PRCP,0,,,a,
ASN00007124,19090414,PRCP,0,,,a,
ASN00007124,19090415,PRCP,0,,,a,
ASN00007124,19090416,PRCP,0,,,a,
ASN00007124,19090417,PRCP,0,,,a,
ASN00007124,19090418,PRCP,0,,,a,
ASN00007124,19090419,PRCP,0,,,a,
ASN00007124,19090420,PRCP,0,,,a,
ASN00007124,19090421,PRCP,64,,,a,
ASN00007124,19090422,PRCP,0,,,a,
ASN00007124,19090423,PRCP,0,,,a,
ASN00007124,19090424,PRCP,0,,,a,
ASN00007124,19090425,PRCP,0,,,a,
ASN00007124,19090426,PRCP,0,,,a,
ASN00007124,19090427,PRCP,0,,,a,
ASN00007124,19090428,PRCP,0,,,a,
ASN00007124,19090429,PRCP,0,,,a,
ASN00007124,19090430,PRCP,0,,,a,
ASN00007124,19090501,PRCP,0,,,a,
ASN00007124,19090502,PRCP,0,,,a,
ASN00007124,19090503,PRCP,13,,,a,
ASN00007124,19090504,PRCP,0,,,a,
ASN00007124,19090505,PRCP,0,,,a,
ASN00007124,19090506,PRCP,0,,,a,
ASN00007124,19090507,PRCP,0,,,a,
ASN00007124,19090508,PRCP,0,,,a,
ASN00007124,19090509,PRCP,0,,,a,
ASN00007124,19090510,PRCP,0,,,a,
ASN00007124,19090511,PRCP,0,,,a,
ASN00007124,19090512,PRCP,0,,,a,
ASN00007124,19090513,PRCP,0,,,a,
ASN00007124,19090514,PRCP,0,,,a,
ASN00007124,19090515,PRCP,0,,,a,
ASN00007124,19090516,PRCP,0,,,a,
ASN00007124,19090517,PRCP,0,,,a,
ASN00007124,19090518,PRCP,0,,,a,
ASN00007124,19090519,PRCP,76,,,a,
ASN00007124,19090520,PRCP,0,,,a,
ASN00007124,19090521,PRCP,0,,,a,
ASN00007124,19090522,PRCP,0,,,a,
ASN00007124,19090523,PRCP,0,,,a,
ASN00007124,19090524,PRCP,0,,,a,
ASN00007124,19090525,PRCP,0,,,a,
ASN00007124,19090526,PRCP,0,,,a,
ASN00007124,19090527,PRCP,0,,,a,
ASN00007124,19090528,PRCP,0,,,a,
ASN00007124,19090529,PRCP,0,,,a,
ASN00007124,19090530,PRCP,25,,,a,
ASN00007124,19090531,PRCP,0,,,a,
ASN00007124,19090601,PRCP,0,,,a,
ASN00007124,19090602,PRCP,0,,,a,
ASN00007124,19090603,PRCP,0,,,a,
ASN00007124,19090604,PRCP,0,,,a,
ASN00007124,19090605,PRCP,0,,,a,
ASN00007124,19090606,PRCP,0,,,a,
ASN00007124,19090607,PRCP,0,,,a,
ASN00007124,19090608,PRCP,0,,,a,
ASN00007124,19090609,PRCP,66,,,a,
ASN00007124,19090610,PRCP,0,,,a,
ASN00007124,19090611,PRCP,0,,,a,
ASN00007124,19090612,PRCP,0,,,a,
ASN00007124,19090613,PRCP,0,,,a,
ASN00007124,19090614,PRCP,109,,,a,
ASN00007124,19090615,PRCP,409,,,a,
ASN00007124,19090616,PRCP,0,,,a,
ASN00007124,19090617,PRCP,0,,,a,
ASN00007124,19090618,PRCP,0,,,a,
ASN00007124,19090619,PRCP,0,,,a,
ASN00007124,19090620,PRCP,0,,,a,
ASN00007124,19090621,PRCP,0,,,a,
ASN00007124,19090622,PRCP,0,,,a,
ASN00007124,19090623,PRCP,0,,,a,
ASN00007124,19090624,PRCP,0,,,a,
ASN00007124,19090625,PRCP,0,,,a,
ASN00007124,19090626,PRCP,0,,,a,
ASN00007124,19090627,PRCP,0,,,a,
ASN00007124,19090628,PRCP,0,,,a,
ASN00007124,19090629,PRCP,0,,,a,
ASN00007124,19090630,PRCP,0,,,a,
ASN00007124,19090701,PRCP,0,,,a,
ASN00007124,19090702,PRCP,0,,,a,
ASN00007124,19090703,PRCP,0,,,a,
ASN00007124,19090704,PRCP,0,,,a,
ASN00007124,19090705,PRCP,0,,,a,
ASN00007124,19090706,PRCP,0,,,a,
ASN00007124,19090707,PRCP,0,,,a,
ASN00007124,19090708,PRCP,0,,,a,
ASN00007124,19090709,PRCP,0,,,a,
ASN00007124,19090710,PRCP,0,,,a,
ASN00007124,19090711,PRCP,0,,,a,
ASN00007124,19090712,PRCP,0,,,a,
ASN00007124,19090713,PRCP,0,,,a,
ASN00007124,19090714,PRCP,0,,,a,
ASN00007124,19090715,PRCP,0,,,a,
ASN00007124,19090716,PRCP,127,,,a,
ASN00007124,19090717,PRCP,0,,,a,
ASN00007124,19090718,PRCP,0,,,a,
ASN00007124,19090719,PRCP,0,,,a,
ASN00007124,19090720,PRCP,0,,,a,
ASN00007124,19090721,PRCP,0,,,a,
ASN00007124,19090722,PRCP,0,,,a,
ASN00007124,19090723,PRCP,0,,,a,
ASN00007124,19090724,PRCP,0,,,a,
ASN00007124,19090725,PRCP,0,,,a,
ASN00007124,19090726,PRCP,0,,,a,
ASN00007124,19090727,PRCP,0,,,a,
ASN00007124,19090728,PRCP,0,,,a,
ASN00007124,19090729,PRCP,0,,,a,
ASN00007124,19090730,PRCP,0,,,a,
ASN00007124,19090731,PRCP,0,,,a,
ASN00007124,19090801,PRCP,0,,,a,
ASN00007124,19090802,PRCP,0,,,a,
ASN00007124,19090803,PRCP,86,,,a,
ASN00007124,19090804,PRCP,0,,,a,
ASN00007124,19090805,PRCP,0,,,a,
ASN00007124,19090806,PRCP,13,,,a,
ASN00007124,19090807,PRCP,38,,,a,
ASN00007124,19090808,PRCP,0,,,a,
ASN00007124,19090809,PRCP,0,,,a,
ASN00007124,19090810,PRCP,0,,,a,
ASN00007124,19090811,PRCP,0,,,a,
ASN00007124,19090812,PRCP,0,,,a,
ASN00007124,19090813,PRCP,0,,,a,
ASN00007124,19090814,PRCP,0,,,a,
ASN00007124,19090815,PRCP,0,,,a,
ASN00007124,19090816,PRCP,56,,,a,
ASN00007124,19090817,PRCP,0,,,a,
ASN00007124,19090818,PRCP,0,,,a,
ASN00007124,19090819,PRCP,0,,,a,
ASN00007124,19090820,PRCP,0,,,a,
ASN00007124,19090821,PRCP,0,,,a,
ASN00007124,19090822,PRCP,0,,,a,
ASN00007124,19090823,PRCP,0,,,a,
ASN00007124,19090824,PRCP,0,,,a,
ASN00007124,19090825,PRCP,0,,,a,
ASN00007124,19090826,PRCP,0,,,a,
ASN00007124,19090827,PRCP,0,,,a,
ASN00007124,19090828,PRCP,0,,,a,
ASN00007124,19090829,PRCP,0,,,a,
ASN00007124,19090830,PRCP,0,,,a,
ASN00007124,19090831,PRCP,0,,,a,
ASN00007124,19090901,PRCP,0,,,a,
ASN00007124,19090902,PRCP,38,,,a,
ASN00007124,19090903,PRCP,0,,,a,
ASN00007124,19090904,PRCP,0,,,a,
ASN00007124,19090905,PRCP,0,,,a,
ASN00007124,19090906,PRCP,0,,,a,
ASN00007124,19090907,PRCP,0,,,a,
ASN00007124,19090908,PRCP,71,,,a,
ASN00007124,19090909,PRCP,0,,,a,
ASN00007124,19090910,PRCP,0,,,a,
ASN00007124,19090911,PRCP,0,,,a,
ASN00007124,19090912,PRCP,0,,,a,
ASN00007124,19090913,PRCP,0,,,a,
ASN00007124,19090914,PRCP,0,,,a,
ASN00007124,19090915,PRCP,0,,,a,
ASN00007124,19090916,PRCP,0,,,a,
ASN00007124,19090917,PRCP,0,,,a,
ASN00007124,19090918,PRCP,0,,,a,
ASN00007124,19090919,PRCP,0,,,a,
ASN00007124,19090920,PRCP,0,,,a,
ASN00007124,19090921,PRCP,46,,,a,
ASN00007124,19090922,PRCP,0,,,a,
ASN00007124,19090923,PRCP,0,,,a,
ASN00007124,19090924,PRCP,0,,,a,
ASN00007124,19090925,PRCP,0,,,a,
ASN00007124,19090926,PRCP,0,,,a,
ASN00007124,19090927,PRCP,0,,,a,
ASN00007124,19090928,PRCP,0,,,a,
ASN00007124,19090929,PRCP,0,,,a,
ASN00007124,19090930,PRCP,0,,,a,
ASN00007124,19091001,PRCP,0,,,a,
ASN00007124,19091002,PRCP,0,,,a,
ASN00007124,19091003,PRCP,0,,,a,
ASN00007124,19091004,PRCP,0,,,a,
ASN00007124,19091005,PRCP,0,,,a,
ASN00007124,19091006,PRCP,0,,,a,
ASN00007124,19091007,PRCP,0,,,a,
ASN00007124,19091008,PRCP,0,,,a,
ASN00007124,19091009,PRCP,0,,,a,
ASN00007124,19091010,PRCP,0,,,a,
ASN00007124,19091011,PRCP,0,,,a,
ASN00007124,19091012,PRCP,0,,,a,
ASN00007124,19091013,PRCP,0,,,a,
ASN00007124,19091014,PRCP,0,,,a,
ASN00007124,19091015,PRCP,0,,,a,
ASN00007124,19091016,PRCP,0,,,a,
ASN00007124,19091017,PRCP,0,,,a,
ASN00007124,19091018,PRCP,0,,,a,
ASN00007124,19091019,PRCP,0,,,a,
ASN00007124,19091020,PRCP,0,,,a,
ASN00007124,19091021,PRCP,0,,,a,
ASN00007124,19091022,PRCP,0,,,a,
ASN00007124,19091023,PRCP,0,,,a,
ASN00007124,19091024,PRCP,0,,,a,
ASN00007124,19091025,PRCP,0,,,a,
ASN00007124,19091026,PRCP,0,,,a,
ASN00007124,19091027,PRCP,0,,,a,
ASN00007124,19091028,PRCP,0,,,a,
ASN00007124,19091029,PRCP,0,,,a,
ASN00007124,19091030,PRCP,0,,,a,
ASN00007124,19091031,PRCP,0,,,a,
ASN00007124,19091101,PRCP,0,,,a,
ASN00007124,19091102,PRCP,0,,,a,
ASN00007124,19091103,PRCP,0,,,a,
ASN00007124,19091104,PRCP,0,,,a,
ASN00007124,19091105,PRCP,0,,,a,
ASN00007124,19091106,PRCP,0,,,a,
ASN00007124,19091107,PRCP,0,,,a,
ASN00007124,19091108,PRCP,0,,,a,
ASN00007124,19091109,PRCP,0,,,a,
ASN00007124,19091110,PRCP,0,,,a,
ASN00007124,19091111,PRCP,0,,,a,
ASN00007124,19091112,PRCP,0,,,a,
ASN00007124,19091113,PRCP,0,,,a,
ASN00007124,19091114,PRCP,0,,,a,
ASN00007124,19091115,PRCP,0,,,a,
ASN00007124,19091116,PRCP,0,,,a,
ASN00007124,19091117,PRCP,0,,,a,
ASN00007124,19091118,PRCP,0,,,a,
ASN00007124,19091119,PRCP,0,,,a,
ASN00007124,19091120,PRCP,0,,,a,
ASN00007124,19091121,PRCP,0,,,a,
ASN00007124,19091122,PRCP,0,,,a,
ASN00007124,19091123,PRCP,0,,,a,
ASN00007124,19091124,PRCP,0,,,a,
ASN00007124,19091125,PRCP,0,,,a,
ASN00007124,19091126,PRCP,0,,,a,
ASN00007124,19091127,PRCP,0,,,a,
ASN00007124,19091128,PRCP,0,,,a,
ASN00007124,19091129,PRCP,0,,,a,
ASN00007124,19091130,PRCP,0,,,a,
ASN00007124,19091201,PRCP,0,,,a,
ASN00007124,19091202,PRCP,0,,,a,
ASN00007124,19091203,PRCP,0,,,a,
ASN00007124,19091204,PRCP,0,,,a,
ASN00007124,19091205,PRCP,0,,,a,
ASN00007124,19091206,PRCP,0,,,a,
ASN00007124,19091207,PRCP,0,,,a,
ASN00007124,19091208,PRCP,0,,,a,
ASN00007124,19091209,PRCP,0,,,a,
ASN00007124,19091210,PRCP,0,,,a,
ASN00007124,19091211,PRCP,0,,,a,
ASN00007124,19091212,PRCP,0,,,a,
ASN00007124,19091213,PRCP,0,,,a,
ASN00007124,19091214,PRCP,0,,,a,
ASN00007124,19091215,PRCP,0,,,a,
ASN00007124,19091216,PRCP,0,,,a,
ASN00007124,19091217,PRCP,0,,,a,
ASN00007124,19091218,PRCP,0,,,a,
ASN00007124,19091219,PRCP,0,,,a,
ASN00007124,19091220,PRCP,0,,,a,
ASN00007124,19091221,PRCP,0,,,a,
ASN00007124,19091222,PRCP,0,,,a,
ASN00007124,19091223,PRCP,0,,,a,
ASN00007124,19091224,PRCP,0,,,a,
ASN00007124,19091225,PRCP,0,,,a,
ASN00007124,19091226,PRCP,0,,,a,
ASN00007124,19091227,PRCP,0,,,a,
ASN00007124,19091228,PRCP,0,,,a,
ASN00007124,19091229,PRCP,0,,,a,
ASN00007124,19091230,PRCP,0,,,a,
ASN00007124,19091231,PRCP,0,,,a,
ASN00007124,19100101,PRCP,0,,,a,
ASN00007124,19100102,PRCP,0,,,a,
ASN00007124,19100103,PRCP,0,,,a,
ASN00007124,19100104,PRCP,0,,,a,
ASN00007124,19100105,PRCP,0,,,a,
ASN00007124,19100106,PRCP,0,,,a,
ASN00007124,19100107,PRCP,0,,,a,
ASN00007124,19100108,PRCP,0,,,a,
ASN00007124,19100109,PRCP,0,,,a,
ASN00007124,19100110,PRCP,0,,,a,
ASN00007124,19100111,PRCP,0,,,a,
ASN00007124,19100112,PRCP,0,,,a,
ASN00007124,19100113,PRCP,0,,,a,
ASN00007124,19100114,PRCP,0,,,a,
ASN00007124,19100115,PRCP,0,,,a,
ASN00007124,19100116,PRCP,0,,,a,
ASN00007124,19100117,PRCP,0,,,a,
ASN00007124,19100118,PRCP,0,,,a,
ASN00007124,19100119,PRCP,0,,,a,
ASN00007124,19100120,PRCP,0,,,a,
ASN00007124,19100121,PRCP,0,,,a,
ASN00007124,19100122,PRCP,0,,,a,
ASN00007124,19100123,PRCP,0,,,a,
ASN00007124,19100124,PRCP,0,,,a,
ASN00007124,19100125,PRCP,0,,,a,
ASN00007124,19100126,PRCP,0,,,a,
ASN00007124,19100127,PRCP,0,,,a,
ASN00007124,19100128,PRCP,0,,,a,
ASN00007124,19100129,PRCP,0,,,a,
ASN00007124,19100130,PRCP,0,,,a,
ASN00007124,19100131,PRCP,0,,,a,
ASN00007124,19100201,PRCP,0,,,a,
ASN00007124,19100202,PRCP,0,,,a,
ASN00007124,19100203,PRCP,0,,,a,
ASN00007124,19100204,PRCP,0,,,a,
ASN00007124,19100205,PRCP,0,,,a,
ASN00007124,19100206,PRCP,0,,,a,
ASN00007124,19100207,PRCP,0,,,a,
ASN00007124,19100208,PRCP,165,,,a,
ASN00007124,19100209,PRCP,89,,,a,
ASN00007124,19100210,PRCP,0,,,a,
ASN00007124,19100211,PRCP,0,,,a,
ASN00007124,19100212,PRCP,0,,,a,
ASN00007124,19100213,PRCP,0,,,a,
ASN00007124,19100214,PRCP,0,,,a,
ASN00007124,19100215,PRCP,0,,,a,
ASN00007124,19100216,PRCP,0,,,a,
ASN00007124,19100217,PRCP,0,,,a,
ASN00007124,19100218,PRCP,0,,,a,
ASN00007124,19100219,PRCP,0,,,a,
ASN00007124,19100220,PRCP,0,,,a,
ASN00007124,19100221,PRCP,0,,,a,
ASN00007124,19100222,PRCP,0,,,a,
ASN00007124,19100223,PRCP,0,,,a,
ASN00007124,19100224,PRCP,0,,,a,
ASN00007124,19100225,PRCP,0,,,a,
ASN00007124,19100226,PRCP,0,,,a,
ASN00007124,19100227,PRCP,0,,,a,
ASN00007124,19100228,PRCP,0,,,a,
ASN00007124,19100301,PRCP,0,,,a,
ASN00007124,19100302,PRCP,0,,,a,
ASN00007124,19100303,PRCP,0,,,a,
ASN00007124,19100304,PRCP,0,,,a,
ASN00007124,19100305,PRCP,0,,,a,
ASN00007124,19100306,PRCP,0,,,a,
ASN00007124,19100307,PRCP,0,,,a,
ASN00007124,19100308,PRCP,0,,,a,
ASN00007124,19100309,PRCP,0,,,a,
ASN00007124,19100310,PRCP,0,,,a,
ASN00007124,19100311,PRCP,0,,,a,
ASN00007124,19100312,PRCP,0,,,a,
ASN00007124,19100313,PRCP,0,,,a,
ASN00007124,19100314,PRCP,0,,,a,
ASN00007124,19100315,PRCP,0,,,a,
ASN00007124,19100316,PRCP,0,,,a,
ASN00007124,19100317,PRCP,0,,,a,
ASN00007124,19100318,PRCP,0,,,a,
ASN00007124,19100319,PRCP,0,,,a,
ASN00007124,19100320,PRCP,0,,,a,
ASN00007124,19100321,PRCP,0,,,a,
ASN00007124,19100322,PRCP,0,,,a,
ASN00007124,19100323,PRCP,0,,,a,
ASN00007124,19100324,PRCP,0,,,a,
ASN00007124,19100325,PRCP,0,,,a,
ASN00007124,19100326,PRCP,0,,,a,
ASN00007124,19100327,PRCP,0,,,a,
ASN00007124,19100328,PRCP,0,,,a,
ASN00007124,19100329,PRCP,0,,,a,
ASN00007124,19100330,PRCP,0,,,a,
ASN00007124,19100331,PRCP,0,,,a,
ASN00007124,19100401,PRCP,0,,,a,
ASN00007124,19100402,PRCP,0,,,a,
ASN00007124,19100403,PRCP,0,,,a,
ASN00007124,19100404,PRCP,0,,,a,
ASN00007124,19100405,PRCP,0,,,a,
ASN00007124,19100406,PRCP,0,,,a,
ASN00007124,19100407,PRCP,0,,,a,
ASN00007124,19100408,PRCP,0,,,a,
ASN00007124,19100409,PRCP,0,,,a,
ASN00007124,19100410,PRCP,0,,,a,
ASN00007124,19100411,PRCP,0,,,a,
ASN00007124,19100412,PRCP,0,,,a,
ASN00007124,19100413,PRCP,0,,,a,
ASN00007124,19100414,PRCP,0,,,a,
ASN00007124,19100415,PRCP,0,,,a,
ASN00007124,19100416,PRCP,0,,,a,
ASN00007124,19100417,PRCP,0,,,a,
ASN00007124,19100418,PRCP,0,,,a,
ASN00007124,19100419,PRCP,0,,,a,
ASN00007124,19100420,PRCP,0,,,a,
ASN00007124,19100421,PRCP,0,,,a,
ASN00007124,19100422,PRCP,0,,,a,
ASN00007124,19100423,PRCP,0,,,a,
ASN00007124,19100424,PRCP,0,,,a,
ASN00007124,19100425,PRCP,0,,,a,
ASN00007124,19100426,PRCP,0,,,a,
ASN00007124,19100427,PRCP,0,,,a,
ASN00007124,19100428,PRCP,0,,,a,
ASN00007124,19100429,PRCP,0,,,a,
ASN00007124,19100430,PRCP,0,,,a,
ASN00007124,19100501,PRCP,0,,,a,
ASN00007124,19100502,PRCP,53,,,a,
ASN00007124,19100503,PRCP,102,,,a,
ASN00007124,19100504,PRCP,432,,,a,
ASN00007124,19100505,PRCP,64,,,a,
ASN00007124,19100506,PRCP,0,,,a,
ASN00007124,19100507,PRCP,0,,,a,
ASN00007124,19100508,PRCP,0,,,a,
ASN00007124,19100509,PRCP,0,,,a,
ASN00007124,19100510,PRCP,0,,,a,
ASN00007124,19100511,PRCP,127,,,a,
ASN00007124,19100512,PRCP,381,,,a,
ASN00007124,19100513,PRCP,0,,,a,
ASN00007124,19100514,PRCP,0,,,a,
ASN00007124,19100515,PRCP,0,,,a,
ASN00007124,19100516,PRCP,0,,,a,
ASN00007124,19100517,PRCP,0,,,a,
ASN00007124,19100518,PRCP,0,,,a,
ASN00007124,19100519,PRCP,0,,,a,
ASN00007124,19100520,PRCP,15,,,a,
ASN00007124,19100521,PRCP,3,,,a,
ASN00007124,19100522,PRCP,0,,,a,
ASN00007124,19100523,PRCP,51,,,a,
ASN00007124,19100524,PRCP,0,,,a,
ASN00007124,19100525,PRCP,0,,,a,
ASN00007124,19100526,PRCP,0,,,a,
ASN00007124,19100527,PRCP,0,,,a,
ASN00007124,19100528,PRCP,0,,,a,
ASN00007124,19100529,PRCP,0,,,a,
ASN00007124,19100530,PRCP,0,,,a,
ASN00007124,19100531,PRCP,0,,,a,
ASN00007124,19100601,PRCP,0,,,a,
ASN00007124,19100602,PRCP,0,,,a,
ASN00007124,19100603,PRCP,0,,,a,
ASN00007124,19100604,PRCP,152,,,a,
ASN00007124,19100605,PRCP,330,,,a,
ASN00007124,19100606,PRCP,0,,,a,
ASN00007124,19100607,PRCP,0,,,a,
ASN00007124,19100608,PRCP,0,,,a,
ASN00007124,19100609,PRCP,0,,,a,
ASN00007124,19100610,PRCP,0,,,a,
ASN00007124,19100611,PRCP,0,,,a,
ASN00007124,19100612,PRCP,0,,,a,
ASN00007124,19100613,PRCP,0,,,a,
ASN00007124,19100614,PRCP,0,,,a,
ASN00007124,19100615,PRCP,0,,,a,
ASN00007124,19100616,PRCP,0,,,a,
ASN00007124,19100617,PRCP,0,,,a,
ASN00007124,19100618,PRCP,0,,,a,
ASN00007124,19100619,PRCP,0,,,a,
ASN00007124,19100620,PRCP,0,,,a,
ASN00007124,19100621,PRCP,0,,,a,
ASN00007124,19100622,PRCP,0,,,a,
ASN00007124,19100623,PRCP,0,,,a,
ASN00007124,19100624,PRCP,0,,,a,
ASN00007124,19100625,PRCP,0,,,a,
ASN00007124,19100626,PRCP,0,,,a,
ASN00007124,19100627,PRCP,244,,,a,
ASN00007124,19100628,PRCP,51,,,a,
ASN00007124,19100629,PRCP,0,,,a,
ASN00007124,19100630,PRCP,25,,,a,
ASN00007124,19100701,PRCP,0,,,a,
ASN00007124,19100702,PRCP,0,,,a,
ASN00007124,19100703,PRCP,25,,,a,
ASN00007124,19100704,PRCP,0,,,a,
ASN00007124,19100705,PRCP,0,,,a,
ASN00007124,19100706,PRCP,0,,,a,
ASN00007124,19100707,PRCP,0,,,a,
ASN00007124,19100708,PRCP,305,,,a,
ASN00007124,19100709,PRCP,102,,,a,
ASN00007124,19100710,PRCP,0,,,a,
ASN00007124,19100711,PRCP,0,,,a,
ASN00007124,19100712,PRCP,0,,,a,
ASN00007124,19100713,PRCP,0,,,a,
ASN00007124,19100714,PRCP,0,,,a,
ASN00007124,19100715,PRCP,0,,,a,
ASN00007124,19100716,PRCP,0,,,a,
ASN00007124,19100717,PRCP,0,,,a,
ASN00007124,19100718,PRCP,102,,,a,
ASN00007124,19100719,PRCP,76,,,a,
ASN00007124,19100720,PRCP,25,,,a,
ASN00007124,19100721,PRCP,0,,,a,
ASN00007124,19100722,PRCP,0,,,a,
ASN00007124,19100723,PRCP,0,,,a,
ASN00007124,19100724,PRCP,0,,,a,
ASN00007124,19100725,PRCP,0,,,a,
ASN00007124,19100726,PRCP,0,,,a,
ASN00007124,19100727,PRCP,0,,,a,
ASN00007124,19100728,PRCP,0,,,a,
ASN00007124,19100729,PRCP,0,,,a,
ASN00007124,19100730,PRCP,0,,,a,
ASN00007124,19100731,PRCP,0,,,a,
ASN00007124,19100801,PRCP,0,,,a,
ASN00007124,19100802,PRCP,0,,,a,
ASN00007124,19100803,PRCP,0,,,a,
ASN00007124,19100804,PRCP,0,,,a,
ASN00007124,19100805,PRCP,0,,,a,
ASN00007124,19100806,PRCP,0,,,a,
ASN00007124,19100807,PRCP,0,,,a,
ASN00007124,19100808,PRCP,0,,,a,
ASN00007124,19100809,PRCP,0,,,a,
ASN00007124,19100810,PRCP,0,,,a,
ASN00007124,19100811,PRCP,0,,,a,
ASN00007124,19100812,PRCP,0,,,a,
ASN00007124,19100813,PRCP,0,,,a,
ASN00007124,19100814,PRCP,0,,,a,
ASN00007124,19100815,PRCP,0,,,a,
ASN00007124,19100816,PRCP,0,,,a,
ASN00007124,19100817,PRCP,0,,,a,
ASN00007124,19100818,PRCP,0,,,a,
ASN00007124,19100819,PRCP,0,,,a,
ASN00007124,19100820,PRCP,0,,,a,
ASN00007124,19100821,PRCP,0,,,a,
ASN00007124,19100822,PRCP,0,,,a,
ASN00007124,19100823,PRCP,0,,,a,
ASN00007124,19100824,PRCP,0,,,a,
ASN00007124,19100825,PRCP,0,,,a,
ASN00007124,19100826,PRCP,0,,,a,
ASN00007124,19100827,PRCP,13,,,a,
ASN00007124,19100828,PRCP,0,,,a,
ASN00007124,19100829,PRCP,0,,,a,
ASN00007124,19100830,PRCP,0,,,a,
ASN00007124,19100831,PRCP,0,,,a,
ASN00007124,19100901,PRCP,0,,,a,
ASN00007124,19100902,PRCP,0,,,a,
ASN00007124,19100903,PRCP,0,,,a,
ASN00007124,19100904,PRCP,0,,,a,
ASN00007124,19100905,PRCP,0,,,a,
ASN00007124,19100906,PRCP,0,,,a,
ASN00007124,19100907,PRCP,0,,,a,
ASN00007124,19100908,PRCP,0,,,a,
ASN00007124,19100909,PRCP,0,,,a,
ASN00007124,19100910,PRCP,0,,,a,
ASN00007124,19100911,PRCP,0,,,a,
ASN00007124,19100912,PRCP,0,,,a,
ASN00007124,19100913,PRCP,0,,,a,
ASN00007124,19100914,PRCP,0,,,a,
ASN00007124,19100915,PRCP,0,,,a,
ASN00007124,19100916,PRCP,0,,,a,
ASN00007124,19100917,PRCP,0,,,a,
ASN00007124,19100918,PRCP,0,,,a,
ASN00007124,19100919,PRCP,0,,,a,
ASN00007124,19100920,PRCP,0,,,a,
ASN00007124,19100921,PRCP,0,,,a,
ASN00007124,19100922,PRCP,0,,,a,
ASN00007124,19100923,PRCP,0,,,a,
ASN00007124,19100924,PRCP,0,,,a,
ASN00007124,19100925,PRCP,0,,,a,
ASN00007124,19100926,PRCP,0,,,a,
ASN00007124,19100927,PRCP,0,,,a,
ASN00007124,19100928,PRCP,0,,,a,
ASN00007124,19100929,PRCP,0,,,a,
ASN00007124,19100930,PRCP,0,,,a,
ASN00007124,19101001,PRCP,0,,,a,
ASN00007124,19101002,PRCP,0,,,a,
ASN00007124,19101003,PRCP,64,,,a,
ASN00007124,19101004,PRCP,0,,,a,
ASN00007124,19101005,PRCP,0,,,a,
ASN00007124,19101006,PRCP,0,,,a,
ASN00007124,19101007,PRCP,0,,,a,
ASN00007124,19101008,PRCP,0,,,a,
ASN00007124,19101009,PRCP,0,,,a,
ASN00007124,19101010,PRCP,0,,,a,
ASN00007124,19101011,PRCP,0,,,a,
ASN00007124,19101012,PRCP,0,,,a,
ASN00007124,19101013,PRCP,0,,,a,
ASN00007124,19101014,PRCP,0,,,a,
ASN00007124,19101015,PRCP,0,,,a,
ASN00007124,19101016,PRCP,0,,,a,
ASN00007124,19101017,PRCP,0,,,a,
ASN00007124,19101018,PRCP,0,,,a,
ASN00007124,19101019,PRCP,0,,,a,
ASN00007124,19101020,PRCP,0,,,a,
ASN00007124,19101021,PRCP,0,,,a,
ASN00007124,19101022,PRCP,0,,,a,
ASN00007124,19101023,PRCP,0,,,a,
ASN00007124,19101024,PRCP,0,,,a,
ASN00007124,19101025,PRCP,0,,,a,
ASN00007124,19101026,PRCP,0,,,a,
ASN00007124,19101027,PRCP,0,,,a,
ASN00007124,19101028,PRCP,0,,,a,
ASN00007124,19101029,PRCP,0,,,a,
ASN00007124,19101030,PRCP,0,,,a,
ASN00007124,19101031,PRCP,0,,,a,
ASN00007124,19101101,PRCP,0,,,a,
ASN00007124,19101102,PRCP,0,,,a,
ASN00007124,19101103,PRCP,0,,,a,
ASN00007124,19101104,PRCP,0,,,a,
ASN00007124,19101105,PRCP,0,,,a,
ASN00007124,19101106,PRCP,0,,,a,
ASN00007124,19101107,PRCP,0,,,a,
ASN00007124,19101108,PRCP,0,,,a,
ASN00007124,19101109,PRCP,0,,,a,
ASN00007124,19101110,PRCP,0,,,a,
ASN00007124,19101111,PRCP,0,,,a,
ASN00007124,19101112,PRCP,0,,,a,
ASN00007124,19101113,PRCP,0,,,a,
ASN00007124,19101114,PRCP,0,,,a,
ASN00007124,19101115,PRCP,0,,,a,
ASN00007124,19101116,PRCP,0,,,a,
ASN00007124,19101117,PRCP,0,,,a,
ASN00007124,19101118,PRCP,0,,,a,
ASN00007124,19101119,PRCP,0,,,a,
ASN00007124,19101120,PRCP,0,,,a,
ASN00007124,19101121,PRCP,0,,,a,
ASN00007124,19101122,PRCP,0,,,a,
ASN00007124,19101123,PRCP,0,,,a,
ASN00007124,19101124,PRCP,0,,,a,
ASN00007124,19101125,PRCP,0,,,a,
ASN00007124,19101126,PRCP,0,,,a,
ASN00007124,19101127,PRCP,0,,,a,
ASN00007124,19101128,PRCP,0,,,a,
ASN00007124,19101129,PRCP,0,,,a,
ASN00007124,19101130,PRCP,0,,,a,
ASN00007124,19101201,PRCP,0,,,a,
ASN00007124,19101202,PRCP,0,,,a,
ASN00007124,19101203,PRCP,0,,,a,
ASN00007124,19101204,PRCP,0,,,a,
ASN00007124,19101205,PRCP,0,,,a,
ASN00007124,19101206,PRCP,0,,,a,
ASN00007124,19101207,PRCP,0,,,a,
ASN00007124,19101208,PRCP,0,,,a,
ASN00007124,19101209,PRCP,0,,,a,
ASN00007124,19101210,PRCP,0,,,a,
ASN00007124,19101211,PRCP,0,,,a,
ASN00007124,19101212,PRCP,0,,,a,
ASN00007124,19101213,PRCP,0,,,a,
ASN00007124,19101214,PRCP,64,,,a,
ASN00007124,19101215,PRCP,0,,,a,
ASN00007124,19101216,PRCP,0,,,a,
ASN00007124,19101217,PRCP,0,,,a,
ASN00007124,19101218,PRCP,0,,,a,
ASN00007124,19101219,PRCP,0,,,a,
ASN00007124,19101220,PRCP,0,,,a,
ASN00007124,19101221,PRCP,0,,,a,
ASN00007124,19101222,PRCP,0,,,a,
ASN00007124,19101223,PRCP,0,,,a,
ASN00007124,19101224,PRCP,0,,,a,
ASN00007124,19101225,PRCP,0,,,a,
ASN00007124,19101226,PRCP,0,,,a,
ASN00007124,19101227,PRCP,0,,,a,
ASN00007124,19101228,PRCP,0,,,a,
ASN00007124,19101229,PRCP,0,,,a,
ASN00007124,19101230,PRCP,0,,,a,
ASN00007124,19101231,PRCP,0,,,a,
ASN00007124,19110101,PRCP,0,,,a,
ASN00007124,19110102,PRCP,0,,,a,
ASN00007124,19110103,PRCP,0,,,a,
ASN00007124,19110104,PRCP,0,,,a,
ASN00007124,19110105,PRCP,0,,,a,
ASN00007124,19110106,PRCP,0,,,a,
ASN00007124,19110107,PRCP,0,,,a,
ASN00007124,19110108,PRCP,0,,,a,
ASN00007124,19110109,PRCP,0,,,a,
ASN00007124,19110110,PRCP,0,,,a,
ASN00007124,19110111,PRCP,0,,,a,
ASN00007124,19110112,PRCP,0,,,a,
ASN00007124,19110113,PRCP,0,,,a,
ASN00007124,19110114,PRCP,152,,,a,
ASN00007124,19110115,PRCP,0,,,a,
ASN00007124,19110116,PRCP,0,,,a,
ASN00007124,19110117,PRCP,0,,,a,
ASN00007124,19110118,PRCP,0,,,a,
ASN00007124,19110119,PRCP,0,,,a,
ASN00007124,19110120,PRCP,0,,,a,
ASN00007124,19110121,PRCP,0,,,a,
ASN00007124,19110122,PRCP,0,,,a,
ASN00007124,19110123,PRCP,0,,,a,
ASN00007124,19110124,PRCP,0,,,a,
ASN00007124,19110125,PRCP,0,,,a,
ASN00007124,19110126,PRCP,0,,,a,
ASN00007124,19110127,PRCP,0,,,a,
ASN00007124,19110128,PRCP,76,,,a,
ASN00007124,19110129,PRCP,0,,,a,
ASN00007124,19110130,PRCP,0,,,a,
ASN00007124,19110131,PRCP,0,,,a,
ASN00007124,19110201,PRCP,0,,,a,
ASN00007124,19110202,PRCP,0,,,a,
ASN00007124,19110203,PRCP,0,,,a,
ASN00007124,19110204,PRCP,0,,,a,
ASN00007124,19110205,PRCP,0,,,a,
ASN00007124,19110206,PRCP,0,,,a,
ASN00007124,19110207,PRCP,0,,,a,
ASN00007124,19110208,PRCP,0,,,a,
ASN00007124,19110209,PRCP,122,,,a,
ASN00007124,19110210,PRCP,0,,,a,
ASN00007124,19110211,PRCP,0,,,a,
ASN00007124,19110212,PRCP,0,,,a,
ASN00007124,19110213,PRCP,0,,,a,
ASN00007124,19110214,PRCP,0,,,a,
ASN00007124,19110215,PRCP,0,,,a,
ASN00007124,19110216,PRCP,0,,,a,
ASN00007124,19110217,PRCP,0,,,a,
ASN00007124,19110218,PRCP,0,,,a,
ASN00007124,19110219,PRCP,0,,,a,
ASN00007124,19110220,PRCP,0,,,a,
ASN00007124,19110221,PRCP,0,,,a,
ASN00007124,19110222,PRCP,0,,,a,
ASN00007124,19110223,PRCP,0,,,a,
ASN00007124,19110224,PRCP,0,,,a,
ASN00007124,19110225,PRCP,0,,,a,
ASN00007124,19110226,PRCP,0,,,a,
ASN00007124,19110227,PRCP,0,,,a,
ASN00007124,19110228,PRCP,0,,,a,
ASN00007124,19110301,PRCP,0,,,a,
ASN00007124,19110302,PRCP,0,,,a,
ASN00007124,19110303,PRCP,0,,,a,
ASN00007124,19110304,PRCP,0,,,a,
ASN00007124,19110305,PRCP,0,,,a,
ASN00007124,19110306,PRCP,0,,,a,
ASN00007124,19110307,PRCP,0,,,a,
ASN00007124,19110308,PRCP,0,,,a,
ASN00007124,19110309,PRCP,0,,,a,
ASN00007124,19110310,PRCP,0,,,a,
ASN00007124,19110311,PRCP,0,,,a,
ASN00007124,19110312,PRCP,0,,,a,
ASN00007124,19110313,PRCP,0,,,a,
ASN00007124,19110314,PRCP,0,,,a,
ASN00007124,19110315,PRCP,0,,,a,
ASN00007124,19110316,PRCP,0,,,a,
ASN00007124,19110317,PRCP,0,,,a,
ASN00007124,19110318,PRCP,0,,,a,
ASN00007124,19110319,PRCP,0,,,a,
ASN00007124,19110320,PRCP,0,,,a,
ASN00007124,19110321,PRCP,0,,,a,
ASN00007124,19110322,PRCP,0,,,a,
ASN00007124,19110323,PRCP,0,,,a,
ASN00007124,19110324,PRCP,0,,,a,
ASN00007124,19110325,PRCP,0,,,a,
ASN00007124,19110326,PRCP,0,,,a,
ASN00007124,19110327,PRCP,0,,,a,
ASN00007124,19110328,PRCP,0,,,a,
ASN00007124,19110329,PRCP,0,,,a,
ASN00007124,19110330,PRCP,0,,,a,
ASN00007124,19110331,PRCP,0,,,a,
ASN00007124,19110401,PRCP,0,,,a,
ASN00007124,19110402,PRCP,0,,,a,
ASN00007124,19110403,PRCP,0,,,a,
ASN00007124,19110404,PRCP,0,,,a,
ASN00007124,19110405,PRCP,0,,,a,
ASN00007124,19110406,PRCP,0,,,a,
ASN00007124,19110407,PRCP,0,,,a,
ASN00007124,19110408,PRCP,0,,,a,
ASN00007124,19110409,PRCP,0,,,a,
ASN00007124,19110410,PRCP,0,,,a,
ASN00007124,19110411,PRCP,0,,,a,
ASN00007124,19110412,PRCP,0,,,a,
ASN00007124,19110413,PRCP,0,,,a,
ASN00007124,19110414,PRCP,0,,,a,
ASN00007124,19110415,PRCP,0,,,a,
ASN00007124,19110416,PRCP,0,,,a,
ASN00007124,19110417,PRCP,0,,,a,
ASN00007124,19110418,PRCP,0,,,a,
ASN00007124,19110419,PRCP,0,,,a,
ASN00007124,19110420,PRCP,0,,,a,
ASN00007124,19110421,PRCP,0,,,a,
ASN00007124,19110422,PRCP,0,,,a,
ASN00007124,19110423,PRCP,0,,,a,
ASN00007124,19110424,PRCP,0,,,a,
ASN00007124,19110425,PRCP,0,,,a,
ASN00007124,19110426,PRCP,0,,,a,
ASN00007124,19110427,PRCP,0,,,a,
ASN00007124,19110428,PRCP,0,,,a,
ASN00007124,19110429,PRCP,0,,,a,
ASN00007124,19110430,PRCP,0,,,a,
ASN00007124,19110501,PRCP,0,,,a,
ASN00007124,19110502,PRCP,0,,,a,
ASN00007124,19110503,PRCP,0,,,a,
ASN00007124,19110504,PRCP,0,,,a,
ASN00007124,19110505,PRCP,0,,,a,
ASN00007124,19110506,PRCP,0,,,a,
ASN00007124,19110507,PRCP,0,,,a,
ASN00007124,19110508,PRCP,0,,,a,
ASN00007124,19110509,PRCP,0,,,a,
ASN00007124,19110510,PRCP,0,,,a,
ASN00007124,19110511,PRCP,0,,,a,
ASN00007124,19110512,PRCP,0,,,a,
ASN00007124,19110513,PRCP,0,,,a,
ASN00007124,19110514,PRCP,0,,,a,
ASN00007124,19110515,PRCP,0,,,a,
ASN00007124,19110516,PRCP,0,,,a,
ASN00007124,19110517,PRCP,0,,,a,
ASN00007124,19110518,PRCP,0,,,a,
ASN00007124,19110519,PRCP,0,,,a,
ASN00007124,19110520,PRCP,0,,,a,
ASN00007124,19110521,PRCP,0,,,a,
ASN00007124,19110522,PRCP,140,,,a,
ASN00007124,19110523,PRCP,79,,,a,
ASN00007124,19110524,PRCP,0,,,a,
ASN00007124,19110525,PRCP,0,,,a,
ASN00007124,19110526,PRCP,0,,,a,
ASN00007124,19110527,PRCP,0,,,a,
ASN00007124,19110528,PRCP,0,,,a,
ASN00007124,19110529,PRCP,0,,,a,
ASN00007124,19110530,PRCP,0,,,a,
ASN00007124,19110531,PRCP,0,,,a,
ASN00007124,19110601,PRCP,127,,,a,
ASN00007124,19110602,PRCP,71,,,a,
ASN00007124,19110603,PRCP,0,,,a,
ASN00007124,19110604,PRCP,0,,,a,
ASN00007124,19110605,PRCP,0,,,a,
ASN00007124,19110606,PRCP,0,,,a,
ASN00007124,19110607,PRCP,0,,,a,
ASN00007124,19110608,PRCP,0,,,a,
ASN00007124,19110609,PRCP,0,,,a,
ASN00007124,19110610,PRCP,0,,,a,
ASN00007124,19110611,PRCP,0,,,a,
ASN00007124,19110612,PRCP,0,,,a,
ASN00007124,19110613,PRCP,0,,,a,
ASN00007124,19110614,PRCP,0,,,a,
ASN00007124,19110615,PRCP,30,,,a,
ASN00007124,19110616,PRCP,0,,,a,
ASN00007124,19110617,PRCP,0,,,a,
ASN00007124,19110618,PRCP,0,,,a,
ASN00007124,19110619,PRCP,0,,,a,
ASN00007124,19110620,PRCP,0,,,a,
ASN00007124,19110621,PRCP,0,,,a,
ASN00007124,19110622,PRCP,0,,,a,
ASN00007124,19110623,PRCP,0,,,a,
ASN00007124,19110624,PRCP,0,,,a,
ASN00007124,19110625,PRCP,0,,,a,
ASN00007124,19110626,PRCP,0,,,a,
ASN00007124,19110627,PRCP,0,,,a,
ASN00007124,19110628,PRCP,0,,,a,
ASN00007124,19110629,PRCP,0,,,a,
ASN00007124,19110630,PRCP,0,,,a,
ASN00007124,19110801,PRCP,0,,,a,
ASN00007124,19110802,PRCP,0,,,a,
ASN00007124,19110803,PRCP,0,,,a,
ASN00007124,19110804,PRCP,0,,,a,
ASN00007124,19110805,PRCP,0,,,a,
ASN00007124,19110806,PRCP,0,,,a,
ASN00007124,19110807,PRCP,0,,,a,
ASN00007124,19110808,PRCP,0,,,a,
ASN00007124,19110809,PRCP,0,,,a,
ASN00007124,19110810,PRCP,0,,,a,
ASN00007124,19110811,PRCP,0,,,a,
ASN00007124,19110812,PRCP,0,,,a,
ASN00007124,19110813,PRCP,0,,,a,
ASN00007124,19110814,PRCP,0,,,a,
ASN00007124,19110815,PRCP,0,,,a,
ASN00007124,19110816,PRCP,0,,,a,
ASN00007124,19110817,PRCP,0,,,a,
ASN00007124,19110818,PRCP,0,,,a,
ASN00007124,19110819,PRCP,0,,,a,
ASN00007124,19110820,PRCP,0,,,a,
ASN00007124,19110821,PRCP,0,,,a,
ASN00007124,19110822,PRCP,0,,,a,
ASN00007124,19110823,PRCP,0,,,a,
ASN00007124,19110824,PRCP,0,,,a,
ASN00007124,19110825,PRCP,0,,,a,
ASN00007124,19110826,PRCP,0,,,a,
ASN00007124,19110827,PRCP,0,,,a,
ASN00007124,19110828,PRCP,0,,,a,
ASN00007124,19110829,PRCP,0,,,a,
ASN00007124,19110830,PRCP,0,,,a,
ASN00007124,19110831,PRCP,0,,,a,
ASN00007124,19110901,PRCP,0,,,a,
ASN00007124,19110902,PRCP,0,,,a,
ASN00007124,19110903,PRCP,0,,,a,
ASN00007124,19110904,PRCP,0,,,a,
ASN00007124,19110905,PRCP,0,,,a,
ASN00007124,19110906,PRCP,0,,,a,
ASN00007124,19110907,PRCP,0,,,a,
ASN00007124,19110908,PRCP,0,,,a,
ASN00007124,19110909,PRCP,0,,,a,
ASN00007124,19110910,PRCP,0,,,a,
ASN00007124,19110911,PRCP,0,,,a,
ASN00007124,19110912,PRCP,0,,,a,
ASN00007124,19110913,PRCP,0,,,a,
ASN00007124,19110914,PRCP,0,,,a,
ASN00007124,19110915,PRCP,0,,,a,
ASN00007124,19110916,PRCP,0,,,a,
ASN00007124,19110917,PRCP,0,,,a,
ASN00007124,19110918,PRCP,0,,,a,
ASN00007124,19110919,PRCP,0,,,a,
ASN00007124,19110920,PRCP,0,,,a,
ASN00007124,19110921,PRCP,0,,,a,
ASN00007124,19110922,PRCP,0,,,a,
ASN00007124,19110923,PRCP,0,,,a,
ASN00007124,19110924,PRCP,0,,,a,
ASN00007124,19110925,PRCP,0,,,a,
ASN00007124,19110926,PRCP,0,,,a,
ASN00007124,19110927,PRCP,0,,,a,
ASN00007124,19110928,PRCP,0,,,a,
ASN00007124,19110929,PRCP,0,,,a,
ASN00007124,19110930,PRCP,0,,,a,
ASN00007124,19111001,PRCP,0,,,a,
ASN00007124,19111002,PRCP,0,,,a,
ASN00007124,19111003,PRCP,0,,,a,
ASN00007124,19111004,PRCP,0,,,a,
ASN00007124,19111005,PRCP,0,,,a,
ASN00007124,19111006,PRCP,0,,,a,
ASN00007124,19111007,PRCP,0,,,a,
ASN00007124,19111008,PRCP,0,,,a,
ASN00007124,19111009,PRCP,0,,,a,
ASN00007124,19111010,PRCP,0,,,a,
ASN00007124,19111011,PRCP,0,,,a,
ASN00007124,19111012,PRCP,0,,,a,
ASN00007124,19111013,PRCP,0,,,a,
ASN00007124,19111014,PRCP,0,,,a,
ASN00007124,19111015,PRCP,0,,,a,
ASN00007124,19111016,PRCP,0,,,a,
ASN00007124,19111017,PRCP,0,,,a,
ASN00007124,19111018,PRCP,0,,,a,
ASN00007124,19111019,PRCP,0,,,a,
ASN00007124,19111020,PRCP,0,,,a,
ASN00007124,19111021,PRCP,0,,,a,
ASN00007124,19111022,PRCP,0,,,a,
ASN00007124,19111023,PRCP,0,,,a,
ASN00007124,19111024,PRCP,0,,,a,
ASN00007124,19111025,PRCP,0,,,a,
ASN00007124,19111026,PRCP,0,,,a,
ASN00007124,19111027,PRCP,0,,,a,
ASN00007124,19111028,PRCP,0,,,a,
ASN00007124,19111029,PRCP,0,,,a,
ASN00007124,19111030,PRCP,0,,,a,
ASN00007124,19111031,PRCP,0,,,a,
ASN00007124,19111101,PRCP,0,,,a,
ASN00007124,19111102,PRCP,0,,,a,
ASN00007124,19111103,PRCP,0,,,a,
ASN00007124,19111104,PRCP,0,,,a,
ASN00007124,19111105,PRCP,0,,,a,
ASN00007124,19111106,PRCP,0,,,a,
ASN00007124,19111107,PRCP,0,,,a,
ASN00007124,19111108,PRCP,0,,,a,
ASN00007124,19111109,PRCP,0,,,a,
ASN00007124,19111110,PRCP,0,,,a,
ASN00007124,19111111,PRCP,0,,,a,
ASN00007124,19111112,PRCP,0,,,a,
ASN00007124,19111113,PRCP,0,,,a,
ASN00007124,19111114,PRCP,0,,,a,
ASN00007124,19111115,PRCP,0,,,a,
ASN00007124,19111116,PRCP,0,,,a,
ASN00007124,19111117,PRCP,0,,,a,
ASN00007124,19111118,PRCP,0,,,a,
ASN00007124,19111119,PRCP,0,,,a,
ASN00007124,19111120,PRCP,0,,,a,
ASN00007124,19111121,PRCP,0,,,a,
ASN00007124,19111122,PRCP,0,,,a,
ASN00007124,19111123,PRCP,0,,,a,
ASN00007124,19111124,PRCP,0,,,a,
ASN00007124,19111125,PRCP,0,,,a,
ASN00007124,19111126,PRCP,0,,,a,
ASN00007124,19111127,PRCP,0,,,a,
ASN00007124,19111128,PRCP,0,,,a,
ASN00007124,19111129,PRCP,0,,,a,
ASN00007124,19111130,PRCP,0,,,a,
ASN00007124,19111201,PRCP,0,,,a,
ASN00007124,19111202,PRCP,0,,,a,
ASN00007124,19111203,PRCP,0,,,a,
ASN00007124,19111204,PRCP,0,,,a,
ASN00007124,19111205,PRCP,0,,,a,
ASN00007124,19111206,PRCP,0,,,a,
ASN00007124,19111207,PRCP,0,,,a,
ASN00007124,19111208,PRCP,0,,,a,
ASN00007124,19111209,PRCP,0,,,a,
ASN00007124,19111210,PRCP,0,,,a,
ASN00007124,19111211,PRCP,0,,,a,
ASN00007124,19111212,PRCP,0,,,a,
ASN00007124,19111213,PRCP,0,,,a,
ASN00007124,19111214,PRCP,0,,,a,
ASN00007124,19111215,PRCP,0,,,a,
ASN00007124,19111216,PRCP,0,,,a,
ASN00007124,19111217,PRCP,0,,,a,
ASN00007124,19111218,PRCP,0,,,a,
ASN00007124,19111219,PRCP,0,,,a,
ASN00007124,19111220,PRCP,0,,,a,
ASN00007124,19111221,PRCP,0,,,a,
ASN00007124,19111222,PRCP,0,,,a,
ASN00007124,19111223,PRCP,0,,,a,
ASN00007124,19111224,PRCP,0,,,a,
ASN00007124,19111225,PRCP,0,,,a,
ASN00007124,19111226,PRCP,0,,,a,
ASN00007124,19111227,PRCP,0,,,a,
ASN00007124,19111228,PRCP,0,,,a,
ASN00007124,19111229,PRCP,0,,,a,
ASN00007124,19111230,PRCP,0,,,a,
ASN00007124,19111231,PRCP,0,,,a,
ASN00007124,19120101,PRCP,0,,,a,
ASN00007124,19120102,PRCP,0,,,a,
ASN00007124,19120103,PRCP,0,,,a,
ASN00007124,19120104,PRCP,0,,,a,
ASN00007124,19120105,PRCP,0,,,a,
ASN00007124,19120106,PRCP,0,,,a,
ASN00007124,19120107,PRCP,0,,,a,
ASN00007124,19120108,PRCP,0,,,a,
ASN00007124,19120109,PRCP,0,,,a,
ASN00007124,19120110,PRCP,0,,,a,
ASN00007124,19120111,PRCP,0,,,a,
ASN00007124,19120112,PRCP,0,,,a,
ASN00007124,19120113,PRCP,0,,,a,
ASN00007124,19120114,PRCP,0,,,a,
ASN00007124,19120115,PRCP,0,,,a,
ASN00007124,19120116,PRCP,0,,,a,
ASN00007124,19120117,PRCP,0,,,a,
ASN00007124,19120118,PRCP,15,,,a,
ASN00007124,19120119,PRCP,58,,,a,
ASN00007124,19120120,PRCP,5,,,a,
ASN00007124,19120121,PRCP,5,,,a,
ASN00007124,19120122,PRCP,23,,,a,
ASN00007124,19120123,PRCP,0,,,a,
ASN00007124,19120124,PRCP,0,,,a,
ASN00007124,19120125,PRCP,0,,,a,
ASN00007124,19120126,PRCP,0,,,a,
ASN00007124,19120127,PRCP,0,,,a,
ASN00007124,19120128,PRCP,0,,,a,
ASN00007124,19120129,PRCP,0,,,a,
ASN00007124,19120130,PRCP,0,,,a,
ASN00007124,19120131,PRCP,0,,,a,
ASN00007124,19120201,PRCP,0,,,a,
ASN00007124,19120202,PRCP,0,,,a,
ASN00007124,19120203,PRCP,0,,,a,
ASN00007124,19120204,PRCP,0,,,a,
ASN00007124,19120205,PRCP,0,,,a,
ASN00007124,19120206,PRCP,0,,,a,
ASN00007124,19120207,PRCP,0,,,a,
ASN00007124,19120208,PRCP,3,,,a,
ASN00007124,19120209,PRCP,0,,,a,
ASN00007124,19120210,PRCP,0,,,a,
ASN00007124,19120211,PRCP,0,,,a,
ASN00007124,19120212,PRCP,0,,,a,
ASN00007124,19120213,PRCP,0,,,a,
ASN00007124,19120214,PRCP,132,,,a,
ASN00007124,19120215,PRCP,0,,,a,
ASN00007124,19120216,PRCP,0,,,a,
ASN00007124,19120217,PRCP,0,,,a,
ASN00007124,19120218,PRCP,0,,,a,
ASN00007124,19120219,PRCP,0,,,a,
ASN00007124,19120220,PRCP,0,,,a,
ASN00007124,19120221,PRCP,0,,,a,
ASN00007124,19120222,PRCP,0,,,a,
ASN00007124,19120223,PRCP,0,,,a,
ASN00007124,19120224,PRCP,0,,,a,
ASN00007124,19120225,PRCP,0,,,a,
ASN00007124,19120226,PRCP,0,,,a,
ASN00007124,19120227,PRCP,23,,,a,
ASN00007124,19120228,PRCP,0,,,a,
ASN00007124,19120229,PRCP,5,,,a,
ASN00007124,19120301,PRCP,0,,,a,
ASN00007124,19120302,PRCP,0,,,a,
ASN00007124,19120303,PRCP,0,,,a,
ASN00007124,19120304,PRCP,0,,,a,
ASN00007124,19120305,PRCP,0,,,a,
ASN00007124,19120306,PRCP,0,,,a,
ASN00007124,19120307,PRCP,0,,,a,
ASN00007124,19120308,PRCP,0,,,a,
ASN00007124,19120309,PRCP,0,,,a,
ASN00007124,19120310,PRCP,0,,,a,
ASN00007124,19120311,PRCP,0,,,a,
ASN00007124,19120312,PRCP,0,,,a,
ASN00007124,19120313,PRCP,0,,,a,
ASN00007124,19120314,PRCP,0,,,a,
ASN00007124,19120315,PRCP,0,,,a,
ASN00007124,19120316,PRCP,0,,,a,
ASN00007124,19120317,PRCP,0,,,a,
ASN00007124,19120318,PRCP,0,,,a,
ASN00007124,19120319,PRCP,0,,,a,
ASN00007124,19120320,PRCP,0,,,a,
ASN00007124,19120321,PRCP,0,,,a,
ASN00007124,19120322,PRCP,0,,,a,
ASN00007124,19120323,PRCP,0,,,a,
ASN00007124,19120324,PRCP,0,,,a,
ASN00007124,19120325,PRCP,0,,,a,
ASN00007124,19120326,PRCP,0,,,a,
ASN00007124,19120327,PRCP,0,,,a,
ASN00007124,19120328,PRCP,0,,,a,
ASN00007124,19120329,PRCP,0,,,a,
ASN00007124,19120330,PRCP,28,,,a,
ASN00007124,19120331,PRCP,0,,,a,
ASN00007124,19120401,PRCP,0,,,a,
ASN00007124,19120402,PRCP,0,,,a,
ASN00007124,19120403,PRCP,0,,,a,
ASN00007124,19120404,PRCP,0,,,a,
ASN00007124,19120405,PRCP,0,,,a,
ASN00007124,19120406,PRCP,0,,,a,
ASN00007124,19120407,PRCP,0,,,a,
ASN00007124,19120408,PRCP,0,,,a,
ASN00007124,19120409,PRCP,0,,,a,
ASN00007124,19120410,PRCP,0,,,a,
ASN00007124,19120411,PRCP,0,,,a,
ASN00007124,19120412,PRCP,0,,,a,
ASN00007124,19120413,PRCP,0,,,a,
ASN00007124,19120414,PRCP,0,,,a,
ASN00007124,19120415,PRCP,0,,,a,
ASN00007124,19120416,PRCP,0,,,a,
ASN00007124,19120417,PRCP,0,,,a,
ASN00007124,19120418,PRCP,0,,,a,
ASN00007124,19120419,PRCP,0,,,a,
ASN00007124,19120420,PRCP,0,,,a,
ASN00007124,19120421,PRCP,0,,,a,
ASN00007124,19120422,PRCP,0,,,a,
ASN00007124,19120423,PRCP,0,,,a,
ASN00007124,19120424,PRCP,0,,,a,
ASN00007124,19120425,PRCP,0,,,a,
ASN00007124,19120426,PRCP,0,,,a,
ASN00007124,19120427,PRCP,0,,,a,
ASN00007124,19120428,PRCP,0,,,a,
ASN00007124,19120429,PRCP,0,,,a,
ASN00007124,19120430,PRCP,0,,,a,
ASN00007124,19120501,PRCP,0,,,a,
ASN00007124,19120502,PRCP,0,,,a,
ASN00007124,19120503,PRCP,0,,,a,
ASN00007124,19120504,PRCP,0,,,a,
ASN00007124,19120505,PRCP,124,,,a,
ASN00007124,19120506,PRCP,0,,,a,
ASN00007124,19120507,PRCP,0,,,a,
ASN00007124,19120508,PRCP,0,,,a,
ASN00007124,19120509,PRCP,0,,,a,
ASN00007124,19120510,PRCP,0,,,a,
ASN00007124,19120511,PRCP,0,,,a,
ASN00007124,19120512,PRCP,0,,,a,
ASN00007124,19120513,PRCP,0,,,a,
ASN00007124,19120514,PRCP,0,,,a,
ASN00007124,19120515,PRCP,0,,,a,
ASN00007124,19120516,PRCP,30,,,a,
ASN00007124,19120517,PRCP,0,,,a,
ASN00007124,19120518,PRCP,0,,,a,
ASN00007124,19120519,PRCP,0,,,a,
ASN00007124,19120520,PRCP,0,,,a,
ASN00007124,19120521,PRCP,0,,,a,
ASN00007124,19120522,PRCP,0,,,a,
ASN00007124,19120523,PRCP,0,,,a,
ASN00007124,19120524,PRCP,0,,,a,
ASN00007124,19120525,PRCP,0,,,a,
ASN00007124,19120526,PRCP,10,,,a,
ASN00007124,19120527,PRCP,0,,,a,
ASN00007124,19120528,PRCP,0,,,a,
ASN00007124,19120529,PRCP,0,,,a,
ASN00007124,19120530,PRCP,0,,,a,
ASN00007124,19120531,PRCP,0,,,a,
ASN00007124,19120601,PRCP,0,,,a,
ASN00007124,19120602,PRCP,0,,,a,
ASN00007124,19120603,PRCP,0,,,a,
ASN00007124,19120604,PRCP,0,,,a,
ASN00007124,19120605,PRCP,0,,,a,
ASN00007124,19120606,PRCP,0,,,a,
ASN00007124,19120607,PRCP,0,,,a,
ASN00007124,19120608,PRCP,0,,,a,
ASN00007124,19120609,PRCP,0,,,a,
ASN00007124,19120610,PRCP,0,,,a,
ASN00007124,19120611,PRCP,0,,,a,
ASN00007124,19120612,PRCP,0,,,a,
ASN00007124,19120613,PRCP,0,,,a,
ASN00007124,19120614,PRCP,0,,,a,
ASN00007124,19120615,PRCP,0,,,a,
ASN00007124,19120616,PRCP,0,,,a,
ASN00007124,19120617,PRCP,0,,,a,
ASN00007124,19120618,PRCP,0,,,a,
ASN00007124,19120619,PRCP,0,,,a,
ASN00007124,19120620,PRCP,0,,,a,
ASN00007124,19120621,PRCP,0,,,a,
ASN00007124,19120622,PRCP,0,,,a,
ASN00007124,19120623,PRCP,0,,,a,
ASN00007124,19120624,PRCP,0,,,a,
ASN00007124,19120625,PRCP,0,,,a,
ASN00007124,19120626,PRCP,0,,,a,
ASN00007124,19120627,PRCP,0,,,a,
ASN00007124,19120628,PRCP,0,,,a,
ASN00007124,19120629,PRCP,0,,,a,
ASN00007124,19120630,PRCP,0,,,a,
ASN00007124,19120801,PRCP,0,,,a,
ASN00007124,19120802,PRCP,0,,,a,
ASN00007124,19120803,PRCP,0,,,a,
ASN00007124,19120804,PRCP,0,,,a,
ASN00007124,19120805,PRCP,0,,,a,
ASN00007124,19120806,PRCP,0,,,a,
ASN00007124,19120807,PRCP,0,,,a,
ASN00007124,19120808,PRCP,0,,,a,
ASN00007124,19120809,PRCP,0,,,a,
ASN00007124,19120810,PRCP,0,,,a,
ASN00007124,19120811,PRCP,0,,,a,
ASN00007124,19120812,PRCP,0,,,a,
ASN00007124,19120813,PRCP,0,,,a,
ASN00007124,19120814,PRCP,0,,,a,
ASN00007124,19120815,PRCP,0,,,a,
ASN00007124,19120816,PRCP,0,,,a,
ASN00007124,19120817,PRCP,0,,,a,
ASN00007124,19120818,PRCP,0,,,a,
ASN00007124,19120819,PRCP,0,,,a,
ASN00007124,19120820,PRCP,0,,,a,
ASN00007124,19120821,PRCP,0,,,a,
ASN00007124,19120822,PRCP,0,,,a,
ASN00007124,19120823,PRCP,0,,,a,
ASN00007124,19120824,PRCP,0,,,a,
ASN00007124,19120825,PRCP,0,,,a,
ASN00007124,19120826,PRCP,0,,,a,
ASN00007124,19120827,PRCP,0,,,a,
ASN00007124,19120828,PRCP,0,,,a,
ASN00007124,19120829,PRCP,0,,,a,
ASN00007124,19120830,PRCP,0,,,a,
ASN00007124,19120831,PRCP,0,,,a,
ASN00007124,19120901,PRCP,0,,,a,
ASN00007124,19120902,PRCP,0,,,a,
ASN00007124,19120903,PRCP,0,,,a,
ASN00007124,19120904,PRCP,0,,,a,
ASN00007124,19120905,PRCP,0,,,a,
ASN00007124,19120906,PRCP,0,,,a,
ASN00007124,19120907,PRCP,0,,,a,
ASN00007124,19120908,PRCP,0,,,a,
ASN00007124,19120909,PRCP,0,,,a,
ASN00007124,19120910,PRCP,0,,,a,
ASN00007124,19120911,PRCP,0,,,a,
ASN00007124,19120912,PRCP,0,,,a,
ASN00007124,19120913,PRCP,0,,,a,
ASN00007124,19120914,PRCP,0,,,a,
ASN00007124,19120915,PRCP,0,,,a,
ASN00007124,19120916,PRCP,0,,,a,
ASN00007124,19120917,PRCP,0,,,a,
ASN00007124,19120918,PRCP,0,,,a,
ASN00007124,19120919,PRCP,0,,,a,
ASN00007124,19120920,PRCP,0,,,a,
ASN00007124,19120921,PRCP,0,,,a,
ASN00007124,19120922,PRCP,0,,,a,
ASN00007124,19120923,PRCP,0,,,a,
ASN00007124,19120924,PRCP,0,,,a,
ASN00007124,19120925,PRCP,0,,,a,
ASN00007124,19120926,PRCP,0,,,a,
ASN00007124,19120927,PRCP,0,,,a,
ASN00007124,19120928,PRCP,0,,,a,
ASN00007124,19120929,PRCP,0,,,a,
ASN00007124,19120930,PRCP,0,,,a,
ASN00007124,19121001,PRCP,0,,,a,
ASN00007124,19121002,PRCP,0,,,a,
ASN00007124,19121003,PRCP,0,,,a,
ASN00007124,19121004,PRCP,0,,,a,
ASN00007124,19121005,PRCP,0,,,a,
ASN00007124,19121006,PRCP,0,,,a,
ASN00007124,19121007,PRCP,0,,,a,
ASN00007124,19121008,PRCP,0,,,a,
ASN00007124,19121009,PRCP,0,,,a,
ASN00007124,19121010,PRCP,0,,,a,
ASN00007124,19121011,PRCP,0,,,a,
ASN00007124,19121012,PRCP,0,,,a,
ASN00007124,19121013,PRCP,0,,,a,
ASN00007124,19121014,PRCP,0,,,a,
ASN00007124,19121015,PRCP,0,,,a,
ASN00007124,19121016,PRCP,0,,,a,
ASN00007124,19121017,PRCP,0,,,a,
ASN00007124,19121018,PRCP,0,,,a,
ASN00007124,19121019,PRCP,0,,,a,
ASN00007124,19121020,PRCP,0,,,a,
ASN00007124,19121021,PRCP,0,,,a,
ASN00007124,19121022,PRCP,0,,,a,
ASN00007124,19121023,PRCP,0,,,a,
ASN00007124,19121024,PRCP,0,,,a,
ASN00007124,19121025,PRCP,0,,,a,
ASN00007124,19121026,PRCP,0,,,a,
ASN00007124,19121027,PRCP,0,,,a,
ASN00007124,19121028,PRCP,119,,,a,
ASN00007124,19121029,PRCP,0,,,a,
ASN00007124,19121030,PRCP,0,,,a,
ASN00007124,19121031,PRCP,0,,,a,
ASN00007124,19121101,PRCP,0,,,a,
ASN00007124,19121102,PRCP,0,,,a,
ASN00007124,19121103,PRCP,0,,,a,
ASN00007124,19121104,PRCP,0,,,a,
ASN00007124,19121105,PRCP,0,,,a,
ASN00007124,19121106,PRCP,0,,,a,
ASN00007124,19121107,PRCP,0,,,a,
ASN00007124,19121108,PRCP,0,,,a,
ASN00007124,19121109,PRCP,0,,,a,
ASN00007124,19121110,PRCP,0,,,a,
ASN00007124,19121111,PRCP,0,,,a,
ASN00007124,19121112,PRCP,0,,,a,
ASN00007124,19121113,PRCP,0,,,a,
ASN00007124,19121114,PRCP,0,,,a,
ASN00007124,19121115,PRCP,0,,,a,
ASN00007124,19121116,PRCP,0,,,a,
ASN00007124,19121117,PRCP,0,,,a,
ASN00007124,19121118,PRCP,0,,,a,
ASN00007124,19121119,PRCP,0,,,a,
ASN00007124,19121120,PRCP,0,,,a,
ASN00007124,19121121,PRCP,0,,,a,
ASN00007124,19121122,PRCP,0,,,a,
ASN00007124,19121123,PRCP,0,,,a,
ASN00007124,19121124,PRCP,0,,,a,
ASN00007124,19121125,PRCP,0,,,a,
ASN00007124,19121126,PRCP,0,,,a,
ASN00007124,19121127,PRCP,0,,,a,
ASN00007124,19121128,PRCP,0,,,a,
ASN00007124,19121129,PRCP,0,,,a,
ASN00007124,19121130,PRCP,0,,,a,
ASN00007124,19121201,PRCP,0,,,a,
ASN00007124,19121202,PRCP,0,,,a,
ASN00007124,19121203,PRCP,0,,,a,
ASN00007124,19121204,PRCP,0,,,a,
ASN00007124,19121205,PRCP,0,,,a,
ASN00007124,19121206,PRCP,0,,,a,
ASN00007124,19121207,PRCP,0,,,a,
ASN00007124,19121208,PRCP,0,,,a,
ASN00007124,19121209,PRCP,0,,,a,
ASN00007124,19121210,PRCP,0,,,a,
ASN00007124,19121211,PRCP,0,,,a,
ASN00007124,19121212,PRCP,0,,,a,
ASN00007124,19121213,PRCP,0,,,a,
ASN00007124,19121214,PRCP,0,,,a,
ASN00007124,19121215,PRCP,0,,,a,
ASN00007124,19121216,PRCP,0,,,a,
ASN00007124,19121217,PRCP,0,,,a,
ASN00007124,19121218,PRCP,0,,,a,
ASN00007124,19121219,PRCP,0,,,a,
ASN00007124,19121220,PRCP,0,,,a,
ASN00007124,19121221,PRCP,0,,,a,
ASN00007124,19121222,PRCP,0,,,a,
ASN00007124,19121223,PRCP,0,,,a,
ASN00007124,19121224,PRCP,0,,,a,
ASN00007124,19121225,PRCP,0,,,a,
ASN00007124,19121226,PRCP,0,,,a,
ASN00007124,19121227,PRCP,0,,,a,
ASN00007124,19121228,PRCP,0,,,a,
ASN00007124,19121229,PRCP,0,,,a,
ASN00007124,19121230,PRCP,0,,,a,
ASN00007124,19121231,PRCP,0,,,a,
ASN00007124,19460101,PRCP,0,,,a,
ASN00007124,19460102,PRCP,0,,,a,
ASN00007124,19460103,PRCP,0,,,a,
ASN00007124,19460104,PRCP,0,,,a,
ASN00007124,19460105,PRCP,0,,,a,
ASN00007124,19460106,PRCP,0,,,a,
ASN00007124,19460107,PRCP,0,,,a,
ASN00007124,19460108,PRCP,0,,,a,
ASN00007124,19460109,PRCP,0,,,a,
ASN00007124,19460110,PRCP,0,,,a,
ASN00007124,19460111,PRCP,0,,,a,
ASN00007124,19460112,PRCP,0,,,a,
ASN00007124,19460113,PRCP,0,,,a,
ASN00007124,19460114,PRCP,0,,,a,
ASN00007124,19460115,PRCP,0,,,a,
ASN00007124,19460116,PRCP,0,,,a,
ASN00007124,19460117,PRCP,0,,,a,
ASN00007124,19460118,PRCP,0,,,a,
ASN00007124,19460119,PRCP,0,,,a,
ASN00007124,19460120,PRCP,0,,,a,
ASN00007124,19460121,PRCP,0,,,a,
ASN00007124,19460122,PRCP,0,,,a,
ASN00007124,19460123,PRCP,0,,,a,
ASN00007124,19460124,PRCP,0,,,a,
ASN00007124,19460125,PRCP,0,,,a,
ASN00007124,19460126,PRCP,0,,,a,
ASN00007124,19460127,PRCP,0,,,a,
ASN00007124,19460128,PRCP,0,,,a,
ASN00007124,19460129,PRCP,0,,,a,
ASN00007124,19460130,PRCP,0,,,a,
ASN00007124,19460131,PRCP,0,,,a,
ASN00007124,19460801,PRCP,0,,,a,
ASN00007124,19460802,PRCP,0,,,a,
ASN00007124,19460803,PRCP,0,,,a,
ASN00007124,19460804,PRCP,0,,,a,
ASN00007124,19460805,PRCP,0,,,a,
ASN00007124,19460806,PRCP,0,,,a,
ASN00007124,19460807,PRCP,0,,,a,
ASN00007124,19460808,PRCP,0,,,a,
ASN00007124,19460809,PRCP,0,,,a,
ASN00007124,19460810,PRCP,0,,,a,
ASN00007124,19460811,PRCP,0,,,a,
ASN00007124,19460812,PRCP,0,,,a,
ASN00007124,19460813,PRCP,0,,,a,
ASN00007124,19460814,PRCP,0,,,a,
ASN00007124,19460815,PRCP,0,,,a,
ASN00007124,19460816,PRCP,0,,,a,
ASN00007124,19460817,PRCP,0,,,a,
ASN00007124,19460818,PRCP,0,,,a,
ASN00007124,19460819,PRCP,0,,,a,
ASN00007124,19460820,PRCP,0,,,a,
ASN00007124,19460821,PRCP,0,,,a,
ASN00007124,19460822,PRCP,0,,,a,
ASN00007124,19460823,PRCP,0,,,a,
ASN00007124,19460824,PRCP,0,,,a,
ASN00007124,19460825,PRCP,0,,,a,
ASN00007124,19460826,PRCP,0,,,a,
ASN00007124,19460827,PRCP,0,,,a,
ASN00007124,19460828,PRCP,0,,,a,
ASN00007124,19460829,PRCP,0,,,a,
ASN00007124,19460830,PRCP,0,,,a,
ASN00007124,19460831,PRCP,0,,,a,
ASN00007124,19460901,PRCP,0,,,a,
ASN00007124,19460902,PRCP,0,,,a,
ASN00007124,19460903,PRCP,0,,,a,
ASN00007124,19460904,PRCP,0,,,a,
ASN00007124,19460905,PRCP,0,,,a,
ASN00007124,19460906,PRCP,0,,,a,
ASN00007124,19460907,PRCP,0,,,a,
ASN00007124,19460908,PRCP,0,,,a,
ASN00007124,19460909,PRCP,0,,,a,
ASN00007124,19460910,PRCP,0,,,a,
ASN00007124,19460911,PRCP,0,,,a,
ASN00007124,19460912,PRCP,0,,,a,
ASN00007124,19460913,PRCP,0,,,a,
ASN00007124,19460914,PRCP,0,,,a,
ASN00007124,19460915,PRCP,0,,,a,
ASN00007124,19460916,PRCP,0,,,a,
ASN00007124,19460917,PRCP,0,,,a,
ASN00007124,19460918,PRCP,0,,,a,
ASN00007124,19460919,PRCP,0,,,a,
ASN00007124,19460920,PRCP,0,,,a,
ASN00007124,19460921,PRCP,0,,,a,
ASN00007124,19460922,PRCP,0,,,a,
ASN00007124,19460923,PRCP,0,,,a,
ASN00007124,19460924,PRCP,0,,,a,
ASN00007124,19460925,PRCP,0,,,a,
ASN00007124,19460926,PRCP,0,,,a,
ASN00007124,19460927,PRCP,0,,,a,
ASN00007124,19460928,PRCP,0,,,a,
ASN00007124,19460929,PRCP,0,,,a,
ASN00007124,19460930,PRCP,0,,,a,
ASN00007124,19461001,PRCP,0,,,a,
ASN00007124,19461002,PRCP,0,,,a,
ASN00007124,19461003,PRCP,0,,,a,
ASN00007124,19461004,PRCP,0,,,a,
ASN00007124,19461005,PRCP,0,,,a,
ASN00007124,19461006,PRCP,0,,,a,
ASN00007124,19461007,PRCP,0,,,a,
ASN00007124,19461008,PRCP,0,,,a,
ASN00007124,19461009,PRCP,0,,,a,
ASN00007124,19461010,PRCP,0,,,a,
ASN00007124,19461011,PRCP,0,,,a,
ASN00007124,19461012,PRCP,0,,,a,
ASN00007124,19461013,PRCP,0,,,a,
ASN00007124,19461014,PRCP,0,,,a,
ASN00007124,19461015,PRCP,0,,,a,
ASN00007124,19461016,PRCP,0,,,a,
ASN00007124,19461017,PRCP,0,,,a,
ASN00007124,19461018,PRCP,0,,,a,
ASN00007124,19461019,PRCP,0,,,a,
ASN00007124,19461020,PRCP,0,,,a,
ASN00007124,19461021,PRCP,0,,,a,
ASN00007124,19461022,PRCP,0,,,a,
ASN00007124,19461023,PRCP,0,,,a,
ASN00007124,19461024,PRCP,0,,,a,
ASN00007124,19461025,PRCP,0,,,a,
ASN00007124,19461026,PRCP,0,,,a,
ASN00007124,19461027,PRCP,0,,,a,
ASN00007124,19461028,PRCP,0,,,a,
ASN00007124,19461029,PRCP,0,,,a,
ASN00007124,19461030,PRCP,0,,,a,
ASN00007124,19461031,PRCP,0,,,a,
ASN00007124,19461201,PRCP,0,,,a,
ASN00007124,19461202,PRCP,0,,,a,
ASN00007124,19461203,PRCP,0,,,a,
ASN00007124,19461204,PRCP,0,,,a,
ASN00007124,19461205,PRCP,0,,,a,
ASN00007124,19461206,PRCP,0,,,a,
ASN00007124,19461207,PRCP,0,,,a,
ASN00007124,19461208,PRCP,0,,,a,
ASN00007124,19461209,PRCP,0,,,a,
ASN00007124,19461210,PRCP,0,,,a,
ASN00007124,19461211,PRCP,0,,,a,
ASN00007124,19461212,PRCP,0,,,a,
ASN00007124,19461213,PRCP,0,,,a,
ASN00007124,19461214,PRCP,0,,,a,
ASN00007124,19461215,PRCP,0,,,a,
ASN00007124,19461216,PRCP,0,,,a,
ASN00007124,19461217,PRCP,0,,,a,
ASN00007124,19461218,PRCP,0,,,a,
ASN00007124,19461219,PRCP,0,,,a,
ASN00007124,19461220,PRCP,0,,,a,
ASN00007124,19461221,PRCP,0,,,a,
ASN00007124,19461222,PRCP,0,,,a,
ASN00007124,19461223,PRCP,0,,,a,
ASN00007124,19461224,PRCP,0,,,a,
ASN00007124,19461225,PRCP,0,,,a,
ASN00007124,19461226,PRCP,0,,,a,
ASN00007124,19461227,PRCP,0,,,a,
ASN00007124,19461228,PRCP,0,,,a,
ASN00007124,19461229,PRCP,0,,,a,
ASN00007124,19461230,PRCP,0,,,a,
ASN00007124,19461231,PRCP,0,,,a,
ASN00007124,19470101,PRCP,0,,,a,
ASN00007124,19470102,PRCP,0,,,a,
ASN00007124,19470103,PRCP,0,,,a,
ASN00007124,19470104,PRCP,0,,,a,
ASN00007124,19470105,PRCP,0,,,a,
ASN00007124,19470106,PRCP,0,,,a,
ASN00007124,19470107,PRCP,0,,,a,
ASN00007124,19470108,PRCP,0,,,a,
ASN00007124,19470109,PRCP,0,,,a,
ASN00007124,19470110,PRCP,0,,,a,
ASN00007124,19470111,PRCP,0,,,a,
ASN00007124,19470112,PRCP,0,,,a,
ASN00007124,19470113,PRCP,0,,,a,
ASN00007124,19470114,PRCP,0,,,a,
ASN00007124,19470115,PRCP,0,,,a,
ASN00007124,19470116,PRCP,0,,,a,
ASN00007124,19470117,PRCP,0,,,a,
ASN00007124,19470118,PRCP,0,,,a,
ASN00007124,19470119,PRCP,0,,,a,
ASN00007124,19470120,PRCP,0,,,a,
ASN00007124,19470121,PRCP,0,,,a,
ASN00007124,19470122,PRCP,0,,,a,
ASN00007124,19470123,PRCP,0,,,a,
ASN00007124,19470124,PRCP,0,,,a,
ASN00007124,19470125,PRCP,0,,,a,
ASN00007124,19470126,PRCP,0,,,a,
ASN00007124,19470127,PRCP,0,,,a,
ASN00007124,19470128,PRCP,0,,,a,
ASN00007124,19470129,PRCP,0,,,a,
ASN00007124,19470130,PRCP,0,,,a,
ASN00007124,19470131,PRCP,0,,,a,
ASN00007124,19470401,PRCP,0,,,a,
ASN00007124,19470402,PRCP,0,,,a,
ASN00007124,19470403,PRCP,0,,,a,
ASN00007124,19470404,PRCP,0,,,a,
ASN00007124,19470405,PRCP,0,,,a,
ASN00007124,19470406,PRCP,0,,,a,
ASN00007124,19470407,PRCP,0,,,a,
ASN00007124,19470408,PRCP,0,,,a,
ASN00007124,19470409,PRCP,0,,,a,
ASN00007124,19470410,PRCP,0,,,a,
ASN00007124,19470411,PRCP,0,,,a,
ASN00007124,19470412,PRCP,0,,,a,
ASN00007124,19470413,PRCP,0,,,a,
ASN00007124,19470414,PRCP,0,,,a,
ASN00007124,19470415,PRCP,0,,,a,
ASN00007124,19470416,PRCP,0,,,a,
ASN00007124,19470417,PRCP,0,,,a,
ASN00007124,19470418,PRCP,0,,,a,
ASN00007124,19470419,PRCP,0,,,a,
ASN00007124,19470420,PRCP,0,,,a,
ASN00007124,19470421,PRCP,0,,,a,
ASN00007124,19470422,PRCP,0,,,a,
ASN00007124,19470423,PRCP,0,,,a,
ASN00007124,19470424,PRCP,0,,,a,
ASN00007124,19470425,PRCP,0,,,a,
ASN00007124,19470426,PRCP,0,,,a,
ASN00007124,19470427,PRCP,0,,,a,
ASN00007124,19470428,PRCP,0,,,a,
ASN00007124,19470429,PRCP,0,,,a,
ASN00007124,19470430,PRCP,0,,,a,
ASN00007124,19470901,PRCP,0,,,a,
ASN00007124,19470902,PRCP,0,,,a,
ASN00007124,19470903,PRCP,0,,,a,
ASN00007124,19470904,PRCP,0,,,a,
ASN00007124,19470905,PRCP,0,,,a,
ASN00007124,19470906,PRCP,0,,,a,
ASN00007124,19470907,PRCP,0,,,a,
ASN00007124,19470908,PRCP,0,,,a,
ASN00007124,19470909,PRCP,0,,,a,
ASN00007124,19470910,PRCP,0,,,a,
ASN00007124,19470911,PRCP,0,,,a,
ASN00007124,19470912,PRCP,0,,,a,
ASN00007124,19470913,PRCP,0,,,a,
ASN00007124,19470914,PRCP,0,,,a,
ASN00007124,19470915,PRCP,0,,,a,
ASN00007124,19470916,PRCP,0,,,a,
ASN00007124,19470917,PRCP,0,,,a,
ASN00007124,19470918,PRCP,0,,,a,
ASN00007124,19470919,PRCP,0,,,a,
ASN00007124,19470920,PRCP,0,,,a,
ASN00007124,19470921,PRCP,0,,,a,
ASN00007124,19470922,PRCP,0,,,a,
ASN00007124,19470923,PRCP,0,,,a,
ASN00007124,19470924,PRCP,0,,,a,
ASN00007124,19470925,PRCP,0,,,a,
ASN00007124,19470926,PRCP,0,,,a,
ASN00007124,19470927,PRCP,0,,,a,
ASN00007124,19470928,PRCP,0,,,a,
ASN00007124,19470929,PRCP,0,,,a,
ASN00007124,19470930,PRCP,0,,,a,
ASN00007124,19471101,PRCP,0,,,a,
ASN00007124,19471102,PRCP,0,,,a,
ASN00007124,19471103,PRCP,0,,,a,
ASN00007124,19471104,PRCP,0,,,a,
ASN00007124,19471105,PRCP,0,,,a,
ASN00007124,19471106,PRCP,0,,,a,
ASN00007124,19471107,PRCP,0,,,a,
ASN00007124,19471108,PRCP,0,,,a,
ASN00007124,19471109,PRCP,0,,,a,
ASN00007124,19471110,PRCP,0,,,a,
ASN00007124,19471111,PRCP,0,,,a,
ASN00007124,19471112,PRCP,0,,,a,
ASN00007124,19471113,PRCP,0,,,a,
ASN00007124,19471114,PRCP,0,,,a,
ASN00007124,19471115,PRCP,0,,,a,
ASN00007124,19471116,PRCP,0,,,a,
ASN00007124,19471117,PRCP,0,,,a,
ASN00007124,19471118,PRCP,0,,,a,
ASN00007124,19471119,PRCP,0,,,a,
ASN00007124,19471120,PRCP,0,,,a,
ASN00007124,19471121,PRCP,0,,,a,
ASN00007124,19471122,PRCP,0,,,a,
ASN00007124,19471123,PRCP,0,,,a,
ASN00007124,19471124,PRCP,0,,,a,
ASN00007124,19471125,PRCP,0,,,a,
ASN00007124,19471126,PRCP,0,,,a,
ASN00007124,19471127,PRCP,0,,,a,
ASN00007124,19471128,PRCP,0,,,a,
ASN00007124,19471129,PRCP,0,,,a,
ASN00007124,19471130,PRCP,0,,,a,
ASN00007124,19471201,PRCP,0,,,a,
ASN00007124,19471202,PRCP,0,,,a,
ASN00007124,19471203,PRCP,0,,,a,
ASN00007124,19471204,PRCP,0,,,a,
ASN00007124,19471205,PRCP,0,,,a,
ASN00007124,19471206,PRCP,0,,,a,
ASN00007124,19471207,PRCP,0,,,a,
ASN00007124,19471208,PRCP,0,,,a,
ASN00007124,19471209,PRCP,0,,,a,
ASN00007124,19471210,PRCP,0,,,a,
ASN00007124,19471211,PRCP,0,,,a,
ASN00007124,19471212,PRCP,0,,,a,
ASN00007124,19471213,PRCP,0,,,a,
ASN00007124,19471214,PRCP,0,,,a,
ASN00007124,19471215,PRCP,0,,,a,
ASN00007124,19471216,PRCP,0,,,a,
ASN00007124,19471217,PRCP,0,,,a,
ASN00007124,19471218,PRCP,0,,,a,
ASN00007124,19471219,PRCP,0,,,a,
ASN00007124,19471220,PRCP,0,,,a,
ASN00007124,19471221,PRCP,0,,,a,
ASN00007124,19471222,PRCP,0,,,a,
ASN00007124,19471223,PRCP,0,,,a,
ASN00007124,19471224,PRCP,0,,,a,
ASN00007124,19471225,PRCP,0,,,a,
ASN00007124,19471226,PRCP,0,,,a,
ASN00007124,19471227,PRCP,0,,,a,
ASN00007124,19471228,PRCP,0,,,a,
ASN00007124,19471229,PRCP,0,,,a,
ASN00007124,19471230,PRCP,0,,,a,
ASN00007124,19471231,PRCP,0,,,a,
ASN00007124,19480101,PRCP,0,,,a,
ASN00007124,19480102,PRCP,0,,,a,
ASN00007124,19480103,PRCP,0,,,a,
ASN00007124,19480104,PRCP,0,,,a,
ASN00007124,19480105,PRCP,0,,,a,
ASN00007124,19480106,PRCP,0,,,a,
ASN00007124,19480107,PRCP,0,,,a,
ASN00007124,19480108,PRCP,0,,,a,
ASN00007124,19480109,PRCP,0,,,a,
ASN00007124,19480110,PRCP,0,,,a,
ASN00007124,19480111,PRCP,0,,,a,
ASN00007124,19480112,PRCP,0,,,a,
ASN00007124,19480113,PRCP,0,,,a,
ASN00007124,19480114,PRCP,0,,,a,
ASN00007124,19480115,PRCP,0,,,a,
ASN00007124,19480116,PRCP,0,,,a,
ASN00007124,19480117,PRCP,0,,,a,
ASN00007124,19480118,PRCP,0,,,a,
ASN00007124,19480119,PRCP,0,,,a,
ASN00007124,19480120,PRCP,0,,,a,
ASN00007124,19480121,PRCP,0,,,a,
ASN00007124,19480122,PRCP,0,,,a,
ASN00007124,19480123,PRCP,0,,,a,
ASN00007124,19480124,PRCP,0,,,a,
ASN00007124,19480125,PRCP,0,,,a,
ASN00007124,19480126,PRCP,0,,,a,
ASN00007124,19480127,PRCP,0,,,a,
ASN00007124,19480128,PRCP,0,,,a,
ASN00007124,19480129,PRCP,0,,,a,
ASN00007124,19480130,PRCP,0,,,a,
ASN00007124,19480131,PRCP,0,,,a,
ASN00007124,19480501,PRCP,0,,,a,
ASN00007124,19480502,PRCP,0,,,a,
ASN00007124,19480503,PRCP,0,,,a,
ASN00007124,19480504,PRCP,0,,,a,
ASN00007124,19480505,PRCP,0,,,a,
ASN00007124,19480506,PRCP,0,,,a,
ASN00007124,19480507,PRCP,0,,,a,
ASN00007124,19480508,PRCP,0,,,a,
ASN00007124,19480509,PRCP,0,,,a,
ASN00007124,19480510,PRCP,0,,,a,
ASN00007124,19480511,PRCP,0,,,a,
ASN00007124,19480512,PRCP,0,,,a,
ASN00007124,19480513,PRCP,0,,,a,
ASN00007124,19480514,PRCP,0,,,a,
ASN00007124,19480515,PRCP,0,,,a,
ASN00007124,19480516,PRCP,0,,,a,
ASN00007124,19480517,PRCP,0,,,a,
ASN00007124,19480518,PRCP,0,,,a,
ASN00007124,19480519,PRCP,0,,,a,
ASN00007124,19480520,PRCP,0,,,a,
ASN00007124,19480521,PRCP,0,,,a,
ASN00007124,19480522,PRCP,0,,,a,
ASN00007124,19480523,PRCP,0,,,a,
ASN00007124,19480524,PRCP,0,,,a,
ASN00007124,19480525,PRCP,0,,,a,
ASN00007124,19480526,PRCP,0,,,a,
ASN00007124,19480527,PRCP,0,,,a,
ASN00007124,19480528,PRCP,0,,,a,
ASN00007124,19480529,PRCP,0,,,a,
ASN00007124,19480530,PRCP,0,,,a,
ASN00007124,19480531,PRCP,0,,,a,
ASN00007124,19480901,PRCP,0,,,a,
ASN00007124,19480902,PRCP,0,,,a,
ASN00007124,19480903,PRCP,0,,,a,
ASN00007124,19480904,PRCP,0,,,a,
ASN00007124,19480905,PRCP,0,,,a,
ASN00007124,19480906,PRCP,0,,,a,
ASN00007124,19480907,PRCP,0,,,a,
ASN00007124,19480908,PRCP,0,,,a,
ASN00007124,19480909,PRCP,0,,,a,
ASN00007124,19480910,PRCP,0,,,a,
ASN00007124,19480911,PRCP,0,,,a,
ASN00007124,19480912,PRCP,0,,,a,
ASN00007124,19480913,PRCP,0,,,a,
ASN00007124,19480914,PRCP,0,,,a,
ASN00007124,19480915,PRCP,0,,,a,
ASN00007124,19480916,PRCP,0,,,a,
ASN00007124,19480917,PRCP,0,,,a,
ASN00007124,19480918,PRCP,0,,,a,
ASN00007124,19480919,PRCP,0,,,a,
ASN00007124,19480920,PRCP,0,,,a,
ASN00007124,19480921,PRCP,0,,,a,
ASN00007124,19480922,PRCP,0,,,a,
ASN00007124,19480923,PRCP,0,,,a,
ASN00007124,19480924,PRCP,0,,,a,
ASN00007124,19480925,PRCP,0,,,a,
ASN00007124,19480926,PRCP,0,,,a,
ASN00007124,19480927,PRCP,0,,,a,
ASN00007124,19480928,PRCP,0,,,a,
ASN00007124,19480929,PRCP,0,,,a,
ASN00007124,19480930,PRCP,0,,,a,
ASN00007124,19481001,PRCP,0,,,a,
ASN00007124,19481002,PRCP,0,,,a,
ASN00007124,19481003,PRCP,0,,,a,
ASN00007124,19481004,PRCP,0,,,a,
ASN00007124,19481005,PRCP,0,,,a,
ASN00007124,19481006,PRCP,0,,,a,
ASN00007124,19481007,PRCP,0,,,a,
ASN00007124,19481008,PRCP,0,,,a,
ASN00007124,19481009,PRCP,0,,,a,
ASN00007124,19481010,PRCP,0,,,a,
ASN00007124,19481011,PRCP,0,,,a,
ASN00007124,19481012,PRCP,0,,,a,
ASN00007124,19481013,PRCP,0,,,a,
ASN00007124,19481014,PRCP,0,,,a,
ASN00007124,19481015,PRCP,0,,,a,
ASN00007124,19481016,PRCP,0,,,a,
ASN00007124,19481017,PRCP,0,,,a,
ASN00007124,19481018,PRCP,0,,,a,
ASN00007124,19481019,PRCP,0,,,a,
ASN00007124,19481020,PRCP,0,,,a,
ASN00007124,19481021,PRCP,0,,,a,
ASN00007124,19481022,PRCP,0,,,a,
ASN00007124,19481023,PRCP,0,,,a,
ASN00007124,19481024,PRCP,0,,,a,
ASN00007124,19481025,PRCP,0,,,a,
ASN00007124,19481026,PRCP,0,,,a,
ASN00007124,19481027,PRCP,0,,,a,
ASN00007124,19481028,PRCP,0,,,a,
ASN00007124,19481029,PRCP,0,,,a,
ASN00007124,19481030,PRCP,0,,,a,
ASN00007124,19481031,PRCP,0,,,a,
ASN00007124,19481101,PRCP,0,,,a,
ASN00007124,19481102,PRCP,0,,,a,
ASN00007124,19481103,PRCP,0,,,a,
ASN00007124,19481104,PRCP,0,,,a,
ASN00007124,19481105,PRCP,0,,,a,
ASN00007124,19481106,PRCP,0,,,a,
ASN00007124,19481107,PRCP,0,,,a,
ASN00007124,19481108,PRCP,0,,,a,
ASN00007124,19481109,PRCP,0,,,a,
ASN00007124,19481110,PRCP,0,,,a,
ASN00007124,19481111,PRCP,0,,,a,
ASN00007124,19481112,PRCP,0,,,a,
ASN00007124,19481113,PRCP,0,,,a,
ASN00007124,19481114,PRCP,0,,,a,
ASN00007124,19481115,PRCP,0,,,a,
ASN00007124,19481116,PRCP,0,,,a,
ASN00007124,19481117,PRCP,0,,,a,
ASN00007124,19481118,PRCP,0,,,a,
ASN00007124,19481119,PRCP,0,,,a,
ASN00007124,19481120,PRCP,0,,,a,
ASN00007124,19481121,PRCP,0,,,a,
ASN00007124,19481122,PRCP,0,,,a,
ASN00007124,19481123,PRCP,0,,,a,
ASN00007124,19481124,PRCP,0,,,a,
ASN00007124,19481125,PRCP,0,,,a,
ASN00007124,19481126,PRCP,0,,,a,
ASN00007124,19481127,PRCP,0,,,a,
ASN00007124,19481128,PRCP,0,,,a,
ASN00007124,19481129,PRCP,0,,,a,
ASN00007124,19481130,PRCP,0,,,a,
ASN00007124,19490301,PRCP,0,,,a,
ASN00007124,19490302,PRCP,0,,,a,
ASN00007124,19490303,PRCP,0,,,a,
ASN00007124,19490304,PRCP,0,,,a,
ASN00007124,19490305,PRCP,0,,,a,
ASN00007124,19490306,PRCP,0,,,a,
ASN00007124,19490307,PRCP,0,,,a,
ASN00007124,19490308,PRCP,0,,,a,
ASN00007124,19490309,PRCP,0,,,a,
ASN00007124,19490310,PRCP,0,,,a,
ASN00007124,19490311,PRCP,0,,,a,
ASN00007124,19490312,PRCP,0,,,a,
ASN00007124,19490313,PRCP,0,,,a,
ASN00007124,19490314,PRCP,0,,,a,
ASN00007124,19490315,PRCP,0,,,a,
ASN00007124,19490316,PRCP,0,,,a,
ASN00007124,19490317,PRCP,0,,,a,
ASN00007124,19490318,PRCP,0,,,a,
ASN00007124,19490319,PRCP,0,,,a,
ASN00007124,19490320,PRCP,0,,,a,
ASN00007124,19490321,PRCP,0,,,a,
ASN00007124,19490322,PRCP,0,,,a,
ASN00007124,19490323,PRCP,0,,,a,
ASN00007124,19490324,PRCP,0,,,a,
ASN00007124,19490325,PRCP,0,,,a,
ASN00007124,19490326,PRCP,0,,,a,
ASN00007124,19490327,PRCP,0,,,a,
ASN00007124,19490328,PRCP,0,,,a,
ASN00007124,19490329,PRCP,0,,,a,
ASN00007124,19490330,PRCP,0,,,a,
ASN00007124,19490331,PRCP,0,,,a,
ASN00007124,19491001,PRCP,0,,,a,
ASN00007124,19491002,PRCP,0,,,a,
ASN00007124,19491003,PRCP,0,,,a,
ASN00007124,19491004,PRCP,0,,,a,
ASN00007124,19491005,PRCP,0,,,a,
ASN00007124,19491006,PRCP,0,,,a,
ASN00007124,19491007,PRCP,0,,,a,
ASN00007124,19491008,PRCP,0,,,a,
ASN00007124,19491009,PRCP,0,,,a,
ASN00007124,19491010,PRCP,0,,,a,
ASN00007124,19491011,PRCP,0,,,a,
ASN00007124,19491012,PRCP,0,,,a,
ASN00007124,19491013,PRCP,0,,,a,
ASN00007124,19491014,PRCP,0,,,a,
ASN00007124,19491015,PRCP,0,,,a,
ASN00007124,19491016,PRCP,0,,,a,
ASN00007124,19491017,PRCP,0,,,a,
ASN00007124,19491018,PRCP,0,,,a,
ASN00007124,19491019,PRCP,0,,,a,
ASN00007124,19491020,PRCP,0,,,a,
ASN00007124,19491021,PRCP,0,,,a,
ASN00007124,19491022,PRCP,0,,,a,
ASN00007124,19491023,PRCP,0,,,a,
ASN00007124,19491024,PRCP,0,,,a,
ASN00007124,19491025,PRCP,0,,,a,
ASN00007124,19491026,PRCP,0,,,a,
ASN00007124,19491027,PRCP,0,,,a,
ASN00007124,19491028,PRCP,0,,,a,
ASN00007124,19491029,PRCP,0,,,a,
ASN00007124,19491030,PRCP,0,,,a,
ASN00007124,19491031,PRCP,0,,,a,
ASN00007124,19491101,PRCP,0,,,a,
ASN00007124,19491102,PRCP,0,,,a,
ASN00007124,19491103,PRCP,0,,,a,
ASN00007124,19491104,PRCP,0,,,a,
ASN00007124,19491105,PRCP,0,,,a,
ASN00007124,19491106,PRCP,0,,,a,
ASN00007124,19491107,PRCP,0,,,a,
ASN00007124,19491108,PRCP,0,,,a,
ASN00007124,19491109,PRCP,0,,,a,
ASN00007124,19491110,PRCP,0,,,a,
ASN00007124,19491111,PRCP,0,,,a,
ASN00007124,19491112,PRCP,0,,,a,
ASN00007124,19491113,PRCP,0,,,a,
ASN00007124,19491114,PRCP,0,,,a,
ASN00007124,19491115,PRCP,0,,,a,
ASN00007124,19491116,PRCP,0,,,a,
ASN00007124,19491117,PRCP,0,,,a,
ASN00007124,19491118,PRCP,0,,,a,
ASN00007124,19491119,PRCP,0,,,a,
ASN00007124,19491120,PRCP,0,,,a,
ASN00007124,19491121,PRCP,0,,,a,
ASN00007124,19491122,PRCP,0,,,a,
ASN00007124,19491123,PRCP,0,,,a,
ASN00007124,19491124,PRCP,0,,,a,
ASN00007124,19491125,PRCP,0,,,a,
ASN00007124,19491126,PRCP,0,,,a,
ASN00007124,19491127,PRCP,0,,,a,
ASN00007124,19491128,PRCP,0,,,a,
ASN00007124,19491129,PRCP,0,,,a,
ASN00007124,19491130,PRCP,0,,,a,
ASN00007124,19500301,PRCP,0,,,a,
ASN00007124,19500302,PRCP,0,,,a,
ASN00007124,19500303,PRCP,0,,,a,
ASN00007124,19500304,PRCP,0,,,a,
ASN00007124,19500305,PRCP,0,,,a,
ASN00007124,19500306,PRCP,0,,,a,
ASN00007124,19500307,PRCP,0,,,a,
ASN00007124,19500308,PRCP,0,,,a,
ASN00007124,19500309,PRCP,0,,,a,
ASN00007124,19500310,PRCP,0,,,a,
ASN00007124,19500311,PRCP,0,,,a,
ASN00007124,19500312,PRCP,0,,,a,
ASN00007124,19500313,PRCP,0,,,a,
ASN00007124,19500314,PRCP,0,,,a,
ASN00007124,19500315,PRCP,0,,,a,
ASN00007124,19500316,PRCP,0,,,a,
ASN00007124,19500317,PRCP,0,,,a,
ASN00007124,19500318,PRCP,0,,,a,
ASN00007124,19500319,PRCP,0,,,a,
ASN00007124,19500320,PRCP,0,,,a,
ASN00007124,19500321,PRCP,0,,,a,
ASN00007124,19500322,PRCP,0,,,a,
ASN00007124,19500323,PRCP,0,,,a,
ASN00007124,19500324,PRCP,0,,,a,
ASN00007124,19500325,PRCP,0,,,a,
ASN00007124,19500326,PRCP,0,,,a,
ASN00007124,19500327,PRCP,0,,,a,
ASN00007124,19500328,PRCP,0,,,a,
ASN00007124,19500329,PRCP,0,,,a,
ASN00007124,19500330,PRCP,0,,,a,
ASN00007124,19500331,PRCP,0,,,a,
ASN00007124,19500401,PRCP,0,,,a,
ASN00007124,19500402,PRCP,0,,,a,
ASN00007124,19500403,PRCP,0,,,a,
ASN00007124,19500404,PRCP,0,,,a,
ASN00007124,19500405,PRCP,0,,,a,
ASN00007124,19500406,PRCP,0,,,a,
ASN00007124,19500407,PRCP,0,,,a,
ASN00007124,19500408,PRCP,0,,,a,
ASN00007124,19500409,PRCP,0,,,a,
ASN00007124,19500410,PRCP,0,,,a,
ASN00007124,19500411,PRCP,0,,,a,
ASN00007124,19500412,PRCP,0,,,a,
ASN00007124,19500413,PRCP,0,,,a,
ASN00007124,19500414,PRCP,0,,,a,
ASN00007124,19500415,PRCP,0,,,a,
ASN00007124,19500416,PRCP,0,,,a,
ASN00007124,19500417,PRCP,0,,,a,
ASN00007124,19500418,PRCP,0,,,a,
ASN00007124,19500419,PRCP,0,,,a,
ASN00007124,19500420,PRCP,0,,,a,
ASN00007124,19500421,PRCP,0,,,a,
ASN00007124,19500422,PRCP,0,,,a,
ASN00007124,19500423,PRCP,0,,,a,
ASN00007124,19500424,PRCP,0,,,a,
ASN00007124,19500425,PRCP,0,,,a,
ASN00007124,19500426,PRCP,0,,,a,
ASN00007124,19500427,PRCP,0,,,a,
ASN00007124,19500428,PRCP,0,,,a,
ASN00007124,19500429,PRCP,0,,,a,
ASN00007124,19500430,PRCP,0,,,a,
ASN00007124,19500601,PRCP,0,,,a,
ASN00007124,19500602,PRCP,0,,,a,
ASN00007124,19500603,PRCP,0,,,a,
ASN00007124,19500604,PRCP,0,,,a,
ASN00007124,19500605,PRCP,0,,,a,
ASN00007124,19500606,PRCP,0,,,a,
ASN00007124,19500607,PRCP,0,,,a,
ASN00007124,19500608,PRCP,0,,,a,
ASN00007124,19500609,PRCP,0,,,a,
ASN00007124,19500610,PRCP,0,,,a,
ASN00007124,19500611,PRCP,0,,,a,
ASN00007124,19500612,PRCP,0,,,a,
ASN00007124,19500613,PRCP,0,,,a,
ASN00007124,19500614,PRCP,0,,,a,
ASN00007124,19500615,PRCP,0,,,a,
ASN00007124,19500616,PRCP,0,,,a,
ASN00007124,19500617,PRCP,0,,,a,
ASN00007124,19500618,PRCP,0,,,a,
ASN00007124,19500619,PRCP,0,,,a,
ASN00007124,19500620,PRCP,0,,,a,
ASN00007124,19500621,PRCP,0,,,a,
ASN00007124,19500622,PRCP,0,,,a,
ASN00007124,19500623,PRCP,0,,,a,
ASN00007124,19500624,PRCP,0,,,a,
ASN00007124,19500625,PRCP,0,,,a,
ASN00007124,19500626,PRCP,0,,,a,
ASN00007124,19500627,PRCP,0,,,a,
ASN00007124,19500628,PRCP,0,,,a,
ASN00007124,19500629,PRCP,0,,,a,
ASN00007124,19500630,PRCP,0,,,a,
ASN00007124,19500801,PRCP,0,,,a,
ASN00007124,19500802,PRCP,0,,,a,
ASN00007124,19500803,PRCP,0,,,a,
ASN00007124,19500804,PRCP,0,,,a,
ASN00007124,19500805,PRCP,0,,,a,
ASN00007124,19500806,PRCP,0,,,a,
ASN00007124,19500807,PRCP,0,,,a,
ASN00007124,19500808,PRCP,0,,,a,
ASN00007124,19500809,PRCP,0,,,a,
ASN00007124,19500810,PRCP,0,,,a,
ASN00007124,19500811,PRCP,0,,,a,
ASN00007124,19500812,PRCP,0,,,a,
ASN00007124,19500813,PRCP,0,,,a,
ASN00007124,19500814,PRCP,0,,,a,
ASN00007124,19500815,PRCP,0,,,a,
ASN00007124,19500816,PRCP,0,,,a,
ASN00007124,19500817,PRCP,0,,,a,
ASN00007124,19500818,PRCP,0,,,a,
ASN00007124,19500819,PRCP,0,,,a,
ASN00007124,19500820,PRCP,0,,,a,
ASN00007124,19500821,PRCP,0,,,a,
ASN00007124,19500822,PRCP,0,,,a,
ASN00007124,19500823,PRCP,0,,,a,
ASN00007124,19500824,PRCP,0,,,a,
ASN00007124,19500825,PRCP,0,,,a,
ASN00007124,19500826,PRCP,0,,,a,
ASN00007124,19500827,PRCP,0,,,a,
ASN00007124,19500828,PRCP,0,,,a,
ASN00007124,19500829,PRCP,0,,,a,
ASN00007124,19500830,PRCP,0,,,a,
ASN00007124,19500831,PRCP,0,,,a,
ASN00007124,19500901,PRCP,0,,,a,
ASN00007124,19500902,PRCP,0,,,a,
ASN00007124,19500903,PRCP,0,,,a,
ASN00007124,19500904,PRCP,0,,,a,
ASN00007124,19500905,PRCP,0,,,a,
ASN00007124,19500906,PRCP,0,,,a,
ASN00007124,19500907,PRCP,0,,,a,
ASN00007124,19500908,PRCP,0,,,a,
ASN00007124,19500909,PRCP,0,,,a,
ASN00007124,19500910,PRCP,0,,,a,
ASN00007124,19500911,PRCP,0,,,a,
ASN00007124,19500912,PRCP,0,,,a,
ASN00007124,19500913,PRCP,0,,,a,
ASN00007124,19500914,PRCP,0,,,a,
ASN00007124,19500915,PRCP,0,,,a,
ASN00007124,19500916,PRCP,0,,,a,
ASN00007124,19500917,PRCP,0,,,a,
ASN00007124,19500918,PRCP,0,,,a,
ASN00007124,19500919,PRCP,0,,,a,
ASN00007124,19500920,PRCP,0,,,a,
ASN00007124,19500921,PRCP,0,,,a,
ASN00007124,19500922,PRCP,0,,,a,
ASN00007124,19500923,PRCP,0,,,a,
ASN00007124,19500924,PRCP,0,,,a,
ASN00007124,19500925,PRCP,0,,,a,
ASN00007124,19500926,PRCP,0,,,a,
ASN00007124,19500927,PRCP,0,,,a,
ASN00007124,19500928,PRCP,0,,,a,
ASN00007124,19500929,PRCP,0,,,a,
ASN00007124,19500930,PRCP,0,,,a,
ASN00007124,19501001,PRCP,0,,,a,
ASN00007124,19501002,PRCP,0,,,a,
ASN00007124,19501003,PRCP,0,,,a,
ASN00007124,19501004,PRCP,0,,,a,
ASN00007124,19501005,PRCP,0,,,a,
ASN00007124,19501006,PRCP,0,,,a,
ASN00007124,19501007,PRCP,0,,,a,
ASN00007124,19501008,PRCP,0,,,a,
ASN00007124,19501009,PRCP,0,,,a,
ASN00007124,19501010,PRCP,0,,,a,
ASN00007124,19501011,PRCP,0,,,a,
ASN00007124,19501012,PRCP,0,,,a,
ASN00007124,19501013,PRCP,0,,,a,
ASN00007124,19501014,PRCP,0,,,a,
ASN00007124,19501015,PRCP,0,,,a,
ASN00007124,19501016,PRCP,0,,,a,
ASN00007124,19501017,PRCP,0,,,a,
ASN00007124,19501018,PRCP,0,,,a,
ASN00007124,19501019,PRCP,0,,,a,
ASN00007124,19501020,PRCP,0,,,a,
ASN00007124,19501021,PRCP,0,,,a,
ASN00007124,19501022,PRCP,0,,,a,
ASN00007124,19501023,PRCP,0,,,a,
ASN00007124,19501024,PRCP,0,,,a,
ASN00007124,19501025,PRCP,0,,,a,
ASN00007124,19501026,PRCP,0,,,a,
ASN00007124,19501027,PRCP,0,,,a,
ASN00007124,19501028,PRCP,0,,,a,
ASN00007124,19501029,PRCP,0,,,a,
ASN00007124,19501030,PRCP,0,,,a,
ASN00007124,19501031,PRCP,0,,,a,
ASN00007124,19501101,PRCP,0,,,a,
ASN00007124,19501102,PRCP,0,,,a,
ASN00007124,19501103,PRCP,0,,,a,
ASN00007124,19501104,PRCP,0,,,a,
ASN00007124,19501105,PRCP,0,,,a,
ASN00007124,19501106,PRCP,0,,,a,
ASN00007124,19501107,PRCP,0,,,a,
ASN00007124,19501108,PRCP,0,,,a,
ASN00007124,19501109,PRCP,0,,,a,
ASN00007124,19501110,PRCP,0,,,a,
ASN00007124,19501111,PRCP,0,,,a,
ASN00007124,19501112,PRCP,0,,,a,
ASN00007124,19501113,PRCP,0,,,a,
ASN00007124,19501114,PRCP,0,,,a,
ASN00007124,19501115,PRCP,0,,,a,
ASN00007124,19501116,PRCP,0,,,a,
ASN00007124,19501117,PRCP,0,,,a,
ASN00007124,19501118,PRCP,0,,,a,
ASN00007124,19501119,PRCP,0,,,a,
ASN00007124,19501120,PRCP,0,,,a,
ASN00007124,19501121,PRCP,0,,,a,
ASN00007124,19501122,PRCP,0,,,a,
ASN00007124,19501123,PRCP,0,,,a,
ASN00007124,19501124,PRCP,0,,,a,
ASN00007124,19501125,PRCP,0,,,a,
ASN00007124,19501126,PRCP,0,,,a,
ASN00007124,19501127,PRCP,0,,,a,
ASN00007124,19501128,PRCP,0,,,a,
ASN00007124,19501129,PRCP,0,,,a,
ASN00007124,19501130,PRCP,0,,,a,
ASN00007124,19501201,PRCP,0,,,a,
ASN00007124,19501202,PRCP,0,,,a,
ASN00007124,19501203,PRCP,0,,,a,
ASN00007124,19501204,PRCP,0,,,a,
ASN00007124,19501205,PRCP,0,,,a,
ASN00007124,19501206,PRCP,0,,,a,
ASN00007124,19501207,PRCP,0,,,a,
ASN00007124,19501208,PRCP,0,,,a,
ASN00007124,19501209,PRCP,0,,,a,
ASN00007124,19501210,PRCP,0,,,a,
ASN00007124,19501211,PRCP,0,,,a,
ASN00007124,19501212,PRCP,0,,,a,
ASN00007124,19501213,PRCP,0,,,a,
ASN00007124,19501214,PRCP,0,,,a,
ASN00007124,19501215,PRCP,0,,,a,
ASN00007124,19501216,PRCP,0,,,a,
ASN00007124,19501217,PRCP,0,,,a,
ASN00007124,19501218,PRCP,0,,,a,
ASN00007124,19501219,PRCP,0,,,a,
ASN00007124,19501220,PRCP,0,,,a,
ASN00007124,19501221,PRCP,0,,,a,
ASN00007124,19501222,PRCP,0,,,a,
ASN00007124,19501223,PRCP,0,,,a,
ASN00007124,19501224,PRCP,0,,,a,
ASN00007124,19501225,PRCP,0,,,a,
ASN00007124,19501226,PRCP,0,,,a,
ASN00007124,19501227,PRCP,0,,,a,
ASN00007124,19501228,PRCP,0,,,a,
ASN00007124,19501229,PRCP,0,,,a,
ASN00007124,19501230,PRCP,0,,,a,
ASN00007124,19501231,PRCP,0,,,a,
ASN00007124,19510301,PRCP,0,,,a,
ASN00007124,19510302,PRCP,0,,,a,
ASN00007124,19510303,PRCP,0,,,a,
ASN00007124,19510304,PRCP,0,,,a,
ASN00007124,19510305,PRCP,0,,,a,
ASN00007124,19510306,PRCP,0,,,a,
ASN00007124,19510307,PRCP,0,,,a,
ASN00007124,19510308,PRCP,0,,,a,
ASN00007124,19510309,PRCP,0,,,a,
ASN00007124,19510310,PRCP,0,,,a,
ASN00007124,19510311,PRCP,0,,,a,
ASN00007124,19510312,PRCP,0,,,a,
ASN00007124,19510313,PRCP,0,,,a,
ASN00007124,19510314,PRCP,0,,,a,
ASN00007124,19510315,PRCP,0,,,a,
ASN00007124,19510316,PRCP,0,,,a,
ASN00007124,19510317,PRCP,0,,,a,
ASN00007124,19510318,PRCP,0,,,a,
ASN00007124,19510319,PRCP,0,,,a,
ASN00007124,19510320,PRCP,0,,,a,
ASN00007124,19510321,PRCP,0,,,a,
ASN00007124,19510322,PRCP,0,,,a,
ASN00007124,19510323,PRCP,0,,,a,
ASN00007124,19510324,PRCP,0,,,a,
ASN00007124,19510325,PRCP,0,,,a,
ASN00007124,19510326,PRCP,0,,,a,
ASN00007124,19510327,PRCP,0,,,a,
ASN00007124,19510328,PRCP,0,,,a,
ASN00007124,19510329,PRCP,0,,,a,
ASN00007124,19510330,PRCP,0,,,a,
ASN00007124,19510331,PRCP,0,,,a,
ASN00007124,19510501,PRCP,0,,,a,
ASN00007124,19510502,PRCP,0,,,a,
ASN00007124,19510503,PRCP,0,,,a,
ASN00007124,19510504,PRCP,0,,,a,
ASN00007124,19510505,PRCP,0,,,a,
ASN00007124,19510506,PRCP,0,,,a,
ASN00007124,19510507,PRCP,0,,,a,
ASN00007124,19510508,PRCP,0,,,a,
ASN00007124,19510509,PRCP,0,,,a,
ASN00007124,19510510,PRCP,0,,,a,
ASN00007124,19510511,PRCP,0,,,a,
ASN00007124,19510512,PRCP,0,,,a,
ASN00007124,19510513,PRCP,0,,,a,
ASN00007124,19510514,PRCP,0,,,a,
ASN00007124,19510515,PRCP,0,,,a,
ASN00007124,19510516,PRCP,0,,,a,
ASN00007124,19510517,PRCP,0,,,a,
ASN00007124,19510518,PRCP,0,,,a,
ASN00007124,19510519,PRCP,0,,,a,
ASN00007124,19510520,PRCP,0,,,a,
ASN00007124,19510521,PRCP,0,,,a,
ASN00007124,19510522,PRCP,0,,,a,
ASN00007124,19510523,PRCP,0,,,a,
ASN00007124,19510524,PRCP,0,,,a,
ASN00007124,19510525,PRCP,0,,,a,
ASN00007124,19510526,PRCP,0,,,a,
ASN00007124,19510527,PRCP,0,,,a,
ASN00007124,19510528,PRCP,0,,,a,
ASN00007124,19510529,PRCP,0,,,a,
ASN00007124,19510530,PRCP,0,,,a,
ASN00007124,19510531,PRCP,0,,,a,
ASN00007124,19510801,PRCP,0,,,a,
ASN00007124,19510802,PRCP,0,,,a,
ASN00007124,19510803,PRCP,0,,,a,
ASN00007124,19510804,PRCP,0,,,a,
ASN00007124,19510805,PRCP,0,,,a,
ASN00007124,19510806,PRCP,0,,,a,
ASN00007124,19510807,PRCP,0,,,a,
ASN00007124,19510808,PRCP,0,,,a,
ASN00007124,19510809,PRCP,0,,,a,
ASN00007124,19510810,PRCP,0,,,a,
ASN00007124,19510811,PRCP,0,,,a,
ASN00007124,19510812,PRCP,0,,,a,
ASN00007124,19510813,PRCP,0,,,a,
ASN00007124,19510814,PRCP,0,,,a,
ASN00007124,19510815,PRCP,0,,,a,
ASN00007124,19510816,PRCP,0,,,a,
ASN00007124,19510817,PRCP,0,,,a,
ASN00007124,19510818,PRCP,0,,,a,
ASN00007124,19510819,PRCP,0,,,a,
ASN00007124,19510820,PRCP,0,,,a,
ASN00007124,19510821,PRCP,0,,,a,
ASN00007124,19510822,PRCP,0,,,a,
ASN00007124,19510823,PRCP,0,,,a,
ASN00007124,19510824,PRCP,0,,,a,
ASN00007124,19510825,PRCP,0,,,a,
ASN00007124,19510826,PRCP,0,,,a,
ASN00007124,19510827,PRCP,0,,,a,
ASN00007124,19510828,PRCP,0,,,a,
ASN00007124,19510829,PRCP,0,,,a,
ASN00007124,19510830,PRCP,0,,,a,
ASN00007124,19510831,PRCP,0,,,a,
ASN00007124,19510901,PRCP,0,,,a,
ASN00007124,19510902,PRCP,0,,,a,
ASN00007124,19510903,PRCP,0,,,a,
ASN00007124,19510904,PRCP,0,,,a,
ASN00007124,19510905,PRCP,0,,,a,
ASN00007124,19510906,PRCP,0,,,a,
ASN00007124,19510907,PRCP,0,,,a,
ASN00007124,19510908,PRCP,0,,,a,
ASN00007124,19510909,PRCP,0,,,a,
ASN00007124,19510910,PRCP,0,,,a,
ASN00007124,19510911,PRCP,0,,,a,
ASN00007124,19510912,PRCP,0,,,a,
ASN00007124,19510913,PRCP,0,,,a,
ASN00007124,19510914,PRCP,0,,,a,
ASN00007124,19510915,PRCP,0,,,a,
ASN00007124,19510916,PRCP,0,,,a,
ASN00007124,19510917,PRCP,0,,,a,
ASN00007124,19510918,PRCP,0,,,a,
ASN00007124,19510919,PRCP,0,,,a,
ASN00007124,19510920,PRCP,0,,,a,
ASN00007124,19510921,PRCP,0,,,a,
ASN00007124,19510922,PRCP,0,,,a,
ASN00007124,19510923,PRCP,0,,,a,
ASN00007124,19510924,PRCP,0,,,a,
ASN00007124,19510925,PRCP,0,,,a,
ASN00007124,19510926,PRCP,0,,,a,
ASN00007124,19510927,PRCP,0,,,a,
ASN00007124,19510928,PRCP,0,,,a,
ASN00007124,19510929,PRCP,0,,,a,
ASN00007124,19510930,PRCP,0,,,a,
ASN00007124,19511001,PRCP,0,,,a,
ASN00007124,19511002,PRCP,0,,,a,
ASN00007124,19511003,PRCP,0,,,a,
ASN00007124,19511004,PRCP,0,,,a,
ASN00007124,19511005,PRCP,0,,,a,
ASN00007124,19511006,PRCP,0,,,a,
ASN00007124,19511007,PRCP,0,,,a,
ASN00007124,19511008,PRCP,0,,,a,
ASN00007124,19511009,PRCP,0,,,a,
ASN00007124,19511010,PRCP,0,,,a,
ASN00007124,19511011,PRCP,0,,,a,
ASN00007124,19511012,PRCP,0,,,a,
ASN00007124,19511013,PRCP,0,,,a,
ASN00007124,19511014,PRCP,0,,,a,
ASN00007124,19511015,PRCP,0,,,a,
ASN00007124,19511016,PRCP,0,,,a,
ASN00007124,19511017,PRCP,0,,,a,
ASN00007124,19511018,PRCP,0,,,a,
ASN00007124,19511019,PRCP,0,,,a,
ASN00007124,19511020,PRCP,0,,,a,
ASN00007124,19511021,PRCP,0,,,a,
ASN00007124,19511022,PRCP,0,,,a,
ASN00007124,19511023,PRCP,0,,,a,
ASN00007124,19511024,PRCP,0,,,a,
ASN00007124,19511025,PRCP,0,,,a,
ASN00007124,19511026,PRCP,0,,,a,
ASN00007124,19511027,PRCP,0,,,a,
ASN00007124,19511028,PRCP,0,,,a,
ASN00007124,19511029,PRCP,0,,,a,
ASN00007124,19511030,PRCP,0,,,a,
ASN00007124,19511031,PRCP,0,,,a,
ASN00007124,19511101,PRCP,0,,,a,
ASN00007124,19511102,PRCP,0,,,a,
ASN00007124,19511103,PRCP,0,,,a,
ASN00007124,19511104,PRCP,0,,,a,
ASN00007124,19511105,PRCP,0,,,a,
ASN00007124,19511106,PRCP,0,,,a,
ASN00007124,19511107,PRCP,0,,,a,
ASN00007124,19511108,PRCP,0,,,a,
ASN00007124,19511109,PRCP,0,,,a,
ASN00007124,19511110,PRCP,0,,,a,
ASN00007124,19511111,PRCP,0,,,a,
ASN00007124,19511112,PRCP,0,,,a,
ASN00007124,19511113,PRCP,0,,,a,
ASN00007124,19511114,PRCP,0,,,a,
ASN00007124,19511115,PRCP,0,,,a,
ASN00007124,19511116,PRCP,0,,,a,
ASN00007124,19511117,PRCP,0,,,a,
ASN00007124,19511118,PRCP,0,,,a,
ASN00007124,19511119,PRCP,0,,,a,
ASN00007124,19511120,PRCP,0,,,a,
ASN00007124,19511121,PRCP,0,,,a,
ASN00007124,19511122,PRCP,0,,,a,
ASN00007124,19511123,PRCP,0,,,a,
ASN00007124,19511124,PRCP,0,,,a,
ASN00007124,19511125,PRCP,0,,,a,
ASN00007124,19511126,PRCP,0,,,a,
ASN00007124,19511127,PRCP,0,,,a,
ASN00007124,19511128,PRCP,0,,,a,
ASN00007124,19511129,PRCP,0,,,a,
ASN00007124,19511130,PRCP,0,,,a,
ASN00007124,19511201,PRCP,0,,,a,
ASN00007124,19511202,PRCP,0,,,a,
ASN00007124,19511203,PRCP,0,,,a,
ASN00007124,19511204,PRCP,0,,,a,
ASN00007124,19511205,PRCP,0,,,a,
ASN00007124,19511206,PRCP,0,,,a,
ASN00007124,19511207,PRCP,0,,,a,
ASN00007124,19511208,PRCP,0,,,a,
ASN00007124,19511209,PRCP,0,,,a,
ASN00007124,19511210,PRCP,0,,,a,
ASN00007124,19511211,PRCP,0,,,a,
ASN00007124,19511212,PRCP,0,,,a,
ASN00007124,19511213,PRCP,0,,,a,
ASN00007124,19511214,PRCP,0,,,a,
ASN00007124,19511215,PRCP,0,,,a,
ASN00007124,19511216,PRCP,0,,,a,
ASN00007124,19511217,PRCP,0,,,a,
ASN00007124,19511218,PRCP,0,,,a,
ASN00007124,19511219,PRCP,0,,,a,
ASN00007124,19511220,PRCP,0,,,a,
ASN00007124,19511221,PRCP,0,,,a,
ASN00007124,19511222,PRCP,0,,,a,
ASN00007124,19511223,PRCP,0,,,a,
ASN00007124,19511224,PRCP,0,,,a,
ASN00007124,19511225,PRCP,0,,,a,
ASN00007124,19511226,PRCP,0,,,a,
ASN00007124,19511227,PRCP,0,,,a,
ASN00007124,19511228,PRCP,0,,,a,
ASN00007124,19511229,PRCP,0,,,a,
ASN00007124,19511230,PRCP,0,,,a,
ASN00007124,19511231,PRCP,0,,,a,
ASN00007124,19520401,PRCP,0,,,a,
ASN00007124,19520402,PRCP,0,,,a,
ASN00007124,19520403,PRCP,0,,,a,
ASN00007124,19520404,PRCP,0,,,a,
ASN00007124,19520405,PRCP,0,,,a,
ASN00007124,19520406,PRCP,0,,,a,
ASN00007124,19520407,PRCP,0,,,a,
ASN00007124,19520408,PRCP,0,,,a,
ASN00007124,19520409,PRCP,0,,,a,
ASN00007124,19520410,PRCP,0,,,a,
ASN00007124,19520411,PRCP,0,,,a,
ASN00007124,19520412,PRCP,0,,,a,
ASN00007124,19520413,PRCP,0,,,a,
ASN00007124,19520414,PRCP,0,,,a,
ASN00007124,19520415,PRCP,0,,,a,
ASN00007124,19520416,PRCP,0,,,a,
ASN00007124,19520417,PRCP,0,,,a,
ASN00007124,19520418,PRCP,0,,,a,
ASN00007124,19520419,PRCP,0,,,a,
ASN00007124,19520420,PRCP,0,,,a,
ASN00007124,19520421,PRCP,0,,,a,
ASN00007124,19520422,PRCP,0,,,a,
ASN00007124,19520423,PRCP,0,,,a,
ASN00007124,19520424,PRCP,0,,,a,
ASN00007124,19520425,PRCP,0,,,a,
ASN00007124,19520426,PRCP,0,,,a,
ASN00007124,19520427,PRCP,0,,,a,
ASN00007124,19520428,PRCP,0,,,a,
ASN00007124,19520429,PRCP,0,,,a,
ASN00007124,19520430,PRCP,0,,,a,
ASN00007124,19520601,PRCP,0,,,a,
ASN00007124,19520602,PRCP,0,,,a,
ASN00007124,19520603,PRCP,0,,,a,
ASN00007124,19520604,PRCP,0,,,a,
ASN00007124,19520605,PRCP,0,,,a,
ASN00007124,19520606,PRCP,0,,,a,
ASN00007124,19520607,PRCP,0,,,a,
ASN00007124,19520608,PRCP,0,,,a,
ASN00007124,19520609,PRCP,0,,,a,
ASN00007124,19520610,PRCP,0,,,a,
ASN00007124,19520611,PRCP,0,,,a,
ASN00007124,19520612,PRCP,0,,,a,
ASN00007124,19520613,PRCP,0,,,a,
ASN00007124,19520614,PRCP,0,,,a,
ASN00007124,19520615,PRCP,0,,,a,
ASN00007124,19520616,PRCP,0,,,a,
ASN00007124,19520617,PRCP,0,,,a,
ASN00007124,19520618,PRCP,0,,,a,
ASN00007124,19520619,PRCP,0,,,a,
ASN00007124,19520620,PRCP,0,,,a,
ASN00007124,19520621,PRCP,0,,,a,
ASN00007124,19520622,PRCP,0,,,a,
ASN00007124,19520623,PRCP,0,,,a,
ASN00007124,19520624,PRCP,0,,,a,
ASN00007124,19520625,PRCP,0,,,a,
ASN00007124,19520626,PRCP,0,,,a,
ASN00007124,19520627,PRCP,0,,,a,
ASN00007124,19520628,PRCP,0,,,a,
ASN00007124,19520629,PRCP,0,,,a,
ASN00007124,19520630,PRCP,0,,,a,
ASN00007124,19520801,PRCP,0,,,a,
ASN00007124,19520802,PRCP,0,,,a,
ASN00007124,19520803,PRCP,0,,,a,
ASN00007124,19520804,PRCP,0,,,a,
ASN00007124,19520805,PRCP,0,,,a,
ASN00007124,19520806,PRCP,0,,,a,
ASN00007124,19520807,PRCP,0,,,a,
ASN00007124,19520808,PRCP,0,,,a,
ASN00007124,19520809,PRCP,0,,,a,
ASN00007124,19520810,PRCP,0,,,a,
ASN00007124,19520811,PRCP,0,,,a,
ASN00007124,19520812,PRCP,0,,,a,
ASN00007124,19520813,PRCP,0,,,a,
ASN00007124,19520814,PRCP,0,,,a,
ASN00007124,19520815,PRCP,0,,,a,
ASN00007124,19520816,PRCP,0,,,a,
ASN00007124,19520817,PRCP,0,,,a,
ASN00007124,19520818,PRCP,0,,,a,
ASN00007124,19520819,PRCP,0,,,a,
ASN00007124,19520820,PRCP,0,,,a,
ASN00007124,19520821,PRCP,0,,,a,
ASN00007124,19520822,PRCP,0,,,a,
ASN00007124,19520823,PRCP,0,,,a,
ASN00007124,19520824,PRCP,0,,,a,
ASN00007124,19520825,PRCP,0,,,a,
ASN00007124,19520826,PRCP,0,,,a,
ASN00007124,19520827,PRCP,0,,,a,
ASN00007124,19520828,PRCP,0,,,a,
ASN00007124,19520829,PRCP,0,,,a,
ASN00007124,19520830,PRCP,0,,,a,
ASN00007124,19520831,PRCP,0,,,a,
ASN00007124,19520901,PRCP,0,,,a,
ASN00007124,19520902,PRCP,0,,,a,
ASN00007124,19520903,PRCP,0,,,a,
ASN00007124,19520904,PRCP,0,,,a,
ASN00007124,19520905,PRCP,0,,,a,
ASN00007124,19520906,PRCP,0,,,a,
ASN00007124,19520907,PRCP,0,,,a,
ASN00007124,19520908,PRCP,0,,,a,
ASN00007124,19520909,PRCP,0,,,a,
ASN00007124,19520910,PRCP,0,,,a,
ASN00007124,19520911,PRCP,0,,,a,
ASN00007124,19520912,PRCP,0,,,a,
ASN00007124,19520913,PRCP,0,,,a,
ASN00007124,19520914,PRCP,0,,,a,
ASN00007124,19520915,PRCP,0,,,a,
ASN00007124,19520916,PRCP,0,,,a,
ASN00007124,19520917,PRCP,0,,,a,
ASN00007124,19520918,PRCP,0,,,a,
ASN00007124,19520919,PRCP,0,,,a,
ASN00007124,19520920,PRCP,0,,,a,
ASN00007124,19520921,PRCP,0,,,a,
ASN00007124,19520922,PRCP,0,,,a,
ASN00007124,19520923,PRCP,0,,,a,
ASN00007124,19520924,PRCP,0,,,a,
ASN00007124,19520925,PRCP,0,,,a,
ASN00007124,19520926,PRCP,0,,,a,
ASN00007124,19520927,PRCP,0,,,a,
ASN00007124,19520928,PRCP,0,,,a,
ASN00007124,19520929,PRCP,0,,,a,
ASN00007124,19520930,PRCP,0,,,a,
ASN00007124,19521101,PRCP,0,,,a,
ASN00007124,19521102,PRCP,0,,,a,
ASN00007124,19521103,PRCP,0,,,a,
ASN00007124,19521104,PRCP,0,,,a,
ASN00007124,19521105,PRCP,0,,,a,
ASN00007124,19521106,PRCP,0,,,a,
ASN00007124,19521107,PRCP,0,,,a,
ASN00007124,19521108,PRCP,0,,,a,
ASN00007124,19521109,PRCP,0,,,a,
ASN00007124,19521110,PRCP,0,,,a,
ASN00007124,19521111,PRCP,0,,,a,
ASN00007124,19521112,PRCP,0,,,a,
ASN00007124,19521113,PRCP,0,,,a,
ASN00007124,19521114,PRCP,0,,,a,
ASN00007124,19521115,PRCP,0,,,a,
ASN00007124,19521116,PRCP,0,,,a,
ASN00007124,19521117,PRCP,0,,,a,
ASN00007124,19521118,PRCP,0,,,a,
ASN00007124,19521119,PRCP,0,,,a,
ASN00007124,19521120,PRCP,0,,,a,
ASN00007124,19521121,PRCP,0,,,a,
ASN00007124,19521122,PRCP,0,,,a,
ASN00007124,19521123,PRCP,0,,,a,
ASN00007124,19521124,PRCP,0,,,a,
ASN00007124,19521125,PRCP,0,,,a,
ASN00007124,19521126,PRCP,0,,,a,
ASN00007124,19521127,PRCP,0,,,a,
ASN00007124,19521128,PRCP,0,,,a,
ASN00007124,19521129,PRCP,0,,,a,
ASN00007124,19521130,PRCP,0,,,a,
ASN00007124,19521201,PRCP,0,,,a,
ASN00007124,19521202,PRCP,0,,,a,
ASN00007124,19521203,PRCP,0,,,a,
ASN00007124,19521204,PRCP,0,,,a,
ASN00007124,19521205,PRCP,0,,,a,
ASN00007124,19521206,PRCP,0,,,a,
ASN00007124,19521207,PRCP,0,,,a,
ASN00007124,19521208,PRCP,0,,,a,
ASN00007124,19521209,PRCP,0,,,a,
ASN00007124,19521210,PRCP,0,,,a,
ASN00007124,19521211,PRCP,0,,,a,
ASN00007124,19521212,PRCP,0,,,a,
ASN00007124,19521213,PRCP,0,,,a,
ASN00007124,19521214,PRCP,0,,,a,
ASN00007124,19521215,PRCP,0,,,a,
ASN00007124,19521216,PRCP,0,,,a,
ASN00007124,19521217,PRCP,0,,,a,
ASN00007124,19521218,PRCP,0,,,a,
ASN00007124,19521219,PRCP,0,,,a,
ASN00007124,19521220,PRCP,0,,,a,
ASN00007124,19521221,PRCP,0,,,a,
ASN00007124,19521222,PRCP,0,,,a,
ASN00007124,19521223,PRCP,0,,,a,
ASN00007124,19521224,PRCP,0,,,a,
ASN00007124,19521225,PRCP,0,,,a,
ASN00007124,19521226,PRCP,0,,,a,
ASN00007124,19521227,PRCP,0,,,a,
ASN00007124,19521228,PRCP,0,,,a,
ASN00007124,19521229,PRCP,0,,,a,
ASN00007124,19521230,PRCP,0,,,a,
ASN00007124,19521231,PRCP,0,,,a,
ASN00007124,19530801,PRCP,0,,,a,
ASN00007124,19530802,PRCP,0,,,a,
ASN00007124,19530803,PRCP,0,,,a,
ASN00007124,19530804,PRCP,0,,,a,
ASN00007124,19530805,PRCP,0,,,a,
ASN00007124,19530806,PRCP,0,,,a,
ASN00007124,19530807,PRCP,0,,,a,
ASN00007124,19530808,PRCP,0,,,a,
ASN00007124,19530809,PRCP,0,,,a,
ASN00007124,19530810,PRCP,0,,,a,
ASN00007124,19530811,PRCP,0,,,a,
ASN00007124,19530812,PRCP,0,,,a,
ASN00007124,19530813,PRCP,0,,,a,
ASN00007124,19530814,PRCP,0,,,a,
ASN00007124,19530815,PRCP,0,,,a,
ASN00007124,19530816,PRCP,0,,,a,
ASN00007124,19530817,PRCP,0,,,a,
ASN00007124,19530818,PRCP,0,,,a,
ASN00007124,19530819,PRCP,0,,,a,
ASN00007124,19530820,PRCP,0,,,a,
ASN00007124,19530821,PRCP,0,,,a,
ASN00007124,19530822,PRCP,0,,,a,
ASN00007124,19530823,PRCP,0,,,a,
ASN00007124,19530824,PRCP,0,,,a,
ASN00007124,19530825,PRCP,0,,,a,
ASN00007124,19530826,PRCP,0,,,a,
ASN00007124,19530827,PRCP,0,,,a,
ASN00007124,19530828,PRCP,0,,,a,
ASN00007124,19530829,PRCP,0,,,a,
ASN00007124,19530830,PRCP,0,,,a,
ASN00007124,19530831,PRCP,0,,,a,
ASN00007124,19531101,PRCP,0,,,a,
ASN00007124,19531102,PRCP,0,,,a,
ASN00007124,19531103,PRCP,0,,,a,
ASN00007124,19531104,PRCP,0,,,a,
ASN00007124,19531105,PRCP,0,,,a,
ASN00007124,19531106,PRCP,0,,,a,
ASN00007124,19531107,PRCP,0,,,a,
ASN00007124,19531108,PRCP,0,,,a,
ASN00007124,19531109,PRCP,0,,,a,
ASN00007124,19531110,PRCP,0,,,a,
ASN00007124,19531111,PRCP,0,,,a,
ASN00007124,19531112,PRCP,0,,,a,
ASN00007124,19531113,PRCP,0,,,a,
ASN00007124,19531114,PRCP,0,,,a,
ASN00007124,19531115,PRCP,0,,,a,
ASN00007124,19531116,PRCP,0,,,a,
ASN00007124,19531117,PRCP,0,,,a,
ASN00007124,19531118,PRCP,0,,,a,
ASN00007124,19531119,PRCP,0,,,a,
ASN00007124,19531120,PRCP,0,,,a,
ASN00007124,19531121,PRCP,0,,,a,
ASN00007124,19531122,PRCP,0,,,a,
ASN00007124,19531123,PRCP,0,,,a,
ASN00007124,19531124,PRCP,0,,,a,
ASN00007124,19531125,PRCP,0,,,a,
ASN00007124,19531126,PRCP,0,,,a,
ASN00007124,19531127,PRCP,0,,,a,
ASN00007124,19531128,PRCP,0,,,a,
ASN00007124,19531129,PRCP,0,,,a,
ASN00007124,19531130,PRCP,0,,,a,
ASN00007124,19531201,PRCP,0,,,a,
ASN00007124,19531202,PRCP,0,,,a,
ASN00007124,19531203,PRCP,0,,,a,
ASN00007124,19531204,PRCP,0,,,a,
ASN00007124,19531205,PRCP,0,,,a,
ASN00007124,19531206,PRCP,0,,,a,
ASN00007124,19531207,PRCP,0,,,a,
ASN00007124,19531208,PRCP,0,,,a,
ASN00007124,19531209,PRCP,0,,,a,
ASN00007124,19531210,PRCP,0,,,a,
ASN00007124,19531211,PRCP,0,,,a,
ASN00007124,19531212,PRCP,0,,,a,
ASN00007124,19531213,PRCP,0,,,a,
ASN00007124,19531214,PRCP,0,,,a,
ASN00007124,19531215,PRCP,0,,,a,
ASN00007124,19531216,PRCP,0,,,a,
ASN00007124,19531217,PRCP,0,,,a,
ASN00007124,19531218,PRCP,0,,,a,
ASN00007124,19531219,PRCP,0,,,a,
ASN00007124,19531220,PRCP,0,,,a,
ASN00007124,19531221,PRCP,0,,,a,
ASN00007124,19531222,PRCP,0,,,a,
ASN00007124,19531223,PRCP,0,,,a,
ASN00007124,19531224,PRCP,0,,,a,
ASN00007124,19531225,PRCP,0,,,a,
ASN00007124,19531226,PRCP,0,,,a,
ASN00007124,19531227,PRCP,0,,,a,
ASN00007124,19531228,PRCP,0,,,a,
ASN00007124,19531229,PRCP,0,,,a,
ASN00007124,19531230,PRCP,0,,,a,
ASN00007124,19531231,PRCP,0,,,a,
ASN00007124,19540201,PRCP,0,,,a,
ASN00007124,19540202,PRCP,0,,,a,
ASN00007124,19540203,PRCP,0,,,a,
ASN00007124,19540204,PRCP,0,,,a,
ASN00007124,19540205,PRCP,0,,,a,
ASN00007124,19540206,PRCP,0,,,a,
ASN00007124,19540207,PRCP,0,,,a,
ASN00007124,19540208,PRCP,0,,,a,
ASN00007124,19540209,PRCP,0,,,a,
ASN00007124,19540210,PRCP,0,,,a,
ASN00007124,19540211,PRCP,0,,,a,
ASN00007124,19540212,PRCP,0,,,a,
ASN00007124,19540213,PRCP,0,,,a,
ASN00007124,19540214,PRCP,0,,,a,
ASN00007124,19540215,PRCP,0,,,a,
ASN00007124,19540216,PRCP,0,,,a,
ASN00007124,19540217,PRCP,0,,,a,
ASN00007124,19540218,PRCP,0,,,a,
ASN00007124,19540219,PRCP,0,,,a,
ASN00007124,19540220,PRCP,0,,,a,
ASN00007124,19540221,PRCP,0,,,a,
ASN00007124,19540222,PRCP,0,,,a,
ASN00007124,19540223,PRCP,0,,,a,
ASN00007124,19540224,PRCP,0,,,a,
ASN00007124,19540225,PRCP,0,,,a,
ASN00007124,19540226,PRCP,0,,,a,
ASN00007124,19540227,PRCP,0,,,a,
ASN00007124,19540228,PRCP,0,,,a,
ASN00007124,19540301,PRCP,0,,,a,
ASN00007124,19540302,PRCP,0,,,a,
ASN00007124,19540303,PRCP,0,,,a,
ASN00007124,19540304,PRCP,0,,,a,
ASN00007124,19540305,PRCP,0,,,a,
ASN00007124,19540306,PRCP,0,,,a,
ASN00007124,19540307,PRCP,0,,,a,
ASN00007124,19540308,PRCP,0,,,a,
ASN00007124,19540309,PRCP,0,,,a,
ASN00007124,19540310,PRCP,0,,,a,
ASN00007124,19540311,PRCP,0,,,a,
ASN00007124,19540312,PRCP,0,,,a,
ASN00007124,19540313,PRCP,0,,,a,
ASN00007124,19540314,PRCP,0,,,a,
ASN00007124,19540315,PRCP,0,,,a,
ASN00007124,19540316,PRCP,0,,,a,
ASN00007124,19540317,PRCP,0,,,a,
ASN00007124,19540318,PRCP,0,,,a,
ASN00007124,19540319,PRCP,0,,,a,
ASN00007124,19540320,PRCP,0,,,a,
ASN00007124,19540321,PRCP,0,,,a,
ASN00007124,19540322,PRCP,0,,,a,
ASN00007124,19540323,PRCP,0,,,a,
ASN00007124,19540324,PRCP,0,,,a,
ASN00007124,19540325,PRCP,0,,,a,
ASN00007124,19540326,PRCP,0,,,a,
ASN00007124,19540327,PRCP,0,,,a,
ASN00007124,19540328,PRCP,0,,,a,
ASN00007124,19540329,PRCP,0,,,a,
ASN00007124,19540330,PRCP,0,,,a,
ASN00007124,19540331,PRCP,0,,,a,
ASN00007124,19540901,PRCP,0,,,a,
ASN00007124,19540902,PRCP,0,,,a,
ASN00007124,19540903,PRCP,0,,,a,
ASN00007124,19540904,PRCP,0,,,a,
ASN00007124,19540905,PRCP,0,,,a,
ASN00007124,19540906,PRCP,0,,,a,
ASN00007124,19540907,PRCP,0,,,a,
ASN00007124,19540908,PRCP,0,,,a,
ASN00007124,19540909,PRCP,0,,,a,
ASN00007124,19540910,PRCP,0,,,a,
ASN00007124,19540911,PRCP,0,,,a,
ASN00007124,19540912,PRCP,0,,,a,
ASN00007124,19540913,PRCP,0,,,a,
ASN00007124,19540914,PRCP,0,,,a,
ASN00007124,19540915,PRCP,0,,,a,
ASN00007124,19540916,PRCP,0,,,a,
ASN00007124,19540917,PRCP,0,,,a,
ASN00007124,19540918,PRCP,0,,,a,
ASN00007124,19540919,PRCP,0,,,a,
ASN00007124,19540920,PRCP,0,,,a,
ASN00007124,19540921,PRCP,0,,,a,
ASN00007124,19540922,PRCP,0,,,a,
ASN00007124,19540923,PRCP,0,,,a,
ASN00007124,19540924,PRCP,0,,,a,
ASN00007124,19540925,PRCP,0,,,a,
ASN00007124,19540926,PRCP,0,,,a,
ASN00007124,19540927,PRCP,0,,,a,
ASN00007124,19540928,PRCP,0,,,a,
ASN00007124,19540929,PRCP,0,,,a,
ASN00007124,19540930,PRCP,0,,,a,
ASN00007124,19541001,PRCP,0,,,a,
ASN00007124,19541002,PRCP,0,,,a,
ASN00007124,19541003,PRCP,0,,,a,
ASN00007124,19541004,PRCP,0,,,a,
ASN00007124,19541005,PRCP,0,,,a,
ASN00007124,19541006,PRCP,0,,,a,
ASN00007124,19541007,PRCP,0,,,a,
ASN00007124,19541008,PRCP,0,,,a,
ASN00007124,19541009,PRCP,0,,,a,
ASN00007124,19541010,PRCP,0,,,a,
ASN00007124,19541011,PRCP,0,,,a,
ASN00007124,19541012,PRCP,0,,,a,
ASN00007124,19541013,PRCP,0,,,a,
ASN00007124,19541014,PRCP,0,,,a,
ASN00007124,19541015,PRCP,0,,,a,
ASN00007124,19541016,PRCP,0,,,a,
ASN00007124,19541017,PRCP,0,,,a,
ASN00007124,19541018,PRCP,0,,,a,
ASN00007124,19541019,PRCP,0,,,a,
ASN00007124,19541020,PRCP,0,,,a,
ASN00007124,19541021,PRCP,0,,,a,
ASN00007124,19541022,PRCP,0,,,a,
ASN00007124,19541023,PRCP,0,,,a,
ASN00007124,19541024,PRCP,0,,,a,
ASN00007124,19541025,PRCP,0,,,a,
ASN00007124,19541026,PRCP,0,,,a,
ASN00007124,19541027,PRCP,0,,,a,
ASN00007124,19541028,PRCP,0,,,a,
ASN00007124,19541029,PRCP,0,,,a,
ASN00007124,19541030,PRCP,0,,,a,
ASN00007124,19541031,PRCP,0,,,a,
ASN00007124,19541101,PRCP,0,,,a,
ASN00007124,19541102,PRCP,0,,,a,
ASN00007124,19541103,PRCP,0,,,a,
ASN00007124,19541104,PRCP,0,,,a,
ASN00007124,19541105,PRCP,0,,,a,
ASN00007124,19541106,PRCP,0,,,a,
ASN00007124,19541107,PRCP,0,,,a,
ASN00007124,19541108,PRCP,0,,,a,
ASN00007124,19541109,PRCP,0,,,a,
ASN00007124,19541110,PRCP,0,,,a,
ASN00007124,19541111,PRCP,0,,,a,
ASN00007124,19541112,PRCP,0,,,a,
ASN00007124,19541113,PRCP,0,,,a,
ASN00007124,19541114,PRCP,0,,,a,
ASN00007124,19541115,PRCP,0,,,a,
ASN00007124,19541116,PRCP,0,,,a,
ASN00007124,19541117,PRCP,0,,,a,
ASN00007124,19541118,PRCP,0,,,a,
ASN00007124,19541119,PRCP,0,,,a,
ASN00007124,19541120,PRCP,0,,,a,
ASN00007124,19541121,PRCP,0,,,a,
ASN00007124,19541122,PRCP,0,,,a,
ASN00007124,19541123,PRCP,0,,,a,
ASN00007124,19541124,PRCP,0,,,a,
ASN00007124,19541125,PRCP,0,,,a,
ASN00007124,19541126,PRCP,0,,,a,
ASN00007124,19541127,PRCP,0,,,a,
ASN00007124,19541128,PRCP,0,,,a,
ASN00007124,19541129,PRCP,0,,,a,
ASN00007124,19541130,PRCP,0,,,a,
ASN00007124,19541201,PRCP,0,,,a,
ASN00007124,19541202,PRCP,0,,,a,
ASN00007124,19541203,PRCP,0,,,a,
ASN00007124,19541204,PRCP,0,,,a,
ASN00007124,19541205,PRCP,0,,,a,
ASN00007124,19541206,PRCP,0,,,a,
ASN00007124,19541207,PRCP,0,,,a,
ASN00007124,19541208,PRCP,0,,,a,
ASN00007124,19541209,PRCP,0,,,a,
ASN00007124,19541210,PRCP,0,,,a,
ASN00007124,19541211,PRCP,0,,,a,
ASN00007124,19541212,PRCP,0,,,a,
ASN00007124,19541213,PRCP,0,,,a,
ASN00007124,19541214,PRCP,0,,,a,
ASN00007124,19541215,PRCP,0,,,a,
ASN00007124,19541216,PRCP,0,,,a,
ASN00007124,19541217,PRCP,0,,,a,
ASN00007124,19541218,PRCP,0,,,a,
ASN00007124,19541219,PRCP,0,,,a,
ASN00007124,19541220,PRCP,0,,,a,
ASN00007124,19541221,PRCP,0,,,a,
ASN00007124,19541222,PRCP,0,,,a,
ASN00007124,19541223,PRCP,0,,,a,
ASN00007124,19541224,PRCP,0,,,a,
ASN00007124,19541225,PRCP,0,,,a,
ASN00007124,19541226,PRCP,0,,,a,
ASN00007124,19541227,PRCP,0,,,a,
ASN00007124,19541228,PRCP,0,,,a,
ASN00007124,19541229,PRCP,0,,,a,
ASN00007124,19541230,PRCP,0,,,a,
ASN00007124,19541231,PRCP,0,,,a,
ASN00007124,19550401,PRCP,0,,,a,
ASN00007124,19550402,PRCP,0,,,a,
ASN00007124,19550403,PRCP,0,,,a,
ASN00007124,19550404,PRCP,0,,,a,
ASN00007124,19550405,PRCP,0,,,a,
ASN00007124,19550406,PRCP,0,,,a,
ASN00007124,19550407,PRCP,0,,,a,
ASN00007124,19550408,PRCP,0,,,a,
ASN00007124,19550409,PRCP,0,,,a,
ASN00007124,19550410,PRCP,0,,,a,
ASN00007124,19550411,PRCP,0,,,a,
ASN00007124,19550412,PRCP,0,,,a,
ASN00007124,19550413,PRCP,0,,,a,
ASN00007124,19550414,PRCP,0,,,a,
ASN00007124,19550415,PRCP,0,,,a,
ASN00007124,19550416,PRCP,0,,,a,
ASN00007124,19550417,PRCP,0,,,a,
ASN00007124,19550418,PRCP,0,,,a,
ASN00007124,19550419,PRCP,0,,,a,
ASN00007124,19550420,PRCP,0,,,a,
ASN00007124,19550421,PRCP,0,,,a,
ASN00007124,19550422,PRCP,0,,,a,
ASN00007124,19550423,PRCP,0,,,a,
ASN00007124,19550424,PRCP,0,,,a,
ASN00007124,19550425,PRCP,0,,,a,
ASN00007124,19550426,PRCP,0,,,a,
ASN00007124,19550427,PRCP,0,,,a,
ASN00007124,19550428,PRCP,0,,,a,
ASN00007124,19550429,PRCP,0,,,a,
ASN00007124,19550430,PRCP,0,,,a,
ASN00007124,19551101,PRCP,0,,,a,
ASN00007124,19551102,PRCP,0,,,a,
ASN00007124,19551103,PRCP,0,,,a,
ASN00007124,19551104,PRCP,0,,,a,
ASN00007124,19551105,PRCP,0,,,a,
ASN00007124,19551106,PRCP,0,,,a,
ASN00007124,19551107,PRCP,0,,,a,
ASN00007124,19551108,PRCP,0,,,a,
ASN00007124,19551109,PRCP,0,,,a,
ASN00007124,19551110,PRCP,0,,,a,
ASN00007124,19551111,PRCP,0,,,a,
ASN00007124,19551112,PRCP,0,,,a,
ASN00007124,19551113,PRCP,0,,,a,
ASN00007124,19551114,PRCP,0,,,a,
ASN00007124,19551115,PRCP,0,,,a,
ASN00007124,19551116,PRCP,0,,,a,
ASN00007124,19551117,PRCP,0,,,a,
ASN00007124,19551118,PRCP,0,,,a,
ASN00007124,19551119,PRCP,0,,,a,
ASN00007124,19551120,PRCP,0,,,a,
ASN00007124,19551121,PRCP,0,,,a,
ASN00007124,19551122,PRCP,0,,,a,
ASN00007124,19551123,PRCP,0,,,a,
ASN00007124,19551124,PRCP,0,,,a,
ASN00007124,19551125,PRCP,0,,,a,
ASN00007124,19551126,PRCP,0,,,a,
ASN00007124,19551127,PRCP,0,,,a,
ASN00007124,19551128,PRCP,0,,,a,
ASN00007124,19551129,PRCP,0,,,a,
ASN00007124,19551130,PRCP,0,,,a,
ASN00007124,19560101,PRCP,0,,,a,
ASN00007124,19560102,PRCP,0,,,a,
ASN00007124,19560103,PRCP,0,,,a,
ASN00007124,19560104,PRCP,0,,,a,
ASN00007124,19560105,PRCP,0,,,a,
ASN00007124,19560106,PRCP,0,,,a,
ASN00007124,19560107,PRCP,0,,,a,
ASN00007124,19560108,PRCP,0,,,a,
ASN00007124,19560109,PRCP,0,,,a,
ASN00007124,19560110,PRCP,0,,,a,
ASN00007124,19560111,PRCP,0,,,a,
ASN00007124,19560112,PRCP,0,,,a,
ASN00007124,19560113,PRCP,0,,,a,
ASN00007124,19560114,PRCP,0,,,a,
ASN00007124,19560115,PRCP,0,,,a,
ASN00007124,19560116,PRCP,0,,,a,
ASN00007124,19560117,PRCP,0,,,a,
ASN00007124,19560118,PRCP,0,,,a,
ASN00007124,19560119,PRCP,0,,,a,
ASN00007124,19560120,PRCP,0,,,a,
ASN00007124,19560121,PRCP,0,,,a,
ASN00007124,19560122,PRCP,0,,,a,
ASN00007124,19560123,PRCP,0,,,a,
ASN00007124,19560124,PRCP,0,,,a,
ASN00007124,19560125,PRCP,0,,,a,
ASN00007124,19560126,PRCP,0,,,a,
ASN00007124,19560127,PRCP,0,,,a,
ASN00007124,19560128,PRCP,0,,,a,
ASN00007124,19560129,PRCP,0,,,a,
ASN00007124,19560130,PRCP,0,,,a,
ASN00007124,19560131,PRCP,0,,,a,
ASN00007124,19560201,PRCP,0,,,a,
ASN00007124,19560202,PRCP,0,,,a,
ASN00007124,19560203,PRCP,0,,,a,
ASN00007124,19560204,PRCP,0,,,a,
ASN00007124,19560205,PRCP,0,,,a,
ASN00007124,19560206,PRCP,0,,,a,
ASN00007124,19560207,PRCP,0,,,a,
ASN00007124,19560208,PRCP,0,,,a,
ASN00007124,19560209,PRCP,0,,,a,
ASN00007124,19560210,PRCP,0,,,a,
ASN00007124,19560211,PRCP,0,,,a,
ASN00007124,19560212,PRCP,0,,,a,
ASN00007124,19560213,PRCP,0,,,a,
ASN00007124,19560214,PRCP,0,,,a,
ASN00007124,19560215,PRCP,0,,,a,
ASN00007124,19560216,PRCP,0,,,a,
ASN00007124,19560217,PRCP,0,,,a,
ASN00007124,19560218,PRCP,0,,,a,
ASN00007124,19560219,PRCP,0,,,a,
ASN00007124,19560220,PRCP,0,,,a,
ASN00007124,19560221,PRCP,0,,,a,
ASN00007124,19560222,PRCP,0,,,a,
ASN00007124,19560223,PRCP,0,,,a,
ASN00007124,19560224,PRCP,0,,,a,
ASN00007124,19560225,PRCP,0,,,a,
ASN00007124,19560226,PRCP,0,,,a,
ASN00007124,19560227,PRCP,0,,,a,
ASN00007124,19560228,PRCP,0,,,a,
ASN00007124,19560229,PRCP,0,,,a,
ASN00007124,19560401,PRCP,0,,,a,
ASN00007124,19560402,PRCP,0,,,a,
ASN00007124,19560403,PRCP,0,,,a,
ASN00007124,19560404,PRCP,0,,,a,
ASN00007124,19560405,PRCP,0,,,a,
ASN00007124,19560406,PRCP,0,,,a,
ASN00007124,19560407,PRCP,0,,,a,
ASN00007124,19560408,PRCP,0,,,a,
ASN00007124,19560409,PRCP,0,,,a,
ASN00007124,19560410,PRCP,0,,,a,
ASN00007124,19560411,PRCP,0,,,a,
ASN00007124,19560412,PRCP,0,,,a,
ASN00007124,19560413,PRCP,0,,,a,
ASN00007124,19560414,PRCP,0,,,a,
ASN00007124,19560415,PRCP,0,,,a,
ASN00007124,19560416,PRCP,0,,,a,
ASN00007124,19560417,PRCP,0,,,a,
ASN00007124,19560418,PRCP,0,,,a,
ASN00007124,19560419,PRCP,0,,,a,
ASN00007124,19560420,PRCP,0,,,a,
ASN00007124,19560421,PRCP,0,,,a,
ASN00007124,19560422,PRCP,0,,,a,
ASN00007124,19560423,PRCP,0,,,a,
ASN00007124,19560424,PRCP,0,,,a,
ASN00007124,19560425,PRCP,0,,,a,
ASN00007124,19560426,PRCP,0,,,a,
ASN00007124,19560427,PRCP,0,,,a,
ASN00007124,19560428,PRCP,0,,,a,
ASN00007124,19560429,PRCP,0,,,a,
ASN00007124,19560430,PRCP,0,,,a,
ASN00007124,19561001,PRCP,0,,,a,
ASN00007124,19561002,PRCP,0,,,a,
ASN00007124,19561003,PRCP,0,,,a,
ASN00007124,19561004,PRCP,0,,,a,
ASN00007124,19561005,PRCP,0,,,a,
ASN00007124,19561006,PRCP,0,,,a,
ASN00007124,19561007,PRCP,0,,,a,
ASN00007124,19561008,PRCP,0,,,a,
ASN00007124,19561009,PRCP,0,,,a,
ASN00007124,19561010,PRCP,0,,,a,
ASN00007124,19561011,PRCP,0,,,a,
ASN00007124,19561012,PRCP,0,,,a,
ASN00007124,19561013,PRCP,0,,,a,
ASN00007124,19561014,PRCP,0,,,a,
ASN00007124,19561015,PRCP,0,,,a,
ASN00007124,19561016,PRCP,0,,,a,
ASN00007124,19561017,PRCP,0,,,a,
ASN00007124,19561018,PRCP,0,,,a,
ASN00007124,19561019,PRCP,0,,,a,
ASN00007124,19561020,PRCP,0,,,a,
ASN00007124,19561021,PRCP,0,,,a,
ASN00007124,19561022,PRCP,0,,,a,
ASN00007124,19561023,PRCP,0,,,a,
ASN00007124,19561024,PRCP,0,,,a,
ASN00007124,19561025,PRCP,0,,,a,
ASN00007124,19561026,PRCP,0,,,a,
ASN00007124,19561027,PRCP,0,,,a,
ASN00007124,19561028,PRCP,0,,,a,
ASN00007124,19561029,PRCP,0,,,a,
ASN00007124,19561030,PRCP,0,,,a,
ASN00007124,19561031,PRCP,0,,,a,
ASN00007124,19561201,PRCP,0,,,a,
ASN00007124,19561202,PRCP,0,,,a,
ASN00007124,19561203,PRCP,0,,,a,
ASN00007124,19561204,PRCP,0,,,a,
ASN00007124,19561205,PRCP,0,,,a,
ASN00007124,19561206,PRCP,0,,,a,
ASN00007124,19561207,PRCP,0,,,a,
ASN00007124,19561208,PRCP,0,,,a,
ASN00007124,19561209,PRCP,0,,,a,
ASN00007124,19561210,PRCP,0,,,a,
ASN00007124,19561211,PRCP,0,,,a,
ASN00007124,19561212,PRCP,0,,,a,
ASN00007124,19561213,PRCP,0,,,a,
ASN00007124,19561214,PRCP,0,,,a,
ASN00007124,19561215,PRCP,0,,,a,
ASN00007124,19561216,PRCP,0,,,a,
ASN00007124,19561217,PRCP,0,,,a,
ASN00007124,19561218,PRCP,0,,,a,
ASN00007124,19561219,PRCP,0,,,a,
ASN00007124,19561220,PRCP,0,,,a,
ASN00007124,19561221,PRCP,0,,,a,
ASN00007124,19561222,PRCP,0,,,a,
ASN00007124,19561223,PRCP,0,,,a,
ASN00007124,19561224,PRCP,0,,,a,
ASN00007124,19561225,PRCP,0,,,a,
ASN00007124,19561226,PRCP,0,,,a,
ASN00007124,19561227,PRCP,0,,,a,
ASN00007124,19561228,PRCP,0,,,a,
ASN00007124,19561229,PRCP,0,,,a,
ASN00007124,19561230,PRCP,0,,,a,
ASN00007124,19561231,PRCP,0,,,a,
ASN00007124,19570401,PRCP,0,,,a,
ASN00007124,19570402,PRCP,0,,,a,
ASN00007124,19570403,PRCP,0,,,a,
ASN00007124,19570404,PRCP,0,,,a,
ASN00007124,19570405,PRCP,0,,,a,
ASN00007124,19570406,PRCP,0,,,a,
ASN00007124,19570407,PRCP,0,,,a,
ASN00007124,19570408,PRCP,0,,,a,
ASN00007124,19570409,PRCP,0,,,a,
ASN00007124,19570410,PRCP,0,,,a,
ASN00007124,19570411,PRCP,0,,,a,
ASN00007124,19570412,PRCP,0,,,a,
ASN00007124,19570413,PRCP,0,,,a,
ASN00007124,19570414,PRCP,0,,,a,
ASN00007124,19570415,PRCP,0,,,a,
ASN00007124,19570416,PRCP,0,,,a,
ASN00007124,19570417,PRCP,0,,,a,
ASN00007124,19570418,PRCP,0,,,a,
ASN00007124,19570419,PRCP,0,,,a,
ASN00007124,19570420,PRCP,0,,,a,
ASN00007124,19570421,PRCP,0,,,a,
ASN00007124,19570422,PRCP,0,,,a,
ASN00007124,19570423,PRCP,0,,,a,
ASN00007124,19570424,PRCP,0,,,a,
ASN00007124,19570425,PRCP,0,,,a,
ASN00007124,19570426,PRCP,0,,,a,
ASN00007124,19570427,PRCP,0,,,a,
ASN00007124,19570428,PRCP,0,,,a,
ASN00007124,19570429,PRCP,0,,,a,
ASN00007124,19570430,PRCP,0,,,a,
ASN00007124,19570501,PRCP,0,,,a,
ASN00007124,19570502,PRCP,0,,,a,
ASN00007124,19570503,PRCP,0,,,a,
ASN00007124,19570504,PRCP,0,,,a,
ASN00007124,19570505,PRCP,0,,,a,
ASN00007124,19570506,PRCP,0,,,a,
ASN00007124,19570507,PRCP,0,,,a,
ASN00007124,19570508,PRCP,0,,,a,
ASN00007124,19570509,PRCP,0,,,a,
ASN00007124,19570510,PRCP,0,,,a,
ASN00007124,19570511,PRCP,0,,,a,
ASN00007124,19570512,PRCP,0,,,a,
ASN00007124,19570513,PRCP,0,,,a,
ASN00007124,19570514,PRCP,0,,,a,
ASN00007124,19570515,PRCP,0,,,a,
ASN00007124,19570516,PRCP,0,,,a,
ASN00007124,19570517,PRCP,0,,,a,
ASN00007124,19570518,PRCP,0,,,a,
ASN00007124,19570519,PRCP,0,,,a,
ASN00007124,19570520,PRCP,0,,,a,
ASN00007124,19570521,PRCP,0,,,a,
ASN00007124,19570522,PRCP,0,,,a,
ASN00007124,19570523,PRCP,0,,,a,
ASN00007124,19570524,PRCP,0,,,a,
ASN00007124,19570525,PRCP,0,,,a,
ASN00007124,19570526,PRCP,0,,,a,
ASN00007124,19570527,PRCP,0,,,a,
ASN00007124,19570528,PRCP,0,,,a,
ASN00007124,19570529,PRCP,0,,,a,
ASN00007124,19570530,PRCP,0,,,a,
ASN00007124,19570531,PRCP,0,,,a,
ASN00007124,19570701,PRCP,0,,,a,
ASN00007124,19570702,PRCP,0,,,a,
ASN00007124,19570703,PRCP,0,,,a,
ASN00007124,19570704,PRCP,0,,,a,
ASN00007124,19570705,PRCP,0,,,a,
ASN00007124,19570706,PRCP,0,,,a,
ASN00007124,19570707,PRCP,0,,,a,
ASN00007124,19570708,PRCP,0,,,a,
ASN00007124,19570709,PRCP,0,,,a,
ASN00007124,19570710,PRCP,0,,,a,
ASN00007124,19570711,PRCP,0,,,a,
ASN00007124,19570712,PRCP,0,,,a,
ASN00007124,19570713,PRCP,0,,,a,
ASN00007124,19570714,PRCP,0,,,a,
ASN00007124,19570715,PRCP,0,,,a,
ASN00007124,19570716,PRCP,0,,,a,
ASN00007124,19570717,PRCP,0,,,a,
ASN00007124,19570718,PRCP,0,,,a,
ASN00007124,19570719,PRCP,0,,,a,
ASN00007124,19570720,PRCP,0,,,a,
ASN00007124,19570721,PRCP,0,,,a,
ASN00007124,19570722,PRCP,0,,,a,
ASN00007124,19570723,PRCP,0,,,a,
ASN00007124,19570724,PRCP,0,,,a,
ASN00007124,19570725,PRCP,0,,,a,
ASN00007124,19570726,PRCP,0,,,a,
ASN00007124,19570727,PRCP,0,,,a,
ASN00007124,19570728,PRCP,0,,,a,
ASN00007124,19570729,PRCP,0,,,a,
ASN00007124,19570730,PRCP,0,,,a,
ASN00007124,19570731,PRCP,0,,,a,
ASN00007124,19570801,PRCP,0,,,a,
ASN00007124,19570802,PRCP,0,,,a,
ASN00007124,19570803,PRCP,0,,,a,
ASN00007124,19570804,PRCP,0,,,a,
ASN00007124,19570805,PRCP,0,,,a,
ASN00007124,19570806,PRCP,0,,,a,
ASN00007124,19570807,PRCP,0,,,a,
ASN00007124,19570808,PRCP,0,,,a,
ASN00007124,19570809,PRCP,0,,,a,
ASN00007124,19570810,PRCP,0,,,a,
ASN00007124,19570811,PRCP,0,,,a,
ASN00007124,19570812,PRCP,0,,,a,
ASN00007124,19570813,PRCP,0,,,a,
ASN00007124,19570814,PRCP,0,,,a,
ASN00007124,19570815,PRCP,0,,,a,
ASN00007124,19570816,PRCP,0,,,a,
ASN00007124,19570817,PRCP,0,,,a,
ASN00007124,19570818,PRCP,0,,,a,
ASN00007124,19570819,PRCP,0,,,a,
ASN00007124,19570820,PRCP,0,,,a,
ASN00007124,19570821,PRCP,0,,,a,
ASN00007124,19570822,PRCP,0,,,a,
ASN00007124,19570823,PRCP,0,,,a,
ASN00007124,19570824,PRCP,0,,,a,
ASN00007124,19570825,PRCP,0,,,a,
ASN00007124,19570826,PRCP,0,,,a,
ASN00007124,19570827,PRCP,0,,,a,
ASN00007124,19570828,PRCP,0,,,a,
ASN00007124,19570829,PRCP,0,,,a,
ASN00007124,19570830,PRCP,0,,,a,
ASN00007124,19570831,PRCP,0,,,a,
ASN00007124,19570901,PRCP,0,,,a,
ASN00007124,19570902,PRCP,0,,,a,
ASN00007124,19570903,PRCP,0,,,a,
ASN00007124,19570904,PRCP,0,,,a,
ASN00007124,19570905,PRCP,0,,,a,
ASN00007124,19570906,PRCP,0,,,a,
ASN00007124,19570907,PRCP,0,,,a,
ASN00007124,19570908,PRCP,0,,,a,
ASN00007124,19570909,PRCP,0,,,a,
ASN00007124,19570910,PRCP,0,,,a,
ASN00007124,19570911,PRCP,0,,,a,
ASN00007124,19570912,PRCP,0,,,a,
ASN00007124,19570913,PRCP,0,,,a,
ASN00007124,19570914,PRCP,0,,,a,
ASN00007124,19570915,PRCP,0,,,a,
ASN00007124,19570916,PRCP,0,,,a,
ASN00007124,19570917,PRCP,0,,,a,
ASN00007124,19570918,PRCP,0,,,a,
ASN00007124,19570919,PRCP,0,,,a,
ASN00007124,19570920,PRCP,0,,,a,
ASN00007124,19570921,PRCP,0,,,a,
ASN00007124,19570922,PRCP,0,,,a,
ASN00007124,19570923,PRCP,0,,,a,
ASN00007124,19570924,PRCP,0,,,a,
ASN00007124,19570925,PRCP,0,,,a,
ASN00007124,19570926,PRCP,0,,,a,
ASN00007124,19570927,PRCP,0,,,a,
ASN00007124,19570928,PRCP,0,,,a,
ASN00007124,19570929,PRCP,0,,,a,
ASN00007124,19570930,PRCP,0,,,a,
ASN00007124,19571001,PRCP,0,,,a,
ASN00007124,19571002,PRCP,0,,,a,
ASN00007124,19571003,PRCP,0,,,a,
ASN00007124,19571004,PRCP,0,,,a,
ASN00007124,19571005,PRCP,0,,,a,
ASN00007124,19571006,PRCP,0,,,a,
ASN00007124,19571007,PRCP,0,,,a,
ASN00007124,19571008,PRCP,0,,,a,
ASN00007124,19571009,PRCP,0,,,a,
ASN00007124,19571010,PRCP,0,,,a,
ASN00007124,19571011,PRCP,0,,,a,
ASN00007124,19571012,PRCP,0,,,a,
ASN00007124,19571013,PRCP,0,,,a,
ASN00007124,19571014,PRCP,0,,,a,
ASN00007124,19571015,PRCP,0,,,a,
ASN00007124,19571016,PRCP,0,,,a,
ASN00007124,19571017,PRCP,0,,,a,
ASN00007124,19571018,PRCP,0,,,a,
ASN00007124,19571019,PRCP,0,,,a,
ASN00007124,19571020,PRCP,0,,,a,
ASN00007124,19571021,PRCP,0,,,a,
ASN00007124,19571022,PRCP,0,,,a,
ASN00007124,19571023,PRCP,0,,,a,
ASN00007124,19571024,PRCP,0,,,a,
ASN00007124,19571025,PRCP,0,,,a,
ASN00007124,19571026,PRCP,0,,,a,
ASN00007124,19571027,PRCP,0,,,a,
ASN00007124,19571028,PRCP,0,,,a,
ASN00007124,19571029,PRCP,0,,,a,
ASN00007124,19571030,PRCP,0,,,a,
ASN00007124,19571031,PRCP,0,,,a,
ASN00007124,19580201,PRCP,0,,,a,
ASN00007124,19580202,PRCP,0,,,a,
ASN00007124,19580203,PRCP,0,,,a,
ASN00007124,19580204,PRCP,0,,,a,
ASN00007124,19580205,PRCP,0,,,a,
ASN00007124,19580206,PRCP,0,,,a,
ASN00007124,19580207,PRCP,0,,,a,
ASN00007124,19580208,PRCP,0,,,a,
ASN00007124,19580209,PRCP,0,,,a,
ASN00007124,19580210,PRCP,0,,,a,
ASN00007124,19580211,PRCP,0,,,a,
ASN00007124,19580212,PRCP,0,,,a,
ASN00007124,19580213,PRCP,0,,,a,
ASN00007124,19580214,PRCP,0,,,a,
ASN00007124,19580215,PRCP,0,,,a,
ASN00007124,19580216,PRCP,0,,,a,
ASN00007124,19580217,PRCP,0,,,a,
ASN00007124,19580218,PRCP,0,,,a,
ASN00007124,19580219,PRCP,0,,,a,
ASN00007124,19580220,PRCP,0,,,a,
ASN00007124,19580221,PRCP,0,,,a,
ASN00007124,19580222,PRCP,0,,,a,
ASN00007124,19580223,PRCP,0,,,a,
ASN00007124,19580224,PRCP,0,,,a,
ASN00007124,19580225,PRCP,0,,,a,
ASN00007124,19580226,PRCP,0,,,a,
ASN00007124,19580227,PRCP,0,,,a,
ASN00007124,19580228,PRCP,0,,,a,
ASN00007124,19580401,PRCP,0,,,a,
ASN00007124,19580402,PRCP,0,,,a,
ASN00007124,19580403,PRCP,0,,,a,
ASN00007124,19580404,PRCP,0,,,a,
ASN00007124,19580405,PRCP,0,,,a,
ASN00007124,19580406,PRCP,0,,,a,
ASN00007124,19580407,PRCP,0,,,a,
ASN00007124,19580408,PRCP,0,,,a,
ASN00007124,19580409,PRCP,0,,,a,
ASN00007124,19580410,PRCP,0,,,a,
ASN00007124,19580411,PRCP,0,,,a,
ASN00007124,19580412,PRCP,0,,,a,
ASN00007124,19580413,PRCP,0,,,a,
ASN00007124,19580414,PRCP,0,,,a,
ASN00007124,19580415,PRCP,0,,,a,
ASN00007124,19580416,PRCP,0,,,a,
ASN00007124,19580417,PRCP,0,,,a,
ASN00007124,19580418,PRCP,0,,,a,
ASN00007124,19580419,PRCP,0,,,a,
ASN00007124,19580420,PRCP,0,,,a,
ASN00007124,19580421,PRCP,0,,,a,
ASN00007124,19580422,PRCP,0,,,a,
ASN00007124,19580423,PRCP,0,,,a,
ASN00007124,19580424,PRCP,0,,,a,
ASN00007124,19580425,PRCP,0,,,a,
ASN00007124,19580426,PRCP,0,,,a,
ASN00007124,19580427,PRCP,0,,,a,
ASN00007124,19580428,PRCP,0,,,a,
ASN00007124,19580429,PRCP,0,,,a,
ASN00007124,19580430,PRCP,0,,,a,
ASN00007124,19581001,PRCP,0,,,a,
ASN00007124,19581002,PRCP,0,,,a,
ASN00007124,19581003,PRCP,0,,,a,
ASN00007124,19581004,PRCP,0,,,a,
ASN00007124,19581005,PRCP,0,,,a,
ASN00007124,19581006,PRCP,0,,,a,
ASN00007124,19581007,PRCP,0,,,a,
ASN00007124,19581008,PRCP,0,,,a,
ASN00007124,19581009,PRCP,0,,,a,
ASN00007124,19581010,PRCP,0,,,a,
ASN00007124,19581011,PRCP,0,,,a,
ASN00007124,19581012,PRCP,0,,,a,
ASN00007124,19581013,PRCP,0,,,a,
ASN00007124,19581014,PRCP,0,,,a,
ASN00007124,19581015,PRCP,0,,,a,
ASN00007124,19581016,PRCP,0,,,a,
ASN00007124,19581017,PRCP,0,,,a,
ASN00007124,19581018,PRCP,0,,,a,
ASN00007124,19581019,PRCP,0,,,a,
ASN00007124,19581020,PRCP,0,,,a,
ASN00007124,19581021,PRCP,0,,,a,
ASN00007124,19581022,PRCP,0,,,a,
ASN00007124,19581023,PRCP,0,,,a,
ASN00007124,19581024,PRCP,0,,,a,
ASN00007124,19581025,PRCP,0,,,a,
ASN00007124,19581026,PRCP,0,,,a,
ASN00007124,19581027,PRCP,0,,,a,
ASN00007124,19581028,PRCP,0,,,a,
ASN00007124,19581029,PRCP,0,,,a,
ASN00007124,19581030,PRCP,0,,,a,
ASN00007124,19581031,PRCP,0,,,a,
ASN00007124,19590201,PRCP,0,,,a,
ASN00007124,19590202,PRCP,0,,,a,
ASN00007124,19590203,PRCP,0,,,a,
ASN00007124,19590204,PRCP,0,,,a,
ASN00007124,19590205,PRCP,0,,,a,
ASN00007124,19590206,PRCP,0,,,a,
ASN00007124,19590207,PRCP,0,,,a,
ASN00007124,19590208,PRCP,0,,,a,
ASN00007124,19590209,PRCP,0,,,a,
ASN00007124,19590210,PRCP,0,,,a,
ASN00007124,19590211,PRCP,0,,,a,
ASN00007124,19590212,PRCP,0,,,a,
ASN00007124,19590213,PRCP,0,,,a,
ASN00007124,19590214,PRCP,0,,,a,
ASN00007124,19590215,PRCP,0,,,a,
ASN00007124,19590216,PRCP,0,,,a,
ASN00007124,19590217,PRCP,0,,,a,
ASN00007124,19590218,PRCP,0,,,a,
ASN00007124,19590219,PRCP,0,,,a,
ASN00007124,19590220,PRCP,0,,,a,
ASN00007124,19590221,PRCP,0,,,a,
ASN00007124,19590222,PRCP,0,,,a,
ASN00007124,19590223,PRCP,0,,,a,
ASN00007124,19590224,PRCP,0,,,a,
ASN00007124,19590225,PRCP,0,,,a,
ASN00007124,19590226,PRCP,0,,,a,
ASN00007124,19590227,PRCP,0,,,a,
ASN00007124,19590228,PRCP,0,,,a,
ASN00007124,19590301,PRCP,0,,,a,
ASN00007124,19590302,PRCP,0,,,a,
ASN00007124,19590303,PRCP,0,,,a,
ASN00007124,19590304,PRCP,0,,,a,
ASN00007124,19590305,PRCP,0,,,a,
ASN00007124,19590306,PRCP,0,,,a,
ASN00007124,19590307,PRCP,0,,,a,
ASN00007124,19590308,PRCP,0,,,a,
ASN00007124,19590309,PRCP,0,,,a,
ASN00007124,19590310,PRCP,0,,,a,
ASN00007124,19590311,PRCP,0,,,a,
ASN00007124,19590312,PRCP,0,,,a,
ASN00007124,19590313,PRCP,0,,,a,
ASN00007124,19590314,PRCP,0,,,a,
ASN00007124,19590315,PRCP,0,,,a,
ASN00007124,19590316,PRCP,0,,,a,
ASN00007124,19590317,PRCP,0,,,a,
ASN00007124,19590318,PRCP,0,,,a,
ASN00007124,19590319,PRCP,0,,,a,
ASN00007124,19590320,PRCP,0,,,a,
ASN00007124,19590321,PRCP,0,,,a,
ASN00007124,19590322,PRCP,0,,,a,
ASN00007124,19590323,PRCP,0,,,a,
ASN00007124,19590324,PRCP,0,,,a,
ASN00007124,19590325,PRCP,0,,,a,
ASN00007124,19590326,PRCP,0,,,a,
ASN00007124,19590327,PRCP,0,,,a,
ASN00007124,19590328,PRCP,0,,,a,
ASN00007124,19590329,PRCP,0,,,a,
ASN00007124,19590330,PRCP,0,,,a,
ASN00007124,19590331,PRCP,0,,,a,
ASN00007124,19590801,PRCP,0,,,a,
ASN00007124,19590802,PRCP,0,,,a,
ASN00007124,19590803,PRCP,0,,,a,
ASN00007124,19590804,PRCP,0,,,a,
ASN00007124,19590805,PRCP,0,,,a,
ASN00007124,19590806,PRCP,0,,,a,
ASN00007124,19590807,PRCP,0,,,a,
ASN00007124,19590808,PRCP,0,,,a,
ASN00007124,19590809,PRCP,0,,,a,
ASN00007124,19590810,PRCP,0,,,a,
ASN00007124,19590811,PRCP,0,,,a,
ASN00007124,19590812,PRCP,0,,,a,
ASN00007124,19590813,PRCP,0,,,a,
ASN00007124,19590814,PRCP,0,,,a,
ASN00007124,19590815,PRCP,0,,,a,
ASN00007124,19590816,PRCP,0,,,a,
ASN00007124,19590817,PRCP,0,,,a,
ASN00007124,19590818,PRCP,0,,,a,
ASN00007124,19590819,PRCP,0,,,a,
ASN00007124,19590820,PRCP,0,,,a,
ASN00007124,19590821,PRCP,0,,,a,
ASN00007124,19590822,PRCP,0,,,a,
ASN00007124,19590823,PRCP,0,,,a,
ASN00007124,19590824,PRCP,0,,,a,
ASN00007124,19590825,PRCP,0,,,a,
ASN00007124,19590826,PRCP,0,,,a,
ASN00007124,19590827,PRCP,0,,,a,
ASN00007124,19590828,PRCP,0,,,a,
ASN00007124,19590829,PRCP,0,,,a,
ASN00007124,19590830,PRCP,0,,,a,
ASN00007124,19590831,PRCP,0,,,a,
ASN00007124,19590901,PRCP,0,,,a,
ASN00007124,19590902,PRCP,0,,,a,
ASN00007124,19590903,PRCP,0,,,a,
ASN00007124,19590904,PRCP,0,,,a,
ASN00007124,19590905,PRCP,0,,,a,
ASN00007124,19590906,PRCP,0,,,a,
ASN00007124,19590907,PRCP,0,,,a,
ASN00007124,19590908,PRCP,0,,,a,
ASN00007124,19590909,PRCP,0,,,a,
ASN00007124,19590910,PRCP,0,,,a,
ASN00007124,19590911,PRCP,0,,,a,
ASN00007124,19590912,PRCP,0,,,a,
ASN00007124,19590913,PRCP,0,,,a,
ASN00007124,19590914,PRCP,0,,,a,
ASN00007124,19590915,PRCP,0,,,a,
ASN00007124,19590916,PRCP,0,,,a,
ASN00007124,19590917,PRCP,0,,,a,
ASN00007124,19590918,PRCP,0,,,a,
ASN00007124,19590919,PRCP,0,,,a,
ASN00007124,19590920,PRCP,0,,,a,
ASN00007124,19590921,PRCP,0,,,a,
ASN00007124,19590922,PRCP,0,,,a,
ASN00007124,19590923,PRCP,0,,,a,
ASN00007124,19590924,PRCP,0,,,a,
ASN00007124,19590925,PRCP,0,,,a,
ASN00007124,19590926,PRCP,0,,,a,
ASN00007124,19590927,PRCP,0,,,a,
ASN00007124,19590928,PRCP,0,,,a,
ASN00007124,19590929,PRCP,0,,,a,
ASN00007124,19590930,PRCP,0,,,a,
ASN00007124,19591001,PRCP,0,,,a,
ASN00007124,19591002,PRCP,0,,,a,
ASN00007124,19591003,PRCP,0,,,a,
ASN00007124,19591004,PRCP,0,,,a,
ASN00007124,19591005,PRCP,0,,,a,
ASN00007124,19591006,PRCP,0,,,a,
ASN00007124,19591007,PRCP,0,,,a,
ASN00007124,19591008,PRCP,0,,,a,
ASN00007124,19591009,PRCP,0,,,a,
ASN00007124,19591010,PRCP,0,,,a,
ASN00007124,19591011,PRCP,0,,,a,
ASN00007124,19591012,PRCP,0,,,a,
ASN00007124,19591013,PRCP,0,,,a,
ASN00007124,19591014,PRCP,0,,,a,
ASN00007124,19591015,PRCP,0,,,a,
ASN00007124,19591016,PRCP,0,,,a,
ASN00007124,19591017,PRCP,0,,,a,
ASN00007124,19591018,PRCP,0,,,a,
ASN00007124,19591019,PRCP,0,,,a,
ASN00007124,19591020,PRCP,0,,,a,
ASN00007124,19591021,PRCP,0,,,a,
ASN00007124,19591022,PRCP,0,,,a,
ASN00007124,19591023,PRCP,0,,,a,
ASN00007124,19591024,PRCP,0,,,a,
ASN00007124,19591025,PRCP,0,,,a,
ASN00007124,19591026,PRCP,0,,,a,
ASN00007124,19591027,PRCP,0,,,a,
ASN00007124,19591028,PRCP,0,,,a,
ASN00007124,19591029,PRCP,0,,,a,
ASN00007124,19591030,PRCP,0,,,a,
ASN00007124,19591031,PRCP,0,,,a,
ASN00007124,19591101,PRCP,0,,,a,
ASN00007124,19591102,PRCP,0,,,a,
ASN00007124,19591103,PRCP,0,,,a,
ASN00007124,19591104,PRCP,0,,,a,
ASN00007124,19591105,PRCP,0,,,a,
ASN00007124,19591106,PRCP,0,,,a,
ASN00007124,19591107,PRCP,0,,,a,
ASN00007124,19591108,PRCP,0,,,a,
ASN00007124,19591109,PRCP,0,,,a,
ASN00007124,19591110,PRCP,0,,,a,
ASN00007124,19591111,PRCP,0,,,a,
ASN00007124,19591112,PRCP,0,,,a,
ASN00007124,19591113,PRCP,0,,,a,
ASN00007124,19591114,PRCP,0,,,a,
ASN00007124,19591115,PRCP,0,,,a,
ASN00007124,19591116,PRCP,0,,,a,
ASN00007124,19591117,PRCP,0,,,a,
ASN00007124,19591118,PRCP,0,,,a,
ASN00007124,19591119,PRCP,0,,,a,
ASN00007124,19591120,PRCP,0,,,a,
ASN00007124,19591121,PRCP,0,,,a,
ASN00007124,19591122,PRCP,0,,,a,
ASN00007124,19591123,PRCP,0,,,a,
ASN00007124,19591124,PRCP,0,,,a,
ASN00007124,19591125,PRCP,0,,,a,
ASN00007124,19591126,PRCP,0,,,a,
ASN00007124,19591127,PRCP,0,,,a,
ASN00007124,19591128,PRCP,0,,,a,
ASN00007124,19591129,PRCP,0,,,a,
ASN00007124,19591130,PRCP,0,,,a,
ASN00007124,19600301,PRCP,0,,,a,
ASN00007124,19600302,PRCP,0,,,a,
ASN00007124,19600303,PRCP,0,,,a,
ASN00007124,19600304,PRCP,0,,,a,
ASN00007124,19600305,PRCP,0,,,a,
ASN00007124,19600306,PRCP,0,,,a,
ASN00007124,19600307,PRCP,0,,,a,
ASN00007124,19600308,PRCP,0,,,a,
ASN00007124,19600309,PRCP,0,,,a,
ASN00007124,19600310,PRCP,0,,,a,
ASN00007124,19600311,PRCP,0,,,a,
ASN00007124,19600312,PRCP,0,,,a,
ASN00007124,19600313,PRCP,0,,,a,
ASN00007124,19600314,PRCP,0,,,a,
ASN00007124,19600315,PRCP,0,,,a,
ASN00007124,19600316,PRCP,0,,,a,
ASN00007124,19600317,PRCP,0,,,a,
ASN00007124,19600318,PRCP,0,,,a,
ASN00007124,19600319,PRCP,0,,,a,
ASN00007124,19600320,PRCP,0,,,a,
ASN00007124,19600321,PRCP,0,,,a,
ASN00007124,19600322,PRCP,0,,,a,
ASN00007124,19600323,PRCP,0,,,a,
ASN00007124,19600324,PRCP,0,,,a,
ASN00007124,19600325,PRCP,0,,,a,
ASN00007124,19600326,PRCP,0,,,a,
ASN00007124,19600327,PRCP,0,,,a,
ASN00007124,19600328,PRCP,0,,,a,
ASN00007124,19600329,PRCP,0,,,a,
ASN00007124,19600330,PRCP,0,,,a,
ASN00007124,19600331,PRCP,0,,,a,
ASN00007124,19600401,PRCP,0,,,a,
ASN00007124,19600402,PRCP,0,,,a,
ASN00007124,19600403,PRCP,0,,,a,
ASN00007124,19600404,PRCP,0,,,a,
ASN00007124,19600405,PRCP,0,,,a,
ASN00007124,19600406,PRCP,0,,,a,
ASN00007124,19600407,PRCP,0,,,a,
ASN00007124,19600408,PRCP,0,,,a,
ASN00007124,19600409,PRCP,0,,,a,
ASN00007124,19600410,PRCP,0,,,a,
ASN00007124,19600411,PRCP,0,,,a,
ASN00007124,19600412,PRCP,0,,,a,
ASN00007124,19600413,PRCP,0,,,a,
ASN00007124,19600414,PRCP,0,,,a,
ASN00007124,19600415,PRCP,0,,,a,
ASN00007124,19600416,PRCP,0,,,a,
ASN00007124,19600417,PRCP,0,,,a,
ASN00007124,19600418,PRCP,0,,,a,
ASN00007124,19600419,PRCP,0,,,a,
ASN00007124,19600420,PRCP,0,,,a,
ASN00007124,19600421,PRCP,0,,,a,
ASN00007124,19600422,PRCP,0,,,a,
ASN00007124,19600423,PRCP,0,,,a,
ASN00007124,19600424,PRCP,0,,,a,
ASN00007124,19600425,PRCP,0,,,a,
ASN00007124,19600426,PRCP,0,,,a,
ASN00007124,19600427,PRCP,0,,,a,
ASN00007124,19600428,PRCP,0,,,a,
ASN00007124,19600429,PRCP,0,,,a,
ASN00007124,19600430,PRCP,0,,,a,
ASN00007124,19600601,PRCP,0,,,a,
ASN00007124,19600602,PRCP,0,,,a,
ASN00007124,19600603,PRCP,0,,,a,
ASN00007124,19600604,PRCP,0,,,a,
ASN00007124,19600605,PRCP,0,,,a,
ASN00007124,19600606,PRCP,0,,,a,
ASN00007124,19600607,PRCP,0,,,a,
ASN00007124,19600608,PRCP,0,,,a,
ASN00007124,19600609,PRCP,0,,,a,
ASN00007124,19600610,PRCP,0,,,a,
ASN00007124,19600611,PRCP,0,,,a,
ASN00007124,19600612,PRCP,0,,,a,
ASN00007124,19600613,PRCP,0,,,a,
ASN00007124,19600614,PRCP,0,,,a,
ASN00007124,19600615,PRCP,0,,,a,
ASN00007124,19600616,PRCP,0,,,a,
ASN00007124,19600617,PRCP,0,,,a,
ASN00007124,19600618,PRCP,0,,,a,
ASN00007124,19600619,PRCP,0,,,a,
ASN00007124,19600620,PRCP,0,,,a,
ASN00007124,19600621,PRCP,0,,,a,
ASN00007124,19600622,PRCP,0,,,a,
ASN00007124,19600623,PRCP,0,,,a,
ASN00007124,19600624,PRCP,0,,,a,
ASN00007124,19600625,PRCP,0,,,a,
ASN00007124,19600626,PRCP,0,,,a,
ASN00007124,19600627,PRCP,0,,,a,
ASN00007124,19600628,PRCP,0,,,a,
ASN00007124,19600629,PRCP,0,,,a,
ASN00007124,19600630,PRCP,0,,,a,
ASN00007124,19600801,PRCP,0,,,a,
ASN00007124,19600802,PRCP,0,,,a,
ASN00007124,19600803,PRCP,0,,,a,
ASN00007124,19600804,PRCP,0,,,a,
ASN00007124,19600805,PRCP,0,,,a,
ASN00007124,19600806,PRCP,0,,,a,
ASN00007124,19600807,PRCP,0,,,a,
ASN00007124,19600808,PRCP,0,,,a,
ASN00007124,19600809,PRCP,0,,,a,
ASN00007124,19600810,PRCP,0,,,a,
ASN00007124,19600811,PRCP,0,,,a,
ASN00007124,19600812,PRCP,0,,,a,
ASN00007124,19600813,PRCP,0,,,a,
ASN00007124,19600814,PRCP,0,,,a,
ASN00007124,19600815,PRCP,0,,,a,
ASN00007124,19600816,PRCP,0,,,a,
ASN00007124,19600817,PRCP,0,,,a,
ASN00007124,19600818,PRCP,0,,,a,
ASN00007124,19600819,PRCP,0,,,a,
ASN00007124,19600820,PRCP,0,,,a,
ASN00007124,19600821,PRCP,0,,,a,
ASN00007124,19600822,PRCP,0,,,a,
ASN00007124,19600823,PRCP,0,,,a,
ASN00007124,19600824,PRCP,0,,,a,
ASN00007124,19600825,PRCP,0,,,a,
ASN00007124,19600826,PRCP,0,,,a,
ASN00007124,19600827,PRCP,0,,,a,
ASN00007124,19600828,PRCP,0,,,a,
ASN00007124,19600829,PRCP,0,,,a,
ASN00007124,19600830,PRCP,0,,,a,
ASN00007124,19600831,PRCP,0,,,a,
ASN00007124,19600901,PRCP,0,,,a,
ASN00007124,19600902,PRCP,0,,,a,
ASN00007124,19600903,PRCP,0,,,a,
ASN00007124,19600904,PRCP,0,,,a,
ASN00007124,19600905,PRCP,0,,,a,
ASN00007124,19600906,PRCP,0,,,a,
ASN00007124,19600907,PRCP,0,,,a,
ASN00007124,19600908,PRCP,0,,,a,
ASN00007124,19600909,PRCP,0,,,a,
ASN00007124,19600910,PRCP,0,,,a,
ASN00007124,19600911,PRCP,0,,,a,
ASN00007124,19600912,PRCP,0,,,a,
ASN00007124,19600913,PRCP,0,,,a,
ASN00007124,19600914,PRCP,0,,,a,
ASN00007124,19600915,PRCP,0,,,a,
ASN00007124,19600916,PRCP,0,,,a,
ASN00007124,19600917,PRCP,0,,,a,
ASN00007124,19600918,PRCP,0,,,a,
ASN00007124,19600919,PRCP,0,,,a,
ASN00007124,19600920,PRCP,0,,,a,
ASN00007124,19600921,PRCP,0,,,a,
ASN00007124,19600922,PRCP,0,,,a,
ASN00007124,19600923,PRCP,0,,,a,
ASN00007124,19600924,PRCP,0,,,a,
ASN00007124,19600925,PRCP,0,,,a,
ASN00007124,19600926,PRCP,0,,,a,
ASN00007124,19600927,PRCP,0,,,a,
ASN00007124,19600928,PRCP,0,,,a,
ASN00007124,19600929,PRCP,0,,,a,
ASN00007124,19600930,PRCP,0,,,a,
ASN00007124,19601001,PRCP,0,,,a,
ASN00007124,19601002,PRCP,0,,,a,
ASN00007124,19601003,PRCP,0,,,a,
ASN00007124,19601004,PRCP,0,,,a,
ASN00007124,19601005,PRCP,0,,,a,
ASN00007124,19601006,PRCP,0,,,a,
ASN00007124,19601007,PRCP,0,,,a,
ASN00007124,19601008,PRCP,0,,,a,
ASN00007124,19601009,PRCP,0,,,a,
ASN00007124,19601010,PRCP,0,,,a,
ASN00007124,19601011,PRCP,0,,,a,
ASN00007124,19601012,PRCP,0,,,a,
ASN00007124,19601013,PRCP,0,,,a,
ASN00007124,19601014,PRCP,0,,,a,
ASN00007124,19601015,PRCP,0,,,a,
ASN00007124,19601016,PRCP,0,,,a,
ASN00007124,19601017,PRCP,0,,,a,
ASN00007124,19601018,PRCP,0,,,a,
ASN00007124,19601019,PRCP,0,,,a,
ASN00007124,19601020,PRCP,0,,,a,
ASN00007124,19601021,PRCP,0,,,a,
ASN00007124,19601022,PRCP,0,,,a,
ASN00007124,19601023,PRCP,0,,,a,
ASN00007124,19601024,PRCP,0,,,a,
ASN00007124,19601025,PRCP,0,,,a,
ASN00007124,19601026,PRCP,0,,,a,
ASN00007124,19601027,PRCP,0,,,a,
ASN00007124,19601028,PRCP,0,,,a,
ASN00007124,19601029,PRCP,0,,,a,
ASN00007124,19601030,PRCP,0,,,a,
ASN00007124,19601031,PRCP,0,,,a,
ASN00007124,19601101,PRCP,0,,,a,
ASN00007124,19601102,PRCP,0,,,a,
ASN00007124,19601103,PRCP,0,,,a,
ASN00007124,19601104,PRCP,0,,,a,
ASN00007124,19601105,PRCP,0,,,a,
ASN00007124,19601106,PRCP,0,,,a,
ASN00007124,19601107,PRCP,0,,,a,
ASN00007124,19601108,PRCP,0,,,a,
ASN00007124,19601109,PRCP,0,,,a,
ASN00007124,19601110,PRCP,0,,,a,
ASN00007124,19601111,PRCP,0,,,a,
ASN00007124,19601112,PRCP,0,,,a,
ASN00007124,19601113,PRCP,0,,,a,
ASN00007124,19601114,PRCP,0,,,a,
ASN00007124,19601115,PRCP,0,,,a,
ASN00007124,19601116,PRCP,0,,,a,
ASN00007124,19601117,PRCP,0,,,a,
ASN00007124,19601118,PRCP,0,,,a,
ASN00007124,19601119,PRCP,0,,,a,
ASN00007124,19601120,PRCP,0,,,a,
ASN00007124,19601121,PRCP,0,,,a,
ASN00007124,19601122,PRCP,0,,,a,
ASN00007124,19601123,PRCP,0,,,a,
ASN00007124,19601124,PRCP,0,,,a,
ASN00007124,19601125,PRCP,0,,,a,
ASN00007124,19601126,PRCP,0,,,a,
ASN00007124,19601127,PRCP,0,,,a,
ASN00007124,19601128,PRCP,0,,,a,
ASN00007124,19601129,PRCP,0,,,a,
ASN00007124,19601130,PRCP,0,,,a,
ASN00007124,19601201,PRCP,0,,,a,
ASN00007124,19601202,PRCP,0,,,a,
ASN00007124,19601203,PRCP,0,,,a,
ASN00007124,19601204,PRCP,0,,,a,
ASN00007124,19601205,PRCP,0,,,a,
ASN00007124,19601206,PRCP,0,,,a,
ASN00007124,19601207,PRCP,0,,,a,
ASN00007124,19601208,PRCP,0,,,a,
ASN00007124,19601209,PRCP,0,,,a,
ASN00007124,19601210,PRCP,0,,,a,
ASN00007124,19601211,PRCP,0,,,a,
ASN00007124,19601212,PRCP,0,,,a,
ASN00007124,19601213,PRCP,0,,,a,
ASN00007124,19601214,PRCP,0,,,a,
ASN00007124,19601215,PRCP,0,,,a,
ASN00007124,19601216,PRCP,0,,,a,
ASN00007124,19601217,PRCP,0,,,a,
ASN00007124,19601218,PRCP,0,,,a,
ASN00007124,19601219,PRCP,0,,,a,
ASN00007124,19601220,PRCP,0,,,a,
ASN00007124,19601221,PRCP,0,,,a,
ASN00007124,19601222,PRCP,0,,,a,
ASN00007124,19601223,PRCP,0,,,a,
ASN00007124,19601224,PRCP,0,,,a,
ASN00007124,19601225,PRCP,0,,,a,
ASN00007124,19601226,PRCP,0,,,a,
ASN00007124,19601227,PRCP,0,,,a,
ASN00007124,19601228,PRCP,0,,,a,
ASN00007124,19601229,PRCP,0,,,a,
ASN00007124,19601230,PRCP,0,,,a,
ASN00007124,19601231,PRCP,0,,,a,
ASN00007124,19610301,PRCP,0,,,a,
ASN00007124,19610302,PRCP,0,,,a,
ASN00007124,19610303,PRCP,0,,,a,
ASN00007124,19610304,PRCP,0,,,a,
ASN00007124,19610305,PRCP,0,,,a,
ASN00007124,19610306,PRCP,0,,,a,
ASN00007124,19610307,PRCP,0,,,a,
ASN00007124,19610308,PRCP,0,,,a,
ASN00007124,19610309,PRCP,0,,,a,
ASN00007124,19610310,PRCP,0,,,a,
ASN00007124,19610311,PRCP,0,,,a,
ASN00007124,19610312,PRCP,0,,,a,
ASN00007124,19610313,PRCP,0,,,a,
ASN00007124,19610314,PRCP,0,,,a,
ASN00007124,19610315,PRCP,0,,,a,
ASN00007124,19610316,PRCP,0,,,a,
ASN00007124,19610317,PRCP,0,,,a,
ASN00007124,19610318,PRCP,0,,,a,
ASN00007124,19610319,PRCP,0,,,a,
ASN00007124,19610320,PRCP,0,,,a,
ASN00007124,19610321,PRCP,0,,,a,
ASN00007124,19610322,PRCP,0,,,a,
ASN00007124,19610323,PRCP,0,,,a,
ASN00007124,19610324,PRCP,0,,,a,
ASN00007124,19610325,PRCP,0,,,a,
ASN00007124,19610326,PRCP,0,,,a,
ASN00007124,19610327,PRCP,0,,,a,
ASN00007124,19610328,PRCP,0,,,a,
ASN00007124,19610329,PRCP,0,,,a,
ASN00007124,19610330,PRCP,0,,,a,
ASN00007124,19610331,PRCP,0,,,a,
ASN00007124,19610901,PRCP,0,,,a,
ASN00007124,19610902,PRCP,0,,,a,
ASN00007124,19610903,PRCP,0,,,a,
ASN00007124,19610904,PRCP,0,,,a,
ASN00007124,19610905,PRCP,0,,,a,
ASN00007124,19610906,PRCP,0,,,a,
ASN00007124,19610907,PRCP,0,,,a,
ASN00007124,19610908,PRCP,0,,,a,
ASN00007124,19610909,PRCP,0,,,a,
ASN00007124,19610910,PRCP,0,,,a,
ASN00007124,19610911,PRCP,0,,,a,
ASN00007124,19610912,PRCP,0,,,a,
ASN00007124,19610913,PRCP,0,,,a,
ASN00007124,19610914,PRCP,0,,,a,
ASN00007124,19610915,PRCP,0,,,a,
ASN00007124,19610916,PRCP,0,,,a,
ASN00007124,19610917,PRCP,0,,,a,
ASN00007124,19610918,PRCP,0,,,a,
ASN00007124,19610919,PRCP,0,,,a,
ASN00007124,19610920,PRCP,0,,,a,
ASN00007124,19610921,PRCP,0,,,a,
ASN00007124,19610922,PRCP,0,,,a,
ASN00007124,19610923,PRCP,0,,,a,
ASN00007124,19610924,PRCP,0,,,a,
ASN00007124,19610925,PRCP,0,,,a,
ASN00007124,19610926,PRCP,0,,,a,
ASN00007124,19610927,PRCP,0,,,a,
ASN00007124,19610928,PRCP,0,,,a,
ASN00007124,19610929,PRCP,0,,,a,
ASN00007124,19610930,PRCP,0,,,a,
ASN00007124,19611001,PRCP,0,,,a,
ASN00007124,19611002,PRCP,0,,,a,
ASN00007124,19611003,PRCP,0,,,a,
ASN00007124,19611004,PRCP,0,,,a,
ASN00007124,19611005,PRCP,0,,,a,
ASN00007124,19611006,PRCP,0,,,a,
ASN00007124,19611007,PRCP,0,,,a,
ASN00007124,19611008,PRCP,0,,,a,
ASN00007124,19611009,PRCP,0,,,a,
ASN00007124,19611010,PRCP,0,,,a,
ASN00007124,19611011,PRCP,0,,,a,
ASN00007124,19611012,PRCP,0,,,a,
ASN00007124,19611013,PRCP,0,,,a,
ASN00007124,19611014,PRCP,0,,,a,
ASN00007124,19611015,PRCP,0,,,a,
ASN00007124,19611016,PRCP,0,,,a,
ASN00007124,19611017,PRCP,0,,,a,
ASN00007124,19611018,PRCP,0,,,a,
ASN00007124,19611019,PRCP,0,,,a,
ASN00007124,19611020,PRCP,0,,,a,
ASN00007124,19611021,PRCP,0,,,a,
ASN00007124,19611022,PRCP,0,,,a,
ASN00007124,19611023,PRCP,0,,,a,
ASN00007124,19611024,PRCP,0,,,a,
ASN00007124,19611025,PRCP,0,,,a,
ASN00007124,19611026,PRCP,0,,,a,
ASN00007124,19611027,PRCP,0,,,a,
ASN00007124,19611028,PRCP,0,,,a,
ASN00007124,19611029,PRCP,0,,,a,
ASN00007124,19611030,PRCP,0,,,a,
ASN00007124,19611031,PRCP,0,,,a,
ASN00007124,19611101,PRCP,0,,,a,
ASN00007124,19611102,PRCP,0,,,a,
ASN00007124,19611103,PRCP,0,,,a,
ASN00007124,19611104,PRCP,0,,,a,
ASN00007124,19611105,PRCP,0,,,a,
ASN00007124,19611106,PRCP,0,,,a,
ASN00007124,19611107,PRCP,0,,,a,
ASN00007124,19611108,PRCP,0,,,a,
ASN00007124,19611109,PRCP,0,,,a,
ASN00007124,19611110,PRCP,0,,,a,
ASN00007124,19611111,PRCP,0,,,a,
ASN00007124,19611112,PRCP,0,,,a,
ASN00007124,19611113,PRCP,0,,,a,
ASN00007124,19611114,PRCP,0,,,a,
ASN00007124,19611115,PRCP,0,,,a,
ASN00007124,19611116,PRCP,0,,,a,
ASN00007124,19611117,PRCP,0,,,a,
ASN00007124,19611118,PRCP,0,,,a,
ASN00007124,19611119,PRCP,0,,,a,
ASN00007124,19611120,PRCP,0,,,a,
ASN00007124,19611121,PRCP,0,,,a,
ASN00007124,19611122,PRCP,0,,,a,
ASN00007124,19611123,PRCP,0,,,a,
ASN00007124,19611124,PRCP,0,,,a,
ASN00007124,19611125,PRCP,0,,,a,
ASN00007124,19611126,PRCP,0,,,a,
ASN00007124,19611127,PRCP,0,,,a,
ASN00007124,19611128,PRCP,0,,,a,
ASN00007124,19611129,PRCP,0,,,a,
ASN00007124,19611130,PRCP,0,,,a,
ASN00007124,19611201,PRCP,0,,,a,
ASN00007124,19611202,PRCP,0,,,a,
ASN00007124,19611203,PRCP,0,,,a,
ASN00007124,19611204,PRCP,0,,,a,
ASN00007124,19611205,PRCP,0,,,a,
ASN00007124,19611206,PRCP,0,,,a,
ASN00007124,19611207,PRCP,0,,,a,
ASN00007124,19611208,PRCP,0,,,a,
ASN00007124,19611209,PRCP,0,,,a,
ASN00007124,19611210,PRCP,0,,,a,
ASN00007124,19611211,PRCP,0,,,a,
ASN00007124,19611212,PRCP,0,,,a,
ASN00007124,19611213,PRCP,0,,,a,
ASN00007124,19611214,PRCP,0,,,a,
ASN00007124,19611215,PRCP,0,,,a,
ASN00007124,19611216,PRCP,0,,,a,
ASN00007124,19611217,PRCP,0,,,a,
ASN00007124,19611218,PRCP,0,,,a,
ASN00007124,19611219,PRCP,0,,,a,
ASN00007124,19611220,PRCP,0,,,a,
ASN00007124,19611221,PRCP,0,,,a,
ASN00007124,19611222,PRCP,0,,,a,
ASN00007124,19611223,PRCP,0,,,a,
ASN00007124,19611224,PRCP,0,,,a,
ASN00007124,19611225,PRCP,0,,,a,
ASN00007124,19611226,PRCP,0,,,a,
ASN00007124,19611227,PRCP,0,,,a,
ASN00007124,19611228,PRCP,0,,,a,
ASN00007124,19611229,PRCP,0,,,a,
ASN00007124,19611230,PRCP,0,,,a,
ASN00007124,19611231,PRCP,0,,,a,
ASN00007124,19620301,PRCP,0,,,a,
ASN00007124,19620302,PRCP,0,,,a,
ASN00007124,19620303,PRCP,0,,,a,
ASN00007124,19620304,PRCP,0,,,a,
ASN00007124,19620305,PRCP,0,,,a,
ASN00007124,19620306,PRCP,0,,,a,
ASN00007124,19620307,PRCP,0,,,a,
ASN00007124,19620308,PRCP,0,,,a,
ASN00007124,19620309,PRCP,0,,,a,
ASN00007124,19620310,PRCP,0,,,a,
ASN00007124,19620311,PRCP,0,,,a,
ASN00007124,19620312,PRCP,0,,,a,
ASN00007124,19620313,PRCP,0,,,a,
ASN00007124,19620314,PRCP,0,,,a,
ASN00007124,19620315,PRCP,0,,,a,
ASN00007124,19620316,PRCP,0,,,a,
ASN00007124,19620317,PRCP,0,,,a,
ASN00007124,19620318,PRCP,0,,,a,
ASN00007124,19620319,PRCP,0,,,a,
ASN00007124,19620320,PRCP,0,,,a,
ASN00007124,19620321,PRCP,0,,,a,
ASN00007124,19620322,PRCP,0,,,a,
ASN00007124,19620323,PRCP,0,,,a,
ASN00007124,19620324,PRCP,0,,,a,
ASN00007124,19620325,PRCP,0,,,a,
ASN00007124,19620326,PRCP,0,,,a,
ASN00007124,19620327,PRCP,0,,,a,
ASN00007124,19620328,PRCP,0,,,a,
ASN00007124,19620329,PRCP,0,,,a,
ASN00007124,19620330,PRCP,0,,,a,
ASN00007124,19620331,PRCP,0,,,a,
ASN00007124,19620401,PRCP,0,,,a,
ASN00007124,19620402,PRCP,0,,,a,
ASN00007124,19620403,PRCP,0,,,a,
ASN00007124,19620404,PRCP,0,,,a,
ASN00007124,19620405,PRCP,0,,,a,
ASN00007124,19620406,PRCP,0,,,a,
ASN00007124,19620407,PRCP,0,,,a,
ASN00007124,19620408,PRCP,0,,,a,
ASN00007124,19620409,PRCP,0,,,a,
ASN00007124,19620410,PRCP,0,,,a,
ASN00007124,19620411,PRCP,0,,,a,
ASN00007124,19620412,PRCP,0,,,a,
ASN00007124,19620413,PRCP,0,,,a,
ASN00007124,19620414,PRCP,0,,,a,
ASN00007124,19620415,PRCP,0,,,a,
ASN00007124,19620416,PRCP,0,,,a,
ASN00007124,19620417,PRCP,0,,,a,
ASN00007124,19620418,PRCP,0,,,a,
ASN00007124,19620419,PRCP,0,,,a,
ASN00007124,19620420,PRCP,0,,,a,
ASN00007124,19620421,PRCP,0,,,a,
ASN00007124,19620422,PRCP,0,,,a,
ASN00007124,19620423,PRCP,0,,,a,
ASN00007124,19620424,PRCP,0,,,a,
ASN00007124,19620425,PRCP,0,,,a,
ASN00007124,19620426,PRCP,0,,,a,
ASN00007124,19620427,PRCP,0,,,a,
ASN00007124,19620428,PRCP,0,,,a,
ASN00007124,19620429,PRCP,0,,,a,
ASN00007124,19620430,PRCP,0,,,a,
ASN00007124,19620801,PRCP,0,,,a,
ASN00007124,19620802,PRCP,0,,,a,
ASN00007124,19620803,PRCP,0,,,a,
ASN00007124,19620804,PRCP,0,,,a,
ASN00007124,19620805,PRCP,0,,,a,
ASN00007124,19620806,PRCP,0,,,a,
ASN00007124,19620807,PRCP,0,,,a,
ASN00007124,19620808,PRCP,0,,,a,
ASN00007124,19620809,PRCP,0,,,a,
ASN00007124,19620810,PRCP,0,,,a,
ASN00007124,19620811,PRCP,0,,,a,
ASN00007124,19620812,PRCP,0,,,a,
ASN00007124,19620813,PRCP,0,,,a,
ASN00007124,19620814,PRCP,0,,,a,
ASN00007124,19620815,PRCP,0,,,a,
ASN00007124,19620816,PRCP,0,,,a,
ASN00007124,19620817,PRCP,0,,,a,
ASN00007124,19620818,PRCP,0,,,a,
ASN00007124,19620819,PRCP,0,,,a,
ASN00007124,19620820,PRCP,0,,,a,
ASN00007124,19620821,PRCP,0,,,a,
ASN00007124,19620822,PRCP,0,,,a,
ASN00007124,19620823,PRCP,0,,,a,
ASN00007124,19620824,PRCP,0,,,a,
ASN00007124,19620825,PRCP,0,,,a,
ASN00007124,19620826,PRCP,0,,,a,
ASN00007124,19620827,PRCP,0,,,a,
ASN00007124,19620828,PRCP,0,,,a,
ASN00007124,19620829,PRCP,0,,,a,
ASN00007124,19620830,PRCP,0,,,a,
ASN00007124,19620831,PRCP,0,,,a,
ASN00007124,19620901,PRCP,0,,,a,
ASN00007124,19620902,PRCP,0,,,a,
ASN00007124,19620903,PRCP,0,,,a,
ASN00007124,19620904,PRCP,0,,,a,
ASN00007124,19620905,PRCP,0,,,a,
ASN00007124,19620906,PRCP,0,,,a,
ASN00007124,19620907,PRCP,0,,,a,
ASN00007124,19620908,PRCP,0,,,a,
ASN00007124,19620909,PRCP,0,,,a,
ASN00007124,19620910,PRCP,0,,,a,
ASN00007124,19620911,PRCP,0,,,a,
ASN00007124,19620912,PRCP,0,,,a,
ASN00007124,19620913,PRCP,0,,,a,
ASN00007124,19620914,PRCP,0,,,a,
ASN00007124,19620915,PRCP,0,,,a,
ASN00007124,19620916,PRCP,0,,,a,
ASN00007124,19620917,PRCP,0,,,a,
ASN00007124,19620918,PRCP,0,,,a,
ASN00007124,19620919,PRCP,0,,,a,
ASN00007124,19620920,PRCP,0,,,a,
ASN00007124,19620921,PRCP,0,,,a,
ASN00007124,19620922,PRCP,0,,,a,
ASN00007124,19620923,PRCP,0,,,a,
ASN00007124,19620924,PRCP,0,,,a,
ASN00007124,19620925,PRCP,0,,,a,
ASN00007124,19620926,PRCP,0,,,a,
ASN00007124,19620927,PRCP,0,,,a,
ASN00007124,19620928,PRCP,0,,,a,
ASN00007124,19620929,PRCP,0,,,a,
ASN00007124,19620930,PRCP,0,,,a,
ASN00007124,19621001,PRCP,0,,,a,
ASN00007124,19621002,PRCP,0,,,a,
ASN00007124,19621003,PRCP,0,,,a,
ASN00007124,19621004,PRCP,0,,,a,
ASN00007124,19621005,PRCP,0,,,a,
ASN00007124,19621006,PRCP,0,,,a,
ASN00007124,19621007,PRCP,0,,,a,
ASN00007124,19621008,PRCP,0,,,a,
ASN00007124,19621009,PRCP,0,,,a,
ASN00007124,19621010,PRCP,0,,,a,
ASN00007124,19621011,PRCP,0,,,a,
ASN00007124,19621012,PRCP,0,,,a,
ASN00007124,19621013,PRCP,0,,,a,
ASN00007124,19621014,PRCP,0,,,a,
ASN00007124,19621015,PRCP,0,,,a,
ASN00007124,19621016,PRCP,0,,,a,
ASN00007124,19621017,PRCP,0,,,a,
ASN00007124,19621018,PRCP,0,,,a,
ASN00007124,19621019,PRCP,0,,,a,
ASN00007124,19621020,PRCP,0,,,a,
ASN00007124,19621021,PRCP,0,,,a,
ASN00007124,19621022,PRCP,0,,,a,
ASN00007124,19621023,PRCP,0,,,a,
ASN00007124,19621024,PRCP,0,,,a,
ASN00007124,19621025,PRCP,0,,,a,
ASN00007124,19621026,PRCP,0,,,a,
ASN00007124,19621027,PRCP,0,,,a,
ASN00007124,19621028,PRCP,0,,,a,
ASN00007124,19621029,PRCP,0,,,a,
ASN00007124,19621030,PRCP,0,,,a,
ASN00007124,19621031,PRCP,0,,,a,
ASN00007124,19621101,PRCP,0,,,a,
ASN00007124,19621102,PRCP,0,,,a,
ASN00007124,19621103,PRCP,0,,,a,
ASN00007124,19621104,PRCP,0,,,a,
ASN00007124,19621105,PRCP,0,,,a,
ASN00007124,19621106,PRCP,0,,,a,
ASN00007124,19621107,PRCP,0,,,a,
ASN00007124,19621108,PRCP,0,,,a,
ASN00007124,19621109,PRCP,0,,,a,
ASN00007124,19621110,PRCP,0,,,a,
ASN00007124,19621111,PRCP,0,,,a,
ASN00007124,19621112,PRCP,0,,,a,
ASN00007124,19621113,PRCP,0,,,a,
ASN00007124,19621114,PRCP,0,,,a,
ASN00007124,19621115,PRCP,0,,,a,
ASN00007124,19621116,PRCP,0,,,a,
ASN00007124,19621117,PRCP,0,,,a,
ASN00007124,19621118,PRCP,0,,,a,
ASN00007124,19621119,PRCP,0,,,a,
ASN00007124,19621120,PRCP,0,,,a,
ASN00007124,19621121,PRCP,0,,,a,
ASN00007124,19621122,PRCP,0,,,a,
ASN00007124,19621123,PRCP,0,,,a,
ASN00007124,19621124,PRCP,0,,,a,
ASN00007124,19621125,PRCP,0,,,a,
ASN00007124,19621126,PRCP,0,,,a,
ASN00007124,19621127,PRCP,0,,,a,
ASN00007124,19621128,PRCP,0,,,a,
ASN00007124,19621129,PRCP,0,,,a,
ASN00007124,19621130,PRCP,0,,,a,
ASN00007124,19630801,PRCP,0,,,a,
ASN00007124,19630802,PRCP,0,,,a,
ASN00007124,19630803,PRCP,0,,,a,
ASN00007124,19630804,PRCP,0,,,a,
ASN00007124,19630805,PRCP,0,,,a,
ASN00007124,19630806,PRCP,0,,,a,
ASN00007124,19630807,PRCP,0,,,a,
ASN00007124,19630808,PRCP,0,,,a,
ASN00007124,19630809,PRCP,0,,,a,
ASN00007124,19630810,PRCP,0,,,a,
ASN00007124,19630811,PRCP,0,,,a,
ASN00007124,19630812,PRCP,0,,,a,
ASN00007124,19630813,PRCP,0,,,a,
ASN00007124,19630814,PRCP,0,,,a,
ASN00007124,19630815,PRCP,0,,,a,
ASN00007124,19630816,PRCP,0,,,a,
ASN00007124,19630817,PRCP,0,,,a,
ASN00007124,19630818,PRCP,0,,,a,
ASN00007124,19630819,PRCP,0,,,a,
ASN00007124,19630820,PRCP,0,,,a,
ASN00007124,19630821,PRCP,0,,,a,
ASN00007124,19630822,PRCP,0,,,a,
ASN00007124,19630823,PRCP,0,,,a,
ASN00007124,19630824,PRCP,0,,,a,
ASN00007124,19630825,PRCP,0,,,a,
ASN00007124,19630826,PRCP,0,,,a,
ASN00007124,19630827,PRCP,0,,,a,
ASN00007124,19630828,PRCP,0,,,a,
ASN00007124,19630829,PRCP,0,,,a,
ASN00007124,19630830,PRCP,0,,,a,
ASN00007124,19630831,PRCP,0,,,a,
ASN00007124,19630901,PRCP,0,,,a,
ASN00007124,19630902,PRCP,0,,,a,
ASN00007124,19630903,PRCP,0,,,a,
ASN00007124,19630904,PRCP,0,,,a,
ASN00007124,19630905,PRCP,0,,,a,
ASN00007124,19630906,PRCP,0,,,a,
ASN00007124,19630907,PRCP,0,,,a,
ASN00007124,19630908,PRCP,0,,,a,
ASN00007124,19630909,PRCP,0,,,a,
ASN00007124,19630910,PRCP,0,,,a,
ASN00007124,19630911,PRCP,0,,,a,
ASN00007124,19630912,PRCP,0,,,a,
ASN00007124,19630913,PRCP,0,,,a,
ASN00007124,19630914,PRCP,0,,,a,
ASN00007124,19630915,PRCP,0,,,a,
ASN00007124,19630916,PRCP,0,,,a,
ASN00007124,19630917,PRCP,0,,,a,
ASN00007124,19630918,PRCP,0,,,a,
ASN00007124,19630919,PRCP,0,,,a,
ASN00007124,19630920,PRCP,0,,,a,
ASN00007124,19630921,PRCP,0,,,a,
ASN00007124,19630922,PRCP,0,,,a,
ASN00007124,19630923,PRCP,0,,,a,
ASN00007124,19630924,PRCP,0,,,a,
ASN00007124,19630925,PRCP,0,,,a,
ASN00007124,19630926,PRCP,0,,,a,
ASN00007124,19630927,PRCP,0,,,a,
ASN00007124,19630928,PRCP,0,,,a,
ASN00007124,19630929,PRCP,0,,,a,
ASN00007124,19630930,PRCP,0,,,a,
ASN00007124,19631001,PRCP,0,,,a,
ASN00007124,19631002,PRCP,0,,,a,
ASN00007124,19631003,PRCP,0,,,a,
ASN00007124,19631004,PRCP,0,,,a,
ASN00007124,19631005,PRCP,0,,,a,
ASN00007124,19631006,PRCP,0,,,a,
ASN00007124,19631007,PRCP,0,,,a,
ASN00007124,19631008,PRCP,0,,,a,
ASN00007124,19631009,PRCP,0,,,a,
ASN00007124,19631010,PRCP,0,,,a,
ASN00007124,19631011,PRCP,0,,,a,
ASN00007124,19631012,PRCP,0,,,a,
ASN00007124,19631013,PRCP,0,,,a,
ASN00007124,19631014,PRCP,0,,,a,
ASN00007124,19631015,PRCP,0,,,a,
ASN00007124,19631016,PRCP,0,,,a,
ASN00007124,19631017,PRCP,0,,,a,
ASN00007124,19631018,PRCP,0,,,a,
ASN00007124,19631019,PRCP,0,,,a,
ASN00007124,19631020,PRCP,0,,,a,
ASN00007124,19631021,PRCP,0,,,a,
ASN00007124,19631022,PRCP,0,,,a,
ASN00007124,19631023,PRCP,0,,,a,
ASN00007124,19631024,PRCP,0,,,a,
ASN00007124,19631025,PRCP,0,,,a,
ASN00007124,19631026,PRCP,0,,,a,
ASN00007124,19631027,PRCP,0,,,a,
ASN00007124,19631028,PRCP,0,,,a,
ASN00007124,19631029,PRCP,0,,,a,
ASN00007124,19631030,PRCP,0,,,a,
ASN00007124,19631031,PRCP,0,,,a,
ASN00007124,19631101,PRCP,0,,,a,
ASN00007124,19631102,PRCP,0,,,a,
ASN00007124,19631103,PRCP,0,,,a,
ASN00007124,19631104,PRCP,0,,,a,
ASN00007124,19631105,PRCP,0,,,a,
ASN00007124,19631106,PRCP,0,,,a,
ASN00007124,19631107,PRCP,0,,,a,
ASN00007124,19631108,PRCP,0,,,a,
ASN00007124,19631109,PRCP,0,,,a,
ASN00007124,19631110,PRCP,0,,,a,
ASN00007124,19631111,PRCP,0,,,a,
ASN00007124,19631112,PRCP,0,,,a,
ASN00007124,19631113,PRCP,0,,,a,
ASN00007124,19631114,PRCP,0,,,a,
ASN00007124,19631115,PRCP,0,,,a,
ASN00007124,19631116,PRCP,0,,,a,
ASN00007124,19631117,PRCP,0,,,a,
ASN00007124,19631118,PRCP,0,,,a,
ASN00007124,19631119,PRCP,0,,,a,
ASN00007124,19631120,PRCP,0,,,a,
ASN00007124,19631121,PRCP,0,,,a,
ASN00007124,19631122,PRCP,0,,,a,
ASN00007124,19631123,PRCP,0,,,a,
ASN00007124,19631124,PRCP,0,,,a,
ASN00007124,19631125,PRCP,0,,,a,
ASN00007124,19631126,PRCP,0,,,a,
ASN00007124,19631127,PRCP,0,,,a,
ASN00007124,19631128,PRCP,0,,,a,
ASN00007124,19631129,PRCP,0,,,a,
ASN00007124,19631130,PRCP,0,,,a,
ASN00007124,19631201,PRCP,0,,,a,
ASN00007124,19631202,PRCP,0,,,a,
ASN00007124,19631203,PRCP,0,,,a,
ASN00007124,19631204,PRCP,0,,,a,
ASN00007124,19631205,PRCP,0,,,a,
ASN00007124,19631206,PRCP,0,,,a,
ASN00007124,19631207,PRCP,0,,,a,
ASN00007124,19631208,PRCP,0,,,a,
ASN00007124,19631209,PRCP,0,,,a,
ASN00007124,19631210,PRCP,0,,,a,
ASN00007124,19631211,PRCP,0,,,a,
ASN00007124,19631212,PRCP,0,,,a,
ASN00007124,19631213,PRCP,0,,,a,
ASN00007124,19631214,PRCP,0,,,a,
ASN00007124,19631215,PRCP,0,,,a,
ASN00007124,19631216,PRCP,0,,,a,
ASN00007124,19631217,PRCP,0,,,a,
ASN00007124,19631218,PRCP,0,,,a,
ASN00007124,19631219,PRCP,0,,,a,
ASN00007124,19631220,PRCP,0,,,a,
ASN00007124,19631221,PRCP,0,,,a,
ASN00007124,19631222,PRCP,0,,,a,
ASN00007124,19631223,PRCP,0,,,a,
ASN00007124,19631224,PRCP,0,,,a,
ASN00007124,19631225,PRCP,0,,,a,
ASN00007124,19631226,PRCP,0,,,a,
ASN00007124,19631227,PRCP,0,,,a,
ASN00007124,19631228,PRCP,0,,,a,
ASN00007124,19631229,PRCP,0,,,a,
ASN00007124,19631230,PRCP,0,,,a,
ASN00007124,19631231,PRCP,0,,,a,
ASN00007124,19640401,PRCP,0,,,a,
ASN00007124,19640402,PRCP,0,,,a,
ASN00007124,19640403,PRCP,0,,,a,
ASN00007124,19640404,PRCP,0,,,a,
ASN00007124,19640405,PRCP,0,,,a,
ASN00007124,19640406,PRCP,0,,,a,
ASN00007124,19640407,PRCP,0,,,a,
ASN00007124,19640408,PRCP,0,,,a,
ASN00007124,19640409,PRCP,0,,,a,
ASN00007124,19640410,PRCP,0,,,a,
ASN00007124,19640411,PRCP,0,,,a,
ASN00007124,19640412,PRCP,0,,,a,
ASN00007124,19640413,PRCP,0,,,a,
ASN00007124,19640414,PRCP,0,,,a,
ASN00007124,19640415,PRCP,0,,,a,
ASN00007124,19640416,PRCP,0,,,a,
ASN00007124,19640417,PRCP,0,,,a,
ASN00007124,19640418,PRCP,0,,,a,
ASN00007124,19640419,PRCP,0,,,a,
ASN00007124,19640420,PRCP,0,,,a,
ASN00007124,19640421,PRCP,0,,,a,
ASN00007124,19640422,PRCP,0,,,a,
ASN00007124,19640423,PRCP,0,,,a,
ASN00007124,19640424,PRCP,0,,,a,
ASN00007124,19640425,PRCP,0,,,a,
ASN00007124,19640426,PRCP,0,,,a,
ASN00007124,19640427,PRCP,0,,,a,
ASN00007124,19640428,PRCP,0,,,a,
ASN00007124,19640429,PRCP,0,,,a,
ASN00007124,19640430,PRCP,0,,,a,
ASN00007124,19640501,PRCP,0,,,a,
ASN00007124,19640502,PRCP,0,,,a,
ASN00007124,19640503,PRCP,0,,,a,
ASN00007124,19640504,PRCP,0,,,a,
ASN00007124,19640505,PRCP,0,,,a,
ASN00007124,19640506,PRCP,0,,,a,
ASN00007124,19640507,PRCP,0,,,a,
ASN00007124,19640508,PRCP,0,,,a,
ASN00007124,19640509,PRCP,0,,,a,
ASN00007124,19640510,PRCP,0,,,a,
ASN00007124,19640511,PRCP,0,,,a,
ASN00007124,19640512,PRCP,0,,,a,
ASN00007124,19640513,PRCP,0,,,a,
ASN00007124,19640514,PRCP,0,,,a,
ASN00007124,19640515,PRCP,0,,,a,
ASN00007124,19640516,PRCP,0,,,a,
ASN00007124,19640517,PRCP,0,,,a,
ASN00007124,19640518,PRCP,0,,,a,
ASN00007124,19640519,PRCP,0,,,a,
ASN00007124,19640520,PRCP,0,,,a,
ASN00007124,19640521,PRCP,0,,,a,
ASN00007124,19640522,PRCP,0,,,a,
ASN00007124,19640523,PRCP,0,,,a,
ASN00007124,19640524,PRCP,0,,,a,
ASN00007124,19640525,PRCP,0,,,a,
ASN00007124,19640526,PRCP,0,,,a,
ASN00007124,19640527,PRCP,0,,,a,
ASN00007124,19640528,PRCP,0,,,a,
ASN00007124,19640529,PRCP,0,,,a,
ASN00007124,19640530,PRCP,0,,,a,
ASN00007124,19640531,PRCP,0,,,a,
ASN00007124,19641001,PRCP,0,,,a,
ASN00007124,19641002,PRCP,0,,,a,
ASN00007124,19641003,PRCP,0,,,a,
ASN00007124,19641004,PRCP,0,,,a,
ASN00007124,19641005,PRCP,0,,,a,
ASN00007124,19641006,PRCP,0,,,a,
ASN00007124,19641007,PRCP,0,,,a,
ASN00007124,19641008,PRCP,0,,,a,
ASN00007124,19641009,PRCP,0,,,a,
ASN00007124,19641010,PRCP,0,,,a,
ASN00007124,19641011,PRCP,0,,,a,
ASN00007124,19641012,PRCP,0,,,a,
ASN00007124,19641013,PRCP,0,,,a,
ASN00007124,19641014,PRCP,0,,,a,
ASN00007124,19641015,PRCP,0,,,a,
ASN00007124,19641016,PRCP,0,,,a,
ASN00007124,19641017,PRCP,0,,,a,
ASN00007124,19641018,PRCP,0,,,a,
ASN00007124,19641019,PRCP,0,,,a,
ASN00007124,19641020,PRCP,0,,,a,
ASN00007124,19641021,PRCP,0,,,a,
ASN00007124,19641022,PRCP,0,,,a,
ASN00007124,19641023,PRCP,0,,,a,
ASN00007124,19641024,PRCP,0,,,a,
ASN00007124,19641025,PRCP,0,,,a,
ASN00007124,19641026,PRCP,0,,,a,
ASN00007124,19641027,PRCP,0,,,a,
ASN00007124,19641028,PRCP,0,,,a,
ASN00007124,19641029,PRCP,0,,,a,
ASN00007124,19641030,PRCP,0,,,a,
ASN00007124,19641031,PRCP,0,,,a,
ASN00007124,19641101,PRCP,0,,,a,
ASN00007124,19641102,PRCP,0,,,a,
ASN00007124,19641103,PRCP,0,,,a,
ASN00007124,19641104,PRCP,0,,,a,
ASN00007124,19641105,PRCP,0,,,a,
ASN00007124,19641106,PRCP,0,,,a,
ASN00007124,19641107,PRCP,0,,,a,
ASN00007124,19641108,PRCP,0,,,a,
ASN00007124,19641109,PRCP,0,,,a,
ASN00007124,19641110,PRCP,0,,,a,
ASN00007124,19641111,PRCP,0,,,a,
ASN00007124,19641112,PRCP,0,,,a,
ASN00007124,19641113,PRCP,0,,,a,
ASN00007124,19641114,PRCP,0,,,a,
ASN00007124,19641115,PRCP,0,,,a,
ASN00007124,19641116,PRCP,0,,,a,
ASN00007124,19641117,PRCP,0,,,a,
ASN00007124,19641118,PRCP,0,,,a,
ASN00007124,19641119,PRCP,0,,,a,
ASN00007124,19641120,PRCP,0,,,a,
ASN00007124,19641121,PRCP,0,,,a,
ASN00007124,19641122,PRCP,0,,,a,
ASN00007124,19641123,PRCP,0,,,a,
ASN00007124,19641124,PRCP,0,,,a,
ASN00007124,19641125,PRCP,0,,,a,
ASN00007124,19641126,PRCP,0,,,a,
ASN00007124,19641127,PRCP,0,,,a,
ASN00007124,19641128,PRCP,0,,,a,
ASN00007124,19641129,PRCP,0,,,a,
ASN00007124,19641130,PRCP,0,,,a,
ASN00007124,19641201,PRCP,0,,,a,
ASN00007124,19641202,PRCP,0,,,a,
ASN00007124,19641203,PRCP,0,,,a,
ASN00007124,19641204,PRCP,0,,,a,
ASN00007124,19641205,PRCP,0,,,a,
ASN00007124,19641206,PRCP,0,,,a,
ASN00007124,19641207,PRCP,0,,,a,
ASN00007124,19641208,PRCP,0,,,a,
ASN00007124,19641209,PRCP,0,,,a,
ASN00007124,19641210,PRCP,0,,,a,
ASN00007124,19641211,PRCP,0,,,a,
ASN00007124,19641212,PRCP,0,,,a,
ASN00007124,19641213,PRCP,0,,,a,
ASN00007124,19641214,PRCP,0,,,a,
ASN00007124,19641215,PRCP,0,,,a,
ASN00007124,19641216,PRCP,0,,,a,
ASN00007124,19641217,PRCP,0,,,a,
ASN00007124,19641218,PRCP,0,,,a,
ASN00007124,19641219,PRCP,0,,,a,
ASN00007124,19641220,PRCP,0,,,a,
ASN00007124,19641221,PRCP,0,,,a,
ASN00007124,19641222,PRCP,0,,,a,
ASN00007124,19641223,PRCP,0,,,a,
ASN00007124,19641224,PRCP,0,,,a,
ASN00007124,19641225,PRCP,0,,,a,
ASN00007124,19641226,PRCP,0,,,a,
ASN00007124,19641227,PRCP,0,,,a,
ASN00007124,19641228,PRCP,0,,,a,
ASN00007124,19641229,PRCP,0,,,a,
ASN00007124,19641230,PRCP,0,,,a,
ASN00007124,19641231,PRCP,0,,,a,
ASN00007124,19650901,PRCP,0,,,a,
ASN00007124,19650902,PRCP,0,,,a,
ASN00007124,19650903,PRCP,0,,,a,
ASN00007124,19650904,PRCP,0,,,a,
ASN00007124,19650905,PRCP,0,,,a,
ASN00007124,19650906,PRCP,0,,,a,
ASN00007124,19650907,PRCP,0,,,a,
ASN00007124,19650908,PRCP,0,,,a,
ASN00007124,19650909,PRCP,0,,,a,
ASN00007124,19650910,PRCP,0,,,a,
ASN00007124,19650911,PRCP,0,,,a,
ASN00007124,19650912,PRCP,0,,,a,
ASN00007124,19650913,PRCP,0,,,a,
ASN00007124,19650914,PRCP,0,,,a,
ASN00007124,19650915,PRCP,0,,,a,
ASN00007124,19650916,PRCP,0,,,a,
ASN00007124,19650917,PRCP,0,,,a,
ASN00007124,19650918,PRCP,0,,,a,
ASN00007124,19650919,PRCP,0,,,a,
ASN00007124,19650920,PRCP,0,,,a,
ASN00007124,19650921,PRCP,0,,,a,
ASN00007124,19650922,PRCP,0,,,a,
ASN00007124,19650923,PRCP,0,,,a,
ASN00007124,19650924,PRCP,0,,,a,
ASN00007124,19650925,PRCP,0,,,a,
ASN00007124,19650926,PRCP,0,,,a,
ASN00007124,19650927,PRCP,0,,,a,
ASN00007124,19650928,PRCP,0,,,a,
ASN00007124,19650929,PRCP,0,,,a,
ASN00007124,19650930,PRCP,0,,,a,
ASN00007124,19651001,PRCP,0,,,a,
ASN00007124,19651002,PRCP,0,,,a,
ASN00007124,19651003,PRCP,0,,,a,
ASN00007124,19651004,PRCP,0,,,a,
ASN00007124,19651005,PRCP,0,,,a,
ASN00007124,19651006,PRCP,0,,,a,
ASN00007124,19651007,PRCP,0,,,a,
ASN00007124,19651008,PRCP,0,,,a,
ASN00007124,19651009,PRCP,0,,,a,
ASN00007124,19651010,PRCP,0,,,a,
ASN00007124,19651011,PRCP,0,,,a,
ASN00007124,19651012,PRCP,0,,,a,
ASN00007124,19651013,PRCP,0,,,a,
ASN00007124,19651014,PRCP,0,,,a,
ASN00007124,19651015,PRCP,0,,,a,
ASN00007124,19651016,PRCP,0,,,a,
ASN00007124,19651017,PRCP,0,,,a,
ASN00007124,19651018,PRCP,0,,,a,
ASN00007124,19651019,PRCP,0,,,a,
ASN00007124,19651020,PRCP,0,,,a,
ASN00007124,19651021,PRCP,0,,,a,
ASN00007124,19651022,PRCP,0,,,a,
ASN00007124,19651023,PRCP,0,,,a,
ASN00007124,19651024,PRCP,0,,,a,
ASN00007124,19651025,PRCP,0,,,a,
ASN00007124,19651026,PRCP,0,,,a,
ASN00007124,19651027,PRCP,0,,,a,
ASN00007124,19651028,PRCP,0,,,a,
ASN00007124,19651029,PRCP,0,,,a,
ASN00007124,19651030,PRCP,0,,,a,
ASN00007124,19651031,PRCP,0,,,a,
ASN00007124,19651201,PRCP,0,,,a,
ASN00007124,19651202,PRCP,0,,,a,
ASN00007124,19651203,PRCP,0,,,a,
ASN00007124,19651204,PRCP,0,,,a,
ASN00007124,19651205,PRCP,0,,,a,
ASN00007124,19651206,PRCP,0,,,a,
ASN00007124,19651207,PRCP,0,,,a,
ASN00007124,19651208,PRCP,0,,,a,
ASN00007124,19651209,PRCP,0,,,a,
ASN00007124,19651210,PRCP,0,,,a,
ASN00007124,19651211,PRCP,0,,,a,
ASN00007124,19651212,PRCP,0,,,a,
ASN00007124,19651213,PRCP,0,,,a,
ASN00007124,19651214,PRCP,0,,,a,
ASN00007124,19651215,PRCP,0,,,a,
ASN00007124,19651216,PRCP,0,,,a,
ASN00007124,19651217,PRCP,0,,,a,
ASN00007124,19651218,PRCP,0,,,a,
ASN00007124,19651219,PRCP,0,,,a,
ASN00007124,19651220,PRCP,0,,,a,
ASN00007124,19651221,PRCP,0,,,a,
ASN00007124,19651222,PRCP,0,,,a,
ASN00007124,19651223,PRCP,0,,,a,
ASN00007124,19651224,PRCP,0,,,a,
ASN00007124,19651225,PRCP,0,,,a,
ASN00007124,19651226,PRCP,0,,,a,
ASN00007124,19651227,PRCP,0,,,a,
ASN00007124,19651228,PRCP,0,,,a,
ASN00007124,19651229,PRCP,0,,,a,
ASN00007124,19651230,PRCP,0,,,a,
ASN00007124,19651231,PRCP,0,,,a,
ASN00007124,19660101,PRCP,0,,,a,
ASN00007124,19660102,PRCP,0,,,a,
ASN00007124,19660103,PRCP,0,,,a,
ASN00007124,19660104,PRCP,0,,,a,
ASN00007124,19660105,PRCP,0,,,a,
ASN00007124,19660106,PRCP,0,,,a,
ASN00007124,19660107,PRCP,0,,,a,
ASN00007124,19660108,PRCP,0,,,a,
ASN00007124,19660109,PRCP,0,,,a,
ASN00007124,19660110,PRCP,0,,,a,
ASN00007124,19660111,PRCP,0,,,a,
ASN00007124,19660112,PRCP,0,,,a,
ASN00007124,19660113,PRCP,0,,,a,
ASN00007124,19660114,PRCP,0,,,a,
ASN00007124,19660115,PRCP,0,,,a,
ASN00007124,19660116,PRCP,0,,,a,
ASN00007124,19660117,PRCP,0,,,a,
ASN00007124,19660118,PRCP,0,,,a,
ASN00007124,19660119,PRCP,0,,,a,
ASN00007124,19660120,PRCP,0,,,a,
ASN00007124,19660121,PRCP,0,,,a,
ASN00007124,19660122,PRCP,0,,,a,
ASN00007124,19660123,PRCP,0,,,a,
ASN00007124,19660124,PRCP,0,,,a,
ASN00007124,19660125,PRCP,0,,,a,
ASN00007124,19660126,PRCP,0,,,a,
ASN00007124,19660127,PRCP,0,,,a,
ASN00007124,19660128,PRCP,0,,,a,
ASN00007124,19660129,PRCP,0,,,a,
ASN00007124,19660130,PRCP,0,,,a,
ASN00007124,19660131,PRCP,0,,,a,
ASN00007124,19660301,PRCP,0,,,a,
ASN00007124,19660302,PRCP,0,,,a,
ASN00007124,19660303,PRCP,0,,,a,
ASN00007124,19660304,PRCP,0,,,a,
ASN00007124,19660305,PRCP,0,,,a,
ASN00007124,19660306,PRCP,0,,,a,
ASN00007124,19660307,PRCP,0,,,a,
ASN00007124,19660308,PRCP,0,,,a,
ASN00007124,19660309,PRCP,0,,,a,
ASN00007124,19660310,PRCP,0,,,a,
ASN00007124,19660311,PRCP,0,,,a,
ASN00007124,19660312,PRCP,0,,,a,
ASN00007124,19660313,PRCP,0,,,a,
ASN00007124,19660314,PRCP,0,,,a,
ASN00007124,19660315,PRCP,0,,,a,
ASN00007124,19660316,PRCP,0,,,a,
ASN00007124,19660317,PRCP,0,,,a,
ASN00007124,19660318,PRCP,0,,,a,
ASN00007124,19660319,PRCP,0,,,a,
ASN00007124,19660320,PRCP,0,,,a,
ASN00007124,19660321,PRCP,0,,,a,
ASN00007124,19660322,PRCP,0,,,a,
ASN00007124,19660323,PRCP,0,,,a,
ASN00007124,19660324,PRCP,0,,,a,
ASN00007124,19660325,PRCP,0,,,a,
ASN00007124,19660326,PRCP,0,,,a,
ASN00007124,19660327,PRCP,0,,,a,
ASN00007124,19660328,PRCP,0,,,a,
ASN00007124,19660329,PRCP,0,,,a,
ASN00007124,19660330,PRCP,0,,,a,
ASN00007124,19660331,PRCP,0,,,a,
ASN00007124,19660901,PRCP,0,,,a,
ASN00007124,19660902,PRCP,0,,,a,
ASN00007124,19660903,PRCP,0,,,a,
ASN00007124,19660904,PRCP,0,,,a,
ASN00007124,19660905,PRCP,0,,,a,
ASN00007124,19660906,PRCP,0,,,a,
ASN00007124,19660907,PRCP,0,,,a,
ASN00007124,19660908,PRCP,0,,,a,
ASN00007124,19660909,PRCP,0,,,a,
ASN00007124,19660910,PRCP,0,,,a,
ASN00007124,19660911,PRCP,0,,,a,
ASN00007124,19660912,PRCP,0,,,a,
ASN00007124,19660913,PRCP,0,,,a,
ASN00007124,19660914,PRCP,0,,,a,
ASN00007124,19660915,PRCP,0,,,a,
ASN00007124,19660916,PRCP,0,,,a,
ASN00007124,19660917,PRCP,0,,,a,
ASN00007124,19660918,PRCP,0,,,a,
ASN00007124,19660919,PRCP,0,,,a,
ASN00007124,19660920,PRCP,0,,,a,
ASN00007124,19660921,PRCP,0,,,a,
ASN00007124,19660922,PRCP,0,,,a,
ASN00007124,19660923,PRCP,0,,,a,
ASN00007124,19660924,PRCP,0,,,a,
ASN00007124,19660925,PRCP,0,,,a,
ASN00007124,19660926,PRCP,0,,,a,
ASN00007124,19660927,PRCP,0,,,a,
ASN00007124,19660928,PRCP,0,,,a,
ASN00007124,19660929,PRCP,0,,,a,
ASN00007124,19660930,PRCP,0,,,a,
ASN00007124,19661101,PRCP,0,,,a,
ASN00007124,19661102,PRCP,0,,,a,
ASN00007124,19661103,PRCP,0,,,a,
ASN00007124,19661104,PRCP,0,,,a,
ASN00007124,19661105,PRCP,0,,,a,
ASN00007124,19661106,PRCP,0,,,a,
ASN00007124,19661107,PRCP,0,,,a,
ASN00007124,19661108,PRCP,0,,,a,
ASN00007124,19661109,PRCP,0,,,a,
ASN00007124,19661110,PRCP,0,,,a,
ASN00007124,19661111,PRCP,0,,,a,
ASN00007124,19661112,PRCP,0,,,a,
ASN00007124,19661113,PRCP,0,,,a,
ASN00007124,19661114,PRCP,0,,,a,
ASN00007124,19661115,PRCP,0,,,a,
ASN00007124,19661116,PRCP,0,,,a,
ASN00007124,19661117,PRCP,0,,,a,
ASN00007124,19661118,PRCP,0,,,a,
ASN00007124,19661119,PRCP,0,,,a,
ASN00007124,19661120,PRCP,0,,,a,
ASN00007124,19661121,PRCP,0,,,a,
ASN00007124,19661122,PRCP,0,,,a,
ASN00007124,19661123,PRCP,0,,,a,
ASN00007124,19661124,PRCP,0,,,a,
ASN00007124,19661125,PRCP,0,,,a,
ASN00007124,19661126,PRCP,0,,,a,
ASN00007124,19661127,PRCP,0,,,a,
ASN00007124,19661128,PRCP,0,,,a,
ASN00007124,19661129,PRCP,0,,,a,
ASN00007124,19661130,PRCP,0,,,a,
ASN00007124,19661201,PRCP,0,,,a,
ASN00007124,19661202,PRCP,0,,,a,
ASN00007124,19661203,PRCP,0,,,a,
ASN00007124,19661204,PRCP,0,,,a,
ASN00007124,19661205,PRCP,0,,,a,
ASN00007124,19661206,PRCP,0,,,a,
ASN00007124,19661207,PRCP,0,,,a,
ASN00007124,19661208,PRCP,0,,,a,
ASN00007124,19661209,PRCP,0,,,a,
ASN00007124,19661210,PRCP,0,,,a,
ASN00007124,19661211,PRCP,0,,,a,
ASN00007124,19661212,PRCP,0,,,a,
ASN00007124,19661213,PRCP,0,,,a,
ASN00007124,19661214,PRCP,0,,,a,
ASN00007124,19661215,PRCP,0,,,a,
ASN00007124,19661216,PRCP,0,,,a,
ASN00007124,19661217,PRCP,0,,,a,
ASN00007124,19661218,PRCP,0,,,a,
ASN00007124,19661219,PRCP,0,,,a,
ASN00007124,19661220,PRCP,0,,,a,
ASN00007124,19661221,PRCP,0,,,a,
ASN00007124,19661222,PRCP,0,,,a,
ASN00007124,19661223,PRCP,0,,,a,
ASN00007124,19661224,PRCP,0,,,a,
ASN00007124,19661225,PRCP,0,,,a,
ASN00007124,19661226,PRCP,0,,,a,
ASN00007124,19661227,PRCP,0,,,a,
ASN00007124,19661228,PRCP,0,,,a,
ASN00007124,19661229,PRCP,0,,,a,
ASN00007124,19661230,PRCP,0,,,a,
ASN00007124,19661231,PRCP,0,,,a,
ASN00007124,19670401,PRCP,0,,,a,
ASN00007124,19670402,PRCP,0,,,a,
ASN00007124,19670403,PRCP,0,,,a,
ASN00007124,19670404,PRCP,0,,,a,
ASN00007124,19670405,PRCP,0,,,a,
ASN00007124,19670406,PRCP,0,,,a,
ASN00007124,19670407,PRCP,0,,,a,
ASN00007124,19670408,PRCP,0,,,a,
ASN00007124,19670409,PRCP,0,,,a,
ASN00007124,19670410,PRCP,0,,,a,
ASN00007124,19670411,PRCP,0,,,a,
ASN00007124,19670412,PRCP,0,,,a,
ASN00007124,19670413,PRCP,0,,,a,
ASN00007124,19670414,PRCP,0,,,a,
ASN00007124,19670415,PRCP,0,,,a,
ASN00007124,19670416,PRCP,0,,,a,
ASN00007124,19670417,PRCP,0,,,a,
ASN00007124,19670418,PRCP,0,,,a,
ASN00007124,19670419,PRCP,0,,,a,
ASN00007124,19670420,PRCP,0,,,a,
ASN00007124,19670421,PRCP,0,,,a,
ASN00007124,19670422,PRCP,0,,,a,
ASN00007124,19670423,PRCP,0,,,a,
ASN00007124,19670424,PRCP,0,,,a,
ASN00007124,19670425,PRCP,0,,,a,
ASN00007124,19670426,PRCP,0,,,a,
ASN00007124,19670427,PRCP,0,,,a,
ASN00007124,19670428,PRCP,0,,,a,
ASN00007124,19670429,PRCP,0,,,a,
ASN00007124,19670430,PRCP,0,,,a,
ASN00007124,19671001,PRCP,0,,,a,
ASN00007124,19671002,PRCP,0,,,a,
ASN00007124,19671003,PRCP,0,,,a,
ASN00007124,19671004,PRCP,0,,,a,
ASN00007124,19671005,PRCP,0,,,a,
ASN00007124,19671006,PRCP,0,,,a,
ASN00007124,19671007,PRCP,0,,,a,
ASN00007124,19671008,PRCP,0,,,a,
ASN00007124,19671009,PRCP,0,,,a,
ASN00007124,19671010,PRCP,0,,,a,
ASN00007124,19671011,PRCP,0,,,a,
ASN00007124,19671012,PRCP,0,,,a,
ASN00007124,19671013,PRCP,0,,,a,
ASN00007124,19671014,PRCP,0,,,a,
ASN00007124,19671015,PRCP,0,,,a,
ASN00007124,19671016,PRCP,0,,,a,
ASN00007124,19671017,PRCP,0,,,a,
ASN00007124,19671018,PRCP,0,,,a,
ASN00007124,19671019,PRCP,0,,,a,
ASN00007124,19671020,PRCP,0,,,a,
ASN00007124,19671021,PRCP,0,,,a,
ASN00007124,19671022,PRCP,0,,,a,
ASN00007124,19671023,PRCP,0,,,a,
ASN00007124,19671024,PRCP,0,,,a,
ASN00007124,19671025,PRCP,0,,,a,
ASN00007124,19671026,PRCP,0,,,a,
ASN00007124,19671027,PRCP,0,,,a,
ASN00007124,19671028,PRCP,0,,,a,
ASN00007124,19671029,PRCP,0,,,a,
ASN00007124,19671030,PRCP,0,,,a,
ASN00007124,19671031,PRCP,0,,,a,
ASN00007124,19671101,PRCP,0,,,a,
ASN00007124,19671102,PRCP,0,,,a,
ASN00007124,19671103,PRCP,0,,,a,
ASN00007124,19671104,PRCP,0,,,a,
ASN00007124,19671105,PRCP,0,,,a,
ASN00007124,19671106,PRCP,0,,,a,
ASN00007124,19671107,PRCP,0,,,a,
ASN00007124,19671108,PRCP,0,,,a,
ASN00007124,19671109,PRCP,0,,,a,
ASN00007124,19671110,PRCP,0,,,a,
ASN00007124,19671111,PRCP,0,,,a,
ASN00007124,19671112,PRCP,0,,,a,
ASN00007124,19671113,PRCP,0,,,a,
ASN00007124,19671114,PRCP,0,,,a,
ASN00007124,19671115,PRCP,0,,,a,
ASN00007124,19671116,PRCP,0,,,a,
ASN00007124,19671117,PRCP,0,,,a,
ASN00007124,19671118,PRCP,0,,,a,
ASN00007124,19671119,PRCP,0,,,a,
ASN00007124,19671120,PRCP,0,,,a,
ASN00007124,19671121,PRCP,0,,,a,
ASN00007124,19671122,PRCP,0,,,a,
ASN00007124,19671123,PRCP,0,,,a,
ASN00007124,19671124,PRCP,0,,,a,
ASN00007124,19671125,PRCP,0,,,a,
ASN00007124,19671126,PRCP,0,,,a,
ASN00007124,19671127,PRCP,0,,,a,
ASN00007124,19671128,PRCP,0,,,a,
ASN00007124,19671129,PRCP,0,,,a,
ASN00007124,19671130,PRCP,0,,,a,
ASN00007124,19680701,PRCP,0,,,a,
ASN00007124,19680702,PRCP,0,,,a,
ASN00007124,19680703,PRCP,0,,,a,
ASN00007124,19680704,PRCP,0,,,a,
ASN00007124,19680705,PRCP,0,,,a,
ASN00007124,19680706,PRCP,0,,,a,
ASN00007124,19680707,PRCP,0,,,a,
ASN00007124,19680708,PRCP,0,,,a,
ASN00007124,19680709,PRCP,0,,,a,
ASN00007124,19680710,PRCP,0,,,a,
ASN00007124,19680711,PRCP,0,,,a,
ASN00007124,19680712,PRCP,0,,,a,
ASN00007124,19680713,PRCP,0,,,a,
ASN00007124,19680714,PRCP,0,,,a,
ASN00007124,19680715,PRCP,0,,,a,
ASN00007124,19680716,PRCP,0,,,a,
ASN00007124,19680717,PRCP,0,,,a,
ASN00007124,19680718,PRCP,0,,,a,
ASN00007124,19680719,PRCP,0,,,a,
ASN00007124,19680720,PRCP,0,,,a,
ASN00007124,19680721,PRCP,0,,,a,
ASN00007124,19680722,PRCP,0,,,a,
ASN00007124,19680723,PRCP,0,,,a,
ASN00007124,19680724,PRCP,0,,,a,
ASN00007124,19680725,PRCP,0,,,a,
ASN00007124,19680726,PRCP,0,,,a,
ASN00007124,19680727,PRCP,0,,,a,
ASN00007124,19680728,PRCP,0,,,a,
ASN00007124,19680729,PRCP,0,,,a,
ASN00007124,19680730,PRCP,0,,,a,
ASN00007124,19680731,PRCP,0,,,a,
ASN00007124,19681101,PRCP,0,,,a,
ASN00007124,19681102,PRCP,0,,,a,
ASN00007124,19681103,PRCP,0,,,a,
ASN00007124,19681104,PRCP,0,,,a,
ASN00007124,19681105,PRCP,0,,,a,
ASN00007124,19681106,PRCP,0,,,a,
ASN00007124,19681107,PRCP,0,,,a,
ASN00007124,19681108,PRCP,0,,,a,
ASN00007124,19681109,PRCP,0,,,a,
ASN00007124,19681110,PRCP,0,,,a,
ASN00007124,19681111,PRCP,0,,,a,
ASN00007124,19681112,PRCP,0,,,a,
ASN00007124,19681113,PRCP,0,,,a,
ASN00007124,19681114,PRCP,0,,,a,
ASN00007124,19681115,PRCP,0,,,a,
ASN00007124,19681116,PRCP,0,,,a,
ASN00007124,19681117,PRCP,0,,,a,
ASN00007124,19681118,PRCP,0,,,a,
ASN00007124,19681119,PRCP,0,,,a,
ASN00007124,19681120,PRCP,0,,,a,
ASN00007124,19681121,PRCP,0,,,a,
ASN00007124,19681122,PRCP,0,,,a,
ASN00007124,19681123,PRCP,0,,,a,
ASN00007124,19681124,PRCP,0,,,a,
ASN00007124,19681125,PRCP,0,,,a,
ASN00007124,19681126,PRCP,0,,,a,
ASN00007124,19681127,PRCP,0,,,a,
ASN00007124,19681128,PRCP,0,,,a,
ASN00007124,19681129,PRCP,0,,,a,
ASN00007124,19681130,PRCP,0,,,a,
ASN00007124,19681201,PRCP,0,,,a,
ASN00007124,19681202,PRCP,0,,,a,
ASN00007124,19681203,PRCP,0,,,a,
ASN00007124,19681204,PRCP,0,,,a,
ASN00007124,19681205,PRCP,0,,,a,
ASN00007124,19681206,PRCP,0,,,a,
ASN00007124,19681207,PRCP,0,,,a,
ASN00007124,19681208,PRCP,0,,,a,
ASN00007124,19681209,PRCP,0,,,a,
ASN00007124,19681210,PRCP,0,,,a,
ASN00007124,19681211,PRCP,0,,,a,
ASN00007124,19681212,PRCP,0,,,a,
ASN00007124,19681213,PRCP,0,,,a,
ASN00007124,19681214,PRCP,0,,,a,
ASN00007124,19681215,PRCP,0,,,a,
ASN00007124,19681216,PRCP,0,,,a,
ASN00007124,19681217,PRCP,0,,,a,
ASN00007124,19681218,PRCP,0,,,a,
ASN00007124,19681219,PRCP,0,,,a,
ASN00007124,19681220,PRCP,0,,,a,
ASN00007124,19681221,PRCP,0,,,a,
ASN00007124,19681222,PRCP,0,,,a,
ASN00007124,19681223,PRCP,0,,,a,
ASN00007124,19681224,PRCP,0,,,a,
ASN00007124,19681225,PRCP,0,,,a,
ASN00007124,19681226,PRCP,0,,,a,
ASN00007124,19681227,PRCP,0,,,a,
ASN00007124,19681228,PRCP,0,,,a,
ASN00007124,19681229,PRCP,0,,,a,
ASN00007124,19681230,PRCP,0,,,a,
ASN00007124,19681231,PRCP,0,,,a,
ASN00007124,19710101,PRCP,0,,,a,
ASN00007124,19710102,PRCP,0,,,a,
ASN00007124,19710103,PRCP,0,,,a,
ASN00007124,19710104,PRCP,0,,,a,
ASN00007124,19710105,PRCP,0,,,a,
ASN00007124,19710106,PRCP,0,,,a,
ASN00007124,19710107,PRCP,0,,,a,
ASN00007124,19710108,PRCP,0,,,a,
ASN00007124,19710109,PRCP,0,,,a,
ASN00007124,19710110,PRCP,0,,,a,
ASN00007124,19710111,PRCP,0,,,a,
ASN00007124,19710112,PRCP,0,,,a,
ASN00007124,19710113,PRCP,0,,,a,
ASN00007124,19710114,PRCP,0,,,a,
ASN00007124,19710115,PRCP,0,,,a,
ASN00007124,19710116,PRCP,0,,,a,
ASN00007124,19710117,PRCP,0,,,a,
ASN00007124,19710118,PRCP,0,,,a,
ASN00007124,19710119,PRCP,0,,,a,
ASN00007124,19710120,PRCP,0,,,a,
ASN00007124,19710121,PRCP,0,,,a,
ASN00007124,19710122,PRCP,0,,,a,
ASN00007124,19710123,PRCP,0,,,a,
ASN00007124,19710124,PRCP,0,,,a,
ASN00007124,19710125,PRCP,0,,,a,
ASN00007124,19710126,PRCP,89,,,a,
ASN00007124,19710127,PRCP,97,,,a,
ASN00007124,19710128,PRCP,577,,,a,
ASN00007124,19710129,PRCP,249,,,a,
ASN00007124,19710130,PRCP,89,,,a,
ASN00007124,19710131,PRCP,0,,,a,
ASN00007124,19710201,PRCP,0,,,a,
ASN00007124,19710202,PRCP,0,,,a,
ASN00007124,19710203,PRCP,38,,,a,
ASN00007124,19710204,PRCP,38,,,a,
ASN00007124,19710205,PRCP,0,,,a,
ASN00007124,19710206,PRCP,0,,,a,
ASN00007124,19710207,PRCP,0,,,a,
ASN00007124,19710208,PRCP,0,,,a,
ASN00007124,19710209,PRCP,0,,,a,
ASN00007124,19710210,PRCP,0,,,a,
ASN00007124,19710211,PRCP,0,,,a,
ASN00007124,19710212,PRCP,0,,,a,
ASN00007124,19710213,PRCP,0,,,a,
ASN00007124,19710214,PRCP,0,,,a,
ASN00007124,19710215,PRCP,0,,,a,
ASN00007124,19710216,PRCP,0,,,a,
ASN00007124,19710217,PRCP,0,,,a,
ASN00007124,19710218,PRCP,0,,,a,
ASN00007124,19710219,PRCP,0,,,a,
ASN00007124,19710220,PRCP,0,,,a,
ASN00007124,19710221,PRCP,0,,,a,
ASN00007124,19710222,PRCP,0,,,a,
ASN00007124,19710223,PRCP,0,,,a,
ASN00007124,19710224,PRCP,0,,,a,
ASN00007124,19710225,PRCP,0,,,a,
ASN00007124,19710226,PRCP,0,,,a,
ASN00007124,19710227,PRCP,0,,,a,
ASN00007124,19710228,PRCP,0,,,a,
ASN00007124,19710301,PRCP,0,,,a,
ASN00007124,19710302,PRCP,0,,,a,
ASN00007124,19710303,PRCP,0,,,a,
ASN00007124,19710304,PRCP,0,,,a,
ASN00007124,19710305,PRCP,0,,,a,
ASN00007124,19710306,PRCP,0,,,a,
ASN00007124,19710307,PRCP,0,,,a,
ASN00007124,19710308,PRCP,0,,,a,
ASN00007124,19710309,PRCP,0,,,a,
ASN00007124,19710310,PRCP,0,,,a,
ASN00007124,19710311,PRCP,0,,,a,
ASN00007124,19710312,PRCP,0,,,a,
ASN00007124,19710313,PRCP,0,,,a,
ASN00007124,19710314,PRCP,0,,,a,
ASN00007124,19710315,PRCP,241,,,a,
ASN00007124,19710316,PRCP,0,,,a,
ASN00007124,19710317,PRCP,0,,,a,
ASN00007124,19710318,PRCP,28,,,a,
ASN00007124,19710319,PRCP,0,,,a,
ASN00007124,19710320,PRCP,0,,,a,
ASN00007124,19710321,PRCP,0,,,a,
ASN00007124,19710322,PRCP,0,,,a,
ASN00007124,19710323,PRCP,0,,,a,
ASN00007124,19710324,PRCP,56,,,a,
ASN00007124,19710325,PRCP,102,,,a,
ASN00007124,19710326,PRCP,0,,,a,
ASN00007124,19710327,PRCP,130,,,a,
ASN00007124,19710328,PRCP,0,,,a,
ASN00007124,19710329,PRCP,0,,,a,
ASN00007124,19710330,PRCP,0,,,a,
ASN00007124,19710331,PRCP,0,,,a,
ASN00007124,19710401,PRCP,0,,,a,
ASN00007124,19710402,PRCP,0,,,a,
ASN00007124,19710403,PRCP,0,,,a,
ASN00007124,19710404,PRCP,0,,,a,
ASN00007124,19710405,PRCP,0,,,a,
ASN00007124,19710406,PRCP,107,,,a,
ASN00007124,19710407,PRCP,5,,,a,
ASN00007124,19710408,PRCP,0,,,a,
ASN00007124,19710409,PRCP,0,,,a,
ASN00007124,19710410,PRCP,0,,,a,
ASN00007124,19710411,PRCP,0,,,a,
ASN00007124,19710412,PRCP,0,,,a,
ASN00007124,19710413,PRCP,0,,,a,
ASN00007124,19710414,PRCP,0,,,a,
ASN00007124,19710415,PRCP,0,,,a,
ASN00007124,19710416,PRCP,0,,,a,
ASN00007124,19710417,PRCP,0,,,a,
ASN00007124,19710418,PRCP,0,,,a,
ASN00007124,19710419,PRCP,0,,,a,
ASN00007124,19710420,PRCP,0,,,a,
ASN00007124,19710421,PRCP,0,,,a,
ASN00007124,19710422,PRCP,0,,,a,
ASN00007124,19710423,PRCP,0,,,a,
ASN00007124,19710424,PRCP,0,,,a,
ASN00007124,19710425,PRCP,0,,,a,
ASN00007124,19710426,PRCP,0,,,a,
ASN00007124,19710427,PRCP,0,,,a,
ASN00007124,19710428,PRCP,0,,,a,
ASN00007124,19710429,PRCP,0,,,a,
ASN00007124,19710430,PRCP,0,,,a,
ASN00007124,19710501,PRCP,0,,,a,
ASN00007124,19710502,PRCP,0,,,a,
ASN00007124,19710503,PRCP,13,,,a,
ASN00007124,19710504,PRCP,0,,,a,
ASN00007124,19710505,PRCP,0,,,a,
ASN00007124,19710506,PRCP,0,,,a,
ASN00007124,19710507,PRCP,0,,,a,
ASN00007124,19710508,PRCP,0,,,a,
ASN00007124,19710509,PRCP,0,,,a,
ASN00007124,19710510,PRCP,0,,,a,
ASN00007124,19710511,PRCP,155,,,a,
ASN00007124,19710512,PRCP,0,,,a,
ASN00007124,19710513,PRCP,0,,,a,
ASN00007124,19710514,PRCP,0,,,a,
ASN00007124,19710515,PRCP,0,,,a,
ASN00007124,19710516,PRCP,0,,,a,
ASN00007124,19710517,PRCP,0,,,a,
ASN00007124,19710518,PRCP,0,,,a,
ASN00007124,19710519,PRCP,0,,,a,
ASN00007124,19710520,PRCP,0,,,a,
ASN00007124,19710521,PRCP,0,,,a,
ASN00007124,19710522,PRCP,0,,,a,
ASN00007124,19710523,PRCP,0,,,a,
ASN00007124,19710524,PRCP,0,,,a,
ASN00007124,19710525,PRCP,0,,,a,
ASN00007124,19710526,PRCP,0,,,a,
ASN00007124,19710527,PRCP,0,,,a,
ASN00007124,19710528,PRCP,0,,,a,
ASN00007124,19710529,PRCP,0,,,a,
ASN00007124,19710530,PRCP,0,,,a,
ASN00007124,19710531,PRCP,0,,,a,
ASN00007124,19710601,PRCP,117,,,a,
ASN00007124,19710602,PRCP,0,,,a,
ASN00007124,19710603,PRCP,18,,,a,
ASN00007124,19710604,PRCP,81,,,a,
ASN00007124,19710605,PRCP,0,,,a,
ASN00007124,19710606,PRCP,28,,,a,
ASN00007124,19710607,PRCP,0,,,a,
ASN00007124,19710608,PRCP,0,,,a,
ASN00007124,19710609,PRCP,0,,,a,
ASN00007124,19710610,PRCP,0,,,a,
ASN00007124,19710611,PRCP,0,,,a,
ASN00007124,19710612,PRCP,0,,,a,
ASN00007124,19710613,PRCP,0,,,a,
ASN00007124,19710614,PRCP,0,,,a,
ASN00007124,19710615,PRCP,0,,,a,
ASN00007124,19710616,PRCP,0,,,a,
ASN00007124,19710617,PRCP,0,,,a,
ASN00007124,19710618,PRCP,0,,,a,
ASN00007124,19710619,PRCP,0,,,a,
ASN00007124,19710620,PRCP,0,,,a,
ASN00007124,19710621,PRCP,0,,,a,
ASN00007124,19710622,PRCP,0,,,a,
ASN00007124,19710623,PRCP,0,,,a,
ASN00007124,19710624,PRCP,0,,,a,
ASN00007124,19710625,PRCP,0,,,a,
ASN00007124,19710626,PRCP,0,,,a,
ASN00007124,19710627,PRCP,0,,,a,
ASN00007124,19710628,PRCP,0,,,a,
ASN00007124,19710629,PRCP,0,,,a,
ASN00007124,19710630,PRCP,0,,,a,
ASN00007124,19710701,PRCP,0,,,a,
ASN00007124,19710702,PRCP,0,,,a,
ASN00007124,19710703,PRCP,0,,,a,
ASN00007124,19710704,PRCP,0,,,a,
ASN00007124,19710705,PRCP,0,,,a,
ASN00007124,19710706,PRCP,0,,,a,
ASN00007124,19710707,PRCP,0,,,a,
ASN00007124,19710708,PRCP,0,,,a,
ASN00007124,19710709,PRCP,0,,,a,
ASN00007124,19710710,PRCP,0,,,a,
ASN00007124,19710711,PRCP,0,,,a,
ASN00007124,19710712,PRCP,0,,,a,
ASN00007124,19710713,PRCP,0,,,a,
ASN00007124,19710714,PRCP,0,,,a,
ASN00007124,19710715,PRCP,0,,,a,
ASN00007124,19710716,PRCP,0,,,a,
ASN00007124,19710717,PRCP,0,,,a,
ASN00007124,19710718,PRCP,0,,,a,
ASN00007124,19710719,PRCP,0,,,a,
ASN00007124,19710720,PRCP,0,,,a,
ASN00007124,19710721,PRCP,0,,,a,
ASN00007124,19710722,PRCP,0,,,a,
ASN00007124,19710723,PRCP,0,,,a,
ASN00007124,19710724,PRCP,0,,,a,
ASN00007124,19710725,PRCP,358,,,a,
ASN00007124,19710726,PRCP,102,,,a,
ASN00007124,19710727,PRCP,0,,,a,
ASN00007124,19710728,PRCP,0,,,a,
ASN00007124,19710729,PRCP,15,,,a,
ASN00007124,19710730,PRCP,224,,,a,
ASN00007124,19710731,PRCP,135,,,a,
ASN00007124,19710801,PRCP,0,,,a,
ASN00007124,19710802,PRCP,0,,,a,
ASN00007124,19710803,PRCP,0,,,a,
ASN00007124,19710804,PRCP,0,,,a,
ASN00007124,19710805,PRCP,0,,,a,
ASN00007124,19710806,PRCP,0,,,a,
ASN00007124,19710807,PRCP,0,,,a,
ASN00007124,19710808,PRCP,0,,,a,
ASN00007124,19710809,PRCP,0,,,a,
ASN00007124,19710810,PRCP,0,,,a,
ASN00007124,19710811,PRCP,0,,,a,
ASN00007124,19710812,PRCP,0,,,a,
ASN00007124,19710813,PRCP,0,,,a,
ASN00007124,19710814,PRCP,0,,,a,
ASN00007124,19710815,PRCP,41,,,a,
ASN00007124,19710816,PRCP,99,,,a,
ASN00007124,19710817,PRCP,0,,,a,
ASN00007124,19710818,PRCP,0,,,a,
ASN00007124,19710819,PRCP,0,,,a,
ASN00007124,19710820,PRCP,0,,,a,
ASN00007124,19710821,PRCP,0,,,a,
ASN00007124,19710822,PRCP,15,,,a,
ASN00007124,19710823,PRCP,0,,,a,
ASN00007124,19710824,PRCP,0,,,a,
ASN00007124,19710825,PRCP,0,,,a,
ASN00007124,19710826,PRCP,0,,,a,
ASN00007124,19710827,PRCP,0,,,a,
ASN00007124,19710828,PRCP,0,,,a,
ASN00007124,19710829,PRCP,0,,,a,
ASN00007124,19710830,PRCP,0,,,a,
ASN00007124,19710831,PRCP,0,,,a,
ASN00007124,19710901,PRCP,0,,,a,
ASN00007124,19710902,PRCP,0,,,a,
ASN00007124,19710903,PRCP,0,,,a,
ASN00007124,19710904,PRCP,0,,,a,
ASN00007124,19710905,PRCP,0,,,a,
ASN00007124,19710906,PRCP,0,,,a,
ASN00007124,19710907,PRCP,0,,,a,
ASN00007124,19710908,PRCP,0,,,a,
ASN00007124,19710909,PRCP,0,,,a,
ASN00007124,19710910,PRCP,0,,,a,
ASN00007124,19710911,PRCP,0,,,a,
ASN00007124,19710912,PRCP,0,,,a,
ASN00007124,19710913,PRCP,0,,,a,
ASN00007124,19710914,PRCP,0,,,a,
ASN00007124,19710915,PRCP,0,,,a,
ASN00007124,19710916,PRCP,0,,,a,
ASN00007124,19710917,PRCP,0,,,a,
ASN00007124,19710918,PRCP,0,,,a,
ASN00007124,19710919,PRCP,0,,,a,
ASN00007124,19710920,PRCP,0,,,a,
ASN00007124,19710921,PRCP,0,,,a,
ASN00007124,19710922,PRCP,0,,,a,
ASN00007124,19710923,PRCP,0,,,a,
ASN00007124,19710924,PRCP,0,,,a,
ASN00007124,19710925,PRCP,0,,,a,
ASN00007124,19710926,PRCP,0,,,a,
ASN00007124,19710927,PRCP,0,,,a,
ASN00007124,19710928,PRCP,0,,,a,
ASN00007124,19710929,PRCP,0,,,a,
ASN00007124,19710930,PRCP,0,,,a,
ASN00007124,19711001,PRCP,0,,,a,
ASN00007124,19711002,PRCP,0,,,a,
ASN00007124,19711003,PRCP,0,,,a,
ASN00007124,19711004,PRCP,0,,,a,
ASN00007124,19711005,PRCP,0,,,a,
ASN00007124,19711006,PRCP,0,,,a,
ASN00007124,19711007,PRCP,0,,,a,
ASN00007124,19711008,PRCP,0,,,a,
ASN00007124,19711009,PRCP,0,,,a,
ASN00007124,19711010,PRCP,0,,,a,
ASN00007124,19711011,PRCP,0,,,a,
ASN00007124,19711012,PRCP,0,,,a,
ASN00007124,19711013,PRCP,0,,,a,
ASN00007124,19711014,PRCP,0,,,a,
ASN00007124,19711015,PRCP,0,,,a,
ASN00007124,19711016,PRCP,0,,,a,
ASN00007124,19711017,PRCP,0,,,a,
ASN00007124,19711018,PRCP,0,,,a,
ASN00007124,19711019,PRCP,0,,,a,
ASN00007124,19711020,PRCP,0,,,a,
ASN00007124,19711021,PRCP,0,,,a,
ASN00007124,19711022,PRCP,0,,,a,
ASN00007124,19711023,PRCP,0,,,a,
ASN00007124,19711024,PRCP,0,,,a,
ASN00007124,19711025,PRCP,0,,,a,
ASN00007124,19711026,PRCP,0,,,a,
ASN00007124,19711027,PRCP,0,,,a,
ASN00007124,19711028,PRCP,0,,,a,
ASN00007124,19711029,PRCP,0,,,a,
ASN00007124,19711030,PRCP,0,,,a,
ASN00007124,19711031,PRCP,0,,,a,
ASN00007124,19711101,PRCP,0,,,a,
ASN00007124,19711102,PRCP,0,,,a,
ASN00007124,19711103,PRCP,0,,,a,
ASN00007124,19711104,PRCP,0,,,a,
ASN00007124,19711105,PRCP,0,,,a,
ASN00007124,19711106,PRCP,0,,,a,
ASN00007124,19711107,PRCP,0,,,a,
ASN00007124,19711108,PRCP,0,,,a,
ASN00007124,19711109,PRCP,0,,,a,
ASN00007124,19711110,PRCP,0,,,a,
ASN00007124,19711111,PRCP,0,,,a,
ASN00007124,19711112,PRCP,0,,,a,
ASN00007124,19711113,PRCP,0,,,a,
ASN00007124,19711114,PRCP,0,,,a,
ASN00007124,19711115,PRCP,0,,,a,
ASN00007124,19711116,PRCP,0,,,a,
ASN00007124,19711117,PRCP,0,,,a,
ASN00007124,19711118,PRCP,0,,,a,
ASN00007124,19711119,PRCP,0,,,a,
ASN00007124,19711120,PRCP,0,,,a,
ASN00007124,19711121,PRCP,0,,,a,
ASN00007124,19711122,PRCP,0,,,a,
ASN00007124,19711123,PRCP,0,,,a,
ASN00007124,19711124,PRCP,0,,,a,
ASN00007124,19711125,PRCP,0,,,a,
ASN00007124,19711126,PRCP,0,,,a,
ASN00007124,19711127,PRCP,0,,,a,
ASN00007124,19711128,PRCP,0,,,a,
ASN00007124,19711129,PRCP,0,,,a,
ASN00007124,19711130,PRCP,0,,,a,
ASN00007124,19711201,PRCP,0,,,a,
ASN00007124,19711202,PRCP,0,,,a,
ASN00007124,19711203,PRCP,0,,,a,
ASN00007124,19711204,PRCP,0,,,a,
ASN00007124,19711205,PRCP,0,,,a,
ASN00007124,19711206,PRCP,0,,,a,
ASN00007124,19711207,PRCP,0,,,a,
ASN00007124,19711208,PRCP,0,,,a,
ASN00007124,19711209,PRCP,0,,,a,
ASN00007124,19711210,PRCP,0,,,a,
ASN00007124,19711211,PRCP,0,,,a,
ASN00007124,19711212,PRCP,0,,,a,
ASN00007124,19711213,PRCP,0,,,a,
ASN00007124,19711214,PRCP,0,,,a,
ASN00007124,19711215,PRCP,0,,,a,
ASN00007124,19711216,PRCP,0,,,a,
ASN00007124,19711217,PRCP,0,,,a,
ASN00007124,19711218,PRCP,0,,,a,
ASN00007124,19711219,PRCP,0,,,a,
ASN00007124,19711220,PRCP,0,,,a,
ASN00007124,19711221,PRCP,0,,,a,
ASN00007124,19711222,PRCP,0,,,a,
ASN00007124,19711223,PRCP,0,,,a,
ASN00007124,19711224,PRCP,0,,,a,
ASN00007124,19711225,PRCP,0,,,a,
ASN00007124,19711226,PRCP,0,,,a,
ASN00007124,19711227,PRCP,0,,,a,
ASN00007124,19711228,PRCP,0,,,a,
ASN00007124,19711229,PRCP,0,,,a,
ASN00007124,19711230,PRCP,0,,,a,
ASN00007124,19711231,PRCP,0,,,a,
ASN00007124,19720101,PRCP,0,,,a,
ASN00007124,19720102,PRCP,0,,,a,
ASN00007124,19720103,PRCP,0,,,a,
ASN00007124,19720104,PRCP,36,,,a,
ASN00007124,19720105,PRCP,0,,,a,
ASN00007124,19720106,PRCP,0,,,a,
ASN00007124,19720107,PRCP,0,,,a,
ASN00007124,19720108,PRCP,0,,,a,
ASN00007124,19720109,PRCP,0,,,a,
ASN00007124,19720110,PRCP,0,,,a,
ASN00007124,19720111,PRCP,0,,,a,
ASN00007124,19720112,PRCP,0,,,a,
ASN00007124,19720113,PRCP,0,,,a,
ASN00007124,19720114,PRCP,0,,,a,
ASN00007124,19720115,PRCP,0,,,a,
ASN00007124,19720116,PRCP,0,,,a,
ASN00007124,19720117,PRCP,0,,,a,
ASN00007124,19720118,PRCP,0,,,a,
ASN00007124,19720119,PRCP,0,,,a,
ASN00007124,19720120,PRCP,0,,,a,
ASN00007124,19720121,PRCP,0,,,a,
ASN00007124,19720122,PRCP,0,,,a,
ASN00007124,19720123,PRCP,0,,,a,
ASN00007124,19720124,PRCP,0,,,a,
ASN00007124,19720125,PRCP,0,,,a,
ASN00007124,19720126,PRCP,0,,,a,
ASN00007124,19720127,PRCP,0,,,a,
ASN00007124,19720128,PRCP,0,,,a,
ASN00007124,19720129,PRCP,0,,,a,
ASN00007124,19720130,PRCP,0,,,a,
ASN00007124,19720131,PRCP,0,,,a,
ASN00007124,19720201,PRCP,0,,,a,
ASN00007124,19720202,PRCP,0,,,a,
ASN00007124,19720203,PRCP,0,,,a,
ASN00007124,19720204,PRCP,0,,,a,
ASN00007124,19720205,PRCP,0,,,a,
ASN00007124,19720206,PRCP,0,,,a,
ASN00007124,19720207,PRCP,0,,,a,
ASN00007124,19720208,PRCP,0,,,a,
ASN00007124,19720209,PRCP,0,,,a,
ASN00007124,19720210,PRCP,0,,,a,
ASN00007124,19720211,PRCP,0,,,a,
ASN00007124,19720212,PRCP,0,,,a,
ASN00007124,19720213,PRCP,0,,,a,
ASN00007124,19720214,PRCP,117,,,a,
ASN00007124,19720215,PRCP,0,,,a,
ASN00007124,19720216,PRCP,0,,,a,
ASN00007124,19720217,PRCP,0,,,a,
ASN00007124,19720218,PRCP,0,,,a,
ASN00007124,19720219,PRCP,0,,,a,
ASN00007124,19720220,PRCP,0,,,a,
ASN00007124,19720221,PRCP,0,,,a,
ASN00007124,19720222,PRCP,0,,,a,
ASN00007124,19720223,PRCP,0,,,a,
ASN00007124,19720224,PRCP,0,,,a,
ASN00007124,19720225,PRCP,0,,,a,
ASN00007124,19720226,PRCP,0,,,a,
ASN00007124,19720227,PRCP,0,,,a,
ASN00007124,19720228,PRCP,0,,,a,
ASN00007124,19720229,PRCP,0,,,a,
ASN00007124,19720301,PRCP,0,,,a,
ASN00007124,19720302,PRCP,0,,,a,
ASN00007124,19720303,PRCP,0,,,a,
ASN00007124,19720304,PRCP,0,,,a,
ASN00007124,19720305,PRCP,0,,,a,
ASN00007124,19720306,PRCP,0,,,a,
ASN00007124,19720307,PRCP,0,,,a,
ASN00007124,19720308,PRCP,0,,,a,
ASN00007124,19720309,PRCP,0,,,a,
ASN00007124,19720310,PRCP,0,,,a,
ASN00007124,19720311,PRCP,0,,,a,
ASN00007124,19720312,PRCP,0,,,a,
ASN00007124,19720313,PRCP,0,,,a,
ASN00007124,19720314,PRCP,0,,,a,
ASN00007124,19720315,PRCP,0,,,a,
ASN00007124,19720316,PRCP,0,,,a,
ASN00007124,19720317,PRCP,0,,,a,
ASN00007124,19720318,PRCP,0,,,a,
ASN00007124,19720319,PRCP,0,,,a,
ASN00007124,19720320,PRCP,0,,,a,
ASN00007124,19720321,PRCP,0,,,a,
ASN00007124,19720322,PRCP,0,,,a,
ASN00007124,19720323,PRCP,0,,,a,
ASN00007124,19720324,PRCP,0,,,a,
ASN00007124,19720325,PRCP,0,,,a,
ASN00007124,19720326,PRCP,0,,,a,
ASN00007124,19720327,PRCP,0,,,a,
ASN00007124,19720328,PRCP,0,,,a,
ASN00007124,19720329,PRCP,0,,,a,
ASN00007124,19720330,PRCP,0,,,a,
ASN00007124,19720331,PRCP,0,,,a,
ASN00007124,19720401,PRCP,0,,,a,
ASN00007124,19720402,PRCP,0,,,a,
ASN00007124,19720403,PRCP,0,,,a,
ASN00007124,19720404,PRCP,0,,,a,
ASN00007124,19720405,PRCP,0,,,a,
ASN00007124,19720406,PRCP,0,,,a,
ASN00007124,19720407,PRCP,0,,,a,
ASN00007124,19720408,PRCP,0,,,a,
ASN00007124,19720409,PRCP,0,,,a,
ASN00007124,19720410,PRCP,0,,,a,
ASN00007124,19720411,PRCP,0,,,a,
ASN00007124,19720412,PRCP,0,,,a,
ASN00007124,19720413,PRCP,0,,,a,
ASN00007124,19720414,PRCP,0,,,a,
ASN00007124,19720415,PRCP,0,,,a,
ASN00007124,19720416,PRCP,0,,,a,
ASN00007124,19720417,PRCP,0,,,a,
ASN00007124,19720418,PRCP,0,,,a,
ASN00007124,19720419,PRCP,0,,,a,
ASN00007124,19720420,PRCP,0,,,a,
ASN00007124,19720421,PRCP,0,,,a,
ASN00007124,19720422,PRCP,0,,,a,
ASN00007124,19720423,PRCP,0,,,a,
ASN00007124,19720424,PRCP,0,,,a,
ASN00007124,19720425,PRCP,0,,,a,
ASN00007124,19720426,PRCP,0,,,a,
ASN00007124,19720427,PRCP,0,,,a,
ASN00007124,19720428,PRCP,0,,,a,
ASN00007124,19720429,PRCP,0,,,a,
ASN00007124,19720430,PRCP,0,,,a,
ASN00007124,19720501,PRCP,0,,,a,
ASN00007124,19720502,PRCP,0,,,a,
ASN00007124,19720503,PRCP,0,,,a,
ASN00007124,19720504,PRCP,0,,,a,
ASN00007124,19720505,PRCP,0,,,a,
ASN00007124,19720506,PRCP,0,,,a,
ASN00007124,19720507,PRCP,0,,,a,
ASN00007124,19720508,PRCP,0,,,a,
ASN00007124,19720509,PRCP,0,,,a,
ASN00007124,19720510,PRCP,0,,,a,
ASN00007124,19720511,PRCP,0,,,a,
ASN00007124,19720512,PRCP,0,,,a,
ASN00007124,19720513,PRCP,0,,,a,
ASN00007124,19720514,PRCP,0,,,a,
ASN00007124,19720515,PRCP,0,,,a,
ASN00007124,19720516,PRCP,0,,,a,
ASN00007124,19720517,PRCP,0,,,a,
ASN00007124,19720518,PRCP,0,,,a,
ASN00007124,19720519,PRCP,0,,,a,
ASN00007124,19720520,PRCP,0,,,a,
ASN00007124,19720521,PRCP,0,,,a,
ASN00007124,19720522,PRCP,0,,,a,
ASN00007124,19720523,PRCP,0,,,a,
ASN00007124,19720524,PRCP,0,,,a,
ASN00007124,19720525,PRCP,0,,,a,
ASN00007124,19720526,PRCP,0,,,a,
ASN00007124,19720527,PRCP,0,,,a,
ASN00007124,19720528,PRCP,0,,,a,
ASN00007124,19720529,PRCP,0,,,a,
ASN00007124,19720530,PRCP,279,,,a,
ASN00007124,19720531,PRCP,0,,,a,
ASN00007124,19720601,PRCP,0,,,a,
ASN00007124,19720602,PRCP,0,,,a,
ASN00007124,19720603,PRCP,0,,,a,
ASN00007124,19720604,PRCP,0,,,a,
ASN00007124,19720605,PRCP,0,,,a,
ASN00007124,19720606,PRCP,0,,,a,
ASN00007124,19720607,PRCP,0,,,a,
ASN00007124,19720608,PRCP,0,,,a,
ASN00007124,19720609,PRCP,0,,,a,
ASN00007124,19720610,PRCP,0,,,a,
ASN00007124,19720611,PRCP,0,,,a,
ASN00007124,19720612,PRCP,0,,,a,
ASN00007124,19720613,PRCP,0,,,a,
ASN00007124,19720614,PRCP,18,,,a,
ASN00007124,19720615,PRCP,43,,,a,
ASN00007124,19720616,PRCP,0,,,a,
ASN00007124,19720617,PRCP,0,,,a,
ASN00007124,19720618,PRCP,0,,,a,
ASN00007124,19720619,PRCP,0,,,a,
ASN00007124,19720620,PRCP,0,,,a,
ASN00007124,19720621,PRCP,180,,,a,
ASN00007124,19720622,PRCP,58,,,a,
ASN00007124,19720623,PRCP,0,,,a,
ASN00007124,19720624,PRCP,0,,,a,
ASN00007124,19720625,PRCP,0,,,a,
ASN00007124,19720626,PRCP,0,,,a,
ASN00007124,19720627,PRCP,0,,,a,
ASN00007124,19720628,PRCP,0,,,a,
ASN00007124,19720629,PRCP,0,,,a,
ASN00007124,19720630,PRCP,0,,,a,
ASN00007124,19720701,PRCP,254,,,a,
ASN00007124,19720702,PRCP,94,,,a,
ASN00007124,19720703,PRCP,0,,,a,
ASN00007124,19720704,PRCP,0,,,a,
ASN00007124,19720705,PRCP,0,,,a,
ASN00007124,19720706,PRCP,0,,,a,
ASN00007124,19720707,PRCP,18,,,a,
ASN00007124,19720708,PRCP,0,,,a,
ASN00007124,19720709,PRCP,0,,,a,
ASN00007124,19720710,PRCP,0,,,a,
ASN00007124,19720711,PRCP,0,,,a,
ASN00007124,19720712,PRCP,0,,,a,
ASN00007124,19720713,PRCP,0,,,a,
ASN00007124,19720714,PRCP,0,,,a,
ASN00007124,19720715,PRCP,0,,,a,
ASN00007124,19720716,PRCP,0,,,a,
ASN00007124,19720717,PRCP,0,,,a,
ASN00007124,19720718,PRCP,0,,,a,
ASN00007124,19720719,PRCP,0,,,a,
ASN00007124,19720720,PRCP,0,,,a,
ASN00007124,19720721,PRCP,0,,,a,
ASN00007124,19720722,PRCP,130,,,a,
ASN00007124,19720723,PRCP,0,,,a,
ASN00007124,19720724,PRCP,0,,,a,
ASN00007124,19720725,PRCP,61,,,a,
ASN00007124,19720726,PRCP,79,,,a,
ASN00007124,19720727,PRCP,0,,,a,
ASN00007124,19720728,PRCP,0,,,a,
ASN00007124,19720729,PRCP,0,,,a,
ASN00007124,19720730,PRCP,0,,,a,
ASN00007124,19720731,PRCP,0,,,a,
ASN00007124,19720801,PRCP,0,,,a,
ASN00007124,19720802,PRCP,0,,,a,
ASN00007124,19720803,PRCP,0,,,a,
ASN00007124,19720804,PRCP,0,,,a,
ASN00007124,19720805,PRCP,0,,,a,
ASN00007124,19720806,PRCP,0,,,a,
ASN00007124,19720807,PRCP,0,,,a,
ASN00007124,19720808,PRCP,0,,,a,
ASN00007124,19720809,PRCP,0,,,a,
ASN00007124,19720810,PRCP,0,,,a,
ASN00007124,19720811,PRCP,0,,,a,
ASN00007124,19720815,PRCP,13,,,a,
ASN00007124,19720816,PRCP,0,,,a,
ASN00007124,19720817,PRCP,0,,,a,
ASN00007124,19720818,PRCP,0,,,a,
ASN00007124,19720819,PRCP,0,,,a,
ASN00007124,19720820,PRCP,0,,,a,
ASN00007124,19720821,PRCP,0,,,a,
ASN00007124,19720822,PRCP,0,,,a,
ASN00007124,19720823,PRCP,0,,,a,
ASN00007124,19720824,PRCP,0,,,a,
ASN00007124,19720825,PRCP,0,,,a,
ASN00007124,19720826,PRCP,0,,,a,
ASN00007124,19720827,PRCP,0,,,a,
ASN00007124,19720828,PRCP,0,,,a,
ASN00007124,19720829,PRCP,0,,,a,
ASN00007124,19720830,PRCP,0,,,a,
ASN00007124,19720831,PRCP,0,,,a,
ASN00007124,19720814,DAPR,3,,,a,
ASN00007124,19720814,DWPR,1,,,a,
ASN00007124,19720814,MDPR,25,,,a,
ASN00007124,19720901,PRCP,0,,,a,
ASN00007124,19720902,PRCP,13,,,a,
ASN00007124,19720903,PRCP,0,,,a,
ASN00007124,19720904,PRCP,0,,,a,
ASN00007124,19720905,PRCP,0,,,a,
ASN00007124,19720906,PRCP,0,,,a,
ASN00007124,19720907,PRCP,0,,,a,
ASN00007124,19720908,PRCP,0,,,a,
ASN00007124,19720909,PRCP,0,,,a,
ASN00007124,19720910,PRCP,0,,,a,
ASN00007124,19720911,PRCP,0,,,a,
ASN00007124,19720912,PRCP,0,,,a,
ASN00007124,19720913,PRCP,0,,,a,
ASN00007124,19720914,PRCP,0,,,a,
ASN00007124,19720915,PRCP,0,,,a,
ASN00007124,19720916,PRCP,0,,,a,
ASN00007124,19720917,PRCP,0,,,a,
ASN00007124,19720918,PRCP,0,,,a,
ASN00007124,19720919,PRCP,0,,,a,
ASN00007124,19720920,PRCP,0,,,a,
ASN00007124,19720921,PRCP,0,,,a,
ASN00007124,19720922,PRCP,0,,,a,
ASN00007124,19720923,PRCP,0,,,a,
ASN00007124,19720924,PRCP,0,,,a,
ASN00007124,19720925,PRCP,0,,,a,
ASN00007124,19720926,PRCP,0,,,a,
ASN00007124,19720927,PRCP,0,,,a,
ASN00007124,19720928,PRCP,0,,,a,
ASN00007124,19720929,PRCP,0,,,a,
ASN00007124,19720930,PRCP,0,,,a,
ASN00007124,19721001,PRCP,0,,,a,
ASN00007124,19721002,PRCP,0,,,a,
ASN00007124,19721003,PRCP,0,,,a,
ASN00007124,19721004,PRCP,0,,,a,
ASN00007124,19721005,PRCP,0,,,a,
ASN00007124,19721006,PRCP,0,,,a,
ASN00007124,19721007,PRCP,0,,,a,
ASN00007124,19721008,PRCP,0,,,a,
ASN00007124,19721009,PRCP,0,,,a,
ASN00007124,19721010,PRCP,0,,,a,
ASN00007124,19721011,PRCP,0,,,a,
ASN00007124,19721012,PRCP,0,,,a,
ASN00007124,19721013,PRCP,0,,,a,
ASN00007124,19721014,PRCP,0,,,a,
ASN00007124,19721015,PRCP,0,,,a,
ASN00007124,19721016,PRCP,0,,,a,
ASN00007124,19721017,PRCP,0,,,a,
ASN00007124,19721018,PRCP,0,,,a,
ASN00007124,19721019,PRCP,0,,,a,
ASN00007124,19721020,PRCP,0,,,a,
ASN00007124,19721021,PRCP,0,,,a,
ASN00007124,19721022,PRCP,0,,,a,
ASN00007124,19721023,PRCP,0,,,a,
ASN00007124,19721024,PRCP,0,,,a,
ASN00007124,19721025,PRCP,0,,,a,
ASN00007124,19721026,PRCP,0,,,a,
ASN00007124,19721027,PRCP,0,,,a,
ASN00007124,19721028,PRCP,0,,,a,
ASN00007124,19721029,PRCP,0,,,a,
ASN00007124,19721030,PRCP,0,,,a,
ASN00007124,19721031,PRCP,0,,,a,
ASN00007124,19721101,PRCP,0,,,a,
ASN00007124,19721102,PRCP,0,,,a,
ASN00007124,19721103,PRCP,0,,,a,
ASN00007124,19721104,PRCP,0,,,a,
ASN00007124,19721105,PRCP,0,,,a,
ASN00007124,19721106,PRCP,0,,,a,
ASN00007124,19721107,PRCP,0,,,a,
ASN00007124,19721108,PRCP,0,,,a,
ASN00007124,19721109,PRCP,0,,,a,
ASN00007124,19721110,PRCP,0,,,a,
ASN00007124,19721111,PRCP,0,,,a,
ASN00007124,19721112,PRCP,0,,,a,
ASN00007124,19721113,PRCP,0,,,a,
ASN00007124,19721114,PRCP,0,,,a,
ASN00007124,19721115,PRCP,0,,,a,
ASN00007124,19721116,PRCP,0,,,a,
ASN00007124,19721117,PRCP,0,,,a,
ASN00007124,19721118,PRCP,0,,,a,
ASN00007124,19721119,PRCP,0,,,a,
ASN00007124,19721120,PRCP,0,,,a,
ASN00007124,19721121,PRCP,0,,,a,
ASN00007124,19721122,PRCP,0,,,a,
ASN00007124,19721123,PRCP,0,,,a,
ASN00007124,19721124,PRCP,0,,,a,
ASN00007124,19721125,PRCP,0,,,a,
ASN00007124,19721126,PRCP,0,,,a,
ASN00007124,19721127,PRCP,0,,,a,
ASN00007124,19721128,PRCP,0,,,a,
ASN00007124,19721129,PRCP,0,,,a,
ASN00007124,19721130,PRCP,0,,,a,
ASN00007124,19721201,PRCP,0,,,a,
ASN00007124,19721202,PRCP,0,,,a,
ASN00007124,19721203,PRCP,0,,,a,
ASN00007124,19721204,PRCP,0,,,a,
ASN00007124,19721205,PRCP,0,,,a,
ASN00007124,19721206,PRCP,71,,,a,
ASN00007124,19721207,PRCP,0,,,a,
ASN00007124,19721208,PRCP,0,,,a,
ASN00007124,19721209,PRCP,0,,,a,
ASN00007124,19721210,PRCP,0,,,a,
ASN00007124,19721211,PRCP,0,,,a,
ASN00007124,19721212,PRCP,46,,,a,
ASN00007124,19721213,PRCP,0,,,a,
ASN00007124,19721214,PRCP,0,,,a,
ASN00007124,19721215,PRCP,0,,,a,
ASN00007124,19721216,PRCP,0,,,a,
ASN00007124,19721217,PRCP,0,,,a,
ASN00007124,19721218,PRCP,0,,,a,
ASN00007124,19721219,PRCP,0,,,a,
ASN00007124,19721220,PRCP,0,,,a,
ASN00007124,19721221,PRCP,0,,,a,
ASN00007124,19721222,PRCP,0,,,a,
ASN00007124,19721223,PRCP,0,,,a,
ASN00007124,19721224,PRCP,0,,,a,
ASN00007124,19721225,PRCP,0,,,a,
ASN00007124,19721226,PRCP,0,,,a,
ASN00007124,19721227,PRCP,0,,,a,
ASN00007124,19721228,PRCP,0,,,a,
ASN00007124,19721229,PRCP,0,,,a,
ASN00007124,19721230,PRCP,0,,,a,
ASN00007124,19721231,PRCP,0,,,a,
ASN00007124,19730101,PRCP,53,,,a,
ASN00007124,19730102,PRCP,0,,,a,
ASN00007124,19730103,PRCP,0,,,a,
ASN00007124,19730104,PRCP,0,,,a,
ASN00007124,19730105,PRCP,30,,,a,
ASN00007124,19730106,PRCP,0,,,a,
ASN00007124,19730107,PRCP,0,,,a,
ASN00007124,19730108,PRCP,0,,,a,
ASN00007124,19730109,PRCP,0,,,a,
ASN00007124,19730110,PRCP,0,,,a,
ASN00007124,19730111,PRCP,0,,,a,
ASN00007124,19730112,PRCP,0,,,a,
ASN00007124,19730113,PRCP,0,,,a,
ASN00007124,19730114,PRCP,0,,,a,
ASN00007124,19730115,PRCP,0,,,a,
ASN00007124,19730116,PRCP,0,,,a,
ASN00007124,19730117,PRCP,0,,,a,
ASN00007124,19730118,PRCP,0,,,a,
ASN00007124,19730119,PRCP,0,,,a,
ASN00007124,19730120,PRCP,0,,,a,
ASN00007124,19730121,PRCP,0,,,a,
ASN00007124,19730122,PRCP,0,,,a,
ASN00007124,19730123,PRCP,0,,,a,
ASN00007124,19730124,PRCP,0,,,a,
ASN00007124,19730125,PRCP,0,,,a,
ASN00007124,19730126,PRCP,0,,,a,
ASN00007124,19730127,PRCP,0,,,a,
ASN00007124,19730128,PRCP,0,,,a,
ASN00007124,19730129,PRCP,0,,,a,
ASN00007124,19730130,PRCP,0,,,a,
ASN00007124,19730131,PRCP,0,,,a,
ASN00007124,19730201,PRCP,0,,,a,
ASN00007124,19730202,PRCP,0,,,a,
ASN00007124,19730203,PRCP,0,,,a,
ASN00007124,19730204,PRCP,0,,,a,
ASN00007124,19730205,PRCP,0,,,a,
ASN00007124,19730206,PRCP,0,,,a,
ASN00007124,19730207,PRCP,0,,,a,
ASN00007124,19730208,PRCP,0,,,a,
ASN00007124,19730209,PRCP,0,,,a,
ASN00007124,19730210,PRCP,0,,,a,
ASN00007124,19730211,PRCP,0,,,a,
ASN00007124,19730212,PRCP,0,,,a,
ASN00007124,19730213,PRCP,0,,,a,
ASN00007124,19730214,PRCP,0,,,a,
ASN00007124,19730215,PRCP,0,,,a,
ASN00007124,19730216,PRCP,0,,,a,
ASN00007124,19730217,PRCP,0,,,a,
ASN00007124,19730218,PRCP,0,,,a,
ASN00007124,19730219,PRCP,0,,,a,
ASN00007124,19730220,PRCP,0,,,a,
ASN00007124,19730221,PRCP,0,,,a,
ASN00007124,19730222,PRCP,0,,,a,
ASN00007124,19730223,PRCP,0,,,a,
ASN00007124,19730224,PRCP,0,,,a,
ASN00007124,19730225,PRCP,0,,,a,
ASN00007124,19730226,PRCP,0,,,a,
ASN00007124,19730227,PRCP,0,,,a,
ASN00007124,19730228,PRCP,0,,,a,
ASN00007124,19730301,PRCP,0,,,a,
ASN00007124,19730302,PRCP,0,,,a,
ASN00007124,19730303,PRCP,0,,,a,
ASN00007124,19730304,PRCP,0,,,a,
ASN00007124,19730305,PRCP,0,,,a,
ASN00007124,19730306,PRCP,0,,,a,
ASN00007124,19730307,PRCP,0,,,a,
ASN00007124,19730308,PRCP,0,,,a,
ASN00007124,19730309,PRCP,0,,,a,
ASN00007124,19730310,PRCP,0,,,a,
ASN00007124,19730311,PRCP,0,,,a,
ASN00007124,19730312,PRCP,0,,,a,
ASN00007124,19730313,PRCP,0,,,a,
ASN00007124,19730314,PRCP,0,,,a,
ASN00007124,19730315,PRCP,0,,,a,
ASN00007124,19730316,PRCP,0,,,a,
ASN00007124,19730317,PRCP,191,,,a,
ASN00007124,19730318,PRCP,112,,,a,
ASN00007124,19730319,PRCP,0,,,a,
ASN00007124,19730320,PRCP,0,,,a,
ASN00007124,19730321,PRCP,0,,,a,
ASN00007124,19730322,PRCP,0,,,a,
ASN00007124,19730323,PRCP,0,,,a,
ASN00007124,19730324,PRCP,0,,,a,
ASN00007124,19730325,PRCP,0,,,a,
ASN00007124,19730326,PRCP,0,,,a,
ASN00007124,19730327,PRCP,0,,,a,
ASN00007124,19730328,PRCP,0,,,a,
ASN00007124,19730329,PRCP,0,,,a,
ASN00007124,19730330,PRCP,0,,,a,
ASN00007124,19730331,PRCP,221,,,a,
ASN00007124,19730401,PRCP,0,,,a,
ASN00007124,19730402,PRCP,0,,,a,
ASN00007124,19730403,PRCP,0,,,a,
ASN00007124,19730404,PRCP,0,,,a,
ASN00007124,19730405,PRCP,0,,,a,
ASN00007124,19730406,PRCP,0,,,a,
ASN00007124,19730407,PRCP,0,,,a,
ASN00007124,19730408,PRCP,0,,,a,
ASN00007124,19730409,PRCP,0,,,a,
ASN00007124,19730410,PRCP,0,,,a,
ASN00007124,19730411,PRCP,0,,,a,
ASN00007124,19730412,PRCP,0,,,a,
ASN00007124,19730413,PRCP,0,,,a,
ASN00007124,19730414,PRCP,0,,,a,
ASN00007124,19730415,PRCP,0,,,a,
ASN00007124,19730416,PRCP,0,,,a,
ASN00007124,19730417,PRCP,0,,,a,
ASN00007124,19730418,PRCP,0,,,a,
ASN00007124,19730419,PRCP,0,,,a,
ASN00007124,19730420,PRCP,13,,,a,
ASN00007124,19730421,PRCP,0,,,a,
ASN00007124,19730422,PRCP,0,,,a,
ASN00007124,19730423,PRCP,71,,,a,
ASN00007124,19730424,PRCP,0,,,a,
ASN00007124,19730425,PRCP,0,,,a,
ASN00007124,19730426,PRCP,0,,,a,
ASN00007124,19730427,PRCP,0,,,a,
ASN00007124,19730428,PRCP,0,,,a,
ASN00007124,19730429,PRCP,0,,,a,
ASN00007124,19730430,PRCP,0,,,a,
ASN00007124,19730501,PRCP,0,,,a,
ASN00007124,19730502,PRCP,0,,,a,
ASN00007124,19730503,PRCP,0,,,a,
ASN00007124,19730504,PRCP,0,,,a,
ASN00007124,19730505,PRCP,0,,,a,
ASN00007124,19730506,PRCP,0,,,a,
ASN00007124,19730507,PRCP,0,,,a,
ASN00007124,19730508,PRCP,231,,,a,
ASN00007124,19730509,PRCP,0,,,a,
ASN00007124,19730510,PRCP,0,,,a,
ASN00007124,19730511,PRCP,0,,,a,
ASN00007124,19730512,PRCP,0,,,a,
ASN00007124,19730513,PRCP,66,,,a,
ASN00007124,19730514,PRCP,0,,,a,
ASN00007124,19730515,PRCP,0,,,a,
ASN00007124,19730516,PRCP,0,,,a,
ASN00007124,19730517,PRCP,0,,,a,
ASN00007124,19730518,PRCP,0,,,a,
ASN00007124,19730519,PRCP,0,,,a,
ASN00007124,19730520,PRCP,0,,,a,
ASN00007124,19730521,PRCP,0,,,a,
ASN00007124,19730522,PRCP,0,,,a,
ASN00007124,19730523,PRCP,0,,,a,
ASN00007124,19730524,PRCP,0,,,a,
ASN00007124,19730525,PRCP,0,,,a,
ASN00007124,19730526,PRCP,38,,,a,
ASN00007124,19730527,PRCP,0,,,a,
ASN00007124,19730528,PRCP,0,,,a,
ASN00007124,19730529,PRCP,0,,,a,
ASN00007124,19730530,PRCP,0,,,a,
ASN00007124,19730531,PRCP,0,,,a,
ASN00007124,19730601,PRCP,0,,,a,
ASN00007124,19730602,PRCP,0,,,a,
ASN00007124,19730603,PRCP,0,,,a,
ASN00007124,19730604,PRCP,0,,,a,
ASN00007124,19730605,PRCP,178,,,a,
ASN00007124,19730606,PRCP,30,,,a,
ASN00007124,19730607,PRCP,0,,,a,
ASN00007124,19730608,PRCP,0,,,a,
ASN00007124,19730609,PRCP,0,,,a,
ASN00007124,19730610,PRCP,30,,,a,
ASN00007124,19730611,PRCP,0,,,a,
ASN00007124,19730612,PRCP,175,,,a,
ASN00007124,19730613,PRCP,5,,,a,
ASN00007124,19730614,PRCP,0,,,a,
ASN00007124,19730615,PRCP,0,,,a,
ASN00007124,19730616,PRCP,0,,,a,
ASN00007124,19730617,PRCP,0,,,a,
ASN00007124,19730618,PRCP,0,,,a,
ASN00007124,19730619,PRCP,0,,,a,
ASN00007124,19730620,PRCP,0,,,a,
ASN00007124,19730621,PRCP,0,,,a,
ASN00007124,19730622,PRCP,0,,,a,
ASN00007124,19730623,PRCP,0,,,a,
ASN00007124,19730624,PRCP,0,,,a,
ASN00007124,19730625,PRCP,0,,,a,
ASN00007124,19730626,PRCP,0,,,a,
ASN00007124,19730627,PRCP,0,,,a,
ASN00007124,19730628,PRCP,0,,,a,
ASN00007124,19730629,PRCP,0,,,a,
ASN00007124,19730630,PRCP,0,,,a,
ASN00007124,19730701,PRCP,0,,,a,
ASN00007124,19730702,PRCP,0,,,a,
ASN00007124,19730703,PRCP,56,,,a,
ASN00007124,19730704,PRCP,0,,,a,
ASN00007124,19730705,PRCP,0,,,a,
ASN00007124,19730706,PRCP,46,,,a,
ASN00007124,19730707,PRCP,0,,,a,
ASN00007124,19730708,PRCP,0,,,a,
ASN00007124,19730709,PRCP,0,,,a,
ASN00007124,19730710,PRCP,0,,,a,
ASN00007124,19730711,PRCP,0,,,a,
ASN00007124,19730712,PRCP,0,,,a,
ASN00007124,19730713,PRCP,0,,,a,
ASN00007124,19730714,PRCP,0,,,a,
ASN00007124,19730715,PRCP,0,,,a,
ASN00007124,19730716,PRCP,0,,,a,
ASN00007124,19730717,PRCP,0,,,a,
ASN00007124,19730718,PRCP,84,,,a,
ASN00007124,19730719,PRCP,0,,,a,
ASN00007124,19730720,PRCP,0,,,a,
ASN00007124,19730721,PRCP,0,,,a,
ASN00007124,19730722,PRCP,0,,,a,
ASN00007124,19730723,PRCP,0,,,a,
ASN00007124,19730724,PRCP,38,,,a,
ASN00007124,19730725,PRCP,84,,,a,
ASN00007124,19730726,PRCP,0,,,a,
ASN00007124,19730727,PRCP,0,,,a,
ASN00007124,19730728,PRCP,0,,,a,
ASN00007124,19730729,PRCP,0,,,a,
ASN00007124,19730730,PRCP,0,,,a,
ASN00007124,19730731,PRCP,0,,,a,
ASN00007124,19730801,PRCP,0,,,a,
ASN00007124,19730802,PRCP,0,,,a,
ASN00007124,19730803,PRCP,0,,,a,
ASN00007124,19730804,PRCP,0,,,a,
ASN00007124,19730805,PRCP,244,,,a,
ASN00007124,19730806,PRCP,0,,,a,
ASN00007124,19730807,PRCP,0,,,a,
ASN00007124,19730808,PRCP,0,,,a,
ASN00007124,19730809,PRCP,0,,,a,
ASN00007124,19730810,PRCP,0,,,a,
ASN00007124,19730811,PRCP,0,,,a,
ASN00007124,19730812,PRCP,0,,,a,
ASN00007124,19730813,PRCP,0,,,a,
ASN00007124,19730814,PRCP,0,,,a,
ASN00007124,19730815,PRCP,0,,,a,
ASN00007124,19730816,PRCP,0,,,a,
ASN00007124,19730817,PRCP,0,,,a,
ASN00007124,19730818,PRCP,0,,,a,
ASN00007124,19730819,PRCP,0,,,a,
ASN00007124,19730820,PRCP,0,,,a,
ASN00007124,19730821,PRCP,0,,,a,
ASN00007124,19730822,PRCP,0,,,a,
ASN00007124,19730823,PRCP,0,,,a,
ASN00007124,19730824,PRCP,0,,,a,
ASN00007124,19730825,PRCP,0,,,a,
ASN00007124,19730826,PRCP,0,,,a,
ASN00007124,19730827,PRCP,0,,,a,
ASN00007124,19730828,PRCP,0,,,a,
ASN00007124,19730829,PRCP,0,,,a,
ASN00007124,19730830,PRCP,0,,,a,
ASN00007124,19730831,PRCP,0,,,a,
ASN00007124,19730901,PRCP,0,,,a,
ASN00007124,19730902,PRCP,0,,,a,
ASN00007124,19730903,PRCP,0,,,a,
ASN00007124,19730904,PRCP,0,,,a,
ASN00007124,19730905,PRCP,0,,,a,
ASN00007124,19730906,PRCP,0,,,a,
ASN00007124,19730907,PRCP,0,,,a,
ASN00007124,19730908,PRCP,0,,,a,
ASN00007124,19730909,PRCP,0,,,a,
ASN00007124,19730910,PRCP,0,,,a,
ASN00007124,19730911,PRCP,0,,,a,
ASN00007124,19730912,PRCP,0,,,a,
ASN00007124,19730913,PRCP,0,,,a,
ASN00007124,19730914,PRCP,0,,,a,
ASN00007124,19730915,PRCP,0,,,a,
ASN00007124,19730916,PRCP,0,,,a,
ASN00007124,19730917,PRCP,0,,,a,
ASN00007124,19730918,PRCP,0,,,a,
ASN00007124,19730919,PRCP,0,,,a,
ASN00007124,19730920,PRCP,0,,,a,
ASN00007124,19730921,PRCP,0,,,a,
ASN00007124,19730922,PRCP,0,,,a,
ASN00007124,19730923,PRCP,0,,,a,
ASN00007124,19730924,PRCP,0,,,a,
ASN00007124,19730925,PRCP,0,,,a,
ASN00007124,19730926,PRCP,0,,,a,
ASN00007124,19730927,PRCP,0,,,a,
ASN00007124,19730928,PRCP,0,,,a,
ASN00007124,19730929,PRCP,0,,,a,
ASN00007124,19730930,PRCP,0,,,a,
ASN00007124,19731001,PRCP,0,,,a,
ASN00007124,19731002,PRCP,0,,,a,
ASN00007124,19731003,PRCP,0,,,a,
ASN00007124,19731004,PRCP,0,,,a,
ASN00007124,19731005,PRCP,0,,,a,
ASN00007124,19731006,PRCP,0,,,a,
ASN00007124,19731007,PRCP,0,,,a,
ASN00007124,19731008,PRCP,0,,,a,
ASN00007124,19731009,PRCP,0,,,a,
ASN00007124,19731010,PRCP,0,,,a,
ASN00007124,19731011,PRCP,0,,,a,
ASN00007124,19731012,PRCP,0,,,a,
ASN00007124,19731013,PRCP,0,,,a,
ASN00007124,19731014,PRCP,46,,,a,
ASN00007124,19731015,PRCP,0,,,a,
ASN00007124,19731016,PRCP,0,,,a,
ASN00007124,19731017,PRCP,0,,,a,
ASN00007124,19731018,PRCP,0,,,a,
ASN00007124,19731019,PRCP,0,,,a,
ASN00007124,19731020,PRCP,0,,,a,
ASN00007124,19731021,PRCP,0,,,a,
ASN00007124,19731022,PRCP,0,,,a,
ASN00007124,19731023,PRCP,0,,,a,
ASN00007124,19731024,PRCP,0,,,a,
ASN00007124,19731025,PRCP,0,,,a,
ASN00007124,19731026,PRCP,0,,,a,
ASN00007124,19731027,PRCP,0,,,a,
ASN00007124,19731028,PRCP,0,,,a,
ASN00007124,19731029,PRCP,0,,,a,
ASN00007124,19731030,PRCP,0,,,a,
ASN00007124,19731031,PRCP,0,,,a,
ASN00007124,19731101,PRCP,0,,,a,
ASN00007124,19731102,PRCP,0,,,a,
ASN00007124,19731103,PRCP,0,,,a,
ASN00007124,19731104,PRCP,0,,,a,
ASN00007124,19731105,PRCP,0,,,a,
ASN00007124,19731106,PRCP,0,,,a,
ASN00007124,19731107,PRCP,0,,,a,
ASN00007124,19731108,PRCP,0,,,a,
ASN00007124,19731109,PRCP,0,,,a,
ASN00007124,19731110,PRCP,0,,,a,
ASN00007124,19731111,PRCP,0,,,a,
ASN00007124,19731112,PRCP,0,,,a,
ASN00007124,19731113,PRCP,0,,,a,
ASN00007124,19731114,PRCP,0,,,a,
ASN00007124,19731115,PRCP,0,,,a,
ASN00007124,19731116,PRCP,0,,,a,
ASN00007124,19731117,PRCP,0,,,a,
ASN00007124,19731118,PRCP,0,,,a,
ASN00007124,19731119,PRCP,0,,,a,
ASN00007124,19731120,PRCP,0,,,a,
ASN00007124,19731121,PRCP,0,,,a,
ASN00007124,19731122,PRCP,0,,,a,
ASN00007124,19731123,PRCP,0,,,a,
ASN00007124,19731124,PRCP,0,,,a,
ASN00007124,19731125,PRCP,0,,,a,
ASN00007124,19731126,PRCP,66,,,a,
ASN00007124,19731127,PRCP,0,,,a,
ASN00007124,19731128,PRCP,0,,,a,
ASN00007124,19731129,PRCP,13,,,a,
ASN00007124,19731130,PRCP,0,,,a,
ASN00007124,19731201,PRCP,0,,,a,
ASN00007124,19731202,PRCP,0,,,a,
ASN00007124,19731203,PRCP,0,,,a,
ASN00007124,19731204,PRCP,152,,,a,
ASN00007124,19731205,PRCP,10,,,a,
ASN00007124,19731206,PRCP,0,,,a,
ASN00007124,19731207,PRCP,0,,,a,
ASN00007124,19731208,PRCP,0,,,a,
ASN00007124,19731209,PRCP,0,,,a,
ASN00007124,19731210,PRCP,0,,,a,
ASN00007124,19731211,PRCP,0,,,a,
ASN00007124,19731212,PRCP,0,,,a,
ASN00007124,19731213,PRCP,0,,,a,
ASN00007124,19731214,PRCP,0,,,a,
ASN00007124,19731215,PRCP,0,,,a,
ASN00007124,19731216,PRCP,0,,,a,
ASN00007124,19731217,PRCP,0,,,a,
ASN00007124,19731218,PRCP,0,,,a,
ASN00007124,19731219,PRCP,0,,,a,
ASN00007124,19731220,PRCP,0,,,a,
ASN00007124,19731221,PRCP,0,,,a,
ASN00007124,19731222,PRCP,0,,,a,
ASN00007124,19731223,PRCP,0,,,a,
ASN00007124,19731224,PRCP,0,,,a,
ASN00007124,19731225,PRCP,0,,,a,
ASN00007124,19731226,PRCP,0,,,a,
ASN00007124,19731227,PRCP,0,,,a,
ASN00007124,19731228,PRCP,0,,,a,
ASN00007124,19731229,PRCP,0,,,a,
ASN00007124,19731230,PRCP,0,,,a,
ASN00007124,19731231,PRCP,0,,,a,
ASN00007124,19740101,PRCP,0,,,a,
ASN00007124,19740102,PRCP,60,,,a,
ASN00007124,19740103,PRCP,0,,,a,
ASN00007124,19740104,PRCP,0,,,a,
ASN00007124,19740105,PRCP,0,,,a,
ASN00007124,19740106,PRCP,0,,,a,
ASN00007124,19740107,PRCP,0,,,a,
ASN00007124,19740108,PRCP,0,,,a,
ASN00007124,19740109,PRCP,0,,,a,
ASN00007124,19740110,PRCP,0,,,a,
ASN00007124,19740111,PRCP,0,,,a,
ASN00007124,19740112,PRCP,0,,,a,
ASN00007124,19740113,PRCP,0,,,a,
ASN00007124,19740114,PRCP,0,,,a,
ASN00007124,19740115,PRCP,50,,,a,
ASN00007124,19740116,PRCP,0,,,a,
ASN00007124,19740117,PRCP,0,,,a,
ASN00007124,19740118,PRCP,0,,,a,
ASN00007124,19740119,PRCP,0,,,a,
ASN00007124,19740120,PRCP,0,,,a,
ASN00007124,19740121,PRCP,0,,,a,
ASN00007124,19740122,PRCP,0,,,a,
ASN00007124,19740123,PRCP,0,,,a,
ASN00007124,19740124,PRCP,0,,,a,
ASN00007124,19740125,PRCP,0,,,a,
ASN00007124,19740126,PRCP,0,,,a,
ASN00007124,19740127,PRCP,0,,,a,
ASN00007124,19740128,PRCP,0,,,a,
ASN00007124,19740129,PRCP,0,,,a,
ASN00007124,19740130,PRCP,0,,,a,
ASN00007124,19740131,PRCP,0,,,a,
ASN00007124,19740201,PRCP,0,,,a,
ASN00007124,19740202,PRCP,40,,,a,
ASN00007124,19740203,PRCP,50,,,a,
ASN00007124,19740204,PRCP,0,,,a,
ASN00007124,19740205,PRCP,0,,,a,
ASN00007124,19740206,PRCP,0,,,a,
ASN00007124,19740207,PRCP,0,,,a,
ASN00007124,19740208,PRCP,0,,,a,
ASN00007124,19740209,PRCP,0,,,a,
ASN00007124,19740210,PRCP,0,,,a,
ASN00007124,19740211,PRCP,0,,,a,
ASN00007124,19740212,PRCP,0,,,a,
ASN00007124,19740213,PRCP,80,,,a,
ASN00007124,19740214,PRCP,130,,,a,
ASN00007124,19740215,PRCP,40,,,a,
ASN00007124,19740216,PRCP,0,,,a,
ASN00007124,19740217,PRCP,0,,,a,
ASN00007124,19740218,PRCP,0,,,a,
ASN00007124,19740219,PRCP,0,,,a,
ASN00007124,19740220,PRCP,0,,,a,
ASN00007124,19740221,PRCP,0,,,a,
ASN00007124,19740222,PRCP,0,,,a,
ASN00007124,19740223,PRCP,0,,,a,
ASN00007124,19740224,PRCP,0,,,a,
ASN00007124,19740225,PRCP,0,,,a,
ASN00007124,19740226,PRCP,0,,,a,
ASN00007124,19740227,PRCP,0,,,a,
ASN00007124,19740228,PRCP,0,,,a,
ASN00007124,19740301,PRCP,0,,,a,
ASN00007124,19740302,PRCP,0,,,a,
ASN00007124,19740303,PRCP,30,,,a,
ASN00007124,19740304,PRCP,0,,,a,
ASN00007124,19740305,PRCP,104,,,a,
ASN00007124,19740306,PRCP,0,,,a,
ASN00007124,19740307,PRCP,0,,,a,
ASN00007124,19740308,PRCP,0,,,a,
ASN00007124,19740309,PRCP,52,,,a,
ASN00007124,19740310,PRCP,0,,,a,
ASN00007124,19740311,PRCP,0,,,a,
ASN00007124,19740312,PRCP,0,,,a,
ASN00007124,19740313,PRCP,0,,,a,
ASN00007124,19740314,PRCP,0,,,a,
ASN00007124,19740315,PRCP,0,,,a,
ASN00007124,19740316,PRCP,0,,,a,
ASN00007124,19740317,PRCP,0,,,a,
ASN00007124,19740318,PRCP,0,,,a,
ASN00007124,19740319,PRCP,0,,,a,
ASN00007124,19740320,PRCP,0,,,a,
ASN00007124,19740321,PRCP,0,,,a,
ASN00007124,19740322,PRCP,0,,,a,
ASN00007124,19740323,PRCP,0,,,a,
ASN00007124,19740324,PRCP,0,,,a,
ASN00007124,19740325,PRCP,0,,,a,
ASN00007124,19740326,PRCP,0,,,a,
ASN00007124,19740327,PRCP,0,,,a,
ASN00007124,19740328,PRCP,0,,,a,
ASN00007124,19740329,PRCP,0,,,a,
ASN00007124,19740330,PRCP,0,,,a,
ASN00007124,19740331,PRCP,0,,,a,
ASN00007124,19740401,PRCP,0,,,a,
ASN00007124,19740402,PRCP,0,,,a,
ASN00007124,19740403,PRCP,30,,,a,
ASN00007124,19740404,PRCP,0,,,a,
ASN00007124,19740405,PRCP,0,,,a,
ASN00007124,19740406,PRCP,0,,,a,
ASN00007124,19740407,PRCP,0,,,a,
ASN00007124,19740408,PRCP,0,,,a,
ASN00007124,19740409,PRCP,0,,,a,
ASN00007124,19740410,PRCP,0,,,a,
ASN00007124,19740411,PRCP,50,,,a,
ASN00007124,19740412,PRCP,0,,,a,
ASN00007124,19740413,PRCP,0,,,a,
ASN00007124,19740414,PRCP,0,,,a,
ASN00007124,19740415,PRCP,0,,,a,
ASN00007124,19740416,PRCP,0,,,a,
ASN00007124,19740417,PRCP,0,,,a,
ASN00007124,19740418,PRCP,0,,,a,
ASN00007124,19740419,PRCP,0,,,a,
ASN00007124,19740420,PRCP,0,,,a,
ASN00007124,19740421,PRCP,0,,,a,
ASN00007124,19740422,PRCP,0,,,a,
ASN00007124,19740423,PRCP,0,,,a,
ASN00007124,19740424,PRCP,0,,,a,
ASN00007124,19740425,PRCP,0,,,a,
ASN00007124,19740426,PRCP,0,,,a,
ASN00007124,19740427,PRCP,0,,,a,
ASN00007124,19740428,PRCP,0,,,a,
ASN00007124,19740429,PRCP,0,,,a,
ASN00007124,19740430,PRCP,0,,,a,
ASN00007124,19740501,PRCP,0,,,a,
ASN00007124,19740502,PRCP,0,,,a,
ASN00007124,19740503,PRCP,0,,,a,
ASN00007124,19740504,PRCP,0,,,a,
ASN00007124,19740505,PRCP,0,,,a,
ASN00007124,19740506,PRCP,0,,,a,
ASN00007124,19740507,PRCP,0,,,a,
ASN00007124,19740508,PRCP,0,,,a,
ASN00007124,19740509,PRCP,0,,,a,
ASN00007124,19740510,PRCP,0,,,a,
ASN00007124,19740511,PRCP,0,,,a,
ASN00007124,19740512,PRCP,64,,,a,
ASN00007124,19740513,PRCP,0,,,a,
ASN00007124,19740514,PRCP,0,,,a,
ASN00007124,19740515,PRCP,0,,,a,
ASN00007124,19740516,PRCP,0,,,a,
ASN00007124,19740517,PRCP,0,,,a,
ASN00007124,19740518,PRCP,0,,,a,
ASN00007124,19740519,PRCP,0,,,a,
ASN00007124,19740520,PRCP,0,,,a,
ASN00007124,19740521,PRCP,0,,,a,
ASN00007124,19740522,PRCP,0,,,a,
ASN00007124,19740523,PRCP,0,,,a,
ASN00007124,19740524,PRCP,0,,,a,
ASN00007124,19740525,PRCP,40,,,a,
ASN00007124,19740526,PRCP,0,,,a,
ASN00007124,19740527,PRCP,0,,,a,
ASN00007124,19740528,PRCP,0,,,a,
ASN00007124,19740529,PRCP,0,,,a,
ASN00007124,19740530,PRCP,0,,,a,
ASN00007124,19740531,PRCP,0,,,a,
ASN00007124,19740601,PRCP,0,,,a,
ASN00007124,19740602,PRCP,0,,,a,
ASN00007124,19740603,PRCP,50,,,a,
ASN00007124,19740604,PRCP,0,,,a,
ASN00007124,19740605,PRCP,0,,,a,
ASN00007124,19740606,PRCP,0,,,a,
ASN00007124,19740607,PRCP,0,,,a,
ASN00007124,19740608,PRCP,0,,,a,
ASN00007124,19740609,PRCP,0,,,a,
ASN00007124,19740610,PRCP,0,,,a,
ASN00007124,19740611,PRCP,0,,,a,
ASN00007124,19740612,PRCP,0,,,a,
ASN00007124,19740613,PRCP,0,,,a,
ASN00007124,19740614,PRCP,0,,,a,
ASN00007124,19740615,PRCP,0,,,a,
ASN00007124,19740616,PRCP,0,,,a,
ASN00007124,19740617,PRCP,0,,,a,
ASN00007124,19740618,PRCP,0,,,a,
ASN00007124,19740619,PRCP,0,,,a,
ASN00007124,19740620,PRCP,0,,,a,
ASN00007124,19740621,PRCP,0,,,a,
ASN00007124,19740622,PRCP,0,,,a,
ASN00007124,19740623,PRCP,0,,,a,
ASN00007124,19740624,PRCP,0,,,a,
ASN00007124,19740625,PRCP,0,,,a,
ASN00007124,19740626,PRCP,0,,,a,
ASN00007124,19740627,PRCP,0,,,a,
ASN00007124,19740628,PRCP,0,,,a,
ASN00007124,19740629,PRCP,0,,,a,
ASN00007124,19740630,PRCP,0,,,a,
ASN00007124,19740701,PRCP,0,,,a,
ASN00007124,19740702,PRCP,0,,,a,
ASN00007124,19740703,PRCP,0,,,a,
ASN00007124,19740704,PRCP,0,,,a,
ASN00007124,19740705,PRCP,0,,,a,
ASN00007124,19740706,PRCP,0,,,a,
ASN00007124,19740707,PRCP,0,,,a,
ASN00007124,19740708,PRCP,0,,,a,
ASN00007124,19740709,PRCP,0,,,a,
ASN00007124,19740710,PRCP,32,,,a,
ASN00007124,19740711,PRCP,11,,,a,
ASN00007124,19740712,PRCP,72,,,a,
ASN00007124,19740713,PRCP,332,,,a,
ASN00007124,19740714,PRCP,640,,,a,
ASN00007124,19740715,PRCP,12,,,a,
ASN00007124,19740716,PRCP,0,,,a,
ASN00007124,19740717,PRCP,462,,,a,
ASN00007124,19740718,PRCP,0,,,a,
ASN00007124,19740719,PRCP,0,,,a,
ASN00007124,19740720,PRCP,0,,,a,
ASN00007124,19740721,PRCP,0,,,a,
ASN00007124,19740722,PRCP,0,,,a,
ASN00007124,19740723,PRCP,0,,,a,
ASN00007124,19740724,PRCP,0,,,a,
ASN00007124,19740725,PRCP,30,,,a,
ASN00007124,19740726,PRCP,0,,,a,
ASN00007124,19740727,PRCP,35,,,a,
ASN00007124,19740728,PRCP,280,,,a,
ASN00007124,19740729,PRCP,0,,,a,
ASN00007124,19740730,PRCP,0,,,a,
ASN00007124,19740731,PRCP,0,,,a,
ASN00007124,19740801,PRCP,0,,,a,
ASN00007124,19740802,PRCP,0,,,a,
ASN00007124,19740803,PRCP,73,,,a,
ASN00007124,19740804,PRCP,0,,,a,
ASN00007124,19740805,PRCP,0,,,a,
ASN00007124,19740806,PRCP,0,,,a,
ASN00007124,19740807,PRCP,0,,,a,
ASN00007124,19740808,PRCP,30,,,a,
ASN00007124,19740809,PRCP,0,,,a,
ASN00007124,19740810,PRCP,35,,,a,
ASN00007124,19740811,PRCP,280,,,a,
ASN00007124,19740812,PRCP,0,,,a,
ASN00007124,19740813,PRCP,185,,,a,
ASN00007124,19740814,PRCP,0,,,a,
ASN00007124,19740815,PRCP,0,,,a,
ASN00007124,19740816,PRCP,0,,,a,
ASN00007124,19740817,PRCP,0,,,a,
ASN00007124,19740818,PRCP,0,,,a,
ASN00007124,19740819,PRCP,0,,,a,
ASN00007124,19740820,PRCP,0,,,a,
ASN00007124,19740821,PRCP,0,,,a,
ASN00007124,19740822,PRCP,0,,,a,
ASN00007124,19740823,PRCP,0,,,a,
ASN00007124,19740824,PRCP,0,,,a,
ASN00007124,19740825,PRCP,0,,,a,
ASN00007124,19740826,PRCP,0,,,a,
ASN00007124,19740827,PRCP,0,,,a,
ASN00007124,19740828,PRCP,0,,,a,
ASN00007124,19740829,PRCP,0,,,a,
ASN00007124,19740830,PRCP,0,,,a,
ASN00007124,19740831,PRCP,0,,,a,
ASN00007124,19740901,PRCP,0,,,a,
ASN00007124,19740902,PRCP,0,,,a,
ASN00007124,19740903,PRCP,0,,,a,
ASN00007124,19740904,PRCP,0,,,a,
ASN00007124,19740905,PRCP,0,,,a,
ASN00007124,19740906,PRCP,0,,,a,
ASN00007124,19740907,PRCP,0,,,a,
ASN00007124,19740908,PRCP,0,,,a,
ASN00007124,19740909,PRCP,0,,,a,
ASN00007124,19740910,PRCP,0,,,a,
ASN00007124,19740911,PRCP,0,,,a,
ASN00007124,19740912,PRCP,0,,,a,
ASN00007124,19740913,PRCP,0,,,a,
ASN00007124,19740914,PRCP,0,,,a,
ASN00007124,19740915,PRCP,0,,,a,
ASN00007124,19740916,PRCP,0,,,a,
ASN00007124,19740917,PRCP,0,,,a,
ASN00007124,19740918,PRCP,0,,,a,
ASN00007124,19740919,PRCP,0,,,a,
ASN00007124,19740920,PRCP,0,,,a,
ASN00007124,19740921,PRCP,0,,,a,
ASN00007124,19740922,PRCP,0,,,a,
ASN00007124,19740923,PRCP,0,,,a,
ASN00007124,19740924,PRCP,0,,,a,
ASN00007124,19740925,PRCP,0,,,a,
ASN00007124,19740926,PRCP,0,,,a,
ASN00007124,19740927,PRCP,0,,,a,
ASN00007124,19740928,PRCP,0,,,a,
ASN00007124,19740929,PRCP,0,,,a,
ASN00007124,19740930,PRCP,0,,,a,
ASN00007124,19741001,PRCP,0,,,a,
ASN00007124,19741002,PRCP,0,,,a,
ASN00007124,19741003,PRCP,0,,,a,
ASN00007124,19741004,PRCP,0,,,a,
ASN00007124,19741005,PRCP,0,,,a,
ASN00007124,19741006,PRCP,0,,,a,
ASN00007124,19741007,PRCP,0,,,a,
ASN00007124,19741008,PRCP,0,,,a,
ASN00007124,19741009,PRCP,0,,,a,
ASN00007124,19741010,PRCP,0,,,a,
ASN00007124,19741011,PRCP,0,,,a,
ASN00007124,19741012,PRCP,0,,,a,
ASN00007124,19741013,PRCP,0,,,a,
ASN00007124,19741014,PRCP,0,,,a,
ASN00007124,19741015,PRCP,0,,,a,
ASN00007124,19741016,PRCP,0,,,a,
ASN00007124,19741017,PRCP,0,,,a,
ASN00007124,19741018,PRCP,0,,,a,
ASN00007124,19741019,PRCP,0,,,a,
ASN00007124,19741020,PRCP,0,,,a,
ASN00007124,19741021,PRCP,172,,,a,
ASN00007124,19741022,PRCP,0,,,a,
ASN00007124,19741023,PRCP,0,,,a,
ASN00007124,19741024,PRCP,0,,,a,
ASN00007124,19741025,PRCP,0,,,a,
ASN00007124,19741026,PRCP,0,,,a,
ASN00007124,19741027,PRCP,0,,,a,
ASN00007124,19741028,PRCP,0,,,a,
ASN00007124,19741029,PRCP,0,,,a,
ASN00007124,19741030,PRCP,0,,,a,
ASN00007124,19741031,PRCP,0,,,a,
ASN00007124,19741101,PRCP,0,,,a,
ASN00007124,19741102,PRCP,0,,,a,
ASN00007124,19741103,PRCP,0,,,a,
ASN00007124,19741104,PRCP,0,,,a,
ASN00007124,19741105,PRCP,0,,,a,
ASN00007124,19741106,PRCP,0,,,a,
ASN00007124,19741107,PRCP,0,,,a,
ASN00007124,19741108,PRCP,0,,,a,
ASN00007124,19741109,PRCP,0,,,a,
ASN00007124,19741110,PRCP,0,,,a,
ASN00007124,19741111,PRCP,0,,,a,
ASN00007124,19741112,PRCP,0,,,a,
ASN00007124,19741113,PRCP,0,,,a,
ASN00007124,19741114,PRCP,0,,,a,
ASN00007124,19741115,PRCP,0,,,a,
ASN00007124,19741116,PRCP,0,,,a,
ASN00007124,19741117,PRCP,0,,,a,
ASN00007124,19741118,PRCP,0,,,a,
ASN00007124,19741119,PRCP,0,,,a,
ASN00007124,19741120,PRCP,0,,,a,
ASN00007124,19741121,PRCP,0,,,a,
ASN00007124,19741122,PRCP,0,,,a,
ASN00007124,19741123,PRCP,0,,,a,
ASN00007124,19741124,PRCP,0,,,a,
ASN00007124,19741125,PRCP,0,,,a,
ASN00007124,19741126,PRCP,0,,,a,
ASN00007124,19741127,PRCP,0,,,a,
ASN00007124,19741128,PRCP,0,,,a,
ASN00007124,19741129,PRCP,0,,,a,
ASN00007124,19741130,PRCP,0,,,a,
ASN00007124,19741201,PRCP,0,,,a,
ASN00007124,19741202,PRCP,0,,,a,
ASN00007124,19741203,PRCP,0,,,a,
ASN00007124,19741204,PRCP,0,,,a,
ASN00007124,19741205,PRCP,0,,,a,
ASN00007124,19741206,PRCP,0,,,a,
ASN00007124,19741207,PRCP,0,,,a,
ASN00007124,19741208,PRCP,0,,,a,
ASN00007124,19741209,PRCP,0,,,a,
ASN00007124,19741210,PRCP,0,,,a,
ASN00007124,19741211,PRCP,0,,,a,
ASN00007124,19741212,PRCP,0,,,a,
ASN00007124,19741213,PRCP,0,,,a,
ASN00007124,19741214,PRCP,0,,,a,
ASN00007124,19741215,PRCP,0,,,a,
ASN00007124,19741216,PRCP,0,,,a,
ASN00007124,19741217,PRCP,0,,,a,
ASN00007124,19741218,PRCP,0,,,a,
ASN00007124,19741219,PRCP,0,,,a,
ASN00007124,19741220,PRCP,0,,,a,
ASN00007124,19741221,PRCP,0,,,a,
ASN00007124,19741222,PRCP,0,,,a,
ASN00007124,19741223,PRCP,0,,,a,
ASN00007124,19741224,PRCP,177,,,a,
ASN00007124,19741225,PRCP,0,,,a,
ASN00007124,19741226,PRCP,0,,,a,
ASN00007124,19741227,PRCP,0,,,a,
ASN00007124,19741228,PRCP,0,,,a,
ASN00007124,19741229,PRCP,0,,,a,
ASN00007124,19741230,PRCP,0,,,a,
ASN00007124,19741231,PRCP,0,,,a,
ASN00007124,19750101,PRCP,0,,,a,
ASN00007124,19750102,PRCP,0,,,a,
ASN00007124,19750103,PRCP,0,,,a,
ASN00007124,19750104,PRCP,0,,,a,
ASN00007124,19750105,PRCP,0,,,a,
ASN00007124,19750106,PRCP,0,,,a,
ASN00007124,19750107,PRCP,0,,,a,
ASN00007124,19750108,PRCP,0,,,a,
ASN00007124,19750109,PRCP,0,,,a,
ASN00007124,19750110,PRCP,0,,,a,
ASN00007124,19750111,PRCP,0,,,a,
ASN00007124,19750112,PRCP,0,,,a,
ASN00007124,19750113,PRCP,0,,,a,
ASN00007124,19750114,PRCP,0,,,a,
ASN00007124,19750115,PRCP,0,,,a,
ASN00007124,19750116,PRCP,0,,,a,
ASN00007124,19750117,PRCP,0,,,a,
ASN00007124,19750118,PRCP,0,,,a,
ASN00007124,19750119,PRCP,0,,,a,
ASN00007124,19750120,PRCP,0,,,a,
ASN00007124,19750121,PRCP,0,,,a,
ASN00007124,19750122,PRCP,0,,,a,
ASN00007124,19750123,PRCP,0,,,a,
ASN00007124,19750124,PRCP,0,,,a,
ASN00007124,19750125,PRCP,0,,,a,
ASN00007124,19750126,PRCP,0,,,a,
ASN00007124,19750127,PRCP,0,,,a,
ASN00007124,19750128,PRCP,0,,,a,
ASN00007124,19750129,PRCP,0,,,a,
ASN00007124,19750130,PRCP,0,,,a,
ASN00007124,19750131,PRCP,0,,,a,
ASN00007124,19750201,PRCP,0,,,a,
ASN00007124,19750202,PRCP,108,,,a,
ASN00007124,19750203,PRCP,0,,,a,
ASN00007124,19750204,PRCP,0,,,a,
ASN00007124,19750205,PRCP,0,,,a,
ASN00007124,19750206,PRCP,0,,,a,
ASN00007124,19750207,PRCP,0,,,a,
ASN00007124,19750208,PRCP,0,,,a,
ASN00007124,19750209,PRCP,0,,,a,
ASN00007124,19750210,PRCP,0,,,a,
ASN00007124,19750211,PRCP,0,,,a,
ASN00007124,19750212,PRCP,0,,,a,
ASN00007124,19750213,PRCP,0,,,a,
ASN00007124,19750214,PRCP,0,,,a,
ASN00007124,19750215,PRCP,0,,,a,
ASN00007124,19750216,PRCP,0,,,a,
ASN00007124,19750217,PRCP,0,,,a,
ASN00007124,19750218,PRCP,0,,,a,
ASN00007124,19750219,PRCP,0,,,a,
ASN00007124,19750220,PRCP,40,,,a,
ASN00007124,19750221,PRCP,170,,,a,
ASN00007124,19750222,PRCP,146,,,a,
ASN00007124,19750223,PRCP,24,,,a,
ASN00007124,19750224,PRCP,304,,,a,
ASN00007124,19750225,PRCP,20,,,a,
ASN00007124,19750226,PRCP,0,,,a,
ASN00007124,19750227,PRCP,42,,,a,
ASN00007124,19750228,PRCP,0,,,a,
ASN00007124,19750301,PRCP,0,,,a,
ASN00007124,19750302,PRCP,0,,,a,
ASN00007124,19750303,PRCP,22,,,a,
ASN00007124,19750304,PRCP,0,,,a,
ASN00007124,19750305,PRCP,0,,,a,
ASN00007124,19750306,PRCP,0,,,a,
ASN00007124,19750307,PRCP,0,,,a,
ASN00007124,19750308,PRCP,0,,,a,
ASN00007124,19750309,PRCP,0,,,a,
ASN00007124,19750310,PRCP,0,,,a,
ASN00007124,19750311,PRCP,0,,,a,
ASN00007124,19750312,PRCP,0,,,a,
ASN00007124,19750313,PRCP,0,,,a,
ASN00007124,19750314,PRCP,0,,,a,
ASN00007124,19750315,PRCP,0,,,a,
ASN00007124,19750316,PRCP,0,,,a,
ASN00007124,19750317,PRCP,94,,,a,
ASN00007124,19750318,PRCP,0,,,a,
ASN00007124,19750319,PRCP,0,,,a,
ASN00007124,19750320,PRCP,0,,,a,
ASN00007124,19750321,PRCP,0,,,a,
ASN00007124,19750322,PRCP,0,,,a,
ASN00007124,19750323,PRCP,0,,,a,
ASN00007124,19750324,PRCP,0,,,a,
ASN00007124,19750325,PRCP,0,,,a,
ASN00007124,19750326,PRCP,0,,,a,
ASN00007124,19750327,PRCP,0,,,a,
ASN00007124,19750328,PRCP,0,,,a,
ASN00007124,19750329,PRCP,0,,,a,
ASN00007124,19750330,PRCP,70,,,a,
ASN00007124,19750331,PRCP,430,,,a,
ASN00007124,19750401,PRCP,420,,,a,
ASN00007124,19750402,PRCP,56,,,a,
ASN00007124,19750403,PRCP,0,,,a,
ASN00007124,19750404,PRCP,0,,,a,
ASN00007124,19750405,PRCP,0,,,a,
ASN00007124,19750406,PRCP,0,,,a,
ASN00007124,19750407,PRCP,0,,,a,
ASN00007124,19750408,PRCP,0,,,a,
ASN00007124,19750409,PRCP,0,,,a,
ASN00007124,19750410,PRCP,0,,,a,
ASN00007124,19750411,PRCP,0,,,a,
ASN00007124,19750412,PRCP,0,,,a,
ASN00007124,19750413,PRCP,0,,,a,
ASN00007124,19750414,PRCP,0,,,a,
ASN00007124,19750415,PRCP,0,,,a,
ASN00007124,19750416,PRCP,0,,,a,
ASN00007124,19750417,PRCP,20,,,a,
ASN00007124,19750418,PRCP,0,,,a,
ASN00007124,19750419,PRCP,0,,,a,
ASN00007124,19750420,PRCP,0,,,a,
ASN00007124,19750421,PRCP,0,,,a,
ASN00007124,19750422,PRCP,0,,,a,
ASN00007124,19750423,PRCP,0,,,a,
ASN00007124,19750424,PRCP,0,,,a,
ASN00007124,19750425,PRCP,40,,,a,
ASN00007124,19750426,PRCP,0,,,a,
ASN00007124,19750427,PRCP,0,,,a,
ASN00007124,19750428,PRCP,0,,,a,
ASN00007124,19750429,PRCP,0,,,a,
ASN00007124,19750430,PRCP,0,,,a,
ASN00007124,19750501,PRCP,0,,,a,
ASN00007124,19750502,PRCP,0,,,a,
ASN00007124,19750503,PRCP,0,,,a,
ASN00007124,19750504,PRCP,0,,,a,
ASN00007124,19750505,PRCP,0,,,a,
ASN00007124,19750506,PRCP,0,,,a,
ASN00007124,19750507,PRCP,0,,,a,
ASN00007124,19750508,PRCP,0,,,a,
ASN00007124,19750509,PRCP,0,,,a,
ASN00007124,19750510,PRCP,0,,,a,
ASN00007124,19750511,PRCP,0,,,a,
ASN00007124,19750512,PRCP,0,,,a,
ASN00007124,19750513,PRCP,0,,,a,
ASN00007124,19750514,PRCP,0,,,a,
ASN00007124,19750515,PRCP,0,,,a,
ASN00007124,19750516,PRCP,0,,,a,
ASN00007124,19750517,PRCP,0,,,a,
ASN00007124,19750518,PRCP,0,,,a,
ASN00007124,19750519,PRCP,0,,,a,
ASN00007124,19750520,PRCP,0,,,a,
ASN00007124,19750521,PRCP,0,,,a,
ASN00007124,19750522,PRCP,0,,,a,
ASN00007124,19750523,PRCP,0,,,a,
ASN00007124,19750524,PRCP,0,,,a,
ASN00007124,19750525,PRCP,0,,,a,
ASN00007124,19750526,PRCP,0,,,a,
ASN00007124,19750527,PRCP,0,,,a,
ASN00007124,19750528,PRCP,460,,,a,
ASN00007124,19750529,PRCP,0,,,a,
ASN00007124,19750530,PRCP,160,,,a,
ASN00007124,19750531,PRCP,0,,,a,
ASN00007124,19750601,PRCP,0,,,a,
ASN00007124,19750602,PRCP,0,,,a,
ASN00007124,19750603,PRCP,0,,,a,
ASN00007124,19750604,PRCP,0,,,a,
ASN00007124,19750605,PRCP,0,,,a,
ASN00007124,19750606,PRCP,0,,,a,
ASN00007124,19750607,PRCP,0,,,a,
ASN00007124,19750608,PRCP,0,,,a,
ASN00007124,19750609,PRCP,0,,,a,
ASN00007124,19750610,PRCP,0,,,a,
ASN00007124,19750611,PRCP,0,,,a,
ASN00007124,19750612,PRCP,0,,,a,
ASN00007124,19750613,PRCP,0,,,a,
ASN00007124,19750614,PRCP,0,,,a,
ASN00007124,19750615,PRCP,0,,,a,
ASN00007124,19750616,PRCP,0,,,a,
ASN00007124,19750617,PRCP,0,,,a,
ASN00007124,19750618,PRCP,0,,,a,
ASN00007124,19750619,PRCP,0,,,a,
ASN00007124,19750620,PRCP,0,,,a,
ASN00007124,19750621,PRCP,70,,,a,
ASN00007124,19750622,PRCP,0,,,a,
ASN00007124,19750623,PRCP,0,,,a,
ASN00007124,19750624,PRCP,0,,,a,
ASN00007124,19750625,PRCP,0,,,a,
ASN00007124,19750626,PRCP,0,,,a,
ASN00007124,19750627,PRCP,0,,,a,
ASN00007124,19750628,PRCP,0,,,a,
ASN00007124,19750629,PRCP,0,,,a,
ASN00007124,19750630,PRCP,0,,,a,
ASN00007124,19750701,PRCP,0,,,a,
ASN00007124,19750702,PRCP,0,,,a,
ASN00007124,19750703,PRCP,0,,,a,
ASN00007124,19750704,PRCP,0,,,a,
ASN00007124,19750705,PRCP,0,,,a,
ASN00007124,19750706,PRCP,0,,,a,
ASN00007124,19750707,PRCP,0,,,a,
ASN00007124,19750708,PRCP,35,,,a,
ASN00007124,19750709,PRCP,0,,,a,
ASN00007124,19750710,PRCP,0,,,a,
ASN00007124,19750711,PRCP,70,,,a,
ASN00007124,19750712,PRCP,30,,,a,
ASN00007124,19750713,PRCP,0,,,a,
ASN00007124,19750714,PRCP,0,,,a,
ASN00007124,19750715,PRCP,0,,,a,
ASN00007124,19750716,PRCP,0,,,a,
ASN00007124,19750717,PRCP,0,,,a,
ASN00007124,19750718,PRCP,0,,,a,
ASN00007124,19750719,PRCP,0,,,a,
ASN00007124,19750720,PRCP,0,,,a,
ASN00007124,19750721,PRCP,0,,,a,
ASN00007124,19750722,PRCP,0,,,a,
ASN00007124,19750723,PRCP,0,,,a,
ASN00007124,19750724,PRCP,0,,,a,
ASN00007124,19750725,PRCP,0,,,a,
ASN00007124,19750726,PRCP,0,,,a,
ASN00007124,19750727,PRCP,0,,,a,
ASN00007124,19750728,PRCP,75,,,a,
ASN00007124,19750729,PRCP,35,,,a,
ASN00007124,19750730,PRCP,0,,,a,
ASN00007124,19750731,PRCP,0,,,a,
ASN00007124,19750801,PRCP,0,,,a,
ASN00007124,19750802,PRCP,0,,,a,
ASN00007124,19750803,PRCP,0,,,a,
ASN00007124,19750804,PRCP,0,,,a,
ASN00007124,19750805,PRCP,0,,,a,
ASN00007124,19750806,PRCP,0,,,a,
ASN00007124,19750807,PRCP,0,,,a,
ASN00007124,19750808,PRCP,0,,,a,
ASN00007124,19750809,PRCP,0,,,a,
ASN00007124,19750810,PRCP,0,,,a,
ASN00007124,19750811,PRCP,0,,,a,
ASN00007124,19750812,PRCP,0,,,a,
ASN00007124,19750813,PRCP,0,,,a,
ASN00007124,19750814,PRCP,0,,,a,
ASN00007124,19750815,PRCP,0,,,a,
ASN00007124,19750816,PRCP,0,,,a,
ASN00007124,19750817,PRCP,0,,,a,
ASN00007124,19750818,PRCP,55,,,a,
ASN00007124,19750819,PRCP,0,,,a,
ASN00007124,19750820,PRCP,0,,,a,
ASN00007124,19750821,PRCP,0,,,a,
ASN00007124,19750822,PRCP,0,,,a,
ASN00007124,19750823,PRCP,0,,,a,
ASN00007124,19750824,PRCP,0,,,a,
ASN00007124,19750825,PRCP,0,,,a,
ASN00007124,19750826,PRCP,0,,,a,
ASN00007124,19750827,PRCP,0,,,a,
ASN00007124,19750828,PRCP,0,,,a,
ASN00007124,19750829,PRCP,0,,,a,
ASN00007124,19750830,PRCP,0,,,a,
ASN00007124,19750831,PRCP,0,,,a,
ASN00007124,19750901,PRCP,0,,,a,
ASN00007124,19750902,PRCP,0,,,a,
ASN00007124,19750903,PRCP,0,,,a,
ASN00007124,19750904,PRCP,0,,,a,
ASN00007124,19750905,PRCP,0,,,a,
ASN00007124,19750906,PRCP,0,,,a,
ASN00007124,19750907,PRCP,0,,,a,
ASN00007124,19750908,PRCP,0,,,a,
ASN00007124,19750909,PRCP,0,,,a,
ASN00007124,19750910,PRCP,0,,,a,
ASN00007124,19750911,PRCP,0,,,a,
ASN00007124,19750912,PRCP,0,,,a,
ASN00007124,19750913,PRCP,0,,,a,
ASN00007124,19750914,PRCP,0,,,a,
ASN00007124,19750915,PRCP,0,,,a,
ASN00007124,19750916,PRCP,0,,,a,
ASN00007124,19750917,PRCP,0,,,a,
ASN00007124,19750918,PRCP,0,,,a,
ASN00007124,19750919,PRCP,0,,,a,
ASN00007124,19750920,PRCP,0,,,a,
ASN00007124,19750921,PRCP,0,,,a,
ASN00007124,19750922,PRCP,0,,,a,
ASN00007124,19750923,PRCP,0,,,a,
ASN00007124,19750924,PRCP,0,,,a,
ASN00007124,19750925,PRCP,0,,,a,
ASN00007124,19750926,PRCP,0,,,a,
ASN00007124,19750927,PRCP,0,,,a,
ASN00007124,19750928,PRCP,0,,,a,
ASN00007124,19750929,PRCP,0,,,a,
ASN00007124,19750930,PRCP,0,,,a,
ASN00007124,19751001,PRCP,0,,,a,
ASN00007124,19751002,PRCP,25,,,a,
ASN00007124,19751003,PRCP,0,,,a,
ASN00007124,19751004,PRCP,0,,,a,
ASN00007124,19751005,PRCP,0,,,a,
ASN00007124,19751006,PRCP,145,,,a,
ASN00007124,19751007,PRCP,0,,,a,
ASN00007124,19751008,PRCP,0,,,a,
ASN00007124,19751009,PRCP,0,,,a,
ASN00007124,19751010,PRCP,0,,,a,
ASN00007124,19751011,PRCP,0,,,a,
ASN00007124,19751012,PRCP,0,,,a,
ASN00007124,19751013,PRCP,0,,,a,
ASN00007124,19751014,PRCP,45,,,a,
ASN00007124,19751015,PRCP,195,,,a,
ASN00007124,19751016,PRCP,0,,,a,
ASN00007124,19751017,PRCP,0,,,a,
ASN00007124,19751018,PRCP,0,,,a,
ASN00007124,19751019,PRCP,0,,,a,
ASN00007124,19751020,PRCP,0,,,a,
ASN00007124,19751021,PRCP,0,,,a,
ASN00007124,19751022,PRCP,0,,,a,
ASN00007124,19751023,PRCP,0,,,a,
ASN00007124,19751024,PRCP,0,,,a,
ASN00007124,19751025,PRCP,0,,,a,
ASN00007124,19751026,PRCP,0,,,a,
ASN00007124,19751027,PRCP,0,,,a,
ASN00007124,19751028,PRCP,0,,,a,
ASN00007124,19751029,PRCP,0,,,a,
ASN00007124,19751030,PRCP,0,,,a,
ASN00007124,19751031,PRCP,0,,,a,
ASN00007124,19751101,PRCP,0,,,a,
ASN00007124,19751102,PRCP,80,,,a,
ASN00007124,19751103,PRCP,805,,,a,
ASN00007124,19751104,PRCP,70,,,a,
ASN00007124,19751105,PRCP,0,,,a,
ASN00007124,19751106,PRCP,0,,,a,
ASN00007124,19751107,PRCP,0,,,a,
ASN00007124,19751108,PRCP,0,,,a,
ASN00007124,19751109,PRCP,0,,,a,
ASN00007124,19751110,PRCP,0,,,a,
ASN00007124,19751111,PRCP,0,,,a,
ASN00007124,19751112,PRCP,0,,,a,
ASN00007124,19751113,PRCP,0,,,a,
ASN00007124,19751114,PRCP,0,,,a,
ASN00007124,19751115,PRCP,0,,,a,
ASN00007124,19751116,PRCP,0,,,a,
ASN00007124,19751117,PRCP,0,,,a,
ASN00007124,19751118,PRCP,0,,,a,
ASN00007124,19751119,PRCP,0,,,a,
ASN00007124,19751120,PRCP,0,,,a,
ASN00007124,19751121,PRCP,0,,,a,
ASN00007124,19751122,PRCP,0,,,a,
ASN00007124,19751123,PRCP,0,,,a,
ASN00007124,19751124,PRCP,0,,,a,
ASN00007124,19751125,PRCP,0,,,a,
ASN00007124,19751126,PRCP,0,,,a,
ASN00007124,19751127,PRCP,0,,,a,
ASN00007124,19751128,PRCP,0,,,a,
ASN00007124,19751129,PRCP,0,,,a,
ASN00007124,19751130,PRCP,0,,,a,
ASN00007124,19751201,PRCP,0,,,a,
ASN00007124,19751202,PRCP,0,,,a,
ASN00007124,19751203,PRCP,0,,,a,
ASN00007124,19751204,PRCP,0,,,a,
ASN00007124,19751205,PRCP,0,,,a,
ASN00007124,19751206,PRCP,0,,,a,
ASN00007124,19751207,PRCP,0,,,a,
ASN00007124,19751208,PRCP,0,,,a,
ASN00007124,19751209,PRCP,0,,,a,
ASN00007124,19751210,PRCP,0,,,a,
ASN00007124,19751211,PRCP,0,,,a,
ASN00007124,19751212,PRCP,0,,,a,
ASN00007124,19751213,PRCP,0,,,a,
ASN00007124,19751214,PRCP,0,,,a,
ASN00007124,19751215,PRCP,0,,,a,
ASN00007124,19751216,PRCP,0,,,a,
ASN00007124,19751217,PRCP,0,,,a,
ASN00007124,19751218,PRCP,0,,,a,
ASN00007124,19751219,PRCP,0,,,a,
ASN00007124,19751220,PRCP,0,,,a,
ASN00007124,19751221,PRCP,0,,,a,
ASN00007124,19751222,PRCP,0,,,a,
ASN00007124,19751223,PRCP,0,,,a,
ASN00007124,19751224,PRCP,0,,,a,
ASN00007124,19751225,PRCP,0,,,a,
ASN00007124,19751226,PRCP,0,,,a,
ASN00007124,19751227,PRCP,0,,,a,
ASN00007124,19751228,PRCP,0,,,a,
ASN00007124,19751229,PRCP,0,,,a,
ASN00007124,19751230,PRCP,0,,,a,
ASN00007124,19751231,PRCP,0,,,a,
ASN00007124,19760101,PRCP,0,,,a,
ASN00007124,19760102,PRCP,0,,,a,
ASN00007124,19760103,PRCP,0,,,a,
ASN00007124,19760104,PRCP,0,,,a,
ASN00007124,19760105,PRCP,0,,,a,
ASN00007124,19760106,PRCP,0,,,a,
ASN00007124,19760107,PRCP,0,,,a,
ASN00007124,19760108,PRCP,0,,,a,
ASN00007124,19760109,PRCP,0,,,a,
ASN00007124,19760110,PRCP,0,,,a,
ASN00007124,19760111,PRCP,0,,,a,
ASN00007124,19760112,PRCP,0,,,a,
ASN00007124,19760113,PRCP,0,,,a,
ASN00007124,19760114,PRCP,0,,,a,
ASN00007124,19760115,PRCP,0,,,a,
ASN00007124,19760116,PRCP,0,,,a,
ASN00007124,19760117,PRCP,0,,,a,
ASN00007124,19760118,PRCP,0,,,a,
ASN00007124,19760119,PRCP,0,,,a,
ASN00007124,19760120,PRCP,0,,,a,
ASN00007124,19760121,PRCP,0,,,a,
ASN00007124,19760122,PRCP,0,,,a,
ASN00007124,19760123,PRCP,0,,,a,
ASN00007124,19760124,PRCP,50,,,a,
ASN00007124,19760125,PRCP,0,,,a,
ASN00007124,19760126,PRCP,0,,,a,
ASN00007124,19760127,PRCP,2,,,a,
ASN00007124,19760128,PRCP,0,,,a,
ASN00007124,19760129,PRCP,0,,,a,
ASN00007124,19760130,PRCP,0,,,a,
ASN00007124,19760131,PRCP,0,,,a,
ASN00007124,19760201,PRCP,0,,,a,
ASN00007124,19760202,PRCP,0,,,a,
ASN00007124,19760203,PRCP,0,,,a,
ASN00007124,19760204,PRCP,0,,,a,
ASN00007124,19760205,PRCP,0,,,a,
ASN00007124,19760206,PRCP,0,,,a,
ASN00007124,19760207,PRCP,0,,,a,
ASN00007124,19760208,PRCP,0,,,a,
ASN00007124,19760209,PRCP,0,,,a,
ASN00007124,19760210,PRCP,0,,,a,
ASN00007124,19760211,PRCP,0,,,a,
ASN00007124,19760212,PRCP,0,,,a,
ASN00007124,19760213,PRCP,0,,,a,
ASN00007124,19760214,PRCP,0,,,a,
ASN00007124,19760215,PRCP,0,,,a,
ASN00007124,19760216,PRCP,0,,,a,
ASN00007124,19760217,PRCP,0,,,a,
ASN00007124,19760218,PRCP,0,,,a,
ASN00007124,19760219,PRCP,0,,,a,
ASN00007124,19760220,PRCP,0,,,a,
ASN00007124,19760221,PRCP,0,,,a,
ASN00007124,19760222,PRCP,0,,,a,
ASN00007124,19760223,PRCP,0,,,a,
ASN00007124,19760224,PRCP,0,,,a,
ASN00007124,19760225,PRCP,0,,,a,
ASN00007124,19760226,PRCP,0,,,a,
ASN00007124,19760227,PRCP,0,,,a,
ASN00007124,19760228,PRCP,0,,,a,
ASN00007124,19760229,PRCP,0,,,a,
ASN00007124,19760301,PRCP,0,,,a,
ASN00007124,19760302,PRCP,0,,,a,
ASN00007124,19760303,PRCP,0,,,a,
ASN00007124,19760304,PRCP,0,,,a,
ASN00007124,19760305,PRCP,0,,,a,
ASN00007124,19760306,PRCP,250,,,a,
ASN00007124,19760307,PRCP,0,,,a,
ASN00007124,19760308,PRCP,0,,,a,
ASN00007124,19760309,PRCP,0,,,a,
ASN00007124,19760310,PRCP,0,,,a,
ASN00007124,19760311,PRCP,0,,,a,
ASN00007124,19760312,PRCP,0,,,a,
ASN00007124,19760313,PRCP,0,,,a,
ASN00007124,19760314,PRCP,0,,,a,
ASN00007124,19760315,PRCP,0,,,a,
ASN00007124,19760316,PRCP,0,,,a,
ASN00007124,19760317,PRCP,0,,,a,
ASN00007124,19760318,PRCP,0,,,a,
ASN00007124,19760319,PRCP,0,,,a,
ASN00007124,19760320,PRCP,0,,,a,
ASN00007124,19760321,PRCP,0,,,a,
ASN00007124,19760322,PRCP,0,,,a,
ASN00007124,19760323,PRCP,0,,,a,
ASN00007124,19760324,PRCP,0,,,a,
ASN00007124,19760325,PRCP,0,,,a,
ASN00007124,19760326,PRCP,0,,,a,
ASN00007124,19760327,PRCP,0,,,a,
ASN00007124,19760328,PRCP,0,,,a,
ASN00007124,19760329,PRCP,0,,,a,
ASN00007124,19760330,PRCP,0,,,a,
ASN00007124,19760331,PRCP,0,,,a,
ASN00007124,19760401,PRCP,0,,,a,
ASN00007124,19760402,PRCP,0,,,a,
ASN00007124,19760403,PRCP,0,,,a,
ASN00007124,19760404,PRCP,0,,,a,
ASN00007124,19760405,PRCP,0,,,a,
ASN00007124,19760406,PRCP,0,,,a,
ASN00007124,19760407,PRCP,0,,,a,
ASN00007124,19760408,PRCP,0,,,a,
ASN00007124,19760409,PRCP,0,,,a,
ASN00007124,19760410,PRCP,0,,,a,
ASN00007124,19760411,PRCP,0,,,a,
ASN00007124,19760412,PRCP,0,,,a,
ASN00007124,19760413,PRCP,0,,,a,
ASN00007124,19760414,PRCP,0,,,a,
ASN00007124,19760415,PRCP,0,,,a,
ASN00007124,19760416,PRCP,0,,,a,
ASN00007124,19760417,PRCP,0,,,a,
ASN00007124,19760418,PRCP,0,,,a,
ASN00007124,19760419,PRCP,0,,,a,
ASN00007124,19760420,PRCP,0,,,a,
ASN00007124,19760421,PRCP,0,,,a,
ASN00007124,19760422,PRCP,0,,,a,
ASN00007124,19760423,PRCP,0,,,a,
ASN00007124,19760424,PRCP,0,,,a,
ASN00007124,19760425,PRCP,0,,,a,
ASN00007124,19760426,PRCP,0,,,a,
ASN00007124,19760427,PRCP,0,,,a,
ASN00007124,19760428,PRCP,0,,,a,
ASN00007124,19760429,PRCP,0,,,a,
ASN00007124,19760430,PRCP,0,,,a,
ASN00007124,19760501,PRCP,0,,,a,
ASN00007124,19760502,PRCP,0,,,a,
ASN00007124,19760503,PRCP,0,,,a,
ASN00007124,19760504,PRCP,0,,,a,
ASN00007124,19760505,PRCP,0,,,a,
ASN00007124,19760506,PRCP,0,,,a,
ASN00007124,19760507,PRCP,0,,,a,
ASN00007124,19760508,PRCP,0,,,a,
ASN00007124,19760509,PRCP,0,,,a,
ASN00007124,19760510,PRCP,0,,,a,
ASN00007124,19760511,PRCP,150,,,a,
ASN00007124,19760512,PRCP,0,,,a,
ASN00007124,19760513,PRCP,0,,,a,
ASN00007124,19760514,PRCP,0,,,a,
ASN00007124,19760515,PRCP,0,,,a,
ASN00007124,19760516,PRCP,0,,,a,
ASN00007124,19760517,PRCP,0,,,a,
ASN00007124,19760518,PRCP,0,,,a,
ASN00007124,19760519,PRCP,20,,,a,
ASN00007124,19760520,PRCP,0,,,a,
ASN00007124,19760521,PRCP,0,,,a,
ASN00007124,19760522,PRCP,0,,,a,
ASN00007124,19760523,PRCP,0,,,a,
ASN00007124,19760524,PRCP,0,,,a,
ASN00007124,19760525,PRCP,0,,,a,
ASN00007124,19760526,PRCP,0,,,a,
ASN00007124,19760527,PRCP,0,,,a,
ASN00007124,19760528,PRCP,0,,,a,
ASN00007124,19760529,PRCP,0,,,a,
ASN00007124,19760530,PRCP,0,,,a,
ASN00007124,19760531,PRCP,0,,,a,
ASN00007124,19760601,PRCP,0,,,a,
ASN00007124,19760602,PRCP,0,,,a,
ASN00007124,19760603,PRCP,0,,,a,
ASN00007124,19760604,PRCP,0,,,a,
ASN00007124,19760605,PRCP,0,,,a,
ASN00007124,19760606,PRCP,0,,,a,
ASN00007124,19760607,PRCP,0,,,a,
ASN00007124,19760608,PRCP,0,,,a,
ASN00007124,19760609,PRCP,0,,,a,
ASN00007124,19760610,PRCP,0,,,a,
ASN00007124,19760611,PRCP,0,,,a,
ASN00007124,19760612,PRCP,0,,,a,
ASN00007124,19760613,PRCP,0,,,a,
ASN00007124,19760614,PRCP,0,,,a,
ASN00007124,19760615,PRCP,0,,,a,
ASN00007124,19760616,PRCP,0,,,a,
ASN00007124,19760617,PRCP,0,,,a,
ASN00007124,19760618,PRCP,0,,,a,
ASN00007124,19760619,PRCP,0,,,a,
ASN00007124,19760620,PRCP,0,,,a,
ASN00007124,19760621,PRCP,0,,,a,
ASN00007124,19760622,PRCP,0,,,a,
ASN00007124,19760623,PRCP,0,,,a,
ASN00007124,19760624,PRCP,0,,,a,
ASN00007124,19760625,PRCP,0,,,a,
ASN00007124,19760626,PRCP,0,,,a,
ASN00007124,19760627,PRCP,0,,,a,
ASN00007124,19760628,PRCP,0,,,a,
ASN00007124,19760629,PRCP,0,,,a,
ASN00007124,19760630,PRCP,0,,,a,
ASN00007124,19760701,PRCP,0,,,a,
ASN00007124,19760702,PRCP,0,,,a,
ASN00007124,19760703,PRCP,0,,,a,
ASN00007124,19760704,PRCP,0,,,a,
ASN00007124,19760705,PRCP,0,,,a,
ASN00007124,19760706,PRCP,0,,,a,
ASN00007124,19760707,PRCP,0,,,a,
ASN00007124,19760708,PRCP,0,,,a,
ASN00007124,19760709,PRCP,0,,,a,
ASN00007124,19760710,PRCP,0,,,a,
ASN00007124,19760711,PRCP,0,,,a,
ASN00007124,19760712,PRCP,0,,,a,
ASN00007124,19760713,PRCP,0,,,a,
ASN00007124,19760714,PRCP,0,,,a,
ASN00007124,19760715,PRCP,0,,,a,
ASN00007124,19760716,PRCP,0,,,a,
ASN00007124,19760717,PRCP,0,,,a,
ASN00007124,19760718,PRCP,0,,,a,
ASN00007124,19760719,PRCP,0,,,a,
ASN00007124,19760720,PRCP,0,,,a,
ASN00007124,19760721,PRCP,0,,,a,
ASN00007124,19760722,PRCP,0,,,a,
ASN00007124,19760723,PRCP,0,,,a,
ASN00007124,19760724,PRCP,0,,,a,
ASN00007124,19760725,PRCP,0,,,a,
ASN00007124,19760726,PRCP,0,,,a,
ASN00007124,19760727,PRCP,0,,,a,
ASN00007124,19760728,PRCP,0,,,a,
ASN00007124,19760729,PRCP,0,,,a,
ASN00007124,19760730,PRCP,0,,,a,
ASN00007124,19760731,PRCP,0,,,a,
ASN00007124,19760801,PRCP,0,,,a,
ASN00007124,19760802,PRCP,0,,,a,
ASN00007124,19760803,PRCP,0,,,a,
ASN00007124,19760804,PRCP,0,,,a,
ASN00007124,19760805,PRCP,0,,,a,
ASN00007124,19760806,PRCP,0,,,a,
ASN00007124,19760807,PRCP,0,,,a,
ASN00007124,19760808,PRCP,0,,,a,
ASN00007124,19760809,PRCP,0,,,a,
ASN00007124,19760810,PRCP,0,,,a,
ASN00007124,19760811,PRCP,150,,,a,
ASN00007124,19760812,PRCP,0,,,a,
ASN00007124,19760813,PRCP,0,,,a,
ASN00007124,19760814,PRCP,0,,,a,
ASN00007124,19760815,PRCP,0,,,a,
ASN00007124,19760816,PRCP,0,,,a,
ASN00007124,19760817,PRCP,0,,,a,
ASN00007124,19760818,PRCP,60,,,a,
ASN00007124,19760819,PRCP,0,,,a,
ASN00007124,19760820,PRCP,0,,,a,
ASN00007124,19760821,PRCP,0,,,a,
ASN00007124,19760822,PRCP,0,,,a,
ASN00007124,19760823,PRCP,0,,,a,
ASN00007124,19760824,PRCP,0,,,a,
ASN00007124,19760825,PRCP,0,,,a,
ASN00007124,19760826,PRCP,0,,,a,
ASN00007124,19760827,PRCP,0,,,a,
ASN00007124,19760828,PRCP,0,,,a,
ASN00007124,19760829,PRCP,0,,,a,
ASN00007124,19760830,PRCP,0,,,a,
ASN00007124,19760831,PRCP,0,,,a,
ASN00007124,19760901,PRCP,0,,,a,
ASN00007124,19760902,PRCP,0,,,a,
ASN00007124,19760903,PRCP,0,,,a,
ASN00007124,19760904,PRCP,0,,,a,
ASN00007124,19760905,PRCP,0,,,a,
ASN00007124,19760906,PRCP,0,,,a,
ASN00007124,19760907,PRCP,40,,,a,
ASN00007124,19760908,PRCP,0,,,a,
ASN00007124,19760909,PRCP,0,,,a,
ASN00007124,19760910,PRCP,0,,,a,
ASN00007124,19760911,PRCP,0,,,a,
ASN00007124,19760912,PRCP,0,,,a,
ASN00007124,19760913,PRCP,0,,,a,
ASN00007124,19760914,PRCP,0,,,a,
ASN00007124,19760915,PRCP,0,,,a,
ASN00007124,19760916,PRCP,0,,,a,
ASN00007124,19760917,PRCP,0,,,a,
ASN00007124,19760918,PRCP,0,,,a,
ASN00007124,19760919,PRCP,0,,,a,
ASN00007124,19760920,PRCP,0,,,a,
ASN00007124,19760921,PRCP,0,,,a,
ASN00007124,19760922,PRCP,0,,,a,
ASN00007124,19760923,PRCP,0,,,a,
ASN00007124,19760924,PRCP,60,,,a,
ASN00007124,19760925,PRCP,0,,,a,
ASN00007124,19760926,PRCP,0,,,a,
ASN00007124,19760927,PRCP,0,,,a,
ASN00007124,19760928,PRCP,0,,,a,
ASN00007124,19760929,PRCP,0,,,a,
ASN00007124,19760930,PRCP,0,,,a,
ASN00007124,19761001,PRCP,0,,,a,
ASN00007124,19761002,PRCP,0,,,a,
ASN00007124,19761003,PRCP,0,,,a,
ASN00007124,19761004,PRCP,0,,,a,
ASN00007124,19761005,PRCP,0,,,a,
ASN00007124,19761006,PRCP,0,,,a,
ASN00007124,19761007,PRCP,0,,,a,
ASN00007124,19761008,PRCP,0,,,a,
ASN00007124,19761009,PRCP,0,,,a,
ASN00007124,19761010,PRCP,0,,,a,
ASN00007124,19761011,PRCP,0,,,a,
ASN00007124,19761012,PRCP,0,,,a,
ASN00007124,19761013,PRCP,0,,,a,
ASN00007124,19761014,PRCP,0,,,a,
ASN00007124,19761015,PRCP,0,,,a,
ASN00007124,19761016,PRCP,0,,,a,
ASN00007124,19761017,PRCP,0,,,a,
ASN00007124,19761018,PRCP,0,,,a,
ASN00007124,19761019,PRCP,0,,,a,
ASN00007124,19761020,PRCP,0,,,a,
ASN00007124,19761021,PRCP,0,,,a,
ASN00007124,19761022,PRCP,0,,,a,
ASN00007124,19761023,PRCP,0,,,a,
ASN00007124,19761024,PRCP,0,,,a,
ASN00007124,19761025,PRCP,0,,,a,
ASN00007124,19761026,PRCP,0,,,a,
ASN00007124,19761027,PRCP,0,,,a,
ASN00007124,19761028,PRCP,0,,,a,
ASN00007124,19761029,PRCP,0,,,a,
ASN00007124,19761030,PRCP,0,,,a,
ASN00007124,19761031,PRCP,0,,,a,
ASN00007124,19761101,PRCP,0,,,a,
ASN00007124,19761102,PRCP,0,,,a,
ASN00007124,19761103,PRCP,0,,,a,
ASN00007124,19761104,PRCP,0,,,a,
ASN00007124,19761105,PRCP,0,,,a,
ASN00007124,19761106,PRCP,0,,,a,
ASN00007124,19761107,PRCP,0,,,a,
ASN00007124,19761108,PRCP,0,,,a,
ASN00007124,19761109,PRCP,0,,,a,
ASN00007124,19761110,PRCP,0,,,a,
ASN00007124,19761111,PRCP,0,,,a,
ASN00007124,19761112,PRCP,0,,,a,
ASN00007124,19761113,PRCP,0,,,a,
ASN00007124,19761114,PRCP,0,,,a,
ASN00007124,19761115,PRCP,0,,,a,
ASN00007124,19761116,PRCP,0,,,a,
ASN00007124,19761117,PRCP,0,,,a,
ASN00007124,19761118,PRCP,0,,,a,
ASN00007124,19761119,PRCP,0,,,a,
ASN00007124,19761120,PRCP,0,,,a,
ASN00007124,19761121,PRCP,0,,,a,
ASN00007124,19761122,PRCP,0,,,a,
ASN00007124,19761123,PRCP,0,,,a,
ASN00007124,19761124,PRCP,0,,,a,
ASN00007124,19761125,PRCP,0,,,a,
ASN00007124,19761126,PRCP,0,,,a,
ASN00007124,19761127,PRCP,0,,,a,
ASN00007124,19761128,PRCP,0,,,a,
ASN00007124,19761129,PRCP,0,,,a,
ASN00007124,19761130,PRCP,0,,,a,
ASN00007124,19761201,PRCP,0,,,a,
ASN00007124,19761202,PRCP,0,,,a,
ASN00007124,19761203,PRCP,0,,,a,
ASN00007124,19761204,PRCP,0,,,a,
ASN00007124,19761205,PRCP,0,,,a,
ASN00007124,19761206,PRCP,0,,,a,
ASN00007124,19761207,PRCP,0,,,a,
ASN00007124,19761208,PRCP,0,,,a,
ASN00007124,19761209,PRCP,0,,,a,
ASN00007124,19761210,PRCP,0,,,a,
ASN00007124,19761211,PRCP,0,,,a,
ASN00007124,19761212,PRCP,0,,,a,
ASN00007124,19761213,PRCP,0,,,a,
ASN00007124,19761214,PRCP,0,,,a,
ASN00007124,19761215,PRCP,0,,,a,
ASN00007124,19761216,PRCP,0,,,a,
ASN00007124,19761217,PRCP,0,,,a,
ASN00007124,19761218,PRCP,0,,,a,
ASN00007124,19761219,PRCP,0,,,a,
ASN00007124,19761220,PRCP,0,,,a,
ASN00007124,19761221,PRCP,0,,,a,
ASN00007124,19761222,PRCP,0,,,a,
ASN00007124,19761223,PRCP,0,,,a,
ASN00007124,19761224,PRCP,0,,,a,
ASN00007124,19761225,PRCP,0,,,a,
ASN00007124,19761226,PRCP,0,,,a,
ASN00007124,19761227,PRCP,0,,,a,
ASN00007124,19761228,PRCP,0,,,a,
ASN00007124,19761229,PRCP,0,,,a,
ASN00007124,19761230,PRCP,0,,,a,
ASN00007124,19761231,PRCP,0,,,a,
ASN00007124,19770101,PRCP,60,,,a,
ASN00007124,19770102,PRCP,0,,,a,
ASN00007124,19770103,PRCP,0,,,a,
ASN00007124,19770104,PRCP,40,,,a,
ASN00007124,19770105,PRCP,0,,,a,
ASN00007124,19770106,PRCP,0,,,a,
ASN00007124,19770107,PRCP,0,,,a,
ASN00007124,19770108,PRCP,0,,,a,
ASN00007124,19770109,PRCP,0,,,a,
ASN00007124,19770110,PRCP,0,,,a,
ASN00007124,19770111,PRCP,0,,,a,
ASN00007124,19770112,PRCP,0,,,a,
ASN00007124,19770113,PRCP,0,,,a,
ASN00007124,19770114,PRCP,0,,,a,
ASN00007124,19770115,PRCP,0,,,a,
ASN00007124,19770116,PRCP,0,,,a,
ASN00007124,19770117,PRCP,0,,,a,
ASN00007124,19770118,PRCP,0,,,a,
ASN00007124,19770119,PRCP,0,,,a,
ASN00007124,19770120,PRCP,0,,,a,
ASN00007124,19770121,PRCP,0,,,a,
ASN00007124,19770122,PRCP,0,,,a,
ASN00007124,19770123,PRCP,0,,,a,
ASN00007124,19770124,PRCP,0,,,a,
ASN00007124,19770125,PRCP,0,,,a,
ASN00007124,19770126,PRCP,0,,,a,
ASN00007124,19770127,PRCP,0,,,a,
ASN00007124,19770128,PRCP,0,,,a,
ASN00007124,19770129,PRCP,0,,,a,
ASN00007124,19770130,PRCP,0,,,a,
ASN00007124,19770131,PRCP,0,,,a,
ASN00007124,19770201,PRCP,0,,,a,
ASN00007124,19770202,PRCP,0,,,a,
ASN00007124,19770203,PRCP,0,,,a,
ASN00007124,19770204,PRCP,0,,,a,
ASN00007124,19770205,PRCP,0,,,a,
ASN00007124,19770206,PRCP,0,,,a,
ASN00007124,19770207,PRCP,0,,,a,
ASN00007124,19770208,PRCP,0,,,a,
ASN00007124,19770209,PRCP,0,,,a,
ASN00007124,19770210,PRCP,0,,,a,
ASN00007124,19770211,PRCP,0,,,a,
ASN00007124,19770212,PRCP,0,,,a,
ASN00007124,19770213,PRCP,0,,,a,
ASN00007124,19770214,PRCP,0,,,a,
ASN00007124,19770215,PRCP,0,,,a,
ASN00007124,19770216,PRCP,0,,,a,
ASN00007124,19770217,PRCP,0,,,a,
ASN00007124,19770218,PRCP,0,,,a,
ASN00007124,19770219,PRCP,0,,,a,
ASN00007124,19770220,PRCP,0,,,a,
ASN00007124,19770221,PRCP,0,,,a,
ASN00007124,19770222,PRCP,0,,,a,
ASN00007124,19770223,PRCP,0,,,a,
ASN00007124,19770224,PRCP,0,,,a,
ASN00007124,19770225,PRCP,0,,,a,
ASN00007124,19770226,PRCP,0,,,a,
ASN00007124,19770227,PRCP,0,,,a,
ASN00007124,19770228,PRCP,0,,,a,
ASN00007124,19770301,PRCP,0,,,a,
ASN00007124,19770302,PRCP,0,,,a,
ASN00007124,19770303,PRCP,0,,,a,
ASN00007124,19770304,PRCP,0,,,a,
ASN00007124,19770305,PRCP,0,,,a,
ASN00007124,19770306,PRCP,0,,,a,
ASN00007124,19770307,PRCP,0,,,a,
ASN00007124,19770308,PRCP,0,,,a,
ASN00007124,19770309,PRCP,0,,,a,
ASN00007124,19770310,PRCP,0,,,a,
ASN00007124,19770311,PRCP,0,,,a,
ASN00007124,19770312,PRCP,0,,,a,
ASN00007124,19770313,PRCP,0,,,a,
ASN00007124,19770314,PRCP,0,,,a,
ASN00007124,19770315,PRCP,0,,,a,
ASN00007124,19770316,PRCP,0,,,a,
ASN00007124,19770317,PRCP,0,,,a,
ASN00007124,19770318,PRCP,0,,,a,
ASN00007124,19770319,PRCP,0,,,a,
ASN00007124,19770320,PRCP,0,,,a,
ASN00007124,19770321,PRCP,0,,,a,
ASN00007124,19770322,PRCP,0,,,a,
ASN00007124,19770323,PRCP,0,,,a,
ASN00007124,19770324,PRCP,0,,,a,
ASN00007124,19770325,PRCP,0,,,a,
ASN00007124,19770326,PRCP,0,,,a,
ASN00007124,19770327,PRCP,0,,,a,
ASN00007124,19770328,PRCP,0,,,a,
ASN00007124,19770329,PRCP,0,,,a,
ASN00007124,19770330,PRCP,0,,,a,
ASN00007124,19770331,PRCP,0,,,a,
ASN00007124,19770401,PRCP,0,,,a,
ASN00007124,19770402,PRCP,0,,,a,
ASN00007124,19770403,PRCP,0,,,a,
ASN00007124,19770404,PRCP,0,,,a,
ASN00007124,19770405,PRCP,0,,,a,
ASN00007124,19770406,PRCP,0,,,a,
ASN00007124,19770407,PRCP,0,,,a,
ASN00007124,19770408,PRCP,0,,,a,
ASN00007124,19770409,PRCP,0,,,a,
ASN00007124,19770410,PRCP,0,,,a,
ASN00007124,19770411,PRCP,0,,,a,
ASN00007124,19770412,PRCP,0,,,a,
ASN00007124,19770413,PRCP,0,,,a,
ASN00007124,19770414,PRCP,0,,,a,
ASN00007124,19770415,PRCP,0,,,a,
ASN00007124,19770416,PRCP,0,,,a,
ASN00007124,19770417,PRCP,0,,,a,
ASN00007124,19770418,PRCP,0,,,a,
ASN00007124,19770419,PRCP,0,,,a,
ASN00007124,19770420,PRCP,0,,,a,
ASN00007124,19770421,PRCP,0,,,a,
ASN00007124,19770422,PRCP,0,,,a,
ASN00007124,19770423,PRCP,0,,,a,
ASN00007124,19770424,PRCP,0,,,a,
ASN00007124,19770425,PRCP,15,,,a,
ASN00007124,19770426,PRCP,0,,,a,
ASN00007124,19770427,PRCP,220,,,a,
ASN00007124,19770428,PRCP,0,,,a,
ASN00007124,19770429,PRCP,0,,,a,
ASN00007124,19770430,PRCP,0,,,a,
ASN00007124,19770501,PRCP,0,,,a,
ASN00007124,19770502,PRCP,0,,,a,
ASN00007124,19770503,PRCP,0,,,a,
ASN00007124,19770504,PRCP,0,,,a,
ASN00007124,19770505,PRCP,0,,,a,
ASN00007124,19770506,PRCP,0,,,a,
ASN00007124,19770507,PRCP,0,,,a,
ASN00007124,19770508,PRCP,0,,,a,
ASN00007124,19770509,PRCP,0,,,a,
ASN00007124,19770510,PRCP,0,,,a,
ASN00007124,19770511,PRCP,0,,,a,
ASN00007124,19770512,PRCP,0,,,a,
ASN00007124,19770513,PRCP,0,,,a,
ASN00007124,19770514,PRCP,0,,,a,
ASN00007124,19770515,PRCP,0,,,a,
ASN00007124,19770516,PRCP,0,,,a,
ASN00007124,19770517,PRCP,250,,,a,
ASN00007124,19770518,PRCP,0,,,a,
ASN00007124,19770519,PRCP,0,,,a,
ASN00007124,19770520,PRCP,0,,,a,
ASN00007124,19770521,PRCP,0,,,a,
ASN00007124,19770522,PRCP,0,,,a,
ASN00007124,19770523,PRCP,0,,,a,
ASN00007124,19770524,PRCP,0,,,a,
ASN00007124,19770525,PRCP,0,,,a,
ASN00007124,19770526,PRCP,0,,,a,
ASN00007124,19770527,PRCP,0,,,a,
ASN00007124,19770528,PRCP,0,,,a,
ASN00007124,19770529,PRCP,0,,,a,
ASN00007124,19770530,PRCP,0,,,a,
ASN00007124,19770531,PRCP,0,,,a,
ASN00007124,19770601,PRCP,0,,,a,
ASN00007124,19770602,PRCP,0,,,a,
ASN00007124,19770603,PRCP,0,,,a,
ASN00007124,19770604,PRCP,0,,,a,
ASN00007124,19770605,PRCP,0,,,a,
ASN00007124,19770606,PRCP,0,,,a,
ASN00007124,19770607,PRCP,0,,,a,
ASN00007124,19770608,PRCP,0,,,a,
ASN00007124,19770609,PRCP,0,,,a,
ASN00007124,19770610,PRCP,0,,,a,
ASN00007124,19770611,PRCP,10,,,a,
ASN00007124,19770612,PRCP,10,,,a,
ASN00007124,19770613,PRCP,0,,,a,
ASN00007124,19770614,PRCP,0,,,a,
ASN00007124,19770615,PRCP,55,,,a,
ASN00007124,19770616,PRCP,0,,,a,
ASN00007124,19770617,PRCP,0,,,a,
ASN00007124,19770618,PRCP,0,,,a,
ASN00007124,19770619,PRCP,0,,,a,
ASN00007124,19770620,PRCP,0,,,a,
ASN00007124,19770621,PRCP,0,,,a,
ASN00007124,19770622,PRCP,0,,,a,
ASN00007124,19770623,PRCP,0,,,a,
ASN00007124,19770624,PRCP,0,,,a,
ASN00007124,19770625,PRCP,0,,,a,
ASN00007124,19770626,PRCP,0,,,a,
ASN00007124,19770627,PRCP,0,,,a,
ASN00007124,19770628,PRCP,0,,,a,
ASN00007124,19770629,PRCP,0,,,a,
ASN00007124,19770630,PRCP,0,,,a,
ASN00007124,19770701,PRCP,0,,,a,
ASN00007124,19770702,PRCP,0,,,a,
ASN00007124,19770703,PRCP,0,,,a,
ASN00007124,19770704,PRCP,0,,,a,
ASN00007124,19770705,PRCP,0,,,a,
ASN00007124,19770706,PRCP,0,,,a,
ASN00007124,19770707,PRCP,0,,,a,
ASN00007124,19770708,PRCP,0,,,a,
ASN00007124,19770709,PRCP,0,,,a,
ASN00007124,19770710,PRCP,0,,,a,
ASN00007124,19770711,PRCP,0,,,a,
ASN00007124,19770712,PRCP,0,,,a,
ASN00007124,19770713,PRCP,0,,,a,
ASN00007124,19770714,PRCP,0,,,a,
ASN00007124,19770715,PRCP,0,,,a,
ASN00007124,19770716,PRCP,0,,,a,
ASN00007124,19770717,PRCP,0,,,a,
ASN00007124,19770718,PRCP,0,,,a,
ASN00007124,19770719,PRCP,0,,,a,
ASN00007124,19770720,PRCP,0,,,a,
ASN00007124,19770721,PRCP,0,,,a,
ASN00007124,19770722,PRCP,0,,,a,
ASN00007124,19770723,PRCP,0,,,a,
ASN00007124,19770724,PRCP,0,,,a,
ASN00007124,19770725,PRCP,0,,,a,
ASN00007124,19770726,PRCP,0,,,a,
ASN00007124,19770727,PRCP,0,,,a,
ASN00007124,19770728,PRCP,0,,,a,
ASN00007124,19770729,PRCP,0,,,a,
ASN00007124,19770730,PRCP,0,,,a,
ASN00007124,19770731,PRCP,0,,,a,
ASN00007124,19770801,PRCP,0,,,a,
ASN00007124,19770802,PRCP,0,,,a,
ASN00007124,19770803,PRCP,0,,,a,
ASN00007124,19770804,PRCP,0,,,a,
ASN00007124,19770805,PRCP,0,,,a,
ASN00007124,19770806,PRCP,0,,,a,
ASN00007124,19770807,PRCP,0,,,a,
ASN00007124,19770808,PRCP,0,,,a,
ASN00007124,19770809,PRCP,0,,,a,
ASN00007124,19770810,PRCP,0,,,a,
ASN00007124,19770811,PRCP,0,,,a,
ASN00007124,19770812,PRCP,0,,,a,
ASN00007124,19770813,PRCP,0,,,a,
ASN00007124,19770814,PRCP,0,,,a,
ASN00007124,19770815,PRCP,0,,,a,
ASN00007124,19770816,PRCP,0,,,a,
ASN00007124,19770817,PRCP,0,,,a,
ASN00007124,19770818,PRCP,0,,,a,
ASN00007124,19770819,PRCP,0,,,a,
ASN00007124,19770820,PRCP,0,,,a,
ASN00007124,19770821,PRCP,0,,,a,
ASN00007124,19770822,PRCP,0,,,a,
ASN00007124,19770823,PRCP,0,,,a,
ASN00007124,19770824,PRCP,0,,,a,
ASN00007124,19770825,PRCP,0,,,a,
ASN00007124,19770826,PRCP,0,,,a,
ASN00007124,19770827,PRCP,0,,,a,
ASN00007124,19770828,PRCP,0,,,a,
ASN00007124,19770829,PRCP,0,,,a,
ASN00007124,19770830,PRCP,0,,,a,
ASN00007124,19770831,PRCP,0,,,a,
ASN00007124,19770901,PRCP,0,,,a,
ASN00007124,19770902,PRCP,0,,,a,
ASN00007124,19770903,PRCP,0,,,a,
ASN00007124,19770904,PRCP,0,,,a,
ASN00007124,19770905,PRCP,0,,,a,
ASN00007124,19770906,PRCP,0,,,a,
ASN00007124,19770907,PRCP,0,,,a,
ASN00007124,19770908,PRCP,0,,,a,
ASN00007124,19770909,PRCP,0,,,a,
ASN00007124,19770910,PRCP,0,,,a,
ASN00007124,19770911,PRCP,0,,,a,
ASN00007124,19770912,PRCP,0,,,a,
ASN00007124,19770913,PRCP,0,,,a,
ASN00007124,19770914,PRCP,0,,,a,
ASN00007124,19770915,PRCP,0,,,a,
ASN00007124,19770916,PRCP,0,,,a,
ASN00007124,19770917,PRCP,0,,,a,
ASN00007124,19770918,PRCP,0,,,a,
ASN00007124,19770919,PRCP,0,,,a,
ASN00007124,19770920,PRCP,0,,,a,
ASN00007124,19770921,PRCP,0,,,a,
ASN00007124,19770922,PRCP,0,,,a,
ASN00007124,19770923,PRCP,0,,,a,
ASN00007124,19770924,PRCP,0,,,a,
ASN00007124,19770925,PRCP,0,,,a,
ASN00007124,19770926,PRCP,0,,,a,
ASN00007124,19770927,PRCP,0,,,a,
ASN00007124,19770928,PRCP,0,,,a,
ASN00007124,19770929,PRCP,0,,,a,
ASN00007124,19770930,PRCP,0,,,a,
ASN00007124,19771001,PRCP,0,,,a,
ASN00007124,19771002,PRCP,0,,,a,
ASN00007124,19771003,PRCP,0,,,a,
ASN00007124,19771004,PRCP,0,,,a,
ASN00007124,19771005,PRCP,0,,,a,
ASN00007124,19771006,PRCP,0,,,a,
ASN00007124,19771007,PRCP,0,,,a,
ASN00007124,19771008,PRCP,0,,,a,
ASN00007124,19771009,PRCP,0,,,a,
ASN00007124,19771010,PRCP,0,,,a,
ASN00007124,19771011,PRCP,0,,,a,
ASN00007124,19771012,PRCP,0,,,a,
ASN00007124,19771013,PRCP,0,,,a,
ASN00007124,19771014,PRCP,0,,,a,
ASN00007124,19771015,PRCP,0,,,a,
ASN00007124,19771016,PRCP,0,,,a,
ASN00007124,19771017,PRCP,0,,,a,
ASN00007124,19771018,PRCP,0,,,a,
ASN00007124,19771019,PRCP,0,,,a,
ASN00007124,19771020,PRCP,0,,,a,
ASN00007124,19771021,PRCP,0,,,a,
ASN00007124,19771022,PRCP,0,,,a,
ASN00007124,19771023,PRCP,0,,,a,
ASN00007124,19771024,PRCP,0,,,a,
ASN00007124,19771025,PRCP,0,,,a,
ASN00007124,19771026,PRCP,0,,,a,
ASN00007124,19771027,PRCP,0,,,a,
ASN00007124,19771028,PRCP,0,,,a,
ASN00007124,19771029,PRCP,0,,,a,
ASN00007124,19771030,PRCP,0,,,a,
ASN00007124,19771031,PRCP,0,,,a,
ASN00007124,19771101,PRCP,0,,,a,
ASN00007124,19771102,PRCP,0,,,a,
ASN00007124,19771103,PRCP,0,,,a,
ASN00007124,19771104,PRCP,0,,,a,
ASN00007124,19771105,PRCP,0,,,a,
ASN00007124,19771106,PRCP,0,,,a,
ASN00007124,19771107,PRCP,0,,,a,
ASN00007124,19771108,PRCP,0,,,a,
ASN00007124,19771109,PRCP,0,,,a,
ASN00007124,19771110,PRCP,0,,,a,
ASN00007124,19771111,PRCP,0,,,a,
ASN00007124,19771112,PRCP,0,,,a,
ASN00007124,19771113,PRCP,0,,,a,
ASN00007124,19771114,PRCP,0,,,a,
ASN00007124,19771115,PRCP,0,,,a,
ASN00007124,19771116,PRCP,0,,,a,
ASN00007124,19771117,PRCP,0,,,a,
ASN00007124,19771118,PRCP,0,,,a,
ASN00007124,19771119,PRCP,0,,,a,
ASN00007124,19771120,PRCP,0,,,a,
ASN00007124,19771121,PRCP,0,,,a,
ASN00007124,19771122,PRCP,0,,,a,
ASN00007124,19771123,PRCP,0,,,a,
ASN00007124,19771124,PRCP,0,,,a,
ASN00007124,19771125,PRCP,0,,,a,
ASN00007124,19771126,PRCP,0,,,a,
ASN00007124,19771127,PRCP,0,,,a,
ASN00007124,19771128,PRCP,0,,,a,
ASN00007124,19771129,PRCP,0,,,a,
ASN00007124,19771130,PRCP,0,,,a,
ASN00007124,19771201,PRCP,0,,,a,
ASN00007124,19771202,PRCP,0,,,a,
ASN00007124,19771203,PRCP,0,,,a,
ASN00007124,19771204,PRCP,0,,,a,
ASN00007124,19771205,PRCP,0,,,a,
ASN00007124,19771206,PRCP,0,,,a,
ASN00007124,19771207,PRCP,0,,,a,
ASN00007124,19771208,PRCP,0,,,a,
ASN00007124,19771209,PRCP,0,,,a,
ASN00007124,19771210,PRCP,0,,,a,
ASN00007124,19771211,PRCP,0,,,a,
ASN00007124,19771212,PRCP,0,,,a,
ASN00007124,19771213,PRCP,0,,,a,
ASN00007124,19771214,PRCP,0,,,a,
ASN00007124,19771215,PRCP,0,,,a,
ASN00007124,19771216,PRCP,0,,,a,
ASN00007124,19771217,PRCP,0,,,a,
ASN00007124,19771218,PRCP,0,,,a,
ASN00007124,19771219,PRCP,0,,,a,
ASN00007124,19771220,PRCP,0,,,a,
ASN00007124,19771221,PRCP,0,,,a,
ASN00007124,19771222,PRCP,0,,,a,
ASN00007124,19771223,PRCP,0,,,a,
ASN00007124,19771224,PRCP,0,,,a,
ASN00007124,19771225,PRCP,0,,,a,
ASN00007124,19771226,PRCP,0,,,a,
ASN00007124,19771227,PRCP,0,,,a,
ASN00007124,19771228,PRCP,0,,,a,
ASN00007124,19771229,PRCP,0,,,a,
ASN00007124,19771230,PRCP,0,,,a,
ASN00007124,19771231,PRCP,0,,,a,
ASN00007124,19780101,PRCP,130,,,a,
ASN00007124,19780102,PRCP,0,,,a,
ASN00007124,19780103,PRCP,0,,,a,
ASN00007124,19780104,PRCP,0,,,a,
ASN00007124,19780105,PRCP,0,,,a,
ASN00007124,19780106,PRCP,0,,,a,
ASN00007124,19780107,PRCP,0,,,a,
ASN00007124,19780108,PRCP,0,,,a,
ASN00007124,19780109,PRCP,0,,,a,
ASN00007124,19780110,PRCP,0,,,a,
ASN00007124,19780111,PRCP,0,,,a,
ASN00007124,19780112,PRCP,0,,,a,
ASN00007124,19780113,PRCP,0,,,a,
ASN00007124,19780114,PRCP,0,,,a,
ASN00007124,19780115,PRCP,0,,,a,
ASN00007124,19780116,PRCP,0,,,a,
ASN00007124,19780117,PRCP,0,,,a,
ASN00007124,19780118,PRCP,0,,,a,
ASN00007124,19780119,PRCP,0,,,a,
ASN00007124,19780120,PRCP,0,,,a,
ASN00007124,19780121,PRCP,0,,,a,
ASN00007124,19780122,PRCP,0,,,a,
ASN00007124,19780123,PRCP,0,,,a,
ASN00007124,19780124,PRCP,0,,,a,
ASN00007124,19780125,PRCP,0,,,a,
ASN00007124,19780126,PRCP,0,,,a,
ASN00007124,19780127,PRCP,0,,,a,
ASN00007124,19780128,PRCP,0,,,a,
ASN00007124,19780129,PRCP,0,,,a,
ASN00007124,19780130,PRCP,0,,,a,
ASN00007124,19780131,PRCP,0,,,a,
ASN00007124,19780201,PRCP,0,,,a,
ASN00007124,19780202,PRCP,0,,,a,
ASN00007124,19780203,PRCP,0,,,a,
ASN00007124,19780204,PRCP,0,,,a,
ASN00007124,19780205,PRCP,0,,,a,
ASN00007124,19780206,PRCP,0,,,a,
ASN00007124,19780207,PRCP,0,,,a,
ASN00007124,19780208,PRCP,0,,,a,
ASN00007124,19780209,PRCP,0,,,a,
ASN00007124,19780210,PRCP,0,,,a,
ASN00007124,19780211,PRCP,0,,,a,
ASN00007124,19780212,PRCP,0,,,a,
ASN00007124,19780213,PRCP,0,,,a,
ASN00007124,19780214,PRCP,415,,,a,
ASN00007124,19780215,PRCP,172,,,a,
ASN00007124,19780216,PRCP,80,,,a,
ASN00007124,19780217,PRCP,0,,,a,
ASN00007124,19780218,PRCP,0,,,a,
ASN00007124,19780219,PRCP,0,,,a,
ASN00007124,19780220,PRCP,0,,,a,
ASN00007124,19780221,PRCP,0,,,a,
ASN00007124,19780222,PRCP,0,,,a,
ASN00007124,19780223,PRCP,105,,,a,
ASN00007124,19780224,PRCP,0,,,a,
ASN00007124,19780225,PRCP,0,,,a,
ASN00007124,19780226,PRCP,0,,,a,
ASN00007124,19780227,PRCP,40,,,a,
ASN00007124,19780228,PRCP,0,,,a,
ASN00007124,19780301,PRCP,0,,,a,
ASN00007124,19780302,PRCP,0,,,a,
ASN00007124,19780303,PRCP,0,,,a,
ASN00007124,19780304,PRCP,0,,,a,
ASN00007124,19780305,PRCP,0,,,a,
ASN00007124,19780306,PRCP,0,,,a,
ASN00007124,19780307,PRCP,0,,,a,
ASN00007124,19780308,PRCP,0,,,a,
ASN00007124,19780309,PRCP,0,,,a,
ASN00007124,19780310,PRCP,0,,,a,
ASN00007124,19780311,PRCP,0,,,a,
ASN00007124,19780312,PRCP,0,,,a,
ASN00007124,19780313,PRCP,0,,,a,
ASN00007124,19780314,PRCP,0,,,a,
ASN00007124,19780315,PRCP,110,,,a,
ASN00007124,19780316,PRCP,0,,,a,
ASN00007124,19780317,PRCP,0,,,a,
ASN00007124,19780318,PRCP,0,,,a,
ASN00007124,19780319,PRCP,0,,,a,
ASN00007124,19780320,PRCP,0,,,a,
ASN00007124,19780321,PRCP,95,,,a,
ASN00007124,19780322,PRCP,0,,,a,
ASN00007124,19780323,PRCP,0,,,a,
ASN00007124,19780324,PRCP,0,,,a,
ASN00007124,19780325,PRCP,0,,,a,
ASN00007124,19780326,PRCP,0,,,a,
ASN00007124,19780327,PRCP,0,,,a,
ASN00007124,19780328,PRCP,0,,,a,
ASN00007124,19780329,PRCP,0,,,a,
ASN00007124,19780330,PRCP,0,,,a,
ASN00007124,19780331,PRCP,0,,,a,
ASN00007124,19780401,PRCP,0,,,a,
ASN00007124,19780402,PRCP,0,,,a,
ASN00007124,19780403,PRCP,102,,,a,
ASN00007124,19780404,PRCP,0,,,a,
ASN00007124,19780405,PRCP,0,,,a,
ASN00007124,19780406,PRCP,0,,,a,
ASN00007124,19780407,PRCP,0,,,a,
ASN00007124,19780408,PRCP,0,,,a,
ASN00007124,19780409,PRCP,0,,,a,
ASN00007124,19780410,PRCP,0,,,a,
ASN00007124,19780411,PRCP,0,,,a,
ASN00007124,19780412,PRCP,0,,,a,
ASN00007124,19780413,PRCP,0,,,a,
ASN00007124,19780414,PRCP,0,,,a,
ASN00007124,19780415,PRCP,0,,,a,
ASN00007124,19780416,PRCP,15,,,a,
ASN00007124,19780417,PRCP,0,,,a,
ASN00007124,19780418,PRCP,0,,,a,
ASN00007124,19780419,PRCP,0,,,a,
ASN00007124,19780420,PRCP,0,,,a,
ASN00007124,19780421,PRCP,0,,,a,
ASN00007124,19780422,PRCP,0,,,a,
ASN00007124,19780423,PRCP,0,,,a,
ASN00007124,19780424,PRCP,0,,,a,
ASN00007124,19780425,PRCP,0,,,a,
ASN00007124,19780426,PRCP,0,,,a,
ASN00007124,19780427,PRCP,0,,,a,
ASN00007124,19780428,PRCP,90,,,a,
ASN00007124,19780429,PRCP,0,,,a,
ASN00007124,19780430,PRCP,0,,,a,
ASN00007124,19780501,PRCP,0,,,a,
ASN00007124,19780502,PRCP,0,,,a,
ASN00007124,19780503,PRCP,0,,,a,
ASN00007124,19780504,PRCP,0,,,a,
ASN00007124,19780505,PRCP,0,,,a,
ASN00007124,19780506,PRCP,0,,,a,
ASN00007124,19780507,PRCP,0,,,a,
ASN00007124,19780508,PRCP,0,,,a,
ASN00007124,19780509,PRCP,0,,,a,
ASN00007124,19780510,PRCP,0,,,a,
ASN00007124,19780511,PRCP,0,,,a,
ASN00007124,19780512,PRCP,0,,,a,
ASN00007124,19780513,PRCP,0,,,a,
ASN00007124,19780514,PRCP,0,,,a,
ASN00007124,19780515,PRCP,0,,,a,
ASN00007124,19780516,PRCP,0,,,a,
ASN00007124,19780517,PRCP,0,,,a,
ASN00007124,19780518,PRCP,0,,,a,
ASN00007124,19780519,PRCP,0,,,a,
ASN00007124,19780520,PRCP,0,,,a,
ASN00007124,19780521,PRCP,0,,,a,
ASN00007124,19780522,PRCP,0,,,a,
ASN00007124,19780523,PRCP,0,,,a,
ASN00007124,19780524,PRCP,0,,,a,
ASN00007124,19780525,PRCP,0,,,a,
ASN00007124,19780526,PRCP,0,,,a,
ASN00007124,19780527,PRCP,0,,,a,
ASN00007124,19780528,PRCP,0,,,a,
ASN00007124,19780529,PRCP,0,,,a,
ASN00007124,19780530,PRCP,0,,,a,
ASN00007124,19780531,PRCP,0,,,a,
ASN00007124,19780601,PRCP,0,,,a,
ASN00007124,19780602,PRCP,0,,,a,
ASN00007124,19780603,PRCP,0,,,a,
ASN00007124,19780604,PRCP,0,,,a,
ASN00007124,19780605,PRCP,0,,,a,
ASN00007124,19780606,PRCP,0,,,a,
ASN00007124,19780607,PRCP,0,,,a,
ASN00007124,19780608,PRCP,0,,,a,
ASN00007124,19780609,PRCP,0,,,a,
ASN00007124,19780610,PRCP,0,,,a,
ASN00007124,19780611,PRCP,0,,,a,
ASN00007124,19780612,PRCP,0,,,a,
ASN00007124,19780613,PRCP,0,,,a,
ASN00007124,19780614,PRCP,0,,,a,
ASN00007124,19780615,PRCP,0,,,a,
ASN00007124,19780616,PRCP,0,,,a,
ASN00007124,19780617,PRCP,0,,,a,
ASN00007124,19780618,PRCP,0,,,a,
ASN00007124,19780619,PRCP,0,,,a,
ASN00007124,19780620,PRCP,0,,,a,
ASN00007124,19780621,PRCP,0,,,a,
ASN00007124,19780622,PRCP,0,,,a,
ASN00007124,19780623,PRCP,0,,,a,
ASN00007124,19780624,PRCP,0,,,a,
ASN00007124,19780625,PRCP,0,,,a,
ASN00007124,19780626,PRCP,0,,,a,
ASN00007124,19780627,PRCP,0,,,a,
ASN00007124,19780628,PRCP,0,,,a,
ASN00007124,19780629,PRCP,0,,,a,
ASN00007124,19780630,PRCP,0,,,a,
ASN00007124,19780701,PRCP,0,,,a,
ASN00007124,19780702,PRCP,40,,,a,
ASN00007124,19780703,PRCP,110,,,a,
ASN00007124,19780704,PRCP,30,,,a,
ASN00007124,19780705,PRCP,10,,,a,
ASN00007124,19780706,PRCP,0,,,a,
ASN00007124,19780707,PRCP,0,,,a,
ASN00007124,19780708,PRCP,0,,,a,
ASN00007124,19780709,PRCP,0,,,a,
ASN00007124,19780710,PRCP,0,,,a,
ASN00007124,19780711,PRCP,0,,,a,
ASN00007124,19780712,PRCP,0,,,a,
ASN00007124,19780713,PRCP,0,,,a,
ASN00007124,19780714,PRCP,0,,,a,
ASN00007124,19780715,PRCP,100,,,a,
ASN00007124,19780716,PRCP,0,,,a,
ASN00007124,19780717,PRCP,0,,,a,
ASN00007124,19780718,PRCP,0,,,a,
ASN00007124,19780719,PRCP,0,,,a,
ASN00007124,19780720,PRCP,100,,,a,
ASN00007124,19780721,PRCP,0,,,a,
ASN00007124,19780722,PRCP,0,,,a,
ASN00007124,19780723,PRCP,0,,,a,
ASN00007124,19780724,PRCP,0,,,a,
ASN00007124,19780725,PRCP,0,,,a,
ASN00007124,19780726,PRCP,0,,,a,
ASN00007124,19780727,PRCP,0,,,a,
ASN00007124,19780728,PRCP,0,,,a,
ASN00007124,19780729,PRCP,0,,,a,
ASN00007124,19780730,PRCP,0,,,a,
ASN00007124,19780731,PRCP,0,,,a,
ASN00007124,19780801,PRCP,0,,,a,
ASN00007124,19780802,PRCP,0,,,a,
ASN00007124,19780803,PRCP,0,,,a,
ASN00007124,19780804,PRCP,0,,,a,
ASN00007124,19780805,PRCP,0,,,a,
ASN00007124,19780806,PRCP,0,,,a,
ASN00007124,19780807,PRCP,0,,,a,
ASN00007124,19780808,PRCP,0,,,a,
ASN00007124,19780809,PRCP,0,,,a,
ASN00007124,19780810,PRCP,0,,,a,
ASN00007124,19780811,PRCP,0,,,a,
ASN00007124,19780812,PRCP,0,,,a,
ASN00007124,19780813,PRCP,0,,,a,
ASN00007124,19780814,PRCP,10,,,a,
ASN00007124,19780815,PRCP,260,,,a,
ASN00007124,19780816,PRCP,0,,,a,
ASN00007124,19780817,PRCP,0,,,a,
ASN00007124,19780818,PRCP,0,,,a,
ASN00007124,19780819,PRCP,0,,,a,
ASN00007124,19780820,PRCP,0,,,a,
ASN00007124,19780821,PRCP,0,,,a,
ASN00007124,19780822,PRCP,0,,,a,
ASN00007124,19780823,PRCP,0,,,a,
ASN00007124,19780824,PRCP,0,,,a,
ASN00007124,19780825,PRCP,0,,,a,
ASN00007124,19780826,PRCP,0,,,a,
ASN00007124,19780827,PRCP,0,,,a,
ASN00007124,19780828,PRCP,0,,,a,
ASN00007124,19780829,PRCP,0,,,a,
ASN00007124,19780830,PRCP,0,,,a,
ASN00007124,19780831,PRCP,0,,,a,
ASN00007124,19780901,PRCP,0,,,a,
ASN00007124,19780902,PRCP,0,,,a,
ASN00007124,19780903,PRCP,0,,,a,
ASN00007124,19780904,PRCP,0,,,a,
ASN00007124,19780905,PRCP,0,,,a,
ASN00007124,19780906,PRCP,0,,,a,
ASN00007124,19780907,PRCP,0,,,a,
ASN00007124,19780908,PRCP,0,,,a,
ASN00007124,19780909,PRCP,0,,,a,
ASN00007124,19780910,PRCP,0,,,a,
ASN00007124,19780911,PRCP,0,,,a,
ASN00007124,19780912,PRCP,0,,,a,
ASN00007124,19780913,PRCP,0,,,a,
ASN00007124,19780914,PRCP,0,,,a,
ASN00007124,19780915,PRCP,0,,,a,
ASN00007124,19780916,PRCP,0,,,a,
ASN00007124,19780917,PRCP,0,,,a,
ASN00007124,19780918,PRCP,0,,,a,
ASN00007124,19780919,PRCP,0,,,a,
ASN00007124,19780920,PRCP,0,,,a,
ASN00007124,19780921,PRCP,0,,,a,
ASN00007124,19780922,PRCP,0,,,a,
ASN00007124,19780923,PRCP,0,,,a,
ASN00007124,19780924,PRCP,0,,,a,
ASN00007124,19780925,PRCP,0,,,a,
ASN00007124,19780926,PRCP,0,,,a,
ASN00007124,19780927,PRCP,0,,,a,
ASN00007124,19780928,PRCP,0,,,a,
ASN00007124,19780929,PRCP,0,,,a,
ASN00007124,19780930,PRCP,0,,,a,
ASN00007124,19781001,PRCP,0,,,a,
ASN00007124,19781002,PRCP,0,,,a,
ASN00007124,19781003,PRCP,0,,,a,
ASN00007124,19781004,PRCP,0,,,a,
ASN00007124,19781005,PRCP,0,,,a,
ASN00007124,19781006,PRCP,0,,,a,
ASN00007124,19781007,PRCP,0,,,a,
ASN00007124,19781008,PRCP,0,,,a,
ASN00007124,19781009,PRCP,0,,,a,
ASN00007124,19781010,PRCP,0,,,a,
ASN00007124,19781011,PRCP,0,,,a,
ASN00007124,19781012,PRCP,0,,,a,
ASN00007124,19781013,PRCP,0,,,a,
ASN00007124,19781014,PRCP,0,,,a,
ASN00007124,19781015,PRCP,0,,,a,
ASN00007124,19781016,PRCP,0,,,a,
ASN00007124,19781017,PRCP,0,,,a,
ASN00007124,19781018,PRCP,0,,,a,
ASN00007124,19781019,PRCP,0,,,a,
ASN00007124,19781020,PRCP,0,,,a,
ASN00007124,19781021,PRCP,0,,,a,
ASN00007124,19781022,PRCP,0,,,a,
ASN00007124,19781023,PRCP,0,,,a,
ASN00007124,19781024,PRCP,0,,,a,
ASN00007124,19781025,PRCP,0,,,a,
ASN00007124,19781026,PRCP,0,,,a,
ASN00007124,19781027,PRCP,0,,,a,
ASN00007124,19781028,PRCP,0,,,a,
ASN00007124,19781029,PRCP,0,,,a,
ASN00007124,19781030,PRCP,0,,,a,
ASN00007124,19781031,PRCP,0,,,a,
ASN00007124,19781101,PRCP,0,,,a,
ASN00007124,19781102,PRCP,0,,,a,
ASN00007124,19781103,PRCP,0,,,a,
ASN00007124,19781104,PRCP,0,,,a,
ASN00007124,19781105,PRCP,0,,,a,
ASN00007124,19781106,PRCP,0,,,a,
ASN00007124,19781107,PRCP,0,,,a,
ASN00007124,19781108,PRCP,0,,,a,
ASN00007124,19781109,PRCP,0,,,a,
ASN00007124,19781110,PRCP,0,,,a,
ASN00007124,19781111,PRCP,0,,,a,
ASN00007124,19781112,PRCP,0,,,a,
ASN00007124,19781113,PRCP,0,,,a,
ASN00007124,19781114,PRCP,0,,,a,
ASN00007124,19781115,PRCP,0,,,a,
ASN00007124,19781116,PRCP,0,,,a,
ASN00007124,19781117,PRCP,0,,,a,
ASN00007124,19781118,PRCP,0,,,a,
ASN00007124,19781119,PRCP,0,,,a,
ASN00007124,19781120,PRCP,0,,,a,
ASN00007124,19781121,PRCP,0,,,a,
ASN00007124,19781122,PRCP,0,,,a,
ASN00007124,19781123,PRCP,0,,,a,
ASN00007124,19781124,PRCP,0,,,a,
ASN00007124,19781125,PRCP,0,,,a,
ASN00007124,19781126,PRCP,0,,,a,
ASN00007124,19781127,PRCP,0,,,a,
ASN00007124,19781128,PRCP,0,,,a,
ASN00007124,19781129,PRCP,0,,,a,
ASN00007124,19781130,PRCP,0,,,a,
ASN00007124,19781201,PRCP,0,,,a,
ASN00007124,19781202,PRCP,0,,,a,
ASN00007124,19781203,PRCP,0,,,a,
ASN00007124,19781204,PRCP,0,,,a,
ASN00007124,19781205,PRCP,0,,,a,
ASN00007124,19781206,PRCP,0,,,a,
ASN00007124,19781207,PRCP,0,,,a,
ASN00007124,19781208,PRCP,0,,,a,
ASN00007124,19781209,PRCP,0,,,a,
ASN00007124,19781210,PRCP,0,,,a,
ASN00007124,19781211,PRCP,0,,,a,
ASN00007124,19781212,PRCP,0,,,a,
ASN00007124,19781213,PRCP,0,,,a,
ASN00007124,19781214,PRCP,0,,,a,
ASN00007124,19781215,PRCP,0,,,a,
ASN00007124,19781216,PRCP,0,,,a,
ASN00007124,19781217,PRCP,0,,,a,
ASN00007124,19781218,PRCP,0,,,a,
ASN00007124,19781219,PRCP,0,,,a,
ASN00007124,19781220,PRCP,0,,,a,
ASN00007124,19781221,PRCP,0,,,a,
ASN00007124,19781222,PRCP,0,,,a,
ASN00007124,19781223,PRCP,0,,,a,
ASN00007124,19781224,PRCP,0,,,a,
ASN00007124,19781225,PRCP,0,,,a,
ASN00007124,19781226,PRCP,0,,,a,
ASN00007124,19781227,PRCP,0,,,a,
ASN00007124,19781228,PRCP,0,,,a,
ASN00007124,19781229,PRCP,0,,,a,
ASN00007124,19781230,PRCP,0,,,a,
ASN00007124,19781231,PRCP,0,,,a,
ASN00007124,19790101,PRCP,0,,,a,
ASN00007124,19790102,PRCP,0,,,a,
ASN00007124,19790103,PRCP,0,,,a,
ASN00007124,19790104,PRCP,0,,,a,
ASN00007124,19790105,PRCP,0,,,a,
ASN00007124,19790106,PRCP,0,,,a,
ASN00007124,19790107,PRCP,0,,,a,
ASN00007124,19790108,PRCP,0,,,a,
ASN00007124,19790109,PRCP,0,,,a,
ASN00007124,19790110,PRCP,0,,,a,
ASN00007124,19790111,PRCP,0,,,a,
ASN00007124,19790112,PRCP,0,,,a,
ASN00007124,19790113,PRCP,0,,,a,
ASN00007124,19790114,PRCP,0,,,a,
ASN00007124,19790115,PRCP,0,,,a,
ASN00007124,19790116,PRCP,0,,,a,
ASN00007124,19790117,PRCP,0,,,a,
ASN00007124,19790118,PRCP,0,,,a,
ASN00007124,19790119,PRCP,0,,,a,
ASN00007124,19790120,PRCP,0,,,a,
ASN00007124,19790121,PRCP,0,,,a,
ASN00007124,19790122,PRCP,0,,,a,
ASN00007124,19790123,PRCP,0,,,a,
ASN00007124,19790124,PRCP,0,,,a,
ASN00007124,19790125,PRCP,0,,,a,
ASN00007124,19790126,PRCP,0,,,a,
ASN00007124,19790127,PRCP,0,,,a,
ASN00007124,19790128,PRCP,0,,,a,
ASN00007124,19790129,PRCP,0,,,a,
ASN00007124,19790130,PRCP,0,,,a,
ASN00007124,19790131,PRCP,0,,,a,
ASN00007124,19790201,PRCP,0,,,a,
ASN00007124,19790202,PRCP,0,,,a,
ASN00007124,19790203,PRCP,0,,,a,
ASN00007124,19790204,PRCP,0,,,a,
ASN00007124,19790205,PRCP,0,,,a,
ASN00007124,19790206,PRCP,0,,,a,
ASN00007124,19790207,PRCP,0,,,a,
ASN00007124,19790208,PRCP,0,,,a,
ASN00007124,19790209,PRCP,0,,,a,
ASN00007124,19790210,PRCP,0,,,a,
ASN00007124,19790211,PRCP,0,,,a,
ASN00007124,19790212,PRCP,0,,,a,
ASN00007124,19790213,PRCP,20,,,a,
ASN00007124,19790214,PRCP,550,,,a,
ASN00007124,19790215,PRCP,71,,,a,
ASN00007124,19790216,PRCP,0,,,a,
ASN00007124,19790217,PRCP,0,,,a,
ASN00007124,19790218,PRCP,0,,,a,
ASN00007124,19790219,PRCP,0,,,a,
ASN00007124,19790220,PRCP,0,,,a,
ASN00007124,19790221,PRCP,0,,,a,
ASN00007124,19790222,PRCP,0,,,a,
ASN00007124,19790223,PRCP,0,,,a,
ASN00007124,19790224,PRCP,0,,,a,
ASN00007124,19790225,PRCP,0,,,a,
ASN00007124,19790226,PRCP,0,,,a,
ASN00007124,19790227,PRCP,0,,,a,
ASN00007124,19790228,PRCP,0,,,a,
ASN00007124,19790301,PRCP,0,,,a,
ASN00007124,19790302,PRCP,0,,,a,
ASN00007124,19790303,PRCP,0,,,a,
ASN00007124,19790304,PRCP,0,,,a,
ASN00007124,19790305,PRCP,0,,,a,
ASN00007124,19790306,PRCP,0,,,a,
ASN00007124,19790307,PRCP,0,,,a,
ASN00007124,19790308,PRCP,0,,,a,
ASN00007124,19790309,PRCP,0,,,a,
ASN00007124,19790310,PRCP,0,,,a,
ASN00007124,19790311,PRCP,0,,,a,
ASN00007124,19790312,PRCP,0,,,a,
ASN00007124,19790313,PRCP,0,,,a,
ASN00007124,19790314,PRCP,0,,,a,
ASN00007124,19790315,PRCP,0,,,a,
ASN00007124,19790316,PRCP,0,,,a,
ASN00007124,19790317,PRCP,0,,,a,
ASN00007124,19790318,PRCP,0,,,a,
ASN00007124,19790319,PRCP,0,,,a,
ASN00007124,19790320,PRCP,0,,,a,
ASN00007124,19790321,PRCP,0,,,a,
ASN00007124,19790322,PRCP,0,,,a,
ASN00007124,19790323,PRCP,0,,,a,
ASN00007124,19790324,PRCP,0,,,a,
ASN00007124,19790325,PRCP,0,,,a,
ASN00007124,19790326,PRCP,0,,,a,
ASN00007124,19790327,PRCP,12,,,a,
ASN00007124,19790328,PRCP,0,,,a,
ASN00007124,19790329,PRCP,0,,,a,
ASN00007124,19790330,PRCP,0,,,a,
ASN00007124,19790331,PRCP,0,,,a,
ASN00007124,19790401,PRCP,0,,,a,
ASN00007124,19790402,PRCP,0,,,a,
ASN00007124,19790403,PRCP,0,,,a,
ASN00007124,19790404,PRCP,0,,,a,
ASN00007124,19790405,PRCP,0,,,a,
ASN00007124,19790406,PRCP,0,,,a,
ASN00007124,19790407,PRCP,0,,,a,
ASN00007124,19790408,PRCP,0,,,a,
ASN00007124,19790409,PRCP,0,,,a,
ASN00007124,19790410,PRCP,0,,,a,
ASN00007124,19790411,PRCP,56,,,a,
ASN00007124,19790412,PRCP,0,,,a,
ASN00007124,19790413,PRCP,0,,,a,
ASN00007124,19790414,PRCP,0,,,a,
ASN00007124,19790415,PRCP,0,,,a,
ASN00007124,19790416,PRCP,0,,,a,
ASN00007124,19790417,PRCP,0,,,a,
ASN00007124,19790418,PRCP,0,,,a,
ASN00007124,19790419,PRCP,0,,,a,
ASN00007124,19790420,PRCP,0,,,a,
ASN00007124,19790421,PRCP,0,,,a,
ASN00007124,19790422,PRCP,0,,,a,
ASN00007124,19790423,PRCP,0,,,a,
ASN00007124,19790424,PRCP,0,,,a,
ASN00007124,19790425,PRCP,0,,,a,
ASN00007124,19790426,PRCP,0,,,a,
ASN00007124,19790427,PRCP,0,,,a,
ASN00007124,19790428,PRCP,0,,,a,
ASN00007124,19790429,PRCP,0,,,a,
ASN00007124,19790430,PRCP,0,,,a,
ASN00007124,19790501,PRCP,0,,,a,
ASN00007124,19790502,PRCP,0,,,a,
ASN00007124,19790503,PRCP,0,,,a,
ASN00007124,19790504,PRCP,0,,,a,
ASN00007124,19790505,PRCP,0,,,a,
ASN00007124,19790506,PRCP,0,,,a,
ASN00007124,19790507,PRCP,0,,,a,
ASN00007124,19790508,PRCP,0,,,a,
ASN00007124,19790509,PRCP,0,,,a,
ASN00007124,19790510,PRCP,0,,,a,
ASN00007124,19790511,PRCP,0,,,a,
ASN00007124,19790512,PRCP,0,,,a,
ASN00007124,19790513,PRCP,0,,,a,
ASN00007124,19790514,PRCP,0,,,a,
ASN00007124,19790515,PRCP,0,,,a,
ASN00007124,19790516,PRCP,0,,,a,
ASN00007124,19790517,PRCP,0,,,a,
ASN00007124,19790518,PRCP,0,,,a,
ASN00007124,19790519,PRCP,0,,,a,
ASN00007124,19790520,PRCP,0,,,a,
ASN00007124,19790521,PRCP,0,,,a,
ASN00007124,19790522,PRCP,0,,,a,
ASN00007124,19790523,PRCP,0,,,a,
ASN00007124,19790524,PRCP,0,,,a,
ASN00007124,19790525,PRCP,0,,,a,
ASN00007124,19790526,PRCP,0,,,a,
ASN00007124,19790527,PRCP,0,,,a,
ASN00007124,19790528,PRCP,0,,,a,
ASN00007124,19790529,PRCP,0,,,a,
ASN00007124,19790530,PRCP,0,,,a,
ASN00007124,19790531,PRCP,0,,,a,
ASN00007124,19790601,PRCP,0,,,a,
ASN00007124,19790602,PRCP,0,,,a,
ASN00007124,19790603,PRCP,0,,,a,
ASN00007124,19790604,PRCP,0,,,a,
ASN00007124,19790605,PRCP,0,,,a,
ASN00007124,19790606,PRCP,0,,,a,
ASN00007124,19790607,PRCP,0,,,a,
ASN00007124,19790608,PRCP,0,,,a,
ASN00007124,19790609,PRCP,0,,,a,
ASN00007124,19790610,PRCP,0,,,a,
ASN00007124,19790611,PRCP,0,,,a,
ASN00007124,19790612,PRCP,0,,,a,
ASN00007124,19790613,PRCP,0,,,a,
ASN00007124,19790614,PRCP,0,,,a,
ASN00007124,19790615,PRCP,0,,,a,
ASN00007124,19790616,PRCP,0,,,a,
ASN00007124,19790617,PRCP,0,,,a,
ASN00007124,19790618,PRCP,0,,,a,
ASN00007124,19790619,PRCP,0,,,a,
ASN00007124,19790620,PRCP,0,,,a,
ASN00007124,19790621,PRCP,0,,,a,
ASN00007124,19790622,PRCP,0,,,a,
ASN00007124,19790623,PRCP,0,,,a,
ASN00007124,19790624,PRCP,0,,,a,
ASN00007124,19790625,PRCP,0,,,a,
ASN00007124,19790626,PRCP,0,,,a,
ASN00007124,19790627,PRCP,0,,,a,
ASN00007124,19790628,PRCP,0,,,a,
ASN00007124,19790629,PRCP,0,,,a,
ASN00007124,19790630,PRCP,0,,,a,
ASN00007124,19790701,PRCP,0,,,a,
ASN00007124,19790702,PRCP,0,,,a,
ASN00007124,19790703,PRCP,0,,,a,
ASN00007124,19790704,PRCP,0,,,a,
ASN00007124,19790705,PRCP,0,,,a,
ASN00007124,19790706,PRCP,0,,,a,
ASN00007124,19790707,PRCP,0,,,a,
ASN00007124,19790708,PRCP,0,,,a,
ASN00007124,19790709,PRCP,0,,,a,
ASN00007124,19790710,PRCP,0,,,a,
ASN00007124,19790711,PRCP,0,,,a,
ASN00007124,19790712,PRCP,0,,,a,
ASN00007124,19790713,PRCP,0,,,a,
ASN00007124,19790714,PRCP,0,,,a,
ASN00007124,19790715,PRCP,0,,,a,
ASN00007124,19790716,PRCP,0,,,a,
ASN00007124,19790717,PRCP,0,,,a,
ASN00007124,19790718,PRCP,0,,,a,
ASN00007124,19790719,PRCP,0,,,a,
ASN00007124,19790720,PRCP,0,,,a,
ASN00007124,19790721,PRCP,0,,,a,
ASN00007124,19790722,PRCP,0,,,a,
ASN00007124,19790723,PRCP,0,,,a,
ASN00007124,19790724,PRCP,0,,,a,
ASN00007124,19790725,PRCP,0,,,a,
ASN00007124,19790726,PRCP,0,,,a,
ASN00007124,19790727,PRCP,0,,,a,
ASN00007124,19790728,PRCP,0,,,a,
ASN00007124,19790729,PRCP,0,,,a,
ASN00007124,19790730,PRCP,0,,,a,
ASN00007124,19790731,PRCP,0,,,a,
ASN00007124,19790801,PRCP,0,,,a,
ASN00007124,19790802,PRCP,0,,,a,
ASN00007124,19790803,PRCP,0,,,a,
ASN00007124,19790804,PRCP,0,,,a,
ASN00007124,19790805,PRCP,0,,,a,
ASN00007124,19790806,PRCP,0,,,a,
ASN00007124,19790807,PRCP,0,,,a,
ASN00007124,19790808,PRCP,0,,,a,
ASN00007124,19790809,PRCP,0,,,a,
ASN00007124,19790810,PRCP,0,,,a,
ASN00007124,19790811,PRCP,0,,,a,
ASN00007124,19790812,PRCP,0,,,a,
ASN00007124,19790813,PRCP,0,,,a,
ASN00007124,19790814,PRCP,0,,,a,
ASN00007124,19790815,PRCP,0,,,a,
ASN00007124,19790816,PRCP,0,,,a,
ASN00007124,19790817,PRCP,0,,,a,
ASN00007124,19790818,PRCP,0,,,a,
ASN00007124,19790819,PRCP,0,,,a,
ASN00007124,19790820,PRCP,0,,,a,
ASN00007124,19790821,PRCP,0,,,a,
ASN00007124,19790822,PRCP,0,,,a,
ASN00007124,19790823,PRCP,0,,,a,
ASN00007124,19790824,PRCP,0,,,a,
ASN00007124,19790825,PRCP,0,,,a,
ASN00007124,19790826,PRCP,0,,,a,
ASN00007124,19790827,PRCP,0,,,a,
ASN00007124,19790828,PRCP,0,,,a,
ASN00007124,19790829,PRCP,0,,,a,
ASN00007124,19790830,PRCP,0,,,a,
ASN00007124,19790831,PRCP,0,,,a,
ASN00007124,19790901,PRCP,0,,,a,
ASN00007124,19790902,PRCP,0,,,a,
ASN00007124,19790903,PRCP,0,,,a,
ASN00007124,19790904,PRCP,0,,,a,
ASN00007124,19790905,PRCP,0,,,a,
ASN00007124,19790906,PRCP,0,,,a,
ASN00007124,19790907,PRCP,0,,,a,
ASN00007124,19790908,PRCP,0,,,a,
ASN00007124,19790909,PRCP,0,,,a,
ASN00007124,19790910,PRCP,0,,,a,
ASN00007124,19790911,PRCP,0,,,a,
ASN00007124,19790912,PRCP,0,,,a,
ASN00007124,19790913,PRCP,0,,,a,
ASN00007124,19790914,PRCP,0,,,a,
ASN00007124,19790915,PRCP,0,,,a,
ASN00007124,19790916,PRCP,0,,,a,
ASN00007124,19790917,PRCP,0,,,a,
ASN00007124,19790918,PRCP,0,,,a,
ASN00007124,19790919,PRCP,0,,,a,
ASN00007124,19790920,PRCP,0,,,a,
ASN00007124,19790921,PRCP,0,,,a,
ASN00007124,19790922,PRCP,0,,,a,
ASN00007124,19790923,PRCP,0,,,a,
ASN00007124,19790924,PRCP,0,,,a,
ASN00007124,19790925,PRCP,0,,,a,
ASN00007124,19790926,PRCP,0,,,a,
ASN00007124,19790927,PRCP,0,,,a,
ASN00007124,19790928,PRCP,0,,,a,
ASN00007124,19790929,PRCP,0,,,a,
ASN00007124,19790930,PRCP,0,,,a,
ASN00007124,19791001,PRCP,0,,,a,
ASN00007124,19791002,PRCP,0,,,a,
ASN00007124,19791003,PRCP,0,,,a,
ASN00007124,19791004,PRCP,0,,,a,
ASN00007124,19791005,PRCP,0,,,a,
ASN00007124,19791006,PRCP,0,,,a,
ASN00007124,19791007,PRCP,0,,,a,
ASN00007124,19791008,PRCP,0,,,a,
ASN00007124,19791009,PRCP,0,,,a,
ASN00007124,19791010,PRCP,0,,,a,
ASN00007124,19791011,PRCP,0,,,a,
ASN00007124,19791012,PRCP,0,,,a,
ASN00007124,19791013,PRCP,0,,,a,
ASN00007124,19791014,PRCP,0,,,a,
ASN00007124,19791015,PRCP,0,,,a,
ASN00007124,19791016,PRCP,0,,,a,
ASN00007124,19791017,PRCP,0,,,a,
ASN00007124,19791018,PRCP,0,,,a,
ASN00007124,19791019,PRCP,0,,,a,
ASN00007124,19791020,PRCP,0,,,a,
ASN00007124,19791021,PRCP,0,,,a,
ASN00007124,19791022,PRCP,0,,,a,
ASN00007124,19791023,PRCP,0,,,a,
ASN00007124,19791024,PRCP,0,,,a,
ASN00007124,19791025,PRCP,0,,,a,
ASN00007124,19791026,PRCP,0,,,a,
ASN00007124,19791027,PRCP,0,,,a,
ASN00007124,19791028,PRCP,0,,,a,
ASN00007124,19791029,PRCP,0,,,a,
ASN00007124,19791030,PRCP,0,,,a,
ASN00007124,19791031,PRCP,0,,,a,
ASN00007124,19791101,PRCP,0,,,a,
ASN00007124,19791102,PRCP,0,,,a,
ASN00007124,19791103,PRCP,0,,,a,
ASN00007124,19791104,PRCP,0,,,a,
ASN00007124,19791105,PRCP,0,,,a,
ASN00007124,19791106,PRCP,0,,,a,
ASN00007124,19791107,PRCP,0,,,a,
ASN00007124,19791108,PRCP,0,,,a,
ASN00007124,19791109,PRCP,0,,,a,
ASN00007124,19791110,PRCP,0,,,a,
ASN00007124,19791111,PRCP,0,,,a,
ASN00007124,19791112,PRCP,0,,,a,
ASN00007124,19791113,PRCP,0,,,a,
ASN00007124,19791114,PRCP,0,,,a,
ASN00007124,19791115,PRCP,0,,,a,
ASN00007124,19791116,PRCP,0,,,a,
ASN00007124,19791117,PRCP,0,,,a,
ASN00007124,19791118,PRCP,0,,,a,
ASN00007124,19791119,PRCP,0,,,a,
ASN00007124,19791120,PRCP,0,,,a,
ASN00007124,19791121,PRCP,0,,,a,
ASN00007124,19791122,PRCP,0,,,a,
ASN00007124,19791123,PRCP,0,,,a,
ASN00007124,19791124,PRCP,0,,,a,
ASN00007124,19791125,PRCP,0,,,a,
ASN00007124,19791126,PRCP,0,,,a,
ASN00007124,19791127,PRCP,0,,,a,
ASN00007124,19791128,PRCP,0,,,a,
ASN00007124,19791129,PRCP,0,,,a,
ASN00007124,19791130,PRCP,0,,,a,
ASN00007124,19791201,PRCP,0,,,a,
ASN00007124,19791202,PRCP,0,,,a,
ASN00007124,19791203,PRCP,0,,,a,
ASN00007124,19791204,PRCP,0,,,a,
ASN00007124,19791205,PRCP,0,,,a,
ASN00007124,19791206,PRCP,0,,,a,
ASN00007124,19791207,PRCP,0,,,a,
ASN00007124,19791208,PRCP,0,,,a,
ASN00007124,19791209,PRCP,0,,,a,
ASN00007124,19791210,PRCP,70,,,a,
ASN00007124,19791211,PRCP,0,,,a,
ASN00007124,19791212,PRCP,0,,,a,
ASN00007124,19791213,PRCP,0,,,a,
ASN00007124,19791214,PRCP,0,,,a,
ASN00007124,19791215,PRCP,0,,,a,
ASN00007124,19791216,PRCP,0,,,a,
ASN00007124,19791217,PRCP,0,,,a,
ASN00007124,19791218,PRCP,0,,,a,
ASN00007124,19791219,PRCP,0,,,a,
ASN00007124,19791220,PRCP,0,,,a,
ASN00007124,19791221,PRCP,0,,,a,
ASN00007124,19791222,PRCP,0,,,a,
ASN00007124,19791223,PRCP,0,,,a,
ASN00007124,19791224,PRCP,0,,,a,
ASN00007124,19791225,PRCP,0,,,a,
ASN00007124,19791226,PRCP,0,,,a,
ASN00007124,19791227,PRCP,0,,,a,
ASN00007124,19791228,PRCP,0,,,a,
ASN00007124,19791229,PRCP,0,,,a,
ASN00007124,19791230,PRCP,0,,,a,
ASN00007124,19791231,PRCP,0,,,a,
ASN00007124,19800101,PRCP,0,,,a,
ASN00007124,19800102,PRCP,0,,,a,
ASN00007124,19800103,PRCP,0,,,a,
ASN00007124,19800104,PRCP,0,,,a,
ASN00007124,19800105,PRCP,0,,,a,
ASN00007124,19800106,PRCP,0,,,a,
ASN00007124,19800107,PRCP,0,,,a,
ASN00007124,19800108,PRCP,0,,,a,
ASN00007124,19800109,PRCP,0,,,a,
ASN00007124,19800110,PRCP,0,,,a,
ASN00007124,19800111,PRCP,100,,,a,
ASN00007124,19800112,PRCP,0,,,a,
ASN00007124,19800113,PRCP,0,,,a,
ASN00007124,19800114,PRCP,15,,,a,
ASN00007124,19800115,PRCP,0,,,a,
ASN00007124,19800116,PRCP,55,,,a,
ASN00007124,19800117,PRCP,0,,,a,
ASN00007124,19800118,PRCP,0,,,a,
ASN00007124,19800119,PRCP,0,,,a,
ASN00007124,19800120,PRCP,0,,,a,
ASN00007124,19800121,PRCP,0,,,a,
ASN00007124,19800122,PRCP,0,,,a,
ASN00007124,19800123,PRCP,0,,,a,
ASN00007124,19800124,PRCP,0,,,a,
ASN00007124,19800125,PRCP,0,,,a,
ASN00007124,19800126,PRCP,0,,,a,
ASN00007124,19800127,PRCP,0,,,a,
ASN00007124,19800128,PRCP,0,,,a,
ASN00007124,19800129,PRCP,0,,,a,
ASN00007124,19800130,PRCP,50,,,a,
ASN00007124,19800131,PRCP,0,,,a,
ASN00007124,19800201,PRCP,0,,,a,
ASN00007124,19800202,PRCP,0,,,a,
ASN00007124,19800203,PRCP,0,,,a,
ASN00007124,19800204,PRCP,0,,,a,
ASN00007124,19800205,PRCP,0,,,a,
ASN00007124,19800206,PRCP,0,,,a,
ASN00007124,19800207,PRCP,0,,,a,
ASN00007124,19800208,PRCP,0,,,a,
ASN00007124,19800209,PRCP,0,,,a,
ASN00007124,19800210,PRCP,0,,,a,
ASN00007124,19800211,PRCP,0,,,a,
ASN00007124,19800212,PRCP,0,,,a,
ASN00007124,19800213,PRCP,0,,,a,
ASN00007124,19800214,PRCP,0,,,a,
ASN00007124,19800215,PRCP,0,,,a,
ASN00007124,19800216,PRCP,0,,,a,
ASN00007124,19800217,PRCP,0,,,a,
ASN00007124,19800218,PRCP,0,,,a,
ASN00007124,19800219,PRCP,0,,,a,
ASN00007124,19800220,PRCP,0,,,a,
ASN00007124,19800221,PRCP,0,,,a,
ASN00007124,19800222,PRCP,0,,,a,
ASN00007124,19800223,PRCP,0,,,a,
ASN00007124,19800224,PRCP,0,,,a,
ASN00007124,19800225,PRCP,0,,,a,
ASN00007124,19800226,PRCP,0,,,a,
ASN00007124,19800227,PRCP,0,,,a,
ASN00007124,19800228,PRCP,0,,,a,
ASN00007124,19800229,PRCP,0,,,a,
ASN00007124,19800301,PRCP,0,,,a,
ASN00007124,19800302,PRCP,0,,,a,
ASN00007124,19800303,PRCP,0,,,a,
ASN00007124,19800304,PRCP,0,,,a,
ASN00007124,19800305,PRCP,0,,,a,
ASN00007124,19800306,PRCP,0,,,a,
ASN00007124,19800307,PRCP,0,,,a,
ASN00007124,19800308,PRCP,0,,,a,
ASN00007124,19800309,PRCP,0,,,a,
ASN00007124,19800310,PRCP,0,,,a,
ASN00007124,19800311,PRCP,0,,,a,
ASN00007124,19800312,PRCP,0,,,a,
ASN00007124,19800313,PRCP,0,,,a,
ASN00007124,19800314,PRCP,0,,,a,
ASN00007124,19800315,PRCP,0,,,a,
ASN00007124,19800316,PRCP,0,,,a,
ASN00007124,19800317,PRCP,0,,,a,
ASN00007124,19800318,PRCP,0,,,a,
ASN00007124,19800319,PRCP,0,,,a,
ASN00007124,19800320,PRCP,364,,,a,
ASN00007124,19800321,PRCP,12,,,a,
ASN00007124,19800322,PRCP,0,,,a,
ASN00007124,19800323,PRCP,0,,,a,
ASN00007124,19800324,PRCP,0,,,a,
ASN00007124,19800325,PRCP,0,,,a,
ASN00007124,19800326,PRCP,0,,,a,
ASN00007124,19800327,PRCP,0,,,a,
ASN00007124,19800328,PRCP,0,,,a,
ASN00007124,19800329,PRCP,0,,,a,
ASN00007124,19800330,PRCP,0,,,a,
ASN00007124,19800331,PRCP,0,,,a,
ASN00007124,19800401,PRCP,0,,,a,
ASN00007124,19800402,PRCP,0,,,a,
ASN00007124,19800403,PRCP,0,,,a,
ASN00007124,19800404,PRCP,0,,,a,
ASN00007124,19800405,PRCP,0,,,a,
ASN00007124,19800406,PRCP,0,,,a,
ASN00007124,19800407,PRCP,0,,,a,
ASN00007124,19800408,PRCP,0,,,a,
ASN00007124,19800409,PRCP,0,,,a,
ASN00007124,19800410,PRCP,0,,,a,
ASN00007124,19800411,PRCP,0,,,a,
ASN00007124,19800412,PRCP,0,,,a,
ASN00007124,19800413,PRCP,0,,,a,
ASN00007124,19800414,PRCP,0,,,a,
ASN00007124,19800415,PRCP,0,,,a,
ASN00007124,19800416,PRCP,0,,,a,
ASN00007124,19800417,PRCP,0,,,a,
ASN00007124,19800418,PRCP,0,,,a,
ASN00007124,19800419,PRCP,0,,,a,
ASN00007124,19800420,PRCP,0,,,a,
ASN00007124,19800421,PRCP,0,,,a,
ASN00007124,19800422,PRCP,0,,,a,
ASN00007124,19800423,PRCP,0,,,a,
ASN00007124,19800424,PRCP,0,,,a,
ASN00007124,19800425,PRCP,0,,,a,
ASN00007124,19800426,PRCP,0,,,a,
ASN00007124,19800427,PRCP,0,,,a,
ASN00007124,19800428,PRCP,0,,,a,
ASN00007124,19800429,PRCP,0,,,a,
ASN00007124,19800430,PRCP,0,,,a,
ASN00007124,19800501,PRCP,0,,,a,
ASN00007124,19800502,PRCP,0,,,a,
ASN00007124,19800503,PRCP,0,,,a,
ASN00007124,19800504,PRCP,0,,,a,
ASN00007124,19800505,PRCP,0,,,a,
ASN00007124,19800506,PRCP,0,,,a,
ASN00007124,19800507,PRCP,0,,,a,
ASN00007124,19800508,PRCP,0,,,a,
ASN00007124,19800509,PRCP,0,,,a,
ASN00007124,19800510,PRCP,0,,,a,
ASN00007124,19800511,PRCP,50,,,a,
ASN00007124,19800512,PRCP,0,,,a,
ASN00007124,19800513,PRCP,0,,,a,
ASN00007124,19800514,PRCP,0,,,a,
ASN00007124,19800515,PRCP,0,,,a,
ASN00007124,19800516,PRCP,0,,,a,
ASN00007124,19800517,PRCP,0,,,a,
ASN00007124,19800518,PRCP,0,,,a,
ASN00007124,19800519,PRCP,0,,,a,
ASN00007124,19800520,PRCP,0,,,a,
ASN00007124,19800521,PRCP,0,,,a,
ASN00007124,19800522,PRCP,0,,,a,
ASN00007124,19800523,PRCP,30,,,a,
ASN00007124,19800524,PRCP,0,,,a,
ASN00007124,19800525,PRCP,0,,,a,
ASN00007124,19800526,PRCP,0,,,a,
ASN00007124,19800527,PRCP,0,,,a,
ASN00007124,19800528,PRCP,0,,,a,
ASN00007124,19800529,PRCP,310,,,a,
ASN00007124,19800530,PRCP,90,,,a,
ASN00007124,19800531,PRCP,0,,,a,
ASN00007124,19800601,PRCP,160,,,a,
ASN00007124,19800602,PRCP,0,,,a,
ASN00007124,19800603,PRCP,0,,,a,
ASN00007124,19800604,PRCP,0,,,a,
ASN00007124,19800605,PRCP,0,,,a,
ASN00007124,19800606,PRCP,0,,,a,
ASN00007124,19800607,PRCP,0,,,a,
ASN00007124,19800608,PRCP,0,,,a,
ASN00007124,19800609,PRCP,0,,,a,
ASN00007124,19800610,PRCP,0,,,a,
ASN00007124,19800611,PRCP,0,,,a,
ASN00007124,19800612,PRCP,0,,,a,
ASN00007124,19800613,PRCP,0,,,a,
ASN00007124,19800614,PRCP,0,,,a,
ASN00007124,19800615,PRCP,0,,,a,
ASN00007124,19800616,PRCP,0,,,a,
ASN00007124,19800617,PRCP,0,,,a,
ASN00007124,19800618,PRCP,0,,,a,
ASN00007124,19800619,PRCP,0,,,a,
ASN00007124,19800620,PRCP,690,,,a,
ASN00007124,19800621,PRCP,1280,,,a,
ASN00007124,19800622,PRCP,0,,,a,
ASN00007124,19800623,PRCP,0,,,a,
ASN00007124,19800624,PRCP,90,,,a,
ASN00007124,19800625,PRCP,230,,,a,
ASN00007124,19800626,PRCP,98,,,a,
ASN00007124,19800627,PRCP,50,,,a,
ASN00007124,19800628,PRCP,0,,,a,
ASN00007124,19800629,PRCP,0,,,a,
ASN00007124,19800630,PRCP,0,,,a,
ASN00007124,19800701,PRCP,0,,,a,
ASN00007124,19800702,PRCP,0,,,a,
ASN00007124,19800703,PRCP,0,,,a,
ASN00007124,19800704,PRCP,0,,,a,
ASN00007124,19800705,PRCP,0,,,a,
ASN00007124,19800706,PRCP,0,,,a,
ASN00007124,19800707,PRCP,0,,,a,
ASN00007124,19800708,PRCP,0,,,a,
ASN00007124,19800709,PRCP,0,,,a,
ASN00007124,19800710,PRCP,40,,,a,
ASN00007124,19800711,PRCP,0,,,a,
ASN00007124,19800712,PRCP,0,,,a,
ASN00007124,19800713,PRCP,0,,,a,
ASN00007124,19800714,PRCP,0,,,a,
ASN00007124,19800715,PRCP,0,,,a,
ASN00007124,19800716,PRCP,0,,,a,
ASN00007124,19800717,PRCP,0,,,a,
ASN00007124,19800718,PRCP,30,,,a,
ASN00007124,19800719,PRCP,0,,,a,
ASN00007124,19800720,PRCP,0,,,a,
ASN00007124,19800721,PRCP,0,,,a,
ASN00007124,19800722,PRCP,0,,,a,
ASN00007124,19800723,PRCP,0,,,a,
ASN00007124,19800724,PRCP,0,,,a,
ASN00007124,19800725,PRCP,0,,,a,
ASN00007124,19800726,PRCP,0,,,a,
ASN00007124,19800727,PRCP,0,,,a,
ASN00007124,19800728,PRCP,0,,,a,
ASN00007124,19800729,PRCP,0,,,a,
ASN00007124,19800730,PRCP,0,,,a,
ASN00007124,19800731,PRCP,0,,,a,
ASN00007124,19800801,PRCP,0,,,a,
ASN00007124,19800802,PRCP,0,,,a,
ASN00007124,19800803,PRCP,0,,,a,
ASN00007124,19800804,PRCP,0,,,a,
ASN00007124,19800805,PRCP,0,,,a,
ASN00007124,19800806,PRCP,0,,,a,
ASN00007124,19800807,PRCP,0,,,a,
ASN00007124,19800808,PRCP,0,,,a,
ASN00007124,19800809,PRCP,0,,,a,
ASN00007124,19800810,PRCP,0,,,a,
ASN00007124,19800811,PRCP,0,,,a,
ASN00007124,19800812,PRCP,0,,,a,
ASN00007124,19800813,PRCP,0,,,a,
ASN00007124,19800814,PRCP,0,,,a,
ASN00007124,19800815,PRCP,0,,,a,
ASN00007124,19800816,PRCP,0,,,a,
ASN00007124,19800817,PRCP,0,,,a,
ASN00007124,19800818,PRCP,0,,,a,
ASN00007124,19800819,PRCP,0,,,a,
ASN00007124,19800820,PRCP,0,,,a,
ASN00007124,19800821,PRCP,0,,,a,
ASN00007124,19800822,PRCP,0,,,a,
ASN00007124,19800823,PRCP,0,,,a,
ASN00007124,19800824,PRCP,0,,,a,
ASN00007124,19800825,PRCP,0,,,a,
ASN00007124,19800826,PRCP,0,,,a,
ASN00007124,19800827,PRCP,0,,,a,
ASN00007124,19800828,PRCP,0,,,a,
ASN00007124,19800829,PRCP,0,,,a,
ASN00007124,19800830,PRCP,0,,,a,
ASN00007124,19800831,PRCP,0,,,a,
ASN00007124,19800901,PRCP,0,,,a,
ASN00007124,19800902,PRCP,0,,,a,
ASN00007124,19800903,PRCP,0,,,a,
ASN00007124,19800904,PRCP,0,,,a,
ASN00007124,19800905,PRCP,0,,,a,
ASN00007124,19800906,PRCP,0,,,a,
ASN00007124,19800907,PRCP,0,,,a,
ASN00007124,19800908,PRCP,0,,,a,
ASN00007124,19800909,PRCP,0,,,a,
ASN00007124,19800910,PRCP,0,,,a,
ASN00007124,19800911,PRCP,0,,,a,
ASN00007124,19800912,PRCP,0,,,a,
ASN00007124,19800913,PRCP,0,,,a,
ASN00007124,19800914,PRCP,0,,,a,
ASN00007124,19800915,PRCP,0,,,a,
ASN00007124,19800916,PRCP,0,,,a,
ASN00007124,19800917,PRCP,0,,,a,
ASN00007124,19800918,PRCP,0,,,a,
ASN00007124,19800919,PRCP,0,,,a,
ASN00007124,19800920,PRCP,0,,,a,
ASN00007124,19800921,PRCP,0,,,a,
ASN00007124,19800922,PRCP,0,,,a,
ASN00007124,19800923,PRCP,0,,,a,
ASN00007124,19800924,PRCP,0,,,a,
ASN00007124,19800925,PRCP,0,,,a,
ASN00007124,19800926,PRCP,0,,,a,
ASN00007124,19800927,PRCP,0,,,a,
ASN00007124,19800928,PRCP,0,,,a,
ASN00007124,19800929,PRCP,0,,,a,
ASN00007124,19800930,PRCP,0,,,a,
ASN00007124,19801001,PRCP,0,,,a,
ASN00007124,19801002,PRCP,0,,,a,
ASN00007124,19801003,PRCP,0,,,a,
ASN00007124,19801004,PRCP,0,,,a,
ASN00007124,19801005,PRCP,0,,,a,
ASN00007124,19801006,PRCP,0,,,a,
ASN00007124,19801007,PRCP,0,,,a,
ASN00007124,19801008,PRCP,0,,,a,
ASN00007124,19801009,PRCP,0,,,a,
ASN00007124,19801010,PRCP,0,,,a,
ASN00007124,19801011,PRCP,0,,,a,
ASN00007124,19801012,PRCP,0,,,a,
ASN00007124,19801013,PRCP,0,,,a,
ASN00007124,19801014,PRCP,0,,,a,
ASN00007124,19801015,PRCP,0,,,a,
ASN00007124,19801016,PRCP,0,,,a,
ASN00007124,19801017,PRCP,0,,,a,
ASN00007124,19801018,PRCP,0,,,a,
ASN00007124,19801019,PRCP,0,,,a,
ASN00007124,19801020,PRCP,0,,,a,
ASN00007124,19801021,PRCP,0,,,a,
ASN00007124,19801022,PRCP,0,,,a,
ASN00007124,19801023,PRCP,0,,,a,
ASN00007124,19801024,PRCP,0,,,a,
ASN00007124,19801025,PRCP,0,,,a,
ASN00007124,19801026,PRCP,0,,,a,
ASN00007124,19801027,PRCP,0,,,a,
ASN00007124,19801028,PRCP,0,,,a,
ASN00007124,19801029,PRCP,0,,,a,
ASN00007124,19801030,PRCP,0,,,a,
ASN00007124,19801031,PRCP,0,,,a,
ASN00007124,19801101,PRCP,0,,,a,
ASN00007124,19801102,PRCP,0,,,a,
ASN00007124,19801103,PRCP,0,,,a,
ASN00007124,19801104,PRCP,0,,,a,
ASN00007124,19801105,PRCP,0,,,a,
ASN00007124,19801106,PRCP,0,,,a,
ASN00007124,19801107,PRCP,0,,,a,
ASN00007124,19801108,PRCP,0,,,a,
ASN00007124,19801109,PRCP,0,,,a,
ASN00007124,19801110,PRCP,0,,,a,
ASN00007124,19801111,PRCP,0,,,a,
ASN00007124,19801112,PRCP,0,,,a,
ASN00007124,19801113,PRCP,0,,,a,
ASN00007124,19801114,PRCP,0,,,a,
ASN00007124,19801115,PRCP,0,,,a,
ASN00007124,19801116,PRCP,0,,,a,
ASN00007124,19801117,PRCP,0,,,a,
ASN00007124,19801118,PRCP,0,,,a,
ASN00007124,19801119,PRCP,0,,,a,
ASN00007124,19801120,PRCP,0,,,a,
ASN00007124,19801121,PRCP,0,,,a,
ASN00007124,19801122,PRCP,0,,,a,
ASN00007124,19801123,PRCP,0,,,a,
ASN00007124,19801124,PRCP,0,,,a,
ASN00007124,19801125,PRCP,0,,,a,
ASN00007124,19801126,PRCP,0,,,a,
ASN00007124,19801127,PRCP,0,,,a,
ASN00007124,19801128,PRCP,0,,,a,
ASN00007124,19801129,PRCP,0,,,a,
ASN00007124,19801130,PRCP,0,,,a,
ASN00007124,19801201,PRCP,0,,,a,
ASN00007124,19801202,PRCP,0,,,a,
ASN00007124,19801203,PRCP,0,,,a,
ASN00007124,19801204,PRCP,0,,,a,
ASN00007124,19801205,PRCP,0,,,a,
ASN00007124,19801206,PRCP,0,,,a,
ASN00007124,19801207,PRCP,0,,,a,
ASN00007124,19801208,PRCP,0,,,a,
ASN00007124,19801209,PRCP,0,,,a,
ASN00007124,19801210,PRCP,0,,,a,
ASN00007124,19801211,PRCP,0,,,a,
ASN00007124,19801212,PRCP,0,,,a,
ASN00007124,19801213,PRCP,0,,,a,
ASN00007124,19801214,PRCP,0,,,a,
ASN00007124,19801215,PRCP,0,,,a,
ASN00007124,19801216,PRCP,0,,,a,
ASN00007124,19801217,PRCP,0,,,a,
ASN00007124,19801218,PRCP,0,,,a,
ASN00007124,19801219,PRCP,0,,,a,
ASN00007124,19801220,PRCP,0,,,a,
ASN00007124,19801221,PRCP,0,,,a,
ASN00007124,19801222,PRCP,0,,,a,
ASN00007124,19801223,PRCP,0,,,a,
ASN00007124,19801224,PRCP,0,,,a,
ASN00007124,19801225,PRCP,0,,,a,
ASN00007124,19801226,PRCP,0,,,a,
ASN00007124,19801227,PRCP,0,,,a,
ASN00007124,19801228,PRCP,0,,,a,
ASN00007124,19801229,PRCP,0,,,a,
ASN00007124,19801230,PRCP,0,,,a,
ASN00007124,19801231,PRCP,0,,,a,
ASN00007124,19810101,PRCP,0,,,a,
ASN00007124,19810102,PRCP,0,,,a,
ASN00007124,19810103,PRCP,0,,,a,
ASN00007124,19810104,PRCP,0,,,a,
ASN00007124,19810105,PRCP,0,,,a,
ASN00007124,19810106,PRCP,0,,,a,
ASN00007124,19810107,PRCP,0,,,a,
ASN00007124,19810108,PRCP,0,,,a,
ASN00007124,19810109,PRCP,0,,,a,
ASN00007124,19810110,PRCP,0,,,a,
ASN00007124,19810111,PRCP,0,,,a,
ASN00007124,19810112,PRCP,0,,,a,
ASN00007124,19810113,PRCP,0,,,a,
ASN00007124,19810114,PRCP,0,,,a,
ASN00007124,19810115,PRCP,0,,,a,
ASN00007124,19810116,PRCP,0,,,a,
ASN00007124,19810117,PRCP,0,,,a,
ASN00007124,19810118,PRCP,0,,,a,
ASN00007124,19810119,PRCP,0,,,a,
ASN00007124,19810120,PRCP,0,,,a,
ASN00007124,19810121,PRCP,0,,,a,
ASN00007124,19810122,PRCP,0,,,a,
ASN00007124,19810123,PRCP,0,,,a,
ASN00007124,19810124,PRCP,0,,,a,
ASN00007124,19810125,PRCP,0,,,a,
ASN00007124,19810126,PRCP,0,,,a,
ASN00007124,19810127,PRCP,0,,,a,
ASN00007124,19810128,PRCP,0,,,a,
ASN00007124,19810129,PRCP,0,,,a,
ASN00007124,19810130,PRCP,0,,,a,
ASN00007124,19810131,PRCP,0,,,a,
ASN00007124,19810201,PRCP,0,,,a,
ASN00007124,19810202,PRCP,0,,,a,
ASN00007124,19810203,PRCP,0,,,a,
ASN00007124,19810204,PRCP,0,,,a,
ASN00007124,19810205,PRCP,0,,,a,
ASN00007124,19810206,PRCP,0,,,a,
ASN00007124,19810207,PRCP,0,,,a,
ASN00007124,19810208,PRCP,0,,,a,
ASN00007124,19810209,PRCP,0,,,a,
ASN00007124,19810210,PRCP,0,,,a,
ASN00007124,19810211,PRCP,0,,,a,
ASN00007124,19810212,PRCP,0,,,a,
ASN00007124,19810213,PRCP,0,,,a,
ASN00007124,19810214,PRCP,0,,,a,
ASN00007124,19810215,PRCP,0,,,a,
ASN00007124,19810216,PRCP,0,,,a,
ASN00007124,19810217,PRCP,0,,,a,
ASN00007124,19810218,PRCP,0,,,a,
ASN00007124,19810219,PRCP,0,,,a,
ASN00007124,19810220,PRCP,0,,,a,
ASN00007124,19810221,PRCP,0,,,a,
ASN00007124,19810222,PRCP,0,,,a,
ASN00007124,19810223,PRCP,0,,,a,
ASN00007124,19810224,PRCP,30,,,a,
ASN00007124,19810225,PRCP,0,,,a,
ASN00007124,19810226,PRCP,270,,,a,
ASN00007124,19810227,PRCP,250,,,a,
ASN00007124,19810228,PRCP,0,,,a,
ASN00007124,19810301,PRCP,0,,,a,
ASN00007124,19810302,PRCP,0,,,a,
ASN00007124,19810303,PRCP,0,,,a,
ASN00007124,19810304,PRCP,0,,,a,
ASN00007124,19810305,PRCP,0,,,a,
ASN00007124,19810306,PRCP,120,,,a,
ASN00007124,19810307,PRCP,0,,,a,
ASN00007124,19810308,PRCP,0,,,a,
ASN00007124,19810309,PRCP,0,,,a,
ASN00007124,19810310,PRCP,0,,,a,
ASN00007124,19810311,PRCP,0,,,a,
ASN00007124,19810312,PRCP,60,,,a,
ASN00007124,19810313,PRCP,0,,,a,
ASN00007124,19810314,PRCP,0,,,a,
ASN00007124,19810315,PRCP,0,,,a,
ASN00007124,19810316,PRCP,0,,,a,
ASN00007124,19810317,PRCP,0,,,a,
ASN00007124,19810318,PRCP,0,,,a,
ASN00007124,19810319,PRCP,0,,,a,
ASN00007124,19810320,PRCP,0,,,a,
ASN00007124,19810321,PRCP,0,,,a,
ASN00007124,19810322,PRCP,0,,,a,
ASN00007124,19810323,PRCP,0,,,a,
ASN00007124,19810324,PRCP,0,,,a,
ASN00007124,19810325,PRCP,0,,,a,
ASN00007124,19810326,PRCP,0,,,a,
ASN00007124,19810327,PRCP,0,,,a,
ASN00007124,19810328,PRCP,0,,,a,
ASN00007124,19810329,PRCP,0,,,a,
ASN00007124,19810330,PRCP,0,,,a,
ASN00007124,19810331,PRCP,0,,,a,
ASN00007124,19810401,PRCP,0,,,a,
ASN00007124,19810402,PRCP,0,,,a,
ASN00007124,19810403,PRCP,0,,,a,
ASN00007124,19810404,PRCP,0,,,a,
ASN00007124,19810405,PRCP,0,,,a,
ASN00007124,19810406,PRCP,0,,,a,
ASN00007124,19810407,PRCP,0,,,a,
ASN00007124,19810408,PRCP,0,,,a,
ASN00007124,19810409,PRCP,0,,,a,
ASN00007124,19810410,PRCP,0,,,a,
ASN00007124,19810411,PRCP,0,,,a,
ASN00007124,19810412,PRCP,0,,,a,
ASN00007124,19810413,PRCP,0,,,a,
ASN00007124,19810414,PRCP,0,,,a,
ASN00007124,19810415,PRCP,0,,,a,
ASN00007124,19810416,PRCP,0,,,a,
ASN00007124,19810417,PRCP,0,,,a,
ASN00007124,19810418,PRCP,0,,,a,
ASN00007124,19810419,PRCP,0,,,a,
ASN00007124,19810420,PRCP,0,,,a,
ASN00007124,19810421,PRCP,0,,,a,
ASN00007124,19810422,PRCP,0,,,a,
ASN00007124,19810423,PRCP,0,,,a,
ASN00007124,19810424,PRCP,0,,,a,
ASN00007124,19810425,PRCP,0,,,a,
ASN00007124,19810426,PRCP,0,,,a,
ASN00007124,19810427,PRCP,0,,,a,
ASN00007124,19810428,PRCP,0,,,a,
ASN00007124,19810429,PRCP,0,,,a,
ASN00007124,19810430,PRCP,0,,,a,
ASN00007124,19810501,PRCP,0,,,a,
ASN00007124,19810502,PRCP,0,,,a,
ASN00007124,19810503,PRCP,0,,,a,
ASN00007124,19810504,PRCP,0,,,a,
ASN00007124,19810505,PRCP,0,,,a,
ASN00007124,19810506,PRCP,0,,,a,
ASN00007124,19810507,PRCP,0,,,a,
ASN00007124,19810508,PRCP,0,,,a,
ASN00007124,19810509,PRCP,0,,,a,
ASN00007124,19810510,PRCP,0,,,a,
ASN00007124,19810511,PRCP,0,,,a,
ASN00007124,19810512,PRCP,0,,,a,
ASN00007124,19810513,PRCP,0,,,a,
ASN00007124,19810514,PRCP,0,,,a,
ASN00007124,19810515,PRCP,0,,,a,
ASN00007124,19810516,PRCP,0,,,a,
ASN00007124,19810517,PRCP,0,,,a,
ASN00007124,19810518,PRCP,0,,,a,
ASN00007124,19810519,PRCP,0,,,a,
ASN00007124,19810520,PRCP,0,,,a,
ASN00007124,19810521,PRCP,0,,,a,
ASN00007124,19810522,PRCP,0,,,a,
ASN00007124,19810523,PRCP,0,,,a,
ASN00007124,19810524,PRCP,0,,,a,
ASN00007124,19810525,PRCP,0,,,a,
ASN00007124,19810526,PRCP,180,,,a,
ASN00007124,19810527,PRCP,0,,,a,
ASN00007124,19810528,PRCP,0,,,a,
ASN00007124,19810529,PRCP,0,,,a,
ASN00007124,19810530,PRCP,180,,,a,
ASN00007124,19810531,PRCP,0,,,a,
ASN00007124,19810601,PRCP,0,,,a,
ASN00007124,19810602,PRCP,0,,,a,
ASN00007124,19810603,PRCP,0,,,a,
ASN00007124,19810604,PRCP,0,,,a,
ASN00007124,19810605,PRCP,0,,,a,
ASN00007124,19810606,PRCP,0,,,a,
ASN00007124,19810607,PRCP,120,,,a,
ASN00007124,19810608,PRCP,0,,,a,
ASN00007124,19810609,PRCP,0,,,a,
ASN00007124,19810610,PRCP,0,,,a,
ASN00007124,19810611,PRCP,0,,,a,
ASN00007124,19810612,PRCP,0,,,a,
ASN00007124,19810613,PRCP,0,,,a,
ASN00007124,19810614,PRCP,0,,,a,
ASN00007124,19810615,PRCP,0,,,a,
ASN00007124,19810616,PRCP,0,,,a,
ASN00007124,19810617,PRCP,0,,,a,
ASN00007124,19810618,PRCP,0,,,a,
ASN00007124,19810619,PRCP,0,,,a,
ASN00007124,19810620,PRCP,0,,,a,
ASN00007124,19810621,PRCP,0,,,a,
ASN00007124,19810622,PRCP,0,,,a,
ASN00007124,19810623,PRCP,0,,,a,
ASN00007124,19810624,PRCP,80,,,a,
ASN00007124,19810625,PRCP,22,,,a,
ASN00007124,19810626,PRCP,0,,,a,
ASN00007124,19810627,PRCP,0,,,a,
ASN00007124,19810628,PRCP,0,,,a,
ASN00007124,19810629,PRCP,0,,,a,
ASN00007124,19810630,PRCP,0,,,a,
ASN00007124,19810701,PRCP,0,,,a,
ASN00007124,19810702,PRCP,0,,,a,
ASN00007124,19810703,PRCP,0,,,a,
ASN00007124,19810704,PRCP,0,,,a,
ASN00007124,19810705,PRCP,0,,,a,
ASN00007124,19810706,PRCP,70,,,a,
ASN00007124,19810707,PRCP,0,,,a,
ASN00007124,19810708,PRCP,0,,,a,
ASN00007124,19810709,PRCP,0,,,a,
ASN00007124,19810710,PRCP,0,,,a,
ASN00007124,19810711,PRCP,0,,,a,
ASN00007124,19810712,PRCP,0,,,a,
ASN00007124,19810713,PRCP,0,,,a,
ASN00007124,19810714,PRCP,0,,,a,
ASN00007124,19810715,PRCP,0,,,a,
ASN00007124,19810716,PRCP,0,,,a,
ASN00007124,19810717,PRCP,0,,,a,
ASN00007124,19810718,PRCP,0,,,a,
ASN00007124,19810719,PRCP,0,,,a,
ASN00007124,19810720,PRCP,0,,,a,
ASN00007124,19810721,PRCP,0,,,a,
ASN00007124,19810722,PRCP,0,,,a,
ASN00007124,19810723,PRCP,0,,,a,
ASN00007124,19810724,PRCP,0,,,a,
ASN00007124,19810725,PRCP,0,,,a,
ASN00007124,19810726,PRCP,0,,,a,
ASN00007124,19810727,PRCP,0,,,a,
ASN00007124,19810728,PRCP,0,,,a,
ASN00007124,19810729,PRCP,0,,,a,
ASN00007124,19810730,PRCP,0,,,a,
ASN00007124,19810731,PRCP,0,,,a,
ASN00007124,19810801,PRCP,0,,,a,
ASN00007124,19810802,PRCP,150,,,a,
ASN00007124,19810803,PRCP,20,,,a,
ASN00007124,19810804,PRCP,0,,,a,
ASN00007124,19810805,PRCP,0,,,a,
ASN00007124,19810806,PRCP,0,,,a,
ASN00007124,19810807,PRCP,0,,,a,
ASN00007124,19810808,PRCP,0,,,a,
ASN00007124,19810809,PRCP,0,,,a,
ASN00007124,19810810,PRCP,30,,,a,
ASN00007124,19810811,PRCP,0,,,a,
ASN00007124,19810812,PRCP,0,,,a,
ASN00007124,19810813,PRCP,0,,,a,
ASN00007124,19810814,PRCP,0,,,a,
ASN00007124,19810815,PRCP,0,,,a,
ASN00007124,19810816,PRCP,0,,,a,
ASN00007124,19810817,PRCP,0,,,a,
ASN00007124,19810818,PRCP,0,,,a,
ASN00007124,19810819,PRCP,0,,,a,
ASN00007124,19810820,PRCP,0,,,a,
ASN00007124,19810821,PRCP,0,,,a,
ASN00007124,19810822,PRCP,0,,,a,
ASN00007124,19810823,PRCP,0,,,a,
ASN00007124,19810824,PRCP,0,,,a,
ASN00007124,19810825,PRCP,0,,,a,
ASN00007124,19810826,PRCP,0,,,a,
ASN00007124,19810827,PRCP,0,,,a,
ASN00007124,19810828,PRCP,0,,,a,
ASN00007124,19810829,PRCP,0,,,a,
ASN00007124,19810830,PRCP,0,,,a,
ASN00007124,19810831,PRCP,0,,,a,
ASN00007124,19810901,PRCP,0,,,a,
ASN00007124,19810902,PRCP,0,,,a,
ASN00007124,19810903,PRCP,0,,,a,
ASN00007124,19810904,PRCP,0,,,a,
ASN00007124,19810905,PRCP,0,,,a,
ASN00007124,19810906,PRCP,0,,,a,
ASN00007124,19810907,PRCP,0,,,a,
ASN00007124,19810908,PRCP,0,,,a,
ASN00007124,19810909,PRCP,0,,,a,
ASN00007124,19810910,PRCP,0,,,a,
ASN00007124,19810911,PRCP,0,,,a,
ASN00007124,19810912,PRCP,0,,,a,
ASN00007124,19810913,PRCP,0,,,a,
ASN00007124,19810914,PRCP,0,,,a,
ASN00007124,19810915,PRCP,0,,,a,
ASN00007124,19810916,PRCP,0,,,a,
ASN00007124,19810917,PRCP,0,,,a,
ASN00007124,19810918,PRCP,0,,,a,
ASN00007124,19810919,PRCP,0,,,a,
ASN00007124,19810920,PRCP,0,,,a,
ASN00007124,19810921,PRCP,0,,,a,
ASN00007124,19810922,PRCP,0,,,a,
ASN00007124,19810923,PRCP,0,,,a,
ASN00007124,19810924,PRCP,0,,,a,
ASN00007124,19810925,PRCP,0,,,a,
ASN00007124,19810926,PRCP,0,,,a,
ASN00007124,19810927,PRCP,0,,,a,
ASN00007124,19810928,PRCP,0,,,a,
ASN00007124,19810929,PRCP,0,,,a,
ASN00007124,19810930,PRCP,0,,,a,
ASN00007124,19811001,PRCP,0,,,a,
ASN00007124,19811002,PRCP,0,,,a,
ASN00007124,19811003,PRCP,0,,,a,
ASN00007124,19811004,PRCP,0,,,a,
ASN00007124,19811005,PRCP,0,,,a,
ASN00007124,19811006,PRCP,0,,,a,
ASN00007124,19811007,PRCP,0,,,a,
ASN00007124,19811008,PRCP,0,,,a,
ASN00007124,19811009,PRCP,0,,,a,
ASN00007124,19811010,PRCP,0,,,a,
ASN00007124,19811011,PRCP,0,,,a,
ASN00007124,19811012,PRCP,0,,,a,
ASN00007124,19811013,PRCP,0,,,a,
ASN00007124,19811014,PRCP,0,,,a,
ASN00007124,19811015,PRCP,0,,,a,
ASN00007124,19811016,PRCP,0,,,a,
ASN00007124,19811017,PRCP,0,,,a,
ASN00007124,19811018,PRCP,0,,,a,
ASN00007124,19811019,PRCP,0,,,a,
ASN00007124,19811020,PRCP,0,,,a,
ASN00007124,19811021,PRCP,0,,,a,
ASN00007124,19811022,PRCP,0,,,a,
ASN00007124,19811023,PRCP,0,,,a,
ASN00007124,19811024,PRCP,0,,,a,
ASN00007124,19811025,PRCP,0,,,a,
ASN00007124,19811026,PRCP,0,,,a,
ASN00007124,19811027,PRCP,0,,,a,
ASN00007124,19811028,PRCP,0,,,a,
ASN00007124,19811029,PRCP,0,,,a,
ASN00007124,19811030,PRCP,0,,,a,
ASN00007124,19811031,PRCP,0,,,a,
ASN00007124,19811101,PRCP,0,,,a,
ASN00007124,19811102,PRCP,0,,,a,
ASN00007124,19811103,PRCP,0,,,a,
ASN00007124,19811104,PRCP,0,,,a,
ASN00007124,19811105,PRCP,0,,,a,
ASN00007124,19811106,PRCP,0,,,a,
ASN00007124,19811107,PRCP,0,,,a,
ASN00007124,19811108,PRCP,0,,,a,
ASN00007124,19811109,PRCP,0,,,a,
ASN00007124,19811110,PRCP,0,,,a,
ASN00007124,19811111,PRCP,0,,,a,
ASN00007124,19811112,PRCP,0,,,a,
ASN00007124,19811113,PRCP,0,,,a,
ASN00007124,19811114,PRCP,0,,,a,
ASN00007124,19811115,PRCP,0,,,a,
ASN00007124,19811116,PRCP,0,,,a,
ASN00007124,19811117,PRCP,0,,,a,
ASN00007124,19811118,PRCP,0,,,a,
ASN00007124,19811119,PRCP,0,,,a,
ASN00007124,19811120,PRCP,0,,,a,
ASN00007124,19811121,PRCP,0,,,a,
ASN00007124,19811122,PRCP,0,,,a,
ASN00007124,19811123,PRCP,0,,,a,
ASN00007124,19811124,PRCP,0,,,a,
ASN00007124,19811125,PRCP,0,,,a,
ASN00007124,19811126,PRCP,0,,,a,
ASN00007124,19811127,PRCP,0,,,a,
ASN00007124,19811128,PRCP,0,,,a,
ASN00007124,19811129,PRCP,0,,,a,
ASN00007124,19811130,PRCP,0,,,a,
ASN00007124,19811201,PRCP,0,,,a,
ASN00007124,19811202,PRCP,0,,,a,
ASN00007124,19811203,PRCP,0,,,a,
ASN00007124,19811204,PRCP,0,,,a,
ASN00007124,19811205,PRCP,0,,,a,
ASN00007124,19811206,PRCP,0,,,a,
ASN00007124,19811207,PRCP,0,,,a,
ASN00007124,19811208,PRCP,0,,,a,
ASN00007124,19811209,PRCP,0,,,a,
ASN00007124,19811210,PRCP,0,,,a,
ASN00007124,19811211,PRCP,0,,,a,
ASN00007124,19811212,PRCP,0,,,a,
ASN00007124,19811213,PRCP,0,,,a,
ASN00007124,19811214,PRCP,0,,,a,
ASN00007124,19811215,PRCP,0,,,a,
ASN00007124,19811216,PRCP,0,,,a,
ASN00007124,19811217,PRCP,0,,,a,
ASN00007124,19811218,PRCP,0,,,a,
ASN00007124,19811219,PRCP,0,,,a,
ASN00007124,19811220,PRCP,0,,,a,
ASN00007124,19811221,PRCP,0,,,a,
ASN00007124,19811222,PRCP,0,,,a,
ASN00007124,19811223,PRCP,0,,,a,
ASN00007124,19811224,PRCP,0,,,a,
ASN00007124,19811225,PRCP,0,,,a,
ASN00007124,19811226,PRCP,0,,,a,
ASN00007124,19811227,PRCP,0,,,a,
ASN00007124,19811228,PRCP,0,,,a,
ASN00007124,19811229,PRCP,0,,,a,
ASN00007124,19811230,PRCP,0,,,a,
ASN00007124,19811231,PRCP,0,,,a,
ASN00007124,19820101,PRCP,0,,,a,
ASN00007124,19820102,PRCP,0,,,a,
ASN00007124,19820103,PRCP,0,,,a,
ASN00007124,19820104,PRCP,130,,,a,
ASN00007124,19820105,PRCP,0,,,a,
ASN00007124,19820106,PRCP,0,,,a,
ASN00007124,19820107,PRCP,0,,,a,
ASN00007124,19820108,PRCP,0,,,a,
ASN00007124,19820109,PRCP,0,,,a,
ASN00007124,19820110,PRCP,0,,,a,
ASN00007124,19820111,PRCP,0,,,a,
ASN00007124,19820112,PRCP,0,,,a,
ASN00007124,19820113,PRCP,0,,,a,
ASN00007124,19820114,PRCP,0,,,a,
ASN00007124,19820115,PRCP,0,,,a,
ASN00007124,19820116,PRCP,0,,,a,
ASN00007124,19820117,PRCP,0,,,a,
ASN00007124,19820118,PRCP,0,,,a,
ASN00007124,19820119,PRCP,0,,,a,
ASN00007124,19820120,PRCP,260,,,a,
ASN00007124,19820121,PRCP,180,,,a,
ASN00007124,19820122,PRCP,60,,,a,
ASN00007124,19820123,PRCP,50,,,a,
ASN00007124,19820124,PRCP,0,,,a,
ASN00007124,19820125,PRCP,0,,,a,
ASN00007124,19820126,PRCP,0,,,a,
ASN00007124,19820127,PRCP,0,,,a,
ASN00007124,19820128,PRCP,0,,,a,
ASN00007124,19820129,PRCP,0,,,a,
ASN00007124,19820130,PRCP,0,,,a,
ASN00007124,19820131,PRCP,0,,,a,
ASN00007124,19820201,PRCP,0,,,a,
ASN00007124,19820202,PRCP,0,,,a,
ASN00007124,19820203,PRCP,0,,,a,
ASN00007124,19820204,PRCP,0,,,a,
ASN00007124,19820205,PRCP,0,,,a,
ASN00007124,19820206,PRCP,0,,,a,
ASN00007124,19820207,PRCP,0,,,a,
ASN00007124,19820208,PRCP,0,,,a,
ASN00007124,19820209,PRCP,0,,,a,
ASN00007124,19820210,PRCP,0,,,a,
ASN00007124,19820211,PRCP,0,,,a,
ASN00007124,19820212,PRCP,0,,,a,
ASN00007124,19820213,PRCP,0,,,a,
ASN00007124,19820214,PRCP,0,,,a,
ASN00007124,19820215,PRCP,0,,,a,
ASN00007124,19820216,PRCP,0,,,a,
ASN00007124,19820217,PRCP,0,,,a,
ASN00007124,19820218,PRCP,0,,,a,
ASN00007124,19820219,PRCP,0,,,a,
ASN00007124,19820220,PRCP,0,,,a,
ASN00007124,19820221,PRCP,0,,,a,
ASN00007124,19820222,PRCP,0,,,a,
ASN00007124,19820223,PRCP,0,,,a,
ASN00007124,19820224,PRCP,0,,,a,
ASN00007124,19820225,PRCP,310,,,a,
ASN00007124,19820226,PRCP,0,,,a,
ASN00007124,19820227,PRCP,0,,,a,
ASN00007124,19820228,PRCP,0,,,a,
ASN00007124,19820301,PRCP,0,,,a,
ASN00007124,19820302,PRCP,0,,,a,
ASN00007124,19820303,PRCP,0,,,a,
ASN00007124,19820304,PRCP,0,,,a,
ASN00007124,19820305,PRCP,0,,,a,
ASN00007124,19820306,PRCP,0,,,a,
ASN00007124,19820307,PRCP,0,,,a,
ASN00007124,19820308,PRCP,0,,,a,
ASN00007124,19820309,PRCP,330,,,a,
ASN00007124,19820310,PRCP,0,,,a,
ASN00007124,19820311,PRCP,0,,,a,
ASN00007124,19820312,PRCP,0,,,a,
ASN00007124,19820313,PRCP,0,,,a,
ASN00007124,19820314,PRCP,0,,,a,
ASN00007124,19820315,PRCP,0,,,a,
ASN00007124,19820316,PRCP,0,,,a,
ASN00007124,19820317,PRCP,0,,,a,
ASN00007124,19820318,PRCP,0,,,a,
ASN00007124,19820319,PRCP,0,,,a,
ASN00007124,19820320,PRCP,0,,,a,
ASN00007124,19820321,PRCP,0,,,a,
ASN00007124,19820322,PRCP,0,,,a,
ASN00007124,19820323,PRCP,0,,,a,
ASN00007124,19820324,PRCP,0,,,a,
ASN00007124,19820325,PRCP,0,,,a,
ASN00007124,19820326,PRCP,0,,,a,
ASN00007124,19820327,PRCP,0,,,a,
ASN00007124,19820328,PRCP,0,,,a,
ASN00007124,19820329,PRCP,0,,,a,
ASN00007124,19820330,PRCP,0,,,a,
ASN00007124,19820331,PRCP,0,,,a,
ASN00007124,19820401,PRCP,0,,,a,
ASN00007124,19820402,PRCP,0,,,a,
ASN00007124,19820403,PRCP,0,,,a,
ASN00007124,19820404,PRCP,0,,,a,
ASN00007124,19820405,PRCP,0,,,a,
ASN00007124,19820406,PRCP,0,,,a,
ASN00007124,19820407,PRCP,0,,,a,
ASN00007124,19820408,PRCP,0,,,a,
ASN00007124,19820409,PRCP,0,,,a,
ASN00007124,19820410,PRCP,0,,,a,
ASN00007124,19820411,PRCP,0,,,a,
ASN00007124,19820412,PRCP,0,,,a,
ASN00007124,19820413,PRCP,0,,,a,
ASN00007124,19820414,PRCP,0,,,a,
ASN00007124,19820415,PRCP,0,,,a,
ASN00007124,19820416,PRCP,0,,,a,
ASN00007124,19820417,PRCP,0,,,a,
ASN00007124,19820418,PRCP,0,,,a,
ASN00007124,19820419,PRCP,0,,,a,
ASN00007124,19820420,PRCP,0,,,a,
ASN00007124,19820421,PRCP,0,,,a,
ASN00007124,19820422,PRCP,0,,,a,
ASN00007124,19820423,PRCP,0,,,a,
ASN00007124,19820424,PRCP,0,,,a,
ASN00007124,19820425,PRCP,0,,,a,
ASN00007124,19820426,PRCP,0,,,a,
ASN00007124,19820427,PRCP,0,,,a,
ASN00007124,19820428,PRCP,0,,,a,
ASN00007124,19820429,PRCP,0,,,a,
ASN00007124,19820430,PRCP,0,,,a,
ASN00007124,19820501,PRCP,0,,,a,
ASN00007124,19820502,PRCP,0,,,a,
ASN00007124,19820503,PRCP,0,,,a,
ASN00007124,19820504,PRCP,0,,,a,
ASN00007124,19820505,PRCP,0,,,a,
ASN00007124,19820506,PRCP,0,,,a,
ASN00007124,19820507,PRCP,0,,,a,
ASN00007124,19820508,PRCP,0,,,a,
ASN00007124,19820509,PRCP,0,,,a,
ASN00007124,19820510,PRCP,0,,,a,
ASN00007124,19820511,PRCP,0,,,a,
ASN00007124,19820512,PRCP,0,,,a,
ASN00007124,19820513,PRCP,0,,,a,
ASN00007124,19820514,PRCP,0,,,a,
ASN00007124,19820515,PRCP,0,,,a,
ASN00007124,19820516,PRCP,0,,,a,
ASN00007124,19820517,PRCP,0,,,a,
ASN00007124,19820518,PRCP,0,,,a,
ASN00007124,19820519,PRCP,0,,,a,
ASN00007124,19820520,PRCP,30,,,a,
ASN00007124,19820521,PRCP,70,,,a,
ASN00007124,19820522,PRCP,70,,,a,
ASN00007124,19820523,PRCP,0,,,a,
ASN00007124,19820524,PRCP,150,,,a,
ASN00007124,19820525,PRCP,60,,,a,
ASN00007124,19820526,PRCP,250,,,a,
ASN00007124,19820527,PRCP,70,,,a,
ASN00007124,19820528,PRCP,0,,,a,
ASN00007124,19820529,PRCP,0,,,a,
ASN00007124,19820530,PRCP,0,,,a,
ASN00007124,19820531,PRCP,0,,,a,
ASN00007124,19820601,PRCP,0,,,a,
ASN00007124,19820602,PRCP,0,,,a,
ASN00007124,19820603,PRCP,0,,,a,
ASN00007124,19820604,PRCP,0,,,a,
ASN00007124,19820605,PRCP,0,,,a,
ASN00007124,19820606,PRCP,0,,,a,
ASN00007124,19820607,PRCP,0,,,a,
ASN00007124,19820608,PRCP,0,,,a,
ASN00007124,19820609,PRCP,40,,,a,
ASN00007124,19820610,PRCP,0,,,a,
ASN00007124,19820611,PRCP,0,,,a,
ASN00007124,19820612,PRCP,0,,,a,
ASN00007124,19820613,PRCP,0,,,a,
ASN00007124,19820614,PRCP,50,,,a,
ASN00007124,19820615,PRCP,260,,,a,
ASN00007124,19820616,PRCP,0,,,a,
ASN00007124,19820617,PRCP,0,,,a,
ASN00007124,19820618,PRCP,0,,,a,
ASN00007124,19820619,PRCP,0,,,a,
ASN00007124,19820620,PRCP,0,,,a,
ASN00007124,19820621,PRCP,0,,,a,
ASN00007124,19820622,PRCP,0,,,a,
ASN00007124,19820623,PRCP,0,,,a,
ASN00007124,19820624,PRCP,0,,,a,
ASN00007124,19820625,PRCP,0,,,a,
ASN00007124,19820626,PRCP,0,,,a,
ASN00007124,19820627,PRCP,0,,,a,
ASN00007124,19820628,PRCP,0,,,a,
ASN00007124,19820629,PRCP,0,,,a,
ASN00007124,19820630,PRCP,0,,,a,
ASN00007124,19820701,PRCP,0,,,a,
ASN00007124,19820702,PRCP,0,,,a,
ASN00007124,19820703,PRCP,0,,,a,
ASN00007124,19820704,PRCP,0,,,a,
ASN00007124,19820705,PRCP,0,,,a,
ASN00007124,19820706,PRCP,0,,,a,
ASN00007124,19820707,PRCP,0,,,a,
ASN00007124,19820708,PRCP,0,,,a,
ASN00007124,19820709,PRCP,0,,,a,
ASN00007124,19820710,PRCP,0,,,a,
ASN00007124,19820711,PRCP,0,,,a,
ASN00007124,19820712,PRCP,0,,,a,
ASN00007124,19820713,PRCP,0,,,a,
ASN00007124,19820714,PRCP,0,,,a,
ASN00007124,19820715,PRCP,0,,,a,
ASN00007124,19820716,PRCP,0,,,a,
ASN00007124,19820717,PRCP,0,,,a,
ASN00007124,19820718,PRCP,0,,,a,
ASN00007124,19820719,PRCP,0,,,a,
ASN00007124,19820720,PRCP,0,,,a,
ASN00007124,19820721,PRCP,0,,,a,
ASN00007124,19820722,PRCP,0,,,a,
ASN00007124,19820723,PRCP,0,,,a,
ASN00007124,19820724,PRCP,0,,,a,
ASN00007124,19820725,PRCP,0,,,a,
ASN00007124,19820726,PRCP,0,,,a,
ASN00007124,19820727,PRCP,0,,,a,
ASN00007124,19820728,PRCP,0,,,a,
ASN00007124,19820729,PRCP,0,,,a,
ASN00007124,19820730,PRCP,0,,,a,
ASN00007124,19820731,PRCP,0,,,a,
ASN00007124,19820801,PRCP,0,,,a,
ASN00007124,19820802,PRCP,0,,,a,
ASN00007124,19820803,PRCP,0,,,a,
ASN00007124,19820804,PRCP,0,,,a,
ASN00007124,19820805,PRCP,0,,,a,
ASN00007124,19820806,PRCP,0,,,a,
ASN00007124,19820807,PRCP,0,,,a,
ASN00007124,19820808,PRCP,0,,,a,
ASN00007124,19820809,PRCP,0,,,a,
ASN00007124,19820810,PRCP,0,,,a,
ASN00007124,19820811,PRCP,0,,,a,
ASN00007124,19820812,PRCP,0,,,a,
ASN00007124,19820813,PRCP,0,,,a,
ASN00007124,19820814,PRCP,0,,,a,
ASN00007124,19820815,PRCP,0,,,a,
ASN00007124,19820816,PRCP,0,,,a,
ASN00007124,19820817,PRCP,0,,,a,
ASN00007124,19820818,PRCP,0,,,a,
ASN00007124,19820819,PRCP,0,,,a,
ASN00007124,19820820,PRCP,0,,,a,
ASN00007124,19820821,PRCP,0,,,a,
ASN00007124,19820822,PRCP,0,,,a,
ASN00007124,19820823,PRCP,0,,,a,
ASN00007124,19820824,PRCP,0,,,a,
ASN00007124,19820825,PRCP,0,,,a,
ASN00007124,19820826,PRCP,0,,,a,
ASN00007124,19820827,PRCP,0,,,a,
ASN00007124,19820828,PRCP,0,,,a,
ASN00007124,19820829,PRCP,0,,,a,
ASN00007124,19820830,PRCP,0,,,a,
ASN00007124,19820831,PRCP,0,,,a,
ASN00007124,19820901,PRCP,0,,,a,
ASN00007124,19820902,PRCP,0,,,a,
ASN00007124,19820903,PRCP,0,,,a,
ASN00007124,19820904,PRCP,0,,,a,
ASN00007124,19820905,PRCP,0,,,a,
ASN00007124,19820906,PRCP,0,,,a,
ASN00007124,19820907,PRCP,0,,,a,
ASN00007124,19820908,PRCP,0,,,a,
ASN00007124,19820909,PRCP,0,,,a,
ASN00007124,19820910,PRCP,0,,,a,
ASN00007124,19820911,PRCP,0,,,a,
ASN00007124,19820912,PRCP,0,,,a,
ASN00007124,19820913,PRCP,0,,,a,
ASN00007124,19820914,PRCP,0,,,a,
ASN00007124,19820915,PRCP,0,,,a,
ASN00007124,19820916,PRCP,0,,,a,
ASN00007124,19820917,PRCP,160,,,a,
ASN00007124,19820918,PRCP,0,,,a,
ASN00007124,19820919,PRCP,0,,,a,
ASN00007124,19820920,PRCP,0,,,a,
ASN00007124,19820921,PRCP,40,,,a,
ASN00007124,19820922,PRCP,20,,,a,
ASN00007124,19820923,PRCP,0,,,a,
ASN00007124,19820924,PRCP,0,,,a,
ASN00007124,19820925,PRCP,0,,,a,
ASN00007124,19820926,PRCP,0,,,a,
ASN00007124,19820927,PRCP,0,,,a,
ASN00007124,19820928,PRCP,0,,,a,
ASN00007124,19820929,PRCP,0,,,a,
ASN00007124,19820930,PRCP,0,,,a,
ASN00007124,19821001,PRCP,0,,,a,
ASN00007124,19821002,PRCP,0,,,a,
ASN00007124,19821003,PRCP,0,,,a,
ASN00007124,19821004,PRCP,0,,,a,
ASN00007124,19821005,PRCP,0,,,a,
ASN00007124,19821006,PRCP,0,,,a,
ASN00007124,19821007,PRCP,0,,,a,
ASN00007124,19821008,PRCP,0,,,a,
ASN00007124,19821009,PRCP,0,,,a,
ASN00007124,19821010,PRCP,0,,,a,
ASN00007124,19821011,PRCP,0,,,a,
ASN00007124,19821012,PRCP,0,,,a,
ASN00007124,19821013,PRCP,0,,,a,
ASN00007124,19821014,PRCP,0,,,a,
ASN00007124,19821015,PRCP,0,,,a,
ASN00007124,19821016,PRCP,0,,,a,
ASN00007124,19821017,PRCP,0,,,a,
ASN00007124,19821018,PRCP,0,,,a,
ASN00007124,19821019,PRCP,0,,,a,
ASN00007124,19821020,PRCP,0,,,a,
ASN00007124,19821021,PRCP,0,,,a,
ASN00007124,19821022,PRCP,0,,,a,
ASN00007124,19821023,PRCP,0,,,a,
ASN00007124,19821024,PRCP,0,,,a,
ASN00007124,19821025,PRCP,0,,,a,
ASN00007124,19821026,PRCP,0,,,a,
ASN00007124,19821027,PRCP,0,,,a,
ASN00007124,19821028,PRCP,0,,,a,
ASN00007124,19821029,PRCP,0,,,a,
ASN00007124,19821030,PRCP,0,,,a,
ASN00007124,19821031,PRCP,0,,,a,
ASN00007124,19821101,PRCP,0,,,a,
ASN00007124,19821102,PRCP,0,,,a,
ASN00007124,19821103,PRCP,0,,,a,
ASN00007124,19821104,PRCP,0,,,a,
ASN00007124,19821105,PRCP,0,,,a,
ASN00007124,19821106,PRCP,0,,,a,
ASN00007124,19821107,PRCP,0,,,a,
ASN00007124,19821108,PRCP,0,,,a,
ASN00007124,19821109,PRCP,0,,,a,
ASN00007124,19821110,PRCP,0,,,a,
ASN00007124,19821111,PRCP,0,,,a,
ASN00007124,19821112,PRCP,0,,,a,
ASN00007124,19821113,PRCP,0,,,a,
ASN00007124,19821114,PRCP,0,,,a,
ASN00007124,19821115,PRCP,0,,,a,
ASN00007124,19821116,PRCP,0,,,a,
ASN00007124,19821117,PRCP,0,,,a,
ASN00007124,19821118,PRCP,0,,,a,
ASN00007124,19821119,PRCP,0,,,a,
ASN00007124,19821120,PRCP,0,,,a,
ASN00007124,19821121,PRCP,0,,,a,
ASN00007124,19821122,PRCP,0,,,a,
ASN00007124,19821123,PRCP,0,,,a,
ASN00007124,19821124,PRCP,0,,,a,
ASN00007124,19821125,PRCP,0,,,a,
ASN00007124,19821126,PRCP,0,,,a,
ASN00007124,19821127,PRCP,0,,,a,
ASN00007124,19821128,PRCP,0,,,a,
ASN00007124,19821129,PRCP,0,,,a,
ASN00007124,19821130,PRCP,0,,,a,
ASN00007124,19821201,PRCP,0,,,a,
ASN00007124,19821202,PRCP,0,,,a,
ASN00007124,19821203,PRCP,0,,,a,
ASN00007124,19821204,PRCP,0,,,a,
ASN00007124,19821205,PRCP,0,,,a,
ASN00007124,19821206,PRCP,0,,,a,
ASN00007124,19821207,PRCP,0,,,a,
ASN00007124,19821208,PRCP,0,,,a,
ASN00007124,19821209,PRCP,0,,,a,
ASN00007124,19821210,PRCP,0,,,a,
ASN00007124,19821211,PRCP,0,,,a,
ASN00007124,19821212,PRCP,0,,,a,
ASN00007124,19821213,PRCP,0,,,a,
ASN00007124,19821214,PRCP,0,,,a,
ASN00007124,19821215,PRCP,0,,,a,
ASN00007124,19821216,PRCP,0,,,a,
ASN00007124,19821217,PRCP,0,,,a,
ASN00007124,19821218,PRCP,0,,,a,
ASN00007124,19821219,PRCP,0,,,a,
ASN00007124,19821220,PRCP,0,,,a,
ASN00007124,19821221,PRCP,0,,,a,
ASN00007124,19821222,PRCP,0,,,a,
ASN00007124,19821223,PRCP,0,,,a,
ASN00007124,19821224,PRCP,0,,,a,
ASN00007124,19821225,PRCP,0,,,a,
ASN00007124,19821226,PRCP,0,,,a,
ASN00007124,19821227,PRCP,0,,,a,
ASN00007124,19821228,PRCP,0,,,a,
ASN00007124,19821229,PRCP,0,,,a,
ASN00007124,19821230,PRCP,0,,,a,
ASN00007124,19821231,PRCP,0,,,a,
ASN00007124,19830101,PRCP,0,,,a,
ASN00007124,19830102,PRCP,0,,,a,
ASN00007124,19830103,PRCP,0,,,a,
ASN00007124,19830104,PRCP,0,,,a,
ASN00007124,19830105,PRCP,0,,,a,
ASN00007124,19830106,PRCP,0,,,a,
ASN00007124,19830107,PRCP,0,,,a,
ASN00007124,19830108,PRCP,90,,,a,
ASN00007124,19830109,PRCP,80,,,a,
ASN00007124,19830110,PRCP,0,,,a,
ASN00007124,19830111,PRCP,0,,,a,
ASN00007124,19830112,PRCP,0,,,a,
ASN00007124,19830113,PRCP,0,,,a,
ASN00007124,19830114,PRCP,0,,,a,
ASN00007124,19830115,PRCP,0,,,a,
ASN00007124,19830116,PRCP,0,,,a,
ASN00007124,19830117,PRCP,0,,,a,
ASN00007124,19830118,PRCP,0,,,a,
ASN00007124,19830119,PRCP,0,,,a,
ASN00007124,19830120,PRCP,0,,,a,
ASN00007124,19830121,PRCP,0,,,a,
ASN00007124,19830122,PRCP,0,,,a,
ASN00007124,19830123,PRCP,0,,,a,
ASN00007124,19830124,PRCP,0,,,a,
ASN00007124,19830125,PRCP,0,,,a,
ASN00007124,19830126,PRCP,0,,,a,
ASN00007124,19830127,PRCP,0,,,a,
ASN00007124,19830128,PRCP,0,,,a,
ASN00007124,19830129,PRCP,0,,,a,
ASN00007124,19830130,PRCP,0,,,a,
ASN00007124,19830131,PRCP,0,,,a,
ASN00007124,19830201,PRCP,0,,,a,
ASN00007124,19830202,PRCP,0,,,a,
ASN00007124,19830203,PRCP,0,,,a,
ASN00007124,19830204,PRCP,0,,,a,
ASN00007124,19830205,PRCP,0,,,a,
ASN00007124,19830206,PRCP,0,,,a,
ASN00007124,19830207,PRCP,0,,,a,
ASN00007124,19830208,PRCP,0,,,a,
ASN00007124,19830209,PRCP,0,,,a,
ASN00007124,19830210,PRCP,0,,,a,
ASN00007124,19830211,PRCP,0,,,a,
ASN00007124,19830212,PRCP,0,,,a,
ASN00007124,19830213,PRCP,0,,,a,
ASN00007124,19830214,PRCP,0,,,a,
ASN00007124,19830215,PRCP,0,,,a,
ASN00007124,19830216,PRCP,0,,,a,
ASN00007124,19830217,PRCP,0,,,a,
ASN00007124,19830218,PRCP,0,,,a,
ASN00007124,19830219,PRCP,0,,,a,
ASN00007124,19830220,PRCP,0,,,a,
ASN00007124,19830221,PRCP,0,,,a,
ASN00007124,19830222,PRCP,0,,,a,
ASN00007124,19830223,PRCP,0,,,a,
ASN00007124,19830224,PRCP,0,,,a,
ASN00007124,19830225,PRCP,0,,,a,
ASN00007124,19830226,PRCP,0,,,a,
ASN00007124,19830227,PRCP,0,,,a,
ASN00007124,19830228,PRCP,0,,,a,
ASN00007124,19830301,PRCP,0,,,a,
ASN00007124,19830302,PRCP,0,,,a,
ASN00007124,19830303,PRCP,0,,,a,
ASN00007124,19830304,PRCP,0,,,a,
ASN00007124,19830305,PRCP,0,,,a,
ASN00007124,19830306,PRCP,0,,,a,
ASN00007124,19830307,PRCP,0,,,a,
ASN00007124,19830308,PRCP,0,,,a,
ASN00007124,19830309,PRCP,70,,,a,
ASN00007124,19830310,PRCP,0,,,a,
ASN00007124,19830311,PRCP,0,,,a,
ASN00007124,19830312,PRCP,0,,,a,
ASN00007124,19830313,PRCP,0,,,a,
ASN00007124,19830314,PRCP,0,,,a,
ASN00007124,19830315,PRCP,0,,,a,
ASN00007124,19830316,PRCP,0,,,a,
ASN00007124,19830317,PRCP,0,,,a,
ASN00007124,19830318,PRCP,0,,,a,
ASN00007124,19830319,PRCP,0,,,a,
ASN00007124,19830320,PRCP,0,,,a,
ASN00007124,19830321,PRCP,0,,,a,
ASN00007124,19830322,PRCP,0,,,a,
ASN00007124,19830323,PRCP,0,,,a,
ASN00007124,19830324,PRCP,0,,,a,
ASN00007124,19830325,PRCP,0,,,a,
ASN00007124,19830326,PRCP,0,,,a,
ASN00007124,19830327,PRCP,0,,,a,
ASN00007124,19830328,PRCP,0,,,a,
ASN00007124,19830329,PRCP,0,,,a,
ASN00007124,19830330,PRCP,0,,,a,
ASN00007124,19830331,PRCP,0,,,a,
ASN00007124,19830401,PRCP,0,,,a,
ASN00007124,19830402,PRCP,0,,,a,
ASN00007124,19830403,PRCP,0,,,a,
ASN00007124,19830404,PRCP,0,,,a,
ASN00007124,19830405,PRCP,0,,,a,
ASN00007124,19830406,PRCP,0,,,a,
ASN00007124,19830407,PRCP,0,,,a,
ASN00007124,19830408,PRCP,0,,,a,
ASN00007124,19830409,PRCP,0,,,a,
ASN00007124,19830410,PRCP,0,,,a,
ASN00007124,19830411,PRCP,0,,,a,
ASN00007124,19830412,PRCP,0,,,a,
ASN00007124,19830413,PRCP,0,,,a,
ASN00007124,19830414,PRCP,0,,,a,
ASN00007124,19830415,PRCP,0,,,a,
ASN00007124,19830416,PRCP,0,,,a,
ASN00007124,19830417,PRCP,0,,,a,
ASN00007124,19830418,PRCP,0,,,a,
ASN00007124,19830419,PRCP,0,,,a,
ASN00007124,19830420,PRCP,0,,,a,
ASN00007124,19830421,PRCP,0,,,a,
ASN00007124,19830422,PRCP,0,,,a,
ASN00007124,19830423,PRCP,0,,,a,
ASN00007124,19830424,PRCP,0,,,a,
ASN00007124,19830425,PRCP,0,,,a,
ASN00007124,19830426,PRCP,0,,,a,
ASN00007124,19830427,PRCP,0,,,a,
ASN00007124,19830428,PRCP,0,,,a,
ASN00007124,19830429,PRCP,0,,,a,
ASN00007124,19830430,PRCP,0,,,a,
ASN00007124,19830501,PRCP,0,,,a,
ASN00007124,19830502,PRCP,0,,,a,
ASN00007124,19830503,PRCP,0,,,a,
ASN00007124,19830504,PRCP,0,,,a,
ASN00007124,19830505,PRCP,0,,,a,
ASN00007124,19830506,PRCP,0,,,a,
ASN00007124,19830507,PRCP,0,,,a,
ASN00007124,19830508,PRCP,0,,,a,
ASN00007124,19830509,PRCP,0,,,a,
ASN00007124,19830510,PRCP,0,,,a,
ASN00007124,19830511,PRCP,0,,,a,
ASN00007124,19830512,PRCP,0,,,a,
ASN00007124,19830513,PRCP,0,,,a,
ASN00007124,19830514,PRCP,0,,,a,
ASN00007124,19830515,PRCP,0,,,a,
ASN00007124,19830516,PRCP,0,,,a,
ASN00007124,19830517,PRCP,0,,,a,
ASN00007124,19830518,PRCP,0,,,a,
ASN00007124,19830519,PRCP,0,,,a,
ASN00007124,19830520,PRCP,0,,,a,
ASN00007124,19830521,PRCP,0,,,a,
ASN00007124,19830522,PRCP,0,,,a,
ASN00007124,19830523,PRCP,0,,,a,
ASN00007124,19830524,PRCP,0,,,a,
ASN00007124,19830525,PRCP,0,,,a,
ASN00007124,19830526,PRCP,0,,,a,
ASN00007124,19830527,PRCP,0,,,a,
ASN00007124,19830528,PRCP,0,,,a,
ASN00007124,19830529,PRCP,0,,,a,
ASN00007124,19830530,PRCP,0,,,a,
ASN00007124,19830531,PRCP,0,,,a,
ASN00007124,19830601,PRCP,0,,,a,
ASN00007124,19830602,PRCP,0,,,a,
ASN00007124,19830603,PRCP,30,,,a,
ASN00007124,19830604,PRCP,0,,,a,
ASN00007124,19830605,PRCP,0,,,a,
ASN00007124,19830606,PRCP,0,,,a,
ASN00007124,19830607,PRCP,0,,,a,
ASN00007124,19830608,PRCP,0,,,a,
ASN00007124,19830609,PRCP,0,,,a,
ASN00007124,19830610,PRCP,0,,,a,
ASN00007124,19830611,PRCP,0,,,a,
ASN00007124,19830612,PRCP,0,,,a,
ASN00007124,19830613,PRCP,0,,,a,
ASN00007124,19830614,PRCP,0,,,a,
ASN00007124,19830615,PRCP,0,,,a,
ASN00007124,19830616,PRCP,0,,,a,
ASN00007124,19830617,PRCP,0,,,a,
ASN00007124,19830618,PRCP,170,,,a,
ASN00007124,19830619,PRCP,0,,,a,
ASN00007124,19830620,PRCP,0,,,a,
ASN00007124,19830621,PRCP,0,,,a,
ASN00007124,19830622,PRCP,0,,,a,
ASN00007124,19830623,PRCP,0,,,a,
ASN00007124,19830624,PRCP,0,,,a,
ASN00007124,19830625,PRCP,100,,,a,
ASN00007124,19830626,PRCP,50,,,a,
ASN00007124,19830627,PRCP,0,,,a,
ASN00007124,19830628,PRCP,0,,,a,
ASN00007124,19830629,PRCP,0,,,a,
ASN00007124,19830630,PRCP,0,,,a,
ASN00007124,19830701,PRCP,0,,,a,
ASN00007124,19830702,PRCP,0,,,a,
ASN00007124,19830703,PRCP,0,,,a,
ASN00007124,19830704,PRCP,0,,,a,
ASN00007124,19830705,PRCP,0,,,a,
ASN00007124,19830706,PRCP,0,,,a,
ASN00007124,19830707,PRCP,0,,,a,
ASN00007124,19830708,PRCP,0,,,a,
ASN00007124,19830709,PRCP,0,,,a,
ASN00007124,19830710,PRCP,0,,,a,
ASN00007124,19830711,PRCP,0,,,a,
ASN00007124,19830712,PRCP,0,,,a,
ASN00007124,19830713,PRCP,0,,,a,
ASN00007124,19830714,PRCP,0,,,a,
ASN00007124,19830715,PRCP,0,,,a,
ASN00007124,19830716,PRCP,0,,,a,
ASN00007124,19830717,PRCP,0,,,a,
ASN00007124,19830718,PRCP,0,,,a,
ASN00007124,19830719,PRCP,0,,,a,
ASN00007124,19830720,PRCP,0,,,a,
ASN00007124,19830721,PRCP,0,,,a,
ASN00007124,19830722,PRCP,0,,,a,
ASN00007124,19830723,PRCP,0,,,a,
ASN00007124,19830724,PRCP,0,,,a,
ASN00007124,19830725,PRCP,40,,,a,
ASN00007124,19830726,PRCP,0,,,a,
ASN00007124,19830727,PRCP,0,,,a,
ASN00007124,19830728,PRCP,0,,,a,
ASN00007124,19830729,PRCP,0,,,a,
ASN00007124,19830730,PRCP,0,,,a,
ASN00007124,19830731,PRCP,0,,,a,
ASN00007124,19830801,PRCP,0,,,a,
ASN00007124,19830802,PRCP,0,,,a,
ASN00007124,19830803,PRCP,0,,,a,
ASN00007124,19830804,PRCP,0,,,a,
ASN00007124,19830805,PRCP,0,,,a,
ASN00007124,19830806,PRCP,0,,,a,
ASN00007124,19830807,PRCP,0,,,a,
ASN00007124,19830808,PRCP,0,,,a,
ASN00007124,19830809,PRCP,0,,,a,
ASN00007124,19830810,PRCP,0,,,a,
ASN00007124,19830811,PRCP,0,,,a,
ASN00007124,19830812,PRCP,0,,,a,
ASN00007124,19830813,PRCP,0,,,a,
ASN00007124,19830814,PRCP,0,,,a,
ASN00007124,19830815,PRCP,0,,,a,
ASN00007124,19830816,PRCP,0,,,a,
ASN00007124,19830817,PRCP,0,,,a,
ASN00007124,19830818,PRCP,0,,,a,
ASN00007124,19830819,PRCP,0,,,a,
ASN00007124,19830820,PRCP,0,,,a,
ASN00007124,19830821,PRCP,0,,,a,
ASN00007124,19830822,PRCP,0,,,a,
ASN00007124,19830823,PRCP,0,,,a,
ASN00007124,19830824,PRCP,0,,,a,
ASN00007124,19830825,PRCP,160,,,a,
ASN00007124,19830826,PRCP,0,,,a,
ASN00007124,19830827,PRCP,0,,,a,
ASN00007124,19830828,PRCP,0,,,a,
ASN00007124,19830829,PRCP,0,,,a,
ASN00007124,19830830,PRCP,0,,,a,
ASN00007124,19830831,PRCP,0,,,a,
ASN00007124,19830901,PRCP,0,,,a,
ASN00007124,19830902,PRCP,0,,,a,
ASN00007124,19830903,PRCP,0,,,a,
ASN00007124,19830904,PRCP,0,,,a,
ASN00007124,19830905,PRCP,0,,,a,
ASN00007124,19830906,PRCP,0,,,a,
ASN00007124,19830907,PRCP,0,,,a,
ASN00007124,19830908,PRCP,0,,,a,
ASN00007124,19830909,PRCP,0,,,a,
ASN00007124,19830910,PRCP,0,,,a,
ASN00007124,19830911,PRCP,0,,,a,
ASN00007124,19830912,PRCP,0,,,a,
ASN00007124,19830913,PRCP,0,,,a,
ASN00007124,19830914,PRCP,0,,,a,
ASN00007124,19830915,PRCP,0,,,a,
ASN00007124,19830916,PRCP,0,,,a,
ASN00007124,19830917,PRCP,0,,,a,
ASN00007124,19830918,PRCP,0,,,a,
ASN00007124,19830919,PRCP,0,,,a,
ASN00007124,19830920,PRCP,0,,,a,
ASN00007124,19830921,PRCP,0,,,a,
ASN00007124,19830922,PRCP,0,,,a,
ASN00007124,19830923,PRCP,0,,,a,
ASN00007124,19830924,PRCP,0,,,a,
ASN00007124,19830925,PRCP,0,,,a,
ASN00007124,19830926,PRCP,0,,,a,
ASN00007124,19830927,PRCP,0,,,a,
ASN00007124,19830928,PRCP,0,,,a,
ASN00007124,19830929,PRCP,0,,,a,
ASN00007124,19830930,PRCP,0,,,a,
ASN00007124,19831001,PRCP,0,,,a,
ASN00007124,19831002,PRCP,0,,,a,
ASN00007124,19831003,PRCP,0,,,a,
ASN00007124,19831004,PRCP,0,,,a,
ASN00007124,19831005,PRCP,0,,,a,
ASN00007124,19831006,PRCP,0,,,a,
ASN00007124,19831007,PRCP,0,,,a,
ASN00007124,19831008,PRCP,0,,,a,
ASN00007124,19831009,PRCP,0,,,a,
ASN00007124,19831010,PRCP,0,,,a,
ASN00007124,19831011,PRCP,0,,,a,
ASN00007124,19831012,PRCP,0,,,a,
ASN00007124,19831013,PRCP,0,,,a,
ASN00007124,19831014,PRCP,0,,,a,
ASN00007124,19831015,PRCP,0,,,a,
ASN00007124,19831016,PRCP,0,,,a,
ASN00007124,19831017,PRCP,0,,,a,
ASN00007124,19831018,PRCP,0,,,a,
ASN00007124,19831019,PRCP,0,,,a,
ASN00007124,19831020,PRCP,0,,,a,
ASN00007124,19831021,PRCP,0,,,a,
ASN00007124,19831022,PRCP,0,,,a,
ASN00007124,19831023,PRCP,0,,,a,
ASN00007124,19831024,PRCP,0,,,a,
ASN00007124,19831025,PRCP,0,,,a,
ASN00007124,19831026,PRCP,0,,,a,
ASN00007124,19831027,PRCP,0,,,a,
ASN00007124,19831028,PRCP,0,,,a,
ASN00007124,19831029,PRCP,0,,,a,
ASN00007124,19831030,PRCP,0,,,a,
ASN00007124,19831031,PRCP,0,,,a,
ASN00007124,19831101,PRCP,0,,,a,
ASN00007124,19831102,PRCP,0,,,a,
ASN00007124,19831103,PRCP,0,,,a,
ASN00007124,19831104,PRCP,0,,,a,
ASN00007124,19831105,PRCP,0,,,a,
ASN00007124,19831106,PRCP,0,,,a,
ASN00007124,19831107,PRCP,0,,,a,
ASN00007124,19831108,PRCP,0,,,a,
ASN00007124,19831109,PRCP,0,,,a,
ASN00007124,19831110,PRCP,0,,,a,
ASN00007124,19831111,PRCP,0,,,a,
ASN00007124,19831112,PRCP,0,,,a,
ASN00007124,19831113,PRCP,0,,,a,
ASN00007124,19831114,PRCP,0,,,a,
ASN00007124,19831115,PRCP,0,,,a,
ASN00007124,19831116,PRCP,220,,,a,
ASN00007124,19831117,PRCP,20,,,a,
ASN00007124,19831118,PRCP,0,,,a,
ASN00007124,19831119,PRCP,0,,,a,
ASN00007124,19831120,PRCP,0,,,a,
ASN00007124,19831121,PRCP,0,,,a,
ASN00007124,19831122,PRCP,0,,,a,
ASN00007124,19831123,PRCP,0,,,a,
ASN00007124,19831124,PRCP,0,,,a,
ASN00007124,19831125,PRCP,0,,,a,
ASN00007124,19831126,PRCP,0,,,a,
ASN00007124,19831127,PRCP,0,,,a,
ASN00007124,19831128,PRCP,0,,,a,
ASN00007124,19831129,PRCP,0,,,a,
ASN00007124,19831130,PRCP,0,,,a,
ASN00007124,19831201,PRCP,0,,,a,
ASN00007124,19831202,PRCP,0,,,a,
ASN00007124,19831203,PRCP,0,,,a,
ASN00007124,19831204,PRCP,0,,,a,
ASN00007124,19831205,PRCP,0,,,a,
ASN00007124,19831206,PRCP,0,,,a,
ASN00007124,19831207,PRCP,0,,,a,
ASN00007124,19831208,PRCP,0,,,a,
ASN00007124,19831209,PRCP,0,,,a,
ASN00007124,19831210,PRCP,0,,,a,
ASN00007124,19831211,PRCP,0,,,a,
ASN00007124,19831212,PRCP,0,,,a,
ASN00007124,19831213,PRCP,0,,,a,
ASN00007124,19831214,PRCP,0,,,a,
ASN00007124,19831215,PRCP,0,,,a,
ASN00007124,19831216,PRCP,0,,,a,
ASN00007124,19831217,PRCP,0,,,a,
ASN00007124,19831218,PRCP,0,,,a,
ASN00007124,19831219,PRCP,0,,,a,
ASN00007124,19831220,PRCP,0,,,a,
ASN00007124,19831221,PRCP,0,,,a,
ASN00007124,19831222,PRCP,0,,,a,
ASN00007124,19831223,PRCP,0,,,a,
ASN00007124,19831224,PRCP,0,,,a,
ASN00007124,19831225,PRCP,0,,,a,
ASN00007124,19831226,PRCP,0,,,a,
ASN00007124,19831227,PRCP,0,,,a,
ASN00007124,19831228,PRCP,0,,,a,
ASN00007124,19831229,PRCP,0,,,a,
ASN00007124,19831230,PRCP,0,,,a,
ASN00007124,19831231,PRCP,0,,,a,
ASN00007124,20020101,PRCP,0,,,a,
ASN00007124,20020102,PRCP,0,,,a,
ASN00007124,20020103,PRCP,0,,,a,
ASN00007124,20020104,PRCP,0,,,a,
ASN00007124,20020105,PRCP,0,,,a,
ASN00007124,20020106,PRCP,0,,,a,
ASN00007124,20020107,PRCP,0,,,a,
ASN00007124,20020108,PRCP,0,,,a,
ASN00007124,20020109,PRCP,0,,,a,
ASN00007124,20020110,PRCP,0,,,a,
ASN00007124,20020111,PRCP,0,,,a,
ASN00007124,20020112,PRCP,0,,,a,
ASN00007124,20020113,PRCP,0,,,a,
ASN00007124,20020114,PRCP,0,,,a,
ASN00007124,20020115,PRCP,0,,,a,
ASN00007124,20020116,PRCP,0,,,a,
ASN00007124,20020117,PRCP,0,,,a,
ASN00007124,20020118,PRCP,0,,,a,
ASN00007124,20020119,PRCP,0,,,a,
ASN00007124,20020120,PRCP,0,,,a,
ASN00007124,20020121,PRCP,0,,,a,
ASN00007124,20020122,PRCP,0,,,a,
ASN00007124,20020123,PRCP,0,,,a,
ASN00007124,20020124,PRCP,0,,,a,
ASN00007124,20020125,PRCP,0,,,a,
ASN00007124,20020126,PRCP,0,,,a,
ASN00007124,20020127,PRCP,0,,,a,
ASN00007124,20020128,PRCP,0,,,a,
ASN00007124,20020129,PRCP,0,,,a,
ASN00007124,20020130,PRCP,0,,,a,
ASN00007124,20020131,PRCP,0,,,a,
ASN00007124,20020201,PRCP,0,,,a,
ASN00007124,20020202,PRCP,0,,,a,
ASN00007124,20020203,PRCP,0,,,a,
ASN00007124,20020204,PRCP,0,,,a,
ASN00007124,20020205,PRCP,0,,,a,
ASN00007124,20020206,PRCP,0,,,a,
ASN00007124,20020207,PRCP,0,,,a,
ASN00007124,20020208,PRCP,0,,,a,
ASN00007124,20020209,PRCP,0,,,a,
ASN00007124,20020210,PRCP,0,,,a,
ASN00007124,20020211,PRCP,188,,,a,
ASN00007124,20020212,PRCP,18,,,a,
ASN00007124,20020213,PRCP,0,,,a,
ASN00007124,20020214,PRCP,0,,,a,
ASN00007124,20020215,PRCP,0,,,a,
ASN00007124,20020216,PRCP,0,,,a,
ASN00007124,20020217,PRCP,0,,,a,
ASN00007124,20020218,PRCP,0,,,a,
ASN00007124,20020219,PRCP,0,,,a,
ASN00007124,20020220,PRCP,0,,,a,
ASN00007124,20020221,PRCP,0,,,a,
ASN00007124,20020222,PRCP,0,,,a,
ASN00007124,20020223,PRCP,0,,,a,
ASN00007124,20020224,PRCP,0,,,a,
ASN00007124,20020225,PRCP,0,,,a,
ASN00007124,20020226,PRCP,0,,,a,
ASN00007124,20020227,PRCP,0,,,a,
ASN00007124,20020228,PRCP,0,,,a,
ASN00007124,20020301,PRCP,0,,,a,
ASN00007124,20020302,PRCP,0,,,a,
ASN00007124,20020303,PRCP,0,,,a,
ASN00007124,20020304,PRCP,0,,,a,
ASN00007124,20020305,PRCP,40,,,a,
ASN00007124,20020306,PRCP,0,,,a,
ASN00007124,20020307,PRCP,0,,,a,
ASN00007124,20020308,PRCP,0,,,a,
ASN00007124,20020309,PRCP,20,,,a,
ASN00007124,20020310,PRCP,0,,,a,
ASN00007124,20020311,PRCP,0,,,a,
ASN00007124,20020312,PRCP,0,,,a,
ASN00007124,20020313,PRCP,0,,,a,
ASN00007124,20020314,PRCP,0,,,a,
ASN00007124,20020315,PRCP,0,,,a,
ASN00007124,20020316,PRCP,0,,,a,
ASN00007124,20020317,PRCP,0,,,a,
ASN00007124,20020318,PRCP,0,,,a,
ASN00007124,20020319,PRCP,0,,,a,
ASN00007124,20020320,PRCP,0,,,a,
ASN00007124,20020321,PRCP,0,,,a,
ASN00007124,20020322,PRCP,0,,,a,
ASN00007124,20020323,PRCP,0,,,a,
ASN00007124,20020324,PRCP,0,,,a,
ASN00007124,20020325,PRCP,0,,,a,
ASN00007124,20020326,PRCP,0,,,a,
ASN00007124,20020327,PRCP,0,,,a,
ASN00007124,20020328,PRCP,0,,,a,
ASN00007124,20020329,PRCP,0,,,a,
ASN00007124,20020330,PRCP,0,,,a,
ASN00007124,20020331,PRCP,0,,,a,
ASN00007124,20020401,PRCP,0,,,a,
ASN00007124,20020402,PRCP,0,,,a,
ASN00007124,20020403,PRCP,0,,,a,
ASN00007124,20020404,PRCP,0,,,a,
ASN00007124,20020405,PRCP,0,,,a,
ASN00007124,20020406,PRCP,0,,,a,
ASN00007124,20020407,PRCP,0,,,a,
ASN00007124,20020408,PRCP,0,,,a,
ASN00007124,20020409,PRCP,0,,,a,
ASN00007124,20020410,PRCP,0,,,a,
ASN00007124,20020411,PRCP,0,,,a,
ASN00007124,20020412,PRCP,0,,,a,
ASN00007124,20020413,PRCP,0,,,a,
ASN00007124,20020414,PRCP,0,,,a,
ASN00007124,20020415,PRCP,0,,,a,
ASN00007124,20020416,PRCP,0,,,a,
ASN00007124,20020417,PRCP,0,,,a,
ASN00007124,20020418,PRCP,0,,,a,
ASN00007124,20020419,PRCP,0,,,a,
ASN00007124,20020420,PRCP,0,,,a,
ASN00007124,20020421,PRCP,0,,,a,
ASN00007124,20020422,PRCP,0,,,a,
ASN00007124,20020423,PRCP,0,,,a,
ASN00007124,20020424,PRCP,0,,,a,
ASN00007124,20020425,PRCP,0,,,a,
ASN00007124,20020426,PRCP,0,,,a,
ASN00007124,20020427,PRCP,0,,,a,
ASN00007124,20020428,PRCP,0,,,a,
ASN00007124,20020429,PRCP,0,,,a,
ASN00007124,20020430,PRCP,0,,,a,
ASN00007124,20020501,PRCP,0,,,a,
ASN00007124,20020502,PRCP,0,,,a,
ASN00007124,20020503,PRCP,0,,,a,
ASN00007124,20020504,PRCP,0,,,a,
ASN00007124,20020505,PRCP,0,,,a,
ASN00007124,20020506,PRCP,0,,,a,
ASN00007124,20020507,PRCP,0,,,a,
ASN00007124,20020508,PRCP,0,,,a,
ASN00007124,20020509,PRCP,0,,,a,
ASN00007124,20020510,PRCP,0,,,a,
ASN00007124,20020511,PRCP,0,,,a,
ASN00007124,20020512,PRCP,0,,,a,
ASN00007124,20020513,PRCP,0,,,a,
ASN00007124,20020514,PRCP,20,,,a,
ASN00007124,20020515,PRCP,0,,,a,
ASN00007124,20020516,PRCP,0,,,a,
ASN00007124,20020519,PRCP,20,,,a,
ASN00007124,20020520,PRCP,0,,,a,
ASN00007124,20020521,PRCP,20,,,a,
ASN00007124,20020522,PRCP,0,,,a,
ASN00007124,20020523,PRCP,0,,,a,
ASN00007124,20020524,PRCP,0,,,a,
ASN00007124,20020525,PRCP,0,,,a,
ASN00007124,20020526,PRCP,0,,,a,
ASN00007124,20020527,PRCP,50,,,a,
ASN00007124,20020528,PRCP,0,,,a,
ASN00007124,20020529,PRCP,0,,,a,
ASN00007124,20020530,PRCP,0,,,a,
ASN00007124,20020531,PRCP,0,,,a,
ASN00007124,20020518,DAPR,2,,,a,
ASN00007124,20020518,DWPR,2,,,a,
ASN00007124,20020518,MDPR,105,,,a,
ASN00007124,20020601,PRCP,0,,,a,
ASN00007124,20020602,PRCP,0,,,a,
ASN00007124,20020603,PRCP,0,,,a,
ASN00007124,20020604,PRCP,125,,,a,
ASN00007124,20020605,PRCP,20,,,a,
ASN00007124,20020606,PRCP,0,,,a,
ASN00007124,20020607,PRCP,0,,,a,
ASN00007124,20020608,PRCP,0,,,a,
ASN00007124,20020609,PRCP,0,,,a,
ASN00007124,20020610,PRCP,0,,,a,
ASN00007124,20020611,PRCP,0,,,a,
ASN00007124,20020612,PRCP,0,,,a,
ASN00007124,20020613,PRCP,0,,,a,
ASN00007124,20020614,PRCP,10,,,a,
ASN00007124,20020615,PRCP,0,,,a,
ASN00007124,20020616,PRCP,0,,,a,
ASN00007124,20020617,PRCP,0,,,a,
ASN00007124,20020618,PRCP,0,,,a,
ASN00007124,20020619,PRCP,0,,,a,
ASN00007124,20020620,PRCP,0,,,a,
ASN00007124,20020621,PRCP,0,,,a,
ASN00007124,20020622,PRCP,0,,,a,
ASN00007124,20020623,PRCP,0,,,a,
ASN00007124,20020624,PRCP,0,,,a,
ASN00007124,20020625,PRCP,0,,,a,
ASN00007124,20020626,PRCP,0,,,a,
ASN00007124,20020627,PRCP,0,,,a,
ASN00007124,20020628,PRCP,0,,,a,
ASN00007124,20020629,PRCP,0,,,a,
ASN00007124,20020630,PRCP,0,,,a,
ASN00007124,20020701,PRCP,0,,,a,
ASN00007124,20020702,PRCP,0,,,a,
ASN00007124,20020703,PRCP,0,,,a,
ASN00007124,20020704,PRCP,0,,,a,
ASN00007124,20020705,PRCP,0,,,a,
ASN00007124,20020706,PRCP,0,,,a,
ASN00007124,20020707,PRCP,0,,,a,
ASN00007124,20020708,PRCP,0,,,a,
ASN00007124,20020709,PRCP,0,,,a,
ASN00007124,20020710,PRCP,0,,,a,
ASN00007124,20020711,PRCP,0,,,a,
ASN00007124,20020712,PRCP,0,,,a,
ASN00007124,20020713,PRCP,0,,,a,
ASN00007124,20020714,PRCP,0,,,a,
ASN00007124,20020715,PRCP,0,,,a,
ASN00007124,20020716,PRCP,0,,,a,
ASN00007124,20020717,PRCP,0,,,a,
ASN00007124,20020718,PRCP,0,,,a,
ASN00007124,20020719,PRCP,0,,,a,
ASN00007124,20020720,PRCP,10,,,a,
ASN00007124,20020721,PRCP,65,,,a,
ASN00007124,20020722,PRCP,15,,,a,
ASN00007124,20020723,PRCP,40,,,a,
ASN00007124,20020724,PRCP,0,,,a,
ASN00007124,20020725,PRCP,0,,,a,
ASN00007124,20020726,PRCP,0,,,a,
ASN00007124,20020727,PRCP,0,,,a,
ASN00007124,20020728,PRCP,0,,,a,
ASN00007124,20020729,PRCP,0,,,a,
ASN00007124,20020730,PRCP,0,,,a,
ASN00007124,20020731,PRCP,0,,,a,
ASN00007124,20020801,PRCP,0,,,a,
ASN00007124,20020802,PRCP,0,,,a,
ASN00007124,20020803,PRCP,0,,,a,
ASN00007124,20020804,PRCP,0,,,a,
ASN00007124,20020805,PRCP,0,,,a,
ASN00007124,20020806,PRCP,0,,,a,
ASN00007124,20020807,PRCP,0,,,a,
ASN00007124,20020808,PRCP,0,,,a,
ASN00007124,20020809,PRCP,0,,,a,
ASN00007124,20020810,PRCP,170,,,a,
ASN00007124,20020811,PRCP,0,,,a,
ASN00007124,20020812,PRCP,0,,,a,
ASN00007124,20020813,PRCP,0,,,a,
ASN00007124,20020814,PRCP,0,,,a,
ASN00007124,20020815,PRCP,0,,,a,
ASN00007124,20020816,PRCP,0,,,a,
ASN00007124,20020817,PRCP,0,,,a,
ASN00007124,20020818,PRCP,0,,,a,
ASN00007124,20020819,PRCP,0,,,a,
ASN00007124,20020820,PRCP,0,,,a,
ASN00007124,20020821,PRCP,0,,,a,
ASN00007124,20020822,PRCP,0,,,a,
ASN00007124,20020823,PRCP,0,,,a,
ASN00007124,20020824,PRCP,0,,,a,
ASN00007124,20020825,PRCP,0,,,a,
ASN00007124,20020826,PRCP,0,,,a,
ASN00007124,20020827,PRCP,0,,,a,
ASN00007124,20020828,PRCP,0,,,a,
ASN00007124,20020829,PRCP,0,,,a,
ASN00007124,20020830,PRCP,0,,,a,
ASN00007124,20020831,PRCP,0,,,a,
ASN00007124,20020901,PRCP,0,,,a,
ASN00007124,20020902,PRCP,25,,,a,
ASN00007124,20020903,PRCP,0,,,a,
ASN00007124,20020904,PRCP,0,,,a,
ASN00007124,20020905,PRCP,0,,,a,
ASN00007124,20020906,PRCP,0,,,a,
ASN00007124,20020907,PRCP,0,,,a,
ASN00007124,20020908,PRCP,0,,,a,
ASN00007124,20020909,PRCP,0,,,a,
ASN00007124,20020910,PRCP,0,,,a,
ASN00007124,20020911,PRCP,0,,,a,
ASN00007124,20020912,PRCP,0,,,a,
ASN00007124,20020913,PRCP,0,,,a,
ASN00007124,20020914,PRCP,0,,,a,
ASN00007124,20020915,PRCP,15,,,a,
ASN00007124,20020916,PRCP,0,,,a,
ASN00007124,20020917,PRCP,0,,,a,
ASN00007124,20020918,PRCP,0,,,a,
ASN00007124,20020919,PRCP,0,,,a,
ASN00007124,20020920,PRCP,0,,,a,
ASN00007124,20020921,PRCP,0,,,a,
ASN00007124,20020922,PRCP,0,,,a,
ASN00007124,20020923,PRCP,0,,,a,
ASN00007124,20020924,PRCP,0,,,a,
ASN00007124,20020925,PRCP,0,,,a,
ASN00007124,20020926,PRCP,0,,,a,
ASN00007124,20020927,PRCP,0,,,a,
ASN00007124,20020928,PRCP,0,,,a,
ASN00007124,20020929,PRCP,0,,,a,
ASN00007124,20020930,PRCP,0,,,a,
ASN00007124,20021001,PRCP,0,,,a,
ASN00007124,20021002,PRCP,0,,,a,
ASN00007124,20021003,PRCP,0,,,a,
ASN00007124,20021004,PRCP,0,,,a,
ASN00007124,20021005,PRCP,0,,,a,
ASN00007124,20021006,PRCP,0,,,a,
ASN00007124,20021007,PRCP,0,,,a,
ASN00007124,20021008,PRCP,0,,,a,
ASN00007124,20021009,PRCP,0,,,a,
ASN00007124,20021010,PRCP,0,,,a,
ASN00007124,20021011,PRCP,0,,,a,
ASN00007124,20021012,PRCP,0,,,a,
ASN00007124,20021013,PRCP,0,,,a,
ASN00007124,20021014,PRCP,0,,,a,
ASN00007124,20021015,PRCP,0,,,a,
ASN00007124,20021016,PRCP,0,,,a,
ASN00007124,20021017,PRCP,0,,,a,
ASN00007124,20021018,PRCP,0,,,a,
ASN00007124,20021019,PRCP,0,,,a,
ASN00007124,20021020,PRCP,0,,,a,
ASN00007124,20021021,PRCP,0,,,a,
ASN00007124,20021022,PRCP,0,,,a,
ASN00007124,20021023,PRCP,0,,,a,
ASN00007124,20021024,PRCP,0,,,a,
ASN00007124,20021025,PRCP,0,,,a,
ASN00007124,20021026,PRCP,0,,,a,
ASN00007124,20021027,PRCP,0,,,a,
ASN00007124,20021028,PRCP,0,,,a,
ASN00007124,20021029,PRCP,0,,,a,
ASN00007124,20021030,PRCP,0,,,a,
ASN00007124,20021031,PRCP,0,,,a,
ASN00007124,20021101,PRCP,0,,,a,
ASN00007124,20021102,PRCP,0,,,a,
ASN00007124,20021103,PRCP,0,,,a,
ASN00007124,20021104,PRCP,0,,,a,
ASN00007124,20021105,PRCP,0,,,a,
ASN00007124,20021106,PRCP,0,,,a,
ASN00007124,20021107,PRCP,0,,,a,
ASN00007124,20021108,PRCP,0,,,a,
ASN00007124,20021109,PRCP,0,,,a,
ASN00007124,20021110,PRCP,0,,,a,
ASN00007124,20021111,PRCP,0,,,a,
ASN00007124,20021112,PRCP,0,,,a,
ASN00007124,20021113,PRCP,0,,,a,
ASN00007124,20021114,PRCP,0,,,a,
ASN00007124,20021115,PRCP,0,,,a,
ASN00007124,20021116,PRCP,0,,,a,
ASN00007124,20021117,PRCP,0,,,a,
ASN00007124,20021118,PRCP,0,,,a,
ASN00007124,20021119,PRCP,0,,,a,
ASN00007124,20021120,PRCP,0,,,a,
ASN00007124,20021121,PRCP,0,,,a,
ASN00007124,20021122,PRCP,0,,,a,
ASN00007124,20021123,PRCP,0,,,a,
ASN00007124,20021124,PRCP,0,,,a,
ASN00007124,20021125,PRCP,0,,,a,
ASN00007124,20021126,PRCP,0,,,a,
ASN00007124,20021127,PRCP,0,,,a,
ASN00007124,20021128,PRCP,0,,,a,
ASN00007124,20021129,PRCP,0,,,a,
ASN00007124,20021130,PRCP,0,,,a,
ASN00007124,20021201,PRCP,0,,,a,
ASN00007124,20021202,PRCP,0,,,a,
ASN00007124,20021203,PRCP,0,,,a,
ASN00007124,20021204,PRCP,0,,,a,
ASN00007124,20021205,PRCP,0,,,a,
ASN00007124,20021206,PRCP,0,,,a,
ASN00007124,20021207,PRCP,0,,,a,
ASN00007124,20021208,PRCP,0,,,a,
ASN00007124,20021209,PRCP,0,,,a,
ASN00007124,20021210,PRCP,0,,,a,
ASN00007124,20021211,PRCP,0,,,a,
ASN00007124,20021212,PRCP,0,,,a,
ASN00007124,20021213,PRCP,0,,,a,
ASN00007124,20021214,PRCP,0,,,a,
ASN00007124,20021215,PRCP,0,,,a,
ASN00007124,20021216,PRCP,0,,,a,
ASN00007124,20021217,PRCP,0,,,a,
ASN00007124,20021218,PRCP,0,,,a,
ASN00007124,20021219,PRCP,0,,,a,
ASN00007124,20021220,PRCP,0,,,a,
ASN00007124,20021221,PRCP,0,,,a,
ASN00007124,20021222,PRCP,0,,,a,
ASN00007124,20021223,PRCP,0,,,a,
ASN00007124,20021224,PRCP,370,,,a,
ASN00007124,20021225,PRCP,0,,,a,
ASN00007124,20021226,PRCP,0,,,a,
ASN00007124,20021227,PRCP,0,,,a,
ASN00007124,20021228,PRCP,0,,,a,
ASN00007124,20021229,PRCP,0,,,a,
ASN00007124,20021230,PRCP,0,,,a,
ASN00007124,20021231,PRCP,0,,,a,
ASN00007124,20030101,PRCP,0,,,a,
ASN00007124,20030102,PRCP,0,,,a,
ASN00007124,20030103,PRCP,0,,,a,
ASN00007124,20030104,PRCP,0,,,a,
ASN00007124,20030105,PRCP,0,,,a,
ASN00007124,20030106,PRCP,0,,,a,
ASN00007124,20030107,PRCP,0,,,a,
ASN00007124,20030108,PRCP,0,,,a,
ASN00007124,20030109,PRCP,0,,,a,
ASN00007124,20030110,PRCP,0,,,a,
ASN00007124,20030111,PRCP,0,,,a,
ASN00007124,20030112,PRCP,0,,,a,
ASN00007124,20030113,PRCP,0,,,a,
ASN00007124,20030114,PRCP,0,,,a,
ASN00007124,20030115,PRCP,0,,,a,
ASN00007124,20030116,PRCP,0,,,a,
ASN00007124,20030117,PRCP,0,,,a,
ASN00007124,20030118,PRCP,0,,,a,
ASN00007124,20030119,PRCP,0,,,a,
ASN00007124,20030120,PRCP,0,,,a,
ASN00007124,20030121,PRCP,0,,,a,
ASN00007124,20030122,PRCP,0,,,a,
ASN00007124,20030123,PRCP,0,,,a,
ASN00007124,20030124,PRCP,0,,,a,
ASN00007124,20030125,PRCP,0,,,a,
ASN00007124,20030126,PRCP,0,,,a,
ASN00007124,20030127,PRCP,0,,,a,
ASN00007124,20030128,PRCP,0,,,a,
ASN00007124,20030129,PRCP,0,,,a,
ASN00007124,20030130,PRCP,10,,,a,
ASN00007124,20030131,PRCP,45,,,a,
ASN00007124,20030201,PRCP,38,,,a,
ASN00007124,20030202,PRCP,0,,,a,
ASN00007124,20030203,PRCP,0,,,a,
ASN00007124,20030204,PRCP,0,,,a,
ASN00007124,20030205,PRCP,0,,,a,
ASN00007124,20030206,PRCP,50,,,a,
ASN00007124,20030207,PRCP,0,,,a,
ASN00007124,20030208,PRCP,10,,,a,
ASN00007124,20030209,PRCP,0,,,a,
ASN00007124,20030210,PRCP,0,,,a,
ASN00007124,20030211,PRCP,42,,,a,
ASN00007124,20030212,PRCP,0,,,a,
ASN00007124,20030213,PRCP,0,,,a,
ASN00007124,20030214,PRCP,0,,,a,
ASN00007124,20030215,PRCP,0,,,a,
ASN00007124,20030216,PRCP,0,,,a,
ASN00007124,20030217,PRCP,0,,,a,
ASN00007124,20030218,PRCP,0,,,a,
ASN00007124,20030219,PRCP,0,,,a,
ASN00007124,20030220,PRCP,0,,,a,
ASN00007124,20030221,PRCP,0,,,a,
ASN00007124,20030222,PRCP,0,,,a,
ASN00007124,20030223,PRCP,0,,,a,
ASN00007124,20030224,PRCP,0,,,a,
ASN00007124,20030225,PRCP,0,,,a,
ASN00007124,20030226,PRCP,0,,,a,
ASN00007124,20030227,PRCP,0,,,a,
ASN00007124,20030228,PRCP,0,,,a,
ASN00007124,20030301,PRCP,0,,,a,
ASN00007124,20030302,PRCP,0,,,a,
ASN00007124,20030303,PRCP,0,,,a,
ASN00007124,20030304,PRCP,0,,,a,
ASN00007124,20030305,PRCP,0,,,a,
ASN00007124,20030306,PRCP,0,,,a,
ASN00007124,20030307,PRCP,0,,,a,
ASN00007124,20030308,PRCP,10,,,a,
ASN00007124,20030309,PRCP,35,,,a,
ASN00007124,20030310,PRCP,0,,,a,
ASN00007124,20030311,PRCP,0,,,a,
ASN00007124,20030312,PRCP,0,,,a,
ASN00007124,20030313,PRCP,0,,,a,
ASN00007124,20030314,PRCP,0,,,a,
ASN00007124,20030315,PRCP,0,,,a,
ASN00007124,20030316,PRCP,0,,,a,
ASN00007124,20030317,PRCP,0,,,a,
ASN00007124,20030318,PRCP,0,,,a,
ASN00007124,20030319,PRCP,0,,,a,
ASN00007124,20030320,PRCP,0,,,a,
ASN00007124,20030321,PRCP,5,,,a,
ASN00007124,20030322,PRCP,0,,,a,
ASN00007124,20030323,PRCP,130,,,a,
ASN00007124,20030324,PRCP,6,,,a,
ASN00007124,20030325,PRCP,0,,,a,
ASN00007124,20030326,PRCP,0,,,a,
ASN00007124,20030327,PRCP,0,,,a,
ASN00007124,20030328,PRCP,0,,,a,
ASN00007124,20030329,PRCP,6,,,a,
ASN00007124,20030330,PRCP,0,,,a,
ASN00007124,20030331,PRCP,0,,,a,
ASN00007124,20030401,PRCP,0,,,a,
ASN00007124,20030402,PRCP,0,,,a,
ASN00007124,20030403,PRCP,0,,,a,
ASN00007124,20030404,PRCP,0,,,a,
ASN00007124,20030405,PRCP,0,,,a,
ASN00007124,20030406,PRCP,0,,,a,
ASN00007124,20030407,PRCP,0,,,a,
ASN00007124,20030408,PRCP,25,,,a,
ASN00007124,20030409,PRCP,0,,,a,
ASN00007124,20030410,PRCP,0,,,a,
ASN00007124,20030411,PRCP,0,,,a,
ASN00007124,20030412,PRCP,0,,,a,
ASN00007124,20030413,PRCP,0,,,a,
ASN00007124,20030414,PRCP,0,,,a,
ASN00007124,20030415,PRCP,0,,,a,
ASN00007124,20030416,PRCP,0,,,a,
ASN00007124,20030417,PRCP,0,,,a,
ASN00007124,20030418,PRCP,0,,,a,
ASN00007124,20030419,PRCP,0,,,a,
ASN00007124,20030420,PRCP,0,,,a,
ASN00007124,20030421,PRCP,0,,,a,
ASN00007124,20030422,PRCP,0,,,a,
ASN00007124,20030423,PRCP,0,,,a,
ASN00007124,20030424,PRCP,0,,,a,
ASN00007124,20030425,PRCP,0,,,a,
ASN00007124,20030426,PRCP,0,,,a,
ASN00007124,20030427,PRCP,0,,,a,
ASN00007124,20030428,PRCP,0,,,a,
ASN00007124,20030429,PRCP,0,,,a,
ASN00007124,20030430,PRCP,0,,,a,
ASN00007124,20030501,PRCP,0,,,a,
ASN00007124,20030502,PRCP,0,,,a,
ASN00007124,20030503,PRCP,0,,,a,
ASN00007124,20030504,PRCP,0,,,a,
ASN00007124,20030505,PRCP,0,,,a,
ASN00007124,20030506,PRCP,0,,,a,
ASN00007124,20030507,PRCP,0,,,a,
ASN00007124,20030508,PRCP,0,,,a,
ASN00007124,20030509,PRCP,0,,,a,
ASN00007124,20030510,PRCP,0,,,a,
ASN00007124,20030511,PRCP,0,,,a,
ASN00007124,20030512,PRCP,0,,,a,
ASN00007124,20030513,PRCP,0,,,a,
ASN00007124,20030514,PRCP,0,,,a,
ASN00007124,20030515,PRCP,0,,,a,
ASN00007124,20030516,PRCP,70,,,a,
ASN00007124,20030517,PRCP,10,,,a,
ASN00007124,20030518,PRCP,0,,,a,
ASN00007124,20030519,PRCP,0,,,a,
ASN00007124,20030520,PRCP,0,,,a,
ASN00007124,20030521,PRCP,0,,,a,
ASN00007124,20030522,PRCP,5,,,a,
ASN00007124,20030523,PRCP,0,,,a,
ASN00007124,20030524,PRCP,0,,,a,
ASN00007124,20030525,PRCP,0,,,a,
ASN00007124,20030526,PRCP,0,,,a,
ASN00007124,20030527,PRCP,0,,,a,
ASN00007124,20030528,PRCP,0,,,a,
ASN00007124,20030529,PRCP,0,,,a,
ASN00007124,20030530,PRCP,0,,,a,
ASN00007124,20030531,PRCP,0,,,a,
ASN00007124,20030601,PRCP,0,,,a,
ASN00007124,20030602,PRCP,0,,,a,
ASN00007124,20030603,PRCP,0,,,a,
ASN00007124,20030604,PRCP,0,,,a,
ASN00007124,20030605,PRCP,0,,,a,
ASN00007124,20030606,PRCP,0,,,a,
ASN00007124,20030607,PRCP,0,,,a,
ASN00007124,20030608,PRCP,0,,,a,
ASN00007124,20030609,PRCP,0,,,a,
ASN00007124,20030610,PRCP,0,,,a,
ASN00007124,20030611,PRCP,0,,,a,
ASN00007124,20030612,PRCP,0,,,a,
ASN00007124,20030613,PRCP,0,,,a,
ASN00007124,20030614,PRCP,0,,,a,
ASN00007124,20030615,PRCP,0,,,a,
ASN00007124,20030616,PRCP,0,,,a,
ASN00007124,20030617,PRCP,0,,,a,
ASN00007124,20030618,PRCP,0,,,a,
ASN00007124,20030619,PRCP,0,,,a,
ASN00007124,20030620,PRCP,0,,,a,
ASN00007124,20030621,PRCP,0,,,a,
ASN00007124,20030622,PRCP,200,,,a,
ASN00007124,20030623,PRCP,45,,,a,
ASN00007124,20030624,PRCP,0,,,a,
ASN00007124,20030625,PRCP,0,,,a,
ASN00007124,20030626,PRCP,310,,,a,
ASN00007124,20030627,PRCP,50,,,a,
ASN00007124,20030628,PRCP,40,,,a,
ASN00007124,20030629,PRCP,20,,,a,
ASN00007124,20030630,PRCP,0,,,a,
ASN00007124,20030701,PRCP,0,,,a,
ASN00007124,20030702,PRCP,0,,,a,
ASN00007124,20030703,PRCP,0,,,a,
ASN00007124,20030704,PRCP,0,,,a,
ASN00007124,20030705,PRCP,0,,,a,
ASN00007124,20030706,PRCP,0,,,a,
ASN00007124,20030707,PRCP,0,,,a,
ASN00007124,20030708,PRCP,0,,,a,
ASN00007124,20030709,PRCP,0,,,a,
ASN00007124,20030710,PRCP,0,,,a,
ASN00007124,20030711,PRCP,0,,,a,
ASN00007124,20030712,PRCP,0,,,a,
ASN00007124,20030713,PRCP,0,,,a,
ASN00007124,20030714,PRCP,0,,,a,
ASN00007124,20030715,PRCP,0,,,a,
ASN00007124,20030716,PRCP,0,,,a,
ASN00007124,20030717,PRCP,0,,,a,
ASN00007124,20030718,PRCP,0,,,a,
ASN00007124,20030719,PRCP,0,,,a,
ASN00007124,20030720,PRCP,0,,,a,
ASN00007124,20030721,PRCP,0,,,a,
ASN00007124,20030722,PRCP,0,,,a,
ASN00007124,20030723,PRCP,0,,,a,
ASN00007124,20030724,PRCP,0,,,a,
ASN00007124,20030725,PRCP,0,,,a,
ASN00007124,20030726,PRCP,0,,,a,
ASN00007124,20030727,PRCP,0,,,a,
ASN00007124,20030728,PRCP,0,,,a,
ASN00007124,20030729,PRCP,0,,,a,
ASN00007124,20030730,PRCP,0,,,a,
ASN00007124,20030731,PRCP,0,,,a,
ASN00007124,20030801,PRCP,0,,,a,
ASN00007124,20030802,PRCP,0,,,a,
ASN00007124,20030803,PRCP,0,,,a,
ASN00007124,20030804,PRCP,15,,,a,
ASN00007124,20030805,PRCP,0,,,a,
ASN00007124,20030806,PRCP,0,,,a,
ASN00007124,20030807,PRCP,0,,,a,
ASN00007124,20030808,PRCP,0,,,a,
ASN00007124,20030809,PRCP,0,,,a,
ASN00007124,20030810,PRCP,0,,,a,
ASN00007124,20030811,PRCP,55,,,a,
ASN00007124,20030812,PRCP,60,,,a,
ASN00007124,20030813,PRCP,0,,,a,
ASN00007124,20030814,PRCP,0,,,a,
ASN00007124,20030815,PRCP,0,,,a,
ASN00007124,20030816,PRCP,0,,,a,
ASN00007124,20030817,PRCP,0,,,a,
ASN00007124,20030818,PRCP,0,,,a,
ASN00007124,20030819,PRCP,0,,,a,
ASN00007124,20030820,PRCP,0,,,a,
ASN00007124,20030821,PRCP,0,,,a,
ASN00007124,20030822,PRCP,25,,,a,
ASN00007124,20030823,PRCP,0,,,a,
ASN00007124,20030824,PRCP,0,,,a,
ASN00007124,20030825,PRCP,0,,,a,
ASN00007124,20030826,PRCP,0,,,a,
ASN00007124,20030827,PRCP,0,,,a,
ASN00007124,20030828,PRCP,0,,,a,
ASN00007124,20030829,PRCP,0,,,a,
ASN00007124,20030830,PRCP,0,,,a,
ASN00007124,20030831,PRCP,0,,,a,
ASN00007124,20030901,PRCP,0,,,a,
ASN00007124,20030902,PRCP,0,,,a,
ASN00007124,20030903,PRCP,0,,,a,
ASN00007124,20030904,PRCP,0,,,a,
ASN00007124,20030905,PRCP,0,,,a,
ASN00007124,20030906,PRCP,0,,,a,
ASN00007124,20030907,PRCP,0,,,a,
ASN00007124,20030908,PRCP,0,,,a,
ASN00007124,20030909,PRCP,0,,,a,
ASN00007124,20030910,PRCP,0,,,a,
ASN00007124,20030911,PRCP,0,,,a,
ASN00007124,20030912,PRCP,0,,,a,
ASN00007124,20030913,PRCP,0,,,a,
ASN00007124,20030914,PRCP,0,,,a,
ASN00007124,20030915,PRCP,0,,,a,
ASN00007124,20030916,PRCP,0,,,a,
ASN00007124,20030917,PRCP,0,,,a,
ASN00007124,20030918,PRCP,0,,,a,
ASN00007124,20030919,PRCP,0,,,a,
ASN00007124,20030920,PRCP,0,,,a,
ASN00007124,20030921,PRCP,0,,,a,
ASN00007124,20030922,PRCP,0,,,a,
ASN00007124,20030923,PRCP,0,,,a,
ASN00007124,20030924,PRCP,0,,,a,
ASN00007124,20030925,PRCP,0,,,a,
ASN00007124,20030926,PRCP,0,,,a,
ASN00007124,20030927,PRCP,0,,,a,
ASN00007124,20030928,PRCP,0,,,a,
ASN00007124,20030929,PRCP,0,,,a,
ASN00007124,20030930,PRCP,0,,,a,
ASN00007124,20031001,PRCP,0,,,a,
ASN00007124,20031002,PRCP,0,,,a,
ASN00007124,20031003,PRCP,0,,,a,
ASN00007124,20031004,PRCP,0,,,a,
ASN00007124,20031005,PRCP,0,,,a,
ASN00007124,20031006,PRCP,0,,,a,
ASN00007124,20031007,PRCP,0,,,a,
ASN00007124,20031008,PRCP,0,,,a,
ASN00007124,20031009,PRCP,0,,,a,
ASN00007124,20031010,PRCP,0,,,a,
ASN00007124,20031011,PRCP,0,,,a,
ASN00007124,20031012,PRCP,0,,,a,
ASN00007124,20031013,PRCP,0,,,a,
ASN00007124,20031014,PRCP,0,,,a,
ASN00007124,20031015,PRCP,0,,,a,
ASN00007124,20031016,PRCP,0,,,a,
ASN00007124,20031017,PRCP,0,,,a,
ASN00007124,20031018,PRCP,0,,,a,
ASN00007124,20031019,PRCP,0,,,a,
ASN00007124,20031020,PRCP,0,,,a,
ASN00007124,20031021,PRCP,0,,,a,
ASN00007124,20031022,PRCP,0,,,a,
ASN00007124,20031023,PRCP,0,,,a,
ASN00007124,20031024,PRCP,0,,,a,
ASN00007124,20031025,PRCP,0,,,a,
ASN00007124,20031026,PRCP,0,,,a,
ASN00007124,20031027,PRCP,0,,,a,
ASN00007124,20031028,PRCP,0,,,a,
ASN00007124,20031029,PRCP,0,,,a,
ASN00007124,20031030,PRCP,0,,,a,
ASN00007124,20031031,PRCP,0,,,a,
ASN00007124,20031101,PRCP,0,,,a,
ASN00007124,20031102,PRCP,0,,,a,
ASN00007124,20031103,PRCP,0,,,a,
ASN00007124,20031104,PRCP,0,,,a,
ASN00007124,20031105,PRCP,0,,,a,
ASN00007124,20031106,PRCP,0,,,a,
ASN00007124,20031107,PRCP,0,,,a,
ASN00007124,20031108,PRCP,0,,,a,
ASN00007124,20031109,PRCP,0,,,a,
ASN00007124,20031110,PRCP,0,,,a,
ASN00007124,20031111,PRCP,0,,,a,
ASN00007124,20031112,PRCP,0,,,a,
ASN00007124,20031113,PRCP,0,,,a,
ASN00007124,20031114,PRCP,0,,,a,
ASN00007124,20031115,PRCP,20,,,a,
ASN00007124,20031116,PRCP,0,,,a,
ASN00007124,20031117,PRCP,0,,,a,
ASN00007124,20031118,PRCP,0,,,a,
ASN00007124,20031119,PRCP,0,,,a,
ASN00007124,20031120,PRCP,0,,,a,
ASN00007124,20031121,PRCP,0,,,a,
ASN00007124,20031122,PRCP,0,,,a,
ASN00007124,20031123,PRCP,0,,,a,
ASN00007124,20031124,PRCP,0,,,a,
ASN00007124,20031125,PRCP,0,,,a,
ASN00007124,20031126,PRCP,0,,,a,
ASN00007124,20031127,PRCP,0,,,a,
ASN00007124,20031128,PRCP,0,,,a,
ASN00007124,20031129,PRCP,0,,,a,
ASN00007124,20031130,PRCP,0,,,a,
ASN00007124,20031201,PRCP,0,,,a,
ASN00007124,20031202,PRCP,0,,,a,
ASN00007124,20031203,PRCP,0,,,a,
ASN00007124,20031204,PRCP,0,,,a,
ASN00007124,20031205,PRCP,0,,,a,
ASN00007124,20031206,PRCP,0,,,a,
ASN00007124,20031207,PRCP,0,,,a,
ASN00007124,20031208,PRCP,0,,,a,
ASN00007124,20031209,PRCP,0,,,a,
ASN00007124,20031210,PRCP,0,,,a,
ASN00007124,20031211,PRCP,0,,,a,
ASN00007124,20031212,PRCP,0,,,a,
ASN00007124,20031213,PRCP,0,,,a,
ASN00007124,20031214,PRCP,0,,,a,
ASN00007124,20031215,PRCP,0,,,a,
ASN00007124,20031216,PRCP,0,,,a,
ASN00007124,20031217,PRCP,0,,,a,
ASN00007124,20031218,PRCP,0,,,a,
ASN00007124,20031219,PRCP,0,,,a,
ASN00007124,20031220,PRCP,0,,,a,
ASN00007124,20031221,PRCP,0,,,a,
ASN00007124,20031222,PRCP,0,,,a,
ASN00007124,20031223,PRCP,0,,,a,
ASN00007124,20031224,PRCP,0,,,a,
ASN00007124,20031225,PRCP,0,,,a,
ASN00007124,20031226,PRCP,0,,,a,
ASN00007124,20031227,PRCP,0,,,a,
ASN00007124,20031228,PRCP,0,,,a,
ASN00007124,20031229,PRCP,0,,,a,
ASN00007124,20031230,PRCP,0,,,a,
ASN00007124,20031231,PRCP,0,,,a,
ASN00007124,20040101,PRCP,0,,,a,
ASN00007124,20040102,PRCP,0,,,a,
ASN00007124,20040103,PRCP,0,,,a,
ASN00007124,20040104,PRCP,5,,,a,
ASN00007124,20040105,PRCP,0,,,a,
ASN00007124,20040106,PRCP,0,,,a,
ASN00007124,20040107,PRCP,500,,,a,
ASN00007124,20040108,PRCP,0,,,a,
ASN00007124,20040109,PRCP,0,,,a,
ASN00007124,20040110,PRCP,0,,,a,
ASN00007124,20040111,PRCP,0,,,a,
ASN00007124,20040112,PRCP,0,,,a,
ASN00007124,20040113,PRCP,0,,,a,
ASN00007124,20040114,PRCP,0,,,a,
ASN00007124,20040115,PRCP,0,,,a,
ASN00007124,20040116,PRCP,0,,,a,
ASN00007124,20040117,PRCP,0,,,a,
ASN00007124,20040118,PRCP,0,,,a,
ASN00007124,20040119,PRCP,0,,,a,
ASN00007124,20040120,PRCP,0,,,a,
ASN00007124,20040121,PRCP,0,,,a,
ASN00007124,20040122,PRCP,0,,,a,
ASN00007124,20040123,PRCP,0,,,a,
ASN00007124,20040124,PRCP,0,,,a,
ASN00007124,20040125,PRCP,0,,,a,
ASN00007124,20040126,PRCP,0,,,a,
ASN00007124,20040127,PRCP,0,,,a,
ASN00007124,20040128,PRCP,0,,,a,
ASN00007124,20040129,PRCP,0,,,a,
ASN00007124,20040130,PRCP,0,,,a,
ASN00007124,20040131,PRCP,0,,,a,
ASN00007124,20040201,PRCP,0,,,a,
ASN00007124,20040202,PRCP,0,,,a,
ASN00007124,20040203,PRCP,0,,,a,
ASN00007124,20040204,PRCP,0,,,a,
ASN00007124,20040205,PRCP,0,,,a,
ASN00007124,20040206,PRCP,0,,,a,
ASN00007124,20040207,PRCP,0,,,a,
ASN00007124,20040208,PRCP,0,,,a,
ASN00007124,20040209,PRCP,0,,,a,
ASN00007124,20040210,PRCP,0,,,a,
ASN00007124,20040211,PRCP,0,,,a,
ASN00007124,20040212,PRCP,110,,,a,
ASN00007124,20040213,PRCP,0,,,a,
ASN00007124,20040214,PRCP,0,,,a,
ASN00007124,20040215,PRCP,0,,,a,
ASN00007124,20040216,PRCP,0,,,a,
ASN00007124,20040217,PRCP,490,,,a,
ASN00007124,20040218,PRCP,0,,,a,
ASN00007124,20040219,PRCP,80,,,a,
ASN00007124,20040220,PRCP,40,,,a,
ASN00007124,20040221,PRCP,0,,,a,
ASN00007124,20040222,PRCP,0,,,a,
ASN00007124,20040223,PRCP,0,,,a,
ASN00007124,20040224,PRCP,0,,,a,
ASN00007124,20040225,PRCP,0,,,a,
ASN00007124,20040226,PRCP,0,,,a,
ASN00007124,20040227,PRCP,0,,,a,
ASN00007124,20040228,PRCP,0,,,a,
ASN00007124,20040229,PRCP,0,,,a,
ASN00007124,20040301,PRCP,0,,,a,
ASN00007124,20040302,PRCP,0,,,a,
ASN00007124,20040303,PRCP,0,,,a,
ASN00007124,20040304,PRCP,0,,,a,
ASN00007124,20040305,PRCP,0,,,a,
ASN00007124,20040306,PRCP,0,,,a,
ASN00007124,20040307,PRCP,0,,,a,
ASN00007124,20040308,PRCP,0,,,a,
ASN00007124,20040309,PRCP,0,,,a,
ASN00007124,20040310,PRCP,0,,,a,
ASN00007124,20040311,PRCP,0,,,a,
ASN00007124,20040312,PRCP,0,,,a,
ASN00007124,20040313,PRCP,0,,,a,
ASN00007124,20040314,PRCP,0,,,a,
ASN00007124,20040315,PRCP,0,,,a,
ASN00007124,20040316,PRCP,0,,,a,
ASN00007124,20040317,PRCP,0,,,a,
ASN00007124,20040318,PRCP,0,,,a,
ASN00007124,20040319,PRCP,0,,,a,
ASN00007124,20040320,PRCP,0,,,a,
ASN00007124,20040321,PRCP,0,,,a,
ASN00007124,20040322,PRCP,0,,,a,
ASN00007124,20040323,PRCP,0,,,a,
ASN00007124,20040324,PRCP,0,,,a,
ASN00007124,20040325,PRCP,0,,,a,
ASN00007124,20040326,PRCP,0,,,a,
ASN00007124,20040327,PRCP,0,,,a,
ASN00007124,20040328,PRCP,0,,,a,
ASN00007124,20040329,PRCP,0,,,a,
ASN00007124,20040330,PRCP,0,,,a,
ASN00007124,20040331,PRCP,0,,,a,
ASN00007124,20040401,PRCP,0,,,a,
ASN00007124,20040402,PRCP,0,,,a,
ASN00007124,20040403,PRCP,0,,,a,
ASN00007124,20040404,PRCP,0,,,a,
ASN00007124,20040405,PRCP,0,,,a,
ASN00007124,20040406,PRCP,0,,,a,
ASN00007124,20040407,PRCP,90,,,a,
ASN00007124,20040408,PRCP,0,,,a,
ASN00007124,20040409,PRCP,0,,,a,
ASN00007124,20040410,PRCP,0,,,a,
ASN00007124,20040411,PRCP,0,,,a,
ASN00007124,20040412,PRCP,300,,,a,
ASN00007124,20040413,PRCP,0,,,a,
ASN00007124,20040414,PRCP,0,,,a,
ASN00007124,20040415,PRCP,0,,,a,
ASN00007124,20040416,PRCP,0,,,a,
ASN00007124,20040417,PRCP,0,,,a,
ASN00007124,20040418,PRCP,0,,,a,
ASN00007124,20040419,PRCP,0,,,a,
ASN00007124,20040420,PRCP,0,,,a,
ASN00007124,20040421,PRCP,0,,,a,
ASN00007124,20040422,PRCP,0,,,a,
ASN00007124,20040423,PRCP,0,,,a,
ASN00007124,20040424,PRCP,5,,,a,
ASN00007124,20040425,PRCP,0,,,a,
ASN00007124,20040426,PRCP,0,,,a,
ASN00007124,20040427,PRCP,0,,,a,
ASN00007124,20040428,PRCP,0,,,a,
ASN00007124,20040429,PRCP,0,,,a,
ASN00007124,20040430,PRCP,0,,,a,
ASN00007124,20040501,PRCP,0,,,a,
ASN00007124,20040502,PRCP,0,,,a,
ASN00007124,20040503,PRCP,0,,,a,
ASN00007124,20040504,PRCP,0,,,a,
ASN00007124,20040505,PRCP,0,,,a,
ASN00007124,20040506,PRCP,0,,,a,
ASN00007124,20040507,PRCP,0,,,a,
ASN00007124,20040508,PRCP,0,,,a,
ASN00007124,20040509,PRCP,0,,,a,
ASN00007124,20040510,PRCP,0,,,a,
ASN00007124,20040511,PRCP,140,,,a,
ASN00007124,20040512,PRCP,0,,,a,
ASN00007124,20040513,PRCP,0,,,a,
ASN00007124,20040514,PRCP,0,,,a,
ASN00007124,20040515,PRCP,0,,,a,
ASN00007124,20040516,PRCP,0,,,a,
ASN00007124,20040517,PRCP,0,,,a,
ASN00007124,20040518,PRCP,0,,,a,
ASN00007124,20040519,PRCP,0,,,a,
ASN00007124,20040520,PRCP,0,,,a,
ASN00007124,20040521,PRCP,0,,,a,
ASN00007124,20040522,PRCP,0,,,a,
ASN00007124,20040523,PRCP,0,,,a,
ASN00007124,20040524,PRCP,0,,,a,
ASN00007124,20040525,PRCP,0,,,a,
ASN00007124,20040526,PRCP,0,,,a,
ASN00007124,20040527,PRCP,0,,,a,
ASN00007124,20040528,PRCP,0,,,a,
ASN00007124,20040529,PRCP,0,,,a,
ASN00007124,20040530,PRCP,0,,,a,
ASN00007124,20040531,PRCP,0,,,a,
ASN00007124,20040601,PRCP,0,,,a,
ASN00007124,20040602,PRCP,0,,,a,
ASN00007124,20040603,PRCP,0,,,a,
ASN00007124,20040604,PRCP,0,,,a,
ASN00007124,20040605,PRCP,0,,,a,
ASN00007124,20040606,PRCP,0,,,a,
ASN00007124,20040607,PRCP,0,,,a,
ASN00007124,20040608,PRCP,0,,,a,
ASN00007124,20040609,PRCP,0,,,a,
ASN00007124,20040610,PRCP,0,,,a,
ASN00007124,20040611,PRCP,0,,,a,
ASN00007124,20040612,PRCP,0,,,a,
ASN00007124,20040613,PRCP,0,,,a,
ASN00007124,20040614,PRCP,0,,,a,
ASN00007124,20040615,PRCP,0,,,a,
ASN00007124,20040616,PRCP,0,,,a,
ASN00007124,20040617,PRCP,0,,,a,
ASN00007124,20040618,PRCP,0,,,a,
ASN00007124,20040619,PRCP,0,,,a,
ASN00007124,20040620,PRCP,0,,,a,
ASN00007124,20040621,PRCP,0,,,a,
ASN00007124,20040622,PRCP,0,,,a,
ASN00007124,20040623,PRCP,0,,,a,
ASN00007124,20040624,PRCP,0,,,a,
ASN00007124,20040625,PRCP,0,,,a,
ASN00007124,20040626,PRCP,0,,,a,
ASN00007124,20040627,PRCP,0,,,a,
ASN00007124,20040628,PRCP,0,,,a,
ASN00007124,20040629,PRCP,0,,,a,
ASN00007124,20040630,PRCP,0,,,a,
ASN00007124,20040701,PRCP,0,,,a,
ASN00007124,20040702,PRCP,0,,,a,
ASN00007124,20040703,PRCP,0,,,a,
ASN00007124,20040704,PRCP,0,,,a,
ASN00007124,20040705,PRCP,0,,,a,
ASN00007124,20040706,PRCP,0,,,a,
ASN00007124,20040707,PRCP,115,,,a,
ASN00007124,20040708,PRCP,210,,,a,
ASN00007124,20040709,PRCP,0,,,a,
ASN00007124,20040710,PRCP,0,,,a,
ASN00007124,20040711,PRCP,0,,,a,
ASN00007124,20040712,PRCP,0,,,a,
ASN00007124,20040713,PRCP,0,,,a,
ASN00007124,20040714,PRCP,25,,,a,
ASN00007124,20040715,PRCP,20,,,a,
ASN00007124,20040716,PRCP,0,,,a,
ASN00007124,20040717,PRCP,0,,,a,
ASN00007124,20040718,PRCP,0,,,a,
ASN00007124,20040719,PRCP,0,,,a,
ASN00007124,20040720,PRCP,0,,,a,
ASN00007124,20040721,PRCP,40,,,a,
ASN00007124,20040722,PRCP,70,,,a,
ASN00007124,20040723,PRCP,230,,,a,
ASN00007124,20040724,PRCP,160,,,a,
ASN00007124,20040725,PRCP,10,,,a,
ASN00007124,20040726,PRCP,0,,,a,
ASN00007124,20040727,PRCP,0,,,a,
ASN00007124,20040728,PRCP,50,,,a,
ASN00007124,20040729,PRCP,0,,,a,
ASN00007124,20040730,PRCP,0,,,a,
ASN00007124,20040731,PRCP,0,,,a,
ASN00007124,20040801,PRCP,0,,,a,
ASN00007124,20040802,PRCP,0,,,a,
ASN00007124,20040803,PRCP,0,,,a,
ASN00007124,20040804,PRCP,0,,,a,
ASN00007124,20040805,PRCP,0,,,a,
ASN00007124,20040806,PRCP,0,,,a,
ASN00007124,20040807,PRCP,0,,,a,
ASN00007124,20040808,PRCP,0,,,a,
ASN00007124,20040809,PRCP,0,,,a,
ASN00007124,20040810,PRCP,0,,,a,
ASN00007124,20040811,PRCP,0,,,a,
ASN00007124,20040812,PRCP,2,,,a,
ASN00007124,20040813,PRCP,0,,,a,
ASN00007124,20040814,PRCP,0,,,a,
ASN00007124,20040815,PRCP,0,,,a,
ASN00007124,20040816,PRCP,0,,,a,
ASN00007124,20040817,PRCP,0,,,a,
ASN00007124,20040818,PRCP,0,,,a,
ASN00007124,20040819,PRCP,0,,,a,
ASN00007124,20040820,PRCP,0,,,a,
ASN00007124,20040821,PRCP,0,,,a,
ASN00007124,20040822,PRCP,0,,,a,
ASN00007124,20040823,PRCP,0,,,a,
ASN00007124,20040824,PRCP,0,,,a,
ASN00007124,20040825,PRCP,0,,,a,
ASN00007124,20040826,PRCP,0,,,a,
ASN00007124,20040827,PRCP,0,,,a,
ASN00007124,20040828,PRCP,0,,,a,
ASN00007124,20040829,PRCP,0,,,a,
ASN00007124,20040830,PRCP,0,,,a,
ASN00007124,20040831,PRCP,0,,,a,
ASN00007124,20040901,PRCP,0,,,a,
ASN00007124,20040902,PRCP,0,,,a,
ASN00007124,20040903,PRCP,0,,,a,
ASN00007124,20040904,PRCP,0,,,a,
ASN00007124,20040905,PRCP,0,,,a,
ASN00007124,20040906,PRCP,0,,,a,
ASN00007124,20040907,PRCP,0,,,a,
ASN00007124,20040908,PRCP,0,,,a,
ASN00007124,20040909,PRCP,0,,,a,
ASN00007124,20040910,PRCP,0,,,a,
ASN00007124,20040911,PRCP,0,,,a,
ASN00007124,20040912,PRCP,0,,,a,
ASN00007124,20040913,PRCP,0,,,a,
ASN00007124,20040914,PRCP,0,,,a,
ASN00007124,20040915,PRCP,0,,,a,
ASN00007124,20040916,PRCP,0,,,a,
ASN00007124,20040917,PRCP,0,,,a,
ASN00007124,20040918,PRCP,0,,,a,
ASN00007124,20040919,PRCP,0,,,a,
ASN00007124,20040920,PRCP,0,,,a,
ASN00007124,20040921,PRCP,0,,,a,
ASN00007124,20040922,PRCP,0,,,a,
ASN00007124,20040923,PRCP,0,,,a,
ASN00007124,20040924,PRCP,0,,,a,
ASN00007124,20040925,PRCP,0,,,a,
ASN00007124,20040926,PRCP,0,,,a,
ASN00007124,20040927,PRCP,0,,,a,
ASN00007124,20040928,PRCP,0,,,a,
ASN00007124,20040929,PRCP,0,,,a,
ASN00007124,20040930,PRCP,0,,,a,
ASN00007124,20041001,PRCP,0,,,a,
ASN00007124,20041002,PRCP,0,,,a,
ASN00007124,20041003,PRCP,0,,,a,
ASN00007124,20041004,PRCP,0,,,a,
ASN00007124,20041005,PRCP,0,,,a,
ASN00007124,20041006,PRCP,0,,,a,
ASN00007124,20041007,PRCP,0,,,a,
ASN00007124,20041008,PRCP,0,,,a,
ASN00007124,20041009,PRCP,0,,,a,
ASN00007124,20041010,PRCP,0,,,a,
ASN00007124,20041011,PRCP,0,,,a,
ASN00007124,20041012,PRCP,0,,,a,
ASN00007124,20041013,PRCP,0,,,a,
ASN00007124,20041014,PRCP,0,,,a,
ASN00007124,20041015,PRCP,0,,,a,
ASN00007124,20041016,PRCP,0,,,a,
ASN00007124,20041017,PRCP,0,,,a,
ASN00007124,20041018,PRCP,0,,,a,
ASN00007124,20041019,PRCP,0,,,a,
ASN00007124,20041020,PRCP,0,,,a,
ASN00007124,20041021,PRCP,0,,,a,
ASN00007124,20041022,PRCP,0,,,a,
ASN00007124,20041023,PRCP,0,,,a,
ASN00007124,20041024,PRCP,0,,,a,
ASN00007124,20041025,PRCP,0,,,a,
ASN00007124,20041026,PRCP,0,,,a,
ASN00007124,20041027,PRCP,0,,,a,
ASN00007124,20041028,PRCP,0,,,a,
ASN00007124,20041029,PRCP,0,,,a,
ASN00007124,20041030,PRCP,0,,,a,
ASN00007124,20041031,PRCP,0,,,a,
ASN00007124,20041101,PRCP,0,,,a,
ASN00007124,20041102,PRCP,0,,,a,
ASN00007124,20041103,PRCP,0,,,a,
ASN00007124,20041104,PRCP,0,,,a,
ASN00007124,20041105,PRCP,0,,,a,
ASN00007124,20041106,PRCP,0,,,a,
ASN00007124,20041107,PRCP,0,,,a,
ASN00007124,20041108,PRCP,0,,,a,
ASN00007124,20041109,PRCP,0,,,a,
ASN00007124,20041110,PRCP,0,,,a,
ASN00007124,20041111,PRCP,0,,,a,
ASN00007124,20041112,PRCP,0,,,a,
ASN00007124,20041113,PRCP,0,,,a,
ASN00007124,20041114,PRCP,0,,,a,
ASN00007124,20041115,PRCP,0,,,a,
ASN00007124,20041116,PRCP,0,,,a,
ASN00007124,20041117,PRCP,0,,,a,
ASN00007124,20041118,PRCP,0,,,a,
ASN00007124,20041119,PRCP,0,,,a,
ASN00007124,20041120,PRCP,0,,,a,
ASN00007124,20041121,PRCP,0,,,a,
ASN00007124,20041122,PRCP,0,,,a,
ASN00007124,20041125,PRCP,0,,,a,
ASN00007124,20041126,PRCP,0,,,a,
ASN00007124,20041127,PRCP,0,,,a,
ASN00007124,20041128,PRCP,0,,,a,
ASN00007124,20041129,PRCP,0,,,a,
ASN00007124,20041130,PRCP,0,,,a,
ASN00007124,20041124,DAPR,2,,,a,
ASN00007124,20041124,DWPR,2,,,a,
ASN00007124,20041124,MDPR,220,,,a,
ASN00007124,20041201,PRCP,0,,,a,
ASN00007124,20041202,PRCP,0,,,a,
ASN00007124,20041203,PRCP,0,,,a,
ASN00007124,20041204,PRCP,0,,,a,
ASN00007124,20041205,PRCP,0,,,a,
ASN00007124,20041206,PRCP,0,,,a,
ASN00007124,20041207,PRCP,0,,,a,
ASN00007124,20041208,PRCP,0,,,a,
ASN00007124,20041209,PRCP,0,,,a,
ASN00007124,20041210,PRCP,0,,,a,
ASN00007124,20041211,PRCP,0,,,a,
ASN00007124,20041212,PRCP,0,,,a,
ASN00007124,20041213,PRCP,0,,,a,
ASN00007124,20041214,PRCP,0,,,a,
ASN00007124,20041215,PRCP,0,,,a,
ASN00007124,20041216,PRCP,0,,,a,
ASN00007124,20041217,PRCP,0,,,a,
ASN00007124,20041218,PRCP,0,,,a,
ASN00007124,20041219,PRCP,0,,,a,
ASN00007124,20041220,PRCP,0,,,a,
ASN00007124,20041221,PRCP,0,,,a,
ASN00007124,20041222,PRCP,0,,,a,
ASN00007124,20041223,PRCP,0,,,a,
ASN00007124,20041224,PRCP,0,,,a,
ASN00007124,20041225,PRCP,0,,,a,
ASN00007124,20041226,PRCP,0,,,a,
ASN00007124,20041227,PRCP,0,,,a,
ASN00007124,20041228,PRCP,0,,,a,
ASN00007124,20041229,PRCP,0,,,a,
ASN00007124,20041230,PRCP,0,,,a,
ASN00007124,20041231,PRCP,0,,,a,
ASN00007124,20050514,PRCP,135,,,a,
ASN00007124,20050522,PRCP,110,,,a,
ASN00007124,20050610,PRCP,30,,,a,
ASN00007124,20050616,PRCP,155,,,a,
ASN00007124,20050617,PRCP,30,,,a,
ASN00007124,20050618,PRCP,50,,,a,
ASN00007124,20050624,PRCP,20,,,a,
ASN00007124,20050629,PRCP,30,,,a,
ASN00007124,20050630,PRCP,22,,,a,
ASN00007124,20050710,PRCP,50,,,a,
ASN00007124,20050711,PRCP,60,,,a,
ASN00007124,20050813,DAPR,3,,,a,
ASN00007124,20050813,MDPR,370,,,a,
ASN00007124,20060111,PRCP,300,,,a,
ASN00007124,20060209,PRCP,380,,,a,
ASN00007124,20060801,PRCP,0,,,a,
ASN00007124,20060802,PRCP,0,,,a,
ASN00007124,20060803,PRCP,0,,,a,
ASN00007124,20060804,PRCP,0,,,a,
ASN00007124,20060805,PRCP,0,,,a,
ASN00007124,20060806,PRCP,0,,,a,
ASN00007124,20060807,PRCP,0,,,a,
ASN00007124,20060808,PRCP,0,,,a,
ASN00007124,20060809,PRCP,70,,,a,
ASN00007124,20060810,PRCP,0,,,a,
ASN00007124,20060811,PRCP,0,,,a,
ASN00007124,20060812,PRCP,0,,,a,
ASN00007124,20060813,PRCP,0,,,a,
ASN00007124,20060814,PRCP,0,,,a,
ASN00007124,20060815,PRCP,0,,,a,
ASN00007124,20060816,PRCP,0,,,a,
ASN00007124,20060817,PRCP,0,,,a,
ASN00007124,20060818,PRCP,0,,,a,
ASN00007124,20060819,PRCP,0,,,a,
ASN00007124,20060820,PRCP,0,,,a,
ASN00007124,20060821,PRCP,0,,,a,
ASN00007124,20060822,PRCP,0,,,a,
ASN00007124,20060823,PRCP,0,,,a,
ASN00007124,20060824,PRCP,0,,,a,
ASN00007124,20060825,PRCP,0,,,a,
ASN00007124,20060826,PRCP,0,,,a,
ASN00007124,20060827,PRCP,0,,,a,
ASN00007124,20060828,PRCP,0,,,a,
ASN00007124,20060829,PRCP,0,,,a,
ASN00007124,20060830,PRCP,0,,,a,
ASN00007124,20060831,PRCP,0,,,a,
ASN00007124,20060901,PRCP,0,,,a,
ASN00007124,20060902,PRCP,0,,,a,
ASN00007124,20060903,PRCP,0,,,a,
ASN00007124,20060904,PRCP,0,,,a,
ASN00007124,20060905,PRCP,0,,,a,
ASN00007124,20060906,PRCP,0,,,a,
ASN00007124,20060907,PRCP,0,,,a,
ASN00007124,20060908,PRCP,0,,,a,
ASN00007124,20060909,PRCP,0,,,a,
ASN00007124,20060910,PRCP,0,,,a,
ASN00007124,20060911,PRCP,0,,,a,
ASN00007124,20060912,PRCP,0,,,a,
ASN00007124,20060913,PRCP,0,,,a,
ASN00007124,20060914,PRCP,0,,,a,
ASN00007124,20060915,PRCP,0,,,a,
ASN00007124,20060916,PRCP,0,,,a,
ASN00007124,20060917,PRCP,0,,,a,
ASN00007124,20060918,PRCP,0,,,a,
ASN00007124,20060919,PRCP,0,,,a,
ASN00007124,20060920,PRCP,0,,,a,
ASN00007124,20060921,PRCP,0,,,a,
ASN00007124,20060922,PRCP,0,,,a,
ASN00007124,20060923,PRCP,0,,,a,
ASN00007124,20060924,PRCP,0,,,a,
ASN00007124,20060925,PRCP,0,,,a,
ASN00007124,20060926,PRCP,0,,,a,
ASN00007124,20060927,PRCP,0,,,a,
ASN00007124,20060928,PRCP,0,,,a,
ASN00007124,20060929,PRCP,0,,,a,
ASN00007124,20060930,PRCP,0,,,a,
ASN00007124,20061001,PRCP,0,,,a,
ASN00007124,20061002,PRCP,0,,,a,
ASN00007124,20061003,PRCP,0,,,a,
ASN00007124,20061004,PRCP,0,,,a,
ASN00007124,20061005,PRCP,0,,,a,
ASN00007124,20061006,PRCP,0,,,a,
ASN00007124,20061007,PRCP,0,,,a,
ASN00007124,20061008,PRCP,0,,,a,
ASN00007124,20061009,PRCP,0,,,a,
ASN00007124,20061010,PRCP,0,,,a,
ASN00007124,20061011,PRCP,0,,,a,
ASN00007124,20061012,PRCP,0,,,a,
ASN00007124,20061013,PRCP,0,,,a,
ASN00007124,20061014,PRCP,0,,,a,
ASN00007124,20061015,PRCP,0,,,a,
ASN00007124,20061016,PRCP,0,,,a,
ASN00007124,20061017,PRCP,0,,,a,
ASN00007124,20061018,PRCP,0,,,a,
ASN00007124,20061019,PRCP,0,,,a,
ASN00007124,20061020,PRCP,0,,,a,
ASN00007124,20061021,PRCP,0,,,a,
ASN00007124,20061022,PRCP,0,,,a,
ASN00007124,20061023,PRCP,0,,,a,
ASN00007124,20061024,PRCP,0,,,a,
ASN00007124,20061025,PRCP,40,,,a,
ASN00007124,20061026,PRCP,0,,,a,
ASN00007124,20061027,PRCP,0,,,a,
ASN00007124,20061028,PRCP,20,,,a,
ASN00007124,20061029,PRCP,60,,,a,
ASN00007124,20061030,PRCP,0,,,a,
ASN00007124,20061031,PRCP,0,,,a,
ASN00007124,20070424,PRCP,430,,,a,
ASN00007124,20070425,PRCP,180,,,a,
ASN00007124,20070426,PRCP,180,,,a,
ASN00007124,20070701,PRCP,170,,,a,
ASN00007124,20080206,PRCP,210,,,a,
ASN00007124,20080328,PRCP,68,,,a,
ASN00007124,20080329,PRCP,388,,,a,
ASN00007124,20080331,PRCP,100,,,a,
ASN00007124,20081122,PRCP,100,,,a,
ASN00007124,20110124,PRCP,56,,,a,
ASN00007124,20110125,PRCP,16,,,a,
ASN00007124,20110211,PRCP,296,,,a,
ASN00007124,20110212,PRCP,92,,,a,
ASN00007124,20110301,PRCP,0,,,a,
ASN00007124,20110302,PRCP,0,,,a,
ASN00007124,20110303,PRCP,0,,,a,
ASN00007124,20110304,PRCP,0,,,a,
ASN00007124,20110305,PRCP,0,,,a,
ASN00007124,20110306,PRCP,0,,,a,
ASN00007124,20110307,PRCP,0,,,a,
ASN00007124,20110308,PRCP,0,,,a,
ASN00007124,20110309,PRCP,0,,,a,
ASN00007124,20110310,PRCP,0,,,a,
ASN00007124,20110311,PRCP,0,,,a,
ASN00007124,20110312,PRCP,0,,,a,
ASN00007124,20110313,PRCP,0,,,a,
ASN00007124,20110314,PRCP,0,,,a,
ASN00007124,20110315,PRCP,0,,,a,
ASN00007124,20110316,PRCP,0,,,a,
ASN00007124,20110317,PRCP,0,,,a,
ASN00007124,20110318,PRCP,0,,,a,
ASN00007124,20110319,PRCP,0,,,a,
ASN00007124,20110320,PRCP,0,,,a,
ASN00007124,20110321,PRCP,0,,,a,
ASN00007124,20110322,PRCP,90,,,a,
ASN00007124,20110323,PRCP,140,,,a,
ASN00007124,20110324,PRCP,0,,,a,
ASN00007124,20110325,PRCP,0,,,a,
ASN00007124,20110326,PRCP,0,,,a,
ASN00007124,20110327,PRCP,0,,,a,
ASN00007124,20110328,PRCP,0,,,a,
ASN00007124,20110329,PRCP,0,,,a,
ASN00007124,20110330,PRCP,0,,,a,
ASN00007124,20110331,PRCP,0,,,a,
ASN00007124,20110401,PRCP,0,,,a,
ASN00007124,20110402,PRCP,0,,,a,
ASN00007124,20110403,PRCP,0,,,a,
ASN00007124,20110404,PRCP,0,,,a,
ASN00007124,20110405,PRCP,0,,,a,
ASN00007124,20110406,PRCP,0,,,a,
ASN00007124,20110407,PRCP,0,,,a,
ASN00007124,20110408,PRCP,0,,,a,
ASN00007124,20110409,PRCP,0,,,a,
ASN00007124,20110410,PRCP,0,,,a,
ASN00007124,20110411,PRCP,0,,,a,
ASN00007124,20110412,PRCP,0,,,a,
ASN00007124,20110413,PRCP,0,,,a,
ASN00007124,20110414,PRCP,0,,,a,
ASN00007124,20110415,PRCP,0,,,a,
ASN00007124,20110416,PRCP,0,,,a,
ASN00007124,20110417,PRCP,0,,,a,
ASN00007124,20110418,PRCP,0,,,a,
ASN00007124,20110419,PRCP,0,,,a,
ASN00007124,20110420,PRCP,0,,,a,
ASN00007124,20110421,PRCP,0,,,a,
ASN00007124,20110422,PRCP,0,,,a,
ASN00007124,20110423,PRCP,0,,,a,
ASN00007124,20110424,PRCP,0,,,a,
ASN00007124,20110425,PRCP,0,,,a,
ASN00007124,20110426,PRCP,0,,,a,
ASN00007124,20110427,PRCP,5,,,a,
ASN00007124,20110428,PRCP,0,,,a,
ASN00007124,20110429,PRCP,0,,,a,
ASN00007124,20110430,PRCP,0,,,a,
ASN00007124,20110501,PRCP,0,,,a,
ASN00007124,20110502,PRCP,0,,,a,
ASN00007124,20110503,PRCP,0,,,a,
ASN00007124,20110504,PRCP,0,,,a,
ASN00007124,20110505,PRCP,0,,,a,
ASN00007124,20110506,PRCP,0,,,a,
ASN00007124,20110507,PRCP,0,,,a,
ASN00007124,20110508,PRCP,0,,,a,
ASN00007124,20110509,PRCP,0,,,a,
ASN00007124,20110510,PRCP,0,,,a,
ASN00007124,20110511,PRCP,0,,,a,
ASN00007124,20110512,PRCP,0,,,a,
ASN00007124,20110513,PRCP,8,,,a,
ASN00007124,20110514,PRCP,36,,,a,
ASN00007124,20110515,PRCP,10,,,a,
ASN00007124,20110516,PRCP,20,,,a,
ASN00007124,20110517,PRCP,0,,,a,
ASN00007124,20110518,PRCP,0,,,a,
ASN00007124,20110519,PRCP,0,,,a,
ASN00007124,20110520,PRCP,0,,,a,
ASN00007124,20110521,PRCP,0,,,a,
ASN00007124,20110522,PRCP,0,,,a,
ASN00007124,20110523,PRCP,0,,,a,
ASN00007124,20110524,PRCP,0,,,a,
ASN00007124,20110525,PRCP,0,,,a,
ASN00007124,20110526,PRCP,0,,,a,
ASN00007124,20110527,PRCP,0,,,a,
ASN00007124,20110528,PRCP,0,,,a,
ASN00007124,20110529,PRCP,0,,,a,
ASN00007124,20110530,PRCP,0,,,a,
ASN00007124,20110531,PRCP,6,,,a,
ASN00007124,20110601,PRCP,0,,,a,
ASN00007124,20110602,PRCP,0,,,a,
ASN00007124,20110603,PRCP,0,,,a,
ASN00007124,20110604,PRCP,28,,,a,
ASN00007124,20110605,PRCP,46,,,a,
ASN00007124,20110606,PRCP,0,,,a,
ASN00007124,20110607,PRCP,0,,,a,
ASN00007124,20110608,PRCP,2,,,a,
ASN00007124,20110609,PRCP,0,,,a,
ASN00007124,20110610,PRCP,0,,,a,
ASN00007124,20110611,PRCP,0,,,a,
ASN00007124,20110612,PRCP,0,,,a,
ASN00007124,20110613,PRCP,0,,,a,
ASN00007124,20110614,PRCP,0,,,a,
ASN00007124,20110615,PRCP,18,,,a,
ASN00007124,20110616,PRCP,94,,,a,
ASN00007124,20110617,PRCP,0,,,a,
ASN00007124,20110618,PRCP,0,,,a,
ASN00007124,20110619,PRCP,0,,,a,
ASN00007124,20110620,PRCP,0,,,a,
ASN00007124,20110621,PRCP,0,,,a,
ASN00007124,20110622,PRCP,0,,,a,
ASN00007124,20110623,PRCP,0,,,a,
ASN00007124,20110624,PRCP,0,,,a,
ASN00007124,20110625,PRCP,0,,,a,
ASN00007124,20110626,PRCP,14,,,a,
ASN00007124,20110627,PRCP,0,,,a,
ASN00007124,20110628,PRCP,0,,,a,
ASN00007124,20110629,PRCP,16,,,a,
ASN00007124,20110630,PRCP,24,,,a,
ASN00007124,20110701,PRCP,0,,,a,
ASN00007124,20110702,PRCP,0,,,a,
ASN00007124,20110703,PRCP,0,,,a,
ASN00007124,20110704,PRCP,0,,,a,
ASN00007124,20110705,PRCP,0,,,a,
ASN00007124,20110706,PRCP,0,,,a,
ASN00007124,20110707,PRCP,0,,,a,
ASN00007124,20110708,PRCP,0,,,a,
ASN00007124,20110709,PRCP,0,,,a,
ASN00007124,20110710,PRCP,100,,,a,
ASN00007124,20110711,PRCP,0,,,a,
ASN00007124,20110712,PRCP,0,,,a,
ASN00007124,20110713,PRCP,0,,,a,
ASN00007124,20110714,PRCP,0,,,a,
ASN00007124,20110715,PRCP,0,,,a,
ASN00007124,20110716,PRCP,0,,,a,
ASN00007124,20110717,PRCP,0,,,a,
ASN00007124,20110718,PRCP,0,,,a,
ASN00007124,20110719,PRCP,0,,,a,
ASN00007124,20110720,PRCP,0,,,a,
ASN00007124,20110721,PRCP,0,,,a,
ASN00007124,20110722,PRCP,0,,,a,
ASN00007124,20110723,PRCP,0,,,a,
ASN00007124,20110724,PRCP,0,,,a,
ASN00007124,20110725,PRCP,0,,,a,
ASN00007124,20110726,PRCP,0,,,a,
ASN00007124,20110727,PRCP,0,,,a,
ASN00007124,20110728,PRCP,0,,,a,
ASN00007124,20110729,PRCP,14,,,a,
ASN00007124,20110730,PRCP,0,,,a,
ASN00007124,20110731,PRCP,0,,,a,
ASN00007124,20110801,PRCP,0,,,a,
ASN00007124,20110802,PRCP,0,,,a,
ASN00007124,20110803,PRCP,0,,,a,
ASN00007124,20110804,PRCP,0,,,a,
ASN00007124,20110805,PRCP,0,,,a,
ASN00007124,20110806,PRCP,0,,,a,
ASN00007124,20110807,PRCP,0,,,a,
ASN00007124,20110808,PRCP,0,,,a,
ASN00007124,20110809,PRCP,0,,,a,
ASN00007124,20110810,PRCP,0,,,a,
ASN00007124,20110811,PRCP,0,,,a,
ASN00007124,20110812,PRCP,0,,,a,
ASN00007124,20110813,PRCP,2,,,a,
ASN00007124,20110814,PRCP,14,,,a,
ASN00007124,20110815,PRCP,158,,,a,
ASN00007124,20110816,PRCP,0,,,a,
ASN00007124,20110817,PRCP,0,,,a,
ASN00007124,20110818,PRCP,0,,,a,
ASN00007124,20110819,PRCP,0,,,a,
ASN00007124,20110820,PRCP,0,,,a,
ASN00007124,20110821,PRCP,0,,,a,
ASN00007124,20110822,PRCP,0,,,a,
ASN00007124,20110823,PRCP,0,,,a,
ASN00007124,20110824,PRCP,0,,,a,
ASN00007124,20110825,PRCP,0,,,a,
ASN00007124,20110826,PRCP,0,,,a,
ASN00007124,20110827,PRCP,0,,,a,
ASN00007124,20110828,PRCP,0,,,a,
ASN00007124,20110829,PRCP,0,,,a,
ASN00007124,20110830,PRCP,0,,,a,
ASN00007124,20110831,PRCP,0,,,a,
ASN00007124,20110901,PRCP,0,,,a,
ASN00007124,20110902,PRCP,0,,,a,
ASN00007124,20110903,PRCP,6,,,a,
ASN00007124,20110904,PRCP,0,,,a,
ASN00007124,20110905,PRCP,0,,,a,
ASN00007124,20110906,PRCP,0,,,a,
ASN00007124,20110907,PRCP,0,,,a,
ASN00007124,20110908,PRCP,0,,,a,
ASN00007124,20110909,PRCP,0,,,a,
ASN00007124,20110910,PRCP,0,,,a,
ASN00007124,20110911,PRCP,0,,,a,
ASN00007124,20110912,PRCP,0,,,a,
ASN00007124,20110913,PRCP,0,,,a,
ASN00007124,20110914,PRCP,0,,,a,
ASN00007124,20110915,PRCP,0,,,a,
ASN00007124,20110916,PRCP,0,,,a,
ASN00007124,20110917,PRCP,0,,,a,
ASN00007124,20110918,PRCP,0,,,a,
ASN00007124,20110919,PRCP,0,,,a,
ASN00007124,20110920,PRCP,0,,,a,
ASN00007124,20110921,PRCP,0,,,a,
ASN00007124,20110922,PRCP,0,,,a,
ASN00007124,20110923,PRCP,0,,,a,
ASN00007124,20110924,PRCP,0,,,a,
ASN00007124,20110925,PRCP,0,,,a,
ASN00007124,20110926,PRCP,0,,,a,
ASN00007124,20110927,PRCP,0,,,a,
ASN00007124,20110928,PRCP,0,,,a,
ASN00007124,20110929,PRCP,0,,,a,
ASN00007124,20110930,PRCP,0,,,a,
ASN00007124,20111001,PRCP,0,,,a,
ASN00007124,20111002,PRCP,0,,,a,
ASN00007124,20111003,PRCP,46,,,a,
ASN00007124,20111004,PRCP,0,,,a,
ASN00007124,20111005,PRCP,0,,,a,
ASN00007124,20111006,PRCP,0,,,a,
ASN00007124,20111007,PRCP,0,,,a,
ASN00007124,20111008,PRCP,0,,,a,
ASN00007124,20111009,PRCP,0,,,a,
ASN00007124,20111010,PRCP,0,,,a,
ASN00007124,20111011,PRCP,0,,,a,
ASN00007124,20111012,PRCP,0,,,a,
ASN00007124,20111013,PRCP,0,,,a,
ASN00007124,20111014,PRCP,0,,,a,
ASN00007124,20111015,PRCP,0,,,a,
ASN00007124,20111016,PRCP,0,,,a,
ASN00007124,20111017,PRCP,0,,,a,
ASN00007124,20111018,PRCP,0,,,a,
ASN00007124,20111019,PRCP,0,,,a,
ASN00007124,20111020,PRCP,0,,,a,
ASN00007124,20111021,PRCP,0,,,a,
ASN00007124,20111022,PRCP,0,,,a,
ASN00007124,20111023,PRCP,0,,,a,
ASN00007124,20111024,PRCP,0,,,a,
ASN00007124,20111025,PRCP,0,,,a,
ASN00007124,20111026,PRCP,0,,,a,
ASN00007124,20111027,PRCP,0,,,a,
ASN00007124,20111028,PRCP,0,,,a,
ASN00007124,20111029,PRCP,0,,,a,
ASN00007124,20111030,PRCP,0,,,a,
ASN00007124,20111031,PRCP,0,,,a,
ASN00007124,20111101,PRCP,46,,,a,
ASN00007124,20111102,PRCP,2,,,a,
ASN00007124,20111103,PRCP,0,,,a,
ASN00007124,20111104,PRCP,0,,,a,
ASN00007124,20111105,PRCP,0,,,a,
ASN00007124,20111106,PRCP,0,,,a,
ASN00007124,20111107,PRCP,0,,,a,
ASN00007124,20111108,PRCP,0,,,a,
ASN00007124,20111109,PRCP,0,,,a,
ASN00007124,20111110,PRCP,0,,,a,
ASN00007124,20111111,PRCP,0,,,a,
ASN00007124,20111112,PRCP,0,,,a,
ASN00007124,20111113,PRCP,0,,,a,
ASN00007124,20111114,PRCP,0,,,a,
ASN00007124,20111115,PRCP,0,,,a,
ASN00007124,20111116,PRCP,0,,,a,
ASN00007124,20111117,PRCP,0,,,a,
ASN00007124,20111118,PRCP,0,,,a,
ASN00007124,20111119,PRCP,0,,,a,
ASN00007124,20111120,PRCP,0,,,a,
ASN00007124,20111121,PRCP,0,,,a,
ASN00007124,20111122,PRCP,0,,,a,
ASN00007124,20111123,PRCP,0,,,a,
ASN00007124,20111124,PRCP,0,,,a,
ASN00007124,20111125,PRCP,0,,,a,
ASN00007124,20111126,PRCP,0,,,a,
ASN00007124,20111127,PRCP,0,,,a,
ASN00007124,20111128,PRCP,0,,,a,
ASN00007124,20111129,PRCP,0,,,a,
ASN00007124,20111130,PRCP,0,,,a,
ASN00007124,20111201,PRCP,0,,,a,
ASN00007124,20111202,PRCP,0,,,a,
ASN00007124,20111203,PRCP,0,,,a,
ASN00007124,20111204,PRCP,0,,,a,
ASN00007124,20111205,PRCP,0,,,a,
ASN00007124,20111206,PRCP,0,,,a,
ASN00007124,20111207,PRCP,0,,,a,
ASN00007124,20111208,PRCP,0,,,a,
ASN00007124,20111209,PRCP,0,,,a,
ASN00007124,20111210,PRCP,0,,,a,
ASN00007124,20111211,PRCP,0,,,a,
ASN00007124,20111212,PRCP,0,,,a,
ASN00007124,20111213,PRCP,0,,,a,
ASN00007124,20111214,PRCP,0,,,a,
ASN00007124,20111215,PRCP,0,,,a,
ASN00007124,20111216,PRCP,0,,,a,
ASN00007124,20111217,PRCP,0,,,a,
ASN00007124,20111218,PRCP,0,,,a,
ASN00007124,20111219,PRCP,0,,,a,
ASN00007124,20111220,PRCP,0,,,a,
ASN00007124,20111221,PRCP,0,,,a,
ASN00007124,20111222,PRCP,0,,,a,
ASN00007124,20111223,PRCP,0,,,a,
ASN00007124,20111224,PRCP,0,,,a,
ASN00007124,20111225,PRCP,0,,,a,
ASN00007124,20111226,PRCP,0,,,a,
ASN00007124,20111227,PRCP,0,,,a,
ASN00007124,20111228,PRCP,0,,,a,
ASN00007124,20111229,PRCP,0,,,a,
ASN00007124,20111230,PRCP,0,,,a,
ASN00007124,20111231,PRCP,0,,,a,
ASN00007124,20120125,PRCP,84,,,a,
ASN00007124,20120131,PRCP,388,,,a,
ASN00007124,20120224,PRCP,102,,,a,
ASN00007124,20120301,PRCP,0,,,a,
ASN00007124,20120302,PRCP,0,,,a,
ASN00007124,20120303,PRCP,0,,,a,
ASN00007124,20120304,PRCP,0,,,a,
ASN00007124,20120305,PRCP,0,,,a,
ASN00007124,20120306,PRCP,0,,,a,
ASN00007124,20120307,PRCP,0,,,a,
ASN00007124,20120308,PRCP,0,,,a,
ASN00007124,20120309,PRCP,0,,,a,
ASN00007124,20120310,PRCP,0,,,a,
ASN00007124,20120311,PRCP,0,,,a,
ASN00007124,20120312,PRCP,0,,,a,
ASN00007124,20120313,PRCP,0,,,a,
ASN00007124,20120314,PRCP,0,,,a,
ASN00007124,20120315,PRCP,0,,,a,
ASN00007124,20120316,PRCP,0,,,a,
ASN00007124,20120317,PRCP,0,,,a,
ASN00007124,20120318,PRCP,34,,,a,
ASN00007124,20120319,PRCP,0,,,a,
ASN00007124,20120320,PRCP,0,,,a,
ASN00007124,20120321,PRCP,0,,,a,
ASN00007124,20120322,PRCP,0,,,a,
ASN00007124,20120323,PRCP,0,,,a,
ASN00007124,20120324,PRCP,0,,,a,
ASN00007124,20120325,PRCP,0,,,a,
ASN00007124,20120329,PRCP,0,,,a,
ASN00007124,20120330,PRCP,0,,,a,
ASN00007124,20120331,PRCP,0,,,a,
ASN00007124,20120328,DAPR,3,,,a,
ASN00007124,20120328,DWPR,3,,,a,
ASN00007124,20120328,MDPR,108,,,a,
ASN00007124,20120401,PRCP,0,,,a,
ASN00007124,20120402,PRCP,0,,,a,
ASN00007124,20120403,PRCP,0,,,a,
ASN00007124,20120404,PRCP,0,,,a,
ASN00007124,20120405,PRCP,0,,,a,
ASN00007124,20120406,PRCP,0,,,a,
ASN00007124,20120407,PRCP,0,,,a,
ASN00007124,20120408,PRCP,2,,,a,
ASN00007124,20120409,PRCP,0,,,a,
ASN00007124,20120410,PRCP,0,,,a,
ASN00007124,20120411,PRCP,0,,,a,
ASN00007124,20120412,PRCP,0,,,a,
ASN00007124,20120413,PRCP,0,,,a,
ASN00007124,20120414,PRCP,0,,,a,
ASN00007124,20120415,PRCP,0,,,a,
ASN00007124,20120416,PRCP,0,,,a,
ASN00007124,20120417,PRCP,0,,,a,
ASN00007124,20120418,PRCP,0,,,a,
ASN00007124,20120419,PRCP,0,,,a,
ASN00007124,20120420,PRCP,0,,,a,
ASN00007124,20120421,PRCP,0,,,a,
ASN00007124,20120422,PRCP,0,,,a,
ASN00007124,20120423,PRCP,0,,,a,
ASN00007124,20120424,PRCP,0,,,a,
ASN00007124,20120425,PRCP,0,,,a,
ASN00007124,20120426,PRCP,0,,,a,
ASN00007124,20120427,PRCP,0,,,a,
ASN00007124,20120428,PRCP,0,,,a,
ASN00007124,20120429,PRCP,0,,,a,
ASN00007124,20120430,PRCP,0,,,a,
ASN00007124,20120501,PRCP,0,,,a,
ASN00007124,20120502,PRCP,0,,,a,
ASN00007124,20120503,PRCP,0,,,a,
ASN00007124,20120504,PRCP,0,,,a,
ASN00007124,20120505,PRCP,0,,,a,
ASN00007124,20120506,PRCP,0,,,a,
ASN00007124,20120507,PRCP,2,,,a,
ASN00007124,20120508,PRCP,0,,,a,
ASN00007124,20120509,PRCP,0,,,a,
ASN00007124,20120510,PRCP,0,,,a,
ASN00007124,20120511,PRCP,0,,,a,
ASN00007124,20120512,PRCP,0,,,a,
ASN00007124,20120513,PRCP,0,,,a,
ASN00007124,20120514,PRCP,0,,,a,
ASN00007124,20120515,PRCP,0,,,a,
ASN00007124,20120516,PRCP,0,,,a,
ASN00007124,20120517,PRCP,0,,,a,
ASN00007124,20120518,PRCP,0,,,a,
ASN00007124,20120519,PRCP,0,,,a,
ASN00007124,20120520,PRCP,0,,,a,
ASN00007124,20120521,PRCP,0,,,a,
ASN00007124,20120522,PRCP,0,,,a,
ASN00007124,20120523,PRCP,0,,,a,
ASN00007124,20120524,PRCP,0,,,a,
ASN00007124,20120525,PRCP,0,,,a,
ASN00007124,20120526,PRCP,0,,,a,
ASN00007124,20120527,PRCP,0,,,a,
ASN00007124,20120528,PRCP,0,,,a,
ASN00007124,20120529,PRCP,0,,,a,
ASN00007124,20120530,PRCP,0,,,a,
ASN00007124,20120531,PRCP,0,,,a,
ASN00007124,20120601,PRCP,0,,,a,
ASN00007124,20120602,PRCP,0,,,a,
ASN00007124,20120603,PRCP,0,,,a,
ASN00007124,20120604,PRCP,0,,,a,
ASN00007124,20120605,PRCP,0,,,a,
ASN00007124,20120606,PRCP,8,,,a,
ASN00007124,20120607,PRCP,14,,,a,
ASN00007124,20120608,PRCP,0,,,a,
ASN00007124,20120609,PRCP,0,,,a,
ASN00007124,20120610,PRCP,26,,,a,
ASN00007124,20120611,PRCP,178,,,a,
ASN00007124,20120612,PRCP,0,,,a,
ASN00007124,20120613,PRCP,0,,,a,
ASN00007124,20120614,PRCP,8,,,a,
ASN00007124,20120615,PRCP,0,,,a,
ASN00007124,20120616,PRCP,0,,,a,
ASN00007124,20120617,PRCP,0,,,a,
ASN00007124,20120618,PRCP,0,,,a,
ASN00007124,20120619,PRCP,0,,,a,
ASN00007124,20120620,PRCP,4,,,a,
ASN00007124,20120621,PRCP,36,,,a,
ASN00007124,20120622,PRCP,0,,,a,
ASN00007124,20120623,PRCP,0,,,a,
ASN00007124,20120624,PRCP,0,,,a,
ASN00007124,20120625,PRCP,0,,,a,
ASN00007124,20120626,PRCP,0,,,a,
ASN00007124,20120627,PRCP,0,,,a,
ASN00007124,20120628,PRCP,0,,,a,
ASN00007124,20120629,PRCP,0,,,a,
ASN00007124,20120630,PRCP,0,,,a,
ASN00007124,20120701,PRCP,0,,,a,
ASN00007124,20120702,PRCP,0,,,a,
ASN00007124,20120703,PRCP,0,,,a,
ASN00007124,20120704,PRCP,0,,,a,
ASN00007124,20120705,PRCP,0,,,a,
ASN00007124,20120706,PRCP,0,,,a,
ASN00007124,20120707,PRCP,0,,,a,
ASN00007124,20120708,PRCP,0,,,a,
ASN00007124,20120709,PRCP,0,,,a,
ASN00007124,20120710,PRCP,0,,,a,
ASN00007124,20120711,PRCP,34,,,a,
ASN00007124,20120712,PRCP,0,,,a,
ASN00007124,20120713,PRCP,0,,,a,
ASN00007124,20120714,PRCP,0,,,a,
ASN00007124,20120715,PRCP,0,,,a,
ASN00007124,20120716,PRCP,0,,,a,
ASN00007124,20120717,PRCP,0,,,a,
ASN00007124,20120718,PRCP,0,,,a,
ASN00007124,20120719,PRCP,0,,,a,
ASN00007124,20120720,PRCP,0,,,a,
ASN00007124,20120721,PRCP,0,,,a,
ASN00007124,20120722,PRCP,0,,,a,
ASN00007124,20120723,PRCP,0,,,a,
ASN00007124,20120724,PRCP,0,,,a,
ASN00007124,20120725,PRCP,0,,,a,
ASN00007124,20120726,PRCP,0,,,a,
ASN00007124,20120727,PRCP,0,,,a,
ASN00007124,20120728,PRCP,0,,,a,
ASN00007124,20120729,PRCP,0,,,a,
ASN00007124,20120730,PRCP,0,,,a,
ASN00007124,20120731,PRCP,0,,,a,
ASN00007124,20120801,PRCP,0,,,a,
ASN00007124,20120802,PRCP,5,,,a,
ASN00007124,20120803,PRCP,0,,,a,
ASN00007124,20120804,PRCP,0,,,a,
ASN00007124,20120805,PRCP,0,,,a,
ASN00007124,20120806,PRCP,0,,,a,
ASN00007124,20120807,PRCP,0,,,a,
ASN00007124,20120808,PRCP,0,,,a,
ASN00007124,20120809,PRCP,0,,,a,
ASN00007124,20120810,PRCP,0,,,a,
ASN00007124,20120811,PRCP,0,,,a,
ASN00007124,20120812,PRCP,0,,,a,
ASN00007124,20120813,PRCP,0,,,a,
ASN00007124,20120814,PRCP,0,,,a,
ASN00007124,20120815,PRCP,0,,,a,
ASN00007124,20120816,PRCP,0,,,a,
ASN00007124,20120817,PRCP,0,,,a,
ASN00007124,20120818,PRCP,0,,,a,
ASN00007124,20120819,PRCP,0,,,a,
ASN00007124,20120820,PRCP,0,,,a,
ASN00007124,20120821,PRCP,0,,,a,
ASN00007124,20120822,PRCP,0,,,a,
ASN00007124,20120823,PRCP,0,,,a,
ASN00007124,20120824,PRCP,0,,,a,
ASN00007124,20120825,PRCP,0,,,a,
ASN00007124,20120826,PRCP,0,,,a,
ASN00007124,20120827,PRCP,0,,,a,
ASN00007124,20120828,PRCP,0,,,a,
ASN00007124,20120829,PRCP,0,,,a,
ASN00007124,20120830,PRCP,0,,,a,
ASN00007124,20120831,PRCP,0,,,a,
ASN00007124,20120901,PRCP,0,,,a,
ASN00007124,20120902,PRCP,0,,,a,
ASN00007124,20120903,PRCP,12,,,a,
ASN00007124,20120904,PRCP,0,,,a,
ASN00007124,20120905,PRCP,0,,,a,
ASN00007124,20120906,PRCP,0,,,a,
ASN00007124,20120907,PRCP,0,,,a,
ASN00007124,20120908,PRCP,0,,,a,
ASN00007124,20120909,PRCP,0,,,a,
ASN00007124,20120910,PRCP,0,,,a,
ASN00007124,20120911,PRCP,0,,,a,
ASN00007124,20120912,PRCP,0,,,a,
ASN00007124,20120913,PRCP,0,,,a,
ASN00007124,20120914,PRCP,0,,,a,
ASN00007124,20120915,PRCP,0,,,a,
ASN00007124,20120916,PRCP,0,,,a,
ASN00007124,20120917,PRCP,0,,,a,
ASN00007124,20120918,PRCP,0,,,a,
ASN00007124,20120919,PRCP,0,,,a,
ASN00007124,20120920,PRCP,0,,,a,
ASN00007124,20120921,PRCP,0,,,a,
ASN00007124,20120922,PRCP,0,,,a,
ASN00007124,20120923,PRCP,0,,,a,
ASN00007124,20120924,PRCP,0,,,a,
ASN00007124,20120925,PRCP,0,,,a,
ASN00007124,20120926,PRCP,0,,,a,
ASN00007124,20120927,PRCP,0,,,a,
ASN00007124,20120928,PRCP,0,,,a,
ASN00007124,20120929,PRCP,0,,,a,
ASN00007124,20120930,PRCP,0,,,a,
ASN00007124,20121001,PRCP,0,,,a,
ASN00007124,20121002,PRCP,0,,,a,
ASN00007124,20121003,PRCP,0,,,a,
ASN00007124,20121004,PRCP,0,,,a,
ASN00007124,20121005,PRCP,0,,,a,
ASN00007124,20121006,PRCP,0,,,a,
ASN00007124,20121007,PRCP,0,,,a,
ASN00007124,20121008,PRCP,0,,,a,
ASN00007124,20121009,PRCP,0,,,a,
ASN00007124,20121010,PRCP,0,,,a,
ASN00007124,20121011,PRCP,0,,,a,
ASN00007124,20121012,PRCP,0,,,a,
ASN00007124,20121013,PRCP,0,,,a,
ASN00007124,20121014,PRCP,0,,,a,
ASN00007124,20121015,PRCP,0,,,a,
ASN00007124,20121016,PRCP,0,,,a,
ASN00007124,20121017,PRCP,0,,,a,
ASN00007124,20121018,PRCP,0,,,a,
ASN00007124,20121019,PRCP,0,,,a,
ASN00007124,20121020,PRCP,0,,,a,
ASN00007124,20121021,PRCP,0,,,a,
ASN00007124,20121022,PRCP,0,,,a,
ASN00007124,20121023,PRCP,0,,,a,
ASN00007124,20121024,PRCP,0,,,a,
ASN00007124,20121025,PRCP,0,,,a,
ASN00007124,20121026,PRCP,70,,,a,
ASN00007124,20121027,PRCP,0,,,a,
ASN00007124,20121028,PRCP,0,,,a,
ASN00007124,20121029,PRCP,14,,,a,
ASN00007124,20121030,PRCP,4,,,a,
ASN00007124,20121031,PRCP,0,,,a,
ASN00007124,20121101,PRCP,0,,,a,
ASN00007124,20121102,PRCP,0,,,a,
ASN00007124,20121103,PRCP,0,,,a,
ASN00007124,20121104,PRCP,0,,,a,
ASN00007124,20121105,PRCP,0,,,a,
ASN00007124,20121106,PRCP,0,,,a,
ASN00007124,20121107,PRCP,0,,,a,
ASN00007124,20121108,PRCP,0,,,a,
ASN00007124,20121109,PRCP,0,,,a,
ASN00007124,20121110,PRCP,0,,,a,
ASN00007124,20121111,PRCP,0,,,a,
ASN00007124,20121112,PRCP,0,,,a,
ASN00007124,20121113,PRCP,0,,,a,
ASN00007124,20121114,PRCP,0,,,a,
ASN00007124,20121115,PRCP,0,,,a,
ASN00007124,20121116,PRCP,0,,,a,
ASN00007124,20121117,PRCP,0,,,a,
ASN00007124,20121118,PRCP,0,,,a,
ASN00007124,20121119,PRCP,0,,,a,
ASN00007124,20121120,PRCP,0,,,a,
ASN00007124,20121121,PRCP,0,,,a,
ASN00007124,20121122,PRCP,0,,,a,
ASN00007124,20121123,PRCP,0,,,a,
ASN00007124,20121124,PRCP,0,,,a,
ASN00007124,20121125,PRCP,0,,,a,
ASN00007124,20121126,PRCP,0,,,a,
ASN00007124,20121127,PRCP,0,,,a,
ASN00007124,20121128,PRCP,0,,,a,
ASN00007124,20121129,PRCP,0,,,a,
ASN00007124,20121130,PRCP,0,,,a,
ASN00007124,20121201,PRCP,0,,,a,
ASN00007124,20121202,PRCP,0,,,a,
ASN00007124,20121203,PRCP,0,,,a,
ASN00007124,20121204,PRCP,0,,,a,
ASN00007124,20121205,PRCP,88,,,a,
ASN00007124,20121206,PRCP,28,,,a,
ASN00007124,20121207,PRCP,0,,,a,
ASN00007124,20121208,PRCP,0,,,a,
ASN00007124,20121209,PRCP,116,,,a,
ASN00007124,20121210,PRCP,0,,,a,
ASN00007124,20121211,PRCP,0,,,a,
ASN00007124,20121212,PRCP,28,,,a,
ASN00007124,20121213,PRCP,0,,,a,
ASN00007124,20121214,PRCP,0,,,a,
ASN00007124,20121215,PRCP,0,,,a,
ASN00007124,20121216,PRCP,0,,,a,
ASN00007124,20121217,PRCP,0,,,a,
ASN00007124,20121218,PRCP,0,,,a,
ASN00007124,20121219,PRCP,0,,,a,
ASN00007124,20121220,PRCP,0,,,a,
ASN00007124,20121221,PRCP,0,,,a,
ASN00007124,20121222,PRCP,0,,,a,
ASN00007124,20121223,PRCP,0,,,a,
ASN00007124,20121224,PRCP,0,,,a,
ASN00007124,20121225,PRCP,0,,,a,
ASN00007124,20121226,PRCP,0,,,a,
ASN00007124,20121227,PRCP,128,,,a,
ASN00007124,20121228,PRCP,0,,,a,
ASN00007124,20121229,PRCP,4,,,a,
ASN00007124,20121230,PRCP,0,,,a,
ASN00007124,20121231,PRCP,0,,,a,
ASN00007124,20160117,PRCP,55,,,a,
ASN00007124,20160118,PRCP,0,,,a,
ASN00007124,20160119,PRCP,0,,,a,
ASN00007124,20160120,PRCP,0,,,a,
ASN00007124,20160121,PRCP,0,,,a,
ASN00007124,20160122,PRCP,0,,,a,
ASN00007124,20160123,PRCP,0,,,a,
ASN00007124,20160124,PRCP,0,,,a,
ASN00007124,20160125,PRCP,10,,,a,
ASN00007124,20160126,PRCP,4,,,a,
ASN00007124,20160127,PRCP,0,,,a,
ASN00007124,20160128,PRCP,0,,,a,
ASN00007124,20160129,PRCP,0,,,a,
ASN00007124,20160130,PRCP,48,,,a,
ASN00007124,20160131,PRCP,650,,,a,
ASN00007124,20160301,PRCP,5,,,a,
ASN00007124,20160302,PRCP,4,,,a,
ASN00007124,20160303,PRCP,0,,,a,
ASN00007124,20160304,PRCP,0,,,a,
ASN00007124,20160305,PRCP,0,,,a,
ASN00007124,20160306,PRCP,0,,,a,
ASN00007124,20160307,PRCP,0,,,a,
ASN00007124,20160308,PRCP,0,,,a,
ASN00007124,20160309,PRCP,0,,,a,
ASN00007124,20160310,PRCP,0,,,a,
ASN00007124,20160311,PRCP,0,,,a,
ASN00007124,20160312,PRCP,0,,,a,
ASN00007124,20160313,PRCP,0,,,a,
ASN00007124,20160314,PRCP,0,,,a,
ASN00007124,20160315,PRCP,10,,,a,
ASN00007124,20160316,PRCP,85,,,a,
ASN00007124,20160317,PRCP,0,,,a,
ASN00007124,20160318,PRCP,0,,,a,
ASN00007124,20160319,PRCP,0,,,a,
ASN00007124,20160320,PRCP,0,,,a,
ASN00007124,20160321,PRCP,0,,,a,
ASN00007124,20160322,PRCP,0,,,a,
ASN00007124,20160323,PRCP,0,,,a,
ASN00007124,20160324,PRCP,0,,,a,
ASN00007124,20160325,PRCP,0,,,a,
ASN00007124,20160326,PRCP,0,,,a,
ASN00007124,20160327,PRCP,0,,,a,
ASN00007124,20160328,PRCP,0,,,a,
ASN00007124,20160329,PRCP,0,,,a,
ASN00007124,20160330,PRCP,0,,,a,
ASN00007124,20160331,PRCP,0,,,a,
ASN00007124,20160401,PRCP,0,,,a,
ASN00007124,20160402,PRCP,0,,,a,
ASN00007124,20160403,PRCP,0,,,a,
ASN00007124,20160404,PRCP,0,,,a,
ASN00007124,20160405,PRCP,0,,,a,
ASN00007124,20160406,PRCP,0,,,a,
ASN00007124,20160407,PRCP,50,,,a,
ASN00007124,20160408,PRCP,4,,,a,
ASN00007124,20160409,PRCP,0,,,a,
ASN00007124,20160410,PRCP,0,,,a,
ASN00007124,20160411,PRCP,0,,,a,
ASN00007124,20160412,PRCP,0,,,a,
ASN00007124,20160413,PRCP,0,,,a,
ASN00007124,20160414,PRCP,0,,,a,
ASN00007124,20160415,PRCP,0,,,a,
ASN00007124,20160416,PRCP,0,,,a,
ASN00007124,20160417,PRCP,0,,,a,
ASN00007124,20160418,PRCP,0,,,a,
ASN00007124,20160419,PRCP,0,,,a,
ASN00007124,20160420,PRCP,0,,,a,
ASN00007124,20160421,PRCP,0,,,a,
ASN00007124,20160422,PRCP,0,,,a,
ASN00007124,20160423,PRCP,0,,,a,
ASN00007124,20160424,PRCP,0,,,a,
ASN00007124,20160425,PRCP,0,,,a,
ASN00007124,20160426,PRCP,0,,,a,
ASN00007124,20160427,PRCP,0,,,a,
ASN00007124,20160428,PRCP,0,,,a,
ASN00007124,20160429,PRCP,0,,,a,
ASN00007124,20160430,PRCP,0,,,a,
ASN00007124,20160601,PRCP,0,,,a,
ASN00007124,20160602,PRCP,0,,,a,
ASN00007124,20160603,PRCP,0,,,a,
ASN00007124,20160604,PRCP,34,,,a,
ASN00007124,20160605,PRCP,110,,,a,
ASN00007124,20160606,PRCP,38,,,a,
ASN00007124,20160607,PRCP,28,,,a,
ASN00007124,20160608,PRCP,0,,,a,
ASN00007124,20160609,PRCP,0,,,a,
ASN00007124,20160610,PRCP,0,,,a,
ASN00007124,20160611,PRCP,0,,,a,
ASN00007124,20160612,PRCP,0,,,a,
ASN00007124,20160613,PRCP,0,,,a,
ASN00007124,20160614,PRCP,0,,,a,
ASN00007124,20160615,PRCP,0,,,a,
ASN00007124,20160616,PRCP,0,,,a,
ASN00007124,20160617,PRCP,0,,,a,
ASN00007124,20160618,PRCP,0,,,a,
ASN00007124,20160619,PRCP,0,,,a,
ASN00007124,20160620,PRCP,0,,,a,
ASN00007124,20160621,PRCP,93,,,a,
ASN00007124,20160622,PRCP,100,,,a,
ASN00007124,20160623,PRCP,10,,,a,
ASN00007124,20160624,PRCP,0,,,a,
ASN00007124,20160625,PRCP,0,,,a,
ASN00007124,20160626,PRCP,0,,,a,
ASN00007124,20160627,PRCP,0,,,a,
ASN00007124,20160628,PRCP,0,,,a,
ASN00007124,20160629,PRCP,0,,,a,
ASN00007124,20160630,PRCP,0,,,a,
ASN00007124,20160701,PRCP,0,,,a,
ASN00007124,20160702,PRCP,34,,,a,
ASN00007124,20160703,PRCP,0,,,a,
ASN00007124,20160704,PRCP,0,,,a,
ASN00007124,20160705,PRCP,66,,,a,
ASN00007124,20160706,PRCP,65,,,a,
ASN00007124,20160707,PRCP,24,,,a,
ASN00007124,20160708,PRCP,0,,,a,
ASN00007124,20160709,PRCP,67,,,a,
ASN00007124,20160710,PRCP,4,,,a,
ASN00007124,20160711,PRCP,0,,,a,
ASN00007124,20160712,PRCP,0,,,a,
ASN00007124,20160713,PRCP,0,,,a,
ASN00007124,20160714,PRCP,0,,,a,
ASN00007124,20160715,PRCP,0,,,a,
ASN00007124,20160716,PRCP,0,,,a,
ASN00007124,20160717,PRCP,0,,,a,
ASN00007124,20160718,PRCP,26,,,a,
ASN00007124,20160719,PRCP,0,,,a,
ASN00007124,20160720,PRCP,0,,,a,
ASN00007124,20160721,PRCP,0,,,a,
ASN00007124,20160722,PRCP,0,,,a,
ASN00007124,20160723,PRCP,0,,,a,
ASN00007124,20160724,PRCP,0,,,a,
ASN00007124,20160725,PRCP,0,,,a,
ASN00007124,20160726,PRCP,0,,,a,
ASN00007124,20160727,PRCP,0,,,a,
ASN00007124,20160728,PRCP,0,,,a,
ASN00007124,20160729,PRCP,0,,,a,
ASN00007124,20160730,PRCP,0,,,a,
ASN00007124,20160731,PRCP,0,,,a,
ASN00007124,20160801,PRCP,0,,,a,
ASN00007124,20160802,PRCP,0,,,a,
ASN00007124,20160803,PRCP,0,,,a,
ASN00007124,20160804,PRCP,0,,,a,
ASN00007124,20160805,PRCP,0,,,a,
ASN00007124,20160806,PRCP,56,,,a,
ASN00007124,20160807,PRCP,7,,,a,
ASN00007124,20160808,PRCP,0,,,a,
ASN00007124,20160809,PRCP,0,,,a,
ASN00007124,20160810,PRCP,0,,,a,
ASN00007124,20160811,PRCP,0,,,a,
ASN00007124,20160812,PRCP,0,,,a,
ASN00007124,20160813,PRCP,0,,,a,
ASN00007124,20160814,PRCP,0,,,a,
ASN00007124,20160815,PRCP,0,,,a,
ASN00007124,20160816,PRCP,0,,,a,
ASN00007124,20160817,PRCP,0,,,a,
ASN00007124,20160818,PRCP,6,,,a,
ASN00007124,20160819,PRCP,0,,,a,
ASN00007124,20160820,PRCP,0,,,a,
ASN00007124,20160821,PRCP,0,,,a,
ASN00007124,20160822,PRCP,0,,,a,
ASN00007124,20160823,PRCP,0,,,a,
ASN00007124,20160824,PRCP,0,,,a,
ASN00007124,20160825,PRCP,0,,,a,
ASN00007124,20160826,PRCP,0,,,a,
ASN00007124,20160827,PRCP,0,,,a,
ASN00007124,20160828,PRCP,54,,,a,
ASN00007124,20160829,PRCP,0,,,a,
ASN00007124,20160830,PRCP,0,,,a,
ASN00007124,20160831,PRCP,0,,,a,
ASN00007124,20160901,PRCP,8,,,a,
ASN00007124,20160902,PRCP,0,,,a,
ASN00007124,20160903,PRCP,0,,,a,
ASN00007124,20160904,PRCP,0,,,a,
ASN00007124,20160905,PRCP,0,,,a,
ASN00007124,20160906,PRCP,0,,,a,
ASN00007124,20160907,PRCP,0,,,a,
ASN00007124,20160908,PRCP,0,,,a,
ASN00007124,20160909,PRCP,0,,,a,
ASN00007124,20160910,PRCP,0,,,a,
ASN00007124,20160911,PRCP,0,,,a,
ASN00007124,20160912,PRCP,0,,,a,
ASN00007124,20160913,PRCP,0,,,a,
ASN00007124,20160914,PRCP,0,,,a,
ASN00007124,20160915,PRCP,0,,,a,
ASN00007124,20160916,PRCP,0,,,a,
ASN00007124,20160917,PRCP,0,,,a,
ASN00007124,20160918,PRCP,0,,,a,
ASN00007124,20160919,PRCP,0,,,a,
ASN00007124,20160920,PRCP,0,,,a,
ASN00007124,20160921,PRCP,0,,,a,
ASN00007124,20160922,PRCP,0,,,a,
ASN00007124,20160923,PRCP,0,,,a,
ASN00007124,20160924,PRCP,0,,,a,
ASN00007124,20160925,PRCP,0,,,a,
ASN00007124,20160926,PRCP,0,,,a,
ASN00007124,20160927,PRCP,0,,,a,
ASN00007124,20160928,PRCP,0,,,a,
ASN00007124,20160929,PRCP,0,,,a,
ASN00007124,20160930,PRCP,0,,,a,
ASN00007124,20161001,PRCP,0,,,a,
ASN00007124,20161002,PRCP,0,,,a,
ASN00007124,20161003,PRCP,0,,,a,
ASN00007124,20161004,PRCP,0,,,a,
ASN00007124,20161005,PRCP,50,,,a,
ASN00007124,20161006,PRCP,0,,,a,
ASN00007124,20161007,PRCP,0,,,a,
ASN00007124,20161008,PRCP,0,,,a,
ASN00007124,20161009,PRCP,0,,,a,
ASN00007124,20161010,PRCP,0,,,a,
ASN00007124,20161011,PRCP,0,,,a,
ASN00007124,20161012,PRCP,0,,,a,
ASN00007124,20161013,PRCP,0,,,a,
ASN00007124,20161014,PRCP,0,,,a,
ASN00007124,20161015,PRCP,0,,,a,
ASN00007124,20161016,PRCP,0,,,a,
ASN00007124,20161017,PRCP,0,,,a,
ASN00007124,20161018,PRCP,0,,,a,
ASN00007124,20161019,PRCP,0,,,a,
ASN00007124,20161020,PRCP,0,,,a,
ASN00007124,20161021,PRCP,0,,,a,
ASN00007124,20161022,PRCP,0,,,a,
ASN00007124,20161023,PRCP,0,,,a,
ASN00007124,20161024,PRCP,0,,,a,
ASN00007124,20161025,PRCP,0,,,a,
ASN00007124,20161026,PRCP,0,,,a,
ASN00007124,20161027,PRCP,2,,,a,
ASN00007124,20161028,PRCP,0,,,a,
ASN00007124,20161029,PRCP,6,,,a,
ASN00007124,20161030,PRCP,0,,,a,
ASN00007124,20161031,PRCP,0,,,a,
ASN00007124,20161101,PRCP,0,,,a,
ASN00007124,20161102,PRCP,0,,,a,
ASN00007124,20161103,PRCP,0,,,a,
ASN00007124,20161104,PRCP,0,,,a,
ASN00007124,20161105,PRCP,0,,,a,
ASN00007124,20161106,PRCP,0,,,a,
ASN00007124,20161107,PRCP,0,,,a,
ASN00007124,20161108,PRCP,0,,,a,
ASN00007124,20161109,PRCP,0,,,a,
ASN00007124,20161110,PRCP,0,,,a,
ASN00007124,20161111,PRCP,0,,,a,
ASN00007124,20161112,PRCP,0,,,a,
ASN00007124,20161113,PRCP,0,,,a,
ASN00007124,20161114,PRCP,0,,,a,
ASN00007124,20161115,PRCP,0,,,a,
ASN00007124,20161116,PRCP,0,,,a,
ASN00007124,20161117,PRCP,0,,,a,
ASN00007124,20161118,PRCP,0,,,a,
ASN00007124,20161119,PRCP,0,,,a,
ASN00007124,20161120,PRCP,0,,,a,
ASN00007124,20161121,PRCP,0,,,a,
ASN00007124,20161122,PRCP,0,,,a,
ASN00007124,20161123,PRCP,0,,,a,
ASN00007124,20161124,PRCP,0,,,a,
ASN00007124,20161125,PRCP,0,,,a,
ASN00007124,20161126,PRCP,40,,,a,
ASN00007124,20161127,PRCP,0,,,a,
ASN00007124,20161128,PRCP,0,,,a,
ASN00007124,20161129,PRCP,0,,,a,
ASN00007124,20161130,PRCP,0,,,a,
ASN00007124,20161201,PRCP,0,,,a,
ASN00007124,20161202,PRCP,0,,,a,
ASN00007124,20161203,PRCP,0,,,a,
ASN00007124,20161204,PRCP,0,,,a,
ASN00007124,20161205,PRCP,0,,,a,
ASN00007124,20161206,PRCP,0,,,a,
ASN00007124,20161207,PRCP,0,,,a,
ASN00007124,20161208,PRCP,0,,,a,
ASN00007124,20161209,PRCP,0,,,a,
ASN00007124,20161210,PRCP,0,,,a,
ASN00007124,20161211,PRCP,0,,,a,
ASN00007124,20161212,PRCP,0,,,a,
ASN00007124,20161213,PRCP,0,,,a,
ASN00007124,20161214,PRCP,0,,,a,
ASN00007124,20161215,PRCP,0,,,a,
ASN00007124,20161216,PRCP,0,,,a,
ASN00007124,20161217,PRCP,0,,,a,
ASN00007124,20161218,PRCP,0,,,a,
ASN00007124,20161219,PRCP,0,,,a,
ASN00007124,20161220,PRCP,0,,,a,
ASN00007124,20161221,PRCP,0,,,a,
ASN00007124,20161222,PRCP,0,,,a,
ASN00007124,20161223,PRCP,0,,,a,
ASN00007124,20161224,PRCP,0,,,a,
ASN00007124,20161225,PRCP,0,,,a,
ASN00007124,20161226,PRCP,0,,,a,
ASN00007124,20161227,PRCP,0,,,a,
ASN00007124,20161228,PRCP,0,,,a,
ASN00007124,20161229,PRCP,0,,,a,
ASN00007124,20161230,PRCP,0,,,a,
ASN00007124,20161231,PRCP,0,,,a,
ASN00007124,20170101,PRCP,0,,,a,
ASN00007124,20170102,PRCP,0,,,a,
ASN00007124,20170103,PRCP,0,,,a,
ASN00007124,20170104,PRCP,0,,,a,
ASN00007124,20170105,PRCP,0,,,a,
ASN00007124,20170106,PRCP,0,,,a,
ASN00007124,20170107,PRCP,0,,,a,
ASN00007124,20170108,PRCP,0,,,a,
ASN00007124,20170109,PRCP,0,,,a,
ASN00007124,20170110,PRCP,0,,,a,
ASN00007124,20170111,PRCP,0,,,a,
ASN00007124,20170112,PRCP,215,,,a,
ASN00007124,20170113,PRCP,0,,,a,
ASN00007124,20170114,PRCP,0,,,a,
ASN00007124,20170115,PRCP,0,,,a,
ASN00007124,20170116,PRCP,30,,,a,
ASN00007124,20170117,PRCP,0,,,a,
ASN00007124,20170118,PRCP,0,,,a,
ASN00007124,20170119,PRCP,0,,,a,
ASN00007124,20170120,PRCP,0,,,a,
ASN00007124,20170121,PRCP,0,,,a,
ASN00007124,20170122,PRCP,0,,,a,
ASN00007124,20170123,PRCP,0,,,a,
ASN00007124,20170124,PRCP,0,,,a,
ASN00007124,20170125,PRCP,270,,,a,
ASN00007124,20170126,PRCP,0,,,a,
ASN00007124,20170127,PRCP,0,,,a,
ASN00007124,20170128,PRCP,4,,,a,
ASN00007124,20170129,PRCP,0,,,a,
ASN00007124,20170130,PRCP,0,,,a,
ASN00007124,20170131,PRCP,375,,,a,
ASN00007124,20170201,PRCP,0,,,a,
ASN00007124,20170202,PRCP,0,,,a,
ASN00007124,20170203,PRCP,0,,,a,
ASN00007124,20170204,PRCP,0,,,a,
ASN00007124,20170205,PRCP,0,,,a,
ASN00007124,20170206,PRCP,0,,,a,
ASN00007124,20170207,PRCP,10,,,a,
ASN00007124,20170208,PRCP,30,,,a,
ASN00007124,20170209,PRCP,0,,,a,
ASN00007124,20170210,PRCP,0,,,a,
ASN00007124,20170211,PRCP,0,,,a,
ASN00007124,20170212,PRCP,0,,,a,
ASN00007124,20170213,PRCP,0,,,a,
ASN00007124,20170214,PRCP,174,,,a,
ASN00007124,20170215,PRCP,30,,,a,
ASN00007124,20170216,PRCP,210,,,a,
ASN00007124,20170217,PRCP,0,,,a,
ASN00007124,20170218,PRCP,18,,,a,
ASN00007124,20170219,PRCP,20,,,a,
ASN00007124,20170220,PRCP,0,,,a,
ASN00007124,20170221,PRCP,0,,,a,
ASN00007124,20170222,PRCP,0,,,a,
ASN00007124,20170223,PRCP,0,,,a,
ASN00007124,20170224,PRCP,0,,,a,
ASN00007124,20170225,PRCP,0,,,a,
ASN00007124,20170226,PRCP,0,,,a,
ASN00007124,20170227,PRCP,0,,,a,
ASN00007124,20170228,PRCP,0,,,a,
ASN00007124,20170301,PRCP,0,,,a,
ASN00007124,20170302,PRCP,25,,,a,
ASN00007124,20170303,PRCP,0,,,a,
ASN00007124,20170304,PRCP,0,,,a,
ASN00007124,20170305,PRCP,0,,,a,
ASN00007124,20170306,PRCP,0,,,a,
ASN00007124,20170307,PRCP,0,,,a,
ASN00007124,20170308,PRCP,0,,,a,
ASN00007124,20170309,PRCP,0,,,a,
ASN00007124,20170310,PRCP,0,,,a,
ASN00007124,20170311,PRCP,0,,,a,
ASN00007124,20170312,PRCP,0,,,a,
ASN00007124,20170313,PRCP,0,,,a,
ASN00007124,20170314,PRCP,0,,,a,
ASN00007124,20170315,PRCP,0,,,a,
ASN00007124,20170316,PRCP,0,,,a,
ASN00007124,20170317,PRCP,0,,,a,
ASN00007124,20170318,PRCP,0,,,a,
ASN00007124,20170319,PRCP,0,,,a,
ASN00007124,20170320,PRCP,0,,,a,
ASN00007124,20170321,PRCP,0,,,a,
ASN00007124,20170322,PRCP,0,,,a,
ASN00007124,20170323,PRCP,0,,,a,
ASN00007124,20170324,PRCP,0,,,a,
ASN00007124,20170325,PRCP,0,,,a,
ASN00007124,20170326,PRCP,0,,,a,
ASN00007124,20170327,PRCP,0,,,a,
ASN00007124,20170328,PRCP,0,,,a,
ASN00007124,20170329,PRCP,10,,,a,
ASN00007124,20170330,PRCP,0,,,a,
ASN00007124,20170331,PRCP,0,,,a,
ASN00007124,20170501,PRCP,0,,,a,
ASN00007124,20170502,PRCP,0,,,a,
ASN00007124,20170503,PRCP,0,,,a,
ASN00007124,20170504,PRCP,0,,,a,
ASN00007124,20170505,PRCP,0,,,a,
ASN00007124,20170506,PRCP,0,,,a,
ASN00007124,20170507,PRCP,0,,,a,
ASN00007124,20170508,PRCP,0,,,a,
ASN00007124,20170509,PRCP,0,,,a,
ASN00007124,20170510,PRCP,0,,,a,
ASN00007124,20170511,PRCP,0,,,a,
ASN00007124,20170512,PRCP,0,,,a,
ASN00007124,20170513,PRCP,0,,,a,
ASN00007124,20170514,PRCP,0,,,a,
ASN00007124,20170515,PRCP,0,,,a,
ASN00007124,20170516,PRCP,0,,,a,
ASN00007124,20170517,PRCP,0,,,a,
ASN00007124,20170518,PRCP,0,,,a,
ASN00007124,20170519,PRCP,0,,,a,
ASN00007124,20170520,PRCP,0,,,a,
ASN00007124,20170521,PRCP,0,,,a,
ASN00007124,20170522,PRCP,0,,,a,
ASN00007124,20170523,PRCP,0,,,a,
ASN00007124,20170524,PRCP,0,,,a,
ASN00007124,20170525,PRCP,0,,,a,
ASN00007124,20170526,PRCP,0,,,a,
ASN00007124,20170527,PRCP,0,,,a,
ASN00007124,20170528,PRCP,0,,,a,
ASN00007124,20170529,PRCP,0,,,a,
ASN00007124,20170530,PRCP,0,,,a,
ASN00007124,20170531,PRCP,0,,,a,
ASN00007124,20170601,PRCP,0,,,a,
ASN00007124,20170602,PRCP,0,,,a,
ASN00007124,20170603,PRCP,0,,,a,
ASN00007124,20170604,PRCP,0,,,a,
ASN00007124,20170605,PRCP,0,,,a,
ASN00007124,20170606,PRCP,0,,,a,
ASN00007124,20170607,PRCP,0,,,a,
ASN00007124,20170608,PRCP,0,,,a,
ASN00007124,20170609,PRCP,0,,,a,
ASN00007124,20170610,PRCP,0,,,a,
ASN00007124,20170611,PRCP,0,,,a,
ASN00007124,20170612,PRCP,0,,,a,
ASN00007124,20170613,PRCP,0,,,a,
ASN00007124,20170614,PRCP,0,,,a,
ASN00007124,20170615,PRCP,0,,,a,
ASN00007124,20170616,PRCP,0,,,a,
ASN00007124,20170617,PRCP,0,,,a,
ASN00007124,20170618,PRCP,0,,,a,
ASN00007124,20170619,PRCP,0,,,a,
ASN00007124,20170620,PRCP,0,,,a,
ASN00007124,20170621,PRCP,0,,,a,
ASN00007124,20170622,PRCP,0,,,a,
ASN00007124,20170623,PRCP,0,,,a,
ASN00007124,20170624,PRCP,0,,,a,
ASN00007124,20170625,PRCP,0,,,a,
ASN00007124,20170626,PRCP,0,,,a,
ASN00007124,20170627,PRCP,0,,,a,
ASN00007124,20170628,PRCP,0,,,a,
ASN00007124,20170629,PRCP,0,,,a,
ASN00007124,20170630,PRCP,0,,,a,
ASN00007124,20170801,PRCP,0,,,a,
ASN00007124,20170802,PRCP,0,,,a,
ASN00007124,20170803,PRCP,0,,,a,
ASN00007124,20170804,PRCP,0,,,a,
ASN00007124,20170805,PRCP,0,,,a,
ASN00007124,20170806,PRCP,0,,,a,
ASN00007124,20170807,PRCP,0,,,a,
ASN00007124,20170808,PRCP,30,,,a,
ASN00007124,20170809,PRCP,0,,,a,
ASN00007124,20170810,PRCP,0,,,a,
ASN00007124,20170811,PRCP,0,,,a,
ASN00007124,20170812,PRCP,0,,,a,
ASN00007124,20170813,PRCP,4,,,a,
ASN00007124,20170814,PRCP,2,,,a,
ASN00007124,20170815,PRCP,58,,,a,
ASN00007124,20170816,PRCP,0,,,a,
ASN00007124,20170817,PRCP,0,,,a,
ASN00007124,20170818,PRCP,0,,,a,
ASN00007124,20170819,PRCP,0,,,a,
ASN00007124,20170820,PRCP,0,,,a,
ASN00007124,20170821,PRCP,0,,,a,
ASN00007124,20170822,PRCP,0,,,a,
ASN00007124,20170823,PRCP,0,,,a,
ASN00007124,20170824,PRCP,0,,,a,
ASN00007124,20170825,PRCP,0,,,a,
ASN00007124,20170826,PRCP,0,,,a,
ASN00007124,20170827,PRCP,0,,,a,
ASN00007124,20170828,PRCP,0,,,a,
ASN00007124,20170829,PRCP,0,,,a,
ASN00007124,20170830,PRCP,0,,,a,
ASN00007124,20170831,PRCP,0,,,a,
ASN00007124,20170901,PRCP,0,,,a,
ASN00007124,20170902,PRCP,0,,,a,
ASN00007124,20170903,PRCP,0,,,a,
ASN00007124,20170904,PRCP,0,,,a,
ASN00007124,20170905,PRCP,0,,,a,
ASN00007124,20170906,PRCP,0,,,a,
ASN00007124,20170907,PRCP,0,,,a,
ASN00007124,20170908,PRCP,122,,,a,
ASN00007124,20170909,PRCP,0,,,a,
ASN00007124,20170910,PRCP,0,,,a,
ASN00007124,20170911,PRCP,0,,,a,
ASN00007124,20170912,PRCP,0,,,a,
ASN00007124,20170913,PRCP,0,,,a,
ASN00007124,20170914,PRCP,0,,,a,
ASN00007124,20170915,PRCP,0,,,a,
ASN00007124,20170916,PRCP,0,,,a,
ASN00007124,20170917,PRCP,0,,,a,
ASN00007124,20170918,PRCP,0,,,a,
ASN00007124,20170919,PRCP,0,,,a,
ASN00007124,20170920,PRCP,0,,,a,
ASN00007124,20170921,PRCP,0,,,a,
ASN00007124,20170922,PRCP,0,,,a,
ASN00007124,20170923,PRCP,0,,,a,
ASN00007124,20170924,PRCP,0,,,a,
ASN00007124,20170925,PRCP,34,,,a,
ASN00007124,20170926,PRCP,12,,,a,
ASN00007124,20170927,PRCP,0,,,a,
ASN00007124,20170928,PRCP,0,,,a,
ASN00007124,20170929,PRCP,0,,,a,
ASN00007124,20170930,PRCP,0,,,a,
ASN00007124,20171101,PRCP,0,,,a,
ASN00007124,20171102,PRCP,0,,,a,
ASN00007124,20171103,PRCP,0,,,a,
ASN00007124,20171104,PRCP,0,,,a,
ASN00007124,20171105,PRCP,0,,,a,
ASN00007124,20171106,PRCP,0,,,a,
ASN00007124,20171107,PRCP,0,,,a,
ASN00007124,20171108,PRCP,0,,,a,
ASN00007124,20171109,PRCP,0,,,a,
ASN00007124,20171110,PRCP,0,,,a,
ASN00007124,20171111,PRCP,0,,,a,
ASN00007124,20171112,PRCP,0,,,a,
ASN00007124,20171113,PRCP,0,,,a,
ASN00007124,20171114,PRCP,0,,,a,
ASN00007124,20171115,PRCP,0,,,a,
ASN00007124,20171116,PRCP,95,,,a,
ASN00007124,20171117,PRCP,0,,,a,
ASN00007124,20171118,PRCP,0,,,a,
ASN00007124,20171119,PRCP,0,,,a,
ASN00007124,20171120,PRCP,0,,,a,
ASN00007124,20171121,PRCP,0,,,a,
ASN00007124,20171122,PRCP,0,,,a,
ASN00007124,20171123,PRCP,0,,,a,
ASN00007124,20171124,PRCP,0,,,a,
ASN00007124,20171125,PRCP,0,,,a,
ASN00007124,20171126,PRCP,0,,,a,
ASN00007124,20171127,PRCP,0,,,a,
ASN00007124,20171128,PRCP,0,,,a,
ASN00007124,20171129,PRCP,0,,,a,
ASN00007124,20171130,PRCP,0,,,a,
ASN00007124,20171201,PRCP,0,,,a,
ASN00007124,20171202,PRCP,0,,,a,
ASN00007124,20171203,PRCP,22,,,a,
ASN00007124,20171204,PRCP,3,,,a,
ASN00007124,20171205,PRCP,0,,,a,
ASN00007124,20171206,PRCP,0,,,a,
ASN00007124,20171207,PRCP,0,,,a,
ASN00007124,20171208,PRCP,0,,,a,
ASN00007124,20171209,PRCP,50,,,a,
ASN00007124,20171210,PRCP,0,,,a,
ASN00007124,20171211,PRCP,0,,,a,
ASN00007124,20171212,PRCP,0,,,a,
ASN00007124,20171213,PRCP,0,,,a,
ASN00007124,20171214,PRCP,0,,,a,
ASN00007124,20171215,PRCP,0,,,a,
ASN00007124,20171216,PRCP,0,,,a,
ASN00007124,20171217,PRCP,0,,,a,
ASN00007124,20171218,PRCP,0,,,a,
ASN00007124,20171219,PRCP,0,,,a,
ASN00007124,20171220,PRCP,0,,,a,
ASN00007124,20171221,PRCP,0,,,a,
ASN00007124,20171222,PRCP,0,,,a,
ASN00007124,20171223,PRCP,0,,,a,
ASN00007124,20171224,PRCP,0,,,a,
ASN00007124,20171225,PRCP,0,,,a,
ASN00007124,20171226,PRCP,74,,,a,
ASN00007124,20171227,PRCP,0,,,a,
ASN00007124,20171228,PRCP,0,,,a,
ASN00007124,20171229,PRCP,0,,,a,
ASN00007124,20171230,PRCP,0,,,a,
ASN00007124,20171231,PRCP,10,,,a,
ASN00007124,20180101,PRCP,0,,,a,
ASN00007124,20180102,PRCP,0,,,a,
ASN00007124,20180103,PRCP,54,,,a,
ASN00007124,20180104,PRCP,0,,,a,
ASN00007124,20180105,PRCP,0,,,a,
ASN00007124,20180106,PRCP,0,,,a,
ASN00007124,20180107,PRCP,0,,,a,
ASN00007124,20180108,PRCP,0,,,a,
ASN00007124,20180109,PRCP,0,,,a,
ASN00007124,20180110,PRCP,0,,,a,
ASN00007124,20180111,PRCP,0,,,a,
ASN00007124,20180112,PRCP,0,,,a,
ASN00007124,20180113,PRCP,8,,,a,
ASN00007124,20180114,PRCP,570,,,a,
ASN00007124,20180115,PRCP,752,,,a,
ASN00007124,20180116,PRCP,0,,,a,
ASN00007124,20180117,PRCP,0,,,a,
ASN00007124,20180118,PRCP,0,,,a,
ASN00007124,20180119,PRCP,0,,,a,
ASN00007124,20180120,PRCP,0,,,a,
ASN00007124,20180121,PRCP,60,,,a,
ASN00007124,20180122,PRCP,0,,,a,
ASN00007124,20180123,PRCP,0,,,a,
ASN00007124,20180124,PRCP,0,,,a,
ASN00007124,20180125,PRCP,0,,,a,
ASN00007124,20180126,PRCP,0,,,a,
ASN00007124,20180127,PRCP,0,,,a,
ASN00007124,20180128,PRCP,0,,,a,
ASN00007124,20180129,PRCP,0,,,a,
ASN00007124,20180130,PRCP,0,,,a,
ASN00007124,20180131,PRCP,0,,,a,
ASN00007124,20180201,PRCP,0,,,a,
ASN00007124,20180202,PRCP,0,,,a,
ASN00007124,20180203,PRCP,0,,,a,
ASN00007124,20180204,PRCP,0,,,a,
ASN00007124,20180205,PRCP,0,,,a,
ASN00007124,20180206,PRCP,0,,,a,
ASN00007124,20180207,PRCP,160,,,a,
ASN00007124,20180208,PRCP,14,,,a,
ASN00007124,20180209,PRCP,0,,,a,
ASN00007124,20180210,PRCP,18,,,a,
ASN00007124,20180211,PRCP,640,,,a,
ASN00007124,20180212,PRCP,0,,,a,
ASN00007124,20180213,PRCP,0,,,a,
ASN00007124,20180214,PRCP,0,,,a,
ASN00007124,20180215,PRCP,0,,,a,
ASN00007124,20180216,PRCP,0,,,a,
ASN00007124,20180217,PRCP,0,,,a,
ASN00007124,20180218,PRCP,0,,,a,
ASN00007124,20180219,PRCP,0,,,a,
ASN00007124,20180220,PRCP,0,,,a,
ASN00007124,20180221,PRCP,0,,,a,
ASN00007124,20180222,PRCP,12,,,a,
ASN00007124,20180223,PRCP,0,,,a,
ASN00007124,20180224,PRCP,0,,,a,
ASN00007124,20180225,PRCP,113,,,a,
ASN00007124,20180226,PRCP,0,,,a,
ASN00007124,20180227,PRCP,0,,,a,
ASN00007124,20180228,PRCP,0,,,a,
ASN00007124,20180301,PRCP,33,,,a,
ASN00007124,20180302,PRCP,83,,,a,
ASN00007124,20180303,PRCP,0,,,a,
ASN00007124,20180304,PRCP,56,,,a,
ASN00007124,20180305,PRCP,0,,,a,
ASN00007124,20180306,PRCP,0,,,a,
ASN00007124,20180307,PRCP,0,,,a,
ASN00007124,20180308,PRCP,0,,,a,
ASN00007124,20180309,PRCP,0,,,a,
ASN00007124,20180310,PRCP,0,,,a,
ASN00007124,20180311,PRCP,0,,,a,
ASN00007124,20180312,PRCP,0,,,a,
ASN00007124,20180313,PRCP,0,,,a,
ASN00007124,20180314,PRCP,0,,,a,
ASN00007124,20180315,PRCP,0,,,a,
ASN00007124,20180316,PRCP,0,,,a,
ASN00007124,20180317,PRCP,0,,,a,
ASN00007124,20180318,PRCP,0,,,a,
ASN00007124,20180319,PRCP,0,,,a,
ASN00007124,20180320,PRCP,0,,,a,
ASN00007124,20180321,PRCP,0,,,a,
ASN00007124,20180322,PRCP,0,,,a,
ASN00007124,20180323,PRCP,0,,,a,
ASN00007124,20180324,PRCP,0,,,a,
ASN00007124,20180325,PRCP,0,,,a,
ASN00007124,20180326,PRCP,0,,,a,
ASN00007124,20180327,PRCP,0,,,a,
ASN00007124,20180328,PRCP,0,,,a,
ASN00007124,20180329,PRCP,0,,,a,
ASN00007124,20180330,PRCP,0,,,a,
ASN00007124,20180331,PRCP,0,,,a,
ASN00007124,20180401,PRCP,0,,,a,
ASN00007124,20180402,PRCP,0,,,a,
ASN00007124,20180403,PRCP,12,,,a,
ASN00007124,20180404,PRCP,0,,,a,
ASN00007124,20180405,PRCP,0,,,a,
ASN00007124,20180406,PRCP,0,,,a,
ASN00007124,20180407,PRCP,0,,,a,
ASN00007124,20180408,PRCP,0,,,a,
ASN00007124,20180409,PRCP,0,,,a,
ASN00007124,20180410,PRCP,0,,,a,
ASN00007124,20180411,PRCP,0,,,a,
ASN00007124,20180412,PRCP,0,,,a,
ASN00007124,20180413,PRCP,0,,,a,
ASN00007124,20180414,PRCP,0,,,a,
ASN00007124,20180415,PRCP,0,,,a,
ASN00007124,20180416,PRCP,0,,,a,
ASN00007124,20180417,PRCP,0,,,a,
ASN00007124,20180418,PRCP,0,,,a,
ASN00007124,20180419,PRCP,0,,,a,
ASN00007124,20180420,PRCP,0,,,a,
ASN00007124,20180421,PRCP,0,,,a,
ASN00007124,20180422,PRCP,0,,,a,
ASN00007124,20180423,PRCP,0,,,a,
ASN00007124,20180424,PRCP,0,,,a,
ASN00007124,20180425,PRCP,0,,,a,
ASN00007124,20180426,PRCP,0,,,a,
ASN00007124,20180427,PRCP,0,,,a,
ASN00007124,20180428,PRCP,0,,,a,
ASN00007124,20180429,PRCP,0,,,a,
ASN00007124,20180430,PRCP,0,,,a,
ASN00007124,20180501,PRCP,0,,,a,
ASN00007124,20180502,PRCP,0,,,a,
ASN00007124,20180503,PRCP,0,,,a,
ASN00007124,20180504,PRCP,0,,,a,
ASN00007124,20180505,PRCP,0,,,a,
ASN00007124,20180506,PRCP,0,,,a,
ASN00007124,20180507,PRCP,0,,,a,
ASN00007124,20180508,PRCP,0,,,a,
ASN00007124,20180509,PRCP,0,,,a,
ASN00007124,20180510,PRCP,0,,,a,
ASN00007124,20180511,PRCP,0,,,a,
ASN00007124,20180512,PRCP,0,,,a,
ASN00007124,20180513,PRCP,0,,,a,
ASN00007124,20180514,PRCP,0,,,a,
ASN00007124,20180515,PRCP,0,,,a,
ASN00007124,20180516,PRCP,0,,,a,
ASN00007124,20180517,PRCP,0,,,a,
ASN00007124,20180518,PRCP,0,,,a,
ASN00007124,20180519,PRCP,0,,,a,
ASN00007124,20180520,PRCP,0,,,a,
ASN00007124,20180521,PRCP,0,,,a,
ASN00007124,20180522,PRCP,0,,,a,
ASN00007124,20180523,PRCP,0,,,a,
ASN00007124,20180524,PRCP,0,,,a,
ASN00007124,20180525,PRCP,138,,,a,
ASN00007124,20180526,PRCP,0,,,a,
ASN00007124,20180527,PRCP,0,,,a,
ASN00007124,20180528,PRCP,0,,,a,
ASN00007124,20180529,PRCP,0,,,a,
ASN00007124,20180530,PRCP,0,,,a,
ASN00007124,20180531,PRCP,0,,,a,
ASN00007124,20180601,PRCP,4,,,a,
ASN00007124,20180602,PRCP,0,,,a,
ASN00007124,20180603,PRCP,18,,,a,
ASN00007124,20180604,PRCP,4,,,a,
ASN00007124,20180605,PRCP,31,,,a,
ASN00007124,20180606,PRCP,313,,,a,
ASN00007124,20180607,PRCP,0,,,a,
ASN00007124,20180608,PRCP,0,,,a,
ASN00007124,20180609,PRCP,0,,,a,
ASN00007124,20180610,PRCP,0,,,a,
ASN00007124,20180611,PRCP,0,,,a,
ASN00007124,20180612,PRCP,0,,,a,
ASN00007124,20180613,PRCP,0,,,a,
ASN00007124,20180614,PRCP,0,,,a,
ASN00007124,20180615,PRCP,0,,,a,
ASN00007124,20180616,PRCP,0,,,a,
ASN00007124,20180617,PRCP,0,,,a,
ASN00007124,20180618,PRCP,2,,,a,
ASN00007124,20180619,PRCP,90,,,a,
ASN00007124,20180620,PRCP,0,,,a,
ASN00007124,20180621,PRCP,0,,,a,
ASN00007124,20180622,PRCP,0,,,a,
ASN00007124,20180623,PRCP,0,,,a,
ASN00007124,20180624,PRCP,0,,,a,
ASN00007124,20180625,PRCP,0,,,a,
ASN00007124,20180626,PRCP,0,,,a,
ASN00007124,20180627,PRCP,0,,,a,
ASN00007124,20180628,PRCP,0,,,a,
ASN00007124,20180629,PRCP,0,,,a,
ASN00007124,20180630,PRCP,0,,,a,
ASN00007124,20180701,PRCP,0,,,a,
ASN00007124,20180702,PRCP,0,,,a,
ASN00007124,20180703,PRCP,55,,,a,
ASN00007124,20180704,PRCP,76,,,a,
ASN00007124,20180705,PRCP,0,,,a,
ASN00007124,20180706,PRCP,0,,,a,
ASN00007124,20180707,PRCP,0,,,a,
ASN00007124,20180708,PRCP,0,,,a,
ASN00007124,20180709,PRCP,0,,,a,
ASN00007124,20180710,PRCP,0,,,a,
ASN00007124,20180711,PRCP,0,,,a,
ASN00007124,20180712,PRCP,0,,,a,
ASN00007124,20180713,PRCP,0,,,a,
ASN00007124,20180714,PRCP,0,,,a,
ASN00007124,20180715,PRCP,4,,,a,
ASN00007124,20180716,PRCP,0,,,a,
ASN00007124,20180717,PRCP,0,,,a,
ASN00007124,20180718,PRCP,0,,,a,
ASN00007124,20180719,PRCP,0,,,a,
ASN00007124,20180720,PRCP,0,,,a,
ASN00007124,20180721,PRCP,0,,,a,
ASN00007124,20180722,PRCP,18,,,a,
ASN00007124,20180723,PRCP,0,,,a,
ASN00007124,20180724,PRCP,0,,,a,
ASN00007124,20180725,PRCP,16,,,a,
ASN00007124,20180726,PRCP,0,,,a,
ASN00007124,20180727,PRCP,0,,,a,
ASN00007124,20180728,PRCP,0,,,a,
ASN00007124,20180729,PRCP,0,,,a,
ASN00007124,20180730,PRCP,0,,,a,
ASN00007124,20180731,PRCP,0,,,a,
ASN00007124,20180801,PRCP,12,,,a,
ASN00007124,20180802,PRCP,0,,,a,
ASN00007124,20180803,PRCP,0,,,a,
ASN00007124,20180804,PRCP,12,,,a,
ASN00007124,20180805,PRCP,0,,,a,
ASN00007124,20180806,PRCP,0,,,a,
ASN00007124,20180807,PRCP,0,,,a,
ASN00007124,20180808,PRCP,0,,,a,
ASN00007124,20180809,PRCP,0,,,a,
ASN00007124,20180810,PRCP,0,,,a,
ASN00007124,20180811,PRCP,0,,,a,
ASN00007124,20180812,PRCP,0,,,a,
ASN00007124,20180813,PRCP,0,,,a,
ASN00007124,20180814,PRCP,0,,,a,
ASN00007124,20180815,PRCP,0,,,a,
ASN00007124,20180816,PRCP,0,,,a,
ASN00007124,20180817,PRCP,0,,,a,
ASN00007124,20180818,PRCP,0,,,a,
ASN00007124,20180819,PRCP,0,,,a,
ASN00007124,20180820,PRCP,0,,,a,
ASN00007124,20180821,PRCP,0,,,a,
ASN00007124,20180822,PRCP,0,,,a,
ASN00007124,20180823,PRCP,0,,,a,
ASN00007124,20180824,PRCP,0,,,a,
ASN00007124,20180825,PRCP,0,,,a,
ASN00007124,20180826,PRCP,0,,,a,
ASN00007124,20180827,PRCP,0,,,a,
ASN00007124,20180828,PRCP,0,,,a,
ASN00007124,20180829,PRCP,4,,,a,
ASN00007124,20180830,PRCP,0,,,a,
ASN00007124,20180831,PRCP,0,,,a,
ASN00007124,20180901,PRCP,0,,,a,
ASN00007124,20180902,PRCP,0,,,a,
ASN00007124,20180903,PRCP,0,,,a,
ASN00007124,20180904,PRCP,0,,,a,
ASN00007124,20180905,PRCP,0,,,a,
ASN00007124,20180906,PRCP,0,,,a,
ASN00007124,20180907,PRCP,0,,,a,
ASN00007124,20180908,PRCP,0,,,a,
ASN00007124,20180909,PRCP,0,,,a,
ASN00007124,20180910,PRCP,0,,,a,
ASN00007124,20180911,PRCP,0,,,a,
ASN00007124,20180912,PRCP,0,,,a,
ASN00007124,20180913,PRCP,0,,,a,
ASN00007124,20180914,PRCP,0,,,a,
ASN00007124,20180915,PRCP,0,,,a,
ASN00007124,20180916,PRCP,0,,,a,
ASN00007124,20180917,PRCP,0,,,a,
ASN00007124,20180918,PRCP,0,,,a,
ASN00007124,20180919,PRCP,0,,,a,
ASN00007124,20180920,PRCP,0,,,a,
ASN00007124,20180921,PRCP,0,,,a,
ASN00007124,20180922,PRCP,0,,,a,
ASN00007124,20180923,PRCP,0,,,a,
ASN00007124,20180924,PRCP,0,,,a,
ASN00007124,20180925,PRCP,0,,,a,
ASN00007124,20180926,PRCP,0,,,a,
ASN00007124,20180927,PRCP,0,,,a,
ASN00007124,20180928,PRCP,0,,,a,
ASN00007124,20180929,PRCP,0,,,a,
ASN00007124,20180930,PRCP,0,,,a,
ASN00007124,20181001,PRCP,0,,,a,
ASN00007124,20181002,PRCP,0,,,a,
ASN00007124,20181003,PRCP,0,,,a,
ASN00007124,20181004,PRCP,0,,,a,
ASN00007124,20181005,PRCP,0,,,a,
ASN00007124,20181006,PRCP,0,,,a,
ASN00007124,20181007,PRCP,0,,,a,
ASN00007124,20181008,PRCP,0,,,a,
ASN00007124,20181009,PRCP,0,,,a,
ASN00007124,20181010,PRCP,0,,,a,
ASN00007124,20181011,PRCP,0,,,a,
ASN00007124,20181012,PRCP,0,,,a,
ASN00007124,20181013,PRCP,0,,,a,
ASN00007124,20181014,PRCP,0,,,a,
ASN00007124,20181015,PRCP,0,,,a,
ASN00007124,20181016,PRCP,0,,,a,
ASN00007124,20181017,PRCP,0,,,a,
ASN00007124,20181018,PRCP,0,,,a,
ASN00007124,20181019,PRCP,0,,,a,
ASN00007124,20181020,PRCP,0,,,a,
ASN00007124,20181021,PRCP,0,,,a,
ASN00007124,20181022,PRCP,0,,,a,
ASN00007124,20181023,PRCP,0,,,a,
ASN00007124,20181024,PRCP,0,,,a,
ASN00007124,20181025,PRCP,0,,,a,
ASN00007124,20181026,PRCP,0,,,a,
ASN00007124,20181027,PRCP,0,,,a,
ASN00007124,20181028,PRCP,0,,,a,
ASN00007124,20181029,PRCP,0,,,a,
ASN00007124,20181030,PRCP,0,,,a,
ASN00007124,20181031,PRCP,0,,,a,
ASN00007124,20181101,PRCP,0,,,a,
ASN00007124,20181102,PRCP,0,,,a,
ASN00007124,20181103,PRCP,0,,,a,
ASN00007124,20181104,PRCP,0,,,a,
ASN00007124,20181105,PRCP,0,,,a,
ASN00007124,20181106,PRCP,0,,,a,
ASN00007124,20181107,PRCP,0,,,a,
ASN00007124,20181108,PRCP,0,,,a,
ASN00007124,20181109,PRCP,24,,,a,
ASN00007124,20181110,PRCP,6,,,a,
ASN00007124,20181111,PRCP,2,,,a,
ASN00007124,20181112,PRCP,0,,,a,
ASN00007124,20181113,PRCP,0,,,a,
ASN00007124,20181114,PRCP,0,,,a,
ASN00007124,20181115,PRCP,0,,,a,
ASN00007124,20181116,PRCP,0,,,a,
ASN00007124,20181117,PRCP,8,,,a,
ASN00007124,20181118,PRCP,0,,,a,
ASN00007124,20181119,PRCP,0,,,a,
ASN00007124,20181120,PRCP,0,,,a,
ASN00007124,20181121,PRCP,0,,,a,
ASN00007124,20181122,PRCP,0,,,a,
ASN00007124,20181123,PRCP,0,,,a,
ASN00007124,20181124,PRCP,0,,,a,
ASN00007124,20181125,PRCP,0,,,a,
ASN00007124,20181126,PRCP,0,,,a,
ASN00007124,20181127,PRCP,0,,,a,
ASN00007124,20181128,PRCP,0,,,a,
ASN00007124,20181129,PRCP,0,,,a,
ASN00007124,20181130,PRCP,0,,,a,
ASN00007124,20181201,PRCP,0,,,a,
ASN00007124,20181202,PRCP,0,,,a,
ASN00007124,20181203,PRCP,0,,,a,
ASN00007124,20181204,PRCP,0,,,a,
ASN00007124,20181205,PRCP,0,,,a,
ASN00007124,20181206,PRCP,0,,,a,
ASN00007124,20181207,PRCP,0,,,a,
ASN00007124,20181208,PRCP,0,,,a,
ASN00007124,20181209,PRCP,0,,,a,
ASN00007124,20181210,PRCP,0,,,a,
ASN00007124,20181211,PRCP,0,,,a,
ASN00007124,20181212,PRCP,0,,,a,
ASN00007124,20181213,PRCP,0,,,a,
ASN00007124,20181214,PRCP,0,,,a,
ASN00007124,20181215,PRCP,0,,,a,
ASN00007124,20181216,PRCP,0,,,a,
ASN00007124,20181217,PRCP,0,,,a,
ASN00007124,20181218,PRCP,0,,,a,
ASN00007124,20181219,PRCP,0,,,a,
ASN00007124,20181220,PRCP,0,,,a,
ASN00007124,20181221,PRCP,0,,,a,
ASN00007124,20181222,PRCP,0,,,a,
ASN00007124,20181223,PRCP,0,,,a,
ASN00007124,20181224,PRCP,0,,,a,
ASN00007124,20181225,PRCP,0,,,a,
ASN00007124,20181226,PRCP,0,,,a,
ASN00007124,20181227,PRCP,0,,,a,
ASN00007124,20181228,PRCP,0,,,a,
ASN00007124,20181229,PRCP,0,,,a,
ASN00007124,20181230,PRCP,0,,,a,
ASN00007124,20181231,PRCP,0,,,a,
ASN00007124,20190101,PRCP,0,,,a,
ASN00007124,20190102,PRCP,0,,,a,
ASN00007124,20190103,PRCP,0,,,a,
ASN00007124,20190104,PRCP,0,,,a,
ASN00007124,20190105,PRCP,0,,,a,
ASN00007124,20190106,PRCP,0,,,a,
ASN00007124,20190107,PRCP,0,,,a,
ASN00007124,20190108,PRCP,0,,,a,
ASN00007124,20190109,PRCP,0,,,a,
ASN00007124,20190110,PRCP,0,,,a,
ASN00007124,20190111,PRCP,0,,,a,
ASN00007124,20190112,PRCP,0,,,a,
ASN00007124,20190113,PRCP,0,,,a,
ASN00007124,20190114,PRCP,0,,,a,
ASN00007124,20190115,PRCP,0,,,a,
ASN00007124,20190116,PRCP,0,,,a,
ASN00007124,20190117,PRCP,0,,,a,
ASN00007124,20190118,PRCP,0,,,a,
ASN00007124,20190119,PRCP,0,,,a,
ASN00007124,20190120,PRCP,0,,,a,
ASN00007124,20190121,PRCP,0,,,a,
ASN00007124,20190122,PRCP,36,,,a,
ASN00007124,20190123,PRCP,0,,,a,
ASN00007124,20190124,PRCP,0,,,a,
ASN00007124,20190125,PRCP,0,,,a,
ASN00007124,20190126,PRCP,0,,,a,
ASN00007124,20190127,PRCP,0,,,a,
ASN00007124,20190128,PRCP,0,,,a,
ASN00007124,20190129,PRCP,0,,,a,
ASN00007124,20190130,PRCP,0,,,a,
ASN00007124,20190131,PRCP,0,,,a,
ASN00007124,20190201,PRCP,0,,,a,
ASN00007124,20190202,PRCP,0,,,a,
ASN00007124,20190203,PRCP,0,,,a,
ASN00007124,20190204,PRCP,0,,,a,
ASN00007124,20190205,PRCP,0,,,a,
ASN00007124,20190206,PRCP,0,,,a,
ASN00007124,20190207,PRCP,0,,,a,
ASN00007124,20190208,PRCP,0,,,a,
ASN00007124,20190209,PRCP,0,,,a,
ASN00007124,20190210,PRCP,0,,,a,
ASN00007124,20190211,PRCP,0,,,a,
ASN00007124,20190212,PRCP,0,,,a,
ASN00007124,20190213,PRCP,0,,,a,
ASN00007124,20190214,PRCP,0,,,a,
ASN00007124,20190215,PRCP,0,,,a,
ASN00007124,20190216,PRCP,0,,,a,
ASN00007124,20190217,PRCP,0,,,a,
ASN00007124,20190218,PRCP,0,,,a,
ASN00007124,20190219,PRCP,0,,,a,
ASN00007124,20190220,PRCP,0,,,a,
ASN00007124,20190221,PRCP,0,,,a,
ASN00007124,20190222,PRCP,0,,,a,
ASN00007124,20190223,PRCP,0,,,a,
ASN00007124,20190224,PRCP,0,,,a,
ASN00007124,20190225,PRCP,0,,,a,
ASN00007124,20190226,PRCP,0,,,a,
ASN00007124,20190227,PRCP,0,,,a,
ASN00007124,20190228,PRCP,0,,,a,
ASN00007124,20190301,PRCP,0,,,a,
ASN00007124,20190302,PRCP,0,,,a,
ASN00007124,20190303,PRCP,0,,,a,
ASN00007124,20190304,PRCP,0,,,a,
ASN00007124,20190305,PRCP,0,,,a,
ASN00007124,20190306,PRCP,0,,,a,
ASN00007124,20190307,PRCP,0,,,a,
ASN00007124,20190308,PRCP,0,,,a,
ASN00007124,20190309,PRCP,0,,,a,
ASN00007124,20190310,PRCP,0,,,a,
ASN00007124,20190311,PRCP,0,,,a,
ASN00007124,20190312,PRCP,0,,,a,
ASN00007124,20190313,PRCP,0,,,a,
ASN00007124,20190314,PRCP,0,,,a,
ASN00007124,20190315,PRCP,15,,,a,
ASN00007124,20190316,PRCP,0,,,a,
ASN00007124,20190317,PRCP,32,,,a,
ASN00007124,20190318,PRCP,0,,,a,
ASN00007124,20190319,PRCP,0,,,a,
ASN00007124,20190320,PRCP,0,,,a,
ASN00007124,20190321,PRCP,0,,,a,
ASN00007124,20190322,PRCP,4,,,a,
ASN00007124,20190323,PRCP,0,,,a,
ASN00007124,20190324,PRCP,0,,,a,
ASN00007124,20190325,PRCP,0,,,a,
ASN00007124,20190326,PRCP,0,,,a,
ASN00007124,20190327,PRCP,0,,,a,
ASN00007124,20190328,PRCP,0,,,a,
ASN00007124,20190329,PRCP,0,,,a,
ASN00007124,20190330,PRCP,0,,,a,
ASN00007124,20190331,PRCP,0,,,a,
ASN00007124,20190401,PRCP,2,,,a,
ASN00007124,20190402,PRCP,0,,,a,
ASN00007124,20190403,PRCP,0,,,a,
ASN00007124,20190404,PRCP,0,,,a,
ASN00007124,20190405,PRCP,0,,,a,
ASN00007124,20190406,PRCP,0,,,a,
ASN00007124,20190407,PRCP,0,,,a,
ASN00007124,20190408,PRCP,0,,,a,
ASN00007124,20190409,PRCP,0,,,a,
ASN00007124,20190410,PRCP,0,,,a,
ASN00007124,20190411,PRCP,0,,,a,
ASN00007124,20190412,PRCP,230,,,a,
ASN00007124,20190413,PRCP,52,,,a,
ASN00007124,20190414,PRCP,22,,,a,
ASN00007124,20190415,PRCP,0,,,a,
ASN00007124,20190416,PRCP,0,,,a,
ASN00007124,20190417,PRCP,0,,,a,
ASN00007124,20190418,PRCP,0,,,a,
ASN00007124,20190419,PRCP,0,,,a,
ASN00007124,20190420,PRCP,0,,,a,
ASN00007124,20190421,PRCP,0,,,a,
ASN00007124,20190422,PRCP,0,,,a,
ASN00007124,20190423,PRCP,0,,,a,
ASN00007124,20190424,PRCP,0,,,a,
ASN00007124,20190425,PRCP,0,,,a,
ASN00007124,20190426,PRCP,0,,,a,
ASN00007124,20190427,PRCP,0,,,a,
ASN00007124,20190428,PRCP,0,,,a,
ASN00007124,20190429,PRCP,0,,,a,
ASN00007124,20190430,PRCP,0,,,a,
ASN00007124,20190501,PRCP,0,,,a,
ASN00007124,20190502,PRCP,0,,,a,
ASN00007124,20190503,PRCP,0,,,a,
ASN00007124,20190504,PRCP,0,,,a,
ASN00007124,20190505,PRCP,0,,,a,
ASN00007124,20190506,PRCP,0,,,a,
ASN00007124,20190507,PRCP,0,,,a,
ASN00007124,20190508,PRCP,0,,,a,
ASN00007124,20190509,PRCP,0,,,a,
ASN00007124,20190510,PRCP,0,,,a,
ASN00007124,20190511,PRCP,0,,,a,
ASN00007124,20190512,PRCP,0,,,a,
ASN00007124,20190513,PRCP,0,,,a,
ASN00007124,20190514,PRCP,0,,,a,
ASN00007124,20190515,PRCP,0,,,a,
ASN00007124,20190516,PRCP,0,,,a,
ASN00007124,20190517,PRCP,0,,,a,
ASN00007124,20190518,PRCP,0,,,a,
ASN00007124,20190519,PRCP,0,,,a,
ASN00007124,20190520,PRCP,0,,,a,
ASN00007124,20190521,PRCP,0,,,a,
ASN00007124,20190522,PRCP,0,,,a,
ASN00007124,20190523,PRCP,0,,,a,
ASN00007124,20190524,PRCP,0,,,a,
ASN00007124,20190525,PRCP,0,,,a,
ASN00007124,20190526,PRCP,0,,,a,
ASN00007124,20190527,PRCP,0,,,a,
ASN00007124,20190528,PRCP,0,,,a,
ASN00007124,20190529,PRCP,0,,,a,
ASN00007124,20190530,PRCP,0,,,a,
ASN00007124,20190531,PRCP,0,,,a,
ASN00007124,20190601,PRCP,44,,,a,
ASN00007124,20190602,PRCP,12,,,a,
ASN00007124,20190603,PRCP,0,,,a,
ASN00007124,20190604,PRCP,70,,,a,
ASN00007124,20190605,PRCP,0,,,a,
ASN00007124,20190606,PRCP,0,,,a,
ASN00007124,20190607,PRCP,0,,,a,
ASN00007124,20190608,PRCP,0,,,a,
ASN00007124,20190609,PRCP,0,,,a,
ASN00007124,20190610,PRCP,0,,,a,
ASN00007124,20190611,PRCP,0,,,a,
ASN00007124,20190612,PRCP,0,,,a,
ASN00007124,20190613,PRCP,0,,,a,
ASN00007124,20190614,PRCP,0,,,a,
ASN00007124,20190615,PRCP,0,,,a,
ASN00007124,20190616,PRCP,0,,,a,
ASN00007124,20190617,PRCP,0,,,a,
ASN00007124,20190618,PRCP,0,,,a,
ASN00007124,20190619,PRCP,0,,,a,
ASN00007124,20190620,PRCP,0,,,a,
ASN00007124,20190621,PRCP,0,,,a,
ASN00007124,20190622,PRCP,0,,,a,
ASN00007124,20190623,PRCP,0,,,a,
ASN00007124,20190624,PRCP,81,,,a,
ASN00007124,20190625,PRCP,0,,,a,
ASN00007124,20190626,PRCP,6,,,a,
ASN00007124,20190627,PRCP,26,,,a,
ASN00007124,20190628,PRCP,0,,,a,
ASN00007124,20190629,PRCP,0,,,a,
ASN00007124,20190630,PRCP,0,,,a,
ASN00007124,20190701,PRCP,0,,,a,
ASN00007124,20190702,PRCP,0,,,a,
ASN00007124,20190703,PRCP,0,,,a,
ASN00007124,20190704,PRCP,0,,,a,
ASN00007124,20190705,PRCP,110,,,a,
ASN00007124,20190706,PRCP,0,,,a,
ASN00007124,20190707,PRCP,0,,,a,
ASN00007124,20190708,PRCP,0,,,a,
ASN00007124,20190709,PRCP,0,,,a,
ASN00007124,20190710,PRCP,0,,,a,
ASN00007124,20190711,PRCP,0,,,a,
ASN00007124,20190712,PRCP,0,,,a,
ASN00007124,20190713,PRCP,0,,,a,
ASN00007124,20190714,PRCP,0,,,a,
ASN00007124,20190715,PRCP,0,,,a,
ASN00007124,20190716,PRCP,0,,,a,
ASN00007124,20190717,PRCP,0,,,a,
ASN00007124,20190718,PRCP,0,,,a,
ASN00007124,20190719,PRCP,4,,,a,
ASN00007124,20190720,PRCP,0,,,a,
ASN00007124,20190721,PRCP,0,,,a,
ASN00007124,20190722,PRCP,0,,,a,
ASN00007124,20190723,PRCP,0,,,a,
ASN00007124,20190724,PRCP,0,,,a,
ASN00007124,20190725,PRCP,0,,,a,
ASN00007124,20190726,PRCP,0,,,a,
ASN00007124,20190727,PRCP,0,,,a,
ASN00007124,20190728,PRCP,0,,,a,
ASN00007124,20190729,PRCP,0,,,a,
ASN00007124,20190730,PRCP,0,,,a,
ASN00007124,20190731,PRCP,0,,,a,
ASN00007124,20190801,PRCP,0,,,a,
ASN00007124,20190802,PRCP,0,,,a,
ASN00007124,20190803,PRCP,0,,,a,
ASN00007124,20190804,PRCP,0,,,a,
ASN00007124,20190805,PRCP,0,,,a,
ASN00007124,20190806,PRCP,0,,,a,
ASN00007124,20190807,PRCP,0,,,a,
ASN00007124,20190808,PRCP,0,,,a,
ASN00007124,20190809,PRCP,0,,,a,
ASN00007124,20190810,PRCP,0,,,a,
ASN00007124,20190811,PRCP,0,,,a,
ASN00007124,20190812,PRCP,0,,,a,
ASN00007124,20190813,PRCP,0,,,a,
ASN00007124,20190814,PRCP,0,,,a,
ASN00007124,20190815,PRCP,0,,,a,
ASN00007124,20190816,PRCP,0,,,a,
ASN00007124,20190817,PRCP,0,,,a,
ASN00007124,20190818,PRCP,0,,,a,
ASN00007124,20190819,PRCP,0,,,a,
ASN00007124,20190820,PRCP,0,,,a,
ASN00007124,20190821,PRCP,0,,,a,
ASN00007124,20190822,PRCP,0,,,a,
ASN00007124,20190823,PRCP,0,,,a,
ASN00007124,20190824,PRCP,0,,,a,
ASN00007124,20190825,PRCP,0,,,a,
ASN00007124,20190826,PRCP,0,,,a,
ASN00007124,20190827,PRCP,0,,,a,
ASN00007124,20190828,PRCP,0,,,a,
ASN00007124,20190829,PRCP,0,,,a,
ASN00007124,20190830,PRCP,3,,,a,
ASN00007124,20190831,PRCP,0,,,a,
ASN00007124,20190901,PRCP,0,,,a,
ASN00007124,20190902,PRCP,0,,,a,
ASN00007124,20190903,PRCP,0,,,a,
ASN00007124,20190904,PRCP,0,,,a,
ASN00007124,20190905,PRCP,0,,,a,
ASN00007124,20190906,PRCP,0,,,a,
ASN00007124,20190907,PRCP,0,,,a,
ASN00007124,20190908,PRCP,0,,,a,
ASN00007124,20190909,PRCP,0,,,a,
ASN00007124,20190910,PRCP,0,,,a,
ASN00007124,20190911,PRCP,0,,,a,
ASN00007124,20190912,PRCP,0,,,a,
ASN00007124,20190913,PRCP,0,,,a,
ASN00007124,20190914,PRCP,0,,,a,
ASN00007124,20190915,PRCP,0,,,a,
ASN00007124,20190916,PRCP,0,,,a,
ASN00007124,20190917,PRCP,0,,,a,
ASN00007124,20190918,PRCP,0,,,a,
ASN00007124,20190919,PRCP,0,,,a,
ASN00007124,20190920,PRCP,0,,,a,
ASN00007124,20190921,PRCP,0,,,a,
ASN00007124,20190922,PRCP,0,,,a,
ASN00007124,20190923,PRCP,0,,,a,
ASN00007124,20190924,PRCP,0,,,a,
ASN00007124,20190925,PRCP,0,,,a,
ASN00007124,20190926,PRCP,0,,,a,
ASN00007124,20190927,PRCP,0,,,a,
ASN00007124,20190928,PRCP,0,,,a,
ASN00007124,20190929,PRCP,0,,,a,
ASN00007124,20190930,PRCP,0,,,a,
ASN00007124,20191001,PRCP,0,,,a,
ASN00007124,20191002,PRCP,0,,,a,
ASN00007124,20191003,PRCP,0,,,a,
ASN00007124,20191004,PRCP,0,,,a,
ASN00007124,20191005,PRCP,0,,,a,
ASN00007124,20191006,PRCP,0,,,a,
ASN00007124,20191007,PRCP,0,,,a,
ASN00007124,20191008,PRCP,0,,,a,
ASN00007124,20191009,PRCP,0,,,a,
ASN00007124,20191010,PRCP,0,,,a,
ASN00007124,20191011,PRCP,0,,,a,
ASN00007124,20191012,PRCP,0,,,a,
ASN00007124,20191013,PRCP,0,,,a,
ASN00007124,20191014,PRCP,0,,,a,
ASN00007124,20191015,PRCP,0,,,a,
ASN00007124,20191016,PRCP,0,,,a,
ASN00007124,20191017,PRCP,0,,,a,
ASN00007124,20191018,PRCP,0,,,a,
ASN00007124,20191019,PRCP,0,,,a,
ASN00007124,20191020,PRCP,0,,,a,
ASN00007124,20191021,PRCP,0,,,a,
ASN00007124,20191022,PRCP,0,,,a,
ASN00007124,20191023,PRCP,0,,,a,
ASN00007124,20191024,PRCP,0,,,a,
ASN00007124,20191025,PRCP,0,,,a,
ASN00007124,20191026,PRCP,0,,,a,
ASN00007124,20191027,PRCP,0,,,a,
ASN00007124,20191028,PRCP,0,,,a,
ASN00007124,20191029,PRCP,0,,,a,
ASN00007124,20191030,PRCP,0,,,a,
ASN00007124,20191031,PRCP,0,,,a,
ASN00007124,20191101,PRCP,0,,,a,
ASN00007124,20191102,PRCP,0,,,a,
ASN00007124,20191103,PRCP,0,,,a,
ASN00007124,20191104,PRCP,0,,,a,
ASN00007124,20191105,PRCP,0,,,a,
ASN00007124,20191106,PRCP,0,,,a,
ASN00007124,20191107,PRCP,0,,,a,
ASN00007124,20191108,PRCP,0,,,a,
ASN00007124,20191109,PRCP,0,,,a,
ASN00007124,20191110,PRCP,0,,,a,
ASN00007124,20191111,PRCP,0,,,a,
ASN00007124,20191112,PRCP,0,,,a,
ASN00007124,20191113,PRCP,0,,,a,
ASN00007124,20191114,PRCP,0,,,a,
ASN00007124,20191115,PRCP,0,,,a,
ASN00007124,20191116,PRCP,0,,,a,
ASN00007124,20191117,PRCP,0,,,a,
ASN00007124,20191118,PRCP,0,,,a,
ASN00007124,20191119,PRCP,0,,,a,
ASN00007124,20191120,PRCP,0,,,a,
ASN00007124,20191121,PRCP,0,,,a,
ASN00007124,20191122,PRCP,0,,,a,
ASN00007124,20191123,PRCP,0,,,a,
ASN00007124,20191124,PRCP,0,,,a,
ASN00007124,20191125,PRCP,0,,,a,
ASN00007124,20191126,PRCP,0,,,a,
ASN00007124,20191127,PRCP,0,,,a,
ASN00007124,20191128,PRCP,0,,,a,
ASN00007124,20191129,PRCP,0,,,a,
ASN00007124,20191130,PRCP,0,,,a,
ASN00007124,20191201,PRCP,0,,,a,
ASN00007124,20191202,PRCP,0,,,a,
ASN00007124,20191203,PRCP,0,,,a,
ASN00007124,20191204,PRCP,0,,,a,
ASN00007124,20191205,PRCP,0,,,a,
ASN00007124,20191206,PRCP,0,,,a,
ASN00007124,20191207,PRCP,22,,,a,
ASN00007124,20191208,PRCP,0,,,a,
ASN00007124,20191209,PRCP,0,,,a,
ASN00007124,20191210,PRCP,0,,,a,
ASN00007124,20191211,PRCP,0,,,a,
ASN00007124,20191212,PRCP,0,,,a,
ASN00007124,20191213,PRCP,0,,,a,
ASN00007124,20191214,PRCP,8,,,a,
ASN00007124,20191215,PRCP,0,,,a,
ASN00007124,20191216,PRCP,0,,,a,
ASN00007124,20191217,PRCP,0,,,a,
ASN00007124,20191218,PRCP,0,,,a,
ASN00007124,20191219,PRCP,0,,,a,
ASN00007124,20191220,PRCP,0,,,a,
ASN00007124,20191221,PRCP,0,,,a,
ASN00007124,20191222,PRCP,40,,,a,
ASN00007124,20191223,PRCP,0,,,a,
ASN00007124,20191224,PRCP,8,,,a,
ASN00007124,20191225,PRCP,46,,,a,
ASN00007124,20191226,PRCP,0,,,a,
ASN00007124,20191227,PRCP,0,,,a,
ASN00007124,20191228,PRCP,0,,,a,
ASN00007124,20191229,PRCP,0,,,a,
ASN00007124,20191230,PRCP,0,,,a,
ASN00007124,20191231,PRCP,0,,,a,
ASN00007124,20200101,PRCP,0,,,a,
ASN00007124,20200102,PRCP,0,,,a,
ASN00007124,20200103,PRCP,0,,,a,
ASN00007124,20200104,PRCP,0,,,a,
ASN00007124,20200105,PRCP,0,,,a,
ASN00007124,20200106,PRCP,0,,,a,
ASN00007124,20200107,PRCP,0,,,a,
ASN00007124,20200108,PRCP,0,,,a,
ASN00007124,20200109,PRCP,0,,,a,
ASN00007124,20200110,PRCP,0,,,a,
ASN00007124,20200111,PRCP,0,,,a,
ASN00007124,20200112,PRCP,0,,,a,
ASN00007124,20200113,PRCP,0,,,a,
ASN00007124,20200114,PRCP,46,,,a,
ASN00007124,20200115,PRCP,0,,,a,
ASN00007124,20200116,PRCP,47,,,a,
ASN00007124,20200117,PRCP,0,,,a,
ASN00007124,20200118,PRCP,0,,,a,
ASN00007124,20200119,PRCP,0,,,a,
ASN00007124,20200120,PRCP,15,,,a,
ASN00007124,20200121,PRCP,0,,,a,
ASN00007124,20200122,PRCP,0,,,a,
ASN00007124,20200123,PRCP,0,,,a,
ASN00007124,20200124,PRCP,0,,,a,
ASN00007124,20200125,PRCP,0,,,a,
ASN00007124,20200126,PRCP,0,,,a,
ASN00007124,20200127,PRCP,0,,,a,
ASN00007124,20200128,PRCP,0,,,a,
ASN00007124,20200129,PRCP,0,,,a,
ASN00007124,20200130,PRCP,0,,,a,
ASN00007124,20200131,PRCP,0,,,a,
ASN00007124,20200201,PRCP,0,,,a,
ASN00007124,20200202,PRCP,0,,,a,
ASN00007124,20200203,PRCP,25,,,a,
ASN00007124,20200204,PRCP,0,,,a,
ASN00007124,20200205,PRCP,0,,,a,
ASN00007124,20200206,PRCP,0,,,a,
ASN00007124,20200207,PRCP,0,,,a,
ASN00007124,20200208,PRCP,0,,,a,
ASN00007124,20200209,PRCP,70,,,a,
ASN00007124,20200210,PRCP,0,,,a,
ASN00007124,20200211,PRCP,0,,,a,
ASN00007124,20200212,PRCP,0,,,a,
ASN00007124,20200213,PRCP,0,,,a,
ASN00007124,20200214,PRCP,0,,,a,
ASN00007124,20200215,PRCP,0,,,a,
ASN00007124,20200216,PRCP,0,,,a,
ASN00007124,20200217,PRCP,0,,,a,
ASN00007124,20200218,PRCP,12,,,a,
ASN00007124,20200219,PRCP,270,,,a,
ASN00007124,20200220,PRCP,14,,,a,
ASN00007124,20200221,PRCP,3,,,a,
ASN00007124,20200222,PRCP,0,,,a,
ASN00007124,20200223,PRCP,0,,,a,
ASN00007124,20200224,PRCP,0,,,a,
ASN00007124,20200225,PRCP,0,,,a,
ASN00007124,20200226,PRCP,0,,,a,
ASN00007124,20200227,PRCP,0,,,a,
ASN00007124,20200228,PRCP,0,,,a,
ASN00007124,20200229,PRCP,0,,,a,
ASN00007124,20200301,PRCP,0,,,a,
ASN00007124,20200302,PRCP,0,,,a,
ASN00007124,20200303,PRCP,0,,,a,
ASN00007124,20200304,PRCP,0,,,a,
ASN00007124,20200305,PRCP,0,,,a,
ASN00007124,20200306,PRCP,0,,,a,
ASN00007124,20200307,PRCP,0,,,a,
ASN00007124,20200308,PRCP,0,,,a,
ASN00007124,20200309,PRCP,0,,,a,
ASN00007124,20200310,PRCP,0,,,a,
ASN00007124,20200311,PRCP,0,,,a,
ASN00007124,20200312,PRCP,0,,,a,
ASN00007124,20200313,PRCP,0,,,a,
ASN00007124,20200314,PRCP,150,,,a,
ASN00007124,20200315,PRCP,0,,,a,
ASN00007124,20200316,PRCP,0,,,a,
ASN00007124,20200317,PRCP,0,,,a,
ASN00007124,20200318,PRCP,0,,,a,
ASN00007124,20200319,PRCP,0,,,a,
ASN00007124,20200320,PRCP,10,,,a,
ASN00007124,20200321,PRCP,8,,,a,
ASN00007124,20200322,PRCP,0,,,a,
ASN00007124,20200323,PRCP,0,,,a,
ASN00007124,20200324,PRCP,0,,,a,
ASN00007124,20200325,PRCP,23,,,a,
ASN00007124,20200326,PRCP,0,,,a,
ASN00007124,20200327,PRCP,0,,,a,
ASN00007124,20200328,PRCP,0,,,a,
ASN00007124,20200329,PRCP,0,,,a,
ASN00007124,20200330,PRCP,0,,,a,
ASN00007124,20200331,PRCP,0,,,a,
ASN00007124,20200401,PRCP,0,,,a,
ASN00007124,20200402,PRCP,0,,,a,
ASN00007124,20200403,PRCP,0,,,a,
ASN00007124,20200404,PRCP,0,,,a,
ASN00007124,20200405,PRCP,0,,,a,
ASN00007124,20200406,PRCP,0,,,a,
ASN00007124,20200407,PRCP,0,,,a,
ASN00007124,20200408,PRCP,0,,,a,
ASN00007124,20200409,PRCP,0,,,a,
ASN00007124,20200410,PRCP,0,,,a,
ASN00007124,20200411,PRCP,0,,,a,
ASN00007124,20200412,PRCP,0,,,a,
ASN00007124,20200413,PRCP,0,,,a,
ASN00007124,20200414,PRCP,0,,,a,
ASN00007124,20200415,PRCP,0,,,a,
ASN00007124,20200416,PRCP,0,,,a,
ASN00007124,20200417,PRCP,0,,,a,
ASN00007124,20200418,PRCP,5,,,a,
ASN00007124,20200419,PRCP,0,,,a,
ASN00007124,20200420,PRCP,0,,,a,
ASN00007124,20200421,PRCP,0,,,a,
ASN00007124,20200422,PRCP,0,,,a,
ASN00007124,20200423,PRCP,0,,,a,
ASN00007124,20200424,PRCP,0,,,a,
ASN00007124,20200425,PRCP,0,,,a,
ASN00007124,20200426,PRCP,0,,,a,
ASN00007124,20200427,PRCP,0,,,a,
ASN00007124,20200428,PRCP,0,,,a,
ASN00007124,20200429,PRCP,0,,,a,
ASN00007124,20200430,PRCP,0,,,a,
ASN00007124,20200501,PRCP,0,,,a,
ASN00007124,20200502,PRCP,0,,,a,
ASN00007124,20200503,PRCP,0,,,a,
ASN00007124,20200504,PRCP,0,,,a,
ASN00007124,20200505,PRCP,0,,,a,
ASN00007124,20200506,PRCP,0,,,a,
ASN00007124,20200507,PRCP,0,,,a,
ASN00007124,20200508,PRCP,0,,,a,
ASN00007124,20200509,PRCP,0,,,a,
ASN00007124,20200510,PRCP,0,,,a,
ASN00007124,20200511,PRCP,27,,,a,
ASN00007124,20200512,PRCP,0,,,a,
ASN00007124,20200513,PRCP,0,,,a,
ASN00007124,20200514,PRCP,0,,,a,
ASN00007124,20200515,PRCP,0,,,a,
ASN00007124,20200516,PRCP,0,,,a,
ASN00007124,20200517,PRCP,0,,,a,
ASN00007124,20200518,PRCP,0,,,a,
ASN00007124,20200519,PRCP,0,,,a,
ASN00007124,20200520,PRCP,0,,,a,
ASN00007124,20200521,PRCP,0,,,a,
ASN00007124,20200522,PRCP,0,,,a,
ASN00007124,20200523,PRCP,0,,,a,
ASN00007124,20200524,PRCP,0,,,a,
ASN00007124,20200525,PRCP,120,,,a,
ASN00007124,20200526,PRCP,0,,,a,
ASN00007124,20200527,PRCP,0,,,a,
ASN00007124,20200528,PRCP,0,,,a,
ASN00007124,20200529,PRCP,0,,,a,
ASN00007124,20200530,PRCP,0,,,a,
ASN00007124,20200531,PRCP,0,,,a,
ASN00007124,20200601,PRCP,0,,,a,
ASN00007124,20200602,PRCP,0,,,a,
ASN00007124,20200603,PRCP,0,,,a,
ASN00007124,20200604,PRCP,0,,,a,
ASN00007124,20200605,PRCP,0,,,a,
ASN00007124,20200606,PRCP,12,,,a,
ASN00007124,20200607,PRCP,0,,,a,
ASN00007124,20200608,PRCP,0,,,a,
ASN00007124,20200609,PRCP,0,,,a,
ASN00007124,20200610,PRCP,0,,,a,
ASN00007124,20200611,PRCP,0,,,a,
ASN00007124,20200612,PRCP,0,,,a,
ASN00007124,20200613,PRCP,6,,,a,
ASN00007124,20200614,PRCP,0,,,a,
ASN00007124,20200615,PRCP,0,,,a,
ASN00007124,20200616,PRCP,0,,,a,
ASN00007124,20200617,PRCP,0,,,a,
ASN00007124,20200618,PRCP,0,,,a,
ASN00007124,20200619,PRCP,0,,,a,
ASN00007124,20200620,PRCP,0,,,a,
ASN00007124,20200621,PRCP,0,,,a,
ASN00007124,20200622,PRCP,0,,,a,
ASN00007124,20200623,PRCP,0,,,a,
ASN00007124,20200624,PRCP,0,,,a,
ASN00007124,20200625,PRCP,0,,,a,
ASN00007124,20200626,PRCP,0,,,a,
ASN00007124,20200627,PRCP,16,,,a,
ASN00007124,20200628,PRCP,0,,,a,
ASN00007124,20200629,PRCP,0,,,a,
ASN00007124,20200630,PRCP,0,,,a,
ASN00007124,20200701,PRCP,0,,,a,
ASN00007124,20200702,PRCP,0,,,a,
ASN00007124,20200703,PRCP,0,,,a,
ASN00007124,20200704,PRCP,0,,,a,
ASN00007124,20200705,PRCP,0,,,a,
ASN00007124,20200706,PRCP,10,,,a,
ASN00007124,20200707,PRCP,0,,,a,
ASN00007124,20200708,PRCP,0,,,a,
ASN00007124,20200709,PRCP,0,,,a,
ASN00007124,20200710,PRCP,0,,,a,
ASN00007124,20200711,PRCP,0,,,a,
ASN00007124,20200712,PRCP,0,,,a,
ASN00007124,20200713,PRCP,0,,,a,
ASN00007124,20200714,PRCP,0,,,a,
ASN00007124,20200715,PRCP,0,,,a,
ASN00007124,20200716,PRCP,0,,,a,
ASN00007124,20200717,PRCP,24,,,a,
ASN00007124,20200718,PRCP,0,,,a,
ASN00007124,20200719,PRCP,0,,,a,
ASN00007124,20200720,PRCP,0,,,a,
ASN00007124,20200721,PRCP,0,,,a,
ASN00007124,20200722,PRCP,0,,,a,
ASN00007124,20200723,PRCP,0,,,a,
ASN00007124,20200724,PRCP,0,,,a,
ASN00007124,20200725,PRCP,0,,,a,
ASN00007124,20200726,PRCP,0,,,a,
ASN00007124,20200727,PRCP,0,,,a,
ASN00007124,20200728,PRCP,0,,,a,
ASN00007124,20200729,PRCP,0,,,a,
ASN00007124,20200730,PRCP,0,,,a,
ASN00007124,20200731,PRCP,0,,,a,
ASN00007124,20200801,PRCP,0,,,a,
ASN00007124,20200802,PRCP,0,,,a,
ASN00007124,20200803,PRCP,0,,,a,
ASN00007124,20200804,PRCP,0,,,a,
ASN00007124,20200805,PRCP,0,,,a,
ASN00007124,20200806,PRCP,0,,,a,
ASN00007124,20200807,PRCP,0,,,a,
ASN00007124,20200808,PRCP,0,,,a,
ASN00007124,20200809,PRCP,0,,,a,
ASN00007124,20200810,PRCP,0,,,a,
ASN00007124,20200811,PRCP,0,,,a,
ASN00007124,20200812,PRCP,0,,,a,
ASN00007124,20200813,PRCP,0,,,a,
ASN00007124,20200814,PRCP,0,,,a,
ASN00007124,20200815,PRCP,0,,,a,
ASN00007124,20200816,PRCP,0,,,a,
ASN00007124,20200817,PRCP,200,,,a,
ASN00007124,20200818,PRCP,0,,,a,
ASN00007124,20200819,PRCP,0,,,a,
ASN00007124,20200820,PRCP,0,,,a,
ASN00007124,20200821,PRCP,0,,,a,
ASN00007124,20200822,PRCP,0,,,a,
ASN00007124,20200823,PRCP,0,,,a,
ASN00007124,20200824,PRCP,0,,,a,
ASN00007124,20200825,PRCP,0,,,a,
ASN00007124,20200826,PRCP,0,,,a,
ASN00007124,20200827,PRCP,0,,,a,
ASN00007124,20200828,PRCP,0,,,a,
ASN00007124,20200829,PRCP,0,,,a,
ASN00007124,20200830,PRCP,0,,,a,
ASN00007124,20200831,PRCP,0,,,a,
ASN00007124,20200901,PRCP,0,,,a,
ASN00007124,20200902,PRCP,0,,,a,
ASN00007124,20200903,PRCP,0,,,a,
ASN00007124,20200904,PRCP,0,,,a,
ASN00007124,20200905,PRCP,0,,,a,
ASN00007124,20200906,PRCP,0,,,a,
ASN00007124,20200907,PRCP,0,,,a,
ASN00007124,20200908,PRCP,0,,,a,
ASN00007124,20200909,PRCP,0,,,a,
ASN00007124,20200910,PRCP,0,,,a,
ASN00007124,20200911,PRCP,0,,,a,
ASN00007124,20200912,PRCP,0,,,a,
ASN00007124,20200913,PRCP,0,,,a,
ASN00007124,20200914,PRCP,0,,,a,
ASN00007124,20200915,PRCP,0,,,a,
ASN00007124,20200916,PRCP,0,,,a,
ASN00007124,20200917,PRCP,0,,,a,
ASN00007124,20200918,PRCP,0,,,a,
ASN00007124,20200919,PRCP,0,,,a,
ASN00007124,20200920,PRCP,0,,,a,
ASN00007124,20200921,PRCP,0,,,a,
ASN00007124,20200922,PRCP,0,,,a,
ASN00007124,20200923,PRCP,0,,,a,
ASN00007124,20200924,PRCP,0,,,a,
ASN00007124,20200925,PRCP,0,,,a,
ASN00007124,20200926,PRCP,0,,,a,
ASN00007124,20200927,PRCP,0,,,a,
ASN00007124,20200928,PRCP,0,,,a,
ASN00007124,20200929,PRCP,0,,,a,
ASN00007124,20200930,PRCP,0,,,a,
ASN00007124,20201001,PRCP,0,,,a,
ASN00007124,20201002,PRCP,0,,,a,
ASN00007124,20201003,PRCP,0,,,a,
ASN00007124,20201004,PRCP,0,,,a,
ASN00007124,20201005,PRCP,0,,,a,
ASN00007124,20201006,PRCP,0,,,a,
ASN00007124,20201007,PRCP,0,,,a,
ASN00007124,20201008,PRCP,0,,,a,
ASN00007124,20201009,PRCP,0,,,a,
ASN00007124,20201010,PRCP,0,,,a,
ASN00007124,20201011,PRCP,0,,,a,
ASN00007124,20201012,PRCP,0,,,a,
ASN00007124,20201013,PRCP,0,,,a,
ASN00007124,20201014,PRCP,0,,,a,
ASN00007124,20201015,PRCP,0,,,a,
ASN00007124,20201016,PRCP,0,,,a,
ASN00007124,20201017,PRCP,0,,,a,
ASN00007124,20201018,PRCP,0,,,a,
ASN00007124,20201019,PRCP,0,,,a,
ASN00007124,20201020,PRCP,0,,,a,
ASN00007124,20201021,PRCP,0,,,a,
ASN00007124,20201022,PRCP,0,,,a,
ASN00007124,20201023,PRCP,0,,,a,
ASN00007124,20201024,PRCP,0,,,a,
ASN00007124,20201025,PRCP,0,,,a,
ASN00007124,20201026,PRCP,0,,,a,
ASN00007124,20201027,PRCP,0,,,a,
ASN00007124,20201028,PRCP,0,,,a,
ASN00007124,20201029,PRCP,0,,,a,
ASN00007124,20201030,PRCP,0,,,a,
ASN00007124,20201031,PRCP,0,,,a,
ASN00007124,20201101,PRCP,0,,,a,
ASN00007124,20201102,PRCP,0,,,a,
ASN00007124,20201103,PRCP,0,,,a,
ASN00007124,20201104,PRCP,0,,,a,
ASN00007124,20201105,PRCP,0,,,a,
ASN00007124,20201106,PRCP,0,,,a,
ASN00007124,20201107,PRCP,0,,,a,
ASN00007124,20201108,PRCP,0,,,a,
ASN00007124,20201109,PRCP,0,,,a,
ASN00007124,20201110,PRCP,0,,,a,
ASN00007124,20201111,PRCP,0,,,a,
ASN00007124,20201112,PRCP,0,,,a,
ASN00007124,20201113,PRCP,0,,,a,
ASN00007124,20201114,PRCP,0,,,a,
ASN00007124,20201115,PRCP,0,,,a,
ASN00007124,20201116,PRCP,0,,,a,
ASN00007124,20201117,PRCP,0,,,a,
ASN00007124,20201118,PRCP,0,,,a,
ASN00007124,20201119,PRCP,0,,,a,
ASN00007124,20201120,PRCP,0,,,a,
ASN00007124,20201121,PRCP,0,,,a,
ASN00007124,20201122,PRCP,0,,,a,
ASN00007124,20201123,PRCP,0,,,a,
ASN00007124,20201124,PRCP,0,,,a,
ASN00007124,20201125,PRCP,34,,,a,
ASN00007124,20201126,PRCP,0,,,a,
ASN00007124,20201127,PRCP,0,,,a,
ASN00007124,20201128,PRCP,0,,,a,
ASN00007124,20201129,PRCP,0,,,a,
ASN00007124,20201130,PRCP,0,,,a,
ASN00007124,20201201,PRCP,0,,,a,
ASN00007124,20201202,PRCP,0,,,a,
ASN00007124,20201203,PRCP,0,,,a,
ASN00007124,20201204,PRCP,0,,,a,
ASN00007124,20201205,PRCP,0,,,a,
ASN00007124,20201206,PRCP,0,,,a,
ASN00007124,20201207,PRCP,0,,,a,
ASN00007124,20201208,PRCP,77,,,a,
ASN00007124,20201209,PRCP,34,,,a,
ASN00007124,20201210,PRCP,0,,,a,
ASN00007124,20201211,PRCP,240,,,a,
ASN00007124,20201212,PRCP,0,,,a,
ASN00007124,20201213,PRCP,0,,,a,
ASN00007124,20201214,PRCP,0,,,a,
ASN00007124,20201215,PRCP,0,,,a,
ASN00007124,20201216,PRCP,0,,,a,
ASN00007124,20201217,PRCP,0,,,a,
ASN00007124,20201218,PRCP,0,,,a,
ASN00007124,20201219,PRCP,0,,,a,
ASN00007124,20201220,PRCP,0,,,a,
ASN00007124,20201221,PRCP,0,,,a,
ASN00007124,20201222,PRCP,0,,,a,
ASN00007124,20201223,PRCP,0,,,a,
ASN00007124,20201224,PRCP,0,,,a,
ASN00007124,20201225,PRCP,0,,,a,
ASN00007124,20201226,PRCP,0,,,a,
ASN00007124,20201227,PRCP,0,,,a,
ASN00007124,20201228,PRCP,0,,,a,
ASN00007124,20201229,PRCP,0,,,a,
ASN00007124,20201230,PRCP,260,,,a,
ASN00007124,20201231,PRCP,0,,,a,
ASN00007124,20210101,PRCP,0,,,a,
ASN00007124,20210102,PRCP,0,,,a,
ASN00007124,20210103,PRCP,0,,,a,
ASN00007124,20210104,PRCP,0,,,a,
ASN00007124,20210105,PRCP,0,,,a,
ASN00007124,20210106,PRCP,210,,,a,
ASN00007124,20210107,PRCP,0,,,a,
ASN00007124,20210108,PRCP,0,,,a,
ASN00007124,20210109,PRCP,0,,,a,
ASN00007124,20210110,PRCP,0,,,a,
ASN00007124,20210111,PRCP,0,,,a,
ASN00007124,20210112,PRCP,0,,,a,
ASN00007124,20210113,PRCP,0,,,a,
ASN00007124,20210114,PRCP,0,,,a,
ASN00007124,20210115,PRCP,0,,,a,
ASN00007124,20210116,PRCP,0,,,a,
ASN00007124,20210117,PRCP,124,,,a,
ASN00007124,20210118,PRCP,14,,,a,
ASN00007124,20210119,PRCP,8,,,a,
ASN00007124,20210120,PRCP,0,,,a,
ASN00007124,20210121,PRCP,0,,,a,
ASN00007124,20210122,PRCP,0,,,a,
ASN00007124,20210123,PRCP,0,,,a,
ASN00007124,20210124,PRCP,0,,,a,
ASN00007124,20210125,PRCP,0,,,a,
ASN00007124,20210126,PRCP,0,,,a,
ASN00007124,20210127,PRCP,0,,,a,
ASN00007124,20210128,PRCP,0,,,a,
ASN00007124,20210129,PRCP,0,,,a,
ASN00007124,20210130,PRCP,0,,,a,
ASN00007124,20210131,PRCP,0,,,a,
ASN00007124,20210201,PRCP,0,,,a,
ASN00007124,20210202,PRCP,38,,,a,
ASN00007124,20210203,PRCP,21,,,a,
ASN00007124,20210204,PRCP,515,,,a,
ASN00007124,20210205,PRCP,132,,,a,
ASN00007124,20210206,PRCP,10,,,a,
ASN00007124,20210207,PRCP,76,,,a,
ASN00007124,20210208,PRCP,0,,,a,
ASN00007124,20210209,PRCP,0,,,a,
ASN00007124,20210210,PRCP,0,,,a,
ASN00007124,20210211,PRCP,0,,,a,
ASN00007124,20210212,PRCP,0,,,a,
ASN00007124,20210213,PRCP,110,,,a,
ASN00007124,20210214,PRCP,0,,,a,
ASN00007124,20210215,PRCP,0,,,a,
ASN00007124,20210216,PRCP,0,,,a,
ASN00007124,20210217,PRCP,98,,,a,
ASN00007124,20210218,PRCP,110,,,a,
ASN00007124,20210219,PRCP,0,,,a,
ASN00007124,20210220,PRCP,0,,,a,
ASN00007124,20210221,PRCP,0,,,a,
ASN00007124,20210222,PRCP,0,,,a,
ASN00007124,20210223,PRCP,0,,,a,
ASN00007124,20210224,PRCP,0,,,a,
ASN00007124,20210225,PRCP,0,,,a,
ASN00007124,20210226,PRCP,0,,,a,
ASN00007124,20210227,PRCP,0,,,a,
ASN00007124,20210228,PRCP,0,,,a,
ASN00007124,20210301,PRCP,0,,,a,
ASN00007124,20210302,PRCP,0,,,a,
ASN00007124,20210303,PRCP,24,,,a,
ASN00007124,20210304,PRCP,0,,,a,
ASN00007124,20210305,PRCP,0,,,a,
ASN00007124,20210306,PRCP,0,,,a,
ASN00007124,20210307,PRCP,0,,,a,
ASN00007124,20210308,PRCP,0,,,a,
ASN00007124,20210309,PRCP,0,,,a,
ASN00007124,20210310,PRCP,0,,,a,
ASN00007124,20210311,PRCP,0,,,a,
ASN00007124,20210312,PRCP,0,,,a,
ASN00007124,20210313,PRCP,0,,,a,
ASN00007124,20210314,PRCP,0,,,a,
ASN00007124,20210315,PRCP,0,,,a,
ASN00007124,20210316,PRCP,0,,,a,
ASN00007124,20210317,PRCP,0,,,a,
ASN00007124,20210318,PRCP,0,,,a,
ASN00007124,20210319,PRCP,0,,,a,
ASN00007124,20210320,PRCP,0,,,a,
ASN00007124,20210321,PRCP,0,,,a,
ASN00007124,20210322,PRCP,0,,,a,
ASN00007124,20210323,PRCP,0,,,a,
ASN00007124,20210324,PRCP,0,,,a,
ASN00007124,20210325,PRCP,0,,,a,
ASN00007124,20210326,PRCP,0,,,a,
ASN00007124,20210327,PRCP,0,,,a,
ASN00007124,20210328,PRCP,0,,,a,
ASN00007124,20210329,PRCP,0,,,a,
ASN00007124,20210330,PRCP,0,,,a,
ASN00007124,20210331,PRCP,0,,,a,
ASN00007124,20210401,PRCP,0,,,a,
ASN00007124,20210402,PRCP,0,,,a,
ASN00007124,20210403,PRCP,0,,,a,
ASN00007124,20210404,PRCP,0,,,a,
ASN00007124,20210405,PRCP,0,,,a,
ASN00007124,20210406,PRCP,0,,,a,
ASN00007124,20210407,PRCP,0,,,a,
ASN00007124,20210408,PRCP,0,,,a,
ASN00007124,20210409,PRCP,0,,,a,
ASN00007124,20210410,PRCP,0,,,a,
ASN00007124,20210411,PRCP,22,,,a,
ASN00007124,20210412,PRCP,28,,,a,
ASN00007124,20210413,PRCP,0,,,a,
ASN00007124,20210414,PRCP,0,,,a,
ASN00007124,20210415,PRCP,0,,,a,
ASN00007124,20210416,PRCP,0,,,a,
ASN00007124,20210417,PRCP,0,,,a,
ASN00007124,20210418,PRCP,0,,,a,
ASN00007124,20210419,PRCP,0,,,a,
ASN00007124,20210420,PRCP,0,,,a,
ASN00007124,20210421,PRCP,0,,,a,
ASN00007124,20210422,PRCP,0,,,a,
ASN00007124,20210423,PRCP,0,,,a,
ASN00007124,20210424,PRCP,0,,,a,
ASN00007124,20210425,PRCP,0,,,a,
ASN00007124,20210426,PRCP,0,,,a,
ASN00007124,20210427,PRCP,0,,,a,
ASN00007124,20210428,PRCP,0,,,a,
ASN00007124,20210429,PRCP,0,,,a,
ASN00007124,20210430,PRCP,0,,,a,
ASN00007124,20210501,PRCP,0,,,a,
ASN00007124,20210502,PRCP,0,,,a,
ASN00007124,20210503,PRCP,0,,,a,
ASN00007124,20210504,PRCP,240,,,a,
ASN00007124,20210505,PRCP,250,,,a,
ASN00007124,20210506,PRCP,0,,,a,
ASN00007124,20210507,PRCP,0,,,a,
ASN00007124,20210508,PRCP,0,,,a,
ASN00007124,20210509,PRCP,0,,,a,
ASN00007124,20210510,PRCP,0,,,a,
ASN00007124,20210511,PRCP,0,,,a,
ASN00007124,20210512,PRCP,0,,,a,
ASN00007124,20210513,PRCP,0,,,a,
ASN00007124,20210514,PRCP,0,,,a,
ASN00007124,20210515,PRCP,0,,,a,
ASN00007124,20210516,PRCP,0,,,a,
ASN00007124,20210517,PRCP,0,,,a,
ASN00007124,20210518,PRCP,0,,,a,
ASN00007124,20210519,PRCP,0,,,a,
ASN00007124,20210520,PRCP,0,,,a,
ASN00007124,20210521,PRCP,0,,,a,
ASN00007124,20210522,PRCP,0,,,a,
ASN00007124,20210523,PRCP,0,,,a,
ASN00007124,20210524,PRCP,12,,,a,
ASN00007124,20210525,PRCP,0,,,a,
ASN00007124,20210526,PRCP,0,,,a,
ASN00007124,20210527,PRCP,0,,,a,
ASN00007124,20210528,PRCP,0,,,a,
ASN00007124,20210529,PRCP,130,,,a,
ASN00007124,20210530,PRCP,610,,,a,
ASN00007124,20210531,PRCP,0,,,a,
ASN00007124,20210601,PRCP,0,,,a,
ASN00007124,20210602,PRCP,0,,,a,
ASN00007124,20210603,PRCP,0,,,a,
ASN00007124,20210604,PRCP,0,,,a,
ASN00007124,20210605,PRCP,0,,,a,
ASN00007124,20210606,PRCP,0,,,a,
ASN00007124,20210607,PRCP,0,,,a,
ASN00007124,20210608,PRCP,0,,,a,
ASN00007124,20210609,PRCP,126,,,a,
ASN00007124,20210610,PRCP,42,,,a,
ASN00007124,20210611,PRCP,5,,,a,
ASN00007124,20210612,PRCP,0,,,a,
ASN00007124,20210613,PRCP,0,,,a,
ASN00007124,20210614,PRCP,0,,,a,
ASN00007124,20210615,PRCP,0,,,a,
ASN00007124,20210616,PRCP,0,,,a,
ASN00007124,20210617,PRCP,0,,,a,
ASN00007124,20210618,PRCP,0,,,a,
ASN00007124,20210619,PRCP,0,,,a,
ASN00007124,20210620,PRCP,0,,,a,
ASN00007124,20210621,PRCP,0,,,a,
ASN00007124,20210622,PRCP,0,,,a,
ASN00007124,20210623,PRCP,0,,,a,
ASN00007124,20210624,PRCP,0,,,a,
ASN00007124,20210625,PRCP,0,,,a,
ASN00007124,20210626,PRCP,0,,,a,
ASN00007124,20210627,PRCP,0,,,a,
ASN00007124,20210628,PRCP,0,,,a,
ASN00007124,20210629,PRCP,0,,,a,
ASN00007124,20210630,PRCP,0,,,a,
ASN00007124,20210701,PRCP,0,,,a,
ASN00007124,20210702,PRCP,0,,,a,
ASN00007124,20210703,PRCP,0,,,a,
ASN00007124,20210704,PRCP,0,,,a,
ASN00007124,20210705,PRCP,0,,,a,
ASN00007124,20210706,PRCP,0,,,a,
ASN00007124,20210707,PRCP,0,,,a,
ASN00007124,20210708,PRCP,0,,,a,
ASN00007124,20210709,PRCP,0,,,a,
ASN00007124,20210710,PRCP,0,,,a,
ASN00007124,20210711,PRCP,0,,,a,
ASN00007124,20210712,PRCP,0,,,a,
ASN00007124,20210713,PRCP,182,,,a,
ASN00007124,20210714,PRCP,0,,,a,
ASN00007124,20210715,PRCP,0,,,a,
ASN00007124,20210716,PRCP,0,,,a,
ASN00007124,20210717,PRCP,0,,,a,
ASN00007124,20210718,PRCP,0,,,a,
ASN00007124,20210719,PRCP,18,,,a,
ASN00007124,20210720,PRCP,0,,,a,
ASN00007124,20210721,PRCP,0,,,a,
ASN00007124,20210722,PRCP,0,,,a,
ASN00007124,20210723,PRCP,0,,,a,
ASN00007124,20210724,PRCP,0,,,a,
ASN00007124,20210725,PRCP,0,,,a,
ASN00007124,20210726,PRCP,10,,,a,
ASN00007124,20210727,PRCP,5,,,a,
ASN00007124,20210728,PRCP,0,,,a,
ASN00007124,20210729,PRCP,0,,,a,
ASN00007124,20210730,PRCP,44,,,a,
ASN00007124,20210731,PRCP,40,,,a,
ASN00007124,20210801,PRCP,0,,,a,
ASN00007124,20210802,PRCP,0,,,a,
ASN00007124,20210803,PRCP,0,,,a,
ASN00007124,20210804,PRCP,0,,,a,
ASN00007124,20210805,PRCP,0,,,a,
ASN00007124,20210806,PRCP,0,,,a,
ASN00007124,20210807,PRCP,0,,,a,
ASN00007124,20210808,PRCP,0,,,a,
ASN00007124,20210809,PRCP,90,,,a,
ASN00007124,20210810,PRCP,4,,,a,
ASN00007124,20210811,PRCP,2,,,a,
ASN00007124,20210812,PRCP,0,,,a,
ASN00007124,20210813,PRCP,0,,,a,
ASN00007124,20210814,PRCP,0,,,a,
ASN00007124,20210815,PRCP,0,,,a,
ASN00007124,20210816,PRCP,18,,,a,
ASN00007124,20210817,PRCP,4,,,a,
ASN00007124,20210818,PRCP,0,,,a,
ASN00007124,20210819,PRCP,0,,,a,
ASN00007124,20210820,PRCP,0,,,a,
ASN00007124,20210821,PRCP,0,,,a,
ASN00007124,20210822,PRCP,0,,,a,
ASN00007124,20210823,PRCP,0,,,a,
ASN00007124,20210824,PRCP,0,,,a,
ASN00007124,20210825,PRCP,0,,,a,
ASN00007124,20210826,PRCP,0,,,a,
ASN00007124,20210827,PRCP,0,,,a,
ASN00007124,20210828,PRCP,0,,,a,
ASN00007124,20210829,PRCP,0,,,a,
ASN00007124,20210830,PRCP,0,,,a,
ASN00007124,20210831,PRCP,0,,,a,
ASN00007124,20210901,PRCP,0,,,a,
ASN00007124,20210902,PRCP,0,,,a,
ASN00007124,20210903,PRCP,0,,,a,
ASN00007124,20210904,PRCP,0,,,a,
ASN00007124,20210905,PRCP,0,,,a,
ASN00007124,20210906,PRCP,0,,,a,
ASN00007124,20210907,PRCP,0,,,a,
ASN00007124,20210908,PRCP,0,,,a,
ASN00007124,20210909,PRCP,0,,,a,
ASN00007124,20210910,PRCP,0,,,a,
ASN00007124,20210911,PRCP,0,,,a,
ASN00007124,20210912,PRCP,0,,,a,
ASN00007124,20210913,PRCP,0,,,a,
ASN00007124,20210914,PRCP,0,,,a,
ASN00007124,20210915,PRCP,0,,,a,
ASN00007124,20210916,PRCP,0,,,a,
ASN00007124,20210917,PRCP,0,,,a,
ASN00007124,20210918,PRCP,0,,,a,
ASN00007124,20210919,PRCP,0,,,a,
ASN00007124,20210920,PRCP,0,,,a,
ASN00007124,20210921,PRCP,0,,,a,
ASN00007124,20210922,PRCP,0,,,a,
ASN00007124,20210923,PRCP,0,,,a,
ASN00007124,20210924,PRCP,0,,,a,
ASN00007124,20210925,PRCP,0,,,a,
ASN00007124,20210926,PRCP,0,,,a,
ASN00007124,20210927,PRCP,0,,,a,
ASN00007124,20210928,PRCP,0,,,a,
ASN00007124,20210929,PRCP,0,,,a,
ASN00007124,20210930,PRCP,0,,,a,
ASN00007124,20211001,PRCP,0,,,a,
ASN00007124,20211002,PRCP,52,,,a,
ASN00007124,20211003,PRCP,0,,,a,
ASN00007124,20211004,PRCP,0,,,a,
ASN00007124,20211005,PRCP,0,,,a,
ASN00007124,20211006,PRCP,0,,,a,
ASN00007124,20211007,PRCP,0,,,a,
ASN00007124,20211008,PRCP,0,,,a,
ASN00007124,20211009,PRCP,0,,,a,
ASN00007124,20211010,PRCP,0,,,a,
ASN00007124,20211011,PRCP,0,,,a,
ASN00007124,20211012,PRCP,0,,,a,
ASN00007124,20211013,PRCP,0,,,a,
ASN00007124,20211014,PRCP,0,,,a,
ASN00007124,20211015,PRCP,0,,,a,
ASN00007124,20211016,PRCP,0,,,a,
ASN00007124,20211017,PRCP,0,,,a,
ASN00007124,20211018,PRCP,0,,,a,
ASN00007124,20211019,PRCP,0,,,a,
ASN00007124,20211020,PRCP,70,,,a,
ASN00007124,20211021,PRCP,0,,,a,
ASN00007124,20211022,PRCP,0,,,a,
ASN00007124,20211023,PRCP,0,,,a,
ASN00007124,20211024,PRCP,0,,,a,
ASN00007124,20211025,PRCP,0,,,a,
ASN00007124,20211026,PRCP,0,,,a,
ASN00007124,20211027,PRCP,0,,,a,
ASN00007124,20211028,PRCP,0,,,a,
ASN00007124,20211029,PRCP,0,,,a,
ASN00007124,20211030,PRCP,0,,,a,
ASN00007124,20211031,PRCP,0,,,a,
ASN00007124,20211101,PRCP,0,,,a,
ASN00007124,20211102,PRCP,0,,,a,
ASN00007124,20211103,PRCP,0,,,a,
ASN00007124,20211104,PRCP,0,,,a,
ASN00007124,20211105,PRCP,0,,,a,
ASN00007124,20211106,PRCP,0,,,a,
ASN00007124,20211107,PRCP,0,,,a,
ASN00007124,20211108,PRCP,0,,,a,
ASN00007124,20211109,PRCP,0,,,a,
ASN00007124,20211110,PRCP,0,,,a,
ASN00007124,20211111,PRCP,0,,,a,
ASN00007124,20211112,PRCP,0,,,a,
ASN00007124,20211113,PRCP,0,,,a,
ASN00007124,20211114,PRCP,0,,,a,
ASN00007124,20211115,PRCP,0,,,a,
ASN00007124,20211116,PRCP,0,,,a,
ASN00007124,20211117,PRCP,0,,,a,
ASN00007124,20211118,PRCP,0,,,a,
ASN00007124,20211119,PRCP,0,,,a,
ASN00007124,20211120,PRCP,0,,,a,
ASN00007124,20211121,PRCP,0,,,a,
ASN00007124,20211122,PRCP,52,,,a,
ASN00007124,20211123,PRCP,0,,,a,
ASN00007124,20211124,PRCP,0,,,a,
ASN00007124,20211125,PRCP,0,,,a,
ASN00007124,20211126,PRCP,0,,,a,
ASN00007124,20211127,PRCP,0,,,a,
ASN00007124,20211128,PRCP,0,,,a,
ASN00007124,20211129,PRCP,0,,,a,
ASN00007124,20211130,PRCP,0,,,a,
ASN00007124,20211201,PRCP,0,,,a,
ASN00007124,20211202,PRCP,0,,,a,
ASN00007124,20211203,PRCP,0,,,a,
ASN00007124,20211204,PRCP,0,,,a,
ASN00007124,20211205,PRCP,0,,,a,
ASN00007124,20211206,PRCP,0,,,a,
ASN00007124,20211207,PRCP,0,,,a,
ASN00007124,20211208,PRCP,0,,,a,
ASN00007124,20211209,PRCP,0,,,a,
ASN00007124,20211210,PRCP,0,,,a,
ASN00007124,20211211,PRCP,0,,,a,
ASN00007124,20211212,PRCP,0,,,a,
ASN00007124,20211213,PRCP,0,,,a,
ASN00007124,20211214,PRCP,0,,,a,
ASN00007124,20211215,PRCP,0,,,a,
ASN00007124,20211216,PRCP,0,,,a,
ASN00007124,20211217,PRCP,0,,,a,
ASN00007124,20211218,PRCP,0,,,a,
ASN00007124,20211219,PRCP,0,,,a,
ASN00007124,20211220,PRCP,0,,,a,
ASN00007124,20211221,PRCP,0,,,a,
ASN00007124,20211222,PRCP,0,,,a,
ASN00007124,20211223,PRCP,0,,,a,
ASN00007124,20211224,PRCP,0,,,a,
ASN00007124,20211225,PRCP,0,,,a,
ASN00007124,20211226,PRCP,8,,,a,
ASN00007124,20211227,PRCP,0,,,a,
ASN00007124,20211228,PRCP,0,,,a,
ASN00007124,20211229,PRCP,0,,,a,
ASN00007124,20211230,PRCP,0,,,a,
ASN00007124,20211231,PRCP,0,,,a,
ASN00007124,20220101,PRCP,0,,,a,
ASN00007124,20220102,PRCP,0,,,a,
ASN00007124,20220103,PRCP,0,,,a,
ASN00007124,20220104,PRCP,0,,,a,
ASN00007124,20220105,PRCP,0,,,a,
ASN00007124,20220106,PRCP,20,,,a,
ASN00007124,20220107,PRCP,0,,,a,
ASN00007124,20220108,PRCP,0,,,a,
ASN00007124,20220109,PRCP,0,,,a,
ASN00007124,20220110,PRCP,0,,,a,
ASN00007124,20220111,PRCP,0,,,a,
ASN00007124,20220112,PRCP,0,,,a,
ASN00007124,20220113,PRCP,0,,,a,
ASN00007124,20220114,PRCP,0,,,a,
ASN00007124,20220115,PRCP,0,,,a,
ASN00007124,20220116,PRCP,0,,,a,
ASN00007124,20220117,PRCP,0,,,a,
ASN00007124,20220118,PRCP,0,,,a,
ASN00007124,20220119,PRCP,0,,,a,
ASN00007124,20220120,PRCP,0,,,a,
ASN00007124,20220121,PRCP,0,,,a,
ASN00007124,20220122,PRCP,0,,,a,
ASN00007124,20220123,PRCP,0,,,a,
ASN00007124,20220124,PRCP,0,,,a,
ASN00007124,20220125,PRCP,0,,,a,
ASN00007124,20220126,PRCP,0,,,a,
ASN00007124,20220127,PRCP,0,,,a,
ASN00007124,20220128,PRCP,0,,,a,
ASN00007124,20220129,PRCP,0,,,a,
ASN00007124,20220130,PRCP,0,,,a,
ASN00007124,20220131,PRCP,0,,,a,
ASN00007124,20220201,PRCP,0,,,a,
ASN00007124,20220202,PRCP,0,,,a,
ASN00007124,20220203,PRCP,0,,,a,
ASN00007124,20220204,PRCP,0,,,a,
ASN00007124,20220205,PRCP,0,,,a,
ASN00007124,20220206,PRCP,0,,,a,
ASN00007124,20220207,PRCP,0,,,a,
ASN00007124,20220208,PRCP,0,,,a,
ASN00007124,20220209,PRCP,0,,,a,
ASN00007124,20220210,PRCP,0,,,a,
ASN00007124,20220211,PRCP,270,,,a,
ASN00007124,20220212,PRCP,22,,,a,
ASN00007124,20220213,PRCP,20,,,a,
ASN00007124,20220214,PRCP,20,,,a,
ASN00007124,20220215,PRCP,8,,,a,
ASN00007124,20220216,PRCP,0,,,a,
ASN00007124,20220217,PRCP,0,,,a,
ASN00007124,20220218,PRCP,0,,,a,
ASN00007124,20220219,PRCP,0,,,a,
ASN00007124,20220220,PRCP,0,,,a,
ASN00007124,20220221,PRCP,0,,,a,
ASN00007124,20220222,PRCP,0,,,a,
ASN00007124,20220223,PRCP,0,,,a,
ASN00007124,20220224,PRCP,0,,,a,
ASN00007124,20220225,PRCP,0,,,a,
ASN00007124,20220226,PRCP,0,,,a,
ASN00007124,20220227,PRCP,0,,,a,
ASN00007124,20220228,PRCP,0,,,a,
ASN00007124,20220301,PRCP,0,,,a,
ASN00007124,20220302,PRCP,0,,,a,
ASN00007124,20220303,PRCP,0,,,a,
ASN00007124,20220304,PRCP,0,,,a,
ASN00007124,20220305,PRCP,0,,,a,
ASN00007124,20220306,PRCP,0,,,a,
ASN00007124,20220307,PRCP,0,,,a,
ASN00007124,20220308,PRCP,0,,,a,
ASN00007124,20220309,PRCP,0,,,a,
ASN00007124,20220310,PRCP,0,,,a,
ASN00007124,20220311,PRCP,6,,,a,
ASN00007124,20220312,PRCP,0,,,a,
ASN00007124,20220313,PRCP,0,,,a,
ASN00007124,20220314,PRCP,0,,,a,
ASN00007124,20220315,PRCP,0,,,a,
ASN00007124,20220316,PRCP,0,,,a,
ASN00007124,20220317,PRCP,0,,,a,
ASN00007124,20220318,PRCP,0,,,a,
ASN00007124,20220319,PRCP,0,,,a,
ASN00007124,20220320,PRCP,0,,,a,
ASN00007124,20220321,PRCP,0,,,a,
ASN00007124,20220322,PRCP,0,,,a,
ASN00007124,20220323,PRCP,0,,,a,
ASN00007124,20220324,PRCP,4,,,a,
ASN00007124,20220325,PRCP,0,,,a,
ASN00007124,20220326,PRCP,0,,,a,
ASN00007124,20220327,PRCP,78,,,a,
ASN00007124,20220328,PRCP,0,,,a,
ASN00007124,20220329,PRCP,50,,,a,
ASN00007124,20220330,PRCP,15,,,a,
ASN00007124,20220331,PRCP,146,,,a,
